"","year","month","avg_rating","no_ratings","avg_rating_owned","avg_rating_not_owned","avg_rating_prev_owned","avg_rating_comment","avg_rating_no_comment","no_ratings_owned","no_ratings_not_owned","no_ratings_prev_owned","no_ratings_comment","no_ratings_no_comment","cum_no_ratings","cum_no_ratings_owned","cum_no_ratings_not_owned","cum_no_ratings_prev_owned","cum_no_ratings_comment","cum_no_ratings_no_comment","cum_avg_rating","cum_avg_rating_owned","cum_avg_rating_not_owned","cum_avg_rating_prev_owned","cum_avg_rating_comment","cum_avg_rating_no_comment","month_after_release"
"1",2011,6,7.5,2,NA,7.5,7.5,7.5,NA,0,2,2,2,0,2,0,2,2,2,0,7.5,NA,7.5,7.5,7.5,NA,-4
"2",2011,7,7.5,1,NA,7.5,7.5,NA,7.5,0,1,1,0,1,3,0,3,3,2,1,7.5,NA,7.5,7.5,7.5,7.5,-3
"3",2011,8,8.5,2,8.5,NA,NA,NA,8.5,2,0,0,0,2,5,2,3,3,2,3,7.9,8.5,7.5,7.5,7.5,8.16666666666667,-2
"4",2011,9,7.5,1,7.5,NA,NA,NA,7.5,1,0,0,0,1,6,3,3,3,2,4,7.83333333333333,8.16666666666667,7.5,7.5,7.5,8,-1
"5",2011,10,7.515625,32,7.98947368421053,6.82307692307692,7,7.17,7.67272727272727,19,13,2,10,22,38,22,16,5,12,26,7.56578947368421,8.01363636363636,6.95,7.3,7.225,7.72307692307692,0
"6",2011,11,7.29883720930233,86,7.80108695652174,6.72125,7.18,7.34864864864865,7.26122448979592,46,40,10,37,49,124,68,56,15,49,75,7.38064516129032,7.86985294117647,6.78660714285714,7.22,7.31836734693877,7.42133333333333,1
"7",2011,12,7.58349056603774,106,8.15491803278688,6.80888888888889,7.28571428571429,7.38333333333333,7.7,61,45,7,39,67,230,129,101,22,88,142,7.47413043478261,8.0046511627907,6.79653465346535,7.24090909090909,7.34715909090909,7.55281690140845,2
"8",2012,1,7.52892857142857,140,8.008,6.97615384615385,7.124,7.25238095238095,7.64744897959184,75,65,25,42,98,370,204,166,47,130,240,7.49486486486487,8.00588235294118,6.86686746987952,7.17872340425532,7.31653846153846,7.59145833333333,3
"9",2012,2,7.44778761061947,113,7.84189189189189,6.7,6.95333333333333,7.34705882352941,7.49113924050633,74,39,15,34,79,483,278,205,62,164,319,7.48385093167702,7.96223021582734,6.83512195121951,7.1241935483871,7.32286585365854,7.5666144200627,4
"10",2012,3,7.35694444444444,108,7.76851851851852,6.94537037037037,7.21052631578947,7.22826086956522,7.39176470588235,54,54,19,23,85,591,332,259,81,187,404,7.46065989847716,7.93072289156626,6.85810810810811,7.14444444444444,7.31122994652406,7.52982673267327,5
"11",2012,4,7.31555555555556,90,7.74347826086957,6.86818181818182,7.27941176470588,6.94166666666667,7.40902777777778,46,44,17,18,72,681,378,303,98,205,476,7.44148311306902,7.90793650793651,6.85957095709571,7.16785714285714,7.27878048780488,7.51155462184874,6
"12",2012,5,7.4801724137931,116,7.95384615384615,6.87647058823529,7.25,7.31875,7.54166666666667,65,51,18,32,84,797,443,354,116,237,560,7.44711417816813,7.91467268623025,6.86200564971751,7.18060344827586,7.28417721518987,7.51607142857143,7
"13",2012,6,7.39536082474227,97,7.87377049180328,6.58472222222222,6.77777777777778,7.504,7.35763888888889,61,36,9,25,72,894,504,390,125,262,632,7.44149888143177,7.90972222222222,6.83641025641026,7.1516,7.30515267175573,7.49802215189873,8
"14",2012,7,7.36546428571429,112,8.06777419354839,6.4946,6.84615384615385,7.41153846153846,7.35153488372093,62,50,13,26,86,1006,566,440,138,288,718,7.4330337972167,7.92703533568905,6.79756818181818,7.12282608695652,7.31475694444444,7.48047632311978,9
"15",2012,8,7.5746835443038,79,7.90566037735849,6.9,6.8125,7.27777777777778,7.66229508196721,53,26,8,18,61,1085,619,466,146,306,779,7.44334746543779,7.92520516962843,6.80328326180257,7.10582191780822,7.31258169934641,7.49471373555841,10
"16",2012,9,7.22763157894737,76,7.77608695652174,6.38666666666667,6.42857142857143,7.02272727272727,7.31111111111111,46,30,7,22,54,1161,665,496,153,328,833,7.42922652885443,7.91489022556391,6.77808467741935,7.07483660130719,7.29314024390244,7.48281152460984,11
"17",2012,10,7.46635220125786,159,7.85679611650485,6.74821428571429,7.23333333333333,7.70348837209302,7.37844827586207,103,56,15,43,116,1320,768,552,168,371,949,7.43369848484848,7.90709895833333,6.77505434782609,7.0889880952381,7.34070080862534,7.47005479452055,12
"18",2012,11,7.42375,128,7.97960526315789,6.61134615384615,6.59266666666667,7.28111111111111,7.46188118811881,76,52,15,27,101,1448,844,604,183,398,1050,7.43281906077348,7.91362796208531,6.76096026490066,7.04830601092896,7.33665829145729,7.46926857142857,13
"19",2012,12,7.56339622641509,159,7.9071568627451,6.94824561403509,6.86363636363636,7.38125,7.60929133858268,102,57,22,32,127,1607,946,661,205,430,1177,7.44573864343497,7.91293023255814,6.7771104387292,7.02848780487805,7.33997674418605,7.48437723024639,14
"20",2013,1,7.48125,216,7.78169014084507,6.90472972972973,6.79310344827586,7.26375,7.53068181818182,142,74,29,40,176,1823,1088,735,234,470,1353,7.44994624245749,7.89580147058823,6.78995918367347,6.99931623931624,7.33348936170213,7.49040059127864,15
"21",2013,2,7.4992700729927,137,7.85119047619048,6.94150943396226,7.6,7.38461538461539,7.52612612612613,84,53,10,26,111,1960,1172,788,244,496,1464,7.45339387755102,7.89260409556314,6.80015228426396,7.02393442622951,7.33616935483871,7.49310928961749,16
"22",2013,3,7.34176136363636,176,7.69660194174757,6.84109589041096,6.59130434782609,7.25333333333333,7.35993150684931,103,73,23,30,146,2136,1275,861,267,526,1610,7.44419569288389,7.87677019607843,6.80362369337979,6.98666666666667,7.33144486692015,7.48103229813664,17
"23",2013,4,7.42012987012987,154,7.80217391304348,6.85322580645161,6.87631578947368,7.38571428571429,7.43025210084034,92,62,19,35,119,2290,1367,923,286,561,1729,7.44257729257642,7.87174981711778,6.80695557963163,6.97933566433566,7.33483065953654,7.47753730480046,18
"24",2013,5,7.17712418300654,153,7.72294117647059,6.49485294117647,6.91666666666667,7.1078125,7.19545454545455,85,68,18,32,121,2443,1452,991,304,593,1850,7.42595251739664,7.86303856749311,6.78553985872856,6.975625,7.32258010118044,7.45908756756757,19
"25",2013,6,7.36438848920863,139,7.75967741935484,6.56521739130435,6.75,7.29615384615385,7.38008849557522,93,46,12,26,113,2582,1545,1037,316,619,1963,7.42263826491092,7.85681682847896,6.77576663452266,6.96705696202532,7.32147011308562,7.45453998981151,20
"26",2013,7,7.319375,160,7.74666666666667,6.77,7.22222222222222,7.16428571428571,7.3628,90,70,18,35,125,2742,1635,1107,334,654,2088,7.41661269146608,7.85075351681957,6.7754019873532,6.98080838323353,7.31305810397553,7.44904789272031,21
"27",2013,8,7.46206896551724,145,7.72451923076923,6.79634146341463,6.90333333333333,7.2804347826087,7.49631147540984,104,41,15,23,122,2887,1739,1148,349,677,2210,7.41889573952199,7.84320414031052,6.77614982578397,6.97747851002865,7.31194977843427,7.45165701357466,22
"28",2013,9,7.28235294117647,153,7.81379310344828,6.58181818181818,6.67857142857143,7.43870967741935,7.24262295081967,87,66,28,31,122,3040,1826,1214,377,708,2332,7.41202368421053,7.84180284775465,6.76558484349258,6.95527851458886,7.3175,7.44072126929674,23
"29",2013,10,7.24746835443038,158,7.58210526315789,6.74285714285714,6.97368421052632,7.321875,7.22857142857143,95,63,19,32,126,3198,1921,1277,396,740,2458,7.40389368355222,7.82895991671005,6.76446358653093,6.95616161616162,7.31768918918919,7.42984621643613,24
"30",2013,11,7.20796178343949,157,7.64539473684211,6.79753086419753,6.92333333333333,6.96285714285714,7.27827868852459,76,81,30,35,122,3355,1997,1358,426,775,2580,7.39472488822653,7.82197396094141,6.76643593519882,6.95384976525822,7.30166451612903,7.42267906976744,25
"31",2013,12,7.50277777777778,198,7.93740157480315,6.72535211267606,6.66,7.3202380952381,7.55192307692308,127,71,25,42,156,3553,2124,1429,451,817,2736,7.40074641148325,7.82887570621469,6.76439468159552,6.93756097560976,7.30261933904529,7.43004824561403,26
"32",2014,1,7.44425531914894,235,7.68954248366013,6.98658536585366,7.3,7.55113636363636,7.4196335078534,153,82,30,44,191,3788,2277,1511,481,861,2927,7.40344561774023,7.81951339481774,6.77645268034414,6.96016632016632,7.3153193960511,7.42936863682952,27
"33",2014,2,7.33215962441315,213,7.721875,6.74529411764706,6.95967741935484,7.06666666666667,7.38083333333333,128,85,31,33,180,4001,2405,1596,512,894,3107,7.39965058735316,7.81431683991684,6.77479323308271,6.96013671875,7.30614093959731,7.42655680720953,28
"34",2014,3,7.33554913294798,173,7.6878640776699,6.81714285714286,7.08695652173913,7.3051724137931,7.34166666666667,103,70,23,29,144,4174,2508,1666,535,923,3251,7.3969937709631,7.80912360446571,6.77657262905162,6.96558878504673,7.3061105092091,7.42279667794525,29
"35",2014,4,7.31560283687943,141,7.56703296703297,6.858,7.15333333333333,7.41851851851852,7.29122807017544,91,50,15,27,114,4315,2599,1716,550,950,3365,7.39433418308227,7.80064717198923,6.77894522144522,6.97070909090909,7.30930526315789,7.41833937592868,30
"36",2014,5,7.40685483870968,124,7.63353658536585,6.96428571428571,7,7.375,7.41298076923077,82,42,17,20,104,4439,2681,1758,567,970,3469,7.39468393782383,7.79553599403208,6.7833731513083,6.9715873015873,7.31065979381443,7.4181787258576,31
"37",2014,6,7.18385826771654,127,7.4969512195122,6.61333333333333,6.57,6.89090909090909,7.28670212765957,82,45,20,33,94,4566,2763,1803,587,1003,3563,7.38881997371879,7.78667462902642,6.77912922906267,6.95790459965928,7.29684945164506,7.41471007577884,32
"38",2014,7,7.11407185628742,167,7.57526315789474,6.50555555555556,6.70689655172414,7.33484848484848,7.05970149253731,95,72,29,33,134,4733,2858,1875,616,1036,3697,7.37912571307838,7.77964730580826,6.768624,6.94608766233766,7.29805984555985,7.40184257506086,33
"39",2014,8,7.31727272727273,176,7.69327731092437,6.53228070175439,6.44117647058824,7.02545454545455,7.38461538461539,119,57,17,33,143,4909,2977,1932,633,1069,3840,7.37690812792829,7.77619482700705,6.76165113871636,6.93252764612954,7.28964452759588,7.40120104166667,34
"40",2014,9,7.27881355932203,177,7.58590909090909,6.77462686567164,6.93793103448276,7.08928571428571,7.31442953020134,110,67,29,28,149,5086,3087,1999,662,1097,3989,7.37349429807314,7.7694143181082,6.76208604302151,6.93276435045317,7.28453053783045,7.39795988969667,35
"41",2014,10,7.3136815920398,201,7.54346153846154,6.89295774647887,6.744,7.26428571428571,7.32960526315789,130,71,25,49,152,5287,3217,2070,687,1146,4141,7.37122035180632,7.76028349393845,6.76657487922705,6.92589519650655,7.28366492146597,7.39545085728085,36
"42",2014,11,7.3665641025641,195,7.678359375,6.77089552238806,6.83965517241379,7.72942857142857,7.2871875,128,67,29,35,160,5482,3345,2137,716,1181,4301,7.37105472455308,7.75714857997011,6.76671034160037,6.92240223463687,7.29687552921253,7.39142338990932,37
"43",2014,12,7.15719806763285,207,7.49069230769231,6.59415584415584,6.48214285714286,7.35236842105263,7.11331360946746,130,77,28,38,169,5689,3475,2214,744,1219,4470,7.36327333450518,7.74718043165468,6.7607091237579,6.90583333333334,7.29860541427399,7.38090872483221,38
"44",2015,1,7.25575645756458,271,7.55838541666667,6.52025316455696,6.30769230769231,7.30022222222222,7.24690265486726,192,79,26,45,226,5960,3667,2293,770,1264,4696,7.35838456375839,7.73729533678757,6.7524247710423,6.88563636363637,7.29866297468354,7.37445954003407,39
"45",2015,2,7.15821256038647,207,7.61717557251908,6.3671052631579,6.35862068965517,6.396,7.26291208791209,131,76,29,25,182,6167,3798,2369,799,1289,4878,7.35166563969515,7.73315218536072,6.74006331785563,6.86650813516896,7.2811559348332,7.37029766297663,40
"46",2015,3,7.19594059405941,202,7.54380952380952,6.61921052631579,6.5025,6.79352941176471,7.27738095238095,126,76,24,34,168,6369,3924,2445,823,1323,5046,7.34672664468519,7.72707237512742,6.73630674846626,6.85589307411908,7.26862433862434,7.36720412207689,41
"47",2015,4,7.11629213483146,178,7.38379310344828,6.6158064516129,6.71315789473684,7.39032258064516,7.05850340136054,116,62,19,31,147,6547,4040,2507,842,1354,5193,7.34046158545899,7.71721584158416,6.73332668528121,6.85267220902613,7.2714106351551,7.35846562680531,42
"48",2015,5,7.05248447204969,161,7.47613636363636,6.54178082191781,6.71166666666667,7,7.05827586206897,88,73,30,16,145,6708,4128,2580,872,1370,5338,7.33354979129398,7.7120765503876,6.72790697674419,6.84782110091743,7.26824087591241,7.3503113525665,43
"49",2015,6,7.19520143884892,139,7.62038823529412,6.52592592592593,6.66,7.23666666666667,7.19018548387097,85,54,15,15,124,6847,4213,2634,887,1385,5462,7.33074120052578,7.7102266793259,6.72376613515566,6.84464487034949,7.26789891696751,7.34667612596119,44
"50",2015,7,7.27,160,7.49223300970874,6.86842105263158,6.59259259259259,7.02884615384615,7.31679104477612,103,57,27,26,134,7007,4316,2691,914,1411,5596,7.32935421721136,7.70502432808156,6.72683017465626,6.83719912472648,7.26349397590361,7.34596050750536,45
"51",2015,8,7.20294685990338,207,7.61238095238095,6.56604938271605,6.375,7.51612903225806,7.14778409090909,126,81,28,31,176,7214,4442,2772,942,1442,5772,7.32572705849736,7.70239644304367,6.72213203463203,6.82346072186837,7.26892510402219,7.3399177061677,46
"52",2015,9,6.97145394736842,152,7.25304901960784,6.397,6.95454545454545,6.83227272727273,6.99500769230769,102,50,11,22,130,7366,4544,2822,953,1464,5902,7.31841650828129,7.69230985915493,6.71637136782424,6.82497376705142,7.26236338797814,7.33232056929854,47
"53",2015,10,7.2559900990099,202,7.59377952755905,6.684,6.64285714285714,7.31258064516129,7.24573099415205,127,75,28,31,171,7568,4671,2897,981,1495,6073,7.31675026427061,7.68963091415115,6.71553331032102,6.8197757390418,7.26340468227425,7.32988243042977,48
"54",2015,11,7.1742731277533,227,7.48724137931034,6.62085365853659,6.84333333333333,7.42647058823529,7.12984455958549,145,82,30,34,193,7795,4816,2979,1011,1529,6266,7.31260115458627,7.68353737541528,6.71292715676401,6.82047477744807,7.26703073904513,7.32372103415257,49
"55",2015,12,7.16730923694779,249,7.41717791411043,6.69372093023256,7,7.18315789473684,7.16445497630332,163,86,27,38,211,8044,4979,3065,1038,1567,6477,7.30810367976131,7.67481743321952,6.71238825448613,6.82514450867052,7.26499680918953,7.31853265400648,50
"56",2016,1,7.02308219178082,292,7.39727810650888,6.50894308943089,6.73452380952381,7.06413043478261,7.01540650406504,169,123,42,46,246,8336,5148,3188,1080,1613,6723,7.29811972168906,7.6657062937063,6.70453889585947,6.82162037037037,7.25926844389337,7.30744102335267,51
"57",2016,2,7.04813043478261,207,7.48181300813008,6.41309523809524,6.32333333333333,7.17352941176471,7.02348554913295,123,84,30,34,173,8543,5271,3272,1110,1647,6896,7.29206239026103,7.66141510149877,6.69705684596577,6.80815315315316,7.25749848208865,7.30031743039443,52
"58",2016,3,7.18224043715847,183,7.58186274509804,6.67901234567901,6.8125,6.97037037037037,7.21891025641026,102,81,32,27,156,8726,5373,3353,1142,1674,7052,7.28975922530369,7.65990489484459,6.6966209364748,6.80827495621717,7.25286738351255,7.298516591038,53
"59",2016,4,7.27605633802817,213,7.67717391304348,6.538,6.66153846153846,7.09264705882353,7.3108938547486,138,75,26,34,179,8939,5511,3428,1168,1708,7231,7.28943271059403,7.6603373253493,6.69315052508751,6.80500856164384,7.24967798594848,7.29882298437284,54
"60",2016,5,7.25119266055046,218,7.61058394160584,6.64333333333333,6.71333333333333,7.12068965517241,7.27121693121693,137,81,30,29,189,9157,5648,3509,1198,1737,7420,7.28852233264169,7.65913048866856,6.69200056996295,6.80271285475793,7.24752446747265,7.29811981132075,55
"61",2016,6,7.13986111111111,216,7.59111940298507,6.40243902439024,6.65,7.16527777777778,7.13477777777778,134,82,30,36,180,9373,5782,3591,1228,1773,7600,7.28509644724208,7.65755430646835,6.68538847117794,6.79898208469056,7.24585448392555,7.29425118421053,56
"62",2016,7,7.07353846153846,195,7.3866935483871,6.52661971830986,6.835,7.12592592592593,7.06511904761905,124,71,24,27,168,9568,5906,3662,1252,1800,7768,7.2807848035117,7.6518674229597,6.68231021299836,6.79967252396166,7.24405555555556,7.28929570030896,57
"63",2016,8,7.18969490740741,216,7.5839552238806,6.54541585365854,6.76851935483871,7.37878787878788,7.15559617486339,134,82,31,33,183,9784,6040,3744,1283,1833,7951,7.27877382461161,7.6503607615894,6.67931199252136,6.79891979734996,7.24648117839607,7.28621847566344,58
"64",2016,9,7.15723404255319,188,7.53341666666667,6.49338235294118,6.44347826086956,6.9875,7.18207317073171,120,68,23,24,164,9972,6160,3812,1306,1857,8115,7.27648246089049,7.64808262987013,6.6759953043022,6.79266010719755,7.24313408723748,7.28411375231054,59
"65",2016,10,7.08018894009217,217,7.57647794117647,6.24691358024691,6.10769230769231,7.245,7.06345685279188,136,81,26,20,197,10189,6296,3893,1332,1877,8312,7.27230190401413,7.64653589580686,6.66706758284099,6.77928986486487,7.24315396909963,7.27888403512993,60
"66",2016,11,7.14746153846154,260,7.6256875,6.3823,6.81458333333333,6.93076923076923,7.18570135746606,160,100,24,39,221,10449,6456,3993,1356,1916,8533,7.26919553067279,7.64601920693928,6.65993591284748,6.7799145280236,7.23679540709812,7.27647065510371,61
"67",2016,12,7.1253982300885,226,7.59923611111111,6.29329268292683,6.67083333333333,7.41612903225806,7.07917948717949,144,82,24,31,195,10675,6600,4075,1380,1947,8728,7.26615120374707,7.64499848484849,6.65255806134969,6.77801746376812,7.23965074473549,7.27206279789184,62
"68",2017,1,7.04245421245421,273,7.31888888888889,6.42047619047619,6.425,6.94073170731707,7.06043103448276,189,84,28,41,232,10948,6789,4159,1408,1988,8960,7.26057308184143,7.63591987037855,6.64787066602548,6.77099723011364,7.23348591549296,7.266583046875,63
"69",2017,2,7.07727272727273,209,7.47388059701493,6.36866666666667,6.47368421052632,6.7984375,7.12768361581921,134,75,19,32,177,11157,6923,4234,1427,2020,9137,7.25713938334678,7.63278347537195,6.64292491733585,6.76703861247372,7.22659405940594,7.26389231695305,64
"70",2017,3,7.04372549019608,204,7.40887096774194,6.47775,6.18066666666667,7.09357142857143,7.03579545454545,124,80,30,28,176,11361,7047,4314,1457,2048,9313,7.25330728809083,7.62884347949482,6.63986186833565,6.75496506520247,7.224775390625,7.25958167078278,65
"71",2017,4,7.1201030927835,194,7.6109243697479,6.34133333333333,6.34761904761905,7.27777777777778,7.10397727272727,119,75,21,18,176,11555,7166,4389,1478,2066,9489,7.25107088706188,7.62854591124756,6.63476056049214,6.74917733423545,7.2252371732817,7.25669555274528,66
"72",2017,5,7.24278350515464,194,7.61666666666667,6.63648648648649,6.624,7.19117647058824,7.25375,120,74,25,34,160,11749,7286,4463,1503,2100,9649,7.25093404545067,7.62835026077409,6.63478917768317,6.74709520958084,7.22468571428571,7.25664670950358,67
"73",2017,6,6.91976047904192,167,7.26831683168317,6.38636363636364,6.17391304347826,6.63333333333333,6.96783216783217,101,66,23,24,143,11916,7387,4529,1526,2124,9792,7.24629272406848,7.6234276431569,6.63116893353941,6.73845615989515,7.21800376647834,7.25242893178105,68
"74",2017,7,7.10522988505747,174,7.4871,6.58918918918919,6.55416666666667,7.1195652173913,7.10304635761589,100,74,24,23,151,12090,7487,4603,1550,2147,9943,7.24426253928867,7.62160678509416,6.63049404736041,6.73560264516129,7.21694923148579,7.25016032384592,69
"75",2017,8,7.38663366336634,202,7.69444444444444,6.87631578947368,6.816,7.80769230769231,7.32443181818182,126,76,25,26,176,12292,7613,4679,1575,2173,10119,7.24660218841523,7.62281229475896,6.63448687753793,6.73687879365079,7.22401748734469,7.25145212965708,70
"76",2017,9,7.16091525423729,177,7.44269642857143,6.67538461538462,6.42222222222222,6.82222222222222,7.19925786163522,112,65,18,18,159,12469,7725,4744,1593,2191,10278,7.24538584489534,7.62020090614887,6.6350472386172,6.73332335216573,7.22071656777727,7.25064468768243,71
"77",2017,10,7.01151960784314,204,7.27201492537313,6.51285714285714,6.44555555555556,6.81923076923077,7.03960674157303,134,70,27,26,178,12673,7859,4814,1620,2217,10456,7.24162124990136,7.614264155745,6.63327048192771,6.72852722222222,7.21600811907984,7.24705203710788,72
"78",2017,11,7.26221794871795,234,7.59963503649635,6.78565979381443,6.36363636363636,7.66666666666667,7.21599523809524,137,97,33,24,210,12907,7996,4911,1653,2241,10666,7.24199466181142,7.61401350675338,6.63628041132152,6.72124264972777,7.22083444890674,7.24644056816051,73
"79",2017,12,7.39027027027027,222,7.77215827338129,6.75072289156626,6.6346875,7.87,7.3153125,139,83,32,30,192,13129,8135,4994,1685,2271,10858,7.24450187371468,7.61671567301782,6.63818243892671,6.71959887240356,7.22940995156319,7.24765841775649,74
"80",2018,1,7.265734870317,347,7.56788793103448,6.65617391304348,6.54545454545455,7.64318181818182,7.21092409240924,232,115,33,44,303,13476,8367,5109,1718,2315,11161,7.24504861234788,7.6153617784152,6.6385874143668,6.71625384167637,7.23727429805615,7.24666115043455,75
"81",2018,2,7.17754545454545,220,7.51231343283582,6.65593023255814,6.52173913043478,6.95,7.21347368421053,134,86,23,30,190,13696,8501,5195,1741,2345,11351,7.24396430344626,7.61373744265381,6.63887451395572,6.71368414704193,7.23359914712153,7.24610563826976,76
"82",2018,3,7.18244334951456,206,7.42874015748032,6.78649784810127,6.653205,7.42857142857143,7.14372657303371,127,79,26,28,178,13902,8628,5274,1767,2373,11529,7.24305268522515,7.6110143718127,6.64108578498293,6.71279424448217,7.23589970501475,7.24452497441235,77
"83",2018,4,7.18863316582915,199,7.61461538461538,6.38605797101449,6.5,7.40740740740741,7.15429069767442,130,69,21,27,172,14101,8758,5343,1788,2400,11701,7.24228469115666,7.61106782370404,6.6377923320232,6.71029498322148,7.23782916666667,7.24319856678916,78
"84",2018,5,7.12139393939394,165,7.36372549019608,6.72904761904762,6.95294117647059,7.5,7.08353333333333,102,63,17,15,150,14266,8860,5406,1805,2415,11851,7.24088647343334,7.60822031602709,6.6388557954125,6.71258029362881,7.23945755693582,7.24117765842545,79
"85",2018,6,7.03225648148148,162,7.2775056122449,6.65671875,6.67181818181818,6.11777764705882,7.13947124137931,98,64,22,17,145,14428,8958,5470,1827,2432,11996,7.23854394094816,7.60460231636526,6.6390647952468,6.71208945265463,7.23161686677631,7.2399482960987,80
"86",2018,7,7.2313986013986,143,7.53264367816092,6.76339285714286,6.54545454545455,7.43888888888889,7.20152,87,56,11,18,125,14571,9045,5526,1838,2450,12121,7.2384738164848,7.60391017689331,6.64032472493666,6.71109218171926,7.23313968163265,7.23955199735995,81
"87",2018,8,7.100625,160,7.44673913043478,6.63235294117647,6.87058823529412,6.85714285714286,7.13741007194245,92,68,17,21,139,14731,9137,5594,1855,2471,12260,7.23697657864368,7.60232762941885,6.64022782087951,6.71255387061995,7.22994424119789,7.23839394453507,82
"88",2018,9,7.11992424242424,132,7.51290697674419,6.38521739130435,6.54,7.10714285714286,7.1214406779661,86,46,18,14,118,14863,9223,5640,1873,2485,12378,7.23593702348113,7.60149382521956,6.63814794858156,6.7108955846236,7.22925240241449,7.23727902407497,83
"89",2018,10,7.15618784530387,181,7.6264347826087,6.33681818181818,6.68,7.604,7.08442307692308,115,66,15,25,156,15044,9338,5706,1888,2510,12534,7.23497753124169,7.60180097986721,6.63466253592709,6.71065012182204,7.23298494820717,7.23537655656614,84
"90",2018,11,7.25361458333333,192,7.43976,6.90632835820896,6.73809523809524,7.54444444444444,7.20602424242424,125,67,21,27,165,15236,9463,5773,1909,2537,12699,7.23521239039118,7.59966052520342,6.63781542179109,6.71095203247774,7.23629965313362,7.23499517757304,85
"91",2018,12,7.15208588957055,163,7.63392156862745,6.34639344262295,6.3425,7.1395652173913,7.15414285714286,102,61,16,23,140,15399,9565,5834,1925,2560,12839,7.23433248782388,7.60002588081547,6.63476832876242,6.70788957402597,7.2354305546875,7.23411354155308,86
"92",2019,1,7.12275130952381,252,7.4501449068323,6.54351648351648,6.7837037037037,7.42428571428571,7.0741167281106,161,91,27,35,217,15651,9726,5925,1952,2595,13056,7.23253589610887,7.59754481595723,6.63336682362869,6.70893823258197,7.23797773410404,7.23145428079044,87
"93",2019,2,7.14590361445783,166,7.4607,6.66893939393939,6.96153846153846,6.9125,7.1708,100,66,13,16,150,15817,9826,5991,1965,2611,13206,7.23162668710881,7.59615213515164,6.63375870973126,6.71060937913486,7.23598323247797,7.2307653407542,88
"94",2019,3,7.03885869565217,184,7.42434782608696,6.3963768115942,6.13260869565217,6.6875,7.10192307692308,115,69,23,28,156,16001,9941,6060,1988,2639,13362,7.22940999375039,7.594164659491,6.63105584653465,6.70392224849095,7.2301637817355,7.22926112034127,89
"95",2019,4,7.12396103896104,154,7.44835051546392,6.5719298245614,6.56818181818182,7.41176470588235,7.08824817518248,97,57,22,17,137,16155,10038,6117,2010,2656,13499,7.22840478551532,7.59275561665671,6.63050489292136,6.70243653233831,7.23132613704819,7.22782999407363,90
"96",2019,5,7.09689024390244,164,7.43787037037037,6.43928571428571,5.9875,7.48888888888889,7.04856164383562,108,56,16,18,146,16319,10146,6173,2026,2674,13645,7.22708311232306,7.59110692686773,6.62877019763486,6.69679043928924,7.23305991772625,7.22591184243312,91
"97",2019,6,7.02335766423358,137,7.41309523809524,6.40566037735849,6.1,6.45384615384615,7.08306451612903,84,53,18,13,124,16456,10230,6226,2044,2687,13769,7.22538705092367,7.58964524731183,6.62687093318342,6.69153494618395,7.22928999627837,7.22462539690609,92
"98",2019,7,7.11479289940828,169,7.41081081081081,6.54827586206897,6.56842105263158,6.93611111111111,7.13609271523179,111,58,19,18,151,16625,10341,6284,2063,2705,13920,7.2242628156391,7.58772564355478,6.6261455171865,6.69040108095007,7.22733908317929,7.22366502083333,93
"99",2019,8,7.14710106382979,188,7.47429133858268,6.46590163934426,6.27083333333333,7.49380952380952,7.10350299401198,127,61,24,21,167,16813,10468,6345,2087,2726,14087,7.22340000654255,7.58634943446695,6.6246049535067,6.68557615237182,7.22939186353631,7.22224051181941,94
"100",2019,9,7.24272251308901,191,7.57731707317073,6.6375,6.5845,7.178,7.25478260869565,123,68,20,30,161,17004,10591,6413,2107,2756,14248,7.22361704951776,7.58624453592673,6.62474168563854,6.68461672045562,7.22883244557329,7.22260823203257,95
"101",2019,10,6.90071895424837,153,7.37978021978022,6.19758064516129,6.36470588235294,6.6,6.9310071942446,91,62,17,14,139,17157,10682,6475,2124,2770,14387,7.22073755959666,7.58448566560569,6.62065149498069,6.68205622881356,7.22565423104693,7.21979092861611,96
"102",2019,11,7.03058044776119,201,7.46538891666667,6.38641975308642,5.896,7.13809523809524,7.01803705555556,120,81,25,21,180,17358,10802,6556,2149,2791,14567,7.21853560202788,7.58316261340492,6.61775753965833,6.67291178687762,7.22499542099606,7.21729791721013,97
"103",2019,12,7.09829487179487,195,7.36992125984252,6.59099264705882,6.26315789473684,7.14827586206897,7.08956325301205,127,68,19,29,166,17553,10929,6624,2168,2820,14733,7.2171998222526,7.58068465092872,6.61748277928744,6.6693207702952,7.22420646099291,7.21585870223308,98
"104",2020,1,6.97862068965517,261,7.2679012345679,6.50525252525253,6.6,6.74242424242424,7.01280701754386,162,99,25,33,228,17814,11091,6723,2193,2853,14961,7.21370430447962,7.57611599945902,6.61583012494422,6.66853051983584,7.2186337960042,7.21276427110487,99
"105",2020,2,7.07582159624413,213,7.5119696969697,6.36506172839506,6.04518518518519,6.79820512820513,7.13804597701149,132,81,27,39,174,18027,11223,6804,2220,2892,15135,7.21207513618461,7.57536153880424,6.61284478689006,6.66094929279279,7.21296411479944,7.21190526990419,100
"106",2020,3,6.98629213483146,178,7.26810810810811,6.51940298507463,6.16666666666667,7.20714285714286,6.94506666666667,111,67,18,28,150,18205,11334,6871,2238,2920,15285,7.2098675352925,7.57235243956238,6.61193362392665,6.65697382931189,7.21290829452055,7.20928663788027,101
"107",2020,4,7.20372592814371,167,7.43497591304348,6.69230769230769,6.23333333333333,6.82647058823529,7.24648153333333,115,52,15,17,150,18372,11449,6923,2253,2937,15435,7.20981170857827,7.57097255480828,6.61253732919254,6.65415332001775,7.21067150834184,7.20964810430839,102
"108",2020,5,7.03213082278481,158,7.34034594339623,6.40384615384615,6.64285714285714,7.03333333333333,7.03197621428571,106,52,21,18,140,18530,11555,6975,2274,2955,15575,7.20829667458176,7.56885689744699,6.6109814953405,6.65404900175902,7.20959127580372,7.20805105361156,103
"109",2020,6,7.1198707751938,129,7.48901098901099,6.23587710526316,6.092083125,7.58823529411765,7.04877973214286,91,38,16,17,112,18659,11646,7013,2290,2972,15687,7.2076853373707,7.56823299416108,6.60894898902039,6.65012260262009,7.21175713997308,7.20691390896921,104
"110",2020,7,7.1856,125,7.36144578313253,6.83809523809524,7.00909090909091,7.48461538461538,7.15089285714286,83,42,11,13,112,18784,11729,7055,2301,2985,15799,7.20753836829216,7.56676966919601,6.6103131481219,6.65183866145154,7.21294546733668,7.20651677258054,105
"111",2020,8,7.21805510204082,147,7.75404494382023,6.39558793103448,6.559375,7.09038461538462,7.24548842975207,89,58,16,26,121,18931,11818,7113,2317,3011,15920,7.20762003116581,7.5681800177695,6.60856226064951,6.65120015537333,7.21188715376951,7.20681297675879,106
"112",2020,9,6.93712121212121,132,7.33068181818182,6.15,6.22105263157895,7.22631578947368,6.88849557522124,88,44,19,19,113,19063,11906,7157,2336,3030,16033,7.20574698683313,7.56642461364018,6.60574309906385,6.6477015239726,7.21197763036303,7.20456948730743,107
"113",2020,10,6.97757352941176,136,7.275,6.55267857142857,5.71666666666667,7.1875,6.94958333333333,80,56,15,16,120,19199,11986,7213,2351,3046,16153,7.20413067399344,7.5644795135992,6.60533111881325,6.64176127605274,7.2118490544977,7.20267520522503,108
"114",2020,11,6.8927485380117,171,7.33166666666667,6.14031746031746,5.8,7.14111111111111,6.86352941176471,108,63,16,18,153,19370,12094,7276,2367,3064,16306,7.2013817661332,7.56240048371093,6.60130474986256,6.63607129700042,7.2114334921671,7.19949298356433,109
"115",2020,12,7.07305555555556,180,7.46306306306306,6.44565217391304,5.91071428571429,7.18846153846154,7.05357142857143,111,69,28,26,154,19550,12205,7345,2395,3090,16460,7.20020024603581,7.5614970462925,6.59984252688904,6.62759113152401,7.21124020064725,7.19812773936816,110
"116",2021,1,7.139004784689,209,7.42965714285714,6.54927536231884,6.46,6.84781818181818,7.17326203208556,140,69,15,22,187,19759,12345,7414,2410,3112,16647,7.19955295359077,7.56000189955448,6.59937191259778,6.62654803319502,7.2086710218509,7.1978484165315,111
"117",2021,2,7.10764705882353,170,7.49035087719298,6.32857142857143,6.086,6.96666666666667,7.12129032258064,114,56,25,15,155,19929,12459,7470,2435,3127,16802,7.19876897034472,7.5593645918613,6.59734181526104,6.6209982587269,7.2075101439079,7.19714216105225,112
"118",2021,3,7.16259691860465,172,7.50108264957265,6.44254545454545,6.19666666666667,7.31666666666667,7.14458876623377,117,55,18,18,154,20101,12576,7525,2453,3145,16956,7.19845945375852,7.55882236959287,6.59621041328903,6.61788453322462,7.20813488712241,7.19666485373909,113
"119",2021,4,7.08794871794872,156,7.48842105263158,6.46426229508197,6.44315789473684,6.96875,7.10157142857143,95,61,19,16,140,20257,12671,7586,2472,3161,17096,7.19760840598312,7.55829454028885,6.59514940152913,6.61654156957929,7.20692319519139,7.19588612891904,114
"120",2021,5,7.07530612244898,147,7.37677083333333,6.5078431372549,6.86666666666667,7.18421052631579,7.059140625,96,51,12,19,128,20404,12767,7637,2484,3180,17224,7.19672728288571,7.5569295934832,6.59456636899306,6.61774990338164,7.20678749056603,7.19486990594519,115
"121",2021,6,7.048125,112,7.4252,6.28378378378378,6.16666666666667,7.28571428571429,7.03228571428571,75,37,9,7,105,20516,12842,7674,2493,3187,17329,7.19591604016378,7.55616026475627,6.59306793849361,6.61612144404332,7.20696084719171,7.1938847746552,116
"122",2021,7,7.00763082644628,121,7.14813720588235,6.82735849056604,6.56153846153846,7.275,6.97819568807339,68,53,13,12,109,20637,12910,7727,2506,3199,17438,7.19481207588312,7.55401111154144,6.59467495276304,6.61583829209896,7.20721607377305,7.19253656325267,117
"123",2021,8,7.23028169014084,142,7.45677083333333,6.75760869565217,6.4,7.50444444444444,7.19048387096774,96,46,15,18,124,20779,13006,7773,2521,3217,17562,7.19505446893498,7.55329336075657,6.59563918178309,6.61455404998017,7.20887914827479,7.19252206980982,118
"124",2021,9,6.96390387387387,111,7.16533329411765,6.30538461538462,6.28,6.6,7.00801343434343,85,26,5,12,99,20890,13091,7799,2526,3229,17661,7.19382623934897,7.5507743319838,6.59467154250545,6.61389182897862,7.20661635800557,7.19148779344318,119
"125",2021,10,7.07,141,7.37903225806452,6.47125,6.61666666666667,6.60555555555556,7.10166666666667,93,48,12,9,132,21031,13184,7847,2538,3238,17793,7.19299606010176,7.54956286256068,6.59391657448706,6.61390494877857,7.20494571340333,7.19082144214017,120
"126",2021,11,7.04642857142857,112,7.29444444444444,6.6,5.8,6.82307692307692,7.07575757575758,72,40,10,13,99,21143,13256,7887,2548,3251,17892,7.19221965378612,7.54817718617984,6.59394742741219,6.61071065934066,7.20341870808982,7.1901847708473,121
"127",2021,12,7.06409574468085,188,7.50225225225225,6.43246753246753,6.35416666666667,7.3,7.0421511627907,111,77,24,16,172,21331,13367,7964,2572,3267,18064,7.19109043832919,7.54779582404429,6.59238615770969,6.6083167807154,7.20389171104989,7.18877523914969,122
"128",2022,1,6.88805553846154,260,7.21460024390244,6.33020833333333,6.11111111111111,7.08269230769231,6.86642923076923,164,96,27,26,234,21591,13531,8060,2599,3293,18298,7.18744127553147,7.54375738821964,6.58926344416873,6.60315150442478,7.20293477679927,7.18465298721172,123
"129",2022,2,7.14851612903226,155,7.48391304347826,6.65873015873016,6.70625,7.36153846153846,7.12901408450704,92,63,16,13,142,21746,13623,8123,2615,3306,18440,7.1871638269107,7.5433532423108,6.58980221100578,6.60378231739962,7.20355844525106,7.18422453145336,124
"130",2022,3,6.7805303030303,132,7.10481927710843,6.23122448979592,6,6.78235294117647,6.78026086956522,83,49,15,17,115,21878,13706,8172,2630,3323,18555,7.18471042051376,7.54069759375456,6.58765214880078,6.60033869201521,7.20140361721336,7.18172084936675,125
"131",2022,4,6.89082089552239,134,7.19230769230769,6.47089285714286,6.53916666666667,7.17272727272727,6.83544642857143,78,56,12,22,112,22012,13784,8228,2642,3345,18667,7.18292134199528,7.53872614770749,6.58685748176956,6.60006084784255,7.20121501345291,7.17964323994214,126
"132",2022,5,6.94308083333333,132,7.40698416666667,6.13125,6.10714285714286,7.44444444444444,6.90639569105691,84,48,14,9,123,22144,13868,8276,2656,3354,18790,7.18149165688223,7.53792817205076,6.58421500241662,6.59746263554217,7.20186768634466,7.1778545518893,127
"133",2022,6,6.93650819672131,122,7.38846341463415,6.01,5.98333333333333,6.5,6.96307826086957,82,40,12,7,115,22266,13950,8316,2668,3361,18905,7.18014934204617,7.53704959784946,6.58145302549302,6.59470043478261,7.20040589705445,7.1765480576567,128
"134",2022,7,7.1166,125,7.339375,6.72055555555556,6.5,7.01666666666667,7.13677884615385,80,45,10,21,104,22391,14030,8361,2678,3382,19009,7.17979457147961,7.53592244404847,6.58220169357732,6.59434681105303,7.19926499704317,7.17633047661634,129
"135",2022,8,6.64663716814159,113,7.12083333333333,6.10981132075472,5.70588235294118,6.92777777777778,6.59336842105263,60,53,17,18,95,22504,14090,8414,2695,3400,19104,7.17711741246001,7.53415485379702,6.57922609460423,6.58874239703154,7.1978277117647,7.17343153423367,130
"136",2022,9,7.21248171232877,146,7.50013402173913,6.72240740740741,6.15071428571429,7.0286,7.23353687022901,92,54,14,15,131,22650,14182,8468,2709,3415,19235,7.17734536777042,7.5339341573826,6.58013915446386,6.58647868586194,7.19708439824304,7.17384088172602,131
"137",2022,10,7.25425373134328,134,7.52755813953488,6.76458333333333,6.77777777777778,7.17857142857143,7.26308333333333,86,48,9,14,120,22784,14268,8516,2718,3429,19355,7.17779769048455,7.53389572610036,6.58117876467825,6.58711212656365,7.19700881306503,7.17439418031516,132
"138",2022,11,7.01965753424658,146,7.31032608695652,6.52444444444444,6.15,6.66470588235294,7.06643410852713,92,54,10,17,129,22930,14360,8570,2728,3446,19484,7.1767907797645,7.53246338579387,6.58082127887981,6.58550980938417,7.19438282646547,7.17367939642784,133
"139",2022,12,6.93523489932886,149,7.25698924731183,6.40089285714286,6.5,6.98333333333333,6.93102189781022,93,56,8,12,137,23079,14453,8626,2736,3458,19621,7.17523127431865,7.53069080606102,6.57965318339902,6.58525978070176,7.19365043956044,7.17198508536772,134
