"","year","month","avg_rating","no_ratings","avg_rating_owned","avg_rating_not_owned","avg_rating_prev_owned","avg_rating_comment","avg_rating_no_comment","no_ratings_owned","no_ratings_not_owned","no_ratings_prev_owned","no_ratings_comment","no_ratings_no_comment","cum_no_ratings","cum_no_ratings_owned","cum_no_ratings_not_owned","cum_no_ratings_prev_owned","cum_no_ratings_comment","cum_no_ratings_no_comment","cum_avg_rating","cum_avg_rating_owned","cum_avg_rating_not_owned","cum_avg_rating_prev_owned","cum_avg_rating_comment","cum_avg_rating_no_comment","month_after_release"
"1",2004,2,7,2,8,6,NA,NA,7,1,1,0,0,2,2,1,1,0,0,2,7,8,6,NA,NA,7,-1
"2",2004,3,7.21,20,7.83571428571429,5.75,5,6.875,7.43333333333333,14,6,1,8,12,22,15,7,1,8,14,7.19090909090909,7.84666666666667,5.78571428571429,5,6.875,7.37142857142857,0
"3",2004,4,7.61,10,8.58571428571429,5.33333333333333,NA,7.275,7.83333333333333,7,3,0,4,6,32,22,10,1,12,20,7.321875,8.08181818181818,5.65,5,7.00833333333333,7.51,1
"4",2004,5,7.38888888888889,9,7.4375,7,NA,7.6,7.125,8,1,0,5,4,41,30,11,1,17,24,7.33658536585366,7.91,5.77272727272727,5,7.18235294117647,7.44583333333333,2
"5",2004,6,6.81818181818182,11,7.66666666666667,5.8,6,7,6.66666666666667,6,5,1,5,6,52,36,16,2,22,30,7.22692307692308,7.86944444444444,5.78125,5.5,7.14090909090909,7.29,3
"6",2004,7,7,8,7.16666666666667,6.5,7,6.5,7.5,6,2,1,4,4,60,42,18,3,26,34,7.19666666666667,7.76904761904762,5.86111111111111,6,7.04230769230769,7.31470588235294,4
"7",2004,8,6.89583333333333,12,7.75,4.33333333333333,3,6.875,6.90625,9,3,1,4,8,72,51,21,4,30,42,7.14652777777778,7.7656862745098,5.64285714285714,5.25,7.02,7.23690476190476,5
"8",2004,9,8.03846153846154,13,8.03846153846154,NA,NA,7.9375,8.2,13,0,0,8,5,85,64,21,4,38,47,7.28294117647059,7.82109375,5.64285714285714,5.25,7.21315789473684,7.33936170212766,6
"9",2004,10,7.7,10,7.88888888888889,6,NA,6,7.88888888888889,9,1,0,1,9,95,73,22,4,39,56,7.32684210526316,7.82945205479452,5.65909090909091,5.25,7.18205128205128,7.42767857142857,7
"10",2004,11,7.83846153846154,13,7.99090909090909,7,NA,7.7375,8,11,2,0,8,5,108,84,24,4,47,61,7.38842592592593,7.85059523809524,5.77083333333333,5.25,7.27659574468085,7.47459016393443,8
"11",2004,12,7.61904761904762,21,7.77777777777778,6.66666666666667,NA,7.14285714285714,7.85714285714286,18,3,0,7,14,129,102,27,4,54,75,7.42596899224806,7.83774509803921,5.87037037037037,5.25,7.25925925925926,7.546,9
"12",2005,1,7.25294117647059,17,8.02727272727273,5.83333333333333,8.5,6.5625,7.86666666666667,11,6,2,8,9,146,113,33,6,62,84,7.40582191780822,7.85619469026549,5.86363636363636,6.33333333333333,7.16935483870968,7.58035714285714,10
"13",2005,2,7.61538461538461,13,7.7,7.33333333333333,6,7.5,7.8,10,3,1,8,5,159,123,36,7,70,89,7.42295597484277,7.84349593495935,5.98611111111111,6.28571428571429,7.20714285714286,7.59269662921348,11
"14",2005,3,6.734375,16,7.05769230769231,5.33333333333333,NA,7.35,6.45454545454545,13,3,0,5,11,175,136,39,7,75,100,7.36,7.76838235294118,5.93589743589744,6.28571428571429,7.21666666666667,7.4675,12
"15",2005,4,7.5625,16,7.83333333333333,6.75,NA,8,7.41666666666667,12,4,0,4,12,191,148,43,7,79,112,7.37696335078534,7.77364864864865,6.01162790697675,6.28571428571429,7.25632911392405,7.46205357142857,13
"16",2005,5,7.26470588235294,17,7.70833333333333,6.2,NA,7.08333333333333,7.36363636363636,12,5,0,6,11,208,160,48,7,85,123,7.36778846153846,7.76875,6.03125,6.28571428571429,7.24411764705882,7.45325203252033,14
"17",2005,6,6.86842105263158,19,7.54166666666667,5.71428571428571,NA,8.0625,6,12,7,0,8,11,227,172,55,7,93,134,7.32599118942731,7.75290697674419,5.99090909090909,6.28571428571429,7.31451612903226,7.3339552238806,15
"18",2005,7,7.225,24,7.63333333333333,6,7,7.3,7.1875,18,6,1,8,16,251,190,61,8,101,150,7.31633466135458,7.74157894736842,5.99180327868853,6.375,7.31336633663366,7.31833333333333,16
"19",2005,8,6.88888888888889,18,7.22727272727273,6.35714285714286,5.5,6.83333333333333,6.94444444444444,11,7,2,9,9,269,201,68,10,110,159,7.28773234200743,7.7134328358209,6.02941176470588,6.2,7.27409090909091,7.29716981132075,17
"20",2005,9,7.53846153846154,13,7.75,7.2,NA,7.55555555555556,7.5,8,5,0,9,4,282,209,73,10,119,163,7.29929078014184,7.71483253588517,6.10958904109589,6.2,7.2953781512605,7.3021472392638,18
"21",2005,10,7.04230769230769,26,7.65789473684211,5.37142857142857,8,6.40909090909091,7.50666666666667,19,7,1,11,15,308,228,80,11,130,178,7.2775974025974,7.71008771929825,6.045,6.36363636363636,7.22038461538462,7.31938202247191,19
"22",2005,11,7.52083333333333,24,7.7,6.625,NA,7.94444444444444,7.26666666666667,20,4,0,9,15,332,248,84,11,139,193,7.29518072289157,7.70927419354839,6.07261904761905,6.36363636363636,7.26726618705036,7.31528497409326,20
"23",2005,12,7.203125,32,7.85416666666667,5.25,NA,7.25,7.16666666666667,24,8,0,14,18,364,272,92,11,153,211,7.28708791208791,7.72205882352941,6.00108695652174,6.36363636363636,7.2656862745098,7.30260663507109,21
"24",2006,1,7.421875,32,7.78846153846154,5.83333333333333,NA,7.36111111111111,7.5,26,6,0,18,14,396,298,98,11,171,225,7.2979797979798,7.72785234899329,5.99081632653061,6.36363636363636,7.27573099415205,7.31488888888889,22
"25",2006,2,7.61904761904762,21,7.45,8.63333333333333,NA,7.88888888888889,7.41666666666667,18,3,0,9,12,417,316,101,11,180,237,7.31414868105516,7.7120253164557,6.06930693069307,6.36363636363636,7.30638888888889,7.32004219409283,23
"26",2006,3,7.60869565217391,23,7.66666666666667,7.4,6.5,8.55555555555556,7,18,5,2,9,14,440,334,106,13,189,251,7.32954545454545,7.70958083832335,6.13207547169811,6.38461538461539,7.36587301587302,7.30219123505976,24
"27",2006,4,6.82222222222222,18,7.46428571428571,4.575,NA,5.4,7.36923076923077,14,4,0,5,13,458,348,110,13,194,264,7.30960698689956,7.69971264367816,6.07545454545455,6.38461538461539,7.31520618556701,7.30549242424242,25
"28",2006,5,6.95238095238095,21,7.26666666666667,6.16666666666667,6,6.125,7.46153846153846,15,6,1,8,13,479,363,116,14,202,277,7.29394572025052,7.68181818181818,6.0801724137931,6.35714285714286,7.26806930693069,7.31281588447653,26
"29",2006,6,6.9375,8,6.9375,NA,NA,6.75,7,8,0,0,2,6,487,371,116,14,204,283,7.28809034907598,7.66576819407008,6.0801724137931,6.35714285714286,7.26299019607843,7.30618374558304,27
"30",2006,7,7.2,23,7.4,6.25,NA,6.87142857142857,7.34375,19,4,0,7,16,510,390,120,14,211,299,7.28411764705882,7.65282051282051,6.08583333333333,6.35714285714286,7.25,7.30819397993311,28
"31",2006,8,6.4,20,6.71428571428571,5.66666666666667,6,6.5,6.34615384615385,14,6,2,7,13,530,404,126,16,218,312,7.25075471698113,7.62029702970297,6.06587301587302,6.3125,7.22591743119266,7.26810897435897,29
"32",2006,9,7.075,20,7.29166666666667,6.75,NA,7.28571428571429,6.96153846153846,12,8,0,7,13,550,416,134,16,225,325,7.24436363636364,7.61081730769231,6.10671641791045,6.3125,7.22777777777778,7.25584615384615,30
"33",2006,10,6.72222222222222,18,7.125,5.91666666666667,NA,6.35714285714286,6.95454545454545,12,6,0,7,11,568,428,140,16,232,336,7.22781690140845,7.59719626168224,6.09857142857143,6.3125,7.20150862068965,7.24598214285714,31
"34",2006,11,7.28148148148148,27,7.48,6.71428571428571,7,7.28571428571429,7.28,20,7,5,7,20,595,448,147,21,239,356,7.23025210084034,7.59196428571429,6.12789115646259,6.47619047619048,7.20397489539749,7.24789325842696,32
"35",2006,12,6.69042553191489,47,7.03846153846154,6.25952380952381,7.55,7.13333333333333,6.58552631578947,26,21,4,9,38,642,474,168,25,248,394,7.19073208722741,7.56160337552743,6.14434523809524,6.648,7.20141129032258,7.18401015228426,33
"36",2007,1,7.55232558139535,43,7.4051724137931,7.85714285714286,8.25,7.57142857142857,7.54861111111111,29,14,4,7,36,685,503,182,29,255,430,7.21343065693431,7.55258449304175,6.2760989010989,6.86896551724138,7.21156862745098,7.21453488372093,34
"37",2007,2,6.82241518518518,27,7.52777777777778,5.41169,NA,7.625,6.48448473684211,18,9,0,8,19,712,521,191,29,263,449,7.19860282303371,7.55172744721689,6.23536759162304,6.86896551724138,7.22414448669202,7.18364189309577,35
"38",2007,3,7.30151515151515,33,7.3804347826087,7.12,8.5,8.25,7.04615384615385,23,10,2,7,26,745,544,201,31,270,475,7.2031613557047,7.54448529411765,6.27937915422886,6.9741935483871,7.25074074074074,7.17611623157895,36
"39",2007,4,7.32352941176471,34,7.67307692307692,6.1875,7,7.3,7.33333333333333,26,8,1,10,24,779,570,209,32,280,499,7.20841490372272,7.55035087719298,6.27586224880383,6.975,7.2525,7.1836777755511,37
"40",2007,5,6.88,35,7.31923076923077,5.61111111111111,6,7,6.76666666666667,26,9,1,17,18,814,596,218,33,297,517,7.19429386977887,7.54026845637584,6.24841839449541,6.94545454545455,7.23804713804714,7.16915901353965,38
"41",2007,6,7.11111111111111,27,7.5,6.33333333333333,6,6.41666666666667,7.30952380952381,18,9,3,6,21,841,614,227,36,303,538,7.19162331747919,7.53908794788274,6.2517850660793,6.86666666666667,7.22178217821782,7.17463793680297,39
"42",2007,7,7.39722222222222,36,8.01304347826087,6.30769230769231,6,6.78571428571429,7.5448275862069,23,13,3,7,29,877,637,240,39,310,567,7.20006295324971,7.55620094191523,6.254813375,6.8,7.21193548387097,7.1935717989418,40
"43",2007,8,6.6484375,32,7.3375,5.5,7,6.22222222222222,6.81521739130435,20,12,1,9,23,909,657,252,40,319,590,7.18064379537954,7.54954337899543,6.21886988095238,6.805,7.18401253918495,7.17882238983051,41
"44",2007,9,6.65476190476191,21,7.45,4.66666666666667,6,6.21428571428571,6.875,15,6,1,7,14,930,672,258,41,326,604,7.16876904301075,7.54732142857143,6.18277213178295,6.78536585365854,7.16319018404908,7.17178014900662,42
"45",2007,10,6.51290322580645,31,7.3,5.08181818181818,5,6.88888888888889,6.35909090909091,20,11,1,9,22,961,692,269,42,335,626,7.14761208116545,7.54017341040462,6.13775171003718,6.74285714285714,7.15582089552239,7.14321918530351,43
"46",2007,11,7.06756756756757,37,7.25806451612903,6.08333333333333,7.25,6.45,7.2962962962963,31,6,2,10,27,998,723,275,44,345,653,7.144644498998,7.52807745504841,6.1365644,6.76590909090909,7.13536231884058,7.14954856049004,44
"47",2007,12,6.64705882352941,51,6.953125,6.13157894736842,5,6.04615384615385,6.85263157894737,32,19,2,13,38,1049,755,294,46,358,691,7.12045301239275,7.50370860927152,6.13624221088435,6.68913043478261,7.09581005586592,7.13322027496382,45
"48",2008,1,7.13137254901961,51,7.30238095238095,6.33333333333333,7.5,7.10526315789474,7.146875,42,9,4,19,32,1100,797,303,50,377,723,7.12095928181818,7.4930991217064,6.14209640264026,6.754,7.09628647214854,7.13382463347164,46
"49",2008,2,7.06617647058824,34,7.44565217391304,6.27272727272727,7,6.99583333333333,7.10454545454545,23,11,2,12,22,1134,820,314,52,389,745,7.11931676366843,7.49176829268293,6.1466726433121,6.76346153846154,7.09318766066838,7.13296001342282,47
"50",2008,3,6.66774193548387,31,7.25952380952381,5.425,5.5,6.2,6.89047619047619,21,10,2,10,21,1165,841,324,54,399,766,7.10730060944206,7.48596908442331,6.1243987962963,6.71666666666667,7.07080200501253,7.1263122845953,48
"51",2008,4,7.1875,40,7.59259259259259,6.34615384615385,5,7.07142857142857,7.25,27,13,1,14,26,1205,868,337,55,413,792,7.10996282987552,7.48928571428571,6.1329531454006,6.68545454545455,7.07082324455206,7.13037273989899,49
"52",2008,5,6.77948717948718,39,7.32857142857143,6.13888888888889,6.625,6.44444444444444,6.88,21,18,4,9,30,1244,889,355,59,422,822,7.09960225884244,7.48548931383577,6.13325411267606,6.68135593220339,7.0574644549763,7.1212350486618,50
"53",2008,6,7.328125,32,7.69444444444444,6.85714285714286,8,6.375,7.64583333333333,18,14,1,8,24,1276,907,369,60,430,846,7.10533323667712,7.4896361631753,6.16071872628726,6.70333333333333,7.04476744186046,7.13611726950354,51
"54",2008,7,6.781,30,7.2965,5.75,5.375,6.543,6.9,20,10,4,10,20,1306,927,379,64,440,866,7.09788300918836,7.48546925566343,6.14988182058048,6.6203125,7.03336363636364,7.1306642147806,52
"55",2008,8,6.76486486486487,37,7.15,6.31176470588235,5.28571428571429,6.9,6.71481481481482,20,17,7,10,27,1343,947,396,71,450,893,7.0887082725242,7.47838437170011,6.15683133838384,6.4887323943662,7.0304,7.11809094064949,53
"56",2008,9,6.756,25,6.99333333333333,6.4,6.66666666666667,6.07142857142857,7.02222222222222,15,10,3,7,18,1368,962,406,74,457,911,7.08262807748538,7.47082120582121,6.16282071428572,6.49594594594595,7.01571115973742,7.11619671789242,54
"57",2008,10,6.44444444444444,18,6.83333333333333,5.66666666666667,4.75,6.625,6.3,12,6,2,8,10,1386,974,412,76,465,921,7.07433997835498,7.46296714579055,6.15559516990291,6.45,7.00898924731183,7.10733464712269,55
"58",2008,11,7.075,34,7.53636363636364,6.22916666666667,6.33333333333333,6.33,7.38541666666667,22,12,6,10,24,1420,996,424,82,475,945,7.07435578169014,7.46458835341365,6.15767738207547,6.44146341463415,6.9946947368421,7.11439704761905,56
"59",2008,12,7.08055555555556,36,7.18695652173913,6.89230769230769,5.3,7.2,7.03461538461538,23,13,5,10,26,1456,1019,437,87,485,971,7.0745090728022,7.4583218842002,6.17953137299771,6.37586206896552,6.99892783505155,7.11226077239959,57
"60",2009,1,6.96470588235294,51,7.21285714285714,6.421875,6.575,7.58571428571429,6.86590909090909,35,16,10,7,44,1507,1054,453,97,492,1015,7.07079310550763,7.45017077798861,6.18809097130243,6.39639175257732,7.00727642276423,7.10158148768473,58
"61",2009,2,6.47164179104478,67,6.78793103448276,6.23026315789474,6.60714285714286,6,6.50967741935484,29,38,7,5,62,1574,1083,491,104,497,1077,7.04528920584498,7.43243767313019,6.19135480651731,6.41057692307692,6.99714285714286,7.06750715877437,59
"62",2009,3,6.834375,64,7.31612903225806,6.38181818181818,5.28571428571429,6.93125,6.80208333333333,31,33,7,16,48,1638,1114,524,111,513,1125,7.03704835775336,7.42920107719928,6.20334963740458,6.33963963963964,6.99508771929824,7.05618240888889,60
"63",2009,4,6.5637037037037,54,7.02631578947368,6.31257142857143,5,6.675,6.54434782608696,19,35,5,8,46,1692,1133,559,116,521,1171,7.02194161347518,7.42244483671668,6.21018821109124,6.28189655172414,6.99017274472169,7.03607618274978,61
"64",2009,5,6.64864864864865,37,6.57142857142857,6.69565217391304,7,7.66666666666667,6.45161290322581,14,23,4,6,31,1729,1147,582,120,527,1202,7.01395327356854,7.41205754141238,6.22937321305842,6.30583333333333,6.99787476280835,7.02100267054908,62
"65",2009,6,6.77444444444444,45,7.20833333333333,6.48518518518518,6.5,6.97222222222222,6.725,18,27,7,9,36,1774,1165,609,127,536,1238,7.00787779594137,7.40890987124464,6.24071463054187,6.31653543307087,6.99744402985075,7.01239516155089,63
"66",2009,7,6.89732142857143,56,7.37931034482759,6.37962962962963,6.17857142857143,6.44545454545455,7.00777777777778,29,27,7,11,45,1830,1194,636,134,547,1283,7.00449465027322,7.40819095477387,6.24661196540881,6.30932835820896,6.9863436928702,7.01223321122369,64
"67",2009,8,6.85454545454545,55,7,6.71428571428571,6.35714285714286,6.76153846153846,6.88333333333333,27,28,7,13,42,1885,1221,664,141,560,1325,7.00011947480106,7.39916461916462,6.26633314759036,6.31170212765957,6.981125,7.00814732830189,65
"68",2009,9,6.5148275862069,58,6.755,6.21923076923077,6.1875,6.47333333333333,6.5293023255814,32,26,8,15,43,1943,1253,690,149,575,1368,6.9856331497684,7.38271348762969,6.26455827536232,6.30503355704698,6.96787826086956,6.99309591374269,66
"69",2009,10,6.60234375,64,6.98958333333333,6.37,6.54444444444444,6.59333333333333,6.60510204081633,24,40,9,15,49,2007,1277,730,158,590,1417,6.97341066766318,7.37532498042287,6.27033590410959,6.31867088607595,6.95835593220339,6.97967904728299,67
"70",2009,11,6.54545454545455,55,7.20689655172414,5.80769230769231,6.25,6.4,6.57777777777778,29,26,8,10,45,2062,1306,756,166,600,1462,6.9619957371484,7.37158499234303,6.25442488095238,6.31536144578313,6.94905,6.967308625171,68
"71",2009,12,6.70625,56,7.02586206896552,6.36296296296296,6.33333333333333,6.81818181818182,6.67888888888889,29,27,6,11,45,2118,1335,783,172,611,1507,6.9552338101983,7.36407490636704,6.25816757343551,6.31598837209302,6.94669394435352,6.95869622428666,69
"72",2010,1,6.70223880597015,67,7.23571428571429,6.11875,6.375,6.66666666666667,6.70775862068966,35,32,8,9,58,2185,1370,815,180,620,1565,6.94747606864988,7.36079562043796,6.25269350920246,6.31861111111111,6.94262903225806,6.94939630031949,70
"73",2010,2,6.76938775510204,49,7.09047619047619,6.52857142857143,4.75,6.92222222222222,6.735,21,28,4,9,40,2234,1391,843,184,629,1605,6.94356992390331,7.3567145938174,6.26185671411625,6.28451086956522,6.94233704292528,6.94405309034268,71
"74",2010,3,6.75266666666667,45,7.18095238095238,6.37791666666667,7.125,6.54545454545455,6.81970588235294,21,24,4,11,34,2279,1412,867,188,640,1639,6.93980044317683,7.35410056657224,6.26506944636678,6.30239361702128,6.935515625,6.94147358755338,72
"75",2010,4,6.4741935483871,31,7.70769230769231,5.58333333333333,5.64285714285714,7.1,6.35384615384615,13,18,7,5,26,2310,1425,885,195,645,1665,6.93355203896104,7.35732631578947,6.25120362711865,6.27871794871795,6.93679069767442,6.93229742342342,73
"76",2010,5,6.05217391304348,23,6.70833333333333,5.33636363636364,5.3,5.28571428571429,6.3875,12,11,4,7,16,2333,1437,896,199,652,1681,6.92486292756108,7.35190675017397,6.23997233258929,6.25904522613065,6.91906441717791,6.92711196311719,74
"77",2010,6,7.11851851851852,27,7,7.35555555555556,NA,7.4,7.05454545454545,18,9,0,5,22,2360,1455,905,199,657,1703,6.92707847881356,7.34755326460481,6.25106653038674,6.25904522613065,6.92272450532724,6.92875819729888,75
"78",2010,7,6.36444444444444,45,7.10952380952381,5.7125,6.28,6.06666666666667,6.43888888888889,21,24,5,9,36,2405,1476,929,204,666,1739,6.91655102286902,7.34416666666667,6.23715307857912,6.25955882352941,6.91115615615616,6.91861714203565,76
"79",2010,8,6.01612903225806,31,6.63888888888889,5.15384615384615,4.9,5.5625,6.17391304347826,18,13,5,8,23,2436,1494,942,209,674,1762,6.90509245073892,7.33566934404284,6.22220298301486,6.22703349282297,6.89514836795252,6.9088962599319,77
"80",2010,9,6.67241379310345,29,7.55555555555556,6.275,6.66666666666667,6.41666666666667,6.73913043478261,9,20,3,6,23,2465,1503,962,212,680,1785,6.90235505476674,7.33698602794411,6.22330063409564,6.23325471698113,6.89092647058824,6.90670880112045,78
"81",2010,10,6.5625,24,6.71875,6.25,NA,5.7,6.85,16,8,0,6,18,2489,1519,970,212,686,1803,6.89907802732021,7.33047399605003,6.22352083505155,6.23325471698113,6.88051020408163,6.9061426566833,79
"82",2010,11,6.60510204081633,49,7.00178571428571,6.07619047619048,5.9,6.22272727272727,6.71578947368421,28,21,5,11,38,2538,1547,991,217,697,1841,6.89340236800631,7.32452488687783,6.22039879919274,6.22557603686636,6.87012912482066,6.90221358500815,80
"83",2010,12,6.67692307692308,52,6.83448275862069,6.47826086956522,6.07142857142857,6.84615384615385,6.62051282051282,29,23,7,13,39,2590,1576,1014,224,710,1880,6.88905606563707,7.3155076142132,6.22624774161736,6.22075892857143,6.86969014084507,6.89636979255319,81
"84",2011,1,6.595,40,6.76153846153846,6.28571428571429,6.5,5.5,6.86875,26,14,6,8,32,2630,1602,1028,230,718,1912,6.88458373003802,7.30651685393258,6.22705759727627,6.22804347826087,6.85442896935933,6.89590753661088,82
"85",2011,2,6.45681818181818,44,6.75172413793103,5.88666666666667,4.2,5.9,6.56216216216216,29,15,5,7,37,2674,1631,1043,235,725,1949,6.87754495512341,7.29665236051502,6.22216223394056,6.18489361702128,6.84521379310345,6.88957168291431,83
"86",2011,3,6.39473684210526,38,6.72,5.76923076923077,6.25,6.14444444444444,6.47241379310345,25,13,2,9,29,2712,1656,1056,237,734,1978,6.87077994469027,7.28794685990338,6.21658637310606,6.18544303797468,6.83662125340599,6.88345561678463,84
"87",2011,4,7.20833333333333,24,7.46153846153846,6.90909090909091,6.33333333333333,7,7.27777777777778,13,11,3,6,18,2736,1669,1067,240,740,1996,6.87374093932749,7.289298981426,6.22372559512652,6.18729166666667,6.83794594594595,6.88701162825651,85
"88",2011,5,6.67444444444444,45,7.23863636363636,6.13478260869565,6.125,6.5625,6.69864864864865,22,23,8,8,37,2781,1691,1090,248,748,2033,6.87051607695074,7.28863985807215,6.22184881651376,6.18528225806452,6.835,6.88358347761928,86
"89",2011,6,6.71363636363636,22,7.42857142857143,5.4625,6.4,7.14285714285714,6.51333333333333,14,8,3,7,15,2803,1705,1098,251,755,2048,6.86928476988941,7.28978885630498,6.21631622040073,6.18784860557769,6.83785430463576,6.88087168457031,87
"90",2011,7,6.95555555555556,27,6.88461538461539,7.02142857142857,6.08333333333333,6.41666666666667,7.10952380952381,13,14,6,6,21,2830,1718,1112,257,761,2069,6.87010784805654,7.28672293364377,6.22645252697842,6.18540856031128,6.83453350854139,6.88319246495892,88
"91",2011,8,6.42608695652174,23,7.39090909090909,5.54166666666667,4.8,7.2,6.35238095238095,11,12,5,2,21,2853,1729,1124,262,763,2090,6.8665282895198,7.28738577212261,6.21914164590748,6.15896946564886,6.83549148099607,6.87785895215311,89
"92",2011,9,6.43103448275862,29,6.38461538461539,6.46875,6.1,5,6.53703703703704,13,16,5,2,27,2882,1742,1140,267,765,2117,6.86214615197779,7.28064867967853,6.22264492105263,6.15786516853933,6.83069281045752,6.87351214454417,90
"93",2011,10,5.73269230769231,26,6.30357142857143,5.06666666666667,4,4.575,5.94318181818182,14,12,4,4,22,2908,1756,1152,271,769,2139,6.85204787138927,7.27285876993166,6.21060348090278,6.1260147601476,6.81895968790637,6.86394352968677,91
"94",2011,11,6.69736842105263,38,7.64705882352941,5.92857142857143,5.6,6.4,6.74242424242424,17,21,5,5,33,2946,1773,1173,276,774,2172,6.85005268499661,7.27644670050761,6.20555431372549,6.11648550724638,6.81625322997416,6.86209724217311,92
"95",2011,12,6.47777777777778,36,6.98636363636364,5.67857142857143,6.25,6.1875,6.56071428571429,22,14,4,8,28,2982,1795,1187,280,782,2200,6.84555842052314,7.27289136490251,6.19933884582982,6.11839285714286,6.80982097186701,6.85826145909091,93
"96",2012,1,6.86428571428571,56,7.2,6.448,5.9375,6.67857142857143,6.92619047619048,31,25,8,14,42,3038,1826,1212,288,796,2242,6.8459036240948,7.27165388828039,6.20446799504951,6.11336805555556,6.80751256281407,6.85953399197145,94
"97",2012,2,6.81818181818182,33,7,6.33333333333333,7,6.16666666666667,6.96296296296296,24,9,2,6,27,3071,1850,1221,290,802,2269,6.84560573428851,7.26812972972973,6.20541786240786,6.11948275862069,6.80271820448878,6.8607647465844,95
"98",2012,3,6.33108108108108,37,6.36904761904762,6.28125,5.33333333333333,6.1,6.3671875,21,16,6,5,32,3108,1871,1237,296,807,2301,6.83948044079794,7.25803848209514,6.20639871463218,6.1035472972973,6.79836431226766,6.85390056931769,96
"99",2012,4,6.73928571428571,28,6.98235294117647,6.36363636363636,3,6.35714285714286,6.86666666666667,17,11,1,7,21,3136,1888,1248,297,814,2322,6.83858584502551,7.2555561440678,6.20778462339744,6.09309764309764,6.79457002457002,6.85401602497847,97
"100",2012,5,6.19310344827586,29,6.41176470588235,5.88333333333333,5.53333333333333,5.5,6.304,17,12,3,4,25,3165,1905,1260,300,818,2347,6.83267147235387,7.24802624671916,6.20469461111111,6.0875,6.78823960880196,6.84815731146144,98
"101",2012,6,6.8625,32,7.625,5.59166666666667,5,4.5,7.2,20,12,1,4,28,3197,1925,1272,301,822,2375,6.83297003753519,7.25194285714286,6.19891132861635,6.08388704318937,6.77710462287105,6.85230535157895,99
"102",2012,7,6.77904761904762,21,7.41666666666667,5.92888888888889,7,6.41666666666667,6.924,12,9,1,6,15,3218,1937,1281,302,828,2390,6.83261815102548,7.25296334537945,6.19701421545668,6.08692052980132,6.77449275362319,6.85275531799163,100
"103",2012,8,6.75,22,7.02941176470588,5.8,NA,7,6.725,17,5,0,2,20,3240,1954,1286,302,830,2410,6.83205716358025,7.25101842374616,6.19547061430793,6.08692052980132,6.77503614457831,6.85169510788382,101
"104",2012,9,6.38235294117647,17,6.6875,6.11111111111111,6.25,6,6.46428571428571,8,9,4,3,14,3257,1962,1295,306,833,2424,6.82970992017194,7.24872069317023,6.19488433204633,6.0890522875817,6.77224489795918,6.84945759488449,102
"105",2012,10,6.56730769230769,26,6.75,6.35416666666667,7,6.625,6.55681818181818,14,12,2,4,22,3283,1976,1307,308,837,2446,6.82763180322875,7.24518724696356,6.19634675592961,6.09496753246753,6.77154121863799,6.84682551512674,103
"106",2012,11,6.06818181818182,22,6.69230769230769,5.16666666666667,5.5,6.5,6.025,13,9,2,2,20,3305,1989,1316,310,839,2466,6.82257646293495,7.24157365510307,6.18930487082067,6.09112903225806,6.77089392133492,6.84016026358475,104
"107",2012,12,6.78571428571429,28,7.19444444444444,6.05,6,6.8,6.78260869565217,18,10,3,5,23,3333,2007,1326,313,844,2489,6.82226678967897,7.2411509715994,6.18825430618401,6.09025559105431,6.7710663507109,6.83962844917638,105
"108",2013,1,6.3625,40,6.60416666666667,6,5.66666666666667,6.37142857142857,6.36060606060606,24,16,3,7,33,3373,2031,1342,316,851,2522,6.81681447079751,7.23362383062531,6.18600984351714,6.08623417721519,6.76777908343126,6.83336051149881,106
"109",2013,2,6.73055555555556,36,6.97083333333333,6.25,7.16666666666667,6.8,6.71935483870968,24,12,3,5,31,3409,2055,1354,319,856,2553,6.8159035523614,7.23055474452555,6.18657696454949,6.09639498432602,6.76796728971963,6.83197618879749,107
"110",2013,3,6.54761904761905,21,7.22727272727273,5.8,4.33333333333333,5.9,6.75,11,10,3,5,16,3430,2066,1364,322,861,2569,6.8142609941691,7.23053727008712,6.18374282258065,6.07996894409938,6.76292682926829,6.83146563254185,108
"111",2013,4,7.25,28,7.22222222222222,7.3,6.75,7.33333333333333,7.22727272727273,18,10,2,6,22,3458,2084,1374,324,867,2591,6.81778924522846,7.23046545105566,6.1918669650655,6.0841049382716,6.76687427912341,6.83482640293323,109
"112",2013,5,6.41666666666667,18,7.28571428571429,5.86363636363636,7,4.6,7.11538461538461,7,11,2,5,13,3476,2091,1385,326,872,2604,6.81571208573073,7.23065040650406,6.18926007942239,6.08972392638037,6.7544495412844,6.83622703917051,110
"113",2013,6,7.05862068965517,29,7.01176470588235,7.125,6.125,6.28333333333333,7.26086956521739,17,12,4,6,23,3505,2108,1397,330,878,2627,6.81772188587732,7.22888519924099,6.19729793128132,6.09015151515151,6.75123006833713,6.83994488389798,111
"114",2013,7,6.44722222222222,36,7.13684210526316,5.67647058823529,5.66666666666667,6.33333333333333,6.45757575757576,19,17,3,3,33,3541,2127,1414,333,881,2660,6.81395515673538,7.22806299952985,6.19103621640736,6.08633633633633,6.74980703745744,6.83520120676692,112
"115",2013,8,6.63636363636364,22,7,6,5.7,4.66666666666667,6.94736842105263,14,8,5,3,19,3563,2141,1422,338,884,2679,6.81285860510805,7.22657169546941,6.1899614697609,6.08062130177515,6.74273755656109,6.83599671892497,113
"116",2013,9,7.225,20,7.31818181818182,7.11111111111111,7.5,8,7.08823529411765,11,9,2,3,17,3583,2152,1431,340,887,2696,6.81515914317611,7.22703996282528,6.19575486373166,6.08897058823529,6.74698985343856,6.83758724406528,114
"117",2013,10,6.62758620689655,29,6.92857142857143,6.34666666666667,6.5,6.57142857142857,6.64545454545455,14,15,3,7,22,3612,2166,1446,343,894,2718,6.81365315891473,7.2251108033241,6.19732033886584,6.09256559766764,6.74561521252796,6.83603208609272,115
"118",2013,11,6.74545454545455,22,7.28333333333333,6.1,7,6.22,6.9,12,10,1,5,17,3634,2178,1456,344,899,2735,6.81324028893781,7.22543158861341,6.19665192994506,6.09520348837209,6.74269187986652,6.8364296928702,116
"119",2013,12,6.17407407407407,27,7.14166666666667,5.4,5.41666666666667,5.475,6.46842105263158,12,15,6,8,19,3661,2190,1471,350,907,2754,6.80852641627971,7.22497260273973,6.18852835486064,6.08357142857143,6.73151047409041,6.83389078068264,117
"120",2014,1,6.67179487179487,39,7.27142857142857,5.97222222222222,6.14285714285714,6.6,6.68235294117647,21,18,7,5,34,3700,2211,1489,357,912,2788,6.80708519189189,7.22541383989145,6.18591350570853,6.08473389355742,6.73078947368421,6.83204275824964,118
"121",2014,2,6.15277777777778,36,6.675,5.5,5.375,6.75,6.03333333333333,20,16,4,6,30,3736,2231,1505,361,918,2818,6.80078030246253,7.22047960555805,6.17862140199336,6.07686980609418,6.73091503267974,6.82353981902058,119
"122",2014,3,6.81818181818182,33,7,6.33333333333333,7.5,6.45,6.86896551724138,24,9,1,4,29,3769,2255,1514,362,922,2847,6.80093266383656,7.21813303769401,6.17954108982827,6.08080110497237,6.72969631236443,6.82400253249034,120
"123",2014,4,6.89473684210526,19,7.03846153846154,6.58333333333333,7,6.58333333333333,7.03846153846154,13,6,3,6,13,3788,2268,1520,365,928,2860,6.80140317053854,7.21710317460318,6.18113500657895,6.08835616438356,6.72875,6.82497734615385,121
"124",2014,5,6.34166666666667,24,6.92727272727273,5.84615384615385,5.91666666666667,5.24,6.63157894736842,11,13,6,5,19,3812,2279,1533,371,933,2879,6.79850871196223,7.21570425625274,6.17829433137639,6.0855795148248,6.72077170418006,6.82370101076763,122
"125",2014,6,6.5551724137931,29,6.98529411764706,5.94583333333333,6.25,7.0625,6.36190476190476,17,12,5,8,21,3841,2296,1545,376,941,2900,6.7966714944025,7.21399825783972,6.17648880906149,6.08776595744681,6.72367693942614,6.82035696896552,123
"126",2014,7,6.27727272727273,22,6.55555555555556,6.08461538461538,6.5,7.25,6.18,9,13,5,2,20,3863,2305,1558,381,943,2920,6.79371348951592,7.2114273318872,6.17572221437741,6.09317585301837,6.72479321314952,6.81597096232877,124
"127",2014,8,6.34375,32,6.89473684210526,5.53846153846154,6.66666666666667,5.85714285714286,6.48,19,13,3,7,25,3895,2324,1571,384,950,2945,6.79001674197689,7.20883820998279,6.17044889242521,6.09765625,6.7184,6.81311891680815,125
"128",2014,9,6.08518518518519,27,6.28666666666667,5.83333333333333,6,6.25,6.072,15,12,2,2,25,3922,2339,1583,386,952,2970,6.78516451045385,7.20292432663531,6.16789337334176,6.09715025906736,6.71741596638655,6.80688054208754,126
"129",2014,10,6.65,24,6.85,6.25,7,5.9,6.84736842105263,16,8,2,5,19,3946,2355,1591,388,957,2989,6.78434242524075,7.20052653927813,6.16830622878693,6.10180412371134,6.71314524555904,6.80713790899966,127
"130",2014,11,6.57142857142857,21,7.17857142857143,5.35714285714286,5.25,7.5,6.28125,14,7,2,5,16,3967,2369,1598,390,962,3005,6.78321532896395,7.20039679189531,6.1647529474343,6.0974358974359,6.71723492723493,6.80433784026622,128
"131",2014,12,6.16923076923077,26,6.64285714285714,5.61666666666667,6.14,6.02857142857143,6.22105263157895,14,12,5,7,19,3993,2383,1610,395,969,3024,6.77921743300776,7.19712127570289,6.16066783229814,6.0979746835443,6.7122600619195,6.80067301917989,129
"132",2015,1,6.33571428571429,35,7.01388888888889,5.61764705882353,5.2,6.5,6.3203125,18,17,5,3,32,4028,2401,1627,400,972,3056,6.77536375620655,7.19574760516451,6.15499398279041,6.08675,6.71160493827161,6.79564306609948,130
"133",2015,2,6.77619047619048,21,6.95333333333333,6.33333333333333,NA,7,6.765,15,6,0,1,20,4049,2416,1633,400,973,3076,6.77536804396147,7.19424254966887,6.15564924066136,6.08675,6.711901336074,6.79544382639792,131
"134",2015,3,6.94,25,7.05263157894737,6.58333333333333,6.875,7.5,6.91666666666667,19,6,4,1,24,4074,2435,1639,404,974,3100,6.77637830387825,7.19313757700205,6.15721489322758,6.09455445544554,6.71271047227926,6.79638232580645,132
"135",2015,4,5.84615384615385,13,6.92857142857143,4.58333333333333,5,7,5.63636363636364,7,6,4,2,11,4087,2442,1645,408,976,3111,6.77341942989968,7.1923791973792,6.15147429179332,6.08382352941176,6.71329918032787,6.79228068466731,133
"136",2015,5,7.2375,24,7.72,6.43333333333333,6.66666666666667,5.75,7.37272727272727,15,9,3,2,22,4111,2457,1654,411,978,3133,6.77612873023595,7.19560032560032,6.15300798669891,6.08807785888078,6.71132924335378,6.79635659431854,134
"137",2015,6,6.5875,24,7.06111111111111,5.16666666666667,6,6.33333333333333,6.62380952380952,18,6,1,3,21,4135,2475,1660,412,981,3154,6.77503390810157,7.19462222222222,6.14944289759036,6.0878640776699,6.71017329255861,6.79520773937857,135
"138",2015,7,6.54545454545455,22,6.83333333333333,5.92857142857143,7,7.33333333333333,6.42105263157895,15,7,1,3,19,4157,2490,1667,413,984,3173,6.77381891027183,7.19244578313253,6.14851542291542,6.09007263922518,6.71207317073171,6.79296728963126,136
"139",2015,8,6.69230769230769,26,7.03333333333333,6.22727272727273,4.66666666666667,5.57142857142857,7.10526315789474,15,11,3,7,19,4183,2505,1678,416,991,3192,6.77331226631604,7.19149301397205,6.14903171036949,6.07980769230769,6.70401614530777,6.79482619360902,137
"140",2015,9,6.41875,16,7.36,4.85,6.6,NA,6.41875,10,6,1,0,16,4199,2515,1684,417,991,3208,6.77196123124553,7.19216302186878,6.14440333135392,6.0810551558753,6.70401614530777,6.79295050187032,138
"141",2015,10,5.85352941176471,17,6.25416666666667,4.892,NA,4.625,6.01733333333333,12,5,0,2,15,4216,2527,1689,417,993,3223,6.76825787713472,7.18770874554808,6.14069580224985,6.0810551558753,6.69982880161128,6.78934074154514,139
"142",2015,11,5.98260869565217,23,6.20833333333333,5.73636363636364,4.75,5.4,6.14444444444444,12,11,4,5,18,4239,2539,1700,421,998,3241,6.7639950955414,7.1830799527373,6.13807953529412,6.06840855106888,6.69331663326653,6.7857590897871,140
"143",2015,12,6.43372093023256,43,6.826,5.88888888888889,5.3,6.83333333333333,6.40375,25,18,5,3,40,4282,2564,1718,426,1001,3281,6.76067847034096,7.17959828393136,6.1354686903376,6.0593896713615,6.69373626373626,6.78110186223712,141
"144",2016,1,6.36206896551724,29,6.91176470588235,5.58333333333333,6.625,5.5,6.42592592592593,17,12,4,2,27,4311,2581,1730,430,1003,3308,6.75799703317096,7.17783417280124,6.13163884971098,6.0646511627907,6.69135593220339,6.7782029050786,142
"145",2016,2,7.02727272727273,33,7.37777777777778,6.60666666666667,6.73333333333333,7.11,7.0125,18,15,3,5,28,4344,2599,1745,433,1008,3336,6.76004263581952,7.17921893035783,6.13572218338109,6.06928406466512,6.69343253968254,6.78016942745803,143
"146",2016,3,5.83157894736842,19,5.83333333333333,5.83,5.5,5.75,5.84117647058823,9,10,4,2,17,4363,2608,1755,437,1010,3353,6.75599936053174,7.17457438650306,6.13398017663818,6.06407322654462,6.69156435643564,6.77540865195347,144
"147",2016,4,6.1,35,6.47391304347826,5.38333333333333,4.84285714285714,6.16666666666667,6.09375,23,12,7,3,32,4398,2631,1767,444,1013,3385,6.7507788108231,7.16844925883694,6.12888240520657,6.04481981981982,6.69000987166831,6.76896461152142,145
"148",2016,5,6.06739130434783,23,6.44230769230769,5.58,7,6.3,5.98529411764706,13,10,2,6,17,4421,2644,1777,446,1019,3402,6.7472235263515,7.16487897125567,6.12579359032077,6.04910313901345,6.68771344455348,6.76504856261023,146
"149",2016,6,6.4,20,6.79166666666667,5.8125,1,6.14285714285714,6.53846153846154,12,8,1,7,13,4441,2656,1785,447,1026,3415,6.74565980860167,7.16319277108434,6.12438947338936,6.03780760626398,6.68399610136452,6.76418600585651,147
"150",2016,7,6.56034482758621,29,6.86538461538461,6.3125,5.75,6.27777777777778,6.6875,13,16,6,9,20,4470,2669,1801,453,1035,3435,6.74445754138702,7.16174222555264,6.12606063853415,6.03399558498896,6.68046376811594,6.76373950800582,148
"151",2016,8,6.60833333333333,36,6.956,5.81818181818182,5.71428571428571,5.83333333333333,6.76333333333333,25,11,7,6,30,4506,2694,1812,460,1041,3465,6.74336999778074,7.15983296213808,6.12419161699779,6.02913043478261,6.67558117195005,6.76373599134199,149
"152",2016,9,6.65945945945946,37,7.13157894736842,6.16111111111111,6.25,8.2,6.41875,19,18,4,5,32,4543,2713,1830,464,1046,3497,6.74268659696236,7.15963509030593,6.12455475956284,6.03103448275862,6.68286806883365,6.76057912782385,150
"153",2016,10,6.8125,32,7.21428571428571,6.04545454545455,6.7,7,6.73913043478261,21,11,5,9,23,4575,2734,1841,469,1055,3520,6.74317490928962,7.16005486466715,6.1240821347094,6.03816631130064,6.68557345971564,6.76043898011364,151
"154",2016,11,6.69642857142857,28,7.11111111111111,5.95,5,6,6.75,18,10,5,2,26,4603,2752,1851,474,1057,3546,6.74289055181404,7.15973473837209,6.12314165856294,6.02721518987342,6.68427625354778,6.7603624393683,152
"155",2016,12,6.2,35,6.94117647058824,5.5,5.875,6.77777777777778,6,17,18,8,9,26,4638,2769,1869,482,1066,3572,6.73879370633894,7.15839292163236,6.11714029427502,6.0246887966805,6.68506566604128,6.75482788633818,153
"156",2017,1,6.53921568627451,51,7.203125,5.42105263157895,6.4,5.625,6.7093023255814,32,19,10,8,43,4689,2801,1888,492,1074,3615,6.73662299210919,7.1589039628704,6.11013517478814,6.03231707317073,6.67716945996276,6.75428636514523,154
"157",2017,2,6.39393939393939,33,6.39583333333333,6.38888888888889,7,6.5,6.34782608695652,24,9,2,10,23,4722,2825,1897,494,1084,3638,6.73422812579416,7.15242123893805,6.11145767527675,6.03623481781376,6.67553505535055,6.75171666025289,155
"158",2017,3,6.76777777777778,27,7.01210526315789,6.1875,6,7.355,6.6,19,8,2,6,21,4749,2844,1905,496,1090,3659,6.73441886923563,7.15148382559775,6.11177701312336,6.03608870967742,6.6792752293578,6.75084591691719,156
"159",2017,4,6.61923076923077,26,7.13125,5.8,6.25,6.325,6.75,16,10,4,8,18,4775,2860,1915,500,1098,3677,6.73379166701571,7.15137062937063,6.11014893472585,6.0378,6.67669398907104,6.75084177590427,157
"160",2017,5,6.296,25,6.41111111111111,6,6,NA,6.296,18,7,1,0,25,4800,2878,1922,501,1098,3702,6.73151150208333,7.14674079221682,6.10974776795005,6.0377245508982,6.67669398907104,6.74777018098325,158
"161",2017,6,6.72222222222222,18,6.85714285714286,6.25,6.5,6.16666666666667,6.83333333333333,14,4,2,3,15,4818,2892,1926,503,1101,3717,6.73147679742632,7.14533886583679,6.11003904984424,6.03956262425447,6.6753042688465,6.74811547215496,159
"162",2017,7,6.36111111111111,18,6.95454545454545,5.42857142857143,5,6.25,6.39285714285714,11,7,2,4,14,4836,2903,1933,505,1105,3731,6.73009826509512,7.14461591457113,6.10757124159338,6.03544554455445,6.67376470588235,6.74678242026266,160
"163",2017,8,6.90909090909091,22,7.13333333333333,6.42857142857143,5.5,7.75,6.72222222222222,15,7,2,4,18,4858,2918,1940,507,1109,3749,6.73090885343763,7.14455791638108,6.10872948969072,6.03333333333333,6.67764652840397,6.74666449986663,161
"164",2017,9,6.26724137931035,29,6.90789473684211,5.05,6,5,6.41346153846154,19,10,3,3,26,4887,2937,1950,510,1112,3775,6.72815739922243,7.14302689819544,6.10330010769231,6.03313725490196,6.67312050359712,6.74436959205298,162
"165",2017,10,6.32432432432432,37,6.65,5.94117647058824,4.85714285714286,5.35714285714286,6.55,20,17,7,7,30,4924,2957,1967,517,1119,3805,6.72512291023558,7.13969225566452,6.10189893746823,6.01721470019342,6.66488829311886,6.74283711169514,163
"166",2017,11,5.79464285714286,28,6.58333333333333,4.88461538461539,4.2,5.16666666666667,5.96590909090909,15,13,5,6,22,4952,2972,1980,522,1125,3827,6.7198617144588,7.13688425302826,6.09390667171717,5.99980842911877,6.65689777777778,6.73837084139012,164
"167",2017,12,6.19444444444444,18,7,5.68181818181818,5.16666666666667,5,6.26470588235294,7,11,3,1,17,4970,2979,1991,525,1126,3844,6.71795879476861,7.13656260490097,6.09162993972878,5.99504761904762,6.65542628774423,6.73627606919875,165
"168",2018,1,6.28529411764706,34,6.59130434782609,5.64545454545455,4.75,6.4,6.26551724137931,23,11,4,5,29,5004,3002,2002,529,1131,3873,6.71501902677858,7.13238507661559,6.08917842657343,5.98563327032136,6.65429708222812,6.7327511515621,166
"169",2018,2,6.495,20,6.54166666666667,6.425,9,2,6.73157894736842,12,8,1,1,19,5024,3014,2010,530,1132,3892,6.71414315485669,7.13003317850033,6.09051502985075,5.99132075471698,6.65018551236749,6.7327454290853,167
"170",2018,3,6.07142857142857,14,6.66666666666667,5.625,NA,NA,6.07142857142857,6,8,0,0,14,5038,3020,2018,530,1132,3906,6.7123571278285,7.12911258278146,6.08866957879088,5.99132075471698,6.65018551236749,6.73037511776754,168
"171",2018,4,7,16,7.38888888888889,6.5,6.33333333333333,10,6.8,9,7,3,1,15,5054,3029,2025,533,1133,3921,6.71326775029679,7.12988445031363,6.0900914617284,5.99324577861163,6.65314210061783,6.73064147156338,169
"172",2018,5,6.24,15,5.7625,6.78571428571429,7.33333333333333,6,6.27692307692308,8,7,3,2,13,5069,3037,2032,536,1135,3934,6.71186727362399,7.12628251564043,6.09248780019685,6.00074626865672,6.65199118942731,6.72914214794103,170
"173",2018,6,6.8875,16,7.3125,6.4625,6.4,6.83333333333333,6.9,8,8,5,3,13,5085,3045,2040,541,1138,3947,6.71241990363815,7.12677175697865,6.09393882843137,6.00443622920517,6.65246924428823,6.72970489232328,171
"174",2018,7,6.65625,16,7,6.38888888888889,7.125,7,6.60714285714286,7,9,4,2,14,5101,3052,2049,545,1140,3961,6.71224371887865,7.12648099606815,6.09523436310396,6.01266055045871,6.65307894736842,6.72927170159051,172
"175",2018,8,6.58947368421053,19,7.01538461538462,5.66666666666667,5.5,7.5,6.48235294117647,13,6,2,2,17,5120,3065,2055,547,1142,3978,6.71178812695312,7.12600978792822,6.09398307055961,6.01078610603291,6.65456217162872,6.72821649321267,173
"176",2018,9,5.90625,16,5.75,6.0625,6.5,5.5,5.96428571428571,8,8,1,2,14,5136,3073,2063,548,1144,3992,6.70927866238318,7.12242759518386,6.09386098400388,6.01167883211679,6.65254370629371,6.72553737725451,174
"177",2018,10,7.08,15,7.1,7,10,5.5,7.475,12,3,1,3,12,5151,3085,2066,549,1147,4004,6.71035822364589,7.12234035656402,6.09517677153921,6.01894353369763,6.64952920662598,6.72778351898102,175
"178",2018,11,7.19565217391304,23,7.60625,6.25714285714286,6,8.35,7.08571428571429,16,7,3,2,21,5174,3101,2073,552,1149,4025,6.71251550251256,7.12483714930667,6.09572369030391,6.01884057971014,6.65248912097476,6.72965098385093,176
"179",2018,12,6.66026315789474,19,6.91,6.4355,5.75,7.25,6.503,9,10,4,4,15,5193,3110,2083,556,1153,4040,6.71232432312728,7.1242154340836,6.09735487758041,6.01690647482014,6.65456201214224,6.72880945792079,177
"180",2019,1,6.33333333333333,27,7,5,4.5,5.66666666666667,6.52380952380952,18,9,4,6,21,5220,3128,2092,560,1159,4061,6.71036402490421,7.12350063938619,6.09263394359465,6.00607142857143,6.64944779982744,6.72774937453829,178
"181",2019,2,6.65555555555556,18,7.34545454545455,5.57142857142857,4.33333333333333,5.58,7.06923076923077,11,7,3,5,13,5238,3139,2099,563,1164,4074,6.71017567964872,7.12427843262185,6.09089576464983,5.99715808170515,6.64485395189003,6.72883903043692,179
"182",2019,3,7.01315789473684,19,7.90909090909091,5.78125,5.9375,7.10714285714286,6.95833333333333,11,8,4,7,12,5257,3150,2107,567,1171,4086,6.71127072665018,7.12701904761905,6.08972008068344,5.99673721340388,6.64761742100769,6.72951302251591,180
"183",2019,4,6.44090909090909,22,7.03571428571429,5.4,6.1,5.88571428571429,6.7,14,8,2,7,15,5279,3164,2115,569,1178,4101,6.71014400644061,7.12661504424779,6.08711121040189,5.99710017574692,6.64308998302207,6.7294050743721,181
"184",2019,5,5.63636363636364,11,6,4,NA,5,5.7,9,2,0,1,10,5290,3173,2117,569,1179,4111,6.70791119281663,7.1234194768358,6.08513944733113,5.99710017574692,6.64169635284139,6.72690104840671,182
"185",2019,6,6.835,10,7.45833333333333,5.9,6.3,5.6,6.97222222222222,6,4,2,1,9,5300,3179,2121,571,1180,4120,6.70815098301887,7.12405158854986,6.08479029231495,5.99816112084063,6.64081355932203,6.72743694417476,183
"186",2019,7,6.88461538461539,13,6.875,7,NA,6.625,7,12,1,0,4,9,5313,3191,2122,571,1184,4129,6.70858276115189,7.12311501096835,6.08522158812441,5.99816112084063,6.64076013513514,6.72803105110196,184
"187",2019,8,6.852,25,7.04444444444444,6.35714285714286,7,5.43333333333333,7.04545454545455,18,7,2,3,22,5338,3209,2129,573,1187,4151,6.70925444173848,7.122673730134,6.08611564584312,6.00165794066317,6.63770850884583,6.72971337268128,185
"188",2019,9,6.55714285714286,21,6.94666666666667,5.58333333333333,5.5,6,6.65,15,6,1,3,18,5359,3224,2135,574,1190,4169,6.70865837096473,7.12185483870967,6.08470267447307,6.00078397212543,6.63610084033614,6.72936920364596,186
"189",2019,10,5.85294117647059,17,6.875,4.94444444444444,5.75,6.25,5.8,8,9,2,2,15,5376,3232,2144,576,1192,4184,6.70595242001488,7.12124381188119,6.07991614272388,5.99991319444444,6.63545302013423,6.72603733508604,187
"190",2019,11,7.33181818181818,22,7.25454545454545,7.40909090909091,8,7.66666666666667,7.27894736842105,11,11,2,3,19,5398,3243,2155,578,1195,4203,6.70850318821786,7.12169596053037,6.08670079350348,6.0068339100346,6.63804184100419,6.72853680942184,188
"191",2019,12,6.16547823529412,17,6.86812555555556,5.375,5,5.656565,6.23333333333333,9,8,2,2,15,5415,3252,2163,580,1197,4218,6.70679840073869,7.12099419741697,6.08406852057328,6.00336206896552,6.636401946533,6.72677577287814,189
"192",2020,1,6.38333333333333,21,7.325,4.5,NA,7.33333333333333,6.225,14,7,0,3,18,5436,3266,2170,580,1200,4236,6.70554881162619,7.12186868646662,6.07895862211982,6.00336206896552,6.638144275,6.72464358120869,190
"193",2020,2,6.38888888888889,18,7.55555555555556,5.22222222222222,4.66666666666667,8.33333333333333,6,9,9,3,3,15,5454,3275,2179,583,1203,4251,6.70450372937294,7.12306049770992,6.07542001376779,5.99648370497427,6.6423716791355,6.72208661726653,191
"194",2020,3,6.95115384615385,26,7.17952380952381,5.992,8.96,6.8,6.98714285714286,21,5,1,5,21,5480,3296,2184,584,1208,4272,6.70567396715328,7.12342024575242,6.07522903388279,6.00155821917808,6.64302411423841,6.72338956226592,192
"195",2020,4,6.6875,16,6.81818181818182,6.4,7,5,7.07692307692308,11,5,1,3,13,5496,3307,2189,585,1211,4285,6.70562105895196,7.12240493801028,6.07597085883965,6.00326495726496,6.63895386457473,6.724462126021,193
"196",2020,5,6.20833333333333,18,6.65,4,4,5.2,6.59615384615385,15,3,1,5,13,5514,3322,2192,586,1216,4298,6.70399770402611,7.12027186333534,6.07312965784672,5.99984641638225,6.63303711348684,6.72407403676128,194
"197",2020,6,7.1,17,7.07,7.14285714285714,5,6.5,7.1375,10,7,1,1,16,5531,3332,2199,587,1217,4314,6.70521485084072,7.12012098739496,6.0765348840382,5.99814310051107,6.6329277978636,6.72560737366713,195
"198",2020,7,6.69166666666667,18,6.75,6.575,6.475,7,6.653125,12,6,2,2,16,5549,3344,2205,589,1219,4330,6.70517090286538,7.11879280203349,6.07789125170068,5.9997623089983,6.63353004922067,6.7253395404157,196
"199",2020,8,6.4895652173913,23,6.884,5.75,5.33333333333333,6.66666666666667,6.463,15,8,3,3,20,5572,3359,2213,592,1222,4350,6.70428092964824,7.11774430782971,6.07670592408495,5.99638513513513,6.63361139934534,6.7241333816092,197
"200",2020,9,6.41333333333333,15,7.03333333333333,6,6.6,6.25,6.47272727272727,6,9,5,4,11,5587,3365,2222,597,1226,4361,6.70349979237516,7.11759379791976,6.0763952340234,6.0014405360134,6.63235981239804,6.72349924558587,198
"201",2020,10,7.14615384615385,13,7.61111111111111,6.1,5,8,7.075,9,4,1,1,12,5600,3374,2226,598,1227,4373,6.70452738214286,7.11891023414345,6.07643765049416,5.99976588628762,6.63347443357783,6.72446380288132,199
"202",2020,11,6.85294117647059,17,6.96428571428571,6.33333333333333,6,6.48,7.00833333333333,14,3,2,5,12,5617,3388,2229,600,1232,4385,6.70497656044152,7.11827128984651,6.0767834051144,5.99976666666666,6.63285156655844,6.72524064082098,200
"203",2020,12,6.36111111111111,18,6.72727272727273,5.78571428571429,6,5.5,6.46875,11,7,1,2,16,5635,3399,2236,601,1234,4401,6.70387814374445,7.11700592233009,6.07587218694097,5.99976705490848,6.63101550243112,6.7243081595092,201
"204",2021,1,6.82588235294118,17,7.08666666666667,6.2,6.5,6.66666666666667,6.86,12,5,1,3,14,5652,3411,2241,602,1237,4415,6.70424510615711,7.11689918792143,6.07614913431504,6.00059800664452,6.63110196443007,6.7247384394111,202
"205",2021,2,6.3164375,16,6.9,5.34383333333333,4.2815,5.2815,6.46428571428571,10,6,2,2,14,5668,3421,2247,604,1239,4429,6.70315037755822,7.11626516515638,6.07419368491322,5.99490562913907,6.62892343018563,6.72391515240461,203
"206",2021,3,7.5,6,7.8,6,NA,7,8,5,1,0,3,3,5674,3426,2248,604,1242,4432,6.70399301022206,7.11726302685347,6.07416068060498,5.99490562913907,6.62981975040258,6.7247789282491,204
"207",2021,4,6.94666666666667,15,7.40909090909091,5.675,6.5,NA,6.94666666666667,11,4,2,0,15,5689,3437,2252,606,1242,4447,6.70463285990508,7.11819701192901,6.07345169182949,5.99657260726072,6.62981975040258,6.72552736901282,205
"208",2021,5,6.70857142857143,7,6.99333333333333,5,5,7,6.66,6,1,1,1,6,5696,3443,2253,607,1243,4453,6.70463770014045,7.11797941620679,6.07297523746117,5.99493080724876,6.63011756234916,6.72543907702672,206
"209",2021,6,6.65384615384615,13,6.58333333333333,6.71428571428571,6.33333333333333,6.33333333333333,6.75,6,7,3,3,10,5709,3449,2260,610,1246,4463,6.70452204238921,7.11704932734126,6.07496159734514,5.99659508196721,6.62940299357945,6.72549410934349,207
"210",2021,7,6.72222222222222,18,7,6.28571428571429,5,6,6.76470588235294,11,7,2,1,17,5727,3460,2267,612,1247,4480,6.70457767417496,7.11667720520231,6.07561235553595,5.99333823529411,6.62889825982358,6.72564290401786,208
"211",2021,8,6.86666666666667,15,7.72222222222222,5.58333333333333,4.33333333333333,2.5,7.17857142857143,9,6,3,1,14,5742,3469,2273,615,1248,4494,6.7050011041449,7.11824823580282,6.07431289485262,5.9852406504065,6.62558984775641,6.72705389630619,209
"212",2021,9,6.47894736842105,19,7.51,5.33333333333333,4.5,5.5,6.59411764705882,10,9,2,2,17,5761,3479,2282,617,1250,4511,6.7042555702135,7.11937428283989,6.07139053900088,5.98042625607779,6.623788904,6.72655291731324,210
"213",2021,10,5.40769230769231,13,6.76,4.5625,5.16666666666667,5.76666666666667,5.3,5,8,3,3,10,5774,3484,2290,620,1253,4521,6.70133639418081,7.11885853329506,6.06611930567686,5.97648870967742,6.621736735834,6.72339752488388,211
"214",2021,11,6.3,15,7.16666666666667,5,5,6,6.34615384615385,9,6,2,2,13,5789,3493,2296,622,1255,4534,6.70029648298497,7.11898171485828,6.06333327961673,5.97334887459807,6.62074592031872,6.7223158822232,212
"215",2021,12,6.43478260869565,23,7.15384615384615,5.5,6,6.66666666666667,6.4,13,10,3,3,20,5812,3506,2306,625,1258,4554,6.69924575705437,7.11911098973188,6.06089037727667,5.9734768,6.62085542925278,6.72090035353535,213
"216",2022,1,6.58,30,6.75714285714286,6.16666666666667,4.33333333333333,7,6.55,21,9,3,2,28,5842,3527,2315,628,1260,4582,6.6986334029442,7.11695580663453,6.06130160259179,5.96564171974522,6.62145724603174,6.71985600392842,214
"217",2022,2,6.5,16,6.2,7,5,6,6.61538461538461,10,6,1,3,13,5858,3537,2321,629,1263,4595,6.69809087401844,7.11436333898784,6.06372822490306,5.96410651828298,6.61998110055424,6.71956043743199,215
"218",2022,3,7.19090909090909,11,7.3875,6.66666666666667,6,8.1,7.1,8,3,1,1,10,5869,3545,2324,630,1264,4605,6.69901454080763,7.11497972637517,6.06450654475043,5.96416349206349,6.62115200158228,6.72038658197611,216
"219",2022,4,6.14285714285714,7,6.8,4.5,5,4,6.5,5,2,1,1,6,5876,3550,2326,631,1265,4611,6.69835199795779,7.11453609295774,6.06316131126397,5.9626354992076,6.61907994466403,6.7200998069833,217
"220",2022,5,6.35714285714286,21,6.73333333333333,5.41666666666667,6,6.875,6.23529411764706,15,6,2,4,17,5897,3565,2332,633,1269,4628,6.69713690690181,7.1129321542777,6.06149794596913,5.96275355450237,6.61988662726556,6.71831897363872,218
"221",2022,6,5.0975,12,4.88333333333333,5.31166666666667,4,4.075,5.60875,6,6,1,4,8,5909,3571,2338,634,1273,4636,6.69388836351328,7.10918597871744,6.05957365697177,5.95965772870662,6.61189012568735,6.71640427308024,219
"222",2022,7,6.57692307692308,13,6.79166666666667,4,NA,6.5,6.59090909090909,12,1,0,2,11,5922,3583,2339,634,1275,4647,6.69363160081054,7.10812255930784,6.05869312099188,5.95965772870662,6.6117146117647,6.71610721110394,220
"223",2022,8,6.00666666666667,15,6.85714285714286,5.2625,7.55,4.5,6.23846153846154,7,8,2,2,13,5937,3590,2347,636,1277,4660,6.69189596429173,7.10763318384401,6.0559792117597,5.96465880503144,6.60840730618637,6.71477472317597,221
"224",2022,9,6.33213333333333,15,7.42857142857143,5.37275,NA,7,6.22938461538462,7,8,0,2,13,5952,3597,2355,636,1279,4673,6.69098930443548,7.10825775090353,6.05365826326964,5.96465880503144,6.60901964816263,6.71342439760325,222
"225",2022,10,6,5,6.33333333333333,5.5,4,NA,6,3,2,1,0,5,5957,3600,2357,637,1279,4678,6.69040932348497,7.10761198055555,6.05318846414935,5.96157456828885,6.60901964816263,6.71266186618213,223
"226",2022,11,6.97368421052632,19,7.9875,6.23636363636364,6,8,6.78125,8,11,1,3,16,5976,3608,2368,638,1282,4694,6.69130996318608,7.10956295177383,6.05403936233108,5.96163479623824,6.61227467238689,6.7128956561568,224
"227",2022,12,6.23684210526316,19,6.64444444444444,5.87,7,6.66666666666667,6.15625,9,10,1,3,16,5995,3617,2378,639,1285,4710,6.6898696146789,7.10840562068012,6.05326543734231,5.96325978090766,6.61240165758755,6.71100471549894,225
