"","year","month","avg_rating","no_ratings","avg_rating_owned","avg_rating_not_owned","avg_rating_prev_owned","avg_rating_comment","avg_rating_no_comment","no_ratings_owned","no_ratings_not_owned","no_ratings_prev_owned","no_ratings_comment","no_ratings_no_comment","cum_no_ratings","cum_no_ratings_owned","cum_no_ratings_not_owned","cum_no_ratings_prev_owned","cum_no_ratings_comment","cum_no_ratings_no_comment","cum_avg_rating","cum_avg_rating_owned","cum_avg_rating_not_owned","cum_avg_rating_prev_owned","cum_avg_rating_comment","cum_avg_rating_no_comment","month_after_release"
"1",2011,8,9,1,9,NA,NA,NA,9,1,0,0,0,1,1,1,0,0,0,1,9,9,NA,NA,NA,9,-2
"2",2011,10,7.90166666666667,60,8.65161290322581,7.1,7.8,7.56428571428571,8.00434782608696,31,29,5,14,46,61,32,29,5,14,47,7.91967213114754,8.6625,7.1,7.8,7.56428571428571,8.02553191489362,0
"3",2011,11,7.75806451612903,155,8.47536231884058,7.18255813953488,7.69230769230769,7.84,7.7295652173913,69,86,13,40,115,216,101,115,18,54,162,7.8037037037037,8.53465346534654,7.16173913043478,7.72222222222222,7.76851851851852,7.81543209876543,1
"4",2011,12,7.8479381443299,97,8.67019230769231,6.89777777777778,8.5,7.275,8.016,52,45,2,22,75,313,153,160,20,76,237,7.81741214057508,8.58071895424836,7.0875,7.8,7.62565789473684,7.8789029535865,2
"5",2012,1,7.94380952380952,105,8.58255813953488,7.5008064516129,8.13,7.48846153846154,8.09367088607595,43,62,10,26,79,418,196,222,30,102,316,7.84916267942584,8.58112244897959,7.20292792792793,7.91,7.5906862745098,7.93259493670886,3
"6",2012,2,8.45725806451613,62,8.77428571428571,8.0462962962963,7.63333333333333,8.446875,8.46086956521739,35,27,3,16,46,480,231,249,33,118,362,7.92770833333333,8.61038961038961,7.29437751004016,7.88484848484848,7.70677966101695,7.99972375690608,4
"7",2012,3,7.81222222222222,45,8.30208333333333,7.25238095238095,7,7.125,7.96081081081081,24,21,3,8,37,525,255,270,36,126,399,7.91780952380952,8.58137254901961,7.29111111111111,7.81111111111111,7.66984126984127,7.99611528822055,5
"8",2012,4,7.76913580246914,81,8.31707317073171,7.2075,7.22727272727273,7.61538461538461,7.79852941176471,41,40,11,13,68,606,296,310,47,139,467,7.89793729372937,8.54476351351351,7.28032258064516,7.67446808510638,7.66474820143885,7.96734475374732,6
"9",2012,5,7.88409090909091,88,8.43469387755102,7.19230769230769,7.33333333333333,7.71,7.93529411764706,49,39,3,20,68,694,345,349,50,159,535,7.89618155619597,8.52913043478261,7.27048710601719,7.654,7.67044025157233,7.96327102803738,7
"10",2012,6,7.87608695652174,69,8.38974358974359,7.20833333333333,7.25,7.77272727272727,7.89568965517241,39,30,2,11,58,763,384,379,52,170,593,7.89436435124508,8.51497395833333,7.2655672823219,7.63846153846154,7.67705882352941,7.9566610455312,8
"11",2012,7,7.72048192771084,83,8.59142857142857,7.08541666666667,7.33333333333333,7.21428571428571,7.8231884057971,35,48,6,14,69,846,419,427,58,184,662,7.87730496453901,8.52136038186157,7.24531615925058,7.60689655172414,7.64184782608696,7.94274924471299,9
"12",2012,8,7.70864197530864,81,8.3025641025641,7.15714285714286,6.5,7.13684210526316,7.88387096774194,39,42,2,19,62,927,458,469,60,203,724,7.86256742179072,8.50272925764192,7.23742004264392,7.57,7.59458128078818,7.93770718232044,10
"13",2012,9,7.80977011494253,87,8.38518518518518,6.86818181818182,7.6,7.82105263157895,7.80661764705882,54,33,5,19,68,1014,512,502,65,222,792,7.85803747534517,8.49033203125,7.21314741035857,7.57230769230769,7.61396396396396,7.92645202020202,11
"14",2012,10,7.87380952380952,126,8.47833333333333,7.32424242424242,7.45,7.44347826086956,7.96990291262136,60,66,10,23,103,1140,572,568,75,245,895,7.85978070175439,8.48907342657342,7.22605633802817,7.556,7.59795918367347,7.93145251396648,12
"15",2012,11,7.89591836734694,147,8.5953947368421,7.14718309859155,8.069,7.66666666666667,7.97027027027027,76,71,10,36,111,1287,648,639,85,281,1006,7.86390831390831,8.50154320987654,7.21729264475743,7.61635294117647,7.6067615658363,7.93573558648111,13
"16",2012,12,7.81925619834711,121,8.42615384615385,7.11482142857143,7.825,7.65555555555556,7.8478640776699,65,56,8,18,103,1408,713,695,93,299,1109,7.86007102272727,8.49467040673212,7.20903597122302,7.63430107526882,7.60969899665552,7.92757439134355,14
"17",2013,1,8.04013605442177,147,8.50192307692308,7.51811594202899,7.70833333333333,8.31,7.97094017094017,78,69,12,30,117,1555,791,764,105,329,1226,7.87709324758842,8.49538558786346,7.2369502617801,7.64276190476191,7.67355623100304,7.93171288743883,15
"18",2013,2,7.69554455445545,101,8.6030612244898,6.84038461538462,6.9,7.46666666666667,7.73546511627907,49,52,10,15,86,1656,840,816,115,344,1312,7.86602053140097,8.50166666666667,7.21167892156863,7.57817391304348,7.66453488372093,7.91884908536585,16
"19",2013,3,7.87465137614679,109,8.40185185185185,7.35703636363636,7.72207692307692,6.49058333333333,8.04587628865979,54,55,13,12,97,1765,894,871,128,356,1409,7.86655354107649,8.49563758389262,7.22085763490241,7.5927890625,7.62496348314607,7.92759403832505,17
"20",2013,4,7.96025210084034,119,8.4665671641791,7.30788461538462,7.88588235294118,8.32318181818182,7.8779381443299,67,52,17,22,97,1884,961,923,145,378,1506,7.87247186836518,8.49361082206035,7.22576056338028,7.62715172413793,7.66560052910053,7.92439575033201,18
"21",2013,5,7.84583333333333,120,8.30762711864407,7.39918032786885,7.5,7.05,8.005,59,61,12,20,100,2004,1020,984,157,398,1606,7.87087674650699,8.48285294117647,7.23651117886179,7.61743312101911,7.63466582914573,7.92941469489415,19
"22",2013,6,7.69272727272727,110,8.56020408163265,6.99590163934426,7.10714285714286,7.70833333333333,7.68967391304348,49,61,14,18,92,2114,1069,1045,171,416,1698,7.86160690633869,8.48639850327409,7.22246602870813,7.57565497076023,7.63785336538462,7.91642520612485,20
"23",2013,7,7.7218253968254,126,8.21833333333333,7.27045454545455,7.25,7.44318181818182,7.78076923076923,60,66,14,22,104,2240,1129,1111,185,438,1802,7.85374419642857,8.47215234720992,7.22531683168317,7.55101081081081,7.62807534246576,7.90859600443951,21
"24",2013,8,7.90700934579439,107,8.47672413793103,7.23265306122449,6.33125,8.38409090909091,7.78352941176471,58,49,8,22,85,2347,1187,1160,193,460,1887,7.85617256071581,8.47237573715249,7.22562672413793,7.50045077720207,7.66423260869565,7.90296237413885,22
"25",2013,9,7.60758928571429,112,8.24830508474576,6.89433962264151,7.10833333333333,8.08666666666667,7.53350515463918,59,53,12,15,97,2459,1246,1213,205,475,1984,7.84485034566897,8.46176565008026,7.21115169002473,7.47749756097561,7.67757263157895,7.88489919354839,23
"26",2013,10,7.75081818181818,110,8.24566666666667,7.157,7.03125,7.61333333333333,7.77252631578947,60,50,16,15,95,2569,1306,1263,221,490,2079,7.84082405605294,8.45183767228178,7.20900791765637,7.44519004524887,7.67560612244898,7.87976430976431,24
"27",2013,11,7.59113475177305,141,8.25234375,7.04155844155844,7.3695652173913,7.24074074074074,7.67412280701754,64,77,23,27,114,2710,1370,1340,244,517,2193,7.82783284132841,8.44251824817518,7.19938582089552,7.43806147540984,7.65289555125725,7.86907432740538,25
"28",2013,12,7.78602941176471,136,8.105,7.33035714285714,7.10714285714286,7.60434782608696,7.82300884955752,80,56,14,23,113,2846,1450,1396,258,540,2306,7.8258352073085,8.42389655172414,7.20463968481375,7.42010465116279,7.65082777777778,7.8668169991327,26
"29",2014,1,7.79210526315789,152,8.47397260273973,7.1620253164557,7.06521739130435,7.628,7.8244094488189,73,79,23,25,127,2998,1523,1475,281,565,2433,7.82412508338893,8.42629678266579,7.20235728813559,7.39105693950178,7.64981769911504,7.8646033703247,27
"30",2014,2,7.7615873015873,126,8.15983870967742,7.37578125,7.19230769230769,7.7,7.77533980582524,62,64,13,23,103,3124,1585,1539,294,588,2536,7.82160275288092,8.4158738170347,7.20956920077973,7.38226870748299,7.6517806122449,7.86097791798107,28
"31",2014,3,7.67798165137615,109,8.34912280701754,6.94230769230769,6.95,7.61764705882353,7.68913043478261,57,52,10,17,92,3233,1642,1591,304,605,2628,7.81676059387566,8.41355663824604,7.20083406662476,7.36804934210526,7.65082148760331,7.85496194824962,29
"32",2014,4,7.945,110,8.41,7.27333333333333,7.14285714285714,8.78928571428571,7.821875,65,45,7,14,96,3343,1707,1636,311,619,2724,7.82098025725396,8.41342120679555,7.2028282396088,7.3629807073955,7.67657027463651,7.85379588839941,30
"33",2014,5,7.99277108433735,83,8.33928571428571,7.27407407407407,6.2,7.375,8.09718309859155,56,27,5,12,71,3426,1763,1663,316,631,2795,7.82514214827788,8.41106636415201,7.20398496692724,7.34457911392405,7.6708351822504,7.85997853309481,31
"34",2014,6,7.95879120879121,91,8.58050847457627,6.8125,6.58333333333333,7.94047619047619,7.96428571428571,59,32,6,21,70,3517,1822,1695,322,652,2865,7.82860022746659,8.41655323819978,7.19659410029498,7.33039440993789,7.67951993865031,7.86252705061082,32
"35",2014,7,7.67927927927928,111,8.35087719298246,6.97037037037037,7.42307692307692,7.42857142857143,7.73777777777778,57,54,13,21,90,3628,1879,1749,335,673,2955,7.82403169790518,8.41456093666844,7.18960949113779,7.33399104477612,7.67168945022288,7.85872758037225,33
"36",2014,8,7.8404958677686,121,8.32333333333333,7.3655737704918,7.36428571428571,7.845,7.83960396039604,60,61,14,20,101,3749,1939,1810,349,693,3056,7.82456308348893,8.41173800928314,7.19553977900552,7.33520630372493,7.6766911976912,7.85809554973822,34
"37",2014,9,7.85402298850575,87,8.57659574468085,7.005,7.025,7.84444444444444,7.85652173913043,47,40,8,18,69,3836,1986,1850,357,711,3125,7.82523123044838,8.41563947633434,7.19142,7.32825490196078,7.68093811533052,7.8580608,35
"38",2014,10,7.58636363636364,121,7.9484126984127,7.19310344827586,7.17058823529412,7.7047619047619,7.5615,63,58,17,21,100,3957,2049,1908,374,732,3225,7.81792696487238,8.4012737920937,7.19147117400419,7.32108823529412,7.68162158469945,7.84886511627907,36
"39",2014,11,7.66625,120,8.31285714285714,6.761,6.75,7.64375,7.66971153846154,70,50,2,16,104,4077,2119,1958,376,748,3329,7.81346259504538,8.39835299669656,7.18047854954035,7.31805053191489,7.6808114973262,7.84326824872334,37
"40",2014,12,7.721875,112,8.29642857142857,7.14732142857143,7.09444444444444,8.16578947368421,7.63118279569892,56,56,9,19,93,4189,2175,2014,385,767,3422,7.81101384578658,8.39572873563218,7.17955660377358,7.31282337662338,7.69282529335072,7.83750438340152,38
"41",2015,1,7.73886524822695,141,8.21743902439024,7.07372881355932,7.13,7.14210526315789,7.83180327868852,82,59,15,19,122,4330,2257,2073,400,786,3544,7.80866443418014,8.38925121843155,7.17654462132176,7.3059675,7.67951272264631,7.83730812641084,39
"42",2015,2,7.92702830188679,106,8.41440298507463,7.08974358974359,7.45625,7.875,7.93494565217391,67,39,8,14,92,4436,2324,2112,408,800,3636,7.81149278629396,8.38997633390706,7.17494176136364,7.30891421568627,7.68293375,7.83977860286029,40
"43",2015,3,7.8205223880597,134,8.40642857142857,7.1796875,6.22083333333333,7.93695652173913,7.7963963963964,70,64,12,23,111,4570,2394,2176,420,823,3747,7.81175754923413,8.39045739348371,7.17508134191176,7.27782619047619,7.69003280680437,7.83849346143582,41
"44",2015,4,7.53628318584071,113,8.18095238095238,6.724,6.875,7.21875,7.58865979381443,63,50,12,16,97,4683,2457,2226,432,839,3844,7.80511039931668,8.38508547008547,7.16494923629829,7.26663657407407,7.6810452920143,7.83218912591051,42
"45",2015,5,7.65745614035088,114,8.14384615384615,7.01224489795918,6.73846153846154,6.63076923076923,7.78960396039604,65,49,13,13,101,4797,2522,2275,445,852,3945,7.80160141755264,8.37886796193497,7.16166021978022,7.25120674157303,7.66501995305164,7.83109885931559,43
"46",2015,6,7.71326732673267,101,8.32450980392157,7.0898,6.8,7.64375,7.72635294117647,51,50,11,16,85,4898,2573,2325,456,868,4030,7.79977991016741,8.37779051690634,7.16011483870968,7.24032236842105,7.66462788018433,7.82888957816377,44
"47",2015,7,7.7676,125,8.32537313432836,7.12327586206897,7.21538461538462,7.61333333333333,7.78863636363636,67,58,13,15,110,5023,2640,2383,469,883,4140,7.79897909615767,8.37646022727273,7.15921821233739,7.23963113006397,7.66375651189128,7.82782004830918,45
"48",2015,8,8.0136690647482,139,8.31511627906977,7.52452830188679,6.9625,8.15344827586207,7.97681818181818,86,53,16,29,110,5162,2726,2436,485,912,4250,7.80476017047656,8.37452494497432,7.16716625615764,7.23048865979382,7.67932785087719,7.83167647058824,46
"49",2015,9,7.84553571428571,112,8.35564516129032,7.213,7.540625,7.61388888888889,7.88989361702128,62,50,16,18,94,5274,2788,2486,501,930,4344,7.80562609025407,8.37410509325681,7.16808809332261,7.24039321357285,7.67806129032258,7.83293623388582,47
"50",2015,10,7.80041666666667,108,8.15087301587302,7.30977777777778,6.71666666666667,8.21111111111111,7.71827777777778,63,45,6,18,90,5382,2851,2531,507,948,4434,7.8055215533259,8.36917222027359,7.17060726985381,7.23419526627219,7.68818248945148,7.83060893098782,48
"51",2015,11,7.70766666666667,150,8.245625,7.09285714285714,7.45454545454545,7.55555555555556,7.71737588652482,80,70,11,9,141,5532,2931,2601,518,957,4575,7.80286822125813,8.3658000682361,7.16851480199923,7.23887451737452,7.68693521421108,7.82711912568306,49
"52",2015,12,7.68581081081081,148,8.1975,7.08382352941176,7.69666666666667,7.47307692307692,7.7062962962963,80,68,15,13,135,5680,3011,2669,533,970,4710,7.79981813380282,8.36132846230488,7.16635706257025,7.25175797373358,7.68406907216495,7.82365605095542,50
"53",2016,1,7.81715976331361,169,8.28352272727273,7.31049382716049,7.46666666666667,7.90714285714286,7.80439189189189,88,81,18,21,148,5849,3099,2750,551,991,4858,7.80031919986322,8.35911907066796,7.17060254545455,7.25877858439202,7.6887961654894,7.82306916426513,51
"54",2016,2,7.65352459016393,122,8.10828125,7.15172413793103,7.56363636363636,6.85833333333333,7.74027272727273,64,58,11,12,110,5971,3163,2808,562,1003,4968,7.79731987941718,8.3540436294657,7.17021260683761,7.26474555160142,7.67886041874377,7.82123590982287,52
"55",2016,3,7.53984251968504,127,8.23830508474576,6.93382352941176,7.73571428571429,7.45882352941176,7.55236363636364,59,68,14,17,110,6098,3222,2876,576,1020,5078,7.79195752705805,8.35192427063936,7.16462343532684,7.27619270833333,7.6751931372549,7.81541157936196,53
"56",2016,4,7.80705128205128,156,8.25979381443299,7.06271186440678,6.66666666666667,7.76190476190476,7.81407407407407,97,59,9,21,135,6254,3319,2935,585,1041,5213,7.79233402622322,8.34923169629407,7.16257478705281,7.26681538461539,7.67694236311239,7.81537694225974,54
"57",2016,5,7.76237704918033,122,8.14797297297297,7.16791666666667,6.65714285714286,7.71904761904762,7.77138613861386,74,48,14,21,101,6376,3393,2983,599,1062,5314,7.79176082183187,8.34484232242853,7.16266074421723,7.25256594323873,7.67777495291902,7.81454083552879,55
"58",2016,6,7.84103773584906,106,8.18636363636364,7.27125,7.40833333333333,7.70833333333333,7.85797872340425,66,40,12,12,94,6482,3459,3023,611,1074,5408,7.79256664609688,8.34181844463718,7.16409758518029,7.25562520458265,7.67811638733706,7.81529585798817,56
"59",2016,7,7.53046086956522,115,8.06039655172414,6.99122807017544,6.99583333333333,7.25922727272727,7.59462365591398,58,57,12,22,93,6597,3517,3080,623,1096,5501,7.78799757465514,8.33717742394086,7.16089837662338,7.25062118780096,7.66970802919708,7.8115651699691,57
"60",2016,8,7.7815503875969,129,8.17876923076923,7.378125,7.58333333333333,7.33230769230769,7.83189655172414,65,64,12,13,116,6726,3582,3144,635,1109,5617,7.78787392209337,8.33430290340592,7.16532029262087,7.25690866141732,7.66575293056808,7.8119850453979,58
"61",2016,9,7.89522123893805,113,8.39390625,7.24387755102041,7.38666666666667,7.5478947368421,7.96542553191489,64,49,15,19,94,6839,3646,3193,650,1128,5711,7.7896476092996,8.33534914975315,7.16652583777012,7.25990307692308,7.66376773049645,7.81451059359132,59
"62",2016,10,7.79843801652893,121,8.32702985074627,7.14259259259259,7.34444444444444,7.45,7.8633431372549,67,54,9,19,102,6960,3713,3247,659,1147,5813,7.78980043103448,8.33519903043361,7.16612781028642,7.26105766312595,7.66022667829119,7.81536745226217,60
"63",2016,11,7.88503225806452,155,8.39715789473684,7.07416666666667,6.67692307692308,8.175,7.85165467625899,95,60,13,16,139,7115,3808,3307,672,1163,5952,7.79187505270555,8.33674474789916,7.16445932869671,7.24975744047619,7.6673086844368,7.81621488575269,61
"64",2016,12,7.61814516129032,124,8.41846153846154,6.7364406779661,6.5,7.875,7.5565,65,59,15,24,100,7239,3873,3366,687,1187,6052,7.78889915734217,8.33811618900077,7.15695692216281,7.23338719068413,7.67150800336984,7.81192349636484,62
"65",2017,1,7.91553459119497,159,8.25229885057471,7.50861111111111,7.16666666666667,8.12380952380952,7.88384057971014,87,72,12,21,138,7398,3960,3438,699,1208,6190,7.79162084347121,8.33623080808081,7.16432140779523,7.2322417739628,7.67937086092715,7.8135268174475,63
"66",2017,2,7.83476821192053,151,8.23571428571429,7.33208955223881,7.69047619047619,8.13684210526316,7.79128787878788,84,67,21,19,132,7549,4044,3505,720,1227,6322,7.792483905153,8.33414292779426,7.16752838801712,7.24560694444444,7.68645476772616,7.81306248022778,64
"67",2017,3,7.56114814814815,135,8.15492647058823,6.95850746268657,6.8125,7.60428571428571,7.55615702479339,68,67,16,14,121,7684,4112,3572,736,1241,6443,7.78841957313899,8.33117923151751,7.16360778275476,7.23619157608696,7.68552780016116,7.80823777743288,65
"68",2017,4,7.60932098765432,162,8.25144736842105,7.04186046511628,6.9,7.5875,7.61171232876712,76,86,24,16,146,7846,4188,3658,760,1257,6589,7.78472164160081,8.329732330468,7.16074548933844,7.225575,7.6842800318218,7.80388313856428,66
"69",2017,5,7.81326241134752,141,8.27290697674419,7.09454545454545,7.29090909090909,7.85142857142857,7.80905511811024,86,55,11,14,127,7987,4274,3713,771,1271,6716,7.78522549142356,8.32858890968648,7.15976488015082,7.22650713359274,7.68612116443745,7.80398094103633,67
"70",2017,6,7.76864406779661,118,8.18571428571429,7.16041666666667,7.275,8.11538461538461,7.72571428571429,70,48,12,13,105,8105,4344,3761,783,1284,6821,7.78498408389883,8.32628660220995,7.15977319861739,7.2272503192848,7.69046728971962,7.80277613253189,68
"71",2017,7,7.62256578947368,152,8.29329268292683,6.83685714285714,7.31538461538462,7.81095238095238,7.59236641221374,82,70,13,21,131,8257,4426,3831,796,1305,6952,7.78199418675063,8.32567532760958,7.15387287914383,7.22868969849246,7.6924061302682,7.79881127733027,69
"72",2017,8,7.52406015037594,133,8.26290322580645,6.87887323943662,6.68181818181818,7.8,7.49669421487603,62,71,11,12,121,8390,4488,3902,807,1317,7073,7.77790536352801,8.32480815508022,7.14886904151717,7.22123543990087,7.69338648443432,7.79364286724162,70
"73",2017,9,7.76656050955414,157,8.19625,7.32012987012987,6.88461538461539,7.648,7.78901515151515,80,77,13,25,132,8547,4568,3979,820,1342,7205,7.77769696969697,8.32255669877408,7.15218321186228,7.21589878048781,7.69254098360656,7.79355808466343,71
"74",2017,10,7.68256,125,8.25850746268657,7.01724137931035,7.325,6.98,7.77836363636364,67,58,20,15,110,8672,4635,4037,840,1357,7315,7.77632564575646,8.32163085221144,7.15024448848155,7.21849642857143,7.68466470154753,7.79332959671907,72
"75",2017,11,7.78869318181818,176,8.31463917525773,7.14291139240506,6.89304347826087,7.42444444444444,7.83018987341772,97,79,23,18,158,8848,4732,4116,863,1375,7473,7.77657165461121,8.32148753169907,7.1501037414966,7.20982271147161,7.68125818181818,7.79410892546501,73
"76",2017,12,7.71157142857143,140,8.16957142857143,7.25357142857143,7.31818181818182,7.25,7.75484375,70,70,11,12,128,8988,4802,4186,874,1387,7601,7.77555919003115,8.31927301124532,7.15183397037745,7.21118649885584,7.67752703677001,7.79344770424944,74
"77",2018,1,7.81514284090909,176,8.37559523809524,7.30342543478261,7.00217391304348,7.86875,7.80667855263158,84,92,23,24,152,9164,4886,4278,897,1411,7753,7.77631941728503,8.32024130167827,7.15509400187004,7.20582720178373,7.68077958894401,7.79370709918741,75
"78",2018,2,7.76032258064516,124,8.12819444444444,7.25096153846154,7.25,7.6,7.77438596491228,72,52,12,10,114,9288,4958,4330,909,1421,7867,7.77610585055986,8.31745240016136,7.15624529792148,7.2064103410341,7.68021111893033,7.79342711834244,76
"79",2018,3,7.47764285714286,140,8.125,6.79220588235294,7.31166666666667,7.37272727272727,7.49720338983051,72,68,12,22,118,9428,5030,4398,921,1443,7985,7.77167385871871,8.31469761431412,7.15061667576171,7.20778175895766,7.67552321552322,7.78904961051973,77
"80",2018,4,7.81951219512195,123,8.24722222222222,7.2156862745098,7.18181818181818,8.13333333333333,7.76571428571429,72,51,11,18,105,9551,5102,4449,932,1461,8090,7.7722899319443,8.31374539396316,7.15136258485053,7.20747532188841,7.68116358658453,7.78874674165637,78
"81",2018,5,7.66229508196721,122,8.12857142857143,7.16440677966102,7.15,6.05555555555556,7.79026548672566,63,59,10,9,113,9673,5165,4508,942,1470,8203,7.77090263000103,8.31148673765731,7.15153330523514,7.20686518046709,7.67121088435374,7.78876766305011,79
"82",2018,6,7.83105263157895,95,8.23571428571429,7.4,7.43076923076923,7.57272727272727,7.86488095238095,49,46,13,11,84,9768,5214,4554,955,1481,8287,7.77148762694512,8.31077464518604,7.15404306982872,7.20991308900524,7.67047940580689,7.78953917461084,80
"83",2018,7,7.62659166666667,120,8.178765625,6.99553571428571,6.96818181818182,7.66842105263158,7.61872277227723,64,56,11,19,101,9888,5278,4610,966,1500,8388,7.76972918082524,8.30917392951876,7.15211760086768,7.20716045548654,7.67045333333333,7.78748237243682,81
"84",2018,8,7.52935833333333,120,8.37630357142857,6.78828125,6.940625,6.72222222222222,7.5948018018018,56,64,16,9,111,10008,5334,4674,982,1509,8499,7.7668470363709,8.30987870266217,7.14713567394095,7.20281771894094,7.66479787939033,7.78496589481116,82
"85",2018,9,7.66178947368421,95,8.28595744680851,7.050625,7.01333333333333,8.64166666666667,7.52012048192771,47,48,15,12,83,10103,5381,4722,997,1521,8582,7.76585916460457,8.3096697639844,7.14615462515883,7.19996690070211,7.67250493096647,7.7824044674901,83
"86",2018,10,7.57589285714286,112,8.11145833333333,7.17421875,7.45454545454545,8.34545454545455,7.49207920792079,48,64,11,11,101,10215,5429,4786,1008,1532,8683,7.76377632305433,8.30791729600295,7.14652990806519,7.20274503968254,7.67733681462141,7.77902742600484,84
"87",2018,11,7.67753623188406,138,8.25128205128205,6.93166666666667,6.61666666666667,7.67,7.67920353982301,78,60,18,25,113,10353,5507,4846,1026,1557,8796,7.76262678837052,8.30711512620302,7.14386961205118,7.19246296296296,7.67721901091843,7.77774501364257,85
"88",2018,12,7.74212962962963,108,8.30526315789474,7.11274509803922,7.08333333333333,7.98611111111111,7.69333333333333,57,51,9,18,90,10461,5564,4897,1035,1575,8886,7.76241517445751,8.30709615384616,7.14354546457015,7.19151400966184,7.68074920634921,7.77689006752195,86
"89",2019,1,7.81339787096774,155,8.26848488636364,7.21567164179104,6.96538461538462,7.41111111111111,7.86625306569343,88,67,13,18,137,10616,5652,4964,1048,1593,9023,7.76315955256217,8.30649498761501,7.14451896454472,7.18870896946565,7.67770244821092,7.77824690346891,87
"90",2019,2,7.94380165289256,121,8.39324324324324,7.23617021276596,6.77777777777778,7.47916666666667,7.99495412844037,74,47,9,12,109,10737,5726,5011,1057,1605,9132,7.76519528825556,8.30761607928746,7.1453785950908,7.18521002838222,7.67621806853583,7.78083353153745,88
"91",2019,3,7.75879105633803,142,8.42041057971015,7.13342465753425,6.87692307692308,7.38333333333333,7.80313645669291,69,73,13,15,127,10879,5795,5084,1070,1620,9259,7.76511169592793,8.30895910267472,7.14520695121951,7.18146448598131,7.67350617283951,7.78113944702452,89
"92",2019,4,7.66452830188679,106,8.18625,7.23275862068965,6.96666666666667,7.20789473684211,7.76425287356322,48,58,15,19,87,10985,5843,5142,1085,1639,9346,7.7641411142467,8.30795105254151,7.14619450408402,7.17849493087558,7.66810860280659,7.78098225337043,90
"93",2019,5,7.79548100671141,149,8.40236951807229,7.03227272727273,6.825,7.5408335,7.83496124031008,83,66,22,20,129,11134,5926,5208,1107,1659,9475,7.76456051823244,8.30927348464395,7.14475079493088,7.17146973803071,7.66657424352019,7.78171716517151,91
"94",2019,6,7.83519083969466,131,8.24865853658537,7.14326530612245,6.97857142857143,7.33458333333333,7.94747663551402,82,49,14,24,107,11265,6008,5257,1121,1683,9582,7.76538187394585,8.30844618342211,7.14473694883013,7.16906066012489,7.66183997029115,7.78356816322271,92
"95",2019,7,7.80324786324786,117,8.37216666666667,7.20438596491228,7.54166666666667,7.75277777777778,7.81242424242424,60,57,6,18,99,11382,6068,5314,1127,1701,9681,7.76577111316113,8.30907624752802,7.14537676703049,7.17104436557232,7.66280227513228,7.7838632517302,93
"96",2019,8,7.54790849673203,153,8.04121951219512,6.97816901408451,7.00666666666667,7.65294117647059,7.53477941176471,82,71,15,17,136,11535,6150,5385,1142,1718,9817,7.76288138794972,8.30550482439025,7.14317217084494,7.16888528896673,7.66270469732247,7.78041256391973,94
"97",2019,9,7.58420634920635,126,8.15655737704918,7.04707692307692,6.90769230769231,7.66470588235294,7.57165137614679,61,65,13,17,109,11661,6211,5450,1155,1735,9926,7.76095075979761,8.30404196908711,7.14202608073394,7.16594545454546,7.6627243054755,7.77812010276043,95
"98",2019,10,7.68052338842975,121,8.25293779661017,7.1358064516129,6.72222222222222,7.3102775,7.72128440366973,59,62,9,12,109,11782,6270,5512,1164,1747,10035,7.76012477847564,8.30356108452951,7.14195612119013,7.162514604811,7.66030337721809,7.77750275435974,96
"99",2019,11,7.94999300699301,143,8.4979875,7.25412698412698,7.228125,7.76666666666667,7.9714765625,80,63,16,15,128,11925,6350,5575,1180,1762,10163,7.76240160503145,8.30601055118111,7.14322370224215,7.16340423728814,7.66120885357548,7.77994579750074,97
"100",2019,12,7.67328767123288,146,8.10767123287671,7.23890410958904,6.9375,8.16315789473684,7.6,73,73,8,19,127,12071,6423,5648,1188,1781,10290,7.76132376273714,8.30375634438736,7.14446036473088,7.161882996633,7.66656372824256,7.77772489212828,98
"101",2020,1,7.56631274074074,135,8.13961416666667,6.91111111111111,6.7,7.64444444444444,7.55429247863248,72,63,13,18,117,12206,6495,5711,1201,1799,10407,7.75916691463215,8.30193675442649,7.14188620907022,7.15688343047461,7.66634241245136,7.77521296819449,99
"102",2020,2,7.74626255639098,133,8.29859797297297,7.05350288135593,6.86666666666667,7.94444444444444,7.73187838709677,74,59,15,9,124,12339,6569,5770,1216,1808,10531,7.75902782073102,8.30189914294414,7.1409824627383,7.15330345394737,7.66772676991151,7.77470271389232,100
"103",2020,3,7.72157024793388,121,8.21090909090909,6.86522727272727,6.08,8.55454545454545,7.53646464646465,77,44,10,22,99,12460,6646,5814,1226,1830,10630,7.75866406741573,8.30084493981343,7.13889556415549,7.14454893964111,7.67838797814208,7.77248393979304,101
"104",2020,4,7.80339622641509,106,7.99716417910448,7.47051282051282,7.25,8.41666666666667,7.7666,67,39,4,6,100,12566,6713,5853,1230,1836,10730,7.759041403788,8.2978140131089,7.14110521271143,7.1448918699187,7.68080065359477,7.77242910344828,102
"105",2020,5,7.57417322834646,127,8.46602941176471,6.54627118644068,6.45,8.2604347826087,7.42240384615385,68,59,10,23,104,12693,6781,5912,1240,1859,10834,7.7571917025132,8.29950088040113,7.1351689462111,7.13928790322581,7.68797202797203,7.76906906774968,103
"106",2020,6,7.83324074074074,108,8.26234375,7.20909090909091,6.66666666666667,7.86923076923077,7.82831578947368,64,44,6,13,95,12801,6845,5956,1246,1872,10929,7.75783331614718,8.29915346530315,7.13571504533244,7.13701203852327,7.68923076923077,7.76958406807576,104
"107",2020,7,7.88750485436893,103,8.26950819672131,7.33269047619048,6.91666666666667,7.44291666666667,7.94613186813187,61,42,6,12,91,12904,6906,5998,1252,1884,11020,7.75886835709857,8.29889161164206,7.13709433311104,7.13595607028754,7.6876618895966,7.7710419491833,105
"108",2020,8,7.50042016806723,119,7.89710144927536,6.953,7.31818181818182,7.603125,7.48446601941748,69,50,11,16,103,13023,6975,6048,1263,1900,11123,7.7565067403824,8.29491691326165,7.13557238921958,7.13754315122724,7.68695,7.76838822979412,106
"109",2020,9,7.60352567307692,104,8.25476196428571,6.84375,6.57142857142857,8.47058823529412,7.43409965517241,56,48,7,17,87,13127,7031,6096,1270,1917,11210,7.75529473223128,8.29459709002987,7.13327457513123,7.13442283464567,7.69389932185707,7.76579384032114,107
"110",2020,10,7.66733870967742,124,8.26769230769231,7.00593220338983,6.50769230769231,7.76818181818182,7.65752212389381,65,59,13,11,113,13251,7096,6155,1283,1928,11323,7.75447165874274,8.29435063979707,7.13205390901706,7.12807248636009,7.69432313278008,7.76471332244105,108
"111",2020,11,7.62228070175439,114,8.09383333333333,7.09833333333333,6.65,7.16666666666667,7.69131313131313,60,54,10,15,99,13365,7156,6209,1293,1943,11422,7.75334410400299,8.29266938792622,7.13176063939443,7.1243750966744,7.69024961399897,7.7640771274733,109
"112",2020,12,7.87741958041958,143,8.21709302325581,7.3649298245614,7,7.82947058823529,7.88388888888889,86,57,10,17,126,13508,7242,6266,1303,1960,11548,7.75465760660349,8.29177190555096,7.13388171241621,7.12342056792018,7.69145714285714,7.76538439123658,110
"113",2021,1,7.79056551724138,145,8.23040506329114,7.26409090909091,6.61428571428571,7.85905263157895,7.7802380952381,79,66,14,19,126,13653,7321,6332,1317,1979,11674,7.75503896213286,8.29110970359241,7.13523891503474,7.11800835231587,7.69306619504801,7.76554471046771,111
"114",2021,2,7.56039130434783,115,7.90746575342466,6.95714285714286,7.1875,7.3,7.61521052631579,73,42,8,20,95,13768,7394,6374,1325,1999,11769,7.75341312826845,8.28732203678659,7.13406539221839,7.1184279245283,7.68913356678339,7.76433120486023,112
"115",2021,3,7.70130386363636,132,8.02315352941176,7.35933859375,7.92222222222222,7.16011111111111,7.74090333333333,68,64,9,9,123,13900,7462,6438,1334,2008,11892,7.75291827769784,8.28491471187349,7.1363048275862,7.12385082458771,7.6867624501992,7.76408888832829,113
"116",2021,4,7.7542,110,8.19274193548387,7.18775,6.989,8.16666666666667,7.71744554455446,62,48,8,9,101,14010,7524,6486,1342,2017,11993,7.75292834118487,8.28415518075492,7.13668555041628,7.12304694485842,7.68890381755082,7.763696077712,114
"117",2021,5,7.94768656716418,134,8.36975903614458,7.26078431372549,6.8125,7.25454545454545,8.00967479674797,83,51,8,11,123,14144,7607,6537,1350,2028,12116,7.75477347709276,8.2850892046799,7.13765373718831,7.12120666666667,7.68654783037475,7.76619322053483,115
"118",2021,6,7.78958333333333,96,8.10877192982456,7.32307692307692,7.63636363636364,6.88888888888889,7.88275862068966,57,39,11,9,87,14240,7664,6576,1361,2037,12203,7.7550081502809,8.28377786795407,7.13875341849148,7.12537031594416,7.6830235640648,7.76702426124723,116
"119",2021,7,7.52569318584071,113,8.10590163934426,6.84506403846154,5.93259222222222,7.18181818181818,7.56277774509804,61,52,9,11,102,14353,7725,6628,1370,2048,12305,7.75320277224274,8.2823732789644,7.13644927730839,7.11753454744526,7.68033154296875,7.76533119788704,117
"120",2021,8,7.60119469026549,113,8.05303278688525,7.07115384615385,5.83333333333333,7.81166666666667,7.56897959183673,61,52,9,15,98,14466,7786,6680,1379,2063,12403,7.75201537328909,8.28057649370665,7.13594098952096,7.10915324873097,7.68128647600582,7.76377976215432,118
"121",2021,9,7.83851518181818,110,8.18727783333333,7.42,7.66666666666667,7.75714285714286,7.85038197916667,60,50,6,14,96,14576,7846,6730,1385,2077,12499,7.75266815724479,8.27986301937293,7.1380513833581,7.11156846931408,7.68179778526721,7.76444492039363,119
"122",2021,10,7.5961432231405,121,8.15213114754098,7.03088883333333,7.08470588235294,6.82941176470588,7.72147432692308,61,60,17,17,104,14697,7907,6790,1402,2094,12603,7.75137949173301,8.27887760844821,7.13710443888071,7.11124274607703,7.67487774594079,7.76409032690629,120
"123",2021,11,7.74710385245902,122,8.0879445,7.41725806451613,7,7.45588235294118,7.794254,60,62,15,17,105,14819,7967,6852,1417,2111,12708,7.75134429178757,8.27743967867453,7.13963939579685,7.11006515878617,7.67311416390336,7.76433955461127,121
"124",2021,12,7.58077419354839,155,8.14494117647059,6.89571428571429,6.46666666666667,7.66842105263158,7.56852941176471,85,70,15,19,136,14974,8052,6922,1432,2130,12844,7.74957867370108,8.27604097367114,7.13717265819127,7.10332564944134,7.67307230046949,7.76226619900343,122
"125",2022,1,7.88659723502304,217,8.36411641791045,7.11566265060241,6.07142857142857,7.83636363636364,7.89226461538462,134,83,14,22,195,15191,8186,7005,1446,2152,13039,7.75153595286683,8.27748271683362,7.13691779300499,7.09333494467497,7.67474163568773,7.7642103428177,123
"126",2022,2,7.86113636363636,132,8.24028571428572,7.43306451612903,7,7.42333333333333,7.93026315789474,70,62,12,18,114,15323,8256,7067,1458,2170,13153,7.75248010572342,8.27716733527132,7.13951593887081,7.09256675582991,7.67265622119816,7.76564955979625,124
"127",2022,3,7.84910679611651,103,8.40650909090909,7.21041666666667,6.87692307692308,7.73333333333333,7.86884090909091,55,48,13,15,88,15426,8311,7115,1471,2185,13241,7.75312528588098,8.27802328480327,7.13999425720309,7.09066099932019,7.67307276887872,7.76633537195076,125
"128",2022,4,7.73076026315789,114,8.25645161290323,7.10397442307692,7,7.64888888888889,7.74611114583333,62,52,7,18,96,15540,8373,7167,1478,2203,13337,7.75296121814672,8.27786355189299,7.13973291614343,7.09023161705007,7.67287517022243,7.76618979755567,126
"129",2022,5,7.66293382352941,136,8.16902777777778,7.093578125,6.27222222222222,6.98529411764706,7.75973949579832,72,64,9,17,119,15676,8445,7231,1487,2220,13456,7.75218016904823,8.27693564476021,7.1393244101784,7.08528065232011,7.66760990990991,7.76613275341855,127
"130",2022,6,7.729375,100,8.21317796610169,7.03317073170732,6.7125,7.73083333333333,7.72917613636364,59,41,8,12,88,15776,8504,7272,1495,2232,13544,7.75203561295639,8.27649329962371,7.13872590896589,7.08328583946489,7.66794982078853,7.76589263363851,128
"131",2022,7,7.8313619047619,105,8.34750909090909,7.2636,7.49142857142857,7.99333333333333,7.80436666666667,55,50,7,15,90,15881,8559,7322,1502,2247,13634,7.75256009256344,8.27694964598668,7.13957864108167,7.08518796937417,7.67012194036493,7.76614660627842,129
"132",2022,8,7.70540157480315,127,8.04494117647059,7.31406779661017,6.55,6.70461538461538,7.81952631578947,68,59,7,13,114,16008,8627,7381,1509,2260,13748,7.75218595889555,8.27512090181987,7.14097341959084,7.08270532140491,7.66456814159292,7.76658923697993,130
"133",2022,9,7.85417094017094,117,8.27668656716418,7.288,7.125,7.75833333333333,7.86512380952381,67,50,8,12,105,16125,8694,7431,1517,2272,13853,7.75292594294574,8.27513296756384,7.14196269815637,7.08292836519447,7.66506338028169,7.76733608821194,131
"134",2022,10,7.76579604477612,134,8.38722948051948,6.92631578947368,6.43,7.60185185185185,7.80716514018692,77,57,10,27,107,16259,8771,7488,1527,2299,13960,7.75303201303893,8.27611705506784,7.14032115518162,7.07865247544205,7.66432100913441,7.76764136819484,132
"135",2022,11,7.79802721088435,147,8.16051948051948,7.39928571428571,6.75,6.73636363636364,7.88389705882353,77,70,6,11,136,16406,8848,7558,1533,2310,14096,7.75343517615507,8.27511106351718,7.1427196096851,7.07736616438356,7.65990216450217,7.76876301787741,133
"136",2022,12,7.74502265306122,147,8.34134698630137,7.15675675675676,6,7.36333333333333,7.76991543478261,73,74,8,9,138,16553,8921,7632,1541,2319,14234,7.75336046819308,8.2756530680417,7.14285571409853,7.07177308890331,7.65875118585597,7.76877419067023,134
