"","year","month","avg_rating","no_ratings","avg_rating_owned","avg_rating_not_owned","avg_rating_prev_owned","avg_rating_comment","avg_rating_no_comment","no_ratings_owned","no_ratings_not_owned","no_ratings_prev_owned","no_ratings_comment","no_ratings_no_comment","cum_no_ratings","cum_no_ratings_owned","cum_no_ratings_not_owned","cum_no_ratings_prev_owned","cum_no_ratings_comment","cum_no_ratings_no_comment","cum_avg_rating","cum_avg_rating_owned","cum_avg_rating_not_owned","cum_avg_rating_prev_owned","cum_avg_rating_comment","cum_avg_rating_no_comment","month_after_release"
"1",2011,7,8,1,8,NA,NA,NA,8,1,0,0,0,1,1,1,0,0,0,1,8,8,NA,NA,NA,8,-3
"2",2011,8,8,3,NA,8,NA,8,8,0,3,0,2,1,4,1,3,0,2,2,8,8,8,NA,8,8,-2
"3",2011,9,8,2,8,8,NA,8,8,1,1,0,1,1,6,2,4,0,3,3,8,8,8,NA,8,8,-1
"4",2011,10,7.0972972972973,37,7.62307692307692,6.8125,8,6.3125,7.31379310344828,13,24,1,8,29,43,15,28,1,11,32,7.22325581395349,7.67333333333333,6.98214285714286,8,6.77272727272727,7.378125,0
"5",2011,11,6.61116071428571,112,7.436,6.37413793103448,7.1875,6.7741935483871,6.54876543209877,25,87,8,31,81,155,40,115,9,42,113,6.78096774193548,7.525,6.52217391304348,7.27777777777778,6.77380952380952,6.78362831858407,1
"6",2011,12,6.84642857142857,42,7.375,6.635,7.05555555555556,6.66666666666667,6.89545454545455,12,30,9,9,33,197,52,145,18,51,146,6.79492385786802,7.49038461538461,6.54551724137931,7.16666666666667,6.75490196078431,6.80890410958904,2
"7",2012,1,7.10285714285714,35,7.7,6.7047619047619,6.75,7.125,7.0962962962963,14,21,2,8,27,232,66,166,20,59,173,6.84137931034483,7.53484848484849,6.56566265060241,7.125,6.80508474576271,6.85375722543353,3
"8",2012,2,7.00704918032787,61,7.75227272727273,6.58666666666667,6.8,7.08571428571429,6.96575,22,39,10,21,40,293,88,205,30,80,213,6.87587030716723,7.58920454545455,6.56965853658537,7.01666666666667,6.87875,6.87478873239437,4
"9",2012,3,6.86625,48,7.52352941176471,6.5058064516129,7.31142857142857,6.9375,6.852,17,31,7,8,40,341,105,236,37,88,253,6.87451612903226,7.57857142857143,6.56127118644068,7.07243243243243,6.88409090909091,6.87118577075099,5
"10",2012,4,6.94545454545455,55,7.52,6.73,7.3,6.71052631578947,7.06944444444444,15,40,5,19,36,396,120,276,42,107,289,6.88436868686869,7.57125,6.58572463768116,7.09952380952381,6.85327102803738,6.89588235294118,6
"11",2012,5,6.75212765957447,47,7.33076923076923,6.53088235294118,7.19444444444444,7.225,6.65512820512821,13,34,9,8,39,443,133,310,51,115,328,6.87033860045147,7.54774436090225,6.57970967741935,7.11627450980392,6.87913043478261,6.86725609756098,7
"12",2012,6,6.9375,36,7.56153846153846,6.58478260869565,6.46666666666667,6.68888888888889,7.02037037037037,13,23,9,9,27,479,146,333,60,124,355,6.87538622129436,7.54897260273972,6.58006006006006,7.01883333333333,6.86532258064516,6.87890140845071,8
"13",2012,7,6.93939393939394,33,7.66666666666667,6.33333333333333,6.75,6.36363636363636,7.22727272727273,15,18,6,11,22,512,161,351,66,135,377,6.87951171875,7.55993788819876,6.56740740740741,6.99439393939394,6.82444444444444,6.89923076923077,9
"14",2012,8,7.18382352941176,34,7.77941176470588,6.58823529411765,7.33333333333333,6.5625,7.375,17,17,3,8,26,546,178,368,69,143,403,6.89846153846154,7.58089887640449,6.56836956521739,7.00913043478261,6.80979020979021,6.92992555831266,10
"15",2012,9,6.71818181818182,22,7.7,6.42941176470588,6.28571428571429,6,7.12857142857143,5,17,7,8,14,568,183,385,76,151,417,6.89147887323944,7.58415300546448,6.56223376623377,6.9425,6.76688741721854,6.93659472422062,11
"16",2012,10,6.7,17,6.8,6.65833333333333,6.66666666666667,6.8,6.65833333333333,5,12,3,5,12,585,188,397,79,156,429,6.88591452991453,7.56329787234043,6.56513853904282,6.9320253164557,6.76794871794872,6.92881118881119,12
"17",2012,11,6.77391304347826,23,8.16666666666667,6.28235294117647,6,5.9,7.01666666666667,6,17,4,5,18,608,194,414,83,161,447,6.88167763157895,7.5819587628866,6.55352657004831,6.88710843373494,6.74099378881988,6.93234899328859,13
"18",2012,12,6.69117647058824,17,7.0625,6.57692307692308,6.6,6.3,6.85416666666667,4,13,5,5,12,625,198,427,88,166,459,6.876496,7.57146464646465,6.55423887587822,6.87079545454545,6.72771084337349,6.93030501089325,14
"19",2013,1,6.7,25,7.27272727272727,6.25,6.5,6.83333333333333,6.625,11,14,2,9,16,650,209,441,90,175,475,6.86970769230769,7.55574162679426,6.54458049886621,6.86255555555556,6.73314285714286,6.92002105263158,15
"20",2013,2,7.29736842105263,19,7.875,6.87727272727273,6.75,7.25,7.31,8,11,4,4,15,669,217,452,94,179,490,6.88185351270553,7.56751152073733,6.55267699115044,6.85776595744681,6.74469273743017,6.93195918367347,16
"21",2013,3,7.41305263157895,19,7.925,6.84422222222222,6.866,7.7196,7.30357142857143,10,9,3,5,14,688,227,461,97,184,504,6.89652325581395,7.58325991189427,6.55836876355748,6.8580206185567,6.7711847826087,6.94228174603175,17
"22",2013,4,7.26315789473684,19,8.5,6.82142857142857,7.06666666666667,6.5,7.53571428571429,5,14,3,5,14,707,232,475,100,189,518,6.90637623762376,7.60301724137931,6.56612210526316,6.86428,6.76401058201058,6.95832046332047,18
"23",2013,5,6.89375,16,7.14444444444444,6.57142857142857,7.25,6.5,6.92,9,7,2,1,15,723,241,482,102,190,533,6.90609681881051,7.58589211618257,6.56619917012448,6.8718431372549,6.76262105263158,6.95724202626642,19
"24",2013,6,6.839741,10,7.75,6.23290166666667,6,7.33333333333333,6.62820142857143,4,6,1,3,7,733,245,488,103,193,540,6.90519155525239,7.58857142857143,6.56210125,6.8633786407767,6.77149222797928,6.95297668518519,20
"25",2013,7,6.65909090909091,11,7,6.46428571428571,6.75,7,6.58333333333333,4,7,3,2,9,744,249,495,106,195,549,6.90155297043011,7.57911646586345,6.560718,6.86016981132075,6.7738358974359,6.94691695810565,21
"26",2013,8,7.0684,25,7.4,6.9855,7.311,7.35666666666667,6.90625,5,20,10,9,16,769,254,515,116,204,565,6.90697712613784,7.5755905511811,6.57721438834951,6.89903448275862,6.79954901960784,6.94576532743363,22
"27",2013,9,6.93333333333333,15,8.75,6.65384615384615,6.71428571428571,6.64285714285714,7.1875,2,13,7,7,8,784,256,528,123,211,573,6.90748139030612,7.584765625,6.57910115530303,6.88852032520325,6.79435071090048,6.94914033158813,23
"28",2013,10,7.03636363636364,22,7.53,6.625,6.08333333333333,7.5,6.96315789473684,10,12,6,3,19,806,266,540,129,214,592,6.91099926799007,7.58270676691729,6.58012112962963,6.85106976744186,6.80424299065421,6.9495902195946,24
"29",2013,11,6.96923076923077,13,7.5,6.51428571428571,7.05,6.83333333333333,7.01,6,7,2,3,10,819,272,547,131,217,602,6.91192357753358,7.58088235294118,6.57927862888483,6.85410687022901,6.80464516129032,6.95059370431894,25
"30",2013,12,6.38461538461539,13,7.83333333333333,5.95,5,7.66666666666667,6,3,10,2,3,10,832,275,557,133,220,612,6.90368438701923,7.58363636363636,6.56798098743267,6.82622556390977,6.8164,6.93506112745098,26
"31",2014,1,6.80588235294118,17,7.25,6.56363636363636,7.625,NA,6.80588235294118,6,11,4,0,17,849,281,568,137,220,629,6.90172604240283,7.57651245551601,6.56789684859155,6.84954744525547,6.8164,6.93156980922099,27
"32",2014,2,7.003125,16,7.5375,6.46875,6.16666666666667,8,6.86071428571429,8,8,3,2,14,865,289,576,140,222,643,6.9036016300578,7.57543252595156,6.56651980902778,6.83491428571429,6.82706306306306,6.93002707620529,28
"33",2014,3,7.13888888888889,9,6.85,7.5,8,9,6.90625,5,4,1,1,8,874,294,580,141,223,651,6.9060244965675,7.56309523809524,6.57295760344828,6.84317730496454,6.83680717488789,6.92973488479263,29
"34",2014,4,6.74375,16,7.78,6.27272727272727,6.625,6.25,6.81428571428571,5,11,4,2,14,890,299,591,145,225,665,6.90310720224719,7.56672240802676,6.56736956006768,6.83715862068966,6.83159111111111,6.92730437593985,30
"35",2014,5,7.175,20,8.05,6.3,6.41666666666667,7.33333333333333,7.14705882352941,10,10,6,3,17,910,309,601,151,228,682,6.90908286813187,7.58236245954693,6.56292081530782,6.82045033112583,6.83819298245614,6.93278212609971,31
"36",2014,6,7.22,15,7.575,7.09090909090909,7.42857142857143,6.6,7.53,4,11,7,5,10,925,313,612,158,233,692,6.91412476756757,7.58226837060703,6.57241080065359,6.84739240506329,6.83308154506438,6.94141244219653,32
"37",2014,7,7.34210526315789,19,7.55555555555556,7.15,7.66666666666667,6.75,7.41176470588235,9,10,3,2,17,944,322,622,161,235,709,6.92273878177966,7.58152173913044,6.58169680064309,6.86265838509317,6.83237446808511,6.95269028208745,33
"38",2014,8,6.76052631578947,19,7.19545454545455,6.1625,6.12,7.3375,6.60666666666667,11,8,5,4,15,963,333,630,166,239,724,6.91953832814122,7.56876876876877,6.57637366666667,6.84028915662651,6.84082845188285,6.94552128453039,34
"39",2014,9,7.14583333333333,24,7.69230769230769,6.5,6.35714285714286,6.66666666666667,7.30555555555556,13,11,7,6,18,987,346,641,173,245,742,6.92504094224924,7.57341040462428,6.57506304212168,6.82073988439307,6.83656326530612,6.95425526954178,35
"40",2014,10,6.9075,20,7.5625,6.47083333333333,6.23571428571429,7.48333333333333,6.80588235294118,8,12,7,3,17,1007,354,653,180,248,759,6.92469256206554,7.57316384180791,6.5731476416539,6.79798888888889,6.84438709677419,6.95093202898551,36
"41",2014,11,7.01153846153846,26,7.9875,6.57777777777778,6.9,6.66666666666667,7.05652173913044,8,18,7,3,23,1033,362,671,187,251,782,6.92687842207163,7.58232044198895,6.57327184798808,6.80180748663102,6.84226294820717,6.95403760869565,37
"42",2014,12,7.53,20,8.14545454545454,6.77777777777778,7.33333333333333,8.66666666666667,7.32941176470588,11,9,3,3,17,1053,373,680,190,254,799,6.93833372269706,7.59892761394102,6.57597854411765,6.8102,6.86381102362205,6.96202429286608,38
"43",2015,1,7.51461538461538,26,7.92714285714286,7.03333333333333,7.08333333333333,7.89833333333333,7.3995,14,12,6,6,20,1079,387,692,196,260,819,6.95222002780352,7.61080103359173,6.58390955202312,6.8185612244898,6.88768461538462,6.97270746031746,39
"44",2015,2,7.26875,16,7.82857142857143,6.83333333333333,6.58333333333333,7.33333333333333,7.23,7,9,6,6,10,1095,394,701,202,266,829,6.95684512328767,7.61467005076142,6.58711185449358,6.81157425742574,6.89773684210526,6.97581110977081,40
"45",2015,3,7.70666666666667,12,7.83,7.58333333333333,7.5,NA,7.70666666666667,6,6,2,0,12,1107,400,707,204,266,841,6.96497327009937,7.6179,6.59556635077793,6.81832352941177,6.89773684210526,6.98623948870393,41
"46",2015,4,6.59411764705882,17,8,6.00833333333333,6.56666666666667,7.25,6.50666666666667,5,12,3,2,15,1124,405,719,207,268,856,6.95936424377224,7.62261728395062,6.58576552155772,6.81467632850242,6.90036567164179,6.9778357593458,42
"47",2015,5,7.28636363636364,11,7.85,6.96428571428571,7.25,6.5,7.46111111111111,4,7,2,2,9,1135,409,726,209,270,865,6.96253340088106,7.62484107579462,6.58941516528925,6.81884210526316,6.8974,6.98286405780347,43
"48",2015,6,6.64,13,7.83666666666667,5.61428571428571,6.06,5.8,6.71,6,7,5,1,12,1148,415,733,214,271,877,6.95888101916376,7.62790361445783,6.58010287858117,6.80111214953271,6.89335055350554,6.97913045610034,44
"49",2015,7,6.46333333333333,15,7.78571428571429,5.30625,6.6,5.6,6.59615384615385,7,8,2,2,13,1163,422,741,216,273,890,6.95248960447119,7.63052132701422,6.56635008097166,6.79925,6.88387545787546,6.97353641573034,45
"50",2015,8,7.15454545454545,22,8.0375,6.65,6.625,6.88333333333333,7.25625,8,14,8,6,16,1185,430,755,224,279,906,6.95624085232067,7.63809302325582,6.56790120529801,6.79302678571429,6.88386379928316,6.97852915011038,46
"51",2015,9,7.16875,16,7.6875,6.65,6.7,6.56666666666667,7.30769230769231,8,8,1,3,13,1201,438,763,225,282,919,6.95907194837635,7.63899543378996,6.56876200524246,6.79261333333334,6.88048936170213,6.98318542981502,47
"52",2015,10,6.45882352941176,17,7.35,6.18461538461538,6.41666666666667,5,6.65333333333333,4,13,6,2,15,1218,442,776,231,284,934,6.95208982758621,7.63638009049774,6.56232655927835,6.78284848484849,6.86724647887324,6.97788801927195,48
"53",2015,11,7.01375,16,7.71714285714286,6.46666666666667,6.25,7.83333333333333,6.82461538461538,7,9,2,3,13,1234,449,785,233,287,947,6.95288931118314,7.63763919821826,6.56122982165605,6.77827467811159,6.87734494773519,6.97578395987329,49
"54",2015,12,6.83333333333333,15,7.4,6.55,6.9,7,6.82142857142857,5,10,5,1,14,1249,454,795,238,288,961,6.95145349079263,7.63502202643172,6.56108856603773,6.78083193277311,6.87777083333333,6.97353528616025,50
"55",2016,1,7.29583333333333,24,7.82727272727273,6.84615384615385,6.75,7.21428571428571,7.32941176470588,11,13,4,7,17,1273,465,808,242,295,978,6.95794611940298,7.63956989247312,6.56567501237624,6.78032231404959,6.88575593220339,6.97972127811861,51
"56",2016,2,6.71428571428571,14,8.1,5.94444444444444,6.25,7.75,6.54166666666667,5,9,4,2,12,1287,470,817,246,297,990,6.95529557886558,7.64446808510638,6.55883159118727,6.77169918699187,6.89157575757576,6.97441152525253,52
"57",2016,3,6.78571428571429,14,7,6.5,7.5,6.66666666666667,6.81818181818182,8,6,2,3,11,1301,478,823,248,300,1001,6.95347072252114,7.6336820083682,6.55840268529769,6.77757258064516,6.88932666666667,6.97269471528472,53
"58",2016,4,6.86086956521739,23,7.41,6.43846153846154,6,6.06666666666667,7.14117647058824,10,13,4,6,17,1324,488,836,252,306,1018,6.95186209214501,7.62909836065574,6.55653757177033,6.76523015873016,6.87319607843137,6.97550826129666,54
"59",2016,5,7.2,10,8.25,6.9375,6.83333333333333,NA,7.2,2,8,3,0,10,1334,490,844,255,306,1028,6.9537221964018,7.63163265306123,6.56014859004739,6.76603137254902,6.87319607843137,6.97769203307393,55
"60",2016,6,6.66666666666667,12,7.33333333333333,6.44444444444444,7.16666666666667,6.75,6.65,3,9,3,2,10,1346,493,853,258,308,1038,6.9511630089153,7.62981744421907,6.55892779601407,6.77068992248062,6.87239610389611,6.97453507707129,56
"61",2016,7,6.5375,16,8,6.05,6.1,6.53333333333333,6.53846153846154,4,12,5,3,13,1362,497,865,263,311,1051,6.94630353157122,7.63279678068411,6.55186752601156,6.7579391634981,6.86912540192926,6.96914120837298,57
"62",2016,8,6.835,20,7.8,6.51333333333333,6.5625,6,6.98235294117647,5,15,8,3,17,1382,502,880,271,314,1068,6.94469277134588,7.63446215139442,6.55121069318182,6.75216974169742,6.86082165605096,6.96935150749064,58
"63",2016,9,7.15384615384615,26,8.04166666666667,6.39285714285714,6,6.83333333333333,7.32352941176471,12,14,6,9,17,1408,514,894,277,323,1085,6.94855497869318,7.64396887159533,6.5487308836689,6.73587725631769,6.86005572755418,6.97490083870968,59
"64",2016,10,6.80263157894737,19,7.16666666666667,6.63461538461539,6.8,7,6.73214285714286,6,13,5,5,14,1427,520,907,282,328,1099,6.94661206026629,7.63846153846154,6.54996186328555,6.73701418439716,6.86218902439024,6.97180838034577,60
"65",2016,11,6.96190476190476,21,7.77,6.22727272727273,6.5,6.83333333333333,7.01333333333333,10,11,6,6,15,1448,530,918,288,334,1114,6.94683384668508,7.64094339622642,6.54609521786492,6.73207638888889,6.86167065868264,6.97236751346499,61
"66",2016,12,7.22380952380952,21,7.7125,6.92307692307692,6.85,6.8,7.35625,8,13,10,5,16,1469,538,931,298,339,1130,6.95079333560245,7.64200743494424,6.55135919441461,6.73603355704698,6.8607610619469,6.97780301769912,62
"67",2017,1,7.53913043478261,23,7.92142857142857,6.94444444444444,7.7,8,7.44210526315789,14,9,5,4,19,1492,552,940,303,343,1149,6.95986287533512,7.64909420289855,6.55512277659574,6.75194059405941,6.87404664723032,6.9854807745866,63
"68",2017,2,7.45,10,8.625,6.66666666666667,7,7.75,7.25,4,6,5,4,6,1502,556,946,308,347,1155,6.96312610519308,7.65611510791367,6.55583024312896,6.75596753246754,6.88414409221902,6.9868549004329,64
"69",2017,3,7.16074074074074,27,7.88142857142857,6.38461538461539,6.57142857142857,7.625,7.08,14,13,7,4,23,1529,570,959,315,351,1178,6.9666157030739,7.66164912280702,6.55350929092805,6.75186666666667,6.89258689458689,6.98867352292021,65
"70",2017,4,6.95,16,8,6.13333333333333,6.73333333333333,5.16666666666667,7.36153846153846,7,9,3,3,13,1545,577,968,318,354,1191,6.96644363106796,7.66575389948007,6.54960269628099,6.75169182389937,6.8779604519774,6.99274341729639,66
"71",2017,5,7.144,25,7.9,6.71875,7.5,7,7.17142857142857,9,16,2,4,21,1570,586,984,320,358,1212,6.96927096178344,7.66935153583618,6.55235305894309,6.75636875,6.87932402234637,6.99583944719472,67
"72",2017,6,7.05833333333333,18,7.38636363636364,6.54285714285714,6.5,6.75,7.14642857142857,11,7,2,4,14,1588,597,991,322,362,1226,6.97028048488665,7.66413735343384,6.55228598385469,6.75477639751553,6.87789502762431,6.99755906199021,68
"73",2017,7,6.7,15,7.58333333333333,6.11111111111111,5.66666666666667,6.33333333333333,6.79166666666667,6,9,6,3,12,1603,603,1000,328,365,1238,6.96775134747349,7.66333333333333,6.54831541,6.73487195121951,6.87341917808219,6.99556333602585,69
"74",2017,8,7.35714285714286,14,7.64285714285714,7.07142857142857,7.5,7.83333333333333,7.22727272727273,7,7,2,3,11,1617,610,1007,330,368,1249,6.97112270253556,7.66309836065574,6.55195174776564,6.73950909090909,6.88124456521739,6.99760401120897,70
"75",2017,9,7.28571428571429,7,7.83333333333333,6.875,7.75,7.5,7.125,3,4,2,3,4,1624,613,1011,332,371,1253,6.97247870073892,7.66393148450245,6.55322988130564,6.74559638554217,6.88624797843666,6.99801070231445,71
"76",2017,10,7.19444444444444,9,7.53571428571429,6,NA,8,7.09375,7,2,0,1,8,1633,620,1013,332,372,1261,6.97370202694427,7.66248387096774,6.55213762092793,6.74559638554217,6.88924193548387,6.9986180888184,72
"77",2017,11,6.8875,16,7.24,6.72727272727273,6.375,6.85,6.89285714285714,5,11,4,2,14,1649,625,1024,336,374,1275,6.97286562158884,7.659104,6.55401895507812,6.74118452380953,6.8890320855615,6.99745679215686,73
"78",2017,12,6.802,15,7.625,6.50272727272727,7.61,7.75,6.65615384615385,4,11,3,2,13,1664,629,1035,339,376,1288,6.97132536658654,7.65888712241653,6.55347382608695,6.74887315634218,6.89361170212766,6.99401196428572,74
"79",2018,1,7.30368421052632,19,7.777,6.77777777777778,6.75,7.66666666666667,7.235625,10,9,4,3,16,1683,639,1044,343,379,1304,6.97507748663102,7.66073552425665,6.55540748084291,6.74888629737609,6.8997308707124,6.99697654141104,75
"80",2018,2,7.26,12,7.4,7.16,7.56,7.25,7.265,5,7,2,4,8,1695,644,1051,345,383,1312,6.97709463716814,7.65871118012423,6.55943426260704,6.7535884057971,6.90338903394256,6.99861083079269,76
"81",2018,3,6.96153846153846,13,7.875,6.55555555555556,7,6.66666666666667,7.05,4,9,4,3,10,1708,648,1060,349,386,1322,6.976976235363,7.6600462962963,6.55940133018868,6.75641260744986,6.90154922279793,6.99899955370651,77
"82",2018,4,7.07105263157895,19,7.69444444444444,6.51,6.82,7,7.07941176470588,9,10,5,2,17,1727,657,1070,354,388,1339,6.97801123914302,7.66051750380518,6.55893963551402,6.75731073446328,6.90205670103093,7.00002047050038,78
"83",2018,5,6.73125,16,7.3,6,6,6,6.78,9,7,4,1,15,1743,666,1077,358,389,1354,6.9757460757315,7.65564564564565,6.55530678737233,6.74884916201117,6.89973778920309,6.99758302067947,79
"84",2018,6,6.84,10,7.85,6.16666666666667,4.5,8.2,6.5,4,6,2,2,8,1753,670,1083,360,391,1362,6.97497171135197,7.65680597014925,6.55315365650969,6.73635555555556,6.90638874680307,6.99466035976505,80
"85",2018,7,6.77818181818182,11,7.075,6.60857142857143,6.54333333333333,7.112,6.5,4,7,6,5,6,1764,674,1090,366,396,1368,6.97374456349207,7.653353115727,6.55350955045871,6.7331912568306,6.90898484848485,6.99249079678363,81
"86",2018,8,7.15,12,7.83333333333333,6.46666666666667,5,6.5,7.475,6,6,3,4,8,1776,680,1096,369,400,1376,6.97493547860361,7.65494117647059,6.55303413321168,6.71910027100271,6.904895,6.99529608284884,82
"87",2018,9,7.35714285714286,7,7.83333333333333,7,7,NA,7.35714285714286,3,4,2,0,7,1783,683,1100,371,400,1383,6.97643601233876,7.65572474377745,6.55465946363636,6.72061455525607,6.904895,6.9971275560376,83
"88",2018,10,7.33333333333333,6,8.375,5.25,7.5,6,8,4,2,1,2,4,1789,687,1102,372,402,1387,6.97763298490777,7.65991266375546,6.55229166061706,6.72270967741936,6.90039303482587,7.00001976207643,84
"89",2018,11,7.425,20,8.20833333333333,6.25,6.5,8.25,7.21875,12,8,3,4,16,1809,699,1110,375,406,1403,6.98257899944721,7.66932761087268,6.55011298198198,6.720928,6.91368965517241,7.00251419101925,85
"90",2018,12,6.74,10,7.5,6.41428571428571,7.15,7.75,6.4875,3,7,2,2,8,1819,702,1117,377,408,1411,6.98124541506322,7.66860398860399,6.54926178155774,6.72320424403183,6.91778921568628,6.99959419560596,86
"91",2019,1,7.21722222222222,18,7.33416666666667,6.98333333333333,7.2,7.2275,7.21428571428571,12,6,5,4,14,1837,714,1123,382,412,1425,6.98355765378334,7.66298319327731,6.55158095280498,6.72944502617801,6.92079611650485,7.00170344561404,87
"92",2019,2,6.76153846153846,13,7.21111111111111,5.75,5.66666666666667,6.125,7.04444444444444,9,4,3,4,9,1850,723,1127,385,416,1434,6.98199751891892,7.65735822959889,6.54873594498669,6.72116363636364,6.91314423076923,7.00197169456067,88
"93",2019,3,6.22727272727273,11,6.8,5.75,5,6,6.3125,5,6,2,3,8,1861,728,1133,387,419,1442,6.9775364911338,7.65146978021978,6.5445060988526,6.71226873385013,6.9066062052506,6.99814660887656,89
"94",2019,4,7,9,8,6.5,7,8,6.71428571428571,3,6,1,2,7,1870,731,1139,388,421,1449,6.97764460427808,7.65290013679891,6.54427165057067,6.71301030927835,6.91180047505938,6.99677530020704,90
"95",2019,5,7.2375,8,6.825,7.65,NA,7,7.27142857142857,4,4,0,1,7,1878,735,1143,388,422,1456,6.97875154952077,7.64839455782313,6.54814121609799,6.71301030927835,6.91200947867299,6.99809574862638,91
"96",2019,6,6.9,5,7,6.875,7.5,7,6.875,1,4,1,1,4,1883,736,1147,389,423,1460,6.97854243759958,7.64751358695652,6.54928108979948,6.71503341902314,6.91221749408983,6.9977585,92
"97",2019,7,7.18,10,8.575,6.25,6.75,5.9,7.5,4,6,2,2,8,1893,740,1153,391,425,1468,6.97960666138405,7.65252702702703,6.54772368603643,6.71521227621484,6.90745411764706,7.00049551089919,93
"98",2019,8,6.3125,8,6.5,6.25,6,6.5,6.125,2,6,1,4,4,1901,742,1159,392,429,1472,6.97679926880589,7.6494204851752,6.54618240724763,6.71338775510204,6.90365501165501,6.99811644701087,94
"99",2019,9,6.7375,8,7.275,6.2,7,6,6.98333333333333,4,4,1,2,6,1909,746,1163,393,431,1478,6.97579644316396,7.64741286863271,6.54499175408426,6.71411704834606,6.89946171693736,6.99805643437077,95
"100",2019,10,6.975,16,7.3875,6.5625,6,6,7.04,8,8,3,1,15,1925,754,1171,396,432,1493,6.97578982337662,7.6446551724138,6.54511136635354,6.70870707070707,6.89737962962963,6.99847783657067,96
"101",2019,11,7.08333333333333,12,8,6.16666666666667,6.75,7.5,6.94444444444444,6,6,2,3,9,1937,760,1177,398,435,1502,6.97645607124419,7.64746052631579,6.54318216652506,6.70891457286432,6.90153563218391,6.99815406790946,97
"102",2019,12,6.7,9,7.125,6.36,NA,8,6.5375,4,5,0,1,8,1946,764,1182,398,436,1510,6.97517749743063,7.64472513089005,6.54240728426396,6.70891457286432,6.90405504587156,6.99571351655629,98
"103",2020,1,6.64333333333333,15,7.11666666666667,6.32777777777778,6.5,6.5,6.66538461538462,6,9,2,2,13,1961,770,1191,400,438,1523,6.97263916879143,7.64061038961039,6.54078539882452,6.70787,6.9022100456621,6.99289390019698,99
"104",2020,2,7,11,7.78,6.35,6.7,6.3,7.15555555555556,5,6,3,2,9,1972,775,1197,403,440,1532,6.97279179006085,7.64150967741936,6.53982908103592,6.70781141439206,6.89947272727273,6.9938494843342,100
"105",2020,3,6.07142857142857,7,6.8,4.25,6.5,4.66666666666667,7.125,5,2,1,3,4,1979,780,1199,404,443,1536,6.96960354219303,7.63611538461539,6.53600951626355,6.70729702970297,6.88435214446953,6.99419102213542,101
"106",2020,4,6.70833333333333,6,7.125,5.875,7.75,NA,6.70833333333333,4,2,1,0,6,1985,784,1201,405,443,1542,6.96881380856423,7.63350765306123,6.5349087510408,6.70987160493827,6.88435214446953,6.99307873540856,102
"107",2020,5,7.08181818181818,11,6.96666666666667,7.22,7,7.6,6.8875,6,5,1,3,8,1996,790,1206,406,446,1550,6.96943657815631,7.62844303797468,6.53774909618574,6.71058620689655,6.88916591928251,6.99253381290323,103
"108",2020,6,7.175,4,9.35,5,NA,8,6.35,2,2,0,2,2,2000,792,1208,406,448,1552,6.969847705,7.63279040404041,6.53520315397351,6.71058620689655,6.894125,6.99170580541237,104
"109",2020,7,7.420175,8,7.7269,6.5,7,7,7.4802,6,2,1,1,7,2008,798,1210,407,449,1559,6.9716418376494,7.63349799498747,6.53514496694215,6.7112972972973,6.89436080178174,6.99389917254651,105
"110",2020,8,6.875,8,8.16666666666667,6.1,5.66666666666667,8.75,6.25,3,5,3,2,6,2016,801,1215,410,451,1565,6.97125833829365,7.63549488139825,6.53335424691358,6.70365365853659,6.90258980044346,6.9910471629393,106
"111",2020,9,6.6,5,6.75,6,NA,NA,6.6,4,1,0,0,5,2021,805,1216,410,451,1570,6.9703398367145,7.6310949068323,6.53291563322369,6.70365365853659,6.90258980044346,6.98980178980892,107
"112",2020,10,6.71111111111111,9,8.13333333333333,6,6.5,6,6.8,3,6,2,1,8,2030,808,1222,412,452,1578,6.96919054679803,7.63295965346535,6.53029902618658,6.70266504854369,6.90059292035398,6.98883955006337,108
"113",2020,11,6.49230769230769,13,7.25,5.84285714285714,6,5.5,6.79,6,7,1,3,10,2043,814,1229,413,455,1588,6.96615604992658,7.63013685503686,6.52638357200976,6.70096368038741,6.89135824175824,6.98758741183879,109
"114",2020,12,7.5275,20,8.31153846153846,6.07142857142857,6.1,8.21,7.3,13,7,5,5,15,2063,827,1236,418,460,1603,6.97159806592341,7.64084812575574,6.52380696601942,6.69377511961723,6.90569130434783,6.99051079850281,110
"115",2021,1,7.06818181818182,11,7.16666666666667,7.03125,7.5,7.5,6.90625,3,8,3,3,8,2074,830,1244,421,463,1611,6.97211032304725,7.63913421686747,6.52707026527331,6.69952019002375,6.90954211663067,6.99009237119802,111
"116",2021,2,7.54166666666667,12,8,6.625,6.83333333333333,6.5,7.75,8,4,3,2,10,2086,838,1248,424,465,1621,6.97538677372963,7.64257923627685,6.52738414262821,6.70046698113208,6.90778064516129,6.99478026526835,112
"117",2021,3,6.8475,16,7.39333333333333,6.52,6.625,6,6.96857142857143,6,10,4,2,14,2102,844,1258,428,467,1635,6.97441332540438,7.64080734597156,6.52732544515103,6.69976168224299,6.90389293361884,6.9945558470948,113
"118",2021,4,6.3,5,7.16666666666667,5,NA,NA,6.3,3,2,0,0,5,2107,847,1260,428,467,1640,6.97281291409587,7.6391279811098,6.52490111904762,6.69976168224299,6.90389293361884,6.99243829878049,114
"119",2021,5,7.32222222222222,9,8.5,6.98571428571429,7,7.33333333333333,7.31666666666667,2,7,3,3,6,2116,849,1267,431,470,1646,6.97429905954631,7.64115594817432,6.52744704814523,6.70185150812065,6.90663404255319,6.99362017618469,115
"120",2021,6,6.43333333333333,9,6.1,6.85,6,5.83333333333333,6.73333333333333,5,4,1,3,6,2125,854,1271,432,473,1652,6.97200791058823,7.63213278688525,6.52846216365067,6.70022685185185,6.8998266384778,6.99267482445521,116
"121",2021,7,7.16666666666667,3,7,7.25,NA,NA,7.16666666666667,1,2,0,0,3,2128,855,1273,432,473,1655,6.97228233552631,7.6313934502924,6.52959576590731,6.70022685185185,6.8998266384778,6.99299021752266,117
"122",2021,8,7.54166666666667,6,8.05,5,5,7.625,7.5,5,1,1,2,4,2134,860,1274,433,475,1659,6.97388322867854,7.63382720930233,6.52839514128728,6.69630023094688,6.90288,6.99421266425558,118
"123",2021,9,6.68181818181818,11,7.625,6.14285714285714,7.5,6.5,6.75,4,7,1,3,8,2145,864,1281,434,478,1667,6.97238545920746,7.63378634259259,6.52628837626854,6.69815207373272,6.90035146443515,6.99304067786443,119
"124",2021,10,7,6,8,5,NA,NA,7,4,2,0,0,6,2151,868,1283,434,478,1673,6.97246248721525,7.63547396313364,6.52390912704599,6.69815207373272,6.90035146443515,6.99306563658099,120
"125",2021,11,7.61111111111111,9,7.75,7.33333333333333,6.25,7.5,7.625,6,3,2,1,8,2160,874,1286,436,479,1681,6.97512352314815,7.63626018306636,6.52579736391913,6.69609633027523,6.90160334029228,6.99607305770375,121
"126",2021,12,7.21111111111111,9,7.58,6.75,7,7,7.2375,5,4,1,1,8,2169,879,1290,437,480,1689,6.97610272475795,7.6359401592719,6.52649256589147,6.69679176201373,6.90180833333333,6.99721658377738,122
"127",2022,1,7.11,10,7.1875,7.05833333333333,7.45,6.5,7.2625,4,6,3,2,8,2179,883,1296,440,482,1697,6.97671721431849,7.6339087202718,6.52895479166667,6.70192727272727,6.90014107883817,6.99846718326458,123
"128",2022,2,6.94545454545455,11,7.625,6.55714285714286,7,7,6.94,4,7,2,1,10,2190,887,1303,442,483,1707,6.97656018721461,7.63386854565953,6.52910622409823,6.70327601809955,6.90034782608696,6.99812466900996,124
"129",2022,3,6.66888888888889,18,7.4375,6.054,6.28571428571429,5.9425,7.25,8,10,7,8,10,2208,895,1313,449,491,1717,6.97405199728261,7.63211329608939,6.52548774562072,6.69676614699332,6.88474134419552,6.99959161910309,125
"130",2022,4,7.58888888888889,9,7.75714285714286,7,NA,8.15,7.42857142857143,7,2,0,2,7,2217,902,1315,449,493,1724,6.97654795218764,7.63308359201774,6.52620943726236,6.69676614699332,6.88987423935091,7.00133341647332,126
"131",2022,5,8.11414285714286,7,8.7598,6.5,NA,8.96633333333333,7.475,5,2,0,3,4,2224,907,1317,449,496,1728,6.98012851169065,7.63929481808159,6.52616963553531,6.69676614699332,6.90243346774194,7.00242986689815,127
"132",2022,6,6.78333333333333,6,7.25,6.55,6.1,8,6.54,2,4,2,1,5,2230,909,1321,451,497,1733,6.97959901793722,7.63843828382838,6.52624179409538,6.69411973392461,6.90464185110664,7.001095678015,128
"133",2022,7,7.92857142857143,7,7.75,8.16666666666667,7.75,NA,7.92857142857143,4,3,2,0,7,2237,913,1324,453,497,1740,6.98256853375056,7.63892705366922,6.52995876888218,6.69878145695364,6.90464185110664,7.00482690229885,129
"134",2022,8,6.9,8,9.5,6.03333333333333,5.55,9,6.6,2,6,4,1,7,2245,915,1330,457,498,1747,6.98227430289532,7.6429949726776,6.52771835338346,6.68872647702407,6.90884939759036,7.0032048139668,130
"135",2022,9,6.6205,6,7.6115,6.125,5,6,6.93075,2,4,1,2,4,2251,917,1334,458,500,1751,6.98131,7.64292628135224,6.52651080209895,6.68503930131004,6.905214,7.00303929754426,131
"136",2022,10,7.375,4,7,7.75,7.5,NA,7.375,2,2,1,0,4,2255,919,1336,459,500,1755,6.98200834146341,7.64152709466812,6.52834237275449,6.68681481481481,6.905214,7.00388707122507,132
"137",2022,11,6.64285714285714,7,8,6.41666666666667,6.66666666666667,6.9,6,1,6,3,5,2,2262,920,1342,462,505,1757,6.98095880194518,7.64191673913043,6.52784307749628,6.68668398268398,6.90516237623762,7.00274434262948,133
"138",2022,12,6.58333333333333,6,7.5,6.125,7.5,7.5,6.4,2,4,1,1,5,2268,922,1346,463,506,1762,6.97990688271605,7.64160889370933,6.52664592124814,6.68844060475162,6.90633794466403,7.00103394438139,134
