"","year","month","avg_rating","no_ratings","avg_rating_owned","avg_rating_not_owned","avg_rating_prev_owned","avg_rating_comment","avg_rating_no_comment","no_ratings_owned","no_ratings_not_owned","no_ratings_prev_owned","no_ratings_comment","no_ratings_no_comment","cum_no_ratings","cum_no_ratings_owned","cum_no_ratings_not_owned","cum_no_ratings_prev_owned","cum_no_ratings_comment","cum_no_ratings_no_comment","cum_avg_rating","cum_avg_rating_owned","cum_avg_rating_not_owned","cum_avg_rating_prev_owned","cum_avg_rating_comment","cum_avg_rating_no_comment","month_after_release"
"1",2011,9,7,1,NA,7,NA,NA,7,0,1,0,0,1,1,0,1,0,0,1,7,NA,7,NA,NA,7,-2
"2",2011,10,6.33333333333333,3,10,4.5,9,8,5.5,1,2,2,1,2,4,1,3,2,1,3,6.5,10,5.33333333333333,9,8,6,-1
"3",2011,11,8.40476190476191,21,8.78333333333333,7.9,NA,8.48,8.38125,12,9,0,5,16,25,13,12,2,6,19,8.1,8.87692307692308,7.25833333333333,9,8.4,8.00526315789474,0
"4",2011,12,8.41157407407407,108,8.97936507936508,7.61666666666667,8.14285714285714,8.17307692307692,8.48719512195122,63,45,7,26,82,133,76,57,9,32,101,8.35300751879699,8.96184210526316,7.54122807017544,8.33333333333333,8.215625,8.39653465346535,1
"5",2012,1,8.30290697674419,172,8.61363636363636,7.75161290322581,7.9,8.28611111111111,8.30735294117647,110,62,20,36,136,305,186,119,29,68,237,8.32475409836066,8.75591397849462,7.65084033613445,8.03448275862069,8.25294117647059,8.34535864978903,2
"6",2012,2,8.36549295774648,142,8.55684210526316,7.97872340425532,8.40909090909091,8.62,8.32377049180328,95,47,11,20,122,447,281,166,40,88,359,8.33769574944072,8.68861209964413,7.74367469879518,8.1375,8.33636363636364,8.33802228412256,3
"7",2012,3,8.11272108843537,147,8.55355263157895,7.64084507042254,7.23333333333333,7.63461538461539,8.21545454545454,76,71,9,26,121,594,357,237,49,114,480,8.2820202020202,8.65985994397759,7.71286919831224,7.97142857142857,8.17631578947368,8.307125,4
"8",2012,4,8.14772727272727,176,8.54479166666667,7.67125,8.27777777777778,7.70833333333333,8.2171052631579,96,80,9,24,152,770,453,317,58,138,632,8.25132467532467,8.63547461368653,7.70236593059937,8.01896551724138,8.09492753623188,8.2854746835443,5
"9",2012,5,7.92377049180328,183,8.625,7.0006329113924,7.62,8.14285714285714,7.89537037037037,104,79,10,21,162,953,557,396,68,159,794,8.188426023085,8.63351885098743,7.56237373737374,7.96029411764706,8.10125786163522,8.20588161209068,6
"10",2012,6,7.82225806451613,155,8.25180722891566,7.32708333333333,7.75,7.92,7.80346153846154,83,72,8,25,130,1108,640,468,76,184,924,8.13720216606498,8.584015625,7.52617521367521,7.93815789473684,8.07663043478261,8.14926406926407,7
"11",2012,7,7.74201492537313,134,8.26666666666667,7.07508474576271,7.86363636363636,7.82352941176471,7.73017094017094,75,59,11,17,117,1242,715,527,87,201,1041,8.0945652173913,8.55072727272727,7.47567362428842,7.92873563218391,8.05522388059702,8.1021613832853,8
"12",2012,8,7.78136094674556,169,8.23913043478261,7.23441558441558,7.32142857142857,7.37619047619048,7.83885135135135,92,77,7,21,148,1411,807,604,94,222,1189,8.05705173635719,8.51520446096654,7.44491721854305,7.88351063829787,7.99099099099099,8.06938603868797,9
"13",2012,9,7.86196319018405,163,8.51460674157303,7.07702702702703,7.5375,7.53793103448276,7.93208955223881,89,74,16,29,134,1574,896,678,110,251,1323,8.03684879288437,8.51514508928572,7.40476401179941,7.83318181818182,7.93864541832669,8.05547996976568,10
"14",2012,10,8.00617647058824,170,8.30058823529412,7.71176470588235,7.06470588235294,7.55294117647059,8.05653594771242,85,85,17,17,153,1744,981,763,127,268,1476,8.03385894495413,8.49655453618757,7.43896461336828,7.73031496062992,7.91417910447761,8.05558943089431,11
"15",2012,11,7.99556650246305,203,8.58543689320388,7.388,7.16666666666667,8.32708333333333,7.95111731843575,103,100,6,24,179,1947,1084,863,133,292,1655,8.02986646122239,8.505,7.43305909617613,7.70488721804511,7.94811643835616,8.04429003021148,12
"16",2012,12,7.91384976525822,213,8.305078125,7.32470588235294,7.46428571428571,7.99310344827586,7.90135869565217,128,85,14,29,184,2160,1212,948,147,321,1839,8.01842592592593,8.48388613861386,7.42334388185654,7.68197278911565,7.95218068535826,8.0299891245242,13
"17",2013,1,7.93916967509025,277,8.42418300653595,7.34072580645161,7.54347826086957,7.82021276595745,7.96347826086957,153,124,23,47,230,2437,1365,1072,170,368,2069,8.00941731637259,8.47719413919414,7.41378731343284,7.66323529411765,7.93532608695652,8.02259545674239,14
"18",2013,2,7.79147727272727,176,8.32921348314607,7.24137931034483,7.76666666666667,7.05,7.94383561643836,89,87,15,30,146,2613,1454,1159,185,398,2215,7.99473784921546,8.46813617606602,7.40084555651424,7.67162162162162,7.86859296482412,8.01740406320542,15
"19",2013,3,7.98875,200,8.44385245901639,7.27692307692308,7.60833333333333,8.15714285714286,7.96133720930233,122,78,12,28,172,2813,1576,1237,197,426,2387,7.99431212228937,8.46625634517766,7.39303152789006,7.66776649746193,7.88755868544601,8.01336405529954,16
"20",2013,4,7.70235602094241,191,8.258,7.09175824175824,7.27777777777778,7.92857142857143,7.67441176470588,100,91,9,21,170,3004,1676,1328,206,447,2557,7.97574900133156,8.45383054892601,7.37238704819277,7.65072815533981,7.88948545861298,7.99082909659757,17
"21",2013,5,7.81144329896907,194,8.35858585858586,7.24126315789474,7.25,7.47727272727273,7.83153005464481,99,95,14,11,183,3198,1775,1423,220,458,2740,7.96578173858662,8.44851830985915,7.36363316936051,7.62522727272727,7.87958515283843,7.9801897810219,18
"22",2013,6,7.94180327868852,183,8.53469387755102,7.25823529411765,7.45,8.21190476190476,7.90679012345679,98,85,11,21,162,3381,1873,1508,231,479,2902,7.96448388050873,8.45302722904431,7.35769230769231,7.61688311688312,7.89415448851775,7.97609235010338,19
"23",2013,7,7.61065573770492,244,8.14074074074074,7.18970588235294,7.4,7.39444444444444,7.64807692307692,108,136,20,36,208,3625,1981,1644,251,515,3110,7.9406675862069,8.43600201918223,7.34379562043796,7.5996015936255,7.85922330097087,7.95415434083601,20
"24",2013,8,7.68193717277487,191,8.22070707070707,7.10217391304348,7.21538461538462,7.14,7.78291925465838,99,92,13,30,161,3816,2080,1736,264,545,3271,7.92771750524109,8.42575480769231,7.33099078341014,7.58068181818182,7.81963302752294,7.94572607765209,21
"25",2013,9,7.77772511848341,211,8.22333333333333,7.19010989010989,7.34166666666667,7.96515151515151,7.74297752808989,120,91,12,33,178,4027,2200,1827,276,578,3449,7.91985845542588,8.41471363636363,7.323973727422,7.57028985507246,7.82794117647059,7.93526239489707,22
"26",2013,10,7.89707446808511,188,8.33369565217391,7.47864583333333,7.32352941176471,8.11428571428571,7.87959770114943,92,96,17,14,174,4215,2292,1923,293,592,3623,7.91884223013049,8.41146160558464,7.33169526781071,7.55597269624573,7.83471283783784,7.93258901462876,23
"27",2013,11,7.43265765765766,222,8.12373737373737,6.87642276422764,6.89285714285714,7.05,7.49244791666667,99,123,28,30,192,4437,2391,2046,321,622,3815,7.89451656524679,8.39954830614805,7.30432551319648,7.4981308411215,7.79686495176849,7.9104377457405,24
"28",2013,12,7.95260663507109,211,8.43130434782609,7.37916666666667,7.5,7.82916666666667,7.96844919786096,115,96,13,24,187,4648,2506,2142,334,646,4002,7.89715361445783,8.40100558659218,7.30767973856209,7.49820359281437,7.79806501547988,7.9131484257871,25
"29",2014,1,7.75015151515152,330,8.23472222222222,7.16866666666667,7.58571428571429,7.93020833333333,7.71950354609929,180,150,14,48,282,4978,2686,2292,348,694,4284,7.88740859783046,8.38986224869694,7.29858202443281,7.50172413793103,7.80720461095101,7.9004014939309,26
"30",2014,2,7.72983193277311,238,8.3548,7.03849557522124,7.615625,7.48888888888889,7.760663507109,125,113,16,27,211,5216,2811,2405,364,721,4495,7.88021855828221,8.38830309498399,7.28636174636175,7.50673076923077,7.79528432732316,7.89384204671857,27
"31",2014,3,7.72767857142857,224,8.22396694214876,7.14466019417476,7.3,7.20714285714286,7.80204081632653,121,103,22,28,196,5440,2932,2508,386,749,4691,7.8739375,8.38152114597544,7.28054226475279,7.4949481865285,7.77329773030708,7.8900063952249,28
"32",2014,4,7.60813397129187,209,8.00922330097087,7.21839622641509,7.325,7.14347826086957,7.66559139784946,103,106,20,23,186,5649,3035,2614,406,772,4877,7.8641033811294,8.3688863261944,7.27802218821729,7.4865763546798,7.75453367875648,7.88144761123641,29
"33",2014,5,7.51544943820225,178,8.33895348837209,6.74565217391304,7.4,7.37291666666667,7.53766233766234,86,92,10,24,154,5827,3121,2706,416,796,5031,7.853452891711,8.36806151874399,7.25992239467849,7.48449519230769,7.74302763819095,7.87092426952892,30
"34",2014,6,7.82486486486486,185,8.29495412844037,7.15065789473684,7.1,7.59259259259259,7.86455696202532,109,76,16,27,158,6012,3230,2782,432,823,5189,7.85257318695942,8.36559442724458,7.2569374550683,7.47025462962963,7.73809234507898,7.87073039121218,31
"35",2014,7,7.90048076923077,208,8.32008928571429,7.4109375,6.99285714285714,7.8,7.9180790960452,112,96,14,31,177,6220,3342,2878,446,854,5366,7.85417524115756,8.36406941950927,7.26207435719249,7.45526905829596,7.74033957845433,7.87229221021245,32
"36",2014,8,7.46961538461538,208,7.9765,6.77840909090909,7.02272727272727,6.75357142857143,7.581,120,88,22,28,180,6428,3462,2966,468,882,5546,7.84173148724331,8.35063547082611,7.24772420768712,7.4349358974359,7.70901360544218,7.86283808150018,33
"37",2014,9,7.51906077348066,181,7.80235294117647,7.26822916666667,7.47647058823529,6.65263157894737,7.62067901234568,85,96,17,19,162,6609,3547,3062,485,901,5708,7.83289453775155,8.33749647589512,7.24836708033965,7.43639175257732,7.68673695893452,7.85596531184303,34
"38",2014,10,7.519,200,8.24126213592233,6.7520618556701,6.64705882352941,7.70869565217391,7.49435028248588,103,97,17,23,177,6809,3650,3159,502,924,5885,7.82367454839184,8.33478082191781,7.23312757201646,7.40966135458167,7.68728354978355,7.84508920985556,35
"39",2014,11,7.71575129533679,193,8.1169,7.28440860215054,6.86111111111111,7.01111111111111,7.78822857142857,100,93,18,18,175,7002,3750,3252,520,942,6060,7.82069980005713,8.32897066666666,7.23459409594096,7.39067307692308,7.67436305732484,7.84344719471947,36
"40",2014,12,7.54409282700422,237,8.12209302325581,6.8537037037037,7.04285714285714,7.28243243243243,7.5925,129,108,21,37,200,7239,3879,3360,541,979,6260,7.81164387346319,8.32209074503738,7.22235119047619,7.3771719038817,7.65955056179775,7.83542971246006,37
"41",2015,1,7.78767123287671,292,8.30614035087719,7.05495867768595,7.09444444444444,7.70972222222222,7.7986328125,171,121,18,36,256,7531,4050,3481,559,1015,6516,7.81071438056035,8.32141728395061,7.21653260557311,7.36806797853309,7.66133004926108,7.83398403928791,38
"42",2015,2,7.52294685990338,207,7.97385321100917,7.02142857142857,6.96,7.475,7.52807486631016,109,98,15,20,187,7738,4159,3579,574,1035,6703,7.80301628327733,8.3123082471748,7.21119027661358,7.35740418118467,7.65772946859903,7.82544979859764,39
"43",2015,3,7.63117408906883,247,8.09105691056911,7.175,6.53125,7.14347826086957,7.68125,123,124,16,23,224,7985,4282,3703,590,1058,6927,7.79770068879149,8.30595282578234,7.20997839589522,7.335,7.64655009451796,7.82078677638227,40
"44",2015,4,7.64649122807018,228,8.18524590163934,7.02641509433962,7.03846153846154,7.98421052631579,7.61578947368421,122,106,13,19,209,8213,4404,3809,603,1077,7136,7.79350298307561,8.30260899182561,7.20487004463114,7.32860696517413,7.6525069637883,7.81478279147982,41
"45",2015,5,7.47758620689655,203,8.034,6.9373786407767,7.5,7.69615384615385,7.4454802259887,100,103,14,26,177,8416,4504,3912,617,1103,7313,7.78588284220532,8.29664520426288,7.19782719836401,7.33249594813614,7.65353581142339,7.8058443867086,42
"46",2015,6,7.62103260869565,184,7.98641304347826,7.25565217391304,6.92058823529412,7.9375,7.59089285714286,92,92,17,16,168,8600,4596,4004,634,1119,7481,7.78235581395349,8.29043516100957,7.19915584415584,7.32145110410095,7.65759606791778,7.801017243684,43
"47",2015,7,7.73551401869159,214,8.16791044776119,7.01125,6.85,7.48965517241379,7.77405405405405,134,80,10,29,185,8814,4730,4084,644,1148,7666,7.78121851599728,8.28696405919662,7.1954750244858,7.31413043478261,7.65335365853659,7.80036655361336,44
"48",2015,8,7.5925,200,8.02589285714286,7.04090909090909,7.42222222222222,7.21875,7.625,112,88,18,16,184,9014,4842,4172,662,1164,7850,7.77703128466829,8.28092523750516,7.19221476510067,7.31706948640483,7.64737972508591,7.79625605095541,45
"49",2015,9,7.51365591397849,186,8.09346534653465,6.82470588235294,6.85555555555556,6.70294117647059,7.59520710059172,101,85,9,17,169,9200,4943,4257,671,1181,8019,7.77170652173913,8.27709488165082,7.18487667371388,7.31087928464978,7.6337849280271,7.79201895498192,46
"50",2015,10,7.61576744186047,215,8.09822033898305,7.02886597938144,7.62857142857143,7.9296,7.57447368421053,118,97,14,25,190,9415,5061,4354,685,1206,8209,7.76814551248008,8.27292432325627,7.181401010565,7.31737226277372,7.63991708126037,7.78698379827019,47
"51",2015,11,7.48413654618474,249,8.14957627118644,6.88473282442748,7.08636363636364,6.92666666666667,7.56050228310502,118,131,22,30,219,9664,5179,4485,707,1236,8428,7.76082781456954,8.27011392160649,7.17273578595318,7.31018387553041,7.62260517799353,7.78109871855719,48
"52",2015,12,7.58604702194357,319,8.13016666666667,6.93310344827586,6.716,7.44997142857143,7.60281690140845,174,145,25,35,284,9983,5353,4630,732,1271,8712,7.75524281278173,8.26556491686904,7.16523110151188,7.28989071038251,7.6178512981904,7.77528696051423,49
"53",2016,1,7.62574404761905,336,8.13227513227513,6.97448979591837,7.03478260869565,7.40652173913043,7.66051724137931,189,147,23,46,290,10319,5542,4777,755,1317,9002,7.7510261653261,8.26101930710935,7.15936152396902,7.28211920529801,7.61047000759302,7.77158964674517,50
"54",2016,2,7.55538709677419,248,8.06027692307692,6.99915254237288,7.04782608695652,7.28461538461538,7.5870990990991,130,118,23,26,222,10567,5672,4895,778,1343,9224,7.7464346550582,8.25641837094499,7.15549948927477,7.27519280205655,7.60416157855547,7.76714939288811,51
"55",2016,3,7.6055,200,8.07281553398058,7.10927835051546,7.19,7.45909090909091,7.62359550561798,103,97,20,22,178,10767,5775,4992,798,1365,9402,7.74381675489923,8.25314372294372,7.15460136217949,7.27305764411027,7.60182344322344,7.76443161029568,52
"56",2016,4,7.70470383275261,287,8.20796178343949,7.09692307692308,7.19047619047619,7.4375,7.72908745247148,157,130,21,24,263,11054,5932,5122,819,1389,9665,7.74280124841686,8.25194790964262,7.15313744631004,7.27094017094017,7.5989841612671,7.76346983962752,53
"57",2016,5,7.71751773049645,282,8.27295597484277,6.99951219512195,7.47058823529412,7.50833333333333,7.7317803030303,159,123,17,18,264,11336,6091,5245,836,1407,9929,7.74217228299224,8.25249630602528,7.1495347950429,7.275,7.59782444918266,7.76262725349985,54
"58",2016,6,7.82360869565217,230,8.27298507462686,7.19635416666667,7.46428571428571,7.89285714285714,7.8140099009901,134,96,14,28,202,11566,6225,5341,850,1435,10131,7.74379171710185,8.25293734939759,7.15037633401985,7.27811764705882,7.60358118466899,7.76365176191886,55
"59",2016,7,7.64814814814815,270,8.07,7.03454545454545,6.85714285714286,7.61363636363636,7.65120967741935,160,110,21,22,248,11836,6385,5451,871,1457,10379,7.74160991889152,8.24835317149569,7.14803889194643,7.26796785304248,7.60373301304049,7.76096502553232,56
"60",2016,8,7.68584848484848,330,8.08016304347826,7.18890410958904,7.225,7.68529411764706,7.68591216216216,184,146,28,34,296,12166,6569,5597,899,1491,10675,7.7400974025974,8.24364210686558,7.14910487761301,7.26662958843159,7.6055928906774,7.75888393442623,57
"61",2016,9,7.55996784565916,311,8.07050561797753,6.87669172932331,6.744,7.40909090909091,7.58483146067416,178,133,25,44,267,12477,6747,5730,924,1535,10942,7.73560751783281,8.23907440343857,7.14278184991274,7.25248917748918,7.59996026058632,7.75463681228294,58
"62",2016,10,7.74375,288,8.20621118012422,7.15748031496063,7.28461538461538,7.96617647058823,7.71397637795276,161,127,13,34,254,12765,6908,5857,937,1569,11196,7.73579122600862,8.23830848291836,7.14310056342838,7.25293489861259,7.60789611217336,7.75371436227224,59
"63",2016,11,7.68644376899696,329,8.18511764705882,7.15327044025157,7.375,7.28048780487805,7.74423611111111,170,159,24,41,288,13094,7078,6016,961,1610,11484,7.73455132121582,8.23703094094377,7.14336934840426,7.25598335067638,7.59955838509317,7.75347666318356,60
"64",2016,12,7.62094696969697,264,8.12771812080537,6.96434782608696,7.09615384615385,7.48095238095238,7.63304526748971,149,115,26,21,243,13358,7227,6131,987,1631,11727,7.73230610869891,8.23477722429777,7.14001141738705,7.25177304964539,7.59803126916003,7.75098115460049,61
"65",2017,1,7.72281094527363,402,8.2124200913242,7.13688524590164,6.89655172413793,7.80106382978723,7.71245070422535,219,183,29,47,355,13760,7446,6314,1016,1678,12082,7.73202870639535,8.23411966156326,7.13992081089642,7.24163385826772,7.60371811680572,7.74984903161728,62
"66",2017,2,7.55665625,320,8.10175438596491,6.93107382550336,6.80769230769231,7.27209302325581,7.60083032490975,171,149,26,43,277,14080,7617,6463,1042,1721,12359,7.72804296875,8.23114808979913,7.1351059879313,7.23080614203455,7.59543230679837,7.74650910267821,63
"67",2017,3,7.75148571428571,308,8.06447216494845,7.21885964912281,6.55882352941176,7.56222222222222,7.77653529411765,194,114,17,36,272,14388,7811,6577,1059,1757,12631,7.72854480122324,8.2270083984125,7.13655770107952,7.22001888574127,7.59475184974388,7.74715569630274,64
"68",2017,4,7.54595070422535,284,8.04150326797386,6.96717557251908,7.04,7.48888888888889,7.55194552529183,153,131,20,27,257,14672,7964,6708,1079,1784,12888,7.72501040076336,8.22344457559016,7.13324985092427,7.21668211306766,7.59314966367713,7.74326300434512,65
"69",2017,5,7.63691756272401,279,8.04716981132075,7.09333333333333,7.11428571428571,7.30357142857143,7.67410358565737,159,120,21,28,251,14951,8123,6828,1100,1812,13139,7.72336650391278,8.21999416471747,7.13254833040422,7.21472727272727,7.58867494481236,7.74194182205647,66
"70",2017,6,7.40787878787879,231,7.93728070175439,6.89205128205128,7.13333333333333,7.30892857142857,7.42152709359606,114,117,18,28,203,15182,8237,6945,1118,1840,13342,7.7185662363325,8.21608141313585,7.12849676025918,7.2134168157424,7.58441793478261,7.73706667666017,67
"71",2017,7,7.50431818181818,308,8.03290909090909,6.89440559440559,6.85714285714286,7.39365853658537,7.52131086142322,165,143,21,41,267,15490,8402,7088,1139,1881,13609,7.71430617172369,8.21248424184718,7.12377398419865,7.20684811237928,7.58025996810207,7.73283368359174,68
"72",2017,8,7.51993548387097,310,8.15963414634146,6.8013698630137,7.21052631578947,7.47878787878788,7.52483754512635,164,146,19,33,277,15800,8566,7234,1158,1914,13886,7.71049256962025,8.2114724025216,7.11726707215925,7.20690846286701,7.57851044932079,7.72868454558548,69
"73",2017,9,7.60085910652921,291,8.12712418300654,7.01739130434783,7.17739130434783,7.19428571428571,7.6564453125,153,138,23,35,256,16091,8719,7372,1181,1949,14142,7.70850988751476,8.20999226975571,7.11539744981009,7.20633361558002,7.57161056952283,7.72737686324424,70
"74",2017,10,7.61220407523511,319,8.01315476190476,7.16611324503311,6.92443666666667,7.5801,7.61565972222222,168,151,30,31,288,16410,8887,7523,1211,1980,14430,7.7066377635588,8.20627125014065,7.116415406088,7.19935020644096,7.57174348484848,7.72514716562716,71
"75",2017,11,7.52388379204893,327,7.964,7.01717105263158,6.97857142857143,7.33548387096774,7.54361486486486,175,152,28,31,296,16737,9062,7675,1239,2011,14726,7.70306719842266,8.201592650629,7.11444991530945,7.19436085552865,7.56810149179513,7.72149827515958,72
"76",2017,12,7.5148322147651,298,8.02751633986928,6.97386206896552,6.988,7,7.57460674157303,153,145,25,31,267,17035,9215,7820,1264,2042,14993,7.69977432932198,8.1987023982637,7.11184310741688,7.19027935126582,7.55947703232125,7.71888238511305,73
"77",2018,1,7.55282709006928,433,7.98517794354839,6.97324324324324,6.92592592592593,7.668,7.53946940721649,248,185,27,45,388,17468,9463,8005,1291,2087,15381,7.69613177410121,8.19310649159886,7.10863998750781,7.18475065840434,7.56181701006229,7.71435652623366,74
"78",2018,2,7.50974358974359,312,7.94018292682927,7.03277027027027,7.03928571428571,7.475,7.51427536231884,164,148,28,36,276,17780,9627,8153,1319,2123,15657,7.69286107030371,8.18879783213878,7.10726273764259,7.1816626990144,7.56034484220443,7.71082951587149,75
"79",2018,3,7.58715789473684,285,8.17371794871795,6.87782945736434,6.71428571428571,7.89047619047619,7.5630303030303,156,129,21,21,264,18065,9783,8282,1340,2144,15921,7.69119345862164,8.18855736788306,7.10368909683651,7.17433813432836,7.56357840485075,7.70837872809497,76
"80",2018,4,7.4834962406015,266,7.99386861313869,6.94147286821705,7.41764705882353,7.72,7.45896265560166,137,129,17,25,241,18331,9920,8411,1357,2169,16162,7.68817957721892,8.18586862197581,7.10120117703008,7.17738621960206,7.56538132780083,7.70465955512931,77
"81",2018,5,7.28394488372093,258,7.77744,6.82013368421053,6.58064516129032,6.5,7.34626686192469,125,133,31,19,239,18589,10045,8544,1388,2188,16401,7.68256913282048,8.18078613539074,7.09682594569288,7.16405842939481,7.55612984460695,7.69943695567343,78
"82",2018,6,7.55558823529412,204,8.01308411214953,7.05092783505155,6.57894736842105,7.58217391304348,7.55220994475138,107,97,19,23,181,18793,10152,8641,1407,2211,16582,7.68119074176555,8.17901859042553,7.09631071403773,7.15615714285714,7.55640076888286,7.69782990652515,79
"83",2018,7,7.49818989247312,186,8.10430541666667,6.85166666666667,6.7,7.81428523809524,7.45795957575758,96,90,10,21,165,18979,10248,8731,1417,2232,16747,7.67939727751726,8.17831870120999,7.09378889932425,7.15293796753705,7.55882710125448,7.69546658147728,80
"84",2018,8,7.46890829694323,229,8.11349593495935,6.72094339622642,6.85714285714286,7.43913043478261,7.47223300970874,123,106,21,23,206,19208,10371,8837,1438,2255,16953,7.67688780351937,8.17754990357728,7.08931660970918,7.14861828929068,7.55760624833703,7.69275401639828,81
"85",2018,9,7.4195,216,7.99555555555556,6.84344444444444,6.77631578947368,7.625,7.3985306122449,108,108,19,20,196,19424,10479,8945,1457,2275,17149,7.67402558329901,8.17567421032541,7.08634800223589,7.1437632807138,7.55819872087912,7.68939126712928,82
"86",2018,10,7.37042553191489,235,7.81721804511278,6.7878431372549,6.36818181818182,7.70238095238095,7.33785046728972,133,102,22,21,214,19659,10612,9047,1479,2296,17363,7.67039640520881,8.17118168582736,7.08298252238311,7.13222657200811,7.55951746080139,7.68505850601854,83
"87",2018,11,7.36579365079365,252,7.93627906976744,6.76747967479675,6.50869565217391,7.06896551724138,7.40439461883408,129,123,23,29,223,19911,10741,9170,1502,2325,17586,7.66654125508513,8.16836049250535,7.07875058669575,7.12267849533955,7.5533987483871,7.68149953599454,84
"88",2018,12,7.56197628458498,253,7.9531654676259,7.085,7.20588235294118,7.62,7.55561403508772,139,114,17,25,228,20164,10880,9284,1519,2350,17814,7.66522926651458,8.16561121783088,7.07882732442913,7.12360967741936,7.55410727234042,7.67988833726282,85
"89",2019,1,7.53845144356955,381,8.06725,6.95414364640884,6.76451612903226,7.98970588235294,7.49423631123919,200,181,31,34,347,20545,11080,9465,1550,2384,18161,7.6628782151375,8.16383574458484,7.07644298784997,7.11642780645161,7.56031966862416,7.67634110676725,86
"90",2019,2,7.48713167259787,281,7.96824657534247,6.96681481481482,6.1952380952381,7.34814814814815,7.50190551181102,146,135,21,27,254,20826,11226,9600,1571,2411,18415,7.66050691107269,8.16129200516658,7.07490134166667,7.10411400381922,7.5579436291995,7.67393509856095,87
"91",2019,3,7.41563636363636,275,8.03820689655172,6.72123076923077,6.74,6.92666666666667,7.47551020408163,145,130,25,30,245,21101,11371,9730,1596,2441,18660,7.65731562153452,8.15972245624835,7.07017604110997,7.09841046365915,7.55018520688242,7.67132984137192,88
"92",2019,4,7.51978682170543,258,8.03905109489051,6.93185950413223,6.66666666666667,6.9956,7.57603004291845,137,121,24,25,233,21359,11508,9851,1620,2466,18893,7.65565438129126,8.15828589242266,7.06847709674145,7.09201425925926,7.54456289132198,7.67015454612819,89
"93",2019,5,7.67246428571429,280,8.27902097902098,7.03934306569343,6.97565217391304,7.59230769230769,7.6854356846473,143,137,23,39,241,21639,11651,9988,1643,2505,19134,7.65587189472711,8.15976774954939,7.06807748097717,7.09038533171029,7.54530622355289,7.67034701787394,90
"94",2019,6,7.47965909090909,264,7.86894736842105,7.08442748091603,7.33103448275862,7.69,7.46241803278689,133,131,29,20,244,21903,11784,10119,1672,2525,19378,7.65374797653289,8.15648540818058,7.06828914714893,7.09455927033493,7.54645231287129,7.66772885953143,91
"95",2019,7,7.58435047794118,272,8.0146622875817,7.03109243697479,6.665,7.53035714285714,7.59054643442623,153,119,20,28,244,22175,11937,10238,1692,2553,19622,7.65289674227734,8.15466762000502,7.06785679624927,7.08948173758865,7.54627578926753,7.66676909438385,92
"96",2019,8,7.51838034482759,319,7.99849900584795,6.96364864864865,6.81,7.40714285714286,7.52908360824742,171,148,30,28,291,22494,12108,10386,1722,2581,19913,7.65098908997955,8.15246206722828,7.06637183516272,7.08461271777004,7.54476640449438,7.66475701802842,93
"97",2019,9,7.50777379061372,277,7.99920639455782,6.95207692307692,6.66923076923077,7.45428571428571,7.51378851405623,147,130,26,28,249,22771,12255,10516,1748,2609,20162,7.64924693381933,8.15062374949,7.06495890833016,7.07843426773455,7.54379535837486,7.66289256224581,94
"98",2019,10,7.39667910447761,268,7.8986,6.75864406779661,7.2455,7.17272727272727,7.41670731707317,150,118,20,22,246,23039,12405,10634,1768,2631,20408,7.64630895134337,8.14757630390971,7.06155989091593,7.08032415158371,7.54069254656024,7.65992502156017,95
"99",2019,11,7.39906015037594,266,7.91,6.73836206896552,6.445,6.934,7.44730290456432,150,116,20,25,241,23305,12555,10750,1788,2656,20649,7.64348688822141,8.14473787733971,7.05807236093023,7.07321761744966,7.53498196159638,7.65744345198314,96
"100",2019,12,7.53006178707224,263,8.01073113207547,6.79519230769231,6.68947368421053,6.94459459459459,7.62591261061947,159,104,19,37,226,23568,12714,10854,1807,2693,20875,7.64222115495587,8.14306200251691,7.0555535175972,7.06918267847261,7.52687043817304,7.65710208814371,97
"101",2020,1,7.23986344578313,415,7.77913163865546,6.51474576271186,6.34285714285714,7.20363636363636,7.24539813888889,238,177,28,55,360,23983,12952,11031,1835,2748,21235,7.63525878789142,8.13637458539222,7.04687588432599,7.05809978201635,7.52040105167394,7.65012241205557,98
"102",2020,2,7.43654930693069,303,7.98323728395062,6.80843971631206,6.37142857142857,7.47741935483871,7.43189132352941,162,141,14,31,272,24286,13114,11172,1849,2779,21507,7.63277962406324,8.13448284810127,7.04386662012173,7.05290054083288,7.51992158690176,7.64736243362626,99
"103",2020,3,7.36493236162362,271,7.9348735862069,6.70904761904762,6.6304347826087,7.01161290322581,7.41056945833333,145,126,23,31,240,24557,13259,11298,1872,2810,21747,7.62982378222095,8.13229992759635,7.04013257921756,7.04770998931624,7.51431391103203,7.64474918517496,100
"104",2020,4,7.51686013392857,224,7.846046,6.9126582278481,7,7.13590909090909,7.55834985148515,145,79,16,22,202,24781,13404,11377,1888,2832,21949,7.62880268310399,8.12920332811102,7.03924741847587,7.04730566737288,7.51137432556497,7.64395403890838,101
"105",2020,5,7.35505952380952,168,7.84450549450549,6.77662337662338,6.70625,7.21666666666667,7.36862745098039,91,77,16,15,153,24949,13495,11454,1904,2847,22102,7.62695936871217,8.12728354279363,7.03748191723415,7.04443965336135,7.50982159817351,7.64204810424396,102
"106",2020,6,7.2587075,196,7.8215576635514,6.58202247191011,6.60526315789474,7.08333333333333,7.27644196629213,107,89,19,18,178,25145,13602,11543,1923,2865,22280,7.62408892264863,8.12487855315395,7.03397018799272,7.04010041601664,7.50714209075044,7.63912719344703,103
"107",2020,7,7.31321888412017,233,7.933203125,6.55742857142857,7.4,7.38695652173913,7.30514285714286,128,105,17,23,210,25378,13730,11648,1940,2888,22490,7.62123476869729,8.12309163000729,7.02967444024725,7.04325417525773,7.50618493421053,7.63600862027567,104
"108",2020,8,7.5009756097561,205,8.0875,6.67294117647059,6.28,7.14347826086957,7.54615384615385,120,85,10,23,182,25583,13850,11733,1950,2911,22672,7.62027111597545,8.12278325487365,7.02709007755902,7.03934005128205,7.50331916523531,7.63528730901552,105
"109",2020,9,7.53452054794521,219,7.88892307692308,7.01685393258427,7.46428571428571,7.825,7.49538860103627,130,89,14,26,193,25802,13980,11822,1964,2937,22865,7.61954328966747,8.12060858941345,7.02701301641008,7.04236919551935,7.50616686755192,7.63410644522195,106
"110",2020,10,7.34135802469136,243,7.85597014925373,6.70871559633028,6.59444444444444,7.68695652173913,7.30522727272727,134,109,18,23,220,26045,14114,11931,1982,2960,23085,7.6169478195431,8.11809608048746,7.02410509429218,7.03830126135217,7.50757165202703,7.6309722274204,107
"111",2020,11,7.35613718411552,277,7.83612903225806,6.74631147540984,6.53181818181818,7.45833333333333,7.34644268774704,155,122,22,24,253,26322,14269,12053,2004,2984,23338,7.61420317453081,8.11503315439064,7.02129327802207,7.03274106786427,7.50717563337802,7.62788773116805,108
"112",2020,12,7.30573643410853,258,7.72,6.79060869565217,6.62695652173913,7.59285714285714,7.27078260869565,143,115,23,28,230,26580,14412,12168,2027,3012,23568,7.61120902784048,8.11111352206495,7.01911307363577,7.02813670448939,7.50797214143426,7.62440274397488,109
"113",2021,1,7.53920203030303,330,7.82558823529412,7.07552912698413,6.73333346153846,7.88809523809524,7.51549084142395,204,126,26,21,309,26910,14616,12294,2053,3033,23877,7.61032599888517,8.10712835796388,7.01969127623231,7.02440320019484,7.51060405209364,7.62299327972525,110
"114",2021,2,7.27455696202532,237,7.89,6.61052631578947,6.65625,6.85,7.3136866359447,123,114,16,20,217,27147,14739,12408,2069,3053,24094,7.60739465244778,8.10531637695909,7.01593202369439,7.02155619623006,7.50627647887324,7.62020754295675,111
"115",2021,3,7.31053921568627,204,7.85213675213675,6.58218390804598,6.52631578947368,7.38095238095238,7.30245901639344,117,87,19,21,183,27351,14856,12495,2088,3074,24277,7.60518052831706,8.10332243403339,7.01291192877151,7.01704969827586,7.50542032856213,7.61781235490381,112
"116",2021,4,7.34190476190476,189,7.92764705882353,6.6551724137931,7.07692307692308,7.025,7.37121387283237,102,87,13,16,173,27540,14958,12582,2101,3090,24450,7.60337373384168,8.10212448723092,7.01043828882531,7.01742016658734,7.50293271521036,7.61606750674846,113
"117",2021,5,7.2871568627451,204,7.71623853211009,6.79484210526316,6.70833333333333,6.91363636363636,7.33230769230769,109,95,12,22,182,27744,15067,12677,2113,3112,24632,7.6010486097895,8.09933285192806,7.00882263548158,7.01566482252721,7.49876673843188,7.61397087284832,114
"118",2021,6,7.34255681818182,176,7.91184782608696,6.71904761904762,6.96428571428571,7.525,7.31375,92,84,14,24,152,27920,15159,12761,2127,3136,24784,7.59941914863897,8.09819500494756,7.00691517514301,7.01532664315938,7.49896750318877,7.61212962153002,115
"119",2021,7,7.28355450236967,211,7.79815789473684,6.67876288659794,6.564,7.38590909090909,7.27164021164021,114,97,25,22,189,28131,15273,12858,2152,3158,24973,7.59704996729586,8.09595548222354,7.00443961347021,7.01008353624535,7.49817988917036,7.60955273855764,116
"120",2021,8,7.30699074074074,216,7.76182608695652,6.78910891089109,6.11176470588235,7.35714285714286,7.30351485148515,115,101,17,14,202,28347,15388,12959,2169,3172,25175,7.59483975835185,8.09345841434885,7.00276136661779,7.00304277086215,7.49755740542245,7.60709714160873,117
"121",2021,9,7.11895129213483,178,7.59111111111111,6.63606056818182,6.63944416666667,6.26842105263158,7.22058698113208,90,88,12,19,159,28525,15478,13047,2181,3191,25334,7.59187014758983,8.09053741310247,7.00028802636621,7.00104222833563,7.49023882481981,7.60467134562248,118
"122",2021,10,7.32238636363636,220,8.08183486238532,6.57662162162162,6.87307692307692,7.27407407407407,7.32914507772021,109,111,26,27,193,28745,15587,13158,2207,3218,25527,7.58980765211341,8.09047655610445,6.99671400516796,6.99953470774807,7.48842513673089,7.60258819563599,119
"123",2021,11,7.18593836134454,238,7.69562664,6.62212389380531,6.89473684210526,6.7140625,7.25923946601942,125,113,19,32,206,28983,15712,13271,2226,3250,25733,7.58649119449332,8.08733524758147,6.99352444276995,6.9986402066487,7.48080064307692,7.59983959118641,120
"124",2021,12,7.23795454545455,264,7.76897435897436,6.47092592592593,6.13703703703704,7.10645161290323,7.25545064377682,156,108,27,31,233,29247,15868,13379,2253,3281,25966,7.58334510513899,8.08420540773885,6.98930584348606,6.98831473590768,7.47726366656507,7.59674929523222,121
"125",2022,1,7.16696976744186,430,7.60861739130435,6.659075,6.42958333333333,7.44767441860465,7.13578036175711,230,200,36,43,387,29677,16098,13579,2289,3324,26353,7.57731210331233,8.07741044912412,6.98444199720156,6.97952734818698,7.4768808935018,7.58997985808067,122
"126",2022,2,7.45331932773109,238,7.90637795275591,6.93495495495496,6.77391304347826,7.73809523809524,7.42576036866359,127,111,23,21,217,29915,16225,13690,2312,3345,26570,7.57632563229149,8.07607170477659,6.98404075091307,6.97748187716263,7.47852080418535,7.58863866014302,123
"127",2022,3,7.5003137962963,216,7.95425629032258,6.88847826086957,6.38461538461539,7.10526315789474,7.53841512690355,124,92,13,19,197,30131,16349,13782,2325,3364,26767,7.57578072649431,8.07514778824394,6.98340283558264,6.97416692473118,7.47641263079667,7.58826902454515,124
"128",2022,4,7.37372093023256,215,7.92154471544715,6.64130434782609,6.52941176470588,8.08,7.33926829268293,123,92,17,10,205,30346,16472,13874,2342,3374,26972,7.57434914222632,8.0740008007528,6.9811343433761,6.97093855678907,7.47820156787196,7.58637650081566,125
"129",2022,5,7.18088235294118,204,7.71414141414141,6.67809523809524,6.8,7.20454545454546,7.17802197802198,99,105,15,22,182,30550,16571,13979,2357,3396,27154,7.57172173715221,8.07185089554041,6.97885813577509,6.96985070004243,7.47642876619552,7.58363949988952,126
"130",2022,6,7.11978260869565,207,7.65372641509434,6.55940594059406,6.30769230769231,6.36666666666667,7.17861979166667,106,101,13,15,192,30757,16677,14080,2370,3411,27346,7.56868010761778,8.06919327157163,6.97584928125,6.96621860759494,7.47154854588097,7.58079580121407,127
"131",2022,7,7.1187,200,7.63529411764706,6.58102040816327,6.28235294117647,7.11111111111111,7.11945054945055,102,98,17,18,182,30957,16779,14178,2387,3429,27528,7.56577297767871,8.06655558674534,6.97312017774016,6.96134817762882,7.46965648585593,7.57774564007556,128
"132",2022,8,7.21612046218487,238,7.671770859375,6.68590909090909,6.25,6.95135814814815,7.25,128,110,10,27,211,31195,16907,14288,2397,3456,27739,7.56310532905914,8.06356673922045,6.97090900615901,6.95838051731331,7.46560728009259,7.57525260391506,129
"133",2022,9,7.22865740740741,216,7.97342105263158,6.39627450980392,5.66666666666667,7.05909090909091,7.2592349726776,114,102,15,33,183,31411,17021,14390,2412,3489,27922,7.56080547387858,8.06296297867341,6.96683584989576,6.95034747097844,7.46176232731441,7.57318143327841,130
"134",2022,10,7.48116379310345,232,7.86262773722628,6.93105263157895,6.95833333333333,7.59,7.4703317535545,137,95,12,21,211,31643,17158,14485,2424,3510,28133,7.56022155737446,8.06136337918173,6.96660116534346,6.9503870049505,7.46252956125356,7.57241005154089,131
"135",2022,11,7.34155462184874,238,7.86111111111111,6.83917355371901,6.68695652173913,7.26388888888889,7.34790909090909,117,121,23,18,220,31881,17275,14606,2447,3528,28353,7.55858915153226,8.06000711201159,6.96554552101876,6.94791095218635,7.46151608843537,7.57066807674673,132
"136",2022,12,7.20798418972332,253,7.75095238095238,6.66929133858268,5.825,6.80689655172414,7.25991071428571,126,127,20,29,224,32134,17401,14733,2467,3557,28577,7.5558287402751,8.05776925808862,6.96299177899952,6.93880749898662,7.45617901602474,7.56823221401826,133
