"","year","month","avg_rating","no_ratings","avg_rating_owned","avg_rating_not_owned","avg_rating_prev_owned","avg_rating_comment","avg_rating_no_comment","no_ratings_owned","no_ratings_not_owned","no_ratings_prev_owned","no_ratings_comment","no_ratings_no_comment","cum_no_ratings","cum_no_ratings_owned","cum_no_ratings_not_owned","cum_no_ratings_prev_owned","cum_no_ratings_comment","cum_no_ratings_no_comment","cum_avg_rating","cum_avg_rating_owned","cum_avg_rating_not_owned","cum_avg_rating_prev_owned","cum_avg_rating_comment","cum_avg_rating_no_comment","month_after_release"
"1",2001,6,6,3,6,NA,NA,3,7.5,3,0,0,1,2,3,3,0,0,1,2,6,6,NA,NA,3,7.5,0
"2",2001,9,7.5,2,7,8,NA,NA,7.5,1,1,0,0,2,5,4,1,0,1,4,6.6,6.25,8,NA,3,7.5,3
"3",2001,10,6.5,2,6.5,NA,NA,NA,6.5,2,0,0,0,2,7,6,1,0,1,6,6.57142857142857,6.33333333333333,8,NA,3,7.16666666666667,4
"4",2001,11,7.5,2,7.5,NA,NA,7.5,NA,2,0,0,2,0,9,8,1,0,3,6,6.77777777777778,6.625,8,NA,6,7.16666666666667,5
"5",2002,1,7.4,5,7.4,NA,NA,8,7.25,5,0,0,1,4,14,13,1,0,4,10,7,6.92307692307692,8,NA,6.5,7.2,7
"6",2002,2,7,2,7,NA,NA,NA,7,2,0,0,0,2,16,15,1,0,4,12,7,6.93333333333333,8,NA,6.5,7.16666666666667,8
"7",2002,3,6,2,6,NA,NA,3,9,2,0,0,1,1,18,17,1,0,5,13,6.88888888888889,6.82352941176471,8,NA,5.8,7.30769230769231,9
"8",2002,4,7,1,NA,7,NA,7,NA,0,1,0,1,0,19,17,2,0,6,13,6.89473684210526,6.82352941176471,7.5,NA,6,7.30769230769231,10
"9",2002,7,5,1,5,NA,NA,NA,5,1,0,0,0,1,20,18,2,0,6,14,6.8,6.72222222222222,7.5,NA,6,7.14285714285714,13
"10",2002,8,6.85714285714286,7,7.33333333333333,4,NA,NA,6.85714285714286,6,1,0,0,7,27,24,3,0,6,21,6.81481481481481,6.875,6.33333333333333,NA,6,7.04761904761905,14
"11",2002,9,5,1,NA,5,NA,5,NA,0,1,0,1,0,28,24,4,0,7,21,6.75,6.875,6,NA,5.85714285714286,7.04761904761905,15
"12",2002,10,7.33333333333333,3,7.33333333333333,NA,NA,10,6,3,0,0,1,2,31,27,4,0,8,23,6.80645161290323,6.92592592592593,6,NA,6.375,6.95652173913043,16
"13",2002,11,6.33333333333333,3,8,3,3,9,5,2,1,1,1,2,34,29,5,1,9,25,6.76470588235294,7,5.4,3,6.66666666666667,6.8,17
"14",2002,12,6.5,3,6.5,NA,NA,NA,6.5,3,0,0,0,3,37,32,5,1,9,28,6.74324324324324,6.953125,5.4,3,6.66666666666667,6.76785714285714,18
"15",2003,1,8.16666666666667,3,8.75,7,7,8.75,7,2,1,1,2,1,40,34,6,2,11,29,6.85,7.05882352941176,5.66666666666667,5,7.04545454545455,6.77586206896552,19
"16",2003,2,8.5,8,8.71428571428571,7,NA,8.8,8,7,1,0,5,3,48,41,7,2,16,32,7.125,7.34146341463415,5.85714285714286,5,7.59375,6.890625,20
"17",2003,3,6.5,2,6,7,7,NA,6.5,1,1,1,0,2,50,42,8,3,16,34,7.1,7.30952380952381,6,5.66666666666667,7.59375,6.86764705882353,21
"18",2003,4,8.2,5,8.5,7,NA,8,8.25,4,1,0,1,4,55,46,9,3,17,38,7.2,7.41304347826087,6.11111111111111,5.66666666666667,7.61764705882353,7.01315789473684,22
"19",2003,5,7.4,10,7.875,5.5,6,7.5,7.25,8,2,1,6,4,65,54,11,4,23,42,7.23076923076923,7.48148148148148,6,5.75,7.58695652173913,7.03571428571429,23
"20",2003,6,7.66666666666667,9,7.83333333333333,7.33333333333333,7,7.71428571428571,7.5,6,3,1,7,2,74,60,14,5,30,44,7.28378378378378,7.51666666666667,6.28571428571429,6,7.61666666666667,7.05681818181818,24
"21",2003,7,7,12,7.77777777777778,4.66666666666667,NA,7.25,6.875,9,3,0,4,8,86,69,17,5,34,52,7.24418604651163,7.55072463768116,6,6,7.57352941176471,7.02884615384615,25
"22",2003,8,7.875,8,8,7.5,NA,7.33333333333333,8.2,6,2,0,3,5,94,75,19,5,37,57,7.29787234042553,7.58666666666667,6.15789473684211,6,7.55405405405405,7.13157894736842,26
"23",2003,9,7.4,5,7.4,NA,NA,8,7.25,5,0,0,1,4,99,80,19,5,38,61,7.3030303030303,7.575,6.15789473684211,6,7.56578947368421,7.13934426229508,27
"24",2003,10,7.875,8,8.66666666666667,5.5,5,8.8,6.33333333333333,6,2,1,5,3,107,86,21,6,43,64,7.34579439252336,7.65116279069767,6.09523809523809,5.83333333333333,7.7093023255814,7.1015625,28
"25",2003,11,7.5,4,7.5,NA,NA,NA,7.5,4,0,0,0,4,111,90,21,6,43,68,7.35135135135135,7.64444444444444,6.09523809523809,5.83333333333333,7.7093023255814,7.125,29
"26",2003,12,7.75,2,7.75,NA,NA,8,7.5,2,0,0,1,1,113,92,21,6,44,69,7.35840707964602,7.64673913043478,6.09523809523809,5.83333333333333,7.71590909090909,7.1304347826087,30
"27",2004,1,8.28571428571429,7,8.2,8.5,8.5,8.66666666666667,8,5,2,2,3,4,120,97,23,8,47,73,7.4125,7.67525773195876,6.30434782608696,6.5,7.77659574468085,7.17808219178082,31
"28",2004,2,7.1875,8,7.21428571428571,7,NA,6.5,7.6,7,1,0,3,5,128,104,24,8,50,78,7.3984375,7.64423076923077,6.33333333333333,6.5,7.7,7.20512820512821,32
"29",2004,3,7.38,10,7.53333333333333,6,NA,6.66666666666667,7.68571428571429,9,1,0,3,7,138,113,25,8,53,85,7.39710144927536,7.6353982300885,6.32,6.5,7.64150943396226,7.24470588235294,33
"30",2004,4,7.81818181818182,11,7.88888888888889,7.5,NA,8,7.6,9,2,0,6,5,149,122,27,8,59,90,7.42818791946309,7.65409836065574,6.40740740740741,6.5,7.67796610169492,7.26444444444444,34
"31",2004,5,8.1875,8,8.21428571428571,8,8,8.3,8,7,1,1,5,3,157,129,28,9,64,93,7.46687898089172,7.68449612403101,6.46428571428571,6.66666666666667,7.7265625,7.28817204301075,35
"32",2004,6,7,8,7.16666666666667,6.5,6,7.2,6.66666666666667,6,2,1,5,3,165,135,30,10,69,96,7.44424242424242,7.66148148148148,6.46666666666667,6.6,7.68840579710145,7.26875,36
"33",2004,7,6.375,4,8.75,4,4,7,5.75,2,2,1,2,2,169,137,32,11,71,98,7.4189349112426,7.67737226277372,6.3125,6.36363636363636,7.66901408450704,7.23775510204082,37
"34",2004,8,7.5,6,7.4,8,8,7.5,7.5,5,1,1,2,4,175,142,33,12,73,102,7.42171428571429,7.66760563380282,6.36363636363636,6.5,7.66438356164384,7.24803921568627,38
"35",2004,9,8.25,4,8.25,NA,NA,8,8.33333333333333,4,0,0,1,3,179,146,33,12,74,105,7.44022346368715,7.68356164383562,6.36363636363636,6.5,7.66891891891892,7.27904761904762,39
"36",2004,10,7.22222222222222,9,7.14285714285714,7.5,NA,7.5,7,7,2,0,4,5,188,153,35,12,78,110,7.42978723404255,7.65882352941176,6.42857142857143,6.5,7.66025641025641,7.26636363636364,40
"37",2004,11,7.65,10,7.65,NA,NA,7.5,7.75,10,0,0,4,6,198,163,35,12,82,116,7.44090909090909,7.65828220858896,6.42857142857143,6.5,7.65243902439024,7.29137931034483,41
"38",2004,12,7.44444444444444,9,7.5,7.33333333333333,7.5,7.6,7.25,6,3,2,5,4,207,169,38,14,87,120,7.44106280193237,7.65266272189349,6.5,6.64285714285714,7.64942528735632,7.29,42
"39",2005,1,7.27777777777778,18,7.35714285714286,7,8,7.22222222222222,7.33333333333333,14,4,1,9,9,225,183,42,15,96,129,7.428,7.63005464480874,6.54761904761905,6.73333333333333,7.609375,7.29302325581395,43
"40",2005,2,8.16666666666667,6,8,8.5,NA,8.33333333333333,8,4,2,0,3,3,231,187,44,15,99,132,7.44718614718615,7.6379679144385,6.63636363636364,6.73333333333333,7.63131313131313,7.30909090909091,44
"41",2005,3,7.81818181818182,11,7.8,8,NA,8,7.71428571428571,10,1,0,4,7,242,197,45,15,103,139,7.46404958677686,7.64619289340101,6.66666666666667,6.73333333333333,7.64563106796117,7.3294964028777,45
"42",2005,4,7.68181818181818,11,7.3125,8.66666666666667,NA,7.75,7.64285714285714,8,3,0,4,7,253,205,48,15,107,146,7.47351778656126,7.63317073170732,6.79166666666667,6.73333333333333,7.64953271028037,7.3445205479452,46
"43",2005,5,7.71428571428571,7,7.83333333333333,7,7,7.8,7.5,6,1,1,5,2,260,211,49,16,112,148,7.48,7.63886255924171,6.79591836734694,6.75,7.65625,7.34662162162162,47
"44",2005,6,7.33333333333333,3,7.5,7,NA,7.5,7,2,1,0,2,1,263,213,50,16,114,149,7.47832699619772,7.63755868544601,6.8,6.75,7.65350877192982,7.34429530201342,48
"45",2005,7,8.3,5,8,9.5,NA,8.75,8,4,1,0,2,3,268,217,51,16,116,152,7.49365671641791,7.64423963133641,6.85294117647059,6.75,7.67241379310345,7.35723684210526,49
"46",2005,8,6.93181818181818,11,7.34375,5.83333333333333,6.25,6.46428571428571,7.75,8,3,2,7,4,279,225,54,18,123,156,7.47150537634409,7.63355555555556,6.7962962962963,6.69444444444444,7.60365853658537,7.36730769230769,50
"47",2005,9,7.66666666666667,9,7.625,8,8,8,7.4,8,1,1,4,5,288,233,55,19,127,161,7.47760416666667,7.63326180257511,6.81818181818182,6.76315789473684,7.61614173228346,7.36832298136646,51
"48",2005,10,7.625,12,7.86363636363636,5,NA,7.4,7.78571428571429,11,1,0,5,7,300,244,56,19,132,168,7.4835,7.64364754098361,6.78571428571429,6.76315789473684,7.60795454545455,7.38571428571429,52
"49",2005,11,7.77272727272727,11,8.0625,7,7,7.83333333333333,7.75,8,3,1,3,8,311,252,59,20,135,176,7.49372990353698,7.65694444444444,6.79661016949153,6.775,7.61296296296296,7.40227272727273,53
"50",2005,12,7.50769230769231,13,7.76,6.66666666666667,7,8,7.28888888888889,10,3,1,4,9,324,262,62,21,139,185,7.49429012345679,7.66087786259542,6.79032258064516,6.78571428571429,7.62410071942446,7.39675675675676,54
"51",2006,1,7.69230769230769,13,8.04545454545454,5.75,6.5,7.5,7.85714285714286,11,2,1,6,7,337,273,64,22,145,192,7.50192878338279,7.67637362637362,6.7578125,6.77272727272727,7.61896551724138,7.41354166666667,55
"52",2006,2,7.34615384615385,13,7.5625,7,7,7.5,7.16666666666667,8,5,2,7,6,350,281,69,24,152,198,7.49614285714286,7.67313167259786,6.77536231884058,6.79166666666667,7.61348684210526,7.40606060606061,56
"53",2006,3,6.60714285714286,14,6.96153846153846,2,NA,7,6.45,13,1,0,4,10,364,294,70,24,156,208,7.46195054945055,7.64166666666667,6.70714285714286,6.79166666666667,7.59775641025641,7.36009615384615,57
"54",2006,4,7.83333333333333,15,7.95454545454545,7.5,7.5,8,7.79166666666667,11,4,4,3,12,379,305,74,28,159,220,7.47664907651715,7.65295081967213,6.75,6.89285714285714,7.60534591194969,7.38363636363636,58
"55",2006,5,8.16666666666667,6,8.4,7,7,10,7.8,5,1,1,1,5,385,310,75,29,160,225,7.4874025974026,7.665,6.75333333333333,6.89655172413793,7.6203125,7.39288888888889,59
"56",2006,6,7.81818181818182,11,7.81818181818182,NA,NA,7,8.125,11,0,0,3,8,396,321,75,29,163,233,7.49659090909091,7.6702492211838,6.75333333333333,6.89655172413793,7.60889570552147,7.41802575107296,60
"57",2006,7,7.59090909090909,11,7.85,5,NA,8.25,7.21428571428571,10,1,0,4,7,407,331,76,29,167,240,7.49914004914005,7.67567975830816,6.73026315789474,6.89655172413793,7.62425149700599,7.41208333333333,61
"58",2006,8,7.78571428571429,14,8.09090909090909,6.66666666666667,NA,8.4,7.44444444444444,11,3,0,5,9,421,342,79,29,172,249,7.50866983372922,7.6890350877193,6.72784810126582,6.89655172413793,7.6468023255814,7.41325301204819,62
"59",2006,9,7.65384615384615,13,7.83333333333333,7.25,7,7.33333333333333,8.375,9,4,3,9,4,434,351,83,32,181,253,7.51301843317972,7.69273504273504,6.75301204819277,6.90625,7.63121546961326,7.42845849802371,63
"60",2006,10,7.8125,16,8,7,7,8,7.78571428571429,13,3,2,2,14,450,364,86,34,183,267,7.52366666666667,7.70370879120879,6.76162790697674,6.91176470588235,7.63524590163934,7.44719101123595,64
"61",2006,11,7.8,15,8.08333333333333,6.66666666666667,9,8.66666666666667,7.58333333333333,12,3,1,3,12,465,376,89,35,186,279,7.53258064516129,7.71582446808511,6.75842696629214,6.97142857142857,7.65188172043011,7.45304659498208,65
"62",2006,12,7.35714285714286,14,7.55555555555556,7,7.66666666666667,7.71428571428571,7,9,5,3,7,7,479,385,94,38,193,286,7.52745302713987,7.71207792207792,6.77127659574468,7.02631578947368,7.65414507772021,7.44195804195804,66
"63",2007,1,7.408,25,7.78888888888889,6.42857142857143,5.5,7.07777777777778,7.59375,18,7,2,9,16,504,403,101,40,202,302,7.52152777777778,7.71550868486352,6.74752475247525,6.95,7.62846534653465,7.45,67
"64",2007,2,7.86649,15,7.90909090909091,7.7493375,NA,8.28571428571429,7.49966875,11,4,0,7,8,519,414,105,40,209,310,7.53149778420039,7.72065217391304,6.78568904761905,6.95,7.65047846889952,7.45128177419355,68
"65",2007,3,7.59523809523809,21,7.88888888888889,5.83333333333333,5,8.25,7.44117647058824,18,3,1,4,17,540,432,108,41,213,327,7.53397657407407,7.72766203703704,6.75923472222222,6.90243902439024,7.66173708920188,7.45075642201835,69
"66",2007,4,8.46875,16,8.875,7.25,6,8.75,8.3,12,4,2,6,10,556,444,112,43,219,337,7.56087652877698,7.75867117117117,6.77676205357143,6.86046511627907,7.69155251141553,7.47595652818991,70
"67",2007,5,7.63157894736842,19,7.70588235294118,7,9,7.625,7.64285714285714,17,2,1,12,7,575,461,114,44,231,344,7.5632127826087,7.75672451193058,6.78067850877193,6.90909090909091,7.68809523809524,7.47935276162791,71
"68",2007,6,8.08823529411765,17,8.0625,8.5,8.5,8.4375,7.77777777777778,16,1,1,8,9,592,477,115,45,239,353,7.57828944256757,7.76698113207547,6.79562913043478,6.94444444444444,7.71317991631799,7.48696133144476,72
"69",2007,7,7.59545454545455,22,8.10666666666667,6.5,6,7.0625,7.9,15,7,4,8,14,614,492,122,49,247,367,7.57890447882736,7.77733739837398,6.77866680327869,6.86734693877551,7.6921052631579,7.50271757493188,73
"70",2007,8,7.57142857142857,14,7.81818181818182,6.66666666666667,NA,7,7.66666666666667,11,3,0,2,12,628,503,125,49,249,379,7.57873781847134,7.77823061630219,6.7759788,6.86734693877551,7.68654618473896,7.50790857519789,74
"71",2007,9,7.71428571428571,14,7.71428571428571,NA,NA,8,7.5,14,0,0,6,8,642,517,125,49,255,387,7.58169369158879,7.77649903288201,6.7759788,6.86734693877551,7.69392156862745,7.50774509043928,75
"72",2007,10,7.66142857142857,14,7.71230769230769,7,NA,7.69,7.65,13,1,0,4,10,656,530,126,49,259,397,7.58339535060976,7.77492452830189,6.77775674603175,6.86734693877551,7.693861003861,7.51132833753149,76
"73",2007,11,7.40909090909091,22,7.52941176470588,7,7,7.875,7.14285714285714,17,5,1,8,14,678,547,131,50,267,411,7.57773945427729,7.76729433272395,6.7862393129771,6.87,7.69928838951311,7.49877700729927,77
"74",2007,12,7.5,31,7.55,6,NA,7.84615384615385,7.25,30,1,0,13,18,709,577,132,50,280,429,7.5743404090268,7.75599653379549,6.78028295454545,6.87,7.70610714285714,7.48833881118881,78
"75",2008,1,7.66071428571429,28,7.84782608695652,6.8,6,7.65384615384615,7.66666666666667,23,5,2,13,15,737,600,137,52,293,444,7.57762191316147,7.75951666666667,6.78100255474453,6.83653846153846,7.70378839590444,7.4943634009009,79
"76",2008,2,7.57272727272727,22,7.675,6.55,7,8.22222222222222,7.12307692307692,20,2,1,9,13,759,620,139,53,302,457,7.57748003952569,7.75679032258064,6.77767877697842,6.83962264150943,7.71923841059603,7.48380164113785,80
"77",2008,3,7.56,25,7.60869565217391,7,NA,7.875,7.26923076923077,23,2,0,12,13,784,643,141,53,314,470,7.57692264030612,7.75149300155521,6.78083226950355,6.83962264150943,7.72519108280255,7.47786670212766,81
"78",2008,4,7.41666666666667,18,7.63333333333333,6.33333333333333,6,7.21428571428571,7.54545454545455,15,3,1,7,11,802,658,144,54,321,481,7.57332587281796,7.74879939209726,6.771509375,6.82407407407407,7.71404984423676,7.47941237006237,82
"79",2008,5,7.83571428571429,14,8.05833333333333,6.5,8,7.75,7.87,12,2,1,4,10,816,670,146,55,325,491,7.57782763480392,7.75434328358209,6.76779006849315,6.84545454545455,7.71449230769231,7.48736731160896,83
"80",2008,6,6.84285714285714,14,6.83076923076923,7,NA,7.63333333333333,6.25,13,1,0,6,8,830,683,147,55,331,499,7.56543054216868,7.73676427525622,6.76936972789116,6.84545454545455,7.71302114803625,7.46752975951904,84
"81",2008,7,6.65476190476191,21,7.675,5.72727272727273,5.8,6.725,6.59090909090909,10,11,10,10,11,851,693,158,65,341,510,7.54295810810811,7.73587301587301,6.69681867088608,6.68461538461538,7.68404692082111,7.44862225490196,85
"82",2008,8,7.43421052631579,19,7.575,7.27777777777778,7.1875,7.20833333333333,7.53846153846154,10,9,8,6,13,870,703,167,73,347,523,7.54058316091954,7.73358463726885,6.72812784431138,6.73972602739726,7.67582132564842,7.45085535372849,86
"83",2008,9,7.2037037037037,27,7.53125,6.72727272727273,6.44444444444444,7.29166666666667,7.13333333333333,16,11,9,12,15,897,719,178,82,359,538,7.53044297658863,7.72908205841446,6.728075,6.70731707317073,7.66298050139276,7.44200250929368,87
"84",2008,10,7.66666666666667,9,8,7.25,7,8,7.5,5,4,3,3,6,906,724,182,85,362,544,7.53179619205298,7.73095303867403,6.73954587912088,6.71764705882353,7.66577348066298,7.4426421875,88
"85",2008,11,7.775,20,8.03125,6.75,6.66666666666667,8,7.73529411764706,16,4,3,3,17,926,740,186,88,365,561,7.53704897408207,7.73744594594594,6.73977069892473,6.71590909090909,7.66852054794521,7.45151042780748,89
"86",2008,12,7.54761904761905,21,7.9,6.66666666666667,6.6,7.88888888888889,7.29166666666667,15,6,5,9,12,947,755,192,93,374,573,7.53728336853221,7.74067549668874,6.73748619791667,6.70967741935484,7.67382352941177,7.44816291448516,90
"87",2009,1,7.33333333333333,24,7.88235294117647,6,5.83333333333333,7.2,7.42857142857143,17,7,6,10,14,971,772,199,99,384,587,7.53224237899073,7.74379533678756,6.71154447236181,6.65656565656566,7.661484375,7.44769565587734,91
"88",2009,2,7.60425531914894,47,7.95294117647059,6.69230769230769,8,7.75,7.55428571428571,34,13,4,12,35,1018,806,212,103,396,622,7.53556714145383,7.75261786600496,6.71036485849057,6.70873786407767,7.66416666666667,7.45369348874598,92
"89",2009,3,7.32,25,8.39285714285714,5.95454545454545,6.35714285714286,7.75,7.11764705882353,14,11,7,8,17,1043,820,223,110,404,639,7.53040014381592,7.7635487804878,6.67308228699552,6.68636363636364,7.66586633663366,7.44475328638497,93
"90",2009,4,7.24,25,7.69230769230769,6.75,6.75,6.91666666666667,7.34210526315789,13,12,4,6,19,1068,833,235,114,410,658,7.52360238764045,7.76243697478991,6.67701,6.68859649122807,7.65490243902439,7.44178928571428,94
"91",2009,5,6.87916666666667,24,7.29285714285714,6.3,6.2,7.22857142857143,6.73529411764706,14,10,5,7,17,1092,847,245,119,417,675,7.50943896520147,7.75467532467532,6.66162183673469,6.66806722689076,7.64774580335731,7.42399607407407,95
"92",2009,6,7.64117647058824,17,8.03636363636364,6.91666666666667,6.16666666666667,8.16666666666667,7.52857142857143,11,6,3,3,14,1109,858,251,122,420,689,7.51145838593327,7.75828671328671,6.66771852589641,6.65573770491803,7.65145238095238,7.4261209724238,96
"93",2009,7,7.23157894736842,19,7.84,6.55555555555556,7.33333333333333,6.83333333333333,7.41538461538462,10,9,6,6,13,1128,868,260,128,426,702,7.50674410460993,7.75922811059908,6.66383596153846,6.6875,7.63992957746479,7.42592215099715,97
"94",2009,8,7.625,20,8.72727272727273,6.27777777777778,5.8,7.85714285714286,7.5,11,9,5,7,13,1148,879,269,133,433,715,7.50880431184669,7.77134243458475,6.65091951672862,6.65413533834586,7.64344110854504,7.42726902097902,98
"95",2009,9,7.32692307692308,26,7.60714285714286,7,7.22222222222222,7.4375,7.27777777777778,14,12,9,8,18,1174,893,281,142,441,733,7.50477627768313,7.76876819708846,6.6658268683274,6.69014084507042,7.6397052154195,7.4235980218281,99
"96",2009,10,7.58,25,7.73684210526316,7.08333333333333,7,7.75,7.52631578947368,19,6,3,6,19,1199,912,287,145,447,752,7.50634474562135,7.76810307017544,6.67455522648084,6.69655172413793,7.64118568232662,7.42619328457446,100
"97",2009,11,7.79545454545455,22,8.08333333333333,7.45,7.375,7.5,7.93333333333333,12,10,8,7,15,1221,924,297,153,454,767,7.51155393120393,7.77219696969697,6.70066447811448,6.73202614379085,7.63900881057269,7.43611127770534,101
"98",2009,12,8.25,14,8.55,7.5,8,8,8.29166666666667,10,4,2,2,12,1235,934,301,155,456,779,7.51992497975708,7.78052462526766,6.71128687707641,6.74838709677419,7.64059210526316,7.4492905648267,102
"99",2010,1,7.22413793103448,29,7.96153846153846,6.625,7.1,8,6.97727272727273,13,16,10,7,22,1264,947,317,165,463,801,7.51313872626582,7.78300950369588,6.70693170347003,6.76969696969697,7.64602591792657,7.43632627965043,103
"100",2010,2,7.39583333333333,24,7.75,6.33333333333333,6,7,7.55882352941176,18,6,5,7,17,1288,965,323,170,470,818,7.51095291149068,7.78239378238342,6.69999179566563,6.74705882352941,7.63640425531915,7.43887206601467,104
"101",2010,3,7.36363636363636,22,8.08333333333333,6.5,6,8.66666666666667,7.15789473684211,12,10,5,3,19,1310,977,333,175,473,837,7.50847889312977,7.7860900716479,6.69398603603604,6.72571428571429,7.64293868921776,7.43249384707288,105
"102",2010,4,7.32142857142857,14,7.85714285714286,6.78571428571429,7.875,7.375,7.3,7,7,4,4,10,1324,984,340,179,477,847,7.50650101963746,7.78659552845528,6.69587455882353,6.75139664804469,7.64069182389937,7.43092957497048,106
"103",2010,5,7.74615384615385,13,7.82,7.5,7.5,8.1,7.525,10,3,2,5,8,1337,994,343,181,482,855,7.50883122662678,7.78693158953722,6.70290772594752,6.75966850828729,7.64545643153527,7.43180976608187,107
"104",2010,6,6.08333333333333,6,7.1,1,NA,7,5.9,5,1,0,1,5,1343,999,344,181,483,860,7.50246265822785,7.78349349349349,6.68632950581395,6.75966850828729,7.64412008281574,7.42290389534883,108
"105",2010,7,7.16666666666667,9,6.375,7.8,7.25,8,7.0625,4,5,4,1,8,1352,1003,349,185,484,868,7.50022732988166,7.77787637088734,6.70228467048711,6.77027027027027,7.64485537190083,7.41958220046083,109
"106",2010,8,7.38421052631579,19,7.72,6.125,6,7.26,7.42857142857143,15,4,1,5,14,1371,1018,353,186,489,882,7.49861951130562,7.77702357563851,6.69574320113314,6.76612903225806,7.64092024539877,7.41972488662131,110
"107",2010,9,7.84736842105263,19,8.00625,7,7,7.5,7.97142857142857,16,3,2,5,14,1390,1034,356,188,494,896,7.50338658273381,7.78057059961315,6.69830716292135,6.7686170212766,7.63949392712551,7.42834525669643,111
"108",2010,10,6.61764705882353,17,7.5,5,5.75,6.125,6.76923076923077,11,6,4,4,13,1407,1045,362,192,498,909,7.49268468372424,7.77761722488038,6.67015842541436,6.74739583333333,7.62732931726908,7.41891897689769,112
"109",2010,11,6.6125,20,7.4,4.25,4.33333333333333,6.85714285714286,6.48076923076923,15,5,3,7,13,1427,1060,367,195,505,922,7.48034852838122,7.77227358490566,6.63718623978202,6.71025641025641,7.61665346534653,7.40569126898048,113
"110",2010,12,7.38518518518519,27,7.68888888888889,6.77777777777778,7,7,7.52,18,9,2,7,20,1454,1078,376,197,512,942,7.47858139614856,7.77088126159555,6.64055146276596,6.71319796954315,7.60822265625,7.4081182059448,114
"111",2011,1,7.52631578947368,19,7.9,6.125,5.66666666666667,7.75,7.36363636363636,15,4,3,8,11,1473,1093,380,200,520,953,7.47919711473184,7.77265324794144,6.63512460526316,6.6975,7.61040384615385,7.40760477439664,115
"112",2011,2,6.88461538461539,13,7.64285714285714,6,6,6,7.4375,7,6,4,5,8,1486,1100,386,204,525,961,7.47399552489906,7.77182727272727,6.62525220207254,6.68382352941176,7.59506666666667,7.40785364203954,116
"113",2011,3,7.5625,16,7.64285714285714,7,7,6,7.66666666666667,14,2,1,1,15,1502,1114,388,205,526,976,7.47493831557923,7.77020646319569,6.62718389175258,6.68536585365854,7.59203422053232,7.41183130122951,117
"114",2011,4,8.12,15,8.06153846153846,8.5,NA,9,7.98461538461538,13,2,0,2,13,1517,1127,390,205,528,989,7.48131664469347,7.77356699201419,6.63678807692308,6.68536585365854,7.59736742424242,7.41936031344792,118
"115",2011,5,7.73333333333333,15,7.6,8,8,8,7.66666666666667,10,5,5,3,12,1532,1137,395,210,531,1001,7.48378417101828,7.77204045734389,6.65404392405063,6.71666666666667,7.59964218455744,7.42232502497502,119
"116",2011,6,7.9,10,8.42857142857143,6.66666666666667,7,9,7.625,7,3,2,2,8,1542,1144,398,212,533,1009,7.48648336575875,7.77605769230769,6.65413907035176,6.71933962264151,7.60489681050657,7.42393196233895,120
"117",2011,7,7.53846153846154,13,7.54545454545455,7.5,7,8.2,7.125,11,2,1,5,8,1555,1155,400,213,538,1017,7.48691790996785,7.77386147186147,6.658368375,6.72065727699531,7.61042750929368,7.42158048180924,121
"118",2011,8,7.625,12,7.72222222222222,7.33333333333333,6.5,7,7.68181818181818,9,3,2,1,11,1567,1164,403,215,539,1028,7.4879753350351,7.77346219931271,6.6633929280397,6.71860465116279,7.60929499072356,7.42436512645914,122
"119",2011,9,7.23846153846154,13,8.42857142857143,5.85,7.05,9,6.71,7,6,2,3,10,1580,1171,409,217,542,1038,7.48592237341772,7.77737830913749,6.65146051344743,6.72165898617511,7.6169926199262,7.41748299614643,123
"120",2011,10,7.26923076923077,13,7.88888888888889,5.875,8,7.75,7.05555555555556,9,4,1,4,9,1593,1180,413,218,546,1047,7.4841540175769,7.77822881355932,6.64394031476998,6.72752293577982,7.61796703296703,7.41437187201528,124
"121",2011,11,6.29090909090909,11,8,5.65,5.28333333333333,7.5,5.28333333333333,3,8,6,5,6,1604,1183,421,224,551,1053,7.47597091645885,7.77879120879121,6.62505308788599,6.68883928571429,7.61689655172414,7.4022292022792,125
"122",2011,12,7.68181818181818,11,7.71428571428571,7.625,NA,9.33333333333333,7.0625,7,4,0,3,8,1615,1190,425,224,554,1061,7.47737297213622,7.77841176470588,6.63446435294118,6.68883928571429,7.62619133574007,7.39966762488218,126
"123",2012,1,7.60833333333333,24,7.69444444444444,7.35,NA,7.83333333333333,7.57619047619048,18,6,0,3,21,1639,1208,431,224,557,1082,7.47929063453325,7.77716059602649,6.64442540603248,6.68883928571429,7.62730700179533,7.40309366913124,127
"124",2012,2,7.77777777777778,18,7.84615384615385,7.6,7.6,8.07142857142857,7.59090909090909,13,5,5,7,11,1657,1221,436,229,564,1093,7.48253310199155,7.77789516789517,6.65538383027523,6.70873362445415,7.63281914893617,7.40498385178408,128
"125",2012,3,7.4695652173913,23,7.68333333333333,6.7,7.16666666666667,7.6,7.43333333333333,18,5,3,5,18,1680,1239,441,232,569,1111,7.48235556547619,7.7765213882163,6.65588968253968,6.71465517241379,7.63253075571177,7.40544315931593,129
"126",2012,4,7.225,20,7.38888888888889,7.09090909090909,7,8,7.08823529411765,9,11,3,3,17,1700,1248,452,235,572,1128,7.47932785294118,7.77372596153846,6.6664764380531,6.71829787234043,7.63445804195804,7.40066254432624,130
"127",2012,5,7.28947368421053,19,7.39285714285714,7,5,7.21428571428571,7.33333333333333,14,5,1,7,12,1719,1262,457,236,579,1140,7.47722940663176,7.76950079239302,6.67012549234136,6.71101694915254,7.62937823834197,7.39995381578947,131
"128",2012,6,6.42307692307692,13,8.07142857142857,4.5,6,7,6.375,7,6,2,1,12,1732,1269,463,238,580,1152,7.46931717667437,7.77116627265563,6.64200291576674,6.70504201680672,7.62829310344828,7.38927721354166,132
"129",2012,7,7.46444444444444,18,7.575,7.24333333333333,7,7.5,7.45076923076923,12,6,3,5,13,1750,1281,469,241,585,1165,7.46926705714286,7.76932864949258,6.64969584221748,6.70871369294606,7.62719658119658,7.38996339055794,133
"130",2012,8,6.78125,16,7.5,5.58333333333333,3.5,7,6.76666666666667,10,6,2,1,15,1766,1291,475,243,586,1180,7.46303360702152,7.76724244771495,6.636226,6.68230452674897,7.62612627986348,7.38204012711864,134
"131",2012,9,7.66666666666667,15,8.2,6.6,6.66666666666667,8,7.5,10,5,3,5,10,1781,1301,480,246,591,1190,7.46474865244245,7.77056879323597,6.63584864583333,6.68211382113821,7.62928934010152,7.38303138655462,135
"132",2012,10,6.64705882352941,17,7.63636363636364,4.83333333333333,4.5,7.5,6.18181818181818,11,6,2,6,11,1798,1312,486,248,597,1201,7.45701743604004,7.76944359756097,6.61359537037037,6.66451612903226,7.62798994974874,7.37202943380516,136
"133",2012,11,6.64285714285714,14,7.5,4.5,6,7.25,6.4,10,4,1,4,10,1812,1322,490,249,601,1211,7.45072701434879,7.76740544629349,6.59634153061224,6.66184738955823,7.62547420965058,7.36400276630883,137
"134",2012,12,7.60714285714286,14,7.25,8.08333333333333,7.83333333333333,7.75,7.58333333333333,8,6,3,2,12,1826,1330,496,252,603,1223,7.45192625958379,7.7642932330827,6.61432933467742,6.67579365079365,7.6258872305141,7.36615482420278,138
"135",2013,1,7.30555555555556,18,7.81818181818182,6.5,7.66666666666667,6.25,7.60714285714286,11,7,3,4,14,1844,1341,503,255,607,1237,7.45049747830803,7.76473527218493,6.61273827037773,6.68745098039216,7.61682042833608,7.36888225545675,139
"136",2013,2,7.125,12,8,5.375,8.5,8.5,6.4375,8,4,2,4,8,1856,1349,507,257,611,1245,7.44839296875,7.7661304670126,6.60297307692308,6.70155642023346,7.6226022913257,7.36289746987952,140
"137",2013,3,6.68,15,7.35555555555556,5.66666666666667,6.5,7.33333333333333,6.51666666666667,9,6,2,3,12,1871,1358,513,259,614,1257,7.44223268305719,7.76340942562592,6.59202212475634,6.7,7.62118892508143,7.35481889419252,141
"138",2013,4,7.5,14,7.54545454545455,7.33333333333333,7,8.5,7.33333333333333,11,3,1,2,12,1885,1369,516,260,616,1269,7.44266172413793,7.76165814463112,6.59633207364341,6.70115384615385,7.62404220779221,7.35461572104019,142
"139",2013,5,8.11111111111111,9,8,8.2,8.33333333333333,8,8.125,4,5,3,1,8,1894,1373,521,263,617,1277,7.44583809398099,7.76235251274581,6.61172236084453,6.71977186311787,7.62465153970827,7.35944193422083,143
"140",2013,6,7.11764705882353,17,7.16666666666667,7,7,5.5,7.33333333333333,12,5,5,2,15,1911,1385,526,268,619,1292,7.44291855049712,7.75719133574007,6.61541321292776,6.725,7.61778675282714,7.35913881578947,144
"141",2013,7,7.65,14,8.15,6.4,6.125,7.93333333333333,7.4375,10,4,4,6,8,1925,1395,530,272,625,1300,7.4444245974026,7.76000716845878,6.61378745283019,6.71617647058823,7.620816,7.35962103846154,145
"142",2013,8,7.36666666666667,9,7.63333333333333,6.83333333333333,8.25,7.6,7.25,6,3,2,3,6,1934,1401,533,274,628,1306,7.44406274560496,7.75946466809422,6.61502317073171,6.72737226277372,7.62071656050956,7.35911741960184,146
"143",2013,9,7.78571357142857,14,7.78571357142857,NA,NA,7.99999666666667,7.72727272727273,14,0,0,3,11,1948,1415,533,274,631,1317,7.44651814168378,7.7597243745583,6.61502317073171,6.72737226277372,7.62251979397781,7.3621923690205,147
"144",2013,10,6.61111111111111,9,7.25,5.33333333333333,NA,6.66666666666667,6.58333333333333,6,3,0,3,6,1957,1421,536,274,634,1323,7.44267620848237,7.7575721252639,6.60784953358209,6.72737226277372,7.617996829653,7.35866012849584,148
"145",2013,11,7.26111111111111,18,7.80833333333333,6.16666666666667,7.5,6.375,7.51428571428571,12,6,2,4,14,1975,1433,542,276,638,1337,7.44102143797469,7.75799720167481,6.6029655904059,6.73297101449275,7.61020374608151,7.3602897157816,149
"146",2013,12,7.01904761904762,21,7.22307692307692,6.6875,7.75,7.16666666666667,6.99444444444444,13,8,2,3,18,1996,1446,550,278,641,1355,7.43658183366734,7.75318809820193,6.60419518181818,6.74028776978417,7.60812790951638,7.35542977859778,150
"147",2014,1,7.69047619047619,21,8.1,6.66666666666667,7,7.71428571428571,7.67857142857143,15,6,3,7,14,2017,1461,556,281,648,1369,7.4392252553297,7.75674879534565,6.60486933453237,6.74306049822064,7.60927467592593,7.35873436815193,151
"148",2014,2,7.6,13,8.2,6.25,6.33333333333333,8.6,7.3,9,4,3,3,10,2030,1470,560,284,651,1379,7.44025484729064,7.75946257823129,6.60233455357143,6.7387323943662,7.61384023041475,7.35830844815083,152
"149",2014,3,7.04545454545455,11,8,5.9,6,6.125,7.57142857142857,6,5,4,4,7,2041,1476,565,288,655,1386,7.43812706516414,7.76044037262872,6.59611920353982,6.72847222222222,7.60474807633588,7.35938481240981,153
"150",2014,4,7.73333333333333,15,7.79166666666667,7.5,9,7.66666666666667,7.77777777777778,12,3,1,6,9,2056,1488,568,289,661,1395,7.440280807393,7.76069219758064,6.60089322183098,6.7363321799308,7.60531012102875,7.3620841218638,154
"151",2014,5,7.8,5,7.8,NA,NA,NA,7.8,5,0,0,0,5,2061,1493,568,289,661,1400,7.44115348859777,7.76082383791025,6.60089322183098,6.7363321799308,7.60531012102875,7.36364810714286,155
"152",2014,6,8.27272727272727,11,8.3125,8.16666666666667,8.75,9,7.85714285714286,8,3,2,4,7,2072,1501,571,291,665,1407,7.44556821428572,7.76376415056629,6.60911970227671,6.75017182130584,7.61369923308271,7.36610330490405,156
"153",2014,7,7.5,7,7.25,7.83333333333333,8.25,7.16666666666667,7.75,4,3,2,3,4,2079,1505,574,293,668,1411,7.44575148629149,7.76239866445183,6.61551803135888,6.76040955631399,7.61169160179641,7.36719160170092,157
"154",2014,8,7.20833333333333,12,8.0625,5.5,6,8,6.64285714285714,8,4,2,5,7,2091,1513,578,295,673,1418,7.44438897178384,7.76398545274289,6.607798183391,6.75525423728814,7.61457650817236,7.36361590267983,158
"155",2014,9,7,6,6.5,7.25,7,6,7.2,2,4,2,1,5,2097,1515,582,297,674,1423,7.44311747257988,7.76231682508251,6.61221194158075,6.75690235690236,7.61218099406528,7.36304100491918,159
"156",2014,10,7.5,12,7.5,7.5,7.5,7,7.54545454545455,10,2,2,1,11,2109,1525,584,299,675,1434,7.44344112849692,7.7605967147541,6.61525231164384,6.761872909699,7.61127405925926,7.36444027196653,160
"157",2014,11,7.875,8,8.5,6,NA,10,7.16666666666667,6,2,0,2,6,2117,1531,586,299,677,1440,7.44507196032121,7.76349444154147,6.61315247440273,6.761872909699,7.61833085672083,7.36361621527778,161
"158",2014,12,8.07692307692308,13,8.33333333333333,7.5,8.5,8.5,7.71428571428571,9,4,2,6,7,2130,1540,590,301,683,1447,7.4489283286385,7.76682466883117,6.619165,6.7734219269103,7.62607612005857,7.36531261230131,162
"159",2015,1,7.09090909090909,11,7.9,6.41666666666667,7,6.75,7.16666666666667,5,6,1,2,9,2141,1545,596,302,685,1456,7.44708890238207,7.76725565695793,6.6171264261745,6.77417218543046,7.62351823357664,7.36408471840659,163
"160",2015,2,8.04615384615385,13,9.075,6.4,6.75,8.66666666666667,7.86,8,5,4,3,10,2154,1553,601,306,688,1466,7.45070442896936,7.77399226658081,6.61532004991681,6.77385620915033,7.62806684593023,7.36746749658936,164
"161",2015,3,7.16071428571429,14,8.15625,5.83333333333333,6.5,8,7.09615384615385,8,6,2,1,13,2168,1561,607,308,689,1479,7.44883179889299,7.77595130685458,6.60759036243822,6.77207792207792,7.62860666182874,7.36508272481406,165
"162",2015,4,7.5,6,8.125,6.25,6.25,6.16666666666667,8.83333333333333,4,2,2,3,3,2174,1565,609,310,692,1482,7.4489730174793,7.77684344408945,6.60641600985222,6.76870967741936,7.6222687716763,7.36805489203779,166
"163",2015,5,8.2375,8,8.58,7.66666666666667,8,NA,8.2375,5,3,1,0,8,2182,1570,612,311,692,1490,7.45186404216315,7.77940126751592,6.61161331699346,6.77266881028939,7.6222687716763,7.37272305369127,167
"164",2015,6,6.83333333333333,12,8,5.2,7,8.5,6.5,7,5,2,2,10,2194,1577,617,313,694,1500,7.4484810118505,7.78038046290425,6.60017398703404,6.7741214057508,7.62479825648415,7.3669049,168
"165",2015,7,7.9,15,8.8125,6.85714285714286,6.66666666666667,9.5,7.78571428571429,8,7,3,1,14,2209,1585,624,316,695,1514,7.45154700769579,7.78558989905363,6.60305665064103,6.77310126582279,7.62749638848921,7.37077764200793,169
"166",2015,8,8.5,8,8.5,NA,NA,9.33333333333333,8,8,0,0,3,5,2217,1593,624,316,698,1519,7.45533032927379,7.78917764595103,6.60305665064103,6.77310126582279,7.63482806590258,7.37284881500987,170
"167",2015,9,8.20833333333333,12,8.35,7.5,8,8.5,8.0625,10,2,1,4,8,2229,1603,626,317,702,1527,7.4593841812472,7.79267622582657,6.60592228434505,6.77697160883281,7.63975782051282,7.37646191879502,171
"168",2015,10,6.875,8,6.75,7,8,NA,6.875,4,4,1,0,8,2237,1607,630,318,702,1535,7.45729429593205,7.79008088985687,6.60842436507937,6.78081761006289,7.63975782051282,7.37384843648208,172
"169",2015,11,7.03846153846154,13,7.35714285714286,6.66666666666667,6.66666666666667,7.125,7,7,6,3,4,9,2250,1614,636,321,706,1544,7.45487437333333,7.78820321561338,6.60897382075472,6.7797507788162,7.63684134560907,7.37166926813471,173
"170",2015,12,7.5,9,7.5,7.5,8,9,7.3125,7,2,1,1,8,2259,1621,638,322,707,1552,7.45505415670651,7.78695866132017,6.61176700626959,6.78354037267081,7.63876943422914,7.37136427190722,174
"171",2016,1,6.86363636363636,11,7.6,6.25,7.16666666666667,5.33333333333333,7.4375,5,6,3,3,8,2270,1626,644,325,710,1560,7.45218825550661,7.78638375768757,6.60839650621118,6.78707692307692,7.62902815492958,7.37170342948718,175
"172",2016,2,6.71428571428571,7,7.875,5.16666666666667,4.25,2,7.5,4,3,2,1,6,2277,1630,647,327,711,1566,7.44991978041283,7.78660122085889,6.60171151468315,6.77155963302752,7.62111109704641,7.37219498722861,176
"173",2016,3,7.44444444444444,9,8.375,6.7,7.5,7.625,7.3,4,5,2,4,5,2286,1634,652,329,715,1571,7.449898223972,7.78804160954712,6.6024652607362,6.77598784194529,7.62113285314685,7.37196521323997,177
"174",2016,4,7.53571428571429,14,8.25,6.58333333333333,6,8.25,7.41666666666667,8,6,1,2,12,2300,1642,658,330,717,1583,7.4504205826087,7.79029232034105,6.60229080547113,6.77363636363636,7.6228870153417,7.37230407454201,178
"175",2016,5,8.29166666666667,12,8.8125,7.25,8.5,9.66666666666667,7.83333333333333,8,4,2,3,9,2312,1650,662,332,720,1592,7.45478691176471,7.79524847878788,6.60620445619336,6.78403614457831,7.63140276388889,7.37491039572864,179
"176",2016,6,6.94444444444444,18,7.45454545454545,6.14285714285714,4.9,5.75,7.28571428571429,11,7,5,4,14,2330,1661,669,337,724,1606,7.45084435193133,7.79299216736905,6.60135627802691,6.75608308605341,7.62100827348066,7.37413284557908,180
"177",2016,7,7.45,16,8.05555555555556,6.67142857142857,6.5,5.66666666666667,7.86153846153846,9,7,4,3,13,2346,1670,676,341,727,1619,7.45083859335038,7.79440717964072,6.60208187869823,6.75307917888563,7.61294359009629,7.37804654107474,181
"178",2016,8,7.85714285714286,21,8.02941176470588,7.125,6.83333333333333,8.75,7.64705882352941,17,4,3,4,17,2367,1687,680,344,731,1636,7.45444332065906,7.79677533491405,6.60515786764706,6.75377906976744,7.6191655129959,7.38084190097799,182
"179",2016,9,8.35,10,8.5,7,NA,7.875,8.66666666666667,9,1,0,4,6,2377,1696,681,344,735,1642,7.45821091291544,7.80050706957547,6.60573766519824,6.75377906976744,7.62055780952381,7.38554040803898,183
"180",2016,10,7.53333333333333,15,8.27777777777778,6.41666666666667,6.875,8,7.46153846153846,9,6,4,2,13,2392,1705,687,348,737,1655,7.45868199832776,7.80302638709677,6.60408639010189,6.7551724137931,7.62158750339213,7.38613737160121,184
"181",2016,11,8,13,8.09090909090909,7.5,7.5,8,8,11,2,2,3,10,2405,1716,689,350,740,1665,7.46160804158004,7.80487178904429,6.60668701015965,6.75942857142857,7.62312160810811,7.38982423423423,185
"182",2016,12,7.764,25,8.26842105263158,6.16666666666667,7,7.4,8.00666666666667,19,6,7,10,15,2430,1735,695,357,750,1680,7.46471906995885,7.80994812103746,6.6028882733813,6.76414565826331,7.62014665333333,7.39533175595238,186
"183",2017,1,7.95454545454545,11,8.1,7.83333333333333,7.8,8,7.94444444444444,5,6,5,2,9,2441,1740,701,362,752,1689,7.4669263990168,7.81078160344827,6.61341990014265,6.77845303867403,7.62115690159575,7.39825775606868,187
"184",2017,2,7.94736842105263,19,8.35714285714286,6.8,8,10,7.70588235294118,14,5,1,2,17,2460,1754,706,363,754,1706,7.4706371300813,7.81514252565564,6.61474128895184,6.78181818181818,7.62746683023873,7.40132318288394,188
"185",2017,3,7.22619047619048,21,7.91071428571429,5.85714285714286,6,6.66666666666667,7.45,14,7,4,6,15,2481,1768,713,367,760,1721,7.46856805320435,7.81589931561086,6.60730343618513,6.7732970027248,7.61988156578948,7.40174744334689,189
"186",2017,4,7.23333333333333,15,7.26923076923077,7,8,8.5,7.03846153846154,13,2,1,2,13,2496,1781,715,368,762,1734,7.46715438301282,7.81190903425042,6.60840188811189,6.77663043478261,7.62219158792651,7.39902384659746,190
"187",2017,5,7.83333333333333,12,7.63636363636364,10,10,6,8,11,1,1,1,11,2508,1792,716,369,763,1745,7.4689064354067,7.81083146763393,6.61313875698324,6.78536585365854,7.62006551769332,7.40281223495702,191
"188",2017,6,7.26666666666667,15,7.26666666666667,NA,NA,6.75,7.45454545454545,15,0,0,4,11,2523,1807,716,369,767,1756,7.46770405866033,7.80631432761483,6.61313875698324,6.78536585365854,7.61552801825293,7.40313630410023,192
"189",2017,7,7.82142857142857,14,7.77777777777778,7.9,8,9.5,7.36363636363636,9,5,2,3,11,2537,1816,721,371,770,1767,7.46965602680331,7.80617290198238,6.62206289875173,6.79191374663073,7.62287011688312,7.40289040747029,193
"190",2017,8,7.77272727272727,11,7.83333333333333,7.7,7.6,8,7.5,6,5,5,6,5,2548,1822,726,376,776,1772,7.47096441915228,7.80626234357848,6.62948670798898,6.80265957446809,7.62578606958763,7.40316441873589,194
"191",2017,9,7.19230769230769,13,7.375,6.9,7,7.33333333333333,7.15,8,5,1,3,10,2561,1830,731,377,779,1782,7.46954991800078,7.80437704371584,6.63133700410397,6.80318302387268,7.62465980744544,7.40174374298541,195
"192",2017,10,7.78571428571429,14,8,7.25,6.4,10,7.61538461538461,10,4,5,1,13,2575,1840,735,382,780,1795,7.47126886990291,7.80544021195652,6.63470387755102,6.7979057591623,7.62770511538462,7.40329100278552,196
"193",2017,11,8.38888888888889,18,8.6,7.33333333333333,7.33333333333333,8.5,8.31818181818182,15,3,3,7,11,2593,1855,738,385,787,1806,7.47763877362129,7.81186522371967,6.63754383468835,6.80207792207792,7.63546377382465,7.40886342746401,197
"194",2017,12,8.375,8,8.66666666666667,8.2,8.2,8.25,8.5,3,5,5,4,4,2601,1858,743,390,791,1810,7.48039882352941,7.81324541980624,6.64805834454913,6.82,7.6385714159292,7.41127477900552,198
"195",2018,1,7.2,15,8,6,5.5,9,6.75,9,6,2,3,12,2616,1867,749,392,794,1822,7.47879103211009,7.81414568291376,6.64286695594126,6.81326530612245,7.64371535264484,7.4069195115258,199
"196",2018,2,7.76666666666667,15,7.625,8.33333333333333,8.33333333333333,8.33333333333333,7.625,12,3,3,3,12,2631,1879,752,395,797,1834,7.48043228430255,7.81293772751463,6.64961083776596,6.82481012658228,7.64631115432873,7.40834642857143,200
"197",2018,3,8,13,8.25,7.6,9,9,7.91666666666667,8,5,1,1,12,2644,1887,757,396,798,1846,7.48298689107413,7.81479066772655,6.65588817701453,6.83030303030303,7.64800750626567,7.41165078548212,201
"198",2018,4,6.46153846153846,13,7.42857142857143,5.33333333333333,6.33333333333333,8,6.33333333333333,7,6,3,1,12,2657,1894,763,399,799,1858,7.47798921339857,7.81336324709609,6.6454880078637,6.8265664160401,7.64844804755945,7.40468641011841,202
"199",2018,5,8.28571428571429,7,7.8,9.5,10,10,7.6,5,2,1,2,5,2664,1899,765,400,801,1863,7.48011161411412,7.81332806213797,6.65295078431373,6.8345,7.65431958801498,7.40521060118089,203
"200",2018,6,8.03571428571429,14,7.875,8.25,8.125,8.2,7.94444444444444,8,6,4,5,9,2678,1907,771,404,806,1872,7.48301618371919,7.81358678028317,6.66537918287938,6.84727722772277,7.65770470223325,7.4078030715812,204
"201",2018,7,7.6,10,7.8125,6.75,7.5,8.1,7.1,8,2,1,5,5,2688,1915,773,405,811,1877,7.48345139136905,7.81358224020888,6.66559812419146,6.84888888888889,7.66043155363749,7.40698313798615,205
"202",2018,8,8.22222222222222,9,8,9,10,NA,8.22222222222222,7,2,1,0,9,2697,1922,775,406,811,1886,7.48591670003708,7.81426118106139,6.67162238709678,6.85665024630542,7.66043155363749,7.41087346235419,206
"203",2018,9,7.55,10,7.8125,6.5,6.5,6.9,8.2,8,2,2,5,5,2707,1930,777,408,816,1891,7.48615343184337,7.81425388082901,6.67118063063063,6.85490196078431,7.65577204656863,7.41295999471179,207
"204",2018,10,8.375,12,8.55,7.5,7.5,8.7,8.14285714285714,10,2,2,5,7,2719,1940,779,410,821,1898,7.49007625597646,7.81804638659794,6.67330853658537,6.85804878048781,7.66213153471376,7.41565192307692,208
"205",2018,11,8.77777777777778,9,8.77777777777778,NA,NA,10,8.42857142857143,9,0,0,2,7,2728,1949,779,410,823,1905,7.49432453812317,7.82247818881477,6.67330853658537,6.85804878048781,7.66781286755772,7.41937393700787,209
"206",2018,12,7.98,10,8.86666666666667,6.65,6.8,7.93333333333333,8,6,4,2,3,7,2738,1955,783,412,826,1912,7.49609837107378,7.82568285933504,6.67318946360153,6.85776699029126,7.66877722760291,7.42149966004184,210
"207",2019,1,7.31818181818182,22,7.21428571428571,7.5,7.6,7.75,7.22222222222222,14,8,5,4,18,2760,1969,791,417,830,1930,7.49468019565217,7.82133569832402,6.68155164348926,6.86666666666667,7.6691686626506,7.41964111398964,211
"208",2019,2,7.72727272727273,11,8,7,7,7.25,8,8,3,3,4,7,2771,1977,794,420,834,1937,7.49560351497654,7.82205866970157,6.6827548488665,6.86761904761905,7.66715826139089,7.42173843572535,212
"209",2019,3,8.06666666666667,18,8.42307692307692,7.14,6.56666666666667,8,8.08571428571429,13,5,3,4,14,2789,1990,799,423,838,1951,7.49928911437791,7.82598491959799,6.6856162077597,6.86548463356974,7.66874700477327,7.42650299846233,213
"210",2019,4,7.8,5,7.33333333333333,8.5,9,7.5,8,3,2,1,2,3,2794,1993,801,424,840,1954,7.49982725125269,7.8252433467135,6.69014650436954,6.87051886792453,7.66834522619048,7.42738349539406,214
"211",2019,5,7.705,20,8.43571428571429,6,6.75,8.33333333333333,7.43571428571429,14,6,4,6,14,2814,2007,807,428,846,1968,7.50128547974414,7.8295017389138,6.68501530359356,6.86939252336449,7.67306145390071,7.42744275914634,215
"212",2019,6,7.61538461538461,13,7.75,7.4,7.4,6.66666666666667,7.9,8,5,5,3,10,2827,2015,812,433,849,1978,7.50181016625398,7.82918609925558,6.68941791871921,6.87551963048499,7.6695052885748,7.42983182507583,216
"213",2019,7,7.4,10,7.57142857142857,7,7,6.75,7.5625,7,3,3,2,8,2837,2022,815,436,851,1986,7.50145130066972,7.82829376360039,6.69056116564417,6.87637614678899,7.66734428907168,7.4303662386707,217
"214",2019,8,8.16666666666667,9,8.21428571428571,8,8,8,8.1875,7,2,2,1,8,2846,2029,817,438,852,1994,7.50355493323964,7.82962542631838,6.69376664626683,6.88150684931507,7.66773473004695,7.43340388665998,218
"215",2019,9,7.97272727272727,11,8.07,7,7,8.33333333333333,7.8375,10,1,1,3,8,2857,2039,818,439,855,2002,7.50536133706685,7.83080431093673,6.69414101466993,6.88177676537585,7.67007016374269,7.43501865634366,219
"216",2019,10,7.875,8,8,7.5,NA,8.33333333333333,7.6,6,2,0,3,5,2865,2045,820,439,858,2007,7.506393486911,7.83130072860636,6.69610652439025,6.88177676537585,7.67238926573427,7.43542967115097,220
"217",2019,11,8.07142857142857,7,8.125,8,8,NA,8.07142857142857,4,3,2,0,7,2872,2049,823,441,858,2014,7.50777066155989,7.83187408003904,6.70085947752126,6.88684807256236,7.67238926573427,7.43764019364449,221
"218",2019,12,7.45454545454545,11,8.5,6.2,7,7.75,7.28571428571429,6,5,3,4,7,2883,2055,828,444,862,2021,7.50756758237947,7.83382481265207,6.69783496376812,6.88761261261261,7.67274940835267,7.4371139782286,222
"219",2020,1,7.07692307692308,13,7.66666666666667,5.75,8.5,8.3,6.3125,9,4,2,5,8,2896,2064,832,446,867,2029,7.50563444060773,7.8330959253876,6.69327806490385,6.89484304932735,7.6763667704729,7.43267981764416,223
"220",2020,2,7.66666666666667,12,8,6.66666666666667,6.66666666666667,7.5,7.75,9,3,3,4,8,2908,2073,835,449,871,2037,7.5062989477304,7.83382054510371,6.69318245508982,6.89331848552338,7.67555681974742,7.43392604320079,224
"221",2020,3,6.58333333333333,6,6.7,6,NA,7.33333333333333,5.83333333333333,5,1,0,3,3,2914,2078,836,449,874,2040,7.50439853809197,7.83109239172281,6.69235328947369,6.89331848552338,7.6743821395881,7.43157223039216,225
"222",2020,4,7.7475,20,7.759375,7.7,6.5,7.83333333333333,7.71071428571429,16,4,2,6,14,2934,2094,840,451,880,2054,7.50605567143831,7.8305444078319,6.69715160714286,6.89157427937916,7.67546589772727,7.43347485394353,226
"223",2020,5,7.83333333333333,18,8.5,5.5,6.33333333333333,7.7,7.88461538461539,14,4,3,5,13,2952,2108,844,454,885,2067,7.50805126693767,7.83499050759013,6.6914779028436,6.88788546255507,7.67560450847458,7.43631221577165,227
"224",2020,6,7.66666666666667,12,8.5,6,6.5,10,7.45454545454545,8,4,2,1,11,2964,2116,848,456,886,2078,7.50869343454791,7.83750472117202,6.68821621462264,6.88618421052632,7.67822797968397,7.43640873435996,228
"225",2020,7,8.005,12,8.3825,7.25,7,10,7.82363636363636,8,4,2,1,11,2976,2124,852,458,887,2089,7.51069467069893,7.83955743408663,6.6908536971831,6.88668122270742,7.68084553551297,7.43844775011967,229
"226",2020,8,7.78125,16,8.15833333333333,6.65,5.8,8.03333333333333,7.72307692307692,12,4,2,3,13,2992,2136,856,460,890,2102,7.51214149064171,7.8413483099251,6.69066279205608,6.88195652173913,7.68203369662922,7.44020806374881,230
"227",2020,9,8.23333333333333,15,8.86363636363636,6.5,6.5,7.83333333333333,8.33333333333333,11,4,2,3,12,3007,2147,860,462,893,2114,7.51573905553708,7.84658592920354,6.68977598837209,6.88030303030303,7.68254198208287,7.44527783822138,231
"228",2020,10,7,9,8.28571428571429,2.5,4,NA,7,7,2,1,0,9,3016,2154,862,463,893,2123,7.5142000464191,7.84801299442897,6.68005493039443,6.87408207343413,7.68254198208287,7.44339017899199,232
"229",2020,11,7.16666666666667,12,7.3,6.5,8,8,7,10,2,1,2,10,3028,2164,864,464,895,2133,7.5128227675033,7.84548058687616,6.67963813657408,6.87650862068965,7.68325138547486,7.44131146272855,233
"230",2020,12,8.15384615384615,13,8.15384615384615,NA,NA,8,8.18181818181818,13,0,0,2,11,3041,2177,864,464,897,2144,7.51556308451168,7.84732199816261,6.67963813657408,6.87650862068965,7.68395762541806,7.44511070429105,234
"231",2021,1,7.88095238095238,21,8.03333333333333,7.5,7.6,8.16666666666667,7.83333333333333,15,6,5,3,18,3062,2192,870,469,900,2162,7.5180690202482,7.84859488594891,6.6852958045977,6.88422174840085,7.68556665555556,7.44834290009251,235
"232",2021,2,7.57894736842105,19,8.57142857142857,4.8,4.75,7.8,7.5,14,5,4,5,14,3081,2206,875,473,905,2176,7.51844444660825,7.85318222574796,6.67452268571429,6.8661733615222,7.6861988839779,7.44867525275735,236
"233",2021,3,8.07,20,8.16,7.8,8,8.33333333333333,8.02352941176471,15,5,4,3,17,3101,2221,880,477,908,2193,7.52200172202515,7.85525438541198,6.68091744318182,6.87568134171908,7.68833699339207,7.45313148654811,237
"234",2021,4,7.57291666666667,24,8,6.29166666666667,7.6875,7.95,7.47368421052632,18,6,4,5,19,3125,2239,886,481,913,2212,7.5223927488,7.85641803930326,6.67828143340858,6.88243243243243,7.6897699780942,7.4533080244123,238
"235",2021,5,8.375,12,8.5,8.125,8.25,9,8.31818181818182,8,4,2,1,11,3137,2247,890,483,914,2223,7.52565423653172,7.8587093858478,6.68478353932584,6.88809523809524,7.69120349015317,7.45758765182186,239
"236",2021,6,7.59090909090909,11,8.375,5.5,6.25,6,8.1875,8,3,2,3,8,3148,2255,893,485,917,2231,7.52588225540026,7.86054101552107,6.68080330347145,6.88546391752577,7.68567065430753,7.46020499775885,240
"237",2021,7,7.95,10,8.41666666666667,7.25,7.25,8.5,7.8125,6,4,4,2,8,3158,2261,897,489,919,2239,7.52722525015833,7.86201680229987,6.68334152731327,6.88844580777096,7.68744286180631,7.46146375614114,241
"238",2021,8,7.30555555555556,9,7.71875,4,NA,6.75,7.46428571428571,8,1,0,2,7,3167,2269,898,489,921,2246,7.52659530786233,7.86151167474659,6.68035339643653,6.88844580777096,7.68540715526602,7.46147255120214,242
"239",2021,9,8.3652775,8,8.66666666666667,7.46111,NA,10,8.13174571428571,6,2,0,1,7,3175,2275,900,489,922,2253,7.52870852283465,7.86363516043956,6.68208841111111,6.88844580777096,7.68791755965293,7.46355506879716,243
"240",2021,10,7.66666666666667,6,7.8,7,NA,7,7.8,5,1,0,1,5,3181,2280,901,489,923,2258,7.52896873939013,7.86349560964912,6.68244125416204,6.88844580777096,7.68717225352113,7.46430007528787,244
"241",2021,11,7.25,4,7,8,8,8,7,3,1,1,1,3,3185,2283,902,490,924,2261,7.52861838618525,7.86236092422252,6.68390196230599,6.89071428571429,7.68751081168831,7.46368402034498,245
"242",2021,12,7.23076923076923,13,7.88888888888889,5.75,5.75,5.5,7.54545454545455,9,4,4,2,11,3198,2292,906,494,926,2272,7.52740761726079,7.86246509162304,6.67977877483444,6.88147773279352,7.6827861663067,7.46407991637324,246
"243",2022,1,7.96428571428571,14,8.35714285714286,7.57142857142857,7,6.66666666666667,8.31818181818182,7,7,3,3,11,3212,2299,913,497,929,2283,7.52931181818182,7.86397128751631,6.68661508214677,6.88219315895372,7.67950483315393,7.46819516863776,247
"244",2022,2,8.5,11,8.5625,8.33333333333333,8,10,8.16666666666667,8,3,1,2,9,3223,2307,916,498,931,2292,7.53262474713001,7.86639358040746,6.69200826419214,6.88443775100402,7.68448978517723,7.47093785776614,248
"245",2022,3,8.125,12,8.15,8,8.33333333333333,7,8.35,10,2,3,2,10,3235,2317,918,501,933,2302,7.53482212055642,7.8676176046612,6.69485791938998,6.89311377245509,7.68302249732047,7.47475654648132,249
"246",2022,4,7.27272727272727,11,7.55555555555556,6,NA,NA,7.27272727272727,9,2,0,0,11,3246,2326,920,501,933,2313,7.53393393715342,7.86641014187446,6.69334735869565,6.89311377245509,7.68302249732047,7.47379575010809,250
"247",2022,5,7.2,17,7.875,6.6,6.88,7.5,7.16,8,9,5,2,15,3263,2334,929,506,935,2328,7.53219416487895,7.86643958440446,6.69244302475781,6.89298418972332,7.6826310053476,7.47177387027492,251
"248",2022,6,7.93625,8,7.6225,8.25,7.5,8.745,7.66666666666667,4,4,2,2,6,3271,2338,933,508,937,2334,7.53318237847753,7.86602223695466,6.69912065380493,6.89537401574803,7.68489860192103,7.47227488003428,252
"249",2022,7,8.09090909090909,11,8,8.5,NA,7,8.2,9,2,0,1,10,3282,2347,935,508,938,2344,7.53505166361975,7.86653599914785,6.70297280213904,6.89537401574803,7.68416843283582,7.47537950938567,253
"250",2022,8,8.21818181818182,11,9,7.28,6.5,8.2,8.22222222222222,6,5,2,2,9,3293,2353,940,510,940,2353,7.53733360461585,7.8694262600935,6.70604209574468,6.89382352941176,7.68526594680851,7.47823611134722,254
"251",2022,9,7.5,10,7.5,7.5,NA,10,6.875,8,2,0,2,8,3303,2361,942,510,942,2361,7.53722057523464,7.86817449809403,6.70772778131635,6.89382352941176,7.69018045647559,7.47619210927573,255
"252",2022,10,7.35714285714286,14,7.88888888888889,6.4,5.75,6.5,7.7,9,5,4,4,10,3317,2370,947,514,946,2371,7.5364605245704,7.86825316033755,6.70610303062302,6.88492217898833,7.68514798097252,7.47713604808098,256
"253",2022,11,7.54166666666667,12,8.16666666666667,5.66666666666667,4,7.25,7.6,9,3,1,2,10,3329,2379,950,515,948,2381,7.5364792910784,7.86938208911308,6.7028206,6.87932038834951,7.68422994725738,7.47765206635867,257
"254",2022,12,7.07692307692308,13,7.66666666666667,5.75,5.75,7,7.09090909090909,9,4,4,2,11,3342,2388,954,519,950,2392,7.53469166965889,7.86861808626466,6.69882554507338,6.87061657032755,7.6827894631579,7.47587356605351,258
