"","year","month","avg_rating","no_ratings","avg_rating_owned","avg_rating_not_owned","avg_rating_prev_owned","avg_rating_comment","avg_rating_no_comment","no_ratings_owned","no_ratings_not_owned","no_ratings_prev_owned","no_ratings_comment","no_ratings_no_comment","cum_no_ratings","cum_no_ratings_owned","cum_no_ratings_not_owned","cum_no_ratings_prev_owned","cum_no_ratings_comment","cum_no_ratings_no_comment","cum_avg_rating","cum_avg_rating_owned","cum_avg_rating_not_owned","cum_avg_rating_prev_owned","cum_avg_rating_comment","cum_avg_rating_no_comment","month_after_release"
"1",2004,7,7.1,7,7.54,6,NA,7.9,6.5,5,2,0,3,4,7,5,2,0,3,4,7.1,7.54,6,NA,7.9,6.5,0
"2",2004,8,6.41666666666667,6,7,6.125,6,6,6.83333333333333,2,4,1,3,3,13,7,6,1,6,7,6.78461538461538,7.38571428571429,6.08333333333333,6,6.95,6.64285714285714,1
"3",2004,9,6.83333333333333,6,7.2,5,NA,7.5,6.5,5,1,0,2,4,19,12,7,1,8,11,6.8,7.30833333333333,5.92857142857143,6,7.0875,6.59090909090909,2
"4",2004,10,6.8725,2,7.5,6.245,NA,6.245,7.5,1,1,0,1,1,21,13,8,1,9,12,6.80690476190476,7.32307692307692,5.968125,6,6.99388888888889,6.66666666666667,3
"5",2004,11,8,2,8,NA,NA,NA,8,2,0,0,0,2,23,15,8,1,9,14,6.91065217391304,7.41333333333333,5.968125,6,6.99388888888889,6.85714285714286,4
"6",2004,12,6.57142857142857,7,8,4.66666666666667,NA,9,6.16666666666667,4,3,0,1,6,30,19,11,1,10,20,6.8315,7.53684210526316,5.61318181818182,6,7.1945,6.65,5
"7",2005,1,6.79166666666667,12,6.77272727272727,7,NA,6.4,7.07142857142857,11,1,0,5,7,42,30,12,1,15,27,6.82011904761905,7.25666666666667,5.72875,6,6.92966666666667,6.75925925925926,6
"8",2005,2,7.77272727272727,11,8.41666666666667,7,7,7.58333333333333,8,6,5,1,6,5,53,36,17,2,21,32,7.01783018867925,7.45,6.10264705882353,6.5,7.11642857142857,6.953125,7
"9",2005,3,7.16666666666667,6,7.4,6,6,7,7.25,5,1,1,2,4,59,41,18,3,23,36,7.03296610169491,7.44390243902439,6.09694444444444,6.33333333333333,7.10630434782609,6.98611111111111,8
"10",2005,4,6.5625,8,8,5.125,5.25,6.3,7,4,4,2,5,3,67,45,22,5,28,39,6.97679104477612,7.49333333333333,5.92022727272727,5.9,6.96232142857143,6.98717948717949,9
"11",2005,5,5.625,10,6.33333333333333,4.5625,NA,5.375,6,6,4,0,6,4,77,51,26,5,34,43,6.80123376623377,7.35686274509804,5.71134615384615,5.9,6.68220588235294,6.8953488372093,10
"12",2005,6,6.375,4,6.5,6,NA,5,6.83333333333333,3,1,0,1,3,81,54,27,5,35,46,6.78018518518518,7.30925925925926,5.72203703703704,5.9,6.63414285714286,6.89130434782609,11
"13",2005,7,7.17857142857143,14,7.27272727272727,6.83333333333333,7,6.78571428571429,7.57142857142857,11,3,1,7,7,95,65,30,6,42,53,6.8388947368421,7.30307692307692,5.83316666666667,6.08333333333333,6.65940476190476,6.9811320754717,12
"14",2005,8,6.4375,8,6.625,6.25,NA,6.1,7,4,4,0,5,3,103,69,34,6,47,56,6.80771844660194,7.26376811594203,5.88220588235294,6.08333333333333,6.59989361702128,6.98214285714286,13
"15",2005,9,6.25,4,7,5.5,NA,6,6.5,2,2,0,2,2,107,71,36,6,49,58,6.7868691588785,7.25633802816902,5.86097222222222,6.08333333333333,6.57540816326531,6.96551724137931,14
"16",2005,10,5.625,8,5.57142857142857,6,NA,5,6.25,7,1,0,4,4,115,78,37,6,53,62,6.70604347826087,7.10512820512821,5.86472972972973,6.08333333333333,6.45650943396226,6.91935483870968,15
"17",2005,11,6.75,6,7.16666666666667,6.33333333333333,NA,6.5,6.875,3,3,0,2,4,121,81,40,6,55,66,6.70822314049587,7.10740740740741,5.899875,6.08333333333333,6.45809090909091,6.91666666666667,16
"18",2005,12,5.55,10,6.33333333333333,4.375,NA,5.0625,7.5,6,4,0,8,2,131,87,44,6,63,68,6.61980916030534,7.05402298850575,5.76125,6.08333333333333,6.28087301587302,6.93382352941176,17
"19",2006,1,6.72727272727273,11,6.66666666666667,6.8,7,6.5,6.75,6,5,1,1,10,142,93,49,7,64,78,6.6281338028169,7.02903225806452,5.86724489795918,6.21428571428571,6.284296875,6.91025641025641,18
"20",2006,2,6.3,5,7.375,2,NA,6,7.5,4,1,0,4,1,147,97,50,7,68,79,6.61697278911565,7.04329896907217,5.7899,6.21428571428571,6.26757352941176,6.91772151898734,19
"21",2006,3,6.45454545454545,11,6.75,6.28571428571429,7,7.25,6,4,7,2,4,7,158,101,57,9,72,86,6.60566455696203,7.03168316831683,5.85078947368421,6.38888888888889,6.32215277777778,6.84302325581395,20
"22",2006,4,6.6,5,7,5,NA,7,6.33333333333333,4,1,0,2,3,163,105,58,9,74,89,6.60549079754601,7.03047619047619,5.83612068965517,6.38888888888889,6.34047297297297,6.82584269662921,21
"23",2006,5,6.9,5,7,6.75,6.5,6.5,7.5,3,2,1,3,2,168,108,60,10,77,91,6.61425595238095,7.02962962962963,5.86658333333333,6.4,6.34668831168831,6.84065934065934,22
"24",2006,6,7.075,8,7.51428571428571,4,NA,7.4,6.75,7,1,0,4,4,176,115,61,10,81,95,6.63519886363636,7.05913043478261,5.83598360655738,6.4,6.3987037037037,6.83684210526316,23
"25",2006,7,7.66666666666667,6,8.5,6,NA,6,8.5,4,2,0,2,4,182,119,63,10,83,99,6.6692032967033,7.10756302521008,5.84119047619048,6.4,6.38909638554217,6.9040404040404,24
"26",2006,8,5.8125,8,5.92857142857143,5,NA,6.83333333333333,5.2,7,1,0,3,5,190,126,64,10,86,104,6.63313157894737,7.04206349206349,5.828046875,6.4,6.40459302325581,6.82211538461539,25
"27",2006,9,5.6,5,6,4,5.5,4,6,4,1,2,1,4,195,130,65,12,87,108,6.60664102564103,7.01,5.79992307692308,6.25,6.3769540229885,6.79166666666667,26
"28",2006,10,5.85714285714286,7,5.83333333333333,6,6,6.25,5.33333333333333,6,1,1,4,3,202,136,66,13,91,111,6.58066831683168,6.95808823529412,5.80295454545455,6.23076923076923,6.37137362637363,6.75225225225225,27
"29",2006,11,6.5,8,7,5.66666666666667,5,NA,6.5,5,3,1,0,8,210,141,69,14,91,119,6.57759523809524,6.95957446808511,5.79702898550725,6.14285714285714,6.37137362637363,6.73529411764706,28
"30",2006,12,6.23076923076923,13,6.4375,5.9,6,7.25,6.04545454545455,8,5,1,2,11,223,149,74,15,93,130,6.55737668161435,6.93154362416108,5.80398648648649,6.13333333333333,6.3902688172043,6.67692307692308,29
"31",2007,1,6.21578947368421,19,6.62,5.76666666666667,5.33333333333333,6.65,6.01538461538462,10,9,3,6,13,242,159,83,18,99,143,6.53055785123967,6.91194968553459,5.79993975903614,6,6.4060101010101,6.61678321678322,30
"32",2007,2,5.44971,9,7.125,4.109478,NA,NA,5.44971,4,5,0,0,9,251,163,88,18,99,152,6.49180235059761,6.91717791411043,5.70389079545455,6,6.4060101010101,6.54768019736842,31
"33",2007,3,6.0375,12,6.03125,6.05,5,6.0625,6.025,8,4,1,4,8,263,171,92,19,103,160,6.47107372623574,6.87573099415205,5.71893902173913,5.94736842105263,6.39266990291262,6.5215461875,32
"34",2007,4,6.17647058823529,17,6.72727272727273,5.16666666666667,2,5.8,6.33333333333333,11,6,1,5,12,280,182,98,20,108,172,6.45318710714286,6.86675824175824,5.68512642857143,5.75,6.36523148148148,6.50841505813954,33
"35",2007,5,6.625,8,6.8,6.33333333333333,NA,5,6.85714285714286,5,3,0,1,7,288,187,101,20,109,179,6.4579596875,6.86497326203209,5.7043800990099,5.75,6.35270642201835,6.52205245810056,34
"36",2007,6,6.63333333333333,9,7,6.34,7.6,5.75,6.88571428571429,4,5,2,2,7,297,191,106,22,111,186,6.46327404040404,6.86780104712042,5.73436216981132,5.91818181818182,6.34184684684685,6.53573865591398,35
"37",2007,7,6.6875,8,6.5,7,6,8,6.5,5,3,1,1,7,305,196,109,23,112,193,6.46915537704918,6.85841836734694,5.76919623853211,5.92173913043478,6.35665178571429,6.53444243523316,36
"38",2007,8,6.76666666666667,15,7.40909090909091,5,6,6.4,6.95,11,4,1,5,10,320,207,113,24,117,203,6.48310121875,6.88768115942029,5.74196805309735,5.925,6.35850427350427,6.55491325123153,37
"39",2007,9,6.13636363636364,11,7.25,4.8,4.5,6,6.21428571428571,6,5,2,4,7,331,213,118,26,121,210,6.47157821752266,6.89788732394366,5.70205415254237,5.81538461538462,6.34665289256198,6.543559,38
"40",2007,10,5.83333333333333,9,5.9375,5,NA,5,6.07142857142857,8,1,0,2,7,340,221,119,26,123,217,6.4546835,6.8631221719457,5.69615453781513,5.81538461538462,6.32475609756098,6.52832898617512,39
"41",2007,11,5.86111111111111,18,6.20833333333333,5.16666666666667,NA,5.66666666666667,5.95833333333333,12,6,0,6,12,358,233,125,26,129,229,6.42483907821229,6.8293991416309,5.67073912,5.81538461538462,6.2941472868217,6.49846021834061,40
"42",2007,12,5.76190476190476,21,6.54166666666667,4.72222222222222,4.25,5.4375,5.96153846153846,12,9,2,8,13,379,245,134,28,137,242,6.38810656992084,6.81530612244898,5.60703276119403,5.70357142857143,6.24412408759124,6.46961731404959,41
"43",2008,1,6.21882352941176,17,6.67428571428571,5.9,5,6.33818181818182,6,7,10,3,11,6,396,252,144,31,148,248,6.38083936868687,6.81138888888889,5.62737770833333,5.63548387096774,6.25111486486486,6.45825560483871,42
"44",2008,2,6.67647058823529,17,6.95833333333333,6,7,5.5,6.83333333333333,12,5,1,2,15,413,264,149,32,150,263,6.39300820823244,6.81806818181818,5.63988181208054,5.678125,6.2411,6.47964787072243,43
"45",2008,3,7,12,7.5,6.3,6.5,7,7,7,5,1,6,6,425,271,154,33,156,269,6.4101468,6.83568265682657,5.66131422077922,5.7030303030303,6.27028846153846,6.49125423791822,44
"46",2008,4,6.28571428571429,14,6.8125,5.58333333333333,6.16666666666667,5.16666666666667,6.59090909090909,8,6,3,3,11,439,279,160,36,159,280,6.40617856492027,6.83501792114695,5.6583899375,5.74166666666667,6.24946540880503,6.49516925,45
"47",2008,5,6.72777777777778,18,6.87333333333333,6,NA,6,7.09166666666667,15,3,0,6,12,457,294,163,36,165,292,6.41884549234136,6.83697278911565,5.6646772392638,5.74166666666667,6.24039393939394,6.51968284246575,46
"48",2008,6,6.5,14,6.44444444444444,6.6,NA,6.2,6.66666666666667,9,5,0,5,9,471,303,168,36,170,301,6.42125772823779,6.82531353135314,5.69251422619048,5.74166666666667,6.23920588235294,6.5240777076412,47
"49",2008,7,6.3,10,6.33333333333333,6,6,4.5,6.5,9,1,1,1,9,481,312,169,37,171,310,6.41873677754678,6.8111217948718,5.69433366863905,5.74864864864865,6.2290350877193,6.52337867741936,48
"50",2008,8,5.825,10,6.4375,5.41666666666667,5.33333333333333,5,6.375,4,6,3,4,6,491,316,175,40,175,316,6.40664437881874,6.80639240506329,5.68481365714286,5.7175,6.20094285714286,6.52056136075949,49
"51",2008,9,6.27777777777778,9,7,5.375,5.5,5.8,6.875,5,4,2,5,4,500,321,179,42,180,320,6.40432478,6.80940809968847,5.67789044692737,5.70714285714286,6.18980555555556,6.52499184375,50
"52",2008,10,5.95454545454545,11,5.75,6.07142857142857,5.4,6.41666666666667,5.4,4,7,5,6,5,511,325,186,47,186,325,6.39464264187867,6.79636923076923,5.69270102150538,5.67446808510638,6.19712365591398,6.50768427692308,51
"53",2008,11,5.08333333333333,6,6.16666666666667,4,NA,4.5,6.25,3,3,0,4,2,517,328,189,47,190,327,6.37942435203095,6.79060975609756,5.66583275132275,5.67446808510638,6.16139473684211,6.5061082262997,52
"54",2008,12,6.65384615384615,13,6.58333333333333,6.71428571428571,5.875,7.175,6.42222222222222,6,7,4,4,9,530,334,196,51,194,336,6.38615545283019,6.78688622754491,5.7032775,5.69019607843137,6.18229381443299,6.50386127976191,53
"55",2009,1,6.45882352941176,17,6.52727272727273,6.33333333333333,6.25,6.66666666666667,6.34545454545455,11,6,4,6,11,547,345,202,55,200,347,6.38841387568556,6.77860869565218,5.72199202970297,5.73090909090909,6.196825,6.49883974063401,54
"56",2009,2,6.18947368421053,19,6.65384615384615,5.18333333333333,4,5.25,6.44,13,6,1,4,15,566,358,208,56,204,362,6.38173567137809,6.7740782122905,5.70645379807692,5.7,6.17825980392157,6.49640162983426,55
"57",2009,3,6.44375,16,7.2,5.18333333333333,5.5,6.8,6.28181818181818,10,6,3,5,11,582,368,214,59,209,373,6.38344053264605,6.78565217391304,5.69178686915888,5.68983050847458,6.19313397129187,6.49007343163539,56
"58",2009,4,5.98,15,5.8125,6.17142857142857,6.175,6.61666666666667,5.55555555555556,8,7,4,6,9,597,376,221,63,215,382,6.37330383584589,6.76494680851064,5.70697914027149,5.72063492063492,6.20495348837209,6.4680559947644,57
"59",2009,5,6.3,10,6.66666666666667,5.75,4,9,6,6,4,1,1,9,607,382,225,64,216,391,6.37209619439868,6.76340314136126,5.70774395555556,5.69375,6.21789351851852,6.45728232736573,58
"60",2009,6,6.92307692307692,13,7.0625,6.7,6.5,7.16666666666667,6.85,8,5,2,3,10,620,390,230,66,219,401,6.38364901612903,6.76953846153846,5.72931473913044,5.71818181818182,6.2308904109589,6.46707578553616,59
"61",2009,7,5.97058823529412,17,6.09,5.8,5.62,4.6,6.71818181818182,10,7,5,6,11,637,400,237,71,225,412,6.37262541601256,6.75255,5.73140248945148,5.7112676056338,6.1874,6.47378007281554,60
"62",2009,8,6.4875,8,6.83333333333333,5.45,NA,6.5,6.48571428571429,6,2,0,1,7,645,406,239,71,226,419,6.37405021705426,6.75374384236453,5.72904765690377,5.7112676056338,6.18878318584071,6.47397945107399,61
"63",2009,9,6.17692307692308,13,6.08888888888889,6.375,7,5.75,6.25454545454545,9,4,1,2,11,658,415,243,72,228,430,6.37015560790274,6.73932530120482,5.73968061728395,5.72916666666667,6.18493421052632,6.46836602325582,62
"64",2009,10,6.50294117647059,17,6.88,5.96428571428571,5.66666666666667,5.5,6.81153846153846,10,7,3,4,13,675,425,250,75,232,443,6.37349983703704,6.74263529411765,5.74596956,5.72666666666667,6.173125,6.4784365462754,63
"65",2009,11,5.94642857142857,14,6.95833333333333,5.1875,5.66666666666667,6,5.9375,6,8,3,2,12,689,431,258,78,234,455,6.36482204644412,6.74563805104408,5.7286526744186,5.72435897435898,6.1716452991453,6.46417008791209,64
"66",2009,12,6.40909090909091,11,6.5,6.33333333333333,6,6,6.5625,5,6,3,3,8,700,436,264,81,237,463,6.3655177,6.74282110091743,5.74239541666667,5.73456790123457,6.16947257383966,6.46586909287257,65
"67",2010,1,6.094,25,6.615625,5.16666666666667,4,6.65,5.98809523809524,16,9,1,4,21,725,452,273,82,241,484,6.35615502068966,6.7383185840708,5.72341534798535,5.71341463414634,6.17744813278008,6.44513923553719,66
"68",2010,2,5.92857142857143,14,7.16666666666667,5,4,6.5,5.77272727272727,6,8,1,3,11,739,458,281,83,244,495,6.34805465493911,6.74393013100437,5.70281989323844,5.69277108433735,6.18141393442623,6.43019674747475,67
"69",2010,3,6.67307692307692,13,6.58333333333333,6.875,NA,5.5,6.88636363636364,9,4,0,2,11,752,467,285,83,246,506,6.35367339095745,6.74083511777302,5.71927154385965,5.69277108433735,6.17587398373984,6.44011341897233,68
"70",2010,4,6.34285714285714,14,7.225,5.16666666666667,5.33333333333333,4.66666666666667,6.8,8,6,3,3,11,766,475,291,86,249,517,6.35347570496084,6.74898947368421,5.70787762886598,5.68023255813954,6.15769076305221,6.4477705802708,69
"71",2010,5,6.09090909090909,11,6.5,5.6,6,4,6.3,6,5,1,1,10,777,481,296,87,250,527,6.34975854568855,6.74588357588358,5.70605537162162,5.68390804597701,6.14906,6.44496658444023,70
"72",2010,6,6.23529411764706,17,6.75,5.5,6.125,7,6.07142857142857,10,7,4,3,14,794,491,303,91,253,541,6.34730779596977,6.74596741344196,5.70129501650165,5.70329670329671,6.15915019762846,6.4353001663586,71
"73",2010,7,6.78571428571429,7,6.91666666666667,6,NA,NA,6.78571428571429,6,1,0,0,7,801,497,304,91,253,548,6.35113906367041,6.74802816901409,5.70227759868421,5.70329670329671,6.15915019762846,6.43977625912409,72
"74",2010,8,6.44666666666667,15,6.71428571428571,6.2125,6.33333333333333,6,6.51538461538462,7,8,3,2,13,816,504,312,94,255,561,6.35289508578431,6.74755952380953,5.71536022435898,5.72340425531915,6.15790196078431,6.44152832442068,73
"75",2010,9,6.26923076923077,13,6.31818181818182,6,7,6.5,6,11,2,1,7,6,829,515,314,95,262,567,6.35158310012063,6.73838834951456,5.71717321656051,5.73684210526316,6.16704198473282,6.4368560670194,74
"76",2010,10,5.94444444444444,9,6.1,5.75,5.75,6.33333333333333,5.75,5,4,2,3,6,838,520,318,97,265,573,6.34721048926014,6.73225,5.71758613207547,5.73711340206186,6.16892452830189,6.42966385689355,75
"77",2010,11,6.32666666666667,15,6.9,4.75,5,6.23333333333333,6.38888888888889,11,4,1,6,9,853,531,322,98,271,582,6.34684922626026,6.73572504708098,5.70556642857143,5.7295918367347,6.17035055350553,6.42903331615121,76
"78",2010,12,6.19,20,6.45454545454545,5.86666666666667,5.45,5.97777777777778,6.36363636363636,11,9,4,9,11,873,542,331,102,280,593,6.34325588774341,6.7300184501845,5.70994679758308,5.71862745098039,6.16416071428571,6.42782021922429,77
"79",2011,1,6.3,20,6.95,5.65,5.6,6.4,6.26666666666667,10,10,5,5,15,893,552,341,107,285,608,6.34228711086226,6.73400362318841,5.70818882697947,5.71308411214953,6.16829824561403,6.42384439144737,78
"80",2011,2,6.50909090909091,11,7.28571428571429,5.15,2,6.525,6.5,7,4,1,4,7,904,559,345,108,289,615,6.34431680309735,6.74091234347048,5.70171707246377,5.67870370370371,6.17323529411765,6.42471120325204,79
"81",2011,3,6.26086956521739,23,7,4.875,4.4,4.8,6.66666666666667,15,8,5,5,18,927,574,353,113,294,633,6.34224637540453,6.74768292682927,5.68298127478754,5.62212389380531,6.14988095238095,6.43159145339653,80
"82",2011,4,6.875,12,7.25,5,6,NA,6.875,10,2,1,0,12,939,584,355,114,294,645,6.34905472843451,6.75628424657534,5.67913349295775,5.62543859649123,6.14988095238095,6.43984091472869,81
"83",2011,5,5.8,10,6.4,5.2,5.33333333333333,7,5.66666666666667,5,5,3,1,9,949,589,360,117,295,654,6.34326911485775,6.753259762309,5.67247886111111,5.61794871794872,6.15276271186441,6.42920090214068,82
"84",2011,6,5.25,12,5.38888888888889,4.83333333333333,5.75,7,5.09090909090909,9,3,2,1,11,961,598,363,119,296,665,6.32961747138398,6.73272575250836,5.66554377410468,5.62016806722689,6.155625,6.40706374436091,83
"85",2011,7,6.89285714285714,14,6.8125,7,NA,5,7.20833333333333,8,6,0,2,12,975,606,369,119,298,677,6.33770501538462,6.73377887788779,5.68724224932249,5.62016806722689,6.14786912751678,6.4212664549483,84
"86",2011,8,6.3,16,7.08,5,3,8,6.18666666666667,10,6,1,1,15,991,616,375,120,299,692,6.33709625630676,6.73939935064935,5.67624637333333,5.59833333333333,6.1540635451505,6.41618119942197,85
"87",2011,9,6.9,6,7.08,6,6,7.5,6.6,5,1,1,2,4,997,621,376,121,301,696,6.34048384152457,6.74214170692432,5.67710742021277,5.60165289256198,6.16300664451827,6.41723762931035,86
"88",2011,10,5.75,10,5.66666666666667,5.875,6,5,6.25,6,4,1,4,6,1007,627,380,122,305,702,6.33462004965243,6.73185007974482,5.6791905,5.60491803278689,6.14775409836066,6.41580824786325,87
"89",2011,11,6.57142857142857,14,6.7,6.25,7,7,6.4,10,4,1,4,10,1021,637,384,123,309,712,6.33786717923604,6.73135007849294,5.68513643229167,5.61626016260163,6.15878640776699,6.41558622191012,88
"90",2011,12,6.76923076923077,13,6.75,6.83333333333333,6.5,6,6.90909090909091,10,3,2,2,11,1034,647,387,125,311,723,6.34329051257253,6.73163833075734,5.69403718346253,5.6304,6.1577652733119,6.42309459197787,89
"91",2012,1,5.92105263157895,19,6.45,5.33333333333333,5.8,5.85714285714286,5.95833333333333,10,9,5,7,12,1053,657,396,130,318,735,6.33567178537512,6.72735159817352,5.68583936868687,5.63692307692308,6.15114779874214,6.41550665306123,90
"92",2012,2,5.81818181818182,11,6,4,NA,4.5,6.11111111111111,10,1,0,2,9,1064,667,397,130,320,744,6.33032179511278,6.7164467766117,5.68159292191436,5.63692307692308,6.140828125,6.41182444892473,91
"93",2012,3,6.22727272727273,11,6.3,5.5,NA,NA,6.22727272727273,10,1,0,0,11,1075,677,398,130,320,755,6.32926733953488,6.71029542097489,5.68113665829146,5.63692307692308,6.140828125,6.40913561589404,92
"94",2012,4,6.55,10,6.875,5.25,4,4,6.83333333333333,8,2,1,1,9,1085,685,400,131,321,764,6.33130174193548,6.71221897810219,5.678980975,5.62442748091603,6.13415887850467,6.41413270942409,93
"95",2012,5,5.46428571428571,14,6.8125,3.66666666666667,5,7.25,5.16666666666667,8,6,3,2,12,1099,693,406,134,323,776,6.32025695177434,6.71337662337662,5.64924233990148,5.61044776119403,6.14106811145511,6.39484199742268,94
"96",2012,6,6.28571428571429,7,6.28571428571429,NA,NA,6,6.33333333333333,7,0,0,1,6,1106,700,406,134,324,782,6.32003832730561,6.7091,5.64924233990148,5.61044776119403,6.14063271604938,6.39437006393862,95
"97",2012,7,5.91142857142857,7,6.66666666666667,5.345,6,6,5.876,3,4,1,2,5,1113,703,410,135,326,787,6.31746845462713,6.70891891891892,5.64627412195122,5.61333333333334,6.13976993865031,6.39107673443456,96
"98",2012,8,6.7,10,7.14285714285714,5.66666666666667,7.5,7.5,6.35714285714286,7,3,1,3,7,1123,710,413,136,329,794,6.32087479073909,6.71319718309859,5.64642225181598,5.62720588235294,6.15217325227963,6.39077756926952,97
"99",2012,9,6.76666666666667,15,6.95454545454545,6.25,5,5.58333333333333,7.55555555555556,11,4,3,6,9,1138,721,417,139,335,803,6.32675078207382,6.71687933425798,5.65221196642686,5.6136690647482,6.14198507462686,6.40383236612703,98
"100",2012,10,6.89285714285714,14,7.05555555555556,6.6,7,7,6.86363636363636,9,5,2,3,11,1152,730,422,141,338,814,6.333630546875,6.72105479452055,5.66344168246446,5.63333333333333,6.14960059171598,6.41004593366094,99
"101",2012,11,6,14,6.5,5.33333333333333,4.33333333333333,5.33333333333333,6.18181818181818,8,6,3,3,11,1166,738,428,144,341,825,6.32962469125215,6.71865853658537,5.6588139953271,5.60625,6.14241935483871,6.4070028969697,100
"102",2012,12,6.91176470588235,17,6.95833333333333,6.8,NA,7.625,6.69230769230769,12,5,0,4,13,1183,750,433,144,345,838,6.33799018596788,6.72249333333333,5.67199166281755,5.60625,6.15960869565217,6.41142886634845,101
"103",2013,1,5.5,13,6.35714285714286,4.5,6,5.33333333333333,5.875,7,6,2,9,4,1196,757,439,146,354,842,6.32888159698997,6.71911492734478,5.65597355353075,5.61164383561644,6.13860169491525,6.40888051068884,102
"104",2013,2,6.01304347826087,23,6.14705882352941,5.63333333333333,6.8,5.25,6.17368421052632,17,6,1,4,19,1219,774,445,147,358,861,6.32292238720263,6.7065503875969,5.65566829213483,5.61972789115646,6.12867318435754,6.40369034843206,103
"105",2013,3,6.57142857142857,7,6.6,6.5,5,6.5,6.58333333333333,5,2,1,1,6,1226,779,447,148,359,867,6.32434126427406,6.70586649550706,5.65944606263982,5.61554054054054,6.12970752089136,6.40493355247982,104
"106",2013,4,6.4375,8,7.08333333333333,4.5,4.5,3,6.92857142857143,6,2,2,1,7,1234,785,449,150,360,874,6.32507487034036,6.70875159235669,5.6542814922049,5.60066666666667,6.12101388888889,6.40912744851259,105
"107",2013,5,5.75454545454545,11,6.32857142857143,4.75,4,4.76666666666667,6.125,7,4,2,3,8,1245,792,453,152,363,882,6.32003404819277,6.70539141414142,5.64629666666667,5.5796052631579,6.10982093663912,6.40655032879819,106
"108",2013,6,6.5,10,6.85714285714286,5.66666666666667,5,7.33333333333333,6.14285714285714,7,3,2,3,7,1255,799,456,154,366,889,6.32146803984064,6.70672090112641,5.64643067982456,5.57207792207792,6.11984972677596,6.40447400449944,107
"109",2013,7,5.91176470588235,17,6.36363636363636,5.08333333333333,4.16666666666667,5.5,5.96666666666667,11,6,3,2,15,1272,810,462,157,368,904,6.31599244496855,6.70206172839506,5.63911772727273,5.54522292993631,6.11648097826087,6.39720950221239,108
"110",2013,8,5.72,10,6.8,4.64,4.8,4.5,6.025,5,5,4,2,8,1282,815,467,161,370,912,6.31134351794072,6.70266257668712,5.62842053533191,5.52670807453416,6.10774324324324,6.39394450657895,109
"111",2013,9,6.63636363636364,11,6.71428571428571,6.5,8,7.5,6.44444444444444,7,4,1,2,9,1293,822,471,162,372,921,6.31410857695282,6.70276155717762,5.63582248407643,5.54197530864198,6.11522849462366,6.39443799131379,110
"112",2013,10,6,17,6.04545454545455,5.91666666666667,6.375,8,5.73333333333333,11,6,4,2,15,1310,833,477,166,374,936,6.31003235877863,6.69408163265306,5.63935511530398,5.56204819277109,6.12530748663102,6.38384336538462,111
"113",2013,11,6.38888888888889,9,6.5,6,NA,6,6.7,7,2,0,4,5,1319,840,479,166,378,941,6.31057042456406,6.69246428571429,5.6408609394572,5.56204819277109,6.12398148148148,6.38552326248672,112
"114",2013,12,6.37083333333333,12,6.6,6.05,5,6,6.40454545454545,7,5,3,1,11,1331,847,484,169,379,952,6.31111374154771,6.69170011806376,5.64508758264463,5.55207100591716,6.123654353562,6.38574305672269,113
"115",2014,1,6.2625,24,6.6,5.7,5.61428571428571,6,6.37058823529412,15,9,7,7,17,1355,862,493,176,386,969,6.31025268634686,6.69010440835267,5.64609004056795,5.55454545454546,6.12141191709845,6.38547718266254,114
"116",2014,2,7.05555555555556,9,6.91666666666667,7.33333333333333,NA,6,7.35714285714286,6,3,0,2,7,1364,868,496,176,388,976,6.31517037390029,6.69167050691244,5.65629514112903,5.55454545454546,6.12078608247423,6.39244609631148,115
"117",2014,3,6.33333333333333,9,6.4,6.25,5.5,6.25,6.35714285714286,5,4,1,2,7,1373,873,500,177,390,983,6.31528943190095,6.69,5.66104478,5.55423728813559,6.12144871794872,6.39219469989827,116
"118",2014,4,6.07692307692308,13,6.72222222222222,4.625,4.5,8,5.91666666666667,9,4,2,1,12,1386,882,504,179,391,995,6.31305367243867,6.69032879818594,5.65282220238095,5.54245810055866,6.12625319693095,6.38645968844221,117
"119",2014,5,6.25,8,6.4,6,7,NA,6.25,5,3,1,0,8,1394,887,507,180,391,1003,6.31269181492109,6.68869222096956,5.65487650887574,5.55055555555556,6.12625319693095,6.38537127617149,118
"120",2014,6,4.64285714285714,7,4.66666666666667,4.625,4.5,NA,4.64285714285714,3,4,3,0,7,1401,890,511,183,391,1010,6.30434860099929,6.68187640449438,5.64681485322896,5.53333333333333,6.12625319693095,6.37329444554456,119
"121",2014,7,6.27777777777778,9,7,5.7,6.25,4,6.92857142857143,4,5,2,2,7,1410,894,516,185,393,1017,6.304179,6.68329977628635,5.6473302131783,5.54108108108108,6.11543256997455,6.37711641101278,120
"122",2014,8,6.5,13,6.71428571428571,6.25,6.3,7.83333333333333,6.1,7,6,5,3,10,1423,901,522,190,396,1027,6.30596794799719,6.68354051054384,5.65425745210728,5.56105263157895,6.12844696969697,6.37441810126582,121
"123",2014,9,6.03333333333333,15,6.25,5.16666666666667,NA,5,6.29166666666667,12,3,0,3,12,1438,913,525,190,399,1039,6.303124054242,6.67784227820373,5.65147121904762,5.56105263157895,6.11996240601504,6.37346235803658,122
"124",2014,10,7.55555555555556,9,7.57142857142857,7.5,7,NA,7.55555555555556,7,2,1,0,9,1447,920,527,191,399,1048,6.31091388389772,6.68464130434783,5.6584865085389,5.56858638743456,6.11996240601504,6.38361392175573,123
"125",2014,11,6.325,12,6.6125,5.75,5,9,6.08181818181818,8,4,2,1,11,1459,928,531,193,400,1059,6.31102973954764,6.68401939655172,5.65917587570622,5.56269430051814,6.1271625,6.38047912181303,124
"126",2014,12,6.27058823529412,17,6.31818181818182,6.18333333333333,6.22,6.22,6.29166666666667,11,6,5,5,12,1476,939,537,198,405,1071,6.3105639498645,6.67973375931842,5.66503238361266,5.57929292929293,6.12830864197531,6.37948402427638,125
"127",2015,1,6.18095238095238,21,6.27142857142857,6,6,5.5,6.45333333333333,14,7,4,6,15,1497,953,544,202,411,1086,6.30874575150301,6.67373557187828,5.66934262867647,5.58762376237624,6.11913625304136,6.38050404235728,126
"128",2015,2,6.58380952380952,21,6.86615384615385,6.125,6.75,7.275,6.42117647058824,13,8,2,4,17,1518,966,552,204,415,1103,6.31255098155468,6.67632505175983,5.67594635869565,5.59901960784314,6.13027710843373,6.38113090661832,127
"129",2015,3,6.13333333333333,15,5.96153846153846,7.25,NA,5,6.41666666666667,13,2,0,3,12,1533,979,554,204,418,1115,6.31079738421396,6.66683350357508,5.68162886281589,5.59901960784314,6.12216507177033,6.38151335426009,128
"130",2015,4,6,10,6.64285714285714,4.5,4.5,5.16666666666667,6.35714285714286,7,3,3,3,7,1543,986,557,207,421,1122,6.30878314322748,6.66666328600406,5.67526461400359,5.58309178743961,6.11535629453682,6.38136131016043,129
"131",2015,5,6,11,6.64285714285714,4.875,4,NA,6,7,4,2,0,11,1554,993,561,209,421,1133,6.30659741956242,6.66649546827795,5.66955862745098,5.56794258373206,6.11535629453682,6.37765877316858,130
"132",2015,6,5.07692307692308,13,5.85714285714286,4.16666666666667,5,7,4.91666666666667,7,6,3,1,12,1567,1000,567,212,422,1145,6.29639590938098,6.66083,5.65365500881834,5.55990566037736,6.11745260663507,6.36234706550218,131
"133",2015,7,7.34615384615385,13,7.7,6.16666666666667,6,6,7.45833333333333,10,3,2,1,12,1580,1010,570,214,423,1157,6.30503315822785,6.67111881188119,5.65635507017544,5.56401869158879,6.11717494089834,6.37371425237684,132
"134",2015,8,6.5,15,6.35,6.8,6.33333333333333,4.5,6.80769230769231,10,5,3,2,13,1595,1020,575,217,425,1170,6.30686670219436,6.66797058823529,5.66629980869565,5.57465437788018,6.10956470588235,6.37853623076923,133
"135",2015,9,6.2875,8,6.47142857142857,5,5,5.75,6.46666666666667,7,1,1,2,6,1603,1027,576,218,427,1176,6.30677004990642,6.66663096397274,5.66514303819445,5.57201834862385,6.10788056206089,6.37898587585034,134
"136",2015,10,6.66666666666667,9,7,5.5,5.5,NA,6.66666666666667,7,2,2,0,9,1612,1034,578,220,427,1185,6.30877939826303,6.66888781431335,5.66457160899654,5.57136363636364,6.10788056206089,6.38117079324895,135
"137",2015,11,6,16,6.30769230769231,4.66666666666667,5.5,8.16666666666667,5.5,13,3,2,3,13,1628,1047,581,222,430,1198,6.30574471130221,6.66440305635148,5.65941891566265,5.57072072072072,6.12224418604651,6.37160883973289,136
"138",2015,12,6.11904761904762,21,6.1,6.16666666666667,6.5,5.5,6.22222222222222,15,6,1,3,18,1649,1062,587,223,433,1216,6.30336712553062,6.65643126177025,5.66460373083475,5.57488789237668,6.11793302540416,6.36939752467105,137
"139",2016,1,6.11904761904762,21,6.75,4.1,5.75,4.66666666666667,6.36111111111111,16,5,2,3,18,1670,1078,592,225,436,1234,6.30104933532934,6.65782003710575,5.6513891722973,5.57644444444444,6.10794724770642,6.36927665316046,138
"140",2016,2,6.09090909090909,11,6.625,4.66666666666667,4.66666666666667,5,6.33333333333333,8,3,3,2,9,1681,1086,595,228,438,1243,6.29967423557406,6.65757826887661,5.64642418487395,5.56447368421053,6.10288812785388,6.36901640386163,139
"141",2016,3,6.09090909090909,11,6.42857142857143,5.5,5.16666666666667,NA,6.09090909090909,7,4,3,0,11,1692,1093,599,231,438,1254,6.29831701536643,6.65611161939616,5.64544639398998,5.55930735930736,6.10288812785388,6.36657686602871,140
"142",2016,4,6.08333333333333,18,6.44444444444444,5.72222222222222,6.5,5,6.14705882352941,9,9,3,1,17,1710,1102,608,234,439,1271,6.29605402923977,6.65438294010889,5.64658287828947,5.57136752136752,6.10037585421412,6.36364074744296,141
"143",2016,5,5.96153846153846,13,7.25,4.85714285714286,4.75,7,5.77272727272727,6,7,4,2,11,1723,1108,615,238,441,1282,6.29353011607661,6.6576083032491,5.63759738211382,5.55756302521008,6.10445578231292,6.35857050702028,142
"144",2016,6,6.16666666666667,15,6.5,4,4,6.08333333333333,6.22222222222222,13,2,2,6,9,1738,1121,617,240,447,1291,6.29243520713464,6.65578055307761,5.63228912479741,5.54458333333333,6.10417225950783,6.3576199767622,143
"145",2016,7,6.375,8,6.8,5.66666666666667,5.5,NA,6.375,5,3,2,0,8,1746,1126,620,242,447,1299,6.29281351088202,6.65642095914743,5.63245546774194,5.54421487603306,6.10417225950783,6.35772701308699,144
"146",2016,8,6.07142857142857,14,7.625,4,3.25,8.5,5.66666666666667,8,6,4,2,12,1760,1134,626,246,449,1311,6.29105249431818,6.66325396825397,5.61680892971246,5.50691056910569,6.11484409799554,6.35140151792525,145
"147",2016,9,6.36363636363636,11,7.16666666666667,5.4,5.5,8,6.2,6,5,2,1,10,1771,1140,631,248,450,1321,6.29150332580463,6.66590350877193,5.61509095087163,5.50685483870968,6.11903333333333,6.35025540499622,146
"148",2016,10,6.88461538461539,13,7.57142857142857,6.08333333333333,5,6,6.95833333333333,7,6,3,1,12,1784,1147,637,251,451,1333,6.29582533071749,6.67142981691369,5.61950139717425,5.500796812749,6.11876940133038,6.35572947486872,147
"149",2016,11,6.26666666666667,15,6.61538461538461,4,5,5.5,6.38461538461539,13,2,1,2,13,1799,1160,639,252,453,1346,6.29558220678155,6.67080172413793,5.61443253521127,5.49880952380952,6.11603752759382,6.35600846210996,148
"150",2016,12,5.88235294117647,17,6,5.5,6.5,5.7,5.95833333333333,13,4,2,5,12,1816,1173,643,254,458,1358,6.29171387114537,6.66336743393009,5.61372066874028,5.50669291338583,6.11149563318777,6.35249439617084,149
"151",2017,1,5.97619047619048,21,6.39285714285714,5.14285714285714,5.5,6,5.97368421052632,14,7,2,2,19,1837,1187,650,256,460,1377,6.28810690800218,6.66017691659646,5.60864983076923,5.506640625,6.11101086956522,6.3472675308642,150
"152",2017,2,6.26086956521739,23,7.10714285714286,4.94444444444444,5.375,3,6.40909090909091,14,9,4,1,22,1860,1201,659,260,461,1399,6.28777010215054,6.66538717735221,5.59957874051593,5.50461538461539,6.10426247288503,6.34823973552538,151
"153",2017,3,6.575,10,6.75,6.3125,7.75,6.25,6.65625,6,4,1,2,8,1870,1207,663,261,463,1407,6.28930609090909,6.6658077879039,5.60387992458522,5.5132183908046,6.10489200863931,6.3499910376688,152
"154",2017,4,5.449,10,5.5625,4.995,NA,3,5.72111111111111,8,2,0,1,9,1880,1215,665,261,464,1416,6.28483637765957,6.65854320987654,5.60204870676692,5.5132183908046,6.09820043103448,6.34599391949153,153
"155",2017,5,5.92105263157895,19,5.79411764705882,7,8,NA,5.92105263157895,17,2,1,0,19,1899,1232,667,262,464,1435,6.28119662453923,6.64661525974026,5.60624046476762,5.52270992366412,6.09820043103448,6.34036751916376,154
"156",2017,6,6.37142857142857,14,6.29090909090909,6.66666666666667,6.66666666666667,5.75,6.475,11,3,3,2,12,1913,1243,670,265,466,1447,6.2818569733403,6.64346741753822,5.61098864179105,5.53566037735849,6.09670600858369,6.34148402902557,155
"157",2017,7,6.17857142857143,14,6.7,4.875,6.25,NA,6.17857142857143,10,4,2,0,14,1927,1253,674,267,466,1461,6.28110658536585,6.64391859537111,5.60662075667656,5.54101123595506,6.09670600858369,6.33992292265572,156
"158",2017,8,6.22222222222222,9,6.125,7,NA,NA,6.22222222222222,8,1,0,0,9,1936,1261,675,267,466,1470,6.28083284607438,6.64062648691515,5.60868502222222,5.54101123595506,6.09670600858369,6.33920230612245,157
"159",2017,9,5.97647058823529,17,6.50909090909091,5,4.66666666666667,6.9,5.69230769230769,11,6,3,4,13,1953,1272,681,270,470,1483,6.27818350742448,6.63948899371069,5.60332215859031,5.5312962962963,6.10354255319149,6.3335316183412,158
"160",2017,10,5.75,6,7.25,5,6,NA,5.75,2,4,1,0,6,1959,1274,685,271,470,1489,6.27656579377233,6.64044740973313,5.59979910948905,5.5330258302583,6.10354255319149,6.33118024848892,159
"161",2017,11,6.50588235294118,17,6.7,6.2875,6.25,7.075,6.33076923076923,9,8,4,4,13,1976,1283,693,275,474,1502,6.27853865890688,6.64086515978176,5.60773793650794,5.54345454545455,6.11174050632911,6.33117669107856,160
"162",2017,12,6.21875,16,6.5,5.85714285714286,5.33333333333333,6,6.25,9,7,3,2,14,1992,1292,700,278,476,1516,6.27805842871486,6.63988390092879,5.61023198571429,5.54118705035971,6.11127100840336,6.33042703825858,161
"163",2018,1,6.078125,16,6.72727272727273,4.65,4,8.33333333333333,5.55769230769231,11,5,2,3,13,2008,1303,705,280,479,1529,6.27646533366534,6.64062164236378,5.60342182978724,5.53017857142857,6.1251878914405,6.32385702419882,162
"164",2018,2,6.17692307692308,13,6.3,5.5,5.5,5,6.275,11,2,2,1,12,2021,1314,707,282,480,1541,6.2758250321623,6.6377701674277,5.60312926449788,5.52996453900709,6.12284375,6.32347656716418,163
"165",2018,3,6.7,10,7,5.5,5,NA,6.7,8,2,1,0,10,2031,1322,709,283,480,1551,6.27791353520433,6.6399621785174,5.60283834978844,5.52809187279152,6.12284375,6.32590418439716,164
"166",2018,4,5.63636363636364,11,6,5,6,NA,5.63636363636364,7,4,3,0,11,2042,1329,713,286,480,1562,6.27445758570029,6.6365914221219,5.59945636746143,5.53304195804196,6.12284375,6.32104826504482,165
"167",2018,5,6.27333333333333,15,6.75833333333333,4.33333333333333,5,7.5,6.08461538461538,12,3,1,2,13,2057,1341,716,287,482,1575,6.27444938745746,6.63768083519761,5.59415138268157,5.53118466898955,6.12855809128631,6.31909675555556,166
"168",2018,6,6.59166666666667,12,7.11,4,5,7,6.55454545454545,10,2,1,1,11,2069,1351,718,288,483,1586,6.27628921701305,6.64117690599556,5.58971084958218,5.52934027777778,6.13036231884058,6.32072975409836,167
"169",2018,7,6.1,9,5.9875,7,NA,5,6.2375,8,1,0,1,8,2078,1359,719,288,484,1594,6.27552569297401,6.6373289183223,5.59167230876217,5.52934027777778,6.12802685950413,6.32031203889586,168
"170",2018,8,7.04090909090909,11,8.10714285714286,5.175,6,NA,7.04090909090909,7,4,2,0,11,2089,1366,723,290,484,1605,6.27955595500239,6.64486090775988,5.58936706777317,5.53258620689655,6.12802685950413,6.32525071028038,169
"171",2018,9,5.85,10,5.8125,6,6,NA,5.85,8,2,1,0,10,2099,1374,725,291,484,1615,6.27750947594093,6.64001455604076,5.59049984827586,5.53419243986254,6.12802685950413,6.32230798142415,170
"172",2018,10,6.5,4,6.66666666666667,6,NA,6,6.66666666666667,3,1,0,1,3,2103,1377,726,291,485,1618,6.27793266286258,6.64007262164125,5.59106389807163,5.53419243986254,6.12776288659794,6.32294647095179,171
"173",2018,11,6.19,10,6.31666666666667,6,6,5.66666666666667,6.41428571428571,6,4,3,3,7,2113,1383,730,294,488,1625,6.27751651206815,6.63866955892986,5.59330464383562,5.53894557823129,6.12492827868852,6.32333993230769,172
"174",2018,12,5.92307692307692,13,6.3125,5.3,5.125,4,6.08333333333333,8,5,4,1,12,2126,1391,735,298,489,1637,6.27534919567263,6.6367936736161,5.59130937414966,5.53338926174497,6.12058282208589,6.3215805681124,173
"175",2019,1,6.67692307692308,13,7.03,5.5,NA,8,6.56666666666667,10,3,0,1,12,2139,1401,738,298,490,1649,6.27778980364656,6.63960028551035,5.59093819783198,5.53338926174497,6.12441836734694,6.32336409338993,174
"176",2019,2,5.93846153846154,13,6.35555555555556,5,5.66666666666667,7,5.85,9,4,3,1,12,2152,1410,742,301,491,1661,6.27573995817844,6.63778723404255,5.58775254716981,5.53471760797342,6.1262016293279,6.31994424443107,175
"177",2019,3,6.03846153846154,13,5.94444444444444,6.25,7,7,5.86363636363636,9,4,2,2,11,2165,1419,746,303,493,1672,6.27431519168591,6.63338971106413,5.59130347184987,5.54438943894389,6.12974645030426,6.31694221889952,176
"178",2019,4,6.45757545454545,11,6.83703666666667,4.75,NA,7.5,6.22592555555556,9,2,0,2,9,2176,1428,748,303,495,1681,6.27524159926471,6.63467320028011,5.58905399732621,5.54438943894389,6.13528282828283,6.31645491969066,177
"179",2019,5,5.15,10,5.3125,4.5,NA,5,5.21428571428571,8,2,0,3,7,2186,1436,750,303,498,1688,6.27009410795974,6.62730733286908,5.58614985333334,5.54438943894389,6.1284437751004,6.31188431279621,178
"180",2019,6,6.28571428571429,7,6.66666666666667,4,NA,6,6.4,6,1,0,2,5,2193,1442,751,303,500,1693,6.27014396716826,6.62747110263523,5.58403780292943,5.54438943894389,6.12793,6.3121445481394,179
"181",2019,7,6.90375,16,7.16909090909091,6.32,6,6.75,6.92571428571429,11,5,2,2,14,2209,1453,756,305,502,1707,6.27473323675871,6.63157145905024,5.58890527777778,5.54737704918033,6.13040836653386,6.31717675454013,180
"182",2019,8,6.46428571428571,14,6.54166666666667,6,6,6.33333333333333,6.5,12,2,2,3,11,2223,1465,758,307,505,1718,6.27592699955016,6.63083503754266,5.58998996042217,5.55032573289902,6.13161386138614,6.31834733410943,181
"183",2019,9,6.46923076923077,13,6.41,6.66666666666667,7,5.66666666666667,6.71,10,3,2,3,10,2236,1475,761,309,508,1728,6.27705085867621,6.62933785084746,5.5942344152431,5.55970873786408,6.12886811023622,6.32061384259259,182
"184",2019,10,6.06057142857143,7,6.23733333333333,5,5,6.462,5.9,6,1,1,2,5,2243,1481,762,310,510,1733,6.27637526526973,6.62774971640783,5.5934545800525,5.55790322580645,6.13017450980392,6.3194003000577,183
"185",2019,11,6.23674384615385,13,6.557767,5.16666666666667,5,NA,6.23674384615385,10,3,2,0,13,2256,1491,765,312,510,1746,6.2761468927305,6.62728034875922,5.59178090196079,5.55432692307692,6.13017450980392,6.31878487399771,184
"186",2019,12,5.78125,8,6.45,4.66666666666667,4,5,5.89285714285714,5,3,2,1,7,2264,1496,768,314,511,1753,6.27439814045936,6.6266878342246,5.58816717447917,5.54442675159236,6.12796281800391,6.31708407872219,185
"187",2020,1,6.85022727272727,11,7.4815625,5.16666666666667,6,6.75,6.8725,8,3,2,2,9,2275,1504,771,316,513,1762,6.27718236923077,6.63123503989362,5.58652709468223,5.54731012658228,6.13038791423002,6.31992104994325,186
"188",2020,2,4.71428571428571,7,4.5,5,6,NA,4.71428571428571,4,3,2,0,7,2282,1508,774,318,513,1769,6.27238820771253,6.62558189655173,5.58425373385013,5.5501572327044,6.13038791423002,6.31356749010741,187
"189",2020,3,5.95833333333333,12,6.28571428571429,5.5,6,6,5.95454545454545,7,5,2,1,11,2294,1515,779,320,514,1780,6.27074537489102,6.62401155115512,5.58371295250321,5.55296875,6.13013424124514,6.31134881460674,188
"190",2020,4,6.35,4,6.25,6.45,NA,6.13333333333333,7,2,2,0,3,1,2298,1517,781,320,517,1781,6.27088332898172,6.62351845748188,5.58593135723432,5.55296875,6.13015280464217,6.31173548006738,189
"191",2020,5,4.58333333333333,6,6,3.16666666666667,NA,1,5.3,3,3,0,1,5,2304,1520,784,320,518,1786,6.26648866753472,6.62228782894737,5.57667396683674,5.55296875,6.12024903474903,6.30890307390818,190
"192",2020,6,7.35714285714286,7,8.875,5.33333333333333,6,NA,7.35714285714286,4,3,2,0,7,2311,1524,787,322,518,1793,6.26979225010818,6.62820045931759,5.57574636594664,5.55574534161491,6.12024903474903,6.31299547685444,191
"193",2020,7,6,9,6.75,5.4,5.5,4,6.57142857142857,4,5,2,2,7,2320,1528,792,324,520,1800,6.26874564224138,6.62851930628273,5.57463685606061,5.5554012345679,6.11209423076923,6.31400049444445,192
"194",2020,8,6.13636363636364,11,6.1,6.16666666666667,5.66666666666667,4,6.35,5,6,3,1,10,2331,1533,798,327,521,1810,6.26812093093093,6.62679549902153,5.57908820802005,5.55642201834862,6.10804030710173,6.31419938674033,193
"195",2020,9,6.27777777777778,9,6.57142857142857,5.25,NA,5.83333333333333,6.5,7,2,0,3,6,2340,1540,800,327,524,1816,6.26815807264957,6.62654383116883,5.5782654875,5.55642201834862,6.10646755725191,6.3148132654185,194
"196",2020,10,5.652,5,5.42,6,4,5,5.815,3,2,1,1,4,2345,1543,802,328,525,1820,6.26684430277186,6.62419799092677,5.57931719451372,5.55167682926829,6.10436,6.31371477472528,195
"197",2020,11,6.25,10,6.8125,4,NA,7,6.16666666666667,8,2,0,1,9,2355,1551,804,328,526,1829,6.26677277707007,6.62516924564797,5.57538854477612,5.55167682926829,6.10606273764258,6.31299119190815,196
"198",2020,12,7.27272727272727,11,7.33333333333333,7,NA,NA,7.27272727272727,9,2,0,0,11,2366,1560,806,328,526,1840,6.27144965765005,6.62925480769231,5.57892356079405,5.55167682926829,6.10606273764258,6.31872874456522,197
"199",2021,1,6.69,20,6.68333333333333,6.71,6,7.41666666666667,6.56176470588235,15,5,2,3,17,2386,1575,811,330,529,1857,6.27495804274937,6.62976984126984,5.58589690505549,5.55439393939394,6.11349527410208,6.32095362950996,198
"200",2021,2,5.90909090909091,11,6.11111111111111,5,NA,6,5.9,9,2,0,1,10,2397,1584,813,330,530,1867,6.2732790529829,6.62682291666667,5.58445558425585,5.55439393939394,6.11328113207547,6.31869892340654,199
"201",2021,3,5.75,10,5.75,5.75,5,5,5.83333333333333,6,4,1,1,9,2407,1590,817,331,531,1876,6.27110506439552,6.6235141509434,5.58526608323134,5.55271903323263,6.11118455743879,6.31637041044776,200
"202",2021,4,4.7,5,5.83333333333333,3,3,3.5,5.5,3,2,1,2,3,2412,1593,819,332,533,1879,6.26784821310116,6.62202605147521,5.57895285714286,5.54503012048193,6.10138649155722,6.31506699840341,201
"203",2021,5,6.4,5,6.66666666666667,6,NA,8,6,3,2,0,1,4,2417,1596,821,332,534,1883,6.26812159288374,6.62210996240602,5.57997855054812,5.54503012048193,6.10494194756554,6.31439771109931,202
"204",2021,6,6.27272727272727,11,8.4,4.5,4.5,3,7,5,6,4,2,9,2428,1601,827,336,536,1892,6.26814245881384,6.62766239850094,5.57214315598549,5.53258928571428,6.09335634328358,6.31765903276956,203
"205",2021,7,6.0625,8,6.375,5.75,NA,NA,6.0625,4,4,0,0,8,2436,1605,831,336,536,1900,6.26746711412151,6.62703271028038,5.57299926594465,5.53258928571428,6.09335634328358,6.31658467894737,204
"206",2021,8,7.25,8,7.66666666666667,6,6,6,7.42857142857143,6,2,2,1,7,2444,1611,833,338,537,1907,6.27068326104746,6.63090471756673,5.57402447779112,5.5353550295858,6.09318249534451,6.32066643418983,205
"207",2021,9,6.5,6,7.2,3,NA,6.66666666666667,6.33333333333333,5,1,0,3,3,2450,1616,834,338,540,1910,6.27124485306123,6.63266553217822,5.570938117506,5.5353550295858,6.09636851851852,6.32068632984293,206
"208",2021,10,5.4,5,5.16666666666667,5.75,5,NA,5.4,3,2,1,0,5,2455,1619,836,339,540,1915,6.26947042362526,6.6299490426189,5.57136649521531,5.53377581120944,6.09636851851852,6.31828244908616,207
"209",2021,11,6.375,8,6.33333333333333,6.5,NA,NA,6.375,6,2,0,0,8,2463,1625,838,339,540,1923,6.26981319123021,6.62885384615385,5.57358280429595,5.53377581120944,6.09636851851852,6.31851840353614,208
"210",2021,12,6.26571428571429,14,6.812,4.9,2.6,NA,6.26571428571429,10,4,1,0,14,2477,1635,842,340,540,1937,6.26979002422285,6.62997400611621,5.57038288598575,5.52514705882353,6.09636851851852,6.31813675271038,209
"211",2022,1,6.43888888888889,18,6.32666666666667,7,6,6.7,6.40625,15,3,1,2,16,2495,1650,845,341,542,1953,6.27100997595191,6.62721666666667,5.57545844970415,5.52653958944281,6.09859594095941,6.31885862263185,210
"212",2022,2,6,13,5.875,6.2,5.33333333333333,5.5,6.09090909090909,8,5,3,2,11,2508,1658,850,344,544,1964,6.26960521929825,6.62358715319663,5.57913222352941,5.52485465116279,6.09639522058824,6.31758191955194,211
"213",2022,3,6,5,6.66666666666667,5,5,7,5.75,3,2,2,1,4,2513,1661,852,346,545,1968,6.26906879824911,6.62366496086695,5.57777275821597,5.52182080924855,6.09805321100917,6.31642829776423,212
"214",2022,4,6,8,6,6,5,NA,6,6,2,1,0,8,2521,1667,854,347,545,1976,6.2682149504165,6.62142021595681,5.57876158079626,5.52031700288184,6.09805321100917,6.31514721153846,213
"215",2022,5,6.67272727272727,11,6.64,7,NA,4,6.94,10,1,0,1,10,2532,1677,855,347,546,1986,6.26997231042654,6.62153100775194,5.58042384795322,5.52031700288184,6.09421062271062,6.31829349949648,214
"216",2022,6,6.54285714285714,7,6.36,7,7,5.9,6.8,5,2,2,2,5,2539,1682,857,349,548,1991,6.27072465143758,6.62075356718193,5.58373674445741,5.52879656160458,6.09350182481752,6.31950320944249,215
"217",2022,7,6.49909090909091,11,6.5,6.49666666666667,4.745,8,6.349,8,3,2,1,10,2550,1690,860,351,549,2001,6.27170976078432,6.62018195266272,5.58692138372093,5.52433048433048,6.09697449908925,6.31965061969016,216
"218",2022,8,6.48461538461538,13,6.54545454545455,6.15,NA,6.25,6.58888888888889,11,2,0,4,9,2563,1701,862,351,553,2010,6.27278965665236,6.61969870664315,5.58822783062645,5.52433048433048,6.09808137432188,6.32085616417911,217
"219",2022,9,7.33333333333333,3,7.33333333333333,NA,NA,NA,7.33333333333333,3,0,0,0,3,2566,1704,862,351,553,2013,6.27402957521434,6.62095510563381,5.58822783062645,5.52433048433048,6.09808137432188,6.32236507203179,218
"220",2022,10,6.95133333333333,9,7.15171428571429,6.25,6.5,6,7.07025,7,2,1,1,8,2575,1711,864,352,554,2021,6.27639685048544,6.62312653419053,5.58975971064815,5.52710227272727,6.09790433212996,6.32532552696685,219
"221",2022,11,6.58076923076923,13,6.93,5.41666666666667,6.25,6.5,6.605,10,3,1,3,10,2588,1721,867,353,557,2031,6.27792576893354,6.62490964555491,5.5891607727797,5.52915014164306,6.10007001795332,6.32670255539143,220
"222",2022,12,6.16666666666667,12,6.5,5.5,NA,NA,6.16666666666667,8,4,0,0,12,2600,1729,871,353,557,2043,6.27741226538462,6.62433169462117,5.58875130884042,5.52915014164306,6.10007001795332,6.32576255017132,221
