"","year","month","avg_rating","no_ratings","avg_rating_owned","avg_rating_not_owned","avg_rating_prev_owned","avg_rating_comment","avg_rating_no_comment","no_ratings_owned","no_ratings_not_owned","no_ratings_prev_owned","no_ratings_comment","no_ratings_no_comment","cum_no_ratings","cum_no_ratings_owned","cum_no_ratings_not_owned","cum_no_ratings_prev_owned","cum_no_ratings_comment","cum_no_ratings_no_comment","cum_avg_rating","cum_avg_rating_owned","cum_avg_rating_not_owned","cum_avg_rating_prev_owned","cum_avg_rating_comment","cum_avg_rating_no_comment","month_after_release"
"1",2011,9,9,1,NA,9,NA,NA,9,0,1,0,0,1,1,0,1,0,0,1,9,NA,9,NA,NA,9,-10
"2",2011,10,10,1,NA,10,NA,NA,10,0,1,0,0,1,2,0,2,0,0,2,9.5,NA,9.5,NA,NA,9.5,-9
"3",2012,1,9,1,NA,9,NA,NA,9,0,1,0,0,1,3,0,3,0,0,3,9.33333333333333,NA,9.33333333333333,NA,NA,9.33333333333333,-6
"4",2012,6,9,2,8,10,NA,8,10,1,1,0,1,1,5,1,4,0,1,4,9.2,8,9.5,NA,8,9.5,-1
"5",2012,7,8.60808080808081,99,9.04098360655738,7.91315789473684,8.36666666666667,8.348,8.69594594594595,61,38,15,25,74,104,62,42,15,26,78,8.63653846153846,9.0241935483871,8.06428571428571,8.36666666666667,8.33461538461539,8.73717948717949,0
"6",2012,8,8.4506906779661,236,8.85100617283951,7.57432432432432,7.8,8.10025490196078,8.5472972972973,162,74,28,51,185,340,224,116,43,77,263,8.50753823529412,8.89894196428572,7.75172413793103,7.99767441860465,8.17938961038961,8.60361216730038,1
"7",2012,9,7.93644578313253,166,8.41377551020408,7.24852941176471,8.3,7.92857142857143,7.93854961832061,98,68,13,35,131,506,322,184,56,112,394,8.32018379446641,8.75128260869565,7.56576086956522,8.06785714285714,8.10100892857143,8.38248730964467,2
"8",2012,10,7.98511904761905,168,8.55224719101124,7.34620253164557,7.17307692307692,7.69666666666667,8.04782608695652,89,79,26,30,138,674,411,263,82,142,532,8.23666617210683,8.70818248175183,7.49980988593156,7.78414634146341,8.01558450704225,8.29567669172932,3
"9",2012,11,8.06550802139038,187,8.54912280701754,7.31027397260274,7.5625,8.540625,7.96741935483871,114,73,16,32,155,861,525,336,98,174,687,8.19949245063879,8.67364380952381,7.45863095238095,7.74795918367347,8.11214367816092,8.22161572052402,4
"10",2012,12,8.0883152173913,184,8.52966101694915,7.29924242424242,7.16666666666667,7.58939393939394,8.19735099337748,118,66,15,33,151,1045,643,402,113,207,838,8.17991674641148,8.64722083981338,7.43246268656716,7.67079646017699,8.02880676328502,8.21724343675418,5
"11",2013,1,7.86884615384615,260,8.243125,7.27,7.65806451612903,7.66666666666667,7.91116279069767,160,100,31,45,215,1305,803,502,144,252,1053,8.11794099616858,8.56670361145704,7.40009960159363,7.66805555555556,7.96413888888889,8.15474833808167,6
"12",2013,2,7.79025641025641,195,8.41308411214953,7.03295454545455,7.686,7.72916666666667,7.80408805031447,107,88,25,36,159,1500,910,590,169,288,1212,8.075342,8.54864065934066,7.34533898305085,7.6707100591716,7.93476736111111,8.10874587458746,7
"13",2013,3,7.67530120481928,166,8.24789473684211,6.90915492957746,7.43181818181818,8,7.62307692307692,95,71,22,23,143,1666,1005,661,191,311,1355,8.03548199279712,8.52021194029851,7.29848714069592,7.64319371727749,7.93959163987138,8.05749077490775,8
"14",2013,4,7.85057142857143,175,8.24306930693069,7.31486486486487,7.925,7.48809523809524,7.9,101,74,20,21,154,1841,1106,735,211,332,1509,8.01790494296578,8.49490325497287,7.30013605442177,7.66990521327014,7.91103313253012,8.04141815772035,9
"15",2013,5,7.41208053691275,149,7.98369565217391,6.48947368421053,6.66666666666667,7.56538461538462,7.37967479674797,92,57,15,26,123,1990,1198,792,226,358,1632,7.97254422110553,8.45564524207012,7.24179292929293,7.6033185840708,7.88593016759776,7.99154411764706,10
"16",2013,6,7.64328859060403,149,7.94939024390244,7.26865671641791,7.98275862068965,7.152,7.74233870967742,82,67,29,25,124,2139,1280,859,255,383,1756,7.94960869565217,8.42321328125,7.24388824214203,7.6464705882353,7.83802349869452,7.97394646924829,11
"17",2013,7,7.71421827411168,197,8.17315740740741,7.15730337078652,7.19166666666667,7.90629166666667,7.68757225433526,108,89,30,24,173,2336,1388,948,285,407,1929,7.92975770547945,8.40375648414986,7.23575949367089,7.59859649122807,7.84204914004914,7.94826334888543,12
"18",2013,8,7.86977401129943,177,8.23095238095238,7.34305555555556,7.34090909090909,7.52833333333333,7.93945578231293,105,72,22,30,147,2513,1493,1020,307,437,2076,7.9255328292877,8.3916034829203,7.24333333333333,7.58013029315961,7.82051258581236,7.94763969171484,13
"19",2013,9,7.83828125,192,8.32304347826087,7.11428571428571,7.47222222222222,7.47758620689655,7.90245398773006,115,77,18,29,163,2705,1608,1097,325,466,2239,7.91933974121996,8.38670024875622,7.23427529626253,7.57415384615385,7.79917167381974,7.94435015631979,14
"20",2013,10,7.75502512562814,199,8.27990196078431,7.20309278350515,7.09342105263158,7.73965517241379,7.75764705882353,102,97,38,29,170,2904,1710,1194,363,495,2409,7.90807988980716,8.3803298245614,7.23174204355109,7.52382920110193,7.79568484848485,7.93117476131175,15
"21",2013,11,7.65218579234973,183,8.18883495145631,6.96125,7.06481481481481,7.964,7.60284810126582,103,80,27,25,158,3087,1813,1274,390,520,2567,7.89291026886945,8.36945063430778,7.21475667189953,7.49205128205128,7.80377692307692,7.91096610829762,16
"22",2013,12,7.92341040462428,173,8.25102040816327,7.49533333333333,7.61458333333333,7.61034482758621,7.98645833333333,98,75,24,29,144,3260,1911,1349,414,549,2711,7.89452883435583,8.36337728937729,7.23035581912528,7.49915458937198,7.7935591985428,7.91497602360753,17
"23",2014,1,7.75622641509434,265,8.30679012345679,6.89029126213592,7.15606060606061,7.40740740740741,7.79579831932773,162,103,33,27,238,3525,2073,1452,447,576,2949,7.88413163120567,8.35895513748191,7.20623278236915,7.47382550335571,7.77545833333333,7.90535774838929,18
"24",2014,2,7.98143617021277,188,8.28655462184874,7.45521739130435,7,7.52413793103448,8.0648427672956,119,69,13,29,159,3713,2192,1521,460,605,3108,7.8890584433073,8.35502463503649,7.21752794214333,7.4604347826087,7.76341157024793,7.91351673101673,19
"25",2014,3,7.80378378378378,185,8.21941747572816,7.28170731707317,7.18571428571429,7.632,7.830625,103,82,28,25,160,3898,2295,1603,488,630,3268,7.88501128783992,8.3489385620915,7.2208109794136,7.44467213114754,7.75819682539683,7.90945838433293,20
"26",2014,4,7.66011560693642,173,8.20736842105263,6.99358974358974,7.11111111111111,7.64166666666667,7.66308724832215,95,78,27,24,149,4071,2390,1681,515,654,3417,7.87545418816016,8.34331129707113,7.21026769779893,7.42718446601942,7.75392048929664,7.89871524729295,21
"27",2014,5,7.73809523809524,147,8.20268817204301,6.93796296296296,6.72894736842105,7.26388888888889,7.80426356589147,93,54,19,18,129,4218,2483,1735,534,672,3546,7.87066714082504,8.33804430124849,7.20179250720461,7.40234082397004,7.74079464285714,7.89527918781726,22
"28",2014,6,7.86543624161074,149,8.32202380952381,7.27538461538462,7.77777777777778,7.56,7.92701612903226,84,65,18,25,124,4367,2567,1800,552,697,3670,7.87048866498741,8.33752006232957,7.20445,7.41458333333333,7.73430989956958,7.8963514986376,23
"29",2014,7,7.87993827160494,162,8.21237113402062,7.38384615384615,7.52954545454545,7.23076923076923,8.00404411764706,97,65,22,26,136,4529,2664,1865,574,723,3806,7.87082667255465,8.33296321321321,7.21070241286863,7.41898954703833,7.71620193637621,7.90019968470836,24
"30",2014,8,7.52239263803681,163,8.05670103092783,6.73712121212121,6.4375,6.37037037037037,7.75110294117647,97,66,32,27,136,4692,2761,1931,606,750,3942,7.8587220801364,8.32325751539297,7.19451579492491,7.36716171617162,7.667752,7.89505580923389,25
"31",2014,9,7.70240963855422,166,8.12448979591837,7.09411764705882,7.5125,7.14285714285714,7.81594202898551,98,68,24,28,138,4858,2859,1999,630,778,4080,7.85338081515027,8.31644421126268,7.19110055027514,7.37269841269841,7.64886118251928,7.89237990196079,26
"32",2014,10,7.73770491803279,183,8.17990654205608,7.11513157894737,7.33333333333333,8.05645161290323,7.67269736842105,107,76,30,31,152,5041,2966,2075,660,809,4232,7.84918151160484,8.31151854349292,7.18831807228916,7.37090909090909,7.66447960444994,7.88448960302458,27
"33",2014,11,7.67660714285714,196,8.12033653846154,7.175,7.21428571428571,7.23793103448276,7.75278443113772,104,92,28,29,167,5237,3070,2167,688,838,4399,7.84272274202788,8.30504201954397,7.18775265343793,7.36453488372093,7.6497183770883,7.87948965674017,28
"34",2014,12,7.80333333333333,225,8.1437037037037,7.29277777777778,7.02631578947368,7.84193548387097,7.79716494845361,135,90,19,31,194,5462,3205,2257,707,869,4593,7.8411001464665,8.29824617784711,7.19194062915374,7.35544554455446,7.65657537399309,7.87601241018942,29
"35",2015,1,7.675,286,8.0703821656051,7.1937984496124,7.312,7.6,7.68411764705882,157,129,50,31,255,5748,3362,2386,757,900,4848,7.83283559498956,8.28760529446758,7.1920410729254,7.35257595772788,7.65462666666667,7.86591893564356,30
"36",2015,2,7.52899497487437,199,8.10405405405405,6.80363636363636,6.475,7.29166666666667,7.56154285714286,111,88,20,24,175,5947,3473,2474,777,924,5023,7.82266840423743,8.28173884249928,7.17822554567502,7.32998712998713,7.64519913419913,7.85531455305594,31
"37",2015,3,7.72244285714286,210,7.99801587301587,7.30908333333333,7.2828,7.245,7.82122413793103,126,84,25,36,174,6157,3599,2558,802,960,5197,7.81924995939581,8.27180577938316,7.18252267396403,7.32851620947631,7.63019166666667,7.85417317683279,32
"38",2015,4,7.6565625,160,8.15,6.95378787878788,7.01739130434783,8.13809523809524,7.58381294964029,94,66,23,21,139,6317,3693,2624,825,981,5336,7.81512933354441,8.26870538857297,7.17676943597561,7.31984242424243,7.64106422018349,7.84713043478261,33
"39",2015,5,7.76138686131387,137,8.14230769230769,7.25779661016949,7.435,7.15384615384615,7.82508064516129,78,59,26,13,124,6454,3771,2683,851,994,5460,7.81398853424233,8.26609095730575,7.17855124860231,7.32336075205641,7.6346921529175,7.84662967032967,34
"40",2015,6,7.53337423312883,163,8.07865168539326,6.87756756756757,6.83423076923077,7.24814814814815,7.59,89,74,26,27,136,6617,3860,2757,877,1021,5596,7.8070760163216,8.26176917098445,7.17047261516141,7.30885974914481,7.62447012732615,7.84039278055754,35
"41",2015,7,7.42290076335878,131,7.82054794520548,6.92241379310345,6.72222222222222,6.6875,7.52521739130435,73,58,18,16,115,6748,3933,2815,895,1037,5711,7.7996179608773,8.25357971014492,7.16536163410302,7.29706145251397,7.61001350048216,7.83404622658028,36
"42",2015,8,7.58954545454545,176,8.12107843137255,6.85689189189189,7.04814814814815,7.445,7.60807692307692,102,74,27,20,156,6924,4035,2889,922,1057,5867,7.79427816291161,8.2502302354399,7.15746036690896,7.28977223427332,7.60689120151372,7.82803783875916,37
"43",2015,9,7.47516556291391,151,8.0462962962963,6.81428571428571,6.648,7.14210526315789,7.52310606060606,81,70,25,19,132,7075,4116,2959,947,1076,5999,7.7874674204947,8.24621695821185,7.14934200743494,7.27282998944034,7.59868401486989,7.82132822137023,38
"44",2015,10,7.67619047619048,189,7.96885245901639,7.14328358208955,7.13793103448276,7.94117647058824,7.61806451612903,122,67,29,34,155,7264,4238,3026,976,1110,6154,7.78457213656388,8.23823242095328,7.14920786516854,7.26882172131148,7.60917477477477,7.81620864478388,39
"45",2015,11,7.43333333333333,198,7.93669724770642,6.81685393258427,6.85714285714286,7.05263157894737,7.47374301675978,109,89,28,19,179,7462,4347,3115,1004,1129,6333,7.77525221120343,8.23067149758454,7.13971203852327,7.2573406374502,7.599808680248,7.80652897520922,40
"46",2015,12,7.46787709497207,179,7.93198198198198,6.71029411764706,6.625,7.27837837837838,7.51725352112676,111,68,20,37,142,7641,4458,3183,1024,1166,6475,7.76805156393142,8.22323441004935,7.13053817153629,7.244990234375,7.5896089193825,7.80018501930502,41
"47",2016,1,7.48559027777778,288,7.89792899408284,6.9,6.69444444444444,7.34210526315789,7.5074,169,119,36,38,250,7929,4627,3302,1060,1204,6725,7.75779190314037,8.21135271234061,7.12222986069049,7.22629245283019,7.58179734219269,7.78930081784387,42
"48",2016,2,7.55294117647059,153,8.05652173913044,6.79344262295082,6.91764705882353,6.71764705882353,7.65735294117647,92,61,17,17,136,8082,4719,3363,1077,1221,6861,7.7539138827023,8.20833418097054,7.11626613143027,7.22142061281337,7.56976576576576,7.78668532283924,43
"49",2016,3,7.56077844311377,167,7.85384615384615,7.20986842105263,7.51333333333333,7.23409090909091,7.61034482758621,91,76,30,22,145,8249,4810,3439,1107,1243,7006,7.75000387925809,8.20162765072765,7.11833469031695,7.2293315266486,7.56382461786001,7.78303568369969,44
"50",2016,4,7.90526422764228,246,8.22760869565217,7.29470588235294,7.25925925925926,8.01515151515152,7.88823943661972,161,85,27,33,213,8495,4971,3524,1134,1276,7219,7.75449994114185,8.20246912090122,7.12258881952327,7.23004409171076,7.57549686520376,7.78613977005125,45
"51",2016,5,7.8766,250,8.23473053892216,7.15602409638554,7.28387096774194,7.86973684210526,7.87783018867925,167,83,31,38,212,8745,5138,3607,1165,1314,7431,7.75799050886221,8.20351771117166,7.12335819240366,7.23147639484979,7.58400608828006,7.78875561835554,46
"52",2016,6,8.07609561752988,251,8.47309941520468,7.2275,7.56818181818182,8.06666666666667,8.07767441860465,171,80,22,36,215,8996,5309,3687,1187,1350,7646,7.76686605157848,8.21220079110943,7.12561784648766,7.23771693344566,7.59687703703703,7.79687980643474,47
"53",2016,7,7.75770491803279,244,8.15523489932886,7.13421052631579,7.07361111111111,7.275,7.82027777777778,149,95,36,28,216,9240,5458,3782,1223,1378,7862,7.76662413419914,8.21064565775009,7.12583368588049,7.23288634505315,7.59033671988389,7.79752264054948,48
"54",2016,8,7.81303703703704,270,8.09640718562874,7.35359223300971,7.29756097560976,7.87142857142857,7.80434042553192,167,103,41,35,235,9510,5625,3885,1264,1413,8097,7.76794185068349,8.20725404444444,7.13187207207207,7.23498417721519,7.59729936305732,7.79772051377053,49
"55",2016,9,7.75872586872587,259,8.18269938650307,7.03885416666667,6.95382352941176,8.28318181818182,7.71004219409283,163,96,34,22,237,9769,5788,3981,1298,1435,8334,7.76769751253967,8.20656254319281,7.12962898769153,7.22761941448382,7.60781463414634,7.79522714182865,50
"56",2016,10,7.8085037037037,270,8.23602325581395,7.05816326530612,7.22105263157895,7.96944444444444,7.78374358974359,172,98,38,36,234,10039,5960,4079,1336,1471,8568,7.76879499950194,8.20741275167785,7.12791198823241,7.22743263473054,7.61666485384092,7.79491351540616,51
"57",2016,11,7.66592452830189,265,8.03652694610778,7.03438775510204,7.15882352941177,7.95531914893617,7.60353211009174,167,98,34,47,218,10304,6127,4177,1370,1518,8786,7.76614935947205,8.20275501876937,7.12571774000479,7.2257299270073,7.62715019762846,7.79016492146597,52
"58",2016,12,7.69420600858369,233,7.98366013071895,7.140625,7.09523809523809,7.24666666666667,7.76034482758621,153,80,21,30,203,10537,6280,4257,1391,1548,8989,7.76455850811427,8.19741719745222,7.12599788583509,7.22375988497484,7.61977648578811,7.7894914895984,53
"59",2017,1,7.76718181818182,330,8.1413679245283,7.09491525423729,7.11428571428571,7.97435897435897,7.73941580756014,212,118,42,39,291,10867,6492,4375,1433,1587,9280,7.76463817060826,8.19558687615526,7.12515954285714,7.22055129099791,7.62849023314429,7.78792122844828,54
"60",2017,2,7.75737642585551,263,8.17420382165605,7.14,7.12222222222222,7.74285714285714,7.7596052631579,157,106,36,35,228,11130,6649,4481,1469,1622,9508,7.76446657681941,8.19508196721311,7.12551060031243,7.21814159292035,7.63095807644883,7.78724221708035,55
"61",2017,3,7.72767790262172,267,8.11242424242424,7.10529411764706,6.60515151515152,7.04363636363636,7.8241452991453,165,102,33,33,234,11397,6814,4583,1502,1655,9742,7.76360472054049,8.19308042265923,7.12506065895701,7.20467376830892,7.61924712990936,7.78812861835352,56
"62",2017,4,7.92326007326007,273,8.345625,7.32522123893805,7.34285714285714,7.81111111111111,7.93556910569106,160,113,35,27,246,11670,6974,4696,1537,1682,9988,7.76733958868895,8.19658015486091,7.12987712947189,7.20782042940794,7.62232699167657,7.79176001201442,57
"63",2017,5,7.83874476987448,239,8.25106666666667,7.1438202247191,6.92142857142857,7.22380952380952,7.89798165137615,150,89,28,21,218,11909,7124,4785,1565,1703,10206,7.76877260895122,8.19772740033689,7.13013646812957,7.202696485623,7.61741280093952,7.79402890456594,58
"64",2017,6,7.76572769953052,213,7.91231884057971,7.496,7.71,7.92222222222222,7.74301075268817,138,75,30,27,186,12122,7262,4860,1595,1730,10392,7.76871910575813,8.19230377306527,7.13578251028807,7.2122382445141,7.62216994219653,7.79311576212471,59
"65",2017,7,7.605,190,8.1853982300885,6.75324675324675,6.725,7.3047619047619,7.64230769230769,113,77,20,21,169,12312,7375,4937,1615,1751,10561,7.76619257634828,8.19219796610169,7.12981628519344,7.20620433436532,7.61836322101656,7.79070249029448,60
"66",2017,8,7.79105504587156,218,8.07148148148148,7.33493975903614,7.09032258064516,7.23863636363636,7.8530612244898,135,83,31,22,196,12530,7510,5020,1646,1773,10757,7.76662513966481,8.19002796271637,7.1332077689243,7.20402187120291,7.61365143824027,7.79183870967742,61
"67",2017,9,7.52936936936937,222,7.98374045801527,6.87527472527472,6.55344827586207,7.99565217391304,7.47547738693467,131,91,29,23,199,12752,7641,5111,1675,1796,10956,7.76249474592221,8.18649129695066,7.1286153394639,7.19275820895522,7.6185434298441,7.7860924607521,62
"68",2017,10,7.56038167938931,262,8.12839506172839,6.6402,6.70689655172414,7.25,7.60666666666667,162,100,29,34,228,13014,7803,5211,1704,1830,11184,7.75842577224528,8.18528514673843,7.11924256380733,7.18448943661972,7.61169617486339,7.78243463876967,63
"69",2017,11,7.50474169741697,271,7.90284810126582,6.94809734513274,6.97228571428571,7.29553571428571,7.52884773662551,158,113,35,28,243,13285,7961,5324,1739,1858,11427,7.75325088445616,8.17967968848134,7.11561006761833,7.18021851638873,7.60693164693218,7.77704200577579,64
"70",2017,12,7.68169117647059,272,7.99833333333333,7.11948979591837,7.146875,7.37931034482759,7.71777777777778,174,98,32,29,243,13557,8135,5422,1771,1887,11670,7.75181515084458,8.17580086047941,7.11568019181114,7.17961603613777,7.60343349231584,7.77580796915167,65
"71",2018,1,7.75774709497207,358,8.19411483253588,7.14566080536913,6.715,7.59111111111111,7.78170434504792,209,149,50,45,313,13915,8344,5571,1821,1932,11983,7.75196776572045,8.17625958772771,7.11648204272123,7.16685886875343,7.60314648033126,7.77596198447801,66
"72",2018,2,7.44405511811024,254,7.92774193548387,6.68676767676768,6.6537037037037,7.75294117647059,7.39631818181818,155,99,27,34,220,14169,8499,5670,1848,1966,12203,7.7464479822147,8.17172726203083,7.10897909347443,7.15936147186147,7.60573702950152,7.7691176317299,67
"73",2018,3,7.67416995098039,204,8.10738626984127,6.97435897435897,6.84285714285714,7.73875,7.66715038043478,126,78,21,20,184,14373,8625,5748,1869,1986,12387,7.74542211994712,8.17078732405797,7.10715230688935,7.15580524344569,7.60707653575025,7.76760298135142,68
"74",2018,4,7.68965517241379,232,8.22587412587413,6.82808988764045,7.12727272727273,7.36206896551724,7.73645320197044,143,89,33,29,203,14605,8768,5837,1902,2015,12590,7.74453626360835,8.17168575159671,7.1028972862772,7.15531019978969,7.60355037220843,7.76710072517871,69
"75",2018,5,7.50412454545455,198,8.0918055,6.6,6.59615384615385,7.19047619047619,7.54133706214689,120,78,26,21,177,14803,8888,5915,1928,2036,12767,7.74132059650071,8.17060726035103,7.0962656737109,7.14776970954357,7.59928978388998,7.76397076760398,70
"76",2018,6,7.70326086956522,184,8.05900900900901,7.16232876712329,7.12894736842105,7.5078125,7.74440789473684,111,73,19,32,152,14987,8999,5988,1947,2068,12919,7.74085332554881,8.16923072896988,7.09707105210421,7.14758602978942,7.59787427466151,7.76374059834352,71
"77",2018,7,7.59679775280899,178,7.98539682539683,6.65519230769231,6.46666666666667,8.19583333333333,7.50344155844156,126,52,15,24,154,15165,9125,6040,1962,2092,13073,7.73916246554566,8.16669231013698,7.09326679801324,7.14238022426096,7.60473422562141,7.76067427445881,72
"78",2018,8,7.66469532258064,186,7.97381717741936,7.04645161290323,7.95444444444444,7.73181818181818,7.65569103658537,124,62,18,22,164,15351,9249,6102,1980,2114,13237,7.73826018630708,8.16410646123905,7.09279112749918,7.14976262626263,7.60605676442762,7.75937358313817,73
"79",2018,9,7.4825,168,7.8740625,6.96041666666667,6.8675,6.9575,7.55344594594595,96,72,20,20,148,15519,9345,6174,2000,2134,13385,7.7354914698112,8.16112687640449,7.09124740200842,7.14694,7.59997844423617,7.75709660963765,74
"80",2018,10,7.51477272727273,176,7.79110169491525,6.95258620689655,6.515,7.40454545454545,7.53051948051948,118,58,20,22,154,15695,9463,6232,2020,2156,13539,7.73301638228735,8.15651280355067,7.08995690949936,7.14068316831683,7.59798423005566,7.7545193972967,75
"81",2018,11,7.50778829383886,211,7.88439503703704,6.83881578947368,6.7051724137931,7.312,7.53410392473118,135,76,29,25,186,15906,9598,6308,2049,2181,13725,7.73002863384886,8.15268535007293,7.08693111287254,7.13451927769644,7.59470609812013,7.75153234608379,76
"82",2018,12,7.50189189189189,185,7.82545454545455,7.02733333333333,6.675,7.3,7.52636363636364,110,75,20,20,165,16091,9708,6383,2069,2201,13890,7.72740572058915,8.14897754326329,7.0862308412972,7.13007733204447,7.59202816901408,7.74885755579554,77
"83",2019,1,7.58718861209964,281,8.00690607734807,6.8275,6.75,6.87608695652174,7.65058139534884,181,100,36,23,258,16372,9889,6483,2105,2224,14148,7.72499911128757,8.14637718576196,7.08223992904519,7.12357719714964,7.58462410071942,7.74706541207238,78
"84",2019,2,7.77258215962441,213,8.15236641221374,7.16585365853659,6.84814814814815,7.45,7.81354497354497,131,82,27,24,189,16585,10020,6565,2132,2248,14337,7.72561021706361,8.14645548802396,7.08328430464585,7.12008911819887,7.58318683274021,7.7479417904722,79
"85",2019,3,7.50440589595376,173,7.86001947368421,6.81728813559322,6.28125,7.241,7.53883803921569,114,59,16,20,153,16758,10134,6624,2148,2268,14490,7.72332663026614,8.14323329484903,7.08091507548309,7.1138407821229,7.58016931216931,7.74573386266391,80
"86",2019,4,7.78477462857143,175,8.38181074074074,6.82238805970149,6.66190476190476,7.43461538461538,7.84587624161074,108,67,21,26,149,16933,10242,6691,2169,2294,14639,7.72396168605681,8.14574904999024,7.07832632790315,7.10946519133241,7.57851961639058,7.74675314092493,81
"87",2019,5,7.63929648241206,199,8.01269841269841,6.99479452054794,7.00714285714286,7.45,7.65812154696133,126,73,14,18,181,17132,10368,6764,2183,2312,14820,7.72297824130283,8.14413211516204,7.07742481667652,7.10880897846999,7.57751903114187,7.74567066329285,82
"88",2019,6,7.48483333333333,180,7.9216,6.938875,6.625,7.37619047619048,7.49918238993711,100,80,32,21,159,17312,10468,6844,2215,2333,14979,7.72050215053142,8.14200628295759,7.0758052980713,7.10181941309255,7.57570681525932,7.74305422458108,83
"89",2019,7,7.66297489247312,186,8.09744620967742,6.79403225806452,6.76190476190476,7.58333333333333,7.67311109090909,124,62,21,21,165,17498,10592,6906,2236,2354,15144,7.71989064807407,8.14148462046828,7.07327562409499,7.09862701252236,7.57577485131691,7.74229216587427,84
"90",2019,8,7.54705852678571,224,8.09227087591241,6.68850574712644,6.86774193548387,7.38294117647059,7.56053676328502,137,87,31,17,207,17722,10729,6993,2267,2371,15351,7.7177061093556,8.14085620374686,7.0684886972687,7.09546978385531,7.57439223956136,7.73984129177252,85
"91",2019,9,7.5984823902439,205,7.82176955555556,7.16785714285714,7.01538461538462,7.59523809523809,7.59885266304348,135,70,13,21,184,17927,10864,7063,2280,2392,15535,7.71634275450438,8.13689111745214,7.06947351833499,7.09501315789474,7.57457525083612,7.73817139105246,86
"92",2019,10,7.37694444444444,216,7.64802816901408,6.85675675675676,6.70344827586207,6.7875,7.450625,142,74,29,24,192,18143,11006,7137,2309,2416,15727,7.71230207573169,8.13058378157369,7.06726796413059,7.09009527934171,7.56675662251655,7.73466093724169,87
"93",2019,11,7.6347131627907,215,8.095,7.00750912087912,6.84615384615385,8.19117647058824,7.58693601010101,124,91,26,17,198,18358,11130,7228,2335,2433,15925,7.7113933919817,8.13018734052112,7.06651560459325,7.08737901498929,7.5711196054254,7.73282423171115,88
"94",2019,12,7.44083792035398,226,7.80942815602837,6.82941176470588,6.66666666666667,8.10727272727273,7.3689675,141,85,27,22,204,18584,11271,7313,2362,2455,16129,7.70810316724064,8.12617464909946,7.06375971420758,7.08256985605419,7.57592423625254,7.72822216256433,89
"95",2020,1,7.46996374622356,331,7.94566990291262,6.686,6.18571428571429,7.32925581395349,7.49097222222222,206,125,35,43,288,18915,11477,7438,2397,2498,16417,7.70393588474756,8.12293477999477,7.05741123823609,7.06947434292866,7.57167814251401,7.72406013644393,90
"96",2020,2,7.68487800796813,251,8.148152375,6.87032967032967,6.68888875,8.25172413793103,7.61083054054054,160,91,24,29,222,19166,11637,7529,2421,2527,16639,7.7036863007409,8.12328150296468,7.0551500584407,7.06570149938042,7.57948239018599,7.7225494104213,91
"97",2020,3,7.61143669767442,215,8.04968131782946,6.95406976744186,7.09107142857143,7.39814814814815,7.64206856382979,129,86,28,27,188,19381,11766,7615,2449,2554,16827,7.7026629446365,8.12247456569777,7.05400850820749,7.06599155982033,7.57756538762725,7.72165023652463,92
"98",2020,4,7.49930016574586,181,7.96315473214286,6.7463768115942,7.00454545454545,7.55555555555556,7.49308791411043,112,69,22,18,163,19562,11878,7684,2471,2572,16990,7.7007813035477,8.12097230762754,7.05124606845393,7.06544448806151,7.57741135303266,7.71945743731607,93
"99",2020,5,7.56177083333333,192,7.89203389830509,7.03513513513514,7.06923076923077,7.89444444444444,7.52735632183908,118,74,26,18,174,19754,11996,7758,2497,2590,17164,7.69943018426648,8.11872032927642,7.05109239365816,7.06548391269523,7.57961467181467,7.71751001281752,94
"100",2020,6,7.39185183333333,180,7.85166666666667,6.70212958333333,7.1608,7.90625,7.34166664634146,108,72,25,16,164,19934,12104,7830,2522,2606,17328,7.69665281378549,8.11633749752148,7.04788354022989,7.06642875892149,7.58162010744436,7.71395286184211,95
"101",2020,7,7.51647482014388,139,7.92855555555556,6.75959183673469,6.56615384615385,6.47777777777778,7.67099173553719,90,49,26,18,121,20073,12194,7879,2548,2624,17449,7.69540513077268,8.11495153928161,7.0460906358675,7.06132391287284,7.57404801829268,7.71365494813456,96
"102",2020,8,7.6546408839779,181,8.15654867256637,6.82058823529412,6.97368421052632,7.81944444444444,7.63644171779141,113,68,19,18,163,20254,12307,7947,2567,2642,17612,7.69504084082157,8.11533347444543,7.04416108216937,7.06067523568368,7.57571990915972,7.71294033556666,97
"103",2020,9,7.55341614906832,161,8.03058252427184,6.70603448275862,6.6825,7.09523809523809,7.62214285714286,103,58,20,21,140,20415,12410,8005,2587,2663,17752,7.69392393779084,8.11463006204673,7.04171119550281,7.05775157711635,7.57193090499436,7.71222426712483,98
"104",2020,10,7.44371428571429,175,7.84,6.68416666666667,6.4695652173913,7.02,7.49838709677419,115,60,23,20,155,20590,12525,8065,2610,2683,17907,7.69179733802817,8.11210850858283,7.03905122380657,7.0525683256705,7.567816623183,7.71037332830736,99
"105",2020,11,7.56642458100559,179,7.8436036036036,7.11397058823529,7.0875,6.7625,7.64533742331288,111,68,20,16,163,20769,12636,8133,2630,2699,18070,7.69071679859406,8.10974984726179,7.03967762449281,7.05283396577947,7.56304260837347,7.70978667349198,100
"106",2020,12,7.40179894179894,189,7.77774193548387,6.68461538461538,6.69047619047619,7.37647058823529,7.4043023255814,124,65,21,17,172,20958,12760,8198,2651,2716,18242,7.68811132693959,8.10652343808777,7.03686242010246,7.04996353451528,7.56187481590574,7.70690632551255,101
"107",2021,1,7.39039647577092,227,7.71624161073825,6.76794871794872,6.348,6.825833125,7.43320696682464,149,78,25,16,211,21185,12909,8276,2676,2732,18453,7.68492127401463,8.10201867456813,7.03432795070082,7.04340557922272,7.55756417642752,7.70377672248415,102
"108",2021,2,7.47837917525773,194,7.78717323529412,6.75431034482759,6.23684210526316,7.89894736842105,7.43271748571429,136,58,19,19,175,21379,13045,8334,2695,2751,18628,7.68304704382806,8.09873626906861,7.03237918406528,7.03771923191095,7.55992196655761,7.70123026733949,103
"109",2021,3,7.49258503401361,147,7.9445652173913,6.73654545454545,6.3305,7.42777777777778,7.50162790697674,92,55,20,18,129,21526,13137,8389,2715,2769,18757,7.68174638808882,8.09765659054578,7.0304396376207,7.03250951381215,7.55906295774648,7.69985751559418,104
"110",2021,4,7.26752836734694,147,7.69805247191011,6.60689655172414,6.39473684210526,7.385,7.2490288976378,89,58,19,20,127,21673,13226,8447,2734,2789,18884,7.67893689936788,8.0949675865719,7.0275314454836,7.02807729700073,7.55781474722123,7.69682557138318,105
"111",2021,5,7.6094512195122,164,8.01699029126214,6.92131147540984,6.72727272727273,8,7.56722972972973,103,61,22,16,148,21837,13329,8508,2756,2805,19032,7.67841504877044,8.09436501613024,7.02676987776211,7.02567609941945,7.56033701604278,7.69581778530895,106
"112",2021,6,7.46902654867257,113,7.63815789473684,7.12162162162162,6.5,7.38,7.47766990291262,76,37,15,10,103,21950,13405,8545,2771,2815,19135,7.67733710341686,8.091778537859,7.02718058747806,7.02283050523277,7.55969638721137,7.69464353749673,107
"113",2021,7,7.39958333333333,120,7.57560975609756,7.01973684210526,7.10357142857143,7.8,7.35917431192661,82,38,14,11,109,22070,13487,8583,2785,2826,19244,7.67582688808337,8.08864026840661,7.02714763136433,7.02323638420108,7.56063175159236,7.69274340521721,108
"114",2021,8,7.51345993670886,158,7.78206063636364,6.89791666666667,6.64705882352941,6.73913043478261,7.64538274074074,110,48,17,23,135,22228,13597,8631,2802,2849,19379,7.67467275913263,8.08616003309553,7.02642893291623,7.02095407922912,7.55399976482976,7.69241347644357,109
"115",2021,9,7.2927027027027,148,7.74376470588235,6.68412698412698,6.57037037037037,6.85,7.3389552238806,85,63,27,14,134,22376,13682,8694,2829,2863,19513,7.67214632150519,8.08403288773571,7.02394848401196,7.01665370448922,7.55055722319246,7.68998620201917,110
"116",2021,10,7.22877697841727,139,7.7632183908046,6.33461538461538,6.445,7.52631578947368,7.18166666666667,87,52,20,19,120,22515,13769,8746,2849,2882,19633,7.66940910903842,8.08200580797443,7.01985000228676,7.01264069147069,7.55039740804996,7.68687927265319,111
"117",2021,11,7.3421801242236,161,7.73302150537634,6.80764705882353,6.33333333333333,7.06173913043478,7.38892028985507,93,68,21,23,138,22676,13862,8814,2870,2905,19771,7.66708577747398,8.07966447626605,7.0182128568187,7.00767014982578,7.54652851290878,7.68479954276466,112
"118",2021,12,7.44134792349727,183,7.72997201680672,6.9046875,6.89583333333333,7.53125,7.4327345508982,119,64,24,16,167,22859,13981,8878,2894,2921,19938,7.66527861061289,8.07668805092625,7.01739447172787,7.00674268486524,7.54644482369052,7.68268825509078,113
"119",2022,1,7.27631274131274,259,7.61009146341463,6.70010526315789,6.01538461538462,7.80555555555556,7.23678423236515,164,95,26,18,241,23118,14145,8973,2920,2939,20179,7.66092087377801,8.07127823541887,7.01403523013485,6.9979155239726,7.54803175569922,7.67736277466673,114
"120",2022,2,7.41134294964029,139,7.80031376470588,6.79907407407407,6.7452380952381,7.65294117647059,7.37767762295082,85,54,21,17,122,23257,14230,9027,2941,2956,20301,7.65942922259965,8.06965968446942,7.01274932092611,6.99611129887793,7.54863509133965,7.67556179991134,115
"121",2022,3,7.2602962962963,135,7.5855,6.78727272727273,5.915,6.83333333333333,7.29079365079365,80,55,20,9,126,23392,14310,9082,2961,2965,20427,7.65712574512654,8.06695299161425,7.01138384937239,6.98880895981088,7.5464638549747,7.67318843197729,116
"122",2022,4,7.23464566929134,127,7.63544303797468,6.575,6.5,7.61111111111111,7.20593220338983,79,48,14,9,118,23519,14389,9130,2975,2974,20545,7.65484439942175,8.0645838703176,7.00908960788609,6.98650868235294,7.54665949226631,7.67050475054758,117
"123",2022,5,7.16912751677852,149,7.45555555555556,6.73220338983051,6.90789473684211,7.1875,7.16691729323308,90,59,19,16,133,23668,14479,9189,2994,2990,20678,7.65178660765591,8.06079821189308,7.00731179888998,6.98600979625919,7.54473756856187,7.66726569784312,118
"124",2022,6,7.42032967032967,91,7.84181818181818,6.77638888888889,6.055,7.2875,7.43313253012048,55,36,10,8,83,23759,14534,9225,3004,2998,20761,7.6509000980681,8.05996954107609,7.00641063631437,6.98291056258322,7.54405114409606,7.66632966138433,119
"125",2022,7,7.29568965517241,116,7.68450704225352,6.68222222222222,6.70909090909091,7.21666666666667,7.30480769230769,71,45,11,12,104,23875,14605,9270,3015,3010,20865,7.64917425884817,8.05814428688804,7.00483690614887,6.98191155223881,7.54274595681063,7.66452768272227,120
"126",2022,8,7.39391304347826,115,7.62666666666667,6.9575,6.53636363636364,7.44117647058824,7.38571428571429,75,40,11,17,98,23990,14680,9310,3026,3027,20963,7.64795062234264,8.0559398712534,7.00463352524168,6.98029191341705,7.54217553022795,7.66322425702428,121
"127",2022,9,7.34137931034483,116,7.88181818181818,6.628,6.38181818181818,7.05,7.38137254901961,66,50,11,14,102,24106,14746,9360,3037,3041,21065,7.64647537666971,8.05516053912925,7.0026215940171,6.97812424432005,7.53990967773758,7.66185948730121,122
"128",2022,10,7.112,110,7.54661764705882,6.40833333333333,6.84411764705882,6.47,7.18333333333333,68,42,17,11,99,24216,14814,9402,3054,3052,21164,7.64404754831517,8.05282619886593,6.9999668283344,6.97737830058939,7.53605351572739,7.65962105934606,123
"129",2022,11,7.23956140350877,114,7.89333333333333,6.51314814814815,6.06409090909091,7.25,7.23855769230769,60,54,22,10,104,24330,14874,9456,3076,3062,21268,7.64215229880806,8.05218282304692,6.99718677241963,6.97084633615085,7.5351193109079,7.65756206977619,124
"130",2022,12,7.2594512195122,164,7.60736842105263,6.7804347826087,6.65208333333333,7.56842105263158,7.21896551724138,95,69,24,19,145,24494,14969,9525,3100,3081,21413,7.63958991712256,8.04935983098403,6.99561660052494,6.96837849354839,7.5353246770529,7.65459207490777,125
