"","year","month","avg_rating","no_ratings","avg_rating_owned","avg_rating_not_owned","avg_rating_prev_owned","avg_rating_comment","avg_rating_no_comment","no_ratings_owned","no_ratings_not_owned","no_ratings_prev_owned","no_ratings_comment","no_ratings_no_comment","cum_no_ratings","cum_no_ratings_owned","cum_no_ratings_not_owned","cum_no_ratings_prev_owned","cum_no_ratings_comment","cum_no_ratings_no_comment","cum_avg_rating","cum_avg_rating_owned","cum_avg_rating_not_owned","cum_avg_rating_prev_owned","cum_avg_rating_comment","cum_avg_rating_no_comment","month_after_release"
"1",2001,6,8.15,2,8.15,NA,NA,NA,8.15,2,0,0,0,2,2,2,0,0,0,2,8.15,8.15,NA,NA,NA,8.15,-15
"2",2001,7,6,1,NA,6,NA,NA,6,0,1,0,0,1,3,2,1,0,0,3,7.43333333333333,8.15,6,NA,NA,7.43333333333333,-14
"3",2001,8,9,1,9,NA,NA,NA,9,1,0,0,0,1,4,3,1,0,0,4,7.825,8.43333333333333,6,NA,NA,7.825,-13
"4",2001,9,9,2,9,NA,NA,9,9,2,0,0,1,1,6,5,1,0,1,5,8.21666666666667,8.66,6,NA,9,8.06,-12
"5",2001,10,8,1,8,NA,NA,8,NA,1,0,0,1,0,7,6,1,0,2,5,8.18571428571429,8.55,6,NA,8.5,8.06,-11
"6",2001,11,7,2,7,NA,NA,7,7,2,0,0,1,1,9,8,1,0,3,6,7.92222222222222,8.1625,6,NA,8,7.88333333333333,-10
"7",2001,12,7,1,NA,7,NA,NA,7,0,1,0,0,1,10,8,2,0,3,7,7.83,8.1625,6.5,NA,8,7.75714285714286,-9
"8",2002,1,7,1,7,NA,NA,NA,7,1,0,0,0,1,11,9,2,0,3,8,7.75454545454545,8.03333333333333,6.5,NA,8,7.6625,-8
"9",2002,2,6.95,4,7.6,5,5,NA,6.95,3,1,1,0,4,15,12,3,1,3,12,7.54,7.925,6,5,8,7.425,-7
"10",2002,3,7.66666666666667,3,7.66666666666667,NA,NA,NA,7.66666666666667,3,0,0,0,3,18,15,3,1,3,15,7.56111111111111,7.87333333333333,6,5,8,7.47333333333333,-6
"11",2002,4,6,2,8,4,NA,4,8,1,1,0,1,1,20,16,4,1,4,16,7.405,7.88125,5.5,5,7,7.50625,-5
"12",2002,6,6.78571428571429,7,6.78571428571429,NA,NA,7,6.75,7,0,0,1,6,27,23,4,1,5,22,7.24444444444444,7.54782608695652,5.5,5,7,7.3,-3
"13",2002,7,7.16666666666667,6,7.5,6.5,NA,7,7.25,4,2,0,2,4,33,27,6,1,7,26,7.23030303030303,7.54074074074074,5.83333333333333,5,7,7.29230769230769,-2
"14",2002,8,8,1,8,NA,NA,NA,8,1,0,0,0,1,34,28,6,1,7,27,7.25294117647059,7.55714285714286,5.83333333333333,5,7,7.31851851851852,-1
"15",2002,9,8.16666666666667,6,8.25,8,9,9,8,4,2,1,1,5,40,32,8,2,8,32,7.39,7.64375,6.375,7,7.25,7.425,0
"16",2002,10,6.6,5,8.33333333333333,4,7,5,7.66666666666667,3,2,1,2,3,45,35,10,3,10,35,7.30222222222222,7.70285714285714,5.9,7,6.8,7.44571428571429,1
"17",2002,11,7.5,4,7,8,NA,8,7,2,2,0,2,2,49,37,12,3,12,37,7.31836734693878,7.66486486486487,6.25,7,7,7.42162162162162,2
"18",2002,12,8,7,8,8,8,8,8,5,2,1,1,6,56,42,14,4,13,43,7.40357142857143,7.7047619047619,6.5,7.25,7.07692307692308,7.50232558139535,3
"19",2003,1,8.5,5,8.33333333333333,8.75,NA,7,8.875,3,2,0,1,4,61,45,16,4,14,47,7.49344262295082,7.74666666666667,6.78125,7.25,7.07142857142857,7.61914893617021,4
"20",2003,2,7.25,4,8,6.5,NA,8,7,2,2,0,1,3,65,47,18,4,15,50,7.47846153846154,7.75744680851064,6.75,7.25,7.13333333333333,7.582,5
"21",2003,3,7.66666666666667,3,7.66666666666667,NA,NA,8,7.5,3,0,0,1,2,68,50,18,4,16,52,7.48676470588235,7.752,6.75,7.25,7.1875,7.57884615384615,6
"22",2003,4,7.75,4,7.75,NA,NA,7,8,4,0,0,1,3,72,54,18,4,17,55,7.50138888888889,7.75185185185185,6.75,7.25,7.17647058823529,7.60181818181818,7
"23",2003,5,7.83333333333333,12,8.25,7,7,7.83333333333333,7.83333333333333,8,4,1,9,3,84,62,22,5,26,58,7.54880952380952,7.81612903225806,6.79545454545455,7.2,7.40384615384615,7.61379310344828,8
"24",2003,6,7.55555555555556,9,7.85714285714286,6.5,NA,7,7.83333333333333,7,2,0,3,6,93,69,24,5,29,64,7.5494623655914,7.82028985507246,6.77083333333333,7.2,7.36206896551724,7.634375,9
"25",2003,7,7.45833333333333,24,7.5,7.42857142857143,9,7.66666666666667,7.42857142857143,10,14,1,3,21,117,79,38,6,32,85,7.53076923076923,7.77974683544304,7.01315789473684,7.5,7.390625,7.58352941176471,10
"26",2003,8,7.22222222222222,18,8.125,6.5,7,8,6.83333333333333,8,10,1,6,12,135,87,48,7,38,97,7.48962962962963,7.81149425287356,6.90625,7.42857142857143,7.48684210526316,7.49072164948454,11
"27",2003,9,7.30909090909091,11,8.2,5.75,NA,7.08333333333333,7.58,7,4,0,6,5,146,94,52,7,44,102,7.47602739726027,7.84042553191489,6.81730769230769,7.42857142857143,7.43181818181818,7.49509803921569,12
"28",2003,10,8,2,8,NA,NA,NA,8,2,0,0,0,2,148,96,52,7,44,104,7.48310810810811,7.84375,6.81730769230769,7.42857142857143,7.43181818181818,7.50480769230769,13
"29",2003,11,7.375,8,7.66666666666667,7.2,7.5,7.66666666666667,6.5,3,5,2,6,2,156,99,57,9,50,106,7.4775641025641,7.83838383838384,6.85087719298246,7.44444444444444,7.46,7.48584905660377,14
"30",2003,12,6.78125,16,7.05,6.33333333333333,6.5,6.71428571428571,6.83333333333333,10,6,2,7,9,172,109,63,11,57,115,7.41279069767442,7.76605504587156,6.8015873015873,7.27272727272727,7.36842105263158,7.43478260869565,15
"31",2004,1,7.32352941176471,17,7.23076923076923,7.625,8,7,7.45833333333333,13,4,1,5,12,189,122,67,12,62,127,7.40476190476191,7.70901639344262,6.85074626865672,7.33333333333333,7.33870967741935,7.43700787401575,16
"32",2004,2,7.8125,16,8,7,6.5,8.0625,7.5625,13,3,2,8,8,205,135,70,14,70,135,7.43658536585366,7.73703703703704,6.85714285714286,7.21428571428571,7.42142857142857,7.44444444444444,17
"33",2004,3,7.125,8,7.83333333333333,5,NA,7.5,6.75,6,2,0,4,4,213,141,72,14,74,139,7.42488262910798,7.74113475177305,6.80555555555556,7.21428571428571,7.42567567567568,7.42446043165468,18
"34",2004,4,7.02307692307692,13,7.3,5.5,6,6.9375,7.16,11,2,1,8,5,226,152,74,15,82,144,7.40176991150442,7.70921052631579,6.77027027027027,7.13333333333333,7.3780487804878,7.41527777777778,19
"35",2004,5,7.55833333333333,12,7.57142857142857,7.54,NA,7.6,7.52857142857143,7,5,0,5,7,238,159,79,15,87,151,7.40966386554622,7.70314465408805,6.81898734177215,7.13333333333333,7.39080459770115,7.4205298013245,20
"36",2004,6,6.75,8,7.25,6.25,7.5,6.66666666666667,6.8,4,4,2,3,5,246,163,83,17,90,156,7.38821138211382,7.6920245398773,6.79156626506024,7.17647058823529,7.36666666666667,7.40064102564103,21
"37",2004,7,6.94444444444444,9,6.9375,7,7,6.5,7.07142857142857,8,1,1,2,7,255,171,84,18,92,163,7.37254901960784,7.65672514619883,6.79404761904762,7.16666666666667,7.34782608695652,7.38650306748466,22
"38",2004,8,7.45,10,7.6875,6.5,NA,7,7.5625,8,2,0,2,8,265,179,86,18,94,171,7.37547169811321,7.65810055865922,6.78720930232558,7.16666666666667,7.34042553191489,7.39473684210526,23
"39",2004,9,7.68421052631579,19,7.83333333333333,7.125,NA,7.3125,7.95454545454545,15,4,0,8,11,284,194,90,18,102,182,7.39612676056338,7.67164948453608,6.80222222222222,7.16666666666667,7.33823529411765,7.42857142857143,24
"40",2004,10,7.34375,16,7.27272727272727,7.5,7.5,7.16666666666667,7.38461538461539,11,5,2,3,13,300,205,95,20,105,195,7.39333333333333,7.65024390243902,6.83894736842105,7.2,7.33333333333333,7.42564102564103,25
"41",2004,11,7.44117647058824,17,7.60714285714286,6.66666666666667,7.5,8,7.05,14,3,2,7,10,317,219,98,22,112,205,7.39589905362776,7.64748858447489,6.83367346938776,7.22727272727273,7.375,7.40731707317073,26
"42",2004,12,6.63571428571429,14,7.14285714285714,6.12857142857143,NA,8,6.26363636363636,7,7,0,3,11,331,226,105,22,115,216,7.36374622356495,7.63185840707965,6.78666666666667,7.22727272727273,7.39130434782609,7.34907407407407,27
"43",2005,1,7.375,32,7.72727272727273,6.6,6.83333333333333,7.58333333333333,7.25,22,10,3,12,20,363,248,115,25,127,236,7.36473829201102,7.64032258064516,6.7704347826087,7.18,7.40944881889764,7.34067796610169,28
"44",2005,2,7.1,15,7.1,7.1,NA,7.16666666666667,7.08333333333333,10,5,0,3,12,378,258,120,25,130,248,7.3542328042328,7.61937984496124,6.78416666666667,7.18,7.40384615384615,7.32822580645161,29
"45",2005,3,7.59375,16,7.56666666666667,8,NA,7.4375,7.75,15,1,0,8,8,394,273,121,25,138,256,7.36395939086294,7.61648351648352,6.79421487603306,7.18,7.40579710144928,7.34140625,30
"46",2005,4,7.26842105263158,19,7.75,5.92,7,7.33333333333333,7.21,14,5,1,9,10,413,287,126,26,147,266,7.35956416464891,7.62299651567944,6.75952380952381,7.17307692307692,7.40136054421769,7.33646616541353,31
"47",2005,5,7.42105263157895,19,7.96153846153846,6.25,8,7.35714285714286,7.45833333333333,13,6,2,7,12,432,300,132,28,154,278,7.36226851851852,7.63766666666667,6.73636363636364,7.23214285714286,7.39935064935065,7.34172661870504,32
"48",2005,6,7.22222222222222,9,7.58333333333333,6.5,NA,7.66666666666667,7,6,3,0,3,6,441,306,135,28,157,284,7.359410430839,7.63660130718954,6.73111111111111,7.23214285714286,7.40445859872611,7.33450704225352,33
"49",2005,7,6.98947368421053,19,7.89090909090909,5.75,8,6.42857142857143,7.31666666666667,11,8,1,7,12,460,317,143,29,164,296,7.34413043478261,7.64542586750789,6.67622377622378,7.25862068965517,7.36280487804878,7.33378378378378,34
"50",2005,8,7.51764705882353,17,7.57272727272727,7.41666666666667,8,7.53,7.5,11,6,1,10,7,477,328,149,30,174,303,7.35031446540881,7.64298780487805,6.70604026845638,7.28333333333333,7.37241379310345,7.33762376237624,35
"51",2005,9,6.93684210526316,19,7.5,5.97142857142857,7,6.6875,7.11818181818182,12,7,1,8,11,496,340,156,31,182,314,7.33447580645161,7.63794117647059,6.67307692307692,7.2741935483871,7.34230769230769,7.32993630573249,36
"52",2005,10,7.22727272727273,22,7.77777777777778,4.75,NA,7.6875,6.96428571428571,18,4,0,8,14,518,358,160,31,190,328,7.32992277992278,7.64497206703911,6.625,7.2741935483871,7.35684210526316,7.31432926829268,37
"53",2005,11,7.375,24,7.60714285714286,7.05,8.125,7.45454545454545,7.30769230769231,14,10,4,11,13,542,372,170,35,201,341,7.33191881918819,7.64354838709678,6.65,7.37142857142857,7.36218905472637,7.31407624633431,38
"54",2005,12,7.16666666666667,12,7.22222222222222,7,8,7.33333333333333,7,9,3,1,6,6,554,381,173,36,207,347,7.32833935018051,7.63359580052494,6.65606936416185,7.38888888888889,7.36135265700483,7.30864553314121,39
"55",2006,1,7.45833333333333,24,7.65,6.5,NA,7.45454545454545,7.46153846153846,20,4,0,11,13,578,401,177,36,218,360,7.33373702422145,7.63441396508728,6.65254237288136,7.38888888888889,7.36605504587156,7.31416666666667,40
"56",2006,2,7.42105263157895,19,7.625,7.07142857142857,9,7.5,7.35,12,7,1,9,10,597,413,184,37,227,370,7.33651591289782,7.63414043583535,6.66847826086957,7.43243243243243,7.37136563876652,7.31513513513514,41
"57",2006,3,7.29761904761905,21,7.390625,7,7,7.20833333333333,7.33333333333333,16,5,2,6,15,618,429,189,39,233,385,7.33519417475728,7.62505827505828,6.67724867724868,7.41025641025641,7.36716738197425,7.31584415584416,42
"58",2006,4,7.33636363636364,22,7.34705882352941,7.3,8,7.20833333333333,7.49,17,5,3,12,10,640,446,194,42,245,395,7.335234375,7.61446188340807,6.69329896907217,7.45238095238095,7.35938775510204,7.32025316455696,43
"59",2006,5,7.43247222222222,36,7.92709523809524,6.74,8.55,7.75938888888889,7.10555555555556,21,15,2,18,18,676,467,209,44,263,413,7.34041272189349,7.62852034261242,6.69665071770335,7.50227272727273,7.38676425855513,7.31089588377724,44
"60",2006,6,7.49090909090909,11,7.62222222222222,6.9,7,7.33333333333333,7.55,9,2,1,3,8,687,476,211,45,266,421,7.34282241630277,7.6284012605042,6.69857819905213,7.49111111111111,7.38616165413534,7.31543942992874,45
"61",2006,7,7.35263157894737,19,7.52727272727273,7.1125,7.25,7.12857142857143,7.48333333333333,11,8,2,7,12,706,487,219,47,273,433,7.34308640226629,7.62611704312115,6.71369863013699,7.48085106382979,7.37955677655678,7.32009237875289,46
"62",2006,8,7.43571428571429,14,7.78888888888889,6.8,NA,7.5,7.43076923076923,9,5,0,1,13,720,496,224,47,274,446,7.3448875,7.62907056451613,6.715625,7.48085106382979,7.37999635036496,7.32331838565023,47
"63",2006,9,7.11666666666667,15,7.8,6.775,7.5,7.55,6.9,5,10,2,5,10,735,501,234,49,279,456,7.34022993197279,7.63077644710579,6.71816239316239,7.48163265306122,7.38304301075269,7.3140350877193,48
"64",2006,10,7.18478260869565,23,7.60416666666667,6.72727272727273,7,7.39285714285714,7.09375,12,11,3,7,16,758,513,245,52,286,472,7.33551319261214,7.63015399610137,6.71857142857143,7.45384615384615,7.38328321678322,7.30656779661017,49
"65",2006,11,6.89285714285714,14,7.625,5.91666666666667,7,7.58333333333333,6.375,8,6,2,6,8,772,521,251,54,292,480,7.32748575129534,7.63007485604607,6.69940239043825,7.43703703703704,7.38739383561644,7.29104166666667,50
"66",2006,12,7.37714285714286,35,7.31,7.46666666666667,NA,7.42307692307692,7.35,20,15,0,13,22,807,541,266,54,305,502,7.32963940520446,7.61824214417745,6.74266917293233,7.43703703703704,7.38891475409836,7.29362549800797,51
"67",2007,1,6.72333333333333,30,7.66666666666667,6.31904761904762,7.08333333333333,6.25,6.96,9,21,6,10,20,837,550,287,60,315,522,7.30790800477897,7.61903454545455,6.7116724738676,7.40166666666667,7.35275873015873,7.2808429118774,52
"68",2007,2,7.1739819047619,21,7.42307692307692,6.7692025,NA,7.45454545454545,6.865362,13,8,0,11,10,858,563,295,60,326,532,7.30463009324009,7.61450976909414,6.71323261016949,7.40166666666667,7.35619325153374,7.27303312030075,53
"69",2007,3,7.152,25,7.48666666666667,6.65,7.1,7,7.25333333333333,15,10,2,10,15,883,578,305,62,336,547,7.30030874292186,7.61119204152249,6.71115940983607,7.39193548387097,7.34559226190476,7.27249290676417,54
"70",2007,4,7.394,25,7.36538461538461,7.425,8.5,7.22,7.51,13,12,1,10,15,908,591,317,63,346,562,7.30288834801762,7.60578510998308,6.73818176656151,7.40952380952381,7.34196242774566,7.27883206405694,55
"71",2007,5,7.3375,24,7.475,7.0625,7,7.58333333333333,7.09166666666667,16,8,3,12,12,932,607,325,66,358,574,7.30377963519313,7.60233772652389,6.74616498461538,7.39090909090909,7.3500530726257,7.27491919860627,56
"72",2007,6,7.23333333333333,24,7.29285714285714,7.15,7.5,7.16666666666667,7.27333333333333,14,10,2,9,15,956,621,335,68,367,589,7.30201110878661,7.59536070853462,6.75821976119403,7.39411764705882,7.34555585831063,7.27487881154499,57
"73",2007,7,7.27173913043478,23,7.4375,6.89285714285714,NA,7.31818181818182,7.22916666666667,16,7,0,11,12,979,637,342,68,378,601,7.30129991828396,7.59139560439561,6.76097549707602,7.39411764705882,7.34475925925926,7.27396608985025,58
"74",2007,8,7.005,20,7.55454545454545,6.33333333333333,7.25,6.81818181818182,7.23333333333333,11,9,2,11,9,999,648,351,70,389,610,7.29536798798799,7.5907700617284,6.75001031339031,7.39,7.32986889460154,7.27336659016394,59
"75",2007,9,6.65454545454545,22,7.02857142857143,6,4,6.83333333333333,6.5875,14,8,1,6,16,1021,662,359,71,395,626,7.28155986287953,7.57888066465257,6.73329699164345,7.34225352112676,7.32232658227848,7.25583645367412,60
"76",2007,10,7.02083333333333,24,7.36363636363636,6.73076923076923,6.66666666666667,8.33333333333333,6.83333333333333,11,13,3,3,21,1045,673,372,74,398,647,7.27557188516747,7.57536255572066,6.73320865591398,7.31486486486486,7.3299472361809,7.24212306027821,61
"77",2007,11,6.75388888888889,36,7.89666666666667,5.61111111111111,7.5,7.66666666666667,6.2975,18,18,3,12,24,1081,691,390,77,410,671,7.25819853839038,7.58373227206947,6.68141953846154,7.32207792207792,7.33980243902439,7.20833624441133,62
"78",2007,12,6.78108108108108,37,6.66666666666667,6.836,7,6.96875,6.63809523809524,12,25,4,16,21,1118,703,415,81,426,692,7.24240842576029,7.56807823613087,6.69073161445783,7.30617283950617,7.3258661971831,7.19103124277457,63
"79",2008,1,7.01794871794872,39,7.31904761904762,6.66666666666667,7.4,7.19444444444444,6.86666666666667,21,18,5,18,21,1157,724,433,86,444,713,7.2348423681936,7.56085497237569,6.68973122401848,7.31162790697674,7.32053828828829,7.18147772791024,64
"80",2008,2,7.08064516129032,31,7.63636363636364,6.775,7.5,7.15,7.04761904761905,11,20,3,10,21,1188,735,453,89,454,734,7.2308187037037,7.56198503401361,6.69349584988962,7.31797752808989,7.31678193832599,7.17764798365123,65
"81",2008,3,7.28947368421053,19,7.40909090909091,7.125,NA,7.5,7.05555555555556,11,8,0,10,9,1207,746,461,89,464,743,7.23174202154101,7.55973056300268,6.70098399132321,7.31797752808989,7.32073060344828,7.17616907133244,66
"82",2008,4,7.16111111111111,27,7.595,6.90588235294118,6.75,7.28076923076923,7.05,10,17,4,13,14,1234,756,478,93,477,757,7.23019661264182,7.56019708994709,6.70827117154812,7.29354838709677,7.31964150943396,7.17383569352708,67
"83",2008,5,7.3,20,7.8875,6.90833333333333,7,7.34444444444444,7.26363636363636,8,12,4,9,11,1254,764,490,97,486,768,7.23130990430622,7.56362434554974,6.71317065306122,7.28144329896907,7.32010082304527,7.17512190104167,68
"84",2008,6,7.33333333333333,21,7.57692307692308,6.9375,7.25,7.11111111111111,7.5,13,8,4,9,12,1275,777,498,101,495,780,7.23299029019608,7.56384684684685,6.7167743373494,7.28019801980198,7.31630101010101,7.18012002564103,69
"85",2008,7,6.98,25,7.85714285714286,6.63888888888889,6,7.07142857142857,6.86363636363636,7,18,11,14,11,1300,784,516,112,509,791,7.22812509230769,7.56646556122449,6.71405740310078,7.15446428571429,7.30956581532416,7.17571886219975,70
"86",2008,8,7.10344827586207,29,7.51785714285714,6.71666666666667,6.71875,6,7.52380952380952,14,15,8,8,21,1329,798,531,120,517,812,7.2254045297216,7.56561278195489,6.71413111111111,7.12541666666667,7.28930174081238,7.18472120689655,71
"87",2008,9,7.24375,24,8.11,6.625,7.09090909090909,8.01,6.69642857142857,10,14,11,10,14,1353,808,545,131,527,826,7.22572994826312,7.57235024752476,6.71184150458716,7.12251908396947,7.30297722960152,7.17644506053269,72
"88",2008,10,7.05416666666667,24,7.37142857142857,6.92352941176471,6.5,6.91666666666667,7.1,7,17,9,6,18,1377,815,562,140,533,844,7.22273973856209,7.5706245398773,6.71824487544484,7.0825,7.29862851782364,7.17481471563981,73
"89",2008,11,7.20909090909091,33,7.845,6.23076923076923,6.11111111111111,7.1,7.25,20,13,9,9,24,1410,835,575,149,542,868,7.22242029787234,7.57719640718563,6.70722368695652,7.0238255033557,7.29533025830258,7.17689357142857,74
"90",2008,12,7.10416666666667,24,7.61111111111111,6.8,6.91666666666667,7.05,7.14285714285714,9,15,6,10,14,1434,844,590,155,552,882,7.22044115760112,7.57755805687204,6.70958240677966,7.01967741935484,7.29088586956522,7.1763533106576,75
"91",2009,1,7.35576923076923,26,7.65,7.171875,6.71428571428571,6.75,7.46590909090909,10,16,7,4,22,1460,854,606,162,556,904,7.22285110958904,7.57840632318501,6.72178815181518,7.00648148148148,7.28699460431655,7.18340002212389,76
"92",2009,2,7.27115384615385,52,7.576,6.98888888888889,6.625,7.5625,7.21818181818182,25,27,4,8,44,1512,879,633,166,564,948,7.22451231481481,7.57833788395905,6.7331810742496,6.99728915662651,7.2909024822695,7.18501436708861,77
"93",2009,3,7.253125,32,7.76666666666667,6.8,6,6.88888888888889,7.39565217391304,15,17,5,9,23,1544,894,650,171,573,971,7.2251053238342,7.58149776286354,6.73492864615385,6.96812865497076,7.28458813263525,7.19000372811535,78
"94",2009,4,7.24255319148936,47,8.18461538461538,6.88235294117647,6.0625,6.86363636363636,7.35833333333333,13,34,8,11,36,1591,907,684,179,584,1007,7.22562075424262,7.59014222712238,6.74225675438597,6.92765363128492,7.27665924657534,7.19602146971202,79
"95",2009,5,6.82162162162162,37,7.36363636363636,6.59230769230769,6.4,7.1125,6.74137931034483,11,26,5,8,29,1628,918,710,184,592,1036,7.21643895577396,7.58742810457517,6.73676566197183,6.9133152173913,7.27444087837838,7.183295,80
"96",2009,6,6.93703703703704,27,6.975,6.92105263157895,6.5,8,6.69545454545455,8,19,2,5,22,1655,926,729,186,597,1058,7.21188073716012,7.58213714902808,6.74156875171468,6.90887096774193,7.2805175879397,7.17315086956522,81
"97",2009,7,7.0625,32,7.4,6.76470588235294,6.66666666666667,7.33333333333333,6.95652173913043,15,17,9,9,23,1687,941,746,195,606,1081,7.20904719620628,7.57923379383635,6.74209600536193,6.89769230769231,7.28130198019802,7.16854173913044,82
"98",2009,8,7.0741935483871,31,7.57692307692308,6.71111111111111,7.21428571428571,7.3,7.03076923076923,13,18,7,5,26,1718,954,764,202,611,1107,7.20661386495925,7.57920230607967,6.7413659947644,6.90866336633663,7.28145499181669,7.16530588979223,83
"99",2009,9,7.13030303030303,33,7.59230769230769,6.83,6.92857142857143,7.5,7.04814814814815,13,20,7,6,27,1751,967,784,209,617,1134,7.20517568246716,7.5793784901758,6.74362706632653,6.90933014354067,7.28358022690438,7.16251641975309,84
"100",2009,10,7.06896551724138,29,7.625,6.67647058823529,6,7.5,6.97916666666667,12,17,6,5,24,1780,979,801,215,622,1158,7.20295652808989,7.57993769152196,6.74220177278402,6.88395348837209,7.28531993569132,7.15871642487047,85
"101",2009,11,7.49,45,7.95238095238095,7.08541666666667,6.9,7.74666666666667,7.36166666666667,21,24,8,15,30,1825,1000,825,223,637,1188,7.21003431232877,7.587759,6.75218620606061,6.88452914798206,7.29618367346939,7.16384143097643,86
"102",2009,12,7.29605263157895,38,7.39705882352941,7.21428571428571,7.3125,7.61111111111111,7.19827586206897,17,21,8,9,29,1863,1017,846,231,646,1217,7.2117888459474,7.58457128810226,6.76365676122932,6.89935064935065,7.30057120743034,7.16466197206245,87
"103",2010,1,6.7,34,7.43571428571429,6.185,5.51111111111111,7.85,6.45357142857143,14,20,9,6,28,1897,1031,866,240,652,1245,7.20261603584607,7.5825499515034,6.75029286374134,6.84729166666667,7.3056273006135,7.14866957429719,88
"104",2010,2,7.66666666666667,24,8.3,6.61111111111111,5.5,9,7.47619047619048,15,9,1,3,21,1921,1046,875,241,655,1266,7.20841364914107,7.59283843212237,6.74886128,6.84170124481328,7.31338778625954,7.15410238546604,89
"105",2010,3,7.28,20,7.2,7.36,7,6.96,7.38666666666667,10,10,1,5,15,1941,1056,885,242,660,1281,7.20915127253993,7.58911837121212,6.75576680225989,6.84235537190083,7.31071060606061,7.1568256206089,90
"106",2010,4,7.04615384615385,26,7.3375,6.91666666666667,7,7.3,6.98571428571429,8,18,3,5,21,1967,1064,903,245,665,1302,7.20699675648195,7.5872265037594,6.75897410852713,6.84428571428571,7.31063007518797,7.15406576036867,91
"107",2010,5,7.42173913043478,23,7.66363636363636,7.2,7,8.07142857142857,7.1375,11,12,1,7,16,1990,1075,915,246,672,1318,7.20947870351759,7.58800837209303,6.76475805464481,6.84491869918699,7.31855505952381,7.1538646585736,92
"108",2010,6,7.3,20,7.625,7.08333333333333,7.1,7.16666666666667,7.40909090909091,8,12,5,9,11,2010,1083,927,251,681,1329,7.21037941293532,7.58828162511542,6.76888200647249,6.85,7.31654772393539,7.1559771407073,93
"109",2010,7,7.30434782608696,23,7.55384615384615,6.98,NA,8.5,7.19047619047619,13,10,0,2,21,2033,1096,937,251,683,1350,7.21144250860797,7.58787317518248,6.77113513340448,6.85,7.32001317715959,7.15651379259259,94
"110",2010,8,7.22857142857143,21,7.44444444444444,7.06666666666667,7.5,7.64285714285714,7.02142857142857,9,12,2,7,14,2054,1105,949,253,690,1364,7.2116176338851,7.58670497737557,6.77487209694415,6.85513833992095,7.3232884057971,7.15512728739003,95
"111",2010,9,7.11111111111111,18,7.54545454545455,6.42857142857143,8,7.66666666666667,7,11,7,1,3,15,2072,1116,956,254,693,1379,7.21074450772201,7.58629838709678,6.77233642259414,6.85964566929134,7.32477489177489,7.15343989847716,96
"112",2010,10,6.81111111111111,18,7.93333333333333,6.25,6.5,6.66666666666667,6.88333333333333,6,12,2,6,12,2090,1122,968,256,699,1391,7.20730268899521,7.58815418894831,6.76586117768595,6.8568359375,7.31912589413448,7.15110971962617,97
"113",2010,11,7.10666666666667,30,8.046875,6.03214285714286,5.5,7.75,6.87272727272727,16,14,2,8,22,2120,1138,982,258,707,1413,7.20587859433962,7.59460369068542,6.75540083503055,6.84631782945736,7.32400141442716,7.14677538570418,98
"114",2010,12,7.12692307692308,26,8.07272727272727,6.43333333333333,6.75,6.25,7.51666666666667,11,15,4,8,18,2146,1149,997,262,715,1431,7.20492200372786,7.59918102697999,6.75055528585757,6.84484732824427,7.31198461538462,7.15142810621943,99
"115",2011,1,7.09354838709677,31,8.20833333333333,6.38947368421053,5.6,7.15,7.06666666666667,12,19,5,10,21,2177,1161,1016,267,725,1452,7.20333606798346,7.60547717484927,6.74380277559055,6.82153558052434,7.30975034482759,7.15020221763085,100
"116",2011,2,7.39132,25,7.73333333333333,7.1989375,7.66666666666667,7.77075,7.31904761904762,9,16,3,4,21,2202,1170,1032,270,729,1473,7.20547030881017,7.60646068376069,6.75085912790698,6.83092592592593,7.31227983539095,7.15260938221317,101
"117",2011,3,6.76153846153846,26,7.53,6.28125,6.83333333333333,7.08333333333333,6.665,10,16,3,6,20,2228,1180,1048,273,735,1493,7.20028977558348,7.60581271186441,6.74368952290076,6.83095238095238,7.31041088435374,7.14607744139317,102
"118",2011,4,7.08947368421053,19,7.5,6.85,7,7.25,7.07058823529412,7,12,1,2,17,2247,1187,1060,274,737,1510,7.1993527458834,7.60518871103623,6.74489303773585,6.83156934306569,7.31024694708277,7.14522756291391,103
"119",2011,5,7.50588235294118,17,8,7.35384615384615,7.475,7.5,7.50666666666667,4,13,4,2,15,2264,1191,1073,278,739,1525,7.20165442579505,7.60651469353485,6.75227084808947,6.8408273381295,7.31076048714479,7.14878270163935,104
"120",2011,6,7.716,25,7.88,7.60666666666667,8.125,7.83333333333333,7.67894736842105,10,15,4,6,19,2289,1201,1088,282,745,1544,7.20727200524246,7.60879184013322,6.76405020220588,6.85904255319149,7.31496912751678,7.15530674870466,105
"121",2011,7,7.33333333333333,21,6.83333333333333,7.70833333333333,8,6.9375,7.42647058823529,9,12,2,4,17,2310,1210,1100,284,749,1561,7.20841801731602,7.60302396694215,6.77435147272727,6.86707746478873,7.31295327102804,7.1582598462524,106
"122",2011,8,6.708,25,7.5,5.85,6,7,6.635,13,12,3,5,20,2335,1223,1112,287,754,1581,7.20306022269807,7.60192886345053,6.76437645683453,6.85801393728223,7.31087798408488,7.15164049335864,107
"123",2011,9,7.06052631578947,19,7.9,6.76071428571429,7,8.23,6.64285714285714,5,14,3,5,14,2354,1228,1126,290,759,1595,7.20190977909941,7.60314250814332,6.76433092362345,6.85948275862069,7.31693280632411,7.14717468338558,108
"124",2011,10,7.09259259259259,27,7.76666666666667,6.55333333333333,7.325,7.66666666666667,7.02083333333333,12,15,4,3,24,2381,1240,1141,294,762,1619,7.20067014699706,7.604725,6.76155707274321,6.86581632653061,7.31830971128609,7.14530180358246,109
"125",2011,11,7.29411764705882,34,7.94444444444444,6.5625,5.35,8.11666666666667,7.11785714285714,18,16,2,6,28,2415,1258,1157,296,768,1647,7.20198576397516,7.60958585055644,6.75880433880726,6.85557432432433,7.324546875,7.1448352276867,110
"126",2011,12,8.15333333333333,15,8.28,7.9,8,8.06,8.2,10,5,1,5,10,2430,1268,1162,297,773,1657,7.20785827983539,7.61487302839117,6.76371481927711,6.85942760942761,7.32930401034929,7.15120315027158,111
"127",2012,1,7.0984375,32,8.09333333333333,6.22058823529412,5.79166666666667,7.43333333333333,6.96739130434783,15,17,6,9,23,2462,1283,1179,303,782,1680,7.20643607636068,7.62046687451286,6.75588347752333,6.83828382838284,7.33050127877238,7.14868667857143,112
"128",2012,2,7.05,10,7.625,6.66666666666667,6.66666666666667,6.5,7.1875,4,6,3,2,8,2472,1287,1185,306,784,1688,7.20580324433657,7.62048096348096,6.75543174683544,6.83660130718954,7.32838265306122,7.14887062796209,113
"129",2012,3,6.91739130434783,23,7.5625,6.57333333333333,6.825,6.86,6.93333333333333,8,15,4,5,18,2495,1295,1200,310,789,1706,7.20314453707415,7.62012277992278,6.75315551666667,6.83645161290323,7.3254144486692,7.1465964947245,114
"130",2012,4,7.55882352941176,17,7.9375,7.22222222222222,6.66666666666667,6.75,7.80769230769231,8,9,3,4,13,2512,1303,1209,313,793,1719,7.20555160031847,7.62207137375288,6.75664732837056,6.83482428115016,7.32251197982345,7.15159605584642,115
"131",2012,5,7.05681818181818,22,7.64285714285714,6.78333333333333,6.25,7.75,6.90277777777778,7,15,3,4,18,2534,1310,1224,316,797,1737,7.20426030781373,7.62218244274809,6.7569743627451,6.82927215189873,7.32465746549561,7.14901762809442,116
"132",2012,6,7.52857142857143,14,8,7.26666666666667,NA,7.73333333333333,7.47272727272727,5,9,0,3,11,2548,1315,1233,316,800,1748,7.20604223704867,7.62361901140684,6.76069474452555,6.82927215189873,7.32619,7.15105470251716,117
"133",2012,7,6.61842105263158,19,7.35714285714286,6.1875,6.3,6.85714285714286,6.47916666666667,7,12,5,7,12,2567,1322,1245,321,807,1760,7.2016928788469,7.62220801815431,6.75516997590362,6.82102803738318,7.32212143742255,7.14647364772727,118
"134",2012,8,7.56818181818182,11,7.90625,6.66666666666667,7,7.6875,7.5,8,3,2,4,7,2578,1330,1248,323,811,1767,7.20325664080683,7.62391654135338,6.7549572275641,6.82213622291022,7.32392355117139,7.14787414827391,119
"135",2012,9,6.46176470588235,17,7.52,6.02083333333333,6.1875,6.82142857142857,6.21,5,12,4,7,10,2595,1335,1260,327,818,1777,7.19839908285164,7.62352734082397,6.74796557142857,6.81437308868502,7.31962347188264,7.14259629713,120
"136",2012,10,7.11304347826087,23,7.50769230769231,6.6,6,7.02857142857143,7.15,13,10,4,7,16,2618,1348,1270,331,825,1793,7.19764920550038,7.62241023738873,6.74680048818898,6.80453172205438,7.31715393939394,7.14266236475181,121
"137",2012,11,7.31666666666667,12,7.425,7.2625,7.73333333333333,NA,7.31666666666667,4,8,3,0,12,2630,1352,1278,334,825,1805,7.19819225095057,7.62182618343195,6.75002865414711,6.81287425149701,7.31715393939394,7.1438191800554,122
"138",2012,12,7.20555555555556,18,7.43333333333333,6.75,6.5,7.3,7.17857142857143,12,6,1,4,14,2648,1364,1284,335,829,1819,7.19824230362538,7.62016788856305,6.75002852024922,6.81194029850746,7.31707117008444,7.1440866520066,123
"139",2013,1,6.98095238095238,21,7.67777777777778,6.45833333333333,NA,7.75,6.9,9,12,0,2,19,2669,1373,1296,335,831,1838,7.19653264143874,7.62054552075747,6.74732763888889,6.81194029850746,7.31811311672683,7.14156344940152,124
"140",2013,2,7.28260869565217,23,7.73076923076923,6.7,6.7,7.5,7.20588235294118,13,10,5,6,17,2692,1386,1306,340,837,1855,7.19726806092125,7.62157936507937,6.74696525267994,6.81029411764706,7.31941696535245,7.14215289487871,125
"141",2013,3,7.34090909090909,22,8.21111111111111,6.73846153846154,7.75,8.66666666666667,7.13157894736842,9,13,4,3,19,2714,1395,1319,344,840,1874,7.19843243183493,7.62538279569893,6.74688144048522,6.82122093023256,7.32422857142857,7.14204568836713,126
"142",2013,4,7.57777777777778,18,7.8,7.35555555555556,NA,7.78333333333333,7.475,9,9,0,6,12,2732,1404,1328,344,846,1886,7.20093177891654,7.62650213675214,6.75100649096386,6.82122093023256,7.32748463356974,7.14416416755037,127
"143",2013,5,7.51538461538462,13,8.16666666666667,6.95714285714286,7.25,7.2,7.61,6,7,2,3,10,2745,1410,1335,346,849,1896,7.20242099089253,7.62880070921986,6.75208735580525,6.82369942196532,7.32703415783274,7.14662110759494,128
"144",2013,6,7.14285714285714,14,7.75,6.9,6.5,7,7.18181818181818,4,10,2,3,11,2759,1414,1345,348,852,1907,7.20211874592244,7.62914356435644,6.75318707806692,6.82183908045977,7.32588262910798,7.14682413214473,129
"145",2013,7,7.13216,25,7.65,6.65415384615385,6.25,6.52914285714286,7.36666666666667,12,13,4,7,18,2784,1426,1358,352,859,1925,7.20149052442529,7.6293190743338,6.75223904270987,6.81534090909091,7.31938998835855,7.1488798025974,130
"146",2013,8,6.9525,20,6.96666666666667,6.94090909090909,6.38,6.6,7.10357142857143,9,11,5,6,14,2804,1435,1369,357,865,1939,7.19971455777461,7.62516306620209,6.75375501826151,6.80924369747899,7.3144,7.14855266632285,131
"147",2013,9,7.28125,16,7.83333333333333,6.57142857142857,6,7.28571428571429,7.27777777777778,9,7,5,7,9,2820,1444,1376,362,872,1948,7.20017717021277,7.62646052631579,6.75282748546512,6.79806629834254,7.31416972477064,7.14914970225873,132
"148",2013,10,7.16944444444444,18,7.255,7.0625,7,7.8,6.85416666666667,10,8,3,6,12,2838,1454,1384,365,878,1960,7.19998224806201,7.62390577716644,6.7546175,6.79972602739726,7.31748974943052,7.14734368367347,133
"149",2013,11,6.96851851851852,27,7.55,6.56875,7.5,7.17222222222222,6.86666666666667,11,16,4,9,18,2865,1465,1400,369,887,1978,7.19780091448517,7.62335085324232,6.7524933,6.80731707317073,7.31601578354002,7.14478949443883,134
"150",2013,12,7.24230769230769,26,7.34615384615385,7.13846153846154,7.33333333333333,7.66666666666667,7.18695652173913,13,13,3,3,23,2891,1478,1413,372,890,2001,7.19820118298167,7.62091271989175,6.75604431705591,6.81155913978495,7.31719775280899,7.14527417291355,135
"151",2014,1,7.03448275862069,29,7.9375,6.69047619047619,6.9375,7.125,7,8,21,8,8,21,2920,1486,1434,380,898,2022,7.19657521232877,7.62261709286676,6.75508411436542,6.81421052631579,7.3154855233853,7.14376539070228,136
"152",2014,2,7.30714285714286,21,7.81363636363636,6.75,7.25,7.5,7.21071428571429,11,10,2,7,14,2941,1497,1444,382,905,2036,7.19736471268276,7.62402070808283,6.75504890581718,6.81649214659686,7.31691270718232,7.14422574656189,137
"153",2014,3,6.89285714285714,14,7.1,6.81,6.525,7.13333333333333,6.82727272727273,4,10,4,3,11,2955,1501,1454,386,908,2047,7.19592203722504,7.62262425049967,6.75542683631362,6.81347150259067,7.31630616740088,7.14252253053249,138
"154",2014,4,7.30263157894737,19,7.375,7.25,6.91666666666667,6.96428571428571,7.5,8,11,3,7,12,2974,1509,1465,389,915,2059,7.1966037726967,7.62131146454606,6.75914035494881,6.81426735218509,7.3136131147541,7.14460593491987,139
"155",2014,5,6.83333333333333,18,6.88888888888889,6.77777777777778,6.6,6.8,6.84615384615385,9,9,5,5,13,2992,1518,1474,394,920,2072,7.19441832219251,7.61696903820817,6.75925415196744,6.81154822335025,7.31082173913043,7.14273340733591,140
"156",2014,6,7.5,6,7.33333333333333,7.66666666666667,NA,NA,7.5,3,3,0,0,6,2998,1521,1477,394,920,2078,7.19502989326217,7.61640959894806,6.76109723764388,6.81154822335025,7.31082173913043,7.1437649759384,141
"157",2014,7,7.26363636363636,11,8,7.19,7.5,6.33333333333333,7.6125,1,10,4,3,8,3009,1522,1487,398,923,2086,7.19528069790628,7.61666162943496,6.7639815870881,6.81846733668342,7.30764463705309,7.14556261744967,142
"158",2014,8,7.1375,16,7.775,6.5,6.16666666666667,NA,7.1375,8,8,3,0,16,3025,1530,1495,401,923,2102,7.19497508099174,7.61748954248366,6.76256897658863,6.81359102244389,7.30764463705309,7.14550124643197,143
"159",2014,9,7.20769230769231,13,7.24,7.1875,7.5,7.5,7.15454545454545,5,8,2,2,11,3038,1535,1503,403,925,2113,7.19502949967084,7.61625993485342,6.76483075182968,6.81699751861042,7.30806054054054,7.1455483293895,144
"160",2014,10,6.85,20,6.85714285714286,6.84615384615385,4,6.2,7.06666666666667,7,13,1,5,15,3058,1542,1516,404,930,2128,7.19277293001962,7.61281387808042,6.76552811345647,6.81002475247525,7.30210322580645,7.14499230263158,145
"161",2014,11,6.85,18,7.5,5.82857142857143,6.25,6.9375,6.78,11,7,2,8,10,3076,1553,1523,406,938,2138,7.19076710663199,7.61201481004508,6.76122168089298,6.80726600985222,7.29899360341151,7.14328513564079,146
"162",2014,12,7.12941176470588,17,7.48888888888889,6.725,6.05,6.35,7.55454545454545,9,8,6,6,11,3093,1562,1531,412,944,2149,7.19042988037504,7.61130537772087,6.76103241018942,6.79623786407767,7.29296186440678,7.14539023731969,147
"163",2015,1,7.1,23,7.5,6.58,6.83333333333333,7.07142857142857,7.1125,13,10,6,7,16,3116,1575,1541,418,951,2165,7.18976239409499,7.61038666666667,6.75985763789747,6.79677033492823,7.29133123028391,7.14514716859123,148
"164",2015,2,7.15,14,7.71428571428571,6.58571428571429,7.55,8,6.91818181818182,7,7,2,3,11,3130,1582,1548,420,954,2176,7.18958454313099,7.61084639696587,6.75907016795866,6.80035714285714,7.29355974842767,7.14399982536765,149
"165",2015,3,7.8375,8,8,7.78333333333333,NA,8.5,7.61666666666667,2,6,0,2,6,3138,1584,1554,420,956,2182,7.19123633524538,7.61133775252526,6.76302485199485,6.80035714285714,7.29608368200837,7.14529955087076,150
"166",2015,4,6.83076923076923,13,7.33333333333333,6.4,5.925,6.925,6.78888888888889,6,7,4,4,9,3151,1590,1561,424,960,2191,7.18974916534434,7.61028867924529,6.76139693786035,6.79209905660377,7.2945375,7.1438355180283,151
"167",2015,5,6.94117647058824,17,7.375,6.55555555555556,6.83333333333333,7.3,6.79166666666667,8,9,3,5,12,3168,1598,1570,427,965,2203,7.18841528409091,7.60911076345432,6.76021695541402,6.7923887587822,7.29456580310881,7.14191721289151,152
"168",2015,6,7.02631578947368,19,7.375,6.77272727272727,6.5,6.75,7.15384615384615,8,11,2,6,13,3187,1606,1581,429,971,2216,7.18744889237527,7.60794458281445,6.76030399746996,6.79102564102564,7.29120082389289,7.1419871931408,153
"169",2015,7,7.52222222222222,9,8.06666666666667,7.25,7.5,7,7.67142857142857,3,6,2,2,7,3196,1609,1587,431,973,2223,7.18839162077597,7.6087998756992,6.76215540012603,6.79431554524362,7.2906022610483,7.14365434997751,154
"170",2015,8,7.65222222222222,9,8.16666666666667,7.395,7.45666666666667,7.0925,8.1,3,6,3,4,5,3205,1612,1593,434,977,2228,7.18969410920437,7.60983808933003,6.76453899560578,6.79889400921659,7.2897911975435,7.1458005475763,155
"171",2015,9,6.83076923076923,13,7.68571428571429,5.83333333333333,6,6.275,7.07777777777778,7,6,1,4,9,3218,1619,1599,435,981,2237,7.18824413300186,7.61016615194565,6.76104479049406,6.79705747126437,7.28565341488277,7.1455268752794,156
"172",2015,10,6.56666666666667,15,8.16666666666667,6.16666666666667,6.625,7.125,6.36363636363636,3,12,4,4,11,3233,1622,1611,439,985,2248,7.18536022888958,7.6111954377312,6.75661739292365,6.79548974943052,7.28500101522843,7.14170089857652,157
"173",2015,11,7.21666666666667,18,7.2875,7.16,6.75,6.83333333333333,7.29333333333333,8,10,2,3,15,3251,1630,1621,441,988,2263,7.18553356505691,7.60960674846626,6.75910587291795,6.79528344671202,7.28362955465587,7.14270597437031,158
"174",2015,12,7.05625,16,7.2375,6.875,6.75,7.25,7.02857142857143,8,8,2,2,14,3267,1638,1629,443,990,2277,7.1849004040404,7.60778937728938,6.75967502762431,6.79507900677201,7.28356161616161,7.14200422485727,159
"175",2016,1,7.432,25,8.11111111111111,7.05,6.42857142857143,7.9,7.315,9,16,7,5,20,3292,1647,1645,450,995,2297,7.18677691980559,7.61053976927748,6.76249885714286,6.78937777777778,7.28665929648241,7.14351050065303,160
"176",2016,2,6.85714285714286,21,7.875,6.61764705882353,7.1,7.8,6.5625,4,17,5,5,16,3313,1651,1662,455,1000,2313,7.18468747962572,7.61118049666869,6.76101722021661,6.79279120879121,7.289226,7.1394914051016,161
"177",2016,3,6.80666666666667,15,7.21428571428571,6.45,5,8,6.50833333333333,7,8,2,3,12,3328,1658,1670,457,1003,2325,7.18298365985577,7.60950482509047,6.75952731736527,6.78494529540481,7.2913519441675,7.13623381505377,162
"178",2016,4,7.24333333333333,15,7.73333333333333,6.91666666666667,7,7.96666666666667,7.0625,6,9,2,3,12,3343,1664,1679,459,1006,2337,7.18325444810051,7.60995132211539,6.76036963668851,6.78588235294118,7.29336580516898,7.13585520753103,163
"179",2016,5,6.53666666666667,21,7.19666666666667,6.04166666666667,7.25,5.66666666666667,6.68166666666667,9,12,2,3,18,3364,1673,1691,461,1009,2355,7.17921807966706,7.6077280334728,6.75526943820225,6.78789587852495,7.28852923686819,7.13238370276009,164
"180",2016,6,7.10294117647059,17,7,7.19444444444444,7.25,7,7.11666666666667,8,9,1,2,15,3381,1681,1700,462,1011,2370,7.17883455190772,7.60483581201666,6.75759448235294,6.7888961038961,7.28795845697329,7.13228422784811,165
"181",2016,7,6.53333333333333,12,7.06666666666667,6,7,6,6.8,6,6,1,4,8,3393,1687,1706,463,1015,2378,7.17655161214265,7.60292175459396,6.75493002344666,6.78935205183585,7.28288275862069,7.13116636669471,166
"182",2016,8,6.99,10,7.98,6,6,7,6.9875,5,5,2,2,8,3403,1692,1711,465,1017,2386,7.17600341463415,7.60403605200946,6.75272391583869,6.78595698924731,7.28232645034415,7.13068466890193,167
"183",2016,9,6.625,16,6.5,6.68181818181818,6.33333333333333,5.66666666666667,6.84615384615385,5,11,3,3,13,3419,1697,1722,468,1020,2399,7.17342486692015,7.60078314672952,6.75227097560976,6.78305555555556,7.27757450980392,7.12914281784077,168
"184",2016,10,6.86333333333333,15,7.40555555555556,6.05,8,6.43333333333333,6.97083333333333,9,6,1,3,12,3434,1706,1728,469,1023,2411,7.17207036109494,7.59975322391559,6.74983253472222,6.78565031982942,7.27509872922776,7.12835488179179,169
"185",2016,11,6.835,20,7,6.76428571428571,6.33333333333333,6.83333333333333,6.83571428571429,6,14,6,6,14,3454,1712,1742,475,1029,2425,7.17011859293573,7.59765128504673,6.74994869115959,6.77993684210526,7.27252283770651,7.12666541030928,170
"186",2016,12,6.83333333333333,15,7.5,5.83333333333333,NA,8,6.75,9,6,0,1,14,3469,1721,1748,475,1030,2439,7.1686623292015,7.59714061592098,6.74680241418765,6.77993684210526,7.27322912621359,7.1245033292333,171
"187",2017,1,7.235,20,7.65,6.82,6.95,7.5,7.20555555555556,10,10,4,2,18,3489,1731,1758,479,1032,2457,7.16904259673259,7.59744598497978,6.74721878270763,6.78135699373695,7.27366860465116,7.12509711843712,172
"188",2017,2,7.35625,16,7.66666666666667,6.95714285714286,4.5,6.75,7.44285714285714,9,7,1,2,14,3505,1740,1765,480,1034,2471,7.16989718116976,7.59780402298851,6.74805134277621,6.77660416666667,7.27265570599613,7.12689745851882,173
"189",2017,3,6.91666666666667,18,7.55555555555556,6.27777777777778,7.25,7.6,6.65384615384615,9,9,2,5,13,3523,1749,1774,482,1039,2484,7.16860335509509,7.59758662092624,6.74566551296505,6.77856846473029,7.27423099133782,7.12442174718197,174
"190",2017,4,7.52307692307692,13,7.7,7.125,NA,8,7.43636363636364,9,4,0,2,11,3536,1758,1778,482,1041,2495,7.16990656674208,7.59811092150171,6.74651890888639,6.77856846473029,7.27562536023055,7.12579704208417,175
"191",2017,5,6.88888888888889,9,7,6.8,7,6,7,4,5,1,1,8,3545,1762,1783,483,1042,2503,7.16919312270804,7.5967531214529,6.74666888390354,6.77902691511387,7.27440115163148,7.12539497403117,176
"192",2017,6,7.046875,16,8.375,6.60416666666667,5.93333333333333,7.75,6.94642857142857,4,12,3,2,14,3561,1766,1795,486,1044,2517,7.16864353271553,7.59851585503964,6.74571622284123,6.77380658436214,7.2753122605364,7.12439953118793,177
"193",2017,7,7.19411764705882,17,7.7875,6.66666666666667,8,7.83333333333333,6.84545454545455,8,9,1,6,11,3578,1774,1804,487,1050,2528,7.16876456679709,7.59936809470124,6.74532185144125,6.77632443531828,7.27850095238095,7.12318576740507,178
"194",2017,8,7.75,8,7.75,7.75,NA,8.5,7.5,4,4,0,2,6,3586,1778,1808,487,1052,2534,7.1700612437256,7.59970697412823,6.74754459070797,6.77632443531828,7.28082319391635,7.12407798737175,179
"195",2017,9,7.20833333333333,12,7.54166666666667,6.875,7,7,7.22727272727273,6,6,2,1,11,3598,1784,1814,489,1053,2545,7.17018888827126,7.59951177130045,6.74796616317531,6.77723926380368,7.28055650522317,7.1245240157171,180
"196",2017,10,7.11304347826087,23,7.77777777777778,6.68571428571429,7,8,6.86666666666667,9,14,3,5,18,3621,1793,1828,492,1058,2563,7.16982590996962,7.60040658114891,6.74748939824946,6.77859756097561,7.28395652173913,7.12271307842373,181
"197",2017,11,6.98181818181818,22,7.35714285714286,6.80666666666667,5.66666666666667,5.875,7.22777777777778,7,15,3,4,18,3643,1800,1843,495,1062,2581,7.16869053527313,7.59946055555556,6.74797103635377,6.77185858585859,7.27864971751412,7.12344580395196,182
"198",2017,12,7.24117647058824,17,7.77777777777778,6.6375,7.25,8,7.00769230769231,9,8,2,4,13,3660,1809,1851,497,1066,2594,7.16902721857924,7.60034770591487,6.74749358184765,6.77378269617706,7.2813564727955,7.12286569776407,183
"199",2018,1,7.2,15,7.92857142857143,6.5625,6.75,7,7.23076923076923,7,8,4,2,13,3675,1816,1859,501,1068,2607,7.16915363809524,7.60161288546256,6.74669748251749,6.77359281437126,7.28082958801498,7.12340376678175,184
"200",2018,2,7.4595,20,7.63,7.14285714285714,7.5,7.64875,7.33333333333333,13,7,2,8,12,3695,1829,1866,503,1076,2619,7.17072520162382,7.60181465281575,6.74818361200429,6.77648111332008,7.28356505576208,7.12436564337534,185
"201",2018,3,7.36470588235294,17,7.95714285714286,6.95,NA,7.36666666666667,7.36428571428571,7,10,0,3,14,3712,1836,1876,503,1079,2633,7.17161358297414,7.60316938997821,6.7492593923241,6.77648111332008,7.28379610750695,7.12564132928219,186
"202",2018,4,6.83333333333333,6,9,6.4,6.75,NA,6.83333333333333,1,5,2,0,6,3718,1837,1881,505,1079,2639,7.17106767616998,7.60392977681002,6.74833100478469,6.77637623762376,7.28379610750695,7.12497674118985,187
"203",2018,5,7.42307692307692,13,7.88888888888889,6.375,NA,7.7,7.25,9,4,0,5,8,3731,1846,1885,505,1084,2647,7.17194575716966,7.60531906825569,6.74753879045093,6.77637623762376,7.28571586715867,7.12535459765773,188
"204",2018,6,7.375,4,8,7.16666666666667,6.75,NA,7.375,1,3,2,0,4,3735,1847,1888,507,1084,2651,7.17216321820616,7.60553275582025,6.74820477754238,6.77627218934911,7.28571586715867,7.12573127876273,189
"205",2018,7,7.11538461538461,13,8.41666666666667,6,NA,6.83333333333333,7.2,6,7,0,3,10,3748,1853,1895,507,1087,2661,7.17196628068303,7.6081592012952,6.74544096042217,6.77627218934911,7.28446734130635,7.12601037955656,190
"206",2018,8,6.6125,8,6,6.7,NA,NA,6.6125,1,7,0,0,8,3756,1854,1902,507,1087,2669,7.17077465921193,7.60729180151025,6.74527372239748,6.77627218934911,7.28446734130635,7.1244711952042,191
"207",2018,9,7.0625,8,7.33333333333333,6.9,NA,NA,7.0625,3,5,0,0,8,3764,1857,1907,507,1087,2677,7.17054453241233,7.60684921917071,6.74567940220242,6.77627218934911,7.28446734130635,7.1242859992529,192
"208",2018,10,6.82307692307692,13,7.84,6.1875,7,7.2,6.79166666666667,5,8,2,1,12,3777,1862,1915,509,1088,2689,7.16934858882711,7.60747529538131,6.74334758224543,6.77715127701375,7.28438970588235,7.12280164373373,193
"209",2018,11,7.29166666666667,12,7.4,7.21428571428571,7.25,7,7.31818181818182,5,7,4,1,11,3789,1867,1922,513,1089,2700,7.16973597783056,7.60691965720407,6.74506275754423,6.78083820662768,7.28412855831038,7.12359763703704,194
"210",2018,12,6.83333333333333,9,7.1,6.5,NA,NA,6.83333333333333,5,4,0,0,9,3798,1872,1926,513,1089,2709,7.16893881516588,7.60556570512821,6.74455380062306,6.78083820662768,7.28412855831038,7.12263330380214,195
"211",2019,1,7.05555555555556,9,7.9,6,4,5.5,7.5,5,4,1,2,7,3807,1877,1930,514,1091,2716,7.16867076963488,7.60635002663825,6.74301068393783,6.7754280155642,7.28085792850596,7.12360589837997,196
"212",2019,2,7.55470588235294,17,7.99125,7.16666666666667,6.5,6.66666666666667,7.745,8,9,1,3,14,3824,1885,1939,515,1094,2730,7.17038692991632,7.60798355437666,6.74497711191336,6.7748932038835,7.27917367458867,7.12679253479854,197
"213",2019,3,6.98,20,7.06,6.9,8,6.5,7.03333333333333,10,10,3,2,18,3844,1895,1949,518,1096,2748,7.16939636316337,7.60509182058048,6.74577250897897,6.78198841698842,7.27775182481752,7.126180356623,198
"214",2019,4,7.30555555555556,18,7.90909090909091,6.35714285714286,NA,8.5,7.06666666666667,11,7,0,3,15,3862,1906,1956,518,1099,2763,7.17003097358881,7.6068462749213,6.74438170756647,6.78198841698842,7.28108826205642,7.12585726384365,199
"215",2019,5,7.375,12,8.2,6.78571428571429,6,8,7.16666666666667,5,7,1,3,9,3874,1911,1963,519,1102,2772,7.17066588022716,7.60839822082679,6.7445290983189,6.7804816955684,7.28304537205082,7.12598976190476,200
"216",2019,6,6.74,10,6.98571428571429,6.16666666666667,7,NA,6.74,7,3,1,0,10,3884,1918,1966,520,1102,2782,7.16955705973224,7.60612565172054,6.74364731434385,6.78090384615385,7.28304537205082,7.12460230769231,201
"217",2019,7,7.32894736842105,19,7.96428571428571,6.95833333333333,7,8.16666666666667,7.171875,7,12,1,3,16,3903,1925,1978,521,1105,2798,7.17033297975916,7.60742805194805,6.74494975733064,6.78132437619962,7.2854443438914,7.12487263045033,202
"218",2019,8,7.13846153846154,26,7.53,6.89375,6.725,7.725,7.03181818181818,10,16,4,4,22,3929,1935,1994,525,1109,2820,7.17012207177399,7.60702790697674,6.74614374122367,6.78089523809524,7.28702975653742,7.12414667375887,203
"219",2019,9,6.4,10,8.5,5.875,6,6.33333333333333,6.5,2,8,3,6,4,3939,1937,2002,528,1115,2824,7.16816695100279,7.60794992256066,6.74266264735265,6.77645833333333,7.28189775784753,7.12326261331445,204
"220",2019,10,7.76454545454545,11,8.34428571428571,6.75,7,8.5025,7.34285714285714,7,4,1,4,7,3950,1944,2006,529,1119,2831,7.16982775189874,7.61060133744856,6.74267727816551,6.7768809073724,7.28626094727435,7.12380558813141,205
"221",2019,11,7.43333333333333,15,7.80625,7.00714285714286,6.89166666666667,6.9,7.7,8,7,6,5,10,3965,1952,2013,535,1124,2841,7.17082462042875,7.61140317622951,6.74359692995529,6.77816822429907,7.28454270462633,7.12583372756072,206
"222",2019,12,7.2,10,7.375,7.08333333333333,7.5,7.5,7.125,4,6,2,2,8,3975,1956,2019,537,1126,2849,7.17089801761006,7.61091973415133,6.74460654779594,6.78085661080075,7.28492539964476,7.12583138645139,207
"223",2020,1,6.78571428571429,14,7.05555555555556,6.3,7.25,NA,6.78571428571429,9,5,2,0,14,3989,1965,2024,539,1126,2863,7.16954615693156,7.60837608142494,6.74350821146245,6.7825974025974,7.28492539964476,7.12416822214461,208
"224",2020,2,7.51538461538462,13,8.07142857142857,6.86666666666667,6.75,7.25,7.56363636363636,7,6,2,2,11,4002,1972,2030,541,1128,2874,7.17066957021489,7.61001977687627,6.74387222660099,6.78247689463956,7.2848634751773,7.12585025052192,209
"225",2020,3,7.57142857142857,7,8,7.25,7,8.33333333333333,7,3,4,2,3,4,4009,1975,2034,543,1131,2878,7.17136932402095,7.61061215189874,6.74486756145526,6.78327808471455,7.28764456233422,7.12567533703962,210
"226",2020,4,8.07142857142857,7,8.75,7.16666666666667,7.75,10,7.75,4,3,2,1,6,4016,1979,2037,545,1132,2884,7.17293815239044,7.61291510864073,6.74548876779578,6.7868256880734,7.2900406360424,7.12697420943135,211
"227",2020,5,6.55181818181818,11,7.1,6.095,6.85666666666667,6,6.67444444444444,5,6,3,2,9,4027,1984,2043,548,1134,2893,7.17124152470822,7.61162247983871,6.74357837493882,6.78720802919708,7.28776543209877,7.12556640857242,212
"228",2020,6,7.57142857142857,7,7.875,7.16666666666667,7.16666666666667,NA,7.57142857142857,4,3,3,0,7,4034,1988,2046,551,1134,2900,7.17193594942985,7.61215241448692,6.74419873900294,6.78927404718693,7.28776543209877,7.12664262758621,213
"229",2020,7,6.86,10,7.72,6,NA,6.9,6.83333333333333,5,5,0,4,6,4044,1993,2051,551,1138,2906,7.17116459446093,7.61242298043151,6.74238450511946,6.78927404718693,7.28640246045694,7.12603703372334,214
"230",2020,8,7.15263157894737,19,7.36666666666667,6.96,6.05,6.1,7.21111111111111,9,10,2,1,18,4063,2002,2061,553,1139,2924,7.17107792763968,7.61131818181818,6.74344037845706,6.78660036166365,7.2853608428446,7.12656074555404,215
"231",2020,9,7.25333333333333,15,7.56,7.1,6.5,6.93333333333333,7.33333333333333,5,10,4,3,12,4078,2007,2071,557,1142,2936,7.17138048553212,7.61119033383159,6.74516205697731,6.78454219030521,7.28443607705779,7.12740586512262,216
"232",2020,10,7.31428571428571,14,7.57142857142857,7.05714285714286,NA,7,7.33846153846154,7,7,0,1,13,4092,2014,2078,557,1143,2949,7.17186940860215,7.61105213505462,6.74621300288739,6.78454219030521,7.28418722659667,7.12833625635809,217
"233",2020,11,7.42647058823529,17,7.91666666666667,6.25,7,7.5,7.41071428571429,12,5,1,3,14,4109,2026,2083,558,1146,2963,7.17292275979557,7.61286229022705,6.74502190110418,6.78492831541219,7.28475218150087,7.12967047586906,218
"234",2020,12,6.8125,16,8.0625,5.5625,5.875,4.25,7.17857142857143,8,8,4,2,14,4125,2034,2091,562,1148,2977,7.17152475636364,7.61463077679449,6.74049766618843,6.77845195729537,7.27946515679442,7.1299004433994,219
"235",2021,1,7.09090909090909,11,7.25,6.66666666666667,NA,7.5,7,8,3,0,2,9,4136,2042,2094,562,1150,2986,7.17131035299807,7.61320225269344,6.74039189111748,6.77845195729537,7.27984869565217,7.12950891493637,220
"236",2021,2,6.8,12,6.9,6.78,6.45,NA,6.8,2,10,4,0,12,4148,2044,2104,566,1150,2998,7.17023616682739,7.61250440313112,6.74058014258555,6.77613074204947,7.27984869565217,7.12819,221
"237",2021,3,7.14571428571429,7,7.5,6.88,6.52,7.25,7.104,3,4,1,2,5,4155,2047,2108,567,1152,3003,7.1701948543923,7.61233952125061,6.74084469639469,6.77567901234568,7.279796875,7.12814972360973,222
"238",2021,4,5.97777777777778,9,6.46666666666667,5,NA,5,6.1,6,3,0,1,8,4164,2053,2111,567,1153,3011,7.16761758405379,7.60899123234291,6.73837073424917,6.77567901234568,7.27781960104076,7.12541800730655,223
"239",2021,5,7.43181818181818,11,9,7.08333333333333,6.25,7.75,7.3125,2,9,4,3,8,4175,2055,2120,571,1156,3019,7.16831368143713,7.61034501216545,6.73983519811321,6.77199649737303,7.27904498269896,7.12591375289831,224
"240",2021,6,6.16666666666667,6,7,5.33333333333333,7,3,6.8,3,3,1,1,5,4181,2058,2123,572,1157,3024,7.16687625448457,7.60945529640428,6.73784767781442,6.77239510489511,7.27534658599827,7.12537487433863,225
"241",2021,7,7.22222222222222,9,7.5,7,6.5,7.33333333333333,7.16666666666667,4,5,3,3,6,4190,2062,2128,575,1160,3030,7.16699513603819,7.60924296799224,6.73846363721805,6.77097391304348,7.27549655172414,7.12545664026403,226
"242",2021,8,8.08461538461538,13,8.16666666666667,7.9,NA,8.5,8.00909090909091,9,4,0,2,11,4203,2071,2132,575,1162,3041,7.16983336188437,7.61166537904394,6.74064287992496,6.77097391304348,7.27760413080895,7.12865294968761,227
"243",2021,9,6.92307692307692,13,7.25,6.77777777777778,7.5,6.25,7.22222222222222,4,9,1,4,9,4216,2075,2141,576,1166,3050,7.16907249051233,7.61096819277108,6.74079898178422,6.77223958333333,7.27407890222984,7.12892905573771,228
"244",2021,10,7.125,12,7.5,6.85714285714286,5.66666666666667,6,7.22727272727273,5,7,3,1,11,4228,2080,2148,579,1167,3061,7.16894740302744,7.61070144230769,6.74117812849162,6.76651122625216,7.27298714652956,7.12928246324731,229
"245",2021,11,7.62,15,7.73333333333333,7.54444444444444,7.575,7,7.775,6,9,4,3,12,4243,2086,2157,583,1170,3073,7.17054197973132,7.61105417066155,6.74452972647195,6.77205831903945,7.27228717948718,7.13180397657013,230
"246",2021,12,6.61666666666667,18,6.9,6.33333333333333,6,5.375,6.97142857142857,9,9,2,4,14,4261,2095,2166,585,1174,3087,7.16820221074865,7.60799952267303,6.74282115420129,6.7694188034188,7.26582282793867,7.13107665046971,231
"247",2022,1,6.79166666666667,12,7.21428571428571,6.2,7,7.75,6.6,7,5,1,2,10,4273,2102,2171,586,1176,3097,7.16714477416335,7.60668839200761,6.74157099032704,6.76981228668942,7.2666462585034,7.1293618404908,232
"248",2022,2,7.48333333333333,12,7.54285714285714,7.4,NA,8,7.38,7,5,0,2,10,4285,2109,2176,586,1178,3107,7.16803024970829,7.60647652916074,6.74308392463235,6.76981228668942,7.26789134125637,7.13016852912778,233
"249",2022,3,7.35,10,7.82857142857143,6.23333333333333,NA,7.45,7.28333333333333,7,3,0,4,6,4295,2116,2179,586,1182,3113,7.16845392782305,7.60721124763705,6.74238211106012,6.76981228668942,7.2685076142132,7.13046373915837,234
"250",2022,4,7.64545454545455,11,7.875,7.51428571428571,NA,7.83333333333333,7.575,4,7,0,3,8,4306,2120,2186,586,1185,3121,7.16967246168137,7.60771650943396,6.74485389752974,6.76981228668942,7.26993755274261,7.13160321050945,235
"251",2022,5,7.5,9,7.5,7.5,NA,6,7.6875,6,3,0,1,8,4315,2126,2189,586,1186,3129,7.1703614414832,7.60741251175917,6.74588881681133,6.76981228668942,7.26886677908937,7.13302448705657,236
"252",2022,6,7.5,9,8.125,7,6,8.16666666666667,7.16666666666667,4,5,1,3,6,4324,2130,2194,587,1189,3135,7.17104755319149,7.60838450704225,6.74646792160438,6.76850085178876,7.27113204373423,7.13308887400319,237
"253",2022,7,7.682,15,7.823,7.4,7,7.5,7.71,10,5,1,2,13,4339,2140,2199,588,1191,3148,7.17281392486748,7.60938738317757,6.74795389722601,6.76889455782313,7.27151637279597,7.13547128970775,238
"254",2022,8,7.13076923076923,13,8,6.5875,6,NA,7.13076923076923,5,8,1,0,13,4352,2145,2207,589,1191,3161,7.17268833180147,7.6102979020979,6.74737227911192,6.76758913412564,7.27151637279597,7.13545195191395,239
"255",2022,9,7.51071428571429,14,7.69444444444444,7.18,9,7.80555555555556,6.98,9,5,1,9,5,4366,2154,2212,590,1200,3166,7.1737722446175,7.61064948932219,6.74835018987342,6.77137288135593,7.27552166666667,7.1352064497789,240
"256",2022,10,7.92142857142857,14,8.26363636363636,6.66666666666667,5,8.2,7.7125,11,3,1,6,8,4380,2165,2215,591,1206,3174,7.17616201369863,7.61396720554272,6.74823955756208,6.76837563451777,7.28012106135987,7.13666150598614,241
"257",2022,11,6.75,14,7.5625,5.66666666666667,6,6.5,6.79166666666667,8,6,4,2,12,4394,2173,2221,595,1208,3186,7.17480419208011,7.61377772664519,6.74531770373706,6.76321008403362,7.27882947019867,7.13536209039548,242
"258",2022,12,7.42307692307692,13,7.55,7,7,7,7.5,10,3,1,2,11,4407,2183,2224,596,1210,3197,7.17553656001815,7.61348557031608,6.74566125,6.76360738255034,7.27836859504132,7.13661670941508,243
