"","year","month","avg_rating","no_ratings","avg_rating_owned","avg_rating_not_owned","avg_rating_prev_owned","avg_rating_comment","avg_rating_no_comment","no_ratings_owned","no_ratings_not_owned","no_ratings_prev_owned","no_ratings_comment","no_ratings_no_comment","cum_no_ratings","cum_no_ratings_owned","cum_no_ratings_not_owned","cum_no_ratings_prev_owned","cum_no_ratings_comment","cum_no_ratings_no_comment","cum_avg_rating","cum_avg_rating_owned","cum_avg_rating_not_owned","cum_avg_rating_prev_owned","cum_avg_rating_comment","cum_avg_rating_no_comment","month_after_release"
"1",2001,6,7.66666666666667,3,7.66666666666667,NA,NA,7.66666666666667,NA,3,0,0,3,0,3,3,0,0,3,0,7.66666666666667,7.66666666666667,NA,NA,7.66666666666667,NA,-12
"2",2001,7,7,1,NA,7,NA,NA,7,0,1,0,0,1,4,3,1,0,3,1,7.5,7.66666666666667,7,NA,7.66666666666667,7,-11
"3",2001,8,6.5,2,6.5,NA,NA,8,5,2,0,0,1,1,6,5,1,0,4,2,7.16666666666667,7.2,7,NA,7.75,6,-10
"4",2001,9,7,1,7,NA,NA,NA,7,1,0,0,0,1,7,6,1,0,4,3,7.14285714285714,7.16666666666667,7,NA,7.75,6.33333333333333,-9
"5",2001,10,9,1,9,NA,NA,NA,9,1,0,0,0,1,8,7,1,0,4,4,7.375,7.42857142857143,7,NA,7.75,7,-8
"6",2001,11,6.75,4,7,6,NA,8,6.33333333333333,3,1,0,1,3,12,10,2,0,5,7,7.16666666666667,7.3,6.5,NA,7.8,6.71428571428571,-7
"7",2001,12,7,1,7,NA,NA,NA,7,1,0,0,0,1,13,11,2,0,5,8,7.15384615384615,7.27272727272727,6.5,NA,7.8,6.75,-6
"8",2002,1,8,1,8,NA,NA,NA,8,1,0,0,0,1,14,12,2,0,5,9,7.21428571428571,7.33333333333333,6.5,NA,7.8,6.88888888888889,-5
"9",2002,2,7.5,2,8,7,NA,8,7,1,1,0,1,1,16,13,3,0,6,10,7.25,7.38461538461539,6.66666666666667,NA,7.83333333333333,6.9,-4
"10",2002,3,8,2,8,NA,NA,NA,8,2,0,0,0,2,18,15,3,0,6,12,7.33333333333333,7.46666666666667,6.66666666666667,NA,7.83333333333333,7.08333333333333,-3
"11",2002,4,6.5,2,NA,6.5,6,NA,6.5,0,2,1,0,2,20,15,5,1,6,14,7.25,7.46666666666667,6.6,6,7.83333333333333,7,-2
"12",2002,5,3,1,NA,3,NA,NA,3,0,1,0,0,1,21,15,6,1,6,15,7.04761904761905,7.46666666666667,6,6,7.83333333333333,6.73333333333333,-1
"13",2002,6,7,3,7,NA,NA,NA,7,3,0,0,0,3,24,18,6,1,6,18,7.04166666666667,7.38888888888889,6,6,7.83333333333333,6.77777777777778,0
"14",2002,7,6.5,4,7,5,NA,7,6,3,1,0,2,2,28,21,7,1,8,20,6.96428571428571,7.33333333333333,5.85714285714286,6,7.625,6.7,1
"15",2002,8,7.25,4,7.33333333333333,7,7,7,7.5,3,1,1,2,2,32,24,8,2,10,22,7,7.33333333333333,6,6.5,7.5,6.77272727272727,2
"16",2002,9,4,2,NA,4,6,2,6,0,2,1,1,1,34,24,10,3,11,23,6.82352941176471,7.33333333333333,5.6,6.33333333333333,7,6.73913043478261,3
"17",2002,10,6,1,NA,6,NA,NA,6,0,1,0,0,1,35,24,11,3,11,24,6.8,7.33333333333333,5.63636363636364,6.33333333333333,7,6.70833333333333,4
"18",2002,11,6.625,4,6.625,NA,NA,6.5,6.66666666666667,4,0,0,1,3,39,28,11,3,12,27,6.78205128205128,7.23214285714286,5.63636363636364,6.33333333333333,6.95833333333333,6.7037037037037,5
"19",2002,12,6,1,6,NA,NA,NA,6,1,0,0,0,1,40,29,11,3,12,28,6.7625,7.18965517241379,5.63636363636364,6.33333333333333,6.95833333333333,6.67857142857143,6
"20",2003,1,6.66666666666667,3,6.66666666666667,NA,NA,NA,6.66666666666667,3,0,0,0,3,43,32,11,3,12,31,6.75581395348837,7.140625,5.63636363636364,6.33333333333333,6.95833333333333,6.67741935483871,7
"21",2003,2,6.3,5,6.25,6.33333333333333,6,6.5,6,2,3,1,3,2,48,34,14,4,15,33,6.70833333333333,7.08823529411765,5.78571428571429,6.25,6.86666666666667,6.63636363636364,8
"22",2003,3,6.6,5,7,6.33333333333333,6,6.6,NA,2,3,2,5,0,53,36,17,6,20,33,6.69811320754717,7.08333333333333,5.88235294117647,6.16666666666667,6.8,6.63636363636364,9
"23",2003,4,8,2,8,8,8,NA,8,1,1,1,0,2,55,37,18,7,20,35,6.74545454545455,7.10810810810811,6,6.42857142857143,6.8,6.71428571428571,10
"24",2003,5,7,5,7.5,6.66666666666667,NA,8,6.75,2,3,0,1,4,60,39,21,7,21,39,6.76666666666667,7.12820512820513,6.09523809523809,6.42857142857143,6.85714285714286,6.71794871794872,11
"25",2003,6,5.375,8,5.66666666666667,5.2,NA,5,5.6,3,5,0,3,5,68,42,26,7,24,44,6.60294117647059,7.02380952380952,5.92307692307692,6.42857142857143,6.625,6.59090909090909,12
"26",2003,7,5.97916666666667,24,6.25,5.6,7,5.9375,6,14,10,1,8,16,92,56,36,8,32,60,6.44021739130435,6.83035714285714,5.83333333333333,6.5,6.453125,6.43333333333333,13
"27",2003,8,6.57142857142857,14,7.2,6.22222222222222,5.83333333333333,6.83333333333333,6.5,5,9,3,3,11,106,61,45,11,35,71,6.45754716981132,6.86065573770492,5.91111111111111,6.31818181818182,6.48571428571429,6.44366197183099,14
"28",2003,9,7.21428571428571,7,7.21428571428571,NA,NA,7,7.25,7,0,0,1,6,113,68,45,11,36,77,6.50442477876106,6.89705882352941,5.91111111111111,6.31818181818182,6.5,6.50649350649351,15
"29",2003,10,5.33333333333333,3,8,4,NA,2,7,1,2,0,1,2,116,69,47,11,37,79,6.47413793103448,6.91304347826087,5.82978723404255,6.31818181818182,6.37837837837838,6.51898734177215,16
"30",2003,11,6.5,2,7,6,NA,6.5,NA,1,1,0,2,0,118,70,48,11,39,79,6.47457627118644,6.91428571428571,5.83333333333333,6.31818181818182,6.38461538461539,6.51898734177215,17
"31",2003,12,5.6,5,6,5.5,6,NA,5.6,1,4,1,0,5,123,71,52,12,39,84,6.4390243902439,6.90140845070423,5.80769230769231,6.29166666666667,6.38461538461539,6.46428571428571,18
"32",2004,1,5.68333333333333,6,5.75,5.55,NA,5.62,6,4,2,0,5,1,129,75,54,12,44,85,6.40387596899225,6.84,5.79814814814815,6.29166666666667,6.29772727272727,6.45882352941176,19
"33",2004,2,5.92857142857143,14,6.35714285714286,5.5,NA,5,6.18181818181818,7,7,0,3,11,143,82,61,12,47,96,6.35734265734266,6.79878048780488,5.76393442622951,6.29166666666667,6.21489361702128,6.42708333333333,20
"34",2004,3,6.63636363636364,11,7.16666666666667,6,6,8,6.5,6,5,1,1,10,154,88,66,13,48,106,6.37727272727273,6.82386363636364,5.78181818181818,6.26923076923077,6.25208333333333,6.43396226415094,21
"35",2004,4,7.375,8,7.375,NA,NA,8,7.28571428571429,8,0,0,1,7,162,96,66,13,49,113,6.42654320987654,6.86979166666667,5.78181818181818,6.26923076923077,6.28775510204082,6.48672566371681,22
"36",2004,5,6.4,5,7.33333333333333,5,NA,7,6,3,2,0,2,3,167,99,68,13,51,116,6.42574850299401,6.88383838383838,5.75882352941176,6.26923076923077,6.3156862745098,6.47413793103448,23
"37",2004,6,6.6,5,6.25,8,8,7,6.5,4,1,1,1,4,172,103,69,14,52,120,6.43081395348837,6.85922330097087,5.79130434782609,6.39285714285714,6.32884615384615,6.475,24
"38",2004,7,6.6,5,6.6,NA,NA,7,6.33333333333333,5,0,0,2,3,177,108,69,14,54,123,6.43559322033898,6.84722222222222,5.79130434782609,6.39285714285714,6.3537037037037,6.47154471544715,25
"39",2004,8,6.83333333333333,3,6.83333333333333,NA,NA,6.75,7,3,0,0,2,1,180,111,69,14,56,124,6.44222222222222,6.84684684684685,5.79130434782609,6.39285714285714,6.36785714285714,6.4758064516129,26
"40",2004,9,6.16666666666667,6,6.66666666666667,5.66666666666667,NA,5.66666666666667,6.66666666666667,3,3,0,3,3,186,114,72,14,59,127,6.43333333333333,6.84210526315789,5.78611111111111,6.39285714285714,6.33220338983051,6.48031496062992,27
"41",2004,10,6,4,7,5,NA,6.33333333333333,5,2,2,0,3,1,190,116,74,14,62,128,6.42421052631579,6.8448275862069,5.76486486486487,6.39285714285714,6.33225806451613,6.46875,28
"42",2004,11,6.625,8,7,6.25,NA,6.66666666666667,6.6,4,4,0,3,5,198,120,78,14,65,133,6.43232323232323,6.85,5.78974358974359,6.39285714285714,6.34769230769231,6.47368421052632,29
"43",2004,12,6,3,6.5,5,NA,8,5,2,1,0,1,2,201,122,79,14,66,135,6.42587064676617,6.84426229508197,5.77974683544304,6.39285714285714,6.37272727272727,6.45185185185185,30
"44",2005,1,7.28571428571429,7,7.4,7,7,7,7.4,5,2,1,2,5,208,127,81,15,68,140,6.45480769230769,6.86614173228346,5.80987654320988,6.43333333333333,6.39117647058824,6.48571428571429,31
"45",2005,2,6.77272727272727,11,7,6.375,6,5.875,7.28571428571429,7,4,2,4,7,219,134,85,17,72,147,6.47077625570776,6.87313432835821,5.83647058823529,6.38235294117647,6.3625,6.52380952380952,32
"46",2005,3,6.35833333333333,12,6.5,6.075,7.3,5.83333333333333,6.88333333333333,8,4,1,6,6,231,142,89,18,78,153,6.46493506493506,6.85211267605634,5.84719101123595,6.43333333333333,6.32179487179487,6.53790849673203,33
"47",2005,4,5.41666666666667,6,6.3,1,NA,5.16666666666667,5.66666666666667,5,1,0,3,3,237,147,90,18,81,156,6.43839662447257,6.83333333333333,5.79333333333333,6.43333333333333,6.27901234567901,6.52115384615385,34
"48",2005,5,6.5,9,6.91666666666667,5.66666666666667,6,6,6.75,6,3,1,3,6,246,153,93,19,84,162,6.44065040650406,6.83660130718954,5.78924731182796,6.41052631578947,6.26904761904762,6.52962962962963,35
"49",2005,6,6.08333333333333,6,6.16666666666667,6,5.5,5.33333333333333,6.83333333333333,3,3,2,3,3,252,156,96,21,87,165,6.43214285714286,6.82371794871795,5.79583333333333,6.32380952380952,6.2367816091954,6.53515151515152,36
"50",2005,7,7.25,2,8,6.5,NA,8,6.5,1,1,0,1,1,254,157,97,21,88,166,6.43858267716535,6.8312101910828,5.80309278350515,6.32380952380952,6.25681818181818,6.53493975903614,37
"51",2005,8,6.88888888888889,9,7.33333333333333,6.66666666666667,6.33333333333333,7,6.8,3,6,3,4,5,263,160,103,24,92,171,6.45399239543726,6.840625,5.85339805825243,6.325,6.28913043478261,6.54269005847953,38
"52",2005,9,6.57777777777778,9,7.24,5.75,NA,7.05,6.2,5,4,0,4,5,272,165,107,24,96,176,6.45808823529412,6.85272727272727,5.84953271028037,6.325,6.32083333333333,6.53295454545454,39
"53",2005,10,6.45454545454545,11,8,5.875,6,7.2,5.83333333333333,3,8,1,5,6,283,168,115,25,101,182,6.45795053003534,6.87321428571429,5.85130434782609,6.312,6.36435643564356,6.50989010989011,40
"54",2005,11,6.7,10,7,6.4,9,7.5,6.5,5,5,1,2,8,293,173,120,26,103,190,6.46621160409556,6.87687861271676,5.87416666666667,6.41538461538462,6.38640776699029,6.50947368421053,41
"55",2005,12,6.34615384615385,13,7.0625,5.2,NA,6.5,6.25,8,5,0,5,8,306,181,125,26,108,198,6.46111111111111,6.88508287292818,5.8472,6.41538461538462,6.39166666666667,6.4989898989899,42
"56",2006,1,7.07142857142857,7,7.3,6.5,NA,7.375,6.66666666666667,5,2,0,4,3,313,186,127,26,112,201,6.47476038338658,6.89623655913979,5.85748031496063,6.41538461538462,6.42678571428571,6.50149253731343,43
"57",2006,2,6.18181818181818,11,6.91666666666667,5.3,5,6,6.28571428571429,6,5,1,4,7,324,192,132,27,116,208,6.46481481481481,6.896875,5.83636363636364,6.36296296296296,6.41206896551724,6.49423076923077,44
"58",2006,3,6.63333333333333,9,6.91666666666667,6.06666666666667,6,6.425,6.8,6,3,2,4,5,333,198,135,29,120,213,6.46936936936937,6.89747474747475,5.84148148148148,6.33793103448276,6.4125,6.50140845070423,45
"59",2006,4,7,4,7,7,NA,7,7,3,1,0,1,3,337,201,136,29,121,216,6.47566765578635,6.89900497512438,5.85,6.33793103448276,6.41735537190083,6.50833333333333,46
"60",2006,5,6.05555555555556,9,6.6,5.375,NA,5.7,6.5,5,4,0,5,4,346,206,140,29,126,220,6.46473988439306,6.89174757281553,5.83642857142857,6.33793103448276,6.38888888888889,6.50818181818182,47
"61",2006,6,6.6,10,6.9,6.3,6.5,6.66666666666667,6.57142857142857,5,5,1,3,7,356,211,145,30,129,227,6.46853932584269,6.89194312796209,5.85241379310345,6.34333333333333,6.3953488372093,6.51013215859031,48
"62",2006,7,6.96666666666667,15,7.16666666666667,6.83333333333333,NA,7.1375,6.77142857142857,6,9,0,8,7,371,217,154,30,137,234,6.48867924528302,6.89953917050691,5.90974025974026,6.34333333333333,6.43868613138686,6.51794871794872,49
"63",2006,8,5.6,10,6.8,4.4,NA,4.66666666666667,6,5,5,0,3,7,381,222,159,30,140,241,6.46535433070866,6.8972972972973,5.8622641509434,6.34333333333333,6.40071428571429,6.50290456431535,50
"64",2006,9,6.1,5,NA,6.1,7,6.25,5.5,0,5,1,4,1,386,222,164,31,144,242,6.46062176165803,6.8972972972973,5.86951219512195,6.36451612903226,6.39652777777778,6.49876033057851,51
"65",2006,10,6.275,8,6.64,5.66666666666667,6,7.5,6.1,5,3,1,1,7,394,227,167,32,145,249,6.45685279187817,6.89162995594714,5.86586826347305,6.353125,6.40413793103448,6.48755020080321,52
"66",2006,11,6.64285714285714,7,6,7.125,NA,7.16666666666667,6.25,3,4,0,3,4,401,230,171,32,148,253,6.46009975062344,6.88,5.8953216374269,6.353125,6.4195945945946,6.48379446640316,53
"67",2006,12,5.94166666666667,12,5.71666666666667,6.16666666666667,7,5.96,5.92857142857143,6,6,1,5,7,413,236,177,33,153,260,6.44503631961259,6.85042372881356,5.9045197740113,6.37272727272727,6.40457516339869,6.46884615384615,54
"68",2007,1,6.5,18,6.75,5.625,6.5,6.75,6.42857142857143,14,4,1,4,14,431,250,181,34,157,274,6.44733178654292,6.8448,5.89834254143646,6.37647058823529,6.41337579617834,6.46678832116788,55
"69",2007,2,5.27369888888889,9,6.33333333333333,4.74388166666667,5,NA,5.27369888888889,3,6,1,0,9,440,253,187,35,157,283,6.42332565909091,6.83873517786561,5.86130101604278,6.33714285714286,6.41337579617834,6.42884554770318,56
"70",2007,3,6.60526315789474,19,7.1,6.05555555555556,6.33333333333333,6.54545454545455,6.6875,10,9,3,11,8,459,263,196,38,168,291,6.4308568409586,6.84866920152091,5.87022086734694,6.33684210526316,6.42202380952381,6.43595632302405,57
"71",2007,4,6.11538461538461,13,6.25,5.66666666666667,7,6.2,6.0625,10,3,1,5,8,472,273,199,39,173,299,6.42216798728813,6.82673992673993,5.86715221105528,6.35384615384615,6.41560693641619,6.42596418060201,58
"72",2007,5,6.5,17,6.81818181818182,5.91666666666667,NA,7.14285714285714,6.05,11,6,0,7,10,489,284,205,39,180,309,6.42487380368098,6.82640845070422,5.86860141463415,6.35384615384615,6.44388888888889,6.41379705501618,59
"73",2007,6,6.625,8,6.75,6.5,NA,6.5,6.75,4,4,0,4,4,497,288,209,39,184,313,6.42809515090543,6.82534722222222,5.88068559808612,6.35384615384615,6.44510869565217,6.41809357827476,60
"74",2007,7,6.23333333333333,15,6.66666666666667,5.94444444444444,6,6.78571428571429,5.75,6,9,2,7,8,512,294,218,41,191,321,6.42238923828125,6.82210884353741,5.8833178440367,6.33658536585366,6.45759162303665,6.40144327102804,61
"75",2007,8,6.47058823529412,17,6.25,6.66666666666667,7,6.75,6.31818181818182,8,9,3,6,11,529,302,227,44,197,332,6.42393816635161,6.80695364238411,5.91437572687225,6.38181818181818,6.46649746192893,6.39868460843374,62
"76",2007,9,6.1,15,6.35,5.6,6,7,5.77272727272727,10,5,2,4,11,544,312,232,46,201,343,6.41500604779412,6.79230769230769,5.90760038793103,6.36521739130435,6.4771144278607,6.37861017492711,63
"77",2007,10,6.30904761904762,21,6.6325,5.87777777777778,NA,6.92857142857143,5.99928571428571,12,9,0,7,14,565,324,241,46,208,357,6.4110677699115,6.78638888888889,5.90648668049793,6.36521739130435,6.49230769230769,6.36373470588235,64
"78",2007,11,6.609375,16,6.52083333333333,6.875,7.5,6.91666666666667,6.425,12,4,1,6,10,581,336,245,47,214,367,6.41652889845095,6.77690476190476,5.92229914285714,6.38936170212766,6.50420560747664,6.3654040599455,65
"79",2007,12,6.47727272727273,22,6.44444444444444,6.625,7,6.05555555555556,6.76923076923077,18,4,1,9,13,603,354,249,48,223,380,6.41874509121061,6.76,5.93358751004016,6.40208333333333,6.48609865470852,6.37921918421053,66
"80",2008,1,6.472,25,6.74,5.4,6,6.5,6.45333333333333,20,5,3,10,15,628,374,254,51,233,395,6.42086511146497,6.75893048128342,5.92308381889764,6.37843137254902,6.48669527896996,6.38203364556962,67
"81",2008,2,6.3,15,6.9,5.61428571428571,6.5,5.88571428571429,6.6625,8,7,2,7,8,643,382,261,53,240,403,6.41804555209953,6.76188481675393,5.91480187739464,6.38301886792453,6.46916666666667,6.38760121588089,68
"82",2008,3,6.25,10,6.625,6,5,6.07142857142857,6.66666666666667,4,6,1,7,3,653,386,267,54,247,406,6.41547211332312,6.76046632124352,5.91671644194757,6.35740740740741,6.45789473684211,6.38966327586207,69
"83",2008,4,6.675,16,7.25,6.1,6,7.475,5.875,8,8,1,8,8,669,394,275,55,255,414,6.42167905829596,6.77040609137056,5.92204832727273,6.35090909090909,6.48980392156863,6.37971809178744,70
"84",2008,5,6.80714285714286,14,6.81818181818182,6.76666666666667,NA,7.625,6.48,11,3,0,4,10,683,405,278,55,259,424,6.42958021961933,6.7717037037037,5.93116291366906,6.35090909090909,6.50733590733591,6.38208323113208,71
"85",2008,6,6.70714285714286,14,6.93333333333333,6.3,NA,7.18,6.44444444444444,9,5,0,5,9,697,414,283,55,264,433,6.43515536585366,6.77521739130435,5.93767946996466,6.35090909090909,6.52007575757576,6.3833794226328,72
"86",2008,7,6.09375,16,6.25,5.9375,5.91666666666667,6,6.13636363636364,8,8,6,5,11,713,422,291,61,269,444,6.42749409537167,6.76526066350711,5.93767453608247,6.30819672131148,6.51040892193309,6.37725966216216,73
"87",2008,8,6.26923076923077,13,6.3,6.25,5.66666666666667,6.1,6.375,5,8,3,5,8,726,427,299,64,274,452,6.42466017906336,6.75981264637002,5.94603107023411,6.278125,6.5029197080292,6.37721966814159,74
"88",2008,9,5.97222222222222,18,6.66666666666667,5.27777777777778,5.4,5.83333333333333,6.04166666666667,9,9,5,6,12,744,436,308,69,280,464,6.41371409946237,6.75788990825688,5.92650418831169,6.21449275362319,6.48857142857143,6.36854157327586,75
"89",2008,10,5.70769230769231,13,6.17142857142857,5.16666666666667,4.66666666666667,5.34,5.9375,7,6,3,5,8,757,443,314,72,285,472,6.40158955085865,6.7486230248307,5.911985,6.15,6.46842105263158,6.36123578389831,76
"90",2008,11,5.19444444444444,9,6.66666666666667,4.45833333333333,5.58333333333333,4.2,6.4375,3,6,3,5,4,766,446,320,75,290,476,6.38740638381201,6.74807174887892,5.88472903125,6.12733333333333,6.42931034482759,6.36187665966387,77
"91",2008,12,5.5,11,7.1,4.16666666666667,5,6.3,4.83333333333333,5,6,3,5,6,777,451,326,78,295,482,6.37484335907336,6.7519733924612,5.85310825153374,6.08397435897436,6.4271186440678,6.34284914937759,78
"92",2009,1,6.22592592592593,27,6.51333333333333,5.86666666666667,5.55714285714286,6.01666666666667,6.39333333333333,15,12,7,12,15,804,466,338,85,307,497,6.36984240049751,6.74429184549356,5.85358961538462,6.04058823529412,6.41107491856678,6.34437281690141,79
"93",2009,2,6.02380952380952,21,6.55,5.54545454545455,5.5,5.91666666666667,6.06666666666667,10,11,4,6,15,825,476,349,89,313,512,6.36103429090909,6.74021008403361,5.8438776217765,6.01629213483146,6.40159744408946,6.33623689453125,80
"94",2009,3,6.56086956521739,23,6.49230769230769,6.65,7,6.66666666666667,6.52352941176471,13,10,3,6,17,848,489,359,92,319,529,6.36645435141509,6.73361963190184,5.86633228412256,6.04836956521739,6.40658307210032,6.34225574669187,81
"95",2009,4,6.14090909090909,22,6.5125,5.92857142857143,5.125,4.86666666666667,6.34210526315789,8,14,4,3,19,870,497,373,96,322,548,6.36075090804598,6.73006036217304,5.86866833780161,6.00989583333333,6.39223602484472,6.34225052919708,82
"96",2009,5,6.69,20,7.08333333333333,6.52142857142857,6.5375,6.96,6.6,6,14,8,5,15,890,503,387,104,327,563,6.36814976404494,6.73427435387674,5.89228240310078,6.05048076923077,6.40091743119266,6.34911774422735,83
"97",2009,6,6.46666666666667,21,6.6125,6,5,6.35714285714286,6.52142857142857,16,5,2,7,14,911,519,392,106,334,577,6.37042073545554,6.73052023121387,5.89365635204082,6.03066037735849,6.4,6.35329859618718,84
"98",2009,7,6.33809523809524,21,6.54545454545454,6.11,6.275,6.175,6.37647058823529,11,10,4,4,17,932,530,402,110,338,594,6.36969237124464,6.72667924528302,5.89903803482587,6.03954545454545,6.39733727810651,6.35396176767677,85
"99",2009,8,6.4625,20,7.25,6.03846153846154,5.91666666666667,6.14285714285714,6.63461538461539,7,13,6,7,13,952,537,415,116,345,607,6.37164211134454,6.7335009310987,5.90340551807229,6.03318965517241,6.39217391304348,6.35997247116969,86
"100",2009,9,6.28571428571429,7,6.33333333333333,6.25,6.33333333333333,6.5,6.2,3,4,3,2,5,959,540,419,119,347,612,6.37101490093848,6.73127777777778,5.90671429594272,6.04075630252101,6.39279538904899,6.35866550653595,87
"101",2009,10,5.8,10,5.66666666666667,5.85714285714286,6,5,5.88888888888889,3,7,5,1,9,969,543,426,124,348,621,6.36512207430341,6.72539594843462,5.90589974178404,6.03911290322581,6.38879310344828,6.35185714975846,88
"102",2009,11,6.36,15,6.94,5.2,3,6.8,6.14,10,5,1,5,10,984,553,431,125,353,631,6.36504399390244,6.72927667269439,5.89771064965197,6.0148,6.39461756373938,6.34849966719493,89
"103",2009,12,6.37894736842105,19,6.96666666666667,5.85,6.83333333333333,6.21428571428571,6.475,9,10,3,7,12,1003,562,441,128,360,643,6.36530736789631,6.73307829181495,5.89662877551021,6.033984375,6.39111111111111,6.35086048211509,90
"104",2010,1,6.79166666666667,12,7,6.16666666666667,NA,7.66666666666667,6.5,9,3,0,3,9,1015,571,444,128,363,652,6.37034806896552,6.73728546409807,5.89845335585586,6.033984375,6.40165289256199,6.35291915644172,91
"105",2010,2,6.31428571428571,7,6,6.36666666666667,6,8,6.03333333333333,1,6,1,1,6,1022,572,450,129,364,658,6.36996408023483,6.7359965034965,5.9046962,6.03372093023256,6.40604395604396,6.350005,92
"106",2010,3,6.66666666666667,6,7.5,6.25,4,NA,6.66666666666667,2,4,1,0,6,1028,574,454,130,364,664,6.371695807393,6.73865853658537,5.90773852422908,6.01807692307692,6.40604395604396,6.35286640060241,93
"107",2010,4,6.67142857142857,14,6.7,6.64285714285714,6,7,6.64615384615385,7,7,2,1,13,1042,581,461,132,365,677,6.37572292706334,6.73819277108434,5.91890084598699,6.01780303030303,6.40767123287671,6.3584982127031,94
"108",2010,5,6.29090909090909,11,6.33333333333333,6.24,6,6.425,6.21428571428571,6,5,1,4,7,1053,587,466,133,369,684,6.3748369325736,6.73405451448041,5.92234611587983,6.01766917293233,6.40785907859079,6.35702235380117,95
"109",2010,6,8.5,4,8.5,NA,NA,NA,8.5,4,0,0,0,4,1057,591,466,133,369,688,6.3828791769158,6.74600676818951,5.92234611587983,6.01766917293233,6.40785907859079,6.36948152616279,96
"110",2010,7,5.28571428571429,7,6.33333333333333,4.5,5,6.75,4.7,3,4,2,2,5,1064,594,470,135,371,693,6.3756609868421,6.74392255892256,5.91024104255319,6.00259259259259,6.40970350404313,6.35743620490621,97
"111",2010,8,6.15,10,7,5.58333333333333,6,5.125,6.83333333333333,4,6,2,4,6,1074,598,476,137,375,699,6.3735598603352,6.74563545150502,5.90612035714286,6.00255474452555,6.396,6.36152115879828,98
"112",2010,9,6,7,5.83333333333333,6.125,6.5,5.75,6.1,3,4,1,2,5,1081,601,480,138,377,704,6.37114087881591,6.74108153078203,5.90794435416667,6.00615942028986,6.39257294429708,6.35966376420455,99
"113",2010,10,6.28571428571429,7,6.66666666666667,6,6,6,6.33333333333333,3,4,1,1,6,1088,604,484,139,378,710,6.37059125919118,6.7407119205298,5.9087051446281,6.00611510791367,6.39153439153439,6.35944125352113,100
"114",2010,11,6.93,10,7.16666666666667,6.575,6.43333333333333,7.66666666666667,6.61428571428571,6,4,3,3,7,1098,610,488,142,381,717,6.3756860564663,6.74490163934426,5.91416657786885,6.01514084507042,6.40157480314961,6.36192927475593,101
"115",2010,12,6.06363636363636,11,6.7,5.3,NA,6.64,5.58333333333333,6,5,0,5,6,1109,616,493,142,386,723,6.37259088367899,6.74446428571428,5.90793770791075,6.01514084507042,6.40466321243523,6.35546789764869,102
"116",2011,1,6.47857142857143,14,6.78333333333333,6.25,5.5,6,6.51538461538462,6,8,2,1,13,1123,622,501,144,387,736,6.3739121015138,6.74483922829582,5.91339978043912,6.00798611111111,6.40361757105943,6.35829251358696,103
"117",2011,2,6.21666666666667,12,6.43333333333333,6,7,6.76666666666667,5.66666666666667,6,6,2,6,6,1135,628,507,146,393,742,6.37224959471366,6.74186305732484,5.91442463510848,6.02157534246575,6.40916030534351,6.35269985175202,104
"118",2011,3,6.25,6,6.1,7,NA,6,6.3,5,1,0,1,5,1141,633,508,146,394,747,6.37160673970202,6.73679304897314,5.91656159448819,6.02157534246575,6.40812182741117,6.35234710843374,105
"119",2011,4,5.8,5,7,5,4,3,6.5,2,3,2,1,4,1146,635,511,148,395,751,6.36911281849913,6.73762204724409,5.91118060665362,5.99425675675676,6.39949367088608,6.35313354194408,106
"120",2011,5,6.25,10,6.25,6.25,6.25,6.25,6.25,4,6,2,2,8,1156,639,517,150,397,759,6.36808243079585,6.7345696400626,5.91511274661509,5.99766666666667,6.39874055415617,6.35204649538867,107
"121",2011,6,6.375,4,7.5,6,NA,NA,6.375,1,3,0,0,4,1160,640,520,150,397,763,6.36810628448276,6.735765625,5.91560248076923,5.99766666666667,6.39874055415617,6.35216682830931,108
"122",2011,7,6.22222222222222,9,6.7,5.625,7.5,6,6.28571428571429,5,4,1,2,7,1169,645,524,151,399,770,6.36698313943541,6.73548837209302,5.91338414122137,6.00761589403974,6.39674185463659,6.35156271428571,109
"123",2011,8,6.40625,16,7,5.8125,5.83333333333333,6,6.65,8,8,3,6,10,1185,653,532,154,405,780,6.36751332489451,6.73872894333844,5.91186708646617,6.00422077922078,6.39086419753086,6.35538883333333,110
"124",2011,9,6.1875,8,6.375,6,5,NA,6.1875,4,4,1,0,8,1193,657,536,155,405,788,6.36630619446773,6.73651445966514,5.91252479477612,5.99774193548387,6.39086419753086,6.35368437817259,111
"125",2011,10,6.30666666666667,15,7.3,5.81,5,5.5,6.6,5,10,3,4,11,1208,662,546,158,409,799,6.36556563741722,6.74077039274924,5.91064705128205,5.97879746835443,6.38215158924205,6.35707545682103,112
"126",2011,11,6.35652173913043,23,6.82,6,5.91666666666667,6.2,6.47692307692308,10,13,6,10,13,1231,672,559,164,419,812,6.36539666125102,6.7419494047619,5.91272502683363,5.9765243902439,6.37780429594272,6.35899419950739,113
"127",2011,12,6.92307692307692,13,7.22222222222222,6.25,NA,6.5,7,9,4,0,2,11,1244,681,563,164,421,823,6.3712245096463,6.7482966226138,5.91512129662522,5.9765243902439,6.37838479809976,6.36756171324423,114
"128",2012,1,6.11785714285714,28,6.37058823529412,5.72727272727273,5.5,5.72,6.33888888888889,17,11,5,10,18,1272,698,574,169,431,841,6.36564724056604,6.73909742120344,5.91152141114982,5.96242603550296,6.3631090487239,6.36694802615933,115
"129",2012,2,7.11111111111111,18,7.35,6.8125,7.5,6.625,7.25,10,8,2,4,14,1290,708,582,171,435,855,6.3760490620155,6.74772598870056,5.92390599656357,5.98040935672515,6.36551724137931,6.38140735672515,116
"130",2012,3,6.26666666666667,15,6.66666666666667,5.66666666666667,NA,6.5,6.23076923076923,9,6,0,2,13,1305,717,588,171,437,868,6.37479179310345,6.74670850767085,5.92128110544218,5.98040935672515,6.36613272311213,6.37915125576037,117
"131",2012,4,6.65333333333333,15,6.85714285714286,6.475,6.46666666666667,6.35714285714286,6.9125,7,8,6,7,8,1320,724,596,177,444,876,6.37795703787879,6.74777624309392,5.9287135738255,5.99689265536723,6.36599099099099,6.38402202054795,118
"132",2012,5,6.92307692307692,13,7.35,5.5,NA,6.91666666666667,6.92857142857143,10,3,0,6,7,1333,734,599,177,450,883,6.38327328582145,6.75598092643052,5.92656642737896,5.99689265536723,6.37333333333333,6.38833894677237,119
"133",2012,6,6.83333333333333,18,6.92857142857143,6.77272727272727,7,7.28571428571429,6.54545454545455,7,11,1,7,11,1351,741,610,178,457,894,6.38926964470762,6.75761133603239,5.94182506557377,6.00252808988764,6.38730853391685,6.39027213646533,120
"134",2012,7,6.57230769230769,13,7.25,6.27111111111111,7,7.33333333333333,6.344,4,9,4,3,10,1364,745,619,182,460,904,6.39101414222874,6.76025503355705,5.9466127463651,6.02445054945055,6.39347826086957,6.38976027654867,121
"135",2012,8,6.5,15,8,5.95454545454545,5.375,7.75,6.04545454545455,4,11,4,4,11,1379,749,630,186,464,915,6.39219963016679,6.76687583444593,5.94675125396825,6.01048387096774,6.4051724137931,6.38562108196721,122
"136",2012,9,6.79375,16,7.29090909090909,5.7,5.75,6.25,6.975,11,5,2,4,12,1395,760,635,188,468,927,6.39680522580645,6.77446052631579,5.94480833070866,6.00771276595745,6.40384615384615,6.39325058252427,123
"137",2012,10,6.80740740740741,27,7.15,6.60588235294118,6.8125,6.9,6.78636363636364,10,17,8,5,22,1422,770,652,196,473,949,6.4046014697609,6.77933766233766,5.96204492331288,6.0405612244898,6.40909090909091,6.40236384615385,124
"138",2012,11,6.83571428571429,14,7.18888888888889,6.2,5,6.5,6.92727272727273,9,5,2,3,11,1436,779,657,198,476,960,6.40880451949861,6.78406931964056,5.96385584474886,6.0300505050505,6.40966386554622,6.40837842708333,125
"139",2012,12,6.38,15,6.4625,6.28571428571429,5.25,6.5,6.35,8,7,4,3,12,1451,787,664,202,479,972,6.40850674707099,6.78080050825921,5.96724893072289,6.01460396039604,6.41022964509395,6.40765770576132,126
"140",2013,1,6.644,15,7.066,5.8,5.75,6.16666666666667,6.96222222222222,10,5,4,6,9,1466,797,669,206,485,981,6.41091629604366,6.78437892095357,5.9659989387145,6.00946601941747,6.40721649484536,6.41274545361876,127
"141",2013,2,6.02777777777778,18,6.45,5.81666666666667,5.86,6.8,5.80714285714286,6,12,5,4,14,1484,803,681,211,489,995,6.40626906334232,6.7818804483188,5.96336753303965,6.00592417061611,6.41042944785276,6.4042244120603,128
"142",2013,3,6.6625,16,6.825,6.5,7,7.25,6.46666666666667,8,8,2,4,12,1500,811,689,213,493,1007,6.40900219333333,6.78230579531443,5.96959838896952,6.01525821596244,6.41724137931034,6.40496851042701,129
"143",2013,4,6.63636363636364,11,6.66666666666667,6.6,7,6.5,6.71428571428571,6,5,1,4,7,1511,817,694,214,497,1014,6.41065737260093,6.78145654834761,5.97414018731988,6.01985981308411,6.41790744466801,6.40710383629191,130
"144",2013,5,6.70588235294118,17,7.05555555555556,6.3125,7.25,7.5,6.6,9,8,2,2,15,1528,826,702,216,499,1029,6.41394194371728,6.78444309927361,5.97799613960114,6.03125,6.42224448897796,6.40991573372206,131
"145",2013,6,6.21428571428571,14,6.71428571428571,5.71428571428571,6,5.9,6.38888888888889,7,7,3,5,9,1542,833,709,219,504,1038,6.41212924124514,6.78385354141657,5.97539251057828,6.03082191780822,6.41706349206349,6.40973342003854,132
"146",2013,7,6.77777777777778,9,7,6.66666666666667,7,7,6.75,3,6,1,1,8,1551,836,715,220,505,1046,6.4142509929078,6.78462918660287,5.98119341258741,6.03522727272727,6.41821782178218,6.41233584130019,133
"147",2013,8,7,13,7.55555555555556,5.75,6,7.33333333333333,6.9,9,4,3,3,10,1564,845,719,223,508,1056,6.41911975063939,6.79284023668639,5.97990721835883,6.0347533632287,6.42362204724409,6.41695387310606,134
"148",2013,9,6.61111111111111,9,6.5,6.75,7.75,6.5,6.83333333333333,5,4,2,6,3,1573,850,723,225,514,1059,6.42021823903369,6.79111764705882,5.9841677593361,6.05,6.42451361867704,6.41813341831917,135
"149",2013,10,6.4,15,6.83333333333333,5.75,6,7,6.30769230769231,9,6,1,2,13,1588,859,729,226,516,1072,6.42002726070529,6.79155995343422,5.9822404526749,6.04977876106195,6.42674418604651,6.41679411380597,136
"150",2013,11,6.36904761904762,21,6.895,5.89090909090909,5.33333333333333,6.1,6.453125,10,11,3,5,16,1609,869,740,229,521,1088,6.41936189558732,6.79275028768699,5.98088282432432,6.04039301310044,6.4236084452975,6.41732839154412,137
"151",2013,12,6.475,16,6.73333333333333,6.14285714285714,5,6.25,6.55,9,7,2,4,12,1625,878,747,231,525,1100,6.41990971692308,6.79214123006834,5.98240065595716,6.03138528138528,6.42228571428571,6.41877571818182,138
"152",2014,1,6.61111111111111,18,7.21428571428571,6.22727272727273,6.35714285714286,6.64,6.6,7,11,7,5,13,1643,885,758,238,530,1113,6.42200443700548,6.7954802259887,5.98595420844327,6.04096638655462,6.42433962264151,6.42089244384546,139
"153",2014,2,6.54166666666667,12,6.21428571428571,7,7.33333333333333,6.83333333333333,6.44444444444444,7,5,3,3,9,1655,892,763,241,533,1122,6.42287207854985,6.79091928251121,5.99259933158585,6.05705394190871,6.42664165103189,6.42108136363636,140
"154",2014,3,6.69,10,7,6.6125,7.4,6.28,7.1,2,8,1,5,5,1665,894,771,242,538,1127,6.42447645045045,6.7913870246085,5.99903150453956,6.06260330578512,6.42527881040892,6.42409342502218,141
"155",2014,4,6.68181818181818,11,7.25,6.55555555555556,6.5,7,6.5625,2,9,4,3,8,1676,896,780,246,541,1135,6.42616544749403,6.79241071428571,6.00545293589744,6.06971544715447,6.42846580406654,6.42506897797357,142
"156",2014,5,6.05,22,6.65833333333333,5.32,5.4,5.5,6.17222222222222,12,10,8,4,18,1698,908,790,254,545,1153,6.42129169022379,6.79063876651982,5.9967763164557,6.04862204724409,6.42165137614679,6.42112167389419,143
"157",2014,6,6.46363636363636,11,6.6,6.35,6.25,6.42,6.5,5,6,4,5,6,1709,913,796,258,550,1159,6.42156424224693,6.78959474260679,5.99943880653266,6.05174418604651,6.42163636363636,6.42153001725626,144
"158",2014,7,6.95,15,7.41666666666667,6.63888888888889,6.5,NA,6.95,6,9,2,0,15,1724,919,805,260,550,1174,6.42616200116009,6.7936887921654,6.0065879378882,6.05519230769231,6.42163636363636,6.42828218909711,145
"159",2014,8,6.26428571428571,14,7.31428571428571,5.21428571428571,6.5,7.4,5.95454545454545,7,7,1,3,11,1738,926,812,261,553,1185,6.42485804948216,6.79762419006479,5.99975774630542,6.05689655172414,6.42694394213381,6.42388463291139,146
"160",2014,9,5.96666666666667,15,6.5,5.77272727272727,6.5,6.125,5.90909090909091,4,11,4,4,11,1753,930,823,265,557,1196,6.42093741585853,6.7963440860215,5.99672331713244,6.06358490566038,6.42477558348294,6.41914990802676,147
"161",2014,10,7.06666666666667,9,6.96,7.2,7.26666666666667,6.76666666666667,7.21666666666667,5,4,3,3,6,1762,935,827,268,560,1202,6.42423569239501,6.7972192513369,6.00254327690447,6.07705223880597,6.42660714285714,6.42313085690516,148
"162",2014,11,6.35294117647059,17,6.65,5.92857142857143,5.75,5.875,6.5,10,7,4,4,13,1779,945,834,272,564,1215,6.42355440697021,6.79566137566137,6.00192241007194,6.07224264705882,6.42269503546099,6.42395332510288,149
"163",2014,12,6.70588235294118,17,7.22222222222222,6.125,7,5,6.8125,9,8,3,1,16,1796,954,842,275,565,1231,6.42622677616927,6.79968553459119,6.00309179334917,6.08236363636364,6.42017699115044,6.42900348497157,150
"164",2015,1,6.6375,16,6.94444444444444,6.24285714285714,6.28333333333333,7,6.51666666666667,9,7,6,4,12,1812,963,849,281,569,1243,6.42809232339956,6.80103842159917,6.00506865724382,6.08665480427046,6.42425307557118,6.42984979082864,151
"165",2015,2,6.74615384615385,13,7.08,6.5375,6.7,5,6.89166666666667,5,8,4,1,12,1825,968,857,285,570,1255,6.43035796712329,6.80247933884297,6.01003884480747,6.09526315789474,6.42175438596491,6.43426556972112,152
"166",2015,3,5.93333333333333,12,5.44,6.28571428571429,5.83333333333333,5.5,6.02,5,7,3,2,10,1837,973,864,288,572,1265,6.42711120849211,6.79547790339157,6.01227232638889,6.09253472222222,6.41853146853147,6.43099074308301,153
"167",2015,4,6.42391304347826,23,6.95,6.01923076923077,6.32142857142857,7.58333333333333,6.01470588235294,10,13,7,6,17,1860,983,877,295,578,1282,6.42707166129033,6.7970498474059,6.0123754732041,6.09796610169492,6.43062283737024,6.4254705850234,154
"168",2015,5,6.72291666666667,24,7.18214285714286,6.08,6.33333333333333,6.5,6.79722222222222,14,10,3,6,18,1884,997,887,298,584,1300,6.43084038747346,6.80245737211635,6.0131378692221,6.1003355704698,6.43133561643836,6.43061791538462,155
"169",2015,6,6.4375,16,6.85714285714286,6.11111111111111,6.125,6.16666666666667,6.6,7,9,4,6,10,1900,1004,896,302,590,1310,6.43089646842106,6.80283864541833,6.01412197544643,6.10066225165563,6.42864406779661,6.43191090839695,156
"170",2015,7,6.39583333333333,12,7.03571428571429,5.5,6.5,6,6.43181818181818,7,5,1,1,11,1912,1011,901,303,591,1321,6.43067640690377,6.80445103857567,6.01126891231964,6.1019801980198,6.42791878172589,6.43191013626041,157
"171",2015,8,6.40277777777778,18,6.85714285714286,6.11363636363636,4.66666666666667,5.66666666666667,6.55,7,11,3,3,15,1930,1018,912,306,594,1336,6.43041621243524,6.80481335952849,6.01250360745614,6.08790849673203,6.42407407407407,6.43323599550898,158
"172",2015,9,6.81944444444444,18,7.52777777777778,6.11111111111111,6.66666666666667,7.75,6.55357142857143,9,9,3,4,14,1948,1027,921,309,598,1350,6.43401092915811,6.81114897760467,6.01346719869707,6.09352750809061,6.43294314381271,6.43448391851852,159
"173",2015,10,6.635,20,7.45,5.82,6.73333333333333,6.7,6.61333333333333,10,10,3,5,15,1968,1037,931,312,603,1365,6.43605350101626,6.81730954676953,6.01138914070892,6.09967948717949,6.43515754560531,6.4364492967033,160
"174",2015,11,6.41136363636364,22,6.19375,6.53571428571429,6.16666666666667,6.1,6.50294117647059,8,14,6,5,17,1990,1045,945,318,608,1382,6.4357805477387,6.81253588516746,6.01915692063492,6.10094339622642,6.43240131578947,6.43726721418235,161
"175",2015,12,6.50666666666667,30,7.43333333333333,5.88888888888889,6.125,6.48888888888889,6.51428571428571,12,18,8,9,21,2020,1057,963,326,617,1403,6.43683331188119,6.81958372753075,6.01672200415369,6.10153374233129,6.43322528363047,6.43842002138275,162
"176",2016,1,6.48,25,6.88235294117647,5.625,7,6.025,6.56666666666667,17,8,1,4,21,2045,1074,971,327,621,1424,6.43736102200489,6.82057728119181,6.01349463439753,6.10428134556575,6.43059581320451,6.4403112991573,163
"177",2016,2,6.36818181818182,33,6.99333333333333,5.84722222222222,5.83333333333333,7.11111111111111,6.08958333333333,15,18,6,9,24,2078,1089,989,333,630,1448,6.43626241097209,6.82295684113866,6.01046844287159,6.0993993993994,6.44031746031746,6.43449812845304,164
"178",2016,3,6.668,25,7.23636363636364,6.22142857142857,6.35714285714286,7.35,6.45263157894737,11,14,7,6,19,2103,1100,1003,340,636,1467,6.43901725630053,6.82709090909091,6.01341305084746,6.10470588235294,6.44889937106918,6.43473298568507,165
"179",2016,4,6.74166666666667,12,6.87777777777778,6.33333333333333,NA,7,6.71818181818182,9,3,0,1,11,2115,1109,1006,340,637,1478,6.44073441607565,6.82750225428314,6.01436708747515,6.10470588235294,6.44976452119309,6.43684255074425,166
"180",2016,5,7.01304347826087,23,7.19444444444444,6.36,7.1,7.1,6.98888888888889,18,5,2,5,18,2138,1127,1011,342,642,1496,6.44689115528532,6.83336291038154,6.01607644906034,6.11052631578947,6.45482866043614,6.44348481951872,167
"181",2016,6,6.5625,8,7.6,4.83333333333333,5.5,7,6.41666666666667,5,3,2,2,6,2146,1132,1014,344,644,1502,6.44732212954334,6.83674911660777,6.01257720907298,6.10697674418605,6.45652173913043,6.443377689747,168
"182",2016,7,5.89090909090909,11,6.33333333333333,5.725,7,6,5.85,3,8,1,3,8,2157,1135,1022,345,647,1510,6.44448460361614,6.83541850220264,6.01032611545988,6.1095652173913,6.45440494590417,6.44023396688742,169
"183",2016,8,6.3,21,6.86363636363636,5.68,5.2,6.66666666666667,6.23888888888889,11,10,5,3,18,2178,1146,1032,350,650,1528,6.44309150137741,6.83568935427574,6.00712528100775,6.09657142857143,6.45538461538462,6.43786210078534,170
"184",2016,9,6.72222222222222,18,6.81818181818182,6.57142857142857,6.83333333333333,6.33333333333333,6.8,11,7,3,3,15,2196,1157,1039,353,653,1543,6.44537945810565,6.83552290406223,6.01092713185756,6.1028328611898,6.45482388973966,6.44138255994815,171
"185",2016,10,6.05833333333333,24,6.55,5.70714285714286,5.54444444444444,5.7,6.13,10,14,9,4,20,2220,1167,1053,362,657,1563,6.44119517567568,6.83307626392459,6.00688821462488,6.08895027624309,6.45022831050228,6.43739813819578,172
"186",2016,11,6.17241379310345,29,6.58333333333333,5.88235294117647,5.66666666666667,6.33333333333333,6.1304347826087,12,17,9,6,23,2249,1179,1070,371,663,1586,6.43772934192975,6.83053435114504,6.00490961682243,6.07870619946092,6.44917043740573,6.4329465889029,173
"187",2016,12,6.82727272727273,22,7.04,6.37142857142857,6.2,6,7.01111111111111,15,7,3,4,18,2271,1194,1077,374,667,1604,6.4415029898723,6.83316582914573,6.00729181987001,6.07967914438503,6.44647676161919,6.43943471945137,174
"188",2017,1,6.62777777777778,27,6.9175,5.8,5.25,5.7125,6.78695652173913,20,7,4,4,23,2298,1214,1084,378,671,1627,6.44369159704091,6.83455518945634,6.0059532195572,6.07089947089947,6.44210134128167,6.4443474431469,175
"189",2017,2,6.55,20,6.61538461538461,6.42857142857143,6,NA,6.55,13,7,1,0,20,2318,1227,1091,379,671,1647,6.44460883951683,6.83223308883456,6.00866479376719,6.07071240105541,6.44210134128167,6.44563041287189,176
"190",2017,3,6.57142857142857,21,6.76923076923077,6.25,5.75,7,6.55,13,8,2,1,20,2339,1240,1099,381,672,1667,6.44574745190252,6.83157258064516,6.01042155595997,6.06902887139108,6.44293154761905,6.4468825974805,177
"191",2017,4,6,7,6.25,5.66666666666667,NA,5.5,6.2,4,3,0,2,5,2346,1244,1102,381,674,1672,6.44441742966752,6.82970257234727,6.00948574410163,6.06902887139108,6.44013353115727,6.44614431220096,178
"192",2017,5,6.4375,8,6.625,6.25,6,8,6.21428571428571,4,4,1,1,7,2354,1248,1106,382,675,1679,6.44439392098556,6.82904647435897,6.01035559674503,6.06884816753927,6.44244444444444,6.44517765932102,179
"193",2017,6,7,10,6.85714285714286,7.33333333333333,6,7,7,7,3,1,2,8,2364,1255,1109,383,677,1687,6.44674420050762,6.829203187251,6.01393443642922,6.06866840731071,6.44409158050222,6.44780870776526,180
"194",2017,7,6.13157894736842,19,7,5.73076923076923,5.875,3.75,6.76666666666667,6,13,4,4,15,2383,1261,1122,387,681,1702,6.44423134284515,6.83001586042823,6.01065355614973,6.06666666666667,6.42826725403818,6.45061885428907,181
"195",2017,8,6.34375,16,6.5,6.1875,6,6.3,6.36363636363636,8,8,5,5,11,2399,1269,1130,392,686,1713,6.443561187995,6.8279353821907,6.01190556637168,6.06581632653061,6.42733236151604,6.45006029772329,182
"196",2017,9,6.44583333333333,24,6.83571428571429,5.9,6,6.66666666666667,6.41428571428571,14,10,2,3,21,2423,1283,1140,394,689,1734,6.44358369376806,6.8280202650039,6.01092393859649,6.06548223350254,6.42837445573295,6.44962704152249,183
"197",2017,10,6.2,22,6.40769230769231,5.9,6.1,NA,6.2,13,9,5,0,22,2445,1296,1149,399,689,1756,6.44139193865031,6.82380401234568,6.01005508268059,6.06591478696742,6.42837445573295,6.44649959567198,184
"198",2017,11,6.41739130434783,23,7.23846153846154,5.35,5,5.41666666666667,6.77058823529412,13,10,1,6,17,2468,1309,1159,400,695,1773,6.44116826985413,6.82792207792208,6.00436004314064,6.06325,6.41964028776979,6.44960704455725,185
"199",2017,12,6.60714285714286,14,7.0625,6,6,7.16666666666667,6.45454545454545,8,6,3,3,11,2482,1317,1165,403,698,1784,6.44210446817083,6.8293470007593,6.00433758798283,6.06277915632754,6.42285100286533,6.44963749439462,186
"200",2018,1,5.87428571428571,21,6.83,5.00545454545455,4.6,NA,5.87428571428571,10,11,5,0,21,2503,1327,1176,408,698,1805,6.43734050739113,6.82935192162773,5.99499429421769,6.04485294117647,6.42285100286533,6.44294365096953,187
"201",2018,2,6.75909090909091,22,6.88888888888889,6.66923076923077,6.3,6.4,6.86470588235294,9,13,5,5,17,2525,1336,1189,413,703,1822,6.44014387722772,6.82975299401198,6.00236609756098,6.04794188861985,6.42268847795164,6.44687886388584,188
"202",2018,3,6.43333333333333,12,6.42857142857143,6.44,6,7.23333333333333,6.16666666666667,7,5,1,3,9,2537,1343,1194,414,706,1831,6.44011166338195,6.82766195085629,6.00419873534339,6.04782608695652,6.42613314447592,6.44550152375751,189
"203",2018,4,6.19444444444444,18,6.6875,5.8,5.375,6,6.21875,8,10,4,2,16,2555,1351,1204,418,708,1847,6.43838093542075,6.82683197631384,6.00250273255814,6.04138755980861,6.42492937853107,6.44353724417975,190
"204",2018,5,6.375,12,7.35714285714286,5,4,NA,6.375,7,5,1,0,12,2567,1358,1209,419,708,1859,6.43808464744839,6.82956553755523,5.99835673283706,6.03651551312649,6.42492937853107,6.44309483055406,191
"205",2018,6,6,9,6.4,5.5,NA,5.66666666666667,6.16666666666667,5,4,0,3,6,2576,1363,1213,419,711,1865,6.43655407220497,6.82798972853998,5.99671334707338,6.03651551312649,6.42172995780591,6.44220551742627,192
"206",2018,7,6,9,6.83333333333333,4.33333333333333,6,6.25,5.8,6,3,1,4,5,2585,1369,1216,420,715,1870,6.43503415473888,6.82801314828342,5.99260961348685,6.03642857142857,6.42076923076923,6.44048839037433,193
"207",2018,8,6.0375,16,6.8,5.69090909090909,6.23333333333333,8,5.75714285714286,5,11,3,2,14,2601,1374,1227,423,717,1884,6.43258873125721,6.82791120815138,5.98990488182559,6.03782505910165,6.42517433751743,6.43541045116773,194
"208",2018,9,6.42727272727273,11,6.95,5.8,7,6,6.47,6,5,2,1,10,2612,1380,1232,425,718,1894,6.43256634379786,6.82844202898551,5.98913416396104,6.04235294117647,6.42458217270195,6.4355930781415,195
"209",2018,10,6.38461538461539,13,6.8,6.125,5.66666666666667,6.33333333333333,6.4,5,8,3,3,10,2625,1385,1240,428,721,1904,6.43232887238095,6.82833935018051,5.99001071774194,6.03971962616822,6.42420249653259,6.43540613970588,196
"210",2018,11,6.8706,15,7.1059,6.4,6,7,6.85069230769231,10,5,1,2,13,2640,1395,1245,429,723,1917,6.43481904924243,6.83032903225806,5.99165726104418,6.03962703962704,6.42579529737206,6.43822237350026,197
"211",2018,12,5.92307692307692,13,6.44444444444444,4.75,5.33333333333333,3,6.16666666666667,9,4,3,1,12,2653,1404,1249,432,724,1929,6.43231145495665,6.82785541310541,5.9876807766213,6.03472222222222,6.4210635359116,6.43653306894764,198
"212",2019,1,6.09947368421053,19,6.29923076923077,5.66666666666667,5.5,6.74,5.87071428571429,13,6,4,5,14,2672,1417,1255,436,729,1943,6.42994471931138,6.82300564573042,5.98614604780877,6.02981651376147,6.42325102880658,6.43245614513639,199
"213",2019,2,6.97692307692308,13,7.13333333333333,6.625,NA,7,6.975,9,4,0,1,12,2685,1426,1259,436,730,1955,6.43259303165736,6.82496423562412,5.98817576648134,6.02981651376147,6.42404109589041,6.43578633759591,200
"214",2019,3,6.46428571428571,14,6.5625,6.33333333333333,NA,7,6.42307692307692,8,6,0,1,13,2699,1434,1265,436,731,1968,6.43275742497221,6.8235,5.98981287747036,6.02981651376147,6.42482900136799,6.43570238313008,201
"215",2019,4,6.75,12,7.14285714285714,6.2,6.5,6,7.125,7,5,2,4,8,2711,1441,1270,438,735,1976,6.43416167097012,6.82505135322693,5.99064038582678,6.03196347031963,6.42251700680272,6.43849306174089,202
"216",2019,5,5.87571428571429,14,6.6575,4.83333333333333,6,7,5.78923076923077,8,6,1,1,13,2725,1449,1276,439,736,1989,6.43129258348624,6.82412629399586,5.9851985031348,6.03189066059226,6.42330163043478,6.4342495173454,203
"217",2019,6,5.9375,8,6.3,5.33333333333333,5.33333333333333,7,5.78571428571429,5,3,3,1,7,2733,1454,1279,442,737,1996,6.42984716062935,6.82232393397524,5.98366949960907,6.02714932126697,6.42408412483039,6.43197509519038,204
"218",2019,7,6.91666666666667,12,7.125,6.5,6,7.4,6.57142857142857,8,4,2,5,7,2745,1462,1283,444,742,2003,6.43197533333333,6.82398016415869,5.98527925954794,6.02702702702703,6.43066037735849,6.43246245132302,205
"219",2019,8,6.19230769230769,13,6.38888888888889,5.75,6,6.5,6.05555555555556,9,4,1,4,9,2758,1471,1287,445,746,2012,6.43084564539522,6.82131815091774,5.98454801087802,6.02696629213483,6.43103217158177,6.4307764860835,206
"220",2019,9,6.98181818181818,11,6.975,7,NA,6.5,7.08888888888889,8,3,0,2,9,2769,1479,1290,445,748,2021,6.43303441314554,6.82214942528736,5.98690952713179,6.02696629213483,6.43121657754011,6.43370721919842,207
"221",2019,10,6.87,10,6.88571428571429,6.83333333333333,7,NA,6.87,7,3,1,0,10,2779,1486,1293,446,748,2031,6.43460679740914,6.82244885598923,5.988873387471,6.02914798206278,6.43121657754011,6.43585538650911,208
"222",2019,11,6.74615384615385,13,7.275,5.9,6.5,7.6,6.59090909090909,8,5,3,2,11,2792,1494,1298,449,750,2042,6.43605741045845,6.82487215528782,5.98853104006164,6.03229398663697,6.43433333333333,6.43669064152792,209
"223",2019,12,6.6225,20,7.16428571428571,5.35833333333333,5.5,7.75,6.49722222222222,14,6,2,2,18,2812,1508,1304,451,752,2060,6.4373834601707,6.82802320954907,5.98563135736197,6.02993348115299,6.43783244680851,6.43721955825243,210
"224",2020,1,6.45235,20,6.53646666666667,6.2,6.33333333333333,6.7735,6.41666666666667,15,5,3,2,18,2832,1523,1309,454,754,2078,6.43748915607345,6.82515167432699,5.98645018334607,6.03193832599119,6.43872281167109,6.4370415255053,211
"225",2020,2,6.69858578947368,19,6.91119363636364,6.40625,5.75,7,6.61820866666667,11,8,2,4,15,2851,1534,1317,456,758,2093,6.43922918975798,6.82576866362451,5.98900022019742,6.03070175438596,6.44168469656992,6.43833990444338,212
"226",2020,3,6.04411764705882,17,6.6875,5.47222222222222,6.875,6,6.046875,8,9,2,1,16,2868,1542,1326,458,759,2109,6.43688717573222,6.82505131647211,5.98549267722474,6.03438864628821,6.44110276679842,6.43537004267425,213
"227",2020,4,6.4,5,6.4,NA,NA,NA,6.4,5,0,0,0,5,2873,1547,1326,458,759,2114,6.43682297946398,6.82367752424047,5.98549267722474,6.03438864628821,6.44110276679842,6.43528638599811,214
"228",2020,5,7.288,5,8,6.22,6.44,NA,7.288,3,2,1,0,5,2878,1550,1328,459,759,2119,6.43830174426685,6.82595427741935,5.98584585090362,6.03527233115468,6.44110276679842,6.43729845210005,215
"229",2020,6,5.22857142857143,7,6.8,4.6,4.5,5.86666666666667,4.75,2,5,2,3,4,2885,1552,1333,461,762,2123,6.43536652339688,6.82592083118557,5.98064762940735,6.02861171366594,6.43884120734908,6.43411936881771,216
"230",2020,7,6.37,10,6.78,5.96,6.8,6.8,6.32222222222222,5,5,1,1,9,2895,1557,1338,462,763,2132,6.43514073229707,6.82577336544637,5.98057047085202,6.03028138528139,6.43931454783748,6.43364700750469,217
"231",2020,8,6.52777777777778,9,6.46875,7,NA,6,6.59375,8,1,0,1,8,2904,1565,1339,462,764,2140,6.43542783057851,6.82394832587859,5.9813318073189,6.03028138528139,6.43873952879581,6.43424552336449,218
"232",2020,9,6.0125,8,6.42,5.33333333333333,4,4.5,6.51666666666667,5,3,1,2,6,2912,1570,1342,463,766,2146,6.43426594093407,6.82266186624204,5.97988322652757,6.02589632829374,6.43367754569191,6.43447596458528,219
"233",2020,10,5.92857142857143,7,6,5.75,6.5,6.5,5.83333333333333,5,2,1,1,6,2919,1575,1344,464,767,2152,6.43305324426173,6.82005024126984,5.97954113839286,6.02691810344828,6.43376401564537,6.43279991635688,220
"234",2020,11,6.74615384615385,13,6.67,7,6,6.5,6.76666666666667,10,3,1,1,12,2932,1585,1347,465,768,2164,6.43444148021828,6.81910355205047,5.9818138752784,6.02686021505376,6.43385026041667,6.43465130314233,221
"235",2020,12,6.39230769230769,13,7.16666666666667,4.65,4,7,6.34166666666667,9,4,1,1,12,2945,1594,1351,466,769,2176,6.43425549066214,6.82106595357591,5.97787068097705,6.02251072961373,6.43458647594278,6.43413852022059,222
"236",2021,1,6.41428571428571,21,6.78,5.5,5,6.5,6.40526315789474,15,6,1,2,19,2966,1609,1357,467,771,2195,6.43411409979771,6.82068311373524,5.97575776713338,6.02032119914347,6.43475616083009,6.43388857403189,223
"237",2021,2,5.67307692307692,13,6.25,5.41666666666667,5,NA,5.67307692307692,4,9,5,0,13,2979,1613,1366,472,771,2208,6.43079302450487,6.81926790452573,5.97207415080527,6.00951271186441,6.43475616083009,6.4294091576087,224
"238",2021,3,6.39333333333333,15,7.04444444444444,5.41666666666667,5,6.66666666666667,6.325,9,6,4,3,12,2994,1622,1372,476,774,2220,6.4306053507014,6.82051734278668,5.96964525510204,6.00102941176471,6.43565503875969,6.42884478378379,225
"239",2021,4,6.55555555555556,9,6.625,6,NA,NA,6.55555555555556,8,1,0,0,9,3003,1630,1373,476,774,2229,6.43097982683983,6.81955774846626,5.96966736343773,6.00102941176471,6.43565503875969,6.42935640197398,226
"240",2021,5,6.05,10,7.1,5,6,7.5,5.6875,5,5,1,2,8,3013,1635,1378,477,776,2237,6.42971537338201,6.82041537003058,5.96614897677794,6.00102725366876,6.43839819587629,6.42670336164506,227
"241",2021,6,7.2,3,8,6.8,7.2,7.6,6.4,1,2,1,2,1,3016,1636,1380,478,778,2238,6.43048157161804,6.82113638753056,5.96735745652174,6.00353556485356,6.44138431876607,6.42669142984808,228
"242",2021,7,6.86153846153846,13,7.275,6.2,5,8.5,6.725,8,5,1,1,12,3029,1644,1385,479,779,2250,6.43233160118851,6.82334496958638,5.96819732129964,6.00144050104384,6.444026957638,6.42828240888889,229
"243",2021,8,5.76588235294118,17,6.39111111111111,5.0625,6,5.4,5.91833333333333,9,8,2,5,12,3046,1653,1393,481,784,2262,6.42861208798424,6.8209916091954,5.96299590093324,6.00143451143451,6.43736862244898,6.42557710875332,230
"244",2021,9,6.29285714285714,14,7.5125,4.66666666666667,2,7.62,5.55555555555556,8,6,1,5,9,3060,1661,1399,482,789,2271,6.4279909869281,6.82432217338953,5.95743623302359,5.99313278008299,6.44486311787072,6.42212920299428,231
"245",2021,10,6.23571428571429,14,6.9,5.57142857142857,5,3.5,6.69166666666667,7,7,2,2,12,3074,1668,1406,484,791,2283,6.42711529603123,6.82463976618705,5.95551443100996,5.98902892561984,6.43741719342604,6.42354595707403,232
"246",2021,11,7.40666666666667,6,7.888,5,5,8.14666666666667,6.66666666666667,5,1,1,3,3,3080,1673,1407,485,794,2286,6.42902351298701,6.82781777047221,5.95483531627576,5.98698969072165,6.44387531486146,6.42386501312336,233
"247",2021,12,5.93636363636364,11,6.08333333333333,5.76,6.4,6.93333333333333,5.5625,6,5,2,3,8,3091,1679,1412,487,797,2294,6.42727027499191,6.82515731387731,5.95414538951841,5.98868583162218,6.44571769134253,6.42086112467306,234
"248",2022,1,6.78571428571429,14,6.8,6.75,6,6.33333333333333,6.90909090909091,10,4,1,3,11,3105,1689,1416,488,800,2305,6.42888644766506,6.82500836589698,5.95639356638418,5.98870901639344,6.44529625,6.42319107158352,235
"249",2022,2,6.125,8,6.5,6,5.6,6,6.14285714285714,2,6,5,1,7,3113,1691,1422,493,801,2312,6.42810549951815,6.82462396806623,5.95657755977497,5.98476673427992,6.44474032459426,6.42234230968858,236
"250",2022,3,5.74625,8,6.875,4.6175,4.5,5.43,5.79142857142857,4,4,2,1,7,3121,1695,1426,495,802,2319,6.42635771227171,6.82474284955752,5.95282138148668,5.97876767676768,6.44347506234414,6.42043786977146,237
"251",2022,4,6.45833333333333,6,6.75,5,NA,5,6.75,5,1,0,1,5,3127,1700,1427,495,803,2324,6.42641906619763,6.82452301764706,5.95215367203924,5.97876767676768,6.44167745952678,6.42114691049914,238
"252",2022,5,7.19230769230769,13,7.125,7.3,NA,6.25,7.36363636363636,8,5,0,2,11,3140,1708,1432,495,805,2335,6.42958994267516,6.82593040398127,5.95685983938547,5.97876767676768,6.44120124223603,6.42558690364026,239
"253",2022,6,4.66666666666667,3,4,5,5,NA,4.66666666666667,1,2,2,0,3,3143,1709,1434,497,805,2338,6.42790722876233,6.82427684610884,5.95552530683403,5.97482897384306,6.44120124223603,6.42332994867408,240
"254",2022,7,5.9,2,5.9,NA,NA,6.8,5,2,0,0,1,1,3145,1711,1434,497,806,2339,6.42757151669316,6.82319645236704,5.95552530683403,5.97482897384306,6.44164640198511,6.42272142796067,241
"255",2022,8,6.66666666666667,9,7.28571428571429,4.5,3,10,6.25,7,2,1,1,8,3154,1718,1436,498,807,2347,6.42825377932784,6.82508098370198,5.95349811281337,5.96885542168675,6.44605576208178,6.42213268853856,242
"256",2022,9,6.27692307692308,13,6.56666666666667,5.625,7,6.66666666666667,6.16,9,4,1,3,10,3167,1727,1440,499,810,2357,6.4276325923587,6.82373429646786,5.95258561805556,5.97092184368738,6.44687283950617,6.42102054306322,243
"257",2022,10,6.55,13,6.99285714285714,6.03333333333333,NA,6.5,6.55909090909091,7,6,0,2,11,3180,1734,1446,499,812,2368,6.42813283647799,6.82441702998847,5.95292067081604,5.97092184368738,6.44700369458128,6.42166191722973,244
"258",2022,11,6.8,10,7.875,6.08333333333333,6,7.5,6.72222222222222,4,6,2,1,9,3190,1738,1452,501,813,2377,6.42929856426332,6.8268349424626,5.9534595661157,5.9710379241517,6.44829889298893,6.4227999242743,245
"259",2022,12,7.54285714285714,7,7.56,7.5,8,9,7.3,5,2,1,1,6,3197,1743,1454,502,814,2383,6.431736759462,6.8289381124498,5.95558685694636,5.9750796812749,6.45143366093366,6.42500856903064,246
