"","year","month","avg_rating","no_ratings","avg_rating_owned","avg_rating_not_owned","avg_rating_prev_owned","avg_rating_comment","avg_rating_no_comment","no_ratings_owned","no_ratings_not_owned","no_ratings_prev_owned","no_ratings_comment","no_ratings_no_comment","cum_no_ratings","cum_no_ratings_owned","cum_no_ratings_not_owned","cum_no_ratings_prev_owned","cum_no_ratings_comment","cum_no_ratings_no_comment","cum_avg_rating","cum_avg_rating_owned","cum_avg_rating_not_owned","cum_avg_rating_prev_owned","cum_avg_rating_comment","cum_avg_rating_no_comment","month_after_release"
"1",2011,9,6,1,6,NA,NA,6,NA,1,0,0,1,0,1,1,0,0,1,0,6,6,NA,NA,6,NA,-5
"2",2011,12,7.83333333333333,3,8.25,7,NA,NA,7.83333333333333,2,1,0,0,3,4,3,1,0,1,3,7.375,7.5,7,NA,6,7.83333333333333,-2
"3",2012,1,7.5,2,8,7,7,7,8,1,1,1,1,1,6,4,2,1,2,4,7.41666666666667,7.625,7,7,6.5,7.875,-1
"4",2012,2,7.65165289256198,121,8.336,6.53586956521739,7.68181818181818,7.38421052631579,7.77409638554217,75,46,11,38,83,127,79,48,12,40,87,7.64055118110236,8.3,6.55520833333333,7.625,7.34,7.77873563218391,0
"5",2012,3,7.6984126984127,126,8.12857142857143,7.02244897959184,7.18181818181818,7.77976190476191,7.65773809523809,77,49,11,42,84,253,156,97,23,82,171,7.66936758893281,8.21538461538461,6.79123711340206,7.41304347826087,7.56524390243902,7.71929824561404,1
"6",2012,4,7.28108108108108,111,7.97647058823529,6.69,7.175,7.35416666666667,7.26091954022989,51,60,16,24,87,364,207,157,39,106,258,7.55096153846154,8.15652173913043,6.75254777070064,7.31538461538462,7.51745283018868,7.56472868217054,2
"7",2012,5,7.26370967741935,62,8.05862068965517,6.56515151515152,7.20833333333333,7.02222222222222,7.3625,29,33,12,18,44,426,236,190,51,124,302,7.50915492957746,8.14449152542373,6.72,7.29019607843137,7.44556451612903,7.53526490066225,3
"8",2012,6,7.38846153846154,78,7.88888888888889,6.95952380952381,6.2,7.22,7.41323529411765,36,42,9,10,68,504,272,232,60,134,370,7.49047619047619,8.11066176470588,6.76336206896552,7.12666666666667,7.42873134328358,7.51283783783784,4
"9",2012,7,7.36671428571429,70,7.61578947368421,7.0709375,7.23636363636364,7.34285714285714,7.37267857142857,38,32,11,14,56,574,310,264,71,148,426,7.47538327526132,8.05,6.80064393939394,7.14366197183099,7.42060810810811,7.49441314553991,5
"10",2012,8,7.53283582089552,67,8.11212121212121,6.97058823529412,7.88125,6.75,7.60983606557377,33,34,16,6,61,641,343,298,87,154,487,7.48138845553822,8.05597667638484,6.82003355704698,7.27931034482759,7.39448051948052,7.50887063655031,6
"11",2012,9,7.10416666666667,48,7.68181818181818,6.61538461538461,7.1,6.95,7.14473684210526,22,26,5,10,38,689,365,324,92,164,525,7.45510885341074,8.03342465753425,6.80361111111111,7.26956521739131,7.36737804878049,7.48251428571429,7
"12",2012,10,7.08767123287671,73,7.64,6.57894736842105,6.70833333333333,7.4375,6.98947368421053,35,38,12,16,57,762,400,362,104,180,582,7.41990813648294,7.999,6.78002762430939,7.20480769230769,7.37361111111111,7.43422680412371,8
"13",2012,11,7.26637931034483,58,7.85208333333333,6.85294117647059,7.33333333333333,6.27777777777778,7.44795918367347,24,34,9,9,49,820,424,396,113,189,631,7.4090487804878,7.99068396226415,6.78628787878788,7.21504424778761,7.32142857142857,7.43529318541997,9
"14",2012,12,6.99621212121212,66,7.65882352941177,6.2921875,5.5,6.72727272727273,7.05,34,32,9,11,55,886,458,428,122,200,686,7.37829571106095,7.9660480349345,6.74934579439252,7.08852459016394,7.28875,7.40440233236151,10
"15",2013,1,7.21184210526316,76,7.65111111111111,6.5741935483871,6.64444444444444,6.66666666666667,7.25857142857143,45,31,9,6,70,962,503,459,131,206,756,7.36514553014553,7.93787276341948,6.73751633986928,7.05801526717557,7.27063106796117,7.39089947089947,11
"16",2013,2,6.77333333333333,45,7.35294117647059,6.42142857142857,6.38571428571429,6.8,6.77,17,28,7,5,40,1007,520,487,138,211,796,7.33869910625621,7.91875,6.71934291581109,7.02391304347826,7.25947867298578,7.35969849246231,12
"17",2013,3,7.03061224489796,49,7.58095238095238,6.61785714285714,7.05555555555556,6.57142857142857,7.10714285714286,21,28,9,7,42,1056,541,515,147,218,838,7.32440340909091,7.90563770794824,6.71382524271845,7.02585034013606,7.23738532110092,7.34704057279236,13
"18",2013,4,6.84791666666667,48,7.30952380952381,6.48888888888889,7.16666666666667,6.5,6.92820512820513,21,27,9,9,39,1104,562,542,156,227,877,7.3036865942029,7.88336298932384,6.70261992619926,7.03397435897436,7.20814977973568,7.32841505131129,14
"19",2013,5,7.15862068965517,29,7.66666666666667,6.61428571428571,6.65,6.5,7.36818181818182,15,14,4,7,22,1133,577,556,160,234,899,7.29997352162401,7.87772963604853,6.70039568345324,7.024375,7.18696581196581,7.32938820912125,15
"20",2013,6,7.23461538461538,52,7.908,6.61111111111111,6.61111111111111,7.28181818181818,7.22195121951219,25,27,9,11,41,1185,602,583,169,245,940,7.29710548523207,7.87898671096345,6.69626072041166,7.00236686390533,7.19122448979592,7.32470212765957,16
"21",2013,7,7.08125,48,7.57142857142857,6.7,7.16666666666667,7,7.09512195121951,21,27,6,7,41,1233,623,610,175,252,981,7.28870235198702,7.86861958266453,6.6964262295082,7.008,7.1859126984127,7.31510703363914,17
"22",2013,8,6.97173913043478,46,7.47037037037037,6.26315789473684,6.7,6.97272727272727,6.97142857142857,27,19,5,11,35,1279,650,629,180,263,1016,7.27730258014074,7.85207692307692,6.6833386327504,6.99944444444445,7.17699619771863,7.30326771653543,18
"23",2013,9,7.03469387755102,49,7.41785714285714,6.52380952380952,6.72222222222222,7.71428571428571,6.92142857142857,28,21,9,7,42,1328,678,650,189,270,1058,7.26835090361446,7.83414454277286,6.67818461538462,6.98624338624339,7.19092592592593,7.28810964083176,19
"24",2013,10,7.08604651162791,43,7.66818181818182,6.47619047619048,6.875,7.5,6.94375,22,21,4,11,32,1371,700,671,193,281,1090,7.26263311451495,7.82892857142857,6.67186289120715,6.9839378238342,7.20302491103203,7.278,20
"25",2013,11,6.83584905660377,53,7.58571428571429,6.34375,6.92857142857143,6.70833333333333,6.87317073170732,21,32,14,12,41,1424,721,703,207,293,1131,7.24674859550562,7.82184466019417,6.65692745376956,6.98019323671498,7.18276450511945,7.26332449160035,21
"26",2013,12,6.8,44,7.308,6.13157894736842,7.25,7.83333333333333,6.53428571428571,25,19,6,9,35,1468,746,722,213,302,1166,7.2333583106267,7.80462466487936,6.64310249307479,6.98779342723005,7.2021523178808,7.24144082332762,22
"27",2014,1,7.35243902439024,82,7.48837209302326,7.2025641025641,7.5,7.76666666666667,7.25970149253731,43,39,11,15,67,1550,789,761,224,317,1233,7.23965806451613,7.78738910012674,6.67177398160315,7.01294642857143,7.2288643533123,7.24243309002433,23
"28",2014,2,7.25460317460317,63,7.915625,6.57225806451613,6.425,7.5,7.2137037037037,32,31,10,9,54,1613,821,792,234,326,1287,7.24024178549287,7.79238733252131,6.66787878787879,6.98782051282051,7.23634969325153,7.24122766122766,24
"29",2014,3,6.92307692307692,39,7.5,6.17647058823529,6.8,7.4375,6.79032258064516,22,17,5,8,31,1652,843,809,239,334,1318,7.23275423728814,7.78475682087782,6.65755253399258,6.98389121338912,7.24116766467066,7.23062215477997,25
"30",2014,4,7.15869565217391,46,7.84090909090909,6.53333333333333,6.72,6.5,7.18863636363636,22,24,5,2,44,1698,865,833,244,336,1362,7.23074793875147,7.78618497109827,6.65397358943577,6.97848360655738,7.23675595238095,7.2292657856094,26
"31",2014,5,7.006,50,7.5,6.47083333333333,7,6.65,7.095,26,24,9,10,40,1748,891,857,253,346,1402,7.22431922196796,7.77783389450056,6.64884480746791,6.97924901185771,7.21979768786127,7.22543509272468,27
"32",2014,6,7.02777777777778,36,7.76470588235294,6.36842105263158,7.125,8,6.93939393939394,17,19,8,3,33,1784,908,876,261,349,1435,7.22035313901345,7.77758810572687,6.64276255707763,6.98371647509579,7.22650429799427,7.21885714285714,28
"33",2014,7,6.47027027027027,37,7.24166666666667,6.1,6.55555555555556,6.38888888888889,6.49642857142857,12,25,9,9,28,1821,920,901,270,358,1463,7.20511257550796,7.77059782608696,6.6277025527192,6.96944444444444,7.2054469273743,7.20503075871497,29
"34",2014,8,7.36888888888889,45,7.96896551724138,6.28125,6,7.70833333333333,7.24545454545455,29,16,5,12,33,1866,949,917,275,370,1496,7.20906216505895,7.77665964172813,6.62165757906216,6.95181818181818,7.22175675675676,7.20592245989305,30
"35",2014,9,6.91755555555556,45,7.69086956521739,6.10909090909091,6.66666666666667,6.92714285714286,6.91578947368421,23,22,6,7,38,1911,972,939,281,377,1534,7.2021978021978,7.77462962962963,6.60964856230032,6.94572953736655,7.21628647214854,7.19873533246415,31
"36",2014,10,6.77745098039216,51,7.52291666666667,6.11481481481481,6.9,7.18888888888889,6.68928571428571,24,27,5,9,42,1962,996,966,286,386,1576,7.19115698267075,7.76856425702811,6.59581780538302,6.94493006993007,7.21564766839378,7.18515862944162,32
"37",2014,11,7.35434782608696,46,7.79038461538462,6.7875,6.33333333333333,7.125,7.40263157894737,26,20,3,8,38,2008,1022,986,289,394,1614,7.19489541832669,7.76911937377691,6.59970588235294,6.93858131487889,7.21380710659898,7.19027881040892,33
"38",2014,12,6.78333333333333,45,7.06818181818182,6.51086956521739,6.01,6.11666666666667,6.95,22,23,5,9,36,2053,1044,1009,294,403,1650,7.18587433024842,7.75434865900383,6.59768087215064,6.92278911564626,7.18930521091811,7.18503636363636,34
"39",2015,1,6.81764705882353,51,7.44230769230769,6.168,7.25,6.57142857142857,6.85681818181818,26,25,6,7,44,2104,1070,1034,300,410,1694,7.17694866920152,7.74676635514019,6.58729206963249,6.92933333333333,7.17875609756098,7.17651121605667,35
"40",2015,2,7.22363636363636,55,7.52142857142857,6.91481481481481,7.375,7.43181818181818,7.17159090909091,28,27,10,11,44,2159,1098,1061,310,421,1738,7.17813802686429,7.74102003642987,6.59562676720075,6.94370967741936,7.18536817102138,7.17638665132336,36
"41",2015,3,6.88538461538462,52,7.8695652173913,6.1048275862069,6.35714285714286,7.10714285714286,6.80368421052632,23,29,7,14,38,2211,1121,1090,317,435,1776,7.17125282677522,7.74365744870651,6.58256880733945,6.9307570977918,7.18285057471264,7.16841216216216,37
"42",2015,4,6.87272727272727,44,7.31304347826087,6.39047619047619,6.5,6.83333333333333,6.88285714285714,23,21,6,9,35,2255,1144,1111,323,444,1811,7.16542793791574,7.735,6.57893789378938,6.92275541795666,7.17576576576577,7.16289342904473,38
"43",2015,5,6.77666666666667,30,7.25294117647059,6.15384615384615,6,7.16666666666667,6.67916666666667,17,13,1,6,24,2285,1161,1124,324,450,1835,7.1603238512035,7.7279414298019,6.57402135231317,6.91990740740741,7.17564444444444,7.15656675749319,39
"44",2015,6,6.64,40,7.40625,6.12916666666667,6,8,6.56842105263158,16,24,6,2,38,2325,1177,1148,330,452,1873,7.15137204301075,7.7235683942226,6.5647212543554,6.90318181818182,7.17929203539823,7.14463427656167,40
"45",2015,7,6.97906976744186,43,7.35,6.65652173913043,6.33333333333333,7.64285714285714,6.85,20,23,3,7,36,2368,1197,1171,333,459,1909,7.14824324324324,7.71732664995823,6.5665243381725,6.89804804804805,7.18636165577342,7.13907805133578,41
"46",2015,8,7.30384615384615,26,8.14333333333333,6.15909090909091,7,4.66666666666667,7.64782608695652,15,11,3,3,23,2394,1212,1182,336,462,1932,7.14993316624895,7.72259900990099,6.56273265651438,6.89895833333333,7.17,7.14513457556936,42
"47",2015,9,7.36826923076923,52,7.58448275862069,7.09565217391304,7.16363636363636,6.97777777777778,7.45,29,23,11,9,43,2446,1241,1205,347,471,1975,7.15457481602617,7.71937147461725,6.57290456431535,6.90734870317003,7.16632696390658,7.15177215189873,43
"48",2015,10,7.09764705882353,34,7.515625,6.72611111111111,6.464,7.92833333333333,6.91964285714286,16,18,5,6,28,2480,1257,1223,352,477,2003,7.15379435483871,7.71677804295943,6.57515944399019,6.90105113636364,7.17591194968553,7.14852720918622,44
"49",2015,11,6.78837209302326,43,7.49545454545455,6.04761904761905,6.75,7.98333333333333,6.59459459459459,22,21,2,6,37,2523,1279,1244,354,483,2040,7.14756638921918,7.71297107114934,6.5662540192926,6.900197740113,7.18594202898551,7.13848039215686,45
"50",2015,12,7.021349,50,7.476,6.566698,6.33333333333333,6.8,7.06351071428571,25,25,6,8,42,2573,1304,1269,360,491,2082,7.145113661096,7.70842791411043,6.56626276595745,6.89075,7.17965376782078,7.13696803554275,46
"51",2016,1,6.92116279069767,43,7.40458333333333,6.31052631578947,7.125,6.75166666666667,6.94864864864865,24,19,4,6,37,2616,1328,1288,364,497,2119,7.14143251146789,7.70293674698795,6.56249025621118,6.89332417582418,7.17448692152918,7.13367977819726,47
"52",2016,2,7.46891891891892,37,7.85434782608696,6.83571428571429,7.5,10,7.39861111111111,23,14,3,1,36,2653,1351,1302,367,498,2155,7.14599979268752,7.70551443375278,6.56542814900154,6.8982833787466,7.18016064257028,7.13810554524362,48
"53",2016,3,6.34024390243902,41,7.77692307692308,5.67321428571429,6.1875,5.32142857142857,6.55,13,28,8,7,34,2694,1364,1330,375,505,2189,7.13373698960653,7.70619501466276,6.54664469924812,6.88312,7.15439603960396,7.12897096847876,49
"54",2016,4,6.89552631578947,38,7.28391304347826,6.3,6,6.625,6.96766666666667,23,15,5,8,30,2732,1387,1345,380,513,2219,7.13042366398243,7.69919250180245,6.54389401486989,6.8715,7.14614035087719,7.12679019828752,50
"55",2016,5,6.92619047619048,42,7.58695652173913,6.12631578947368,5.475,6.58571428571429,6.99428571428571,23,19,4,7,35,2774,1410,1364,384,520,2254,7.12733145277577,7.69736170212766,6.53807730938416,6.856953125,7.13859615384616,7.12473267524401,51
"56",2016,6,6.73589743589744,39,7.12272727272727,6.23529411764706,7.5,6.23333333333333,6.77777777777778,22,17,1,3,36,2813,1432,1381,385,523,2290,7.12190453252755,7.68853351955307,6.5343500724113,6.85862337662338,7.1334034416826,7.11927836244542,52
"57",2016,7,6.92820512820513,39,7.64210526315789,6.25,6,6.84444444444444,6.95333333333333,19,20,4,9,30,2852,1451,1401,389,532,2320,7.11925576788219,7.6879255685734,6.53029082798001,6.84979434447301,7.12851503759399,7.11713252155173,53
"58",2016,8,7.47025,40,7.60807692307692,7.21428571428571,6.5,7.04,7.53171428571429,26,14,3,5,35,2892,1477,1415,392,537,2355,7.12411045988935,7.68651997291808,6.53705826855124,6.84711734693878,7.12769087523277,7.12329403397028,54
"59",2016,9,7.22073170731707,41,7.72291666666667,6.51176470588235,6.62,7.52,7.17916666666667,24,17,5,5,36,2933,1501,1432,397,542,2391,7.12546111489942,7.6871019320453,6.53675799581006,6.84425692695214,7.13130996309963,7.12413527812631,55
"60",2016,10,6.67631578947368,38,7.275,6.01111111111111,5.96666666666667,7.5,6.55151515151515,20,18,6,5,33,2971,1521,1450,403,547,2424,7.11971640861663,7.68168310322157,6.53023272413793,6.83119106699752,7.13468007312614,7.11633970709571,56
"61",2016,11,6.82682926829268,41,7.39411764705882,6.425,5.75,6.64285714285714,6.86470588235294,17,24,6,7,34,3012,1538,1474,409,554,2458,7.11572956507304,7.67850455136541,6.52851930122117,6.81533007334964,7.12846570397112,7.11285901139138,57
"62",2016,12,6.94909090909091,55,7.77083333333333,6.31290322580645,6.41111111111111,7.4,6.87234042553191,24,31,9,8,47,3067,1562,1505,418,562,2505,7.11274126181937,7.67992317541613,6.52407803986711,6.80662679425837,7.13233096085409,7.10834628742515,58
"63",2017,1,7.17166666666667,60,7.62820512820513,6.32380952380952,5.91666666666667,7.94444444444444,7.03529411764706,39,21,6,9,51,3127,1601,1526,424,571,2556,7.11387190598017,7.67866333541537,6.52132205111402,6.79403301886793,7.14513134851138,7.10688867370892,59
"64",2017,2,6.77142857142857,35,7.11904761904762,6.25,7,7.6,6.63333333333333,21,14,3,5,30,3162,1622,1540,427,576,2586,7.11008141998735,7.67141800246609,6.51885548701299,6.79548009367682,7.14907986111111,7.10139499226605,60
"65",2017,3,6.43225806451613,31,6.38947368421053,6.5,5.5,5.5,6.61153846153846,19,12,2,5,26,3193,1641,1552,429,581,2612,7.10350061071093,7.65657525898842,6.51870969716495,6.78944055944056,7.13488812392427,7.09651893185299,61
"66",2017,4,6.8525,40,6.91851851851852,6.71538461538462,6.875,7.16666666666667,6.82702702702703,27,13,4,3,37,3233,1668,1565,433,584,2649,7.10039512836375,7.64462829736211,6.52034341853035,6.79023094688222,7.13505136986301,7.09275479426199,62
"67",2017,5,7.13888888888889,36,7.68421052631579,6.52941176470588,6.33333333333333,7.75,7.10294117647059,19,17,3,2,34,3269,1687,1582,436,586,2683,7.10081904252065,7.64507409602845,6.52044086599242,6.7870871559633,7.13715017064846,7.09288387998509,63
"68",2017,6,7.13870967741935,31,7.63888888888889,6.44615384615385,5.82857142857143,6.5,7.20714285714286,18,13,7,3,28,3300,1705,1595,443,589,2711,7.10117498484849,7.64500879765396,6.51983539184953,6.77194130925508,7.13390492359932,7.09406398008115,64
"69",2017,7,7.313125,32,7.525,6.96,7,7.876,7.20888888888889,20,12,4,5,27,3332,1725,1607,447,594,2738,7.10321051920768,7.64361739130435,6.5231222464219,6.77398210290828,7.14015151515151,7.09519629291454,65
"70",2017,8,6.90714285714286,42,7.23461538461538,6.375,6,7.4,6.85526315789474,26,16,4,4,38,3374,1751,1623,451,598,2776,7.10076984291642,7.63754426042262,6.52166201478743,6.76711751662971,7.14188963210702,7.0919119056196,66
"71",2017,9,7.11533947368421,38,7.9,6.409145,6.03048333333333,7.91666666666667,6.965090625,18,20,6,6,32,3412,1769,1643,457,604,2808,7.10093210726847,7.64021481062747,6.52029236153378,6.75744617067834,7.14958609271523,7.0904666488604,67
"72",2017,10,7.21351351351351,37,7.6,6.95,7.11111111111111,6.8625,7.31034482758621,15,22,9,8,29,3449,1784,1665,466,612,2837,7.10213985213105,7.63987668161435,6.52597018018018,6.76427660944206,7.14583333333333,7.09271425801904,68
"73",2017,11,6.46944444444444,36,6.85,5.87142857142857,6.675,6.9375,6.33571428571429,22,14,4,8,28,3485,1806,1679,470,620,2865,7.09560411764706,7.63025470653378,6.52051241810602,6.76351680851064,7.14314516129032,7.0853160034904,69
"74",2017,12,7.15882352941177,34,7.74444444444444,6.5,6.625,7.33333333333333,7.12142857142857,18,16,4,6,28,3519,1824,1695,474,626,2893,7.09621493321967,7.63138157894737,6.52031879056047,6.76234789029536,7.14496805111821,7.08566552022123,70
"75",2018,1,6.70416666666667,36,7.440625,6.115,5.33333333333333,7.33333333333333,6.6469696969697,16,20,3,3,33,3555,1840,1715,477,629,2926,7.09224482419128,7.62972282608696,6.51559204081633,6.75336037735849,7.14586645468998,7.08071782296651,71
"76",2018,2,7.24375,32,7.73333333333333,5.775,4.5,7.625,7.18928571428571,24,8,2,4,28,3587,1864,1723,479,633,2954,7.09359641761918,7.63105686695279,6.51215342426001,6.74395177453027,7.14889415481832,7.08174690250508,72
"77",2018,3,6.95652173913043,23,7.5,6.45833333333333,6.4,7.2,6.88888888888889,11,12,2,5,18,3610,1875,1735,481,638,2972,7.09272308864266,7.630288,6.5117811815562,6.74252162162162,7.14929467084639,7.0805788526245,73
"78",2018,4,6.71052631578947,19,7.35,6,6,8.25,6.52941176470588,10,9,1,2,17,3629,1885,1744,482,640,2989,7.0907220584183,7.62880106100796,6.50914010894495,6.74098112033195,7.152734375,7.07744407828705,74
"79",2018,5,6.55882352941176,17,7,5.75,5.66666666666667,NA,6.55882352941176,11,6,3,0,17,3646,1896,1750,485,640,3006,7.08824200493692,7.6251529535865,6.50653734285714,6.73433587628866,7.152734375,7.07451109447771,75
"80",2018,6,6.96880346153846,26,7.37925933333333,6.40909090909091,6.5,6.5,7.05404045454545,15,11,2,4,22,3672,1911,1761,487,644,3028,7.08739630718954,7.62322286237572,6.50592864849517,6.73337351129364,7.1486801242236,7.0743623645971,76
"81",2018,7,6.83076923076923,26,7.26923076923077,6.39230769230769,6.2,7.625,6.68636363636364,13,13,5,4,22,3698,1924,1774,492,648,3050,7.08559200649,7.62083102390852,6.5050960259301,6.72795304878049,7.15162037037037,7.0715636852459,77
"82",2018,8,6.87931034482759,29,7,6.80555555555556,7.16666666666667,7.75,6.74,11,18,9,4,25,3727,1935,1792,501,652,3075,7.0839869170915,7.61730175193799,6.50811403459821,6.73583413173653,7.15529141104294,7.06886804552846,78
"83",2018,9,6.83666666666667,15,7.14090909090909,6,6,6.275,6.92307692307692,11,4,1,2,13,3742,1946,1796,502,654,3088,7.08299552111171,7.61460888489209,6.50698237750557,6.73436832669323,7.1525993883792,7.06825428756477,79
"84",2018,10,7.21153846153846,26,7.69230769230769,6.73076923076923,6.5,7.5,7.10526315789474,13,13,4,7,19,3768,1959,1809,506,661,3107,7.08388249469215,7.61512449719245,6.50859057490326,6.73251561264822,7.15627836611195,7.06848060508529,80
"85",2018,11,6.98148148148148,27,7.67142857142857,6.23846153846154,6.5,8,6.85416666666667,14,13,4,3,24,3795,1973,1822,510,664,3131,7.08315394993413,7.61552401926001,6.50666319978046,6.73069196078431,7.16009036144578,7.06683782816992,81
"86",2018,12,6.78888888888889,36,7.20833333333333,5.95,6.5,7.15,6.71666666666667,24,12,2,6,30,3831,1997,1834,512,670,3161,7.08038873401201,7.61063039058588,6.50302091057797,6.7297908203125,7.16,7.0635144701044,82
"87",2019,1,7.00735294117647,34,7.37272727272727,6.3375,6.25,6.83333333333333,7.0241935483871,22,12,4,3,31,3865,2019,1846,516,673,3192,7.0797462457956,7.60803808320951,6.50194493499458,6.72607151162791,7.15854383358098,7.06313259398496,83
"88",2019,2,7.16153846153846,26,7.3875,6.8,7.125,7.66666666666667,7.01,16,10,4,6,20,3891,2035,1856,520,679,3212,7.08029278848625,7.60630412285012,6.50355083512931,6.72914019230769,7.16303387334315,7.06280175591532,84
"89",2019,3,6.54333333333333,30,7.30769230769231,5.95882352941176,5.33333333333333,5.66666666666667,6.64074074074074,13,17,3,3,27,3921,2048,1873,523,682,3239,7.07618445294568,7.60440863769531,6.49860670048051,6.72113365200765,7.15645161290322,7.05928349490584,85
"90",2019,4,7.09615384615385,26,7.56923076923077,6.62307692307692,6.68333333333333,8.475,6.84545454545455,13,13,6,4,22,3947,2061,1886,529,686,3261,7.07631599695972,7.6041867491509,6.49946466065748,6.72070491493384,7.16413994169096,7.0578409199632,86
"91",2019,5,6.92647058823529,17,7.75,6.58333333333333,6.5,7.08333333333333,6.89285714285714,5,12,2,3,14,3964,2066,1898,531,689,3275,7.075673370333,7.60453963697967,6.49999491570074,6.7198736346516,7.16378809869376,7.05713564580153,87
"92",2019,6,7.33684210526316,19,7.73,6.9,6.25,6.86666666666667,7.425,10,9,2,3,16,3983,2076,1907,533,692,3291,7.07691921667085,7.60514397398844,6.50188272155218,6.7181105065666,7.1625,7.05892410817381,88
"93",2019,7,6.64166666666667,30,7.2,6.153125,6,6.3,6.71,14,16,6,5,25,4013,2090,1923,539,697,3316,7.07366539745826,7.60243009090909,6.49898094123765,6.71011669758813,7.15631276901004,7.05629349819059,89
"94",2019,8,6.82916666666667,24,7.43125,5.625,6,6.33333333333333,6.9,16,8,1,3,21,4037,2106,1931,540,700,3337,7.07221185038395,7.60112957739791,6.49536009839461,6.70880166666667,7.15278571428571,7.05530993107582,90
"95",2019,9,6.79545454545455,22,7.61538461538461,5.61111111111111,5.75,8.25,6.47222222222222,13,9,4,4,18,4059,2119,1940,544,704,3355,7.07071181079084,7.60121703161869,6.49125791237113,6.70175165441176,7.15901988636363,7.05218159165425,91
"96",2019,10,6.5195652173913,23,7.175,6.01538461538462,5.16666666666667,5.92857142857143,6.778125,10,13,6,7,16,4082,2129,1953,550,711,3371,7.06760637922587,7.59921507280413,6.48809029697901,6.68500527272727,7.14690576652602,7.05088081874815,92
"97",2019,11,6.66666666666667,30,7.15384615384615,6.29411764705882,6.9,6.5,6.68518518518519,13,17,5,3,27,4112,2142,1970,555,714,3398,7.06468123540856,7.59651208683473,6.4864164213198,6.68694216216216,7.14418767507003,7.04797505591525,93
"98",2019,12,6.85576923076923,26,7.52142857142857,6.07916666666667,6.2375,6.85,6.85652173913043,14,12,4,3,23,4138,2156,1982,559,717,3421,7.06336859352344,7.59602453153989,6.48395073158426,6.68372611806798,7.14295676429568,7.04668788073663,94
"99",2020,1,6.66705882352941,34,7.21818181818182,5.65666666666667,6,6.3,6.73034482758621,22,12,2,5,29,4172,2178,1994,561,722,3450,7.06013883988495,7.59220793847567,6.47897209127382,6.68128859180036,7.13711911357341,7.04402876521739,95
"100",2020,2,7.2037037037037,27,7.56666666666667,6.75,8.66666666666667,6.9,7.27272727272727,15,12,3,5,22,4199,2193,2006,564,727,3472,7.06106197666111,7.5920332375741,6.48059339481555,6.69184911347518,7.13548830811554,7.04547789170507,96
"101",2020,3,6.9912,25,7.11125,6.77777777777778,6.6,7.256,6.925,16,9,5,5,20,4224,2209,2015,569,732,3492,7.06064849431818,7.58855087822544,6.48192076923077,6.69104200351494,7.13631147540983,7.04478786941581,97
"102",2020,4,7.23529411764706,17,7.45,6.92857142857143,6.66666666666667,8,7.13333333333333,10,7,3,2,15,4241,2219,2022,572,734,3507,7.06134855930205,7.58792649391618,6.48346703758655,6.69091416083916,7.13866485013624,7.04516659252923,98
"103",2020,5,6.99642857142857,28,7.88461538461539,6.22666666666667,6,8.25,6.7875,13,15,2,4,24,4269,2232,2037,574,738,3531,7.0609227547435,7.58965452060932,6.48157601865489,6.68850679442509,7.14468834688347,7.04341524780516,99
"104",2020,6,7.23076923076923,13,7.38888888888889,6.875,NA,6,7.33333333333333,9,4,0,1,12,4282,2241,2041,574,739,3543,7.0614384026156,7.58884823293173,6.48234706026458,6.68850679442509,7.14313937753721,7.04439718882303,100
"105",2020,7,7.21909090909091,22,7.36375,6.83333333333333,NA,7.25,7.216,16,6,0,2,20,4304,2257,2047,574,741,3563,7.0622442472119,7.58725249889233,6.48337584269663,6.68850679442509,7.1434278002699,7.04536043783329,101
"106",2020,8,7.5,23,8.3,6.88461538461539,7,8.7,7.16666666666667,10,13,2,5,18,4327,2267,2060,576,746,3581,7.06457112086897,7.59039651080723,6.4859079368932,6.68958836805556,7.15386058981233,7.04597018709858,102
"107",2020,9,7.05263157894737,19,7.61111111111111,6.55,7.625,10,6.88888888888889,9,10,4,1,18,4346,2276,2070,580,747,3599,7.06451892314773,7.59047842267135,6.48621756038647,6.69603948275862,7.15767068273092,7.04518456237844,103
"108",2020,10,7.08847208333333,24,7.65431352941176,5.71428571428571,6.33333333333333,6.88166666666667,7.15740722222222,17,7,3,6,18,4370,2293,2077,583,753,3617,7.06465047368421,7.59095168774531,6.48361596051998,6.6941730703259,7.15547144754316,7.04574303842964,104
"109",2020,11,6.15393939393939,33,7.08307692307692,5.55,5.38571428571429,6.75,6.02148148148148,13,20,7,6,27,4403,2306,2097,590,759,3644,7.05782479445833,7.58808856027754,6.47471165951359,6.67864898305085,7.15226613965744,7.03815383369923,105
"110",2020,12,7.8,23,8.13571428571429,7.27777777777778,5,7.2,7.96666666666667,14,9,1,5,18,4426,2320,2106,591,764,3662,7.06168155671035,7.59139319827586,6.4781435660019,6.67580862944162,7.15257853403141,7.04271779628619,106
"111",2021,1,7.18,25,7.67647058823529,6.125,5.66666666666667,10,7.0625,17,8,3,1,24,4451,2337,2114,594,765,3686,7.06234611772636,7.59201207531023,6.47680716650899,6.67071195286195,7.15630065359477,7.04284660065112,107
"112",2021,2,6.93181818181818,22,6.72727272727273,7.13636363636364,7.625,5.5,7.075,11,11,4,2,20,4473,2348,2125,598,767,3706,7.06170412921977,7.58796091141397,6.48022134117647,6.67709515050167,7.15198174706649,7.04302012142472,108
"113",2021,3,5.987,20,6.7375,5.48666666666667,5.65666666666667,5.31333333333333,6.10588235294118,8,12,6,3,17,4493,2356,2137,604,770,3723,7.05692022479413,7.58507309847199,6.47464218530651,6.66695844370861,7.14481818181818,7.0387409535321,109
"114",2021,4,6.78571428571429,14,7.75,5.5,4.66666666666667,6.625,6.85,8,6,3,4,10,4507,2364,2143,607,774,3733,7.05607778344797,7.58563122673435,6.47191336910873,6.65707232289951,7.14213178294573,7.0382353522636,110
"115",2021,5,7.04285714285714,14,7.94285714285714,6.14285714285714,9,NA,7.04285714285714,7,7,1,0,14,4521,2371,2150,608,774,3747,7.05603684361867,7.58668587937579,6.47084202325581,6.66092582236842,7.14213178294573,7.03825262076328,111
"116",2021,6,7.47058823529412,17,7.86666666666667,4.5,6,9,7.26666666666667,15,2,1,2,15,4538,2386,2152,609,776,3762,7.05758981269282,7.58844602682314,6.46901038568773,6.65984055829228,7.14692010309278,7.0391633625731,112
"117",2021,7,7.23529411764706,17,7.40909090909091,6.91666666666667,NA,8.875,6.73076923076923,11,6,0,4,13,4555,2397,2158,609,780,3775,7.05825303402854,7.58762295369212,6.47025502780352,6.65984055829228,7.15578205128205,7.03810134304636,113
"118",2021,8,6.97826086956522,23,7.6875,5.35714285714286,5.25,7.25,6.95238095238095,16,7,4,2,21,4578,2413,2165,613,782,3796,7.05785115115771,7.58828521342727,6.46665605080831,6.6506409461664,7.15602301790281,7.03762712592203,114
"119",2021,9,7.39047619047619,21,8.3375,6.80769230769231,7.5,7.16666666666667,7.42777777777778,8,13,2,3,18,4599,2421,2178,615,785,3814,7.05936998695369,7.59076093349856,6.46869162075298,6.65340308943089,7.15606369426751,7.03946842422654,115
"120",2021,10,6.040625,16,6.94444444444444,4.87857142857143,5.075,5.21666666666667,6.23076923076923,9,7,2,3,13,4615,2430,2185,617,788,3827,7.05583804333695,7.58836716872428,6.46359741418764,6.64828670988655,7.14868020304568,7.03672134047557,116
"121",2021,11,7.09523809523809,21,7.35714285714286,6.57142857142857,8,7.83333333333333,6.97222222222222,14,7,1,3,18,4636,2444,2192,618,791,3845,7.05601651639345,7.58704264320786,6.46394176551095,6.65047394822006,7.15127686472819,7.03641939401821,117
"122",2021,12,6.42222222222222,27,7.45454545454545,5.7125,5.9,6,6.49565217391304,11,16,6,4,23,4663,2455,2208,624,795,3868,7.05234668024877,7.5864489694501,6.45849653532609,6.6432578525641,7.14548427672956,7.03320387021717,118
"123",2022,1,6.47083333333333,24,7.39090909090909,5.69230769230769,6.33333333333333,7,6.3952380952381,11,13,3,3,21,4687,2466,2221,627,798,3889,7.04936901429486,7.58557673154907,6.45401186402521,6.64177496012759,7.14493734335839,7.02975895345848,119
"124",2022,2,7.596,25,7.99333333333333,7,5,6.33333333333333,7.76818181818182,15,10,2,3,22,4712,2481,2231,629,801,3911,7.05226922113753,7.58804200725514,6.45645914388167,6.6365546899841,7.14189762796504,7.03391270007671,120
"125",2022,3,7.25695,20,7.9939,6.52,5.5,6.06666666666667,7.467,10,10,2,3,17,4732,2491,2241,631,804,3928,7.05313431318682,7.58967130469691,6.45674268183847,6.63295229793978,7.1378855721393,7.0357870595723,121
"126",2022,4,7.71875,16,7.9,7.41666666666667,7,8,7.625,10,6,1,4,12,4748,2501,2247,632,808,3940,7.05537733150801,7.59091212315074,6.45930589675122,6.63353306962025,7.14215346534653,7.03758161675127,122
"127",2022,5,6.36086956521739,23,6.24444444444444,6.43571428571429,6.5,8,6.28636363636364,9,14,2,1,22,4771,2510,2261,634,809,3962,7.0520292538252,7.58608415139442,6.45915981866431,6.633111829653,7.14321384425216,7.03341029025745,123
"128",2022,6,6.84285714285714,14,7.71666666666667,6.1875,5,7.26666666666667,6.72727272727273,6,8,2,3,11,4785,2516,2269,636,812,3973,7.05141725600837,7.58639555643879,6.45820200528867,6.62797625786163,7.14366995073891,7.03256269066197,124
"129",2022,7,7.09090909090909,11,7.75,6.71428571428571,7,3,7.5,4,7,1,1,10,4796,2520,2276,637,813,3983,7.05150783361135,7.58665524603175,6.45898960896309,6.62856028257457,7.13857318573185,7.03373627165453,125
"130",2022,8,7.24,17,7.57777777777778,6.86,6.75,8,7.1925,9,8,2,1,16,4813,2529,2284,639,814,3999,7.05217360689799,7.58662365361803,6.46039419877408,6.62894037558685,7.13963144963145,7.03437148537135,126
"131",2022,9,7,22,7.6,6.5,NA,5.7,7.38235294117647,10,12,0,5,17,4835,2539,2296,639,819,4016,7.05193620889349,7.58667633714061,6.46060119773519,6.62894037558685,7.13084249084249,7.03584451444223,127
"132",2022,10,5.5,9,6.16666666666667,5.16666666666667,8,6.625,4.6,3,6,1,4,5,4844,2542,2302,640,823,4021,7.04905276011561,7.58500047993706,6.45722864900087,6.63108265625,7.12838396111786,7.03281561054464,128
"133",2022,11,6.852,25,7.2125,6.21111111111111,5.45,6.85,6.85238095238095,16,9,2,4,21,4869,2558,2311,642,827,4042,7.04804098788253,7.58267053166536,6.45627016443098,6.62740327102804,7.12703748488512,7.03187817169718,129
"134",2022,12,7.01068965517241,29,7.28380952380952,6.29375,7.5,7.69,6.902,21,8,1,4,25,4898,2579,2319,643,831,4067,7.04781983870968,7.58023699883676,6.4557095084088,6.62876034214619,7.12974729241877,7.03107980575363,130
