"","year","month","avg_rating","no_ratings","avg_rating_owned","avg_rating_not_owned","avg_rating_prev_owned","avg_rating_comment","avg_rating_no_comment","no_ratings_owned","no_ratings_not_owned","no_ratings_prev_owned","no_ratings_comment","no_ratings_no_comment","cum_no_ratings","cum_no_ratings_owned","cum_no_ratings_not_owned","cum_no_ratings_prev_owned","cum_no_ratings_comment","cum_no_ratings_no_comment","cum_avg_rating","cum_avg_rating_owned","cum_avg_rating_not_owned","cum_avg_rating_prev_owned","cum_avg_rating_comment","cum_avg_rating_no_comment","month_after_release"
"1",2012,2,9.25,1,9.25,NA,NA,NA,9.25,1,0,0,0,1,1,1,0,0,0,1,9.25,9.25,NA,NA,NA,9.25,-8
"2",2012,4,10,1,10,NA,NA,10,NA,1,0,0,1,0,2,2,0,0,1,1,9.625,9.625,NA,NA,10,9.25,-6
"3",2012,8,10,1,10,NA,NA,NA,10,1,0,0,0,1,3,3,0,0,1,2,9.75,9.75,NA,NA,10,9.625,-2
"4",2012,9,9,4,9.5,8.5,8,8,9.33333333333333,2,2,1,1,3,7,5,2,1,2,5,9.32142857142857,9.65,8.5,8,9,9.45,-1
"5",2012,10,7.33269230769231,52,8.32608695652174,6.5448275862069,8,6.85714285714286,7.40666666666667,23,29,3,7,45,59,28,31,4,9,50,7.56864406779661,8.5625,6.67096774193548,8,7.33333333333333,7.611,0
"6",2012,11,7.22472527472527,91,8.27058823529412,6.60087719298246,7.29230769230769,6.90434782608696,7.33308823529412,34,57,13,23,68,150,62,88,17,32,118,7.36,8.40241935483871,6.62556818181818,7.45882352941176,7.025,7.45084745762712,1
"7",2012,12,7.16,115,8.34186046511628,6.45416666666667,7.375,6.63636363636364,7.37073170731707,43,72,16,33,82,265,105,160,33,65,200,7.27320754716981,8.37761904761905,6.5484375,7.41818181818182,6.82769230769231,7.418,2
"8",2013,1,7.08736842105263,95,8.01951219512195,6.37962962962963,6.96470588235294,6.42333333333333,7.39384615384615,41,54,17,30,65,360,146,214,50,95,265,7.22416666666667,8.27705479452055,6.50584112149533,7.264,6.7,7.41207547169811,3
"9",2013,2,7.39041095890411,73,8.32857142857143,6.11935483870968,5.7,6.78947368421053,7.60185185185185,42,31,5,19,54,433,188,245,55,114,319,7.25219399538106,8.28856382978723,6.4569387755102,7.12181818181818,6.71491228070175,7.44420062695925,4
"10",2013,3,7.38125,64,8.05185185185185,6.89189189189189,6.83333333333333,7.34333333333333,7.39285714285714,27,37,18,15,49,497,215,282,73,129,368,7.26881287726358,8.25883720930233,6.51400709219858,7.05068493150685,6.78798449612403,7.43736413043478,5
"11",2013,4,7.1775,80,8.2125,6.4875,6.75,7.35,7.14705882352941,32,48,12,12,68,577,247,330,85,141,436,7.25615251299827,8.25283400809717,6.51015151515151,7.00823529411765,6.83581560283688,7.3920871559633,6
"12",2013,5,7.19306818181818,88,7.9203125,6.7775,7.19615384615385,6.70588235294118,7.30971830985915,32,56,13,17,71,665,279,386,98,158,507,7.2478045112782,8.21469534050179,6.5489378238342,7.03316326530612,6.82183544303797,7.38055226824457,7
"13",2013,6,7.12727272727273,66,8.05806451612903,6.30285714285714,6.5,6.62666666666667,7.27450980392157,31,35,10,15,51,731,310,421,108,173,558,7.2369220246238,8.19903225806452,6.52847980997625,6.9837962962963,6.80491329479769,7.37086021505376,8
"14",2013,7,7.14117647058824,68,8.03571428571429,6.515,7.16153846153846,7.25,7.12666666666667,28,40,13,8,60,799,338,461,121,181,618,7.22877346683354,8.18550295857988,6.52731019522777,7.00289256198347,6.82458563535912,7.34715210355987,9
"15",2013,8,7.42260273972603,73,8.05,6.70294117647059,7.06666666666667,7.31818181818182,7.44112903225806,39,34,15,11,62,872,377,495,136,192,680,7.245,8.17148541114058,6.53937373737374,7.00992647058824,6.85286458333333,7.35572058823529,10
"16",2013,9,7.21861538461538,65,7.90571428571429,6.69864864864865,7.42307692307692,7.32142857142857,7.19039215686275,28,37,13,14,51,937,405,532,149,206,731,7.2431696905016,8.15311111111111,6.55045112781955,7.04597315436242,6.88470873786408,7.34418604651163,11
"17",2013,10,7.51866666666667,75,8.27560975609756,6.60588235294118,6.79166666666667,7.472,7.542,41,34,12,25,50,1012,446,566,161,231,781,7.26358695652174,8.16437219730942,6.55378091872791,7.02701863354037,6.9482683982684,7.35685019206146,12
"18",2013,11,7.36212121212121,66,8.55833333333333,5.92666666666667,6.56363636363636,7.57142857142857,7.26444444444444,36,30,11,21,45,1078,482,596,172,252,826,7.26961966604824,8.19379668049793,6.52221476510067,6.99738372093023,7.00019841269841,7.35181598062954,13
"19",2013,12,7.33452380952381,84,8.09318181818182,6.5,7.05555555555556,7.03846153846154,7.3887323943662,44,40,9,13,71,1162,526,636,181,265,897,7.27431153184165,8.18538022813688,6.52081761006289,7.00027624309392,7.00207547169811,7.35473801560758,14
"20",2014,1,7.63267326732673,101,8.36836734693878,6.93942307692308,7.43636363636364,7.57708333333333,7.65,49,52,22,24,77,1263,575,688,203,289,974,7.30296912114014,8.20097391304348,6.55245639534884,7.04753694581281,7.04982698961938,7.37808008213552,15
"21",2014,2,7.77045454545455,66,8.6328125,6.95882352941176,7.55555555555556,7.825,7.76071428571429,32,34,9,10,56,1329,607,722,212,299,1030,7.32618510158014,8.22373970345964,6.57159279778393,7.0691037735849,7.0757525083612,7.39888349514563,16
"22",2014,3,7.48785714285714,70,8.46666666666667,6.61486486486486,6.5,6.92647058823529,7.66792452830189,33,37,7,17,53,1399,640,759,219,316,1083,7.33427448177269,8.236265625,6.5737022397892,7.05091324200913,7.06772151898734,7.41204986149585,17
"23",2014,4,7.91610169491525,59,8.50945945945946,6.91818181818182,7.88333333333333,7.72222222222222,7.951,37,22,6,9,50,1458,677,781,225,325,1133,7.35781893004115,8.2511964549483,6.58340588988476,7.07311111111111,7.08584615384615,7.43583406884378,18
"24",2014,5,7.00757575757576,66,8.17142857142857,6.15,6.43181818181818,6.47631578947368,7.22234042553191,28,38,11,19,47,1524,705,819,236,344,1180,7.34265091863517,8.24802836879433,6.5632967032967,7.04322033898305,7.05218023255814,7.42733050847458,19
"25",2014,6,7.11314875,80,7.95,6.23338205128205,7.05,7.13636363636364,7.10434310344828,41,39,10,22,58,1604,746,858,246,366,1238,7.33120442643391,8.23164879356569,6.54830058275058,7.04349593495935,7.05724043715847,7.41219862681745,20
"26",2014,7,7.08153846153846,65,7.80322580645161,6.42352941176471,5.99285714285714,6.13,7.25454545454545,31,34,14,10,55,1669,777,892,260,376,1293,7.32148106650689,8.21455598455599,6.5435447309417,6.98692307692308,7.03257978723404,7.40549257540603,21
"27",2014,8,7.87921875,64,8.11351351351351,7.55814814814815,7.77857142857143,7.61666666666667,7.95959183673469,37,27,7,15,49,1733,814,919,267,391,1342,7.34207841892672,8.20996314496315,6.57335353645267,7.00767790262172,7.05498721227621,7.4257242175857,22
"28",2014,9,7.70625,80,8.425,6.91184210526316,7.04545454545455,7.63333333333333,7.71911764705882,42,38,11,12,68,1813,856,957,278,403,1410,7.35814776613348,8.22051401869159,6.58679404388715,7.0091726618705,7.07220843672457,7.43987368794326,23
"29",2014,10,7.39753086419753,81,8.28947368421053,6.6093023255814,6.78571428571429,6.83333333333333,7.52575757575758,38,43,14,15,66,1894,894,1000,292,418,1476,7.35983204857445,8.2234451901566,6.5877619,6.99845890410959,7.06363636363636,7.44371402439025,24
"30",2014,11,7.43220338983051,59,8.52083333333333,6.68571428571429,7.03571428571429,6.38888888888889,7.62,24,35,14,9,50,1953,918,1035,306,427,1526,7.36201838197645,8.23122004357299,6.59107429951691,7.00016339869281,7.04941451990632,7.44949010484928,25
"31",2014,12,7.57101449275362,69,8.07631578947368,6.95161290322581,7.3,7.34166666666667,7.61929824561404,38,31,10,12,57,2022,956,1066,316,439,1583,7.3691502967359,8.22506276150628,6.60155900562852,7.00965189873418,7.05740318906606,7.45560448515477,26
"32",2015,1,7.38584905660377,106,8.05510204081633,6.81052631578947,7.27647058823529,6.95833333333333,7.44042553191489,49,57,17,12,94,2128,1005,1123,333,451,1677,7.36998209586466,8.21677611940299,6.61216553873553,7.02327327327327,7.05476718403548,7.45475366726297,27
"33",2015,2,7.49102564102564,78,8.11578947368421,6.8975,7.25,7.1,7.56923076923077,38,40,14,13,65,2206,1043,1163,347,464,1742,7.37426196736174,8.21309683604986,6.62197927773001,7.03242074927954,7.05603448275862,7.45902520091849,28
"34",2015,3,7.32285714285714,70,7.97,6.8375,6.88181818181818,6.54545454545455,7.46779661016949,30,40,11,11,59,2276,1073,1203,358,475,1801,7.37268097539543,8.20630009319665,6.62914538653366,7.02779329608938,7.04421052631579,7.45931254858412,29
"35",2015,4,7.63076923076923,65,8.409375,6.87575757575758,7.56666666666667,7.61428571428571,7.63529411764706,32,33,6,14,51,2341,1105,1236,364,489,1852,7.37984703118325,8.21218099547512,6.63572969255663,7.03667582417582,7.06053169734151,7.46415869330454,30
"36",2015,5,7.55593220338983,59,8.19,6.9,7.31538461538462,7.05555555555556,7.646,30,29,13,9,50,2400,1135,1265,377,498,1902,7.38417579166666,8.21159471365639,6.6417880632411,7.04628647214854,7.06044176706827,7.46893895899054,31
"37",2015,6,7.26291666666667,48,7.926,6.54217391304348,7.75,6.22222222222222,7.50307692307692,25,23,4,9,39,2448,1160,1288,381,507,1941,7.3817981617647,8.20543965517242,6.64000923913043,7.05367454068241,7.04556213017751,7.46962488408037,32
"38",2015,7,7.47720588235294,68,8.14090909090909,6.85142857142857,6.82307692307692,8.09090909090909,7.35877192982456,33,35,13,11,57,2516,1193,1323,394,518,1998,7.38437674880763,8.20365465213747,6.64560234315948,7.04606598984771,7.06776061776062,7.46646241241241,33
"39",2015,8,7.05058139534884,86,7.97794117647059,6.44423076923077,7.08214285714286,6.76315789473684,7.13208955223881,34,52,14,19,67,2602,1227,1375,408,537,2065,7.37334431206764,8.19740016299919,6.63798683636363,7.04730392156863,7.05698324022346,7.45561351089589,34
"40",2015,9,7.51506849315069,73,7.92435897435897,7.04558823529412,7.59444444444444,6.83846153846154,7.66166666666667,39,34,9,13,60,2675,1266,1409,417,550,2125,7.37721192523364,8.18898894154819,6.64782249822569,7.05911270983213,7.05181818181818,7.46143148235294,35
"41",2015,10,7.20327868852459,61,7.95625,6.37241379310345,6.64444444444444,7.92857142857143,7.10925925925926,32,29,9,7,54,2736,1298,1438,426,557,2179,7.37333402777778,8.18325115562404,6.64226835883171,7.05035211267606,7.06283662477558,7.45270394676457,36
"42",2015,11,7.33441558441558,77,8.14431818181818,6.25454545454545,5.55555555555556,7.27142857142857,7.34071428571429,44,33,9,7,70,2813,1342,1471,435,564,2249,7.37226871667259,8.18197466467958,6.63357029231815,7.01942528735632,7.06542553191489,7.4492182747888,37
"43",2015,12,6.86186440677966,59,7.638,6.29117647058824,6.91818181818182,6.2,6.95096153846154,25,34,11,7,52,2872,1367,1505,446,571,2301,7.3617833913649,8.17202633504024,6.62583514950166,7.01692825112108,7.05481611208406,7.43795823554976,38
"44",2016,1,7.36852659574468,94,8.084375,6.62155434782609,6.704,6.821875,7.48066025641026,48,46,15,16,78,2966,1415,1551,461,587,2379,7.36199710047201,8.16905300353357,6.62570818826563,7.00674620390455,7.0484667802385,7.43935830180748,39
"45",2016,2,7.37432352941176,68,7.95454545454545,6.82725714285714,6.7054,7,7.47137037037037,33,35,10,14,54,3034,1448,1586,471,601,2433,7.36227336849044,8.16416436464089,6.63015598991172,7.00034819532909,7.0473377703827,7.44006880394575,40
"46",2016,3,7.31076923076923,65,7.99428571428571,6.51333333333333,6.375,7.14285714285714,7.33103448275862,35,30,4,7,58,3099,1483,1616,475,608,2491,7.36119309454663,8.1601550910317,6.62798725247524,6.99508210526316,7.0484375,7.43753006824569,41
"47",2016,4,7.32613333333333,75,8.00857142857143,6.729,6.91818181818182,7.33157894736842,7.32428571428571,35,40,11,19,56,3174,1518,1656,486,627,2547,7.36036465028355,8.15666007905139,6.63042717391304,6.99334156378601,7.05701754385965,7.43504020416176,42
"48",2016,5,7.20636363636364,66,7.88529411764706,6.485,6.72222222222222,6.5,7.39653846153846,34,32,9,14,52,3240,1552,1688,495,641,2599,7.35722759259259,8.15071520618557,6.6276702606635,6.98841212121212,7.04485179407176,7.43426987302809,43
"49",2016,6,7.47956666666667,60,8.281875,6.56264285714286,7.99285714285714,6.64642857142857,7.73313043478261,32,28,7,14,46,3300,1584,1716,502,655,2645,7.35945193939394,8.1533648989899,6.6266092074592,7.00241832669323,7.0363358778626,7.43946744801512,44
"50",2016,7,7.2006329113924,79,7.8609756097561,6.48815789473684,7.47857142857143,7.02142857142857,7.23923076923077,41,38,7,14,65,3379,1625,1754,509,669,2710,7.35573879846108,8.1459876923077,6.62360969213227,7.00896660117878,7.03602391629297,7.43466472324723,45
"51",2016,8,7.35714285714286,98,7.88953488372093,6.94090909090909,6.8,7.24666666666667,7.37710843373494,43,55,20,15,83,3477,1668,1809,529,684,2793,7.35577837215991,8.13937649880096,6.63325671641791,7.00106616257089,7.0406432748538,7.43295431435732,46
"52",2016,9,7.50211111111111,90,8.18702127659575,6.75348837209302,7.13333333333333,7.4,7.52253333333333,47,43,15,15,75,3567,1715,1852,544,699,2868,7.35947053546397,8.14068221574344,6.63604827213823,7.00471323529412,7.0483547925608,7.43529686192469,47
"53",2016,10,7.46666666666667,84,7.92666666666667,6.93589743589744,7.21428571428571,6.75,7.58611111111111,45,39,14,12,72,3651,1760,1891,558,711,2940,7.36193683922213,8.13521022727273,6.64223236382866,7.00997132616487,7.04331926863572,7.43899027210884,48
"54",2016,11,7.51117021276596,94,8.03571428571429,6.73815789473684,7.075,7.50588235294118,7.51233766233766,56,38,10,17,77,3745,1816,1929,568,728,3017,7.36568261682243,8.13214207048459,6.644122032141,7.0111161971831,7.05412087912088,7.4408622472655,49
"55",2016,12,7.19320987654321,81,8.21282051282051,6.24642857142857,7.26923076923077,6.72727272727273,7.26642857142857,39,42,13,11,70,3826,1855,1971,581,739,3087,7.36203120752744,8.13383827493262,6.63564759005581,7.01689156626506,7.04925575101489,7.436906835115,50
"56",2017,1,7.33209090909091,110,7.86229508196721,6.67204081632653,7.31,7.05444444444444,7.38641304347826,61,49,10,18,92,3936,1916,2020,591,757,3179,7.36119446138211,8.12519311064719,6.6365303960396,7.0218510998308,7.04937912813738,7.43544554891475,51
"57",2017,2,7.43736263736264,91,7.96,6.63888888888889,6.625,7.2,7.48421052631579,55,36,8,15,76,4027,1971,2056,599,772,3255,7.36291566923268,8.12058346017251,6.636571692607,7.01655091819699,7.05230569948187,7.43658414746544,52
"58",2017,3,7.42682926829268,82,8.09888888888889,6.60945945945946,5.6875,7.56923076923077,7.4,45,37,8,13,69,4109,2016,2093,607,785,3324,7.36419114139693,8.12009920634921,6.63609240324892,6.99903459637562,7.06086624203822,7.43582472924188,53
"59",2017,4,7.41380281690141,71,7.99352941176471,6.88108108108108,6.83333333333333,7.465,7.40338983050847,34,37,9,12,59,4180,2050,2130,616,797,3383,7.3650338277512,8.118,6.64034807511737,6.99661363636364,7.06695106649937,7.43525906000591,54
"60",2017,5,7.30318181818182,66,7.690625,6.93852941176471,6.74444444444444,7.16,7.32875,32,34,9,10,56,4246,2082,2164,625,807,3439,7.36407239755063,8.11143131604227,6.64503299445471,6.9929824,7.06810408921933,7.43352468740913,55
"61",2017,6,7.63030303030303,66,8.13235294117647,7.096875,7.10833333333333,8.08333333333333,7.585,34,32,12,6,60,4312,2116,2196,637,813,3499,7.36814735621521,8.11176748582231,6.65161721311475,6.99515541601256,7.07559655596556,7.43612214918548,56
"62",2017,7,6.95378378378378,74,8.15,6.22565217391304,6.408,7.25,6.88466666666667,28,46,10,14,60,4386,2144,2242,647,827,3559,7.36115626994984,8.11226679104478,6.64287752007136,6.98608037094281,7.07854897218863,7.42682534419781,57
"63",2017,8,7.70945945945946,74,8.15,7.16212121212121,7,8.03571428571429,7.67537313432836,41,33,9,7,67,4460,2185,2275,656,834,3626,7.36693529147982,8.11297482837529,6.6504094065934,6.98627134146341,7.08658273381295,7.43141792608936,58
"64",2017,9,7.16090909090909,77,7.85365853658537,6.37194444444444,7.41666666666667,5.4,7.42373134328358,41,36,6,10,67,4537,2226,2311,662,844,3693,7.36343870398942,8.10819856244385,6.64607157074859,6.99017220543807,7.06659952606635,7.43127847278635,59
"65",2017,10,7.33759493670886,79,8.06,6.38147058823529,7.39666666666667,7.26666666666667,7.35421875,45,34,9,15,64,4616,2271,2345,671,859,3757,7.36299640381282,8.10724350506385,6.64223513859275,6.99562444113264,7.07009313154831,7.42996577056162,60
"66",2017,11,7.56988235294118,85,8.1668085106383,6.83157894736842,6.76923076923077,7.53368421052632,7.58030303030303,47,38,13,19,66,4701,2318,2383,684,878,3823,7.36673716230589,8.10845125107852,6.64525446915652,6.9913216374269,7.08012528473804,7.43256118231755,61
"67",2017,12,7.29255319148936,94,7.75625,6.80869565217391,7.28125,7.71052631578947,7.18666666666667,48,46,16,19,75,4795,2366,2429,700,897,3898,7.36528287799791,8.10130600169062,6.64834969123096,6.99794857142857,7.09347826086957,7.42783001539251,62
"68",2018,1,7.35803571428571,112,8.2015873015873,6.2734693877551,6.13636363636364,7.7,7.29255319148936,63,49,11,18,94,4907,2429,2478,711,915,3992,7.36511746484614,8.10390695759572,6.64093680387409,6.9846188466948,7.10540983606557,7.42464463927856,63
"69",2018,2,7.17986111111111,72,7.79861111111111,6.56111111111111,6.9,7,7.19621212121212,36,36,10,6,66,4979,2465,2514,721,921,4058,7.36243852179152,8.09944827586208,6.63979371519491,6.9834452149792,7.10472312703583,7.4209293740759,64
"70",2018,3,7.065625,48,7.63958333333333,6.49166666666667,6.54545454545455,6.76,7.10116279069767,24,24,11,5,43,5027,2489,2538,732,926,4101,7.35960441615277,8.09501406187224,6.63839298660362,6.97686338797814,7.10286177105832,7.41757654230675,65
"71",2018,4,7.59527027027027,74,8.11875,6.97941176470588,7.375,7.54545454545455,7.60396825396825,40,34,8,11,63,5101,2529,2572,740,937,4164,7.36302321113507,8.0953894820087,6.64290101088647,6.98116756756757,7.10805763073639,7.42039658981748,66
"72",2018,5,7.03819672131148,61,7.88875,6.48648648648649,6.11111111111111,5.425,7.28169811320755,24,37,9,8,53,5162,2553,2609,749,945,4217,7.35918469585432,8.09344692518606,6.64068279034112,6.9707129506008,7.09380952380952,7.41865340289305,67
"73",2018,6,7.08211538461538,52,8.0408,6.19444444444444,7.20454545454545,7.3,7.0302380952381,25,27,11,10,42,5214,2578,2636,760,955,4259,7.35642144227081,8.09293638479442,6.63611206373293,6.97409736842105,7.09596858638744,7.41482305705565,68
"74",2018,7,6.81914893617021,47,8.5,6.10606060606061,5.6,6,6.91666666666667,14,33,5,5,42,5261,2592,2669,765,960,4301,7.35162163086865,8.0951350308642,6.62955841139003,6.96511633986928,7.09026041666667,7.40995847477331,69
"75",2018,8,7.48888888888889,45,7.832,7.06,7.125,7.5625,7.47297297297297,25,20,4,8,37,5306,2617,2689,769,968,4338,7.35278578967207,8.09262132212458,6.63275991074749,6.96594798439532,7.0941632231405,7.4104959428308,70
"76",2018,9,7.08478260869565,46,7.99545454545455,6.25,6,5.64285714285714,7.34358974358974,22,24,4,7,39,5352,2639,2713,773,975,4377,7.35048232436472,8.09181129215612,6.62937390342794,6.96094954721863,7.08374358974359,7.40989979437971,71
"77",2018,10,7.33257575757576,66,7.90735294117647,6.721875,6.83333333333333,6.67307692307692,7.49433962264151,34,32,9,13,53,5418,2673,2745,782,988,4430,7.35026419342931,8.08946502057614,6.63045224043716,6.95948081841432,7.07834008097166,7.41091002257336,72
"78",2018,11,7.38571428571429,56,7.77307692307692,7.05,7.72222222222222,6.77777777777778,7.50212765957447,26,30,9,9,47,5474,2699,2775,791,997,4477,7.35062685421995,8.08641719155243,6.63498789189189,6.9681592920354,7.07562688064193,7.41186763457672,73
"79",2018,12,7.04818181818182,55,7.56081081081081,5.99444444444444,6.16666666666667,6.45714285714286,7.134375,37,18,6,7,48,5529,2736,2793,797,1004,4525,7.34761826731778,8.07930921052632,6.63085979233799,6.96212547051443,7.07131474103586,7.40892406629834,74
"80",2019,1,7.35253968253968,63,7.8190625,6.87096774193548,7.04166666666667,8.15545454545455,7.18269230769231,32,31,12,11,52,5592,2768,2824,809,1015,4577,7.34767371244635,8.07630057803469,6.63349553824362,6.96330531520395,7.08306403940887,7.40635381254096,75
"81",2019,2,7.44231153846154,52,8.30000666666667,6.27272727272727,6.375,7.15,7.530005,30,22,8,12,40,5644,2798,2846,817,1027,4617,7.34854564138908,8.07869914224446,6.63070674631061,6.95754467564259,7.08384615384615,7.40742508122157,76
"82",2019,3,7.29821428571429,56,8.26730769230769,6.45833333333333,7.82142857142857,7.41666666666667,7.25487804878049,26,30,7,15,41,5700,2824,2876,824,1042,4658,7.34805115789473,8.08043562322947,6.62890869262865,6.96488349514563,7.08863723608445,7.40608235294117,77
"83",2019,4,7.42666666666667,45,8.29411764705882,6.9,6.73,7.68571428571429,7.37894736842105,17,28,10,7,38,5745,2841,2904,834,1049,4696,7.34866694516971,8.08171425554383,6.63152252066116,6.96206714628297,7.09262154432793,7.40586277683134,78
"84",2019,5,7.29622641509434,53,8.08181818181818,6,6.14285714285714,7.16923076923077,7.3375,33,20,7,13,40,5798,2874,2924,841,1062,4736,7.3481875819248,8.08171544885178,6.62720294117647,6.9552485136742,7.0935593220339,7.40528538851351,79
"85",2019,6,7.39,50,7.77592592592593,6.93695652173913,5.625,7.715,7.30875,27,23,4,10,40,5848,2901,2947,845,1072,4776,7.34854507523939,8.07886942433644,6.62962042755344,6.94895147928994,7.09935634328358,7.40447688442211,80
"86",2019,7,7.29347826086957,46,7.70833333333333,6.84090909090909,6.3,7.6875,7.21052631578947,24,22,5,8,38,5894,2925,2969,850,1080,4814,7.34811530369867,8.07582912820513,6.63118605591108,6.94513411764706,7.10371296296296,7.402945907769,81
"87",2019,8,7.22090163934426,61,7.77844827586207,6.715625,6.35714285714286,6.2,7.31205357142857,29,32,7,5,56,5955,2954,3001,857,1085,4870,7.34681219143576,8.07290968178741,6.63208643785405,6.94033138856476,7.09954838709677,7.40190073921971,82
"88",2019,9,7.37310810810811,74,7.9625,6.67970588235294,7.05555555555556,7.27777777777778,7.38630769230769,40,34,9,9,65,6029,2994,3035,866,1094,4935,7.34713494775253,8.07143460253841,6.63261990115321,6.94152886836028,7.10101462522852,7.40169535967578,83
"89",2019,10,7.47133962264151,53,7.90625,7.11141379310345,6.55555555555556,6.57142857142857,7.60828260869565,24,29,9,7,46,6082,3018,3064,875,1101,4981,7.34821729694179,8.0701210072896,6.63715156657963,6.93755885714286,7.09764759309718,7.40360321220638,84
"90",2019,11,6.76923076923077,65,7.83333333333333,6.14634146341463,6.78571428571429,6.83333333333333,6.75892857142857,24,41,14,9,56,6147,3042,3105,889,1110,5037,7.34209494062144,8.06825285996056,6.63067066022544,6.93516760404949,7.0955045045045,7.39643589438157,85
"91",2019,12,7.05768115942029,69,7.74307692307692,6.16666666666667,6.66666666666667,7.59,6.94561403508772,39,30,12,12,57,6216,3081,3135,901,1122,5094,7.33893783783784,8.06413670886076,6.62623043062201,6.93159156492786,7.10079322638146,7.39139136238712,86
"92",2020,1,7.34431818181818,88,8.12608695652174,6.48809523809524,5.7,7.09090909090909,7.38051948051948,46,42,10,11,77,6304,3127,3177,911,1133,5171,7.33901294416243,8.06504803325872,6.62440428076802,6.91807244785949,7.10069726390115,7.39122947205569,87
"93",2020,2,7.63269230769231,78,8.03571428571429,7.1625,6.90909090909091,7.94642857142857,7.5640625,42,36,11,14,64,6382,3169,3213,922,1147,5235,7.34260225634597,8.06465926159672,6.63043336445689,6.91796529284165,7.11102005231037,7.39334242597899,88
"94",2020,3,7.54901960784314,51,7.79032258064516,7.175,6.92857142857143,7.33333333333333,7.57777777777778,31,20,7,6,45,6433,3200,3233,929,1153,5280,7.34423870666874,8.062001625,6.63380216517167,6.91804520990312,7.11217692974848,7.39491431818182,89
"95",2020,4,7.205,39,8.21909090909091,5.89264705882353,5.21666666666667,6.66666666666667,7.30287878787879,22,17,6,6,33,6472,3222,3250,935,1159,5313,7.34339966007416,8.06307423960273,6.62992535384615,6.90712727272727,7.10987057808456,7.39434266892528,90
"96",2020,5,7.11285714285714,35,8.0375,6.33421052631579,6.1375,6.83,7.16,16,19,12,5,30,6507,3238,3269,947,1164,5343,7.34215961272476,8.06294786905497,6.62820660752524,6.89737486800422,7.10866838487973,7.39302687628673,91
"97",2020,6,7.25106382978723,47,7.91304347826087,6.61666666666667,6.07142857142857,7.1,7.26904761904762,23,24,7,5,42,6554,3261,3293,954,1169,5385,7.34150634726884,8.0618905857099,6.62812250227756,6.8913144654088,7.10863130881095,7.39205990714949,92
"98",2020,7,7.11833333333333,60,8.053125,6.05,5.68,6.31818181818182,7.29795918367347,32,28,5,11,49,6614,3293,3321,959,1180,5434,7.3394817961899,8.0618054054054,6.62324823848238,6.88499895724713,7.10126271186441,7.39121137283769,93
"99",2020,8,6.82333333333333,45,7.58,6.218,6.31428571428571,5.36666666666667,7.0474358974359,20,25,7,6,39,6659,3313,3346,966,1186,5473,7.33599378285028,8.05889683066707,6.62022038254632,6.88086335403727,7.09248735244519,7.38876166636214,94
"100",2020,9,6.96810344827586,58,7.714,6.4030303030303,7,7.18333333333333,6.94326923076923,25,33,5,6,52,6717,3338,3379,971,1192,5525,7.33281712073842,8.05631372079089,6.61809926013613,6.88147682801236,7.09294463087248,7.38456879638009,95
"101",2020,10,7.2,43,8.04,6.4695652173913,6.2375,5.28571428571429,7.57222222222222,20,23,8,7,36,6760,3358,3402,979,1199,5561,7.33197227810651,8.05621655747469,6.61709506172839,6.87621450459653,7.08239366138449,7.38578360007193,96
"102",2020,11,7.0675,60,7.67794117647059,6.26923076923077,6.57142857142857,7.18,7.045,34,26,7,10,50,6820,3392,3428,986,1209,5611,7.32964554252199,8.05242488207547,6.61445665110852,6.87405070993915,7.08320099255583,7.38274685439316,97
"103",2020,12,7.8352,50,8.23515151515151,7.05882352941176,6.2525,7.00166666666667,7.94886363636364,33,17,4,6,44,6870,3425,3445,990,1215,5655,7.33332497816594,8.05418545985401,6.61664946298984,6.87153939393939,7.08279835390947,7.38715165340407,98
"104",2021,1,7.4484126984127,63,7.85581395348837,6.5725,7.565,7.38076923076923,7.466,43,20,10,13,50,6933,3468,3465,1000,1228,5705,7.33437077744122,8.05172583621684,6.61639463203463,6.878474,7.08595276872964,7.3878426993865,99
"105",2021,2,7.00923076923077,52,7.77272727272727,6.44933333333333,6.5,5.65,7.25636363636364,22,30,10,8,44,6985,3490,3495,1010,1236,5749,7.33195026485326,8.04996710601719,6.61496062947067,6.87472673267327,7.07665857605178,7.38683642372586,100
"106",2021,3,7.81486486486487,37,8.33269230769231,6.59090909090909,6.58333333333333,8.08571428571429,7.75166666666667,26,11,6,7,30,7022,3516,3506,1016,1243,5779,7.33449481629166,8.05205779294653,6.61488516828294,6.87300590551181,7.08234111021722,7.38873033396781,101
"107",2021,4,6.97560975609756,41,7.55555555555556,6.52173913043478,7.2,7.1,6.95833333333333,18,23,5,5,36,7063,3534,3529,1021,1248,5815,7.3324115248478,8.04952891907187,6.61427809577784,6.87460724779628,7.08241185897436,7.38606579535684,102
"108",2021,5,6.96190476190476,42,7.75714285714286,6.16666666666667,6,7.66,6.86756756756757,21,21,8,5,37,7105,3555,3550,1029,1253,5852,7.33022133708656,8.0478017440225,6.61163025352112,6.86780758017493,7.08471667996808,7.38278752563226,103
"109",2021,6,7.078125,32,7.64285714285714,6.63888888888889,6.33333333333333,7.24444444444444,7.01304347826087,14,18,6,9,23,7137,3569,3568,1035,1262,5875,7.32909101863528,8.0462132810311,6.61176776905829,6.86470917874396,7.0858557844691,7.38134001702128,104
"110",2021,7,6.96848484848485,33,7.68666666666667,6.37,6,7,6.9675,15,18,6,1,32,7170,3584,3586,1041,1263,5907,7.32743132496513,8.04470848214286,6.61055421081985,6.85972526416907,7.08578780680919,7.37909812087354,105
"111",2021,8,7.21612903225806,31,7.82777777777778,6.36923076923077,6.75,6.66666666666667,7.275,18,13,4,3,28,7201,3602,3599,1045,1266,5935,7.32695217330926,8.04362443087174,6.60968252292303,6.85930526315789,7.08479462875198,7.37860700926706,106
"112",2021,9,7.37948717948718,39,7.56190476190476,7.16666666666667,6.5,6.80909090909091,7.60357142857143,21,18,2,11,28,7240,3623,3617,1047,1277,5963,7.32723516574586,8.0408322384764,6.61245435443738,6.85861891117478,7.08241973375098,7.37966335737045,107
"113",2021,10,6.84516129032258,62,7.64090909090909,5.93965517241379,4.5,5.7,7.06538461538462,33,29,6,10,52,7302,3656,3646,1053,1287,6015,7.32314196110655,8.03722242888403,6.6071029621503,6.84517948717949,7.07167832167832,7.376946400665,108
"114",2021,11,6.95844444444444,45,7.66647058823529,6.52857142857143,6.55555555555556,7.39714285714286,6.87763157894737,17,28,9,7,38,7347,3673,3674,1062,1294,6053,7.3209082074316,8.03550645249115,6.60650446379967,6.84272504708098,7.07343894899537,7.37381176276227,109
"115",2021,12,7.30783333333333,60,7.92558823529412,6.5,5.26666666666667,7.5275,7.25291666666667,34,26,9,12,48,7407,3707,3700,1071,1306,6101,7.32080229512623,8.03449830051254,6.60575605405405,6.82948085901027,7.07761102603369,7.37286061301426,110
"116",2022,1,7.23975625,80,7.85462820512821,6.65487804878049,6.61,7.28142857142857,7.2357602739726,39,41,15,7,73,7487,3746,3741,1086,1313,6174,7.31993630292507,8.03262565403097,6.60629441325848,6.82644935543278,7.07869763899467,7.371239569161,111
"117",2022,2,7.42893617021277,47,7.78695652173913,7.08583333333333,6.125,7.08333333333333,7.4525,23,24,4,3,44,7534,3769,3765,1090,1316,6218,7.32061628616937,8.03112647917219,6.60935123505976,6.8238752293578,7.07870820668693,7.37181458668382,112
"118",2022,3,7.07575757575758,33,8.34375,5.88235294117647,6.125,7.76,6.95357142857143,16,17,4,5,28,7567,3785,3782,1094,1321,6246,7.31954844720497,8.03244800528402,6.60608339502908,6.82131992687385,7.08128690386071,7.36993965738072,113
"119",2022,4,6.89677419354839,31,7.46,5.87272727272727,6,6.98,6.88076923076923,20,11,4,5,26,7598,3805,3793,1098,1326,6272,7.3178235193472,8.02943908015769,6.60395660427102,6.81832786885246,7.08090497737557,7.36791184630102,114
"120",2022,5,7.75,43,8.17307692307692,7.10294117647059,8,8.875,7.69512195121951,26,17,1,2,41,7641,3831,3810,1099,1328,6313,7.32025560790473,8.0304139128165,6.60618304461942,6.81940309372156,7.08360692771084,7.37003692380802,115
"121",2022,6,7.25,29,7.50588235294118,6.8875,6.46666666666667,7.5,7.24107142857143,17,12,3,1,28,7670,3848,3822,1102,1329,6341,7.31998997392438,8.02809659563409,6.6070663003663,6.81844283121597,7.08392024078254,7.36946744992903,116
"122",2022,7,7.34285714285714,35,8.15625,6.65789473684211,7.25,6.5,7.39393939393939,16,19,2,2,33,7705,3864,3841,1104,1331,6374,7.32009384815055,8.02862725155279,6.60731772975787,6.81922463768116,7.08304282494365,7.36959414810166,117
"123",2022,8,6.39333333333333,30,7.18666666666667,5.6,5,6.85714285714286,6.25217391304348,15,15,4,7,23,7735,3879,3856,1108,1338,6397,7.31649943115708,8.02537141015725,6.6033992219917,6.81265703971119,7.08186098654709,7.36557653587619,118
"124",2022,9,7.08673469387755,49,8.10952380952381,6.31964285714286,5,7.7,7.00116279069767,21,28,4,6,43,7784,3900,3884,1112,1344,6440,7.31505307040082,8.02582453846153,6.60135360453141,6.80613669064748,7.08462053571429,7.36314333850932,119
"125",2022,10,7.06951219512195,41,7.79807692307692,5.80666666666667,5.6,6.585,7.2258064516129,26,15,6,10,31,7825,3926,3899,1118,1354,6471,7.31376653035144,8.02431627610799,6.59829633239292,6.79966368515205,7.0809305760709,7.36248541183743,120
"126",2022,11,6.91306451612903,62,7.75896551724138,6.16969696969697,6.5,6.14,6.99589285714286,29,33,2,6,56,7887,3955,3932,1120,1360,6527,7.31061659693166,8.02237059418457,6.5946992370295,6.79912857142857,7.07677941176471,7.35934014095297,121
"127",2022,12,7.13404761904762,42,7.59346153846154,6.3875,6.52,6.72,7.19,26,16,5,5,37,7929,3981,3948,1125,1365,6564,7.30968130911843,8.01956937955287,6.59385952380952,6.797888,7.07547252747253,7.35838560329068,122
