"","year","month","avg_rating","no_ratings","avg_rating_owned","avg_rating_not_owned","avg_rating_prev_owned","avg_rating_comment","avg_rating_no_comment","no_ratings_owned","no_ratings_not_owned","no_ratings_prev_owned","no_ratings_comment","no_ratings_no_comment","cum_no_ratings","cum_no_ratings_owned","cum_no_ratings_not_owned","cum_no_ratings_prev_owned","cum_no_ratings_comment","cum_no_ratings_no_comment","cum_avg_rating","cum_avg_rating_owned","cum_avg_rating_not_owned","cum_avg_rating_prev_owned","cum_avg_rating_comment","cum_avg_rating_no_comment","month_after_release"
"1",2001,6,6.8,5,6.75,7,NA,8,6.5,4,1,0,1,4,5,4,1,0,1,4,6.8,6.75,7,NA,8,6.5,1
"2",2001,7,7.5,2,7.5,NA,NA,NA,7.5,2,0,0,0,2,7,6,1,0,1,6,7,7,7,NA,8,6.83333333333333,2
"3",2001,8,8,3,8,8,NA,NA,8,1,2,0,0,3,10,7,3,0,1,9,7.3,7.14285714285714,7.66666666666667,NA,8,7.22222222222222,3
"4",2001,9,8,3,8,NA,NA,7,8.5,3,0,0,1,2,13,10,3,0,2,11,7.46153846153846,7.4,7.66666666666667,NA,7.5,7.45454545454545,4
"5",2001,10,7,4,7,NA,NA,6,8,4,0,0,2,2,17,14,3,0,4,13,7.35294117647059,7.28571428571429,7.66666666666667,NA,6.75,7.53846153846154,5
"6",2001,11,6.5,2,6.5,NA,NA,8,5,2,0,0,1,1,19,16,3,0,5,14,7.26315789473684,7.1875,7.66666666666667,NA,7,7.35714285714286,6
"7",2002,1,6.66666666666667,3,7,6,NA,NA,6.66666666666667,2,1,0,0,3,22,18,4,0,5,17,7.18181818181818,7.16666666666667,7.25,NA,7,7.23529411764706,8
"8",2002,3,7.25,4,7.25,NA,NA,NA,7.25,4,0,0,0,4,26,22,4,0,5,21,7.19230769230769,7.18181818181818,7.25,NA,7,7.23809523809524,10
"9",2002,4,6,1,NA,6,NA,NA,6,0,1,0,0,1,27,22,5,0,5,22,7.14814814814815,7.18181818181818,7,NA,7,7.18181818181818,11
"10",2002,5,5,1,5,NA,NA,NA,5,1,0,0,0,1,28,23,5,0,5,23,7.07142857142857,7.08695652173913,7,NA,7,7.08695652173913,12
"11",2002,6,7.5,2,7.5,NA,NA,NA,7.5,2,0,0,0,2,30,25,5,0,5,25,7.1,7.12,7,NA,7,7.12,13
"12",2002,7,6,1,NA,6,NA,NA,6,0,1,0,0,1,31,25,6,0,5,26,7.06451612903226,7.12,6.83333333333333,NA,7,7.07692307692308,14
"13",2002,8,7.28571428571429,7,7.28571428571429,NA,NA,NA,7.28571428571429,7,0,0,0,7,38,32,6,0,5,33,7.10526315789474,7.15625,6.83333333333333,NA,7,7.12121212121212,15
"14",2002,9,7.5,2,7.5,NA,NA,9,6,2,0,0,1,1,40,34,6,0,6,34,7.125,7.17647058823529,6.83333333333333,NA,7.33333333333333,7.08823529411765,16
"15",2002,10,7.66666666666667,3,7.66666666666667,NA,NA,NA,7.66666666666667,3,0,0,0,3,43,37,6,0,6,37,7.16279069767442,7.21621621621622,6.83333333333333,NA,7.33333333333333,7.13513513513514,17
"16",2002,11,7.25,4,7.33333333333333,7,7,7,7.5,3,1,1,2,2,47,40,7,1,8,39,7.17021276595745,7.225,6.85714285714286,7,7.25,7.15384615384615,18
"17",2002,12,7.71428571428571,7,8,7,8,7.66666666666667,7.75,5,2,1,3,4,54,45,9,2,11,43,7.24074074074074,7.31111111111111,6.88888888888889,7.5,7.36363636363636,7.2093023255814,19
"18",2003,1,7.08333333333333,6,7.125,7,NA,7.125,7,4,2,0,4,2,60,49,11,2,15,45,7.225,7.29591836734694,6.90909090909091,7.5,7.3,7.2,20
"19",2003,2,6.83333333333333,3,7,6.5,NA,7,6.75,2,1,0,1,2,63,51,12,2,16,47,7.20634920634921,7.2843137254902,6.875,7.5,7.28125,7.18085106382979,21
"20",2003,3,7,3,7,7,NA,8,6.5,2,1,0,1,2,66,53,13,2,17,49,7.1969696969697,7.27358490566038,6.88461538461539,7.5,7.32352941176471,7.1530612244898,22
"21",2003,4,7.28571428571429,7,7,9,NA,8,7,6,1,0,2,5,73,59,14,2,19,54,7.20547945205479,7.24576271186441,7.03571428571429,7.5,7.39473684210526,7.13888888888889,23
"22",2003,5,5,2,5,NA,NA,7,3,2,0,0,1,1,75,61,14,2,20,55,7.14666666666667,7.17213114754098,7.03571428571429,7.5,7.375,7.06363636363636,24
"23",2003,6,6.875,4,7,6.83333333333333,NA,NA,6.875,1,3,0,0,4,79,62,17,2,20,59,7.13291139240506,7.16935483870968,7,7.5,7.375,7.05084745762712,25
"24",2003,7,7.15217391304348,23,7.3,6.875,7,6.5,7.21428571428571,15,8,1,2,21,102,77,25,3,22,80,7.13725490196078,7.19480519480519,6.96,7.33333333333333,7.29545454545455,7.09375,26
"25",2003,8,7,14,7.42857142857143,6.57142857142857,6,6.75,7.1,7,7,3,4,10,116,84,32,6,26,90,7.12068965517241,7.21428571428571,6.875,6.66666666666667,7.21153846153846,7.09444444444444,27
"26",2003,9,7.5,5,7.5,7.5,7.5,8.25,7,4,1,1,2,3,121,88,33,7,28,93,7.13636363636364,7.22727272727273,6.89393939393939,6.78571428571429,7.28571428571429,7.09139784946237,28
"27",2003,10,7.6,5,8,7,8,7,7.75,3,2,1,1,4,126,91,35,8,29,97,7.15476190476191,7.25274725274725,6.9,6.9375,7.27586206896552,7.11855670103093,29
"28",2003,11,8,1,NA,8,NA,NA,8,0,1,0,0,1,127,91,36,8,29,98,7.16141732283465,7.25274725274725,6.93055555555556,6.9375,7.27586206896552,7.12755102040816,30
"29",2003,12,6.25,2,NA,6.25,NA,NA,6.25,0,2,0,0,2,129,91,38,8,29,100,7.14728682170543,7.25274725274725,6.89473684210526,6.9375,7.27586206896552,7.11,31
"30",2004,1,7.5,8,7.66666666666667,7,NA,7.8,7,6,2,0,5,3,137,97,40,8,34,103,7.16788321167883,7.27835051546392,6.9,6.9375,7.35294117647059,7.10679611650485,32
"31",2004,2,7.5,4,7.66666666666667,7,NA,8,7.33333333333333,3,1,0,1,3,141,100,41,8,35,106,7.17730496453901,7.29,6.90243902439024,6.9375,7.37142857142857,7.11320754716981,33
"32",2004,3,9.21428571428571,7,9.25,9,NA,9.5,9,6,1,0,3,4,148,106,42,8,38,110,7.27364864864865,7.40094339622642,6.95238095238095,6.9375,7.53947368421053,7.18181818181818,34
"33",2004,4,7.16666666666667,6,7.5,6.5,NA,7.25,7,4,2,0,4,2,154,110,44,8,42,112,7.26948051948052,7.40454545454545,6.93181818181818,6.9375,7.51190476190476,7.17857142857143,35
"34",2004,5,8,1,NA,8,NA,8,NA,0,1,0,1,0,155,110,45,8,43,112,7.2741935483871,7.40454545454545,6.95555555555556,6.9375,7.52325581395349,7.17857142857143,36
"35",2004,6,7.6,5,7.75,7,NA,9,7.25,4,1,0,1,4,160,114,46,8,44,116,7.284375,7.41666666666667,6.95652173913043,6.9375,7.55681818181818,7.18103448275862,37
"36",2004,7,7.7,5,7.5,8.5,NA,7.75,7.66666666666667,4,1,0,2,3,165,118,47,8,46,119,7.2969696969697,7.41949152542373,6.98936170212766,6.9375,7.56521739130435,7.19327731092437,38
"37",2004,8,8.08333333333333,6,8.1,8,NA,8.5,7.66666666666667,5,1,0,3,3,171,123,48,8,49,122,7.32456140350877,7.44715447154472,7.01041666666667,6.9375,7.62244897959184,7.20491803278689,39
"38",2004,9,7.36363636363636,11,7.72222222222222,5.75,NA,7.2,7.5,9,2,0,5,6,182,132,50,8,54,128,7.32692307692308,7.46590909090909,6.96,6.9375,7.58333333333333,7.21875,40
"39",2004,10,7.33653846153846,26,7.56578947368421,6.71428571428571,7,7.65277777777778,6.625,19,7,1,18,8,208,151,57,9,72,136,7.328125,7.47847682119205,6.92982456140351,6.94444444444444,7.60069444444444,7.18382352941176,41
"40",2004,11,7.43620689655172,29,7.53421052631579,7.25,7.25,7.92916666666667,7.08823529411765,19,10,2,12,17,237,170,67,11,84,153,7.34135021097046,7.48470588235294,6.97761194029851,7,7.64761904761905,7.17320261437909,42
"41",2004,12,7.24,25,7.625,6.55555555555556,NA,7.08333333333333,7.38461538461539,16,9,0,12,13,262,186,76,11,96,166,7.33167938931298,7.49677419354839,6.92763157894737,7,7.57708333333333,7.18975903614458,43
"42",2005,1,7.40384615384615,26,7.65789473684211,6.71428571428571,6,7.58333333333333,7.25,19,7,1,12,14,288,205,83,12,108,180,7.33819444444444,7.51170731707317,6.90963855421687,6.91666666666667,7.57777777777778,7.19444444444444,44
"43",2005,2,7.26666666666667,30,7.625,6.55,7.16666666666667,7.35714285714286,7.1875,20,10,3,14,16,318,225,93,15,122,196,7.3314465408805,7.52177777777778,6.87096774193548,6.96666666666667,7.55245901639344,7.19387755102041,45
"44",2005,3,7.12903225806452,31,7.56818181818182,6.05555555555556,NA,7.03333333333333,7.21875,22,9,0,15,16,349,247,102,15,137,212,7.3134670487106,7.52591093117409,6.79901960784314,6.96666666666667,7.49562043795621,7.19575471698113,46
"45",2005,4,7.26,25,7.53571428571429,6.90909090909091,7.33333333333333,8,7.075,14,11,3,5,20,374,261,113,18,142,232,7.30989304812834,7.5264367816092,6.80973451327434,7.02777777777778,7.51338028169014,7.18534482758621,47
"46",2005,5,7.08695652173913,23,7.61764705882353,5.58333333333333,NA,7.40909090909091,6.79166666666667,17,6,0,11,12,397,278,119,18,153,244,7.29697732997481,7.53201438848921,6.74789915966387,7.02777777777778,7.50588235294118,7.16598360655738,48
"47",2005,6,7,28,7.375,6.5,7,7,7,16,12,3,15,13,425,294,131,21,168,257,7.27741176470588,7.5234693877551,6.72519083969466,7.02380952380952,7.46071428571429,7.15758754863813,49
"48",2005,7,7.25555555555556,18,7.7875,3,NA,7.2625,7.25,16,2,0,8,10,443,310,133,21,176,267,7.2765237020316,7.53709677419355,6.66917293233083,7.02380952380952,7.45170454545455,7.16104868913858,50
"49",2005,8,7.39714285714286,35,7.4448275862069,7.16666666666667,7.5,7.43888888888889,7.35294117647059,29,6,2,18,17,478,339,139,23,194,284,7.28535564853556,7.52920353982301,6.69064748201439,7.06521739130435,7.45051546391753,7.17253521126761,51
"50",2005,9,7.42173913043478,23,7.61333333333333,7.0625,7.125,7.52222222222222,7.35714285714286,15,8,4,9,14,501,354,147,27,203,298,7.29161676646707,7.53276836158192,6.7108843537415,7.07407407407407,7.45369458128079,7.18120805369128,52
"51",2005,10,7,31,7.04761904761905,6.9,7,7,7,21,10,2,16,15,532,375,157,29,219,313,7.27462406015038,7.5056,6.72292993630573,7.06896551724138,7.42054794520548,7.17252396166134,53
"52",2005,11,6.89166666666667,24,7.20714285714286,6.45,6.5,7.02666666666667,6.66666666666667,14,10,2,15,9,556,389,167,31,234,322,7.25809352517986,7.49485861182519,6.7065868263473,7.03225806451613,7.39529914529915,7.1583850931677,54
"53",2005,12,7.32926829268293,41,7.76315789473684,6.95454545454545,6.91666666666667,7.275,7.38095238095238,19,22,6,20,21,597,408,189,37,254,343,7.26298157453936,7.50735294117647,6.73544973544974,7.01351351351351,7.38582677165354,7.17201166180758,55
"54",2006,1,7.14047619047619,42,7.42758620689655,6.5,6.625,7.05,7.20833333333333,29,13,4,18,24,639,437,202,41,272,367,7.25492957746479,7.50205949656751,6.72029702970297,6.97560975609756,7.36360294117647,7.17438692098093,56
"55",2006,2,7.09615384615385,26,7.3,6.41666666666667,NA,6.85,7.25,20,6,0,10,16,665,457,208,41,282,383,7.24872180451128,7.49321663019694,6.71153846153846,6.97560975609756,7.34539007092199,7.17754569190601,57
"56",2006,3,7.04411764705882,34,7.25,6.375,4,7.5,6.68421052631579,26,8,1,15,19,699,483,216,42,297,402,7.23876967095851,7.48012422360248,6.69907407407407,6.90476190476191,7.35319865319866,7.15422885572139,58
"57",2006,4,6.98695652173913,23,6.92352941176471,7.16666666666667,7,7.125,6.67142857142857,17,6,2,16,7,722,500,222,44,313,409,7.23074792243767,7.4612,6.71171171171171,6.90909090909091,7.34153354632588,7.14596577017115,59
"58",2006,5,7.3,19,7.44666666666667,6.75,NA,7.02857142857143,7.45833333333333,15,4,0,7,12,741,515,226,44,320,421,7.23252361673414,7.46077669902913,6.71238938053097,6.90909090909091,7.3346875,7.15486935866983,60
"59",2006,6,7.009375,32,7.36666666666667,5.9375,NA,6.15,7.4,24,8,0,10,22,773,539,234,44,330,443,7.22328589909444,7.45658627087199,6.68589743589744,6.90909090909091,7.29878787878788,7.16704288939052,61
"60",2006,7,7.06,35,7.40476190476191,6.54285714285714,7.3,7.04166666666667,7.0695652173913,21,14,5,12,23,808,560,248,49,342,466,7.21621287128713,7.45464285714286,6.67782258064516,6.94897959183673,7.28976608187135,7.16223175965665,62
"61",2006,8,6.73913043478261,23,7.5,5,6,6.22222222222222,7.07142857142857,16,7,1,9,14,831,576,255,50,351,480,7.20300842358604,7.45590277777778,6.63176470588235,6.93,7.26239316239316,7.15958333333333,63
"62",2006,9,7.06571428571429,35,7.212,6.7,7.33333333333333,6.92352941176471,7.2,25,10,3,17,18,866,601,265,53,368,498,7.19745958429561,7.44575707154742,6.63433962264151,6.95283018867925,7.24673913043478,7.16104417670683,64
"63",2006,10,6.9027027027027,37,7.35,6.37647058823529,7,6.625,7.036,20,17,2,12,25,903,621,282,55,380,523,7.18538205980066,7.4426731078905,6.61879432624113,6.95454545454545,7.2271052631579,7.15506692160612,65
"64",2006,11,6.81714285714286,35,6.87777777777778,6.75294117647059,7,6.90769230769231,6.76363636363636,18,17,2,13,22,938,639,299,57,393,545,7.17164179104478,7.42676056338028,6.62642140468227,6.95614035087719,7.21653944020356,7.13926605504587,66
"65",2006,12,7.08709677419355,31,7.18260869565217,6.8125,7,7.4,7.02692307692308,23,8,1,5,26,969,662,307,58,398,571,7.16893704850361,7.41827794561934,6.63127035830619,6.95689655172414,7.21884422110553,7.13415061295972,67
"66",2007,1,6.81,50,7.28125,5.97222222222222,5.6,6.90909090909091,6.73214285714286,32,18,5,22,28,1019,694,325,63,420,599,7.151324828263,7.41195965417868,6.59476923076923,6.84920634920635,7.20261904761905,7.11535893155259,68
"67",2007,2,6.861479,40,7.19545454545455,6.45328666666667,7.5,7.11111111111111,6.65723454545455,22,18,4,18,22,1059,716,343,67,438,621,7.14037692162417,7.40530726256983,6.58734448979592,6.88805970149254,7.19885844748859,7.0991290821256,69
"68",2007,3,7.15806451612903,31,7.16190476190476,7.15,8,6.98,7.24285714285714,21,10,1,10,21,1090,737,353,68,448,642,7.14087996330275,7.39837177747626,6.60328373937677,6.90441176470588,7.19397321428572,7.10383046728972,70
"69",2007,4,7.13529411764706,34,7.35555555555556,6.28571428571429,7,7,7.19166666666667,27,7,1,10,24,1124,764,360,69,458,666,7.14071099644128,7.39685863874346,6.59710877777778,6.90579710144928,7.18973799126638,7.10699573573574,71
"70",2007,5,6.97826086956522,46,7.02,6.92857142857143,6.9,6.38461538461539,7.21212121212121,25,21,5,13,33,1170,789,381,74,471,699,7.13432406837607,7.38491761723701,6.61537837270341,6.90540540540541,7.16751592356688,7.11195874105866,72
"71",2007,6,7.06666666666667,39,7.37931034482759,6.16,6.5,7.57692307692308,6.81153846153846,29,10,2,13,26,1209,818,391,76,484,725,7.13214157154673,7.38471882640587,6.60373186700767,6.89473684210526,7.17851239669422,7.10118504827586,73
"72",2007,7,6.74878048780488,41,7.09166666666667,6.26470588235294,7.16666666666667,6.66666666666667,6.81304347826087,24,17,3,18,23,1250,842,408,79,502,748,7.119567328,7.37636579572447,6.58960578431373,6.90506329113924,7.1601593625498,7.09232508021391,74
"73",2007,8,7.0258064516129,31,6.995,7.08181818181818,7.25,7.07777777777778,6.95384615384615,20,11,4,18,13,1281,862,419,83,520,761,7.11729832943013,7.36751740139211,6.60252782816229,6.92168674698795,7.15730769230769,7.08995947437582,75
"74",2007,9,7.14545454545455,33,7.125,7.17692307692308,7,7.57142857142857,6.83157894736842,20,13,3,14,19,1314,882,432,86,534,780,7.11800544901065,7.36201814058957,6.61981287037037,6.92441860465116,7.16816479400749,7.08366558974359,76
"75",2007,10,6.9955,40,7.36608695652174,6.49411764705882,6.6,7.03,6.97692307692308,23,17,5,14,26,1354,905,449,91,548,806,7.11438638109306,7.36212154696133,6.61505380846325,6.90659340659341,7.16463503649635,7.08022228287841,77
"76",2007,11,7.01458333333333,48,7.38064516129032,6.34705882352941,6.7,7.28260869565217,6.768,31,17,4,23,25,1402,936,466,95,571,831,7.11096944365193,7.36273504273504,6.60527716738198,6.8978947368421,7.16938704028021,7.07082931407942,78
"77",2007,12,7.14745762711864,59,7.66666666666667,6.48846153846154,6.25,7.26666666666667,7.02413793103448,33,26,8,30,29,1461,969,492,103,601,860,7.11244295687885,7.37308565531476,6.59910398373984,6.84757281553398,7.17424292845258,7.0692548372093,79
"78",2008,1,6.88627450980392,51,7.32352941176471,6.01176470588235,5.83333333333333,6.75,6.98965517241379,34,17,6,22,29,1512,1003,509,109,623,889,7.10481425925926,7.37140578265204,6.57948754420432,6.79174311926605,7.15926163723917,7.06665822272216,80
"79",2008,2,6.9468085106383,47,7.28571428571429,6.44736842105263,6.16666666666667,7.05263157894737,6.875,28,19,6,19,28,1559,1031,528,115,642,917,7.10005077613855,7.36907856450049,6.57473325757576,6.75913043478261,7.15610591900312,7.06080606324973,81
"80",2008,3,6.80581395348837,43,7.18035714285714,6.10666666666667,5.75,6.8,6.80892857142857,28,15,4,15,28,1602,1059,543,119,657,945,7.09215303370787,7.36408876298395,6.5618032412523,6.72521008403361,7.14797564687976,7.05334302645503,82
"81",2008,4,7.36829268292683,41,7.625,7.00588235294118,6.875,7.26842105263158,7.45454545454545,24,17,4,19,22,1643,1083,560,123,676,967,7.09904391965916,7.36987072945522,6.57528421428571,6.73008130081301,7.15136094674556,7.06247069286453,83
"82",2008,5,6.915,40,7.29473684210526,6.57142857142857,7,6.89130434782609,6.94705882352941,19,21,6,23,17,1683,1102,581,129,699,984,7.09466973262032,7.36857531760436,6.57514485370052,6.74263565891473,7.14280400572246,7.06047678861789,84
"83",2008,6,6.5995,34,6.89095833333333,5.9,6.5,6.52553333333333,6.65789473684211,24,10,2,15,19,1717,1126,591,131,714,1003,7.08486439138032,7.35839520426288,6.56372108291032,6.73893129770992,7.12983613445378,7.05285060817547,85
"84",2008,7,7.02304347826087,46,7.28583333333333,6.73636363636364,6.78,7.10761904761905,6.952,24,22,15,21,25,1763,1150,613,146,735,1028,7.08325136698809,7.35688086956522,6.56991706362153,6.74315068493151,7.12920136054422,7.0503980155642,86
"85",2008,8,6.81132075471698,53,7.08333333333333,6.58620689655172,6.42307692307692,6.82352941176471,6.80555555555556,24,29,13,17,36,1816,1174,642,159,752,1064,7.0753150660793,7.35128875638842,6.57065289719626,6.71698113207547,7.12229122340426,7.04211387218045,87
"86",2008,9,6.86041666666667,48,6.97727272727273,6.76153846153846,6.38461538461539,6.97222222222222,6.79333333333333,22,26,13,18,30,1864,1196,668,172,770,1094,7.06978120171674,7.34440886287626,6.5780825748503,6.69186046511628,7.11878311688312,7.03529173674589,88
"87",2008,10,6.59318181818182,44,6.8952380952381,6.31739130434783,6.35833333333333,6.42941176470588,6.6962962962963,21,23,12,17,27,1908,1217,691,184,787,1121,7.05879044025157,7.33665817584224,6.56940544138929,6.67010869565217,7.10389199491741,7.02712681534344,89
"88",2008,11,6.93898305084746,59,7.34666666666667,6.51724137931035,6.7,7.41176470588235,6.74761904761905,30,29,15,17,42,1967,1247,720,199,804,1163,7.05519682765633,7.336898957498,6.56730438888889,6.67236180904523,7.11040174129353,7.0170328116939,90
"89",2008,12,6.783,50,7.18620689655172,6.22619047619048,6.82142857142857,7.25,6.68048780487805,29,21,7,9,41,2017,1276,741,206,813,1204,7.04844926127913,7.33347413793104,6.55763719298246,6.67742718446602,7.1119471094711,7.00557239202658,91
"90",2009,1,6.91,75,7.29166666666667,6.42424242424242,6.3,7.12931034482759,6.77173913043478,42,33,20,29,46,2092,1318,774,226,842,1250,7.04348573613767,7.33214188163885,6.55194981912145,6.64402654867257,7.11254513064133,6.996967328,92
"91",2009,2,6.82673267326733,101,7.01,6.55853658536585,6.34285714285714,7.025,6.76493506493506,60,41,7,24,77,2193,1378,815,233,866,1327,7.0335030369357,7.31811538461539,6.55228117791411,6.63497854077253,7.11011893764434,6.98350351168048,93
"92",2009,3,6.42380952380952,63,6.98275862068965,5.94705882352941,5.56666666666667,6.20588235294118,6.50434782608696,29,34,15,17,46,2256,1407,849,248,883,1373,7.0164770212766,7.31120326936745,6.52804376914016,6.57036290322581,7.0927100792752,6.96745022578296,94
"93",2009,4,7.01964285714286,56,7.43,6.54615384615385,6.83333333333333,7.33125,6.895,30,26,6,16,40,2312,1437,875,254,899,1413,7.01655370242215,7.31368336812805,6.52858189714286,6.57657480314961,7.09695550611791,6.96539926397735,95
"94",2009,5,6.68684210526316,57,6.95625,6.342,5.95833333333333,6.7125,6.67682926829268,32,25,12,16,41,2369,1469,900,266,915,1454,7.00862058252427,7.30589720898571,6.52339906666667,6.54868421052632,7.09023278688525,6.95726214580468,96
"95",2009,6,6.74081632653061,49,7.04761904761905,6.51071428571429,6.64285714285714,7.1,6.61111111111111,21,28,7,13,36,2418,1490,928,273,928,1490,7.00319361455749,7.30225704697987,6.5230163362069,6.5510989010989,7.09036961206897,6.94889876510067,97
"96",2009,7,6.55901639344262,61,7.0537037037037,6.16617647058824,6.01666666666667,6.43571428571429,6.62375,27,34,15,21,40,2479,1517,962,288,949,1530,6.99226388059702,7.29783322346737,6.51040453222453,6.52326388888889,7.07588303477345,6.94039814379085,98
"97",2009,8,6.65037735849057,53,7,6.4209375,6.49428571428571,6.43055555555556,6.76342857142857,21,32,14,18,35,2532,1538,994,302,967,1565,6.98510748815166,7.29376657997399,6.50752430583501,6.52192052980133,7.06387073422958,6.93644035782748,99
"98",2009,9,6.6948275862069,58,7.03125,6.28076923076923,6.30714285714286,6.65555555555556,6.7125,32,26,14,18,40,2590,1570,1020,316,985,1605,6.97860701158301,7.28841592356688,6.5017442745098,6.51240506329114,7.05640913705584,6.93085928971963,100
"99",2009,10,6.2844262295082,61,6.65,6.06315789473684,6.12307692307692,5.96,6.50972222222222,23,38,13,25,36,2651,1593,1058,329,1010,1641,6.96263378347793,7.27919836785939,6.48599164461248,6.49702127659574,7.02927029702971,6.92162045094455,101
"100",2009,11,6.76206896551724,58,7.04285714285714,6.5,6.39285714285714,6.86363636363636,6.7,28,30,14,22,36,2709,1621,1088,343,1032,1677,6.95833966777409,7.27511597779149,6.48637790441176,6.49276967930029,7.02573934108527,6.91686294573644,102
"101",2009,12,6.6212962962963,54,6.94037037037037,6.30222222222222,6.08181818181818,6.41875,6.70657894736842,27,27,11,16,38,2763,1648,1115,354,1048,1715,6.95175250090481,7.26963167475728,6.48191852914798,6.48,7.01647232824428,6.91220359183674,103
"102",2010,1,6.79932432432432,74,7.03783783783784,6.56081081081081,6.59230769230769,6.69117647058824,6.83157894736842,37,37,13,17,57,2837,1685,1152,367,1065,1772,6.94777658089531,7.26454183976261,6.48445239583333,6.48397820163488,7.01127981220657,6.90961013544018,104
"103",2010,2,6.6265306122449,49,6.92916666666667,6.336,6.36363636363636,6.91,6.55384615384615,24,25,11,10,39,2886,1709,1177,378,1075,1811,6.9423223007623,7.2598320655354,6.48129920135939,6.48047619047619,7.01033767441861,6.90194873550525,105
"104",2010,3,6.909,50,7.56818181818182,6.39107142857143,6.06818181818182,6.97222222222222,6.89512195121951,22,28,11,9,41,2936,1731,1205,389,1084,1852,6.94175482288828,7.26375101097632,6.47920262240664,6.46881748071979,7.01002121771218,6.90179760259179,106
"105",2010,4,7,32,7.51666666666667,6.54411764705882,6.33333333333333,6.90833333333333,7.02115384615385,15,17,3,6,26,2968,1746,1222,392,1090,1878,6.9423828032345,7.26592382588774,6.48010569558101,6.4677806122449,7.00946146788991,6.90345003194888,107
"106",2010,5,6.87592592592593,27,7.05454545454545,6.753125,6.83333333333333,7.09375,6.78421052631579,11,16,6,8,19,2995,1757,1238,398,1098,1897,6.94178369282137,7.26460045532157,6.48363421647819,6.47329145728643,7.01007559198543,6.90225575118608,108
"107",2010,6,6.44333333333333,30,6.73888888888889,6,5.83333333333333,6.33333333333333,6.45555555555556,18,12,3,3,27,3025,1775,1250,401,1101,1924,6.93684038347108,7.25926929577465,6.478991328,6.46850374064838,7.00823160762943,6.89598708939709,109
"108",2010,7,6.88214285714286,28,6.94736842105263,6.74444444444444,7,7.375,6.685,19,9,3,8,20,3053,1794,1259,404,1109,1944,6.93633873566983,7.25596599777035,6.48088892772041,6.4724504950495,7.0108773669973,6.89381644032922,110
"109",2010,8,6.97142857142857,42,7.5125,6.25,6.5,6.70833333333333,7.07666666666667,24,18,9,12,30,3095,1818,1277,413,1121,1974,6.93681491437803,7.25935258525853,6.47763442443226,6.47305084745763,7.00763871543265,6.89659531914894,111
"110",2010,9,6.31904761904762,42,6.70588235294118,6.056,5.57142857142857,5.95,6.434375,17,25,7,10,32,3137,1835,1302,420,1131,2006,6.92854388269047,7.25422506811989,6.46953852534562,6.45802380952381,6.99828735632184,6.88922191425723,112
"111",2010,10,6.63068181818182,44,6.95434782608696,6.27619047619048,5.6,6.46428571428571,6.70833333333333,23,21,5,14,30,3181,1858,1323,425,1145,2036,6.92442381640994,7.25051291711518,6.46646950869236,6.44792941176471,6.99175807860262,6.88655656188605,113
"112",2010,11,6.505,50,7.048,5.962,6.1875,6.3125,6.59558823529412,25,25,8,16,34,3231,1883,1348,433,1161,2070,6.91793319715259,7.24782421667552,6.45711362017804,6.44311778290993,6.9823970714901,6.88177737198068,114
"113",2010,12,6.84655172413793,58,7.24137931034483,6.45172413793103,6.6,7.325,6.77,29,29,10,8,50,3289,1912,1377,443,1169,2120,6.91667441775616,7.24772646443515,6.45700011619462,6.44665914221219,6.98474165953807,6.87914111320755,115
"114",2011,1,6.69446428571429,56,7.01392857142857,6.375,6.6,6.98333333333333,6.58878048780488,28,28,10,15,41,3345,1940,1405,453,1184,2161,6.91295430792227,7.24435206185567,6.45536595017794,6.45004415011037,6.98472381756757,6.87363218880148,116
"115",2011,2,6.48809523809524,42,6.87727272727273,6.06,5.66666666666667,6.56153846153846,6.4551724137931,22,20,6,13,29,3387,1962,1425,459,1197,2190,6.90768590493062,7.24023598369011,6.44981695438596,6.43980392156863,6.98012781954887,6.86809094063927,117
"116",2011,3,6.51195652173913,46,7.152,5.75,5.5625,7.15,6.28676470588235,25,21,8,12,34,3433,1987,1446,467,1209,2224,6.90238338479464,7.2391258178158,6.43965363762102,6.42477516059957,6.98181389578164,6.85920375899281,118
"117",2011,4,6.71331111111111,45,7.07083333333333,6.30471428571429,5.7,6.85,6.68375675675676,24,21,5,8,37,3478,2011,1467,472,1217,2261,6.89993707878091,7.23711735454998,6.43772199045671,6.41709745762712,6.98094741166803,6.85633266696152,119
"118",2011,5,6.53205128205128,39,6.95526315789474,6.13,6.16666666666667,6,6.6484375,19,20,6,7,32,3517,2030,1487,478,1224,2293,6.8958575945408,7.23447931034483,6.43358316072629,6.4139539748954,6.97533741830065,6.85343138246838,120
"119",2011,6,6.90625,32,7.34782608695652,5.77777777777778,5.5,6.72222222222222,6.97826086956522,23,9,2,9,23,3549,2053,1496,480,1233,2316,6.89595129895745,7.23574914758889,6.42963780748663,6.41014583333333,6.9734898621249,6.85467105354059,121
"120",2011,7,6.66,25,7.44444444444444,6.21875,6.125,6.6875,6.64705882352941,9,16,4,8,17,3574,2062,1512,484,1241,2333,6.89430082820369,7.23666003879728,6.42740619047619,6.40778925619835,6.97164625302176,6.85315823403343,122
"121",2011,8,6.668,50,7.012,6.324,6.36666666666667,6.52222222222222,6.7,25,25,6,9,41,3624,2087,1537,490,1250,2374,6.89117857615894,7.23396885481552,6.42572424202993,6.40728571428571,6.9684104,6.85051312552654,123
"122",2011,9,6.78,30,6.93571428571429,6.64375,5.6,5.85,7.0125,14,16,5,6,24,3654,2101,1553,495,1256,2398,6.89026577996716,7.23198143741076,6.42797048293625,6.39913131313131,6.96306767515923,6.85213434528774,124
"123",2011,10,6.86219512195122,41,7.14772727272727,6.53157894736842,6.43333333333333,6.99545454545455,6.81333333333333,22,19,6,11,30,3695,2123,1572,501,1267,2428,6.88995430581867,7.2311083372586,6.4292227480916,6.39954091816367,6.96334885556433,6.85165492586491,125
"124",2011,11,6.42545454545455,55,6.71428571428571,6.12592592592593,5.77777777777778,6.6875,6.38085106382979,28,27,9,8,47,3750,2151,1599,510,1275,2475,6.88314164266667,7.22438075313808,6.42410141338336,6.38856862745098,6.96161803921569,6.84271440808081,126
"125",2011,12,6.60444444444444,45,7.112,5.97,6.125,6.84615384615385,6.50625,25,20,12,13,32,3795,2176,1619,522,1288,2507,6.87983693280632,7.22308961397059,6.41849176034589,6.38250957854406,6.96045263975155,6.83841968887116,127
"126",2012,1,6.83333333333333,60,7.1,6.37272727272727,5.94444444444444,7.01333333333333,6.77333333333333,38,22,9,15,45,3855,2214,1641,531,1303,2552,6.87911314137484,7.22097696476965,6.4178782205972,6.37508474576271,6.96106139677667,6.83727200626959,128
"127",2012,2,6.68139534883721,43,6.96818181818182,6.38095238095238,6,6.75,6.66060606060606,22,21,11,10,33,3898,2236,1662,542,1313,2585,6.87693205746537,7.2184897137746,6.41741164861612,6.36747232472325,6.95945392231531,6.83501669632495,129
"128",2012,3,6.84659090909091,44,7.1195652173913,6.54761904761905,6.3,6.41428571428571,6.92837837837838,23,21,10,7,37,3942,2259,1683,552,1320,2622,6.87659339421613,7.2174825143869,6.41903633986928,6.36625,6.95656287878788,6.83633415713196,130
"129",2012,4,6.64528301886792,53,6.67333333333333,6.60869565217391,6.7,6.3,6.7575,30,23,5,13,40,3995,2289,1706,557,1333,2662,6.87352469586984,7.21035080821319,6.42159329425557,6.36924596050269,6.95015978994749,6.83514957175056,131
"130",2012,5,6.97394736842105,38,7.3525,6.55333333333333,6.45555555555556,7.02142857142857,6.96322580645161,20,18,9,7,31,4033,2309,1724,566,1340,2693,6.87447090503347,7.21158207016024,6.42296877030162,6.3706183745583,6.95053208955224,6.8366238989974,132
"131",2012,6,6.18421052631579,19,7.21428571428571,5.58333333333333,5.2,6.5,6.1,7,12,5,4,15,4052,2316,1736,571,1344,2708,6.87123424481737,7.2115902417962,6.41716483870968,6.36036777583187,6.9491912202381,6.83254363367799,133
"132",2012,7,6.53260869565217,23,7.02272727272727,6.08333333333333,7,6.675,6.50263157894737,11,12,1,4,19,4075,2327,1748,572,1348,2727,6.86932298404908,7.21069746454663,6.41487308924485,6.36148601398601,6.94837759643917,6.83024501650165,134
"133",2012,8,6.56388888888889,36,7.06875,6.16,6.41666666666667,6.40769230769231,6.65217391304348,16,20,6,13,23,4111,2343,1768,578,1361,2750,6.86664829968378,7.20972812633376,6.41198990950226,6.36205882352941,6.94321307861866,6.82875569454546,135
"134",2012,9,6.76129032258065,31,7.355,5.68181818181818,6.66666666666667,7.375,6.54782608695652,20,11,3,8,23,4142,2363,1779,581,1369,2773,6.86585976822791,7.21095768091409,6.40747507588533,6.36363166953528,6.94573630387144,6.82642558961414,136
"135",2012,10,6.79275862068966,29,7.06666666666667,6.49928571428571,6.83333333333333,6.37777777777778,6.9795,15,14,3,9,20,4171,2378,1793,584,1378,2793,6.86535151282666,7.21004751892346,6.40819194645845,6.36604452054794,6.94202685050798,6.82752171858217,137
"136",2012,11,6.51625,40,6.826,6,6.2,7.08333333333333,6.27321428571429,25,15,5,12,28,4211,2403,1808,589,1390,2821,6.86203542151508,7.20605201831044,6.40480539823009,6.36463497453311,6.94324676258993,6.8220199078341,138
"137",2012,12,6.84473684210526,38,7.11818181818182,6.46875,6.5,7,6.80967741935484,22,16,6,7,31,4249,2425,1824,595,1397,2852,6.86188071546246,7.20525484536082,6.40536631578947,6.366,6.94353113815319,6.82188575035063,139
"138",2013,1,6.49642857142857,56,6.65,6.36333333333333,5.64,6.2,6.59523809523809,26,30,10,14,42,4305,2451,1854,605,1411,2894,6.85712686643438,7.19936474908201,6.40468617044229,6.354,6.93615379163714,6.81859646164478,140
"139",2013,2,6.46,20,6.73,6.19,6,6.7,6.26363636363636,10,10,2,9,11,4325,2461,1864,607,1420,2905,6.8552904416185,7.19745753758635,6.40353442060086,6.35283360790774,6.93465704225352,6.8164950636833,141
"140",2013,3,6.75339393939394,33,7.022625,6.5,6.66666666666667,6.98466666666667,6.66666666666667,16,17,9,9,24,4358,2477,1881,616,1429,2929,6.85451885268472,7.19632821962051,6.40440625199362,6.35741883116883,6.93497200839748,6.81526738135883,142
"141",2013,4,6.36206896551724,29,6.66666666666667,5.86363636363636,4.5,6.7,6.29166666666667,18,11,2,5,24,4387,2495,1892,618,1434,2953,6.85126354228402,7.19250701402806,6.4012622410148,6.35140776699029,6.93415271966527,6.81101190653573,143
"142",2013,5,6.82413793103448,29,6.93529411764706,6.66666666666667,6.2,6.51428571428571,6.92272727272727,17,12,5,7,22,4416,2512,1904,623,1441,2975,6.8510854076087,7.19076632165605,6.40293495798319,6.35019261637239,6.93211311589174,6.81183803697479,144
"143",2013,6,6.71481481481482,27,7.31428571428571,6.06923076923077,6.5,7.85,6.51739130434783,14,13,3,4,23,4443,2526,1917,626,1445,2998,6.85025729462075,7.19145091053048,6.4006719666145,6.35091054313099,6.93465397923875,6.80957910607071,145
"144",2013,7,6.39047619047619,21,6.88461538461539,5.5875,5.4,6.9,6.30555555555556,13,8,3,3,18,4464,2539,1925,629,1448,3016,6.84809434587814,7.18987987396613,6.39729255064935,6.34637519872814,6.93458218232044,6.80657100795756,146
"145",2013,8,6.74516129032258,31,7.125,6.05454545454545,6.1,6.5,6.88,20,11,6,11,20,4495,2559,1936,635,1459,3036,6.84738446273638,7.18937280187573,6.39534512396694,6.34404724409449,6.93130568882796,6.80705472990777,147
"146",2013,9,6.80769230769231,26,7.14705882352941,6.16666666666667,6.5,6.20833333333333,6.9875,17,9,4,6,20,4521,2576,1945,639,1465,3056,6.84715619553196,7.18909355590062,6.39428697172236,6.3450234741784,6.92834470989761,6.80823565445026,148
"147",2013,10,6.54615384615385,26,7.05,6.11428571428571,6.75,7.12,6.40952380952381,12,14,2,5,21,4547,2588,1959,641,1470,3077,6.84543504728392,7.18844860896445,6.39228594180704,6.34628705148206,6.92899659863945,6.80551451413715,149
"148",2013,11,6.70571428571429,35,6.95833333333333,6.43823529411765,6.5,6.66666666666667,6.71923076923077,18,17,4,9,26,4582,2606,1976,645,1479,3103,6.84436777826277,7.18685917114351,6.39268125506073,6.34724031007752,6.92740027045301,6.80479154366742,150
"149",2013,12,6.5,35,7.17647058823529,5.86111111111111,5,7.08333333333333,6.37931034482759,17,18,5,6,29,4617,2623,1994,650,1485,3132,6.84175723630063,7.18679184140297,6.38788272818455,6.33687692307692,6.9280303030303,6.80085190293742,151
"150",2014,1,6.46944444444444,36,6.7725,6.090625,6.04166666666667,6.96428571428571,6.35,20,16,6,7,29,4653,2643,2010,656,1492,3161,6.83887667311412,7.18365682936057,6.38551649751244,6.33417682926829,6.92820040214477,6.79671564694717,152
"151",2014,2,6.61836734693878,49,6.91071428571429,6.22857142857143,6.21428571428571,6.5,6.66571428571429,28,21,7,14,35,4702,2671,2031,663,1506,3196,6.83657872394726,7.18079558217896,6.38389372722797,6.33291101055807,6.9242197875166,6.79528102628285,153
"152",2014,3,6.34615384615385,26,6.54166666666667,6.17857142857143,6.375,6.83333333333333,6.28260869565217,12,14,4,3,23,4728,2683,2045,667,1509,3219,6.83388180203046,7.1779370108088,6.38248809779951,6.33316341829085,6.92403909874089,6.7916179434607,154
"153",2014,4,6.85740740740741,27,7.20666666666667,6.42083333333333,6.125,6.625,6.89782608695652,15,12,4,4,23,4755,2698,2057,671,1513,3242,6.83401538590957,7.17809673832468,6.38271179387457,6.33192250372578,6.9232485128883,6.79237142504627,155
"154",2014,5,6.67592592592593,27,7.25,6.05769230769231,5.91666666666667,6.6875,6.67105263157895,14,13,6,8,19,4782,2712,2070,677,1521,3261,6.83312278544542,7.17846792035398,6.38067060869565,6.32824224519941,6.92200854700855,6.79166456915057,156
"155",2014,6,6.84655172413793,29,7.29210526315789,6,5.5,6.875,6.83913043478261,19,10,2,6,23,4811,2731,2080,679,1527,3284,6.83320373311162,7.17925851336507,6.37884046153846,6.32580265095729,6.92182383759004,6.79199700365408,157
"156",2014,7,6.42884615384615,26,6.54411764705882,6.21111111111111,5.625,6.7,6.36428571428571,17,9,4,5,21,4837,2748,2089,683,1532,3305,6.8310302170767,7.17532933042212,6.3781178362853,6.32169838945827,6.9210998694517,6.78927932223903,158
"157",2014,8,6.87428571428571,28,7.77692307692308,6.092,6.5,7.375,6.79083333333333,13,15,2,4,24,4865,2761,2104,685,1536,3329,6.83127916957863,7.17816189786309,6.37607802281369,6.32221897810219,6.92228190104167,6.78929052568339,159
"158",2014,9,6.448,25,6.63636363636364,6.3,6,6.5,6.43809523809524,11,14,4,4,21,4890,2772,2118,689,1540,3350,6.82931966462168,7.1760119047619,6.37557514636449,6.32034833091437,6.92118506493506,6.78708900298508,160
"159",2014,10,6.55285714285714,35,7.12368421052632,5.875,6,6.54545454545455,6.55625,19,16,6,11,24,4925,2791,2134,695,1551,3374,6.82735495634518,7.17565567896811,6.37182200562324,6.31758273381295,6.91852030947776,6.78544699466509,161
"160",2014,11,6.5593023255814,43,7.21428571428571,5.93409090909091,5.33333333333333,6.38461538461539,6.635,21,22,9,13,30,4968,2812,2156,704,1564,3404,6.82503485507247,7.17594416785206,6.36735536178108,6.305,6.91408248081841,6.78412108108108,162
"161",2014,12,6.40945945945946,37,6.6804347826087,5.96428571428571,6.5,6.95,6.20925925925926,23,14,6,10,27,5005,2835,2170,710,1574,3431,6.82196266933067,7.17192416225749,6.36475491244239,6.30664788732394,6.91431067344346,6.77959724861556,163
"162",2015,1,6.72045454545455,44,6.97333333333333,6.17857142857143,5.33333333333333,6.75,6.71176470588235,30,14,3,10,34,5049,2865,2184,713,1584,3465,6.82107806694395,7.16984467713787,6.36356142857143,6.30255259467041,6.91327335858586,6.77893164790765,164
"163",2015,2,6.64285714285714,21,7.27272727272727,5.95,6,7.35714285714286,6.28571428571429,11,10,3,7,14,5070,2876,2194,716,1591,3479,6.82033987376726,7.17023817802503,6.36167646308113,6.30128491620112,6.91522627278441,6.77694686979017,165
"164",2015,3,6.70833333333333,36,7.10833333333333,5.90833333333333,5.94444444444444,7.08181818181818,6.544,24,12,9,11,25,5106,2900,2206,725,1602,3504,6.8195501684293,7.16972586206896,6.35921040797824,6.29685517241379,6.91637016229713,6.7752848630137,166
"165",2015,4,6.68125,32,6.92307692307692,6.51578947368421,6.85714285714286,6.42857142857143,6.752,13,19,7,7,25,5138,2913,2225,732,1609,3529,6.81868882055275,7.16862512873326,6.36054748764045,6.3022131147541,6.91424798011187,6.77511990932275,167
"166",2015,5,6.78703703703704,27,7.02941176470588,6.375,6.9,6.92857142857143,6.7375,17,10,3,7,20,5165,2930,2235,735,1616,3549,6.81852336108422,7.16781740614334,6.36061215212528,6.30465306122449,6.91431002475247,6.77490790645252,168
"167",2015,6,6.66,25,6.875,6.55882352941176,6.3125,6.75,6.63157894736842,8,17,8,6,19,5190,2938,2252,743,1622,3568,6.817759761079,7.16702008168822,6.36210841918295,6.30473755047106,6.91370221948212,6.77414466367713,169
"168",2015,7,6.61111111111111,27,6.91666666666667,6,6.16666666666667,6.94444444444444,6.44444444444444,18,9,3,9,18,5217,2956,2261,746,1631,3586,6.81669027410389,7.16549560216509,6.3606670322866,6.30418230563003,6.91387185775598,6.772489726715,170
"169",2015,8,6.35606060606061,33,7.01315789473684,5.46428571428571,5.25,5.75,6.49074074074074,19,14,4,6,27,5250,2975,2275,750,1637,3613,6.81379488761905,7.16452268907563,6.35515083956044,6.29856,6.90960598656078,6.77038421256573,171
"170",2015,9,7.02777777777778,18,7.25,6.58333333333333,6.75,7.25,6.96428571428571,12,6,2,4,14,5268,2987,2281,752,1641,3627,6.81452603644647,7.16486608637429,6.35575105655414,6.29976063829787,6.91043570993297,6.77113266060105,172
"171",2015,10,6.88095238095238,21,7.32142857142857,6,6.33333333333333,7.625,6.42307692307692,14,7,3,8,13,5289,3001,2288,755,1649,3640,6.8147897825676,7.16559646784405,6.35466265734266,6.2998940397351,6.91390236506974,6.7698896043956,173
"172",2015,11,6.45,34,6.79705882352941,6.10294117647059,6.42,5.62142857142857,6.66481481481481,17,17,5,7,27,5323,3018,2305,760,1656,3667,6.81245973323314,7.16352054340623,6.35280614316703,6.30068421052631,6.90843900966183,6.76911594218707,174
"173",2015,12,6.95151515151515,33,7.4,6.57777777777778,6.7,6.6875,7.036,15,18,7,8,25,5356,3033,2323,767,1664,3692,6.81331649738611,7.16469007583251,6.35454935858803,6.30432855280313,6.90737680288461,6.77092312026002,175
"174",2016,1,6.99166666666667,36,7.26666666666667,6.60666666666667,6.75,6.77272727272727,7.088,21,15,8,11,25,5392,3054,2338,775,1675,3717,6.81450726261128,7.16539129011133,6.35616687767322,6.30892903225806,6.90649253731343,6.77305573311811,176
"175",2016,2,6.34615384615385,26,6.61764705882353,5.83333333333333,5.5,6.81818181818182,6,17,9,3,11,15,5418,3071,2347,778,1686,3732,6.81225971945368,7.16235916639531,6.3541619769919,6.30580976863753,6.90591637010676,6.76994859592712,177
"176",2016,3,6.57470588235294,17,7.0025,6.19444444444444,4.66666666666667,6.004,6.8125,8,9,3,5,12,5435,3079,2356,781,1691,3744,6.81151668077277,7.16194381292627,6.35355185059422,6.29951344430218,6.90324955647546,6.77008497863248,178
"177",2016,4,6.998125,32,7.30555555555556,6.60285714285714,6.49142857142857,6.5,7.09037037037037,18,14,7,5,27,5467,3097,2370,788,1696,3771,6.81260895555149,7.16277849531805,6.35502454008439,6.30121827411167,6.90206073113207,6.77237819146115,179
"178",2016,5,6.65227272727273,22,6.88636363636364,6.41818181818182,5.575,6,6.79722222222222,11,11,4,4,18,5489,3108,2381,792,1700,3789,6.81196632537803,7.16180019305019,6.35531632087358,6.2975505050505,6.89993823529412,6.77249621536025,180
"179",2016,6,6.45833333333333,24,6.73333333333333,6,6.25,6.6,6.42105263157895,15,9,4,5,19,5513,3123,2390,796,1705,3808,6.81042683838201,7.15974223503042,6.35397830962343,6.29731155778894,6.89905865102639,6.77074268907563,181
"180",2016,7,6.9032,25,7.39285714285714,6.28,NA,7.53333333333333,6.70421052631579,14,11,0,6,19,5538,3137,2401,796,1711,3827,6.81084564102564,7.16078259483583,6.35363938359017,6.29731155778894,6.9012828755114,6.77041237522864,182
"181",2016,8,6.35185185185185,27,6.9375,5.5,4.75,5.71428571428571,6.575,16,11,4,7,20,5565,3153,2412,800,1718,3847,6.80861871698113,7.15964954012052,6.34974633499171,6.289575,6.89644644935972,6.76939645438004,183
"182",2016,9,6.34166666666667,24,7.37,5.60714285714286,5.75,6.9,6.26190476190476,10,14,6,3,21,5589,3163,2426,806,1721,3868,6.80661355519771,7.16031457477079,6.34546090684254,6.28555831265509,6.89645264381174,6.76664119958635,184
"183",2016,10,6.39814814814815,27,6.70833333333333,5.77777777777778,5.4,6.5,6.39,18,9,5,2,25,5616,3181,2435,811,1723,3893,6.80464977920228,7.15775699465577,6.34336269404517,6.28009864364981,6.89599245502031,6.76422249165168,185
"184",2016,11,6.70967741935484,31,7.36363636363636,6.35,6.5,6.83333333333333,6.68,11,20,11,6,25,5647,3192,2455,822,1729,3918,6.80412841508766,7.15846647869674,6.34341676578411,6.28304136253041,6.89577501445923,6.76368508422665,186
"185",2016,12,6.30357142857143,28,6.9375,5.45833333333333,5.5,6.125,6.33333333333333,16,12,1,4,24,5675,3208,2467,823,1733,3942,6.80165870660793,7.15736440149626,6.33911153627888,6.28208991494532,6.89399596076168,6.76106498224252,187
"186",2017,1,6.66388888888889,36,7.27222222222222,6.05555555555556,6.33333333333333,6.6,6.6741935483871,18,18,6,5,31,5711,3226,2485,829,1738,3973,6.80079025739801,7.15800526968382,6.33705760965794,6.28246079613993,6.8931501726122,6.76038715328467,188
"187",2017,2,6.46666666666667,27,6.68235294117647,6.1,5.75,6.9,6.39130434782609,17,10,2,4,23,5738,3243,2495,831,1742,3996,6.79921804810039,7.15551187172371,6.33610747895791,6.28117930204573,6.89316590126292,6.7582628028028,189
"188",2017,3,6.33793103448276,29,6.85294117647059,5.60833333333333,5.66666666666667,5.625,6.60952380952381,17,12,6,8,21,5767,3260,2507,837,1750,4017,6.79689841512052,7.15393404907975,6.33262391703231,6.27677419354839,6.88736857142857,6.75748522778193,190
"189",2017,4,6.575,20,7,6.22727272727273,6.16666666666667,7.1,6.4,9,11,6,5,15,5787,3269,2518,843,1755,4032,6.79613152928979,7.15351024778219,6.33216368546465,6.27599051008304,6.88797435897436,6.75615529761905,191
"190",2017,5,6.825,30,7.34722222222222,6.04166666666667,5.83333333333333,5.89285714285714,7.10869565217391,18,12,3,7,23,5817,3287,2530,846,1762,4055,6.79628041258381,7.15457103742014,6.33078583399209,6.2744208037825,6.88402099886493,6.75815490998767,192
"191",2017,6,7.02631578947368,19,7.15384615384615,6.75,7,7.14285714285714,6.95833333333333,13,6,1,7,12,5836,3300,2536,847,1769,4067,6.79702932830706,7.15456818181818,6.33177766561514,6.2752774498229,6.88504522328999,6.75874555200393,193
"192",2017,7,6.5,19,6.85,6.11111111111111,6,6.5,6.5,10,9,2,4,15,5855,3310,2545,849,1773,4082,6.79606544150299,7.15364803625377,6.33099731237721,6.27462897526502,6.88417653694303,6.75779474767271,194
"193",2017,8,6.23685714285714,35,6.893125,5.68421052631579,5.75,6.679,6.06,16,19,8,10,25,5890,3326,2564,857,1783,4107,6.79274247198642,7.15239476849068,6.32620443057722,6.26973162193699,6.88302579921481,6.75354715364013,195
"194",2017,9,6.91041666666667,24,7.42647058823529,5.65714285714286,5.65,6.78571428571429,6.96176470588235,17,7,4,7,17,5914,3343,2571,861,1790,4124,6.79322001352723,7.1537885133114,6.32438279268767,6.2668524970964,6.88264525139665,6.75440547041707,196
"195",2017,10,6.71481481481482,27,6.93888888888889,6.26666666666667,5.5,6.33333333333333,6.82380952380952,18,9,2,6,21,5941,3361,2580,863,1796,4145,6.79286368624811,7.1526376078548,6.32418145736434,6.26507531865585,6.88081013363029,6.75475709529554,197
"196",2017,11,6.70739130434783,23,7.25384615384615,5.997,NA,7.32833333333333,6.48823529411765,13,10,0,6,17,5964,3374,2590,863,1802,4162,6.79253406438632,7.15302756372258,6.3229182084942,6.26507531865585,6.88230022197558,6.75366846708313,198
"197",2017,12,6.68740740740741,27,6.756,6.64705882352941,6.2,7,6.61636363636364,10,17,5,5,22,5991,3384,2607,868,1807,4184,6.79206028375897,7.1518543144208,6.32503189873417,6.26470046082949,6.88262589928058,6.75294650095602,199
"198",2018,1,6.95558823529412,34,7.12,6.49888888888889,6.875,7,6.94407407407407,25,9,4,7,27,6025,3409,2616,872,1814,4211,6.79298309709544,7.1516207098856,6.32563003058104,6.2675,6.88307883131202,6.75417196865353,200
"199",2018,2,6.33461538461538,26,6.625,5.87,5.65,6.8,6.22380952380952,16,10,6,5,21,6051,3425,2626,878,1819,4232,6.79101357792101,7.1491605839416,6.32389495811119,6.26328018223234,6.88285046728972,6.75154020793951,201
"200",2018,3,6.90925939393939,33,7.200278,6.46153846153846,6.16666666666667,7.66666666666667,6.74094666666667,20,13,6,6,27,6084,3445,2639,884,1825,4259,6.79165495069034,7.14945734687953,6.3245730049261,6.26262443438914,6.88542739726027,6.75147305001174,202
"201",2018,4,7.00285714285714,35,7.26315789473684,6.69375,6.51428571428571,7.35,6.93103448275862,19,16,7,6,29,6119,3464,2655,891,1831,4288,6.79286300375878,7.15008099307159,6.32679780037664,6.26460157126824,6.88694975423266,6.75268743470149,203
"202",2018,5,6.38888888888889,18,6.88888888888889,5.88888888888889,6.5,6.66666666666667,6.33333333333333,9,9,2,3,15,6137,3473,2664,893,1834,4303,6.79167813589702,7.14940413475381,6.32531837837837,6.2651287793953,6.88658942202835,6.75122559144783,204
"203",2018,6,6.15625,16,6.35714285714286,6,6,NA,6.15625,7,9,2,0,16,6153,3480,2673,895,1834,4319,6.79002579554689,7.14781050574713,6.32422303030303,6.26453631284916,6.88658942202835,6.74902146793239,205
"204",2018,7,6.65714285714286,21,6.91428571428571,6.14285714285714,6.5,5,6.74,14,7,2,1,20,6174,3494,2680,897,1835,4339,6.7895738127632,7.1468748025186,6.32374931343283,6.2650613154961,6.88556130790191,6.74897988476607,206
"205",2018,8,6.77391304347826,23,6.48461538461538,7.15,6.5,6,6.84761904761905,13,10,2,2,21,6197,3507,2690,899,1837,4360,6.78951568823624,7.14441989164528,6.32682087732342,6.26558398220245,6.88459716929777,6.74945498165138,207
"206",2018,9,6.188,25,6.78461538461538,5.54166666666667,6,6,6.24736842105263,13,12,1,6,19,6222,3520,2702,900,1843,4379,6.78709879781421,7.14309106818182,6.32333388601036,6.26528888888889,6.88171730873576,6.74727648321535,208
"207",2018,10,7.05304347826087,23,7.38875,6.28571428571429,6.5,NA,7.05304347826087,16,7,1,0,23,6245,3536,2709,901,1843,4402,6.78807825780625,7.14420264705882,6.32323667774086,6.26554938956715,6.88171730873576,6.74887408450704,209
"208",2018,11,6.875,24,7.08333333333333,6.66666666666667,7,7.6875,6.46875,12,12,3,8,16,6269,3548,2721,904,1851,4418,6.78841102568193,7.14399677564825,6.32475125321573,6.26798672566372,6.8851998919503,6.7478596016297,210
"209",2018,12,6.61782608695652,23,6.90785714285714,6.16666666666667,7.33333333333333,6.14285714285714,6.825625,14,9,3,7,16,6292,3562,2730,907,1858,4434,6.78778746344565,7.14306865805727,6.32423009523809,6.27151047409041,6.88240312163617,6.7481402165088,211
"210",2019,1,6.64166666666667,24,6.90625,6.1125,6.3,7.5,6.35555555555556,16,8,4,6,18,6316,3578,2738,911,1864,4452,6.7872322229259,7.14200965902739,6.32361145361577,6.27163556531284,6.8843910944206,6.74655294699012,212
"211",2019,2,6.04347826086957,23,6.26923076923077,5.75,5.33333333333333,6.5,5.94736842105263,13,10,3,4,19,6339,3591,2748,914,1868,4471,6.78453363622022,7.13885005847953,6.32152407569141,6.26855579868709,6.88356798715203,6.74315672556475,213
"212",2019,3,6.569,20,6.615,6.5,6.66666666666667,6.5,6.57666666666667,12,8,3,2,18,6359,3603,2756,917,1870,4489,6.78385575090423,7.13710534554538,6.32204214804064,6.26985823336968,6.8831577540107,6.74248913343729,214
"213",2019,4,6.73076923076923,13,6.8125,6.6,6.5,6.75,6.72727272727273,8,5,2,2,11,6372,3611,2761,919,1872,4500,6.78374744507219,7.13638619772916,6.32254551249547,6.270359085963,6.88301549145299,6.74245193777778,215
"214",2019,5,6.80526315789474,19,7.09090909090909,6.4125,6,6,6.9,11,8,3,2,17,6391,3622,2769,922,1874,4517,6.78381140979503,7.13624808393153,6.32280540267244,6.26947939262473,6.88207310565635,6.7430448793447,216
"215",2019,6,6.22222222222222,18,7.33333333333333,5.66666666666667,5.6,8,6,6,12,5,2,16,6409,3628,2781,927,1876,4533,6.78223415821501,7.13657402425579,6.31997416756562,6.26586839266451,6.88326492537314,6.74042217515994,217
"216",2019,7,6.50625,24,6.57666666666667,6.38888888888889,5,6.34444444444444,6.60333333333333,15,9,2,9,15,6433,3643,2790,929,1885,4548,6.78120452665941,7.13426861377985,6.32019647311828,6.26314316469322,6.88069230769231,6.7399700351803,218
"217",2019,8,6.69444444444444,18,7.13636363636364,6,NA,7.16666666666667,6.6,11,7,0,3,15,6451,3654,2797,929,1888,4563,6.78096244303209,7.13427492063492,6.31939512334644,6.26314316469322,6.8811467161017,6.73950991014683,219
"218",2019,9,6.42058823529412,17,6.5,6.35,6.5,6,6.51071428571429,8,9,2,3,14,6468,3662,2806,931,1891,4577,6.78001526283241,7.13288928454396,6.31949328581611,6.26365198711063,6.87974881015336,6.7388100764693,220
"219",2019,10,7.28571428571429,7,7.66666666666667,5,NA,NA,7.28571428571429,6,1,0,0,7,6475,3668,2807,931,1891,4584,6.78056196447877,7.13376242093784,6.31902321339508,6.26365198711063,6.87974881015336,6.73964522687609,221
"220",2019,11,6.77368421052632,19,7.07692307692308,6.11666666666667,5.35,6.175,6.93333333333333,13,6,2,4,15,6494,3681,2813,933,1895,4599,6.78054184170003,7.13356168432491,6.31859159616068,6.2616934619507,6.87826121372032,6.74027695585997,222
"221",2019,12,6.71904761904762,21,7,6.50833333333333,6,5.5,6.84736842105263,9,12,1,2,19,6515,3690,2825,934,1897,4618,6.78034362547966,7.13323592411924,6.31939757876106,6.26141327623126,6.87680811808118,6.74071756604591,223
"222",2020,1,6.51604925925926,27,6.770833125,6.14545454545455,5,7,6.45555541666667,16,11,3,3,24,6542,3706,2836,937,1900,4642,6.77925283552431,7.13167131408527,6.3187229055007,6.25737459978655,6.87700263157895,6.73924322490306,224
"223",2020,2,6.8,25,7.02941176470588,6.3125,6.33333333333333,6.33333333333333,6.86363636363636,17,8,3,3,22,6567,3723,2844,940,1903,4664,6.77933181818182,7.13120437550363,6.31870540084388,6.25761702127659,6.87614555964267,6.73982998499143,225
"224",2020,3,7.30769230769231,13,7.36363636363636,7,8,7.6,7.125,11,2,1,5,8,6580,3734,2846,941,1908,4672,6.78037569148936,7.13188909748259,6.31918417427969,6.25946865037194,6.87804245283019,6.74048952268836,226
"225",2020,4,6.5,19,7.2,5.72222222222222,5.8,7,6.36666666666667,10,9,5,4,15,6599,3744,2855,946,1912,4687,6.7795684270344,7.13207101762821,6.31730233274956,6.25704016913319,6.87829759414226,6.73929316193728,227
"226",2020,5,6.88666666666667,15,7.0625,6.68571428571429,6,6.5,6.91428571428571,8,7,3,1,14,6614,3752,2862,949,1913,4701,6.77981131690354,7.13192267857143,6.31820341020265,6.25622760800843,6.87809984317825,6.73981430546692,228
"227",2020,6,6.565,20,6.83333333333333,6.1625,6,6.33333333333333,6.60588235294118,12,8,3,3,17,6634,3764,2870,952,1916,4718,6.77916370967742,7.13097074654623,6.31776939372822,6.25542016806723,6.87724686847599,6.73933171894871,229
"228",2020,7,6.62857142857143,14,6.93,5.875,6.5,7,6.48,10,4,2,4,10,6648,3774,2874,954,1920,4728,6.77884657791817,7.13043823264441,6.31715315240083,6.25593291404612,6.87750260416667,6.73878321700508,230
"229",2020,8,7.13846153846154,13,6.975,7.4,9,NA,7.13846153846154,8,5,1,0,13,6661,3782,2879,955,1920,4741,6.77954842366011,7.13010943680592,6.3190337478291,6.25880628272251,6.87750260416667,6.73987914996836,231
"230",2020,9,6.92105263157895,19,7.20833333333333,6.42857142857143,6,6,6.97222222222222,12,7,1,1,18,6680,3794,2886,956,1921,4759,6.77995090568862,7.13035685028993,6.31929943173943,6.25853556485356,6.87704580947423,6.74075794284514,232
"231",2020,10,6.76818181818182,22,6.66923076923077,6.91111111111111,6.5,8.5,6.68571428571429,13,9,2,1,21,6702,3807,2895,958,1922,4780,6.77991227245599,7.128782214342,6.32113926079447,6.25903966597077,6.87789021852237,6.74051611924686,233
"232",2020,11,6.49545454545455,22,7.22307692307692,5.44444444444444,6.33333333333333,6.66666666666667,6.46842105263158,13,9,3,3,19,6724,3820,2904,961,1925,4799,6.77898156603213,7.12910311256545,6.31842223140495,6.25927159209157,6.87756103896104,6.73943885184414,234
"233",2020,12,6.27272727272727,22,6.65384615384615,5.72222222222222,5.66666666666667,6.3,6.26470588235294,13,9,3,5,17,6746,3833,2913,964,1930,4816,6.77733057367329,7.12749123141143,6.31658021283899,6.25742738589212,6.87606476683938,6.73776309177741,235
"234",2021,1,6.6974668,25,7.136666875,5.91666666666667,6.375,8.83333333333333,6.40621227272727,16,9,2,3,22,6771,3849,2922,966,1933,4838,6.77703569930587,7.12752937386334,6.31534844626967,6.25767080745342,6.8791024314537,6.73625541959488,236
"235",2021,2,5.66666666666667,9,6.33333333333333,5.33333333333333,4,NA,5.66666666666667,3,6,2,0,9,6780,3852,2928,968,1933,4847,6.7755617581121,7.1269108411215,6.31333612021858,6.25300619834711,6.8791024314537,6.73426938724985,237
"236",2021,3,6.46923076923077,13,6.86,5.16666666666667,5.16666666666667,7.5,6.28181818181818,10,3,3,2,11,6793,3862,2931,971,1935,4858,6.77497552186074,7.12621972035215,6.31216245649948,6.24964984552008,6.87974418604651,6.73324489913545,238
"237",2021,4,6.02727272727273,11,6.6625,4.33333333333333,5.5,6.6,5.8125,8,3,2,3,8,6804,3870,2934,973,1938,4866,6.77376671369783,7.12526112661499,6.31013911383776,6.24810894141829,6.87931114551084,6.73173113851213,239
"238",2021,5,7,18,7.55555555555556,6.44444444444444,7,7.33333333333333,6.93333333333333,9,9,2,3,15,6822,3879,2943,975,1941,4881,6.77436363529757,7.12625948955916,6.31054983350322,6.24965128205128,6.88001287995878,6.73235069043229,240
"239",2021,6,7.13125,8,7.43571428571429,5,NA,8.75,6.9,7,1,0,1,7,6830,3886,2944,975,1942,4888,6.77478165739385,7.12681692228513,6.31010467391304,6.24965128205128,6.88097579814624,6.73259077741408,241
"240",2021,7,6.52647058823529,17,7.6875,5.49444444444444,5.5,6.24,6.64583333333333,8,9,2,5,12,6847,3894,2953,977,1947,4900,6.77416514093764,7.12796881355932,6.30761874703691,6.24811668372569,6.87932973805855,6.73237831020408,242
"241",2021,8,6.85555555555556,18,7.54,6,5.25,6.81666666666667,6.875,10,8,4,6,12,6865,3904,2961,981,1953,4912,6.77437854624909,7.12902422131148,6.30678762580209,6.24404689092762,6.87913722478239,6.73272673452769,243
"242",2021,9,6.88125,16,6.825,6.9375,6,7,6.86428571428571,8,8,4,2,14,6881,3912,2969,985,1955,4926,6.77462704839413,7.12840249488753,6.30848708656113,6.24305583756345,6.87926086956522,6.73310063337394,244
"243",2021,10,6.738125,16,7.28571428571429,6.31222222222222,7,8,6.55785714285714,7,9,4,2,14,6897,3919,2978,989,1957,4940,6.77454236914601,7.12868348047971,6.30849837474815,6.24611729019211,6.88040623403168,6.73260399190284,245
"244",2021,11,6.62173913043478,23,6.71428571428571,6.47777777777778,7.9,8,6.55909090909091,14,9,1,1,22,6920,3933,2987,990,1958,4962,6.77403449710983,7.12720838037122,6.30900842316705,6.24778787878788,6.88097803881512,6.73183468762596,246
"245",2021,12,6.22952173913044,23,6.43,6.07530769230769,6.29475,6.393,6.205,10,13,4,3,20,6943,3943,3000,994,1961,4982,6.7722306956647,7.12544016231296,6.30799572,6.247976861167,6.8802315145334,6.72971973504617,247
"246",2022,1,6.475,24,7.06428571428571,5.65,6,6.2,6.58823529411765,14,10,4,7,17,6967,3957,3010,998,1968,4999,6.77120679201952,7.1252237958049,6.30580968770764,6.24698296593186,6.87781199186992,6.72923859171835,248
"247",2022,2,6.85454545454545,22,7.5,6.40769230769231,5,6.33333333333333,7.05,9,13,4,6,16,6989,3966,3023,1002,1974,5015,6.77146912576907,7.1260742713061,6.30624782004631,6.24200499001996,6.87615704154002,6.73026195812562,249
"248",2022,3,6.42148148148148,27,6.6875,6.20866666666667,5.6875,6.31333333333333,6.45238095238095,12,15,4,6,21,7016,3978,3038,1006,1980,5036,6.77012225199544,7.12475127199598,6.30576601711652,6.23980019880716,6.87445151515152,6.72910320095314,250
"249",2022,4,6.735,10,7.26428571428571,5.5,5,6.925,6.6875,7,3,1,2,8,7026,3985,3041,1007,1982,5044,6.77007226302306,7.12499637641154,6.30497111476488,6.23856901688183,6.87450252270434,6.72903721649485,251
"250",2022,5,6.7,15,7.08333333333333,6.44444444444444,6,7,6.65384615384615,6,9,2,2,13,7041,3991,3050,1009,1984,5057,6.76992298253089,7.12493374091706,6.30538267540983,6.23809613478692,6.87462903225807,6.72884392327467,252
"251",2022,6,6.94318181818182,22,7.25,6.575,6,5,7.1375,12,10,2,2,20,7063,4003,3060,1011,1986,5077,6.77046265326349,7.12530865850612,6.30626377777777,6.23762512363996,6.87274118831823,6.73045375615521,253
"252",2022,7,6.09272727272727,11,6.9375,3.84,NA,6.5,6.00222222222222,8,3,0,2,9,7074,4011,3063,1011,1988,5086,6.76940878145321,7.12493407130391,6.3038482402873,6.23762512363996,6.8723661971831,6.72916510420763,254
"253",2022,8,6.84736842105263,19,6.5,7.05,6.54,6.75,6.87333333333333,7,12,5,4,15,7093,4018,3075,1016,1992,5101,6.76961761172988,7.12384533598805,6.30676005203252,6.23911318897638,6.87212048192771,6.72958904528524,255
"254",2022,9,6.87368421052632,19,7.33636363636364,6.2375,6.3,7,6.82857142857143,11,8,3,5,14,7112,4029,3083,1019,1997,5115,6.76989562992126,7.12442555472822,6.30658033084658,6.23929244357213,6.87244066099149,6.72985996480938,256
"255",2022,10,6.495,20,6.27272727272727,6.76666666666667,6.5,7.7,6.36111111111111,11,9,3,2,18,7132,4040,3092,1022,1999,5133,6.76912475042064,7.12210657425743,6.30791952134541,6.24005772994129,6.87326863431716,6.72856686538087,257
"256",2022,11,6.66304347826087,23,6.61538461538461,6.725,7.66666666666667,6.92857142857143,6.546875,13,10,3,7,16,7155,4053,3102,1025,2006,5149,6.76878374842768,7.12048126326178,6.30926407479046,6.24423317073171,6.87346161515454,6.72800227617013,258
"257",2022,12,6.84,15,7.22857142857143,6.5,7.5,6.5,6.89230769230769,7,8,2,2,13,7170,4060,3110,1027,2008,5162,6.76893273640168,7.12066762561576,6.30975471382636,6.24667867575462,6.87308964143426,6.72841606354126,259
