"","year","month","avg_rating","no_ratings","avg_rating_owned","avg_rating_not_owned","avg_rating_prev_owned","avg_rating_comment","avg_rating_no_comment","no_ratings_owned","no_ratings_not_owned","no_ratings_prev_owned","no_ratings_comment","no_ratings_no_comment","cum_no_ratings","cum_no_ratings_owned","cum_no_ratings_not_owned","cum_no_ratings_prev_owned","cum_no_ratings_comment","cum_no_ratings_no_comment","cum_avg_rating","cum_avg_rating_owned","cum_avg_rating_not_owned","cum_avg_rating_prev_owned","cum_avg_rating_comment","cum_avg_rating_no_comment","month_after_release"
"1",2004,4,8,1,NA,8,NA,8,NA,0,1,0,1,0,1,0,1,0,1,0,8,NA,8,NA,8,NA,-2
"2",2004,5,6.5,2,5,8,NA,8,5,1,1,0,1,1,3,1,2,0,2,1,7,5,8,NA,8,5,-1
"3",2004,6,8.58974358974359,39,8.96774193548387,7.125,8.25,8.82,8.17857142857143,31,8,2,25,14,42,32,10,2,27,15,8.47619047619048,8.84375,7.3,8.25,8.75925925925926,7.96666666666667,0
"4",2004,7,8.32926829268293,41,8.63333333333333,7.5,7.5,8.23529411764706,8.39583333333333,30,11,1,17,24,83,62,21,3,44,39,8.40361445783133,8.74193548387097,7.40476190476191,8,8.55681818181818,8.23076923076923,1
"5",2004,8,7.99166666666667,30,8.47619047619048,6.86111111111111,7,7.75,8.30769230769231,21,9,2,17,13,113,83,30,5,61,52,8.29424778761062,8.67469879518072,7.24166666666667,7.6,8.33196721311475,8.25,2
"6",2004,9,7.859375,32,8.12962962962963,6.4,NA,7.79411764705882,7.93333333333333,27,5,0,17,15,145,110,35,5,78,67,8.19827586206897,8.54090909090909,7.12142857142857,7.6,8.21474358974359,8.17910447761194,3
"7",2004,10,7.23170731707317,41,7.51851851851852,6.67857142857143,8,6.68421052631579,7.70454545454545,27,14,5,19,22,186,137,49,10,97,89,7.98521505376344,8.33941605839416,6.99489795918367,7.8,7.91494845360825,8.06179775280899,4
"8",2004,11,7.72,35,8.54,5.67,7.5,7.71333333333333,7.725,25,10,2,15,20,221,162,59,12,112,109,7.94321266968326,8.37037037037037,6.77033898305085,7.75,7.88794642857143,8,5
"9",2004,12,7.93243243243243,37,8.109375,6.8,NA,7.8,8.08823529411765,32,5,0,20,17,258,194,64,12,132,126,7.94166666666667,8.32731958762887,6.77265625,7.75,7.87462121212121,8.01190476190476,6
"10",2005,1,8.06862745098039,51,8.33333333333333,6.83333333333333,7.66666666666667,8.04347826086956,8.08928571428571,42,9,3,23,28,309,236,73,15,155,154,7.9626213592233,8.32838983050847,6.78013698630137,7.73333333333333,7.89967741935484,8.02597402597402,7
"11",2005,2,7.956,50,8.22,6.9,7.5,7.932,7.98,40,10,2,25,25,359,276,83,17,180,179,7.9616991643454,8.31268115942029,6.79457831325301,7.70588235294118,7.90416666666667,8.0195530726257,8
"12",2005,3,7.81951219512195,41,8.22142857142857,6.95384615384615,7.66666666666667,7.6625,7.92,28,13,3,16,25,400,304,96,20,196,204,7.947125,8.30427631578947,6.81614583333333,7.7,7.8844387755102,8.00735294117647,9
"13",2005,4,7.91428571428571,35,8.12068965517241,6.91666666666667,8,7.96428571428571,7.88095238095238,29,6,1,14,21,435,333,102,21,210,225,7.94448275862069,8.28828828828829,6.82205882352941,7.71428571428571,7.8897619047619,7.99555555555555,10
"14",2005,5,7.86463414634146,41,8.04411764705882,6.99285714285714,6,7.79166666666667,7.92173913043478,34,7,1,18,23,476,367,109,22,228,248,7.93760504201681,8.26566757493188,6.83302752293578,7.63636363636364,7.88201754385965,7.98870967741935,11
"15",2005,6,7.83333333333333,27,8.02272727272727,7,6.75,7.67647058823529,8.1,22,5,2,17,10,503,389,114,24,245,258,7.93200795228628,8.25192802056555,6.84035087719298,7.5625,7.86775510204082,7.99302325581395,12
"16",2005,7,7.93604651162791,43,8.03703703703704,7.765625,8,7.64772727272727,8.23809523809524,27,16,7,22,21,546,416,130,31,267,279,7.93232600732601,8.23798076923077,6.95423076923077,7.66129032258065,7.84962546816479,8.01146953405018,13
"17",2005,8,7.74186046511628,43,8.340625,6,7,7.71739130434783,7.77,32,11,2,23,20,589,448,141,33,290,299,7.91842105263158,8.2453125,6.87978723404255,7.62121212121212,7.83913793103448,7.99531772575251,14
"18",2005,9,7.67674418604651,43,7.97096774193548,6.91666666666667,7.6,7.65652173913043,7.7,31,12,5,23,20,632,479,153,38,313,319,7.90197784810126,8.22755741127349,6.88267973856209,7.61842105263158,7.82571884984026,7.97680250783699,15
"19",2005,10,7.78909090909091,55,8.03658536585366,7.06428571428571,7.7,7.56333333333333,8.06,41,14,4,30,25,687,520,167,42,343,344,7.89294032023289,8.2125,6.89790419161677,7.62619047619048,7.80276967930029,7.9828488372093,16
"20",2005,11,7.62053571428571,56,7.78369565217391,6.87,6.5,7.27758620689655,7.98888888888889,46,10,1,29,27,743,566,177,43,372,371,7.87240915208614,8.17765017667845,6.89632768361582,7.6,7.76182795698925,7.9832884097035,17
"21",2005,12,7.74671052631579,76,8.03879310344828,6.80555555555556,6.94444444444444,7.73684210526316,7.75657894736842,58,18,9,38,38,819,624,195,52,410,409,7.86074481074481,8.16474358974359,6.88794871794872,7.48653846153846,7.75951219512195,7.9622249388753,18
"22",2006,1,7.64142857142857,70,8.08301886792453,6.26470588235294,8,7.77241379310345,7.54878048780488,53,17,2,29,41,889,677,212,54,439,450,7.84347581552306,8.15834564254062,6.83797169811321,7.50555555555556,7.76036446469248,7.92455555555556,19
"23",2006,2,7.91545454545455,55,8.07790697674419,7.33333333333333,6,8.01296296296296,7.82142857142857,43,12,4,27,28,944,720,224,58,466,478,7.84766949152542,8.15354166666667,6.86450892857143,7.40172413793103,7.775,7.91851464435146,20
"24",2006,3,8.06060606060606,66,8.22222222222222,7.71428571428571,7.6,8.04838709677419,8.07142857142857,45,21,5,31,35,1010,765,245,63,497,513,7.86158415841584,8.15758169934641,6.93734693877551,7.41746031746032,7.7920523138833,7.92894736842105,21
"25",2006,4,7.99566101694915,59,8.262,6.9525,7,7.91648484848485,8.09615384615385,47,12,3,33,26,1069,812,257,66,530,539,7.86898409728718,8.16362561576355,6.93805447470817,7.39848484848485,7.7998,7.93701298701299,22
"26",2006,5,7.99814814814815,54,8.24146341463415,7.23076923076923,8,8.03913043478261,7.96774193548387,41,13,1,23,31,1123,853,270,67,553,570,7.87519501335708,8.16736694021102,6.95214814814815,7.40746268656716,7.80975406871609,7.93868421052631,23
"27",2006,6,7.82352941176471,51,8.08333333333333,7.2,7.33333333333333,7.95238095238095,7.73333333333333,36,15,3,21,30,1174,889,285,70,574,600,7.87295059625213,8.16396400449944,6.96519298245614,7.40428571428571,7.81497212543554,7.92841666666667,24
"28",2006,7,7.81785714285714,70,7.89732142857143,7.5,8.16666666666667,7.69642857142857,7.89880952380952,56,14,3,28,42,1244,945,299,73,602,642,7.86985048231511,8.14816296296296,6.99023411371238,7.43561643835616,7.8094584717608,7.92647975077881,25
"29",2006,8,7.64179104477612,67,7.73461538461538,7.32,7.33333333333333,7.34848484848485,7.92647058823529,52,15,3,33,34,1311,997,314,76,635,676,7.85819527078566,8.12659378134403,7.0059872611465,7.43157894736842,7.78550236220472,7.92647928994083,26
"30",2006,9,7.91176470588235,68,8.13265306122449,7.34210526315789,7.5,7.97142857142857,7.84848484848485,49,19,1,35,33,1379,1046,333,77,670,709,7.86083683828861,8.1268776290631,7.02516516516517,7.43246753246753,7.79521492537313,7.9228490832158,27
"31",2006,10,7.36184210526316,76,7.89,6.34615384615385,6.66666666666667,7.21666666666667,7.45652173913043,50,26,3,30,46,1455,1096,359,80,700,755,7.83477250859106,8.11607116788321,6.97598885793872,7.40375,7.77042,7.89443708609271,28
"32",2006,11,7.68819444444444,72,7.96851851851852,6.84722222222222,6.33333333333333,7.53448275862069,7.79186046511628,54,18,3,29,43,1527,1150,377,83,729,798,7.82786116568435,8.10914260869565,6.96984084880637,7.36506024096385,7.76103429355281,7.88890977443609,29
"33",2006,12,7.7,115,8.06493506493507,6.96052631578947,7.7,7.35714285714286,7.85,77,38,5,35,80,1642,1227,415,88,764,878,7.81890621193666,8.10636837815811,6.96898795180723,7.38409090909091,7.74253141361257,7.88536446469248,30
"34",2007,1,7.74444444444444,108,8.12763157894737,6.834375,6.8125,7.53225806451613,7.82987012987013,76,32,8,31,77,1750,1303,447,96,795,955,7.81431085714286,8.10760859554873,6.95935123042506,7.33645833333333,7.7343320754717,7.88089005235602,31
"35",2007,2,7.47751,79,7.74117647058824,6.99726035714286,7,7.45483870967742,7.492151875,51,28,7,31,48,1829,1354,475,103,826,1003,7.79976341716785,8.09380649926145,6.96158587368421,7.31359223300971,7.72384261501211,7.86228643070788,32
"36",2007,3,7.38243243243243,74,7.57735849056604,6.89047619047619,6.66666666666667,7.47586206896552,7.32222222222222,53,21,3,29,45,1903,1407,496,106,855,1048,7.78353509721492,8.07435252309879,6.95857518145161,7.29528301886792,7.71543157894737,7.83909665076336,33
"37",2007,4,7.50735294117647,68,7.97674418604651,6.7,7.6,7.275,7.60416666666667,43,25,5,20,48,1971,1450,521,111,875,1096,7.77400674277017,8.07145793103448,6.94616754318618,7.30900900900901,7.70536457142857,7.82880774635036,34
"38",2007,5,7.55642857142857,70,7.92222222222222,6.898,6.92857142857143,7.63392857142857,7.5047619047619,45,25,7,28,42,2041,1495,546,118,903,1138,7.76654448309652,8.06696588628762,6.94396206959707,7.2864406779661,7.70314950166113,7.81684823374341,35
"39",2007,6,7.43950617283951,81,7.78070175438596,6.62916666666667,7.21428571428571,7.29354838709677,7.53,57,24,7,31,50,2122,1552,570,125,934,1188,7.75406092836946,8.05645231958763,6.93070752631579,7.2824,7.68955460385439,7.804775496633,36
"40",2007,7,7.42957746478873,71,7.48936170212766,7.3125,7,7.36538461538461,7.46666666666667,47,24,6,26,45,2193,1599,594,131,960,1233,7.74355553579571,8.03978361475922,6.94613348484849,7.26946564885496,7.680775,7.79243575831306,37
"41",2007,8,7.72911392405063,79,8.05166666666667,6.71052631578947,5.83333333333333,7.58684210526316,7.8609756097561,60,19,3,38,41,2272,1659,613,134,998,1274,7.7430533846831,8.04021338155515,6.93883081566069,7.23731343283582,7.67719839679359,7.79464151491366,38
"42",2007,9,7.61287878787879,66,7.9563829787234,6.76315789473684,8,7.235,7.77717391304348,47,19,3,20,46,2338,1706,632,137,1018,1320,7.73937865269461,8.03790386869871,6.93354950949367,7.25401459854015,7.66851080550098,7.79403279545455,39
"43",2007,10,7.50805970149254,67,7.8195652173913,6.82571428571429,6.9,7.6225,7.44418604651163,46,21,5,24,43,2405,1752,653,142,1042,1363,7.73293442411642,8.03217123287671,6.93008160796325,7.24154929577465,7.66745105566219,7.78299581071167,40
"44",2007,11,7.57865168539326,89,7.9375,6.96969696969697,6.98888888888889,7.51714285714286,7.61851851851852,56,33,9,35,54,2494,1808,686,151,1077,1417,7.72742874498797,8.0292389380531,6.931987303207,7.22649006622517,7.66256638811514,7.77672779816514,41
"45",2007,12,7.50773195876289,97,7.76838235294118,6.89655172413793,7.75,7.33333333333333,7.61065573770492,68,29,8,36,61,2591,1876,715,159,1113,1478,7.71920389424932,8.01978358208955,6.93055005594406,7.25283018867925,7.65191734052111,7.76987367388363,42
"46",2008,1,7.71146788990826,109,7.90421686746988,7.09615384615385,7.33333333333333,7.84659090909091,7.62,83,26,3,44,65,2700,1959,741,162,1157,1543,7.71889158888889,8.01488718734048,6.93636071524966,7.25432098765432,7.65932065687122,7.76356013609851,43
"47",2008,2,7.74736842105263,76,7.92982456140351,7.2,7,7.71153846153846,7.766,57,19,1,26,50,2776,2016,760,163,1183,1593,7.71967121397694,8.01248214285714,6.94295169736842,7.25276073619632,7.66046830092984,7.76363671688638,44
"48",2008,3,7.41951219512195,82,7.77118644067797,6.51739130434783,6.83333333333333,7.54375,7.34,59,23,9,32,50,2858,2075,783,172,1215,1643,7.71105923372988,8.00562120481928,6.93045120051086,7.23081395348837,7.65739423868313,7.75074454656117,45
"49",2008,4,7.68,75,7.88333333333333,6.86666666666667,7.16666666666667,7.80357142857143,7.6063829787234,60,15,6,28,47,2933,2135,798,178,1243,1690,7.71026501534265,8.00218454332553,6.92925224310777,7.22865168539326,7.66068704746581,7.74672975739645,46
"50",2008,5,7.39322016949153,59,7.73260869565217,6.19230692307692,6.5,7.21304304347826,7.50833333333333,46,13,4,23,36,2992,2181,811,182,1266,1726,7.70401312834225,7.99649885373682,6.91743930949445,7.21263736263736,7.65255449447077,7.74175741019699,47
"51",2008,6,7.524,75,7.87115384615385,6.73913043478261,6.92857142857143,7.7258064516129,7.38181818181818,52,23,7,31,44,3067,2233,834,189,1297,1770,7.69961111183567,7.99357993730408,6.91252191846523,7.2021164021164,7.65430531225906,7.73280976836158,48
"52",2008,7,7.50134615384615,104,8.0527536231884,6.41428571428571,6.30909090909091,7.281,7.6390625,69,35,22,40,64,3171,2302,869,211,1337,1834,7.69310857142857,7.99535360556038,6.89245486766398,7.10900473933649,7.64313686611817,7.72953832606325,49
"53",2008,8,7.46941176470588,85,7.88018867924528,6.7890625,6.86111111111111,7.29189189189189,7.60625,53,32,18,37,48,3256,2355,901,229,1374,1882,7.68726882063882,7.99276178343949,6.88878277469478,7.08951965065502,7.63367830422125,7.72639388416578,50
"54",2008,9,7.40876288659794,97,7.73333333333333,6.88243243243243,6.81764705882353,7.60641025641026,7.27586206896552,60,37,17,39,58,3353,2415,938,246,1413,1940,7.67921183417835,7.98631635610766,6.88853228144989,7.07073170731707,7.63292568294409,7.71292437628866,51
"55",2008,10,7.34268292682927,82,7.52909090909091,6.96296296296296,7.27692307692308,6.90769230769231,7.54464285714286,55,27,13,26,56,3435,2470,965,259,1439,1996,7.67117824745269,7.97613522267206,6.89061479792746,7.08108108108108,7.61982209173037,7.7082030511022,52
"56",2008,11,7.52976190476191,84,7.88235294117647,6.98484848484848,6.80769230769231,7.27205882352941,7.705,51,33,13,34,50,3519,2521,998,272,1473,2046,7.66780258027849,7.97423800079334,6.89373074148297,7.06801470588235,7.6117949694501,7.70812477517106,53
"57",2008,12,7.33190476190476,105,7.99741379310345,6.51063829787234,6.35,6.75,7.63550724637681,58,47,20,36,69,3624,2579,1045,292,1509,2115,7.6580704415011,7.97475920899573,6.87650074641148,7.01883561643836,7.59123524850895,7.70575569267139,54
"58",2009,1,7.28582677165354,127,7.52613636363636,6.74358974358974,6.74,7.2625,7.29655172413793,88,39,25,40,87,3751,2667,1084,317,1549,2202,7.64546715009331,7.95995650543682,6.87171889298893,6.99684542586751,7.58274628147192,7.68958823342416,55
"59",2009,2,7.2134375,160,7.55322580645161,6.74179104477612,6.71052631578947,6.99634146341463,7.28823529411765,93,67,19,41,119,3911,2760,1151,336,1590,2321,7.62779270774738,7.94625144927536,6.86415576020851,6.98065476190476,7.5676251509434,7.66901046531667,56
"60",2009,3,7.28245033112583,151,7.80454545454545,6.5531746031746,6.52321428571429,7.14888888888889,7.33915094339623,88,63,28,45,106,4062,2848,1214,364,1635,2427,7.61495501723289,7.94187289325843,6.84801752883031,6.94546703296703,7.55610029969419,7.65460374536465,57
"61",2009,4,7.52587412587413,143,7.96125,6.97301587301587,7.41470588235294,7.53023255813954,7.524,80,63,17,43,100,4205,2928,1277,381,1678,2527,7.6119256313912,7.94240232240437,6.85418424432263,6.96640419947507,7.55543741954708,7.64943541353383,58
"62",2009,5,7.32462121212121,132,7.80347222222222,6.75,7.10416666666667,7.34880952380952,7.31333333333333,72,60,24,42,90,4337,3000,1337,405,1720,2617,7.60318129582661,7.939068,6.84950881077038,6.97456790123457,7.55039185465116,7.63787668704624,59
"63",2009,6,7.51280991735537,121,7.9125,6.73292682926829,6.16363636363636,7.17222222222222,7.65705882352941,80,41,11,36,85,4458,3080,1378,416,1756,2702,7.60072841633019,7.93837792207792,6.8460401161103,6.953125,7.54263894646925,7.63848012213175,60
"64",2009,7,7.19576923076923,130,7.77794117647059,6.55725806451613,6.8125,7.325,7.15357142857143,68,62,28,32,98,4588,3148,1440,444,1788,2800,7.58925398430689,7.9349123252859,6.83360644444444,6.94425675675676,7.53874384228188,7.62150831785714,61
"65",2009,8,7.13243902439024,123,7.72698412698413,6.50816666666667,6.84090909090909,6.70857142857143,7.30102272727273,63,60,22,35,88,4711,3211,1500,466,1823,2888,7.57732695393759,7.93083276237932,6.82058885333333,6.93937768240343,7.52280526055952,7.61174282894737,62
"66",2009,9,7.53556338028169,142,7.95722891566265,6.94237288135593,7.25384615384615,7.82666666666667,7.40051546391753,83,59,26,45,97,4853,3294,1559,492,1868,2985,7.57610494127344,7.9314978749241,6.8251977421424,6.95599593495935,7.53012526231263,7.6048788241206,63
"67",2009,10,7.33402777777778,144,7.84868421052632,6.75882352941176,6.52307692307692,7.12708333333333,7.4375,76,68,26,48,96,4997,3370,1627,518,1916,3081,7.56912893336002,7.92963026706231,6.82242365089121,6.93426640926641,7.52002817849687,7.5996635150925,64
"68",2009,11,7.49411764705882,136,8.03486842105263,6.80916666666667,6.99,7.27083333333333,7.5745,76,60,25,36,100,5133,3446,1687,543,1952,3181,7.5671414923047,7.93195124782356,6.82195215174866,6.93683241252302,7.51543237192623,7.59887245834643,65
"69",2009,12,7.43268041237113,194,7.75606557377049,6.88472222222222,7.04310344827586,7.3188679245283,7.4754609929078,122,72,29,53,141,5327,3568,1759,572,2005,3322,7.56224465552844,7.92593721973094,6.82452147811256,6.94222027972028,7.51023640399002,7.59363434376881,66
"70",2010,1,7.66929347826087,184,7.99625,7.05625,6.98148148148148,7.62125,7.68263888888889,120,64,27,40,144,5511,3688,1823,599,2045,3466,7.56581877699147,7.92822505422994,6.83265676357652,6.94398998330551,7.5124078190709,7.59733216676284,67
"71",2010,2,7.35462962962963,108,7.64609375,6.93068181818182,6.53823529411765,6.95645161290323,7.51493506493506,64,44,17,31,77,5619,3752,1867,616,2076,3543,7.56175961558996,7.92341257995736,6.83496694161757,6.93279220779221,7.50410596820809,7.59554143099069,68
"72",2010,3,7.71316326530612,98,8.37962962962963,6.89522727272727,6.42142857142857,7.57142857142857,7.75181818181818,54,44,14,21,77,5717,3806,1911,630,2097,3620,7.56435495539619,7.92988544403573,6.83635441130298,6.92142857142857,7.50478015736767,7.59886554972376,69
"73",2010,4,7.5545,100,8.02777777777778,6.99891304347826,7.28125,7.38095238095238,7.60063291139241,54,46,16,21,79,5817,3860,1957,646,2118,3699,7.5641855389376,7.93125492227979,6.84017541134389,6.93034055727554,7.50355240321058,7.59890329548527,70
"74",2010,5,7.60301724137931,116,8.08928571428571,6.86304347826087,7.03846153846154,7.5,7.63426966292135,70,46,13,27,89,5933,3930,2003,659,2145,3788,7.56494476318894,7.93406972010178,6.84070058911633,6.93247344461305,7.50350768764569,7.59973423706441,71
"75",2010,6,7.42904761904762,105,7.88064516129032,6.77790697674419,7,7.21666666666667,7.514,62,43,18,30,75,6038,3992,2046,677,2175,3863,7.56258153030805,7.93323997995992,6.8393808797654,6.93426883308715,7.49955125977012,7.59806971006989,72
"76",2010,7,7.69811320754717,106,8.07236842105263,6.75,6.5,7.77407407407407,7.67215189873418,76,30,13,27,79,6144,4068,2076,690,2202,3942,7.5649198046875,7.93583923303835,6.83808924855491,6.92608695652174,7.50291734332425,7.59955436073059,73
"77",2010,8,7.37227722772277,101,7.8125,6.61081081081081,7.16666666666667,7.25,7.41466666666667,64,37,15,26,75,6245,4132,2113,705,2228,4017,7.56180420816653,7.93392884801549,6.83410945575012,6.93120567375886,7.49996588420108,7.59610238735375,74
"78",2010,9,7.65412371134021,97,8.04178082191781,6.475,6.57142857142857,7.83913043478261,7.59662162162162,73,24,7,23,74,6342,4205,2137,712,2251,4091,7.56321622201198,7.93580118906064,6.83007640617689,6.92766853932584,7.50343135939582,7.59611177951601,75
"79",2010,10,7.59659090909091,88,8.06896551724138,6.68333333333333,7.27777777777778,7.91666666666667,7.4765625,58,30,9,24,64,6430,4263,2167,721,2275,4155,7.56367298289269,7.93761294862773,6.82804489155515,6.93203883495146,7.50779076483516,7.5942703465704,76
"80",2010,11,7.51905109489051,137,7.90012345679012,6.96785714285714,6.77647058823529,7.13783783783784,7.6601,81,56,17,37,100,6567,4344,2223,738,2312,4255,7.56274208618852,7.93691390423573,6.83156692757535,6.92845528455284,7.50187023788927,7.59581745945946,77
"81",2010,12,7.46636363636364,176,7.87342342342342,6.77123076923077,6.73333333333333,7.47948717948718,7.46262773722628,111,65,15,39,137,6743,4455,2288,753,2351,4392,7.56022649859113,7.93533198653199,6.82985283216783,6.92456839309429,7.5014989323692,7.59166286202186,78
"82",2011,1,7.58550295857988,169,7.82222222222222,7.05288461538461,7.03571428571429,7.2925,7.67635658914729,117,52,14,40,129,6912,4572,2340,767,2391,4521,7.56084451388889,7.93243744531934,6.8348090940171,6.92659713168188,7.49800250522794,7.59407947135589,79
"83",2011,2,7.4804347826087,138,7.97530120481928,6.73363636363636,6.93518518518519,7.58777777777778,7.42849462365591,83,55,27,45,93,7050,4655,2395,794,2436,4614,7.55927053617021,7.93320171858217,6.83248571189979,6.92688916876574,7.49966091543514,7.59074193541396,80
"84",2011,3,7.4828125,128,7.80919540229885,6.79024390243902,6.60714285714286,7.59310344827586,7.45050505050505,87,41,14,29,99,7178,4742,2436,808,2465,4713,7.55790711618835,7.93092661324336,6.8317747454844,6.92134900990099,7.50076023935091,7.58779615743688,81
"85",2011,4,7.38,110,7.67042253521127,6.85128205128205,6.81818181818182,7.36315789473684,7.38888888888889,71,39,11,38,72,7288,4813,2475,819,2503,4785,7.55522190998902,7.92708373156036,6.83208213333334,6.91996336996337,7.49867119057131,7.5848031954023,82
"86",2011,5,7.57207207207207,111,7.92132352941176,7.01976744186047,7.11190476190476,7.83103448275862,7.48048780487805,68,43,21,29,82,7399,4881,2518,840,2532,4867,7.55547469658062,7.92700348289285,6.83528724384432,6.9247619047619,7.50247787914692,7.58304567289912,83
"87",2011,6,7.5219298245614,114,8.02089552238806,6.81063829787234,7.7,7.77037037037037,7.4448275862069,67,47,10,27,87,7513,4948,2565,850,2559,4954,7.55496569679223,7.9282748585287,6.83483558674464,6.93388235294118,7.50530441187964,7.58061834679047,84
"88",2011,7,7.58256880733945,109,8.04558823529412,6.81463414634146,7.12666666666667,7.18478260869565,7.68895348837209,68,41,15,23,86,7622,5016,2606,865,2582,5040,7.55536044082918,7.92986523125997,6.83451775901765,6.93722543352601,7.50244926026336,7.58246692261905,85
"89",2011,8,7.48148148148148,108,7.99015151515152,6.68214285714286,6.90909090909091,7.34318181818182,7.51686046511628,66,42,11,22,86,7730,5082,2648,876,2604,5126,7.55432823803364,7.93064817001181,6.83210093655589,6.93687214611872,7.5011036827957,7.58136622902848,86
"90",2011,9,7.57228260869565,92,7.99903846153846,7.0175,7.23125,7.65238095238095,7.54859154929577,52,40,16,21,71,7822,5134,2688,892,2625,5197,7.55453941191511,7.93134086482275,6.83485985119048,6.94215246636771,7.50231390095238,7.58091847027131,87
"91",2011,10,7.57748091603053,131,8.26554054054054,6.68421052631579,6.792,7.35967741935484,7.645,74,57,25,31,100,7953,5208,2745,917,2656,5297,7.5549172991324,7.93608947772657,6.83173161384335,6.93805888767721,7.50064909262048,7.5821282405135,88
"92",2011,11,7.36078431372549,153,7.75934065934066,6.7758064516129,7.05714285714286,7.15151515151515,7.41833333333333,91,62,14,33,120,8106,5299,2807,931,2689,5417,7.55125305699482,7.93305416116248,6.83049635910225,6.93984962406015,7.49636444403124,7.57849977662913,89
"93",2011,12,7.33537414965986,147,7.64895833333333,6.74509803921569,7.125,7.51666666666667,7.28888888888889,96,51,20,30,117,8253,5395,2858,951,2719,5534,7.54740788561735,7.92799888785913,6.82897245626312,6.94374342797056,7.49658844795881,7.57237681423925,90
"94",2012,1,7.50297619047619,168,7.75044642857143,7.00803571428571,6.69,7.47222222222222,7.51136363636364,112,56,20,36,132,8421,5507,2914,971,2755,5666,7.54652146775917,7.92438786998366,6.83241361702128,6.93851699279094,7.4962700508167,7.57095539887045,91
"95",2012,2,7.35542635658915,129,7.67987804878049,6.78936170212766,6.55789473684211,7.39814814814815,7.34411764705882,82,47,19,27,102,8550,5589,2961,990,2782,5768,7.54363827836257,7.92080050098408,6.83173025329281,6.93121212121212,7.49531775341481,7.56694405166435,92
"96",2012,3,7.50714285714286,112,7.80833333333333,6.965,7.26923076923077,7.36607142857143,7.55416666666667,72,40,13,28,84,8662,5661,3001,1003,2810,5852,7.54316639113369,7.91937007595831,6.83350659113629,6.93559322033898,7.49402988967972,7.56676064422419,93
"97",2012,4,7.32415254237288,118,8.0609375,6.45092592592593,6.05588235294118,7.35,7.31855670103093,64,54,17,21,97,8780,5725,3055,1020,2831,5949,7.54022292482916,7.92095266375546,6.82674411783961,6.92093137254902,7.49296149417167,7.56271361405278,94
"98",2012,5,7.31984887218045,133,7.832532,6.65689655172414,6.79545454545455,7.16666666666667,7.36446504854369,75,58,22,30,103,8913,5800,3113,1042,2861,6052,7.53693449792438,7.91980929310345,6.82357959524574,6.91828214971209,7.48954001747641,7.55933958856576,95
"99",2012,6,7.27889908256881,109,7.655,6.60384615384615,6.8125,7.7125,7.15647058823529,70,39,16,24,85,9022,5870,3152,1058,2885,6137,7.53381702283308,7.91665143100511,6.82086081218274,6.91668241965974,7.49139479722704,7.55375968551409,96
"100",2012,7,7.44513274336283,113,7.83378378378378,6.70769230769231,6.9,7.50434782608696,7.43,74,39,9,23,90,9135,5944,3191,1067,2908,6227,7.53271999781062,7.91561976783311,6.81947768097775,6.91654170571696,7.49149724552957,7.55197096354585,97
"101",2012,8,7.5355,100,7.72426470588235,7.134375,7.09090909090909,7.5125,7.54125,68,32,11,20,80,9235,6012,3223,1078,2928,6307,7.53275010070385,7.91345540585495,6.82260418243872,6.91832096474954,7.49164070696721,7.55183497542413,98
"102",2012,9,7.50053191489362,94,8.16224489795918,6.78,7.13684210526316,7.806,7.38985507246377,49,45,19,25,69,9329,6061,3268,1097,2953,6376,7.53242546682388,7.91546673816202,6.82201752753978,6.92210574293528,7.49430206230951,7.55008205614805,99
"103",2012,10,7.47777777777778,144,7.90505617977528,6.78636363636364,6.81578947368421,7.1448275862069,7.56173913043478,89,55,19,29,115,9473,6150,3323,1116,2982,6491,7.53159476195503,7.91531608130081,6.8214274089678,6.92029569892473,7.49090341716968,7.5502885826529,100
"104",2012,11,7.53025210084034,119,7.97922077922078,6.70714285714286,6.65,7.44736842105263,7.546,77,42,10,19,100,9592,6227,3365,1126,3001,6591,7.53157810467056,7.91610629516621,6.82000097473997,6.91789520426288,7.4906277874042,7.55022351539979,101
"105",2012,12,7.57086614173228,127,8.01219512195122,6.76666666666667,6.35294117647059,7.37631578947368,7.60509259259259,82,45,17,19,108,9719,6309,3410,1143,3020,6699,7.5320914888363,7.91735519099699,6.81929714956012,6.90949256342957,7.48990860596026,7.55110810419465,102
"106",2013,1,7.4907027027027,185,7.9590350877193,6.7387323943662,6.87037037037037,7.64571428571429,7.45453333333333,114,71,27,35,150,9904,6423,3481,1170,3055,6849,7.53131837439419,7.91809495562821,6.81765391554151,6.90858974358974,7.49169361374795,7.54899301941889,103
"107",2013,2,7.61836065573771,122,8.08944444444444,6.94,7.2,7.10714285714286,7.68462962962963,72,50,10,14,108,10026,6495,3531,1180,3069,6957,7.53237753640535,7.91999444187837,6.81938637213254,6.9110593220339,7.489939390681,7.55109863303148,104
"108",2013,3,7.41153846153846,117,7.91111111111111,6.8287037037037,7.3,7.89259259259259,7.26722222222222,63,54,10,27,90,10143,6558,3585,1190,3096,7047,7.53098365177955,7.91990910338518,6.81952671687587,6.91432773109244,7.49345090116279,7.54747313608628,105
"109",2013,4,7.65382608695652,115,7.79040540540541,7.40731707317073,6.78125,7.37826086956522,7.72271739130435,74,41,16,23,92,10258,6632,3626,1206,3119,7139,7.53236080912459,7.91846409831122,6.82617299503585,6.91256218905473,7.49260147162552,7.54973150161087,106
"110",2013,5,7.51621621621622,111,8.0953125,6.72765957446808,7.53888888888889,7.47619047619048,7.52555555555556,64,47,18,21,90,10369,6696,3673,1224,3140,7229,7.53218798148327,7.92015440561529,6.82491240947454,6.92177287581699,7.49249171656051,7.549430514594,107
"111",2013,6,7.51759615384615,104,8.07216666666667,6.76136363636364,6.63888888888889,7.57777777777778,7.505,60,44,18,18,86,10473,6756,3717,1242,3158,7315,7.53204308030173,7.92150442569568,6.82416015065913,6.9176731078905,7.49297783090564,7.54890815994532,108
"112",2013,7,7.34386842105263,114,7.70390909090909,6.59459459459459,6.75,7.04004,7.42921348314607,77,37,12,25,89,10587,6833,3754,1254,3183,7404,7.53001683007462,7.91905237816479,6.82189751731486,6.91606858054227,7.48942035501099,7.54746936655862,109
"113",2013,8,7.52947368421053,95,7.99677419354839,6.65151515151515,6.9,7.53571428571429,7.5283950617284,62,33,10,14,81,10682,6895,3787,1264,3197,7485,7.53001199962554,7.91975125453227,6.82041280168999,6.9159414556962,7.48962308101345,7.5472629512358,110
"114",2013,9,7.38804347826087,92,7.80851063829787,6.94888888888889,6.6125,7.39375,7.38684210526316,47,45,16,16,76,10774,6942,3832,1280,3213,7561,7.52879971969557,7.91899811293575,6.82192152400835,6.9121484375,7.48914565515095,7.54565046819204,111
"115",2013,10,7.39370078740157,127,7.785625,6.72659574468085,6.67857142857143,7.13235294117647,7.43409090909091,80,47,21,17,110,10901,7022,3879,1301,3230,7671,7.52722577561692,7.91747862432355,6.82076650683166,6.90837817063797,7.48726779876161,7.54405073523661,112
"116",2013,11,7.53985714285714,140,7.92088888888889,6.854,6.77777777777778,7.80322580645161,7.46495412844037,90,50,18,31,109,11041,7112,3929,1319,3261,7780,7.52738594149081,7.91752178008999,6.82118943242555,6.90659590598939,7.49027138607789,7.54294256940874,113
"117",2013,12,7.42434782608696,115,7.99402985074627,6.62916666666667,6.72916666666667,7.22105263157895,7.46458333333333,67,48,24,19,96,11156,7179,3977,1343,3280,7876,7.52632378809609,7.9182358127873,6.81887183303998,6.90342516753537,7.48871188719512,7.54198745429152,114
"118",2014,1,7.65556701030928,194,8.03025,7.04797297297297,7.10483870967742,7.59,7.67,120,74,31,35,159,11350,7299,4051,1374,3315,8035,7.52853287929516,7.92007739416358,6.8230568452234,6.90796943231441,7.48978129411765,7.54452062103298,115
"119",2014,2,7.40402684563758,149,7.97989130434783,6.47456140350877,6.54666666666667,7.83620689655172,7.29958333333333,92,57,30,29,120,11499,7391,4108,1404,3344,8155,7.52691957387599,7.92082193207955,6.81822134371957,6.90024928774929,7.49278558313397,7.54091639362354,116
"120",2014,3,7.45194029850746,134,7.90615384615385,6.4906976744186,6.40588235294118,7.54,7.43272727272727,91,43,17,24,110,11633,7482,4151,1421,3368,8265,7.52605589099974,7.9206435311414,6.81482854251987,6.89433497536946,7.49312202790974,7.53947649001815,117
"121",2014,4,7.56734821428571,112,7.89772727272727,7.09332608695652,7.15625,7.59375,7.56294791666667,66,46,16,16,96,11745,7548,4197,1437,3384,8361,7.52644965346956,7.92044315050344,6.81788093400048,6.89725121781489,7.49359781028369,7.53974598612606,118
"122",2014,5,7.58657407407407,108,7.9968253968254,7.01222222222222,7.21111111111111,7.33030303030303,7.69933333333333,63,45,18,33,75,11853,7611,4242,1455,3417,8436,7.52699748418122,7.9210754040205,6.81994254596888,6.90113402061856,7.49202077553409,7.54116479255571,119
"123",2014,6,7.63039215686275,102,8.03253968253968,6.98076923076923,6.83333333333333,7.51578947368421,7.6566265060241,63,39,9,19,83,11955,7674,4281,1464,3436,8519,7.52787964700962,7.9219904743289,6.82140768044849,6.90071721311475,7.49215220896391,7.54228972766757,120
"124",2014,7,7.42598039215686,102,7.92203389830508,6.7453488372093,7.08,7.31578947368421,7.45120481927711,59,43,15,19,83,12057,7733,4324,1479,3455,8602,7.52701759807581,7.92199080563817,6.82065131359852,6.9025354969574,7.49118234153401,7.54141085677749,121
"125",2014,8,7.56452991452991,117,7.84411764705882,6.821875,6.7,7.3,7.63279569892473,85,32,9,24,93,12174,7818,4356,1488,3479,8695,7.52737811565632,7.92114414172423,6.8206603030303,6.90131048387097,7.48986346363898,7.54238829097182,122
"126",2014,9,7.46803278688525,122,7.95253164556962,6.57790697674419,6.63928571428571,7.25,7.52708333333333,79,43,14,26,96,12296,7897,4399,1502,3505,8791,7.52678929570592,7.92145813600101,6.8182874016822,6.89886817576564,7.48808416262482,7.54222115686497,123
"127",2014,10,7.52936507936508,126,7.89879518072289,6.81627906976744,6.61764705882353,7.38333333333333,7.55857142857143,83,43,17,21,105,12422,7980,4442,1519,3526,8896,7.52681542263726,7.92122241854637,6.81826796037821,6.89572086899276,7.48746029211571,7.54241414006295,124
"128",2014,11,7.41452991452991,117,7.81014492753623,6.84583333333333,7.09090909090909,7.76190476190476,7.33854166666667,69,48,11,21,96,12539,8049,4490,1530,3547,8992,7.52576769917857,7.92027020747919,6.81856264587973,6.89712418300654,7.48908513955455,7.54023756561388,125
"129",2014,12,7.41848739495798,119,8.07916666666667,6.4063829787234,6.59375,7.675,7.35368421052632,72,47,16,24,95,12658,8121,4537,1546,3571,9087,7.5247591388845,7.92167896810738,6.81429276614503,6.89398447606727,7.49033463735648,7.5382872444151,126
"130",2015,1,7.37616580310881,193,7.90973451327434,6.6225,6.79230769230769,7.75526315789474,7.28322580645161,113,80,26,38,155,12851,8234,4617,1572,3609,9242,7.52252752159365,7.92151504736459,6.8109695213342,6.89230279898219,7.49312413133832,7.53400954230686,127
"131",2015,2,7.62633928571429,112,8.06917808219178,6.7974358974359,7,8.16666666666667,7.57912621359223,73,39,14,9,103,12963,8307,4656,1586,3618,9345,7.523424452673,7.92281267605634,6.81085615979381,6.89325346784363,7.49479961028192,7.53450681540931,128
"132",2015,3,7.46802158273381,139,7.76179775280899,6.9451,6.9409375,7.78357142857143,7.41186440677966,89,50,16,21,118,13102,8396,4706,1602,3639,9463,7.5228366798962,7.92110587184374,6.81228246493837,6.89372971285893,7.49646605935697,7.53297751136003,129
"133",2015,4,7.7556328125,128,8.12163953488372,7.00619047619048,7.19176470588235,7.77451724137931,7.75010101010101,86,42,17,29,99,13230,8482,4748,1619,3668,9562,7.52508897808012,7.92313910634284,6.81399774220724,6.8968591723286,7.49866439203926,7.53522549571219,130
"134",2015,5,7.41791666666667,120,7.85886075949367,6.56829268292683,7.32352941176471,7.3,7.44894736842105,79,41,17,25,95,13350,8561,4789,1636,3693,9657,7.52412563146068,7.92254595257563,6.81189419085404,6.90129278728606,7.49731952071487,7.53437674122398,131
"135",2015,6,7.72704697986577,149,8.11893203883495,6.8495652173913,6.85,7.76190476190476,7.721328125,103,46,10,21,128,13499,8664,4835,1646,3714,9785,7.52636544781095,7.92488064404432,6.81225259152016,6.90098116646416,7.49881556004308,7.53682229841594,132
"136",2015,7,7.40720720720721,111,7.86363636363636,6.73777777777778,7.16470588235294,7.45625,7.39894736842105,66,45,17,16,95,13610,8730,4880,1663,3730,9880,7.52539362086701,7.92441762886598,6.81156583606557,6.90367708959711,7.49863297319035,7.53549657793522,133
"137",2015,8,7.55688622754491,167,7.89212962962963,6.94322033898305,6.47,7.24107142857143,7.6205035971223,108,59,20,28,139,13777,8838,4939,1683,3758,10019,7.52577536328664,7.92402307083051,6.81313854626442,6.89852346999406,7.49671394092602,7.53667593472402,134
"138",2015,9,7.43529914529915,117,8.08327586206897,6.79830508474576,6.57142857142857,7.11578947368421,7.49724489795918,58,59,21,19,98,13894,8896,4998,1704,3777,10117,7.52501347200231,7.92506136465828,6.81296344137655,6.89449237089202,7.49479772041303,7.53629397944054,135
"139",2015,10,7.58684397163121,141,8.01655913978495,6.75427083333333,6.9409375,7.80538461538462,7.5374347826087,93,48,16,26,115,14035,8989,5046,1720,3803,10232,7.52563464054151,7.92600799866504,6.8124051288149,6.89492441860465,7.49692111227978,7.53630680121188,136
"140",2015,11,7.35730769230769,130,8.03943661971831,6.5364406779661,7.03846153846154,7.40909090909091,7.34675925925926,71,59,13,22,108,14165,9060,5105,1733,3825,10340,7.52408981150724,7.92689689845475,6.80921572575906,6.89600115406809,7.49641594509804,7.53432700096711,137
"141",2015,12,7.41344086021505,186,7.82455357142857,6.79121621621622,6.77631578947368,7.04285714285714,7.44360465116279,112,74,19,14,172,14351,9172,5179,1752,3839,10512,7.52265571597798,7.9256471761884,6.80895854025873,6.89470319634703,7.49476191456108,7.53284257895738,138
"142",2016,1,7.39909090909091,231,7.83598639455782,6.63452380952381,6.84,7.68076923076923,7.341875,147,84,20,39,192,14582,9319,5263,1772,3878,10704,7.52069827047044,7.92423284687198,6.80617447843435,6.89408577878104,7.49663253996906,7.52941715153213,139
"143",2016,2,7.56092715231788,151,8.03894736842105,6.75,6.86111111111111,7.10769230769231,7.6552,95,56,18,26,125,14733,9414,5319,1790,3904,10829,7.52111058032987,7.92539047163799,6.80558305696559,6.89375418994413,7.49404226178279,7.53086907285991,140
"144",2016,3,7.595,150,7.93947368421053,7,6.98125,7.39583333333333,7.63293650793651,95,55,16,24,126,14883,9509,5374,1806,3928,10955,7.52185528320903,7.92553117047008,6.80757280982508,6.89452934662237,7.49344220723014,7.53204301141031,141
"145",2016,4,7.5484076433121,157,8.05656565656566,6.68103448275862,7.1952380952381,7.1875,7.61353383458647,99,58,21,24,133,15040,9608,5432,1827,3952,11088,7.5221324587766,7.92688133846795,6.80622170103093,6.89798576902025,7.49158425860324,7.53302048971861,142
"146",2016,5,7.80818309859155,142,8.2480618556701,6.86,6.14285714285714,7.79372727272727,7.81083333333333,97,45,14,22,120,15182,9705,5477,1841,3974,11208,7.52480794230009,7.93009148892324,6.80666355303998,6.8922433460076,7.49325691746351,7.53599493129907,143
"147",2016,6,7.75140625,128,8.04380952380952,7.19318181818182,7.21578947368421,7.65555555555556,7.76709090909091,84,44,19,18,110,15310,9789,5521,1860,3992,11318,7.52670242847812,7.9310673102462,6.80974393769244,6.89554838709677,7.4939887249499,7.53824096041703,144
"148",2016,7,7.58125786163522,159,7.9048717948718,6.6797619047619,6.5,7.3969696969697,7.62952380952381,117,42,13,33,126,15469,9906,5563,1873,4025,11444,7.52726318314048,7.93075791439532,6.80876258853137,6.89280298985585,7.49319328944099,7.53924599702901,145
"149",2016,8,7.35416666666667,168,7.86990291262136,6.53692307692308,6.71481481481482,7.59333333333333,7.30217391304348,103,65,27,30,138,15637,10009,5628,1900,4055,11582,7.52540347764917,7.93013167149566,6.80562300639659,6.89027368421053,7.49393415289766,7.53642127352789,146
"150",2016,9,7.5419477124183,153,7.842,6.90510204081633,6.92307692307692,6.925,7.680144,104,49,13,28,125,15790,10113,5677,1913,4083,11707,7.52556378594047,7.92922534361713,6.80648164171217,6.8904966021955,7.4900325716385,7.53795585461689,147
"151",2016,10,7.66944444444444,144,8.04521276595745,6.963,7.17647058823529,8.13965517241379,7.55086956521739,94,50,17,29,115,15934,10207,5727,1930,4112,11822,7.52686407556169,7.93029351425492,6.80784813689541,6.89301554404145,7.49461405398833,7.53808147436982,148
"152",2016,11,7.35165680473373,169,7.7245871559633,6.67416666666667,6.7625,7.44433333333333,7.33165467625899,109,60,20,30,139,16103,10316,5787,1950,4142,11961,7.52502528597156,7.92811999806127,6.80646211854156,6.89167692307692,7.49424987687108,7.53568256751108,149
"153",2016,12,7.43586956521739,184,7.7781512605042,6.80923076923077,6.7037037037037,7.60416666666667,7.39493243243243,119,65,27,36,148,16287,10435,5852,1977,4178,12109,7.52401806225824,7.92640976521323,6.80649287081339,6.88910976226606,7.49519698180948,7.53396227516723,150
"154",2017,1,7.56563318777293,229,7.95258064516129,6.75513513513514,6.97916666666667,7.99516129032258,7.49838383838384,155,74,24,31,198,16516,10590,5926,2001,4209,12307,7.52459507023492,7.92679281397545,6.80585154910563,6.89018990504748,7.49887930387265,7.53338987486796,151
"155",2017,2,7.58957055214724,163,8.16435643564356,6.65322580645161,6.41666666666667,7.75333333333333,7.57297297297297,101,62,18,15,148,16679,10691,5988,2019,4224,12455,7.52523006055519,7.92903712468432,6.80427125584502,6.88596830113918,7.49978290482954,7.53386023203532,152
"156",2017,3,7.63205882352941,170,8.15136363636364,6.68,6.75,7.90227272727273,7.59189189189189,110,60,14,22,148,16849,10801,6048,2033,4246,12603,7.52630792213188,7.93130135172669,6.80303840608465,6.8850319724545,7.50186834432407,7.53454171149726,153
"157",2017,4,7.62053571428571,168,7.93916666666667,6.82395833333333,7.01764705882353,7.58928571428571,7.62678571428571,120,48,17,28,140,17017,10921,6096,2050,4274,12743,7.52723818416877,7.9313877758447,6.80320312992126,6.88613170731707,7.50244103649976,7.53555514321588,154
"158",2017,5,7.44478873239437,142,7.92776470588235,6.72456140350877,6.715,7.52090909090909,7.43083333333333,85,57,20,22,120,17159,11006,6153,2070,4296,12863,7.52655587038872,7.93135979465746,6.80247461075898,6.88447826086956,7.50253561219739,7.53457818471585,155
"159",2017,6,7.68551724137931,145,7.99494949494949,7.0195652173913,6.59375,8.51,7.5536,99,46,16,20,125,17304,11105,6199,2086,4316,12988,7.52788789759593,7.93192669067987,6.80408554282949,6.88224832214765,7.5072041218721,7.53476125577456,156
"160",2017,7,7.435375,160,7.889,6.67933333333333,7.04166666666667,7.55555555555556,7.42014084507042,100,60,12,18,142,17464,11205,6259,2098,4334,13130,7.52704032180486,7.93154358768407,6.80288964371305,6.88316015252621,7.50740493539455,7.53352164432597,157
"161",2017,8,7.8821497005988,167,8.17585344827586,7.21411764705882,6.77777777777778,7.78214285714286,7.90229496402878,116,51,18,28,139,17631,11321,6310,2116,4362,13269,7.53040390108332,7.93404689515061,6.80621335657686,6.88226370510397,7.50916849839523,7.53738474564775,158
"162",2017,9,7.5503937007874,127,8.075,6.65744680851064,6.39333333333333,7.48809523809524,7.5627358490566,80,47,15,21,106,17758,11401,6357,2131,4383,13375,7.53054686225926,7.93503595298658,6.80511346232499,6.87882214922571,7.50906753137121,7.53758565906542,159
"163",2017,10,7.70040462427746,173,8.20576923076923,6.93869565217391,6.99047619047619,8.05555555555556,7.63472602739726,104,69,21,27,146,17931,11505,6426,2152,4410,13521,7.53218566616474,7.93748325945241,6.80654781823841,6.87991171003717,7.51241337641723,7.53863458250129,160
"164",2017,11,7.58439306358382,173,8.02952380952381,6.89705882352941,7.33333333333333,7.59677419354839,7.58169014084507,105,68,24,31,142,18104,11610,6494,2176,4441,13663,7.53268455479452,7.93831566752799,6.80749557745611,6.88491268382353,7.51300224949336,7.53908206030886,161
"165",2017,12,7.57415204678363,171,7.87504132231405,6.846,7.3,8.07272727272727,7.50053691275168,121,50,15,22,149,18275,11731,6544,2191,4463,13812,7.53307256798906,7.93766302105533,6.80778977383863,6.88775445002282,7.51576136903428,7.53866624601795,162
"166",2018,1,7.71886303482587,201,8.07776333333333,7.07583333333333,7.2304347826087,8.03676470588235,7.65414053892216,129,72,23,34,167,18476,11860,6616,2214,4497,13979,7.53509377841524,7.9391868777403,6.81070681378476,6.89131436314363,7.51970046475428,7.54004575863795,163
"167",2018,2,7.429375,160,7.76188118811881,6.86016949152542,6.47941176470588,6.70961538461538,7.56902985074627,101,59,17,26,134,18636,11961,6675,2231,4523,14113,7.53418612631466,7.93768968898922,6.81114401198502,6.88817570596145,7.51504377404378,7.54032095656487,164
"168",2018,3,7.66829931972789,147,7.90754716981132,7.04975609756098,6.45666666666667,7.425,7.70661417322835,106,41,12,20,127,18783,12067,6716,2243,4543,14240,7.53523572645477,7.93742490842795,6.81260069684336,6.88586714222024,7.51464736737838,7.5418040491573,165
"169",2018,4,7.6534126984127,126,8.16438356164384,6.94962264150943,6.73076923076923,7.61458333333333,7.66254901960784,73,53,13,24,102,18909,12140,6769,2256,4567,14342,7.53602319794807,7.93878965156507,6.81367355296203,6.88497340425532,7.51517253996059,7.54266278482778,166
"170",2018,5,7.62259541984733,131,7.9446511627907,7.00711111111111,6.65625,7.57291666666667,7.63373831775701,86,45,16,24,107,19040,12226,6814,2272,4591,14449,7.53661883665966,7.9388308825454,6.81495102436161,6.88336267605634,7.51547440426922,7.54333723164233,167
"171",2018,6,7.72203389830509,118,8.04444444444444,7.01621621621622,6.5,7.51052631578947,7.76262626262626,81,37,10,19,99,19158,12307,6851,2282,4610,14548,7.53776086491283,7.93952599089949,6.81603799153408,6.88168273444347,7.51545401084599,7.54482950646137,168
"172",2018,7,7.80241379310345,116,8.115375,7.10694444444444,7.10294117647059,8.09090909090909,7.73489361702128,80,36,17,22,94,19274,12387,6887,2299,4632,14642,7.53935367074816,7.94066169128926,6.81755862930158,6.88331883427577,7.51818717400691,7.54604969676274,169
"173",2018,8,7.6943661971831,142,8.0843023255814,7.09553571428571,7.16346153846154,7.90833333333333,7.6633064516129,86,56,26,18,124,19416,12473,6943,2325,4650,14766,7.54048736351463,7.94165207808867,6.81980070286619,6.88645161290322,7.5196974172043,7.5470343803332,170
"174",2018,9,7.62567567567568,148,8.04489795918367,6.804,7.47619047619048,7.5,7.65245901639344,98,50,21,26,122,19564,12571,6993,2346,4676,14888,7.54113180586792,7.94245695410071,6.81968772772773,6.89173060528559,7.51958789349871,7.54789828452445,171
"175",2018,10,7.65179775280899,178,8.00174603174603,6.80384615384615,7.2,7.69117647058824,7.6425,126,52,16,34,144,19742,12697,7045,2362,4710,15032,7.54212960439672,7.94304531542884,6.81957079914833,6.89381879762913,7.52082653715499,7.54880452767429,172
"176",2018,11,7.57345679012346,162,8.05533980582524,6.73220338983051,6.37142857142857,7.15909090909091,7.63857142857143,103,59,14,22,140,19904,12800,7104,2376,4732,15172,7.54238457847669,7.94394893515625,6.81884519707207,6.89074074074074,7.51914475697379,7.54963285394147,173
"177",2018,12,7.73471153846154,156,8.22391089108911,6.83636363636364,6.75,7.79942307692308,7.72176923076923,101,55,24,26,130,20060,12901,7159,2400,4758,15302,7.54388024177467,7.94614071544842,6.81897978488616,6.88933333333333,7.52067633249264,7.55109525944321,174
"178",2019,1,7.76864668202765,217,8.03975222972973,7.18714492753623,6.82742307692308,7.68752173913043,7.77826458762887,148,69,26,23,194,20277,13049,7228,2426,4781,15496,7.54628564284657,7.94720244463177,6.82249436635307,6.88866982687551,7.52147897720142,7.55393927400619,175
"179",2019,2,7.45620253164557,158,7.71695238095238,6.93962264150943,6.46666666666667,7.1952380952381,7.49620437956204,105,53,15,21,137,20435,13154,7281,2441,4802,15633,7.54558913530707,7.94536450509351,6.82334696882296,6.88607660794756,7.52005226780508,7.55343331350348,176
"180",2019,3,7.7418055625,160,8.05260261261261,7.03775510204082,6.90909090909091,7.88636363636364,7.71876007246377,111,49,11,22,138,20595,13265,7330,2452,4824,15771,7.54711351638747,7.94626186128911,6.82478025648022,6.88617985318107,7.5217228420398,7.55487996195549,177
"181",2019,4,7.476875,128,7.984375,6.63104166666667,7.13333333333333,7.41666666666667,7.48486725663717,80,48,15,15,113,20723,13345,7378,2467,4839,15884,7.54667967330985,7.94649034020232,6.82351982651125,6.88768261045804,7.52139718743542,7.55438188617476,178
"182",2019,5,7.68928057553957,139,8.12066666666667,6.8969387755102,6.53076923076923,8.09473684210526,7.62508333333333,90,49,13,19,120,20862,13435,7427,2480,4858,16004,7.54762979915636,7.94765713360625,6.82400421166016,6.88581169354839,7.52363956154796,7.55491201449637,179
"183",2019,6,7.5653989261745,149,7.99937573033708,6.92166666666667,6.85,8.20781888888889,7.42322401639344,89,60,10,27,122,21011,13524,7487,2490,4885,16126,7.54775580933796,7.94799748816918,6.82478686790437,6.88566787148594,7.52742110542477,7.55391573917896,180
"184",2019,7,7.78818791946309,149,8.07952380952381,7.09295454545455,6.83333333333333,7.17117647058824,7.86765151515151,105,44,15,17,132,21160,13629,7531,2505,4902,16258,7.5494488331758,7.94901078802554,6.82635364227858,6.88535449101796,7.52618565891473,7.556462984992,181
"185",2019,8,7.63070588235294,170,8.02188679245283,6.9828125,7.07647058823529,7.99259259259259,7.56237762237762,106,64,17,27,143,21330,13735,7595,2522,4929,16401,7.55009645147679,7.94957320931926,6.82767205793285,6.88664274385408,7.5287405356056,7.55651455460033,182
"186",2019,9,7.60187096774194,155,8.05357894736842,6.88666666666667,6.92,7.696,7.58376923076923,95,60,15,25,130,21485,13830,7655,2537,4954,16531,7.55046997021177,7.95028763774404,6.82813445852384,6.88683996846669,7.5295845983044,7.55672888572984,183
"187",2019,10,7.50331034482759,145,7.85576086956522,6.89150943396226,6.94230769230769,7.56666666666667,7.49074380165289,92,53,13,24,121,21630,13922,7708,2550,4978,16652,7.55015382847896,7.94966298161184,6.82857022314478,6.88712274509804,7.52976337886702,7.55624941208263,184
"188",2019,11,7.61356589147287,129,8.07345679012346,6.8375,7.13888888888889,7.05666666666667,7.68684210526316,81,48,18,15,114,21759,14003,7756,2568,4993,16766,7.55052977204835,7.95037906377205,6.82862548736462,6.88888746105919,7.52834209893851,7.55713737385184,185
"189",2019,12,7.49822935828877,187,7.79307619834711,6.95767681818182,6.4253335,7.35925925925926,7.5216805625,121,66,20,27,160,21946,14124,7822,2588,5020,16926,7.55008412466964,7.94903145355424,6.82971438890309,6.88530512751159,7.52743268924303,7.55680220371027,186
"190",2020,1,7.52797709923664,262,7.89672413793103,6.79886363636364,6.65925925925926,7.74848484848485,7.49620087336245,174,88,27,33,229,22208,14298,7910,2615,5053,17155,7.54982331592219,7.94839489788782,6.82937116940581,6.88297119311663,7.52887633089254,7.5559932439522,187
"191",2020,2,7.65014778325123,203,8.00496183206107,7.00458333333333,6.81578947368421,7.71428571428571,7.64274725274725,131,72,19,21,182,22411,14429,7982,2634,5074,17337,7.55073206014903,7.94890846559013,6.83095163492859,6.88248658694001,7.52964369333859,7.5569039683913,188
"192",2020,3,7.67528662420382,157,7.99119266055046,6.95791666666667,6.36363636363636,6.98125,7.75404255319149,109,48,11,16,141,22568,14538,8030,2645,5090,17478,7.55159855547678,7.94922549525382,6.83171057907845,6.88032879773157,7.52791986247544,7.55849434145783,189
"193",2020,4,7.60409638554217,166,7.88938053097345,6.99584905660377,6.22631578947368,7.604,7.60411347517731,113,53,19,25,141,22734,14651,8083,2664,5115,17619,7.55198188616169,7.94876392396424,6.83278683038476,6.87566429054054,7.52829171065493,7.55885941880924,190
"194",2020,5,7.77267546052632,152,8.09530747572816,7.09448979591837,6.54166666666667,7.56666666666667,7.81717336,103,49,12,27,125,22886,14754,8132,2676,5142,17744,7.55344764790702,7.94978696760201,6.83436374200688,6.87416654334828,7.52849321275768,7.56067914619026,191
"195",2020,6,7.5722,150,7.87803738317757,6.81116279069767,6.16875,7.8,7.53511627906977,107,43,16,21,129,23036,14861,8175,2692,5163,17873,7.55356975473172,7.94927036673171,6.83424170642202,6.86997387444279,7.52959754018981,7.56049464387624,192
"196",2020,7,7.61317666666667,156,8.01609018867924,6.759,7.32142857142857,7.27916666666667,7.67390575757576,106,50,14,24,132,23192,14967,8225,2706,5187,18005,7.55397069808555,7.9497436012561,6.83378431003039,6.87230956023651,7.52843880855986,7.56132609441821,193
"197",2020,8,7.70128491620112,179,7.87503816793893,7.22708333333333,7.24666666666667,7.69347826086956,7.7024358974359,131,48,15,23,156,23371,15098,8273,2721,5210,18161,7.55509898720637,7.9490954086634,6.83606623353076,6.8743732708563,7.52916738963531,7.56253820439403,194
"198",2020,9,7.42171855263158,152,7.75842792079208,6.75490196078431,6.70588235294118,6.95294117647059,7.48074977777778,101,51,17,17,135,23523,15199,8324,2738,5227,18296,7.55423711473877,7.94782839002566,6.83556895122537,6.87332712563915,7.52729330399847,7.5619347152383,195
"199",2020,10,7.54779670454545,176,7.91957716814159,6.88095238095238,6.73333333333333,7.37166666666667,7.57560671052632,113,63,12,24,152,23699,15312,8387,2750,5251,18448,7.55418928520191,7.94761990073145,6.83590985453678,6.87271624363636,7.52658200342792,7.56204736394189,196
"200",2020,11,7.64673335,200,7.86159626760563,7.12068965517241,6.5,7.98461538461538,7.59624522988506,142,58,17,26,174,23899,15454,8445,2767,5277,18622,7.55496374492657,7.94682946745179,6.8378657134399,6.87042633538128,7.5288387530794,7.56236690151434,197
"201",2020,12,7.61350246305419,203,7.92475886524823,6.90564516129032,6.77272727272727,7.53838888888889,7.62081081081081,141,62,11,18,185,24102,15595,8507,2778,5295,18807,7.55545678947805,7.94662991920487,6.83835969789585,6.87003947804175,7.52887121813031,7.56294180039347,198
"202",2021,1,7.53751072961373,233,7.96721854304636,6.74621951219512,6.68,7.79727272727273,7.51042654028436,151,82,25,22,211,24335,15746,8589,2803,5317,19018,7.55528496157797,7.94682735869427,6.83748002677844,6.86834451302176,7.52998177543727,7.56235915658849,199
"203",2021,2,7.61222843575419,179,8.12811017094017,6.63870967741935,6.44444444444444,7.167,7.66823201257862,117,62,18,20,159,24514,15863,8651,2821,5337,19177,7.55570075997389,7.94816443800038,6.83605547913536,6.86563972704714,7.52862152894884,7.56323696772175,200
"204",2021,3,7.43135483870968,155,7.94106382978723,6.64590163934426,6.4,7.45185185185185,7.42703125,94,61,16,27,128,24669,15957,8712,2837,5364,19305,7.55491947099599,7.94812260951307,6.8347240530303,6.8630136305957,7.5282351043997,7.56233386842787,201
"205",2021,4,7.37798611111111,144,7.83795698924731,6.53921568627451,6.26315789473684,6.91789473684211,7.44792,93,51,19,19,125,24813,16050,8763,2856,5383,19430,7.55389265425382,7.94748426666667,6.83300421659249,6.85902299369748,7.52608082853427,7.56159780391148,202
"206",2021,5,7.45725765957447,141,7.87928311827957,6.63958333333333,6.75,7.5,7.45502485074627,93,48,10,7,134,24954,16143,8811,2866,5390,19564,7.55334662819588,7.94709135910302,6.83195051072523,6.85864259246336,7.52604695732838,7.56086785217747,203
"207",2021,6,7.73185714285714,140,7.95731958762887,7.22325581395349,6.78571428571429,7.97142857142857,7.68957983193277,97,43,14,21,119,25094,16240,8854,2880,5411,19683,7.55434254244042,7.94715245135468,6.83385090919358,6.85828807986111,7.52777547588246,7.56164602245592,204
"208",2021,7,7.46681818181818,132,7.78449438202247,6.8093023255814,6.25,7.58181818181818,7.45636363636364,89,43,12,11,121,25226,16329,8897,2892,5422,19804,7.55388455403155,7.94626589564578,6.83373226368439,6.85576406293222,7.52788511619328,7.56100276004847,205
"209",2021,8,7.73843971631206,141,8.22247191011236,6.91,6.86,7.775,7.73239669421488,89,52,10,20,121,25367,16418,8949,2902,5442,19925,7.55491038593448,7.94776317517359,6.83417543300927,6.85577865954514,7.52879329290702,7.56204359648682,206
"210",2021,9,7.52919463087248,149,7.93670212765957,6.83272727272727,5.63636363636364,7.1875,7.5948,94,55,11,24,125,25516,16512,9004,2913,5466,20050,7.55476021947014,7.94770020651647,6.83416658707241,6.85117393408857,7.52729474935968,7.56224781346633,207
"211",2021,10,7.74344019230769,156,8.13126126126126,6.78681488888889,6.71428571428571,7.84473684210526,7.72939175182482,111,45,7,19,137,25672,16623,9049,2920,5485,20187,7.55590676339981,7.94892593454852,6.83393111061996,6.85084577739726,7.52839436645396,7.56338214345866,208
"212",2021,11,7.60193548387097,155,7.90315789473684,7.125,6.94444444444444,7.56666666666667,7.60571428571429,95,60,9,15,140,25827,16718,9109,2929,5500,20327,7.556183003446,7.94866585775811,6.83584834998353,6.85113337999317,7.52849874545454,7.56367370148079,209
"213",2021,12,7.57503947867299,211,7.94376414965986,6.728125,7.2,7.5575,7.57729053475936,147,64,15,24,187,26038,16865,9173,2944,5524,20514,7.55633580766572,7.94862313311592,6.83509676441731,6.85291089334239,7.52862474656046,7.56379782879984,210
"214",2022,1,7.45277086092715,302,7.87061151832461,6.73378378378378,6.50714285714286,7.65192307692308,7.43401014492754,191,111,28,26,276,26340,17056,9284,2972,5550,20790,7.55514838876234,7.94774952743902,6.83388546100818,6.84965332099596,7.52920236036036,7.56207481770081,211
"215",2022,2,7.43967664670659,167,7.78823529411765,6.89270769230769,7.15,7.52777777777778,7.42903355704698,102,65,10,18,149,26507,17158,9349,2982,5568,20939,7.55442089108537,7.94680125539107,6.83429442935073,6.85066051978538,7.52919775502873,7.56112810831462,212
"216",2022,3,7.57931547619048,168,7.90676229508197,6.71086956521739,6.10666666666667,7.40833333333333,7.6078125,122,46,15,24,144,26675,17280,9395,2997,5592,21083,7.55457767797563,7.94651857291667,6.83369011389037,6.84693682682682,7.52867902360515,7.56144696959635,213
"217",2022,4,8.00042144827586,145,8.23849606060606,7.48804347826087,7.26923076923077,7.79333333333333,8.02431623076923,99,46,13,15,130,26820,17379,9441,3010,5607,21213,7.55698809358687,7.9481818315208,6.8368783624616,6.84876068770764,7.52938703406456,7.56428357940885,214
"218",2022,5,7.41627218934911,169,7.77740384615385,6.83846153846154,6.53333333333333,7.29516129032258,7.44347826086956,104,65,15,31,138,26989,17483,9506,3025,5638,21351,7.55610695727889,7.94716593548018,6.83688918788134,6.84719658512396,7.52809916637105,7.56350276661514,215
"219",2022,6,7.46043176165803,193,8.01136051020408,6.89210526315789,6.1875,7.3,7.49597044303797,98,95,16,35,158,27182,17581,9601,3041,5673,21509,7.55542763593555,7.94752376884136,6.83743554004791,6.84372563959224,7.52669189141547,7.56300669022269,216
"220",2022,7,7.41784615384615,195,7.81330275229358,6.91662790697674,6.90625,7.58461538461538,7.39218934911243,109,86,16,26,169,27377,17690,9687,3057,5699,21678,7.5544476750557,7.94669674279254,6.83813860018581,6.84405288518155,7.52695615020179,7.56167501153242,217
"221",2022,8,7.43478590243902,205,7.87480577235772,6.77475609756098,6.6,7.43333333333333,7.43503491428571,123,82,7,30,175,27582,17813,9769,3064,5729,21853,7.55355830287869,7.94620033065738,6.83760657385607,6.84349532310705,7.52646589282597,7.56066087081865,218
"222",2022,9,7.42526946107784,167,7.91326530612245,6.73217391304348,6.15,7.625,7.39809523809524,98,69,10,20,147,27749,17911,9838,3074,5749,22000,7.55278623049479,7.94602012673776,6.83686710916853,6.8412393201041,7.52680867977039,7.55957463681818,219
"223",2022,10,7.37317948717949,195,7.75713043478261,6.82125,6.85714285714286,6.81481481481481,7.46291666666667,115,80,14,27,168,27944,18026,9918,3088,5776,22168,7.55153289113942,7.94481507211805,6.83674113934261,6.84131142163212,7.52348045360111,7.55884211521111,220
"224",2022,11,7.32396858638743,191,7.8909,6.70096703296703,7.22727272727273,6.7543125,7.43861635220126,100,91,11,32,159,28135,18126,10009,3099,5808,22327,7.54998802594633,7.94451762606201,6.83550670596463,6.8426814036786,7.51924261363636,7.55798593675818,221
"225",2022,12,7.45814285714286,280,7.92626582278481,6.85188524590164,6.63705882352941,7.35588235294118,7.47227642276423,158,122,17,34,246,28415,18284,10131,3116,5842,22573,7.54908298821045,7.9443599042879,6.83570394038101,6.8415595860077,7.51829186922287,7.55705187657821,222
