"","year","month","avg_rating","no_ratings","avg_rating_owned","avg_rating_not_owned","avg_rating_prev_owned","avg_rating_comment","avg_rating_no_comment","no_ratings_owned","no_ratings_not_owned","no_ratings_prev_owned","no_ratings_comment","no_ratings_no_comment","cum_no_ratings","cum_no_ratings_owned","cum_no_ratings_not_owned","cum_no_ratings_prev_owned","cum_no_ratings_comment","cum_no_ratings_no_comment","cum_avg_rating","cum_avg_rating_owned","cum_avg_rating_not_owned","cum_avg_rating_prev_owned","cum_avg_rating_comment","cum_avg_rating_no_comment","month_after_release"
"1",2001,6,6.66666666666667,3,6,7,NA,7,6.5,1,2,0,1,2,3,1,2,0,1,2,6.66666666666667,6,7,NA,7,6.5,0
"2",2001,8,7.5,2,7.5,NA,NA,NA,7.5,2,0,0,0,2,5,3,2,0,1,4,7,7,7,NA,7,7,2
"3",2001,11,6.5,4,6.5,NA,NA,7,6.33333333333333,4,0,0,1,3,9,7,2,0,2,7,6.77777777777778,6.71428571428571,7,NA,7,6.71428571428571,5
"4",2001,12,9,1,9,NA,NA,NA,9,1,0,0,0,1,10,8,2,0,2,8,7,7,7,NA,7,7,6
"5",2002,1,7,2,8,6,NA,NA,7,1,1,0,0,2,12,9,3,0,2,10,7,7.11111111111111,6.66666666666667,NA,7,7,7
"6",2002,2,5,1,5,NA,NA,NA,5,1,0,0,0,1,13,10,3,0,2,11,6.84615384615385,6.9,6.66666666666667,NA,7,6.81818181818182,8
"7",2002,3,7,1,7,NA,NA,NA,7,1,0,0,0,1,14,11,3,0,2,12,6.85714285714286,6.90909090909091,6.66666666666667,NA,7,6.83333333333333,9
"8",2002,4,7.5,2,7.5,NA,NA,8,7,2,0,0,1,1,16,13,3,0,3,13,6.9375,7,6.66666666666667,NA,7.33333333333333,6.84615384615385,10
"9",2002,5,7,1,7,NA,NA,NA,7,1,0,0,0,1,17,14,3,0,3,14,6.94117647058824,7,6.66666666666667,NA,7.33333333333333,6.85714285714286,11
"10",2002,6,7.66666666666667,3,7.66666666666667,NA,NA,8,7.5,3,0,0,1,2,20,17,3,0,4,16,7.05,7.11764705882353,6.66666666666667,NA,7.5,6.9375,12
"11",2002,7,6.75,4,7,6,NA,NA,6.75,3,1,0,0,4,24,20,4,0,4,20,7,7.1,6.5,NA,7.5,6.9,13
"12",2002,8,8,2,8,8,NA,NA,8,1,1,0,0,2,26,21,5,0,4,22,7.07692307692308,7.14285714285714,6.8,NA,7.5,7,14
"13",2002,9,7.33333333333333,3,7.33333333333333,NA,NA,9,6.5,3,0,0,1,2,29,24,5,0,5,24,7.10344827586207,7.16666666666667,6.8,NA,7.8,6.95833333333333,15
"14",2002,10,6.66666666666667,3,7,6,NA,NA,6.66666666666667,2,1,0,0,3,32,26,6,0,5,27,7.0625,7.15384615384615,6.66666666666667,NA,7.8,6.92592592592593,16
"15",2002,11,6.33333333333333,3,7,5,NA,7,5,2,1,0,2,1,35,28,7,0,7,28,7,7.14285714285714,6.42857142857143,NA,7.57142857142857,6.85714285714286,17
"16",2002,12,7.5,2,7.5,NA,NA,NA,7.5,2,0,0,0,2,37,30,7,0,7,30,7.02702702702703,7.16666666666667,6.42857142857143,NA,7.57142857142857,6.9,18
"17",2003,1,7.76666666666667,3,7.75,7.8,NA,NA,7.76666666666667,2,1,0,0,3,40,32,8,0,7,33,7.0825,7.203125,6.6,NA,7.57142857142857,6.97878787878788,19
"18",2003,2,6,1,6,NA,NA,6,NA,1,0,0,1,0,41,33,8,0,8,33,7.05609756097561,7.16666666666667,6.6,NA,7.375,6.97878787878788,20
"19",2003,3,7.25,4,7.25,NA,NA,7.33333333333333,7,4,0,0,3,1,45,37,8,0,11,34,7.07333333333333,7.17567567567568,6.6,NA,7.36363636363636,6.97941176470588,21
"20",2003,4,6.6,5,7,6,NA,NA,6.6,3,2,0,0,5,50,40,10,0,11,39,7.026,7.1625,6.48,NA,7.36363636363636,6.93076923076923,22
"21",2003,5,8.625,6,8.55,9,NA,8.55,9,5,1,0,5,1,56,45,11,0,16,40,7.19732142857143,7.31666666666667,6.70909090909091,NA,7.734375,6.9825,23
"22",2003,6,6.8,5,7.5,4,NA,6.33333333333333,7.5,4,1,0,3,2,61,49,12,0,19,42,7.16475409836066,7.33163265306122,6.48333333333333,NA,7.51315789473684,7.00714285714286,24
"23",2003,7,7.40625,16,7.73076923076923,6,6,7.66666666666667,7.34615384615385,13,3,1,3,13,77,62,15,1,22,55,7.21493506493506,7.41532258064516,6.38666666666667,6,7.53409090909091,7.08727272727273,25
"24",2003,8,7.66666666666667,3,7.66666666666667,NA,NA,NA,7.66666666666667,3,0,0,0,3,80,65,15,1,22,58,7.231875,7.42692307692308,6.38666666666667,6,7.53409090909091,7.11724137931034,26
"25",2003,9,7.03333333333333,6,7.425,6.25,NA,6.5,7.56666666666667,4,2,0,3,3,86,69,17,1,25,61,7.21802325581395,7.4268115942029,6.37058823529412,6,7.41,7.13934426229508,27
"26",2003,10,7.42857142857143,7,7.33333333333333,8,NA,8,7.2,6,1,0,2,5,93,75,18,1,27,66,7.23387096774194,7.41933333333333,6.46111111111111,6,7.4537037037037,7.14393939393939,28
"27",2003,11,7.5,5,8,6.75,NA,8,7.16666666666667,3,2,0,2,3,98,78,20,1,29,69,7.24744897959184,7.44166666666667,6.49,6,7.49137931034483,7.14492753623188,29
"28",2003,12,7.11111111111111,9,7.07142857142857,7.25,7,7,7.125,7,2,1,1,8,107,85,22,2,30,77,7.23598130841121,7.41117647058824,6.55909090909091,6.5,7.475,7.14285714285714,30
"29",2004,1,6.83333333333333,6,7.1,5.5,NA,NA,6.83333333333333,5,1,0,0,6,113,90,23,2,30,83,7.2146017699115,7.39388888888889,6.51304347826087,6.5,7.475,7.12048192771084,31
"30",2004,2,6.75,8,6.75,NA,NA,6.75,6.75,8,0,0,4,4,121,98,23,2,34,87,7.18388429752066,7.34132653061225,6.51304347826087,6.5,7.38970588235294,7.10344827586207,32
"31",2004,3,7,8,7,NA,NA,7,7,8,0,0,3,5,129,106,23,2,37,92,7.17248062015504,7.31556603773585,6.51304347826087,6.5,7.35810810810811,7.09782608695652,33
"32",2004,4,6.90625,8,7.25,6.5625,7,5.5,7.375,4,4,1,2,6,137,110,27,3,39,98,7.15693430656934,7.31318181818182,6.52037037037037,6.66666666666667,7.26282051282051,7.11479591836735,34
"33",2004,5,7.42857142857143,7,7.42857142857143,NA,NA,8,7.2,7,0,0,2,5,144,117,27,3,41,103,7.17013888888889,7.32008547008547,6.52037037037037,6.66666666666667,7.29878048780488,7.11893203883495,35
"34",2004,6,7.42857142857143,7,7.8,6.5,NA,7.5,7.33333333333333,5,2,0,4,3,151,122,29,3,45,106,7.18211920529801,7.33975409836066,6.51896551724138,6.66666666666667,7.31666666666667,7.125,36
"35",2004,7,6.96,5,6.96,NA,NA,NA,6.96,5,0,0,0,5,156,127,29,3,45,111,7.175,7.3248031496063,6.51896551724138,6.66666666666667,7.31666666666667,7.11756756756757,37
"36",2004,8,7.86363636363636,11,7.86363636363636,NA,NA,7.875,7.85714285714286,11,0,0,4,7,167,138,29,3,49,118,7.22035928143713,7.36775362318841,6.51896551724138,6.66666666666667,7.36224489795918,7.1614406779661,38
"37",2004,9,6.77777777777778,9,7.16666666666667,6,7,7,6.6,6,3,1,4,5,176,144,32,4,53,123,7.19772727272727,7.359375,6.4703125,6.75,7.33490566037736,7.13861788617886,39
"38",2004,10,7.33333333333333,6,7.6,6,6,8,7.2,5,1,1,1,5,182,149,33,5,54,128,7.2021978021978,7.36744966442953,6.45606060606061,6.6,7.34722222222222,7.141015625,40
"39",2004,11,7.3125,8,7.25,7.5,7,7,7.5,6,2,1,3,5,190,155,35,6,57,133,7.20684210526316,7.36290322580645,6.51571428571429,6.66666666666667,7.32894736842105,7.15451127819549,41
"40",2004,12,7.23076923076923,13,7.3,7,NA,7.28571428571429,7.16666666666667,10,3,0,7,6,203,165,38,6,64,139,7.20837438423645,7.35909090909091,6.55394736842105,6.66666666666667,7.32421875,7.15503597122302,42
"41",2005,1,6.79411764705882,17,6.86666666666667,6.25,NA,5.5,6.96666666666667,15,2,0,2,15,220,180,40,6,66,154,7.17636363636364,7.31805555555556,6.53875,6.66666666666667,7.26893939393939,7.13668831168831,43
"42",2005,2,7.22222222222222,9,7.22222222222222,NA,NA,7,8,9,0,0,7,2,229,189,40,6,73,156,7.17816593886463,7.31349206349206,6.53875,6.66666666666667,7.24315068493151,7.14775641025641,44
"43",2005,3,7.05555555555556,9,7.28571428571429,6.25,NA,7.07142857142857,7,7,2,0,7,2,238,196,42,6,80,158,7.17352941176471,7.3125,6.525,6.66666666666667,7.228125,7.14588607594937,45
"44",2005,4,6.84,6,7.76,5,NA,7.91666666666667,5.76333333333333,4,2,0,3,3,244,200,44,6,83,161,7.16532786885246,7.32145,6.45568181818182,6.66666666666667,7.25301204819277,7.12012422360248,46
"45",2005,5,7.16666666666667,12,7,8,8,6.6,7.57142857142857,10,2,1,5,7,256,210,46,7,88,168,7.165390625,7.30614285714286,6.52282608695652,6.85714285714286,7.21590909090909,7.13892857142857,47
"46",2005,6,6.97058823529412,17,7.34615384615385,5.75,NA,6.64285714285714,7.2,13,4,0,7,10,273,223,50,7,95,178,7.15326007326007,7.30847533632287,6.461,6.85714285714286,7.17368421052632,7.1423595505618,48
"47",2005,7,7.17,10,7.5875,5.5,5,9.7,6.88888888888889,8,2,1,1,9,283,231,52,8,96,187,7.15385159010601,7.31813852813853,6.42403846153846,6.625,7.2,7.13016042780749,49
"48",2005,8,7.60526315789474,19,7.71875,7,NA,7.72222222222222,7.5,16,3,0,9,10,302,247,55,8,105,197,7.18225165562914,7.34408906882591,6.45545454545455,6.625,7.2447619047619,7.14893401015228,50
"49",2005,9,6.83333333333333,12,7.33333333333333,5.33333333333333,7,7.75,6.375,9,3,1,4,8,314,256,58,9,109,205,7.16891719745223,7.3437109375,6.39741379310345,6.66666666666667,7.26330275229358,7.11873170731707,51
"50",2005,10,6.73235294117647,17,7.38928571428571,3.66666666666667,NA,7.3,5.92142857142857,14,3,0,10,7,331,270,61,9,119,212,7.14649546827795,7.34607407407407,6.26311475409836,6.66666666666667,7.26638655462185,7.07919811320755,52
"51",2005,11,6.83,10,6.78571428571429,6.93333333333333,NA,7,6.7875,7,3,0,2,8,341,277,64,9,121,220,7.13721407624633,7.33191335740072,6.29453125,6.66666666666667,7.26198347107438,7.06859090909091,53
"52",2005,12,7.35,20,7.35294117647059,7.33333333333333,NA,7.6,7.1,17,3,0,10,10,361,294,67,9,131,230,7.1490027700831,7.33312925170068,6.3410447761194,6.66666666666667,7.28778625954198,7.06995652173913,54
"53",2006,1,7.046875,16,7.21153846153846,6.33333333333333,NA,6.79166666666667,7.2,13,3,0,6,10,377,307,70,9,137,240,7.14466843501326,7.32798045602606,6.34071428571429,6.66666666666667,7.26605839416058,7.075375,55
"54",2006,2,7.57058823529412,17,7.60625,7,NA,7.41666666666667,7.65454545454545,16,1,0,6,11,394,323,71,9,143,251,7.16304568527919,7.34176470588235,6.35,6.66666666666667,7.27237762237762,7.10075697211155,56
"55",2006,3,6.83333333333333,15,7,6.16666666666667,NA,6.9375,6.71428571428571,12,3,0,8,7,409,335,74,9,151,258,7.15095354523227,7.3295223880597,6.34256756756757,6.66666666666667,7.2546357615894,7.09027131782946,57
"56",2006,4,6.80769230769231,13,7.5,6,NA,6.5,7.16666666666667,7,6,0,7,6,422,342,80,9,158,264,7.14037914691943,7.33301169590643,6.316875,6.66666666666667,7.22120253164557,7.09200757575758,58
"57",2006,5,7.2125,12,7.15909090909091,7.8,7.8,7.155,7.5,11,1,1,10,2,434,353,81,10,168,266,7.1423732718894,7.32759206798867,6.33518518518518,6.78,7.21726190476191,7.09507518796992,59
"58",2006,6,6.85,10,7.3125,5,NA,6.2,7.5,8,2,0,5,5,444,361,83,10,173,271,7.13578828828829,7.32725761772853,6.30301204819277,6.78,7.1878612716763,7.10254612546125,60
"59",2006,7,6.6304347826087,23,6.90625,6,6,6.25,6.83333333333333,16,7,1,8,15,467,377,90,11,181,286,7.11089935760171,7.3093899204244,6.27944444444444,6.70909090909091,7.14640883977901,7.08842657342657,61
"60",2006,8,7.27777777777778,18,7.46153846153846,6.8,8,7.33333333333333,7.25,13,5,1,6,12,485,390,95,12,187,298,7.11709278350515,7.31446153846154,6.30684210526316,6.81666666666667,7.1524064171123,7.09493288590604,62
"61",2006,9,7.36842105263158,19,7.5,7,7.5,7.25,7.45454545454545,14,5,2,8,11,504,404,100,14,195,309,7.12656746031746,7.32089108910891,6.3415,6.91428571428571,7.15641025641026,7.10773462783172,63
"62",2006,10,7.26923076923077,13,7.3125,7.2,7.5,7,7.58333333333333,8,5,2,7,6,517,412,105,16,202,315,7.13015473887814,7.32072815533981,6.38238095238095,6.9875,7.1509900990099,7.11679365079365,64
"63",2006,11,7.07857142857143,21,7.05588235294118,7.175,NA,7.4625,6.84230769230769,17,4,0,8,13,538,429,109,16,210,328,7.12814126394052,7.3102331002331,6.41146788990826,6.9875,7.16285714285714,7.10591463414634,65
"64",2006,12,7.15625,24,7.41666666666667,5.33333333333333,NA,7.44230769230769,6.81818181818182,21,3,0,13,11,562,450,112,16,223,339,7.12934163701068,7.3152,6.38258928571429,6.9875,7.17914798206278,7.09657817109145,66
"65",2007,1,6.79791666666667,24,7.03611111111111,6.08333333333333,5.5,6.57142857142857,6.89117647058824,18,6,2,7,17,586,468,118,18,230,356,7.11576791808874,7.30446581196581,6.36737288135593,6.82222222222222,7.16065217391304,7.08676966292135,67
"66",2007,2,7.00670823529412,17,7.33333333333333,6.222808,6.5,7.25,6.93184923076923,12,5,2,4,13,603,480,123,20,234,369,7.11269326699834,7.3051875,6.3614962601626,6.79,7.16217948717949,7.08131176151761,68
"67",2007,3,6.6875,16,7,4.5,NA,6.8125,6.5625,14,2,0,8,8,619,494,125,20,242,377,7.10170281098546,7.29653846153846,6.33171232,6.79,7.15061983471074,7.0703024933687,69
"68",2007,4,7.175,20,7.3125,6.625,NA,7.41666666666667,7.07142857142857,16,4,0,6,14,639,510,129,20,248,391,7.10399693270736,7.29703921568627,6.34080651162791,6.79,7.1570564516129,7.07034281329923,70
"69",2007,5,6.33333333333333,12,6.66666666666667,6,5,6.16666666666667,6.5,6,6,2,6,6,651,516,135,22,254,397,7.08979115207373,7.28970930232558,6.32565955555556,6.62727272727273,7.13366141732283,7.06172302267002,71
"70",2007,6,7,19,7,7,7,7.41666666666667,6.80769230769231,15,4,3,6,13,670,531,139,25,260,410,7.0872448358209,7.28152542372881,6.34506503597122,6.672,7.14019230769231,7.0536683902439,72
"71",2007,7,7.08,10,7.475,5.5,6,6.86,7.3,8,2,1,5,5,680,539,141,26,265,415,7.08713829411765,7.28439703153989,6.33307829787234,6.64615384615385,7.13490566037736,7.05663624096386,73
"72",2007,8,7.12666666666667,15,7.2,6.83333333333333,8,7.1,7.16666666666667,12,3,1,9,6,695,551,144,27,274,421,7.08799142446043,7.28255898366606,6.34350027777778,6.6962962962963,7.13375912408759,7.05820437054632,74
"73",2007,9,7.91666666666667,12,7.94444444444444,7.83333333333333,NA,7.85714285714286,8,9,3,0,7,5,707,560,147,27,281,426,7.10205663366337,7.29319642857143,6.37390503401361,6.6962962962963,7.15177935943061,7.06925830985915,75
"74",2007,10,6.75333333333333,18,7.29,4.875,7,7.156,6.25,14,4,1,10,8,725,574,151,28,291,434,7.09339867586207,7.29311846689896,6.33419894039735,6.70714285714286,7.15192439862543,7.05415677419355,76
"75",2007,11,6.7,20,6.92307692307692,6.28571428571429,NA,6.5,6.80769230769231,13,7,0,7,13,745,587,158,28,298,447,7.08283763758389,7.28492333901193,6.33205088607595,6.70714285714286,7.13661073825503,7.04698890380313,77
"76",2007,12,6.7962962962963,27,6.88095238095238,6.5,5.5,6.84615384615385,6.75,21,6,2,13,14,772,608,164,30,311,461,7.07281611398964,7.27097039473684,6.33819536585366,6.62666666666667,7.12446945337621,7.03796971800434,78
"77",2008,1,6.72333333333333,18,7.04769230769231,5.88,6,6.77846153846154,6.58,13,5,2,13,5,790,621,169,32,324,466,7.06485321518988,7.2662962962963,6.32463928994083,6.5875,7.11058641975309,7.03305587982833,79
"78",2008,2,7.22727272727273,11,7.5,6,NA,7.75,6.6,9,2,0,6,5,801,630,171,32,330,471,7.06708369538078,7.26963492063492,6.32084233918129,6.5875,7.12221212121212,7.0284586836518,80
"79",2008,3,7.07142857142857,14,7.18181818181818,6.66666666666667,6,7.66666666666667,6.625,11,3,1,6,8,815,641,174,33,336,479,7.06715833128835,7.26812792511701,6.32680482758621,6.56969696969697,7.13193452380952,7.02172033402923,81
"80",2008,4,6.79166666666667,12,7.125,6.125,6.75,6.64285714285714,7,8,4,2,7,5,827,649,178,35,343,484,7.06316087061669,7.26636363636364,6.32226988764045,6.58,7.12195335276968,7.02149595041322,82
"81",2008,5,7.22222222222222,9,7.85714285714286,5,NA,7.25,7.2,7,2,0,4,5,836,656,180,35,347,489,7.06487325358852,7.27266768292683,6.307578,6.58,7.12342939481268,7.02332114519427,83
"82",2008,6,7.61538461538461,13,7.61538461538461,NA,NA,7.3125,8.1,13,0,0,8,5,849,669,180,35,355,494,7.07330275618375,7.27932735426009,6.307578,6.58,7.12769014084507,7.03421870445344,84
"83",2008,7,6.96153846153846,26,7.64705882352941,5.66666666666667,6,6.83333333333333,7.25,17,9,8,18,8,875,686,189,43,373,502,7.06998176,7.28844023323615,6.27705841269841,6.47209302325581,7.11348525469169,7.0376574501992,85
"84",2008,8,6.5325,20,6.77083333333333,6.175,6.35,6.48888888888889,6.56818181818182,12,8,4,9,11,895,698,197,47,382,513,7.05797099441341,7.27954154727794,6.27291390862944,6.46170212765957,7.09876963350785,7.02759072124756,86
"85",2008,9,7.35714285714286,14,7.55555555555556,7,7,7.91666666666667,6.9375,9,5,4,6,8,909,707,202,51,388,521,7.06257870187019,7.28305516265912,6.29091108910891,6.50392156862745,7.1114175257732,7.02620737044146,87
"86",2008,10,6.81818181818182,11,7,6,NA,7.25,6.72222222222222,9,2,0,2,9,920,716,204,51,390,530,7.05965656521739,7.27949720670391,6.28805901960784,6.50392156862745,7.11212820512821,7.02104535849057,88
"87",2008,11,7.05,20,7.78571428571429,5.33333333333333,5.33333333333333,7.875,6.5,14,6,3,8,12,940,730,210,54,398,542,7.05945110638298,7.28920547945206,6.26078114285714,6.43888888888889,7.12746231155779,7.00950929889299,89
"88",2008,12,6.95652173913043,23,7.6,5.75,5.66666666666667,6.6,7.05555555555556,15,8,3,5,18,963,745,218,57,403,560,7.05699277258567,7.29546308724832,6.24203688073395,6.39824561403509,7.12091811414392,7.01098935714286,90
"89",2009,1,6.98387096774194,31,7.6,5.86363636363636,5.78571428571429,7,6.96153846153846,20,11,7,18,13,994,765,229,64,421,573,7.0547123138833,7.30342483660131,6.22386043668122,6.33125,7.11574821852732,7.00986743455497,91
"90",2009,2,7.675,16,7.94,7.23333333333333,6.5,8,7.52727272727273,10,6,2,5,11,1010,775,235,66,426,584,7.06453865346535,7.31163870967742,6.24963421276596,6.33636363636364,7.12612676056338,7.01961308219178,92
"91",2009,3,7.1,20,7.66666666666667,6.25,6.66666666666667,7.2,7,12,8,3,10,10,1030,787,243,69,436,594,7.06522722330097,7.31705209656925,6.24964625514403,6.35072463768116,7.12782110091743,7.0192828956229,93
"92",2009,4,6.70909090909091,22,6.87333333333333,6.35714285714286,6,7.68333333333333,6.34375,15,7,1,6,16,1052,802,250,70,442,610,7.05777950570342,7.30875311720698,6.25265616,6.34571428571429,7.13536199095023,7.001564,94
"93",2009,5,6.97222222222222,18,7.34615384615385,6,6,7.1,6.92307692307692,13,5,3,5,13,1070,815,255,73,447,623,7.05634022429907,7.30934969325153,6.24770211764706,6.33150684931507,7.13496644295302,6.99992622792938,95
"94",2009,6,6.761,10,8,6.62333333333333,7.222,7.70333333333333,6.35714285714286,1,9,5,3,7,1080,816,264,78,450,630,7.05360559259259,7.31019607843137,6.26050772727273,6.38858974358974,7.13875555555556,6.99278419047619,96
"95",2009,7,6.6875,16,6.94444444444444,6.35714285714286,6.5,6.91666666666667,6.55,9,7,3,6,10,1096,825,271,81,456,640,7.04826098540146,7.30620606060606,6.26300383763838,6.39271604938272,7.13583333333333,6.9858656875,97
"96",2009,8,6.88888888888889,18,7.09090909090909,6.57142857142857,6,7,6.84615384615385,11,7,3,5,13,1114,836,278,84,461,653,7.04568585278277,7.30337320574163,6.27076992805755,6.37869047619048,7.1343600867679,6.98308428790199,98
"97",2009,9,7.3775,20,7.735,7.02,7,7.2,7.43666666666667,10,10,3,5,15,1134,846,288,87,466,668,7.05153795414462,7.30847517730497,6.29678486111111,6.40011494252874,7.1350643776824,6.99326952095809,99
"98",2009,10,7.34210526315789,19,7.70833333333333,6.71428571428571,6,7.83333333333333,7.11538461538461,12,7,2,6,13,1153,858,295,89,472,681,7.05632614050304,7.3140675990676,6.30669166101695,6.39112359550562,7.1439406779661,6.99560064610866,100
"99",2009,11,6.95652173913043,23,6.91666666666667,7.1,6,7.13636363636364,6.79166666666667,18,5,1,11,12,1176,876,300,90,483,693,7.05437418367347,7.30590182648402,6.31991346666667,6.38677777777778,7.14376811594203,6.99206932178932,101
"100",2009,12,6.81578947368421,19,7,6.125,6.16666666666667,6.83333333333333,6.80769230769231,15,4,3,6,13,1195,891,304,93,489,706,7.05058078661088,7.3007519640853,6.31734881578948,6.37967741935484,7.1399591002045,6.9886742776204,102
"101",2010,1,6.82142857142857,21,7.28846153846154,6.0625,6.25,7.28571428571429,6.58928571428571,13,8,6,7,14,1216,904,312,99,496,720,7.04662338815789,7.30057522123894,6.31081423076923,6.37181818181818,7.14201612903226,6.98090838888889,103
"102",2010,2,6.575,20,6.61538461538461,6.5,6.5,6.58333333333333,6.57142857142857,13,7,2,6,14,1236,917,319,101,502,734,7.03899194174757,7.29086150490731,6.31496564263323,6.37435643564356,7.13533864541833,6.97309814713897,104
"103",2010,3,7.35882352941176,17,7.41428571428571,7.1,5.5,7.04,7.49166666666667,14,3,1,5,12,1253,931,322,102,507,746,7.04333123703113,7.29271750805586,6.32227962732919,6.36578431372549,7.13439842209073,6.98143973190349,105
"104",2010,4,7.26363636363636,11,7.32222222222222,7,NA,8,7.1,9,2,0,2,9,1264,940,324,102,509,755,7.04524844936709,7.293,6.32646308641975,6.36578431372549,7.13779960707269,6.98285303311258,106
"105",2010,5,7.6,15,8,7.25,7,7.14285714285714,8,7,8,4,7,8,1279,947,332,106,516,763,7.0517545269742,7.29822597676874,6.34871698795181,6.38971698113208,7.13786821705426,6.9935177457405,107
"106",2010,6,6.84666666666667,15,7.07,6.4,6.33333333333333,7.1,6.72,10,5,3,5,10,1294,957,337,109,521,773,7.0493771561051,7.29584117032393,6.34947786350148,6.38816513761468,7.13750479846449,6.98997935316947,108
"107",2010,7,6.81333333333333,15,7.44444444444444,5.86666666666667,5.66666666666667,7.57142857142857,6.15,9,6,3,7,8,1309,966,343,112,528,781,7.04667229946524,7.29722567287785,6.34103218658892,6.36883928571429,7.14325757575758,6.98137521126761,109
"108",2010,8,7.58333333333333,12,7.81818181818182,5,NA,6.5,7.94444444444444,11,1,0,3,9,1321,977,344,112,531,790,7.05154734292203,7.30309109518936,6.3371338372093,6.36883928571429,7.13962335216572,6.99234688607595,110
"109",2010,9,6.65,10,6.9375,5.5,NA,6.66666666666667,6.625,8,2,0,6,4,1331,985,346,112,537,794,7.04853045830203,7.30012182741117,6.3322949132948,6.36883928571429,7.13433891992551,6.9904962720403,111
"110",2010,10,6.8,17,6.96923076923077,6.25,7,7.08333333333333,6.64545454545455,13,4,2,6,11,1348,998,350,114,543,805,7.04539617210683,7.29581162324649,6.3313544,6.37991228070175,7.13377532228361,6.98578141614907,112
"111",2010,11,7.18888888888889,27,7.405,6.57142857142857,8,7.56666666666667,7,20,7,1,9,18,1375,1018,357,115,552,823,7.04821384727273,7.29795677799607,6.33606173669468,6.394,7.14083333333333,6.98609239368165,113
"112",2010,12,6.73684210526316,19,7.1,6.33333333333333,6.8,6.72222222222222,6.75,10,9,5,9,10,1394,1028,366,120,561,833,7.04396989956959,7.29603112840467,6.33599464480874,6.41091666666667,7.13411764705882,6.9832581512605,114
"113",2011,1,7.28392857142857,28,7.3547619047619,7.07142857142857,7,7.17142857142857,7.32142857142857,21,7,1,7,21,1422,1049,373,121,568,854,7.04869482419128,7.2972068636797,6.3497963538874,6.41578512396694,7.13457746478873,6.99157381733021,115
"114",2011,2,7.168,25,7.48125,6.61111111111111,6.2,6.57142857142857,7.4,16,9,5,7,18,1447,1065,382,126,575,872,7.05075607463718,7.29997183098592,6.35595298429319,6.40722222222222,7.12772173913044,7.00000463302752,116
"115",2011,3,6.20714285714286,21,6.55555555555556,5.94583333333333,6.8125,6.28125,6.16153846153846,9,12,4,8,13,1468,1074,394,130,583,885,7.03868803814714,7.29373370577281,6.34346203045685,6.41969230769231,7.11610634648371,6.98768818079096,117
"116",2011,4,7.19722222222222,18,7.41666666666667,6.75833333333333,6.25,6.85714285714286,7.41363636363636,12,6,2,7,11,1486,1086,400,132,590,896,7.04060837146703,7.29509208103131,6.3496851,6.41712121212121,7.11303389830509,6.99291745535714,118
"117",2011,5,6.65333333333333,15,7.1875,6.04285714285714,6,6.95,6.54545454545455,8,7,2,4,11,1501,1094,407,134,594,907,7.0367382011992,7.29430530164534,6.34440796068796,6.41089552238806,7.11193602693603,6.98749067254686,119
"118",2011,6,6.87142857142857,14,7.2125,6.41666666666667,6,7.25,6.80833333333333,8,6,1,2,12,1515,1102,413,135,596,919,7.03521058745875,7.29371143375681,6.34545772397095,6.40785185185185,7.11239932885906,6.98515129488575,120
"119",2011,7,7.09230769230769,13,7.38888888888889,6.425,6,7.33333333333333,7.02,9,4,3,3,10,1528,1111,417,138,599,929,7.03569636125655,7.29448244824483,6.34622071942446,6.39898550724638,7.11350584307179,6.98552641550054,121
"120",2011,8,6.86666666666667,30,7.10714285714286,6.30555555555556,6.3125,6.625,6.90384615384615,21,9,4,4,26,1558,1132,426,142,603,955,7.03244161745828,7.29100706713781,6.34536159624413,6.39654929577465,7.11026533996683,6.98330265968586,122
"121",2011,9,6.4,10,6.5625,5.75,NA,6.33333333333333,6.42857142857143,8,2,0,3,7,1568,1140,428,142,606,962,7.02840818877551,7.28589473684211,6.34257953271028,6.39654929577465,7.10641914191419,6.97926615384615,123
"122",2011,10,7.04615384615385,13,7.51,5.5,6.25,7.66666666666667,6.86,10,3,2,3,10,1581,1150,431,144,609,972,7.02855410499684,7.28784347826087,6.3367147099768,6.39451388888889,7.1091789819376,6.97803913580247,124
"123",2011,11,6.70769230769231,26,6.93529411764706,6.27777777777778,6.25,7.5,6.51904761904762,17,9,4,5,21,1607,1167,440,148,614,993,7.02336281269446,7.28270779777207,6.33550918181818,6.39060810810811,7.11236156351792,6.96833236656596,125
"124",2011,12,7.06666666666667,15,7.27272727272727,6.5,7,7.25,7,11,4,1,4,11,1622,1178,444,149,618,1004,7.02376327990136,7.28261460101868,6.33699108108108,6.39469798657718,7.11325242718447,6.96867932270916,126
"125",2012,1,7.01851851851852,27,7.53571428571429,6.46153846153846,6.08333333333333,7.36363636363636,6.78125,14,13,6,11,16,1649,1192,457,155,629,1020,7.02367740448757,7.28558724832215,6.34053400437637,6.38264516129032,7.11763116057234,6.96573925490196,127
"126",2012,2,6.98913043478261,23,7.13888888888889,6.45,6.8125,6.92857142857143,7.015625,18,5,4,7,16,1672,1210,462,159,636,1036,7.0232021770335,7.28340495867769,6.3417187012987,6.39345911949686,7.11555031446541,6.96650969111969,128
"127",2012,3,7.23076923076923,13,7.25,7,NA,7.66666666666667,7.1,12,1,0,3,10,1685,1222,463,159,639,1046,7.02480358456974,7.28307692307692,6.34314047516199,6.39345911949686,7.11813771517997,6.96778588910134,129
"128",2012,4,6.05833333333333,12,6.65,4.875,6.16666666666667,4.625,6.775,8,4,3,4,8,1697,1230,467,162,643,1054,7.01796938126105,7.2789593495935,6.33056539614561,6.38925925925926,7.10262830482115,6.96632261859583,130
"129",2012,5,6.25,6,7.125,4.5,6,3,6.9,4,2,1,1,5,1703,1234,469,163,644,1059,7.01526367586612,7.2784602917342,6.32275914712154,6.38687116564417,7.09625776397516,6.96600948064212,131
"130",2012,6,7.1875,8,8.66666666666667,6.3,6,6,7.58333333333333,3,5,2,2,6,1711,1237,474,165,646,1065,7.01606898889539,7.28182700080841,6.32251907172996,6.38218181818182,7.09286377708978,6.96948736150235,132
"131",2012,7,7.24133333333333,15,7.35714285714286,7.14,7.25,7,7.30166666666667,7,8,4,3,12,1726,1244,482,169,649,1077,7.01802667439166,7.28225080385852,6.33608721991701,6.40272189349112,7.09243451463791,6.97318852367688,133
"132",2012,8,6.86944444444444,18,7.365,6.25,6,7.25,6.821875,10,8,2,2,16,1744,1254,490,171,651,1093,7.01649314220184,7.28291068580542,6.33468171428571,6.39801169590643,7.09291858678956,6.97097350411711,134
"133",2012,9,6.91176470588235,17,7.03333333333333,6,NA,7.125,6.84615384615385,15,2,0,4,13,1761,1269,492,171,655,1106,7.01548213515049,7.27996059889677,6.33332121951219,6.39801169590643,7.0931145038168,6.96950636528029,135
"134",2012,10,6.88571428571429,21,7.46666666666667,5.43333333333333,7,7.35,6.7,15,6,2,6,15,1782,1284,498,173,661,1121,7.01395288439955,7.28214174454829,6.32247799196787,6.4049710982659,7.09544629349471,6.96590012488849,136
"135",2012,11,6.775,16,7.30909090909091,5.6,7,7.25,6.61666666666667,11,5,1,4,12,1798,1295,503,174,665,1133,7.01182649610679,7.28237065637066,6.31529630218688,6.4083908045977,7.09637593984963,6.96220127096205,137
"136",2012,12,6.91153846153846,26,7.24761904761905,5.5,5.75,6.44,7.02380952380952,21,5,2,5,21,1824,1316,508,176,670,1154,7.01039695175439,7.28181610942249,6.30727173228346,6.40090909090909,7.0914776119403,6.96332239168111,138
"137",2013,1,6.7,23,6.93571428571429,6.33333333333333,6.75,7.32,6.52777777777778,14,9,4,5,18,1847,1330,517,180,675,1172,7.00653169463996,7.27817293233083,6.30772541586073,6.40866666666667,7.09317037037037,6.95663313993174,139
"138",2013,2,7.1,10,7.14285714285714,7,8,8,6.875,7,3,1,2,8,1857,1337,520,181,677,1180,7.00703502423264,7.27746447270008,6.31171930769231,6.41745856353591,7.09584933530281,6.95607969491525,140
"139",2013,3,6.85789473684211,19,7.58888888888889,6.2,NA,6.56,6.96428571428571,9,10,0,5,14,1876,1346,530,181,682,1194,7.00552454157783,7.27954680534918,6.30961139622641,6.41745856353591,7.09192082111437,6.95617591289782,141
"140",2013,4,6.85,10,7.1,6.6,7,6.25,7,5,5,1,2,8,1886,1351,535,182,684,1202,7.00469991516437,7.27888230940045,6.31232530841122,6.42065934065934,7.08945906432749,6.95646758735441,142
"141",2013,5,7.09523809523809,21,7.40625,6.1,6.75,7.16666666666667,7.08333333333333,16,5,2,3,18,1907,1367,540,184,687,1220,7.00569692711065,7.28037307973665,6.31035933333333,6.42423913043478,7.08979621542941,6.95833937704918,143
"142",2013,6,7.43333333333333,9,7.25,7.8,8,8,7.3625,6,3,1,1,8,1916,1373,543,185,688,1228,7.00770565762004,7.28024034959942,6.31858939226519,6.43275675675676,7.09111918604651,6.96097234527687,144
"143",2013,7,6.70833333333333,12,7.41666666666667,6,5.83333333333333,6.3,7,6,6,3,5,7,1928,1379,549,188,693,1235,7.00584234439834,7.28083393763597,6.31510754098361,6.4231914893617,7.08541125541126,6.96119355465587,145
"144",2013,8,6.07692307692308,13,6.5,4.66666666666667,4,6.5,5.88888888888889,10,3,1,4,9,1941,1389,552,189,697,1244,6.99962083462133,7.27521238300936,6.30614862318841,6.41037037037037,7.08205164992827,6.95343572347267,146
"145",2013,9,6.91333333333333,15,7.07777777777778,6.66666666666667,6.83333333333333,7,6.90714285714286,9,6,3,1,14,1956,1398,558,192,698,1258,6.9989591206544,7.27394134477826,6.31002516129032,6.41697916666667,7.08193409742121,6.95292054054054,147
"146",2013,10,6.5,19,6.625,6.28571428571429,7.5,5,6.58333333333333,12,7,1,1,18,1975,1410,565,193,699,1276,6.99415900759494,7.26841843971631,6.30972396460177,6.42259067357513,7.0789556509299,6.94770692789969,148
"147",2013,11,5.91666666666667,12,6.85714285714286,4.6,5,6.25,5.85,7,5,1,2,10,1987,1417,570,194,701,1286,6.98765175641671,7.26638673253352,6.29472638596491,6.41525773195876,7.07659058487875,6.93917110419907,149
"148",2013,12,6.22727272727273,11,6.8125,4.66666666666667,5.5,6.16666666666667,6.25,8,3,1,3,8,1998,1425,573,195,704,1294,6.98346548548549,7.26383859649123,6.286202513089,6.4105641025641,7.07271306818182,6.93491038639876,150
"149",2014,1,7,17,7,7,7,6.25,7.23076923076923,13,4,4,4,13,2015,1438,577,199,708,1307,6.98360498263028,7.26145340751043,6.2911508492201,6.42241206030151,7.06806497175141,6.93785312930375,151
"150",2014,2,7.45,12,8.33333333333333,6.56666666666667,7,7,7.675,6,6,2,4,8,2027,1444,583,201,712,1315,6.98636607794771,7.26590720221607,6.2939863464837,6.4281592039801,7.06768258426967,6.9423376730038,152
"151",2014,3,7,11,7.125,6.66666666666667,6.5,7,7,8,3,2,1,10,2038,1452,586,203,713,1325,6.98643966633955,7.26513085399449,6.2958942662116,6.42886699507389,7.06758765778401,6.94277286037736,153
"152",2014,4,7.72333333333333,15,7.83461538461538,7,NA,NA,7.72333333333333,13,2,0,0,15,2053,1465,588,203,713,1340,6.99182369215782,7.2701843003413,6.29828918367347,6.42886699507389,7.06758765778401,6.95151047761194,154
"153",2014,5,6.98076923076923,13,7.25,6.8125,7.3,8,6.79545454545455,5,8,5,2,11,2066,1470,596,208,715,1351,6.99175413359148,7.27011564625851,6.30519134228188,6.44980769230769,7.07019580419581,6.95023985196151,155
"154",2014,6,7.36666666666667,15,7.66666666666667,6.16666666666667,5.75,6.625,7.63636363636364,12,3,2,4,11,2081,1482,599,210,719,1362,6.99445653051418,7.27332658569501,6.30449756260434,6.44314285714286,7.067719054242,6.95578123348017,156
"155",2014,7,6.63636363636364,11,6.71428571428571,6.5,6,6.75,6.5,7,4,2,6,5,2092,1489,603,212,725,1367,6.99257363288719,7.27069845533916,6.3057944278607,6.43896226415094,7.06508965517242,6.95411414776884,157
"156",2014,8,6.86722222222222,18,7.07692307692308,6.322,5,7.3,6.70076923076923,13,5,1,5,13,2110,1502,608,213,730,1380,6.99150428436019,7.26902130492677,6.30592769736842,6.43220657276995,7.06669863013699,6.95172756521739,158
"157",2014,9,6.64285714285714,7,6.8,5.7,5.7,7,6.375,6,1,1,3,4,2117,1508,609,214,733,1384,6.99035145961266,7.2671551724138,6.30493274220033,6.42878504672897,7.06642564802183,6.95006072254335,159
"158",2014,10,6.829365,14,7.3,5.6527775,NA,5.5,7.05092583333333,10,4,0,2,12,2131,1518,613,214,735,1396,6.98929382918818,7.26737154150198,6.30067724306688,6.42878504672897,7.06216326530612,6.95092775787966,160
"159",2014,11,6.86538461538461,13,7.5,6.125,6.625,6.5,7.02777777777778,7,6,2,4,9,2144,1525,619,216,739,1405,6.98854251399254,7.2684393442623,6.29897439418417,6.43060185185185,7.05912043301759,6.95142003558719,161
"160",2014,12,7.2,10,7.85714285714286,5.66666666666667,NA,8,7.11111111111111,7,3,0,1,9,2154,1532,622,216,740,1414,6.98952421077066,7.27112924281985,6.29592467845659,6.43060185185185,7.06039189189189,6.95243645685997,162
"161",2015,1,7.28571428571429,14,7.54545454545455,6.33333333333333,6.33333333333333,6.83333333333333,7.625,11,3,3,6,8,2168,1543,625,219,746,1422,6.99143687730628,7.27308489954634,6.29610424,6.42926940639269,7.05856568364611,6.95622021800281,163
"162",2015,2,6.8575,20,6.984375,6.35,6.35,6.125,7.040625,16,4,4,4,16,2188,1559,629,223,750,1438,6.99021259140768,7.27012187299551,6.29644697933227,6.42784753363229,7.05358666666667,6.95715935326843,164
"163",2015,3,7.27,15,8.025,6.40714285714286,6.91666666666667,7.5625,7.16363636363636,8,7,3,4,11,2203,1567,636,226,754,1449,6.99211763504313,7.27397574984046,6.29766533018868,6.43433628318584,7.05628647214854,6.9587268115942,165
"164",2015,4,6.38461538461539,13,7.26666666666667,5.62857142857143,6.13333333333333,6.1,6.5625,6,7,3,5,8,2216,1573,643,229,759,1457,6.98855376805054,7.27394787031151,6.29038125972006,6.43039301310044,7.04998682476944,6.95655123541524,166
"165",2015,5,7.26666666666667,15,8.125,6.28571428571429,6.375,7.08333333333333,7.38888888888889,8,7,4,6,9,2231,1581,650,233,765,1466,6.99042364410578,7.27825426944972,6.290331,6.42944206008584,7.05024836601307,6.95920542291951,167
"166",2015,6,6.93181818181818,22,7.61764705882353,4.6,4.33333333333333,4.5,7.175,17,5,3,2,20,2253,1598,655,236,767,1486,6.98985137594319,7.2818648310388,6.27742770992366,6.40279661016949,7.04359843546284,6.96210979138627,168
"167",2015,7,6.64117647058824,17,6.74166666666667,6.4,6.5,7.125,6.49230769230769,12,5,2,4,13,2270,1610,660,238,771,1499,6.98724015418502,7.27783850931677,6.27835628787879,6.40361344537815,7.04402075226978,6.95803545697131,169
"168",2015,8,7.15789473684211,19,7.3,7,7.5,7.75,6.88461538461539,10,9,5,6,13,2289,1620,669,243,777,1512,6.98865668414155,7.27797530864198,6.28806449925262,6.42617283950617,7.04947232947233,6.95740419973545,170
"169",2015,9,6.63157894736842,19,7.32142857142857,4.7,6,5.5,6.93333333333333,14,5,2,4,15,2308,1634,674,245,781,1527,6.98571713604853,7.2783476132191,6.27628360534125,6.42269387755102,7.04153649167734,6.95716774721676,171
"170",2015,10,7.28125,16,7.66666666666667,6.125,6.5,7.125,7.33333333333333,12,4,1,4,12,2324,1646,678,246,785,1539,6.98775178571429,7.28117861482382,6.27539107669616,6.4230081300813,7.04196178343949,6.96010081221572,172
"171",2015,11,6.63529411764706,17,6.48333333333333,7,7,7.33333333333333,6.48571428571429,12,5,1,3,14,2341,1658,683,247,788,1553,6.98519228961982,7.2754041013269,6.28069568081991,6.42534412955466,7.04307106598985,6.95582430779137,173
"172",2015,12,7.04210526315789,19,7.2375,6,5.5,7,7.04705882352941,16,3,2,2,17,2360,1674,686,249,790,1570,6.98565048728814,7.27504181600956,6.27946814868805,6.41791164658635,7.04296202531646,6.95681219745223,174
"173",2016,1,6.86363636363636,22,7.5,5.75,4.5,7,6.83333333333333,14,8,2,4,18,2382,1688,694,251,794,1588,6.98452357262805,7.27690758293839,6.27336476945245,6.40262948207171,7.04274559193955,6.95541256297229,175
"174",2016,2,6.41111111111111,18,7,5.675,6.35,7.08333333333333,6.075,10,8,4,6,12,2400,1698,702,255,800,1600,6.98022297916667,7.27527679623086,6.2665457977208,6.40180392156863,7.04305,6.94880946875,176
"175",2016,3,7.33333333333333,21,7.7,6.41666666666667,6,7.83333333333333,7.13333333333333,15,6,1,6,15,2421,1713,708,256,806,1615,6.98328589425857,7.27899591360187,6.26781800847458,6.400234375,7.04893300248139,6.9505233126935,177
"176",2016,4,7.1125,20,7.41666666666667,6.2,6,7,7.15,15,5,3,5,15,2441,1728,713,259,811,1630,6.98434459238018,7.28019097222222,6.26734242636746,6.39559845559846,7.04863131935882,6.95235898773006,178
"177",2016,5,7.22307692307692,13,7.54444444444444,6.5,6,8,7.15833333333333,9,4,1,1,12,2454,1737,717,260,812,1642,6.98560927057865,7.28156016119747,6.26864037656904,6.39407692307692,7.04980295566503,6.95386428136419,179
"178",2016,6,7.45652173913043,23,7.5,7.25,NA,7,7.5,19,4,0,2,21,2477,1756,721,260,814,1663,6.98998189341946,7.28392369020501,6.27408481276006,6.39407692307692,7.04968058968059,6.96076076368009,180
"179",2016,7,6.89285714285714,14,6.86363636363636,7,NA,7,6.88461538461539,11,3,0,1,13,2491,1767,724,260,815,1676,6.98943602970695,7.28130730050934,6.27709274861878,6.39407692307692,7.04961963190184,6.9601701372315,181
"180",2016,8,6.5,7,6.75,6.16666666666667,6.75,6,6.58333333333333,4,3,2,1,6,2498,1771,727,262,816,1682,6.98806451160929,7.28010728402033,6.27663707015131,6.39679389312977,7.04833333333333,6.95882589179548,182
"181",2016,9,7.35714285714286,14,7.63636363636364,6.33333333333333,NA,7.375,7.35,11,3,0,4,10,2512,1782,730,262,820,1692,6.99012147691083,7.2823063973064,6.27687006849315,6.39679389312977,7.04992682926829,6.96113779550827,183
"182",2016,10,7.18958333333333,24,7.46388888888889,6.36666666666667,6.05,7.27,7.16842105263158,18,6,4,5,19,2536,1800,736,266,825,1711,6.9920091285489,7.28412222222222,6.27760210597826,6.39157894736842,7.05126060606061,6.96343959672706,184
"183",2016,11,7.34047619047619,21,7.59705882352941,6.25,6,6.975,7.42647058823529,17,4,2,4,17,2557,1817,740,268,829,1728,6.99487100117325,7.28705008255366,6.2774529054054,6.38865671641791,7.05089264173703,6.96799487847222,185
"184",2016,12,6.87857142857143,14,7.275,4.5,NA,NA,6.87857142857143,12,2,0,0,14,2571,1829,742,268,829,1742,6.99423770906262,7.28697102241662,6.27266192722372,6.38865671641791,7.05089264173703,6.9672762055109,186
"185",2017,1,6.9,27,7.04347826086957,6.075,5.43333333333333,5.15,7.04,23,4,3,2,25,2598,1852,746,271,831,1767,6.99325833333334,7.28394708423326,6.27160207774799,6.37808118081181,7.04631768953069,6.96830512167515,187
"186",2017,2,6.41304347826087,23,6.96923076923077,5.69,5.98333333333333,6.65,6.36315789473684,13,10,6,4,19,2621,1865,756,277,835,1786,6.9881667874857,7.28175335120643,6.26390892857143,6.36953068592058,7.04441916167665,6.96186738521836,188
"187",2017,3,7.615,20,7.63157894736842,7.3,7.3,8.33333333333333,7.30714285714286,19,1,1,6,14,2641,1884,757,278,841,1800,6.99291372586142,7.2852813163482,6.26527760898283,6.37287769784173,7.05361474435196,6.96455286111111,189
"188",2017,4,7.35333333333333,15,7.60833333333333,6.33333333333333,7,7.5,7.34285714285714,12,3,1,1,14,2656,1896,760,279,842,1814,6.99494922816265,7.28732594936709,6.26554625,6.37512544802868,7.05414489311164,6.96747251929437,190
"189",2017,5,7.96153846153846,13,7.95833333333333,8,NA,9.25,7.72727272727273,12,1,0,2,11,2669,1908,761,279,844,1825,6.99965723117273,7.29154612159329,6.26782542706964,6.37512544802868,7.05934834123223,6.9720521369863,191
"190",2017,6,6.58909090909091,11,7.2725,4.76666666666667,3,3,6.948,8,3,1,1,10,2680,1916,764,280,845,1835,6.99797207089552,7.29146659707724,6.26193082460733,6.36307142857143,7.05454437869823,6.9719210626703,192
"191",2017,7,7.13277777777778,18,8.09888888888889,6.16666666666667,5.75,6.56666666666667,7.41583333333333,9,9,6,6,12,2698,1925,773,286,851,1847,6.99887144180875,7.29524155844156,6.26082166882277,6.35020979020979,7.05110458284372,6.97480517054683,193
"192",2017,8,6.85,18,7.08333333333333,6.38333333333333,6.35,7.1,6.75384615384615,12,6,4,5,13,2716,1937,779,290,856,1860,6.99788481222386,7.29392875580795,6.26176527599486,6.35020689655173,7.05139018691589,6.97326083333333,194
"193",2017,9,6.59285714285714,14,7.4375,5.46666666666667,6.75,7.5,6.44166666666667,8,6,2,2,12,2730,1945,785,292,858,1872,6.99580774725275,7.29451928020566,6.25568808917197,6.35294520547945,7.0524358974359,6.9698531784188,195
"194",2017,10,5.77777777777778,9,6,5.33333333333333,5,6,5.75,6,3,2,1,8,2739,1951,788,294,859,1880,6.99180545819642,7.29053818554587,6.25217658629442,6.34374149659864,7.05121071012806,6.96466231382978,196
"195",2017,11,6.67294117647059,17,7.48,5.52,5.375,6.5,6.72615384615385,10,7,4,4,13,2756,1961,795,298,863,1893,6.98983858853411,7.2915043345232,6.24572974842767,6.33073825503356,7.04865585168019,6.96302437929212,197
"196",2017,12,6.72272727272727,22,7.11176470588235,5.4,5.66666666666667,5.93333333333333,6.84736842105263,17,5,3,3,19,2778,1978,800,301,866,1912,6.98772323614111,7.28995955510617,6.2404439375,6.32411960132891,7.04479214780601,6.96187507845188,198
"197",2018,1,6.75263157894737,19,6.88461538461539,6.46666666666667,6.9,7.75,6.63529411764706,13,6,1,2,17,2797,1991,806,302,868,1929,6.98612626027887,7.28731290808639,6.24212797766749,6.32602649006623,7.04641705069125,6.95899696734059,199
"198",2018,2,6.99615384615385,13,7.1625,5,5,7.41666666666667,6.87,12,1,1,3,10,2810,2003,807,303,871,1939,6.98617265124555,7.28656515227159,6.24058878562577,6.3216501650165,7.04769230769231,6.95853798349664,200
"199",2018,3,4.875,12,5.4,4.5,5.125,4.75,4.9375,5,7,4,4,8,2822,2008,814,307,875,1947,6.97719530474841,7.28186752988048,6.22562057739558,6.30605863192183,7.03718857142857,6.95023376990241,201
"200",2018,4,7.13615384615385,13,7.40875,6.7,5.5,6.75,7.20636363636364,8,5,2,2,11,2835,2016,819,309,877,1958,6.97792421516755,7.28237103174603,6.22851666666667,6.30084142394822,7.03653363740023,6.95167270173646,202
"201",2018,5,7,10,7,NA,NA,7,7,10,0,0,2,8,2845,2026,819,309,879,1966,6.97800181019332,7.28097729516288,6.22851666666667,6.30084142394822,7.03645051194539,6.95186935401831,203
"202",2018,6,6.97333333333333,15,7.21666666666667,6,8,6.03333333333333,7.20833333333333,12,3,1,3,12,2860,2038,822,310,882,1978,6.97797732517483,7.28059862610402,6.22768266423358,6.30632258064516,7.03303854875284,6.95342525278058,204
"203",2018,7,6.98461538461538,13,6.8,7.6,7,7,6.98181818181818,10,3,1,2,11,2873,2048,825,311,884,1989,6.97800736164288,7.278251953125,6.23267290909091,6.30855305466238,7.03296380090498,6.95358227752639,205
"204",2018,8,5.75454545454545,11,6.825,5.14285714285714,6.25,NA,5.75454545454545,4,7,2,0,11,2884,2052,832,313,884,2000,6.97334089805825,7.27736842105263,6.22350378605769,6.30817891373802,7.03296380090498,6.946987575,206
"205",2018,9,6.70833333333333,12,6.85,6,NA,7.66666666666667,6.38888888888889,10,2,0,3,9,2896,2062,834,313,887,2009,6.97224280041437,7.27529582929195,6.2229678057554,6.30817891373802,7.03510710259301,6.94448738178198,207
"206",2018,10,6.83333333333333,12,7.07142857142857,6.5,7,7.25,6.75,7,5,2,2,10,2908,2069,839,315,889,2019,6.97166958390647,7.2746060898985,6.22461877234803,6.31257142857143,7.03559055118111,6.94352409608717,208
"207",2018,11,6.5,14,6.85,5.625,NA,5.25,6.70833333333333,10,4,0,2,12,2922,2079,843,315,891,2031,6.96940970225873,7.27256373256373,6.22177360616845,6.31257142857143,7.03158249158249,6.94213449039881,209
"208",2018,12,6.6375,8,7.36666666666667,6.2,5.66666666666667,6.36666666666667,6.8,3,5,3,3,5,2930,2082,848,318,894,2036,6.96850346416382,7.27269932756964,6.2216452240566,6.30647798742138,7.02935123042506,6.94178543713163,210
"209",2019,1,7.06190476190476,21,7.175,6.7,6.5,8,6.96315789473684,16,5,3,2,19,2951,2098,853,321,896,2055,6.96916812944764,7.27195424213537,6.22444917936694,6.30828660436137,7.03151785714286,6.94198304136253,211
"210",2019,2,7.33333333333333,6,7.4,7,7,7.5,7,5,1,1,4,2,2957,2103,854,322,900,2057,6.96990705106527,7.27225867807893,6.22535731850117,6.3104347826087,7.0336,6.94203945065629,212
"211",2019,3,6.66666666666667,9,7.2,6,5,6.5,6.71428571428571,5,4,2,2,7,2966,2108,858,324,902,2064,6.96898690155091,7.27208728652751,6.2243067016317,6.30234567901235,7.03241685144124,6.94126703003876,213
"212",2019,4,7.07692307692308,13,7.66666666666667,5.75,5.33333333333333,8,7,9,4,3,1,12,2979,2117,862,327,903,2076,6.96945792212152,7.27376476145489,6.2221057424594,6.29345565749236,7.03348837209303,6.94160652697495,214
"213",2019,5,6.625,8,6.78571428571429,5.5,5.5,7.5,6.33333333333333,7,1,1,2,6,2987,2124,863,328,905,2082,6.96853536993639,7.27215630885122,6.22126900347625,6.29103658536586,7.03451933701658,6.9398535782901,215
"214",2019,6,6.66666666666667,6,7.5,5,NA,7,6.6,4,2,0,1,5,2993,2128,865,328,906,2087,6.96793022051453,7.27258458646617,6.21844526011561,6.29103658536586,7.03448123620309,6.9390393627216,216
"215",2019,7,7.16666666666667,9,7.14285714285714,7.25,NA,7,7.21428571428571,7,2,0,2,7,3002,2135,867,328,908,2094,6.9685260326449,7.27215925058548,6.22082485582468,6.29103658536586,7.03440528634362,6.93995947946513,217
"216",2019,8,7,13,7.18181818181818,6,NA,8.5,6.33333333333333,11,2,0,4,9,3015,2146,869,328,912,2103,6.96866174129353,7.27169617893756,6.2203166283084,6.29103658536586,7.04083333333334,6.937363361864,218
"217",2019,9,6.89047619047619,21,7.28461538461538,6.25,5,6.5,6.93157894736842,13,8,3,2,19,3036,2159,877,331,914,2122,6.96812093214756,7.27177396943029,6.22058740022805,6.27933534743203,7.03964989059081,6.93731156927427,219
"218",2019,10,5.85714285714286,7,6,5.66666666666667,6,5,6,4,3,2,1,6,3043,2163,880,333,915,2128,6.96556528097272,7.26942209893666,6.21869903409091,6.27765765765766,7.03742076502733,6.93466877349624,220
"219",2019,11,7.68181818181818,11,7.85,6,6,NA,7.68181818181818,10,1,1,0,11,3054,2173,881,334,915,2139,6.96814510478062,7.27209387942936,6.21845079455165,6.27682634730539,7.03742076502733,6.93851105656849,221
"220",2019,12,6.8125,8,6.875,6.75,6.5,6.5,6.85714285714286,4,4,2,1,7,3062,2177,885,336,916,2146,6.967738455258,7.2713642627469,6.22085327683616,6.27815476190476,7.03683406113537,6.93824564305685,222
"221",2020,1,7.26190476190476,21,7.38235294117647,6.75,6.75,NA,7.26190476190476,17,4,2,0,21,3083,2194,889,338,916,2167,6.9697421829387,7.27222424794895,6.22323413948257,6.28094674556213,7.03683406113537,6.94138216428241,223
"222",2020,2,7.25588235294118,17,7.87307692307692,5.25,NA,8.5,6.98928571428571,13,4,0,3,14,3100,2207,893,338,919,2181,6.97131133870968,7.27576347983688,6.21887474804031,6.28094674556213,7.04161044613711,6.94168966070609,224
"223",2020,3,7,10,6.83333333333333,7.25,6,7.5,6.875,6,4,1,2,8,3110,2213,897,339,921,2189,6.971403585209,7.27456394035246,6.22347285395764,6.2801179941003,7.04260586319219,6.94144593421653,225
"224",2020,4,6.23214285714286,14,7,5.65625,5.5,7.1,6.16538461538462,6,8,6,1,13,3124,2219,905,345,922,2202,6.96809063700384,7.27382154123479,6.21845872928177,6.26655072463768,7.04266811279827,6.93686428247048,226
"225",2020,5,6.65714285714286,14,6.54545454545455,7.06666666666667,6.6,7.08333333333333,6.3375,11,3,2,6,8,3138,2230,908,347,928,2210,6.96670336201402,7.27022869955157,6.2212611784141,6.26847262247839,7.04293103448276,6.93469463800905,227
"226",2020,6,7.30769230769231,13,7.25,7.4,6,8,7.1,8,5,1,3,10,3151,2238,913,348,931,2220,6.96811017137417,7.2701563896336,6.22771648411829,6.26770114942529,7.04601503759399,6.93543925675675,228
"227",2020,7,6.96428571428571,7,6.95833333333333,7,NA,6.5,7.15,6,1,0,2,5,3158,2244,914,348,933,2225,6.9681016941102,7.26932263814617,6.22856143326039,6.26770114942529,7.04484458735263,6.93592141573033,229
"228",2020,8,6.88888888888889,9,7.8,5.75,5.66666666666667,NA,6.88888888888889,5,4,3,0,9,3167,2249,918,351,933,2234,6.96787658667509,7.27050244553135,6.22647619825708,6.2625641025641,7.04484458735263,6.93573193822739,230
"229",2020,9,6.4,12,7,5.56,5.15,5.65,6.55,7,5,2,2,10,3179,2256,923,353,935,2244,6.96573298206983,7.26966312056738,6.22286581798483,6.25626062322946,7.04186096256685,6.93401299019607,231
"230",2020,10,6.15,10,7.5,5.25,6,NA,6.15,4,6,2,0,10,3189,2260,929,355,935,2254,6.96317502351834,7.27007079646018,6.2165825080732,6.25481690140845,7.04186096256685,6.93053467169476,232
"231",2020,11,5.89411764705882,17,6,5.74285714285714,5.5,7.2,5.8125,10,7,4,1,16,3206,2270,936,359,936,2270,6.95750628509045,7.26447577092511,6.21303969017094,6.24640668523677,7.04202991452992,6.92265425110132,233
"232",2020,12,6.35714285714286,7,6.7,5.5,5,NA,6.35714285714286,5,2,1,0,7,3213,2275,938,360,936,2277,6.95619830376595,7.26323516483516,6.21151934968017,6.24294444444445,7.04202991452992,6.92091574440052,234
"233",2021,1,7.09090909090909,11,7.42857142857143,6.5,6,5,7.3,7,4,2,1,10,3224,2282,942,362,937,2287,6.95665792493797,7.26374233128834,6.21274432059448,6.24160220994475,7.03985058697973,6.92257330564057,235
"234",2021,2,7.425,8,7.9,6,NA,NA,7.425,6,2,0,0,8,3232,2288,944,362,937,2295,6.9578171875,7.26541083916084,6.2122935911017,6.24160220994475,7.03985058697973,6.92432468409586,236
"235",2021,3,6.55416666666667,12,6.73888888888889,6,4,4.5,6.965,9,3,1,2,10,3244,2297,947,363,939,2305,6.95632402897657,7.26334784501524,6.21162106652587,6.23542699724518,7.03444089456869,6.92450114967462,237
"236",2021,4,6.4,10,7.0625,3.75,NA,8.5,5.875,8,2,0,2,8,3254,2305,949,363,941,2313,6.95461436693301,7.26265075921909,6.2064332455216,6.23542699724518,7.03755579171095,6.92087122784263,238
"237",2021,5,7.375,8,8,6.33333333333333,5,6.5,7.66666666666667,5,3,1,2,6,3262,2310,952,364,943,2319,6.95564535561006,7.26424675324675,6.2068331407563,6.23203296703297,7.03641569459173,6.92280084087969,239
"238",2021,6,7.5,6,8,6.5,NA,NA,7.5,4,2,0,0,6,3268,2314,954,364,943,2325,6.95664478274174,7.26551858254106,6.20744774633124,6.23203296703297,7.03641569459173,6.92429038709677,240
"239",2021,7,6.13333333333333,9,6.4,4,NA,7,5.88571428571429,8,1,0,2,7,3277,2322,955,364,945,2332,6.95438362831858,7.26253660637382,6.20513628272251,6.23203296703297,7.03633862433863,6.92117287735849,241
"240",2021,8,6.54166666666667,12,7.1875,5.25,NA,3,6.86363636363636,8,4,0,1,11,3289,2330,959,364,946,2343,6.95287782000608,7.26227896995708,6.2011523983316,6.23203296703297,7.03207188160677,6.92090275288092,242
"241",2021,9,6.5,9,7.1,5.75,5.5,6.25,6.57142857142857,5,4,2,2,7,3298,2335,963,366,948,2350,6.95164194966646,7.26193147751606,6.19927845275182,6.22803278688525,7.03042194092827,6.91986176595745,243
"242",2021,10,5.625,8,6.25,5,5.66666666666667,5.5,5.66666666666667,4,4,3,2,6,3306,2339,967,369,950,2356,6.94843168481549,7.2602009405729,6.19431763185109,6.22346883468835,7.0272,6.91667026740237,244
"243",2021,11,6.57142857142857,7,6.9,5.75,4,7.5,6.41666666666667,5,2,1,1,6,3313,2344,969,370,951,2362,6.94763511922729,7.25943259385666,6.19340056759546,6.21745945945946,7.02769716088328,6.91540014817951,245
"244",2021,12,6.904,10,6.904,NA,8,8,6.78222222222222,10,0,1,1,9,3323,2354,969,371,952,2371,6.94750380680108,7.25792268479185,6.19340056759546,6.2222641509434,7.02871848739496,6.91489462252214,246
"245",2022,1,7.425,16,7.44615384615385,7.33333333333333,6.5,7.95,7.25,13,3,2,4,12,3339,2367,972,373,956,2383,6.94979189877209,7.25895648500211,6.19691887860082,6.22375335120644,7.03257322175733,6.91658210239194,247
"246",2022,2,7.25714285714286,7,7.96,5.5,NA,7.5,7.16,5,2,0,2,5,3346,2372,974,373,958,2388,6.95043489240885,7.26043423271501,6.19548783367556,6.22375335120644,7.0335490605428,6.91709177135678,248
"247",2022,3,6.25,8,6,7,7,6.33333333333333,6.2,6,2,2,3,5,3354,2378,976,375,961,2393,6.94876420691711,7.25725399495374,6.19713642418033,6.22789333333334,7.03136316337149,6.91559346009193,249
"248",2022,4,6.88888888888889,9,6.88888888888889,NA,NA,6,7,9,0,0,1,8,3363,2387,976,375,962,2401,6.94860396966994,7.2558651026393,6.19713642418033,6.22789333333334,7.03029106029106,6.91587469804248,250
"249",2022,5,6.71428571428571,7,6.8,6.5,6,7,6.66666666666667,5,2,1,1,6,3370,2392,978,376,963,2407,6.94811725519288,7.25491220735786,6.19775577709612,6.22728723404255,7.0302596053998,6.91525348982135,251
"250",2022,6,6.33333333333333,6,7.75,3.5,NA,NA,6.33333333333333,4,2,0,0,6,3376,2396,980,376,963,2413,6.94702462973934,7.2557387312187,6.19225015306122,6.22728723404255,7.0302596053998,6.91380652714463,252
"251",2022,7,7.33333333333333,6,7.6,6,6,6.75,7.625,5,1,1,2,4,3382,2401,981,377,965,2417,6.94770997930219,7.25645564348188,6.19205417940877,6.22668435013263,7.02967875647669,6.91498351261895,253
"252",2022,8,7.22222222222222,9,6.58333333333333,8.5,NA,6.5,7.42857142857143,6,3,0,2,7,3391,2407,984,377,967,2424,6.94843855794751,7.25477773161612,6.1990905995935,6.22668435013263,7.02858324715616,6.9164666460396,254
"253",2022,9,6.83333333333333,15,7.27272727272727,5.625,NA,8,6.65384615384615,11,4,0,2,13,3406,2418,988,377,969,2437,6.94793163534938,7.25485938792391,6.19676634615385,6.22668435013263,7.03058823529412,6.91506571604431,255
"254",2022,10,7.00369230769231,13,7.1548,6.5,6.75,8,6.92066666666667,10,3,2,1,12,3419,2428,991,379,970,2449,6.94814365311495,7.25444728171334,6.19768430877901,6.22944591029024,7.03158762886598,6.91509316047366,256
"255",2022,11,6.8,10,6.83333333333333,6.75,9,5.5,7.125,6,4,1,2,8,3429,2434,995,380,972,2457,6.94771162146398,7.25340920295809,6.19990467336683,6.23673684210526,7.02843621399177,6.91577661782662,257
"256",2022,12,6.6,10,6.83333333333333,6.25,7,NA,6.6,6,4,1,0,10,3439,2440,999,381,972,2467,6.94670053794708,7.2523762295082,6.20010525525526,6.23874015748032,7.02843621399177,6.91449661532225,258
