"","year","month","avg_rating","no_ratings","avg_rating_owned","avg_rating_not_owned","avg_rating_prev_owned","avg_rating_comment","avg_rating_no_comment","no_ratings_owned","no_ratings_not_owned","no_ratings_prev_owned","no_ratings_comment","no_ratings_no_comment","cum_no_ratings","cum_no_ratings_owned","cum_no_ratings_not_owned","cum_no_ratings_prev_owned","cum_no_ratings_comment","cum_no_ratings_no_comment","cum_avg_rating","cum_avg_rating_owned","cum_avg_rating_not_owned","cum_avg_rating_prev_owned","cum_avg_rating_comment","cum_avg_rating_no_comment","month_after_release"
"1",2012,5,7.39230769230769,104,7.78181818181818,6.95510204081633,7.05,7.4375,7.37875,55,49,18,24,80,104,55,49,18,24,80,7.39230769230769,7.78181818181818,6.95510204081633,7.05,7.4375,7.37875,0
"2",2012,6,7.28235294117647,34,7.45454545454545,7.2,7,7.75,7.18214285714286,11,23,7,6,28,138,66,72,25,30,108,7.36521739130435,7.72727272727273,7.03333333333333,7.036,7.5,7.32777777777778,1
"3",2012,7,7.32142857142857,42,7.68333333333333,7.05,6.375,7.68571428571429,7.24857142857143,18,24,4,7,35,180,84,96,29,37,143,7.355,7.71785714285714,7.0375,6.9448275862069,7.53513513513514,7.30839160839161,2
"4",2012,8,7.175155,38,7.6170356,6.32538461538462,5.5,7.02875,7.21419633333333,25,13,4,8,30,218,109,109,33,45,173,7.32365087155963,7.69473293577982,6.95256880733945,6.76969696969697,7.44511111111111,7.29205716763006,3
"5",2012,9,7.06756756756757,37,7.44117647058824,6.75,7.16666666666667,6.25,7.29310344827586,17,20,3,8,29,255,126,129,36,53,202,7.28649368627451,7.66052293650794,6.92116279069767,6.80277777777778,7.26471698113208,7.29220737623762,4
"6",2012,10,7.14146341463415,41,7.74090909090909,6.44736842105263,6,6.85,7.23548387096774,22,19,6,10,31,296,148,148,42,63,233,7.26640503378378,7.67247222972973,6.86033783783784,6.68809523809524,7.19888888888889,7.284660472103,5
"7",2012,11,7.02702702702703,37,7.83333333333333,6.47727272727273,6.64285714285714,6,7.15151515151515,15,22,7,4,33,333,163,170,49,67,266,7.23980747747748,7.68727539877301,6.81076470588235,6.68163265306122,7.12731343283582,7.26814244360902,6
"8",2012,12,7.3,32,7.74117647058824,6.8,6.25,7.625,7.19166666666667,17,15,4,8,24,365,180,185,53,75,290,7.24508463013699,7.69236605555555,6.80989189189189,6.64905660377358,7.1804,7.2618134137931,7
"9",2013,1,7.36666666666667,45,7.54583333333333,7.16190476190476,7.3625,7.85,7.22857142857143,24,21,8,10,35,410,204,206,61,85,325,7.258429,7.6751269117647,6.84577669902913,6.74262295081967,7.25917647058824,7.25823350769231,8
"10",2013,2,7.12258064516129,31,7.65,6.39230769230769,6.375,5.83333333333333,7.26071428571429,18,13,4,3,28,441,222,219,65,88,353,7.248879569161,7.67308959459459,6.81885844748858,6.72,7.21056818181818,7.25843028328612,9
"11",2013,3,7.18870967741935,31,8.23571428571429,6.88333333333333,7,7,7.234,7,24,6,6,25,472,229,243,71,94,378,7.24492773305085,7.69028772925764,6.82522633744856,6.74366197183098,7.19712765957447,7.25681452380952,10
"12",2013,4,6.746875,32,7.25,6.445,6.08333333333333,6.83333333333333,6.73793103448276,12,20,6,3,29,504,241,263,77,97,407,7.21330533730159,7.66836468879668,6.79631178707224,6.69220779220779,7.18587628865979,7.21984248157248,11
"13",2013,5,6.99583333333333,24,7.3,6.77857142857143,6.54,6.74,7.06315789473684,10,14,5,5,19,528,251,277,82,102,426,7.20342024621212,7.65368880478088,6.79541516245487,6.68292682926829,7.16401960784314,7.21285420187793,12
"14",2013,6,7.35555555555556,27,7.775,7.02,7,7.3,7.35769230769231,12,15,1,1,26,555,263,292,83,103,452,7.21082142342342,7.65922391634981,6.80695205479452,6.68674698795181,7.16533980582524,7.22118559734513,13
"15",2013,7,6.72142857142857,42,7.1,6.37727272727273,4.33333333333333,5.95,6.9625,20,22,3,10,32,597,283,314,86,113,484,7.17639177554439,7.61970279151943,6.77684713375796,6.6046511627907,7.05778761061947,7.20408241735537,14
"16",2013,8,7.6625,20,8,7.38636363636364,7.5,8.25,7.515625,9,11,2,4,16,617,292,325,88,117,500,7.19214893030794,7.63142428082192,6.79747692307692,6.625,7.09854700854701,7.21405178,15
"17",2013,9,6.78571428571429,28,7.8,6.22222222222222,6.83333333333333,3,7.07692307692308,10,18,3,2,26,645,302,343,91,119,526,7.17450525581395,7.63700625827815,6.76728862973761,6.63186813186813,7.02966386554622,7.20727355513308,16
"18",2013,10,6.81724137931035,29,7,6.68823529411765,6.6,6.5,6.91818181818182,12,17,7,7,22,674,314,360,98,126,548,7.15913336795252,7.61266207006369,6.76355555555555,6.62959183673469,7.0002380952381,7.19566768248175,17
"19",2013,11,7.188,25,7.52142857142857,6.76363636363636,5.83333333333333,6.25,7.36666666666667,14,11,3,4,21,699,328,371,101,130,569,7.16016579399142,7.60876795731707,6.76355795148248,6.60594059405941,6.97715384615385,7.20197871704745,18
"20",2013,12,6.86,35,7.88,6.452,7.3,6.75,6.89259259259259,10,25,6,8,27,734,338,396,107,138,596,7.14585271117166,7.6167925739645,6.74388888888889,6.64485981308411,6.96398550724638,7.18796290268457,19
"21",2014,1,7.4375,44,7.82608695652174,7.01190476190476,6.96428571428571,7.71428571428571,7.38513513513514,23,21,7,7,37,778,361,417,114,145,633,7.16234690231363,7.63012711911357,6.7573860911271,6.66447368421053,7.00020689655172,7.1994879778831,20
"22",2014,2,6.94848484848485,33,7.07692307692308,6.865,6.5,7.58333333333333,6.80740740740741,13,20,10,6,27,811,374,437,124,151,660,7.15364474722565,7.61089810160428,6.76231121281465,6.65120967741935,7.02337748344371,7.18344831818182,21
"23",2014,3,6.93571428571429,28,6.85,6.98333333333333,7.21875,6.375,6.97884615384615,10,18,8,2,26,839,384,455,132,153,686,7.14637174016687,7.591083046875,6.77105494505494,6.68560606060606,7.01490196078431,7.17569371720117,22
"24",2014,4,7.0225,20,6.7125,7.22916666666667,7.5625,6.8,7.09666666666667,8,12,4,5,15,859,392,467,136,158,701,7.14348764842841,7.57315278061224,6.78282655246253,6.71139705882353,7.00810126582279,7.17400269614836,23
"25",2014,5,6.295,20,7.08333333333333,5.95714285714286,6.5,4,6.41578947368421,6,14,3,1,19,879,398,481,139,159,720,7.12418189988623,7.5657685678392,6.75879417879418,6.7068345323741,6.98918238993711,7.15399429166667,24
"26",2014,6,6.97857142857143,14,7.4,6.74444444444444,7,7.375,6.82,5,9,3,4,10,893,403,490,142,163,730,7.12189909294513,7.56371188585608,6.7585306122449,6.71302816901408,6.99865030674847,7.14941902739726,25
"27",2014,7,6.88125,16,7.075,6.6875,6.83333333333333,7,6.84166666666667,8,8,3,4,12,909,411,498,145,167,742,7.11766324532453,7.55419924574209,6.75738955823293,6.71551724137931,6.99868263473054,7.14444190026954,26
"28",2014,8,6.625,26,7.10294117647059,5.72222222222222,5.83333333333333,7.5,6.46590909090909,17,9,6,4,22,935,428,507,151,171,764,7.10396351871658,7.53627544392523,6.73901380670611,6.68046357615894,7.01040935672515,7.1249029973822,27
"29",2014,9,6.89705882352941,17,7.51666666666667,6.55909090909091,4.5,NA,6.89705882352941,6,11,1,0,17,952,434,518,152,171,781,7.10026879201681,7.53600435483871,6.73519305019305,6.66611842105263,7.01040935672515,7.11994352112676,28
"30",2014,10,6.796,25,7,6.7,6.76666666666667,7.63333333333333,6.68181818181818,8,17,9,3,22,977,442,535,161,174,803,7.09248299897646,7.52630291855204,6.73407476635514,6.67173913043478,7.02114942528736,7.1079400871731,29
"31",2014,11,6.54642857142857,28,6.90769230769231,6.23333333333333,6.3,5.35714285714286,6.94285714285714,13,15,5,7,21,1005,455,550,166,181,824,7.07726954228856,7.50862832967033,6.72041818181818,6.6605421686747,6.9567955801105,7.10373287621359,30
"32",2014,12,6.80769230769231,26,7.11538461538461,6.5,6.375,6.5,6.84782608695652,13,13,4,3,23,1031,468,563,170,184,847,7.07047128031038,7.49770489316239,6.71532859680284,6.65382352941177,6.94934782608696,7.09678381345927,31
"33",2015,1,6.44651162790698,43,7.225,5.7695652173913,5.91666666666667,6.75,6.41538461538462,20,23,6,4,39,1074,488,586,176,188,886,7.04548965549348,7.48652846311475,6.67820819112628,6.62869318181818,6.94510638297872,7.06678994356659,32
"34",2015,2,6.975,20,7.55,6.4,6.625,6.58333333333333,7.14285714285714,10,10,4,6,14,1094,498,596,180,194,900,7.04420099634369,7.48780299196787,6.67354026845638,6.62861111111111,6.9339175257732,7.06797321111111,33
"35",2015,3,7.36315789473684,19,8.4,6.99285714285714,7.5,8,7.28823529411765,5,14,4,2,17,1113,503,610,184,196,917,7.04964590296496,7.49687055666004,6.68086885245902,6.64755434782609,6.94479591836735,7.07205658669575,34
"36",2015,4,6.23529411764706,17,6.07142857142857,6.35,6.66666666666667,7,6.13333333333333,7,10,3,2,15,1130,510,620,187,198,932,7.03739459292035,7.47730566666667,6.67553225806452,6.64786096256685,6.94535353535354,7.05694837982833,35
"37",2015,5,6.71875,24,7.66666666666667,5.77083333333333,6.25,3,7.05681818181818,12,12,4,2,22,1154,522,632,191,200,954,7.03076766897747,7.48165879310345,6.65835443037975,6.63952879581152,6.9059,7.05694537735849,36
"38",2015,6,6.95,22,7.725,6.77777777777778,6.875,NA,6.95,4,18,8,0,22,1176,526,650,199,200,976,7.02925670918367,7.48350929657795,6.66166153846154,6.64899497487437,6.9059,7.05453472336066,37
"39",2015,7,7.36333333333333,15,7.37777777777778,7.34166666666667,7,7.5,7.35357142857143,9,6,2,1,14,1191,535,656,201,201,990,7.03346422334173,7.48173063551402,6.66788109756098,6.65248756218906,6.90885572139304,7.05876352525252,38
"40",2015,8,7.34333333333333,15,7.81875,6.8,7,7.875,7.26153846153846,8,7,1,2,13,1206,543,663,202,203,1003,7.03731831674959,7.48669593001842,6.66927601809955,6.65420792079208,6.91837438423645,7.06139171485543,39
"41",2015,9,6.79411764705882,17,6.91666666666667,6.72727272727273,7,6.375,6.92307692307692,6,11,4,4,13,1223,549,674,206,207,1016,7.03393776778414,7.48046610200364,6.67022255192879,6.66092233009709,6.90787439613527,7.05962193897638,40
"42",2015,10,6.62666666666667,15,7.33333333333333,6.45,6.44285714285714,7.4,6.50769230769231,3,12,7,2,13,1238,552,686,213,209,1029,7.02900314216478,7.47966646739131,6.66637026239067,6.6537558685446,6.91258373205742,7.05264906705539,41
"43",2015,11,7.0275,20,8.16,6.65,7,7,7.02894736842105,5,15,6,1,19,1258,557,701,219,210,1048,7.02897924483307,7.48577359066427,6.66601997146933,6.66324200913242,6.913,7.05221936068702,42
"44",2015,12,7.03888888888889,18,7.5,6.4625,5,6.7,7.16923076923077,10,8,2,5,13,1276,567,709,221,215,1061,7.02911903605016,7.4860244973545,6.66372355430183,6.64819004524887,6.90804651162791,7.0536530537229,43
"45",2016,1,6.76666666666667,24,6.93333333333333,6.48888888888889,5,7.5,6.7,15,9,1,2,22,1300,582,718,222,217,1083,7.02427376153846,7.47177987972509,6.66153203342618,6.64076576576577,6.91350230414747,7.04646896583564,44
"46",2016,2,6.9225,20,7.38181818181818,6.36111111111111,8,7.5,6.85833333333333,11,9,1,2,18,1320,593,727,223,219,1101,7.02273173484849,7.47011111298482,6.65781292984869,6.64686098654709,6.91885844748858,7.04339317892825,45
"47",2016,3,6.88181818181818,11,7.625,6.45714285714286,6,7.16666666666667,6.775,4,7,3,3,8,1331,597,734,226,222,1109,7.02156716003005,7.47114889447236,6.65589918256131,6.63827433628319,6.92220720720721,7.04145706943192,46
"48",2016,4,6.90434782608696,23,7.34444444444444,6.62142857142857,7,5,6.99090909090909,9,14,1,1,22,1354,606,748,227,223,1131,7.01957598966027,7.46926714521452,6.65525401069519,6.63986784140969,6.91358744394619,7.04047381962865,47
"49",2016,5,6.965,20,7,6.93,6.5,NA,6.965,10,10,1,0,20,1374,616,758,228,223,1151,7.01878157933042,7.46164917207792,6.65887862796834,6.63925438596491,6.91358744394619,7.03916237185056,48
"50",2016,6,7.6,10,7.75,7.375,7,7.5,7.64285714285714,6,4,1,3,7,1384,622,762,229,226,1158,7.02298113439306,7.46443069131833,6.66263779527559,6.64082969432314,6.92137168141593,7.04281164939551,49
"51",2016,7,6.63666666666667,15,7.1,6.32777777777778,5.85,6,6.68214285714286,6,9,2,1,14,1399,628,771,231,227,1172,7.01883909220872,7.46094886942675,6.658728923476,6.63398268398269,6.9173127753304,7.03850331911263,50
"52",2016,8,6.42857142857143,14,8,6,6.5,5.5,6.58333333333333,3,11,2,2,12,1413,631,782,233,229,1184,7.01299072186836,7.46351171156894,6.64946291560102,6.63283261802575,6.90493449781659,7.0338901097973,51
"53",2016,9,6.64473684210526,19,6.95833333333333,6.5,7,6.625,6.64705882352941,6,13,6,2,17,1432,637,795,239,231,1201,7.00810467178771,7.45875335949765,6.64701886792453,6.64205020920502,6.90251082251082,7.02841456286428,52
"54",2016,10,6.70384615384615,26,6.94444444444444,6.57647058823529,6.5,6.7,6.7047619047619,9,17,3,5,21,1458,646,812,242,236,1222,7.00267893689986,7.45158806501548,6.64554187192118,6.64028925619835,6.89822033898305,7.02285261047463,53
"55",2016,11,6.6,26,7.07857142857143,6.04166666666667,6,6.375,6.64090909090909,14,12,5,4,22,1484,660,824,247,240,1244,6.99562391509434,7.44367559090909,6.63674757281553,6.62732793522267,6.8895,7.01609798231511,54
"56",2016,12,6.08333333333333,15,7,5.85416666666667,6.75,7.375,5.88461538461539,3,12,1,2,13,1499,663,836,248,242,1257,6.98649492328219,7.44166800904978,6.62551435406699,6.62782258064516,6.89351239669421,7.0043960938743,55
"57",2017,1,7.003125,16,7.53125,6.475,6,9,6.87,8,8,1,1,15,1515,671,844,249,243,1272,6.98667055445544,7.44273605067064,6.62408767772512,6.62530120481928,6.90218106995885,7.00281123427673,56
"58",2017,2,7.01428571428571,14,7.17142857142857,6.85714285714286,8.5,7,7.01538461538462,7,7,1,1,13,1529,678,851,250,244,1285,6.98692340745585,7.43993494100295,6.62600470035253,6.6328,6.90258196721311,7.00293843579766,57
"59",2017,3,6.98214285714286,14,7,6.97222222222222,7.25,7,6.97916666666667,5,9,4,2,12,1543,683,860,254,246,1297,6.98688003240441,7.43671433382138,6.62962790697674,6.64251968503937,6.90337398373984,7.00271849653045,58
"60",2017,4,7.05625,16,7.15,6.9,5,NA,7.05625,10,6,1,0,16,1559,693,866,255,246,1313,6.9875919756254,7.43257704184704,6.63150115473441,6.63607843137255,6.90337398373984,7.00337082254379,59
"61",2017,5,6.58095238095238,21,6.97,6.22727272727273,6.75,4.16666666666667,6.98333333333333,10,11,2,3,18,1580,703,877,257,249,1331,6.9821872721519,7.42599699857753,6.62643101482326,6.63696498054475,6.8704016064257,7.00309984222389,60
"62",2017,6,6.73333333333333,12,7.16,6.42857142857143,6.66666666666667,NA,6.73333333333333,5,7,3,0,12,1592,708,884,260,249,1343,6.98031148869347,7.42411848870057,6.62486425339367,6.63730769230769,6.8704016064257,7.00068941921072,61
"63",2017,7,7.70833333333333,12,8.16666666666667,7.25,7,7.5,7.75,6,6,1,2,10,1604,714,890,261,251,1353,6.9857580361596,7.43035838935574,6.62907865168539,6.63869731800766,6.87541832669323,7.00622756097561,62
"64",2017,8,7.075,20,7.3,6.85,6.5,7.25,7.05555555555556,10,10,2,2,18,1624,724,900,263,253,1371,6.98685707512315,7.42855785911602,6.63153333333333,6.63764258555133,6.87837944664032,7.00687519328957,63
"65",2017,9,7.04285714285714,14,7.2,6.83333333333333,NA,8,6.96923076923077,8,6,0,1,13,1638,732,906,263,254,1384,6.98733570818071,7.4260599590164,6.63286975717439,6.63764258555133,6.88279527559055,7.00652159682081,64
"66",2017,10,6.25,12,6.6,6,NA,6,6.27272727272727,5,7,0,1,11,1650,737,913,263,255,1395,6.98197326666667,7.42045575305292,6.62801752464403,6.63764258555133,6.87933333333333,7.00073540501792,65
"67",2017,11,6.96666666666667,24,6.98333333333333,6.95,6.6,5.83333333333333,7.12857142857143,12,12,5,3,21,1674,749,925,268,258,1416,6.9817538172043,7.41345245660882,6.63219459459459,6.63694029850746,6.86717054263566,7.00263127824859,66
"68",2017,12,6.99166666666667,12,7.42857142857143,6.38,6.9,7,6.99090909090909,7,5,2,1,11,1686,756,930,270,259,1427,6.981824371293,7.41359244708995,6.63083870967742,6.63888888888889,6.8676833976834,7.00254091800981,67
"69",2018,1,6.83260869565217,23,6.96818181818182,6.70833333333333,6.31666666666667,7.125,6.77105263157895,11,12,6,4,19,1709,767,942,276,263,1446,6.97981620245758,7.40720455019557,6.63182590233546,6.63188405797102,6.87159695817491,6.99949923236514,68
"70",2018,2,7.18181818181818,11,7.8,6.66666666666667,7,7,7.2,5,6,1,1,10,1720,772,948,277,264,1456,6.98110807558139,7.40974856217617,6.63204641350211,6.63321299638989,6.87208333333333,7.00087629807692,69
"71",2018,3,7.07142857142857,7,7.75,6.16666666666667,NA,NA,7.07142857142857,4,3,0,0,7,1727,776,951,277,264,1463,6.98147416907933,7.41150243556701,6.63057833859096,6.63321299638989,6.87208333333333,7.00121386876282,70
"72",2018,4,6.85,10,6.73333333333333,6.9,6,7.35,6.725,3,7,1,2,8,1737,779,958,278,266,1471,6.98071726540011,7.40889074454429,6.63254697286012,6.63093525179856,6.87567669172932,6.99971168592794,71
"73",2018,5,6.65714285714286,14,7.17142857142857,6.14285714285714,6,8,6.55384615384615,7,7,2,1,13,1751,786,965,280,267,1484,6.97813014848658,7.40677594147583,6.62899481865285,6.62642857142857,6.87988764044944,6.99580585579515,72
"74",2018,6,6.4,8,7.25,5.55,5.2,5.2,6.57142857142857,4,4,1,1,7,1759,790,969,281,268,1491,6.97550079022172,7.40598213924051,6.62454076367389,6.62135231316726,6.87361940298508,6.9938134741784,73
"75",2018,7,6.875,12,7.58333333333333,6.16666666666667,4,6,7.05,6,6,1,2,10,1771,796,975,282,270,1501,6.9748198136646,7.40731895728643,6.62172307692308,6.61205673758865,6.86714814814815,6.99418780146569,74
"76",2018,8,6.23076923076923,13,7,5.75,6,6,6.27272727272727,5,8,1,2,11,1784,801,983,283,272,1512,6.96939792040359,7.40477639200999,6.61462868769074,6.60989399293286,6.86077205882353,6.98893908068783,75
"77",2018,9,7,4,8,6,5,NA,7,2,2,1,0,4,1788,803,985,284,272,1516,6.96946638143177,7.40625889165629,6.6133807106599,6.60422535211268,6.86077205882353,6.9889682651715,76
"78",2018,10,6.66666666666667,9,7.25,2,NA,4.5,7.28571428571429,8,1,0,2,7,1797,811,986,284,274,1523,6.96794985531441,7.40471749691739,6.60870182555781,6.60422535211268,6.8435401459854,6.9903321667761,77
"79",2018,11,7.0625,16,7.5,6.72222222222222,6,7,7.06666666666667,7,9,2,1,15,1813,818,995,286,275,1538,6.96878427468285,7.40553287286064,6.60972864321608,6.6,6.84410909090909,6.99107665149545,78
"80",2018,12,6.92444444444444,9,7.05333333333333,6.66666666666667,NA,7.82,6.8125,6,3,0,1,8,1822,824,998,286,276,1546,6.96856525246981,7.4029683131068,6.6098997995992,6.6,6.84764492753623,6.99015258085382,79
"81",2019,1,6.86,10,6.625,7.01666666666667,NA,NA,6.86,4,6,0,0,10,1832,828,1004,286,276,1556,6.96797264737991,7.3992100120773,6.61233067729084,6.6,6.84764492753623,6.98931612467866,80
"82",2019,2,6.97,10,7.54,6.4,8,7.16666666666667,6.88571428571429,5,5,1,3,7,1842,833,1009,287,279,1563,6.96798365363735,7.40005509003602,6.61127849355798,6.60487804878049,6.8510752688172,6.98885213691619,81
"83",2019,3,6.83333333333333,9,7.7,5.75,6,7,6.75,5,4,1,3,6,1851,838,1013,288,282,1569,6.96732895191788,7.40184473747017,6.60787759131293,6.60277777777778,6.85265957446809,6.9879387444232,82
"84",2019,4,6.525,12,7.25,6.1625,6,7,6.48181818181818,4,8,1,1,11,1863,842,1021,289,283,1580,6.96447981213097,7.4011233847981,6.60438785504407,6.60069204152249,6.85318021201413,6.98441512025316,83
"85",2019,5,6.125,8,6.5,5.75,6,NA,6.125,4,4,1,0,8,1871,846,1025,290,283,1588,6.96089037413148,7.39686275413712,6.60105365853659,6.59862068965517,6.85318021201413,6.98008557304786,84
"86",2019,6,7.66666666666667,6,8,7,NA,NA,7.66666666666667,4,2,0,0,6,1877,850,1027,290,283,1594,6.96314645178476,7.39970104705882,6.6018305744888,6.59862068965517,6.85318021201413,6.98266994353827,85
"87",2019,7,7.3,6,8.5,6.7,6.8,7.93333333333333,6.66666666666667,2,4,1,3,3,1883,852,1031,291,286,1597,6.96421980350504,7.40228390845071,6.60221144519884,6.59931271477663,6.86451048951049,6.98207632435817,86
"88",2019,8,5.92857142857143,14,6.75,5.6,5,7,5.84615384615385,4,10,2,1,13,1897,856,1041,293,287,1610,6.95657664206642,7.39923585280374,6.59258405379443,6.58839590443686,6.86498257839721,6.9729042795031,87
"89",2019,9,7.48333333333333,6,7.96666666666667,7,6,7,7.58,3,3,1,1,5,1903,859,1044,294,288,1615,6.95823746190226,7.4012175669383,6.59375478927203,6.58639455782313,6.86545138888889,6.97478383281734,88
"90",2019,10,6.9375,8,7,6.9,7,NA,6.9375,3,5,1,0,8,1911,862,1049,295,288,1623,6.95815064887493,7.39982121809745,6.59521448999047,6.58779661016949,6.86545138888889,6.97460005545286,89
"91",2019,11,7.14444444444444,18,7.65,6.63888888888889,5,6,7.37333333333333,9,9,2,3,15,1929,871,1058,297,291,1638,6.95988900466563,7.40240630309989,6.59558601134215,6.57710437710438,6.85652920962199,6.97825145909646,90
"92",2019,12,6.8125,8,6.6,7.16666666666667,7,6,7.08333333333333,5,3,1,2,6,1937,876,1061,298,293,1644,6.959280273619,7.39782635844749,6.59720075400566,6.57852348993289,6.85068259385666,6.97863496958637,91
"93",2020,1,6.40909090909091,11,7,6.1875,5,6,6.45,3,8,1,1,10,1948,879,1069,299,294,1654,6.95617345482546,7.39646858930603,6.59413470533209,6.57324414715719,6.84778911564626,6.9754388694075,92
"94",2020,2,6.8,5,7.25,5,5,5,7.25,4,1,1,1,4,1953,883,1070,300,295,1658,6.95577362519201,7.39580508493771,6.59264485981308,6.568,6.84152542372881,6.97610126055489,93
"95",2020,3,7.16,5,7.66666666666667,6.4,NA,8,6.95,3,2,0,1,4,1958,886,1072,300,296,1662,6.95629514300306,7.3967222234763,6.59228544776119,6.568,6.84543918918919,6.97603844163658,94
"96",2020,4,6.70909090909091,11,6.66666666666667,6.76,6,6,6.78,6,5,1,1,10,1969,892,1077,301,297,1672,6.95491411376333,7.39181153587444,6.59306406685237,6.56611295681063,6.84259259259259,6.97486596291866,95
"97",2020,5,6.5625,8,7,6.41666666666667,6,6.5,6.58333333333333,2,6,1,2,6,1977,894,1083,302,299,1678,6.95332619625695,7.390935,6.59208679593721,6.56423841059603,6.84030100334448,6.97346596543504,96
"98",2020,6,6.85,10,7.33333333333333,6.64285714285714,5.66666666666667,6,6.94444444444444,3,7,3,1,9,1987,897,1090,305,300,1687,6.95280618520382,7.3907423522854,6.5924128440367,6.55540983606558,6.8375,6.973311138115,97
"99",2020,7,7.4875,8,7.75,7.225,NA,NA,7.4875,4,4,0,0,8,1995,901,1094,305,300,1695,6.954950320802,7.39233728079911,6.59472577696527,6.55540983606558,6.8375,6.97573798820059,98
"100",2020,8,6.92222222222222,9,8,6.06,6.15,8,6.61428571428571,4,5,2,2,7,2004,905,1099,307,302,1702,6.95480333832335,7.39502308287293,6.59229299363057,6.5527687296417,6.84519867549669,6.97425140423032,99
"101",2020,9,8.06,7,8.64,7.625,7.25,7,8.23666666666667,3,4,2,1,6,2011,908,1103,309,303,1708,6.95865036797613,7.39913644273128,6.59603807796918,6.55728155339806,6.8457095709571,6.97868611826698,100
"102",2020,10,6.79166666666667,12,6.875,6.75,7.5,7.375,6.5,4,8,2,4,8,2023,912,1111,311,307,1716,6.95765985664854,7.39683759868421,6.59714671467147,6.56334405144695,6.85260586319218,6.97645448135198,101
"103",2020,11,6.98333333333333,12,7.86,6.35714285714286,6,7.5,6.93636363636364,5,7,2,1,11,2035,917,1118,313,308,1727,6.95781124815725,7.39936302071974,6.59564400715564,6.55974440894569,6.85470779220779,6.97619912565142,102
"104",2020,12,6.75,8,7.35,5.75,6.75,9,6.42857142857143,5,3,1,1,7,2043,922,1121,314,309,1734,6.95699749877631,7.39909532537961,6.59338090990187,6.56035031847134,6.86165048543689,6.97398840253748,103
"105",2021,1,6.66666666666667,6,6.66666666666667,6.66666666666667,7,NA,6.66666666666667,3,3,1,0,6,2049,925,1124,315,309,1740,6.9561473352855,7.39671988108108,6.59357651245552,6.56174603174603,6.86165048543689,6.97292867241379,104
"106",2021,2,6.46923076923077,13,6.66666666666667,6.41,5,7,6.425,3,10,1,1,12,2062,928,1134,316,310,1752,6.95307754122211,7.39435979525862,6.59195767195767,6.55680379746836,6.86209677419355,6.96917573630137,105
"107",2021,3,6.5,9,7.41666666666667,4.66666666666667,5,6,6.64285714285714,6,3,2,2,7,2071,934,1137,318,312,1759,6.95110859005311,7.39450309421842,6.58687774846086,6.54701257861635,6.85657051282051,6.96787714042069,106
"108",2021,4,6.3125,8,6.5,6.2,NA,NA,6.3125,3,5,0,0,8,2079,937,1142,318,312,1767,6.94865122174122,7.39163915688367,6.58518388791594,6.54701257861635,6.85657051282051,6.96490995472552,107
"109",2021,5,6.4,5,7,6,5,NA,6.4,2,3,1,0,5,2084,939,1145,319,312,1772,6.94733488003839,7.39080499467519,6.58365065502183,6.54216300940439,6.85657051282051,6.96331596501128,108
"110",2021,6,6.7,5,7.125,5,NA,6,7.16666666666667,4,1,0,2,3,2089,943,1146,319,314,1775,6.94674288654859,7.38967750795334,6.58226876090751,6.54216300940439,6.85111464968153,6.96365965633803,109
"111",2021,7,6.64285714285714,7,6.75,6.5,6.5,7,6.5,4,3,2,2,5,2096,947,1149,321,316,1780,6.9457280009542,7.38697559662091,6.58205395996519,6.54190031152648,6.85205696202532,6.96235724157303,110
"112",2021,8,8.25,4,9,8,NA,9,8,1,3,0,1,3,2100,948,1152,321,317,1783,6.94821232857143,7.38867709915612,6.58574652777778,6.54190031152648,6.85883280757098,6.96410313516545,111
"113",2021,9,7.12857142857143,7,7.78,5.5,6,8,6.98333333333333,5,2,1,1,6,2107,953,1154,322,318,1789,6.9488115282392,7.39073020986359,6.58386481802426,6.54021739130435,6.8624213836478,6.96416762996087,112
"114",2021,10,7.375,4,NA,7.375,7,NA,7.375,0,4,1,0,4,2111,953,1158,323,318,1793,6.94961908574135,7.39073020986359,6.586597582038,6.54164086687307,6.8624213836478,6.9650841550474,113
"115",2021,11,6.86666666666667,6,6.375,7.85,NA,NA,6.86666666666667,4,2,0,0,6,2117,957,1160,323,318,1799,6.94938398205007,7.38648473354232,6.58877586206897,6.54164086687307,6.8624213836478,6.96475591439689,114
"116",2021,12,6.18571428571429,7,6.1,6.25,7,NA,6.18571428571429,3,4,1,0,7,2124,960,1164,324,318,1806,6.94686717984934,7.38246446875,6.5876116838488,6.54305555555556,6.8624213836478,6.96173637320044,115
"117",2022,1,6.71428571428571,7,7.5,6.4,6,8,6.5,2,5,3,1,6,2131,962,1169,327,319,1812,6.94610318629751,7.38270882536383,6.58680923866553,6.53807339449541,6.86598746081505,6.96020744481236,116
"118",2022,2,6,5,7,5.33333333333333,NA,NA,6,2,3,0,0,5,2136,964,1172,327,319,1817,6.9438885252809,7.38191482365145,6.58360068259386,6.53807339449541,6.86598746081505,6.95756515685195,117
"119",2022,3,6.37,5,7.25,5.78333333333333,NA,NA,6.37,2,3,0,0,5,2141,966,1175,327,319,1822,6.94254829051845,7.38164170807454,6.58155744680851,6.53807339449541,6.86598746081505,6.95595273874863,118
"120",2022,4,7.09090909090909,11,7.42857142857143,6.5,6.5,7,7.1,7,4,2,1,10,2152,973,1179,329,320,1832,6.94330664033457,7.381979331963,6.58128074639525,6.53784194528876,6.86640625,6.95673902292576,119
"121",2022,5,6.89333333333333,15,7.35714285714286,6.4875,NA,7.2,6.84615384615385,7,8,0,2,13,2167,980,1187,329,322,1845,6.94296072450392,7.38180192857143,6.58064869418703,6.53784194528876,6.86847826086957,6.95595983197832,120
"122",2022,6,7.375,4,8.75,6,5,10,6.5,2,2,1,1,3,2171,982,1189,330,323,1848,6.9437567434362,7.38458848268839,6.57967199327166,6.53318181818182,6.878173374613,6.95521963744589,121
"123",2022,7,7.58333333333333,6,8.33333333333333,6.83333333333333,NA,9,6.875,3,3,0,2,4,2177,985,1192,330,325,1852,6.94551947175011,7.38747806091371,6.58031040268456,6.53318181818182,6.89123076923077,6.95504637688985,122
"124",2022,8,6.61111111111111,9,6.41666666666667,7,NA,6.5,6.625,6,3,0,1,8,2186,991,1195,330,326,1860,6.94414267612077,7.3816002926337,6.5813640167364,6.53318181818182,6.89003067484663,6.95362682258064,123
"125",2022,9,6.625,8,6.7,6.5,NA,NA,6.625,5,3,0,0,8,2194,996,1198,330,326,1868,6.94297898359161,7.37817860441767,6.58116026711185,6.53318181818182,6.89003067484663,6.95221942719486,124
"126",2022,10,6.8,5,7,6.66666666666667,NA,7,6.75,2,3,0,1,4,2199,998,1201,330,327,1872,6.94265388358344,7.37742073146293,6.58137385512073,6.53318181818182,6.89036697247706,6.95178733440171,125
"127",2022,11,6.73333333333333,6,8.2,6,4,5.5,7.35,2,4,1,2,4,2205,1000,1205,331,329,1876,6.94208430385487,7.37906589,6.57944398340249,6.52552870090635,6.88191489361702,6.95263640191897,126
"128",2022,12,6.83333333333333,6,7.33333333333333,6.33333333333333,5,NA,6.83333333333333,3,3,1,0,6,2211,1003,1208,332,329,1882,6.94178918588874,7.37892910269192,6.57883278145695,6.52093373493976,6.88191489361702,6.95225605207226,127
