"","year","month","avg_rating","no_ratings","avg_rating_owned","avg_rating_not_owned","avg_rating_prev_owned","avg_rating_comment","avg_rating_no_comment","no_ratings_owned","no_ratings_not_owned","no_ratings_prev_owned","no_ratings_comment","no_ratings_no_comment","cum_no_ratings","cum_no_ratings_owned","cum_no_ratings_not_owned","cum_no_ratings_prev_owned","cum_no_ratings_comment","cum_no_ratings_no_comment","cum_avg_rating","cum_avg_rating_owned","cum_avg_rating_not_owned","cum_avg_rating_prev_owned","cum_avg_rating_comment","cum_avg_rating_no_comment","month_after_release"
"1",2004,8,9,2,9,NA,NA,10,8,2,0,0,1,1,2,2,0,0,1,1,9,9,NA,NA,10,8,-2
"2",2004,9,9,1,9,NA,NA,NA,9,1,0,0,0,1,3,3,0,0,1,2,9,9,NA,NA,10,8.5,-1
"3",2004,10,5.6,5,7,5.25,NA,5.66666666666667,5.5,1,4,0,3,2,8,4,4,0,4,4,6.875,8.5,5.25,NA,6.75,7,0
"4",2004,11,7.32727272727273,11,7.32727272727273,NA,NA,7.36,7,11,0,0,10,1,19,15,4,0,14,5,7.13684210526316,7.64,5.25,NA,7.18571428571429,7,1
"5",2004,12,7.17857142857143,14,7.45,6.5,7,6.7,7.44444444444444,10,4,1,5,9,33,25,8,1,19,14,7.15454545454545,7.564,5.875,7,7.05789473684211,7.28571428571429,2
"6",2005,1,6.36666666666667,15,7.1875,5.42857142857143,7,6.16666666666667,6.5,8,7,1,6,9,48,33,15,2,25,23,6.90833333333333,7.47272727272727,5.66666666666667,7,6.844,6.97826086956522,3
"7",2005,2,6.625,12,7.25,6,NA,6.3125,7.25,6,6,0,8,4,60,39,21,2,33,27,6.85166666666667,7.43846153846154,5.76190476190476,7,6.71515151515152,7.01851851851852,4
"8",2005,3,6.85294117647059,17,7.11538461538461,6,NA,6.85,6.85714285714286,13,4,0,10,7,77,52,25,2,43,34,6.85194805194805,7.35769230769231,5.8,7,6.74651162790698,6.98529411764706,5
"9",2005,4,7.21428571428571,14,7.16666666666667,7.3,7.5,7.3,7.16666666666667,9,5,1,5,9,91,61,30,3,48,43,6.90769230769231,7.32950819672131,6.05,7.16666666666667,6.80416666666667,7.02325581395349,6
"10",2005,5,6.525,12,7.16666666666667,5.88333333333333,NA,6.5,6.53333333333333,6,6,0,3,9,103,67,36,3,51,52,6.86310679611651,7.31492537313433,6.02222222222222,7.16666666666667,6.78627450980392,6.93846153846154,7
"11",2005,6,6.25,6,7.25,5.75,NA,5.5,6.625,2,4,0,2,4,109,69,40,3,53,56,6.82935779816514,7.31304347826087,5.995,7.16666666666667,6.7377358490566,6.91607142857143,8
"12",2005,7,6.48214285714286,14,7.25,6.05555555555556,6,6.40625,6.58333333333333,5,9,2,8,6,123,74,49,5,61,62,6.78983739837398,7.30878378378378,6.00612244897959,6.7,6.69426229508197,6.88387096774194,9
"13",2005,8,6.61111111111111,9,6.91666666666667,6,NA,6.28571428571429,7.75,6,3,0,7,2,132,80,52,5,68,64,6.77765151515152,7.279375,6.00576923076923,6.7,6.65220588235294,6.9109375,10
"14",2005,9,6.71944444444444,18,6.68846153846154,6.8,NA,6.99,6.61538461538461,13,5,0,5,13,150,93,57,5,73,77,6.77066666666667,7.19677419354839,6.07543859649123,6.7,6.67534246575342,6.86103896103896,11
"15",2005,10,6.35,10,6.375,6.25,NA,6.58333333333333,6,8,2,0,6,4,160,101,59,5,79,81,6.744375,7.13168316831683,6.08135593220339,6.7,6.66835443037975,6.81851851851852,12
"16",2005,11,6.78125,16,7,6.5,7,7.33333333333333,6.45,9,7,1,6,10,176,110,66,6,85,91,6.74772727272727,7.12090909090909,6.12575757575758,6.75,6.71529411764706,6.77802197802198,13
"17",2005,12,6.69,10,6.83333333333333,6.62857142857143,7.2,7.2,6.5625,3,7,2,2,8,186,113,73,8,87,99,6.74462365591398,7.11327433628319,6.17397260273973,6.8625,6.72643678160919,6.76060606060606,14
"18",2006,1,7.05714285714286,14,7.18,6.75,6.5,7,7.16,10,4,2,9,5,200,123,77,10,96,104,6.7665,7.11869918699187,6.2038961038961,6.79,6.75208333333333,6.77980769230769,15
"19",2006,2,7.18333333333333,15,7.61363636363636,6,NA,6.84375,7.57142857142857,11,4,0,8,7,215,134,81,10,104,111,6.79558139534884,7.15932835820896,6.19382716049383,6.79,6.75913461538461,6.82972972972973,16
"20",2006,3,6.81818181818182,11,7,6,NA,7.16666666666667,6.4,9,2,0,6,5,226,143,83,10,110,116,6.7966814159292,7.1493006993007,6.18915662650602,6.79,6.78136363636364,6.81120689655172,17
"21",2006,4,6.5,15,7,5.92857142857143,5.5,6.42857142857143,6.5625,8,7,2,7,8,241,151,90,12,117,124,6.77821576763486,7.14139072847682,6.16888888888889,6.575,6.76025641025641,6.79516129032258,18
"22",2006,5,7.04642857142857,14,7.25,6.84285714285714,8,7.28,6.91666666666667,7,7,1,5,9,255,158,97,13,122,133,6.79294117647059,7.14620253164557,6.21752577319588,6.68461538461538,6.78155737704918,6.80338345864662,19
"23",2006,6,6.94444444444444,9,7.1875,5,NA,6.92857142857143,7,8,1,0,7,2,264,166,98,13,129,135,6.79810606060606,7.14819277108434,6.20510204081633,6.68461538461538,6.78953488372093,6.8062962962963,20
"24",2006,7,6.46666666666667,15,6.875,6,6,6.5,6.42857142857143,8,7,2,8,7,279,174,105,15,137,142,6.78028673835126,7.13563218390805,6.19142857142857,6.59333333333333,6.77262773722628,6.78767605633803,21
"25",2006,8,6.8,15,7.25,6.28571428571429,7,7.14285714285714,6.5,8,7,1,7,8,294,182,112,16,144,150,6.7812925170068,7.14065934065934,6.19732142857143,6.61875,6.790625,6.77233333333333,22
"26",2006,9,6.4625,16,6.77142857142857,6.22222222222222,NA,6.425,6.5,7,9,0,8,8,310,189,121,16,152,158,6.76483870967742,7.12698412698413,6.19917355371901,6.61875,6.77138157894737,6.75854430379747,23
"27",2006,10,6.26875,16,7,5.93636363636364,5,6.33333333333333,6.18571428571429,5,11,1,9,7,326,194,132,17,161,165,6.74049079754601,7.12371134020619,6.17727272727273,6.52352941176471,6.74689440993789,6.73424242424242,24
"28",2006,11,5.7,20,6.57142857142857,5.23076923076923,6.5,5.16666666666667,6.13636363636364,7,13,2,9,11,346,201,145,19,170,176,6.68034682080925,7.1044776119403,6.09241379310345,6.52105263157895,6.66323529411765,6.696875,25
"29",2006,12,6.685,20,6.87,6.5,6,6.9625,6.5,10,10,2,8,12,366,211,155,21,178,188,6.68060109289617,7.09336492890995,6.11870967741935,6.47142857142857,6.67668539325843,6.6843085106383,26
"30",2007,1,6.35714285714286,28,7.16666666666667,5.75,6,6.38461538461539,6.33333333333333,12,16,2,13,15,394,223,171,23,191,203,6.65761421319797,7.09730941704036,6.08421052631579,6.4304347826087,6.65680628272251,6.65837438423645,27
"31",2007,2,7.1084575,12,7.25,6.966915,7.66666666666667,7.875,6.72518625,6,6,3,4,8,406,229,177,26,195,211,6.67093963054187,7.10131004366812,6.11413271186441,6.57307692307692,6.68179487179487,6.66090753554502,28
"32",2007,3,7.01111111111111,9,6.75,7.53333333333333,7,8,6.72857142857143,6,3,1,2,7,415,235,180,27,197,218,6.67831684337349,7.09234042553191,6.13778605555556,6.58888888888889,6.69517766497462,6.6630802293578,29
"33",2007,4,7.13333333333333,15,7.66666666666667,6.33333333333333,NA,7.14285714285714,7.125,9,6,0,7,8,430,244,186,27,204,226,6.69418951162791,7.11352459016393,6.14409403225806,6.58888888888889,6.71053921568627,6.67943137168142,30
"34",2007,5,6.67777777777778,18,7.17142857142857,6.36363636363636,6.5,6.5,6.82,7,11,2,8,10,448,251,197,29,212,236,6.69353011160714,7.11513944223108,6.15635274111675,6.58275862068966,6.70259433962264,6.68538766949152,31
"35",2007,6,7.26666666666667,15,7.33333333333333,7,7,7.45,6.9,12,3,1,10,5,463,263,200,30,222,241,6.71209825053996,7.12509505703422,6.16900745,6.59666666666667,6.73626126126126,6.68984020746888,32
"36",2007,7,6.64705882352941,17,7.25,6.31818181818182,6,6.75,6.59090909090909,6,11,1,6,11,480,269,211,31,228,252,6.70979477083333,7.12788104089219,6.17678431279621,6.57741935483871,6.73662280701754,6.68552178571429,33
"37",2007,8,6.96428571428571,14,7.16666666666667,6.6,6.75,7.07142857142857,6.85714285714286,9,5,2,7,7,494,278,216,33,235,259,6.71700706477733,7.12913669064748,6.18658097222222,6.58787878787879,6.74659574468085,6.69016019305019,34
"38",2007,9,6.44444444444444,18,6.92857142857143,6.13636363636364,6.66666666666667,6.3125,6.55,7,11,3,8,10,512,285,227,36,243,269,6.70742478515625,7.12421052631579,6.18414753303965,6.59444444444444,6.73230452674897,6.68494977695167,35
"39",2007,10,6.75208333333333,24,7.27083333333333,6.23333333333333,7.33333333333333,6.81818181818182,6.69615384615385,12,12,3,11,13,536,297,239,39,254,282,6.70942442164179,7.13013468013468,6.18661711297071,6.65128205128205,6.73602362204724,6.68546627659574,36
"40",2007,11,6.40909090909091,22,7.04545454545455,5.77272727272727,6.5,6.2,6.47058823529412,11,11,2,5,17,558,308,250,41,259,299,6.69758331541219,7.12711038961039,6.16840596,6.64390243902439,6.72567567567568,6.67324913043478,37
"41",2007,12,6.38,25,6.75,5.90909090909091,6.75,6.36363636363636,6.39285714285714,14,11,2,11,14,583,322,261,43,270,313,6.68396481989708,7.11071428571429,6.15747697318008,6.64883720930233,6.71092592592593,6.66070763578275,38
"42",2008,1,6.2225,20,6.59,5.855,6.71,6.08333333333333,6.28214285714286,10,10,5,6,14,603,332,271,48,276,327,6.66865918739635,7.09503012048193,6.14631546125461,6.65520833333333,6.69728260869565,6.64449996941896,39
"43",2008,2,6.77272727272727,11,7.25,5.5,NA,7.1,6.5,8,3,0,5,6,614,340,274,48,281,333,6.67052359934853,7.09867647058824,6.13923901459854,6.65520833333333,6.70444839857651,6.64189636636637,40
"44",2008,3,6.785,20,7.21111111111111,6.43636363636364,7,6.6875,6.85,9,11,3,8,12,634,349,285,51,289,345,6.67413484227129,7.10157593123209,6.15070698245614,6.67549019607843,6.70397923875433,6.64913475362319,41
"45",2008,4,7,15,7,7,NA,7.125,6.85714285714286,9,6,0,8,7,649,358,291,51,297,352,6.681666394453,7.09902234636872,6.16821817869416,6.67549019607843,6.71531986531987,6.65327127840909,42
"46",2008,5,6.88,25,7.27272727272727,6.57142857142857,7,6.75,6.96666666666667,11,14,3,10,15,674,369,305,54,307,367,6.68902298219584,7.10420054200542,6.18672619672131,6.69351851851852,6.71644951140065,6.66608035422343,43
"47",2008,6,6.375,16,7.14285714285714,5.77777777777778,NA,6.625,6.125,7,9,0,8,8,690,376,314,54,315,375,6.68174128985507,7.10492021276596,6.17500474522293,6.69351851851852,6.71412698412698,6.65453730666666,44
"48",2008,7,6.23333333333333,18,7.08,5.90769230769231,5.7,5.9,6.9,5,13,9,12,6,708,381,327,63,327,381,6.67034108757062,7.10459317585302,6.16437764525994,6.5515873015873,6.68425076452599,6.65840286089239,45
"49",2008,8,6.59130434782609,23,6.83846153846154,6.27,7,6.8,6.5,13,10,3,7,16,731,394,337,66,334,397,6.66785429548564,7.09581218274112,6.16751183976261,6.5719696969697,6.68667664670659,6.65201886649874,46
"50",2008,9,6.13157894736842,19,7.41666666666667,5.53846153846154,5.6,6.125,6.13636363636364,6,13,5,8,11,750,400,350,71,342,408,6.65426865333333,7.100625,6.14414711428571,6.50352112676056,6.67353801169591,6.63811639705882,47
"51",2008,10,6.63888888888889,18,7,6.07142857142857,5.375,6.35714285714286,6.81818181818182,11,7,4,7,11,768,411,357,75,349,419,6.65390819010417,7.09793187347932,6.1427212605042,6.44333333333333,6.66719197707736,6.64284365155131,48
"52",2008,11,6.59523809523809,21,7.33333333333333,6.04166666666667,5,6.1,6.75,9,12,3,5,16,789,420,369,78,354,435,6.65234662864385,7.10297619047619,6.13943493224932,6.38782051282051,6.65918079096045,6.64678503448276,49
"53",2008,12,6.88333333333333,15,6.8,6.925,6.75,7.25,6.79166666666667,5,10,5,3,12,804,425,379,83,357,447,6.65665608208955,7.09941176470588,6.16016224274406,6.40963855421687,6.6641456582633,6.65067447427293,50
"54",2009,1,6.40833333333333,24,7.28571428571429,6.04705882352941,6.58333333333333,6.57142857142857,6.34117647058823,7,17,6,7,17,828,432,396,89,364,464,6.64945832125604,7.10243055555556,6.15530679292929,6.42134831460674,6.66236263736264,6.63933510775862,51
"55",2009,2,5.83214285714286,28,6.25,5.6,5.5625,5.69230769230769,5.95333333333333,10,18,8,13,15,856,442,414,97,377,479,6.62272370327103,7.08314479638009,6.13116301932367,6.35051546391753,6.6289124668435,6.61785279749478,52
"56",2009,3,6.54545454545455,22,6.9,6.25,6.33333333333333,6.4375,6.60714285714286,10,12,3,8,14,878,452,426,100,385,493,6.62078757403189,7.07909292035398,6.1345105399061,6.35,6.62493506493507,6.61754866125761,53
"57",2009,4,6.2875,36,6.68181818181818,6.114,6.2,5.87083333333333,6.49583333333333,11,25,6,12,24,914,463,451,106,397,517,6.60766027352298,7.06965442764579,6.13337359201774,6.34150943396226,6.60214105793451,6.61189843326886,54
"58",2009,5,6.82357142857143,14,7.26,6.58111111111111,6.875,6.45833333333333,7.0975,5,9,2,6,8,928,468,460,108,403,525,6.61091755387931,7.07168803418804,6.14213367391304,6.35138888888889,6.6,6.61929807619048,55
"59",2009,6,6.93448275862069,29,7.03076923076923,6.85625,6.7,6.6125,7.05714285714286,13,16,6,8,21,957,481,476,114,411,546,6.6207225600836,7.07058212058212,6.16613758403361,6.36973684210526,6.60024330900243,6.63613826007326,56
"60",2009,7,6.18666666666667,15,7,5.98333333333333,5,6.32857142857143,6.0625,3,12,1,7,8,972,484,488,115,418,554,6.61402416666667,7.07014462809918,6.16164239754098,6.35782608695652,6.59569377990431,6.62785467509025,57
"61",2009,8,7.15,14,7.20909090909091,6.93333333333333,6,7.625,6.96,11,3,1,4,10,986,495,491,116,422,564,6.62163437119676,7.07323232323233,6.16635741344196,6.35474137931035,6.60545023696682,6.63374377659574,58
"62",2009,9,6.84473684210526,19,6.95,6.75,6.625,6.82142857142857,6.85833333333333,9,10,4,7,12,1005,504,501,120,429,576,6.62585222885572,7.07103174603175,6.17800696606786,6.36375,6.60897435897436,6.63842272569444,59
"63",2009,10,6.56060606060606,33,7.16666666666667,6.21428571428571,6.05714285714286,6.825,6.476,12,21,7,8,25,1038,516,522,127,437,601,6.62377792870906,7.07325581395349,6.1794664559387,6.34685039370079,6.6129290617849,6.63166637271215,60
"64",2009,11,6.66666666666667,27,7.07692307692308,6.28571428571429,6.5,7.16666666666667,6.41666666666667,13,14,5,9,18,1065,529,536,132,446,619,6.62486524882629,7.07334593572779,6.1822415858209,6.35265151515152,6.62410313901345,6.62541436187399,61
"65",2009,12,6.628,25,7.07272727272727,6.27857142857143,6.4,6.5625,6.65882352941177,11,14,5,8,17,1090,540,550,137,454,636,6.62493714678899,7.07333333333334,6.18469361818182,6.3543795620438,6.62301762114537,6.62630737421384,62
"66",2010,1,6.71785714285714,28,7.36666666666667,5.96923076923077,5.4,6.26666666666667,6.84090909090909,15,13,4,6,22,1118,555,563,141,460,658,6.62726430232558,7.08126126126126,6.17971845470693,6.32730496453901,6.61836956521739,6.63348250759878,63
"67",2010,2,6.60526315789474,19,6.95,6.22222222222222,6,6.9,6.5,10,9,1,5,14,1137,565,572,142,465,672,6.62689664907652,7.07893805309735,6.18038722027972,6.325,6.62139784946237,6.63070162202381,64
"68",2010,3,6.13684210526316,19,6.91666666666667,5.77692307692308,5.9,6.28,6.08571428571429,6,13,5,5,14,1156,571,585,147,470,686,6.61884211937716,7.07723292469352,6.17142135042735,6.31054421768708,6.61776595744681,6.61957943148688,65
"69",2010,4,6.8047619047619,21,7.07,6.56363636363636,6.14,7.75,6.42666666666667,10,11,5,6,15,1177,581,596,152,476,701,6.62215929481733,7.07710843373494,6.17866021812081,6.30493421052632,6.63203781512605,6.61545148359486,66
"70",2010,5,6.8625,16,7.07777777777778,6.58571428571429,5,7.27142857142857,6.54444444444444,9,7,1,7,9,1193,590,603,153,483,710,6.62538264040235,7.0771186440678,6.18338555555556,6.29640522875817,6.64130434782609,6.6145513943662,67
"71",2010,6,7.10384615384615,13,7.58333333333333,6.69285714285714,6.925,7.5,7.03181818181818,6,7,2,2,11,1206,596,610,155,485,721,6.63054020729685,7.08221476510067,6.18923195081967,6.30451612903226,6.64484536082474,6.62091746185853,68
"72",2010,7,6.55,11,7,6.505,6.45,6.66666666666667,6.50625,1,10,4,3,8,1217,597,620,159,488,729,6.62981223500411,7.0820770519263,6.19432498387097,6.30817610062893,6.64497950819672,6.61965910836763,69
"73",2010,8,6.76315789473684,19,7.18181818181818,6.1875,6,6,7.03571428571429,11,8,3,5,14,1236,608,628,162,493,743,6.63186204692557,7.08388157894737,6.19423804140127,6.30246913580247,6.63843813387424,6.62749864064603,70
"74",2010,9,6.63846153846154,13,7.15714285714286,6.03333333333333,6.06666666666667,5.8,7.01111111111111,7,6,3,4,9,1249,615,634,165,497,752,6.63193073658927,7.08471544715448,6.19271528391167,6.29818181818182,6.63169014084507,6.63208974734042,71
"75",2010,10,6.60909090909091,11,7.04,6.25,6.5,6.25,6.68888888888889,5,6,3,2,9,1260,620,640,168,499,761,6.63173134126984,7.08435483870968,6.193252328125,6.30178571428572,6.63016032064128,6.6327614848883,72
"76",2010,11,6.33409090909091,22,7.075,5.91071428571429,5.7,7.1,6.10882352941176,8,14,5,5,17,1282,628,654,173,504,778,6.62662362714509,7.08423566878981,6.18720411314985,6.28439306358382,6.63482142857143,6.62131296915167,73
"77",2010,12,6.56,25,6.63333333333333,6.45,6.875,6.72222222222222,6.46875,15,10,4,9,16,1307,643,664,177,513,794,6.6253492654935,7.0737169517885,6.19116188253012,6.29774011299435,6.63635477582846,6.61823865239295,74
"78",2011,1,6.1975,20,6.65625,5.89166666666667,4.16666666666667,5.4,6.46333333333333,8,12,3,5,15,1327,651,676,180,518,809,6.61890089675961,7.06858678955454,6.18584539940828,6.26222222222222,6.62442084942085,6.6153664894932,75
"79",2011,2,6.73181818181818,11,6.63,6.81666666666667,6.9,6.9,6.715,5,6,1,1,10,1338,656,682,181,519,819,6.61982921524664,7.06524390243903,6.19139514662757,6.26574585635359,6.62495183044316,6.61658301587302,76
"80",2011,3,6.31818181818182,22,6.83333333333333,5.96153846153846,5,5.83333333333333,6.5,9,13,3,6,16,1360,665,695,184,525,835,6.614949625,7.0621052631579,6.18709566906475,6.24510869565218,6.61590476190476,6.61434908982036,77
"81",2011,4,6.46146153846154,13,6.5,6.437375,8,8,6.33325,5,8,1,1,12,1373,670,703,185,526,847,6.61349635105608,7.0579104477612,6.18994379800853,6.2545945945946,6.618536121673,6.61036657615112,78
"82",2011,5,6.425,20,6.54444444444444,6.32727272727273,5.75,6.5,6.41176470588235,9,11,2,3,17,1393,679,714,187,529,864,6.6107900143575,7.05110456553756,6.19205950980392,6.24919786096257,6.61786389413989,6.60645890046296,79
"83",2011,6,5.68,15,7,5.58571428571429,6.5,4.5,5.86153846153846,1,14,6,2,13,1408,680,728,193,531,877,6.60087392755682,7.05102941176471,6.18039902472527,6.25699481865285,6.60988700564972,6.59541675028506,80
"84",2011,7,6.4,17,6.75,6.20909090909091,5.95,7.26666666666667,6.21428571428571,6,11,4,3,14,1425,686,739,197,534,891,6.59847753684211,7.04839650145773,6.18082610284168,6.2507614213198,6.61357677902622,6.58942815937149,81
"85",2011,8,6.68,15,7.275,6,6,7.03333333333333,6.44444444444444,8,7,2,6,9,1440,694,746,199,540,900,6.59932672916667,7.05100864553314,6.17912934316354,6.24824120603015,6.61824074074074,6.58797832222222,82
"86",2011,9,6.32142857142857,14,7.5,5.85,5,5.5,6.77777777777778,4,10,2,5,9,1454,698,756,201,545,909,6.5966509559835,7.05358166189112,6.17477578042328,6.23582089552239,6.60798165137615,6.58985752475247,83
"87",2011,10,6.85294117647059,17,7.11111111111111,6.5625,6.83333333333333,6.83333333333333,6.85714285714286,9,8,3,3,14,1471,707,764,204,548,923,6.59961284160435,7.05431400282886,6.17883571989529,6.24460784313726,6.60921532846715,6.59391169014084,84
"88",2011,11,6.81052631578947,19,6.96875,6.69545454545455,6.5,6.60714285714286,6.92916666666667,8,11,3,7,12,1490,715,775,207,555,935,6.60230234228188,7.05335664335665,6.18616837419355,6.24830917874396,6.60918918918919,6.59821442780749,85
"89",2011,12,6.9,11,7.34285714285714,6.125,6.5,6.125,7.34285714285714,7,4,1,4,7,1501,722,779,208,559,942,6.60448400399734,7.05616343490305,6.18585428754814,6.24951923076923,6.60572450805009,6.60374786624204,86
"90",2012,1,6.9,25,7.1375,6.47777777777778,6.33333333333333,7.16666666666667,6.81578947368421,16,9,3,6,19,1526,738,788,211,565,961,6.60932535386632,7.05792682926829,6.18918843908629,6.25071090047394,6.6116814159292,6.60794015608741,87
"91",2012,2,6.10588235294118,17,6.75555555555556,5.375,6,4,6.38666666666667,9,8,2,2,15,1543,747,796,213,567,976,6.60377867141931,7.05428380187417,6.18100564070352,6.24835680751174,6.60246913580247,6.60453943647541,88
"92",2012,3,6.04166666666667,12,7,4.7,4.625,5,6.38888888888889,7,5,4,3,9,1555,754,801,217,570,985,6.59944082958199,7.05377984084881,6.1717609113608,6.2184331797235,6.5940350877193,6.60256902538071,89
"93",2012,4,6.44444444444444,9,7.1,5.625,6.25,6.75,6.35714285714286,5,4,2,2,7,1564,759,805,219,572,992,6.59854890664962,7.05408432147563,6.16904408695652,6.21872146118722,6.59458041958042,6.6008371875,90
"94",2012,5,6.72727272727273,11,7.42857142857143,5.5,5.66666666666667,6,7,7,4,3,3,8,1575,766,809,222,575,1000,6.59944793015873,7.05750652741515,6.1657360815822,6.21126126126126,6.59147826086957,6.60403049,91
"95",2012,6,6.83333333333333,12,6.875,6.75,7,NA,6.83333333333333,8,4,1,0,12,1587,774,813,223,575,1012,6.60121643982357,7.05562015503876,6.16861068880689,6.21479820627803,6.59147826086957,6.60674949604743,92
"96",2012,7,6.25416666666667,12,6.75,5.75833333333333,6,5.96666666666667,6.35,6,6,2,3,9,1599,780,819,225,578,1021,6.5986119387117,7.05326923076923,6.16560499389499,6.21288888888889,6.58823529411765,6.60448627815867,93
"97",2012,8,7.07307692307692,13,7.74,6.65625,6.625,7.66666666666667,6.895,5,8,4,3,10,1612,785,827,229,581,1031,6.60243826923077,7.05764331210191,6.17035125755744,6.22008733624454,6.59380378657487,6.60730406401552,94
"98",2012,9,7.14615384615385,13,8,6.6125,6.125,7.6,6.8625,5,8,4,5,8,1625,790,835,233,586,1039,6.60678799384615,7.06360759493671,6.17458741317365,6.21845493562232,6.60238907849829,6.60926899903753,95
"99",2012,10,6.61764705882353,17,6.64285714285714,6.6,6.5,6.4,6.70833333333333,7,10,4,5,12,1642,797,845,237,591,1051,6.60690042021925,7.0599121706399,6.1796218816568,6.22320675105485,6.60067681895093,6.61040008563273,96
"100",2012,11,6.035,20,6.58333333333333,5.8,5.74,4.66666666666667,6.27647058823529,6,14,5,3,17,1662,803,859,242,594,1068,6.60001834536703,7.05635118306351,6.17343479627474,6.21322314049587,6.59090909090909,6.60508472846442,97
"101",2012,12,6.0625,8,7,5.5,NA,4.83333333333333,6.8,3,5,0,3,5,1670,806,864,242,597,1073,6.59744340718563,7.05614143920596,6.16953760416667,6.21322314049587,6.5820770519263,6.60599300093196,98
"102",2013,1,6.27411764705882,17,6.74,5.75,NA,6.33333333333333,6.24181818181818,9,8,0,6,11,1687,815,872,242,603,1084,6.59418523414345,7.05265030674847,6.1656886353211,6.21322314049587,6.57960199004975,6.6022975,99
"103",2013,2,6.85,12,7.5,6.72,7.5,6.7,6.95714285714286,2,10,1,5,7,1699,817,882,243,608,1091,6.59599204826369,7.05374541003672,6.1719733446712,6.21851851851852,6.58059210526316,6.60457423464711,100
"104",2013,3,6.51052631578947,19,7.14444444444444,5.94,5.5,7.05,6.26153846153846,9,10,2,6,13,1718,826,892,245,614,1104,6.59504685098952,7.05473365617434,6.16937274663677,6.21265306122449,6.58517915309446,6.60053486413043,101
"105",2013,4,6.53846153846154,13,7,6.14285714285714,5.66666666666667,5.5,6.72727272727273,6,7,3,2,11,1731,832,899,248,616,1115,6.59462188908146,7.05433894230769,6.16916628476084,6.20604838709678,6.58165584415585,6.60178519282511,102
"106",2013,5,6.26,10,6.66,5.86,5.725,6.56666666666667,6.12857142857143,5,5,4,3,7,1741,837,904,252,619,1122,6.59269987937967,7.05198327359618,6.16745629424779,6.1984126984127,6.58158319870759,6.59883287878788,103
"107",2013,6,5.7,5,5.5,5.83333333333333,6,NA,5.7,2,3,1,0,5,1746,839,907,253,619,1127,6.590143465063,7.04828367103695,6.16635114663726,6.19762845849803,6.58158319870759,6.5948451552795,104
"108",2013,7,6.25,6,6.33333333333333,6.16666666666667,NA,NA,6.25,3,3,0,0,6,1752,842,910,253,619,1133,6.58897859018265,7.04573634204276,6.16635218681319,6.19762845849803,6.58158319870759,6.59301896734333,105
"109",2013,8,6.30357142857143,14,7.21875,5.08333333333333,6.16666666666667,5.41666666666667,6.54545454545455,8,6,3,3,11,1766,850,916,256,622,1144,6.58671601925255,7.04736470588235,6.15925817685589,6.197265625,6.57596463022508,6.59256161713286,106
"110",2013,9,6.15,16,6.975,5.875,6.25,6.75,5.95,4,12,4,4,12,1782,854,928,260,626,1156,6.58279488776656,7.04702576112412,6.15558242456896,6.19807692307692,6.57707667731629,6.58589142733564,107
"111",2013,10,6.16666666666667,21,6.95454545454545,5.3,4.25,5.8,6.28125,11,10,4,5,16,1803,865,938,264,631,1172,6.57794813643927,7.04584971098266,6.14646107675906,6.16856060606061,6.57091917591125,6.5817325,108
"112",2013,11,6.09375,16,6.9,5.72727272727273,5.625,6.1,6.09230769230769,5,11,4,3,13,1819,870,949,268,634,1185,6.57368910940077,7.04501149425287,6.14160220231823,6.16044776119403,6.56869085173502,6.57636328270042,109
"113",2013,12,6.12526315789474,19,6.5,5.99142857142857,5.8,6.46,6.0625,5,14,5,3,16,1838,875,963,273,637,1201,6.56905358541893,7.04189714285714,6.13941899273105,6.15384615384616,6.56817896389325,6.56951747710241,110
"114",2014,1,6.9,14,6.875,6.93333333333333,7.5,7,6.89230769230769,8,6,2,1,13,1852,883,969,275,638,1214,6.57155534017279,7.04038505096263,6.14433487100103,6.16363636363636,6.56885579937304,6.57297404448105,111
"115",2014,2,6.55714285714286,14,6.6,6.5,6,6.8,6.42222222222222,8,6,2,5,9,1866,891,975,277,643,1223,6.57144720793141,7.03643097643098,6.14652357948718,6.16245487364621,6.5706531881804,6.57186466884709,112
"116",2014,3,6.65833333333333,12,7.14285714285714,5.98,5.96666666666667,5.95,6.8,7,5,3,2,10,1878,898,980,280,645,1233,6.57200239084132,7.03726057906459,6.14567396938775,6.16035714285714,6.56872868217054,6.57371491484185,113
"117",2014,4,6.415,10,6.66666666666667,6.30714285714286,6.18,5.96666666666667,6.60714285714286,3,7,5,3,7,1888,901,987,285,648,1240,6.57117081038136,7.03602663706992,6.14681913880446,6.16070175438597,6.56594135802469,6.57390362096774,114
"118",2014,5,7.202,5,7.202,NA,NA,7.67,6.5,5,0,0,3,2,1893,906,987,285,651,1242,6.57283702588484,7.03694260485651,6.14681913880446,6.16070175438597,6.5710291858679,6.57378461352657,115
"119",2014,6,6.54285714285714,7,6.75,6.26666666666667,3,5.33333333333333,7.45,4,3,1,3,4,1900,910,990,286,654,1246,6.57272657368421,7.03568131868132,6.14718231313131,6.14965034965035,6.56535168195719,6.57659750401284,116
"120",2014,7,6.82352941176471,17,7.27777777777778,6.3125,6.83333333333333,7.14285714285714,6.6,9,8,3,7,10,1917,919,998,289,661,1256,6.57495069900887,7.03805223068553,6.14850750501002,6.15674740484429,6.57146747352496,6.57678382961783,117
"121",2014,8,6.9375,8,6.875,7,7,7,6.92857142857143,4,4,1,1,7,1925,923,1002,290,662,1263,6.5764573974026,7.03734561213435,6.15190667664671,6.15965517241379,6.57211480362538,6.57873356294536,118
"122",2014,9,6.41666666666667,12,6.91666666666667,5.91666666666667,7,NA,6.41666666666667,6,6,1,0,12,1937,929,1008,291,662,1275,6.57546747031492,7.03656620021529,6.15050643849206,6.16254295532646,6.57211480362538,6.57720822745098,119
"123",2014,10,6.625,12,7.14285714285714,5.9,4.5,6.5,6.71428571428571,7,5,1,5,7,1949,936,1013,292,667,1282,6.57577244227809,7.03736111111111,6.14926998025666,6.15684931506849,6.57157421289355,6.57795670046802,120
"124",2014,11,6.42307692307692,13,6.71428571428571,6.08333333333333,5,6,6.45833333333333,7,6,2,1,12,1962,943,1019,294,668,1294,6.57476069826707,7.03496288441145,6.14888173699705,6.14897959183674,6.57071856287425,6.57684736476043,121
"125",2014,12,6.465625,16,7.25,5.995,6.03333333333333,6.55,6.4375,6,10,6,4,12,1978,949,1029,300,672,1306,6.57387790192113,7.03632244467861,6.14738628765792,6.14666666666667,6.57059523809524,6.57556699081163,122
"126",2015,1,6.69285714285714,14,7.14285714285714,6.24285714285714,6.25,7.25,6.47,7,7,2,4,10,1992,956,1036,302,676,1316,6.57471410140562,7.03710251046025,6.14803136100386,6.14735099337748,6.57461538461538,6.57476481003039,123
"127",2015,2,6.92857142857143,7,6.91666666666667,7,NA,7,6.875,6,1,0,3,4,1999,962,1037,302,679,1320,6.57595322161081,7.03635135135135,6.14885293153327,6.14735099337748,6.57649484536082,6.57567461363636,124
"128",2015,3,6.47142857142857,14,6.51111111111111,6.4,4.5,6.16666666666667,6.55454545454545,9,5,1,3,11,2013,971,1042,303,682,1331,6.57522627421759,7.03148300720906,6.15005805182341,6.14191419141914,6.57469208211144,6.57549999248685,125
"129",2015,4,5.92857142857143,14,7,5.33333333333333,4.66666666666667,6.2,5.77777777777778,5,9,3,5,9,2027,976,1051,306,687,1340,6.5707599851998,7.03132172131148,6.1430642150333,6.12745098039216,6.57196506550218,6.57014215671642,126
"130",2015,5,6.65,6,7.33333333333333,5.96666666666667,5,6,6.78,3,3,1,1,5,2033,979,1054,307,688,1345,6.57099384653222,7.03224719101124,6.14256213472486,6.12377850162867,6.57113372093023,6.57092229739777,127
"131",2015,6,6.4,10,6.875,6.08333333333333,6.5,7.75,6.0625,4,6,1,2,8,2043,983,1060,308,690,1353,6.5701568722467,7.03160732451679,6.14222687735849,6.125,6.57455072463768,6.56791610495196,128
"132",2015,7,7.3875,8,7.9,6.53333333333333,6,6.53333333333333,7.9,5,3,1,3,5,2051,988,1063,309,693,1358,6.57334494880546,7.0360020242915,6.14333065851364,6.12459546925566,6.57437229437229,6.57282068483063,129
"133",2015,8,5.65,14,5.94285714285714,5.35714285714286,6.5,6.2,5.55833333333333,7,7,2,2,12,2065,995,1070,311,695,1370,6.56708498305085,7.02831155778895,6.13818737383177,6.12700964630225,6.57329496402878,6.56393466423357,130
"134",2015,9,5.8,5,8,5.25,7,NA,5.8,1,4,1,0,5,2070,996,1074,312,695,1375,6.56523212077295,7.02928714859438,6.13487941340782,6.12980769230769,6.57329496402878,6.56115672,131
"135",2015,10,6.18181818181818,11,6.4,6,6.5,6,6.22222222222222,5,6,2,2,9,2081,1001,1080,314,697,1384,6.56320542527631,7.02614385614386,6.13413008333333,6.13216560509554,6.57164992826399,6.55895266618497,132
"136",2015,11,6.41428571428571,14,6.51111111111111,6.24,4,5,6.65,9,5,1,2,12,2095,1010,1085,315,699,1396,6.56221025775656,7.02155445544555,6.13461796313364,6.12539682539683,6.5671530758226,6.55973530802292,133
"137",2015,12,7.16666666666667,9,8.16666666666667,6.66666666666667,6,6,7.3125,3,6,1,1,8,2104,1013,1091,316,700,1404,6.56479586026616,7.02494570582429,6.13754398716773,6.125,6.56634285714286,6.56402456552706,134
"138",2016,1,6.27333333333333,15,6.8,5.8125,6.375,6.5,6.23846153846154,7,8,4,2,13,2119,1020,1099,320,702,1417,6.56273265219443,7.02340196078432,6.13517787989081,6.128125,6.56615384615385,6.56103774876499,135
"139",2016,2,6.3125,8,7,5.16666666666667,4.5,5.75,6.5,5,3,2,2,6,2127,1025,1102,322,704,1423,6.56179148566056,7.02328780487805,6.13254127949183,6.11801242236025,6.56383522727273,6.56078038650738,136
"140",2016,3,6.45454545454545,11,7.16666666666667,5.6,4.5,7,6.4,6,5,2,1,10,2138,1031,1107,324,705,1433,6.56123970533209,7.0241222114452,6.13013594399277,6.10802469135803,6.56445390070922,6.55965840195394,137
"141",2016,4,6.75,8,7,5,5,6,6.85714285714286,7,1,1,1,7,2146,1038,1108,325,706,1440,6.56194337837838,7.02395953757226,6.12911596570397,6.10461538461539,6.56365439093484,6.56110450694444,138
"142",2016,5,5.57142857142857,7,6.83333333333333,4.625,5.25,5.66666666666667,5.5,3,4,2,3,4,2153,1041,1112,327,709,1444,6.55872294008361,7.02341018251681,6.1237054766187,6.09938837920489,6.55985895627644,6.55816515927978,139
"143",2016,6,6.36363636363636,11,6.25,6.66666666666667,7,6.75,6.14285714285714,8,3,1,4,7,2164,1049,1115,328,713,1451,6.55773128003697,7.01751191611058,6.12516635874439,6.10213414634146,6.56092566619916,6.55616160578911,140
"144",2016,7,6.15384615384615,13,6.66666666666667,6,5.83333333333333,6.5,6.05,3,10,3,3,10,2177,1052,1125,331,716,1461,6.55531947175012,7.01651140684411,6.12405376888889,6.09969788519638,6.56067039106145,6.55269711841204,141
"145",2016,8,6.7,5,6.7,NA,NA,NA,6.7,5,0,0,0,5,2182,1057,1125,331,716,1466,6.55565100366636,7.01501419110691,6.12405376888889,6.09969788519638,6.56067039106145,6.55319951568895,142
"146",2016,9,6.375,6,7,5.75,5.75,7,6.25,3,3,3,1,5,2188,1060,1128,334,717,1471,6.55515561700183,7.01497169811321,6.12305894503546,6.09655688622755,6.56128312412831,6.55216892590075,143
"147",2016,10,6.41666666666667,12,6.68571428571429,6.04,5.73333333333333,6,6.5,7,5,3,2,10,2200,1067,1133,337,719,1481,6.55440022272727,7.01281162136832,6.12269240070609,6.0933234421365,6.55972183588317,6.55181667116813,144
"148",2016,11,6.6,10,7.66666666666667,5,4.66666666666667,5.9,7.3,6,4,3,5,5,2210,1073,1137,340,724,1486,6.55460655656109,7.0164678471575,6.11874273526825,6.08073529411765,6.55516574585635,6.55433411170928,145
"149",2016,12,6.29166666666667,12,7.5,5.6875,5.66666666666667,5.75,6.4,4,8,3,2,10,2222,1077,1145,343,726,1496,6.55318653915392,7.01826369545033,6.11572968558952,6.07711370262391,6.5529476584022,6.55330246657754,146
"150",2017,1,6.8,11,8,6.35,6.6,7.66666666666667,6.475,3,8,3,3,8,2233,1080,1153,346,729,1504,6.5544023690103,7.02099074074074,6.11735515177797,6.08164739884393,6.55753086419753,6.55288596409574,147
"151",2017,2,6.35,10,6.91666666666667,5.5,5.66666666666667,NA,6.35,6,4,3,0,10,2243,1086,1157,349,729,1514,6.55349107891217,7.02041436464089,6.11522082108902,6.07808022922636,6.55753086419753,6.55154589828269,148
"152",2017,3,6.725,8,6.76,6.66666666666667,6,6.3,6.78571428571429,5,3,1,1,7,2251,1091,1160,350,730,1521,6.55410061750333,7.01922089825848,6.11664697413793,6.07785714285714,6.55717808219178,6.55262359631821,149
"153",2017,4,6.85714285714286,7,7.375,6.16666666666667,6,7,6.83333333333333,4,3,1,1,6,2258,1095,1163,351,731,1527,6.55504007528787,7.02052054794521,6.11677600171969,6.07763532763533,6.55778385772914,6.55372658153241,150
"154",2017,5,6.42857142857143,7,7.25,6.1,6.75,7,6.33333333333333,2,5,2,1,6,2265,1097,1168,353,732,1533,6.55464922295806,7.02093892433911,6.11670418664383,6.0814447592068,6.55838797814208,6.55286398564905,151
"155",2017,6,6.2,5,7,5.66666666666667,NA,7,6,2,3,0,1,4,2270,1099,1171,353,733,1537,6.55386805726872,7.0209008189263,6.11555122971819,6.0814447592068,6.55899045020464,6.55142517241379,152
"156",2017,7,6.5,2,6.5,NA,NA,NA,6.5,2,0,0,0,2,2272,1101,1171,353,733,1539,6.55382063820423,7.01995458673933,6.11555122971819,6.0814447592068,6.55899045020464,6.55135834307992,153
"157",2017,8,5.78333333333333,6,NA,5.78333333333333,6.4,4.85,6.25,0,6,3,2,4,2278,1101,1177,356,735,1543,6.55179125987709,7.01995458673933,6.11385768054375,6.08412921348315,6.55434013605442,6.55057711600777,154
"158",2017,9,6.14285714285714,7,6.25,6,6,8,5.83333333333333,4,3,2,1,6,2285,1105,1180,358,736,1549,6.55053850765864,7.01716742081448,6.11356821186441,6.0836592178771,6.55630434782609,6.54779889606197,155
"159",2017,10,6.2,10,7,5.66666666666667,6,5.75,6.5,4,6,2,4,6,2295,1109,1186,360,740,1555,6.54901110675381,7.01710550045086,6.11130732715008,6.08319444444445,6.55194594594595,6.54761446302251,156
"160",2017,11,6.57142857142857,7,7,6,6,NA,6.57142857142857,4,3,2,0,7,2302,1113,1189,362,740,1562,6.54907927454388,7.01704402515724,6.1110264844407,6.08273480662984,6.55194594594595,6.547721184379,157
"161",2017,12,6.41428571428571,7,6.33333333333333,6.9,NA,5.95,6.6,6,1,0,2,5,2309,1119,1190,362,742,1567,6.54867063230836,7.01337801608579,6.11168948739496,6.08273480662984,6.55032345013477,6.54788799617103,158
"162",2018,1,5.75555555555556,9,6.76,4.5,3,4.7,6.6,5,4,1,4,5,2318,1124,1194,363,746,1572,6.54559123813632,7.01225088967972,6.10629019262981,6.07424242424243,6.54040214477212,6.54805374681934,159
"163",2018,2,6.375,8,6.66666666666667,6.2,6.66666666666667,7,6,3,5,3,3,5,2326,1127,1199,366,749,1577,6.54500450988822,7.01133096716948,6.10668097581318,6.07909836065574,6.5422429906542,6.54631610019023,160
"164",2018,3,5.75,9,7.5,5.53125,5.25,5.25,6,1,8,3,3,6,2335,1128,1207,369,752,1583,6.54194025267666,7.01176418439717,6.10286701739851,6.07235772357724,6.53708776595745,6.54424541377132,161
"165",2018,4,5.95,10,6.9,5,4.5,5,6.05555555555556,5,5,2,1,9,2345,1133,1212,371,753,1592,6.53941598720682,7.01127096204766,6.0983172359736,6.06388140161725,6.53504648074369,6.54148271984924,162
"166",2018,5,6.14285714285714,7,6.4,5.5,NA,6,6.2,5,2,0,2,5,2352,1138,1214,371,755,1597,6.53823575255102,7.00858523725835,6.09733154036244,6.06388140161725,6.53362913907285,6.54041358171571,163
"167",2018,6,5.91666666666667,6,10,5.1,4.5,NA,5.91666666666667,1,5,2,0,6,2358,1139,1219,373,755,1603,6.53665415182358,7.01121158911326,6.09324076292043,6.05549597855228,6.53362913907285,6.53807890829694,164
"168",2018,7,6.5,8,7,6,6.5,7,6.33333333333333,4,4,2,2,6,2366,1143,1223,375,757,1609,6.53653021555368,7.01117235345582,6.09293580539656,6.05786666666667,6.53486129458388,6.53731540708514,165
"169",2018,8,6.14285714285714,7,6.75,5.33333333333333,NA,NA,6.14285714285714,4,3,0,0,7,2373,1147,1226,375,757,1616,6.5353689380531,7.01026155187446,6.09107707177814,6.05786666666667,6.53486129458388,6.53560673886138,166
"170",2018,9,6.91666666666667,6,6.875,7,NA,NA,6.91666666666667,4,2,0,0,6,2379,1151,1228,375,757,1622,6.53633059688945,7.00979148566464,6.09255740228013,6.05786666666667,6.53486129458388,6.53701633168927,167
"171",2018,10,5.65,10,6,5.61111111111111,4,4,6.0625,1,9,1,2,8,2389,1152,1237,376,759,1630,6.53262054834659,7.00891493055556,6.08905455941794,6.05239361702128,6.52818181818182,6.53468741717791,168
"172",2018,11,5.68,6,6.36,5,6,5,6.36,3,3,2,3,3,2395,1155,1240,378,762,1633,6.53048454697286,7.00722943722944,6.08641975,6.0521164021164,6.52216535433071,6.53436649724433,169
"173",2018,12,7.6,5,8,6,NA,7,8,4,1,0,2,3,2400,1159,1241,378,764,1636,6.53271270416667,7.01065573770492,6.08635011281225,6.0521164021164,6.52341623036649,6.53705408924205,170
"174",2019,1,6.73333333333333,6,7.35,5.5,6,7,6.68,4,2,1,1,5,2406,1163,1243,379,765,1641,6.53321300498753,7.01182287188306,6.08540666934835,6.05197889182058,6.52403921568627,6.53748963436928,171
"175",2019,2,5.9375,8,7.25,4.625,2.5,4.75,6.33333333333333,4,4,1,2,6,2414,1167,1247,380,767,1647,6.53123881110191,7.01263924592974,6.08072212510024,6.04263157894737,6.51941329856584,6.5367458955677,172
"176",2019,3,6.48333333333333,6,7,5.96666666666667,6.9,5.95,6.75,3,3,1,2,4,2420,1170,1250,381,769,1651,6.53112003719008,7.01260683760684,6.080448392,6.04488188976378,6.51793237971391,6.53726256208358,173
"177",2019,4,5.33333333333333,3,NA,5.33333333333333,5,NA,5.33333333333333,0,3,2,0,3,2423,1170,1253,383,769,1654,6.52963701609575,7.01260683760684,6.07865960893854,6.03942558746736,6.51793237971391,6.53507889359129,174
"178",2019,5,6,3,6,NA,NA,5,6.5,3,0,0,1,2,2426,1173,1253,383,770,1656,6.52898206512778,7.01001705029838,6.07865960893854,6.03942558746736,6.51596103896104,6.53503652777778,175
"179",2019,6,6.5,2,7.5,5.5,NA,NA,6.5,1,1,0,0,2,2428,1174,1254,383,770,1658,6.52895819192751,7.01043441226576,6.07819815789473,6.03942558746736,6.51596103896104,6.5349942641737,176
"180",2019,7,4.95714285714286,7,4.9,5,4.5,NA,4.95714285714286,3,4,2,0,7,2435,1177,1258,385,770,1665,6.52443962628337,7.00505522514869,6.07476986486486,6.03142857142857,6.51596103896104,6.52836065465465,177
"181",2019,8,7.3,5,7.625,6,6,7,7.375,4,1,1,1,4,2440,1181,1259,386,771,1669,6.52602888934426,7.0071549534293,6.0747104765687,6.03134715025907,6.51658884565499,6.5303897483523,178
"182",2019,9,5.75,4,6.33333333333333,4,NA,6.5,5.5,3,1,0,1,3,2444,1184,1260,386,772,1672,6.52475879296236,7.00544763513514,6.07306388095238,6.03134715025907,6.51656735751295,6.52854096291866,179
"183",2019,10,6.6875,8,6.875,6.5,6,NA,6.6875,4,4,1,0,8,2452,1188,1264,387,772,1680,6.5252897593801,7.00500841750842,6.07441494462025,6.0312661498708,6.51656735751295,6.52929791071428,180
"184",2019,11,6,5,6,6,6,6,6,3,2,1,2,3,2457,1191,1266,388,774,1683,6.52422079365079,7.00247691015953,6.07429738546603,6.03118556701031,6.51523255813953,6.52835442067736,181
"185",2019,12,6.9,5,6.9,NA,NA,7.5,6.5,5,0,0,2,3,2462,1196,1266,388,776,1686,6.52498395207149,7.00204849498328,6.07429738546603,6.03118556701031,6.5177706185567,6.52830396797153,182
"186",2020,1,6.75,8,7.125,6.375,6,6.25,6.91666666666667,4,4,1,2,6,2470,1200,1270,389,778,1692,6.52571274898785,7.00245833333334,6.07524448031496,6.03110539845758,6.5170822622108,6.52968114066194,183
"187",2020,2,6.61111111111111,9,6.71428571428571,6.25,6.5,6,6.6875,7,2,1,1,8,2479,1207,1272,390,779,1700,6.52602278741428,7.00078707539354,6.07551925314465,6.03230769230769,6.51641848523748,6.53042381764706,184
"188",2020,3,6,6,6.5,5,5,5,6.2,4,2,1,1,5,2485,1211,1274,391,780,1705,6.52475271227364,6.99913294797688,6.07383083987441,6.02966751918159,6.51447435897436,6.52945483284457,185
"189",2020,4,7.2,3,7.3,7,NA,7.6,7,2,1,0,1,2,2488,1213,1275,391,781,1707,6.52556691720257,6.99962901896126,6.07455724705882,6.02966751918159,6.5158642765685,6.53000614528412,186
"190",2020,5,6.5,6,6.5,6.5,NA,6,6.6,5,1,0,1,5,2494,1218,1276,391,782,1712,6.52550540898156,6.99757799671593,6.0748906661442,6.02966751918159,6.51520460358056,6.53021056658878,187
"191",2020,6,6.75,4,6.33333333333333,8,NA,7,6.66666666666667,3,1,0,1,3,2498,1221,1277,391,783,1715,6.52586488791033,6.99594594594595,6.07639819107282,6.02966751918159,6.51582375478927,6.53044926530612,188
"192",2020,7,6.875,4,7,6.83333333333333,7.25,7.25,6.5,1,3,2,2,2,2502,1222,1280,393,785,1717,6.52642305755396,6.99594926350246,6.0781722578125,6.03587786259542,6.51769426751592,6.53041379732091,189
"193",2020,8,6.6,6,7,6.2,4.2,4.2,7.08,3,3,1,1,5,2508,1225,1283,394,786,1722,6.52659907894737,6.99595918367347,6.07845712392829,6.03121827411168,6.51474554707379,6.53200957607433,190
"194",2020,9,6.25,4,7,5.5,6,7,5.5,2,2,1,2,2,2512,1227,1285,395,788,1724,6.52615863455414,6.99596577017115,6.07755680155642,6.03113924050633,6.51597715736041,6.53081234918793,191
"195",2020,10,6,5,8,5.5,5,6,6,1,4,3,1,4,2517,1228,1289,398,789,1728,6.52511342471196,6.99678338762215,6.07576453840186,6.02336683417085,6.51532319391635,6.52958361689815,192
"196",2020,11,5.57142857142857,7,6.5,4.875,NA,NA,5.57142857142857,3,4,0,0,7,2524,1231,1293,398,789,1735,6.52246849841521,6.99557270511779,6.07204987625676,6.02336683417085,6.51532319391635,6.52571786167147,193
"197",2020,12,7.16666666666667,6,7.8,4,NA,9,6.8,5,1,0,1,5,2530,1236,1294,398,790,1740,6.52399624110672,6.99882686084143,6.07044860123647,6.02336683417085,6.51846835443038,6.52650602873563,194
"198",2021,1,6.5,3,6.5,6.5,NA,6.5,6.5,2,1,0,1,2,2533,1238,1295,398,791,1742,6.52396782076589,6.99802100161551,6.0707803011583,6.02336683417085,6.51844500632111,6.52647559701492,195
"199",2021,2,6.66666666666667,6,8,6.4,6,6,6.8,1,5,1,1,5,2539,1239,1300,399,792,1747,6.5243050374163,6.99882970137208,6.07204653076923,6.02330827067669,6.5177904040404,6.52725843732112,196
"200",2021,3,7.375,4,7.375,NA,NA,8,7.16666666666667,4,0,0,1,3,2543,1243,1300,399,793,1750,6.52564313409359,7.00004022526147,6.07204653076923,6.02330827067669,6.51965952080706,6.52835456571428,197
"201",2021,4,7,1,7,NA,NA,NA,7,1,0,0,0,1,2544,1244,1300,399,793,1751,6.52582959512578,7.00004019292605,6.07204653076923,6.02330827067669,6.51965952080706,6.5286239234723,198
"202",2021,5,6.2875,8,6.25,6.4,NA,5,6.47142857142857,6,2,0,1,7,2552,1250,1302,399,794,1758,6.52508248040752,6.99644,6.07255029953917,6.02330827067669,6.51774559193955,6.52839618316268,199
"203",2021,6,6.25,4,6.5,6,NA,NA,6.25,2,2,0,0,4,2556,1252,1304,399,794,1762,6.5246519913928,6.99564696485623,6.07243902607362,6.02330827067669,6.51774559193955,6.52776418274688,200
"204",2021,7,6.33333333333333,3,6.33333333333333,NA,NA,7,6,3,0,0,1,2,2559,1255,1304,399,795,1764,6.52442770222743,6.99406374501992,6.07243902607362,6.02330827067669,6.51835220125786,6.52716581065759,201
"205",2021,8,5.1,5,6,4.875,4,4.25,5.66666666666667,1,4,1,2,3,2564,1256,1308,400,797,1767,6.52164995709828,6.99327229299363,6.06877713302752,6.01825,6.5126599749059,6.52570486134691,202
"206",2021,9,6.5,2,6.5,NA,NA,NA,6.5,2,0,0,0,2,2566,1258,1308,400,797,1769,6.52163308261886,6.99248807631161,6.06877713302752,6.01825,6.5126599749059,6.52567579988694,203
"207",2021,10,6.79166666666667,6,6.8,6.75,NA,NA,6.79166666666667,5,1,0,0,6,2572,1263,1309,400,797,1775,6.52226302099533,6.99172604908947,6.06929754774637,6.01825,6.5126599749059,6.52657492394366,204
"208",2021,11,6.7,5,7.33333333333333,5.75,5.75,NA,6.7,3,2,2,0,5,2577,1266,1311,402,797,1780,6.52260787349631,6.9925355450237,6.06881044241037,6.01691542288557,6.5126599749059,6.52706207303371,205
"209",2021,12,7.2,5,7.2,NA,NA,NA,7.2,5,0,0,0,5,2582,1271,1311,402,797,1785,6.52391963206816,6.99335169158144,6.06881044241037,6.01691542288557,6.5126599749059,6.52894705322129,206
"210",2022,1,7.25,6,8,6.5,6.75,6.75,7.5,3,3,2,2,4,2588,1274,1314,404,799,1789,6.52560297140649,6.99572213500785,6.06979489345509,6.02054455445545,6.51325406758448,6.53111821688094,207
"211",2022,2,5.56,5,5.95,4,1,NA,5.56,4,1,1,0,5,2593,1278,1315,405,799,1794,6.52374102969533,6.99244913928013,6.06822090494296,6.00814814814815,6.51325406758448,6.52841164437012,208
"212",2022,3,5.47714285714286,7,5.5,5.44666666666667,5,6,5.268,4,3,1,2,5,2600,1282,1318,406,801,1799,6.52092326538461,6.98779251170047,6.06680613808801,6.00566502463054,6.51197253433208,6.52490855475264,209
"213",2022,4,6,2,6,NA,NA,NA,6,2,0,0,0,2,2602,1284,1318,406,801,1801,6.52052286318217,6.986253894081,6.06680613808801,6.00566502463054,6.51197253433208,6.52432564686285,210
"214",2022,5,7.38571428571429,7,7.8,6.83333333333333,6,8.06666666666667,6.875,4,3,1,3,4,2609,1288,1321,407,804,1805,6.52284418934458,6.98878105590062,6.06854692657078,6.00565110565111,6.51777363184079,6.52510276454293,211
"215",2022,6,5.66666666666667,3,NA,5.66666666666667,7,NA,5.66666666666667,0,3,2,0,3,2612,1288,1324,409,804,1808,6.52186083078101,6.98878105590062,6.06763632175226,6.01051344743276,6.51777363184079,6.52367836836283,212
"216",2022,7,7.2,5,7.33333333333333,7,7,NA,7.2,3,2,1,0,5,2617,1291,1326,410,804,1813,6.52315647306076,6.98958171959721,6.06904260180995,6.01292682926829,6.51777363184079,6.52554356867071,213
"217",2022,8,7.18333333333333,6,6.75,7.4,6.6,7.8,6.875,2,4,1,2,4,2623,1293,1330,411,806,1817,6.52466659931376,6.98921113689095,6.073045481203,6.01435523114355,6.52095533498759,6.52631287286736,214
"218",2022,9,6.65,4,7.05,6.25,6.5,6.5,6.7,2,2,1,1,3,2627,1295,1332,412,807,1820,6.52485743814237,6.98930501930502,6.07331117867867,6.01553398058252,6.52092936802974,6.52659917032967,215
"219",2022,10,6.66666666666667,3,6.66666666666667,NA,NA,6,7,3,0,0,1,2,2630,1298,1332,412,808,1822,6.52501919771863,6.9885593220339,6.07331117867867,6.01553398058252,6.52028465346535,6.52711881997804,216
"220",2022,11,6.78888888888889,9,7.22,6.25,NA,NA,6.78888888888889,5,4,0,0,9,2639,1303,1336,412,808,1831,6.52591909435392,6.98944742900998,6.07384018712574,6.01553398058252,6.52028465346535,6.52840551064992,217
"221",2022,12,6,5,6,6,6.5,6,6,2,3,2,1,4,2644,1305,1339,414,809,1835,6.52492454236006,6.98793103448276,6.07367474981329,6.01787439613527,6.51964153275649,6.52725367302452,218
