"","year","month","avg_rating","no_ratings","avg_rating_owned","avg_rating_not_owned","avg_rating_prev_owned","avg_rating_comment","avg_rating_no_comment","no_ratings_owned","no_ratings_not_owned","no_ratings_prev_owned","no_ratings_comment","no_ratings_no_comment","cum_no_ratings","cum_no_ratings_owned","cum_no_ratings_not_owned","cum_no_ratings_prev_owned","cum_no_ratings_comment","cum_no_ratings_no_comment","cum_avg_rating","cum_avg_rating_owned","cum_avg_rating_not_owned","cum_avg_rating_prev_owned","cum_avg_rating_comment","cum_avg_rating_no_comment","month_after_release"
"1",2001,5,6,1,6,NA,NA,6,NA,1,0,0,1,0,1,1,0,0,1,0,6,6,NA,NA,6,NA,0
"2",2001,6,6.81818181818182,11,7.25,5.66666666666667,NA,7,6.8,8,3,0,1,10,12,9,3,0,2,10,6.75,7.11111111111111,5.66666666666667,NA,6.5,6.8,1
"3",2001,7,7,3,7,NA,NA,NA,7,3,0,0,0,3,15,12,3,0,2,13,6.8,7.08333333333333,5.66666666666667,NA,6.5,6.84615384615385,2
"4",2001,8,7.4,5,7.5,7,7,9,7,4,1,1,1,4,20,16,4,1,3,17,6.95,7.1875,6,7,7.33333333333333,6.88235294117647,3
"5",2001,9,7.75,4,7.75,NA,NA,8,7.66666666666667,4,0,0,1,3,24,20,4,1,4,20,7.08333333333333,7.3,6,7,7.5,7,4
"6",2001,10,6.66666666666667,9,7.28571428571429,4.5,NA,6.5,6.75,7,2,0,3,6,33,27,6,1,7,26,6.96969696969697,7.2962962962963,5.5,7,7.07142857142857,6.94230769230769,5
"7",2001,11,8,5,8,NA,NA,8,8,5,0,0,2,3,38,32,6,1,9,29,7.10526315789474,7.40625,5.5,7,7.27777777777778,7.05172413793103,6
"8",2001,12,8.25,4,8,9,NA,NA,8.25,3,1,0,0,4,42,35,7,1,9,33,7.21428571428571,7.45714285714286,6,7,7.27777777777778,7.1969696969697,7
"9",2002,1,6.75,4,7.33333333333333,5,NA,7,6.66666666666667,3,1,0,1,3,46,38,8,1,10,36,7.17391304347826,7.44736842105263,5.875,7,7.25,7.15277777777778,8
"10",2002,2,8,4,7.33333333333333,10,10,8.33333333333333,7,3,1,1,3,1,50,41,9,2,13,37,7.24,7.4390243902439,6.33333333333333,8.5,7.5,7.14864864864865,9
"11",2002,3,7.66666666666667,6,7.66666666666667,NA,NA,8,7.6,6,0,0,1,5,56,47,9,2,14,42,7.28571428571429,7.46808510638298,6.33333333333333,8.5,7.53571428571429,7.20238095238095,10
"12",2002,4,8,3,8,NA,NA,NA,8,3,0,0,0,3,59,50,9,2,14,45,7.32203389830508,7.5,6.33333333333333,8.5,7.53571428571429,7.25555555555556,11
"13",2002,5,8,2,8,NA,NA,NA,8,2,0,0,0,2,61,52,9,2,14,47,7.34426229508197,7.51923076923077,6.33333333333333,8.5,7.53571428571429,7.28723404255319,12
"14",2002,6,7.29166666666667,12,7.72222222222222,6,5.5,6.75,7.4,9,3,2,2,10,73,61,12,4,16,57,7.33561643835616,7.54918032786885,6.25,7,7.4375,7.30701754385965,13
"15",2002,7,6.33333333333333,12,6.77777777777778,5,NA,6.66666666666667,6,9,3,0,6,6,85,70,15,4,22,63,7.19411764705882,7.45,6,7,7.22727272727273,7.18253968253968,14
"16",2002,8,7.5,11,7.77777777777778,6.25,NA,8,7.45,9,2,0,1,10,96,79,17,4,23,73,7.22916666666667,7.4873417721519,6.02941176470588,7,7.26086956521739,7.21917808219178,15
"17",2002,9,7.14285714285714,7,7.33333333333333,6,NA,4,7.66666666666667,6,1,0,1,6,103,85,18,4,24,79,7.22330097087379,7.47647058823529,6.02777777777778,7,7.125,7.25316455696202,16
"18",2002,10,7,5,7.25,6,NA,NA,7,4,1,0,0,5,108,89,19,4,24,84,7.21296296296296,7.46629213483146,6.02631578947368,7,7.125,7.23809523809524,17
"19",2002,11,7.57692307692308,13,7.54545454545455,7.75,8.5,7.83333333333333,7.5,11,2,1,3,10,121,100,21,5,27,94,7.25206611570248,7.475,6.19047619047619,7.3,7.2037037037037,7.26595744680851,18
"20",2002,12,5.8,5,6.66666666666667,4.5,7,6.66666666666667,4.5,3,2,1,3,2,126,103,23,6,30,96,7.19444444444444,7.45145631067961,6.04347826086957,7.25,7.15,7.20833333333333,19
"21",2003,1,7.74166666666667,12,7.99090909090909,5,5,7.75,7.7375,11,1,1,4,8,138,114,24,7,34,104,7.24202898550725,7.50350877192982,6,6.92857142857143,7.22058823529412,7.24903846153846,20
"22",2003,2,7,4,6.5,7.5,NA,8,6.66666666666667,2,2,0,1,3,142,116,26,7,35,107,7.23521126760563,7.48620689655172,6.11538461538461,6.92857142857143,7.24285714285714,7.23271028037383,21
"23",2003,3,7.09090909090909,11,7.85714285714286,5.75,NA,6.57142857142857,8,7,4,0,7,4,153,123,30,7,42,111,7.22483660130719,7.50731707317073,6.06666666666667,6.92857142857143,7.13095238095238,7.26036036036036,22
"24",2003,4,7.32142857142857,14,7.72222222222222,6.6,7,6.9,7.55555555555556,9,5,3,5,9,167,132,35,10,47,120,7.23293413173653,7.5219696969697,6.14285714285714,6.95,7.1063829787234,7.2825,23
"25",2003,5,6.8,10,7.6,6,7,7.5,6.33333333333333,5,5,1,4,6,177,137,40,11,51,126,7.20847457627119,7.52481751824818,6.125,6.95454545454545,7.13725490196078,7.23730158730159,24
"26",2003,6,6.75,14,6.86363636363636,6.33333333333333,NA,7.16666666666667,6.4375,11,3,0,6,8,191,148,43,11,57,134,7.17486910994764,7.47567567567568,6.13953488372093,6.95454545454545,7.14035087719298,7.18955223880597,25
"27",2003,7,6.76041666666667,48,7.015625,6.25,7.16666666666667,6.46153846153846,6.87142857142857,32,16,3,13,35,239,180,59,14,70,169,7.09163179916318,7.39388888888889,6.16949152542373,7,7.01428571428571,7.12366863905325,26
"28",2003,8,6.88888888888889,18,6.72727272727273,7.14285714285714,6,7.66666666666667,6.73333333333333,11,7,1,3,15,257,191,66,15,73,184,7.07743190661479,7.35549738219895,6.27272727272727,6.93333333333333,7.04109589041096,7.09184782608696,27
"29",2003,9,7.48,15,7.57,7.3,NA,7.525,7.42857142857143,10,5,0,8,7,272,201,71,15,81,191,7.09963235294118,7.36616915422886,6.34507042253521,6.93333333333333,7.08888888888889,7.10418848167539,28
"30",2003,10,6.8,15,7.2,6,NA,6.25,7.42857142857143,10,5,0,8,7,287,211,76,15,89,198,7.08397212543554,7.35829383886256,6.32236842105263,6.93333333333333,7.01348314606742,7.11565656565656,29
"31",2003,11,6.875,12,7.11111111111111,6.16666666666667,5,6.5,7.4,9,3,1,7,5,299,220,79,16,96,203,7.07558528428094,7.34818181818182,6.31645569620253,6.8125,6.97604166666667,7.12266009852217,30
"32",2003,12,6.82352941176471,17,6.92857142857143,6.33333333333333,NA,7,6.75,14,3,0,5,12,316,234,82,16,101,215,7.0620253164557,7.32307692307692,6.31707317073171,6.8125,6.97722772277228,7.10186046511628,31
"33",2004,1,7.38235294117647,17,7.56666666666667,6,NA,7.25,7.42307692307692,15,2,0,4,13,333,249,84,16,105,228,7.07837837837838,7.33775100401606,6.30952380952381,6.8125,6.98761904761905,7.12017543859649,32
"34",2004,2,7.68181818181818,11,7.72222222222222,7.5,NA,7.5,7.7,9,2,0,1,10,344,258,86,16,106,238,7.09767441860465,7.35116279069767,6.33720930232558,6.8125,6.99245283018868,7.14453781512605,33
"35",2004,3,6.76923076923077,13,7.22222222222222,5.75,5.5,7.4,6.375,9,4,2,5,8,357,267,90,18,111,246,7.08571428571429,7.34681647940075,6.31111111111111,6.66666666666667,7.01081081081081,7.11951219512195,34
"36",2004,4,7.5,16,7.6,6,NA,7.28571428571429,7.66666666666667,15,1,0,7,9,373,282,91,18,118,255,7.10348525469169,7.36028368794326,6.30769230769231,6.66666666666667,7.0271186440678,7.13882352941176,35
"37",2004,5,6.125,8,6.2,6,NA,6,6.5,5,3,0,6,2,381,287,94,18,124,257,7.08293963254593,7.34006968641115,6.29787234042553,6.66666666666667,6.97741935483871,7.13385214007782,36
"38",2004,6,7.125,20,7.15384615384615,7.07142857142857,NA,6.66666666666667,7.20588235294118,13,7,0,3,17,401,300,101,18,127,274,7.08503740648379,7.332,6.35148514851485,6.66666666666667,6.97007874015748,7.13832116788321,37
"39",2004,7,7.41176470588235,17,7.42857142857143,7.33333333333333,NA,6.75,8,14,3,0,8,9,418,314,104,18,135,283,7.09832535885168,7.33630573248408,6.37980769230769,6.66666666666667,6.95703703703704,7.16572438162544,38
"40",2004,8,6.75,20,6.68181818181818,6.83333333333333,7,6.65,6.85,11,9,2,10,10,438,325,113,20,145,293,7.0824200913242,7.31415384615385,6.41592920353982,6.7,6.93586206896552,7.15494880546075,39
"41",2004,9,6.76923076923077,13,7.28571428571429,6.16666666666667,7.33333333333333,6,7,7,6,3,3,10,451,332,119,23,148,303,7.07339246119734,7.31355421686747,6.40336134453782,6.78260869565217,6.91689189189189,7.14983498349835,40
"42",2004,10,6.86111111111111,18,7.16666666666667,5.33333333333333,NA,6.41666666666667,7.08333333333333,15,3,0,6,12,469,347,122,23,154,315,7.06524520255864,7.30720461095101,6.37704918032787,6.78260869565217,6.8974025974026,7.14730158730159,41
"43",2004,11,7.15789473684211,19,7.625,6.35714285714286,6,7.5,7.03571428571429,12,7,2,5,14,488,359,129,25,159,329,7.06885245901639,7.31782729805014,6.37596899224806,6.72,6.91635220125786,7.14255319148936,42
"44",2004,12,6.75333333333333,15,6.84545454545455,6.5,NA,6.88333333333333,6.66666666666667,11,4,0,6,9,503,370,133,25,165,338,7.05944333996024,7.30378378378379,6.3796992481203,6.72,6.91515151515152,7.12988165680473,43
"45",2005,1,6.81944444444444,36,7.18518518518519,5.72222222222222,6.16666666666667,5.95454545454545,7.2,27,9,3,11,25,539,397,142,28,176,363,7.04341372912802,7.29571788413098,6.33802816901408,6.66071428571429,6.85511363636364,7.13471074380165,44
"46",2005,2,7.26470588235294,17,7.42857142857143,6.5,NA,7.375,7.23076923076923,14,3,0,4,13,556,411,145,28,180,376,7.05017985611511,7.30024330900243,6.34137931034483,6.66071428571429,6.86666666666667,7.13803191489362,45
"47",2005,3,7,30,7.25,6.5,6.66666666666667,6.7,7.15,20,10,3,10,20,586,431,155,31,190,396,7.04761092150171,7.29791183294664,6.35161290322581,6.66129032258065,6.85789473684211,7.13863636363636,46
"48",2005,4,6.46,25,6.90625,5.66666666666667,5.75,5.9375,6.70588235294118,16,9,2,8,17,611,447,164,33,198,413,7.02356792144026,7.28389261744967,6.3140243902439,6.60606060606061,6.82070707070707,7.12082324455206,47
"49",2005,5,7.01428571428571,28,7.22941176470588,6.68181818181818,7.35714285714286,7.25,6.88333333333333,17,11,7,10,18,639,464,175,40,208,431,7.02316118935837,7.28189655172414,6.33714285714286,6.7375,6.84134615384615,7.11090487238979,48
"50",2005,6,6.8125,16,7.05555555555556,6.5,7.5,7.5,6.27777777777778,9,7,1,7,9,655,473,182,41,215,440,7.01801526717557,7.27758985200846,6.34340659340659,6.75609756097561,6.86279069767442,7.09386363636364,49
"51",2005,7,7.71764705882353,17,7.74666666666667,7.5,7,7.96666666666667,7.4375,15,2,1,9,8,672,488,184,42,224,448,7.03571428571429,7.29200819672131,6.35597826086957,6.76190476190476,6.90714285714286,7.1,50
"52",2005,8,6.46153846153846,26,7.06666666666667,5.63636363636364,5.5,6.43333333333333,6.5,15,11,2,15,11,698,503,195,44,239,459,7.01432664756447,7.28528827037773,6.31538461538462,6.70454545454545,6.87740585774059,7.08562091503268,51
"53",2005,9,6.75431034482759,29,7.03125,6.41346153846154,6.66666666666667,6.85714285714286,6.65833333333333,16,13,3,14,15,727,519,208,47,253,474,7.00395460797799,7.27745664739884,6.32151442307692,6.70212765957447,6.87628458498024,7.07209915611814,52
"54",2005,10,6.72,35,7.17391304347826,5.85,6.1,6.44444444444444,6.81538461538462,23,12,2,9,26,762,542,220,49,262,500,6.99091207349081,7.27306273062731,6.29579545454545,6.67755102040816,6.86145038167939,7.05875,53
"55",2005,11,6.71285714285714,35,6.95652173913043,6.24583333333333,6.5,6.49545454545455,6.8125,23,12,2,11,24,797,565,232,51,273,524,6.97870138017566,7.26017699115044,6.29321120689655,6.67058823529412,6.8467032967033,7.0474713740458,54
"56",2005,12,7,33,7.45238095238095,6.20833333333333,6.33333333333333,6.86363636363636,7.06818181818182,21,12,3,11,22,830,586,244,54,284,546,6.97954819277108,7.26706484641638,6.2890368852459,6.65185185185185,6.84735915492958,7.04830586080586,55
"57",2006,1,7.07333333333333,30,7.46,6.3,7.5,7.05,7.085,20,10,2,10,20,860,606,254,56,294,566,6.98281976744186,7.27343234323432,6.28946850393701,6.68214285714286,6.85425170068027,7.04960247349823,56
"58",2006,2,6.56896551724138,29,6.66666666666667,6.3125,7,6.95833333333333,6.29411764705882,21,8,1,12,17,889,627,262,57,306,583,6.96931946006749,7.25311004784689,6.29017175572519,6.68771929824561,6.85833333333334,7.02757289879931,57
"59",2006,3,7.05555555555556,27,7.25,6.66666666666667,NA,7.1,7.02941176470588,18,9,0,10,17,916,645,271,57,316,600,6.97186135371179,7.25302325581395,6.30267527675277,6.68771929824561,6.86598101265823,7.027625,58
"60",2006,4,6.54761904761905,21,6.79333333333333,5.93333333333333,NA,7.11428571428571,6.26428571428571,15,6,0,7,14,937,660,277,57,323,614,6.96235325506937,7.24257575757576,6.29467509025271,6.68771929824561,6.87136222910217,7.01021986970684,59
"61",2006,5,6.78571428571429,28,7.02272727272727,5.91666666666667,6.5,7.25,6.4375,22,6,3,12,16,965,682,283,60,335,630,6.95722797927461,7.23548387096774,6.28666077738516,6.67833333333333,6.88492537313433,6.9956746031746,60
"62",2006,6,6.86521739130435,23,7.11176470588235,6.16666666666667,5,6.7,7.04545454545455,17,6,1,12,11,988,699,289,61,347,641,6.95508603238866,7.23247496423462,6.28416955017301,6.65081967213115,6.878530259366,6.99652886115445,61
"63",2006,7,7.32325581395349,43,7.57575757575758,6.49,9,7.07142857142857,7.4448275862069,33,10,1,14,29,1031,732,299,62,361,670,6.97044131910766,7.24795081967213,6.29105351170569,6.68870967741935,6.88601108033241,7.01593283582089,62
"64",2006,8,6.84545454545455,22,7.26470588235294,5.42,6,6.8,6.86666666666667,17,5,2,7,15,1053,749,304,64,368,685,6.96783000949668,7.24833110814419,6.27672697368421,6.6671875,6.884375,7.01266423357664,63
"65",2006,9,6.86515151515152,33,7.04210526315789,6.625,6,6.83928571428571,6.88421052631579,19,14,1,14,19,1086,768,318,65,382,704,6.96470994475138,7.24322916666667,6.29205974842767,6.65692307692308,6.88272251308901,7.00919744318182,64
"66",2006,10,6.62066666666667,30,6.98,6,5.75,6.5,6.65083333333333,19,11,4,6,24,1116,787,329,69,388,728,6.95546146953405,7.23687420584498,6.28229483282675,6.60434782608696,6.87680412371134,6.99738324175824,65
"67",2006,11,6.95161290322581,31,7.25,6.40909090909091,8,6.72222222222222,7.04545454545455,20,11,1,9,22,1147,807,340,70,397,750,6.95535745422842,7.23719950433705,6.28639705882353,6.62428571428571,6.87329974811083,6.99879333333333,66
"68",2006,12,6.90487804878049,41,7.00333333333333,6.63636363636364,7,7.41818181818182,6.71666666666667,30,11,1,11,30,1188,837,351,71,408,780,6.95361531986532,7.22881720430107,6.29736467236467,6.62957746478873,6.88799019607843,6.98794230769231,67
"69",2007,1,6.82083333333333,48,6.82571428571429,6.80769230769231,7.25,6.6,6.92121212121212,35,13,2,15,33,1236,872,364,73,423,813,6.94845873786408,7.2126376146789,6.31559065934066,6.64657534246575,6.87777777777778,6.98523370233702,68
"70",2007,2,6.73294959183673,49,6.98214285714286,6.4006919047619,6.66666666666667,6.10714285714286,6.98327228571429,28,21,3,14,35,1285,900,385,76,437,848,6.94024087937743,7.20546666666667,6.32023254545455,6.64736842105263,6.85308924485126,6.98515274764151,69
"71",2007,3,6.81,40,7.08846153846154,6.29285714285714,5.5,6.50666666666667,6.992,26,14,2,15,25,1325,926,399,78,452,873,6.93630907924528,7.20218142548596,6.31927200501253,6.61794871794872,6.84159292035398,6.98534883161512,70
"72",2007,4,6.77,30,6.83157894736842,6.66363636363636,7.25,6.8125,6.75454545454545,19,11,2,8,22,1355,945,410,80,460,895,6.93262695940959,7.19473015873016,6.32851104878049,6.63375,6.84108695652174,6.97967545251397,71
"73",2007,5,7.01851851851852,27,7.11904761904762,6.66666666666667,6.5,6.5,7.32352941176471,21,6,2,10,17,1382,966,416,82,470,912,6.93430501447178,7.19308488612836,6.33338829326923,6.63048780487805,6.83382978723404,6.98608501096491,72
"74",2007,6,6.85277777777778,36,6.968,6.59090909090909,7,7.05555555555556,6.65,25,11,2,18,18,1418,991,427,84,488,930,6.93223521156558,7.18740665993945,6.34002231850117,6.63928571428571,6.84200819672131,6.97958013978495,73
"75",2007,7,6.61764705882353,34,7,6.07142857142857,5.33333333333333,5.66666666666667,7.13636363636364,20,14,3,12,22,1452,1011,441,87,500,952,6.92486882231405,7.18369930761622,6.33149553287982,6.59425287356322,6.8138,6.98320328781513,74
"76",2007,8,6.84125,40,6.97777777777778,6.55769230769231,6.5,6.859375,6.82916666666667,27,13,2,16,24,1492,1038,454,89,516,976,6.9226270308311,7.1783429672447,6.33797253303965,6.59213483146067,6.81521317829457,6.97941550204918,75
"77",2007,9,6.78048780487805,41,7.13636363636364,6.36842105263158,6.66666666666667,6.64705882352941,6.875,22,19,3,17,24,1533,1060,473,92,533,1000,6.91882552511415,7.17747169811321,6.33919562367865,6.5945652173913,6.80984990619137,6.97690953,76
"78",2007,10,6.38272727272727,44,7.0336,5.52631578947368,6.33333333333333,6.44,6.36363636363636,25,19,3,11,33,1577,1085,492,95,544,1033,6.90386780596068,7.17415668202765,6.30780392276423,6.58631578947368,6.80237132352941,6.95731803484995,77
"79",2007,11,6.5,41,6.8125,6.05882352941176,6.6,7.07142857142857,6.2037037037037,24,17,5,14,27,1618,1109,509,100,558,1060,6.89363382571075,7.1663300270514,6.29948827111984,6.587,6.80912186379928,6.93812219811321,78
"80",2007,12,6.80984848484848,66,7.14878048780488,6.254,6,6.54038461538462,6.985,41,25,4,26,40,1684,1150,534,104,584,1100,6.89035007719715,7.16570434782609,6.29735867041198,6.56442307692308,6.79715753424658,6.93982684545454,79
"81",2008,1,6.52985074626866,67,6.94594594594595,6.01666666666667,6.5,6.25,6.68604651162791,37,30,6,24,43,1751,1187,564,110,608,1143,6.87655598515134,7.15885425442291,6.28242824468085,6.56090909090909,6.77555921052632,6.93027955380577,80
"82",2008,2,6.7,42,7.01481481481482,6.13333333333333,4,6.69230769230769,6.70344827586207,27,15,1,13,29,1793,1214,579,111,621,1172,6.87242026213051,7.15565074135091,6.27856568221071,6.53783783783784,6.77381642512077,6.92466683447099,81
"83",2008,3,6.77179487179487,39,6.91739130434783,6.5625,6.58333333333333,6.51,6.86206896551724,23,16,6,10,29,1832,1237,595,117,631,1201,6.87027812772926,7.1512206952304,6.2862008907563,6.54017094017094,6.76963549920761,6.9231553122398,82
"84",2008,4,6.90839473684211,38,6.71095,7.12777777777778,7.9,6.88607692307692,6.92,20,18,3,13,25,1870,1257,613,120,644,1226,6.87105268983957,7.14421559268099,6.31091277324633,6.57416666666667,6.77198602484472,6.92309097063622,83
"85",2008,5,6.98055555555556,36,6.87727272727273,7.14285714285714,6.25,7.09090909090909,6.932,22,14,2,11,25,1906,1279,627,122,655,1251,6.87312094963274,7.13962392494136,6.32948888357257,6.56885245901639,6.77734198473283,6.92326900879296,84
"86",2008,6,6.69871794871795,39,7.15789473684211,6.2625,5.33333333333333,6.46153846153846,6.81730769230769,19,20,3,13,26,1945,1298,647,125,668,1277,6.86962392287918,7.13989137134052,6.32741812982998,6.5392,6.77119610778443,6.92111161315583,85
"87",2008,7,6.88260869565217,46,7.46538461538462,6.125,6.2,7.03846153846154,6.82121212121212,26,20,10,13,33,1991,1324,667,135,681,1310,6.86992392265193,7.1462832326284,6.32134862068965,6.51407407407407,6.77629809104259,6.9185950610687,86
"88",2008,8,7.08974358974359,39,7.44347826086956,6.58125,6.32857142857143,6.65,7.24137931034483,23,16,7,10,29,2030,1347,683,142,691,1339,6.8741470591133,7.15135783221975,6.3274370863836,6.50492957746479,6.77447033285094,6.92558590739358,87
"89",2008,9,6.52368421052632,38,7.32173913043478,5.3,5.375,5.83333333333333,6.84230769230769,23,15,8,12,26,2068,1370,698,150,703,1365,6.86770721953578,7.15421824817518,6.30535749283668,6.44466666666667,6.75840540540541,6.92399965567766,88
"90",2008,10,6.86538461538461,39,7.16666666666667,6.38333333333333,6.90625,7,6.79,24,15,8,14,25,2107,1394,713,158,717,1390,6.86766422876127,7.15443256814921,6.30699793828892,6.46803797468354,6.76312273361228,6.92158958992806,89
"91",2008,11,6.79230769230769,52,6.9741935483871,6.52380952380952,6.08333333333333,6.57272727272727,6.85121951219512,31,21,6,11,41,2159,1425,734,164,728,1431,6.86584924965262,7.15051157894737,6.31320099455041,6.45396341463415,6.76024587912088,6.91957339622641,90
"92",2008,12,6.82162162162162,37,7.05238095238095,6.51875,6.88,6.36666666666667,7.04,21,16,5,12,25,2196,1446,750,169,740,1456,6.86510406648452,7.14908644536653,6.31758604,6.46656804733728,6.75386351351352,6.92164116071428,91
"93",2009,1,6.54916666666667,60,6.92236842105263,5.90454545454545,5,6.49090909090909,6.58289473684211,38,22,4,22,38,2256,1484,772,173,762,1494,6.85670147606383,7.14328099730458,6.30581545336787,6.43265895953757,6.74627165354331,6.91302512048193,92
"94",2009,2,6.54146341463415,82,6.96176470588235,6.24375,5.93846153846154,6.125,6.6758064516129,34,48,13,20,62,2338,1518,820,186,782,1556,6.84564522241232,7.13921541501976,6.30218235365854,6.39811827956989,6.73038235294118,6.90357296272493,93
"95",2009,3,6.55833333333333,72,7.10625,6.12,6.09090909090909,6.57333333333333,6.55438596491228,32,40,11,15,57,2410,1550,860,197,797,1613,6.83706163070539,7.13853483870968,6.29370875581395,6.38096446700508,6.72742659974906,6.89123343459392,94
"96",2009,4,6.67397260273973,73,7.22424242424242,6.22,6,7.225,6.5655737704918,33,40,9,12,61,2483,1583,900,206,809,1674,6.83226682641965,7.14032154137713,6.29043281111111,6.36432038834951,6.73480716934487,6.87936650537634,95
"97",2009,5,6.55925925925926,54,7.08095238095238,6.22727272727273,7.1125,6.80769230769231,6.48048780487805,21,33,8,13,41,2537,1604,933,214,822,1715,6.82645586519511,7.13954426433915,6.28819885316184,6.39228971962617,6.7359598540146,6.86983062973761,96
"98",2009,6,6.83362068965517,58,6.97647058823529,6.63125,5.75,6.97142857142857,6.78977272727273,34,24,6,14,44,2595,1638,957,220,836,1759,6.82661600385356,7.13615934065934,6.29680201671891,6.37477272727273,6.73990311004785,6.86782804434338,97
"99",2009,7,6.93229166666667,48,7.51739130434783,6.394,6.60416666666667,6.725,7.00138888888889,23,25,12,12,36,2643,1661,982,232,848,1795,6.82853519863791,7.14143829018663,6.29927650712831,6.38663793103448,6.73969221698113,6.87050670194986,98
"100",2009,8,6.77830188679245,53,7.44166666666667,5.91304347826087,5.65,6.234375,7.01351351351351,30,23,10,16,37,2696,1691,1005,242,864,1832,6.82754767433234,7.14676463630988,6.29043734328358,6.35619834710744,6.73033449074074,6.87339493995633,99
"101",2009,9,6.675,38,7.2275,6.06111111111111,5.96666666666667,6.740625,6.62727272727273,20,18,6,16,22,2734,1711,1023,248,880,1854,6.82542740673007,7.14770835768556,6.28640227761486,6.34677419354839,6.73052159090909,6.87047439590075,100
"102",2009,10,6.90425531914894,47,7.07291666666667,6.72826086956522,6.1,7.31111111111111,6.80789473684211,24,23,5,9,38,2781,1735,1046,253,889,1892,6.82675962962963,7.14667377521614,6.29611809751434,6.34189723320158,6.73639932508437,6.86921751057082,101
"103",2009,11,6.81692307692308,65,7.046875,6.59393939393939,7.38333333333333,7.275,6.71320754716981,32,33,12,12,53,2846,1767,1079,265,901,1945,6.82653497189037,7.14486644029428,6.30522662650602,6.38905660377358,6.74357269700333,6.86496633933162,102
"104",2009,12,6.90254237288136,59,7.075,6.72413793103448,6.94444444444444,6.95588235294118,6.88095238095238,30,29,9,17,42,2905,1797,1108,274,918,1987,6.82807866781411,7.1437000556483,6.31619091155235,6.40729927007299,6.74750435729848,6.86530424257675,103
"105",2010,1,6.42017543859649,57,7.17608695652174,5.90882352941177,4.78571428571429,6.95,6.30744680851064,23,34,7,10,47,2962,1820,1142,281,928,2034,6.82022907832545,7.14410934065934,6.30406263572679,6.36690391459075,6.7496864224138,6.85241373156342,104
"106",2010,2,6.94347826086956,46,7.32,6.4952380952381,5.97142857142857,6.5,6.99756097560976,25,21,7,5,41,3008,1845,1163,288,933,2075,6.82211387300532,7.14649268292683,6.30751464316423,6.35729166666667,6.74834833869239,6.85528170120482,105
"107",2010,3,6.73695652173913,46,7.12727272727273,6.37916666666667,6.33333333333333,6.82,6.71388888888889,22,24,3,10,36,3054,1867,1187,291,943,2111,6.82083121480026,7.14626620246384,6.30896337826453,6.35704467353952,6.74910816542948,6.85287045476078,106
"108",2010,4,6.72413793103448,29,7.17857142857143,6.3,7,7,6.68,14,15,1,4,25,3083,1881,1202,292,947,2136,6.81992167693805,7.14650664540138,6.30885152246256,6.35924657534246,6.75016789862725,6.8508471582397,107
"109",2010,5,6.86071428571429,35,7.20588235294118,6.53472222222222,6.4,7.1125,6.76,17,18,5,10,25,3118,1898,1220,297,957,2161,6.82037957985888,7.14703846153846,6.31218404098361,6.35993265993266,6.75395402298851,6.84979617306802,108
"110",2010,6,6.5,24,7.14285714285714,5.6,5.25,6.35714285714286,6.55882352941176,14,10,4,7,17,3142,1912,1230,301,964,2178,6.81793237746658,7.14700784518828,6.30639392682927,6.34518272425249,6.75107261410789,6.84752503673094,109
"111",2010,7,6.67435897435897,39,6.88947368421053,6.47,6,6.25,6.75151515151515,19,20,4,6,33,3181,1931,1250,305,970,2211,6.81617212511789,7.14447384774728,6.309011624,6.34065573770492,6.74797319587629,6.84609205336951,110
"112",2010,8,6.55217391304348,46,6.90952380952381,6.252,6.71666666666667,5.84444444444444,6.72432432432432,21,25,6,9,37,3227,1952,1275,311,979,2248,6.81240890300589,7.14194620901639,6.30789374901961,6.34790996784566,6.73966700715016,6.84408786921708,111
"113",2010,9,6.36538461538461,26,6.44285714285714,6.275,6.66666666666667,6.23333333333333,6.38260869565217,14,12,3,3,23,3253,1966,1287,314,982,2271,6.80883600676299,7.13696795523906,6.30758704739705,6.35095541401274,6.73812016293279,6.83941414795244,112
"114",2010,10,6.41176470588235,34,6.82352941176471,6,5.57142857142857,6.5,6.38461538461539,17,17,7,8,26,3287,1983,1304,321,990,2297,6.80472878916946,7.13428088754412,6.30357709355828,6.33395638629283,6.73619595959596,6.83426622986504,113
"115",2010,11,6.525,64,6.92162162162162,5.98148148148148,5.75,7.03571428571429,6.382,37,27,4,14,50,3351,2020,1331,325,1004,2347,6.79938631154879,7.13038564356436,6.29704322314049,6.32676923076923,6.74037250996016,6.82463124414146,114
"116",2010,12,6.36413043478261,46,6.54761904761905,6.21,6.125,5.21428571428571,6.57051282051282,21,25,8,7,39,3397,2041,1356,333,1011,2386,6.79349235501913,7.12438951494365,6.2954384439528,6.32192192192192,6.72980613254204,6.82047759010897,115
"117",2011,1,6.73909090909091,55,7.125,6.39310344827586,6.22857142857143,6.35714285714286,6.79479166666667,26,29,7,7,48,3452,2067,1385,340,1018,2434,6.79262558806489,7.12439719400097,6.29748341516245,6.32,6.72724361493124,6.81997104765817,116
"118",2011,2,6.74042553191489,47,7.23333333333333,6.34230769230769,6.45,6.52857142857143,6.7775,21,26,4,7,40,3499,2088,1411,344,1025,2474,6.7919244155473,7.12549281609195,6.29830937632884,6.32151162790698,6.72588682926829,6.8192843694422,117
"119",2011,3,6.95853658536585,41,6.86842105263158,7.03636363636364,6.51428571428571,7,6.95142857142857,19,22,7,6,35,3540,2107,1433,351,1031,2509,6.79385410451977,7.12317465590887,6.30964028611305,6.32535612535612,6.72748205625606,6.82112775209246,118
"120",2011,4,6.5484375,32,7.2375,5.859375,6.2,6.46666666666667,6.56730769230769,16,16,5,6,26,3572,2123,1449,356,1037,2535,6.79165552351624,7.12403626943005,6.30466841269841,6.32359550561798,6.72597299903568,6.818524469428,119
"121",2011,5,6.69,35,6.884375,6.52631578947368,6,6.3,6.846,16,19,8,10,25,3607,2139,1468,364,1047,2560,6.7906691239257,7.1222435717625,6.30753714577656,6.31648351648352,6.72190448901624,6.81879278515625,120
"122",2011,6,6.87586206896552,29,7.38571428571429,6.4,6.75,7.775,6.732,14,15,4,4,25,3636,2153,1483,368,1051,2585,6.79134860561056,7.12395680445889,6.30847237356709,6.32119565217391,6.7259124643197,6.81795339651837,121
"123",2011,7,6.73181818181818,44,7.135,6.39583333333333,6.675,6.25,6.87352941176471,20,24,8,10,34,3680,2173,1507,376,1061,2619,6.79063682880435,7.12405844454671,6.30986365627073,6.32872340425532,6.72142695570217,6.81867488736159,122
"124",2011,8,6.64,40,6.89565217391304,6.29411764705882,6.1,6.16666666666667,6.77741935483871,23,17,5,9,31,3720,2196,1524,381,1070,2650,6.78901707795699,7.12166621129326,6.30968801181102,6.3257217847769,6.71676074766355,6.8181922754717,123
"125",2011,9,6.66333333333333,30,7.63636363636364,6.1,5.375,6.42857142857143,6.73478260869565,11,19,8,7,23,3750,2207,1543,389,1077,2673,6.788011608,7.12423153602175,6.30710598185353,6.30616966580977,6.71488765088208,6.81747457164235,124
"126",2011,10,6.74,45,7.12727272727273,6.3695652173913,6.875,6.77777777777778,6.73055555555556,22,23,4,9,36,3795,2229,1566,393,1086,2709,6.78744230039526,7.12426155226559,6.30802332694764,6.31195928753181,6.71540883977901,6.81631950166113,125
"127",2011,11,6.861,50,7.20208333333333,6.54615384615385,5.76666666666667,6.675,6.89642857142857,24,26,9,8,42,3845,2253,1592,402,1094,2751,6.78839883745124,7.12509054593875,6.31191239321608,6.29975124378109,6.71511334552103,6.81754254089422,126
"128",2011,12,6.4875,40,6.85714285714286,6.07894736842105,6,6.71428571428571,6.43939393939394,21,19,2,7,33,3885,2274,1611,404,1101,2784,6.78530077992278,7.12261609498681,6.30916482309125,6.29826732673267,6.7151080835604,6.81306017600575,127
"129",2012,1,6.78928571428571,56,7.06666666666667,6.39130434782609,6.5,6.92222222222222,6.76382978723404,33,23,3,9,47,3941,2307,1634,407,1110,2831,6.78535740421213,7.12181577806675,6.31032100979192,6.2997542997543,6.71678738738739,6.81224285764747,128
"130",2012,2,6.57159090909091,44,6.94736842105263,6.286,6.27272727272727,6.23888888888889,6.65714285714286,19,25,11,9,35,3985,2326,1659,418,1119,2866,6.7829971217064,7.12039079965606,6.3099545087402,6.29904306220096,6.7129436997319,6.81034875436148,129
"131",2012,3,7.05161290322581,31,6.99473684210526,7.14166666666667,6.75,6.9,7.088,19,12,2,6,25,4016,2345,1671,420,1125,2891,6.7850706000996,7.11937270788913,6.31592730700179,6.30119047619048,6.71394133333333,6.81274975095123,130
"132",2012,4,6.71323529411765,34,7.15277777777778,6.21875,5.75,6.66666666666667,6.72321428571429,18,16,4,6,28,4050,2363,1687,424,1131,2919,6.78446753827161,7.11962716885315,6.31500564908121,6.29599056603774,6.71369053934571,6.81189089756766,131
"133",2012,5,6.60263157894737,38,6.87777777777778,6.355,6.25,6.3,6.64848484848485,18,20,4,5,33,4088,2381,1707,428,1136,2952,6.78277728228963,7.11779882402352,6.31547424135911,6.29556074766355,6.71186971830986,6.81006420392954,132
"134",2012,6,6.41612903225806,31,6.81818181818182,6.195,6.32222222222222,6.68181818181818,6.27,11,20,9,11,20,4119,2392,1727,437,1147,2972,6.78001785142025,7.11642098662207,6.31407905616676,6.29610983981693,6.71158151700087,6.80642985531628,133
"135",2012,7,6.80966666666667,30,7.16666666666667,6.45266666666667,7.125,7,6.75173913043478,15,15,4,7,23,4149,2407,1742,441,1154,2995,6.7802322318631,7.11673410884919,6.31527240528129,6.30362811791383,6.71333102253033,6.80600985976628,134
"136",2012,8,7.04285714285714,35,7.13888888888889,6.94117647058824,6.6875,8,6.8448275862069,18,17,8,6,29,4184,2425,1759,449,1160,3024,6.78242914196941,7.11689855670103,6.3213215065378,6.31046770601336,6.71998620689655,6.80638211970899,135
"137",2012,9,7.01923076923077,26,6.91666666666667,7.10714285714286,7.5,6,7.06,12,14,3,1,25,4210,2437,1773,452,1161,3049,6.78389157482185,7.11591259745589,6.32752652566272,6.31836283185841,6.71936606373816,6.80846163660217,136
"138",2012,10,6.62121212121212,33,6.9375,6.32352941176471,5.9,5.83333333333333,6.7962962962963,16,17,5,6,27,4243,2453,1790,457,1167,3076,6.78262633278341,7.11474887892377,6.32748856424581,6.31378555798687,6.71481062553556,6.80835485370611,137
"139",2012,11,6.64888888888889,45,6.96666666666667,6.37083333333333,6.21111111111111,6.14444444444444,6.775,21,24,9,9,36,4288,2474,1814,466,1176,3112,6.78122283815299,7.11349191592563,6.32806203417861,6.3118025751073,6.71044557823129,6.80796900064267,138
"140",2012,12,6.6,48,6.92592592592593,6.18095238095238,6.38333333333333,6.18181818181818,6.72432432432432,27,21,6,11,37,4336,2501,1835,472,1187,3149,6.77921668127306,7.11146701319472,6.32637849046321,6.31271186440678,6.70554675652907,6.80698619561766,139
"141",2013,1,6.96,45,7.47592592592593,6.18611111111111,6,6.95,6.96323529411765,27,18,1,11,34,4381,2528,1853,473,1198,3183,6.78107362017804,7.11535957278481,6.32501593631948,6.31205073995772,6.70779131886478,6.8086552089224,140
"142",2013,2,6.86,25,7.03333333333333,6.6,7.5,7,6.85416666666667,15,10,2,1,24,4406,2543,1863,475,1199,3207,6.78152145483432,7.11487573731813,6.32649196457327,6.31705263157895,6.70803502919099,6.80899579981291,141
"143",2013,3,6.32162162162162,37,6.8125,5.94761904761905,5.46666666666667,6.91428571428571,6.18333333333333,16,21,3,7,30,4443,2559,1884,478,1206,3237,6.7776915440018,7.11298515044939,6.32226885881104,6.31171548117155,6.70923217247098,6.80319725980847,142
"144",2013,4,6.471875,32,6.85882352941176,6.03333333333333,6.57142857142857,6.82,6.40740740740741,17,15,7,5,27,4475,2576,1899,485,1211,3264,6.77550469944134,7.1113078416149,6.31998658767772,6.31546391752577,6.70968951279934,6.79992326286765,143
"145",2013,5,6.69193548387097,31,6.86333333333333,6.53125,6.41666666666667,6.9,6.65192307692308,15,16,6,5,26,4506,2591,1915,491,1216,3290,6.77492976697737,7.10987225009649,6.32175171279373,6.31670061099796,6.71047203947368,6.79875365653495,144
"146",2013,6,6.16363636363636,33,6.59411764705882,5.70625,5.33333333333333,6.83333333333333,6.01481481481482,17,16,3,6,27,4539,2608,1931,494,1222,3317,6.77048546596167,7.10651035276073,6.3166517503884,6.31072874493927,6.71107528641571,6.79237248417245,145
"147",2013,7,6.71212121212121,33,7.16,6.02307692307692,6.3,7.0875,6.592,20,13,5,8,25,4572,2628,1944,499,1230,3342,6.77006420166229,7.10691742770167,6.31468854423868,6.31062124248497,6.71352357723577,6.79087358767205,146
"148",2013,8,6.36785714285714,28,6.44545454545455,6.31764705882353,6.225,6.78571428571429,6.22857142857143,11,17,4,7,21,4600,2639,1961,503,1237,3363,6.76761598478261,7.10416028798787,6.31471419173891,6.30994035785288,6.71393209377526,6.78736233422539,147
"149",2013,9,6.72777777777778,36,7.46666666666667,6.35833333333333,6.5625,6,6.77058823529412,12,24,8,2,34,4636,2651,1985,511,1239,3397,6.76730662855911,7.10580120709166,6.3152415768262,6.31389432485323,6.71277966101695,6.78719444509862,148
"150",2013,10,6.91428571428571,28,7.10666666666667,6.69230769230769,6.66666666666667,6.9375,6.905,15,13,12,8,20,4664,2666,1998,523,1247,3417,6.76818900728988,7.10580607651913,6.31769495995996,6.32198852772467,6.71422133119487,6.78788397131987,149
"151",2013,11,6.585,50,6.97,6.2,5.78571428571429,6.66666666666667,6.57978723404255,25,25,7,3,47,4714,2691,2023,530,1250,3464,6.76624597581672,7.10454440728354,6.31624049925852,6.31490566037736,6.7141072,6.78506048787529,150
"152",2013,12,6.73644444444444,45,7.16692307692308,6.14736842105263,5.7,6.23625,6.84459459459459,26,19,5,8,37,4759,2717,2042,535,1258,3501,6.76596417944947,7.10514133235186,6.31466921155729,6.30915887850467,6.71106836248013,6.7856896686661,151
"153",2014,1,6.92391304347826,46,7.4,6.4875,5.83333333333333,6.83333333333333,6.94594594594595,22,24,6,9,37,4805,2739,2066,541,1267,3538,6.76747628095734,7.10750967506389,6.31667692642788,6.30388170055453,6.71193685872139,6.78736561051442,152
"154",2014,2,6.91025641025641,39,7.05882352941176,6.79545454545454,6.5125,6,6.93421052631579,17,22,8,1,38,4844,2756,2088,549,1268,3576,6.76862583195706,7.10720936139332,6.32172151819923,6.30692167577414,6.71137539432177,6.78892604306488,153
"155",2014,3,6.65454545454545,33,7.04166666666667,6.43333333333333,6.87142857142857,6.86666666666667,6.60740740740741,12,21,7,6,27,4877,2768,2109,556,1274,3603,6.76785391224113,7.106925216763,6.32283287339971,6.31402877697842,6.71210675039247,6.7875657868443,154
"156",2014,4,6.78653846153846,26,7.41,6.396875,6,6,6.88913043478261,10,16,4,3,23,4903,2778,2125,560,1277,3626,6.76795299408526,7.1080161987041,6.32339036705882,6.31178571428571,6.71043382928739,6.78821001930502,155
"157",2014,5,7.12758620689655,29,8.04375,6,6.35714285714286,6.74,7.20833333333333,16,13,7,5,24,4932,2794,2138,567,1282,3650,6.77006762570965,7.11337473156764,6.32142400841908,6.31234567901235,6.71054914196568,6.7909724739726,156
"158",2014,6,6.7375,20,7.18181818181818,6.19444444444444,5.6,6.58333333333333,6.80357142857143,11,9,5,6,14,4952,2805,2147,572,1288,3664,6.76993609248788,7.1136431372549,6.32089172333488,6.30611888111888,6.70995652173913,6.79102061408297,157
"159",2014,7,6.30434782608696,23,6.95833333333333,5.59090909090909,6.66666666666667,6.71428571428571,6.125,12,11,3,7,16,4975,2817,2158,575,1295,3680,6.7677836241206,7.11298154064608,6.31717077386469,6.308,6.70997992277993,6.78812487228261,158
"160",2014,8,6.75833333333333,30,7.07666666666667,6.44,6,6.86428571428571,6.72608695652174,15,15,2,7,23,5005,2832,2173,577,1302,3703,6.76772697902098,7.11278919491525,6.31801865163369,6.30693240901213,6.71080952380952,6.78773954361329,159
"161",2014,9,6.46184210526316,38,7.07380952380952,5.70588235294118,7.2,6.47142857142857,6.45967741935484,21,17,5,7,31,5043,2853,2190,582,1309,3734,6.76542207614515,7.11250227830354,6.3132669086758,6.31460481099656,6.70952941176471,6.78501594268881,160
"162",2014,10,6.55483870967742,31,7.09166666666667,6.21578947368421,7,6.14285714285714,6.675,12,19,4,7,24,5074,2865,2209,586,1316,3758,6.76413550059125,7.112415008726,6.31242848800362,6.31928327645051,6.70651519756839,6.78431333954231,161
"163",2014,11,6.62093023255814,43,6.8,6.50384615384615,6.6625,7.12857142857143,6.52222222222222,17,26,8,7,36,5117,2882,2235,594,1323,3794,6.76293209497753,7.1105721721027,6.31465527069351,6.32390572390572,6.70874829931973,6.78182644438587,162
"164",2014,12,7.04193548387097,31,7.27777777777778,6.71538461538462,6.3,7.25714285714286,6.97916666666667,18,13,6,7,24,5148,2900,2248,600,1330,3818,6.76461218531469,7.11161,6.31697265569395,6.32366666666667,6.71163458646617,6.78306692771084,163
"165",2015,1,7.15744680851064,47,7.45625,6.52,6.67142857142857,7.6625,7.05384615384615,32,15,7,8,39,5195,2932,2263,607,1338,3857,6.76816622329163,7.11537141882674,6.3183183959346,6.32767710049423,6.71731988041853,6.78580490795956,164
"166",2015,2,6.70294117647059,34,7.38571428571429,6.225,6.61111111111111,6.75,6.69285714285714,14,20,9,6,28,5229,2946,2283,616,1344,3885,6.76774211703959,7.11665614392396,6.3175008891809,6.33181818181818,6.71746577380952,6.78513501415702,165
"167",2015,3,6.60833333333333,24,7.35384615384615,5.72727272727273,6.125,6.5,6.61818181818182,13,11,4,2,22,5253,2959,2294,620,1346,3907,6.76701380734818,7.11769820885434,6.31467067567567,6.33048387096774,6.7171426448737,6.78419491425646,166
"168",2015,4,6.95,36,7.41176470588235,6.53684210526316,6.5625,7.125,6.9,17,19,8,8,28,5289,2976,2313,628,1354,3935,6.76825931745131,7.11937802419355,6.31649568958063,6.33343949044586,6.71955243722304,6.78501894027954,167
"169",2015,5,6.75147058823529,34,7.26764705882353,6.23529411764706,6.83333333333333,7.33333333333333,6.69516129032258,17,17,6,3,31,5323,2993,2330,634,1357,3966,6.76815208153297,7.12022018042098,6.31590323175966,6.33817034700316,6.72090935887988,6.78431657337368,168
"170",2015,6,6.40868421052632,38,6.90684210526316,5.91052631578947,6,5.5,6.5790625,19,19,8,6,32,5361,3012,2349,642,1363,3998,6.76560409065473,7.11887416998672,6.31262432098765,6.33395638629284,6.71553484959648,6.78267371935968,169
"171",2015,7,6.66,25,7,6.22727272727273,6,6,6.71739130434783,14,11,4,2,23,5386,3026,2360,646,1365,4021,6.76511391199406,7.11832419035029,6.31222649576271,6.33188854489164,6.71448644688645,6.78230030589406,170
"172",2015,8,6.71088235294118,34,7.12058823529412,6.30117647058823,6.91666666666667,6.642,6.73958333333333,17,17,6,10,24,5420,3043,2377,652,1375,4045,6.76477371402214,7.11833683864607,6.31214746739588,6.33726993865031,6.71395927272727,6.78204685537701,171
"173",2015,9,6.43793103448276,29,6.85,6.14705882352941,6.5,6.07142857142857,6.55454545454545,12,17,4,7,22,5449,3055,2394,656,1382,4067,6.76303423196917,7.11728281505728,6.31097515873016,6.33826219512195,6.71070477568741,6.78081621096632,172
"174",2015,10,6.73243243243243,37,7.11904761904762,6.225,NA,7.16666666666667,6.64838709677419,21,16,0,6,31,5486,3076,2410,656,1388,4098,6.76282783995625,7.11729486345903,6.3104043692946,6.33826219512195,6.7126757925072,6.77981442898975,173
"175",2015,11,6.76041666666667,48,6.91818181818182,6.62692307692308,6.67142857142857,7,6.70512820512821,22,26,7,9,39,5534,3098,2436,663,1397,4137,6.76280692627394,7.11588089089735,6.31378264778325,6.34177978883861,6.7145268432355,6.77911035291274,174
"176",2015,12,6.54239130434783,46,7.01111111111111,6.24107142857143,6.40625,6.4375,6.56447368421053,18,28,8,8,38,5580,3116,2464,671,1405,4175,6.76098987992831,7.11527567394095,6.31295638392857,6.34254843517139,6.71294946619217,6.7771567736527,175
"177",2016,1,6.63181818181818,55,6.73620689655172,6.51538461538462,5,7.2,6.575,29,26,3,5,50,5635,3145,2490,674,1410,4225,6.75972910913931,7.11178028616852,6.31507009236948,6.33657270029674,6.71467659574468,6.77476438579882,176
"178",2016,2,6.971875,32,7.32352941176471,6.57333333333333,6.375,7.3,6.89615384615385,17,15,4,6,26,5667,3162,2505,678,1416,4251,6.7609270389977,7.11291872232764,6.31661657884231,6.3367994100295,6.71715677966102,6.77550682898142,177
"179",2016,3,6.62692307692308,26,6.56153846153846,6.69230769230769,6,6.33333333333333,6.66521739130435,13,13,4,3,23,5693,3175,2518,682,1419,4274,6.76031504127876,7.1106611023622,6.31855620730739,6.33482404692082,6.71634531360113,6.77491332007487,178
"180",2016,4,6.26333333333333,30,6.5125,5.97857142857143,6.14,6,6.29259259259259,16,14,5,3,27,5723,3191,2532,687,1422,4301,6.75770986021317,7.10766186148542,6.31667635466035,6.33340611353712,6.71483403656821,6.77188549872123,179
"181",2016,5,6.875,28,6.81578947368421,7,6.33333333333333,7,6.84090909090909,19,9,3,6,22,5751,3210,2541,690,1428,4323,6.75828091288472,7.10593426791277,6.31909662731208,6.33340579710145,6.71603221288515,6.77223676382142,180
"182",2016,6,6.47291666666667,24,6.88214285714286,5.9,6,6.45,6.47894736842105,14,10,2,5,19,5775,3224,2551,692,1433,4342,6.75709498354978,7.10496246898263,6.31745375539004,6.33244219653179,6.71510397766922,6.77095336941502,181
"183",2016,7,6.26785714285714,28,6.37857142857143,6.15714285714286,6.75,6,6.3125,14,14,6,4,24,5803,3238,2565,698,1437,4366,6.75473436670687,7.10182180358245,6.31657876413255,6.33603151862464,6.71311343075852,6.76843324095282,182
"184",2016,8,6.74021739130435,46,7.13684210526316,6.46111111111111,6,7.525,6.575,19,27,9,8,38,5849,3257,2592,707,1445,4404,6.75462019661481,7.10202609763586,6.31808430941358,6.33175388967468,6.71760830449827,6.76676419845595,183
"185",2016,9,6.73538461538462,39,7.38235294117647,6.23545454545455,6.31142857142857,7.636,6.60294117647059,17,22,7,5,34,5888,3274,2614,714,1450,4438,6.75449278702446,7.10348167379352,6.31738887911247,6.33155462184874,6.72077517241379,6.76550913249211,184
"186",2016,10,6.47361111111111,36,6.78666666666667,6.25,6.25,6.4,6.48548387096774,15,21,6,5,31,5924,3289,2635,720,1455,4469,6.75278587609723,7.10203678929765,6.31685181404175,6.330875,6.71967285223368,6.76356668829716,185
"187",2016,11,6.82612244897959,49,6.88074074074074,6.75909090909091,6.5,6.05555555555556,6.9995,27,22,2,9,40,5973,3316,2657,722,1464,4509,6.75338749874435,7.10023492159227,6.32051356040647,6.33134349030471,6.71559016393443,6.76565968729208,186
"188",2016,12,6.43243243243243,37,6.80555555555556,6.07894736842105,5.6,6.25,6.46774193548387,18,19,5,6,31,6010,3334,2676,727,1470,4540,6.75141156905158,7.09864397120575,6.31879840433483,6.3263136176066,6.71368979591837,6.76362544713656,187
"189",2017,1,6.3,53,6.68846153846154,5.92592592592593,7,7.21428571428571,6.16086956521739,26,27,1,7,46,6063,3360,2703,728,1477,4586,6.74746553356424,7.09546994047619,6.3148740399556,6.32723901098901,6.71606228842248,6.75757948757087,188
"190",2017,2,6.695,40,6.94444444444444,6.49090909090909,6.83,7.66666666666667,6.52352941176471,18,22,10,6,34,6103,3378,2725,738,1483,4620,6.74712166639358,7.09466518650088,6.31629524036697,6.33405149051491,6.71990829399865,6.75585704112554,189
"191",2017,3,6.53666666666667,30,7.03157894736842,5.68181818181818,5.75,6.725,6.50769230769231,19,11,4,4,26,6133,3397,2736,742,1487,4646,6.74609221098973,7.09431233441271,6.31374434576023,6.33090296495957,6.71992199058507,6.75446825871718,190
"192",2017,4,6.68484848484848,33,7.03181818181818,5.99090909090909,5.9,7.66666666666667,6.58666666666667,22,11,6,3,30,6166,3419,2747,748,1490,4676,6.74576443885826,7.09391020766305,6.31245159446669,6.32744652406417,6.72182818791946,6.75339168733961,191
"193",2017,5,6.61470588235294,34,7.12380952380952,5.79230769230769,4.5,7.36666666666667,6.45357142857143,21,13,2,6,28,6200,3440,2760,750,1496,4704,6.74504573064516,7.09409273255813,6.31000164130435,6.32257333333334,6.72441443850267,6.75160704294218,192
"194",2017,6,6.45,46,6.84166666666667,6.02272727272727,6.3,6.6,6.40833333333333,24,22,10,10,36,6246,3464,2782,760,1506,4740,6.74287280339417,7.0923438221709,6.3077298813803,6.32227631578948,6.72358831341301,6.74899990084388,193
"195",2017,7,6.6906976744186,43,6.85,6.52380952380952,6.55,6.25,6.79142857142857,22,21,6,8,35,6289,3486,2803,766,1514,4775,6.74251606455716,7.09081440045897,6.30934874420264,6.32406005221932,6.7210858652576,6.74931089633508,194
"196",2017,8,6.71176470588235,34,6.90526315789474,6.46666666666667,6.875,7.33333333333333,6.65161290322581,19,15,4,3,31,6323,3505,2818,770,1517,4806,6.74235070852443,7.08980855920114,6.31018613555713,6.32692207792208,6.72229663810152,6.74868071785269,195
"197",2017,9,6.44594594594595,37,6.88421052631579,5.98333333333333,7,NA,6.44594594594595,19,18,1,0,37,6360,3524,2836,771,1517,4843,6.74062634119497,7.08870005675368,6.30811161142454,6.32779507133593,6.72229663810152,6.74636785670039,196
"198",2017,10,6.42222222222222,27,6.58823529411765,6.14,6,7,6.4,17,10,2,1,26,6387,3541,2846,773,1518,4869,6.73928033975262,7.08629737362327,6.3075209170766,6.32694695989651,6.72247957839262,6.7445182850688,197
"199",2017,11,6.58571428571429,49,7.11666666666667,5.74736842105263,6,7.8,6.44772727272727,30,19,7,5,44,6436,3571,2865,780,1523,4913,6.7381111761964,7.08655250630075,6.30380611867365,6.32401282051282,6.72601707156927,6.74186027478119,198
"200",2017,12,6.85277777777778,36,7.5,6.48695652173913,6.54,6.85,6.853125,13,23,5,4,32,6472,3584,2888,785,1527,4945,6.73874900030902,7.08805217633928,6.3052647264543,6.32538853503185,6.72634184675835,6.74258028918099,199
"201",2018,1,6.92391304347826,46,7.30434782608696,6.54347826086957,6.25454545454545,6.8,6.95833333333333,23,23,11,10,36,6518,3607,2911,796,1537,4981,6.74005577324333,7.08943138342112,6.307146867056,6.3244095477387,6.72682108002602,6.74413963661915,200
"202",2018,2,7,25,7,7,6.25,8,6.95833333333333,17,8,2,1,24,6543,3624,2919,798,1538,5005,6.7410489882317,7.08901186534216,6.30904574511819,6.32422305764411,6.7276488946684,6.74516673926074,201
"203",2018,3,6.18411764705882,34,6.788,5.32142857142857,5.625,5.1875,6.49076923076923,20,14,4,8,26,6577,3644,2933,802,1546,5031,6.7381699148548,7.08735976948408,6.30433158199796,6.32073566084788,6.71967917205692,6.74385202345458,202
"204",2018,4,6.55,30,6.9375,6.10714285714286,6.8,7,6.51785714285714,16,14,5,2,28,6607,3660,2947,807,1548,5059,6.73731550325412,7.08670464480874,6.30339481845945,6.32370508054523,6.72004134366925,6.74260121170192,203
"205",2018,5,6.18181818181818,22,6.84615384615385,5.22222222222222,5,5.33333333333333,6.31578947368421,13,9,4,3,19,6629,3673,2956,811,1551,5078,6.73547194599487,7.08585325347127,6.30010302097429,6.31717632552405,6.71735912314636,6.74100423985821,204
"206",2018,6,6.92105263157895,19,7.28125,5,5,5.7,7.35714285714286,16,3,2,5,14,6648,3689,2959,813,1556,5092,6.73600233604091,7.08670073190566,6.29878490368368,6.31393603936039,6.71408997429306,6.74269825805185,205
"207",2018,7,5.94444444444444,27,6.66666666666667,5.04166666666667,4,6.25,5.89130434782609,15,12,3,4,23,6675,3704,2971,816,1560,5115,6.73280052883895,7.08499973002159,6.29370734769438,6.30542892156863,6.7129,6.73886989833822,206
"208",2018,8,6.48148148148148,27,7.31818181818182,5.90625,5.5,6.875,6.41304347826087,11,16,4,4,23,6702,3715,2987,820,1564,5138,6.73178805282005,7.08569017496635,6.29163191496485,6.3015,6.71331457800512,6.73741135266641,207
"209",2018,9,6.89583333333333,24,6.83333333333333,7.08333333333333,NA,6.5,6.93181818181818,18,6,0,2,22,6726,3733,2993,820,1566,5160,6.73237340618495,7.08447334583444,6.29321902104912,6.3015,6.71304214559387,6.73824021899225,208
"210",2018,10,6.62380952380952,42,7.14230769230769,5.78125,5.75,7.83333333333333,6.42222222222222,26,16,4,6,36,6768,3759,3009,824,1572,5196,6.73169969414894,7.08487337057728,6.29049668660685,6.29882281553398,6.71731806615776,6.73605071785989,209
"211",2018,11,6.61621621621622,37,6.625,6.60588235294118,5,5.75,6.72121212121212,20,17,2,4,33,6805,3779,3026,826,1576,5229,6.7310717898604,7.08243953426832,6.29226851619299,6.2956779661017,6.71486294416244,6.73595707209792,210
"212",2018,12,6.64444444444444,27,6.775,6.45454545454545,6,6.25,6.71304347826087,16,11,2,4,23,6832,3795,3037,828,1580,5252,6.73072943940281,7.08114334650856,6.29285628251564,6.29496376811594,6.71368607594937,6.73585672696116,211
"213",2019,1,6.69136363636364,44,6.72066666666667,6.62857142857143,5,7.46,6.59282051282051,30,14,1,5,39,6876,3825,3051,829,1585,5291,6.73047753490401,7.07831607843137,6.29439676499508,6.29340168878167,6.71604037854889,6.73480240597241,212
"214",2019,2,6.51629633333333,30,7.061805625,5.89285714285714,5,6.25,6.557265,16,14,4,4,26,6906,3841,3065,833,1589,5317,6.72954712134376,7.07824730278573,6.29256265252855,6.28719087635054,6.71486721208307,6.73393425239797,213
"215",2019,3,6.46969696969697,33,6.6,6.26923076923077,4.5,5,6.61666666666667,20,13,1,3,30,6939,3861,3078,834,1592,5347,6.72831134457415,7.07576997927997,6.29246410981157,6.2850479616307,6.71163567839196,6.73327630821021,214
"216",2019,4,6.54705882352941,34,7,6.18947368421053,6,6.66666666666667,6.53548387096774,15,19,1,3,31,6973,3876,3097,835,1595,5378,6.72742756632726,7.07547675180598,6.29183226670972,6.28470658682635,6.71155109717868,6.73213618817404,215
"217",2019,5,6.63666666666667,30,7.12352941176471,6,6.75,6.95,6.55833333333333,17,13,2,6,24,7003,3893,3110,837,1601,5402,6.72703875767528,7.07568658874903,6.29061238906752,6.28581839904421,6.71244472204872,6.73136401703073,216
"218",2019,6,6.25181818181818,22,6.40875,5.83333333333333,4.5,7.33333333333333,6.08105263157895,16,6,2,3,19,7025,3909,3116,839,1604,5421,6.72555052241993,7.07295673829624,6.28973187740693,6.28156138259833,6.71360598503741,6.72908474820144,217
"219",2019,7,6.54230769230769,26,6.853125,6.045,5.66666666666667,6.66666666666667,6.52608695652174,16,10,3,3,23,7051,3925,3126,842,1607,5444,6.72487482910225,7.07206060891719,6.28894898592451,6.27937054631829,6.71351835718731,6.72822711609111,218
"220",2019,8,6.59142857142857,35,7.09411764705882,6.11666666666667,6.5,5.025,6.79354838709677,17,18,4,4,31,7086,3942,3144,846,1611,5475,6.72421569573807,7.0721557305936,6.28796263676845,6.28041371158393,6.70932588454376,6.7285969716895,219
"221",2019,9,6.46,45,6.7,6.16,6.75,5.81428571428571,6.57894736842105,25,20,4,7,38,7131,3967,3164,850,1618,5513,6.72254836909269,7.06981040836904,6.28715377054362,6.28262352941177,6.70545364647713,6.72756546707782,220
"222",2019,10,6.56896551724138,29,6.71052631578947,6.3,5.5,7.25,6.51851851851852,19,10,2,2,27,7160,3986,3174,852,1620,5540,6.72192631564246,7.06809781485198,6.28719424385633,6.28078638497653,6.70612592592593,6.72654664620939,221
"223",2019,11,6.91025641025641,39,7.28260869565217,6.375,6.5,7.125,6.85483870967742,23,16,4,8,31,7199,4009,3190,856,1628,5571,6.72294657869148,7.06932848341232,6.28763464890282,6.28181074766355,6.70818427518428,6.72726053132292,222
"224",2019,12,6.47333333333333,30,6.40625,6.55,6.7,6.58333333333333,6.44583333333333,16,14,4,6,24,7229,4025,3204,860,1634,5595,6.72191069580855,7.06669264347826,6.28878106429463,6.28375581395349,6.70772582619339,6.72605333690796,223
"225",2020,1,6.57637931034483,58,6.865625,6.22038461538462,6.25,5.1,6.74673076923077,32,26,6,6,52,7287,4057,3230,866,1640,5647,6.72075235625086,7.06510670199655,6.28823050464396,6.28352193995381,6.70184390243903,6.72624374358066,224
"226",2020,2,6.58611111111111,36,6.71538461538462,6.25,5,6,6.63939393939394,26,10,1,3,33,7323,4083,3240,867,1643,5680,6.72009045746279,7.06287971834435,6.28811250925926,6.28204152249135,6.70056238587949,6.72573915845071,225
"227",2020,3,6.51666666666667,30,6.47058823529412,6.57692307692308,4.75,6.25,6.53571428571429,17,13,2,2,28,7353,4100,3253,869,1645,5708,6.71926049503604,7.06042387560975,6.28926668613587,6.27851553509782,6.70001458966565,6.72480701121234,226
"228",2020,4,6.28913043478261,46,6.40625,6.22666666666667,6,6.54285714285714,6.24358974358974,16,30,4,7,39,7399,4116,3283,873,1652,5747,6.71658635220976,7.05788092565597,6.28869464818763,6.27723940435281,6.69934866828087,6.72154139899078,227
"229",2020,5,6.61218181818182,55,6.86923076923077,6.38172413793103,6.23,7.14285714285714,6.53479166666667,26,29,9,7,48,7454,4142,3312,882,1659,5795,6.71581599409713,7.05669673829068,6.28950921799517,6.27675736961451,6.70122001205546,6.71999455047455,228
"230",2020,6,6.60400511627907,43,7.30769230769231,6.299074,6.35714285714286,7.07142857142857,6.51311722222222,13,30,7,7,36,7497,4155,3342,889,1666,5831,6.71517468854208,7.0574820433213,6.28959507779773,6.27739032620923,6.70277551020408,6.71871731092437,229
"231",2020,7,6.58461538461538,39,6.96111111111111,6.26190476190476,5.75,5.42857142857143,6.8375,18,21,4,7,32,7536,4173,3363,893,1673,5863,6.71449902335456,7.05706635274382,6.2894221677074,6.27502799552072,6.69744411237298,6.71936562169538,230
"232",2020,8,6.2948275862069,29,6.455,6.21052631578947,5.2,5.15,6.53333333333333,10,19,5,5,24,7565,4183,3382,898,1678,5887,6.71289023661599,7.05562703562036,6.28897893258427,6.26904231625835,6.69283313468415,6.71860720910481,231
"233",2020,9,6.22777777777778,36,6.61538461538461,6.00869565217391,5.625,5,6.3,13,23,4,2,34,7601,4196,3405,902,1680,5921,6.71059263781081,7.05426308150619,6.28708568281938,6.26618625277162,6.69081785714286,6.71620345211958,232
"234",2020,10,6.66363636363636,33,6.85625,6.48235294117647,6.25,6.85,6.65161290322581,16,17,2,2,31,7634,4212,3422,904,1682,5952,6.71038965679853,7.05351089506172,6.28805574225599,6.26615044247788,6.69100713436385,6.71586704301075,233
"235",2020,11,6.832,50,7.32,6.1,6.33333333333333,6,6.88510638297872,30,20,6,3,47,7684,4242,3442,910,1685,5999,6.71118097865695,7.05539554219707,6.28696303021499,6.26659340659341,6.68977685459941,6.71719297216203,234
"236",2020,12,6.46078431372549,51,7.16666666666667,5.83333333333333,5.5,6.41666666666667,6.46666666666667,24,27,1,6,45,7735,4266,3469,911,1691,6044,6.70953001163542,7.05602154008438,6.2834323292015,6.26575192096597,6.68880780603193,6.71532770350761,235
"237",2021,1,6.47537313432836,67,6.8984375,6.08857142857143,6.8,5.92857142857143,6.53916666666667,32,35,5,7,60,7802,4298,3504,916,1698,6104,6.70751917969751,7.05484827594229,6.2814859446347,6.26866812227074,6.68567373380448,6.71359610747051,236
"238",2021,2,6.46818181818182,44,6.79130434782609,6.11428571428571,6.2,5.64285714285714,6.62432432432432,23,21,6,7,37,7846,4321,3525,922,1705,6141,6.70617698699974,7.05344547327007,6.28048985815603,6.26822125813449,6.68139237536657,6.71305823807198,237
"239",2021,3,6.19512195121951,41,6.44117647058824,6.02083333333333,6,6.4375,6.13636363636364,17,24,3,8,33,7887,4338,3549,925,1713,6174,6.70352030429821,7.05104607883817,6.27873393913779,6.26735135135135,6.68025335668418,6.70997580822805,238
"240",2021,4,6.3551724137931,29,6.56153846153846,6.1875,5.5,6.75,6.292,13,16,4,4,25,7916,4351,3565,929,1717,6199,6.70224414350682,7.04958351873132,6.2783244740533,6.26404736275565,6.68041584158416,6.7082901500242,239
"241",2021,5,6.27575757575758,33,6.25,6.29047619047619,6.16666666666667,6.28333333333333,6.27407407407407,12,21,3,6,27,7949,4363,3586,932,1723,6226,6.70047359919487,7.04738434334173,6.27839563580591,6.2637339055794,6.67903308183401,6.70640710568583,240
"242",2021,6,6.2875,32,6.85,5.725,6,6.7,6.2448275862069,16,16,4,3,29,7981,4379,3602,936,1726,6255,6.69881777220899,7.04666313998629,6.27593746529706,6.26260683760684,6.6790695249131,6.70426708872902,241
"243",2021,7,6.805,40,7.57391304347826,5.76470588235294,7,7.04,6.77142857142857,23,17,1,5,35,8021,4402,3619,937,1731,6290,6.69934729335494,7.04941796683325,6.27353599060514,6.26339381003202,6.6801120739457,6.70464080127186,242
"244",2021,8,6.63470588235294,51,7.1548,6.13461538461539,5.7,6.5175,6.64468085106383,25,26,6,4,47,8072,4427,3645,943,1735,6337,6.69893888007929,7.05001307657555,6.27254506172839,6.25980911983033,6.67973717579251,6.70419609278839,243
"245",2021,9,6.34285714285714,35,6.96875,5.81578947368421,5.93333333333333,5.9375,6.46296296296296,16,19,3,8,27,8107,4443,3664,946,1743,6364,6.69740158381645,7.04972043439117,6.27017651473799,6.25877378435518,6.67633046471601,6.7031726335638,244
"246",2021,10,6.59838709677419,31,7.875,6.15434782608696,6,6.39,6.69761904761905,8,23,3,10,21,8138,4451,3687,949,1753,6385,6.69702440894569,7.05120374971916,6.26945395985896,6.25795574288725,6.67469709070166,6.70315436805012,245
"247",2021,11,6.59151515151515,33,7.001,5.96153846153846,NA,6.83666666666667,6.53703703703704,20,13,0,6,27,8171,4471,3700,949,1759,6412,6.69659829151878,7.05097917468127,6.26837209459459,6.25795574288725,6.67524957362138,6.70245487211479,246
"248",2021,12,6.3625,48,6.55,6.175,6.7,6.5875,6.3175,24,24,5,8,40,8219,4495,3724,954,1767,6452,6.69464711522083,7.04830431368186,6.26777034103115,6.26027253668763,6.67485229202038,6.7000682951023,247
"249",2022,1,6.42698412698413,63,6.696875,6.14838709677419,6.62,7.20454545454545,6.2625,32,31,5,11,52,8282,4527,3755,959,1778,6504,6.6926110408114,7.04582016567263,6.26678475366178,6.2621480709072,6.67812935883015,6.69656990159902,248
"250",2022,2,6.87272727272727,33,7.26842105263158,6.33571428571429,NA,7.5,6.81,19,14,0,3,30,8315,4546,3769,959,1781,6534,6.69332587372219,7.04675052573691,6.26704079331388,6.2621480709072,6.67951375631668,6.69709070094888,249
"251",2022,3,6.20516129032258,31,6.37692307692308,6.08111111111111,5.5,6.38444444444444,6.13181818181818,13,18,2,9,22,8346,4559,3787,961,1790,6556,6.69151265756051,7.04484051107699,6.2661570504357,6.26056191467222,6.67803016759777,6.6951938133008,250
"252",2022,4,6.66062058823529,34,7.18256875,6.19666666666667,6.5,6,6.701909375,16,18,2,2,32,8380,4575,3805,963,1792,6588,6.69138731980907,7.04532218360655,6.26582831800263,6.26105919003115,6.6772734375,6.69522643290832,251
"253",2022,5,6.52352941176471,34,7.06,6.1,6.475,6.7,6.51818181818182,15,19,4,1,33,8414,4590,3824,967,1793,6621,6.6907090254338,7.04537015032679,6.26500438023012,6.26194415718718,6.67728611266035,6.69434401752001,252
"254",2022,6,6.61851851851852,27,7.19230769230769,6.08571428571429,5.44,5,6.68076923076923,13,14,5,1,26,8441,4603,3838,972,1794,6647,6.69047811159815,7.04578513795351,6.26435037780094,6.25771604938272,6.67635117056856,6.69429091921168,253
"255",2022,7,7.04705882352941,17,7.28,6.71428571428571,7,6,7.1125,10,7,1,1,16,8458,4613,3845,973,1795,6663,6.69119481437692,7.046292865814,6.26516950585176,6.2584789311408,6.67597437325905,6.69529517334534,254
"256",2022,8,6.56896551724138,29,7,6.21875,5.3,5.73333333333333,6.66538461538462,13,16,4,3,26,8487,4626,3861,977,1798,6689,6.69077715800636,7.04616277345438,6.26497714322714,6.25455475946776,6.67440155728588,6.69517891164599,255
"257",2022,9,6.64242424242424,33,7.16428571428571,6.2578947368421,6.5,6.33333333333333,6.67333333333333,14,19,3,3,30,8520,4640,3880,980,1801,6719,6.69058987558685,7.04651917887931,6.26494246134021,6.25530612244898,6.67383342587452,6.69508137222801,256
"258",2022,10,6.63088235294118,34,6.985,6.125,5,7,6.56724137931035,20,14,3,5,29,8554,4660,3894,983,1806,6748,6.69035255319149,7.04625514806866,6.26443932973806,6.25147507629705,6.67473643410853,6.69453197095436,257
"259",2022,11,6.8780487804878,41,7.03571428571429,6.53846153846154,6,7.68571428571429,6.71176470588235,28,13,2,7,34,8595,4688,3907,985,1813,6782,6.69124790459569,7.04619219069965,6.26535110058869,6.25096446700508,6.67863982349697,6.69461836331466,258
"260",2022,12,6.21714285714286,35,6.52352941176471,5.92777777777778,5.64,6.675,6.15806451612903,17,18,5,4,31,8630,4705,3925,990,1817,6813,6.68932511471611,7.04430371732199,6.26380299363057,6.24787878787879,6.67863181067694,6.69217697636871,259
