"","year","month","avg_rating","no_ratings","avg_rating_owned","avg_rating_not_owned","avg_rating_prev_owned","avg_rating_comment","avg_rating_no_comment","no_ratings_owned","no_ratings_not_owned","no_ratings_prev_owned","no_ratings_comment","no_ratings_no_comment","cum_no_ratings","cum_no_ratings_owned","cum_no_ratings_not_owned","cum_no_ratings_prev_owned","cum_no_ratings_comment","cum_no_ratings_no_comment","cum_avg_rating","cum_avg_rating_owned","cum_avg_rating_not_owned","cum_avg_rating_prev_owned","cum_avg_rating_comment","cum_avg_rating_no_comment","month_after_release"
"1",2001,6,6.625,4,6.66666666666667,6.5,NA,NA,6.625,3,1,0,0,4,4,3,1,0,0,4,6.625,6.66666666666667,6.5,NA,NA,6.625,0
"2",2001,8,5.4,5,6.5,4.66666666666667,7,7,4.33333333333333,2,3,1,2,3,9,5,4,1,2,7,5.94444444444444,6.6,5.125,7,7,5.64285714285714,2
"3",2001,9,7,1,7,NA,NA,NA,7,1,0,0,0,1,10,6,4,1,2,8,6.05,6.66666666666667,5.125,7,7,5.8125,3
"4",2001,10,6.5,2,6.5,NA,NA,8,5,2,0,0,1,1,12,8,4,1,3,9,6.125,6.625,5.125,7,7.33333333333333,5.72222222222222,4
"5",2001,11,7,2,7,NA,NA,8,6,2,0,0,1,1,14,10,4,1,4,10,6.25,6.7,5.125,7,7.5,5.75,5
"6",2001,12,7,1,7,NA,NA,7,NA,1,0,0,1,0,15,11,4,1,5,10,6.3,6.72727272727273,5.125,7,7.4,5.75,6
"7",2002,1,6.33333333333333,3,7,6,NA,NA,6.33333333333333,1,2,0,0,3,18,12,6,1,5,13,6.30555555555556,6.75,5.41666666666667,7,7.4,5.88461538461539,7
"8",2002,2,5,2,5,NA,NA,5,NA,2,0,0,2,0,20,14,6,1,7,13,6.175,6.5,5.41666666666667,7,6.71428571428571,5.88461538461539,8
"9",2002,3,8,2,8,NA,NA,NA,8,2,0,0,0,2,22,16,6,1,7,15,6.34090909090909,6.6875,5.41666666666667,7,6.71428571428571,6.16666666666667,9
"10",2002,4,9,1,9,NA,NA,NA,9,1,0,0,0,1,23,17,6,1,7,16,6.45652173913043,6.82352941176471,5.41666666666667,7,6.71428571428571,6.34375,10
"11",2002,6,6.66666666666667,6,6.8,6,NA,8,6,5,1,0,2,4,29,22,7,1,9,20,6.5,6.81818181818182,5.5,7,7,6.275,12
"12",2002,7,6.66666666666667,3,6.66666666666667,NA,NA,NA,6.66666666666667,3,0,0,0,3,32,25,7,1,9,23,6.515625,6.8,5.5,7,7,6.32608695652174,13
"13",2002,8,7.15,10,7,7.5,NA,8.25,6.41666666666667,7,3,0,4,6,42,32,10,1,13,29,6.66666666666667,6.84375,6.1,7,7.38461538461539,6.3448275862069,14
"14",2002,9,7.8,5,7.8,NA,NA,NA,7.8,5,0,0,0,5,47,37,10,1,13,34,6.78723404255319,6.97297297297297,6.1,7,7.38461538461539,6.55882352941176,15
"15",2002,10,7.75,4,7.75,NA,NA,7.66666666666667,8,4,0,0,3,1,51,41,10,1,16,35,6.86274509803922,7.04878048780488,6.1,7,7.4375,6.6,16
"16",2002,11,7,3,7,NA,NA,6,7.5,3,0,0,1,2,54,44,10,1,17,37,6.87037037037037,7.04545454545455,6.1,7,7.35294117647059,6.64864864864865,17
"17",2002,12,8.16666666666667,6,8.4,7,NA,8.5,8,5,1,0,2,4,60,49,11,1,19,41,7,7.18367346938776,6.18181818181818,7,7.47368421052632,6.78048780487805,18
"18",2003,1,6,9,5.83333333333333,6.33333333333333,NA,5.5,6.14285714285714,6,3,0,2,7,69,55,14,1,21,48,6.8695652173913,7.03636363636364,6.21428571428571,7,7.28571428571429,6.6875,19
"19",2003,2,6.66666666666667,3,NA,6.66666666666667,6,7,6,0,3,2,2,1,72,55,17,3,23,49,6.86111111111111,7.03636363636364,6.29411764705882,6.33333333333333,7.26086956521739,6.6734693877551,20
"20",2003,3,6.14285714285714,7,7,5,NA,6,6.16666666666667,4,3,0,1,6,79,59,20,3,24,55,6.79746835443038,7.03389830508475,6.1,6.33333333333333,7.20833333333333,6.61818181818182,21
"21",2003,4,6,4,6.33333333333333,5,NA,NA,6,3,1,0,0,4,83,62,21,3,24,59,6.75903614457831,7,6.04761904761905,6.33333333333333,7.20833333333333,6.57627118644068,22
"22",2003,5,5.83333333333333,9,6.33333333333333,5.58333333333333,7,5.75,5.85714285714286,3,6,1,2,7,92,65,27,4,26,66,6.66847826086957,6.96923076923077,5.94444444444444,6.5,7.09615384615385,6.5,23
"23",2003,6,6.83333333333333,9,6.7,7,NA,6.125,7.4,5,4,0,4,5,101,70,31,4,30,71,6.68316831683168,6.95,6.08064516129032,6.5,6.96666666666667,6.56338028169014,24
"24",2003,7,6.28448275862069,29,6.66176470588235,5.75,7,6.30555555555556,6.275,17,12,1,9,20,130,87,43,5,39,91,6.59423076923077,6.89367816091954,5.98837209302326,6.6,6.81410256410256,6.5,25
"25",2003,8,6.9375,16,8.5,6.41666666666667,8,7,6.91666666666667,4,12,1,4,12,146,91,55,6,43,103,6.63184931506849,6.96428571428571,6.08181818181818,6.83333333333333,6.83139534883721,6.54854368932039,26
"26",2003,9,7.15384615384615,13,6.85714285714286,7.5,8,8.2,6.5,7,6,2,5,8,159,98,61,8,48,111,6.67452830188679,6.95663265306122,6.22131147540984,7.125,6.97395833333333,6.54504504504505,27
"27",2003,10,6.14285714285714,7,7.5,4.33333333333333,6,6,6.25,4,3,1,3,4,166,102,64,9,51,115,6.65210843373494,6.97794117647059,6.1328125,7,6.91666666666667,6.53478260869565,28
"28",2003,11,7.85714285714286,7,8,7,NA,8,7.66666666666667,6,1,0,4,3,173,108,65,9,55,118,6.70086705202312,7.03472222222222,6.14615384615385,7,6.99545454545455,6.5635593220339,29
"29",2003,12,6,8,6.33333333333333,5,NA,6.33333333333333,5.8,6,2,0,3,5,181,114,67,9,58,123,6.66988950276243,6.99780701754386,6.11194029850746,7,6.96120689655172,6.53252032520325,30
"30",2004,1,6.25,14,6.14285714285714,6.35714285714286,NA,6.4,6.16666666666667,7,7,0,5,9,195,121,74,9,63,132,6.63974358974359,6.94834710743802,6.13513513513514,7,6.91666666666667,6.50757575757576,31
"31",2004,2,6.63636363636364,11,6.125,8,5,7.75,6,8,3,1,4,7,206,129,77,10,67,139,6.63956310679612,6.89728682170543,6.20779220779221,6.8,6.96641791044776,6.48201438848921,32
"32",2004,3,7.125,8,7.5,6,NA,8,6.83333333333333,6,2,0,2,6,214,135,79,10,69,145,6.65771028037383,6.92407407407407,6.20253164556962,6.8,6.9963768115942,6.49655172413793,33
"33",2004,4,6.03571428571429,14,6.9375,4.83333333333333,NA,6.07142857142857,6,8,6,0,7,7,228,143,85,10,76,152,6.61951754385965,6.92482517482518,6.10588235294118,6.8,6.91118421052632,6.47368421052632,34
"34",2004,5,5.57142857142857,7,5.2,6.5,7,5,6,5,2,1,3,4,235,148,87,11,79,156,6.58829787234043,6.86655405405405,6.11494252873563,6.81818181818182,6.83860759493671,6.46153846153846,35
"35",2004,6,6.39473684210526,19,6.77272727272727,5.875,6.5,7.2,6.10714285714286,11,8,2,5,14,254,159,95,13,84,170,6.5738188976378,6.86006289308176,6.09473684210526,6.76923076923077,6.86011904761905,6.43235294117647,36
"36",2004,7,6.375,14,6.84090909090909,4.66666666666667,NA,7.03571428571429,5.71428571428571,11,3,0,7,7,268,170,98,13,91,177,6.5634328358209,6.85882352941176,6.05102040816327,6.76923076923077,6.87362637362637,6.40395480225989,37
"37",2004,8,8.1,5,8.5,6.5,NA,NA,8.1,4,1,0,0,5,273,174,99,13,91,182,6.59157509157509,6.89655172413793,6.05555555555556,6.76923076923077,6.87362637362637,6.45054945054945,38
"38",2004,9,6.65,10,6.875,5.75,6,7.2,6.1,8,2,1,5,5,283,182,101,14,96,187,6.59363957597173,6.8956043956044,6.04950495049505,6.71428571428571,6.890625,6.44117647058824,39
"39",2004,10,6.90625,16,7.11111111111111,6.64285714285714,7,7,6.85,9,7,1,6,10,299,191,108,15,102,197,6.61036789297659,6.90575916230366,6.08796296296296,6.73333333333333,6.89705882352941,6.46192893401015,40
"40",2004,11,7.75,12,8.11111111111111,6.66666666666667,NA,7.2,8.14285714285714,9,3,0,5,7,311,200,111,15,107,204,6.65434083601286,6.96,6.1036036036036,6.73333333333333,6.91121495327103,6.51960784313725,41
"41",2004,12,6.2,12,6.2,6.2,6,5.73333333333333,6.66666666666667,7,5,2,6,6,323,207,116,17,113,210,6.6374613003096,6.93429951690821,6.10775862068965,6.64705882352941,6.84867256637168,6.52380952380952,42
"42",2005,1,6.51904761904762,21,7.21818181818182,5.75,5,6.58,6.5,11,10,2,5,16,344,218,126,19,118,226,6.63023255813954,6.94862385321101,6.07936507936508,6.47368421052632,6.83728813559322,6.52212389380531,43
"43",2005,2,6.17857142857143,14,6.44444444444444,5.7,6,6.2,6.16666666666667,9,5,1,5,9,358,227,131,20,123,235,6.61256983240223,6.92863436123348,6.06488549618321,6.45,6.81138211382114,6.50851063829787,44
"44",2005,3,6.53846153846154,13,6.55555555555556,6.5,NA,7.125,5.6,9,4,0,8,5,371,236,135,20,131,240,6.6099730458221,6.91440677966102,6.07777777777778,6.45,6.83053435114504,6.48958333333333,45
"45",2005,4,5.85714285714286,14,5.72727272727273,6.33333333333333,NA,6.375,5.16666666666667,11,3,0,8,6,385,247,138,20,139,246,6.5825974025974,6.86153846153846,6.08333333333333,6.45,6.80431654676259,6.45731707317073,46
"46",2005,5,7.02307692307692,13,7.04545454545455,6.9,NA,6.66666666666667,7.32857142857143,11,2,0,6,7,398,258,140,20,145,253,6.59698492462312,6.86937984496124,6.095,6.45,6.79862068965517,6.48142292490119,47
"47",2005,6,6.76315789473684,19,7.31818181818182,6,6,6.55,7,11,8,1,10,9,417,269,148,21,155,262,6.60455635491607,6.88773234200744,6.08986486486486,6.42857142857143,6.78258064516129,6.49923664122137,48
"48",2005,7,6.82666666666667,15,7.19230769230769,4.45,NA,6.5,6.87692307692308,13,2,0,2,13,432,282,150,21,157,275,6.61226851851852,6.90177304964539,6.068,6.42857142857143,6.77898089171974,6.51709090909091,49
"49",2005,8,6.59090909090909,22,6.75,6.4,3,6.27272727272727,6.90909090909091,12,10,1,11,11,454,294,160,22,168,286,6.61123348017621,6.89557823129252,6.08875,6.27272727272727,6.74583333333333,6.53216783216783,50
"50",2005,9,6.46805555555556,18,6.73,6.140625,NA,7.4,6.10961538461538,10,8,0,5,13,472,304,168,22,173,299,6.60577330508475,6.89013157894737,6.09122023809524,6.27272727272727,6.76473988439306,6.51379598662207,51
"51",2005,10,6.42307692307692,26,6.35714285714286,6.7,6.5,6.5,6.33333333333333,21,5,1,14,12,498,325,173,23,187,311,6.59623493975904,6.85569230769231,6.10881502890173,6.28260869565217,6.74491978609626,6.50683279742765,52
"52",2005,11,6.44285714285714,28,6.78947368421053,5.71111111111111,6,6.5,6.41111111111111,19,9,2,10,18,526,344,182,25,197,329,6.58807034220532,6.85203488372093,6.08914835164835,6.26,6.73248730964467,6.50159574468085,53
"53",2005,12,6.78947368421053,19,7,6.5,6,6.8,6.78571428571429,11,8,1,5,14,545,355,190,26,202,343,6.59509174311927,6.85661971830986,6.10644736842105,6.25,6.73415841584158,6.51319241982507,54
"54",2006,1,6.1875,32,6.125,6.375,NA,6.3,6.08823529411765,24,8,0,15,17,577,379,198,26,217,360,6.5724870017331,6.81029023746702,6.11729797979798,6.25,6.70414746543779,6.493125,55
"55",2006,2,6.11739130434783,23,6.5625,5.1,5,6.38333333333333,5.82727272727273,16,7,2,12,11,600,395,205,28,229,371,6.55504166666667,6.80025316455696,6.08256097560976,6.16071428571429,6.68733624454148,6.47338274932614,56
"56",2006,3,6.68181818181818,22,6.66666666666667,6.7,6.5,6.88888888888889,6.53846153846154,12,10,2,9,13,622,407,215,30,238,384,6.55952572347267,6.7963144963145,6.11127906976744,6.18333333333333,6.69495798319328,6.4755859375,57
"57",2006,4,6.2,15,6,6.375,5,7,5.90909090909091,7,8,1,4,11,637,414,223,31,242,395,6.55105965463108,6.78285024154589,6.1207399103139,6.14516129032258,6.7,6.45981012658228,58
"58",2006,5,5.875,12,5.57142857142857,6.3,NA,NA,5.875,7,5,0,0,12,649,421,228,31,242,407,6.5385593220339,6.76270783847981,6.12467105263158,6.14516129032258,6.7,6.44256756756757,59
"59",2006,6,6.14285714285714,7,6.14285714285714,NA,NA,6.5,6,7,0,0,2,5,656,428,228,31,244,412,6.5343368902439,6.75257009345794,6.12467105263158,6.14516129032258,6.6983606557377,6.43719660194175,60
"60",2006,7,5.68,20,6.5,4.86,6,5,6.13333333333333,10,10,1,8,12,676,438,238,32,252,424,6.50906065088758,6.74680365296804,6.07153361344538,6.140625,6.64444444444444,6.42859669811321,61
"61",2006,8,5.90384615384615,26,6.075,5.33333333333333,NA,5.45454545454545,6.23333333333333,20,6,0,11,15,702,458,244,32,263,439,6.4866452991453,6.7174672489083,6.05338114754098,6.140625,6.59467680608365,6.42192482915717,62
"62",2006,9,6.02083333333333,24,6.75,5,4.5,6.27272727272727,5.80769230769231,14,10,2,11,13,726,472,254,34,274,452,6.47124655647383,6.71843220338983,6.0119094488189,6.04411764705882,6.58175182481752,6.40425884955752,63
"63",2006,10,6.156,25,6.58333333333333,5.05714285714286,NA,5.2,6.395,18,7,0,5,20,751,490,261,34,279,472,6.46075233022637,6.7134693877551,5.98630268199234,6.04411764705882,6.55698924731183,6.40386652542373,64
"64",2006,11,5.97619047619048,21,6.42857142857143,5.07142857142857,5.5,6.38888888888889,5.66666666666667,14,7,2,9,12,772,504,268,36,288,484,6.44757124352332,6.70555555555556,5.96240671641791,6.01388888888889,6.55173611111111,6.38558884297521,65
"65",2006,12,6.40212765957447,47,6.38285714285714,6.45833333333333,6,6.54,6.36486486486486,35,12,1,10,37,819,539,280,37,298,521,6.44496336996337,6.68460111317254,5.98366071428571,6.01351351351351,6.55134228187919,6.38411708253359,66
"66",2007,1,6.46864406779661,59,6.65625,6.07368421052632,5.5,6.78333333333333,6.36136363636364,40,19,2,15,44,878,579,299,39,313,565,6.44655466970387,6.68264248704663,5.98938127090301,5.98717948717949,6.56246006389776,6.38234513274336,67
"67",2007,2,6.16001419354839,31,6.45238095238095,5.546044,5,6.25,6.03541846153846,21,10,2,18,13,909,600,309,41,331,578,6.43678266226623,6.67458333333333,5.97503378640777,5.9390243902439,6.54546827794562,6.37454228373702,68
"68",2007,3,6.99074074074074,27,7.1375,6.57142857142857,6.25,7.1,6.92647058823529,20,7,2,10,17,936,620,316,43,341,595,6.45276222222222,6.68951612903226,5.98824506329114,5.95348837209302,6.56173020527859,6.39031166386555,69
"69",2007,4,6.34285714285714,21,6.54166666666667,6.07777777777778,5.66666666666667,6.21428571428571,6.40714285714286,12,9,3,7,14,957,632,325,46,348,609,6.45035051201672,6.68670886075949,5.99072443076923,5.93478260869565,6.55474137931035,6.39069858784893,70
"70",2007,5,6.44117647058824,34,6.625,6,4,6.14285714285714,6.65,24,10,2,14,20,991,656,335,48,362,629,6.45003576185671,6.6844512195122,5.99100131343284,5.85416666666667,6.53881215469613,6.39894346581876,71
"71",2007,6,6.25217391304348,23,6.13333333333333,6.475,6,5.66666666666667,6.34,15,8,1,3,20,1014,671,343,49,365,649,6.44554777120316,6.67213114754098,6.00228991253644,5.85714285714286,6.53164383561644,6.39712702619414,72
"72",2007,7,6.675,20,6.8125,6.125,NA,6.5,6.71875,16,4,0,4,16,1034,687,347,49,369,665,6.44998591876209,6.67540029112082,6.00370443804035,5.85714285714286,6.53130081300813,6.40486532330827,73
"73",2007,8,6.75,23,7.25,5.8125,NA,7,6.61666666666667,15,8,0,8,15,1057,702,355,49,377,680,6.45651413434248,6.68767806267806,5.9993956056338,5.85714285714286,6.54124668435013,6.40953741176471,74
"74",2007,9,6.39583333333333,36,6.47222222222222,6.31944444444444,NA,6.37727272727273,6.404,18,18,0,11,25,1093,720,373,49,388,705,6.45451549862763,6.68229166666667,6.01484032171582,5.85714285714286,6.53659793814433,6.40934104964539,75
"75",2007,10,6.7,35,6.76315789473684,6.625,7,6.76923076923077,6.65909090909091,19,16,1,13,22,1128,739,389,50,401,727,6.4621324822695,6.68437077131258,6.03993686375321,5.88,6.54413965087282,6.4168988170564,76
"76",2007,11,6.12340425531915,47,6.30689655172414,5.82777777777778,6,6.625,5.86451612903226,29,18,1,16,31,1175,768,407,51,417,758,6.44858335319149,6.6701171875,6.03055390663391,5.88235294117647,6.54724220623501,6.39430796833773,77
"77",2007,12,6.44897959183673,49,6.70967741935484,6,6,7.09090909090909,5.92592592592593,31,18,3,22,27,1224,799,425,54,439,785,6.44859921568627,6.67165206508135,6.02925985882353,5.88888888888889,6.5744874715262,6.37819801273885,78
"78",2008,1,6.25,62,6.5,5.79545454545455,5.66666666666667,6.64285714285714,6.04878048780488,40,22,3,21,41,1286,839,447,57,460,826,6.43902444790047,6.6634684147795,6.01775266219239,5.87719298245614,6.57760869565217,6.36184677966102,79
"79",2008,2,6.61111111111111,27,6.81578947368421,6.125,7,6.45,6.70588235294118,19,8,3,10,17,1313,858,455,60,470,843,6.44256316831683,6.66684149184149,6.01963832967033,5.93333333333333,6.57489361702128,6.36878462633452,80
"80",2008,3,6.49583333333333,24,6.72666666666667,6.11111111111111,6,6.2,6.61764705882353,15,9,1,7,17,1337,873,464,61,477,860,6.44351940164547,6.66786941580756,6.0214125862069,5.9344262295082,6.56939203354298,6.373704,81
"81",2008,4,5.865,30,6.14210526315789,5.38636363636364,6,5.88076923076923,5.85294117647059,19,11,2,13,17,1367,892,475,63,490,877,6.43082329188003,6.65667040358744,6.00670618947369,5.93650793650794,6.55112244897959,6.36360939566705,82
"82",2008,5,7.04285714285714,35,7.34615384615385,6.16666666666667,6.33333333333333,7.05555555555556,7.03846153846154,26,9,6,9,26,1402,918,484,69,499,903,6.44610231098431,6.67619825708061,6.00968066115703,5.97101449275362,6.56022044088176,6.38304035437431,83
"83",2008,6,6.25,25,6.51388888888889,5.57142857142857,5.5,6,6.36764705882353,18,7,2,8,17,1427,936,491,71,507,920,6.44266674141556,6.67307692307692,6.00343266802444,5.95774647887324,6.55138067061144,6.38275591304348,84
"84",2008,7,6.08,25,6.42857142857143,5.63636363636364,4,6.05,6.1,14,11,2,10,15,1452,950,502,73,517,935,6.43642247933884,6.66947368421053,5.99538932270916,5.9041095890411,6.54168278529981,6.37821972192513,85
"85",2008,8,6.00681818181818,44,6.29583333333333,5.66,5.17142857142857,6.25,5.915625,24,20,7,12,32,1496,974,522,80,529,967,6.42378705882353,6.66026694045174,5.98253915708812,5.84,6.53506616257089,6.36291152016546,86
"86",2008,9,5.87727272727273,33,6.22916666666667,4.93888888888889,5.5625,6.8375,5.57,24,9,4,8,25,1529,998,531,84,537,992,6.41199178548071,6.6498997995992,5.96485016949153,5.82678571428571,6.53957169459963,6.34292887096774,87
"87",2008,10,6.75,24,6.96428571428571,6.45,5.5,6.375,6.9375,14,10,4,8,16,1553,1012,541,88,545,1008,6.41721535093368,6.65424901185771,5.97381781885397,5.81193181818182,6.53715596330275,6.35236650793651,88
"88",2008,11,6.36363636363636,22,6.75,5.33333333333333,7,6.85714285714286,6.13333333333333,16,6,1,7,15,1575,1028,547,89,552,1023,6.41646694603175,6.65573929961089,5.96679239488117,5.8252808988764,6.54121376811594,6.34915487781036,89
"89",2008,12,6.4,35,6.54761904761905,6.17857142857143,6.5,6.875,6.25925925925926,21,14,4,8,27,1610,1049,561,93,560,1050,6.4161089689441,6.65357483317445,5.97207743315508,5.85430107526882,6.54598214285714,6.34684327619048,90
"90",2009,1,6.05121951219512,41,6.17692307692308,5.83333333333333,6.16666666666667,5.59285714285714,6.28888888888889,26,15,6,14,27,1651,1075,576,99,574,1077,6.40704751059964,6.64204651162791,5.96846430555556,5.87323232323232,6.52273519163763,6.34539038068709,91
"91",2009,2,6.038,50,6.312,5.764,6,7,5.8547619047619,25,25,1,8,42,1701,1100,601,100,582,1119,6.396199553204,6.63454545454545,5.95995913477537,5.8745,6.52929553264605,6.32697537086685,92
"92",2009,3,6.23965517241379,58,6.39285714285714,6.09666666666667,5.75,6.68181818181818,6.13617021276596,28,30,6,11,47,1759,1128,631,106,593,1166,6.39103777146106,6.62854609929078,5.96645870047544,5.86745283018868,6.53212478920742,6.31928425385935,93
"93",2009,4,6.32553191489362,47,6.65384615384615,5.91904761904762,6,6.42857142857143,6.3075,26,21,2,7,40,1806,1154,652,108,600,1206,6.38933302325581,6.62911611785095,5.96493165644172,5.86990740740741,6.53091666666667,6.31889339966833,94
"94",2009,5,6.688,50,6.79090909090909,6.60714285714286,6.75,7.75,6.48571428571429,22,28,6,8,42,1856,1176,680,114,608,1248,6.39737900862069,6.63214285714286,5.99137564705882,5.91622807017544,6.54695723684211,6.32450756410257,95
"95",2009,6,6.17272727272727,44,6.65789473684211,5.804,4.875,6.14375,6.18928571428571,19,25,4,16,28,1900,1195,705,118,624,1276,6.39217654736842,6.63255230125523,5.98473112056738,5.88093220338983,6.53661858974359,6.32154031347963,96
"96",2009,7,6.1046511627907,43,6.32083333333333,5.83157894736842,5,6.525,5.94193548387097,24,19,5,12,31,1943,1219,724,123,636,1307,6.38581340195574,6.62641509433962,5.98071193370166,5.84512195121951,6.53639937106918,6.31253667941852,97
"97",2009,8,6.33333333333333,36,6.475,6.15625,5.6,6.25,6.34375,20,16,5,4,32,1979,1239,740,128,640,1339,6.38485873673572,6.62397094430993,5.98450735135135,5.835546875,6.534609375,6.31328262882749,98
"98",2009,9,6.33783783783784,37,6.63157894736842,6.02777777777778,5,7.07142857142857,6.16666666666667,19,18,2,7,30,2016,1258,758,130,647,1369,6.38399575396825,6.62408585055644,5.98553488126649,5.82269230769231,6.54041731066461,6.31006971512053,99
"99",2009,10,5.81428571428571,35,5.80769230769231,5.81818181818182,5.71428571428571,5.65,5.88,13,22,7,10,25,2051,1271,780,137,657,1394,6.3742737396392,6.61573564122738,5.98081466666667,5.81715328467153,6.52686453576865,6.3023568436155,100
"100",2009,11,6.09583333333333,48,6.34545454545455,5.88461538461539,5.875,5.8125,6.1525,22,26,4,8,40,2099,1293,806,141,665,1434,6.36790635540734,6.61113689095128,5.97771146401985,5.81879432624114,6.51827067669173,6.29817673640168,101
"101",2009,12,6.12727272727273,55,6.20588235294118,6,6.25,6.90909090909091,5.93181818181818,34,21,4,11,44,2154,1327,827,145,676,1478,6.36176204271123,6.60075357950264,5.97827743651753,5.83068965517241,6.52463017751479,6.2872702571042,102
"102",2010,1,6.64846153846154,65,7.13552631578947,5.96296296296296,5.66666666666667,6.67647058823529,6.63854166666667,38,27,6,17,48,2219,1365,854,151,693,1526,6.37016018026138,6.61564102564102,5.97779325526932,5.82417218543046,6.52835497835498,6.29831942332897,103
"103",2010,2,6,36,6.425,5.46875,4.75,6.375,5.953125,20,16,6,4,32,2255,1385,870,157,697,1558,6.36425074944568,6.6128880866426,5.96843154022989,5.78312101910828,6.52747489239598,6.29122942233633,104
"104",2010,3,6.17948717948718,39,6.68181818181818,5.52941176470588,6,6.45454545454545,6.07142857142857,22,17,2,11,28,2294,1407,887,159,708,1586,6.36110960767219,6.61396588486141,5.96001740698985,5.78584905660377,6.52634180790961,6.28734895334174,105
"105",2010,4,6.64444444444444,36,6.992,5.85454545454545,7,6.85,6.58571428571429,25,11,1,8,28,2330,1432,898,160,716,1614,6.36548731330472,6.6205656424581,5.95872543429844,5.7934375,6.52995810055866,6.29252505576208,106
"106",2010,5,6.07758620689655,29,6.52631578947368,5.225,NA,6.33333333333333,6.01086956521739,19,10,0,6,23,2359,1451,908,160,722,1637,6.36194804578211,6.61933149552033,5.95064475770925,5.7934375,6.52832409972299,6.28856777031155,107
"107",2010,6,6.16071428571429,28,6.88461538461539,5.53333333333333,5.75,5.33333333333333,6.38636363636364,13,15,4,6,22,2387,1464,923,164,728,1659,6.35958753246753,6.62168715846994,5.94386288190683,5.79237804878049,6.51847527472528,6.28986464135021,108
"108",2010,7,6.75128205128205,39,6.94444444444444,6.31666666666667,7,7.14285714285714,6.665625,27,12,3,7,32,2426,1491,935,167,735,1691,6.36588435284419,6.62753185781355,5.94864752941177,5.81407185628743,6.52442176870748,6.29697542282673,109
"109",2010,8,6.17441860465116,43,7.13333333333333,5.66071428571429,5.58333333333333,4.9375,6.45714285714286,15,28,6,8,35,2469,1506,963,173,743,1726,6.36254979343864,6.63256972111554,5.94027563862928,5.80606936416185,6.50733512786003,6.30022331402086,110
"110",2010,9,6.41666666666667,42,6.86363636363636,5.925,6.33333333333333,6.45454545454545,6.40322580645161,22,20,3,11,31,2511,1528,983,176,754,1757,6.3634549741139,6.63589659685864,5.93996484231943,5.81505681818182,6.5065649867374,6.30204066021628,111
"111",2010,10,6.54783333333333,30,6.65384615384615,6.46676470588235,7.25,5.875,6.7925,13,17,4,8,22,2541,1541,1000,180,762,1779,6.36563181424636,6.63604802076574,5.94892044,5.84694444444444,6.4999343832021,6.30810592467679,112
"112",2010,11,6.36111111111111,54,6.62692307692308,6.11428571428571,6.16666666666667,5.60714285714286,6.625,26,28,6,14,40,2595,1567,1028,186,776,1819,6.36553774181117,6.6358966177409,5.95342455252918,5.85725806451613,6.48382731958763,6.31507445849368,113
"113",2010,12,6.08909090909091,55,6.36538461538461,5.84137931034483,5.6125,5.9,6.13111111111111,26,29,8,10,45,2650,1593,1057,194,786,1864,6.35980016603774,6.63148148148148,5.95035046357616,5.84716494845361,6.47639949109415,6.3106332832618,114
"114",2011,1,6.0469696969697,66,6.49375,5.62647058823529,6,5.75384615384615,6.1188679245283,32,34,7,13,53,2716,1625,1091,201,799,1917,6.35219824742268,6.62876923076923,5.94025704857929,5.85248756218906,6.46464330413016,6.305331476265,115
"115",2011,2,6.30666666666667,45,6.72083333333333,5.83333333333333,6,6.1,6.3325,24,21,6,5,40,2761,1649,1112,207,804,1957,6.35145615356755,6.63010915706489,5.9382378057554,5.85676328502416,6.46237562189055,6.30588678589678,116
"116",2011,3,5.95408163265306,49,6.3125,5.47619047619048,3,6.29545454545455,5.85526315789474,28,21,1,11,38,2810,1677,1133,208,815,1995,6.34452684697509,6.62480620155038,5.92967382171227,5.84302884615385,6.4601226993865,6.29730347869674,117
"117",2011,4,6.29583333333333,36,6.34782608695652,6.20384615384615,5.85,6.32222222222222,6.28703703703704,23,13,2,9,27,2846,1700,1146,210,824,2022,6.34391090653549,6.62105882352941,5.93278397905759,5.84309523809524,6.45861650485437,6.29716638971315,118
"118",2011,5,6.15,30,6.67647058823529,5.46153846153846,6,6,6.18,17,13,2,5,25,2876,1717,1159,212,829,2047,6.34188819193324,6.62160745486313,5.92749822260569,5.84457547169811,6.45585042219542,6.29573543722521,119
"119",2011,6,6.43076923076923,26,6.96428571428571,5.80833333333333,NA,7.25,6.28181818181818,14,12,0,4,22,2902,1731,1171,212,833,2069,6.34268450723639,6.62437897169266,5.92627706233988,5.84457547169811,6.45966386554622,6.29558745287579,120
"120",2011,7,5.89393939393939,33,6.64705882352941,5.09375,6.9,4.2,6.19642857142857,17,16,5,5,28,2935,1748,1187,217,838,2097,6.33763899148211,6.62459954233409,5.9150551305813,5.86889400921659,6.44618138424821,6.29426344301383,121
"121",2011,8,5.70595238095238,42,6.08958333333333,5.19444444444444,4.2,5.6125,5.72794117647059,24,18,5,8,34,2977,1772,1205,222,846,2131,6.32872705408129,6.6173532731377,5.90429082157676,5.83130630630631,6.43829787234043,6.28522779915533,122
"122",2011,9,6.575,24,7.03333333333333,5.81111111111111,4,6.6,6.57142857142857,15,9,1,3,21,3001,1787,1214,223,849,2152,6.33069658113962,6.62084499160604,5.90360003294893,5.82309417040359,6.43886925795053,6.28802065055762,123
"123",2011,10,6.13636363636364,33,6.55555555555556,5.63333333333333,5.4,6.25,6.11111111111111,18,15,5,6,27,3034,1805,1229,228,855,2179,6.32858287409361,6.62019390581717,5.90030141578519,5.81381578947368,6.43754385964912,6.28582856356127,124
"124",2011,11,5.96271186440678,59,6.28333333333333,5.63103448275862,7.25,6.0625,5.94705882352941,30,29,4,8,51,3093,1835,1258,232,863,2230,6.32160376333657,6.61468664850136,5.89409414944356,5.8385775862069,6.43406720741599,6.27808091479821,125
"125",2011,12,5.75609756097561,41,6.16666666666667,5.17647058823529,5.2,5.25,5.81081081081081,24,17,5,4,37,3134,1859,1275,237,867,2267,6.31420562858966,6.60890263582571,5.88452583529412,5.82510548523207,6.42860438292964,6.27045453903838,126
"126",2012,1,6.28701298701299,77,6.80882352941176,5.87441860465116,5.83333333333333,7,6.18059701492537,34,43,9,10,67,3211,1893,1318,246,877,2334,6.31355354718156,6.61249339672477,5.88419608497724,5.82540650406504,6.43511972633979,6.26787508140531,127
"127",2012,2,6.01195652173913,46,6.30833333333333,5.45625,6.33333333333333,6.22222222222222,5.96081081081081,30,16,3,9,37,3257,1923,1334,249,886,2371,6.30929396377034,6.6077483099324,5.87906329835082,5.83152610441767,6.43295711060948,6.26308327288064,128
"128",2012,3,6.2025641025641,39,6.25333333333333,6.17083333333333,6.25,8.25,6.09189189189189,15,24,4,2,37,3296,1938,1358,253,888,2408,6.30803108009709,6.60500515995872,5.88421976435935,5.83814229249012,6.43704954954955,6.26045284053156,129
"129",2012,4,6.51739130434783,46,6.7,6.20588235294118,6.41666666666667,6.5,6.52105263157895,29,17,6,8,38,3342,1967,1375,259,896,2446,6.31091275882705,6.60640569395018,5.88819668363636,5.8515444015444,6.43761160714286,6.26450140637776,130
"130",2012,5,5.90425531914894,47,6.32692307692308,5.38095238095238,4.5,5.14285714285714,6.0375,26,21,6,7,40,3389,1993,1396,265,903,2486,6.30527307170257,6.60275965880582,5.88056621776504,5.82094339622642,6.42757475083057,6.26084893000804,131
"131",2012,6,6.51388888888889,36,6.80952380952381,6.1,6,7.5,6.390625,21,15,1,4,32,3425,2014,1411,266,907,2518,6.30746582189781,6.60491559086395,5.88289896527286,5.82161654135338,6.43230429988975,6.26249818903892,132
"132",2012,7,6.09757575757576,33,6.13333333333333,6.06777777777778,6.25,5.5,6.25846153846154,15,18,4,7,26,3458,2029,1429,270,914,2544,6.30546282244072,6.60142927550517,5.8852277396781,5.82796296296296,6.42516411378556,6.26245693396226,133
"133",2012,8,6.42368421052632,38,6.76818181818182,5.95,6.64,5.48,6.56666666666667,22,16,5,5,33,3496,2051,1445,275,919,2577,6.3067478375286,6.60321794246709,5.88594494117647,5.84272727272727,6.42002176278564,6.26635251843228,134
"134",2012,9,6.16111111111111,36,6.94,5.1875,4.5,5,6.49285714285714,20,16,6,8,28,3532,2071,1461,281,927,2605,6.30526343148358,6.60647030420087,5.8782959890486,5.81405693950178,6.40776699029126,6.26878711708253,135
"135",2012,10,6.534375,32,6.96666666666667,5.70909090909091,6.16666666666667,6.875,6.42083333333333,21,11,3,8,24,3564,2092,1472,284,935,2629,6.30732054994388,6.61008604206501,5.87703154891304,5.81778169014085,6.41176470588235,6.27017513883606,136
"136",2012,11,5.98571428571429,49,6.04285714285714,5.90952380952381,6.66666666666667,6,5.98157894736842,28,21,3,11,38,3613,2120,1493,287,946,2667,6.30295888181566,6.60259433962264,5.87748857334226,5.82665505226481,6.40697674418605,6.26606315710536,137
"137",2012,12,6.20762711864407,59,6.203125,6.21296296296296,5.625,6.5625,6.15196078431373,32,27,4,8,51,3672,2152,1520,291,954,2718,6.30142713507625,6.59665427509293,5.88344765789474,5.82388316151203,6.40828092243187,6.26392216335541,138
"138",2013,1,6.19491525423729,59,6.45348837209302,5.5,5,5.16666666666667,6.31132075471698,43,16,3,6,53,3731,2195,1536,294,960,2771,6.29974281425891,6.59384965831435,5.87945341145833,5.81547619047619,6.40052083333333,6.26482874052688,139
"139",2013,2,6.0688679245283,53,6.32096774193548,5.71363636363636,5,5.21428571428571,6.19891304347826,31,22,3,7,46,3784,2226,1558,297,967,2817,6.29650910147991,6.59004941599281,5.87711196405648,5.80723905723906,6.39193381592554,6.26375237486688,140
"140",2013,3,6.2906976744186,43,6.5,5.9375,5,6.08333333333333,6.32432432432432,27,16,2,6,37,3827,2253,1574,299,973,2854,6.29644380454664,6.58897026187306,5.87772581956798,5.80183946488294,6.39003083247688,6.26453764540995,141
"141",2013,4,5.9125,40,6.33181818181818,5.4,4.82,5.65714285714286,5.96666666666667,22,18,5,7,33,3867,2275,1592,304,980,2887,6.29247231445565,6.58648351648351,5.87232439698493,5.78569078947368,6.38479591836735,6.26113281607205,142
"142",2013,5,6.38333333333333,39,6.45,6.19,5.25,5.01666666666667,6.49722222222222,29,10,4,3,36,3906,2304,1602,308,983,2923,6.29337952892985,6.584765625,5.87430739076155,5.77873376623377,6.38062054933876,6.26404052001368,143
"143",2013,6,6.48571428571429,35,7.07894736842105,5.78125,4.6,6.58333333333333,6.46551724137931,19,16,5,6,29,3941,2323,1618,313,989,2952,6.29508765287998,6.58880757640981,5.87338716934487,5.75990415335463,6.38185035389282,6.26601979674797,144
"144",2013,7,6.26808510638298,47,6.50357142857143,5.92105263157895,4.66666666666667,6.6875,6.18205128205128,28,19,3,8,39,3988,2351,1637,316,997,2991,6.29476941825476,6.58779242875372,5.87394040317654,5.7495253164557,6.38430290872618,6.26492492143096,145
"145",2013,8,6.45,46,6.62903225806452,6.08,6,7.375,6.36190476190476,31,15,5,4,42,4034,2382,1652,321,1001,3033,6.29653952404561,6.58832913518052,5.87581140435836,5.75342679127726,6.38826173826174,6.26626786679855,146
"146",2013,9,6.09339622641509,53,6.54285714285714,5.59,6,6.22916666666667,6.05365853658537,28,25,8,12,41,4087,2410,1677,329,1013,3074,6.29390517249816,6.58780082987551,5.87155064997019,5.75942249240122,6.38637709772952,6.26343215354587,147
"147",2013,10,6.36145833333333,48,6.51612903225806,6.07941176470588,5.125,7.14,6.15657894736842,31,17,4,10,38,4135,2441,1694,333,1023,3112,6.2946893446191,6.58689061859893,5.87363662337663,5.7518018018018,6.39374389051808,6.2621273907455,148
"148",2013,11,6.14901960784314,51,6.53548387096774,5.55,6,6.71428571428571,6.05909090909091,31,20,1,7,44,4186,2472,1714,334,1030,3156,6.2929145819398,6.58624595469255,5.86986023337223,5.75254491017964,6.39592233009709,6.25929671736375,149
"149",2013,12,6.4622641509434,53,6.708,6.24285714285714,5.75,6.55,6.44186046511628,25,28,8,10,43,4239,2497,1742,342,1040,3199,6.29503195093182,6.58746495794954,5.8758555912744,5.75248538011696,6.39740384615385,6.26175068458893,150
"150",2014,1,6.20479452054794,73,6.415,5.74782608695652,7,5.88181818181818,6.26209677419355,50,23,5,11,62,4312,2547,1765,347,1051,3261,6.29350427643785,6.58407930899097,5.87418721813031,5.77046109510087,6.39200761179829,6.26175726464275,151
"151",2014,2,6.33064516129032,62,6.81081081081081,5.62,6.44444444444444,5.16666666666667,6.38983050847458,37,25,9,3,59,4374,2584,1790,356,1054,3320,6.29403073616827,6.58732585139319,5.87063711731844,5.7875,6.38851992409867,6.26403326506024,152
"152",2014,3,5.97195121951219,41,6.45238095238095,5.4675,5.2,5.78571428571429,6.01029411764706,21,20,5,7,34,4415,2605,1810,361,1061,3354,6.29103973725934,6.58623800383877,5.86618256353591,5.77936288088643,6.38454288407163,6.26146107334526,153
"153",2014,4,6.53181818181818,44,6.82962962962963,6.05882352941176,5,6.9,6.40909090909091,27,17,2,11,33,4459,2632,1827,363,1072,3387,6.29341566270464,6.58873480243161,5.86797506294472,5.77506887052342,6.38983208955224,6.26289945084145,154
"154",2014,5,6.57307692307692,39,6.72173913043478,6.359375,6.875,7.5,6.52297297297297,23,16,4,2,37,4498,2655,1843,367,1074,3424,6.29584047132059,6.58988700564971,5.87224115029843,5.78705722070845,6.39189944134078,6.26570982476635,155
"155",2014,6,6.1030303030303,33,6.625,5.3,NA,5.4,6.22857142857143,20,13,0,5,28,4531,2675,1856,367,1079,3452,6.29443620392849,6.59014953271028,5.86823299568966,5.78705722070845,6.3873030583874,6.26540858632677,156
"156",2014,7,6.33625,40,6.965,5.7075,5.66666666666667,7.5,6.20694444444444,20,20,3,4,36,4571,2695,1876,370,1083,3488,6.29480210894771,6.59293135435992,5.86651942430704,5.78608108108108,6.39141274238227,6.26480517201835,157
"157",2014,8,5.84090909090909,44,6.2258064516129,4.92307692307692,5.5,5.66666666666667,5.85365853658537,31,13,4,3,41,4615,2726,1889,374,1086,3529,6.29047463488624,6.58875641966251,5.86002670195871,5.78302139037433,6.38941068139963,6.26002846132049,158
"158",2014,9,5.74090909090909,33,5.94666666666667,5.56944444444444,5.41666666666667,5.625,5.75689655172414,15,18,6,4,29,4648,2741,1907,380,1090,3558,6.2865728141136,6.58524261218533,5.85728392239119,5.77723684210526,6.38660550458716,6.25592761101742,159
"159",2014,10,5.828125,32,6.20588235294118,5.4,5.66666666666667,4.8,6.01851851851852,17,15,6,5,27,4680,2758,1922,386,1095,3585,6.28343812820513,6.58290427846265,5.85371510926119,5.77551813471503,6.37936073059361,6.25413959274756,160
"160",2014,11,6.45434782608696,46,6.9,5.53333333333333,4.75,6.4,6.4609756097561,31,15,4,5,41,4726,2789,1937,390,1100,3626,6.28510165890817,6.58642882753675,5.85123409395973,5.765,6.37945454545455,6.25647833425262,161
"161",2014,12,5.98448275862069,58,6.30131578947368,5.3825,5.33333333333333,5.2,6.05849056603774,38,20,3,5,53,4784,2827,1957,393,1105,3679,6.28145703177258,6.58259639193491,5.84644376085846,5.7617048346056,6.37411764705882,6.25362610491981,162
"162",2015,1,6.10866666666667,75,6.25666666666667,5.88666666666667,5.28571428571429,5.85833333333333,6.15634920634921,45,30,7,12,63,4859,2872,1987,400,1117,3742,6.27878996501338,6.57748955431755,5.84705105183694,5.753375,6.36857654431513,6.25198835916622,163
"163",2015,2,6.12045454545455,66,6.72613636363636,4.90909090909091,5.22222222222222,6.06666666666667,6.13240740740741,44,22,9,12,54,4925,2916,2009,409,1129,3796,6.27666810964467,6.57973251028806,5.83677971129916,5.74168704156479,6.36536758193091,6.25028726027397,164
"164",2015,3,6.03,50,6.37878787878788,5.35294117647059,5.75,6.375,5.96428571428571,33,17,2,8,42,4975,2949,2026,411,1137,3838,6.27418903316583,6.57748389284503,5.83271986179665,5.74172749391728,6.36543535620053,6.24715748827514,165
"165",2015,4,6.17352941176471,68,6.23488372093023,6.068,6,5.16666666666667,6.3271186440678,43,25,1,9,59,5043,2992,2051,412,1146,3897,6.27283173507833,6.5725601604278,5.83558773281326,5.74235436893204,6.35602094240838,6.24836808827303,166
"166",2015,5,6.22368421052632,38,6.46428571428571,5.55,5.875,6.66666666666667,6.18571428571429,28,10,4,3,35,5081,3020,2061,416,1149,3932,6.27246416847077,6.57155629139073,5.83420205725376,5.74362980769231,6.3568320278503,6.24781038657172,167
"167",2015,6,6.24285714285714,42,6.73214285714286,5.26428571428571,5.45714285714286,6.35714285714286,6.22,28,14,7,7,35,5123,3048,2075,423,1156,3967,6.27222144056217,6.57303149606299,5.83035683855422,5.73888888888889,6.3568339100346,6.24756502142677,168
"168",2015,7,6.47894736842105,38,6.69545454545455,6.18125,6.75,6.6875,6.42333333333333,22,16,4,8,30,5161,3070,2091,427,1164,3997,6.27374354582445,6.57390879478827,5.83304181731229,5.7483606557377,6.35910652920962,6.2488842732049,169
"169",2015,8,5.92808219178082,73,6.23369565217391,5.40740740740741,4.98076923076923,5.55555555555556,5.98046875,46,27,13,9,64,5234,3116,2118,440,1173,4061,6.26892251432938,6.56888639281129,5.82761588290841,5.72568181818182,6.35294117647059,6.24465413444964,170
"170",2015,9,6.6,57,6.91315789473684,5.97368421052632,5.71428571428571,7.64,6.37872340425532,38,19,7,10,47,5291,3154,2137,447,1183,4108,6.27248921564921,6.57303424223208,5.82891457182967,5.7255033557047,6.36382079459003,6.24618803310613,171
"171",2015,10,5.92816666666667,60,6.09382352941176,5.71153846153846,6.83333333333333,5.94916666666667,5.92291666666667,34,26,3,12,48,5351,3188,2163,450,1195,4156,6.26862837600448,6.56792346298619,5.82750367082756,5.73288888888889,6.35965690376569,6.24245438883542,172
"172",2015,11,6.17115384615385,52,6.3027027027027,5.84666666666667,6.125,6.16666666666667,6.17173913043478,37,15,4,6,46,5403,3225,2178,454,1201,4202,6.26769025356283,6.56488062015504,5.82763564738292,5.7363436123348,6.35869275603664,6.24168025702047,173
"173",2015,12,6.29029850746269,67,6.83378378378378,5.62,5.5,7.15714285714286,6.18916666666667,37,30,5,7,60,5470,3262,2208,459,1208,4262,6.26796717367459,6.56793071735131,5.82481451086957,5.73376906318083,6.36331953642384,6.24094097606757,174
"174",2016,1,6.125,92,6.32641509433962,5.85128205128205,6.03,5.9,6.15875,53,39,10,12,80,5562,3315,2247,469,1220,4342,6.26560238043869,6.56406938159879,5.825273894081,5.74008528784648,6.35876229508197,6.23942663288807,175
"175",2016,2,6.06714285714286,70,6.45,5.55666666666667,4.66666666666667,6.475,5.98275862068965,40,30,3,12,58,5632,3355,2277,472,1232,4400,6.26313573153409,6.56270938897168,5.82173493192798,5.73326271186441,6.35989448051948,6.23604328181818,176
"176",2016,3,6.18412698412698,63,6.45142857142857,5.85,5.375,5.83333333333333,6.22105263157895,35,28,4,6,57,5695,3390,2305,476,1238,4457,6.26226171027217,6.5615604719764,5.82207828199566,5.73025210084034,6.35734248788368,6.2358515683195,177
"177",2016,4,5.92542372881356,59,6.26666666666667,5.49230769230769,5.2,6.875,5.77647058823529,33,26,5,8,51,5754,3423,2331,481,1246,4508,6.25880786235662,6.55871749926964,5.81840001716002,5.72474012474013,6.36066613162119,6.23065448979592,178
"178",2016,5,6.25462962962963,54,6.41176470588235,5.9875,5.95,6.10714285714286,6.27659574468085,34,20,5,7,47,5808,3457,2351,486,1253,4555,6.25876901515151,6.55727220133063,5.81983855380689,5.72705761316872,6.35924980047885,6.23112852689352,179
"179",2016,6,6.19558823529412,68,6.63636363636364,5.78,5.28571428571429,6.6,6.12586206896552,33,35,7,10,58,5876,3490,2386,493,1263,4613,6.25803785568414,6.55802005730659,5.81925416596815,5.72079107505071,6.36115597783056,6.22980499458053,180
"180",2016,7,6.36734693877551,49,6.776,5.94166666666667,7,6.11111111111111,6.425,25,24,2,9,40,5925,3515,2410,495,1272,4653,6.2589418464135,6.55957041251778,5.82047321161826,5.7259595959596,6.35938679245283,6.23148300881152,181
"181",2016,8,6.75347222222222,72,6.95566037735849,6.18947368421053,6.6,6.805,6.74516129032258,53,19,5,10,62,5997,3568,2429,500,1282,4715,6.26487917958979,6.56545403587444,5.82335958830795,5.7347,6.36286271450858,6.2382376330859,182
"182",2016,9,6.27092589285714,56,6.56571428571429,5.7796119047619,5.7,6,6.28096018518518,35,21,5,2,54,6053,3603,2450,505,1284,4769,6.26493512142739,6.56545656397446,5.82298460816327,5.73435643564356,6.36229750778816,6.23872138603481,183
"183",2016,10,6.34705882352941,85,6.59,6,6,6.5,6.30882352941176,50,35,13,17,68,6138,3653,2485,518,1301,4837,6.26607238351254,6.56579249931563,5.82547778269618,5.74102316602317,6.36409684857802,6.23970690303907,184
"184",2016,11,6.02948717948718,78,6.3804347826087,5.525,5.13333333333333,5.91428571428571,6.0546875,46,32,6,14,64,6216,3699,2517,524,1315,4901,6.2631036502574,6.56348742903487,5.82165764402066,5.73406488549618,6.35930798479087,6.23729081615997,185
"185",2016,12,6.02558139534884,86,6.33725490196078,5.57142857142857,6.5,5.35714285714286,6.08481012658228,51,35,5,7,79,6302,3750,2552,529,1322,4980,6.25986231196445,6.56041066666666,5.81822581896552,5.74130434782609,6.3540015128593,6.23487194578313,186
"186",2017,1,6.15144230769231,104,6.34296875,5.845,5.38888888888889,7,6.07105263157895,64,40,9,9,95,6406,3814,2592,538,1331,5075,6.25810213705901,6.55676192973256,5.81863900077161,5.73540892193309,6.35836964688204,6.2318053773399,187
"187",2017,2,6.29259259259259,81,6.39423076923077,6.11034482758621,5.8,5.7,6.37605633802817,52,29,5,10,71,6487,3866,2621,543,1341,5146,6.25853280252813,6.55457578892912,5.82186657382678,5.73600368324125,6.3534601043997,6.23379562572872,188
"188",2017,3,6.42753623188406,69,6.62222222222222,6.0625,7.25,6.72222222222222,6.38333333333333,45,24,6,9,60,6556,3911,2645,549,1350,5206,6.26031151464307,6.55535412937867,5.82405001512287,5.75255009107468,6.35591851851852,6.23551907222436,189
"189",2017,4,6.39594594594595,74,6.49130434782609,6.23928571428571,5.33333333333333,7,6.35217391304348,46,28,9,5,69,6630,3957,2673,558,1355,5275,6.26182538310709,6.55460955269143,5.82839965955855,5.74578853046595,6.35829520295203,6.23704498388626,190
"190",2017,5,5.94788732394366,71,6.5325,5.19354838709677,5,4.77777777777778,6.11774193548387,40,31,6,9,62,6701,3997,2704,564,1364,5337,6.25849907327265,6.55438829121841,5.82112140902367,5.73785460992908,6.34786656891496,6.23565903878584,191
"191",2017,6,6.21228070175439,57,6.59571428571429,5.60227272727273,4.5,6.33333333333333,6.20555555555556,35,22,2,3,54,6758,4032,2726,566,1367,5391,6.25810924681858,6.55474702380952,5.8193552054292,5.73348056537103,6.34783467446964,6.23535750139121,192
"192",2017,7,6.26884057971014,69,6.578125,5.56190476190476,5,6.6875,6.21393442622951,48,21,4,8,61,6827,4080,2747,570,1375,5452,6.25821770763146,6.55502205882353,5.81738707317073,5.72833333333333,6.34981090909091,6.2351178081438,193
"193",2017,8,6.46623376623377,77,6.75531914893617,6.01333333333333,5.8125,6,6.56984126984127,47,30,8,14,63,6904,4127,2777,578,1389,5515,6.26053770133256,6.55730312575721,5.81950388548794,5.72949826989619,6.34628509719222,6.2389414850408,194
"194",2017,9,6.47625,80,6.59272727272727,6.22,6.33333333333333,6.9,6.41571428571429,55,25,3,10,70,6984,4182,2802,581,1399,5585,6.26300863258877,6.55776901004304,5.82307719129193,5.73261617900172,6.35024303073624,6.24115707967771,195
"195",2017,10,6.5703125,64,6.84772727272727,5.96,7.05,6.25,6.58064516129032,44,20,4,2,62,7048,4226,2822,585,1401,5647,6.2657991330874,6.56078797917652,5.82404758681786,5.74162393162393,6.35009992862241,6.24488441473349,196
"196",2017,11,6.41318681318681,91,6.93818181818182,5.61111111111111,5.1,6.55555555555556,6.39756097560976,55,36,5,9,82,7139,4281,2858,590,1410,5729,6.26767786664799,6.5656365335202,5.82136539188244,5.73618644067797,6.35141134751773,6.24706969628207,197
"197",2017,12,6.41888888888889,90,6.86166666666667,5.53333333333333,5.125,6.88636363636364,6.35379746835443,60,30,4,11,79,7229,4341,2888,594,1421,5808,6.26956042191174,6.56972817323197,5.81837336911357,5.73207070707071,6.3555524278677,6.24852139979339,198
"198",2018,1,6.42649572649573,117,6.50972222222222,6.29333333333333,5.25,6.02,6.46448598130841,72,45,12,10,107,7346,4413,2933,606,1431,5915,6.2720599360196,6.56874915023793,5.82566051483123,5.72252475247525,6.35320754716981,6.25242811327134,199
"199",2018,2,6.23089887640449,89,6.43305084745763,5.83333333333333,6,6.67777777777778,6.180625,59,30,1,9,80,7435,4472,2963,607,1440,5995,6.27156722125084,6.56695885509839,5.82573820114749,5.72298187808896,6.35523611111111,6.25146993994996,200
"200",2018,3,6.33050847457627,59,6.59375,6.01851851851852,5.28571428571429,6.17307692307692,6.375,32,27,7,13,46,7494,4504,2990,614,1453,6041,6.27203126367761,6.56714920071048,5.82747902675585,5.71799674267101,6.35360633172746,6.25241057606357,201
"201",2018,4,6.73605263157895,76,7.1731914893617,6.02758620689655,5.875,7.8,6.66112676056338,47,29,4,5,71,7570,4551,3019,618,1458,6112,6.2766898665786,6.57340804218853,5.82940122225903,5.71901294498382,6.35856652949246,6.25715842441099,202
"202",2018,5,6.40064096153846,52,6.50833325,6.04166666666667,5.66666666666667,6.4375,6.39393931818182,40,12,3,8,44,7622,4591,3031,621,1466,6156,6.27753550511677,6.57284106512742,5.83024160013197,5.71876006441224,6.35899727148704,6.25813606562703,203
"203",2018,6,6.12644865384615,52,6.53468806451613,5.52380952380952,6,6,6.14943931818182,31,21,3,8,44,7674,4622,3052,624,1474,6200,6.27651172139692,6.57258517092168,5.82813312254259,5.72011217948718,6.35704884667571,6.25736466935484,204
"204",2018,7,6.43090909090909,55,6.81470588235294,5.80952380952381,4,7,6.39807692307692,34,21,2,3,52,7729,4656,3073,626,1477,6252,6.27761042178807,6.57435323453608,5.82800595183859,5.71461661341853,6.3583547731889,6.25853502079335,205
"205",2018,8,6.15416666666667,72,6.3275,5.9375,6,6.375,6.1265625,40,32,7,8,64,7801,4696,3105,633,1485,6316,6.27647108704012,6.57225056643952,5.82913439291465,5.71777251184834,6.35844444444445,6.2571977438252,206
"206",2018,9,6.4643137254902,51,6.54571428571429,6.36521739130435,5.71428571428571,5.8,6.53652173913043,28,23,7,5,46,7852,4724,3128,640,1490,6362,6.27769115511971,6.57209328111769,5.83307617966752,5.717734375,6.35657046979866,6.25921737661113,207
"207",2018,10,6.2,55,6.34054054054054,5.91111111111111,6.13333333333333,5.91428571428571,6.24166666666667,37,18,3,7,48,7907,4761,3146,643,1497,6410,6.27715074617428,6.57029377441713,5.8335226605213,5.7196734059098,6.35450233800935,6.25908595163806,208
"208",2018,11,6.30941176470588,85,6.48958333333333,6.07567567567568,6.5,6.875,6.25064935064935,48,37,7,8,77,7992,4809,3183,650,1505,6487,6.27749386261261,6.5694881804949,5.83633750863965,5.72807692307692,6.35726910299003,6.2589858100817,209
"209",2018,12,6.29808988764045,89,6.5458,5.98051282051282,4.24666666666667,5.9375,6.3337037037037,50,39,3,8,81,8081,4859,3222,653,1513,6568,6.27772069669595,6.56924442477876,5.83808264742396,5.72127105666156,6.35504957038995,6.25990727009744,210
"210",2019,1,6.19618586538462,104,6.43990986486487,5.595,5.46875,6.16666666666667,6.20003619565217,74,30,8,12,92,8185,4933,3252,661,1525,6660,6.27668470128283,6.56730427528887,5.83584018757688,5.71821482602118,6.35356721311475,6.25908022222222,211
"211",2019,2,6.61838235294118,68,6.43867924528302,7.25333333333333,6.56,6.60714285714286,6.61967213114754,53,15,5,7,61,8253,4986,3267,666,1532,6721,6.27950009451109,6.56593702166065,5.84234842056933,5.72453453453453,6.35472584856397,6.26235296533254,212
"212",2019,3,6.32857142857143,70,6.51086956521739,5.97916666666667,7.2,6.61111111111111,6.28688524590164,46,24,5,9,61,8323,5032,3291,671,1541,6782,6.27991280547879,6.56543362281399,5.84334618353084,5.73552906110283,6.35622323166775,6.26257361840165,213
"213",2019,4,6.08275862068966,58,6.30681818181818,5.37857142857143,5.93333333333333,6.66,6.02830188679245,44,14,3,5,53,8381,5076,3305,674,1546,6835,6.27854841665672,6.56319188140268,5.84137739485628,5.73640949554896,6.35720569210867,6.26075702706657,214
"214",2019,5,6.3286666,50,6.65833321428571,5.90909090909091,7.5,6.28571428571429,6.3356588372093,28,22,3,7,43,8431,5104,3327,677,1553,6878,6.27884564227257,6.56371381661442,5.84182515479411,5.74422451994092,6.35688345138442,6.26122529950567,215
"215",2019,6,6.20212121212121,66,6.3835,5.92307692307692,5.83333333333333,7.44444444444444,6.0059649122807,40,26,6,9,57,8497,5144,3353,683,1562,6935,6.27824968930211,6.56231246500777,5.84245520131226,5.74500732064422,6.36314980793854,6.25912726892574,216
"216",2019,7,6.18965517241379,58,6.52564102564103,5.5,5.66666666666667,5.5,6.3,39,19,3,8,50,8555,5183,3372,686,1570,6985,6.27764904850964,6.56203652710785,5.84052559015421,5.74466472303207,6.35875159235669,6.25941984395132,217
"217",2019,8,6.5225974025974,77,6.51058823529412,6.54615384615385,6.54285714285714,7.38181818181818,6.37939393939394,51,26,7,11,66,8632,5234,3398,693,1581,7051,6.27983406047266,6.56153521589606,5.84592474690995,5.75272727272727,6.3658697027198,6.26054284640476,218
"218",2019,9,6.19530157142857,70,6.4154222,5.645,7,7.10833333333333,6.00639844827586,50,20,1,12,58,8702,5284,3418,694,1593,7109,6.27915407032866,6.56015261733535,5.8447490608543,5.75452449567723,6.37146264908977,6.25846936559291,219
"219",2019,10,6.25403225806452,62,6.49431818181818,5.66666666666667,4.66666666666667,5.85714285714286,6.30454545454545,44,18,6,7,55,8764,5328,3436,700,1600,7164,6.27897634869922,6.55960893956456,5.84381614959255,5.7452,6.3692125,6.25882310441094,220
"220",2019,11,6.34146666666667,75,6.41108695652174,6.23103448275862,5.56,6.76,6.31157142857143,46,29,5,5,70,8839,5374,3465,705,1605,7234,6.27950658671795,6.55833763118719,5.84705693795094,5.7438865248227,6.37042990654206,6.25933352502073,221
"221",2019,12,6.33301075268817,93,6.47625,6.11621621621622,5.66666666666667,6.36,6.33147727272727,56,37,6,5,88,8932,5430,3502,711,1610,7322,6.28006367218988,6.55749105524862,5.84990071102227,5.74323488045007,6.37039751552795,6.26020059000273,222
"222",2020,1,6.37499686567164,134,6.69801950617284,5.88132075471698,5.66666666666667,6.52941176470588,6.35256051282051,81,53,12,17,117,9066,5511,3555,723,1627,7439,6.28146683212001,6.55955652513155,5.85036913924051,5.74196403872752,6.3720590043024,6.26165321951875,223
"223",2020,2,6.15080274509804,102,6.38402685714286,5.640625,4.4,6.55555555555556,6.11163311827957,70,32,5,9,93,9168,5581,3587,728,1636,7532,6.28001310863874,6.55735493459953,5.84849798996376,5.73274725274725,6.3730684596577,6.25980087360595,224
"224",2020,3,6.69699816901408,71,6.77876441860465,6.57142857142857,6.6,6,6.77323234375,43,28,5,7,64,9239,5624,3615,733,1643,7596,6.2832175614244,6.55904778805121,5.85409745228216,5.73866302864939,6.37147900182593,6.2641267838336,225
"225",2020,4,6.27209302325581,86,6.57333333333333,5.57692307692308,5.5,5.28571428571429,6.35949367088608,60,26,12,7,79,9325,5684,3641,745,1650,7675,6.28311496514745,6.55919858550316,5.85211817907168,5.73481879194631,6.36687272727273,6.26510841042345,226
"226",2020,5,6.48630136986301,73,6.48181818181818,6.5,5.5,8.1,6.44084507042253,55,18,6,2,71,9398,5739,3659,751,1652,7746,6.28469323792296,6.55845700644711,5.85530535392184,5.73294274300932,6.36897094430993,6.26671921636974,227
"227",2020,6,6.459375,64,6.4875,6.4125,7,7.8,6.34576271186441,40,24,1,5,59,9462,5779,3683,752,1657,7805,6.28587476749102,6.5579658695276,5.85893627206082,5.73462765957447,6.37328907664454,6.2673167264574,228
"228",2020,7,6.54754098360656,61,6.85405405405405,6.075,4.5,6,6.63018867924528,37,24,4,8,53,9523,5816,3707,756,1665,7858,6.28755088207498,6.55984951169188,5.86033512004316,5.72809523809524,6.37149549549549,6.2697641957241,229
"229",2020,8,6.24776119402985,67,6.56176470588235,5.92424242424242,5.95,6.51666666666667,6.22131147540984,34,33,10,6,61,9590,5850,3740,766,1671,7919,6.28727289363921,6.55986064273504,5.86089900802139,5.73099216710183,6.37201675643327,6.26939096476828,230
"230",2020,9,6.41172839506173,81,6.79423076923077,5.72586206896552,6.33333333333333,6.71428571428571,6.38310810810811,52,29,6,7,74,9671,5902,3769,772,1678,7993,6.28831527763416,6.56192557777024,5.85985998673388,5.73567357512953,6.37344457687723,6.27044376954836,231
"231",2020,10,6.19621212121212,66,6.35238095238095,5.92291666666667,5.0375,7,6.10084745762712,42,24,4,7,59,9737,5944,3793,776,1685,8052,6.28769097771387,6.5604449461642,5.86025897442658,5.73207474226804,6.37604747774481,6.26920107426726,232
"232",2020,11,6.33764705882353,85,6.54313725490196,6.02941176470588,5,6.75,6.30632911392405,51,34,2,6,79,9822,5995,3827,778,1691,8131,6.28812329973529,6.56029770809007,5.86176176900967,5.73019280205656,6.37737433471319,6.26956180666585,233
"233",2020,12,6.3470159047619,105,6.59038652173913,5.88055555555556,5.4,6.66666666666667,6.31704864583333,69,36,10,9,96,9927,6064,3863,788,1700,8227,6.28874621940163,6.56064007750659,5.86193691172664,5.72600253807107,6.37890588235294,6.27011592561079,234
"234",2021,1,6.49115107913669,139,6.75277777777778,6.01061224489796,5.83333333333333,6.3,6.50596899224806,90,49,6,10,129,10066,6154,3912,794,1710,8356,6.29154120007948,6.56345002112447,5.86379915388548,5.72681360201511,6.37844444444444,6.27375702728578,235
"235",2021,2,6.21734693877551,98,6.42830188679245,5.96888888888889,6.1,5.92857142857143,6.23956043956044,53,45,10,7,91,10164,6207,3957,804,1717,8447,6.29082582841401,6.56229602545513,5.86499426080364,5.7314552238806,6.37661036691904,6.27338862554753,236
"236",2021,3,6.115,80,6.43090909090909,5.42,5.75,5.5,6.14736842105263,55,25,8,4,76,10244,6262,3982,812,1721,8523,6.28945272549785,6.5611420360907,5.86220047463586,5.73163793103448,6.37457292271935,6.27226489733662,237
"237",2021,4,6.44869364864865,74,6.94896288888889,5.67241379310345,4.75,5.84,6.49280188405797,45,29,4,5,69,10318,6307,4011,816,1726,8592,6.2905947906571,6.56390911051213,5.8608282946896,5.72682598039216,6.37302433371958,6.27403596950652,238
"238",2021,5,6.3828125,64,6.46428571428571,6.22727272727273,5.16666666666667,8,6.275,42,22,3,4,60,10382,6349,4033,819,1730,8652,6.29116326815642,6.56325008032761,5.86282724770642,5.72477411477411,6.37678612716763,6.27404265487748,239
"239",2021,6,6.40625,64,6.84782608695652,5.27777777777778,4,6.6875,6.36607142857143,46,18,4,8,56,10446,6395,4051,823,1738,8708,6.29186837545472,6.56529706958561,5.86022766971118,5.71639125151883,6.3782163406214,6.2746344797887,240
"240",2021,7,6.42547169811321,53,6.65689655172414,6.14583333333333,6,4.2,6.65729166666667,29,24,2,5,48,10499,6424,4075,825,1743,8756,6.29254281836365,6.56571057907845,5.86190976441718,5.71707878787879,6.37196787148594,6.27673218935587,241
"241",2021,8,6.45009808823529,68,6.76378795454545,5.875,5.16666666666667,7.05555555555556,6.35774016949153,44,24,6,9,59,10567,6468,4099,831,1752,8815,6.29355670672849,6.56705804421768,5.86198640888021,5.71310469314079,6.37547945205479,6.27727438684061,242
"242",2021,9,6.48245614035088,57,6.52631578947368,6.39473684210526,5.35714285714286,6.6,6.47115384615385,38,19,7,5,52,10624,6506,4118,838,1757,8867,6.29457019201807,6.56682007838918,5.86444446090335,5.71013126491647,6.37611838360842,6.27841138152701,243
"243",2021,10,6.10459770114943,87,6.43235294117647,5.64027777777778,5.25,6.0625,6.10886075949367,51,36,6,8,79,10711,6557,4154,844,1765,8946,6.29302714219027,6.5657742000915,5.862501754935,5.70686018957346,6.37469688385269,6.27691412027722,244
"244",2021,11,6.35609756097561,82,6.49636363636364,6.07037037037037,5.725,6.91666666666667,6.31184210526316,55,27,8,6,76,10793,6612,4181,852,1771,9022,6.29350632076346,6.56519682849365,5.86384412580722,5.70703051643193,6.37653303218521,6.27720834848149,245
"245",2021,12,6.25850191011236,89,6.47913983870968,5.75185185185185,4.5,6.1,6.26793654761905,62,27,4,5,84,10882,6674,4208,856,1776,9106,6.2932200321632,6.56439737788432,5.86312554420152,5.70139018691589,6.3757545045045,6.27712281902043,246
"246",2022,1,6.33759493670886,158,6.51821782178218,6.01754385964912,5.95833333333333,6,6.34412903225806,101,57,12,3,155,11040,6775,4265,868,1779,9261,6.29385510778985,6.56370894464944,5.86518928253224,5.70494239631336,6.37512085441259,6.27824429219307,247
"247",2022,2,6.3731976744186,86,6.5648275862069,5.97625,5.53166666666667,6.435,6.36413333333333,58,28,9,11,75,11126,6833,4293,877,1790,9336,6.29446839744742,6.5637184399239,5.86591364779874,5.70316419612315,6.37548882681564,6.27893427485004,248
"248",2022,3,6.17670454545455,88,6.44090909090909,5.73636363636364,5.3,6.75,6.15647058823529,55,33,5,3,85,11214,6888,4326,882,1793,9421,6.29354426520421,6.56273781939605,5.86492540221914,5.70087868480726,6.37611544896821,6.2778293588791,249
"249",2022,4,6.11558441558442,77,6.26739130434783,5.89032258064516,5.01428571428571,6.06875,6.12101449275362,46,31,7,8,69,11291,6934,4357,889,1801,9490,6.2923306518466,6.56077849725988,5.86510610282304,5.69547244094488,6.37475013881177,6.27668918756586,250
"250",2022,5,6.12075757575758,66,6.4975,5.54115384615385,4.5,6.2,6.11426229508197,40,26,5,5,61,11357,6974,4383,894,1806,9551,6.29133357312671,6.56041555778606,5.86318441478439,5.68878635346756,6.37426633444075,6.27565180504659,251
"251",2022,6,6.11147540983607,61,6.41315789473684,5.61304347826087,5.22,6,6.12592592592593,38,23,5,7,54,11418,7012,4406,899,1813,9605,6.29037269136451,6.5596175270964,5.86187864049024,5.68617908787542,6.37282129067843,6.27481003539823,252
"252",2022,7,6.70161290322581,62,6.81538461538462,6.50869565217391,5,6.66666666666667,6.70535714285714,39,23,3,6,56,11480,7051,4429,902,1819,9661,6.29259367508711,6.56103220819742,5.8652375908783,5.68389689578714,6.37379054425509,6.27730570230825,253
"253",2022,8,6.1969696969697,66,6.61282051282051,5.5962962962963,5.625,5.94,6.21803278688525,39,27,4,5,61,11546,7090,4456,906,1824,9722,6.29204706305214,6.56131708039492,5.86360800942549,5.68363686534216,6.3726014254386,6.27693379860111,254
"254",2022,9,6.34712987012987,77,6.46935416666667,6.1448275862069,5.3125,6.65128571428571,6.31671428571429,48,29,8,7,70,11623,7138,4485,914,1831,9792,6.29241197539362,6.56069866909498,5.86542637458194,5.68038840262582,6.37366684871655,6.27721817708333,255
"255",2022,10,6.37333333333333,60,6.48648648648649,6.19130434782609,6.38,6.34,6.38,37,23,5,10,50,11683,7175,4508,919,1841,9842,6.29282756055808,6.56031597212543,5.86708901730257,5.68419477693145,6.37348397609995,6.27774033631376,256
"256",2022,11,6.40388888888889,90,6.49083333333333,6.23,6.25,6.9125,6.32564102564103,60,30,4,12,78,11773,7235,4538,923,1853,9920,6.29367658116028,6.5597397512094,5.8694881643896,5.68664680390033,6.37697463572585,6.27811697479839,257
"257",2022,12,6.52233009708738,103,6.89818181818182,6.09166666666667,5.6875,6.63333333333333,6.51546391752577,55,48,8,6,97,11876,7290,4586,931,1859,10017,6.29565968255305,6.56229315500686,5.87181362625382,5.68665413533835,6.37780204410974,6.28041533293401,258
