"","year","month","avg_rating","no_ratings","avg_rating_owned","avg_rating_not_owned","avg_rating_prev_owned","avg_rating_comment","avg_rating_no_comment","no_ratings_owned","no_ratings_not_owned","no_ratings_prev_owned","no_ratings_comment","no_ratings_no_comment","cum_no_ratings","cum_no_ratings_owned","cum_no_ratings_not_owned","cum_no_ratings_prev_owned","cum_no_ratings_comment","cum_no_ratings_no_comment","cum_avg_rating","cum_avg_rating_owned","cum_avg_rating_not_owned","cum_avg_rating_prev_owned","cum_avg_rating_comment","cum_avg_rating_no_comment","month_after_release"
"1",2001,6,8.33333333333333,3,10,7.5,NA,NA,8.33333333333333,1,2,0,0,3,3,1,2,0,0,3,8.33333333333333,10,7.5,NA,NA,8.33333333333333,1
"2",2001,7,8,2,8,NA,NA,9,7,2,0,0,1,1,5,3,2,0,1,4,8.2,8.66666666666667,7.5,NA,9,8,2
"3",2001,9,9,2,10,8,NA,9,NA,1,1,0,2,0,7,4,3,0,3,4,8.42857142857143,9,7.66666666666667,NA,9,8,4
"4",2001,10,6,2,7,5,NA,5,7,1,1,0,1,1,9,5,4,0,4,5,7.88888888888889,8.6,7,NA,8,7.8,5
"5",2001,12,10,1,10,NA,NA,10,NA,1,0,0,1,0,10,6,4,0,5,5,8.1,8.83333333333333,7,NA,8.4,7.8,7
"6",2002,1,8,1,NA,8,NA,NA,8,0,1,0,0,1,11,6,5,0,5,6,8.09090909090909,8.83333333333333,7.2,NA,8.4,7.83333333333333,8
"7",2002,4,7,1,NA,7,NA,NA,7,0,1,0,0,1,12,6,6,0,5,7,8,8.83333333333333,7.16666666666667,NA,8.4,7.71428571428571,11
"8",2002,5,8,1,8,NA,NA,NA,8,1,0,0,0,1,13,7,6,0,5,8,8,8.71428571428571,7.16666666666667,NA,8.4,7.75,12
"9",2002,6,9.75,2,9.75,NA,NA,10,9.5,2,0,0,1,1,15,9,6,0,6,9,8.23333333333334,8.94444444444444,7.16666666666667,NA,8.66666666666667,7.94444444444444,13
"10",2002,7,6.75,4,6,9,NA,5,7.33333333333333,3,1,0,1,3,19,12,7,0,7,12,7.92105263157895,8.20833333333333,7.42857142857143,NA,8.14285714285714,7.79166666666667,14
"11",2002,8,7.25,4,7.33333333333333,7,NA,7,7.33333333333333,3,1,0,1,3,23,15,8,0,8,15,7.80434782608696,8.03333333333333,7.375,NA,8,7.7,15
"12",2002,9,7.5,2,10,5,NA,10,5,1,1,0,1,1,25,16,9,0,9,16,7.78,8.15625,7.11111111111111,NA,8.22222222222222,7.53125,16
"13",2002,10,6.5,4,7.33333333333333,4,NA,6,7,3,1,0,2,2,29,19,10,0,11,18,7.60344827586207,8.02631578947368,6.8,NA,7.81818181818182,7.47222222222222,17
"14",2002,11,10,1,NA,10,NA,10,NA,0,1,0,1,0,30,19,11,0,12,18,7.68333333333334,8.02631578947368,7.09090909090909,NA,8,7.47222222222222,18
"15",2002,12,8,4,7.5,8.5,NA,7.5,8.5,2,2,0,2,2,34,21,13,0,14,20,7.72058823529412,7.97619047619048,7.30769230769231,NA,7.92857142857143,7.575,19
"16",2003,1,7.33333333333333,3,7,7.5,NA,NA,7.33333333333333,1,2,0,0,3,37,22,15,0,14,23,7.68918918918919,7.93181818181818,7.33333333333333,NA,7.92857142857143,7.54347826086957,20
"17",2003,2,7.5,4,7,8,NA,8,7,2,2,0,2,2,41,24,17,0,16,25,7.67073170731707,7.85416666666667,7.41176470588235,NA,7.9375,7.5,21
"18",2003,3,8,1,NA,8,NA,NA,8,0,1,0,0,1,42,24,18,0,16,26,7.67857142857143,7.85416666666667,7.44444444444444,NA,7.9375,7.51923076923077,22
"19",2003,4,7,3,7.5,6,NA,NA,7,2,1,0,0,3,45,26,19,0,16,29,7.63333333333333,7.82692307692308,7.36842105263158,NA,7.9375,7.46551724137931,23
"20",2003,5,5,8,5.33333333333333,4.8,NA,4.8,5.33333333333333,3,5,0,5,3,53,29,24,0,21,32,7.23584905660377,7.56896551724138,6.83333333333333,NA,7.19047619047619,7.265625,24
"21",2003,6,8.16666666666667,3,10,7.25,NA,9.5,7.5,1,2,0,1,2,56,30,26,0,22,34,7.28571428571429,7.65,6.86538461538461,NA,7.29545454545455,7.27941176470588,25
"22",2003,7,6.87931034482759,29,7.46428571428571,6.33333333333333,5,6.8125,6.90476190476191,14,15,1,8,21,85,44,41,1,30,55,7.14705882352941,7.59090909090909,6.67073170731707,5,7.16666666666667,7.13636363636364,26
"23",2003,8,6.125,8,6.5,6,NA,7,5.25,2,6,0,4,4,93,46,47,1,34,59,7.05913978494624,7.54347826086957,6.58510638297872,5,7.14705882352941,7.00847457627119,27
"24",2003,9,6.66666666666667,6,6.33333333333333,7,NA,5.66666666666667,7.66666666666667,3,3,0,3,3,99,49,50,1,37,62,7.03535353535354,7.46938775510204,6.61,5,7.02702702702703,7.04032258064516,28
"25",2003,10,6,2,6,6,NA,6,6,1,1,0,1,1,101,50,51,1,38,63,7.01485148514851,7.44,6.59803921568627,5,7,7.02380952380952,29
"26",2003,11,7.16666666666667,6,7,7.5,NA,7,7.5,4,2,0,4,2,107,54,53,1,42,65,7.02336448598131,7.40740740740741,6.63207547169811,5,7,7.03846153846154,30
"27",2003,12,5.77777777777778,9,6.5,5.2,NA,NA,5.77777777777778,4,5,0,0,9,116,58,58,1,42,74,6.92672413793103,7.3448275862069,6.50862068965517,5,7,6.88513513513514,31
"28",2004,1,6.625,8,5,6.85714285714286,NA,7.4,5.33333333333333,1,7,0,5,3,124,59,65,1,47,77,6.90725806451613,7.30508474576271,6.54615384615385,5,7.04255319148936,6.82467532467532,32
"29",2004,2,6.09090909090909,11,7,5,NA,6.66666666666667,5.875,6,5,0,3,8,135,65,70,1,50,85,6.84074074074074,7.27692307692308,6.43571428571429,5,7.02,6.73529411764706,33
"30",2004,3,7.25,4,8.5,6,NA,7.5,7,2,2,0,2,2,139,67,72,1,52,87,6.85251798561151,7.3134328358209,6.42361111111111,5,7.03846153846154,6.74137931034483,34
"31",2004,4,6.6,5,7.5,6,NA,7.33333333333333,5.5,2,3,0,3,2,144,69,75,1,55,89,6.84375,7.31884057971014,6.40666666666667,5,7.05454545454545,6.71348314606742,35
"32",2004,5,6,5,8,4.66666666666667,NA,6,6,2,3,0,3,2,149,71,78,1,58,91,6.81543624161074,7.33802816901408,6.33974358974359,5,7,6.6978021978022,36
"33",2004,6,7,12,8.625,3.75,NA,7.5,6.75,8,4,0,4,8,161,79,82,1,62,99,6.82919254658385,7.46835443037975,6.21341463414634,5,7.03225806451613,6.7020202020202,37
"34",2004,7,6.64285714285714,7,8.66666666666667,5.125,NA,5.5,7.1,3,4,0,2,5,168,82,86,1,64,104,6.82142857142857,7.51219512195122,6.16279069767442,5,6.984375,6.72115384615385,38
"35",2004,8,7,5,8,3,NA,6.66666666666667,7.5,4,1,0,3,2,173,86,87,1,67,106,6.82658959537572,7.53488372093023,6.1264367816092,5,6.97014925373134,6.73584905660377,39
"36",2004,9,7.21428571428571,7,7.25,7,NA,5,7.58333333333333,6,1,0,1,6,180,92,88,1,68,112,6.84166666666667,7.51630434782609,6.13636363636364,5,6.94117647058824,6.78125,40
"37",2004,10,5.85714285714286,7,6.75,4.66666666666667,NA,5.5,6.33333333333333,4,3,0,4,3,187,96,91,1,72,115,6.8048128342246,7.484375,6.08791208791209,5,6.86111111111111,6.7695652173913,41
"38",2004,11,8,7,7.5,8.66666666666667,NA,10,7.66666666666667,4,3,0,1,6,194,100,94,1,73,121,6.8479381443299,7.485,6.17021276595745,5,6.9041095890411,6.81404958677686,42
"39",2004,12,6.29166666666667,12,6.75,6.0625,NA,6.5,6.14285714285714,4,8,0,5,7,206,104,102,1,78,128,6.81553398058252,7.45673076923077,6.16176470588235,5,6.87820512820513,6.77734375,43
"40",2005,1,7.44565217391304,23,7.97368421052632,4.9375,NA,7.71428571428571,7.328125,19,4,0,7,16,229,123,106,1,85,144,6.87882096069869,7.53658536585366,6.11556603773585,5,6.94705882352941,6.83854166666667,44
"41",2005,2,7.4375,8,6.4,9.16666666666667,NA,7.6,7.16666666666667,5,3,0,5,3,237,128,109,1,90,147,6.89767932489451,7.4921875,6.19954128440367,5,6.98333333333333,6.84523809523809,45
"42",2005,3,8.03846153846154,13,8.875,6.7,NA,8.25,7.7,8,5,0,8,5,250,136,114,1,98,152,6.957,7.57352941176471,6.22149122807018,5,7.08673469387755,6.87335526315789,46
"43",2005,4,7.42307692307692,13,7.4,7.5,NA,8.14285714285714,6.58333333333333,10,3,0,7,6,263,146,117,1,105,158,6.98003802281369,7.56164383561644,6.2542735042735,5,7.15714285714286,6.8623417721519,47
"44",2005,5,7.86666666666667,9,8.5,7.36,NA,7,8.56,4,5,0,4,5,272,150,122,1,109,163,7.009375,7.58666666666667,6.29959016393443,5,7.15137614678899,6.91441717791411,48
"45",2005,6,7.13157894736842,19,7.79166666666667,6,NA,7.39285714285714,6.4,12,7,0,14,5,291,162,129,1,123,168,7.01735395189003,7.60185185185185,6.28333333333333,5,7.17886178861789,6.89910714285714,49
"46",2005,7,7.36363636363636,11,7.33333333333333,7.4,NA,6.6,8,6,5,0,5,6,302,168,134,1,128,174,7.02996688741722,7.59226190476191,6.325,5,7.15625,6.93706896551724,50
"47",2005,8,6.40454545454545,22,7.22307692307692,5.22222222222222,NA,5.93125,7.66666666666667,13,9,0,16,6,324,181,143,1,144,180,6.9875,7.56574585635359,6.25559440559441,5,7.02013888888889,6.96138888888889,51
"48",2005,9,5.895,10,6.33333333333333,5.70714285714286,NA,6.4,5.39,3,7,0,5,5,334,184,150,1,149,185,6.95479041916168,7.54565217391304,6.23,5,6.9993288590604,6.91891891891892,52
"49",2005,10,6.92105263157895,19,7.04166666666667,6.71428571428571,NA,7.36363636363636,6.3125,12,7,0,11,8,353,196,157,1,160,193,6.95297450424929,7.51479591836735,6.2515923566879,5,7.024375,6.89378238341969,53
"50",2005,11,6.6,29,7.53125,5.45384615384615,NA,7.03571428571429,6.19333333333333,16,13,0,14,15,382,212,170,1,174,208,6.9261780104712,7.51603773584906,6.19058823529412,5,7.02528735632184,6.84326923076923,54
"51",2005,12,7.23529411764706,17,7.36363636363636,7,NA,7.6,6.71428571428571,11,6,0,10,7,399,223,176,1,184,215,6.93934837092732,7.5085201793722,6.21818181818182,5,7.05652173913044,6.83906976744186,55
"52",2006,1,6.68928571428571,28,7.23888888888889,5.7,NA,6.1125,7.45833333333333,18,10,0,16,12,427,241,186,1,200,227,6.92295081967213,7.48838174273859,6.19032258064516,5,6.981,6.87180616740088,56
"53",2006,2,6.54875,16,6.98,5.6,NA,6.36666666666667,6.78285714285714,11,5,0,9,7,443,252,191,1,209,234,6.90943566591422,7.46619047619048,6.17486910994765,5,6.95454545454545,6.8691452991453,57
"54",2006,3,7.24666666666667,15,7.08333333333333,7.9,NA,7.425,7.18181818181818,12,3,0,4,11,458,264,194,1,213,245,6.92048034934498,7.44878787878788,6.20154639175258,5,6.96338028169014,6.88318367346939,58
"55",2006,4,7.34375,16,7.77777777777778,6.78571428571429,NA,7.3125,7.375,9,7,0,8,8,474,273,201,1,221,253,6.93476793248945,7.4596336996337,6.22189054726368,5,6.97601809954751,6.89873517786561,59
"56",2006,5,6.67857142857143,14,7.6,6.16666666666667,NA,6.1875,7.33333333333333,5,9,0,8,6,488,278,210,1,229,259,6.92741803278689,7.4621582733813,6.21952380952381,5,6.94847161572052,6.90880308880309,60
"57",2006,6,6.3125,8,7.16666666666667,5.8,NA,6.375,6.25,3,5,0,4,4,496,281,215,1,233,263,6.9175,7.45900355871886,6.20976744186047,5,6.93862660944206,6.89878326996198,61
"58",2006,7,6.45238095238095,21,7.88888888888889,5.375,NA,6.4375,6.46153846153846,9,12,0,8,13,517,290,227,1,241,276,6.89860735009671,7.47234482758621,6.16563876651983,5,6.92199170124481,6.8781884057971,62
"59",2006,8,6.47916666666667,24,7.6,5.67857142857143,NA,6.7,6.32142857142857,10,14,0,10,14,541,300,241,1,251,290,6.88,7.4766,6.13734439834025,5,6.91314741035857,6.85131034482759,63
"60",2006,9,6.92307692307692,26,7.46428571428571,6.29166666666667,NA,6.75,7.125,14,12,0,14,12,567,314,253,1,265,302,6.88197530864198,7.47605095541401,6.14466403162055,5,6.90452830188679,6.86218543046358,64
"61",2006,10,6.35,20,6.875,5.5625,NA,5.91666666666667,6.53571428571429,12,8,0,6,14,587,326,261,1,271,316,6.86385008517888,7.4539263803681,6.12681992337165,5,6.88265682656827,6.84772151898734,65
"62",2006,11,5.47368421052632,19,5.7,5.22222222222222,10,5.33333333333333,5.53846153846154,10,9,1,6,13,606,336,270,2,277,329,6.82026402640264,7.40172619047619,6.09666666666667,7.5,6.84909747292419,6.79598784194529,66
"63",2006,12,6.91447368421053,38,7.06481481481481,6.54545454545455,NA,6.66666666666667,6.99137931034483,27,11,0,9,29,644,363,281,2,286,358,6.82582298136646,7.37666666666667,6.11423487544484,7.5,6.84335664335664,6.8118156424581,67
"64",2007,1,6.9635593220339,59,7.06153846153846,6.88636363636364,NA,7.184,6.80147058823529,26,33,0,25,34,703,389,314,2,311,392,6.8373826458037,7.35560411311054,6.1953821656051,7.5,6.87073954983923,6.81091836734694,68
"65",2007,2,6.5425625,36,6.7335,6.303890625,8,6.42857142857143,6.61510227272727,20,16,1,14,22,739,409,330,3,325,414,6.82302063599459,7.32518337408313,6.20064318181818,7.66666666666667,6.85169230769231,6.80051268115942,69
"66",2007,3,6.69411764705882,34,7.14444444444444,6.1875,5,6.65,6.7125,18,16,1,10,24,773,427,346,4,335,438,6.81735090556274,7.3175644028103,6.20003540462428,7,6.84567164179105,6.79569006849315,70
"67",2007,4,6.54146341463415,41,6.9875,5.91176470588235,NA,6.5304347826087,6.55555555555556,24,17,0,23,18,814,451,363,4,358,456,6.80345485257985,7.3,6.18653512396694,7,6.82541899441341,6.7862110745614,71
"68",2007,5,6.83928571428571,28,7.60833333333333,6.2625,7,6.28333333333333,7.25625,12,16,1,12,16,842,463,379,5,370,472,6.80464637767221,7.30799136069114,6.18974208443272,7,6.80783783783784,6.80214459745763,72
"69",2007,6,6.66111111111111,27,7.86428571428571,5.36538461538461,NA,6.825,6.59210526315789,14,13,0,8,19,869,477,392,5,378,491,6.80018670886076,7.32431865828092,6.16240369897959,7,6.80820105820106,6.79401680244399,73
"70",2007,7,6.55365853658537,41,7.23636363636364,5.76315789473684,NA,5.53333333333333,7.14230769230769,22,19,0,15,26,910,499,411,5,393,517,6.7890793956044,7.32044088176353,6.14394708029197,7,6.75954198473282,6.81153239845261,74
"71",2007,8,6.83571428571429,28,7.61176470588235,5.63636363636364,NA,6.52857142857143,7.14285714285714,17,11,0,14,14,938,516,422,5,407,531,6.79047148187633,7.33003875968992,6.13071623222749,7,6.75159705159705,6.82026789077213,75
"72",2007,9,6.771875,32,7.41818181818182,5.35,NA,7.55714285714286,6.552,22,10,0,7,25,970,538,432,5,414,556,6.78985798969072,7.33364312267658,6.11264409722222,7,6.76521739130435,6.80820548561151,76
"73",2007,10,6.77931034482759,29,7.3,6.22142857142857,6,6.5,6.95,15,14,1,11,18,999,553,446,6,425,574,6.7895518018018,7.33273056057866,6.11605885650224,6.83333333333333,6.75835294117647,6.81265200348432,77
"74",2007,11,6.77755102040816,49,7.01153846153846,6.51304347826087,NA,7.10454545454545,6.51111111111111,26,23,0,22,27,1048,579,469,6,447,601,6.78899069656489,7.31830742659758,6.13552718550107,6.83333333333333,6.77539149888143,6.79910524126456,78
"75",2007,12,6.19366197183099,71,7.05333333333333,5.56463414634146,NA,6.6051282051282,5.6921875,30,41,0,39,32,1119,609,510,6,486,633,6.75121738159071,7.30525451559934,6.0896318627451,6.83333333333333,6.76172839506173,6.74314731437599,79
"76",2008,1,7.34923076923077,65,7.70816326530612,6.25,5,7.44,7.27142857142857,49,16,1,30,35,1184,658,526,7,516,668,6.78404750844595,7.33525835866261,6.09450998098859,6.57142857142857,6.80116279069767,6.77082672155689,80
"77",2008,2,6.27352941176471,34,6.72,5.92105263157895,NA,6.33125,6.22222222222222,15,19,0,16,18,1218,673,545,7,532,686,6.76979659277504,7.32154531946508,6.0884628440367,6.57142857142857,6.78703007518797,6.75643185131195,81
"78",2008,3,6.38513513513514,37,7.28947368421053,5.43055555555556,NA,5.61538461538461,6.80208333333333,19,18,0,13,24,1255,692,563,7,545,710,6.75845597609562,7.32066473988439,6.0674285079929,6.57142857142857,6.75908256880734,6.757975,82
"79",2008,4,6.99637837837838,37,7.414,6.55555555555556,10,7.06666666666667,6.94845454545455,19,18,1,15,22,1292,711,581,8,560,732,6.76526954334365,7.32315893108298,6.08255120481928,7,6.76732142857143,6.76369979508197,83
"80",2008,5,7.22222222222222,27,7.79166666666667,6.76666666666667,8,8.1,6.70588235294118,12,15,1,10,17,1319,723,596,9,570,749,6.77462338893101,7.33093499308437,6.09976887583893,7.11111111111111,6.79070175438596,6.76238751668892,84
"81",2008,6,6.97647058823529,34,6.98125,6.97222222222222,NA,6.38181818181818,7.26086956521739,16,18,0,11,23,1353,739,614,9,581,772,6.77969567627495,7.32336400541272,6.12534568403909,7.11111111111111,6.78296041308089,6.77723866580311,85
"82",2008,7,6.96341463414634,41,7.01785714285714,6.84615384615385,NA,6.77777777777778,7.10869565217391,28,13,0,18,23,1394,767,627,9,599,795,6.78509917503587,7.3122112125163,6.14029066985646,7.11111111111111,6.78280467445743,6.78682798742138,86
"83",2008,8,6.61296296296296,27,7.35833333333333,6.01666666666667,6.5,6.7,6.56944444444444,12,15,2,9,18,1421,779,642,11,608,813,6.78182846586911,7.3129216944801,6.13740225856698,7,6.78157894736842,6.78201506765068,87
"84",2008,9,7.06176470588235,34,7.70666666666667,6.55263157894737,8,7.03529411764706,7.08823529411765,15,19,1,17,17,1455,794,661,12,625,830,6.78836993127148,7.32036020151134,6.14933774583964,7.08333333333333,6.78848,6.78828704819277,88
"85",2008,10,6.7741935483871,31,7.20588235294118,6.25,NA,6.27272727272727,7.05,17,14,0,11,20,1486,811,675,12,636,850,6.78807419246299,7.31796054254008,6.15142555555556,7.08333333333333,6.77955974842767,6.794445,89
"86",2008,11,6.8275,40,7.05238095238095,6.57894736842105,5,6.77272727272727,6.84827586206897,21,19,1,11,29,1526,832,694,13,647,879,6.78910763433814,7.31125721153846,6.16313004322767,6.92307692307692,6.77944358578053,6.79622098976109,90
"87",2008,12,6.06451612903226,31,5.97222222222222,6.19230769230769,3,5.79166666666667,6.23684210526316,18,13,1,12,19,1557,850,707,14,659,898,6.77468095696853,7.28290117647059,6.16366654879774,6.64285714285714,6.76145675265554,6.78438557906459,91
"88",2009,1,6.77083333333333,48,6.7258064516129,6.85294117647059,5,7.24444444444444,6.48666666666667,31,17,1,18,30,1605,881,724,15,677,928,6.77456588785047,7.26329852440409,6.17985117403315,6.53333333333333,6.77429837518464,6.77476104525862,92
"89",2009,2,6.51927710843373,83,7.06666666666667,6.158,8.66666666666667,6.9625,6.4134328358209,33,50,3,16,67,1688,914,774,18,693,995,6.76201318127962,7.25619912472648,6.1784395994832,6.88888888888889,6.77864357864358,6.75043040201005,93
"90",2009,3,6.39625,80,6.51428571428571,6.30444444444444,6.25,6.3,6.44,35,45,2,25,55,1768,949,819,20,718,1050,6.74546281108597,7.22883667017914,6.18536294261294,6.825,6.76197771587744,6.73416976190476,94
"91",2009,4,5.83629032258064,62,6.1975,5.66428571428571,NA,5.3,5.93942307692308,20,42,0,10,52,1830,969,861,20,728,1102,6.71466024590164,7.20755005159959,6.15994454123113,6.825,6.7418956043956,6.69666810344828,95
"92",2009,5,7.03965517241379,58,7.72413793103448,6.3551724137931,6,7.08125,7.02380952380952,29,29,1,16,42,1888,998,890,21,744,1144,6.72464420021187,7.22256112224449,6.1663058988764,6.78571428571429,6.7491935483871,6.70867854020979,96
"93",2009,6,6.81666666666667,60,7.32758620689655,6.33870967741935,6,6.54166666666667,6.88541666666667,29,31,1,12,48,1948,1027,921,22,756,1192,6.72747856776181,7.22552677702045,6.17210884907709,6.75,6.74589947089947,6.71579551174497,97
"94",2009,7,6.79285714285714,56,7.53,6.38333333333333,NA,7.38461538461539,6.61395348837209,20,36,0,13,43,2004,1047,957,22,769,1235,6.72930551397206,7.23134288443171,6.18005459770115,6.75,6.75669700910273,6.7122495951417,98
"95",2009,8,7.015625,48,7.2575,6.84285714285714,NA,6.38846153846154,7.24857142857143,20,28,0,13,35,2052,1067,985,22,782,1270,6.73600304580897,7.23183317713215,6.19889568527919,6.75,6.75057544757033,6.72703011811024,99
"96",2009,9,7.17857142857143,42,7.78947368421053,6.67391304347826,NA,8.33333333333333,6.86363636363636,19,23,0,9,33,2094,1086,1008,22,791,1303,6.74487977554919,7.24158931860037,6.209734375,6.75,6.76858407079646,6.73048983115887,100
"97",2009,10,6.75775862068966,58,6.962,6.6030303030303,6,6.55,6.80104166666667,25,33,1,10,48,2152,1111,1041,23,801,1351,6.74522688197026,7.23529792979298,6.22220196926033,6.71739130434783,6.76585518102372,6.73299648408586,101
"98",2009,11,6.54935064935065,77,7.03658536585366,5.99444444444444,4,6.85294117647059,6.46333333333333,41,36,1,17,60,2229,1152,1077,24,818,1411,6.73846040825482,7.22822569444445,6.21458890436397,6.60416666666667,6.76766503667482,6.72152958894401,102
"99",2009,12,6.9320987654321,81,7.3027027027027,6.62045454545455,6.75,6.71428571428571,7.00833333333333,37,44,4,21,60,2310,1189,1121,28,839,1471,6.74525032467533,7.230543313709,6.23051940231936,6.625,6.76632896305125,6.73322790618627,103
"100",2010,1,6.84166666666667,72,7.18611111111111,6.49722222222222,5,6.10833333333333,6.98833333333333,36,36,1,12,60,2382,1225,1157,29,851,1531,6.74816467254408,7.22923755102041,6.23881784788245,6.56896551724138,6.75705052878966,6.7432255062051,104
"101",2010,2,6.73666666666667,60,7.459375,5.91071428571429,4,6.64444444444444,6.75294117647059,32,28,1,9,51,2442,1257,1185,30,860,1582,6.74788216625717,7.23509626093875,6.23106518987342,6.48333333333333,6.75587209302326,6.74353871681416,105
"102",2010,3,6.94090909090909,44,7.38823529411765,6.65925925925926,NA,8.1,6.79230769230769,17,27,0,5,39,2486,1274,1212,30,865,1621,6.75129857200322,7.23713971742543,6.24060416666667,6.48333333333333,6.76364161849711,6.74471206045651,106
"103",2010,4,6.69512195121951,41,6.94,6.3125,NA,6.27777777777778,6.8125,25,16,0,9,32,2527,1299,1228,30,874,1653,6.75038711911357,7.23142109314858,6.24154092019544,6.48333333333333,6.75863844393593,6.74602434966727,107
"104",2010,5,6.47441860465116,43,7.34666666666667,6.00714285714286,7.75,6.12727272727273,6.59375,15,28,2,11,32,2570,1314,1256,32,885,1685,6.74576974708171,7.23273668188737,6.23631548566879,6.5625,6.75079096045198,6.7431324925816,108
"105",2010,6,7.0375,40,7.44444444444444,6.70454545454545,10,6.28571428571429,7.1969696969697,18,22,1,7,33,2610,1332,1278,33,892,1718,6.75024070881226,7.2355975975976,6.24437578247261,6.66666666666667,6.74714125560538,6.75184997089639,109
"106",2010,7,6.45714285714286,35,6.96153846153846,6.15909090909091,1,6.2,6.5,13,22,1,5,30,2645,1345,1300,34,897,1748,6.7463622873346,7.23294869888476,6.2429325,6.5,6.74409141583055,6.74752760297483,110
"107",2010,8,7.26666666666667,48,7.66666666666667,6.95555555555556,6,7.05555555555556,7.31538461538462,21,27,1,9,39,2693,1366,1327,35,906,1787,6.75563618640921,7.23961639824305,6.25743198944989,6.48571428571429,6.74718543046358,6.75992067711248,111
"108",2010,9,7.52857142857143,28,7.84210526315789,6.86666666666667,NA,8.625,7.09,19,9,0,8,20,2721,1385,1336,35,914,1807,6.76358994854833,7.24788158844766,6.26153611526946,6.48571428571429,6.76362144420131,6.76357401770891,112
"109",2010,10,6.38714285714286,35,7.05263157894737,5.596875,NA,6.55555555555556,6.32884615384615,19,16,0,9,26,2756,1404,1352,35,923,1833,6.75880923439768,7.24523931623932,6.25367030325444,6.48571428571429,6.76159263271939,6.75740766503001,113
"110",2010,11,6.33269230769231,52,6.24583333333333,6.40714285714286,NA,6.02307692307692,6.43589743589744,24,28,0,13,39,2808,1428,1380,35,936,1872,6.75091818019943,7.22844257703082,6.25678423913043,6.48571428571429,6.75133547008547,6.75070953525641,114
"111",2010,12,6.375,56,7,6,5.5,6.0625,6.42708333333333,21,35,2,8,48,2864,1449,1415,37,944,1920,6.74356782472067,7.22513181504486,6.25043268551237,6.43243243243243,6.74549788135593,6.74261888020833,115
"112",2011,1,6.56716417910448,67,7.06666666666667,6.08235294117647,NA,7.9,6.41166666666667,33,34,0,7,60,2931,1482,1449,37,951,1980,6.73953539747527,7.2216032388664,6.24648878536922,6.43243243243243,6.75399579390116,6.73259002525252,116
"113",2011,2,6.6,62,6.853125,6.33,4.45,6.94,6.53461538461538,32,30,2,10,52,2993,1514,1479,39,961,2032,6.73664492148346,7.21381505944518,6.24818272481406,6.33076923076923,6.75593132154006,6.72752374507874,117
"114",2011,3,6.58020833333333,48,6.86764705882353,6.42258064516129,7,5.985,6.73684210526316,17,31,1,10,38,3041,1531,1510,40,971,2070,6.73417568234134,7.20997126061398,6.2517630794702,6.3475,6.74799176107106,6.72769480676328,118
"115",2011,4,7.31690476190476,42,8,6.63380952380952,5,6.42625,7.52647058823529,21,21,1,8,34,3083,1552,1531,41,979,2104,6.7421142555952,7.22066108247423,6.25700342913129,6.31463414634146,6.74536261491318,6.74060278041825,119
"116",2011,5,6.69512195121951,41,6.96086956521739,6.35555555555556,3.5,5.6375,6.95151515151515,23,18,1,8,33,3124,1575,1549,42,987,2137,6.74149751920615,7.2168673015873,6.25814864428663,6.24761904761905,6.7363829787234,6.74385973327094,120
"117",2011,6,6.12,35,6.3125,5.95789473684211,5,4.28571428571429,6.57857142857143,16,19,1,7,28,3159,1591,1568,43,994,2165,6.73461166508389,7.20777247014457,6.25451036352041,6.21860465116279,6.71912474849095,6.74172205542725,121
"118",2011,7,6.9811320754717,53,7.48076923076923,6.5,6,6.92857142857143,7,26,27,1,14,39,3212,1617,1595,44,1008,2204,6.73867940535492,7.21216202844775,6.25866598746081,6.21363636363636,6.72203373015873,6.74629230943739,122
"119",2011,8,6.66071428571429,42,7.23529411764706,6.27,5,6.78125,6.63235294117647,17,25,1,8,34,3254,1634,1620,45,1016,2238,6.73767309465274,7.21240269277846,6.25884089506173,6.18666666666667,6.7225,6.74456132707775,123
"120",2011,9,7.20294117647059,34,7.25,7.16111111111111,9,7.27272727272727,7.1695652173913,16,18,1,11,23,3288,1650,1638,46,1027,2261,6.74248426094891,7.21276727272728,6.26875595238095,6.24782608695652,6.72839337877313,6.7488846749226,124
"121",2011,10,6.47826086956522,46,7.10526315789474,6.03703703703704,6.5,7.375,6.39285714285714,19,27,2,4,42,3334,1669,1665,48,1031,2303,6.73883870725855,7.21154343918514,6.26499834834835,6.25833333333333,6.73090203685742,6.74239177160226,125
"122",2011,11,6.80673076923077,52,7.835,6.1640625,NA,6.47692307692308,6.91666666666667,20,32,0,13,39,3386,1689,1697,48,1044,2342,6.73988134967513,7.21892599171107,6.26309502062463,6.25833333333333,6.72773946360153,6.74529387275833,126
"123",2011,12,7.04625,52,7.31666666666667,6.81446428571429,6.375,7.03846153846154,7.04884615384615,24,28,4,13,39,3438,1713,1725,52,1057,2381,6.74451519778941,7.22029538820783,6.27204478260869,6.26730769230769,6.7315610217597,6.75026595968081,127
"124",2012,1,6.79859154929577,71,7.235,6.23548387096774,5,6.92380952380952,6.746,40,31,1,21,50,3509,1753,1756,53,1078,2431,6.74560936164149,7.22063091842556,6.2713993451025,6.24339622641509,6.73530612244898,6.75017821883998,128
"125",2012,2,6.48837209302326,43,7.08823529411765,6.09615384615385,NA,5.91666666666667,6.58108108108108,17,26,0,6,37,3552,1770,1782,53,1084,2468,6.74249528434685,7.2193593220339,6.26884245230078,6.24339622641509,6.73077490774908,6.74764313209076,129
"126",2012,3,6.61785714285714,28,7.73,6,NA,7.33333333333333,6.532,10,18,0,3,25,3580,1780,1800,53,1087,2493,6.74152046089386,7.22222808988764,6.26615402777778,6.24339622641509,6.7324379024839,6.74548064580826,130
"127",2012,4,6.4,37,6.65555555555556,6.15789473684211,4.5,5.6875,6.59655172413793,18,19,1,8,29,3617,1798,1819,54,1095,2522,6.73802688692287,7.21655506117909,6.26502322704783,6.21111111111111,6.72480365296804,6.74376814036479,131
"128",2012,5,6.46046511627907,43,6.75,6.28888888888889,2,6,6.50769230769231,16,27,1,4,39,3660,1814,1846,55,1099,2561,6.73476591530055,7.21243991179714,6.26537229144095,6.13454545454545,6.72216560509554,6.74017307692308,132
"129",2012,6,6.92222222222222,36,7.61538461538461,6.5304347826087,NA,8.04,6.74193548387097,13,23,0,5,31,3696,1827,1869,55,1104,2592,6.73659178841991,7.21530706075534,6.26863416265382,6.13454545454545,6.72813405797102,6.74019415509259,133
"130",2012,7,6.58147058823529,34,7.4375,5.82055555555556,3.5,6.3125,6.66423076923077,16,18,1,8,26,3730,1843,1887,56,1112,2618,6.73517781501341,7.21723602821487,6.26435996290408,6.0875,6.72514388489209,6.73943974407945,134
"131",2012,8,7.17142857142857,35,7.875,6.80434782608696,NA,7.9,7.05,12,23,0,5,30,3765,1855,1910,56,1117,2648,6.73923326693227,7.2214911051213,6.27086243455497,6.0875,6.73040286481647,6.74295817598187,135
"132",2012,9,6.95925925925926,27,7.08333333333333,6.86,NA,6.6,7.04090909090909,12,15,0,5,22,3792,1867,1925,56,1122,2670,6.74079990770042,7.22060310658811,6.27545311688312,6.0875,6.72982174688057,6.74541320224719,136
"133",2012,10,6.59444444444444,54,6.56153846153846,6.625,5.5,6.28333333333333,6.63333333333333,26,28,2,6,48,3846,1893,1953,58,1128,2718,6.73874499479979,7.21155097728474,6.28046454173067,6.06724137931034,6.72744680851064,6.74343386681383,137
"134",2012,11,6.8287037037037,54,7.33035714285714,6.28846153846154,5.5,6.63636363636364,6.87790697674419,28,26,2,11,43,3900,1921,1979,60,1139,2761,6.73999057692308,7.2132826652785,6.28056960586154,6.04833333333333,6.72656716417911,6.74552816008693,138
"135",2012,12,6.19545454545455,44,6.72631578947368,5.792,NA,5.875,6.26666666666667,19,25,0,8,36,3944,1940,2004,60,1147,2797,6.73391563133874,7.20851340206186,6.2744746756487,6.04833333333333,6.72062772449869,6.73936476582052,139
"136",2013,1,6.59821428571429,56,6.78846153846154,6.43333333333333,3,8.2,6.44117647058824,26,30,1,5,51,4000,1966,2034,61,1152,2848,6.7320158125,7.20295829094608,6.27681772369715,5.9983606557377,6.72704861111111,6.73402501755618,140
"137",2013,2,6.50232558139535,43,6.9375,6.24444444444444,6,6.90909090909091,6.3625,16,27,2,11,32,4043,1982,2061,63,1163,2880,6.72957290378432,7.20081533804238,6.27639361960213,5.9984126984127,6.72877042132416,6.72989696180555,141
"138",2013,3,6.79635,40,7.26154545454545,6.22777777777778,8,7.67914285714286,6.60909090909091,22,18,1,7,33,4083,2004,2079,64,1170,2913,6.73022710017144,7.20148203592815,6.2759727032227,6.0296875,6.73445641025641,6.7285284071404,142
"139",2013,4,7.07,30,7.52777777777778,6.38333333333333,3,7.66666666666667,6.92083333333333,18,12,1,6,24,4113,2022,2091,65,1176,2937,6.73270538536348,7.20438674579624,6.27658883309421,5.98307692307692,6.73921258503402,6.73009984678243,143
"140",2013,5,6.99883720930233,43,7.21666666666667,6.88214285714286,NA,6.52272727272727,7.1625,15,28,0,11,32,4156,2037,2119,65,1187,2969,6.73545891482194,7.20447717231223,6.28459049079755,5.98307692307692,6.73720640269587,6.73476027281913,144
"141",2013,6,6.65853658536585,41,7.20588235294118,6.27083333333333,5,5.83333333333333,6.8,17,24,1,6,35,4197,2054,2143,66,1193,3004,6.73470746962116,7.20448880233691,6.28443642090527,5.96818181818182,6.73266051969824,6.73552038948069,145
"142",2013,7,6.265625,32,7.34615384615385,5.52631578947368,7,4.8,6.53703703703704,13,19,1,5,27,4229,2067,2162,67,1198,3031,6.73115801607945,7.20537977745525,6.27777393617021,5.98358208955224,6.72459432387312,6.73375230946882,146
"143",2013,8,6.74875,40,6.95833333333333,6.434375,NA,6.28571428571429,6.8469696969697,24,16,0,7,33,4269,2091,2178,67,1205,3064,6.73132285078473,7.20254423720708,6.27892435720845,5.98358208955224,6.72204481327801,6.73497168733681,147
"144",2013,9,6.75757575757576,33,6.92,6.68695652173913,NA,6.6875,6.78,10,23,0,8,25,4302,2101,2201,67,1213,3089,6.73152423291492,7.20119942884341,6.28318820990459,5.98358208955224,6.72181698268755,6.73533611201036,148
"145",2013,10,6.45277777777778,36,6.49,6.40625,NA,6.5,6.43928571428571,20,16,0,8,28,4338,2121,2217,67,1221,3117,6.72921098432457,7.19449316360208,6.28407634190347,5.98358208955224,6.72036363636364,6.73267669233237,149
"146",2013,11,6.49795918367347,49,6.83636363636364,6.22222222222222,NA,6,6.56744186046512,22,27,0,6,43,4387,2143,2244,67,1227,3160,6.72662804878049,7.19081661222585,6.28333210784314,5.98358208955224,6.71684107579462,6.73042824367089,150
"147",2013,12,5.895,50,6.07894736842105,5.78225806451613,4.33333333333333,6,5.87790697674419,19,31,3,7,43,4437,2162,2275,70,1234,3203,6.71725653594771,7.18104532839963,6.27650428571428,5.91285714285714,6.71277471636953,6.71898321885732,151
"148",2014,1,6.82946428571429,56,7.24833333333333,6.34615384615385,4.25,5.825,6.95,30,26,2,6,50,4493,2192,2301,72,1240,3253,6.71865507456043,7.18196624087591,6.27729128639722,5.86666666666667,6.70847903225807,6.72253404549646,152
"149",2014,2,6.3875,40,6.9125,5.6,4.05,5.9,6.47352941176471,24,16,2,6,34,4533,2216,2317,74,1246,3287,6.71573290315465,7.17904783393502,6.27261426413466,5.81756756756757,6.70458587479936,6.71995839671433,153
"150",2014,3,6.90348837209302,43,7.47222222222222,6.494,6.45,6.3875,7.02142857142857,18,25,3,8,35,4576,2234,2342,77,1254,3322,6.71749721372378,7.18141002685766,6.2749774765158,5.84220779220779,6.70256299840511,6.72313463275135,154
"151",2014,4,6.13333333333333,39,6.05555555555556,6.2,5.5,4.2,6.41764705882353,18,21,1,5,34,4615,2252,2363,78,1259,3356,6.71256061755146,7.17241119005329,6.27431115107914,5.83782051282051,6.69262430500397,6.72003970500596,155
"152",2014,5,6.224,25,7.05454545454545,5.57142857142857,5.25,4.25,6.39565217391304,11,14,2,2,23,4640,2263,2377,80,1261,3379,6.70992828663793,7.17183826778613,6.27017132940681,5.823125,6.68875019825535,6.7178316809707,156
"153",2014,6,7.20740740740741,27,7.77777777777778,6.92222222222222,NA,6,7.25384615384615,9,18,0,1,26,4667,2272,2395,80,1262,3405,6.71280635311764,7.17423855633803,6.27507192066806,5.823125,6.68820443740095,6.72192459618208,157
"154",2014,7,6.85119047619048,42,6.81944444444444,6.875,4.75,7,6.82638888888889,18,24,2,6,36,4709,2290,2419,82,1268,3441,6.71404061371841,7.17144978165939,6.28102408019843,5.7969512195122,6.68967981072555,6.72301750944493,158
"155",2014,8,5.98058823529412,51,6.46111111111111,5.71848484848485,6,5.125,6.13976744186047,18,33,1,8,43,4760,2308,2452,83,1276,3484,6.70618219537815,7.16590987868284,6.27345320146819,5.79939759036145,6.67986990595612,6.71581895809414,159
"156",2014,9,6.5,34,6.8125,6.22222222222222,NA,6.66666666666667,6.48387096774194,16,18,0,3,31,4794,2324,2470,83,1279,3515,6.70471991030455,7.16347676419966,6.27307985829959,5.79939759036145,6.67983893666927,6.71377332859175,160
"157",2014,10,6.92727272727273,33,7.05789473684211,6.75,5,6.6,7.0695652173913,19,14,1,10,23,4827,2343,2484,84,1289,3538,6.70624140252745,7.16262057191635,6.27576781400966,5.78988095238095,6.67921955003879,6.71608627755794,161
"158",2014,11,6.35106382978723,47,6.58,6.09090909090909,6,7.23076923076923,6.01470588235294,25,22,1,13,34,4874,2368,2506,85,1302,3572,6.70281642388182,7.1564695945946,6.27414495211492,5.79235294117647,6.68472657450077,6.7094102043673,162
"159",2014,12,6.65322580645161,62,7.42307692307692,6.09722222222222,6.375,5,6.97115384615385,26,36,4,10,52,4936,2394,2542,89,1312,3624,6.70219352714749,7.15936507936508,6.27163935877262,5.8185393258427,6.67188567073171,6.71316590783664,163
"160",2015,1,6.5225,60,7.10333333333333,5.94166666666667,5.5,7.15625,6.425,30,30,2,8,52,4996,2424,2572,91,1320,3676,6.70003547838271,7.15867161716172,6.26779053265941,5.81153846153846,6.67482121212121,6.70908956746463,164
"161",2015,2,6.25121951219512,41,7.08181818181818,5.28947368421053,6.75,4.75,6.41351351351351,22,19,2,4,37,5037,2446,2591,93,1324,3713,6.69638222156045,7.15798037612429,6.26061646082593,5.83172043010753,6.66900604229607,6.70614415566927,165
"162",2015,3,6.40384615384615,52,7.04166666666667,5.85714285714286,5,6.59090909090909,6.35365853658537,24,28,3,11,41,5089,2470,2619,96,1335,3754,6.69339305364512,7.15685020242915,6.25630288277968,5.80572916666667,6.66836254681648,6.70229441928609,166
"163",2015,4,7.17674418604651,43,7.52380952380952,6.84545454545455,6,6.1,7.31842105263158,21,22,1,5,38,5132,2491,2641,97,1340,3792,6.69744295596259,7.15994379767162,6.2612106209769,5.80773195876289,6.66624179104478,6.70846868407173,167
"164",2015,5,6.96764705882353,34,7.57,6.10714285714286,3,7.5,6.82962962962963,20,14,1,7,27,5166,2511,2655,98,1347,3819,6.69922130274874,7.16320987654321,6.26039821092278,5.77908163265306,6.67057461024499,6.7093252814873,168
"165",2015,6,6.31428571428571,35,8.04545454545454,5.52083333333333,6.5,6,6.34375,11,24,2,3,32,5201,2522,2679,100,1350,3851,6.69663088829071,7.16705789056305,6.25377276969018,5.7935,6.66908444444445,6.70628752272137,169
"166",2015,7,6.64804878048781,41,8.06928571428571,5.91111111111111,6.5,6.95,6.55064516129032,14,27,1,10,31,5242,2536,2706,101,1360,3882,6.69625090614269,7.17203864353313,6.25035375092387,5.80049504950495,6.67115,6.70504462905718,170
"167",2015,8,6.58333333333333,30,5.92857142857143,7.15625,5.5,5.16666666666667,6.74074074074074,14,16,1,3,27,5272,2550,2722,102,1363,3909,6.69560835546282,7.16521176470588,6.25567863703159,5.79754901960784,6.66783859134263,6.70529118700435,171
"168",2015,9,5.82258064516129,31,6.36363636363636,5.525,NA,5.5,5.8448275862069,11,20,0,2,29,5303,2561,2742,102,1365,3938,6.69050485574203,7.16176884029676,6.25034910649161,5.79754901960784,6.66612747252747,6.69895460893854,172
"169",2015,10,6.76274509803922,51,7.3047619047619,6.38333333333333,NA,6.11111111111111,6.90238095238095,21,30,0,9,42,5354,2582,2772,102,1374,3980,6.69119298655211,7.16293183578621,6.25178832972583,5.79754901960784,6.66249199417759,6.70110131909547,173
"170",2015,11,6.68529411764706,51,7.115,6.40806451612903,3,6.33333333333333,6.70729166666667,20,31,1,3,48,5405,2602,2803,103,1377,4028,6.69113732654949,7.16256341275942,6.25351667855869,5.77038834951456,6.66177487291213,6.70117508689176,174
"171",2015,12,6.38870967741935,62,6.7875,5.96333333333333,6.9,6.7125,6.34074074074074,32,30,1,8,54,5467,2634,2833,104,1385,4082,6.6877075635632,7.15800683371299,6.25044378750441,5.78125,6.6620678700361,6.69640696962273,175
"172",2016,1,6.74266666666667,75,7.03030303030303,6.51666666666667,7.06666666666667,7.95833333333333,6.51111111111111,33,42,3,12,63,5542,2667,2875,107,1397,4145,6.68845132623601,7.15642669666292,6.25433295652174,5.81728971962617,6.67320257695061,6.69359065138721,176
"173",2016,2,7.26428571428571,42,7.2,7.3125,NA,6.92857142857143,7.33142857142857,18,24,0,7,35,5584,2685,2899,107,1404,4180,6.69278245881089,7.15671880819367,6.26309322180062,5.81728971962617,6.67447578347579,6.69893139952153,177
"174",2016,3,6.69230769230769,52,6.89655172413793,6.43478260869565,3,6.125,6.8625,29,23,1,12,40,5636,2714,2922,108,1416,4220,6.69277807842441,7.15393883566691,6.2644446440794,5.7912037037037,6.66981920903955,6.70048181279621,178
"175",2016,4,6.59259259259259,54,6.98275862068965,6.14,NA,7.22222222222222,6.46666666666667,29,25,0,9,45,5690,2743,2947,108,1425,4265,6.69182728471002,7.15212905577835,6.26338895486936,5.7912037037037,6.67330807017544,6.69801483001172,179
"176",2016,5,6.66590909090909,44,7.38235294117647,6.21481481481482,5,6.5625,6.68888888888889,17,27,2,8,36,5734,2760,2974,110,1433,4301,6.69162840076735,7.15354710144928,6.26294796570276,5.77681818181818,6.67268946266574,6.69793844454778,180
"177",2016,6,6.64090909090909,44,7.23076923076923,5.78888888888889,8,7.24,6.56410256410256,26,18,1,5,39,5778,2786,2992,111,1438,4340,6.69124216857044,7.15426776740847,6.26009600601604,5.79684684684685,6.67466203059806,6.6967357718894,181
"178",2016,7,7.01836734693878,49,7.33333333333333,6.63181818181818,NA,7.33333333333333,6.9475,27,22,0,9,40,5827,2813,3014,111,1447,4380,6.69399300669298,7.15598649129044,6.26280930656934,5.79684684684685,6.6787588113338,6.69902585616438,182
"179",2016,8,7.28510638297872,47,7.4,7.19230769230769,5,7.9,7.21190476190476,21,26,1,5,42,5874,2834,3040,112,1452,4422,6.69872271876064,7.15779463655611,6.27075896381579,5.78973214285714,6.68296418732783,6.70389716191768,183
"180",2016,9,6.23529411764706,34,6.44117647058824,6.02941176470588,3,3.5,6.40625,17,17,1,2,32,5908,2851,3057,113,1454,4454,6.6960557295193,7.15352157137847,6.26941683022571,5.76504424778761,6.67858596973865,6.7017587000449,184
"181",2016,10,6.41964285714286,56,7.14,5.83870967741935,6.66666666666667,5.5625,6.5625,25,31,3,8,48,5964,2876,3088,116,1462,4502,6.69346030348759,7.1534040333797,6.26509302137306,5.78836206896552,6.67247879616963,6.7002739338072,185
"182",2016,11,6.56274509803922,51,6.66,6.5,NA,5.57142857142857,6.72045454545455,20,31,0,7,44,6015,2896,3119,116,1469,4546,6.69235199501247,7.14999654696133,6.26742778134017,5.78836206896552,6.66723213070116,6.70046925868896,186
"183",2016,12,6.23775510204082,49,6.86363636363636,5.72777777777778,7.75,6.81666666666667,6.05,22,27,2,12,37,6064,2918,3146,118,1481,4583,6.68867863621372,7.14783755997259,6.26279632867133,5.82161016949153,6.66844294395679,6.69521781584115,187
"184",2017,1,7.04509195402299,87,7.34,6.64656756756757,7,7.18572727272727,7.02473684210526,50,37,1,11,76,6151,2968,3183,119,1492,4659,6.69371976101447,7.15107479784367,6.26725738297204,5.83151260504202,6.67225670241287,6.70059309937755,188
"185",2017,2,6.63474576271186,59,7.17096774193548,6.04107142857143,NA,6.27272727272727,6.71770833333333,31,28,0,11,48,6210,2999,3211,119,1503,4707,6.6931594605475,7.15128042680894,6.26528503581439,5.83151260504202,6.66933266799734,6.70076763331209,189
"186",2017,3,7.10769230769231,39,8.16842105263158,6.1,7,8.66666666666667,6.97777777777778,19,20,1,3,36,6249,3018,3231,120,1506,4743,6.69574655944951,7.15768389662028,6.26426191581554,5.84125,6.67331142098274,6.7028701771031,190
"187",2017,4,6.9530612244898,49,7.46842105263158,6.62666666666667,4,7,6.95208333333333,19,30,1,1,48,6298,3037,3261,121,1507,4791,6.69774853127977,7.15962792229174,6.26759590616375,5.82603305785124,6.67352820172528,6.70536699018994,191
"188",2017,5,6.62163265306122,49,7.2584,5.95833333333333,6,7.42857142857143,6.48714285714286,25,24,1,7,42,6347,3062,3285,122,1514,4833,6.69716090278872,7.16043435662966,6.26533645357686,5.82745901639344,6.67701915455747,6.70347056693565,192
"189",2017,6,6.81960784313725,51,7.13461538461539,6.492,NA,7.625,6.75106382978723,26,25,0,4,47,6398,3088,3310,122,1518,4880,6.69813695686152,7.16021696891192,6.26704841389728,5.82745901639344,6.67951712779974,6.70392894467213,193
"190",2017,7,6.94905660377358,53,7.48214285714286,6.352,5.5,7.375,6.91428571428571,28,25,2,4,49,6451,3116,3335,124,1522,4929,6.70019845760347,7.16310975609756,6.26768523238381,5.82217741935484,6.68134494086728,6.70602013593021,194
"191",2017,8,6.64622641509434,53,7.2962962962963,5.97115384615385,4,6.16666666666667,6.70744680851064,27,26,2,6,47,6504,3143,3361,126,1528,4976,6.69975864852398,7.16425389755011,6.26539132698602,5.79325396825397,6.67932395287958,6.70603361133441,195
"192",2017,9,6.89444444444444,63,7.15322580645161,6.64375,8,7.3125,6.79607843137255,31,32,1,12,51,6567,3174,3393,127,1540,5027,6.70162635145424,7.16414618777568,6.26895969643383,5.81062992125984,6.68425779220779,6.70694713546847,196
"193",2017,10,6.42857142857143,63,7.25357142857143,5.76857142857143,3,6.77777777777778,6.37037037037037,28,35,1,9,54,6630,3202,3428,128,1549,5081,6.69903171191553,7.16492816989382,6.26385071470245,5.788671875,6.68480116204003,6.70337005510726,197
"194",2017,11,6.82619047619048,42,6.94117647058824,6.748,7,7,6.8027027027027,17,25,1,5,37,6672,3219,3453,129,1554,5118,6.69983217176259,7.16374650512582,6.26735599478714,5.79806201550388,6.68581531531532,6.70408816920672,198
"195",2017,12,6.92978723404255,47,7.02777777777778,6.86896551724138,NA,7.125,6.91162790697674,18,29,0,4,43,6719,3237,3482,129,1558,5161,6.70144072778687,7.16299042323139,6.27236652785755,5.79806201550388,6.68694287548139,6.70581733191242,199
"196",2018,1,7.36934666666667,75,7.67929268292683,6.99558823529412,7,7.6,7.35287142857143,41,34,3,5,70,6794,3278,3516,132,1563,5231,6.70881384309685,7.16944813910921,6.27936013936291,5.82537878787879,6.68986372360845,6.7144760562034,200
"197",2018,2,6.84054054054054,37,7.03478260869565,6.52142857142857,NA,6.83333333333333,6.84193548387097,23,14,0,6,31,6831,3301,3530,132,1569,5262,6.70952733860342,7.16850984550136,6.28032018413598,5.82537878787879,6.69041236456342,6.71522695743063,201
"198",2018,3,6.34782608695652,46,6.55,5.96875,NA,6.2,6.36585365853659,30,16,0,5,41,6877,3331,3546,132,1574,5303,6.70710793223789,7.16293935755029,6.27891434010152,5.82537878787879,6.68885451080051,6.71252578729021,202
"199",2018,4,6.96454545454545,55,7.36206896551724,6.52115384615385,6,7.2,6.941,29,26,1,5,50,6932,3360,3572,133,1579,5353,6.70915049769186,7.16465803571429,6.28067756159014,5.82669172932331,6.69047308423053,6.71465986362787,203
"200",2018,5,6.99770833333333,48,7.4036,6.55652173913044,NA,6.78,7.02302325581395,25,23,0,5,43,6980,3385,3595,133,1584,5396,6.7111348495702,7.16642274741507,6.28244235048679,5.82669172932331,6.69075568181818,6.71711717012602,204
"201",2018,6,6.54551724137931,29,7.29384615384615,5.9375,3.5,6.80666666666667,6.51538461538462,13,16,2,3,26,7009,3398,3611,135,1587,5422,6.71044960051362,7.16691024131842,6.28091394350595,5.79222222222222,6.69097479521109,6.71614980634452,205
"202",2018,7,6.55897435897436,39,6.64375,6.5,4,6.83333333333333,6.53611111111111,16,23,1,3,36,7048,3414,3634,136,1590,5458,6.7096114145857,7.16445840656122,6.28230056411667,5.77904411764706,6.69124339622642,6.71496230304141,206
"203",2018,8,6.73829787234043,47,6.95185185185185,6.45,6,5.4,6.79777777777778,27,20,1,2,45,7095,3441,3654,137,1592,5503,6.70980144467935,7.16279017727405,6.28321845922277,5.78065693430657,6.68962123115578,6.7156395148101,207
"204",2018,9,6.13243243243243,37,6.775,5.37647058823529,8.9,5.33333333333333,6.20294117647059,20,17,1,3,34,7132,3461,3671,138,1595,5537,6.70680612030286,7.16054926321872,6.27901940888041,5.80326086956522,6.68707021943574,6.71249128589489,208
"205",2018,10,6.85454545454545,44,6.89565217391304,6.80952380952381,4,6.2,6.93846153846154,23,21,1,5,39,7176,3484,3692,139,1600,5576,6.70771199136009,7.15880051664753,6.28203690411701,5.79028776978417,6.685548125,6.71407178084648,209
"206",2018,11,6.67307692307692,52,7.20833333333333,6.21428571428571,4,7,6.64583333333333,24,28,1,4,48,7228,3508,3720,140,1604,5624,6.70746281820697,7.15913939566705,6.28152694892473,5.7775,6.68633229426434,6.71348937588905,210
"207",2018,12,7.08557692307692,52,7.6,6.60925925925926,5.75,6.3,7.16914893617021,25,27,2,5,47,7280,3533,3747,142,1609,5671,6.71016363324176,7.16225898669686,6.28388851080865,5.77711267605634,6.68513175885643,6.71726578204902,211
"208",2019,1,6.57936507936508,63,6.96296296296296,6.29166666666667,5,7.75,6.45614035087719,27,36,2,6,57,7343,3560,3783,144,1615,5728,6.70904143401879,7.16074747191011,6.2839625297383,5.76631944444444,6.6890879256966,6.7146672922486,212
"209",2019,2,6.48706896551724,58,6.91666666666667,6.29375,7,7.57142857142857,6.33823529411765,18,40,1,7,51,7401,3578,3823,145,1622,5779,6.70730188488042,7.15951956400224,6.2840649359142,5.7748275862069,6.69289580764488,6.71134525869528,213
"210",2019,3,6.54102040816327,49,7.30952380952381,5.96464285714286,6.16666666666667,7.83666666666667,6.45652173913043,21,28,6,3,46,7450,3599,3851,151,1625,5825,6.70620822147651,7.16039483189775,6.28174246948844,5.79039735099338,6.69500738461539,6.70933291845494,214
"211",2019,4,5.53260869565217,46,6.11764705882353,5.18965517241379,7,5,5.6125,17,29,1,6,40,7496,3616,3880,152,1631,5865,6.69900630336179,7.15549253318584,6.2735799613402,5.7983552631579,6.68877191906806,6.70185238704177,215
"212",2019,5,6.40744680851064,47,6.35,6.42714285714286,6.58333333333333,5.5,6.46931818181818,12,35,3,3,44,7543,3628,3915,155,1634,5909,6.69718961288612,7.1528282800441,6.27495280970626,5.81354838709678,6.68658935128519,6.70012087493654,216
"213",2019,6,7.23253968253968,63,7.10185185185185,7.33055555555556,4,5.5,7.5212962962963,27,36,1,9,54,7606,3655,3951,156,1643,5963,6.70162388246121,7.15245170998632,6.28457105796001,5.80192307692308,6.68008947048083,6.70755731175583,217
"214",2019,7,6.8798,50,7.162,6.5976,3,6.25,6.90604166666667,25,25,1,2,48,7656,3680,3976,157,1645,6011,6.70278751959247,7.15251657608696,6.28653929828974,5.78407643312102,6.67956656534955,6.7091422808185,218
"215",2019,8,6.83857142857143,70,7.11875,6.60263157894737,7,7.54,6.78461538461538,32,38,1,5,65,7726,3712,4014,158,1650,6076,6.70401776469065,7.15222548491379,6.28953170154459,5.79177215189874,6.68217393939394,6.70994967906517,219
"216",2019,9,6.71111111111111,63,7.3375,6.06451612903226,4,7.57142857142857,6.60357142857143,32,31,1,7,56,7789,3744,4045,159,1657,6132,6.70407513801515,7.15380902777778,6.28780723114957,5.78050314465409,6.6859305974653,6.70897818819309,220
"217",2019,10,6.63698148148148,54,7.42307692307692,5.90703571428571,6,8.2,6.47748979591837,26,28,1,5,49,7843,3770,4073,160,1662,6181,6.70361319010583,7.15566604774536,6.28518960225878,5.781875,6.69048555956679,6.70714305937551,221
"218",2019,11,6.89629032258065,62,7.17142857142857,6.66970588235294,8,6.96666666666667,6.88875,28,34,1,6,56,7905,3798,4107,161,1668,6237,6.70512438330171,7.1557822538178,6.28837283905527,5.79565217391305,6.69147901678657,6.70877364919032,222
"219",2019,12,6.51714285714286,70,6.94571428571429,6.08857142857143,8,7.0625,6.44677419354839,35,35,2,8,62,7975,3833,4142,163,1676,6299,6.70347438871473,7.15386407513697,6.28668451231289,5.82269938650307,6.69325,6.7061948325131,223
"220",2020,1,6.83363292134831,89,7.26233325,6.48367346938775,6,7.75,6.7431275308642,40,49,2,8,81,8064,3873,4191,165,1684,6380,6.70491091021825,7.15498433514072,6.28898765211167,5.82484848484849,6.69827019002375,6.70666372727273,224
"221",2020,2,7.03488709677419,62,7.56554545454545,6.43103448275862,4,5.875,7.20672222222222,33,29,2,8,54,8126,3906,4220,167,1692,6434,6.70742857248338,7.15845297747056,6.28996380331754,5.80299401197605,6.69437765957447,6.7108606745415,225
"222",2020,3,6.66668421052632,57,7.20344827586207,6.11075,6.5,7.64285714285714,6.53002,29,28,1,7,50,8183,3935,4248,168,1699,6484,6.70714476109006,7.1587845819568,6.28878254472693,5.80714285714286,6.69828546203649,6.70946615977791,226
"223",2020,4,6.93172413793103,58,7.23081081081081,6.40476190476191,8,5.75,7.01925925925926,37,21,1,4,54,8241,3972,4269,169,1703,6538,6.70872534643854,7.15945552114804,6.28935306863434,5.82011834319527,6.69605813270699,6.71202486693178,227
"224",2020,5,6.88714285714286,70,6.92727272727273,6.85135135135135,6,6.41428571428571,6.93968253968254,33,37,1,7,63,8311,4005,4306,170,1710,6601,6.71022808085669,7.15754240449438,6.29418212958662,5.82117647058824,6.69490467836257,6.71419763369186,228
"225",2020,6,6.640625,64,7.54,6.06410256410256,NA,5.375,6.725,25,39,0,4,60,8375,4030,4345,170,1714,6661,6.70969618865671,7.15991497022333,6.2921169735328,5.82117647058824,6.6918243873979,6.71429493769704,229
"226",2020,7,6.71574074074074,54,7.146875,6.08863636363636,NA,6.99090909090909,6.6453488372093,32,22,0,11,43,8429,4062,4367,170,1725,6704,6.70973491280104,7.15981224273757,6.29109188229906,5.82117647058824,6.6937315942029,6.71385271181384,230
"227",2020,8,6.83859649122807,57,6.75,6.92413793103448,6,7.625,6.71020408163265,28,29,1,8,49,8486,4090,4396,171,1733,6753,6.71060046900778,7.15700668215159,6.2952680277525,5.82222222222222,6.69803058280439,6.7138262372279,231
"228",2020,9,6.5248,75,6.60181818181818,6.46428571428571,5.5,6.475,6.53074626865672,33,42,2,8,67,8561,4123,4438,173,1741,6820,6.70897273449363,7.15256301964589,6.29686756421812,5.81849710982659,6.69700574382539,6.71202765102639,232
"229",2020,10,6.71969696969697,66,7,6.43939393939394,5.1,6.35714285714286,6.76271186440678,33,33,5,7,59,8627,4156,4471,178,1748,6879,6.70905477918164,7.15135161934553,6.29791953701633,5.79831460674157,6.69564473684211,6.71246236080826,233
"230",2020,11,6.935,70,7.18421052631579,6.6390625,NA,6.77777777777778,6.95819672131148,38,32,0,9,61,8697,4194,4503,178,1757,6940,6.71087335632977,7.15164933953267,6.300343826338,5.79831460674157,6.69606545247581,6.71462227377521,234
"231",2020,12,7.07638888888889,72,7.26818181818182,6.775,6.625,7.1875,7.0625,44,28,4,8,64,8769,4238,4531,182,1765,7004,6.71387451020641,7.1528592095328,6.3032770359744,5.81648351648352,6.69829291784703,6.71780105368361,235
"232",2021,1,6.79176470588235,85,7.09,6.36571428571429,6.5,7.83333333333333,6.7126582278481,50,35,2,6,79,8854,4288,4566,184,1771,7083,6.71462227016038,7.15212624300373,6.30375563950942,5.82391304347826,6.70213833992095,6.71774369335027,236
"233",2021,2,7.236,50,7.83103448275862,6.41428571428571,10,8.23636363636364,6.95384615384615,29,21,1,11,39,8904,4317,4587,185,1782,7122,6.71755004267745,7.15668689599259,6.30426166339655,5.84648648648649,6.7116088664422,6.71903658803707,237
"234",2021,3,6.53857918032787,61,7.144,6.11814805555556,6,6,6.57637421052632,25,36,2,4,57,8965,4342,4623,187,1786,7179,6.71633228220859,7.15661384845693,6.30281236859182,5.84812834224599,6.71001511758119,6.71790387379858,238
"235",2021,4,6.6984126984127,63,7.13636363636364,6.21666666666667,NA,6.21428571428571,6.75892857142857,33,30,0,7,56,9028,4375,4653,187,1793,7235,6.71620723416039,7.156461104,6.30225694820546,5.84812834224599,6.70807975460123,6.71822141119558,239
"236",2021,5,6.78916666666667,60,7.144,6.53571428571429,7.5,5.41666666666667,6.94166666666667,25,35,2,6,54,9088,4400,4688,189,1799,7289,6.71668892055458,7.15639030227273,6.30399991040956,5.86560846560847,6.70377265147304,6.71987678831115,240
"237",2021,6,6.83230769230769,39,7.20454545454545,6.35058823529412,6.5,7.25,6.78457142857143,22,17,2,4,35,9127,4422,4705,191,1803,7324,6.71718296373397,7.15662988014473,6.30416824229543,5.87225130890053,6.70498447032723,6.72018595166575,241
"238",2021,7,6.73196721311475,61,7.26538461538462,6.33571428571429,5.83333333333333,6.625,6.74811320754717,26,35,3,8,53,9188,4448,4740,194,1811,7377,6.7172811177623,7.15726558678058,6.30440117721519,5.87164948453608,6.70463114301491,6.72038659482174,242
"239",2021,8,6.7371875,64,6.89,6.584375,2.75,4.75,6.80129032258065,32,32,2,2,62,9252,4480,4772,196,1813,7439,6.71741881863381,7.155356546875,6.30627862112322,5.83979591836735,6.7024749034749,6.72106088318322,243
"240",2021,9,6.73023255813953,43,6.88461538461539,6.49411764705882,NA,7.6,6.64102564102564,26,17,0,4,39,9295,4506,4789,196,1817,7478,6.71747809682625,7.15379434753662,6.30694541240342,5.83979591836735,6.70445074298294,6.72064347552821,244
"241",2021,10,6.6875,56,7.22222222222222,6.18965517241379,5.66666666666667,6,6.71296296296296,27,29,3,2,54,9351,4533,4818,199,1819,7532,6.71729856806758,7.1542019258769,6.30623943129929,5.83718592964824,6.70367619571193,6.72058841078067,245
"242",2021,11,6.72370967741935,62,6.85333333333333,6.6021875,6.235,5.09571428571429,6.93090909090909,30,32,2,7,55,9413,4563,4850,201,1826,7587,6.71734079570806,7.15222382862152,6.30819207835051,5.84114427860697,6.69751204819277,6.72211307631475,246
"243",2021,12,6.85545384615385,65,7.13627419354839,6.59941176470588,7,8,6.80007258064516,31,34,4,3,62,9478,4594,4884,205,1829,7649,6.7182879732011,7.15211620156726,6.31021940622441,5.86375609756098,6.69964844177146,6.72274498758007,247
"244",2022,1,6.66680555555556,108,7.13908163265306,6.27457627118644,6,6.46428571428571,6.69696808510638,49,59,3,14,94,9586,4643,4943,208,1843,7743,6.71770795013561,7.15197864096489,6.30979396722638,5.86572115384616,6.69786055344547,6.72243205605062,248
"245",2022,2,6.87014285714286,70,7.26435897435897,6.3741935483871,5,9.995,6.77823529411765,39,31,1,2,68,9656,4682,4974,209,1845,7811,6.71881300849213,7.15291474369927,6.31019533172497,5.86157894736842,6.70143468834688,6.72291786070925,249
"246",2022,3,7.12573529411765,68,7.33823529411765,6.91323529411765,1,6.44333333333333,7.3188679245283,34,34,1,15,53,9724,4716,5008,210,1860,7864,6.72165861888112,7.15425081212892,6.3142894528754,5.83842857142857,6.69935322580645,6.7269343095117,250
"247",2022,4,6.40675675675676,37,7.11388888888889,5.73684210526316,6.66666666666667,6,6.43,18,19,3,2,35,9761,4734,5027,213,1862,7899,6.72046495338592,7.15409734474018,6.31210693853193,5.85009389671362,6.69860204081633,6.72561861121661,251
"248",2022,5,6.64444444444444,54,7.2625,6.15,7,6.61111111111111,6.65111111111111,24,30,1,9,45,9815,4758,5057,214,1871,7944,6.7200467050433,7.15464414249685,6.31114526003559,5.85546728971963,6.69818118653127,6.7251965521148,252
"249",2022,6,6.61075471698113,53,6.97619047619048,6.3709375,NA,5.75714285714286,6.74065217391304,21,32,0,7,46,9868,4779,5089,214,1878,7990,6.71945970916092,7.15385997698263,6.31152123796423,5.85546728971963,6.69467358892439,6.72528553316646,253
"250",2022,7,6.51698113207547,53,6.83478260869565,6.27333333333333,6,6,6.58297872340426,23,30,1,6,47,9921,4802,5119,215,1884,8037,6.71837802741659,7.15233170137443,6.31129743699941,5.85613953488372,6.69246125265393,6.7244533296006,254
"251",2022,8,6.35612903225806,62,7.00434782608696,5.97384615384615,4,6.75,6.32896551724138,23,39,3,4,58,9983,4825,5158,218,1888,8095,6.71612825904037,7.15162628601036,6.3087459441644,5.83059633027523,6.69258315677966,6.72161969240272,255
"252",2022,9,6.43071929824561,57,6.752,6.17971875,6.5,6.7125,6.38471428571429,25,32,2,8,49,10040,4850,5190,220,1896,8144,6.71450790936255,7.14956635670103,6.30795040077071,5.83668181818182,6.69266719409283,6.71959263384086,256
"253",2022,10,6.72580281690141,71,7.33870967741935,6.2508,6.5,6.85714285714286,6.7114375,31,40,1,7,64,10111,4881,5230,221,1903,8208,6.71458722282662,7.15076763573038,6.30751330401529,5.83968325791855,6.69327220178665,6.71952904605263,257
"254",2022,11,7.27844827586207,58,8.00740740740741,6.64354838709677,8,7.93333333333333,7.10760869565217,27,31,1,12,46,10169,4908,5261,222,1915,8254,6.71780326580785,7.15548020171149,6.30949336247861,5.84941441441442,6.70104281984334,6.72169183547371,258
"255",2022,12,6.38658536585366,82,6.89444444444444,5.98913043478261,5.5,5.71428571428571,6.44933333333333,36,46,2,7,75,10251,4944,5307,224,1922,8329,6.71515378109453,7.15357945590615,6.30671652157528,5.84629464285714,6.69744901144641,6.7192393336535,259
