"","year","month","avg_rating","no_ratings","avg_rating_owned","avg_rating_not_owned","avg_rating_prev_owned","avg_rating_comment","avg_rating_no_comment","no_ratings_owned","no_ratings_not_owned","no_ratings_prev_owned","no_ratings_comment","no_ratings_no_comment","cum_no_ratings","cum_no_ratings_owned","cum_no_ratings_not_owned","cum_no_ratings_prev_owned","cum_no_ratings_comment","cum_no_ratings_no_comment","cum_avg_rating","cum_avg_rating_owned","cum_avg_rating_not_owned","cum_avg_rating_prev_owned","cum_avg_rating_comment","cum_avg_rating_no_comment","month_after_release"
"1",2004,8,8.65384615384615,13,8.65384615384615,NA,NA,8.86363636363636,7.5,13,0,0,11,2,13,13,0,0,11,2,8.65384615384615,8.65384615384615,NA,NA,8.86363636363636,7.5,0
"2",2004,9,7.6,23,7.95882352941176,6.58333333333333,7.5,8.05,7.25384615384615,17,6,2,10,13,36,30,6,2,21,15,7.98055555555555,8.26,6.58333333333333,7.5,8.47619047619048,7.28666666666667,1
"3",2004,10,7.75208333333333,24,8.2525,5.25,7,7.77307692307692,7.72727272727273,20,4,1,13,11,60,50,10,3,34,26,7.88916666666667,8.257,6.05,7.33333333333333,8.20735294117647,7.47307692307692,2
"4",2004,11,7.67741935483871,31,7.85185185185185,6.5,8,7.72222222222222,7.61538461538461,27,4,1,18,13,91,77,14,4,52,39,7.81703296703297,8.11493506493506,6.17857142857143,7.5,8.03942307692308,7.52051282051282,3
"5",2004,12,7.36,30,7.4,7,NA,7.45625,7.25,27,3,0,16,14,121,104,17,4,68,53,7.70371900826446,7.92932692307692,6.32352941176471,7.5,7.90220588235294,7.44905660377359,4
"6",2005,1,7.84042553191489,47,7.91666666666667,7.2,7,7.82,7.86363636363636,42,5,1,25,22,168,146,22,5,93,75,7.74196428571428,7.92568493150685,6.52272727272727,7.4,7.88010752688172,7.57066666666667,5
"7",2005,2,7.54166666666667,36,7.53225806451613,7.6,NA,7.4,7.71875,31,5,0,20,16,204,177,27,5,113,91,7.70661764705882,7.85677966101695,6.72222222222222,7.4,7.79513274336283,7.5967032967033,6
"8",2005,3,7.4296875,32,7.79,6.14285714285714,5.33333333333333,7.8125,7.046875,25,7,3,16,16,236,202,34,8,129,107,7.66906779661017,7.84851485148515,6.60294117647059,6.625,7.79728682170543,7.51448598130841,7
"9",2005,4,6.97222222222222,36,7.32142857142857,5.75,7,6.71428571428571,7.13636363636364,28,8,1,14,22,272,230,42,9,143,129,7.57683823529412,7.78434782608696,6.44047619047619,6.66666666666667,7.69125874125874,7.45,8
"10",2005,5,7.51724137931035,29,7.675,6.76,6,7.54666666666667,7.48571428571429,24,5,2,15,14,301,254,47,11,158,143,7.57109634551495,7.7740157480315,6.47446808510638,6.54545454545455,7.67753164556962,7.4534965034965,9
"11",2005,6,6.98636363636364,22,7.4,5.125,5.66666666666667,6.81818181818182,7.15454545454545,18,4,3,11,11,323,272,51,14,169,154,7.5312693498452,7.74926470588235,6.36862745098039,6.35714285714286,7.6215976331361,7.43214285714286,10
"12",2005,7,7.31666666666667,30,7.57407407407407,5,7,7.1875,7.46428571428571,27,3,1,16,14,353,299,54,15,185,168,7.51303116147309,7.73344481605351,6.29259259259259,6.4,7.58405405405405,7.43482142857143,11
"13",2005,8,7.3625,40,7.41935483870968,7.16666666666667,5,7.24,7.56666666666667,31,9,1,25,15,393,330,63,16,210,183,7.49770992366412,7.70393939393939,6.41746031746032,6.3125,7.54309523809524,7.44562841530055,12
"14",2005,9,7.3375,40,7.546875,6.5,6.66666666666667,7.05263157894737,7.59523809523809,32,8,3,19,21,433,362,71,19,229,204,7.48290993071593,7.69005524861878,6.42676056338028,6.36842105263158,7.50240174672489,7.46102941176471,13
"15",2005,10,7.52450980392157,51,7.78571428571429,6.30555555555556,6.7,7.35606060606061,7.83333333333333,42,9,5,33,18,484,404,80,24,262,222,7.48729338842975,7.7,6.413125,6.4375,7.48396946564886,7.49121621621622,14
"16",2005,11,7.56756756756757,37,7.72413793103448,7,6.66666666666667,7.36818181818182,7.86,29,8,3,22,15,521,433,88,27,284,237,7.49299424184261,7.70161662817552,6.46647727272727,6.46296296296296,7.475,7.51455696202532,15
"17",2005,12,7.4375,44,7.74242424242424,6.52272727272727,7.16666666666667,7.225,7.61458333333333,33,11,3,20,24,565,466,99,30,304,261,7.48867256637168,7.70450643776824,6.47272727272727,6.53333333333333,7.45855263157895,7.52375478927203,16
"18",2006,1,7.25,48,7.51388888888889,6.45833333333333,8,7.21428571428571,7.3,36,12,1,28,20,613,502,111,31,332,281,7.4699836867863,7.69083665338645,6.47117117117117,6.58064516129032,7.43795180722892,7.50782918149466,17
"19",2006,2,7.29032258064516,31,7.4375,6.78571428571429,2,7.14705882352941,7.46428571428571,24,7,1,17,14,644,526,118,32,349,295,7.46133540372671,7.67927756653992,6.48983050847458,6.4375,7.42378223495702,7.50576271186441,18
"20",2006,3,6.921875,48,7.025,6.40625,6.33333333333333,6.74,7.1195652173913,40,8,3,25,23,692,566,126,35,374,318,7.4239161849711,7.63303886925795,6.48452380952381,6.42857142857143,7.37807486631016,7.47783018867924,19
"21",2006,4,7.21470588235294,34,7.38965517241379,6.2,NA,7.61538461538461,6.96666666666667,29,5,0,13,21,726,595,131,35,387,339,7.41411845730028,7.62117647058823,6.4736641221374,6.42857142857143,7.38604651162791,7.44616519174041,20
"22",2006,5,6.84615384615385,26,7,6.5,9,6.60714285714286,7.125,18,8,1,14,12,752,613,139,36,401,351,7.39448138297872,7.60293637846656,6.47517985611511,6.5,7.35885286783042,7.43518518518519,21
"23",2006,6,7.88064516129032,31,8.06521739130435,7.35,7,8,7.79444444444444,23,8,2,13,18,783,636,147,38,414,369,7.41372924648787,7.61965408805031,6.52278911564626,6.52631578947368,7.37898550724638,7.45271002710027,22
"24",2006,7,6.82222222222222,45,7.11428571428571,5.8,NA,6.69565217391304,6.95454545454545,35,10,0,23,22,828,671,157,38,437,391,7.38158212560386,7.59329359165425,6.47675159235669,6.52631578947368,7.34302059496568,7.42468030690537,23
"25",2006,8,7.58695652173913,46,8.07142857142857,6.04545454545455,8,7.25,7.76666666666667,35,11,1,16,30,874,706,168,39,453,421,7.39239130434783,7.61699716713881,6.4485119047619,6.56410256410256,7.33973509933775,7.44904988123515,24
"26",2006,9,7.824,50,8.10571428571428,7.16666666666667,6.83333333333333,7.86,7.8,35,15,3,20,30,924,741,183,42,473,451,7.41574675324675,7.64008097165992,6.50737704918033,6.58333333333333,7.36173361522199,7.47239467849224,25
"27",2006,10,7.04487179487179,39,7.03225806451613,7.09375,7,7.19642857142857,6.96,31,8,3,14,25,963,772,191,45,487,476,7.40072689511942,7.61567357512953,6.53193717277487,6.61111111111111,7.35698151950719,7.44548319327731,26
"28",2006,11,6.94871794871795,39,7.25862068965517,6.05,7.375,7.26923076923077,6.78846153846154,29,10,4,13,26,1002,801,201,49,500,502,7.38313373253493,7.60274656679151,6.50796019900497,6.6734693877551,7.3547,7.41145418326693,27
"29",2006,12,7.26103896103896,77,7.50636363636364,6.64772727272727,6.64285714285714,7.29166666666667,7.24716981132075,55,22,7,24,53,1079,856,223,56,524,555,7.37442075996293,7.59655373831776,6.52174887892377,6.66964285714286,7.35181297709924,7.39576576576577,28
"30",2007,1,7.21802325581395,86,7.54615384615385,6.20238095238095,6.07142857142857,7.00806451612903,7.33636363636364,65,21,7,31,55,1165,921,244,63,555,610,7.36287553648069,7.59299674267101,6.49426229508197,6.6031746031746,7.33261261261261,7.39040983606557,29
"31",2007,2,7.07336245901639,61,7.25,6.531674,6.82,6.59130434782609,7.36513447368421,46,15,5,23,38,1226,967,259,68,578,648,7.34847072593801,7.57668045501551,6.496428996139,6.61911764705882,7.30311418685121,7.38892763888889,30
"32",2007,3,6.796875,32,7.41666666666667,4.9375,3,6.23076923076923,7.18421052631579,24,8,1,13,19,1258,991,267,69,591,667,7.33443967408585,7.57280524722503,6.44971951310861,6.56666666666667,7.27952622673435,7.38309611694153,31
"33",2007,4,7.18333333333333,48,7.3609756097561,6.14285714285714,6,6.89473684210526,7.37241379310345,41,7,4,19,29,1306,1032,274,73,610,696,7.32888599540582,7.56438953488372,6.44187996350365,6.53561643835616,7.26754098360656,7.38265102011494,32
"34",2007,5,7.00652173913043,46,7.07567567567568,6.72222222222222,6.5,6.675,7.26153846153846,37,9,4,20,26,1352,1069,283,77,630,722,7.31791798076923,7.54747427502339,6.45079544169611,6.53376623376623,7.24873015873016,7.37828962603878,33
"35",2007,6,7.61739130434783,46,7.87894736842105,6.375,6.2,7.43333333333333,7.81818181818182,38,8,5,24,22,1398,1107,291,82,654,744,7.32777189556509,7.55885275519422,6.44871171821306,6.51341463414634,7.25550458715596,7.39129719086022,34
"36",2007,7,7.43728813559322,59,7.81489361702128,5.95833333333333,5.6875,7.53703703703704,7.353125,47,12,8,27,32,1457,1154,303,90,681,776,7.33220666437886,7.56928076256499,6.42929079207921,6.44,7.26666666666667,7.38972307989691,35
"37",2007,8,7.294,50,7.44594594594595,6.86153846153846,6.58333333333333,7.20833333333333,7.32105263157895,37,13,6,12,38,1507,1191,316,96,693,814,7.33093902455209,7.56544920235096,6.44707313291139,6.44895833333333,7.26565656565657,7.38651733415234,36
"38",2007,9,7.223,50,7.58918918918919,6.18076923076923,6,7.0075,7.36666666666667,37,13,2,20,30,1557,1228,329,98,713,844,7.32747277456647,7.56616449511401,6.43655048632219,6.43979591836735,7.25841514726508,7.38581174170616,37
"39",2007,10,7.51083333333333,60,7.78488372093023,6.81764705882353,6.94,7.625,7.4109375,43,17,10,28,32,1617,1271,346,108,741,876,7.33427650587508,7.573564122738,6.45527488439306,6.48611111111111,7.27226720647773,7.38672957762557,38
"40",2007,11,7.36097222222222,72,7.66981132075472,6.49947368421053,6.72222222222222,7.25,7.43159090909091,53,19,9,28,44,1689,1324,365,117,769,920,7.33541451154529,7.577416918429,6.45757564383562,6.5042735042735,7.27145643693108,7.38887511956522,39
"41",2007,12,7.64923076923077,65,7.86666666666667,6.85714285714286,8.5,7.89230769230769,7.48717948717949,51,14,2,26,39,1754,1375,379,119,795,959,7.34704396237172,7.58814545454545,6.47233538258575,6.53781512605042,7.29176100628931,7.39287289885297,40
"42",2008,1,7.29879518072289,83,7.52985074626866,6.33125,6.83333333333333,7.17741935483871,7.37115384615385,67,16,9,31,52,1837,1442,395,128,826,1011,7.34486396842678,7.58543689320388,6.46662053164557,6.55859375,7.28746973365617,7.39175579624135,41
"43",2008,2,7.37291666666667,48,7.68108108108108,6.33636363636364,7.36666666666667,7.28181818181818,7.45,37,11,6,22,26,1885,1479,406,134,848,1037,7.34557830769231,7.58782961460446,6.46309140394089,6.59477611940299,7.28732311320755,7.39321611378978,42
"44",2008,3,7.69090909090909,55,7.96590909090909,6.59090909090909,5.7,7.65384615384615,7.72413793103448,44,11,5,26,29,1940,1523,417,139,874,1066,7.35536861340206,7.59875246224557,6.46646309352518,6.56258992805755,7.29822654462242,7.40221867729831,43
"45",2008,4,7.06585365853658,41,7.31875,6.16666666666667,7.4,7.31304347826087,6.75,32,9,5,23,18,1981,1555,426,144,897,1084,7.34937663301363,7.59299035369775,6.46012936619718,6.59166666666667,7.29860646599777,7.39138847785978,44
"46",2008,5,7.95185185185185,27,8.12272727272727,7.2,7.83333333333333,8.54666666666667,7.20833333333333,22,5,3,15,12,2008,1577,431,147,912,1096,7.35747764442231,7.6003804692454,6.46871255220418,6.61700680272109,7.31913377192982,7.38938422445255,45
"47",2008,6,7.23369565217391,46,7.53030303030303,6.48076923076923,7.5,6.76315789473684,7.56481481481481,33,13,3,19,27,2054,1610,444,150,931,1123,7.35470550632911,7.59894409937888,6.46906556306306,6.63466666666667,7.3077873254565,7.39360205699021,46
"48",2008,7,7.36792452830189,53,7.54545454545455,7.075,7,7.5695652173913,7.21333333333333,33,20,11,23,30,2107,1643,464,161,954,1153,7.35503802088277,7.59786975045648,6.49518342672414,6.65962732919255,7.31409853249476,7.38891163052905,47
"49",2008,8,7.44909090909091,55,7.88974358974359,6.375,6.5625,7.5,7.42,39,16,8,20,35,2162,1682,480,169,974,1188,7.3574306706753,7.60463733650416,6.4911773125,6.65502958579882,7.31791581108829,7.38982753367003,48
"50",2008,9,6.98295454545455,44,7.0546875,6.79166666666667,5.75,6.72826086956522,7.26190476190476,32,12,4,23,21,2206,1714,492,173,997,1209,7.34996151858567,7.5943698949825,6.49850632113821,6.63410404624277,7.30431293881645,7.38760555004136,49
"51",2008,10,7.28864864864865,37,7.82,6.30769230769231,5.88888888888889,6.85333333333333,7.58545454545455,24,13,9,15,22,2243,1738,505,182,1012,1231,7.34895011591618,7.59748561565017,6.49359427722772,6.59725274725275,7.29762845849802,7.3911414378554,50
"52",2008,11,7.20975609756098,41,7.27037037037037,7.09285714285714,7.05555555555556,7.16428571428571,7.23333333333333,27,14,9,14,27,2284,1765,519,191,1026,1258,7.34645144921191,7.59248158640227,6.50975936416185,6.61884816753927,7.2958089668616,7.38775445945946,51
"53",2008,12,7.54727272727273,55,7.62439024390244,7.32142857142857,7.5,7.03846153846154,7.7047619047619,41,14,6,13,42,2339,1806,533,197,1039,1300,7.35117362548097,7.59320598006645,6.53107900562852,6.64568527918782,7.29258902791145,7.39799623846154,52
"54",2009,1,7.45723684210526,76,7.73275862068965,6.56944444444444,6.59090909090909,7.732,7.32254901960784,58,18,11,25,51,2415,1864,551,208,1064,1351,7.35451143271221,7.5975482832618,6.532332323049,6.64278846153846,7.30291353383459,7.39514811991118,53
"55",2009,2,7.33768115942029,69,7.82826086956522,6.35652173913043,6.7875,7.695,7.19183673469388,46,23,8,20,49,2484,1910,574,216,1084,1400,7.35404392512077,7.60310471204189,6.52528764808362,6.64814814814815,7.31014760147601,7.38803222142857,54
"56",2009,3,7.35737704918033,61,7.53421052631579,7.06521739130435,6.59090909090909,6.72222222222222,7.62325581395349,38,23,11,18,43,2545,1948,597,227,1102,1443,7.35412381532416,7.60176078028748,6.54608896147404,6.64537444933921,7.3005444646098,7.39504165627166,55
"57",2009,4,7.21181818181818,55,7.55285714285714,6.615,6.12857142857143,7.48846153846154,7.12619047619048,35,20,14,13,42,2600,1983,617,241,1115,1485,7.35111350384615,7.60089762985376,6.54832270664506,6.61535269709544,7.30273542600897,7.38743778451178,56
"58",2009,5,7.02542372881356,59,7.45348837209302,5.875,4.8,7.49,6.78717948717949,43,16,5,20,39,2659,2026,633,246,1135,1524,7.34388684091764,7.5977690029615,6.53130349131122,6.57845528455285,7.30603524229075,7.37207684383202,57
"59",2009,6,7.15454545454545,55,7.38108108108108,6.68888888888889,6,8.1,6.76666666666667,37,18,7,16,39,2714,2063,651,253,1151,1563,7.34004978260869,7.59388269510422,6.53566069124424,6.56245059288538,7.31707211120764,7.35697063979526,58
"60",2009,7,7.53,50,7.73030303030303,7.14117647058824,6.61111111111111,7.41428571428571,7.61379310344828,33,17,9,21,29,2764,2096,668,262,1172,1592,7.34348592981187,7.59603053435115,6.5510705239521,6.56412213740458,7.31881399317406,7.36164893844221,59
"61",2009,8,7.45851063829787,47,7.71296296296296,7.115,7.05555555555556,7.44642857142857,7.46363636363636,27,20,9,14,33,2811,2123,688,271,1186,1625,7.34540914621131,7.59751766368347,6.56746382267442,6.58044280442804,7.32032040472175,7.36372006769231,60
"62",2009,9,7.01671641791045,67,7.25822222222222,6.52272727272727,6.45833333333333,7.32,6.92923076923077,45,22,12,15,52,2878,2168,710,283,1201,1677,7.33775716122307,7.59047509225092,6.56607761971831,6.57526501766784,7.3203164029975,7.3502475313059,61
"63",2009,10,7.24396551724138,58,7.50121951219512,6.62352941176471,6.01666666666667,7.34210526315789,7.19615384615385,41,17,6,19,39,2936,2209,727,289,1220,1716,7.33590432901907,7.58881846989588,6.56742105914718,6.5636678200692,7.32065573770492,7.3467454020979,62
"64",2009,11,7.35294117647059,51,7.55357142857143,7.10869565217391,6.8,6.36666666666667,7.76388888888889,28,23,15,15,36,2987,2237,750,304,1235,1752,7.33619521593572,7.58837729101475,6.58402014666667,6.57532894736842,7.30906882591093,7.3553168436073,63
"65",2009,12,7.31764705882353,68,7.69090909090909,6.63333333333333,7,7.10434782608696,7.42666666666667,44,24,8,23,45,3055,2281,774,312,1258,1797,7.33578236006546,7.59035510740903,6.5855492377261,6.58621794871795,7.30532591414944,7.3571035670562,64
"66",2010,1,7.37780487804878,82,7.76344827586207,6.44583333333333,6.72666666666667,7.3047619047619,7.40295081967213,58,24,15,21,61,3137,2339,798,327,1279,1858,7.33688081287854,7.5946472851646,6.5813472556391,6.59266055045871,7.30531665363565,7.35860877825619,65
"67",2010,2,7.34583333333333,48,7.53448275862069,7.05789473684211,7.05555555555556,7.64285714285714,7.22352941176471,29,19,9,14,34,3185,2368,817,336,1293,1892,7.33701573312402,7.59391047297297,6.59242975520196,6.60505952380952,7.30897138437742,7.35618134778013,66
"68",2010,3,7.36309523809524,42,7.74074074074074,6.68333333333333,5.92222222222222,7.08666666666667,7.51666666666667,27,15,9,15,27,3227,2395,832,345,1308,1919,7.3373551626898,7.59556576200418,6.59406864182692,6.58724637681159,7.30642201834862,7.35843934861907,67
"69",2010,4,7.32352941176471,51,7.56578947368421,6.61538461538461,7.5,7.36363636363636,7.3125,38,13,6,11,40,3278,2433,845,351,1319,1959,7.33714005796217,7.59510069872585,6.59439657988166,6.602849002849,7.30689916603487,7.3575013323124,68
"70",2010,5,7.07738095238095,42,7.63888888888889,6.06666666666667,5.85714285714286,6.72727272727273,7.20161290322581,27,15,7,11,31,3320,2460,860,358,1330,1990,7.33385394879518,7.59558130081301,6.58519198837209,6.58826815642458,7.30210526315789,7.35507291959799,69
"71",2010,6,7.05405405405405,37,7.26086956521739,6.71428571428571,6.83333333333333,6.42857142857143,7.2,23,14,6,7,30,3357,2483,874,364,1337,2020,7.3307700655347,7.59248086991543,6.58725985125858,6.59230769230769,7.29753178758414,7.35276985643564,70
"72",2010,7,7.73714285714286,35,7.9,7.33,7.2,8.18181818181818,7.53333333333333,25,10,9,11,24,3392,2508,884,373,1348,2044,7.33496318101415,7.59554625199362,6.59566188914027,6.60697050938338,7.30474777448071,7.35488997553816,71
"73",2010,8,7.93892857142857,28,8.40666666666667,6.53571428571429,6.125,8.00444444444445,7.90789473684211,21,7,4,9,19,3420,2529,891,377,1357,2063,7.33990792690058,7.60228153420324,6.59519092031425,6.60185676392573,7.30938835666912,7.35998308773631,72
"74",2010,9,7.35609756097561,41,7.58484848484848,6.4125,5.9,8.09285714285714,6.97407407407407,33,8,2,14,27,3461,2562,899,379,1371,2090,7.3400997139555,7.60205698672912,6.59356519466073,6.59815303430079,7.31738876732312,7.35499766028708,73
"75",2010,10,7.37058823529412,34,7.55892857142857,6.49166666666667,6.56666666666667,7.99375,7.17884615384615,28,6,3,8,26,3495,2590,905,382,1379,2116,7.3403963118741,7.60159073359073,6.59288962430939,6.5979057591623,7.3213125453227,7.35283322778828,74
"76",2010,11,7.35454545454545,55,7.70512820512821,6.5,6.5,7.35294117647059,7.35526315789474,39,16,5,17,38,3550,2629,921,387,1396,2154,7.34061552394366,7.60312666413085,6.59127590662324,6.59664082687339,7.32169770773639,7.35287609563602,75
"77",2010,12,7.71111111111111,72,8.10555555555556,6.52777777777778,6.42857142857143,8.62727272727273,7.308,54,18,7,22,50,3622,2683,939,394,1418,2204,7.34798042794036,7.61323891166605,6.59005869009585,6.59365482233503,7.34195345557123,7.3518580353902,76
"78",2011,1,7.25740740740741,54,7.51707317073171,6.43846153846154,6.41666666666667,7.39473684210526,7.18285714285714,41,13,6,19,35,3676,2724,952,400,1437,2239,7.3466499211099,7.61179148311307,6.58798856092437,6.591,7.34265135699374,7.34921621706119,77
"79",2011,2,7.39090909090909,44,7.74117647058824,6.2,6.4,7.55555555555556,7.34857142857143,34,10,5,9,35,3720,2758,962,405,1446,2274,7.34717341666666,7.61338651196519,6.58395541580042,6.58864197530864,7.3439764868603,7.34920629287599,78
"80",2011,3,7.50025581395349,43,7.85971875,6.45454545454545,6.66666666666667,8.26923076923077,7.16703333333333,32,11,6,13,30,3763,2790,973,411,1459,2304,7.34892269731597,7.61621182795699,6.5824924049332,6.58978102189781,7.35222069910898,7.34683424913194,79
"81",2011,4,8.03,30,8.14782608695652,7.64285714285714,7.1,8.08333333333333,7.99444444444444,23,7,5,12,18,3793,2813,980,416,1471,2322,7.35430954653309,7.62055847849271,6.59006643877551,6.59591346153846,7.3581849082257,7.35185448320413,80
"82",2011,5,7.34,50,7.73333333333333,6.75,6.98333333333333,7.20454545454545,7.44642857142857,30,20,12,22,28,3843,2843,1000,428,1493,2350,7.3541233697632,7.62174850510025,6.59326511,6.60677570093458,7.355920964501,7.35298132340425,81
"83",2011,6,7.02058823529412,34,7.72608695652174,5.54545454545455,5.7,8.14,6.82758620689655,23,11,5,5,29,3877,2866,1011,433,1498,2379,7.35119837761155,7.62258583391487,6.58186459940653,6.59630484988453,7.35853805073431,7.3465767591425,82
"84",2011,7,7.43918918918919,37,7.67307692307692,6.88636363636364,6.45833333333333,7.03125,7.75,26,11,6,16,21,3914,2892,1022,439,1514,2400,7.35203017629024,7.62303976486861,6.58514198630137,6.59441913439636,7.35507926023778,7.3501067125,83
"85",2011,8,7.52222222222222,45,8,6.56666666666667,7.1875,7.6,7.5,30,15,8,10,35,3959,2922,1037,447,1524,2435,7.35396466531952,7.62690999315538,6.58487474445516,6.60503355704698,7.35668635170604,7.35226123613963,84
"86",2011,9,8.11621621621622,37,8.23636363636364,7.125,9,8.125,8.112,33,4,1,12,25,3996,2955,1041,448,1536,2460,7.36102255005005,7.63371607445009,6.58695015369837,6.61037946428571,7.36268880208333,7.35998215853658,85
"87",2011,10,7.26052631578947,38,7.696,6.42307692307692,6.55,7.15384615384615,7.316,25,13,10,13,25,4034,2980,1054,458,1549,2485,7.36007588249876,7.63423859060403,6.58492894686907,6.60906113537118,7.36093608779858,7.35953968209255,86
"88",2011,11,7.27222222222222,45,7.74038461538461,6.63157894736842,6.14285714285714,7.35714285714286,7.23387096774194,26,19,7,14,31,4079,3006,1073,465,1563,2516,7.35910667075263,7.63515668662675,6.58575499534017,6.60204301075269,7.36090211132437,7.35799129968203,87
"89",2011,12,7.35581395348837,43,7.71851851851852,6.74375,6.83333333333333,7.02222222222222,7.596,27,16,9,18,25,4122,3033,1089,474,1581,2541,7.3590723216885,7.63589878008573,6.58807631772268,6.60643459915612,7.35704617330803,7.36033298307753,88
"90",2012,1,7.45192307692308,52,7.86111111111111,6.53125,7,7.63888888888889,7.35294117647059,36,16,6,18,34,4174,3069,1105,480,1599,2575,7.36022906324868,7.63854056695992,6.58725349321267,6.61135416666667,7.36021888680425,7.36023538252427,89
"91",2012,2,7.5,35,7.7962962962963,6.5,6.41666666666667,8,7.375,27,8,6,7,28,4209,3096,1113,486,1606,2603,7.3613913304823,7.63991634366925,6.5866263342318,6.60895061728395,7.36300747198007,7.36039420284287,90
"92",2012,3,7.35757575757576,33,7.65833333333333,6.55555555555556,6,8.58,7.13928571428571,24,9,5,5,28,4242,3120,1122,491,1611,2631,7.36136164780764,7.64005801282052,6.58637710338681,6.60274949083503,7.36678460583488,7.35804109083999,91
"93",2012,4,7.2609756097561,41,8.025,5.61538461538461,5.8,7.53846153846154,7.13214285714286,28,13,5,13,28,4283,3148,1135,496,1624,2659,7.3604006794303,7.64348189326557,6.57525560352423,6.59465725806452,7.36815886699507,7.35566232042121,92
"94",2012,5,7.11111111111111,36,7.23214285714286,6.6875,6.33333333333333,6.15,7.48076923076923,28,8,3,10,26,4319,3176,1143,499,1634,2685,7.35832278536698,7.63985547858942,6.57604121609799,6.59308617234469,7.36070379436964,7.3568737839851,93
"95",2012,6,7.46052631578947,38,7.75,6.83333333333333,7.11111111111111,7.68181818181818,7.37037037037037,26,12,9,11,27,4357,3202,1155,508,1645,2712,7.35921416341519,7.6407498438476,6.57871438095238,6.60226377952756,7.36285106382979,7.35700815265487,94
"96",2012,7,7.88454545454545,33,8.4655,6.99076923076923,7.5,8.80166666666667,7.68074074074074,20,13,6,6,27,4390,3222,1168,514,1651,2739,7.36316312300683,7.64586933581627,6.58330060787671,6.61274319066148,7.36807995154452,7.36019938298649,95
"97",2012,8,7.51612903225806,31,7.57692307692308,7.2,7.25,6.5,7.8125,26,5,4,7,24,4421,3248,1173,518,1658,2763,7.36423571816331,7.64531742610838,6.58592933503836,6.61766409266409,7.36441495778046,7.36412816141875,96
"98",2012,9,7.67,23,7.7105,7.4,NA,6.84,7.90055555555556,20,3,0,5,18,4444,3268,1176,518,1663,2781,7.36581820657065,7.64571634026928,6.58800604591837,6.61766409266409,7.3628382441371,7.36760018338727,97
"99",2012,10,7.51875,48,7.82352941176471,6.77857142857143,6.8,7.73529411764706,7.4,34,14,5,17,31,4492,3302,1190,523,1680,2812,7.36745238423864,7.64754724409449,6.59024799159664,6.61940726577438,7.36660714285714,7.36795736486487,98
"100",2012,11,7.4972972972973,37,8,6.45,5.8,7.5,7.49642857142857,25,12,5,9,28,4529,3327,1202,528,1689,2840,7.36851316184588,7.65019567177638,6.5888478452579,6.61164772727273,7.36731793960923,7.36922398239437,99
"101",2012,12,7.53571428571429,42,8.03461538461539,6.725,6.25555555555556,7.125,7.7,26,16,9,12,30,4571,3353,1218,537,1701,2870,7.37004946619995,7.653176558306,6.59063637931034,6.60567970204842,7.36560846560846,7.37268157142857,100
"102",2013,1,7.6843137254902,51,7.64186046511628,7.9125,8.25,7.72727272727273,7.6725,43,8,4,11,40,4622,3396,1226,541,1712,2910,7.37351711596711,7.65303327444052,6.59926191680261,6.61783733826248,7.36793224299065,7.37680278694158,101
"103",2013,2,7.63,30,7.73181818181818,7.35,5.93333333333333,7.375,7.72272727272727,22,8,3,8,22,4652,3418,1234,544,1720,2932,7.37517113284609,7.65354037448801,6.60412893841167,6.6140625,7.36796511627907,7.37939840040928,102
"104",2013,3,7.085075,40,7.42857142857143,6.28358333333333,5.875,5.91471428571429,7.33333333333333,28,12,8,7,33,4692,3446,1246,552,1727,2965,7.3726980200341,7.65171242019733,6.60104182182985,6.60335144927536,7.36207469600463,7.37888570320405,103
"105",2013,4,7.38461538461539,26,7.17647058823529,7.77777777777778,7.33333333333333,7.75,7.31818181818182,17,9,3,4,22,4718,3463,1255,555,1731,2987,7.37276369436201,7.64937943979209,6.60948056573705,6.6072972972973,7.36297111496245,7.37843860395046,104
"106",2013,5,7.69117647058824,34,8.34782608695652,6.31818181818182,6.875,8.45,7.375,23,11,4,10,24,4752,3486,1266,559,1741,3011,7.37504190025252,7.6539876649455,6.60694953396524,6.60921288014311,7.3692148190695,7.37841119561608,105
"107",2013,6,7.24848484848485,33,7.42333333333333,5.5,5,7.16666666666667,7.26666666666667,30,3,1,6,27,4785,3516,1269,560,1747,3038,7.37416909299895,7.65201962457338,6.60433263199369,6.60633928571429,7.36851917572982,7.37741807439105,106
"108",2013,7,7.72,35,8.00909090909091,7.23076923076923,6.9,7.67,7.74,22,13,10,10,25,4820,3538,1282,570,1757,3063,7.376680313278,7.65423996608253,6.61068495319813,6.61149122807018,7.37023505976096,7.38037744368267,107
"109",2013,8,8.075,36,8.208,7.77272727272727,7.5,7.54,8.16129032258065,25,11,5,5,31,4856,3563,1293,575,1762,3094,7.38185731260296,7.65812545607634,6.62057085073472,6.61921739130435,7.37071679909194,7.38820171622495,108
"110",2013,9,7.40833333333333,30,7.82954545454545,6.25,7,8.07142857142857,7.20652173913043,22,8,5,7,23,4886,3585,1301,580,1769,3117,7.3820198751535,7.65917740585774,6.61829216756341,6.6225,7.37348954211419,7.38686111966635,109
"111",2013,10,7.3551724137931,29,7.9375,6.63846153846154,6.58333333333333,7.875,7.272,16,13,6,4,25,4915,3601,1314,586,1773,3142,7.38186146693794,7.66041405165232,6.61849171232877,6.62209897610922,7.37462098138748,7.38594720241884,110
"112",2013,11,7.08235294117647,34,7.71739130434783,5.75454545454545,5.96,7.11538461538461,7.06190476190476,23,11,5,13,21,4949,3624,1325,591,1786,3163,7.37980382097393,7.66077566225166,6.61131932830188,6.61649746192894,7.37273404255319,7.38379579829276,111
"113",2013,12,7.43265306122449,49,7.80571428571429,6.5,6,7.60714285714286,7.36285714285714,35,14,8,14,35,4998,3659,1339,599,1800,3198,7.38032195078031,7.66216206613829,6.61015542195668,6.60826377295493,7.37455722222222,7.38356663852408,112
"114",2014,1,7.69704545454545,44,7.98107142857143,7.2,6.16666666666667,7.8125,7.63107142857143,28,16,6,16,28,5042,3687,1355,605,1816,3226,7.38308590043633,7.66458394358557,6.61712037638376,6.60388429752066,7.37841574889868,7.38571485120893,113
"115",2014,2,7.89666666666667,30,7.9375,7.73333333333333,7.2,7.9375,7.88181818181818,24,6,2,8,22,5072,3711,1361,607,1824,3248,7.38612364156151,7.66634896254379,6.62204122703894,6.60584843492587,7.38086787280702,7.38907515701971,114
"116",2014,3,7.65151515151515,33,7.77083333333333,7.33333333333333,6.83333333333333,7.5,7.69230769230769,24,9,6,7,26,5105,3735,1370,613,1831,3274,7.38783919882468,7.66702034805891,6.62671394890511,6.60807504078304,7.38132332058984,7.39148323457545,115
"117",2014,4,7.62903225806452,31,7.93478260869565,6.75,7,8.525,7.31739130434783,23,8,3,8,23,5136,3758,1378,616,1839,3297,7.38929499805296,7.66865912719532,6.62742968795355,6.60998376623377,7.38629853181077,7.39096636639369,116
"118",2014,5,7.8,29,7.96923076923077,6.33333333333333,6.33333333333333,8,7.73636363636364,26,3,3,7,22,5165,3784,1381,619,1846,3319,7.3916009893514,7.67072436575053,6.62679081100652,6.60864297253635,7.38862567713976,7.39325583308226,117
"119",2014,6,7.52272727272727,22,8.36666666666667,5.71428571428571,6.5,7.75,7.4375,15,7,4,6,16,5187,3799,1388,623,1852,3335,7.39215714478504,7.67347222953409,6.62218884005763,6.60794542536116,7.3897964362851,7.39346809895053,118
"120",2014,7,7.61290322580645,31,8.025,6.86363636363636,7.5,7.16666666666667,7.72,20,11,5,6,25,5218,3819,1399,628,1858,3360,7.39346859141433,7.67531317098717,6.62408728377412,6.61504777070064,7.38907588805167,7.39589765178572,119
"121",2014,8,7.47741935483871,31,7.865,6.77272727272727,6.5,7.5,7.47083333333333,20,11,7,7,24,5249,3839,1410,635,1865,3384,7.39396439512288,7.67630138056786,6.62524688652482,6.61377952755906,7.38949222520107,7.3964291105201,120
"122",2014,9,7.0625,16,6.88888888888889,7.28571428571429,7.83333333333333,8,6.84615384615385,9,7,3,3,13,5265,3848,1417,638,1868,3397,7.39295709591643,7.67445971933472,6.62850960479887,6.61951410658308,7.39047269807281,7.39432325875773,121
"123",2014,10,7.36666666666667,27,7.67368421052632,6.6375,5.05,8.05,7.312,19,8,2,2,25,5292,3867,1425,640,1870,3422,7.39282296107331,7.67445590897337,6.62856007719298,6.614609375,7.39117807486631,7.39372183226184,122
"124",2014,11,8.37931034482759,29,8.65217391304348,7.33333333333333,7.25,8.49090909090909,8.31111111111111,23,6,2,11,18,5321,3890,1431,642,1881,3440,7.39819941928209,7.68023676092545,6.63151510132774,6.61658878504673,7.39760925039872,7.398522125,123
"125",2014,12,7.83,30,8.075,7.34,7.83333333333333,6.4,8.116,20,10,3,5,25,5351,3910,1441,645,1886,3465,7.40062027845262,7.68225601023018,6.63643172102706,6.62224806201551,7.39496447507953,7.40369873304474,124
"126",2015,1,7.79,30,8.16818181818182,6.75,7.33333333333333,7.75,7.80454545454545,22,8,3,8,22,5381,3932,1449,648,1894,3487,7.40279113733506,7.68497482197355,6.63705873706004,6.62554012345679,7.39646409714889,7.40622773444222,125
"127",2015,2,7.34210526315789,38,8.17241379310345,4.66666666666667,5,7.33333333333333,7.34375,29,9,2,6,32,5419,3961,1458,650,1900,3519,7.40236558590145,7.68854354960869,6.62489582304527,6.62053846153847,7.39626473684211,7.40565959363456,126
"128",2015,3,7.35,38,7.86428571428571,5.91,4.75,6.72857142857143,7.49032258064516,28,10,4,7,31,5457,3989,1468,654,1907,3550,7.40200093641194,7.6897771371271,6.62002596049046,6.60909785932722,7.39381384373361,7.40639890422535,127
"129",2015,4,7.74814814814815,27,8.07058823529412,7.2,7.25,7.08333333333333,7.93809523809524,17,10,2,6,21,5484,4006,1478,656,1913,3571,7.4037051622903,7.69139316025961,6.6239500067659,6.6110518292683,7.39284004181913,7.40952565387847,128
"130",2015,5,7.36285714285714,35,7.88636363636364,6.47692307692308,7.38333333333333,8.28,6.996,22,13,6,10,25,5519,4028,1491,662,1923,3596,7.40344611523826,7.69245804369414,6.62266808182428,6.61805135951662,7.39745345813833,7.40665075361513,129
"131",2015,6,7.54411764705882,34,7.97916666666667,6.5,6.71428571428571,7.84615384615385,7.35714285714286,24,10,7,13,21,5553,4052,1501,669,1936,3617,7.40430742121375,7.69415621915104,6.62185083944037,6.61905829596413,7.40046642561983,7.40636331490186,130
"132",2015,7,7.84038461538462,26,8.0925,7,7,7.66666666666667,7.86304347826087,20,6,3,3,23,5579,4072,1507,672,1939,3640,7.40633968632371,7.69611272102161,6.62335641008626,6.62075892857143,7.4008782877772,7.40924893131868,131
"133",2015,8,7.7027027027027,37,8.03333333333333,6.28571428571429,7.66666666666667,8.0625,7.42857142857143,30,7,3,16,21,5616,4102,1514,675,1955,3661,7.40829222044159,7.69857898586056,6.62179531704095,6.62540740740741,7.40629309462916,7.409359767823,132
"134",2015,9,8.41304347826087,23,8.68181818181818,8.16666666666667,8.66666666666667,9,8.25,11,12,3,5,18,5639,4113,1526,678,1960,3679,7.41239033693917,7.70120860685631,6.63394371559633,6.6344395280236,7.41035867346939,7.41347271269367,133
"135",2015,10,7.4,33,7.48846153846154,7.07142857142857,7,6.6,7.54285714285714,26,7,3,5,28,5672,4139,1533,681,1965,3707,7.41231824929478,7.69987219135057,6.63594136333985,6.63604992657856,7.40829669211196,7.41444998920961,134
"136",2015,11,7.4109375,32,7.866,5.78571428571429,6.66666666666667,8,7.35,25,7,3,3,29,5704,4164,1540,684,1968,3736,7.41231050315568,7.70086959654179,6.63207669480519,6.63618421052632,7.40919867886179,7.41394970824411,135
"137",2015,12,7.06046511627907,43,7.26875,6.45454545454545,6.7,6.5,7.253125,32,11,5,11,32,5747,4196,1551,689,1979,3768,7.40967793805463,7.69757411820782,6.63081760799484,6.63664731494921,7.40414502273876,7.4125838933121,136
"138",2016,1,7.3469387755102,49,7.69117647058824,6.56666666666667,5.64285714285714,7.4,7.33333333333333,34,15,7,10,39,5796,4230,1566,696,1989,3807,7.40914753450655,7.69752269503546,6.63020313537675,6.62665229885058,7.40412418300654,7.41177202784345,137
"139",2016,2,8.01923076923077,26,8.40625,7.4,7.75,8,8.02083333333333,16,10,4,2,24,5822,4246,1576,700,1991,3831,7.4118720559945,7.70019335845502,6.63508763324873,6.63307142857143,7.40472275238574,7.41558760375881,138
"140",2016,3,7.1215625,32,7.16142857142857,7.04545454545455,6.3,6.875,7.20375,21,11,5,8,24,5854,4267,1587,705,1999,3855,7.41028512299282,7.69754183266933,6.63793201638311,6.63070921985816,7.4026028014007,7.41426877042802,139
"141",2016,4,7.36176470588235,34,7.92916666666667,6,7,7.58,7.32413793103448,24,10,2,5,29,5888,4291,1597,707,2004,3884,7.4100049439538,7.69883733395479,6.63393745147151,6.63175388967468,7.40304540918164,7.41359580587024,140
"142",2016,5,7.1551724137931,29,7.2421052631579,6.99,7.475,7.12857142857143,7.16363636363636,19,10,4,7,22,5917,4310,1607,711,2011,3906,7.40875597600135,7.69682389791184,6.63615314872433,6.63649789029536,7.40209000497265,7.41218794418843,141
"143",2016,6,7.63529411764706,34,7.584,7.77777777777778,8,8.38571428571429,7.44074074074074,25,9,2,7,27,5951,4335,1616,713,2018,3933,7.41005026214081,7.69617324106113,6.64251120668317,6.64032258064516,7.40550198216055,7.41238395881007,142
"144",2016,7,7.23225806451613,31,7.3695652173913,6.8375,7.175,8.74,6.94230769230769,23,8,4,5,26,5982,4358,1624,717,2023,3959,7.40912890504847,7.69444951812758,6.64347174261084,6.64330543933055,7.40880029658922,7.40929681990402,143
"145",2016,8,7.77777777777778,27,7.8,7.71428571428571,7.33333333333333,7.5,7.875,20,7,3,7,20,6009,4378,1631,720,2030,3979,7.41078534032284,7.69493170397442,6.64806751072961,6.64618055555556,7.40911477832512,7.41163762503142,144
"146",2016,9,7.54411764705882,34,7.85416666666667,6.8,6.6,7.75,7.5,24,10,5,6,28,6043,4402,1641,725,2036,4007,7.41153551381764,7.69579986369832,6.64899336380256,6.64586206896552,7.41011935166994,7.41225508110806,145
"147",2016,10,7.7453125,32,8.254,5.92857142857143,5.5,8.09,7.68148148148148,25,7,5,5,27,6075,4427,1648,730,2041,4034,7.41329368065843,7.69895211203976,6.64593331917476,6.63801369863014,7.41178490935816,7.41405704263758,146
"148",2016,11,7.62820512820513,39,7.86666666666667,6.83333333333333,7.35714285714286,8.23076923076923,7.32692307692308,30,9,7,13,26,6114,4457,1657,737,2054,4060,7.41466455839057,7.70008099618578,6.64695118286059,6.64484396200814,7.41696835443038,7.41349904187192,147
"149",2016,12,7.25757575757576,33,7.60869565217391,6.45,6.83333333333333,7.875,7.17241379310345,23,10,3,4,29,6147,4480,1667,740,2058,4089,7.41382123149503,7.69961183035715,6.64576971205759,6.64560810810811,7.41785860058309,7.41178921741257,148
"150",2017,1,7.38363636363636,55,7.9275,5.93333333333333,6.07142857142857,7.44375,7.35897435897436,40,15,7,16,39,6202,4520,1682,747,2074,4128,7.4135535488552,7.70162853982301,6.63941623662307,6.64022757697457,7.41805834136934,7.41129023982558,149
"151",2017,2,7.31086956521739,46,8.03571428571429,6.18333333333333,5.3125,6.55,7.425,28,18,8,6,40,6248,4548,1700,755,2080,4168,7.4127975528169,7.70368535620053,6.63458712352941,6.62615894039735,7.41555432692308,7.41142181142035,150
"152",2017,3,7.30486486486487,37,7.24074074074074,7.478,7.66666666666667,7.13,7.33870967741935,27,10,3,6,31,6285,4575,1710,758,2086,4199,7.41216214956245,7.70095322404372,6.6395193625731,6.63027704485488,7.41473298178332,7.41088499880924,151
"153",2017,4,8.14615384615385,26,8.46875,7.63,6.88333333333333,8.25,8.115,16,10,6,6,20,6311,4591,1720,764,2092,4219,7.41518604183172,7.70362905685036,6.64527797093023,6.63226439790576,7.41712858508604,7.41422282768429,152
"154",2017,5,8.328,25,8.73333333333333,7.28571428571429,6,9,8.26956521739131,18,7,1,2,23,6336,4609,1727,765,2094,4242,7.4187877383207,7.70765046647863,6.64787383323683,6.63143790849673,7.41864040114613,7.41886046911834,153
"155",2017,6,7.80384615384615,26,8.23333333333333,6,4,8.6,7.61428571428571,21,5,2,5,21,6362,4630,1732,767,2099,4263,7.42036138164099,7.71003477321814,6.64600352771362,6.62457627118644,7.42145450214388,7.41982315505513,154
"156",2017,7,6.99310344827586,29,7.92941176470588,5.66666666666667,5.875,6.33333333333333,7.16521739130435,17,12,4,6,23,6391,4647,1744,771,2105,4286,7.4184226427789,7.71083731439639,6.63926497133027,6.62068741893645,7.41835296912114,7.41845686187588,155
"157",2017,8,7.87352941176471,34,7.99032258064516,6.66666666666667,7.5,7.42857142857143,7.98888888888889,31,3,2,7,27,6425,4678,1747,773,2112,4313,7.42083098988326,7.71268939717828,6.63931202633085,6.62296248382924,7.41838683712121,7.42202784836541,156
"158",2017,9,7.35833333333333,30,7.77631578947368,6.63636363636364,7,8.5,7.18269230769231,19,11,1,4,26,6455,4697,1758,774,2116,4339,7.42054052827265,7.71294677453694,6.63929357792946,6.6234496124031,7.42043147448015,7.42059371053239,157
"159",2017,10,7.52368421052632,38,7.89310344827586,6.33333333333333,6.25,7.675,7.48333333333333,29,9,4,8,30,6493,4726,1767,778,2124,4369,7.42114417218543,7.7140522640711,6.6377352065648,6.62152956298201,7.42139030131827,7.42102451590753,158
"160",2017,11,7.35833333333333,24,7.97777777777778,5.5,NA,7.7,7.26842105263158,18,6,0,5,19,6517,4744,1773,778,2129,4388,7.42091286021175,7.71505290893761,6.63388500282008,6.62152956298201,7.42204462188821,7.42036374430265,159
"161",2017,12,7.72631578947368,38,7.90645161290323,6.92857142857143,7.33333333333333,8.02857142857143,7.65806451612903,31,7,3,7,31,6555,4775,1780,781,2136,4419,7.42268331197559,7.7162954973822,6.63504388202247,6.62426376440461,7.42403230337079,7.42203125367731,160
"162",2018,1,7.45348837209302,43,7.71428571428571,6.96666666666667,6.5,8.4,7.32894736842105,28,15,3,5,38,6598,4803,1795,784,2141,4457,7.42288407244619,7.71628378097023,6.63781510306407,6.62378826530612,7.42631153666511,7.42123762844963,161
"163",2018,2,7.37457142857143,35,7.5,7.18642857142857,6.77777777777778,7.2,7.40366666666667,21,14,9,5,30,6633,4824,1809,793,2146,4487,7.42262914367556,7.71534224709785,6.64206086788281,6.62553593947037,7.42578424976701,7.42112014932026,162
"164",2018,3,7.52260869565217,23,8.00133333333333,6.625,5,7.8625,7.34133333333333,15,8,3,8,15,6656,4839,1817,796,2154,4502,7.42297462590144,7.71622876627402,6.6419857512383,6.6194095477387,7.42740622098422,7.42085431141715,163
"165",2018,4,7.51111111111111,27,7.93333333333333,6.66666666666667,6.6,7.65,7.47142857142857,18,9,5,6,21,6683,4857,1826,801,2160,4523,7.42333070626963,7.71703335392218,6.64210739868565,6.61928838951311,7.42802453703704,7.42108912447491,164
"166",2018,5,7.54090909090909,22,8.32666666666667,5.85714285714286,5.25,7.875,7.46666666666667,15,7,4,4,18,6705,4872,1833,805,2164,4541,7.42371649664429,7.71891030377668,6.63910971631206,6.61248447204969,7.42885073937153,7.42126978859283,165
"167",2018,6,7.02692307692308,26,7.42,6.49090909090909,6.48,7.23333333333333,6.965,15,11,5,6,20,6731,4887,1844,810,2170,4561,7.42218379289853,7.71799283814201,6.63822565618221,6.61166666666667,7.42831013824885,7.41926904406929,166
"168",2018,7,7.64814814814815,27,7.9,6.92857142857143,6.5,7.75,7.64,20,7,4,2,25,6758,4907,1851,814,2172,4586,7.42308658034921,7.71873466476462,6.63932366828741,6.61111793611794,7.42860635359116,7.42047233100742,167
"169",2018,8,7.52682926829268,41,7.808,7.0875,6.75,7.68333333333333,7.46206896551724,25,16,6,12,29,6799,4932,1867,820,2184,4615,7.42371217973231,7.71918714517437,6.64316449384038,6.61213414634147,7.43000595238095,7.42073371830986,168
"170",2018,9,7.42,20,7.57777777777778,6,NA,6.92857142857143,7.68461538461538,18,2,0,7,13,6819,4950,1869,820,2191,4628,7.42370129197829,7.71867292929293,6.64247624933119,6.61213414634147,7.42840392514834,7.42147495894555,169
"171",2018,10,7.52575757575758,33,7.98518518518518,5.45833333333333,6,8.3,7.3875,27,6,3,5,28,6852,4977,1875,823,2196,4656,7.42419280647986,7.72011874623267,6.638686992,6.60990279465371,7.43038843351548,7.42127064218214,170
"172",2018,11,8.14285714285714,21,8.27777777777778,7.33333333333333,7,8.75,8.07894736842105,18,3,1,2,19,6873,4995,1878,824,2198,4675,7.42638863814927,7.72212832832833,6.63979665069222,6.61037621359224,7.43158917197452,7.42394355294118,171
"173",2018,12,7.828,25,8.1,7.25,7.2,7.5,7.93157894736842,17,8,5,6,19,6898,5012,1886,829,2204,4694,7.42784417367352,7.72341001596169,6.642385,6.61393244873342,7.43177540834846,7.42599831913081,172
"174",2019,1,7.61552631578947,38,7.91814814814815,6.87272727272727,6.65,7.85714285714286,7.56096774193548,27,11,6,7,31,6936,5039,1897,835,2211,4725,7.42887242070357,7.72445346298869,6.64372066947812,6.61419161676647,7.43312211668928,7.42688383280424,173
"175",2019,2,7.375,24,7.57894736842105,6.6,6.5,8.33333333333333,7.23809523809524,19,5,4,3,21,6960,5058,1902,839,2214,4746,7.42868665373563,7.7239068801898,6.6436057360673,6.61364719904649,7.43434191508582,7.42604848504004,174
"176",2019,3,7.41666666666667,21,7.53571428571429,7.17857142857143,6.75,7.125,7.48529411764706,14,7,3,4,17,6981,5072,1909,842,2218,4763,7.42865049563099,7.72338742113565,6.64556737035097,6.61413301662708,7.43378403967538,7.42625994331304,175
"177",2019,4,7.03333333333333,15,7.20833333333333,6.33333333333333,5,5.66666666666667,7.375,12,3,1,3,12,6996,5084,1912,843,2221,4775,7.42780290308747,7.7221717151849,6.64507746338912,6.61221826809016,7.43139711841513,7.42613112251309,176
"178",2019,5,7.61111111111111,18,7.78571428571429,7,7,8.33333333333333,7.46666666666667,14,4,2,3,15,7014,5098,1916,845,2224,4790,7.42827332620473,7.72234621420165,6.64581842901879,6.61313609467456,7.43261375899281,7.4262580605428,177
"179",2019,6,7.63157894736842,19,7.93333333333333,6.5,7,7.2,7.78571428571429,15,4,1,5,14,7033,5113,1920,846,2229,4804,7.42882256647234,7.7229651867788,6.645514640625,6.61359338061466,7.43209196949305,7.42730560158202,178
"180",2019,7,7.32814833333333,18,7.740667,6.8125,6.83333333333333,6.7,7.56974384615385,10,8,6,5,13,7051,5123,1928,852,2234,4817,7.42856556233158,7.72299974038649,6.64620752593361,6.61514084507042,7.43045344673232,7.42769001037991,179
"181",2019,8,7.69852941176471,34,7.63541666666667,7.85,7.75,10,7.62878787878788,24,10,6,1,33,7085,5147,1938,858,2235,4850,7.42986108398023,7.72259134835827,6.65241904540764,6.62307692307692,7.43160313199105,7.42905830515464,180
"182",2019,9,7.15555555555556,27,7.67647058823529,6.27,6.94,7.8375,6.86842105263158,17,10,5,8,19,7112,5164,1948,863,2243,4869,7.4288197103487,7.72243951781565,6.65045590862423,6.62491309385863,7.43305082478823,7.4268705647977,181
"183",2019,10,7.44827586206897,29,7.55263157894737,7.25,7,7.25,7.48,19,10,3,4,25,7141,5183,1958,866,2247,4894,7.42889872286794,7.72181703067722,6.65351793156282,6.62621247113164,7.43272496662216,7.42714196567226,182
"184",2019,11,7.75925925925926,27,7.97727272727273,6.8,7,8.16666666666667,7.64285714285714,22,5,3,6,21,7168,5205,1963,869,2253,4915,7.43014310546874,7.72289676657061,6.65389103922567,6.62750287686997,7.43467953839325,7.42806363784334,183
"185",2019,12,7.15217391304348,23,7.7,6.125,3.5,6.91666666666667,7.23529411764706,15,8,2,6,17,7191,5220,1971,871,2259,4932,7.42925403699068,7.72283097126437,6.65174434804668,6.6203214695752,7.43330367419212,7.42739918491485,184
"186",2020,1,7.11371428571429,35,7.83222222222222,6.35294117647059,6.3125,7.4,7.066,18,17,8,5,30,7226,5238,1988,879,2264,4962,7.42772568225851,7.72320688621611,6.64918919014084,6.61751990898749,7.43323012367491,7.42521418379686,185
"187",2020,2,7.2824,25,7.69333333333333,5.125,6.16666666666667,8,7.22,21,4,3,2,23,7251,5259,1992,882,2266,4985,7.42722462832712,7.72308759650124,6.64612856927711,6.61598639455782,7.43373036187114,7.42426735807423,186
"188",2020,3,7.596,20,8.028,6.3,5.16666666666667,7.25,7.6825,15,5,3,4,16,7271,5274,1997,885,2270,5001,7.42768887085682,7.7239548103906,6.64526194792188,6.61107344632769,7.43340660792952,7.42509353729255,187
"189",2020,4,7.56123444444444,27,7.82755533333333,7.22833333333333,7.16666666666667,8.735555,7.22571428571429,15,12,6,6,21,7298,5289,2009,891,2276,5022,7.42818294190188,7.72424862923048,6.64874470383275,6.61481481481482,7.43683933655536,7.42425981282358,188
"190",2020,5,7.53448275862069,29,7.70454545454545,7,6.625,7.66666666666667,7.51923076923077,22,7,4,3,26,7327,5311,2016,895,2279,5048,7.42860367271734,7.72416701186217,6.64996434027778,6.61486033519553,7.43714187362879,7.4247489659271,189
"191",2020,6,7.31407407407407,27,7.51052631578947,6.8475,6.71333333333333,6.91666666666667,7.42761904761905,19,8,6,6,21,7354,5330,2024,901,2285,5069,7.42818318058199,7.72340544090056,6.65074511363636,6.61551609322975,7.43577519912473,7.42476085618466,190
"192",2020,7,7.9376,25,8.08,7.57142857142857,7.125,8,7.91333333333333,18,7,4,7,18,7379,5348,2031,905,2292,5087,7.42990908117631,7.72460564697083,6.65391832102413,6.61776795580111,7.43749839877836,7.4264896363279,191
"193",2020,8,7.88571428571429,28,8.34,6.75,6.5,8,7.85454545454545,20,8,2,6,22,7407,5368,2039,907,2298,5109,7.43163211961657,7.72689847242921,6.65429529671407,6.61750826901874,7.43896707136641,7.42833289880603,192
"194",2020,9,7.635,20,8.22857142857143,6.25,7.16666666666667,8.16666666666667,7.54117647058824,14,6,3,3,17,7427,5382,2045,910,2301,5126,7.43217976437323,7.72820345596433,6.6531091002445,6.61931868131868,7.43991583224685,7.42870713616856,193
"195",2020,10,7.78478260869565,23,7.89,7.08333333333333,NA,8,7.690625,20,3,0,7,16,7450,5402,2048,910,2308,5142,7.43326833691275,7.72880248056276,6.65373931152344,6.61931868131868,7.44161452772964,7.42952212757682,194
"196",2020,11,7.31703703703704,27,7.75333333333333,6.44444444444444,6.8,8.85333333333333,7.125,18,9,5,3,24,7477,5420,2057,915,2311,5166,7.43284861709241,7.72888394833948,6.6528235828877,6.62030601092896,7.44344713543921,7.42810739063105,195
"197",2020,12,7.83203125,32,7.88942307692308,7.58333333333333,7.83333333333333,6.25,8.05803571428571,26,6,3,4,28,7509,5446,2063,918,2315,5194,7.43454975496071,7.72965038560411,6.65552986427533,6.62427015250545,7.4413850237581,7.43150323065076,196
"198",2021,1,7.82344827586207,29,7.995,7,8,7.88333333333333,7.80782608695652,24,5,2,6,23,7538,5470,2068,920,2321,5217,7.43604591536216,7.73081462522852,6.65636272243714,6.62726086956522,7.44252750107712,7.43316231167338,197
"199",2021,2,7.72424242424242,33,8.016,6.8125,7.08333333333333,7.75,7.71851851851852,25,8,6,6,27,7571,5495,2076,926,2327,5244,7.4373020882314,7.73211210191083,6.65696440751445,6.63021598272138,7.44332029651912,7.43463153699467,198
"200",2021,3,7.34068,25,7.37978571428571,7.29090909090909,6.94,7.313,7.35625,14,11,5,9,16,7596,5509,2087,931,2336,5260,7.43698408504476,7.73121673624977,6.66030575467178,6.63187969924812,7.44281820633562,7.43439311406845,199
"201",2021,4,7.25882352941176,17,7.17142857142857,7.66666666666667,8,7.94,6.975,14,3,1,5,12,7613,5523,2090,932,2341,5272,7.43658624852226,7.72979775484338,6.66175029186603,6.63334763948498,7.44388010679197,7.43334745447648,200
"202",2021,5,7.37857142857143,28,8.02727272727273,5,5.5,7,7.424,22,6,2,3,25,7641,5545,2096,934,2344,5297,7.43637365658945,7.73097799819658,6.6569933730916,6.63092077087795,7.44331200085324,7.43330333773835,201
"203",2021,6,6.97727272727273,22,8.13333333333333,4.5,5.83333333333333,7.16666666666667,6.90625,15,7,3,6,16,7663,5560,2103,937,2350,5313,7.43505560615946,7.73206348920863,6.64981365192582,6.62836712913554,7.44260567234043,7.43171612648222,202
"204",2021,7,7.57692307692308,13,7.64285714285714,7.5,7.5,8,7.54166666666667,7,6,4,1,12,7676,5567,2109,941,2351,5325,7.43529587154768,7.73195132028022,6.65223238975818,6.63207226354942,7.44284276052744,7.43196390234742,203
"205",2021,8,7.41304347826087,23,7.69444444444444,6.4,6,8.5,7.11111111111111,18,5,2,5,18,7699,5585,2114,943,2356,5343,7.43522939472658,7.73183043867502,6.65163581362346,6.63073170731707,7.44508630305603,7.43088298334269,204
"206",2021,9,7.14,20,7.73571428571429,5.75,6,7.45,7.0625,14,6,4,4,16,7719,5599,2120,947,2360,5359,7.4344644526493,7.73184015002679,6.64908401415094,6.62806758183738,7.44509463135593,7.42978312744915,205
"207",2021,10,6.77272727272727,22,7.5,5.21428571428571,2,5,7.05263157894737,15,7,1,3,19,7741,5614,2127,948,2363,5378,7.43258378891616,7.73122069825437,6.64436206393982,6.62318565400844,7.44199040626323,7.42845068426925,206
"208",2021,11,7.23181818181818,22,7.38333333333333,7.05,6.5,7.83333333333333,7.13684210526316,12,10,4,3,19,7763,5626,2137,952,2366,5397,7.4320148280304,7.73047867045859,6.6462602292934,6.62266806722689,7.44248661453931,7.42742408375023,207
"209",2021,12,7.46969696969697,33,7.42307692307692,7.64285714285714,8.25,3,7.609375,26,7,2,1,32,7796,5652,2144,954,2367,5429,7.43217433427398,7.72906457891012,6.64951404384328,6.62607966457023,7.44060977186312,7.42849655185117,208
"210",2022,1,7.51282051282051,39,7.75178571428571,6.90454545454545,7.01875,7.73571428571429,7.4640625,28,11,8,7,32,7835,5680,2155,962,2374,5461,7.43257576388002,7.72917658450704,6.65081582830627,6.62934511434511,7.4414799199663,7.42870495879876,209
"211",2022,2,7.73958333333333,24,8.21428571428571,7.075,7.58333333333333,8.07142857142857,7.60294117647059,14,10,3,7,17,7859,5694,2165,965,2381,5478,7.43351331085379,7.73036933614331,6.65277510854504,6.63231088082902,7.44333193196136,7.42924566995254,210
"212",2022,3,8.13333333333333,15,9.04545454545454,5.625,5,6.33333333333333,8.58333333333333,11,4,1,3,12,7874,5705,2169,966,2384,5490,7.43484647066294,7.73290499561788,6.65087971876441,6.63062111801242,7.4419351216443,7.43176826593807,211
"213",2022,4,7.80555555555556,18,7.90909090909091,7.64285714285714,8,7,7.96666666666667,11,7,4,3,15,7892,5716,2176,970,2387,5505,7.43569198048656,7.73324405178447,6.65407082261029,6.63626804123711,7.44137969417679,7.4332257547684,212
"214",2022,5,6.84921212121212,33,7.54654545454545,5.45454545454545,10,8.5,6.62151724137931,22,11,1,4,29,7925,5738,2187,971,2391,5534,7.43324985615141,7.73252823283374,6.64803754458162,6.63973223480948,7.44315070263488,7.42897213227322,213
"215",2022,6,7.76818181818182,22,8.13571428571429,7.125,7.16666666666667,7.825,7.75555555555556,14,8,6,4,18,7947,5752,2195,977,2395,5552,7.43417706178432,7.73350956189152,6.64977590432802,6.64296827021494,7.44378844676409,7.43003094020173,214
"216",2022,7,7.44285714285714,35,7.83333333333333,6.59090909090909,7.5,8.74,7.22666666666667,24,11,3,5,30,7982,5776,2206,980,2400,5582,7.43421512277624,7.73392434210527,6.64948237080689,6.64559183673469,7.4464888875,7.42893797563598,215
"217",2022,8,7.7,20,8.26666666666667,6,6,7.33333333333333,7.76470588235294,15,5,1,3,17,8002,5791,2211,981,2403,5599,7.43487941889527,7.73530426523917,6.64801361827227,6.64493374108053,7.44634761964212,7.42995745311663,216
"218",2022,9,7.97222222222222,18,8.83333333333333,7.11111111111111,6,8.75,7.75,9,9,1,4,14,8020,5800,2220,982,2407,5613,7.43608542518703,7.73700810344828,6.64989104054054,6.64427698574338,7.44851405484005,7.43075570639587,217
"219",2022,10,8.3030303030303,33,8.6,7.375,7.5,8.9,8.19642857142857,25,8,2,5,28,8053,5825,2228,984,2412,5641,7.43963803675648,7.74071193133047,6.65249466337522,6.6460162601626,7.45152293946932,7.43455624534657,218
"220",2022,11,7.65322580645161,31,8.125,6.5,6,8.25,7.58928571428571,22,9,1,3,28,8084,5847,2237,985,2415,5669,7.44045708931222,7.74215785873097,6.65188113991954,6.64536040609137,7.45251483643892,7.43532047627448,219
"221",2022,12,7.5,21,7.96666666666667,6.33333333333333,NA,9.5,7.16666666666667,15,6,0,3,18,8105,5862,2243,985,2418,5687,7.44061136458975,7.74273234390993,6.65102902808738,6.64536040609137,7.45505514061208,7.43447015649728,220
