"","year","month","avg_rating","no_ratings","avg_rating_owned","avg_rating_not_owned","avg_rating_prev_owned","avg_rating_comment","avg_rating_no_comment","no_ratings_owned","no_ratings_not_owned","no_ratings_prev_owned","no_ratings_comment","no_ratings_no_comment","cum_no_ratings","cum_no_ratings_owned","cum_no_ratings_not_owned","cum_no_ratings_prev_owned","cum_no_ratings_comment","cum_no_ratings_no_comment","cum_avg_rating","cum_avg_rating_owned","cum_avg_rating_not_owned","cum_avg_rating_prev_owned","cum_avg_rating_comment","cum_avg_rating_no_comment","month_after_release"
"1",2001,9,7,1,7,NA,NA,NA,7,1,0,0,0,1,1,1,0,0,0,1,7,7,NA,NA,NA,7,0
"2",2001,10,8,1,8,NA,NA,NA,8,1,0,0,0,1,2,2,0,0,0,2,7.5,7.5,NA,NA,NA,7.5,1
"3",2001,12,7,1,7,NA,NA,NA,7,1,0,0,0,1,3,3,0,0,0,3,7.33333333333333,7.33333333333333,NA,NA,NA,7.33333333333333,3
"4",2002,1,9,1,9,NA,NA,9,NA,1,0,0,1,0,4,4,0,0,1,3,7.75,7.75,NA,NA,9,7.33333333333333,4
"5",2002,3,8,3,8,NA,NA,9,7.5,3,0,0,1,2,7,7,0,0,2,5,7.85714285714286,7.85714285714286,NA,NA,9,7.4,6
"6",2002,4,6.5,4,6.5,NA,NA,7,6,4,0,0,2,2,11,11,0,0,4,7,7.36363636363636,7.36363636363636,NA,NA,8,7,7
"7",2002,6,6.8,5,8.5,5.66666666666667,7,7,6.75,2,3,1,1,4,16,13,3,1,5,11,7.1875,7.53846153846154,5.66666666666667,7,7.8,6.90909090909091,9
"8",2002,7,7.2,5,7.2,NA,NA,7.5,7,5,0,0,2,3,21,18,3,1,7,14,7.19047619047619,7.44444444444444,5.66666666666667,7,7.71428571428571,6.92857142857143,10
"9",2002,8,7.5,2,7.5,NA,NA,7.5,NA,2,0,0,2,0,23,20,3,1,9,14,7.21739130434783,7.45,5.66666666666667,7,7.66666666666667,6.92857142857143,11
"10",2002,10,7,2,7,NA,NA,NA,7,2,0,0,0,2,25,22,3,1,9,16,7.2,7.40909090909091,5.66666666666667,7,7.66666666666667,6.9375,13
"11",2002,11,7,5,8,5.5,NA,7,7,3,2,0,2,3,30,25,5,1,11,19,7.16666666666667,7.48,5.6,7,7.54545454545455,6.94736842105263,14
"12",2002,12,7.1,5,7.25,7,7,7,7.25,2,3,2,3,2,35,27,8,3,14,21,7.15714285714286,7.46296296296296,6.125,7,7.42857142857143,6.97619047619048,15
"13",2003,1,7.33333333333333,3,8.5,5,NA,10,6,2,1,0,1,2,38,29,9,3,15,23,7.17105263157895,7.53448275862069,6,7,7.6,6.89130434782609,16
"14",2003,3,7,2,6,8,NA,NA,7,1,1,0,0,2,40,30,10,3,15,25,7.1625,7.48333333333333,6.2,7,7.6,6.9,18
"15",2003,4,8,4,8.33333333333333,7,NA,8,8,3,1,0,2,2,44,33,11,3,17,27,7.23863636363636,7.56060606060606,6.27272727272727,7,7.64705882352941,6.98148148148148,19
"16",2003,5,6,5,5,7.5,NA,7,5.33333333333333,3,2,0,2,3,49,36,13,3,19,30,7.11224489795918,7.34722222222222,6.46153846153846,7,7.57894736842105,6.81666666666667,20
"17",2003,6,6.8,5,6.75,7,NA,8,6,4,1,0,2,3,54,40,14,3,21,33,7.08333333333333,7.2875,6.5,7,7.61904761904762,6.74242424242424,21
"18",2003,7,6.80769230769231,13,7.38888888888889,5.5,5.5,7,6.72222222222222,9,4,2,4,9,67,49,18,5,25,42,7.02985074626866,7.30612244897959,6.27777777777778,6.4,7.52,6.73809523809524,22
"19",2003,8,6.29166666666667,12,6.9375,5,5,6.16666666666667,6.33333333333333,8,4,1,3,9,79,57,22,6,28,51,6.91772151898734,7.25438596491228,6.04545454545455,6.16666666666667,7.375,6.66666666666667,23
"20",2003,9,6.9,5,7.5,6.5,NA,7.25,6.66666666666667,2,3,0,2,3,84,59,25,6,30,54,6.91666666666667,7.26271186440678,6.1,6.16666666666667,7.36666666666667,6.66666666666667,24
"21",2003,10,6.83333333333333,6,6.6,8,NA,6,7.25,5,1,0,2,4,90,64,26,6,32,58,6.91111111111111,7.2109375,6.17307692307692,6.16666666666667,7.28125,6.70689655172414,25
"22",2003,11,6.8,5,7.25,5,NA,6.33333333333333,7.5,4,1,0,3,2,95,68,27,6,35,60,6.90526315789474,7.21323529411765,6.12962962962963,6.16666666666667,7.2,6.73333333333333,26
"23",2003,12,7.25,4,7.25,NA,NA,8,7,4,0,0,1,3,99,72,27,6,36,63,6.91919191919192,7.21527777777778,6.12962962962963,6.16666666666667,7.22222222222222,6.74603174603175,27
"24",2004,1,6.71428571428571,7,6.6,7,NA,NA,6.71428571428571,5,2,0,0,7,106,77,29,6,36,70,6.90566037735849,7.17532467532468,6.18965517241379,6.16666666666667,7.22222222222222,6.74285714285714,28
"25",2004,2,7.14285714285714,7,7.14285714285714,NA,NA,9,6.83333333333333,7,0,0,1,6,113,84,29,6,37,76,6.92035398230088,7.17261904761905,6.18965517241379,6.16666666666667,7.27027027027027,6.75,29
"26",2004,3,6.95,10,7.14285714285714,6.5,NA,6.5,7.25,7,3,0,4,6,123,91,32,6,41,82,6.92276422764228,7.17032967032967,6.21875,6.16666666666667,7.19512195121951,6.78658536585366,30
"27",2004,4,8.05,10,8.11111111111111,7.5,NA,8.2,7.9,9,1,0,5,5,133,100,33,6,46,87,7.00751879699248,7.255,6.25757575757576,6.16666666666667,7.30434782608696,6.85057471264368,31
"28",2004,5,7.6,5,7.75,7,NA,7.5,7.66666666666667,4,1,0,2,3,138,104,34,6,48,90,7.02898550724638,7.27403846153846,6.27941176470588,6.16666666666667,7.3125,6.87777777777778,32
"29",2004,6,7.16666666666667,6,7.16666666666667,NA,NA,8,7,6,0,0,1,5,144,110,34,6,49,95,7.03472222222222,7.26818181818182,6.27941176470588,6.16666666666667,7.3265306122449,6.88421052631579,33
"30",2004,7,7.2,5,7.25,7,NA,7,7.25,4,1,0,1,4,149,114,35,6,50,99,7.04026845637584,7.26754385964912,6.3,6.16666666666667,7.32,6.8989898989899,34
"31",2004,8,6.85,10,6.83333333333333,7,NA,6.5,7.2,9,1,0,5,5,159,123,36,6,55,104,7.02830188679245,7.23577235772358,6.31944444444444,6.16666666666667,7.24545454545455,6.91346153846154,35
"32",2004,9,7.83333333333333,12,7.81818181818182,8,NA,7.6,8,11,1,0,5,7,171,134,37,6,60,111,7.08479532163743,7.28358208955224,6.36486486486486,6.16666666666667,7.275,6.98198198198198,36
"33",2004,10,7.5,5,7.625,7,7,9,7.125,4,1,1,1,4,176,138,38,7,61,115,7.09659090909091,7.29347826086957,6.38157894736842,6.28571428571429,7.30327868852459,6.98695652173913,37
"34",2004,11,6.82307692307692,13,6.63636363636364,7.85,8,6.54,7,11,2,1,5,8,189,149,40,8,66,123,7.07777777777778,7.24496644295302,6.455,6.5,7.24545454545455,6.98780487804878,38
"35",2004,12,7.75,8,8,7,NA,7.83333333333333,7.7,6,2,0,3,5,197,155,42,8,69,128,7.10507614213198,7.2741935483871,6.48095238095238,6.5,7.27101449275362,7.015625,39
"36",2005,1,6.61764705882353,17,7.44444444444444,5.6875,7,4.5,7.26923076923077,9,8,2,4,13,214,164,50,10,73,141,7.06635514018692,7.28353658536585,6.354,6.6,7.11917808219178,7.03900709219858,40
"37",2005,2,6.53,10,6.56,6.5,6,6.93333333333333,6.35714285714286,5,5,1,3,7,224,169,55,11,76,148,7.04241071428571,7.26213017751479,6.36727272727273,6.54545454545455,7.11184210526316,7.00675675675676,41
"38",2005,3,6.75,12,6.77777777777778,6.66666666666667,6.5,7.28571428571429,6,9,3,2,7,5,236,178,58,13,83,153,7.02754237288136,7.2376404494382,6.38275862068966,6.53846153846154,7.12650602409639,6.97385620915033,42
"39",2005,4,6.05,10,6.625,5.66666666666667,NA,6.41666666666667,5.5,4,6,0,6,4,246,182,64,13,89,157,6.98780487804878,7.22417582417582,6.315625,6.53846153846154,7.07865168539326,6.93630573248408,43
"40",2005,5,7.11666666666667,6,7.11666666666667,NA,NA,10,6.54,6,0,0,1,5,252,188,64,13,90,162,6.99087301587302,7.22074468085106,6.315625,6.53846153846154,7.11111111111111,6.92407407407407,44
"41",2005,6,6.66666666666667,6,7.5,6.25,10,5,7.5,2,4,1,2,4,258,190,68,14,92,166,6.98333333333333,7.22368421052632,6.31176470588235,6.78571428571429,7.06521739130435,6.93795180722892,45
"42",2005,7,6.75,12,7.28571428571429,6,7,6.91666666666667,6.58333333333333,7,5,1,6,6,270,197,73,15,98,172,6.97296296296296,7.2258883248731,6.29041095890411,6.8,7.05612244897959,6.92558139534884,46
"43",2005,8,6.42857142857143,14,6.85714285714286,6,6,7.33333333333333,6.18181818181818,7,7,2,3,11,284,204,80,17,101,183,6.94612676056338,7.21323529411765,6.265,6.70588235294118,7.06435643564356,6.88087431693989,47
"44",2005,9,7.04166666666667,12,7,7.07142857142857,7.5,6.8,7.21428571428571,5,7,2,5,7,296,209,87,19,106,190,6.95,7.20813397129187,6.32988505747127,6.78947368421053,7.05188679245283,6.89315789473684,48
"45",2005,10,7.22727272727273,11,7.83333333333333,4.5,NA,6.9,7.5,9,2,0,5,6,307,218,89,19,111,196,6.95993485342019,7.23394495412844,6.28876404494382,6.78947368421053,7.04504504504505,6.91173469387755,49
"46",2005,11,6.84666666666667,15,7.07777777777778,6.5,7.5,6.7,6.94444444444444,9,6,1,6,9,322,227,95,20,117,205,6.95465838509317,7.22775330396476,6.3021052631579,6.825,7.02735042735043,6.91317073170732,50
"47",2005,12,7.16666666666667,9,7.8,6.375,7,7,7.5,5,4,1,6,3,331,232,99,21,123,208,6.96042296072507,7.24008620689655,6.30505050505051,6.83333333333333,7.0260162601626,6.92163461538462,51
"48",2006,1,6.95,20,7.02941176470588,6.5,NA,7,6.92307692307692,17,3,0,7,13,351,249,102,21,130,221,6.95982905982906,7.22570281124498,6.31078431372549,6.83333333333333,7.02461538461538,6.92171945701357,52
"49",2006,2,5.92857142857143,7,7.75,5.2,NA,6.25,5.8,2,5,0,2,5,358,251,107,21,132,226,6.93966480446927,7.22988047808765,6.2588785046729,6.83333333333333,7.01287878787879,6.89690265486726,53
"50",2006,3,6.57142857142857,7,6.75,6.33333333333333,7,7,6.5,4,3,1,1,6,365,255,110,22,133,232,6.93260273972603,7.22235294117647,6.26090909090909,6.84090909090909,7.01278195488722,6.88663793103448,54
"51",2006,4,6.92857142857143,7,6.91666666666667,7,7,7.33333333333333,6.625,6,1,1,3,4,372,261,111,23,136,236,6.93252688172043,7.21532567049808,6.26756756756757,6.84782608695652,7.01985294117647,6.88220338983051,55
"52",2006,5,6.88888888888889,9,7,6.5,NA,7,6.5,7,2,0,7,2,381,268,113,23,143,238,6.93149606299213,7.20970149253731,6.2716814159292,6.84782608695652,7.01888111888112,6.87899159663866,56
"53",2006,6,7.25,8,7.25,NA,NA,7.5,7.16666666666667,8,0,0,2,6,389,276,113,23,145,244,6.93804627249357,7.21086956521739,6.2716814159292,6.84782608695652,7.02551724137931,6.88606557377049,57
"54",2006,7,7.21,10,7.5,6.92,7,7.66666666666667,7.01428571428571,5,5,2,3,7,399,281,118,25,148,251,6.94486215538847,7.21601423487544,6.29915254237288,6.86,7.03851351351351,6.88964143426295,58
"55",2006,8,6.76666666666667,15,7.875,5.5,5.75,7.83333333333333,6.5,8,7,2,3,12,414,289,125,27,151,263,6.93840579710145,7.23425605536332,6.2544,6.77777777777778,7.05430463576159,6.87186311787072,59
"56",2006,9,7,11,7.57142857142857,6,6,7.5,6.8125,7,4,1,3,8,425,296,129,28,154,271,6.94,7.24222972972973,6.24651162790698,6.75,7.06298701298701,6.87011070110701,60
"57",2006,10,6.82307692307692,13,6.96666666666667,6.5,NA,8.23333333333333,6.4,9,4,0,3,10,438,305,133,28,157,281,6.93652968036529,7.23409836065574,6.25413533834586,6.75,7.08535031847134,6.85338078291815,61
"58",2006,11,6.46666666666667,15,7.375,5.42857142857143,7,7.25,6.18181818181818,8,7,1,4,11,453,313,140,29,161,292,6.92097130242825,7.23769968051118,6.21285714285714,6.75862068965517,7.08944099378882,6.82808219178082,62
"59",2006,12,6.77727272727273,22,6.59411764705882,7.4,NA,6.72222222222222,6.81538461538462,17,5,0,9,13,475,330,145,29,170,305,6.91431578947368,7.20454545454545,6.25379310344828,6.75862068965517,7.07,6.82754098360656,63
"60",2007,1,6.51590909090909,22,6.865625,5.58333333333333,6,5.78888888888889,7.01923076923077,16,6,1,9,13,497,346,151,30,179,318,6.8966800804829,7.18887283236994,6.22715231788079,6.73333333333333,7.00558659217877,6.83537735849057,64
"61",2007,2,6.46159529411765,17,6.83333333333333,6.04339,5.5,6.58333333333333,6.39519272727273,9,8,1,6,11,514,355,159,31,185,329,6.88229011673152,7.17985915492958,6.21790641509434,6.69354838709677,6.99189189189189,6.82065993920973,65
"62",2007,3,7.07142857142857,7,7,7.5,7.5,7.25,7,6,1,1,2,5,521,361,160,32,187,334,6.8848313243762,7.17686980609418,6.2259195,6.71875,6.99465240641711,6.82334467065868,66
"63",2007,4,6.36538461538461,13,6.66666666666667,5.6875,NA,6.55,6.25,9,4,0,5,8,534,370,164,32,192,342,6.87218561797753,7.16445945945946,6.21278731707317,6.71875,6.98307291666667,6.8099330994152,67
"64",2007,5,6.41304347826087,23,6.59375,6,6.33333333333333,5.61111111111111,6.92857142857143,16,7,3,9,14,557,386,171,35,201,356,6.85322642728905,7.14080310880829,6.2040767251462,6.68571428571429,6.92164179104478,6.81459865168539,68
"65",2007,6,6.93076923076923,13,7.3,6.5,6.5,6.9,6.95,7,6,4,5,8,570,393,177,39,206,364,6.85499494736842,7.14363867684478,6.21410802259887,6.66666666666667,6.92111650485437,6.81757450549451,69
"66",2007,7,7.02,15,7.475,6.5,8,7.16666666666667,6.92222222222222,8,7,1,6,9,585,401,184,40,212,373,6.85922584615384,7.1502493765586,6.22498434782609,6.7,6.92806603773585,6.82009951742627,70
"67",2007,8,6.72941176470588,17,6.8,6.62857142857143,7,7.125,6.37777777777778,10,7,1,8,9,602,411,191,41,220,382,6.85556,7.14172749391727,6.2397754973822,6.70731707317073,6.93522727272727,6.80967832460733,71
"68",2007,9,7.08,20,7.32857142857143,6.5,7,7.2,7,14,6,1,8,12,622,425,197,42,228,394,6.86277672025723,7.14788235294118,6.24770111675127,6.71428571428571,6.94451754385965,6.81547492385787,72
"69",2007,10,7.60666666666667,15,7.69090909090909,7.375,7.25,8,7.50833333333333,11,4,2,3,12,637,436,201,44,231,406,6.88029375196232,7.16158256880734,6.27013492537314,6.73863636363636,6.95822510822511,6.83595349753695,73
"70",2007,11,6.70833333333333,18,6.58333333333333,7.33333333333333,7,6.41666666666667,6.85416666666667,15,3,1,6,12,655,451,204,45,237,418,6.8755681221374,7.14235033259423,6.28577019607843,6.74444444444444,6.94451476793249,6.83647636363636,74
"71",2007,12,6.41379310344828,29,7.11764705882353,5.41666666666667,7,6.61111111111111,6.325,17,12,1,9,20,684,468,216,46,246,438,6.85598994152047,7.14145299145299,6.23748666666667,6.75,6.93231707317073,6.81312127853881,75
"72",2008,1,6.775,20,6.7,7,7,6.42857142857143,6.96153846153846,15,5,1,7,13,704,483,221,47,253,451,6.85368909090909,7.12774327122153,6.25473809954751,6.75531914893617,6.91837944664032,6.81739937915743,76
"73",2008,2,7.39210526315789,19,7.2,8.41666666666667,8,6.95,7.59615384615385,16,3,1,6,13,723,499,224,48,259,464,6.86783834024896,7.13006012024048,6.2836925,6.78125,6.91911196911197,6.83921793103448,77
"74",2008,3,6.93809523809524,21,7.28,6.08333333333333,6.75,7.1,6.87333333333333,15,6,2,6,15,744,514,230,50,265,479,6.86982139784946,7.13443579766537,6.27846573913044,6.78,6.92320754716981,6.84028626304802,78
"75",2008,4,6.30769230769231,13,6.33333333333333,6.28571428571429,6,6,6.4,6,7,1,3,10,757,520,237,51,268,489,6.86016792602378,7.12519230769231,6.27867983122363,6.76470588235294,6.91287313432836,6.83128245398773,79
"76",2008,5,7.02727272727273,11,7.1875,6.6,NA,7.5,6.75714285714286,8,3,0,4,7,768,528,240,51,272,496,6.86256135416667,7.12613636363636,6.28269633333333,6.76470588235294,6.92150735294118,6.83023612903226,80
"77",2008,6,5.84375,16,6.625,5.0625,5,6.0625,5.625,8,8,2,8,8,784,536,248,53,280,504,6.84176928571428,7.11865671641791,6.24333516129032,6.69811320754717,6.89696428571429,6.8111053968254,81
"78",2008,7,5.78571428571429,14,7.2,5,4.08333333333333,5.5,5.94444444444444,5,9,6,5,9,798,541,257,59,285,513,6.82324200501253,7.11940850277264,6.19979424124514,6.43220338983051,6.87245614035088,6.79590081871345,82
"79",2008,8,6.635,20,7.14166666666667,5.875,5,6,6.84666666666667,12,8,1,5,15,818,553,265,60,290,528,6.81863951100244,7.11989150090416,6.18998913207547,6.40833333333333,6.85741379310345,6.79734303030303,83
"80",2008,9,6.01428571428571,14,6.44,5.77777777777778,6.75,5,6.18333333333333,5,9,4,2,12,832,558,274,64,292,540,6.80510471153846,7.11379928315412,6.17644934306569,6.4296875,6.84469178082192,6.78369837037037,84
"81",2008,10,7.09090909090909,11,7.07142857142857,7.125,7.33333333333333,6.33333333333333,7.375,7,4,3,3,8,843,565,278,67,295,548,6.8088340688019,7.11327433628318,6.19009755395683,6.47014925373134,6.83949152542373,6.79233051094891,85
"82",2008,11,6.38666666666667,15,7,5.97777777777778,5.96666666666667,6.16,6.5,6,9,6,5,10,858,571,287,73,300,558,6.80145351981352,7.11208406304728,6.18343944250871,6.42876712328767,6.82816666666667,6.78709161290323,86
"83",2008,12,6.64285714285714,14,7.5,4.5,NA,6.42857142857143,6.85714285714286,10,4,0,7,7,872,581,291,73,307,565,6.79890724770642,7.11876075731497,6.1602993814433,6.42876712328767,6.81905537459283,6.78795950442478,87
"84",2009,1,6.22962962962963,27,6.70555555555556,5.27777777777778,5.75,6,6.32631578947368,18,9,4,8,19,899,599,300,77,315,584,6.7818099221357,7.10634390651085,6.13382373333333,6.39350649350649,6.79825396825397,6.7729402739726,88
"85",2009,2,6.53928571428571,28,7.3,5.96875,5.66666666666667,5.9,6.67826086956522,12,16,6,5,23,927,611,316,83,320,607,6.77448448759439,7.110147299509,6.12546556962025,6.34096385542169,6.78421875,6.76935275123558,89
"86",2009,3,6.71666666666667,30,6.86875,6.54285714285714,6.4,6.71666666666667,6.71666666666667,16,14,3,6,24,957,627,330,86,326,631,6.77267201671891,7.10398724082934,6.14317309090909,6.34302325581395,6.7829754601227,6.76734884310618,90
"87",2009,4,6.575,28,7.05625,5.93333333333333,6.78,6,6.76666666666667,16,12,5,7,21,985,643,342,91,333,652,6.76705291370558,7.10279937791602,6.13581029239766,6.36703296703297,6.76651651651652,6.76732687116564,91
"88",2009,5,7.02631578947368,19,7.54166666666667,6.14285714285714,6.33333333333333,7,7.03571428571429,12,7,3,5,14,1004,655,349,94,338,666,6.77195928286852,7.11083969465648,6.13595163323782,6.36595744680851,6.76997041420119,6.77296864864865,92
"89",2009,6,6.57222222222222,18,7,6.0375,6.075,6.66666666666667,6.525,10,8,4,6,12,1022,665,357,98,344,678,6.76844140900196,7.10917293233082,6.13374543417367,6.35408163265306,6.76816860465116,6.76857982300885,93
"90",2009,7,6.41071428571429,28,7.24166666666667,5.7875,6.21428571428571,6.27272727272727,6.5,12,16,7,11,17,1050,677,373,105,355,695,6.75890201904762,7.11152141802068,6.11889308310992,6.3447619047619,6.75281690140845,6.76201024460432,94
"91",2009,8,7.3125,16,7.7,6.66666666666667,6.5,7.1,7.40909090909091,10,6,3,5,11,1066,687,379,108,360,706,6.76721118198874,7.12008733624454,6.12756496042216,6.34907407407407,6.75763888888889,6.77209223796034,95
"92",2009,9,6.54615384615385,26,7.51666666666667,5.71428571428571,6.33333333333333,5.57142857142857,6.90526315789474,12,14,3,7,19,1092,699,393,111,367,725,6.76194791208791,7.12689556509299,6.11284254452926,6.34864864864865,6.7350136239782,6.77558223448276,96
"93",2009,10,6.64545454545455,33,7.08823529411765,6.175,6.25,6.8125,6.592,17,16,6,8,25,1125,716,409,117,375,750,6.75853077333333,7.12597765363128,6.11527413202934,6.34358974358974,6.73666666666667,6.76946282666667,97
"94",2009,11,6.715625,32,6.96666666666667,6.39285714285714,6.83333333333333,6.5,6.8,18,14,6,9,23,1157,734,423,123,384,773,6.75734409680207,7.12207084468664,6.12446127659574,6.36747967479675,6.73111979166667,6.77037143596378,98
"95",2009,12,6.7,20,7,6.4,6.83333333333333,6.61111111111111,6.77272727272727,10,10,6,9,11,1177,744,433,129,393,784,6.75636968564146,7.12043010752688,6.13082475750577,6.3891472868217,6.72837150127227,6.77040448979592,99
"96",2010,1,7.15416666666667,24,7.09444444444444,7.33333333333333,7,6.91666666666667,7.23333333333333,18,6,3,6,18,1201,762,439,132,399,802,6.76431900083264,7.11981627296587,6.14725995444191,6.4030303030303,6.7312030075188,6.78079441396509,100
"97",2010,2,6.95238095238095,21,7.14285714285714,6.57142857142857,8,6.625,7.02941176470588,14,7,1,4,17,1222,776,446,133,403,819,6.76755083469722,7.12023195876288,6.15391730941704,6.41503759398496,6.73014888337469,6.78595496947497,101
"98",2010,3,6.35,20,6.75,5.41666666666667,4.5,5,6.6875,14,6,2,4,16,1242,790,452,135,407,835,6.76082698872786,7.11367088607594,6.14413079646018,6.38666666666667,6.71314496314496,6.78406840718563,102
"99",2010,4,6.57142857142857,14,7,6.33333333333333,5.75,NA,6.57142857142857,5,9,4,0,14,1256,795,461,139,407,849,6.75871585987261,7.11295597484276,6.14782455531453,6.36834532374101,6.71314496314496,6.78056197879859,103
"100",2010,5,7.17307692307692,13,7.38333333333333,6.7,7.1,6.75,7.25,9,4,3,2,11,1269,804,465,142,409,860,6.76296069345942,7.11598258706467,6.1525744516129,6.38380281690141,6.71332518337408,6.78656641860465,104
"101",2010,6,7.02142857142857,14,7.38,6.125,NA,7,7.03,10,4,0,4,10,1283,814,469,142,413,870,6.76578107560405,7.11922604422604,6.15233927505331,6.38380281690141,6.71610169491526,6.78936450574713,105
"102",2010,7,6.9,8,8,6.74285714285714,NA,6,7.02857142857143,1,7,0,1,7,1291,815,476,142,414,877,6.76661279628195,7.12030674846625,6.16102336134454,6.38380281690141,6.71437198067633,6.79127379703535,106
"103",2010,8,6.89444444444444,18,7.17777777777778,6.61111111111111,6.5,6.875,6.9,9,9,3,4,14,1309,824,485,145,418,891,6.76837060351413,7.12093446601941,6.16937550515464,6.38620689655172,6.71590909090909,6.79298217732884,107
"104",2010,9,6.25,12,6.875,5,5.5,5.7,6.64285714285714,8,4,3,5,7,1321,832,489,148,423,898,6.76366171082513,7.11856971153846,6.15981006134969,6.36824324324324,6.70390070921986,6.7918119376392,108
"105",2010,10,6.45333333333333,15,6.93,5.5,5.875,6.33333333333333,6.48333333333333,10,5,4,3,12,1336,842,494,152,426,910,6.76017748502994,7.11633016627078,6.15313182186235,6.35526315789474,6.70129107981221,6.78774408791209,109
"106",2010,11,6.75,16,6.75,6.75,7,7.25,6.58333333333333,8,8,3,4,12,1352,850,502,155,430,922,6.76005704142012,7.11288235294117,6.16264366533865,6.36774193548387,6.70639534883721,6.78508364425163,110
"107",2010,12,6.75,22,7.17857142857143,6,7,7,6.65625,14,8,3,6,16,1374,864,510,158,436,938,6.75989601164483,7.11394675925926,6.16009239215686,6.37974683544304,6.71043577981651,6.7828860554371,111
"108",2011,1,6.64347826086957,23,7.16153846153846,5.97,NA,6.875,6.59473684210526,13,10,0,4,19,1397,877,520,158,440,957,6.75797932712956,7.11465222348916,6.15643676923077,6.37974683544304,6.71193181818182,6.77915059561129,112
"109",2011,2,6.78429411764706,17,6.79166666666667,6.7666,7,6.8666,6.75,12,5,1,5,12,1414,889,525,159,445,969,6.75829570014144,7.11029246344207,6.16224784761905,6.38364779874214,6.71366966292135,6.77878959752322,113
"110",2011,3,6.95833333333333,18,7.3125,6.25,NA,4,7.13235294117647,12,6,0,1,17,1432,901,531,159,446,986,6.7608101396648,7.11298557158712,6.16323939736346,6.38364779874214,6.70758520179372,6.78488551724138,114
"111",2011,4,5.875,16,6.4,5.63636363636364,5.83333333333333,5.2,6.18181818181818,5,11,6,5,11,1448,906,542,165,451,997,6.75102218232044,7.10905077262693,6.15254634686347,6.36363636363637,6.69087139689579,6.77823181544634,115
"112",2011,5,6.32352941176471,17,6.75,5.94444444444444,5.5,5.125,6.69230769230769,8,9,4,4,13,1465,914,551,169,455,1010,6.74606151535836,7.10590809628008,6.14914722323049,6.34319526627219,6.6771054945055,6.77712586138614,116
"113",2011,6,6.6625,20,7.28571428571429,6.32692307692308,5.95833333333333,6.39285714285714,6.80769230769231,7,13,6,7,13,1485,921,564,175,462,1023,6.74493610774411,7.10727470141151,6.15324489361702,6.33,6.6727987012987,6.7775142913001,117
"114",2011,7,6.34375,16,6.72222222222222,5.85714285714286,6,6,6.36666666666667,9,7,3,1,15,1501,930,571,178,463,1038,6.74065964023984,7.10354838709677,6.14961492119089,6.32443820224719,6.67134557235421,6.77157718689788,118
"115",2011,8,6.504,25,6.69375,6.16666666666667,6,5.65,6.66666666666667,16,9,7,4,21,1526,946,580,185,467,1059,6.7367825163827,7.09661733615222,6.14987951724138,6.31216216216216,6.66259743040685,6.76949680830973,119
"116",2011,9,6.13125,24,6.725,5.834375,5.09375,7.36666666666667,5.9547619047619,8,16,8,3,21,1550,954,596,193,470,1080,6.72740652903226,7.09350104821803,6.14140959731544,6.26165803108808,6.6670914893617,6.75365474074074,120
"117",2011,10,7.22777777777778,18,7.44444444444444,7.01111111111111,7.25,7.25,7.225,9,9,2,2,16,1568,963,605,195,472,1096,6.73315058673469,7.09678089304257,6.15434730578512,6.27179487179487,6.66956144067797,6.76053569343066,121
"118",2011,11,6.4,19,6.84166666666667,5.64285714285714,6,6.725,6.31333333333333,12,7,2,4,15,1587,975,612,197,476,1111,6.72916201638311,7.09364102564102,6.14849692810457,6.26903553299493,6.67002731092437,6.75449785778578,122
"119",2011,12,6.34375,16,6.90909090909091,5.1,6.75,6.33333333333333,6.34615384615385,11,5,2,3,13,1603,986,617,199,479,1124,6.7253151091703,7.09158215010142,6.14000019448946,6.27386934673367,6.66791858037578,6.74977501779359,123
"120",2012,1,6.63863636363636,22,6.69583333333333,6.57,6.83333333333333,7.275,6.49722222222222,12,10,3,4,18,1625,998,627,202,483,1142,6.72414161230769,7.08682364729459,6.14685824561403,6.28217821782178,6.67294616977226,6.74579432574431,124
"121",2012,2,6.45714285714286,14,6.5,6.43333333333333,6.3,6.16666666666667,6.53636363636364,5,9,3,3,11,1639,1003,636,205,486,1153,6.72186096400244,7.08389830508474,6.15091213836478,6.28243902439025,6.66982098765432,6.74379628794449,125
"122",2012,3,6.60714285714286,14,6.77272727272727,6,NA,6,6.70833333333333,11,3,0,2,12,1653,1014,639,205,488,1165,6.72088936479129,7.08052268244576,6.15020363067293,6.28243902439025,6.66707581967213,6.74343100429185,126
"123",2012,4,6.67142857142857,14,6.9,6.5,5.4,5,6.8,6,8,2,1,13,1667,1020,647,207,489,1178,6.72047397720456,7.07946078431372,6.15452877897991,6.27391304347826,6.66366666666667,6.74405528013582,127
"124",2012,5,5.85555555555556,9,5.75,5.94,6,6,5.81428571428571,4,5,1,2,7,1676,1024,652,208,491,1185,6.71582942720764,7.074267578125,6.1528836196319,6.27259615384616,6.6609633401222,6.73856297046413,128
"125",2012,6,6.84285714285714,14,7.2,6.2,6.5,6.66666666666667,6.89090909090909,9,5,1,3,11,1690,1033,657,209,494,1196,6.71688172781065,7.07536302032914,6.15324219178082,6.27368421052632,6.6609979757085,6.73996414715719,129
"126",2012,7,6.70333333333333,15,7.21428571428571,6.25625,6,6.72222222222222,6.675,7,8,2,9,6,1705,1040,665,211,503,1202,6.71676253372434,7.07629807692308,6.15448138345865,6.27109004739337,6.66209343936382,6.73963986688852,130
"127",2012,8,6.63571428571429,14,6.98571428571429,6.28571428571429,7,6.25,6.79,7,7,1,4,10,1719,1047,672,212,507,1212,6.71610245491565,7.07569245463228,6.15584839285714,6.27452830188679,6.65884220907298,6.74005537953795,131
"128",2012,9,6.83333333333333,18,7,6.4,NA,7.66666666666667,6.66666666666667,13,5,0,3,15,1737,1060,677,212,510,1227,6.71731728267127,7.07476415094339,6.15765158050221,6.27452830188679,6.6647705882353,6.73915820700896,132
"129",2012,10,6.49888888888889,9,7.2,5.6225,NA,7.5,5.99833333333333,5,4,0,3,6,1746,1065,681,212,513,1233,6.71619136311569,7.07535211267605,6.15450825256975,6.27452830188679,6.66965497076023,6.73555321978913,133
"130",2012,11,6.72222222222222,18,6.7,6.75,7,7.625,6.46428571428571,10,8,1,4,14,1764,1075,689,213,517,1247,6.71625290249433,7.07186046511628,6.16142252539913,6.27793427230047,6.67704642166344,6.73250771451483,134
"131",2012,12,7.1,5,7.125,7,NA,NA,7.1,4,1,0,0,5,1769,1079,690,213,517,1252,6.71733754663652,7.07205746061168,6.16263785507246,6.27793427230047,6.67704642166344,6.73397533546326,135
"132",2013,1,6.22222222222222,18,6.59090909090909,5.64285714285714,4.75,6,6.26666666666667,11,7,4,3,15,1787,1090,697,217,520,1267,6.71235037493005,7.06720183486238,6.15741767575323,6.24976958525346,6.67314038461538,6.72844287292818,136
"133",2013,2,6.09,10,6.66666666666667,5.84285714285714,5.975,6.95,5.875,3,7,4,2,8,1797,1093,704,221,522,1275,6.70888710072343,7.06610247026532,6.15428994318182,6.2447963800905,6.67420114942529,6.7230879372549,137
"134",2013,3,6.55882352941176,17,6.95,6,5.6,6.33333333333333,6.60714285714286,10,7,5,3,14,1814,1103,711,226,525,1289,6.70748077177508,7.06504986400725,6.15277091420534,6.23053097345133,6.67225333333333,6.72182864235842,138
"135",2013,4,7.00714285714286,14,7.08,6.825,6.9,7.25,6.96666666666667,10,4,2,2,12,1828,1113,715,228,527,1301,6.70977577680525,7.0651841868823,6.15653163636363,6.23640350877193,6.67444592030361,6.72408694850115,139
"136",2013,5,6.74166666666667,12,7.58333333333333,5.9,6.65,5.5,6.99,6,6,2,2,10,1840,1119,721,230,529,1311,6.70998376086956,7.06796246648793,6.15439683772538,6.24,6.67000567107751,6.72611527078566,140
"137",2013,6,6.91428571428571,7,6.9,6.95,6,NA,6.91428571428571,5,2,1,0,7,1847,1124,723,231,529,1318,6.71075805089334,7.0672153024911,6.15659767634854,6.23896103896104,6.67000567107751,6.7271146585736,141
"138",2013,7,6.2125,8,5.5,6.64,6.73333333333333,6.5,6.11666666666667,3,5,3,2,6,1855,1127,728,234,531,1324,6.70860922911051,7.06304347826087,6.15991774725274,6.24529914529915,6.66936534839925,6.72434827794562,142
"139",2013,8,6.33125,16,6.5,6.05,5.15,6.33333333333333,6.33076923076923,10,6,2,3,13,1871,1137,734,236,534,1337,6.70538221272047,7.05809146877748,6.15901923705722,6.23601694915254,6.66747752808989,6.72052140613313,143
"140",2013,9,6.06875,16,7.3,5.50909090909091,6.36666666666667,7.1,6,5,11,3,1,15,1887,1142,745,239,535,1352,6.69998416534181,7.05915061295972,6.14942297986577,6.23765690376569,6.66828598130841,6.7125274556213,144
"141",2013,10,6.27861538461538,13,6.5,6.02033333333333,6,5.5,6.42018181818182,7,6,2,2,11,1900,1149,751,241,537,1363,6.69710111578947,7.05574412532637,6.14839163781624,6.23568464730291,6.66393482309125,6.7101680997799,145
"142",2013,11,6.68421052631579,19,7.55,5.72222222222222,5.33333333333333,7,6.6,10,9,3,4,15,1919,1159,760,244,541,1378,6.69697348619072,7.0600086281277,6.14334489473684,6.22459016393443,6.66641959334566,6.70896888243831,146
"143",2013,12,6.44285714285714,21,6.72,5.75,6.5,7,6.38421052631579,15,6,1,2,19,1940,1174,766,245,543,1397,6.69422274226804,7.05566439522998,6.14026386422976,6.22571428571429,6.66764825046041,6.70455198282033,147
"144",2014,1,6.22857142857143,21,6.875,5.83076923076923,5.8,6.16666666666667,6.25333333333333,8,13,5,6,15,1961,1182,779,250,549,1412,6.68923616522182,7.05444162436548,6.1350989987163,6.2172,6.66217304189436,6.6997585835694,148
"145",2014,2,6.49090909090909,11,6.73333333333333,6.2,7,NA,6.49090909090909,6,5,1,0,11,1972,1188,784,251,549,1423,6.68812987829614,7.05281986531986,6.13551290816326,6.2203187250996,6.66217304189436,6.69814414617006,149
"146",2014,3,6.33333333333333,3,7,6,NA,NA,6.33333333333333,1,2,0,0,3,1975,1189,786,251,549,1426,6.68759094683544,7.05277544154752,6.13516809160305,6.2203187250996,6.66217304189436,6.69737666199158,150
"147",2014,4,6.75,10,6.75,NA,NA,7,6.72222222222222,10,0,0,1,9,1985,1199,786,251,550,1435,6.68790535012594,7.05025020850709,6.13516809160305,6.2203187250996,6.66278727272728,6.69753248780488,151
"148",2014,5,6.77777777777778,9,7.83333333333333,4.66666666666667,NA,8,6.42857142857143,6,3,0,2,7,1994,1205,789,251,552,1442,6.68831099297893,7.05414937759336,6.12958443599493,6.2203187250996,6.66763224637681,6.696226851595,152
"149",2014,6,6.30625,16,6.57272727272727,5.72,4,5.86,6.50909090909091,11,5,1,5,11,2010,1216,794,252,557,1453,6.68526971144278,7.04979440789473,6.12700518891688,6.21150793650794,6.66038240574507,6.69481013076393,153
"150",2014,7,6.20833333333333,12,6.5,5.8,6.5,5,6.31818181818182,7,5,2,1,11,2022,1223,799,254,558,1464,6.68243922848664,7.04664758789861,6.1249588485607,6.21377952755906,6.65740681003584,6.69198027322404,154
"151",2014,8,6.58571428571429,21,6.98333333333333,6.05555555555556,5.5,5.975,6.72941176470588,12,9,4,4,17,2043,1235,808,258,562,1481,6.68144499265785,7.04603238866397,6.12418579207921,6.20271317829457,6.65254982206406,6.69240993923025,155
"152",2014,9,5.42083333333333,12,6.15,4.9,5.43333333333333,5,5.505,5,7,3,2,10,2055,1240,815,261,564,1491,6.67408375669099,7.04241935483871,6.11367131288343,6.19386973180077,6.64668971631206,6.68444608987257,156
"153",2014,10,6.1815,20,6.63583333333333,5.5,5.5,7.1575,5.9375,12,8,4,4,16,2075,1252,823,265,568,1507,6.66933596144578,7.03852236421725,6.10770609963548,6.18339622641509,6.65028697183099,6.67651567352355,157
"154",2014,11,6.23076923076923,13,8,5.7,5.35714285714286,6,6.25,3,10,7,1,12,2088,1255,833,272,569,1519,6.66660542145593,7.04082071713147,6.10281166866747,6.16213235294118,6.64914411247803,6.67314622778143,158
"155",2014,12,6.58823529411765,17,7,6,7,7.66666666666667,6.35714285714286,10,7,3,3,14,2105,1265,840,275,572,1533,6.66597250356294,7.04049802371541,6.1019549047619,6.17127272727273,6.65448076923077,6.67026035225049,159
"156",2015,1,6.67391304347826,23,7.07142857142857,6.05555555555556,6.16666666666667,6.5,6.71052631578947,14,9,3,4,19,2128,1279,849,278,576,1552,6.66605832706766,7.04083659108678,6.10146303886926,6.17122302158273,6.65340798611111,6.67075329896907,160
"157",2015,2,6.76428571428571,14,7.31428571428571,6.21428571428571,6.25,6.5,6.80833333333333,7,7,2,2,12,2142,1286,856,280,578,1564,6.66670033613445,7.04232503888025,6.10238565420561,6.17178571428571,6.65287716262976,6.67180890025575,161
"158",2015,3,6.04545454545455,11,6.21428571428571,5.75,NA,6.5,6,7,4,0,1,10,2153,1293,860,280,579,1574,6.66352629818857,7.03784222737819,6.10074665116279,6.17178571428571,6.65261312607945,6.66754073697586,162
"159",2015,4,6.39230769230769,13,6.66666666666667,5.775,5.66666666666667,6.7,6.3,9,4,3,3,10,2166,1302,864,283,582,1584,6.6618984856879,7.03527649769585,6.09923856481482,6.16643109540636,6.65285738831615,6.6652204040404,163
"160",2015,5,7,10,7.16666666666667,6.75,6,7,7,6,4,1,2,8,2176,1308,868,284,584,1592,6.66345226102941,7.03587920489296,6.10223746543779,6.16584507042254,6.65404623287671,6.66690271356784,164
"161",2015,6,6.85,16,6.87272727272727,6.8,6,6.25,7.05,11,5,1,4,12,2192,1319,873,285,588,1604,6.66481392335766,7.03451857467778,6.10623381443299,6.16526315789474,6.65129761904762,6.66976877805486,165
"162",2015,7,6.1,5,6.66666666666667,5.25,NA,NA,6.1,3,2,0,0,5,2197,1322,875,285,588,1609,6.66352850250341,7.03368381240544,6.10427670857143,6.16526315789474,6.65129761904762,6.66799821006836,166
"163",2015,8,5.92,15,6.625,5.11428571428571,4.66666666666667,7.9,5.61538461538461,8,7,3,2,13,2212,1330,882,288,590,1622,6.65848649186256,7.03122556390977,6.09641963718821,6.14965277777778,6.65553050847458,6.65956172626387,167
"164",2015,9,6.68333333333333,18,6.64444444444444,6.72222222222222,7.33333333333333,6.7,6.67857142857143,9,9,3,4,14,2230,1339,891,291,594,1636,6.65868704932735,7.02862584017924,6.10274087542088,6.16185567010309,6.65582996632997,6.65972440097799,168
"165",2015,10,6.62222222222222,18,6.8,6,6.5,8.6,6.375,14,4,2,2,16,2248,1353,895,293,596,1652,6.65839507117437,7.02626016260162,6.10228169832402,6.1641638225256,6.66235402684564,6.65696677966101,169
"166",2015,11,6.71666666666667,18,7.01666666666667,6.11666666666667,7,NA,6.71666666666667,12,6,1,0,18,2266,1365,901,294,596,1670,6.65885795233892,7.02617582417582,6.10237749167592,6.16700680272109,6.66235402684564,6.657610251497,170
"167",2015,12,6.56875,16,7.12222222222222,5.85714285714286,6.5,6.5,6.57857142857143,9,7,2,2,14,2282,1374,908,296,598,1684,6.65822617002629,7.02680494905386,6.10048691629956,6.16925675675676,6.6618110367893,6.65695315914489,171
"168",2016,1,6.39545454545455,22,6.91666666666667,5.77,5.73333333333333,7,6.335,12,10,3,2,20,2304,1386,918,299,600,1704,6.65571706597222,7.02585137085137,6.09688684095861,6.16488294314381,6.66293833333334,6.65317436619718,172
"169",2016,2,6.22857142857143,21,7.17857142857143,5.75357142857143,6.09375,5.625,6.29210526315789,7,14,8,2,19,2325,1393,932,307,602,1723,6.65185897634408,7.02661880832735,6.09172974248927,6.16302931596091,6.65949003322259,6.6491927568195,173
"170",2016,3,6.71666666666667,18,7.35714285714286,6.30909090909091,4.66666666666667,7.5,6.56,7,11,3,3,15,2343,1400,943,310,605,1738,6.65235685872812,7.02827142857143,6.09426523860021,6.14854838709677,6.66365785123967,6.6484229689298,174
"171",2016,4,6.35,18,6.4,6.1,NA,6.075,6.42857142857143,15,3,0,4,14,2361,1415,946,310,609,1752,6.65005172384582,7.02161130742049,6.09428342494715,6.14854838709677,6.65979146141215,6.64666616438356,175
"172",2016,5,6.88888888888889,18,6.93846153846154,6.76,6.7,8.5,6.6875,13,5,4,2,16,2379,1428,951,314,611,1768,6.65185881462799,7.02085434173669,6.09778351209253,6.15557324840764,6.66581505728314,6.64703570135746,176
"173",2016,6,6.30384615384615,13,6.80555555555556,5.175,3,3,6.57916666666667,9,4,1,1,12,2392,1437,955,315,612,1780,6.64996744147157,7.0195059151009,6.09391845026178,6.14555555555555,6.6598251633987,6.64657815730337,177
"174",2016,7,6.25294117647059,17,6.2,6.3125,7,6,6.28666666666667,9,8,1,2,15,2409,1446,963,316,614,1795,6.64716567870485,7.01440525587828,6.0957342886812,6.14825949367088,6.65767589576547,6.64357054038997,178
"175",2016,8,6.25882352941176,17,7.19,4.92857142857143,4,4.83333333333333,6.56428571428571,10,7,2,3,14,2426,1456,970,318,617,1809,6.64444440230832,7.01561126373626,6.08731146391753,6.13474842767295,6.64880551053485,6.64295694859038,179
"176",2016,9,6.50526315789474,19,6.78571428571429,6.34166666666667,6.75,6.66666666666667,6.475,7,12,4,3,16,2445,1463,982,322,620,1825,6.64336283026585,7.01451127819549,6.09041967413442,6.14239130434783,6.64889193548387,6.64148444931507,180
"177",2016,10,7,22,6.85714285714286,7.25,7,6.75,7.05555555555556,14,8,1,4,18,2467,1477,990,323,624,1843,6.64654321848399,7.01301963439404,6.09979002020202,6.14504643962848,6.64954006410257,6.64552855127509,181
"178",2016,11,6.38888888888889,18,6.91666666666667,5.33333333333333,4.33333333333333,6.5,6.375,12,6,3,2,16,2485,1489,996,326,626,1859,6.64467690945674,7.01224311618536,6.09517281124498,6.12837423312883,6.64906230031949,6.64320017213555,182
"179",2016,12,6.56521739130435,23,6.52272727272727,7.5,NA,NA,6.56521739130435,22,1,0,0,23,2508,1511,997,326,626,1882,6.64394821371611,7.00511581733951,6.09658186559679,6.12837423312883,6.64906230031949,6.642247141339,183
"180",2017,1,6.31612903225806,31,6.62105263157895,5.83333333333333,6.3,6.12,6.35384615384615,19,12,3,5,26,2539,1530,1009,329,631,1908,6.63994569515557,7.00034640522876,6.0934510604559,6.12993920972644,6.64487004754359,6.63831714884696,184
"181",2017,2,6.68461538461538,26,7.02777777777778,5.9125,8,5.775,6.85,18,8,1,4,22,2565,1548,1017,330,635,1930,6.64039848732943,7.000665374677,6.09202764995084,6.13560606060606,6.63939055118111,6.64073011398964,185
"182",2017,3,5.89,20,6.59090909090909,5.03333333333333,5.25,5,5.93684210526316,11,9,2,1,19,2585,1559,1026,332,636,1949,6.63459269632495,6.9977742142399,6.08274085769981,6.13027108433735,6.63681289308176,6.63386819907645,186
"183",2017,4,6.19,20,6.18,6.2,6.75,8,6.09473684210526,10,10,4,1,19,2605,1569,1036,336,637,1968,6.63117931669865,6.99256214149139,6.0838727027027,6.13764880952381,6.63895290423862,6.62866317073171,187
"184",2017,5,6.5,17,7.0625,6,6,5.66666666666667,6.67857142857143,8,9,4,3,14,2622,1577,1045,340,640,1982,6.63032880244088,6.99291693088142,6.08315035406699,6.1360294117647,6.6343953125,6.6290157013118,188
"185",2017,6,6.70357142857143,14,6.87222222222222,6.4,6,6.75,6.69090909090909,9,5,2,3,11,2636,1586,1050,342,643,1993,6.63071779969651,6.99223203026482,6.08465916190476,6.13523391812865,6.63493468118196,6.62935731058705,189
"186",2017,7,6.58125,16,6.8,5.63333333333333,4,7.36666666666667,6.4,13,3,1,3,13,2652,1599,1053,343,646,2006,6.63041935143288,6.99066916823014,6.08337333333333,6.12900874635568,6.63833281733747,6.62787094715852,190
"187",2017,8,6.58571428571429,21,7.02307692307692,5.875,6,6.33333333333333,6.62777777777778,13,8,1,3,18,2673,1612,1061,344,649,2024,6.63006813318368,6.99093052109181,6.0818021866164,6.12863372093023,6.63692295839754,6.62787011857707,191
"188",2017,9,6.16666666666667,15,6.5625,5.71428571428571,6,NA,6.16666666666667,8,7,2,0,15,2688,1620,1068,346,649,2039,6.6274821875,6.98881481481481,6.07939337078652,6.1278901734104,6.63692295839754,6.62447725355566,192
"189",2017,10,6.64423076923077,26,6.53571428571429,7.1,6.5,6.25,6.71590909090909,21,5,1,4,22,2714,1641,1073,347,653,2061,6.62764263817243,6.98301645338208,6.08414922646785,6.12896253602305,6.63455283307811,6.62545323629306,193
"190",2017,11,6.390625,32,6.775,5.75,5.5,8.16666666666667,6.20689655172414,20,12,2,3,29,2746,1661,1085,349,656,2090,6.62488059723233,6.98051173991571,6.08045356682028,6.12535816618911,6.64155945121952,6.61964551196172,194
"191",2017,12,6.60714285714286,21,6.89583333333333,6.22222222222222,5.66666666666667,7,6.5875,12,9,3,1,20,2767,1673,1094,352,657,2110,6.62474597759306,6.97990436341901,6.08161985374772,6.12144886363636,6.64210502283106,6.61934081516587,195
"192",2018,1,6.597,30,6.74590909090909,6.1875,7,7.83333333333333,6.45962962962963,22,8,4,3,27,2797,1695,1102,356,660,2137,6.62444838040758,6.97686725663717,6.08238849364791,6.1313202247191,6.6475196969697,6.61732293869911,196
"193",2018,2,7.1875,12,7.5,6.5625,6,6,7.29545454545455,8,4,2,1,11,2809,1703,1106,358,661,2148,6.62685372730509,6.97932472108044,6.08412488245931,6.13058659217877,6.64654009077156,6.62079567970205,197
"194",2018,3,6.353125,16,7,5.52142857142857,5,6.425,6.34285714285714,9,7,2,2,14,2825,1712,1113,360,663,2162,6.62530340530973,6.97943341121495,6.08058591194969,6.12430555555555,6.6458717948718,6.61899589269195,198
"195",2018,4,6.41666666666667,12,7,5.83333333333333,4.5,6,6.45454545454545,6,6,2,1,11,2837,1718,1119,362,664,2173,6.62442090941135,6.97950523864959,6.07926016085791,6.11533149171271,6.64489909638555,6.61816342383801,199
"196",2018,5,6.744,25,7.00909090909091,6.53571428571429,5.16666666666667,6.75,6.74347826086957,11,14,3,2,23,2862,1729,1133,365,666,2196,6.62546545073375,6.9796934644303,6.08490037069726,6.10753424657534,6.64521471471472,6.61947591985428,200
"197",2018,6,6.1,10,6.16666666666667,6,7,7,6,6,4,1,1,9,2872,1735,1137,366,667,2205,6.62363583565459,6.9768818443804,6.08460168865435,6.10997267759563,6.64574662668666,6.61694744671202,201
"198",2018,7,6.49,10,6.75714285714286,5.86666666666667,4.2,5.83333333333333,6.77142857142857,7,3,1,3,7,2882,1742,1140,367,670,2212,6.6231721443442,6.97599885189437,6.0840281754386,6.10476839237057,6.64210895522389,6.61743631103074,202
"199",2018,8,6.22222222222222,18,6.27777777777778,6.16666666666667,6.5,6,6.28571428571429,9,9,2,4,14,2900,1751,1149,369,674,2226,6.62068348965517,6.9724100513992,6.0846754743255,6.10691056910569,6.63829821958457,6.61535000898472,203
"200",2018,9,6.88461538461539,13,6.95454545454545,6.5,NA,8,6.79166666666667,11,2,0,1,12,2913,1762,1151,369,675,2238,6.6218613525575,6.97229852440408,6.08539715030408,6.10691056910569,6.64031555555556,6.61629540661304,204
"201",2018,10,6.23478260869565,23,6.17058823529412,6.41666666666667,4,NA,6.23478260869565,17,6,1,0,23,2936,1779,1157,370,675,2261,6.6188290599455,6.96463743676222,6.08711505617978,6.10121621621621,6.64031555555556,6.6124144714728,205
"202",2018,11,6.27692307692308,26,6.79411764705882,5.3,3.66666666666667,7.9,6.06521739130435,17,9,3,3,23,2962,1796,1166,373,678,2284,6.61582785955435,6.96302338530066,6.08103955403088,6.08163538873994,6.64588938053098,6.60690416812609,206
"203",2018,12,6.15384615384615,13,7.1,5.05,NA,7.5,6.04166666666667,7,6,0,1,12,2975,1803,1172,373,679,2296,6.61380911596638,6.96355518580144,6.07576119453925,6.08163538873994,6.64714727540501,6.60394996515679,207
"204",2019,1,6.396875,32,6.74285714285714,5.73636363636364,4.7,5.75,6.44,21,11,5,2,30,3007,1824,1183,378,681,2326,6.61150053874293,6.96101425438596,6.07260534234996,6.06335978835979,6.64451248164464,6.60183539122958,208
"205",2019,2,6.775,12,7.05,5.4,5.8,5,6.93636363636364,10,2,1,1,11,3019,1834,1185,379,682,2337,6.61215042066909,6.96149945474373,6.07147014345992,6.06266490765171,6.64210117302053,6.60340997860505,209
"206",2019,3,5.79444444444444,18,6.375,5.33,4.66666666666667,5.6,5.83333333333333,8,10,3,3,15,3037,1842,1195,382,685,2352,6.60730395785314,6.95895222584147,6.06526537238494,6.05170157068063,6.63753722627738,6.5984987755102,210
"207",2019,4,6.45,24,6.7,6.27142857142857,5.47142857142857,7.5,6.35454545454545,10,14,7,2,22,3061,1852,1209,389,687,2374,6.60607060437765,6.95755399568034,6.06765270471464,6.04125964010283,6.6400480349345,6.59623804549284,211
"208",2019,5,6.56153846153846,13,6.975,5.9,5.5,NA,6.56153846153846,8,5,2,0,13,3074,1860,1214,391,687,2387,6.6058822771633,6.95762903225806,6.06696220757826,6.03849104859335,6.6400480349345,6.59604906577293,212
"209",2019,6,6.42857142857143,14,6.5,6.25,7,6.5,6.41666666666667,10,4,1,2,12,3088,1870,1218,392,689,2399,6.60507840673575,6.95518181818182,6.06756331691297,6.04094387755102,6.63964150943397,6.59515177990829,213
"210",2019,7,6.0206665,20,5.869583125,6.625,6,7.5,5.94280684210526,16,4,1,1,19,3108,1886,1222,393,690,2418,6.60131771235521,6.94597207317073,6.06938798690671,6.04083969465649,6.64088840579711,6.59002582712986,214
"211",2019,8,6.67121227272727,22,6.860416875,6.16666666666667,6,7.5,6.5883335,16,6,2,2,20,3130,1902,1228,395,692,2438,6.60180898402556,6.9452523659306,6.06986328990228,6.0406329113924,6.64337138728324,6.59001194421657,215
"212",2019,9,6.86842105263158,19,7.02941176470588,5.5,7,5.83333333333333,7.0625,17,2,1,3,16,3149,1919,1230,396,695,2454,6.60341763099396,6.94599791558103,6.06893668292683,6.04305555555556,6.63987482014389,6.59309255093724,216
"213",2019,10,6.54166666666667,18,6.4,6.71875,8.5,8.75,6.265625,10,8,1,2,16,3167,1929,1238,397,697,2470,6.60306666245658,6.94316744427164,6.0731357996769,6.0492443324937,6.64592969870876,6.59097130364372,217
"214",2019,11,6.39428571428571,14,6.835,3.75,3.75,6,6.42461538461538,12,2,2,1,13,3181,1941,1240,399,698,2483,6.60214779000314,6.94249871200412,6.06938880645161,6.03771929824561,6.64500429799427,6.59010033024567,218
"215",2019,12,5.95384615384615,26,5.90555555555556,6.0625,6.5,6.25,5.92916666666667,18,8,2,2,24,3207,1959,1248,401,700,2507,6.59689183660742,6.9329709035222,6.0693446474359,6.04002493765586,6.64387571428572,6.58377308336657,219
"216",2020,1,6.45,42,6.53,6.25,6,6.65,6.41666666666667,30,12,2,6,36,3249,1989,1260,403,706,2543,6.59499295783318,6.92689291101056,6.07106517460318,6.03982630272953,6.64392776203966,6.58140744003146,220
"217",2020,2,6.68421052631579,19,6.8125,6,5,6.66666666666667,6.6875,16,3,1,3,16,3268,2005,1263,404,709,2559,6.59551166462668,6.92598004987531,6.07089637371338,6.03725247524752,6.64402397743301,6.58207077764752,221
"218",2020,3,6.41666666666667,18,6.5,5.75,NA,NA,6.41666666666667,16,2,0,0,18,3286,2021,1265,404,709,2577,6.59453199026171,6.9226076199901,6.07038902766799,6.03725247524752,6.64402397743301,6.58091545207606,222
"219",2020,4,6.91176470588235,17,6.85,7,8,6.83333333333333,6.92857142857143,10,7,1,3,14,3303,2031,1272,405,712,2591,6.59616473508931,6.92225012309207,6.07550481132076,6.0420987654321,6.64482162921349,6.58279394828252,223
"220",2020,5,6.40740740740741,27,6.54545454545455,5.8,NA,6.83333333333333,6.35416666666667,22,5,0,3,24,3330,2053,1277,405,715,2615,6.59463427027027,6.91821237213833,6.07442609240408,6.0420987654321,6.64561258741259,6.58069564818356,224
"221",2020,6,6.37666666666667,30,6.64782608695652,5.48571428571429,6.25,7,6.33214285714286,23,7,2,2,28,3360,2076,1284,407,717,2643,6.59268813095238,6.91521676300578,6.07121660436137,6.04312039312039,6.64660111576012,6.57806247446084,225
"222",2020,7,6.42857142857143,14,7.11111111111111,5.2,5,4,6.61538461538461,9,5,2,1,13,3374,2085,1289,409,718,2656,6.59200714878482,6.9160623501199,6.06783717610551,6.0380195599022,6.64291504178273,6.57824515060241,226
"223",2020,8,6.97,20,7.49090909090909,6.33333333333333,5.5,6.84,7.01333333333333,11,9,3,5,15,3394,2096,1298,412,723,2671,6.59423456688273,6.91907919847328,6.06967805855162,6.03410194174757,6.64427800829876,6.58068855110445,227
"224",2020,9,5.78260869565217,23,6.68181818181818,4.95833333333333,4.5,4.7,6.08333333333333,11,12,2,5,18,3417,2107,1310,414,728,2689,6.5887714720515,6.91784053156146,6.05949780152672,6.02669082125604,6.63092445054945,6.57735928597992,228
"225",2020,10,6.738889,30,6.63125,6.861905,6,7,6.6866668,16,14,1,5,25,3447,2123,1324,415,733,2714,6.59007797795184,6.91568064060292,6.06798246978852,6.0266265060241,6.63344201909959,6.57836617170228,229
"226",2020,11,6.50333333333333,30,6.42962962962963,7.16666666666667,7.5,4.66666666666667,6.70740740740741,27,3,1,3,27,3477,2150,1327,416,736,2741,6.5893295340811,6.90957674418604,6.07046630746044,6.03016826923077,6.62542527173913,6.57963728201386,230
"227",2020,12,6.60535714285714,28,6.8,6.11875,6.4875,7.13571428571429,6.42857142857143,20,8,4,7,21,3505,2170,1335,420,743,2762,6.58945757203994,6.9085668202765,6.07075564794008,6.03452380952381,6.6302328398385,6.57848870021723,231
"228",2021,1,6.26971428571429,35,6.36307692307692,6,6.25,6.5,6.24,26,9,2,4,31,3540,2196,1344,422,747,2793,6.58629626836158,6.90210837887067,6.07028183779762,6.03554502369668,6.62953547523427,6.57473175438596,232
"229",2021,2,6.32352941176471,17,7.13636363636364,4.83333333333333,3.33333333333333,5,6.40625,11,6,3,1,16,3557,2207,1350,425,748,2809,6.58504042451504,6.9032759401903,6.06478428888889,6.01647058823529,6.62735695187166,6.57377208615165,233
"230",2021,3,6.55294117647059,17,6.70714285714286,5.83333333333333,4,6.83333333333333,6.49285714285714,14,3,1,3,14,3574,2221,1353,426,751,2823,6.58488774202574,6.90203962179198,6.06427109386549,6.01173708920188,6.62817976031958,6.57337080765143,234
"231",2021,4,5.84210526315789,19,7,3.85714285714286,NA,7.33333333333333,5.5625,12,7,0,3,16,3593,2233,1360,426,754,2839,6.58095986362371,6.90256605463502,6.052910875,6.01173708920188,6.63098541114059,6.56767375484325,235
"232",2021,5,6.45,18,6.71666666666667,5.91666666666667,5.83333333333333,NA,6.45,12,6,3,0,18,3611,2245,1366,429,754,2857,6.58030705898643,6.90157238307349,6.05231243777453,6.01048951048951,6.63098541114059,6.56693237311865,236
"233",2021,6,6.51875,16,6.57272727272727,6.4,6.25,5,6.62,11,5,4,1,15,3627,2256,1371,433,755,2872,6.58003550868486,6.8999689716312,6.05358044493071,6.01270207852194,6.62882516556292,6.56720953690808,237
"234",2021,7,6.77315789473684,19,7.09090909090909,6.33625,6.23,10,6.59388888888889,11,8,3,1,18,3646,2267,1379,436,756,2890,6.58104190619857,6.90089545655051,6.0552202973169,6.01419724770642,6.63328439153439,6.56737570588235,238
"235",2021,8,6.38259259259259,27,6.78052631578947,5.4375,5.875,5.72875,6.65789473684211,19,8,4,8,19,3673,2286,1387,440,764,2909,6.57958311734277,6.89989501312336,6.05165738284067,6.01293181818182,6.62381282722513,6.56796692677896,239
"236",2021,9,6.11904761904762,21,6.29411764705882,5.375,5.25,NA,6.11904761904762,17,4,2,0,21,3694,2303,1391,442,764,2930,6.57696502165674,6.89542336083369,6.04971156721783,6.00947963800905,6.62381282722513,6.56474941638225,240
"237",2021,10,6.73076923076923,26,6.9,6.56153846153846,6.625,6.54,6.77619047619048,13,13,4,5,21,3720,2316,1404,446,769,2951,6.57803999731182,6.89544905008635,6.05445070512821,6.015,6.62326788036411,6.56625407997289,241
"238",2021,11,6.23869565217391,23,6.82111111111111,5.86428571428571,4.5,6.10833333333333,6.28470588235294,9,14,2,6,17,3743,2325,1418,448,775,2968,6.57595479294683,6.89516129032258,6.05257319464034,6.00823660714286,6.61928129032258,6.56464143867924,242
"239",2021,12,6.57195413793103,29,6.79921588235294,6.25,6.16666666666667,6.875,6.5234668,17,12,3,4,25,3772,2342,1430,451,779,2993,6.57592403499469,6.89446484628522,6.05422992307693,6.00929046563193,6.62059435173299,6.5642975141998,243
"240",2022,1,6.16666666666667,33,5.95,6.5,6.1875,7,6.140625,20,13,8,1,32,3805,2362,1443,459,780,3025,6.57237462812089,6.88646768416596,6.05824586971587,6.01239651416122,6.62108076923077,6.5598156892562,244
"241",2022,2,6.82125,28,6.88071428571429,6.64285714285714,8,7.225,6.65975,21,7,1,8,20,3833,2383,1450,460,788,3045,6.57419265849204,6.88641698279479,6.06106813103449,6.01671739130435,6.62721192893401,6.56047207224959,245
"242",2022,3,7.08571428571429,28,7.10909090909091,7,NA,6.33333333333333,7.176,22,6,0,3,25,3861,2405,1456,460,791,3070,6.57790221704221,6.88845391683992,6.06493735576923,6.01671739130435,6.62609734513275,6.56548451465798,246
"243",2022,4,6.8762962962963,27,6.848,7.23,NA,6.61,6.95238095238095,25,2,0,6,21,3888,2430,1458,460,797,3091,6.57997439814815,6.88803772427983,6.06653552126201,6.01671739130435,6.62597616060226,6.56811305726302,247
"244",2022,5,6.25,12,6.91666666666667,5.58333333333333,6,5,6.36363636363636,6,6,1,1,11,3900,2436,1464,461,798,3102,6.57895909230769,6.88810823891626,6.06455518442623,6.01668112798265,6.62393859649123,6.56738796260477,248
"245",2022,6,5.675,20,6.375,5.20833333333333,4.33333333333333,6.5,5.58333333333333,8,12,3,2,18,3920,2444,1476,464,800,3120,6.57434705612245,6.88642867021276,6.05759403116531,6.0057974137931,6.62362875,6.56171072435897,249
"246",2022,7,6.45,10,5.66,7.24,7,NA,6.45,5,5,1,0,10,3930,2449,1481,465,800,3130,6.57403065139949,6.88392473254389,6.06158594868332,6.00793548387097,6.62362875,6.56135382108626,250
"247",2022,8,6.91515151515152,33,6.92,6.9,7,7.33333333333333,6.87333333333333,25,8,1,3,30,3963,2474,1489,466,803,3160,6.57687117335352,6.88428927647534,6.06609052384151,6.0100643776824,6.6262801992528,6.56431565189873,251
"248",2022,9,6.7,15,6.68181818181818,6.75,7.5,7.25,6.61538461538461,11,4,1,2,13,3978,2485,1493,467,805,3173,6.57733546003016,6.88339302615694,6.0679228332217,6.01325481798715,6.6278298136646,6.56452488496691,252
"249",2022,10,6.74074074074074,27,7.16666666666667,5.25,NA,8,6.64,21,6,0,2,25,4005,2506,1499,467,807,3198,6.57843706866417,6.88576682761373,6.06464895930621,6.01325481798715,6.63123048327138,6.56511490306441,253
"250",2022,11,6.77,20,6.77272727272727,6.76666666666667,6.66666666666667,7,6.7578947368421,11,9,3,1,19,4025,2517,1508,470,808,3217,6.57938893416149,6.88527281287247,6.06883872015915,6.01742553191489,6.63168688118812,6.56625348461299,254
"251",2022,12,6.20769230769231,26,6.27857142857143,6.125,5.5,5,6.256,14,12,2,1,25,4051,2531,1520,472,809,3242,6.57700332263638,6.88191689845911,6.06928209868421,6.01523305084746,6.62966996291718,6.56386103022825,255
