"","year","month","avg_rating","no_ratings","avg_rating_owned","avg_rating_not_owned","avg_rating_prev_owned","avg_rating_comment","avg_rating_no_comment","no_ratings_owned","no_ratings_not_owned","no_ratings_prev_owned","no_ratings_comment","no_ratings_no_comment","cum_no_ratings","cum_no_ratings_owned","cum_no_ratings_not_owned","cum_no_ratings_prev_owned","cum_no_ratings_comment","cum_no_ratings_no_comment","cum_avg_rating","cum_avg_rating_owned","cum_avg_rating_not_owned","cum_avg_rating_prev_owned","cum_avg_rating_comment","cum_avg_rating_no_comment","month_after_release"
"1",2001,5,7,1,7,NA,NA,7,NA,1,0,0,1,0,1,1,0,0,1,0,7,7,NA,NA,7,NA,0
"2",2001,6,7,1,7,NA,NA,7,NA,1,0,0,1,0,2,2,0,0,2,0,7,7,NA,NA,7,NA,1
"3",2001,7,8,1,8,NA,NA,NA,8,1,0,0,0,1,3,3,0,0,2,1,7.33333333333333,7.33333333333333,NA,NA,7,8,2
"4",2001,8,7.5,2,7.5,NA,NA,8,7,2,0,0,1,1,5,5,0,0,3,2,7.4,7.4,NA,NA,7.33333333333333,7.5,3
"5",2001,9,7.5,2,7.5,NA,NA,7.5,NA,2,0,0,2,0,7,7,0,0,5,2,7.42857142857143,7.42857142857143,NA,NA,7.4,7.5,4
"6",2001,10,6.5,3,6,7.5,NA,7.5,6,2,1,0,1,2,10,9,1,0,6,4,7.15,7.11111111111111,7.5,NA,7.41666666666667,6.75,5
"7",2001,11,7.33333333333333,3,7.33333333333333,NA,NA,8,7,3,0,0,1,2,13,12,1,0,7,6,7.19230769230769,7.16666666666667,7.5,NA,7.5,6.83333333333333,6
"8",2001,12,4,3,4,4,NA,2,5,1,2,0,1,2,16,13,3,0,8,8,6.59375,6.92307692307692,5.16666666666667,NA,6.8125,6.375,7
"9",2002,1,8.5,2,8.5,NA,NA,7,10,2,0,0,1,1,18,15,3,0,9,9,6.80555555555556,7.13333333333333,5.16666666666667,NA,6.83333333333333,6.77777777777778,8
"10",2002,2,6.5,2,6.5,NA,NA,6.5,NA,2,0,0,2,0,20,17,3,0,11,9,6.775,7.05882352941176,5.16666666666667,NA,6.77272727272727,6.77777777777778,9
"11",2002,4,7.75,4,8,7,NA,7,8,3,1,0,1,3,24,20,4,0,12,12,6.9375,7.2,5.625,NA,6.79166666666667,7.08333333333333,11
"12",2002,5,5.8,5,5.75,6,NA,NA,5.8,4,1,0,0,5,29,24,5,0,12,17,6.74137931034483,6.95833333333333,5.7,NA,6.79166666666667,6.70588235294118,12
"13",2002,6,6,2,6,6,NA,NA,6,1,1,0,0,2,31,25,6,0,12,19,6.69354838709677,6.92,5.75,NA,6.79166666666667,6.63157894736842,13
"14",2002,7,7,4,7,NA,NA,7,7,4,0,0,1,3,35,29,6,0,13,22,6.72857142857143,6.93103448275862,5.75,NA,6.80769230769231,6.68181818181818,14
"15",2002,8,7.66666666666667,3,8,7,NA,7,8,2,1,0,1,2,38,31,7,0,14,24,6.80263157894737,7,5.92857142857143,NA,6.82142857142857,6.79166666666667,15
"16",2002,9,5.33333333333333,3,6,5,7,4.5,7,1,2,1,2,1,41,32,9,1,16,25,6.69512195121951,6.96875,5.72222222222222,7,6.53125,6.8,16
"17",2002,10,6.875,8,6.85714285714286,7,NA,6.5,7,7,1,0,2,6,49,39,10,1,18,31,6.72448979591837,6.94871794871795,5.85,7,6.52777777777778,6.83870967741935,17
"18",2002,11,7.5,1,NA,7.5,7.5,NA,7.5,0,1,1,0,1,50,39,11,2,18,32,6.74,6.94871794871795,6,7.25,6.52777777777778,6.859375,18
"19",2002,12,7,1,7,NA,NA,NA,7,1,0,0,0,1,51,40,11,2,18,33,6.74509803921569,6.95,6,7.25,6.52777777777778,6.86363636363636,19
"20",2003,1,6.5,5,6.33333333333333,6.75,7.5,6.33333333333333,6.75,3,2,1,3,2,56,43,13,3,21,35,6.72321428571429,6.90697674418605,6.11538461538461,7.33333333333333,6.5,6.85714285714286,20
"21",2003,2,7.5,2,7.5,NA,NA,NA,7.5,2,0,0,0,2,58,45,13,3,21,37,6.75,6.93333333333333,6.11538461538461,7.33333333333333,6.5,6.89189189189189,21
"22",2003,3,4,2,NA,4,NA,4,NA,0,2,0,2,0,60,45,15,3,23,37,6.65833333333333,6.93333333333333,5.83333333333333,7.33333333333333,6.28260869565217,6.89189189189189,22
"23",2003,4,7.25,4,7.25,NA,NA,NA,7.25,4,0,0,0,4,64,49,15,3,23,41,6.6953125,6.95918367346939,5.83333333333333,7.33333333333333,6.28260869565217,6.92682926829268,23
"24",2003,5,7.16666666666667,6,7.25,7.125,7,6.5,7.5,2,4,1,2,4,70,51,19,4,25,45,6.73571428571429,6.97058823529412,6.10526315789474,7.25,6.3,6.97777777777778,24
"25",2003,6,6.28571428571429,7,5.5,6.6,NA,5.75,7,2,5,0,4,3,77,53,24,4,29,48,6.69480519480519,6.91509433962264,6.20833333333333,7.25,6.22413793103448,6.97916666666667,25
"26",2003,7,5.97727272727273,22,6.77777777777778,5.42307692307692,3.5,6.42857142857143,5.76666666666667,9,13,1,7,15,99,62,37,5,36,63,6.53535353535354,6.89516129032258,5.93243243243243,6.5,6.26388888888889,6.69047619047619,26
"27",2003,8,7.05555555555556,9,8.125,6.2,6.5,6.5,7.21428571428571,4,5,2,2,7,108,66,42,7,38,70,6.5787037037037,6.96969696969697,5.96428571428571,6.5,6.27631578947368,6.74285714285714,27
"28",2003,9,6.46875,16,7,5.58333333333333,NA,6.5,6.46153846153846,10,6,0,3,13,124,76,48,7,41,83,6.56451612903226,6.97368421052632,5.91666666666667,6.5,6.29268292682927,6.69879518072289,28
"29",2003,10,5.625,8,5.5,5.75,NA,5.66666666666667,5.6,4,4,0,3,5,132,80,52,7,44,88,6.50757575757576,6.9,5.90384615384615,6.5,6.25,6.63636363636364,29
"30",2003,11,7.5,2,7.5,NA,NA,8,7,2,0,0,1,1,134,82,52,7,45,89,6.52238805970149,6.91463414634146,5.90384615384615,6.5,6.28888888888889,6.64044943820225,30
"31",2003,12,6.23076923076923,13,6.85714285714286,5.5,NA,6.25,6.22222222222222,7,6,0,4,9,147,89,58,7,49,98,6.49659863945578,6.91011235955056,5.86206896551724,6.5,6.28571428571429,6.60204081632653,31
"32",2004,1,7.08333333333333,12,7.125,7,6,6.875,7.1875,8,4,1,4,8,159,97,62,8,53,106,6.54088050314465,6.92783505154639,5.93548387096774,6.4375,6.33018867924528,6.64622641509434,32
"33",2004,2,6.86363636363636,11,7.57142857142857,5.625,NA,6.16666666666667,7.125,7,4,0,3,8,170,104,66,8,56,114,6.56176470588235,6.97115384615385,5.91666666666667,6.4375,6.32142857142857,6.67982456140351,33
"34",2004,3,6.33333333333333,9,7.2,5.25,5,7.33333333333333,5.83333333333333,5,4,2,3,6,179,109,70,10,59,120,6.55027932960894,6.98165137614679,5.87857142857143,6.15,6.3728813559322,6.6375,34
"35",2004,4,6.5,10,6.8,6.2,7,7,6.28571428571429,5,5,1,3,7,189,114,75,11,62,127,6.54761904761905,6.97368421052632,5.9,6.22727272727273,6.40322580645161,6.61811023622047,35
"36",2004,5,5.8,5,6.5,3,NA,7,5.5,4,1,0,1,4,194,118,76,11,63,131,6.52835051546392,6.95762711864407,5.86184210526316,6.22727272727273,6.41269841269841,6.58396946564886,36
"37",2004,6,7.08333333333333,6,7.1,7,NA,7.625,6,5,1,0,4,2,200,123,77,11,67,133,6.545,6.96341463414634,5.87662337662338,6.22727272727273,6.48507462686567,6.57518796992481,37
"38",2004,7,6.66666666666667,3,7,6,NA,6,7,2,1,0,1,2,203,125,78,11,68,135,6.54679802955665,6.964,5.87820512820513,6.22727272727273,6.47794117647059,6.58148148148148,38
"39",2004,8,5.375,8,6.6,3.33333333333333,NA,6,5,5,3,0,3,5,211,130,81,11,71,140,6.50236966824645,6.95,5.78395061728395,6.22727272727273,6.45774647887324,6.525,39
"40",2004,9,6.125,4,6.75,5.5,NA,8.5,5.33333333333333,2,2,0,1,3,215,132,83,11,72,143,6.4953488372093,6.9469696969697,5.77710843373494,6.22727272727273,6.48611111111111,6.5,40
"41",2004,10,6.33333333333333,9,6.625,4,NA,6.66666666666667,6.16666666666667,8,1,0,3,6,224,140,84,11,75,149,6.48883928571429,6.92857142857143,5.75595238095238,6.22727272727273,6.49333333333333,6.48657718120805,41
"42",2004,11,6.5,8,6.7,6.16666666666667,NA,7.75,6.08333333333333,5,3,0,2,6,232,145,87,11,77,155,6.48922413793103,6.92068965517241,5.77011494252874,6.22727272727273,6.52597402597403,6.47096774193548,42
"43",2004,12,5.4,5,8,4.75,NA,8,4.75,1,4,0,1,4,237,146,91,11,78,159,6.4662447257384,6.92808219178082,5.72527472527473,6.22727272727273,6.54487179487179,6.42767295597484,43
"44",2005,1,6.63636363636364,11,7.4,6,NA,5.66666666666667,7,5,6,0,3,8,248,151,97,11,81,167,6.47379032258065,6.94370860927152,5.74226804123711,6.22727272727273,6.51234567901235,6.45508982035928,44
"45",2005,2,7.04545454545455,11,7.05,7,7,7.08333333333333,7,10,1,1,6,5,259,161,98,12,87,172,6.4980694980695,6.95031055900621,5.75510204081633,6.29166666666667,6.55172413793103,6.47093023255814,45
"46",2005,3,6.34285714285714,7,6.33333333333333,6.35,NA,5.3,7.125,3,4,0,3,4,266,164,102,12,90,176,6.49398496240602,6.9390243902439,5.77843137254902,6.29166666666667,6.51,6.48579545454545,46
"47",2005,4,7.15,10,7.28571428571429,6.83333333333333,6.5,6.9,7.4,7,3,1,5,5,276,171,105,13,95,181,6.51775362318841,6.95321637426901,5.80857142857143,6.30769230769231,6.53052631578947,6.51104972375691,47
"48",2005,5,6.9,15,6.83333333333333,7,NA,7.33333333333333,6.61111111111111,9,6,0,6,9,291,180,111,13,101,190,6.53745704467354,6.94722222222222,5.87297297297297,6.30769230769231,6.57821782178218,6.51578947368421,48
"49",2005,6,7.66666666666667,3,7.66666666666667,NA,NA,8,7.5,3,0,0,1,2,294,183,111,13,102,192,6.54897959183674,6.95901639344262,5.87297297297297,6.30769230769231,6.5921568627451,6.52604166666667,49
"50",2005,7,7.3,5,7.375,7,NA,7.16666666666667,7.5,4,1,0,3,2,299,187,112,13,105,194,6.56153846153846,6.96791443850267,5.88303571428571,6.30769230769231,6.60857142857143,6.5360824742268,50
"51",2005,8,6.80769230769231,13,6.6875,7,6.5,6.91666666666667,6.71428571428571,8,5,2,6,7,312,195,117,15,111,201,6.57179487179487,6.95641025641026,5.93076923076923,6.33333333333333,6.62522522522522,6.54228855721393,51
"52",2005,9,7.2,5,7,8,8,7.2,NA,4,1,1,5,0,317,199,118,16,116,201,6.58170347003155,6.9572864321608,5.94830508474576,6.4375,6.65,6.54228855721393,52
"53",2005,10,6.55833333333333,18,6.75555555555556,6.36111111111111,7,6.75,6.25714285714286,9,9,3,11,7,335,208,127,19,127,208,6.58044776119403,6.94855769230769,5.97755905511811,6.52631578947368,6.65866141732283,6.53269230769231,53
"54",2005,11,6.69444444444444,18,7.1875,6.3,4,6.77777777777778,6.61111111111111,8,10,1,9,9,353,216,137,20,136,217,6.58626062322946,6.95740740740741,6.00109489051095,6.4,6.66654411764706,6.53594470046083,54
"55",2005,12,6.40625,16,6.94444444444444,5.71428571428571,NA,5.78571428571429,6.88888888888889,9,7,0,7,9,369,225,144,20,143,226,6.57845528455285,6.95688888888889,5.98715277777778,6.4,6.62342657342657,6.55,55
"56",2006,1,6.23076923076923,13,6.66666666666667,5.85714285714286,6.5,5.83333333333333,6.57142857142857,6,7,2,6,7,382,231,151,22,149,233,6.56662303664922,6.94935064935065,5.98112582781457,6.40909090909091,6.59161073825503,6.55064377682403,56
"57",2006,2,6.7,4,7,6.4,NA,6.7,NA,2,2,0,4,0,386,233,153,22,153,233,6.56800518134715,6.94978540772532,5.98660130718954,6.40909090909091,6.59444444444444,6.55064377682403,57
"58",2006,3,6.40909090909091,11,7,4.83333333333333,NA,6.75,6.33333333333333,8,3,0,2,9,397,241,156,22,155,242,6.56360201511335,6.95145228215768,5.96442307692308,6.40909090909091,6.59645161290323,6.54256198347107,58
"59",2006,4,6.68571428571429,7,7,5.9,NA,6,6.8,5,2,0,1,6,404,246,158,22,156,248,6.56571782178218,6.95243902439024,5.96360759493671,6.40909090909091,6.5926282051282,6.54879032258065,59
"60",2006,5,6.78571428571429,7,7.2,5.75,6.5,5,7.08333333333333,5,2,1,1,6,411,251,160,23,157,254,6.56946472019465,6.95737051792829,5.9609375,6.41304347826087,6.58248407643312,6.56141732283465,60
"61",2006,6,7.15,12,7.38,6,NA,7.8,6.68571428571429,10,2,0,5,7,423,261,162,23,162,261,6.58593380614658,6.9735632183908,5.96141975308642,6.41304347826087,6.62006172839506,6.56475095785441,61
"62",2006,7,6.65384615384615,13,7.3,6.25,NA,6.5,6.78571428571429,5,8,0,6,7,436,266,170,23,168,268,6.58795871559633,6.9796992481203,5.975,6.41304347826087,6.61577380952381,6.5705223880597,62
"63",2006,8,6,10,6.83333333333333,4.75,NA,6,6,6,4,0,4,6,446,272,174,23,172,274,6.57477578475337,6.97647058823529,5.94683908045977,6.41304347826087,6.60145348837209,6.55802919708029,63
"64",2006,9,6.56666666666667,18,7.12,5.875,5,6.67692307692308,6.28,10,8,1,13,5,464,282,182,24,185,279,6.57446120689655,6.98156028368794,5.94368131868132,6.35416666666667,6.60675675675676,6.55304659498208,64
"65",2006,10,6.6,10,8,5.2,NA,6.5,6.66666666666667,5,5,0,4,6,474,287,187,24,189,285,6.575,6.9993031358885,5.92379679144385,6.35416666666667,6.60449735449735,6.55543859649123,65
"66",2006,11,6.71875,16,6.7,6.72727272727273,6,6.58333333333333,6.8,5,11,1,6,10,490,292,198,25,195,295,6.57969387755102,6.99417808219178,5.96843434343434,6.34,6.60384615384615,6.56372881355932,66
"67",2006,12,7.17647058823529,17,7.5,6.71428571428571,NA,7.125,7.19230769230769,10,7,0,4,13,507,302,205,25,199,308,6.59970414201184,7.01092715231788,5.99390243902439,6.34,6.6143216080402,6.59025974025974,67
"68",2007,1,6.035,20,6.72,5.35,5.5,6.17,5.9,10,10,2,10,10,527,312,215,27,209,318,6.57827324478179,7.00160256410256,5.96395348837209,6.27777777777778,6.59306220095694,6.5685534591195,68
"69",2007,2,6.64347133333333,15,6.61111111111111,6.69201166666667,6,6.41666666666667,6.79467444444444,9,6,1,6,9,542,321,221,28,215,327,6.5800776199262,6.99065420560748,5.98371977375566,6.26785714285714,6.58813953488372,6.57477697247706,69
"70",2007,3,6.71428571428571,7,6,7,7,6.33333333333333,7,2,5,1,3,4,549,323,226,29,218,331,6.58178883424408,6.98452012383901,6.00620384955752,6.29310344827586,6.58463302752294,6.57991561933535,70
"71",2007,4,5.64285714285714,7,7,5.41666666666667,NA,5.5,5.83333333333333,1,6,0,4,3,556,324,232,29,222,334,6.56996775179856,6.98456790123457,5.99095719827586,6.29310344827586,6.56509009009009,6.57320979041916,71
"72",2007,5,5.78571428571429,7,8,5.41666666666667,5,5.58333333333333,7,1,6,2,6,1,563,325,238,31,228,335,6.56021682060391,6.98769230769231,5.97647928571429,6.20967741935484,6.53925438596491,6.57448379104478,72
"73",2007,6,6.97727272727273,11,7.8125,6.5,6,6.85,7.08333333333333,4,7,1,5,6,574,329,245,32,233,341,6.56820918118467,6.99772036474164,5.99143702040816,6.203125,6.54592274678112,6.58343715542522,73
"74",2007,7,6.66666666666667,6,7.16666666666667,6.16666666666667,7,7,6.5,3,3,1,2,4,580,332,248,33,235,345,6.56922770689655,6.99924698795181,5.99355673387097,6.22727272727273,6.54978723404255,6.58246976811594,74
"75",2007,8,7.40322580645161,31,7.625,7.26315789473684,7,7.5,7.3125,12,19,1,15,16,611,344,267,34,250,361,6.61154184942717,7.02107558139535,6.08390288389513,6.25,6.6068,6.61482567867036,75
"76",2007,9,7.10714285714286,42,7.5,6.32142857142857,6.16666666666667,6.86666666666667,7.24074074074074,28,14,3,15,27,653,372,281,37,265,388,6.64341817764166,7.05712365591398,6.09573690391459,6.24324324324324,6.62150943396226,6.65838162371134,76
"77",2007,10,6.71333333333333,45,7.1,6.18421052631579,6,6.52941176470588,6.825,26,19,4,17,28,698,398,300,41,282,416,6.6479256017192,7.05992462311558,6.10134023333333,6.21951219512195,6.61595744680851,6.66959632211538,77
"78",2007,11,6.97755102040816,49,7.22692307692308,6.69565217391304,7.25,7.34,6.72758620689655,26,23,6,20,29,747,424,323,47,302,445,6.66954761713521,7.07016509433962,6.14365965944272,6.35106382978723,6.66390728476821,6.67337543820225,78
"79",2007,12,6.35238095238095,63,7.01142857142857,5.52857142857143,6.25,6.34615384615385,6.35675675675676,35,28,4,26,37,810,459,351,51,328,482,6.64487909876543,7.0656862745098,6.09459279202279,6.34313725490196,6.63871951219512,6.6490706846473,79
"80",2008,1,6.77063492063492,63,7.17,6.27142857142857,6.33333333333333,6.53695652173913,6.905,35,28,6,23,40,873,494,379,57,351,522,6.65395426116839,7.07307692307692,6.107657176781,6.34210526315789,6.63205128205128,6.66868212643678,80
"81",2008,2,6.525,32,7.16470588235294,5.8,7,6.77272727272727,6.3952380952381,17,15,3,11,21,905,511,394,60,362,543,6.64939455248619,7.07612524461839,6.09594434010152,6.375,6.63632596685083,6.65810694290976,81
"82",2008,3,6.84772727272727,44,7.68235294117647,6.32222222222222,6.04,7.06,6.67083333333333,17,27,5,20,24,949,528,421,65,382,567,6.65859016859853,7.09564393939394,6.11045622327791,6.34923076923077,6.65850785340314,6.65864562610229,82
"83",2008,4,6.74313725490196,51,7.308,6.2,6.95714285714286,6.77142857142857,6.72333333333333,25,26,7,21,30,1000,553,447,72,403,597,6.66290207,7.10524412296564,6.11566458612975,6.40833333333333,6.66439205955335,6.66189626465662,83
"84",2008,5,6.77631578947368,38,7.29545454545455,6.0625,6,6.75,6.78125,22,16,1,6,32,1038,575,463,73,409,629,6.66705401734104,7.11252173913043,6.1138273650108,6.4027397260274,6.66564792176039,6.66796831478537,84
"85",2008,6,6.91388888888889,36,7,6.76153846153846,8,7.17142857142857,6.75,23,13,1,14,22,1074,598,476,74,423,651,6.67532781191806,7.10819397993311,6.13151695378151,6.42432432432432,6.68238770685579,6.67074050691244,85
"86",2008,7,6.66888888888889,45,7.22173913043478,6.09090909090909,6.65,6.55789473684211,6.75,23,22,10,19,26,1119,621,498,84,442,677,6.67506887399464,7.11239935587762,6.12972303212851,6.45119047619048,6.67703619909502,6.67378444608567,86
"87",2008,8,6.79375,48,7.04074074074074,6.47619047619048,6.14285714285714,6.44736842105263,7.02068965517241,27,21,7,19,29,1167,648,519,91,461,706,6.67995035989717,7.10941358024691,6.1437419460501,6.42747252747253,6.6675704989154,6.68803409348442,87
"88",2008,9,6.87096774193548,31,7.32142857142857,6.5,6,6.75,6.94736842105263,14,17,3,12,19,1198,662,536,94,473,725,6.68489321368948,7.11389728096677,6.15504117537313,6.41382978723404,6.66966173361522,6.69483044137931,88
"89",2008,10,6.46,40,7.28333333333333,5.78636363636364,5.85,6.6125,6.35833333333333,18,22,8,16,24,1238,680,558,102,489,749,6.67762687399031,7.11838235294118,6.14050550179211,6.36960784313725,6.66779141104294,6.68404815754339,89
"90",2008,11,6.41818181818182,44,6.90625,6.13928571428571,5.90833333333333,6.53125,6.35357142857143,16,28,12,16,28,1282,696,586,114,505,777,6.66872236349454,7.11350574712644,6.14044721843003,6.32105263157895,6.66346534653465,6.67213908622909,90
"91",2008,12,6.8695,42,7.11821739130435,6.56842105263158,6.55,6.69376923076923,6.94827586206897,23,19,5,13,29,1324,719,605,119,518,806,6.67509144259819,7.11365646731572,6.15388771900826,6.33067226890756,6.66422586872587,6.68207452853598,91
"92",2009,1,6.68461538461538,65,7.21153846153846,6.33333333333333,6.5,6.44117647058824,6.77083333333333,26,39,14,17,48,1389,745,644,133,535,854,6.67553712742981,7.11707248322148,6.16475476708074,6.3484962406015,6.65713831775701,6.68706331381733,92
"93",2009,2,6.58582089552239,67,7.34516129032258,5.93194444444444,5.96153846153846,6.61904761904762,6.57065217391304,31,36,13,21,46,1456,776,680,146,556,900,6.67140870192308,7.12618427835052,6.15242951470588,6.31404109589041,6.65569964028777,6.68111341111111,93
"94",2009,3,6.66507936507937,63,7.44166666666667,5.95909090909091,6.05,7.17857142857143,6.51836734693878,30,33,10,14,49,1519,806,713,156,570,949,6.67114619486504,7.13792679900744,6.14348116409537,6.29711538461538,6.66854210526316,6.67271029504742,94
"95",2009,4,6.78032786885246,61,7.08421052631579,6.64285714285714,6.33333333333333,6.5,6.86382978723404,19,42,9,14,47,1580,825,755,165,584,996,6.67536143670886,7.1366896969697,6.17126101986755,6.29909090909091,6.66450171232877,6.68172898594377,95
"96",2009,5,6.684,50,6.96666666666667,6.525,6,6.65,6.6925,18,32,10,10,40,1630,843,787,175,594,1036,6.67562642331288,7.13305931198102,6.18564430749682,6.282,6.66425757575758,6.68214485521235,96
"97",2009,6,6.25526315789474,57,6.60862068965517,5.88928571428571,6.27777777777778,5.8625,6.46756756756757,29,28,9,20,37,1687,872,815,184,614,1073,6.6614232780083,7.11561811926605,6.17546266257669,6.28179347826087,6.63814169381107,6.67474563839702,97
"98",2009,7,6.83571428571429,56,7.18666666666667,6.43076923076923,6.375,6.74666666666667,6.86829268292683,30,26,4,15,41,1743,902,841,188,629,1114,6.66702298909926,7.11798115299335,6.18335561236623,6.28377659574468,6.64072972972973,6.68186900359066,98
"99",2009,8,6.43191489361702,47,7.27368421052632,5.86071428571429,6,6.20833333333333,6.50857142857143,19,28,6,12,35,1790,921,869,194,641,1149,6.66084975977654,7.12119326818675,6.17295980437284,6.275,6.63263494539781,6.67659013925152,99
"100",2009,9,6.44387755102041,49,6.91304347826087,6.02884615384615,5.80555555555556,6.38461538461539,6.46527777777778,23,26,9,13,36,1839,944,895,203,654,1185,6.65506855356172,7.1161218220339,6.16877326256983,6.25418719211823,6.62770489296636,6.67017052320675,100
"101",2009,10,6.57857142857143,49,7.284,5.84375,6.91666666666667,6.84615384615385,6.48194444444444,25,24,6,13,36,1888,969,919,209,667,1221,6.65308319385593,7.12045304437564,6.16028516866159,6.27320574162679,6.63196251874063,6.66462085995086,101
"102",2009,11,6.74333333333333,60,7.39130434782609,6.34054054054054,6.70526315789474,6.57142857142857,6.79565217391304,23,37,19,14,46,1948,992,956,228,681,1267,6.65586297227926,7.12673286290323,6.16726157949791,6.30921052631579,6.63071806167401,6.6693781136543,102
"103",2009,12,6.44109090909091,55,7.118,6.05428571428571,5.625,6.59090909090909,6.40363636363636,20,35,8,11,44,2003,1012,991,236,692,1311,6.64996558662007,7.12656027667984,6.1632715136226,6.28601694915254,6.63008526011561,6.66045924485126,103
"104",2010,1,6.78257575757576,66,7.00526315789474,6.48035714285714,6.765,6.89333333333333,6.75,38,28,10,15,51,2069,1050,1019,246,707,1362,6.65419578057032,7.12217047619048,6.1719843670265,6.30548780487805,6.63567043847242,6.66381209251101,104
"105",2010,2,6.58510638297872,47,7.16052631578947,6.19464285714286,6.5,6.73461538461538,6.52794117647059,19,28,5,13,34,2116,1069,1047,251,720,1396,6.65266118620038,7.12285219831618,6.17259032473734,6.3093625498008,6.63745694444444,6.66050291547278,105
"106",2010,3,7.01309523809524,42,7.525,6.54772727272727,6.7,6.65384615384615,7.17413793103448,20,22,5,13,29,2158,1089,1069,256,733,1425,6.65967612140871,7.1302378328742,6.18031063610851,6.3169921875,6.63774761255116,6.67095583859649,106
"107",2010,4,6.70486486486486,37,7.21818181818182,5.952,5.7375,7.16666666666667,6.66411764705882,22,15,4,3,34,2195,1111,1084,260,736,1459,6.66043784510251,7.13197929792979,6.17715135608856,6.30807692307692,6.63990353260869,6.67079648389308,107
"108",2010,5,6.94,45,7.3695652173913,6.49090909090909,6.65714285714286,7.30769230769231,6.790625,23,22,7,13,32,2240,1134,1106,267,749,1491,6.66605404910714,7.13679805996473,6.18339246835443,6.31722846441948,6.65149399198932,6.67336825620389,108
"109",2010,6,6.52,30,6.69230769230769,6.38823529411765,6,6.41666666666667,6.54583333333333,13,17,4,6,24,2270,1147,1123,271,755,1515,6.66412381938326,7.13176024411508,6.18649338379341,6.31254612546125,6.64962781456954,6.6713479009901,109
"110",2010,7,6.95264705882353,34,7.36055555555556,6.49375,6.125,7.25,6.88892857142857,18,16,4,6,28,2304,1165,1139,275,761,1543,6.66838154079861,7.13529527896996,6.19080954345917,6.30981818181818,6.65436136662286,6.67529622164614,110
"111",2010,8,6.62553191489362,47,7.26666666666667,6.10769230769231,6.6625,6.48888888888889,6.71034482758621,21,26,8,18,29,2351,1186,1165,283,779,1572,6.66752491280306,7.13762141652614,6.1889545665236,6.31978798586572,6.6505378690629,6.67594279262086,111
"112",2010,9,6.61625,40,7.10294117647059,6.25652173913043,6.25,6.21428571428571,6.70151515151515,17,23,8,7,33,2391,1203,1188,291,786,1605,6.66666711417817,7.13713133832087,6.19026268518518,6.31786941580756,6.64665267175572,6.67646857943925,112
"113",2010,10,6.40147058823529,34,6.8375,6.01388888888889,6.33333333333333,6.25,6.48409090909091,16,18,6,12,22,2425,1219,1206,297,798,1627,6.66294889484536,7.13319852337982,6.18763024046434,6.31818181818182,6.64068796992481,6.67386728334358,113
"114",2010,11,6.69909090909091,55,6.82692307692308,6.58448275862069,7.33333333333333,6.44166666666667,6.77093023255814,26,29,6,12,43,2480,1245,1235,303,810,1670,6.66375043145161,7.12680240963855,6.19694904453441,6.33828382838284,6.63773950617284,6.67636650898204,114
"115",2010,12,6.58510638297872,47,7.18965517241379,5.61111111111111,5.35714285714286,6.5,6.625,29,18,7,15,32,2527,1274,1253,310,825,1702,6.66228772061733,7.12823312401884,6.18853317637669,6.31612903225806,6.63523515151515,6.67540074618096,115
"116",2011,1,6.80212765957447,47,7.4952380952381,6.24230769230769,5.9,6.86666666666667,6.78,21,26,7,12,35,2574,1295,1279,317,837,1737,6.66484113053613,7.13418455598456,6.1896263252541,6.30694006309148,6.63855316606929,6.67750838802533,116
"117",2011,2,6.96123255813953,43,7.50194117647059,6.60769230769231,6.6,7.3583125,6.72592592592593,17,26,5,16,27,2617,1312,1305,322,853,1764,6.66971114635078,7.13894969512195,6.1979556091954,6.31149068322981,6.65205392731536,6.67824947278911,117
"118",2011,3,6.71,48,6.97789473684211,6.53448275862069,6.9,6.49666666666667,6.74047619047619,19,29,6,6,42,2665,1331,1334,328,859,1806,6.67043679924953,7.13665063861758,6.2052714167916,6.32225609756097,6.65096856810244,6.67969660575858,118
"119",2011,4,6.65357142857143,28,6.80526315789474,6.33333333333333,7.5,6.66666666666667,6.65,19,9,4,6,22,2693,1350,1343,332,865,1828,6.6702614444857,7.13198666666667,6.20612961280715,6.33644578313253,6.6510774566474,6.67933920678337,119
"120",2011,5,6.65227272727273,44,7.06315789473684,6.34,6.3,6.65714285714286,6.65,19,25,5,14,30,2737,1369,1368,337,879,1858,6.66997225794666,7.13103140978817,6.2085760745614,6.33590504451039,6.65117406143345,6.67886548439182,120
"121",2011,6,6.44736842105263,38,6.86842105263158,6.02631578947368,6,5.77272727272727,6.72222222222222,19,19,7,11,27,2775,1388,1387,344,890,1885,6.66692398918919,7.12743659942363,6.20607935832732,6.32906976744186,6.64031685393258,6.67948650928382,121
"122",2011,7,7.053125,32,7.17777777777778,6.89285714285714,8,7.6,6.80454545454545,18,14,4,10,22,2807,1406,1401,348,900,1907,6.67132670822943,7.12808108108108,6.21294223411849,6.34827586206896,6.65098,6.68092924488726,122
"123",2011,8,6.70735294117647,34,7.05714285714286,6.14230769230769,5.6,6.94375,6.63461538461539,21,13,3,8,26,2841,1427,1414,351,908,1933,6.6717578563886,7.12703714085494,6.21229283592645,6.34188034188034,6.65355947136564,6.68030629591309,123
"124",2011,9,6.80540540540541,37,7.31176470588235,6.375,5.85714285714286,6.85,6.78888888888889,17,20,7,10,27,2878,1444,1434,358,918,1960,6.67347604933982,7.12921191135734,6.21456211297071,6.33240223463687,6.65569934640523,6.68180207653061,124
"125",2011,10,6.6093023255814,43,7.22380952380952,6.02272727272727,5.3,6.22222222222222,6.71176470588235,21,22,5,9,34,2921,1465,1456,363,927,1994,6.67253134885313,7.13056791808874,6.21166350961538,6.31818181818182,6.65149083063646,6.68231297392177,125
"126",2011,11,6.64880952380952,42,7,6.43269230769231,6.42,6.04615384615385,6.91896551724138,16,26,5,13,29,2963,1481,1482,368,940,2023,6.6721950961863,7.12915732613099,6.21554120782726,6.3195652173913,6.64311914893617,6.68570542263964,126
"127",2011,12,6.66891891891892,37,6.94736842105263,6.375,6.5,7.08333333333333,6.58870967741935,19,18,5,6,31,3000,1500,1500,373,946,2054,6.67215469,7.12685466666667,6.21745471333333,6.32198391420911,6.645911205074,6.68424151411879,127
"128",2012,1,6.98775510204082,49,7.346875,6.31176470588235,6.95,7.3,6.85,32,17,4,15,34,3049,1532,1517,377,961,2088,6.67722665464087,7.13145039164491,6.21851158206987,6.32864721485411,6.65612070759625,6.68694064655172,128
"129",2012,2,6.22727272727273,33,6.93333333333333,5.63888888888889,6,6.32142857142857,6.15789473684211,15,18,7,14,19,3082,1547,1535,384,975,2107,6.67240884815055,7.12952941176471,6.21171470358306,6.32265625,6.65131487179487,6.68216994304699,129
"130",2012,3,6.74901960784314,51,7.41785714285714,5.93478260869565,6.5,6.58461538461538,6.80526315789474,28,23,2,13,38,3133,1575,1558,386,988,2145,6.67365594318545,7.13465523809524,6.20762648908857,6.32357512953368,6.65043724696356,6.68435061538461,130
"131",2012,4,6.91382978723404,47,6.98103448275862,6.80555555555556,6.75,7.1,6.89166666666667,29,18,4,5,42,3180,1604,1576,390,993,2187,6.67720568238994,7.13187780548629,6.21445562817259,6.32794871794872,6.65270090634441,6.68833199359854,131
"132",2012,5,7.04722222222222,36,7.51111111111111,6.58333333333333,6.31666666666667,6.7375,7.13571428571429,18,18,6,8,28,3216,1622,1594,396,1001,2215,6.68134765858209,7.13608631319359,6.2186211229611,6.32777777777778,6.65337862137862,6.69398739051919,132
"133",2012,6,6.7027027027027,37,7.34210526315789,6.02777777777778,6.33333333333333,6.77272727272727,6.67307692307692,19,18,3,11,26,3253,1641,1612,399,1012,2241,6.68159055333538,7.13847166361975,6.216490117866,6.32781954887218,6.65467588932806,6.69374478804105,133
"134",2012,7,6.44794117647059,34,6.97857142857143,6.0765,5.5,6.2,6.49068965517241,14,20,6,5,29,3287,1655,1632,405,1017,2270,6.67917373592942,7.13711903323263,6.21477455269608,6.31555555555556,6.65244051130777,6.69115069162996,134
"135",2012,8,6.98888888888889,36,7.81111111111111,6.16666666666667,5.6,7.25,6.88846153846154,18,18,5,10,26,3323,1673,1650,410,1027,2296,6.68252906108938,7.14437059175135,6.21424973939394,6.30682926829268,6.65825900681597,6.69338504790941,135
"136",2012,9,6.13513513513514,37,6.85714285714286,5.69565217391304,6,6.90909090909091,5.80769230769231,14,23,11,11,26,3360,1687,1673,421,1038,2322,6.67650121130952,7.141986959099,6.20712018529588,6.29881235154394,6.66091714836223,6.68346773040482,136
"137",2012,10,6.3825,40,6.56666666666667,6.272,6.7,6.54166666666667,6.31428571428571,15,25,10,12,28,3400,1702,1698,431,1050,2350,6.67304237352941,7.13691656874266,6.20807542402827,6.30812064965197,6.65955428571429,6.67906896595745,137
"138",2012,11,6.6047619047619,42,7.20588235294118,6.196,6.16666666666667,5.4875,6.86764705882353,17,25,3,8,34,3442,1719,1723,434,1058,2384,6.6722092010459,7.13759860383944,6.20790021474173,6.30714285714286,6.65069187145558,6.68175841862416,138
"139",2012,12,6.3875,44,6.95454545454545,5.82045454545455,6.4,4.91666666666667,6.61973684210526,22,22,2,6,38,3486,1741,1745,436,1064,2422,6.66861562535858,7.13528546812177,6.20301551289398,6.30756880733945,6.64091353383459,6.68078533030553,139
"140",2013,1,6.99918367346939,49,7.20652173913043,6.81576923076923,7.74,7.32769230769231,6.88055555555556,23,26,5,13,36,3535,1764,1771,441,1077,2458,6.67319775671853,7.13621428571429,6.21201133258046,6.32380952380952,6.64920334261838,6.68371117575264,140
"141",2013,2,6.7195652173913,46,7.15185185185185,6.10526315789474,6,7.45,6.51666666666667,27,19,8,10,36,3581,1791,1790,449,1087,2494,6.6737933733594,7.13645002791737,6.21087825139665,6.31804008908686,6.65657037718491,6.6812999478749,141
"142",2013,3,6.42051282051282,39,6.87222222222222,6.03333333333333,5.66666666666667,6.6,6.39411764705882,18,21,6,5,34,3620,1809,1811,455,1092,2528,6.67106466022099,7.13382089552239,6.20881947542794,6.30945054945055,6.65631135531135,6.67743752768987,142
"143",2013,4,6.55714285714286,35,7.04117647058824,6.1,6.33333333333333,6.44,6.57666666666667,17,18,3,5,30,3655,1826,1829,458,1097,2558,6.66997375376197,7.13295837897043,6.20774853471842,6.30960698689956,6.65532543299909,6.67625569585614,143
"144",2013,5,6.7328125,32,7.25,6.33055555555556,6,7.16666666666667,6.63269230769231,14,18,4,6,26,3687,1840,1847,462,1103,2584,6.6705191402224,7.13384891304348,6.20894535462913,6.30692640692641,6.65810698096101,6.67581736455108,144
"145",2013,6,6.29583333333333,36,6.64782608695652,5.67307692307692,4.66666666666667,8.08,6.00806451612903,23,13,3,5,31,3723,1863,1860,465,1108,2615,6.66689607037336,7.12784863123994,6.20520003763441,6.29634408602151,6.66452346570397,6.66790136520076,145
"146",2013,7,6.72105263157895,38,7.35294117647059,6.20952380952381,6.25,6.75,6.71071428571429,17,21,4,10,28,3761,1880,1881,469,1118,2643,6.66744325179474,7.12988404255319,6.20524830940989,6.29594882729211,6.66528801431127,6.6683549262202,146
"147",2013,8,7.00735294117647,34,7.36111111111111,6.609375,6.375,6.9,7.02586206896552,18,16,6,5,29,3795,1898,1897,475,1123,2672,6.67048855599473,7.13207692307693,6.20865686346863,6.29694736842105,6.66633303650935,6.67223505613772,147
"148",2013,9,6.36666666666667,33,6.92941176470588,5.76875,6.66666666666667,6.7,6.30714285714286,17,16,3,5,28,3828,1915,1913,478,1128,2700,6.66786940177639,7.13027780678851,6.20497755880815,6.29926778242678,6.66648226950355,6.66844891481481,148
"149",2013,10,6.68666666666667,30,6.875,6.31,7.36666666666667,6.825,6.63636363636364,20,10,3,8,22,3858,1935,1923,481,1136,2722,6.66801557024365,7.12763927648579,6.20552369734789,6.30592515592516,6.66759859154929,6.66818959221161,149
"150",2013,11,6.73660714285714,56,7.39285714285714,6.08035714285714,5.5,6.625,6.75520833333333,28,28,8,8,48,3914,1963,1951,489,1144,2770,6.6689969519673,7.13142231278655,6.20372735520246,6.29274028629857,6.6673006993007,6.66969749819494,150
"151",2013,12,6.67638888888889,36,7.1375,6.3075,7.05,6.35454545454545,6.818,16,20,5,11,25,3950,1979,1971,494,1155,2795,6.66906432151899,7.13147145022739,6.2047803500761,6.3004048582996,6.66432207792208,6.67102399642218,151
"152",2014,1,6.65612244897959,49,6.9195652173913,6.42307692307692,6.25,6.75555555555556,6.63375,23,26,10,9,40,3999,2002,1997,504,1164,2835,6.66890574393598,7.12903696303697,6.20762246870305,6.29940476190476,6.66502749140893,6.67049808465608,152
"153",2014,2,7.05340909090909,44,7.33541666666667,6.715,6.71428571428571,7.06363636363636,7.05,24,20,7,11,33,4043,2026,2017,511,1175,2868,6.6730902968093,7.13148173741363,6.21265348041646,6.30508806262231,6.66875914893617,6.67486473849372,153
"154",2014,3,6.80516129032258,31,7.30352941176471,6.2,6.1,6.58333333333333,6.8584,17,14,3,6,25,4074,2043,2031,514,1181,2893,6.67409525527737,7.13291336270191,6.21256625800098,6.30389105058366,6.66832514817951,6.67645076736951,154
"155",2014,4,6.81333333333333,45,7.39583333333333,6.14761904761905,6.375,7.9375,6.57027027027027,24,21,4,8,37,4119,2067,2052,518,1189,2930,6.67561642874484,7.13596613449444,6.21190159356725,6.30444015444016,6.6768645920942,6.6751099215017,155
"156",2014,5,6.59722222222222,36,6.61538461538461,6.58695652173913,6.65,7.07142857142857,6.48275862068965,13,23,10,7,29,4155,2080,2075,528,1196,2959,6.67493720096269,7.1327125,6.21605882891566,6.31098484848485,6.67917391304348,6.67322476174383,156
"157",2014,6,6.33536585365854,41,7.06578947368421,5.70454545454545,5.125,6.49444444444444,6.290625,19,22,4,9,32,4196,2099,2097,532,1205,2991,6.67161917778837,7.13210671748452,6.21069245112065,6.30206766917293,6.67779419087137,6.66913141758609,157
"158",2014,7,6.31551724137931,29,7.06,5.92368421052632,6.375,5.9,6.44772727272727,10,19,6,7,22,4225,2109,2116,538,1212,3013,6.66917492781065,7.13176481744903,6.20811534499055,6.30288104089219,6.67330198019802,6.66751479256555,158
"159",2014,8,6.92777777777778,27,7.346875,6.31818181818182,5.9,6.66666666666667,7.00238095238095,16,11,5,6,21,4252,2125,2127,543,1218,3034,6.67081704374412,7.13338447058824,6.20868456511518,6.29917127071823,6.67326929392447,6.66983258734344,159
"160",2014,9,6.56081081081081,37,7.025,6.01470588235294,6.5,6.625,6.55714285714286,20,17,4,2,35,4289,2145,2144,547,1220,3069,6.6698680508277,7.1323738927739,6.20714648787313,6.30063985374772,6.67319016393443,6.6685474323884,160
"161",2014,10,6.64166666666667,36,6.70263157894737,6.57352941176471,6.53125,7.44,6.51290322580645,19,17,8,5,31,4325,2164,2161,555,1225,3100,6.66963331098266,7.12860073937154,6.21002872281351,6.30396396396396,6.67632,6.66699099032258,161
"162",2014,11,6.43947368421053,38,6.87692307692308,6.212,6.61111111111111,6.9375,6.30666666666667,13,25,9,8,30,4363,2177,2186,564,1233,3130,6.66762871189548,7.12709784106569,6.21005126715462,6.30886524822695,6.67801459854014,6.66353740255591,162
"163",2014,12,6.67972972972973,37,7.109375,6.35238095238095,5.68571428571429,7,6.61774193548387,16,21,7,6,31,4400,2193,2207,571,1239,3161,6.66773047045455,7.12696853625171,6.21140555958314,6.30122591943958,6.67957384987893,6.66308828535274,163
"164",2015,1,6.85236842105263,38,7.34304347826087,6.1,6,6.69,6.91035714285714,23,15,5,10,28,4438,2216,2222,576,1249,3189,6.66931141730509,7.12921119133574,6.21065349684968,6.29861111111111,6.67965732586069,6.6652593508937,164
"165",2015,2,6.84038461538462,26,7.61538461538461,6.06538461538462,6.05555555555556,7.35625,6.61111111111111,13,13,9,8,18,4464,2229,2235,585,1257,3207,6.67030781137993,7.13204665769403,6.20980853243848,6.2948717948718,6.68396340493238,6.66495543186779,165
"166",2015,3,7.03846153846154,39,7.23809523809524,6.80555555555556,7,7.7,6.94117647058824,21,18,3,5,34,4503,2250,2253,588,1262,3241,6.67349635132134,7.13303644444445,6.21456816245006,6.2984693877551,6.68798890649762,6.66785315334773,166
"167",2015,4,6.47948717948718,39,7.26111111111111,5.80952380952381,5.92857142857143,6.49166666666667,6.47407407407407,18,21,7,12,27,4542,2268,2274,595,1274,3268,6.67183048656979,7.13405291005291,6.2108276473175,6.29411764705882,6.68613971742543,6.66625216340269,167
"168",2015,5,6.74827586206897,29,6.88235294117647,6.55833333333333,6.44,6.53333333333333,6.80434782608696,17,12,5,6,23,4571,2285,2286,600,1280,3291,6.67231548238897,7.13218030634574,6.21265182414698,6.29533333333333,6.6854234375,6.66721728046186,168
"169",2015,6,6.546875,32,7.02857142857143,6.17222222222222,6.38888888888889,5.4,6.75925925925926,14,18,9,5,27,4603,2299,2304,609,1285,3318,6.67144342168151,7.131549369291,6.21233596788194,6.29671592775041,6.68042178988327,6.66796626582278,169
"170",2015,7,6.42741935483871,31,7.11071428571429,5.86470588235294,7,6.96666666666667,6.298,14,17,2,6,25,4634,2313,2321,611,1291,3343,6.66981097755719,7.13142325983571,6.20978977595864,6.29901800327332,6.68175213013168,6.66519954232725,170
"171",2015,8,6.88625,40,7.56666666666667,6.13421052631579,6.50714285714286,6.64375,6.946875,21,19,7,8,32,4674,2334,2340,618,1299,3375,6.67166325845101,7.13533933161954,6.2091760982906,6.30137540453074,6.6815180908391,6.66787024296296,171
"172",2015,9,6.71785714285714,28,6.925,6.51071428571429,6.6875,7,6.65652173913043,14,14,4,5,23,4702,2348,2354,622,1304,3398,6.67193833900468,7.13408517887564,6.21096944350042,6.30385852090032,6.68273926380368,6.66779342848734,172
"173",2015,10,6.921875,32,7.1,6.625,6.2,5.75,7.08928571428571,20,12,5,4,28,4734,2368,2366,627,1308,3426,6.67362781368821,7.1337972972973,6.21306934488588,6.3030303030303,6.6798868501529,6.67123819906596,173
"174",2015,11,6.7972972972973,37,7.23809523809524,6.21875,6.66666666666667,7.16666666666667,6.7258064516129,21,16,6,6,31,4771,2389,2382,633,1314,3457,6.67458689373297,7.13471410632064,6.21310750209907,6.30647709320695,6.68210958904109,6.67172752964998,174
"175",2015,12,6.73448275862069,29,6.8,6.65384615384615,7.125,6.16666666666667,6.8,16,13,4,3,26,4800,2405,2395,637,1317,3483,6.67494876458333,7.13248731808732,6.21549982045929,6.3116169544741,6.68093545937737,6.67268506172839,175
"176",2016,1,6.75847457627119,59,7.06973684210526,6.1952380952381,6,6.86363636363636,6.734375,38,21,4,11,48,4859,2443,2416,641,1328,3531,6.67596296974686,7.13151125665166,6.2153237044702,6.30967238689548,6.68244879518072,6.67352366751628,176
"177",2016,2,7.25483870967742,31,7.36111111111111,7.10769230769231,7.26666666666667,7.875,7.16296296296296,18,13,6,4,27,4890,2461,2429,647,1332,3558,6.67963273415133,7.13319057293783,6.22009965829559,6.31854714064915,6.68603003003003,6.67723779370433,177
"178",2016,3,7.16689189189189,74,7.568,6.33125,4.75,7.73333333333333,7.0228813559322,50,24,5,15,59,4964,2511,2453,652,1347,3617,6.68689646857373,7.14184866587017,6.2211871463514,6.30651840490798,6.69769265033407,6.68287588332872,178
"179",2016,4,7.18723404255319,47,7.32142857142857,6.98947368421053,6.64285714285714,7.5,7.1325,28,19,7,7,40,5011,2539,2472,659,1354,3657,6.6915893175015,7.14382906656164,6.22709226132686,6.31009104704097,6.70184047267356,6.68779383921247,179
"180",2016,5,6.62830188679245,53,7.17096774193548,5.86363636363636,5.66666666666667,6.5,6.66190476190476,31,22,6,11,42,5064,2570,2494,665,1365,3699,6.69092694905213,7.14415642023347,6.22388615477145,6.30428571428572,6.70021391941392,6.68749988375236,180
"181",2016,6,6.75659090909091,44,6.90791666666667,6.575,6.6,6.64142857142857,6.77837837837838,24,20,5,7,37,5108,2594,2514,670,1372,3736,6.69149257439311,7.14197070161912,6.22667942322991,6.30649253731343,6.69991399416909,6.68839991167023,181
"182",2016,7,6.92222222222222,45,7.4,6.325,6.58333333333333,6.75,6.95945945945946,25,20,6,8,37,5153,2619,2534,676,1380,3773,6.69350748496022,7.14443375334097,6.22745543409629,6.30894970414201,6.70020434782608,6.69105806254969,182
"183",2016,8,6.93804347826087,46,7.47291666666667,6.35454545454545,6.33333333333333,5.85,7.16710526315789,24,22,3,8,38,5199,2643,2556,679,1388,3811,6.69567110405847,7.14741657207719,6.22854932316119,6.30905743740795,6.69530403458213,6.69580479401732,183
"184",2016,9,6.75588235294118,51,7.03166666666667,6.36190476190476,6.26666666666667,6.44444444444444,6.82261904761905,30,21,6,9,42,5250,2673,2577,685,1397,3853,6.69625601333334,7.14611747100636,6.22963603802871,6.30868613138686,6.69368790264853,6.69718714508175,184
"185",2016,10,6.85396825396825,63,7.08684210526316,6.5,5.28571428571429,6.35,6.94905660377358,38,25,7,10,53,5313,2711,2602,692,1407,3906,6.69812611895351,7.14528661010697,6.23223369331283,6.29833815028902,6.69124520255863,6.70060472862263,185
"186",2016,11,7.0859649122807,57,7.42857142857143,6.54090909090909,6.28571428571429,7.09090909090909,7.08478260869565,35,22,7,11,46,5370,2746,2624,699,1418,3952,6.70224284357542,7.14889730517116,6.23482167301829,6.29821173104435,6.69434555712271,6.7050764347166,186
"187",2016,12,6.61428571428571,49,7.06190476190476,6.27857142857143,5.65714285714286,6.3875,6.65853658536585,21,28,7,8,41,5419,2767,2652,706,1426,3993,6.70144751245618,7.1482370798699,6.23528358597285,6.29185552407932,6.69262412342216,6.70459856498873,187
"188",2017,1,6.96612903225806,62,7.23846153846154,6.50434782608696,8,7.17272727272727,6.92156862745098,39,23,1,11,51,5481,2806,2675,707,1437,4044,6.70444153804051,7.14949109052032,6.23759703551402,6.29427157001415,6.69629923451635,6.70733483432245,188
"189",2017,2,7.16380281690141,71,7.3626,6.69047619047619,5.91666666666667,6.842,7.25,50,21,6,15,56,5552,2856,2696,713,1452,4100,6.71031593479827,7.15322198879552,6.24112465504451,6.29109396914446,6.6978044077135,6.71474684634146,189
"190",2017,3,6.98378378378378,37,7.48695652173913,6.15714285714286,6.23333333333333,7.36666666666667,6.90967741935484,23,14,3,6,31,5589,2879,2710,716,1458,4131,6.71212633208088,7.15588815560959,6.240690800738,6.29085195530726,6.70055692729767,6.71620965141612,190
"191",2017,4,6.75609756097561,41,7.11904761904762,6.375,6.4,7.5,6.69736842105263,21,20,5,3,38,5630,2900,2730,721,1461,4169,6.71244654884547,7.15562137931035,6.24167475091575,6.29160887656033,6.70219849418207,6.71603791556728,191
"192",2017,5,6.92058823529412,51,7.37692307692308,6.446,6.75,7.26,6.88369565217391,26,25,2,5,46,5681,2926,2755,723,1466,4215,6.71431509769407,7.15758783321941,6.24352888203267,6.29287690179807,6.70410095497953,6.71786763226572,192
"193",2017,6,6.9527027027027,37,7.32941176470588,6.6325,6.54166666666667,7.7,6.8359375,17,20,6,5,32,5718,2943,2775,729,1471,4247,6.7158576547744,7.15858036017669,6.24633227747748,6.29492455418381,6.7074860639021,6.71875725688721,193
"194",2017,7,6.79411764705882,34,7.67647058823529,5.91176470588235,5.66666666666667,7.5,6.67241379310345,17,17,3,5,29,5752,2960,2792,732,1476,4276,6.71632024860918,7.16155472972973,6.24429515401146,6.29234972677596,6.71017073170731,6.71844295369504,194
"195",2017,8,6.61,60,7.26666666666667,5.625,4.66666666666667,6.76363636363636,6.57551020408163,36,24,6,11,49,5812,2996,2816,738,1487,4325,6.71522265485203,7.16281775700935,6.2390170703125,6.27913279132791,6.71056624075319,6.7168236,195
"196",2017,9,6.70810810810811,37,7.08636363636364,6.15333333333333,4.66666666666667,6.42857142857143,6.77333333333333,22,15,3,7,30,5849,3018,2831,741,1494,4355,6.7151776491708,7.16226043737575,6.23856307665136,6.27260458839406,6.70924497991968,6.71721287485649,196
"197",2017,10,6.82,50,7.10857142857143,6.14666666666667,6,7.37,6.6825,35,15,3,10,40,5899,3053,2846,744,1504,4395,6.71606612476691,7.16164493940387,6.23807873155306,6.27150537634409,6.71363829787234,6.71689694425483,197
"198",2017,11,6.52163265306122,49,6.90615384615385,6.08695652173913,6.2,6.3,6.54681818181818,26,23,5,5,44,5948,3079,2869,749,1509,4439,6.71446436953598,7.15948749594024,6.23686722551411,6.27102803738318,6.7122677269715,6.7152110993467,198
"199",2017,12,7.04545454545455,33,7.2,6.83571428571429,5.75,6.9,7.07142857142857,19,14,4,5,28,5981,3098,2883,753,1514,4467,6.71629059856211,7.15973595868302,6.23977525841138,6.26826029216468,6.71288771466314,6.71744393776584,199
"200",2018,1,6.87018518518519,54,7.56666666666667,5.99958333333333,6.02111111111111,6.46666666666667,7.02538461538462,30,24,9,15,39,6035,3128,2907,762,1529,4506,6.71766761723281,7.16363874680307,6.237792249742,6.26534120734908,6.71047220405494,6.72010920328451,200
"201",2018,2,7.08571428571429,42,7.34642857142857,6.56428571428571,6.8,7.25,7.05833333333333,28,14,4,6,36,6077,3156,2921,766,1535,4542,6.72021129998355,7.16526045627377,6.23935709346114,6.26813315926893,6.71258110749185,6.72278997578159,201
"202",2018,3,7.01432736842105,38,7.26402095238095,6.70588235294118,6.4,6.57142857142857,7.11433677419355,21,17,5,7,31,6115,3177,2938,771,1542,4573,6.72203900408831,7.16591326408562,6.24205652484683,6.26898832684825,6.71194033722438,6.72544424010496,202
"203",2018,4,7.16844444444444,45,7.81166666666667,6.43333333333333,7.125,8,7.08731707317073,24,21,4,4,41,6160,3201,2959,775,1546,4614,6.72530008279221,7.17075490159325,6.24341401486989,6.2734064516129,6.71527296248383,6.72865984178587,203
"204",2018,5,6.55340909090909,44,7.41041666666667,5.525,6.21428571428571,6.535,6.55882352941176,24,20,7,10,34,6204,3225,2979,782,1556,4648,6.72408099774339,7.17253843100775,6.23859082578046,6.27287723785166,6.71411439588689,6.72741749354561,204
"205",2018,6,6.8,44,7.46666666666667,6,6.33333333333333,6.35714285714286,6.88378378378378,24,20,6,7,37,6248,3249,2999,788,1563,4685,6.72461563860435,7.17471112342259,6.23699968989663,6.27333756345178,6.712515674984,6.72865240341515,205
"206",2018,7,6.775,36,7.00416666666667,6.31666666666667,6,6.9,6.75483870967742,24,12,5,5,31,6284,3273,3011,793,1568,4716,6.72490428230426,7.17346056828598,6.23731719362338,6.27161412358134,6.71311352040816,6.72882453562341,206
"207",2018,8,7.15205882352941,34,7.59863636363636,6.33333333333333,6,6.75,7.20566666666667,22,12,4,4,30,6318,3295,3023,797,1572,4746,6.72720299303577,7.17629937481032,6.23769833608998,6.27025094102886,6.71320737913486,6.73183870838601,207
"208",2018,9,7.20914285714286,35,7.42363636363636,6.84615384615385,7,8,7.135,22,13,2,3,32,6353,3317,3036,799,1575,4778,6.72985810011018,7.17793983720229,6.24030371212121,6.27207759699625,6.71565841269841,6.73453882586856,208
"209",2018,10,6.8686,50,7.13548387096774,6.43315789473684,5.68333333333333,6.98285714285714,6.85,31,19,3,7,43,6403,3348,3055,802,1582,4821,6.73094151335312,7.17754672640382,6.24150313256956,6.2698753117207,6.7168407079646,6.73556866002904,209
"210",2018,11,7.03770491803279,61,7.6758064516129,6.37833333333333,6.925,7.125,7.02452830188679,31,30,4,8,53,6464,3379,3085,806,1590,4874,6.73383640315594,7.18211791654336,6.24283373419773,6.27312655086849,6.71889433962264,6.73871081452606,210
"211",2018,12,6.96607142857143,84,7.36363636363636,6.21206896551724,6.54166666666667,6.88461538461539,6.98098591549296,55,29,12,13,71,6548,3434,3114,818,1603,4945,6.73681559407453,7.1850251718113,6.24254722864483,6.27706601466993,6.72023830318153,6.74218938523761,211
"212",2019,1,7.18578431372549,102,7.52297297297297,6.29464285714286,6.4,7.38461538461539,7.15674157303371,74,28,5,13,89,6650,3508,3142,823,1616,5034,6.74370203157895,7.19215405929305,6.24301147994908,6.27781287970838,6.72558292079208,6.74951857568534,212
"213",2019,2,7.27430555555556,72,7.6530612244898,6.46739130434783,5.83333333333333,7.625,7.23046875,49,23,6,8,64,6722,3557,3165,829,1624,5098,6.74938537786373,7.19850335676132,6.24464204423381,6.2745958986731,6.73001354679803,6.75555639662613,213
"214",2019,3,7.23698412698413,63,7.74815789473684,6.46,6.57142857142857,7.0625,7.26236363636364,38,25,7,8,55,6785,3595,3190,836,1632,5153,6.7539128238762,7.20431333518776,6.24632980250784,6.27708133971292,6.73164338235294,6.76096575004852,214
"215",2019,4,7.24776119402985,67,7.84285714285714,6.596875,6.27272727272727,7.3,7.23859649122807,35,32,11,10,57,6852,3630,3222,847,1642,5210,6.75874175569177,7.21047009366391,6.24981131905648,6.27702479338843,6.7351047503045,6.76619126871401,215
"216",2019,5,6.95,45,7.15625,6.71428571428571,6.2,8.75,6.86627906976744,24,21,5,2,43,6897,3654,3243,852,1644,5253,6.75998963462375,7.21011396825397,6.25281901634289,6.27657276995305,6.73755596107056,6.76701056729488,216
"217",2019,6,7.37538461538462,65,7.77692307692308,6.77307692307692,6.72222222222222,7.7,7.31636363636364,39,26,9,10,55,6962,3693,3269,861,1654,5308,6.76573520683712,7.216099767127,6.25695688895687,6.28123112659698,6.74337484885127,6.7727028089676,217
"218",2019,7,6.93361111111111,72,7.17448979591837,6.4204347826087,6.33333333333333,7.4325,6.79107142857143,49,23,6,16,56,7034,3742,3292,867,1670,5364,6.76745358402047,7.2155549011224,6.2580990492102,6.28159169550173,6.74997724550898,6.77289457680835,218
"219",2019,8,7.24927536231884,69,7.46734693877551,6.715,6.125,6.94545454545455,7.30689655172414,49,20,4,11,58,7103,3791,3312,871,1681,5422,6.77213409967619,7.2188094012134,6.2608581129227,6.28087256027555,6.75125639500297,6.77860688122464,219
"220",2019,9,7.07102564102564,78,7.37576923076923,6.46153846153846,6.5,6.98166666666667,7.08727272727273,52,26,4,12,66,7181,3843,3338,875,1693,5488,6.77538065868263,7.22093323965652,6.26242123127621,6.28187428571429,6.75288954518606,6.78231897048105,220
"221",2019,10,7.28363636363636,55,7.6948717948718,6.28125,5.75,7.625,7.22553191489362,39,16,4,8,47,7236,3882,3354,879,1701,5535,6.77924385157546,7.22569460072128,6.26251105247465,6.27945392491468,6.75699118165785,6.78608247696477,221
"222",2019,11,7.08611111111111,72,7.38571428571429,6.66666666666667,6.05555555555556,6.71875,7.19107142857143,42,30,9,16,56,7308,3924,3384,888,1717,5591,6.7822671743295,7.22740734964322,6.26609399231678,6.27718468468469,6.7566348281887,6.79013888570918,222
"223",2019,12,6.81707317073171,82,7.27884615384615,6.01666666666667,5.2,7,6.79166666666667,52,30,5,10,72,7390,3976,3414,893,1727,5663,6.78265338430311,7.22808009054326,6.26390218804921,6.27115341545353,6.75804400694846,6.790158310083,223
"224",2020,1,7.14151515151515,99,7.67222222222222,6.21277777777778,6.115625,7.70833333333333,7.01555555555556,63,36,16,18,81,7489,4039,3450,909,1745,5744,6.78739731739885,7.23500778410498,6.26336871594203,6.26841584158416,6.76784641833811,6.79333678795265,224
"225",2020,2,6.98607594936709,79,7.47441860465116,6.40277777777778,5.88,6.09375,7.21269841269841,43,36,10,16,63,7568,4082,3486,919,1761,5807,6.78947126189218,7.23752975012249,6.26480839644291,6.26418933623504,6.76172174900624,6.79788643189254,225
"226",2020,3,7.10175438596491,57,7.26470588235294,6.86086956521739,5.7,7.09090909090909,7.10434782608696,34,23,5,11,46,7625,4116,3509,924,1772,5853,6.79180570622951,7.23775423712342,6.26871532345397,6.26113636363636,6.76376523702031,6.80029497864343,226
"227",2020,4,7.15555555555556,45,7.55769230769231,6.60526315789474,6.3,7.38888888888889,7.09722222222222,26,19,5,9,36,7670,4142,3528,929,1781,5889,6.79393983181226,7.23976253983583,6.27052779761904,6.261345532831,6.7669241998877,6.80211012226185,227
"228",2020,5,7.0125,52,7.20675675675676,6.53333333333333,6.2,6.45625,7.11363636363636,37,15,5,8,44,7722,4179,3543,934,1789,5933,6.79541161745662,7.23947031347212,6.27164043748236,6.26101713062099,6.76553493571828,6.80442044665431,228
"229",2020,6,7.22380952380952,42,7.63846153846154,6.55,5.6,7.16666666666667,7.23333333333333,26,16,5,6,36,7764,4205,3559,939,1795,5969,6.79772907135497,7.24193732223543,6.27289184321438,6.25749733759319,6.76687576601671,6.8070072893282,229
"230",2020,7,7.34347826086957,46,7.66071428571429,6.85,6.5,7.3,7.34878048780488,28,18,2,5,41,7810,4233,3577,941,1800,6010,6.80094347119078,7.24470740373258,6.27579593793681,6.25801275239107,6.76835666666666,6.81070324625624,230
"231",2020,8,7.30634920634921,63,7.71627906976744,6.425,6,8.35,7.21637931034483,43,20,4,5,58,7873,4276,3597,945,1805,6068,6.804987744189,7.24944958840037,6.27662554072838,6.25692063492064,6.7727379501385,6.81458083553066,231
"232",2020,9,7.21935483870968,62,7.47297297297297,6.844,6.7,7.21666666666667,7.22,37,25,9,12,50,7935,4313,3622,954,1817,6118,6.80822539508507,7.25136713192673,6.28054170900055,6.26110062893082,6.77566978536048,6.81789416639425,232
"233",2020,10,7.18426229508197,61,7.34731707317073,6.85,6.1,7.33333333333333,7.168,41,20,5,6,55,7996,4354,3642,959,1823,6173,6.8110941108054,7.25227065686725,6.28366888248215,6.26026068821689,6.77750521119034,6.82101352826827,233
"234",2020,11,7.00067567567568,74,7.22608695652174,6.63035714285714,6.00833333333333,6.98181818181818,7.00396825396825,46,28,6,11,63,8070,4400,3670,965,1834,6236,6.8128325291202,7.25199691818182,6.28631391553133,6.25869430051814,6.7787306434024,6.82286185214882,234
"235",2020,12,7.09454545454545,55,7.43076923076923,6.275,4,7.06923076923077,7.10238095238095,39,16,1,13,42,8125,4439,3686,966,1847,6278,6.81473950892308,7.25356756927236,6.2862648046663,6.25635610766046,6.78077531131564,6.82473184294362,235
"236",2021,1,7.667109375,64,7.6859,7.6,7.33333333333333,7.32222222222222,7.72354545454545,50,14,3,9,55,8189,4489,3700,969,1856,6333,6.82140108804494,7.25838303408332,6.29123569459459,6.25969040247678,6.78340086206896,6.83253774040739,236
"237",2021,2,7.08163265306122,49,7.45138888888889,6.05769230769231,5.16666666666667,6.32142857142857,7.20833333333333,36,13,6,7,42,8238,4525,3713,975,1863,6375,6.82294895727118,7.25991855027624,6.29041800969566,6.2529641025641,6.78166505636071,6.83501357019608,237
"238",2021,3,7.13428070175439,57,7.30110204081633,6.1125,5,7.27116666666667,7.09777777777778,49,8,2,12,45,8295,4574,3721,977,1875,6420,6.82508830741411,7.26035973764757,6.290035493147,6.25039918116684,6.78479786666666,6.83685537538941,238
"239",2021,4,6.69090909090909,44,7.36521739130435,5.95238095238095,5.78571428571429,6.5,6.73333333333333,23,21,7,8,36,8339,4597,3742,984,1883,6456,6.82438032258065,7.26088436806613,6.28814058524853,6.24709349593496,6.78358789166224,6.83627811493185,239
"240",2021,5,7.14,50,7.46666666666667,6.65,6.625,7.75,7.05681818181818,30,20,4,6,44,8389,4627,3762,988,1889,6500,6.82626147455001,7.26221859520208,6.2900643460925,6.24862348178138,6.78665749073584,6.83777100153846,240
"241",2021,6,7.3037037037037,54,7.54,6.86842105263158,6.875,7.12857142857143,7.32978723404255,35,19,8,7,47,8443,4662,3781,996,1896,6547,6.82931511429587,7.26430404118404,6.29297066120074,6.2536546184739,6.78791983122363,6.84130311745838,241
"242",2021,7,6.96454545454545,55,7.3030303030303,6.45681818181818,5.75,6.38888888888889,7.07717391304348,33,22,4,9,46,8498,4695,3803,1000,1905,6593,6.83019034008002,7.26457623855165,6.29391850381278,6.25164,6.78603464566929,6.84294881086001,242
"243",2021,8,7.20830769230769,65,7.29130434782609,7.00736842105263,6.41666666666667,7.36875,7.15591836734694,46,19,6,16,49,8563,4741,3822,1006,1921,6642,6.8330605523765,7.26483557055474,6.29746521978022,6.25262425447316,6.79088807912545,6.84525767991569,243
"244",2021,9,6.75865384615385,52,7.43518518518519,6.028,6.38181818181818,7.42857142857143,6.65444444444444,27,25,11,7,45,8615,4768,3847,1017,1928,6687,6.83261143470691,7.26580021812081,6.29571408110216,6.25402163225172,6.79320331950207,6.84397360699866,244
"245",2021,10,6.8135593220339,59,7.11428571428571,6.375,6.1,7.4125,6.71960784313726,35,24,5,8,51,8674,4803,3871,1022,1936,6738,6.83248184344017,7.26469611492817,6.29620564970292,6.25326810176125,6.79576239669421,6.84303228109231,245
"246",2021,11,7.1675,40,7.29259259259259,6.90769230769231,6.5,7.42857142857143,7.11212121212121,27,13,2,7,33,8714,4830,3884,1024,1943,6771,6.83401968212073,7.26485205797101,6.29825233522142,6.25375,6.7980422027792,6.84434374686162,246
"247",2021,12,7.08447297297297,74,7.37982692307692,6.38636363636364,5.95714285714286,7.2834,7.03389830508475,52,22,7,15,59,8788,4882,3906,1031,1958,6830,6.836128642467,7.26607669807456,6.29874860983103,6.25173617846751,6.80176046986721,6.84598118740849,247
"248",2022,1,7.11001428571429,98,7.5817186440678,6.39641025641026,5,7.15384615384615,7.10331058823529,59,39,7,13,85,8886,4941,3945,1038,1971,6915,6.83914921336935,7.26984574782433,6.29971408618504,6.24329479768786,6.80408269913749,6.8491443109183,248
"249",2022,2,7.16641030769231,65,7.19801595238095,7.10869565217391,6.83333333333333,7.044445,7.17881355932203,42,23,3,6,59,8951,4983,3968,1041,1977,6974,6.84152570439057,7.26924031908489,6.30440324344758,6.24499519692603,6.80481217501264,6.85193331086894,249
"250",2022,3,7.46298844827586,58,7.6497915625,7.23307692307692,6,7.57818181818182,7.43602829787234,32,26,4,11,47,9009,5015,3994,1045,1988,7021,6.84552668553669,7.27166856231306,6.3104486905358,6.24405741626794,6.8090913832998,6.85584336134454,250
"251",2022,4,7.32962962962963,54,7.76,6.53684210526316,6.06666666666667,7.7,7.23488372093023,35,19,3,11,43,9063,5050,4013,1048,1999,7064,6.8484111122145,7.27505303762376,6.3115205756292,6.24354961832061,6.81399383191596,6.85815065685164,251
"252",2022,5,7.08965517241379,58,7.2741935483871,6.87777777777778,6,7.44444444444444,7.02448979591837,31,27,5,9,49,9121,5081,4040,1053,2008,7113,6.84994517158206,7.27504779374139,6.31530496782178,6.24239316239316,6.81681955677291,6.85929653310839,252
"253",2022,6,7.52410714285714,56,7.77162162162162,7.04210526315789,7.16666666666667,7.75416666666667,7.46136363636364,37,19,3,12,44,9177,5118,4059,1056,2020,7157,6.85405905088809,7.27863771785854,6.3187070879527,6.24501893939394,6.82238795544554,6.86299793768339,253
"254",2022,7,7.21066666666667,75,7.55652173913044,6.66206896551724,7.31,7.5,7.15555555555556,46,29,5,12,63,9252,5164,4088,1061,2032,7220,6.85694983895374,7.28111305964369,6.32114287426614,6.25003770028275,6.82638960137795,6.86555072576177,254
"255",2022,8,7.1609375,64,7.31666666666667,6.96071428571429,7.52,7.78,7.0462962962963,36,28,5,10,54,9316,5200,4116,1066,2042,7274,6.85903820416488,7.2813592,6.32549370019436,6.25599437148218,6.83105958374143,6.86689252680781,255
"256",2022,9,7.322171875,64,7.43658536585366,7.11821739130435,5.8,7.5,7.29307272727273,41,23,5,9,55,9380,5241,4139,1071,2051,7329,6.86219817803838,7.28257352413662,6.32989878473061,6.25386554621849,6.83399496343247,6.8700907681812,256
"257",2022,10,6.94458333333333,72,7.3775,6.26428571428571,5.72222222222222,6.71428571428571,7.0001724137931,44,28,9,14,58,9452,5285,4167,1080,2065,7387,6.86282574164198,7.28336382970672,6.32945790016799,6.24943518518519,6.83318337530266,6.87111212129417,257
"258",2022,11,6.97162162162162,74,7.293,6.30208333333333,6.345,6.48,7.0484375,50,24,10,10,64,9526,5335,4191,1090,2075,7451,6.86367089124501,7.28345414058107,6.32930113815318,6.25031192660551,6.83148128674699,6.87263524895987,258
"259",2022,12,7.01225485294118,68,7.57156852941176,6.45294117647059,5.96363636363636,6.642222,7.11698113207547,34,34,11,15,53,9594,5369,4225,1101,2090,7504,6.86472401917865,7.28527866828087,6.3302961112426,6.24744777475023,6.83012296650717,6.87436103944563,259
