"","year","month","avg_rating","no_ratings","avg_rating_owned","avg_rating_not_owned","avg_rating_prev_owned","avg_rating_comment","avg_rating_no_comment","no_ratings_owned","no_ratings_not_owned","no_ratings_prev_owned","no_ratings_comment","no_ratings_no_comment","cum_no_ratings","cum_no_ratings_owned","cum_no_ratings_not_owned","cum_no_ratings_prev_owned","cum_no_ratings_comment","cum_no_ratings_no_comment","cum_avg_rating","cum_avg_rating_owned","cum_avg_rating_not_owned","cum_avg_rating_prev_owned","cum_avg_rating_comment","cum_avg_rating_no_comment","month_after_release"
"1",2001,6,6,2,NA,6,NA,6,NA,0,2,0,2,0,2,0,2,0,2,0,6,NA,6,NA,6,NA,-10
"2",2001,7,5,1,NA,5,NA,NA,5,0,1,0,0,1,3,0,3,0,2,1,5.66666666666667,NA,5.66666666666667,NA,6,5,-9
"3",2001,8,7.2,5,7.5,6,NA,9,6.75,4,1,0,1,4,8,4,4,0,3,5,6.625,7.5,5.75,NA,7,6.4,-8
"4",2001,9,7,1,7,NA,NA,NA,7,1,0,0,0,1,9,5,4,0,3,6,6.66666666666667,7.4,5.75,NA,7,6.5,-7
"5",2001,10,6.5,2,8,5,NA,NA,6.5,1,1,0,0,2,11,6,5,0,3,8,6.63636363636364,7.5,5.6,NA,7,6.5,-6
"6",2001,11,7.33333333333333,6,7.66666666666667,7,8,7.33333333333333,7.33333333333333,3,3,1,3,3,17,9,8,1,6,11,6.88235294117647,7.55555555555556,6.125,8,7.16666666666667,6.72727272727273,-5
"7",2001,12,8,2,8,NA,NA,NA,8,2,0,0,0,2,19,11,8,1,6,13,7,7.63636363636364,6.125,8,7.16666666666667,6.92307692307692,-4
"8",2002,2,7.5,2,8,7,NA,NA,7.5,1,1,0,0,2,21,12,9,1,6,15,7.04761904761905,7.66666666666667,6.22222222222222,8,7.16666666666667,7,-2
"9",2002,3,10,1,10,NA,NA,NA,10,1,0,0,0,1,22,13,9,1,6,16,7.18181818181818,7.84615384615385,6.22222222222222,8,7.16666666666667,7.1875,-1
"10",2002,4,5.6,5,7,4.66666666666667,5,5,5.75,2,3,2,1,4,27,15,12,3,7,20,6.88888888888889,7.73333333333333,5.83333333333333,6,6.85714285714286,6.9,0
"11",2002,5,7.25,4,9,6.66666666666667,NA,NA,7.25,1,3,0,0,4,31,16,15,3,7,24,6.93548387096774,7.8125,6,6,6.85714285714286,6.95833333333333,1
"12",2002,6,7.5,5,8.125,5,NA,NA,7.5,4,1,0,0,5,36,20,16,3,7,29,7.01388888888889,7.875,5.9375,6,6.85714285714286,7.05172413793103,2
"13",2002,7,7.58333333333333,6,7.875,7,NA,9,7.3,4,2,0,1,5,42,24,18,3,8,34,7.09523809523809,7.875,6.05555555555556,6,7.125,7.08823529411765,3
"14",2002,8,7.57142857142857,7,7.8,7,7,8,7.25,5,2,1,3,4,49,29,20,4,11,38,7.16326530612245,7.86206896551724,6.15,6.25,7.36363636363636,7.10526315789474,4
"15",2002,9,7.42857142857143,7,7.6,7,NA,8.25,6.33333333333333,5,2,0,4,3,56,34,22,4,15,41,7.19642857142857,7.82352941176471,6.22727272727273,6.25,7.6,7.04878048780488,5
"16",2002,10,6.4,5,8.5,5,NA,6,7,2,3,0,3,2,61,36,25,4,18,43,7.13114754098361,7.86111111111111,6.08,6.25,7.33333333333333,7.04651162790698,6
"17",2002,11,7.71428571428571,7,7.71428571428571,NA,6,7.5,7.8,7,0,1,2,5,68,43,25,5,20,48,7.19117647058824,7.83720930232558,6.08,6.2,7.35,7.125,7
"18",2002,12,7.16666666666667,6,8,5.5,NA,7.25,7,4,2,0,4,2,74,47,27,5,24,50,7.18918918918919,7.85106382978723,6.03703703703704,6.2,7.33333333333333,7.12,8
"19",2003,1,6.77777777777778,9,6.85714285714286,6.5,NA,6.5,6.85714285714286,7,2,0,2,7,83,54,29,5,26,57,7.14457831325301,7.72222222222222,6.06896551724138,6.2,7.26923076923077,7.08771929824561,9
"20",2003,2,6.2,5,7,5,7,5.5,6.66666666666667,3,2,1,2,3,88,57,31,6,28,60,7.09090909090909,7.68421052631579,6,6.33333333333333,7.14285714285714,7.06666666666667,10
"21",2003,3,7.17857142857143,14,7.78571428571429,6.57142857142857,7,6.5,7.6875,7,7,2,6,8,102,64,38,8,34,68,7.10294117647059,7.6953125,6.10526315789474,6.5,7.02941176470588,7.13970588235294,11
"22",2003,4,7.71428571428571,7,8.2,6.5,8,NA,7.71428571428571,5,2,1,0,7,109,69,40,9,34,75,7.14220183486239,7.73188405797101,6.125,6.66666666666667,7.02941176470588,7.19333333333333,12
"23",2003,5,7,13,7.42857142857143,6.5,NA,8,6.81818181818182,7,6,0,2,11,122,76,46,9,36,86,7.12704918032787,7.70394736842105,6.17391304347826,6.66666666666667,7.08333333333333,7.1453488372093,13
"24",2003,6,7.26666666666667,15,7.3125,7.21428571428571,NA,7.4375,7.07142857142857,8,7,0,8,7,137,84,53,9,44,93,7.14233576642336,7.66666666666667,6.31132075471698,6.66666666666667,7.14772727272727,7.13978494623656,14
"25",2003,7,6.76190476190476,42,7.11538461538461,6.1875,7,6.36363636363636,6.90322580645161,26,16,2,11,31,179,110,69,11,55,124,7.05307262569832,7.53636363636364,6.28260869565217,6.72727272727273,6.99090909090909,7.08064516129032,15
"26",2003,8,7.06818181818182,22,7.42857142857143,6.9,7,7.5,6.97222222222222,7,15,2,4,18,201,117,84,13,59,142,7.0547263681592,7.52991452991453,6.39285714285714,6.76923076923077,7.02542372881356,7.0669014084507,16
"27",2003,9,7.04666666666667,15,7.8,5.91666666666667,6,7.875,6.74545454545455,9,6,2,4,11,216,126,90,15,63,153,7.05416666666667,7.54920634920635,6.36111111111111,6.66666666666667,7.07936507936508,7.0437908496732,17
"28",2003,10,7.1,15,7.375,6.78571428571429,7,6.5,7.31818181818182,8,7,1,4,11,231,134,97,16,67,164,7.05714285714286,7.53880597014925,6.39175257731959,6.6875,7.04477611940298,7.06219512195122,18
"29",2003,11,7.58333333333333,6,7.5,7.66666666666667,NA,7.33333333333333,7.83333333333333,3,3,0,3,3,237,137,100,16,70,167,7.0704641350211,7.53795620437956,6.43,6.6875,7.05714285714286,7.07604790419162,19
"30",2003,12,7.35714285714286,7,7.75,6.83333333333333,NA,7.75,6.83333333333333,4,3,0,4,3,244,141,103,16,74,170,7.07868852459016,7.54397163120567,6.44174757281553,6.6875,7.09459459459459,7.07176470588235,20
"31",2004,1,6.69230769230769,13,6.66666666666667,6.75,NA,6.33333333333333,6.8,9,4,0,3,10,257,150,107,16,77,180,7.0591439688716,7.49133333333333,6.45327102803738,6.6875,7.06493506493506,7.05666666666667,21
"32",2004,2,7.05,17,7.303125,3,NA,7.125,6.98333333333333,16,1,0,8,9,274,166,108,16,85,189,7.05857664233577,7.47319277108434,6.4212962962963,6.6875,7.07058823529412,7.0531746031746,22
"33",2004,3,7.55555555555556,9,7.5,7.66666666666667,8.5,7.75,7.4,6,3,2,4,5,283,172,111,18,89,194,7.0743816254417,7.47412790697674,6.45495495495495,6.88888888888889,7.10112359550562,7.06211340206186,23
"34",2004,4,7.3125,8,7.64285714285714,5,NA,6.75,7.5,7,1,0,2,6,291,179,112,18,91,200,7.08092783505155,7.48072625698324,6.44196428571429,6.88888888888889,7.09340659340659,7.07525,24
"35",2004,5,7.33,10,7.6,7.06,NA,7,7.36666666666667,5,5,0,1,9,301,184,117,18,92,209,7.08920265780731,7.48396739130435,6.46837606837607,6.88888888888889,7.09239130434783,7.0877990430622,25
"36",2004,6,7,16,7.44444444444444,6.42857142857143,6,7.14285714285714,6.88888888888889,9,7,1,7,9,317,193,124,19,99,218,7.08470031545741,7.48212435233161,6.46612903225806,6.84210526315789,7.0959595959596,7.0795871559633,26
"37",2004,7,7.45833333333333,12,7.66666666666667,6.83333333333333,NA,7.66666666666667,7.38888888888889,9,3,0,3,9,329,202,127,19,102,227,7.0983282674772,7.49034653465347,6.4748031496063,6.84210526315789,7.11274509803922,7.09185022026432,27
"38",2004,8,7,7,7.2,6.5,6,7,7,5,2,1,1,6,336,207,129,20,103,233,7.09627976190476,7.48333333333333,6.47519379844961,6.8,7.11165048543689,7.08948497854077,28
"39",2004,9,7.22,25,7.33333333333333,6.625,NA,6.85,7.46666666666667,21,4,0,10,15,361,228,133,20,113,248,7.10484764542936,7.46951754385965,6.4796992481203,6.8,7.08849557522124,7.11229838709677,29
"40",2004,10,7.25,20,7.3125,7,NA,7,7.35714285714286,16,4,0,6,14,381,244,137,20,119,262,7.11246719160105,7.45922131147541,6.4948905109489,6.8,7.08403361344538,7.12538167938931,30
"41",2004,11,6.83333333333333,15,6.95,6.6,7,6.625,6.90909090909091,10,5,2,4,11,396,254,142,22,123,273,7.10189393939394,7.43917322834646,6.49859154929577,6.81818181818182,7.06910569105691,7.11666666666667,31
"42",2004,12,7,10,7.4,6.6,7,7,7,5,5,1,6,4,406,259,147,23,129,277,7.0993842364532,7.43841698841699,6.50204081632653,6.82608695652174,7.06589147286822,7.11498194945848,32
"43",2005,1,7.23793103448276,29,7.42727272727273,6.64285714285714,7.5,7.24166666666667,7.23529411764706,22,7,1,12,17,435,281,154,24,141,294,7.10862068965517,7.43754448398576,6.50844155844156,6.85416666666667,7.08085106382979,7.1219387755102,33
"44",2005,2,7.43125,16,7.37692307692308,7.66666666666667,9,7.375,7.4875,13,3,1,8,8,451,294,157,25,149,302,7.12006651884701,7.43486394557823,6.53057324840764,6.94,7.09664429530201,7.13162251655629,34
"45",2005,3,7.16190476190476,21,7.34615384615385,6.8625,7.3,7.51666666666667,7.02,13,8,3,6,15,472,307,165,28,155,317,7.1219279661017,7.43110749185668,6.54666666666667,6.97857142857143,7.11290322580645,7.12634069400631,35
"46",2005,4,7.09375,16,7.33333333333333,6.375,NA,7.16666666666667,7.05,12,4,0,6,10,488,319,169,28,161,327,7.12100409836066,7.42742946708464,6.54260355029586,6.97857142857143,7.11490683229814,7.12400611620795,36
"47",2005,5,7,16,7.25,6.75,6,6.5,7.22727272727273,8,8,1,5,11,504,327,177,29,166,338,7.1171626984127,7.42308868501529,6.55197740112994,6.9448275862069,7.09638554216868,7.12736686390533,37
"48",2005,6,7.4375,16,7.94444444444444,6.78571428571429,NA,6.83333333333333,7.8,9,7,0,6,10,520,336,184,29,172,348,7.12701923076923,7.43705357142857,6.56086956521739,6.9448275862069,7.08720930232558,7.14669540229885,38
"49",2005,7,6.99285714285714,14,7.05,6.85,8,6.5,7.3625,10,4,1,6,8,534,346,188,30,178,356,7.12350187265918,7.42586705202312,6.56702127659574,6.98,7.06741573033708,7.15154494382023,39
"50",2005,8,6.90882352941177,34,7.32666666666667,6.57894736842105,6,6.995,6.78571428571429,15,19,3,20,14,568,361,207,33,198,370,7.11065140845071,7.42174515235457,6.56811594202899,6.89090909090909,7.06010101010101,7.1377027027027,40
"51",2005,9,7.3,25,7.53571428571429,7,7.375,7.28571428571429,7.31818181818182,14,11,4,14,11,593,375,218,37,212,381,7.11863406408095,7.426,6.58990825688073,6.94324324324324,7.075,7.14291338582677,41
"52",2005,10,6.91052631578947,19,7.20909090909091,6.5,7,6.97777777777778,6.85,11,8,2,9,10,612,386,226,39,221,391,7.11217320261438,7.41981865284974,6.58672566371681,6.94615384615385,7.0710407239819,7.13542199488491,42
"53",2005,11,7.292,25,7.88666666666667,6.4,NA,7.33333333333333,7.26875,15,10,0,9,16,637,401,236,39,230,407,7.11923076923077,7.43728179551122,6.57881355932203,6.94615384615385,7.08130434782609,7.14066339066339,43
"54",2005,12,6.86363636363636,22,7.53846153846154,5.88888888888889,6.25,7,6.8125,13,9,4,6,16,659,414,245,43,236,423,7.11069802731411,7.44045893719807,6.5534693877551,6.88139534883721,7.07923728813559,7.12825059101655,44
"55",2006,1,7.29411764705882,34,7.67647058823529,6.91176470588235,7,7,7.58823529411765,17,17,4,17,17,693,431,262,47,253,440,7.11969696969697,7.44976798143852,6.57671755725191,6.89148936170213,7.07391304347826,7.14602272727273,45
"56",2006,2,7.27608695652174,23,7.33888888888889,7.05,8.25,7.59615384615385,6.86,18,5,1,13,10,716,449,267,48,266,450,7.12472067039106,7.44532293986637,6.58558052434457,6.91979166666667,7.09943609022556,7.13966666666667,46
"57",2006,3,7.20833333333333,30,7.75,6.5,NA,7.34090909090909,7.13157894736842,17,13,0,11,19,746,466,280,48,277,469,7.12808310991957,7.45643776824034,6.58160714285714,6.91979166666667,7.10902527075812,7.13933901918977,47
"58",2006,4,7.22727272727273,11,7.25,7,NA,6.75,7.5,10,1,0,4,7,757,476,281,48,281,476,7.12952443857332,7.45210084033613,6.58309608540925,6.91979166666667,7.10391459074733,7.14464285714286,48
"59",2006,5,7.30555555555556,18,7.33333333333333,7.25,NA,7.41666666666667,7.25,12,6,0,6,12,775,488,287,48,287,488,7.13361290322581,7.44918032786885,6.59703832752613,6.91979166666667,7.11045296167247,7.14723360655738,49
"60",2006,6,7.316875,16,7.37076923076923,7.08333333333333,7,7.75,6.98,13,3,1,7,9,791,501,290,49,294,497,7.1373198482933,7.44714570858283,6.60206896551724,6.92142857142857,7.12568027210884,7.14420523138833,50
"61",2006,7,6.62173913043478,23,7,6.20909090909091,7.5,6.25,6.82,12,11,2,8,15,814,513,301,51,302,512,7.12275184275184,7.43668615984406,6.58770764119601,6.94411764705882,7.10248344370861,7.13470703125,51
"62",2006,8,7.07894736842105,19,7.5,6.35714285714286,NA,7.14285714285714,7.04166666666667,12,7,0,7,12,833,525,308,51,309,524,7.12175270108043,7.43813333333333,6.58246753246753,6.94411764705882,7.10339805825243,7.13257633587786,52
"63",2006,9,7.08333333333333,12,7.35714285714286,6.7,NA,7.25,6.91666666666667,7,5,0,6,6,845,532,313,51,315,530,7.12120710059172,7.43706766917293,6.58434504792332,6.94411764705882,7.10619047619048,7.1301320754717,53
"64",2006,10,6.82142857142857,28,7.11538461538461,6.56666666666667,7,6.9,6.77777777777778,13,15,2,10,18,873,545,328,53,325,548,7.11159221076747,7.42939449541285,6.58353658536585,6.94622641509434,7.09984615384615,7.11855839416059,54
"65",2006,11,7.28,15,7.68888888888889,6.66666666666667,8,7.2,7.32,9,6,1,5,10,888,554,334,54,330,558,7.11443693693694,7.43361010830325,6.58502994011976,6.96574074074074,7.10136363636364,7.12216845878136,55
"66",2006,12,7.03170731707317,41,7.35454545454545,6.65789473684211,6.66666666666667,6.53333333333333,7.171875,22,19,3,9,32,929,576,353,57,339,590,7.11078579117331,7.43059027777778,6.58895184135977,6.95,7.08628318584071,7.12486440677966,56
"67",2007,1,7.16071428571429,28,7.375,6.625,6,6.4,7.32608695652174,20,8,2,5,23,957,596,361,59,344,613,7.11224660397074,7.42872483221477,6.58975069252078,6.91779661016949,7.07630813953489,7.13241435562806,57
"68",2007,2,7.4831128,25,7.7,7.33852133333333,7.5,7.71428571428571,7.39321222222222,10,15,2,7,18,982,606,376,61,351,631,7.12168820773931,7.43320132013201,6.61962186170213,6.93688524590164,7.08903133903134,7.13985391442155,58
"69",2007,3,7.12962962962963,27,7.16666666666667,7.05555555555556,8,7.3,7.02941176470588,18,9,1,10,17,1009,624,385,62,361,648,7.1219007135778,7.42551282051282,6.62981251948052,6.95403225806452,7.09487534626039,7.13695651234568,59
"70",2007,4,6.54761904761905,21,6.79166666666667,6.22222222222222,NA,6.4375,6.61538461538461,12,9,0,8,13,1030,636,394,62,369,661,7.11019205825243,7.4135534591195,6.62050208121827,6.95403225806452,7.08062330623306,7.12669866868381,60
"71",2007,5,6.83333333333333,21,7.25,6.45454545454545,5,6.5,7.03846153846154,10,11,1,8,13,1051,646,405,63,377,674,7.10466015223597,7.41102167182663,6.61599461728395,6.92301587301587,7.06830238726791,7.12499676557864,61
"72",2007,6,6.63888888888889,18,7.5,5.95,6.66666666666667,6.3,7.0625,8,10,3,10,8,1069,654,415,66,387,682,7.0968174181478,7.41211009174312,6.59994655421687,6.91136363636364,7.0484496124031,7.12426366568915,62
"73",2007,7,6.9875,20,7.45454545454545,6.41666666666667,7,7.08333333333333,6.90909090909091,11,9,1,9,11,1089,665,424,67,396,693,7.09480975206612,7.41281203007519,6.59605617924528,6.91268656716418,7.04924242424243,7.12084822510823,63
"74",2007,8,6.42592592592593,27,7.07142857142857,5.73076923076923,7,6.27777777777778,6.5,14,13,1,9,18,1116,679,437,68,405,711,7.07862707885305,7.40577319587629,6.57031537757437,6.91397058823529,7.0320987654321,7.10513054852321,64
"75",2007,9,6.98333333333333,24,7.50909090909091,6.53846153846154,6.16666666666667,7.02,6.95714285714286,11,13,3,10,14,1140,690,450,71,415,725,7.07662089473684,7.40742028985507,6.56939515555556,6.88239436619718,7.03180722891566,7.10227285517241,65
"76",2007,10,7.46333333333333,30,7.78571428571429,7.18125,7,9,7.35357142857143,14,16,1,2,28,1170,704,466,72,417,753,7.0865365982906,7.41494318181818,6.5904030472103,6.88402777777778,7.04124700239808,7.11161729083665,66
"77",2007,11,6.54594594594595,37,6.86,6.17647058823529,6,6.54166666666667,6.548,20,17,2,12,25,1207,724,483,74,429,778,7.06996505385253,7.39961325966851,6.57583399585921,6.86013513513513,7.02727272727273,7.09350619537275,67
"78",2007,12,6.6969696969697,33,7,6.33333333333333,5.66666666666667,6.79411764705882,6.59375,18,15,3,17,16,1240,742,498,77,446,794,7.06003856451613,7.38991913746631,6.56852975903614,6.81363636363636,7.01838565022422,7.08343554156171,68
"79",2008,1,7.00882352941176,34,7.415,6.42857142857143,6.25,7.25384615384615,6.85714285714286,20,14,2,13,21,1274,762,512,79,459,815,7.05867175824176,7.39057742782152,6.5647027734375,6.79936708860759,7.02505446623094,7.07760468711656,69
"80",2008,2,7.02941176470588,17,7.5,6.35714285714286,6,6.8125,7.22222222222222,10,7,3,8,9,1291,772,519,82,467,824,7.05828646010844,7.39199481865285,6.56190331406551,6.77012195121951,7.02141327623126,7.07918424757282,70
"81",2008,3,6.61153846153846,26,7.10769230769231,6.11538461538461,7.5,6.18181818181818,6.92666666666667,13,13,1,11,15,1317,785,532,83,478,839,7.04946683371299,7.38728662420382,6.55099214285714,6.7789156626506,7.00209205020921,7.07645747318236,71
"82",2008,4,6.66904761904762,21,7.14090909090909,6.15,NA,7.0375,6.44230769230769,11,10,0,8,13,1338,796,542,83,486,852,7.04349612855008,7.38388190954774,6.54359376383764,6.7789156626506,7.00267489711934,7.06678147887324,72
"83",2008,5,7.10833333333333,18,7.68125,6.65,6.75,6.71875,7.42,8,10,2,8,10,1356,804,552,85,494,862,7.04435679941003,7.3868407960199,6.54552141304348,6.77823529411765,6.99807692307692,7.07087914153132,73
"84",2008,6,6.6,25,7.57142857142857,6.22222222222222,5.66666666666667,6.33333333333333,6.75,7,18,3,9,16,1381,811,570,88,503,878,7.03631268645909,7.38843403205919,6.53531196491228,6.74034090909091,6.98618290258449,7.0650316856492,74
"85",2008,7,7.04242424242424,33,7.41428571428571,6.76842105263158,6.66666666666667,7.09333333333333,7,14,19,9,15,18,1414,825,589,97,518,896,7.03645531824611,7.38887272727273,6.54283161290323,6.73350515463918,6.98928571428572,7.06372524553571,75
"86",2008,8,6.73333333333333,30,6.96153846153846,6.55882352941176,5.8,7.05555555555556,6.59523809523809,13,17,5,9,21,1444,838,606,102,527,917,7.0301577700831,7.38224343675418,6.5432802310231,6.68774509803922,6.9904174573055,7.05299653217012,76
"87",2008,9,6.77941176470588,17,6.875,6.69444444444444,7.5,6.25,6.89285714285714,8,9,2,3,14,1461,846,615,104,530,931,7.02724012320329,7.37744680851064,6.5454923902439,6.70336538461538,6.98622641509434,7.05058842105263,77
"88",2008,10,6.85961538461538,26,7.34642857142857,6.29166666666667,6,6.84090909090909,6.87333333333333,14,12,6,11,15,1487,860,627,110,541,946,7.0243092266308,7.37694186046512,6.54063448165869,6.665,6.98327171903882,7.04777782241015,78
"89",2008,11,6.88428571428571,35,6.921875,6.85263157894737,7.24285714285714,7.41666666666667,6.77413793103448,16,19,7,6,29,1522,876,646,117,547,975,7.02108923784494,7.3686301369863,6.54981086687306,6.69957264957265,6.98802559414991,7.03963878974359,79
"90",2008,12,6.91794871794872,39,7.41428571428571,6.64,6,6.07,7.21034482758621,14,25,4,10,29,1561,890,671,121,557,1004,7.01851237668162,7.36934831460674,6.55317111773472,6.67644628099174,6.97154398563734,7.04456954183267,80
"91",2009,1,7.38064516129032,31,7.55263157894737,7.10833333333333,7.5,7.65,7.25238095238095,19,12,5,10,21,1592,909,683,126,567,1025,7.02556395728643,7.37317931793179,6.5629250658858,6.70912698412698,6.98350970017637,7.04882714146341,81
"92",2009,2,6.75,54,7.03636363636364,6.553125,5.5,6.65,6.77272727272727,22,32,6,10,44,1646,931,715,132,577,1069,7.01652358444715,7.3652201933405,6.56248646153846,6.65416666666667,6.97772963604853,7.03746288119738,82
"93",2009,3,6.75106382978723,47,7.21111111111111,6.46551724137931,6.40909090909091,7.10714285714286,6.6,18,29,11,14,33,1693,949,744,143,591,1102,7.00915405788541,7.3622971548999,6.55870674731183,6.63531468531469,6.98079526226734,7.02436281306715,83
"94",2009,4,6.65938775510204,49,6.6875,6.65390243902439,6.76333333333333,6.42083333333333,6.73675675675676,8,41,12,12,37,1742,957,785,155,603,1139,6.99931562571757,7.35665621734587,6.56367875159236,6.64522580645161,6.96965174129353,7.01502003511852,84
"95",2009,5,6.70232558139535,43,7.25,6.49032258064516,5.88888888888889,6.69230769230769,6.70666666666667,12,31,9,13,30,1785,969,816,164,616,1169,6.99216124369748,7.35533539731682,6.56089193627451,6.60371951219512,6.9637987012987,7.00710677502139,85
"96",2009,6,6.8047619047619,42,7.33125,6.48076923076923,7.375,7.04545454545455,6.71935483870968,16,26,4,11,31,1827,985,842,168,627,1200,6.98785321291735,7.35494416243655,6.55841783847981,6.62208333333333,6.9652312599681,6.99967318333333,86
"97",2009,7,6.7,32,7.0875,6.3125,5.375,6.53636363636364,6.78571428571429,16,16,4,11,21,1859,1001,858,172,638,1221,6.98289823561054,7.35066933066933,6.55383195804196,6.59308139534884,6.95783699059561,6.9959933005733,87
"98",2009,8,6.54545454545455,33,7,6.21052631578947,6.7,6.42857142857143,6.57692307692308,14,19,5,7,26,1892,1015,877,177,645,1247,6.9752684038055,7.34583251231527,6.54639432155074,6.59610169491525,6.95209302325581,6.98725566960706,88
"99",2009,9,6.70727272727273,33,7.16666666666667,6.60518518518519,6.75,6.81166666666667,6.64761904761905,6,27,8,12,21,1925,1021,904,185,657,1268,6.97067419220779,7.34477962781587,6.54815024336283,6.60275675675676,6.94952815829528,6.98163077287066,89
"100",2009,10,6.61034482758621,29,6.8375,6.52380952380952,6.75,6.8375,6.52380952380952,8,21,8,8,21,1954,1029,925,193,665,1289,6.96532641760491,7.34083576287658,6.54759764324324,6.60886010362694,6.94818045112782,6.97417208688906,90
"101",2009,11,7.02058823529412,51,7.60789473684211,6.671875,6.85,7.475,6.88076923076923,19,32,10,12,39,2005,1048,957,203,677,1328,6.9667320798005,7.34567748091603,6.55175320794148,6.62073891625616,6.95751846381093,6.9714290813253,91
"102",2009,12,6.904,25,7.57777777777778,6.525,5.5,7,6.87368421052632,9,16,6,6,19,2030,1057,973,209,683,1347,6.96595951724138,7.34765373699149,6.55131327852004,6.58856459330144,6.95789165446559,6.97005034892353,92
"103",2010,1,6.63958333333333,48,7.04705882352941,6.41612903225806,6,6.57272727272727,6.65945945945946,17,31,11,11,37,2078,1074,1004,220,694,1384,6.95842051010587,7.342895716946,6.54713926294821,6.55913636363636,6.95178674351585,6.96174697976879,93
"104",2010,2,6.96,25,7.79166666666667,6.19230769230769,6,6.35714285714286,7.19444444444444,12,13,1,7,18,2103,1086,1017,221,701,1402,6.95843928673324,7.34785451197054,6.54260355948869,6.55660633484163,6.94584878744651,6.9647345363766,94
"105",2010,3,6.6875,24,7.11111111111111,6.43333333333333,6,6.875,6.65,9,15,1,4,20,2127,1095,1032,222,705,1422,6.9553821438646,7.34590867579909,6.54101532945736,6.5540990990991,6.94544680851064,6.96030789029536,95
"106",2010,4,6.625,22,7.65,5.77083333333333,7,7.2,6.45588235294118,10,12,2,5,17,2149,1105,1044,224,710,1439,6.95199991624011,7.34866063348416,6.53216266283525,6.55808035714286,6.94723943661972,6.95434872828353,96
"107",2010,5,6.79090909090909,22,7.05555555555556,6.60769230769231,7.16666666666667,6.3,6.93529411764706,9,13,3,5,17,2171,1114,1057,227,715,1456,6.95036748963611,7.34629263913824,6.53309159886471,6.56612334801762,6.94271328671329,6.95412625,97
"108",2010,6,7.15,16,7.55,6.96818181818182,6,6.67857142857143,7.51666666666667,5,11,1,7,9,2187,1119,1068,228,722,1465,6.95182799268404,7.34720285969616,6.53757286516854,6.56364035087719,6.94015235457064,6.95758212969283,98
"109",2010,7,7.05869565217391,23,7.3,6.79545454545455,7,8,6.646875,12,11,2,7,16,2210,1131,1079,230,729,1481,6.95294019004525,7.34670203359859,6.5402018721038,6.5674347826087,6.950329218107,6.95422540175557,99
"110",2010,8,6.40384615384615,26,7.36363636363636,5.7,5.66666666666667,5.92857142857143,6.57894736842105,11,15,3,7,19,2236,1142,1094,233,736,1500,6.94655537567084,7.34686514886165,6.52868173674589,6.55583690987124,6.94061141304348,6.94947188,100
"111",2010,9,7.02352941176471,17,7.775,6.35555555555556,6.23333333333333,7.3,6.90833333333333,8,9,3,5,12,2253,1150,1103,236,741,1512,6.94713618286729,7.34984347826087,6.52726910244787,6.55173728813559,6.94303643724696,6.94914538359788,101
"112",2010,10,6.77407407407407,27,7.03571428571429,6.49230769230769,7.25,5.66666666666667,6.9125,14,13,2,3,24,2280,1164,1116,238,744,1536,6.94508676315789,7.34606529209622,6.52686184587813,6.55760504201681,6.93788978494624,6.94857279947917,102
"113",2010,11,6.93,30,7.47777777777778,6.6952380952381,7,7.22857142857143,6.83913043478261,9,21,4,7,23,2310,1173,1137,242,751,1559,6.94489083116883,7.34707587382779,6.52997169744943,6.5649173553719,6.94059920106525,6.94695819114817,103
"114",2010,12,6.90740740740741,27,7.36363636363636,6.59375,NA,7.3125,6.73684210526316,11,16,0,8,19,2337,1184,1153,242,759,1578,6.94445777492512,7.34722972972973,6.53085673894189,6.5649173553719,6.94451910408432,6.94442827629911,104
"115",2011,1,6.98793103448276,29,7.8,6.56052631578947,6.96666666666667,6.8125,7.016,10,19,3,4,25,2366,1194,1172,245,763,1603,6.94499062552832,7.35102177554439,6.53133773037542,6.56983673469388,6.94382699868938,6.94554449157829,105
"116",2011,2,6.69404761904762,21,7.42857142857143,6.32678571428571,6.1,6.21875,6.80588235294118,7,14,5,4,17,2387,1201,1186,250,767,1620,6.94278291579388,7.35147377185679,6.52892311973018,6.56044,6.94004563233377,6.94407890123457,106
"117",2011,3,7.07166666666667,30,7.375,6.86944444444444,7.4,6.5625,7.25681818181818,12,18,5,8,22,2417,1213,1204,255,775,1642,6.94438263136119,7.35170651277824,6.53401397009967,6.57690196078431,6.93614838709677,6.94826907429963,107
"118",2011,4,6.56153846153846,13,6.96,6.3125,5.33333333333333,5.5,6.75454545454545,5,8,3,2,11,2430,1218,1212,258,777,1653,6.94233449382716,7.35009852216749,6.53255183168317,6.56244186046512,6.93245173745174,6.94697992740472,108
"119",2011,5,6.49375,24,6.4,6.51842105263158,7.04166666666667,6.55,6.47894736842105,5,19,6,5,19,2454,1223,1231,264,782,1672,6.9379473594132,7.34621422730989,6.53233372867587,6.57333333333333,6.93000639386189,6.94166137559808,109
"120",2011,6,7.42307692307692,13,7.42857142857143,7.41666666666667,7,9.5,7.04545454545455,7,6,1,2,11,2467,1230,1237,265,784,1683,6.94050377786786,7.34668292682927,6.53662313662086,6.57494339622642,6.9365625,6.94233976232917,110
"121",2011,7,7.26296296296296,27,7.6875,7.08421052631579,7.1,7.14545454545455,7.34375,8,19,5,11,16,2494,1238,1256,270,795,1699,6.94399471531676,7.34888529886914,6.54490670382165,6.58466666666667,6.93945283018868,6.94611996468511,111
"122",2011,8,6.95263157894737,19,7.15,6.73333333333333,NA,7.4,6.79285714285714,10,9,0,5,14,2513,1248,1265,270,800,1713,6.94406001591723,7.34729166666667,6.54624728853755,6.58466666666667,6.94233125,6.94486737886748,112
"123",2011,9,6.7,27,7.75,6.2578947368421,6.66666666666667,6.16666666666667,6.76666666666667,8,19,3,3,24,2540,1256,1284,273,803,1737,6.94146567716535,7.34985668789809,6.5419803894081,6.58556776556777,6.93943337484433,6.94240519286125,113
"124",2011,10,6.84090909090909,22,7.66666666666667,6.53125,5.5,5.83333333333333,7,6,16,3,3,19,2562,1262,1300,276,806,1756,6.94060219359875,7.35136291600634,6.54184832307692,6.57376811594203,6.93531637717122,6.9430283712984,114
"125",2011,11,7.29285714285714,35,7.95454545454545,6.98958333333333,8,6.56,7.415,11,24,2,5,30,2597,1273,1324,278,811,1786,6.94534956488256,7.35657501963865,6.54996436555891,6.58402877697842,6.93300246609125,6.95095622620381,115
"126",2011,12,7.30526315789474,38,7.68333333333333,6.83823529411765,6.83333333333333,7,7.44615384615385,21,17,3,12,26,2635,1294,1341,281,823,1812,6.95053996963947,7.36187789799073,6.55361880686055,6.58669039145907,6.93397934386391,6.95806171081678,116
"127",2012,1,7.03584905660377,53,7.78571428571429,6.76666666666667,7.91666666666667,6.63888888888889,7.11704545454545,14,39,3,9,44,2688,1308,1380,284,832,1856,6.95222203125,7.36641437308869,6.55963972463768,6.60073943661972,6.93078725961539,6.96183072198276,117
"128",2012,2,7.01092592592593,54,7.71666666666667,6.65805555555556,7.3,7.21428571428571,6.98063829787234,18,36,5,7,47,2742,1326,1416,289,839,1903,6.95337812545587,7.37116892911011,6.5621418220339,6.61283737024222,6.93315256257449,6.96229522858644,118
"129",2012,3,6.9508,50,7.11545454545455,6.82142857142857,6.24285714285714,6.82666666666667,7.004,22,28,7,15,35,2792,1348,1444,296,854,1938,6.95333195558739,7.36699554896142,6.56716954293629,6.60408783783784,6.93128220140515,6.96304841073271,119
"130",2012,4,6.96206896551724,58,7.69642857142857,6.72840909090909,5.1,6.95833333333333,6.96304347826087,14,44,2,12,46,2850,1362,1488,298,866,1984,6.95350976140351,7.37038179148311,6.57193737903226,6.59399328859061,6.93165704387991,6.96304829637097,120
"131",2012,5,6.58787878787879,33,7.11111111111111,6.39166666666667,7,5.66666666666667,6.79259259259259,9,24,4,6,27,2883,1371,1512,302,872,2011,6.94932459937565,7.36867979576951,6.56907593915344,6.59937086092715,6.92295298165138,6.96075973147688,121
"132",2012,6,6.615,20,6.88333333333333,6.5,7,6.25,6.70625,6,14,3,4,16,2903,1377,1526,305,876,2027,6.94702129521185,7.36656499636892,6.56844221494102,6.60331147540984,6.9198801369863,6.95875077454366,122
"133",2012,7,7.592,15,7.88333333333333,7.39777777777778,8,8,7.56285714285714,6,9,1,1,14,2918,1383,1535,306,877,2041,6.95033681288554,7.36880694143167,6.57330476872964,6.60787581699347,6.92111174458381,6.96289457128858,123
"134",2012,8,6.94047619047619,21,7.375,6.67307692307692,7,7.5,6.80882352941176,8,13,2,4,17,2939,1391,1548,308,881,2058,6.95026635590337,7.36884255930985,6.57414264857881,6.61042207792208,6.92374006810443,6.96162187560738,124
"135",2012,9,7.03823529411765,17,7.3375,6.94615384615385,8,6,7.103125,4,13,1,1,16,2956,1395,1561,309,882,2074,6.95077226657645,7.36875268817204,6.57724075592569,6.61491909385113,6.92269274376417,6.96271351012536,125
"136",2012,10,6.325,20,6.83333333333333,6.10714285714286,7,6.41666666666667,6.28571428571429,6,14,1,6,14,2976,1401,1575,310,888,2088,6.9465668077957,7.3664596716631,6.57306210793651,6.61616129032258,6.91927364864865,6.95817424329502,126
"137",2012,11,6.77,30,7.3,6.505,6.21428571428571,6.8875,6.72727272727273,10,20,7,8,22,3006,1411,1595,317,896,2110,6.94480466400532,7.36598866052445,6.5722086645768,6.60728706624606,6.91898995535714,6.95576673933649,127
"138",2012,12,6.64821428571429,28,7.06666666666667,6.334375,6.37,5.71428571428571,6.95952380952381,12,16,5,7,21,3034,1423,1611,322,903,2131,6.94206750823995,7.36346451159522,6.56984656734947,6.60360248447205,6.9096511627907,6.95580376349132,128
"139",2013,1,6.75666666666667,24,7.18,6.33333333333333,7.66666666666667,6.75,6.75888888888889,12,12,3,6,18,3058,1435,1623,325,909,2149,6.94061243296272,7.36193031358885,6.56809785582255,6.61341538461538,6.90859735973597,6.95415440670079,129
"140",2013,2,6.82352941176471,17,6.88888888888889,6.75,8,7,6.8,9,8,2,2,15,3075,1444,1631,327,911,2164,6.93996514471545,7.35898199445983,6.5689900797057,6.62189602446483,6.90879802414929,6.95308586876155,130
"141",2013,3,6.07391304347826,23,6.83333333333333,5.80588235294118,6.33333333333333,6.5,5.98421052631579,6,17,3,4,19,3098,1450,1648,330,915,2183,6.93353544867657,7.35680689655172,6.56111821601942,6.61927272727273,6.90701092896175,6.94465314704535,131
"142",2013,4,6.58333333333333,18,6.65,6.5,8.25,7,6.46428571428571,10,8,2,4,14,3116,1460,1656,332,919,2197,6.93151245827985,7.35196575342466,6.5608229589372,6.62909638554217,6.90741566920566,6.94159208921256,132
"143",2013,5,6.44827586206897,29,7.45,5.92105263157895,6.5,6.5,6.43181818181818,10,19,5,7,22,3145,1470,1675,337,926,2219,6.92705654054054,7.35263265306122,6.55356586268657,6.62718100890208,6.90433585313175,6.93653799909869,133
"144",2013,6,6.95,16,6.88888888888889,7.02857142857143,NA,7,6.94285714285714,9,7,0,2,14,3161,1479,1682,337,928,2233,6.92717267320468,7.34981068289385,6.55554269916766,6.62718100890208,6.90454202586207,6.93657761755486,134
"145",2013,7,6.45,14,7,6.14444444444444,6,6,6.48461538461538,5,9,3,1,13,3175,1484,1691,340,929,2246,6.92506860472441,7.3486320754717,6.55335471318746,6.62164705882353,6.90356835306782,6.93396162956367,135
"146",2013,8,7.16176470588235,17,7.22272727272727,7.05,6,7.18125,7.14444444444444,11,6,1,8,9,3192,1495,1697,341,937,2255,6.92632920426065,7.34770568561873,6.55511067766647,6.61982404692082,6.90593916755603,6.9348016940133,136
"147",2013,9,6.76666666666667,27,6.95714285714286,6.7,6.75,6,6.8625,7,20,4,3,24,3219,1502,1717,345,940,2279,6.92499000310656,7.34588548601864,6.55679838089691,6.62133333333333,6.90304787234043,6.9340402896007,137
"148",2013,10,6.53684210526316,19,7.1,6.33571428571429,6.75,6.33,6.76666666666667,5,14,2,10,9,3238,1507,1731,347,950,2288,6.92271242124768,7.3450696748507,6.55501029462738,6.62207492795389,6.89701578947369,6.93338191433566,138
"149",2013,11,6.68333333333333,24,7.52222222222222,6.18,5.5,6.33333333333333,6.8,9,15,1,6,18,3262,1516,1746,348,956,2306,6.92095120171674,7.34612137203166,6.55178855670103,6.61885057471264,6.8934780334728,6.93234077189939,139
"150",2013,12,6.802,25,6.88846153846154,6.70833333333333,6.66666666666667,7.16666666666667,6.75227272727273,13,12,3,3,22,3287,1529,1758,351,959,2328,6.92004649224217,7.34223021582734,6.55285712172924,6.61925925925926,6.89433263816476,6.93063909793814,140
"151",2014,1,6.9,24,7.2,6.77647058823529,5.33333333333333,7,6.89090909090909,7,17,3,2,22,3311,1536,1775,354,961,2350,6.91990118393235,7.34158203125,6.55499877183099,6.6083615819209,6.89455254942768,6.93026715744681,141
"152",2014,2,6.67857142857143,21,6.8,6.640625,7,5,6.7625,5,16,3,1,20,3332,1541,1791,357,962,2370,6.91838019807923,7.33982478909799,6.55576371859296,6.61165266106443,6.89258316008316,6.92885140084388,142
"153",2014,3,6.755,10,7.35,6.5,5.5,7,6.72777777777778,3,7,2,1,9,3342,1544,1798,359,963,2379,6.91789132854578,7.33984455958549,6.55554661846496,6.60545961002786,6.89269470404984,6.9280907187894,143
"154",2014,4,6.86666666666667,15,7.25,6.72727272727273,6.66666666666667,6.5,6.92307692307692,4,11,3,2,13,3357,1548,1809,362,965,2392,6.91766244265713,7.33961240310077,6.55659083471531,6.60596685082873,6.89188082901554,6.92806346989966,144
"155",2014,5,6.61764705882353,17,6.75,6.5,6.5,5,6.71875,8,9,3,1,16,3374,1556,1818,365,966,2408,6.91615080616479,7.33658097686375,6.55631068206821,6.60509589041096,6.88992236024845,6.92667268272425,145
"156",2014,6,6.25,6,6.75,6,7,7,6.1,2,4,1,1,5,3380,1558,1822,366,967,2413,6.91496828994083,7.33582798459564,6.55508936333699,6.60617486338798,6.89003619441572,6.92495972648156,146
"157",2014,7,6.84090909090909,11,7.20833333333333,6.4,NA,8,6.725,6,5,0,1,10,3391,1564,1827,366,968,2423,6.9147280507225,7.33533887468031,6.55466492610837,6.60617486338798,6.89118285123967,6.9241344696657,147
"158",2014,8,6.60714285714286,14,7.4,6.16666666666667,6.33333333333333,6.75,6.58333333333333,5,9,3,2,12,3405,1569,1836,369,970,2435,6.91346338325991,7.33554493307839,6.55276297385621,6.6039566395664,6.89089175257732,6.92245495687885,148
"159",2014,9,6.7,12,6.75,6.675,5,6.33333333333333,6.82222222222222,4,8,1,3,9,3417,1573,1844,370,973,2444,6.91271373134328,7.33405594405594,6.55329328633406,6.59962162162162,6.8891726618705,6.92208585106383,149
"160",2014,10,6.75,12,7.16666666666667,6.33333333333333,6,6,6.81818181818182,6,6,1,1,11,3429,1579,1850,371,974,2455,6.91214430446194,7.3334198860038,6.5525799027027,6.59800539083558,6.88825975359343,6.92162029327902,150
"161",2014,11,7.02941176470588,17,7.57142857142857,6.65,7.125,7.375,6.92307692307692,7,10,4,4,13,3446,1586,1860,375,978,2468,6.91272281485781,7.33447036569987,6.55310366666667,6.60362666666667,6.89025051124744,6.92162796596434,151
"162",2014,12,6.41578947368421,19,6.3125,6.49090909090909,6.7,6.525,6.38666666666667,8,11,3,4,15,3465,1594,1871,378,982,2483,6.90999792784993,7.32934127979925,6.55273801175842,6.60439153439153,6.88876272912424,6.91839622231172,152
"163",2015,1,6.87368421052632,19,7.1,6.5625,5.66666666666667,6.875,6.87333333333333,11,8,3,4,15,3484,1605,1879,381,986,2498,6.90979989092997,7.32776947040498,6.55277957424162,6.59700787401575,6.88870689655173,6.9181256285028,153
"164",2015,2,6.46875,16,7.125,6.25,6,6,6.5,4,12,1,1,15,3500,1609,1891,382,987,2513,6.90778366285714,7.32726538222498,6.55085818085669,6.59544502617801,6.88780648429585,6.91562985276562,154
"165",2015,3,6.975,16,7.1875,6.7625,9,7.36666666666667,6.88461538461539,8,8,1,3,13,3516,1617,1899,383,990,2526,6.90808953924915,7.32657390228819,6.55174977356503,6.60172323759791,6.88925757575758,6.91547023752969,155
"166",2015,4,6.93333333333333,15,7.625,6.68181818181818,7,6.5,7,4,11,3,2,13,3531,1621,1910,386,992,2539,6.90819677711696,7.32731030228254,6.55249885863874,6.60481865284974,6.88847278225807,6.91590304056715,156
"167",2015,5,7.16375,8,7.8,6.5275,8.01,NA,7.16375,4,4,1,0,8,3539,1625,1914,387,992,2547,6.90877446171235,7.32847384615385,6.55244661442006,6.6084496124031,6.88847278225807,6.91668151550844,157
"168",2015,6,6.64666666666667,15,7.24,6.35,7,5.5,6.72857142857143,5,10,1,1,14,3554,1630,1924,388,993,2561,6.90766821046708,7.32820245398773,6.5513943970894,6.6094587628866,6.88707452165156,6.91565319016009,158
"169",2015,7,6.77777777777778,9,7,6.75,6.33333333333333,7,6.75,1,8,3,1,8,3563,1631,1932,391,994,2569,6.90734011226495,7.32800122624157,6.5522167805383,6.60734015345269,6.88718812877264,6.9151373374854,159
"170",2015,8,6.32142857142857,14,7.71428571428571,4.92857142857143,5,NA,6.32142857142857,7,7,1,0,14,3577,1638,1939,392,994,2583,6.9050469164104,7.32965201465201,6.54635524497163,6.60323979591837,6.88718812877264,6.91191940379404,160
"171",2015,9,7,8,7.25,6.91666666666667,8,NA,7,2,6,1,0,8,3585,1640,1945,393,994,2591,6.90525880613668,7.32955487804878,6.54749759383033,6.60679389312977,6.88718812877264,6.91219136240833,161
"172",2015,10,6.65,15,6.4375,6.72727272727273,7.33333333333333,6.75,6.6,4,11,3,5,10,3600,1644,1956,396,999,2601,6.90419522777778,7.32738442822385,6.548508599182,6.61229797979798,6.8865015015015,6.91099108804306,162
"173",2015,11,6.47222222222222,18,6.8125,6.2,5.5,5,6.76666666666667,8,10,2,3,15,3618,1652,1966,398,1002,2616,6.90204610834715,7.32489104116223,6.54673592065107,6.60670854271357,6.88085329341318,6.91016353975535,163
"174",2015,12,6.72352941176471,17,6.78571428571429,6.68,6.9,6.75,6.72,7,10,1,2,15,3635,1659,1976,399,1004,2631,6.90121122971114,7.32261603375528,6.5474103340081,6.60744360902256,6.88059262948207,6.90907936906119,164
"175",2016,1,6.578125,16,6.7,6.52272727272727,5.5,8,6.48333333333333,5,11,2,1,15,3651,1664,1987,401,1005,2646,6.89979534921939,7.32074519230769,6.54727368897836,6.60192019950125,6.88170646766169,6.90666584278156,165
"176",2016,2,6.65,10,7.5,6.4375,7,7,6.5625,2,8,1,2,8,3661,1666,1995,402,1007,2654,6.89911303468998,7.32096038415366,6.54683349373433,6.60291044776119,6.8819414101291,6.90562841748304,166
"177",2016,3,6.90769230769231,13,8,6.81666666666667,7,7,6.9,1,12,3,1,12,3674,1667,2007,405,1008,2666,6.89914339139902,7.32136772645471,6.54844684603886,6.60585185185185,6.88205853174603,6.90560308327082,167
"178",2016,4,6.9,10,7.25,6.66666666666667,7,NA,6.9,4,6,1,0,10,3684,1671,2013,406,1008,2676,6.89914571661238,7.32119688809096,6.54879921510184,6.60682266009852,6.88205853174603,6.90558214499252,168
"179",2016,5,7.15625,16,7.8,6.86363636363636,6,7.125,7.16666666666667,5,11,1,4,12,3700,1676,2024,407,1012,2688,6.90025751891892,7.32262529832936,6.55051028656126,6.6053316953317,6.88301877470356,6.90674770089286,169
"180",2016,6,7.15,10,7.75,6.75,NA,6.75,7.41666666666667,4,6,0,4,6,3710,1680,2030,407,1016,2694,6.90093067924528,7.32364285714286,6.55109991133005,6.6053316953317,6.88249507874016,6.90788337787676,170
"181",2016,7,6.32,15,7.38333333333333,5.61111111111111,4.5,NA,6.32,6,9,3,0,15,3725,1686,2039,410,1016,2709,6.89859136107383,7.32385527876631,6.54695086807258,6.58992682926829,6.88249507874016,6.90462820967146,171
"182",2016,8,7.11904761904762,21,7.4,7.03125,6,8,6.97222222222222,5,16,1,3,18,3746,1691,2055,411,1019,2727,6.89982723438334,7.32408042578356,6.55072156690997,6.58849148418492,6.88578508341511,6.90507437477081,172
"183",2016,9,6.56315789473684,19,7.125,6.15454545454545,6,6.5,6.57058823529412,8,11,2,2,17,3765,1699,2066,413,1021,2744,6.89812823904383,7.32314302530901,6.5486122071636,6.5856416464891,6.88502938295789,6.90300212099125,173
"184",2016,10,6.921875,16,7.05555555555556,6.75,NA,5.5,7.125,9,7,0,2,14,3781,1708,2073,413,1023,2758,6.89822872784978,7.32173302107728,6.5492922431259,6.5856416464891,6.88232160312806,6.9041290137781,174
"185",2016,11,6.475,20,7.3,6.2,7,7.66666666666667,6.26470588235294,5,15,1,3,17,3801,1713,2088,414,1026,2775,6.89600179426467,7.32166958552248,6.54678295977011,6.5866425120773,6.88461500974659,6.90021182702702,175
"186",2016,12,6.56666666666667,15,6.25,6.68181818181818,6.83333333333333,NA,6.56666666666667,4,11,3,0,15,3816,1717,2099,417,1026,2790,6.89470723794549,7.31917297612114,6.54749062410672,6.58841726618705,6.88461500974659,6.8984185734767,176
"187",2017,1,7.33928571428571,14,7.84375,6.66666666666667,NA,9.5,7.17307692307692,8,6,0,1,13,3830,1725,2105,417,1027,2803,6.89633232898172,7.32160579710145,6.54783031828979,6.58841726618705,6.88716163583252,6.89969240813414,177
"188",2017,2,6.78571428571429,14,7.35714285714286,6.21428571428571,5.25,5.75,7.2,7,7,2,4,10,3844,1732,2112,419,1031,2813,6.89592945369407,7.3217494226328,6.54672482007576,6.58202863961814,6.88274975751697,6.90075997867046,178
"189",2017,3,6.125,8,7.5,5.92857142857143,6,5.5,6.33333333333333,1,7,1,2,6,3852,1733,2119,420,1033,2819,6.89432835410177,7.32185227928448,6.54468278433223,6.58064285714286,6.88007260406583,6.89955225966655,179
"190",2017,4,6.57142857142857,14,6.75,6.5,6.5,7,6.5,4,10,2,2,12,3866,1737,2129,422,1035,2831,6.89315903259183,7.32053540587219,6.54447290746829,6.58026066350711,6.88030434782609,6.89785864358884,180
"191",2017,5,6.6875,12,7.1,6.39285714285714,NA,7.5,6.61363636363636,5,7,0,1,11,3878,1742,2136,422,1036,2842,6.89252264569366,7.31990241102181,6.54397603932584,6.58026066350711,6.88090250965251,6.89675855735397,181
"192",2017,6,6.73764705882353,17,6.78,6.72,6,7.16666666666667,6.64571428571429,5,12,1,3,14,3895,1747,2148,423,1039,2856,6.89184668035944,7.31835718374356,6.54495941340782,6.57888888888889,6.88172762271415,6.89552794817927,182
"193",2017,7,6.33333333333333,6,8,5.5,6,4.5,7.25,2,4,1,2,4,3901,1749,2152,424,1041,2860,6.89098764932069,7.31913664951401,6.54301710966543,6.57752358490566,6.87715177713737,6.89602371328671,183
"194",2017,8,7,12,7,7,6.75,NA,7,2,10,2,0,12,3913,1751,2162,426,1041,2872,6.89132195757731,7.31877213021131,6.54513081406105,6.57833333333333,6.87715177713737,6.8964581545961,184
"195",2017,9,6.45,10,6.625,6.33333333333333,6.5,6,6.5625,4,6,2,2,8,3923,1755,2168,428,1043,2880,6.89019699719602,7.31719088319088,6.54454465867159,6.57796728971963,6.87546979865772,6.89553049305555,185
"196",2017,10,6.25,12,NA,6.25,6,6,6.27272727272727,0,12,1,1,11,3935,1755,2180,429,1044,2891,6.88824468106734,7.31719088319088,6.54292331192661,6.57662004662005,6.87463122605364,6.89316078173642,186
"197",2017,11,7.07142857142857,7,7.5,6.75,NA,6,7.5,3,4,0,2,5,3942,1758,2184,429,1046,2896,6.8885699695586,7.31750284414107,6.54330257326007,6.57662004662005,6.87295889101339,6.89420850138121,187
"198",2017,12,6.9,8,7.2,6.4,NA,NA,6.9,5,3,0,0,8,3950,1763,2187,429,1046,2904,6.88859311898734,7.31716959727737,6.54310599908551,6.57662004662005,6.87295889101339,6.89422445592286,188
"199",2018,1,6.57,15,7.06,6.325,5.45,4.5,6.88846153846154,5,10,2,2,13,3965,1768,2197,431,1048,2917,6.88738784867591,7.31644230769231,6.54211325443787,6.57139211136891,6.86843034351145,6.89419877271169,189
"200",2018,2,6.36666666666667,9,8.075,5,NA,6,6.4125,4,5,0,1,8,3974,1772,2202,431,1049,2925,6.88620856064419,7.3181546275395,6.53861163487738,6.57139211136891,6.867602478551,6.8928813059829,190
"201",2018,3,7.18181818181818,11,7.6,6.83333333333333,7,7,7.28571428571429,5,6,1,4,7,3985,1777,2208,432,1053,2932,6.88702454705144,7.31894766460326,6.53941250905797,6.57238425925926,6.86810541310541,6.89381917462483,191
"202",2018,4,6.58333333333333,6,6.33333333333333,6.83333333333333,NA,7,6.5,3,3,0,1,5,3991,1780,2211,432,1054,2937,6.88656798296166,7.31728651685393,6.53981131614654,6.57238425925926,6.86823055028463,6.89314872999659,192
"203",2018,5,6.92307692307692,13,7.5,6.5625,5,6.66666666666667,7,5,8,1,3,10,4004,1785,2219,433,1057,2947,6.88668651848152,7.31779831932773,6.53989311401532,6.56875288683603,6.86765846736046,6.8935113064133,193
"204",2018,6,6.96153846153846,13,7.25,6.71428571428571,NA,6,7.04166666666667,6,7,0,1,12,4017,1791,2226,433,1058,2959,6.88692875777944,7.31757118927973,6.54044151841869,6.56875288683603,6.86683837429112,6.89411213923623,194
"205",2018,7,6.33333333333333,6,6,6.66666666666667,NA,NA,6.33333333333333,3,3,0,0,6,4023,1794,2229,433,1058,2965,6.88610311210539,7.31536789297659,6.54061140421714,6.56875288683603,6.86683837429112,6.89297734232715,195
"206",2018,8,6.72727272727273,11,6.8,6.66666666666667,NA,7,6.7,5,6,0,1,10,4034,1799,2235,433,1059,2975,6.88567000991572,7.31393551973318,6.54094980760627,6.56875288683603,6.8669641170916,6.89232867899159,196
"207",2018,9,7.16666666666667,9,6.75,8,NA,NA,7.16666666666667,6,3,0,0,9,4043,1805,2238,433,1059,2984,6.88629552807321,7.31206094182825,6.54290563896336,6.56875288683603,6.8669641170916,6.89315610589812,197
"208",2018,10,6.25,4,7,6,NA,NA,6.25,1,3,0,0,4,4047,1806,2241,433,1059,2988,6.88566662218928,7.31188815060908,6.54217885765283,6.56875288683603,6.8669641170916,6.89229512048193,198
"209",2018,11,6.21538461538462,13,6.32857142857143,6.08333333333333,5.5,5.33333333333333,6.48,7,6,2,3,10,4060,1813,2247,435,1062,2998,6.88352039901478,7.3080915609487,6.54095363595906,6.56383908045977,6.862631826742,6.89091988659106,199
"210",2018,12,6.4,9,7.16666666666667,6.01666666666667,4,6,6.45,3,6,1,1,8,4069,1816,2253,436,1063,3006,6.88245092651757,7.30785792951542,6.53955739902353,6.55795871559633,6.86182031984948,6.88974644710579,200
"211",2019,1,6.675,12,6.8,6.58571428571429,7,8.55,6.3,5,7,1,2,10,4081,1821,2260,437,1065,3016,6.88184092624357,7.30646348160351,6.53970036283186,6.55897025171625,6.86499061032864,6.88779105437666,201
"212",2019,2,6.33333333333333,6,6.66666666666667,6,4,4,6.8,3,3,1,1,5,4087,1824,2263,438,1066,3021,6.88103567898214,7.30541118421053,6.53898489615555,6.55312785388128,6.86230300187617,6.8876457530619,202
"213",2019,3,6.59285714285714,7,6.325,6.95,NA,7,6.525,4,3,0,1,6,4094,1828,2266,438,1067,3027,6.8805429457743,7.3032658643326,6.53952904677847,6.55312785388128,6.8624320524836,6.88692693095474,203
"214",2019,4,6.44444444444444,9,7,6.28571428571429,NA,6,6.5,2,7,0,1,8,4103,1830,2273,438,1068,3035,6.87958635632464,7.30293442622951,6.53874739111307,6.55312785388128,6.86162453183521,6.88590702471169,204
"215",2019,5,6.66666666666667,6,8,5.33333333333333,NA,6.5,6.75,3,3,0,2,4,4109,1833,2276,438,1070,3039,6.87927544901436,7.30407528641571,6.53715853251318,6.55312785388128,6.86094859813084,6.8857281408358,205
"216",2019,6,6.225,4,6,6.45,NA,NA,6.225,2,2,0,0,4,4113,1835,2278,438,1070,3043,6.87863914903963,7.30265395095368,6.53708201053556,6.55312785388128,6.86094859813084,6.88485961879724,206
"217",2019,7,7,6,7.5,6.75,7,6,7.5,2,4,1,2,4,4119,1837,2282,439,1072,3047,6.87881593105123,7.30286880783887,6.53745522348817,6.55414578587699,6.85934235074627,6.88566715457827,207
"218",2019,8,6.22727272727273,11,6.6,5.91666666666667,5.5,6.5,6.16666666666667,5,6,2,2,9,4130,1842,2288,441,1074,3056,6.87708058595642,7.30096091205212,6.53582728146853,6.54936507936508,6.85867318435754,6.88354967931937,208
"219",2019,9,7,9,7.2,6.75,7,7,7,5,4,1,2,7,4139,1847,2292,442,1076,3063,6.87734786663445,7.30068760151597,6.53620105584642,6.55038461538462,6.85893587360595,6.88381580803134,209
"220",2019,10,6.93333333333333,12,7.16666666666667,6.7,NA,6.33333333333333,7.13333333333333,6,6,0,3,9,4151,1853,2298,442,1079,3072,6.87750971332209,7.3002536427415,6.53662872932985,6.55038461538462,6.85747451343837,6.88454681640625,210
"221",2019,11,6.84090909090909,11,7.41666666666667,6.625,6.66666666666667,7,6.825,3,8,3,1,10,4162,1856,2306,445,1080,3082,6.87741297933686,7.30044181034483,6.53693530789246,6.55116853932584,6.85760648148148,6.88435360804672,211
"222",2019,12,6.32,10,6.75,6.03333333333333,7.5,6.83333333333333,6.1,4,6,1,3,7,4172,1860,2312,446,1083,3089,6.87607689837009,7.29925806451613,6.53562838235294,6.55329596412556,6.85753924284395,6.88257617999352,212
"223",2020,1,6.88888888888889,9,7.4,6.25,NA,7.33333333333333,6.66666666666667,5,4,0,3,6,4181,1865,2316,446,1086,3095,6.87610447739775,7.29952815013405,6.53513506908463,6.55329596412556,6.85885359116022,6.88215761550888,213
"224",2020,2,6.75,10,6.91666666666667,6.5,6.33333333333333,6,6.83333333333333,6,4,3,1,9,4191,1871,2320,449,1087,3104,6.8758035838702,7.29830037413148,6.53507449137931,6.55182628062361,6.8580634774609,6.88201605025773,214
"225",2020,3,6.34285714285714,7,6,6.4,NA,NA,6.34285714285714,1,6,0,0,7,4198,1872,2326,449,1087,3111,6.87491491662697,7.29760683760684,6.53472606190886,6.55182628062361,6.8580634774609,6.88080289938926,215
"226",2020,4,6.66666666666667,6,6,6.8,NA,NA,6.66666666666667,1,5,0,0,6,4204,1873,2331,449,1087,3117,6.87461770218839,7.29691404164442,6.53529507507508,6.55182628062361,6.8580634774609,6.88039070259865,216
"227",2020,5,6.33333333333333,9,6.33333333333333,6.33333333333333,5.5,6.5,6.3125,3,6,2,1,8,4213,1876,2337,451,1088,3125,6.87346138618562,7.29537313432836,6.53477655969191,6.54716186252772,6.857734375,6.8789369024,217
"228",2020,6,6.5,4,6,7,8,6,6.66666666666667,2,2,1,1,3,4217,1878,2339,452,1089,3128,6.87310714251838,7.29399361022364,6.53517435656263,6.55037610619469,6.85694674012856,6.87873331841432,218
"229",2020,7,6.74444444444444,9,7.75,5.94,5,6.7,6.75,4,5,2,1,8,4226,1882,2344,454,1090,3136,6.87283313298628,7.29496280552603,6.53390478668942,6.54354625550661,6.85680275229358,6.87840491709184,219
"230",2020,8,7.5,6,7.75,7,6,8,7.4,4,2,1,1,5,4232,1886,2346,455,1091,3141,6.87372231096408,7.29592788971368,6.53430213981245,6.54235164835165,6.85785059578369,6.87923521808341,220
"231",2020,9,6.9,8,7.8,6,6,7.5,6.54,4,4,1,3,5,4240,1890,2350,456,1094,3146,6.87377189150944,7.29699470899471,6.5333926893617,6.54116228070176,6.85961151736746,6.87869606484425,221
"232",2020,10,7.4,10,7.64285714285714,6.83333333333333,NA,6.5,7.5,7,3,0,1,9,4250,1897,2353,456,1095,3155,6.87501007529412,7.29827095413811,6.5337751041224,6.54116228070176,6.85928310502283,6.88046840570523,222
"233",2020,11,6.5,8,7,6,5,7.25,6.25,4,4,1,2,6,4258,1901,2357,457,1097,3161,6.87430550023485,7.29764334560757,6.5328692490454,6.53778993435449,6.85999544211486,6.87927169250237,223
"234",2020,12,6.72,10,7.5,6.525,6.5,10,6.35555555555556,2,8,1,1,9,4268,1903,2365,458,1098,3170,6.8739439597001,7.29785601681555,6.53284263002114,6.53770742358079,6.86285519125683,6.87778480126183,224
"235",2021,1,7.125,16,7.44444444444444,6.71428571428571,5.5,6,7.2,9,7,2,1,15,4284,1912,2372,460,1099,3185,6.87488161064426,7.2985460251046,6.53337808600337,6.53319565217391,6.86207006369427,6.87930229827315,225
"236",2021,2,6.16666666666667,3,6.25,6,NA,6.5,6,2,1,0,1,2,4287,1914,2373,460,1100,3187,6.87438600886401,7.29745036572623,6.53315331647703,6.53319565217391,6.86174090909091,6.87875049262629,226
"237",2021,3,5.07142857142857,7,5,5.08333333333333,5,NA,5.07142857142857,1,6,2,0,7,4294,1915,2379,462,1100,3194,6.87144686073591,7.29625065274151,6.52949677175284,6.52655844155844,6.86174090909091,6.87478954915466,227
"238",2021,4,6.75,6,8.25,6,7,NA,6.75,2,4,1,0,6,4300,1917,2383,463,1100,3200,6.8712774,7.29724569640062,6.52860798153588,6.52758099352052,6.86174090909091,6.87455556875,228
"239",2021,5,7.75,4,8,7.5,7,NA,7.75,2,2,1,0,4,4304,1919,2385,464,1100,3204,6.87209405669145,7.29797811360083,6.52942256603774,6.52859913793104,6.86174090909091,6.87564850811486,229
"240",2021,6,6.57142857142857,7,7.33333333333333,6,NA,7,6.5,3,4,0,1,6,4311,1922,2389,464,1101,3210,6.87160585015078,7.29803329864724,6.52853613227292,6.52859913793104,6.86186648501362,6.87494636137072,230
"241",2021,7,7.14285714285714,7,7,7.2,NA,7,7.16666666666667,2,5,0,1,6,4318,1924,2394,464,1102,3216,6.87204558128763,7.29772349272349,6.52993852130326,6.52859913793104,6.86199183303085,6.87549061567164,231
"242",2021,8,7,5,7,7,5,7,7,3,2,1,1,4,4323,1927,2396,465,1103,3220,6.87219357390701,7.29725998962117,6.53033089315526,6.52531182795699,6.86211695376247,6.87564528571429,232
"243",2021,9,6.575,8,6.66666666666667,6.3,6.3,NA,6.575,6,2,2,0,8,4331,1933,2398,467,1103,3228,6.87164461325329,7.29530263838593,6.53013879065888,6.52434689507495,6.86211695376247,6.87490019206939,233
"244",2021,10,7.16666666666667,6,8,6.33333333333333,5,6,7.4,3,3,1,1,5,4337,1936,2401,468,1104,3233,6.87205275997233,7.29639462809917,6.52989288629738,6.52108974358974,6.86133605072464,6.87571228580266,234
"245",2021,11,6.16666666666667,6,6,6.33333333333333,7,6.5,6,3,3,2,2,4,4343,1939,2404,470,1106,3237,6.87107824545245,7.29438886023723,6.52964759567388,6.52312765957447,6.86068264014467,6.87463015755329,235
"246",2021,12,6.925,12,6.88571428571429,6.98,6.25,7.4,6.88181818181818,7,5,2,1,11,4355,1946,2409,472,1107,3248,6.87122682433984,7.29291880781089,6.53058232461602,6.52197033898305,6.86116982836495,6.87465450123153,236
"247",2022,1,6.64615384615385,13,6.88,6.5,5,7,6.61666666666667,5,8,1,1,12,4368,1951,2417,473,1108,3260,6.87055696428572,7.29186058431573,6.53048110053786,6.51875264270613,6.86129512635379,6.87370485276074,237
"248",2022,2,6.27777777777778,9,6.5,6.21428571428571,NA,NA,6.27777777777778,2,7,0,0,9,4377,1953,2424,473,1108,3269,6.86933809001599,7.2910496671787,6.52956799504951,6.51875264270613,6.86129512635379,6.87206418476598,238
"249",2022,3,7.04333333333333,9,7.98,5.8725,4,5.43,7.85,5,4,1,3,6,4386,1958,2428,474,1111,3275,6.869695125399,7.29280898876404,6.5284855107084,6.5134388185654,6.8574302430243,6.87385582290076,239
"250",2022,4,7,6,7,7,7,7.33333333333333,6.66666666666667,4,2,1,3,3,4392,1962,2430,475,1114,3278,6.86987313752277,7.2922120285423,6.52887358847737,6.51446315789474,6.8587118491921,6.87366620500305,240
"251",2022,5,5.75,4,7,5.33333333333333,4,NA,5.75,1,3,1,0,4,4396,1963,2433,476,1114,3282,6.86885414467698,7.29206316861946,6.52739943279902,6.50918067226891,6.8587118491921,6.87229671541743,241
"252",2022,6,7.5,4,7.33333333333333,8,NA,NA,7.5,3,1,0,0,4,4400,1966,2434,476,1114,3286,6.86942791363637,7.29212614445575,6.52800444535744,6.50918067226891,6.8587118491921,6.87306080949483,242
"253",2022,7,6.7,5,7.16666666666667,6,6,NA,6.7,3,2,1,0,5,4405,1969,2436,477,1114,3291,6.86923560045403,7.29193499238192,6.52757094417077,6.50811320754717,6.8587118491921,6.87279787906411,243
"254",2022,8,6.64285714285714,7,6.83333333333333,6.5,NA,8.5,5.9,3,4,0,2,5,4412,1972,2440,477,1116,3296,6.86887643245694,7.29123732251521,6.52752574590164,6.50811320754717,6.86165322580645,6.87132215412621,244
"255",2022,9,6.85,8,7.26666666666667,6.6,NA,NA,6.85,3,5,0,0,8,4420,1975,2445,477,1116,3304,6.86884226696833,7.2912,6.52767395501023,6.50811320754717,6.86165322580645,6.87127052663438,245
"256",2022,10,7.33333333333333,6,7.25,7.5,NA,7.5,7.3,4,2,0,1,5,4426,1979,2447,477,1117,3309,6.86947194306372,7.291116725619,6.5284686636698,6.50811320754717,6.86222470904208,6.87191834995467,246
"257",2022,11,6.75,5,6.875,6.66666666666667,NA,6.5,6.8125,2,3,0,1,4,4431,1981,2450,477,1118,3313,6.86933712931618,7.29069661786976,6.52863788571429,6.50811320754717,6.86190071556351,6.87184661032297,247
"258",2022,12,6.72952428571429,7,6,6.85111166666667,7.553335,NA,6.72952428571429,1,6,2,0,7,4438,1982,2456,479,1118,3320,6.86911660432628,7.2900454086781,6.52942568811075,6.51247739039666,6.86190071556351,6.87154653313253,248
