"","year","month","avg_rating","no_ratings","avg_rating_owned","avg_rating_not_owned","avg_rating_prev_owned","avg_rating_comment","avg_rating_no_comment","no_ratings_owned","no_ratings_not_owned","no_ratings_prev_owned","no_ratings_comment","no_ratings_no_comment","cum_no_ratings","cum_no_ratings_owned","cum_no_ratings_not_owned","cum_no_ratings_prev_owned","cum_no_ratings_comment","cum_no_ratings_no_comment","cum_avg_rating","cum_avg_rating_owned","cum_avg_rating_not_owned","cum_avg_rating_prev_owned","cum_avg_rating_comment","cum_avg_rating_no_comment","month_after_release"
"1",2001,8,6,1,NA,6,6,NA,6,0,1,1,0,1,1,0,1,1,0,1,6,NA,6,6,NA,6,0
"2",2001,9,6,1,6,NA,NA,NA,6,1,0,0,0,1,2,1,1,1,0,2,6,6,6,6,NA,6,1
"3",2001,11,9,1,9,NA,NA,9,NA,1,0,0,1,0,3,2,1,1,1,2,7,7.5,6,6,9,6,3
"4",2002,3,9,1,9,NA,NA,NA,9,1,0,0,0,1,4,3,1,1,1,3,7.5,8,6,6,9,7,7
"5",2002,4,8,1,8,NA,NA,8,NA,1,0,0,1,0,5,4,1,1,2,3,7.6,8,6,6,8.5,7,8
"6",2002,5,8.5,2,9,8,NA,8.5,NA,1,1,0,2,0,7,5,2,1,4,3,7.85714285714286,8.2,7,6,8.5,7,9
"7",2002,6,5.66666666666667,3,6,5,NA,NA,5.66666666666667,2,1,0,0,3,10,7,3,1,4,6,7.2,7.57142857142857,6.33333333333333,6,8.5,6.33333333333333,10
"8",2002,7,9,2,9,NA,NA,NA,9,2,0,0,0,2,12,9,3,1,4,8,7.5,7.88888888888889,6.33333333333333,6,8.5,7,11
"9",2002,10,6,1,NA,6,NA,NA,6,0,1,0,0,1,13,9,4,1,4,9,7.38461538461539,7.88888888888889,6.25,6,8.5,6.88888888888889,14
"10",2002,11,7.16666666666667,3,7.25,7,NA,8.5,6.5,2,1,0,1,2,16,11,5,1,5,11,7.34375,7.77272727272727,6.4,6,8.5,6.81818181818182,15
"11",2002,12,8,2,9,7,NA,8,NA,1,1,0,2,0,18,12,6,1,7,11,7.41666666666667,7.875,6.5,6,8.35714285714286,6.81818181818182,16
"12",2003,1,5.33333333333333,3,7,2,NA,5.33333333333333,NA,2,1,0,3,0,21,14,7,1,10,11,7.11904761904762,7.75,5.85714285714286,6,7.45,6.81818181818182,17
"13",2003,2,9.5,2,9.5,NA,NA,9,10,2,0,0,1,1,23,16,7,1,11,12,7.32608695652174,7.96875,5.85714285714286,6,7.59090909090909,7.08333333333333,18
"14",2003,3,9,1,9,NA,NA,NA,9,1,0,0,0,1,24,17,7,1,11,13,7.39583333333333,8.02941176470588,5.85714285714286,6,7.59090909090909,7.23076923076923,19
"15",2003,4,7.5,4,7.5,7.5,7,7,7.66666666666667,2,2,1,1,3,28,19,9,2,12,16,7.41071428571429,7.97368421052632,6.22222222222222,6.5,7.54166666666667,7.3125,20
"16",2003,5,6,3,10,4,NA,6.5,5,1,2,0,2,1,31,20,11,2,14,17,7.2741935483871,8.075,5.81818181818182,6.5,7.39285714285714,7.17647058823529,21
"17",2003,6,7,2,8,6,NA,6,8,1,1,0,1,1,33,21,12,2,15,18,7.25757575757576,8.07142857142857,5.83333333333333,6.5,7.3,7.22222222222222,22
"18",2003,7,7.14285714285714,7,8,5,NA,8,7,5,2,0,1,6,40,26,14,2,16,24,7.2375,8.05769230769231,5.71428571428571,6.5,7.34375,7.16666666666667,23
"19",2003,8,7,5,8,5.5,NA,6,7.25,3,2,0,1,4,45,29,16,2,17,28,7.21111111111111,8.05172413793104,5.6875,6.5,7.26470588235294,7.17857142857143,24
"20",2003,9,8.4,5,9,7.5,NA,9,8.25,3,2,0,1,4,50,32,18,2,18,32,7.33,8.140625,5.88888888888889,6.5,7.36111111111111,7.3125,25
"21",2003,10,7.875,8,9.25,6.5,7,7.66666666666667,8,4,4,1,3,5,58,36,22,3,21,37,7.4051724137931,8.26388888888889,6,6.66666666666667,7.40476190476191,7.40540540540541,26
"22",2003,11,7.6875,8,7.5,9,NA,8.1,7,7,1,0,5,3,66,43,23,3,26,40,7.43939393939394,8.13953488372093,6.1304347826087,6.66666666666667,7.53846153846154,7.375,27
"23",2003,12,7,6,7,NA,NA,7,7,6,0,0,1,5,72,49,23,3,27,45,7.40277777777778,8,6.1304347826087,6.66666666666667,7.51851851851852,7.33333333333333,28
"24",2004,1,6.6,5,7.5,6,NA,6.66666666666667,6.5,2,3,0,3,2,77,51,26,3,30,47,7.35064935064935,7.98039215686275,6.11538461538461,6.66666666666667,7.43333333333333,7.29787234042553,29
"25",2004,2,6.5,2,7,6,6,NA,6.5,1,1,1,0,2,79,52,27,4,30,49,7.32911392405063,7.96153846153846,6.11111111111111,6.5,7.43333333333333,7.26530612244898,30
"26",2004,3,7,3,7,NA,NA,NA,7,3,0,0,0,3,82,55,27,4,30,52,7.31707317073171,7.90909090909091,6.11111111111111,6.5,7.43333333333333,7.25,31
"27",2004,4,7.75,8,8.6,6.33333333333333,7,8,7.6,5,3,1,3,5,90,60,30,5,33,57,7.35555555555556,7.96666666666667,6.13333333333333,6.6,7.48484848484848,7.28070175438596,32
"28",2004,5,7.94444444444444,9,7.9375,8,8,8.25,7.33333333333333,8,1,1,6,3,99,68,31,6,39,60,7.40909090909091,7.96323529411765,6.19354838709677,6.83333333333333,7.6025641025641,7.28333333333333,33
"29",2004,6,7.4,10,8.33333333333333,7,7,7.25,7.5,3,7,1,4,6,109,71,38,7,43,66,7.40825688073395,7.97887323943662,6.34210526315789,6.85714285714286,7.56976744186047,7.3030303030303,34
"30",2004,7,7.1,5,8,6.5,6.5,6.875,8,2,3,1,4,1,114,73,41,8,47,67,7.39473684210526,7.97945205479452,6.35365853658537,6.8125,7.51063829787234,7.3134328358209,35
"31",2004,8,7.72222222222222,9,7.92857142857143,7,NA,7.375,8,7,2,0,4,5,123,80,43,8,51,72,7.41869918699187,7.975,6.38372093023256,6.8125,7.5,7.36111111111111,36
"32",2004,9,7.25,8,7.5,6.5,NA,7.6,6.66666666666667,6,2,0,5,3,131,86,45,8,56,75,7.40839694656489,7.94186046511628,6.38888888888889,6.8125,7.50892857142857,7.33333333333333,37
"33",2004,10,7.9375,8,8.21428571428571,6,NA,7.7,8.33333333333333,7,1,0,5,3,139,93,46,8,61,78,7.43884892086331,7.96236559139785,6.3804347826087,6.8125,7.52459016393443,7.37179487179487,38
"34",2004,11,7.85714285714286,7,9.5,6.625,7,7.125,8.83333333333333,3,4,1,4,3,146,96,50,9,65,81,7.45890410958904,8.01041666666667,6.4,6.83333333333333,7.5,7.42592592592593,39
"35",2004,12,6.66666666666667,12,7.4,6.14285714285714,NA,6.6,6.71428571428571,5,7,0,5,7,158,101,57,9,70,88,7.39873417721519,7.98019801980198,6.36842105263158,6.83333333333333,7.43571428571429,7.36931818181818,40
"36",2005,1,6.69333333333333,15,8.62857142857143,5,NA,6.5,6.82222222222222,7,8,0,6,9,173,108,65,9,76,97,7.33757225433526,8.02222222222222,6.2,6.83333333333333,7.36184210526316,7.31855670103093,41
"37",2005,2,7.75,14,7.9375,7.5,NA,7.875,7.7,8,6,0,4,10,187,116,71,9,80,107,7.36844919786096,8.01637931034483,6.30985915492958,6.83333333333333,7.3875,7.35420560747664,42
"38",2005,3,7.5625,8,7.58333333333333,7.5,6,7.5,7.66666666666667,6,2,1,5,3,195,122,73,10,85,110,7.37641025641026,7.99508196721311,6.34246575342466,6.75,7.39411764705882,7.36272727272727,43
"39",2005,4,7.14285714285714,7,8,6,NA,7.75,6.33333333333333,4,3,0,4,3,202,126,76,10,89,113,7.36831683168317,7.9952380952381,6.32894736842105,6.75,7.41011235955056,7.3353982300885,44
"40",2005,5,6.40909090909091,11,8.375,5.28571428571429,6,6.2,6.58333333333333,4,7,1,5,6,213,130,83,11,94,119,7.318779342723,8.00692307692308,6.24096385542169,6.68181818181818,7.34574468085106,7.29747899159664,45
"41",2005,6,6.75,8,8.25,6.25,6.5,6.625,6.875,2,6,2,4,4,221,132,89,13,98,123,7.29819004524887,8.01060606060606,6.24157303370786,6.65384615384615,7.31632653061224,7.28373983739837,46
"42",2005,7,6.75,6,6.33333333333333,7.16666666666667,NA,6.5,7,3,3,0,3,3,227,135,92,13,101,126,7.28370044052863,7.97333333333333,6.27173913043478,6.65384615384615,7.29207920792079,7.27698412698413,47
"43",2005,8,7.11666666666667,15,7.375,6.6,7,6.975,7.4,10,5,1,10,5,242,145,97,14,111,131,7.27334710743802,7.93206896551724,6.28865979381443,6.67857142857143,7.26351351351351,7.28167938931298,48
"44",2005,9,6.81578947368421,19,7.4,6.16666666666667,6.75,7.125,6.59090909090909,10,9,4,8,11,261,155,106,18,119,142,7.24003831417625,7.89774193548387,6.27830188679245,6.69444444444444,7.25420168067227,7.22816901408451,49
"45",2005,10,7.41666666666667,9,7.53125,6.5,NA,7.66666666666667,7.29166666666667,8,1,0,3,6,270,163,107,18,122,148,7.24592592592593,7.87975460122699,6.2803738317757,6.69444444444444,7.26434426229508,7.23074324324324,50
"46",2005,11,6.22727272727273,11,7.21428571428571,4.5,NA,6.125,6.5,7,4,0,8,3,281,170,111,18,130,151,7.20604982206406,7.85235294117647,6.21621621621622,6.69444444444444,7.19423076923077,7.21622516556291,51
"47",2005,12,7.82,10,8.125,7.61666666666667,NA,8,7.8,4,6,0,1,9,291,174,117,18,131,160,7.22714776632302,7.85862068965517,6.28803418803419,6.69444444444444,7.20038167938931,7.2490625,52
"48",2006,1,6.24285714285714,14,6.6,6.04444444444444,8.5,5.91428571428571,6.57142857142857,5,9,2,7,7,305,179,126,20,138,167,7.18196721311475,7.82346368715084,6.27063492063492,6.875,7.13514492753623,7.22065868263473,53
"49",2006,2,7.5625,8,8.75,6.375,7,8.66666666666667,6.9,4,4,1,3,5,313,183,130,21,141,172,7.19169329073482,7.84371584699454,6.27384615384615,6.88095238095238,7.1677304964539,7.21133720930233,54
"50",2006,3,7.06666666666667,15,7.4,6.9,7,7.2,7,5,10,1,5,10,328,188,140,22,146,182,7.1859756097561,7.83191489361702,6.31857142857143,6.88636363636364,7.16883561643836,7.19972527472528,55
"51",2006,4,7.85,10,8.25,7.25,NA,8.21428571428571,7,6,4,0,7,3,338,194,144,22,153,185,7.20562130177515,7.84484536082474,6.34444444444444,6.88636363636364,7.21666666666667,7.19648648648649,56
"52",2006,5,7.0625,8,7.6,6.16666666666667,NA,5.66666666666667,7.9,5,3,0,3,5,346,199,147,22,156,190,7.20231213872832,7.83869346733668,6.34081632653061,6.88636363636364,7.18685897435897,7.215,57
"53",2006,6,6.19230769230769,13,7.42857142857143,4.75,5,5.375,6.55555555555556,7,6,2,4,9,359,206,153,24,160,199,7.16573816155989,7.8247572815534,6.27843137254902,6.72916666666667,7.1415625,7.18517587939699,58
"54",2006,7,6.53333333333333,15,7.9375,4.92857142857143,7.5,5.75,6.81818181818182,8,7,1,4,11,374,214,160,25,164,210,7.1403743315508,7.82897196261682,6.219375,6.76,7.10762195121951,7.16595238095238,59
"55",2006,8,6.45,10,7.25,5.91666666666667,6,6.5,6.42857142857143,4,6,1,3,7,384,218,166,26,167,217,7.12239583333333,7.81834862385321,6.20843373493976,6.73076923076923,7.09670658682635,7.14216589861751,60
"56",2006,9,7,13,8,6.14285714285714,NA,6.44444444444444,8.25,6,7,0,9,4,397,224,173,26,176,221,7.1183879093199,7.82321428571429,6.20578034682081,6.73076923076923,7.06335227272727,7.16221719457014,61
"57",2006,10,6.88235294117647,17,7.07142857142857,6.75,6.25,7.28571428571429,6.6,7,10,2,7,10,414,231,183,28,183,231,7.10869565217391,7.8004329004329,6.23551912568306,6.69642857142857,7.07185792349727,7.13787878787879,62
"58",2006,11,7.07,10,7,7.14,7,7.33333333333333,6.95714285714286,5,5,1,3,7,424,236,188,29,186,238,7.10778301886792,7.78347457627119,6.25957446808511,6.70689655172414,7.0760752688172,7.13256302521008,63
"59",2006,12,7.5,11,8.07142857142857,6.5,NA,7.625,7.42857142857143,7,4,0,4,7,435,243,192,29,190,245,7.11770114942529,7.7917695473251,6.26458333333333,6.70689655172414,7.08763157894737,7.14102040816327,64
"60",2007,1,6.78571428571429,28,7.4375,5.91666666666667,6,6.65,6.86111111111111,16,12,4,10,18,463,259,204,33,200,263,7.09762419006479,7.76988416988417,6.24411764705882,6.62121212121212,7.06575,7.12186311787072,65
"61",2007,2,6.87786681818182,22,7.19285714285714,6.32663375,5,7.66666666666667,6.75331947368421,14,8,1,3,19,485,273,212,34,203,282,7.08765581443299,7.74029304029304,6.24723146226415,6.57352941176471,7.07463054187192,7.09703216312057,66
"62",2007,3,7.1896875,32,7.43526315789474,6.83076923076923,5.5,7.16666666666667,7.2035,19,13,2,12,20,517,292,225,36,215,302,7.09397112185687,7.72044520547945,6.28094697777778,6.51388888888889,7.07976744186046,7.10408301324503,67
"63",2007,4,6.83333333333333,18,7.85,5.5625,6,6.33333333333333,7.33333333333333,10,8,1,9,9,535,302,233,37,224,311,7.085202,7.72473509933775,6.25627927038627,6.5,7.04977678571429,7.11071726688103,68
"64",2007,5,6.97222222222222,18,7.28571428571429,6.77272727272727,7.5,6.54166666666667,7.83333333333333,7,11,2,12,6,553,309,244,39,236,317,7.08152453887884,7.71478964401294,6.27956176229508,6.55128205128205,7.0239406779661,7.12439454258675,69
"65",2007,6,6.83333333333333,15,7.71428571428571,6.0625,8,7.25,6.55555555555556,7,8,1,6,9,568,316,252,40,242,326,7.07497019366197,7.71477848101266,6.27267091269841,6.5875,7.02954545454545,7.10869039877301,70
"66",2007,7,7,15,7.44444444444444,6.33333333333333,7.5,7.14285714285714,6.875,9,6,2,7,8,583,325,258,42,249,334,7.0730412864494,7.70729230769231,6.27408166666667,6.63095238095238,7.03273092369478,7.1030930239521,71
"67",2007,8,7.078125,16,7,7.11363636363636,NA,7.65,6.81818181818182,5,11,0,5,11,599,330,269,42,254,345,7.07317707846411,7.69657575757576,6.30841289962825,6.63095238095238,7.04488188976378,7.09400889855073,72
"68",2007,9,7.21052631578947,19,7.6875,6.86363636363636,6.875,6.88888888888889,7.5,8,11,4,9,10,618,338,280,46,263,355,7.07739978964401,7.69636094674556,6.33022525,6.65217391304348,7.03954372623574,7.10544526760563,73
"69",2007,10,6.81578571428571,14,7.3421,5.5,4,7.6842,6.33333333333333,10,4,2,5,9,632,348,284,48,268,364,7.07160454113924,7.68618103448276,6.31853193661972,6.54166666666667,7.05157089552239,7.08635458791209,74
"70",2007,11,7.26190476190476,21,7.57692307692308,6.75,6.25,7.64285714285714,7.07142857142857,13,8,2,7,14,653,361,292,50,275,378,7.07772445635529,7.68224653739612,6.33035297945206,6.53,7.06662181818182,7.08580177248677,75
"71",2007,12,6.45357142857143,28,7.51333333333333,5.23076923076923,8,5.85714285714286,7.05,15,13,2,14,14,681,376,305,52,289,392,7.05206177679883,7.6755079787234,6.28348547540984,6.58653846153846,7.00803114186851,7.0845231377551,76
"72",2008,1,6.59393939393939,33,7.16315789473684,5.82142857142857,6.5,6.83333333333333,6.39444444444444,19,14,2,15,18,714,395,319,54,304,410,7.03088805322129,7.65086329113924,6.26320711598746,6.58333333333333,6.99941118421053,7.054227,77
"73",2008,2,6.89411764705882,17,8.02,5.28571428571429,7,6.83333333333333,7.04,10,7,1,12,5,731,405,326,55,316,415,7.02770734610123,7.65997777777778,6.24221800613497,6.59090909090909,6.99310443037975,7.05405559036145,78
"74",2008,3,7.34,15,8.12,6.95,7.75,7.22857142857143,7.4375,5,10,2,7,8,746,410,336,57,323,423,7.03398668900804,7.66558780487805,6.26328294642857,6.63157894736842,6.99820743034056,7.06130749408984,79
"75",2008,4,6.74814814814815,27,7.31538461538462,6.22142857142857,7,6.45833333333333,6.98,13,14,2,12,15,773,423,350,59,335,438,7.0240026778784,7.65482505910165,6.26160877142857,6.64406779661017,6.97886865671642,7.05852299086758,80
"76",2008,5,6.2875,16,7.2,5.87272727272727,6.03333333333333,6.5,6.16,5,11,3,6,10,789,428,361,62,341,448,7.00906726235742,7.64951168224299,6.2497591966759,6.61451612903226,6.97044281524927,7.03846667410714,81
"77",2008,6,6.83571428571429,14,7.96666666666667,4.8,6,6.7,7.33333333333333,9,5,1,11,3,803,437,366,63,352,451,7.00604491905355,7.65604347826087,6.2299537431694,6.60476190476191,6.96199147727273,7.04042809312639,82
"78",2008,7,6.65416666666667,24,7.72,5.89285714285714,6.13636363636364,6.14166666666667,7.16666666666667,10,14,11,12,12,827,447,380,74,364,463,6.99583321644498,7.65747427293065,6.21753439473684,6.53513513513514,6.9349478021978,7.04369993520518,83
"79",2008,8,6.45238095238095,21,6.4375,6.46153846153846,6,5.8,6.65625,8,13,3,5,16,848,455,393,77,369,479,6.98237508254717,7.63602417582417,6.22560577608142,6.51428571428571,6.91956910569106,7.03075797494781,84
"80",2008,9,6.05,22,7,5.60666666666667,5,5.93333333333333,6.19,7,15,6,12,10,870,462,408,83,381,489,6.9587977816092,7.62638744588744,6.20285066176471,6.40481927710843,6.88850656167979,7.0135645603272,85
"81",2008,10,6.71428571428571,14,7.5,5.66666666666667,3,5,7.18181818181818,8,6,2,3,11,884,470,414,85,384,500,6.95492541855204,7.62423617021276,6.19507987922705,6.32470588235294,6.87375260416666,7.01726614,86
"82",2008,11,7.1,18,7.5,6.9,6.75,6.625,7.23571428571429,6,12,4,4,14,902,476,426,89,388,514,6.95782047671841,7.62267016806722,6.21493678403756,6.3438202247191,6.87118814432989,7.02321608949416,87
"83",2008,12,6.99722222222222,18,7.25454545454545,6.59285714285714,6.75,7.05,6.98214285714286,11,7,1,4,14,920,487,433,90,392,528,6.95859138043478,7.61435523613963,6.22104635103926,6.34833333333333,6.87301275510204,7.02212702651515,88
"84",2009,1,6.89705882352941,34,7.36111111111111,6.375,7,6.84375,6.94444444444444,18,16,6,16,18,954,505,449,96,408,546,6.95639839622642,7.60532871287128,6.22653244988864,6.3890625,6.87186519607843,7.01956606227106,89
"85",2009,2,6.4474358974359,39,7.29615384615385,6.02307692307692,7,6.83333333333333,6.37727272727273,13,26,4,6,33,993,518,475,100,414,579,6.9364089325277,7.5975694980695,6.21539593684211,6.4135,6.87130676328502,6.9829586701209,90
"86",2009,3,6.53709677419355,31,7.38,6.13571428571429,6.125,6.47142857142857,6.55625,10,21,6,7,24,1024,528,496,106,421,603,6.92432038085938,7.59344886363636,6.21202231854839,6.39716981132076,6.86465795724465,6.96597524046434,91
"87",2009,4,6.375,28,6.83333333333333,6.25,5.75,6.66666666666667,6.29545454545455,6,22,4,6,22,1052,534,518,110,427,625,6.90969968631179,7.58490823970037,6.21363527027027,6.37363636363636,6.86187587822014,6.942372912,92
"88",2009,5,6.772,25,7.03333333333333,6.625,7,6.59090909090909,6.91428571428571,9,16,3,11,14,1077,543,534,113,438,639,6.90650331476323,7.57576611418048,6.22596080524345,6.39026548672566,6.85507077625571,6.94175754303599,93
"89",2009,6,6.8741935483871,31,7.16666666666667,6.75454545454545,7.1,6.68,6.96666666666667,9,22,3,10,21,1108,552,556,116,448,660,6.90559934115524,7.56909601449275,6.24687602517986,6.40862068965517,6.85116294642857,6.94255010606061,94
"90",2009,7,6.832,25,7.4375,6.54705882352941,6.83333333333333,6.375,6.91904761904762,8,17,3,4,21,1133,560,573,119,452,681,6.90397534863195,7.56721607142857,6.25578197207679,6.41932773109244,6.84694911504425,6.94182535976505,95
"91",2009,8,7.02941176470588,34,7.79166666666667,6.61363636363636,6.4,6.2,7.375,12,22,5,10,24,1167,572,595,124,462,705,6.90762988003428,7.57192482517482,6.26901356302521,6.41854838709677,6.83294588744589,6.95657173049645,96
"92",2009,9,6.3625,16,7.3,5.93636363636364,4,6.8,6.1,5,11,2,6,10,1183,577,606,126,468,715,6.90025703296703,7.56956845753899,6.2629753630363,6.38015873015873,6.8325235042735,6.94459170629371,97
"93",2009,10,6.90588235294118,17,8.3,6.60714285714286,6.4,7.48,6.66666666666667,3,14,5,5,12,1200,580,620,131,473,727,6.900336725,7.57334655172413,6.27074688709677,6.38091603053435,6.83936786469345,6.94000422283356,98
"94",2009,11,6.34,25,6.94444444444444,6,6.75,6.08333333333333,6.42105263157895,9,16,4,6,19,1225,589,636,135,479,746,6.88890128163265,7.56373684210526,6.26393564465409,6.39185185185185,6.82989770354906,6.92678695710456,99
"95",2009,12,6.40909090909091,22,6.8375,6.16428571428571,6.33333333333333,6.14,6.48823529411765,8,14,3,5,17,1247,597,650,138,484,763,6.88043630312751,7.55400502512563,6.26178933846154,6.39057971014493,6.82277066115702,6.91701581913499,100
"96",2010,1,6.84285714285714,21,7.25,6.47272727272727,7.6,7.625,6.65882352941177,10,11,2,4,17,1268,607,661,140,488,780,6.87981393533123,7.54899670510708,6.26529965204236,6.40785714285714,6.82934631147541,6.91138855128205,101
"97",2010,2,7.05263157894737,19,7.91666666666667,5.57142857142857,7,7.625,6.9,12,7,1,4,15,1287,619,668,141,492,795,6.88236524475525,7.55612439418416,6.25802854790419,6.41205673758865,6.83581504065041,6.91117367295597,102
"98",2010,3,7.18055555555556,18,8.1,6.82692307692308,6.03333333333333,5.5,7.390625,5,13,3,2,16,1305,624,681,144,494,811,6.88647821455939,7.56048237179487,6.26888850220264,6.40416666666667,6.83040688259109,6.92063263871763,103
"99",2010,4,6.8,10,7.5,6.625,6.66666666666667,7,6.75,2,8,3,2,8,1315,626,689,147,496,819,6.88582058555133,7.56028913738019,6.27302332365747,6.40952380952381,6.83109072580645,6.9189658974359,104
"100",2010,5,6.3,10,7,5.6,5.75,5,6.625,5,5,2,2,8,1325,631,694,149,498,827,6.88139929811321,7.55584944532488,6.26817445244957,6.4006711409396,6.82373694779116,6.91612221281741,105
"101",2010,6,6.7,14,7.46,6.27777777777778,7,6.83333333333333,6.6,5,9,1,6,8,1339,636,703,150,504,835,6.87950266616878,7.55509591194968,6.26829739687055,6.40466666666667,6.82385119047619,6.91309349700599,106
"102",2010,7,6.36666666666667,9,8.1,5.5,5,4.65,6.85714285714286,3,6,1,2,7,1348,639,709,151,506,842,6.87607868694362,7.55765414710485,6.26179558533145,6.3953642384106,6.81525889328063,6.91262834916865,107
"103",2010,8,7.2375,16,7.75714285714286,6.83333333333333,8,7.01666666666667,7.37,7,9,1,6,10,1364,646,718,152,512,852,6.88031823313783,7.55981578947368,6.26895970752089,6.40592105263158,6.817619140625,6.91799656103286,108
"104",2010,9,6.91818181818182,11,7.5,6.22,6.25,6.53333333333333,7.0625,6,5,2,3,8,1375,652,723,154,515,860,6.88062114181818,7.55926533742331,6.26862112033195,6.4038961038961,6.81596310679612,6.91934077906977,109
"105",2010,10,6.8,13,6.75,6.82222222222222,6,6,6.94545454545455,4,9,1,2,11,1388,656,732,155,517,871,6.87986604466859,7.55433079268292,6.27542769125683,6.40129032258065,6.81280657640232,6.91967057405281,110
"106",2010,11,6.95,30,7.25,6.6875,NA,7.16666666666667,6.92592592592593,14,16,0,3,27,1418,670,748,155,520,898,6.88134983779972,7.54797164179104,6.28424207219251,6.40129032258065,6.81484807692308,6.91985865256125,111
"107",2010,12,6.69032258064516,31,7.26153846153846,6.27777777777778,5.78571428571429,5.9,7.06666666666667,13,18,7,10,21,1449,683,766,162,530,919,6.87726298826777,7.54251976573938,6.28409016971279,6.37469135802469,6.79758679245283,6.92321335146899,112
"108",2011,1,6.25588235294118,34,7.37,5.79166666666667,6,6.18333333333333,6.29545454545455,10,24,4,12,22,1483,693,790,166,542,941,6.86301690492246,7.5400303030303,6.26913046835443,6.36566265060241,6.78398708487085,6.90853673751328,113
"109",2011,2,6.93448275862069,29,8.05454545454545,6.25,6.66666666666667,7.075,6.88095238095238,11,18,6,8,21,1512,704,808,172,550,962,6.86438761243386,7.54806960227272,6.26870429455446,6.37616279069768,6.78822,6.90793458419958,114
"110",2011,3,7.27777777777778,18,8.3125,6.45,6.75,7.33333333333333,7.22222222222222,8,10,2,9,9,1530,712,818,174,559,971,6.86925102614379,7.55665870786517,6.27092062347188,6.38045977011494,6.79699642218247,6.91084765190525,115
"111",2011,4,7.10714285714286,14,7.6875,6.33333333333333,6,6.83333333333333,7.3125,8,6,1,6,8,1544,720,824,175,565,979,6.87140807642487,7.5581125,6.27137508495146,6.37828571428572,6.79738230088495,6.91412979570991,116
"112",2011,5,6.55909090909091,22,7.56666666666667,6.18125,6,6.75,6.54,6,16,2,2,20,1566,726,840,177,567,999,6.8670204789272,7.55818319559228,6.26965841666667,6.37401129943503,6.7972151675485,6.90663970970971,117
"113",2011,6,7.30833333333333,18,7.62,7.18846153846154,7.5,7.21,7.34615384615385,5,13,3,5,13,1584,731,853,180,572,1012,6.87203539772727,7.55860601915184,6.28366127784291,6.39277777777778,6.80082342657343,6.91228564229249,118
"114",2011,7,6.9875,16,7.18,6.66666666666667,7,7.9,6.57272727272727,10,6,3,5,11,1600,741,859,183,577,1023,6.87319004375,7.55349662618084,6.28633651920838,6.40273224043716,6.81034835355286,6.90863447702835,119
"115",2011,8,6.72307692307692,13,7.04444444444444,6,NA,8.3,6.02222222222222,9,4,0,4,9,1613,750,863,183,581,1032,6.87198020458772,7.547388,6.28500935110081,6.40273224043716,6.82060413080895,6.9009041375969,120
"116",2011,9,6.58543846153846,26,8.077675,5.92222222222222,5.5,7.28035,6.45909090909091,8,18,5,4,22,1639,758,881,188,585,1054,6.86743469798658,7.55298469656992,6.27759712826334,6.37872340425532,6.82374769230769,6.89168222960152,121
"117",2011,10,6.91851851851852,27,7.84545454545455,6.28125,6,6.83333333333333,6.92916666666667,11,16,3,3,24,1666,769,897,191,588,1078,6.86826258703481,7.55716827048114,6.27766228539576,6.37277486910995,6.82379659863945,6.89251676252319,122
"118",2011,11,6.59285714285714,14,7.25714285714286,5.92857142857143,6,7.2,6.35,7,7,2,4,10,1680,776,904,193,592,1088,6.86596754166667,7.5544618556701,6.27495914823009,6.36891191709845,6.82633851351351,6.88753039522059,123
"119",2011,12,6.76153846153846,26,8.1875,6.12777777777778,6,6.25555555555556,7.02941176470588,8,18,2,9,17,1706,784,922,195,601,1105,6.86437600820633,7.56092142857143,6.27208575921909,6.36512820512821,6.81779101497504,6.88971318552036,124
"120",2012,1,7.01739130434783,23,7.56,6.6,5.4,7.01428571428571,7.01875,10,13,3,7,16,1729,794,935,198,608,1121,6.86641149219202,7.56090982367758,6.27664499465241,6.35050505050505,6.82005328947368,6.89155492417484,125
"121",2012,2,6.77619047619048,21,7.39090909090909,6.1,7,6.66666666666667,6.82,11,10,3,6,15,1750,805,945,201,614,1136,6.86532884,7.55858683229814,6.27477573544973,6.36019900497513,6.81855439739414,6.89061009683099,126
"122",2012,3,7.50357142857143,14,8.28125,6.46666666666667,NA,7.1,7.72777777777778,8,6,0,5,9,1764,813,951,201,619,1145,6.87039425736961,7.56569790897909,6.27598640378549,6.36019900497513,6.82082778675283,6.89719045414847,127
"123",2012,4,6.83,20,7.32857142857143,6.56153846153846,NA,7.68571428571429,6.36923076923077,7,13,0,7,13,1784,820,964,201,626,1158,6.86994140695067,7.56367365853658,6.27983720954357,6.36019900497513,6.83049904153355,6.89126344559585,128
"124",2012,5,7.0625,12,7.5,6.1875,NA,7.4375,6.875,8,4,0,4,8,1796,828,968,201,630,1166,6.87122798997773,7.56305845410628,6.27945565082645,6.36019900497513,6.83435301587302,6.89115186106346,129
"125",2012,6,7.53333333333333,15,8.3375,6.61428571428571,NA,8,7.22222222222222,8,7,0,6,9,1811,836,975,201,636,1175,6.87671202098288,7.57046937799043,6.28185955897436,6.36019900497513,6.84534968553459,6.89368771914894,130
"126",2012,7,6.10125,16,6,6.11571428571429,5.63333333333333,5.925,6.16,2,14,3,4,12,1827,838,989,204,640,1187,6.86992089217296,7.56672124105012,6.27950765419616,6.34950980392157,6.8395975,6.88627048862679,131
"127",2012,8,6.33076923076923,13,6.6,6.1625,5,5,6.44166666666667,5,8,1,1,12,1840,843,997,205,641,1199,6.86611166847826,7.56098742586002,6.27856877632899,6.34292682926829,6.83672761310452,6.88182074228524,132
"128",2012,9,7.94615384615385,13,8.18,7.16666666666667,NA,9,7.47777777777778,10,3,0,4,9,1853,853,1000,205,645,1208,6.87368886670264,7.56824431418523,6.28123307,6.34292682926829,6.85014325581395,6.88626081953642,133
"129",2012,10,6.95535714285714,28,7.73076923076923,6.28333333333333,7.1,7.25,6.875,13,15,5,6,22,1881,866,1015,210,651,1230,6.87490455608719,7.57068406466513,6.28126410837438,6.36095238095238,6.85382857142857,6.88605940650406,134
"130",2012,11,6.63888888888889,27,7.70833333333333,6.33333333333333,6.75,7.16666666666667,6.48809523809524,6,21,4,6,21,1908,872,1036,214,657,1251,6.87156471174004,7.57163119266055,6.28231956563707,6.36822429906542,6.85668554033485,6.87937895283773,135
"131",2012,12,6.22222222222222,18,7.125,5.96428571428571,6.83333333333333,5.3,6.57692307692308,4,14,3,5,13,1926,876,1050,217,662,1264,6.86549609034268,7.56959178082192,6.27807911428571,6.37465437788019,6.84492809667674,6.87626825158228,136
"132",2013,1,6.79833333333333,24,7.63714285714286,6.45294117647059,7.1,6,7.00842105263158,7,17,5,5,19,1950,883,1067,222,667,1283,6.86466947179487,7.57012729331823,6.28086510777882,6.39099099099099,6.83859430284858,6.87822530787217,137
"133",2013,2,7.00769230769231,13,8.5,6.73636363636364,6.66666666666667,7.5,6.91818181818182,2,11,3,2,11,1963,885,1078,225,669,1294,6.86561664289353,7.57222870056497,6.28551305194805,6.39466666666667,6.84057159940209,6.8785649690881,138
"134",2013,3,6.9979375,16,7.91666666666667,6.4467,7,8.29175,6.56666666666667,6,10,1,4,12,1979,891,1088,226,673,1306,6.8666864426478,7.57454814814815,6.28699454963235,6.39734513274336,6.84919673105498,6.87569913476263,139
"135",2013,4,7.5,12,8.33333333333333,6.66666666666667,6,7.2,7.71428571428571,6,6,2,5,7,1991,897,1094,228,678,1313,6.87050350075339,7.57962363433668,6.2890768464351,6.39385964912281,6.85178377581121,6.88016989337395,140
"136",2013,5,6.4875,16,7.575,6.125,5.75,6.66666666666667,6.44615384615385,4,12,2,3,13,2007,901,1106,230,681,1326,6.86745015944195,7.57960310765816,6.28729662748644,6.38826086956522,6.85096828193833,6.87591483408748,141
"137",2013,6,6.87142857142857,14,8,6.78461538461538,6.66666666666667,7,6.83636363636364,1,13,3,3,11,2021,902,1119,233,684,1337,6.86747771895101,7.58006917960089,6.29307423592493,6.39184549356223,6.85162192982456,6.8755894315632,142
"138",2013,7,7.05625,16,7.06666666666667,7.05,6,7,7.06923076923077,6,10,1,3,13,2037,908,1129,234,687,1350,6.86896046637211,7.57667665198238,6.29977862710363,6.39017094017094,6.85226986899563,6.87745412592592,143
"139",2013,8,6.1875,12,6.7,5.82142857142857,5.875,6.75,6.075,5,7,2,2,10,2049,913,1136,236,689,1360,6.86496948267447,7.57187557502738,6.29683104753521,6.38580508474576,6.85197300435414,6.87155372794118,144
"140",2013,9,7.2375,16,7.14285714285714,7.31111111111111,7.8,8,7.06153846153846,7,9,1,3,13,2065,920,1145,237,692,1373,6.86785591767554,7.56861130434782,6.30480355458515,6.39177215189874,6.85695,6.87335256372906,145
"141",2013,10,6.84166666666667,12,7.32,6.5,6.75,6.03333333333333,7.11111111111111,5,7,2,3,9,2077,925,1152,239,695,1382,6.86770460760712,7.56726745945946,6.30598964409722,6.39476987447699,6.85339482014389,6.87490091895803,146
"142",2013,11,6.12105263157895,19,7.5375,5.09090909090909,7.5,6.9,5.84285714285714,8,11,2,5,14,2096,933,1163,241,700,1396,6.86093629293893,7.56701221864952,6.29449705073087,6.40394190871369,6.85372771428571,6.86455090974212,147
"143",2013,12,6.868,15,8.10666666666667,6.55833333333333,6.75,6.88666666666667,6.85555555555556,3,12,2,6,9,2111,936,1175,243,706,1405,6.86098648507816,7.56874188034188,6.29719154893617,6.40679012345679,6.85400764872521,6.86449328825623,148
"144",2014,1,6.88125,24,7.79545454545455,6.10769230769231,6.15,7.21875,6.7125,11,13,6,8,16,2135,947,1188,249,714,1421,6.86121427166276,7.57137529039071,6.2951179040404,6.40060240963856,6.8580943977591,6.86278189303307,149
"145",2014,2,6.3625,20,6.83333333333333,5.97727272727273,6,5.7,6.64642857142857,9,11,3,6,14,2155,956,1199,252,720,1435,6.85658583294663,7.56442719665272,6.29220189324437,6.39583333333333,6.84844361111111,6.86067112891986,150
"146",2014,3,6.97142857142857,14,6.91428571428571,7.02857142857143,8,NA,6.97142857142857,7,7,1,0,14,2169,963,1206,253,720,1449,6.85732709543568,7.55970134994808,6.29647601160862,6.40217391304348,6.84844361111111,6.86174124913733,151
"147",2014,4,6,7,7,5.83333333333333,5.66666666666667,5,6.4,1,6,3,2,5,2176,964,1212,256,722,1454,6.85456914981617,7.55912074688797,6.29418322607261,6.3935546875,6.84332326869806,6.86015341815681,152
"148",2014,5,6.21176470588235,17,7.56,4.28571428571429,3,9.1,6.03125,10,7,2,1,16,2193,974,1219,258,723,1470,6.84958616963064,7.55912977412731,6.28264977030353,6.36724806201551,6.84644453665284,6.85113134013605,153
"149",2014,6,6.90666666666667,15,7.23333333333333,6.41666666666667,6.7,6.68333333333333,7.05555555555556,9,6,1,6,9,2208,983,1225,259,729,1479,6.84997394474637,7.55614689725331,6.28330617959183,6.36853281853282,6.84510205761317,6.85237530087897,154
"150",2014,7,6.73940888888889,9,7.25,6.330936,NA,6,6.831835,4,5,0,1,8,2217,987,1230,259,730,1487,6.8495251014885,7.55490618034448,6.28349979674797,6.36853281853282,6.84394438356164,6.85226479488904,155
"151",2014,8,6.43076923076923,13,7,6.26,7.125,NA,6.43076923076923,3,10,4,0,13,2230,990,1240,263,730,1500,6.84708392376681,7.55322464646465,6.28331028225806,6.38003802281369,6.84394438356164,6.84861183333333,156
"152",2014,9,6.61052631578947,19,8,6.24,6.13333333333333,5.8,6.7625,4,15,3,3,16,2249,994,1255,266,733,1516,6.84508543797243,7.55502253521127,6.28279262948207,6.37725563909775,6.83967175989086,6.84770300131926,157
"153",2014,10,6.588,21,7.625,5.94984615384615,4.116,6.7935,6.46153846153846,8,13,3,8,13,2270,1002,1268,269,741,1529,6.84270711453744,7.55558123752495,6.27937914037855,6.35203717472119,6.83917327935223,6.84441971877044,158
"154",2014,11,7.15880952380952,21,7.5835,6.77272727272727,8,8.18375,6.91764705882353,10,11,1,4,17,2291,1012,1279,270,745,1546,6.84560460497599,7.55585711462451,6.28362216575449,6.35814074074074,6.84639248322148,6.84522493531695,159
"155",2014,12,6.69772727272727,22,7.54545454545455,5.85,5.25,6.95833333333333,6.6,11,11,2,6,16,2313,1023,1290,272,751,1562,6.84419807609165,7.55574525904203,6.2799246124031,6.34999264705883,6.84728681757656,6.84271302816901,160
"156",2015,1,6.806,25,7.4,6.33928571428571,6.875,7.31,6.68,11,14,4,5,20,2338,1034,1304,276,756,1582,6.84378962788708,7.55408839458414,6.28056192484662,6.35760144927536,6.85034708994709,6.84065597345133,161
"157",2015,2,6.43518518518519,27,7.16666666666667,5.85,6.21,5.24285714285714,6.8525,12,15,5,7,20,2365,1046,1319,281,763,1602,6.83912479915433,7.54964378585086,6.27566546626232,6.35497508896797,6.8355994757536,6.84080383895131,162
"158",2015,3,6.3405,20,8.33333333333333,5.98882352941176,5.5275,4.322,7.01333333333333,3,17,4,5,15,2385,1049,1336,285,768,1617,6.83494345911949,7.55188503336511,6.27201553143712,6.34336140350877,6.81923489583333,6.84240429808287,163
"159",2015,4,7.10869565217391,23,7.54166666666667,6.63636363636364,6.66666666666667,7.5,7.02631578947368,12,11,3,4,19,2408,1061,1347,288,772,1636,6.83755820182724,7.55176946277097,6.2749909057164,6.34672916666667,6.8227621761658,6.84454018948655,164
"160",2015,5,5.2,10,7.75,4.5625,3.5,2,6,2,8,2,2,8,2418,1063,1355,290,774,1644,6.83078583540116,7.55214242709313,6.26488025830258,6.32709655172414,6.81030025839793,6.84043050486618,165
"161",2015,6,6.82142857142857,14,8.08333333333333,5.875,NA,6.5,6.90909090909091,6,8,0,3,11,2432,1069,1363,290,777,1655,6.83073196957237,7.55512385406922,6.26259189288334,6.32709655172414,6.80910218790219,6.84088685800604,166
"162",2015,7,6.71666666666667,24,7.37692307692308,5.93636363636364,8,7.825,6.495,13,11,2,4,20,2456,1082,1374,292,781,1675,6.82961732491856,7.55298280961183,6.25998016739447,6.33855479452055,6.8143052496799,6.83675686567164,167
"163",2015,8,6.82857142857143,14,7.66666666666667,6.2,6.53333333333333,7.125,6.71,6,8,3,4,10,2470,1088,1382,295,785,1685,6.82961139676113,7.55360974264706,6.25963295947901,6.34053559322034,6.81588840764331,6.83600459940653,168
"164",2015,9,7.39090909090909,11,8.04285714285714,6.25,7,8.33333333333333,7.0375,7,4,1,3,8,2481,1095,1386,296,788,1693,6.83210002015316,7.55673735159817,6.25960515873016,6.34276351351351,6.8216654822335,6.83695673360898,169
"165",2015,10,5.95833333333333,12,7.16666666666667,5.55555555555556,5.5,6.5,5.57142857142857,3,9,2,5,7,2493,1098,1395,298,793,1700,6.82789416365824,7.55567158469945,6.2550629032258,6.33710738255034,6.81963732660782,6.83174573529412,170
"166",2015,11,6.94,30,7.46428571428571,6.48125,8,7.57142857142857,6.74782608695652,14,16,1,7,23,2523,1112,1411,299,800,1723,6.82922717003567,7.55452104316547,6.25762774627923,6.34266889632107,6.8262155,6.83062550783517,171
"167",2015,12,6.6,19,7.5,5.6,6.95,7.38,6.32142857142857,10,9,2,5,14,2542,1122,1420,301,805,1737,6.82751382769473,7.55403511586453,6.25345968309859,6.34670431893688,6.8296551552795,6.82652144502015,172
"168",2016,1,6.62352941176471,17,7.45,5.88888888888889,7,7,6.57333333333333,8,9,1,2,15,2559,1130,1429,302,807,1752,6.82615871434154,7.55329858407079,6.25116357592722,6.34886754966888,6.83007732342007,6.82435373858447,173
"169",2016,2,6.47142857142857,14,7.51111111111111,4.6,5,7.5,6.39230769230769,9,5,1,1,13,2573,1139,1434,303,808,1765,6.82422858530897,7.55296523266023,6.24540638075314,6.34441584158416,6.83090643564356,6.82117152974504,174
"170",2016,3,5.86363636363636,22,7.57142857142857,5.06666666666667,5,6,5.84210526315789,7,15,4,3,19,2595,1146,1449,307,811,1784,6.8160848362235,7.5530780104712,6.23320410628019,6.3268990228013,6.82783279901356,6.8107442544843,175
"171",2016,4,6.625,12,7.5,5.75,8,8,6.35,6,6,1,2,10,2607,1152,1455,308,813,1794,6.8152052742616,7.5528015625,6.23121151202749,6.33233116883117,6.83071635916359,6.80817600334448,176
"172",2016,5,6.29411764705882,17,7,5.66666666666667,5,6.375,6.26923076923077,8,9,3,4,13,2624,1160,1464,311,817,1807,6.81182932545731,7.54898913793103,6.22774094945355,6.31947909967846,6.82848518971848,6.80429869950194,177
"173",2016,6,6.5,17,7.33333333333333,5.5625,7.33333333333333,7.4,6.125,9,8,3,5,12,2641,1169,1472,314,822,1819,6.80982209390382,7.54732882805817,6.22412550951087,6.32916560509554,6.83196155717761,6.79981734469489,178
"174",2016,7,7.29411764705882,17,7.66666666666667,6.4,NA,8,7.25,12,5,0,1,16,2658,1181,1477,314,823,1835,6.8129195447705,7.54854140558848,6.22472088693297,6.32916560509554,6.83338080194411,6.80374264305177,179
"175",2016,8,7.12666666666667,15,7.76666666666667,6.16666666666667,5.75,6.6,7.31818181818182,9,6,4,4,11,2673,1190,1483,318,827,1846,6.81468019079685,7.55019109243697,6.2244860080917,6.32188050314466,6.83225199516324,6.80680809859155,180
"176",2016,9,6.10526315789474,19,6.875,5.9,6.6,6.15,6.09333333333333,4,15,1,4,15,2692,1194,1498,319,831,1861,6.80967316121842,7.54792914572864,6.22123681575434,6.32275235109718,6.82896799037304,6.80105736163353,181
"177",2016,10,6.4,10,7,5.5,NA,8.5,5.875,6,4,0,2,8,2702,1200,1502,319,833,1869,6.80815697631384,7.5451895,6.21931607856192,6.32275235109718,6.83298007202881,6.79709349919743,182
"178",2016,11,6.875,16,7.44444444444444,6.14285714285714,4,8,6.8,9,7,1,1,15,2718,1209,1509,320,834,1884,6.80855045989698,7.54443953680728,6.218961398277,6.31549375,6.8343793764988,6.79711664012739,183
"179",2016,12,6.78125,16,7.5,6.45454545454545,6.875,7.25,6.625,5,11,4,4,12,2734,1214,1520,324,838,1896,6.8083906912948,7.54425650741351,6.22066628289474,6.3224012345679,6.83636324582339,6.7960272943038,184
"180",2017,1,6.275,20,7.33333333333333,5.82142857142857,6.5,5.92857142857143,6.46153846153846,6,14,3,7,13,2754,1220,1534,327,845,1909,6.80451712055192,7.54321918032787,6.21702265319426,6.32403058103976,6.82884307692308,6.79374947616553,185
"181",2017,2,6.70833333333333,12,7.21428571428571,6,5,7.5,6.55,7,5,1,2,10,2766,1227,1539,328,847,1919,6.80409983731019,7.54134262428688,6.21631757634828,6.31999390243903,6.83042786304604,6.7924792860865,186
"182",2017,3,6.875,16,7.75,6.58333333333333,5.8,8.25,6.67857142857143,4,12,5,2,14,2782,1231,1551,333,849,1933,6.80450760244428,7.54202063363119,6.21915715667311,6.31218618618619,6.83377196702002,6.79165429384377,187
"183",2017,4,6.7,20,7.3125,6.29166666666667,5.875,6.5,6.71052631578947,8,12,4,1,19,2802,1239,1563,337,850,1952,6.80376165239115,7.54053866020984,6.2197138515675,6.30699703264095,6.83337929411765,6.79086462602459,188
"184",2017,5,7.4,12,9.16666666666667,6.81111111111111,7,8,7.28,3,9,1,2,10,2814,1242,1572,338,852,1962,6.80630424662402,7.54446650563607,6.22309971374046,6.30904733727811,6.83611784037559,6.79335767074414,189
"185",2017,6,7.1,15,7.55555555555556,6.41666666666667,NA,6.66666666666667,7.20833333333333,9,6,0,3,12,2829,1251,1578,338,855,1974,6.80786148815836,7.54454628297362,6.22383570975919,6.30904733727811,6.8355232748538,6.79588031914894,190
"186",2017,7,6.71875,16,8,5.72222222222222,5.66666666666667,5,6.83333333333333,7,9,3,1,15,2845,1258,1587,341,856,1989,6.80736033391915,7.54708060413354,6.22099102079395,6.30339589442815,6.83337897196262,6.7961627702363,191
"187",2017,8,7.00909090909091,22,7.16666666666667,6.82,7.56,6.76,7.08235294117647,12,10,5,5,17,2867,1270,1597,346,861,2006,6.80890831880014,7.54348614173228,6.22474185973701,6.3215549132948,6.83295284552845,6.798588110668,192
"188",2017,9,6.75,14,7,6.41666666666667,7.5,6.875,6.7,8,6,1,4,10,2881,1278,1603,347,865,2016,6.80862205831308,7.54008403755868,6.22546023081722,6.32495100864554,6.83314728323699,6.79809908234127,193
"189",2017,10,6.14705882352941,17,6.8,5.875,8,5.5,6.34615384615385,5,12,1,4,13,2898,1283,1615,348,869,2029,6.80474125258799,7.53719984411535,6.22285619195046,6.32976436781609,6.82701081703107,6.79520342533268,194
"190",2017,11,7.6,16,7.9375,7.2625,NA,7.775,7.54166666666667,8,8,0,4,12,2914,1291,1623,348,873,2041,6.80910780713795,7.53968040278853,6.22798074553296,6.32976436781609,6.83135441008018,6.79959223419892,195
"191",2017,12,6.90625,16,7.4125,6.4,7.25,7.375,6.75,8,8,2,4,12,2930,1299,1631,350,877,2053,6.80963827645051,7.53889715165512,6.22882449417535,6.33502285714286,6.83383397947548,6.79930236239649,196
"192",2018,1,5.5,18,6.8125,4.45,7,4.33333333333333,5.73333333333333,8,10,1,3,15,2948,1307,1641,351,880,2068,6.80164184192673,7.53445095638867,6.21798461304083,6.33691737891738,6.82530954545455,6.7915704787234,197
"193",2018,2,7.66875,16,7.85714285714286,7.52222222222222,7.16666666666667,8,7.62142857142857,7,9,3,2,14,2964,1314,1650,354,882,2082,6.8063225877193,7.5361700152207,6.22509863636364,6.34394915254237,6.82797324263039,6.79715069644572,198
"194",2018,3,6.41428571428571,14,7.55,5.5625,6.5,6.375,6.43,6,8,2,4,10,2978,1320,1658,356,886,2092,6.80447956682337,7.53623287878788,6.22190153799759,6.34482584269663,6.82592821670429,6.79539567399617,199
"195",2018,4,6.20833333333333,12,7.75,5.4375,6.66666666666667,8,5.61111111111111,4,8,3,3,9,2990,1324,1666,359,889,2101,6.80208700668896,7.53687870090634,6.21813490396158,6.34751532033426,6.82989021372328,6.79032258448358,200
"196",2018,5,6.69444444444444,18,7.71428571428571,6.04545454545455,5.83333333333333,5.25,6.875,7,11,3,2,16,3008,1331,1677,362,891,2117,6.80144286901595,7.53781172051089,6.21700223613596,6.34325414364641,6.82634388327722,6.7909625649504,201
"197",2018,6,7,3,9,6,NA,NA,7,1,2,0,0,3,3011,1332,1679,362,891,2120,6.80164070076386,7.53890945945946,6.21674374627755,6.34325414364641,6.82634388327722,6.79125837264151,202
"198",2018,7,6.94444444444444,9,7,6.91666666666667,NA,6.75,7,3,6,0,2,7,3020,1335,1685,362,893,2127,6.80206627483443,7.53769842696629,6.21923605341246,6.34325414364641,6.82617290033595,6.79194534555712,203
"199",2018,8,6.2,10,7.8,4.6,NA,5.25,6.83333333333333,5,5,0,4,6,3030,1340,1690,362,897,2133,6.80007925742574,7.5386771641791,6.21444541420118,6.34325414364641,6.81914425863991,6.79206176746366,204
"200",2018,9,7.20833333333333,12,7.3125,7,7,6.75,7.4375,8,4,1,4,8,3042,1348,1694,363,901,2141,6.80168972715319,7.53733486646884,6.21630032467532,6.34506336088154,6.81883729189789,6.79447349369453,205
"201",2018,10,7.46363636363636,11,7.72857142857143,7,NA,7.7,7.375,7,4,0,3,8,3053,1355,1698,363,904,2149,6.80407472977399,7.53832280442804,6.2181464958775,6.34506336088154,6.82176150442478,6.7966345974872,206
"202",2018,11,6.96153846153846,13,7.35714285714286,6.5,6,8.33333333333333,6.55,7,6,1,3,10,3066,1362,1704,364,907,2159,6.80474238421396,7.53739162995594,6.21913893779343,6.34411538461539,6.8267611907387,6.7954922417786,207
"203",2018,12,6.94166666666667,12,7.16666666666667,6.86666666666667,7.075,7.33333333333333,6.81111111111111,3,9,4,3,9,3078,1365,1713,368,910,2168,6.80527620207927,7.53657684981685,6.22254100992411,6.3520597826087,6.82843120879121,6.7955570802583,208
"204",2019,1,6.75384615384615,13,7.1,6.2,NA,7,6.73333333333333,8,5,0,1,12,3091,1373,1718,368,911,2180,6.80505989970883,7.53403306627822,6.22247540745052,6.3520597826087,6.82861953896817,6.79521456422018,209
"205",2019,2,7.04545454545455,11,7.58333333333333,6.4,5,7.75,6.88888888888889,6,5,1,2,9,3102,1379,1723,369,913,2189,6.80591236299161,7.53424757070341,6.22299056877539,6.34839566395664,6.83063789704272,6.79559970306076,210
"206",2019,3,7.04615384615385,13,7.75,6.44285714285714,NA,6.75,7.1,6,7,0,2,11,3115,1385,1730,369,915,2200,6.80691497592295,7.53518223826715,6.22388020231214,6.34839566395664,6.83046163934426,6.79712170454545,211
"207",2019,4,6.38888888888889,9,7.5,5.5,5.25,6.5,6.375,4,5,2,1,8,3124,1389,1735,371,916,2208,6.80571067541613,7.53508092152628,6.22179409221902,6.342474393531,6.83010087336245,6.79559227807971,212
"208",2019,5,5.8625,8,6.5,5.48,6,NA,5.8625,3,5,1,0,8,3132,1392,1740,372,916,2216,6.80330145274585,7.53285014367816,6.2196625,6.34155376344086,6.83010087336245,6.79222371389891,213
"209",2019,6,6.65714285714286,7,8.5,5.92,NA,NA,6.65714285714286,2,5,0,0,7,3139,1394,1745,372,916,2223,6.80297551768079,7.53423773314203,6.21880386819484,6.34155376344086,6.83010087336245,6.79179835807467,214
"210",2019,7,6.68181818181818,11,7.5,6.21428571428571,NA,7,6.5625,4,7,0,3,8,3150,1398,1752,372,919,2231,6.80255242857142,7.53413977110157,6.21878581621004,6.34155376344086,6.83065549510337,6.79097613177947,215
"211",2019,8,6.94230769230769,13,7.47222222222222,5.75,NA,7.5,6.84090909090909,9,4,0,2,11,3163,1407,1756,372,921,2242,6.80312682579829,7.53374371002132,6.21771796697039,6.34155376344086,6.83210901194354,6.79122111953613,216
"212",2019,9,6.26111111111111,18,6.81428571428571,5.90909090909091,6,5.5,6.35625,7,11,4,2,16,3181,1414,1767,376,923,2258,6.80005977679974,7.5301820367751,6.2157966893039,6.33792021276596,6.82922253521127,6.78813895039858,217
"213",2019,10,6.80666666666667,15,7.87142857142857,5.875,4,NA,6.80666666666667,7,8,1,0,15,3196,1421,1775,377,923,2273,6.80009078535669,7.53186305418719,6.21426070422535,6.33171883289125,6.82922253521127,6.78826121865376,218
"214",2019,11,7.64666666666667,15,7.7125,7.57142857142857,6,6,7.76428571428571,8,7,2,1,14,3211,1429,1782,379,924,2287,6.80404551541575,7.53287431770469,6.21959189113356,6.32996833773087,6.82832510822511,6.79423600787057,219
"215",2019,12,6.77368421052632,19,7.38,6.1,6.5,7.16666666666667,6.7,10,9,2,3,16,3230,1439,1791,381,927,2303,6.80386691950464,7.53181195274496,6.2189909268565,6.33086089238845,6.82942006472492,6.79358130699088,220
"216",2020,1,6.635,20,7.73,5.54,5.96666666666667,7,6.57058823529412,10,10,3,3,17,3250,1449,1801,384,930,2320,6.80282773846153,7.53317971014492,6.21522084952804,6.328015625,6.82997032258065,6.79194730603448,221
"217",2020,2,6.26666666666667,24,7,5.64615384615385,4.93333333333333,8,6.10909090909091,11,13,6,2,22,3274,1460,1814,390,932,2342,6.79889741905925,7.52916260273972,6.21114264057332,6.30655897435898,6.83248111587983,6.78553277113578,222
"218",2020,3,6.40357142857143,14,6.93571428571429,5.87142857142857,6,6,6.47083333333333,7,7,2,2,12,3288,1467,1821,392,934,2354,6.79721415754258,7.5263308793456,6.20983676551345,6.30499489795919,6.83069850107066,6.78392852591334,223
"219",2020,4,7.17857142857143,14,7.75,6.41666666666667,5.66666666666667,6.5,7.29166666666667,8,6,3,2,12,3302,1475,1827,395,936,2366,6.79883105693519,7.527544,6.21051600985222,6.30014683544304,6.82999188034188,6.78650369822485,224
"220",2020,5,6.5,6,7.25,5,NA,9,6,4,2,0,1,5,3308,1479,1829,395,937,2371,6.79828904171705,7.52679337390128,6.20919231820667,6.30014683544304,6.83230779082177,6.78484510754956,225
"221",2020,6,6.85185222222222,9,8,6.70833375,NA,NA,6.85185222222222,1,8,0,0,9,3317,1480,1837,395,937,2380,6.79843437443473,7.52711310810811,6.21136604246053,6.30014683544304,6.83230779082177,6.78509849579832,226
"222",2020,7,6.68,10,7.93333333333333,6.14285714285714,6,6.9,6.625,3,7,1,2,8,3327,1483,1844,396,939,2388,6.7980783949504,7.52793486176669,6.21110597613883,6.29938888888889,6.83245197018104,6.78456215242881,227
"223",2020,8,7.5,8,9.83333333333333,6.1,5.75,10,7.14285714285714,3,5,2,1,7,3335,1486,1849,398,940,2395,6.79976216491754,7.53258909825033,6.21080552731206,6.29662814070352,6.83582170212766,6.7856093611691,228
"224",2020,9,6.75,10,7,6.5,7,7,6.6875,5,5,2,2,8,3345,1491,1854,400,942,2403,6.79961339910314,7.53080308517773,6.21158544768069,6.300145,6.83617027600849,6.78528273824386,229
"225",2020,10,7.13,10,7.47142857142857,6.33333333333333,6,7,7.14444444444444,7,3,1,1,9,3355,1498,1857,401,943,2412,6.80059815797317,7.5305256341789,6.21178213247173,6.29939650872818,6.83634400848356,6.78662289386401,230
"226",2020,11,6.02315789473684,19,6.99142857142857,5.45833333333333,5,7.48,5.75,7,12,3,3,16,3374,1505,1869,404,946,2428,6.79622016004742,7.52801820598006,6.2069445799893,6.28974752475248,6.83838520084567,6.77979177100494,231
"227",2020,12,6.26875,16,6.88,5.25,NA,6,6.28666666666667,10,6,0,1,15,3390,1515,1875,404,947,2443,6.79373062536873,7.5237408580858,6.20388235733333,6.28974752475248,6.83749989440338,6.77676398690135,232
"228",2021,1,5.4,5,8,4.75,5.5,NA,5.4,1,4,2,0,5,3395,1516,1879,406,947,2448,6.7916780029455,7.52405501319261,6.20078734433209,6.28585714285714,6.83749989440338,6.77395196895425,233
"229",2021,2,6.06470588235294,17,7.5,5.06,4,6.5,5.93076923076923,7,10,2,4,13,3412,1523,1889,408,951,2461,6.78805592614302,7.52394445173998,6.19474823716252,6.27465196078432,6.83608033648791,6.76949793579845,234
"230",2021,3,6.75,10,6.8,6.7,NA,8.5,6.55555555555556,5,5,0,1,9,3422,1528,1894,408,952,2470,6.78794471654003,7.52157552356021,6.19608205913411,6.27465196078432,6.8378281512605,6.76871838866396,235
"231",2021,4,6.84666666666667,15,7.15,6.5,6,5,7.13076923076923,8,7,1,2,13,3437,1536,1901,409,954,2483,6.78820099505382,7.519640234375,6.19720116780642,6.2739804400978,6.83397526205451,6.77061394281111,236
"232",2021,5,7.35833333333333,12,8.05,6.66666666666667,6,8.4,7.15,6,6,1,2,10,3449,1542,1907,410,956,2493,6.7901846390258,7.52170389105058,6.19867824855794,6.27331219512195,6.83725146443515,6.77213574809466,237
"233",2021,6,6.29090909090909,11,6.84,5.83333333333333,7,8,6.12,5,6,1,1,10,3460,1547,1913,411,957,2503,6.78859734682081,7.51950058177117,6.19753236800836,6.2750802919708,6.83846645768025,6.76953033160208,238
"234",2021,7,6.14777777777778,9,6.8,5.3325,6,6.25,6.066,5,4,1,4,5,3469,1552,1917,412,961,2508,6.78693479965407,7.51718260309278,6.19572739697444,6.27441262135923,6.83601706555671,6.76812775917065,239
"235",2021,8,6.32,15,7.5,6.13846153846154,5,5.42,6.77,2,13,1,5,10,3484,1554,1930,413,966,2518,6.78492446039035,7.51716048906049,6.19534166839378,6.27132687651332,6.82868778467909,6.76813519459889,240
"236",2021,9,6.61272727272727,11,7.05666666666667,6.08,NA,NA,6.61272727272727,6,5,0,0,11,3495,1560,1935,413,966,2529,6.78438249499284,7.51538935897436,6.19504362790698,6.27132687651332,6.82868778467909,6.76745924080664,241
"237",2021,10,7.2,5,8,7,NA,NA,7.2,1,4,0,0,5,3500,1561,1939,413,966,2534,6.78497623428571,7.5156998078155,6.19670418772563,6.27132687651332,6.82868778467909,6.76831271507498,242
"238",2021,11,6.3,21,7,6.02,7.16666666666667,6.4,6.28947368421053,6,15,3,2,19,3521,1567,1954,416,968,2553,6.78208373189434,7.51372520740268,6.19534770726714,6.27778365384616,6.8278020661157,6.76474908734822,243
"239",2021,12,6.27272727272727,22,6.95,5.70833333333333,NA,6.75,6.16666666666667,10,12,0,4,18,3543,1577,1966,416,972,2571,6.77892092012419,7.51015053899809,6.19237508646999,6.27778365384616,6.82748189300412,6.76056181252431,244
"240",2022,1,7.03372222222222,18,8.05,6.2207,6.17675,6.169,7.20666666666667,8,10,4,3,15,3561,1585,1976,420,975,2586,6.78020887952822,7.51287533123028,6.19251843117409,6.27682142857143,6.82545579487179,6.76314942768755,245
"241",2022,2,6.08333333333333,18,7.58333333333333,5.33333333333333,NA,7.25,5.75,6,12,0,4,14,3579,1591,1988,420,979,2600,6.77670405699916,7.51314104336895,6.18733220321931,6.27682142857143,6.82719039836568,6.75769400769231,246
"242",2022,3,6.496,25,7.58333333333333,5.49230769230769,5,7,6.2125,12,13,1,9,16,3604,1603,2001,421,988,2616,6.77475688679245,7.51366650031191,6.1828168015992,6.27378859857482,6.82876457489879,6.75435948776758,247
"243",2022,4,6.00375,8,6.2,5.67666666666667,NA,5.515,6.16666666666667,5,3,0,2,6,3612,1608,2004,421,990,2622,6.7730492303433,7.50958171641791,6.18205909181637,6.27378859857482,6.82611050505051,6.75301465293669,248
"244",2022,5,6.59375,16,6.66666666666667,6.5,6.25,NA,6.59375,9,7,2,0,16,3628,1617,2011,423,990,2638,6.77225849503859,7.50489016697588,6.18316579811039,6.27367612293144,6.82611050505051,6.7520486808188,249
"245",2022,6,7.215,20,7.28,7.15,7.5,6.33333333333333,7.37058823529412,10,10,1,3,17,3648,1627,2021,424,993,2655,6.77468580592105,7.50350792870313,6.18794973775359,6.27656839622642,6.82462175226586,6.75600919774011,250
"246",2022,7,6.11538461538461,13,7.2,5.4375,5.5,4.55,6.4,5,8,3,2,11,3661,1632,2029,427,995,2666,6.77234466539197,7.50257806372549,6.18499084277969,6.27111241217799,6.82004964824121,6.75454029257314,251
"247",2022,8,6.72,10,7.8,5.64,NA,7.5,6.525,5,5,0,2,8,3671,1637,2034,427,997,2674,6.77220207572868,7.50348649969456,6.18365114060964,6.27111241217799,6.82141364092277,6.75385356020942,252
"248",2022,9,6.58846153846154,13,7.9625,5.97777777777778,5,6,6.69545454545455,4,9,1,2,11,3684,1641,2043,428,999,2685,6.7715536970684,7.50460536258379,6.18274420949584,6.26814252336449,6.81976916916917,6.75361430912477,253
"249",2022,10,6.36666666666667,15,7.625,5.90909090909091,NA,NA,6.36666666666667,4,11,0,0,15,3699,1645,2054,428,999,2700,6.76991181941065,7.50489811550152,6.18127868549172,6.26814252336449,6.81976916916917,6.7514646,254
"250",2022,11,6.25,14,7.6,5.5,NA,6.5,6.20833333333333,5,9,0,2,12,3713,1650,2063,428,1001,2712,6.76795147320226,7.5051863030303,6.17830655356277,6.26814252336449,6.81913026973027,6.74906136430678,255
"251",2022,12,7.15384615384615,26,7.66666666666667,6.71428571428571,6,7.5,7.125,12,14,1,2,24,3739,1662,2077,429,1003,2736,6.77063488098422,7.50635222623345,6.18191931632162,6.26751748251748,6.82048793619143,6.75235907163743,256
