"","year","month","avg_rating","no_ratings","avg_rating_owned","avg_rating_not_owned","avg_rating_prev_owned","avg_rating_comment","avg_rating_no_comment","no_ratings_owned","no_ratings_not_owned","no_ratings_prev_owned","no_ratings_comment","no_ratings_no_comment","cum_no_ratings","cum_no_ratings_owned","cum_no_ratings_not_owned","cum_no_ratings_prev_owned","cum_no_ratings_comment","cum_no_ratings_no_comment","cum_avg_rating","cum_avg_rating_owned","cum_avg_rating_not_owned","cum_avg_rating_prev_owned","cum_avg_rating_comment","cum_avg_rating_no_comment","month_after_release"
"1",2004,5,7,1,NA,7,NA,7,NA,0,1,0,1,0,1,0,1,0,1,0,7,NA,7,NA,7,NA,36
"2",2004,6,5.5,3,4.75,7,NA,4.75,7,2,1,0,2,1,4,2,2,0,3,1,5.875,4.75,7,NA,5.5,7,37
"3",2004,7,6,1,6,NA,NA,NA,6,1,0,0,0,1,5,3,2,0,3,2,5.9,5.16666666666667,7,NA,5.5,6.5,38
"4",2004,9,4.5,2,3,6,NA,3,6,1,1,0,1,1,7,4,3,0,4,3,5.5,4.625,6.66666666666667,NA,4.875,6.33333333333333,40
"5",2004,10,4.5,2,6,3,NA,3,6,1,1,0,1,1,9,5,4,0,5,4,5.27777777777778,4.9,5.75,NA,4.5,6.25,41
"6",2004,11,6.125,4,6.5,5,NA,7.5,5.66666666666667,3,1,0,1,3,13,8,5,0,6,7,5.53846153846154,5.5,5.6,NA,5,6,42
"7",2004,12,4,2,NA,4,NA,4,4,0,2,0,1,1,15,8,7,0,7,8,5.33333333333333,5.5,5.14285714285714,NA,4.85714285714286,5.75,43
"8",2005,1,7,2,8,6,NA,7,NA,1,1,0,2,0,17,9,8,0,9,8,5.52941176470588,5.77777777777778,5.25,NA,5.33333333333333,5.75,44
"9",2005,2,9,1,9,NA,NA,NA,9,1,0,0,0,1,18,10,8,0,9,9,5.72222222222222,6.1,5.25,NA,5.33333333333333,6.11111111111111,45
"10",2005,3,5.5,3,5.5,5.5,NA,5.25,6,1,2,0,2,1,21,11,10,0,11,10,5.69047619047619,6.04545454545455,5.3,NA,5.31818181818182,6.1,46
"11",2005,4,6.825,2,8.25,5.4,5.4,8.25,5.4,1,1,1,1,1,23,12,11,1,12,11,5.78913043478261,6.22916666666667,5.30909090909091,5.4,5.5625,6.03636363636364,47
"12",2005,5,7.33333333333333,3,7.33333333333333,NA,NA,8,6,3,0,0,2,1,26,15,11,1,14,12,5.96730769230769,6.45,5.30909090909091,5.4,5.91071428571429,6.03333333333333,48
"13",2005,6,5.375,2,5.375,NA,NA,5.75,5,2,0,0,1,1,28,17,11,1,15,13,5.925,6.32352941176471,5.30909090909091,5.4,5.9,5.95384615384615,49
"14",2005,7,7,1,7,NA,NA,NA,7,1,0,0,0,1,29,18,11,1,15,14,5.96206896551724,6.36111111111111,5.30909090909091,5.4,5.9,6.02857142857143,50
"15",2005,8,4.16666666666667,6,4.33333333333333,4,NA,2,5.25,3,3,0,2,4,35,21,14,1,17,18,5.65428571428571,6.07142857142857,5.02857142857143,5.4,5.44117647058824,5.85555555555556,51
"16",2005,9,7,2,NA,7,6,6,8,0,2,1,1,1,37,21,16,2,18,19,5.72702702702703,6.07142857142857,5.275,5.7,5.47222222222222,5.96842105263158,52
"17",2005,10,4.7,5,5.25,2.5,NA,3.25,5.66666666666667,4,1,0,2,3,42,25,17,2,20,22,5.60476190476191,5.94,5.11176470588235,5.7,5.25,5.92727272727273,53
"18",2005,11,7.33333333333333,3,7.33333333333333,NA,NA,NA,7.33333333333333,3,0,0,0,3,45,28,17,2,20,25,5.72,6.08928571428571,5.11176470588235,5.7,5.25,6.096,54
"19",2005,12,6.4,5,6.4,NA,NA,6,6.66666666666667,5,0,0,2,3,50,33,17,2,22,28,5.788,6.13636363636364,5.11176470588235,5.7,5.31818181818182,6.15714285714286,55
"20",2006,1,5.1,10,5.4,4.8,NA,5,5.14285714285714,5,5,0,3,7,60,38,22,2,25,35,5.67333333333333,6.03947368421053,5.04090909090909,5.7,5.28,5.95428571428571,56
"21",2006,2,5.75,4,5.75,NA,NA,5,6,4,0,0,1,3,64,42,22,2,26,38,5.678125,6.01190476190476,5.04090909090909,5.7,5.26923076923077,5.95789473684211,57
"22",2006,3,6.33333333333333,3,6.5,6,NA,6.5,6,2,1,0,2,1,67,44,23,2,28,39,5.70746268656716,6.03409090909091,5.08260869565217,5.7,5.35714285714286,5.95897435897436,58
"23",2006,4,5.16666666666667,3,6,4.75,NA,5.5,4.5,1,2,0,2,1,70,45,25,2,30,40,5.68428571428572,6.03333333333333,5.056,5.7,5.36666666666667,5.9225,59
"24",2006,5,5,2,5,5,NA,5,5,1,1,0,1,1,72,46,26,2,31,41,5.66527777777778,6.01086956521739,5.05384615384615,5.7,5.35483870967742,5.9,60
"25",2006,6,6.4,5,7.25,3,NA,7,6,4,1,0,2,3,77,50,27,2,33,44,5.71298701298701,6.11,4.97777777777778,5.7,5.45454545454545,5.90681818181818,61
"26",2006,7,7.5,2,7.5,NA,NA,7.5,NA,2,0,0,2,0,79,52,27,2,35,44,5.75822784810127,6.16346153846154,4.97777777777778,5.7,5.57142857142857,5.90681818181818,62
"27",2006,8,4.08333333333333,6,4.5,3.875,NA,3.75,4.25,2,4,0,2,4,85,54,31,2,37,48,5.64,6.10185185185185,4.83548387096774,5.7,5.47297297297297,5.76875,63
"28",2006,9,4.5,2,NA,4.5,NA,NA,4.5,0,2,0,0,2,87,54,33,2,37,50,5.61379310344828,6.10185185185185,4.81515151515151,5.7,5.47297297297297,5.718,64
"29",2006,10,7.025,4,7.025,NA,NA,7,7.03333333333333,4,0,0,1,3,91,58,33,2,38,53,5.67582417582418,6.16551724137931,4.81515151515151,5.7,5.51315789473684,5.79245283018868,65
"30",2006,11,6.5,2,7,6,NA,6.5,NA,1,1,0,2,0,93,59,34,2,40,53,5.69354838709677,6.17966101694915,4.85,5.7,5.5625,5.79245283018868,66
"31",2006,12,6.45454545454545,11,6.85714285714286,5.75,NA,6.66666666666667,6.375,7,4,0,3,8,104,66,38,2,43,61,5.77403846153846,6.25151515151515,4.94473684210526,5.7,5.63953488372093,5.86885245901639,67
"32",2007,1,5.04545454545455,11,6.3,4,NA,5.125,5,5,6,0,4,7,115,71,44,2,47,68,5.70434782608696,6.25492957746479,4.81590909090909,5.7,5.59574468085106,5.77941176470588,68
"33",2007,2,6.2,3,6.55,5.5,NA,5.5,6.55,2,1,0,1,2,118,73,45,2,48,70,5.71694915254237,6.26301369863014,4.83111111111111,5.7,5.59375,5.80142857142857,69
"34",2007,3,5.7,5,6.375,3,NA,6.5,4.5,4,1,0,3,2,123,77,46,2,51,72,5.71626016260163,6.26883116883117,4.79130434782609,5.7,5.64705882352941,5.76527777777778,70
"35",2007,4,4.83333333333333,3,NA,4.83333333333333,NA,4,5.25,0,3,0,1,2,126,77,49,2,52,74,5.6952380952381,6.26883116883117,4.79387755102041,5.7,5.61538461538461,5.75135135135135,71
"36",2007,5,5.9,5,6.83333333333333,4.5,NA,4.75,6.66666666666667,3,2,0,2,3,131,80,51,2,54,77,5.7030534351145,6.29,4.78235294117647,5.7,5.58333333333333,5.78701298701299,72
"37",2007,6,8,2,NA,8,NA,NA,8,0,2,0,0,2,133,80,53,2,54,79,5.73759398496241,6.29,4.90377358490566,5.7,5.58333333333333,5.84303797468354,73
"38",2007,7,4.95714285714286,7,4.78333333333333,6,NA,3.83333333333333,5.8,6,1,0,3,4,140,86,54,2,57,83,5.69857142857143,6.18488372093023,4.92407407407407,5.7,5.49122807017544,5.84096385542169,74
"39",2007,8,5.66666666666667,6,5.33333333333333,6,NA,5.8,5,3,3,0,5,1,146,89,57,2,62,84,5.6972602739726,6.1561797752809,4.98070175438596,5.7,5.51612903225806,5.83095238095238,75
"40",2007,9,5.58333333333333,6,6.125,4.5,NA,6,5.5,4,2,0,1,5,152,93,59,2,63,89,5.69276315789474,6.15483870967742,4.96440677966102,5.7,5.52380952380952,5.8123595505618,76
"41",2007,10,4.1,3,5.3,3.5,NA,3.5,5.3,1,2,0,2,1,155,94,61,2,65,90,5.66193548387097,6.14574468085106,4.91639344262295,5.7,5.46153846153846,5.80666666666667,77
"42",2007,11,5.31,10,6.01428571428571,3.66666666666667,NA,5,5.51666666666667,7,3,0,4,6,165,101,64,2,69,96,5.64060606060606,6.13663366336634,4.8578125,5.7,5.43478260869565,5.78854166666667,78
"43",2007,12,5.52666666666667,15,6.5,5.37692307692308,6,5.55714285714286,5.5,2,13,1,7,8,180,103,77,3,76,104,5.63111111111111,6.14368932038835,4.94545454545454,5.8,5.44605263157895,5.76634615384615,79
"44",2008,1,5.45777777777778,18,5.52083333333333,5.33166666666667,NA,5.66666666666667,5.416,12,6,0,3,15,198,115,83,3,79,119,5.61535353535353,6.07869565217391,4.9733734939759,5.8,5.45443037974684,5.72218487394958,80
"45",2008,2,5.325,8,5.93333333333333,3.5,NA,6.5,4.93333333333333,6,2,0,2,6,206,121,85,3,81,125,5.60407766990291,6.07148760330579,4.93870588235294,5.8,5.48024691358025,5.68432,81
"46",2008,3,5.07142857142857,7,4.16666666666667,5.75,5,4.875,5.33333333333333,3,4,1,4,3,213,124,89,4,85,128,5.58657276995305,6.02540322580645,4.97516853932584,5.6,5.45176470588235,5.67609375,82
"47",2008,4,6,4,5.83333333333333,6.5,NA,NA,6,3,1,0,0,4,217,127,90,4,85,132,5.5941935483871,6.02086614173228,4.99211111111111,5.6,5.45176470588235,5.68590909090909,83
"48",2008,5,5.8,5,6.25,4,NA,4,6.25,4,1,0,1,4,222,131,91,4,86,136,5.59882882882883,6.02786259541985,4.98120879120879,5.6,5.43488372093023,5.7025,84
"49",2008,6,6,4,6.33333333333333,5,NA,7,5.66666666666667,3,1,0,1,3,226,134,92,4,87,139,5.60592920353982,6.03470149253731,4.98141304347826,5.6,5.45287356321839,5.70172661870504,85
"50",2008,7,3.66666666666667,6,5,3,NA,3,4,2,4,0,2,4,232,136,96,4,89,143,5.55577586206896,6.01948529411765,4.89885416666667,5.6,5.39775280898876,5.65412587412587,86
"51",2008,8,3.625,8,4.66666666666667,3,6,2.66666666666667,4.2,3,5,1,3,5,240,139,101,5,92,148,5.49141666666667,5.99028776978417,4.80485148514851,5.68,5.30869565217391,5.605,87
"52",2008,9,5.2,5,6.66666666666667,3,NA,4.5,5.66666666666667,3,2,0,2,3,245,142,103,5,94,151,5.4854693877551,6.00457746478873,4.76980582524272,5.68,5.29148936170213,5.60622516556291,88
"53",2008,10,4.5,4,4.33333333333333,5,5,5,4.33333333333333,3,1,1,1,3,249,145,104,6,95,154,5.46963855421687,5.97,4.77201923076923,5.56666666666667,5.28842105263158,5.58142857142857,89
"54",2008,11,4.78571428571429,7,4.75,4.83333333333333,NA,4,5.1,4,3,0,2,5,256,149,107,6,97,159,5.4509375,5.93724832214765,4.77373831775701,5.56666666666667,5.26185567010309,5.5662893081761,90
"55",2008,12,5.14285714285714,7,10,4.33333333333333,NA,4.6,6.5,1,6,0,5,2,263,150,113,6,102,161,5.44273764258555,5.96433333333333,4.75035398230088,5.56666666666667,5.22941176470588,5.57788819875776,91
"56",2009,1,5.51428571428571,21,6.02142857142857,4.5,5.5,5.45,5.57272727272727,14,7,2,10,11,284,164,120,8,112,172,5.44802816901408,5.96920731707317,4.73575,5.55,5.24910714285714,5.57755813953488,92
"57",2009,2,4.90909090909091,11,5.25,4.5,3,4.57142857142857,5.5,6,5,1,7,4,295,170,125,9,119,176,5.42793220338983,5.94382352941177,4.72632,5.26666666666667,5.20924369747899,5.57579545454545,93
"58",2009,3,6.36363636363636,11,6.44444444444444,6,NA,7,6.3,9,2,0,1,10,306,179,127,9,120,186,5.46156862745098,5.96899441340782,4.7463779527559,5.26666666666667,5.22416666666667,5.6147311827957,94
"59",2009,4,5.81818181818182,11,5.91666666666667,5.7,4,5,5.9,6,5,1,1,10,317,185,132,10,121,196,5.47394321766561,5.9672972972973,4.7825,5.14,5.22231404958678,5.62928571428571,95
"60",2009,5,4,2,5,3,3,4,NA,1,1,1,2,0,319,186,133,11,123,196,5.46470219435737,5.96209677419355,4.7690977443609,4.94545454545455,5.20243902439024,5.62928571428571,96
"61",2009,6,6.92857142857143,7,6.9,7,NA,6.16666666666667,7.5,5,2,0,3,4,326,191,135,11,126,200,5.49613496932515,5.98664921465969,4.80214814814815,4.94545454545455,5.22539682539683,5.6667,97
"62",2009,7,5.61111111111111,9,5.16666666666667,6.5,6,5.5,5.66666666666667,6,3,2,3,6,335,197,138,13,129,206,5.49922388059701,5.96167512690355,4.83905797101449,5.10769230769231,5.23178294573643,5.66669902912621,98
"63",2009,8,6.33333333333333,9,6.875,5.9,NA,5.5,6.75,4,5,0,3,6,344,201,143,13,132,212,5.52104651162791,5.97985074626866,4.87615384615384,5.10769230769231,5.23787878787879,5.69735849056604,99
"64",2009,9,5.25,8,5.66666666666667,5,NA,5,5.33333333333333,3,5,0,2,6,352,204,148,13,134,218,5.51488636363636,5.97524509803922,4.88033783783784,5.10769230769231,5.23432835820896,5.68733944954128,100
"65",2009,10,4.92857142857143,7,7,4.58333333333333,6,3,5.7,1,6,1,2,5,359,205,154,14,136,223,5.50345403899721,5.98024390243902,4.86876623376623,5.17142857142857,5.20147058823529,5.68762331838565,101
"66",2009,11,5.22222222222222,9,6,4.83333333333333,3.5,4,5.375,3,6,2,1,8,368,208,160,16,137,231,5.49657608695652,5.98052884615385,4.8674375,4.9625,5.19270072992701,5.67679653679654,102
"67",2009,12,5.13636363636364,11,6,4.8125,4,5,5.1875,3,8,1,3,8,379,211,168,17,140,239,5.48612137203166,5.98080568720379,4.86482142857143,4.90588235294118,5.18857142857143,5.66041841004184,103
"68",2010,1,5.55769230769231,13,5.92857142857143,5.125,7,5.5,5.58333333333333,7,6,1,4,9,392,218,174,18,144,248,5.48849489795918,5.97912844036697,4.87379310344827,5.02222222222222,5.19722222222222,5.65762096774194,104
"69",2010,2,5.5,5,6.625,1,NA,6,5.16666666666667,4,1,0,2,3,397,222,175,18,146,251,5.48863979848866,5.99076576576577,4.85165714285714,5.02222222222222,5.20821917808219,5.65175298804781,105
"70",2010,3,5.45,10,5.875,5.16666666666667,NA,5,5.75,4,6,0,4,6,407,226,181,18,150,257,5.48769041769042,5.98871681415929,4.86209944751381,5.02222222222222,5.20266666666667,5.654046692607,106
"71",2010,4,5.5,10,6.3,4.7,NA,7,5.125,5,5,0,2,8,417,231,186,18,152,265,5.48798561151079,5.99545454545455,4.85774193548387,5.02222222222222,5.22631578947369,5.63807547169811,107
"72",2010,5,5.81428571428571,7,5.94,5.5,NA,6,5.78333333333333,5,2,0,1,6,424,236,188,18,153,271,5.49337264150943,5.99427966101695,4.8645744680851,5.02222222222222,5.23137254901961,5.64129151291513,108
"73",2010,6,6,4,7,5,6,6,6,2,2,1,1,3,428,238,190,19,154,274,5.49810747663551,6.00273109243698,4.866,5.07368421052632,5.23636363636364,5.64521897810219,109
"74",2010,7,6.1,7,5.74,7,NA,5,6.28333333333333,5,2,0,1,6,435,243,192,19,155,280,5.50779310344827,5.99732510288066,4.88822916666666,5.07368421052632,5.23483870967742,5.65889285714286,110
"75",2010,8,5.75,4,6,5.66666666666667,NA,6.5,5,1,3,0,2,2,439,244,195,19,157,282,5.51,5.99733606557377,4.90020512820513,5.07368421052632,5.25095541401274,5.65421985815603,111
"76",2010,9,5.25,2,5.25,NA,NA,NA,5.25,2,0,0,0,2,441,246,195,19,157,284,5.508820861678,5.99126016260163,4.90020512820513,5.07368421052632,5.25095541401274,5.65137323943662,112
"77",2010,10,5,5,5,5,NA,4.83333333333333,5.25,2,3,0,3,2,446,248,198,19,160,286,5.50311659192825,5.98326612903226,4.90171717171717,5.07368421052632,5.243125,5.64856643356643,113
"78",2010,11,4.3,5,5.5,4,NA,3.66666666666667,5.25,1,4,0,3,2,451,249,202,19,163,288,5.48977827050998,5.98132530120482,4.88386138613861,5.07368421052632,5.21411042944785,5.64579861111111,114
"79",2010,12,5,12,6,2,2,4.75,5.05,9,3,1,2,10,463,258,205,20,165,298,5.47708423326134,5.98197674418605,4.84165853658536,4.92,5.20848484848485,5.62580536912752,115
"80",2011,1,5.21538461538462,13,6.18571428571429,4.08333333333333,NA,4.5,5.34545454545455,7,6,0,2,11,476,265,211,20,167,309,5.46993697478992,5.98735849056604,4.82009478672986,4.92,5.2,5.61582524271845,116
"81",2011,2,6.15,10,5.9375,7,NA,6.83333333333333,5.85714285714286,8,2,0,3,7,486,273,213,20,170,316,5.48393004115226,5.98589743589744,4.84056338028169,4.92,5.22882352941176,5.62117088607595,117
"82",2011,3,6.33333333333333,3,7.5,4,NA,6,7,2,1,0,2,1,489,275,214,20,172,317,5.48914110429448,5.99690909090909,4.83663551401869,4.92,5.23779069767442,5.62552050473186,118
"83",2011,4,5.8,10,6.6,5,3,5,6.14285714285714,5,5,1,3,7,499,280,219,21,175,324,5.49537074148297,6.00767857142857,4.84036529680365,4.82857142857143,5.23371428571429,5.6366975308642,119
"84",2011,5,4.99090909090909,11,4.36666666666667,5.225,NA,5.75,4.82222222222222,3,8,0,2,9,510,283,227,21,177,333,5.48449019607843,5.99028268551237,4.85392070484581,4.82857142857143,5.23954802259887,5.61468468468468,120
"85",2011,6,5.61111111111111,9,5.8125,4,4,7.16666666666667,4.83333333333333,8,1,1,3,6,519,291,228,22,180,339,5.4866859344894,5.98539518900344,4.85017543859649,4.79090909090909,5.27166666666667,5.60085545722714,121
"86",2011,7,5.7,5,5.5,6.5,NA,6,5.5,4,1,0,2,3,524,295,229,22,182,342,5.4887213740458,5.97881355932203,4.85737991266375,4.79090909090909,5.27967032967033,5.59997076023392,122
"87",2011,8,5.29,11,5.24333333333333,5.5,NA,4.34,6.08166666666667,9,2,0,5,6,535,304,231,22,187,348,5.48463551401869,5.95703947368421,4.86294372294372,4.79090909090909,5.25454545454545,5.60827586206897,123
"88",2011,9,6.4,5,6.5,6,NA,NA,6.4,4,1,0,0,5,540,308,232,22,187,353,5.49311111111111,5.96409090909091,4.8678448275862,4.79090909090909,5.25454545454545,5.61949008498584,124
"89",2011,10,6.5,5,7.5,5.83333333333333,NA,5.75,7,2,3,0,2,3,545,310,235,22,189,356,5.50234862385321,5.974,4.88017021276595,4.79090909090909,5.25978835978836,5.63112359550562,125
"90",2011,11,4.46875,8,6.08333333333333,3.5,3,3.41666666666667,5.1,3,5,1,3,5,553,313,240,23,192,361,5.48739602169982,5.97504792332268,4.85141666666666,4.71304347826087,5.23098958333333,5.62376731301939,126
"91",2011,12,6.27923076923077,13,6.68,4.94333333333333,NA,6,6.40333333333333,10,3,0,4,9,566,323,243,23,196,370,5.50558303886926,5.99687306501548,4.85255144032922,4.71304347826087,5.24668367346939,5.64272972972973,127
"92",2012,1,5,12,6.14285714285714,3.4,NA,2.83333333333333,5.72222222222222,7,5,0,3,9,578,330,248,23,199,379,5.49508650519031,5.9999696969697,4.82326612903226,4.71304347826087,5.21030150753769,5.64461741424802,128
"93",2012,2,5.98125,8,5.37,7,5,5.5,6.14166666666667,5,3,1,2,6,586,335,251,24,201,385,5.50172354948805,5.9905671641791,4.84928286852589,4.725,5.21318407960199,5.65236363636364,129
"94",2012,3,5.35714285714286,7,6.33333333333333,4.625,NA,6.75,4.8,3,4,0,2,5,593,338,255,24,203,390,5.50001686340641,5.99360946745562,4.84576470588235,4.725,5.22832512315271,5.6414358974359,130
"95",2012,4,6,3,6,NA,NA,7,5.5,3,0,0,1,2,596,341,255,24,204,392,5.50253355704698,5.99366568914956,4.84576470588235,4.725,5.23700980392157,5.64071428571429,131
"96",2012,5,5.825,4,7.15,4.5,NA,4.5,7.15,2,2,0,2,2,600,343,257,24,206,394,5.50468333333333,6.0004081632653,4.84307392996109,4.725,5.22985436893204,5.64837563451777,132
"97",2012,6,6.44444444444444,9,7.2,5.5,6,5,7.16666666666667,5,4,1,3,6,609,348,261,25,209,400,5.51857142857143,6.01764367816092,4.8531417624521,4.776,5.22655502392345,5.67115,133
"98",2012,7,5.32125,16,5.05555555555556,5.66285714285714,5,4.41666666666667,5.864,9,7,2,6,10,625,357,268,27,215,410,5.51352,5.9933893557423,4.87429104477612,4.79259259259259,5.20395348837209,5.67585365853659,134
"99",2012,8,5,4,6,2,NA,2,6,3,1,0,1,3,629,360,269,27,216,413,5.51025437201908,5.99344444444444,4.86360594795539,4.79259259259259,5.18912037037037,5.67820823244552,135
"100",2012,9,5.35714285714286,7,6.125,4.33333333333333,6,4.625,6.33333333333333,4,3,1,4,3,636,364,272,28,220,416,5.50856918238994,5.99489010989011,4.85775735294117,4.83571428571428,5.17886363636364,5.68293269230769,136
"101",2012,10,5.375,8,5.5,5,NA,6.5,5,6,2,0,2,6,644,370,274,28,222,422,5.5069099378882,5.98686486486486,4.85879562043795,4.83571428571428,5.19076576576577,5.67322274881517,137
"102",2012,11,5.9,5,6.5,5.5,6,5.5,6.5,2,3,1,3,2,649,372,277,29,225,424,5.50993836671803,5.98962365591398,4.86574007220216,4.87586206896552,5.19488888888889,5.67712264150943,138
"103",2012,12,5,9,5.6,4.25,NA,4,5.28571428571429,5,4,0,2,7,658,377,281,29,227,431,5.50296352583587,5.98445623342175,4.85697508896797,4.87586206896552,5.18436123348018,5.6707656612529,139
"104",2013,1,5.35714285714286,7,6.25,4.16666666666667,NA,7,5.08333333333333,4,3,0,1,6,665,381,284,29,228,437,5.50142857142857,5.98724409448819,4.84968309859155,4.87586206896552,5.19232456140351,5.66270022883295,140
"105",2013,2,5.425,6,5,5.6375,6.275,5,5.51,2,4,2,1,5,671,383,288,31,229,442,5.50074515648286,5.98208877284595,4.860625,4.96612903225806,5.19148471615721,5.66097285067873,141
"106",2013,3,6.5,5,6.125,8,8,6.5,6.5,4,1,1,1,4,676,387,289,32,230,446,5.50813609467456,5.98356589147287,4.87148788927336,5.0609375,5.19717391304348,5.66849775784753,142
"107",2013,4,4,3,NA,4,NA,4,NA,0,3,0,3,0,679,387,292,32,233,446,5.50147275405007,5.98356589147287,4.86253424657534,5.0609375,5.18175965665236,5.66849775784753,143
"108",2013,5,5.44444444444444,9,5.875,2,NA,2,5.875,8,1,0,1,8,688,395,293,32,234,454,5.50072674418605,5.98136708860759,4.85276450511945,5.0609375,5.16816239316239,5.67213656387665,144
"109",2013,6,4.96153846153846,13,6.14285714285714,3.58333333333333,5.75,6.75,4.63636363636364,7,6,2,2,11,701,402,299,34,236,465,5.49072753209701,5.98417910447761,4.82729096989966,5.10147058823529,5.18156779661017,5.64763440860215,145
"110",2013,7,6.1,10,6.2,6,6,5.33333333333333,6.42857142857143,5,5,1,3,7,711,407,304,35,239,472,5.49929676511955,5.98683046683047,4.84657894736842,5.12714285714286,5.18347280334728,5.65921610169492,146
"111",2013,8,7,2,8,6,NA,7,NA,1,1,0,2,0,713,408,305,35,241,472,5.50350631136045,5.99176470588235,4.8503606557377,5.12714285714286,5.19854771784232,5.65921610169492,147
"112",2013,9,6.55555555555556,9,6.5,7,NA,8.75,5.92857142857143,8,1,0,2,7,722,416,306,35,243,479,5.51662049861496,6.00153846153846,4.85738562091503,5.12714285714286,5.22777777777778,5.66315240083507,148
"113",2013,10,5.25,4,6,3,NA,NA,5.25,3,1,0,0,4,726,419,307,35,243,483,5.51515151515152,6.00152744630071,4.85133550488599,5.12714285714286,5.22777777777778,5.65973084886128,149
"114",2013,11,5,13,5.07142857142857,4.91666666666667,5.16666666666667,4.16666666666667,5.25,7,6,3,3,10,739,426,313,38,246,493,5.50608930987821,5.9862441314554,4.85258785942492,5.13026315789474,5.21483739837398,5.65141987829615,150
"115",2013,12,5.285,10,6.01666666666667,4.1875,NA,NA,5.285,6,4,0,0,10,749,432,317,38,246,503,5.50313751668892,5.98666666666667,4.84419558359621,5.13026315789474,5.21483739837398,5.6441351888668,151
"116",2014,1,5.4375,12,5.66666666666667,4.75,NA,5,5.47727272727273,9,3,0,1,11,761,441,320,38,247,514,5.50210249671485,5.98013605442177,4.8433125,5.13026315789474,5.21396761133603,5.64056420233463,152
"117",2014,2,4.66666666666667,6,4.66666666666667,NA,NA,6,4,6,0,0,2,4,767,447,320,38,249,518,5.49556714471969,5.96250559284116,4.8433125,5.13026315789474,5.22028112449799,5.62789575289575,153
"118",2014,3,4,1,NA,4,4,NA,4,0,1,1,0,1,768,447,321,39,249,519,5.49361979166667,5.96250559284116,4.84068535825545,5.10128205128205,5.22028112449799,5.6247591522158,154
"119",2014,4,5.4375,8,6.9,3,2,6.5,5.08333333333333,5,3,1,2,6,776,452,324,40,251,525,5.4930412371134,5.97287610619469,4.82364197530864,5.02375,5.2304780876494,5.61857142857143,155
"120",2014,5,6.57142857142857,7,6.57142857142857,NA,NA,7.5,6.2,7,0,0,2,5,783,459,324,40,253,530,5.50268199233717,5.98200435729847,4.82364197530864,5.02375,5.24841897233202,5.62405660377359,156
"121",2014,6,6.8,5,6.8,NA,NA,5.5,7.66666666666667,5,0,0,2,3,788,464,324,40,255,533,5.51091370558376,5.99081896551724,4.82364197530864,5.02375,5.25039215686275,5.63555347091932,157
"122",2014,7,5.28571428571429,7,5.16666666666667,6,NA,4.66666666666667,5.75,6,1,0,3,4,795,470,325,40,258,537,5.50893081761006,5.98029787234042,4.82726153846154,5.02375,5.24360465116279,5.63640595903166,158
"123",2014,8,5.4,10,5.28571428571429,5.66666666666667,4,7,5.22222222222222,7,3,1,1,9,805,477,328,41,259,546,5.50757763975155,5.97010482180293,4.83493902439024,4.99878048780488,5.2503861003861,5.62957875457875,159
"124",2014,9,4.75,8,6,3.5,NA,4.5,4.83333333333333,4,4,0,2,6,813,481,332,41,261,552,5.50012300123001,5.97035343035343,4.81885542168675,4.99878048780488,5.24463601532567,5.62092391304348,160
"125",2014,10,4.2,5,6,3.75,NA,3.5,4.66666666666667,1,4,0,2,3,818,482,336,41,263,555,5.49217603911981,5.97041493775933,4.80613095238095,4.99878048780488,5.23136882129278,5.61576576576577,161
"126",2014,11,5,8,4,5.6,6.5,6.5,4.78571428571429,3,5,1,1,7,826,485,341,42,264,562,5.48740920096852,5.95822680412371,4.81777126099707,5.03452380952381,5.23617424242424,5.60542704626334,162
"127",2014,12,4.58888888888889,18,5.25625,4.055,1,1.5,4.975,8,10,1,2,16,844,493,351,43,266,578,5.46824644549763,5.94683569979716,4.79603988603989,4.9406976744186,5.20808270676692,5.58797577854671,163
"128",2015,1,4.64285714285714,14,5.5,4,NA,4.5,4.66666666666667,6,8,0,2,12,858,499,359,43,268,590,5.45477855477856,5.9414629258517,4.7783008356546,4.9406976744186,5.20279850746269,5.56923728813559,164
"129",2015,2,5.65833333333333,18,6.06666666666667,4.84166666666667,5,6.075,5.53928571428571,12,6,1,4,14,876,511,365,44,272,604,5.45896118721461,5.94440313111546,4.77934246575342,4.94204545454545,5.215625,5.56854304635762,165
"130",2015,3,6.06666666666667,15,6,6.14285714285714,7,6,6.08333333333333,8,7,1,3,12,891,519,372,45,275,616,5.46919191919192,5.94526011560694,4.805,4.98777777777778,5.22418181818182,5.57857142857143,166
"131",2015,4,6.5,5,6.5,NA,NA,5.5,6.75,5,0,0,1,4,896,524,372,45,276,620,5.47494419642857,5.9505534351145,4.805,4.98777777777778,5.22518115942029,5.58612903225807,167
"132",2015,5,5.93333333333333,6,6.5,5.36666666666667,6.05,6.275,5.25,3,3,2,4,2,902,527,375,47,280,622,5.4779933481153,5.95368121442125,4.80949333333333,5.03297872340425,5.24017857142857,5.58504823151126,168
"133",2015,6,5.16666666666667,6,5.33333333333333,5,NA,5,5.2,3,3,0,1,5,908,530,378,47,281,627,5.47593612334802,5.95016981132075,4.81100529100529,5.03297872340425,5.23932384341637,5.58197767145136,169
"134",2015,7,5.6,5,5.5,6,NA,NA,5.6,4,1,0,0,5,913,534,379,47,281,632,5.47661555312158,5.94679775280899,4.81414248021108,5.03297872340425,5.23932384341637,5.58212025316456,170
"135",2015,8,6,7,6,NA,NA,8,5.66666666666667,7,0,0,1,6,920,541,379,47,282,638,5.48059782608696,5.94748613678373,4.81414248021108,5.03297872340425,5.2491134751773,5.58291536050157,171
"136",2015,9,5.44,10,5.8,4,NA,5.16666666666667,5.55714285714286,8,2,0,3,7,930,549,381,47,285,645,5.48016129032258,5.94533697632058,4.8098687664042,5.03297872340425,5.24824561403509,5.58263565891473,172
"137",2015,10,6.22222222222222,9,6.66666666666667,5.33333333333333,5.5,5.5,6.42857142857143,6,3,2,2,7,939,555,384,49,287,652,5.48727369542066,5.95313513513513,4.81395833333333,5.05204081632653,5.25,5.59171779141104,173
"138",2015,11,6.50769230769231,13,6.71666666666667,4,NA,NA,6.50769230769231,12,1,0,0,13,952,567,385,49,287,665,5.50120798319328,5.96929453262787,4.81184415584416,5.05204081632653,5.25,5.60962406015038,174
"139",2015,12,5.83333333333333,15,6.33333333333333,3.83333333333333,NA,4.125,6.45454545454545,12,3,0,4,11,967,579,388,49,291,676,5.50635987590486,5.97683937823834,4.80427835051546,5.05204081632653,5.23453608247423,5.62337278106509,175
"140",2016,1,5.18181818181818,11,5,5.5,5,5.2,5.16666666666667,7,4,1,5,6,978,586,392,50,296,682,5.50270961145195,5.96517064846416,4.81137755102041,5.051,5.2339527027027,5.61935483870968,176
"141",2016,2,5.39772727272727,22,6.4375,4.15,2.75,8,5.27380952380952,12,10,2,1,21,1000,598,402,52,297,703,5.5004,5.97464882943144,4.79492537313433,4.9625,5.24326599326599,5.60903271692746,177
"142",2016,3,6.03846153846154,13,6.35,5,NA,5,6.125,10,3,0,1,12,1013,608,405,52,298,715,5.50730503455084,5.98082236842105,4.79644444444445,4.9625,5.24244966442953,5.61769230769231,178
"143",2016,4,6,8,5.85714285714286,7,NA,8,5.71428571428571,7,1,0,1,7,1021,615,406,52,299,722,5.51116552399608,5.97941463414634,4.80187192118227,4.9625,5.25167224080268,5.61862880886427,179
"144",2016,5,5.11111111111111,9,5.57142857142857,3.5,NA,NA,5.11111111111111,7,2,0,0,9,1030,622,408,52,299,731,5.50766990291262,5.9748231511254,4.79549019607843,4.9625,5.25167224080268,5.61238030095759,180
"145",2016,6,6.53636363636364,11,7.47142857142857,4.9,4,6.4,6.56666666666667,7,4,1,2,9,1041,629,412,53,301,740,5.51853986551393,5.99147853736089,4.79650485436893,4.94433962264151,5.2593023255814,5.62398648648649,181
"146",2016,7,5.38888888888889,9,5.33333333333333,5.5,NA,NA,5.38888888888889,6,3,0,0,9,1050,635,415,53,301,749,5.51742857142857,5.98525984251968,4.80159036144578,4.94433962264151,5.2593023255814,5.62116154873164,182
"147",2016,8,6.15,10,6.42857142857143,5.5,NA,4,6.38888888888889,7,3,0,1,9,1060,642,418,53,302,758,5.5233962264151,5.99009345794392,4.8066028708134,4.94433962264151,5.25513245033113,5.63027704485488,183
"148",2016,9,6.15909090909091,11,6.45833333333333,5.8,5.5,6.875,6,6,5,2,2,9,1071,648,423,55,304,767,5.52992530345472,5.99442901234568,4.8183451536643,4.96454545454545,5.26578947368421,5.63461538461539,184
"149",2016,10,5.90918181818182,11,6.22233333333333,4.5,NA,5,6.0001,9,2,0,1,10,1082,657,425,55,305,777,5.533780961183,5.99755098934551,4.81684705882353,4.96454545454545,5.26491803278689,5.63931917631918,185
"150",2016,11,5.67857142857143,14,6,5.35714285714286,NA,4.66666666666667,5.95454545454545,7,7,0,3,11,1096,664,432,55,308,788,5.53563047445256,5.99757680722892,4.82560185185185,4.96454545454545,5.25909090909091,5.64371954314721,186
"151",2016,12,6.35555555555556,9,7.02857142857143,4,NA,8,6.15,7,2,0,1,8,1105,671,434,55,309,796,5.54230859728507,6.00833233979136,4.82179723502304,4.96454545454545,5.26796116504854,5.64880778894473,187
"152",2017,1,5.32352941176471,17,6.1,4.21428571428571,5,4,5.5,10,7,1,2,15,1122,681,441,56,311,811,5.53899376114082,6.00967841409692,4.81215419501134,4.96517857142857,5.25980707395498,5.64605548705302,188
"153",2017,2,5.67727272727273,11,6.66666666666667,4.49,NA,6.33333333333333,5.43125,6,5,0,3,8,1133,687,446,56,314,819,5.54033627537511,6.01541630276565,4.80854260089686,4.96517857142857,5.27006369426752,5.64395726495727,189
"154",2017,3,5.875,16,6.28571428571429,3,NA,4,6.14285714285714,14,2,0,2,14,1149,701,448,56,316,833,5.54499651871193,6.02081455064194,4.80046875,4.96517857142857,5.2620253164557,5.65234213685474,190
"155",2017,4,5.2,15,6.2,4.7,4.2,3.33333333333333,5.66666666666667,5,10,5,3,12,1164,706,458,61,319,845,5.54055068728523,6.0220835694051,4.79827510917031,4.90245901639344,5.24388714733542,5.65254556213018,191
"156",2017,5,4.81,10,5.4,4.22,4.275,4.125,5.26666666666667,5,5,4,4,6,1174,711,463,65,323,851,5.53432793867121,6.01770886075949,4.79203023758099,4.86384615384615,5.23003095975232,5.64982491186839,192
"157",2017,6,6.13888888888889,9,7.25,4.75,NA,3.5,6.89285714285714,5,4,0,2,7,1183,716,467,65,325,858,5.53892730346577,6.02631424581005,4.79167023554604,4.86384615384615,5.21938461538462,5.6599662004662,193
"158",2017,7,5.78555555555556,18,6.37142857142857,5.41272727272727,4,5.5,5.86714285714286,7,11,2,4,14,1201,723,478,67,329,872,5.54262364696087,6.02965560165975,4.80596234309623,4.83805970149254,5.22279635258359,5.66329243119266,194
"159",2017,8,5.79166666666667,12,6.64285714285714,4.6,NA,5.75,5.8125,7,5,0,4,8,1213,730,483,67,333,880,5.54508738664469,6.03553561643835,4.80383022774327,4.83805970149254,5.22912912912913,5.66464886363637,195
"160",2017,9,5.22222222222222,9,4.5,6.66666666666667,8,4,5.375,6,3,1,1,8,1222,736,486,68,334,888,5.54270949263503,6.02301766304348,4.81532921810699,4.88455882352941,5.22544910179641,5.66203941441442,196
"161",2017,10,6.125,12,7.14285714285714,4.7,NA,6.25,6.0625,7,5,0,4,8,1234,743,491,68,338,896,5.54837196110211,6.03356796769852,4.81415478615071,4.88455882352941,5.23757396449704,5.66561495535715,197
"162",2017,11,5.796875,16,6.20454545454545,4.9,6,5.6875,5.83333333333333,11,5,1,4,12,1250,754,496,69,342,908,5.5515528,6.03606233421751,4.81502016129032,4.90072463768116,5.24283625730994,5.66783149779736,198
"163",2017,12,6,9,7.33333333333333,3.33333333333333,NA,7,5.71428571428571,6,3,0,2,7,1259,760,499,69,344,915,5.55475853852264,6.04630394736842,4.8061122244489,4.90072463768116,5.25305232558139,5.6681868852459,199
"164",2018,1,5.452,25,5.85789473684211,4.16666666666667,4,5,5.51363636363636,19,6,2,3,22,1284,779,505,71,347,937,5.552757788162,6.04170860077022,4.79851485148515,4.87535211267606,5.25086455331412,5.66455816435433,200
"165",2018,2,6.2,10,6.5,5.5,NA,6.25,6.16666666666667,7,3,0,4,6,1294,786,508,71,351,943,5.55775965996909,6.04579007633588,4.80265748031496,4.87535211267606,5.26225071225071,5.66775291622482,201
"166",2018,3,6.58333333333333,12,6.75,6.25,5,7,6.44444444444444,8,4,2,3,9,1306,794,512,73,354,952,5.5671830015314,6.05288539042821,4.81396484375,4.87876712328767,5.27697740112994,5.6750955882353,202
"167",2018,4,5.4375,16,5.81818181818182,4.6,6,4.2,6,11,5,1,5,11,1322,805,517,74,359,963,5.56561346444781,6.04967826086956,4.81189555125725,4.89391891891892,5.26197771587744,5.67880685358256,203
"168",2018,5,6.45454545454545,11,7.125,4.66666666666667,5,4,6.7,8,3,1,1,10,1333,813,520,75,360,973,5.57294898724682,6.06025953259532,4.81105769230769,4.89533333333333,5.25847222222222,5.68930215827338,204
"169",2018,6,4.846375,8,5.7542,3.33333333333333,NA,3,5.11014285714286,5,3,0,1,7,1341,818,523,75,361,980,5.56861446681581,6.05838875305623,4.80258126195029,4.89533333333333,5.25221606648199,5.68516530612245,205
"170",2018,7,6.93,10,6.93,NA,NA,6.8,6.94444444444444,10,0,0,1,9,1351,828,523,75,362,989,5.57869133974834,6.0689154589372,4.80258126195029,4.89533333333333,5.25649171270718,5.69662487360971,206
"171",2018,8,5.4,5,6,4.5,NA,6,5.25,3,2,0,1,4,1356,831,525,75,363,993,5.57803244837758,6.06866666666667,4.80142857142857,4.89533333333333,5.25853994490358,5.69482578046324,207
"172",2018,9,5.36,15,5.75,4.91428571428571,5,5.83333333333333,5.24166666666667,8,7,1,3,12,1371,839,532,76,366,1005,5.5756469730124,6.06562812872467,4.80291353383459,4.89671052631579,5.26325136612022,5.68941492537314,208
"173",2018,10,6.43157894736842,19,7.225,5.07142857142857,4,6.33333333333333,6.45,12,7,1,3,16,1390,851,539,77,369,1021,5.58734676258993,6.08197649823737,4.80640074211503,4.88506493506493,5.27195121951219,5.70133398628795,209
"174",2018,11,5.50625,16,6.19090909090909,4,3,6.525,5.16666666666667,11,5,1,4,12,1406,862,544,78,373,1033,5.5864238975818,6.08336658932715,4.79898897058823,4.86089743589744,5.28538873994638,5.6951229428848,210
"175",2018,12,6.28,15,6.88888888888889,5.36666666666667,NA,6.25,6.29090909090909,9,6,0,4,11,1421,871,550,78,377,1044,5.59374524982407,6.09169001148106,4.80518181818182,4.86089743589744,5.29562334217507,5.70140038314176,211
"176",2019,1,6.05161290322581,31,6.35652173913043,5.175,4.5,4.5,6.35,23,8,2,5,26,1452,894,558,80,382,1070,5.60352066115703,6.0985033557047,4.81048387096774,4.851875,5.28520942408377,5.71716074766355,212
"177",2019,2,6.5875,16,6.49230769230769,7,7.5,7.85,6.16666666666667,13,3,2,4,12,1468,907,561,82,386,1082,5.61424523160763,6.10414773980154,4.82219251336898,4.91646341463415,5.31178756476684,5.72214602587801,213
"178",2019,3,5.464,10,5.69,5.125,4.5,5,5.58,6,4,2,2,8,1478,913,565,84,388,1090,5.61322868741543,6.10142606790799,4.82433628318584,4.90654761904762,5.31018041237113,5.72110275229358,214
"179",2019,4,5.53846153846154,13,6,5,NA,7.25,5.22727272727273,7,6,0,2,11,1491,920,571,84,390,1101,5.61257679409792,6.10065434782609,4.82618213660245,4.90654761904762,5.3201282051282,5.7161689373297,215
"180",2019,5,6.808,10,6.89777777777778,6,NA,NA,6.808,9,1,0,0,10,1501,929,572,84,390,1111,5.62054097268488,6.10837674919268,4.82823426573426,4.90654761904762,5.3201282051282,5.72599639963996,216
"181",2019,6,5.75,10,6.4,5.1,NA,4,5.94444444444444,5,5,0,1,9,1511,934,577,84,391,1120,5.62139774983455,6.10993790149893,4.83058925476603,4.90654761904762,5.31675191815857,5.72775178571429,217
"182",2019,7,5.7,20,6.15384615384615,4.85714285714286,4,5.375,5.78125,13,7,1,4,16,1531,947,584,85,395,1136,5.62242455911169,6.11054065469905,4.83090753424657,4.89588235294118,5.3173417721519,5.72850528169014,218
"183",2019,8,5.53,20,5.66153846153846,5.28571428571429,4.5,5.02,5.7,13,7,2,5,15,1551,960,591,87,400,1151,5.62123275306254,6.10446041666667,4.83629441624365,4.8867816091954,5.313625,5.72813379669852,219
"184",2019,9,6.5,6,7,4,NA,NA,6.5,5,1,0,0,6,1557,965,592,87,400,1157,5.62461913937059,6.10910051813471,4.83488175675676,4.8867816091954,5.313625,5.73213656006915,220
"185",2019,10,6.30769230769231,13,6.27272727272727,6.5,8,2,6.66666666666667,11,2,1,1,12,1570,976,594,88,401,1169,5.63027515923567,6.11094467213115,4.84048821548821,4.92215909090909,5.30536159600997,5.74172968349016,221
"186",2019,11,5.53571428571429,14,6.5,4.8125,5,5.4,5.61111111111111,6,8,1,5,9,1584,982,602,89,406,1178,5.6294393939394,6.11332179226069,4.84011627906977,4.92303370786517,5.30652709359606,5.74073174872666,222
"187",2019,12,5.2375,16,5.85,4.625,NA,3,5.55714285714286,8,8,0,2,14,1600,990,610,89,408,1192,5.62552,6.11119393939394,4.83729508196721,4.92303370786517,5.29522058823529,5.73857550335571,223
"188",2020,1,6.18333333333333,30,6.80714285714286,5.6375,NA,5.45,6.36666666666667,14,16,0,6,24,1630,1004,626,89,414,1216,5.63578650306749,6.1208984063745,4.85774760383386,4.92303370786517,5.29746376811594,5.75097203947369,224
"189",2020,2,6.36764705882353,17,6.86538461538461,4.75,3,6.33333333333333,6.375,13,4,1,3,14,1647,1017,630,90,417,1230,5.64334061930783,6.13041494591937,4.85706349206349,4.90166666666667,5.30491606714628,5.75807479674797,225
"190",2020,3,5.87260416666667,24,6.39616666666667,5,NA,6.4,5.73381578947368,15,9,0,5,19,1671,1032,639,90,422,1249,5.64663345302214,6.13427761627907,4.85907668231612,4.90166666666667,5.31789099526066,5.75770576461169,226
"191",2020,4,5.65666666666667,12,6.43111111111111,3.33333333333333,NA,7,5.53454545454545,9,3,0,1,11,1683,1041,642,90,423,1260,5.64670499108734,6.13684390009606,4.85194704049844,4.90166666666667,5.32186761229314,5.75575753968254,227
"192",2020,5,6.89285714285714,14,6.59090909090909,8,NA,6.16666666666667,7.09090909090909,11,3,0,3,11,1697,1052,645,90,426,1271,5.65698556275781,6.14159173003802,4.86658914728682,4.90166666666667,5.32781690140845,5.7673127458694,228
"193",2020,6,5.97,15,6.7125,3,2,6.65,5.86538461538461,12,3,1,2,13,1712,1064,648,91,428,1284,5.65972809579439,6.14803054511278,4.8579475308642,4.86978021978022,5.3339953271028,5.76830568535826,229
"194",2020,7,5.93333333333333,15,6.1,5.6,6,3.5,6.10714285714286,10,5,1,1,14,1727,1074,653,92,429,1298,5.66210451650261,6.14758333333333,4.86362940275651,4.8820652173913,5.32972027972028,5.77196032357473,230
"195",2020,8,5.63636363636364,22,5.75,5.54166666666667,2,2,5.80952380952381,10,12,1,1,21,1749,1084,665,93,430,1319,5.66178073184677,6.1439155904059,4.87586466165413,4.8510752688172,5.32197674418605,5.77255837755876,231
"196",2020,9,5.50666666666667,15,5.83333333333333,5.01666666666667,NA,4.1,5.60714285714286,9,6,0,1,14,1764,1093,671,93,431,1333,5.66046173469388,6.1413581884721,4.87712369597615,4.8510752688172,5.31914153132251,5.77082108027007,232
"197",2020,10,6,13,6.22222222222222,5.5,5,6.5,5.90909090909091,9,4,1,2,11,1777,1102,675,94,433,1344,5.66294569499156,6.14201860254084,4.88081481481481,4.85265957446809,5.32459584295612,5.77195275297619,233
"198",2020,11,6.24,15,6.65454545454545,5.1,NA,5,6.32857142857143,11,4,0,1,14,1792,1113,679,94,434,1358,5.66777594866071,6.14708400718778,4.8821060382916,4.85265957446809,5.32384792626728,5.777691089838,234
"199",2020,12,5.63157894736842,19,6.58333333333333,4,4,4.33333333333333,5.875,12,7,1,3,16,1811,1125,686,95,437,1374,5.6673961899503,6.15173733333333,4.87310495626822,4.84368421052632,5.31704805491991,5.77882423580786,235
"200",2021,1,6.359375,32,6.48148148148148,5.7,NA,10,6.24193548387097,27,5,0,1,31,1843,1152,691,95,438,1405,5.67941101465003,6.15946571180556,4.87908827785818,4.84368421052632,5.3277397260274,5.78904234875445,236
"201",2021,2,6.04705882352941,17,6.2,5.33333333333333,NA,6.66666666666667,5.91428571428571,14,3,0,3,14,1860,1166,694,95,441,1419,5.68277123655914,6.15995240137221,4.88105187319885,4.84368421052632,5.33684807256236,5.79027801268499,237
"202",2021,3,6.245,20,6.42142857142857,5.83333333333333,NA,5.95,6.27777777777778,14,6,0,2,18,1880,1180,700,95,443,1437,5.68875239361702,6.16305466101695,4.88921428571428,4.84368421052632,5.33961625282167,5.79638448155881,238
"203",2021,4,5.88235294117647,17,6.04166666666667,5.5,7,5.66666666666667,5.92857142857143,12,5,1,3,14,1897,1192,705,96,446,1451,5.69048734844491,6.16183263422819,4.89354609929078,4.86614583333333,5.34181614349776,5.79765988973122,239
"204",2021,5,6.06666666666667,15,6.53846153846154,3,5,6.5,5.90909090909091,13,2,1,4,11,1912,1205,707,97,450,1462,5.6934385460251,6.16589585062241,4.88818953323904,4.86752577319588,5.35211111111111,5.79849829001368,240
"205",2021,6,6.77272727272727,11,7.0625,6,NA,6,6.85,8,3,0,1,10,1923,1213,710,97,451,1472,5.69961232449298,6.17180915086562,4.89288732394366,4.86752577319588,5.35354767184035,5.80564164402174,241
"206",2021,7,5.92592592592593,27,6.55555555555556,4.66666666666667,4.5,6.4,5.81818181818182,18,9,2,5,22,1950,1231,719,99,456,1494,5.7027458974359,6.17742038992689,4.89005563282336,4.86010101010101,5.36502192982456,5.80582630522089,242
"207",2021,8,6.22,25,6.875,5.05555555555556,3.5,5,6.32608695652174,16,9,2,2,23,1975,1247,728,101,458,1517,5.70929341772152,6.18637089013633,4.89210164835165,4.83316831683168,5.36342794759825,5.81371423862888,243
"208",2021,9,5.76111111111111,18,5.9,5.4,NA,4.25,6.19285714285714,13,5,0,4,14,1993,1260,733,101,462,1531,5.70976141495233,6.18341626984127,4.89556616643929,4.83316831683168,5.35378787878788,5.8171812540823,244
"209",2021,10,6.06521739130435,23,6.78125,4.42857142857143,NA,6,6.08333333333333,16,7,0,5,18,2016,1276,740,101,467,1549,5.71381671626984,6.19091261755486,4.89114864864865,4.83316831683168,5.36070663811563,5.82027404777276,245
"210",2021,11,5.84285714285714,14,5.85,5.825,5,5.43333333333333,5.95454545454545,10,4,1,3,11,2030,1286,744,102,470,1560,5.71470665024631,6.18826166407465,4.89616935483871,4.83480392156863,5.36117021276596,5.82122083333334,246
"211",2021,12,5.17380952380952,21,5.71818181818182,4.575,6,4,5.29736842105263,11,10,1,2,19,2051,1297,754,103,472,1579,5.70916845441248,6.18427486507324,4.89190981432361,4.84611650485437,5.35540254237288,5.81491735275491,247
"212",2022,1,6.26136363636364,44,6.80434782608696,5.66666666666667,NA,5.75,6.3125,23,21,0,4,40,2095,1320,775,103,476,1619,5.72076587112172,6.19507916666667,4.91290322580645,4.84611650485437,5.35871848739496,5.82721093267449,248
"213",2022,2,6.7325,20,6.925,5,NA,7,6.71842105263158,18,2,0,1,19,2115,1338,777,103,477,1638,5.73033309692671,6.20489872944693,4.91312741312741,4.84611650485437,5.36215932914046,5.83754853479854,249
"214",2022,3,5.84615384615385,13,5.9375,5.7,NA,NA,5.84615384615385,8,5,0,0,13,2128,1346,782,103,477,1651,5.73104064849624,6.20330943536404,4.91815856777494,4.84611650485437,5.36215932914046,5.83761629315567,250
"215",2022,4,6.76923076923077,13,6.7,7,NA,5.5,7,10,3,0,2,11,2141,1356,785,103,479,1662,5.73734446520318,6.20697234513274,4.92611464968153,4.84611650485437,5.36273486430063,5.84530956678701,251
"216",2022,5,5.1375,16,5.67142857142857,4.72222222222222,4.5,4.66666666666667,5.24615384615385,7,9,2,3,13,2157,1363,794,105,482,1675,5.7328949930459,6.20422193690389,4.92380352644836,4.83952380952381,5.35840248962656,5.84065940298508,252
"217",2022,6,5.95,22,6.53333333333333,5.25,2,3.75,6.17,12,10,1,2,20,2179,1375,804,106,484,1695,5.73508696649839,6.20709418181818,4.92786069651741,4.8127358490566,5.35175619834711,5.84454542772862,253
"218",2022,7,5.725,20,5.90625,5,NA,7,5.65789473684211,16,4,0,1,19,2199,1391,808,106,485,1714,5.73499522510232,6.20363371675054,4.92821782178218,4.8127358490566,5.35515463917526,5.84247637106185,254
"219",2022,8,6.259,20,6.36363636363636,6.13111111111111,NA,5.66666666666667,6.36352941176471,11,9,0,3,17,2219,1402,817,106,488,1731,5.73971811626859,6.20488908701854,4.94146878824969,4.8127358490566,5.35706967213115,5.84759358752167,255
"220",2022,9,6.13883333333333,18,6.41658333333333,5.58333333333333,NA,5.125,6.4285,12,6,0,4,14,2237,1414,823,106,492,1745,5.74292959320519,6.20668564356436,4.9461482381531,4.8127358490566,5.35518292682927,5.8522541547278,256
"221",2022,10,6.57394444444444,18,6.89507142857143,5.45,4,NA,6.57394444444444,14,4,1,0,18,2255,1428,827,107,492,1763,5.74956297117517,6.21343452380952,4.94858524788392,4.80514018691589,5.35518292682927,5.85962251843449,257
"222",2022,11,6.605,20,6.68571428571429,6.41666666666667,NA,7.5,6.44705882352941,14,6,0,3,17,2275,1442,833,107,495,1780,5.7570832967033,6.21801976421637,4.95915966386555,4.80514018691589,5.36818181818182,5.86523286516854,258
"223",2022,12,6.07352941176471,34,6.52272727272727,5.25,NA,5,6.25862068965517,22,12,0,5,29,2309,1464,845,107,500,1809,5.76174296232135,6.22259870218579,4.9632899408284,4.80514018691589,5.3645,5.87153924820343,259
