"","year","month","avg_rating","no_ratings","avg_rating_owned","avg_rating_not_owned","avg_rating_prev_owned","avg_rating_comment","avg_rating_no_comment","no_ratings_owned","no_ratings_not_owned","no_ratings_prev_owned","no_ratings_comment","no_ratings_no_comment","cum_no_ratings","cum_no_ratings_owned","cum_no_ratings_not_owned","cum_no_ratings_prev_owned","cum_no_ratings_comment","cum_no_ratings_no_comment","cum_avg_rating","cum_avg_rating_owned","cum_avg_rating_not_owned","cum_avg_rating_prev_owned","cum_avg_rating_comment","cum_avg_rating_no_comment","month_after_release"
"1",2012,1,5.66666666666667,3,9,4,NA,1,8,1,2,0,1,2,3,1,2,0,1,2,5.66666666666667,9,4,NA,1,8,-2
"2",2012,2,7.93333333333333,3,9,7.4,7,NA,7.93333333333333,1,2,1,0,3,6,2,4,1,1,5,6.8,9,5.7,7,1,7.96,-1
"3",2012,3,7.97200654205608,107,8.36760563380282,7.19179722222222,7.5,7.73666666666667,8.0636974025974,71,36,18,30,77,113,73,40,19,31,82,7.90977610619469,8.38493150684932,7.0426175,7.47368421052632,7.51935483870968,8.0573743902439,0
"4",2012,4,7.996,75,8.29230769230769,7.32608695652174,7.54545454545455,7.8125,8.04576271186441,52,23,11,16,59,188,125,63,30,47,141,7.94417393617021,8.3464,7.14610634920635,7.5,7.61914893617021,8.05251560283688,1
"5",2012,5,8.00128205128205,78,8.49767441860465,7.39142857142857,7.47058823529412,8.25,7.946875,43,35,17,14,64,266,168,98,47,61,205,7.96091992481203,8.38511904761905,7.23372142857143,7.48936170212766,7.76393442622951,8.01953512195122,2
"6",2012,6,7.64915254237288,59,7.99375,7.24074074074074,6.75,8,7.57755102040816,32,27,10,10,49,325,200,125,57,71,254,7.90432215384615,8.3225,7.2352376,7.35964912280702,7.79718309859155,7.93427047244095,3
"7",2012,7,7.65926829268293,41,8.2,6.814375,6.85714285714286,7.29166666666667,7.81137931034483,25,16,7,12,29,366,225,141,64,83,283,7.87687076502732,8.30888888888889,7.18748014184397,7.3046875,7.72409638554217,7.92167738515901,4
"8",2012,8,7.67543859649123,57,7.88888888888889,7.30952380952381,7.33333333333333,7.2,7.72115384615385,36,21,6,5,52,423,261,162,70,88,335,7.84972742316785,8.25095785440613,7.20330061728395,7.30714285714286,7.69431818181818,7.89055134328358,5
"9",2012,9,7.61,50,8.1,7.12,7.15384615384615,7.375,7.65476190476191,25,25,13,8,42,473,286,187,83,96,377,7.82438625792812,8.23776223776224,7.19216417112299,7.28313253012048,7.66770833333333,7.86428302387268,6
"10",2012,10,7.61451612903226,62,8.12121212121212,7.03793103448276,6.85,6.51111111111111,7.80188679245283,33,29,10,9,53,535,319,216,93,105,430,7.80006485981308,8.22570532915361,7.17145694444444,7.23655913978495,7.56857142857143,7.8565923255814,7
"11",2012,11,7.7968253968254,63,8.38648648648649,6.95769230769231,7.22222222222222,7.72727272727273,7.81153846153846,37,26,9,11,52,598,356,242,102,116,482,7.79972357859532,8.24241573033708,7.14849049586777,7.23529411764706,7.58362068965517,7.85173174273859,8
"12",2012,12,7.7963768115942,69,8.18375,7.26206896551724,7.35294117647059,7.3125,7.94245283018868,40,29,17,16,53,667,396,271,119,132,535,7.79937736131934,8.2364898989899,7.16064464944649,7.25210084033613,7.55075757575758,7.86071906542056,9
"13",2013,1,7.35759493670886,79,7.86938775510204,6.52166666666667,7.47307692307692,7.77272727272727,7.19736842105263,49,30,13,22,57,746,445,301,132,154,592,7.75259343163539,8.19606741573034,7.09695913621262,7.27386363636364,7.58246753246753,7.79684915540541,10
"14",2013,2,7.63231707317073,82,8.03068181818182,7.17105263157895,7.16666666666667,7.359375,7.69848484848485,44,38,18,16,66,828,489,339,150,170,658,7.74068200483092,8.18118609406953,7.10526460176991,7.261,7.56147058823529,7.78698282674772,11
"15",2013,3,7.55714285714286,56,7.88571428571429,7.00952380952381,7,7.55555555555556,7.55744680851064,35,21,11,9,47,884,524,360,161,179,705,7.72905509049774,8.16145038167939,7.09967972222222,7.24316770186335,7.56117318435754,7.77168042553192,12
"16",2013,4,7.67017543859649,57,8.25,7.18387096774194,7.31666666666667,7.475,7.72222222222222,26,31,18,12,45,941,550,391,179,191,750,7.72548852284803,8.16563636363636,7.1063547314578,7.25055865921788,7.55575916230367,7.76871293333333,13
"17",2013,5,7.11914893617021,47,7.71481481481482,6.315,6.53,6.54615384615385,7.33823529411765,27,20,10,13,34,988,577,411,189,204,784,7.69664443319838,8.14454072790295,7.06784598540146,7.21243386243386,7.49142156862745,7.75004426020408,14
"18",2013,6,7.08703703703704,54,7.39655172413793,6.728,6.65625,6.5,7.23720930232558,29,25,16,11,43,1042,606,436,205,215,827,7.66505249520154,8.10874587458746,7.04835940366972,7.1690243902439,7.4406976744186,7.72337932285369,15
"19",2013,7,7.76779661016949,59,8.03448275862069,7.51,7.77272727272727,8.14,7.73333333333333,29,30,11,5,54,1101,635,466,216,220,881,7.6705583106267,8.10535433070866,7.07807875536481,7.19976851851852,7.45659090909091,7.72398944381385,16
"20",2013,8,7.60681818181818,77,8.02857142857143,7.10071428571429,6.875,7.27794117647059,7.7,42,35,19,17,60,1178,677,501,235,237,941,7.66639193548387,8.10059084194978,7.07966007984032,7.17351063829787,7.44377637130802,7.72245982996812,17
"21",2013,9,7.63333333333333,81,7.95106382978723,7.19411764705882,6.96666666666667,7.375,7.66164383561644,47,34,15,8,73,1259,724,535,250,245,1014,7.66426505162828,8.09088397790055,7.08693401869159,7.1611,7.4415306122449,7.71808155818541,18
"22",2013,10,7.34285714285714,56,7.68235294117647,6.81818181818182,7.07142857142857,7.16666666666667,7.39090909090909,34,22,14,12,44,1315,758,557,264,257,1058,7.65057771863118,8.07255936675462,7.07631903052065,7.1563446969697,7.42869649805447,7.70447514177694,19
"23",2013,11,7.6719298245614,57,8.00967741935484,7.26923076923077,7.75,8.375,7.55714285714286,31,26,10,8,49,1372,789,583,274,265,1107,7.65146479591837,8.07008871989861,7.08492229845626,7.17801094890511,7.4572641509434,7.69795365853659,20
"24",2013,12,7.20615384615385,65,7.5225,6.7,7.23076923076923,7.375,7.18245614035088,40,25,13,8,57,1437,829,608,287,273,1164,7.63132199025748,8.04366706875754,7.06909490131579,7.18040069686411,7.45485347985348,7.6727102233677,21
"25",2014,1,7.67253012048193,83,8.02155555555556,7.25921052631579,7.71578947368421,7.7575,7.65223880597015,45,38,19,16,67,1520,874,646,306,289,1231,7.63357217105263,8.04252860411899,7.08027817337461,7.21364379084967,7.47160899653979,7.67159601949635,22
"26",2014,2,7.46140350877193,57,7.66764705882353,7.15652173913043,7.04166666666667,7.08333333333333,7.56222222222222,34,23,12,12,45,1577,908,669,318,301,1276,7.62734920735574,8.02849118942731,7.08289940209268,7.20715408805031,7.45612956810631,7.66773879310345,23
"27",2014,3,7.18518518518519,54,7.71071428571429,6.61923076923077,7.28571428571429,6.94375,7.28684210526316,28,26,14,16,38,1631,936,695,332,317,1314,7.61270980993256,8.01898504273504,7.06555352517986,7.21046686746988,7.43026813880126,7.65672351598174,24
"28",2014,4,7.67755102040816,49,8.07741935483871,6.98888888888889,6.66363636363636,7.11428571428571,7.77142857142857,31,18,11,7,42,1680,967,713,343,324,1356,7.61460101190476,8.02085832471561,7.06361809256662,7.19293002915452,7.42344135802469,7.66027632743363,25
"29",2014,5,7.19827586206897,58,7.8,6.55357142857143,7.07142857142857,5.58333333333333,7.38461538461539,30,28,14,6,52,1738,997,741,357,330,1408,7.60070753739931,8.01421263791374,7.04434507422402,7.18816526610644,7.38998484848485,7.65009566761364,26
"30",2014,6,7.48828125,64,7.55384615384615,7.386,7.65357142857143,7.26,7.55816326530612,39,25,14,15,49,1802,1036,766,371,345,1457,7.59671459489456,7.99688223938224,7.05549569190601,7.20572776280324,7.38433333333333,7.64700391214825,27
"31",2014,7,7.59957746478873,71,7.98589743589744,7.12875,7.17222222222222,7.36190476190476,7.6994,39,32,18,21,50,1873,1075,798,389,366,1507,7.59682311799252,7.99648372093023,7.05843320802005,7.20417737789203,7.38304644808743,7.64874233576642,28
"32",2014,8,7.30983333333333,60,7.91875,6.61392857142857,7.05823529411765,7.43333333333333,7.26866666666667,32,28,17,15,45,1933,1107,826,406,381,1552,7.58791500258665,7.99423667570009,7.04336525423729,7.19806650246305,7.38502624671916,7.63772210051546,29
"33",2014,9,7.18382352941176,68,7.76052631578947,6.45333333333333,6.02857142857143,6.85833333333333,7.25357142857143,38,30,14,12,56,2001,1145,856,420,393,1608,7.57418275862069,7.98648034934498,7.02268656542056,7.15908333333333,7.36894402035623,7.62434371890547,30
"34",2014,10,7.64074074074074,54,7.97222222222222,6.97777777777778,7,7.91666666666667,7.60625,36,18,5,6,48,2055,1181,874,425,399,1656,7.57593172749392,7.98604572396274,7.02176167048055,7.15721176470588,7.37718045112782,7.62381926328502,31
"35",2014,11,7.22985074626866,67,7.69166666666667,6.69354838709677,6.9,7.11111111111111,7.24827586206897,36,31,15,9,58,2122,1217,905,440,408,1714,7.56500457115928,7.97733771569433,7.01051900552486,7.14844318181818,7.3713112745098,7.61111126021004,32
"36",2014,12,7.15909090909091,55,7.67857142857143,6.62037037037037,6.78846153846154,6.77272727272727,7.25568181818182,28,27,13,11,44,2177,1245,932,453,419,1758,7.55474951768489,7.97061847389558,6.99921641630901,7.13811258278146,7.35559665871122,7.6022154152446,33
"37",2015,1,7.6468253968254,63,7.86625,7.26521739130435,7.85,7.16666666666667,7.69736842105263,40,23,8,6,57,2240,1285,955,461,425,1815,7.55733915178571,7.96736964980545,7.00562272251309,7.15046637744035,7.35292941176471,7.60520369146005,34
"38",2015,2,7.1,60,7.63142857142857,6.356,7.3,6.6,7.14545454545455,35,25,8,5,55,2300,1320,980,469,430,1870,7.54540856521739,7.95846212121212,6.98905071428571,7.1530170575693,7.34417441860465,7.59168165775401,35
"39",2015,3,7.42758620689655,58,7.75384615384615,6.7578947368421,6.55,6.46153846153846,7.70666666666667,39,19,8,13,45,2358,1359,999,477,443,1915,7.5425104749788,7.95259013980868,6.98465435435435,7.1429035639413,7.31827313769752,7.59438365535248,36
"40",2015,4,7.34347826086957,46,7.51111111111111,7.10526315789474,7.92222222222222,7.83333333333333,7.22432432432432,27,19,9,9,37,2404,1386,1018,486,452,1952,7.53870203826955,7.9439898989899,6.98690540275049,7.1573353909465,7.32852876106195,7.58736921106557,37
"41",2015,5,7.3125,52,7.83333333333333,6.75,7.16666666666667,8,7.22282608695652,27,25,12,6,46,2456,1413,1043,498,458,1998,7.53391274429967,7.9418754423213,6.98122694151486,7.15756024096386,7.33732532751092,7.57897632632633,38
"42",2015,6,6.81621621621622,37,7.72105263157895,5.86111111111111,5.7,6.8125,6.81724137931035,19,18,10,8,29,2493,1432,1061,508,466,2027,7.52326101083032,7.93894553072626,6.96222403393026,7.12886811023622,7.32831545064378,7.56807829304391,39
"43",2015,7,7.13777777777778,45,7.88421052631579,6.59230769230769,6.28,7.26363636363636,7.09705882352941,19,26,10,11,34,2538,1451,1087,518,477,2061,7.51642620173365,7.93822880771881,6.95337598896044,7.1124806949807,7.32682389937107,7.56030795730228,40
"44",2015,8,7.06877551020408,49,7.34566666666667,6.63157894736842,6.6875,6.54111111111111,7.1875,30,19,8,9,40,2587,1481,1106,526,486,2101,7.50794731349053,7.92622552329507,6.94784783001808,7.10601711026616,7.31227366255144,7.55321023322227,41
"45",2015,9,7.16413043478261,46,7.50263157894737,6.92592592592593,6.925,7.5,7.07083333333333,19,27,20,10,36,2633,1500,1133,546,496,2137,7.50194063805545,7.92086,6.94732541924095,7.09938644688645,7.31605846774194,7.54508408984558,42
"46",2015,10,7.22441860465116,43,7.75555555555556,6.328125,6.825,7,7.25394736842105,27,16,10,5,38,2676,1527,1149,556,501,2175,7.49748120328849,7.91793713163065,6.93870295909487,7.09445143884892,7.31290419161677,7.53999756321839,43
"47",2015,11,7.0425,46,7.5525,6.575,6.88461538461539,6.20916666666667,7.1675,22,24,13,6,40,2722,1549,1173,569,507,2215,7.48979232182219,7.91274693350549,6.93126146632566,7.08965729349736,7.29984220907298,7.53327074492099,44
"48",2015,12,7.10178571428571,56,7.25142857142857,6.85238095238095,6.53636363636364,7.1875,7.0875,35,21,11,8,48,2778,1584,1194,580,515,2263,7.48197073434125,7.89813446969697,6.92987412060302,7.07916379310345,7.29809708737864,7.52381559876271,45
"49",2016,1,7.74426229508197,61,7.82439024390244,7.58,7.65,8.25,7.69910714285714,41,20,6,5,56,2839,1625,1214,586,520,2319,7.48760644593167,7.89627384615384,6.94058459637562,7.08500853242321,7.30725,7.52804859853385,46
"50",2016,2,7.41125,40,7.72619047619048,7.06315789473684,7.02083333333333,7.65,7.3515625,21,19,12,8,32,2879,1646,1233,598,528,2351,7.48654557137895,7.89410388821385,6.94247339821574,7.08372073578595,7.31244318181818,7.52564640578477,47
"51",2016,3,7.73528301886792,53,8.03571428571429,7.3988,7.46428571428571,7.9375,7.69933333333333,28,25,14,8,45,2932,1674,1258,612,536,2396,7.49104184856753,7.896472520908,6.95154189189189,7.09242647058824,7.3217723880597,7.52890847245409,48
"52",2016,4,7.2004,50,7.9537037037037,6.31608695652174,6.53846153846154,7.57142857142857,7.14,27,23,13,7,43,2982,1701,1281,625,543,2439,7.48616857813548,7.89738095238095,6.9401324746292,7.080904,7.32499079189687,7.52205194751948,49
"53",2016,5,7.44166666666667,36,7.525,7.3375,7.17142857142857,7.74,7.39354838709677,20,16,7,5,31,3018,1721,1297,632,548,2470,7.48563774022532,7.89305345729227,6.94503446414804,7.08190664556962,7.32877737226277,7.52043914979757,50
"54",2016,6,7.0171875,32,7.31666666666667,6.75294117647059,6.64285714285714,7,7.02037037037037,15,17,7,5,27,3050,1736,1314,639,553,2497,7.48072285245902,7.88807315668203,6.94254923896499,7.07709702660407,7.32580470162749,7.51503191830196,51
"55",2016,7,7.13928571428571,42,7.42708333333333,6.75555555555556,6.97777777777778,8.25,7.02236842105263,24,18,9,4,38,3092,1760,1332,648,557,2535,7.47608496119017,7.88178693181818,6.9400222972973,7.07571759259259,7.33244165170557,7.50764682445759,52
"56",2016,8,7.68367346938776,49,7.92068965517241,7.34,7.38666666666667,7.9375,7.63414634146341,29,20,15,8,41,3141,1789,1352,663,565,2576,7.47932336835403,7.88241755170486,6.94593912721894,7.08275263951735,7.34100884955752,7.50966020962733,53
"57",2016,9,6.9,33,7.36,6.19230769230769,6.5,7.35555555555556,6.72916666666667,20,13,9,9,24,3174,1809,1365,672,574,2600,7.47330015752993,7.87664179104477,6.93876168498169,7.07494791666667,7.34123693379791,7.50245565384615,54
"58",2016,10,7.675,46,8.00147058823529,6.75,6.91666666666667,7.675,7.675,34,12,6,8,38,3220,1843,1377,678,582,2638,7.47618158385093,7.87894465545306,6.93711670297749,7.07354719764012,7.34582474226804,7.50494112964367,55
"59",2016,11,7.21428571428571,28,7.82352941176471,6.27272727272727,6.2,7.5,7.2037037037037,17,11,5,1,27,3248,1860,1388,683,583,2665,7.47392386083744,7.87843817204301,6.93185136887608,7.06715226939971,7.34608919382504,7.50188919324578,56
"60",2016,12,7.14390243902439,41,7.4962962962963,6.46428571428571,6.8,7.5,7.05757575757576,27,14,5,8,33,3289,1887,1402,688,591,2698,7.46980988142293,7.87297032326444,6.92718238231098,7.06521075581395,7.34817258883249,7.49645467012602,57
"61",2017,1,7.45588235294118,51,7.90294117647059,6.56176470588235,6.7125,7.8,7.38214285714286,34,17,8,9,42,3340,1921,1419,696,600,2740,7.46959721556886,7.87350078084331,6.92280458069063,7.0611566091954,7.35495,7.49470244525548,58
"62",2017,2,7.27317073170732,41,7.31176470588235,7.24583333333333,7.1,7,7.36129032258065,17,24,11,10,31,3381,1938,1443,707,610,2771,7.46721523217983,7.86857327141383,6.9281772002772,7.06176096181047,7.34913114754098,7.49320992421509,59
"63",2017,3,6.96428571428571,28,7.1875,6.66666666666667,6.33333333333333,7.2,6.91304347826087,16,12,6,5,23,3409,1954,1455,713,615,2794,7.46308439425052,7.86299641760491,6.92602041237113,7.05563113604488,7.34791869918699,7.48843403722262,60
"64",2017,4,6.93055555555556,36,7.13157894736842,6.70588235294118,7.2,6.83333333333333,6.95,19,17,10,6,30,3445,1973,1472,723,621,2824,7.45751950653121,7.8559528636594,6.92347805706522,7.05762793914246,7.34294685990338,7.48271412889519,61
"65",2017,5,7.54347826086957,23,7.75,7.22222222222222,7.625,7.83333333333333,7.5,14,9,4,3,20,3468,1987,1481,727,624,2844,7.4580895905421,7.85520634121791,6.92529351789331,7.06074965612105,7.34530448717949,7.48283568917018,62
"66",2017,6,7.14705882352941,34,7.80555555555556,6.40625,6.85,7,7.16129032258065,18,16,10,3,31,3502,2005,1497,737,627,2875,7.45506987435751,7.85476059850374,6.91974595858383,7.05789009497965,7.34365231259968,7.47936859130435,63
"67",2017,7,7.07222222222222,36,8.01875,6.315,6.1,7.625,7.003125,16,20,8,4,32,3538,2021,1517,745,631,2907,7.45117430751837,7.85605888174171,6.91177303889255,7.04760402684564,7.34543581616482,7.47412614379085,64
"68",2017,8,6.79230769230769,26,7.35384615384615,6.23076923076923,6,6.6,6.83809523809524,13,13,3,5,21,3564,2034,1530,748,636,2928,7.44636776094276,7.85284906588004,6.90598673202614,7.04340240641711,7.33957547169811,7.46956444672131,65
"69",2017,9,6.83333333333333,21,7.94444444444444,6,7,7.66666666666667,6.69444444444444,9,12,4,3,18,3585,2043,1542,752,639,2946,7.44277676429568,7.85325256975037,6.89893625162127,7.04317154255319,7.34111111111111,7.46482847929396,66
"70",2017,10,7.45714285714286,28,7.67647058823529,7.11818181818182,6.6,8.16666666666667,7.372,17,11,5,3,25,3613,2060,1553,757,642,2971,7.44288809853308,7.85179368932039,6.90048918222794,7.04024438573316,7.34496884735202,7.46404735779199,67
"71",2017,11,6.92751282051282,39,7.50786363636364,6.17647058823529,6.15,6.34285714285714,7.05540625,22,17,10,7,32,3652,2082,1570,767,649,3003,7.43738436473165,7.84815946205571,6.89264949044586,7.02863754889179,7.33416024653313,7.45969287379287,68
"72",2017,12,7.299375,32,7.66647058823529,6.88333333333333,7.33333333333333,6.45,7.45666666666667,17,15,6,5,27,3684,2099,1585,773,654,3030,7.43618558631922,7.84668794664126,6.89256132492113,7.03100258732212,7.32740061162079,7.45966590759076,69
"73",2018,1,7.18214285714286,28,7.3,6.75,7.33333333333333,7.16666666666667,7.18636363636364,22,6,3,6,22,3712,2121,1591,776,660,3052,7.43426931573276,7.8410174446016,6.89202369578881,7.03217139175258,7.32593939393939,7.45769583879423,70
"74",2018,2,6.97058823529412,34,7.6,6.07142857142857,6.7,7.25,6.88461538461539,20,14,10,8,26,3746,2141,1605,786,668,3078,7.43006078483716,7.83876599719757,6.88486585669782,7.02794529262087,7.32502994011976,7.45285500324886,71
"75",2018,3,7.201,20,7.45636363636364,6.88888888888889,7,8,7.15894736842105,11,9,4,1,19,3766,2152,1614,790,669,3097,7.42884431757833,7.83681133828996,6.88488828996282,7.02780379746836,7.32603886397608,7.45105188892477,72
"76",2018,4,6.76904761904762,21,7.22222222222222,6.42916666666667,6.9,6.8125,6.75882352941176,9,12,5,4,17,3787,2161,1626,795,673,3114,7.42518555584896,7.83425173530773,6.88152503075031,7.027,7.32298662704309,7.44727286448298,73
"77",2018,5,6.80666666666667,15,7.91666666666667,6.06666666666667,5.6,8,6.62307692307692,6,9,5,2,13,3802,2167,1635,800,675,3127,7.42274531825355,7.8344799261652,6.87703957186544,7.01808125,7.32499259259259,7.44384640230253,74
"78",2018,6,6.95714285714286,14,7.125,6.73333333333333,6.26666666666667,6,7.03076923076923,8,6,3,1,13,3816,2175,1641,803,676,3140,7.42103713312369,7.83187034482758,6.8765141377209,7.01527397260274,7.3230325443787,7.44213621019108,75
"79",2018,7,7.18333333333333,18,7.58888888888889,6.77777777777778,7.25,7.5,7.09285714285714,9,9,4,4,14,3834,2184,1650,807,680,3154,7.41992115284298,7.83086904761905,6.87597557575757,7.01643742255267,7.32407352941176,7.44058582752061,76
"80",2018,8,6.91,20,7.33571428571429,5.91666666666667,6.5,6.66666666666667,6.95294117647059,14,6,2,3,17,3854,2198,1656,809,683,3171,7.4172749610794,7.82771519563239,6.87249981884058,7.01516069221261,7.3211859443631,7.43797152317881,77
"81",2018,9,7.79347826086957,23,8,7.32142857142857,7.125,8.125,7.72368421052632,16,7,6,4,19,3877,2214,1663,815,687,3190,7.41950675780243,7.82896025293586,6.87438947684907,7.01596932515338,7.32586608442503,7.43967326018809,78
"82",2018,10,6.895,20,7.16666666666667,6.67272727272727,6.75,NA,6.895,9,11,4,0,20,3897,2223,1674,819,687,3210,7.41681490890429,7.82627890238416,6.87306433691756,7.01467032967033,7.32586608442503,7.43627965732087,79
"83",2018,11,7.54166666666667,12,7.85714285714286,7.1,6.625,6.625,8,7,5,4,4,8,3909,2230,1679,823,691,3218,7.41719818367869,7.82637578475336,6.87374014294223,7.01277642770353,7.32180897250362,7.43768107520199,80
"84",2018,12,6.63913043478261,23,6.7,6.525,6.33333333333333,6.75,6.61578947368421,15,8,3,4,19,3932,2245,1687,826,695,3237,7.41264692268566,7.81884988864142,6.87208636633076,7.01030871670702,7.31851798561151,7.43285687364844,81
"85",2019,1,7.32068965517241,29,7.5,7.1,7.31428571428571,8.05,7.204,16,13,7,4,25,3961,2261,1700,833,699,3262,7.41197366826559,7.81659354268023,6.87382923529412,7.0128631452581,7.32270386266094,7.43110291232373,82
"86",2019,2,7.65,10,7.78571428571429,7.33333333333333,7,NA,7.65,7,3,1,0,10,3971,2268,1703,834,699,3272,7.41257307982876,7.81649823633157,6.87463869641808,7.01284772182254,7.32270386266094,7.43177191320294,83
"87",2019,3,6.75263157894737,19,7.97777777777778,5.65,6.7,7.43333333333333,6.625,9,10,5,3,16,3990,2277,1713,839,702,3288,7.40943050125313,7.81713570487483,6.86748960887332,7.01098331346842,7.32317663817664,7.42784601581509,84
"88",2019,4,7.0975,20,7.41666666666667,6.61875,6.75,6,7.15526315789474,12,8,5,1,19,4010,2289,1721,844,703,3307,7.40787473815461,7.81503626037571,6.86633335270192,7.00943720379147,7.32129445234708,7.4262799213789,85
"89",2019,5,7,23,7.23529411764706,6.33333333333333,6.5,7.25,6.97619047619048,17,6,2,2,21,4033,2306,1727,846,705,3328,7.40554864864865,7.81076235906331,6.8644815865663,7.0082328605201,7.32109219858156,7.42343981370192,86
"90",2019,6,6.64130434782609,23,7.19444444444444,6.28571428571429,5.83333333333333,6.875,6.59210526315789,9,14,6,4,19,4056,2315,1741,852,709,3347,7.40121491617357,7.80836630669546,6.85982751292361,6.99995892018779,7.3185754583921,7.41872055572154,87
"91",2019,7,7.13888888888889,18,7,7.3125,7,6.8,7.26923076923077,10,8,5,5,13,4074,2325,1749,857,714,3360,7.4000558910162,7.80488946236559,6.86189805603202,6.99995915985998,7.31494397759104,7.41814217261905,88
"92",2019,8,6.98260869565217,23,7.37272727272727,6.625,5.75,6.5,7.08421052631579,11,12,4,4,19,4097,2336,1761,861,718,3379,7.39771239931657,7.80285445205479,6.86028375922771,6.99415214866435,7.31040389972145,7.41626448653448,89
"93",2019,9,7.66111111111111,18,7.53076923076923,8,7,8,7.61875,13,5,2,2,16,4115,2349,1766,863,720,3395,7.39886456865128,7.80134865900383,6.86351058890147,6.99416570104288,7.31231944444444,7.4172187628866,90
"94",2019,10,7.16666666666667,15,7.20833333333333,7,7,7,7.17857142857143,12,3,3,1,14,4130,2361,1769,866,721,3409,7.39802123486683,7.79833460398136,6.86374205765969,6.99418591224019,7.31188626907073,7.41623869169845,91
"95",2019,11,6.95454545454545,22,7.33333333333333,6.5,7.16666666666667,7.5,6.9,12,10,6,2,20,4152,2373,1779,872,723,3429,7.39567141136802,7.79598314369996,6.86169741427768,6.99537270642202,7.31240663900415,7.4132276757072,92
"96",2019,12,7.14642857142857,28,7.82222222222222,5.93,6.475,7.56666666666667,7.03181818181818,18,10,4,6,22,4180,2391,1789,876,729,3451,7.39400184210526,7.79618067754078,6.85648949133594,6.99299657534247,7.31449931412894,7.41079620399884,93
"97",2020,1,7.10740740740741,27,7,7.29,6.88,6.45,7.16,17,10,5,2,25,4207,2408,1799,881,731,3476,7.39216251485619,7.79055980066445,6.85889922178988,6.99235527809308,7.31213406292749,7.40899243383199,94
"98",2020,2,6.44117647058824,17,7.4,6.04166666666667,6.3125,5,6.63333333333333,5,12,8,2,15,4224,2413,1811,889,733,3491,7.38833515625,7.78975051802735,6.85348409718387,6.98623734533183,7.30582537517053,7.40565961042681,95
"99",2020,3,6.92857142857143,14,7.21428571428571,6.64285714285714,6.625,NA,6.92857142857143,7,7,4,0,14,4238,2420,1818,893,733,3505,7.38681635205286,7.78808595041322,6.85267310231023,6.98461926091825,7.30582537517053,7.40375398002853,96
"100",2020,4,6.97142857142857,14,8,5.94285714285714,6.33333333333333,6,7.04615384615385,7,7,3,1,13,4252,2427,1825,896,734,3518,7.38544865945437,7.78869715698393,6.84918339726027,6.98243861607143,7.30404632152588,7.40243254690165,97
"101",2020,5,7.14285714285714,21,7.60714285714286,6.21428571428571,7.5,5.75,7.47058823529412,14,7,2,4,17,4273,2441,1832,898,738,3535,7.38425642405804,7.78765587873822,6.84675747816594,6.98359131403118,7.29562330623306,7.40276031117398,98
"102",2020,6,7.21875,16,7.34615384615385,6.66666666666667,5.5,7,7.23333333333333,13,3,2,1,15,4289,2454,1835,900,739,3550,7.38363900676148,7.78531703341483,6.84646305177112,6.98029444444444,7.29522327469553,7.40204442253521,99
"103",2020,7,6.875,12,7.16666666666667,6,6,7.33333333333333,6.72222222222222,9,3,1,3,9,4301,2463,1838,901,742,3559,7.38221987909789,7.78305643524157,6.84508144722524,6.9792064372919,7.29537735849056,7.40032528800225,100
"104",2020,8,7.03333333333333,15,7.3125,6.71428571428571,7.125,7.125,7,8,7,4,4,11,4316,2471,1845,905,746,3570,7.38100734476367,7.78153298259814,6.84458520325203,6.97985082872928,7.29446380697051,7.39909179271709,101
"105",2020,9,6.54545454545455,11,7.2,6,6,6,6.66666666666667,5,6,3,2,9,4327,2476,1851,908,748,3579,7.37888322163162,7.78035864297253,6.84184748784441,6.97661343612335,7.29100267379679,7.39724998602962,102
"106",2020,10,6.86666666666667,15,7.71428571428571,6.125,6.66666666666667,6.5,6.92307692307692,7,8,3,2,13,4342,2483,1859,911,750,3592,7.37711370336251,7.78017237213048,6.83876261430877,6.97559275521405,7.28889333333333,7.39553388084633,103
"107",2020,11,7.18,25,8.30769230769231,5.95833333333333,6.16666666666667,5,7.3695652173913,13,12,6,2,23,4367,2496,1871,917,752,3615,7.37598527593314,7.78291987179487,6.83311582041689,6.97029989094875,7.28280585106383,7.39536865836791,104
"108",2020,12,7.25,16,7.77777777777778,6.57142857142857,NA,7.125,7.29166666666667,9,7,0,4,12,4383,2505,1878,917,756,3627,7.37552537075063,7.78290139720559,6.83214041533546,6.97029989094875,7.2819708994709,7.39502555831266,105
"109",2021,1,6.7925,20,7.72222222222222,6.03181818181818,7,7,6.75588235294118,9,11,3,3,17,4403,2514,1889,920,759,3644,7.37287706109471,7.78268416865553,6.82747998941239,6.97039673913044,7.28085638998682,7.39204382546652,106
"110",2021,2,6.86736842105263,19,7.66444444444444,6.15,5.66666666666667,6,6.96941176470588,9,10,3,2,17,4422,2523,1899,923,761,3661,7.37070504296698,7.78226238604835,6.82391242759347,6.96615926327194,7.27749014454665,7.39008131658017,107
"111",2021,3,7.23076923076923,13,7.4375,6.9,6.875,9,7.08333333333333,8,5,4,1,12,4435,2531,1904,927,762,3673,7.37029485907554,7.78117265902805,6.82411223739496,6.96576591154261,7.27975065616798,7.38907914511299,108
"112",2021,4,6.28666666666667,15,6.6625,5.85714285714286,8,7.2,5.95454545454545,8,7,1,4,11,4450,2539,1911,928,766,3684,7.36664217977528,7.77764789287121,6.82057022501308,6.96688038793103,7.27933420365535,7.38479579261672,109
"113",2021,5,6.82222222222222,9,7.68,5.75,NA,NA,6.82222222222222,5,4,0,0,9,4459,2544,1915,928,766,3693,7.36554332810047,7.77745597484277,6.81833404699739,6.96688038793103,7.27933420365535,7.38342477660439,110
"114",2021,6,6.66111111111111,18,7.3,5.8625,5.66666666666667,4.25,6.9625,10,8,3,2,16,4477,2554,1923,931,768,3709,7.36271112352022,7.77558653093187,6.81435761830473,6.96269065520945,7.2714453125,7.38160897816123,111
"115",2021,7,6.803333,10,6.9,6.706666,7.016665,7.33333333333333,6.57619,5,5,2,3,7,4487,2559,1928,933,771,3716,7.36146445954981,7.77387573270809,6.81407833506224,6.96280635584137,7.27168612191958,7.38009177341227,112
"116",2021,8,6.84615384615385,13,7.22222222222222,6,6,8,6.5,9,4,1,3,10,4500,2568,1932,934,774,3726,7.35997578444445,7.77194236760124,6.81239287267081,6.96177551391863,7.27450904392765,7.37772974503489,113
"117",2021,9,7.63846153846154,13,7.35714285714286,7.96666666666667,6,8.25,7.52727272727273,7,6,1,2,11,4513,2575,1938,935,776,3737,7.36077798138711,7.77081475728155,6.81596647574819,6.96074687700535,7.27702319587629,7.37816993042548,114
"118",2021,10,6.6,10,7.9,5.3,5.16666666666667,5.66666666666667,7,5,5,3,3,7,4523,2580,1943,938,779,3744,7.35909596064559,7.77106511627907,6.81206537828101,6.95500888059702,7.2708215661104,7.37746288194445,115
"119",2021,11,7.1875,8,8.4,5.16666666666667,8.5,2,7.92857142857143,5,3,1,1,7,4531,2585,1946,939,780,3751,7.35879298830281,7.77228162475822,6.80952879239465,6.95665423855165,7.2640641025641,7.3784913436417,116
"120",2021,12,7.22142857142857,14,7.2625,7.16666666666667,7.16666666666667,7.5,7.2,8,6,3,1,13,4545,2593,1952,942,781,3764,7.35836986358636,7.77070883146934,6.8106265522541,6.95732306794055,7.2643661971831,7.37787487513284,117
"121",2022,1,7.18518518518519,27,7.25,7,6.83333333333333,8,7.15384615384615,20,7,3,1,26,4572,2613,1959,945,782,3790,7.35734711942257,7.7667233065442,6.81130323124043,6.95692944973545,7.26530690537084,7.37633800263852,118
"122",2022,2,7.192,25,7.425,6.77777777777778,6,5.5,7.33913043478261,16,9,4,2,23,4597,2629,1968,949,784,3813,7.35644790733087,7.7646435907189,6.81114991361788,6.95289602739726,7.26080357142857,7.37611356674535,119
"123",2022,3,7.34566666666667,9,7.6222,7,7,6.70366666666667,7.66666666666667,5,4,1,3,6,4606,2634,1972,950,787,3819,7.35642684107686,7.76437319665907,6.81153297667343,6.95294561052632,7.25867979669631,7.37657005236973,120
"124",2022,4,7.125,12,7.64285714285714,6.4,6.5,NA,7.125,7,5,2,0,12,4618,2641,1977,952,787,3831,7.35582547206583,7.76405111700113,6.81049217501264,6.95199404411765,7.25867979669631,7.37578204907335,121
"125",2022,5,6.96842105263158,19,7.26363636363636,6.5625,6.4,6.125,7.19333333333333,11,8,5,4,15,4637,2652,1985,957,791,3846,7.35423809143843,7.76197549019608,6.80949271032745,6.94911006269593,7.25294690265487,7.37507047061883,122
"126",2022,6,6.81,10,7.7,5.475,4.66666666666667,6.475,7.03333333333333,6,4,3,4,6,4647,2658,1989,960,795,3852,7.35306693135356,7.76183559066967,6.80680896430367,6.94197742708333,7.24903270440251,7.37453816978193,123
"127",2022,7,6.26363636363636,11,6.98,5.66666666666667,6,6.7,6.16666666666667,5,6,1,2,9,4658,2663,1995,961,797,3861,7.35049420996136,7.76036763049192,6.80337996491228,6.94099722164412,7.24765495608532,7.37172261849262,124
"128",2022,8,7.54285714285714,7,8.25,6.6,6.7,7.16666666666667,7.825,4,3,4,3,4,4665,2667,1998,965,800,3865,7.35078285744909,7.76110198725159,6.80307458958959,6.93999826943005,7.24735125,7.37219172833118,125
"129",2022,9,6.95833333333333,12,6.91666666666667,7,7.5,8,6.75,6,6,2,2,10,4677,2673,2004,967,802,3875,7.34977593115245,7.75920650953984,6.80366418662674,6.94115649431231,7.24922817955112,7.37058607225807,126
"130",2022,10,6.66666666666667,6,7.25,5.5,NA,8,6.4,4,2,0,1,5,4683,2677,2006,967,803,3880,7.34890071108264,7.75844564811356,6.80236442173479,6.94115649431231,7.25016313823163,7.36933531701031,127
"131",2022,11,6.12666666666667,15,6.7,6.03846153846154,5.91666666666667,5,6.3,2,13,6,2,13,4698,2679,2019,973,805,3893,7.34499830353342,7.75765546845838,6.79744578008915,6.93483898252826,7.24457267080745,7.36576445671719,128
"132",2022,12,6.93710526315789,19,6.96192307692308,6.88333333333333,6.25,6.501,7.09285714285714,13,6,2,5,14,4717,2692,2025,975,810,3907,7.34335531693874,7.75381277860327,6.79770026172839,6.93343418461539,7.23998271604938,7.36478654466343,129
