"","year","month","avg_rating","no_ratings","avg_rating_owned","avg_rating_not_owned","avg_rating_prev_owned","avg_rating_comment","avg_rating_no_comment","no_ratings_owned","no_ratings_not_owned","no_ratings_prev_owned","no_ratings_comment","no_ratings_no_comment","cum_no_ratings","cum_no_ratings_owned","cum_no_ratings_not_owned","cum_no_ratings_prev_owned","cum_no_ratings_comment","cum_no_ratings_no_comment","cum_avg_rating","cum_avg_rating_owned","cum_avg_rating_not_owned","cum_avg_rating_prev_owned","cum_avg_rating_comment","cum_avg_rating_no_comment","month_after_release"
"1",2001,5,9,1,NA,9,NA,9,NA,0,1,0,1,0,1,0,1,0,1,0,9,NA,9,NA,9,NA,0
"2",2001,6,5.9,5,5.9,NA,NA,6.25,5.66666666666667,5,0,0,2,3,6,5,1,0,3,3,6.41666666666667,5.9,9,NA,7.16666666666667,5.66666666666667,1
"3",2001,7,7.5,2,8,7,NA,NA,7.5,1,1,0,0,2,8,6,2,0,3,5,6.6875,6.25,8,NA,7.16666666666667,6.4,2
"4",2001,8,8.33333333333333,3,9.5,6,6,NA,8.33333333333333,2,1,1,0,3,11,8,3,1,3,8,7.13636363636364,7.0625,7.33333333333333,6,7.16666666666667,7.125,3
"5",2001,9,7,4,7,NA,NA,NA,7,4,0,0,0,4,15,12,3,1,3,12,7.1,7.04166666666667,7.33333333333333,6,7.16666666666667,7.08333333333333,4
"6",2001,10,3,1,NA,3,NA,3,NA,0,1,0,1,0,16,12,4,1,4,12,6.84375,7.04166666666667,6.25,6,6.125,7.08333333333333,5
"7",2001,11,5.16666666666667,6,6.33333333333333,4,NA,7,4.25,3,3,0,2,4,22,15,7,1,6,16,6.38636363636364,6.9,5.28571428571429,6,6.41666666666667,6.375,6
"8",2001,12,5,3,5,NA,NA,NA,5,3,0,0,0,3,25,18,7,1,6,19,6.22,6.58333333333333,5.28571428571429,6,6.41666666666667,6.15789473684211,7
"9",2002,1,7.2,5,7.2,NA,NA,7,7.25,5,0,0,1,4,30,23,7,1,7,23,6.38333333333333,6.71739130434783,5.28571428571429,6,6.5,6.34782608695652,8
"10",2002,2,6,5,6,NA,NA,6.5,5.66666666666667,5,0,0,2,3,35,28,7,1,9,26,6.32857142857143,6.58928571428571,5.28571428571429,6,6.5,6.26923076923077,9
"11",2002,3,6.66666666666667,6,6.6,7,NA,8,6.4,5,1,0,1,5,41,33,8,1,10,31,6.3780487804878,6.59090909090909,5.5,6,6.65,6.29032258064516,10
"12",2002,4,7,1,7,NA,NA,7,NA,1,0,0,1,0,42,34,8,1,11,31,6.39285714285714,6.60294117647059,5.5,6,6.68181818181818,6.29032258064516,11
"13",2002,5,6.16666666666667,6,7.25,4,NA,7.33333333333333,5,4,2,0,3,3,48,38,10,1,14,34,6.36458333333333,6.67105263157895,5.2,6,6.82142857142857,6.17647058823529,12
"14",2002,6,6.1,5,6.125,6,NA,6,6.125,4,1,0,1,4,53,42,11,1,15,38,6.33962264150943,6.61904761904762,5.27272727272727,6,6.76666666666667,6.17105263157895,13
"15",2002,7,7.27777777777778,9,7.75,6.33333333333333,7,7.375,7.2,6,3,1,4,5,62,48,14,2,19,43,6.4758064516129,6.76041666666667,5.5,6.5,6.89473684210526,6.2906976744186,14
"16",2002,8,8.16666666666667,12,8.16666666666667,NA,NA,8.66666666666667,8,12,0,0,3,9,74,60,14,2,22,52,6.75,7.04166666666667,5.5,6.5,7.13636363636364,6.58653846153846,15
"17",2002,9,5.42857142857143,7,5.8,4.5,6,4.5,5.8,5,2,1,2,5,81,65,16,3,24,57,6.6358024691358,6.94615384615385,5.375,6.33333333333333,6.91666666666667,6.51754385964912,16
"18",2002,10,6.66666666666667,6,7,5,NA,9,6.2,5,1,0,1,5,87,70,17,3,25,62,6.63793103448276,6.95,5.35294117647059,6.33333333333333,7,6.49193548387097,17
"19",2002,11,6.28571428571429,7,6,7,7,6,6.66666666666667,5,2,1,4,3,94,75,19,4,29,65,6.61170212765957,6.88666666666667,5.52631578947368,6.5,6.86206896551724,6.5,18
"20",2002,12,7.09090909090909,11,7.14285714285714,7,NA,9,6.66666666666667,7,4,0,2,9,105,82,23,4,31,74,6.66190476190476,6.90853658536585,5.78260869565217,6.5,7,6.52027027027027,19
"21",2003,1,7.2,15,7.57142857142857,2,NA,5.5,7.81818181818182,14,1,0,4,11,120,96,24,4,35,85,6.72916666666667,7.00520833333333,5.625,6.5,6.82857142857143,6.68823529411765,20
"22",2003,2,6.2,5,7,3,NA,8,5.75,4,1,0,1,4,125,100,25,4,36,89,6.708,7.005,5.52,6.5,6.86111111111111,6.64606741573034,21
"23",2003,3,7.14285714285714,14,7.54545454545455,5.66666666666667,5,8,6.90909090909091,11,3,1,3,11,139,111,28,5,39,100,6.75179856115108,7.05855855855856,5.53571428571429,6.2,6.94871794871795,6.675,22
"24",2003,4,6.83333333333333,6,7.2,5,NA,6,7.25,5,1,0,2,4,145,116,29,5,41,104,6.7551724137931,7.06465517241379,5.51724137931035,6.2,6.90243902439024,6.69711538461539,23
"25",2003,5,7.45,10,7.5625,7,NA,7.375,7.5,8,2,0,4,6,155,124,31,5,45,110,6.8,7.09677419354839,5.61290322580645,6.2,6.94444444444444,6.74090909090909,24
"26",2003,6,5.84615384615385,13,6.28571428571429,5.33333333333333,6,5.42857142857143,6.33333333333333,7,6,1,7,6,168,131,37,6,52,116,6.72619047619048,7.05343511450382,5.56756756756757,6.16666666666667,6.74038461538461,6.7198275862069,25
"27",2003,7,6.47777777777778,45,6.95714285714286,4.8,NA,6.40625,6.51724137931035,35,10,0,16,29,213,166,47,6,68,145,6.67370892018779,7.03313253012048,5.40425531914894,6.16666666666667,6.66176470588235,6.67931034482759,26
"28",2003,8,6.59375,16,6.95833333333333,5.5,NA,8.66666666666667,6.11538461538461,12,4,0,3,13,229,178,51,6,71,158,6.66812227074236,7.02808988764045,5.41176470588235,6.16666666666667,6.74647887323944,6.63291139240506,27
"29",2003,9,6.76666666666667,18,7.06666666666667,5.26666666666667,NA,6.11428571428571,7.18181818181818,15,3,0,7,11,247,193,54,6,78,169,6.6753036437247,7.03108808290155,5.4037037037037,6.16666666666667,6.68974358974359,6.66863905325444,28
"30",2003,10,6.69230769230769,13,6.88888888888889,6.25,6,6.5,6.72727272727273,9,4,1,2,11,260,202,58,7,80,180,6.67615384615385,7.02475247524752,5.46206896551724,6.14285714285714,6.685,6.67222222222222,29
"31",2003,11,7,8,7.33333333333333,6,NA,6.5,7.5,6,2,0,4,4,268,208,60,7,84,184,6.68582089552239,7.03365384615385,5.48,6.14285714285714,6.67619047619048,6.69021739130435,30
"32",2003,12,7.02173913043478,23,7.32352941176471,6.16666666666667,6,6.46153846153846,7.75,17,6,1,13,10,291,225,66,8,97,194,6.71237113402062,7.05555555555556,5.54242424242424,6.125,6.64742268041237,6.74484536082474,31
"33",2004,1,6.18421052631579,19,6.53571428571429,5.2,5,5.90909090909091,6.5625,14,5,2,11,8,310,239,71,10,108,202,6.68,7.02510460251046,5.51830985915493,5.9,6.57222222222222,6.73762376237624,32
"34",2004,2,6.28695652173913,23,6.61052631578947,4.75,NA,6.51428571428571,6.1875,19,4,0,7,16,333,258,75,10,115,218,6.65285285285285,6.99457364341085,5.47733333333333,5.9,6.56869565217391,6.69724770642202,33
"35",2004,3,6.63793103448276,29,6.8125,5.8,NA,6.66666666666667,6.61764705882353,24,5,0,12,17,362,282,80,10,127,235,6.65165745856353,6.9790780141844,5.4975,5.9,6.57795275590551,6.69148936170213,34
"36",2004,4,6.66296296296296,27,6.98421052631579,5.9,5,6.68,6.64166666666667,19,8,1,15,12,389,301,88,11,142,247,6.65244215938303,6.97940199335548,5.53409090909091,5.81818181818182,6.5887323943662,6.68906882591093,35
"37",2004,5,7.1304347826087,23,7.26315789473684,6.5,7,6.85714285714286,7.25,19,4,1,7,16,412,320,92,12,149,263,6.67912621359223,6.99625,5.57608695652174,5.91666666666667,6.60134228187919,6.72319391634981,36
"38",2004,6,6.52777777777778,18,6.67857142857143,6,6,6.625,6.45,14,4,1,8,10,430,334,96,13,157,273,6.67279069767442,6.98293413173653,5.59375,5.92307692307692,6.60254777070064,6.71318681318681,37
"39",2004,7,6.78571428571429,21,7.09375,5.8,5.5,7.3125,6.46153846153846,16,5,2,8,13,451,350,101,15,165,286,6.6780487804878,6.988,5.60396039603961,5.86666666666667,6.6369696969697,6.70174825174825,38
"40",2004,8,6.09523809523809,21,6.17647058823529,5.75,5.5,6.14285714285714,6.07142857142857,17,4,2,7,14,472,367,105,17,172,300,6.6521186440678,6.95040871934605,5.60952380952381,5.82352941176471,6.61686046511628,6.67233333333333,39
"41",2004,9,6.35416666666667,24,6.68421052631579,5.1,5,6.33333333333333,6.36666666666667,19,5,1,9,15,496,386,110,18,181,315,6.63770161290322,6.93730569948186,5.58636363636364,5.77777777777778,6.60276243093923,6.65777777777778,40
"42",2004,10,6.45833333333333,36,6.72222222222222,5.66666666666667,5,6,6.71739130434783,27,9,1,13,23,532,413,119,19,194,338,6.62556390977444,6.92324455205811,5.59243697478992,5.73684210526316,6.56237113402062,6.66183431952663,41
"43",2004,11,6.53703703703704,27,6.91666666666667,5.77777777777778,5.5,6.625,6.5,18,9,4,8,19,559,431,128,23,202,357,6.62128801431127,6.92296983758701,5.60546875,5.69565217391304,6.56485148514851,6.65322128851541,42
"44",2004,12,6.53030303030303,33,7,5.27777777777778,NA,5.9,6.80434782608696,24,9,0,10,23,592,455,137,23,212,380,6.61621621621622,6.92703296703297,5.58394160583942,5.69565217391304,6.53349056603774,6.66236842105263,43
"45",2005,1,6.79622641509434,53,7.105,5.84615384615385,6.5,7.25909090909091,6.46774193548387,40,13,2,22,31,645,495,150,25,234,411,6.63100775193798,6.94141414141414,5.60666666666667,5.76,6.6017094017094,6.64768856447689,44
"46",2005,2,6.15,42,6.84,5.13529411764706,4,6.3,6,25,17,3,21,21,687,520,167,28,255,432,6.60160116448326,6.93653846153846,5.55868263473054,5.57142857142857,6.57686274509804,6.6162037037037,45
"47",2005,3,6.1037037037037,27,6.23888888888889,5.83333333333333,6,6.38666666666667,5.75,18,9,2,15,12,714,538,176,30,270,444,6.5827731092437,6.91319702602231,5.57272727272727,5.6,6.5662962962963,6.59279279279279,46
"48",2005,4,6.45945945945946,37,6.95384615384615,5.29090909090909,5.25,6.32631578947368,6.6,26,11,2,19,18,751,564,187,32,289,462,6.57669773635153,6.91507092198582,5.55614973262032,5.578125,6.55051903114187,6.59307359307359,47
"49",2005,5,6.3751724137931,29,6.6778947368421,5.8,7.5,6.6,6.13428571428571,19,10,1,15,14,780,583,197,33,304,476,6.56920512820513,6.90734133790738,5.56852791878173,5.63636363636364,6.55296052631579,6.57957983193277,48
"50",2005,6,6.59090909090909,22,6.88235294117647,5.6,6,6.05555555555556,6.96153846153846,17,5,1,9,13,802,600,202,34,313,489,6.56980049875312,6.90663333333333,5.56930693069307,5.64705882352941,6.53865814696486,6.58973415132924,49
"51",2005,7,6.38888888888889,27,6.5625,6.13636363636364,6.375,6.33333333333333,6.41666666666667,16,11,4,9,18,829,616,213,38,322,507,6.56390832328106,6.89769480519481,5.59859154929578,5.72368421052632,6.53291925465838,6.58358974358974,50
"52",2005,8,6.69230769230769,52,6.85,6.16666666666667,7,6.70967741935484,6.66666666666667,40,12,2,31,21,881,656,225,40,353,528,6.57148694665153,6.89478658536585,5.62888888888889,5.7875,6.54844192634561,6.58689393939394,51
"53",2005,9,6.24404761904762,42,6.34848484848485,5.86111111111111,NA,5.54166666666667,6.77083333333333,33,9,0,18,24,923,689,234,40,371,552,6.5565872156013,6.86862119013063,5.63782051282051,5.7875,6.49959568733154,6.59489130434783,52
"54",2005,10,6.75853658536585,41,6.78857142857143,6.58333333333333,7,6.50434782608696,7.08333333333333,35,6,1,23,18,964,724,240,41,394,570,6.56517634854772,6.86475138121547,5.66145833333333,5.81707317073171,6.4998730964467,6.61031578947368,53
"55",2005,11,6.38372093023256,43,6.87931034482759,5.35714285714286,6,5.93181818181818,6.85714285714286,29,14,1,22,21,1007,753,254,42,416,591,6.5574280039722,6.86531208499336,5.64468503937008,5.82142857142857,6.46983173076923,6.61908629441624,54
"56",2005,12,6.46491228070175,57,6.61,5.42857142857143,7,6.73684210526316,6.32894736842105,50,7,1,19,38,1064,803,261,43,435,629,6.55247180451128,6.84941469489415,5.63888888888889,5.84883720930233,6.48149425287356,6.60155802861685,55
"57",2006,1,6.51840816326531,49,6.90888235294118,5.63333333333333,NA,6.25660869565217,6.75,34,15,0,23,26,1113,837,276,43,458,655,6.55097214734951,6.85183034647551,5.63858695652174,5.84883720930233,6.47020087336244,6.60745038167939,56
"58",2006,2,6.58510638297872,47,6.65384615384615,6.25,7,6.5,6.65384615384615,39,8,2,21,26,1160,876,284,45,479,681,6.55235517241379,6.84301598173516,5.65580985915493,5.9,6.47150730688935,6.60922173274596,57
"59",2006,3,6.72592592592593,54,6.96904761904762,5.875,6,6.9695652173913,6.54516129032258,42,12,3,23,31,1214,918,296,48,502,712,6.56007578253707,6.84878213507625,5.66469594594595,5.90625,6.49432669322709,6.60643258426966,58
"60",2006,4,6.568,50,6.88205128205128,5.45454545454545,NA,6.68888888888889,6.5,39,11,0,18,32,1264,957,307,48,520,744,6.56038924050633,6.85013793103448,5.6571661237785,5.90625,6.50106153846154,6.60185483870968,59
"61",2006,5,6.49375,32,6.825,5.5,5,6.26666666666667,6.78571428571429,24,8,3,18,14,1296,981,315,51,538,758,6.55874382716049,6.84952293577982,5.6531746031746,5.85294117647059,6.49321933085502,6.60525065963061,60
"62",2006,6,6.62861111111111,36,6.70851851851852,6.38888888888889,7,6.75882352941176,6.51210526315789,27,9,1,17,19,1332,1008,324,52,555,777,6.56063213213213,6.84574603174603,5.67361111111111,5.875,6.50135495495496,6.60297297297297,61
"63",2006,7,6.32641509433962,53,6.58947368421053,5.66,7,6.05,6.49393939393939,38,15,1,20,33,1385,1046,339,53,575,810,6.55166931407942,6.83643594646272,5.67300884955752,5.89622641509434,6.48565565217391,6.59853086419753,62
"64",2006,8,6.65,47,6.86486486486486,5.855,NA,6.9,6.58243243243243,37,10,0,10,37,1432,1083,349,53,585,847,6.55489664804469,6.83740720221607,5.678223495702,5.89622641509434,6.49273846153846,6.59782762691854,63
"65",2006,9,6.57058823529412,51,6.82432432432432,5.9,7.33333333333333,6.36363636363636,6.72758620689655,37,14,3,22,29,1483,1120,363,56,607,876,6.55543627781524,6.836975,5.68677685950413,5.97321428571429,6.48805930807249,6.60212328767123,64
"66",2006,10,6.26363636363636,55,6.5,5.77777777777778,5.625,5.94117647058824,6.40789473684211,37,18,4,17,38,1538,1157,381,60,624,914,6.54500130039012,6.82619878997407,5.69107611548556,5.95,6.47316025641026,6.59404814004376,65
"67",2006,11,6.7625,56,7.0047619047619,6.03571428571429,6.625,6.13333333333333,6.99268292682927,42,14,4,15,41,1594,1199,395,64,639,955,6.55264240903388,6.83245371142619,5.70329113924051,5.9921875,6.46518309859155,6.61116230366492,66
"68",2006,12,6.64041095890411,73,6.805,6.28260869565217,5.75,6.53571428571429,6.70555555555556,50,23,4,28,45,1667,1249,418,68,667,1000,6.55648590281944,6.831354683747,5.73516746411483,5.97794117647059,6.46814392803598,6.61541,67
"69",2007,1,6.60208333333333,72,6.69210526315789,6.26,6,6.81363636363636,6.509,57,15,1,22,50,1739,1306,433,69,689,1050,6.55837377803335,6.82527718223583,5.75334872979215,5.97826086956522,6.47917561683599,6.61034285714286,68
"70",2007,2,6.53398681818182,66,6.66304347826087,6.2371565,6.66666666666667,6.61578947368421,6.50091765957447,46,20,3,19,47,1805,1352,453,72,708,1097,6.55748206648199,6.8197573964497,5.77470889624724,6.00694444444444,6.4828418079096,6.6056546308113,69
"71",2007,3,6.55245901639344,61,6.9,5.97826086956522,6.83333333333333,6.528,6.56944444444444,38,23,3,25,36,1866,1390,476,75,733,1133,6.55731786173633,6.82195107913669,5.7845443907563,6.04,6.48438199181446,6.60450408649603,70
"72",2007,4,6.52280701754386,57,6.86315789473684,5.84210526315789,6,6.625,6.42413793103448,38,19,3,28,29,1923,1428,495,78,761,1162,6.55629491939678,6.82304761904762,5.7867537979798,6.03846153846154,6.48955584756899,6.60000269363167,71
"73",2007,5,6.26734693877551,49,6.72903225806452,5.47222222222222,6.5,6.18181818181818,6.33703703703704,31,18,1,22,27,1972,1459,513,79,783,1189,6.54911517748479,6.82105003427005,5.77571760233918,6.04430379746835,6.48090932311622,6.59403122792262,72
"74",2007,6,6.6,55,6.85897435897436,5.96875,5.58333333333333,6.02941176470588,6.85526315789474,39,16,6,17,38,2027,1498,529,85,800,1227,6.55049587074494,6.82203738317757,5.78155601134215,6.01176470588235,6.471315,6.6021215403423,73
"75",2007,7,6.55961538461538,52,6.78648648648649,6,5.83333333333333,6.33333333333333,6.67941176470588,37,15,6,18,34,2079,1535,544,91,818,1261,6.55072396825397,6.82118045602606,5.78757928308823,6,6.46827872860636,6.60420549563838,74
"76",2007,8,6.53230769230769,65,6.81,5.60666666666667,6.16666666666667,6.24,6.715,50,15,3,25,40,2144,1585,559,94,843,1301,6.55016563899254,6.82082776025237,5.78272474060823,6.00531914893617,6.46150889679715,6.60761193697156,75
"77",2007,9,6.66119402985075,67,7.03023255813954,6,6.5,6.74130434782609,6.61931818181818,43,24,7,23,44,2211,1628,583,101,866,1345,6.55353013568521,6.82635872235872,5.79166917667238,6.03960396039604,6.46893995381062,6.60799489219331,76
"78",2007,10,6.50121212121212,66,6.96913043478261,5.425,5,6.37304347826087,6.56976744186047,46,20,4,23,43,2277,1674,603,105,889,1388,6.55201367149758,6.83028195937873,5.77950767827529,6,6.46645894263217,6.60681061239193,77
"79",2007,11,6.77894736842105,95,6.99420289855072,6.20769230769231,7.5,6.7741935483871,6.78125,69,26,5,31,64,2372,1743,629,110,920,1452,6.5611025,6.83677108433735,5.79720688394277,6.06818181818182,6.47682826086957,6.61449940082645,78
"80",2007,12,6.35963855421687,83,6.56810344827586,5.876,6.25,6.21216216216216,6.47826086956522,58,25,4,37,46,2455,1801,654,114,957,1498,6.55429129531568,6.82811882287618,5.80021885321101,6.07456140350877,6.46659561128527,6.6103158411215,79
"81",2008,1,6.58910891089109,101,6.81408450704225,6.05666666666667,6.83333333333333,6.54166666666667,6.61538461538461,71,30,6,36,65,2556,1872,684,120,993,1563,6.55566710876369,6.82758653846154,5.81146656432749,6.1125,6.46931722054381,6.6105266346769,80
"82",2008,2,6.74236111111111,72,6.99895833333333,6.22916666666667,6.16666666666667,6.5125,6.83076923076923,48,24,6,20,52,2628,1920,708,126,1013,1615,6.5607820129376,6.83187083333333,5.82562588983051,6.11507936507936,6.47016979269497,6.6176180371517,81
"83",2008,3,6.59438202247191,89,6.77118644067797,6.24666666666667,6.14285714285714,6.38666666666667,6.7,59,30,7,30,59,2717,1979,738,133,1043,1674,6.56188263894001,6.83006164729662,5.84274136856369,6.11654135338346,6.46776797698945,6.62052158303465,82
"84",2008,4,6.57537313432836,67,6.87333333333333,5.96590909090909,6.55,6.33461538461538,6.63333333333333,45,22,5,13,54,2784,2024,760,138,1056,1728,6.56220730244253,6.83102371541502,5.84630675,6.13224637681159,6.46612878787879,6.62092195023148,83
"85",2008,5,6.14692307692308,65,6.47159090909091,5.46666666666667,5,6.075,6.20857142857143,44,21,1,30,35,2849,2068,781,139,1086,1763,6.55273258336258,6.82337620889749,5.83609875800256,6.12410071942446,6.4553241252302,6.61273575155984,84
"86",2008,6,6.44259016393443,61,6.74873170731707,5.815,5.75,6.5749,6.3780487804878,41,20,4,20,41,2910,2109,801,143,1106,1804,6.55042375601375,6.82192508297771,5.83557194756554,6.11363636363636,6.45748643761302,6.60740195676275,85
"87",2008,7,6.61290322580645,93,6.87903225806452,6.08064516129032,5.53846153846154,6.37142857142857,6.88181818181818,62,31,13,49,44,3003,2171,832,156,1155,1848,6.55235868464869,6.82355596499309,5.84470328125,6.06570512820513,6.4538354978355,6.61393567640693,86
"88",2008,8,6.44897435897436,78,6.72685185185185,5.82375,4.9,6.06964285714286,6.6614,54,24,10,28,50,3081,2225,856,166,1183,1898,6.54974135994807,6.82120898876405,5.84411580607477,5.99548192771084,6.44474218089603,6.61518605374078,87
"89",2008,9,6.56466666666667,75,6.80340909090909,6.2258064516129,6.25,6.64166666666667,6.51333333333333,44,31,8,30,45,3156,2269,887,174,1213,1943,6.55009604879594,6.82086381665932,5.85745561443067,6.00718390804598,6.44961253091509,6.6128271384457,88
"90",2008,10,6.41763157894737,76,6.73813953488372,6,5.92307692307692,6.69047619047619,6.31345454545455,43,33,13,21,55,3232,2312,920,187,1234,1998,6.5469811664604,6.81932525951557,5.86256861956522,6.00133689839572,6.45371150729335,6.60458615115115,89
"91",2008,11,6.424,75,6.70408163265306,5.89615384615385,5.53571428571429,6.30434782608696,6.47692307692308,49,26,14,23,52,3307,2361,946,201,1257,2050,6.54419205624433,6.81693350275307,5.8634916807611,5.96890547263682,6.4509785202864,6.60134786829268,90
"92",2008,12,6.39197530864198,81,6.57547169811321,6.04464285714286,5.625,5.9875,6.52459016393443,53,28,8,20,61,3388,2414,974,209,1277,2111,6.54055287190083,6.81163214581607,5.86869931211499,5.95574162679426,6.44371965544244,6.59912985788726,91
"93",2009,1,6.55873015873016,126,6.85459770114943,5.89871794871795,5.44545454545455,6.534375,6.56702127659574,87,39,11,32,94,3514,2501,1013,220,1309,2205,6.54120464712578,6.81312674930028,5.8698550148075,5.93022727272727,6.445935828877,6.59776105668934,92
"94",2009,2,6.25272058823529,136,6.67026666666667,5.73934426229508,6,5.82705882352941,6.39460784313725,75,61,17,34,102,3650,2576,1074,237,1343,2307,6.53045565205479,6.80896739130435,5.86244239292365,5.93523206751055,6.43026805658972,6.58877899003034,93
"95",2009,3,6.54736842105263,114,6.71323529411765,6.30217391304348,5.8125,6.38571428571429,6.61898734177215,68,46,8,35,79,3764,2644,1120,245,1378,2386,6.53096788788523,6.80650529500756,5.88050279464286,5.93122448979592,6.42913642960813,6.58977918273261,94
"96",2009,4,6.42219047619048,105,6.6,6.12128205128205,5.27777777777778,6.635,6.37816091954023,66,39,9,18,87,3869,2710,1159,254,1396,2473,6.52801579994831,6.80147601476015,5.88860494391717,5.90807086614173,6.43179083094556,6.58233446421351,95
"97",2009,5,6.61173469387755,98,6.91326530612245,6.31020408163265,5.66666666666667,6.3695652173913,6.686,49,49,9,23,75,3967,2759,1208,263,1419,2548,6.5300839752962,6.80346139905763,5.90570623344371,5.89980988593156,6.4307822410148,6.58538584379906,96
"98",2009,6,6.59166666666667,78,6.98404255319149,5.99677419354839,6.23636363636364,6.79,6.54444444444444,47,31,11,15,63,4045,2806,1239,274,1434,2611,6.53127147836836,6.80648610121169,5.90798476997579,5.91332116788321,6.43453974895398,6.58439798161624,97
"99",2009,7,6.45531914893617,94,6.7,6.09473684210526,5.85384615384615,6.57272727272727,6.41944444444444,56,38,13,22,72,4139,2862,1277,287,1456,2683,6.52954654022711,6.80440251572327,5.91354199686766,5.91062717770035,6.43662774725275,6.57997134923593,98
"100",2009,8,6.68791208791209,91,6.95555555555556,6.2972972972973,5.875,6.59090909090909,6.71884057971014,54,37,8,22,69,4230,2916,1314,295,1478,2752,6.53295345862884,6.80720164609053,5.92434789193303,5.90966101694915,6.43892422192152,6.58345317223837,99
"101",2009,9,6.5104347826087,115,6.79791666666667,6.02906976744186,5.8125,6.68243243243243,6.42884615384615,72,43,16,37,78,4345,2988,1357,311,1515,2830,6.53235745224396,6.80697791164658,5.92766627118644,5.90466237942122,6.44487128712871,6.57919191872791,100
"102",2009,10,6.69941176470588,85,6.99791666666667,6.31216216216216,6.4375,6.73181818181818,6.68809523809524,48,37,12,22,63,4430,3036,1394,323,1537,2893,6.53556278329571,6.80999670619236,5.93787168579627,5.92445820433436,6.44897852960312,6.58156347390252,101
"103",2009,11,6.461,100,6.78629032258065,5.93026315789474,5.07142857142857,6.22321428571429,6.55347222222222,62,38,7,28,72,4530,3098,1432,330,1565,2965,6.53391680573952,6.80952227243383,5.93766978351955,5.90636363636364,6.4449392971246,6.58088132546374,102
"104",2009,12,6.40737704918033,122,6.89605263157895,5.6,5.7,6.35714285714286,6.42758620689655,76,46,15,35,87,4652,3174,1478,345,1600,3052,6.53059826526225,6.81159420289855,5.92716043978349,5.89739130434783,6.44301875,6.57651151048493,103
"105",2010,1,6.53387096774194,124,6.88666666666667,5.99387755102041,6.14285714285714,6.34615384615385,6.58367346938776,75,49,14,26,98,4776,3249,1527,359,1626,3150,6.53068323492462,6.8133271775931,5.92930132940406,5.90696378830084,6.44146986469865,6.57673432698413,104
"106",2010,2,6.57828282828283,99,6.87314814814815,6.22444444444444,5,6.55208333333333,6.58666666666667,54,45,5,24,75,4875,3303,1572,364,1650,3225,6.53164987282051,6.81430517711172,5.9377500826972,5.89450549450549,6.44307878787879,6.57696531162791,105
"107",2010,3,6.772,75,7.28095238095238,6.12424242424242,5.33333333333333,6.78461538461538,6.76935483870968,42,33,3,13,62,4950,3345,1605,367,1663,3287,6.53529154141414,6.8201644245142,5.9415845046729,5.88991825613079,6.44574864702345,6.58059419835716,106
"108",2010,4,6.51567164179104,67,6.78777777777778,5.95909090909091,6.1,6.60588235294118,6.485,45,22,6,17,50,5017,3390,1627,373,1680,3337,6.53502952561292,6.81973451327434,5.94182122311002,5.89329758713137,6.44736904761905,6.57916186095295,107
"109",2010,5,6.61666216216216,74,7.12,6.0245,5.625,6.70665,6.58333333333333,40,34,8,20,54,5091,3430,1661,381,1700,3391,6.53621609310548,6.8232361516035,5.9435136243227,5.88766404199475,6.45041941176471,6.57922828959009,108
"110",2010,6,6.61544117647059,68,6.9906976744186,5.97,5.58333333333333,6.325,6.70480769230769,43,25,6,16,52,5159,3473,1686,387,1716,3443,6.53726034696647,6.82530953066513,5.94390636417557,5.88294573643411,6.44925,6.58112492884113,109
"111",2010,7,6.58142857142857,70,6.82727272727273,5.68,6.1,7.25,6.47,55,15,2,10,60,5229,3528,1701,389,1726,3503,6.53785162172499,6.82534013605442,5.94157914756026,5.8840616966581,6.45388933951333,6.5792215615187,110
"112",2010,8,6.88243243243243,74,7.2125,6.27307692307692,6.25,6.62380952380952,6.98490566037736,48,26,6,21,53,5303,3576,1727,395,1747,3556,6.54266002828588,6.83053691275168,5.94656984944992,5.88962025316456,6.45593188322839,6.58526803430821,111
"113",2010,9,6.50746268656716,67,7.02564102564103,5.78571428571429,5.85714285714286,5.96153846153846,6.63888888888889,39,28,7,13,54,5370,3615,1755,402,1760,3610,6.54222088081937,6.83264177040111,5.9440034928775,5.88905472636816,6.45228011363637,6.58607011911357,112
"114",2010,10,6.46940298507463,67,6.80833333333333,5.9,5.33333333333333,6.09285714285714,6.5688679245283,42,25,3,14,53,5437,3657,1780,405,1774,3663,6.54132354791245,6.83236259228876,5.94338546629214,5.88493827160494,6.44944363021421,6.58582122031122,113
"115",2010,11,6.45,102,6.93606557377049,5.72682926829268,6.07692307692308,6.525,6.42162162162162,61,41,13,28,74,5539,3718,1821,418,1802,3737,6.53964183607149,6.83406401291017,5.93850968149369,5.89090909090909,6.45061764705882,6.58256974310945,114
"116",2010,12,6.44108910891089,101,6.80625,5.80945945945946,5.11,6.29565217391304,6.48397435897436,64,37,10,23,78,5640,3782,1858,428,1825,3815,6.53787697340426,6.8335933368588,5.93593979009688,5.87266355140187,6.44866465753425,6.58055390039318,115
"117",2011,1,6.53587155963303,109,6.82166666666667,5.97972972972973,6.29166666666667,6.15625,6.69363636363636,72,37,6,32,77,5749,3854,1895,434,1857,3892,6.53783895112194,6.83337052413077,5.93679479155673,5.87845622119816,6.44362574044157,6.58279114337102,116
"118",2011,2,6.23950617283951,81,6.72564102564103,5.78809523809524,5.59090909090909,6.16666666666667,6.265,39,42,11,21,60,5830,3893,1937,445,1878,3952,6.53369401886793,6.83229129206268,5.93357053691276,5.87134831460674,6.44052875399361,6.57796637904858,117
"119",2011,3,6.48821782178218,101,6.90672131147541,5.85,5.82142857142857,6.07391304347826,6.61038461538462,61,40,14,23,78,5931,3954,1977,459,1901,4030,6.53291959703254,6.83343955488113,5.93187968133536,5.869825708061,6.43609310889006,6.57859382878412,118
"120",2011,4,6.46736111111111,72,6.975,5.75666666666667,5,6.11785714285714,6.55172413793103,42,30,9,14,58,6003,3996,2007,468,1915,4088,6.53213328835582,6.83492742742743,5.9292606527155,5.85309829059829,6.43376657963447,6.57821260518591,119
"121",2011,5,6.35138888888889,72,6.76511627906977,5.73793103448276,6.16666666666667,6.11764705882353,6.42363636363636,43,29,9,17,55,6075,4039,2036,477,1932,4143,6.52999113251029,6.83418420401089,5.92653542730845,5.85901467505241,6.43098498964803,6.57616054308472,120
"122",2011,6,6.51842105263158,76,6.77142857142857,6.05925925925926,7.15,6.45789473684211,6.53859649122807,49,27,4,19,57,6151,4088,2063,481,1951,4200,6.52984817590636,6.8334319960861,5.92827248182259,5.86975051975052,6.43124705279344,6.5756507452381,121
"123",2011,7,6.32529411764706,85,6.57019230769231,5.93939393939394,5.95,6.29333333333333,6.33214285714286,52,33,10,15,70,6236,4140,2096,491,1966,4270,6.52705999518923,6.83012560386473,5.92844758110687,5.8713849287169,6.43019481180061,6.57165881264637,122
"124",2011,8,6.48089887640449,89,6.76984126984127,5.78076923076923,6.1875,6.375,6.51159420289855,63,26,8,20,69,6325,4203,2122,499,1986,4339,6.52641045533597,6.82922198429693,5.92663813854854,5.87645290581162,6.42963897280967,6.57070364830606,123
"125",2011,9,6.49466666666667,75,6.81086956521739,5.99310344827586,6.35,6.10952380952381,6.64444444444444,46,29,10,21,54,6400,4249,2151,509,2007,4393,6.5260384578125,6.82902329959991,5.92753423059043,5.88575638506876,6.42628948679621,6.57161009105395,124
"126",2011,10,6.40383561643836,73,6.68863636363636,5.97172413793103,6.375,6.07142857142857,6.48271186440678,44,29,8,14,59,6473,4293,2180,517,2021,4452,6.52466030125135,6.8275844397857,5.92812207798165,5.89332688588008,6.4238312716477,6.57043196990117,125
"127",2011,11,6.36767676767677,99,6.78833333333333,5.72051282051282,5.125,6.146875,6.47313432835821,60,39,12,32,67,6572,4353,2219,529,2053,4519,6.52229551582471,6.82704341833218,5.92447324470483,5.87589792060491,6.41951436921578,6.56898940694844,126
"128",2011,12,6.32473684210526,95,6.73888888888889,5.509375,5.75,6.33214285714286,6.32164179104478,63,32,10,28,67,6667,4416,2251,539,2081,4586,6.51948044547773,6.82578577898551,5.91857224788983,5.87356215213358,6.41833877943297,6.56537573702573,127
"129",2012,1,6.69098360655738,122,6.940625,5.76923076923077,5.96666666666667,6.66666666666667,6.69439252336449,96,26,9,15,107,6789,4512,2277,548,2096,4693,6.52256239946973,6.82822916666667,5.91686698726395,5.87509124087591,6.4201159351145,6.56831730875772,128
"130",2012,2,6.47989690721649,97,6.95078125,5.56666666666667,5.55555555555556,6.66666666666667,6.41849315068493,64,33,9,24,73,6886,4576,2310,557,2120,4766,6.52196138977636,6.82994318181818,5.91186412554113,5.86992818671454,6.4229070754717,6.56602247796895,129
"131",2012,3,6.59681818181818,88,6.91758620689655,5.97666666666667,5.66666666666667,6.265,6.69441176470588,58,30,12,20,68,6974,4634,2340,569,2140,4834,6.52290595497563,6.83104013810962,5.91269492735043,5.86564147627417,6.42143130841122,6.56782853330575,130
"132",2012,4,6.60210526315789,95,6.9241935483871,5.9969696969697,5.9,6.8,6.565,62,33,5,15,80,7069,4696,2373,574,2155,4914,6.523970311218,6.83227001703577,5.91386689001264,5.86594076655052,6.42406635730859,6.56778248473748,131
"133",2012,5,6.47638888888889,72,6.67954545454545,6.15714285714286,5.91666666666667,6.96,6.34912280701754,44,28,6,15,57,7141,4740,2401,580,2170,4971,6.5234905657471,6.8308523206751,5.9167039275302,5.86646551724138,6.42777096774194,6.56527522228928,132
"134",2012,6,6.82151898734177,79,7.02542372881356,6.22,6.3,6.93888888888889,6.78688524590164,59,20,5,18,61,7220,4799,2421,585,2188,5032,6.52675154155125,6.83324442592207,5.91920947129286,5.87017094017094,6.43197577696527,6.56796167130365,133
"135",2012,7,6.50272727272727,77,6.89584905660377,5.63458333333333,5.45555555555556,6.36666666666667,6.55375,53,24,9,21,56,7297,4852,2445,594,2209,5088,6.52649803069755,6.83392827699917,5.91641559509203,5.86388888888889,6.43135491172476,6.56780525353773,134
"136",2012,8,6.75396825396825,63,7.26463414634146,5.80227272727273,5.675,7.44444444444444,6.63888888888889,41,22,8,9,54,7360,4893,2467,602,2218,5142,6.5284451263587,6.83753729818107,5.91539770166194,5.86137873754153,6.4354657348963,6.56855175612602,135
"137",2012,9,6.30696202531646,79,6.73510638297872,5.678125,6.01428571428571,6.05714285714286,6.39741379310345,47,32,7,21,58,7439,4940,2499,609,2239,5200,6.52609304073128,6.83656275303644,5.9123593957583,5.86313628899836,6.4319173738276,6.56664290961538,136
"138",2012,10,6.60833333333333,72,7.07555555555556,5.82962962962963,5.5,6.5,6.63220338983051,45,27,9,13,59,7511,4985,2526,618,2252,5259,6.52688139129277,6.83872016048144,5.91147511084719,5.85784789644013,6.43231039076377,6.56737842365469,137
"139",2012,11,6.51714285714286,105,6.77142857142857,5.81785714285714,5.8,6.27619047619048,6.57738095238095,77,28,10,21,84,7616,5062,2554,628,2273,5343,6.52674712841387,6.83769656262347,5.91044875880971,5.85692675159236,6.4308680158381,6.5675356784578,138
"140",2012,12,6.43464912280702,114,6.67378048780488,5.821875,5.94444444444444,6.74166666666667,6.35277777777778,82,32,9,24,90,7730,5144,2586,637,2297,5433,6.52538889133247,6.83508359253499,5.90935271848415,5.85816326530612,6.43411536787114,6.5639781207436,139
"141",2013,1,6.60263157894737,133,6.81781609195402,6.19565217391304,6.16666666666667,6.69285714285714,6.57857142857143,87,46,15,28,105,7863,5231,2632,652,2325,5538,6.52669542541015,6.83479640604091,5.91435643237082,5.86526073619632,6.43723139784946,6.56425480859516,140
"142",2013,2,6.60894736842105,95,6.91851851851852,6.20121951219512,5.49375,6.00263157894737,6.76052631578947,54,41,8,19,76,7958,5285,2673,660,2344,5614,6.52767732219151,6.8356518448439,5.91875650205761,5.86075757575757,6.43370861774744,6.56691185073032,141
"143",2013,3,6.60618556701031,97,6.94126984126984,5.98529411764706,5.3,6.45555555555556,6.64050632911392,63,34,10,18,79,8055,5348,2707,670,2362,5693,6.52862273494724,6.83689603590127,5.9195922164758,5.85238805970149,6.43387510584251,6.56793309854207,142
"144",2013,4,6.73563218390805,87,7.0448275862069,6.11724137931034,6.35,6.5,6.7887323943662,58,29,10,16,71,8142,5406,2736,680,2378,5764,6.53083470031934,6.83912689604144,5.92168718201754,5.85970588235294,6.43432001682086,6.57065286780014,143
"145",2013,5,6.73307692307692,91,6.92142857142857,6.30928571428571,6.6,6.90055555555556,6.69178082191781,63,28,5,18,73,8233,5469,2764,685,2396,5837,6.53307009959918,6.84007496800146,5.92561365050651,5.86510948905109,6.43782262103506,6.57216774541717,144
"146",2013,6,6.60919540229885,87,6.9948275862069,5.83793103448276,5.70909090909091,6.025,6.78358208955224,58,29,11,20,67,8320,5527,2793,696,2416,5904,6.53386612139423,6.84169893251312,5.92470323308271,5.86264367816092,6.43440521523179,6.57456692581301,145
"147",2013,7,6.49351851851852,108,6.965625,5.80681818181818,5.81818181818182,6.42380952380952,6.51034482758621,64,44,11,21,87,8428,5591,2837,707,2437,5991,6.53334908993831,6.84311751028439,5.92287491364117,5.86195190947666,6.43431391054575,6.57363430645969,146
"148",2013,8,6.53697916666667,96,6.67777777777778,6.26818181818182,6.27777777777778,6.46153846153846,6.54879518072289,63,33,9,13,83,8524,5654,2870,716,2450,6074,6.53338997301737,6.84127520339583,5.92684534146341,5.86717877094972,6.43445836734694,6.57329488475469,147
"149",2013,9,6.52688172043011,93,6.69032258064516,6.2,6.33333333333333,6.36111111111111,6.56666666666667,62,31,3,18,75,8617,5716,2901,719,2468,6149,6.53331973192527,6.83963785864241,5.92976426404688,5.86912378303199,6.4339234197731,6.57321403968125,148
"150",2013,10,6.549,100,6.81893939393939,6.025,5.83333333333333,6.66458333333333,6.5125,66,34,6,24,76,8717,5782,2935,725,2492,6225,6.53349961339911,6.83940159114493,5.93086750596252,5.86882758620689,6.4361448635634,6.57247279196787,149
"151",2013,11,6.73590909090909,110,6.9,6.45975609756098,5.92857142857143,7.26111111111111,6.63315217391304,69,41,7,18,92,8827,5851,2976,732,2510,6317,6.53602199274952,6.84011621944967,5.93815394153226,5.86939890710382,6.4420609561753,6.57335651891721,150
"152",2013,12,6.51166666666667,120,6.8675,5.8,6.27272727272727,6.18181818181818,6.58571428571429,80,40,11,22,98,8947,5931,3016,743,2532,6415,6.535695331396,6.84048558421851,5.93632166114058,5.87537012113055,6.43979976303318,6.57354530475448,151
"153",2014,1,6.61437125748503,167,6.80975609756098,6.06818181818182,6.13636363636364,6.48387096774194,6.64411764705882,123,44,11,31,136,9114,6054,3060,754,2563,6551,6.53713694645601,6.83986124876115,5.93821768954248,5.87917771883289,6.44033281310964,6.57501039993894,152
"154",2014,2,6.57,130,6.89193548387097,5.76081081081081,5.38888888888889,6.32608695652174,6.62242990654206,93,37,9,23,107,9244,6147,3097,763,2586,6658,6.53759910536565,6.84064909712055,5.93609820148531,5.87339449541284,6.43931670533643,6.57577247371583,153
"155",2014,3,6.47378640776699,103,6.70149253731343,6.05,6.35,6.44444444444444,6.48,67,36,10,18,85,9347,6214,3133,773,2604,6743,6.5368959163368,6.83914869649179,5.93740699968082,5.87956015523932,6.43935215053763,6.57456519798309,154
"156",2014,4,6.71734693877551,98,7.01538461538462,6.13030303030303,6.5,5.99411764705882,6.86913580246914,65,33,4,17,81,9445,6279,3166,777,2621,6824,6.53876825092642,6.84097308488613,5.93941760265319,5.88275418275418,6.4364643265929,6.57806171307151,155
"157",2014,5,6.63010204081633,98,6.93840579710145,5.89655172413793,5.3125,6.47222222222222,6.665625,69,29,8,18,80,9543,6348,3195,785,2639,6904,6.53970618568585,6.84203213610586,5.9390285226917,5.87694267515923,6.43670822281167,6.5790763513905,156
"158",2014,6,6.63763440860215,93,6.83114754098361,6.26875,5.8,6.48684210526316,6.67635135135135,61,32,6,19,74,9636,6409,3227,791,2658,6978,6.54065132108759,6.84192853799345,5.9422981499845,5.87635903919089,6.43706659142212,6.58010792920608,157
"159",2014,7,6.57205882352941,102,6.9,6.08414634146341,6.25,6.41666666666667,6.59277777777778,61,41,9,12,90,9738,6470,3268,800,2670,7068,6.54098029677552,6.84247604327666,5.94407776315789,5.8805625,6.43697490636704,6.58026926004528,158
"160",2014,8,6.60042735042735,117,6.85625,6.19111111111111,6.22,6.52352941176471,6.6135,72,45,10,17,100,9855,6542,3313,810,2687,7168,6.5416860608828,6.84262763680832,5.94743318140658,5.88475308641975,6.4375225158169,6.58073285853795,159
"161",2014,9,6.28550724637681,69,6.71111111111111,5.4875,5.64,5.96153846153846,6.36071428571429,45,24,5,13,56,9924,6587,3337,815,2700,7224,6.53990489016526,6.84172916350387,5.94412530116871,5.88325153374233,6.43523074074074,6.57902728820598,160
"162",2014,10,6.31666666666667,114,6.64571428571429,5.79318181818182,6.06875,6.444,6.28089887640449,70,44,16,25,89,10038,6657,3381,831,2725,7313,6.53736960848775,6.83966801862701,5.94216093759243,5.88682310469314,6.43531119266055,6.5753990332285,161
"163",2014,11,6.60643564356436,101,7.1008064516129,5.82051282051282,5.73333333333333,6.753125,6.57882352941176,62,39,9,16,85,10139,6719,3420,840,2741,7398,6.53805761219055,6.84207769013246,5.94077372222222,5.88517857142857,6.43716636264137,6.5754383792917,162
"164",2014,12,6.76016260162602,123,7.00340909090909,6.14857142857143,5.875,6.60416666666667,6.7979797979798,88,35,12,24,99,10262,6807,3455,852,2765,7497,6.5407197554083,6.84416336124578,5.94287876410998,5.8850352112676,6.43861591320072,6.57837710150727,163
"165",2015,1,6.67960674157303,178,6.96865079365079,5.97923076923077,5.33125,6.628,6.68803921568627,126,52,16,25,153,10440,6933,3507,868,2790,7650,6.54308775191571,6.84642578970143,5.94341777302538,5.87482718894009,6.44031290322581,6.58057034379085,164
"166",2015,2,6.44923664122137,131,6.90064102564103,5.78490566037736,5.89375,6.26315789473684,6.48080357142857,78,53,16,19,112,10571,7011,3560,884,2809,7762,6.54192471194779,6.84702895450007,5.94105790168539,5.87516968325792,6.43911463154147,6.57913078201494,165
"167",2015,3,6.53940677966102,118,6.9,5.86219512195122,5.79166666666667,5.94761904761905,6.66752577319588,77,41,12,21,97,10689,7088,3601,896,2830,7859,6.54189691552063,6.84760440180587,5.94015999166898,5.87405133928571,6.43546749116608,6.58022180048352,166
"168",2015,4,6.28424528301887,106,6.5375,5.95391304347826,5.82857142857143,6.22058823529412,6.29640449438202,60,46,14,17,89,10795,7148,3647,910,2847,7948,6.53936694117647,6.84500139899273,5.94033346037839,5.87335164835165,6.43418440463646,6.5770436751384,167
"169",2015,5,6.54111111111111,90,6.77377049180328,6.05172413793103,6.07142857142857,6.53333333333333,6.54266666666667,61,29,7,15,75,10885,7209,3676,917,2862,8023,6.53938136242536,6.84439866833125,5.94121222252448,5.87486368593239,6.43470405310971,6.57672231459554,168
"170",2015,6,6.15842696629213,89,6.36739130434783,5.93488372093023,5.45454545454545,5.67647058823529,6.27222222222222,46,43,11,17,72,10974,7255,3719,928,2879,8095,6.53629179241845,6.84137422467264,5.94113905082011,5.86988146551724,6.43022681486627,6.57401397529339,169
"171",2015,7,6.60833333333333,114,6.920625,5.87352941176471,5.78571428571429,6.87,6.55265957446808,80,34,7,20,94,11088,7335,3753,935,2899,8189,6.53703247925686,6.84223858214042,5.94052654676259,5.86925133689839,6.43326077957917,6.57376885211869,170
"172",2015,8,6.48893129770992,131,6.884,5.95982142857143,5.71190476190476,6.28333333333333,6.53504672897196,75,56,21,24,107,11219,7410,3809,956,2923,8296,6.53647082003744,6.84266126855601,5.94081022053032,5.8657949790795,6.43202976394116,6.57326942261331,171
"173",2015,9,6.41077586206897,116,6.81180555555556,5.75454545454545,5.97777777777778,6.08421052631579,6.47474226804124,72,44,9,19,97,11335,7482,3853,965,2942,8393,6.53518448434054,6.84236434108527,5.93868313781469,5.86683937823834,6.42978348062543,6.57213071964732,172
"174",2015,10,6.47605042016807,119,6.59666666666667,6.27045454545455,6.3,6.53571428571429,6.46809523809524,75,44,13,14,105,11454,7557,3897,978,2956,8498,6.53457011786276,6.83992589651978,5.94242908134462,5.87259713701431,6.4302851826793,6.57084527300541,173
"175",2015,11,6.54436507936508,126,6.83410256410256,6.07354166666667,5.96428571428571,6.65625,6.52809090909091,78,48,14,16,110,11580,7635,3945,992,2972,8608,6.53467669516408,6.83986640471513,5.94402436755386,5.87389112903226,6.43150168236878,6.57029892309479,174
"176",2015,12,6.35243055555556,144,6.53714285714286,5.8551282051282,5.43333333333333,6.2515625,6.38125,105,39,9,32,112,11724,7740,3984,1001,3004,8720,6.53243825742068,6.83575968992248,5.94315414909638,5.86993006993007,6.42958488681758,6.56787077178899,175
"177",2016,1,6.42162162162162,185,6.69754098360656,5.88730158730159,5.9375,6.6551724137931,6.37820512820513,122,63,16,29,156,11909,7862,4047,1017,3033,8876,6.53071677974641,6.83361485627067,5.94228468742278,5.87099311701081,6.43174183976261,6.56453730621902,176
"178",2016,2,6.64454545454545,110,6.86103896103896,6.13939393939394,6.03,7.23888888888889,6.52826086956522,77,33,10,18,92,12019,7939,4080,1027,3051,8968,6.53175855978035,6.8338808414158,5.94387895343137,5.87254138266796,6.43650376925598,6.56416515722569,177
"179",2016,3,6.40892857142857,112,6.7578125,5.94375,5.71428571428571,6.70526315789474,6.34838709677419,64,48,7,19,93,12131,8003,4128,1034,3070,9061,6.53062452641992,6.83327252280395,5.94387745397287,5.87147001934236,6.4381671009772,6.56195046131773,178
"180",2016,4,6.47518248175182,137,6.82345679012346,5.97142857142857,5.59090909090909,6.65,6.43423423423423,81,56,11,26,111,12268,8084,4184,1045,3096,9172,6.53000539044669,6.83317417120238,5.94424620697897,5.86851674641148,6.43994605943153,6.56040483318796,179
"181",2016,5,6.90674074074074,135,7.15739583333333,6.28974358974359,6.55,6.985,6.89313043478261,96,39,10,20,115,12403,8180,4223,1055,3116,9287,6.53410595259212,6.83697921760391,5.94743692398769,5.87497630331753,6.4434444801027,6.56452494131582,180
"182",2016,6,6.7109022556391,133,7.20182926829268,5.92156862745098,5.3,6.77272727272727,6.69864864864865,82,51,10,22,111,12536,8262,4274,1065,3138,9398,6.53598166320996,6.84060033890099,5.94712824754328,5.86957746478873,6.44575302740599,6.5661090795914,181
"183",2016,7,6.61013245033113,151,6.90882352941177,5.98836734693878,5.53333333333333,6.54,6.62404761904762,102,49,9,25,126,12687,8364,4323,1074,3163,9524,6.536864201939,6.84143232902917,5.94759568123988,5.86675977653631,6.44649794498894,6.56687559113818,182
"184",2016,8,6.45974025974026,154,6.88252427184466,5.60588235294118,5.8,6.688,6.41550387596899,103,51,9,25,129,12841,8467,4374,1083,3188,9653,6.53593926719103,6.84193220739341,5.94361136945587,5.86620498614958,6.44839178168131,6.56485270175075,183
"185",2016,9,6.60522388059701,134,6.93579545454545,5.97282608695652,5.71428571428571,6.70652173913043,6.58423423423423,88,46,7,23,111,12975,8555,4420,1090,3211,9764,6.53665480770713,6.84289772063121,5.94391541402715,5.86522935779816,6.45024073497353,6.5650730366653,184
"186",2016,10,6.29448818897638,127,6.6961038961039,5.676,5.13333333333333,6.15333333333333,6.33814432989691,77,50,9,30,97,13102,8632,4470,1099,3241,9861,6.5343074439017,6.84158827618165,5.94091859731544,5.85923566878981,6.44749244060475,6.56284080012169,185
"187",2016,11,6.48135220125786,159,6.61434579439252,6.20769230769231,6.80714285714286,6.8875,6.40914814814815,107,52,14,24,135,13261,8739,4522,1113,3265,9996,6.53367250810648,6.83880592745165,5.94398631800088,5.87115902964959,6.45072679938744,6.56076511904762,186
"188",2016,12,6.49489436619718,142,6.78575,5.80238095238095,5.93846153846154,6.38375,6.51311475409836,100,42,13,20,122,13403,8839,4564,1126,3285,10118,6.53326166753712,6.83820567937549,5.94268320113935,5.87193605683836,6.45031902587519,6.56019056434078,187
"189",2017,1,6.65046632124352,193,6.9450406504065,6.13285714285714,5.53846153846154,6.42777777777778,6.67337142857143,123,70,13,18,175,13596,8962,4634,1139,3303,10293,6.53492542880259,6.83967194822584,5.94555591929219,5.86812993854258,6.4501961852861,6.56211484795492,188
"190",2017,2,6.48522727272727,132,6.71329787234043,5.92105263157895,5.91666666666667,6.45,6.49151785714286,94,38,12,20,112,13728,9056,4672,1151,3323,10405,6.53444756191725,6.83836020318021,5.9453566202911,5.86863596872285,6.45019500451399,6.56135493801057,189
"191",2017,3,6.71046875,128,7.09928571428571,5.96818181818182,5.99090909090909,6.77272727272727,6.70461538461538,84,44,11,11,117,13856,9140,4716,1162,3334,10522,6.53607362370093,6.84075820568928,5.94556957803223,5.86979345955249,6.45125914817037,6.56294793100171,190
"192",2017,4,6.46456692913386,127,6.72441860465116,5.91951219512195,5.88571428571429,6.44285714285714,6.46725663716814,86,41,7,14,113,13983,9226,4757,1169,3348,10635,6.53542416720304,6.83967374810319,5.94534499264242,5.86988879384089,6.45122401433692,6.56193118288669,191
"193",2017,5,6.44858267716535,127,6.67159090909091,5.94538461538462,5.57142857142857,6.295,6.47728971962617,88,39,7,20,107,14110,9314,4796,1176,3368,10742,6.53464253224664,6.83808567747477,5.9453453148457,5.86811224489796,6.45029631828979,6.56108807763917,192
"194",2017,6,6.56346774193548,124,6.8558024691358,6.01279069767442,6.03571428571429,6.21875,6.61453703703704,81,43,7,16,108,14234,9395,4839,1183,3384,10850,6.53489364409161,6.83823842469399,5.94594464352139,5.86910397295012,6.44920153664303,6.56162010414747,193
"195",2017,7,6.33537037037037,108,6.75802816901408,5.52432432432432,5.93333333333333,5.39473684210526,6.5361797752809,71,37,9,19,89,14342,9466,4876,1192,3403,10939,6.53339116789848,6.83763680540883,5.94274530968007,5.86958892617449,6.44331413458713,6.56141312094341,194
"196",2017,8,6.30719696969697,132,6.742,5.73508771929825,5.27777777777778,6.44117647058824,6.28739130434783,75,57,9,17,115,14474,9541,4933,1201,3420,11054,6.53132832181844,6.83688502253433,5.94034586053112,5.86515403830141,6.44330350877193,6.55856234213859,195
"197",2017,9,6.47280701754386,114,6.65625,6.04117647058824,5.83333333333333,6.66875,6.44081632653061,80,34,6,16,98,14588,9621,4967,1207,3436,11152,6.53087099876611,6.83538301631847,5.94103606402255,5.86499585749793,6.44435331781141,6.55752763002152,196
"198",2017,10,6.65978873239437,142,6.935,6.12083333333333,6.125,6.9521052631579,6.61463414634146,94,48,12,19,123,14730,9715,5015,1219,3455,11275,6.53211379022404,6.83634688625837,5.9427569551346,5.86755537325677,6.44714558610709,6.55815061019956,197
"199",2017,11,6.68371681415929,113,7.09168831168831,5.81111111111111,6.28571428571429,6.71875,6.6779381443299,77,36,7,16,97,14843,9792,5051,1226,3471,11372,6.53326794650677,6.83835477941177,5.9418186755098,5.86994290375204,6.44839757994814,6.55917236457967,198
"200",2017,12,6.7828,125,6.988875,6.41644444444444,6.4,6.9,6.77260869565217,80,45,13,10,115,14968,9872,5096,1239,3481,11487,6.53535182589525,6.83957455429498,5.94600983712716,5.87550443906376,6.44969491525424,6.56130914337947,199
"201",2018,1,6.46193181818182,176,6.64957983193277,6.07017543859649,6.29166666666667,6.71818181818182,6.42532467532468,119,57,12,22,154,15144,9991,5153,1251,3503,11641,6.53449855586371,6.83731158042238,5.94738329710848,5.8794964028777,6.45138110191265,6.55951019070527,200
"202",2018,2,6.53237288135593,118,6.88879518072289,5.68714285714286,5.64285714285714,6.89285714285714,6.48384615384615,83,35,7,14,104,15262,10074,5188,1258,3517,11745,6.53448212095401,6.83773575540997,5.94562762721665,5.87817965023847,6.45313847028718,6.55884019838229,201
"203",2018,3,6.58461538461538,117,6.91643835616438,6.03409090909091,5.25,6.63333333333333,6.57745098039216,73,44,8,15,102,15379,10147,5232,1266,3532,11847,6.53486352363613,6.83830196117079,5.94637158448012,5.87421011058451,6.45390373725934,6.55900043302102,202
"204",2018,4,6.54516129032258,124,6.76315789473684,6.2,5.94,6.58260869565217,6.53663366336634,76,48,10,23,101,15503,10223,5280,1276,3555,11948,6.53494588982778,6.83774332387753,5.94867729734848,5.87472570532915,6.45473642756681,6.55881136006026,203
"205",2018,5,6.52333329787234,94,6.88688524590164,5.85131303030303,5.40871769230769,6.45833333333333,6.53284548780488,61,33,13,12,82,15597,10284,5313,1289,3567,12030,6.53487590305828,6.83803481135745,5.9480725503482,5.87002585725368,6.45474852817494,6.55863436907731,204
"206",2018,6,6.70053571428571,112,7.14914634146341,5.47433333333333,6.05,6.70588235294118,6.69957894736842,82,30,10,17,95,15709,10366,5343,1299,3584,12125,6.53605700299192,6.84049585182327,5.94541258843346,5.87141133949191,6.45593973214286,6.5597386771134,205
"207",2018,7,6.63222222222222,90,6.90333333333333,6.09,5.92857142857143,6.90909090909091,6.59367088607595,60,30,7,11,79,15799,10426,5373,1306,3595,12204,6.53660481422875,6.84085747170535,5.94621988833054,5.87171771056661,6.45732628650904,6.55995833005572,206
"208",2018,8,6.60384615384615,104,6.82753623188406,6.16285714285714,6.125,6.68571428571429,6.5979381443299,69,35,12,7,97,15903,10495,5408,1318,3602,12301,6.53704454882727,6.84076989042401,5.94762194156805,5.87402377086494,6.45777012770683,6.56025782131534,207
"209",2018,9,6.56692307692308,104,6.86092307692308,6.07692307692308,6.54545454545455,6.28947368421053,6.62894117647059,65,39,11,19,85,16007,10560,5447,1329,3621,12386,6.53723867432998,6.84089393939394,5.94854772535341,5.87958113619262,6.45688704777686,6.56072916680123,208
"210",2018,10,6.52405660377358,106,6.81351351351351,5.8546875,5.34375,6.77692307692308,6.48870967741935,74,32,8,13,93,16113,10634,5479,1337,3634,12479,6.53715195556383,6.84070340417529,5.94799953641175,5.87637496634255,6.45803192074849,6.56019244009937,209
"211",2018,11,6.67982142857143,112,6.91583333333333,6.255,6.14285714285714,5.99090909090909,6.75485148514851,72,40,7,11,101,16225,10706,5519,1344,3645,12580,6.53813679260401,6.84120866803662,5.95022458053995,5.87776289434523,6.45662222222222,6.56175528298887,210
"212",2018,12,6.47747747747748,111,6.82313432835821,5.95113636363636,5.5,6.546875,6.46578947368421,67,44,7,16,95,16336,10773,5563,1351,3661,12675,6.537724624143,6.84109625916644,5.95023179219845,5.87580557364914,6.45701666211418,6.56103601262327,211
"213",2019,1,6.60615942028986,138,6.93850574712644,6.03921568627451,5.72222222222222,6.73684210526316,6.58529411764706,87,51,9,19,119,16474,10860,5614,1360,3680,12794,6.53829789122254,6.84187661141805,5.9510401603135,5.87478921323529,6.45846141304348,6.56126164295764,212
"214",2019,2,6.59810526315789,95,6.7372602739726,6.13636363636364,5.3,6.8475,6.56204819277108,73,22,5,12,83,16569,10933,5636,1365,3692,12877,6.53864080270385,6.84117808469771,5.95176356635912,5.87268375824176,6.45972589382449,6.56126671274365,213
"215",2019,3,6.31032608695652,92,6.65508474576271,5.69393939393939,5.77142857142857,6.40769230769231,6.29430379746835,59,33,7,13,79,16661,10992,5669,1372,3705,12956,6.53738007682612,6.84017922125182,5.95026273769624,5.87216715014577,6.45954331983806,6.55963889008953,214
"216",2019,4,6.44217948717949,78,6.64051724137931,5.867,5.44857142857143,6.40882352941177,6.45147540983607,58,20,7,17,61,16739,11050,5689,1379,3722,13017,6.53693646334907,6.83913122171946,5.94997002285111,5.87001691805656,6.45931166039764,6.55913201659368,215
"217",2019,5,6.56,70,6.66046511627907,6.4,6,6.67777777777778,6.54262295081967,43,27,5,9,61,16809,11093,5716,1384,3731,13078,6.5370325099649,6.83843865500766,5.95209577676697,5.8704865101156,6.45983864915572,6.55905501299893,216
"218",2019,6,6.73418367346939,98,7.00703125,6.22058823529412,5.91666666666667,6.63529411764706,6.75493827160494,64,34,6,17,81,16907,11157,5750,1390,3748,13159,6.53817528006152,6.83940575423501,5.95368338434782,5.87068584892086,6.46063447171825,6.5602607690554,217
"219",2019,7,6.48604651162791,86,6.83833333333333,5.67307692307692,6.13333333333333,6.63333333333333,6.46216216216216,60,26,6,12,74,16993,11217,5776,1396,3760,13233,6.53791146118991,6.83940001783008,5.9524202666205,5.87181470630372,6.46118563829787,6.55971219375803,218
"220",2019,8,6.38410256410256,117,6.79083333333333,5.73333333333333,5.29166666666667,6.82142857142857,6.32466019417476,72,45,12,14,103,17110,11289,5821,1408,3774,13336,6.53685969959089,6.8390902648596,5.95072658649716,5.86687026278409,6.46252199258082,6.55789678014397,219
"221",2019,9,6.40192771084337,83,6.7032,5.94545454545455,6.83333333333333,6.64,6.36931506849315,50,33,6,10,73,17193,11339,5854,1414,3784,13409,6.53620830919561,6.83849104859335,5.95069686709942,5.87097123762376,6.46299101479916,6.55687012156015,220
"222",2019,10,6.72020618556701,97,6.88535211267606,6.26923076923077,6.5,6.295,6.75842696629214,71,26,2,8,89,17290,11410,5880,1416,3792,13498,6.53724057027184,6.83878264680105,5.95210535034013,5.87185969632768,6.46263660337553,6.5581991006075,221
"223",2019,11,6.5984912244898,98,6.94447841269841,5.97571428571429,5.36363636363636,6.175,6.70707871794872,63,35,11,20,78,17388,11473,5915,1427,3812,13576,6.53758578329883,6.83936303843807,5.95224504818259,5.867942067274,6.46112749213012,6.55905447849146,222
"224",2019,12,6.4990125,100,6.73945422535211,5.91034482758621,4.9,5.5,6.56277925531915,71,29,5,6,94,17488,11544,5944,1432,3818,13670,6.53736521328912,6.83874856115731,5.95204062247645,5.86456238128491,6.45961707700367,6.55908009144111,223
"225",2020,1,6.60470588235294,153,6.95257142857143,5.84375,5.21428571428571,6.625,6.60093023255814,105,48,14,24,129,17641,11649,5992,1446,3842,13799,6.53794925741172,6.83977452055971,5.95117314085447,5.85826647994467,6.46065018219677,6.55947132763244,224
"226",2020,2,6.41623211009174,109,6.75298014492754,5.83534175,5.410667,6.251,6.43292222222222,69,40,10,10,99,17750,11718,6032,1456,3852,13898,6.53720181126761,6.83926344256699,5.95040502818302,5.8551923076923,6.46010591900312,6.55856987696071,225
"227",2020,3,6.34301,100,6.63064516129032,5.87371052631579,5.71428571428571,6.27272727272727,6.35169662921348,62,38,7,11,89,17850,11780,6070,1463,3863,13987,6.53611390196079,6.8381654516129,5.94992489785832,5.85451811346548,6.45957235309345,6.557253531851,226
"228",2020,4,6.62674418604651,86,7.13083333333333,5.46346153846154,4.4,6.44444444444444,6.64805194805195,60,26,10,9,77,17936,11840,6096,1473,3872,14064,6.53654845840768,6.83964856587838,5.94785008694226,5.84464358452138,6.45953719008264,6.55775065059727,227
"229",2020,5,6.78975,80,6.96526315789474,6.35478260869565,6.282,6.96285714285714,6.77315068493151,57,23,5,7,73,18016,11897,6119,1478,3879,14137,6.53767279917851,6.84025040094142,5.94937965844092,5.84612313937753,6.46044547563805,6.55886292353399,228
"230",2020,6,6.32714285714286,70,6.59166666666667,5.75,4.9,6.28461538461538,6.33684210526316,48,22,5,13,57,18086,11945,6141,1483,3892,14194,6.5368579647241,6.83925148765174,5.94866538511643,5.84293324342548,6.45985817060637,6.5579713364802,229
"231",2020,7,6.56489194444444,72,6.88858581818182,5.51764705882353,5.7,6.36666666666667,6.61705649122807,55,17,4,15,57,18158,12000,6158,1487,3907,14251,6.53696912490363,6.83947760333333,5.94747550016239,5.84254875588433,6.45950038392629,6.55820766051505,230
"232",2020,8,6.74777777777778,90,6.87246376811594,6.33809523809524,6.5,7.4375,6.68048780487805,69,21,5,8,82,18248,12069,6179,1492,3915,14333,6.5380088431609,6.83966618941089,5.94880306360252,5.84475201072386,6.46149885057471,6.55890723295891,231
"233",2020,9,6.43194444444444,72,6.684,5.85909090909091,6.625,6.38181818181818,6.44098360655738,50,22,4,11,61,18320,12119,6201,1496,3926,14394,6.53759199617904,6.83902394917073,5.94848478148686,5.84683823529411,6.46127559857361,6.55840748714742,232
"234",2020,10,6.48024691358025,81,6.77203389830508,5.69772727272727,5.05,7.5,6.36849315068493,59,22,3,8,73,18401,12178,6223,1499,3934,14467,6.53733956687137,6.83869939563147,5.9475982853929,5.84524349566377,6.46338790035587,6.55744918573305,233
"235",2020,11,6.72587155963303,109,6.96382716049383,6.0375,6.39166666666667,6.48,6.75070707070707,81,28,6,10,99,18510,12259,6251,1505,3944,14566,6.53844977687737,6.83952616363488,5.9480009806431,5.84742192691029,6.46343002028398,6.55876269188521,234
"236",2020,12,6.66868421052632,95,6.96088709677419,6.11969696969697,6,7.42272727272727,6.56994047619048,62,33,9,11,84,18605,12321,6284,1514,3955,14650,6.53911477398549,6.84013685902119,5.94890263049013,5.84832892998679,6.46609810366625,6.55882678293515,235
"237",2021,1,6.42563682926829,123,6.74948144444444,5.54242424242424,5.14285714285714,6.23125,6.45470401869159,90,33,7,16,107,18728,12411,6317,1521,3971,14757,6.53836948419479,6.83947945935058,5.94677918790565,5.84508218277449,6.46515185091916,6.55807180998848,236
"238",2021,2,6.334541625,80,6.40344080645161,6.09722222222222,6,6.22222222222222,6.34877929577465,62,18,1,9,71,18808,12473,6335,1522,3980,14828,6.53750250053169,6.83731202597611,5.94720665035517,5.84518396846255,6.46460251256282,6.55706966752091,237
"239",2021,3,6.40234523809524,84,6.81272727272727,5.62403448275862,5.86566666666667,6.63308333333333,6.36388888888889,55,29,3,12,72,18892,12528,6364,1525,3992,14900,6.53690154721575,6.83720409482759,5.94573399277184,5.84522426229508,6.46510896793587,6.55613617651007,238
"240",2021,4,6.27745454545455,55,6.785,5.31578947368421,6,5.91666666666667,6.32163265306122,36,19,5,6,49,18947,12564,6383,1530,3998,14949,6.53614841558031,6.83705451289398,5.94385886417045,5.84573006535947,6.46428589294648,6.55536751822864,239
"241",2021,5,6.64993936708861,79,6.7990713559322,6.21,5.66666666666667,6.49230769230769,6.68098803030303,59,20,3,13,66,19026,12623,6403,1533,4011,15015,6.5366208998213,6.83687697932346,5.9446901655474,5.84537964774951,6.4643767140364,6.55591969630369,240
"242",2021,6,6.25273753623188,69,6.57641977777778,5.64583333333333,5.66666666666667,7.6,6.12442682539683,45,24,6,6,63,19095,12668,6427,1539,4017,15078,6.53559508405342,6.83595176823493,5.94357416057258,5.84468291098115,6.46607294000498,6.55411680129991,241
"243",2021,7,6.77039473684211,76,7.05,5.63333333333333,6,6.51111111111111,6.80522388059701,61,15,1,9,67,19171,12729,6442,1540,4026,15145,6.53652590527359,6.83697753162071,5.9428517742937,5.84478376623376,6.46617362146051,6.55522767448003,242
"244",2021,8,6.63091782608696,69,7.16212113636364,5.696,4.5,6.16666666666667,6.67513222222222,44,25,2,6,63,19240,12773,6467,1542,4032,15208,6.53686442099792,6.83809757535426,5.94189749961342,5.84303955901426,6.4657279265873,6.55572438584955,243
"245",2021,9,6.49776119402985,67,6.59326923076923,6.16666666666667,6,6.2,6.52177419354839,52,15,2,5,62,19307,12825,6482,1544,4037,15270,6.536728723261,6.83710489902534,5.94241763807467,5.84324287564766,6.46539881099827,6.55558653962017,244
"246",2021,10,6.28879120879121,91,6.85703703703704,5.45945945945946,5.16666666666667,5.875,6.35164556962025,54,37,6,12,79,19398,12879,6519,1550,4049,15349,6.53556559748428,6.83718847193105,5.93967650406504,5.84062387096774,6.46364904914794,6.55453687276044,245
"247",2021,11,6.34884615384615,78,6.70428571428571,5.74827586206897,6.5,5.66666666666667,6.47287878787879,49,29,4,12,66,19476,12928,6548,1554,4061,15415,6.53481779934278,6.83668474087253,5.93882882254123,5.8423211068211,6.46129401625216,6.55418725008109,246
"248",2021,12,6.25898305084746,118,6.89791044776119,5.41960784313726,4.83333333333333,5.11818181818182,6.37626168224299,67,51,6,11,107,19594,12995,6599,1560,4072,15522,6.53315665305706,6.83700041015776,5.93481605243219,5.83844038461538,6.45766576620825,6.55296073057596,247
"249",2022,1,6.44344960629921,127,6.86455542168675,5.64909090909091,5.43833333333333,7.29276470588235,6.31219181818182,83,44,12,17,110,19721,13078,6643,1572,4089,15632,6.53257895441408,6.83717528903502,5.93292354809574,5.83538613231552,6.46113768647591,6.55126647645855,248
"250",2022,2,6.81452679012346,81,7.09244053571429,6.192,6.35,6.45285714285714,6.84873878378378,56,25,4,7,74,19802,13134,6668,1576,4096,15706,6.53373226088274,6.83826367443277,5.9338948905219,5.83669225888324,6.46112353515625,6.5526680396027,249
"251",2022,3,6.62039473684211,76,6.87755102040816,6.1537037037037,4.5,6.68888888888889,6.61119402985075,49,27,2,9,67,19878,13183,6695,1578,4105,15773,6.53406359945669,6.8384097018888,5.93478134876774,5.83499809885931,6.46162289890378,6.55291664426552,250
"252",2022,4,6.43203125,64,6.53863636363636,6.1975,5,6.6,6.41779661016949,44,20,2,5,59,19942,13227,6715,1580,4110,15832,6.53373614632434,6.83741249716489,5.93556383172003,5.8339411392405,6.46179124087591,6.55241310194543,251
"253",2022,5,6.38798358024691,81,6.73083339285714,5.62,5.875,5.5,6.47198202702703,56,25,4,7,74,20023,13283,6740,1584,4117,15906,6.53314652649454,6.83696316871189,5.93439334272997,5.83404482323232,6.46015593879038,6.55203890984534,252
"254",2022,6,6.57458333333333,72,6.903125,5.9175,4.5,6.33333333333333,6.59651515151515,48,24,4,6,66,20095,13331,6764,1588,4123,15972,6.53329499377955,6.83720139299378,5.93433340183323,5.83068450881612,6.45997138006306,6.55222269596794,253
"255",2022,7,6.40606060606061,66,6.73846153846154,5.92592592592593,5.6,5.78571428571429,6.47966101694915,39,27,5,7,59,20161,13370,6791,1593,4130,16031,6.53287847329002,6.83691337097981,5.93429997496687,5.8299604519774,6.45882857142857,6.55195564219325,254
"256",2022,8,6.47303370786517,89,6.70983606557377,5.95714285714286,6.6,6.875,6.43333333333333,61,28,2,8,81,20250,13431,6819,1595,4138,16112,6.53261545185186,6.83633621993895,5.93439377181405,5.83092601880877,6.45963315611407,6.55135929121152,255
"257",2022,9,6.45097430769231,65,6.66251844444444,5.975,5.83333333333333,7.16666666666667,6.33595232142857,45,20,3,9,56,20315,13476,6839,1598,4147,16168,6.53235423234064,6.83575579548828,5.93451252083638,5.83093053817271,6.46116759102966,6.55061320076695,256
"258",2022,10,6.73736842105263,76,7.03642857142857,5.9,6,7.14285714285714,6.69623188405797,56,20,1,7,69,20391,13532,6859,1599,4154,16237,6.5331183478005,6.83658624741354,5.93441188657239,5.83103627267042,6.46231632161772,6.55123201515058,257
"259",2022,11,6.6724,90,6.7561,6.505,5,6.8,6.66489411764706,60,30,1,5,85,20481,13592,6889,1600,4159,16322,6.53373039548851,6.83623095203061,5.93689666569894,5.830516875,6.46272228901178,6.55182393272883,258
"260",2022,12,6.52319587628866,97,6.85390625,5.88181818181818,5.66666666666667,6.5,6.52647058823529,64,33,3,12,85,20578,13656,6922,1603,4171,16407,6.53368073816698,6.83631378881078,5.93663408407975,5.83021023081721,6.46282953728123,6.55169258426282,259
