"","year","month","avg_rating","no_ratings","avg_rating_owned","avg_rating_not_owned","avg_rating_prev_owned","avg_rating_comment","avg_rating_no_comment","no_ratings_owned","no_ratings_not_owned","no_ratings_prev_owned","no_ratings_comment","no_ratings_no_comment","cum_no_ratings","cum_no_ratings_owned","cum_no_ratings_not_owned","cum_no_ratings_prev_owned","cum_no_ratings_comment","cum_no_ratings_no_comment","cum_avg_rating","cum_avg_rating_owned","cum_avg_rating_not_owned","cum_avg_rating_prev_owned","cum_avg_rating_comment","cum_avg_rating_no_comment","month_after_release"
"1",2001,6,8.55555555555556,9,9,7,NA,10,8.375,7,2,0,1,8,9,7,2,0,1,8,8.55555555555556,9,7,NA,10,8.375,1
"2",2001,7,8.5,2,8.5,NA,NA,NA,8.5,2,0,0,0,2,11,9,2,0,1,10,8.54545454545454,8.88888888888889,7,NA,10,8.4,2
"3",2001,8,8.33333333333333,6,8.8,6,NA,7.5,8.75,5,1,0,2,4,17,14,3,0,3,14,8.47058823529412,8.85714285714286,6.66666666666667,NA,8.33333333333333,8.5,3
"4",2001,9,8.5,4,8.5,NA,NA,NA,8.5,4,0,0,0,4,21,18,3,0,3,18,8.47619047619048,8.77777777777778,6.66666666666667,NA,8.33333333333333,8.5,4
"5",2001,10,7.5,4,8,6,NA,NA,7.5,3,1,0,0,4,25,21,4,0,3,22,8.32,8.66666666666667,6.5,NA,8.33333333333333,8.31818181818182,5
"6",2001,11,8.25,4,9.33333333333333,5,NA,NA,8.25,3,1,0,0,4,29,24,5,0,3,26,8.31034482758621,8.75,6.2,NA,8.33333333333333,8.30769230769231,6
"7",2001,12,8.66666666666667,3,9,8.5,NA,NA,8.66666666666667,1,2,0,0,3,32,25,7,0,3,29,8.34375,8.76,6.85714285714286,NA,8.33333333333333,8.3448275862069,7
"8",2002,1,8.66666666666667,3,9,8,NA,NA,8.66666666666667,2,1,0,0,3,35,27,8,0,3,32,8.37142857142857,8.77777777777778,7,NA,8.33333333333333,8.375,8
"9",2002,2,7.6,5,7,8.5,8,7,8,3,2,1,2,3,40,30,10,1,5,35,8.275,8.6,7.3,8,7.8,8.34285714285714,9
"10",2002,3,8.2,5,8.2,NA,NA,NA,8.2,5,0,0,0,5,45,35,10,1,5,40,8.26666666666667,8.54285714285714,7.3,8,7.8,8.325,10
"11",2002,4,8,1,8,NA,NA,8,NA,1,0,0,1,0,46,36,10,1,6,40,8.26086956521739,8.52777777777778,7.3,8,7.83333333333333,8.325,11
"12",2002,5,7,3,7,NA,NA,7,7,3,0,0,2,1,49,39,10,1,8,41,8.18367346938776,8.41025641025641,7.3,8,7.625,8.29268292682927,12
"13",2002,6,8.4,5,8.4,NA,NA,8,8.66666666666667,5,0,0,2,3,54,44,10,1,10,44,8.2037037037037,8.40909090909091,7.3,8,7.7,8.31818181818182,13
"14",2002,7,7.95,10,8.4375,6,NA,8.8,7.1,8,2,0,5,5,64,52,12,1,15,49,8.1640625,8.41346153846154,7.08333333333333,8,8.06666666666667,8.19387755102041,14
"15",2002,8,7.9375,8,8.1,7.66666666666667,8,7,8.07142857142857,5,3,1,1,7,72,57,15,2,16,56,8.13888888888889,8.3859649122807,7.2,8,8,8.17857142857143,15
"16",2002,9,8.6,5,8.83333333333333,8.25,NA,8,9,3,2,0,2,3,77,60,17,2,18,59,8.16883116883117,8.40833333333333,7.32352941176471,8,8,8.22033898305085,16
"17",2002,10,8.25,4,8.25,NA,NA,8.5,8,4,0,0,2,2,81,64,17,2,20,61,8.17283950617284,8.3984375,7.32352941176471,8,8.05,8.21311475409836,17
"18",2002,11,5.77777777777778,9,8,4.66666666666667,NA,6,5.71428571428571,3,6,0,2,7,90,67,23,2,22,68,7.93333333333333,8.38059701492537,6.6304347826087,8,7.86363636363636,7.95588235294118,18
"19",2002,12,8,7,8.2,7.5,NA,8,8,5,2,0,2,5,97,72,25,2,24,73,7.93814432989691,8.36805555555556,6.7,8,7.875,7.95890410958904,19
"20",2003,1,8.75,4,8.75,NA,NA,9,8.66666666666667,4,0,0,1,3,101,76,25,2,25,76,7.97029702970297,8.38815789473684,6.7,8,7.92,7.98684210526316,20
"21",2003,2,8,1,8,NA,NA,NA,8,1,0,0,0,1,102,77,25,2,25,77,7.97058823529412,8.38311688311688,6.7,8,7.92,7.98701298701299,21
"22",2003,3,8.8,5,9,8.5,NA,9,8.5,3,2,0,3,2,107,80,27,2,28,79,8.00934579439252,8.40625,6.83333333333333,8,8.03571428571429,8,22
"23",2003,4,8,8,8.33333333333333,7,NA,9.33333333333333,7.2,6,2,0,3,5,115,86,29,2,31,84,8.00869565217391,8.40116279069767,6.8448275862069,8,8.16129032258065,7.95238095238095,23
"24",2003,5,7.66666666666667,9,7.58333333333333,7.83333333333333,NA,7,8.2,6,3,0,4,5,124,92,32,2,35,89,7.98387096774194,8.34782608695652,6.9375,8,8.02857142857143,7.96629213483146,24
"25",2003,6,7.75,12,8,7.25,NA,7.33333333333333,7.88888888888889,8,4,0,3,9,136,100,36,2,38,98,7.96323529411765,8.32,6.97222222222222,8,7.97368421052632,7.95918367346939,25
"26",2003,7,7.83333333333333,30,8.25,7,8,8.16666666666667,7.69047619047619,20,10,2,9,21,166,120,46,4,47,119,7.93975903614458,8.30833333333333,6.97826086956522,8,8.01063829787234,7.91176470588235,26
"27",2003,8,7.59375,16,7.75,7.4375,8,7.375,7.66666666666667,8,8,1,4,12,182,128,54,5,51,131,7.90934065934066,8.2734375,7.0462962962963,8,7.96078431372549,7.88931297709924,27
"28",2003,9,7.375,12,7.4,7.25,NA,7.33333333333333,7.38888888888889,10,2,0,3,9,194,138,56,5,54,140,7.87628865979381,8.21014492753623,7.05357142857143,8,7.92592592592593,7.85714285714286,28
"29",2003,10,7.33333333333333,6,7.75,6.5,NA,7,7.4,4,2,0,1,5,200,142,58,5,55,145,7.86,8.19718309859155,7.03448275862069,8,7.90909090909091,7.84137931034483,29
"30",2003,11,7.85,10,7.83333333333333,8,NA,8.5,7.41666666666667,9,1,0,4,6,210,151,59,5,59,151,7.85952380952381,8.17549668874172,7.05084745762712,8,7.94915254237288,7.82450331125828,30
"31",2003,12,7.58823529411765,17,7.90909090909091,7,6,7.75,7.5,11,6,2,6,11,227,162,65,7,65,162,7.83920704845815,8.15740740740741,7.04615384615385,7.42857142857143,7.93076923076923,7.80246913580247,31
"32",2004,1,7.63636363636364,11,8,6,NA,7.2,8,9,2,0,5,6,238,171,67,7,70,168,7.82983193277311,8.14912280701754,7.01492537313433,7.42857142857143,7.87857142857143,7.80952380952381,32
"33",2004,2,7.78571428571429,14,8.25,5,NA,9,7.58333333333333,12,2,0,2,12,252,183,69,7,72,180,7.82738095238095,8.15573770491803,6.95652173913043,7.42857142857143,7.90972222222222,7.79444444444444,33
"34",2004,3,7.65384615384615,13,8.31818181818182,4,7,7.5,7.68181818181818,11,2,1,2,11,265,194,71,8,74,191,7.8188679245283,8.16494845360825,6.87323943661972,7.375,7.89864864864865,7.78795811518325,34
"35",2004,4,7.78125,16,7.75,8,9,8.22222222222222,7.21428571428571,14,2,1,9,7,281,208,73,9,83,198,7.81672597864769,8.13701923076923,6.9041095890411,7.55555555555556,7.93373493975904,7.76767676767677,35
"36",2004,5,7.54545454545455,11,7.85714285714286,7,8,7.8,7.33333333333333,7,4,1,5,6,292,215,77,10,88,204,7.80650684931507,8.12790697674419,6.90909090909091,7.6,7.92613636363636,7.75490196078431,36
"37",2004,6,7.59090909090909,11,8.05555555555556,5.5,NA,7.21428571428571,8.25,9,2,0,7,4,303,224,79,10,95,208,7.7986798679868,8.125,6.87341772151899,7.6,7.87368421052632,7.76442307692308,37
"38",2004,7,8.1304347826087,23,8.63333333333333,7.1875,7.5,8.5,7.93333333333333,15,8,4,8,15,326,239,87,14,103,223,7.82208588957055,8.15690376569037,6.90229885057471,7.57142857142857,7.92233009708738,7.77578475336323,38
"39",2004,8,8.34615384615385,26,8.5,6.5,8,8.33333333333333,8.35714285714286,24,2,1,12,14,352,263,89,15,115,237,7.86079545454545,8.18821292775665,6.89325842696629,7.6,7.96521739130435,7.81012658227848,39
"40",2004,9,8.04545454545454,33,8.46,6.75,8,8,8.1,25,8,1,18,15,385,288,97,16,133,252,7.87662337662338,8.21180555555555,6.88144329896907,7.625,7.96992481203007,7.82738095238095,40
"41",2004,10,7.8625,32,7.92,7,7,8.00714285714286,7.75,30,2,1,14,18,417,318,99,17,147,270,7.87553956834532,8.18427672955975,6.88383838383838,7.58823529411765,7.9734693877551,7.82222222222222,41
"42",2004,11,7.92567567567568,37,8.16964285714286,7.16666666666667,NA,8.06578947368421,7.77777777777778,28,9,0,19,18,454,346,108,17,166,288,7.87962555066079,8.18309248554913,6.90740740740741,7.58823529411765,7.98403614457831,7.81944444444444,42
"43",2004,12,7.72916666666667,24,7.97619047619048,6,7,7.71428571428571,7.75,21,3,1,14,10,478,367,111,18,180,298,7.87207112970711,8.17125340599455,6.88288288288288,7.55555555555556,7.96305555555556,7.81711409395973,43
"44",2005,1,8.09756097560976,41,8.39393939393939,6.875,NA,8.14705882352941,8.0625,33,8,0,17,24,519,400,119,18,197,322,7.88988439306358,8.189625,6.88235294117647,7.55555555555556,7.97893401015228,7.83540372670807,44
"45",2005,2,7.81351351351351,37,8.24444444444444,6.65,6,7.73076923076923,7.85833333333333,27,10,1,13,24,556,427,129,19,210,346,7.88480215827338,8.19309133489461,6.86434108527132,7.47368421052632,7.96357142857143,7.83699421965318,45
"46",2005,3,7.92285714285714,35,8.33913043478261,7.125,7.33333333333333,8.22,7.7,23,12,3,15,20,591,450,141,22,225,366,7.88705583756345,8.20055555555555,6.88652482269504,7.45454545454545,7.98066666666667,7.82950819672131,46
"47",2005,4,7.76315789473684,38,8.05172413793103,6.83333333333333,8,7.96428571428571,7.64583333333333,29,9,1,14,24,629,479,150,23,239,390,7.87957074721781,8.19154488517745,6.88333333333333,7.47826086956522,7.97970711297071,7.81820512820513,47
"48",2005,5,7.87209302325581,43,7.96551724137931,7.67857142857143,7,8.04761904761905,7.70454545454545,29,14,1,21,22,672,508,164,24,260,412,7.87909226190476,8.17864173228346,6.95121951219512,7.45833333333333,7.98519230769231,7.8121359223301,48
"49",2005,6,7.90322580645161,31,8.16666666666667,7,NA,8.35714285714286,7.52941176470588,24,7,0,14,17,703,532,171,24,274,429,7.88015647226173,8.1781015037594,6.95321637426901,7.45833333333333,8.00419708029197,7.8009324009324,49
"50",2005,7,7.62222222222222,27,7.97,6.62857142857143,8.4,7.61176470588235,7.64,20,7,1,17,10,730,552,178,25,291,439,7.87061643835616,8.1705615942029,6.94044943820225,7.496,7.98127147766323,7.79726651480638,50
"51",2005,8,7.76162790697674,43,8.203125,6.47727272727273,NA,7.59523809523809,7.92045454545455,32,11,0,21,22,773,584,189,25,312,461,7.86455368693402,8.17234589041096,6.91349206349206,7.496,7.95528846153846,7.8031453362256,51
"52",2005,9,7.79166645833333,48,7.9,7.24999875,7.5,7.95652130434783,7.64,40,8,2,23,25,821,624,197,27,335,486,7.86029231425091,8.15488782051282,6.92715730964467,7.4962962962963,7.95537310447761,7.79475308641975,52
"53",2005,10,7.86818181818182,44,8.46296296296296,6.92352941176471,6,7.9,7.82631578947368,27,17,1,25,19,865,651,214,28,360,505,7.8606936300578,8.16766513056836,6.92686911214953,7.44285714285714,7.95152775,7.79594059405941,53
"54",2005,11,7.84210526315789,38,8.10714285714286,7.1,NA,7.93478260869565,7.7,28,10,0,23,15,903,679,224,28,383,520,7.85991139534884,8.16516936671576,6.93459816964286,7.44285714285714,7.95052216710183,7.79317307692308,54
"55",2005,12,7.69736842105263,57,7.9875,7.01470588235294,7.5,7.59615384615385,7.78225806451613,40,17,1,26,31,960,719,241,29,409,551,7.85026040625,8.15528511821975,6.94024892116183,7.4448275862069,7.92799508557457,7.79255898366606,55
"56",2006,1,7.80344827586207,58,7.97021276595745,7.09090909090909,6.5,7.744,7.84848484848485,47,11,2,25,33,1018,766,252,31,434,584,7.84759331041257,8.14392950391645,6.94682535714286,7.38387096774194,7.91739629032258,7.79571917808219,56
"57",2006,2,7.35185185185185,27,7.38095238095238,7.25,9,7.57142857142857,7.11538461538461,21,6,1,14,13,1045,787,258,32,448,597,7.83478467942584,8.12357052096569,6.95387593023256,7.434375,7.90658479910714,7.78090452261307,57
"58",2006,3,7.81111111111111,45,8.05405405405405,6.6875,NA,8.21875,7.58620689655172,37,8,0,16,29,1090,824,266,32,464,626,7.83380733027523,8.12044902912622,6.94586462406015,7.434375,7.91734911637931,7.77188498402556,58
"59",2006,4,7.54444444444444,27,7.78947368421053,6.9625,8,7.91666666666667,7.43809523809524,19,8,1,6,21,1117,843,274,33,470,647,7.82681288272158,8.11298932384342,6.94635032846715,7.45151515151515,7.91734040425532,7.76105100463678,59
"60",2006,5,7.28076923076923,26,7.63529411764706,6.61111111111111,7.5,7.5,7.09285714285714,17,9,1,12,14,1143,860,283,34,482,661,7.81439194225722,8.10354651162791,6.93568901060071,7.45294117647059,7.90695018672199,7.74689863842663,60
"61",2006,6,7.919375,32,8.1637037037037,6.6,8,7.31818181818182,8.23428571428571,27,5,1,11,21,1175,887,288,35,493,682,7.81725105531915,8.10537767756483,6.92986107638889,7.46857142857143,7.89381336713996,7.76190615835777,61
"62",2006,7,7.68627450980392,51,7.91176470588235,7.23529411764706,8,8,7.48387096774194,34,17,4,20,31,1226,921,305,39,513,713,7.81180260195759,8.09823018458198,6.94688521311476,7.52307692307692,7.89795319688109,7.74981767180926,62
"63",2006,8,7.27380952380952,42,7.7,6.64705882352941,10,7.07894736842105,7.43478260869565,25,17,1,19,23,1268,946,322,40,532,736,7.79398264195584,8.08770613107822,6.93105586956522,7.585,7.8687029887218,7.73997282608696,63
"64",2006,9,7.49615384615385,52,7.72727272727273,7.09473684210526,7.36,7.69545454545455,7.35,33,19,5,22,30,1320,979,341,45,554,766,7.78224999242424,8.07555669050051,6.94017592375367,7.56,7.8618230866426,7.72469973890339,64
"65",2006,10,7.60106382978723,47,7.9296875,6.9,NA,7.5,7.6484375,32,15,0,15,32,1367,1011,356,45,569,798,7.77602047549378,8.07093966369931,6.93848311797753,7.56,7.85228469244288,7.72164160401003,65
"66",2006,11,7.6804347826087,46,7.97741935483871,7.06666666666667,7,7.485,7.83076923076923,31,15,2,20,26,1413,1042,371,47,589,824,7.77290869780609,8.06815738963532,6.94366574123989,7.53617021276596,7.83981322580645,7.72508495145631,66
"67",2006,12,7.30735294117647,68,7.588,6.52777777777778,5.33333333333333,7.16071428571429,7.41,50,18,3,28,40,1481,1092,389,50,617,864,7.75153274139095,8.04617216117216,6.9244215681234,7.404,7.80899512155592,7.71049768518519,67
"68",2007,1,7.25138888888889,72,7.5625,6.62916666666667,6.75,6.97916666666667,7.3875,48,24,2,24,48,1553,1140,413,52,641,912,7.72834513200258,8.02580701754386,6.90726389830509,7.37884615384615,7.77792510140406,7.69349780701754,68
"69",2007,2,7.40752288888889,45,7.52758620689655,7.189908125,7.5,7.26470588235294,7.49423321428571,29,16,2,17,28,1598,1169,429,54,658,940,7.71931071339174,8.01344739093242,6.91780540792541,7.38333333333333,7.76466563829787,7.68756226595745,69
"70",2007,3,7.4412962962963,54,7.61972972972973,7.05294117647059,7.625,7.48888888888889,7.4175,37,17,4,18,36,1652,1206,446,58,676,976,7.71022307506053,8.00136815920398,6.92295632286996,7.4,7.7573224704142,7.67760095286885,70
"71",2007,4,7.49061224489796,49,7.71333333333333,7.03125,7.5,7.21052631578947,7.668,33,16,4,19,30,1701,1239,462,62,695,1006,7.70389683715462,7.99369652945924,6.92670675324675,7.40645161290323,7.74237408633094,7.67731464214712,71
"72",2007,5,7.28837209302326,43,7.47931034482759,6.89285714285714,8,7.26666666666667,7.29411764705882,29,14,1,9,34,1744,1268,476,63,704,1040,7.69365167431193,7.98193217665615,6.92571117647059,7.41587301587302,7.73629259943182,7.66478704807692,72
"73",2007,6,7.60769230769231,52,7.75813953488372,6.88888888888889,6,7.63478260869565,7.58620689655172,43,9,1,23,29,1796,1311,485,64,727,1069,7.69116287305123,7.97459191456903,6.92502787628866,7.39375,7.73308114167813,7.66265531337699,73
"74",2007,7,7.46739130434783,46,7.6,7.21875,6,7.52380952380952,7.42,30,16,2,21,25,1842,1341,501,66,748,1094,7.68557465798046,7.96621178225205,6.93440822355289,7.35151515151515,7.72720586898396,7.65711017367459,74
"75",2007,8,7.75873015873016,63,7.94130434782609,7.26470588235294,8,7.78076923076923,7.74324324324324,46,17,4,26,37,1905,1387,518,70,774,1131,7.68799397375328,7.96538572458544,6.94524810810811,7.38857142857143,7.72900515503876,7.65992796640141,75
"76",2007,9,7.46145833333333,48,8.09516129032258,6.30588235294118,6.375,7.7475,7.25714285714286,31,17,4,20,28,1953,1418,535,74,794,1159,7.68242627752176,7.96822284908322,6.92493181308411,7.33378378378378,7.72947102015113,7.65019717860224,76
"77",2007,10,7.72739130434783,46,7.87028571428571,7.27272727272727,7.5,7.8185,7.65730769230769,35,11,2,20,26,1999,1453,546,76,814,1185,7.68346099049525,7.96586373021335,6.93193868131868,7.33815789473684,7.73165846437346,7.65035318987342,77
"78",2007,11,7.20597014925373,67,7.6804347826087,6.16666666666667,7.5,7.36363636363636,7.12888888888889,46,21,2,22,45,2066,1499,567,78,836,1230,7.66797605033882,7.95710473649099,6.90359527336861,7.34230769230769,7.7219736722488,7.63127522764228,78
"79",2007,12,7.46873684210526,95,7.77704918032787,6.91558823529412,7.3,7.51857142857143,7.42924528301887,61,34,7,42,53,2161,1560,601,85,878,1283,7.65921726978251,7.9500641025641,6.9042737437604,7.33882352941177,7.71224372437358,7.62292948558067,79
"80",2008,1,7.3144578313253,83,7.77454545454545,6.41071428571429,6.875,7.33870967741935,7.3,55,28,4,31,52,2244,1615,629,89,909,1335,7.64646547237076,7.9440866873065,6.88230289348172,7.31797752808989,7.69950493949395,7.6103509588015,80
"81",2008,2,7.3,60,7.79487179487179,6.38095238095238,7,7.47619047619048,7.20512820512821,39,21,1,21,39,2304,1654,650,90,930,1374,7.63744293402778,7.94056831922612,6.86610541538462,7.31444444444445,7.69446235483871,7.59884900291121,81
"82",2008,3,7.2825,80,7.792,6.43333333333333,NA,7.10689655172414,7.38235294117647,50,30,0,29,51,2384,1704,680,90,959,1425,7.62553209731543,7.93620892018779,6.84701252941177,7.31444444444445,7.67669446298227,7.59110072280702,82
"83",2008,4,7.64555555555556,45,8.03387096774193,6.78571428571429,7.375,7.48611111111111,7.75185185185185,31,14,4,18,27,2429,1735,694,94,977,1452,7.62590305475504,7.93795389048991,6.84577596541787,7.31702127659574,7.67318320368475,7.59408989669421,83
"84",2008,5,7.41071428571429,56,7.71351351351351,6.82105263157895,NA,7.24615384615385,7.55333333333333,37,19,0,26,30,2485,1772,713,94,1003,1482,7.62105373038229,7.93326749435666,6.84511713884993,7.31702127659574,7.66211364905284,7.59326486504723,84
"85",2008,6,7.2578947368421,57,7.77941176470588,6.48695652173913,7.11666666666667,7.43157894736842,7.17105263157895,34,23,6,19,38,2542,1806,736,100,1022,1520,7.61291051140834,7.93037098560354,6.83392461956522,7.305,7.65782777886497,7.58270955921053,85
"86",2008,7,7.38433734939759,83,7.88409090909091,6.82051282051282,6.65384615384615,7.57631578947368,7.22222222222222,44,39,13,38,45,2625,1850,775,113,1060,1565,7.60568324571428,7.92927027027027,6.83324970322581,7.23008849557522,7.6549056509434,7.5723441086262,86
"87",2008,8,7.51342105263158,76,7.8022641509434,6.84782608695652,7,7.57241379310345,7.47702127659575,53,23,10,29,47,2701,1903,798,123,1089,1612,7.60308719733432,7.92573305307409,6.8336698245614,7.21138211382114,7.65270889807162,7.56956484491315,87
"88",2008,9,7.21370967741935,62,7.71052631578947,6.42708333333333,6.64,7.24772727272727,7.195,38,24,10,22,40,2763,1941,822,133,1111,1652,7.59434980817951,7.92151983513653,6.82179868613139,7.16842105263158,7.64468945994599,7.56049547820823,88
"89",2008,10,7.34571428571429,70,7.66530612244898,6.6,6.51428571428571,7.43333333333333,7.30816326530612,49,21,7,21,49,2833,1990,843,140,1132,1701,7.58820632545005,7.91521105527638,6.8162734519573,7.13571428571429,7.64076854240283,7.55322664902998,89
"90",2008,11,7.01890243902439,82,7.44186046511628,6.5525641025641,6.6875,6.86363636363636,7.07583333333333,43,39,8,22,60,2915,2033,882,148,1154,1761,7.57219160205832,7.90519921298573,6.80461283446712,7.11148648648649,7.62595319757366,7.53696111868257,90
"91",2008,12,7.41627906976744,86,7.76530612244898,6.95405405405405,6.57142857142857,7.2962962962963,7.47118644067797,49,37,14,27,59,3001,2082,919,162,1181,1820,7.5677235988004,7.90190682036503,6.81062951033732,7.06481481481481,7.6184165876376,7.53482886263736,91
"92",2009,1,7.43387096774194,93,7.6172131147541,7.084375,7.20833333333333,7.40967741935484,7.44596774193548,61,32,12,31,62,3094,2143,951,174,1212,1882,7.56370023270847,7.89380307979468,6.8198407150368,7.07471264367816,7.61307754950495,7.53190145058448,92
"93",2009,2,7.21190476190476,189,7.6285046728972,6.66829268292683,6.92105263157895,7.3952380952381,7.15952380952381,107,82,19,42,147,3283,2250,1033,193,1254,2029,7.54344761498629,7.88118666666667,6.80781076476283,7.05958549222798,7.60578149122807,7.50492288319369,93
"94",2009,3,7.30834532374101,139,7.62535211267606,6.97735294117647,6.97428571428571,7.61111111111111,7.23535714285714,71,68,21,27,112,3422,2321,1101,214,1281,2141,7.53389787258913,7.87336062042223,6.81828203451408,7.05121495327103,7.60589382513661,7.49082135917795,94
"95",2009,4,7.21222929936306,157,7.75068493150685,6.74428571428571,6.52631578947368,7.20961538461538,7.21352380952381,73,84,19,52,105,3579,2394,1185,233,1333,2246,7.51978723665828,7.86961988304094,6.8130367257384,7.00841201716738,7.59043510127532,7.47785776046304,95
"96",2009,5,7.21363636363636,132,7.72156862745098,6.89382716049383,7.46875,7.36,7.17943925233645,51,81,16,25,107,3711,2445,1266,249,1358,2353,7.50889747237941,7.86653169734151,6.81820578199052,7.03799196787149,7.58619292341679,7.46428751806205,96
"97",2009,6,7.24829787234043,141,7.62097222222222,6.85942028985507,6.58571428571429,7.184375,7.26706422018349,72,69,14,32,109,3852,2517,1335,263,1390,2462,7.49935839044652,7.85950735001986,6.82033597003745,7.01391634980989,7.57694243884892,7.45555586108855,97
"98",2009,7,7.08982300884956,113,7.62659574468085,6.70757575757576,6.125,7.18913043478261,7.06444444444444,47,66,12,23,90,3965,2564,1401,275,1413,2552,7.48768689029004,7.85523790951638,6.81502392576731,6.97512727272727,7.57062985845718,7.4417627468652,98
"99",2009,8,7.29108910891089,101,7.69375,6.92641509433962,7.17142857142857,7.45769230769231,7.23333333333333,48,53,7,26,75,4066,2612,1454,282,1439,2627,7.48280337432366,7.85227029096478,6.81908426409904,6.98,7.56858929117443,7.43581215454891,99
"100",2009,9,7.22358490566038,106,7.58703703703704,6.84615384615385,7,7.196,7.2320987654321,54,52,16,25,81,4172,2666,1506,298,1464,2708,7.47621728667306,7.84689797449362,6.820018937583,6.98107382550336,7.56222676912568,7.42971880723781,100
"101",2009,10,7.18053097345133,113,7.5921568627451,6.84193548387097,6.85789473684211,7.26923076923077,7.15402298850575,51,62,19,26,87,4285,2717,1568,317,1490,2795,7.46841972462077,7.84211630474788,6.82088553571429,6.97369085173502,7.55711408724832,7.42113722003578,101
"102",2009,11,7.06111111111111,117,7.53173076923077,6.68461538461538,6.33333333333333,6.84444444444444,7.12611111111111,52,65,18,27,90,4402,2769,1633,335,1517,2885,7.45759393911858,7.83628746840014,6.8154614329455,6.93928358208955,7.54442978905735,7.41193363258232,102
"103",2009,12,7.17726618705036,139,7.37047619047619,7.01710526315789,6.9375,7.13971428571429,7.18990384615385,63,76,24,35,104,4541,2832,1709,359,1552,2989,7.4490131072451,7.82592514124294,6.82442862492686,6.9391643454039,7.53530282860825,7.40420827367012,103
"104",2010,1,7.08888888888889,144,7.51298701298701,6.60149253731343,6.5,7.51538461538462,6.99491525423729,77,67,16,26,118,4685,2909,1776,375,1578,3107,7.43794418783351,7.81764180130629,6.81601831081081,6.92042666666667,7.53497464512041,7.38866383327969,104
"105",2010,2,7.27555555555556,90,7.68571428571429,6.91666666666667,6.825,7.365,7.25,42,48,10,20,70,4775,2951,1824,385,1598,3177,7.43488345968586,7.81576414774653,6.81866695175439,6.91794805194805,7.5328473028786,7.38560860245515,105
"106",2010,3,7.28493975903614,83,7.69634146341463,6.88333333333333,7.3125,6.912,7.44568965517241,41,42,8,25,58,4858,2992,1866,393,1623,3235,7.43232163853438,7.81412767379679,6.82012246516613,6.9259796437659,7.52328403573629,7.38668578979907,106
"107",2010,4,7.21371951219512,82,7.66279069767442,6.71858974358974,6.125,7.60625,7.11856060606061,43,39,4,16,66,4940,3035,1905,397,1639,3301,7.42869302024292,7.81198352553542,6.81804384251969,6.91790931989924,7.52409395363026,7.38132491063314,107
"108",2010,5,7.15092592592593,54,7.71428571428571,6.54423076923077,7,7.05555555555556,7.19861111111111,28,26,2,18,36,4994,3063,1931,399,1657,3337,7.42568953143773,7.81109043421482,6.81435707923356,6.91832080200501,7.51900421846711,7.37935376985316,108
"109",2010,6,7.2485,60,7.67666666666667,6.82033333333333,6.4,6.91666666666667,7.33145833333333,30,30,5,12,48,5054,3093,1961,404,1669,3385,7.42358597546498,7.80978661493695,6.81444850586436,6.91190594059406,7.51467345116836,7.37867460265879,109
"110",2010,7,6.93409090909091,66,7.55,6.195,6.15625,7.43333333333333,6.78725490196078,36,30,8,15,51,5120,3129,1991,412,1684,3436,7.417276078125,7.80679769894535,6.80511477649423,6.89723300970874,7.51394892517815,7.36989625436554,110
"111",2010,8,6.66014492753623,69,7.23518518518518,6.29047619047619,6.5,6.53947368421053,6.706,27,42,7,19,50,5189,3156,2033,419,1703,3486,7.40720823280016,7.80190747782002,6.79448279390064,6.89059665871122,7.50307691720493,7.36037393287435,111
"112",2010,9,7.10615942028986,69,7.47265625,6.78918918918919,6.55555555555556,7.20769230769231,7.08258928571429,32,37,9,13,56,5258,3188,2070,428,1716,3542,7.40325761125904,7.79860257214554,6.79438817391305,6.88355140186916,7.50083915501165,7.35598208074534,112
"113",2010,10,7.422,75,7.80972222222222,7.06410256410256,7.3,7.59090909090909,7.39296875,36,39,5,11,64,5333,3224,2109,433,1727,3606,7.40352119257454,7.7987267369727,6.79937577999052,6.88836027713626,7.50141284887087,7.35663852745424,113
"114",2010,11,6.95982905982906,117,7.50952380952381,6.31851851851852,6.21428571428571,7.00714285714286,6.94494382022472,63,54,14,28,89,5450,3287,2163,447,1755,3695,7.3939960587156,7.79318375418314,6.78737102172908,6.86724832214765,7.49352705982906,7.34672220027064,114
"115",2010,12,7.1743119266055,109,7.64754098360656,6.57291666666667,6.69230769230769,7.69375,7.02764705882353,61,48,13,24,85,5559,3348,2211,460,1779,3780,7.38968852671344,7.79053016726404,6.78271529624605,6.86230434782609,7.49622821247892,7.33954723015873,115
"116",2011,1,7.3755,100,7.7140350877193,6.92674418604651,7.2,7.31764705882353,7.38734939759036,57,43,8,17,83,5659,3405,2254,468,1796,3863,7.38943780173176,7.7892496328928,6.78546296362023,6.86807692307692,7.49453785634744,7.34057430235568,116
"117",2011,2,7.21,80,7.66046511627907,6.68648648648649,6.92857142857143,7.4,7.15873015873016,43,37,7,17,63,5739,3448,2291,475,1813,3926,7.38693649067782,7.78764356148492,6.78386447839372,6.86896842105263,7.49365140099283,7.33765627356088,117
"118",2011,3,7.30975609756098,82,7.85,6.61944444444444,6.6,7.2,7.33636363636364,46,36,5,16,66,5821,3494,2327,480,1829,3992,7.38584925614156,7.78846451058958,6.78132080790718,6.86616666666667,7.49108255330782,7.33763490230461,118
"119",2011,4,6.71145161290323,62,7.31148148148148,6.24857142857143,5.75,6.50071428571429,6.77291666666667,27,35,6,14,48,5883,3521,2362,486,1843,4040,7.37874188679246,7.78480687304743,6.773426553768,6.85238683127572,7.48355940857298,7.33092537871287,119
"120",2011,5,7.01288659793814,97,7.66547619047619,6.51454545454545,6.75454545454545,6.98529411764706,7.01875,42,55,11,17,80,5980,3563,2417,497,1860,4120,7.37280744481606,7.78340022452989,6.76753558957385,6.85022132796781,7.47900537096774,7.32486372087379,120
"121",2011,6,7.09193548387097,62,7.71304347826087,6.72564102564103,6.33333333333333,7.02941176470588,7.11555555555556,23,39,9,17,45,6042,3586,2456,506,1877,4165,7.36992527639855,7.7829489682097,6.7668703257329,6.84102766798419,7.47493339904102,7.32260228811525,121
"122",2011,7,7.14492753623188,69,7.70967741935484,6.68421052631579,5.64285714285714,6.7,7.27924528301887,31,38,7,16,53,6111,3617,2494,513,1893,4218,7.36738480117821,7.78232098424108,6.76561087409784,6.8246783625731,7.46838351294242,7.3220574988146,122
"123",2011,8,7.03958333333333,72,7.66911764705882,6.47631578947368,6.16666666666667,7.60526315789474,6.83679245283019,34,38,9,19,53,6183,3651,2532,522,1912,4271,7.36356760795731,7.78126677622569,6.76126916271722,6.81333333333333,7.46974371861925,7.31603571294779,123
"124",2011,9,7.01034482758621,58,7.58666666666667,6.39285714285714,6.5625,7.34090909090909,6.93297872340426,30,28,8,11,47,6241,3681,2560,530,1923,4318,7.36028497356193,7.7796807932627,6.75723965625,6.80954716981132,7.4690067550702,7.31186626447429,124
"125",2011,10,7.13863636363636,66,7.94193548387097,6.42714285714286,6.71666666666667,6.96764705882353,7.19795918367347,31,35,9,17,49,6307,3712,2595,539,1940,4367,7.35796551767877,7.78103582974138,6.75278748362235,6.80799628942486,7.46461339690722,7.31058816807877,125
"126",2011,11,7.41122448979592,98,7.79807692307692,6.97391304347826,6.88461538461539,7.46315789473684,7.39873417721519,52,46,13,19,79,6405,3764,2641,552,1959,4446,7.35878040905543,7.78127125398512,6.75663897008709,6.80980072463768,7.46459928024502,7.31215441520468,126
"127",2011,12,7.05320512820513,78,7.50357142857143,6.52777777777778,6.59090909090909,7.140625,7.03064516129032,42,36,11,16,62,6483,3806,2677,563,1975,4508,7.35510389017431,7.77820677877036,6.75356127007845,6.80552397868561,7.46197467848101,7.30828272626442,127
"128",2012,1,7.10943396226415,106,7.62075471698113,6.59811320754717,7.16666666666667,7.02941176470588,7.1247191011236,53,53,6,17,89,6589,3859,2730,569,1992,4597,7.35115169524966,7.77604431199793,6.75054341391942,6.80933216168717,7.45828312751004,7.30472885142484,128
"129",2012,2,7.29975308641975,81,7.90697674418605,6.61263157894737,6.22727272727273,7.22222222222222,7.32190476190476,43,38,11,18,63,6670,3902,2768,580,2010,4660,7.35052751424288,7.77748718605843,6.74865011560694,6.79829310344828,7.45616914925373,7.30496105793991,129
"130",2012,3,7.2622641509434,53,7.38846153846154,7.14074074074074,7.46666666666667,7.08333333333333,7.28510638297872,26,27,6,6,47,6723,3928,2795,586,2016,4707,7.34983170013387,7.77491216904277,6.75243775313059,6.80513651877133,7.45505951884921,7.30476280645846,130
"131",2012,4,7.27166666666667,60,7.52424242424242,6.96296296296296,6.41666666666667,7.27777777777778,7.26904761904762,33,27,6,18,42,6783,3961,2822,592,2034,4749,7.34914028011205,7.77282378187326,6.75445199149539,6.80119932432433,7.45349065388397,7.30444694251421,131
"132",2012,5,6.73454545454545,55,7.48571428571429,6.27058823529412,6.625,7.2625,6.64468085106383,21,34,8,8,47,6838,3982,2856,600,2042,4796,7.34419691722726,7.77130964339528,6.74869170868347,6.79885,7.45274240450539,7.29798134487073,132
"133",2012,6,7.3327868852459,61,7.96774193548387,6.67666666666667,7.13636363636364,7.62857142857143,7.24468085106383,31,30,11,14,47,6899,4013,2886,611,2056,4843,7.34409603130889,7.77282706204834,6.74794300762301,6.8049263502455,7.45393968385214,7.29746407805079,133
"134",2012,7,7.35270833333333,48,7.73692307692308,6.89863636363636,6.13333333333333,6.68888888888889,7.50589743589744,26,22,3,9,39,6947,4039,2908,614,2065,4882,7.34415553764215,7.77259593958901,6.74908305364512,6.80164495114006,7.4506053220339,7.29912915403523,134
"135",2012,8,7.11142857142857,70,7.62285714285714,6.6,6,6.92222222222222,7.13934426229508,35,35,4,9,61,7017,4074,2943,618,2074,4943,7.34183390622774,7.77130952380952,6.74731006455997,6.79645631067961,7.44831243490839,7.29715729921101,135
"136",2012,9,7.32543859649123,57,7.840625,6.666,7.03571428571429,7.48235294117647,7.25875,32,25,7,17,40,7074,4106,2968,625,2091,4983,7.34170179813402,7.77184973209937,6.74662517520216,6.799136,7.44858918699187,7.29684899257475,136
"137",2012,10,7.07372549019608,51,7.47083333333333,6.72074074074074,6.44285714285714,6.41,7.16222222222222,24,27,7,6,45,7125,4130,2995,632,2097,5028,7.33978365192983,7.7701004842615,6.7463918263773,6.79518987341772,7.44561754411063,7.29564409904535,137
"138",2012,11,7.43852459016393,61,7.98103448275862,6.946875,6.25,7.71666666666667,7.34782608695652,29,32,4,15,46,7186,4159,3027,636,2112,5074,7.3406218369051,7.77157129117576,6.74851123885035,6.79176100628931,7.44754260890151,7.29611717185652,138
"139",2012,12,7.37297297297297,74,7.77435897435897,6.92571428571429,7.15,7.775,7.27916666666667,39,35,6,14,60,7260,4198,3062,642,2126,5134,7.34095158677686,7.77159718913768,6.75053674722404,6.79510903426791,7.44969896048918,7.29591907479548,139
"140",2013,1,7.26373626373626,91,7.54883720930233,7.00833333333333,6.625,7.78333333333333,7.13561643835616,43,48,8,18,73,7351,4241,3110,650,2144,5207,7.33999571758945,7.76933859938694,6.75451560128618,6.79301538461538,7.45249999533582,7.29367169771462,140
"141",2013,2,6.93492063492064,63,7.5,6.48285714285714,5.94444444444444,7.23333333333333,6.84166666666667,28,35,9,15,48,7414,4269,3145,659,2159,5255,7.33655361748045,7.76757203092059,6.75149237519873,6.78142640364188,7.45097729967578,7.28954301236917,141
"142",2013,3,7.31794871794872,78,7.77142857142857,6.78888888888889,6.93333333333333,7.49285714285714,7.2796875,42,36,6,14,64,7492,4311,3181,665,2173,5319,7.33635991991458,7.76760960334029,6.75191559886828,6.7827969924812,7.45124711919006,7.28942442752397,142
"143",2013,4,7.49704918032787,61,8.12666666666667,6.88774193548387,6.1,7.2225,7.56428571428571,30,31,5,12,49,7553,4341,3212,670,2185,5368,7.33765768833577,7.77009099285879,6.75322650062267,6.77770149253731,7.44999084210526,7.29193340722802,143
"144",2013,5,7.5931914893617,47,7.91407407407407,7.16,7.7,7.82,7.53947368421053,27,20,5,9,38,7600,4368,3232,675,2194,5406,7.3392379631579,7.7709809981685,6.75574366336634,6.78453333333333,7.45150865542388,7.29367342397336,144
"145",2013,6,7.275,66,7.96724137931034,6.73243243243243,6.83333333333333,7.45833333333333,7.23425925925926,29,37,9,12,54,7666,4397,3269,684,2206,5460,7.33868490999218,7.77227541505572,6.75547981645764,6.78517543859649,7.45154577969175,7.29308581135531,145
"146",2013,7,7.02377049180328,61,7.540625,6.45344827586207,6.8625,7.28333333333333,6.96020408163265,32,29,8,12,49,7727,4429,3298,692,2218,5509,7.33619885078297,7.77060171596297,6.75282399029715,6.78606936416185,7.45063570333634,7.29012498275549,146
"147",2013,8,7.27540983606557,61,7.75757575757576,6.70714285714286,7.3,7.57692307692308,7.19375,33,28,5,13,48,7788,4462,3326,697,2231,5557,7.33572271700052,7.77050537875392,6.75243942273001,6.78975609756098,7.45137157776782,7.28929251934497,147
"148",2013,9,7.48921568627451,51,7.98809523809524,7.14,6.84,7.44,7.50121951219512,21,30,5,10,41,7839,4483,3356,702,2241,5598,7.33672133180253,7.77152464867277,6.75590390941597,6.79011396011396,7.45132083444891,7.2908446820293,148
"149",2013,10,7.12982456140351,57,7.57352941176471,6.47391304347826,5.75,7.26923076923077,7.08863636363636,34,23,4,13,44,7896,4517,3379,706,2254,5642,7.33522777608916,7.77003431481072,6.75398446877775,6.7842209631728,7.45027062555457,7.28926772952854,149
"150",2013,11,6.84850746268657,67,7.51571428571429,6.11875,7.2,7.31666666666667,6.74636363636364,35,32,8,12,55,7963,4552,3411,714,2266,5697,7.3311325530579,7.76807886643234,6.74802507182645,6.78887955182073,7.44956310238305,7.28402642267861,150
"151",2013,12,7.51949152542373,59,7.88076923076923,6.815,6.42857142857143,7.44615384615385,7.54021739130435,39,20,7,13,46,8022,4591,3431,721,2279,5743,7.3325178908003,7.76903615769985,6.74841548236666,6.7853814147018,7.44954365511189,7.28607844854606,151
"152",2014,1,7.2758064516129,62,7.71730769230769,6.95694444444444,6.36363636363636,6.35714285714286,7.39272727272727,26,36,11,7,55,8084,4617,3467,732,2286,5798,7.33208294408709,7.76874485596708,6.75058076723392,6.77904371584699,7.44619859580052,7.28709012245602,152
"153",2014,2,7.09090909090909,66,7.39354838709677,6.82285714285714,6.92857142857143,6.54545454545455,7.2,31,35,7,11,55,8150,4648,3502,739,2297,5853,7.33012987975461,7.76624246987952,6.75130311821816,6.7804600811908,7.44188506312582,7.28627174611311,153
"154",2014,3,7.27823728813559,59,8.09444444444444,6.5895625,5.66666666666667,6.92257142857143,7.38888888888889,27,32,3,14,45,8209,4675,3534,742,2311,5898,7.32975691558046,7.76813796791444,6.74983857385399,6.77595687331536,7.43873906966681,7.28705468463886,154
"155",2014,4,7.18452380952381,42,7.18571428571429,7.18333333333333,7.5,7.55,7.12361111111111,21,21,4,6,36,8251,4696,3555,746,2317,5934,7.32901763665011,7.76553343270869,6.752399302391,6.77983914209115,7.4390271860164,7.28606311594203,155
"156",2014,5,7.02903225806452,62,7.7962962962963,6.43714285714286,6.51111111111111,7.13636363636364,7.00588235294118,27,35,9,11,51,8313,4723,3590,755,2328,5985,7.32678028629857,7.76570929493966,6.74932577158775,6.7766357615894,7.43759707474227,7.2836756106934,156
"157",2014,6,7.1425,40,7.46666666666667,6.78421052631579,6.85714285714286,6.5,7.21388888888889,21,19,7,4,36,8353,4744,3609,762,2332,6021,7.32589782353646,7.76438553962901,6.74950942643392,6.77737532808399,7.4359888464837,7.2832583507723,157
"158",2014,7,6.90729166666667,48,7.42727272727273,6.46730769230769,5.66666666666667,6.93333333333333,6.90357142857143,22,26,3,6,42,8401,4766,3635,765,2338,6063,7.32350607308654,7.76282941670164,6.74749092709767,6.77301960784314,7.43469888366125,7.28062815932707,158
"159",2014,8,7.11473684210526,57,7.88615384615385,6.46774193548387,7.05555555555556,7.44666666666667,6.96153846153846,26,31,9,18,39,8458,4792,3666,774,2356,6102,7.32209913927643,7.76349853923206,6.74512534642663,6.77630490956072,7.43479031833616,7.27858874631269,159
"160",2014,9,7.29824561403509,57,7.45,7.18787878787879,7.33333333333333,6.85,7.41777777777778,24,33,3,12,45,8515,4816,3699,777,2368,6147,7.32193946212567,7.76193625415283,6.74907529602596,6.7784555984556,7.43182685388514,7.27960769969091,160
"161",2014,10,6.82421875,64,7.4921875,6.15625,6,7.22727272727273,6.74056603773585,32,32,11,11,53,8579,4848,3731,788,2379,6200,7.31822642732254,7.76015573432344,6.74399075850979,6.76758883248731,7.43088103825137,7.27499976290323,161
"162",2014,11,6.83835616438356,73,7.49393939393939,6.2975,7,6.95625,6.80526315789474,33,40,6,16,57,8652,4881,3771,794,2395,6257,7.31417759130837,7.75835586969884,6.73925471227791,6.76934508816121,7.42771022546973,7.2707205577753,162
"163",2014,12,7.316,50,7.92307692307692,6.65833333333333,6.59090909090909,7.25,7.32857142857143,26,24,11,8,42,8702,4907,3795,805,2403,6299,7.31418806251437,7.75922865294478,6.73874295652174,6.76690683229814,7.42711859758635,7.27110629147484,163
"164",2015,1,6.98966101694915,59,7.18966666666667,6.78275862068966,5.5,6.3075,7.16382978723404,30,29,6,12,47,8761,4937,3824,811,2415,6346,7.31200257048283,7.75576767267572,6.73907675732218,6.75753390875462,7.42155527536232,7.27031177592184,164
"165",2015,2,7.12282608695652,46,7.7875,6.08888888888889,6.1,7.80454545454545,6.90857142857143,28,18,5,11,35,8807,4965,3842,816,2426,6381,7.3110144793914,7.7559466263847,6.7360305882353,6.75350490196078,7.42329183429513,7.26832761792823,165
"166",2015,3,7.17735849056604,53,7.65555555555556,6.68076923076923,7.0625,8.22,6.76578947368421,27,26,8,15,38,8860,4992,3868,824,2441,6419,7.31021495711061,7.75540364583334,6.73565913133403,6.75650485436893,7.42818762392462,7.2653526296931,166
"167",2015,4,7.44897959183673,49,7.9,6.795,7.625,6.92307692307692,7.63888888888889,29,20,8,13,36,8909,5021,3888,832,2454,6455,7.3109781703895,7.75623879705239,6.73596438271605,6.76485576923077,7.42551181336593,7.26743586831914,167
"168",2015,5,7.18695652173913,46,7.75217391304348,6.62173913043478,6.75,7.28571428571429,7.16923076923077,23,23,4,7,39,8955,5044,3911,836,2461,6494,7.31034109659409,7.75622026169707,6.73529264126822,6.76478468899522,7.42511417716375,7.26684609331691,168
"169",2015,6,7.12348837209302,43,7.675,6.64391304347826,7.21833333333333,7.11909090909091,7.125,20,23,6,11,32,8998,5064,3934,842,2472,6526,7.30944815736831,7.75589948657189,6.73475839349263,6.76801662707839,7.42375242313916,7.2661505562366,169
"170",2015,7,7.39270833333333,48,7.69807692307692,7.03181818181818,6.95,7.86666666666667,7.23472222222222,26,22,6,12,36,9046,5090,3956,848,2484,6562,7.30988995357064,7.75560412573674,6.73641039433772,6.76930424528302,7.42589210547504,7.26597813623895,170
"171",2015,8,6.9565625,64,7.52684210526316,6.12307692307692,6.375,7.77142857142857,6.7284,38,26,4,14,50,9110,5128,3982,852,2498,6612,7.30740774094402,7.75390893135726,6.73240570567554,6.76745305164319,7.42782865892714,7.26191296581972,171
"172",2015,9,7.16607142857143,56,7.48666666666667,6.79615384615385,6.5,6.55555555555556,7.28297872340426,30,26,4,9,47,9166,5158,4008,856,2507,6659,7.30654424176304,7.75235459480419,6.73281924151697,6.76620327102804,7.42469724371759,7.26206165039796,172
"173",2015,10,7.15531914893617,47,7.28695652173913,7.02916666666667,7.1,7.83333333333333,7.10909090909091,23,24,5,3,44,9213,5181,4032,861,2510,6703,7.3057727689135,7.75028855433315,6.73458321428572,6.76814169570267,7.42518565338645,7.2610575160376,173
"174",2015,11,7.3135593220339,59,7.66666666666667,6.94827586206897,6.96,7.77777777777778,7.23,30,29,5,9,50,9272,5211,4061,866,2519,6753,7.30582231665229,7.74980713874497,6.7361092144792,6.7692494226328,7.42644541087733,7.26082756256479,174
"175",2015,12,7.4,64,7.69024390243902,6.88260869565217,6.58333333333333,8.15454545454545,7.24339622641509,41,23,6,11,53,9336,5252,4084,872,2530,6806,7.30646792202228,7.74934215536939,6.7369342605289,6.76797018348624,7.42961106324111,7.26069182045255,175
"176",2016,1,7.2134328358209,67,7.57297297297297,6.77,7.04166666666667,7.31818181818182,7.19285714285714,37,30,12,11,56,9403,5289,4114,884,2541,6862,7.30580501116665,7.74810833806013,6.73717538162373,6.77168552036199,7.42912868555687,7.26013822937919,176
"177",2016,2,7.30416666666667,60,7.74852941176471,6.72307692307692,7.1,7.71875,7.24038461538461,34,26,4,8,52,9463,5323,4140,888,2549,6914,7.30579462326958,7.74811102761601,6.73708684057971,6.77316441441442,7.43003765790506,7.25998966300261,177
"178",2016,3,7.12980769230769,52,7.398,6.88148148148148,6.6,7.90625,6.98863636363636,25,27,3,8,44,9515,5348,4167,891,2557,6958,7.30483284498161,7.7464743829469,6.73802244300456,6.77258136924804,7.43152756746187,7.25827371802242,178
"179",2016,4,6.96515151515151,66,7.6241935483871,6.38142857142857,6.72727272727273,7.16666666666667,6.945,31,35,11,6,60,9581,5379,4202,902,2563,7018,7.30249290470724,7.74576965978807,6.73505224178963,6.7720288248337,7.43090752633632,7.25559540182388,179
"180",2016,5,7.2671875,64,7.76363636363636,6.73870967741935,6.925,7.17,7.28518518518518,33,31,8,10,54,9645,5412,4233,910,2573,7072,7.30225863348886,7.74587860310422,6.73507902669502,6.77337362637363,7.42989350563544,7.25582134191177,180
"181",2016,6,7.15185185185185,54,7.41034482758621,6.852,6.52,8.10769230769231,6.84878048780488,29,25,5,13,41,9699,5441,4258,915,2586,7113,7.30142123105475,7.74409024076457,6.7357655049319,6.77198907103825,7.43330084686775,7.25347512020245,181
"182",2016,7,7.36460317460317,63,7.95566666666667,6.82727272727273,6.6,6.92222222222222,7.43833333333333,30,33,5,9,54,9762,5471,4291,920,2595,7167,7.30182898176604,7.74525041125937,6.7364692426008,6.77105434782609,7.43152831984586,7.25486794056091,182
"183",2016,8,7.18153846153846,65,7.61612903225806,6.78529411764706,6.1,7.5,7.14915254237288,31,34,5,6,59,9827,5502,4325,925,2601,7226,7.30103332858452,7.74452290076336,6.7368530682081,6.76742702702703,7.43168627066513,7.25400477857736,183
"184",2016,9,7.25454545454545,44,7.985,6.64583333333333,6.63333333333333,7.28,7.25128205128205,20,24,3,5,39,9871,5522,4349,928,2606,7265,7.30082610880357,7.74539387902934,6.73635077489078,6.76699353448276,7.43139523791251,7.25399016242258,184
"185",2016,10,7.33,70,7.63513513513514,6.98787878787879,6.46666666666667,7.2,7.34,37,33,6,5,65,9941,5559,4382,934,2611,7330,7.30103153807465,7.74466001079331,6.73824498402556,6.76506423982869,7.43095212179242,7.25475286903138,185
"186",2016,11,7.40847457627119,59,8.21,6.57931034482759,6.5,7.75,7.33877551020408,30,29,6,10,49,10000,5589,4411,940,2621,7379,7.30166545200001,7.7471578099839,6.73720007254591,6.76337234042553,7.43216939717665,7.2553108185391,186
"187",2016,12,7.02727272727273,55,7.45555555555556,6.61428571428571,7.38333333333333,7.14285714285714,7.01041666666667,27,28,6,7,48,10055,5616,4439,946,2628,7427,7.30016454699155,7.74575587606838,6.73642476233386,6.7673044397463,7.43139877853881,7.25372809074997,187
"188",2017,1,7.44576271186441,59,7.97647058823529,6.724,6.75,7.55,7.43396226415094,34,25,4,6,53,10114,5650,4464,950,2634,7480,7.30101389361282,7.74714424778761,6.73635517921147,6.76723157894737,7.43166894077449,7.25500515106952,188
"189",2017,2,6.93305084745763,59,7.90892857142857,6.05161290322581,6.28571428571429,7.01111111111111,6.919,28,31,7,9,50,10173,5678,4495,957,2643,7530,7.298879830925,7.74794205706235,6.73163281868743,6.76370950888192,7.43023684827847,7.25277404116866,189
"190",2017,3,7.35529411764706,51,7.94444444444444,6.6925,6.33333333333333,7.68181818181818,7.2655,27,24,3,11,40,10224,5705,4519,960,2654,7570,7.2991612402191,7.74887204206836,6.73142498782917,6.76236458333333,7.43127957422758,7.25284128533686,190
"191",2017,4,7.553,50,7.93928571428571,7.06136363636364,6.6,7.4,7.59125,28,22,5,10,40,10274,5733,4541,965,2664,7610,7.30039658555578,7.74980202337345,6.73302345738824,6.76152331606218,7.43116215840841,7.254620043364,191
"192",2017,5,7.41034482758621,58,7.80344827586207,7.01724137931035,7,7.625,7.376,29,29,6,8,50,10332,5762,4570,971,2672,7660,7.30101379403795,7.75007202360292,6.73482702844639,6.76299691040165,7.43174251122754,7.25541234073108,192
"193",2017,6,7.1031914893617,47,7.52727272727273,6.73,7.35714285714286,7,7.11547619047619,22,25,7,5,42,10379,5784,4595,978,2677,7702,7.30011798053763,7.74922458506224,6.73480076605006,6.76724948875256,7.43093611878969,7.25464925084394,193
"194",2017,7,7.35384615384615,52,8.05384615384615,6.65384615384615,8,7.18333333333333,7.37608695652174,26,26,3,6,46,10431,5810,4621,981,2683,7748,7.30038582302752,7.75058777969019,6.73434527591431,6.77101936799185,7.43038240402534,7.25537022844606,194
"195",2017,8,7.39318181818182,110,8.00909090909091,6.77727272727273,6.68888888888889,7.8,7.30824175824176,55,55,9,19,91,10541,5865,4676,990,2702,7839,7.30135419030453,7.75301193520887,6.73485019674936,6.77027272727273,7.43298149148779,7.25598399413191,195
"196",2017,9,7.53333333333333,102,7.98709677419355,6.83,7.61111111111111,7.25,7.57111111111111,62,40,9,12,90,10643,5927,4716,999,2714,7929,7.30357742365875,7.75546060401552,6.73565723494487,6.77784784784785,7.43217243551953,7.25956091940977,196
"197",2017,10,7.68165517241379,145,8.20627906976744,6.91694915254237,7.54285714285714,7.797,7.6632,86,59,7,20,125,10788,6013,4775,1006,2734,8054,7.30865911383019,7.76190836520872,6.73789728167539,6.78317097415507,7.43484125457205,7.2658254941644,197
"198",2017,11,7.5492700729927,137,7.995625,6.92280701754386,6.25,7.938,7.4625,80,57,8,25,112,10925,6093,4832,1014,2759,8166,7.31167638627003,7.76497702281307,6.74007854304636,6.77896449704142,7.43940050380573,7.26852296473182,198
"199",2017,12,7.44471241830065,153,7.8888488372093,6.87462686567164,7.10714285714286,7.51166666666667,7.42838211382114,86,67,14,30,123,11078,6179,4899,1028,2789,8289,7.31351376782813,7.76670108431785,6.74191866095122,6.78343385214008,7.44017783793474,7.27089510556159,199
"200",2018,1,7.671875,160,8.08315217391304,7.11544117647059,7.5,7.875,7.64285714285714,92,68,6,20,140,11238,6271,4967,1034,2809,8429,7.31861590318563,7.77134364535162,6.74703231729414,6.7875918762089,7.44327375934496,7.27707314390794,200
"201",2018,2,7.43704347826087,115,7.8375,6.85765957446809,7.25,7.345,7.45642105263158,68,47,10,20,95,11353,6339,5014,1044,2829,8524,7.31981551308025,7.77205332071305,6.74806930993219,6.79202107279694,7.44257899964652,7.27907197677147,201
"202",2018,3,7.5635,100,8.07474576271187,6.82780487804878,7.8,7.58,7.558,59,41,5,25,75,11453,6398,5055,1049,2854,8599,7.3219432044006,7.77484463894967,6.74871602769535,6.79682554814109,7.44378275753329,7.28150477148506,202
"203",2018,4,7.59932203389831,118,7.87133333333333,7.12488372093023,7.5875,7.86954545454545,7.53739583333333,75,43,8,22,96,11571,6473,5098,1057,2876,8695,7.32477188834155,7.77596261393481,6.75188888191448,6.80280983916746,7.4470396349096,7.28433002070156,203
"204",2018,5,7.35518518518519,135,7.88432835820895,6.83382352941176,5.99,6.925,7.43,67,68,10,20,115,11706,6540,5166,1067,2896,8810,7.32512263112934,7.77707278287462,6.75296738675958,6.79519212746017,7.44343438881215,7.28623150170262,204
"205",2018,6,7.47232142857143,112,7.87786885245902,6.98725490196078,6.75,7.65294117647059,7.44,61,51,8,17,95,11818,6601,5217,1075,2913,8905,7.32651764427145,7.77800424178155,6.75525771899559,6.79485581395349,7.44465705115002,7.28787192925323,205
"206",2018,7,7.4504854368932,103,7.85887096774194,6.83292682926829,6.25,7.84375,7.33101265822785,62,41,6,24,79,11921,6663,5258,1081,2937,8984,7.32758875262143,7.77875671619391,6.75586335488779,6.7918316373728,7.44791828055839,7.2882512833927,206
"207",2018,8,7.50092307692308,117,7.89423529411765,6.95510204081633,7.14,7.95,7.43488235294118,68,49,10,15,102,12038,6731,5307,1091,2952,9086,7.32927342747965,7.77992333977121,6.75770294328246,6.7950229147571,7.45046950880759,7.28989737288136,207
"208",2018,9,7.59519230769231,104,8.25172413793103,6.76739130434783,6.4875,7.885,7.52619047619048,58,46,8,20,84,12142,6789,5353,1099,2972,9170,7.33155110525449,7.78395404330535,6.75778619839343,6.79278434940855,7.45339367092867,7.29206188985824,208
"209",2018,10,7.6731884057971,138,7.97195121951219,7.23571428571429,7.25555555555556,7.89375,7.64426229508197,82,56,18,16,122,12280,6871,5409,1117,2988,9292,7.33539035179153,7.78619764226459,6.76273424292845,6.80024171888988,7.45575167001339,7.2966861310805,209
"210",2018,11,7.73740740740741,135,8.08235294117647,7.151,7.2625,8.34444444444444,7.64401709401709,85,50,12,18,117,12415,6956,5459,1129,3006,9409,7.33976186226339,7.78981656124209,6.7662904414728,6.8051550044287,7.46107318363273,7.30100515782762,210
"211",2018,12,7.71376694915254,118,8.19603448275862,7.247575,7.4,7.90476190476191,7.6724175257732,58,60,13,21,97,12533,7014,5519,1142,3027,9506,7.34328317402059,7.7931756487026,6.77152274325059,6.81192644483362,7.46415130161876,7.30479507994951,211
"212",2019,1,7.58782894736842,152,7.86717171717172,7.06603773584906,6.5625,7.76923076923077,7.55039682539683,99,53,8,26,126,12685,7113,5572,1150,3053,9632,7.34621348206543,7.79420553915366,6.77432412419239,6.81019130434783,7.46674942351785,7.30800789348007,212
"213",2019,2,7.40434782608696,115,7.78260869565217,6.83695652173913,6.75,7.30769230769231,7.41666666666667,69,46,6,13,102,12800,7182,5618,1156,3066,9734,7.3467357828125,7.79409412419939,6.77483695621218,6.80987889273356,7.46607501304631,7.30914649989727,213
"214",2019,3,7.57751879699248,133,7.77121621621622,7.33457627118644,5.5,7.19285714285714,7.64964285714286,74,59,8,21,112,12933,7256,5677,1164,3087,9846,7.34910910229645,7.79386080485116,6.78065422230051,6.80087628865979,7.46421638807904,7.31301970647979,214
"215",2019,4,7.97010869565217,92,8.21944444444444,7.61578947368421,7.97,8.52142857142857,7.87115384615385,54,38,10,14,78,13025,7310,5715,1174,3101,9924,7.35349543339732,7.79700465116279,6.7862071776028,6.81083475298126,7.46898935504676,7.3174064923418,215
"216",2019,5,7.40940594059406,101,8.15588235294118,6.648,5.66666666666667,7.18125,7.45235294117647,51,50,6,16,85,13126,7361,5765,1180,3117,10009,7.35392564528417,7.79949110175248,6.78500850303556,6.80501694915254,7.46751234841193,7.31855250574483,216
"217",2019,6,7.50741666666667,120,7.99327868852459,7.00508474576271,6.94444444444444,7.22352941176471,7.55427184466019,61,59,9,17,103,13246,7422,5824,1189,3134,10112,7.35531617242941,7.80108380490434,6.7872379842033,6.80607232968881,7.46618889278877,7.3209535235364,217
"218",2019,7,7.58991452991453,117,8.07131578947368,6.69756097560976,6.375,7.44285714285714,7.62208333333333,76,41,12,21,96,13363,7498,5865,1201,3155,10208,7.35737020279878,7.80382288610296,6.78661108610401,6.80176519567027,7.46603359429477,7.32378546532132,218
"219",2019,8,7.49781418032787,122,8.11818181818182,6.76666660714286,6.61111111111111,7.7625,7.45786160377359,66,56,9,16,106,13485,7564,5921,1210,3171,10314,7.35864081201335,7.80656583818086,6.78642245397737,6.80034710743802,7.46752948281299,7.32516340508048,219
"220",2019,9,7.33192211678832,137,7.91990986486486,6.64126984126984,6.375,7.22380952380952,7.35149422413793,74,63,12,21,116,13622,7638,5984,1222,3192,10430,7.35837209514022,7.80766396046085,6.78489427640375,6.79617021276596,7.46592606203007,7.3254562502397,220
"221",2019,10,7.65020967741935,124,7.8930843373494,7.15853658536585,6.7,7.49,7.68101923076923,83,41,10,20,104,13746,7721,6025,1232,3212,10534,7.36100470536884,7.80858222121487,6.78743690456432,6.79538961038961,7.46607596201743,7.32896664989558,221
"222",2019,11,7.58430656934307,137,8.106,6.95322580645161,6.9,7.68,7.56794871794872,75,62,11,20,117,13883,7796,6087,1243,3232,10651,7.36320828927466,7.8114434748589,6.78912557088878,6.79631536604988,7.46739974938119,7.3315918402028,222
"223",2019,12,7.79901960784314,153,8.22472527472527,7.1741935483871,6.6875,8.04827586206897,7.74072580645161,91,62,8,29,124,14036,7887,6149,1251,3261,10775,7.36795886862354,7.81621190947128,6.79300818832331,6.79561950439648,7.47256546764796,7.33630020324826,223
"224",2020,1,7.38043859649123,228,7.79629921259843,6.85752475247525,6.65,7.09833333333333,7.42318181818182,127,101,10,30,198,14264,8014,6250,1261,3291,10973,7.3681583482894,7.81589634764163,6.794050776,6.79446471054718,7.46915405347919,7.33786792034995,224
"225",2020,2,7.47457423357664,137,8.08066666666667,6.74139790322581,6.245,8.07692307692308,7.41142475806452,75,62,4,13,124,14401,8089,6312,1265,3304,11097,7.36917070689536,7.8183512584992,6.79353358998733,6.79272727272727,7.4715453964891,7.33868985852032,225
"226",2020,3,7.45560975609756,123,7.72025316455696,6.98045454545455,6.88888888888889,7.77083333333333,7.37919191919192,79,44,9,24,99,14524,8168,6356,1274,3328,11196,7.36990273684936,7.81740246449559,6.79482756765262,6.79340659340659,7.47370372295673,7.33904799571276,226
"227",2020,4,7.62111111111111,90,7.91090909090909,7.16571428571429,6.875,8.18666666666667,7.508,55,35,4,15,75,14614,8223,6391,1278,3343,11271,7.37144979813877,7.81802788884835,6.79685871068691,6.79366197183098,7.47690277894107,7.34017224381156,227
"228",2020,5,7.17466666666667,105,7.4589552238806,6.67342105263158,6.9,7.575,7.11307692307692,67,38,8,14,91,14719,8290,6429,1286,3357,11362,7.37004601875128,7.81512585404101,6.79612910561518,6.79432348367029,7.4773118826333,7.33835340256997,228
"229",2020,6,7.75198765432099,81,8.03422,7.29677419354839,6.25,8.06788888888889,7.7125,50,31,4,9,72,14800,8340,6460,1290,3366,11434,7.372136375,7.81643936810551,6.79853158204335,6.79263565891473,7.47889096553773,7.34070940703166,229
"230",2020,7,7.65714285714286,91,8.07173913043478,7.23333333333333,6.81818181818182,8.02727272727273,7.60625,46,45,11,11,80,14891,8386,6505,1301,3377,11514,7.3738780706467,7.81783977223945,6.80153943428132,6.79285165257494,7.48067722534794,7.34255439986104,230
"231",2020,8,7.79957633093525,139,8.01860215053764,7.35676326086957,6.72857142857143,7.97954545454545,7.76573598290598,93,46,7,22,117,15030,8479,6551,1308,3399,11631,7.37781500066534,7.82004178912607,6.80543812089758,6.79250764525994,7.48390614592527,7.34681132060872,231
"232",2020,9,7.83059322033898,118,8.02480519480519,7.46585365853659,6.55555555555556,8.25,7.78311320754717,77,41,9,12,106,15148,8556,6592,1317,3411,11737,7.38134205571693,7.82188456404862,6.80954568112864,6.79088838268793,7.48660128701261,7.35075168015677,232
"233",2020,10,7.676,120,8.22,6.94,6.57142857142857,7.98545454545455,7.64477064220184,69,51,7,11,109,15268,8625,6643,1324,3422,11846,7.38365794210113,7.82506948753623,6.81054721210297,6.78972809667674,7.48820484804208,7.35345707158535,233
"234",2020,11,7.56788321167883,137,8.03855421686747,6.84444444444444,6.22222222222222,7.57142857142857,7.56747967479675,83,54,9,14,123,15405,8708,6697,1333,3436,11969,7.38529629730607,7.82710430983004,6.81082053606093,6.78589647411853,7.488543943539,7.35565648508648,234
"235",2020,12,7.50047956834532,139,7.95497938271605,6.86574706896552,6.74,7.55294117647059,7.4931693442623,81,58,10,17,122,15544,8789,6755,1343,3453,12091,7.38632630725682,7.82828281488224,6.81129214803849,6.7855547282204,7.48886098754706,7.35704401042098,235
"236",2021,1,7.58129411764706,170,7.86366972477064,7.07672131147541,6.74285714285714,7.46666666666667,7.59238709677419,109,61,14,15,155,15714,8898,6816,1357,3468,12246,7.38843554282805,7.82871630253989,6.81366761443662,6.78511422254974,7.48876499134948,7.36002279356525,236
"237",2021,2,7.63805938356164,146,8.02470588235294,7.09928967213115,6.55,8.23333333333333,7.56989824427481,85,61,10,15,131,15860,8983,6877,1367,3483,12377,7.39073346721312,7.83057081821218,6.81620112403665,6.78339429407461,7.4919715733563,7.36224414640058,237
"238",2021,3,7.76450364963504,137,8.1894756097561,7.13090909090909,6.57142857142857,8.06531818181818,7.70695652173913,82,55,7,22,115,15997,9065,6932,1374,3505,12492,7.39393447458899,7.83381739216768,6.81869808568956,6.78231441048035,7.49557032524964,7.36541753121998,238
"239",2021,4,7.70204918032787,122,7.93205128205128,7.29431818181818,7.42222222222222,8.375,7.62863636363636,78,44,9,12,110,16119,9143,6976,1383,3517,12602,7.39626650474595,7.83465543694629,6.82169798308486,6.78647866955893,7.49857093829969,7.3677151087129,239
"240",2021,5,7.88405405405405,148,8.11212121212121,7.42326530612245,7.57142857142857,8.02,7.8628125,99,49,7,20,128,16267,9242,7025,1390,3537,12730,7.4007044808508,7.8376276412032,6.82589396868327,6.79043165467626,7.50151936386768,7.37269330714847,240
"241",2021,6,7.71601307189542,153,8.02397959183673,7.16727272727273,6.78571428571429,8.16111111111111,7.65666666666667,98,55,7,18,135,16420,9340,7080,1397,3555,12865,7.40364249634592,7.83958294004282,6.82854592231638,6.79040801717967,7.50485906891702,7.37567320637389,241
"242",2021,7,7.66764705882353,136,7.84470588235294,7.37254901960784,7.33333333333333,8.15833333333333,7.5625,85,51,9,24,112,16556,9425,7131,1406,3579,12977,7.40581117359266,7.83962914164456,6.83243656289441,6.79388335704125,7.50924112601285,7.3772856438314,242
"243",2021,8,7.7790763253012,166,8.08165194690265,7.13396226415094,6.16666666666667,7.56538461538462,7.81876192857143,113,53,6,26,140,16722,9538,7184,1412,3605,13117,7.40951659251286,7.84249646990983,6.8346610704343,6.79121813031161,7.5096460443828,7.38199759624914,243
"244",2021,9,7.8788,175,8.31277227722772,7.28648648648649,7.1,7.92380952380952,7.87266233766234,101,74,5,21,154,16897,9639,7258,1417,3626,13271,7.41437689885778,7.84742414462081,6.83926772251309,6.79230769230769,7.51204467457253,7.38769139250999,244
"245",2021,10,7.72218616883117,154,8.12956989247312,7.10109295081967,6.95,8.26244466666667,7.66388489208633,93,61,10,15,139,17051,9732,7319,1427,3641,13410,7.41715694856607,7.85012035861077,6.84144989752698,6.79341275402943,7.51513613293051,7.39055424832215,245
"246",2021,11,7.74157608695652,184,8.12459016393443,6.98790322580645,7.30416666666667,8.07857142857143,7.69815950920245,122,62,12,21,163,17235,9854,7381,1439,3662,13573,7.42062043109951,7.85351850314593,6.84268009754776,6.79767199444058,7.51836719279083,7.39424832166802,246
"247",2021,12,7.9078640776699,206,8.29664122137405,7.2288,6.6,8.315,7.85417582417582,131,75,15,24,182,17441,9985,7456,1454,3686,13755,7.42637538730577,7.85933213119679,6.84656408261803,6.79563273727648,7.52355416711883,7.40033387640858,247
"248",2022,1,7.72448301886792,265,8.07832335329341,7.12151020408163,6.78571428571429,8.065625,7.67763090128755,167,98,14,32,233,17706,10152,7554,1468,3718,13988,7.43083706822546,7.86293452817179,6.85013102991793,6.79553814713896,7.52821965034965,7.40495285030026,248
"249",2022,2,7.71884615384615,208,8.09511627906977,7.10443037974684,7.7,7.79038461538462,7.70862637362637,129,79,5,26,182,17914,10281,7633,1473,3744,14170,7.43418115049682,7.8658478095516,6.85276297654919,6.79860828241683,7.53004024038462,7.40885324417784,249
"250",2022,3,7.76268396226415,212,8.194712,7.14195402298851,8.25,7.9671875,7.72632777777778,125,87,2,32,180,18126,10406,7720,1475,3776,14350,7.43802328864614,7.86979822506246,6.85602199481865,6.80057627118644,7.53374487817797,7.41283550313589,250
"251",2022,4,7.70952800884956,226,8.082523125,7.05451219512195,6.8125,7.90342857142857,7.6739964921466,144,82,8,35,191,18352,10550,7802,1483,3811,14541,7.44136679707934,7.87270176872038,6.85810815175596,6.80064059339177,7.5371400314878,7.41626592393921,251
"252",2022,5,7.5868582183908,174,7.98047169811321,6.97328426470588,6.8625,7.94791666666667,7.52908886666667,106,68,8,24,150,18526,10656,7870,1491,3835,14691,7.44273328241391,7.87377380442943,6.8591033202033,6.80097250167672,7.5397107327249,7.41741788373835,252
"253",2022,6,7.92173162337662,154,8.31699637362637,7.35079365079365,6.08,8.73863636363636,7.78558083333333,91,63,5,22,132,18680,10747,7933,1496,3857,14823,7.44668219807281,7.87752678235787,6.86300808395311,6.7985628342246,7.54654930256676,7.42069640423666,253
"254",2022,7,7.86089743589744,156,8.16578947368421,7.38606557377049,6.66666666666667,7.55423076923077,7.92223076923077,95,61,6,26,130,18836,10842,7994,1502,3883,14953,7.45011273412614,7.88005260376314,6.8669993907931,6.79803595206391,7.54660073654391,7.42505669765265,254
"255",2022,8,7.76635922330097,206,8.14082089552239,7.06944444444444,6.63,7.6396875,7.78965517241379,134,72,10,32,174,19042,10976,8066,1512,3915,15127,7.453533949165,7.8832361816691,6.86880648772626,6.7969246031746,7.54736159897829,7.42925053216104,255
"256",2022,9,7.91243969325153,163,8.19035601941748,7.43535,6.83333333333333,8.29147619047619,7.856385,103,60,9,21,142,19205,11079,8126,1521,3936,15269,7.45742885342359,7.88609143424497,6.87298967880876,6.79714003944773,7.55133172256098,7.4332228351562,256
"257",2022,10,7.72249591133005,203,7.90446196850394,7.41842105263158,6.33333333333333,7.13461538461539,7.80885124293785,127,76,6,26,177,19408,11206,8202,1527,3962,15446,7.46020134995878,7.88629963144744,6.87804366374055,6.79531761624099,7.54859708732963,7.43752726531141,257
"258",2022,11,7.66133004926108,203,7.90215384615385,7.23246575342466,7.25,7.84034482758621,7.63149425287356,130,73,4,29,174,19611,11336,8275,1531,3991,15620,7.46228330018867,7.88648144583627,6.88117028761329,6.79650555192684,7.55071702831371,7.4396879731114,258
"259",2022,12,7.79148305084746,236,8.18673611111111,7.17282608695652,7.14285714285714,7.88214285714286,7.77927884615385,144,92,14,28,208,19847,11480,8367,1545,4019,15828,7.46619780319444,7.89024770644599,6.88437721166487,6.79964401294498,7.55302604130381,7.44415062800101,259
