"","year","month","avg_rating","no_ratings","avg_rating_owned","avg_rating_not_owned","avg_rating_prev_owned","avg_rating_comment","avg_rating_no_comment","no_ratings_owned","no_ratings_not_owned","no_ratings_prev_owned","no_ratings_comment","no_ratings_no_comment","cum_no_ratings","cum_no_ratings_owned","cum_no_ratings_not_owned","cum_no_ratings_prev_owned","cum_no_ratings_comment","cum_no_ratings_no_comment","cum_avg_rating","cum_avg_rating_owned","cum_avg_rating_not_owned","cum_avg_rating_prev_owned","cum_avg_rating_comment","cum_avg_rating_no_comment","month_after_release"
"1",2004,7,6,2,NA,6,NA,NA,6,0,2,0,0,2,2,0,2,0,0,2,6,NA,6,NA,NA,6,-14
"2",2004,9,7,1,7,NA,NA,NA,7,1,0,0,0,1,3,1,2,0,0,3,6.33333333333333,7,6,NA,NA,6.33333333333333,-12
"3",2004,10,7.5,2,7.5,NA,NA,NA,7.5,2,0,0,0,2,5,3,2,0,0,5,6.8,7.33333333333333,6,NA,NA,6.8,-11
"4",2004,11,6,3,7,4,NA,NA,6,2,1,0,0,3,8,5,3,0,0,8,6.5,7.2,5.33333333333333,NA,NA,6.5,-10
"5",2005,1,6,2,6,NA,NA,NA,6,2,0,0,0,2,10,7,3,0,0,10,6.4,6.85714285714286,5.33333333333333,NA,NA,6.4,-8
"6",2005,2,7,2,8,6,NA,NA,7,1,1,0,0,2,12,8,4,0,0,12,6.5,7,5.5,NA,NA,6.5,-7
"7",2005,3,6.33333333333333,3,7,6,NA,6,6.5,1,2,0,1,2,15,9,6,0,1,14,6.46666666666667,7,5.66666666666667,NA,6,6.5,-6
"8",2005,4,4,2,NA,4,NA,NA,4,0,2,0,0,2,17,9,8,0,1,16,6.17647058823529,7,5.25,NA,6,6.1875,-5
"9",2005,5,6.66666666666667,3,7.5,5,NA,6.66666666666667,NA,2,1,0,3,0,20,11,9,0,4,16,6.25,7.09090909090909,5.22222222222222,NA,6.5,6.1875,-4
"10",2005,7,6,2,NA,6,NA,6,6,0,2,0,1,1,22,11,11,0,5,17,6.22727272727273,7.09090909090909,5.36363636363636,NA,6.4,6.17647058823529,-2
"11",2005,8,6.25,2,NA,6.25,NA,6,6.5,0,2,0,1,1,24,11,13,0,6,18,6.22916666666667,7.09090909090909,5.5,NA,6.33333333333333,6.19444444444444,-1
"12",2005,9,6.5,3,6.75,6,NA,7.5,6,2,1,0,1,2,27,13,14,0,7,20,6.25925925925926,7.03846153846154,5.53571428571429,NA,6.5,6.175,0
"13",2005,10,6.625,4,6.625,NA,NA,6.83333333333333,6,4,0,0,3,1,31,17,14,0,10,21,6.30645161290323,6.94117647058824,5.53571428571429,NA,6.6,6.16666666666667,1
"14",2005,11,6.5,4,6,8,NA,6,6.66666666666667,3,1,0,1,3,35,20,15,0,11,24,6.32857142857143,6.8,5.7,NA,6.54545454545455,6.22916666666667,2
"15",2005,12,5,2,6,4,NA,NA,5,1,1,0,0,2,37,21,16,0,11,26,6.25675675675676,6.76190476190476,5.59375,NA,6.54545454545455,6.13461538461539,3
"16",2006,1,8.5,2,9,8,NA,8,9,1,1,0,1,1,39,22,17,0,12,27,6.37179487179487,6.86363636363636,5.73529411764706,NA,6.66666666666667,6.24074074074074,4
"17",2006,3,6,3,6,6,6,NA,6,1,2,1,0,3,42,23,19,1,12,30,6.34523809523809,6.82608695652174,5.76315789473684,6,6.66666666666667,6.21666666666667,6
"18",2006,4,5.33333333333333,3,NA,5.33333333333333,4.5,NA,5.33333333333333,0,3,2,0,3,45,23,22,3,12,33,6.27777777777778,6.82608695652174,5.70454545454545,5,6.66666666666667,6.13636363636364,7
"19",2006,5,5.58,5,6,4.95,NA,7,4.63333333333333,3,2,0,2,3,50,26,24,3,14,36,6.208,6.73076923076923,5.64166666666667,5,6.71428571428571,6.01111111111111,8
"20",2006,6,6.5,2,7,6,NA,NA,6.5,1,1,0,0,2,52,27,25,3,14,38,6.21923076923077,6.74074074074074,5.656,5,6.71428571428571,6.03684210526316,9
"21",2006,7,6.13333333333333,6,6.13333333333333,NA,NA,6.16,6,6,0,0,5,1,58,33,25,3,19,39,6.21034482758621,6.63030303030303,5.656,5,6.56842105263158,6.03589743589744,10
"22",2006,9,5.03333333333333,6,6.2,4.8,NA,4,5.24,1,5,0,1,5,64,34,30,3,20,44,6.1,6.61764705882353,5.51333333333333,5,6.44,5.94545454545455,12
"23",2006,10,6.4375,8,6.75,5.5,NA,7.25,6.16666666666667,6,2,0,2,6,72,40,32,3,22,50,6.1375,6.6375,5.5125,5,6.51363636363636,5.972,13
"24",2006,11,6.66,5,6.93333333333333,6.25,NA,6,6.825,3,2,0,1,4,77,43,34,3,23,54,6.17142857142857,6.65813953488372,5.55588235294118,5,6.49130434782609,6.03518518518519,14
"25",2006,12,6.21428571428571,7,6.33333333333333,6.125,7,7.16666666666667,5.5,3,4,1,3,4,84,46,38,4,26,58,6.175,6.63695652173913,5.61578947368421,5.5,6.56923076923077,5.99827586206897,15
"26",2007,1,6.33333333333333,9,6.125,6.5,NA,7.33333333333333,5.83333333333333,4,5,0,3,6,93,50,43,4,29,64,6.19032258064516,6.596,5.71860465116279,5.5,6.64827586206897,5.9828125,16
"27",2007,2,5.91666666666667,6,7.125,3.5,2,5.875,6,4,2,1,4,2,99,54,45,5,33,66,6.17373737373737,6.63518518518519,5.62,4.8,6.55454545454545,5.98333333333333,17
"28",2007,3,5.75,6,7,5.125,NA,4.5,6,2,4,0,1,5,105,56,49,5,34,71,6.14952380952381,6.64821428571429,5.57959183673469,4.8,6.49411764705882,5.98450704225352,18
"29",2007,4,6.44444444444444,9,7,5.33333333333333,NA,7,6,6,3,0,4,5,114,62,52,5,38,76,6.17280701754386,6.68225806451613,5.56538461538462,4.8,6.54736842105263,5.98552631578947,19
"30",2007,5,5.5,4,6.5,4.5,NA,4,6,2,2,0,1,3,118,64,54,5,39,79,6.15,6.6765625,5.52592592592593,4.8,6.48205128205128,5.98607594936709,20
"31",2007,6,6.56666666666667,3,6.35,7,NA,6.7,6.5,2,1,0,1,2,121,66,55,5,40,81,6.1603305785124,6.66666666666667,5.55272727272727,4.8,6.4875,5.99876543209877,21
"32",2007,7,7.4,5,8,7.25,6,6,8.33333333333333,1,4,1,2,3,126,67,59,6,42,84,6.20952380952381,6.6865671641791,5.66779661016949,5,6.46428571428571,6.08214285714286,22
"33",2007,8,6.17777777777778,9,6.32,6,NA,5.36666666666667,6.58333333333333,5,4,0,3,6,135,72,63,6,45,90,6.20740740740741,6.66111111111111,5.68888888888889,5,6.39111111111111,6.11555555555556,23
"34",2007,9,6.55,6,7.075,5.5,NA,6.5,6.56,4,2,0,1,5,141,76,65,6,46,95,6.22198581560284,6.68289473684211,5.68307692307692,5,6.39347826086957,6.13894736842105,24
"35",2007,10,5.5,9,6.5,5.21428571428571,NA,6,5.4375,2,7,0,1,8,150,78,72,6,47,103,6.17866666666667,6.67820512820513,5.6375,5,6.38510638297872,6.08446601941748,25
"36",2007,11,5.35,10,6.2,4.5,NA,5.5,5.28571428571429,5,5,0,3,7,160,83,77,6,50,110,6.126875,6.64939759036145,5.56363636363636,5,6.332,6.03363636363636,26
"37",2007,12,6.31578947368421,19,6.13,6.52222222222222,7,6.5,6.20833333333333,10,9,1,7,12,179,93,86,7,57,122,6.14692737430168,6.59354838709677,5.66395348837209,5.28571428571429,6.35263157894737,6.05081967213115,27
"38",2008,1,6.51111111111111,18,6.51666666666667,6.5,6,7.6,6.09230769230769,12,6,1,5,13,197,105,92,8,62,135,6.18020304568528,6.58476190476191,5.71847826086956,5.375,6.45322580645161,6.05481481481482,28
"39",2008,2,5.50769230769231,13,7.52,4.25,NA,5.22,5.6875,5,8,0,5,8,210,110,100,8,67,143,6.13857142857143,6.62727272727273,5.601,5.375,6.36119402985075,6.03426573426573,29
"40",2008,3,5.52631578947368,19,5.83333333333333,5.25,6,4.7,5.82142857142857,9,10,1,5,14,229,119,110,9,72,157,6.08777292576419,6.5672268907563,5.56909090909091,5.44444444444444,6.24583333333333,6.01528662420382,30
"41",2008,4,6.27222222222222,18,7.03,5.325,NA,6.41,6.1,10,8,0,10,8,247,129,118,9,82,165,6.10121457489879,6.6031007751938,5.55254237288135,5.44444444444444,6.26585365853659,6.01939393939394,31
"42",2008,5,6.125,12,6.3125,5.75,NA,6.625,5.875,8,4,0,4,8,259,137,122,9,86,173,6.1023166023166,6.58613138686131,5.55901639344262,5.44444444444444,6.28255813953488,6.01271676300578,32
"43",2008,6,6.68333333333333,18,7.04166666666667,5.96666666666667,7,6.8,6.63846153846154,12,6,1,5,13,277,149,128,10,91,186,6.14007220216607,6.62281879194631,5.578125,5.6,6.31098901098901,6.05645161290323,33
"44",2008,7,5.76923076923077,13,6.14285714285714,5.33333333333333,3,5,6.11111111111111,7,6,1,4,9,290,156,134,11,95,195,6.12344827586207,6.60128205128205,5.56716417910448,5.36363636363636,6.25578947368421,6.05897435897436,34
"45",2008,8,6.33333333333333,9,6.5,6,NA,7,6.14285714285714,6,3,0,2,7,299,162,137,11,97,202,6.12976588628763,6.59753086419753,5.57664233576642,5.36363636363636,6.27113402061856,6.06188118811881,35
"46",2008,9,6.91428571428571,14,7.25555555555556,6.3,6.16666666666667,7.46666666666667,6.5,9,5,3,6,8,313,171,142,14,103,210,6.16485623003195,6.63216374269006,5.60211267605634,5.53571428571429,6.34077669902913,6.07857142857143,36
"47",2008,10,6.46428571428571,14,6.4375,6.5,7,6.83333333333333,6.36363636363636,8,6,1,3,11,327,179,148,15,106,221,6.17767584097859,6.62346368715084,5.63851351351351,5.63333333333333,6.35471698113208,6.09276018099547,37
"48",2008,11,6.12307692307692,13,7.425,4.04,NA,3.625,7.23333333333333,8,5,0,4,9,340,187,153,15,110,230,6.17558823529412,6.65775401069519,5.58627450980392,5.63333333333333,6.25545454545455,6.13739130434783,38
"49",2008,12,6.51785714285714,28,6.85294117647059,6,6.5,6.25,6.59090909090909,17,11,2,6,22,368,204,164,17,116,252,6.20163043478261,6.67401960784314,5.6140243902439,5.73529411764706,6.2551724137931,6.17698412698413,39
"50",2009,1,6.19444444444444,18,6.27777777777778,6.11111111111111,7.5,5.35714285714286,6.72727272727273,9,9,1,7,11,386,213,173,18,123,263,6.20129533678756,6.65727699530517,5.63988439306358,5.83333333333333,6.20406504065041,6.2,40
"51",2009,2,6.69047619047619,21,6.90909090909091,6.45,8,7.16666666666667,6.5,11,10,2,6,15,407,224,183,20,129,278,6.22653562653563,6.66964285714286,5.68415300546448,6.05,6.24883720930233,6.21618705035971,41
"52",2009,3,6.36,25,6.59090909090909,6.17857142857143,5,6.125,6.47058823529412,11,14,2,8,17,432,235,197,22,137,295,6.23425925925926,6.66595744680851,5.71928934010152,5.95454545454545,6.24160583941606,6.23084745762712,42
"53",2009,4,6.76739130434783,23,7.1375,6.36363636363636,6.475,6.57142857142857,6.853125,12,11,2,7,16,455,247,208,24,144,311,6.26120879120879,6.68886639676114,5.75336538461538,5.99791666666667,6.25763888888889,6.26286173633441,43
"54",2009,5,6.64444444444444,18,7.21666666666667,5.5,NA,6.58333333333333,6.675,12,6,0,6,12,473,259,214,24,150,323,6.27579281183932,6.71332046332046,5.74626168224299,5.99791666666667,6.27066666666667,6.278173374613,44
"55",2009,6,6.285,20,6.17142857142857,6.34615384615385,5.75,6.16666666666667,6.30588235294118,7,13,2,3,17,493,266,227,26,153,340,6.2761663286004,6.69906015037594,5.78061674008811,5.97884615384615,6.26862745098039,6.27955882352941,45
"56",2009,7,6.29411764705882,17,7.14285714285714,5.7,6,6.5,6.11111111111111,7,10,3,8,9,510,273,237,29,161,349,6.27676470588235,6.71043956043956,5.77721518987342,5.98103448275862,6.28012422360248,6.27521489971347,46
"57",2009,8,6.22857142857143,14,7,5.92,NA,6.5,6.18333333333333,4,10,0,2,12,524,277,247,29,163,361,6.27547709923664,6.71462093862816,5.782995951417,5.98103448275862,6.28282208588957,6.27216066481994,47
"58",2009,9,6.42307692307692,13,6.66666666666667,6.21428571428571,6.5,6.66666666666667,6.35,6,7,2,3,10,537,283,254,31,166,371,6.27905027932961,6.71360424028269,5.79488188976378,6.01451612903226,6.28975903614458,6.27425876010782,48
"59",2009,10,6.21176470588235,17,6.56,5.71428571428571,5,5.9,6.30769230769231,10,7,1,4,13,554,293,261,32,170,384,6.27698555956679,6.70836177474403,5.79272030651341,5.9828125,6.28058823529412,6.275390625,49
"60",2009,11,5.96153846153846,26,6.66666666666667,5,NA,4.85714285714286,6.36842105263158,15,11,0,7,19,580,308,272,32,177,403,6.26284482758621,6.70633116883117,5.76066176470588,5.9828125,6.22429378531073,6.27977667493796,50
"61",2009,12,5.99285714285714,28,6.36666666666667,5.56153846153846,6.125,5.66666666666667,6.08181818181818,15,13,4,6,22,608,323,285,36,183,425,6.25041118421053,6.6905572755418,5.75157894736842,5.99861111111111,6.20601092896175,6.26952941176471,51
"62",2010,1,6.3625,16,7,5.3,6.4,6.5,6.34285714285714,10,6,2,2,14,624,333,291,38,185,439,6.25328525641026,6.69984984984985,5.74226804123711,6.01973684210526,6.20918918918919,6.27186788154897,52
"63",2010,2,6.5,20,7.07692307692308,5.42857142857143,5,6,6.625,13,7,1,4,16,644,346,298,39,189,455,6.26094720496894,6.71401734104046,5.73489932885906,5.99358974358974,6.2047619047619,6.28428571428571,53
"64",2010,3,6.55769230769231,13,6.89285714285714,6.16666666666667,NA,7.25,6.5,7,6,0,1,12,657,353,304,39,190,467,6.26681887366819,6.71756373937677,5.74342105263158,5.99358974358974,6.21026315789474,6.28982869379015,54
"65",2010,4,6.5,14,6.77777777777778,6,4,NA,6.5,9,5,1,0,14,671,362,309,40,190,481,6.27168405365127,6.71906077348066,5.74757281553398,5.94375,6.21026315789474,6.29594594594595,55
"66",2010,5,5.8125,16,6.35714285714286,5.38888888888889,5,6.75,5.67857142857143,7,9,1,2,14,687,369,318,41,192,495,6.26098981077147,6.71219512195122,5.7374213836478,5.92073170731707,6.21588541666667,6.27848484848485,56
"67",2010,6,6.50555555555556,9,6.51,6.5,8,5.9,6.67857142857143,5,4,1,2,7,696,374,322,42,194,502,6.26415229885057,6.70949197860963,5.74689440993789,5.97023809523809,6.21262886597938,6.28406374501992,57
"68",2010,7,5.88235294117647,17,6.5,5.33333333333333,6,6.2,5.75,8,9,1,5,12,713,382,331,43,199,514,6.25504908835905,6.70510471204189,5.73564954682779,5.97093023255814,6.21231155778894,6.2715953307393,58
"69",2010,8,5.80769230769231,13,6.5,5.6,5.34,6,5.75,3,10,5,3,10,726,385,341,48,202,524,6.24703856749311,6.70350649350649,5.7316715542522,5.90520833333333,6.20915841584158,6.26164122137405,59
"70",2010,9,6.3,15,6.71428571428571,5.9375,6,7.625,5.81818181818182,7,8,2,4,11,741,392,349,50,206,535,6.24811066126856,6.70369897959184,5.73638968481375,5.909,6.23665048543689,6.25252336448598,60
"71",2010,10,6.465,20,6.34615384615385,6.68571428571429,7,6.83333333333333,6.4,13,7,1,3,17,761,405,356,51,209,552,6.25381077529566,6.69222222222222,5.75505617977528,5.93039215686274,6.24521531100478,6.2570652173913,61
"72",2010,11,6.348,25,6.54666666666667,6.05,5,7,6.25909090909091,15,10,1,3,22,786,420,366,52,212,574,6.25680661577608,6.68702380952381,5.76311475409836,5.9125,6.25589622641509,6.25714285714286,62
"73",2010,12,6.76470588235294,17,7.2,6.14285714285714,6,6.25,6.83333333333333,10,7,1,2,15,803,430,373,53,214,589,6.26755915317559,6.69895348837209,5.77024128686327,5.91415094339623,6.25584112149533,6.27181663837012,63
"74",2011,1,6.66428571428571,28,7.03529411764706,6.09090909090909,6.25,8,6.504,17,11,2,3,25,831,447,384,55,217,614,6.2809265944645,6.71174496644295,5.77942708333333,5.92636363636364,6.27995391705069,6.28127035830619,64
"75",2011,2,6.71818181818182,22,6.98181818181818,6.45454545454545,6,6.3,6.84117647058823,11,11,2,5,17,853,458,395,57,222,631,6.292203985932,6.71823144104804,5.79822784810127,5.92894736842105,6.2804054054054,6.29635499207607,65
"76",2011,3,6.67391304347826,23,6.89285714285714,6.33333333333333,7.8,6.9,6.61111111111111,14,9,1,5,18,876,472,404,58,227,649,6.30222602739726,6.72341101694915,5.81014851485148,5.96120689655172,6.29405286343612,6.30508474576271,66
"77",2011,4,5.80454545454545,22,6.19230769230769,5.24444444444444,NA,6.1875,5.58571428571429,13,9,0,8,14,898,485,413,58,235,663,6.29003340757238,6.70917525773196,5.79782082324455,5.96120689655172,6.29042553191489,6.28989441930618,67
"78",2011,5,6.195,20,6.70833333333333,5.425,6.5,6.5,6.03076923076923,12,8,1,7,13,918,497,421,59,242,676,6.28796296296296,6.70915492957747,5.79073634204275,5.97033898305085,6.29648760330578,6.28491124260355,68
"79",2011,6,6.58333333333333,18,6.85,6.25,6,6.5,6.625,10,8,1,6,12,936,507,429,60,248,688,6.29364316239316,6.71193293885602,5.7993006993007,5.97083333333333,6.30141129032258,6.29084302325581,69
"80",2011,7,5.93181818181818,22,6.90909090909091,4.95454545454545,4.5,6.05555555555556,5.84615384615385,11,11,4,9,13,958,518,440,64,257,701,6.28533402922756,6.71611969111969,5.77818181818182,5.87890625,6.29280155642023,6.28259629101284,70
"81",2011,8,6.16818181818182,22,6.80833333333333,5.4,5.66666666666667,7,6.085,12,10,3,2,20,980,530,450,67,259,721,6.28270408163265,6.71820754716981,5.76977777777778,5.86940298507463,6.29826254826255,6.27711511789182,71
"82",2011,9,6.065,20,6.48,5.65,4.875,4.33333333333333,6.37058823529412,10,10,4,3,17,1000,540,460,71,262,738,6.27835,6.7137962962963,5.76717391304348,5.81338028169014,6.27576335877863,6.27926829268293,72
"83",2011,10,6.11538461538461,26,6.8,5.6875,5.5,6.16666666666667,6.1,10,16,2,6,20,1026,550,476,73,268,758,6.27422027290448,6.71536363636364,5.76449579831933,5.80479452054795,6.27332089552239,6.2745382585752,73
"84",2011,11,6.58,20,7,5.6,7.25,8.75,6.33888888888889,14,6,2,2,18,1046,564,482,75,270,776,6.28006692160612,6.72242907801418,5.76244813278008,5.84333333333333,6.29166666666667,6.27603092783505,74
"85",2011,12,5.92,25,6.26923076923077,5.54166666666667,6,5.83333333333333,5.93181818181818,13,12,1,3,22,1071,577,494,76,273,798,6.27166199813259,6.71221837088388,5.75708502024291,5.84539473684211,6.28663003663004,6.26654135338346,75
"86",2012,1,6.21111111111111,36,6.73,5.5625,6.66666666666667,6.2,6.21290322580645,20,16,3,5,31,1107,597,510,79,278,829,6.2696928635953,6.71281407035176,5.75098039215686,5.87658227848101,6.28507194244604,6.26453558504222,76
"87",2012,2,6.36666666666667,18,7.41666666666667,5.84166666666667,6.125,6.8,6.09090909090909,6,12,4,7,11,1125,603,522,83,285,840,6.27124444444445,6.7198175787728,5.75306513409962,5.88855421686747,6.29771929824561,6.26226190476191,77
"88",2012,3,6.22631578947368,19,6.775,5.28571428571429,2,6.68571428571429,5.95833333333333,12,7,1,7,12,1144,615,529,84,292,852,6.27049825174825,6.72089430894309,5.7468809073724,5.84226190476191,6.3070205479452,6.25798122065728,78
"89",2012,4,5.61578947368421,19,6.31428571428571,5.20833333333333,6.33333333333333,6.33333333333333,5.28461538461538,7,12,3,6,13,1163,622,541,87,298,865,6.25980223559759,6.71631832797428,5.73493530499076,5.85919540229885,6.30755033557047,6.24335260115607,79
"90",2012,5,6.58,15,6.94444444444444,6.03333333333333,6,7.2,6.27,9,6,2,5,10,1178,631,547,89,303,875,6.26387945670628,6.71957210776545,5.7382084095064,5.8623595505618,6.32227722772277,6.24365714285714,80
"91",2012,6,6.65217391304348,23,6.65,6.65384615384615,6.5,7.66666666666667,6.5,10,13,2,3,20,1201,641,560,91,306,895,6.27131557035803,6.71848673946958,5.75946428571428,5.87637362637363,6.33545751633987,6.24938547486034,81
"92",2012,7,7.30526315789474,19,7.88461538461539,6.05,NA,8,6.98461538461538,13,6,0,6,13,1220,654,566,91,312,908,6.28741803278689,6.74166666666667,5.76254416961131,5.87637362637363,6.36746794871795,6.25991189427313,82
"93",2012,8,6.11333333333333,15,6.525,5.64285714285714,6,6.4,6.04166666666667,8,7,1,3,12,1235,662,573,92,315,920,6.2853036437247,6.73904833836858,5.76108202443281,5.87771739130435,6.36777777777778,6.2570652173913,83
"94",2012,9,6.75714285714286,21,6.9,6.4,6.75,7.3125,6.41538461538462,15,6,2,8,13,1256,677,579,94,323,933,6.29319267515924,6.74261447562777,5.76770293609672,5.89627659574468,6.39117647058823,6.25927116827438,84
"95",2012,10,6.56551724137931,29,6.92142857142857,6.23333333333333,5.875,6.3,6.62083333333333,14,15,4,5,24,1285,691,594,98,328,957,6.29933852140078,6.74623733719247,5.77946127946128,5.89540816326531,6.38978658536585,6.26833855799373,85
"96",2012,11,6.30434782608696,23,6.8,5.92307692307692,7,6,6.36842105263158,10,13,1,4,19,1308,701,607,99,332,976,6.29942660550459,6.74700427960057,5.7825370675453,5.90656565656566,6.38509036144578,6.2702868852459,86
"97",2012,12,6.12241379310345,29,7.07142857142857,5.23666666666667,5.55,6.6,6.02291666666667,14,15,1,5,24,1337,715,622,100,337,1000,6.29558713537771,6.75335664335664,5.7693729903537,5.903,6.38827893175074,6.26435,87
"98",2013,1,6.60138888888889,36,7.1,5.978125,5,7.3,6.48870967741935,20,16,2,5,31,1373,735,638,102,342,1031,6.30360524399126,6.76278911564626,5.77460815047022,5.88529411764706,6.4016081871345,6.27109602327837,88
"99",2013,2,5.88461538461539,26,6.30769230769231,5.46153846153846,6.5,5.42857142857143,6.05263157894737,13,13,4,7,19,1399,748,651,106,349,1050,6.2958184417441,6.75487967914438,5.76835637480799,5.90849056603774,6.38209169054441,6.26714285714286,89
"100",2013,3,6.92857142857143,14,7,6.85714285714286,NA,9,6.76923076923077,7,7,0,1,13,1413,755,658,106,350,1063,6.30208775654635,6.75715231788079,5.77993920972644,5.90849056603774,6.38957142857143,6.27328316086547,90
"101",2013,4,6.24375,16,6.16666666666667,6.29,6.5,7.5,6.06428571428571,6,10,3,2,14,1429,761,668,109,352,1077,6.30143456962911,6.75249671484888,5.7875748502994,5.92477064220183,6.39588068181818,6.27056638811513,91
"102",2013,5,6.44855481481481,27,6.97406533333333,5.79166666666667,7.5,7.18516333333333,6.23809523809524,15,12,2,6,21,1456,776,680,111,358,1098,6.30416276098901,6.75677961340206,5.78764705882353,5.95315315315315,6.40910888268156,6.26994535519126,92
"103",2013,6,5.78260869565217,23,6.71428571428571,4.33333333333333,5,5.71428571428571,5.8125,14,9,1,7,16,1479,790,689,112,365,1114,6.29605204868154,6.75602655696202,5.76865021770682,5.94464285714286,6.39578350684931,6.26337522441652,93
"104",2013,7,5.97826086956522,23,6.59090909090909,5.41666666666667,5.25,6.08333333333333,5.94117647058824,11,12,4,6,17,1502,801,701,116,371,1131,6.29118573901465,6.75375902621723,5.76262482168331,5.92068965517241,6.39073040431267,6.25853227232537,94
"105",2013,8,6.13333333333333,27,6.83333333333333,5.78333333333333,5.2625,7.11111111111111,5.64444444444444,9,18,8,9,18,1529,810,719,124,380,1149,6.28839828646174,6.75464318518518,5.76314325452017,5.87822580645161,6.40779205263158,6.24891209747607,95
"106",2013,9,6.2875,16,6.23846153846154,6.5,NA,4,6.44,13,3,0,1,15,1545,823,722,124,381,1164,6.28838898381877,6.74648964763062,5.76620498614959,5.87822580645161,6.40147238845144,6.25137457044673,96
"107",2013,10,6.91,23,7.19533333333333,6.375,NA,7.646,6.70555555555556,15,8,0,5,18,1568,838,730,124,386,1182,6.29750700255102,6.7545238424821,5.77287671232877,5.87822580645161,6.41759321243523,6.2582910321489,97
"108",2013,11,6.33666666666667,30,6.90588235294118,5.59230769230769,6.33333333333333,5.5,6.39642857142857,17,13,3,2,28,1598,855,743,127,388,1210,6.29824216520651,6.75753330994152,5.76971736204576,5.88897637795276,6.41286335051546,6.26148760330578,98
"109",2013,12,6.125,24,6.5,5.80769230769231,7.25,4.5,6.35714285714286,11,13,2,3,21,1622,866,756,129,391,1231,6.29567877928483,6.75426210161663,5.77037037037037,5.91007751937985,6.39818664961637,6.26311941510967,99
"110",2014,1,5.95,40,5.79411764705882,6.06521739130435,6.83333333333333,5.25,6.07352941176471,17,23,3,6,34,1662,883,779,132,397,1265,6.28735919374248,6.73577687429218,5.7790757381258,5.93106060606061,6.38083370277078,6.25802371541502,100
"111",2014,2,6.41212121212121,33,6.75625,6.08823529411765,5.625,6.9375,6.244,16,17,4,8,25,1695,899,796,136,405,1290,6.28978818879056,6.7361412458287,5.7856783919598,5.92205882352941,6.39182958024691,6.2577519379845,101
"112",2014,3,6.49047619047619,21,7.13333333333333,6.23333333333333,6.9,6.5,6.48823529411765,6,15,5,4,17,1716,905,811,141,409,1307,6.29224416083916,6.73877456353591,5.79395807644883,5.95673758865248,6.39288748166259,6.26074980872226,102
"113",2014,4,6.70645161290323,31,7.37857142857143,6.15294117647059,5.96666666666667,7.5,6.65172413793103,14,17,3,2,29,1747,919,828,144,411,1336,6.29959414997138,6.74852119695321,5.80132850241546,5.95694444444444,6.39827489051095,6.26923652694611,103
"114",2014,5,7.32142857142857,14,7.4375,7.16666666666667,7.5,8,7.05,8,6,2,4,10,1761,927,834,146,415,1346,6.30771776263487,6.75446707659115,5.81115107913669,5.97808219178082,6.41371320481928,6.27503714710253,104
"115",2014,6,6.59615384615385,26,7.40588235294118,5.06666666666667,4.5,6.2,6.7421052631579,17,9,2,7,19,1787,944,843,148,422,1365,6.31191437045327,6.7661980720339,5.80320284697509,5.95810810810811,6.41016819905213,6.28153846153846,105
"116",2014,7,6.325,32,6.995,5.20833333333333,5.5,7.3,6.14444444444444,20,12,2,5,27,1819,964,855,150,427,1392,6.31214457394173,6.770945,5.79485380116959,5.952,6.42058777517564,6.27887931034483,106
"117",2014,8,6.41714285714286,35,6.85882352941176,6,6.675,6.96153846153846,6.09545454545455,17,18,4,13,22,1854,981,873,154,440,1414,6.31412674217907,6.7724678695209,5.79908361970218,5.97077922077922,6.43657040909091,6.27602545968883,107
"118",2014,9,6.18709677419355,31,7.25,5.51578947368421,5.9,6.1,6.21739130434783,12,19,5,8,23,1885,993,892,159,448,1437,6.31203765517241,6.77823865055388,5.79304932735426,5.9685534591195,6.43056022321429,6.27508698677801,108
"119",2014,10,6.25777777777778,45,6.78,5.84,3.5,6.3125,6.24594594594595,20,25,2,8,37,1930,1013,917,161,456,1474,6.31077252849741,6.7782734254689,5.79432933478735,5.93788819875776,6.42848899122807,6.27435549525102,109
"120",2014,11,6.58292682926829,41,6.75555555555556,6.25,6.5,7.31818181818182,6.31333333333333,27,14,1,11,30,1971,1040,931,162,467,1504,6.3164337798072,6.77768363461538,5.80118152524168,5.94135802469136,6.44944535331906,6.2751329787234,110
"121",2014,12,6.46973684210526,38,6.41666666666667,6.53529411764706,6.375,6.78571428571429,6.39838709677419,21,17,4,7,31,2009,1061,948,166,474,1535,6.31933348929816,6.77053815268614,5.81434599156118,5.95180722891566,6.45441135021097,6.27762214983713,111
"122",2015,1,6.57692307692308,39,6.58333333333333,6.55555555555556,NA,7.38888888888889,6.33333333333333,30,9,0,9,30,2048,1091,957,166,483,1565,6.32423875976562,6.76539044912924,5.82131661442006,5.95180722891566,6.47182397515528,6.27869009584665,112
"123",2015,2,6.74324324324324,37,7.35416666666667,5.61538461538461,7,7.33333333333333,6.62903225806452,24,13,3,6,31,2085,1115,970,169,489,1596,6.33167433093525,6.77806365919283,5.81855670103093,5.97041420118343,6.48239464212679,6.28549498746867,113
"124",2015,3,6.50384615384615,39,6.99473684210526,6.0375,5.875,7.2,6.40147058823529,19,20,4,5,34,2124,1134,990,173,494,1630,6.3348356779661,6.78169398589065,5.8229797979798,5.96820809248555,6.48965785425101,6.28791411042945,114
"125",2015,4,6.45717391304348,46,6.77708333333333,6.10818181818182,6.28571428571429,6.2,6.54794117647059,24,22,7,12,34,2170,1158,1012,180,506,1664,6.33742902304147,6.7815984283247,5.82917984189724,5.98055555555556,6.48278849802372,6.29322716346154,115
"126",2015,5,6.725,34,7.17291666666667,5.65,6,7.12,6.65689655172414,24,10,1,5,29,2204,1182,1022,181,511,1693,6.34340788566243,6.78954397631134,5.82742661448141,5.98066298342541,6.48902344422701,6.29945658594211,116
"127",2015,6,6.585,30,6.74318181818182,6.15,5.33333333333333,6.06666666666667,6.71458333333333,22,8,3,6,24,2234,1204,1030,184,517,1717,6.34665218442256,6.78869682724252,5.82993203883495,5.97010869565217,6.48412181818182,6.30525917297612,117
"128",2015,7,6.66206896551724,58,6.88529411764706,6.34583333333333,6.7,6.96363636363636,6.59148936170213,34,24,5,11,47,2292,1238,1054,189,528,1764,6.35463393542757,6.79134974151858,5.84167931688805,5.98941798941799,6.49411170454546,6.31288548752834,118
"129",2015,8,6.43405797101449,69,7.05142857142857,5.79852941176471,6,6.40909090909091,6.43879310344828,35,34,2,11,58,2361,1273,1088,191,539,1822,6.3569550952986,6.79850037706206,5.84033088235294,5.98952879581152,6.49237658627087,6.31689352360044,119
"130",2015,9,6.64246666666667,45,7.32182142857143,5.52352941176471,5.75,7.02007692307692,6.4890625,28,17,4,13,32,2406,1301,1105,195,552,1854,6.3622950872818,6.80976324365872,5.83545701357466,5.98461538461538,6.5048043115942,6.31986515641855,120
"131",2015,10,6.35111111111111,45,7.03076923076923,5.42105263157895,6.25,6.625,6.32439024390244,26,19,2,4,41,2451,1327,1124,197,556,1895,6.36208975112199,6.81409342878674,5.82845195729537,5.98730964467005,6.50566902877698,6.31996306068601,121
"132",2015,11,6.49772727272727,44,6.65416666666667,6.31,7.325,6.64285714285714,6.47027027027027,24,20,4,7,37,2495,1351,1144,201,563,1932,6.36448175551102,6.81125239082161,5.83687062937063,6.01393034825871,6.50737474245115,6.32284161490683,122
"133",2015,12,7.13877551020408,49,7.28611111111111,6.73076923076923,7.625,7.72222222222222,7.0075,36,13,4,9,40,2544,1387,1157,205,572,1972,6.37939543238994,6.82357749098774,5.84691443388073,6.04536585365854,6.52648947552448,6.33672920892495,123
"134",2016,1,6.75,60,7.09761904761905,5.93888888888889,7,7.14142857142857,6.69830188679245,42,18,2,7,53,2604,1429,1175,207,579,2025,6.38793470814132,6.83163189643107,5.84832340425532,6.05458937198068,6.53392397236615,6.34619259259259,124
"135",2016,2,6.80049807692308,52,7.23333333333333,6.333036,6.25,6.45833333333333,6.9031475,27,25,8,12,40,2656,1456,1200,215,591,2065,6.39601200301205,6.83908103021978,5.85842158333333,6.06186046511628,6.53238913705584,6.3569810653753,125
"136",2016,3,6.5804,50,7.03777777777778,6.04347826086957,6.75,6.3,6.64195121951219,27,23,4,9,41,2706,1483,1223,219,600,2106,6.39941902439024,6.84269857046527,5.86190179885527,6.07442922374429,6.5289033,6.36252891737892,126
"137",2016,4,7.25172413793103,58,7.65526315789474,6.485,7.375,7.96363636363636,7.08510638297872,38,20,4,11,47,2764,1521,1243,223,611,2153,6.41730386396527,6.86299932938856,5.87192751407884,6.09775784753363,6.55473319148936,6.3783027868091,127
"138",2016,5,6.69454545454545,55,7.2875,5.8695652173913,7.5,7.3125,6.58936170212766,32,23,2,8,47,2819,1553,1266,225,619,2200,6.42271297623271,6.87174628461043,5.8718845971564,6.11022222222222,6.56452662358643,6.38281177272727,128
"139",2016,6,7.0551282051282,39,7.68181818181818,6.24411764705882,6.41666666666667,7,7.06323529411765,22,17,6,5,34,2858,1575,1283,231,624,2234,6.43134285514346,6.88306157460317,5.87681675759938,6.11818181818182,6.56801599358974,6.39316736794986,129
"140",2016,7,6.55,50,7.11666666666667,5.7,6,6.85714285714286,6.43055555555556,30,20,3,14,36,2908,1605,1303,234,638,2270,6.43338303988996,6.88742802492212,5.87410276285495,6.11666666666667,6.57436047021944,6.39376030837004,130
"141",2016,8,6.86666666666667,54,7.16666666666667,6.3952380952381,5.33333333333333,6.775,6.89285714285714,33,21,3,12,42,2962,1638,1324,237,650,2312,6.44128220121539,6.89305371184371,5.88236850453172,6.10675105485232,6.57806458461538,6.40282694636678,131
"142",2016,9,6.57811320754717,53,7.37166666666667,5.54304347826087,5,7,6.49181818181818,30,23,8,9,44,3015,1668,1347,245,659,2356,6.44368752238806,6.90166185851319,5.87657453600594,6.07061224489796,6.58382698027314,6.40448892190153,132
"143",2016,10,6.51296296296296,54,6.86060606060606,5.96666666666667,6.075,7.43333333333333,6.39791666666667,33,21,4,6,48,3069,1701,1368,249,665,2404,6.44490644509612,6.90086536155203,5.87795752923977,6.07068273092369,6.59149169924812,6.40435769550749,133
"144",2016,11,6.61583333333333,60,6.92065217391304,5.61428571428571,6.35,6.29166666666667,6.696875,46,14,6,12,48,3129,1747,1382,255,677,2452,6.44818404602109,6.90138636519748,5.87528646888567,6.07725490196078,6.58617722304284,6.41008397226754,134
"145",2016,12,6.36203125,64,6.63233333333333,6.12352941176471,5.9,6.68,6.31,30,34,5,9,55,3193,1777,1416,260,686,2507,6.44645721265268,6.89684410804727,5.88124710451978,6.07384615384615,6.58740813411079,6.40788827283606,135
"146",2017,1,6.52654320987654,81,6.924,5.88548387096774,5.375,7.10416666666667,6.42608695652174,50,31,2,12,69,3274,1827,1447,262,698,2576,6.44843857055589,6.89758729064039,5.88133787145819,6.06851145038168,6.59629223495702,6.40837573757764,136
"147",2017,2,6.48545454545455,55,7.04545454545455,5.64545454545455,5,6.125,6.5468085106383,33,22,1,8,47,3329,1860,1469,263,706,2623,6.44905012916792,6.90021074193548,5.877805241661,6.06444866920152,6.59095181303116,6.41085623332062,137
"148",2017,3,6.67280701754386,57,6.95,6.02058823529412,6,7.33333333333333,6.63611111111111,40,17,2,3,54,3386,1900,1486,265,709,2677,6.45281685764914,6.9012589368421,5.87943869448183,6.06396226415094,6.5940930606488,6.41540003735525,138
"149",2017,4,6.75111111111111,54,7.2948275862069,6.1204,7,7.20833333333333,6.69395833333333,29,25,1,6,48,3440,1929,1511,266,715,2725,6.45749938372093,6.90717572835666,5.88342547981469,6.06748120300752,6.59924752447552,6.42030675229358,139
"150",2017,5,6.56177419354839,62,6.896875,6.20433333333333,6.5625,6.125,6.59189655172414,32,30,8,4,58,3502,1961,1541,274,719,2783,6.45934548258138,6.90700763895971,5.88967287475665,6.08193430656934,6.59660915159944,6.42388282429033,140
"151",2017,6,7.17164179104478,67,7.71621621621622,6.5,7.21428571428571,6.92857142857143,7.2,37,30,7,7,60,3569,1998,1571,281,726,2843,6.47271725413281,6.92199298298298,5.90132775302355,6.11014234875445,6.59980988980716,6.44026236370032,141
"152",2017,7,6.34146341463415,41,6.75,5.95238095238095,6.2,5,6.52777777777778,20,21,5,5,36,3610,2018,1592,286,731,2879,6.47122655955679,6.92028839444995,5.90200119346734,6.11171328671329,6.58886727770178,6.44135668634943,142
"153",2017,8,6.390625,64,6.7625,5.77083333333333,6,6.54166666666667,6.35576923076923,40,24,5,12,52,3674,2058,1616,291,743,2931,6.46982250408274,6.91722156462585,5.9000531559406,6.10979381443299,6.58810495289367,6.43983824633231,143
"154",2017,9,6.79603174603175,63,7.25,6.05833333333333,5.75,6.66153846153846,6.831,39,24,6,13,50,3737,2097,1640,297,756,2981,6.47532188386406,6.92341057701478,5.90236945121951,6.10252525252525,6.5893676984127,6.44639916135525,144
"155",2017,10,6.84084745762712,59,7.13810810810811,6.34090909090909,6,7.33333333333333,6.71510638297872,37,22,5,12,47,3796,2134,1662,302,768,3028,6.48100312961012,6.92713307403936,5.90817442839952,6.10082781456954,6.60099216145833,6.45056998018494,145
"156",2017,11,6.83035714285714,56,7.1875,5.9375,5.8,6.5,6.87,40,16,5,6,50,3852,2174,1678,307,774,3078,6.48608200415369,6.93192363385465,5.90845405244339,6.09592833876221,6.60020927648579,6.45738333333333,146
"157",2017,12,6.97846153846154,65,7.32826086956522,6.13157894736842,5.66666666666667,6.6,7.05555555555556,46,19,6,11,54,3917,2220,1697,313,785,3132,6.49425271381159,6.94013602702703,5.91095220978197,6.08769968051118,6.60020634394905,6.46769664750958,147
"158",2018,1,6.59712643678161,87,6.975,6.08648648648649,6.16666666666667,7.17857142857143,6.48561643835616,50,37,12,14,73,4004,2270,1734,325,799,3205,6.49648798201798,6.94090395594714,5.91469775086505,6.09061538461538,6.61034040050063,6.4681048049922,148
"159",2018,2,6.70813953488372,86,6.94509803921569,6.36285714285714,7.42857142857143,7.36363636363636,6.612,51,35,7,11,75,4090,2321,1769,332,810,3280,6.50093835696822,6.94099611374408,5.92356466930469,6.11882530120482,6.62057034567901,6.47139509146341,149
"160",2018,3,6.90140243902439,82,7.24669642857143,6.15769230769231,7.33333333333333,7.64055555555556,6.81027397260274,56,26,3,9,73,4172,2377,1795,335,819,3353,6.50880941514861,6.94819814051325,5.92695593314764,6.12970149253731,6.63177897435898,6.47877300924545,150
"161",2018,4,6.79607142857143,84,7.16265306122449,6.28285714285714,6.65,7.12666666666667,6.72420289855072,49,35,6,15,69,4256,2426,1830,341,834,3422,6.51447906015038,6.95252967023908,5.93376278688525,6.13885630498534,6.64067983213429,6.48372177089422,151
"162",2018,5,6.7,77,7.02545454545455,5.88636363636364,7.25,6.87,6.64035087719298,55,22,2,20,57,4333,2481,1852,343,854,3479,6.51777587814447,6.95414630390971,5.9331997300216,6.14533527696793,6.64605032786885,6.48628798505318,152
"163",2018,6,6.83355263157895,76,7.4,5.80555555555556,6.875,6.82222222222222,6.83706896551724,49,27,4,18,58,4409,2530,1879,347,872,3537,6.52321907008392,6.96278141501976,5.93136556679085,6.15374639769452,6.64968690366973,6.4920401187447,153
"164",2018,7,7.05085863636364,66,7.57333341463415,6.194,NA,7.75,6.87937113207547,41,25,0,13,53,4475,2571,1904,347,885,3590,6.53100101675978,6.97251795021392,5.93481402310925,6.15374639769452,6.66584969491525,6.49775837604457,154
"165",2018,8,6.68214285714286,84,7.08723404255319,6.16756756756757,6.07142857142857,7.2,6.5695652173913,47,37,7,15,69,4559,2618,1941,354,900,3659,6.53378581925861,6.97457740641711,5.93925085007728,6.1521186440678,6.6747522,6.49911248155234,155
"166",2018,9,6.74647887323944,71,7.17777777777778,6,4.5,7.2,6.71212121212121,45,26,4,5,66,4630,2663,1967,358,905,3725,6.53704741900648,6.97801113405933,5.94005383833249,6.13365921787709,6.67765412154696,6.50288659597316,156
"167",2018,10,6.91973684210526,76,7.06222222222222,6.71290322580645,5.4,6.2375,7.10166666666667,45,31,5,16,60,4706,2708,1998,363,921,3785,6.54322769868253,6.97941050590842,5.952044994995,6.12355371900826,6.67000757871878,6.51237848612946,157
"168",2018,11,6.43657894736842,76,7.12046511627907,5.54545454545455,4.9,6.18181818181818,6.47969230769231,43,33,5,11,65,4782,2751,2031,368,932,3850,6.54153273734839,6.98161528535078,5.94543865091088,6.10692934782609,6.66424568669528,6.51182664155844,158
"169",2018,12,6.97785313559322,118,7.31718879518072,6.17314285714286,6.07142857142857,7.02666666666667,6.96728525773196,83,35,7,21,97,4900,2834,2066,375,953,3947,6.55204004489796,6.99144330275229,5.94929617618587,6.10626666666667,6.67223187827912,6.52301982265011,159
"170",2019,1,7.01526694805195,154,7.24725788990826,6.45333333333333,6.77272727272727,7.36315789473684,6.96630451851852,109,45,11,19,135,5054,2943,2111,386,972,4082,6.56615499208548,7.0009179170914,5.96004069161535,6.12525906735751,6.68573763374486,6.53768014453699,160
"171",2019,2,6.82428571428571,112,7.3296,5.8,5.9,6.5,6.8632,75,37,5,12,100,5166,3018,2148,391,984,4182,6.57175132210608,7.00908596090126,5.95728393854749,6.12237851662404,6.68347254065041,6.54546397656624,161
"172",2019,3,7.13552631578947,114,7.35588235294118,6.48965517241379,6.475,7.72222222222222,7.02552083333333,85,29,4,18,96,5280,3103,2177,395,1002,4278,6.58392373674242,7.01858570093458,5.96437570050528,6.12594936708861,6.70213271457086,6.55623664095372,162
"173",2019,4,6.95395348837209,86,7.27114754098361,6.18,6.58333333333333,6.77272727272727,6.98053333333333,61,25,6,11,75,5366,3164,2202,401,1013,4353,6.58985414275065,7.02345493994943,5.96682375113533,6.13279301745636,6.70289928923988,6.5635470594992,163
"174",2019,5,7.1424778761062,113,7.6041095890411,6.3,7.05555555555556,6.96428571428571,7.16767676767677,73,40,9,14,99,5479,3237,2242,410,1027,4452,6.60125156597919,7.03654971578622,5.97276801962534,6.15304878048781,6.70646249269718,6.57698121069182,164
"175",2019,6,7.01478260869565,92,7.37516129032258,6.27,6.8,7,7.017,62,30,5,12,80,5571,3299,2272,415,1039,4532,6.6080806551786,7.04291343740527,5.97669273767606,6.16084337349398,6.70985272377286,6.58474853265666,165
"176",2019,7,6.95,108,7.17848101265823,6.32758620689655,5.91666666666667,7.5,6.84725274725275,79,29,6,17,91,5679,3378,2301,421,1056,4623,6.61458308328931,7.04608390467732,5.98111512385919,6.15736342042755,6.72257289772727,6.58991571490374,166
"177",2019,8,7.15488372093023,129,7.45247311827957,6.38611111111111,6,6.93473684210526,7.19290909090909,93,36,3,19,110,5808,3471,2337,424,1075,4733,6.62658356232782,7.05697246614808,5.9873538296962,6.15625,6.72632277209302,6.60392992816396,167
"178",2019,9,6.82272727272727,110,7.18860759493671,5.89032258064516,4.85714285714286,6.75,6.83333333333333,79,31,7,14,96,5918,3550,2368,431,1089,4829,6.63022935620142,7.0599018112676,5.98608357263514,6.13515081206496,6.72662716253444,6.60849044315593,168
"179",2019,10,6.82915478632479,117,7.02325581395349,6.29068096774194,6.6,6.92105263157895,6.81133785714286,86,31,3,19,98,6035,3636,2399,434,1108,4927,6.63408590555095,7.05903504675467,5.99001959566486,6.13836405529954,6.7299611732852,6.61252515932616,169
"180",2019,11,6.77121212121212,132,7.175,6.06458333333333,5.83333333333333,6.65555555555556,6.78947368421053,84,48,6,18,114,6167,3720,2447,440,1126,5041,6.63702098913572,7.06165361021505,5.991482227217,6.13420454545455,6.72877174067496,6.61652677246578,170
"181",2019,12,6.92086956521739,161,7.16839285714286,6.35510204081633,7.4375,7.36428571428571,6.85435714285714,112,49,8,21,140,6328,3832,2496,448,1147,5181,6.64424280025285,7.06477333768267,5.99862059695513,6.15747767857143,6.74040713164778,6.62295337965644,171
"182",2020,1,6.99254143646409,181,7.2764,6.35892857142857,6,7.182,6.96217948717949,125,56,7,25,156,6509,3957,2552,455,1172,5337,6.65392816715317,7.07145853677028,6.00652704153605,6.15505494505495,6.74982677474403,6.63286892636313,172
"183",2020,2,6.93878787878788,132,7.43701149425287,5.97555555555556,6.24285714285714,7.20666666666667,6.90444444444444,87,45,7,15,117,6641,4044,2597,462,1187,5454,6.65959018822467,7.0793228066271,6.00599037735849,6.15638528138528,6.7555998146588,6.63869480381372,173
"184",2020,3,6.6541015625,128,7.26433333333333,5.79056603773585,5.14285714285714,6.3804347826087,6.71404761904762,75,53,7,23,105,6769,4119,2650,469,1210,5559,6.65948639976363,7.082691534353,6.00168189056604,6.14125799573561,6.7484685785124,6.64011808958446,174
"185",2020,4,6.9043956043956,91,7.40655737704918,5.88333333333333,5,7,6.88701298701299,61,30,4,14,77,6860,4180,2680,473,1224,5636,6.66273519533528,7.08741780622009,6.00035709328359,6.1316067653277,6.75134557189542,6.64349121007807,175
"186",2020,5,7.05494505494505,91,7.22857142857143,6.47619047619048,6,6.96153846153846,7.07051282051282,70,21,5,13,78,6951,4250,2701,478,1237,5714,6.6678698662063,7.08974268941176,6.00405664938912,6.13023012552301,6.75355455133387,6.64932034651733,176
"187",2020,6,6.98823529411765,85,7.33333333333333,6.16,5.41666666666667,7.13235294117647,6.95220588235294,60,25,9,17,68,7036,4310,2726,487,1254,5782,6.67174011370097,7.0931337424594,6.00548679750551,6.1170431211499,6.75868977671451,6.65288247319267,177
"188",2020,7,6.68928571428571,112,7.14,5.5625,4.71428571428571,6.51111111111111,6.72340425531915,80,32,7,18,94,7148,4390,2758,494,1272,5876,6.67201503077784,7.09398779726651,6.0003469941987,6.09716599190283,6.75518630503145,6.65401062968006,178
"189",2020,8,7.0924,125,7.33255813953488,6.56282051282051,5.95,7.46,7.02238095238095,86,39,5,20,105,7273,4476,2797,499,1292,5981,6.67924012649526,7.09857158847185,6.00818984983912,6.09569138276553,6.76609673374613,6.66047758903193,179
"190",2020,9,7.06089509259259,108,7.4583556,6.15757575757576,6.14285714285714,7.2,7.03670293478261,75,33,7,16,92,7381,4551,2830,506,1308,6073,6.68482456442217,7.10450079103494,6.00993180565371,6.09634387351779,6.77140441896025,6.66617703441462,180
"191",2020,10,6.8718487394958,119,7.2183908045977,5.9296875,6.3,6.54545454545455,6.90509259259259,87,32,5,11,108,7500,4638,2862,511,1319,6181,6.68779201466667,7.10663714963346,6.00903459468903,6.09833659491194,6.76952007581501,6.67035158226824,181
"192",2020,11,6.82152777777778,144,7.21132075471698,5.73421052631579,5.66666666666667,6.96428571428571,6.80615384615385,106,38,3,14,130,7644,4744,2900,514,1333,6311,6.69031136970173,7.1089762015177,6.00543345172414,6.09581712062257,6.7715656264066,6.67314896688322,182
"193",2020,12,6.88779605263158,152,7.17645299145299,5.92285714285714,6.16,6.62727272727273,6.93188461538462,117,35,5,22,130,7796,4861,2935,519,1355,6441,6.69416176372499,7.11060030857848,6.00444872572402,6.09643545279383,6.76922286346864,6.67837108057755,183
"194",2021,1,6.82864285714286,140,6.93040404040404,6.58292682926829,5.71428571428571,6.06153846153846,6.90716535433071,99,41,7,13,127,7936,4960,2976,526,1368,6568,6.69653416204637,7.10700364919355,6.01241835013441,6.09134980988593,6.76249779239766,6.68279508678441,184
"195",2021,2,6.6830081300813,123,6.88735632183908,6.18916666666667,5.68,6.625,6.68927927927928,87,36,5,12,111,8059,5047,3012,531,1380,6679,6.69632772180171,7.1032173766594,6.01453087981408,6.08747645951036,6.76130215942029,6.68290284922893,185
"196",2021,3,7.07039449541284,109,7.40630666666667,6.32941176470588,5.73076923076923,7.17484615384615,7.05625,75,34,13,13,96,8168,5122,3046,544,1393,6775,6.70131955313418,7.10765542756735,6.01804563690086,6.07895220588235,6.76516150753769,6.68819308191882,186
"197",2021,4,7.2787037037037,108,7.31204819277108,7.168,6.78333333333333,7.05263157894737,7.32696629213483,83,25,6,19,89,8276,5205,3071,550,1412,6864,6.70885429072016,7.11091471661863,6.02740703679584,6.08663636363636,6.76902973087819,6.69647554341492,187
"198",2021,5,6.99556451612903,124,7.304375,6.43409090909091,5.70833333333333,6.878125,7.01296296296296,80,44,12,16,108,8400,5285,3115,562,1428,6972,6.71308667976191,7.11384315988647,6.03315152808989,6.07855871886121,6.77025208683473,6.70137810240964,188
"199",2021,6,7.04336734693878,98,7.35522388059701,6.36935483870968,7.03125,6.8,7.10576923076923,67,31,8,20,78,8498,5352,3146,570,1448,7050,6.71689551776889,7.1168649289985,6.03646440241577,6.0919298245614,6.77066296961326,6.70585221702128,189
"200",2021,7,6.77887323943662,142,7.17111111111111,6.1,6.28571428571429,6.475,6.84067796610169,90,52,7,24,118,8640,5442,3198,577,1472,7168,6.71791413310185,7.11776205439177,6.03749750156348,6.09428076256499,6.76584237771739,6.70807172572545,190
"201",2021,8,7.08614285714286,140,7.32269230769231,6.40277777777778,6.4375,7.22222222222222,7.06606557377049,104,36,8,18,122,8780,5546,3234,585,1490,7290,6.72378566173121,7.12160495852867,6.04156370129871,6.09897435897436,6.77135569127517,6.7140628436214,191
"202",2021,9,6.79415303278688,122,7.18657662162162,6.18916666666667,6.7,7.06625,6.77505850877193,74,48,5,8,114,8902,5620,3282,590,1498,7404,6.72475003145361,7.12246045729537,6.04372242839732,6.10406779661017,6.77293056074766,6.7150019989195,192
"203",2021,10,6.86794871794872,117,7.2301282051282,6.14358974358974,8.5,6.7,6.88364485981308,78,39,1,10,107,9019,5698,3321,591,1508,7511,6.72660769264885,7.12393432256932,6.0448952152966,6.10812182741117,6.77244693633952,6.71740444681134,193
"204",2021,11,6.81527131782946,129,7.13034090909091,6.1390243902439,5.4125,6.58666666666667,6.84535087719298,88,41,8,15,114,9148,5786,3362,599,1523,7625,6.72785797770004,7.12403176114759,6.04604313206425,6.09883138564274,6.77061718975706,6.71931735081967,194
"205",2021,12,7.13014150943396,212,7.24144736842105,6.84816666666667,6.3125,6.80833333333333,7.17122340425532,152,60,8,24,188,9360,5938,3422,607,1547,7813,6.73696952777778,7.12703734759178,6.06010725014612,6.10164744645799,6.77120231415643,6.73019132215538,195
"206",2022,1,6.97382352941176,238,7.13608187134503,6.55970149253731,5.5,7.31,6.90590909090909,171,67,8,40,198,9598,6109,3489,615,1587,8011,6.74284275682434,7.1272905172696,6.06970106334194,6.09382113821138,6.78478259609326,6.73453436524778,196
"207",2022,2,6.87398692810457,153,7.22884615384615,6.12081632653061,4.70666666666667,6.27777777777778,6.95348148148148,104,49,3,18,135,9751,6213,3538,618,1605,8146,6.74490050046149,7.12899046676324,6.07040899095534,6.08708737864078,6.77909656074766,6.73816287748588,197
"208",2022,3,6.87722516556291,151,7.22785714285714,6.22888679245283,6.28571428571429,7.67466666666667,6.78927205882353,98,53,7,15,136,9902,6311,3591,625,1620,8282,6.74691837810543,7.13052571224845,6.07274798384851,6.089312,6.78738887654321,6.73900214923932,198
"209",2022,4,6.85466666666667,159,7.09917757009346,6.35153846153846,6.58333333333333,7.0495,6.82663309352518,107,52,6,20,139,10061,6418,3643,631,1640,8421,6.74862118874863,7.13000308039888,6.07672742519901,6.09400950871632,6.79058535365854,6.74044861655385,199
"210",2022,5,6.99319727891156,147,7.206,6.54042553191489,5.75,6.92777777777778,7.00232558139535,100,47,6,18,129,10208,6518,3690,637,1658,8550,6.75214319945141,7.13116903498005,6.08263360704607,6.09076923076923,6.79207477683957,6.74439974269006,200
"211",2022,6,6.83021276595745,141,7.22183153846154,6.1174666,5.154666,6.70560590909091,6.85324932773109,91,50,5,22,119,10349,6609,3740,642,1680,8669,6.75320685863368,7.13241737630504,6.08309928877006,6.08347870716511,6.79094244642857,6.74589392894221,201
"212",2022,7,6.85889714285714,175,7.16716666666667,6.2827868852459,6.2,6.36757692307692,6.94463087248322,114,61,10,26,149,10524,6723,3801,652,1706,8818,6.75496434625618,7.13300661014428,6.08630395685346,6.08526584355828,6.78449021688159,6.74925203787707,202
"213",2022,8,6.78408732142857,168,7.13297938053097,6.06727272727273,5.8,7.175,6.7371778,113,55,8,18,150,10692,6836,3856,660,1724,8968,6.755421946315,7.13300616003511,6.08603250518672,6.08180807575757,6.78856746519722,6.74905008251561,203
"214",2022,9,7.2003645625,160,7.50556008196721,6.22052631578947,6,7.42678571428571,7.15233583333333,122,38,3,28,132,10852,6958,3894,663,1752,9100,6.76198210283819,7.13953843633228,6.08734497688752,6.08143790346908,6.79876730022831,6.75489994175824,204
"215",2022,10,6.99331034482759,145,7.42136842105263,6.18,6.5,6.58181818181818,7.02708955223881,95,50,8,11,134,10997,7053,3944,671,1763,9234,6.76503226152587,7.14333452998724,6.08851960953347,6.08642821162444,6.79741367555303,6.75884984513754,205
"216",2022,11,6.83005494505495,182,7.01754385964912,6.51573529411765,6.58333333333333,6.625,6.86120253164557,114,68,6,24,158,11179,7167,4012,677,1787,9392,6.76609086501476,7.14133367378261,6.09576055333998,6.09083209748892,6.79509810296586,6.76057170677172,206
"217",2022,12,6.92021186440678,236,7.21213333333333,6.41104651162791,6.35,6.324375,7.01367647058824,150,86,14,32,204,11415,7317,4098,691,1819,9596,6.76927724748138,7.14278508131748,6.10237709614446,6.09608296671491,6.78681710280374,6.76595242496874,207
