"","year","month","avg_rating","no_ratings","avg_rating_owned","avg_rating_not_owned","avg_rating_prev_owned","avg_rating_comment","avg_rating_no_comment","no_ratings_owned","no_ratings_not_owned","no_ratings_prev_owned","no_ratings_comment","no_ratings_no_comment","cum_no_ratings","cum_no_ratings_owned","cum_no_ratings_not_owned","cum_no_ratings_prev_owned","cum_no_ratings_comment","cum_no_ratings_no_comment","cum_avg_rating","cum_avg_rating_owned","cum_avg_rating_not_owned","cum_avg_rating_prev_owned","cum_avg_rating_comment","cum_avg_rating_no_comment","month_after_release"
"1",2001,6,9,1,9,NA,NA,9,NA,1,0,0,1,0,1,1,0,0,1,0,9,9,NA,NA,9,NA,0
"2",2001,7,7.66666666666667,3,7.66666666666667,NA,NA,9,7,3,0,0,1,2,4,4,0,0,2,2,8,8,NA,NA,9,7,1
"3",2001,8,8.33333333333333,3,8.5,8,8,9,8,2,1,1,1,2,7,6,1,1,3,4,8.14285714285714,8.16666666666667,8,8,9,7.5,2
"4",2001,9,8,1,8,NA,NA,NA,8,1,0,0,0,1,8,7,1,1,3,5,8.125,8.14285714285714,8,8,9,7.6,3
"5",2001,10,5,2,5,NA,NA,NA,5,2,0,0,0,2,10,9,1,1,3,7,7.5,7.44444444444444,8,8,9,6.85714285714286,4
"6",2001,12,9,2,9,NA,NA,NA,9,2,0,0,0,2,12,11,1,1,3,9,7.75,7.72727272727273,8,8,9,7.33333333333333,6
"7",2002,1,6.5,2,6.5,NA,NA,NA,6.5,2,0,0,0,2,14,13,1,1,3,11,7.57142857142857,7.53846153846154,8,8,9,7.18181818181818,7
"8",2002,2,9,2,10,8,NA,10,8,1,1,0,1,1,16,14,2,1,4,12,7.75,7.71428571428571,8,8,9.25,7.25,8
"9",2002,3,8,3,8.5,7,NA,7,8.5,2,1,0,1,2,19,16,3,1,5,14,7.78947368421053,7.8125,7.66666666666667,8,8.8,7.42857142857143,9
"10",2002,4,6,2,6,NA,NA,6,NA,2,0,0,2,0,21,18,3,1,7,14,7.61904761904762,7.61111111111111,7.66666666666667,8,8,7.42857142857143,10
"11",2002,5,3,3,5,2,NA,5,2,1,2,0,1,2,24,19,5,1,8,16,7.04166666666667,7.47368421052632,5.4,8,7.625,6.75,11
"12",2002,6,7.66666666666667,3,7.66666666666667,NA,NA,8,7.5,3,0,0,1,2,27,22,5,1,9,18,7.11111111111111,7.5,5.4,8,7.66666666666667,6.83333333333333,12
"13",2002,7,6,4,6,NA,NA,7,5.66666666666667,4,0,0,1,3,31,26,5,1,10,21,6.96774193548387,7.26923076923077,5.4,8,7.6,6.66666666666667,13
"14",2002,8,8.33333333333333,3,8.33333333333333,NA,NA,NA,8.33333333333333,3,0,0,0,3,34,29,5,1,10,24,7.08823529411765,7.37931034482759,5.4,8,7.6,6.875,14
"15",2002,9,7.16666666666667,3,9,6.25,NA,NA,7.16666666666667,1,2,0,0,3,37,30,7,1,10,27,7.09459459459459,7.43333333333333,5.64285714285714,8,7.6,6.90740740740741,15
"16",2002,10,5.6,5,5.66666666666667,5.5,NA,5.6,NA,3,2,0,5,0,42,33,9,1,15,27,6.91666666666667,7.27272727272727,5.61111111111111,8,6.93333333333333,6.90740740740741,16
"17",2002,11,6.4,5,6,8,NA,NA,6.4,4,1,0,0,5,47,37,10,1,15,32,6.86170212765957,7.13513513513514,5.85,8,6.93333333333333,6.828125,17
"18",2002,12,6.2,5,6.2,NA,NA,NA,6.2,5,0,0,0,5,52,42,10,1,15,37,6.79807692307692,7.02380952380952,5.85,8,6.93333333333333,6.74324324324324,18
"19",2003,1,6.85714285714286,7,7,6.66666666666667,NA,5,7.16666666666667,4,3,0,1,6,59,46,13,1,16,43,6.80508474576271,7.02173913043478,6.03846153846154,8,6.8125,6.80232558139535,19
"20",2003,2,6.6,5,6.25,8,NA,6.5,6.66666666666667,4,1,0,2,3,64,50,14,1,18,46,6.7890625,6.96,6.17857142857143,8,6.77777777777778,6.79347826086957,20
"21",2003,3,7.5,4,8.66666666666667,4,4,5.5,9.5,3,1,1,2,2,68,53,15,2,20,48,6.83088235294118,7.05660377358491,6.03333333333333,6,6.65,6.90625,21
"22",2003,4,6.5,6,6.5,NA,NA,NA,6.5,6,0,0,0,6,74,59,15,2,20,54,6.80405405405405,7,6.03333333333333,6,6.65,6.86111111111111,22
"23",2003,5,7,4,7,NA,NA,8,6.66666666666667,4,0,0,1,3,78,63,15,2,21,57,6.81410256410256,7,6.03333333333333,6,6.71428571428571,6.85087719298246,23
"24",2003,6,6.64285714285714,7,7.25,3,NA,5.875,7.66666666666667,6,1,0,4,3,85,69,16,2,25,60,6.8,7.02173913043478,5.84375,6,6.58,6.89166666666667,24
"25",2003,7,6.25,34,6.55357142857143,4.83333333333333,NA,6.1875,6.26923076923077,28,6,0,8,26,119,97,22,2,33,86,6.64285714285714,6.88659793814433,5.56818181818182,6,6.48484848484848,6.70348837209302,25
"26",2003,8,7.33333333333333,6,7.33333333333333,7.33333333333333,NA,7,7.4,3,3,0,1,5,125,100,25,2,34,91,6.676,6.9,5.78,6,6.5,6.74175824175824,26
"27",2003,9,6.30769230769231,13,7.11111111111111,4.5,NA,5.8,6.625,9,4,0,5,8,138,109,29,2,39,99,6.64130434782609,6.91743119266055,5.60344827586207,6,6.41025641025641,6.73232323232323,27
"28",2003,10,7,4,8.33333333333333,3,3,8,6.66666666666667,3,1,1,1,3,142,112,30,3,40,102,6.65140845070423,6.95535714285714,5.51666666666667,5,6.45,6.73039215686275,28
"29",2003,11,5.6,5,6.33333333333333,4.5,NA,3,6.25,3,2,0,1,4,147,115,32,3,41,106,6.6156462585034,6.93913043478261,5.453125,5,6.36585365853659,6.7122641509434,29
"30",2003,12,6.4,10,7.25,5.83333333333333,4,6.8,6,4,6,1,5,5,157,119,38,4,46,111,6.60191082802548,6.94957983193277,5.51315789473684,4.75,6.41304347826087,6.68018018018018,30
"31",2004,1,6.54545454545455,11,7,4.5,NA,4.66666666666667,7.25,9,2,0,3,8,168,128,40,4,49,119,6.59821428571429,6.953125,5.4625,4.75,6.30612244897959,6.71848739495798,31
"32",2004,2,6.25,18,6.39285714285714,5.75,NA,6.14285714285714,6.31818181818182,14,4,0,7,11,186,142,44,4,56,130,6.56451612903226,6.89788732394366,5.48863636363636,4.75,6.28571428571429,6.68461538461538,32
"33",2004,3,7.22222222222222,9,7.22222222222222,NA,NA,7.5,7.14285714285714,9,0,0,2,7,195,151,44,4,58,137,6.59487179487179,6.91721854304636,5.48863636363636,4.75,6.32758620689655,6.70802919708029,33
"34",2004,4,6.55555555555556,9,6.55555555555556,NA,NA,6.6,6.5,9,0,0,5,4,204,160,44,4,63,141,6.59313725490196,6.896875,5.48863636363636,4.75,6.34920634920635,6.70212765957447,34
"35",2004,5,6,7,8,4.5,7,5,6.4,3,4,1,2,5,211,163,48,5,65,146,6.57345971563981,6.91717791411043,5.40625,5.2,6.30769230769231,6.69178082191781,35
"36",2004,6,7.08333333333333,12,7.08333333333333,NA,NA,8,6.9,12,0,0,2,10,223,175,48,5,67,156,6.60089686098655,6.92857142857143,5.40625,5.2,6.35820895522388,6.70512820512821,36
"37",2004,7,5.28571428571429,7,5.6,4.5,NA,3,6.2,5,2,0,2,5,230,180,50,5,69,161,6.56086956521739,6.89166666666667,5.37,5.2,6.26086956521739,6.68944099378882,37
"38",2004,8,7.8125,8,7.8125,NA,NA,6.75,8.16666666666667,8,0,0,2,6,238,188,50,5,71,167,6.60294117647059,6.93085106382979,5.37,5.2,6.27464788732394,6.74251497005988,38
"39",2004,9,6.66666666666667,15,7,4.5,NA,6.66666666666667,6.66666666666667,13,2,0,6,9,253,201,52,5,77,176,6.60671936758893,6.93532338308458,5.33653846153846,5.2,6.30519480519481,6.73863636363636,39
"40",2004,10,7,14,7,7,NA,7.33333333333333,6.75,11,3,0,6,8,267,212,55,5,83,184,6.62734082397004,6.93867924528302,5.42727272727273,5.2,6.37951807228916,6.73913043478261,40
"41",2004,11,6.4,15,6.42857142857143,6,NA,6.42857142857143,6.375,14,1,0,7,8,282,226,56,5,90,192,6.61524822695035,6.9070796460177,5.4375,5.2,6.38333333333333,6.72395833333333,41
"42",2004,12,6.70833333333333,12,6.94444444444444,6,NA,6.75,6.66666666666667,9,3,0,6,6,294,235,59,5,96,198,6.61904761904762,6.90851063829787,5.46610169491525,5.2,6.40625,6.72222222222222,42
"43",2005,1,6.45789473684211,19,6.94666666666667,4.625,6.5,6,6.62142857142857,15,4,1,5,14,313,250,63,6,101,212,6.60926517571885,6.9108,5.41269841269841,5.41666666666667,6.38613861386139,6.71556603773585,43
"44",2005,2,6.18666666666667,15,6.75,5.54285714285714,NA,4.83333333333333,7.08888888888889,8,7,0,6,9,328,258,70,6,107,221,6.58993902439024,6.90581395348837,5.42571428571429,5.41666666666667,6.29906542056075,6.73076923076923,44
"45",2005,3,6.25,10,6.3125,6,NA,6.375,6.16666666666667,8,2,0,4,6,338,266,72,6,111,227,6.57988165680473,6.88796992481203,5.44166666666667,5.41666666666667,6.3018018018018,6.715859030837,45
"46",2005,4,6.375,8,6.375,NA,NA,6.71428571428571,4,8,0,0,7,1,346,274,72,6,118,228,6.57514450867052,6.87299270072993,5.44166666666667,5.41666666666667,6.32627118644068,6.70394736842105,46
"47",2005,5,6.10714285714286,14,6.11111111111111,6.1,6,5.83333333333333,6.3125,9,5,1,6,8,360,283,77,7,124,236,6.55694444444444,6.84876325088339,5.48441558441558,5.5,6.30241935483871,6.69067796610169,47
"48",2005,6,6.45454545454545,11,6.35,7.5,7.5,5.33333333333333,6.875,10,1,1,3,8,371,293,78,8,127,244,6.55390835579515,6.83174061433447,5.51025641025641,5.75,6.27952755905512,6.69672131147541,48
"49",2005,7,6.76470588235294,17,7.1,4.25,NA,6.72222222222222,6.8125,15,2,0,9,8,388,308,80,8,136,252,6.56314432989691,6.84480519480519,5.47875,5.75,6.30882352941176,6.70039682539683,49
"50",2005,8,6.28571428571429,14,6.28571428571429,NA,NA,6.1,6.38888888888889,14,0,0,5,9,402,322,80,8,141,261,6.55348258706468,6.82049689440994,5.47875,5.75,6.30141843971631,6.68965517241379,50
"51",2005,9,6.275,20,6.85714285714286,4.91666666666667,NA,6.07142857142857,6.38461538461539,14,6,0,7,13,422,336,86,8,148,274,6.54028436018957,6.82202380952381,5.43953488372093,5.75,6.29054054054054,6.67518248175182,51
"52",2005,10,6.36842105263158,19,6.625,5,NA,6,6.53846153846154,16,3,0,6,13,441,352,89,8,154,287,6.5328798185941,6.81306818181818,5.4247191011236,5.75,6.27922077922078,6.66898954703833,52
"53",2005,11,6.46666666666667,15,7,5.66666666666667,5,6.42857142857143,6.5,9,6,1,7,8,456,361,95,9,161,295,6.53070175438596,6.81772853185596,5.44,5.66666666666667,6.28571428571429,6.66440677966102,53
"54",2005,12,6.75925925925926,27,6.8,6.64285714285714,7.5,6.15,7.11764705882353,20,7,1,10,17,483,381,102,10,171,312,6.54347826086957,6.81679790026247,5.52254901960784,5.85,6.27777777777778,6.68910256410256,54
"55",2006,1,7.08947368421053,38,7.11818181818182,6.9,8,6.92105263157895,7.2578947368421,33,5,1,19,19,521,414,107,11,190,331,6.58330134357006,6.84082125603865,5.58691588785047,6.04545454545455,6.34210526315789,6.72175226586103,55
"56",2006,2,6.35714285714286,14,6.83333333333333,3.5,NA,5.57142857142857,7.14285714285714,12,2,0,7,7,535,426,109,11,197,338,6.57738317757009,6.8406103286385,5.54862385321101,6.04545454545455,6.31472081218274,6.73047337278107,56
"57",2006,3,6.85185185185185,27,7.28571428571429,5.33333333333333,NA,6.77272727272727,6.90625,21,6,0,11,16,562,447,115,11,208,354,6.59056939501779,6.86152125279642,5.53739130434783,6.04545454545455,6.33894230769231,6.73841807909605,57
"58",2006,4,6.66666666666667,12,7.42857142857143,5.6,6.5,7,6.5,7,5,2,4,8,574,454,120,13,212,362,6.59216027874565,6.87026431718062,5.54,6.11538461538461,6.35141509433962,6.73314917127072,58
"59",2006,5,7.52941176470588,17,7.78571428571429,6.33333333333333,NA,7.16666666666667,7.72727272727273,14,3,0,6,11,591,468,123,13,218,373,6.61912013536379,6.89764957264957,5.55934959349593,6.11538461538461,6.37385321100917,6.76246648793566,59
"60",2006,6,6.6875,16,6.73333333333333,6,6.5,6,6.84615384615385,15,1,1,3,13,607,483,124,14,221,386,6.62092257001647,6.89254658385093,5.56290322580645,6.14285714285714,6.36877828054299,6.76528497409326,60
"61",2006,7,6.32,25,6.78947368421053,4.83333333333333,5.5,6,6.38095238095238,19,6,2,4,21,632,502,130,16,225,407,6.60901898734177,6.88864541832669,5.52923076923077,6.0625,6.36222222222222,6.74545454545455,61
"62",2006,8,6.788,25,7.03333333333333,5.5,NA,7,6.72105263157895,21,4,0,6,19,657,523,134,16,231,426,6.61582952815829,6.89445506692161,5.52835820895522,6.0625,6.37878787878788,6.7443661971831,62
"63",2006,9,6.84210526315789,19,6.8125,7,NA,7,6.78571428571429,16,3,0,5,14,676,539,137,16,236,440,6.62218934911242,6.89202226345083,5.56058394160584,6.0625,6.39194915254237,6.74568181818182,63
"64",2006,10,6.18888888888889,18,6.74166666666667,5.08333333333333,6,6.1,6.22307692307692,12,6,1,5,13,694,551,143,17,241,453,6.61095100864553,6.88874773139746,5.54055944055944,6.05882352941176,6.38589211618257,6.73068432671082,64
"65",2006,11,6.74782608695652,23,6.90526315789474,6,4,6,7.14666666666667,19,4,1,8,15,717,570,147,18,249,468,6.61534170153417,6.88929824561403,5.5530612244898,5.94444444444444,6.37349397590361,6.74401709401709,65
"66",2006,12,6.65789473684211,38,6.96428571428571,5.8,6,6.35,6.76785714285714,28,10,2,10,28,755,598,157,20,259,496,6.61748344370861,6.89280936454849,5.5687898089172,5.95,6.37258687258687,6.74536290322581,66
"67",2007,1,6.54181818181818,55,6.92682926829268,5.41428571428571,NA,6.31578947368421,6.66111111111111,41,14,0,19,36,810,639,171,20,278,532,6.61234567901234,6.89499217527386,5.55614035087719,5.95,6.36870503597122,6.73966165413534,67
"68",2007,2,6.59131105263158,38,7.05384615384615,5.58915166666667,NA,6.28571428571429,6.96881294117647,26,12,0,21,17,848,665,183,20,299,549,6.61140308962264,6.9012030075188,5.5583050273224,5.95,6.3628762541806,6.74675741347905,68
"69",2007,3,6.25961538461539,26,6.45833333333333,5.8125,10,6.425,6.15625,18,8,1,10,16,874,683,191,21,309,565,6.60093800915332,6.88953147877013,5.56895193717277,6.14285714285714,6.36488673139159,6.73003507964602,69
"70",2007,4,5.95185185185185,27,6.35263157894737,5,5,5.45833333333333,6.34666666666667,19,8,1,12,15,901,702,199,22,321,580,6.58148703662597,6.875,5.54607949748744,6.09090909090909,6.3309968847352,6.72012037931034,70
"71",2007,5,6.32666666666667,30,6.68095238095238,5.5,6,6.8,6.232,21,9,2,5,25,931,723,208,24,326,605,6.57327585392051,6.86936376210235,5.54408567307692,6.08333333333333,6.33819018404908,6.69995011570248,71
"72",2007,6,6.7,31,7,5.67142857142857,7,6.58333333333333,6.77368421052632,24,7,1,12,19,962,747,215,25,338,624,6.57735948024948,6.8735609103079,5.54823172093023,6.12,6.34689349112426,6.70219522435897,72
"73",2007,7,6.30869565217391,23,6.64444444444444,5.1,NA,6.4,6.25,18,5,0,9,14,985,765,220,25,347,638,6.57108611167513,6.86816993464052,5.53804463636364,6.12,6.34827089337176,6.69227244514107,73
"74",2007,8,6.84583333333333,24,6.94736842105263,6.46,7,6.7,6.95,19,5,1,10,14,1009,784,225,26,357,652,6.57762122893954,6.87008928571429,5.55853253333333,6.15384615384615,6.35812324929972,6.69780647239264,74
"75",2007,9,6.75925925925926,27,7.11363636363636,5.2,NA,6.81818181818182,6.71875,22,5,0,11,16,1036,806,230,26,368,668,6.58235503861004,6.87673697270471,5.55073834782609,6.15384615384615,6.371875,6.69830811377246,75
"76",2007,10,6.60487804878049,41,7.0258064516129,5.3,NA,6.42857142857143,6.6962962962963,31,10,0,14,27,1077,837,240,26,382,695,6.58321246053853,6.88225806451613,5.54029091666667,6.15384615384615,6.37395287958115,6.69822995683453,76
"77",2007,11,6.68055555555556,36,6.66666666666667,6.70833333333333,6,6.66666666666667,6.68518518518519,24,12,2,9,27,1113,861,252,28,391,722,6.58636102425876,6.87624854819977,5.59591198412698,6.14285714285714,6.3806905370844,6.69774213296399,77
"78",2007,12,6.52222222222222,45,7,4.3125,6.5,6.76190476190476,6.3125,37,8,2,21,24,1158,898,260,30,412,746,6.58386858376511,6.88134743875278,5.55642238461538,6.16666666666667,6.4001213592233,6.68534828418231,78
"79",2008,1,6.82678571428571,56,7.21052631578947,6.01666666666667,5.66666666666667,6.39705882352941,7.01410256410256,38,18,3,17,39,1214,936,278,33,429,785,6.59507398682043,6.89471153846154,5.58622237410072,6.12121212121212,6.4,6.70168129936306,79
"80",2008,2,6.78333333333333,39,7.15714285714286,5.83181818181818,6.575,5.83333333333333,7.37708333333333,28,11,2,15,24,1253,964,289,35,444,809,6.60093361532322,6.90233402489627,5.59557031141868,6.14714285714286,6.38085585585586,6.72171794808406,80
"81",2008,3,6.05059523809524,42,6.6875,5.20138888888889,5.875,5.97058823529412,6.105,24,18,4,17,25,1295,988,307,39,461,834,6.5830848030888,6.89711538461538,5.5724586970684,6.11923076923077,6.36572668112798,6.70323119904077,81
"82",2008,4,6.3875,40,6.72916666666667,5.875,NA,6.03125,6.625,24,16,0,16,24,1335,1012,323,39,477,858,6.57722458426966,6.89313241106719,5.58744526315789,6.11923076923077,6.35450733752621,6.70104291375291,82
"83",2008,5,6.5,18,6.66666666666667,5.66666666666667,NA,6.4375,6.55,15,3,0,8,10,1353,1027,326,39,485,868,6.57619720620842,6.88982473222979,5.58817429447853,6.11923076923077,6.35587628865979,6.69930278801843,83
"84",2008,6,6.07142857142857,42,6.39393939393939,4.88888888888889,6.5,5.82142857142857,6.19642857142857,33,9,2,14,28,1395,1060,335,41,499,896,6.56099987096774,6.87438679245283,5.56938752238806,6.13780487804878,6.34088176352705,6.68358796875,84
"85",2008,7,6.28125,32,7.07142857142857,4.77272727272727,3.5,6.13636363636364,6.35714285714286,21,11,2,11,21,1427,1081,346,43,510,917,6.55472657323055,6.87821461609621,5.5440601734104,6.01511627906977,6.33647058823529,6.67611212649946,85
"86",2008,8,6.37894736842105,38,6.81590909090909,5.778125,6.5,6.31916666666667,6.40653846153846,22,16,2,12,26,1465,1103,362,45,522,943,6.55016711262799,6.87697189483228,5.5544055801105,6.03666666666667,6.33607279693487,6.66867955461294,86
"87",2008,9,6.15,20,6.26666666666667,5.8,7,5.875,6.21875,15,5,1,4,16,1485,1118,367,46,526,959,6.54477765656566,6.86878354203936,5.55775155313351,6.05760869565217,6.33256653992395,6.6611729092805,87
"88",2008,10,6.34583333333333,24,6.65,4.825,7,6.33333333333333,6.35333333333333,20,4,1,9,15,1509,1138,371,47,535,974,6.54161353214049,6.86493848857645,5.54985126684636,6.07765957446808,6.33257943925234,6.65643205338809,88
"89",2008,11,6.81,40,7.07272727272727,5.57142857142857,5.5,7,6.77647058823529,33,7,3,6,34,1549,1171,378,50,541,1008,6.54854410587476,6.87079419299744,5.55025084656084,6.043,6.33998151571164,6.66048097222222,89
"90",2008,12,6.67551020408163,49,6.90277777777778,6.04615384615385,6,6,6.89459459459459,36,13,2,12,37,1598,1207,391,52,553,1045,6.55243730913642,6.87174813587407,5.56673867007672,6.04134615384615,6.33260397830018,6.66877016267943,90
"91",2009,1,6.75645161290323,62,7.028,5.625,6.66666666666667,6.775,6.75,50,12,3,16,46,1660,1257,403,55,569,1091,6.56005712048193,6.87796340493238,5.5684734987593,6.07545454545455,6.34504393673111,6.67219506874427,91
"92",2009,2,6.3796875,64,6.78604651162791,5.54761904761905,7,6.05555555555556,6.50652173913043,43,21,2,18,46,1724,1300,424,57,587,1137,6.55336126450116,6.87492307692307,5.56744061320755,6.1078947368421,6.33616695059625,6.66549236587511,92
"93",2009,3,6.32868852459016,61,6.96,5.47884615384615,5.33333333333333,6.75,6.15232558139535,35,26,3,18,43,1785,1335,450,60,605,1180,6.54568337254902,6.87715355805243,5.56232182222222,6.06916666666667,6.34847933884298,6.64679222033898,93
"94",2009,4,6.0375,48,6.44193548387097,5.3,6.275,5.85714285714286,6.11176470588235,31,17,4,14,34,1833,1366,467,64,619,1214,6.53237578832515,6.86727672035139,5.55277263383297,6.08203125,6.33736672051696,6.63180792421746,94
"95",2009,5,6.37272727272727,55,7.01612903225806,5.54166666666667,5.3,5.73333333333333,6.6125,31,24,5,15,40,1888,1397,491,69,634,1254,6.52772501059322,6.8705798138869,5.55222977596741,6.02536231884058,6.32307570977918,6.6311920414673,95
"96",2009,6,6.34255319148936,47,7.124,5.45454545454545,5,6,6.42368421052632,25,22,2,9,38,1935,1422,513,71,643,1292,6.52322729715762,6.87503516174402,5.54804058479532,5.99647887323944,6.31855365474339,6.62508886996904,96
"97",2009,7,6.00909090909091,55,6.64516129032258,5.1875,5.16666666666667,5.26666666666667,6.2875,31,24,6,15,40,1990,1453,537,77,658,1332,6.50901749748743,6.87013076393668,5.53192703910614,5.93181818181818,6.29457446808511,6.61495106606607,97
"98",2009,8,6.42682926829268,41,7.01923076923077,5.4,6.25,6.84375,6.32575757575758,26,15,4,8,33,2031,1479,552,81,666,1365,6.5073583554899,6.87275185936443,5.52834206521739,5.94753086419753,6.30117117117117,6.60795957509158,98
"99",2009,9,6.21,50,6.4625,5.76111111111111,6.125,6.8,6.04358974358974,32,18,4,11,39,2081,1511,570,85,677,1404,6.50021375300336,6.86406353408339,5.53569266666667,5.95588235294118,6.30927621861152,6.59228263532764,99
"100",2009,10,6.6962962962963,54,7.24594594594595,5.5,5.83333333333333,6.76666666666667,6.66923076923077,37,17,6,15,39,2135,1548,587,91,692,1443,6.50517321779859,6.87319121447028,5.53465897785349,5.9478021978022,6.31919075144509,6.59436231462232,100
"101",2009,11,6.40603448275862,58,7.03030303030303,5.582,4.975,5.8775,6.68421052631579,33,25,8,20,38,2193,1581,612,99,712,1481,6.50255121751026,6.87647058823529,5.53659284313725,5.86919191919192,6.30678370786517,6.59666767049291,101
"102",2009,12,6.56481481481481,54,7.04054054054054,5.52941176470588,6.91666666666667,6.875,6.47619047619048,37,17,6,12,42,2247,1618,629,105,724,1523,6.50404753894081,6.88022249690976,5.53639875993641,5.92904761904762,6.31620165745856,6.59334525279055,102
"103",2010,1,6.8358024691358,81,6.75454545454545,7.00769230769231,5.97142857142857,6.21,7.04098360655738,55,26,7,20,61,2328,1673,655,112,744,1584,6.51559055841924,6.87609085475194,5.59480125190839,5.93169642857143,6.31334677419355,6.6105838510101,103
"104",2010,2,6.6,38,6.66538461538462,6.45833333333333,7,6.38,6.67857142857143,26,12,1,10,28,2366,1699,667,113,754,1612,6.51694624683009,6.87286639199529,5.61033706146926,5.94115044247788,6.31423076923077,6.61176477667494,104
"105",2010,3,6.48928571428571,28,7.12941176470588,5.5,6,6.59090909090909,6.42352941176471,17,11,2,11,17,2394,1716,678,115,765,1629,6.51662273182957,6.87540792540792,5.60854693215339,5.94217391304348,6.3182091503268,6.6098003806016,105
"106",2010,4,6.81739130434783,46,7.08518518518519,6.43684210526316,5.875,6.10909090909091,7.04,27,19,4,11,35,2440,1743,697,119,776,1664,6.52229295901639,6.87865748709122,5.63112599713056,5.93991596638655,6.31524484536082,6.61884905048077,106
"107",2010,5,6.54857142857143,35,7.07142857142857,5.76428571428571,7,6.025,6.82173913043478,21,14,1,12,23,2475,1764,711,120,788,1687,6.52266457373737,6.88095238095238,5.63374798874824,5.94875,6.31082487309645,6.62161518672199,107
"108",2010,6,6.47368421052632,38,6.61206896551724,6.02777777777778,5.25,5.08333333333333,6.734375,29,9,3,6,32,2513,1793,720,123,794,1719,6.52192392359729,6.8766034578918,5.63867336111111,5.93170731707317,6.30154911838791,6.62371426410704,108
"109",2010,7,6.74571428571429,35,6.90384615384615,6.28888888888889,6,6.91666666666667,6.71034482758621,26,9,1,6,29,2548,1819,729,124,800,1748,6.52499796703297,6.87699285321605,5.6467007133059,5.93225806451613,6.3061625,6.62515149885584,109
"110",2010,8,6.781,50,6.96184210526316,6.20833333333333,6.75,6.68181818181818,6.80897435897436,38,12,2,11,39,2598,1857,741,126,811,1787,6.52992487297921,6.87872913301023,5.65579597840756,5.94523809523809,6.31125770653514,6.62916330162283,110
"111",2010,9,6.37837837837838,37,6.67391304347826,5.89285714285714,7.33333333333333,6,6.48275862068965,23,14,3,8,29,2635,1880,755,129,819,1816,6.52779689563567,6.87622340425532,5.66019181456953,5.97751937984496,6.30821733821734,6.62682534140969,111
"112",2010,10,6.50975609756098,41,6.74666666666667,5.86363636363636,4.5,6,6.59714285714286,30,11,2,6,35,2676,1910,766,131,825,1851,6.5275204857997,6.87418848167539,5.66311334203655,5.95496183206107,6.30597575757576,6.62626408427877,112
"113",2010,11,6.28539583333333,48,7.00765384615385,5.43181818181818,4.66666666666667,6.24285714285714,6.29265853658537,26,22,3,7,41,2724,1936,788,134,832,1892,6.52325397209985,6.87598088842975,5.65665586294416,5.92611940298507,6.30544471153846,6.61903478858351,113
"114",2010,12,6.38333333333333,48,6.65,5.66538461538462,5.6875,5.33333333333333,6.73333333333333,35,13,4,12,36,2772,1971,801,138,844,1928,6.5208311038961,6.87196803652968,5.65679752808989,5.91920289855072,6.29162322274882,6.62116899377593,114
"115",2011,1,6.68850574712644,87,7.19642857142857,5.77096774193548,5,5.78571428571429,6.86164383561644,56,31,4,14,73,2859,2027,832,142,858,2001,6.52593348023785,6.88093191909225,5.66105146634615,5.89330985915493,6.2833682983683,6.62994193903049,115
"116",2011,2,6.57145833333333,48,6.81837837837838,5.74090909090909,NA,6.9125,6.54045454545455,37,11,0,4,44,2907,2064,843,142,862,2045,6.52668518059856,6.8798105620155,5.66209349940688,5.89330985915493,6.28628770301624,6.62801653789731,116
"117",2011,3,6.20396825396825,63,6.62837837837838,5.6,6.5,5.6625,6.38829787234043,37,26,5,16,47,2970,2101,869,147,878,2092,6.51983967003367,6.87538267491671,5.66023569620253,5.91394557823129,6.27492027334852,6.62263088910134,117
"118",2011,4,6.49736842105263,38,6.84782608695652,5.96,7,5.98461538461538,6.764,23,15,3,13,25,3008,2124,884,150,891,2117,6.5195557912234,6.87508427495292,5.66532219457013,5.93566666666667,6.27068462401796,6.62430034010392,118
"119",2011,5,6.26046511627907,43,6.59642857142857,5.63333333333333,5.625,5.77777777777778,6.38823529411765,28,15,4,9,34,3051,2152,899,154,900,2151,6.51590423467716,6.87145864312268,5.66478845383759,5.9275974025974,6.26575555555556,6.6205689539749,119
"120",2011,6,6.21857142857143,35,6.28,6.065,NA,5.94230769230769,6.38181818181818,25,10,0,13,22,3086,2177,909,154,913,2173,6.512532022035,6.86466651355076,5.66919122112211,5.9275974025974,6.26115005476451,6.618151780948,120
"121",2011,7,7.07073170731707,41,7.46034482758621,6.12916666666667,6.375,6.38333333333333,7.18857142857143,29,12,2,6,35,3127,2206,921,156,919,2208,6.5198509178126,6.87249728014506,5.67518438653637,5.93333333333333,6.26194776931447,6.62719375905797,121
"122",2011,8,6.35744680851064,47,6.90689655172414,5.47222222222222,6.5,6.0625,6.41794871794872,29,18,4,8,39,3174,2235,939,160,927,2247,6.51744606805293,6.87294362416107,5.67129373801917,5.9475,6.26022653721683,6.62356200267023,122
"123",2011,9,6.10833333333333,42,6.61666666666667,5.43055555555556,4.9375,6.6,6.01,24,18,4,7,35,3216,2259,957,164,934,2282,6.5121031778607,6.87022089420097,5.66676574712643,5.92286585365854,6.26277301927195,6.61415154250657,123
"124",2011,10,6.43243243243243,37,6.95238095238095,5.75,5.66666666666667,6.05,6.57407407407407,21,16,3,10,27,3253,2280,973,167,944,2309,6.51119699354442,6.87097763157895,5.66813445015416,5.91826347305389,6.26051906779661,6.61368290168904,124
"125",2011,11,6.25084745762712,59,6.4325,5.86842105263158,5.8,5.80625,6.41627906976744,40,19,5,16,43,3312,2320,992,172,960,2352,6.50655912439614,6.86341767241379,5.67197058467742,5.91482558139535,6.25294791666667,6.61007390306122,125
"126",2011,12,6.04912280701754,57,6.74375,5.16,5.66666666666667,5.75,6.14651162790698,32,25,3,14,43,3369,2352,1017,175,974,2395,6.49881977441377,6.86178954081633,5.65938527040314,5.91057142857143,6.24571868583162,6.60175107306889,126
"127",2012,1,6.80098591549296,71,7.07170212765957,6.27083333333333,5.66666666666667,6.51545454545455,6.85333333333333,47,24,6,11,60,3440,2399,1041,181,985,2455,6.50505634302326,6.86590204251772,5.67348205571566,5.9024861878453,6.24873096446701,6.60789972301426,127
"128",2012,2,6.325,56,6.77333333333333,5.80769230769231,4.9,6.2,6.35217391304348,30,26,5,10,46,3496,2429,1067,186,995,2501,6.50217214530892,6.86475874845615,5.6767524086223,5.8755376344086,6.24824120603015,6.6031962495002,128
"129",2012,3,6.5063829787234,47,6.92857142857143,5.88421052631579,5.5,6.9375,6.41794871794872,28,19,2,8,39,3543,2457,1086,188,1003,2540,6.50222800451595,6.86548595848596,5.68038197053407,5.87154255319149,6.25373878364905,6.60035189763779,129
"130",2012,4,6.5859649122807,57,6.8125,6.05294117647059,5.96666666666667,6.85,6.52978723404255,40,17,3,10,47,3600,2497,1103,191,1013,2587,6.50355383888889,6.86463716459752,5.68612404351768,5.87303664921466,6.25962487660415,6.59906989563201,130
"131",2012,5,6.9275,40,7.31923076923077,6.2,4.83333333333333,6.125,7.128125,26,14,3,8,32,3640,2523,1117,194,1021,2619,6.50821258791209,6.86932183908046,5.69256474485228,5.8569587628866,6.25857002938296,6.60553410462008,131
"132",2012,6,6.76219512195122,41,6.99137931034483,6.20833333333333,7,6.5,6.82575757575758,29,12,2,8,33,3681,2552,1129,196,1029,2652,6.51104151589242,6.87070885579937,5.69804678476528,5.86862244897959,6.26044703595724,6.60827444193062,132
"133",2012,7,6.46382978723404,47,6.859375,5.62,5.75,5.57777777777778,6.67368421052632,32,15,2,9,38,3728,2584,1144,198,1038,2690,6.51044630364807,6.87056849845201,5.69702344405594,5.86742424242424,6.25452793834297,6.60919844609665,133
"134",2012,8,6.63409090909091,44,6.65483870967742,6.58461538461538,6,5.6875,6.84444444444444,31,13,4,8,36,3772,2615,1157,202,1046,2726,6.51188860551432,6.86801108986616,5.70699638720829,5.8700495049505,6.25019120458891,6.61230514306676,134
"135",2012,9,6.73658536585366,41,7.12272727272727,6.28947368421053,6.7,5.66666666666667,6.82105263157895,22,19,5,3,38,3813,2637,1176,207,1049,2764,6.51430469971151,6.87013613955252,5.71640715986394,5.89009661835749,6.24852240228789,6.61517504341534,135
"136",2012,10,6.66702127659574,47,6.92741935483871,6.1625,6.8,7,6.58815789473684,31,16,5,9,38,3860,2668,1192,212,1058,2802,6.51616420207254,6.87080172413793,5.72239498322147,5.91155660377358,6.25491493383743,6.61480864382584,136
"137",2012,11,6.63879310344828,58,6.79305555555556,6.38636363636364,6.2,6.61666666666667,6.64285714285714,36,22,5,9,49,3918,2704,1214,217,1067,2851,6.51797953547728,6.86976664201183,5.73442736408566,5.91820276497696,6.25796626054358,6.61529071203087,137
"138",2012,12,6.17966101694915,59,6.8,5.13636363636364,3.5,6.22222222222222,6.172,37,22,2,9,50,3977,2741,1236,219,1076,2901,6.51296047774705,6.86882488143013,5.72378221682848,5.89611872146119,6.25766728624535,6.6076504033092,138
"139",2013,1,6.73,65,7.06463414634146,6.15833333333333,6.33333333333333,6.97692307692308,6.66826923076923,41,24,6,13,52,4042,2782,1260,225,1089,2953,6.51645072241465,6.87171063982746,5.73205938095238,5.90777777777778,6.26625344352617,6.60871785303081,139
"140",2013,2,6.537,50,7.24,5.834,6,6.18333333333333,6.61463414634146,25,25,5,9,41,4092,2807,1285,230,1098,2994,6.51670181329423,6.87499073744211,5.7340426614786,5.90978260869565,6.2655737704918,6.60879887107548,140
"141",2013,3,6.18222222222222,45,6.75,5.53333333333333,6.35,4.25,6.37073170731707,24,21,2,4,41,4137,2831,1306,232,1102,3035,6.51306352912739,6.87393111974567,5.73081532924961,5.9135775862069,6.25825771324864,6.60558280724876,141
"142",2013,4,6.43125,48,6.7,6.02105263157895,6.225,6.53333333333333,6.41666666666667,29,19,4,6,42,4185,2860,1325,236,1108,3077,6.5121251660693,6.87216748251748,5.73497722264151,5.91885593220339,6.25974729241877,6.60300416639584,142
"143",2013,5,5.91375,40,6.38103448275862,4.68181818181818,6,6.11428571428571,5.87121212121212,29,11,2,7,33,4225,2889,1336,238,1115,3110,6.50646007573964,6.86723745240568,5.72630600299401,5.91953781512605,6.25883408071749,6.59523917041801,143
"144",2013,6,6.23111111111111,45,6.69285714285714,5.47058823529412,3.5,5.9875,6.28378378378378,28,17,2,8,37,4270,2917,1353,240,1123,3147,6.50355827166276,6.86556359273226,5.72309299334811,5.899375,6.25690115761353,6.59157731808071,144
"145",2013,7,6.39230769230769,52,6.89642857142857,5.80416666666667,5.4,6.4375,6.38409090909091,28,24,5,8,44,4322,2945,1377,245,1131,3191,6.50221976399815,6.86585704584041,5.72450604212055,5.88918367346939,6.25817860300619,6.58871633343779,145
"146",2013,8,6.43478260869565,69,7.0925,5.52758620689655,5.1,5.45,6.60169491525424,40,29,5,10,59,4391,2985,1406,250,1141,3250,6.50116005921203,6.86889413735343,5.72044439544808,5.8734,6.25109553023663,6.58895194461538,146
"147",2013,9,6.50212765957447,47,7.09032258064516,5.3625,5.075,7.11111111111111,6.35789473684211,31,16,4,9,38,4438,3016,1422,254,1150,3288,6.50117030644434,6.8711700928382,5.71641689170183,5.86082677165354,6.25782608695652,6.58628157542579,147
"148",2013,10,6.3875,48,6.625,5.9125,5.5,6.77777777777778,6.2974358974359,32,16,2,9,39,4486,3048,1438,256,1159,3327,6.49995403923317,6.86858562992126,5.71859862308762,5.8580078125,6.2618636755824,6.58289564773069,148
"149",2013,11,6.44153846153846,65,6.86571428571429,5.94666666666667,6.66666666666667,5.9,6.55185185185185,35,30,3,11,54,4551,3083,1468,259,1170,3381,6.49911971434849,6.8685530327603,5.72325941416894,5.86737451737452,6.25846153846154,6.58239982845312,149
"150",2013,12,6.275,66,6.49204545454545,5.84090909090909,4,5.4,6.34672131147541,44,22,2,5,61,4617,3127,1490,261,1175,3442,6.49591592376002,6.86325519667413,5.72499652348993,5.85306513409962,6.2548085106383,6.5782230737943,150
"151",2014,1,6.54631578947368,76,6.95489795918367,5.80481481481482,4.4,5.639,6.68378787878788,49,27,5,10,66,4693,3176,1517,266,1185,3508,6.49673211591732,6.86466908060453,5.72641715227422,5.82575187969925,6.24961181434599,6.58020918472064,151
"152",2014,2,6.35461538461538,65,6.77625,5.68,5.4375,6.9,6.25545454545455,40,25,8,10,55,4758,3216,1542,274,1195,3563,6.49479063051702,6.86356934079602,5.72566460440986,5.81441605839416,6.25505439330544,6.57519613247263,152
"153",2014,3,6.8675,40,6.95,6.62,6.5,6.5,6.90833333333333,30,10,2,4,36,4798,3246,1552,276,1199,3599,6.49789783659858,6.86436814540973,5.73142707474227,5.81938405797102,6.25587155963303,6.57852843011948,153
"154",2014,4,6.44732142857143,56,6.50857142857143,6.34523809523809,6,6.025,6.5625,35,21,4,12,44,4854,3281,1573,280,1211,3643,6.49731434281005,6.86057269125267,5.73962162746344,5.82196428571429,6.2535838150289,6.57833483941806,154
"155",2014,5,6.74324324324324,37,7.18,5.83333333333333,5,6.83333333333333,6.7258064516129,25,12,1,6,31,4891,3306,1585,281,1217,3674,6.49917477407483,6.86298820326679,5.74033111671924,5.81903914590748,6.25644207066557,6.57957915623299,155
"156",2014,6,7.13255813953488,43,7.12333333333333,7.15384615384615,NA,7.075,7.14571428571429,30,13,0,8,35,4934,3336,1598,281,1225,3709,6.50469473449534,6.86532943645084,5.75183030037547,5.81903914590748,6.26178775510204,6.58492149366406,156
"157",2014,7,6.28571428571429,49,7.03703703703704,5.36363636363636,4.5,6,6.29166666666667,27,22,4,1,48,4983,3363,1620,285,1226,3757,6.50254140477624,6.86670799881059,5.7465585308642,5.80052631578948,6.26157422512235,6.58117482565877,157
"158",2014,8,6.3423220338983,59,6.64094871794872,5.76,6,6.49141666666667,6.30425531914894,39,20,1,12,47,5042,3402,1640,286,1238,3804,6.50066656485521,6.86411992945326,5.74672245121951,5.80122377622378,6.26380210016155,6.5777533701367,158
"159",2014,9,6.28854166666667,48,6.73166666666667,5.55,5.9,5.88,6.39605263157895,30,18,5,10,38,5090,3432,1658,291,1248,3842,6.49866617288801,6.86296212121212,5.74458674306393,5.80292096219931,6.26072676282051,6.575956225924,159
"160",2014,10,6.14230769230769,52,6.50285714285714,5.4,5.16666666666667,5.5,6.25909090909091,35,17,3,8,44,5142,3467,1675,294,1256,3886,6.49506239206534,6.85932679550043,5.74108944477612,5.79642857142857,6.25588136942675,6.57236845599588,160
"161",2014,11,6.446875,64,7.11891891891892,5.52592592592593,4,5.84375,6.64791666666667,37,27,4,16,48,5206,3504,1702,298,1272,3934,6.49447,6.86206792237443,5.73767615746181,5.77231543624161,6.25069732704402,6.57329024402643,161
"162",2014,12,6.35625,80,6.63272727272727,5.748,6,6.63333333333333,6.29230769230769,55,25,8,15,65,5286,3559,1727,306,1287,3999,6.49237813469542,6.85852374262433,5.73782560509554,5.77826797385621,6.25515695415695,6.56872313578394,162
"163",2015,1,6.73772277227723,101,7.06582089552239,6.09117647058823,5.875,7.22222222222222,6.63265060240964,67,34,8,18,83,5387,3626,1761,314,1305,4082,6.49697806200111,6.86235410921125,5.74464782509938,5.78073248407643,6.26849578544061,6.57002298383145,163
"164",2015,2,6.87321428571429,56,7.285,5.84375,5.7,6.88461538461539,6.86976744186047,40,16,5,13,43,5443,3666,1777,319,1318,4125,6.50084894727172,6.86696563011457,5.74554013505909,5.7794670846395,6.27457283763278,6.57314759272727,164
"165",2015,3,6.2846875,64,6.7655,5.48333333333333,5.2,5.53333333333333,6.45807692307692,40,24,5,12,52,5507,3706,1801,324,1330,4177,6.49833681133103,6.86587048030221,5.74204598556358,5.77052469135803,6.26788496240601,6.57171506344266,165
"166",2015,4,6.35884057971014,69,6.74761904761905,5.75407407407407,5.4,6.125,6.38950819672131,42,27,5,8,61,5576,3748,1828,329,1338,4238,6.4966106205165,6.86454535752401,5.74222364332604,5.76489361702128,6.26703064275037,6.56909245398773,166
"167",2015,5,6.438,50,6.80322580645161,5.84210526315789,6.1,6.83333333333333,6.41276595744681,31,19,5,3,47,5626,3779,1847,334,1341,4285,6.49608972982581,6.86404233924319,5.74325112073633,5.76991017964072,6.26829753914989,6.56737778763127,167
"168",2015,6,6.36123214285714,56,6.80082857142857,5.62857142857143,5.53333333333333,6.46666666666667,6.34104255319149,35,21,6,9,47,5682,3814,1868,340,1350,4332,6.49476061598029,6.86346224436287,5.74196189507495,5.76573529411765,6.26962,6.56492216528162,168
"169",2015,7,6.39622641509434,53,6.58928571428571,6.18,6.14285714285714,6.5,6.37209302325581,28,25,7,10,43,5735,3842,1893,347,1360,4375,6.49385001220575,6.8614640812077,5.74774686740623,5.77334293948127,6.27131397058823,6.56302693028571,169
"170",2015,8,6.6875,72,7.1195652173913,5.92307692307692,4,6.72222222222222,6.68253968253968,46,26,3,9,63,5807,3888,1919,350,1369,4438,6.49625104529017,6.86451774691358,5.75012236581553,5.75814285714286,6.27427830533236,6.56472348355115,170
"171",2015,9,6.5455,60,6.77027777777778,6.20833333333333,5.5,6.18571428571429,6.59301886792453,36,24,4,7,53,5867,3924,1943,354,1376,4491,6.49675469916482,6.86365316004077,5.75578220277921,5.75522598870057,6.27382776162791,6.56505740814963,171
"172",2015,10,6.35294117647059,51,6.81428571428571,5.34375,5.42857142857143,6.1,6.41463414634146,35,16,7,10,41,5918,3959,1959,361,1386,4532,6.49551534640081,6.86321672139429,5.75241695763145,5.748891966759,6.27257359307359,6.56369656222418,172
"173",2015,11,6.23323076923077,65,6.84227272727273,4.95714285714286,6,6.51777777777778,6.1875,44,21,2,9,56,5983,4003,1980,363,1395,4588,6.49266585659368,6.86298651011741,5.74398223232323,5.75027548209366,6.27415555555555,6.55910479947689,173
"174",2015,12,6.43028169014084,71,6.83522727272727,5.77037037037037,5.8,6.29166666666667,6.45847457627119,44,27,5,12,59,6054,4047,2007,368,1407,4647,6.49193422860919,6.86268470471955,5.74433722969606,5.75095108695652,6.27430490405117,6.55782716160964,174
"175",2016,1,6.39095744680851,94,6.59328358208955,5.88888888888889,5.64,6.295,6.40238095238095,67,27,5,10,84,6148,4114,2034,373,1417,4731,6.4903903415745,6.85829727758872,5.74625605703048,5.74946380697051,6.27445095271701,6.55506717818643,175
"176",2016,2,6.62881355932203,59,6.66136363636364,6.53333333333333,5.66666666666667,6.6,6.63333333333333,44,15,3,8,51,6207,4158,2049,376,1425,4782,6.49170610923151,6.85621332371332,5.75201796974134,5.74880319148936,6.27627859649123,6.55590188624007,176
"177",2016,3,6.46549295774648,71,6.52555555555556,6.36153846153846,5.25,6.15,6.50555555555556,45,26,4,8,63,6278,4203,2075,380,1433,4845,6.49140965594138,6.85267309064954,5.75965533493976,5.74355263157895,6.2755736217725,6.55524722807017,177
"178",2016,4,6.37868852459016,61,6.85609756097561,5.4,4.75,6.35,6.3843137254902,41,20,2,10,51,6339,4244,2095,382,1443,4896,6.49032494399748,6.8527061734213,5.75622187112172,5.73835078534031,6.2760893970894,6.55346667075163,178
"179",2016,5,6.56518987341772,79,6.85819672131148,5.57222222222222,5.45,6.025,6.66194029850746,61,18,4,12,67,6418,4305,2113,386,1455,4963,6.49124646618885,6.85278397212543,5.75465443445338,5.73536269430052,6.27401855670103,6.5549310537981,179
"180",2016,6,6.61565789473684,76,7.25520833333333,5.51928571428571,5.71428571428571,6.61842105263158,6.61473684210526,48,28,7,19,57,6494,4353,2141,393,1474,5020,6.49270246689252,6.8572214564668,5.75157628211116,5.73498727735369,6.2784579375848,6.55561012350597,180
"181",2016,7,6.70757575757576,66,7.12444444444444,5.81428571428571,5.16,6.86666666666667,6.68245614035088,45,21,5,9,57,6560,4398,2162,398,1483,5077,6.49486430182927,6.85995566166439,5.75218539315449,5.72776381909548,6.28202764666217,6.55703423675399,181
"182",2016,8,6.70967741935484,62,6.91463414634146,6.30952380952381,2,6.4375,6.75,41,21,1,8,54,6622,4439,2183,399,1491,5131,6.49687553911205,6.86046068934445,5.75754687127806,5.71842105263158,6.28286183769282,6.5590650594426,182
"183",2016,9,6.30238095238095,63,6.62625,5.73913043478261,4.75,5.925,6.37358490566038,40,23,4,10,53,6685,4479,2206,403,1501,5184,6.49504260583396,6.85836905559276,5.75735485947416,5.70880893300248,6.28047768154563,6.55716875385802,183
"184",2016,10,6.22985074626866,67,6.71904761904762,5.408,5,5.625,6.36181818181818,42,25,3,12,55,6752,4521,2231,406,1513,5239,6.49241111078199,6.85707476222075,5.75344008068131,5.70357142857143,6.27527891606081,6.55511792708532,184
"185",2016,11,6.33013698630137,73,6.59387755102041,5.79166666666667,6,6.13333333333333,6.38103448275862,49,24,3,15,58,6825,4570,2255,409,1528,5297,6.49067543150183,6.85425273522976,5.75384692682927,5.70574572127139,6.27388547120419,6.55321178402869,185
"186",2016,12,6.52898550724638,69,6.95813953488372,5.81923076923077,6.33333333333333,6.375,6.54918032786885,43,26,3,8,61,6894,4613,2281,412,1536,5358,6.4910588656803,6.85522111424236,5.75459220517317,5.71031553398058,6.274412109375,6.55316588652482,186
"187",2017,1,6.61169811320755,106,7.17318181818182,5.68525,5.65916666666667,6.494375,6.63255555555556,66,40,12,16,90,7000,4679,2321,424,1552,5448,6.49288568857143,6.85970613378927,5.75339716501508,5.7088679245283,6.27667976804124,6.55447738986784,187
"188",2017,2,6.29838709677419,62,6.75,5,5.66666666666667,7.625,6.20689655172414,46,16,3,4,58,7062,4725,2337,427,1556,5506,6.49117811101671,6.85863809523809,5.74823911852803,5.70857142857143,6.28014588688946,6.55081598619688,188
"189",2017,3,6.4225641025641,78,6.92230769230769,5.42307692307692,5.9375,7,6.39135135135135,52,26,8,4,74,7140,4777,2363,435,1560,5580,6.49042854621849,6.85933117019049,5.74466137113838,5.7127816091954,6.28199166666666,6.54870122222222,189
"190",2017,4,6.27661971830986,71,6.5528,5.61904761904762,5.66,6.47333333333333,6.25846153846154,50,21,5,6,65,7211,4827,2384,440,1566,5645,6.48832336985162,6.85615599751398,5.74355487416107,5.71218181818182,6.28272477650064,6.54535922409212,190
"191",2017,5,6.64054054054054,74,7.06538461538462,5.63636363636364,6,6.99,6.5859375,52,22,6,10,64,7285,4879,2406,446,1576,5709,6.48986957035004,6.85838593974175,5.74257473815462,5.71605381165919,6.28721256345178,6.54581412156244,191
"192",2017,6,6.57301587301587,63,6.94864864864865,6.03846153846154,5.25,5.75,6.62881355932203,37,26,6,4,59,7348,4916,2432,452,1580,5768,6.49058244692433,6.85906529698942,5.74573800164474,5.70986725663717,6.28585253164557,6.54666311026352,192
"193",2017,7,6.18253968253968,63,6.48048780487805,5.62727272727273,6.83333333333333,5.71428571428571,6.31632653061224,41,22,3,14,49,7411,4957,2454,455,1594,5817,6.48796381325057,6.85593403268106,5.74467596577017,5.71727472527473,6.28083249686324,6.54472285026646,193
"194",2017,8,6.34027777777778,72,6.48809523809524,6.13333333333333,6.2,6.55,6.30645161290323,42,30,5,10,62,7483,4999,2484,460,1604,5879,6.48654280636109,6.85284356871374,5.74936989533011,5.72252173913044,6.28251059850374,6.5422100391223,194
"195",2017,9,6.51071428571429,56,6.85294117647059,5.98181818181818,6,7.5,6.47407407407407,34,22,5,2,54,7539,5033,2506,465,1606,5933,6.48672235309723,6.85284422809457,5.75141054269753,5.72550537634409,6.28402677459527,6.54158989044328,195
"196",2017,10,6.19230769230769,65,6.68918918918919,5.53571428571429,6,6.05555555555556,6.21428571428571,37,28,4,9,56,7604,5070,2534,469,1615,5989,6.48420565754866,6.85164990138067,5.74902715864246,5.72784648187633,6.28275356037152,6.53852944064117,196
"197",2017,11,6.48590909090909,88,6.94,5.56206896551724,4.66666666666667,7.10714285714286,6.36837837837838,59,29,6,14,74,7692,5129,2563,475,1629,6063,6.48422514560583,6.85266621173718,5.7469117518533,5.71444210526316,6.28983855125844,6.53645271647699,197
"198",2017,12,6.49576923076923,78,6.84181818181818,5.66826086956522,5.16666666666667,7.03333333333333,6.42565217391304,55,23,3,9,69,7770,5184,2586,478,1638,6132,6.48434103217503,6.85255111882716,5.74621222737819,5.71100418410042,6.29392368742369,6.53520593933464,198
"199",2018,1,6.40630630630631,111,6.73253012048193,5.43928571428571,5.28571428571429,6.425,6.4021978021978,83,28,7,20,91,7881,5267,2614,485,1658,6223,6.48324195152899,6.85065976836909,5.74292456771232,5.70486597938144,6.29550482509047,6.53326093845412,199
"200",2018,2,6.54971014492754,69,6.8386,5.78947368421053,5.2,8,6.48378787878788,50,19,5,3,66,7950,5317,2633,490,1661,6289,6.48381884528302,6.85054636072973,5.74326047094569,5.69971428571429,6.29858338350391,6.53274174272539,200
"201",2018,3,6.49090909090909,55,6.92222222222222,5.67368421052632,5,6.35714285714286,6.51041666666667,36,19,4,7,48,8005,5353,2652,494,1668,6337,6.48386756027483,6.85102839529236,5.74276199849171,5.69404858299595,6.29882913669065,6.5325726400505,201
"202",2018,4,6.84264705882353,68,6.7625,6.95714285714286,7.3,6.9375,6.83,40,28,5,8,60,8073,5393,2680,499,1676,6397,6.48688960981048,6.85037177823104,5.75544955970149,5.71014028056112,6.3018776849642,6.53536232921682,202
"203",2018,5,6.41830682539682,63,6.61896288888889,5.91666666666667,6,6.79166666666667,6.33045745098039,45,18,2,12,51,8136,5438,2698,501,1688,6448,6.48635854842675,6.84845684626701,5.75652513713862,5.71129740518962,6.3053595971564,6.5337416485732,203
"204",2018,6,6.51971014492754,69,6.80488372093023,6.04807692307692,5.15,7.05555555555556,6.43933333333333,43,26,5,9,60,8205,5481,2724,506,1697,6508,6.48663901889092,6.84811500273673,5.75930793685756,5.70575098814229,6.30933824395993,6.53287125845114,204
"205",2018,7,6.61294117647059,51,6.8315,5.81818181818182,7,5,6.71375,40,11,1,3,48,8256,5521,2735,507,1700,6556,6.48741922843992,6.84799462597355,5.75954472394881,5.70830374753452,6.30702764705882,6.53419556894448,205
"206",2018,8,6.26166666666667,60,6.99459459459459,5.08260869565217,5.8,5.375,6.39807692307692,37,23,5,8,52,8316,5558,2758,512,1708,6608,6.48579042207792,6.84897055235696,5.75389949963742,5.70919921875,6.30266217798595,6.53312441737288,206
"207",2018,9,6.57142857142857,49,7.13461538461539,5.93478260869565,6.5,6.5,6.57446808510638,26,23,4,2,47,8365,5584,2781,516,1710,6655,6.48629206814106,6.85030056053009,5.75539547644732,5.71532945736434,6.30289298245614,6.5334164012021,207
"208",2018,10,6.5115,60,6.715,5.84285714285714,6,7.25,6.39788461538462,46,14,1,8,52,8425,5630,2795,517,1718,6707,6.48647159050445,6.84919508525755,5.75583356708408,5.71588007736944,6.30730325960419,6.53236561055614,208
"209",2018,11,6.84934210526316,76,7.29666666666667,6.2,6.07142857142857,7.378125,6.70833333333333,45,31,7,16,60,8501,5675,2826,524,1734,6767,6.48971569815316,6.85274331806167,5.76070588110403,5.72062977099237,6.31718396770473,6.53392583862864,209
"210",2018,12,6.36052631578947,76,6.68518518518519,5.56363636363636,4.66666666666667,7.25,6.31111111111111,54,22,3,4,72,8577,5729,2848,527,1738,6839,6.48857096304069,6.85116396055158,5.7591835744382,5.71462998102467,6.31933084004603,6.53158007749671,210
"211",2019,1,6.63177570093458,107,7.14166666666667,5.98085106382979,5.3,6.72727272727273,6.62083333333333,60,47,5,11,96,8684,5789,2895,532,1749,6935,6.49033546176877,6.85417487130765,5.76278232124352,5.71073308270677,6.32189651229274,6.53281559480894,211
"212",2019,2,6.38055555555556,72,6.60731707317073,6.08064516129032,5.4375,6.65555555555556,6.34126984126984,41,31,8,9,63,8756,5830,2926,540,1758,6998,6.48943274897213,6.85243882161235,5.76614997265892,5.70668518518519,6.32360466439135,6.5310911903401,212
"213",2019,3,6.39182926829268,82,6.72978723404255,5.938,6.16666666666667,7.22875,6.30135135135135,47,35,6,8,74,8838,5877,2961,546,1766,7072,6.4885271724372,6.85145794282797,5.76818129685917,5.71173992673993,6.32770498301246,6.52868723840498,213
"214",2019,4,6.35964912280702,57,6.60810810810811,5.9,5.75,6.85714285714286,6.29,37,20,4,7,50,8895,5914,2981,550,1773,7122,6.48770130972457,6.84993546330741,5.76906568936598,5.71201818181818,6.32979526226734,6.52701153468127,214
"215",2019,5,6.58392857142857,56,7.040625,5.975,5.14,6.25,6.60961538461538,32,24,5,4,52,8951,5946,3005,555,1777,7174,6.48830333482293,6.85096171039354,5.77071042262895,5.70686486486487,6.3296156443444,6.52761028017842,215
"216",2019,6,6.41574074074074,54,7.01060606060606,5.48095238095238,4.4,6,6.47765957446808,33,21,5,7,47,9005,5979,3026,560,1784,7221,6.48786820099945,6.85184283826727,5.76869954395241,5.69519642857143,6.32832230941704,6.527285161335,216
"217",2019,7,6.78142857142857,70,7.38222222222222,5.7,3.66666666666667,7.66666666666667,6.6984375,45,25,3,6,64,9075,6024,3051,563,1790,7285,6.4901325785124,6.85580483565737,5.76813661750246,5.68438721136767,6.33280837988827,6.52878876458476,217
"218",2019,8,6.70945945945946,74,6.92857142857143,6.02777777777778,5.33333333333333,6,6.84677419354839,56,18,3,12,62,9149,6080,3069,566,1802,7347,6.49190656355886,6.85647505427632,5.76965943955686,5.68252650176678,6.33059211986681,6.53147218592623,218
"219",2019,9,6.82430379746835,79,7.42,5.73928571428571,3,6.88333333333333,6.81945205479452,51,28,1,6,73,9228,6131,3097,567,1808,7420,6.49475218357174,6.86116267003751,5.76938483048111,5.67779541446208,6.33242643805309,6.53430541105121,219
"220",2019,10,6.5799358974359,78,6.66862745098039,6.41240740740741,6.66666666666667,6.125,6.60452702702703,51,27,3,4,74,9306,6182,3124,570,1812,7494,6.49546616698904,6.85957430119702,5.77494232394366,5.683,6.33196854304635,6.53499881905524,220
"221",2019,11,6.61413333333333,75,7.12954545454545,5.88258064516129,6.5,7.41666666666667,6.54434782608696,44,31,2,6,69,9381,6226,3155,572,1818,7563,6.4964148971325,6.86148222454224,5.7759999429477,5.68585664335664,6.33554840484048,6.53508411344704,221
"222",2019,12,6.0664,75,6.0696,6.06,4,5.91666666666667,6.07942028985507,50,25,1,6,69,9456,6276,3180,573,1824,7632,6.49300424598139,6.85517341140854,5.77823264779874,5.68291448516579,6.33417050438596,6.53096451126834,222
"223",2020,1,6.4616393442623,122,6.83511627906977,5.56944444444444,5.77272727272727,6.26666666666667,6.48897196261682,86,36,11,15,107,9578,6362,3216,584,1839,7739,6.49260473480894,6.854902283873,5.77589546641791,5.68460616438356,6.33361990212071,6.530383919111,223
"224",2020,2,6.3551282051282,78,6.84,5.48928571428571,3.5,7.35,6.20882352941176,50,28,2,10,68,9656,6412,3244,586,1849,7807,6.49149421603148,6.85478607766687,5.77342164611591,5.67715017064846,6.33911681990265,6.52758308569233,224
"225",2020,3,6.39596774193548,62,6.75128205128205,5.79347826086957,5.3,5.325,6.4698275862069,39,23,5,4,58,9718,6451,3267,591,1853,7865,6.49088476538382,6.85416033638196,5.7735628466483,5.67395939086294,6.3369276848354,6.52715717101081,225
"226",2020,4,6.60740740740741,54,6.76818181818182,5.9,4.5,6.16666666666667,6.69555555555556,44,10,2,9,45,9772,6495,3277,593,1862,7910,6.49152866864511,6.85357787990762,5.77394867866951,5.67,6.33610472610096,6.52811518963338,226
"227",2020,5,6.38852941176471,68,6.7584,5.36111111111111,4.5,5.71428571428571,6.46590163934426,50,18,3,7,61,9840,6545,3295,596,1869,7971,6.4908168851626,6.85285077616501,5.77169342033384,5.66411073825503,6.33377581594435,6.5276390854347,227
"228",2020,6,6.39615384615385,52,6.64878048780488,5.45454545454545,NA,6.7,6.36382978723404,41,11,0,5,47,9892,6586,3306,596,1874,8018,6.49031926304084,6.85158037200121,5.77063817906836,5.66411073825503,6.33475293489861,6.52667886630082,228
"229",2020,7,6.44484375,64,6.72686274509804,5.33846153846154,7,5.79,6.56611111111111,51,13,1,10,54,9956,6637,3319,597,1884,8072,6.49002693350743,6.85062201747778,5.76894541126845,5.66634840871022,6.33186146496815,6.52694265981169,229
"230",2020,8,6.75,58,6.97435897435897,6.28947368421053,5.425,7.1,6.67708333333333,39,19,4,10,48,10014,6676,3338,601,1894,8120,6.49153266926303,6.85134486668664,5.77190827441582,5.66474209650582,6.33591710665258,6.5278301908867,230
"231",2020,9,6.19186046511628,43,6.78333333333333,5.44473684210526,6.5,5.9375,6.21794871794872,24,19,3,4,39,10057,6700,3357,604,1898,8159,6.4902513821219,6.85110124328358,5.77005654453381,5.66889072847682,6.33507744994731,6.52634895820566,231
"232",2020,10,6.49140101449275,69,6.67156469387755,6.05,5.75,6.5,6.48977017241379,49,20,4,11,58,10126,6749,3377,608,1909,8217,6.49025921587991,6.84979774781449,5.77171448623038,5.66942434210526,6.33602776322682,6.52609076548619,232
"233",2020,11,6.40842696629213,89,6.62881355932203,5.975,5.65,6.4,6.40892857142857,59,30,5,5,84,10215,6808,3407,613,1914,8301,6.48954623788546,6.84788263807285,5.7735044966246,5.66926590538336,6.33619487983281,6.52490517046139,233
"234",2020,12,6.36673913043478,92,6.8396875,5.28571428571429,4.7,6.66923076923077,6.31696202531646,64,28,5,13,79,10307,6872,3435,618,1927,8380,6.48845006500437,6.84780631548312,5.76952833187773,5.66142394822006,6.33844161909704,6.52294484725537,234
"235",2021,1,6.69086538461538,104,6.95140845070423,6.13030303030303,6.5,6.6875,6.69114583333333,71,33,6,8,96,10411,6943,3468,624,1935,8476,6.49047207953127,6.84886576407893,5.77296130911188,5.66948717948718,6.33988475452196,6.52484990797546,235
"236",2021,2,6.17697368421053,76,6.71875,4.66,5,7.55555555555556,5.99179104477612,56,20,3,9,67,10487,6999,3488,627,1944,8543,6.48820013540574,6.84782468924132,5.76657965022936,5.66628389154705,6.3455128600823,6.52066929884115,236
"237",2021,3,6.5294976119403,67,6.82022488372093,6.00861125,5.5,6.13218555555556,6.59114948275862,43,24,3,9,58,10554,7042,3512,630,1953,8601,6.48846230433959,6.84765615876171,5.76823362471526,5.66549206349206,6.34452978494623,6.52114457504941,237
"238",2021,4,6.80441176470588,68,7.0695652173913,6.25,6.5,6.75,6.8078125,46,22,2,4,64,10622,7088,3534,632,1957,8665,6.49048495198644,6.84909631348758,5.77123273627617,5.6681329113924,6.34535854368932,6.52326191459896,238
"239",2021,5,6.34574074074074,54,6.8484375,5.61454545454545,5.58333333333333,4.5,6.4543137254902,32,22,6,3,51,10676,7120,3556,638,1960,8716,6.4897528250281,6.84909335252809,5.77026335489314,5.66733542319749,6.34253401530612,6.52285847751262,239
"240",2021,6,6.5,59,6.51219512195122,6.47222222222222,8,6.77777777777778,6.45,41,18,1,9,50,10735,7161,3574,639,1969,8766,6.48980914392175,6.84716445608155,5.77379868214885,5.67098591549296,6.34452344845099,6.5224429032626,240
"241",2021,7,6.68307692307692,65,7.02142857142857,6.06521739130435,5.6,6.22222222222222,6.75714285714286,42,23,5,9,56,10800,7203,3597,644,1978,8822,6.49097232962963,6.84818057337221,5.77566207673061,5.67043478260869,6.34396697168857,6.52393272387214,241
"242",2021,8,6.76278830188679,53,7.20862578947368,5.63333333333333,6.5,7.2,6.71724541666667,38,15,2,5,48,10853,7241,3612,646,1983,8870,6.49229972726435,6.85007215163651,5.77507101052049,5.67300309597523,6.34612540090771,6.52497883540022,242
"243",2021,9,6.53134328358209,67,6.65208333333333,6.22631578947368,10,5.73333333333333,6.70545454545455,48,19,1,12,55,10920,7289,3631,647,1995,8925,6.49253928021978,6.84876834270819,5.77743224731479,5.67969088098918,6.34243943358396,6.52609101064426,243
"244",2021,10,6.48166666666667,60,7.15945945945946,5.39130434782609,4.2,6.42857142857143,6.48867924528302,37,23,5,7,53,10980,7326,3654,652,2002,8978,6.49247986703096,6.85033748976249,5.77500177613574,5.66834355828221,6.34274059440559,6.52587015705057,244
"245",2021,11,6.55352112676056,71,6.80980392156863,5.9,5.66666666666667,6.375,6.57619047619048,51,20,3,8,63,11051,7377,3674,655,2010,9041,6.49287204234911,6.85005726582622,5.77568222373435,5.66833587786259,6.34286899004975,6.52622080190244,245
"246",2021,12,6.22726315789474,95,6.23578125,6.20967741935484,6.66666666666667,6.08,6.24458823529412,64,31,3,10,85,11146,7441,3705,658,2020,9126,6.49060819486811,6.84477388119876,5.7793134925776,5.67288753799392,6.34156765841584,6.52359766272189,246
"247",2022,1,6.67016935483871,124,7.08314606741573,5.62002857142857,4.75,6.625,6.67783962264151,89,35,4,18,106,11270,7530,3740,662,2038,9232,6.49258384560781,6.84759129482072,5.77782285828877,5.66731117824773,6.34407098626104,6.52536863843154,247
"248",2022,2,6.48544303797468,79,7.007,5.58620689655172,5.2,4.53571428571429,6.675,50,29,5,7,72,11349,7580,3769,667,2045,9304,6.49253413869063,6.84864280343008,5.7763484982754,5.66380809595202,6.33788101222494,6.52652657674119,248
"249",2022,3,6.59934210526316,76,6.88877551020408,6.07407407407407,5.92857142857143,6.28846153846154,6.66349206349206,49,27,7,13,63,11425,7629,3796,674,2058,9367,6.49324463369803,6.84890057019269,5.7784661459431,5.66655786350148,6.33756883867833,6.52744777089783,249
"250",2022,4,6.49276923076923,65,6.6354347826087,6.14736842105263,5.83333333333333,5.78846153846154,6.66884615384615,46,19,3,13,52,11490,7675,3815,677,2071,9419,6.49324194429939,6.84762116612378,5.78030340498034,5.66729689807976,6.33412200386286,6.52822839685742,250
"251",2022,5,6.74887096774194,62,6.83923076923077,6.59565217391304,5.675,5.44285714285714,6.91509090909091,39,23,4,7,55,11552,7714,3838,681,2078,9474,6.49461391447368,6.84757874643505,5.7851895492444,5.66734214390602,6.33111966794995,6.53047427380198,251
"252",2022,6,6.30847457627119,59,6.57777777777778,5.88695652173913,7.33333333333333,5.65714285714286,6.39615384615385,36,23,3,7,52,11611,7750,3861,684,2085,9526,6.49366806821118,6.84632547741936,5.78579577570578,5.67464912280702,6.32885691606714,6.52974105290783,252
"253",2022,7,6.6203125,64,7.16756756756757,5.87037037037037,3.5,6.33333333333333,6.6344262295082,37,27,4,3,61,11675,7787,3888,688,2088,9587,6.49436230749464,6.84785186207782,5.78638309927984,5.66200581395349,6.32886334770115,6.53040714196308,253
"254",2022,8,6.52592592592593,81,6.72666666666667,5.95238095238095,8,7,6.49473684210526,60,21,2,5,76,11756,7847,3909,690,2093,9663,6.49457978394011,6.84692525168854,5.78727487592735,5.66878260869565,6.33046663640707,6.53012659319052,254
"255",2022,9,6.58282508196721,61,6.98103243902439,5.7665,7.5,6.38126666666667,6.64855065217391,41,20,3,15,46,11817,7888,3929,693,2108,9709,6.49503531099264,6.84762230983773,5.78716912445915,5.67670995670996,6.33082811669829,6.53068767123288,255
"256",2022,10,6.74402985074627,67,7.24024390243902,5.96153846153846,5.125,6.25,6.77539682539683,41,26,4,4,63,11884,7929,3955,697,2112,9772,6.49643910047122,6.84965251355783,5.78831542098609,5.673543758967,6.33067503314394,6.53226530904626,256
"257",2022,11,6.72337662337662,77,6.996,6.21851851851852,5.84285714285714,7.5,6.65774647887324,50,27,7,6,71,11961,7979,3982,704,2118,9843,6.49790003093387,6.85056959268079,5.79123241838272,5.67522727272727,6.33398756846081,6.53317043584273,257
"258",2022,12,6.72023255813953,86,6.7869696969697,6.5,6,6.80909090909091,6.7072,66,20,2,11,75,12047,8045,4002,706,2129,9918,6.49948719764257,6.85004782846489,5.79477448525737,5.67614730878187,6.33644230624706,6.53448644888082,258
