"","year","month","avg_rating","no_ratings","avg_rating_owned","avg_rating_not_owned","avg_rating_prev_owned","avg_rating_comment","avg_rating_no_comment","no_ratings_owned","no_ratings_not_owned","no_ratings_prev_owned","no_ratings_comment","no_ratings_no_comment","cum_no_ratings","cum_no_ratings_owned","cum_no_ratings_not_owned","cum_no_ratings_prev_owned","cum_no_ratings_comment","cum_no_ratings_no_comment","cum_avg_rating","cum_avg_rating_owned","cum_avg_rating_not_owned","cum_avg_rating_prev_owned","cum_avg_rating_comment","cum_avg_rating_no_comment","month_after_release"
"1",2001,5,8.5,2,10,7,NA,8.5,NA,1,1,0,2,0,2,1,1,0,2,0,8.5,10,7,NA,8.5,NA,0
"2",2001,8,6.5,2,7,6,NA,NA,6.5,1,1,0,0,2,4,2,2,0,2,2,7.5,8.5,6.5,NA,8.5,6.5,3
"3",2001,9,7,3,7,NA,NA,NA,7,3,0,0,0,3,7,5,2,0,2,5,7.28571428571429,7.6,6.5,NA,8.5,6.8,4
"4",2001,11,7.5,3,7.5,NA,NA,NA,7.5,3,0,0,0,3,10,8,2,0,2,8,7.35,7.5625,6.5,NA,8.5,7.0625,6
"5",2001,12,8.5,2,8,9,NA,NA,8.5,1,1,0,0,2,12,9,3,0,2,10,7.54166666666667,7.61111111111111,7.33333333333333,NA,8.5,7.35,7
"6",2002,1,6,1,NA,6,NA,NA,6,0,1,0,0,1,13,9,4,0,2,11,7.42307692307692,7.61111111111111,7,NA,8.5,7.22727272727273,8
"7",2002,2,6,1,NA,6,NA,6,NA,0,1,0,1,0,14,9,5,0,3,11,7.32142857142857,7.61111111111111,6.8,NA,7.66666666666667,7.22727272727273,9
"8",2002,3,6,1,6,NA,NA,NA,6,1,0,0,0,1,15,10,5,0,3,12,7.23333333333333,7.45,6.8,NA,7.66666666666667,7.125,10
"9",2002,5,7,2,7,NA,NA,NA,7,2,0,0,0,2,17,12,5,0,3,14,7.20588235294118,7.375,6.8,NA,7.66666666666667,7.10714285714286,12
"10",2002,6,7,1,7,NA,NA,NA,7,1,0,0,0,1,18,13,5,0,3,15,7.19444444444444,7.34615384615385,6.8,NA,7.66666666666667,7.1,13
"11",2002,10,7,1,NA,7,7,NA,7,0,1,1,0,1,19,13,6,1,3,16,7.18421052631579,7.34615384615385,6.83333333333333,7,7.66666666666667,7.09375,17
"12",2002,11,7,2,7,7,NA,7,7,1,1,0,1,1,21,14,7,1,4,17,7.16666666666667,7.32142857142857,6.85714285714286,7,7.5,7.08823529411765,18
"13",2002,12,5.5,2,7,4,NA,NA,5.5,1,1,0,0,2,23,15,8,1,4,19,7.02173913043478,7.3,6.5,7,7.5,6.92105263157895,19
"14",2003,2,7.33333333333333,3,7,8,NA,8,7,2,1,0,1,2,26,17,9,1,5,21,7.05769230769231,7.26470588235294,6.66666666666667,7,7.6,6.92857142857143,21
"15",2003,3,6,1,6,NA,NA,NA,6,1,0,0,0,1,27,18,9,1,5,22,7.01851851851852,7.19444444444444,6.66666666666667,7,7.6,6.88636363636364,22
"16",2003,4,9,3,9.5,8,8,8,9.5,2,1,1,1,2,30,20,10,2,6,24,7.21666666666667,7.425,6.8,7.5,7.66666666666667,7.10416666666667,23
"17",2003,5,5.5,2,NA,5.5,NA,4,7,0,2,0,1,1,32,20,12,2,7,25,7.109375,7.425,6.58333333333333,7.5,7.14285714285714,7.1,24
"18",2003,6,7,5,8.33333333333333,5,NA,7,NA,3,2,0,5,0,37,23,14,2,12,25,7.09459459459459,7.54347826086957,6.35714285714286,7.5,7.08333333333333,7.1,25
"19",2003,7,6.77777777777778,18,6.72727272727273,6.85714285714286,8,7.28571428571429,6.45454545454545,11,7,2,7,11,55,34,21,4,19,36,6.99090909090909,7.27941176470588,6.52380952380952,7.75,7.15789473684211,6.90277777777778,26
"20",2003,8,6.75,8,7.2,6,NA,6.66666666666667,6.8,5,3,0,3,5,63,39,24,4,22,41,6.96031746031746,7.26923076923077,6.45833333333333,7.75,7.09090909090909,6.89024390243902,27
"21",2003,9,6.58333333333333,6,7.375,5,NA,7,6.16666666666667,4,2,0,3,3,69,43,26,4,25,44,6.92753623188406,7.27906976744186,6.34615384615385,7.75,7.08,6.84090909090909,28
"22",2003,10,8.5,2,8.5,NA,NA,NA,8.5,2,0,0,0,2,71,45,26,4,25,46,6.97183098591549,7.33333333333333,6.34615384615385,7.75,7.08,6.91304347826087,29
"23",2003,11,5.5,2,9,2,NA,2,9,1,1,0,1,1,73,46,27,4,26,47,6.93150684931507,7.3695652173913,6.18518518518519,7.75,6.88461538461539,6.95744680851064,30
"24",2003,12,7.21428571428571,7,7.75,4,NA,5.5,7.9,6,1,0,2,5,80,52,28,4,28,52,6.95625,7.41346153846154,6.10714285714286,7.75,6.78571428571429,7.04807692307692,31
"25",2004,1,6.9,5,6.9,NA,NA,7.75,6.33333333333333,5,0,0,2,3,85,57,28,4,30,55,6.95294117647059,7.36842105263158,6.10714285714286,7.75,6.85,7.00909090909091,32
"26",2004,2,7.08333333333333,6,7.3,6,6,6.83333333333333,7.33333333333333,5,1,1,3,3,91,62,29,5,33,58,6.96153846153846,7.36290322580645,6.10344827586207,7.4,6.84848484848485,7.02586206896552,33
"27",2004,3,6.9,10,7.66666666666667,5.75,NA,8.33333333333333,6.28571428571429,6,4,0,3,7,101,68,33,5,36,65,6.95544554455446,7.38970588235294,6.06060606060606,7.4,6.97222222222222,6.94615384615385,34
"28",2004,4,6.96153846153846,13,7.31818181818182,5,5,7.9,6.375,11,2,1,5,8,114,79,35,6,41,73,6.95614035087719,7.37974683544304,6,7,7.08536585365854,6.88356164383562,35
"29",2004,5,7.16666666666667,6,8,6.75,8,8,6.33333333333333,2,4,2,3,3,120,81,39,8,44,76,6.96666666666667,7.39506172839506,6.07692307692308,7.25,7.14772727272727,6.86184210526316,36
"30",2004,6,6.75,8,6.8,6.66666666666667,NA,6.33333333333333,7,5,3,0,3,5,128,86,42,8,47,81,6.953125,7.36046511627907,6.11904761904762,7.25,7.09574468085106,6.87037037037037,37
"31",2004,7,7,8,7.5,6.5,NA,7,7,4,4,0,5,3,136,90,46,8,52,84,6.95588235294118,7.36666666666667,6.15217391304348,7.25,7.08653846153846,6.875,38
"32",2004,8,6.9,5,7.16666666666667,6.5,7,7.25,6.66666666666667,3,2,1,2,3,141,93,48,9,54,87,6.95390070921986,7.36021505376344,6.16666666666667,7.22222222222222,7.09259259259259,6.86781609195402,39
"33",2004,9,6.95454545454545,11,7.21428571428571,6.5,7,7.33333333333333,6.8125,7,4,1,3,8,152,100,52,10,57,95,6.95394736842105,7.35,6.19230769230769,7.2,7.10526315789474,6.86315789473684,40
"34",2004,10,6.57692307692308,13,7.11111111111111,5.375,NA,6.5,6.66666666666667,9,4,0,7,6,165,109,56,10,64,101,6.92424242424242,7.3302752293578,6.13392857142857,7.2,7.0390625,6.85148514851485,41
"35",2004,11,6.36,10,6.8,5.92,7,5.85,7.125,5,5,1,6,4,175,114,61,11,70,105,6.892,7.30701754385965,6.11639344262295,7.18181818181818,6.93714285714286,6.86190476190476,42
"36",2004,12,6.34210526315789,19,7.25,5.33333333333333,8,6.8,5.83333333333333,10,9,1,10,9,194,124,70,12,80,114,6.83814432989691,7.30241935483871,6.01571428571429,7.25,6.92,6.78070175438596,43
"37",2005,1,6.42857142857143,14,7.14285714285714,5.71428571428571,NA,5.8,6.77777777777778,7,7,0,5,9,208,131,77,12,85,123,6.81057692307692,7.29389312977099,5.98831168831169,7.25,6.85411764705882,6.78048780487805,44
"38",2005,2,6.59090909090909,11,7.0625,5.33333333333333,6,6,6.72222222222222,8,3,2,2,9,219,139,80,14,87,132,6.79954337899543,7.28057553956835,5.96375,7.07142857142857,6.83448275862069,6.77651515151515,45
"39",2005,3,6.125,12,6.58333333333333,5.66666666666667,5.5,5.8125,6.75,6,6,2,8,4,231,145,86,16,95,136,6.76450216450216,7.25172413793103,5.94302325581395,6.875,6.74842105263158,6.77573529411765,46
"40",2005,4,6.42307692307692,13,6.35714285714286,6.5,7,6.6875,6,7,6,2,8,5,244,152,92,18,103,141,6.74631147540984,7.21052631578947,5.97934782608696,6.88888888888889,6.74368932038835,6.74822695035461,47
"41",2005,5,6.68666666666667,15,6.94444444444444,6.3,7.4,7.1,6.21428571428571,9,6,2,8,7,259,161,98,20,111,148,6.74285714285714,7.19565217391304,5.99897959183674,6.94,6.76936936936937,6.72297297297297,48
"42",2005,6,6.65,10,6.92857142857143,6,7,6.16666666666667,7.375,7,3,1,6,4,269,168,101,21,117,152,6.73940520446097,7.18452380952381,5.9990099009901,6.94285714285714,6.73846153846154,6.74013157894737,49
"43",2005,7,6.76923076923077,13,7.07142857142857,6.41666666666667,NA,6.41666666666667,7.07142857142857,7,6,0,6,7,282,175,107,21,123,159,6.74078014184397,7.18,6.02242990654206,6.94285714285714,6.72276422764228,6.75471698113208,50
"44",2005,8,7.42105263157895,19,7.8,6,NA,7.42307692307692,7.41666666666667,15,4,0,13,6,301,190,111,21,136,165,6.78372093023256,7.22894736842105,6.02162162162162,6.94285714285714,6.78970588235294,6.77878787878788,51
"45",2005,9,7.06666666666667,12,7.61428571428571,6.3,6.75,7.1625,6.875,7,5,2,8,4,313,197,116,23,144,169,6.79456869009585,7.24263959390863,6.03362068965517,6.92608695652174,6.81041666666667,6.7810650887574,52
"46",2005,10,7.15,10,7.42857142857143,6.5,NA,7.41666666666667,6.75,7,3,0,6,4,323,204,119,23,150,173,6.80557275541796,7.24901960784314,6.0453781512605,6.92608695652174,6.83466666666667,6.78034682080925,53
"47",2005,11,6.29411764705882,17,6.625,6,6,6.35,6.21428571428571,8,9,1,10,7,340,212,128,24,160,180,6.78,7.22547169811321,6.0421875,6.8875,6.804375,6.75833333333333,54
"48",2005,12,7.08823529411765,17,7.03571428571429,7.33333333333333,7.5,8,6.70833333333333,14,3,2,5,12,357,226,131,26,165,192,6.79467787114846,7.21371681415929,6.07175572519084,6.93461538461538,6.84060606060606,6.75520833333333,55
"49",2006,1,6.968,25,7.24705882352941,6.375,6.25,6.68181818181818,7.19285714285714,17,8,4,11,14,382,243,139,30,176,206,6.80602094240838,7.21604938271605,6.08920863309353,6.84333333333333,6.83068181818182,6.78495145631068,56
"50",2006,2,6.625,12,7.5,5.75,6,5.66666666666667,6.94444444444444,6,6,1,3,9,394,249,145,31,179,215,6.8005076142132,7.22289156626506,6.0751724137931,6.81612903225806,6.81117318435754,6.79162790697674,57
"51",2006,3,7.77777777777778,9,7.71428571428571,8,NA,8,7.6,7,2,0,4,5,403,256,147,31,183,220,6.82233250620347,7.236328125,6.10136054421769,6.81612903225806,6.83715846994535,6.81,58
"52",2006,4,6.59166666666667,12,7.1,6.08333333333333,7,6.83333333333333,6.35,6,6,1,6,6,415,262,153,32,189,226,6.81566265060241,7.23320610687023,6.10065359477124,6.821875,6.83703703703704,6.79778761061947,59
"53",2006,5,7.35333333333333,15,7.23333333333333,7.83333333333333,8,7.5,7.25555555555556,12,3,1,6,9,430,274,156,33,195,235,6.83441860465116,7.23321167883212,6.13397435897436,6.85757575757576,6.8574358974359,6.81531914893617,60
"54",2006,6,6.76666666666667,12,7.16666666666667,6.36666666666667,8,7.25,6.525,6,6,1,4,8,442,280,162,34,199,243,6.83257918552036,7.23178571428571,6.14259259259259,6.89117647058824,6.86532663316583,6.80576131687243,61
"55",2006,7,6.6,21,6.64285714285714,6.51428571428571,NA,6.88333333333333,6.22222222222222,14,7,0,12,9,463,294,169,34,211,252,6.82203023758099,7.20374149659864,6.15798816568047,6.89117647058824,6.86635071090047,6.78492063492063,62
"56",2006,8,7.0625,16,7,7.25,7.5,7.33333333333333,6.71428571428571,12,4,2,9,7,479,306,173,36,220,259,6.83006263048017,7.19575163398693,6.18323699421965,6.925,6.88545454545454,6.78301158301158,63
"57",2006,9,6.95454545454545,11,7,6.875,8,7.5,6.5,7,4,1,5,6,490,313,177,37,225,265,6.83285714285714,7.19137380191693,6.19887005649718,6.95405405405405,6.89911111111111,6.77660377358491,64
"58",2006,10,7.045,20,7.37692307692308,6.42857142857143,7.33333333333333,6.8625,7.16666666666667,13,7,3,8,12,510,326,184,40,233,277,6.84117647058823,7.19877300613497,6.20760869565217,6.9825,6.89785407725322,6.79350180505415,65
"59",2006,11,7.05,20,7.11538461538461,6.92857142857143,7.5,6.88888888888889,7.18181818181818,13,7,2,9,11,530,339,191,42,242,288,6.84905660377358,7.19557522123894,6.23403141361257,7.00714285714286,6.89752066115702,6.80833333333333,66
"60",2006,12,6.76060606060606,33,6.864,6.4375,7,6.85714285714286,6.68947368421053,25,8,3,14,19,563,364,199,45,256,307,6.84387211367673,7.1728021978022,6.24221105527638,7.00666666666667,6.8953125,6.80097719869707,67
"61",2007,1,6.65428571428571,35,6.86363636363636,6.3,6.63333333333333,6.81052631578947,6.46875,22,13,3,19,16,598,386,212,48,275,323,6.83277591973244,7.15518134715026,6.24575471698113,6.98333333333333,6.88945454545455,6.78452012383901,68
"62",2007,2,6.97471066666667,15,7.18,6.564132,NA,6.6,7.40295142857143,10,5,0,8,7,613,396,217,48,283,330,6.83624903752039,7.15580808080808,6.25309059907834,6.98333333333333,6.88127208480565,6.79763836363636,69
"63",2007,3,6.78571428571429,28,6.92,6.63076923076923,7.05,7.06666666666667,6.575,15,13,4,12,16,641,411,230,52,295,346,6.83404159126365,7.14720194647202,6.27443765217391,6.98846153846154,6.88881355932203,6.78734294797688,70
"64",2007,4,6.72916666666667,24,6.6875,6.8125,6.5,6.8,6.71052631578947,16,8,2,5,19,665,427,238,54,300,365,6.83025663157895,7.12997658079625,6.29252378151261,6.97037037037037,6.88733333333333,6.7833442739726,71
"65",2007,5,7.07368421052632,19,7.77142857142857,6.66666666666667,5,5.98,7.46428571428571,7,12,2,5,14,684,434,250,56,305,379,6.83701850877193,7.14032258064516,6.31048264,6.9,6.87245901639344,6.80849778364116,72
"66",2007,6,6.7813125,16,7.00009090909091,6.3,7.25,6.94455555555556,6.57142857142857,11,5,2,9,7,700,445,255,58,314,386,6.83574522857143,7.13685617977528,6.31027709803922,6.91206896551724,6.87452547770701,6.80419860103627,73
"67",2007,7,6.80909090909091,22,6.75384615384615,6.88888888888889,7.5,6.83,6.79166666666667,13,9,3,10,12,722,458,264,61,324,398,6.83493304709141,7.12598471615721,6.3300025,6.94098360655738,6.8731512345679,6.80382075376884,74
"68",2007,8,6.65789473684211,19,6.81666666666667,6.38571428571429,7.25,6.61428571428571,6.68333333333333,12,7,2,7,12,741,470,271,63,331,410,6.83039360323887,7.11808723404255,6.3314415498155,6.95079365079365,6.86767673716012,6.80029429268293,75
"69",2007,9,6.53333333333333,18,6.45833333333333,6.68333333333333,7.1,6.2625,6.75,12,6,1,8,10,759,482,277,64,339,420,6.82334869565217,7.10166182572614,6.33906375451264,6.953125,6.85339528023599,6.79909680952381,76
"70",2007,10,6.72916666666667,24,6.81818181818182,6.65384615384615,6,6.83333333333333,6.69444444444444,11,13,1,6,18,783,493,290,65,345,438,6.82046189016603,7.09533671399594,6.35317468965517,6.93846153846154,6.8530463768116,6.79479602739726,77
"71",2007,11,6.51515151515152,33,7,5.76923076923077,5.9,6.91176470588235,6.09375,20,13,5,17,16,816,513,303,70,362,454,6.80811477941176,7.09161988304094,6.32812099009901,6.86428571428571,6.85580386740332,6.77008955947136,78
"72",2007,12,6.50571428571429,70,6.65681818181818,6.25,7.07142857142857,5.99677419354839,6.91025641025641,44,26,7,31,39,886,557,329,77,393,493,6.78422309255079,7.05727289048474,6.32194729483283,6.88311688311688,6.78804325699746,6.78117780933063,79
"73",2008,1,6.54846153846154,39,6.63892857142857,6.31818181818182,7,6.78125,6.38652173913044,28,11,2,16,23,925,585,340,79,409,516,6.77428287567568,7.03724957264957,6.32182547058824,6.88607594936709,6.78777750611247,6.7635865503876,80
"74",2008,2,6.85483870967742,31,7.28571428571429,5.95,6.75,6.60714285714286,7.05882352941176,21,10,4,14,17,956,606,350,83,423,533,6.776895041841,7.0458597359736,6.31120188571429,6.87951807228916,6.78179905437352,6.77300311444653,81
"75",2008,3,6.63333333333333,27,6.96153846153846,6.32857142857143,6.68333333333333,6.92857142857143,6.53,13,14,6,7,20,983,619,364,89,430,553,6.77295184130214,7.04408885298869,6.31186994505495,6.86629213483146,6.78418837209302,6.76421457504521,82
"76",2008,4,6.69333333333333,15,6.8,6.48,NA,6,6.8,10,5,0,2,13,998,629,369,89,432,566,6.77175517034068,7.04020826709062,6.3141481300813,6.86629213483146,6.78055787037037,6.76503650176678,83
"77",2008,5,6.47222222222222,18,6.45454545454545,6.5,6,6.5,6.45833333333333,11,7,1,6,12,1016,640,376,90,438,578,6.76644848425197,7.0301421875,6.31760813829787,6.85666666666667,6.77671461187215,6.75866896193771,84
"78",2008,6,6.70588235294118,17,7.11111111111111,6.25,5,6.41666666666667,6.86363636363636,9,8,1,6,11,1033,649,384,91,444,589,6.76545175217812,7.03126502311248,6.31619963541667,6.83626373626374,6.7718490990991,6.76062930390492,85
"79",2008,7,6.54814814814815,27,7.06153846153846,6.07142857142857,6.18181818181818,6.93333333333333,6.06666666666667,13,14,11,15,12,1060,662,398,102,459,601,6.75991666037736,7.03185951661632,6.30758959798995,6.7656862745098,6.77712636165577,6.74677314475873,86
"80",2008,8,6.425,20,6.59090909090909,6.22222222222222,5.8,5.78571428571429,6.76923076923077,11,9,5,7,13,1080,673,407,107,466,614,6.7537145,7.02465230312036,6.30570186732187,6.72056074766355,6.7622339055794,6.74724863192182,87
"81",2008,9,6.13888888888889,18,6.13636363636364,6.14285714285714,5.75,5.91666666666667,6.25,11,7,4,6,12,1098,684,414,111,472,626,6.74363539162113,7.01036695906433,6.30294845410628,6.68558558558559,6.75148516949153,6.73771670926517,88
"82",2008,10,6.42058823529412,17,6.46111111111111,6.375,6.57142857142857,6.30714285714286,6.5,9,8,7,7,10,1115,693,422,118,479,636,6.73871000896861,7.00323376623377,6.30431436018957,6.67881355932203,6.74499164926931,6.73397902515723,89
"83",2008,11,6.64761904761905,21,7.4,5.96363636363636,6.16666666666667,6.5,6.69375,10,11,3,5,16,1136,703,433,121,484,652,6.73702610915493,7.00887766714083,6.29565972286374,6.66611570247934,6.74246074380165,6.73299180981595,90
"84",2008,12,6.94,25,6.92857142857143,6.95454545454545,7,7,6.90625,14,11,4,9,16,1161,717,444,125,493,668,6.7413967786391,7.00730962343096,6.31198346846847,6.6768,6.74716227180527,6.73714170658683,91
"85",2009,1,7.02708333333333,24,7.06764705882353,6.92857142857143,7,7.34285714285714,6.89705882352941,17,7,3,7,17,1185,734,451,128,500,685,6.74718283544304,7.00870708446867,6.32155356984479,6.684375,6.755502,6.74111045255474,92
"86",2009,2,6.74107142857143,28,7.13461538461539,6.4,5.625,6.625,6.77272727272727,13,15,4,6,22,1213,747,466,132,506,707,6.74704176422094,7.01089825970549,6.3240786695279,6.65227272727273,6.75395454545455,6.74209428571428,93
"87",2009,3,6.32926829268293,41,6.69318181818182,5.90789473684211,5.75,6.21875,6.35606060606061,22,19,8,8,33,1254,769,485,140,514,740,6.73338250398724,7.0018088426528,6.30777455670103,6.60071428571429,6.74562451361868,6.72487927027027,94
"88",2009,4,6.15909090909091,44,6.65625,5.875,5.72,5.95454545454545,6.22727272727273,16,28,10,11,33,1298,785,513,150,525,773,6.71391499229584,6.99476560509554,6.28415333333333,6.542,6.72904952380953,6.70363604139715,95
"89",2009,5,6.30757575757576,33,6.52941176470588,6.071875,6.1,6.53636363636364,6.19318181818182,17,16,9,11,22,1331,802,529,159,536,795,6.70384046581518,6.98490149625935,6.27773281663516,6.51698113207547,6.72509514925373,6.68951026415094,96
"90",2009,6,6.32941176470588,34,6.67647058823529,5.98235294117647,6.5,6.03846153846154,6.50952380952381,17,17,4,13,21,1365,819,546,163,549,816,6.69451403663004,6.97849938949939,6.26853600732601,6.51656441717791,6.70883606557377,6.68487825980392,97
"91",2009,7,6.54814814814815,27,6.7,6.45882352941176,6.5,6.35,6.66470588235294,10,17,5,10,17,1392,829,563,168,559,833,6.69167504310345,6.97513992762364,6.27428181172291,6.51607142857143,6.7024168157424,6.68446657863145,98
"92",2009,8,6.8,20,6.66666666666667,6.90909090909091,6.16666666666667,6.83333333333333,6.79411764705882,9,11,3,3,17,1412,838,574,171,562,850,6.69320939093484,6.97182696897375,6.28644714285714,6.50994152046784,6.70311565836299,6.6866596,99
"93",2009,9,6.55714285714286,28,6.81818181818182,6.38823529411765,6.54285714285714,6.60833333333333,6.51875,11,17,7,12,16,1440,849,591,178,574,866,6.69056365277778,6.96983627797409,6.28937505922166,6.51123595505618,6.70113414634146,6.68355734411085,100
"94",2009,10,6.81136363636364,22,7.03181818181818,6.59090909090909,6.875,6.98125,6.71428571428571,11,11,4,8,14,1462,860,602,182,582,880,6.69238143638851,6.97062906976744,6.29488481727575,6.51923076923077,6.70498453608248,6.68404620454545,101
"95",2009,11,6.31428571428571,35,6.57692307692308,6.15909090909091,6.36363636363636,6.22727272727273,6.35416666666667,13,22,11,11,24,1497,873,624,193,593,904,6.68354152304609,6.96476632302406,6.29009721153846,6.51036269430052,6.69612310286678,6.67528834070796,102
"96",2009,12,6.48870967741935,31,6.595,6.29545454545455,6.46428571428571,6.75,6.345,20,11,7,11,20,1528,893,635,200,604,924,6.67958878272251,6.95648488241881,6.29019001574803,6.50875,6.69710430463576,6.66813924242424,103
"97",2010,1,6.32692307692308,26,6.21666666666667,6.47727272727273,6.66666666666667,6.28125,6.34722222222222,15,11,3,8,18,1554,908,646,203,612,942,6.67368832689833,6.94426321585903,6.29337563467492,6.51108374384236,6.6916683006536,6.66200707006369,104
"98",2010,2,6.592,25,7.31666666666667,5.92307692307692,5.91666666666667,6.3125,6.72352941176471,12,13,6,8,17,1579,920,659,209,620,959,6.67239497150095,6.94912065217391,6.28607080424886,6.49401913875598,6.68677580645161,6.66309766423358,105
"99",2010,3,6.95,10,6.3,7.6,7.5,NA,6.95,5,5,2,0,10,1589,925,664,211,620,969,6.67414201384519,6.94561189189189,6.29596484939759,6.50355450236967,6.68677580645161,6.66605847265222,106
"100",2010,4,7.43,10,8,6.86,6.7,7.75,7.35,5,5,1,2,8,1599,930,669,212,622,977,6.67886908067542,6.95128064516129,6.3001803587444,6.50448113207547,6.69019453376206,6.67165881269191,107
"101",2010,5,6.7352,15,7.0856,6.56,5.2,6.87542857142857,6.6125,5,10,2,7,8,1614,935,679,214,629,985,6.67939260223048,6.95199893048128,6.30400686303387,6.49228971962617,6.6922559618442,6.67117833502538,108
"102",2010,6,6.035,20,6.3125,5.85,6,5.88571428571429,6.11538461538461,8,12,4,7,13,1634,943,691,218,636,998,6.6715052998776,6.9465737009544,6.29612251808973,6.48325688073395,6.68337893081761,6.66393853707415,109
"103",2010,7,6.12421052631579,19,7.125,5.85733333333333,5.71875,7.16666666666667,5.92875,4,15,8,3,16,1653,947,706,226,639,1014,6.6652145553539,6.94732734952482,6.28679980169972,6.45619469026549,6.68564788732395,6.65233792899408,110
"104",2010,8,6.75,14,6.91666666666667,6.625,6.66666666666667,6.7,6.77777777777778,6,8,3,5,9,1667,953,714,229,644,1023,6.66592661067786,6.94713431269675,6.29058915966387,6.4589519650655,6.68575931677019,6.65344150537634,111
"105",2010,9,6.97,15,7.03,6.85,7.25,NA,6.97,10,5,1,0,15,1682,963,719,230,644,1038,6.66863832342449,6.94799480789201,6.29447936022253,6.46239130434783,6.68575931677019,6.65801605009634,112
"106",2010,10,6.99090909090909,11,7.34,6.7,NA,7.625,6.62857142857143,5,6,0,4,7,1693,968,725,230,648,1045,6.6707322268163,6.95001962809917,6.29783539310345,6.46239130434783,6.69155709876543,6.65781881339713,113
"107",2010,11,6.05,21,5.875,6.28333333333333,6.76666666666667,6.05,6.05,12,9,3,5,16,1714,980,734,233,653,1061,6.66312698949825,6.93685612244898,6.29765757493188,6.46630901287554,6.68664471669219,6.64865283694628,114
"108",2010,12,6.65,22,7.1375,6.37142857142857,6.6,6.5,6.69411764705882,8,14,5,5,17,1736,988,748,238,658,1078,6.66296063364055,6.93848076923077,6.29903831550802,6.46911764705882,6.685226443769,6.64936981447124,115
"109",2011,1,6.4296875,32,6.796875,6.0625,6.1,6.40909090909091,6.44047619047619,16,16,5,11,21,1768,1004,764,243,669,1099,6.65873849547511,6.93622410358566,6.29408463350785,6.46152263374486,6.68068609865471,6.64537821656051,116
"110",2011,2,6.10909090909091,22,6.6125,5.82142857142857,5.75,6.875,5.93888888888889,8,14,6,4,18,1790,1012,778,249,673,1117,6.65198305027933,6.93366501976285,6.28557925449871,6.44437751004016,6.68184101040119,6.63399342882721,117
"111",2011,3,6.67666666666667,15,7.09285714285714,6.3125,7,6.3,6.77083333333333,7,8,2,3,12,1805,1019,786,251,676,1129,6.65218817728532,6.93475858684985,6.28585325699746,6.44880478087649,6.68014644970414,6.63544788308237,118
"112",2011,4,6.56,20,6.27777777777778,6.79090909090909,7.55,6.8,6.5,9,11,4,4,16,1825,1028,797,255,680,1145,6.65117789589041,6.92900680933852,6.29282391468005,6.46607843137255,6.68085147058824,6.63355516157205,119
"113",2011,5,6.5,12,6.83333333333333,6.16666666666667,NA,6,6.75,6,6,0,4,8,1837,1034,803,255,684,1153,6.65019034295046,6.92845164410058,6.29188127023661,6.46607843137255,6.67686988304094,6.63436310494362,120
"114",2011,6,7.30454545454545,11,7.5125,6.75,5.75,7.5,7.285,8,3,1,1,10,1848,1042,806,256,685,1163,6.65408531385281,6.93293570057582,6.29358642679901,6.46328125,6.67807153284672,6.63995757523646,121
"115",2011,7,6.3,12,6.71428571428571,5.72,5.8,7.3,6.1,7,5,2,2,10,1860,1049,811,258,687,1173,6.65180089247312,6.93147664442326,6.29005013563502,6.45813953488372,6.67988209606987,6.63535435635124,122
"116",2011,8,6.5625,16,6.94444444444444,6.07142857142857,6.75,6.5,6.58333333333333,9,7,2,4,12,1876,1058,818,260,691,1185,6.65103926439232,6.93158695652174,6.28817929095355,6.46038461538462,6.67884081041968,6.63482756118143,123
"117",2011,9,6.8,9,7.04,6.5,6,7.1,6.71428571428571,5,4,1,2,7,1885,1063,822,261,693,1192,6.65175048275862,6.93209689557855,6.2892100486618,6.45862068965517,6.68005627705628,6.63529417785235,124
"118",2011,10,6.74666666666667,15,7.24444444444444,6,5.5,6.33333333333333,6.85,9,6,2,3,12,1900,1072,828,263,696,1204,6.65249982105263,6.93471921641791,6.2871143236715,6.45133079847909,6.6785617816092,6.63743410299003,125
"119",2011,11,6.56190476190476,21,6.59285714285714,6.5,6.83333333333333,6.66666666666667,6.48333333333333,14,7,3,9,12,1921,1086,835,266,705,1216,6.65150945340968,6.93031215469613,6.28889899401198,6.45563909774436,6.67840992907801,6.63591337171053,126
"120",2011,12,6.72555555555556,9,6.625,6.806,5.5,6.66666666666667,6.755,4,5,1,3,6,1930,1090,840,267,708,1222,6.65185474611399,6.92919174311927,6.29197697619048,6.45205992509363,6.67836016949153,6.63649808510638,127
"121",2012,1,6.71538461538462,13,7.1,6.475,6.5,7.2,6.4125,5,8,4,5,8,1943,1095,848,271,713,1230,6.65227980442614,6.92997168949772,6.29370360849057,6.45276752767528,6.68201823281908,6.63504118699187,128
"122",2012,2,6.13333333333333,21,6.42307692307692,5.6625,5.5,6.06,6.15625,13,8,3,5,16,1964,1108,856,274,718,1246,6.64673098778004,6.92402436823105,6.28780450934579,6.44233576642336,6.67768662952646,6.62889298555377,129
"123",2012,3,6.686,25,7.29230769230769,6.02916666666667,6.2,5.985,7.15333333333333,13,12,5,10,15,1989,1121,868,279,728,1261,6.64722456510809,6.9282952720785,6.28422887096774,6.43799283154122,6.6681717032967,6.63513137192704,130
"124",2012,4,6.74,25,7.26923076923077,6.16666666666667,5.8,5.75,6.92857142857143,13,12,5,4,21,2014,1134,880,284,732,1282,6.64837619662363,6.9322037037037,6.28262575,6.42676056338028,6.6631543715847,6.63993811232449,131
"125",2012,5,6.39655172413793,29,7.125,5.5,6.075,6.88571428571429,6.24090909090909,16,13,4,7,22,2043,1150,893,288,739,1304,6.64480159569261,6.93488608695652,6.27123254199328,6.421875,6.66526251691475,6.63320602760736,132
"126",2012,6,6.45,22,7.05,6.10714285714286,6.07142857142857,6.67142857142857,6.34666666666667,8,14,7,7,15,2065,1158,907,295,746,1319,6.6427262276029,6.93568134715026,6.2686997353914,6.4135593220339,6.66532037533512,6.62994742987111,133
"127",2012,7,6.63227272727273,22,6.96875,6.44,6.1,6.75,6.60611111111111,8,14,5,4,18,2087,1166,921,300,750,1337,6.64261603258265,6.93590823327616,6.27130364820847,6.40833333333333,6.665772,6.62962652206432,134
"128",2012,8,6.35714285714286,28,6.53333333333333,6.15384615384615,7.25,6,6.41666666666667,15,13,4,4,24,2115,1181,934,304,754,1361,6.63883671867612,6.93079508890771,6.26966880085653,6.41940789473684,6.6622400530504,6.62587116825863,135
"129",2012,9,7,28,7.21875,6.70833333333333,6.75,7.25,6.98076923076923,16,12,2,2,26,2143,1197,946,306,756,1387,6.64355560429305,6.93464411027569,6.27523325581395,6.42156862745098,6.66379497354497,6.63252390771449,136
"130",2012,10,6.97368421052632,19,7.625,6.5,6,6,7.15625,8,11,1,3,16,2162,1205,957,307,759,1403,6.64645682701202,6.93922738589212,6.2778167816092,6.42019543973941,6.66117127799737,6.63849655024946,137
"131",2012,11,6.75333333333333,30,7.3,6.48,6.42857142857143,6.3,6.844,10,20,7,5,25,2192,1215,977,314,764,1428,6.64791955291971,6.94219670781893,6.28195563971341,6.4203821656051,6.65880759162304,6.64209429971989,138
"132",2012,12,6.61290322580645,31,7.15555555555556,5.86153846153846,6,6.51666666666667,6.636,18,13,3,6,25,2223,1233,990,317,770,1453,6.64743124606388,6.94531143552311,6.27643501010101,6.41640378548896,6.6577,6.64198944253269,139
"133",2013,1,6.52428571428571,35,7.07941176470588,6,6.71428571428571,6.40909090909091,6.57708333333333,17,18,7,11,24,2258,1250,1008,324,781,1477,6.64552243578388,6.9471352,6.27149867063492,6.42283950617284,6.65419846350832,6.6409347731889,140
"134",2013,2,6.65625,24,7.46875,6.25,7,5.625,6.8625,8,16,6,4,20,2282,1258,1024,330,785,1497,6.64563525854514,6.95045230524642,6.27116275390625,6.43333333333333,6.64895414012739,6.64389489645959,141
"135",2013,3,6.28,20,7.28888888888889,5.45454545454545,5.75,7.35,5.82142857142857,9,11,4,6,14,2302,1267,1035,334,791,1511,6.64245858384014,6.95285635359116,6.2624837294686,6.4251497005988,6.65427180783818,6.63627442753144,142
"136",2013,4,6.5,23,6.91428571428571,5.85555555555556,6,5.42,6.8,14,9,3,5,18,2325,1281,1044,337,796,1529,6.64104931612903,6.95243481654957,6.25897572796935,6.4213649851632,6.64651884422111,6.6382018705036,143
"137",2013,5,6.29545454545455,22,6.17857142857143,6.5,6.125,6.83333333333333,6.21052631578947,14,8,4,3,19,2347,1295,1052,341,799,1548,6.63780982530891,6.94406872586873,6.2608086121673,6.41788856304985,6.64722027534418,6.63295262273902,144
"138",2013,6,6.86111111111111,18,7.95,5.5,6,7.35714285714286,6.54545454545455,10,8,4,7,11,2365,1305,1060,345,806,1559,6.63950936997886,6.95177701149425,6.25506666037736,6.41304347826087,6.65338585607941,6.63233525336754,145
"139",2013,7,7.278125,16,7.525,6.86666666666667,6,7.5,7.24642857142857,10,6,1,2,14,2381,1315,1066,346,808,1573,6.64380078118438,6.956136121673,6.2585090619137,6.41184971098266,6.65548143564357,6.63780080101716,146
"140",2013,8,7.078125,16,6.9,7.375,8.08333333333333,5.66666666666667,7.40384615384615,10,6,3,3,13,2397,1325,1072,349,811,1586,6.64669989987485,6.95571245283019,6.26475807835821,6.42621776504298,6.65182367447596,6.64407986128625,147
"141",2013,9,6.43705882352941,17,7.07166666666667,6.09090909090909,6,5.5,6.72538461538462,6,11,4,4,13,2414,1331,1083,353,815,1599,6.64522355426678,6.95623516153268,6.26299229916898,6.421388101983,6.64617055214724,6.64474087554722,148
"142",2013,10,6.38846153846154,26,6.6,6.17692307692308,7.125,5,6.444,13,13,4,1,25,2440,1344,1096,357,816,1624,6.64248756557377,6.95278943452381,6.26197140510949,6.42927170868347,6.64415318627451,6.64165065270936,149
"143",2013,11,6.50535714285714,28,7.04642857142857,5.96428571428571,6.33333333333333,5.41666666666667,6.80227272727273,14,14,6,6,22,2468,1358,1110,363,822,1646,6.64093179092383,6.95375478645066,6.25821681081081,6.42768595041322,6.63519343065694,6.64379748481166,150
"144",2013,12,6.955,20,7.34444444444444,6.63636363636364,6.33333333333333,6.375,7.1,9,11,3,4,16,2488,1367,1121,366,826,1662,6.64345645498393,6.95632699341624,6.26192743978591,6.42691256830601,6.63393341404359,6.64818932611312,151
"145",2014,1,6.33857142857143,35,6.86666666666667,5.77941176470588,5.84090909090909,6.3,6.34821428571429,18,17,11,7,28,2523,1385,1138,377,833,1690,6.63922697582244,6.95516173285198,6.25471938488576,6.40981432360743,6.63112725090036,6.64321932544379,152
"146",2014,2,6.88947368421053,19,7.27272727272727,6.3625,6.16666666666667,7.66666666666667,6.74375,11,8,3,3,16,2542,1396,1146,380,836,1706,6.64109742722266,6.95766404011461,6.25547178010471,6.40789473684211,6.63484330143541,6.64416216881594,153
"147",2014,3,6.52666666666667,30,6.73076923076923,6.37058823529412,6,7.1,6.412,13,17,4,5,25,2572,1409,1163,384,841,1731,6.63976269828927,6.95557061745919,6.25715447979364,6.40364583333333,6.63760879904875,6.64080916233391,154
"148",2014,4,6.3625,20,6.95,5.775,5.9375,6.41666666666667,6.33928571428571,10,10,4,6,14,2592,1419,1173,388,847,1745,6.63762332561729,6.95553136011276,6.25304404092072,6.39884020618557,6.63604368358914,6.63839006303725,155
"149",2014,5,6.29545454545455,22,6.92307692307692,5.38888888888889,6.16666666666667,7,6.13888888888889,13,9,3,4,18,2614,1432,1182,391,851,1763,6.63474355776588,6.95523673184358,6.24646417935702,6.39705882352941,6.6377544065805,6.63329022121384,156
"150",2014,6,6.875,28,7.2,6.5,6.875,6.1,7.04347826086957,15,13,4,5,23,2642,1447,1195,395,856,1786,6.63728980317941,6.95777401520387,6.24922230962343,6.40189873417722,6.63461331775701,6.63857259798432,157
"151",2014,7,6.626,25,6.83333333333333,6.43461538461538,6.25,5.25,6.88809523809524,12,13,2,4,21,2667,1459,1208,397,860,1807,6.63718397450319,6.95675051405072,6.25121743377483,6.40113350125945,6.62817325581396,6.64147241837299,158
"152",2014,8,6.64230769230769,26,7.25714285714286,5.925,7.03333333333333,6.4,6.7,14,12,3,5,21,2693,1473,1220,400,865,1828,6.63723344225771,6.95960556687033,6.24800873770492,6.405875,6.62685433526012,6.64214478118162,159
"153",2014,9,6.6,23,6.88461538461539,6.23,6.5,6.54166666666667,6.66363636363636,13,10,2,12,11,2716,1486,1230,402,877,1839,6.63691813696613,6.95894952893674,6.24786232520325,6.40634328358209,6.62568871151654,6.64227333333333,160
"154",2014,10,6.33870967741935,31,6.5,6.23684210526316,6,5.5,6.46296296296296,12,19,4,4,27,2747,1498,1249,406,881,1866,6.63355284310157,6.95527303070761,6.247694683747,6.40233990147783,6.62057775255392,6.63967881028939,161
"155",2014,11,6.63125,32,7.08666666666667,6.22941176470588,5.98333333333333,6,6.808,15,17,6,7,25,2779,1513,1266,412,888,1891,6.63352632601656,6.956575677462,6.24744917851501,6.39623786407767,6.61568581081081,6.64190410364886,162
"156",2014,12,6.72439024390244,41,7.09090909090909,6.3,5.81111111111111,6.2875,6.83030303030303,22,19,9,8,33,2820,1535,1285,421,896,1924,6.63484739716312,6.9585009771987,6.24822619455253,6.38372921615202,6.61275558035715,6.64513547817048,163
"157",2015,1,6.66862745098039,51,7.07142857142857,6.17826086956522,6.58333333333333,7,6.62444444444444,28,23,6,6,45,2871,1563,1308,427,902,1969,6.63544746081505,6.96052399232246,6.24699591743119,6.38653395784543,6.61533148558759,6.64466260030472,164
"158",2015,2,6.37857142857143,28,6.74166666666667,6.10625,6.22,6.03333333333333,6.47272727272727,12,16,10,6,22,2899,1575,1324,437,908,1991,6.63296642290445,6.95885650793651,6.24529506042296,6.38272311212815,6.61148568281939,6.64276276243094,165
"159",2015,3,6.57407407407407,27,6.8125,6.22727272727273,6.25,6.75,6.54347826086957,16,11,2,4,23,2926,1591,1335,439,912,2014,6.63242298701299,6.9573846637335,6.24514656179775,6.38211845102506,6.61209320175439,6.64162892750745,166
"160",2015,4,6.63392857142857,28,6.96875,6.1875,6.09375,5.90625,6.925,16,12,8,8,20,2954,1607,1347,447,920,2034,6.63243725795532,6.95749782202862,6.24463300668152,6.37695749440716,6.60595543478261,6.64441527040315,167
"161",2015,5,6.06774193548387,31,6.33333333333333,5.7,6.33333333333333,5.71428571428571,6.17083333333333,18,13,6,7,24,2985,1625,1360,453,927,2058,6.62657275041876,6.950584,6.23942695588235,6.37637969094923,6.59922222222222,6.63889244897959,168
"162",2015,6,7.13181818181818,22,8.175,6.53571428571429,6.7,7,7.145,8,14,5,2,20,3007,1633,1374,458,929,2078,6.63026925839708,6.9565823637477,6.24244589519651,6.37991266375546,6.60008503767492,6.64376355149182,169
"163",2015,7,6.775,24,6.82142857142857,6.71,6.625,7,6.76521739130435,14,10,4,1,23,3031,1647,1384,462,930,2101,6.63141526228967,6.95543351548269,6.24582417630058,6.38203463203463,6.60051505376344,6.64509312708234,170
"164",2015,8,6.44285714285714,21,6.66666666666667,6.35333333333333,6.05,6,6.62,6,15,6,6,15,3052,1653,1399,468,936,2116,6.6301178440367,6.9543853599516,6.24697688348821,6.37777777777778,6.5966655982906,6.64491524574669,171
"165",2015,9,6.28064516129032,31,6.6875,6.02368421052632,6.45,5.125,6.45185185185185,12,19,4,4,27,3083,1665,1418,472,940,2143,6.62660384690237,6.95246186186186,6.2439849506347,6.37838983050848,6.59040319148936,6.64248280914606,172
"166",2015,10,6.30392857142857,28,7.0425,5.75,6.25,7.57,6.152,12,16,6,3,25,3111,1677,1434,478,943,2168,6.62369966570235,6.95310614192009,6.23847326359833,6.37677824267783,6.59351961823966,6.63682687269373,173
"167",2015,11,6.46,20,6.6875,6.30833333333333,6.5,6.5,6.45294117647059,8,12,3,3,17,3131,1685,1446,481,946,2185,6.62265399552859,6.95184510385757,6.23905301521439,6.37754677754678,6.59322304439747,6.63539618306636,174
"168",2015,12,6.58548387096774,31,6.69117647058824,6.45714285714286,6.81666666666667,6.88,6.52884615384615,17,14,6,5,26,3162,1702,1460,487,951,2211,6.6222895825427,6.94924148061104,6.24114428767123,6.3829568788501,6.59473080967403,6.63414322026232,175
"169",2016,1,6.56923076923077,39,6.6,6.53684210526316,6,6.25,6.60571428571429,20,19,6,4,35,3201,1722,1479,493,955,2246,6.62164313027179,6.94518524970964,6.2449429749831,6.37829614604463,6.59328691099477,6.63370020480855,176
"170",2016,2,6.59259259259259,27,7.04545454545455,6.28125,6.3,7.3,6.43181818181818,11,16,5,5,22,3228,1733,1495,498,960,2268,6.6214001425031,6.94582169648009,6.2453315451505,6.37751004016064,6.59696770833334,6.63174191358025,177
"171",2016,3,6.35714285714286,28,6.4375,6.25,4,6.8,6.26086956521739,16,12,1,5,23,3256,1749,1507,499,965,2291,6.61912765970516,6.94117152658662,6.24536871930989,6.37274549098196,6.59801968911917,6.62801862068965,178
"172",2016,4,6.41071428571429,28,6.88461538461539,6,6.1,5.95714285714286,6.56190476190476,13,15,5,7,21,3284,1762,1522,504,972,2312,6.61735068818514,6.94075425652667,6.24295049934297,6.37003968253968,6.59340432098766,6.62741810553633,179
"173",2016,5,6.61363636363636,22,6.70833333333333,6.5,6.3,6.625,6.61111111111111,12,10,5,4,18,3306,1774,1532,509,976,2330,6.61732597096189,6.93918207440812,6.24462836814622,6.36935166994106,6.59353381147541,6.62729212875536,180
"174",2016,6,6.77608695652174,23,7.21388888888889,5.2,6.5,7.33333333333333,6.6925,18,5,2,3,20,3329,1792,1537,511,979,2350,6.61842284770201,6.94194140625,6.24123009759272,6.36986301369863,6.59580081716037,6.6278470893617,181
"175",2016,7,6.62,30,6.81764705882353,6.36153846153846,6.25,6.5,6.644,17,13,4,5,25,3359,1809,1550,515,984,2375,6.61843693361119,6.940773355445,6.24223913548387,6.36893203883495,6.59531402439025,6.62801712,182
"176",2016,8,6.69411764705882,34,6.844,6.27777777777778,6.625,6.33333333333333,6.72903225806452,25,9,4,3,31,3393,1834,1559,519,987,2406,6.61919530209254,6.93945419847328,6.24244429762669,6.37090558766859,6.59451773049646,6.62931864505403,183
"177",2016,9,6.31818181818182,22,6.6,6.08333333333333,3.5,6.5,6.27777777777778,10,12,2,4,18,3415,1844,1571,521,991,2424,6.61725612298682,6.93761334056399,6.24122893698282,6.35988483685221,6.59413622603431,6.62670819306931,184
"178",2016,10,6.936,25,7.33333333333333,6.34,6.34,6.33333333333333,7.01818181818182,15,10,5,3,22,3440,1859,1581,526,994,2446,6.6195725755814,6.94080634749865,6.24185367488931,6.3596958174905,6.59334909456741,6.63022921504497,185
"179",2016,11,6.4962962962963,27,6.92307692307692,6.1,5.85,6,6.67,13,14,4,7,20,3467,1872,1595,530,1001,2466,6.61861253533314,6.94068322649573,6.24060856426332,6.35584905660377,6.5891998001998,6.63055176804542,186
"180",2016,12,6.5546875,32,6.91176470588235,6.15,6.375,6.83333333333333,6.49038461538461,17,15,2,6,26,3499,1889,1610,532,1007,2492,6.61802791083167,6.94042297511911,6.23976438509317,6.35592105263158,6.59065441906654,6.62908934991974,187
"181",2017,1,6.99722222222222,36,7.42666666666667,6.69047619047619,7,5.66666666666667,7.11818181818182,15,21,5,3,33,3535,1904,1631,537,1010,2525,6.62188957850071,6.94425367647059,6.24556754138566,6.36191806331471,6.5879099009901,6.63548144950495,188
"182",2017,2,6.72068965517241,29,6.75,6.58,6.5,7.2,6.62083333333333,24,5,2,5,24,3564,1928,1636,539,1015,2549,6.62269350729518,6.94183558091286,6.24658964547677,6.36243042671614,6.59092512315271,6.63534353079639,189
"183",2017,3,6.50666666666667,30,7,6.12941176470588,6.425,6.5,6.50909090909091,13,17,4,8,22,3594,1941,1653,543,1023,2571,6.62172500278242,6.94222514167955,6.2453845493043,6.36289134438306,6.59021407624634,6.63426318942046,190
"184",2017,4,6.55294117647059,34,6.91333333333333,6.26842105263158,6.16666666666667,5.175,6.73666666666667,15,19,6,4,30,3628,1956,1672,549,1027,2601,6.62108039140022,6.94200357873211,6.2456463277512,6.36074681238616,6.58470204479065,6.63544431372549,191
"185",2017,5,6.68846153846154,26,6.82352941176471,6.43333333333333,6,6.66666666666667,6.69130434782609,17,9,3,3,23,3654,1973,1681,552,1030,2624,6.62155984126984,6.94098276735935,6.24665119571684,6.35878623188406,6.58494077669903,6.63593394054878,192
"186",2017,6,6.664,25,6.97647058823529,6,NA,6.5,6.67826086956522,17,8,0,2,23,3679,1990,1689,552,1032,2647,6.62184823593368,6.94128592964824,6.24548292480758,6.35878623188406,6.5847761627907,6.63630172270495,193
"187",2017,7,6.4512,25,6.63636363636364,6.30571428571429,5.375,6.4725,6.44117647058824,11,14,4,8,17,3704,2001,1703,556,1040,2664,6.6206964524838,6.93960969515242,6.24597807398708,6.35170863309353,6.5839125,6.63505655405405,194
"188",2017,8,6.5,27,6.94117647058824,5.75,5.58333333333333,5.75,6.6304347826087,17,10,6,4,23,3731,2018,1713,562,1044,2687,6.61982301259716,6.93962289395441,6.24308269702277,6.34350533807829,6.58071743295019,6.63501699292892,195
"189",2017,9,6.66190476190476,21,6.96428571428571,6.05714285714286,6,6.5,6.67894736842105,14,7,2,2,19,3752,2032,1720,564,1046,2706,6.62005854477612,6.93979281496063,6.24232596511628,6.34228723404255,6.58056309751434,6.63532544715447,196
"190",2017,10,6.732,30,6.89263157894737,6.45454545454545,6.6,6.40666666666667,6.87142857142857,19,11,5,9,21,3782,2051,1731,569,1055,2727,6.62094649920677,6.93935592393954,6.24367455805893,6.34455184534271,6.57907962085308,6.63714362302897,197
"191",2017,11,6.68181818181818,22,7.16666666666667,5.64285714285714,4.5,6.25,6.725,15,7,2,2,20,3804,2066,1738,571,1057,2747,6.62129854363828,6.94100629235237,6.24125469505179,6.33809106830123,6.57845695364239,6.63778327630142,198
"192",2017,12,6.71052631578947,38,7.01739130434783,6.24,6.1,6.05555555555556,6.91379310344828,23,15,5,9,29,3842,2089,1753,576,1066,2776,6.62218106715253,6.94184729535663,6.24124395892756,6.33602430555556,6.57404221388368,6.64066666426513,199
"193",2018,1,7.01785714285714,28,7.17777777777778,6.73,6.5,6.81666666666667,7.07272727272727,18,10,5,6,22,3870,2107,1763,581,1072,2798,6.62504383979328,6.94386283815852,6.24401625638117,6.33743545611016,6.57540018656717,6.64406385275197,200
"194",2018,2,6.78333333333333,18,7.19090909090909,6.14285714285714,7.4,6.88,6.74615384615385,11,7,1,5,13,3888,2118,1770,582,1077,2811,6.62577666152264,6.94514589235127,6.2436161920904,6.33926116838488,6.57681429897865,6.64453598719317,201
"195",2018,3,6.908,25,7.075,6.61111111111111,6.5,6.75,6.95789473684211,16,9,3,6,19,3913,2134,1779,585,1083,2830,6.62757977510861,6.94611949390815,6.2454753569421,6.34008547008547,6.57777377654663,6.64663980918728,202
"196",2018,4,6.57307692307692,26,6.625,6.55,6,7,6.5375,8,18,6,2,24,3939,2142,1797,591,1085,2854,6.62722002030972,6.94492016806723,6.24852568725654,6.33663282571912,6.57855207373272,6.64572202522775,203
"197",2018,5,6.69444444444444,18,7.38888888888889,6,6,7.5,6.59375,9,9,2,2,16,3957,2151,1806,593,1087,2870,6.62752581753854,6.94677777777778,6.24728718715393,6.33549747048904,6.5802474701012,6.64543228571429,204
"198",2018,6,6.79166666666667,12,7.5,6.08333333333333,5,8,6.55,6,6,3,2,10,3969,2157,1812,596,1089,2880,6.6280220861678,6.94831664348632,6.24674429359824,6.32877516778524,6.58285491276401,6.64510092361111,205
"199",2018,7,6.23055555555556,18,7.115,5.125,6,6.58333333333333,6.16,10,8,1,3,15,3987,2167,1820,597,1092,2895,6.62622765487836,6.94908583294878,6.24181354945055,6.32822445561139,6.58285622710623,6.64258744732297,206
"200",2018,8,6.66111111111111,18,6.86153846153846,6.14,7,6.66666666666667,6.66,13,5,1,3,15,4005,2180,1825,598,1095,2910,6.62638443445693,6.94856376146789,6.24153460821918,6.32934782608696,6.58308584474886,6.64267720274914,207
"201",2018,9,6.484375,16,6.77777777777778,6.10714285714286,6.33333333333333,6.91666666666667,6.38461538461539,9,7,3,3,13,4021,2189,1832,601,1098,2923,6.62581936334245,6.94786158063042,6.24102110262009,6.32936772046589,6.58399726775956,6.64152947656517,208
"202",2018,10,6.815,20,6.96363636363636,6.63333333333333,6,6.83333333333333,6.81176470588235,11,9,2,3,17,4041,2200,1841,603,1101,2940,6.62675566938877,6.94794045454545,6.24293897881586,6.32827529021559,6.58467665758402,6.64251382993197,209
"203",2018,11,6.87037037037037,27,7.43333333333333,6.16666666666667,5.66666666666667,8.66666666666667,6.64583333333333,15,12,3,3,24,4068,2215,1853,606,1104,2964,6.62837258112095,6.95122753950338,6.24244504047491,6.325,6.59033423913044,6.64254070850203,210
"204",2018,12,6.15,24,7.14545454545455,5.30769230769231,6.08333333333333,6.66666666666667,5.97777777777778,11,13,6,6,18,4092,2226,1866,612,1110,2982,6.62556687683285,6.95218733153639,6.235932829582,6.32263071895425,6.59074684684685,6.63852805499665,211
"205",2019,1,6.58076923076923,26,7.03846153846154,6.12307692307692,4.5,7,6.50454545454545,13,13,2,4,22,4118,2239,1879,614,1114,3004,6.62528403593978,6.95268825368468,6.2351520276743,6.31669381107492,6.59221633752244,6.63754682423435,212
"206",2019,2,6.85172413793103,29,6.96764705882353,6.6875,7.33333333333333,6.25,7.04318181818182,17,12,3,7,22,4147,2256,1891,617,1121,3026,6.6268675331565,6.9528009751773,6.23802255949234,6.32163695299838,6.59007939339875,6.64049592200925,213
"207",2019,3,6.74375,16,7.3,6.1875,3,3,6.99333333333333,8,8,1,1,15,4163,2264,1899,618,1122,3041,6.62731675714629,6.95402782685512,6.23780972090574,6.31626213592233,6.58687967914439,6.64223632357777,214
"208",2019,4,7.0625,16,7.55,6.25,7,7.4,6.90909090909091,10,6,2,5,11,4179,2274,1905,620,1127,3052,6.62898292893037,6.95664863676341,6.23784811548557,6.31846774193548,6.59048713398403,6.64319811926606,215
"209",2019,5,6.86,20,7.42857142857143,6.55384615384615,6.26666666666667,6.8,6.86666666666667,7,13,6,2,18,4199,2281,1918,626,1129,3070,6.63008327220767,6.95809688733012,6.23998991657977,6.31797124600639,6.59085828166519,6.64450835830619,216
"210",2019,6,6.49090909090909,22,6.45454545454545,6.52727272727273,6.5,NA,6.49090909090909,11,11,2,0,22,4221,2292,1929,628,1129,3092,6.62935789149491,6.95568019197208,6.24162812856403,6.31855095541401,6.59085828166519,6.64341547865459,217
"211",2019,7,6.99761904761905,21,7.01785714285714,6.95714285714286,7.34,6.875,7.02647058823529,14,7,5,4,17,4242,2306,1936,633,1133,3109,6.63118096652523,6.95605767562879,6.24421521694215,6.32661927330174,6.5918614298323,6.64551002251528,218
"212",2019,8,6.74666666666667,21,7.46363636363636,5.958,4.5,7.44666666666667,6.46666666666667,11,10,2,6,15,4263,2317,1946,635,1139,3124,6.63174986159981,6.95846741476047,6.24274442959918,6.32086614173228,6.5963643546971,6.64465129961588,219
"213",2019,9,6.425,16,6.225,6.625,6,6.33333333333333,6.44615384615385,8,8,2,3,13,4279,2325,1954,637,1142,3137,6.6309767842954,6.95594365591398,6.24430944728762,6.31985871271586,6.59567338003503,6.6438287089576,220
"214",2019,10,6.58928571428571,14,6.69444444444444,6.4,6,7,6.47727272727273,9,5,2,3,11,4293,2334,1959,639,1145,3148,6.63084082459819,6.9549353041988,6.24470681980603,6.31885758998435,6.5967327510917,6.64324671537484,221
"215",2019,11,6.74761904761905,21,7.09090909090909,6.37,5.5,6.25,6.94666666666667,11,10,1,6,15,4314,2345,1969,640,1151,3163,6.63140928604544,6.95557313432836,6.2453431488065,6.317578125,6.59492528236316,6.64468563389187,222
"216",2019,12,6.74375,16,7.1,6.28571428571429,5.66666666666667,6,6.91538461538462,9,7,3,3,13,4330,2354,1976,643,1154,3176,6.63182440184758,6.95612531860663,6.24548616396762,6.31454121306376,6.59337868284229,6.64579365869018,223
"217",2020,1,6.64272727272727,22,6.76666666666667,6.37714285714286,7,7.5,6.557,15,7,1,2,20,4352,2369,1983,644,1156,3196,6.63187951746324,6.95492570704939,6.24595091275845,6.31560559006211,6.59494723183391,6.64523800375469,224
"218",2020,2,6.77083333333333,12,7.10714285714286,6.3,NA,NA,6.77083333333333,7,5,0,0,12,4364,2376,1988,644,1156,3208,6.63226160861595,6.95537415824916,6.24608685110664,6.31560559006211,6.59494723183391,6.6457078117207,225
"219",2020,3,6.85294117647059,17,7.35,6.14285714285714,6.4,6.83333333333333,6.85714285714286,10,7,5,3,14,4381,2386,1995,649,1159,3222,6.633117931979,6.9570280804694,6.24572464160401,6.31625577812018,6.59556427955134,6.6466265238982,226
"220",2020,4,6.98666666666667,15,7.425,6.48571428571429,5,5.98,7.49,8,7,2,5,10,4396,2394,2002,651,1164,3232,6.63432430846224,6.95859189640769,6.24656376623377,6.31221198156682,6.59292010309278,6.64923597153465,227
"221",2020,5,6.71785714285714,14,7.19375,6.08333333333333,5,6.75,6.7125,8,6,1,2,12,4410,2402,2008,652,1166,3244,6.63458949206349,6.95937510407993,6.24607602589642,6.31019938650306,6.59318953687822,6.64946999383477,228
"222",2020,6,7.26666666666667,15,7.5,7,5.5,6.25,7.42307692307692,8,7,2,2,13,4425,2410,2015,654,1168,3257,6.63673212655367,6.96116970954357,6.24869511662531,6.30772171253822,6.59260188356165,6.65255777095487,229
"223",2020,7,6.43,10,6.88333333333333,5.75,6,NA,6.43,6,4,1,0,10,4435,2416,2019,655,1168,3267,6.63626598872604,6.96097640728477,6.2477071124319,6.30725190839694,6.59260188356165,6.65187654116927,230
"224",2020,8,6.45454545454545,11,6.91666666666667,5.9,5.5,7,6.4,6,5,2,1,10,4446,2422,2024,657,1169,3277,6.63581638776428,6.9608666391412,6.24684815217392,6.30479452054794,6.5929503849444,6.65110792187977,231
"225",2020,9,7.36121181818182,11,7.4375,7.15777666666667,NA,9,6.99703666666667,8,3,0,2,9,4457,2430,2027,657,1171,3286,6.63760668386807,6.96243580246913,6.24819634435126,6.30479452054794,6.59706148590948,6.65205538344492,232
"226",2020,10,6.0625,16,6.11111111111111,6,5.5,7,5.92857142857143,9,7,2,2,14,4473,2439,2034,659,1173,3300,6.63554951710262,6.95929438294383,6.24734217797444,6.30235204855842,6.59774850809889,6.64898605757576,233
"227",2020,11,6.72727272727273,11,7.14285714285714,6,NA,NA,6.72727272727273,7,4,0,0,11,4484,2446,2038,659,1173,3311,6.635774529438,6.95981970564186,6.24685671736997,6.30235204855842,6.59774850809889,6.6492461461794,234
"228",2020,12,6.76470588235294,17,6.91666666666667,6.68181818181818,5.375,6.33333333333333,6.85714285714286,6,11,4,3,14,4501,2452,2049,663,1176,3325,6.63626149522329,6.95971411092985,6.24919179599805,6.29675716440422,6.59707397959184,6.65012150075188,235
"229",2021,1,6.40555555555556,18,7.16666666666667,5.64444444444444,5,6.4,6.40625,9,9,1,2,16,4519,2461,2058,664,1178,3341,6.63534255144944,6.9604709467696,6.24654712827989,6.29480421686747,6.59673938879457,6.64895360371146,236
"230",2021,2,6,7,6.6,4.5,4,NA,6,5,2,1,0,7,4526,2466,2060,665,1178,3348,6.63435991825011,6.9597400648824,6.24485145145631,6.29135338345864,6.59673938879457,6.64759677120669,237
"231",2021,3,6.87272727272727,11,7.075,6.33333333333333,7,7,6.8,8,3,1,4,7,4537,2474,2063,666,1182,3355,6.63493784218647,6.96011277283751,6.24498012118275,6.29241741741741,6.59810406091371,6.64791475111774,238
"232",2021,4,6.65,16,6.55,6.75,NA,6,6.74285714285714,8,8,0,2,14,4553,2482,2071,666,1184,3369,6.63499077311663,6.95879089443997,6.24693094640271,6.29241741741741,6.59709375,6.64830928762244,239
"233",2021,5,6.72727272727273,11,8,6,NA,7,6.7,4,7,0,1,10,4564,2486,2078,666,1185,3379,6.63521318799299,6.96046621078037,6.24609912897017,6.29241741741741,6.59743375527426,6.64846226398343,240
"234",2021,6,6.59090909090909,11,7.1875,5,6.33333333333333,7,6.5,8,3,3,2,9,4575,2494,2081,669,1187,3388,6.63510666448088,6.96119446672013,6.24430273426238,6.29260089686098,6.59811204717776,6.6480678837072,241
"235",2021,7,6.90625,16,7.375,6.4375,5.5,8,6.54166666666667,8,8,2,4,12,4591,2502,2089,671,1191,3400,6.63605162056197,6.96251758593125,6.24504259932983,6.29023845007451,6.60282031905962,6.64769235,242
"236",2021,8,6.7,10,6.4,7,NA,5.5,7.5,5,5,0,4,6,4601,2507,2094,671,1195,3406,6.63619060856336,6.96139569206222,6.24684526743076,6.29023845007451,6.59912887029289,6.64919377275396,243
"237",2021,9,7.38913043478261,23,7.665625,6.75714285714286,7,7.5,7.37857142857143,16,7,1,2,21,4624,2523,2101,672,1197,3427,6.63993576773357,6.96586167261197,6.24854544978582,6.29129464285714,6.60063408521303,6.65366325941056,244
"238",2021,10,6.86111111111111,18,7.5,6.0625,5.75,7.16666666666667,6.8,10,8,5,3,15,4642,2533,2109,677,1200,3442,6.64079340585955,6.9679703908409,6.24783972972973,6.28729689807976,6.60204916666667,6.65430098489251,245
"239",2021,11,6.6,15,6.77777777777778,6.33333333333333,5.5,7,6.57142857142857,9,6,2,1,14,4657,2542,2115,679,1201,3456,6.64066201202491,6.96729701022817,6.24808226477542,6.28497790868925,6.60238051623647,6.65396527488426,246
"240",2021,12,6.91875,16,7.35555555555556,6.35714285714286,5,7.1,6.89285714285714,9,7,1,2,14,4673,2551,2122,680,1203,3470,6.64161416434839,6.96866679733438,6.24844203110274,6.28308823529412,6.60320781379884,6.6549291037464,247
"241",2022,1,6.78580952380952,21,6.92323076923077,6.5625,6.225,6.95,6.76852631578947,13,8,4,2,19,4694,2564,2130,684,1205,3489,6.64225926501918,6.9684364274571,6.2496215915493,6.28274853801169,6.60378340248963,6.655547718544,248
"242",2022,2,6.22727272727273,11,6.33333333333333,6.1,5.75,6.5,6.16666666666667,6,5,2,2,9,4705,2570,2135,686,1207,3498,6.64128905207227,6.96695369649805,6.24927118969555,6.28119533527696,6.60361143330572,6.65428987707261,249
"243",2022,3,6.5195,20,6.83461538461538,5.93428571428571,7,7.21,6.28933333333333,13,7,1,5,15,4725,2583,2142,687,1212,3513,6.64077354285715,6.96628765001936,6.24824182539683,6.28224163027656,6.60611303630363,6.65273156561344,250
"244",2022,4,6.46777777777778,9,6.5,6.4275,NA,7.105,6.28571428571429,5,4,0,2,7,4734,2588,2146,687,1214,3520,6.64044465356992,6.96538678516229,6.24857595060578,6.28224163027656,6.60693492586491,6.65200170170455,251
"245",2022,5,7.325,18,7.65,6.81428571428571,7,7.33333333333333,7.32333333333333,11,7,1,3,15,4752,2599,2153,688,1217,3535,6.64303766624579,6.96828434013082,6.25041522991175,6.28328488372093,6.60872555464256,6.65485035077794,252
"246",2022,6,7.63636363636364,11,7.57142857142857,7.75,NA,9,7.5,7,4,0,1,10,4763,2606,2157,688,1218,3545,6.64533172160403,6.96990445126631,6.2531961010663,6.28328488372093,6.61068883415435,6.65723441184767,253
"247",2022,7,6.3,10,6.5,6,4,NA,6.3,6,4,1,0,10,4773,2612,2161,689,1218,3555,6.64460821076891,6.96882503828484,6.25272743637205,6.2799709724238,6.61068883415435,6.65622953305204,254
"248",2022,8,7.18125,16,7.12727272727273,7.3,5,8,7.06428571428571,11,5,1,2,14,4789,2623,2166,690,1220,3569,6.64640112549593,6.96948951582158,6.25514496306556,6.27811594202898,6.61296639344262,6.65783020173718,255
"249",2022,9,7.10586363636364,22,7.04166666666667,7.1829,7,6.90414285714286,7.2,12,10,1,7,15,4811,2635,2176,691,1227,3584,6.64850218041988,6.96981821631879,6.25940854319853,6.27916063675832,6.61462754686226,6.66009932756697,256
"250",2022,10,6.42307692307692,13,6.28571428571429,6.58333333333333,7,7,6.375,7,6,1,1,12,4824,2642,2182,692,1228,3596,6.6478946911277,6.96800567751703,6.26029926214482,6.28020231213873,6.61494136807817,6.65914793937709,257
"251",2022,11,6.74,25,7.1875,5.94444444444444,5,6.16666666666667,6.92105263157895,16,9,1,6,19,4849,2658,2191,693,1234,3615,6.64836955867189,6.96932693754703,6.25900182108626,6.27835497835498,6.61276175040518,6.66052447856155,258
"252",2022,12,7.055,22,7.71375,6.67857142857143,5,7,7.06722222222222,8,14,1,4,18,4871,2666,2205,694,1238,3633,6.65020611578732,6.9715607651913,6.26166575510204,6.27651296829971,6.61401292407108,6.66253949628406,259
