"","year","month","avg_rating","no_ratings","avg_rating_owned","avg_rating_not_owned","avg_rating_prev_owned","avg_rating_comment","avg_rating_no_comment","no_ratings_owned","no_ratings_not_owned","no_ratings_prev_owned","no_ratings_comment","no_ratings_no_comment","cum_no_ratings","cum_no_ratings_owned","cum_no_ratings_not_owned","cum_no_ratings_prev_owned","cum_no_ratings_comment","cum_no_ratings_no_comment","cum_avg_rating","cum_avg_rating_owned","cum_avg_rating_not_owned","cum_avg_rating_prev_owned","cum_avg_rating_comment","cum_avg_rating_no_comment","month_after_release"
"1",2001,5,9,1,9,NA,NA,9,NA,1,0,0,1,0,1,1,0,0,1,0,9,9,NA,NA,9,NA,0
"2",2001,6,7.92857142857143,7,8.25,6,NA,NA,7.92857142857143,6,1,0,0,7,8,7,1,0,1,7,8.0625,8.35714285714286,6,NA,9,7.92857142857143,1
"3",2001,7,6,5,6,NA,NA,7,5.75,5,0,0,1,4,13,12,1,0,2,11,7.26923076923077,7.375,6,NA,8,7.13636363636364,2
"4",2001,8,8,11,8.1,7,NA,8,8,10,1,0,3,8,24,22,2,0,5,19,7.60416666666667,7.70454545454545,6.5,NA,8,7.5,3
"5",2001,9,6.25,4,6.25,NA,NA,8,5.66666666666667,4,0,0,1,3,28,26,2,0,6,22,7.41071428571429,7.48076923076923,6.5,NA,8,7.25,4
"6",2001,10,7.25,4,7.33333333333333,7,NA,NA,7.25,3,1,0,0,4,32,29,3,0,6,26,7.390625,7.46551724137931,6.66666666666667,NA,8,7.25,5
"7",2001,11,7.85714285714286,7,7.83333333333333,8,NA,8.5,7.6,6,1,0,2,5,39,35,4,0,8,31,7.47435897435897,7.52857142857143,7,NA,8.125,7.30645161290323,6
"8",2001,12,8,2,8,NA,NA,NA,8,2,0,0,0,2,41,37,4,0,8,33,7.5,7.55405405405405,7,NA,8.125,7.34848484848485,7
"9",2002,1,8.33333333333333,3,9,7,7,NA,8.33333333333333,2,1,1,0,3,44,39,5,1,8,36,7.55681818181818,7.62820512820513,7,7,8.125,7.43055555555556,8
"10",2002,2,6.5,2,6.5,NA,NA,6.5,NA,2,0,0,2,0,46,41,5,1,10,36,7.51086956521739,7.57317073170732,7,7,7.8,7.43055555555556,9
"11",2002,3,7.33333333333333,6,7.33333333333333,NA,6,8,7.2,6,0,1,1,5,52,47,5,2,11,41,7.49038461538461,7.54255319148936,7,6.5,7.81818181818182,7.40243902439024,10
"12",2002,4,7.83333333333333,6,7.83333333333333,NA,NA,8,7.75,6,0,0,2,4,58,53,5,2,13,45,7.52586206896552,7.57547169811321,7,6.5,7.84615384615385,7.43333333333333,11
"13",2002,5,7,2,6,8,NA,8,6,1,1,0,1,1,60,54,6,2,14,46,7.50833333333333,7.5462962962963,7.16666666666667,6.5,7.85714285714286,7.40217391304348,12
"14",2002,6,7.28571428571429,14,7.53846153846154,4,NA,6.5,7.5,13,1,0,3,11,74,67,7,2,17,57,7.46621621621622,7.54477611940298,6.71428571428571,6.5,7.61764705882353,7.42105263157895,13
"15",2002,7,7.5,7,7.7,7,6,7,7.58333333333333,5,2,1,1,6,81,72,9,3,18,63,7.46913580246914,7.55555555555556,6.77777777777778,6.33333333333333,7.58333333333333,7.43650793650794,14
"16",2002,8,8.08333333333333,18,8.43333333333333,6.33333333333333,NA,8.1875,8,15,3,0,8,10,99,87,12,3,26,73,7.58080808080808,7.70689655172414,6.66666666666667,6.33333333333333,7.76923076923077,7.51369863013699,15
"17",2002,9,8,9,8.28571428571429,7,NA,7.33333333333333,8.33333333333333,7,2,0,3,6,108,94,14,3,29,79,7.61574074074074,7.75,6.71428571428571,6.33333333333333,7.72413793103448,7.57594936708861,16
"18",2002,10,7.69230769230769,13,7.83333333333333,6,NA,8.33333333333333,7.5,12,1,0,3,10,121,106,15,3,32,89,7.62396694214876,7.75943396226415,6.66666666666667,6.33333333333333,7.78125,7.56741573033708,17
"19",2002,11,7.56923076923077,13,7.825,4.5,NA,7.37777777777778,8,12,1,0,9,4,134,118,16,3,41,93,7.61865671641791,7.76610169491525,6.53125,6.33333333333333,7.69268292682927,7.58602150537634,18
"20",2002,12,7.36363636363636,22,7.61111111111111,6.25,4.5,6.4,7.64705882352941,18,4,2,5,17,156,136,20,5,46,110,7.58269230769231,7.74558823529412,6.475,5.6,7.55217391304348,7.59545454545455,19
"21",2003,1,7.39473684210526,19,7.65625,6,6,6.28571428571429,8.04166666666667,16,3,2,7,12,175,152,23,7,53,122,7.56228571428572,7.73618421052632,6.41304347826087,5.71428571428571,7.38490566037736,7.63934426229508,20
"22",2003,2,7.46428571428571,14,7.46428571428571,NA,NA,6.75,7.75,14,0,0,4,10,189,166,23,7,57,132,7.55502645502646,7.71325301204819,6.41304347826087,5.71428571428571,7.34035087719298,7.64772727272727,21
"23",2003,3,7.55263157894737,19,7.82142857142857,6.8,NA,8,7.15,14,5,0,9,10,208,180,28,7,66,142,7.55480769230769,7.72166666666667,6.48214285714286,5.71428571428571,7.43030303030303,7.61267605633803,22
"24",2003,4,7.44782608695652,23,7.715,5.66666666666667,NA,7.42857142857143,7.45625,20,3,0,7,16,231,200,31,7,73,158,7.54415584415584,7.721,6.40322580645161,5.71428571428571,7.43013698630137,7.59683544303797,23
"25",2003,5,7.7027027027027,37,7.71212121212121,7.625,NA,7.43333333333333,7.88636363636364,33,4,0,15,22,268,233,35,7,88,180,7.5660447761194,7.71974248927039,6.54285714285714,5.71428571428571,7.43068181818182,7.63222222222222,24
"26",2003,6,6.95833333333333,24,7.1,6.25,NA,7.29166666666667,6.625,20,4,0,12,12,292,253,39,7,100,192,7.51609589041096,7.67075098814229,6.51282051282051,5.71428571428571,7.414,7.56927083333333,25
"27",2003,7,7.24615384615385,65,7.33928571428571,6.66666666666667,NA,7.47058823529412,7.16666666666667,56,9,0,17,48,357,309,48,7,117,240,7.46694677871148,7.61067961165049,6.54166666666667,5.71428571428571,7.42222222222222,7.48875,26
"28",2003,8,7.53333333333333,30,7.62962962962963,6.66666666666667,NA,7.78571428571429,7.45652173913043,27,3,0,7,23,387,336,51,7,124,263,7.47209302325581,7.61220238095238,6.54901960784314,5.71428571428571,7.44274193548387,7.48593155893536,27
"29",2003,9,7.69714285714286,35,7.89,6.54,NA,8.13333333333333,7.54615384615385,30,5,0,9,26,422,366,56,7,133,289,7.49075829383886,7.63497267759563,6.54821428571429,5.71428571428571,7.48947368421053,7.49134948096886,28
"30",2003,10,7.30952380952381,21,7.325,7,NA,7,7.38235294117647,20,1,0,4,17,443,386,57,7,137,306,7.48216704288939,7.61891191709844,6.55614035087719,5.71428571428571,7.47518248175182,7.48529411764706,29
"31",2003,11,7.82142857142857,14,7.82142857142857,NA,NA,7.85714285714286,7.78571428571429,14,0,0,7,7,457,400,57,7,144,313,7.4925601750547,7.626,6.55614035087719,5.71428571428571,7.49375,7.49201277955272,30
"32",2003,12,7.73611111111111,36,7.98148148148148,7,8,8.22222222222222,7.57407407407407,27,9,1,9,27,493,427,66,8,153,340,7.51034482758621,7.64847775175644,6.61666666666667,6,7.53660130718954,7.49852941176471,31
"33",2004,1,7.42058823529412,34,7.56206896551724,6.6,NA,7.81818181818182,7.2304347826087,29,5,0,11,23,527,456,71,8,164,363,7.50455407969639,7.64298245614035,6.61549295774648,6,7.55548780487805,7.48154269972452,32
"34",2004,2,7.0525,40,7.56774193548387,5.27777777777778,5,5.875,7.55714285714286,31,9,1,12,28,567,487,80,9,176,391,7.47266313932981,7.63819301848049,6.465,5.88888888888889,7.44090909090909,7.48695652173913,33
"35",2004,3,7.225,40,7.57575757575758,5.57142857142857,4,7.21428571428571,7.23076923076923,33,7,1,14,26,607,520,87,10,190,417,7.45634266886326,7.63423076923077,6.39310344827586,5.7,7.42421052631579,7.47098321342926,34
"36",2004,4,7.1425,40,7.40294117647059,5.66666666666667,NA,5.86153846153846,7.75925925925926,34,6,0,13,27,647,554,93,10,203,444,7.43693972179289,7.62003610108303,6.34623655913978,5.7,7.32413793103448,7.48851351351351,35
"37",2004,5,7.55121951219512,41,7.70285714285714,6.66666666666667,NA,7.86111111111111,7.30869565217391,35,6,0,18,23,688,589,99,10,221,467,7.44375,7.62495755517827,6.36565656565656,5.7,7.36787330316742,7.4796573875803,36
"38",2004,6,7.13414634146341,41,7.28378378378378,5.75,7,7.03125,7.2,37,4,1,16,25,729,626,103,11,237,492,7.42633744855967,7.60479233226837,6.34174757281553,5.81818181818182,7.34514767932489,7.46544715447155,37
"39",2004,7,7.26388888888889,36,7.64814814814815,6.11111111111111,5,7.33333333333333,7.19444444444444,27,9,2,18,18,765,653,112,13,255,510,7.41869281045752,7.60658499234303,6.32321428571429,5.69230769230769,7.3443137254902,7.45588235294118,38
"40",2004,8,7.49032258064516,31,7.49032258064516,NA,NA,7.59230769230769,7.41666666666667,31,0,0,13,18,796,684,112,13,268,528,7.4214824120603,7.60131578947368,6.32321428571429,5.69230769230769,7.35634328358209,7.45454545454545,39
"41",2004,9,6.97121212121212,33,7.242,6.125,NA,6.76785714285714,7.12105263157895,25,8,0,14,19,829,709,120,13,282,547,7.40355850422195,7.58864598025388,6.31,5.69230769230769,7.32712765957447,7.44296160877514,40
"42",2004,10,7.41176470588235,51,7.61627906976744,6.3125,6,7.32692307692308,7.5,43,8,1,26,25,880,752,128,14,308,572,7.40403409090909,7.59022606382979,6.31015625,5.71428571428571,7.32711038961039,7.44545454545455,41
"43",2004,11,7.38297872340426,47,7.5625,6.35714285714286,7,7.325,7.42592592592593,40,7,1,20,27,927,792,135,15,328,599,7.4029665587918,7.58882575757576,6.31259259259259,5.8,7.32698170731707,7.44457429048414,42
"44",2004,12,7.36046511627907,43,7.48717948717949,6.125,6,7.52941176470588,7.25,39,4,1,17,26,970,831,139,16,345,625,7.4010824742268,7.58405535499398,6.30719424460432,5.8125,7.33695652173913,7.43648,43
"45",2005,1,7.24383561643836,73,7.47966101694915,6.25,6,7.572,7.07291666666667,59,14,3,25,48,1043,890,153,19,370,673,7.39007670182167,7.57713483146067,6.30196078431373,5.84210526315789,7.35283783783784,7.41054977711739,44
"46",2005,2,7.54111111111111,45,7.82560975609756,4.625,5,7.39473684210526,7.64807692307692,41,4,1,19,26,1088,931,157,20,389,699,7.39632352941177,7.58807733619764,6.25923566878981,5.8,7.35488431876607,7.41938483547926,45
"47",2005,3,7.1530612244898,49,7.2,6.94444444444444,5,7,7.234375,40,9,1,17,32,1137,971,166,21,406,731,7.3858399296394,7.57209062821833,6.29638554216867,5.76190476190476,7.34002463054187,7.41128590971272,46
"48",2005,4,7.09313725490196,51,7.3125,5.71428571428571,NA,7.07608695652174,7.10714285714286,44,7,0,23,28,1188,1015,173,21,429,759,7.37327441077441,7.56083743842365,6.2728323699422,5.76190476190476,7.32587412587413,7.40006587615283,47
"49",2005,5,7.08557692307692,52,7.56585365853658,5.29545454545455,6,7.16458333333333,7.01785714285714,41,11,1,24,28,1240,1056,184,22,453,787,7.36120967741936,7.5610321969697,6.21440217391304,5.77272727272727,7.3173289183223,7.38646759847522,48
"50",2005,6,7.38048780487805,41,7.52857142857143,6.51666666666667,NA,7.4,7.36190476190476,35,6,0,20,21,1281,1091,190,22,473,808,7.36182669789227,7.55999083409716,6.22394736842105,5.77272727272727,7.3208245243129,7.38582920792079,49
"51",2005,7,7.578,50,7.73571428571429,6.75,7,7.78947368421053,7.44838709677419,42,8,1,19,31,1331,1133,198,23,492,839,7.36994740796394,7.56650485436893,6.24520202020202,5.82608695652174,7.33892276422764,7.38814064362336,50
"52",2005,8,7.31451612903226,62,7.47321428571429,5.83333333333333,NA,7.92592592592593,6.84285714285714,56,6,0,27,35,1393,1189,204,23,519,874,7.36748025843503,7.5621110176619,6.23308823529412,5.82608695652174,7.36946050096339,7.36630434782609,51
"53",2005,9,7.64084507042254,71,7.63114754098361,7.7,7,7.95454545454545,7.36842105263158,61,10,4,33,38,1464,1250,214,27,552,912,7.38073770491803,7.56548,6.30163551401869,6,7.4044384057971,7.36639254385965,52
"54",2005,10,7.12272727272727,66,7.43584905660377,5.84615384615385,7,7.2258064516129,7.03142857142857,53,13,3,31,35,1530,1303,227,30,583,947,7.36960784313726,7.56020721412126,6.27555066079295,6.1,7.39493996569468,7.35401267159451,53
"55",2005,11,7.3203125,64,7.4622641509434,6.63636363636364,8.5,7.60416666666667,7.15,53,11,2,24,40,1594,1356,238,32,607,987,7.36762860727729,7.5563790560472,6.2922268907563,6.25,7.40321252059308,7.34574468085107,54
"56",2005,12,7.07333333333333,75,7.14406779661017,6.8125,7.33333333333333,7.31818181818182,6.97169811320755,59,16,3,22,53,1669,1415,254,35,629,1040,7.35440383463152,7.53918727915194,6.325,6.34285714285714,7.40023847376789,7.32668269230769,55
"57",2006,1,7.175,100,7.32738095238095,6.375,8,7.37613636363636,7.01696428571429,84,16,1,44,56,1769,1499,270,36,673,1096,7.34426229508197,7.52731821214143,6.32796296296296,6.38888888888889,7.39866270430906,7.31085766423358,56
"58",2006,2,7.17741935483871,62,7.2037037037037,7,9,7.23103448275862,7.13030303030303,54,8,1,29,33,1831,1553,278,37,702,1129,7.33861277990169,7.51606567933033,6.34730215827338,6.45945945945946,7.39173789173789,7.30558015943313,57
"59",2006,3,7.23230769230769,65,7.41851851851852,6.31818181818182,NA,6.96,7.4025,54,11,0,25,40,1896,1607,289,37,727,1169,7.33496835443038,7.5127878033603,6.3461937716263,6.45945945945946,7.37689133425034,7.30889649272883,58
"60",2006,4,7.05,51,7.10326086956522,6.56,NA,7.0525,7.04838709677419,46,5,0,20,31,1947,1653,294,37,747,1200,7.32750385208012,7.50139140955838,6.34982993197279,6.45945945945946,7.36820615796519,7.30216666666667,59
"61",2006,5,7.45901639344262,61,7.625,6.84615384615385,6,7.44230769230769,7.47142857142857,48,13,3,26,35,2008,1701,307,40,773,1235,7.33149900398406,7.50487948265726,6.37084690553746,6.425,7.37069857697283,7.30696356275304,60
"62",2006,6,7.21453125,64,7.31105263157895,6.42857142857143,6.33333333333333,7.25,7.19325,57,7,3,24,40,2072,1758,314,43,797,1275,7.3278861003861,7.49859499431172,6.37213375796178,6.41860465116279,7.36706398996236,7.30339607843137,61
"63",2006,7,7.18552631578947,76,7.41525423728814,6.38823529411765,7.05,7,7.29375,59,17,4,28,48,2148,1817,331,47,825,1323,7.32284916201117,7.49588882773803,6.37296072507553,6.47234042553191,7.35460606060606,7.30304610733182,62
"64",2006,8,7.0620253164557,79,7.24852941176471,5.90909090909091,NA,7.31481481481481,6.93076923076923,68,11,0,27,52,2227,1885,342,47,852,1375,7.31359676695106,7.48696551724138,6.35804093567251,6.47234042553191,7.35334507042254,7.28896727272727,63
"65",2006,9,7.27816091954023,87,7.36388888888889,6.86666666666667,6.5,7.52272727272727,7.19538461538462,72,15,3,22,65,2314,1957,357,50,874,1440,7.31226447709594,7.48243740419009,6.37941176470588,6.474,7.35760869565217,7.28474305555556,64
"66",2006,10,7.23194444444444,72,7.27142857142857,7.09375,6,7.53846153846154,7.16440677966102,56,16,2,13,59,2386,2013,373,52,887,1499,7.30984073763621,7.47656731246895,6.41005361930295,6.45576923076923,7.36025930101466,7.28000667111408,65
"67",2006,11,7.155,60,7.366,6.1,8,7.67647058823529,6.94883720930233,50,10,1,17,43,2446,2063,383,53,904,1542,7.30604251839738,7.47388754241396,6.40195822454308,6.48490566037736,7.36620575221239,7.27077172503243,66
"68",2006,12,7.16375,120,7.32789473684211,6.54,6.5,7.15813953488372,7.16688311688312,95,25,2,43,77,2566,2158,408,55,947,1619,7.29938815276695,7.46746061167748,6.41041666666667,6.48545454545455,7.35675818373812,7.26583075972823,67
"69",2007,1,7.28201438848921,139,7.4070796460177,6.73846153846154,6,7.5,7.18105263157895,113,26,2,44,95,2705,2271,434,57,991,1714,7.29849537892791,7.46445618670189,6.43006912442396,6.46842105263158,7.36311806256307,7.26113185530922,68
"70",2007,2,7.19075425531915,94,7.50352112676056,6.22525652173913,6,7.12702702702703,7.23212105263158,71,23,3,37,57,2799,2342,457,60,1028,1771,7.29487706323687,7.46564047822374,6.41976126914661,6.445,7.35462062256809,7.26019813664596,69
"71",2007,3,7.12556603773585,106,7.27022988505747,6.46315789473684,7.33333333333333,6.92647058823529,7.21958333333333,87,19,3,34,72,2905,2429,476,63,1062,1843,7.2886991049914,7.45864141622067,6.42149348739496,6.48730158730159,7.34091337099812,7.25861144872491,70
"72",2007,4,7.22828282828283,99,7.36867469879518,6.5,6.33333333333333,7.67,7.03623188405797,83,16,3,30,69,3004,2512,492,66,1092,1912,7.28670802263649,7.45566878980892,6.42404654471545,6.48030303030303,7.34995421245421,7.25058624476988,71
"73",2007,5,6.95091743119266,109,7.284375,6.03103448275862,6.1875,7.05853658536585,6.88602941176471,80,29,8,41,68,3113,2592,521,74,1133,1980,7.27495049791198,7.45038194444444,6.40217063339731,6.44864864864865,7.33940864960283,7.23806611111111,72
"74",2007,6,7.21157894736842,95,7.46125,5.88,NA,7.22857142857143,7.2044776119403,80,15,0,28,67,3208,2672,536,74,1161,2047,7.27307384663342,7.45070733532934,6.38755764925373,6.44864864864865,7.33673557278208,7.23696673180264,73
"75",2007,7,7.23938053097345,113,7.45166666666667,6.40869565217391,6.33333333333333,7.0175,7.36095890410959,90,23,3,40,73,3321,2762,559,77,1201,2120,7.27192740138513,7.45073859522085,6.38842737030411,6.44415584415584,7.32610324729392,7.24123627358491,74
"76",2007,8,7.5287037037037,108,7.55161290322581,7.38666666666667,7.16666666666667,7.7,7.42794117647059,93,15,3,40,68,3429,2855,574,80,1241,2188,7.28001484397784,7.45402451838879,6.4145137630662,6.47125,7.33815471394037,7.24703880255942,75
"77",2007,9,7.22783018867925,106,7.35192307692308,6.88214285714286,6.76666666666667,7.16547619047619,7.26875,78,28,6,42,64,3535,2933,602,86,1283,2252,7.27845004243282,7.45130923968633,6.43626395348837,6.49186046511628,7.33250194855807,7.24765581705151,76
"78",2007,10,7.33214285714286,112,7.50645161290323,6.47894736842105,5.5,7.20769230769231,7.36976744186047,93,19,2,26,86,3647,3026,621,88,1309,2338,7.28009895804771,7.4530039656312,6.43756988727858,6.46931818181818,7.33002291825821,7.25214751924722,77
"79",2007,11,7.18759124087591,137,7.29814814814815,6.77586206896552,6.375,7.12280701754386,7.23375,108,29,4,57,80,3784,3134,650,92,1366,2418,7.27674970930233,7.44766751754946,6.45266292307692,6.46521739130435,7.32137628111274,7.2515388337469,78
"80",2007,12,7.29657142857143,175,7.39586206896552,6.81666666666667,7.1,7.13306451612903,7.38628318584071,145,30,5,62,113,3959,3279,680,97,1428,2531,7.27762589037636,7.44537663921927,6.4687219117647,6.4979381443299,7.31320028011205,7.2575546819439,79
"81",2008,1,7.24073033707865,178,7.53129496402878,6.20512820512821,6.91666666666667,7.34642857142857,7.1922131147541,139,39,6,56,122,4137,3418,719,103,1484,2653,7.27603840947547,7.44887068461088,6.4544240611961,6.52233009708738,7.31445417789758,7.25454990576706,80
"82",2008,2,7.29564102564103,117,7.43489583333333,6.65904761904762,6.96,7.64138888888889,7.14197530864198,96,21,4,36,81,4254,3514,740,107,1520,2734,7.27657755054067,7.44848890153671,6.46023094594594,6.53869158878505,7.32219736842105,7.25121466715435,81
"83",2008,3,7.06140939597315,149,7.36517857142857,6.14189189189189,6.63888888888889,6.89035087719298,7.16739130434783,112,37,9,57,92,4403,3626,777,116,1577,2826,7.26929613899614,7.44591560948704,6.44507194337194,6.54646551724138,7.30658845909956,7.24848581033263,82
"84",2008,4,7.32362204724409,127,7.38727272727273,6.91176470588235,7.625,7.065,7.44252873563218,110,17,4,40,87,4530,3736,794,120,1617,2913,7.27081918322296,7.44418897216274,6.45506410579345,6.58241666666667,7.30061224489796,7.25428111912118,83
"85",2008,5,7.17027027027027,111,7.27362637362637,6.7,7.1,7.23191489361702,7.125,91,20,5,47,64,4641,3827,814,125,1664,2977,7.26841432880845,7.44013326365299,6.46108218673219,6.60312,7.298671875,7.25150181390662,84
"86",2008,6,7.1531914893617,94,7.30921052631579,6.49444444444444,6.75,6.99333333333333,7.228125,76,18,4,30,64,4735,3903,832,129,1694,3041,7.26612690601901,7.43758390981296,6.46180396634615,6.60767441860465,7.29326446280992,7.25100983229201,85
"87",2008,7,6.97664335664336,143,7.32396396396396,5.771875,5.39411764705882,6.77094339622642,7.09777777777778,111,32,17,53,90,4878,4014,864,146,1747,3131,7.25764061090611,7.43444195316393,6.43625104166666,6.4663698630137,7.27741843159702,7.24660520600447,86
"88",2008,8,7.14962686567164,134,7.28287037037037,6.59615384615385,6.45,7.32954545454545,7.06166666666667,108,26,10,44,90,5012,4122,890,156,1791,3221,7.25475277334398,7.43047064531781,6.44092235955056,6.46532051282051,7.2786990508096,7.2414377212046,87
"89",2008,9,6.83836206896552,116,7.08253012048193,6.22424242424242,6.66666666666667,6.75777777777778,6.88943661971831,83,33,6,45,71,5128,4205,923,162,1836,3292,7.24533363884556,7.42360285374554,6.43317540628385,6.47277777777778,7.26593137254902,7.2338459599028,88
"90",2008,10,7.04655172413793,116,7.36941176470588,6.16129032258065,6.42857142857143,6.58333333333333,7.255,85,31,14,36,80,5244,4290,954,176,1872,3372,7.24093647978643,7.42252913752914,6.42434056603773,6.46926136363636,7.25280448717949,7.2343478351127,89
"91",2008,11,7.19850746268657,134,7.48349514563107,6.25161290322581,6.86666666666667,7.08684210526316,7.24270833333333,103,31,9,38,96,5378,4393,985,185,1910,3468,7.23987930457419,7.42395857045299,6.41890446700507,6.48859459459459,7.24950261780105,7.23457926758939,90
"92",2008,12,7.00647482014389,139,7.31386138613861,6.18947368421053,6.25,6.59268292682927,7.17959183673469,101,38,12,41,98,5517,4494,1023,197,1951,3566,7.2339987130687,7.4214842011571,6.41038211143695,6.47406091370558,7.23569964120964,7.23306811553562,91
"93",2009,1,7.1489847715736,197,7.38453947368421,6.35333333333333,6.11904761904762,7.07666666666667,7.18065693430657,152,45,21,60,137,5714,4646,1068,218,2011,3703,7.23106771088555,7.42027550581145,6.40797837078651,6.4398623853211,7.23095474888115,7.23112905752093,92
"94",2009,2,6.99806763285024,207,7.29927536231884,6.39565217391304,6.1875,6.76842105263158,7.04970414201183,138,69,16,38,169,5921,4784,1137,234,2049,3872,7.22292195575072,7.41678511705685,6.40723034300791,6.42260683760684,7.22237676915569,7.22321045971075,93
"95",2009,3,7.07232432432432,185,7.2906779661017,6.68776119402985,6.490625,7.08367346938776,7.06823529411765,118,67,16,49,136,6106,4902,1204,250,2098,4008,7.21835913855225,7.41374949000408,6.42284127906977,6.42696,7.2191372735939,7.21795182135729,94
"96",2009,4,7.15710382513661,183,7.28534482758621,6.93507462686567,6.90625,7.32045454545455,7.10539568345324,116,67,16,44,139,6289,5018,1271,266,2142,4147,7.21657670535856,7.41078118772419,6.44984335169158,6.45578947368421,7.22121848739496,7.21417914154811,95
"97",2009,5,7.13166666666667,216,7.38901408450704,6.63783783783784,6.6,6.97358490566038,7.18306748466258,142,74,10,53,163,6505,5160,1345,276,2195,4310,7.21375724827056,7.41018217054263,6.46018654275093,6.46101449275362,7.21523917995444,7.21300252900232,96
"98",2009,6,7.07114285714286,175,7.28853211009174,6.71212121212121,6.79166666666667,7.50555555555556,6.95863309352518,109,66,12,36,139,6680,5269,1411,288,2231,4449,7.21002109281437,7.40766559119377,6.47197087172218,6.47479166666667,7.21992380098611,7.20505527084738,97
"99",2009,7,7.05524861878453,181,7.43141592920354,6.43014705882353,6.765,7.31346153846154,6.95116279069767,113,68,20,52,129,6861,5382,1479,308,2283,4578,7.20593804110188,7.40816425120773,6.47004793779581,6.49363636363636,7.22205431449847,7.19790102664919,98
"100",2009,8,7.08932926829268,164,7.40136363636364,6.4537037037037,6.68181818181818,7.32948717948718,7.0144,110,54,11,39,125,7025,5492,1533,319,2322,4703,7.20321578647687,7.4080280407866,6.46947221135029,6.50012539184953,7.22385874246339,7.19302379332341,99
"101",2009,9,7.1021978021978,182,7.3046511627907,6.60943396226415,6.36666666666667,7.35365853658537,7.0290780141844,129,53,15,41,141,7207,5621,1586,334,2363,4844,7.20066475648675,7.40565557729941,6.47414936948297,6.49413173652695,7.22611087600508,7.18825163088357,100
"102",2009,10,7.12746478873239,213,7.46914893617021,6.45833333333333,5.64375,6.95086206896552,7.19354838709677,141,72,16,58,155,7420,5762,1658,350,2421,4999,7.19856346361186,7.40720930232558,6.47346254523522,6.45525714285714,7.21951672862454,7.18841586317264,101
"103",2009,11,6.99421296296296,216,7.22919708029197,6.58670886075949,6.51136363636364,6.77868852459016,7.07903225806452,137,79,22,61,155,7636,5899,1737,372,2482,5154,7.19278298847564,7.40307509747415,6.47861306850892,6.4585752688172,7.20868251410153,7.18512629026,102
"104",2009,12,7.04563492063492,252,7.30769230769231,6.51204819277108,6.1,7.03389830508475,7.04922279792746,169,83,23,59,193,7888,6068,1820,395,2541,5347,7.18808201064909,7.40041858932103,6.48013785714286,6.43769620253165,7.20462416371507,7.18022085281466,103
"105",2010,1,6.92633451957295,281,7.3390625,6.03595505617978,6.04347826086957,6.88775510204082,6.93448275862069,192,89,23,49,232,8169,6260,1909,418,2590,5579,7.17907833272127,7.39853674121406,6.45942949188056,6.416004784689,7.19862934362934,7.17000195375516,104
"106",2010,2,7.1489010989011,182,7.36111111111111,6.67142857142857,5.91666666666667,7.20952380952381,7.13071428571429,126,56,12,42,140,8351,6386,1965,430,2632,5719,7.17842065620884,7.3977983088005,6.46547119592875,6.40206976744186,7.19880319148936,7.16904019933555,105
"107",2010,3,7.10704225352113,142,7.34210526315789,6.63191489361702,6.33333333333333,7.26923076923077,7.07068965517241,95,47,9,26,116,8493,6481,2012,439,2658,5835,7.17722723419287,7.39698194723037,6.46935929423459,6.40066059225513,7.1994920993228,7.16708498714653,106
"108",2010,4,7.14565217391304,115,7.29450549450549,6.58125,7.08333333333333,7.45,7.07365591397849,91,24,3,22,93,8608,6572,2036,442,2680,5928,7.17680540195167,7.39556299452222,6.47067824165029,6.40529411764706,7.20154850746269,7.16561924763833,107
"109",2010,5,6.8625,124,7.33370786516854,5.66428571428571,5.60416666666667,6.70192307692308,6.90510204081633,89,35,12,26,98,8732,6661,2071,454,2706,6026,7.17234206367384,7.39473652604714,6.45705016900048,6.38411894273128,7.19674796747968,7.16138249253236,108
"110",2010,6,7.09072164948454,97,7.27948717948718,6.31578947368421,5.9,7.09130434782609,7.09054054054054,78,19,5,23,74,8829,6739,2090,459,2729,6100,7.17144533922302,7.39340258198546,6.45576598086124,6.37884531590414,7.19585928911689,7.16052309836066,109
"111",2010,7,7.05616438356164,146,7.42980769230769,6.13095238095238,6.77777777777778,7.45652173913043,6.98130081300813,104,42,9,23,123,8975,6843,2132,468,2752,6223,7.16957001671309,7.39395586730966,6.44936721388368,6.38651709401709,7.19803779069768,7.15698070062671,110
"112",2010,8,7.02662337662338,154,7.30514018691589,6.39255319148936,6.3,6.85326086956522,7.10046296296296,107,47,15,46,108,9129,6950,2179,483,2798,6331,7.16715860444737,7.39258848920863,6.44814176227627,6.38383022774327,7.19236954967834,7.15601656926236,111
"113",2010,9,7.05751221374046,131,7.35556538461538,6.6188679245283,6.26666666666667,7.38738275862069,6.96372549019608,78,53,15,29,102,9260,7028,2232,498,2827,6433,7.16560745140389,7.39217758964143,6.4521957437276,6.38030120481928,7.19437003891051,7.15296765117364,112
"114",2010,10,7.03246753246753,154,7.19398148148148,6.65326086956522,6.86764705882353,7.12941176470588,7.005,108,46,17,34,120,9414,7136,2278,515,2861,6553,7.16342946675165,7.38917798486547,6.45625588235294,6.39638834951456,7.19359807759525,7.15025803448802,113
"115",2010,11,6.88545918367347,196,7.20748031496063,6.29275362318841,6.35,6.94418604651163,6.86895424836601,127,69,10,43,153,9610,7263,2347,525,2904,6706,7.15776014568158,7.38600083987333,6.45144904132936,6.39550476190476,7.18990499311295,7.14383997912317,114
"116",2010,12,6.89026548672566,226,7.25032258064516,6.10422535211268,6.2047619047619,6.85625,6.89943820224719,155,71,21,48,178,9836,7418,2418,546,2952,6884,7.15161396909313,7.38316582636829,6.44125347394541,6.3881684981685,7.18447970867209,7.13752046775131,115
"117",2011,1,7.1906374501992,251,7.45027322404372,6.49191176470588,6.55384615384615,7.35531914893617,7.15269607843137,183,68,13,47,204,10087,7601,2486,559,2999,7088,7.15258501040944,7.38478148927773,6.4426391391794,6.39202146690519,7.18715708569523,7.13795723758465,116
"118",2011,2,7.06363043478261,184,7.23179527559055,6.68894736842105,6.73076923076923,7.04553488372093,7.06914893617021,127,57,13,43,141,10271,7728,2543,572,3042,7229,7.15099143218771,7.38226735248447,6.44816000786473,6.39972027972028,7.18515519395135,7.13661514732328,117
"119",2011,3,7.10855421686747,166,7.32220338983051,6.58333333333333,6.46071428571429,6.76054054054054,7.20837209302326,118,48,14,37,129,10437,7846,2591,586,3079,7358,7.15031647025007,7.38136401988274,6.45066418371285,6.40117747440273,7.1800526469633,7.13787318564827,118
"120",2011,4,7.09916666666667,144,7.21359649122807,6.66433333333333,5.0625,6.53272727272727,7.26756756756757,114,30,8,33,111,10581,7960,2621,594,3112,7469,7.14962035724412,7.37896131909548,6.45310984357116,6.38314814814815,7.17318833547558,7.13980062926764,119
"121",2011,5,6.97380952380952,168,7.39460784313725,6.32348484848485,5.92857142857143,6.7875,7.01764705882353,102,66,14,32,136,10749,8062,2687,608,3144,7605,7.14687254628338,7.37915927809477,6.44992590249349,6.37268092105263,7.16926275445293,7.13761616042078,120
"122",2011,6,7.05434782608696,138,7.23924731182796,6.67222222222222,6.87692307692308,6.95357142857143,7.08,93,45,13,28,110,10887,8155,2732,621,3172,7715,7.14569973362726,7.37756371551196,6.45358744509517,6.38323671497584,7.16735879571249,7.13679467271549,121
"123",2011,7,7.26577181208054,149,7.39279279279279,6.89473684210526,7.46666666666667,7.49,7.20924369747899,111,38,9,30,119,11036,8266,2770,630,3202,7834,7.14732085900689,7.37776821921123,6.45963931407942,6.39871428571429,7.17038166770768,7.1378951876436,122
"124",2011,8,6.87572164948454,194,7.18240875912409,6.13859649122807,6.085,7.13061224489796,6.78958620689655,137,57,20,49,145,11230,8403,2827,650,3251,7979,7.14262894033838,7.37458313697489,6.4531662186063,6.38906153846154,7.16978225161489,7.13156547186364,123
"125",2011,9,6.909765625,128,7.08132530120482,6.59333333333333,6.96363636363636,7.126,6.85728155339806,83,45,11,25,103,11358,8486,2872,661,3276,8082,7.14000466631449,7.3717148362008,6.45536243036212,6.39862329803328,7.16944813797314,7.12806989606533,124
"126",2011,10,7.0036312849162,179,7.194140625,6.52549019607843,6.7,7.02105263157895,6.99893617021277,128,51,10,38,141,11537,8614,2923,671,3314,8223,7.1378887925804,7.36907616670536,6.45658600752651,6.40311475409836,7.16774656004828,7.12585563662897,125
"127",2011,11,7.09132275132275,189,7.32106870229008,6.57241379310345,6.73529411764706,7.11820512820513,7.08433333333333,131,58,17,39,150,11726,8745,2981,688,3353,8373,7.13713823980897,7.36835701543739,6.45883961757799,6.4113226744186,7.16717032508202,7.1251117759465,126
"128",2011,12,7.00442708333333,192,7.27099236641221,6.43196721311475,6.5,7.10657894736842,6.97922077922078,131,61,18,38,154,11918,8876,3042,706,3391,8527,7.13500025172009,7.3669200202794,6.45830075608153,6.4135835694051,7.16649132999116,7.1224769438255,127
"129",2012,1,7.0010460251046,239,7.29907975460123,6.36184210526316,6.49090909090909,7.1375,6.96675392670157,163,76,22,48,191,12157,9039,3118,728,3439,8718,7.13236678456856,7.36569665892245,6.45594961513791,6.41592032967033,7.16608668217505,7.11906525579261,128
"130",2012,2,7.16663101604278,187,7.31551724137931,6.65261904761905,5.8,6.85588235294118,7.2356862745098,145,42,5,34,153,12344,9184,3160,733,3473,8871,7.13288585547635,7.3649044098432,6.45856357594937,6.41171896316508,7.16304984163548,7.12107664299403,129
"131",2012,3,7.00973154362416,149,7.21887755102041,6.6078431372549,5.88888888888889,7.28461538461538,6.95162601626016,98,51,9,26,123,12493,9282,3211,742,3499,8994,7.13141703353878,7.36336264813618,6.4609345686702,6.40537735849057,7.16395315804516,7.11875927284857,130
"132",2012,4,6.9031914893617,141,7.24010416666667,6.18444444444444,6.30769230769231,6.99137931034483,6.88035714285714,96,45,13,29,112,12634,9378,3256,755,3528,9106,7.12886995409213,7.36210088505012,6.4571132985258,6.40369536423841,7.16253460884354,7.11582702613661,131
"133",2012,5,7.20684931506849,146,7.40242718446602,6.73837209302326,6.88888888888889,7.34051282051282,7.1581308411215,103,43,9,39,107,12780,9481,3299,764,3567,9213,7.12976079812207,7.36253898322961,6.46077929675659,6.4094109947644,7.16448054387441,7.11631834364485,132
"134",2012,6,7.11584507042254,142,7.29611650485437,6.63974358974359,6.68,7.42758620689655,7.0358407079646,103,39,10,29,113,12922,9584,3338,774,3596,9326,7.12960787803746,7.36182513564274,6.46287025164769,6.41290697674419,7.16660236373749,7.11534322324684,133
"135",2012,7,7.0605487804878,164,7.34625,6.28136363636364,6.35,7.02857142857143,7.06922480620155,120,44,15,35,129,13086,9704,3382,789,3631,9455,7.12874239645423,7.36163253297609,6.46050884092253,6.41171102661597,7.16527185348389,7.11471400317293,134
"136",2012,8,7.07111111111111,162,7.30865384615385,6.6451724137931,6.60166666666667,6.99375,7.09015384615385,104,58,12,32,130,13248,9808,3440,801,3663,9585,7.1280376660628,7.36107076876019,6.46362235465116,6.41455680399501,7.16377343707344,7.11438089723526,135
"137",2012,9,7.03555555555556,135,7.18333333333333,6.74,6.6875,7.07428571428571,7.022,90,45,16,35,100,13383,9898,3485,817,3698,9685,7.12710475976986,7.35945464740351,6.46719107604017,6.41990208078335,7.16292647376961,7.11342704181724,136
"138",2012,10,6.8344099378882,161,7.1802752293578,6.10942307692308,6,6.68939393939394,6.871796875,109,52,11,33,128,13544,10007,3537,828,3731,9813,7.12362544300059,7.35750295792945,6.46193126943738,6.41432367149759,7.15873816671134,7.1102752369306,137
"139",2012,11,7.00867052023121,173,7.38898305084746,6.19272727272727,5.95238095238095,7.15384615384615,6.98299319727891,118,55,21,26,147,13717,10125,3592,849,3757,9960,7.12217562149158,7.35786983703703,6.45780927060134,6.40289752650177,7.15870431195103,7.10839667670683,138
"140",2012,12,6.9502538071066,197,7.20347222222222,6.2622641509434,6.25,6.94761904761905,6.95096774193548,144,53,18,42,155,13914,10269,3645,867,3799,10115,7.11974148339802,7.35570475216671,6.45496595336077,6.399723183391,7.1563706501711,7.10598427088482,139
"141",2013,1,7.19810810810811,259,7.35174157303371,6.86049382716049,6.60625,7.075,7.22059360730594,178,81,16,40,219,14173,10447,3726,883,3839,10334,7.12117356946306,7.35563722599789,6.46378177670424,6.40346545866365,7.1555228184423,7.1084130927037,140
"142",2013,2,6.82653631284916,179,7.165625,6.25970149253731,6.07058823529412,6.57857142857143,6.87251655629139,112,67,17,28,151,14352,10559,3793,900,3867,10485,7.1174988154961,7.35362175395397,6.46017687846032,6.39717777777778,7.15134525471942,7.10501582260372,141
"143",2013,3,6.97710843373494,166,7.30275229357798,6.35438596491228,6.42142857142857,7.03823529411765,6.96136363636364,109,57,14,34,132,14518,10668,3850,914,3901,10617,7.11589358038297,7.35310199662542,6.45861062337662,6.39754923413567,7.15035942066137,7.10322981068098,142
"144",2013,4,7.02985294117647,136,7.3868085106383,6.23095238095238,6.375,6.79833333333333,7.07946428571429,94,42,16,24,112,14654,10762,3892,930,3925,10729,7.11509505936946,7.35339640401412,6.45615387975334,6.39716129032258,7.1482069044586,7.10298172243452,143
"145",2013,5,6.91756756756757,148,7.07363636363636,6.46578947368421,6.14285714285714,6.88518518518519,6.92479338842975,110,38,7,27,121,14802,10872,3930,937,3952,10850,7.11312005134441,7.35056586644592,6.45624704834606,6.39526147278549,7.14640994433199,7.10099455299539,144
"146",2013,6,7.12538461538462,130,7.23333333333333,6.8825,6.81818181818182,6.77894736842105,7.18468468468468,90,40,11,19,111,14932,10962,3970,948,3971,10961,7.11322682828824,7.34960336617405,6.4605417884131,6.40016877637131,7.14465175018887,7.10184206732962,145
"147",2013,7,7.04356725146199,171,7.34349593495935,6.275,6.10625,6.71410256410256,7.14090909090909,123,48,16,39,132,15103,11085,4018,964,4010,11093,7.11243812487585,7.34953559765449,6.45832526132404,6.39529045643153,7.14046436408978,7.10230694131434,146
"148",2013,8,7.05983146067416,178,7.32992424242424,6.28478260869565,5.98181818181818,7.26666666666667,7.01275862068966,132,46,11,33,145,15281,11217,4064,975,4043,11238,7.11182533865585,7.34930481412142,6.45636094980315,6.39062564102564,7.14149445955973,7.10115153052144,147
"149",2013,9,6.83430226744186,172,7.12061403508772,6.27155155172414,6.42307692307692,6.46129,6.91631205673759,114,58,13,31,141,15453,11331,4122,988,4074,11379,7.10873636122436,7.34700398023122,6.45376052644347,6.39105263157895,7.13631862788414,7.09886113894015,148
"150",2013,10,6.96172839506173,162,7.32212389380531,6.13061224489796,6,6.90322580645161,6.97557251908397,113,49,14,31,131,15615,11444,4171,1002,4105,11510,7.10721120653218,7.34675831003146,6.44996425077919,6.38558882235529,7.13455836540804,7.09745794092094,149
"151",2013,11,6.88340101522843,197,7.12848275862069,6.2,5.74666666666667,6.64666666666667,6.92592814371258,145,52,15,30,167,15812,11589,4223,1017,4135,11677,7.10442277953453,7.34402727586504,6.44688631067961,6.37616519174041,7.131018643289,7.09500478718849,150
"152",2013,12,7.02784810126582,237,7.235,6.5974025974026,6.52727272727273,7.06666666666667,7.02020202020202,160,77,22,39,198,16049,11749,4300,1039,4174,11875,7.10329198018568,7.34254252276789,6.44958160232558,6.37936477382098,7.13041736703402,7.09375754947368,151
"153",2014,1,7.00171821305842,291,7.25928571428571,6.33395061728395,6.43,7.28409090909091,6.95141700404858,210,81,20,44,247,16340,11959,4381,1059,4218,12122,7.10148304712362,7.34108053348942,6.44744370919881,6.38032105760151,7.13202041014699,7.09085719353242,152
"154",2014,2,7.04577464788732,213,7.40316901408451,6.33098591549296,6.36,7.25138888888889,7.00395480225989,142,71,25,36,177,16553,12101,4452,1084,4254,12299,7.10076620491754,7.34180911494918,6.44558645327943,6.37985239852399,7.13303058063,7.08960654524758,153
"155",2014,3,7.08960674157303,178,7.31124031007752,6.50612244897959,5.92857142857143,7.42592592592593,7.0294701986755,129,49,7,27,151,16731,12230,4501,1091,4281,12450,7.10064748012671,7.34148668029436,6.44624547656076,6.37695692025664,7.1348778533053,7.08887718072289,154
"156",2014,4,7.05066489361702,188,7.31122302158273,6.3115306122449,5.99,7.09666666666667,7.04193037974684,139,49,10,30,158,16919,12369,4550,1101,4311,12608,7.10009208522962,7.34114658420244,6.4447947010989,6.37344232515895,7.13461194386453,7.08828885628173,155
"157",2014,5,6.99705202312139,173,7.15846774193548,6.58857142857143,6.67777777777778,6.90571428571429,7.02021739130435,124,49,9,35,138,17092,12493,4599,1110,4346,12746,7.09904914521413,7.33933339470103,6.44632656881931,6.37590990990991,7.13276854348827,7.08755185156127,156
"158",2014,6,6.93096774193548,155,7.19433962264151,6.36122448979592,6.76470588235294,6.740625,6.98048780487805,106,49,17,32,123,17247,12599,4648,1127,4378,12869,7.09753858584102,7.33811350900865,6.44542940834768,6.38177462289263,7.12990225902239,7.08652854922682,157
"159",2014,7,7.12307692307692,195,7.40902255639098,6.50967741935484,5.86,7.12903225806452,7.1219512195122,133,62,15,31,164,17442,12732,4710,1142,4409,13033,7.09782410216718,7.33885423342758,6.4462751358811,6.37492119089317,7.12989614198231,7.08697428834497,158
"160",2014,8,6.98254437869822,169,7.30769230769231,6.25096153846154,6.3,7.22692307692308,6.93811188811189,117,52,14,26,143,17611,12849,4762,1156,4435,13176,7.09671784623247,7.33857048019301,6.44414235405292,6.37401384083045,7.13046495828636,7.08535867486339,159
"161",2014,9,6.92196531791908,173,7.22407407407407,6.42,6.275,7.06774193548387,6.89014084507042,108,65,20,31,142,17784,12957,4827,1176,4466,13318,7.09501788067926,7.33761612255923,6.44381725502382,6.37232993197279,7.13002957680251,7.08327721129299,160
"162",2014,10,6.82537931034483,203,7.10353956834532,6.22125,6.079,6.98439024390244,6.78513580246914,139,64,20,41,162,17987,13096,4891,1196,4507,13480,7.09197475899261,7.33513165088577,6.44090490492742,6.36742474916388,7.12870470157533,7.07969420623145,161
"163",2014,11,7.09857142857143,217,7.30794871794872,6.56311475409836,6.12105263157895,7.68542857142857,6.98571428571429,156,61,19,35,182,18204,13252,4952,1215,4542,13662,7.09205339430894,7.33481165861757,6.44241031704362,6.3635720164609,7.13299473579921,7.07844224125311,162
"164",2014,12,7.15301282051282,234,7.32081460674157,6.61964285714286,6.5875,7.04864864864865,7.17261421319797,178,56,16,37,197,18438,13430,5008,1231,4579,13859,7.09282704143617,7.33462614296351,6.4443921505591,6.36648253452478,7.1323131884691,7.0797808572047,163
"165",2015,1,7.01059347181009,337,7.33534188034188,6.27281553398058,6.348,7.1625,6.98032028469751,234,103,25,56,281,18775,13664,5111,1256,4635,14140,7.09135099813582,7.33463840017564,6.44093443357464,6.36611464968153,7.13267790507012,7.07780430693069,164
"166",2015,2,7.0160956937799,209,7.36929457364341,6.4465625,6.75125,7.04707894736842,7.00921052631579,129,80,20,38,171,18984,13793,5191,1276,4673,14311,7.09052249209861,7.33496252446893,6.44102116933153,6.37215125391849,7.13198182965975,7.07698469009852,165
"167",2015,3,7.00717592592593,216,7.25709219858156,6.53733333333333,6.14736842105263,7.24358974358974,6.95508474576271,141,75,19,39,177,19200,13934,5266,1295,4712,14488,7.08958484322917,7.33417454428018,6.44239287694645,6.36885328185328,7.13290557937182,7.07549543760353,166
"168",2015,4,6.95946078431373,204,7.20979020979021,6.37262295081967,6.875,7.05394736842105,6.9378313253012,143,61,12,38,166,19404,14077,5327,1307,4750,14654,7.08821681045146,7.33291099666122,6.44159393467242,6.37350038255547,7.13227391368421,7.07393598334925,167
"169",2015,5,7.09904494382022,178,7.32941666666667,6.62241379310345,6.25,6.96875,7.12760273972603,120,58,14,32,146,19582,14197,5385,1321,4782,14800,7.08831523797365,7.33288146087201,6.44354148375116,6.37219152157456,7.13117965077374,7.07446539864865,168
"170",2015,6,6.90647727272727,176,7.43339285714286,5.984375,6.28571428571429,7.03148148148148,6.8838255033557,112,64,14,27,149,19758,14309,5449,1335,4809,14949,7.08669546462193,7.3336681878538,6.43814844742154,6.37128464419476,7.13061989810772,7.0725652485116,169
"171",2015,7,7.03518918918919,185,7.15522058823529,6.70204081632653,6.5,7.05,7.03319018404908,136,49,12,22,163,19943,14445,5498,1347,4831,15112,7.0862176698591,7.33198809968847,6.44050034376137,6.37243132887899,7.13025276133306,7.07214054393859,170
"172",2015,8,7.12121212121212,231,7.4175,6.45352112676056,6.61111111111111,7.353125,7.08391959798995,160,71,18,32,199,20174,14605,5569,1365,4863,15311,7.08661836968375,7.3329248955837,6.44066634763871,6.37557875457875,7.13171932757557,7.07229363856051,171
"173",2015,9,7.1504854368932,206,7.38493150684932,6.58,6.38461538461539,7.28939393939394,7.12398843930636,146,60,13,33,173,20380,14751,5629,1378,4896,15484,7.08726393473994,7.33343963799064,6.44215151714336,6.37566400580551,7.13278208537582,7.0728712154482,172
"174",2015,10,7.00954545454545,198,7.25101449275362,6.45416666666667,6.7,7.05117647058823,7.00091463414634,138,60,24,34,164,20578,14889,5689,1402,4930,15648,7.0865161332491,7.33267567331587,6.4422782369485,6.38121611982881,7.13221928803246,7.07211706927403,173
"175",2015,11,6.8143579766537,257,7.1539263803681,6.22553191489362,6.33461538461538,6.29333333333333,6.90756880733945,163,94,26,39,218,20835,15052,5783,1428,4969,15866,7.0831590587953,7.33073997475418,6.43875512536746,6.38036764705882,7.125635155967,7.06985616412454,174
"176",2015,12,7.06341911764706,272,7.26358695652174,6.64488636363636,6.50555555555556,7.18645833333333,7.03705357142857,184,88,27,48,224,21107,15236,5871,1455,5017,16090,7.08290467570001,7.3299289905487,6.44184481178675,6.38269072164948,7.12621707992825,7.06939949658173,175
"177",2016,1,6.95318885448916,323,7.2025550660793,6.36354166666667,6.496,7.23428571428571,6.91902777777778,227,96,25,35,288,21430,15463,5967,1480,5052,16378,7.08094955622959,7.32805911530751,6.44058503267974,6.38460472972973,7.12696577395091,7.0667552753694,176
"178",2016,2,6.84475982532751,229,7.10915492957746,6.4132183908046,6.59473684210526,6.87941176470588,6.83871794871795,142,87,19,34,195,21659,15605,6054,1499,5086,16573,7.07845232882405,7.32606716437039,6.44019175586389,6.38726817878586,7.12531087101848,7.06407215953659,177
"179",2016,3,7.00488655462185,238,7.28864705882353,6.49411764705882,6.31052631578947,7.3027027027027,6.95006467661692,153,85,19,37,201,21897,15758,6139,1518,5123,16774,7.07765273736129,7.32570383931971,6.44093840853559,6.38630764163373,7.12659205348429,7.06270602718493,178
"180",2016,4,7.03246861924686,239,7.24142857142857,6.53802816901408,6.73529411764706,6.99571428571429,7.03877450980392,168,71,17,35,204,22136,15926,6210,1535,5158,16978,7.07716488932057,7.32481483737285,6.44204845249597,6.39017263843648,7.12570397246995,7.0624184768524,179
"181",2016,5,6.89354166666667,240,7.19161849710983,6.12388059701493,6.31764705882353,6.96176470588235,6.88228155339806,173,67,17,34,206,22376,16099,6277,1552,5192,17184,7.07519538746872,7.32338350829244,6.43865236418671,6.38937822164948,7.12463041024653,7.06025901419925,180
"182",2016,6,7.08781725888325,197,7.37904411764706,6.43852459016393,5.95833333333333,6.98030303030303,7.1094512195122,136,61,12,33,164,22573,16235,6338,1564,5225,17348,7.07530554157622,7.32384977517708,6.43865113442726,6.38607097186701,7.12371886889952,7.06072405464607,181
"183",2016,7,7.06862068965517,232,7.37045161290323,6.46103896103896,6.21304347826087,7.33484848484848,7.02447236180905,155,77,23,33,199,22805,16390,6415,1587,5258,17547,7.07523753518966,7.3242904881025,6.43891985814497,6.38356332703213,7.12504395017117,7.06031292528637,182
"184",2016,8,6.95843137254902,255,7.23655913978495,6.20869565217391,6.30666666666667,6.8875,6.96860986547085,186,69,15,32,223,23060,16576,6484,1602,5290,17770,7.07394587987858,7.32330605091698,6.43646990900679,6.38284332084894,7.12360701134216,7.05916212155318,183
"185",2016,9,6.98303167420814,221,7.25471698113208,6.28629032258065,6.171875,7.01851851851852,6.97809278350515,159,62,16,27,194,23281,16735,6546,1618,5317,17964,7.07308285683605,7.32265438302958,6.43504749312557,6.38075710754017,7.12307336656009,7.05828662324649,184
"186",2016,10,6.94229390681004,279,7.2,6.39213483146067,6.292,7.04857142857143,6.92704918032787,190,89,25,35,244,23560,16925,6635,1643,5352,18208,7.07153404032259,7.32127746528803,6.4344718749058,6.37940657334145,7.12258615284006,7.05652794925307,185
"187",2016,11,7.04840989399293,283,7.24154589371981,6.52236842105263,6.35,7.25326086956522,7.00864978902954,207,76,18,46,237,23843,17132,6711,1661,5398,18445,7.0712595726209,7.32031409642773,6.43546727611384,6.37908789885611,7.12369972026677,7.0559127622662,186
"188",2016,12,6.94214559386973,261,7.21844919786096,6.24391891891892,6.17,7.03,6.93073593073593,187,74,20,30,231,24104,17319,6785,1681,5428,18676,7.06986151634584,7.31921422137537,6.43337817096536,6.3766002379536,7.12318185151069,7.05436447312058,187
"189",2017,1,6.9825069637883,359,7.13693726937269,6.50693181818182,6.52631578947368,7.01727272727273,6.97621710526316,271,88,19,55,304,24463,17590,6873,1700,5483,18980,7.06857956873646,7.31640597498579,6.43431993161647,6.37827352941176,7.12211947656392,7.05311279768177,188
"190",2017,2,6.93304195804196,286,7.19461538461538,6.37252747252747,6.50869565217391,6.87820512820513,6.9417004048583,195,91,23,39,247,24749,17785,6964,1723,5522,19227,7.06701329306235,7.31507062693281,6.4335124770247,6.38001450957632,7.12039679282868,7.05168153638113,189
"191",2017,3,6.82117647058824,255,7.17619047619048,6.13563218390805,5.835,7.1869696969697,6.7668018018018,168,87,20,33,222,25004,17953,7051,1743,5555,19449,7.06450615861463,7.31377101877123,6.42983702879024,6.37376075731497,7.12079227542754,7.04842978559309,190
"192",2017,4,7.128,225,7.2595652173913,6.79703125,6.78235294117647,7.33633333333333,7.09594871794872,161,64,17,30,195,25229,18114,7115,1760,5585,19644,7.065072416267,7.31328922932538,6.43313997048489,6.37770738636363,7.12195006087735,7.04890149154958,191
"193",2017,5,7.00239543726236,263,7.2225988700565,6.54918604651163,6.23076923076923,6.94305555555556,7.01180616740088,177,86,26,36,227,25492,18291,7201,1786,5621,19871,7.06442578024479,7.31241162866983,6.43452588390501,6.37556830907055,7.12080432129514,7.04847772633486,192
"194",2017,6,6.98716577540107,187,7.24838709677419,6.47301587301587,5.79230769230769,7.02272727272727,6.98242424242424,124,63,13,22,165,25679,18415,7264,1799,5643,20036,7.06386315627556,7.31198051045343,6.43485970401982,6.37135352973874,7.12042195463406,7.0479337642244,193
"195",2017,7,7.00358974358974,234,7.34785714285714,6.12727272727273,6.52777777777778,7.0741935483871,6.9928078817734,168,66,18,31,203,25913,18583,7330,1817,5674,20239,7.0633188743102,7.31230485389872,6.43209016234652,6.37290313703907,7.12016938491364,7.04738084391521,194
"196",2017,8,6.89423076923077,260,7.18854748603352,6.24382716049383,6.35,7.27941176470588,6.83628318584071,179,81,20,34,226,26173,18762,7411,1837,5708,20465,7.06163916975509,7.31112413921756,6.43003250438537,6.3726537833424,7.12111792046251,7.04504964085023,195
"197",2017,9,6.99091666666667,240,7.29135135135135,6.50760869565217,6.14090909090909,7.1825,6.9526,148,92,22,40,200,26413,18910,7503,1859,5748,20665,7.06099655434824,7.31096938656795,6.4309837251766,6.36991124260355,7.12154507480863,7.04415489474958,196
"198",2017,10,6.90831538461538,260,7.17088888888889,6.4038202247191,6.657,6.9862962962963,6.89927896995708,171,89,20,27,233,26673,19081,7592,1879,5775,20898,7.05950826641173,7.30971401394057,6.43066529109589,6.37296700372538,7.12091274285714,7.04253961623122,197
"199",2017,11,6.9185667752443,307,7.26183574879227,6.208,6.21176470588235,7.06875,6.89073359073359,207,100,17,48,259,26980,19288,7692,1896,5823,21157,7.05790452149741,7.30920018145997,6.42777052652106,6.37152162447257,7.12048275631118,7.04068123552489,198
"200",2017,12,6.93123728813559,295,7.28897368421053,6.28390476190476,6.28886363636364,7.155,6.89914728682171,190,105,22,37,258,27275,19478,7797,1918,5860,21415,7.05653451842347,7.3090028801725,6.42583312684366,6.37057351407716,7.12070069795222,7.03897608685501,199
"201",2018,1,7.01699481865285,386,7.2856678700361,6.33422018348624,5.848,6.98104166666667,7.02210059171598,277,109,25,48,338,27661,19755,7906,1943,5908,21753,7.05598275514262,7.30867568210579,6.42457005944852,6.36384971693258,7.11956602742045,7.03871387394842,200
"202",2018,2,7.01719230769231,260,7.35027932960894,6.28111111111111,5.7,6.98382352941176,7.02221238938053,179,81,10,34,226,27921,19934,7987,1953,5942,21979,7.055621538985,7.30904926758302,6.42311517340679,6.36045058883768,7.11878931167957,7.03854419673325,201
"203",2018,3,6.98370833333333,240,7.14753086419753,6.64346153846154,6.54545454545455,6.97,6.98544600938967,162,78,11,27,213,28161,20096,8065,1964,5969,22192,7.05500866410994,7.30774721835191,6.42524623558587,6.36148676171079,7.11811628245937,7.0380345574982,202
"204",2018,4,6.82951789256198,242,7.14963904458599,6.23823529411765,6.54210526315789,6.75172413793103,6.84010953051643,157,85,19,29,213,28403,20253,8150,1983,5998,22405,7.05308743160934,7.30652157359403,6.42329581472393,6.36321734745335,7.11634479659887,7.03615292256193,203
"205",2018,5,6.95574075757576,198,7.17593609589041,6.3375,5.06666666666667,7.27037037037037,6.90606239766082,146,52,9,27,171,28601,20399,8202,1992,6025,22576,7.05241351666026,7.3055869454385,6.42275187637162,6.357359437751,7.11703503568465,7.03516756289865,204
"206",2018,6,7.13837038888889,180,7.24741857142857,6.82978723404255,6.79166666666667,7.3452,7.10501077419355,133,47,12,25,155,28781,20532,8249,2004,6050,22731,7.05295110176853,7.3052101485486,6.42507102557886,6.35996007984032,7.1179778661157,7.03564381549426,205
"207",2018,7,7.00042253521127,213,7.31868421052632,6.20737704918033,6.42142857142857,7.52083333333333,6.93433862433862,152,61,14,24,189,28994,20684,8310,2018,6074,22920,7.05256520866387,7.30530916505511,6.42347303128761,6.36038652130822,7.11956965591044,7.03480844546248,206
"208",2018,8,6.91182692307692,208,7.12337837837838,6.39,6.25714285714286,6.984,6.90196721311475,148,60,14,25,183,29202,20832,8370,2032,6099,23103,7.05156275803028,7.30401664602534,6.42323308124254,6.35967519685039,7.11901395146745,7.03375620352335,207
"209",2018,9,6.95563218390805,174,7.1763025210084,6.47818181818182,6.83333333333333,6.72045454545455,6.98967105263158,119,55,6,22,152,29376,20951,8425,2038,6121,23255,7.05099454180284,7.30329124003627,6.42359179703264,6.36106967615309,7.1175814556445,7.03346805289185,208
"210",2018,10,6.93051162790698,215,7.12602564102564,6.4135593220339,5.83,6.9375,6.92994974874372,156,59,10,16,199,29591,21107,8484,2048,6137,23454,7.05011914636207,7.3019810854219,6.42352202852428,6.3584765625,7.1171119586117,7.03258973181547,209
"211",2018,11,6.91933010830325,277,7.28270718232044,6.23421291666667,5.86478615384615,6.85394736842105,6.92972569037657,181,96,26,38,239,29868,21288,8580,2074,6175,23693,7.04890619057185,7.30181721016535,6.42140388461539,6.35228757955641,7.11549248421052,7.03155210441903,210
"212",2018,12,6.92851953125,256,7.24942771084337,6.33662222222222,6.23529411764706,6.86903846153846,6.93524347826087,166,90,17,26,230,30124,21454,8670,2091,6201,23923,7.04788311977162,7.30141184720798,6.42052379815456,6.35133641319942,7.11445913401064,7.03062617606487,211
"213",2019,1,7.00714743589744,312,7.2091592920354,6.47627906976744,6.41565217391304,6.90243902439024,7.0229889298893,226,86,23,41,271,30436,21680,8756,2114,6242,24194,7.04746553752136,7.30045017389299,6.42107141731384,6.35203615894039,7.11306649951938,7.03054063032157,212
"214",2019,2,6.928203125,256,7.19595375722543,6.37012048192771,6,6.64791666666667,6.95719827586207,173,83,12,24,232,30692,21853,8839,2126,6266,24426,7.04647077740128,7.29962292454125,6.42059297771241,6.35004912511759,7.11128488509416,7.02984401907803,213
"215",2019,3,7.02066115702479,242,7.22068965517241,6.50882352941176,6.31666666666667,6.75606060606061,7.06244019138756,174,68,12,33,209,30934,22027,8907,2138,6299,24635,7.04626886597272,7.29899939937349,6.42126656899068,6.34986175865294,7.10942389109382,7.03012056058453,214
"216",2019,4,7.08333333333333,207,7.35035460992908,6.51287878787879,6.63636363636364,7.1,7.08145161290323,141,66,11,21,186,31141,22168,8973,2149,6320,24821,7.04651524035837,7.29932604520029,6.42194041346261,6.35132826430898,7.10939257753164,7.03050521775915,215
"217",2019,5,7.00745098039216,204,7.30166666666667,6.46805555555556,6.36111111111111,6.92068965517241,7.02182857142857,132,72,18,29,175,31345,22300,9045,2167,6349,24996,7.04626100175467,7.2993399,6.42230749917082,6.35140952468851,7.10853064892109,7.03044447151544,216
"218",2019,6,6.9112987012987,231,7.07803571428571,6.46666666666667,6.57368421052632,7.16190476190476,6.85560846560847,168,63,19,42,189,31576,22468,9108,2186,6391,25185,7.04527366037497,7.2976851419797,6.42261433135705,6.35334146386093,7.10888140979502,7.02913242048839,217
"219",2019,7,6.78666666666667,213,7.15165562913907,5.89774193548387,5.09090909090909,6.69461538461538,6.79946524064171,151,62,11,26,187,31789,22619,9170,2197,6417,25372,7.04354088206613,7.29671027764269,6.41906557579063,6.3470206827492,7.10720291257597,7.02743969769825,218
"220",2019,8,6.98076642335766,274,7.31302857142857,6.39343434343434,6.18,6.98064516129032,6.98078189300412,175,99,15,31,243,32063,22794,9269,2212,6448,25615,7.0430044318997,7.29683556067386,6.41879181465099,6.34588808318264,7.10659446184863,7.0269970724185,219
"221",2019,9,6.97286324786325,234,7.33397435897436,6.25064102564103,5.785,7.16241379310345,6.94604878048781,156,78,20,29,205,32297,22950,9347,2232,6477,25820,7.04249624113695,7.2970880074074,6.41738860917942,6.34086220430107,7.10684438628995,7.02635437683966,220
"222",2019,10,6.90629818181818,275,7.22717045454545,6.33585858585859,6.04615384615385,6.84756097560976,6.91658974358974,176,99,26,41,234,32572,23126,9446,2258,6518,26054,7.04134634348521,7.29655590115022,6.4165341234385,6.33746875110717,7.10521342282909,7.0253685426422,221
"223",2019,11,7.03726306818182,264,7.31642260638298,6.34671052631579,6.27083333333333,7.09166666666667,7.03028824786325,188,76,12,30,234,32836,23314,9522,2270,6548,26288,7.04131351413084,7.29671610277086,6.4159768252468,6.33711649339207,7.10515135766646,7.02541233490566,222
"224",2019,12,7.06297535211268,284,7.308175,6.47916666666667,6.15384615384615,7.3,7.02524489795918,200,84,13,39,245,33120,23514,9606,2283,6587,26533,7.04149926177537,7.29681356723654,6.41652939100562,6.33607290407358,7.10630500834978,7.025410788829,223
"225",2020,1,6.9879057591623,382,7.21109433962264,6.48239316239316,6.38068965517241,6.64132075471698,7.04373860182371,265,117,29,53,329,33502,23779,9723,2312,6640,26862,7.04088817234792,7.29585828756466,6.41732195104392,6.33663254325259,7.1025935376506,7.02563526394163,224
"226",2020,2,7.01798197628459,253,7.28409558139535,6.4529012345679,6.16357142857143,7.01839285714286,7.01793084444444,172,81,14,28,225,33755,23951,9804,2326,6668,27087,7.0407164861502,7.29577381570707,6.41761590473277,6.33559090283749,7.1022399655069,7.02557126665928,225
"227",2020,3,6.84786693181818,264,7.16681818181818,6.20996443181818,5.94906214285714,6.503125,6.89541754310345,176,88,14,32,232,34019,24127,9892,2340,6700,27319,7.03921990240748,7.29483311891242,6.41576862110797,6.33327833760684,7.09937852089552,7.02446596764157,226
"228",2020,4,7.06397058823529,204,7.23566433566434,6.66147540983607,5.83333333333333,7.75833333333333,6.97138888888889,143,61,6,24,180,34223,24270,9953,2346,6724,27499,7.03936743885691,7.29448449361351,6.41727451019793,6.33199970588235,7.10173053093397,7.0241185414015,227
"229",2020,5,6.98156565656566,198,7.1625,6.446,6.10588235294118,7.35208333333333,6.93045977011494,148,50,17,24,174,34421,24418,10003,2363,6748,27673,7.03903494552744,7.29368452207388,6.41741809457163,6.33037296233601,7.10262093805572,7.02352964152784,228
"230",2020,6,6.83352380952381,210,7.12303448275862,6.18769230769231,5.5,7.03148148148148,6.80431693989071,145,65,15,27,183,34631,24563,10068,2378,6775,27856,7.03778874014612,7.29267714285714,6.41593496225666,6.325135117746,7.1023374302583,7.02208952362148,229
"231",2020,7,6.99447649038462,208,7.21634073333333,6.42068965517241,5.875,7.23166666666667,6.95450061797753,150,58,16,30,178,34839,24713,10126,2394,6805,28034,7.03753015212837,7.29221380528467,6.41596219632629,6.32212669590643,7.1029075811903,7.02166037240494,230
"232",2020,8,7.10591489361702,235,7.34845679012346,6.56767123287671,6.52315789473684,7.303,7.07707317073171,162,73,19,30,205,35074,24875,10199,2413,6835,28239,7.0379883380852,7.29258009125628,6.41704806353564,6.32370961873187,7.10378582150695,7.02206263961188,231
"233",2020,9,6.9967472983871,248,7.32712907514451,6.23466666666667,6.45833333333333,7.31351351351351,6.94120061611374,173,75,12,37,211,35322,25048,10274,2425,6872,28450,7.0376987797973,7.29281871207282,6.41571668288885,6.32437579793814,7.10491503055878,7.02146292478031,232
"234",2020,10,7.01567518248175,274,7.30103174603175,6.38117647058824,5.68666666666667,7.30833333333333,6.98758,189,85,15,24,250,35596,25237,10359,2440,6896,28700,7.03752925328689,7.29288021951896,6.41543326575925,6.32045545491803,7.10562298288863,7.02116777735191,233
"235",2020,11,7.10251798561151,278,7.26633165829146,6.68987341772152,6.57058823529412,6.83703703703704,7.13107569721116,199,79,17,27,251,35874,25436,10438,2457,6923,28951,7.0380328733902,7.2926725153326,6.4175103659705,6.32218612535612,7.10457548606095,7.02212065939,234
"236",2020,12,6.95996153846154,260,7.20222857142857,6.46117647058824,5.66875,6.98333333333333,6.95725321888412,175,85,16,27,233,36134,25611,10523,2473,6950,29184,7.03747111584658,7.29205451173324,6.41786308087048,6.31795847553578,7.10410447338129,7.021602768983,235
"237",2021,1,7.15593123209169,349,7.3931007751938,6.48351648351648,6.78461538461538,7.44772727272727,7.11383606557377,258,91,13,44,305,36483,25869,10614,2486,6994,29489,7.03860431707919,7.29306227917585,6.41842596570567,6.32039875703942,7.10626624106376,7.02255672318491,236
"238",2021,2,7.11849593495935,246,7.37780898876404,6.43970588235294,6.07894736842105,7.28823529411765,7.09127358490566,178,68,19,34,212,36729,26047,10682,2505,7028,29701,7.03913940755262,7.29364142127692,6.41856143044374,6.31856738922156,7.10714656943654,7.02304721086832,237
"239",2021,3,6.96549459915612,237,7.12302104575163,6.67857142857143,6.5,7.24666666666667,6.92474502415459,153,84,15,30,207,36966,26200,10766,2520,7058,29908,7.03866724882325,7.29264505038168,6.42059011703511,6.31964734523809,7.10773959903655,7.02236683930721,238
"240",2021,4,7.05902777777778,216,7.35551948051948,6.32258064516129,5.41666666666667,7.132,7.04947643979058,154,62,12,25,191,37182,26354,10828,2532,7083,30099,7.03878552848153,7.29301245807088,6.42002892500924,6.31536781595576,7.10782522801073,7.02253886939765,239
"241",2021,5,7.10600858369099,233,7.43483870967742,6.4525641025641,5.16666666666667,7.365,7.05233160621762,155,78,9,40,193,37415,26509,10906,2541,7123,30292,7.03920415662168,7.29384172620619,6.42026161745828,6.31129921684376,7.10926942159202,7.02272868843259,240
"242",2021,6,7.14722826086957,184,7.371796875,6.63392857142857,6.05555555555556,7.57826086956522,7.08565217391304,128,56,9,23,161,37599,26637,10962,2550,7146,30453,7.03973279927658,7.29421632766452,6.42135314723591,6.31039659215686,7.11077890987965,7.02306135454635,241
"243",2021,7,7.11988571428571,175,7.26483333333333,6.80363636363636,6.25,7.51923076923077,7.08783950617284,120,55,8,13,162,37774,26757,11017,2558,7159,30615,7.04010413300154,7.29408455058489,6.42326161386948,6.31020770523847,7.11152061600782,7.023404129675,242
"244",2021,8,7.05138157894737,228,7.4216265060241,6.06008064516129,5.71041666666667,7.16057692307692,7.03732673267327,166,62,12,26,202,38002,26923,11079,2570,7185,30817,7.04017179411611,7.2948709400884,6.42122919036014,6.30740712451362,7.11169813361169,7.02349538988221,243
"245",2021,9,7.09376744186047,215,7.38758620689655,6.48514285714286,7.35,6.99310344827586,7.1094623655914,145,70,10,29,186,38217,27068,11149,2580,7214,31003,7.04047331083026,7.2953676045515,6.42163047806979,6.31144818217054,7.1112213875797,7.02401114182498,244
"246",2021,10,6.96903765690377,239,7.24573170731707,6.364,6.23333333333333,6.96666666666667,6.96937799043062,164,75,15,30,209,38456,27232,11224,2595,7244,31212,7.04002934574579,7.29506868096357,6.42124538488953,6.31099665125241,7.11062273467697,7.02364531045752,245
"247",2021,11,6.96305220883534,249,7.31974522292994,6.35434782608696,6.88461538461539,6.96153846153846,6.96322869955157,157,92,13,26,223,38705,27389,11316,2608,7270,31435,7.0395341304741,7.29521013253496,6.42070150229764,6.31385594708589,7.11008955845942,7.02321671480833,246
"248",2021,12,7.10545556666667,300,7.36634681818182,6.59901960784314,5.54210526315789,7.42258064516129,7.06890955390335,198,102,19,31,269,39005,27587,11418,2627,7301,31704,7.04004115344187,7.29572070141733,6.42229446488002,6.30827419489912,7.1114163936447,7.02360440638405,247
"249",2022,1,7.07127053830228,483,7.32564871257485,6.50105369127517,6.404,7.55760869565217,7.02007704805492,334,149,25,46,437,39488,27921,11567,2652,7347,32141,7.04042313766208,7.29607870993159,6.42330899974065,6.30917658748114,7.11421002994419,7.02355644721695,248
"250",2022,2,6.98862602150538,279,7.32771739130435,6.33185957894737,5.9316665,7.22903225806452,6.95857524193548,184,95,20,31,248,39767,28105,11662,2672,7378,32389,7.04005973596198,7.29628584451165,6.42256404218831,6.30635091317365,7.11469247628083,7.02305889129025,249
"251",2022,3,7.0609827037037,270,7.2810775,6.67469387755102,5.88636363636364,7.49115384615385,7.01514479508197,172,98,11,26,244,40037,28277,11760,2683,7404,32633,7.04020083547719,7.29619333698766,6.42466512414966,6.30462901229966,7.11601446380335,7.02299971685104,250
"252",2022,4,7.14348920863309,278,7.39299465240642,6.63076923076923,6.5625,7.313889,7.12287633064516,187,91,8,30,248,40315,28464,11851,2691,7434,32881,7.04091308073918,7.29682929279089,6.42624773099317,6.30539562987737,7.1168129889696,7.02375302119765,251
"253",2022,5,7.00697434615385,260,7.37311109090909,6.37105263157895,6.17777777777778,7.49090909090909,6.96224088235294,165,95,18,22,238,40575,28629,11946,2709,7456,33119,7.0406956051756,7.29726893429739,6.42580879457559,6.3045476707272,7.11791681330472,7.02331098221564,252
"254",2022,6,7.19303278688525,244,7.41777108433735,6.71474358974359,6.725,7.46346153846154,7.16077981651376,166,78,10,26,218,40819,28795,12024,2719,7482,33337,7.04160621720278,7.29796361590554,6.42768312208916,6.30609401986024,7.11911758353381,7.02420992950775,253
"255",2022,7,7.08771111111111,225,7.2206462585034,6.83717948717949,7.42,7.43076923076923,7.04288944723618,147,78,10,26,199,41044,28942,12102,2729,7508,33536,7.04185896062762,7.29757091147813,6.43032241447695,6.31017575668743,7.1201968247203,7.02432077230439,254
"256",2022,8,6.96419704918033,305,7.23438472906404,6.42647058823529,6.70909090909091,6.70332,6.98748964285714,203,102,11,25,280,41349,29145,12204,2740,7533,33816,7.04128610800745,7.29713080871504,6.43029022123894,6.31177724087591,7.11881332271339,7.02401580671871,255
"257",2022,9,7.23282233480176,227,7.3671768707483,6.985945875,7,7.22029032258065,7.23480443877551,147,80,5,31,196,41576,29292,12284,2745,7564,34012,7.04233187295555,7.2974823303291,6.43390894903941,6.31303083424408,7.11922921205711,7.02523051246619,256
"258",2022,10,7.08275510204082,294,7.28393518518519,6.52564102564103,5.61538461538461,6.909375,7.10393129770992,216,78,13,32,262,41870,29508,12362,2758,7596,34274,7.04261571411512,7.29738316456554,6.4344877471283,6.30974243654822,7.11834515007899,7.02583212318375,257
"259",2022,11,7.12006493506493,308,7.33470588235294,6.69903846153846,6.78125,7.00606060606061,7.13374545454545,204,104,16,33,275,42178,29712,12466,2774,7629,34549,7.04318127815449,7.29763941908993,6.43669481228943,6.31246201874549,7.1178594520907,7.02669108194159,258
"260",2022,12,7.11296703296703,364,7.33101167315175,6.5892523364486,6.06153846153846,7.28625,7.09157407407407,257,107,13,40,324,42542,29969,12573,2787,7669,34873,7.04377838253961,7.29792560379058,6.43799312256423,6.31129158234661,7.11873774416482,7.02729390043873,259
