"","year","month","avg_rating","no_ratings","avg_rating_owned","avg_rating_not_owned","avg_rating_prev_owned","avg_rating_comment","avg_rating_no_comment","no_ratings_owned","no_ratings_not_owned","no_ratings_prev_owned","no_ratings_comment","no_ratings_no_comment","cum_no_ratings","cum_no_ratings_owned","cum_no_ratings_not_owned","cum_no_ratings_prev_owned","cum_no_ratings_comment","cum_no_ratings_no_comment","cum_avg_rating","cum_avg_rating_owned","cum_avg_rating_not_owned","cum_avg_rating_prev_owned","cum_avg_rating_comment","cum_avg_rating_no_comment","month_after_release"
"1",2004,10,8.41666666666667,6,8.3,9,NA,8.5,8.33333333333333,5,1,0,3,3,6,5,1,0,3,3,8.41666666666667,8.3,9,NA,8.5,8.33333333333333,0
"2",2004,11,7.25,8,7.5,7,8.5,7.16666666666667,7.5,4,4,2,6,2,14,9,5,2,9,5,7.75,7.94444444444444,7.4,8.5,7.61111111111111,8,1
"3",2004,12,7.5,7,8.125,6.66666666666667,8,7.41666666666667,8,4,3,1,6,1,21,13,8,3,15,6,7.66666666666667,8,7.125,8.33333333333333,7.53333333333333,8,2
"4",2005,1,7.43333333333333,15,7.79166666666667,6,NA,7.38888888888889,7.5,12,3,0,9,6,36,25,11,3,24,12,7.56944444444444,7.9,6.81818181818182,8.33333333333333,7.47916666666667,7.75,3
"5",2005,2,7.36363636363636,11,7.5,7,8,8,6.83333333333333,8,3,1,5,6,47,33,14,4,29,18,7.52127659574468,7.8030303030303,6.85714285714286,8.25,7.56896551724138,7.44444444444444,4
"6",2005,3,7.47105263157895,19,7.51,7.325,NA,7.46818181818182,7.475,15,4,0,11,8,66,48,18,4,40,26,7.50681818181818,7.71145833333333,6.96111111111111,8.25,7.54125,7.45384615384615,5
"7",2005,4,7.28125,16,7.5,6.625,NA,7.42857142857143,7.16666666666667,12,4,0,7,9,82,60,22,4,47,35,7.46280487804878,7.66916666666667,6.9,8.25,7.52446808510638,7.38,6
"8",2005,5,7.05454545454545,22,7.12222222222222,6.75,NA,7.34615384615385,6.63333333333333,18,4,0,13,9,104,78,26,4,60,44,7.37644230769231,7.54294871794872,6.87692307692308,8.25,7.48583333333333,7.22727272727273,7
"9",2005,6,7.53030303030303,33,7.6875,7.11111111111111,7.66666666666667,7.5,7.59090909090909,24,9,3,22,11,137,102,35,7,82,55,7.41350364963504,7.57696078431372,6.93714285714286,8,7.48963414634146,7.3,8
"10",2005,7,7.32352941176471,17,7.5,6.9,7.16666666666667,6.91666666666667,7.54545454545455,12,5,3,6,11,154,114,40,10,88,66,7.40357142857143,7.56885964912281,6.9325,7.75,7.45056818181818,7.34090909090909,9
"11",2005,8,7.23529411764706,17,7.69230769230769,5.75,8,7.16666666666667,7.3125,13,4,1,9,8,171,127,44,11,97,74,7.38684210526316,7.58149606299212,6.825,7.77272727272727,7.42422680412371,7.33783783783784,10
"12",2005,9,7.53409090909091,22,7.58333333333333,7.3125,8,7.46153846153846,7.63888888888889,18,4,2,13,9,193,145,48,13,110,83,7.40362694300518,7.58172413793103,6.865625,7.80769230769231,7.42863636363636,7.37048192771084,11
"13",2005,10,7.12121212121212,33,7.38,6.3125,7.66666666666667,7.06818181818182,7.22727272727273,25,8,3,22,11,226,170,56,16,132,94,7.36238938053097,7.55205882352941,6.78660714285714,7.78125,7.36856060606061,7.35372340425532,12
"14",2005,11,7.032,25,7.15789473684211,6.63333333333333,5,6.59090909090909,7.37857142857143,19,6,1,11,14,251,189,62,17,143,108,7.32948207171315,7.51243386243386,6.77177419354839,7.61764705882353,7.30874125874126,7.35694444444444,13
"15",2005,12,7.49821428571429,28,7.6225,7.1875,7.33333333333333,7.07142857142857,7.64047619047619,20,8,3,7,21,279,209,70,20,150,129,7.34641577060932,7.52296650717703,6.81928571428571,7.575,7.29766666666667,7.4031007751938,14
"16",2006,1,7.75740740740741,27,8.05277777777778,7.16666666666667,7.25,7.85416666666667,7.68,18,9,4,12,15,306,227,79,24,162,144,7.38267973856209,7.56497797356828,6.85886075949367,7.52083333333333,7.33888888888889,7.43194444444444,15
"17",2006,2,7.37037037037037,27,7.425,7.21428571428571,7.33333333333333,7.36363636363636,7.375,20,7,3,11,16,333,247,86,27,173,160,7.38168168168168,7.55364372469636,6.88779069767442,7.5,7.34046242774567,7.42625,16
"18",2006,3,7.275,20,7.41176470588235,6.5,7.5,7.44444444444444,7.13636363636364,17,3,1,9,11,353,264,89,28,182,171,7.3756373937677,7.54450757575758,6.8747191011236,7.5,7.3456043956044,7.40760233918129,17
"19",2006,4,7.14782608695652,23,7.26190476190476,5.95,7,7.27272727272727,7.03333333333333,21,2,1,11,12,376,285,91,29,193,183,7.36170212765957,7.52368421052632,6.8543956043956,7.48275862068965,7.34145077720207,7.38306010928962,18
"20",2006,5,7.21153846153846,26,7.35,6.75,6.5,7.38,7.10625,20,6,2,10,16,402,305,97,31,203,199,7.35199004975124,7.51229508196721,6.8479381443299,7.41935483870968,7.34334975369458,7.3608040201005,19
"21",2006,6,7.32,25,7.36363636363636,7,NA,7.54166666666667,7.11538461538461,22,3,0,12,13,427,327,100,31,215,212,7.35011709601874,7.50229357798165,6.8525,7.41935483870968,7.35441860465116,7.34575471698113,20
"22",2006,7,7.07432432432432,37,7.25,6.16666666666667,NA,6.76388888888889,7.36842105263158,31,6,0,18,19,464,358,106,31,233,231,7.328125,7.4804469273743,6.81367924528302,7.41935483870968,7.3087982832618,7.34761904761905,21
"23",2006,8,7.49,35,7.76724137931035,6.15,5,8.01538461538462,7.17954545454545,29,6,1,13,22,499,387,112,32,246,253,7.33947895791583,7.50193798449612,6.778125,7.34375,7.34613821138211,7.33300395256917,22
"24",2006,9,7.47727272727273,22,7.70588235294118,6.7,7.25,7.14285714285714,7.63333333333333,17,5,2,7,15,521,404,117,34,253,268,7.34529750479846,7.5105198019802,6.77478632478632,7.33823529411765,7.3405138339921,7.34981343283582,23
"25",2006,10,7.14,25,7.38235294117647,6.625,7.5,7.16666666666667,7.11538461538461,17,8,1,12,13,546,421,125,35,265,281,7.33589743589744,7.50534441805226,6.7652,7.34285714285714,7.33264150943396,7.33896797153025,24
"26",2006,11,7.3625,24,7.7625,6.5625,6,7.71428571428571,7.21764705882353,16,8,1,7,17,570,437,133,36,272,298,7.33701754385965,7.51475972540046,6.75300751879699,7.30555555555556,7.34246323529412,7.33204697986577,25
"27",2006,12,7.20595238095238,42,7.34264705882353,6.625,7,7.13125,7.25192307692308,34,8,4,16,26,612,471,141,40,288,324,7.32802287581699,7.50233545647558,6.74574468085106,7.275,7.33072916666667,7.32561728395062,26
"28",2007,1,7.37395833333333,48,7.53378378378378,6.83636363636364,8,7.3875,7.36428571428571,37,11,2,20,28,660,508,152,42,308,352,7.33136363636364,7.50462598425197,6.75230263157895,7.30952380952381,7.33441558441558,7.32869318181818,27
"29",2007,2,7.15219147058824,34,7.46217391304348,6.50404636363636,6.4375,7.19642857142857,7.1212255,23,11,4,14,20,694,531,163,46,322,372,7.32258574927954,7.50278719397364,6.73554914110429,7.23369565217391,7.32841614906832,7.31753900537634,28
"30",2007,3,7.57272727272727,33,7.62592592592593,7.33333333333333,8,7.58333333333333,7.56666666666667,27,6,1,12,21,727,558,169,47,334,393,7.33394017881706,7.50874551971326,6.75677224852071,7.25,7.3375748502994,7.33085117048346,29
"31",2007,4,7.69714285714286,35,7.85,6.78,6.95,7.88333333333333,7.5,30,5,2,18,17,762,588,174,49,352,410,7.35062271653543,7.52615646258503,6.75743971264368,7.23775510204082,7.36548295454546,7.33786465853658,30
"32",2007,5,6.98529411764706,17,7.01785714285714,6.83333333333333,NA,6.89285714285714,7.05,14,3,0,7,10,779,602,177,49,359,420,7.34265020539153,7.51433554817276,6.75872604519774,7.23775510204082,7.35626740947075,7.33101073809524,31
"33",2007,6,7.209375,32,7.47619047619048,6.7,7.5,7.18181818181818,7.22380952380952,21,11,2,11,21,811,623,188,51,370,441,7.33739150431566,7.51304975922953,6.75528994680851,7.24803921568627,7.35108108108108,7.32590591836735,32
"34",2007,7,7.71153846153846,26,7.86842105263158,7.28571428571429,7.33333333333333,7.42307692307692,8,19,7,3,13,13,837,642,195,54,383,454,7.34901375149343,7.52356697819315,6.77433082051282,7.25277777777778,7.35352480417755,7.34520817180617,33
"35",2007,8,7.43589743589744,39,7.58333333333333,6.94444444444444,NA,7.67857142857143,7.3,30,9,0,14,25,876,672,204,54,397,479,7.35288186073059,7.52623511904762,6.78183583333333,7.25277777777778,7.36498740554156,7.34284866388309,34
"36",2007,9,7.2175,40,7.40344827586207,6.72727272727273,7.33333333333333,6.975,7.32142857142857,29,11,3,12,28,916,701,215,57,409,507,7.34696998908297,7.52115549215407,6.77904423255814,7.25701754385965,7.35354523227384,7.34166570019724,35
"37",2007,10,7.39975609756098,41,7.4590625,7.18888888888889,7,7.60909090909091,7.323,32,9,1,11,30,957,733,224,58,420,537,7.34923146290491,7.51844474761255,6.79551120535714,7.25258620689655,7.36023809523809,7.34062292364991,36
"38",2007,11,7.84051724137931,58,7.77222222222222,8.07692307692308,7.83333333333333,7.91,7.78787878787879,45,13,3,25,33,1015,778,237,61,445,570,7.37730493596059,7.53312339331619,6.86579962025316,7.28114754098361,7.39112359550562,7.36651668421053,37
"39",2007,12,7.21272727272727,55,7.63055555555556,6.42105263157895,7.33333333333333,7.06785714285714,7.36296296296296,36,19,6,28,27,1070,814,256,67,473,597,7.3688453364486,7.53743243243243,6.8327910546875,7.28582089552239,7.37198731501057,7.36635596314908,38
"40",2008,1,7.11176470588235,68,7.29565217391304,6.72727272727273,6.33333333333333,7.256,7.02790697674419,46,22,6,25,43,1138,860,278,73,498,640,7.35348375219684,7.5245,6.82444068345324,7.20753424657534,7.36616465863454,7.343616421875,39
"41",2008,2,7.5,29,7.77777777777778,7.04545454545455,7.75,7.70833333333333,7.35294117647059,18,11,2,12,17,1167,878,289,75,510,657,7.35712468723222,7.52969248291572,6.83285297577855,7.222,7.37421568627451,7.34385770167428,40
"42",2008,3,7.45945945945946,37,7.59259259259259,7.1,7.125,7.17857142857143,7.6304347826087,27,10,4,14,23,1204,905,299,79,524,680,7.36026952657807,7.53156906077348,6.84178765886288,7.21708860759494,7.36898854961832,7.35355075,41
"43",2008,4,7.27272727272727,44,7.56060606060606,6.40909090909091,6.78571428571429,7,7.46153846153846,33,11,7,18,26,1248,938,310,86,542,706,7.35718310096154,7.53259061833689,6.82643390322581,7.18197674418605,7.35673431734317,7.35752763456091,42
"44",2008,5,7.144,39,7.30344827586207,6.6816,6.625,6.9885,7.25217391304348,29,10,4,16,23,1287,967,320,90,558,729,7.35072300699301,7.52571871768356,6.82190784375,7.15722222222222,7.34617562724014,7.35420371742112,43
"45",2008,6,7.11162790697674,43,7.5258064516129,6.04166666666667,5.78571428571429,7.05333333333333,7.14285714285714,31,12,7,15,28,1330,998,332,97,573,757,7.34299286466165,7.52572144288577,6.79370635542169,7.05824742268041,7.33850959860384,7.34638640686922,44
"46",2008,7,6.87950819672131,61,7.15945945945946,6.44791666666667,6.20588235294118,6.52272727272727,7.08076923076923,37,24,17,22,39,1391,1035,356,114,595,796,7.32266751258088,7.51262801932367,6.77039469101124,6.93114035087719,7.3083462184874,7.3333725,45
"47",2008,8,6.89298245614035,57,7.1969696969697,6.475,6.04166666666667,6.49333333333333,7.03571428571429,33,24,12,15,42,1448,1068,380,126,610,838,7.30575311464088,7.50287453183521,6.75173818421053,6.84642857142857,7.28830491803279,7.31845406921241,46
"48",2008,9,6.97156862745098,51,7.36833333333333,6.40476190476191,6.16666666666667,7.05,6.92096774193548,30,21,6,20,31,1499,1098,401,132,630,869,7.29438326217478,7.4991985428051,6.73356735660848,6.8155303030303,7.28073968253968,7.30427446490219,47
"49",2008,10,7.09564102564103,39,7.315,6.36444444444444,6.08333333333333,6.88461538461539,7.20115384615385,30,9,6,13,26,1538,1128,410,138,643,895,7.28934363459037,7.49429964539007,6.72546465853659,6.78369565217391,7.27273094867807,7.3012787821229,48
"50",2008,11,7.03396226415094,53,7.3448275862069,6.65833333333333,6.64285714285714,7.65,6.85365853658537,29,24,7,12,41,1591,1157,434,145,655,936,7.28083627278441,7.49055315471046,6.72175232718894,6.77689655172414,7.2796427480916,7.28167148504273,49
"51",2008,12,6.75,36,7.17045454545455,6.08928571428571,6.53125,6.92307692307692,6.65217391304348,22,14,8,13,23,1627,1179,448,153,668,959,7.2690906637984,7.48458015267176,6.70198774553572,6.7640522875817,7.27270359281437,7.26657404588112,50
"52",2009,1,7.04733333333333,75,7.171,6.8,6.75,7.12678571428571,7,50,25,12,28,47,1702,1229,473,165,696,1006,7.25931874853114,7.47182262001627,6.70716809725159,6.7630303030303,7.26683333333333,7.25411979125248,51
"53",2009,2,6.78227848101266,79,7.24,6.31282051282051,6.48571428571429,6.90909090909091,6.73333333333333,40,39,21,22,57,1781,1269,512,186,718,1063,7.23815862436833,7.46451536643026,6.67712990234375,6.73172043010753,7.25587186629526,7.22619427093133,52
"54",2009,3,7.10917808219178,73,7.60606060606061,6.69925,6.29545454545455,6.71176470588235,7.22982142857143,33,40,22,17,56,1854,1302,552,208,735,1119,7.23308010248112,7.46810291858679,6.67873280797102,6.68557692307692,7.24328707482993,7.22637579088472,53
"55",2009,4,7.0525641025641,78,7.28205128205128,6.82307692307692,6,6.63333333333333,7.15238095238095,39,39,5,15,63,1932,1341,591,213,750,1182,7.22579218944099,7.46269202087994,6.68825805414552,6.66948356807512,7.231088,7.2224319035533,54
"56",2009,5,7.02631578947368,76,7.48095238095238,6.46470588235294,6.45,6.92666666666667,7.05081967213115,42,34,10,15,61,2008,1383,625,223,765,1243,7.21824228585657,7.46324656543745,6.676096816,6.65964125560538,7.22511895424837,7.21401006436042,55
"57",2009,6,7.06733333333333,75,7.15888888888889,6.93,7.16428571428571,6.95454545454545,7.11415094339623,45,30,14,22,53,2083,1428,655,237,787,1296,7.21280869419107,7.45365546218487,6.68772596946565,6.68945147679325,7.21755527318933,7.20992631944444,56
"58",2009,7,7.23082191780822,73,7.38,6.99107142857143,6.86111111111111,7.46052631578947,7.15,45,28,9,19,54,2156,1473,683,246,806,1350,7.2134186038961,7.45140529531568,6.70016180087848,6.69573170731707,7.22328287841191,7.20752926666667,57
"59",2009,8,6.84814814814815,54,7.06818181818182,6.50238095238095,6.33333333333333,7.09090909090909,6.78604651162791,33,21,6,11,43,2210,1506,704,252,817,1393,7.20449344343891,7.44300796812749,6.69426208806818,6.68710317460318,7.2215006119951,7.19451867193108,58
"60",2009,9,7.02115384615385,52,7.40909090909091,6.34736842105263,6.2,7.33571428571429,6.90526315789474,33,19,5,14,38,2262,1539,723,257,831,1431,7.20027874005305,7.44228070175439,6.68514593360996,6.67762645914397,7.22342478941035,7.18683753319357,59
"61",2009,10,6.93,75,7.06410256410256,6.78472222222222,6.66666666666667,6.58333333333333,7.03947368421053,39,36,18,18,57,2337,1578,759,275,849,1488,7.19160483953787,7.43293409378961,6.68986891963109,6.67690909090909,7.20985394581861,7.18119254704301,60
"62",2009,11,7.00722222222222,90,7.37040816326531,6.57317073170732,6.56,6.39791666666667,7.22878787878788,49,41,25,24,66,2427,1627,800,300,873,1554,7.18476741244334,7.43105101413645,6.6838881375,6.66716666666667,7.18753264604811,7.18321397039897,61
"63",2009,12,7.25277777777778,72,7.56976744186047,6.78275862068966,6.63333333333333,7.42857142857143,7.21034482758621,43,29,15,14,58,2499,1670,829,315,887,1612,7.1867268947579,7.43462275449102,6.68734681544029,6.66555555555556,7.19133709131905,7.1841901426799,62
"64",2010,1,6.82142857142857,98,7.09019607843137,6.52978723404255,6.66190476190476,6.25,6.98684210526316,51,47,21,22,76,2597,1721,876,336,909,1688,7.17294205236812,7.42441603718768,6.67889327625571,6.66532738095238,7.16855445544554,7.17530480450237,63
"65",2010,2,6.77962962962963,54,7.46896551724138,5.98,6.16666666666667,6.77333333333333,6.78205128205128,29,25,9,15,39,2651,1750,901,345,924,1727,7.16493040739343,7.42515428571429,6.65950112097669,6.65231884057971,7.16213852813853,7.16642415170816,64
"66",2010,3,7.19457627118644,59,7.56055555555556,6.62173913043478,6.75,7.26923076923077,7.17347826086957,36,23,8,13,46,2710,1786,924,353,937,1773,7.16557583394834,7.42788353863382,6.65856115800866,6.65453257790368,7.16362433297759,7.16660716864072,65
"67",2010,4,7.00113636363636,44,7.53947368421053,6.592,6.75,7.4,6.95,19,25,6,5,39,2754,1805,949,359,942,1812,7.1629486238199,7.42905817174515,6.6568077028451,6.65612813370474,7.16487898089172,7.16194509381898,66
"68",2010,5,7.11636363636364,55,7.68571428571429,6.52592592592593,6.05,6.43529411764706,7.42105263157895,28,27,10,17,38,2809,1833,976,369,959,1850,7.16203649341402,7.43297872340426,6.65318699795082,6.63970189701897,7.15194577685089,7.1672673027027,67
"69",2010,6,7.16875,48,7.45806451612903,6.64117647058824,6.59285714285714,7.16666666666667,7.16944444444444,31,17,7,12,36,2857,1864,993,376,971,1886,7.1621492859643,7.43339592274678,6.6529813796576,6.63882978723404,7.15212770339856,7.16730886002121,68
"70",2010,7,7.27804878048781,41,7.66896551724138,6.33333333333333,6.57142857142857,7.2,7.30322580645161,29,12,7,10,31,2898,1893,1005,383,981,1917,7.16378899585921,7.43700475435816,6.64916468656716,6.63759791122715,7.15261569826707,7.1695067866458,69
"71",2010,8,7.21372549019608,51,7.73235294117647,6.17647058823529,6.42857142857143,7.15,7.22926829268293,34,17,7,10,41,2949,1927,1022,390,991,1958,7.16465259749067,7.44221587960561,6.64130186888454,6.63384615384615,7.1525893037336,7.17075817671093,70
"72",2010,9,7.08023255813954,43,7.66153846153846,6.19117647058824,6.325,7.16666666666667,7.04677419354839,26,17,10,12,31,2992,1953,1039,400,1003,1989,7.16343934157754,7.44513568868408,6.63393696823869,6.626125,7.15275772681954,7.16882579688285,71
"73",2010,10,6.93529411764706,51,7.25185185185185,6.57916666666667,6.26428571428571,6.93125,6.93714285714286,27,24,14,16,35,3043,1980,1063,414,1019,2024,7.15961567860664,7.4425,6.63270038570085,6.61388888888889,7.14927968596663,7.16481942193676,72
"74",2010,11,7.18918918918919,74,7.6063829787234,6.46296296296296,6.5,7.23214285714286,7.16304347826087,47,27,14,28,46,3117,2027,1090,428,1047,2070,7.16031777670837,7.44629995066601,6.62849588073394,6.61016355140187,7.15149570200573,7.16477995652174,73
"75",2010,12,6.86842105263158,76,7.212,6.20769230769231,5.70714285714286,6.575,6.97321428571429,50,26,14,20,56,3193,2077,1116,442,1067,2126,7.15337003131851,7.44065960519981,6.61869221326165,6.58156108597285,7.14068978444236,7.15973401222954,74
"76",2011,1,6.97777777777778,81,7.23396226415094,6.49285714285714,6.66666666666667,7.12941176470588,6.9375,53,28,12,17,64,3274,2130,1144,454,1084,2190,7.14902581246182,7.43551643192488,6.61561233391608,6.58381057268723,7.14051291512915,7.1532395022831,75
"77",2011,2,6.80943396226415,53,7.28484848484849,6.025,5.92307692307692,6.99333333333333,6.73684210526316,33,20,13,15,38,3327,2163,1164,467,1099,2228,7.14361602344454,7.43321775312067,6.6054643556701,6.56541755888651,7.13850409463148,7.14613757181328,76
"78",2011,3,6.93648648648649,74,7.27222222222222,6.61842105263158,6.625,7.29333333333333,6.84576271186441,36,38,16,15,59,3401,2199,1202,483,1114,2287,7.13910923551896,7.43058208276489,6.60587396838602,6.56739130434783,7.14058886894075,7.13838850459117,77
"79",2011,4,7.01475409836066,61,7.26153846153846,6.57727272727273,6.45,6.87647058823529,7.06818181818182,39,22,10,17,44,3462,2238,1224,493,1131,2331,7.13691811380705,7.427636282395,6.60535989379085,6.56501014198783,7.13661892130858,7.13706328185328,78
"80",2011,5,6.84193548387097,62,7.46451612903226,6.21935483870968,5.85555555555556,6.89,6.81904761904762,31,31,9,20,42,3524,2269,1255,502,1151,2373,7.13172829455165,7.42814014984575,6.59582510756972,6.55229083665339,7.13233362293658,7.13143468605141,79
"81",2011,6,7.06862745098039,51,7.59677419354839,6.25,6.03333333333333,6.71428571428571,7.2027027027027,31,20,9,14,37,3575,2300,1275,511,1165,2410,7.13082811468531,7.43041304347826,6.5904004,6.54315068493151,7.12730987124463,7.13252884232365,80
"82",2011,7,7.26153846153846,39,7.7875,6.42,6.4375,7.13,7.30689655172414,24,15,8,10,29,3614,2324,1290,519,1175,2439,7.13223865799668,7.43410068846816,6.588419,6.54152215799615,7.12733276595745,7.13460209512095,81
"83",2011,8,6.92661290322581,62,7.31666666666667,6.48275862068965,6.07894736842105,6.67352941176471,7.02222222222222,33,29,19,17,45,3676,2357,1319,538,1192,2484,7.12877054134929,7.43245651251591,6.58609591357088,6.52518587360595,7.12086073825503,7.13256622785829,82
"84",2011,9,6.87065217391304,46,7.16166666666667,6.325,6.625,6.55,7.04166666666667,30,16,8,16,30,3722,2387,1335,546,1208,2514,7.12558047017732,7.42905320485966,6.5829666741573,6.52664835164835,7.11329966887417,7.13148150755768,83
"85",2011,10,6.92934782608696,46,7.20192307692308,6.575,6.33333333333333,6.77941176470588,7.01724137931035,26,20,12,17,29,3768,2413,1355,558,1225,2543,7.12318484872612,7.42660588479072,6.58284908487085,6.52249103942652,7.10866612244898,7.13017872984664,84
"86",2011,11,6.96388888888889,72,7.30434782608696,6.36153846153846,6.16153846153846,7.48666666666667,6.82631578947368,46,26,13,15,57,3840,2459,1381,571,1240,2600,7.12019804947917,7.42431882879219,6.57868248370746,6.51427320490368,7.11323870967742,7.12351711923077,85
"87",2011,12,7.10862068965517,58,7.45384615384615,6.4,6.07142857142857,7.44736842105263,6.94358974358974,39,19,7,19,39,3898,2498,1400,578,1259,2639,7.12002578501796,7.42477982385909,6.57625750714286,6.50891003460208,7.11828117553614,7.12085809397499,86
"88",2012,1,7.12444444444444,90,7.4271186440678,6.54838709677419,6.625,7.10714285714286,7.12763157894737,59,31,12,14,76,3988,2557,1431,590,1273,2715,7.12012550401204,7.42483378959719,6.57565374563242,6.51127118644068,7.11815868028279,7.12104770165746,87
"89",2012,2,7.10196078431373,51,7.61071428571429,6.48260869565217,6.05555555555556,6.86111111111111,7.23333333333333,28,23,9,18,33,4039,2585,1454,599,1291,2748,7.1198961401337,7.42684719535783,6.57418191884457,6.50442404006678,7.11457474825716,7.12239610989811,88
"90",2012,3,7.33191489361702,47,7.49655172413793,7.06666666666667,6.76666666666667,6.91111111111111,7.43157894736842,29,18,12,9,38,4086,2614,1472,611,1300,2786,7.12233492657856,7.42762050497322,6.58020415081522,6.50957446808511,7.11316615384615,7.12661324838478,89
"91",2012,4,7.09423076923077,52,7.39459459459459,6.35333333333333,6.575,6.95,7.1375,37,15,4,12,40,4138,2651,1487,615,1312,2826,7.12198175688739,7.42715956242927,6.57791560860793,6.51,7.1116737804878,7.12676734253362,90
"92",2012,5,7.08292682926829,41,7.4,6.63529411764706,6.85714285714286,7.39166666666667,6.9551724137931,24,17,7,12,29,4179,2675,1504,622,1324,2855,7.12159859057191,7.42691588785047,6.57856416888298,6.51390675241158,7.11421148036254,7.12502434676007,91
"93",2012,6,6.90340909090909,44,7.24,6.46052631578947,7.2,7.29166666666667,6.7578125,25,19,5,12,32,4223,2700,1523,627,1336,2887,7.11932524508643,7.42518518518519,6.57709160210111,6.51937799043062,7.11580538922156,7.12095410807066,92
"94",2012,7,6.81032258064516,62,7.18888888888889,6.28615384615385,5.81818181818182,6.32666666666667,6.96468085106383,36,26,11,15,47,4285,2736,1549,638,1351,2934,7.1148542613769,7.42207602339181,6.57220820529374,6.50728840125392,7.10704367135455,7.1184507532379,93
"95",2012,8,7.12564102564103,39,7.62592592592593,6,6.375,7.5,6.95925925925926,27,12,4,12,27,4324,2763,1561,642,1363,2961,7.11495155180389,7.42406804198335,6.56780942344651,6.50646417445483,7.11050330154072,7.11699915906788,94
"96",2012,9,7.025,44,7.17272727272727,6.87727272727273,7.05714285714286,7.12142857142857,6.98,22,22,14,14,30,4368,2785,1583,656,1377,2991,7.11404544642857,7.42208258527828,6.57211024005054,6.51821646341464,7.11061437908497,7.11562504513541,95
"97",2012,10,6.97111111111111,45,7.496,6.315,6.07272727272727,7.00769230769231,6.95625,25,20,11,13,32,4413,2810,1603,667,1390,3023,7.11258792431453,7.42274021352313,6.56890237679351,6.51086956521739,7.10965179856115,7.11393797882898,96
"98",2012,11,7.1452380952381,42,7.57777777777778,6.36666666666667,6.66666666666667,7.70833333333333,6.92,27,15,6,12,30,4455,2837,1618,673,1402,3053,7.11289573737374,7.42421572083186,6.5670275092707,6.51225854383358,7.1147760342368,7.11203226662299,97
"99",2012,12,7.2957962962963,54,7.63918918918919,6.54841176470588,7.16666666666667,7.20588235294118,7.33710810810811,37,17,9,17,37,4509,2874,1635,682,1419,3090,7.1150861632291,7.42698329853862,6.56683395107033,6.52089442815249,7.11586751233263,7.11472734951456,98
"100",2013,1,7.30782608695652,69,7.54511627906977,6.91538461538462,6.83333333333333,7.08555555555556,7.38627450980392,43,26,12,18,51,4578,2917,1661,694,1437,3141,7.11799115552643,7.42872471717518,6.57228989163155,6.52629682997118,7.11548782185108,7.11913642470551,99
"101",2013,2,7.1,54,7.34242424242424,6.71904761904762,7.06,7.06875,7.11315789473684,33,21,10,16,38,4632,2950,1682,704,1453,3179,7.11778141407599,7.4277593220339,6.57412218192628,6.53387784090909,7.11497315898142,7.11906496067946,100
"102",2013,3,7.01530188679245,53,7.42333333333333,6.48308695652174,6.58281818181818,7.0069375,7.01891891891892,30,23,11,16,37,4685,2980,1705,715,1469,3216,7.11662209391676,7.42771476510067,6.57289414076246,6.53463076923077,7.11379646017699,7.1179127829602,101
"103",2013,4,6.86571428571429,35,7.39047619047619,6.07857142857143,5.83333333333333,7.33333333333333,6.76896551724138,21,14,6,6,29,4720,3001,1719,721,1475,3245,7.11476154872882,7.42745418193935,6.56886824316463,6.52879472954231,7.11468949152542,7.11479430200308,102
"104",2013,5,7.04117647058824,51,7.478125,6.30526315789474,6.5,7.2,7.02391304347826,32,19,8,5,46,4771,3033,1738,729,1480,3291,7.11397495493607,7.42798878997692,6.5659864844649,6.52847873799726,7.1149777027027,7.11352400790033,103
"105",2013,6,6.85555555555556,36,7.33333333333333,6.18666666666667,6.6,7.05,6.78076923076923,21,15,10,10,26,4807,3054,1753,739,1490,3317,7.11203963178698,7.42733791748527,6.56274073588134,6.52944654939107,7.11454161073826,7.11091574012662,104
"106",2013,7,7.043,50,7.35833333333333,6.57,6.2,7.02307692307692,7.05,30,20,10,13,37,4857,3084,1773,749,1503,3354,7.11132890879144,7.42666666666667,6.56282262267343,6.52504806408545,7.113750499002,7.11024374180083,105
"107",2013,8,7.27358490566038,53,7.78333333333333,6.60869565217391,6.45454545454545,6.93333333333333,7.40789473684211,30,23,11,15,38,4910,3114,1796,760,1518,3392,7.11308034826884,7.43010276172126,6.56341008351893,6.52402763157895,7.11196772068511,7.11357827535377,106
"108",2013,9,7.12333333333333,45,7.40192307692308,6.7421052631579,6.48333333333333,7.44444444444444,7.04305555555556,26,19,12,9,36,4955,3140,1815,772,1527,3428,7.11317346316852,7.42986942675159,6.56528072176308,6.52339507772021,7.11392730844794,7.11283766336056,107
"109",2013,10,7.25454545454545,33,7.52857142857143,6.775,7.3,7.07272727272727,7.34545454545455,21,12,6,11,22,4988,3161,1827,778,1538,3450,7.11410876303128,7.4305251502689,6.56665818828681,6.52938431876607,7.11363263979194,7.1143210173913,108
"110",2013,11,7.03396226415094,53,7.60645161290323,6.22727272727273,6.40909090909091,7.07272727272727,7.02380952380952,31,22,11,11,42,5041,3192,1849,789,1549,3492,7.1132661198175,7.43223370927318,6.56262007030827,6.5277072243346,7.11334215622982,7.11323239117984,109
"111",2013,12,6.85573770491803,61,7.11875,6.56551724137931,6,6.6625,6.92444444444444,32,29,15,16,45,5102,3224,1878,804,1565,3537,7.11018708545669,7.42912220843672,6.56266480830671,6.51786194029851,7.10873290734824,7.11083050890585,110
"112",2014,1,7.26487804878049,82,7.49224489795918,6.92727272727273,6.56363636363636,7.03076923076923,7.30898550724638,49,33,11,13,69,5184,3273,1911,815,1578,3606,7.11263397183642,7.43006721662084,6.56896102040816,6.51847975460123,7.10809062103929,7.11462216028841,111
"113",2014,2,7.08490566037736,53,7.48275862068965,6.60416666666667,6.34375,6.79166666666667,7.17073170731707,29,24,16,12,41,5237,3302,1935,831,1590,3647,7.11235335306474,7.43052998182919,6.56939767958656,6.51511552346571,7.10570251572327,7.11525295037017,112
"114",2014,3,7.21388888888889,54,7.46923076923077,6.55,6.33333333333333,7.63461538461539,7.08048780487805,39,15,9,13,41,5291,3341,1950,840,1603,3688,7.11338962577963,7.43098174199341,6.56924846666666,6.51316785714286,7.10999189020586,7.11486646149674,113
"115",2014,4,6.89911111111111,45,7.2,6.44777777777778,5.97777777777778,6.21428571428571,7.02526315789474,27,18,9,7,38,5336,3368,1968,849,1610,3726,7.11158255434783,7.42913004750594,6.56813745426829,6.50749234393404,7.10609751552795,7.11395263285024,114
"116",2014,5,7.004,50,7.33913043478261,6.71851851851852,6.65,7.40909090909091,6.88974358974359,23,27,20,11,39,5386,3391,1995,869,1621,3765,7.11058383030078,7.4285196107343,6.57017268671679,6.51077215189874,7.1081536088834,7.11163014873838,115
"117",2014,6,6.78918918918919,37,7.16,6.35294117647059,6.7,6.51538461538462,6.9375,20,17,10,13,24,5423,3411,2012,879,1634,3789,7.10839102157478,7.42694517736734,6.56833723161034,6.51292491467577,7.10343757649939,7.11052718659277,116
"118",2014,7,7.06477272727273,44,7.27962962962963,6.72352941176471,6.60833333333333,6.75555555555556,7.14428571428571,27,17,12,9,35,5467,3438,2029,891,1643,3824,7.10803996890434,7.42578824898197,6.5696375110892,6.51420987654321,7.10153195374315,7.11083616893305,117
"119",2014,8,7.075,30,7.19117647058824,6.92307692307692,7,6.62857142857143,7.21086956521739,17,13,6,7,23,5497,3455,2042,897,1650,3847,7.10785965253775,7.42463386396527,6.57188761508325,6.51745930880714,7.09952545454545,7.11143423706784,118
"120",2014,9,6.90606060606061,33,7.50666666666667,6.40555555555556,6.1875,6.8,6.925,15,18,8,5,28,5530,3470,2060,905,1655,3875,7.10665542676311,7.42498847262248,6.57043422815534,6.51454254143647,7.09862054380665,7.11008709935484,119
"121",2014,10,7.07959183673469,49,7.35166666666667,6.65,6.54545454545455,6.565,7.21153846153846,30,19,11,10,39,5579,3500,2079,916,1665,3914,7.10641772898369,7.42436,6.57116138047138,6.51491375545852,7.09541561561561,7.11109798415943,120
"122",2014,11,6.76309523809524,42,7.03260869565217,6.43684210526316,5.66666666666667,6.4,6.8765625,23,19,6,10,32,5621,3523,2098,922,1675,3946,7.10385243017257,7.42180244110133,6.56994495233555,6.50939370932755,7.09126388059701,7.10919602382159,121
"123",2014,12,6.775,48,6.9875,6.5625,6.57692307692308,6.92857142857143,6.71176470588235,24,24,13,14,34,5669,3547,2122,935,1689,3980,7.10106800317517,7.41886382858754,6.56986074929312,6.51033262032086,7.08991533451746,7.10580088190955,122
"124",2015,1,6.87340425531915,47,6.98333333333333,6.725,6.69230769230769,6.98461538461538,6.83088235294118,27,20,13,13,34,5716,3574,2142,948,1702,4014,7.09919603044087,7.41557358701735,6.57130929505135,6.51282805907173,7.08911104582844,7.1034722247135,123
"125",2015,2,6.93804347826087,46,7.39444444444444,6.28947368421053,5.66666666666667,6.18333333333333,7.12162162162162,27,19,9,9,37,5762,3601,2161,957,1711,4051,7.09790949496703,7.41541516245487,6.56883133271633,6.50487042842216,7.08434658094681,7.10363799308812,124
"126",2015,3,6.97065217391304,46,7.375,6.445,6.15,7.44444444444444,6.85540540540541,26,20,10,9,37,5808,3627,2181,967,1720,4088,7.09690160296144,7.41512544802867,6.56769578633654,6.5012006204757,7.08623081395349,7.10139126956947,125
"127",2015,4,6.50594594594595,37,7.24705882352941,5.876,5.7,6.43333333333333,6.52928571428571,17,20,12,9,28,5845,3644,2201,979,1729,4116,7.09316073738238,7.4143413830955,6.56141049977283,6.49137997957099,7.08283227299017,7.09749939504373,126
"128",2015,5,6.74078947368421,38,7.5575,5.83333333333333,5.625,6.67307692307692,6.776,20,18,8,13,25,5883,3664,2219,987,1742,4141,7.09088466938637,7.41512281659389,6.55550451104101,6.48435764944276,7.07977439724454,7.09555844240522,127
"129",2015,6,6.50344827586207,29,6.96153846153846,6.13125,7,5.8,6.65,13,16,4,5,24,5912,3677,2235,991,1747,4165,7.08800313092017,7.41351917323905,6.55246734228187,6.486438950555,7.07611161991986,7.09299099879952,128
"130",2015,7,6.97676470588235,34,7.22428571428571,6.57692307692308,7,6.84285714285714,7.01148148148148,21,13,5,7,27,5946,3698,2248,996,1754,4192,7.08736705516314,7.41244456462953,6.55260876779359,6.4890170682731,7.07518072976055,7.09246600906488,129
"131",2015,8,6.81290322580645,31,7.50666666666667,6.1625,6.575,6.6125,6.88260869565217,15,16,8,8,23,5977,3713,2264,1004,1762,4215,7.08594353521834,7.4128252087261,6.54985181537102,6.48970219123506,7.07308002270147,7.0913208801898,130
"132",2015,9,7.10547619047619,42,7.32518518518518,6.71,6.715,7.09375,7.10823529411765,27,15,10,8,34,6019,3740,2279,1014,1770,4249,7.08607983219804,7.41219251336898,6.55090588415971,6.49192406311637,7.07317344632768,7.09145622734761,131
"133",2015,10,6.78295454545455,44,7.26136363636364,6.30454545454545,5.90909090909091,7.01538461538462,6.68548387096774,22,22,11,13,31,6063,3762,2301,1025,1783,4280,7.08388001154544,7.41131047315258,6.5485504172099,6.48566926829269,7.07275210319686,7.08851577336449,132
"134",2015,11,6.5974358974359,39,7.39,5.76315789473684,4.71428571428571,5.84090909090909,6.89464285714286,20,19,7,11,28,6102,3782,2320,1032,1794,4308,7.08077097836775,7.41119777895293,6.54211832327586,6.47365406976744,7.06519899665552,7.08725568941504,133
"135",2015,12,6.80754385964912,57,7.22375,6.2748,6.03636363636364,6.73,6.82822222222222,32,25,11,12,45,6159,3814,2345,1043,1806,4353,7.07824232992369,7.40962506554798,6.53926844776119,6.46904218600192,7.06297176079734,7.08457787962325,134
"136",2016,1,6.8945652173913,46,7.09074074074074,6.61578947368421,6.43846153846154,6.1,7.03717948717949,27,19,13,7,39,6205,3841,2364,1056,1813,4392,7.07688066236906,7.4073834938818,6.539883464467,6.46866571969697,7.05925372311086,7.08415699225865,135
"137",2016,2,7.15714285714286,35,7.64117647058824,6.7,6.45,6.78571428571429,7.25,17,18,10,7,28,6240,3858,2382,1066,1820,4420,7.07733085096154,7.40841368584759,6.54109341309823,6.46849061913696,7.05820164835165,7.08520758144796,136
"138",2016,3,6.35384615384615,39,7.125,5.81739130434783,6.10769230769231,6,6.46,16,23,13,9,30,6279,3874,2405,1079,1829,4450,7.07283715719064,7.40724315952504,6.53417235343035,6.4641436515292,7.05299453253144,7.0809926988764,137
"139",2016,4,6.75833333333333,30,7.11666666666667,6.4,6.5,7.71428571428571,6.46739130434783,15,15,10,7,23,6309,3889,2420,1089,1836,4473,7.07134165636393,7.40612239650296,6.53334070661157,6.46447291092746,7.05551579520697,7.07783758327744,138
"140",2016,5,6.84868421052632,38,7.2,6.45833333333333,6.60416666666667,7.2,6.79545454545455,20,18,12,5,33,6347,3909,2438,1101,1841,4506,7.07000858830944,7.40506779227424,6.53278691960623,6.46599545867393,7.05590820206409,7.07576953173546,139
"141",2016,6,6.38461538461539,26,7.18181818181818,5.8,6,6.6,6.33333333333333,11,15,8,5,21,6373,3920,2453,1109,1846,4527,7.06721238192374,7.40444132653061,6.52830595597228,6.4626339044184,7.05467334777898,7.07232549370444,140
"142",2016,7,6.94428571428571,35,7.05263157894737,6.815625,6.75,6.8,6.96833333333333,19,16,7,5,30,6408,3939,2469,1116,1851,4557,7.06654096598003,7.40274435135821,6.53016788578371,6.46443637992832,7.05398541329011,7.07164088435374,141
"143",2016,8,6.84090909090909,22,7.42307692307692,6,5.9375,6.75,6.875,13,9,8,6,16,6430,3952,2478,1124,1857,4573,7.06576897511664,7.40281123481781,6.52824233656174,6.4606859430605,7.05300323101777,7.07095287776077,142
"144",2016,9,6.95192307692308,26,7.30357142857143,6.54166666666667,6.44444444444444,6.5,7.11842105263158,14,12,9,7,19,6456,3966,2490,1133,1864,4592,7.06531048791822,7.40246091780131,6.52830703212851,6.46055692850839,7.05092650214592,7.07114928353659,143
"145",2016,10,6.72096774193548,31,7.0425,6.13636363636364,6.21428571428571,6.84375,6.67826086956522,20,11,7,8,23,6487,3986,2501,1140,1872,4615,7.06366494681671,7.4006547917712,6.5265831707317,6.45904473684211,7.05004113247863,7.06919122643554,144
"146",2016,11,6.47872340425532,47,6.88461538461539,5.97619047619048,6.1,6.2,6.51190476190476,26,21,10,5,42,6534,4012,2522,1150,1877,4657,7.05945737832875,7.39731056829511,6.52200020222045,6.45592260869565,7.04777677144379,7.06416523727722,145
"147",2016,12,6.36486486486486,37,7.28571428571429,5.15625,5.6,7.38888888888889,6.03571428571429,21,16,5,9,28,6571,4033,2538,1155,1886,4685,7.05554626540862,7.39672948177535,6.51339027186761,6.45221731601732,7.04940455991516,7.05801867876201,146
"148",2017,1,6.3646875,32,6.75538461538462,6.09736842105263,6.16666666666667,5.92857142857143,6.4868,13,19,6,7,25,6603,4046,2557,1161,1893,4710,7.05219816901409,7.39466880869995,6.51029898709425,6.45074160206718,7.04525990491284,7.05498673248408,147
"149",2017,2,6.68939393939394,33,6.96,6.27307692307692,6.15,6.75,6.68548387096774,20,13,5,2,31,6636,4066,2570,1166,1895,4741,7.05039398884871,7.39253074274471,6.5090990311284,6.44945197255575,7.04494828496042,7.05257066230753,148
"150",2017,3,6.69583333333333,24,7.38235294117647,5.02857142857143,4.75,6.5,6.76111111111111,17,7,4,6,18,6660,4083,2577,1170,1901,4759,7.0491162927928,7.39248836639726,6.50507741948001,6.44364188034188,7.04322830089427,7.05146827274637,149
"151",2017,4,7.05652173913044,23,7.39285714285714,6.53333333333333,6.5,6.83333333333333,7.09,14,9,4,3,20,6683,4097,2586,1174,1904,4779,7.04914177914111,7.39248962655602,6.5051757579273,6.44383390119251,7.04289758403361,7.05162952709772,150
"152",2017,5,6.97321428571429,28,7.32894736842105,6.22222222222222,5.83333333333333,6.83333333333333,7.01136363636364,19,9,6,6,22,6711,4116,2595,1180,1910,4801,7.04882499031441,7.39219630709426,6.50419441618497,6.44072966101695,7.04223926701571,7.05144501353885,151
"153",2017,6,6.57448275862069,29,7.01470588235294,5.95083333333333,5.25,7.20833333333333,6.40913043478261,17,12,4,6,23,6740,4133,2607,1184,1916,4824,7.04678405192879,7.39064360029034,6.50164729957805,6.43670692567568,7.04275939457202,7.04838256840796,152
"154",2017,7,6.37763157894737,38,6.92368421052632,5.83157894736842,5.66666666666667,5.13888888888889,6.76206896551724,19,19,9,9,29,6778,4152,2626,1193,1925,4853,7.04303253319564,7.38850674373796,6.49679912795125,6.43089773679799,7.03385818181818,7.04667164846487,153
"155",2017,8,7.18888888888889,27,7.58,6.07142857142857,6.16666666666667,7.74,6.86470588235294,20,7,3,10,17,6805,4172,2633,1196,1935,4870,7.04361124320353,7.38942473633749,6.4956682529434,6.43023494983278,7.03750749354005,7.04603644969199,154
"156",2017,9,6.74230769230769,26,7.33846153846154,6.14615384615385,5.99,7.28,6.61428571428571,13,13,10,5,21,6831,4185,2646,1206,1940,4891,7.04246442834139,7.38926642771804,6.49395106198034,6.42658457711443,7.0381324742268,7.04418268452259,155
"157",2017,10,6.98214285714286,28,7.30769230769231,6.7,6.5,7,6.98,13,15,6,3,25,6859,4198,2661,1212,1943,4916,7.04221818195073,7.3890138161029,6.49511255543028,6.42694801980198,7.03807359752959,7.04385628763222,156
"158",2017,11,7.31304347826087,23,7.52941176470588,6.7,6.75,8.25,7.11578947368421,17,6,4,4,19,6882,4215,2667,1216,1947,4935,7.04312329410056,7.38958007117438,6.49557349456317,6.42801069078947,7.04056343091936,7.04413323404255,157
"159",2017,12,6.87941176470588,34,7.21052631578947,6.46,6.74,7.42857142857143,6.495,19,15,10,14,20,6916,4234,2682,1226,1961,4955,7.04231846587623,7.3887765706188,6.49537453765846,6.43055546492659,7.04333350331463,7.04191675277497,158
"160",2018,1,6.58213513513514,37,6.92778260869565,6.01428571428571,6.1,7.75,6.44057575757576,23,14,5,4,33,6953,4257,2696,1231,1965,4988,7.0398696260607,7.38628588207658,6.49287630192878,6.42921283509342,7.04477201017812,7.03793835404972,159
"161",2018,2,6.644,25,7.21428571428571,5.91818181818182,5.87142857142857,6.2,6.755,14,11,7,5,20,6978,4271,2707,1238,1970,5008,7.03845134852394,7.38572207913837,6.49054100849649,6.42605896607431,7.04262791878172,7.03680840854632,160
"162",2018,3,6.602,25,7.53928571428571,5.40909090909091,5.5,5.95,6.765,14,11,5,5,20,7003,4285,2718,1243,1975,5028,7.03689326145938,7.38622380396733,6.48616427888153,6.42233386967015,7.0398617721519,7.03572722951472,161
"163",2018,4,6.80769230769231,26,7,6.58333333333333,6.92857142857143,6.83333333333333,6.8,14,12,7,6,20,7029,4299,2730,1250,1981,5048,7.03604545596814,7.38496603861363,6.48659139560439,6.4251688,7.03923624432105,7.03479328645008,162
"164",2018,5,6.612,25,7.05333333333333,5.95,5.83333333333333,8,6.42272727272727,15,10,3,3,22,7054,4314,2740,1253,1984,5070,7.03454260136093,7.38381293463143,6.48463303284671,6.42375179569034,7.04068901209677,7.03213737869822,163
"165",2018,6,7.22964285714286,14,7.776875,6.5,5.75,8,7.01954545454545,8,6,2,3,11,7068,4322,2746,1255,1987,5081,7.03492904782117,7.38454049051365,6.48466660961398,6.4226780876494,7.04213739305485,7.03211011808699,164
"166",2018,7,7.13888888888889,18,6.95,7.375,7,7.83333333333333,7,10,8,2,3,15,7086,4332,2754,1257,1990,5096,7.03519312870449,7.38353739612188,6.48725290849673,6.42359665871122,7.04333015075377,7.03201560243328,165
"167",2018,8,6.672,25,6.99333333333333,6.19,5.8,7.63333333333333,6.54090909090909,15,10,2,3,22,7111,4347,2764,1259,1993,5118,7.03391625791028,7.38219093627789,6.48617746382055,6.42260603653694,7.04421826392373,7.02990455451348,166
"168",2018,9,6.73684210526316,19,7.19230769230769,5.75,6,6.66666666666667,6.75,13,6,1,3,16,7130,4360,2770,1260,1996,5134,7.03312461570828,7.3816247706422,6.48458285559566,6.42227063492064,7.0436508016032,7.02903223802104,167
"169",2018,10,6.52307692307692,26,6.97333333333333,5.90909090909091,6.1,6.31,6.65625,15,11,6,10,16,7156,4375,2781,1266,2006,5150,7.03127145192845,7.38022491428571,6.48230654800431,6.42074328593997,7.03999351944167,7.02787407961165,168
"170",2018,11,6.70363636363636,22,7.20666666666667,6.1,6.26,6.375,6.77666666666667,12,10,5,4,18,7178,4387,2791,1271,2010,5168,7.03026727640012,7.37975017095965,6.4809367646005,6.42011093627065,7.03867014925373,7.02699913119195,169
"171",2018,12,6.94095238095238,21,7.31333333333333,6.44444444444444,6.58333333333333,7.23333333333333,6.72166666666667,12,9,6,9,12,7199,4399,2800,1277,2019,5180,7.0300067384359,7.37956899295294,6.48081946785714,6.42087783868442,7.03953789004458,7.0262917972973,170
"172",2019,1,6.49545454545455,33,6.74285714285714,6.0625,5.25,6.61111111111111,6.45208333333333,21,12,5,9,24,7232,4420,2812,1282,2028,5204,7.02756754839602,7.37654389140271,6.47903432076813,6.4163112324493,7.0376365877712,7.02364364142967,171
"173",2019,2,6.8047619047619,21,7,6.54444444444444,6.65,6.35,6.91176470588235,12,9,6,4,17,7253,4432,2821,1288,2032,5221,7.02692244726321,7.37552436823104,6.47924300248139,6.4173998447205,7.03628297244094,7.02327935452978,172
"174",2019,3,6.81666666666667,27,7.405,6.47058823529412,6.44444444444444,6.33333333333333,6.9547619047619,10,17,9,6,21,7280,4442,2838,1297,2038,5242,7.02614265247253,7.37559072489869,6.47919115926709,6.41758750963763,7.03421344455348,7.02300486646318,173
"175",2019,4,7,23,7.78571428571429,5.77777777777778,6,7.16666666666667,6.94117647058824,14,9,4,6,17,7303,4456,2847,1301,2044,5259,7.02606031904697,7.37687926391382,6.47697383561643,6.41630361260569,7.03460225048924,7.02274035177791,174
"176",2019,5,7.12,20,7.56923076923077,6.28571428571429,6.33333333333333,7.8,6.89333333333333,13,7,3,5,15,7323,4469,2854,1304,2049,5274,7.02631687969412,7.37743880062653,6.47650473370707,6.41611273006135,7.03646998535871,7.02237229996208,175
"177",2019,6,7.04761904761905,21,7.36666666666667,6.25,6.5,7.58333333333333,6.83333333333333,15,6,3,6,15,7344,4484,2860,1307,2055,5289,7.026377792756,7.37740276538804,6.47602954895105,6.4163052792655,7.03806666666667,7.02183617129892,176
"178",2019,7,6.8525,20,7.09285714285714,6.29166666666667,5.375,6.875,6.85,14,6,2,2,18,7364,4498,2866,1309,2057,5307,7.02590555540468,7.37651711871943,6.47564358339148,6.41471428571429,7.03790811861935,7.02125334652346,177
"179",2019,8,6.93529411764706,17,7.05454545454545,6.71666666666667,5.25,8,6.86875,11,6,2,1,16,7381,4509,2872,1311,2058,5323,7.02569685814931,7.37573164781548,6.47614711350975,6.41293745232647,7.03837560738581,7.02079494833741,178
"180",2019,9,6.751,20,7.00133333333333,6,6.25,6,6.88352941176471,15,5,4,3,17,7401,4524,2877,1315,2061,5340,7.02495453452237,7.37449027409372,6.47531960722975,6.41244182509506,7.0368641436196,7.02035796067416,179
"181",2019,10,6.71666666666667,24,6.69230769230769,6.74545454545455,6.57142857142857,7.25,6.66818181818182,13,11,7,2,22,7425,4537,2888,1322,2063,5362,7.02395804848485,7.37253559620894,6.47634851454293,6.41328366111952,7.03707077072225,7.01891300074599,180
"182",2019,11,6.8304347826087,23,7.07333333333333,6.375,4.75,7.375,6.71578947368421,15,8,2,4,19,7448,4552,2896,1324,2067,5381,7.02336043367347,7.37154964850615,6.47606854627071,6.41077114803626,7.03772472181906,7.01784268909125,181
"183",2019,12,6.5375,20,6.77083333333333,6.1875,5.9,6.25,6.609375,12,8,5,4,16,7468,4564,2904,1329,2071,5397,7.02205925415105,7.36997020157756,6.47527359159779,6.40884951091046,7.03620328343795,7.01663174170836,182
"184",2020,1,6.5995,30,6.46368421052632,6.83409090909091,7.04375,7.16875,6.51192307692308,19,11,4,4,26,7498,4583,2915,1333,2075,5423,7.02036856628435,7.36621296094261,6.47662761921097,6.41075468867217,7.03645879518072,7.01421196938964,183
"185",2020,2,6.43870967741935,31,7.3,5.63125,5.35714285714286,7.66666666666667,6.30714285714286,15,16,7,3,28,7529,4598,2931,1340,2078,5451,7.01797363660513,7.36599695519791,6.47201279767997,6.40525074626866,7.03736862367661,7.01057998715832,184
"186",2020,3,6.45555555555556,18,6.88181818181818,5.78571428571429,6,7,6.3875,11,7,3,2,16,7547,4609,2938,1343,2080,5467,7.01663223930039,7.36484139726621,6.47037764125255,6.40434549516009,7.03733269230769,7.00875644960673,185
"187",2020,4,7.25,13,7.38636363636364,6.5,NA,7.5,7.20454545454545,11,2,0,2,11,7560,4620,2940,1343,2082,5478,7.01703353306879,7.36489264069264,6.470397792517,6.40434549516009,7.03777713736791,7.00914960021906,186
"188",2020,5,6.05588235294118,17,6.445,5.5,5.25,8.06666666666667,5.625,10,7,4,3,14,7577,4630,2947,1347,2085,5492,7.01487706348159,7.36290583153347,6.46809280963692,6.40091759465479,7.03925755395683,7.0056211780772,187
"189",2020,6,7.02272727272727,22,7.39285714285714,6.375,6,5.875,7.27777777777778,14,8,5,4,18,7599,4644,2955,1352,2089,5510,7.01489979076195,7.362996124031,6.46784078172588,6.39943491124261,7.03702824317855,7.00651025589837,188
"190",2020,7,7.37058823529412,17,7.75384615384615,6.125,6.25,7.66666666666667,7.30714285714286,13,4,2,3,14,7616,4657,2959,1354,2092,5524,7.01569373818278,7.36408718058836,6.46737732679959,6.3992141802068,7.03793116634799,7.00727217776973,189
"191",2020,8,7.23333333333333,18,7.59,6.7875,7.75,9,7.12941176470588,10,8,2,1,17,7634,4667,2967,1356,2093,5541,7.01620690463715,7.36457124491107,6.46824048196831,6.40120648967552,7.03886860965122,7.00764690669554,190
"192",2020,9,6.58125,16,7.33333333333333,5.61428571428571,6.325,5.1,6.92307692307692,9,7,4,3,13,7650,4676,2974,1360,2096,5554,7.01529719084968,7.36451112061591,6.46623050100874,6.40098235294118,7.03609351145038,7.0074489575081,191
"193",2020,10,7.10565217391304,23,7.24818181818182,6.975,6.75,7.125,7.10157894736842,11,12,4,4,19,7673,4687,2986,1364,2100,5573,7.01556803206048,7.3642381053979,6.46827512056262,6.40200586510264,7.03626285714286,7.0077698743944,192
"194",2020,11,6.95238095238095,21,7.23333333333333,6.25,6.16666666666667,8,6.9,15,6,3,1,20,7694,4702,2992,1367,2101,5593,7.01539556927476,7.36382050191407,6.46783740307486,6.40148939283102,7.03672156116135,7.00738450026819,193
"195",2020,12,6.70588235294118,17,7.03846153846154,5.625,5.5,6.83333333333333,6.67857142857143,13,4,3,3,14,7711,4715,2996,1370,2104,5607,7.01471320321619,7.36292343584305,6.46671211949265,6.39951532846715,7.03643155893536,7.00656349384698,194
"196",2021,1,6.6974358974359,39,7.10384615384615,5.88461538461539,5.6875,6,6.8,26,13,8,5,34,7750,4741,3009,1378,2109,5641,7.01311658193549,7.36150263657456,6.46419724493187,6.395381712627,7.03397439544808,7.00531847367488,195
"197",2021,2,6.84310344827586,29,7.41071428571429,6.31333333333333,5.675,7.9,6.62291666666667,14,15,4,5,24,7779,4755,3024,1382,2114,5665,7.01248277542101,7.36164752891692,6.46344891203703,6.39329667149059,7.03602270577105,7.00369841306266,196
"198",2021,3,6.93035294117647,17,7.46933333333333,6.63636363636364,7,7.958,6.79333333333333,6,11,3,2,15,7796,4761,3035,1385,2116,5680,7.01230368265778,7.36178323881537,6.46407562108731,6.39461083032491,7.03689413988658,7.00314287147887,197
"199",2021,4,6.38235294117647,17,6.77777777777778,5.9375,6.375,7.25,6.26666666666667,9,8,4,2,15,7813,4770,3043,1389,2118,5695,7.01093299756816,7.36068134171907,6.46269126191258,6.39455435565155,7.03709537299339,7.00120307462686,198
"200",2021,5,6.28636363636364,22,6.40833333333333,6.14,6.48571428571429,6.3,6.28421052631579,12,10,7,3,19,7835,4782,3053,1396,2121,5714,7.0088984696873,7.35829150982852,6.46163429741238,6.39501146131805,7.03605280528053,6.99881895519776,199
"201",2021,6,6.79411764705882,17,7.04545454545455,6.33333333333333,6,6.66666666666667,6.82142857142857,11,6,2,3,14,7852,4793,3059,1398,2124,5728,7.00843345771778,7.35757354475276,6.46138264465511,6.39444635193133,7.03553107344633,6.99838538931564,200
"202",2021,7,7.11818181818182,11,7.25555555555556,6.5,7,7.33333333333333,7.0375,9,2,1,3,8,7863,4802,3061,1399,2127,5736,7.00858699097037,7.35738234069137,6.46140787651094,6.39487919942816,7.0359511048425,6.99843994246862,201
"203",2021,8,6.63888888888889,18,6.71428571428571,6.375,6.25,6,6.76666666666667,14,4,2,3,15,7881,4816,3065,1401,2130,5751,7.00774261007487,7.35551287375415,6.46129510929853,6.39467237687366,7.03449201877934,6.9978354216658,202
"204",2021,9,6.66666666666667,9,7.2,6,6.5,6.5,6.71428571428571,5,4,2,2,7,7890,4821,3069,1403,2132,5758,7.00735355006337,7.35535158680771,6.46069387748452,6.39482252316465,7.03399061913696,6.99749071031608,203
"205",2021,10,6.34181818181818,22,7.15,5.372,4,6.63333333333333,6.2325,12,10,3,6,16,7912,4833,3079,1406,2138,5774,7.0055029714358,7.3548417132216,6.45715800909386,6.38971266002845,7.03286623012161,6.99537088846554,204
"206",2021,11,6.67071428571429,28,7.11875,6.07333333333333,5.9475,5.85428571428571,6.94285714285714,16,12,8,7,21,7940,4849,3091,1414,2145,5795,7.00432235642318,7.35406269333883,6.45566791006147,6.38721074964639,7.02902004662004,6.99518058843831,205
"207",2021,12,6.48928571428571,28,6.95555555555556,5.65,6.6,5.55,6.64583333333333,18,10,5,4,24,7968,4867,3101,1419,2149,5819,7.00251248870482,7.35258886377645,6.45306981941309,6.38796053558844,7.0262671009772,6.99373973363121,206
"208",2022,1,6.6125,24,7.44,6.02142857142857,5.25,7.5,6.48571428571429,10,14,4,3,21,7992,4877,3115,1423,2152,5840,7.00134128003003,7.35276809514045,6.45112985874799,6.38476177090654,7.02692750929368,6.99191292979452,207
"209",2022,2,6.23666666666667,30,6.29473684210526,6.13636363636364,6.3,5.83333333333333,6.28148148148148,19,11,5,3,27,8022,4896,3126,1428,2155,5867,6.99848161431065,7.34866217320261,6.45002223608445,6.3844649859944,7.02526589327146,6.98864351627748,208
"210",2022,3,6.54058823529412,17,7.5,4.238,NA,6.4225,6.57692307692308,12,5,0,4,13,8039,4908,3131,1428,2159,5880,6.99751331135714,7.34903219233903,6.44648978281699,6.3844649859944,7.02414914312181,6.98773325,209
"211",2022,4,6.72307692307692,13,7.26666666666667,5.5,NA,5,6.86666666666667,9,4,0,1,12,8052,4917,3135,1428,2160,5892,6.99707023224044,7.34888143176733,6.44528214035087,6.3844649859944,7.02321203703703,6.98748667854718,210
"212",2022,5,7.23684210526316,19,7.29411764705882,6.75,NA,7.16666666666667,7.25,17,2,0,3,16,8071,4934,3137,1428,2163,5908,6.99763468095651,7.34869274422375,6.44547641377112,6.3844649859944,7.02341100323624,6.98819761509817,211
"213",2022,6,7.47140625,16,7.46480769230769,7.5,NA,7.77125,7.42857142857143,13,3,0,2,14,8087,4947,3140,1428,2165,5922,6.99857203041919,7.34899787750151,6.44648392038216,6.3844649859944,7.02410184757506,6.98923868794326,212
"214",2022,7,7.1175,20,7.25666666666667,6.7,7,7.5,6.95357142857143,15,5,1,6,14,8107,4962,3145,1429,2171,5936,6.99886542617491,7.34871876259572,6.44688696661367,6.38489573128062,7.02541708889912,6.98915456704852,213
"215",2022,8,7.153125,16,7.02777777777778,7.31428571428571,7.85,6.25,7.36153846153846,9,7,2,3,13,8123,4971,3152,1431,2174,5949,6.99916927366737,7.34813769865218,6.44881329631979,6.38694339622642,7.02434705611775,6.98996831568331,214
"216",2022,9,7.14,20,7.57142857142857,6.13333333333333,NA,7.575,7.03125,14,6,0,4,16,8143,4985,3158,1431,2178,5965,6.99951516762864,7.34876479438315,6.44821390436985,6.38694339622642,7.02535835629017,6.99007904610226,215
"217",2022,10,6.77294117647059,17,6.94625,4,NA,6.96,6.695,16,1,0,5,12,8160,5001,3159,1431,2183,5977,6.99904313848039,7.34747700459908,6.44743890788224,6.38694339622642,7.02520865781035,6.98948661703195,216
"218",2022,11,6.75722222222222,18,7.413,5.9375,5,8,6.68411764705882,10,8,3,1,17,8178,5011,3167,1434,2184,5994,6.99851088407924,7.34760776292157,6.44615077676034,6.38404184100419,7.02565499084249,6.9886205388722,217
"219",2022,12,6.5125,24,6.93333333333333,5.81111111111111,5.26666666666667,4.25,6.71818181818182,15,9,3,2,22,8202,5026,3176,1437,2186,6016,6.99708876005853,7.34637136888181,6.44435123110831,6.38170911621434,7.02311550777676,6.9876315674867,218
