"","year","month","avg_rating","no_ratings","avg_rating_owned","avg_rating_not_owned","avg_rating_prev_owned","avg_rating_comment","avg_rating_no_comment","no_ratings_owned","no_ratings_not_owned","no_ratings_prev_owned","no_ratings_comment","no_ratings_no_comment","cum_no_ratings","cum_no_ratings_owned","cum_no_ratings_not_owned","cum_no_ratings_prev_owned","cum_no_ratings_comment","cum_no_ratings_no_comment","cum_avg_rating","cum_avg_rating_owned","cum_avg_rating_not_owned","cum_avg_rating_prev_owned","cum_avg_rating_comment","cum_avg_rating_no_comment","month_after_release"
"1",2001,5,7,2,7,NA,NA,7,NA,2,0,0,2,0,2,2,0,0,2,0,7,7,NA,NA,7,NA,0
"2",2001,6,7.73333333333333,3,8.1,7,NA,NA,7.73333333333333,2,1,0,0,3,5,4,1,0,2,3,7.44,7.55,7,NA,7,7.73333333333333,1
"3",2001,7,6.5,2,7,6,NA,NA,6.5,1,1,0,0,2,7,5,2,0,2,5,7.17142857142857,7.44,6.5,NA,7,7.24,2
"4",2001,8,6.5,4,6.5,6.5,7,7,6.33333333333333,2,2,1,1,3,11,7,4,1,3,8,6.92727272727273,7.17142857142857,6.5,7,7,6.9,3
"5",2001,9,6.5,2,6.5,NA,NA,NA,6.5,2,0,0,0,2,13,9,4,1,3,10,6.86153846153846,7.02222222222222,6.5,7,7,6.82,4
"6",2001,10,8.5,2,8.5,NA,NA,NA,8.5,2,0,0,0,2,15,11,4,1,3,12,7.08,7.29090909090909,6.5,7,7,7.1,5
"7",2001,11,7.2,5,7.5,6,NA,NA,7.2,4,1,0,0,5,20,15,5,1,3,17,7.11,7.34666666666667,6.4,7,7,7.12941176470588,6
"8",2001,12,7.8,5,8,7,NA,9,7.5,4,1,0,1,4,25,19,6,1,4,21,7.248,7.48421052631579,6.5,7,7.5,7.2,7
"9",2002,1,7,1,7,NA,NA,NA,7,1,0,0,0,1,26,20,6,1,4,22,7.23846153846154,7.46,6.5,7,7.5,7.19090909090909,8
"10",2002,3,7.5,4,7.5,NA,NA,NA,7.5,4,0,0,0,4,30,24,6,1,4,26,7.27333333333333,7.46666666666667,6.5,7,7.5,7.23846153846154,10
"11",2002,4,6,2,6,NA,NA,5,7,2,0,0,1,1,32,26,6,1,5,27,7.19375,7.35384615384615,6.5,7,7,7.22962962962963,11
"12",2002,5,5.28571428571429,7,6.5,3.66666666666667,NA,NA,5.28571428571429,4,3,0,0,7,39,30,9,1,5,34,6.85128205128205,7.24,5.55555555555556,7,7,6.82941176470588,12
"13",2002,6,6.9,5,7,6.5,NA,NA,6.9,4,1,0,0,5,44,34,10,1,5,39,6.85681818181818,7.21176470588235,5.65,7,7,6.83846153846154,13
"14",2002,7,6.75,4,6.66666666666667,7,NA,NA,6.75,3,1,0,0,4,48,37,11,1,5,43,6.84791666666667,7.16756756756757,5.77272727272727,7,7,6.83023255813953,14
"15",2002,8,7.33333333333333,9,7.5,6,NA,8,7.25,8,1,0,1,8,57,45,12,1,6,51,6.92456140350877,7.22666666666667,5.79166666666667,7,7.16666666666667,6.89607843137255,15
"16",2002,9,6.8,5,6.5,8,NA,6,7,4,1,0,1,4,62,49,13,1,7,55,6.91451612903226,7.16734693877551,5.96153846153846,7,7,6.90363636363636,16
"17",2002,10,7.5,4,8,6,6,NA,7.5,3,1,1,0,4,66,52,14,2,7,59,6.95,7.21538461538462,5.96428571428571,6.5,7,6.94406779661017,17
"18",2002,11,6.75,4,7,6,NA,6.5,6.83333333333333,3,1,0,1,3,70,55,15,2,8,62,6.93857142857143,7.20363636363636,5.96666666666667,6.5,6.9375,6.93870967741935,18
"19",2002,12,7.28571428571429,7,7.5,7,NA,8,7.16666666666667,4,3,0,1,6,77,59,18,2,9,68,6.97012987012987,7.22372881355932,6.13888888888889,6.5,7.05555555555556,6.95882352941176,19
"20",2003,1,6.16666666666667,6,6,6.33333333333333,6,NA,6.16666666666667,3,3,1,0,6,83,62,21,3,9,74,6.91204819277108,7.16451612903226,6.16666666666667,6.33333333333333,7.05555555555556,6.89459459459459,20
"21",2003,2,7.25,4,7.25,NA,NA,NA,7.25,4,0,0,0,4,87,66,21,3,9,78,6.92758620689655,7.16969696969697,6.16666666666667,6.33333333333333,7.05555555555556,6.91282051282051,21
"22",2003,3,7.66666666666667,6,8,7,7,7.5,7.75,4,2,1,2,4,93,70,23,4,11,82,6.9752688172043,7.21714285714286,6.23913043478261,6.5,7.13636363636364,6.95365853658537,22
"23",2003,4,8,9,7.9375,8.5,NA,7,8.125,8,1,0,1,8,102,78,24,4,12,90,7.0656862745098,7.29102564102564,6.33333333333333,6.5,7.125,7.05777777777778,23
"24",2003,5,6.71875,16,6.96153846153846,5.66666666666667,NA,6.28571428571429,7.05555555555556,13,3,0,7,9,118,91,27,4,19,99,7.01864406779661,7.24395604395604,6.25925925925926,6.5,6.81578947368421,7.05757575757576,24
"25",2003,6,6.8,10,7.6,6,NA,6,7.14285714285714,5,5,0,3,7,128,96,32,4,22,106,7.0015625,7.2625,6.21875,6.5,6.70454545454545,7.06320754716981,25
"26",2003,7,6.59677419354839,31,6.92105263157895,6.08333333333333,NA,7.33333333333333,6.42,19,12,0,6,25,159,115,44,4,28,131,6.92264150943396,7.20608695652174,6.18181818181818,6.5,6.83928571428571,6.94045801526718,26
"27",2003,8,7.1,20,7.25,6.875,9,7.33333333333333,7,12,8,1,6,14,179,127,52,5,34,145,6.94245810055866,7.21023622047244,6.28846153846154,7,6.92647058823529,6.94620689655172,27
"28",2003,9,6.15384615384615,13,6.75,5.2,7,7,6,8,5,1,2,11,192,135,57,6,36,156,6.8890625,7.18296296296296,6.19298245614035,7,6.93055555555556,6.87948717948718,28
"29",2003,10,7.23076923076923,13,7.77777777777778,6,NA,7,7.375,9,4,0,5,8,205,144,61,6,41,164,6.91073170731707,7.22013888888889,6.18032786885246,7,6.9390243902439,6.90365853658537,29
"30",2003,11,6.25,4,7,6,NA,6.25,NA,1,3,0,4,0,209,145,64,6,45,164,6.89808612440191,7.21862068965517,6.171875,7,6.87777777777778,6.90365853658537,30
"31",2003,12,6.4,10,7.33333333333333,5,2,4,7,6,4,1,2,8,219,151,68,7,47,172,6.87534246575343,7.22317880794702,6.10294117647059,6.28571428571429,6.75531914893617,6.90813953488372,31
"32",2004,1,7.42307692307692,13,7.45,7.33333333333333,7,7.5,7.375,10,3,1,5,8,232,161,71,8,52,180,6.90603448275862,7.23726708074534,6.15492957746479,6.375,6.82692307692308,6.92888888888889,32
"33",2004,2,6.475,20,6.40625,6.75,7,7,6.25,16,4,1,6,14,252,177,75,9,58,194,6.8718253968254,7.16214689265537,6.18666666666667,6.44444444444444,6.8448275862069,6.8798969072165,33
"34",2004,3,6.90909090909091,22,6.75,7.1,7,7.5,6.6875,12,10,3,6,16,274,189,85,12,64,210,6.87481751824818,7.13597883597884,6.29411764705882,6.58333333333333,6.90625,6.8652380952381,34
"35",2004,4,6.86842105263158,19,7.7,3.75,6,7.38461538461539,5.75,15,4,1,13,6,293,204,89,13,77,216,6.87440273037543,7.17745098039216,6.17977528089888,6.53846153846154,6.98701298701299,6.83425925925926,35
"36",2004,5,6.45454545454545,11,6.5,6.33333333333333,NA,6.33333333333333,6.5,8,3,0,3,8,304,212,92,13,80,224,6.85921052631579,7.15188679245283,6.18478260869565,6.53846153846154,6.9625,6.82232142857143,36
"37",2004,6,6.61111111111111,18,7.18181818181818,5.71428571428571,7,6.22222222222222,7,11,7,1,9,9,322,223,99,14,89,233,6.84534161490683,7.15336322869955,6.15151515151515,6.57142857142857,6.8876404494382,6.82918454935622,37
"38",2004,7,7.25,15,7.19642857142857,8,NA,7.42857142857143,7.09375,14,1,0,7,8,337,237,100,14,96,241,6.863353115727,7.15590717299578,6.17,6.57142857142857,6.92708333333333,6.83796680497925,38
"39",2004,8,7.5,8,7.66666666666667,7,NA,7.25,7.75,6,2,0,4,4,345,243,102,14,100,245,6.87811594202898,7.16851851851852,6.18627450980392,6.57142857142857,6.94,6.85285714285714,39
"40",2004,9,7,20,7.42857142857143,6,7,7,7,14,6,1,6,14,365,257,108,15,106,259,6.88479452054794,7.18268482490272,6.17592592592593,6.6,6.94339622641509,6.86081081081081,40
"41",2004,10,6.86842105263158,19,7.4,6.27777777777778,6.75,6.42857142857143,7.125,10,9,4,7,12,384,267,117,19,113,271,6.883984375,7.19082397003745,6.18376068376068,6.63157894736842,6.91150442477876,6.87250922509225,41
"42",2004,11,6.69642857142857,28,6.83333333333333,6.28571428571429,8,6.76666666666667,6.61538461538461,21,7,1,15,13,412,288,124,20,128,284,6.87123786407767,7.16475694444444,6.18951612903226,6.7,6.89453125,6.86073943661972,42
"43",2004,12,6.97530863636364,22,7.17,5.028395,6.5,7.07142857142857,6.93045266666667,20,2,1,7,15,434,308,126,21,135,299,6.87651334101383,7.1650974025974,6.17108563492063,6.69047619047619,6.9037037037037,6.86423675585284,43
"44",2005,1,7.05,20,7.5,6.6,7,7,7.08333333333333,10,10,1,8,12,454,318,136,22,143,311,6.88415592511013,7.17562893081761,6.20262345588235,6.70454545454545,6.90909090909091,6.87269064308682,44
"45",2005,2,6.46923076923077,26,6.53809523809524,6.18,NA,6.55384615384615,6.38461538461539,21,5,0,13,13,480,339,141,22,156,324,6.8616808125,7.13613569321534,6.20182120567376,6.70454545454545,6.87948717948718,6.85310737654321,45
"46",2005,3,6.69078947368421,19,6.72321428571429,6.6,6,6.75,6.66346153846154,14,5,1,6,13,499,353,146,23,162,337,6.85517392785571,7.11975920679887,6.21545746575342,6.67391304347826,6.87469135802469,6.84579166172107,46
"47",2005,4,7.07692307692308,13,7.75,6,NA,6.66666666666667,7.2,8,5,0,3,10,512,361,151,23,165,347,6.86080427734375,7.13372576177285,6.20832311258278,6.67391304347826,6.87090909090909,6.85599939481268,47
"48",2005,5,6.675,20,6.83333333333333,6.4375,6.5,6.94444444444444,6.45454545454545,12,8,2,9,11,532,373,159,25,174,358,6.85381915413534,7.12406166219839,6.21985402515723,6.66,6.87471264367816,6.84366421787709,48
"49",2005,6,6.515,20,6.7,6.33,7.4,5.5,7.34545454545455,10,10,2,9,11,552,383,169,27,183,369,6.84154309782609,7.11298955613577,6.22637153846154,6.71481481481482,6.80710382513661,6.85862273712737,49
"50",2005,7,6.45833333333333,12,6.59090909090909,5,NA,5.125,7.125,11,1,0,4,8,564,394,170,27,187,377,6.83338969858156,7.09841370558376,6.2191575882353,6.71481481481482,6.77112299465241,6.86427530503979,50
"51",2005,8,6.29545454545455,11,6.59375,5.5,5.5,5.6,6.875,8,3,1,5,6,575,402,173,28,192,383,6.82309876521739,7.08837064676617,6.20668664739885,6.67142857142857,6.740625,6.86444331592689,51
"52",2005,9,6.25384615384615,13,6.94444444444444,4.7,4.6,6.3,6.225,9,4,3,5,8,588,411,177,31,197,391,6.81051324829932,7.08521897810219,6.17263723163842,6.47096774193548,6.72944162436548,6.85136007672634,52
"53",2005,10,6.75,20,7.23076923076923,5.85714285714286,7,6.40909090909091,7.16666666666667,13,7,1,11,9,608,424,184,32,208,400,6.80852268092105,7.08968160377359,6.16063472826087,6.4875,6.7125,6.858454475,53
"54",2005,11,6.76190476190476,21,6.71428571428571,6.85714285714286,8,6.33333333333333,7.08333333333333,14,7,1,9,12,629,438,191,33,217,412,6.80696627980922,7.07768264840183,6.18616120418848,6.53333333333333,6.69677419354839,6.8650043446602,54
"55",2005,12,6.6,25,6.69230769230769,6.5,7.5,6.5,6.63888888888889,13,12,1,7,18,654,451,203,34,224,430,6.79905472477064,7.06657427937916,6.20471325123153,6.56176470588235,6.690625,6.85553904651163,55
"56",2006,1,6.83333333333333,18,6.96428571428571,6.375,8.5,6,7,14,4,1,3,15,672,465,207,35,227,445,6.79997290178571,7.06349462365591,6.20800381642512,6.61714285714286,6.68149779735683,6.86040851685393,56
"57",2006,2,6.3,22,7.26,5.5,7.5,6.16153846153846,6.5,10,12,2,13,9,694,475,219,37,240,454,6.7841236167147,7.06763157894737,6.16920908675799,6.66486486486487,6.65333333333333,6.85326385462555,57
"58",2006,3,6.33225806451613,31,6.67272727272727,5.5,NA,6.03571428571429,6.57647058823529,22,9,0,14,17,725,497,228,37,254,471,6.76480246896552,7.0501509054326,6.14279293859649,6.66486486486487,6.61929133858268,6.84327343949045,58
"59",2006,4,5.91666666666667,18,6.40909090909091,5.14285714285714,5.5,5.16666666666667,6.66666666666667,11,7,2,9,9,743,508,235,39,263,480,6.74425543741588,7.03626968503937,6.11300761702128,6.60512820512821,6.56958174904943,6.8399620625,59
"60",2006,5,6.26666666666667,15,6.77272727272727,4.875,NA,6.16666666666667,6.29166666666667,11,4,0,3,12,758,519,239,39,266,492,6.73480447229552,7.03068400770713,6.09228782426778,6.60512820512821,6.56503759398496,6.82658900406504,60
"61",2006,6,6.59090909090909,22,7.28571428571429,5.375,5,6.45454545454545,6.72727272727273,14,8,1,11,11,780,533,247,40,277,503,6.73074588461539,7.03738273921201,6.06905582995951,6.565,6.56064981949458,6.82441707753479,61
"62",2006,7,6.79285714285714,28,6.95,6.63571428571429,6.75,6.42857142857143,6.91428571428571,14,14,4,7,21,808,547,261,44,284,524,6.7328982549505,7.03514625228519,6.09945130268199,6.58181818181818,6.55739436619718,6.82801868320611,62
"63",2006,8,6.39705882352941,17,6.67307692307692,5.5,6,6.32142857142857,6.45,13,4,1,7,10,825,560,265,45,291,534,6.72597792727273,7.02674107142857,6.09040298113208,6.56888888888889,6.55171821305842,6.82093968164794,63
"64",2006,9,6.80555555555556,18,7.03571428571429,6,NA,5.75,7.33333333333333,14,4,0,6,12,843,574,269,45,297,546,6.72767709371293,7.02695993031359,6.08905869888476,6.56888888888889,6.53552188552188,6.83220108058608,64
"65",2006,10,6.73684210526316,19,6.76923076923077,6.66666666666667,NA,6.875,6.63636363636364,13,6,0,8,11,862,587,275,45,305,557,6.72787910672854,7.02125212947189,6.10166105454546,6.56888888888889,6.5444262295082,6.82833355475763,65
"66",2006,11,6.69444444444444,18,6.72727272727273,6.64285714285714,6.5,7.5,6.46428571428571,11,7,2,4,14,880,598,282,47,309,571,6.72719521590909,7.01584448160535,6.115095,6.56595744680851,6.55679611650485,6.8194076882662,66
"67",2006,12,6.62878787878788,33,7.0625,5.47222222222222,6,6.46153846153846,6.7375,24,9,3,13,20,913,622,291,50,322,591,6.72363832420591,7.01764469453376,6.09521233676976,6.532,6.55295031055901,6.81663585448393,67
"68",2007,1,6.7452380952381,42,7.112,6.20588235294118,7,5.95,6.99375,25,17,3,10,32,955,647,308,53,332,623,6.72458826178011,7.02129057187017,6.10132074675325,6.55849056603774,6.53478915662651,6.82573321027287,68
"69",2007,2,6.28363206896552,29,6.5,5.71566625,5.5,6.75,6.1059680952381,21,8,2,8,21,984,668,316,55,340,644,6.71159260162602,7.00490269461078,6.09155734177215,6.52,6.53985294117647,6.80226260869565,69
"70",2007,3,7.01904761904762,21,7.60769230769231,6.0625,NA,7.3,6.76363636363636,13,8,0,10,11,1005,681,324,55,350,655,6.71801703482587,7.01640969162996,6.09083987654321,6.52,6.56157142857143,6.80161392366412,70
"71",2007,4,6.5,32,6.92105263157895,5.88461538461539,6.25,6,6.8,19,13,2,12,20,1037,700,337,57,362,675,6.71128941176471,7.01382142857143,6.08288462908012,6.51052631578947,6.54295580110497,6.8015661037037,71
"72",2007,5,6.59264705882353,34,6.6075,6.57142857142857,6.66666666666667,6.63928571428571,6.56,20,14,3,14,20,1071,720,351,60,376,695,6.70752298786181,7.00253472222222,6.10237071225071,6.51833333333333,6.54654255319149,6.79461456115108,72
"73",2007,6,6.52972972972973,37,6.87083333333333,5.9,6,5.5,6.81379310344828,24,13,1,8,29,1108,744,364,61,384,724,6.70158584837545,6.99828629032258,6.09514318681319,6.50983606557377,6.52473958333333,6.79538276243094,73
"74",2007,7,6.671875,32,7.22352941176471,6.04666666666667,6.5,5.88181818181818,7.08571428571429,17,15,2,11,21,1140,761,379,63,395,745,6.70075185964912,7.00331800262812,6.09322459102902,6.50952380952381,6.50683544303797,6.80356660402685,74
"75",2007,8,6.83513513513514,37,7.335,6.24705882352941,7,6.96,6.68823529411765,20,17,3,20,17,1177,781,396,66,415,762,6.7049763126593,7.01181177976953,6.09982858585859,6.53181818181818,6.52867469879518,6.80099359580053,75
"76",2007,9,6.38620689655172,29,6.91875,5.73076923076923,6.75,5.9,6.64210526315789,16,13,4,10,19,1206,797,409,70,425,781,6.69731104477612,7.00994353826851,6.08809809290953,6.54428571428571,6.51388235294117,6.79712819462228,76
"77",2007,10,6.62258064516129,31,6.94,6.04545454545455,6,7,6.5125,20,11,3,7,24,1237,817,420,73,432,805,6.69543825383994,7.00823133414933,6.08698123809524,6.52191780821918,6.52175925925926,6.78864238509317,77
"78",2007,11,6.55,55,6.58108108108108,6.48611111111111,6.75,6.4625,6.6,37,18,2,20,35,1292,854,438,75,452,840,6.68924699690402,6.98972482435597,6.10338383561644,6.528,6.51913716814159,6.78078228571429,78
"79",2007,12,6.47674418604651,43,6.81818181818182,6.11904761904762,6.5,6.97058823529412,6.15384615384615,22,21,5,17,26,1335,876,459,80,469,866,6.68240233707865,6.98541666666667,6.10410047930283,6.52625,6.53550106609808,6.76195972286374,79
"80",2008,1,6.83163265306122,49,7.07258064516129,6.41666666666667,6.75,6.95588235294118,6.765625,31,18,4,17,32,1384,907,477,84,486,898,6.68768578034682,6.98839581036384,6.11589542976939,6.53690476190476,6.55020576131687,6.76209033407572,80
"81",2008,2,6.5875,40,7.02272727272727,6.05555555555556,6,6.5,6.64583333333333,22,18,4,16,24,1424,929,495,88,502,922,6.68487157303371,6.98920882669537,6.11370125252525,6.5125,6.54860557768924,6.75906412147505,81
"82",2008,3,6.9725,48,6.96296296296296,6.98476190476191,6.91666666666667,6.8,7.06709677419355,27,21,6,17,31,1472,956,516,94,519,953,6.69425076086957,6.98846757322176,6.14915139534884,6.53829787234042,6.55684007707129,6.76908407135362,82
"83",2008,4,6.40609756097561,41,6.77307692307692,5.77,6.76,6.29722222222222,6.49130434782609,26,15,5,18,23,1513,982,531,99,537,976,6.68644224719101,6.98276476578411,6.1384409039548,6.54949494949495,6.54813780260707,6.76253803278689,83
"84",2008,5,7.1,27,7.18571428571429,6.8,7,6.875,7.28,21,6,2,12,15,1540,1003,537,101,549,991,6.69369293506494,6.98701395812562,6.14583262569832,6.55841584158416,6.55528233151184,6.77037045408678,84
"85",2008,6,6.35208823529412,34,6.6294375,6.10555555555556,5,6.5714,6.17894736842105,16,18,1,15,19,1574,1019,555,102,564,1010,6.68631392630241,6.98139941118744,6.14452634234234,6.54313725490196,6.5557109929078,6.75924467326733,85
"86",2008,7,6.59183673469388,49,7.07083333333333,6.132,6.30526315789474,6.20833333333333,6.96,24,25,19,24,25,1623,1043,580,121,588,1035,6.68346156500308,6.9834573346117,6.1439864137931,6.50578512396694,6.54153231292517,6.76409383574879,86
"87",2008,8,6.52972972972973,37,7.08,5.88235294117647,5.2,6.65384615384615,6.4625,20,17,5,13,24,1660,1063,597,126,601,1059,6.68003501204819,6.98527375352775,6.13653621440536,6.45396825396825,6.54396173044925,6.75725884796978,87
"88",2008,9,6.38285714285714,35,6.89285714285714,6.04285714285714,5.63,5.79230769230769,6.73181818181818,14,21,10,13,22,1695,1077,618,136,614,1081,6.67389859587021,6.98407242339833,6.13335294498382,6.39338235294117,6.52804723127036,6.75674109158187,88
"89",2008,10,6.53823529411765,34,7.3,5.93684210526316,6.64,6.21538461538462,6.73809523809524,15,19,5,13,21,1729,1092,637,141,627,1102,6.67123083863505,6.98841208791209,6.12749155416013,6.40212765957447,6.52156459330143,6.75638577132486,89
"90",2008,11,6.31063829787234,47,6.77777777777778,5.68,5.21428571428571,6.1625,6.38709677419355,27,20,7,16,31,1776,1119,657,148,643,1133,6.66168813063063,6.98332975871314,6.11386928462709,6.34594594594595,6.5126298600311,6.74628165931156,90
"91",2008,12,6.4325,40,6.52941176470588,6.36086956521739,6.25,6.35357142857143,6.475,17,23,10,14,26,1816,1136,680,158,657,1159,6.6566399339207,6.97653697183099,6.12222370588235,6.33987341772152,6.5092404870624,6.74019596203624,91
"92",2009,1,6.94565217391304,46,7.32142857142857,6.36111111111111,6.68181818181818,7.06842105263158,6.85925925925926,28,18,11,19,27,1862,1164,698,169,676,1186,6.66377987110634,6.98483333333333,6.1283841260745,6.36213017751479,6.52495710059171,6.74290650927487,92
"93",2009,2,6.33653846153846,52,6.83,6.028125,6.21818181818182,6.37692307692308,6.32307692307692,20,32,11,13,39,1914,1184,730,180,689,1225,6.65488929989551,6.98221790540541,6.12398920547945,6.35333333333333,6.52216400580551,6.72954050612245,93
"94",2009,3,6.775,44,7.11052631578947,6.52,6.32,6.81818181818182,6.76060606060606,19,25,5,11,33,1958,1203,755,185,700,1258,6.65758841675179,6.98424438902743,6.13710214569536,6.35243243243243,6.52681571428571,6.73035542130366,94
"95",2009,4,6.44693685185185,54,7.14285714285714,6.00407848484848,6.22727272727273,6.72897266666667,6.33846153846154,21,33,11,15,39,2012,1224,788,196,715,1297,6.65193474652087,6.98696568627451,6.13153135786802,6.34540816326531,6.53105676923077,6.71857141094834,95
"96",2009,5,6.52608695652174,46,7.04444444444444,5.78947368421053,6.3125,6.76470588235294,6.38620689655172,27,19,8,17,29,2058,1251,807,204,732,1326,6.64912182215743,6.98820623501199,6.12347795539033,6.34411764705882,6.53648304644808,6.71130250377074,96
"97",2009,6,6.46176470588235,34,7.1,6.11363636363636,5.75,5.83333333333333,6.688,12,22,6,9,25,2092,1263,829,210,741,1351,6.64607682122371,6.98926840855107,6.12321677925211,6.32714285714286,6.52794276653171,6.71087129533679,97
"98",2009,7,6.53684210526316,38,7.2,5.8,6.28,6.5,6.55,20,18,5,10,28,2130,1283,847,215,751,1379,6.64412803286385,6.99255339049104,6.11634794569067,6.32604651162791,6.52757069241012,6.70760487309645,98
"99",2009,8,6.10833333333333,30,6.28125,5.91071428571429,6.58333333333333,5.77272727272727,6.30263157894737,16,14,6,11,19,2160,1299,861,221,762,1398,6.63668643981481,6.98379214780601,6.11300430894309,6.33303167420814,6.51667400262467,6.70210094420601,99
"100",2009,9,6.47090909090909,55,6.8037037037037,6.15,6.57142857142857,6.22916666666667,6.65806451612903,27,28,14,24,31,2215,1326,889,235,786,1429,6.63257007223476,6.98012518853696,6.11416952755905,6.34723404255319,6.50789515267175,6.70114564030791,100
"101",2009,10,6.17058823529412,34,7.10833333333333,5.65909090909091,5.5,5.35714285714286,6.38148148148148,12,22,9,7,27,2249,1338,911,244,793,1456,6.62558590929302,6.98127503736921,6.10317970362239,6.31598360655738,6.49773718789407,6.6952178021978,101
"102",2009,11,6.60970149253731,67,6.87794117647059,6.33333333333333,6.11111111111111,6.48888888888889,6.65408163265306,34,33,9,18,49,2316,1372,944,253,811,1505,6.62512638601036,6.97871428571429,6.11122532838983,6.30869565217391,6.49754080147965,6.69387848504983,102
"103",2009,12,6.53783783783784,37,7.0375,6.15714285714286,6.46428571428571,6.73,6.46666666666667,16,21,14,10,27,2353,1388,965,267,821,1532,6.6237538079048,6.97939193083574,6.11222456994819,6.31685393258427,6.50037221680877,6.68987409921671,103
"104",2010,1,6.28163265306122,49,6.94,5.82758620689655,5.70833333333333,6.18421052631579,6.34333333333333,20,29,12,19,30,2402,1408,994,279,840,1562,6.61677465029142,6.97883238636364,6.10392023138833,6.29068100358423,6.49322094047619,6.68321838668374,104
"105",2010,2,6.29464285714286,28,6.875,5.71428571428571,6.5,5.67857142857143,6.5,14,14,6,7,21,2430,1422,1008,285,847,1583,6.6130628436214,6.97781012658228,6.09850864087302,6.29508771929825,6.48648829988193,6.68078782059381,105
"106",2010,3,6.50625,32,7.1375,5.875,6,6.4625,6.52083333333333,16,16,4,8,24,2462,1438,1024,289,855,1607,6.61167453696182,6.97958692628651,6.09501631835937,6.29100346020761,6.48626384795321,6.67839895457374,106
"107",2010,4,5.92105263157895,19,6.5,5.65384615384615,6.5,5.55,6.33333333333333,6,13,1,10,9,2481,1444,1037,290,865,1616,6.6063856146715,6.97759418282549,6.08948573770492,6.29172413793103,6.4754399884393,6.67647717821782,107
"108",2010,5,6.36774193548387,31,6.49375,6.23333333333333,6.3,6.58181818181818,6.25,16,15,5,11,20,2512,1460,1052,295,876,1636,6.60344056926752,6.97229178082192,6.09153679657795,6.29186440677966,6.47677578767123,6.6712635207824,108
"109",2010,6,6.33333333333333,24,6.67857142857143,5.85,4.75,5.7,6.5,14,10,2,5,19,2536,1474,1062,297,881,1655,6.60088434936909,6.96950203527816,6.08926243879473,6.28148148148148,6.4723672985244,6.66929735347432,109
"110",2010,7,6.52941176470588,17,7.6875,5.5,5.33333333333333,6,6.6,8,9,3,2,15,2553,1482,1071,300,883,1670,6.6004084253819,6.97337786774629,6.08431065359477,6.272,6.47129738391846,6.66867492215569,110
"111",2010,8,6.375,30,6.8125,6.21590909090909,6.95833333333333,6.575,6.275,8,22,6,10,20,2583,1490,1093,306,893,1690,6.59779044134727,6.97251409395973,6.08695947849954,6.28545751633987,6.47245866741321,6.66401604733728,111
"112",2010,9,6.3,20,6.51818181818182,6.03333333333333,6,6.5,6.26470588235294,11,9,4,3,17,2603,1501,1102,310,896,1707,6.5955023857088,6.96918454363758,6.0865215154265,6.28177419354839,6.47255088169643,6.66003932044523,112
"113",2010,10,6.22,25,6.46153846153846,5.95833333333333,6,5.64285714285714,6.44444444444444,13,12,5,7,18,2628,1514,1114,315,903,1725,6.59193025494673,6.96482562747688,6.08514067324955,6.27730158730159,6.46611914728682,6.65778963478261,113
"114",2010,11,6.4527027027027,37,7.08421052631579,5.78611111111111,4.8,6,6.67,19,18,5,12,25,2665,1533,1132,320,915,1750,6.58999726454034,6.96630528375734,6.08038578621908,6.25421875,6.46000610928961,6.65796406857143,114
"115",2010,12,6.17894736842105,38,6.67,5.63333333333333,5.54285714285714,5.30909090909091,6.53333333333333,20,18,7,11,27,2703,1553,1150,327,926,1777,6.58421853866075,6.96248937540245,6.07338844347826,6.23899082568807,6.44633433045356,6.65607041080473,115
"116",2011,1,6.7,35,6.71590909090909,6.67307692307692,6.75,6.4,6.85652173913043,22,13,4,12,23,2738,1575,1163,331,938,1800,6.58569857925493,6.95904507936508,6.08009175408426,6.24516616314199,6.44574156716418,6.65863173333333,116
"117",2011,2,6.61363636363636,22,6.93,6.35,6.3,6.11428571428571,6.84666666666667,10,12,5,7,15,2760,1585,1175,336,945,1815,6.58592127173913,6.958861829653,6.08284826382979,6.24598214285714,6.44328633862434,6.66018574104683,117
"118",2011,3,6.66521739130435,23,6.58571428571429,6.78888888888889,7.02,5.94,6.86666666666667,14,9,5,5,18,2783,1599,1184,341,950,1833,6.58657661157025,6.9555947467167,6.08821512668919,6.25733137829912,6.44063746315789,6.66221337697763,118
"119",2011,4,6.347,17,6.89,5.57128571428571,6,6.5,6.3266,10,7,1,2,15,2800,1609,1191,342,952,1848,6.58512203928571,6.95518707271597,6.08517691855584,6.25657894736842,6.44076217436974,6.65948924242424,119
"120",2011,5,6.508,25,6.78,6.32666666666667,5.66666666666667,6.82857142857143,6.38333333333333,10,15,3,7,18,2825,1619,1206,345,959,1866,6.58443954336283,6.95410500308833,6.08818052238806,6.25144927536232,6.44359289885297,6.65682535905681,120
"121",2011,6,6.83846153846154,13,7.66666666666667,6.12857142857143,5.66666666666667,7.75,6.67272727272727,6,7,3,2,11,2838,1625,1213,348,961,1877,6.58560313953488,6.956736,6.08841361088211,6.24640804597701,6.44631174817898,6.65691855087906,121
"122",2011,7,6.41666666666667,18,6.75,6.15,5.25,5.875,6.57142857142857,8,10,2,4,14,2856,1633,1223,350,965,1891,6.58453841386555,6.95572320881813,6.08891717906787,6.24071428571429,6.44394361658031,6.65628562665256,122
"123",2011,8,6.47291666666667,24,7.090625,5.2375,6.55,7.63571428571429,5.99411764705882,16,8,4,7,17,2880,1649,1231,354,972,1908,6.58360823263889,6.95703214069133,6.08338400487409,6.24420903954802,6.45252632716049,6.65038580712788,123
"124",2011,9,6.38260869565217,23,7,5.98571428571429,6.43333333333333,6.21666666666667,6.44117647058824,9,14,3,6,17,2903,1658,1245,357,978,1925,6.58201574578023,6.95726537997588,6.08228571084337,6.24579831932773,6.45107933537832,6.64853824415584,124
"125",2011,10,6.29393939393939,33,6.7875,5.82941176470588,6.35,6.22222222222222,6.32083333333333,16,17,6,9,24,2936,1674,1262,363,987,1949,6.57877783038147,6.95564277180406,6.07887932646593,6.24752066115702,6.44899249240121,6.64450288353002,125
"126",2011,11,6.43333333333333,24,7.075,5.79166666666667,4,5.5875,6.85625,12,12,2,8,16,2960,1686,1274,365,995,1965,6.57759855067568,6.95649228944247,6.0761740266876,6.23520547945205,6.44206591959799,6.64622703307888,126
"127",2011,12,6.87407407407407,27,7.36428571428571,6.34615384615385,6.16666666666667,6.11111111111111,7.25555555555556,14,13,3,9,18,2987,1700,1287,368,1004,1983,6.5802784432541,6.9598505882353,6.0789010955711,6.23464673913043,6.43909919322709,6.65175800302572,127
"128",2012,1,6.53333333333333,27,7.13333333333333,5.78333333333333,6.2,6.4,6.56363636363636,15,12,5,5,22,3014,1715,1299,373,1009,2005,6.57985789980093,6.96136793002916,6.07617067744419,6.23418230563003,6.43890544103072,6.65079108229427,128
"129",2012,2,5.94285714285714,21,6.2,5.66,5.4,5.2,6.175,11,10,5,5,16,3035,1726,1309,378,1014,2021,6.57545031630972,6.95651564310545,6.07299137509549,6.22314814814815,6.43279643984221,6.6470243047996,129
"130",2012,3,6.39354838709677,31,7.04117647058824,5.60714285714286,5.125,6.95714285714286,6.22916666666667,17,14,4,7,24,3066,1743,1323,382,1021,2045,6.57361112524462,6.95734136546185,6.06806176114891,6.21164921465969,6.4363913712047,6.64212035207824,130
"131",2012,4,6.33333333333333,12,6.71428571428571,5.8,6.5,6.33333333333333,6.33333333333333,7,5,1,3,9,3078,1750,1328,383,1024,2054,6.5726743697206,6.95636914285715,6.06705249246988,6.21240208877285,6.43608944335937,6.64076734177215,131
"132",2012,5,6.54761904761905,21,6.6,6.41666666666667,6.83333333333333,6.35714285714286,6.64285714285714,15,6,3,7,14,3099,1765,1334,386,1031,2068,6.57250458535011,6.95334050991502,6.06862497001499,6.21722797927461,6.43555343355965,6.6407814893617,132
"133",2012,6,6.45882352941176,17,6.8,5.97142857142857,5.4,6.83333333333333,6.37857142857143,10,7,5,3,14,3116,1775,1341,391,1034,2082,6.57188437419769,6.95247661971831,6.06811760626398,6.20677749360614,6.43670753384913,6.63901830931796,133
"134",2012,7,6.3295,20,6.75,5.909,5.875,5,6.56411764705882,10,10,4,3,17,3136,1785,1351,395,1037,2099,6.57033855548469,6.95134229691877,6.06693982975574,6.20341772151899,6.43255119575699,6.63841168175322,134
"135",2012,8,6.5452380952381,21,7.36875,6.03846153846154,6,5.66666666666667,6.69166666666667,8,13,3,3,18,3157,1793,1364,398,1040,2117,6.5701715901172,6.95320468488567,6.06666840909091,6.20188442211055,6.43034191346154,6.63886448748229,135
"136",2012,9,6.66,15,6.67272727272727,6.625,6.16666666666667,6.5,6.7,11,4,3,3,12,3172,1804,1368,401,1043,2129,6.5705963776797,6.95149445676275,6.06830095760234,6.20162094763092,6.43054227229146,6.63920907468295,136
"137",2012,10,6.53529411764706,17,6.625,6.32,6.2,6.4,6.57692307692308,12,5,3,4,13,3189,1816,1373,404,1047,2142,6.5704081875196,6.94933700440529,6.0692175600874,6.20160891089109,6.43042558739255,6.6388310550887,137
"138",2012,11,6.115,20,6.81666666666667,5.0625,2.5,7.5,6.04210526315789,12,8,2,1,19,3209,1828,1381,406,1048,2161,6.56756986911811,6.94846608315099,6.06338574221579,6.18337438423645,6.43144617366412,6.63358450717261,138
"139",2012,12,6.18,20,6.41666666666667,5.825,7.1,6.95,5.9875,12,8,3,4,16,3229,1840,1389,409,1052,2177,6.56516931248064,6.94499782608696,6.06201275017999,6.190097799511,6.43341786121673,6.62883606798346,139
"140",2013,1,6.27647058823529,17,6.78333333333333,6,6,6.07142857142857,6.42,6,11,5,7,10,3246,1846,1400,414,1059,2187,6.56365733518176,6.94447237269773,6.06152550714286,6.18780193236715,6.43102510859301,6.62788117055327,140
"141",2013,2,6.33076923076923,13,7,5.9125,NA,5,6.44166666666667,5,8,0,1,12,3259,1851,1408,414,1060,2199,6.56272835532372,6.9446223662885,6.06067877130682,6.18780193236715,6.42967508490566,6.62686499317872,141
"142",2013,3,6.26821739130435,23,6.52142857142857,5.87433333333333,5.47816666666667,5.5738,6.46111111111111,14,9,6,5,18,3282,1865,1417,420,1065,2217,6.56066444546009,6.94144557640751,6.05949520818631,6.17766428571429,6.42565689201878,6.62551922417681,142
"143",2013,4,6.64,20,6.93333333333333,6.2,6.125,6.75,6.59285714285714,12,8,4,6,14,3302,1877,1425,424,1071,2231,6.56114497577226,6.94139371337241,6.06028400701755,6.17716745283019,6.42747394024276,6.62531426266248,143
"144",2013,5,6.61588235294118,17,6.68888888888889,6.53375,6.554,6.52833333333333,6.66363636363636,9,8,5,6,11,3319,1886,1433,429,1077,2242,6.56142534197047,6.9401887592789,6.06292722260991,6.18155944055944,6.42803583101207,6.62550228367529,144
"145",2013,6,6.375,16,6.83333333333333,6.1,5.5,7.5,6.21428571428571,6,10,3,2,14,3335,1892,1443,432,1079,2256,6.56053094752624,6.93984989429176,6.06318413721414,6.17682638888889,6.43002278962002,6.62295040780142,145
"146",2013,7,6.82666666666667,15,7.1,6.41666666666667,5,7,6.8,9,6,1,2,13,3350,1901,1449,433,1081,2269,6.5617226,6.94060810099948,6.06464783298827,6.17410854503464,6.43107732654949,6.6239647950639,146
"147",2013,8,6.33,20,6.41666666666667,6.2,6.9,7.83333333333333,6.06470588235294,12,8,4,3,17,3370,1913,1457,437,1084,2286,6.5603473916914,6.9373214845792,6.06539101578586,6.1807528604119,6.43495810885609,6.61980582677165,147
"148",2013,9,5.83333333333333,12,6.2,5.57142857142857,2,6.5,5.7,5,7,1,2,10,3382,1918,1464,438,1086,2296,6.5577678030751,6.93539937434828,6.06302917349727,6.17120776255708,6.43507789134438,6.61579970383275,148
"149",2013,10,5.8125,8,6.66666666666667,5.3,4.5,5,5.92857142857143,3,5,2,1,7,3390,1921,1469,440,1087,2303,6.55600905899705,6.93497969807392,6.06043206943499,6.16361136363636,6.4337576724931,6.61371086409032,149
"150",2013,11,6.58333333333333,24,6.75,6.25,6,7.5,6.34210526315789,16,8,2,5,19,3414,1937,1477,442,1092,2322,6.55620114528412,6.93345172947858,6.0614588422478,6.16287104072398,6.43863973443223,6.61148842377261,150
"151",2013,12,6.46,20,6.69,6.23,5.33333333333333,5.9,6.64666666666667,10,10,3,5,15,3434,1947,1487,445,1097,2337,6.55564085905649,6.93220133538778,6.06259227303295,6.15727865168539,6.43618467639015,6.61171421480531,151
"152",2014,1,6.00416666666667,24,6.19090909090909,5.84615384615385,6.4,5,6.33888888888889,11,13,5,6,18,3458,1958,1500,450,1103,2355,6.55181339213418,6.92803677221655,6.06071647333334,6.15997555555556,6.42837224841342,6.60962892569002,152
"153",2014,2,6.69411764705882,17,7.13,6.07142857142857,5.5,6.75,6.67692307692308,10,7,3,4,13,3475,1968,1507,453,1107,2368,6.55250955683453,6.92906300813008,6.06076623092236,6.15560485651214,6.42953440831075,6.60999836148649,153
"154",2014,3,6.96428571428571,14,7.28571428571429,6.64285714285714,6.16666666666667,6.75,7.125,7,7,3,6,8,3489,1975,1514,456,1113,2376,6.55416185439954,6.9303270886076,6.06345753632761,6.15567763157895,6.43126198562444,6.61173237373737,154
"155",2014,4,6.29375,24,7,6.05833333333333,6.04285714285714,6.425,6.2675,6,18,7,4,20,3513,1981,1532,463,1117,2396,6.55238278109878,6.93053811206462,6.06339733028721,6.15397192224622,6.43123956132498,6.60885898163606,155
"156",2014,5,6.67,15,6.79285714285714,6.5625,6.33333333333333,6.91666666666667,6.50555555555556,7,8,3,6,9,3528,1988,1540,466,1123,2405,6.55288285430839,6.93005331991952,6.06599007142857,6.15512660944206,6.43383311665182,6.6084723991684,156
"157",2014,6,6.5,12,6.91666666666667,6.08333333333333,7,7.25,6.35,6,6,2,2,10,3540,1994,1546,468,1125,2415,6.55270359039548,6.93001303911735,6.06605738033635,6.15873717948718,6.43528408,6.60740212008281,157
"158",2014,7,6.6,15,6.75,6.5,6,6.7,6.55,6,9,4,5,10,3555,2000,1555,472,1130,2425,6.5529031533052,6.929473,6.06856894533762,6.15739194915254,6.43645538938053,6.60716541030928,158
"159",2014,8,6.13888888888889,18,7,5.0625,5,5.33333333333333,6.3,10,8,3,3,15,3573,2010,1563,475,1133,2440,6.55081743912678,6.92982388059702,6.06341952015355,6.15008210526316,6.43353450132392,6.60527709836065,159
"160",2014,9,6,13,6.05555555555556,5.875,7,6,6,9,4,1,5,8,3586,2019,1567,476,1138,2448,6.54882061070831,6.92592669638435,6.06293855137205,6.15186764705882,6.43162969244288,6.60329906862745,160
"161",2014,10,6.525,26,6.90357142857143,6.08333333333333,6.3,6.63,6.5,14,12,5,5,21,3612,2033,1579,481,1143,2469,6.54864914451827,6.92577274963109,6.06309354654845,6.15340748440748,6.43249745406824,6.60242046172539,161
"162",2014,11,6.3,24,7.37,5.53571428571429,6.14285714285714,6.21428571428571,6.33529411764706,10,14,7,7,17,3636,2043,1593,488,1150,2486,6.5470078960396,6.92794713656388,6.05845870056497,6.15325614754098,6.43116920869565,6.60059377312952,162
"163",2014,12,6.552,25,6.82142857142857,6.20909090909091,6.36,6.42857142857143,6.6,14,11,5,7,18,3661,2057,1604,493,1157,2504,6.54704198579623,6.92722216820613,6.05949171446384,6.15535294117647,6.43115349178911,6.60058950479233,163
"164",2015,1,6.4225,20,6.55,6.125,5.66666666666667,6.2,6.49666666666667,14,6,3,5,15,3681,2071,1610,496,1162,2519,6.54636531105678,6.92467213906326,6.0597358447205,6.15239717741936,6.43015885542169,6.59997067090115,164
"165",2015,2,6.32307692307692,13,7.38571428571429,5.08333333333333,5.3,5.55,6.66666666666667,7,6,5,4,9,3694,2078,1616,501,1166,2528,6.54557951001624,6.92622521655438,6.05611058787129,6.14389021956088,6.42713944253859,6.60020811708861,165
"166",2015,3,6.63636363636364,11,6.55555555555556,7,7,6.75,6.61111111111111,9,2,1,2,9,3705,2087,1618,502,1168,2537,6.54584904453441,6.92462673694298,6.05727732385661,6.14559561752988,6.4276922859589,6.60024679542767,166
"167",2015,4,6.35416666666667,12,6.89285714285714,5.6,6,7,6.225,7,5,1,2,10,3717,2094,1623,503,1170,2547,6.54523021522733,6.92452053486151,6.05586858287123,6.14530616302187,6.42867058974359,6.59877350608559,167
"168",2015,5,6.11363636363636,22,6.92307692307692,4.94444444444444,5.375,5.5,6.4,13,9,4,7,15,3739,2107,1632,507,1177,2562,6.54269074886333,6.92451162790698,6.04973940563726,6.13922879684418,6.42314748513169,6.59760972677596,168
"169",2015,6,6.11111111111111,9,7,5.4,6.33333333333333,7.66666666666667,5.33333333333333,4,5,3,3,6,3748,2111,1637,510,1180,2568,6.54165440501601,6.92465466603506,6.04775486255345,6.1403705882353,6.42630897457627,6.59465580996885,169
"170",2015,7,6.8125,16,7.09090909090909,6.2,6.75,7.9,6.31818181818182,11,5,2,5,11,3764,2122,1642,512,1185,2579,6.54280571466525,6.92551649387371,6.0482184591961,6.142751953125,6.43252708016878,6.59347658782474,170
"171",2015,8,6.46153846153846,13,7.08333333333333,5.92857142857143,5.75,7.5,6.27272727272727,6,7,4,2,11,3777,2128,1649,516,1187,2590,6.54252600211808,6.92596146616542,6.04771055791389,6.13970736434109,6.43432568660489,6.59211433204633,171
"172",2015,9,6.32857142857143,14,7.075,5.33333333333333,5.33333333333333,6.75,6.16,8,6,3,4,10,3791,2136,1655,519,1191,2600,6.54173587707729,6.92651966292135,6.04512067069486,6.13504624277457,6.43538588581024,6.59045235384615,172
"173",2015,10,6.36181818181818,22,6.76909090909091,5.95454545454545,6.16666666666667,6.70857142857143,6.2,11,11,6,7,15,3813,2147,1666,525,1198,2615,6.54069779963284,6.92571308802981,6.04452263505402,6.13540761904762,6.43698212854758,6.58821266539197,173
"174",2015,11,6.11111111111111,18,6.4375,5.85,6,6.66666666666667,6,8,10,4,3,15,3831,2155,1676,529,1201,2630,6.53867938136257,6.92390069605569,6.04336199880668,6.13438374291115,6.43755586178185,6.58485784030418,174
"175",2015,12,6.57333333333333,15,6.625,6.51428571428571,6,6.4,6.66,8,7,3,5,10,3846,2163,1683,532,1206,2640,6.53881453718149,6.92279519186316,6.04532068330363,6.13362593984963,6.4374001575456,6.58514246969697,175
"176",2016,1,6.8125,32,6.81578947368421,6.80769230769231,6,6.375,6.95833333333333,19,13,6,8,24,3878,2182,1696,538,1214,2664,6.54107290097989,6.92186342804766,6.05116433372642,6.13213568773234,6.4369889538715,6.58850454954955,176
"177",2016,2,6.44533333333333,15,7.0625,5.74,5,6.5,6.43692307692308,8,7,2,2,13,3893,2190,1703,540,1216,2677,6.54070400976111,6.92237716894977,6.04988532589548,6.12794259259259,6.43709259046053,6.58776844228614,177
"178",2016,3,6.71666666666667,18,6.75,6.69,6.55,6.94,6.63076923076923,8,10,4,5,13,3911,2198,1713,544,1221,2690,6.54151386090514,6.92174977252048,6.05362213076474,6.13104595588235,6.439151998362,6.5879762527881,178
"179",2016,4,6.38235294117647,17,6.88888888888889,5.8125,5.66666666666667,6,6.46428571428571,9,8,3,3,14,3928,2207,1721,547,1224,2704,6.54082502800407,6.92161576801088,6.05250128413713,6.12849908592322,6.43807564542484,6.58733584319527,179
"180",2016,5,6.28333333333333,18,6.69090909090909,5.64285714285714,5.25,5.91666666666667,6.46666666666667,11,7,2,6,12,3946,2218,1728,549,1230,2716,6.53965045869235,6.92047159603246,6.05084184606482,6.12529872495446,6.43553218699187,6.58680269513991,180
"181",2016,6,6.555,20,6.85714285714286,5.85,7,5.66666666666667,6.71176470588235,14,6,1,3,17,3966,2232,1734,550,1233,2733,6.53972786434695,6.92007437275986,6.05014689158016,6.12688909090909,6.43366146796432,6.58757999268203,181
"182",2016,7,6.19047619047619,21,6.68181818181818,5.65,5.83333333333333,7.5,5.88235294117647,11,10,3,4,17,3987,2243,1744,553,1237,2750,6.5378883145222,6.91890592955863,6.04785247133028,6.1252965641953,6.43710961196443,6.58322040727272,182
"183",2016,8,6.74,18,7.75,5.932,5.73333333333333,5.75,7.02285714285714,8,10,3,4,14,4005,2251,1754,556,1241,2764,6.53879668164794,6.92185961794758,6.04719196693273,6.12318165467626,6.43489491539081,6.58544722141823,183
"184",2016,9,6.57142857142857,14,7.5,5.64285714285714,7,7.625,6.15,7,7,1,4,10,4019,2258,1761,557,1245,2774,6.53891035332172,6.92365190434013,6.04558473026689,6.12475583482944,6.43871854618474,6.58387747656813,184
"185",2016,10,6.17647058823529,17,6.71428571428571,5.8,6,NA,6.17647058823529,7,10,4,0,17,4036,2265,1771,561,1245,2791,6.53738372398414,6.92300485651214,6.04419802936194,6.12386631016043,6.43871854618474,6.58139595843783,185
"186",2016,11,6.91666666666667,18,7.14166666666667,6.46666666666667,6,7.56666666666667,6.78666666666667,12,6,1,3,15,4054,2277,1777,562,1248,2806,6.5390677627035,6.9241572244181,6.04562448508723,6.12364590747331,6.4414299599359,6.58249327156094,186
"187",2016,12,5.97916666666667,12,6.35,5.71428571428571,5.66666666666667,6.5,5.875,5,7,3,2,10,4066,2282,1784,565,1250,2816,6.53741532464338,6.92289921121823,6.04432438901345,6.12121946902655,6.441523672,6.57998086647727,187
"188",2017,1,6.57692307692308,13,6.8125,6.2,NA,7,6.5,8,5,0,2,11,4079,2290,1789,565,1252,2827,6.53754123804854,6.92251353711791,6.04475948015651,6.12121946902655,6.44241580670926,6.57966965688008,188
"189",2017,2,6.36666666666667,21,7.06363636363636,5.6,5,6.56666666666667,6.33333333333333,11,10,3,3,18,4100,2301,1799,568,1255,2845,6.53666602682927,6.92318817905259,6.04228722067815,6.11529753521127,6.44271282071713,6.5781111142355,189
"190",2017,3,6.6875,8,6.5,7.25,NA,6.5,6.71428571428571,6,2,0,1,7,4108,2307,1801,568,1256,2852,6.53695976387537,6.92208755960121,6.04362837867851,6.11529753521127,6.44275843152866,6.57844534361851,190
"191",2017,4,6.49545454545455,22,6.96153846153846,5.82222222222222,5.5,7,6.38333333333333,13,9,4,4,18,4130,2320,1810,572,1260,2870,6.53673867070218,6.92230862068966,6.0425274640884,6.11099475524476,6.44452745238095,6.5772216445993,191
"192",2017,5,6.30833333333333,12,7.25,5.8375,5.16666666666667,5.375,6.775,4,8,3,4,8,4142,2324,1818,575,1264,2878,6.53607694591985,6.92287263339071,6.0416252530253,6.10606782608696,6.44114287183544,6.57777141070187,192
"193",2017,6,6.73076923076923,13,6.75,6.7,5.75,8.6,6.39090909090909,8,5,2,2,11,4155,2332,1823,577,1266,2889,6.53668609145608,6.92227958833619,6.04343099835436,6.10483362218371,6.44455338862559,6.57705992384908,193
"194",2017,7,5.81818181818182,11,6.83333333333333,4.6,6.5,5.375,6.07142857142857,6,5,2,4,7,4166,2338,1828,579,1270,2896,6.53478893662986,6.92205132591959,6.03948288293217,6.10619861830743,6.44118471653543,6.57583774861878,194
"195",2017,8,6.56923076923077,13,6.7,6.13333333333333,5,6.13333333333333,6.7,10,3,1,3,10,4179,2348,1831,580,1273,2906,6.53489607800909,6.92110562180579,6.03963665210268,6.10429137931034,6.4404592223095,6.57626501032347,195
"196",2017,9,6.3825,20,6.70384615384615,5.78571428571429,5.5,7.06666666666667,6.26176470588235,13,7,3,3,17,4199,2361,1838,583,1276,2923,6.53417020957371,6.91990936044049,6.03866959194777,6.10118181818182,6.4419314968652,6.5744358946288,196
"197",2017,10,6.81111111111111,9,6.92857142857143,6.4,6,6.16666666666667,7.13333333333333,7,2,1,3,6,4208,2368,1840,584,1279,2929,6.53476252614069,6.91993496621622,6.0390623423913,6.10100856164383,6.44128584050039,6.57558078525094,197
"198",2017,11,6.59523809523809,21,6.85294117647059,5.5,5,7.16666666666667,6.5,17,4,2,3,18,4229,2385,1844,586,1282,2947,6.53506283045637,6.91945744234801,6.03789300976139,6.09725085324232,6.44298329953198,6.57511914489311,198
"199",2017,12,6.67857142857143,14,6.77272727272727,6.33333333333333,7,7,6.59090909090909,11,3,1,3,11,4243,2396,1847,587,1285,2958,6.53553634456752,6.91878380634391,6.03837288034651,6.09878875638841,6.44428372762646,6.57517786342123,199
"200",2018,1,6.28666666666667,30,6.68181818181818,6.05789473684211,6.26666666666667,5.78571428571429,6.43913043478261,11,19,6,7,23,4273,2407,1866,593,1292,2981,6.53378907325064,6.91770087245534,6.03857165594855,6.10048735244519,6.44071562693498,6.57412818517276,200
"201",2018,2,6.28421052631579,19,6.6875,5.99090909090909,5.83333333333333,5.98,6.39285714285714,8,11,6,5,14,4292,2415,1877,599,1297,2995,6.53268422879776,6.91693830227743,6.03829233351092,6.09781135225376,6.43893954510408,6.57328084140233,201
"202",2018,3,6.16666666666667,15,6.45,5.6,4,5.5,6.26923076923077,10,5,1,2,13,4307,2425,1882,600,1299,3008,6.53140949849083,6.91501278350516,6.03712790116897,6.094315,6.43749391070054,6.57196679521276,202
"203",2018,4,6.55909090909091,22,6.625,6.48,5.5,6.2,6.66470588235294,12,10,4,5,17,4329,2437,1892,604,1304,3025,6.53155017556018,6.91358473533033,6.0394686627907,6.09037913907285,6.43658327453987,6.57248797355372,203
"204",2018,5,6.11666666666667,12,6.55714285714286,5.5,4,5.81666666666667,6.41666666666667,7,5,1,6,6,4341,2444,1897,605,1310,3031,6.53040329647547,6.91256382978724,6.03804676331049,6.08692396694215,6.43374396183206,6.57217951831079,204
"205",2018,6,6.13636363636364,11,6.25,5.83333333333333,NA,6.8,5.58333333333333,8,3,0,5,6,4352,2452,1900,605,1315,3037,6.52940733226103,6.91040212071778,6.03772353157895,6.08692396694215,6.4351365703422,6.5702259203161,205
"206",2018,7,6.26666666666667,15,6.75,5.71428571428571,5.83333333333333,6.75,6.19230769230769,8,7,3,2,13,4367,2460,1907,608,1317,3050,6.52850485688115,6.90988048780488,6.03653629260619,6.08567269736842,6.43561472285497,6.56861512131147,206
"207",2018,8,5.81818181818182,11,6,5.5,3,6.66666666666667,5.5,7,4,1,3,8,4378,2467,1911,609,1320,3058,6.52672012562814,6.90729874341305,6.03541324437467,6.08060591133005,6.43613984090909,6.56581952910399,207
"208",2018,9,6.55294117647059,17,6.84615384615385,5.6,7.4,7.225,6.34615384615385,13,4,1,4,13,4395,2480,1915,610,1324,3071,6.52682154948806,6.90697822580645,6.03450376501305,6.08276885245902,6.4385231042296,6.56488965157929,208
"209",2018,10,6.4875,16,6.48333333333333,6.5,NA,6,6.52,12,4,0,1,15,4411,2492,1919,610,1325,3086,6.52667891861256,6.90493820224719,6.03547405419489,6.08276885245902,6.43819214339622,6.56467145819831,209
"210",2018,11,6.81578947368421,19,6.91666666666667,6.64285714285714,7.25,8,6.75,12,7,2,1,18,4430,2504,1926,612,1326,3104,6.52791889616253,6.90499440894569,6.03768157320872,6.08658333333333,6.43936997737556,6.56574617268041,210
"211",2018,12,6.0275,12,6.54125,5,5,6,6.03666666666667,8,4,2,3,9,4442,2512,1930,614,1329,3113,6.52656702161189,6.90383598726115,6.03553093782383,6.08304397394137,6.43837817155756,6.56421654995181,211
"212",2019,1,6.285,20,6.72727272727273,5.74444444444444,4.75,5.8,6.40625,11,9,4,4,16,4462,2523,1939,618,1333,3129,6.52548424697445,6.90306619104241,6.03417984012377,6.07441585760518,6.43646255813953,6.56340879514222,212
"213",2019,2,6.72727272727273,11,7.1875,5.5,5,7.25,6.61111111111111,8,3,1,2,9,4473,2531,1942,619,1335,3138,6.52598048513302,6.90396523113394,6.03335463954686,6.07268012924071,6.43768134082397,6.56354560866794,213
"214",2019,3,6.07142857142857,14,6.5,5.64285714285714,6.33333333333333,6,6.08333333333333,7,7,3,2,12,4487,2538,1949,622,1337,3150,6.52456222643191,6.90285106382979,6.03195213442791,6.07393729903537,6.43702661929693,6.56171622857143,214
"215",2019,4,6.08461538461538,13,6.25,5.94285714285714,4,6.33333333333333,6.01,6,7,1,3,10,4500,2544,1956,623,1340,3160,6.52329126888889,6.90131132075472,6.03163328732106,6.07060834670947,6.43679447014925,6.55997029113924,215
"216",2019,5,6.76666666666667,15,7.1875,6.28571428571429,6.75,6.83333333333333,6.75,8,7,2,3,12,4515,2552,1963,625,1343,3172,6.52409982502768,6.90220846394985,6.0325393326541,6.0727824,6.43768026061057,6.56068919293821,216
"217",2019,6,7.03571428571429,14,7.35,6.25,5.5,7.2,6.94444444444444,10,4,2,5,9,4529,2562,1967,627,1348,3181,6.52568132258777,6.90395628415301,6.03298155058465,6.07095534290271,6.44050785608308,6.56177495127318,217
"218",2019,7,6.38461538461539,13,6.83333333333333,6,6.66666666666667,7,6.2,6,7,3,3,10,4542,2568,1974,630,1351,3191,6.52527756715104,6.90379127725857,6.03286459473151,6.07379206349206,6.44175025166543,6.56064121591977,218
"219",2019,8,5.994375,16,6.71909090909091,4.4,4.5,5.2,6.35545454545455,11,5,2,5,11,4558,2579,1979,632,1356,3202,6.52341393374287,6.9030034897247,6.02873911571501,6.06881170886076,6.43717152654867,6.55993632729544,219
"220",2019,9,6.57692307692308,13,7.16666666666667,5.25,4,4.66666666666667,7.15,9,4,1,3,10,4571,2588,1983,633,1359,3212,6.52356611463575,6.90392040185472,6.02716828542612,6.06554344391785,6.43326312729948,6.56177338729763,220
"221",2019,10,5.46153846153846,13,5.5,5.41666666666667,NA,7,5.33333333333333,7,6,0,1,12,4584,2595,1989,633,1360,3224,6.5205542561082,6.90013333333334,6.02532665158371,6.06554344391785,6.43367984558823,6.55720102977667,221
"222",2019,11,6.51470588235294,17,6.43333333333333,7.125,NA,7.75,6.35,15,2,0,2,15,4601,2610,1991,633,1362,3239,6.5205326472506,6.89745057471265,6.02643129583124,6.06554344391785,6.43561276798825,6.55624146958938,222
"223",2019,12,6.78571428571429,14,7.1,6,NA,NA,6.78571428571429,10,4,0,0,14,4615,2620,1995,633,1362,3253,6.52133709859155,6.89822366412214,6.02637830075188,6.06554344391785,6.43561276798825,6.55722905625576,223
"224",2020,1,6.45238095238095,21,6.75,5.5,4.25,7.6,6.09375,16,5,2,5,16,4636,2636,2000,635,1367,3269,6.5210247433132,6.89732397572079,6.025062355,6.05982519685039,6.43987168251646,6.55496057509942,224
"225",2020,2,6.44285714285714,14,7.07777777777778,5.3,4.75,7.5,6.26666666666667,9,5,2,2,12,4650,2645,2005,637,1369,3281,6.5207894,6.89793799621928,6.02325421945137,6.05571271585557,6.44142044558071,6.55390616275526,225
"226",2020,3,6.41666666666667,12,7,5.83333333333333,5,7,6.3,6,6,1,2,10,4662,2651,2011,638,1371,3291,6.52052138781639,6.8981689928329,6.02268757334659,6.05405799373041,6.44223529540481,6.55313464600425,226
"227",2020,4,7.03,10,6.9,7.33333333333333,3,7,7.0375,7,3,1,2,8,4672,2658,2014,639,1373,3299,6.52161188142123,6.89817381489842,6.02463987586892,6.04927856025039,6.44304777130371,6.55430922097605,227
"228",2020,5,7.08333333333333,12,6.77777777777778,8,7,7,7.09090909090909,9,3,2,1,11,4684,2667,2017,641,1374,3310,6.52305096285226,6.89776752905887,6.02757794248885,6.05224492979719,6.44345312227074,6.55609248338368,228
"229",2020,6,6.9074375,16,6.96153846153846,6.673,6,6.66666666666667,6.963,13,3,1,3,13,4700,2680,2020,642,1377,3323,6.52435951276596,6.89807686567164,6.02853649009901,6.05216355140187,6.44393942628903,6.55768435750827,229
"230",2020,7,6.51333333333333,15,6.7,6,5.33333333333333,6.325,6.58181818181818,11,4,3,4,11,4715,2691,2024,645,1381,3334,6.52432443478261,6.89726718691936,6.02848009387352,6.04882015503876,6.44359492396814,6.55776398320336,230
"231",2020,8,5.875,12,5.9,5.75,5,6,5.83333333333333,10,2,1,3,9,4727,2701,2026,646,1384,3343,6.52267605458007,6.89357497223251,6.0282051875617,6.04719659442724,6.44263337427745,6.55581367633862,231
"232",2020,9,6.25,19,6.775,5.66666666666667,5.66666666666667,6.33333333333333,6.234375,10,9,3,3,16,4746,2711,2035,649,1387,3359,6.52158443109987,6.89313758760605,6.02660624570025,6.045437596302,6.44239696467195,6.5542825602858,232
"233",2020,10,6.99841285714286,21,6.94359,7.0875,7.5,8,6.9483335,13,8,2,1,20,4767,2724,2043,651,1388,3379,6.52368499685337,6.89337836637298,6.03076050416055,6.04990629800307,6.44351915706052,6.55661491269606,233
"234",2020,11,6.21666666666667,15,6.14285714285714,6.28125,6.625,7,6.16071428571429,7,8,2,1,14,4782,2731,2051,653,1389,3393,6.52272195315767,6.89145465763457,6.03173754753779,6.05166768759571,6.4439197912167,6.55498137046861,234
"235",2020,12,6.87083333333333,24,7.03333333333333,6.6,6.725,NA,6.87083333333333,15,9,4,0,24,4806,2746,2060,657,1389,3417,6.52446033707865,6.89222966860889,6.03422024757282,6.05576712328767,6.4439197912167,6.55719982148083,235
"236",2021,1,6.28695652173913,23,7.06,5.69230769230769,4.6,6.42857142857143,6.225,10,13,5,7,16,4829,2756,2073,662,1396,3433,6.52332913232553,6.89283841436865,6.03207607814761,6.04477190332326,6.44384282951289,6.55565155549082,236
"237",2021,2,6.76428571428571,14,7.12727272727273,5.43333333333333,NA,7.95,6.56666666666667,11,3,0,2,12,4843,2767,2076,662,1398,3445,6.52402568242825,6.89377039031442,6.03121084296725,6.04477190332326,6.44599756080114,6.5556899245283,237
"238",2021,3,6.0625,16,6.07142857142857,6,6,6,6.06666666666667,14,2,1,1,15,4859,2781,2078,663,1399,3460,6.5225059436098,6.88963058971593,6.03118080365736,6.04470437405731,6.44567876340243,6.55356988150289,238
"239",2021,4,6.33333333333333,12,6.6,5,4,6.66666666666667,6.22222222222222,10,2,1,3,9,4871,2791,2080,664,1402,3469,6.52203990556354,6.88859285919026,6.03018928365385,6.041625,6.44615163338088,6.55271023061401,239
"240",2021,5,6.05,10,6.35714285714286,5.33333333333333,4,7,5.8125,7,3,1,2,8,4881,2798,2083,665,1404,3477,6.52107280885065,6.88726328448892,6.02918565050408,6.03855488721804,6.44694059116809,6.55100712970952,240
"241",2021,6,6.46428571428571,14,6.55555555555556,6.3,5.5,6.5,6.45833333333333,9,5,2,2,12,4895,2807,2088,667,1406,3489,6.52091039427988,6.88619973993588,6.02983415229885,6.03694002998501,6.44701606685633,6.55068838922327,241
"242",2021,7,6.30714285714286,14,6.75555555555556,5.5,4.33333333333333,5.66666666666667,6.48181818181818,9,5,3,3,11,4909,2816,2093,670,1409,3500,6.52030074964351,6.88578219815341,6.02856842331581,6.0293119402985,6.44535457061746,6.55047194,242
"243",2021,8,6.36692307692308,26,6.45529411764706,6.2,5.26666666666667,4.5,6.5225,17,9,3,2,24,4935,2833,2102,673,1411,3524,6.51949268085106,6.88319896576068,6.02930243101808,6.02591233283804,6.44259715804394,6.55028143870601,243
"244",2021,9,6.01428571428571,7,5.525,6.66666666666667,NA,3,6.51666666666667,4,3,0,1,6,4942,2837,2105,673,1412,3530,6.51877709024686,6.88128398660557,6.03021078859857,6.02591233283804,6.44015905807365,6.55022430311614,244
"245",2021,10,6.84615384615385,13,7.25,6.2,5.5,7,6.77777777777778,8,5,2,4,9,4955,2845,2110,675,1416,3539,6.519636,6.88232079789104,6.03061313270142,6.02435407407407,6.44174052966101,6.55080299237072,245
"246",2021,11,6.75,12,6.5,6.92857142857143,6,7.25,6.65,5,7,1,2,10,4967,2850,2117,676,1418,3549,6.52019254680894,6.88165005964913,6.0335822909778,6.02431804733728,6.44288052891396,6.55108249929557,246
"247",2021,12,6.96666666666667,9,7.73333333333333,6.58333333333333,7,4,7.3375,3,6,1,1,8,4976,2853,2123,677,1419,3557,6.52100007636656,6.88254562565721,6.03513599152143,6.02575923190546,6.44115897815363,6.55285122012932,247
"248",2022,1,6.225,22,6.23125,6.20833333333333,6.33333333333333,NA,6.225,16,6,3,0,22,4998,2869,2129,680,1419,3579,6.51969715486195,6.87891344370861,6.03562410051667,6.02711617647059,6.44115897815363,6.55083592903045,248
"249",2022,2,6,15,6.45,5.1,5.5,5,6.07142857142857,10,5,1,1,14,5013,2879,2134,681,1420,3593,6.51814210652304,6.87742364362626,6.03343191658857,6.02634214390602,6.44014407746478,6.54896793487336,249
"250",2022,3,5.88333333333333,15,5.75,6,4,6,5.86538461538461,7,8,2,2,13,5028,2886,2142,683,1422,3606,6.51624828560064,6.87468907484408,6.03330705415499,6.02040849194729,6.43952502812939,6.54650354686633,250
"251",2022,4,6.50785714285714,14,6.85714285714286,6.15857142857143,5.75,6.5275,6.5,7,7,2,4,10,5042,2893,2149,685,1426,3616,6.51622498611662,6.8746466194262,6.03371508143322,6.01961897810219,6.43977180224404,6.54637494192478,251
"252",2022,5,6.59473684210526,19,6.85833333333333,6.14285714285714,6.5,7,6.54705882352941,12,7,4,2,17,5061,2905,2156,689,1428,3633,6.51651973523019,6.87457923235801,6.03406943877551,6.02240783744557,6.44055643557423,6.54637814203138,252
"253",2022,6,6.22222222222222,9,6.42857142857143,5.5,5,6.5,6.14285714285714,7,2,1,2,7,5070,2912,2158,690,1430,3640,6.51599731360947,6.87350709821429,6.03357447173309,6.02092608695652,6.44063957342657,6.54560214010989,253
"254",2022,7,6.74705882352941,17,6.97,6.42857142857143,5.5,6.5,6.82307692307692,10,7,2,4,13,5087,2922,2165,692,1434,3653,6.51676948692746,6.87383732717317,6.03485159815242,6.01942052023121,6.44080515341701,6.54658959485354,254
"255",2022,8,6.495,20,6.5,6.48888888888889,6.4,6.64,6.44666666666667,11,9,3,5,15,5107,2933,2174,695,1439,3668,6.51668423340513,6.87243527787249,6.03673123735051,6.02106330935252,6.4414972828353,6.54618096782988,255
"256",2022,9,6.45454545454545,11,6.5,6.375,3,6.75,6.28571428571429,7,4,1,4,7,5118,2940,2178,696,1443,3675,6.51655067995311,6.87154852721089,6.03735248393021,6.01672270114942,6.44235245322245,6.54568484081632,256
"257",2022,10,6.62222222222222,9,7.18333333333333,5.5,NA,8.3,6.14285714285714,6,3,0,2,7,5127,2946,2181,696,1445,3682,6.51673617710162,6.87218352681602,6.03661334708849,6.01672270114942,6.4449235916955,6.54491900869093,257
"258",2022,11,6.52777777777778,18,6.71111111111111,6.34444444444444,5.5,5.5,6.65625,9,9,2,2,16,5145,2955,2190,698,1447,3698,6.51677480660836,6.87169295093063,6.03787840639269,6.01524212034384,6.44361754664824,6.54540070037858,258
"259",2022,12,5.84615384615385,13,6.125,5.4,6,6,5.81818181818182,8,5,3,2,11,5158,2963,2195,701,1449,3709,6.51508460255913,6.86967690516369,6.03642538041002,6.01517689015692,6.44300523809524,6.54324394445942,259
