"","year","month","avg_rating","no_ratings","avg_rating_owned","avg_rating_not_owned","avg_rating_prev_owned","avg_rating_comment","avg_rating_no_comment","no_ratings_owned","no_ratings_not_owned","no_ratings_prev_owned","no_ratings_comment","no_ratings_no_comment","cum_no_ratings","cum_no_ratings_owned","cum_no_ratings_not_owned","cum_no_ratings_prev_owned","cum_no_ratings_comment","cum_no_ratings_no_comment","cum_avg_rating","cum_avg_rating_owned","cum_avg_rating_not_owned","cum_avg_rating_prev_owned","cum_avg_rating_comment","cum_avg_rating_no_comment","month_after_release"
"1",2004,10,6.5,2,6,7,NA,6,7,1,1,0,1,1,2,1,1,0,1,1,6.5,6,7,NA,6,7,-1
"2",2004,11,5.95,4,NA,5.95,7.8,6.93333333333333,3,0,4,1,3,1,6,1,5,1,4,2,6.13333333333333,6,6.16,7.8,6.7,5,0
"3",2004,12,5.66666666666667,6,8,4.5,NA,5.33333333333333,6,2,4,0,3,3,12,3,9,1,7,5,5.9,7.33333333333333,5.42222222222222,7.8,6.11428571428571,5.6,1
"4",2005,1,6.75,7,7.25,5.5,NA,5.125,7.4,5,2,0,2,5,19,8,11,1,9,10,6.21315789473684,7.28125,5.43636363636364,7.8,5.89444444444444,6.5,2
"5",2005,2,7.5,2,7.5,NA,NA,7.5,NA,2,0,0,2,0,21,10,11,1,11,10,6.33571428571429,7.325,5.43636363636364,7.8,6.18636363636364,6.5,3
"6",2005,3,5.5,4,6.33333333333333,3,3,3,6.33333333333333,3,1,1,1,3,25,13,12,2,12,13,6.202,7.09615384615385,5.23333333333333,5.4,5.92083333333333,6.46153846153846,4
"7",2005,4,6.875,4,6.5,7.25,8,9,6.16666666666667,2,2,1,1,3,29,15,14,3,13,16,6.2948275862069,7.01666666666667,5.52142857142857,6.26666666666667,6.15769230769231,6.40625,5
"8",2005,5,6,3,6,NA,NA,5,8,3,0,0,2,1,32,18,14,3,15,17,6.2671875,6.84722222222222,5.52142857142857,6.26666666666667,6.00333333333333,6.5,6
"9",2005,6,1,1,NA,1,NA,1,NA,0,1,0,1,0,33,18,15,3,16,17,6.10757575757576,6.84722222222222,5.22,6.26666666666667,5.690625,6.5,7
"10",2005,7,7.75,6,7.75,NA,NA,8,7.7,6,0,0,1,5,39,24,15,3,17,22,6.36025641025641,7.07291666666667,5.22,6.26666666666667,5.82647058823529,6.77272727272727,8
"11",2005,8,6.5,2,6.5,NA,NA,7,6,2,0,0,1,1,41,26,15,3,18,23,6.36707317073171,7.02884615384615,5.22,6.26666666666667,5.89166666666667,6.73913043478261,9
"12",2005,9,5.83333333333333,6,6.75,4,NA,4.5,6.5,4,2,0,2,4,47,30,17,3,20,27,6.29893617021277,6.99166666666667,5.07647058823529,6.26666666666667,5.7525,6.7037037037037,10
"13",2005,10,6.7,13,6.55,7.2,5.5,6.02,7.125,10,3,1,5,8,60,40,20,4,25,35,6.38583333333333,6.88125,5.395,6.075,5.806,6.8,11
"14",2005,11,6.66666666666667,6,7.5,5,4,4,7.2,4,2,1,1,5,66,44,22,5,26,40,6.41136363636364,6.9375,5.35909090909091,5.66,5.73653846153846,6.85,12
"15",2005,12,6.42857142857143,14,7.22222222222222,5,5.5,5.25,6.9,9,5,2,4,10,80,53,27,7,30,50,6.414375,6.98584905660377,5.29259259259259,5.61428571428571,5.67166666666667,6.86,13
"16",2006,1,5.69444444444444,9,6.75,2,NA,3.33333333333333,6.875,7,2,0,3,6,89,60,29,7,33,56,6.34157303370787,6.95833333333333,5.06551724137931,5.61428571428571,5.45909090909091,6.86160714285714,14
"17",2006,2,6.11111111111111,9,6.85714285714286,3.5,NA,3.5,6.85714285714286,7,2,0,2,7,98,67,31,7,35,63,6.32040816326531,6.94776119402985,4.96451612903226,5.61428571428571,5.34714285714286,6.86111111111111,15
"18",2006,3,6.36363636363636,11,6.88888888888889,4,NA,7,6.22222222222222,9,2,0,2,9,109,76,33,7,37,72,6.32477064220184,6.94078947368421,4.90606060606061,5.61428571428571,5.43648648648649,6.78125,16
"19",2006,4,7.5,4,7.5,NA,NA,NA,7.5,4,0,0,0,4,113,80,33,7,37,76,6.36637168141593,6.96875,4.90606060606061,5.61428571428571,5.43648648648649,6.81907894736842,17
"20",2006,5,6.2,5,7.33333333333333,4.5,NA,5,7,3,2,0,2,3,118,83,35,7,39,79,6.35932203389831,6.98192771084337,4.88285714285714,5.61428571428571,5.41410256410256,6.82594936708861,18
"21",2006,6,6.57142857142857,7,6.83333333333333,5,NA,5.33333333333333,7.5,6,1,0,3,4,125,89,36,7,42,83,6.3712,6.97191011235955,4.88611111111111,5.61428571428571,5.40833333333333,6.85843373493976,19
"22",2006,7,6.83333333333333,6,7,6,NA,7,6.75,5,1,0,2,4,131,94,37,7,44,87,6.39236641221374,6.97340425531915,4.91621621621622,5.61428571428571,5.48068181818182,6.85344827586207,20
"23",2006,8,7.08333333333333,6,7.25,6.75,7,NA,7.08333333333333,4,2,1,0,6,137,98,39,8,44,93,6.42262773722628,6.98469387755102,5.01025641025641,5.7875,5.48068181818182,6.86827956989247,21
"24",2006,9,7.66666666666667,3,7.66666666666667,NA,NA,9,7,3,0,0,1,2,140,101,39,8,45,95,6.44928571428571,7.0049504950495,5.01025641025641,5.7875,5.55888888888889,6.87105263157895,22
"25",2006,10,6.875,4,7.5,6.25,NA,7,6.83333333333333,2,2,0,1,3,144,103,41,8,46,98,6.46111111111111,7.01456310679612,5.07073170731707,5.7875,5.59021739130435,6.86989795918367,23
"26",2006,11,6.33333333333333,6,6.4,6,NA,NA,6.33333333333333,5,1,0,0,6,150,108,42,8,46,104,6.456,6.98611111111111,5.09285714285714,5.7875,5.59021739130435,6.83894230769231,24
"27",2006,12,6.9,10,7,6.5,6,7.2,6.6,8,2,1,5,5,160,116,44,9,51,109,6.48375,6.98706896551724,5.15681818181818,5.81111111111111,5.74803921568627,6.82798165137615,25
"28",2007,1,6,8,6.66666666666667,4,NA,NA,6,6,2,0,0,8,168,122,46,9,51,117,6.46071428571429,6.97131147540984,5.10652173913043,5.81111111111111,5.74803921568627,6.77136752136752,26
"29",2007,2,6.40651181818182,11,7,4.82387666666667,NA,6,6.49684777777778,8,3,0,2,9,179,130,49,9,53,126,6.45738340782123,6.97307692307692,5.08921693877551,5.81111111111111,5.75754716981132,6.75175896825397,27
"30",2007,3,6.44166666666667,12,7.14285714285714,5.46,5.15,6,6.53,7,5,2,2,10,191,137,54,11,55,136,6.45639596858639,6.98175182481752,5.1235487037037,5.69090909090909,5.76636363636364,6.73545316176471,28
"31",2007,4,6.7,15,6.81818181818182,6.375,NA,6.75,6.68181818181818,11,4,0,4,11,206,148,58,11,59,147,6.47413412621359,6.96959459459459,5.20985568965517,5.69090909090909,5.83305084745763,6.73143965986395,29
"32",2007,5,6,3,6,NA,NA,4,7,3,0,0,1,2,209,151,58,11,60,149,6.46732837320574,6.95033112582781,5.20985568965517,5.69090909090909,5.8025,6.73504449664429,30
"33",2007,6,6.25,12,6.44444444444444,5.66666666666667,5,5.5,6.4,9,3,2,2,10,221,160,61,13,62,159,6.45552773755656,6.921875,5.23232180327869,5.58461538461538,5.79274193548387,6.71397251572327,31
"34",2007,7,6.88888888888889,9,6.625,9,NA,6.33333333333333,7.16666666666667,8,1,0,3,6,230,168,62,13,65,165,6.47248534782609,6.90773809523809,5.29309080645161,5.58461538461538,5.81769230769231,6.73043412121212,32
"35",2007,8,6.91666666666667,12,7,6.5,8,8.5,6.6,10,2,1,2,10,242,178,64,14,67,175,6.4945108677686,6.91292134831461,5.33080671875,5.75714285714286,5.89776119402985,6.72298074285714,33
"36",2007,9,6.725,12,7.1875,5.8,6.6,6.66666666666667,6.74444444444444,8,4,2,3,9,254,186,68,16,70,184,6.50540011811024,6.9247311827957,5.35840632352941,5.8625,5.93071428571429,6.72403059782609,34
"37",2007,10,6.33333333333333,15,6.14545454545455,6.85,5,6.85,6.14545454545455,11,4,1,4,11,269,197,72,17,74,195,6.49580531598513,6.88121827411167,5.44127263888889,5.81176470588235,5.9804054054054,6.69139297435897,35
"38",2007,11,6.31818181818182,11,6.5,5.83333333333333,NA,6.25,6.35714285714286,8,3,0,4,7,280,205,75,17,78,202,6.48882725,6.86634146341463,5.45695506666667,5.81176470588235,5.99423076923077,6.67981004950495,36
"39",2007,12,6.29166666666667,12,6,6.7,NA,3,6.59090909090909,7,5,0,1,11,292,212,80,17,79,213,6.48072476027397,6.8377358490566,5.534645375,5.81176470588235,5.95632911392405,6.67521892018779,37
"40",2008,1,6.56666666666667,15,6.61111111111111,6.5,6.5,6,6.77272727272727,9,6,2,4,11,307,221,86,19,83,224,6.4849238762215,6.82850678733032,5.60199569767442,5.88421052631579,5.95843373493976,6.68000727678571,38
"41",2008,2,6.31818181818182,11,6.83333333333333,5.7,5,5.6,6.91666666666667,6,5,1,5,6,318,227,91,20,88,230,6.47915606918239,6.82863436123348,5.60738054945055,5.84,5.93806818181818,6.686181,39
"42",2008,3,6.43307692307692,13,6.68833333333333,6.21428571428571,4,5.16666666666667,6.813,6,7,1,3,10,331,233,98,21,91,240,6.4773463141994,6.82502145922747,5.65073091836735,5.75238095238095,5.91263736263736,6.691465125,40
"43",2008,4,6.58333333333333,6,6.4,7.5,7.5,NA,6.58333333333333,5,1,1,0,6,337,238,99,22,91,246,6.47923332344214,6.81609243697479,5.6694104040404,5.83181818181818,5.91263736263736,6.68882776422764,41
"44",2008,5,6.5,11,6.61111111111111,6,NA,5.33333333333333,6.9375,9,2,0,3,8,348,247,101,22,94,254,6.47988974137931,6.80862348178138,5.67595673267327,5.83181818181818,5.89414893617021,6.69665996062992,42
"45",2008,6,7.4,5,7.4,NA,NA,NA,7.4,5,0,0,0,5,353,252,101,22,94,259,6.49292246458923,6.82035714285714,5.67595673267327,5.83181818181818,5.89414893617021,6.71023795366795,43
"46",2008,7,6.20833333333333,12,6.33333333333333,6.08333333333333,4.75,5,6.45,6,6,2,2,10,365,258,107,24,96,269,6.48356610958904,6.80903100775194,5.69880028037383,5.74166666666667,5.87552083333333,6.7005636802974,44
"47",2008,8,5.875,16,6.31818181818182,4.9,5,5.75,5.91666666666667,11,5,3,4,12,381,269,112,27,100,281,6.45800952755905,6.78895910780669,5.66313955357143,5.65925925925926,5.8705,6.66708765124555,45
"48",2008,9,6.2,10,7.16666666666667,4.75,5,5.33333333333333,6.57142857142857,6,4,2,3,7,391,275,116,29,103,288,6.45141081841432,6.7972,5.63165198275862,5.61379310344828,5.85485436893204,6.66476260416667,46
"49",2008,10,6.64166666666667,12,7.45714285714286,5.5,5.83333333333333,5.16666666666667,7.13333333333333,7,5,3,3,9,403,282,121,32,106,297,6.45707600496278,6.81358156028369,5.62621181818182,5.634375,5.83537735849057,6.67896171717172,47
"50",2008,11,5.93636363636364,11,6.8,5.21666666666667,5,5.43333333333333,6.125,5,6,1,3,8,414,287,127,33,109,305,6.44324065217391,6.81334494773519,5.60686322834646,5.61515151515152,5.8243119266055,6.66443157377049,48
"51",2008,12,6.65833333333333,12,6.98888888888889,5.66666666666667,6.9,6.475,6.75,9,3,1,4,8,426,296,130,34,113,313,6.44929960093897,6.81868243243243,5.60824330769231,5.65294117647059,5.84734513274336,6.66661862619808,49
"52",2009,1,6.54210526315789,19,6.85333333333333,5.375,6,5.5,6.82,15,4,2,4,15,445,311,134,36,117,328,6.45326208988764,6.8203536977492,5.60128082089552,5.67222222222222,5.83547008547008,6.67363301829268,50
"53",2009,2,6,14,6.4375,5.41666666666667,5,5.5,6.08333333333333,8,6,3,2,12,459,319,140,39,119,340,6.43943710239651,6.81075235109718,5.59336878571429,5.62051282051282,5.82983193277311,6.65279891176471,51
"54",2009,3,6.39130434782609,23,6.69230769230769,6,5.5,5.8,6.55555555555556,13,10,4,5,18,482,332,150,43,124,358,6.43714031120332,6.80611445783133,5.62047753333333,5.6093023255814,5.82862903225806,6.64790958100559,52
"55",2009,4,5.91052631578947,19,6.81111111111111,5.1,5,NA,5.91052631578947,9,10,1,0,19,501,341,160,44,124,377,6.41716892215569,6.80624633431085,5.5879476875,5.59545454545455,5.82862903225806,6.61074702917772,53
"56",2009,5,6.97692307692308,13,7.41666666666667,6.6,5.8,6.33333333333333,7.17,6,7,4,3,10,514,347,167,48,127,387,6.43132612840467,6.81680115273775,5.63036904191617,5.6125,5.84055118110236,6.62519801033592,54
"57",2009,6,6.21428571428571,14,6.58333333333333,4,4,3,6.46153846153846,12,2,2,1,13,528,359,169,50,128,400,6.42557126893939,6.80899721448468,5.61107473372781,5.548,5.818359375,6.619879075,55
"58",2009,7,5.53333333333333,15,5.5,5.58333333333333,5.75,4.5,5.60714285714286,9,6,2,1,14,543,368,175,52,129,414,6.4009238121547,6.77698369565217,5.6101236,5.55576923076923,5.80813953488372,6.58563195652174,56
"59",2009,8,5.73333333333333,15,5.5,6.66666666666667,NA,5.5,5.76923076923077,12,3,0,2,13,558,380,178,52,131,427,6.38297783154122,6.73665789473684,5.62793050561798,5.55576923076923,5.80343511450382,6.56077665105386,57
"60",2009,9,5.8,15,7.125,5.31818181818182,4.75,5.33333333333333,5.91666666666667,4,11,4,3,12,573,384,189,56,134,439,6.36771663176265,6.740703125,5.6099028042328,5.49821428571429,5.79291044776119,6.54317,58
"61",2009,10,6.22619047619048,21,6.44642857142857,5.78571428571429,4.66666666666667,4,6.3375,14,7,3,1,20,594,398,196,59,135,459,6.36271318181818,6.73035175879397,5.61618178571428,5.45593220338983,5.77962962962963,6.53420834422658,59
"62",2009,11,6,10,6.6,5.4,5,NA,6,5,5,2,0,10,604,403,201,61,135,469,6.35670799668874,6.72873449131514,5.61080412935323,5.44098360655738,5.77962962962963,6.52281797441365,60
"63",2009,12,6.175,20,6.34615384615385,5.85714285714286,5.5,6.25,6.16666666666667,13,7,3,2,18,624,416,208,64,137,487,6.3508840224359,6.71677884615385,5.619094375,5.44375,5.78649635036496,6.50965427104723,61
"64",2010,1,5.8,10,5.83333333333333,5.75,6.5,8,5.55555555555556,6,4,2,1,9,634,422,212,66,138,496,6.342195,6.70421800947867,5.62156429245283,5.47575757575758,5.80253623188406,6.49234199596774,62
"65",2010,2,5.6875,8,6,5.16666666666667,5.75,6,5.64285714285714,5,3,2,1,7,642,427,215,68,139,503,6.33403680685358,6.6959718969555,5.61521688372093,5.48382352941177,5.80395683453237,6.48052013916501,63
"66",2010,3,6,14,6.375,5.5,5.33333333333333,9,5.76923076923077,8,6,3,1,13,656,435,221,71,140,516,6.32690797256098,6.69006896551724,5.61208882352941,5.4774647887324,5.82678571428571,6.46260005813954,64
"67",2010,4,6.08571428571429,14,6.1,6.05,NA,7,5.72,10,4,0,4,10,670,445,225,71,144,526,6.32186810447761,6.67680898876405,5.61987391111111,5.4774647887324,5.859375,6.44848218631179,65
"68",2010,5,6.17857142857143,14,5.9,6.875,6,5.33333333333333,6.40909090909091,10,4,1,3,11,684,455,229,72,147,537,6.31893513157895,6.65973626373626,5.64179751091703,5.48472222222222,5.84863945578231,6.4476752886406,66
"69",2010,6,5.78571428571429,7,6.5,4,NA,4,6.5,5,2,0,2,5,691,460,231,72,149,542,6.31353347322721,6.658,5.62758281385281,5.48472222222222,5.8238255033557,6.44815798892989,67
"70",2010,7,6.04615384615385,13,6.73333333333333,4.5,3,3,6.6,9,4,2,2,11,704,469,235,74,151,553,6.30859606534091,6.65944562899787,5.60838991489362,5.41756756756757,5.7864238410596,6.45117835443038,68
"71",2010,8,5.67777777777778,9,6.02,5.25,6,5.36666666666667,5.83333333333333,5,4,1,3,6,713,474,239,75,154,559,6.30063342215989,6.65270042194093,5.60239175732217,5.42533333333333,5.77824675324675,6.44454674418605,69
"72",2010,9,6.45,12,6.54444444444444,6.16666666666667,5.75,5.5,6.53636363636364,9,3,2,1,11,725,483,242,77,155,570,6.30310569655172,6.65068322981366,5.60938690082645,5.43376623376624,5.77645161290323,6.44631864912281,70
"73",2010,10,6.36666666666667,15,7.05555555555556,5.33333333333333,6,6,6.39285714285714,9,6,2,1,14,740,492,248,79,156,584,6.30439409459459,6.65808943089431,5.60270818548387,5.44810126582279,5.77788461538462,6.44503703767123,71
"74",2010,11,5.73529411764706,17,5.9375,5.55555555555556,5.4,4,5.96666666666667,8,9,5,2,15,757,500,257,84,158,599,6.29161377807133,6.64656,5.60105692607004,5.4452380952381,5.75537974683544,6.4330578130217,72
"75",2010,12,5.34,20,5.9,4.5,NA,5.8,5.18666666666667,12,8,0,5,15,777,512,265,84,163,614,6.26711921492921,6.6290625,5.56781747169811,5.4452380952381,5.75674846625767,6.40260851791531,73
"76",2011,1,6.46875,24,7.07352941176471,5,4.33333333333333,7.25,6.35714285714286,17,7,3,3,21,801,529,272,87,166,635,6.27316058676654,6.64334593572779,5.55320452205882,5.40689655172414,5.78373493975904,6.40110492913386,74
"77",2011,2,6.54545454545455,11,7,5.33333333333333,5,NA,6.54545454545455,8,3,2,0,11,812,537,275,89,166,646,6.27684929802956,6.6486592178771,5.55080592727273,5.39775280898877,5.78373493975904,6.40356289473684,75
"78",2011,3,6.35789473684211,19,7.36363636363636,4.975,6.15,5.625,6.55333333333333,11,8,2,4,15,831,548,283,91,170,661,6.27870232250301,6.66301094890511,5.53452872791519,5.41428571428572,5.78,6.40696161875946,76
"79",2011,4,5.975,20,6.90909090909091,4.83333333333333,4.75,NA,5.975,11,9,4,0,20,851,559,292,95,170,681,6.2715647826087,6.66785330948122,5.51291654109589,5.38631578947369,5.78,6.39427552129222,77
"80",2011,5,6.40625,16,6.79166666666667,5.25,4,7,6.32142857142857,12,4,1,2,14,867,571,296,96,172,695,6.27405032295271,6.67045534150613,5.50936361486486,5.371875,5.79418604651163,6.39280810071942,78
"81",2011,6,6.225,20,6.83333333333333,4.4,3,4.75,6.59375,15,5,1,4,16,887,586,301,97,176,711,6.27294434047351,6.67462457337884,5.49093564784053,5.34742268041237,5.77045454545454,6.39733,79
"82",2011,7,6.1875,16,6.27272727272727,6,5,6.5,6.14285714285714,11,5,3,2,14,903,597,306,100,178,725,6.2714303765227,6.66721943048576,5.49925369281046,5.337,5.77865168539326,6.39241604137931,80
"83",2011,8,6.35384615384615,13,6.9,5.125,5.125,NA,6.35384615384615,9,4,4,0,13,916,606,310,104,178,738,6.27260003275109,6.67067656765677,5.49442461290323,5.32884615384616,5.77865168539326,6.39173662601626,81
"84",2011,9,6.21111111111111,18,6.61818181818182,5.57142857142857,4.83333333333333,3.825,6.89285714285714,11,7,3,4,14,934,617,317,107,182,752,6.27141502141328,6.66974068071313,5.49612501577287,5.31495327102804,5.73571428571428,6.40106599734043,82
"85",2011,10,5.71428571428571,7,5.8,5.5,NA,NA,5.71428571428571,5,2,0,0,7,941,622,319,107,182,759,6.26727059511158,6.66274919614148,5.49614931034483,5.31495327102804,5.73571428571428,6.39473205533597,83
"86",2011,11,5.78823529411765,17,5.9,5.58333333333333,6.33333333333333,3.5,6.27857142857143,11,6,3,3,14,958,633,325,110,185,773,6.25876996868476,6.64949447077409,5.49775886153846,5.34272727272727,5.69945945945946,6.39262824062096,84
"87",2011,12,6.41909090909091,11,6.461,6,6,6.5,6.411,10,1,1,1,10,969,643,326,111,186,783,6.26058991744066,6.64656298600311,5.49929947852761,5.34864864864865,5.70376344086021,6.39286287356322,85
"88",2012,1,6.52777777777778,18,6.875,5.83333333333333,5.66666666666667,6,6.63333333333333,12,6,3,3,15,987,655,332,114,189,798,6.2654626443769,6.65074809160305,5.50533623493976,5.35701754385965,5.70846560846561,6.39738299498747,86
"89",2012,2,5.66666666666667,18,5.95,5.3125,5.75,3.75,5.90625,10,8,2,2,16,1005,665,340,116,191,814,6.25473794029851,6.64021052631579,5.50079891176471,5.36379310344828,5.68795811518325,6.38772927518427,87
"90",2012,3,5.73529411764706,17,6.26923076923077,4,4.66666666666667,3.66666666666667,6.17857142857143,13,4,3,3,14,1022,678,344,119,194,828,6.2460974853229,6.63309734513274,5.48334776162791,5.34621848739496,5.65670103092783,6.38419278985507,88
"91",2012,4,5.925,24,6.12941176470588,5.42857142857143,4.5,4,6.1,17,7,2,2,22,1046,695,351,121,196,850,6.23873004780115,6.62077697841727,5.48225535612536,5.33223140495868,5.63979591836735,6.37683721176471,89
"92",2012,5,6.65384615384615,13,7,6.35714285714286,5.5,4,6.875,6,7,3,1,12,1059,701,358,124,197,862,6.24382590179415,6.62402282453638,5.49936209497207,5.33629032258065,5.63147208121827,6.3837721925754,90
"93",2012,6,6.6,20,6.73333333333333,6.2,5.33333333333333,6.83333333333333,6.55882352941176,15,5,3,3,17,1079,716,363,127,200,879,6.2504278313253,6.62631284916201,5.50901275482094,5.33622047244095,5.6495,6.38715771331058,91
"94",2012,7,5.884,20,6.03846153846154,5.59714285714286,4.95,5.28,6.08533333333333,13,7,2,5,15,1099,729,370,129,205,894,6.24375944494995,6.61582990397805,5.51068008108108,5.33023255813954,5.64048780487805,6.3820935458613,92
"95",2012,8,6.46666666666667,15,6.55555555555556,6.33333333333333,6,6.5,6.46153846153846,9,6,2,2,13,1114,738,376,131,207,907,6.24676088868941,6.61509485094851,5.52380752659574,5.34045801526718,5.6487922705314,6.38323222712238,93
"96",2012,9,6.62727272727273,11,6.76666666666667,6,NA,6,6.69,9,2,0,1,10,1125,747,378,131,208,917,6.25048144888889,6.61692101740294,5.52632706349206,5.34045801526718,5.65048076923077,6.38657756815703,94
"97",2012,10,5.88,10,6.8,4.96,6,5.8,5.88888888888889,5,5,2,1,9,1135,752,383,133,209,926,6.24721729515418,6.61813829787234,5.51893375979112,5.35037593984963,5.6511961722488,6.38174042116631,95
"98",2012,11,5.775,20,5.86363636363636,5.66666666666667,4.5,5,5.91176470588235,11,9,2,3,17,1155,763,392,135,212,943,6.23904037229437,6.60726081258191,5.52232558673469,5.33777777777778,5.64198113207547,6.37326790031813,96
"99",2012,12,5.50526315789474,19,5.63333333333333,5.28571428571429,3.75,3.66666666666667,5.85,12,7,4,3,16,1174,775,399,139,215,959,6.2271649318569,6.59218064516129,5.5181745112782,5.29208633093525,5.61441860465116,6.3645376746611,97
"100",2013,1,6.32916666666667,24,6.42,5.875,6.5,6.56666666666667,6.25,20,4,1,6,18,1198,795,403,140,221,977,6.22920837228714,6.58784905660377,5.52171620347395,5.30071428571429,5.64027149321267,6.36242746161719,98
"101",2013,2,5.64,30,6.3,4.65,5,4.16666666666667,6.00833333333333,18,12,5,6,24,1228,813,415,145,227,1001,6.21481403094463,6.58147601476015,5.49650995180723,5.29034482758621,5.60132158590308,6.35393769230769,99
"102",2013,3,6.225,20,6.68181818181818,5.66666666666667,6.33333333333333,5.5,6.30555555555556,11,9,3,2,18,1248,824,424,148,229,1019,6.21497726762821,6.58281553398058,5.50012176886793,5.31148648648649,5.60043668122271,6.35308305201178,100
"103",2013,4,6.1875,16,6.2,6,NA,6.25,6.17857142857143,15,1,0,2,14,1264,839,425,148,231,1033,6.21462945411392,6.57597139451728,5.50129795294118,5.31148648648649,5.60606060606061,6.35071793804453,101
"104",2013,5,6.23529411764706,17,6.57692307692308,5.125,6,5.5,6.46153846153846,13,4,1,4,13,1281,852,429,149,235,1046,6.21490369242779,6.57598591549296,5.49778934731935,5.31610738255034,5.60425531914894,6.35209524856596,102
"105",2013,6,6.16176470588235,17,6.13461538461539,6.25,6.5,5.16666666666667,6.375,13,4,2,3,14,1298,865,433,151,238,1060,6.21420772727273,6.56935260115607,5.50473817551963,5.3317880794702,5.59873949579832,6.35239776415094,103
"106",2013,7,6.19047619047619,21,6.7,4.91666666666667,5.5,4.5,6.36842105263158,15,6,2,2,19,1319,880,439,153,240,1079,6.21382989385898,6.57157954545454,5.49670075170843,5.33398692810458,5.58958333333333,6.35267991658943,104
"107",2013,8,7.13,20,7.08888888888889,7.5,NA,4.5,7.42222222222222,18,2,0,2,18,1339,898,441,153,242,1097,6.22751428678118,6.58194877505568,5.5057860090703,5.33398692810458,5.58057851239669,6.37022938012762,105
"108",2013,9,6.5,10,7.66666666666667,4.75,6,NA,6.5,6,4,2,0,10,1349,904,445,155,242,1107,6.22953419570052,6.58914823008849,5.49899242696629,5.34258064516129,5.58057851239669,6.37140165311653,106
"109",2013,10,5.6875,16,6.5,3.25,3,4,6.07692307692308,12,4,1,3,13,1365,916,449,156,245,1120,6.22318068131868,6.58798034934498,5.4789568596882,5.3275641025641,5.56122448979592,6.36798359821428,107
"110",2013,11,6.02631578947368,19,6.5,4.7,4.75,4,6.13888888888889,14,5,2,1,18,1384,930,454,158,246,1138,6.22047805635838,6.58665591397849,5.47037803964758,5.32025316455696,5.55487804878049,6.36435995606327,108
"111",2013,12,6.11904761904762,21,6.29166666666667,5.88888888888889,5.66666666666667,9.5,5.95,12,9,6,1,20,1405,942,463,164,247,1158,6.21896201423488,6.58289808917197,5.47851323974082,5.33292682926829,5.57085020242915,6.35720348013817,109
"112",2014,1,6.0390625,32,6.375,5.3,5.83333333333333,6,6.04310344827586,22,10,3,3,29,1437,964,473,167,250,1187,6.21495590118302,6.57815352697095,5.47473917547569,5.34191616766467,5.576,6.34952959561921,110
"113",2014,2,5.96296296296296,27,6.66666666666667,4.55555555555556,5.2,4,6.12,18,9,5,2,25,1464,982,482,172,252,1212,6.21030849043716,6.57977596741344,5.45757599585062,5.33779069767442,5.56349206349206,6.34479507425742,111
"114",2014,3,6.5625,16,7.16666666666667,4.75,5,7,6.53333333333333,12,4,1,1,15,1480,994,486,173,253,1227,6.21411596621622,6.58686116700201,5.45175232510288,5.33583815028902,5.56916996047431,6.34709994295028,112
"115",2014,4,5.33333333333333,15,5.76923076923077,2.5,1,4.25,5.5,13,2,1,2,13,1495,1007,488,174,255,1240,6.20527868227425,6.57630585898709,5.4396549795082,5.31091954022989,5.55882352941176,6.33821905645161,113
"116",2014,5,5.86851851851852,27,6.05714285714286,5.20833333333333,5,6.1,5.83958333333333,21,6,2,3,24,1522,1028,494,176,258,1264,6.19930461892247,6.56570038910506,5.4368454048583,5.30738636363636,5.56511627906977,6.32875128955696,114
"117",2014,6,5.95,20,6.41666666666667,5.25,5.5,5.33333333333333,6.05882352941176,12,8,4,3,17,1542,1040,502,180,261,1281,6.19607109597925,6.56398076923077,5.43386778884462,5.31166666666667,5.56245210727969,6.32516911007026,115
"118",2014,7,5.61764705882353,17,5.69230769230769,5.375,4.83333333333333,5.5,5.63333333333333,13,4,3,2,15,1559,1053,506,183,263,1296,6.18976371391918,6.55321937321937,5.43340243083004,5.30382513661202,5.56197718631179,6.31716175154321,116
"119",2014,8,6.10375,16,6.69636363636364,4.8,4.33333333333333,7.5,5.90428571428571,11,5,3,2,14,1575,1064,511,186,265,1310,6.18888992380952,6.5546992481203,5.42720475538161,5.28817204301075,5.57660377358491,6.31274933587786,117
"120",2014,9,5.59444444444444,18,6.25,4.28333333333333,4.56666666666667,3.66666666666667,5.98,12,6,3,3,15,1593,1076,517,189,268,1325,6.1821730257376,6.55130111524163,5.41392965183752,5.27671957671958,5.55522388059701,6.30898236226415,118
"121",2014,10,5.52,25,5.725,4.7,4.5,4.7,5.725,20,5,2,5,20,1618,1096,522,191,273,1345,6.17194167490729,6.53622262773723,5.40709124521073,5.26858638743456,5.53956043956044,6.30029860966543,119
"122",2014,11,5.63181818181818,22,6.00588235294118,4.36,3.9,3.9,5.805,17,5,2,2,20,1640,1113,527,193,275,1365,6.16469611585366,6.52812219227313,5.39715679316888,5.25440414507772,5.52763636363636,6.29304148717949,120
"123",2014,12,5.75,18,6.19230769230769,4.6,5,5,5.84375,13,5,1,2,16,1658,1126,532,194,277,1381,6.160193986731,6.52424511545293,5.38966471804511,5.25309278350515,5.52382671480144,6.28783608254888,121
"124",2015,1,5.81034482758621,29,6.02173913043478,5,5.5,5.16666666666667,5.88461538461539,23,6,4,3,26,1687,1149,538,198,280,1407,6.15417998221695,6.5141862489121,5.38531901486989,5.25808080808081,5.52,6.28038495380242,122
"125",2015,2,6.35652173913043,23,6.6,5.66666666666667,5.5,6,6.37272727272727,17,6,2,1,22,1710,1166,544,200,281,1429,6.1569015380117,6.51543739279588,5.38842211397059,5.2605,5.52170818505338,6.28180659902029,123
"126",2015,3,5.455,20,6.01111111111111,5,5.4,6.3,5.36111111111111,9,11,5,2,18,1730,1175,555,205,283,1447,6.14878706936416,6.51157446808511,5.38072365765766,5.26390243902439,5.52720848056537,6.27035357982032,124
"127",2015,4,6.22631578947368,19,6.15384615384615,6.38333333333333,5.83333333333333,6,6.26875,13,6,3,3,16,1749,1188,561,208,286,1463,6.14962929102344,6.50765993265993,5.39144675579323,5.27211538461538,5.53216783216783,6.27033604237867,125
"128",2015,5,6.125,8,6.125,NA,NA,NA,6.125,8,0,0,0,8,1757,1196,561,208,286,1471,6.14951714854866,6.50510033444816,5.39144675579323,5.27211538461538,5.53216783216783,6.26954563562203,126
"129",2015,6,6,14,6.1,5.75,5.33333333333333,5.5,6.08333333333333,10,4,3,2,12,1771,1206,565,211,288,1483,6.1483351948052,6.50174129353234,5.39398518584071,5.27298578199052,5.53194444444444,6.26803886041807,127
"130",2015,7,5.39583333333333,24,5.76315789473684,4,5.33333333333333,5,5.475,19,5,3,4,20,1795,1225,570,214,292,1503,6.13827388857939,6.49028571428571,5.38175724561404,5.27383177570093,5.52465753424658,6.25748611443779,128
"131",2015,8,5.60869565217391,23,5.8,5.25,5.33333333333333,5.25,5.68421052631579,15,8,3,4,19,1818,1240,578,217,296,1522,6.13157405390539,6.48193548387097,5.37993361591696,5.27465437788018,5.52094594594595,6.25032958607096,129
"132",2015,9,5.575,20,6.5,4.1875,3.875,6.3,5.33333333333333,12,8,4,5,15,1838,1252,586,221,301,1537,6.12551775299238,6.48210862619808,5.36365465870307,5.24932126696833,5.53388704318937,6.24138037085231,130
"133",2015,10,6.28461538461538,13,6.63333333333333,5.5,5.5,NA,6.28461538461538,9,4,2,0,13,1851,1261,590,223,301,1550,6.12663513236089,6.48318794607454,5.36457903389831,5.25156950672646,5.53388704318937,6.24174298709677,131
"134",2015,11,4.79818181818182,22,5.505,3.95,3.83333333333333,3,4.88380952380952,12,10,6,1,21,1873,1273,600,229,302,1571,6.11103130272291,6.47396700706991,5.34100271666667,5.21441048034934,5.52549668874172,6.22359110757479,132
"135",2015,12,5.36842105263158,19,5.42857142857143,5.2,5.5,5.25,5.4,14,5,2,4,15,1892,1287,605,231,306,1586,6.10357380021142,6.46259518259518,5.33983740495868,5.21688311688312,5.5218954248366,6.21580178436318,133
"136",2016,1,6,20,6.05882352941176,5.66666666666667,5,5.625,6.09375,17,3,1,4,16,1912,1304,608,232,310,1602,6.10249039225941,6.45733128834356,5.34145004934211,5.21594827586207,5.52322580645161,6.21458279026217,134
"137",2016,2,5.54761904761905,21,5.63636363636364,5.45,5.4,4.9,5.75,11,10,5,5,16,1933,1315,618,237,315,1618,6.09646230212106,6.45046387832699,5.3432065210356,5.21983122362869,5.51333333333333,6.20998864647713,135
"138",2016,3,5.75,16,6.45833333333333,3.625,3.5,2,6,12,4,2,1,15,1949,1327,622,239,316,1633,6.09361807593638,6.45053504144687,5.33215696141479,5.20543933054393,5.50221518987342,6.20805978567054,136
"139",2016,4,5.69565217391304,23,6.375,4.14285714285714,2,4.5,6.02777777777778,16,7,2,5,18,1972,1343,629,241,321,1651,6.08897648580122,6.44963514519732,5.31892151033386,5.17883817427386,5.48660436137072,6.20609426408237,137
"140",2016,5,6.20588235294118,17,6.43333333333333,4.5,4.5,4,6.34375,15,2,2,1,16,1989,1358,631,243,322,1667,6.08997568124686,6.44945508100147,5.31632587955626,5.17325102880658,5.48198757763975,6.20741549490102,138
"141",2016,6,5.69208333333333,24,6.05555555555556,4.60166666666667,3.8025,5,5.755,18,6,4,2,22,2013,1376,637,247,324,1689,6.0852318082464,6.44430232558139,5.3095943956044,5.15105263157895,5.47901234567901,6.20152257548845,139
"142",2016,7,6.11538461538461,13,6.57142857142857,5.58333333333333,4,5,6.20833333333333,7,6,1,1,12,2026,1383,643,248,325,1701,6.08542528627838,6.44494577006507,5.31214872472784,5.14641129032258,5.47753846153846,6.20157062316285,140
"143",2016,8,5.58636363636364,22,6.49285714285714,4,3.5,4.75,5.77222222222222,14,8,4,4,18,2048,1397,651,252,329,1719,6.08006427246094,6.44542591267,5.29602400921659,5.12027777777778,5.46869300911854,6.1970748283886,141
"144",2016,9,5.78571428571429,14,6,4.5,3,7,5.69230769230769,12,2,1,1,13,2062,1409,653,253,330,1732,6.07806577594569,6.44163236337828,5.29358595712098,5.11189723320158,5.47333333333333,6.19328616050808,142
"145",2016,10,5.83333333333333,21,6.63333333333333,3.83333333333333,4.5,5.25,5.97058823529412,15,6,4,4,17,2083,1424,659,257,334,1749,6.07559847815651,6.44365168539326,5.28029078907436,5.10237354085603,5.47065868263473,6.19112157232704,143
"146",2016,11,5.4448275862069,29,6.11176470588235,4.5,4.33333333333333,7,5.12083333333333,17,12,6,5,24,2112,1441,671,263,339,1773,6.06693732481061,6.43973629424011,5.26633625931446,5.0848288973384,5.49321533923304,6.17663374506486,144
"147",2016,12,5.41304347826087,23,6.03125,4,5,5.5,5.40476190476191,16,7,4,2,21,2135,1457,678,267,341,1794,6.05989303512881,6.43525051475635,5.25326199115044,5.08355805243446,5.49325513196481,6.16759845596432,145
"148",2017,1,6.18,25,6.35,5.5,6.25,5.5,6.23913043478261,20,5,2,2,23,2160,1477,683,269,343,1817,6.06128316203704,6.434096140826,5.25506827232797,5.09223048327138,5.4932944606414,6.16850392405063,146
"149",2017,2,5.8125,24,5.95,5.125,5,NA,5.8125,20,4,4,0,24,2184,1497,687,273,343,1841,6.05854928113553,6.42762859051436,5.25431096069869,5.09087912087912,5.4932944606414,6.16386291689299,147
"150",2017,3,5.9,15,5.95833333333333,5.66666666666667,5,6.5,5.80769230769231,12,3,1,2,13,2199,1509,690,274,345,1854,6.05746777171442,6.42389662027833,5.2561038115942,5.09054744525547,5.49913043478261,6.16136549622438,148
"151",2017,4,5.8125,16,6.5,3.75,4,7,5.73333333333333,12,4,1,1,15,2215,1521,694,275,346,1869,6.05569825282167,6.42449704142012,5.24742309798271,5.08658181818182,5.50346820809248,6.15793024612092,149
"152",2017,5,5.93478260869565,23,6.3125,5.07142857142857,6.25,5,6.02380952380952,16,7,4,2,21,2238,1537,701,279,348,1890,6.05445559874888,6.42333116460637,5.24566566333809,5.10326164874552,5.50057471264368,6.15644001587302,150
"153",2017,6,5.86111111111111,18,5.96428571428571,5.5,4.75,4,5.97058823529412,14,4,2,1,17,2256,1551,705,281,349,1907,6.05291295656029,6.41918762088975,5.24710869503546,5.10074733096085,5.49627507163324,6.15478323544835,151
"154",2017,7,5.03125,16,5.72727272727273,3.5,4,5.5,4.96428571428571,11,5,3,2,14,2272,1562,710,284,351,1921,6.04571814700704,6.41431498079385,5.23480511267606,5.08911971830986,5.4962962962963,6.14610704320666,152
"155",2017,8,5.23529411764706,17,5.88888888888889,4.5,4.33333333333333,6.5,5.06666666666667,9,8,3,2,15,2289,1571,718,287,353,1936,6.03969927042377,6.41130490133673,5.22661786908078,5.08121951219512,5.50198300283286,6.13774361053719,153
"156",2017,9,6.45,20,6.96666666666667,4.9,5.5,NA,6.45,15,5,1,0,20,2309,1586,723,288,353,1956,6.04325319618883,6.41655737704918,5.22435910096819,5.08267361111111,5.50198300283286,6.14093641615542,154
"157",2017,10,5.84736842105263,19,6.00625,5,3,5.5,5.88823529411765,16,3,1,2,17,2328,1602,726,289,355,1973,6.04165448024055,6.41245942571785,5.22343199724518,5.07546712802768,5.50197183098591,6.13875906234161,155
"158",2017,11,5.76315789473684,19,6.55,4.88888888888889,4.6,5.33333333333333,5.84375,10,9,5,3,16,2347,1612,735,294,358,1989,6.03939992756711,6.41331265508685,5.21933555102041,5.06738095238095,5.50055865921788,6.13638593765711,156
"159",2017,12,6.14285714285714,21,6.25,6,6,NA,6.14285714285714,12,9,4,0,21,2368,1624,744,298,358,2010,6.04031741131757,6.41210591133005,5.22877907258065,5.07989932885906,5.50055865921788,6.13645354726368,157
"160",2018,1,6.35,20,6.5,5.9,6.5,6.75,6.30555555555556,15,5,2,2,18,2388,1639,749,300,360,2028,6.0429110678392,6.41291031116534,5.23325985313752,5.08936666666667,5.5075,6.13795445266272,158
"161",2018,2,5.64285714285714,14,6.33333333333333,1.5,1.5,NA,5.64285714285714,12,2,2,0,14,2402,1651,751,302,360,2042,6.04057936303081,6.41233192004845,5.22331774966711,5.06559602649007,5.5075,6.13456005386876,159
"162",2018,3,6.20833333333333,12,6.22727272727273,6,NA,4,6.40909090909091,11,1,0,1,11,2414,1662,752,302,361,2053,6.04141326843414,6.41110709987966,5.22435057180851,5.06559602649007,5.50332409972299,6.1360309936678,160
"163",2018,4,6.125,20,6.58823529411765,3.5,4,7.5,6.05263157894737,17,3,1,1,19,2434,1679,755,303,362,2072,6.04210009449466,6.41290053603335,5.21749884768212,5.06207920792079,5.50883977900552,6.13526623069498,161
"164",2018,5,5.15333333333333,15,5.725,4.5,6.625,5,5.17692307692308,8,7,4,2,13,2449,1687,762,307,364,2085,6.03665644344631,6.40963841138115,5.21090765091864,5.08244299674267,5.50604395604395,6.12929094964029,162
"165",2018,6,5.5,7,5.9,4.5,5,7,5.25,5,2,1,1,6,2456,1692,764,308,365,2091,6.03512688517915,6.40813238770685,5.20904663612566,5.08217532467532,5.51013698630137,6.12676787661406,163
"166",2018,7,4.88888888888889,9,5.66666666666667,4.5,4.25,4,5,3,6,4,1,8,2465,1695,770,312,366,2099,6.0309418377282,6.40682005899705,5.2035215974026,5.07150641025641,5.50601092896175,6.12247338256312,164
"167",2018,8,5.65,10,6.57142857142857,3.5,3.25,NA,5.65,7,3,2,0,10,2475,1702,773,314,366,2109,6.02940267878788,6.40749706227967,5.19691025873221,5.05990445859873,5.50601092896175,6.1202331104789,165
"168",2018,9,4.9375,8,4.5,8,NA,5,4.91666666666667,7,1,0,2,6,2483,1709,774,314,368,2115,6.02588466774064,6.39968402574605,5.20053182170543,5.05990445859873,5.50326086956522,6.11681873758865,166
"169",2018,10,6.32352941176471,17,6.46428571428571,5.66666666666667,6,NA,6.32352941176471,14,3,1,0,17,2500,1723,777,315,368,2132,6.027908652,6.40020893789901,5.20233157014157,5.06288888888889,5.50326086956522,6.11846699343339,167
"170",2018,11,5.79545454545455,11,6.10714285714286,5.25,5.25,6,5.75,7,4,4,2,9,2511,1730,781,319,370,2141,6.02689033452808,6.39902312138728,5.2025757106274,5.06523510971787,5.50594594594594,6.11691808967772,168
"171",2018,12,6.54166666666667,12,6.76666666666667,5.86666666666667,5,6.05,6.64,9,3,1,2,10,2523,1739,784,320,372,2151,6.02933873563219,6.40092581943646,5.205116875,5.06503125,5.50887096774193,6.11934989772199,169
"172",2019,1,5.77777777777778,9,6.8,4.5,5,5.73333333333333,5.8,5,4,2,3,6,2532,1744,788,322,375,2157,6.02844456161138,6.40206995412844,5.20153760152284,5.06462732919255,5.51066666666666,6.1184615808994,170
"173",2019,2,5.596,15,5.745,5,4,6,5.56714285714286,12,3,2,1,14,2547,1756,791,324,376,2171,6.02589777385159,6.39757972665148,5.20077323640961,5.05805555555556,5.51196808510638,6.11490632427453,171
"174",2019,3,5.53714285714286,14,5.46,6,NA,6,5.50153846153846,12,2,0,1,13,2561,1768,793,324,377,2184,6.0232259390863,6.39121606334841,5.2027889407314,5.05805555555556,5.51326259946949,6.11125532509157,172
"175",2019,4,5.24444444444444,9,5.675,4.9,4.875,4.75,5.38571428571429,4,5,4,2,7,2570,1772,798,328,379,2191,6.02049868871596,6.3895993227991,5.20089176691729,5.05582317073171,5.50923482849604,6.10893730260155,173
"176",2019,5,5.63333333333333,15,6.22222222222222,4.75,4.875,NA,5.63333333333333,9,6,4,0,15,2585,1781,804,332,379,2206,6.01825208123791,6.38875350926446,5.19752690298508,5.05364457831325,5.50923482849604,6.10570336808703,174
"177",2019,6,5.86363636363636,11,5.94444444444444,5.5,NA,NA,5.86363636363636,9,2,0,0,11,2596,1790,806,332,379,2217,6.01759692989214,6.38651955307262,5.19827745657568,5.05364457831325,5.50923482849604,6.10450231393775,175
"178",2019,7,6,13,6.27272727272727,4.5,4,6.5,5.90909090909091,11,2,1,2,11,2609,1801,808,333,381,2228,6.01750924875432,6.38582454192115,5.1965490470297,5.05048048048048,5.51443569553806,6.10353753590664,176
"179",2019,8,6.85714285714286,7,6.85714285714286,NA,NA,NA,6.85714285714286,7,0,0,0,7,2616,1808,808,333,381,2235,6.01975597477065,6.38764933628318,5.1965490470297,5.05048048048048,5.51443569553806,6.10589782102908,177
"180",2019,9,4.87948692307692,13,5.49047571428571,4.16666666666667,3.8,5,4.85757545454545,7,6,5,2,11,2629,1815,814,338,383,2246,6.01411751996957,6.38418916253443,5.18895777641278,5.03198224852071,5.51174934725848,6.09978404274265,178
"181",2019,10,5.71875,16,5.86363636363636,5.4,5.4,4.66666666666667,5.96153846153846,11,5,5,3,13,2645,1826,819,343,386,2259,6.01233079773157,6.38105330230011,5.19024619047619,5.03734693877551,5.50518134715026,6.09898847277556,179
"182",2019,11,6.06363636363636,11,6.32857142857143,5.6,NA,NA,6.06363636363636,7,4,0,0,11,2656,1833,823,343,386,2270,6.01254328313253,6.38085288052373,5.19223770352369,5.03734693877551,5.50518134715026,6.09881716299559,180
"183",2019,12,6.14285714285714,7,6.5,4,NA,8,5.83333333333333,6,1,0,1,6,2663,1839,824,343,387,2276,6.01288582801352,6.38124161500815,5.1907908131068,5.03734693877551,5.51162790697674,6.09811729349736,181
"184",2020,1,5.75,24,5.97368421052632,4.9,5.75,5.6,5.78947368421053,19,5,4,5,19,2687,1858,829,347,392,2295,6.01053775958318,6.37707391280947,5.18903694813028,5.04556195965418,5.51275510204081,6.09556207407407,182
"185",2020,2,6.71875,16,6.5,7.2,6.66666666666667,7,6.7,11,5,3,1,15,2703,1869,834,350,393,2310,6.01472991490936,6.37779739432852,5.20109308153477,5.05945714285714,5.51653944020356,6.099486995671,183
"186",2020,3,6.35989583333333,12,6.48352272727273,5,5,NA,6.35989583333333,11,1,1,0,12,2715,1880,835,351,393,2322,6.01625551012892,6.378416,5.20085225149701,5.05928774928775,5.51653944020356,6.10083277777778,184
"187",2020,4,5.93181818181818,11,6.65625,4,NA,5,6.025,8,3,0,1,10,2726,1888,838,351,394,2332,6.01591478723405,6.37959326271186,5.19655325775656,5.05928774928775,5.51522842639594,6.10050759433962,185
"188",2020,5,5,13,5.5,3.33333333333333,5,5.5,4.90909090909091,10,3,1,2,11,2739,1898,841,352,396,2343,6.01109299379336,6.37495894625922,5.18990681331748,5.05911931818182,5.51515151515151,6.09491408877507,186
"189",2020,6,5.16666666666667,12,6.14285714285714,3.8,5,7,4.8,7,5,3,2,10,2751,1905,846,355,398,2353,6.00740956379499,6.37410607874016,5.18169223404255,5.05861971830986,5.52261306532663,6.08941084147896,187
"190",2020,7,6.5,8,6.42857142857143,7,7,3,7,7,1,1,1,7,2759,1912,847,356,399,2360,6.00883787966655,6.37430548117155,5.18383899645809,5.06407303370787,5.51629072681704,6.09211174152542,188
"191",2020,8,4.8125,8,5.33333333333333,3.25,4.5,3.25,5.33333333333333,6,2,1,2,6,2767,1918,849,357,401,2366,6.00537900614384,6.37104905109489,5.17928342756184,5.06249299719888,5.50498753117207,6.09018753592561,189
"192",2020,9,4.94444444444444,9,5.41666666666667,4,5,3,5.5,6,3,2,2,7,2776,1924,852,359,403,2373,6.00193937680116,6.3680728066528,5.17513102112676,5.06214484679666,5.49255583126551,6.08844656974294,190
"193",2020,10,5.64285714285714,7,5.64285714285714,NA,NA,4.75,6,7,0,0,2,5,2783,1931,852,359,405,2378,6.00103618756738,6.36544385292594,5.17513102112676,5.06214484679666,5.48888888888889,6.08826060134567,191
"194",2020,11,6.3433325,4,6.686665,6,6,NA,6.3433325,2,2,1,0,4,2787,1933,854,360,405,2382,6.00152746322211,6.36577620796689,5.17706279859485,5.06475,5.48888888888889,6.08868893366918,192
"195",2020,12,4.875,12,5.4375,3.75,3,NA,4.875,8,4,3,0,12,2799,1941,858,363,405,2394,5.99669776348696,6.36195023699124,5.17040982517482,5.04768595041322,5.48888888888889,6.08260527986633,193
"196",2021,1,5.47368421052632,19,5.83333333333333,4.125,5.75,NA,5.47368421052632,15,4,2,0,19,2818,1956,862,365,405,2413,5.99317141234919,6.35789642638037,5.16555873549884,5.05153424657534,5.48888888888889,6.07781062577704,194
"197",2021,2,6.31818181818182,11,6.55555555555556,5.25,5.5,NA,6.31818181818182,9,2,1,0,11,2829,1965,864,366,405,2424,5.99443515022977,6.35880173536896,5.16575420138889,5.05275956284153,5.48888888888889,6.07890141914191,195
"198",2021,3,5.92857142857143,14,6.5,4.9,4.625,7,5.75,9,5,4,2,12,2843,1974,869,370,407,2436,5.99411081252199,6.3594454964539,5.16422512082854,5.04813513513514,5.49631449631449,6.07728121510673,196
"199",2021,4,5.94444444444444,9,6.41666666666667,5,5,NA,5.94444444444444,6,3,1,0,9,2852,1980,872,371,407,2445,5.99395408134643,6.35961889393939,5.16366012614679,5.04800539083558,5.49631449631449,6.07679224539877,197
"200",2021,5,6.01428571428571,7,5.875,6.2,NA,2,6.68333333333333,4,3,0,1,6,2859,1984,875,371,408,2451,5.99400386149003,6.35864183971774,5.16721329142857,5.04800539083558,5.48774509803921,6.07827704610363,198
"201",2021,6,7.03571428571429,14,7.125,6.5,NA,7.66666666666667,6.86363636363636,12,2,0,3,11,2873,1996,877,371,411,2462,5.99908006961365,6.36324920340681,5.17025271379704,5.04800539083558,5.50364963503649,6.08178596263201,199
"202",2021,7,5.6,10,5.75,5,5,NA,5.6,8,2,2,0,10,2883,2004,879,373,411,2472,5.99769581685744,6.36080110279441,5.16986533560865,5.04774798927614,5.50364963503649,6.07983699029126,200
"203",2021,8,5.09090909090909,11,6.4,4,4.66666666666667,5,5.11111111111111,5,6,3,2,9,2894,2009,885,376,413,2481,5.99424914996545,6.36089866102538,5.16193404519774,5.04470744680851,5.50121065375302,6.07632286981056,201
"204",2021,9,4.692,10,5,4.23,4.46,NA,4.692,6,4,2,0,10,2904,2015,889,378,413,2491,5.98976482093664,6.3568463573201,5.15774086614173,5.04161375661376,5.50121065375302,6.07076557205941,202
"205",2021,10,6.22222222222222,9,6.85714285714286,4,NA,9,5.875,7,2,0,1,8,2913,2022,891,378,414,2499,5.99048302094061,6.35857834322453,5.15514212121212,5.04161375661376,5.50966183574879,6.07013887154862,203
"206",2021,11,6.1,10,7,4,3.5,6.5,6,7,3,2,2,8,2923,2029,894,380,416,2507,5.99085769414985,6.36079123213405,5.15126580536913,5.0335,5.51442307692307,6.06991505384922,204
"207",2021,12,5.49769230769231,13,5.698,4.83,4.5,NA,5.49769230769231,10,3,1,0,13,2936,2039,897,381,416,2520,5.98867405994551,6.35754066208926,5.15019133779264,5.03209973753281,5.51442307692307,6.06696311111111,205
"208",2022,1,6.09523809523809,21,6.05882352941176,6.25,6,7,6,17,4,1,2,19,2957,2056,901,382,418,2539,5.98943085559689,6.35507072470817,5.15507395116537,5.0346335078534,5.52153110047847,6.06646200866483,206
"209",2022,2,6.04285714285714,7,5.38333333333333,10,NA,5,6.21666666666667,6,1,0,1,6,2964,2062,902,382,419,2545,5.98955703103914,6.35224316682832,5.16044526607539,5.0346335078534,5.52028639618138,6.06681612573674,207
"210",2022,3,6.42857142857143,7,7,5.66666666666667,7,NA,6.42857142857143,4,3,2,0,7,2971,2066,905,384,419,2552,5.99059139683608,6.35349729428848,5.1621233480663,5.04486979166667,5.52028639618138,6.06780840125392,208
"211",2022,4,4.71428571428571,7,5.4,3,3,NA,4.71428571428571,5,2,1,0,7,2978,2071,907,385,419,2559,5.98759134989926,6.35119527281506,5.15735571113561,5.03955844155844,5.52028639618138,6.06410591637358,209
"212",2022,5,6.33333333333333,9,6.375,6,6,NA,6.33333333333333,8,1,1,0,9,2987,2079,908,386,419,2568,5.98863309005691,6.35128687349687,5.15828373348018,5.04204663212435,5.52028639618138,6.06504947040498,210
"213",2022,6,4.75,4,4.66666666666667,5,5,5,4.66666666666667,3,1,1,1,3,2991,2082,909,387,420,2571,5.98697660982949,6.34885946685879,5.1581096039604,5.04193798449613,5.51904761904762,6.06341775184753,211
"214",2022,7,6.75,8,7.8,5,NA,5,7.33333333333333,5,3,0,2,6,2999,2087,912,387,422,2577,5.98901201733911,6.35233608528989,5.15758950657895,5.04193798449613,5.51658767772512,6.06637448195576,212
"215",2022,8,6.58333333333333,6,6.58333333333333,NA,NA,5.5,7.125,6,0,0,2,4,3005,2093,912,387,424,2581,5.99019868219634,6.35299828475872,5.15758950657895,5.04193798449613,5.51650943396226,6.06801512592019,213
"216",2022,9,6.48111166666667,6,6.48111166666667,NA,NA,NA,6.48111166666667,6,0,0,0,6,3011,2099,912,387,424,2587,5.99117692128861,6.3533644973797,5.15758950657895,5.04193798449613,5.51650943396226,6.0689732160804,214
"217",2022,10,5.15,12,5.475,4.5,NA,4,5.25454545454545,8,4,0,1,11,3023,2107,916,387,425,2598,5.98783781343037,6.35002946369245,5.15471793668122,5.04193798449613,5.51294117647059,6.06552490762125,215
"218",2022,11,6.09090909090909,11,7.14285714285714,4.25,6,NA,6.09090909090909,7,4,1,0,11,3034,2114,920,388,425,2609,5.98821150626236,6.35265472090823,5.15078438043478,5.04440721649485,5.51294117647059,6.06563193177463,216
"219",2022,12,6.22222222222222,9,7.2,5,5.33333333333333,NA,6.22222222222222,5,4,3,0,9,3043,2119,924,391,425,2618,5.98890361813999,6.35465411986786,5.15013163419913,5.04662404092072,5.51294117647059,6.06617024828113,217
