"","year","month","avg_rating","no_ratings","avg_rating_owned","avg_rating_not_owned","avg_rating_prev_owned","avg_rating_comment","avg_rating_no_comment","no_ratings_owned","no_ratings_not_owned","no_ratings_prev_owned","no_ratings_comment","no_ratings_no_comment","cum_no_ratings","cum_no_ratings_owned","cum_no_ratings_not_owned","cum_no_ratings_prev_owned","cum_no_ratings_comment","cum_no_ratings_no_comment","cum_avg_rating","cum_avg_rating_owned","cum_avg_rating_not_owned","cum_avg_rating_prev_owned","cum_avg_rating_comment","cum_avg_rating_no_comment","month_after_release"
"1",2001,5,7,2,7,NA,NA,8,6,2,0,0,1,1,2,2,0,0,1,1,7,7,NA,NA,8,6,0
"2",2001,6,6,1,NA,6,NA,NA,6,0,1,0,0,1,3,2,1,0,1,2,6.66666666666667,7,6,NA,8,6,1
"3",2001,7,7,1,7,NA,NA,NA,7,1,0,0,0,1,4,3,1,0,1,3,6.75,7,6,NA,8,6.33333333333333,2
"4",2001,8,5.5,2,NA,5.5,NA,6,5,0,2,0,1,1,6,3,3,0,2,4,6.33333333333333,7,5.66666666666667,NA,7,6,3
"5",2001,9,5,2,5,5,NA,NA,5,1,1,0,0,2,8,4,4,0,2,6,6,6.5,5.5,NA,7,5.66666666666667,4
"6",2001,11,6.4,5,6.5,6,NA,6,6.66666666666667,4,1,0,2,3,13,8,5,0,4,9,6.15384615384615,6.5,5.6,NA,6.5,6,6
"7",2001,12,8,1,NA,8,NA,NA,8,0,1,0,0,1,14,8,6,0,4,10,6.28571428571429,6.5,6,NA,6.5,6.2,7
"8",2002,1,6.5,2,6.5,NA,NA,NA,6.5,2,0,0,0,2,16,10,6,0,4,12,6.3125,6.5,6,NA,6.5,6.25,8
"9",2002,2,8,1,8,NA,NA,NA,8,1,0,0,0,1,17,11,6,0,4,13,6.41176470588235,6.63636363636364,6,NA,6.5,6.38461538461539,9
"10",2002,3,7,1,7,NA,NA,7,NA,1,0,0,1,0,18,12,6,0,5,13,6.44444444444444,6.66666666666667,6,NA,6.6,6.38461538461539,10
"11",2002,4,5.5,2,4,7,7,5.5,NA,1,1,1,2,0,20,13,7,1,7,13,6.35,6.46153846153846,6.14285714285714,7,6.28571428571429,6.38461538461539,11
"12",2002,5,7.5,2,8,7,NA,NA,7.5,1,1,0,0,2,22,14,8,1,7,15,6.45454545454545,6.57142857142857,6.25,7,6.28571428571429,6.53333333333333,12
"13",2002,6,6.5,5,6.83333333333333,6,6,6,6.83333333333333,3,2,1,2,3,27,17,10,2,9,18,6.46296296296296,6.61764705882353,6.2,6.5,6.22222222222222,6.58333333333333,13
"14",2002,7,7,1,7,NA,NA,7,NA,1,0,0,1,0,28,18,10,2,10,18,6.48214285714286,6.63888888888889,6.2,6.5,6.3,6.58333333333333,14
"15",2002,8,6,6,6,6,NA,NA,6,5,1,0,0,6,34,23,11,2,10,24,6.39705882352941,6.5,6.18181818181818,6.5,6.3,6.4375,15
"16",2002,9,6.33333333333333,3,6,7,NA,5,7,2,1,0,1,2,37,25,12,2,11,26,6.39189189189189,6.46,6.25,6.5,6.18181818181818,6.48076923076923,16
"17",2002,10,7.33333333333333,3,7,8,8,6,8,2,1,1,1,2,40,27,13,3,12,28,6.4625,6.5,6.38461538461539,7,6.16666666666667,6.58928571428571,17
"18",2002,11,7.1,5,7,7.5,NA,6.75,7.33333333333333,4,1,0,2,3,45,31,14,3,14,31,6.53333333333333,6.56451612903226,6.46428571428571,7,6.25,6.66129032258065,18
"19",2002,12,6,3,6,NA,NA,NA,6,3,0,0,0,3,48,34,14,3,14,34,6.5,6.51470588235294,6.46428571428571,7,6.25,6.60294117647059,19
"20",2003,1,6.33333333333333,6,6.33333333333333,NA,NA,6,6.4,6,0,0,1,5,54,40,14,3,15,39,6.48148148148148,6.4875,6.46428571428571,7,6.23333333333333,6.57692307692308,20
"21",2003,2,5,4,5.66666666666667,3,NA,NA,5,3,1,0,0,4,58,43,15,3,15,43,6.37931034482759,6.43023255813953,6.23333333333333,7,6.23333333333333,6.43023255813953,21
"22",2003,3,8,1,8,NA,NA,8,NA,1,0,0,1,0,59,44,15,3,16,43,6.40677966101695,6.46590909090909,6.23333333333333,7,6.34375,6.43023255813953,22
"23",2003,4,6.66666666666667,3,6.66666666666667,NA,NA,8,6,3,0,0,1,2,62,47,15,3,17,45,6.41935483870968,6.47872340425532,6.23333333333333,7,6.44117647058824,6.41111111111111,23
"24",2003,5,5.66666666666667,6,6,5.33333333333333,5,5.66666666666667,5.66666666666667,3,3,1,3,3,68,50,18,4,20,48,6.35294117647059,6.45,6.08333333333333,6.5,6.325,6.36458333333333,24
"25",2003,6,6.25,4,6.25,NA,NA,7,4,4,0,0,3,1,72,54,18,4,23,49,6.34722222222222,6.43518518518519,6.08333333333333,6.5,6.41304347826087,6.31632653061224,25
"26",2003,7,5.90909090909091,22,5.88235294117647,6,5.66666666666667,5.76923076923077,6.11111111111111,17,5,3,13,9,94,71,23,7,36,58,6.24468085106383,6.30281690140845,6.06521739130435,6.14285714285714,6.18055555555556,6.28448275862069,26
"27",2003,8,6,10,5.91666666666667,6.125,5,5.6,6.4,6,4,1,5,5,104,77,27,8,41,63,6.22115384615385,6.27272727272727,6.07407407407407,6,6.10975609756098,6.29365079365079,27
"28",2003,9,6.9375,8,7.33333333333333,5.75,NA,9.5,6.08333333333333,6,2,0,2,6,112,83,29,8,43,69,6.27232142857143,6.34939759036145,6.05172413793103,6,6.26744186046512,6.27536231884058,28
"29",2003,10,6,4,6.5,5.5,NA,6,6,2,2,0,1,3,116,85,31,8,44,72,6.26293103448276,6.35294117647059,6.01612903225806,6,6.26136363636364,6.26388888888889,29
"30",2003,11,7.75,2,7.75,NA,NA,7.5,8,2,0,0,1,1,118,87,31,8,45,73,6.28813559322034,6.38505747126437,6.01612903225806,6,6.28888888888889,6.28767123287671,30
"31",2003,12,5.5,4,6.5,4.5,NA,6,5.33333333333333,2,2,0,1,3,122,89,33,8,46,76,6.26229508196721,6.3876404494382,5.92424242424242,6,6.28260869565217,6.25,31
"32",2004,1,5.77777777777778,9,5.85714285714286,5.5,NA,2,6.25,7,2,0,1,8,131,96,35,8,47,84,6.22900763358779,6.34895833333333,5.9,6,6.19148936170213,6.25,32
"33",2004,2,7.12142857142857,14,7.54545454545455,5.56666666666667,5,7.5,6.8375,11,3,1,6,8,145,107,38,9,53,92,6.3151724137931,6.47196261682243,5.87368421052632,5.88888888888889,6.33962264150943,6.30108695652174,33
"34",2004,3,7.3125,8,7.28571428571429,7.5,7.5,8,7.08333333333333,7,1,1,2,6,153,114,39,10,55,98,6.36732026143791,6.5219298245614,5.91538461538461,6.05,6.4,6.34897959183674,34
"35",2004,4,7,8,7.5,6.5,6,6,7.14285714285714,4,4,1,1,7,161,118,43,11,56,105,6.39875776397515,6.55508474576271,5.96976744186046,6.04545454545455,6.39285714285714,6.40190476190476,35
"36",2004,5,5.59,10,5.33333333333333,5.975,NA,6.25,5.15,6,4,0,4,6,171,124,47,11,60,111,6.35146198830409,6.49596774193548,5.97021276595745,6.04545454545455,6.38333333333333,6.33423423423423,36
"37",2004,6,6.54545454545455,11,6.55555555555556,6.5,7,7,6.5,9,2,1,1,10,182,133,49,12,61,121,6.36318681318681,6.5,5.99183673469388,6.125,6.39344262295082,6.34793388429752,37
"38",2004,7,6.55,10,6.75,5.75,NA,7.125,6.16666666666667,8,2,0,4,6,192,141,51,12,65,127,6.37291666666667,6.51418439716312,5.98235294117647,6.125,6.43846153846154,6.33937007874016,38
"39",2004,8,6.4,5,6.4,NA,NA,6.5,6,5,0,0,4,1,197,146,51,12,69,128,6.37360406091371,6.51027397260274,5.98235294117647,6.125,6.44202898550725,6.33671875,39
"40",2004,9,7.08333333333333,6,7.125,7,7,7.375,6.5,4,2,1,4,2,203,150,53,13,73,130,6.39458128078818,6.52666666666667,6.02075471698113,6.19230769230769,6.49315068493151,6.33923076923077,40
"41",2004,10,6.45833333333333,12,6.0625,7.25,7.33333333333333,7,6.1875,8,4,3,4,8,215,158,57,16,77,138,6.39813953488372,6.50316455696202,6.10701754385965,6.40625,6.51948051948052,6.3304347826087,41
"42",2004,11,5.88461538461539,13,5.77272727272727,6.5,5,6.16666666666667,5.8,11,2,1,3,10,228,169,59,17,80,148,6.36885964912281,6.45562130177515,6.12033898305085,6.32352941176471,6.50625,6.29459459459459,42
"43",2004,12,7.2,5,7.2,NA,NA,7.5,6,5,0,0,4,1,233,174,59,17,84,149,6.38669527896996,6.47701149425287,6.12033898305085,6.32352941176471,6.55357142857143,6.29261744966443,43
"44",2005,1,6.70833333333333,12,6.77272727272727,6,NA,6.83333333333333,6.66666666666667,11,1,0,3,9,245,185,60,17,87,158,6.40244897959184,6.49459459459459,6.11833333333333,6.32352941176471,6.5632183908046,6.31392405063291,44
"45",2005,2,5.875,8,5.85714285714286,6,NA,5.66666666666667,6,7,1,0,3,5,253,192,61,17,90,163,6.38577075098814,6.47135416666667,6.11639344262295,6.32352941176471,6.53333333333333,6.30429447852761,45
"46",2005,3,6.5,6,6.4,7,7,6.8,5,5,1,1,5,1,259,197,62,18,95,164,6.38841698841699,6.46954314720812,6.13064516129032,6.36111111111111,6.54736842105263,6.29634146341463,46
"47",2005,4,6.5,8,7,5.66666666666667,NA,6.75,6.25,5,3,0,4,4,267,202,65,18,99,168,6.39176029962547,6.48267326732673,6.10923076923077,6.36111111111111,6.55555555555556,6.2952380952381,47
"48",2005,5,5.91666666666667,12,6.125,5.5,5.66666666666667,6.5,4.75,8,4,3,8,4,279,210,69,21,107,172,6.37132616487455,6.46904761904762,6.07391304347826,6.26190476190476,6.55140186915888,6.25930232558139,48
"49",2005,6,5.78125,16,6.25,5.5,6.16666666666667,5.88888888888889,5.64285714285714,6,10,6,9,7,295,216,79,27,116,179,6.33932203389831,6.46296296296296,6.00126582278481,6.24074074074074,6.5,6.23519553072626,49
"50",2005,7,6.2625,8,6.3,6,6,6,6.42,7,1,1,3,5,303,223,80,28,119,184,6.33729372937294,6.45784753363229,6.00125,6.23214285714286,6.48739495798319,6.24021739130435,50
"51",2005,8,5.49,10,5.55714285714286,5.33333333333333,NA,5.45,5.55,7,3,0,6,4,313,230,83,28,125,188,6.31022364217252,6.4304347826087,5.97710843373494,6.23214285714286,6.4376,6.22553191489362,51
"52",2005,9,5.81818181818182,11,5.75,6,NA,6,5.71428571428571,8,3,0,4,7,324,238,86,28,129,195,6.29351851851852,6.40756302521008,5.97790697674419,6.23214285714286,6.42403100775194,6.20717948717949,52
"53",2005,10,5.96875,16,5.92307692307692,6.16666666666667,NA,5.6875,6.25,13,3,0,8,8,340,251,89,28,137,203,6.27823529411765,6.38247011952191,5.98426966292135,6.23214285714286,6.38102189781022,6.20886699507389,53
"54",2005,11,6.03333333333333,15,6.27777777777778,5.66666666666667,NA,5.66666666666667,6.125,9,6,0,3,12,355,260,95,28,140,215,6.26788732394366,6.37884615384615,5.96421052631579,6.23214285714286,6.36571428571429,6.20418604651163,54
"55",2005,12,6.17058823529412,17,6.575,5.2,NA,6.35714285714286,6.04,12,5,0,7,10,372,272,100,28,147,225,6.26344086021505,6.3875,5.926,6.23214285714286,6.36530612244898,6.19688888888889,55
"56",2006,1,6.63333333333333,15,6.73076923076923,6,NA,7.21428571428571,6.125,13,2,0,7,8,387,285,102,28,154,233,6.27777777777778,6.40315789473684,5.92745098039216,6.23214285714286,6.4038961038961,6.19442060085837,56
"57",2006,2,6.375,12,6.83333333333333,5.91666666666667,5,6.4,6.35714285714286,6,6,1,5,7,399,291,108,29,159,240,6.28070175438596,6.41202749140894,5.92685185185185,6.18965517241379,6.40377358490566,6.19916666666667,57
"58",2006,3,6.44444444444444,9,6.5,6.33333333333333,NA,6.5,6.42857142857143,6,3,0,2,7,408,297,111,29,161,247,6.2843137254902,6.41380471380471,5.93783783783784,6.18965517241379,6.40496894409938,6.20566801619433,58
"59",2006,4,6.66666666666667,9,6.625,7,7,6.83333333333333,6.58333333333333,8,1,1,3,6,417,305,112,30,164,253,6.29256594724221,6.41934426229508,5.94732142857143,6.21666666666667,6.41280487804878,6.21462450592885,59
"60",2006,5,6.23333333333333,15,6.20833333333333,6.33333333333333,7,6.6,6.05,12,3,2,5,10,432,317,115,32,169,263,6.29050925925926,6.41135646687697,5.95739130434783,6.265625,6.41834319526627,6.20836501901141,60
"61",2006,6,6.14,10,6.04444444444444,7,NA,6.25,6.06666666666667,9,1,0,4,6,442,326,116,32,173,269,6.28710407239819,6.40122699386503,5.96637931034483,6.265625,6.41445086705202,6.20520446096654,61
"62",2006,7,6.58333333333333,18,6.54545454545455,6.64285714285714,6.66666666666667,6.8,6.5,11,7,3,5,13,460,337,123,35,178,282,6.29869565217391,6.40593471810089,6.00487804878049,6.3,6.4252808988764,6.21879432624113,62
"63",2006,8,6.1375,8,6.62,5.33333333333333,NA,7.66666666666667,5.22,5,3,0,3,5,468,342,126,35,181,287,6.29594017094017,6.40906432748538,5.98888888888889,6.3,6.44585635359116,6.201393728223,63
"64",2006,9,6.80769230769231,13,6.8,6.83333333333333,6,6.7,6.875,10,3,1,5,8,481,352,129,36,186,295,6.30977130977131,6.42017045454546,6.00852713178295,6.29166666666667,6.45268817204301,6.21966101694915,64
"65",2006,10,6.38235294117647,17,6.33333333333333,6.4375,6.16666666666667,5.9,6.58333333333333,9,8,3,5,12,498,361,137,39,191,307,6.31224899598394,6.41800554016621,6.03357664233577,6.28205128205128,6.43821989528796,6.23387622149837,65
"66",2006,11,6.08333333333333,12,6.83333333333333,5.33333333333333,5,6,6.16666666666667,6,6,3,6,6,510,367,143,42,197,313,6.30686274509804,6.42479564032698,6.0041958041958,6.19047619047619,6.4248730964467,6.23258785942492,66
"67",2006,12,6.32142857142857,28,6.65789473684211,5.61111111111111,6,6.53846153846154,6.13333333333333,19,9,1,13,15,538,386,152,43,210,328,6.30762081784387,6.43626943005181,5.98092105263158,6.18604651162791,6.43190476190476,6.2280487804878,67
"68",2007,1,6.12,25,5.94117647058824,6.5,8,5.85714285714286,6.22222222222222,17,8,1,7,18,563,403,160,44,217,346,6.29928952042629,6.41538461538462,6.006875,6.22727272727273,6.41336405529954,6.22774566473989,68
"69",2007,2,6.2633372,25,6.25,6.29763285714286,6,6.71666666666667,6.12018052631579,18,7,2,6,19,588,421,167,46,223,365,6.29776093537415,6.4083135391924,6.01906245508982,6.21739130434783,6.42152466367713,6.22214638356164,69
"70",2007,3,6.18571428571429,14,5.95,6.5,6.5,6.07142857142857,6.3,8,6,2,7,7,602,429,173,48,230,372,6.29515519933555,6.3997668997669,6.0357423699422,6.22916666666667,6.41086956521739,6.22361137096774,70
"71",2007,4,6.546875,16,6.925,5.91666666666667,4,6.25,6.84375,10,6,1,8,8,618,439,179,49,238,380,6.30167221682848,6.41173120728929,6.03175100558659,6.18367346938776,6.40546218487395,6.23666692105263,71
"72",2007,5,6.43181818181818,22,6.62941176470588,5.76,NA,6.08,6.725,17,5,0,10,12,640,456,184,49,248,392,6.306145984375,6.41984649122807,6.02436646739131,6.18367346938776,6.39233870967742,6.25161589285714,72
"73",2007,6,6.20833333333333,24,6.21052631578947,6.2,6.5,6.65,5.89285714285714,19,5,2,10,14,664,475,189,51,258,406,6.3026105873494,6.41147368421053,6.02901285714286,6.19607843137255,6.40232558139535,6.23924490147783,73
"74",2007,7,6.47,20,6.4,6.54,6.4,6.3,6.58333333333333,10,10,5,8,12,684,485,199,56,266,418,6.30750501461988,6.41123711340206,6.05469060301508,6.21428571428571,6.39924812030075,6.24912303827751,74
"75",2007,8,6.25625,24,6.03421052631579,7.1,NA,5.71428571428571,6.47941176470588,19,5,0,7,17,708,504,204,56,273,435,6.30576755649717,6.39702380952381,6.08031093137255,6.21428571428571,6.38168498168498,6.25812282758621,75
"76",2007,9,6.57222222222222,18,6.70625,5.5,NA,6.975,6.25,16,2,0,8,10,726,520,206,56,281,445,6.31237387052342,6.40653846153846,6.0746768446602,6.21428571428571,6.39857651245552,6.25794029213483,76
"77",2007,10,6.16958333333333,24,6.57333333333333,5.49666666666667,NA,6.22428571428571,6.14705882352941,15,9,0,7,17,750,535,215,56,288,462,6.30780457333333,6.41121495327103,6.05048106976744,6.21428571428571,6.39434027777778,6.25386023809524,77
"78",2007,11,6.03714285714286,35,6.29166666666667,5.48181818181818,5.83333333333333,6.28571428571429,5.87142857142857,24,11,3,14,21,785,559,226,59,302,483,6.29573685350318,6.40608228980322,6.02280278761062,6.19491525423729,6.38930463576159,6.23723277432712,78
"79",2007,12,6.41666666666667,36,6.78,5.59090909090909,8,6.65384615384615,6.28260869565217,25,11,1,13,23,821,584,237,60,315,506,6.30103950060901,6.42208904109589,6.0027570886076,6.225,6.40022222222222,6.23929531620553,79
"80",2008,1,6.73913043478261,46,6.80645161290323,6.6,6.5,6.68181818181818,6.79166666666667,31,15,4,22,24,867,615,252,64,337,530,6.32428307958477,6.44146341463415,6.03830726190476,6.2421875,6.41860534124629,6.26430835849057,80
"81",2008,2,6.93333333333333,30,7.26190476190476,6.16666666666667,6.625,6.72727272727273,7.05263157894737,21,9,4,11,19,897,636,261,68,348,549,6.34465265328874,6.4685534591195,6.04273344827586,6.26470588235294,6.42836206896552,6.29159094717668,81
"82",2008,3,6.46875,24,7.07692307692308,5.75,6.33333333333333,6.59615384615385,6.31818181818182,13,11,3,13,11,921,649,272,71,361,560,6.34788646036916,6.48073959938367,6.0308949632353,6.26760563380282,6.43440443213296,6.29211326785714,82
"83",2008,4,6.33333333333333,33,6.56521739130435,5.8,5.8,5.84615384615385,6.65,23,10,5,13,20,954,672,282,76,374,580,6.34738305031446,6.48363095238095,6.02270719858156,6.23684210526316,6.41395721925134,6.30445418965517,83
"84",2008,5,6.53478260869565,23,6.45625,6.71428571428571,6.5,6.75454545454545,6.33333333333333,16,7,2,11,12,977,688,289,78,385,592,6.35179470829069,6.48299418604651,6.03945823529412,6.24358974358974,6.42368831168831,6.3050395777027,84
"85",2008,6,6.2962962962963,27,6.64285714285714,5.08333333333333,NA,6,6.42105263157895,21,6,0,8,19,1004,709,295,78,393,611,6.35030222111554,6.48772919605078,6.02001162711865,6.24358974358974,6.41506361323155,6.30864718494272,85
"86",2008,7,6.13194444444444,36,6.69318181818182,5.25,4.72222222222222,6.171875,6.1,22,14,9,16,20,1040,731,309,87,409,631,6.34274368269231,6.49391244870041,5.98512436893204,6.08620689655172,6.40555012224939,6.30203396196513,86
"87",2008,8,6.296875,32,6.325,6.25,6.1875,6.2,6.34090909090909,20,12,8,10,22,1072,751,321,95,419,653,6.34137446828358,6.48941411451398,5.99502626168224,6.09473684210526,6.40064439140811,6.3033436906585,87
"88",2008,9,6.27037037037037,27,6.38666666666667,6.125,6.14285714285714,6.31818181818182,6.2375,15,12,7,11,16,1099,766,333,102,430,669,6.33963005459509,6.48740208877285,5.99971,6.09803921568627,6.39853488372093,6.30176895366218,88
"89",2008,10,6.05263157894737,19,6.46153846153846,5.16666666666667,5.5,6.33333333333333,5.92307692307692,13,6,4,6,13,1118,779,339,106,436,682,6.33475262075134,6.48697047496791,5.98496587020649,6.07547169811321,6.3976376146789,6.29455048387097,89
"90",2008,11,6.48970588235294,34,6.61818181818182,6.25416666666667,6.45,6.13,6.63958333333333,22,12,4,10,24,1152,801,351,110,446,706,6.33932589409722,6.49057428214732,5.99416931623932,6.08909090909091,6.39163677130045,6.30627964589235,90
"91",2008,12,5.87586206896552,29,5.91111111111111,5.81818181818182,NA,5.95454545454545,5.82777777777778,18,11,0,11,18,1181,819,362,110,457,724,6.32794532599492,6.47783882783883,5.98882162983426,6.08909090909091,6.38111597374179,6.29438319060773,91
"92",2009,1,6.16326530612245,49,6.38235294117647,5.66666666666667,5.5,6,6.21052631578947,34,15,6,11,38,1230,853,377,116,468,762,6.32138490243902,6.47403282532239,5.97600379310345,6.05862068965517,6.37215811965812,6.29020135170604,92
"93",2009,2,6.39705882352941,34,6.84210526315789,5.83333333333333,5,7.27777777777778,6.08,19,15,1,9,25,1264,872,392,117,477,787,6.32342043512658,6.48205275229358,5.97054446428572,6.04957264957265,6.38924528301887,6.28352405336722,93
"94",2009,3,6.13375,40,6.38958333333333,5.75,5.4,5.95,6.22222222222222,24,16,5,13,27,1304,896,408,122,490,814,6.31760232361963,6.47957589285714,5.96189566176471,6.02295081967213,6.37759183673469,6.2814907002457,94
"95",2009,4,6.46666666666667,45,7.04166666666667,5.80952380952381,6.7,6.96153846153846,6.265625,24,21,5,13,32,1349,920,429,127,503,846,6.32257481838399,6.49423913043478,5.9544368997669,6.0496062992126,6.39268389662028,6.28089057919622,95
"96",2009,5,6.21842105263158,38,6.52777777777778,5.94,6.25,6.39090909090909,6.14814814814815,18,20,8,11,27,1387,938,449,135,514,873,6.31972129055515,6.49488272921109,5.95379383073497,6.06148148148148,6.39264591439689,6.27678514318442,96
"97",2009,6,6.4,39,6.59411764705882,6.25,6.1875,6.25454545454545,6.45714285714286,17,22,8,11,28,1426,955,471,143,525,901,6.3219168513324,6.49664921465969,5.96762936305733,6.06853146853147,6.38975238095238,6.28239004439512,97
"98",2009,7,6.21379310344828,29,6.48421052631579,5.7,5,5.74285714285714,6.36363636363636,19,10,3,7,22,1455,974,481,146,532,923,6.31976180756014,6.49640657084189,5.96206534303534,6.04657534246575,6.38124060150376,6.28432657638136,98
"99",2009,8,6.14166666666667,36,6.22307692307692,5.93,5.26666666666667,5.75,6.29230769230769,26,10,3,10,26,1491,1000,491,149,542,949,6.31546172367539,6.4893,5.96141228105907,6.03087248322148,6.36959409594096,6.28454523709167,99
"100",2009,9,6.12954545454545,44,6.31724137931035,5.76666666666667,5.73076923076923,5.91875,6.25,29,15,13,16,28,1535,1029,506,162,558,977,6.3101325276873,6.48445092322643,5.95563918972332,6.00679012345679,6.35666666666667,6.28355519959058,100
"101",2009,10,6.23809523809524,42,6.2,6.29411764705882,6.7,6.31818181818182,6.20967741935484,25,17,5,11,31,1577,1054,523,167,569,1008,6.30821396956246,6.47770398481974,5.96664135755258,6.02754491017964,6.35592267135325,6.28128316468254,101
"102",2009,11,6.46125,32,6.41666666666667,6.51857142857143,6.472,5.976,6.68181818181818,18,14,5,10,22,1609,1072,537,172,579,1030,6.3112575699192,6.47667910447761,5.98103059590317,6.04046511627907,6.3493609671848,6.2898382815534,102
"103",2009,12,6.30555555555556,54,6.48529411764706,6,6,6.75,6.11842105263158,34,20,6,16,38,1663,1106,557,178,595,1068,6.3110724173181,6.47694394213382,5.98171172351885,6.0391011235955,6.36013445378151,6.28373916666667,103
"104",2010,1,6.26451612903226,62,6.33714285714286,6.17037037037037,5.54615384615385,6.21428571428571,6.27916666666667,35,27,13,14,48,1725,1141,584,191,609,1116,6.30939908985507,6.4726555652936,5.99043395547945,6.00554973821989,6.3567816091954,6.2835425,104
"105",2010,2,6.14512195121951,41,6.195,6.00909090909091,5.6,6.37272727272727,6.06166666666667,30,11,3,11,30,1766,1171,595,194,620,1146,6.30558518120045,6.46554227156277,5.99077887394958,5.99927835051546,6.35706451612903,6.27773423211169,105
"106",2010,3,6.8125,32,7.02272727272727,6.35,6.5,7.41666666666667,6.45,22,10,7,12,20,1798,1193,605,201,632,1166,6.31460702447164,6.47581726739313,5.99671641322314,6.01671641791045,6.3771835443038,6.28068904802744,106
"107",2010,4,6.51612903225806,31,6.76086956521739,5.8125,5.75,6.42,6.53461538461538,23,8,4,5,26,1829,1216,613,205,637,1192,6.31802265172225,6.48120888157895,5.99431228384992,6.01151219512195,6.37751962323391,6.28622770973154,107
"108",2010,5,6.56206896551724,29,6.81875,6.24615384615385,6.2,6.7125,6.5047619047619,16,13,5,8,21,1858,1232,626,210,645,1213,6.32183177072121,6.48559253246753,5.99954222044729,6.016,6.38167441860465,6.290011071723,108
"109",2010,6,5.97241379310345,29,6.40625,5.43846153846154,6.28333333333333,6.09230769230769,5.875,16,13,6,13,16,1887,1248,639,216,658,1229,6.31646180710122,6.48457532051282,5.98812743348983,6.02342592592592,6.37595744680851,6.28460816110659,109
"110",2010,7,6.36666666666667,36,6.675,5.75,5.5,6.5,6.32222222222222,24,12,2,9,27,1923,1272,651,218,667,1256,6.31740167966719,6.48816823899371,5.98373798771121,6.01862385321101,6.3776311844078,6.28541674363057,110
"111",2010,8,6.86296296296296,27,7.1875,6.39090909090909,6.46,7.35,6.65789473684211,16,11,5,8,19,1950,1288,662,223,675,1275,6.32495560512821,6.49685559006211,5.99050367069487,6.0285201793722,6.38915555555556,6.29096739607843,111
"112",2010,9,6.4078125,32,6.58541666666667,5.875,6.75,6.55555555555556,6.35,24,8,2,9,23,1982,1312,670,225,684,1298,6.32629335519677,6.4984756097561,5.98912452238806,6.03493333333333,6.39134502923977,6.29201342835131,112
"113",2010,10,6.45945945945946,37,6.56521739130435,6.28571428571429,6,6.9,6.2962962962963,23,14,4,10,27,2019,1335,684,229,694,1325,6.32873374442793,6.4996254681648,5.99519507309942,6.0343231441048,6.39867435158502,6.29210070188679,113
"114",2010,11,6.41428571428571,49,6.61176470588235,5.96666666666667,6,6.37857142857143,6.42857142857143,34,15,6,14,35,2068,1369,699,235,708,1360,6.33076084622824,6.50241051862674,5.99458287553648,6.03344680851064,6.39827683615819,6.29561281617647,114
"115",2010,12,5.77551020408163,49,5.98529411764706,5.3,5.7,5.9,5.72058823529412,34,15,5,15,34,2117,1403,714,240,723,1394,6.31790903637222,6.48987883107627,5.97999079831933,6.0265,6.38793914246197,6.28158782639885,115
"116",2011,1,6.4171875,64,6.8974358974359,5.668,5.44444444444444,6.84166666666667,6.31923076923077,39,25,9,12,52,2181,1442,739,249,735,1446,6.32082229711142,6.50090152565881,5.96943630581868,6.00546184738956,6.39534693877551,6.28294151452282,116
"117",2011,2,6.24838709677419,31,6.84444444444444,5.42307692307692,4.66666666666667,6.1875,6.2695652173913,18,13,3,8,23,2212,1460,752,252,743,1469,6.31980715641953,6.50513698630137,5.95999126329787,5.98952380952381,6.39310901749664,6.28273208304969,117
"118",2011,3,6.26764705882353,34,6.3,6.21538461538462,5.625,6.05454545454545,6.3695652173913,21,13,4,11,23,2246,1481,765,256,754,1492,6.3190175556545,6.50222822417286,5.96433128104575,5.983828125,6.38816976127321,6.28407066353887,118
"119",2011,4,6.64705882352941,34,6.80434782608696,6.31818181818182,7,6.72222222222222,6.62,23,11,4,9,25,2280,1504,776,260,763,1517,6.32390939912281,6.50684840425532,5.96934720360825,5.99946153846154,6.39211009174312,6.28960674357284,119
"120",2011,5,6.2625,20,6.47916666666667,5.9375,6,6,6.328125,12,8,2,4,16,2300,1516,784,262,767,1533,6.32337540434783,6.50662928759894,5.96902223214286,5.99946564885496,6.39006518904824,6.29000876060013,120
"121",2011,6,5.87,20,5.83846153846154,5.92857142857143,6,5.975,5.84375,13,7,4,4,16,2320,1529,791,266,771,1549,6.31946699568966,6.5009483322433,5.96866426042984,5.99947368421052,6.38791180285344,6.28539924467398,121
"122",2011,7,6.22727272727273,33,6.63636363636364,5.40909090909091,5.41666666666667,6.44545454545455,6.11818181818182,22,11,6,11,22,2353,1551,802,272,782,1571,6.31817400339991,6.5028691166989,5.96098931421447,5.98661764705882,6.38872122762149,6.28305756206238,122
"123",2011,8,6.38,35,6.36451612903226,6.5,6.5,6.03,6.52,31,4,2,10,25,2388,1582,806,274,792,1596,6.31908016331658,6.50015802781289,5.96366430521092,5.99036496350365,6.38419191919192,6.28676906641604,123
"124",2011,9,6.38,25,6.76666666666667,5.8,5.33333333333333,5.66666666666667,6.60526315789474,15,10,3,6,19,2413,1597,816,277,798,1615,6.31971132615002,6.50266123982467,5.96165861519608,5.98324909747292,6.37879699248121,6.29051605572755,124
"125",2011,10,6.23809523809524,42,6.57407407407407,5.63333333333333,5,6.18181818181818,6.25806451612903,27,15,3,11,31,2455,1624,831,280,809,1646,6.31831504276986,6.50384852216749,5.95573216606498,5.97271428571428,6.37611866501854,6.28990487849332,125
"126",2011,11,6.47,40,6.632,6.2,5.4,6.28571428571429,6.56923076923077,25,15,5,14,26,2495,1649,846,285,823,1672,6.32074686573146,6.50579138872044,5.96006315602837,5.96266666666666,6.37458080194411,6.29424846291866,126
"127",2011,12,6.46122448979592,49,6.54444444444444,6.23076923076923,7.4,6.73333333333333,6.34117647058823,36,13,5,15,34,2544,1685,859,290,838,1706,6.32345260613207,6.50661721068249,5.96415998835856,5.98744827586207,6.38100238663485,6.29518372215709,127
"128",2012,1,6.38,50,6.69736842105263,5.375,5.58333333333333,6.54545454545455,6.33333333333333,38,12,6,11,39,2594,1723,871,296,849,1745,6.32454257131843,6.510824143935,5.95604297359357,5.97925675675675,6.38313309776207,6.2960363495702,128
"129",2012,2,6.39512195121951,41,6.98076923076923,5.38,5.68888888888889,6.385,6.40476190476191,26,15,9,20,21,2635,1749,886,305,869,1766,6.32564077039848,6.51781017724414,5.94629055304741,5.97068852459016,6.38317606444189,6.29732923556059,129
"130",2012,3,6.33421052631579,38,6.41379310344828,6.07777777777778,5.73333333333333,7.2,6.2030303030303,29,9,3,5,33,2673,1778,895,308,874,1799,6.32576260007482,6.51611361079865,5.94761277094972,5.96837662337662,6.38784897025172,6.29559946081156,130
"131",2012,4,6.34615384615385,39,6.6,5.89285714285714,5.41666666666667,6.08333333333333,6.39393939393939,25,14,6,6,33,2712,1803,909,314,880,1832,6.32605583702065,6.51727676095397,5.946769449945,5.95783439490446,6.38577272727273,6.29737086790393,131
"132",2012,5,6.25487804878049,41,6.53518518518518,5.71428571428571,6.1,6.25,6.25714285714286,27,14,5,13,28,2753,1830,923,319,893,1860,6.32499579731202,6.51754098360656,5.94324315276273,5.96006269592476,6.38379619260918,6.29676528494624,132
"133",2012,6,6.04761904761905,42,6.18965517241379,5.73076923076923,6.16666666666667,6.36666666666667,5.87037037037037,29,13,3,15,27,2795,1859,936,322,908,1887,6.32082770304114,6.51242603550296,5.94029212606838,5.96198757763975,6.38351321585903,6.29066424483307,133
"134",2012,7,6.86657142857143,35,7.16666666666667,6.41642857142857,6.21428571428571,6.65384615384615,6.99227272727273,21,14,7,13,22,2830,1880,950,329,921,1909,6.32757718374558,6.51973404255319,5.94730887368421,5.9673556231003,6.38732899022801,6.29874983237297,134
"135",2012,8,6.36739130434783,46,6.71428571428571,5.82777777777778,6.325,6.6875,6.3,28,18,12,8,38,2876,1908,968,341,929,1947,6.32821398817803,6.5225890985325,5.94508618801653,5.97994134897361,6.38991388589882,6.29877423215203,135
"136",2012,9,6.44782608695652,23,6.125,6.8,5.3,5.58,6.68888888888889,12,11,3,5,18,2899,1920,979,344,934,1965,6.32916296309072,6.52010416666667,5.95469196118488,5.97401162790698,6.38557815845825,6.30234780152672,136
"137",2012,10,6.13809523809524,42,6.25172413793103,5.88461538461539,6.1875,5.875,6.26964285714286,29,13,8,14,28,2941,1949,992,352,948,1993,6.32643435226114,6.51611082606465,5.95377361895161,5.97886363636364,6.37803797468355,6.30188832413447,137
"138",2012,11,6.15873015873016,63,6.15476190476191,6.16666666666667,6.125,6.05,6.2093023255814,42,21,8,20,43,3004,1991,1013,360,968,2036,6.32291725366178,6.50848819688599,5.95818699901283,5.98211111111111,6.37126033057851,6.29993292239686,138
"139",2012,12,6.50714285714286,56,6.75555555555556,6.06,5.75,7.13636363636364,6.35333333333333,36,20,8,11,45,3060,2027,1033,368,979,2081,6.32628870261438,6.51287617168229,5.96015820909971,5.9770652173913,6.37985699693565,6.30108766458433,139
"140",2013,1,6.39762711864407,59,6.55268292682927,6.04444444444444,6,6.23,6.43183673469388,41,18,6,10,49,3119,2068,1051,374,989,2130,6.32763816287272,6.51366537717602,5.96160174119886,5.97743315508021,6.37834175935288,6.30409550704225,140
"141",2013,2,6.50285714285714,35,6.61923076923077,6.16666666666667,6,6.64615384615385,6.41818181818182,26,9,1,13,22,3154,2094,1060,375,1002,2152,6.32958257133798,6.51497612225406,5.96334285849057,5.97749333333333,6.38181636726547,6.3052618169145,141
"142",2013,3,6.42619047619048,42,6.7,5.98125,5.83333333333333,5.83636363636364,6.63548387096774,26,16,6,11,31,3196,2120,1076,381,1013,2183,6.33085213704631,6.51724528301887,5.96360913568773,5.97522309711286,6.37589338598223,6.30995118185983,142
"143",2013,4,6.15510204081633,49,6.3969696969697,5.65625,6.27777777777778,6.28571428571429,6.10285714285714,33,16,9,14,35,3245,2153,1092,390,1027,2218,6.3281982835131,6.5154017649791,5.95910570512821,5.98220512820513,6.37466407010711,6.30668324165915,143
"144",2013,5,6.60333333333333,45,6.75967741935484,6.25714285714286,6,7.09583333333333,6.42424242424242,31,14,4,12,33,3290,2184,1106,394,1039,2251,6.33196152887538,6.51886904761905,5.96287832730561,5.98238578680203,6.38299326275265,6.30840667703243,144
"145",2013,6,6.31309523809524,42,6.51724137931035,5.85769230769231,6.275,6.42857142857143,6.29,29,13,6,7,35,3332,2213,1119,400,1046,2286,6.3317237184874,6.51884771802982,5.96165632707775,5.986775,6.3832982791587,6.3081248600175,145
"146",2013,7,6.16571428571429,35,6.45,5.54545454545455,4.75,6.27777777777778,6.12692307692308,24,11,2,9,26,3367,2237,1130,402,1055,2312,6.32999804870805,6.51810907465355,5.95760480530974,5.98062189054726,6.3823981042654,6.30608712370242,146
"147",2013,8,6.4468085106383,47,6.453125,6.43333333333333,6.25,6.15,6.52702702702703,32,15,4,10,37,3414,2269,1145,406,1065,2349,6.3316061599297,6.51719259585721,5.96383705676856,5.98327586206896,6.38021596244131,6.30956723286505,147
"148",2013,9,5.86590909090909,44,6.128125,5.16666666666667,5.2,5.5,6.01935483870968,32,12,5,13,31,3458,2301,1157,411,1078,2380,6.32568057547716,6.51178183398522,5.95556908383751,5.97374695863747,6.36960111317254,6.30578715546218,148
"149",2013,10,6.4925,40,6.9,5.94117647058824,6,7,6.365625,23,17,8,8,32,3498,2324,1174,419,1086,2412,6.32758817324185,6.5156239242685,5.95536067291312,5.97424821002387,6.37424493554328,6.30658102404643,149
"150",2013,11,6.3225,40,6.5,5.85454545454545,4.66666666666667,6.33333333333333,6.32058823529412,29,11,3,6,34,3538,2353,1185,422,1092,2446,6.32753064725834,6.5154313642159,5.95442483544304,5.96495260663507,6.37402014652015,6.30677572771872,150
"151",2013,12,6.19493670886076,79,6.35,5.86,5.64285714285714,6.92307692307692,6.05151515151515,54,25,7,13,66,3617,2407,1210,429,1105,2512,6.32463462261543,6.5117199833818,5.95247390909091,5.95969696969697,6.38047963800905,6.30006904060509,151
"152",2014,1,6.652,75,6.85344827586207,5.96470588235294,6.56666666666667,6.30909090909091,6.7109375,58,17,6,11,64,3692,2465,1227,435,1116,2576,6.33128478602384,6.51976064908722,5.95264338223309,5.96806896551724,6.37977598566308,6.31027695263975,152
"153",2014,2,6.32631578947368,57,6.53666666666667,6.09259259259259,5.85714285714286,7.2,6.26037735849057,30,27,7,4,53,3749,2495,1254,442,1120,2629,6.3312092371299,6.51996392785571,5.95565664274322,5.96631221719457,6.38270535714286,6.30927098896919,153
"154",2014,3,6.15161290322581,31,6.76470588235294,5.40714285714286,5.88571428571429,6.24,6.13461538461539,17,14,7,5,26,3780,2512,1268,449,1125,2655,6.32973635714286,6.52162022292994,5.94960049684543,5.9650556792873,6.38207111111111,6.30756061393597,154
"155",2014,4,5.89565217391304,46,6.16785714285714,5.47222222222222,5.42857142857143,5.97,5.875,28,18,7,10,36,3826,2540,1286,456,1135,2691,6.32451736278097,6.51772047244094,5.94291868584759,5.9568201754386,6.37844052863436,6.30177384986994,155
"156",2014,5,6.26976744186047,43,6.57647058823529,5.11111111111111,4.7,5.47222222222222,6.48088235294118,34,9,5,9,34,3869,2574,1295,461,1144,2725,6.32390887309382,6.5184965034965,5.93713778378378,5.94318872017353,6.37131118881119,6.30400859816514,156
"157",2014,6,6.48260869565217,46,6.60606060606061,6.16923076923077,5.5,6.4,6.50555555555556,33,13,5,10,36,3915,2607,1308,466,1154,2761,6.32577354533844,6.51960490985807,5.93944451834862,5.93843347639485,6.37155979202773,6.30663651937704,157
"158",2014,7,6.56818181818182,33,6.75,6.20454545454545,5,6.5,6.575,22,11,1,3,30,3948,2629,1319,467,1157,2791,6.32779975430598,6.5215329022442,5.94165536770281,5.93642398286938,6.37189282627485,6.30952111429595,158
"159",2014,8,6.40102040816326,49,6.64,6.15208333333333,6.12727272727273,7.5,6.32934782608696,25,24,11,3,46,3997,2654,1343,478,1160,2837,6.3286973805354,6.52264883195177,5.94541580789278,5.94081589958159,6.37481034482759,6.30984259076489,159
"160",2014,9,6.13979591836735,49,6.32916666666667,5.61538461538461,5.85714285714286,6.10714285714286,6.15285714285714,36,13,7,14,35,4046,2690,1356,485,1174,2872,6.32640964656451,6.5200594795539,5.9422517920354,5.93960824742268,6.37161839863714,6.30792946727019,160
"161",2014,10,5.97222222222222,54,5.93103448275862,6.02,6.55,6.3125,5.91304347826087,29,25,10,8,46,4100,2719,1381,495,1182,2918,6.32174473902439,6.51377712394262,5.94365925416365,5.95193939393939,6.37121827411168,6.30170439684716,161
"162",2014,11,6.39509803921569,51,6.82903225806452,5.7225,5.3,6.01666666666667,6.47619047619048,31,20,5,9,42,4151,2750,1401,500,1191,2960,6.32264597205493,6.51733090909091,5.94050209136331,5.94542,6.36853904282116,6.30418021283784,162
"163",2014,12,6.33823529411765,68,6.57954545454545,5.89583333333333,5.76923076923077,6.46153846153846,6.30909090909091,44,24,13,13,55,4219,2794,1425,513,1204,3015,6.32289723394169,6.51831066571224,5.9397497754386,5.94095516569201,6.36954318936877,6.30426979436153,163
"164",2015,1,6.50697674418605,86,6.64754098360656,6.164,6.5,6.33333333333333,6.53513513513514,61,25,9,12,74,4305,2855,1450,522,1216,3089,6.32657454819977,6.52107180385289,5.94361615862069,5.9505938697318,6.36918585526316,6.30980039818712,164
"165",2015,2,6.43404255319149,47,6.71515151515151,5.77142857142857,6.5,5.95,6.56486486486487,33,14,3,10,37,4352,2888,1464,525,1226,3126,6.32773516314338,6.52328947368421,5.94196955601093,5.95373333333333,6.36576672104404,6.31281939539347,165
"166",2015,3,6.11388888888889,72,6.55531914893617,5.284,5.54545454545455,5.83125,6.19464285714286,47,25,11,16,56,4424,2935,1489,536,1242,3182,6.32425484403255,6.52380238500852,5.93092238415044,5.94535447761194,6.3588808373591,6.31073960716531,166
"167",2015,4,6.28339285714286,56,6.43585365853659,5.86666666666667,6.2,5.97777777777778,6.34191489361702,41,15,5,9,47,4480,2976,1504,541,1251,3229,6.32374406919643,6.52259072580645,5.93028153590426,5.94770794824399,6.35613908872902,6.31119338185197,167
"168",2015,5,6.58928571428571,56,6.63095238095238,6.46428571428571,6.5,6.75,6.55434782608696,42,14,3,10,46,4536,3018,1518,544,1261,3275,6.32702236111111,6.524098740888,5.93520647562582,5.95075367647059,6.35926249008723,6.31460868091603,168
"169",2015,6,6.30325423728814,59,6.36958139534884,6.125,6.16666666666667,6.48181818181818,6.26233333333333,43,16,6,11,48,4595,3061,1534,550,1272,3323,6.3267171773667,6.52192812806272,5.93718606910039,5.95310909090909,6.36032232704402,6.31385357508276,169
"170",2015,7,6.54912280701754,57,6.76395348837209,5.88928571428571,5.75,6.53636363636364,6.55217391304348,43,14,6,11,46,4652,3104,1548,556,1283,3369,6.32944226784179,6.52528092783505,5.93675286175711,5.95091726618705,6.36183164458301,6.3171075779163,170
"171",2015,8,6.44,55,6.705,5.73333333333333,6.16666666666667,6.49285714285714,6.4219512195122,40,15,6,14,41,4707,3144,1563,562,1297,3410,6.33073410452518,6.52756743002544,5.93480065898913,5.95322064056939,6.36324595219738,6.31836816129032,171
"172",2015,9,6.44732142857143,56,6.81216216216216,5.73684210526316,5.5625,6.60769230769231,6.39883720930233,37,19,8,13,43,4763,3181,1582,570,1310,3453,6.33210485618308,6.5308777114115,5.93242315423515,5.94773684210526,6.36567175572519,6.31937023747466,172
"173",2015,10,6.32641509433962,53,6.41860465116279,5.93,6.16666666666667,5.91666666666667,6.37872340425532,43,10,3,6,47,4816,3224,1592,573,1316,3500,6.33204224044851,6.52938027295285,5.93240793341709,5.94888307155323,6.36362462006079,6.32016726571429,173
"174",2015,11,6.42734375,64,6.71860465116279,5.83095238095238,6.45714285714286,6.9,6.35982142857143,43,21,7,8,56,4880,3267,1613,580,1324,3556,6.33329209631148,6.53187082950719,5.93108706137632,5.95501724137931,6.36686555891239,6.32079174071991,174
"175",2015,12,6.3330985915493,71,6.5875,5.63684210526316,5.91818181818182,6.33333333333333,6.33301886792453,52,19,11,18,53,4951,3319,1632,591,1342,3609,6.33328932134922,6.53274239228683,5.92766141544118,5.95433164128595,6.36641579731744,6.32097130229981,175
"176",2016,1,6.39947916666667,96,6.61056338028169,5.8,5.88461538461539,6.3125,6.416875,71,25,13,16,80,5047,3390,1657,604,1358,3689,6.33454833168219,6.53437227138643,5.92573532287266,5.95283112582781,6.36578055964654,6.32305107888317,176
"177",2016,2,6.34298245614035,57,6.43214285714286,6.09333333333333,6.5,6.74375,6.27755102040816,42,15,4,8,49,5104,3432,1672,608,1366,3738,6.33464252155173,6.53312121212121,5.92723889354067,5.95643092105263,6.36799414348463,6.32245463616908,177
"178",2016,3,6.50446875,64,6.78572093023256,5.92857142857143,5.875,6.25,6.56319230769231,43,21,8,12,52,5168,3475,1693,616,1378,3790,6.33674563273994,6.53624690647482,5.92725542232723,5.95537337662338,6.36696661828737,6.32575763324538,178
"179",2016,4,6.53387096774194,62,6.80666666666667,5.81176470588235,6.375,6.66666666666667,6.51132075471698,45,17,8,9,53,5230,3520,1710,624,1387,3843,6.33908249139579,6.53970397727272,5.92610726900585,5.9607532051282,6.36891131939438,6.32831679156909,179
"180",2016,5,6.52222222222222,45,6.8,5.55,5.75,7.22222222222222,6.34722222222222,35,10,4,9,36,5275,3555,1720,628,1396,3879,6.34064482085308,6.54226666666666,5.92392059883721,5.95941082802548,6.37441260744986,6.32849224800206,180
"181",2016,6,6.51153846153846,65,6.65865384615385,5.92307692307692,6.33333333333333,6.81818181818182,6.44907407407407,52,13,6,11,54,5340,3607,1733,634,1407,3933,6.34272498689139,6.54394455225949,5.92391427005193,5.96294952681388,6.37788201847903,6.33014783371472,181
"182",2016,7,6.59666101694915,59,6.87388095238095,5.91176470588235,5.625,6.45454545454545,6.62922916666667,42,17,4,11,48,5399,3649,1750,638,1418,3981,6.34549998703464,6.54774212112907,5.92379624571429,5.96083072100313,6.37847672778561,6.33375393870887,182
"183",2016,8,6.61484375,64,7.1202380952381,5.65,5.16666666666667,7.18181818181818,6.49716981132075,42,22,6,11,53,5463,3691,1772,644,1429,4034,6.3486553963024,6.55425657003522,5.92039696952596,5.95343167701863,6.38466060181945,6.33590094942985,183
"184",2016,9,6.48245614035088,57,6.61111111111111,6.26190476190476,6.28571428571429,6.65,6.4468085106383,36,21,7,10,47,5520,3727,1793,651,1439,4081,6.35003703442029,6.55480574188355,5.92439678192973,5.95700460829493,6.38650451702571,6.33717824797844,184
"185",2016,10,6.30779220779221,77,6.5,5.67777777777778,5.8,6.40714285714286,6.28571428571429,59,18,14,14,63,5597,3786,1811,665,1453,4144,6.34945585670895,6.55395166402535,5.92194557150746,5.9536992481203,6.3867033723331,6.33639585666023,185
"186",2016,11,6.23837209302326,86,6.40909090909091,5.675,5.92857142857143,6.42857142857143,6.20138888888889,66,20,7,14,72,5683,3852,1831,672,1467,4216,6.34777484251276,6.55146962616822,5.91924818678318,5.9534375,6.38710293115201,6.33409023481973,186
"187",2016,12,6.54671578947368,95,6.65942465753425,6.17272727272727,6.11428571428571,6.73529411764706,6.50561538461538,73,22,7,17,78,5778,3925,1853,679,1484,4294,6.35104576497058,6.5534774522293,5.92225765245548,5.95509572901325,6.39109164420485,6.33720596879367,187
"188",2017,1,6.29120967741935,124,6.38636363636364,5.9144,5.42857142857143,5.94230769230769,6.38377551020408,99,25,7,26,98,5902,4024,1878,686,1510,4392,6.34978861911217,6.54936605367793,5.92215305111821,5.94972303206997,6.3833642384106,6.33824508879781,188
"189",2017,2,6.54590163934426,61,6.64,6.28125,6.91666666666667,6.75,6.50588235294118,45,16,6,10,51,5963,4069,1894,692,1520,4443,6.35179480630555,6.55036839518309,5.92518660506864,5.95810693641618,6.38577631578947,6.34016935178933,189
"190",2017,3,6.23846153846154,65,6.57959183673469,5.19375,4.25,6.53846153846154,6.16346153846154,49,16,4,13,52,6028,4118,1910,696,1533,4495,6.3505727322495,6.5507161243322,5.91905938743456,5.94829022988506,6.38707110241357,6.33812512347052,190
"191",2017,4,6.42235294117647,85,6.54090909090909,6.01052631578947,6.36818181818182,6.4,6.42638888888889,66,19,11,13,72,6113,4184,1929,707,1546,4567,6.35157082120072,6.55056142447419,5.91996030585796,5.95482319660537,6.38717981888745,6.33951662579374,191
"192",2017,5,6.1986301369863,73,6.48275862068965,5.1,5.5,6.68181818181818,6.11290322580645,58,15,4,11,62,6186,4242,1944,711,1557,4629,6.34976599256385,6.54963437057991,5.91363345164609,5.95226441631505,6.38926140012845,6.33648140635126,192
"193",2017,6,6.58,60,6.7952380952381,6.07777777777778,5.25,6.16666666666667,6.62592592592593,42,18,4,6,54,6246,4284,1962,715,1563,4683,6.35197765449888,6.55204225023343,5.91513936289501,5.94833566433566,6.38840690978887,6.33981901131753,193
"194",2017,7,6.12371428571429,70,6.53458333333333,5.22727272727273,5.5,6.35,6.07689655172414,48,22,13,12,58,6316,4332,1984,728,1575,4741,6.34944781982267,6.55184879963065,5.90751180947581,5.94032967032967,6.38811428571429,6.33660249525417,194
"195",2017,8,6.44142857142857,70,6.58367346938776,6.10952380952381,5.9,6.1,6.49833333333333,49,21,10,10,60,6386,4381,2005,738,1585,4801,6.35045606482932,6.55220474777448,5.90962764588529,5.93978319783198,6.38629652996846,6.33862370964382,195
"196",2017,9,6.46370967741935,62,6.57692307692308,6.27173913043478,6.25714285714286,7.31111111111111,6.31981132075472,39,23,7,9,53,6448,4420,2028,745,1594,4854,6.35154504187345,6.55242285067873,5.91373443293886,5.94276510067114,6.39151819322459,6.33841830037083,196
"197",2017,10,6.71466666666667,75,6.922,6.3,6.05555555555556,7.03571428571429,6.64098360655738,50,25,9,14,61,6523,4470,2053,754,1608,4915,6.35572013337422,6.55655682326622,5.91843810521189,5.94411140583554,6.39712686567164,6.34217343438454,197
"198",2017,11,6.58105263157895,95,6.91587301587302,5.921875,6.19166666666667,6.10625,6.67721518987342,63,32,12,16,79,6618,4533,2085,766,1624,4994,6.35895473405863,6.5615506287227,5.91849085371703,5.94798955613577,6.39426108374384,6.34747345414497,198
"199",2017,12,6.745,96,7.08579710144928,5.87407407407407,6.375,7.03333333333333,6.69160493827161,69,27,4,15,81,6714,4602,2112,770,1639,5075,6.36447459487638,6.56941090830074,5.91792302556818,5.95020779220779,6.40010982306285,6.35296599605911,199
"200",2018,1,6.51576,125,6.79376470588235,5.925,5.9,6.61052631578947,6.49877358490566,85,40,15,19,106,6839,4687,2152,785,1658,5181,6.367239717795,6.57347962449328,5.91805456784387,5.94924840764331,6.40252110977081,6.35594912758155,200
"201",2018,2,6.63698630136986,73,6.75423728813559,6.14285714285714,6.33333333333333,7.1,6.56349206349206,59,14,6,10,63,6912,4746,2166,791,1668,5244,6.37008860387732,6.57572671723557,5.9195075854109,5.9521618204804,6.40670263788969,6.35844249237223,201
"202",2018,3,6.34390243902439,82,6.48214285714286,6.04615384615385,5.5,6.46,6.31791044776119,56,26,10,15,67,6994,4802,2192,801,1683,5311,6.36978158850443,6.57463536026655,5.92100977645986,5.94651685393258,6.40717765894237,6.35793116738844,202
"203",2018,4,6.49154639175258,97,6.50783783783784,6.43913043478261,6.28571428571429,6.61,6.47793103448276,74,23,7,10,87,7091,4876,2215,808,1693,5398,6.37144724721478,6.57362161607875,5.92638981038375,5.94945544554455,6.40837566450089,6.35986521489441,203
"204",2018,5,6.4415873015873,63,6.69829787234043,5.6875,5.75,6.41666666666667,6.44745098039216,47,16,4,12,51,7154,4923,2231,812,1705,5449,6.37206491892647,6.57481190331099,5.92467657104438,5.94847290640394,6.40843401759531,6.36068497522481,204
"205",2018,6,6.57689655172414,58,6.75466666666667,5.96153846153846,5.615,7.27777777777778,6.44816326530612,45,13,4,9,49,7212,4968,2244,816,1714,5498,6.37371220604548,6.57644102254428,5.92489012032086,5.94683823529412,6.41299883313886,6.36146461076755,205
"206",2018,7,6.49190482142857,56,6.66175447368421,6.13333333333333,6.3,7,6.41931979591837,38,18,10,7,49,7268,5006,2262,826,1721,5547,6.37462288112273,6.57708862764682,5.92654881962865,5.95111380145278,6.41538640325392,6.36197568054804,206
"207",2018,8,6.45626865671642,67,6.46358490566038,6.42857142857143,5.8,6.44571428571429,6.4575,53,14,5,7,60,7335,5059,2276,831,1728,5607,6.37536865712338,6.57589951966792,5.92963683216169,5.95020457280385,6.41550925925926,6.36299787765293,207
"208",2018,9,6.88754098360656,61,6.89692307692308,6.83333333333333,7.75,7.22222222222222,6.82961538461538,52,9,2,9,52,7396,5111,2285,833,1737,5659,6.37959290156842,6.57916565642731,5.93319624945296,5.95452581032413,6.41968911917099,6.36728558049125,208
"209",2018,10,6.50044943820225,89,6.56535211267606,6.24444444444444,6.16666666666667,6.6,6.48027027027027,71,18,3,15,74,7485,5182,2303,836,1752,5733,6.38102993987976,6.57897639328445,5.93562893182805,5.95528708133971,6.42123287671233,6.36874395604396,209
"210",2018,11,6.38720930232558,86,6.65272727272727,5.91612903225806,5.70714285714286,6.28333333333333,6.40405405405405,55,31,14,12,74,7571,5237,2334,850,1764,5807,6.38110013208295,6.57975093946916,5.93536993573265,5.9512,6.4202947845805,6.36919392112967,210
"211",2018,12,6.58609195402299,87,6.88689655172414,5.98448275862069,4.86,6.4,6.61025974025974,58,29,5,10,77,7658,5295,2363,855,1774,5884,6.383428976234,6.58311532955619,5.93597267456623,5.94481871345029,6.42018038331455,6.37234858939497,211
"212",2019,1,6.5490350877193,114,6.73609195402299,5.9462962962963,5.91666666666667,7.01086956521739,6.43230769230769,87,27,9,23,91,7772,5382,2390,864,1797,5975,6.38585809315491,6.58558819583798,5.93608930125523,5.94452546296296,6.4277406789093,6.37326177405858,212
"213",2019,2,6.53058823529412,85,6.69666666666667,6.132,5.94444444444444,6.54166666666667,6.52876712328767,60,25,9,12,73,7857,5442,2415,873,1809,6048,6.38742383861525,6.58681287578096,5.93811736231884,5.9445246277205,6.42849640685462,6.37513874007936,213
"214",2019,3,6.40647058823529,85,6.5375,6.092,6.16666666666667,6.11111111111111,6.48582089552239,60,25,6,18,67,7942,5502,2440,879,1827,6115,6.38762768823974,6.5862751126863,5.93969402868853,5.9460409556314,6.42536945812808,6.37635144726083,214
"215",2019,4,6.77455882352941,68,6.78741379310345,6.7,7.33333333333333,7.129,6.71344827586207,58,10,3,10,58,8010,5560,2450,882,1837,6173,6.3909124968789,6.58837332194245,5.94279731836735,5.95075963718821,6.42919978225368,6.3795187267131,215
"216",2019,5,6.48939393939394,66,6.56382978723404,6.30526315789474,6.7,6.83333333333333,6.43508771929825,47,19,5,9,57,8076,5607,2469,887,1846,6230,6.39171732293214,6.58816758872838,5.94558664641555,5.95498308906426,6.43117009750813,6.38002714285714,216
"217",2019,6,6.27056603773585,53,6.68216216216216,5.31875,6.375,6.42857142857143,6.24652173913043,37,16,4,7,46,8129,5644,2485,891,1853,6276,6.39092743264854,6.58878378277817,5.94155067605634,5.95686868686869,6.43116028062601,6.37904861376673,217
"218",2019,7,6.12538461538462,78,6.11849056603774,6.14,6.125,5.91375,6.14957142857143,53,25,8,8,70,8207,5697,2510,899,1861,6346,6.38840369197027,6.58440857819905,5.94352726294821,5.95836484983315,6.42893605588394,6.3765173495115,218
"219",2019,8,6.42233766233766,77,6.40538461538462,6.4576,5.75,6.70428571428571,6.35968253968254,52,25,6,14,63,8284,5749,2535,905,1875,6409,6.38871910912603,6.58278929726909,5.94859701380671,5.95698342541436,6.430992,6.37635186456546,219
"220",2019,9,6.60537634408602,93,6.70151515151515,6.37037037037037,6.3125,7.5625,6.51529411764706,66,27,8,8,85,8377,5815,2562,913,1883,6494,6.39112440014325,6.58413683061049,5.95304193208431,5.96009857612267,6.43579925650558,6.37817048044349,220
"221",2019,10,6.54228915662651,83,6.65096774193548,6.22142857142857,6.4,6.625,6.53346666666667,62,21,5,8,75,8460,5877,2583,918,1891,6569,6.39260745862884,6.5848418700017,5.95522393728223,5.9624945533769,6.43659968270756,6.3799435378292,221
"222",2019,11,6.29913853932584,89,6.48302078125,5.8284,6,5.63,6.38383962025316,64,25,10,10,79,8549,5941,2608,928,1901,6648,6.39163439349632,6.58374499242552,5.95400821702454,5.96289870689655,6.43235665439243,6.37998983604092,222
"223",2019,12,6.45459770114943,87,6.75725806451613,5.704,4.85714285714286,6.29333333333333,6.48819444444444,62,25,7,15,72,8636,6003,2633,935,1916,6720,6.3922686926818,6.58553706480093,5.95163442081276,5.95462032085561,6.43126826722338,6.38114917113095,223
"224",2020,1,6.476450234375,128,6.73454724489796,5.63333333333333,5.58333333333333,6.63333333333333,6.45562504424779,98,30,6,15,113,8764,6101,2663,941,1931,6833,6.3934981811958,6.58793060645796,5.94804860307924,5.95225292242295,6.43283790781978,6.38238080784429,224
"225",2020,2,6.62447916666667,96,6.78333333333333,5.76666666666667,5.16666666666667,7.15625,6.518125,81,15,3,16,80,8860,6182,2678,944,1947,6913,6.39600090970655,6.59049088159172,5.94703264749813,5.9497563559322,6.43878274268105,6.38395169391003,225
"226",2020,3,6.45161904761905,105,6.5306329113924,6.21153846153846,6.25,6.96153846153846,6.3795652173913,79,26,6,13,92,8965,6261,2704,950,1960,7005,6.3966523212493,6.58973560613321,5.94957597263314,5.95165263157895,6.44225,6.38389408422555,226
"227",2020,4,6.62528846153846,104,6.78090909090909,6.18148148148148,6.25,7.29,6.55457446808511,77,27,4,10,94,9069,6338,2731,954,1970,7099,6.39927423751241,6.59205816188072,5.95186870377151,5.9529035639413,6.44655329949239,6.38615411466404,227
"228",2020,5,6.39081632653061,98,6.6972602739726,5.496,4.88888888888889,6.27272727272727,6.40574712643678,73,25,9,11,87,9167,6411,2756,963,1981,7186,6.39918381804298,6.59325606457651,5.94773346516691,5.94295950155763,6.44558808682484,6.38639132479822,228
"229",2020,6,6.55736263736264,91,6.73264705882353,6.03913043478261,5.71428571428571,6.825,6.50026666666667,68,23,7,16,75,9258,6479,2779,970,1997,7261,6.40073861093109,6.59471903534496,5.94848989924433,5.94130927835051,6.44862794191287,6.38756756094202,229
"230",2020,7,6.42722222222222,90,6.675,5.56,5.5,6.60714285714286,6.39407894736842,70,20,4,14,76,9348,6549,2799,974,2011,7337,6.40099358793325,6.59557713085967,5.94571397999286,5.93949691991786,6.44973147687718,6.38763500885921,230
"231",2020,8,6.64,80,6.78888888888889,6.08823529411765,5.33333333333333,7.05,6.58142857142857,63,17,3,10,70,9428,6612,2816,977,2021,7407,6.40302164403903,6.59741903055051,5.94657437144886,5.93763561924258,6.45270163285502,6.38946645875523,231
"232",2020,9,6.23388235294118,85,6.2325,6.23809523809524,6.66666666666667,6,6.27611111111111,64,21,9,13,72,9513,6676,2837,986,2034,7479,6.40151036055923,6.59392070551228,5.94873226295383,5.94429006085193,6.44980825958702,6.38837519187057,232
"233",2020,10,6.43463414634146,82,6.65491525423729,5.8695652173913,5.25,6.5,6.42756756756757,59,23,4,8,74,9595,6735,2860,990,2042,7553,6.40179344033351,6.59445503043801,5.94809560489511,5.94148484848485,6.45000489715965,6.38875917648616,233
"234",2020,11,6.50482542857143,105,6.58340744444444,6.03333333333333,7.5,6.5,6.5055678021978,90,15,1,14,91,9700,6825,2875,991,2056,7644,6.40290873505155,6.59430934798535,5.94854032347826,5.94305751765893,6.4503453307393,6.39014975536368,234
"235",2020,12,6.67622123893805,113,6.88921917808219,6.2875,6.80769230769231,6.7664375,6.66134020618557,73,40,13,16,97,9813,6898,2915,1004,2072,7741,6.40605602058494,6.59743031313424,5.95319157118353,5.95425298804781,6.4527861969112,6.39354795633639,235
"236",2021,1,6.47427295302013,149,6.61309526785714,6.05405405405405,6.26923076923077,6.775,6.4380952631579,112,37,13,16,133,9962,7010,2952,1017,2088,7874,6.40707633005421,6.59768059486448,5.95445576897019,5.95827925270403,6.45525526819924,6.39430040640081,236
"237",2021,2,6.3996,125,6.55597826086957,5.96363636363636,5.4375,6.26388888888889,6.42242990654206,92,33,8,18,107,10087,7102,2985,1025,2106,7981,6.40698368196689,6.59714037876654,5.95455726298158,5.95421463414634,6.45361965811966,6.39467753414359,237
"238",2021,3,6.37985843137255,102,6.66819652173913,5.7769696969697,6.1,6.23076923076923,6.40163550561798,69,33,10,13,89,10189,7171,3018,1035,2119,8070,6.40671213661792,6.59782408729605,5.95261545062956,5.9556231884058,6.45225247758377,6.39475427013631,238
"239",2021,4,6.65411764705882,85,6.82461538461538,6.1,6,6.5,6.67236842105263,65,20,4,9,76,10274,7236,3038,1039,2128,8146,6.408758999416,6.5998613225539,5.95358572416063,5.95579403272377,6.45245441729323,6.39734433587036,239
"240",2021,5,6.24941176470588,85,6.27029411764706,6.16588235294118,6.2275,6.3,6.24266666666667,68,17,8,10,75,10359,7304,3055,1047,2138,8221,6.40745148759533,6.59679306270537,5.9547670801964,5.95787010506208,6.45174134705332,6.39593321493735,240
"241",2021,6,6.11938461538462,78,6.42098113207547,5.48,4.66666666666667,6.15714285714286,6.11566197183099,53,25,6,7,71,10437,7357,3080,1053,2145,8292,6.40529864520456,6.59552650944678,5.9509134512987,5.95051282051282,6.45077995337996,6.39353340086831,241
"242",2021,7,6.09714285714286,70,6.386,5.375,5.16666666666667,6.3125,6.06935483870968,50,20,6,8,62,10507,7407,3100,1059,2153,8354,6.40324564195298,6.59411212771702,5.94719788064516,5.94607176581681,6.45026614026939,6.39112747905195,242
"243",2021,8,6.42243902439024,82,6.86125,5.80294117647059,4.9375,6.4125,6.42351351351351,48,34,8,8,74,10589,7455,3134,1067,2161,8428,6.40339427330248,6.59583213011402,5.94563287492023,5.93850984067479,6.45012633040259,6.39141183673469,243
"244",2021,9,6.59164383561644,73,6.74265306122449,6.28333333333333,6.91666666666667,7.1875,6.51830769230769,49,24,6,8,65,10662,7504,3158,1073,2169,8493,6.40468317013694,6.5967908488806,5.94819931285624,5.94397949673812,6.45284601198709,6.39238301660191,244
"245",2021,10,6.43507933333333,105,6.55101621951219,6.02173913043478,5.375,6.63636363636364,6.41152478723404,82,23,4,11,94,10767,7586,3181,1077,2180,8587,6.40497959413021,6.596296053256,5.94873103740962,5.94186629526462,6.45377201834863,6.39259255735414,245
"246",2021,11,6.21292929292929,99,6.42311688311688,5.47727272727273,5.66666666666667,6.20625,6.21421686746988,77,22,3,16,83,10866,7663,3203,1080,2196,8670,6.40322982606295,6.59455589977815,5.94549279737746,5.94110185185185,6.45196857923497,6.39088492387543,246
"247",2021,12,6.41596293333333,150,6.59459321428571,5.88947368421053,6.43333333333333,6.69375,6.38279432835821,112,38,6,16,134,11016,7775,3241,1086,2212,8804,6.40340320715323,6.59455643729904,5.94483598580685,5.94382136279926,6.45371745027125,6.39076178214448,247
"248",2022,1,6.29799019607843,204,6.47107382550336,5.82909090909091,6.01428571428571,6.38888888888889,6.2891935483871,149,55,14,18,186,11220,7924,3296,1100,2230,8990,6.40148660695187,6.59223451539626,5.94290456007282,5.94471818181818,6.45319417040359,6.38866037041157,248
"249",2022,2,6.41015151515152,132,6.58739130434783,6.0025,6.275,6.50714285714286,6.39864406779661,92,40,12,14,118,11352,8016,3336,1112,2244,9108,6.40158736169838,6.59217892964072,5.94361913369305,5.94828237410072,6.4535307486631,6.38878971563461,249
"250",2022,3,6.11366336633663,101,6.30527777777778,5.63793103448276,5.75,6.04571428571429,6.11872340425532,72,29,4,7,94,11453,8088,3365,1116,2251,9202,6.39904826071772,6.58962491345203,5.94098467459138,5.94757168458781,6.45226254997779,6.38603094218648,250
"251",2022,4,6.37046728971963,107,6.54931506849315,5.98647058823529,6.375,6.38769230769231,6.36808510638298,73,34,8,13,94,11560,8161,3399,1124,2264,9296,6.39878371366782,6.58926434260507,5.94143966754928,5.95061387900356,6.4518917844523,6.38584947611876,251
"252",2022,5,6.38754545454545,110,6.64561643835616,5.87837837837838,5.875,7.2,6.3063,73,37,4,10,100,11670,8234,3436,1128,2274,9396,6.3986777832048,6.58976394219092,5.9407606024447,5.95034574468085,6.45518161829376,6.38500284482758,252
"253",2022,6,6.40765306122449,98,6.47826086956522,6.23965517241379,6,6.31666666666667,6.4203488372093,69,29,6,12,86,11768,8303,3465,1134,2286,9482,6.39875252634262,6.58883732385885,5.94326217316017,5.95060846560847,6.45445450568679,6.3853234264923,253
"254",2022,7,6.71392045454545,88,7.0508064516129,5.91057692307692,5.875,6.84615384615385,6.691,62,26,8,13,75,11856,8365,3491,1142,2299,9557,6.40109182945344,6.59226136282128,5.94301874248066,5.95007880910683,6.45666942148761,6.38772226954065,254
"255",2022,8,6.44393939393939,99,6.53188405797101,6.24166666666667,6.14285714285714,7.09090909090909,6.36306818181818,69,30,7,11,88,11955,8434,3521,1149,2310,9645,6.40144665244667,6.59176740573868,5.94556331439932,5.95125326370757,6.45968961038961,6.3874973281493,255
"256",2022,9,6.41755102040816,98,6.63382352941176,5.92733333333333,6.15333333333333,6.97333333333333,6.31710843373494,68,30,6,15,83,12053,8502,3551,1155,2325,9728,6.40157759313034,6.59210377558222,5.94540930160518,5.95230303030303,6.46300344086022,6.38689676500822,256
"257",2022,10,6.38766666666667,102,6.43208219178082,6.27586206896552,5.8,6.3,6.39719565217391,73,29,5,10,92,12155,8575,3580,1160,2335,9820,6.40146085808309,6.59074149271137,5.94808615363128,5.95164655172414,6.46230535331906,6.38699325152749,257
"258",2022,11,6.67112712230216,139,6.73303633663366,6.50657894736842,6.55,7.08181818181818,6.635833359375,101,38,10,11,128,12294,8676,3618,1170,2346,9948,6.40450979339515,6.59239799100968,5.9539520259812,5.95676068376068,6.46521014492754,6.39019505428227,258
"259",2022,12,6.59216547445256,137,6.82451181818182,5.98684210526316,5,7.03125,6.5341047107438,99,38,6,16,121,12431,8775,3656,1176,2362,10069,6.40657791569463,6.59501671111111,5.95429388129103,5.95187925170068,6.46904445385267,6.39192442844374,259
