"","year","month","avg_rating","no_ratings","avg_rating_owned","avg_rating_not_owned","avg_rating_prev_owned","avg_rating_comment","avg_rating_no_comment","no_ratings_owned","no_ratings_not_owned","no_ratings_prev_owned","no_ratings_comment","no_ratings_no_comment","cum_no_ratings","cum_no_ratings_owned","cum_no_ratings_not_owned","cum_no_ratings_prev_owned","cum_no_ratings_comment","cum_no_ratings_no_comment","cum_avg_rating","cum_avg_rating_owned","cum_avg_rating_not_owned","cum_avg_rating_prev_owned","cum_avg_rating_comment","cum_avg_rating_no_comment","month_after_release"
"1",2001,5,7,1,7,NA,NA,7,NA,1,0,0,1,0,1,1,0,0,1,0,7,7,NA,NA,7,NA,0
"2",2001,6,6.83333333333333,6,7.2,5,NA,7,6.8,5,1,0,1,5,7,6,1,0,2,5,6.85714285714286,7.16666666666667,5,NA,7,6.8,1
"3",2001,7,8,1,8,NA,NA,NA,8,1,0,0,0,1,8,7,1,0,2,6,7,7.28571428571429,5,NA,7,7,2
"4",2001,8,8,3,10,7,6,NA,8,1,2,1,0,3,11,8,3,1,2,9,7.27272727272727,7.625,6.33333333333333,6,7,7.33333333333333,3
"5",2001,9,8.66666666666667,3,8.5,9,NA,NA,8.66666666666667,2,1,0,0,3,14,10,4,1,2,12,7.57142857142857,7.8,7,6,7,7.66666666666667,4
"6",2001,10,7.5,2,8,7,NA,8,7,1,1,0,1,1,16,11,5,1,3,13,7.5625,7.81818181818182,7,6,7.33333333333333,7.61538461538461,5
"7",2001,11,8.66666666666667,3,8.66666666666667,NA,NA,NA,8.66666666666667,3,0,0,0,3,19,14,5,1,3,16,7.73684210526316,8,7,6,7.33333333333333,7.8125,6
"8",2001,12,8,2,8,NA,NA,10,6,2,0,0,1,1,21,16,5,1,4,17,7.76190476190476,8,7,6,8,7.70588235294118,7
"9",2002,1,8,1,8,NA,NA,8,NA,1,0,0,1,0,22,17,5,1,5,17,7.77272727272727,8,7,6,8,7.70588235294118,8
"10",2002,3,8.66666666666667,3,8.66666666666667,NA,NA,8,9,3,0,0,1,2,25,20,5,1,6,19,7.88,8.1,7,6,8,7.84210526315789,10
"11",2002,5,7,2,7,NA,NA,NA,7,2,0,0,0,2,27,22,5,1,6,21,7.81481481481481,8,7,6,8,7.76190476190476,12
"12",2002,6,7,3,7,7,NA,NA,7,1,2,0,0,3,30,23,7,1,6,24,7.73333333333333,7.95652173913043,7,6,8,7.66666666666667,13
"13",2002,7,7,2,7,NA,NA,7,NA,2,0,0,2,0,32,25,7,1,8,24,7.6875,7.88,7,6,7.75,7.66666666666667,14
"14",2002,8,8.375,8,8.57142857142857,7,NA,9.25,7.5,7,1,0,4,4,40,32,8,1,12,28,7.825,8.03125,7,6,8.25,7.64285714285714,15
"15",2002,9,7,4,8.5,5.5,NA,9,5,2,2,0,2,2,44,34,10,1,14,30,7.75,8.05882352941176,6.7,6,8.35714285714286,7.46666666666667,16
"16",2002,10,8.33333333333333,3,8.33333333333333,NA,NA,NA,8.33333333333333,3,0,0,0,3,47,37,10,1,14,33,7.78723404255319,8.08108108108108,6.7,6,8.35714285714286,7.54545454545455,17
"17",2002,11,8.16666666666667,6,8.16666666666667,NA,NA,8,8.25,6,0,0,2,4,53,43,10,1,16,37,7.83018867924528,8.09302325581395,6.7,6,8.3125,7.62162162162162,18
"18",2002,12,7.6,5,8,6,NA,7.33333333333333,8,4,1,0,3,2,58,47,11,1,19,39,7.81034482758621,8.08510638297872,6.63636363636364,6,8.1578947368421,7.64102564102564,19
"19",2003,1,7.5,4,8,6,NA,7,8,3,1,0,2,2,62,50,12,1,21,41,7.79032258064516,8.08,6.58333333333333,6,8.04761904761905,7.65853658536585,20
"20",2003,2,8.125,8,8.28571428571429,7,NA,9.66666666666667,7.2,7,1,0,3,5,70,57,13,1,24,46,7.82857142857143,8.10526315789474,6.61538461538461,6,8.25,7.60869565217391,21
"21",2003,3,6.8,5,7.5,6.33333333333333,7,6.33333333333333,7.5,2,3,2,3,2,75,59,16,3,27,48,7.76,8.08474576271186,6.5625,6.66666666666667,8.03703703703703,7.60416666666667,22
"22",2003,4,8.25,8,8.57142857142857,6,NA,9,7.8,7,1,0,3,5,83,66,17,3,30,53,7.80722891566265,8.13636363636364,6.52941176470588,6.66666666666667,8.13333333333333,7.62264150943396,23
"23",2003,5,8.3125,8,8.41666666666667,8,NA,8.375,8.25,6,2,0,4,4,91,72,19,3,34,57,7.85164835164835,8.15972222222222,6.68421052631579,6.66666666666667,8.16176470588235,7.66666666666667,24
"24",2003,6,9,3,10,8.5,NA,9.75,7.5,1,2,0,2,1,94,73,21,3,36,58,7.88829787234043,8.18493150684932,6.85714285714286,6.66666666666667,8.25,7.66379310344828,25
"25",2003,7,7.5,26,7.88888888888889,6.625,NA,8,7.1875,18,8,0,10,16,120,91,29,3,46,74,7.80416666666667,8.12637362637363,6.79310344827586,6.66666666666667,8.19565217391304,7.56081081081081,26
"26",2003,8,8.28571428571429,7,9,6.5,NA,9.33333333333333,7.5,5,2,0,3,4,127,96,31,3,49,78,7.83070866141732,8.171875,6.7741935483871,6.66666666666667,8.26530612244898,7.55769230769231,27
"27",2003,9,7.5625,8,8.25,5.5,6,7.625,7.5,6,2,1,4,4,135,102,33,4,53,82,7.81481481481481,8.17647058823529,6.6969696969697,6.5,8.21698113207547,7.55487804878049,28
"28",2003,10,7.11111111111111,9,7.75,6.6,6.5,6.5,7.28571428571429,4,5,2,2,7,144,106,38,6,55,89,7.77083333333333,8.16037735849057,6.68421052631579,6.5,8.15454545454545,7.53370786516854,29
"29",2003,11,6.33333333333333,3,7,6,7,7,6,1,2,1,1,2,147,107,40,7,56,91,7.74149659863946,8.14953271028037,6.65,6.57142857142857,8.13392857142857,7.5,30
"30",2003,12,8,4,8,NA,NA,8.66666666666667,6,4,0,0,3,1,151,111,40,7,59,92,7.74834437086093,8.14414414414414,6.65,6.57142857142857,8.16101694915254,7.48369565217391,31
"31",2004,1,8.36363636363636,11,8.44444444444444,8,NA,8.33333333333333,8.4,9,2,0,6,5,162,120,42,7,65,97,7.79012345679012,8.16666666666667,6.71428571428571,6.57142857142857,8.17692307692308,7.53092783505155,32
"32",2004,2,7.3,10,7.44444444444444,6,NA,7,7.5,9,1,0,4,6,172,129,43,7,69,103,7.76162790697674,8.11627906976744,6.69767441860465,6.57142857142857,8.10869565217391,7.52912621359223,33
"33",2004,3,7.64285714285714,14,7.63636363636364,7.66666666666667,NA,8,7.58333333333333,11,3,0,2,12,186,140,46,7,71,115,7.75268817204301,8.07857142857143,6.76086956521739,6.57142857142857,8.1056338028169,7.53478260869565,34
"34",2004,4,7.75,8,7.85714285714286,7,NA,8.25,7.25,7,1,0,4,4,194,147,47,7,75,119,7.75257731958763,8.06802721088435,6.76595744680851,6.57142857142857,8.11333333333333,7.52521008403361,35
"35",2004,5,7,5,7.25,6,NA,7.66666666666667,6,4,1,0,3,2,199,151,48,7,78,121,7.73366834170854,8.04635761589404,6.75,6.57142857142857,8.09615384615384,7.5,36
"36",2004,6,8.11111111111111,9,8.71428571428571,6,NA,9.33333333333333,7.5,7,2,0,3,6,208,158,50,7,81,127,7.75,8.07594936708861,6.72,6.57142857142857,8.14197530864197,7.5,37
"37",2004,7,8.16666666666667,6,9,6.5,NA,7.8,10,4,2,0,5,1,214,162,52,7,86,128,7.76168224299065,8.09876543209877,6.71153846153846,6.57142857142857,8.12209302325581,7.51953125,38
"38",2004,8,7.77272727272727,11,8.16666666666667,6,NA,7.25,8.4,9,2,0,6,5,225,171,54,7,92,133,7.76222222222222,8.10233918128655,6.68518518518519,6.57142857142857,8.06521739130435,7.55263157894737,39
"39",2004,9,7.53571428571429,14,7.77272727272727,6.66666666666667,NA,7.6,7.5,11,3,0,5,9,239,182,57,7,97,142,7.7489539748954,8.08241758241758,6.68421052631579,6.57142857142857,8.04123711340206,7.54929577464789,40
"40",2004,10,8,3,8,NA,NA,NA,8,3,0,0,0,3,242,185,57,7,97,145,7.75206611570248,8.08108108108108,6.68421052631579,6.57142857142857,8.04123711340206,7.55862068965517,41
"41",2004,11,7.75,14,9.11111111111111,5.3,NA,7.125,8.58333333333333,9,5,0,8,6,256,194,62,7,105,151,7.751953125,8.12886597938144,6.57258064516129,6.57142857142857,7.97142857142857,7.59933774834437,42
"42",2004,12,7.85,10,8.4375,5.5,8,7.5,8.66666666666667,8,2,1,7,3,266,202,64,8,112,154,7.75563909774436,8.14108910891089,6.5390625,6.75,7.94196428571429,7.62012987012987,43
"43",2005,1,7.36363636363636,11,7.57142857142857,7,8,7.33333333333333,7.375,7,4,1,3,8,277,209,68,9,115,162,7.74007220216606,8.12200956937799,6.56617647058824,6.88888888888889,7.92608695652174,7.60802469135802,44
"44",2005,2,7.90625,16,8.1,5,NA,8,7.86363636363636,15,1,0,5,11,293,224,69,9,120,173,7.74914675767918,8.12053571428572,6.54347826086957,6.88888888888889,7.92916666666667,7.6242774566474,45
"45",2005,3,7.16,10,8.65714285714286,3.66666666666667,5,6.1,8.75,7,3,1,6,4,303,231,72,10,126,177,7.72970297029703,8.13679653679654,6.42361111111111,6.7,7.84206349206349,7.64971751412429,46
"46",2005,4,6.94444444444444,9,7,6.9,6,7.5,6.78571428571429,4,5,1,2,7,312,235,77,11,128,184,7.70705128205128,8.11744680851064,6.45454545454545,6.63636363636364,7.83671875,7.61684782608696,47
"47",2005,5,7.64285714285714,14,8.33333333333333,7.125,NA,8.08333333333333,7.3125,6,8,0,6,8,326,241,85,11,134,192,7.70429447852761,8.12282157676349,6.51764705882353,6.63636363636364,7.84776119402985,7.60416666666667,48
"48",2005,6,7.92857142857143,7,8.1,7.5,NA,7.5,9,5,2,0,5,2,333,246,87,11,139,194,7.70900900900901,8.12235772357724,6.54022988505747,6.63636363636364,7.83525179856115,7.61855670103093,49
"49",2005,7,8.04166666666667,12,8.04545454545454,8,NA,8.5,7.71428571428571,11,1,0,5,7,345,257,88,11,144,201,7.72057971014493,8.11906614785993,6.55681818181818,6.63636363636364,7.85833333333333,7.62189054726368,50
"50",2005,8,7.79166666666667,12,8.05555555555556,7,8,7.375,8,9,3,1,4,8,357,266,91,12,148,209,7.72296918767507,8.11691729323309,6.57142857142857,6.75,7.84527027027027,7.63636363636364,51
"51",2005,9,7.82142857142857,14,8.41666666666667,4.25,NA,8.025,7.3125,12,2,0,10,4,371,278,93,12,158,213,7.7266846361186,8.12985611510792,6.52150537634409,6.75,7.85664556962025,7.63028169014085,52
"52",2005,10,7.61538461538461,13,8.22222222222222,6.25,NA,7.71428571428571,7.5,9,4,0,7,6,384,287,97,12,165,219,7.72291666666667,8.13275261324042,6.51030927835052,6.75,7.85060606060606,7.62671232876712,53
"53",2005,11,8.58333333333333,6,8.66666666666667,8.5,NA,9,7.75,3,3,0,4,2,390,290,100,12,169,221,7.73615384615385,8.13827586206897,6.57,6.75,7.87781065088757,7.62782805429864,54
"54",2005,12,7.82,15,7.80714285714286,8,NA,8.4,7.53,14,1,0,5,10,405,304,101,12,174,231,7.73925925925926,8.12302631578948,6.58415841584158,6.75,7.89281609195402,7.62359307359307,55
"55",2006,1,8.11818181818182,22,8.29473684210526,7,8,8.33333333333333,8.0375,19,3,1,6,16,427,323,104,13,180,247,7.75878220140515,8.13312693498453,6.59615384615385,6.84615384615385,7.9075,7.65040485829959,56
"56",2006,2,8.06818181818182,11,8.71875,6.33333333333333,NA,7.71428571428571,8.6875,8,3,0,7,4,438,331,107,13,187,251,7.76655251141552,8.14728096676738,6.58878504672897,6.84615384615385,7.90026737967914,7.66693227091633,57
"57",2006,3,7.625,10,7.75,7.125,NA,7.54166666666667,7.75,8,2,0,6,4,448,339,109,13,193,255,7.76339285714286,8.13790560471977,6.59862385321101,6.84615384615385,7.88911917098446,7.66823529411765,58
"58",2006,4,7.35,10,7.35714285714286,7.33333333333333,7,7.83333333333333,7.14285714285714,7,3,2,3,7,458,346,112,15,196,262,7.75436681222707,8.1221098265896,6.61830357142857,6.86666666666667,7.88826530612245,7.65419847328244,59
"59",2006,5,8.625,8,8.66666666666667,8.5,NA,9,8,6,2,0,5,3,466,352,114,15,201,265,7.76931330472103,8.13139204545455,6.65131578947368,6.86666666666667,7.91592039800995,7.65811320754717,60
"60",2006,6,7.91176470588235,17,8.5,6,8,7,8.72222222222222,13,4,1,8,9,483,365,118,16,209,274,7.77432712215321,8.14452054794521,6.62923728813559,6.9375,7.88086124401914,7.69306569343066,61
"61",2006,7,7.48611111111111,18,7.61666666666667,6.83333333333333,NA,8.25,7.19230769230769,15,3,0,5,13,501,380,121,16,214,287,7.76397205588822,8.12368421052632,6.63429752066116,6.9375,7.88948598130841,7.67038327526132,62
"62",2006,8,7.76666666666667,18,8.48,6.875,7,8.42857142857143,7.34545454545455,10,8,2,7,11,519,390,129,18,221,298,7.7640655105973,8.13282051282052,6.64922480620155,6.94444444444444,7.90656108597285,7.65838926174497,63
"63",2006,9,7.61538461538461,13,8,7.28571428571429,7.5,7.875,7.5,6,7,1,4,9,532,396,136,19,225,307,7.76043233082707,8.13080808080809,6.68198529411765,6.97368421052632,7.906,7.65374592833876,64
"64",2006,10,7.51666666666667,15,7.40625,7.64285714285714,7.5,8,7.34090909090909,8,7,2,4,11,547,404,143,21,229,318,7.75374771480804,8.11646039603961,6.72902097902098,7.02380952380952,7.90764192139738,7.64292452830189,65
"65",2006,11,7.57333333333333,30,7.67619047619048,7.33333333333333,7.75,7.57777777777778,7.57142857142857,21,9,2,9,21,577,425,152,23,238,339,7.74436741767764,8.09470588235294,6.76480263157895,7.08695652173913,7.89516806722689,7.63849557522124,66
"66",2006,12,7.76923076923077,26,8,7.25,5.5,7.33333333333333,7.9,18,8,2,6,20,603,443,160,25,244,359,7.74543946932007,8.09085778781039,6.7890625,6.96,7.88135245901639,7.65306406685237,67
"67",2007,1,7.68518518518519,27,8.09375,7.09090909090909,6.5,7.53571428571429,7.84615384615385,16,11,2,14,13,630,459,171,27,258,372,7.74285714285714,8.09095860566449,6.80847953216374,6.92592592592593,7.86259689922481,7.65981182795699,68
"68",2007,2,8.26976,18,8.50666666666667,7.08522666666667,7.33333333333333,9.35714285714286,7.57778909090909,15,3,3,7,11,648,474,174,30,265,383,7.75749333333333,8.10411392405064,6.81325103448276,6.96666666666667,7.90207547169811,7.65745608355091,69
"69",2007,3,7.5,16,7.4,7.54545454545455,8.5,8.125,7.29166666666667,5,11,2,4,12,664,479,185,32,269,395,7.75128867469879,8.09676409185804,6.85678745945946,7.0625,7.90539033457249,7.64634349367089,70
"70",2007,4,8.56521695652174,23,8.70588176470588,8.16666666666667,9,8.45454454545455,8.66666666666667,17,6,1,11,12,687,496,191,33,280,407,7.77853809315866,8.11764110887097,6.8979354973822,7.12121212121212,7.92696425,7.67642673218673,71
"71",2007,5,8.05555555555556,18,8.48333333333333,7.2,8,7.44444444444444,8.66666666666667,12,6,1,9,9,705,508,197,34,289,416,7.78561087943262,8.12627950787402,6.90713543147208,7.14705882352941,7.9119376816609,7.69785019230769,72
"72",2007,6,8.26925925925926,27,8.45454545454546,7.454,7.77,8.54166666666667,8.05133333333333,22,5,1,12,15,732,530,202,35,301,431,7.80345036885246,8.13990564150944,6.92067168316832,7.16485714285714,7.93704315614618,7.71015238979118,73
"73",2007,7,7.46666666666667,15,7.8,6.8,7.5,7.14285714285714,7.75,10,5,1,7,8,747,540,207,36,308,439,7.79668764390897,8.1336110925926,6.91775690821256,7.17416666666667,7.91899347402597,7.71087854214123,74
"74",2007,8,7.23125,16,7.95454545454545,5.64,NA,7.16666666666667,7.31428571428571,11,5,0,9,7,763,551,212,36,317,446,7.78483049803408,8.13003627949184,6.88762113207547,7.17416666666667,7.89763403785489,7.70465399103139,75
"75",2007,9,7.592,25,7.71428571428571,7.43636363636364,7.375,8,7.51428571428571,14,11,4,4,21,788,565,223,40,321,467,7.77871277918782,8.11973449557522,6.91468914798206,7.19425,7.89890962616822,7.69609353319058,76
"76",2007,10,7.56,25,7.64285714285714,7.45454545454545,7.5,7.125,7.76470588235294,14,11,2,8,17,813,579,234,42,329,484,7.77198729397294,8.10820378238342,6.94006700854701,7.20880952380952,7.8800911550152,7.69850347107438,77
"77",2007,11,7.81739130434783,23,8.28666666666667,6.9375,7,7.66363636363636,7.95833333333333,15,8,1,11,12,836,594,242,43,340,496,7.77323644736842,8.11271042087543,6.93998214876033,7.20395348837209,7.87308820588235,7.70478967741935,78
"78",2007,12,7.90909090909091,22,8.22222222222222,6.5,NA,7.9,7.91666666666667,18,4,0,10,12,858,612,246,43,350,508,7.7767198951049,8.11593135620915,6.93282796747967,7.20395348837209,7.87385711428571,7.70979464566929,79
"79",2008,1,7.61333333333333,45,8.12068965517241,6.69375,6.75,7.3,7.864,29,16,2,20,25,903,641,262,45,370,533,7.7685777076412,8.11614663026521,6.91822778625954,7.18377777777778,7.84283781081081,7.71702754221388,80
"80",2008,2,7.23214285714286,28,8.03125,6.16666666666667,8,6.625,7.6875,16,12,1,12,16,931,657,274,46,382,549,7.75244432867884,8.11407913242009,6.88531270072993,7.20152173913043,7.80458112565445,7.71616699453552,81
"81",2008,3,7.30769230769231,26,8.68181818181818,6.3,5.83333333333333,6.65,7.71875,11,15,3,10,16,957,668,289,49,392,565,7.74036120167189,8.12342812874252,6.85493314878893,7.11775510204082,7.7751275255102,7.71624014159292,82
"82",2008,4,7.93688571428571,35,8.66455,6.96666666666667,8,8.223,7.66666666666667,20,15,2,17,18,992,688,304,51,409,583,7.74729503024194,8.13915841569768,6.86044631578947,7.15235294117647,7.79374325183374,7.71470957118353,83
"83",2008,5,7.7,20,8,7.14285714285714,7,7.35,8.05,13,7,1,10,10,1012,701,311,52,419,593,7.7463603458498,8.1365777318117,6.86680282958199,7.14942307692308,7.78315272076372,7.72036370994941,84
"84",2008,6,7.81578947368421,19,8.44444444444444,7.25,6,7.5,8.04545454545454,9,10,2,8,11,1031,710,321,54,427,604,7.74763983511154,8.14048026760564,6.87874043613707,7.10685185185185,7.77784775175644,7.7262842384106,85
"85",2008,7,8.25296296296296,27,9.14076923076923,7.42857142857143,7,8.48454545454545,8.09375,13,14,6,11,16,1058,723,335,60,438,620,7.76053560491494,8.15846609958507,6.90171844776119,7.09616666666667,7.79559586757991,7.73576722580645,86
"86",2008,8,7.54838709677419,31,8.32,6.825,6.74,7.52,7.56190476190476,15,16,5,10,21,1089,738,351,65,448,641,7.75449648301194,8.16174930894309,6.89822131054131,7.06876923076923,7.78944417410714,7.73007126365055,87
"87",2008,9,7.1258064516129,31,8.40909090909091,6.42,5.375,7.22,7.0375,11,20,4,15,16,1120,749,371,69,463,657,7.73709524107143,8.16538182910548,6.87244118598383,6.97057971014493,7.7709956587473,7.71320499238965,88
"88",2008,10,7.80555555555556,18,8.33333333333333,7.27777777777778,7.5,8.42857142857143,7.40909090909091,9,9,2,7,11,1138,758,380,71,470,668,7.73817809314587,8.1673759762533,6.88204126315789,6.98549295774648,7.78078934042553,7.7081971257485,89
"89",2008,11,7.8695652173913,23,8.375,7.6,8.5,7.38888888888889,8.17857142857143,8,15,2,9,14,1161,766,395,73,479,682,7.74078093884582,8.16954437336815,6.90930551898734,7.02698630136986,7.77342586638831,7.71785290322581,90
"90",2008,12,7.92272727272727,33,8.55952380952381,6.80833333333333,6.04166666666667,8.23076923076923,7.7225,21,12,6,13,20,1194,787,407,79,492,702,7.74580960636516,8.17995043202033,6.90632845208845,6.95215189873418,7.78551014227642,7.7179852991453,91
"91",2009,1,7.60606060606061,33,8.69230769230769,6.9,7.91666666666667,8,7.35,13,20,6,13,20,1227,800,427,85,505,722,7.74205107579462,8.1882762375,6.90603203747072,7.02023529411765,7.79103166336634,7.70779180055402,92
"92",2009,2,7.50344827586207,58,8.19090909090909,7.08333333333333,6.42857142857143,8.03333333333333,7.31860465116279,22,36,7,15,43,1285,822,463,92,520,765,7.73128145525292,8.18834670316302,6.91981788336933,6.97521739130435,7.79802113461538,7.68591592156863,93
"93",2009,3,7.36895833333333,48,8.13636363636364,6.71961538461538,8,7.391,7.36315789473684,22,26,4,10,38,1333,844,489,96,530,803,7.71823456114029,8.1869916943128,6.90917316973415,7.01791666666667,7.79034149056604,7.67064219178082,94
"94",2009,4,7.20697674418605,43,7.73076923076923,6.98,6.28571428571429,6.54444444444444,7.38235294117647,13,30,7,9,34,1376,857,519,103,539,837,7.70225775436047,8.18007116686115,6.9132672061657,6.96815533980583,7.7695380148423,7.65893151732378,95
"95",2009,5,7.562,50,7.85217391304348,7.31481481481481,7.875,7.46153846153846,7.5972972972973,23,27,4,13,37,1426,880,546,107,552,874,7.69733988078542,8.171501125,6.93312395604396,7.00205607476636,7.76228440217391,7.65632228832952,96
"96",2009,6,7.47073170731707,41,7.60714285714286,7.4,7,7.6875,7.41818181818182,14,27,5,8,33,1467,894,573,112,560,907,7.69100659168371,8.16266329977629,6.95512335078534,7.00196428571429,7.76121605357143,7.64765786108049,97
"97",2009,7,7.22619047619048,42,7.86666666666667,6.87037037037037,6.75,6.79166666666667,7.4,15,27,10,12,30,1509,909,600,122,572,937,7.6780693638171,8.15777886688669,6.95130946666667,6.98131147540984,7.74087585664336,7.63972858057631,98
"98",2009,8,7.25,34,7.96428571428571,6.75,6.33333333333333,7.83333333333333,7.125,14,20,3,6,28,1543,923,620,125,578,965,7.66863685677252,8.15484397616468,6.94481561290322,6.96576,7.74183562283737,7.6247934507772,99
"99",2009,9,7.195,40,7.81176470588235,6.73913043478261,7.8,6.88888888888889,7.28387096774194,17,23,5,9,31,1583,940,643,130,587,996,7.65666877447884,8.14863935106384,6.93745828926905,6.99784615384615,7.72875807495741,7.61418240963856,100
"100",2009,10,7.74736842105263,38,8.32222222222222,7.23,8.25,8.6,7.5875,18,20,6,6,32,1621,958,663,136,593,1028,7.65879498457742,8.15190082463466,6.94628307692308,7.05308823529412,7.73757333895447,7.61335182879378,101
"101",2009,11,7.31860465116279,43,7.72222222222222,7.028,6.94285714285714,7.75,7.15161290322581,18,25,7,12,31,1664,976,688,143,605,1059,7.65000400841346,8.14397642418033,6.94925244186046,7.04769230769231,7.73781981818182,7.59983539187913,102
"102",2009,12,7.25657894736842,38,7.57352941176471,7,7.2,7,7.34821428571429,17,21,5,10,28,1702,993,709,148,615,1087,7.64122013513514,8.1342104632427,6.95075554301833,7.05283783783784,7.72582274796748,7.59335389144434,103
"103",2010,1,7.68478260869565,46,7.97222222222222,7.5,6.5625,7.4375,7.73684210526316,18,28,8,8,38,1748,1011,737,156,623,1125,7.64236651601831,8.13132639960436,6.97162236092266,7.02769230769231,7.72212036918138,7.59820060444445,104
"104",2010,2,7.10185185185185,27,7.75,6.72058823529412,4.5,7.91666666666667,6.86904761904762,10,17,3,6,21,1775,1021,754,159,629,1146,7.6341446028169,8.12759156709109,6.9659624403183,6.98,7.72397613672496,7.58483916230367,105
"105",2010,3,7.87647058823529,34,8.59473684210526,6.96666666666667,6,8.28571428571429,7.77037037037037,19,15,1,7,27,1809,1040,769,160,636,1173,7.6386990989497,8.13612595192308,6.96597617685306,6.973875,7.73015878930818,7.58910970161978,106
"106",2010,4,7.25,31,8.75,5.84375,7.16666666666667,8.11666666666667,6.4375,15,16,3,15,16,1840,1055,785,163,651,1189,7.63215036413044,8.14485401895735,6.94310277707006,6.97742331288344,7.73906450076805,7.57361285113541,107
"107",2010,5,7.79166666666667,24,8.54166666666667,7.04166666666667,6.5,8,7.64285714285714,12,12,2,10,14,1864,1067,797,165,661,1203,7.63420422210301,8.14931676663543,6.94458680050188,6.97163636363636,7.74301208774584,7.57441868661679,108
"108",2010,6,7.875,16,8.2,7.72727272727273,7,8,7.81818181818182,5,11,1,5,11,1880,1072,808,166,666,1214,7.63625354787234,8.14955316231344,6.95524217821782,6.97180722891566,7.74494142642643,7.57662741350906,109
"109",2010,7,7.85862068965517,29,8.6,7.16666666666667,7,8.6,7.46842105263158,14,15,1,10,19,1909,1086,823,167,676,1233,7.63963157150341,8.15536002762431,6.95909560145808,6.97197604790419,7.75759022189349,7.57496,110
"110",2010,8,7.66829268292683,41,8.28823529411765,7.22916666666667,7.5,8.02222222222222,7.56875,17,24,4,9,32,1950,1103,847,171,685,1265,7.64023418974359,8.15740796917498,6.96674814639905,6.98432748538012,7.76106713868613,7.57480290909091,111
"111",2010,9,7.6875,24,8.7,6.96428571428571,7,7.5,7.82142857142857,10,14,2,10,14,1974,1113,861,173,695,1279,7.64080885005066,8.1622830098832,6.9667081068525,6.98450867052023,7.75731077697842,7.57750248631744,112
"112",2010,10,7.78947368421053,19,8.375,6.78571428571429,6,8.3,7.60714285714286,12,7,1,5,14,1993,1125,868,174,700,1293,7.64222612644255,8.16455199111112,6.96524847926267,6.97885057471265,7.76118712857143,7.57782341840681,113
"113",2010,11,7.80697674418605,43,8.435,7.26086956521739,7,7.52222222222222,7.88235294117647,20,23,4,9,34,2036,1145,891,178,709,1327,7.64570563359529,8.16927597379913,6.97287955106622,6.97932584269663,7.7581537235543,7.58562598342125,114
"114",2010,12,8.009375,32,8.46153846153846,7.7,7.5,8,8.01304347826087,13,19,4,9,23,2068,1158,910,182,718,1350,7.65133301257253,8.17255698618308,6.98806118681319,6.99076923076923,7.76118522284123,7.59290791111111,115
"115",2011,1,7.26176470588235,34,7.96666666666667,6.70526315789474,7.25,7.84444444444444,7.052,15,19,4,9,25,2102,1173,929,186,727,1375,7.64503171741199,8.16992411764706,6.98227737351991,6.99634408602151,7.76221594222834,7.58307322181818,116
"116",2011,2,7.34,40,7.90909090909091,6.64444444444444,7.4,6.625,7.51875,22,18,4,8,32,2142,1195,947,190,735,1407,7.63933551353875,8.16512216736402,6.97585605068638,7.00484210526316,7.74983808163265,7.58161029140014,117
"117",2011,3,7.4078125,32,8.03333333333333,6.85588235294118,7,7.98,7.14772727272727,15,17,1,10,22,2174,1210,964,191,745,1429,7.63592763109476,8.16348842148761,6.97374033195021,7.0048167539267,7.75292750335571,7.57493049685094,118
"118",2011,4,8.16875,24,8.475,7.25,7,8.08888888888889,8.21666666666667,18,6,2,9,15,2198,1228,970,193,754,1444,7.6417455277525,8.16805455211727,6.97544915463917,7.00476683937824,7.75693765251989,7.58159673130194,119
"119",2011,5,7.664,25,7.96428571428571,7.28181818181818,5.15,8.05555555555556,7.44375,14,11,2,9,16,2223,1242,981,195,763,1460,7.64199580296896,8.16575764090178,6.97888448521916,6.98574358974359,7.76046001310616,7.58008608219178,120
"120",2011,6,7.99074074074074,27,8.575,7.36153846153846,9,7.90384615384615,8.07142857142857,14,13,2,13,14,2250,1256,994,197,776,1474,7.64618074222222,8.17031925955414,6.98388901408451,7.00619289340102,7.76286210051547,7.5847528358209,121
"121",2011,7,7.48275862068965,29,8.2,6.9,NA,8.125,7.23809523809524,13,16,0,8,21,2279,1269,1010,197,784,1495,7.64410121544537,8.1706233175729,6.98256007920792,7.00619289340102,7.76655738520408,7.57988339799331,122
"122",2011,8,7.45238095238095,21,9.42857142857143,6.46428571428571,7.5,8.16666666666667,6.91666666666667,7,14,3,9,12,2300,1276,1024,200,793,1507,7.64235072608696,8.17752428683386,6.975474296875,7.0136,7.7710983480454,7.57460230922362,123
"123",2011,9,7.55357142857143,28,8.58333333333333,6.78125,7.75,7.36363636363636,7.67647058823529,12,16,4,11,17,2328,1288,1040,204,804,1524,7.6412829338488,8.18130511645963,6.97248623076923,7.02803921568627,7.76552361940299,7.5757386351706,124
"124",2011,10,6.98484848484849,33,7.74375,6.27058823529412,6,7.19,6.89565217391304,16,17,1,10,23,2361,1304,1057,205,814,1547,7.63210786531131,8.17593634202454,6.96119742667928,7.0230243902439,7.75845330466831,7.56562745959922,125
"125",2011,11,7.25952380952381,42,7.70869565217391,6.71578947368421,6,7.12857142857143,7.28571428571429,23,19,3,7,35,2403,1327,1076,208,821,1582,7.62559578443612,8.16783797287114,6.95686401486989,7.00826923076923,7.7530828136419,7.55943469026549,126
"126",2011,12,7.70285714285714,35,8.72777777777778,6.61764705882353,6,7.08571428571429,7.85714285714286,18,17,1,7,28,2438,1345,1093,209,828,1610,7.62670495077933,8.17533159107807,6.95158799634035,7.00344497607656,7.74744080917874,7.56461222360249,127
"127",2012,1,7.02857142857143,35,8.13636363636364,6.52083333333333,5.33333333333333,5.125,7.2741935483871,11,24,3,4,31,2473,1356,1117,212,832,1641,7.61823965628791,8.17501547935104,6.9423327484333,6.97981132075472,7.73483292067308,7.55912594759293,128
"128",2012,2,7.82894736842105,38,9,6.65789473684211,7.5,8.33333333333333,7.67241379310345,19,19,4,9,29,2511,1375,1136,216,841,1670,7.6214283831143,8.18641526545455,6.93757542253521,6.98944444444444,7.74123780023781,7.56109322155689,129
"129",2012,3,7.5025641025641,39,8.22222222222222,6.88571428571429,NA,8,7.46111111111111,18,21,0,3,36,2550,1393,1157,216,844,1706,7.61961045882353,8.186877954056,6.9366341227312,6.98944444444444,7.74215757109005,7.55898339976553,130
"130",2012,4,7.23666666666667,45,7.975,6.82931034482759,6.625,6.72307692307692,7.4453125,16,29,6,13,32,2595,1409,1186,222,857,1738,7.6129698150289,8.18447195883606,6.93400984822934,6.97959459459459,7.72669893815636,7.55689049482163,131
"131",2012,5,7.565625,32,7.87857142857143,7.32222222222222,7.75,7.975,7.42916666666667,14,18,2,8,24,2627,1423,1204,224,865,1762,7.61239309859155,8.18146239634575,6.93981368770764,6.98647321428571,7.72899536416185,7.55515078320091,132
"132",2012,6,7.65,20,8.47916666666667,6.40625,8,7.16666666666667,7.73529411764706,12,8,2,3,17,2647,1435,1212,226,868,1779,7.6126772459388,8.18395190940767,6.93629181518152,6.99544247787611,7.72705183179724,7.55687222034851,133
"133",2012,7,7.06,22,7.625,6.73714285714286,6.75,5.3,7.57764705882353,8,14,4,5,17,2669,1443,1226,230,873,1796,7.60812164481079,8.18085307692308,6.93401768352365,6.99117391304348,7.71315119129439,7.55706886414254,134
"134",2012,8,7.79166666666667,24,8.03846153846154,7.5,8,7.5,7.86842105263158,13,11,1,5,19,2693,1456,1237,231,878,1815,7.60975739695507,8.1795817239011,6.93905067097817,6.99554112554113,7.71193734624146,7.56032819834711,135
"135",2012,9,7.56842105263158,19,8.1875,7.11818181818182,8,8.375,7.35333333333333,8,11,1,4,15,2712,1464,1248,232,882,1830,7.60946779867257,8.1796249931694,6.94062955128205,6.99987068965517,7.71494443310658,7.55863151912568,136
"136",2012,10,7.69642857142857,28,7.8125,7.65,6,6.5,7.95652173913043,8,20,1,5,23,2740,1472,1268,233,887,1853,7.61035644890511,8.17762974864131,6.95181835962145,6.99557939914163,7.70809581736189,7.56357025364274,137
"137",2012,11,7.09375,32,8.21428571428571,6.78,6.5,7.28571428571429,7.04,7,25,2,7,25,2772,1479,1293,235,894,1878,7.60439273809524,8.17780323867478,6.94849627223511,6.99136170212766,7.70478857941835,7.5566004685836,138
"138",2012,12,7.62666666666667,30,7.96428571428571,7.33125,7.75,7.55,7.665,14,16,4,10,20,2802,1493,1309,239,904,1898,7.60463121698786,8.17580106496986,6.95317469824293,7.00405857740586,7.70307631637168,7.55774271865121,139
"139",2013,1,7.26612903225806,31,8.025,6.90476190476191,6.5,5.70833333333333,7.64,10,21,3,6,25,2833,1503,1330,242,910,1923,7.60092716907871,8.17479773120426,6.95241028571428,6.99780991735537,7.68992416483517,7.55881210608424,140
"140",2013,2,7.825,20,8.72727272727273,6.72222222222222,8,8.75,7.59375,11,9,3,4,16,2853,1514,1339,245,914,1939,7.60249795653698,8.17881175033025,6.95086309185959,7.01008163265306,7.6945634463895,7.55910040226921,141
"141",2013,3,7.54411764705882,34,7.78571428571429,7.375,7,7.3125,7.61538461538461,14,20,1,8,26,2887,1528,1359,246,922,1965,7.60181041565639,8.17521007198953,6.95710498896247,7.0100406504065,7.69124836225597,7.55984512977099,142
"142",2013,4,7.71,25,8.47916666666667,7,8,8.89285714285714,7.25,12,13,1,7,18,2912,1540,1372,247,929,1983,7.60273924107143,8.17757856493507,6.95751142857143,7.01404858299595,7.70030246501615,7.5570326172466,143
"143",2013,5,7.55769230769231,26,8.01333333333333,6.93636363636364,9.7,9.24,7.15714285714286,15,11,1,5,21,2938,1555,1383,248,934,2004,7.60234059564329,8.17599420578778,6.95734322487346,7.02487903225806,7.70854495717345,7.55284215568862,144
"144",2013,6,7.29130434782609,23,8.11111111111111,6.76428571428571,6,5.75,7.61578947368421,9,14,4,4,19,2961,1564,1397,252,938,2023,7.5999245761567,8.17562083759591,6.95540850393701,7.00861111111111,7.70019295309169,7.55343335640138,145
"145",2013,7,7.8551724137931,29,8.61538461538461,7.2375,8.5,8.66666666666667,7.64347826086957,13,16,2,6,23,2990,1577,1413,254,944,2046,7.60240022408027,8.17924603043754,6.95860274593064,7.02035433070866,7.70633579449153,7.55444559139785,146
"146",2013,8,8.57291666666667,24,8.44411764705882,8.88571428571429,9.7,8.21666666666667,8.69166666666667,17,7,1,6,18,3014,1594,1420,255,950,2064,7.61012829130723,8.18207088456713,6.96810259154929,7.03086274509804,7.70955893684211,7.56436321705426,147
"147",2013,9,7.96428571428571,28,8.63636363636364,7.52941176470588,9,8.28571428571429,7.85714285714286,11,17,1,7,21,3042,1605,1437,256,957,2085,7.61338812294543,8.18518441744549,6.97474299234516,7.0385546875,7.71377323928945,7.56731207673861,148
"148",2013,10,7.165625,32,7.61538461538461,6.85789473684211,7.125,7.33333333333333,7.14827586206897,13,19,4,3,29,3074,1618,1456,260,960,2114,7.60872695836044,8.18060629789864,6.97321818681318,7.03988461538462,7.71258436458333,7.56156370860927,149
"149",2013,11,7.29354838709677,31,8.34615384615385,6.53333333333333,4.75,8.4,7.08076923076923,13,18,2,5,26,3105,1631,1474,262,965,2140,7.60558024798712,8.18192580625383,6.96784645861601,7.02240458015267,7.71614610362694,7.55572228037383,150
"150",2013,12,7.15151515151515,33,8.2,6.69565217391304,8.3,6.85714285714286,7.23076923076923,10,23,5,7,26,3138,1641,1497,267,972,2166,7.6008051848311,8.18203594759293,6.96366444889779,7.04632958801498,7.70995986625514,7.55182164358264,151
"151",2014,1,7.95945945945946,37,8.66666666666667,7.03125,7.5,7.42857142857143,8.08333333333333,21,16,4,7,30,3175,1662,1513,271,979,2196,7.60498477795275,8.18815944043322,6.96437916721745,7.0530258302583,7.70794789581205,7.55908273224044,152
"152",2014,2,7.764,25,8.54166666666667,7.04615384615385,7.33333333333333,8.75,7.57619047619048,12,13,3,4,21,3200,1674,1526,274,983,2217,7.606227084375,8.19069354241338,6.96507580602883,7.05609489051095,7.71218818921668,7.5592447812359,153
"153",2014,3,8.295,20,8.60769230769231,7.71428571428571,7.75,9.45,8.16666666666667,13,7,2,2,18,3220,1687,1533,276,985,2235,7.61050517701863,8.19390692946059,6.96849685583822,7.0611231884058,7.71571674111675,7.56413676957494,154
"154",2014,4,7.67708333333333,24,8.36538461538461,6.86363636363636,6.875,8.33333333333333,7.45833333333333,13,11,2,6,18,3244,1700,1544,278,991,2253,7.61099774044389,8.19521822941177,6.96774979274611,7.05978417266187,7.71945609485368,7.56329146915224,155
"155",2014,5,7.76296296296296,27,8.30769230769231,7.25714285714286,7.525,7,7.89565217391304,13,14,4,4,23,3271,1713,1558,282,995,2276,7.61225211556099,8.19607179801518,6.97035024390244,7.0663829787234,7.71656380904523,7.56665012302285,156
"156",2014,6,8.05555555555556,18,8.85,7.0625,8.33333333333333,7.66666666666667,8.13333333333333,10,8,3,3,15,3289,1723,1566,285,998,2291,7.61467822134387,8.19986708647708,6.97082099616858,7.07971929824561,7.71641381763527,7.57036040157136,157
"157",2014,7,7.66842105263158,19,8.375,7.15454545454545,8.6,7.55,7.7,8,11,2,4,15,3308,1731,1577,287,1002,2306,7.61498690145103,8.20067648180243,6.97210252377933,7.09031358885017,7.71574949101796,7.5712036773634,158
"158",2014,8,8.06190476190476,21,8.75384615384615,6.9375,7.5,9.33333333333333,7.55333333333333,13,8,2,6,15,3329,1744,1585,289,1008,2321,7.61780614899369,8.20479987958716,6.97192787381703,7.09314878892734,7.72537796626984,7.57108818612667,159
"159",2014,9,7.97619047619048,21,8.3,7.68181818181818,9.5,7.7,8.0625,10,11,2,5,16,3350,1754,1596,291,1013,2337,7.62005273731343,8.20534263968073,6.97682060150376,7.10969072164948,7.72525270483712,7.57445258023106,160
"160",2014,10,7,14,8.21428571428571,5.78571428571429,6,5.66666666666667,7.36363636363636,7,7,4,3,11,3364,1761,1603,295,1016,2348,7.61747225624257,8.20537818852925,6.97161926388022,7.09464406779661,7.71917420275591,7.57346494037479,161
"161",2014,11,7.75454545454545,22,8.66666666666667,7.4125,8.16666666666667,7.85,7.71875,6,16,6,6,16,3386,1767,1619,301,1022,2364,7.61836286769049,8.20694453310697,6.97597633106856,7.11601328903655,7.71994226027397,7.5744482571912,162
"162",2014,12,8.57407407407407,27,9.075,7.14285714285714,NA,8.625,8.55263157894737,20,7,0,8,19,3413,1787,1626,301,1030,2383,7.62592343099912,8.21665975937326,6.9766947601476,7.11601328903655,7.72697183495146,7.5822474527906,163
"163",2015,1,7.42,20,7.64285714285714,7.3,8,8.33333333333333,7.25882352941176,7,13,4,3,17,3433,1794,1639,305,1033,2400,7.62472376055928,8.21442084169454,6.97925910921293,7.12760655737705,7.72873280735721,7.57995653333333,164
"164",2015,2,7.04444444444444,18,9,6.65333333333333,6,8,6.98823529411765,3,15,1,1,17,3451,1797,1654,306,1034,2417,7.62169709359606,8.21573232609906,6.97630331318017,7.12392156862745,7.72899515473888,7.57579465453041,165
"165",2015,3,7.13136363636364,22,8.21428571428571,6.626,5,8.758,6.65294117647059,7,15,3,5,17,3473,1804,1669,309,1039,2434,7.61859103656781,8.21572671286031,6.97315499101258,7.10330097087379,7.73394705486044,7.56934908792112,166
"166",2015,4,7.10434782608696,23,6.5,7.16190476190476,8.25,6.8,7.18888888888889,2,21,4,5,18,3496,1806,1690,313,1044,2452,7.61520785755149,8.21382668327797,6.97550040236686,7.1179552715655,7.72947412835249,7.56655615008157,167
"167",2015,5,7.15939130434783,23,8.20833333333333,6.01509090909091,NA,8,7.12118181818182,12,11,0,1,22,3519,1818,1701,313,1045,2474,7.61222866439329,8.21379042354236,6.96928964138742,7.1179552715655,7.72973300478469,7.56259566693613,168
"168",2015,6,7.72857142857143,21,8.9,6.66363636363636,NA,8.16666666666667,7.55333333333333,10,11,0,6,15,3540,1828,1712,313,1051,2489,7.61291883333333,8.21754430525164,6.96732574766355,7.1179552715655,7.73222739295909,7.56253984732824,169
"169",2015,7,7.535,20,8.25,7.35625,6.66666666666667,6.6,7.84666666666667,4,16,3,5,15,3560,1832,1728,316,1056,2504,7.61248108707865,8.21761516921398,6.97092689814815,7.11367088607595,7.72686646780303,7.56424188498402,170
"170",2015,8,7.98695652173913,23,9.05,7.16923076923077,8.3,9,7.70555555555556,10,13,4,5,18,3583,1842,1741,320,1061,2522,7.61488492045772,8.22213408794788,6.97240762780011,7.1285,7.73286615457116,7.56525046788263,171
"171",2015,9,7.44090909090909,22,8.0875,7.07142857142857,7,8,7.35263157894737,8,14,1,3,19,3605,1850,1755,321,1064,2541,7.61382320943134,8.22155188648649,6.97319753846154,7.12809968847352,7.73361935150376,7.56366063754427,172
"172",2015,10,7.15789473684211,19,8.21428571428571,6.54166666666667,6,8.5,6.90625,7,12,1,3,16,3624,1857,1767,322,1067,2557,7.61143285596026,8.22152449649973,6.97026693831352,7.12459627329193,7.73577412371134,7.55954700039108,173
"173",2015,11,7.90416666666667,24,8.7,7.23076923076923,7.5,8.11666666666667,7.83333333333333,11,13,1,6,18,3648,1868,1780,323,1073,2575,7.61335873629386,8.22434207173448,6.97216948314607,7.12575851393189,7.73790399813607,7.56146084660194,174
"174",2015,12,7.68095238095238,21,8.48181818181818,6.8,7,7.5,7.71111111111111,11,10,1,3,18,3669,1879,1790,324,1076,2593,7.61374561733442,8.22584938265035,6.9712076424581,7.12537037037037,7.73724069702602,7.56249968376398,175
"175",2016,1,7.93939393939394,33,8.90909090909091,7.45454545454545,8,9.44444444444444,7.375,11,22,2,9,24,3702,1890,1812,326,1085,2617,7.61664847920043,8.22982592063492,6.97707598233995,7.13073619631902,7.75140183410138,7.56078016048911,176
"176",2016,2,7.58695652173913,23,7.85833333333333,7.29090909090909,5,7.83333333333333,7.5,12,11,1,6,17,3725,1902,1823,327,1091,2634,7.61646514630872,8.22748211882229,6.9789696544158,7.12422018348624,7.75185241979835,7.56038788154897,177
"177",2016,3,7.76086956521739,23,7.55555555555556,7.89285714285714,7,8.33333333333333,7.55882352941176,9,14,1,6,17,3748,1911,1837,328,1097,2651,7.61735129935966,8.22431762951335,6.98593450190528,7.12384146341463,7.75503280765725,7.56037784986797,178
"178",2016,4,7.01538461538462,26,7.8375,6.65,5.25,8.16666666666667,6.67,8,18,2,6,20,3774,1919,1855,330,1103,2671,7.61320420508744,8.22270504950495,6.98267476010782,7.11248484848485,7.75727197642792,7.55371084986896,179
"179",2016,5,7.68461538461538,26,8.14285714285714,7.15,7.33333333333333,8.75,7.49090909090909,14,12,3,4,22,3800,1933,1867,333,1107,2693,7.61369280789474,8.22212674081738,6.98375023031601,7.11447447447447,7.76085906955736,7.55319780170813,180
"180",2016,6,7.6875,24,8.35,7.21428571428571,7.5,7.33333333333333,7.73809523809524,10,14,4,3,21,3824,1943,1881,337,1110,2714,7.61415603294979,8.22278486361297,6.9854660712387,7.11905044510386,7.7597035945946,7.55462847457627,181
"181",2016,7,7.08666666666667,30,7.94285714285714,6.82608695652174,9,5.9,7.324,7,23,2,5,25,3854,1950,1904,339,1115,2739,7.61004999221588,8.2217799948718,6.98354079831933,7.13014749262537,7.75136411659193,7.55252343190946,182
"182",2016,8,7.28571428571429,21,7,7.42857142857143,8,7.4,7.25,7,14,1,5,16,3875,1957,1918,340,1120,2755,7.60829230193548,8.21740980582524,6.98678919708029,7.13270588235294,7.74979552678572,7.55076649001815,183
"183",2016,9,7.7,20,8.4375,7.20833333333333,8.75,8.1,7.56666666666667,8,12,2,5,15,3895,1965,1930,342,1125,2770,7.60876320154044,8.21830584732824,6.98816667357513,7.14216374269006,7.75135199111111,7.55085259205776,184
"184",2016,10,7.41666666666667,36,8.20588235294118,6.71052631578947,7.5,7.25,7.46428571428571,17,19,3,8,28,3931,1982,1949,345,1133,2798,7.60700398626304,8.21819928859738,6.98546007183171,7.14527536231884,7.74781199470433,7.54998630450322,185
"185",2016,11,7.58970588235294,34,8.38157894736842,6.58666666666667,6,8,7.41875,19,15,2,10,24,3965,2001,1964,347,1143,2822,7.60685565447667,8.21975061969015,6.98241429735234,7.13867435158501,7.75001836395451,7.54887019135365,186
"186",2016,12,6.8695652173913,23,8.5,6.52631578947368,6.5,8.5,6.71428571428571,4,19,6,2,21,3988,2005,1983,353,1145,2843,7.6026034779338,8.22030972069825,6.97804421583459,7.12781869688385,7.75132837554585,7.54270548012663,187
"187",2017,1,7.5,44,8.23684210526316,6.94,5.75,8.1875,7.34722222222222,19,25,4,8,36,4032,2024,2008,357,1153,2879,7.60148379712301,8.2204649160079,6.97757055776892,7.11238095238095,7.75435471812663,7.54026109065648,188
"188",2017,2,7.48333333333333,30,8.29166666666667,6.94444444444444,7.25,6.125,7.97727272727273,12,18,4,8,22,4062,2036,2026,361,1161,2901,7.60061119399311,8.22088457269155,6.97727624876604,7.11390581717451,7.74312746770026,7.54357520854878,189
"189",2017,3,7.76818181818182,22,8.35,6.75,NA,8.1,7.67058823529412,14,8,0,5,17,4084,2050,2034,361,1166,2918,7.60151387610186,8.22176633658537,6.97638234021632,7.11390581717451,7.74465779588336,7.54431517477724,190
"190",2017,4,7.65384615384615,26,7.86666666666667,7.36363636363636,9,7.6,7.66666666666667,15,11,2,5,21,4110,2065,2045,363,1171,2939,7.60184493187348,8.21918692009685,6.97846536919315,7.12429752066116,7.74404012809565,7.54518941136441,191
"191",2017,5,8.109375,32,8.80952380952381,6.77272727272727,7.16666666666667,7.6,8.2037037037037,21,11,3,5,27,4142,2086,2056,366,1176,2966,7.60576597537421,8.22512990891659,6.97736463035019,7.12464480874317,7.74342771258504,7.55118397842212,192
"192",2017,6,7.705,20,8.46363636363636,6.77777777777778,6.75,8.875,7.4125,11,9,4,4,16,4162,2097,2065,370,1180,2982,7.6062428327727,8.22638101573677,6.97649476029056,7.12059459459459,7.74726355084746,7.55043986586184,193
"193",2017,7,7.45652173913043,23,8.45833333333333,6.36363636363636,6.5,9.2,6.97222222222222,12,11,4,5,18,4185,2109,2076,374,1185,3000,7.60541999283154,8.22770080132764,6.97324743737957,7.11395721925134,7.75339324050633,7.54697056,194
"194",2017,8,7.55294117647059,34,8.44166666666667,7.06818181818182,7,8.0375,7.40384615384615,12,22,2,8,26,4219,2121,2098,376,1193,3026,7.60499707750652,8.22891135785007,6.97424293612965,7.11335106382979,7.75529839899413,7.54574080634501,195
"195",2017,9,8.11111111111111,18,8.4,7.75,8,8.4,8,10,8,1,5,13,4237,2131,2106,377,1198,3039,7.60714719612934,8.22971421398404,6.97718978157645,7.11570291777188,7.75798914023372,7.54768400131622,196
"196",2017,10,7.68636363636364,22,8.50909090909091,6.86363636363636,8.16666666666667,8.65,7.47222222222222,11,11,3,4,18,4259,2142,2117,380,1202,3057,7.60755639117163,8.23114892156863,6.97659975436939,7.124,7.76095756239601,7.54723967288191,197
"197",2017,11,8.07142857142857,28,8.69230769230769,7.53333333333333,6,9.07142857142857,7.73809523809524,13,15,1,7,21,4287,2155,2132,381,1209,3078,7.61058611383252,8.2339308538283,6.98051673545966,7.1210498687664,7.76854507030604,7.54854180636777,198
"198",2017,12,7.74193548387097,31,8,7.5,7,8.125,7.60869565217391,15,16,1,8,23,4318,2170,2148,382,1217,3101,7.61152910375173,8.2323138202765,6.98438625698324,7.12073298429319,7.77088824157765,7.54898796517252,199
"199",2018,1,7.171875,32,7.60714285714286,6.83333333333333,6.8,7.5,7.125,14,18,5,4,28,4350,2184,2166,387,1221,3129,7.60829486666666,8.22830631410256,6.98313096952908,7.11658914728682,7.77000081081081,7.54519388942154,200
"200",2018,2,7.365,20,7.98,6.75,8,9.16666666666667,7.04705882352941,10,10,3,3,17,4370,2194,2176,390,1224,3146,7.60718138901602,8.22717456244302,6.98205959558823,7.12338461538461,7.77342401143791,7.54250212333121,201
"201",2018,3,7.92592592592593,27,7.95454545454545,7.90625,8,7.61111111111111,8.08333333333333,11,16,2,9,18,4397,2205,2192,392,1233,3164,7.60913865590175,8.22581450793651,6.9888055109489,7.12785714285714,7.77223924574209,7.54557891276865,202
"202",2018,4,7.78571428571429,21,8.3125,7.46153846153846,7.5,8.3,7.625,8,13,2,5,16,4418,2213,2205,394,1238,3180,7.60997796966953,8.22612787618617,6.99159259863945,7.1297461928934,7.77437075121163,7.54597851572327,203
"203",2018,5,7.90590909090909,22,8.58454545454545,7.22727272727273,10,8.75,7.71833333333333,11,11,1,4,18,4440,2224,2216,395,1242,3198,7.61144429504504,8.227900625,6.99276249097473,7.13701265822785,7.77751287439614,7.54694861788618,204
"204",2018,6,7.95055555555556,18,8.76375,7.3,NA,9.16666666666667,7.70733333333333,8,10,0,3,15,4458,2232,2226,395,1245,3213,7.61281351951548,8.22982123207885,6.99414271338724,7.13701265822785,7.78086023293173,7.5476973793962,205
"205",2018,7,7.79545454545455,22,8.2,7.45833333333333,NA,7.58333333333333,7.875,10,12,0,6,16,4480,2242,2238,395,1251,3229,7.61371041741071,8.22968822033898,6.99663167113494,7.13701265822785,7.77991286171063,7.54931919479715,206
"206",2018,8,8.35294117647059,17,8.9,7.57142857142857,8,8.75,8.23076923076923,10,7,1,4,13,4497,2252,2245,396,1255,3242,7.6165049299533,8.23266473801066,6.99842391091314,7.13919191919192,7.78300477290837,7.55205172115978,207
"207",2018,9,7.485,20,7.77777777777778,7.24545454545455,NA,7.25,7.54375,9,11,0,4,16,4517,2261,2256,396,1259,3258,7.61592266327208,8.23085404245909,6.99962840425532,7.13919191919192,7.781311350278,7.55201095150399,208
"208",2018,10,8.3962962962963,27,9.06666666666667,7.55833333333333,4,9,8.22380952380952,15,12,1,6,21,4544,2276,2268,397,1265,3279,7.62055956646126,8.23636247363796,7.00258451499118,7.13128463476071,7.78709169169961,7.5563134126258,209
"209",2018,11,6.8625,32,7.17,6.72272727272727,10,7.35,6.7,10,22,1,8,24,4576,2286,2290,398,1273,3303,7.61525845061188,8.23169772090989,6.999895930131,7.13849246231156,7.78434484681854,7.55009133514986,210
"210",2018,12,7.2268,25,7.90777777777778,6.84375,6.75,7.3375,7.17470588235294,9,16,4,8,17,4601,2295,2306,402,1281,3320,7.61314772223429,8.23042744662309,6.99881252385082,7.13462686567164,7.78155424668228,7.54816918072289,211
"211",2019,1,7.47142857142857,28,7.97,7.19444444444444,8,8.08333333333333,7.30454545454545,10,18,2,6,22,4629,2305,2324,404,1287,3342,7.61229048822639,8.22929760954447,7.00032774526678,7.13891089108911,7.78296114219114,7.54656543387193,212
"212",2019,2,8.19411764705882,17,8.22727272727273,8.13333333333333,10,10,7.80714285714286,11,6,1,3,14,4646,2316,2330,405,1290,3356,7.61441942961687,8.22928799222798,7.00324535622318,7.14597530864198,7.78811704651163,7.54765246722288,213
"213",2019,3,8.11764705882353,51,8.76190476190476,7.66666666666667,8,8.5,7.95833333333333,21,30,6,15,36,4697,2337,2360,411,1305,3392,7.61988347242921,8.23407402225075,7.0116786779661,7.15844282238443,7.7962996091954,7.55201110849057,214
"214",2019,4,7.60526315789474,19,8.38888888888889,6.9,6.5,8.08333333333333,7.38461538461539,9,10,4,6,13,4716,2346,2370,415,1311,3405,7.61982456955046,8.23466794117647,7.01120745991561,7.15209638554217,7.79761326468345,7.55137200587371,215
"215",2019,5,7.19142857142857,28,7.41857142857143,6.96428571428571,9,5.85714285714286,7.63619047619048,14,14,1,7,21,4744,2360,2384,416,1318,3426,7.61729609401349,8.22982669067797,7.01093191275168,7.15653846153846,7.78730727617602,7.5518919089317,216
"216",2019,6,7.34033333333333,30,8.25,7.00954545454545,6.05,8.182,7.172,8,22,2,5,25,4774,2368,2406,418,1323,3451,7.61555564935065,8.22989484375,7.01091923524522,7.15124401913876,7.78879893424036,7.5491398667053,217
"217",2019,7,8.2994445,20,8.42222230769231,8.07142857142857,8.5,8.33333333333333,8.28492071428571,13,7,2,6,14,4794,2381,2413,420,1329,3465,7.61840875260742,8.23094493070139,7.01399572316618,7.15766666666667,7.79125732881866,7.55211271861472,218
"218",2019,8,7.67391304347826,23,8.71428571428571,7.21875,8.16666666666667,8,7.625,7,16,3,3,20,4817,2388,2429,423,1332,3485,7.61867377205729,8.23236175879397,7.01534445450803,7.16482269503546,7.79172746996997,7.55253101004304,219
"219",2019,9,7.45041666666667,24,7.57333333333333,7.37666666666667,6.5,6.38666666666667,7.60238095238095,9,15,2,3,21,4841,2397,2444,425,1335,3506,7.61783961165048,8.22988730913642,7.01756206219313,7.16169411764706,7.78857002996255,7.55282959783229,220
"220",2019,10,7.84210526315789,19,8.5,7.11111111111111,7,8.2,7.71428571428571,10,9,2,5,14,4860,2407,2453,427,1340,3520,7.61871637037037,8.23100950560864,7.01790529147982,7.16093676814988,7.79010521641791,7.55347175284091,221
"221",2019,11,7.65914285714286,35,8.55,7.3028,5,7.59090909090909,7.69041666666667,10,25,3,11,24,4895,2417,2478,430,1351,3544,7.61900542594484,8.23232928423666,7.02077953188055,7.14586046511628,7.78848333826795,7.55439914503386,222
"222",2019,12,7.77272727272727,33,8.07142857142857,7.55263157894737,7,7,7.796875,14,19,2,1,32,4928,2431,2497,432,1352,3576,7.62003481331168,8.23140266556972,7.02482646375651,7.14518518518519,7.78790014053254,7.55656895134228,223
"223",2020,1,7.675,40,8.22222222222222,7.22727272727273,8,7.1,7.86666666666667,18,22,4,10,30,4968,2449,2519,436,1362,3606,7.62047736714975,8.23133518987342,7.0265945533942,7.15302752293578,7.78284947870778,7.55914879922352,224
"224",2020,2,8,48,9.1,7.5,7.875,8.35714285714286,7.9390243902439,15,33,4,7,41,5016,2464,2552,440,1369,3647,7.62410916267942,8.23662332792208,7.03271617554859,7.15959090909091,7.78578596785975,7.5634194049904,225
"225",2020,3,7.5675,24,8.26,7.07285714285714,5.5,7.36666666666667,7.59619047619048,10,14,2,3,21,5040,2474,2566,442,1372,3668,7.62383959523809,8.23671781729992,7.03293518316446,7.1520814479638,7.78486952623907,7.56360702562704,226
"226",2020,4,7.7625,24,8,7.66470588235294,6.75,8.5,7.615,7,17,2,4,20,5064,2481,2583,444,1376,3688,7.6244967535545,8.23604993147924,7.03709317847464,7.15027027027027,7.78694839389535,7.56388572939262,227
"227",2020,5,8,21,9,7.5,7.5,8,8,7,14,4,3,18,5085,2488,2597,448,1379,3706,7.62604750442478,8.23819930868167,7.03958863303812,7.15339285714286,7.78741188542422,7.56600393146249,228
"228",2020,6,7.288,25,7.75,7.07058823529412,6.75,6.75,7.33478260869565,8,17,2,2,23,5110,2496,2614,450,1381,3729,7.6243936516634,8.23663456730769,7.03979023718439,7.1516,7.78590947863867,7.56457778761062,229
"229",2020,7,7.59677419354839,31,8.07142857142857,7.45833333333333,8.4,8.3,7.46153846153846,7,24,5,5,26,5141,2503,2638,455,1386,3755,7.62422710756662,8.23617254494606,7.04359805913571,7.16531868131868,7.78776406204906,7.56386433288948,230
"230",2020,8,6.98421052631579,19,7.2,6.90714285714286,6.8,NA,6.98421052631579,5,14,1,0,19,5160,2508,2652,456,1386,3774,7.62187045736434,8.23410681020733,7.04287770739065,7.16451754385965,7.78776406204906,7.56094609697933,231
"231",2020,9,7.4375,24,8.16666666666667,7,10,6.125,7.7,9,15,1,4,20,5184,2517,2667,457,1390,3794,7.6210168904321,8.23386566547477,7.0426365504312,7.17072210065646,7.7829791294964,7.56167911702688,232
"232",2020,10,7.73461538461538,26,8.37777777777778,7.39411764705882,6.75,7.13333333333333,7.81304347826087,9,17,2,3,23,5210,2526,2684,459,1393,3817,7.62158379270633,8.23437841646872,7.04486277198212,7.16888888888889,7.78158003589375,7.56319375687713,233
"233",2020,11,7.65958333333333,24,8.64285714285714,7.25470588235294,6.665,6.466,7.97368421052632,7,17,2,5,19,5234,2533,2701,461,1398,3836,7.62175803591899,8.23550725621792,7.04618351721585,7.16670281995662,7.77687481402003,7.56522694734098,234
"234",2020,12,7.20689655172414,29,7.08333333333333,7.29411764705882,7.5,6.66666666666667,7.26923076923077,12,17,2,3,26,5263,2545,2718,463,1401,3862,7.61947208056241,8.23007460903733,7.04773424576895,7.16814254859611,7.77449749464668,7.56323422320042,235
"235",2021,1,7.77272727272727,22,8.66666666666667,6.7,7.66666666666667,8.5,7.55882352941176,12,10,3,5,17,5285,2557,2728,466,1406,3879,7.6201100397351,8.23212353539304,7.0464595601173,7.17135193133047,7.77707751778094,7.56321489301366,236
"236",2021,2,7.87105263157895,19,8.08,7.63888888888889,7.25,9.4,7.69117647058824,10,9,1,2,17,5304,2567,2737,467,1408,3896,7.62100896681749,8.23153092325672,7.04840762879065,7.17152034261242,7.77938280539773,7.56377324691992,237
"237",2021,3,7.58666666666667,27,7.37111111111111,7.69444444444444,NA,7.5,7.5936,9,18,0,2,25,5331,2576,2755,467,1410,3921,7.62083503282686,8.22852479813664,7.05262855898367,7.17152034261242,7.7789865177305,7.56396342004591,238
"238",2021,4,7.175,20,7.875,6.70833333333333,7.5,6.375,7.375,8,12,2,4,16,5351,2584,2767,469,1414,3937,7.61916867127639,8.22743029411765,7.05113541019154,7.172921108742,7.77501484441301,7.56319547117094,239
"239",2021,5,7.71733333333333,15,7.652,7.75,6,6,7.98153846153846,5,10,1,2,13,5366,2589,2777,470,1416,3950,7.61944307864331,8.22631899575125,7.05365202736766,7.17042553191489,7.77250776129943,7.56457229620253,240
"240",2021,6,7.59090909090909,22,6.77777777777778,8.15384615384615,7.5,6.875,7.75,9,13,2,4,18,5388,2598,2790,472,1420,3968,7.6193265701559,8.22130095458044,7.05877837992832,7.17182203389831,7.76997957042254,7.56541345010081,241
"241",2021,7,6.99166666666667,12,8.33333333333333,6.54444444444444,6.5,7.13333333333333,6.94444444444444,3,9,2,3,9,5400,2601,2799,474,1423,3977,7.61793177037037,8.22143017301038,7.05712457306181,7.16898734177215,7.76863737877723,7.56400818959014,242
"242",2021,8,7.27315789473684,19,8.16666666666667,6.469,7,7.33333333333333,7.261875,9,10,2,3,16,5419,2610,2809,476,1426,3993,7.61672293042997,8.22124133333333,7.05503085795657,7.16827731092437,7.76772159186536,7.56279753819184,243
"243",2021,9,6.92857142857143,14,7,6.9,NA,6,7,4,10,0,1,13,5433,2614,2819,476,1427,4006,7.61494967053193,8.21937256312165,7.05448090812345,7.16827731092437,7.76648282410652,7.56097118572142,244
"244",2021,10,7.29545454545455,22,7.95833333333333,6.5,5,6.75,7.5,12,10,2,6,16,5455,2626,2829,478,1433,4022,7.61366114757103,8.21817969535415,7.05252091905267,7.1592050209205,7.76222678995115,7.56072863500746,245
"245",2021,11,7.225,20,8.33333333333333,6.75,NA,9,7.13157894736842,6,14,0,1,19,5475,2632,2843,478,1434,4041,7.61224138082192,8.21844220364741,7.05103119240239,7.1592050209205,7.76308995118549,7.55871085622371,246
"246",2021,12,7.875,26,7.88888888888889,7.86764705882353,8,9.2,7.55952380952381,9,17,1,5,21,5501,2641,2860,479,1439,4062,7.61348328667515,8.21731915183642,7.0558852027972,7.16096033402923,7.76808268936762,7.55871505908419,247
"247",2022,1,7.3375,24,7.63636363636364,7.08461538461538,5,6.33333333333333,7.48095238095238,11,13,2,3,21,5525,2652,2873,481,1442,4083,7.61228444524887,8.21490945701357,7.05601520361991,7.15197505197505,7.7650977739251,7.55831510409013,248
"248",2022,2,7.884,25,8.125,7.66153846153846,7.325,8.4,7.68333333333333,12,13,4,7,18,5550,2664,2886,485,1449,4101,7.61350838918919,8.21450445945946,7.05874278586279,7.15340206185567,7.76816493443754,7.55886383077298,249
"249",2022,3,7.28481481481481,27,8.29875,6.85789473684211,7.25,6.525,7.60473684210526,8,19,2,8,19,5577,2672,2905,487,1457,4120,7.61191708086785,8.21475669161676,7.05742914974182,7.15379876796715,7.7613390459849,7.55907538106796,250
"250",2022,4,6.36363636363636,11,7.33333333333333,6,7,7,6.3,3,8,1,1,10,5588,2675,2913,488,1458,4130,7.60945983536149,8.21376817943925,7.05452512186749,7.15348360655738,7.76081686556927,7.55602677239709,251
"251",2022,5,6.96428571428571,28,7.83333333333333,6.72727272727273,6.5,7.75,6.83333333333333,6,22,3,4,24,5616,2681,2935,491,1462,4154,7.60624315527065,8.21291677732189,7.05207212265758,7.14949083503055,7.76078727086183,7.55185136494945,252
"252",2022,6,7.34375,16,8.41666666666667,6.7,5,8.75,7.14285714285714,6,10,2,2,14,5632,2687,2945,493,1464,4168,7.60549743607954,8.21337174544101,7.05087663157895,7.14077079107505,7.76213865437158,7.55047758397313,253
"253",2022,7,8.88888888888889,9,9.25,8.6,8,NA,8.88888888888889,4,5,1,0,9,5641,2691,2950,494,1464,4177,7.60754503811381,8.2149126272761,7.05350226440678,7.14251012145749,7.76213865437158,7.55336140052669,254
"254",2022,8,8.08913043478261,23,8.57142857142857,7.878125,7,8.2,8.05833333333333,7,16,1,5,18,5664,2698,2966,495,1469,4195,7.60950062853107,8.2158376130467,7.05795066756574,7.14222222222222,7.76362899251191,7.5555281454112,255
"255",2022,9,7.83333333333333,12,7.625,7.9375,NA,10,7.4,4,8,0,2,10,5676,2702,2974,495,1471,4205,7.60997384778013,8.21496294596595,7.06031663752522,7.14222222222222,7.7666696057104,7.55515828061831,256
"256",2022,10,7.26571428571429,21,8.25,5.95333333333333,NA,8.625,6.94588235294118,12,9,0,4,17,5697,2714,2983,495,1475,4222,7.60870485518694,8.21511786293294,7.05697676164935,7.14222222222222,7.76899728135593,7.55270501421127,257
"257",2022,11,7.43846153846154,26,8.14285714285714,7.17894736842105,7,9,7.30833333333333,7,19,2,2,24,5723,2721,3002,497,1477,4246,7.60793142757295,8.2149319661889,7.05774872751499,7.14164989939638,7.77066417738659,7.55132373292511,258
"258",2022,12,7.36,20,7.91666666666667,7.12142857142857,7,6.7,7.39473684210526,6,14,2,1,19,5743,2727,3016,499,1478,4265,7.6070680062685,8.21427571690502,7.05804432360743,7.14108216432866,7.7699397767253,7.55062615943728,259
