"","year","month","avg_rating","no_ratings","avg_rating_owned","avg_rating_not_owned","avg_rating_prev_owned","avg_rating_comment","avg_rating_no_comment","no_ratings_owned","no_ratings_not_owned","no_ratings_prev_owned","no_ratings_comment","no_ratings_no_comment","cum_no_ratings","cum_no_ratings_owned","cum_no_ratings_not_owned","cum_no_ratings_prev_owned","cum_no_ratings_comment","cum_no_ratings_no_comment","cum_avg_rating","cum_avg_rating_owned","cum_avg_rating_not_owned","cum_avg_rating_prev_owned","cum_avg_rating_comment","cum_avg_rating_no_comment","month_after_release"
"1",2012,10,6.89285714285714,14,7.78571428571429,6,7.5,6.16666666666667,7.09090909090909,7,7,1,3,11,14,7,7,1,3,11,6.89285714285714,7.78571428571429,6,7.5,6.16666666666667,7.09090909090909,0
"2",2012,11,7.17241379310345,29,8.09090909090909,6.61111111111111,8.16666666666667,6.5,7.34782608695652,11,18,3,6,23,43,18,25,4,9,34,7.08139534883721,7.97222222222222,6.44,8,6.38888888888889,7.26470588235294,1
"3",2012,12,7.20816326530612,49,7.92173913043478,6.57692307692308,7.75,7.03125,7.29393939393939,23,26,4,16,33,92,41,51,8,25,67,7.14891304347826,7.94390243902439,6.50980392156863,7.875,6.8,7.27910447761194,2
"4",2013,1,7.31505747126437,87,8.03052631578947,6.76020408163265,7.34615384615385,7.01190476190476,7.41151515151515,38,49,13,21,66,179,79,100,21,46,133,7.22966480446927,7.98556962025316,6.6325,7.54761904761905,6.89673913043478,7.34481203007519,3
"5",2013,2,7.07662337662338,77,8.256,6.50961538461539,7.45,6.425,7.24754098360656,25,52,10,16,61,256,104,152,31,62,194,7.1836328125,8.05057692307692,6.59046052631579,7.51612903225806,6.775,7.31422680412371,4
"6",2013,3,6.92105263157895,76,7.66,6.43913043478261,6.5,6.1,7.12295081967213,30,46,13,15,61,332,134,198,44,77,255,7.12352409638554,7.96313432835821,6.55530303030303,7.21590909090909,6.64350649350649,7.26847058823529,5
"7",2013,4,7.00076923076923,65,7.37884615384615,6.74871794871795,7.07142857142857,6.775,7.08723404255319,26,39,7,18,47,397,160,237,51,95,302,7.10342569269522,7.8681875,6.58713080168776,7.19607843137255,6.66842105263158,7.24026490066225,6
"8",2013,5,7.25079365079365,63,7.875,6.60645161290323,7.45,7.26875,7.24468085106383,32,31,10,16,47,460,192,268,61,111,349,7.12360869565217,7.86932291666666,6.58936567164179,7.23770491803279,6.75495495495495,7.24085959885387,7
"9",2013,6,6.794,50,7.54117647058824,6.40909090909091,6.55555555555556,6,6.9925,17,33,9,10,40,510,209,301,70,121,389,7.09129411764706,7.84263157894737,6.56960132890366,7.15,6.69256198347107,7.21532133676093,8
"10",2013,7,6.895,40,7.72352941176471,6.28260869565217,7.125,7.94444444444444,6.59032258064516,17,23,8,9,31,550,226,324,78,130,420,7.07701818181818,7.83367256637168,6.54922839506173,7.1474358974359,6.77923076923077,7.16919047619048,9
"11",2013,8,6.59285714285714,56,7.4125,5.978125,6.72307692307692,6.28235294117647,6.72820512820513,24,32,13,17,39,606,250,356,91,147,459,7.03227722772277,7.79324,6.49789325842697,7.08681318681319,6.72176870748299,7.1317211328976,10
"12",2013,9,6.68684210526316,76,7.21935483870968,6.32,6.57142857142857,6.20526315789474,6.84736842105263,31,45,21,19,57,682,281,401,112,166,516,6.99378299120235,7.72992882562277,6.47793017456359,6.99017857142857,6.66265060240964,7.10031007751938,11
"13",2013,10,6.86,60,7.18275862068965,6.55806451612903,6.38461538461539,6.1,7.03061224489796,29,31,13,11,49,742,310,432,125,177,565,6.98296495956873,7.67874193548387,6.48368055555556,6.9272,6.62768361581921,7.09426548672566,12
"14",2013,11,6.67986111111111,72,7.27222222222222,6.32444444444444,6.42307692307692,6.56666666666667,6.70964912280702,27,45,13,15,57,814,337,477,138,192,622,6.95615479115479,7.64617210682492,6.46865828092243,6.87971014492754,6.62291666666667,7.0590192926045,13
"15",2013,12,6.54642857142857,70,7.49833333333333,5.8325,6.41666666666667,5.83235294117647,6.77547169811321,30,40,12,17,53,884,367,517,150,209,675,6.92371040723982,7.63408719346049,6.41943907156673,6.84266666666667,6.55861244019139,7.03675555555556,14
"16",2014,1,6.66666666666667,81,7.29444444444444,6.16444444444444,6.46,6.325,6.72608695652174,36,45,15,12,69,965,403,562,165,221,744,6.90213471502591,7.60374689826303,6.39902135231317,6.80787878787879,6.54592760180995,7.0079435483871,15
"17",2014,2,6.49661016949153,59,6.93125,5.98148148148148,6.36363636363636,6.14583333333333,6.58617021276596,32,27,11,12,47,1024,435,589,176,233,791,6.87876953125,7.55427586206897,6.37988115449915,6.78011363636364,6.52532188841202,6.98288242730721,16
"18",2014,3,6.38404255319149,47,7.10384615384615,5.49285714285714,5.10714285714286,6,6.40111111111111,26,21,7,2,45,1071,461,610,183,235,836,6.85705882352941,7.52887201735358,6.34934426229508,6.71612021857924,6.52085106382979,6.95156698564593,17
"19",2014,4,6.75,36,7.4375,6.2,5.44444444444444,6.375,6.796875,16,20,9,4,32,1107,477,630,192,239,868,6.85357723577236,7.5258071278826,6.34460317460318,6.65651041666667,6.518410041841,6.94586405529954,18
"20",2014,5,6.79714285714286,35,7.41666666666667,6.14117647058824,6,5.9,6.94666666666667,18,17,7,5,30,1142,495,647,199,244,898,6.8518476357268,7.52183838383838,6.33925811437404,6.63341708542714,6.50573770491803,6.94589086859688,19
"21",2014,6,6.80625,40,7.51315789473684,6.16666666666667,6.3,6.175,7.01666666666667,19,21,10,10,30,1182,514,668,209,254,928,6.85030456852792,7.52151750972763,6.33383233532934,6.61746411483254,6.49271653543307,6.94817887931035,20
"22",2014,7,6.34512195121951,41,7.08235294117647,5.82291666666667,5.75,6.1,6.37916666666667,17,24,8,5,36,1223,531,692,217,259,964,6.83336876533115,7.50745762711864,6.31611271676301,6.58548387096774,6.48513513513513,6.92692946058091,21
"23",2014,8,6.63684210526316,38,7.14285714285714,6.01176470588235,6.48,6.26666666666667,6.75172413793103,21,17,5,9,29,1261,552,709,222,268,993,6.82744647105472,7.49358695652174,6.30881523272214,6.58310810810811,6.47779850746269,6.92181268882175,22
"24",2014,9,6.33866666666667,30,6.75,5.97875,5.032,6.07142857142857,6.42,14,16,5,7,23,1291,566,725,227,275,1016,6.81608830364059,7.47519434628975,6.30153103448276,6.54894273127753,6.46745454545455,6.91045275590551,23
"25",2014,10,6.51891891891892,37,7.76111111111111,5.34210526315789,6.6,6.33333333333333,6.55483870967742,18,19,5,6,31,1328,584,744,232,281,1047,6.80780873493976,7.48400684931507,6.27702956989247,6.55004310344828,6.46459074733096,6.89992359121299,24
"26",2014,11,6.75575,40,7.37272727272727,6.00166666666667,6.79,6.74,6.758,22,18,7,5,35,1368,606,762,239,286,1082,6.8062865497076,7.47996699669967,6.2705249343832,6.55707112970711,6.46940559440559,6.89533271719039,25
"27",2014,12,7.10869565217391,46,7.60869565217391,6.60869565217391,6.25,6.40909090909091,7.32857142857143,23,23,8,11,35,1414,629,785,247,297,1117,6.81612446958982,7.48467408585055,6.28043312101911,6.54712550607288,6.46717171717172,6.90890778871978,26
"28",2015,1,6.96792452830189,53,7.64,6.36785714285714,5.6875,7.80769230769231,6.695,25,28,8,13,40,1467,654,813,255,310,1157,6.82160872528971,7.49061162079511,6.28344403444035,6.5201568627451,6.52338709677419,6.90151253241141,27
"29",2015,2,6.57407407407407,54,6.985,6.33235294117647,6.20909090909091,6.5,6.58888888888889,20,34,11,9,45,1521,674,847,266,319,1202,6.81282051282051,7.47560830860534,6.28540731995278,6.50729323308271,6.52272727272727,6.88980865224626,28
"30",2015,3,6.65104166666667,48,8.11904761904762,5.50925925925926,6.53846153846154,5.55555555555556,6.90384615384615,21,27,13,9,39,1569,695,874,279,328,1241,6.8078712555768,7.49505035971223,6.26143020594966,6.50874551971326,6.49618902439024,6.89024979854956,29
"31",2015,4,6.284375,32,6.84736842105263,5.46153846153846,4.2,5.6,6.5125,19,13,5,8,24,1601,714,887,284,336,1265,6.7974078700812,7.47781512605042,6.24970687711387,6.4680985915493,6.47485119047619,6.88308300395257,30
"32",2015,5,6.61428571428571,21,7.75714285714286,6.04285714285714,6.22,5.5,6.73157894736842,7,14,5,2,19,1622,721,901,289,338,1284,6.79503699136868,7.48052704576976,6.24649278579356,6.4638062283737,6.46908284023669,6.88084112149533,31
"33",2015,6,6.29228571428571,35,6.86809523809524,5.42857142857143,6,5.71428571428571,6.43678571428571,21,14,4,7,28,1657,742,915,293,345,1312,6.78441762220881,7.46319407008086,6.2339781420765,6.45747440273038,6.45376811594203,6.87136432926829,32
"34",2015,7,6.43333333333333,36,7.21111111111111,5.65555555555556,5.21428571428571,6.2,6.52307692307692,18,18,7,10,26,1693,760,933,300,355,1338,6.77695215593621,7.45722368421052,6.22281886387996,6.42846666666667,6.44661971830986,6.86459641255605,33
"35",2015,8,6.44571428571429,35,6.92142857142857,6.12857142857143,5.8125,5.425,6.57741935483871,14,21,8,4,31,1728,774,954,308,359,1369,6.77024305555556,7.4475322997416,6.22074423480084,6.41246753246753,6.43523676880223,6.85809349890431,34
"36",2015,9,6.68518518518519,27,7.11538461538461,6.28571428571429,5.25,NA,6.68518518518519,13,14,4,0,27,1755,787,968,312,359,1396,6.76893447293447,7.4420457433291,6.22168388429752,6.3975641025641,6.43523676880223,6.85474928366762,35
"37",2015,10,6.71891891891892,37,7.2125,6.13823529411765,5.89166666666667,6.16666666666667,6.8258064516129,20,17,6,6,31,1792,807,985,318,365,1427,6.76790178571429,7.43635687732342,6.22024365482234,6.38801886792453,6.43082191780822,6.85412053258584,36
"38",2015,11,6.13030303030303,33,7.04761904761905,4.525,5.7,4.82857142857143,6.48076923076923,21,12,5,7,26,1825,828,997,323,372,1453,6.75637260273973,7.42649758454106,6.19983951855567,6.37736842105263,6.40067204301075,6.847439779766,37
"39",2015,12,6.88809523809524,42,7.2047619047619,6.57142857142857,6.11111111111111,5,7.03333333333333,21,21,9,3,39,1867,849,1018,332,375,1492,6.75933583288698,7.42101295641932,6.20750491159136,6.37015060240964,6.38946666666667,6.85229892761394,38
"40",2016,1,6.275,44,6.65,5.9625,6.44444444444444,6,6.32702702702703,20,24,9,7,37,1911,869,1042,341,382,1529,6.74818419675562,7.40326812428078,6.20186180422265,6.37211143695015,6.38232984293194,6.83958796599084,39
"41",2016,2,6.3225,20,7.3,5.52272727272727,5.46428571428571,5.08333333333333,6.54117647058824,9,11,7,3,17,1931,878,1053,348,385,1546,6.74377524598654,7.40220956719818,6.194767331434,6.35385057471264,6.37220779220779,6.83630659767141,40
"42",2016,3,6.45135135135135,37,6.51538461538462,6.41666666666667,6.5,6,6.47714285714286,13,24,13,2,35,1968,891,1077,361,387,1581,6.73827743902439,7.38927048260381,6.1997121634169,6.3591135734072,6.3702842377261,6.82835547122075,41
"43",2016,4,6.59756097560976,41,7.3,6.19230769230769,6.14285714285714,5.8,6.70833333333333,15,26,7,5,36,2009,906,1103,368,392,1617,6.73540567446491,7.38779249448123,6.19953762466002,6.355,6.36301020408163,6.82568336425479,42
"44",2016,5,6.57428571428571,35,7.16764705882353,6.01388888888889,6.525,6.33333333333333,6.596875,17,18,10,3,32,2044,923,1121,378,395,1649,6.73264677103718,7.38373781148429,6.19655664585192,6.35949735449735,6.36278481012658,6.82124317768344,43
"45",2016,6,6.20714285714286,21,6.3625,6,5.5,5,6.33421052631579,12,9,2,2,19,2065,935,1130,380,397,1668,6.72730266343826,7.37063101604278,6.19499115044248,6.35497368421053,6.355919395466,6.81569544364508,44
"46",2016,7,5.52678571428571,28,6.35416666666667,4.90625,4.08333333333333,5.4,5.55434782608696,12,16,6,5,23,2093,947,1146,386,402,1691,6.71124223602485,7.35775079197466,6.1769982547993,6.31966321243523,6.34402985074627,6.7985393258427,45
"47",2016,8,6.078125,32,6.82142857142857,5.5,5.14285714285714,6.2,6.05555555555556,14,18,7,5,27,2125,961,1164,393,407,1718,6.70170823529412,7.34993756503642,6.166529209622,6.29870229007634,6.34226044226044,6.78686263096624,46
"48",2016,9,6.30875,40,7.21666666666667,5.764,5.4,6.71875,6.20625,15,25,5,8,32,2165,976,1189,398,415,1750,6.6944480369515,7.34788934426229,6.15806560134567,6.28741206030151,6.34951807228916,6.77624571428571,47
"49",2016,10,6.38461538461539,39,6.86111111111111,5.97619047619048,6.5,6.2,6.41176470588235,18,21,4,5,34,2204,994,1210,402,420,1784,6.68896551724138,7.33907444668008,6.15490909090909,6.28952736318408,6.3477380952381,6.76929932735426,48
"50",2016,11,6.86470588235294,34,7.73076923076923,6.32857142857143,6.6875,7.08333333333333,6.81785714285714,13,21,8,6,28,2238,1007,1231,410,426,1812,6.69163538873995,7.34413108242304,6.1578716490658,6.29729268292683,6.3580985915493,6.77004966887417,49
"51",2016,12,6.51142857142857,35,7.11875,6,5.875,6.75,6.44074074074074,16,19,8,8,27,2273,1023,1250,418,434,1839,6.68886053673559,7.34060606060606,6.155472,6.28921052631579,6.36532258064516,6.76521479064709,50
"52",2017,1,6.50104166666667,48,6.754,6.22608695652174,6,5.6,6.60581395348837,25,23,3,5,43,2321,1048,1273,421,439,1882,6.68497630331754,7.32661259541985,6.15674783974863,6.28714964370546,6.35660592255125,6.76157279489904,51
"53",2017,2,6.67857142857143,28,7.33333333333333,5.92307692307692,5.66666666666667,7.33333333333333,6.6,15,13,3,3,25,2349,1063,1286,424,442,1907,6.68489995742869,7.3267074317968,6.15438569206843,6.28275943396226,6.36323529411765,6.75945464079706,52
"54",2017,3,6.69047619047619,21,7.3,6.13636363636364,6,5.75,6.78947368421053,10,11,4,2,19,2370,1073,1297,428,444,1926,6.68494936708861,7.32645852749301,6.15423284502699,6.28011682242991,6.36047297297297,6.7597507788162,53
"55",2017,4,6.5,16,6.65,6.25,6.16666666666667,6,6.53333333333333,10,6,3,1,15,2386,1083,1303,431,445,1941,6.68370913663034,7.32021237303786,6.15467382962395,6.27932714617169,6.35966292134832,6.7580010303967,54
"56",2017,5,6.22916666666667,24,5.95,6.42857142857143,6.75,NA,6.22916666666667,10,14,4,0,24,2410,1093,1317,435,445,1965,6.67918257261411,7.30767612076853,6.1575854214123,6.28365517241379,6.35966292134832,6.75154198473282,55
"57",2017,6,6.61363636363636,22,7.05555555555556,6.30769230769231,6.14285714285714,6.75,6.6,9,13,7,2,20,2432,1102,1330,442,447,1985,6.6785896381579,7.30561705989111,6.15905263157895,6.28142533936652,6.36140939597315,6.75001511335013,56
"58",2017,7,6.25,28,6.38461538461539,6.13333333333333,6.41666666666667,6,6.31818181818182,13,15,6,6,22,2460,1115,1345,448,453,2007,6.67371138211382,7.29487892376681,6.15876579925651,6.28323660714286,6.35662251655629,6.74528151469855,57
"59",2017,8,6.56666666666667,15,7.18888888888889,5.63333333333333,6.6,6.5,6.57142857142857,9,6,3,1,14,2475,1124,1351,451,454,2021,6.67306262626263,7.29403024911032,6.15643227239082,6.28534368070953,6.35693832599119,6.74407718951014,58
"60",2017,9,6.26315789473684,19,6.6,5.88888888888889,5.5,6.16666666666667,6.28125,10,9,3,3,16,2494,1134,1360,454,457,2037,6.66993985565357,7.28791005291005,6.15466176470588,6.28015418502203,6.35568927789934,6.74044182621502,59
"61",2017,10,6.10869565217391,23,6.58333333333333,5.59090909090909,NA,6.25,6.09523809523809,12,11,0,2,21,2517,1146,1371,454,459,2058,6.66481128327374,7.28053228621291,6.15013858497447,6.28015418502203,6.35522875816994,6.73385811467444,60
"62",2017,11,5.1525,12,5.646,4.8,4.5,4.115,5.36,5,7,2,2,10,2529,1151,1378,456,461,2068,6.65763542902333,7.27343179843614,6.14328011611031,6.27234649122807,6.34550976138829,6.72721470019342,61
"63",2017,12,6.0875,32,6.57647058823529,5.53333333333333,5.66666666666667,6.5,6.01111111111111,17,15,6,5,27,2561,1168,1393,462,466,2095,6.65051151893792,7.26328767123287,6.13671213208902,6.26448051948052,6.34716738197425,6.71798568019093,62
"64",2018,1,6.83846153846154,26,7.27333333333333,6.24545454545455,7.5,6.8,6.84761904761905,15,11,1,5,21,2587,1183,1404,463,471,2116,6.65240046385775,7.26341504649197,6.13756410256411,6.26714902807775,6.35197452229299,6.71927221172023,63
"65",2018,2,6.18095238095238,21,6.94444444444444,5.60833333333333,5.5,5.125,6.42941176470588,9,12,5,4,17,2608,1192,1416,468,475,2133,6.64860429447853,7.26100671140939,6.1330790960452,6.25895299145299,6.34164210526316,6.71696202531645,64
"66",2018,3,6.69,19,7.28888888888889,6.151,5.5,4.5,6.94764705882353,9,10,2,2,17,2627,1201,1426,470,477,2150,6.64890369242482,7.26121565362198,6.13320476858345,6.25572340425532,6.33392033542977,6.71878604651163,65
"67",2018,4,6.17619047619048,21,6.55,5.42857142857143,6.75,6.28571428571429,6.12142857142857,14,7,2,7,14,2648,1215,1433,472,484,2164,6.64515483383686,7.25302057613169,6.12976273551989,6.25781779661017,6.33322314049587,6.71492144177449,66
"68",2018,5,6.37894736842105,19,6.3125,6.42727272727273,6.28333333333333,7.5,6.08,8,11,6,4,15,2667,1223,1444,478,488,2179,6.64325834270716,7.24686835650041,6.13202908587258,6.25813807531381,6.3427868852459,6.71055071133547,67
"69",2018,6,5.5,11,5.9,5.16666666666667,7,6,5.38888888888889,5,6,2,2,9,2678,1228,1450,480,490,2188,6.63856235997013,7.24138436482085,6.12803448275862,6.26122916666667,6.34138775510204,6.70511425959781,68
"70",2018,7,6.48235294117647,17,7.02222222222222,5.875,6,5.66666666666667,6.65714285714286,9,8,2,3,14,2695,1237,1458,482,493,2202,6.63757699443414,7.23978981406629,6.12664609053498,6.26014522821577,6.33728194726166,6.70480926430518,69
"71",2018,8,6.16923076923077,13,6.275,6,5.5,5.75,6.35555555555556,8,5,2,4,9,2708,1245,1463,484,497,2211,6.63532865583457,7.23359036144578,6.12621326042379,6.2570041322314,6.33255533199195,6.70338760741746,70
"72",2018,9,6.36913555555556,9,7.080555,5.8,7,NA,6.36913555555556,4,5,1,0,9,2717,1249,1468,485,497,2220,6.63444689731321,7.23310025620496,6.12510217983651,6.25853608247423,6.33255533199195,6.70203253153153,71
"73",2018,10,6.228125,16,6.53333333333333,5.83571428571429,5.52,6,6.24333333333333,9,7,5,1,15,2733,1258,1475,490,498,2235,6.63206813757775,7.2280939745628,6.12372881355932,6.251,6.3318875502008,6.69895401342282,72
"74",2018,11,6.28571428571429,21,7.27272727272727,5.2,6.33333333333333,6.375,6.26470588235294,11,10,3,4,17,2754,1269,1485,493,502,2252,6.62942709513435,7.22848086682427,6.11750841750842,6.25150101419878,6.33223107569721,6.69567594138543,73
"75",2018,12,6.425,16,7.0375,5.8125,6.58333333333333,6.33333333333333,6.44615384615385,8,8,6,3,13,2770,1277,1493,499,505,2265,6.62824628880867,7.22728443226312,6.1158740790355,6.25549098196393,6.33223762376238,6.69424380573951,74
"76",2019,1,6.16764705882353,17,6.26666666666667,6.05625,5.0625,7,6.115625,9,8,4,1,16,2787,1286,1501,503,506,2281,6.62543674919268,7.22056160186625,6.1155562958028,6.24600397614314,6.33355731225296,6.69018510302499,75
"77",2019,2,5.59090909090909,11,6.41666666666667,4.6,3,3.5,6.05555555555556,6,5,1,2,9,2798,1292,1506,504,508,2290,6.62136962830593,7.21682834365325,6.1105245683931,6.23956349206349,6.32240157480315,6.68769092576419,76
"78",2019,3,6.37333333333333,15,7.35714285714286,5.5125,4,4.5,6.66153846153846,7,8,2,2,13,2813,1299,1514,506,510,2303,6.62004700319943,7.21758446497305,6.10736459709379,6.23071146245059,6.31525490196078,6.68754330004342,77
"79",2019,4,6.6,13,6.4,6.725,6.625,7.5,6.43636363636364,5,8,4,2,11,2826,1304,1522,510,512,2314,6.6199547841472,7.21444955521472,6.11061103810776,6.23380392156863,6.3198828125,6.68634927398444,78
"80",2019,5,5.625,12,5.5,5.6875,4.25,5.33333333333333,5.72222222222222,4,8,2,3,9,2838,1308,1530,512,515,2323,6.61574778717407,7.20920659021407,6.10839869281046,6.2260546875,6.3141359223301,6.68261395609126,79
"81",2019,6,6.53571428571429,14,6.9375,6,7.25,3.75,7,8,6,2,2,12,2852,1316,1536,514,517,2335,6.61535491584853,7.20755487841945,6.10797526041667,6.23003891050584,6.3042166344294,6.6842450620985,80
"82",2019,7,7.16666666666667,12,7.25,7,6.66666666666667,7.33333333333333,7.11111111111111,8,4,3,3,9,2864,1324,1540,517,520,2344,6.61766488128492,7.20781134441087,6.11029220779221,6.23257253384913,6.31015384615385,6.68588405290102,81
"83",2019,8,6.00538461538462,13,6.42857142857143,5.51166666666667,4.19,6.4,5.9725,7,6,3,1,12,2877,1331,1546,520,521,2356,6.61489823427181,7.20371316303531,6.10796895213454,6.22078846153846,6.31032629558541,6.68225051782683,82
"84",2019,9,5.6875,8,6.3,4.66666666666667,5,NA,5.6875,5,3,2,0,8,2885,1336,1549,522,521,2364,6.61232659272097,7.20033100299401,6.10517753389284,6.21611111111111,6.31032629558541,6.67888418781726,83
"85",2019,10,5.87333333333333,15,6.57142857142857,5.2625,6.36666666666667,5.2,6.21,7,8,3,5,10,2900,1343,1557,525,526,2374,6.6085042137931,7.19705303052867,6.10084778420039,6.21697142857143,6.29977186311787,6.67690910699242,84
"86",2019,11,6.41666666666667,12,7.28571428571429,5.2,5,6,6.45454545454545,7,5,3,1,11,2912,1350,1562,528,527,2385,6.60771367445055,7.19751275555555,6.09796414852753,6.21005681818182,6.29920303605313,6.67588353039832,85
"87",2019,12,6.56666666666667,15,6.83333333333333,6.38888888888889,6.5,6.5,6.57142857142857,6,9,3,1,14,2927,1356,1571,531,528,2399,6.60750332080629,7.19590134218289,6.09963080840229,6.21169491525424,6.29958333333333,6.67527395581492,86
"88",2020,1,6.41481481481481,27,7.55384615384615,5.35714285714286,5.6,6.625,6.37826086956522,13,14,5,4,23,2954,1369,1585,536,532,2422,6.60574211916046,7.1993003798393,6.09307255520505,6.20598880597015,6.30203007518797,6.67245343517754,87
"89",2020,2,6.50952380952381,21,6.5,6.52,6,6.75714285714286,6.38571428571429,11,10,1,7,14,2975,1380,1595,537,539,2436,6.60506293109244,7.19372624637681,6.09574921630094,6.2056052141527,6.30794063079777,6.6708055090312,88
"90",2020,3,6.09916666666667,12,6.364,5.91,5.5,7.5,5.97181818181818,5,7,3,1,11,2987,1385,1602,540,540,2447,6.60303053900234,7.19073084476534,6.09493757802747,6.20168518518518,6.31014814814815,6.66766335104209,89
"91",2020,4,6.5,8,6.625,6.375,7.5,6,6.57142857142857,4,4,1,1,7,2995,1389,1606,541,541,2454,6.60275533222037,7.18910167026638,6.09563511830635,6.20408502772643,6.30957486136784,6.66738884270579,90
"92",2020,5,6.42857142857143,7,7.5,5,3,NA,6.42857142857143,4,3,1,0,7,3002,1393,1609,542,541,2461,6.60234917388408,7.1899944149318,6.09359229334991,6.19817343173432,6.30957486136784,6.66670955709062,91
"93",2020,6,7.26666666666667,6,7,7.4,NA,NA,7.26666666666667,2,4,0,0,6,3008,1395,1613,542,541,2467,6.60367427526596,7.18972202150537,6.0968319900806,6.19817343173432,6.30957486136784,6.66816871503851,92
"94",2020,7,6.54545454545455,11,7,5.75,5,7,6.44444444444444,7,4,1,2,9,3019,1402,1617,543,543,2476,6.60346214640609,7.18877476462197,6.09597402597403,6.19596685082873,6.31211786372007,6.66735550080776,93
"95",2020,8,5.75,12,7,5.125,5.5,5,5.81818181818182,4,8,2,1,11,3031,1406,1625,545,544,2487,6.6000832134609,7.18823770981508,6.09119384615385,6.1934128440367,6.30970588235294,6.66359960595095,94
"96",2020,9,6.08333333333333,6,6.875,4.5,6,NA,6.08333333333333,4,2,1,0,6,3037,1410,1627,546,544,2493,6.59906230490616,7.18734909219858,6.08923786109404,6.19305860805861,6.30970588235294,6.66220305655836,95
"97",2020,10,6,6,6.33333333333333,5.66666666666667,5.66666666666667,5,6.2,3,3,3,1,5,3043,1413,1630,549,545,2498,6.59788111074597,7.18553589525831,6.08846012269939,6.19018214936248,6.30730275229358,6.66127791032826,96
"98",2020,11,6.41176470588235,17,8.33333333333333,5.36363636363636,5,7,6.375,6,11,1,1,16,3060,1419,1641,550,546,2514,6.59684713071895,7.19038916138125,6.08360146252286,6.18801818181818,6.30857142857143,6.65945593476532,97
"99",2020,12,6,13,6.2,5.875,5,5,6.18181818181818,5,8,2,2,11,3073,1424,1649,552,548,2525,6.59432223234624,7.18691167134831,6.0825894481504,6.18371376811594,6.30379562043796,6.65737513663367,98
"100",2021,1,6.63157894736842,19,7,6.41666666666667,6.33333333333333,7,6.61111111111111,7,12,6,1,18,3092,1431,1661,558,549,2543,6.59455117076326,7.18599735849056,6.0850030102348,6.18532258064516,6.30506375227687,6.65704766810854,99
"101",2021,2,6.05769230769231,13,6.79166666666667,5.42857142857143,6.33333333333333,5.5,6.15909090909091,6,7,3,2,11,3105,1437,1668,561,551,2554,6.59230345249597,7.18435088378566,6.08224820143885,6.18611408199643,6.30214156079855,6.65490298355521,100
"102",2021,3,6.58571428571429,7,6.775,6.33333333333333,NA,NA,6.58571428571429,4,3,0,0,7,3112,1441,1671,561,551,2561,6.5922886311054,7.1832145870923,6.08269898264513,6.18611408199643,6.30214156079855,6.6547138695822,101
"103",2021,4,5.76666666666667,15,6.16666666666667,5.16666666666667,6,NA,5.76666666666667,9,6,1,0,15,3127,1450,1677,562,551,2576,6.58832818036457,7.17690497931034,6.07942158616578,6.18578291814947,6.30214156079855,6.64954278726708,102
"104",2021,5,5.2,5,6.5,4.33333333333333,5.5,4.5,5.66666666666667,2,3,2,2,3,3132,1452,1680,564,553,2579,6.58611181992337,7.17597260330578,6.07630357142857,6.18335106382979,6.29562386980109,6.64839946490888,103
"105",2021,6,6,5,6.5,5.66666666666667,5,6,6,2,3,2,1,4,3137,1454,1683,566,554,2583,6.5851776283073,7.17504279229711,6.0755733808675,6.17916961130742,6.29509025270758,6.64739536198219,104
"106",2021,7,4.5,2,6,3,NA,NA,4.5,1,1,0,0,2,3139,1455,1684,566,554,2585,6.58384906658171,7.17423520274914,6.07374703087886,6.17916961130742,6.29509025270758,6.64573393423598,105
"107",2021,8,6.494,10,7,5.988,5.66666666666667,4.5,6.9925,5,5,3,2,8,3149,1460,1689,569,556,2593,6.58356374087012,7.17363850684931,6.07349319123742,6.17646748681898,6.28863309352518,6.64680378711917,106
"108",2021,9,5.5,10,7.33333333333333,4.71428571428571,NA,2,6.375,3,7,0,2,8,3159,1463,1696,569,558,2601,6.58013365622032,7.17396597402597,6.06788325471698,6.17646748681898,6.27326164874552,6.6459677893118,107
"109",2021,10,6.65,8,7.44,5.33333333333333,6,4,7.02857142857143,5,3,2,1,7,3167,1468,1699,571,559,2608,6.5803101420903,7.17487208446866,6.06658622719247,6.17584938704028,6.26919499105546,6.64699471625767,108
"110",2021,11,5.72222222222222,9,5.875,5.6,5.5,7,5.5625,4,5,2,1,8,3176,1472,1704,573,560,2616,6.57787853274559,7.17133982336957,6.06521713615024,6.17349040139616,6.2705,6.64367821865444,109
"111",2021,12,6.38181818181818,11,6.04,6.66666666666667,5.83333333333333,6.175,6.5,5,6,3,4,7,3187,1477,1710,576,564,2623,6.57720182616881,7.1675099661476,6.06732748538012,6.17171875,6.26982269503546,6.64329478459779,110
"112",2022,1,6.14583333333333,24,6.88461538461539,5.27272727272727,5.83333333333333,5.25,6.22727272727273,13,11,3,2,22,3211,1490,1721,579,566,2645,6.57397764559327,7.16504175838926,6.06224869262057,6.16996545768566,6.26621908127209,6.63983448771267,111
"113",2022,2,6,18,6.09090909090909,5.85714285714286,5.66666666666667,6,6,11,7,3,1,17,3229,1501,1728,582,567,2662,6.57077801796222,7.15717003331113,6.06141782407408,6.16737113402062,6.26574955908289,6.63574839218633,112
"114",2022,3,6.575,6,6.89,5,NA,7.1,6.47,5,1,0,1,5,3235,1506,1729,582,568,2667,6.57078584853168,7.15628301460823,6.0608039329092,6.16737113402062,6.26721830985915,6.6354376527934,113
"115",2022,4,5.39285714285714,14,5.88888888888889,4.5,NA,5,5.45833333333333,9,5,0,2,12,3249,1515,1734,582,570,2679,6.56571013234841,7.14875394059406,6.05630334486736,6.16737113402062,6.26277192982456,6.63016506905562,114
"116",2022,5,6.61111111111111,9,6.25,7.33333333333333,NA,NA,6.61111111111111,6,3,0,0,9,3258,1521,1737,582,570,2688,6.56583554941682,7.14520856015779,6.05850892343121,6.16737113402062,6.26277192982456,6.63010127232143,115
"117",2022,6,5.48333333333333,6,6,5.225,6,6,5.38,2,4,1,1,5,3264,1523,1741,583,571,2693,6.56384565563725,7.14370467498359,6.05659391154509,6.16708404802744,6.26231173380035,6.6277802525065,116
"118",2022,7,6.1,6,6.1,NA,NA,7.6,5.8,6,0,0,1,5,3270,1529,1741,583,572,2698,6.56299456269113,7.13960903858731,6.05659391154509,6.16708404802744,6.26465034965035,6.6262461897702,117
"119",2022,8,7.65,16,8.04,7,8,6.83333333333333,7.83846153846154,10,6,2,3,13,3286,1539,1747,585,575,2711,6.56828734631771,7.14545953216374,6.05983400114482,6.17335042735043,6.26761739130435,6.63205909996312,118
"120",2022,9,5.77777777777778,9,6.66666666666667,4,NA,7,5.625,6,3,0,1,8,3295,1545,1750,585,576,2719,6.56612813960546,7.14360014239482,6.05630285714286,6.17335042735043,6.26888888888889,6.62909607208533,119
"121",2022,10,5.975,12,7.25,5.72,5.1,5.33333333333333,6.18888888888889,2,10,5,3,9,3307,1547,1760,590,579,2728,6.56398313274871,7.14373769877182,6.05439204545455,6.16425423728813,6.2640414507772,6.62764377565983,120
"122",2022,11,6,12,7,5,5.33333333333333,5.66666666666667,6.11111111111111,6,6,3,3,9,3319,1553,1766,593,582,2737,6.56194402530883,7.14318236960721,6.05080973952435,6.16005059021922,6.26096219931271,6.62594527584947,121
"123",2022,12,5.58304347826087,23,6.07583333333333,5.04545454545455,6.16666666666667,5.3,5.66166666666667,12,11,3,5,18,3342,1565,1777,596,587,2755,6.55520712746858,7.13499822364217,6.04458638154193,6.16008389261745,6.25277683134583,6.61964508892922,122
