"","year","month","avg_rating","no_ratings","avg_rating_owned","avg_rating_not_owned","avg_rating_prev_owned","avg_rating_comment","avg_rating_no_comment","no_ratings_owned","no_ratings_not_owned","no_ratings_prev_owned","no_ratings_comment","no_ratings_no_comment","cum_no_ratings","cum_no_ratings_owned","cum_no_ratings_not_owned","cum_no_ratings_prev_owned","cum_no_ratings_comment","cum_no_ratings_no_comment","cum_avg_rating","cum_avg_rating_owned","cum_avg_rating_not_owned","cum_avg_rating_prev_owned","cum_avg_rating_comment","cum_avg_rating_no_comment","month_after_release"
"1",2012,4,8,2,NA,8,8,8,NA,0,2,1,2,0,2,0,2,1,2,0,8,NA,8,8,8,NA,-6
"2",2012,6,9,1,9,NA,NA,NA,9,1,0,0,0,1,3,1,2,1,2,1,8.33333333333333,9,8,8,8,9,-4
"3",2012,7,8.5,3,7.75,10,NA,8.5,8.5,2,1,0,1,2,6,3,3,1,3,3,8.41666666666667,8.16666666666667,8.66666666666667,8,8.16666666666667,8.66666666666667,-3
"4",2012,8,7.5,2,NA,7.5,8,8,7,0,2,1,1,1,8,3,5,2,4,4,8.1875,8.16666666666667,8.2,8,8.125,8.25,-2
"5",2012,9,9.5,2,NA,9.5,NA,NA,9.5,0,2,0,0,2,10,3,7,2,4,6,8.45,8.16666666666667,8.57142857142857,8,8.125,8.66666666666667,-1
"6",2012,10,7.78033707865169,89,8.23958333333333,7.24268292682927,7.78571428571429,7.26315789473684,7.92071428571429,48,41,14,19,70,99,51,48,16,23,76,7.8479797979798,8.23529411764706,7.43645833333333,7.8125,7.41304347826087,7.97960526315789,0
"7",2012,11,7.46162790697674,172,7.98030303030303,7.13867924528302,7.66666666666667,7.33095238095238,7.50384615384615,66,106,21,42,130,271,117,154,37,65,206,7.60276752767528,8.09145299145299,7.23149350649351,7.72972972972973,7.36,7.67936893203883,1
"8",2012,12,7.31219512195122,82,7.74901960784314,6.59354838709677,6.25,7.08333333333333,7.3765625,51,31,2,18,64,353,168,185,39,83,270,7.53526912181303,7.9875,7.12459459459459,7.65384615384615,7.3,7.60759259259259,2
"9",2013,1,7.36377952755906,127,7.94727272727273,6.91805555555556,7.67692307692308,7.40689655172414,7.35102040816327,55,72,26,29,98,480,223,257,65,112,368,7.48989583333333,7.97757847533632,7.06673151750973,7.66307692307692,7.32767857142857,7.53926630434783,3
"10",2013,2,7.54489795918367,147,8.13857142857143,7.00519480519481,7.27727272727273,7.13552631578947,7.68761467889908,70,77,22,38,109,627,293,334,87,150,477,7.50279106858054,8.0160409556314,7.05254491017964,7.56551724137931,7.279,7.57316561844864,4
"11",2013,3,7.52047619047619,147,7.91784615384615,7.20548780487805,7.43421052631579,7.56857142857143,7.50544642857143,65,82,19,35,112,774,358,416,106,185,589,7.50614987080103,7.99821229050279,7.08269230769231,7.54198113207547,7.33378378378378,7.56028862478777,5
"12",2013,4,7.62920353982301,113,8.27596153846154,7.07786885245902,7.80294117647059,7.36,7.72650602409639,52,61,17,30,83,887,410,477,123,215,672,7.52182638105975,8.03343902439024,7.08207547169811,7.5780487804878,7.33744186046512,7.58081845238095,6
"13",2013,5,7.48476190476191,105,8.1275,7.08923076923077,7.61111111111111,7.26315789473684,7.53372093023256,40,65,9,19,86,992,450,542,132,234,758,7.51790322580645,8.0418,7.08293357933579,7.58030303030303,7.33141025641026,7.57547493403694,7
"14",2013,6,7.40673913043478,92,7.71388888888889,7.20928571428571,7.875,6.85714285714286,7.50538461538462,36,56,12,14,78,1084,486,598,144,248,836,7.50846863468635,8.01751028806584,7.09476588628763,7.60486111111111,7.30463709677419,7.56893540669856,8
"15",2013,7,7.63532110091743,109,7.85555555555556,7.41909090909091,7.76666666666667,7.70555555555556,7.62142857142857,54,55,15,18,91,1193,540,653,159,266,927,7.52005867560771,8.00131481481482,7.12208269525268,7.62012578616352,7.33176691729323,7.57408845738943,9
"16",2013,8,7.65165562913907,151,8.29014084507042,7.085,7.40384615384615,7.57162162162162,7.67763157894737,71,80,26,37,114,1344,611,733,185,303,1041,7.53484375,8.03487725040917,7.11803547066849,7.58972972972973,7.36105610561056,7.58542747358309,10
"17",2013,9,7.70234899328859,149,8.06486486486486,7.34466666666667,7.3625,7.84375,7.66367521367521,74,75,24,32,117,1493,685,808,209,335,1158,7.55156061620897,8.03811678832117,7.13907178217822,7.56363636363636,7.40716417910448,7.59333333333333,11
"18",2013,10,7.72275280898876,178,8.11836734693878,7.238125,7.75,7.29473684210526,7.83892857142857,98,80,27,38,140,1671,783,888,236,373,1298,7.56979652902454,8.04816091954023,7.1479954954955,7.58495762711864,7.39571045576407,7.61982280431433,12
"19",2013,11,7.78159292035398,226,8.34674796747968,7.10669902912621,7.58472222222222,7.53571428571429,7.83771739130435,123,103,36,42,184,1897,906,991,272,415,1482,7.59502899314707,8.08869757174393,7.14370332996973,7.58492647058824,7.40987951807229,7.64687584345479,13
"20",2013,12,7.76270833333333,240,8.26958333333333,7.25583333333333,7.91071428571429,7.74142857142857,7.76634146341463,120,120,28,35,205,2137,1026,1111,300,450,1687,7.61386055217595,8.10985380116959,7.15581458145815,7.61533333333333,7.43566666666667,7.66139300533491,14
"21",2014,1,7.81906832298137,322,8.18122807017544,7.40894039735099,7.65,7.49659090909091,7.87010791366906,171,151,36,44,278,2459,1197,1262,336,494,1965,7.64073200488003,8.12005012531329,7.18610142630745,7.61904761904762,7.44109311740891,7.69092111959288,15
"22",2014,2,7.88210691823899,318,8.29364161849711,7.39110344827586,7.54133333333333,7.85887096774194,7.887734375,173,145,45,62,256,2777,1370,1407,381,556,2221,7.66837234425639,8.14197080291971,7.20722814498934,7.6098687664042,7.48767985611511,7.71360648356596,16
"23",2014,3,7.80918367346939,294,8.26077844311377,7.21535433070866,7.61136363636364,7.88170731707317,7.79743083003953,167,127,22,41,253,3071,1537,1534,403,597,2474,7.68185281667209,8.15487963565387,7.20790091264668,7.60995037220844,7.51474036850921,7.72217865804365,17
"24",2014,4,7.65190438247012,251,8.03284671532847,7.1941052631579,7.61538461538461,7.57209302325581,7.66840384615385,137,114,26,43,208,3322,1674,1648,429,640,2682,7.67959000602047,8.14489247311828,7.20694660194175,7.61027972027972,7.51859375,7.7180082028337,18
"25",2014,5,7.76989847715736,197,8.18973214285714,7.21670588235294,7.52571428571429,8.01111111111111,7.73158823529412,112,85,28,27,170,3519,1786,1733,457,667,2852,7.68464563796533,8.14770436730123,7.20742527409117,7.60509846827133,7.53853073463268,7.71881767180925,19
"26",2014,6,7.76153846153846,195,8.18398058252427,7.28858695652174,7.60172413793103,7.73285714285714,7.7678125,103,92,29,35,160,3714,1889,1825,486,702,3012,7.68868282175552,8.1496823716252,7.21151671232877,7.60489711934156,7.54821937321937,7.7214203187251,20
"27",2014,7,7.60742574257426,202,7.92833333333333,7.34955357142857,7.44375,7.63846153846154,7.60284090909091,90,112,32,26,176,3916,1979,1937,518,728,3188,7.68449131767109,8.13961596766044,7.21949819308209,7.59494208494208,7.55144230769231,7.714873902133,21
"28",2014,8,7.71891191709845,193,8.09490740740741,7.24117647058824,7.56538461538462,7.34782608695652,7.76911764705882,108,85,26,23,170,4109,2087,2022,544,751,3358,7.68610805548795,8.13730234786775,7.22040949554896,7.5935294117647,7.54520639147803,7.71762001191185,22
"29",2014,9,7.72839378238342,193,8.31028571428571,7.03409090909091,7.03125,7.57857142857143,7.75381818181818,105,88,16,28,165,4302,2192,2110,560,779,3523,7.68800511390051,8.14558850364964,7.21263886255924,7.57746428571428,7.54640564826701,7.71931535623048,23
"30",2014,10,7.59665271966527,239,8.071484375,7.0490990990991,7.22096774193548,7.72272727272727,7.56820512820513,128,111,31,44,195,4541,2320,2221,591,823,3718,7.68319709315129,8.1415,7.20446555605583,7.55876480541455,7.55583232077764,7.71138999462076,24
"31",2014,11,7.61647286821705,258,8.06068965517241,7.04646017699115,7.15384615384615,7.47368421052632,7.64113636363636,145,113,26,38,220,4799,2465,2334,617,861,3938,7.67960991873307,8.13674645030426,7.19681576692374,7.5417017828201,7.55220673635308,7.70746521076688,25
"32",2014,12,7.68765873015873,252,8.10294871794872,7.0128125,7.07,7.50953488372093,7.72430622009569,156,96,25,43,209,5051,2621,2430,642,904,4147,7.68001148287468,8.13473483403281,7.18954650205761,7.52333333333333,7.55017699115044,7.70831396190017,26
"33",2015,1,7.82372727272727,330,8.11482587064677,7.37015503875969,7.99838709677419,7.95181818181818,7.80402097902098,201,129,31,44,286,5381,2822,2559,673,948,4433,7.68882512544137,8.13331679659816,7.19865103556077,7.54521545319465,7.56881856540084,7.71448860816603,27
"34",2015,2,7.82185039370079,254,8.19006849315068,7.32407407407407,7.76774193548387,7.71571428571429,7.83881278538813,146,108,31,35,219,5635,2968,2667,704,983,4652,7.69482129547471,8.13610849056604,7.20373003374578,7.55501420454545,7.5740488301119,7.72034135855546,28
"35",2015,3,7.73234042553192,235,8.22025862068966,7.25672268907563,7.45857142857143,7.9025641025641,7.6984693877551,116,119,35,39,196,5870,3084,2786,739,1022,4848,7.69632333901192,8.13927367055772,7.20599353912419,7.55044654939107,7.58658512720157,7.71945709570957,29
"36",2015,4,7.66047619047619,210,8.20338983050847,6.96413043478261,7.33,7.74,7.64722222222222,118,92,25,30,180,6080,3202,2878,764,1052,5028,7.69508519736842,8.14163647720175,7.19826198749131,7.54323298429319,7.59096007604563,7.71687112171838,30
"37",2015,5,7.64807881773399,203,8.04592592592593,7.19578947368421,7.552,7.89296296296296,7.61051136363636,108,95,25,27,176,6283,3310,2973,789,1079,5204,7.69356644914849,8.13851359516617,7.19818298015473,7.54351077313054,7.5985171455051,7.71327401998462,31
"38",2015,6,7.59132653061225,196,8.07727272727273,7.09536082474227,7.54,7.06666666666667,7.66453488372093,99,97,30,24,172,6479,3409,3070,819,1103,5376,7.69047352986572,8.13673511293635,7.1949342019544,7.54338217338217,7.58694469628286,7.71171465773809,32
"39",2015,7,7.49105504587156,218,8.04008620689655,6.86666666666667,7.48611111111111,6.996875,7.5760752688172,116,102,18,32,186,6697,3525,3172,837,1135,5562,7.68398208152904,8.13355460992908,7.18437831021438,7.54215053763441,7.57030837004405,7.70717871269327,33
"40",2015,8,7.52181467181467,259,7.93082191780822,6.99336283185841,7.17142857142857,7.66976744186046,7.49236111111111,146,113,28,43,216,6956,3671,3285,865,1178,5778,7.677943933295,8.12549169163716,7.17780761035008,7.53015028901734,7.5739388794567,7.69914814814815,34
"41",2015,9,7.47050925925926,216,7.87175438596491,7.02205882352941,7.71730769230769,7.26607142857143,7.50095744680851,114,102,26,28,188,7172,3785,3387,891,1206,5966,7.67169659788065,8.11784940554822,7.17311721287275,7.53561167227834,7.56679104477612,7.69290278243379,35
"42",2015,10,7.57429824561403,228,7.92946564885496,7.09463917525773,7.18548387096774,7.2259375,7.63117346938775,131,97,31,32,196,7400,3916,3484,922,1238,6162,7.66869567567568,8.11154749744638,7.17093226176808,7.52383947939262,7.55798061389338,7.69093930542032,36
"43",2015,11,7.51249027237354,257,8.09516393442623,6.98592592592593,7.16142857142857,7.71882352941176,7.48103139013453,122,135,35,34,223,7657,4038,3619,957,1272,6385,7.66345278829829,8.11105250123824,7.16403094777563,7.51058516196447,7.56227987421384,7.6836081440877,37
"44",2015,12,7.57806896551724,290,8.01105960264901,7.10769784172662,7.2375,7.66551724137931,7.56835249042146,151,139,32,29,261,7947,4189,3758,989,1301,6646,7.66033698250912,8.10744807830032,7.16194731240021,7.50174924165824,7.5645810914681,7.67908185374661,38
"45",2016,1,7.47559228650138,363,7.98087179487179,6.88910714285714,6.97609756097561,7.36184210526316,7.48889230769231,195,168,41,38,325,8310,4384,3926,1030,1339,6971,7.65226690734055,8.10181797445256,7.15027203260316,7.48082524271845,7.55882748319641,7.67021489025965,39
"46",2016,2,7.57047413793103,232,7.99809160305344,7.01584158415842,7.32121212121212,7.26,7.60797101449275,131,101,33,25,207,8542,4515,4027,1063,1364,7178,7.65004542261765,8.09880841638982,7.14690042215048,7.47587017873942,7.5533504398827,7.66841989412092,40
"47",2016,3,7.57654320987654,243,8.10806722689076,7.06645161290323,7.36257142857143,7.49838709677419,7.58797169811321,119,124,35,31,212,8785,4634,4151,1098,1395,7390,7.64801229368241,8.0990461804057,7.14449722958323,7.47225865209472,7.55212903225806,7.66611204330176,41
"48",2016,4,7.60771812080537,298,8.01493902439024,7.10932835820896,7.26388888888889,7.61704545454545,7.60610236220472,164,134,36,44,254,9083,4798,4285,1134,1439,7644,7.64669030056149,8.09617132138391,7.14339743290549,7.46564373897707,7.55411396803336,7.66411800104657,42
"49",2016,5,7.60686721991701,241,7.99359848484848,7.13853211009174,7.36296296296296,7.37838235294118,7.6443961352657,132,109,27,34,207,9324,4930,4394,1161,1473,7851,7.64566098241098,8.09342494929006,7.14327674101047,7.46325581395349,7.5500577053632,7.66359801299197,43
"50",2016,6,7.64424561904762,210,8.12665155172414,7.04893617021277,7.515,7.76428571428571,7.63090783068783,116,94,20,21,189,9534,5046,4488,1181,1494,8040,7.6456298070065,8.09418877923108,7.14130080213904,7.46413209144792,7.55306894243641,7.66282954975124,44
"51",2016,7,7.53765690376569,239,7.91691176470588,7.0368932038835,7.588,7.45116279069767,7.55663265306122,136,103,25,43,196,9773,5182,4591,1206,1537,8236,7.64298931546097,8.08953619837901,7.13895839686343,7.46669983416252,7.5502179570592,7.66030228023312,45
"52",2016,8,7.37692727272727,275,7.885,6.81023076923077,7.428125,7.06692307692308,7.42815677966102,145,130,32,39,236,10048,5327,4721,1238,1576,8472,7.63570756170382,8.08396875915149,7.12990637576785,7.46570274636511,7.53825824873096,7.65383552644004,46
"53",2016,9,7.53374258555133,263,7.85176597222222,7.14890756302521,7.8390625,7.39336176470588,7.55458515283843,144,119,32,34,229,10311,5471,4840,1270,1610,8701,7.63310676752982,8.07785704258819,7.13037355371901,7.47511023622047,7.53519832298137,7.65122337432479,47
"54",2016,10,7.60102459016393,244,8.08682170542636,7.05608695652174,7.00128205128205,7.52368421052632,7.61529126213592,129,115,39,38,206,10555,5600,4955,1309,1648,8907,7.63236512363809,8.07806355,7.12864944500505,7.46099312452254,7.5349328276699,7.65039234085551,48
"55",2016,11,7.51406844106464,263,7.97431506849315,6.93974358974359,6.81428571428571,7.58428571428571,7.50328947368421,146,117,28,35,228,10818,5746,5072,1337,1683,9135,7.62948917359956,8.07542740689175,7.12429179810725,7.44744951383695,7.53595918003565,7.64672080788177,49
"56",2016,12,7.51273109243698,238,7.82038461538462,7.14240740740741,7.2625,7.16185185185185,7.55763033175355,130,108,24,27,211,11056,5876,5180,1361,1710,9346,7.62697574891462,8.06978486725664,7.1246694980695,7.44418809698751,7.53005222222222,7.64470945645196,50
"57",2017,1,7.5181881533101,287,7.93380952380952,7.08178571428571,7.44142857142857,7.38,7.5285393258427,147,140,35,20,267,11343,6023,5320,1396,1730,9613,7.6242232107908,8.06646619292711,7.12354097744361,7.44411891117478,7.52831751445087,7.64148284406533,51
"58",2017,2,7.51949612403101,258,8.05021428571429,6.88983050847458,7.39107142857143,7.32631578947368,7.55286363636364,140,118,28,38,220,11601,6163,5438,1424,1768,9833,7.62189413671235,8.06609701119585,7.11846965796248,7.44307584269663,7.52397584841629,7.63950010983423,52
"59",2017,3,7.34101843317972,217,7.80346534653465,6.93837068965517,6.896875,7.32222222222222,7.34368947368421,101,116,32,27,190,11818,6264,5554,1456,1795,10023,7.61673674733458,8.06186236909323,7.11470813827872,7.43107142857143,7.52094111420613,7.63389260500848,53
"60",2017,4,7.36515283842795,229,7.91401785714286,6.83974358974359,7.27857142857143,7.29736842105263,7.3786387434555,112,117,28,38,191,12047,6376,5671,1484,1833,10214,7.61195441852743,8.05926535131744,7.10903526714865,7.42819407008086,7.5163062193126,7.6291194027805,54
"61",2017,5,7.50918803418803,234,7.78746031746032,7.18453703703704,7.51142857142857,7.65068965517241,7.48917073170732,126,108,35,29,205,12281,6502,5779,1519,1862,10419,7.60999632603208,8.05399813595817,7.11044627098114,7.43011191573404,7.51839919441461,7.62636582973414,55
"62",2017,6,7.5224043715847,183,8.08787878787879,6.85595238095238,6.81875,7.39032258064516,7.54934210526316,99,84,16,31,152,12464,6601,5863,1535,1893,10571,7.60871027599487,8.05450626874716,7.10680010233669,7.42373941368078,7.51630179609086,7.62525830858008,56
"63",2017,7,7.45868085106383,235,7.99974137931035,6.93126050420168,6.88851851851852,7.93625,7.38339901477833,116,119,27,32,203,12699,6717,5982,1562,1925,10774,7.60593392235609,8.05356050022331,7.10330809093948,7.41448783610756,7.52328275324675,7.62070127900501,57
"64",2017,8,7.380407239819,221,7.74488,6.90583333333333,6.86058823529412,7.08638888888889,7.43762162162162,125,96,34,36,185,12920,6842,6078,1596,1961,10959,7.60207622910217,8.04792105817013,7.10018904244817,7.40268796992481,7.51526226415094,7.61761069258144,58
"65",2017,9,7.54358974358974,195,7.9225,7.14473684210526,7.37241379310345,7.548,7.54294117647059,100,95,29,25,170,13115,6942,6173,1625,1986,11129,7.60120662447579,8.04611435897436,7.10087461526,7.40214769230769,7.51567437059416,7.61647008536257,59
"66",2017,10,7.44925438596491,228,7.95421568627451,7.04047619047619,7.31363636363636,7.968,7.38536945812808,102,126,33,25,203,13343,7044,6299,1658,2011,11332,7.59861012366035,8.0447836286201,7.09966645499285,7.40038600723764,7.52129751367479,7.61233017825627,60
"67",2017,11,7.34408450704225,284,7.83569444444444,6.83842857142857,6.96757575757576,7.47384615384615,7.32342857142857,144,140,33,39,245,13627,7188,6439,1691,2050,11577,7.59330556101857,8.04059486366166,7.09398648858518,7.39193968066233,7.52039478048781,7.60621625464283,61
"68",2017,12,7.34203319502075,241,7.92103448275862,6.80472,7.23366666666667,7.2309375,7.35904306220096,116,125,30,32,209,13868,7304,6564,1721,2082,11786,7.58893891548889,8.03869604052574,7.08847790981109,7.38918070889018,7.51594586935639,7.60183315628712,62
"69",2018,1,7.39132603658537,328,7.86238636363636,6.84588776315789,6.87277644444444,7.00357142857143,7.44826902097902,176,152,45,42,286,14196,7480,6716,1766,2124,12072,7.58437305015497,8.03454757754011,7.0829874836212,7.37602204983012,7.50581417137476,7.59819503976143,63
"70",2018,2,7.46683937823834,193,7.9078431372549,6.97252747252747,6.948,7.42592592592593,7.47349397590361,102,91,25,27,166,14389,7582,6807,1791,2151,12238,7.58279656821183,8.0328430335004,7.08151078889378,7.37004742601898,7.50481139005114,7.59650355613662,64
"71",2018,3,7.33615384615385,195,7.79444444444444,6.86354166666667,7.08148148148148,7.405,7.32828571428571,99,96,27,20,175,14584,7681,6903,1818,2171,12413,7.57949875342841,8.02977032678037,7.07847949297407,7.36576179317932,7.5038918931368,7.59272218802868,65
"72",2018,4,7.33813878172589,197,7.93818847826087,6.81238095238095,7.0725,7.52125,7.31273606936416,92,105,20,24,173,14781,7773,7008,1838,2195,12586,7.57628192679792,8.02868637848964,7.07449257134703,7.36257069640914,7.5040816856492,7.58887365803274,66
"73",2018,5,7.35302325581395,172,7.95128571428571,6.94245098039216,7.30962962962963,7.08333333333333,7.37325,70,102,27,12,160,14953,7843,7110,1865,2207,12746,7.57371384738848,8.02799556547239,7.07259830379747,7.36180425737266,7.50179397371998,7.58616694335478,67
"74",2018,6,7.51422818791946,149,8.00878378378378,7.02626666666667,7.23,7.23611111111111,7.5524427480916,74,75,30,18,131,15102,7917,7185,1895,2225,12877,7.57312694742418,8.02781599343185,7.0721146750174,7.359717646438,7.49964462921348,7.58582386114778,68
"75",2018,7,7.39598639455782,147,7.75962025316456,6.97352941176471,7.33333333333333,7.475,7.38208,79,68,18,22,125,15249,7996,7253,1913,2247,13002,7.5714193166765,8.02516623561781,7.07119039569833,7.35946938839519,7.49940333778371,7.58386508690971,69
"76",2018,8,7.37345048484848,165,7.8674205952381,6.86118518518519,6.93333333333333,7.46333333333333,7.3644622,84,81,21,15,150,15414,8080,7334,1934,2262,13152,7.56930014856624,8.02352630569307,7.06887100354513,7.3548422647363,7.49916414677277,7.58136277296229,70
"77",2018,9,7.55492647058824,136,7.89545454545455,7.11050847457627,6.82,7.94117647058824,7.49974789915966,77,59,15,17,119,15550,8157,7393,1949,2279,13271,7.56917443665595,8.02231734093417,7.06920329230353,7.35072598255516,7.50246129881527,7.58063093888931,71
"78",2018,10,7.33245614035088,171,7.79833333333333,6.81481481481481,6.5695652173913,7.14833333333333,7.35411764705882,90,81,23,18,153,15721,8247,7474,1972,2297,13424,7.56659961134788,8.01987299017824,7.0664463393096,7.3416150811359,7.49968624292555,7.57804925432062,72
"79",2018,11,7.27970760233918,171,7.70901234567901,6.89333333333333,7.11363636363636,7.59583333333333,7.22809523809524,81,90,22,24,147,15892,8328,7564,1994,2321,13571,7.56351261578153,8.01684948967339,7.06438656002115,7.33909976930792,7.50068043946575,7.57425858006042,73
"80",2018,12,7.35082802547771,157,7.89433734939759,6.74121621621622,6.81869565217391,6.97058823529412,7.397,83,74,23,17,140,16049,8411,7638,2017,2338,13711,7.56143202006356,8.01564053620259,7.06125555642838,7.33316556271691,7.49682604790419,7.57244863175552,74
"81",2019,1,7.4764057826087,230,7.90181818181818,7.00415899082569,7.17058823529412,7.74620689655172,7.43747925373134,121,109,34,29,201,16279,8532,7747,2051,2367,13912,7.56023071564592,8.0140263185654,7.0604522098877,7.33047047294003,7.49988141106886,7.57049859976998,75
"82",2019,2,7.17803738317757,214,7.65172413793103,6.85354330708661,7.23214285714286,7.27666666666667,7.16195652173913,87,127,28,30,184,16493,8619,7874,2079,2397,14096,7.55527168010671,8.01036924817264,7.05711496951994,7.3291461952862,7.49708773466833,7.56516575766175,76
"83",2019,3,7.40315789473684,190,7.92974025974026,7.04433628318584,6.77777777777778,7.4,7.40368098159509,77,113,27,27,163,16683,8696,7987,2106,2424,14259,7.55353928070491,8.00965530703771,7.05693417678728,7.3220773694207,7.49600631188119,7.56331976435935,77
"84",2019,4,7.24493055555556,144,7.65470588235294,7.02021505376344,7,6.84615384615385,7.28450381679389,51,93,27,13,131,16827,8747,8080,2133,2437,14390,7.55089830748202,8.00758574939979,7.05651154331683,7.31800044069386,7.4925397209684,7.56078155107714,78
"85",2019,5,7.32514492753623,138,7.78857142857143,6.84808823529412,6.74444444444444,7.22222222222222,7.33232558139535,70,68,18,9,129,16965,8817,8148,2151,2446,14519,7.54906194046567,8.00584694907564,7.05477212444771,7.31320080892608,7.49154509403107,7.55875174047799,79
"86",2019,6,7.2258904109589,146,7.79109375,6.78475609756098,7.11190476190476,7.59523809523809,7.16384,64,82,21,21,125,17111,8881,8230,2172,2467,14644,7.54630447197709,8.00429935255038,7.05208180680437,7.31125457642726,7.49242776651804,7.55538080579077,80
"87",2019,7,7.42765957446808,141,7.82101449275362,7.05069444444444,7.60384615384615,7.20909090909091,7.44615384615385,69,72,13,11,130,17252,8950,8302,2185,2478,14774,7.54533479132854,8.00288631843575,7.05206977475307,7.31299539588101,7.49117001614205,7.55441969134967,81
"88",2019,8,7.45482142857143,168,7.93267441860465,6.95365853658537,6.71590909090909,7.22333333333333,7.48789115646259,86,82,22,21,147,17420,9036,8384,2207,2499,14921,7.54446187256028,8.00221807768924,7.05110726025763,7.30704347077481,7.48891928771508,7.55376425976811,82
"89",2019,9,7.26140350877193,171,7.67278481012658,6.90815217391304,6.54615384615385,7.33181818181818,7.2510067114094,79,92,26,22,149,17591,9115,8476,2233,2521,15070,7.54171029617418,7.99936286889742,7.04955560051911,7.29818403045231,7.48754831416104,7.55077083742535,83
"90",2019,10,7.32200602409639,166,7.66836666666667,6.91184210526316,6.93,6.847,7.37267333333333,90,76,20,16,150,17757,9205,8552,2253,2537,15220,7.53965640705074,7.99612662140141,7.04833176683816,7.29491564136707,7.48350859282617,7.54901560578187,84
"91",2019,11,7.34201030927835,194,7.89135802469136,6.94823008849557,6.975,7.48125,7.31450617283951,81,113,28,32,162,17951,9286,8665,2281,2569,15382,7.53752040666258,7.99521274499246,7.04702634391229,7.29098857518632,7.48348045932269,7.54654580158627,85
"92",2019,12,7.48242922374429,219,7.96065957446809,7.1228,7.29655172413793,6.76521739130435,7.56659183673469,94,125,29,23,196,18170,9380,8790,2310,2592,15578,7.53685640176115,7.99486647654584,7.04810389874858,7.29105841558442,7.47710698302469,7.54679801771729,86
"93",2020,1,7.3059219858156,282,7.74525179856115,6.87888111888112,6.88416666666667,7.19027777777778,7.32284552845528,139,143,36,36,246,18452,9519,8933,2346,2628,15824,7.53332705506178,7.99122150961235,7.04539497033471,7.28481455242967,7.47317781582952,7.54331645096057,87
"94",2020,2,7.21980392156863,204,7.65875,6.93661290322581,7.00769230769231,7.01290322580645,7.25687861271676,80,124,26,31,173,18656,9599,9057,2372,2659,15997,7.52989873606347,7.98845062506511,7.04390562769129,7.28177695615514,7.46781169612636,7.54021876101769,88
"95",2020,3,7.41878205128205,156,7.9521052631579,6.912125,6.76136363636364,7.340625,7.42771428571429,76,80,22,16,140,18812,9675,9137,2394,2675,16137,7.52897729215394,7.98816512144702,7.04275180803327,7.27699454469507,7.46705095327103,7.53924270434405,89
"96",2020,4,7.30264285714286,140,7.57775,6.93583333333333,6.58421052631579,7.17352941176471,7.32048780487805,80,60,19,17,123,18952,9755,9197,2413,2692,16260,7.52730534086112,7.98479933880061,7.04205428618027,7.27153955242437,7.46519736255572,7.53758791635916,90
"97",2020,5,7.17735478873239,142,7.46827917808219,6.8695652173913,6.40416666666667,6.829219,7.2344262295082,73,69,24,20,122,19094,9828,9266,2437,2712,16382,7.52470279669006,7.98096275234025,7.04076983272178,7.26299751333607,7.46050725663717,7.53533021120742,91
"98",2020,6,7.36916666666667,120,7.72222222222222,6.97894736842105,7,6.65384615384615,7.45607476635514,63,57,8,13,107,19214,9891,9323,2445,2725,16489,7.52373140418445,7.97931472348599,7.04039185562587,7.26213698977505,7.45665896513761,7.53481590878768,92
"99",2020,7,7.1365671641791,134,7.59242424242424,6.69411764705882,6.84736842105263,7.25555555555556,7.11810344827586,66,68,19,18,116,19348,9957,9391,2464,2743,16605,7.52104998966301,7.97675021894145,7.03788449259929,7.25893869318182,7.45533929274517,7.53190481903041,93
"100",2020,8,7.34007575757576,132,7.62231884057971,7.03095238095238,6.928125,6.77647058823529,7.42339130434783,69,63,16,17,115,19480,10026,9454,2480,2760,16720,7.51982367556468,7.97431098444045,7.03783829807489,7.25680441129032,7.45115785507246,7.53115846411483,94
"101",2020,9,7.2849593495935,123,7.71393442622951,6.86290322580645,6.53846153846154,7.11363636363636,7.32227722772277,61,62,13,22,101,19603,10087,9516,2493,2782,16821,7.51835000765189,7.97273638643799,7.03669853614964,7.25305853991175,7.44848874191229,7.52990425777302,95
"102",2020,10,7.30510204081633,147,7.73412698412698,6.98333333333333,6.60714285714286,6.7,7.37386363636364,63,84,28,15,132,19750,10150,9600,2521,2797,16953,7.51676279493671,7.97125536256157,7.036231590625,7.24588454581515,7.4444746800143,7.52868928921135,96
"103",2020,11,7.30548780487805,164,7.51538461538462,6.94166666666667,7.05555555555556,7.95,7.21597222222222,104,60,9,20,144,19914,10254,9660,2530,2817,17097,7.51502285829065,7.96663174663546,7.03564423084886,7.24520748616601,7.44806378416755,7.52605542024917,97
"104",2020,12,7.3031693989071,183,7.86833333333333,6.75623655913978,6.6525,6.79227272727273,7.37298136645963,90,93,20,22,161,20097,10344,9753,2550,2839,17258,7.51309375528686,7.96577648201856,7.03297993130319,7.2405588,7.4429819232124,7.52462739135474,98
"105",2021,1,7.43763583815029,173,7.81541836734694,6.944,6.98125,7.66373684210526,7.40974025974026,98,75,16,19,154,20270,10442,9828,2566,2858,17412,7.51244973852985,7.96436534476154,7.0323009025234,7.2389419095869,7.44444950314905,7.52361127498277,99
"106",2021,2,7.39893333333333,150,7.75166662162162,7.0554825,6.95555555555556,7.4005,7.39869230769231,74,76,18,20,130,20420,10516,9904,2584,2878,17542,7.51161587659158,7.96286860593381,7.03247879038772,7.23696785603715,7.44414408617095,7.5226855273059,100
"107",2021,3,7.35098360655738,122,7.92757575757576,6.67142857142857,6.95,7.09473684210526,7.39825242718447,66,56,14,19,103,20542,10582,9960,2598,2897,17645,7.51066187323532,7.96264848421848,7.03044878915663,7.23542145496536,7.44185249568519,7.52195916803627,101
"108",2021,4,7.39082568807339,109,7.83653846153846,6.98421052631579,7.54666666666667,7.83333333333333,7.351,52,57,15,9,100,20651,10634,10017,2613,2906,17745,7.51002935451068,7.96203180929095,7.03018567834681,7.23720816685802,7.44306492773572,7.52099574640744,102
"109",2021,5,7.52936507936508,126,8.02045454545454,6.98916666666667,7.00294117647059,7.09473684210526,7.60654205607477,66,60,17,19,107,20777,10700,10077,2630,2925,17852,7.51014661404438,7.96239217383178,7.02994144487447,7.23569389353612,7.44080228376068,7.52150848756442,103
"110",2021,6,7.35,124,7.82542372881356,6.91846153846154,7.2375,7.54285714285714,7.32545454545455,59,65,16,14,110,20901,10759,10142,2646,2939,17962,7.50919650734415,7.96164106887257,7.02922697101163,7.23570481481481,7.44128842463423,7.52030784545151,104
"111",2021,7,7.45849242424242,132,7.88361333333333,6.89912280701754,7.1,6.65882352941177,7.57670434782609,75,57,15,17,115,21033,10834,10199,2661,2956,18077,7.50887829601103,7.96110091009784,7.02849984704383,7.23493984968057,7.43678845737483,7.52066662167395,105
"112",2021,8,7.5300612244898,147,7.8206049382716,7.17348484848485,6.92142857142857,7.64904545454545,7.50912,81,66,14,22,125,21180,10915,10265,2675,2978,18202,7.50902531633617,7.96005829225836,7.02943204481247,7.23329904299065,7.4383565077233,7.5205873266674,106
"113",2021,9,7.52792792792793,111,7.68965517241379,7.35094339622642,7.13125,7.68571428571429,7.50515463917526,58,53,16,14,97,21291,10973,10318,2691,2992,18299,7.50912386454371,7.95862902214526,7.03108353750727,7.23269228539576,7.43951393048128,7.52050552052025,107
"114",2021,10,7.36916129032258,155,7.88088235294118,6.96919540229885,6.77272727272727,7.18571428571429,7.4096062992126,68,87,22,28,127,21446,11041,10405,2713,3020,18426,7.50811229133638,7.95815019110588,7.03056606823642,7.2289623811279,7.43716082119205,7.51974115488983,108
"115",2021,11,7.13780303030303,132,7.63890625,6.66617647058824,6.7,6.39285714285714,7.22618644067797,64,68,15,14,118,21578,11105,10473,2728,3034,18544,7.50584698303828,7.95631033408374,7.02820012794806,7.22605386363636,7.43234201713909,7.51787319456428,109
"116",2021,12,7.46165767567568,185,7.95611725274725,6.98297872340426,7.03684210526316,7.39583333333333,7.47147,91,94,19,24,161,21763,11196,10567,2747,3058,18705,7.50547134448376,7.9563087647374,7.02779785558815,7.22474515471423,7.43205548724656,7.51747378722267,110
"117",2022,1,7.28419494296578,263,7.81224817460317,6.7985401459854,6.32,7.135,7.29917686192469,126,137,30,24,239,22026,11322,10704,2777,3082,18944,7.50282920820848,7.95470554672319,7.02486359678625,7.21497117032769,7.42974227125243,7.51471972445101,111
"118",2022,2,7.41824324324324,148,7.75238095238095,6.9796875,6.81666666666667,7.52631578947368,7.40232558139535,84,64,18,19,129,22174,11406,10768,2795,3101,19073,7.50226464057004,7.95321551814834,7.0245950910104,7.2124060608229,7.43033398258626,7.51395954805222,112
"119",2022,3,7.39714285714286,133,7.915,6.82174603174603,6.9,7.32727272727273,7.40344262295082,70,63,10,11,122,22307,11476,10831,2805,3112,19195,7.50163787779621,7.95298241547577,7.02341519157972,7.21129231372549,7.42996969151671,7.51325712216723,113
"120",2022,4,7.45389208633094,139,7.54416883116883,7.34177419354839,7.37857142857143,7.12142857142857,7.491128,77,62,14,14,125,22446,11553,10893,2819,3126,19320,7.5013422052927,7.95025769929888,7.02522720462682,7.21212307201135,7.42858786948176,7.51311394720497,114
"121",2022,5,7.4475625,160,7.87880434782609,6.86411764705882,6.92090909090909,7.49375,7.44243055555556,92,68,22,16,144,22606,11645,10961,2841,3142,19464,7.50096156507122,7.94969319021039,7.02422771097527,7.20986798310454,7.42891969446212,7.51259101212495,115
"122",2022,6,7.32625,168,7.69340659340659,6.89233766233766,6.86052631578947,7.89117647058824,7.26264900662252,91,77,19,17,151,22774,11736,11038,2860,3159,19615,7.49967274699218,7.94770596455351,7.02330765899619,7.20754718181818,7.43140730610953,7.51066691103747,116
"123",2022,7,7.33398648648649,148,7.59093333333333,7.07,7.38727272727273,6.77,7.35781690140845,75,73,11,6,142,22922,11811,11111,2871,3165,19757,7.49860296396475,7.94544045381424,7.02361443074431,7.20823578544061,7.43015345339652,7.50956832818748,117
"124",2022,8,7.48338740540541,185,7.86833336538462,6.98913580246914,6.7,7.51681818181818,7.47887527607362,104,81,14,22,163,23107,11915,11192,2885,3187,19920,7.49848114467477,7.94476742509442,7.02336489814153,7.20576947660312,7.43075170379667,7.5093171752008,118
"125",2022,9,7.31472440944882,127,7.68782608695652,6.87086206896552,6.925,6.96875,7.33798319327731,69,58,4,8,119,23234,11984,11250,2889,3195,20039,7.49747670698115,7.94328803988652,7.02257866133333,7.20538073381793,7.42959489201878,7.50829972204202,119
"126",2022,10,7.45303225806452,155,7.68485148514852,7.01944444444444,7.08888888888889,7.58571428571429,7.43985815602837,101,54,18,14,141,23389,12085,11304,2907,3209,20180,7.49718217153363,7.94112816466694,7.02256368895966,7.20465942208462,7.4302759987535,7.50782151288404,120
"127",2022,11,7.32368341708543,199,7.86973529411765,6.74948453608247,6.42592592592593,6.975125,7.37148571428571,102,97,27,24,175,23588,12187,11401,2934,3233,20355,7.4957184504833,7.94053063674407,7.02024032453294,7.19749316291752,7.42689721002165,7.50664938000491,121
"128",2022,12,7.25927218340611,229,7.53861788617886,6.93512575471698,7.49888888888889,7.59523809523809,7.22535254807692,123,106,18,21,208,23817,12310,11507,2952,3254,20563,7.49344502414242,7.93651477416734,7.01945626748935,7.19933094173441,7.42798361401352,7.50380399066284,122
