"","year","month","avg_rating","no_ratings","avg_rating_owned","avg_rating_not_owned","avg_rating_prev_owned","avg_rating_comment","avg_rating_no_comment","no_ratings_owned","no_ratings_not_owned","no_ratings_prev_owned","no_ratings_comment","no_ratings_no_comment","cum_no_ratings","cum_no_ratings_owned","cum_no_ratings_not_owned","cum_no_ratings_prev_owned","cum_no_ratings_comment","cum_no_ratings_no_comment","cum_avg_rating","cum_avg_rating_owned","cum_avg_rating_not_owned","cum_avg_rating_prev_owned","cum_avg_rating_comment","cum_avg_rating_no_comment","month_after_release"
"1",2006,1,8.56666666666667,15,8.59090909090909,8.5,NA,8.58333333333333,8.5,11,4,0,12,3,15,11,4,0,12,3,8.56666666666667,8.59090909090909,8.5,NA,8.58333333333333,8.5,0
"2",2006,2,8.29047619047619,21,8.32105263157895,8,NA,8.40666666666667,8,19,2,0,15,6,36,30,6,0,27,9,8.40555555555556,8.42,8.33333333333333,NA,8.48518518518519,8.16666666666667,1
"3",2006,3,8.54074074074074,27,8.76842105263158,8,8.33333333333333,8.57692307692308,8.50714285714286,19,8,3,13,14,63,49,14,3,40,23,8.46349206349206,8.55510204081633,8.14285714285714,8.33333333333333,8.515,8.37391304347826,2
"4",2006,4,8.32083333333333,24,8.36842105263158,8.14,NA,8.11538461538461,8.56363636363636,19,5,0,13,11,87,68,19,3,53,34,8.42413793103448,8.50294117647059,8.14210526315789,8.33333333333333,8.41698113207547,8.43529411764706,3
"5",2006,5,7.971875,16,8.04583333333333,7.75,10,5.775,8.70416666666667,12,4,2,4,12,103,80,23,5,57,46,8.35388349514563,8.434375,8.07391304347826,9,8.23157894736842,8.5054347826087,4
"6",2006,6,8.02235294117647,17,8.06285714285714,7.83333333333333,NA,7.4,8.28166666666667,14,3,0,5,12,120,94,26,5,62,58,8.30691666666667,8.37904255319149,8.04615384615385,9,8.16451612903226,8.45913793103448,5
"7",2006,7,7.8125,16,8.5,6.66666666666667,9,7.16666666666667,8.2,10,6,1,6,10,136,104,32,6,68,68,8.24875,8.39067307692308,7.7875,9,8.0764705882353,8.42102941176471,6
"8",2006,8,8.475,16,8.46153846153846,8.53333333333333,8.53333333333333,8.4,8.6,13,3,3,10,6,152,117,35,9,78,74,8.27256578947368,8.39854700854701,7.85142857142857,8.84444444444444,8.11794871794872,8.43554054054054,7
"9",2006,9,8.35294117647059,17,8.7,7.85714285714286,7.5,8.15,8.64285714285714,10,7,2,10,7,169,127,42,11,88,81,8.28065088757396,8.42228346456693,7.85238095238095,8.6,8.12159090909091,8.45345679012346,8
"10",2006,10,8.05263157894737,19,8.17647058823529,7,NA,8.31818181818182,7.6875,17,2,0,11,8,188,144,44,11,99,89,8.25760638297872,8.39326388888889,7.81363636363636,8.6,8.14343434343435,8.38460674157304,9
"11",2006,11,8.33333333333333,12,8.38888888888889,8.16666666666667,NA,8,8.4,9,3,0,2,10,200,153,47,11,101,99,8.26215,8.39300653594771,7.83617021276596,8.6,8.14059405940594,8.38616161616162,10
"12",2006,12,8.42666666666667,45,8.57105263157895,7.64285714285714,9,8.38,8.485,38,7,1,25,20,245,191,54,12,126,119,8.29236734693878,8.42842931937173,7.81111111111111,8.63333333333333,8.18809523809524,8.4027731092437,11
"13",2007,1,8.27142857142857,56,8.55510204081633,6.28571428571429,7,7.9695652173913,8.48181818181818,49,7,1,23,33,301,240,61,13,149,152,8.28847176079734,8.45429166666667,7.63606557377049,8.50769230769231,8.15436241610738,8.41993421052632,12
"14",2007,2,8.33587478260869,46,8.5030303030303,7.91155692307692,7,8.17222222222222,8.44108,33,13,1,18,28,347,273,74,14,167,180,8.29475573487032,8.46018315018315,7.6844627027027,8.4,8.1562874251497,8.42322355555556,13
"15",2007,3,8.10698113207547,53,8.37421052631579,7.43,8,8.4625,7.89151515151515,38,15,1,20,33,400,311,89,15,187,213,8.2698756,8.44967845659164,7.64157573033708,8.37333333333333,8.18903743315508,8.3408461971831,14
"16",2007,4,8.5,44,8.75,6.91666666666667,8,8.775,8.27083333333333,38,6,1,20,24,444,349,95,16,207,237,8.29268072072072,8.4823782234957,7.595792,8.35,8.24565217391304,8.33375628691983,15
"17",2007,5,8.24571428571429,35,8.48461538461538,7.55555555555556,10,8.50769230769231,8.09090909090909,26,9,1,13,22,479,375,104,17,220,259,8.28924893528184,8.48253333333333,7.59231,8.44705882352941,8.26113636363636,8.31312833976834,16
"18",2007,6,8.60714285714286,42,8.85135135135135,6.8,NA,8.75,8.41666666666667,37,5,0,24,18,521,412,109,17,244,277,8.31487570057581,8.51565533980583,7.55596550458716,8.44705882352941,8.30922131147541,8.31985646209387,17
"19",2007,7,8.55714285714286,49,8.9421052631579,7.22727272727273,10,8.97647058823529,8.334375,38,11,1,17,32,570,450,120,18,261,309,8.3357021754386,8.55166666666667,7.52583533333333,8.53333333333333,8.35268199233717,8.32136,18
"20",2007,8,8.19811320754717,53,8.55128205128205,7.21428571428571,7.66666666666667,8.35294117647059,8.125,39,14,3,17,36,623,489,134,21,278,345,8.32399717495987,8.55163599182004,7.49328537313433,8.40952380952381,8.35269784172662,8.30087026086957,19
"21",2007,9,8.54791666666667,48,8.66585365853659,7.85714285714286,NA,8.8125,8.28333333333333,41,7,0,24,24,671,530,141,21,302,369,8.34001526080477,8.56047169811321,7.51134921985816,8.40952380952381,8.38923841059603,8.29972964769648,20
"22",2007,10,8.26911764705882,68,8.67391304347826,7.42272727272727,6.66666666666667,8.21818181818182,8.29347826086956,46,22,3,22,46,739,576,163,24,324,415,8.33349152909337,8.56953125,7.49938797546012,8.19166666666667,8.37762345679012,8.29903672289157,21
"23",2007,11,8.44652173913043,92,8.78857142857143,7.70344827586207,7.5,8.47408163265306,8.41511627906977,63,29,2,49,43,831,639,192,26,373,458,8.3460051022864,8.59112676056339,7.53020958333333,8.13846153846154,8.39029490616622,8.30993502183406,22
"24",2007,12,8.14318181818182,88,8.68412698412698,6.78,8.5,8.13333333333333,8.15102040816327,63,25,2,39,49,919,702,217,28,412,507,8.32658350380849,8.59947293447294,7.4437799078341,8.16428571428571,8.36597087378641,8.29457641025641,23
"25",2008,1,8.39873417721519,79,8.828125,6.56666666666667,NA,8.63461538461539,8.28301886792453,64,15,0,26,53,998,766,232,28,438,560,8.33229482965932,8.6185770234987,7.38707,8.16428571428571,8.38191780821918,8.29348257142857,24
"26",2008,2,8.40983606557377,61,8.68627450980392,7,7,8.61111111111111,8.25,51,10,3,27,34,1059,817,242,31,465,594,8.33676132200189,8.62280293757651,7.37107537190083,8.05161290322581,8.39522580645161,8.29099367003367,25
"27",2008,3,8.17708333333333,48,8.5,7.30769230769231,5.5,7.73076923076923,8.34285714285714,35,13,3,13,35,1107,852,255,34,478,629,8.32983761517615,8.61775821596245,7.36784407843137,7.82647058823529,8.37715481171548,8.29387955484897,26
"28",2008,4,8.181,40,8.85538461538462,6.92857142857143,5.66666666666667,8.01263157894737,8.33333333333333,26,14,3,19,21,1147,878,269,37,497,650,8.32464711421098,8.62479498861048,7.34498230483271,7.65135135135135,8.36321931589537,8.29515421538462,27
"29",2008,5,8.27132352941176,68,8.58725490196078,7.32352941176471,8,8.42678571428571,8.1625,51,17,5,28,40,1215,929,286,42,525,690,8.32166274897119,8.6227341227126,7.34370713286713,7.69285714285714,8.36660952380952,8.28746411594203,28
"30",2008,6,8.86428557142857,70,9.04074055555555,8.26875,8.46666666666667,8.92432405405405,8.7969696969697,54,16,6,37,33,1285,983,302,48,562,723,8.3512219688716,8.64569683621567,7.39271602649007,7.78958333333333,8.40332738434164,8.31071955739972,29
"31",2008,7,8.56,77,8.86350877192982,7.695,7.25,8.63393939393939,8.50454545454545,57,20,4,33,44,1362,1040,322,52,595,767,8.36302513215859,8.65763460576924,7.41149142857143,7.74807692307692,8.4161176302521,8.3218386440678,30
"32",2008,8,8.5296875,64,8.942,7.05714285714286,6.66666666666667,8.32916666666667,8.65,50,14,3,24,40,1426,1090,336,55,619,807,8.37050507012623,8.67067888990826,7.39672690476191,7.68909090909091,8.41274634894992,8.3381043866171,31
"33",2008,9,8.81818181818182,66,8.93018867924528,8.36153846153846,9,8.96,8.73170731707317,53,13,5,25,41,1492,1143,349,60,644,848,8.39030846514745,8.68271215223097,7.43266544412608,7.79833333333333,8.43399066770186,8.35713471698113,32
"34",2008,10,8.37526315789474,57,8.64261904761905,7.62666666666667,8.1,7.90529411764706,8.575,42,15,4,17,40,1549,1185,364,64,661,888,8.38975482892188,8.68129113080169,7.44066,7.8171875,8.42039332829047,8.36694846846847,33
"35",2008,11,8.45849056603774,53,8.5375,8.21538461538461,7.88333333333333,8.592,8.33928571428571,40,13,6,25,28,1602,1225,377,70,686,916,8.3920288576779,8.67659591020409,7.46737464190982,7.82285714285714,8.42664721574344,8.36610288209607,34
"36",2008,12,8.28837209302326,86,8.54615384615385,7.49047619047619,6.25,7.96129032258064,8.47272727272727,65,21,4,31,55,1688,1290,398,74,717,971,8.38674776658767,8.67002324806202,7.4685935678392,7.73783783783784,8.40652718270572,8.37214236869207,35
"37",2009,1,8.33604651162791,86,8.7,7.135,7.3125,8.18333333333333,8.41785714285714,66,20,8,30,56,1774,1356,418,82,747,1027,8.38428987034949,8.67148229351033,7.45263215311005,7.69634146341463,8.39756357429719,8.37463509250244,36
"38",2009,2,8.08954545454545,110,8.53203125,7.47391304347826,7.125,7.9537037037037,8.13373493975904,64,46,8,27,83,1884,1420,464,90,774,1110,8.3670808014862,8.66519717605634,7.45474189655173,7.64555555555556,8.38208009043928,8.35662183783784,37
"39",2009,3,8.12025862068966,116,8.38766233766234,7.59230769230769,6.86363636363636,8.03333333333333,8.15058139534884,77,39,11,30,86,2000,1497,503,101,804,1196,8.352765115,8.65092183700735,7.46540803180915,7.56039603960396,8.36906715174129,8.34180622073579,38
"40",2009,4,8.35168539325843,89,8.5655737704918,7.88571428571429,7.125,8,8.50483870967742,61,28,8,27,62,2089,1558,531,109,831,1258,8.35271911440881,8.64758022464699,7.48757107344633,7.52844036697248,8.35707580024068,8.34984120826709,39
"41",2009,5,8.23448275862069,87,8.64038461538462,7.63142857142857,7.3,7.94444444444444,8.365,52,35,10,27,60,2176,1610,566,119,858,1318,8.34799183363971,8.64734781987578,7.49646685512368,7.50924369747899,8.3440908974359,8.35053128983308,40
"42",2009,6,8.29878048780488,82,8.64,7.88378378378378,7.71428571428571,8.40434782608696,8.25762711864407,45,37,7,23,59,2258,1655,603,126,881,1377,8.34620470770593,8.64714803021148,7.52023257048093,7.52063492063492,8.34566400681044,8.34655064633261,41
"43",2009,7,8.202,75,8.64642857142857,7.63636363636364,7.42857142857143,7.8825,8.31818181818182,42,33,7,20,55,2333,1697,636,133,901,1432,8.34156889412773,8.64713022392458,7.52625823899371,7.51578947368421,8.33538289678136,8.34546106145252,42
"44",2009,8,8.68205128205128,78,9.04035087719298,7.70952380952381,7.16666666666667,8.31875,8.93478260869565,57,21,6,32,46,2411,1754,657,139,933,1478,8.35258408544173,8.65990877423033,7.53211604261796,7.50071942446043,8.33481242229368,8.36380259810555,43
"45",2009,9,8.15747663551402,107,8.67954545454545,7.31707317073171,8.08333333333333,8.60526315789474,8.06079545454545,66,41,12,19,88,2518,1820,698,151,952,1566,8.34429318109611,8.66062087362638,7.51948458452722,7.54701986754967,8.34021007352941,8.34677537675607,44
"46",2009,10,8.15238095238095,84,8.58583333333333,7.06875,7.61428571428571,8.51428571428571,8.03174603174603,60,24,7,21,63,2602,1880,722,158,973,1629,8.33809770561107,8.65823403723405,7.50450171745152,7.55,8.34396710174718,8.33459192142419,45
"47",2009,11,8.21491228070176,114,8.72463768115942,7.43333333333333,6.96428571428571,8.18421052631579,8.23026315789474,69,45,14,38,76,2716,1949,767,172,1011,1705,8.33292718335788,8.66058491021037,7.50032625814863,7.50232558139535,8.33796240356083,8.32994148973607,46
"48",2009,12,8.26357142857143,140,8.69896907216495,7.28139534883721,8.16666666666667,8.75102040816327,8.0010989010989,97,43,12,49,91,2856,2046,810,184,1060,1796,8.32952739145658,8.66240468719453,7.488704,7.54565217391304,8.35705659433962,8.31327964365257,47
"49",2010,1,8.56214953271028,214,8.8629746835443,7.71339285714286,7.44230769230769,8.67583333333333,8.51785714285714,158,56,13,60,154,3070,2204,866,197,1120,1950,8.34574274592834,8.67678311705989,7.5032335334873,7.53883248730964,8.37413391964286,8.32943602051282,48
"50",2010,2,8.33474025974026,154,8.84158878504673,7.18085106382979,7.77272727272727,8.47906976744186,8.27882882882883,107,47,11,43,111,3224,2311,913,208,1163,2061,8.34521719292804,8.68441366940718,7.48663772179628,7.55120192307692,8.37801374892519,8.32671045123727,49
"51",2010,3,8.49821428571429,140,8.76732673267327,7.80128205128205,8.27272727272727,8.6375,8.4425,101,39,11,40,100,3364,2412,952,219,1203,2161,8.35158449167657,8.68788556799337,7.49952756302521,7.58744292237443,8.38664172069825,8.33206859787136,50
"52",2010,4,8.54615384615385,130,8.82680412371134,7.72121212121212,7.85714285714286,8.49027777777778,8.56755319148936,97,33,7,36,94,3494,2509,985,226,1239,2255,8.35882376359473,8.69325627341571,7.50695455837563,7.59579646017699,8.38965293785311,8.34188480709535,51
"53",2010,5,8.52920353982301,113,8.804375,7.86212121212121,7.65,8.81730769230769,8.44310344827586,80,33,10,26,87,3607,2589,1018,236,1265,2342,8.36416141668977,8.6966898377752,7.51846781925344,7.59809322033898,8.3984426798419,8.34564485055508,52
"54",2010,6,8.35813953488372,86,8.703125,7.35454545454545,8.3,8.21304347826087,8.41111111111111,64,22,6,23,63,3693,2653,1040,242,1288,2405,8.36402118331979,8.69684507727102,7.51500023076923,7.61549586776859,8.39513197981366,8.34735976715177,53
"55",2010,7,8.17201834862385,109,8.55,7.37285714285714,7.96666666666667,8.02413793103448,8.225625,74,35,9,29,80,3802,2727,1075,251,1317,2485,8.35851663072067,8.69286028236157,7.51037231627907,7.62808764940239,8.38696278663629,8.34344074044266,54
"56",2010,8,8.42171717171717,99,8.68913043478261,7.80666666666667,7.84,8.78518518518518,8.28541666666667,69,30,5,27,72,3901,2796,1105,256,1344,2557,8.36012054088695,8.69276823676681,7.51841650678733,7.6322265625,8.39496279017857,8.34180689870943,55
"57",2010,9,8.44879518072289,83,8.90245901639344,7.19090909090909,8.55,8.73103448275862,8.29722222222222,61,22,4,29,54,3984,2857,1127,260,1373,2611,8.36196792921687,8.69724535876794,7.51202328305235,7.64634615384615,8.40206117261471,8.34088481041747,56
"58",2010,10,8.33118811881188,101,8.7027397260274,7.3625,6.75,7.98333333333333,8.47816901408451,73,28,6,30,71,4085,2930,1155,266,1403,2682,8.36120691064871,8.69738224914676,7.50839847619048,7.62612781954887,8.39310761938703,8.34451910514542,57
"59",2010,11,8.67588235294118,204,9.08328859060403,7.57218181818182,7.82,8.91985507246377,8.55118518518518,149,55,15,69,135,4289,3079,1210,281,1472,2817,8.37617398694334,8.71605715816824,7.51129771900827,7.6364768683274,8.41779890625,8.35442323038694,58
"60",2010,12,8.51145161290323,310,9.04352678571429,7.12558139534884,8.1,8.27797619047619,8.59823008849557,224,86,20,84,226,4599,3303,1296,301,1556,3043,8.38529250489237,8.73826521041477,7.48570234567901,7.66727574750831,8.41025063624679,8.37253047650345,59
"61",2011,1,8.46378378378378,222,8.89358024691358,7.30333333333333,6.86363636363636,8.50509803921569,8.45146198830409,162,60,11,51,171,4821,3465,1356,312,1607,3214,8.38890691350342,8.74552669264069,7.47763292035398,7.63894230769231,8.41326072806472,8.37673000622278,60
"62",2011,2,8.51452380952381,168,8.98385321100917,7.64745762711864,7.7,8.3402380952381,8.57261904761905,109,59,8,42,126,4989,3574,1415,320,1649,3340,8.39313694728402,8.75279518466704,7.48471395053004,7.64046875,8.41140084293511,8.38411983233533,61
"63",2011,3,8.45380116959064,171,8.73389830508474,7.83018867924528,7.69090909090909,8.542,8.41735537190083,118,53,11,50,121,5160,3692,1468,331,1699,3461,8.39514733139535,8.75219122156013,7.4971868119891,7.64214501510574,8.41524425544438,8.38528177983242,62
"64",2011,4,8.51986754966887,151,8.91696428571429,7.37948717948718,8.4,8.37037037037037,8.55241935483871,112,39,10,27,124,5311,3804,1507,341,1726,3585,8.3986933214084,8.75704258412197,7.49414083609821,7.66436950146627,8.41454228852839,8.39106282845189,63
"65",2011,5,8.22464788732394,142,8.85402298850575,7.22909090909091,7.5,7.78974358974359,8.38932038834951,87,55,11,39,103,5453,3891,1562,352,1765,3688,8.39416105446543,8.75921099717296,7.4848080921895,7.65923295454545,8.40073653824362,8.391014164859,64
"66",2011,6,8.31858407079646,113,8.82936507936508,7.675,8,8.34565217391304,8.31166666666667,63,50,10,23,90,5566,3954,1612,362,1788,3778,8.39262670319799,8.7603287784522,7.49070734491315,7.66864640883978,8.40002795861297,8.38912393859185,65
"67",2011,7,8.51008620689655,116,8.87864197530864,7.65714285714286,8.47142857142857,9.02037037037037,8.3552808988764,81,35,7,27,89,5682,4035,1647,369,1815,3867,8.39502467969025,8.76270383890954,7.49424422586521,7.68387533875339,8.40925619283746,8.3883450323248,66
"68",2011,8,8.45396825396825,126,9.01162790697674,7.255,8.07692307692308,8.45428571428571,8.45384615384615,86,40,13,35,91,5808,4121,1687,382,1850,3958,8.3963034142562,8.76789856588207,7.4885715708358,7.69725130890052,8.4101081027027,8.38985099545225,67
"69",2011,9,8.31633663366337,101,8.87152777777778,6.93793103448276,6.625,8.32894736842105,8.31341463414634,72,29,4,19,82,5909,4193,1716,386,1869,4040,8.39493657640887,8.76967803243501,7.47926587412588,7.68613989637306,8.40928303370786,8.38829956435644,68
"70",2011,10,8.11509803921569,102,8.72347222222222,6.655,7.75,7.59565217391304,8.26632911392405,72,30,4,23,79,6011,4265,1746,390,1892,4119,8.39018802695059,8.76889800468933,7.46510323024055,7.68679487179487,8.39939217230444,8.38596024277737,69
"71",2011,11,8.24010152284264,197,8.86058394160584,6.82333333333333,8,8.58255813953488,8.14448051948052,137,60,9,43,154,6208,4402,1806,399,1935,4273,8.38542529478093,8.77175147432985,7.44378197120709,7.69385964912281,8.40346252713178,8.3772572525158,70
"72",2011,12,8.33290155440415,193,8.74270072992701,7.33035714285714,7.84615384615385,8.34591836734694,8.32847222222222,137,56,13,49,144,6401,4539,1862,412,1984,4417,8.38384162318388,8.7708746397885,7.44037069817401,7.69866504854369,8.40204132560484,8.37566679646819,71
"73",2012,1,8.35041841004184,239,8.80943396226415,7.438125,7.63888888888889,8.42241379310345,8.32734806629834,159,80,18,58,181,6640,4698,1942,430,2042,4598,8.38263858885542,8.77217964878671,7.44027818743563,7.69616279069767,8.4026199755142,8.37376473249239,72
"74",2012,2,8.57089552238806,201,8.91103448275862,7.69017857142857,7.5375,8.58846153846154,8.56476510067114,145,56,12,52,149,6841,4843,1998,442,2094,4747,8.38816989182868,8.77633697914515,7.4472824024024,7.69185520361991,8.4072349522445,8.37975989888351,73
"75",2012,3,8.46,165,8.81391304347826,7.646,8.26666666666667,8.85172413793103,8.37647058823529,115,50,15,29,136,7006,4958,2048,457,2123,4883,8.38986158007422,8.77720854981847,7.45213390625,7.71072210065645,8.41330663683467,8.37966828588982,74
"76",2012,4,8.54195121951219,205,8.89530201342282,7.60178571428571,7.91666666666667,8.47777777777778,8.56,149,56,18,45,160,7211,5107,2104,475,2168,5043,8.39418530439606,8.78065400234971,7.45611703422053,7.71852631578947,8.41464482933579,8.38538969660916,75
"77",2012,5,8.64315789473684,190,8.96911764705882,7.82222222222222,7.63,9.14705882352941,8.53333333333333,136,54,10,34,156,7401,5243,2158,485,2202,5199,8.40057698013782,8.78554262635895,7.46527814643188,7.71670103092783,8.42595367393278,8.38982885939604,76
"78",2012,6,8.51027777777778,180,8.8,7.93083333333333,7.83333333333333,8.03,8.5703125,120,60,15,20,160,7581,5363,2218,500,2222,5359,8.4031816686453,8.78586611784449,7.47787206492335,7.7202,8.42238973447344,8.39521743608882,77
"79",2012,7,8.30916230366492,191,8.70232558139535,7.49112903225806,7.68571428571429,7.94642857142857,8.37147239263804,129,62,14,28,163,7772,5492,2280,514,2250,5522,8.40087110524962,8.7839038583394,7.47823256140351,7.7192607003891,8.41646666222222,8.39451652299891,78
"80",2012,8,8.28804347826087,184,8.68139534883721,7.36545454545455,7.83,7.984375,8.35197368421053,129,55,10,32,152,7956,5621,2335,524,2282,5674,8.3982617182001,8.78155132360789,7.47557611991435,7.72137404580153,8.4104075328659,8.39337684878392,79
"81",2012,9,8.38549382716049,162,8.83318181818182,7.43846153846154,8,7.91714285714286,8.51456692913386,110,52,11,35,127,8118,5731,2387,535,2317,5801,8.39800692658291,8.78254231198743,7.47476759111856,7.72710280373832,8.40295640483383,8.39603003620065,80
"82",2012,10,8.51544502617801,191,8.72755102040816,7.80681818181818,7.45,8.76351351351351,8.45584415584416,147,44,10,37,154,8309,5878,2431,545,2354,5955,8.40070649055242,8.78116706192582,7.48077755656109,7.72201834862385,8.40862361512319,8.39757686649874,81
"83",2012,11,8.3746976744186,215,8.69385093167702,7.42314814814815,7.875,8.67459459459459,8.3123595505618,161,54,12,37,178,8524,6039,2485,557,2391,6133,8.40005047278273,8.77883921013412,7.47952524748491,7.72531418312388,8.41273943538268,8.39510357736833,82
"84",2012,12,8.35804020100502,199,8.81524822695035,7.24655172413793,6.55882352941176,8.11875,8.41823899371069,141,58,17,40,159,8723,6180,2543,574,2431,6292,8.39909208185258,8.77966990129449,7.47421165552497,7.69076655052265,8.40790209378856,8.39568821360458,83
"85",2013,1,8.59467213114754,244,9.00409356725146,7.63561643835616,7.91176470588235,8.60454545454546,8.5925,171,73,17,44,200,8967,6351,2616,591,2475,6492,8.40441398795584,8.78571248464808,7.47871568807339,7.69712351945855,8.41139797575757,8.4017514232902,84
"86",2013,2,8.26941747572816,206,8.61020408163265,7.42033898305085,7.94615384615385,8.19047619047619,8.28963414634146,147,59,13,42,164,9173,6498,2675,604,2517,6656,8.40138234274501,8.78174207294552,7.4774281271028,7.70248344370861,8.40771155740961,8.39898891826923,85
"87",2013,3,8.49813942307692,208,8.74166666666667,8.07517105263158,8.19086666666667,8.52006976744186,8.49242424242424,132,76,15,43,165,9381,6630,2751,619,2560,6821,8.40352768681377,8.78094419155354,7.49394156306797,7.7143182552504,8.40959882421875,8.40124911889752,86
"88",2013,4,8.46820348837209,172,8.86879838709677,7.43333333333333,7.09333333333333,8.3025,8.51841666666667,124,48,15,40,132,9553,6754,2799,634,2600,6953,8.40469216267141,8.78255714983713,7.49290219364058,7.6996261829653,8.40795115,8.40347349920897,87
"89",2013,5,8.44806629834254,181,8.82570422535211,7.07307692307692,7.45555555555556,8.5325,8.42411347517731,142,39,9,40,141,9734,6896,2838,643,2640,7094,8.40549868810356,8.78344561919953,7.48713292459478,7.6962099533437,8.40983825378787,8.40388373837045,88
"90",2013,6,8.30294117647059,187,8.86333333333333,6.84807692307692,7.02222222222222,8.72321428571429,8.22893081761006,135,52,9,28,159,9921,7031,2890,652,2668,7253,8.40356559117025,8.78497951784952,7.47563433910034,7.68690644171779,8.41312705772114,8.40004842685785,89
"91",2013,7,8.26773255813954,172,8.49254385964912,7.82586206896552,8.09166666666667,8.01111111111111,8.33566176470588,114,58,12,36,136,10093,7145,2948,664,2704,7389,8.40125079064699,8.78031364450664,7.48252484396201,7.69422138554217,8.40777477440828,8.39886334280687,90
"92",2013,8,8.22708333333333,192,8.67540322580645,7.40955882352941,7.66470588235294,7.96428571428571,8.27195121951219,124,68,17,28,164,10285,7269,3016,681,2732,7553,8.39799943898882,8.77852400467739,7.48087972148541,7.6934845814978,8.40322949853587,8.39610767112405,91
"93",2013,9,8.22886597938144,194,8.8125,6.86034482758621,7.42142857142857,8.49375,8.17654320987654,136,58,14,32,162,10479,7405,3074,695,2764,7715,8.39486823456437,8.77914800675219,7.46917151594014,7.68800431654676,8.40427749276411,8.39149724432923,92
"94",2013,10,8.26588541666667,192,8.76138211382114,7.38260869565217,7.78571428571429,8.47777777777778,8.21698717948718,123,69,14,36,156,10671,7528,3143,709,2800,7871,8.39254748664605,8.77885772980871,7.4672711549475,7.68993370944993,8.40522249642857,8.38803852623555,93
"95",2013,11,8.36407035175879,199,8.78978873239437,7.30350877192982,7.03571428571429,8.12352941176471,8.41363636363636,142,57,14,34,165,10870,7670,3200,723,2834,8036,8.39202614811408,8.77906010299869,7.4643541375,7.67726556016598,8.40184297459421,8.38856411647586,94
"96",2013,12,8.35818181818182,220,8.79,7.43285714285714,7.81578947368421,8.16923076923077,8.39889502762431,150,70,19,39,181,11090,7820,3270,742,2873,8217,8.391354754734,8.77926994757033,7.46367988990826,7.68081266846361,8.3986853428472,8.38879168066204,95
"97",2014,1,8.24355421686747,332,8.76254310344828,7.0395,6.7,8.14791666666667,8.25971830985915,232,100,15,48,284,11422,8052,3370,757,2921,8501,8.38705867886535,8.7787880017387,7.45109294955489,7.66137780713342,8.3945645292708,8.38447961886837,96
"98",2014,2,8.20504504504505,222,8.75795918367347,7.12133333333333,7.35,8.10434782608696,8.23136363636364,147,75,10,46,176,11644,8199,3445,767,2967,8677,8.38358847732738,8.77841456153189,7.44391385776487,7.65731812255541,8.3900650455005,8.38137388959317,97
"99",2014,3,8.33033783783784,222,8.744,7.62408536585366,7.60131578947368,8.16666666666667,8.36201612903226,140,82,19,36,186,11866,8339,3527,786,3003,8863,8.38259221557391,8.77783678978295,7.44810270484831,7.65596437659033,8.38738694305694,8.38096764526684,98
"100",2014,4,8.27655367231638,177,8.65708661417323,7.31,6.6875,7.29444444444444,8.3877358490566,127,50,8,18,159,12043,8466,3577,794,3021,9022,8.38103373162834,8.77602539451925,7.44617227844562,7.64620654911839,8.38087487255875,8.38108692529372,99
"101",2014,5,8.33197860962567,187,8.69593495934959,7.6325,7.59142857142857,7.9640625,8.40793548387097,123,64,14,32,155,12230,8589,3641,808,3053,9177,8.38028366557646,8.7748784480149,7.44944747047514,7.64525742574257,8.37650605633802,8.38154039882314,100
"102",2014,6,8.46643274853801,171,8.87735042735043,7.57611111111111,7.31818181818182,8.15458333333333,8.51734693877551,117,54,11,24,147,12401,8706,3695,819,3077,9324,8.38147159341989,8.77625556972203,7.45129857645467,7.64086446886447,8.37477510237244,8.38368149292149,101
"103",2014,7,8.27954022988506,174,8.55953846153846,7.45227272727273,8.27272727272727,7.85357142857143,8.36123287671233,130,44,11,28,146,12575,8836,3739,830,3105,9470,8.38006117137177,8.77306711068356,7.45131004011768,7.64923855421687,8.37007503703703,8.38333540021119,102
"104",2014,8,8.34948453608247,194,8.76214285714286,7.27962962962963,6.83333333333333,8.43243243243243,8.32993630573248,140,54,15,37,157,12769,8976,3793,845,3142,9627,8.37959661915577,8.77289672348484,7.44886586870551,7.6347550295858,8.3708093539147,8.38246455178145,103
"105",2014,9,7.9990990990991,222,8.64868421052632,6.58857142857143,6.7875,7.45588235294118,8.09734042553191,152,70,16,34,188,12991,9128,3863,861,3176,9815,8.37309439073205,8.77082832931639,7.43327679005954,7.61901045296167,8.36101479534005,8.37700318288334,104
"106",2014,10,8.39894472361809,199,8.715,7.52830188679245,7.4,8.65137931034483,8.35588235294118,146,53,15,29,170,13190,9274,3916,876,3205,9985,8.37348439954512,8.76994942743153,7.43456288049029,7.6152602739726,8.36364211856474,8.37664358938408,105
"107",2014,11,8.19040540540541,222,8.77911392405063,6.73703125,6.99736842105263,7.82372093023256,8.27849162011173,158,64,19,43,179,13412,9432,3980,895,3248,10164,8.37045401356994,8.77010294635284,7.42334629145728,7.60214301675978,8.35649414716748,8.37491501770956,106
"108",2014,12,8.48240601503759,266,8.84021390374332,7.63544303797468,7.61666666666667,8.20979166666667,8.54243119266055,187,79,12,48,218,13678,9619,4059,907,3296,10382,8.37263117634158,8.77146595176213,7.42747431387041,7.60233517089305,8.35435770327669,8.37843250240801,107
"109",2015,1,8.53391167192429,317,8.88525641025641,7.5433734939759,6.945,8.38666666666667,8.55827205882353,234,83,20,45,272,13995,9853,4142,927,3341,10654,8.37628433226153,8.77416837409926,7.42979677450507,7.58815318230852,8.3547928733912,8.38302386333771,108
"110",2015,2,8.36268656716418,268,8.85909090909091,7.21666666666667,7.66666666666667,8.4671052631579,8.3454347826087,187,81,21,38,230,14263,10040,4223,948,3379,10884,8.37602883194279,8.77575009860557,7.42570879469571,7.58989240506329,8.35605593074874,8.38222953325983,109
"111",2015,3,8.27511111111111,225,8.68066666666667,7.464,7.29285714285714,8.08928571428571,8.30152284263959,150,75,14,28,197,14488,10190,4298,962,3407,11081,8.37446157026505,8.77435044062806,7.42637697533736,7.58556964656965,8.35386351335485,8.3807947152784,110
"112",2015,4,8.5365306122449,245,8.75205128205128,7.696,7.6,8.13333333333333,8.6128640776699,195,50,13,39,206,14733,10385,4348,975,3446,11287,8.37715667073916,8.77393172749157,7.42947751609935,7.58576205128205,8.35136766976204,8.38503023301143,111
"113",2015,5,8.11147959183674,196,8.54067164179104,7.18387096774194,7.18076923076923,7.98857142857143,8.13819875776398,134,62,13,35,161,14929,10519,4410,988,3481,11448,8.3736686469288,8.77096026143169,7.42602454421769,7.58043319838057,8.34771990519965,8.38155889587701,112
"114",2015,6,8.32043147208122,197,8.84367424242424,7.25784615384615,7.22684210526316,8.34481481481481,8.31655882352941,132,65,19,27,170,15126,10651,4475,1007,3508,11618,8.37297528956764,8.77186142052389,7.42358172960894,7.57376166832175,8.34769754561003,8.38060778447237,113
"115",2015,7,8.46369863013699,219,8.72248322147651,7.91285714285714,7.69666666666667,8.51973684210526,8.45193370165746,149,70,15,38,181,15345,10800,4545,1022,3546,11799,8.37427007038124,8.77118018425925,7.43111732453245,7.57556555772994,8.34954117033277,8.38170194423256,114
"116",2015,8,8.33701646090535,243,8.76437853107345,7.19090909090909,7.14117647058824,8.14988095238095,8.37611940298507,177,66,17,42,201,15588,10977,4611,1039,3588,12000,8.37368932704645,8.7710705101576,7.42767908045977,7.56845813282002,8.34720401059085,8.38160843666667,115
"117",2015,9,8.13296703296703,182,8.62782608695652,7.28358208955224,6.72222222222222,8.128125,8.134,115,67,9,32,150,15770,11092,4678,1048,3620,12150,8.37091117501586,8.76958537594662,7.42561527148354,7.56119083969466,8.34526740055248,8.37855154238683,116
"118",2015,10,8.40903827751196,209,8.87869178082192,7.32063492063492,7.1875,8.63918918918919,8.35952906976744,146,63,16,37,172,15979,11238,4741,1064,3657,12322,8.37140986482258,8.77100284659192,7.42422025732967,7.55557142857143,8.34824117856166,8.37828601201104,117
"119",2015,11,8.1590812720848,283,8.71327956989247,7.09639175257732,7.21,8.38393939393939,8.1294,186,97,25,33,250,16262,11424,4838,1089,3690,12572,8.36771480937155,8.77006302433473,7.4176474245556,7.54763820018366,8.34856043089431,8.3733367992364,118
"120",2015,12,8.16308724832215,447,8.65236486486486,7.20397350993377,6.97619047619048,8.25298507462687,8.14723684210526,296,151,42,67,380,16709,11720,4989,1131,3757,12952,8.36224060266922,8.76709044283276,7.41118024453798,7.52641732979664,8.34685599946766,8.36670323038913,119
"121",2016,1,8.54829588014981,534,9.07808108108108,7.35304878048781,7.26285714285714,8.35821917808219,8.57839479392625,370,164,35,73,461,17243,12090,5153,1166,3830,13413,8.36800256509889,8.77660793961952,7.40933014554628,7.51850600343053,8.34707258224543,8.37397899351376,120
"122",2016,2,8.64667774086379,301,8.96527777777778,7.83705882352941,8.02083333333333,8.45212765957447,8.68267716535433,216,85,12,47,254,17544,12306,5238,1178,3877,13667,8.37278375683995,8.77991955062571,7.41627114165712,7.52362308998302,8.3483461413464,8.3797161220458,121
"123",2016,3,8.51690391459075,281,8.91921052631579,7.67692307692308,7.70526315789474,8.35,8.53987854251012,190,91,19,34,247,17825,12496,5329,1197,3911,13914,8.37505572117812,8.78203745118438,7.42072213173203,7.52650626566416,8.34836051904883,8.38255931004744,122
"124",2016,4,8.54803617571059,387,8.93231617647059,7.63913043478261,7.55,8.60862068965517,8.5373556231003,272,115,30,58,329,18212,12768,5444,1227,3969,14243,8.37873150834615,8.78523887766291,7.42533582659809,7.52708068459658,8.35216376669186,8.38613496033139,123
"125",2016,5,8.59168831168831,308,8.92975,7.96564814814815,7.2896,8.43571428571429,8.61168498168498,200,108,25,35,273,18520,12968,5552,1252,4004,14516,8.3822731225702,8.78746761181369,7.43584622478386,7.52233865814697,8.3528941033966,8.39037684210526,124
"126",2016,6,8.42197986577181,298,8.80208333333333,7.42073170731707,6.875,8.547,8.39677419354839,216,82,12,50,248,18818,13184,5634,1264,4054,14764,8.38290191465618,8.78770706841626,7.43562624068158,7.51619303797468,8.35528810804144,8.39048430235708,125
"127",2016,7,8.56315561959654,347,8.84796511627907,7.73752808988764,7.905,8.5965,8.55618466898955,258,89,18,60,287,19165,13442,5723,1282,4114,15051,8.38616557422385,8.7888636356197,7.44032120216669,7.52165210608424,8.35880602576568,8.39364395986978,126
"128",2016,8,8.38865336658354,401,8.74475524475525,7.50304347826087,7.94444444444444,8.98333333333333,8.31348314606742,286,115,18,45,356,19566,13728,5838,1300,4159,15407,8.3862165608709,8.78794471081002,7.44155673860911,7.52750615384616,8.36556335417167,8.39179173362757,127
"129",2016,9,8.39291907514451,346,8.74648760330579,7.57019230769231,7.65217391304348,8.41458333333333,8.38942953020134,242,104,23,48,298,19912,13970,5942,1323,4207,15705,8.386333026818,8.78722655619184,7.44380818579603,7.52967346938776,8.36612265034466,8.39174691117478,128
"130",2016,10,8.36671637426901,342,8.74531168831169,7.57882882882883,7.39,8.48181818181818,8.34972147651007,231,111,30,44,298,20254,14201,6053,1353,4251,16003,8.38600178878247,8.78654474966551,7.44628419626631,7.52657649667406,8.36732015760997,8.39096433418734,129
"131",2016,11,8.27288629737609,343,8.63651452282158,7.41372549019608,6.84166666666667,7.86111111111111,8.34982698961938,241,102,24,54,289,20597,14442,6155,1377,4305,16292,8.38411808661456,8.78404112934496,7.44574463688058,7.51463907044299,8.3609704970964,8.39023460839676,130
"132",2016,12,8.41009708737864,309,8.78029556650246,7.7011320754717,7.99166666666667,8.51363636363636,8.39290566037736,203,106,24,44,265,20906,14645,6261,1401,4349,16557,8.38450206782742,8.78398921065209,7.45006839801948,7.52281084939329,8.36251505863416,8.39027735942502,131
"133",2017,1,8.35129482071713,502,8.68049535603715,7.7572625698324,7.98181818181818,7.99666666666667,8.4135831381733,323,179,44,75,427,21408,14968,6440,1445,4424,16984,8.38372338518311,8.78175587854088,7.45860686956522,7.5367875432526,8.35631283679927,8.39086329722091,132
"134",2017,2,8.55053409090909,352,8.88127710843374,7.75097087378641,6.76590909090909,8.49761904761905,8.56206920415225,249,103,22,63,289,21760,15217,6543,1467,4487,17273,8.38642179365809,8.78338437208385,7.46320926791991,7.52522699386503,8.35829685535992,8.39372779714004,133
"135",2017,3,8.08465940054496,367,8.56688311688312,7.26558823529412,7.20689655172414,8.04032258064516,8.09367213114754,231,136,29,62,305,22127,15448,6679,1496,4549,17578,8.38141674108556,8.78014694394096,7.45918524329989,7.51905614973262,8.35396306660804,8.38852146091705,134
"136",2017,4,8.38126843657817,339,8.73595744680851,7.57980769230769,7.19444444444444,8.24318181818182,8.40186440677966,235,104,18,44,295,22466,15683,6783,1514,4593,17873,8.38141450324936,8.77948479181279,7.4610346808197,7.51519682959049,8.35290180492053,8.38874169081855,135
"137",2017,5,8.31832402234637,358,8.74045454545455,7.4376724137931,7.10586206896552,8.18244444444444,8.33785942492013,242,116,29,45,313,22824,15925,6899,1543,4638,18186,8.38042491368735,8.77889167912088,7.46064186693724,7.50750356448477,8.35124794954721,8.38786595403057,136
"138",2017,6,8.31833876221498,307,8.73577272727273,7.26275862068966,7.5,7.89196428571429,8.41346613545817,220,87,19,56,251,23131,16145,6986,1562,4694,18437,8.37960089187671,8.77830411830288,7.45817753220727,7.50741229193342,8.34576863868768,8.38821447307046,137
"139",2017,7,8.26979827089337,347,8.68287553648069,7.42552631578947,7,8.05510204081633,8.30510067114094,233,114,23,49,298,23478,16378,7100,1585,4743,18735,8.37797803177443,8.77694651300525,7.45765327323944,7.50004921135647,8.34276575795909,8.38689246010141,138
"140",2017,8,8.38282282282282,333,8.74740909090909,7.67300884955752,7.475,8.59482142857143,8.33996389891697,220,113,20,56,277,23811,16598,7213,1605,4799,19012,8.37804578682122,8.77655500602482,7.46102706779426,7.49973707165109,8.34570702021254,8.38620872291185,139
"141",2017,9,8.29086092715232,302,8.6155701754386,7.29040540540541,6.725,8.13244444444445,8.31859922178988,228,74,12,45,257,24113,16826,7287,1617,4844,19269,8.37695385186414,8.77437358789968,7.45929439275422,7.49398763141621,8.34372584434351,8.38530698219939,140
"142",2017,10,8.23460526315789,380,8.73177685950413,7.36275362318841,6.96428571428571,8.21981132075472,8.23700305810398,242,138,28,53,327,24493,17068,7425,1645,4897,19596,8.37474536520639,8.77376962678697,7.4575000996633,7.48497142857143,8.34238472329998,8.38283222290263,141
"143",2017,11,8.29671052631579,380,8.86890243902439,7.24626865671642,7.35357142857143,8.14298245614035,8.32383900928793,246,134,28,57,323,24873,17314,7559,1673,4954,19919,8.37355317935111,8.77512128855261,7.45375555496759,7.48277226539151,8.34009042995559,8.38187560821326,142
"144",2017,12,8.18639593908629,394,8.6788,7.33152777777778,7.06,8.10283018867925,8.19938416422287,250,144,30,53,341,25267,17564,7703,1703,5007,20260,8.37063475006927,8.77375028410385,7.45147062702843,7.47532472108045,8.33757898741761,8.37880405923001,143
"145",2018,1,8.35605461393597,531,8.68197297297297,7.60704968944099,7.03333333333333,8.40364864864865,8.34834792122538,370,161,33,74,457,25798,17934,7864,1736,5081,20717,8.37033464725948,8.77185680773949,7.45465580366226,7.46692281105991,8.33854123007282,8.37813222184679,144
"146",2018,2,8.07348348348348,333,8.51295238095238,7.32317073170732,6.27272727272727,7.87717391304348,8.10494773519164,210,123,22,46,287,26131,18144,7987,1758,5127,21004,8.36655172898091,8.76886022872575,7.45263093026167,7.45197838452787,8.33440179247123,8.37439941154066,145
"147",2018,3,8.19945337620579,311,8.76287878787879,7.21221238938053,7.29166666666667,7.86666666666667,8.26937743190661,198,113,36,54,257,26442,18342,8100,1794,5181,21261,8.36458638643068,8.76879565968814,7.44927694320988,7.44876142697882,8.32952673036093,8.37312992051173,146
"148",2018,4,8.23163034267913,321,8.57016184466019,7.62521739130435,7.025,7.59795918367347,8.34578433823529,206,115,24,49,272,26763,18548,8215,1818,5230,21533,8.36299168889886,8.76658956922579,7.45173989531345,7.44316721672167,8.32267265583174,8.37278449728324,147
"149",2018,5,8.05345204747774,337,8.50461282828283,7.41079136690647,6.78125,7.80625,8.09450982698962,198,139,16,48,289,27100,18746,8354,1834,5278,21822,8.35914243210333,8.76382250453429,7.45105856356237,7.43739258451472,8.31797612542629,8.36909916231326,148
"150",2018,6,8.16507633587786,262,8.59771428571429,7.2948275862069,7.18421052631579,8.48088235294118,8.11798245614035,175,87,19,34,228,27362,18921,8441,1853,5312,22050,8.35728418646298,8.76228617250673,7.44944831655017,7.43479654614139,8.31901882341867,8.36650258140589,149
"151",2018,7,8.12306569343066,274,8.62116959064327,7.29611650485437,7.25,8.19073170731707,8.11115879828326,171,103,22,41,233,27636,19092,8544,1875,5353,22283,8.35496200282241,8.76102224334799,7.44759986423221,7.43262826666667,8.31803623949187,8.36383260422744,150
"152",2018,8,8.09308823529412,306,8.55208762886598,7.29803571428571,7.46774193548387,7.85216216216216,8.12622676579926,194,112,31,37,269,27942,19286,8656,1906,5390,22552,8.35209415610909,8.75892054702893,7.44566465341959,7.43319937040924,8.31483821706864,8.36099844448386,151
"153",2018,9,8.12582706766917,266,8.54745562130178,7.39123711340206,7.1875,8.01878787878788,8.14098712446352,169,97,20,33,233,28208,19455,8753,1926,5423,22785,8.34996046901589,8.75708361192495,7.44506149205986,7.43064797507788,8.31303669371196,8.35874860302831,152
"154",2018,10,8.24332335329341,334,8.56374429223744,7.63313043478261,7.32884615384615,7.99255319148936,8.28439024390244,219,115,26,47,287,28542,19674,8868,1952,5470,23072,8.3487125958237,8.75493146640235,7.44750036535859,7.42929200819672,8.31028299634369,8.35782363557559,153
"155",2018,11,8.26909090909091,330,8.62443438914027,7.54862385321101,7.29347826086957,8.47173913043478,8.2362676056338,221,109,23,46,284,28872,19895,8977,1975,5516,23356,8.34780253913827,8.75348186328223,7.44872822100925,7.42771037974684,8.31162943981145,8.35634556088371,154
"156",2018,12,8.21321212121212,330,8.65100961538461,7.46680327868852,7.64708333333333,8.11487804878049,8.22716262975779,208,122,24,41,289,29202,20103,9099,1999,5557,23645,8.34628158722006,8.75242161219718,7.44897057259039,7.43034417208604,8.31017779197408,8.35476662803975,155
"157",2019,1,8.26081266490765,379,8.50496183206107,7.71408547008547,7.89705882352941,8.29450909090909,8.25509259259259,262,117,17,55,324,29581,20365,9216,2016,5612,23969,8.34518653561408,8.74923799017922,7.4523362890625,7.43427976190476,8.31002423200285,8.35341928824732,156
"158",2019,2,8.1887487965616,349,8.5814113963964,7.50236220472441,7.61034482758621,8.195,8.1877519269103,222,127,29,48,301,29930,20587,9343,2045,5660,24270,8.34336238690278,8.74742823140816,7.45301629455207,7.43677652811736,8.3090487614841,8.35136465801401,157
"159",2019,3,8.1841610738255,298,8.57886699507389,7.34073684210526,7.7715,8.50930232558139,8.12933333333333,203,95,20,43,255,30228,20790,9438,2065,5703,24525,8.34179291517798,8.74578234728234,7.45188612417885,7.44001840193705,8.31055865158688,8.34905607543323,158
"160",2019,4,8.35661424528302,318,8.73949204761905,7.61212962962963,7.078,8.47615384615385,8.33990440860215,210,108,20,39,279,30546,21000,9546,2085,5742,24804,8.34194721305572,8.74571944428571,7.45369906138697,7.43654580335732,8.31168338383838,8.34895313578455,159
"161",2019,5,8.12436893203883,309,8.52820105820106,7.48833333333333,6.58333333333333,7.63636363636364,8.18271739130435,189,120,30,33,276,30855,21189,9666,2115,5775,25080,8.33976825700859,8.74377924064372,7.45412903372646,7.42444349881797,8.30782441385281,8.34712374720893,160
"162",2019,6,8.07979238754325,289,8.54252873563218,7.37965217391304,7.01458333333333,7.65609756097561,8.14983870967742,174,115,24,41,248,31144,21363,9781,2139,5816,25328,8.33735581717185,8.74214007068295,7.45325337286576,7.41984478728378,8.30323005330123,8.34519202384712,161
"163",2019,7,8.18931307432432,296,8.58369417525773,7.43921568627451,7.44,7.97380952380952,8.20576970909091,194,102,25,21,275,31440,21557,9883,2164,5837,25603,8.33596203053435,8.7407141531753,7.45310849337246,7.42007763401109,8.3020448843584,8.34369449869155,162
"164",2019,8,8.11431139473684,380,8.53368384920635,7.288671875,6.81428571428571,8.1234693877551,8.11295567975831,252,128,21,49,331,31820,21809,10011,2185,5886,25934,8.33331503991201,8.73832194644412,7.45100601738088,7.41425537757437,8.30055827217125,8.34074954037171,163
"165",2019,9,8.38622754491018,334,8.7286036036036,7.70758928571429,7.43392857142857,8.20789473684211,8.40912162162162,222,112,28,38,296,32154,22031,10123,2213,5924,26230,8.33386466909249,8.73822401752076,7.45384483255952,7.41450429281519,8.29996387407157,8.34152110484178,164
"166",2019,10,8.1207373968254,315,8.63026673469388,7.28151260504202,7.36666666666667,7.95348837209302,8.1471775,196,119,24,43,272,32469,22227,10242,2237,5967,26502,8.33179700175552,8.73727203896162,7.4518425346612,7.41399105945463,8.29746706720294,8.33952648328427,165
"167",2019,11,8.06893014705882,340,8.45602620087336,7.27032657657658,7.27083333333333,8.1452380952381,8.05817533557047,229,111,24,42,298,32809,22456,10353,2261,6009,26800,8.32907290987229,8.73440397265764,7.44989640587269,7.41247147279965,8.29640306040938,8.33639802649253,166
"168",2019,12,7.90862067039106,358,8.45620192307692,7.149308,6.464,7.97395348837209,7.89970222222222,208,150,25,43,315,33167,22664,10503,2286,6052,27115,8.32453460668737,8.73185075935404,7.44560351232981,7.40209886264217,8.29411202742894,8.33132485008297,167
"169",2020,1,8.06118046184739,498,8.54922667701863,7.16827772727273,6.67088235294118,7.87836049180328,8.08669995423341,322,176,34,61,437,33665,22986,10679,2320,6113,27552,8.32063885845834,8.72929246497868,7.44103292162188,7.39138275862069,8.28996335350891,8.32744487478222,168
"170",2020,2,8.28877100795756,377,8.78027323770492,7.38706766917293,6.81366666666667,8.33583333333333,8.28190477203647,244,133,30,48,329,34042,23230,10812,2350,6161,27881,8.32028593619646,8.72982794963409,7.44036908712542,7.38400765957447,8.29032072390845,8.32690749470965,169
"171",2020,3,8.06514029154519,343,8.48060747663551,7.37591565891473,6.78050461538461,8.12931034482759,8.05208112280702,214,129,26,58,285,34385,23444,10941,2376,6219,28166,8.31774078697106,8.72755303147927,7.4396091481583,7.37740367003367,8.28881909953368,8.32412664134061,170
"172",2020,4,8.087285625,368,8.57915004273504,7.22835820895522,7.38518518518519,8.15384615384615,8.07633262658228,234,134,27,52,316,34753,23678,11075,2403,6271,28482,8.31530049405807,8.72608642537376,7.43705315485327,7.37749110278818,8.28769988518577,8.32137743452004,171
"173",2020,5,8.2734693877551,343,8.6430303030303,7.51125,6.79411764705882,8.05104166666667,8.30966101694915,231,112,17,48,295,35096,23909,11187,2420,6319,28777,8.31489167056075,8.7252839675436,7.43779598551891,7.37339302479339,8.28590219655008,8.3212573266845,172
"174",2020,6,8.17671018072289,332,8.62876190476191,7.39858836065574,7.265,8.23333333333333,8.1685095862069,210,122,20,42,290,35428,24119,11309,2440,6361,29067,8.31359675539121,8.72444356648285,7.43737301883456,7.37250455737705,8.28555509825499,8.31973337014483,173
"175",2020,7,8.17066852367688,359,8.66683035714286,7.34740740740741,7.476,8.10464285714286,8.18287128712871,224,135,25,56,303,35787,24343,11444,2465,6417,29370,8.31216296001341,8.72391341987429,7.43631173278574,7.37355420689655,8.28397630980208,8.31832141198501,174
"176",2020,8,8.04473544973545,378,8.59522321428571,7.24402597402597,7.21212121212121,8.32159090909091,8.00826347305389,224,154,33,44,334,36165,24567,11598,2498,6461,29704,8.30936778238628,8.72274003256401,7.43375853336782,7.37142158526822,8.2842324686581,8.31483503467546,175
"177",2020,9,8.29073076923077,338,8.70539170506912,7.5470826446281,7.45238095238095,8.366,8.27766319444444,217,121,21,50,288,36503,24784,11719,2519,6511,29992,8.30919521272224,8.7225881367011,7.43492861762949,7.37209651448988,8.28486038703732,8.31447808982395,176
"178",2020,10,8.00353376582279,316,8.46909723958333,7.28266129032258,7.52857142857143,8.295,7.9612922826087,192,124,21,40,276,36819,24976,11843,2540,6551,30268,8.30657186561286,8.72063945587764,7.43333432998396,7.37339020472441,8.28492229888566,8.31125755054843,177
"179",2020,11,8.15281283980583,412,8.55321811111111,7.39147887323944,6.78434782608696,8.34363636363636,8.12341425770308,270,142,23,55,357,37231,25246,11985,2563,6606,30625,8.3048703609895,8.71884892418601,7.43283842052566,7.3681042216153,8.28541113835906,8.30906783444897,178
"180",2020,12,8.12575380462725,389,8.54320657794677,7.25440396825397,7.00862068965517,7.56794464285714,8.21955954954955,263,126,29,56,333,37620,25509,12111,2592,6662,30958,8.30301825199362,8.71703803637932,7.4309820303856,7.36408222222222,8.27938019813869,8.30810503779313,179
"181",2021,1,8.15256573560768,469,8.5719201618123,7.3426875,7.0974358974359,7.96391304347826,8.185108325,309,160,39,69,400,38089,25818,12271,2631,6731,31358,8.30116569009425,8.71530120845921,7.42983076929346,7.36012965412391,8.27614632001188,8.3065361021111,180
"182",2021,2,8.15575021563342,371,8.53254729257642,7.5480985915493,6.92148148148148,7.73053571428571,8.23134390476191,229,142,27,56,315,38460,26047,12413,2658,6787,31673,8.29976295631825,8.71369447268399,7.43118370820914,7.35567386004515,8.27164444968322,8.30578828718466,181
"183",2021,3,8.11299363057325,314,8.63219341968912,7.28484851239669,7.09411764705882,8.32941176470588,8.08671428571428,193,121,17,34,280,38774,26240,12534,2675,6821,31953,8.29825045907051,8.71309501753049,7.42977102600925,7.35401163364486,8.27193239700923,8.30386857008731,182
"184",2021,4,8.20293649659864,294,8.6463198265896,7.56900826446281,7.68944444444444,7.90833333333333,8.24404391472868,173,121,18,36,258,39068,26413,12655,2693,6857,32211,8.29753318905498,8.71265765304963,7.43110233425524,7.35625366505756,8.27002346215546,8.30338939337493,183
"185",2021,5,8.19623824451411,319,8.56146341463415,7.53947368421053,7.23333333333333,8.17272727272727,8.19895104895105,205,114,15,33,286,39387,26618,12769,2708,6890,32497,8.29671278924518,8.71149322225561,7.43206985981674,7.35557279172821,8.26955745718432,8.30247025110009,184
"186",2021,6,8.11495177358491,265,8.40035352272727,7.55056179775281,6.66666666666667,8.05,8.12232025210084,176,89,12,27,238,39652,26794,12858,2720,6917,32735,8.29549805432261,8.70944945920728,7.43289003266449,7.3525335,8.26870043082261,8.30116046952802,185
"187",2021,7,8.01717226537217,309,8.36012409574468,7.48432148760331,7.18905,7.88836341463415,8.03687809701493,188,121,18,41,268,39961,26982,12979,2738,6958,33003,8.29334588924201,8.707015496998,7.43336951537098,7.35145873630387,8.26645929577464,8.29901437142077,186
"188",2021,8,8.24274579136691,278,8.52054962765957,7.66244444444444,6.8,8.77176470588235,8.16903004098361,188,90,10,34,244,40239,27170,13069,2748,6992,33247,8.2929963073138,8.70572526573426,7.43494704568062,7.34945197234352,8.268916444508,8.29806041537582,187
"189",2021,9,8.08672954716981,265,8.51792413173653,7.3519387755102,7.16411764705882,7.8125,8.11912797468355,167,98,17,28,237,40504,27337,13167,2765,7020,33484,8.2916467938969,8.70457800051213,7.43432922761449,7.3483124846293,8.26709598005697,8.29679393023533,188
"190",2021,10,8.10243547987616,323,8.49110576923077,7.3994492173913,6.649111,7.84189189189189,8.13614216783217,208,115,30,37,286,40827,27545,13282,2795,7057,33770,8.29014986161119,8.70296601198039,7.43402722481554,7.34080763864043,8.26486662604506,8.29543336156351,189
"191",2021,11,7.9462783171521,309,8.35029585798816,7.45857142857143,7,7.4195652173913,8.0384030418251,169,140,32,46,263,41136,27714,13422,2827,7103,34033,8.28756681252431,8.70081542902504,7.43428323647743,7.33694989388044,8.25939233844854,8.29344708430053,190
"192",2021,12,8.07079155672823,379,8.53806034482759,7.33333333333333,6.45785714285714,7.92452830188679,8.09457055214724,232,147,28,53,326,41515,27946,13569,2855,7156,34359,8.28558782126942,8.69946428111357,7.43318959392733,7.32832831873906,8.25691221073225,8.2915601332984,191
"193",2022,1,7.94970867768595,484,8.47792176870748,7.13236842105263,7.01428571428571,8.01380952380952,7.94011638954869,294,190,35,63,421,41999,28240,13759,2890,7219,34780,8.28171712183623,8.69715785410765,7.42903551130169,7.32452503460208,8.25479066075633,8.28730602702702,192
"194",2022,2,8.10677947692308,325,8.44892573459716,7.47350877192982,6.7315,8.01764705882353,8.11719357388316,211,114,20,34,291,42324,28451,13873,2910,7253,35071,8.28037380044419,8.6953169002847,7.429400965905,7.32044926116839,8.25367899903488,8.28589452681702,193
"195",2022,3,8.06061224489796,294,8.61340782122905,7.20017391304348,6.63636363636364,7.65029411764706,8.11426923076923,179,115,22,34,260,42618,28630,13988,2932,7287,35331,8.27885777676099,8.69480478973105,7.4275164140692,7.31531628581174,8.25086369973926,8.28463154029039,194
"196",2022,4,8.10555230994152,342,8.4835986036036,7.40616666666667,7.3176,8.25135135135135,8.08786521311475,222,120,25,37,305,42960,28852,14108,2957,7324,35636,8.2774781103352,8.69317967627894,7.42733481712504,7.31533559350693,8.25086616329874,8.28294746436188,195
"197",2022,5,8.03848618343195,338,8.40247048672566,7.30401785714286,7.5375,8.16890243902439,8.02048259259259,226,112,16,41,297,43298,29078,14220,2973,7365,35933,8.27561245207631,8.69092022663182,7.4263635443038,7.31653123107972,8.25040988187372,8.28077809172626,196
"198",2022,6,8.04243055555555,288,8.46295857988166,7.44521008403361,6.62857142857143,7.96484848484848,8.05247058823529,169,119,14,33,255,43586,29247,14339,2987,7398,36188,8.2740716732437,8.6896029797928,7.42651995257689,7.3133067793773,8.24913608813192,8.27916931496628,197
"199",2022,7,7.98005788194444,288,8.37906132183908,7.37105263157895,7.075,7.59,8.0254134496124,174,114,16,30,258,43874,29421,14453,3003,7428,36446,8.27214169257419,8.6877663920329,7.42608244655089,7.31203707958708,8.24647398761443,8.27737298578719,198
"200",2022,8,7.89333332326284,331,8.37179355329949,7.18992537313433,7.03035714285714,7.82777777777778,7.9013333220339,197,134,28,36,295,44205,29618,14587,3031,7464,36741,8.26930523583305,8.68566474272402,7.42391304586276,7.30943495546024,8.24445455251875,8.27435369668762,199
"201",2022,9,7.99266887043189,301,8.43734846590909,7.36656,6.91764705882353,8.0969696969697,7.97982585820896,176,125,17,33,268,44506,29794,14712,3048,7497,37009,8.26743430728441,8.68419788145264,7.42342574768896,7.30724978674541,8.24380535947712,8.27222087870518,200
"202",2022,10,7.93663742690058,342,8.34072463768116,7.31703703703704,6.88571428571429,8.47380952380952,7.86143333333333,207,135,28,42,300,44848,30001,14847,3076,7539,37309,8.26491173028897,8.68182799506683,7.42245838216475,7.30341266254876,8.2450867197241,8.26891775442922,201
"203",2022,11,7.89570121951219,328,8.41150753768844,7.1,6.952,7.94146341463415,7.8891637630662,199,129,25,41,287,45176,30200,14976,3101,7580,37596,8.26223108021958,8.68004674437086,7.41968079594017,7.30057960335376,8.24344443007915,8.26601879189275,202
"204",2022,12,8.16619444444444,360,8.43955752212389,7.70514925373134,7.09055555555556,8.48404761904762,8.12421383647799,226,134,18,42,318,45536,30426,15110,3119,7622,37914,8.26147183063949,8.67826042463682,7.4222124156188,7.29936753767233,8.24477024140645,8.26482941657435,203
