"","year","month","avg_rating","no_ratings","avg_rating_owned","avg_rating_not_owned","avg_rating_prev_owned","avg_rating_comment","avg_rating_no_comment","no_ratings_owned","no_ratings_not_owned","no_ratings_prev_owned","no_ratings_comment","no_ratings_no_comment","cum_no_ratings","cum_no_ratings_owned","cum_no_ratings_not_owned","cum_no_ratings_prev_owned","cum_no_ratings_comment","cum_no_ratings_no_comment","cum_avg_rating","cum_avg_rating_owned","cum_avg_rating_not_owned","cum_avg_rating_prev_owned","cum_avg_rating_comment","cum_avg_rating_no_comment","month_after_release"
"1",2001,6,5.33333333333333,3,6.5,3,NA,3,6.5,2,1,0,1,2,3,2,1,0,1,2,5.33333333333333,6.5,3,NA,3,6.5,0
"2",2001,7,7.66666666666667,3,8,7,7,NA,7.66666666666667,2,1,1,0,3,6,4,2,1,1,5,6.5,7.25,5,7,3,7.2,1
"3",2001,8,4,2,7,1,NA,7,1,1,1,0,1,1,8,5,3,1,2,6,5.875,7.2,3.66666666666667,7,5,6.16666666666667,2
"4",2001,9,8,3,8,NA,NA,NA,8,3,0,0,0,3,11,8,3,1,2,9,6.45454545454545,7.5,3.66666666666667,7,5,6.77777777777778,3
"5",2001,10,9,1,9,NA,NA,NA,9,1,0,0,0,1,12,9,3,1,2,10,6.66666666666667,7.66666666666667,3.66666666666667,7,5,7,4
"6",2001,11,5,2,5,NA,NA,NA,5,2,0,0,0,2,14,11,3,1,2,12,6.42857142857143,7.18181818181818,3.66666666666667,7,5,6.66666666666667,5
"7",2001,12,7,1,7,NA,NA,NA,7,1,0,0,0,1,15,12,3,1,2,13,6.46666666666667,7.16666666666667,3.66666666666667,7,5,6.69230769230769,6
"8",2002,1,7,2,8,6,NA,8,6,1,1,0,1,1,17,13,4,1,3,14,6.52941176470588,7.23076923076923,4.25,7,6,6.64285714285714,7
"9",2002,2,8,2,8,NA,NA,NA,8,2,0,0,0,2,19,15,4,1,3,16,6.68421052631579,7.33333333333333,4.25,7,6,6.8125,8
"10",2002,3,6.4,5,6.66666666666667,6,7,5.5,7,3,2,1,2,3,24,18,6,2,5,19,6.625,7.22222222222222,4.83333333333333,7,5.8,6.84210526315789,9
"11",2002,4,6,1,NA,6,6,6,NA,0,1,1,1,0,25,18,7,3,6,19,6.6,7.22222222222222,5,6.66666666666667,5.83333333333333,6.84210526315789,10
"12",2002,5,6,2,6,6,NA,NA,6,1,1,0,0,2,27,19,8,3,6,21,6.55555555555556,7.15789473684211,5.125,6.66666666666667,5.83333333333333,6.76190476190476,11
"13",2002,6,7,1,NA,7,NA,NA,7,0,1,0,0,1,28,19,9,3,6,22,6.57142857142857,7.15789473684211,5.33333333333333,6.66666666666667,5.83333333333333,6.77272727272727,12
"14",2002,7,6.25,4,6.25,NA,NA,7,5.5,4,0,0,2,2,32,23,9,3,8,24,6.53125,7,5.33333333333333,6.66666666666667,6.125,6.66666666666667,13
"15",2002,8,6.66666666666667,3,8,4,NA,NA,6.66666666666667,2,1,0,0,3,35,25,10,3,8,27,6.54285714285714,7.08,5.2,6.66666666666667,6.125,6.66666666666667,14
"16",2002,9,7.3,5,7,7.75,7.5,7.625,6,3,2,1,4,1,40,28,12,4,12,28,6.6375,7.07142857142857,5.625,6.875,6.625,6.64285714285714,15
"17",2002,10,7.25,4,7.25,NA,NA,7,7.5,4,0,0,2,2,44,32,12,4,14,30,6.69318181818182,7.09375,5.625,6.875,6.67857142857143,6.7,16
"18",2002,11,6.75,4,7.5,6,NA,7,6.66666666666667,2,2,0,1,3,48,34,14,4,15,33,6.69791666666667,7.11764705882353,5.67857142857143,6.875,6.7,6.6969696969697,17
"19",2002,12,6.5,2,7,6,6,6,7,1,1,1,1,1,50,35,15,5,16,34,6.69,7.11428571428571,5.7,6.7,6.65625,6.70588235294118,18
"20",2003,1,7,4,7.33333333333333,6,NA,NA,7,3,1,0,0,4,54,38,16,5,16,38,6.71296296296296,7.13157894736842,5.71875,6.7,6.65625,6.73684210526316,19
"21",2003,2,6.66666666666667,3,6.66666666666667,NA,NA,7,6,3,0,0,2,1,57,41,16,5,18,39,6.71052631578947,7.09756097560976,5.71875,6.7,6.69444444444444,6.71794871794872,20
"22",2003,3,8,4,8.66666666666667,6,NA,9,7.66666666666667,3,1,0,1,3,61,44,17,5,19,42,6.79508196721311,7.20454545454545,5.73529411764706,6.7,6.81578947368421,6.78571428571429,21
"23",2003,4,7,1,7,NA,NA,NA,7,1,0,0,0,1,62,45,17,5,19,43,6.79838709677419,7.2,5.73529411764706,6.7,6.81578947368421,6.7906976744186,22
"24",2003,5,4.66666666666667,3,3,5.5,NA,6,4,1,2,0,1,2,65,46,19,5,20,45,6.7,7.10869565217391,5.71052631578947,6.7,6.775,6.66666666666667,23
"25",2003,6,5,2,9,1,NA,1,9,1,1,0,1,1,67,47,20,5,21,46,6.64925373134328,7.14893617021277,5.475,6.7,6.5,6.71739130434783,24
"26",2003,7,6.28947368421053,19,6,7.375,NA,6.33333333333333,6.28125,15,4,0,3,16,86,62,24,5,24,62,6.56976744186047,6.87096774193548,5.79166666666667,6.7,6.47916666666667,6.60483870967742,25
"27",2003,8,7.3125,8,8,6.16666666666667,NA,7.5,7.2,5,3,0,3,5,94,67,27,5,27,67,6.63297872340426,6.95522388059702,5.83333333333333,6.7,6.59259259259259,6.64925373134328,26
"28",2003,9,6.875,8,7.28571428571429,4,NA,7.16666666666667,6.7,7,1,0,3,5,102,74,28,5,30,72,6.65196078431373,6.98648648648649,5.76785714285714,6.7,6.65,6.65277777777778,27
"29",2003,10,6.35714285714286,7,7.33333333333333,5.625,6,5.5,7,3,4,1,3,4,109,77,32,6,33,76,6.63302752293578,7,5.75,6.58333333333333,6.54545454545455,6.67105263157895,28
"30",2003,11,7,8,7,7,NA,7,7,6,2,0,2,6,117,83,34,6,35,82,6.65811965811966,7,5.82352941176471,6.58333333333333,6.57142857142857,6.69512195121951,29
"31",2003,12,5.16666666666667,3,6.5,4.5,6,6.25,3,1,2,1,2,1,120,84,36,7,37,83,6.62083333333333,6.99404761904762,5.75,6.5,6.55405405405405,6.65060240963855,30
"32",2004,1,7,3,7,NA,NA,NA,7,3,0,0,0,3,123,87,36,7,37,86,6.63008130081301,6.99425287356322,5.75,6.5,6.55405405405405,6.66279069767442,31
"33",2004,2,6,8,6.14285714285714,5,NA,7,5.85714285714286,7,1,0,1,7,131,94,37,7,38,93,6.59160305343511,6.93085106382979,5.72972972972973,6.5,6.56578947368421,6.60215053763441,32
"34",2004,3,6.5625,16,6.07692307692308,8.66666666666667,NA,8.25,6,13,3,0,4,12,147,107,40,7,42,105,6.58843537414966,6.82710280373832,5.95,6.5,6.72619047619048,6.53333333333333,33
"35",2004,4,6.22222222222222,9,6.25,6,6,6.5,6.08333333333333,8,1,1,3,6,156,115,41,8,45,111,6.56730769230769,6.78695652173913,5.95121951219512,6.4375,6.71111111111111,6.50900900900901,34
"36",2004,5,6.625,4,5.75,7.5,6,6,6.83333333333333,2,2,1,1,3,160,117,43,9,46,114,6.56875,6.76923076923077,6.02325581395349,6.38888888888889,6.69565217391304,6.51754385964912,35
"37",2004,6,6.46666666666667,15,7.54545454545455,3.5,NA,3.33333333333333,7.25,11,4,0,3,12,175,128,47,9,49,126,6.56,6.8359375,5.80851063829787,6.38888888888889,6.48979591836735,6.58730158730159,36
"38",2004,7,6.85714285714286,7,6.83333333333333,7,NA,8,6.4,6,1,0,2,5,182,134,48,9,51,131,6.57142857142857,6.83582089552239,5.83333333333333,6.38888888888889,6.54901960784314,6.58015267175572,37
"39",2004,8,7.28571428571429,7,7.28571428571429,NA,NA,8,7,7,0,0,2,5,189,141,48,9,53,136,6.5978835978836,6.85815602836879,5.83333333333333,6.38888888888889,6.60377358490566,6.59558823529412,38
"40",2004,9,6.70833333333333,12,6.94444444444444,6,NA,6.58333333333333,6.83333333333333,9,3,0,6,6,201,150,51,9,59,142,6.6044776119403,6.86333333333333,5.84313725490196,6.38888888888889,6.60169491525424,6.6056338028169,39
"41",2004,10,6.92857142857143,14,7.22727272727273,5.83333333333333,5.5,6.875,7,11,3,1,8,6,215,161,54,10,67,148,6.62558139534884,6.88819875776398,5.84259259259259,6.3,6.63432835820895,6.62162162162162,40
"42",2004,11,6,8,6.28571428571429,4,4,6.5,5.7,7,1,1,3,5,223,168,55,11,70,153,6.60313901345291,6.86309523809524,5.80909090909091,6.09090909090909,6.62857142857143,6.59150326797386,41
"43",2004,12,6.16666666666667,6,6.25,6,4,6,6.33333333333333,4,2,1,3,3,229,172,57,12,73,156,6.59170305676856,6.84883720930233,5.81578947368421,5.91666666666667,6.6027397260274,6.58653846153846,42
"44",2005,1,6.76315789473684,19,7.34615384615385,5.5,7,6.92857142857143,6.66666666666667,13,6,1,7,12,248,185,63,13,80,168,6.60483870967742,6.88378378378378,5.78571428571429,6,6.63125,6.59226190476191,43
"45",2005,2,5.54545454545455,11,5.75,5.42857142857143,NA,4.6,6.33333333333333,4,7,0,5,6,259,189,70,13,85,174,6.55984555984556,6.85978835978836,5.75,6,6.51176470588235,6.58333333333333,44
"46",2005,3,5.86,10,7.1,4,5,5.22857142857143,7.33333333333333,6,4,1,7,3,269,195,74,14,92,177,6.53382899628253,6.86717948717949,5.65540540540541,5.92857142857143,6.41413043478261,6.59604519774011,45
"47",2005,4,6.46153846153846,13,6.72727272727273,5,NA,6,6.75,11,2,0,5,8,282,206,76,14,97,185,6.53049645390071,6.85970873786408,5.63815789473684,5.92857142857143,6.39278350515464,6.6027027027027,46
"48",2005,5,6.625,8,6.6,6.66666666666667,5.6,6.86666666666667,6.48,5,3,1,3,5,290,211,79,15,100,190,6.53310344827586,6.85355450236967,5.67721518987342,5.90666666666667,6.407,6.59947368421053,47
"49",2005,6,6.04166666666667,12,6.75,4.625,4.75,5.625,6.25,8,4,2,4,8,302,219,83,17,104,198,6.5135761589404,6.84977168949772,5.62650602409639,5.77058823529412,6.37692307692308,6.58535353535354,48
"50",2005,7,6.37142857142857,7,6.875,5.7,6,6.82,5.25,4,3,1,5,2,309,223,86,18,109,200,6.51035598705502,6.85022421524664,5.62906976744186,5.78333333333333,6.39724770642202,6.572,49
"51",2005,8,6.29411764705882,17,6.57142857142857,5,7,6.28571428571429,6.3,14,3,1,7,10,326,237,89,19,116,210,6.49907975460123,6.8337552742616,5.60786516853933,5.84736842105263,6.39051724137931,6.55904761904762,50
"52",2005,9,6.98333333333333,12,7.33333333333333,5.93333333333333,NA,7.4,6.68571428571429,9,3,0,5,7,338,246,92,19,121,217,6.51627218934911,6.8520325203252,5.61847826086956,5.84736842105263,6.43223140495868,6.563133640553,51
"53",2005,10,6.23333333333333,12,6.16666666666667,6.43333333333333,NA,6.5,6.14444444444444,9,3,0,3,9,350,255,95,19,124,226,6.50657142857143,6.8278431372549,5.64421052631579,5.84736842105263,6.43387096774194,6.54646017699115,52
"54",2005,11,6.40909090909091,11,6.61111111111111,5.5,NA,7,6.1875,9,2,0,3,8,361,264,97,19,127,234,6.50360110803324,6.82045454545455,5.64123711340206,5.84736842105263,6.44724409448819,6.53418803418803,53
"55",2005,12,6.65,20,7.26666666666667,4.8,NA,5.6,7.7,15,5,0,10,10,381,279,102,19,137,244,6.51128608923885,6.84444444444444,5.6,5.84736842105263,6.38540145985402,6.58196721311475,54
"56",2006,1,7.05,20,7.4,6,8,7.20833333333333,6.8125,15,5,1,12,8,401,294,107,20,149,252,6.53815461346634,6.87278911564626,5.61869158878505,5.955,6.45167785234899,6.58928571428571,55
"57",2006,2,6.61538461538461,13,6.59090909090909,6.75,NA,6,7.14285714285714,11,2,0,6,7,414,305,109,20,155,259,6.54057971014493,6.86262295081967,5.6394495412844,5.955,6.4341935483871,6.6042471042471,56
"58",2006,3,6,10,6,6,NA,6,6,8,2,0,2,8,424,313,111,20,157,267,6.52783018867925,6.8405750798722,5.64594594594594,5.955,6.42866242038217,6.58614232209738,57
"59",2006,4,6.04545454545455,11,6.25,5.92857142857143,6,6,6.125,4,7,1,7,4,435,317,118,21,164,271,6.51563218390805,6.83312302839117,5.66271186440678,5.95714285714286,6.41036585365854,6.57933579335793,58
"60",2006,5,6.85714285714286,7,7.16666666666667,5,NA,7.66666666666667,6.25,6,1,0,3,4,442,323,119,21,167,275,6.5210407239819,6.83931888544892,5.65714285714286,5.95714285714286,6.43293413173653,6.57454545454546,59
"61",2006,6,7.38888888888889,9,7.38888888888889,NA,NA,7.5,7.16666666666667,9,0,0,6,3,451,332,119,21,173,278,6.53835920177384,6.85421686746988,5.65714285714286,5.95714285714286,6.46994219653179,6.58093525179856,60
"62",2006,7,7.06666666666667,15,7.1,7,7,7.5,6.90909090909091,10,5,1,4,11,466,342,124,22,177,289,6.55536480686695,6.86140350877193,5.71129032258064,6.00454545454546,6.49322033898305,6.59342560553633,61
"63",2006,8,5.57777777777778,9,6.2,4.33333333333333,NA,7,5.17142857142857,6,3,0,2,7,475,348,127,22,179,296,6.53684210526316,6.85,5.67874015748031,6.00454545454546,6.49888268156425,6.5597972972973,62
"64",2006,9,6.22857142857143,14,6.30833333333333,5.75,5.75,6.7,5.96666666666667,12,2,2,5,9,489,360,129,24,184,305,6.5280163599182,6.83194444444444,5.67984496124031,5.98333333333333,6.50434782608696,6.54229508196721,63
"65",2006,10,6.20588235294118,17,6.59090909090909,5.5,7,6.58333333333333,6,11,6,1,6,11,506,371,135,25,190,316,6.51719367588933,6.82479784366577,5.67185185185185,6.024,6.50684210526316,6.52341772151899,64
"66",2006,11,6.75,18,7.19230769230769,5.6,6.75,7.0625,6.5,13,5,4,8,10,524,384,140,29,198,326,6.52519083969466,6.83723958333333,5.66928571428571,6.12413793103448,6.52929292929293,6.52269938650307,65
"67",2006,12,6.3695652173913,23,6.5,6,6,6.75,6.28947368421053,17,6,3,4,19,547,401,146,32,202,345,6.51864716636197,6.82294264339152,5.68287671232877,6.1125,6.53366336633663,6.50985507246377,66
"68",2007,1,6.51851851851852,27,6.73529411764706,6.15,6,7,6.35,17,10,3,7,20,574,418,156,35,209,365,6.51864111498258,6.81937799043062,5.71282051282051,6.10285714285714,6.54928229665072,6.50109589041096,67
"69",2007,2,6.15176,13,6.45,5.15762666666667,4,4.75,6.77476444444444,10,3,1,4,9,587,428,159,36,213,374,6.51051597955707,6.8107476635514,5.7023451572327,6.04444444444445,6.51549295774648,6.5076814973262,68
"70",2007,3,6.31818181818182,22,6.64705882352941,5.2,NA,7.55,5.29166666666667,17,5,0,10,12,609,445,164,36,223,386,6.50356794745484,6.80449438202247,5.68702975609756,6.04444444444445,6.56188340807175,6.46987792746114,69
"71",2007,4,6.29411764705882,17,6.35714285714286,6,5,6.66666666666667,6.21428571428571,14,3,2,3,14,626,459,167,38,226,400,6.49788,6.79084967320261,5.6926519760479,5.98947368421053,6.56327433628319,6.4609322,70
"72",2007,5,6.95555555555556,18,6.87142857142857,7.25,7,7.2125,6.75,14,4,1,8,10,644,473,171,39,234,410,6.51067217391304,6.79323467230444,5.72908116959064,6.01538461538462,6.58547008547009,6.46798263414634,71
"73",2007,6,6.834375,16,7.37916666666667,5.2,NA,7.00833333333333,6.73,12,4,0,6,10,660,485,175,39,240,420,6.51851951515152,6.80773195876289,5.71698788571429,6.01538461538462,6.59604166666667,6.47422114285714,72
"74",2007,7,6.71333333333333,15,7.20769230769231,3.5,6,6.47,7.2,13,2,1,10,5,675,498,177,40,250,425,6.52284871111111,6.81817269076305,5.69193717514124,6.015,6.591,6.48275971764706,73
"75",2007,8,6.05555555555556,18,6.4,4.33333333333333,NA,6.83333333333333,5.66666666666667,15,3,0,6,12,693,513,180,40,256,437,6.51071122655123,6.80594541910331,5.66929377777778,6.015,6.5966796875,6.46034983981694,74
"76",2007,9,6.67916666666667,24,6.48947368421053,7.4,NA,6.04545454545455,7.21538461538462,19,5,0,11,13,717,532,185,40,267,450,6.51634990237099,6.79464285714286,5.71606962162162,6.015,6.57397003745318,6.48216195555556,75
"77",2007,10,6.56818181818182,22,6.76315789473684,5.33333333333333,6,6.375,6.61111111111111,19,3,1,4,18,739,551,188,41,271,468,6.51789293640054,6.79355716878403,5.70996212765957,6.01463414634146,6.5710332103321,6.48712153846154,76
"78",2007,11,6.87037037037037,27,6.81818181818182,7.1,NA,6.70833333333333,7,22,5,0,12,15,766,573,193,41,283,483,6.53031707571802,6.79450261780105,5.74597347150259,6.01463414634146,6.57685512367491,6.50304944099379,77
"79",2007,12,5.96296296296296,27,6.46666666666667,5.33333333333333,5,5.42857142857143,6.15,15,12,5,7,20,793,588,205,46,290,503,6.51099984867591,6.78613945578231,5.72181892682927,5.90434782608696,6.54913793103448,6.48901168986084,78
"80",2008,1,6.408,25,6.62222222222222,5.85714285714286,6.33333333333333,6.85714285714286,6.23333333333333,18,7,3,7,18,818,606,212,49,297,521,6.50785193154034,6.78127062706271,5.72628716981132,5.93061224489796,6.55639730639731,6.48017827255278,79
"81",2008,2,6.78947368421053,19,6.96153846153846,6.41666666666667,6.33333333333333,5.625,7.1,13,6,3,4,15,837,619,218,52,301,536,6.51424477897252,6.78505654281099,5.74528844036697,5.95384615384615,6.54401993355482,6.49752402985075,80
"82",2008,3,6.5875,16,6.9875,6.1875,6.5,7.25,5.925,8,8,1,8,8,853,627,226,53,309,544,6.51561885111372,6.78763955342903,5.76094194690265,5.96415094339623,6.56229773462783,6.48910455882353,81
"83",2008,4,6.885,20,7.04117647058824,6,NA,7.6,6.64666666666667,17,3,0,5,15,873,644,229,53,314,559,6.52408119129439,6.79433229813664,5.76407371179039,5.96415094339623,6.57882165605096,6.49333252236136,82
"84",2008,5,6.55625,16,7.8125,5.3,6.5,7.375,5.7375,8,8,4,8,8,889,652,237,57,322,567,6.52466015748031,6.80682515337423,5.74840877637131,6.00175438596491,6.59860248447205,6.48266821869489,83
"85",2008,6,6.83571428571429,14,7.3,6,6.33333333333333,6.5,7.0875,9,5,3,6,8,903,661,242,60,328,575,6.5294827021041,6.81354009077156,5.75360694214876,6.01833333333333,6.5967987804878,6.49108326956522,84
"86",2008,7,6.81034482758621,29,7.075,6.22222222222222,5.83333333333333,6.34615384615385,7.1875,20,9,6,13,16,932,681,251,66,341,591,6.53822197424893,6.8212187958884,5.77040988047809,6.00151515151515,6.58724340175953,6.50993719120135,85
"87",2008,8,5.76136363636364,22,5.94230769230769,5.5,4.66666666666667,5.22222222222222,6.13461538461539,13,9,6,9,13,954,694,260,72,350,604,6.52030700209643,6.80475504322766,5.76104953846154,5.89027777777778,6.55214285714286,6.50185907284768,86
"88",2008,9,7,24,7,7,5.75,7.375,6.8125,16,8,2,8,16,978,710,268,74,358,620,6.53207860940695,6.80915492957746,5.79803313432836,5.88648648648649,6.57053072625698,6.50987561290323,87
"89",2008,10,6.33461538461538,26,6.57058823529412,5.88888888888889,5.6,5.8375,6.55555555555556,17,9,3,8,18,1004,727,277,77,366,638,6.52696501992032,6.80357634112792,5.80098512635379,5.87532467532468,6.55450819672131,6.51116438871474,88
"90",2008,11,6.768,25,7.40714285714286,5.95454545454545,6,5.75,7.24705882352941,14,11,3,8,17,1029,741,288,80,374,655,6.53282106899903,6.81497975708502,5.80685027777778,5.88,6.53729946524064,6.5302639389313,89
"91",2008,12,7.25,18,7.86363636363636,6.28571428571429,6.33333333333333,7.58333333333333,7.08333333333333,11,7,3,6,12,1047,752,295,83,380,667,6.54515079274116,6.83031914893617,5.81821315254237,5.89638554216868,6.55381578947368,6.54021421289355,90
"92",2009,1,6.36744186046512,43,6.56969696969697,5.7,6,6.80357142857143,6.15689655172414,33,10,3,14,29,1090,785,305,86,394,696,6.53814025688073,6.81936305732484,5.81433731147541,5.9,6.56269035532995,6.52424264367816,91
"93",2009,2,5.94130434782609,46,6.49310344827586,5,5.125,5,6.27352941176471,29,17,4,12,34,1136,814,322,90,406,730,6.5139726056338,6.80773955773956,5.77134434782609,5.86555555555556,6.51650246305419,6.5125655890411,92
"94",2009,3,6.19705882352941,34,6.84615384615385,5.7952380952381,5.82857142857143,4.97777777777778,6.636,13,21,7,9,25,1170,827,343,97,415,755,6.50476314529914,6.80834340991536,5.7728072303207,5.86288659793814,6.48313253012048,6.51665282119205,93
"95",2009,4,6.75151515151515,33,7.175,6.1,5.8,6.8,6.74074074074074,20,13,5,6,27,1203,847,356,102,421,782,6.5115319035744,6.81700118063754,5.78475528089888,5.85980392156863,6.48764845605701,6.52438987212276,94
"96",2009,5,6.45333333333333,30,6.54583333333333,6.08333333333333,7,6.6875,6.36818181818182,24,6,2,8,22,1233,871,362,104,429,804,6.51011587996756,6.80952927669346,5.78970408839779,5.88173076923077,6.49137529137529,6.52011552238806,95
"97",2009,6,6,16,6.24444444444444,5.68571428571429,5,6,6,9,7,1,2,14,1249,880,369,105,431,818,6.50358116893515,6.80375,5.78773138211382,5.87333333333333,6.48909512761021,6.51121378973105,96
"98",2009,7,6.58333333333333,36,6.58571428571429,6.58,6.33333333333333,5.875,6.78571428571429,21,15,3,8,28,1285,901,384,108,439,846,6.50581547081712,6.79866814650388,5.818679375,5.88611111111111,6.47790432801822,6.52029891252955,97
"99",2009,8,6.60625,24,6.45625,6.90625,NA,7,6.5275,16,8,0,4,20,1309,917,392,108,443,866,6.50765689839572,6.79269356597601,5.84087469387755,5.88611111111111,6.48261851015801,6.52046521939954,98
"100",2009,9,6.5703125,32,6.73863636363636,6.2,5.66666666666667,6.5625,6.57142857142857,22,10,3,4,28,1341,939,402,111,447,894,6.50915203579418,6.79142705005325,5.84980815920398,5.88018018018018,6.48333333333333,6.52206138702461,99
"101",2009,10,6.775,24,7.25714285714286,6.1,6.4,6.75,6.78,14,10,5,4,20,1365,953,412,116,451,914,6.51382628571429,6.79826862539349,5.85588077669903,5.90258620689655,6.48569844789357,6.52770555798687,100
"102",2009,11,6.21904761904762,42,6.865,5.63181818181818,6.4375,5.94444444444444,6.29393939393939,20,22,8,9,33,1407,973,434,124,460,947,6.50502692253021,6.79964028776978,5.84452276497696,5.93709677419355,6.47510869565217,6.51955953537487,101
"103",2009,12,6.53064516129032,31,6.7075,6.20909090909091,7,6.5,6.5452380952381,20,11,3,10,21,1438,993,445,127,470,968,6.50557919332406,6.79778449144008,5.85353456179775,5.96220472440945,6.47563829787234,6.52011661157025,102
"104",2010,1,6.17222222222222,45,6.92173913043478,5.38863636363636,5.9,5.66666666666667,6.35606060606061,23,22,7,12,33,1483,1016,467,134,482,1001,6.49546384356035,6.8005905511811,5.83163357601713,5.9589552238806,6.4554979253112,6.51470817182817,103
"105",2010,2,6.41111111111111,27,6.99230769230769,5.87142857142857,6.23333333333333,6.22222222222222,6.50555555555556,13,14,3,9,18,1510,1029,481,137,491,1019,6.49395554966887,6.80301263362488,5.83279185031185,5.96496350364964,6.45122199592668,6.51454649656526,104
"106",2010,3,6.51538461538462,26,6.8047619047619,5.3,5.5,6.35714285714286,6.57368421052632,21,5,1,7,19,1536,1050,486,138,498,1038,6.49431828125,6.80304761904762,5.8273104526749,5.96159420289855,6.44989959839357,6.5156289788054,105
"107",2010,4,6.43030303030303,33,6.85714285714286,5.68333333333333,NA,6.9375,6.268,21,12,0,8,25,1569,1071,498,138,506,1063,6.49297188017846,6.80410830999066,5.82384112449799,5.96159420289855,6.45760869565217,6.50980515522107,106
"108",2010,5,7.071875,32,7.115,7,5.5,7.31666666666667,6.925,20,12,4,12,20,1601,1091,510,142,518,1083,6.50454271080575,6.80980751604033,5.85151545098039,5.94859154929578,6.47750965250965,6.51747265004617,107
"109",2010,6,5.896,25,6.075,5.57777777777778,5.75,5.4,6.22666666666667,16,9,4,10,15,1626,1107,519,146,528,1098,6.49518627306273,6.79918699186992,5.84676855491329,5.94315068493151,6.45710227272727,6.51349989071038,108
"110",2010,7,6.19285714285714,21,6.56785714285714,5.44285714285714,5,5.95,6.26875,14,7,1,5,16,1647,1121,526,147,533,1114,6.49133143897996,6.79629794826048,5.84139330798479,5.93673469387755,6.45234521575985,6.50998463195691,109
"111",2010,8,6.6037037037037,27,7.10952380952381,4.83333333333333,5,5.375,7.12105263157895,21,6,3,8,19,1674,1142,532,150,541,1133,6.4931438948626,6.80205779334501,5.83002421052632,5.918,6.43641404805915,6.5202320211827,110
"112",2010,9,6.34782608695652,23,6.53333333333333,6,5.5,5.8,6.5,15,8,4,5,18,1697,1157,540,154,546,1151,6.49117435474366,6.7985738980121,5.83254237037037,5.90714285714286,6.43058608058608,6.51991562119896,111
"113",2010,10,6.8952380952381,21,7.31666666666667,6.33333333333333,5.875,6.9,6.89375,12,9,4,5,16,1718,1169,549,158,551,1167,6.49611343422584,6.80389221556886,5.8407520582878,5.90632911392405,6.43484573502722,6.52504102827764,112
"114",2010,11,6.07142857142857,35,6.52272727272727,5.30769230769231,4.64285714285714,5.3,6.38,22,13,7,10,25,1753,1191,562,165,561,1192,6.48763427267541,6.79869857262804,5.82842149466192,5.85272727272727,6.41461675579323,6.52199906040269,113
"115",2010,12,6.55024390243902,41,6.93333333333333,6.00941176470588,6.28571428571429,6.225,6.6848275862069,24,17,7,12,29,1794,1215,579,172,573,1221,6.48906515050167,6.80135802469136,5.83373554404145,5.8703488372093,6.41064572425829,6.5258664045864,114
"116",2011,1,6.33205128205128,39,6.42173913043478,6.203125,5.6,6,6.44655172413793,23,16,5,10,29,1833,1238,595,177,583,1250,6.48572442989634,6.79430533117932,5.84366870588235,5.86271186440678,6.40360205831904,6.524026304,115
"117",2011,2,7.03157894736842,19,7.43076923076923,6.16666666666667,NA,7.65,6.86666666666667,13,6,0,4,15,1852,1251,601,177,587,1265,6.49132444924406,6.80091926458833,5.84689331114809,5.86271186440678,6.41209540034072,6.52808923320158,116
"118",2011,3,5.96999545454545,22,6.48665833333333,5.35,5.8,6,5.95599333333333,12,10,5,7,15,1874,1263,611,182,594,1280,6.48520425827108,6.7979334125099,5.83876085106383,5.86098901098901,6.40723905723906,6.521384984375,117
"119",2011,4,6.47777777777778,18,7.05,5.33333333333333,NA,7.5,6.35,12,6,0,2,16,1892,1275,617,182,596,1296,6.48513360465116,6.80030580392157,5.83384583468396,5.86098901098901,6.41090604026846,6.51926912037037,118
"120",2011,5,6.9,24,7.03684210526316,6.38,7,6.03333333333333,7.18888888888889,19,5,1,6,18,1916,1294,622,183,602,1314,6.49033026096033,6.80377890262751,5.8382361414791,5.8672131147541,6.40714285714286,6.52844199391172,119
"121",2011,6,6.3695652173913,23,6.73529411764706,5.33333333333333,3.5,6.5,6.33333333333333,17,6,2,5,18,1939,1311,628,185,607,1332,6.48889777204745,6.80289084668192,5.83341222929936,5.84162162162162,6.40790774299835,6.52580539039039,120
"122",2011,7,6.43333333333333,21,6.54615384615385,6.25,6,6.82,6.3125,13,8,4,5,16,1960,1324,636,189,612,1348,6.48830243877551,6.80037001510574,5.83865232704403,5.84497354497355,6.41127450980392,6.52327357566766,121
"123",2011,8,6.79411764705882,34,7.20833333333333,5.8,6,6.83333333333333,6.78571428571429,24,10,3,6,28,1994,1348,646,192,618,1376,6.49351694082247,6.8076334569733,5.83805399380805,5.84739583333333,6.41537216828479,6.52861393895349,122
"124",2011,9,7,24,7.33333333333333,6.44444444444444,5.75,7.2,6.94736842105263,15,9,4,5,19,2018,1363,655,196,623,1395,6.49954052527255,6.81341885546589,5.84638607633588,5.84540816326531,6.42166934189406,6.53431740501792,123
"125",2011,10,6.15217391304348,23,5.9125,6.7,6,5.88,6.22777777777778,16,7,1,5,18,2041,1379,662,197,628,1413,6.49562605585497,6.80296584481509,5.85541220543807,5.84619289340102,6.41735668789809,6.53041244161359,124
"126",2011,11,6.17241379310345,29,6.4375,5.84615384615385,5.83333333333333,6.64285714285714,6.02272727272727,16,13,3,7,22,2070,1395,675,200,635,1435,6.49109796135266,6.7987741218638,5.8552338962963,5.846,6.41984251968504,6.52262911498258,125
"127",2011,12,6.2578947368421,19,6.83846153846154,5,6,6.62857142857143,6.04166666666667,13,6,1,7,12,2089,1408,681,201,642,1447,6.48897691718526,6.79914055397728,5.8476987958884,5.84676616915423,6.4221183800623,6.5186404837595,126
"128",2012,1,6.24787234042553,47,6.7375,5.52631578947368,5.91666666666667,6.08333333333333,6.28684210526316,28,19,6,9,38,2136,1436,700,207,651,1485,6.48367171348315,6.79793864902507,5.83897554285714,5.8487922705314,6.41743471582181,6.51270894276094,127
"129",2012,2,5.96896551724138,29,6.375,5.46923076923077,5,5.75,6.02608695652174,16,13,3,6,23,2165,1452,713,210,657,1508,6.47677726558891,6.79327816804408,5.83223405329593,5.83666666666667,6.41133942161339,6.50528698938992,128
"130",2012,3,6.65740740740741,27,6.80769230769231,6.51785714285714,6.5,6.83333333333333,6.63541666666667,13,14,7,3,24,2192,1465,727,217,660,1532,6.47900218065693,6.79340607508533,5.84543724896836,5.85806451612903,6.41325757575757,6.50732557441253,129
"131",2012,4,6.57083333333333,24,6.68823529411765,6.28571428571429,6.66666666666667,5,6.71363636363636,17,7,3,2,22,2216,1482,734,220,662,1554,6.47999674187726,6.79219966261809,5.84963607629428,5.86909090909091,6.40898791540785,6.51024631917632,130
"132",2012,5,6.55962962962963,27,6.828125,6.16909090909091,6,6.29166666666667,6.63619047619048,16,11,1,6,21,2243,1498,745,221,668,1575,6.48095531876951,6.79258337783712,5.8543528590604,5.86968325791855,6.40793413173653,6.51192557460318,131
"133",2012,6,6.36666666666667,15,6.16666666666667,6.66666666666667,NA,2.5,6.64285714285714,9,6,0,1,14,2258,1507,751,221,669,1589,6.4801960938884,6.78884532183146,5.86084271637816,5.86968325791855,6.40209267563528,6.51307915670233,132
"134",2012,7,7.26714285714286,21,7.68461538461538,6.58875,5.5,7.5,7.174,13,8,2,6,15,2279,1520,759,223,675,1604,6.4874474681878,6.7965065131579,5.86851499341238,5.86636771300449,6.41185185185185,6.51925983790524,133
"135",2012,8,6.16666666666667,21,6.26666666666667,5.91666666666667,NA,4.66666666666667,6.41666666666667,15,6,0,3,18,2300,1535,765,223,678,1622,6.4845186,6.79132892508144,5.86889265359477,5.86636771300449,6.40412979351032,6.51812131935882,134
"136",2012,9,6.66666666666667,21,6.95833333333333,6.27777777777778,5.875,6.58333333333333,6.7,12,9,4,6,15,2321,1547,774,227,684,1637,6.48616664368807,6.7926243697479,5.87364713178295,5.86651982378855,6.40570175438596,6.51978789248626,135
"137",2012,10,6.25,36,6.80952380952381,5.46666666666667,5.75,6.41666666666667,6.16666666666667,21,15,4,12,24,2357,1568,789,231,696,1661,6.48255951633432,6.79285070153061,5.86590986058302,5.86450216450217,6.4058908045977,6.51468559903673,136
"138",2012,11,6.15357142857143,28,6.59473684210526,5.22222222222222,6.66666666666667,6.5625,5.99,19,9,3,8,20,2385,1587,798,234,704,1681,6.47869718238994,6.79047882797732,5.85865022556391,5.87478632478633,6.40767045454545,6.50844305770375,137
"139",2012,12,6.1969696969697,33,6.5,5.59090909090909,6,5.625,6.38,22,11,3,8,25,2418,1609,809,237,712,1706,6.47485226633582,6.78650708514605,5.85500974042027,5.87637130801688,6.39887640449438,6.50656083235639,138
"140",2013,1,6.32647058823529,34,6.404,6.11111111111111,5.88333333333333,6.68333333333333,6.25,25,9,6,6,28,2452,1634,818,243,718,1734,6.47279477161501,6.78065477356181,5.85782748166259,5.87654320987654,6.40125348189415,6.50241798154556,139
"141",2013,2,5.96428571428571,28,6.38888888888889,5.2,2,4.1,6.3695652173913,18,10,1,5,23,2480,1652,828,244,723,1757,6.46705354032258,6.77638613801453,5.84988270531401,5.86065573770492,6.38533886583679,6.50067887307911,140
"142",2013,3,6.64230769230769,26,6.885,5.83333333333333,4.66666666666667,5.5,6.85,20,6,3,4,22,2506,1672,834,247,727,1779,6.46887181963288,6.77768534688995,5.84976364508393,5.84615384615385,6.38046767537827,6.50499875210793,141
"143",2013,4,6.18333333333333,18,6.55333333333333,4.33333333333333,5,6.125,6.2,15,3,1,4,14,2524,1687,837,248,731,1793,6.46683549128368,6.77569051570836,5.84432841099164,5.84274193548387,6.37906976744186,6.50261727830452,142
"144",2013,5,6.19642857142857,28,6.55882352941176,5.63636363636364,5.5,5.75,6.27083333333333,17,11,2,4,24,2552,1704,848,250,735,1817,6.46386864420063,6.77352693661972,5.84163075471698,5.84,6.3756462585034,6.49955574023115,143
"145",2013,6,6.96632653061225,49,7.27727272727273,6.325,6.8,6.5,7.05731707317073,33,16,4,8,41,2601,1737,864,254,743,1858,6.47333440215302,6.78309723661485,5.85058203703704,5.85511811023622,6.37698519515478,6.51186371367062,144
"146",2013,7,6.64655172413793,58,6.7675,6.37777777777778,7.2,6.60714285714286,6.65909090909091,40,18,5,14,44,2659,1777,882,259,757,1902,6.47711274163219,6.78274614518852,5.86134113378685,5.88108108108108,6.38124174372523,6.51526960042061,145
"147",2013,8,6.60217391304348,46,6.69705882352941,6.33333333333333,6.4,6.33333333333333,6.6425,34,12,5,6,40,2705,1811,894,264,763,1942,6.47923947504621,6.78113743787963,5.86767659955257,5.89090909090909,6.38086500655308,6.51789020597323,146
"148",2013,9,6.33168722222222,54,6.759375,5.70959590909091,5.66239307692308,6.78181818181818,6.21653744186047,32,22,13,11,43,2759,1843,916,277,774,1985,6.47635153678869,6.780759576777,5.86387990174672,5.88018451263538,6.38656330749354,6.51136216120907,147
"149",2013,10,6.30847457627119,59,6.96666666666667,5.025,6,5.9375,6.44651162790698,39,20,7,16,43,2818,1882,936,284,790,2028,6.4728367246274,6.78461206163656,5.84595511752137,5.88313771126761,6.37746835443038,6.50998712524655,148
"150",2013,11,7.0622641509434,53,7.46153846153846,5.95,6.38333333333333,7.21428571428571,7.03913043478261,39,14,6,7,46,2871,1921,950,290,797,2074,6.48371783002438,6.79835497136908,5.84748841052632,5.8934865862069,6.38481806775408,6.52172318707811,149
"151",2013,12,6.88,65,7.19333333333333,6.175,5.57142857142857,6.22307692307692,7.04423076923077,45,20,7,13,52,2936,1966,970,297,810,2126,6.49249110694823,6.80739567650051,5.85424122680412,5.88589599326599,6.38222222222222,6.53450324082785,150
"152",2014,1,6.83125,80,7.03474576271186,6.25952380952381,6.125,6.92941176470588,6.8047619047619,59,21,12,17,63,3016,2025,991,309,827,2189,6.50147675397878,6.81401970370371,5.86282945509586,5.89518158576052,6.39347037484885,6.54228135678392,151
"153",2014,2,6.7609375,64,7.13255813953488,6,6.19230769230769,7.12857142857143,6.71578947368421,43,21,13,7,57,3080,2068,1012,322,834,2246,6.5068681461039,6.82064308510639,5.86567587944664,5.90717736024845,6.39964028776978,6.5466847239537,152
"154",2014,3,6.37280701754386,57,6.66891891891892,5.825,6.32857142857143,6.20909090909091,6.41195652173913,37,20,7,11,46,3137,2105,1032,329,845,2292,6.50443222505579,6.81797619952494,5.8648875872093,5.91614319148936,6.39715976331361,6.5439807547993,153
"155",2014,4,6.64666666666667,60,7.17222222222222,5.85833333333333,6.1375,5.57142857142857,6.78867924528302,36,24,8,7,53,3197,2141,1056,337,852,2345,6.50710162339693,6.82393269500234,5.86473862689394,5.92139795252225,6.39037558685446,6.54951125373135,154
"156",2014,5,6.66779661016949,59,6.89090909090909,6.38461538461539,6.66666666666667,5.89285714285714,6.90888888888889,33,26,9,14,45,3256,2174,1082,346,866,2390,6.51001347972973,6.82494935602576,5.87723104436229,5.94078355491329,6.38233256351039,6.55627777824268,155
"157",2014,6,6.44485714285714,70,6.64636363636364,6.10384615384615,6.2375,5.95454545454545,6.53627118644068,44,26,8,11,59,3326,2218,1108,354,877,2449,6.50864217979555,6.82140662759243,5.88254872743682,5.94748901129944,6.3769669327252,6.55579579011842,156
"158",2014,7,6.7,49,6.9875,6.15882352941177,5.25,5.9,6.79090909090909,32,17,8,5,44,3375,2250,1125,362,882,2493,6.51142041185185,6.82376884444445,5.88672354666667,5.93207488950276,6.37426303854875,6.55994540312876,157
"159",2014,8,6.75223880597015,67,6.9,6.4875,6.5,6.22727272727273,6.85535714285714,43,24,6,11,56,3442,2293,1149,368,893,2549,6.51610804474143,6.82519838639337,5.89927240208877,5.94133453804348,6.37245240761478,6.56643542173402,158
"160",2014,9,6.71969696969697,66,7.43421052631579,5.75,6.45454545454545,6,6.86363636363636,38,28,11,11,55,3508,2331,1177,379,904,2604,6.51993839509692,6.83512651222652,5.89572131690739,5.95622984168865,6.3679203539823,6.57271270737327,159
"161",2014,10,6.31551724137931,58,6.68484848484848,5.828,5.79166666666667,6.11538461538462,6.37333333333333,33,25,12,13,45,3566,2364,1202,391,917,2649,6.51661354178351,6.83302872250423,5.89431280366057,5.95117930946292,6.36434023991276,6.56932574178936,160
"162",2014,11,6.31846153846154,65,6.8051282051282,5.58846153846154,4.58333333333333,6.16666666666667,6.34285714285714,39,26,6,9,56,3631,2403,1228,397,926,2705,6.51306634260534,6.8325759051186,5.88783712540717,5.93050657430731,6.36241900647948,6.56463729759704,161
"163",2014,12,6.44,65,6.7,5.76111111111111,5.34,6.74666666666667,6.348,47,18,5,15,50,3696,2450,1246,402,941,2755,6.51178135551948,6.8300326122449,5.88600641252006,5.92316196517413,6.36854410201913,6.5607055862069,162
"164",2015,1,6.43073394495413,109,6.71363636363636,5.75,5.26111111111111,6.16666666666667,6.46340206185567,77,32,18,12,97,3805,2527,1278,420,953,2852,6.50945962943495,6.8264859121488,5.88260093114241,5.89478835714286,6.36600209863589,6.55739617461431,163
"165",2015,2,6.57272727272727,66,7.11219512195122,5.688,5.59090909090909,6.63636363636364,6.56,41,25,11,11,55,3871,2568,1303,431,964,2907,6.51053833376389,6.83104746884735,5.87886722179586,5.88703273781903,6.36908713692946,6.55744543859649,164
"166",2015,3,6.49452054794521,73,6.91836734693878,5.62916666666667,5.48,6.38888888888889,6.509375,49,24,10,9,64,3944,2617,1327,441,973,2971,6.51024185851927,6.83268242262132,5.87435116051243,5.87780297052154,6.36927029804728,6.55640992595086,165
"167",2015,4,6.33548387096774,62,6.4304347826087,6.0625,5.6,6.16666666666667,6.376,46,16,5,12,50,4006,2663,1343,446,985,3021,6.50753716674987,6.82573409688322,5.87659269545793,5.87468858744395,6.36680203045685,6.55342399536577,166
"168",2015,5,6.36666666666667,48,6.52,5.95384615384615,6,6.01,6.46052631578947,35,13,3,10,38,4054,2698,1356,449,995,3059,6.50586923778984,6.82176793921424,5.8773333259587,5.87552585746102,6.36321608040201,6.55226998692383,167
"169",2015,6,6.378,50,6.89677419354839,5.53157894736842,5.36666666666667,6.43333333333333,6.36052631578947,31,19,9,12,38,4104,2729,1375,458,1007,3097,6.50431137670565,6.82261997068523,5.87255562909091,5.86552644104803,6.36405163853029,6.54991730384243,168
"170",2015,7,6.55377358490566,53,6.93,6.06304347826087,6.1,7.02222222222222,6.45795454545455,30,23,10,9,44,4157,2759,1398,468,1016,3141,6.50494199903777,6.82378756795941,5.87568954935622,5.87053655982906,6.36988188976378,6.54862906399236,169
"171",2015,8,6.34285714285714,70,6.55434782608696,5.9375,6,6.125,6.37096774193548,46,24,6,8,62,4227,2805,1422,474,1024,3203,6.5022578400757,6.8193689483066,5.87673276371308,5.87217533755274,6.36796875,6.54519009990634,170
"172",2015,9,6.71668181818182,66,6.84405405405405,6.5541724137931,6.471375,6.79583333333333,6.69909259259259,37,29,8,12,54,4293,2842,1451,482,1036,3257,6.50555436524575,6.8196903237157,5.8902722191592,5.88212056016598,6.37292471042471,6.54774175314707,171
"173",2015,10,6.51176470588235,68,6.798,5.71666666666667,5.5,6.6875,6.45769230769231,50,18,3,16,52,4361,2892,1469,485,1052,3309,6.50565120155927,6.81931531811895,5.88814498978897,5.87975692783505,6.37770912547528,6.54632665155636,172
"174",2015,11,6.07826086956522,69,6.5195652173913,5.19565217391304,4.9375,5.61111111111111,6.14833333333333,46,23,8,9,60,4430,2938,1492,493,1061,3369,6.49899433182844,6.81462215793057,5.87746983243968,5.8644667545639,6.37120640904807,6.539238613832,173
"175",2015,12,6.2077380952381,84,6.45,5.79354838709677,5.78181818181818,5.96875,6.26397058823529,53,31,11,16,68,4514,2991,1523,504,1077,3437,6.4935744107222,6.80816111668339,5.87576164806303,5.86266291666667,6.36522748375116,6.53379251963922,174
"176",2016,1,6.32701149425287,87,6.49913793103448,5.98275862068965,5.80769230769231,6.16428571428571,6.35821917808219,58,29,13,14,73,4601,3049,1552,517,1091,3510,6.49042488372093,6.80228268284684,5.87776094716495,5.86128067698259,6.36264894592117,6.530140994302,175
"177",2016,2,6.27818181818182,55,6.45121951219512,5.77142857142857,6,6.36363636363636,6.25681818181818,41,14,5,11,44,4656,3090,1566,522,1102,3554,6.4879177169244,6.7976245631068,5.87681033844189,5.86260940613027,6.36265880217786,6.52675714406303,176
"178",2016,3,6.28970588235294,68,6.59487179487179,5.87931034482759,5.71428571428571,5.96666666666667,6.32096774193548,39,29,7,6,62,4724,3129,1595,529,1108,3616,6.48506454064352,6.79509744327261,5.87685579310345,5.86064671077505,6.36051444043321,6.52322867533186,177
"179",2016,4,6.3268085106383,47,7.00740740740741,5.408,5.895,6.48888888888889,6.28842105263158,27,20,8,9,38,4771,3156,1615,537,1117,3654,6.48350553133515,6.79691378326997,5.87104952941176,5.86115849162011,6.36154879140555,6.52078677887247,178
"180",2016,5,6.45483870967742,62,6.81395348837209,5.64210526315789,6.71428571428571,6.625,6.42962962962963,43,19,7,8,54,4833,3199,1634,544,1125,3708,6.48313777984689,6.79714282588309,5.86838738678091,5.87213623161765,6.36342222222222,6.51945924757282,179
"181",2016,6,6.2,65,6.59302325581395,5.43181818181818,5.22727272727273,6.7,6.10909090909091,43,22,11,10,55,4898,3242,1656,555,1135,3763,6.47938033687219,6.79443550277607,5.86258755434783,5.85935515315315,6.36638766519824,6.51346130480999,180
"182",2016,7,6.09154929577465,71,6.40476190476191,5.63793103448276,5.5,5.14285714285714,6.1953125,42,29,9,7,64,4969,3284,1685,564,1142,3827,6.47383877842624,6.78945185749087,5.85872106231454,5.85362076241135,6.35888791593695,6.50814081264698,181
"183",2016,8,6.56942028985507,69,6.81148936170213,6.05227272727273,5.88888888888889,6.875,6.55061538461538,47,22,9,4,65,5038,3331,1707,573,1146,3892,6.47514785430727,6.78976280396278,5.86121557703574,5.85417471204188,6.36068935427574,6.50885017728674,182
"184",2016,9,6.23,60,6.3906976744186,5.82352941176471,5.75,6.25,6.226,43,17,4,10,50,5098,3374,1724,577,1156,3942,6.47226263044331,6.78467691167754,5.86084396171694,5.85345253032929,6.35973183391003,6.50526252917301,183
"185",2016,10,6.11184210526316,76,6.49019607843137,5.34,4.9375,5.44117647058824,6.30508474576271,51,25,8,17,59,5174,3425,1749,585,1173,4001,6.46696847506765,6.78029194160584,5.85339907947399,5.84092668376068,6.34641943734015,6.50231064483879,184
"186",2016,11,6.51578947368421,57,6.91951219512195,5.48125,5.14285714285714,6.5,6.51764705882353,41,16,7,6,51,5231,3466,1765,592,1179,4052,6.46750045689161,6.78193880553953,5.85002549008499,5.83267248310811,6.3472010178117,6.50250367472853,185
"187",2016,12,6.07153846153846,65,6.36630434782609,5.35789473684211,5.2,6.64285714285714,6.00258620689655,46,19,5,7,58,5296,3512,1784,597,1186,4110,6.46264065143505,6.77649484624146,5.84478418721973,5.82737371859296,6.34894603709949,6.4954488783455,186
"188",2017,1,5.96024096385542,83,6.18090909090909,5.52678571428571,5.36111111111111,5.86111111111111,5.9722972972973,55,28,9,9,74,5379,3567,1812,606,1195,4184,6.45488843465328,6.76731143818335,5.83987030353201,5.82044902640264,6.3452719665272,6.48619619741874,187
"189",2017,2,6.75272727272727,55,7.055,5.94666666666667,6.125,6.82,6.746,40,15,4,5,50,5434,3607,1827,610,1200,4234,6.45790299779168,6.7705017743277,5.84074712096333,5.82244608196721,6.34725,6.48926426310817,188
"190",2017,3,6.6683606557377,61,7.01146341463415,5.965,5.4125,7.16333333333333,6.58269230769231,41,20,8,9,52,5495,3648,1847,618,1209,4286,6.46023928844404,6.7732099506579,5.84209257715214,5.81713933656958,6.35332506203474,6.49039778114793,189
"191",2017,4,6.44209677419355,62,6.5525,6.17222222222222,6.21428571428571,6.75125,6.3962962962963,44,18,7,8,54,5557,3692,1865,625,1217,4340,6.46003687061364,6.77057960455038,5.8452788150134,5.821587376,6.35594083812654,6.48922693317973,190
"192",2017,5,6.432,50,6.47096774193548,6.36842105263158,6.35714285714286,6.775,6.40217391304348,31,19,7,4,46,5607,3723,1884,632,1221,4386,6.45978685393259,6.76808485092667,5.8505546656051,5.8275191613924,6.35731367731368,6.48831392840857,191
"193",2017,6,6.68448275862069,58,7.0780487804878,5.73529411764706,5.57142857142857,6.16666666666667,6.74423076923077,41,17,7,6,52,5665,3764,1901,639,1227,4438,6.4620873592233,6.77146118490967,5.84952392951078,5.82471378716745,6.35638141809291,6.4913125033799,192
"194",2017,7,6.49327272727273,55,6.81102564102564,5.71875,5.8,5.28,6.6146,39,16,10,5,50,5720,3803,1917,649,1232,4488,6.46238721853147,6.77186692085196,5.84843244131455,5.82433298921418,6.35201298701299,6.4926860271836,193
"195",2017,8,6.07547169811321,53,6.67647058823529,5,4.44444444444444,5.4375,6.18888888888889,34,19,9,8,45,5773,3837,1936,658,1240,4533,6.45883507535077,6.77102160542091,5.84010588326446,5.8054591337386,6.3461129032258,6.48967017207148,194
"196",2017,9,6.40555555555556,54,6.60810810810811,5.96470588235294,5.98,7.15714285714286,6.2936170212766,37,17,5,7,47,5827,3874,1953,663,1247,4580,6.45834132315085,6.76946564274652,5.84119047107015,5.80677542986425,6.35066559743384,6.48765827292577,195
"197",2017,10,6.28301886792453,53,6.74166666666667,5.31176470588235,5,7,6.20833333333333,36,17,6,5,48,5880,3910,1970,669,1252,4628,6.45676103571429,6.76920969309463,5.83662182233503,5.79953977578475,6.35325878594249,6.48476121218669,196
"198",2017,11,6.34823529411765,68,6.65583333333333,5.61,5.4375,6.35714285714286,6.3472131147541,48,20,8,7,61,5948,3958,1990,677,1259,4689,6.45552032447882,6.76783473976756,5.8343442160804,5.79526161004431,6.35328038125496,6.48297182554916,197
"199",2017,12,6.43490566037736,53,6.71153846153846,5.66428571428571,6.15,6.875,6.39897959183673,39,14,2,4,49,6001,3997,2004,679,1263,4738,6.45533825862356,6.76728543907931,5.83315618263473,5.79630649484536,6.35493269992082,6.48210318488814,198
"200",2018,1,6.525,84,6.97868852459016,5.32173913043478,5.97142857142857,6.82307692307692,6.47042253521127,61,23,7,13,71,6085,4058,2027,686,1276,4809,6.45629989975349,6.77046325776245,5.82735322644302,5.7980934548105,6.35970219435737,6.48193073196091,199
"201",2018,2,6.30357142857143,56,6.82432432432432,5.28947368421053,5.83333333333333,7.31666666666667,6.182,37,19,6,6,50,6141,4095,2046,692,1282,4859,6.45490716332845,6.77094991452992,5.82235825513196,5.79839900289017,6.36418096723869,6.47884438979214,200
"202",2018,3,6.5375,56,6.88947368421053,5.79444444444444,5.75714285714286,6.16666666666667,6.582,38,18,7,6,50,6197,4133,2064,699,1288,4909,6.45565352428595,6.77203965642391,5.82211482073643,5.79798585121602,6.36326086956522,6.47989506824201,201
"203",2018,4,6.56041666666667,48,6.96,5.48461538461538,5.2,6.44444444444444,6.58717948717949,35,13,5,9,39,6245,4168,2077,704,1297,4948,6.45645874939952,6.77361801823417,5.82000240250361,5.79373879261364,6.36382420971472,6.48074068108327,202
"204",2018,5,6.27515151515152,33,6.47181818181818,5.88181818181818,6.75,6.38571428571429,6.24538461538462,22,11,4,7,26,6278,4190,2088,708,1304,4974,6.45550571678879,6.77203338902148,5.82032806034483,5.79914139830509,6.36394171779141,6.47951043224769,203
"205",2018,6,6.45755102040816,49,6.7625,5.88352941176471,6.1275,6.80909090909091,6.35578947368421,32,17,8,11,38,6327,4222,2105,716,1315,5012,6.45552155681998,6.77196113216485,5.82083847505938,5.80281020949721,6.36766539923954,6.47857240422985,204
"206",2018,7,6.31144787878788,33,6.8511112,4.625,4,6.75,6.21399185185185,25,8,2,6,27,6360,4247,2113,718,1321,5039,6.45477400471698,6.77242704968213,5.8163109275911,5.797788454039,6.3694019682059,6.4771547271284,205
"207",2018,8,6.56,55,7.17142857142857,5.49,5.66666666666667,6.375,6.59148936170213,35,20,3,8,47,6415,4282,2133,721,1329,5086,6.45567617614965,6.77568838860346,5.81325128457571,5.79724287101248,6.36943566591422,6.47821129964609,206
"208",2018,9,6.50238095238095,42,6.66363636363636,5.91111111111111,5.6,5.625,6.70882352941176,33,9,5,8,34,6457,4315,2142,726,1337,5120,6.45597997057457,6.7748314438007,5.81366246031746,5.79588444903581,6.36498130142109,6.47974270898438,207
"209",2018,10,6.11186440677966,59,6.55263157894737,5.31428571428571,5.25,6.44444444444444,6.052,38,21,8,9,50,6516,4353,2163,734,1346,5170,6.45286412983425,6.77289172524696,5.80881414239482,5.78993475476839,6.36551263001486,6.47560593230174,208
"210",2018,11,6.17192307692308,52,6.508,5.71363636363636,5.42727272727273,5.25,6.29217391304348,30,22,11,6,46,6568,4383,2185,745,1352,5216,6.45063987058465,6.77107864020078,5.80785583066362,5.78458001342282,6.36056213017751,6.47398824194785,209
"211",2018,12,6.08461538461538,52,6.5,5.47142857142857,5.17272727272727,7.48333333333333,5.90217391304348,31,21,11,6,46,6620,4414,2206,756,1358,5262,6.44776475377644,6.76917482555506,5.80465321396192,5.77567739417989,6.36552282768777,6.4689894849867,210
"212",2019,1,6.19166666666667,60,6.7,5.42916666666667,5.33333333333333,6.375,6.16346153846154,36,24,9,8,52,6680,4450,2230,765,1366,5314,6.44546447155689,6.76861520898877,5.80061210313901,5.77047334640523,6.36557833089312,6.46599974971773,211
"213",2019,2,6.51627906976744,43,6.63793103448276,6.26428571428571,5.78333333333333,5.125,6.65897435897436,29,14,6,4,39,6723,4479,2244,771,1370,5353,6.44591739848282,6.7677690734539,5.80350489750445,5.77057342412451,6.36195620437956,6.46740569213525,212
"214",2019,3,6.0097619047619,42,6.14928571428571,5.73071428571429,5,5.5,6.09472222222222,28,14,1,6,36,6765,4507,2258,772,1376,5389,6.44320955949741,6.76392670956291,5.80305358281665,5.76957527202073,6.3581976744186,6.46491606420486,213
"215",2019,4,6.15555555555556,54,6.59,5.6125,5.35714285714286,6.22222222222222,6.14222222222222,30,24,7,9,45,6819,4537,2282,779,1385,5434,6.44093161313976,6.76277665417677,5.80104951358457,5.76586920410783,6.35731407942238,6.46224377438351,214
"216",2019,5,6.06578947368421,38,6.38461538461539,5.375,5.625,5.41666666666667,6.1875,26,12,4,6,32,6857,4563,2294,783,1391,5466,6.43885265713869,6.76062188910805,5.7988208326068,5.76514956577267,6.35325664989216,6.46063532199049,215
"217",2019,6,6.03085106382979,47,6.475,5.24705882352941,4.625,5.56818181818182,6.17222222222222,30,17,8,11,36,6904,4593,2311,791,1402,5502,6.43607512601391,6.75875629871544,5.7947620034617,5.75361834386852,6.3470970042796,6.45874821337696,216
"218",2019,7,6.11064516129032,31,6.85454545454545,4.29222222222222,4.355,4.96142857142857,6.44583333333333,22,9,6,7,24,6935,4615,2320,797,1409,5526,6.43462042826244,6.75921293174432,5.78893318534483,5.74308922208281,6.34021291696238,6.45869212269273,217
"219",2019,8,6.32777777777778,45,6.4859375,5.93846153846154,4.9,6.525,6.30853658536585,32,13,5,4,41,6980,4647,2333,802,1413,5567,6.43393161461318,6.75733111254573,5.78976639091299,5.73783305486284,6.34073602264685,6.45758625291899,218
"220",2019,9,5.85185194444444,36,6.25277791666667,5.05,5.51666666666667,6.33333333333333,5.75555566666667,24,12,6,6,30,7016,4671,2345,808,1419,5597,6.43094488882554,6.75473867480197,5.78598080597015,5.73619073019802,6.34070472163495,6.45382335894229,219
"221",2019,10,6.35384615384615,39,6.7125,5.78,5.875,6.54285714285714,6.3125,24,15,4,7,32,7055,4695,2360,812,1426,5629,6.43051868745571,6.75452275825347,5.78594279237288,5.73687451970443,6.34169705469845,6.45301995736365,220
"222",2019,11,6.28888888888889,45,6.47058823529412,5.72727272727273,5.4,6.6875,6.2027027027027,34,11,5,8,37,7100,4729,2371,817,1434,5666,6.42962103380282,6.7524813596955,5.78567059890342,5.73481286413709,6.34362622036262,6.45138534062831,221
"223",2019,12,6.28571428571429,63,6.44571428571429,6.08571428571429,6.8,6.8,6.04651162790698,35,28,5,20,43,7163,4764,2399,822,1454,5709,6.42835534552562,6.75022761335013,5.78917256773656,5.74129210462287,6.34990371389271,6.44833584515677,222
"224",2020,1,6.34141176470588,85,6.64938775510204,5.92222222222222,5,6.04545454545455,6.38540540540541,49,36,7,11,74,7248,4813,2435,829,1465,5783,6.42733572571744,6.74920098691046,5.79113962628337,5.73503270205066,6.34761774744027,6.44753057928411,223
"225",2020,2,5.984,50,6.25882352941176,5.4,5.44,6.8,5.91304347826087,34,16,5,4,46,7298,4847,2451,834,1469,5829,6.42429834749246,6.74576116154323,5.7885862872297,5.73326392086331,6.34884955752212,6.4433126333848,224
"226",2020,3,6.25525462962963,54,6.45483552631579,5.78125,6,5.90625,6.40220394736842,38,16,4,16,38,7352,4885,2467,838,1485,5867,6.42305673150163,6.74349807574207,5.78853870693149,5.73453712410501,6.34408080808081,6.44304637634225,225
"227",2020,4,5.74461538461538,52,6.11405405405405,4.83333333333333,5.4375,5.5,5.84378378378378,37,15,8,15,37,7404,4922,2482,846,1500,5904,6.41829188141545,6.73876637545713,5.782765910556,5.73172826241135,6.33564,6.4392908350271,226
"228",2020,5,6.47578358974359,39,6.58243741935484,6.0625,6,6.08333333333333,6.54713818181818,31,8,1,6,33,7443,4953,2490,847,1506,5937,6.41859312777106,6.73778793862306,5.78366465461847,5.73204499409681,6.33463479415671,6.43989028970861,227
"229",2020,6,6.43125,32,6.49166666666667,6.25,5,8.3,6.30666666666667,24,8,2,2,30,7475,4977,2498,849,1508,5967,6.41864731103679,6.73660109704642,5.785158122498,5.73032050647821,6.33724137931034,6.43922048768225,228
"230",2020,7,6.365625,32,6.98636363636364,5,5.66666666666667,6.05,6.50909090909091,22,10,3,10,22,7507,4999,2508,852,1518,5989,6.41842129345944,6.73770027205441,5.78202750797448,5.73009637323944,6.33534914361001,6.43947714977459,229
"231",2020,8,6.40869565217391,46,6.8,5.94285714285714,4.88888888888889,6.81666666666667,6.26470588235294,25,21,9,12,34,7553,5024,2529,861,1530,6023,6.41836206143254,6.73801028264332,5.78336298536971,5.72130326364692,6.33912418300653,6.43849056118214,230
"232",2020,9,6.09189189189189,37,6.64782608695652,5.17857142857143,5,6.675,5.93103448275862,23,14,3,8,29,7590,5047,2543,864,1538,6052,6.41677057312253,6.73759929859323,5.78003342115611,5.71879873842593,6.34087126137841,6.43605893093192,231
"233",2020,10,6.08333333333333,36,6.05769230769231,6.15,6,6.66666666666667,5.96666666666667,26,10,2,6,30,7626,5073,2553,866,1544,6082,6.41519651848938,6.7341146579933,5.78148256560909,5.71944816397229,6.34213730569948,6.43374361229859,232
"234",2020,11,6.71111111111111,54,7.21351351351351,5.61764705882353,4.66666666666667,6.61111111111111,6.73111111111111,37,17,3,9,45,7680,5110,2570,869,1553,6127,6.41727716796875,6.73758584344423,5.78039882879377,5.71581370540852,6.34369607211848,6.4359276399543,233
"235",2020,12,6.122,55,6.28655172413793,5.93846153846154,5.21,6.52142857142857,5.98560975609756,29,26,10,14,41,7735,5139,2596,879,1567,6168,6.41517758888171,6.7350406032302,5.78198189137134,5.71005928327645,6.34528398213146,6.43293428177691,234
"236",2021,1,6.34,55,6.49767441860465,5.775,5.83333333333333,5.85714285714286,6.41041666666667,43,12,3,7,48,7790,5182,2608,882,1574,6216,6.41464681001284,6.73307094944037,5.78194976610429,5.71047858276644,6.34311308767471,6.43276040057915,235
"237",2021,2,6.35789473684211,38,6.57666666666667,5.5375,5.25,5.18333333333333,6.578125,30,8,4,6,32,7828,5212,2616,886,1580,6248,6.41437131451201,6.73217069455104,5.78120221330275,5.70839967268623,6.33870886075949,6.43350490556978,236
"238",2021,3,6.34769444444444,36,6.529875,5.98333333333333,6.33333333333333,6.25425,6.359375,24,12,3,4,32,7864,5236,2628,889,1584,6280,6.41406607960326,6.73124344155845,5.78212518645357,5.71050856017998,6.33849558080808,6.43312717356688,237
"239",2021,4,5.61428571428571,28,6.07058823529412,4.90909090909091,5.66666666666667,6.2125,5.375,17,11,6,8,20,7892,5253,2639,895,1592,6300,6.41122854156107,6.72910539881973,5.77848616521409,5.71021464804469,6.33786243718593,6.42976803968254,238
"240",2021,5,6.25,34,6.66666666666667,5.25,7,6.96,6.12758620689655,24,10,2,5,29,7926,5277,2649,897,1597,6329,6.41053692278577,6.72882142505212,5.77649112495281,5.71309042363434,6.33981026925485,6.42838341760152,239
"241",2021,6,6.28292682926829,41,6.73461538461538,5.5,6,6.6,6.18064516129032,26,15,1,10,31,7967,5303,2664,898,1607,6360,6.40988021212502,6.72884983217047,5.77493430555555,5.713409922049,6.34142937149969,6.42717588836478,240
"242",2021,7,5.72,25,6.03571428571429,5.31818181818182,5.5,5.75,5.71428571428571,14,11,4,4,21,7992,5317,2675,902,1611,6381,6.40772217842843,6.72702476208389,5.77305607102803,5.71246353658537,6.33996089385475,6.42482975238991,241
"243",2021,8,5.92941176470588,34,6.5,5.20666666666667,5.5,7.25,5.846875,19,15,3,2,32,8026,5336,2690,905,1613,6413,6.4056959444306,6.72621639055473,5.76989776579925,5.71175923756906,6.34108927464352,6.42194583658194,242
"244",2021,9,5.95833333333333,36,5.95833333333333,5.95833333333333,5.25,6.1,5.93548387096774,24,12,4,5,31,8062,5360,2702,909,1618,6444,6.40369829446787,6.72277810820896,5.77073463730569,5.70972729372937,6.34034425216316,6.41960562538796,243
"245",2021,10,6.2337635483871,31,6.27777777777778,5.9366675,5,6.33333333333333,6.22309535714286,27,4,2,3,28,8093,5387,2706,911,1621,6472,6.40304736438898,6.72054773714498,5.77097991869918,5.70816916575192,6.34033127698951,6.41875545735476,244
"246",2021,11,6.29210526315789,38,6.34285714285714,6.22941176470588,6,5.6875,6.45333333333333,21,17,1,8,30,8131,5408,2723,912,1629,6502,6.40252887959661,6.71908111316568,5.77384196107234,5.70848915570175,6.33712523020258,6.41891499846201,245
"247",2021,12,5.82352941176471,51,6.10344827586207,5.45454545454545,4.25,6.25,5.78723404255319,29,22,4,4,47,8182,5437,2745,916,1633,6549,6.39891986311415,6.71579743608608,5.77128293624772,5.70212020742358,6.33691181873852,6.41438163383723,246
"248",2022,1,6.0978313253012,83,6.34142857142857,5.59259259259259,5,6.25,6.04952380952381,56,27,5,20,63,8265,5493,2772,921,1653,6612,6.39589622746522,6.71198082286547,5.76954244588744,5.69830847991314,6.33586025408348,6.41090522081065,247
"249",2022,2,6.24146341463415,41,6.66206896551724,5.225,5,4.85,6.48,29,12,2,6,35,8306,5522,2784,923,1659,6647,6.39513391764989,6.71171869974647,5.76719528017241,5.69679535211268,6.33048643761302,6.41126904167294,248
"250",2022,3,6.12857142857143,35,6.40384615384615,5.33333333333333,5.75,6.66666666666667,6.078125,26,9,2,3,32,8341,5548,2793,925,1662,6679,6.39401538424649,6.71027589401586,5.76579722878625,5.69691038918919,6.33109326113116,6.40967290312921,249
"251",2022,4,6.42407407407407,27,6.5725,6,4,7,6.35208333333333,20,7,1,3,24,8368,5568,2800,926,1665,6703,6.3941123709369,6.70978100933908,5.76638273571428,5.6950778725702,6.3322984984985,6.40946670446069,250
"252",2022,5,6.66555555555556,27,6.90944444444444,6.17777777777778,6.33333333333333,7.375,6.46285714285714,18,9,3,6,21,8395,5586,2809,929,1671,6724,6.39498538653961,6.71042439312567,5.76770084015664,5.69713897739505,6.33604248952723,6.40963345032719,251
"253",2022,6,6.22894736842105,38,6.61111111111111,5.29090909090909,3.4,6,6.24166666666667,27,11,3,2,36,8433,5613,2820,932,1673,6760,6.39423720147041,6.70994667022983,5.76584101418439,5.68974475321888,6.33564076509265,6.40873895266272,252
"254",2022,7,5.51785714285714,28,6.27777777777778,4.15,5.5,5,5.60416666666667,18,10,2,4,24,8461,5631,2830,934,1677,6784,6.39133699562699,6.70856520333866,5.7601313286219,5.68933844753747,6.3324549791294,6.4058925884434,253
"255",2022,8,6.4065,34,6.64439130434783,5.90909090909091,6.25,5.18871428571429,6.72222222222222,23,11,4,7,27,8495,5654,2841,938,1684,6811,6.39139768334314,6.70830414927485,5.76070808166138,5.69172932835821,6.32770071258907,6.40714657465864,254
"256",2022,9,6.025,24,7.07142857142857,4.56,NA,6.275,5.975,14,10,0,4,20,8519,5668,2851,938,1688,6831,6.39036545603944,6.7092010691602,5.75649654857944,5.69172932835821,6.32757582938388,6.40588132337871,255
"257",2022,10,6.22058823529412,34,6.66666666666667,5.15,6,6.25,6.21428571428571,24,10,1,6,28,8553,5692,2861,939,1694,6859,6.38969055536069,6.70902172522839,5.75437667249213,5.69205762513312,6.32730106257379,6.40509918647033,256
"258",2022,11,5.85833333333333,36,6.32962962962963,4.44444444444444,5.5,5.16666666666667,5.99666666666667,27,9,2,6,30,8589,5719,2870,941,1700,6889,6.38746342065433,6.7072305752754,5.75026887108014,5.6916494261424,6.32320470588235,6.40332055741036,257
"259",2022,12,6.39054054054054,37,6.5875,5.77777777777778,5,7.0625,6.068,28,9,2,12,25,8626,5747,2879,943,1712,6914,6.38747661952237,6.70664723507917,5.75035486627301,5.69018251325557,6.32838668224299,6.40210808793752,258
