"","year","month","avg_rating","no_ratings","avg_rating_owned","avg_rating_not_owned","avg_rating_prev_owned","avg_rating_comment","avg_rating_no_comment","no_ratings_owned","no_ratings_not_owned","no_ratings_prev_owned","no_ratings_comment","no_ratings_no_comment","cum_no_ratings","cum_no_ratings_owned","cum_no_ratings_not_owned","cum_no_ratings_prev_owned","cum_no_ratings_comment","cum_no_ratings_no_comment","cum_avg_rating","cum_avg_rating_owned","cum_avg_rating_not_owned","cum_avg_rating_prev_owned","cum_avg_rating_comment","cum_avg_rating_no_comment","month_after_release"
"1",2004,10,6.66666666666667,3,7,6.5,8,6.66666666666667,NA,1,2,1,3,0,3,1,2,1,3,0,6.66666666666667,7,6.5,8,6.66666666666667,NA,0
"2",2004,11,6,5,7,5.75,6,6,6,1,4,2,3,2,8,2,6,3,6,2,6.25,7,6,6.66666666666667,6.33333333333333,6,1
"3",2004,12,7.16,5,6.93333333333333,7.5,NA,7.6,6.5,3,2,0,3,2,13,5,8,3,9,4,6.6,6.96,6.375,6.66666666666667,6.75555555555556,6.25,2
"4",2005,1,6.71428571428571,14,7.71428571428571,5.71428571428571,NA,6.42857142857143,7,7,7,0,7,7,27,12,15,3,16,11,6.65925925925926,7.4,6.06666666666667,6.66666666666667,6.6125,6.72727272727273,3
"5",2005,2,7.07692307692308,13,8.5,6.1875,7.5,6.08333333333333,7.92857142857143,5,8,2,6,7,40,17,23,5,22,18,6.795,7.72352941176471,6.10869565217391,7,6.46818181818182,7.19444444444444,4
"6",2005,3,6.66666666666667,12,7.5,5.83333333333333,NA,6,7.33333333333333,6,6,0,6,6,52,23,29,5,28,24,6.76538461538462,7.66521739130435,6.05172413793103,7,6.36785714285714,7.22916666666667,5
"7",2005,4,7.38888888888889,9,7.75,6.66666666666667,NA,6.625,8,6,3,0,4,5,61,29,32,5,32,29,6.85737704918033,7.68275862068966,6.109375,7,6.4,7.36206896551724,6
"8",2005,5,6.3125,8,7.33333333333333,5.7,NA,7.25,5.375,3,5,0,4,4,69,32,37,5,36,33,6.79420289855072,7.65,6.05405405405405,7,6.49444444444444,7.12121212121212,7
"9",2005,6,6.56666666666667,6,6.8,6.33333333333333,NA,6.35,7,3,3,0,4,2,75,35,40,5,40,35,6.776,7.57714285714286,6.075,7,6.48,7.11428571428571,8
"10",2005,7,6.9,8,7.8,6,NA,7,6.8,4,4,0,4,4,83,39,44,5,44,39,6.78795180722892,7.6,6.06818181818182,7,6.52727272727273,7.08205128205128,9
"11",2005,8,6.44444444444444,9,8,5.66666666666667,NA,6.85714285714286,5,3,6,0,7,2,92,42,50,5,51,41,6.75434782608696,7.62857142857143,6.02,7,6.57254901960784,6.98048780487805,10
"12",2005,9,6.39230769230769,13,7.05714285714286,5.61666666666667,NA,6.18333333333333,6.57142857142857,7,6,0,6,7,105,49,56,5,57,48,6.70952380952381,7.5469387755102,5.97678571428571,7,6.53157894736842,6.92083333333333,11
"13",2005,10,6.34375,16,7.25,5.8,6.75,5.75,6.9375,6,10,2,8,8,121,55,66,7,65,56,6.66115702479339,7.51454545454545,5.95,6.92857142857143,6.43538461538462,6.92321428571429,12
"14",2005,11,6.71428571428571,7,7.25,6,NA,6.5,7,4,3,0,4,3,128,59,69,7,69,59,6.6640625,7.49661016949152,5.95217391304348,6.92857142857143,6.43913043478261,6.9271186440678,13
"15",2005,12,6.83333333333333,12,7.35714285714286,6.1,NA,6.33333333333333,7,7,5,0,3,9,140,66,74,7,72,68,6.67857142857143,7.48181818181818,5.96216216216216,6.92857142857143,6.43472222222222,6.93676470588235,14
"16",2006,1,7.15,14,7.525,6.65,7.5,6.5,7.51111111111111,8,6,2,5,9,154,74,80,9,77,77,6.72142857142857,7.48648648648649,6.01375,7.05555555555556,6.43896103896104,7.0038961038961,15
"17",2006,2,7.08823529411765,17,7.5,6.625,6.16666666666667,7.44444444444444,6.6875,9,8,3,9,8,171,83,88,12,86,85,6.7578947368421,7.48795180722892,6.06931818181818,6.83333333333333,6.54418604651163,6.97411764705882,16
"18",2006,3,7.125,4,7.75,6.5,6.5,6.5,7.33333333333333,2,2,2,1,3,175,85,90,14,87,88,6.76628571428571,7.49411764705882,6.07888888888889,6.78571428571429,6.54367816091954,6.98636363636364,17
"19",2006,4,7.03571428571429,14,7.27777777777778,6.6,6.83333333333333,7,7.07142857142857,9,5,3,7,7,189,94,95,17,94,95,6.78624338624339,7.47340425531915,6.10631578947368,6.79411764705882,6.57765957446808,6.99263157894737,18
"20",2006,5,6.7,10,6.6,6.8,6.75,6.5,7,5,5,4,6,4,199,99,100,21,100,99,6.78190954773869,7.42929292929293,6.141,6.78571428571429,6.573,6.99292929292929,19
"21",2006,6,6.83333333333333,6,7.5,6.5,7,6.25,8,2,4,1,4,2,205,101,104,22,104,101,6.78341463414634,7.43069306930693,6.15480769230769,6.79545454545455,6.56057692307692,7.01287128712871,20
"22",2006,7,6.0625,8,7.33333333333333,5.3,7,5.83333333333333,6.75,3,5,1,6,2,213,104,109,23,110,103,6.75633802816901,7.42788461538461,6.11559633027523,6.80434782608696,6.52090909090909,7.00776699029126,21
"23",2006,8,6.58571428571429,7,6.58571428571429,NA,NA,6.55,6.6,7,0,0,2,5,220,111,109,23,112,108,6.75090909090909,7.37477477477478,6.11559633027523,6.80434782608696,6.52142857142857,6.98888888888889,22
"24",2006,9,6.27777777777778,9,7.375,5.4,NA,6.3125,6,4,5,0,8,1,229,115,114,23,120,109,6.73231441048035,7.37478260869565,6.08421052631579,6.80434782608696,6.5075,6.97981651376147,23
"25",2006,10,6.83333333333333,3,7,6.75,NA,6.5,7.5,1,2,0,2,1,232,116,116,23,122,110,6.73362068965517,7.37155172413793,6.09568965517241,6.80434782608696,6.50737704918033,6.98454545454545,24
"26",2006,11,7.1875,8,7.5,5,NA,7,7.21428571428571,7,1,0,1,7,240,123,117,23,123,117,6.74875,7.37886178861789,6.08632478632479,6.80434782608696,6.51138211382114,6.9982905982906,25
"27",2006,12,6.5625,16,7.4375,5.6875,6,5.95,7.58333333333333,8,8,1,10,6,256,131,125,24,133,123,6.737109375,7.3824427480916,6.0608,6.77083333333333,6.46917293233083,7.02682926829268,26
"28",2007,1,7.09090909090909,11,7.33333333333333,6,7,9,6.9,9,2,1,1,10,267,140,127,25,134,133,6.75168539325843,7.37928571428571,6.05984251968504,6.78,6.48805970149254,7.01729323308271,27
"29",2007,2,7.07151,13,7.85,4.47654333333333,NA,6.625,7.45423285714286,10,3,0,6,7,280,150,130,25,140,140,6.76653439285714,7.41066666666667,6.02330484615385,6.78,6.49392857142857,7.03914021428571,28
"30",2007,3,6.85,10,7.3,6.4,7,7.28571428571429,5.83333333333333,5,5,3,7,3,290,155,135,28,147,143,6.76941251724138,7.40709677419355,6.03725651851852,6.80357142857143,6.53163265306122,7.01384356643357,29
"31",2007,4,6.5,12,7,6.25,7,6.5,6.5,4,8,1,8,4,302,159,143,29,155,147,6.75870738410596,7.39685534591195,6.04915825174825,6.81034482758621,6.53,6.99986142857143,30
"32",2007,5,7.45833333333333,12,7.8,7.21428571428571,8,6.625,7.875,5,7,1,4,8,314,164,150,30,159,155,6.78544468152866,7.40914634146341,6.10353086666667,6.85,6.53238993710692,7.04502987096774,31
"33",2007,6,6.42105263157895,19,6.88888888888889,6,6,6.4375,6.40909090909091,9,10,2,8,11,333,173,160,32,167,166,6.76465354354354,7.38208092485549,6.0970601875,6.796875,6.52784431137725,7.0028893373494,32
"34",2007,7,6.75,30,6.86666666666667,6.63333333333333,6.75,6.5,6.89473684210526,15,15,4,11,19,363,188,175,36,178,185,6.76344250688705,7.34095744680851,6.14302645714286,6.79166666666667,6.52612359550562,6.99178178378378,33
"35",2007,8,7.08214285714286,28,7.80714285714286,6.35714285714286,8,6.5,7.40555555555556,14,14,2,10,18,391,202,189,38,188,203,6.78626503836317,7.37326732673267,6.15888693121693,6.85526315789474,6.52473404255319,7.02847108374384,34
"36",2007,9,6.825,16,7.5875,6.0625,7,5.625,7.225,8,8,1,4,12,407,210,197,39,192,215,6.78778778869779,7.38142857142857,6.15497274111675,6.85897435897436,6.50598958333333,7.03944013953488,35
"37",2007,10,7.504,20,7.765625,6.4575,NA,7.38666666666667,7.6,16,4,0,9,11,427,226,201,39,201,226,6.82133402810304,7.40862831858407,6.1609931840796,6.85897435897436,6.54542288557214,7.06672402654867,36
"38",2007,11,6.865625,32,7,6.74705882352941,6.85,6.63636363636364,6.98571428571429,15,17,2,11,21,459,241,218,41,212,247,6.82442185185185,7.38319502074689,6.20669555045872,6.85853658536585,6.55014150943396,7.05983655870445,37
"39",2007,12,6.99230769230769,26,7.1875,6.68,6.825,6.68571428571429,7.10526315789474,16,10,4,7,19,485,257,228,45,219,266,6.83342191752577,7.37101167315175,6.22745451754386,6.85555555555556,6.55447488584475,7.06308131578947,38
"40",2008,1,6.484375,16,6.70454545454545,6,8,7.1,6.20454545454545,11,5,1,5,11,501,268,233,46,224,277,6.82227471057884,7.34365671641791,6.2225735193133,6.8804347826087,6.56665178571429,7.02898783393502,39
"41",2008,2,6.75,23,6.90882352941177,6.3,7,6.52727272727273,6.95416666666667,17,6,2,11,12,524,285,239,48,235,289,6.81910234732824,7.31771929824561,6.22451728033473,6.88541666666667,6.5648085106383,7.02588107266436,40
"42",2008,3,6.53421052631579,19,7.3625,5.93181818181818,6.6875,6.80555555555556,6.29,8,11,4,9,10,543,293,250,52,244,299,6.80913375690608,7.31894197952218,6.21163852,6.87019230769231,6.57368852459016,7.00126966555184,41
"43",2008,4,7.28125,16,7.59090909090909,6.6,8,7.25,7.3,11,5,1,6,10,559,304,255,53,250,309,6.82264692307692,7.32878289473684,6.21925345098039,6.89150943396226,6.58992,7.01093731391586,42
"44",2008,5,6.7,10,7.16666666666667,6.5,6.33333333333333,6.5625,7.25,3,7,3,8,2,569,307,262,56,258,311,6.82049144112478,7.3271986970684,6.2267543129771,6.86160714285714,6.58906976744186,7.01247469453376,43
"45",2008,6,6.93427777777778,18,7.7217,5.95,7,7.1434,6.85384615384615,10,8,1,5,13,587,317,270,57,263,324,6.82398063032368,7.33964353312303,6.21855418518518,6.8640350877193,6.59960836501901,7.0061099691358,44
"46",2008,7,6.54761904761905,21,6.58333333333333,6.53333333333333,6.65,6.35714285714286,6.64285714285714,6,15,10,7,14,608,323,285,67,270,338,6.81443524671053,7.32559442724458,6.23512150877193,6.83208955223881,6.59332222222222,6.99106399408284,45
"47",2008,8,6.51739130434783,23,7.21666666666667,5.75454545454545,6.85714285714286,6.54545454545455,6.49166666666667,12,11,7,11,12,631,335,296,74,281,350,6.80360797147385,7.32169253731343,6.21726226351351,6.83445945945946,6.59144839857651,6.9739418,46
"48",2008,9,6.75,24,7.05,6.53571428571429,6.6,6.90909090909091,6.61538461538461,10,14,5,11,13,655,345,310,79,292,363,6.80164370992366,7.31381739130435,6.23164396774194,6.81962025316456,6.60341438356164,6.96110090909091,47
"49",2008,10,6.465,20,7.16666666666667,5.89090909090909,6,5.7,6.65625,9,11,4,4,16,675,354,321,83,296,379,6.79166908148148,7.31007627118644,6.21996769470405,6.78012048192771,6.59120608108108,6.94823121372032,48
"50",2008,11,6.87222222222222,18,7.28571428571429,6.60909090909091,5.4,6.2,7.20833333333333,7,11,3,6,12,693,361,332,86,302,391,6.79376137085137,7.30960387811634,6.2328603313253,6.73197674418605,6.58343377483444,6.95621388746803,49
"51",2008,12,6.79259259259259,27,6.93529411764706,6.55,6.8,6.6,6.90588235294118,17,10,5,10,17,720,378,342,91,312,408,6.79371754166667,7.29276984126984,6.24213342105263,6.73571428571429,6.58396474358974,6.95411674019608,50
"52",2009,1,6.6484375,32,6.84333333333333,6.47647058823529,6.92857142857143,6.35714285714286,6.73,15,17,7,7,25,752,393,359,98,319,433,6.78753541223404,7.27561577608143,6.25323016713092,6.74948979591837,6.57898746081505,6.94117697459584,51
"53",2009,2,6.38,40,7.034375,5.94375,6.28571428571429,6.27272727272727,6.42068965517241,16,24,7,11,29,792,409,383,105,330,462,6.76695281565656,7.26617848410758,6.233837154047,6.71857142857143,6.56877878787879,6.90850569264069,52
"54",2009,3,6.4375,36,7.11470588235294,5.83157894736842,7,6.29411764705882,6.56578947368421,17,19,5,17,19,828,426,402,110,347,481,6.75262878019324,7.2601338028169,6.21482495024876,6.73136363636364,6.55532276657061,6.89496804573805,53
"55",2009,4,6.35897435897436,39,7,5.91304347826087,6.27777777777778,5.96153846153846,6.55769230769231,16,23,9,13,26,867,442,425,119,360,507,6.73492114186851,7.25071719457014,6.19849324705882,6.69705882352941,6.53388055555556,6.87767185404339,54
"56",2009,5,6.4469696969697,33,7.2,5.81944444444444,5.41666666666667,6.02083333333333,6.69047619047619,15,18,3,12,21,900,457,443,122,372,528,6.72436292222222,7.24905251641138,6.18309171557562,6.6655737704918,6.51733064516129,6.8702265719697,55
"57",2009,6,7.30322580645161,31,7.56,7.0625,6.58333333333333,7.29,7.30952380952381,15,16,6,10,21,931,472,459,128,382,549,6.74363762620838,7.2589343220339,6.21374647058824,6.66171875,6.53755759162304,6.88703029143898,56
"58",2009,7,6.91142857142857,35,7.52857142857143,6.5,6.5,6.16666666666667,7.3,14,21,4,12,23,966,486,480,132,394,572,6.74971700828157,7.26670164609054,6.2262700625,6.65681818181818,6.5262614213198,6.90363571678322,57
"59",2009,8,7.20185185185185,27,7.5725,6.14285714285714,6.33333333333333,6.96428571428571,7.285,20,7,3,7,20,993,506,487,135,401,592,6.76201070493454,7.27878853754941,6.22507110882957,6.64962962962963,6.53390773067332,6.91651964527027,58
"60",2009,9,6.81785714285714,28,7.67272727272727,6.26470588235294,6.05,5.83333333333333,7.28421052631579,11,17,10,9,19,1021,517,504,145,410,611,6.76354224289912,7.28717021276596,6.22640799603175,6.60827586206897,6.51852926829268,6.92795356792144,59
"61",2009,10,6.86290322580645,31,7.3,6.453125,7.4375,6.875,6.86,15,16,4,6,25,1052,532,520,149,416,636,6.76647018060836,7.28753195488722,6.23338390384615,6.63053691275168,6.52367067307692,6.92528243710692,60
"62",2009,11,6.31380952380952,42,6.82,5.63888888888889,6.22222222222222,6.912,5.98148148148148,24,18,9,15,27,1094,556,538,158,431,663,6.74909198354662,7.26735071942446,6.21349373605948,6.60727848101266,6.53718561484919,6.8868471040724,61
"63",2009,12,6.59772727272727,44,6.865,6.375,6.40909090909091,6.66428571428571,6.56666666666667,20,24,11,14,30,1138,576,562,169,445,693,6.74323956942003,7.25338020833333,6.22039080071174,6.59437869822485,6.54118426966292,6.87298647907648,62
"64",2010,1,6.35909090909091,33,7.375,5.77857142857143,5.5,5.9,6.506,12,21,4,8,25,1171,588,583,173,453,718,6.73241385994876,7.25586224489796,6.20447620926243,6.56907514450867,6.52986092715232,6.86020839832869,63
"65",2010,2,6.67613636363636,44,7.29285714285714,6.11304347826087,6.71111111111111,7.39,6.46617647058823,21,23,9,10,34,1215,609,606,182,463,752,6.73037582716049,7.25713793103448,6.20100599009901,6.5760989010989,6.54843844492441,6.842393125,64
"66",2010,3,7.04090909090909,22,7.99166666666667,5.9,6.75,7.44545454545455,6.63636363636364,12,10,4,11,11,1237,621,616,186,474,763,6.73589864995958,7.27133172302737,6.19611952922078,6.57983870967742,6.5692552742616,6.8394228440367,65
"67",2010,4,6.39814814814815,27,7.35714285714286,6.0625,6.41666666666667,5.80555555555556,6.69444444444444,7,20,3,9,18,1264,628,636,189,483,781,6.72868404272152,7.27228821656051,6.1919176572327,6.57724867724868,6.5550248447205,6.83608147247119,66
"68",2010,5,7.126,25,7.57692307692308,6.6375,5.875,7.64166666666667,6.96315789473684,13,12,4,6,19,1289,641,648,193,489,800,6.73638993793638,7.27846645865834,6.20016918209876,6.56269430051814,6.56835787321063,6.8390995375,67
"69",2010,6,7.0792,25,7.55555555555556,6.81125,7.24666666666667,7.66,7,9,16,6,3,22,1314,650,664,199,492,822,6.74291219939117,7.28230307692308,6.21489402108434,6.58331658291457,6.57501422764228,6.84340587591241,68
"70",2010,7,6.21964285714286,28,6.98571428571429,5.45357142857143,5.775,6.52,6.15434782608696,14,14,4,5,23,1342,664,678,203,497,845,6.73199450819672,7.27604969879518,6.19917349557522,6.56738916256158,6.57446076458753,6.82465044970414,69
"71",2010,8,6.675,32,6.7,6.65555555555556,6.375,6.77777777777778,6.63478260869565,14,18,4,9,23,1374,678,696,207,506,868,6.73066712518195,7.26415486725664,6.21097647988506,6.56367149758454,6.57807707509881,6.81961938940092,70
"72",2010,9,5.815,20,6.125,5.60833333333333,5.4,6.5,5.64375,8,12,5,4,16,1394,686,708,212,510,884,6.71752986370158,7.25087026239067,6.20076218926554,6.53622641509434,6.57746470588235,6.79833668552036,71
"73",2010,10,6.48958333333333,24,7.18,5.99642857142857,6.05,6.49375,6.4875,10,14,5,8,16,1418,696,722,217,518,900,6.71367181241185,7.24985201149425,6.19680004155125,6.52502304147465,6.57617181467181,6.7928107,72
"74",2010,11,6.13,30,6.40833333333333,5.94444444444444,6.33333333333333,5.5,6.22692307692308,12,18,3,4,26,1448,708,740,220,522,926,6.70157916436464,7.23558898305085,6.19066166216216,6.52240909090909,6.56792528735632,6.77692184665227,73
"75",2010,12,6.49838709677419,31,7.12857142857143,5.97941176470588,6.33333333333333,6.765,6.37142857142857,14,17,6,10,21,1479,722,757,226,532,947,6.69732023664638,7.23351385041551,6.18591760898283,6.51738938053097,6.57162969924812,6.7679299155227,74
"76",2011,1,7.06969696969697,33,7.72,6.52777777777778,7,7.3125,6.992,15,18,2,8,25,1512,737,775,228,540,972,6.70544750661375,7.24341519674355,6.19385758709677,6.52162280701754,6.58260555555555,6.77369303497942,75
"77",2011,2,6.49166666666667,24,6.79,6.27857142857143,6.75,5.3,6.80526315789474,10,14,4,5,19,1536,747,789,232,545,991,6.70210718098958,7.2373453815261,6.195360747782,6.52556034482759,6.57083853211009,6.7742983148335,76
"78",2011,3,6.88666666666667,30,7.31176470588235,6.33076923076923,6,6.66666666666667,6.98095238095238,17,13,3,9,21,1566,764,802,235,554,1012,6.70564280332056,7.23900130890052,6.19755564837905,6.51885106382979,6.57239530685921,6.77858659090909,77
"79",2011,4,6.7825652173913,23,7.375,6.13627272727273,5.75,6.21428571428571,7.0311875,12,11,4,7,16,1589,776,813,239,561,1028,6.70675621774701,7.2411043814433,6.19672648216482,6.50598326359833,6.56792691622103,6.78251812256809,78
"80",2011,5,6.09444444444444,18,6.81428571428571,5.63636363636364,5.66666666666667,5.38888888888889,6.8,7,11,3,9,9,1607,783,824,242,570,1037,6.69989771624144,7.23728863346105,6.18924591019417,6.49557851239669,6.54931052631579,6.78266984570878,79
"81",2011,6,6.555,20,6.9875,6.26666666666667,7.5,6.16428571428571,6.76538461538462,8,12,2,7,13,1627,791,836,244,577,1050,6.69811655193608,7.23476232616941,6.19035721291866,6.50381147540984,6.54463951473137,6.78245583809524,80
"82",2011,7,5.94736842105263,19,6.5,5.54545454545455,6.25,5.78571428571429,6.04166666666667,8,11,2,7,12,1646,799,847,246,584,1062,6.68945056500607,7.2274055068836,6.18198185360094,6.50174796747967,6.53554280821918,6.77408533898305,81
"83",2011,8,6.74,25,7.53333333333333,5.55,5.56666666666667,6.67142857142857,6.76666666666667,15,10,3,7,18,1671,814,857,249,591,1080,6.69020684021544,7.233042997543,6.17460750291715,6.49048192771084,6.53715228426396,6.77396169444445,82
"84",2011,9,6.49411764705882,17,7.72857142857143,5.63,5.5,7.2,6.2,7,10,2,5,12,1688,821,867,251,596,1092,6.68823200829384,7.23726796589525,6.16832598615917,6.48258964143426,6.54271308724832,6.76765442307692,83
"85",2011,10,6.7304347826087,23,7.1,6.44615384615385,6.76666666666667,7,6.65555555555556,10,13,3,5,18,1711,831,880,254,601,1110,6.68879931618936,7.23561612515042,6.17243026136364,6.48594488188976,6.54651747088186,6.7658366036036,84
"86",2011,11,6.87333333333333,15,7.22857142857143,6.5625,5.25,7.0125,6.71428571428571,7,8,4,8,7,1726,838,888,258,609,1117,6.69040303012746,7.23555727923628,6.17594440315315,6.46678294573643,6.55263875205255,6.76551354521039,85
"87",2011,12,6.35483870967742,31,6.59090909090909,6.225,6.15,6.16666666666667,6.43181818181818,11,20,10,9,22,1757,849,908,268,618,1139,6.68448243027888,7.22720494699647,6.17702492290749,6.45496268656716,6.54701779935275,6.75906815627744,86
"88",2012,1,6.97782608695652,23,7.74875,6.56666666666667,6.78571428571429,7.69666666666667,6.87,8,15,7,3,20,1780,857,923,275,621,1159,6.6882728258427,7.23207351225204,6.18335712892741,6.46338181818182,6.55257165861514,6.76098242450388,87
"89",2012,2,6.68695652173913,23,7.2,6.29230769230769,5.6,6.42857142857143,6.8,10,13,5,7,16,1803,867,936,280,628,1175,6.68825603438713,7.23170357554787,6.18487033119658,6.44796428571429,6.55118949044586,6.76151372765958,88
"90",2012,3,6.61111111111111,18,6.42857142857143,6.72727272727273,6.5,6.2,6.76923076923077,7,11,7,5,13,1821,874,947,287,633,1188,6.68749348160351,7.22527116704805,6.19117067581837,6.44923344947735,6.54841548183254,6.76159817340067,89
"91",2012,4,6.59375,16,6.7875,6.4,6,5.5,6.75,8,8,1,2,14,1837,882,955,288,635,1202,6.68667698965705,7.22130045351474,6.19292003141361,6.44767361111111,6.54511338582677,6.76146308652246,90
"92",2012,5,6.23333333333333,12,7.075,5.8125,3.5,4.43333333333333,6.83333333333333,4,8,2,3,9,1849,886,963,290,638,1211,6.68373479177934,7.22063995485327,6.1897597403946,6.42734482758621,6.53518338557994,6.76199721717589,91
"93",2012,6,6.325,16,7,5.45714285714286,3.66666666666667,6.71428571428571,6.02222222222222,9,7,3,7,9,1865,895,970,293,645,1220,6.68065717426273,7.21842122905028,6.18447281443299,6.39907849829352,6.53712713178295,6.75653986065574,92
"94",2012,7,6.69392857142857,28,7.61428571428571,6.38714285714286,6.77777777777778,8,6.59346153846154,7,21,9,2,26,1893,902,991,302,647,1246,6.68085347596408,7.2214933481153,6.18876753784056,6.4103642384106,6.54164914992272,6.75313694221509,93
"95",2012,8,7.01538461538462,13,7.625,6.04,5.5,6.83333333333333,7.07,8,5,2,3,10,1906,910,996,304,650,1256,6.68313516789087,7.22504065934066,6.1880207128514,6.404375,6.54299538461539,6.75565973726115,94
"96",2012,9,6.32727272727273,11,6.98,5.78333333333333,5.175,5.75,6.45555555555556,5,6,4,2,9,1917,915,1002,308,652,1265,6.68109318205529,7.22370163934426,6.18559743512974,6.38840909090909,6.54056288343558,6.75352460869565,95
"97",2012,10,6.999375,16,7.25,6.74875,6.625,6.3,7.31727272727273,8,8,4,5,11,1933,923,1010,312,657,1276,6.68372769270564,7.22392957746479,6.19005804950495,6.39144230769231,6.53873211567732,6.75838450626959,96
"98",2012,11,6.69444444444444,18,7.25,6,6.5,7.1,6.53846153846154,10,8,2,5,13,1951,933,1018,314,662,1289,6.68382656586366,7.22420900321543,6.18856446954813,6.39213375796178,6.54297129909366,6.75616650892165,97
"99",2012,12,6.74909090909091,22,7.44,6.42666666666667,5.68,6.4875,6.89857142857143,7,15,5,8,14,1973,940,1033,319,670,1303,6.68455429802331,7.22581595744681,6.19202190706679,6.38097178683385,6.54230895522388,6.7576965694551,98
"100",2013,1,6.47684210526316,19,7.556,5.27777777777778,4,6,6.50333333333333,10,9,3,1,18,1992,950,1042,322,671,1321,6.68257310742972,7.22929157894737,6.1841253646833,6.35878881987578,6.54150074515648,6.75423060560182,99
"101",2013,2,6.14285714285714,14,7.66666666666667,5.72727272727273,6,6.25,6.125,3,11,2,2,12,2006,953,1053,324,673,1333,6.67880639581256,7.23066841552991,6.17935292497626,6.35657407407407,6.54063447251114,6.74856611402851,100
"102",2013,3,7.19,10,7.31666666666667,7,6.5,6.83333333333333,7.34285714285714,6,4,2,3,7,2016,959,1057,326,676,1340,6.68134207837301,7.23120646506778,6.18245849574267,6.35745398773006,6.54193343195266,6.75167061940298,101
"103",2013,4,7.21428571428571,7,7.5,7.1,7.33333333333333,8.33333333333333,6.375,2,5,3,3,4,2023,961,1062,329,679,1344,6.68318617399901,7.23176586888658,6.18677837099812,6.36635258358663,6.54984830633284,6.75054957589286,102
"104",2013,5,6.21538461538462,13,6.86,5.8125,6.8,6.125,6.25555555555556,5,8,5,4,9,2036,966,1070,334,683,1353,6.68019922888015,7.22984161490683,6.18398002803738,6.37284431137724,6.54736017569546,6.74725693274205,103
"105",2013,6,6.338125,16,7.75,5.8675,6.08333333333333,6.45,6.28727272727273,4,12,3,5,11,2052,970,1082,337,688,1364,6.6775319834308,7.23198659793814,6.1804700831793,6.37026706231454,6.54665261627907,6.74354738269795,104
"106",2013,7,5.5,6,5.75,5,NA,5,5.75,4,2,0,2,4,2058,974,1084,337,690,1368,6.67409894557823,7.22590041067762,6.17829209409594,6.37026706231454,6.54216956521739,6.74064227339181,105
"107",2013,8,6.94230769230769,13,7.21428571428571,6.625,5.625,6.41666666666667,7.1,7,6,2,3,10,2071,981,1090,339,693,1378,6.67578253500724,7.22581753312946,6.18075103669725,6.36587020648967,6.54162626262626,6.74325009433962,106
"108",2013,9,7.16666666666667,6,7.66666666666667,6.66666666666667,7,NA,7.16666666666667,3,3,1,0,6,2077,984,1093,340,693,1384,6.67720059220029,7.22716158536585,6.1820847483989,6.36773529411765,6.54162626262626,6.74508571531792,107
"109",2013,10,6.04444444444444,9,6.33333333333333,5.9,5.475,6.63333333333333,5.75,3,6,4,3,6,2086,987,1099,344,696,1390,6.67447058005752,7.22444478216819,6.18054470427661,6.35735465116279,6.54202155172414,6.74079038129496,108
"110",2013,11,6.265,20,6.56666666666667,6.01818181818182,6,7.7,6.01176470588235,9,11,2,3,17,2106,996,1110,346,699,1407,6.6705819705603,7.21850100401606,6.1789357027027,6.35528901734104,6.54699141630901,6.73198196872779,109
"111",2013,12,6.49130434782609,23,7.25454545454545,5.79166666666667,5.33333333333333,5.66666666666667,6.615,11,12,3,3,20,2129,1007,1122,349,702,1427,6.66864519962423,7.21889473684211,6.17479378787879,6.34650429799427,6.54322934472935,6.73034241765942,110
"112",2014,1,6.6875,16,7.5,6.05555555555556,7.08333333333333,5.33333333333333,7,7,9,6,3,13,2145,1014,1131,355,705,1440,6.66878584149184,7.22083530571992,6.17384494252873,6.35895774647887,6.53808085106383,6.73277682638889,111
"113",2014,2,6.53529411764706,17,6.77777777777778,6.2625,5.25,6.0625,6.95555555555556,9,8,2,8,9,2162,1023,1139,357,713,1449,6.6677361840888,7.21693743890518,6.17446762949956,6.35274509803922,6.53274474053296,6.73416054520359,112
"114",2014,3,6.70588235294118,17,7.2,6.5,4.5,5.875,6.96153846153846,5,12,1,4,13,2179,1028,1151,358,717,1462,6.66803379072969,7.21685505836576,6.17786153779322,6.34756983240223,6.52907531380753,6.73618237346101,113
"115",2014,4,5.61428571428571,7,6.76666666666667,4.75,7,6.5,5.46666666666667,3,4,1,1,6,2186,1031,1155,359,718,1468,6.6646594830741,7.21554510184287,6.17291656277056,6.34938718662953,6.52903481894151,6.73099361716621,114
"116",2014,5,7.02333333333333,12,8,6.828,NA,6.375,7.3475,2,10,0,4,8,2198,1033,1165,359,722,1476,6.66661766606005,7.21706389157793,6.17853959656652,6.34938718662953,6.52818144044321,6.73433511517615,115
"117",2014,6,6.61666666666667,6,8.85,5.5,6.5,7,6.425,2,4,2,2,4,2204,1035,1169,361,724,1480,6.66648168330308,7.2202193236715,6.17621781864842,6.3502216066482,6.52948480662983,6.73349907432432,116
"118",2014,7,6.625,20,6.85714285714286,6.08333333333333,6,5.58333333333333,7.07142857142857,14,6,1,6,14,2224,1049,1175,362,730,1494,6.66610864658273,7.21537368922784,6.17574351489362,6.34925414364641,6.52170821917808,6.73666574966533,117
"119",2014,8,6.08823529411765,17,7,5.89285714285714,6.16666666666667,5,6.23333333333333,3,14,3,2,15,2241,1052,1189,365,732,1509,6.66172495760821,7.21475950570342,6.17241264087468,6.34775342465753,6.51755054644809,6.73166244532803,118
"120",2014,9,6.82222222222222,9,7.16666666666667,6.65,6.75,6.5,6.8625,3,6,2,1,8,2250,1055,1195,367,733,1517,6.66236694666666,7.21462274881517,6.17481056903766,6.34994550408719,6.51752660300137,6.73235242584047,119
"121",2014,10,6.83333333333333,18,7.1,6.5,7,6.75,6.84375,10,8,1,2,16,2268,1065,1203,368,735,1533,6.66372382275132,7.21354647887324,6.17697309226933,6.35171195652174,6.51815918367347,6.73351508806262,120
"122",2014,11,6.4,15,7.11111111111111,5.33333333333333,6,7,6.18181818181818,9,6,2,4,11,2283,1074,1209,370,739,1544,6.66199107752956,7.21268808193668,6.17278629445823,6.34981081081081,6.52076725304466,6.72958460492228,121
"123",2014,12,6.60263157894737,19,7.25,6.30384615384615,6.74375,6.54,6.625,6,13,8,5,14,2302,1080,1222,378,744,1558,6.66150114248479,7.21289537037037,6.1741805482815,6.35814814814815,6.52089650537634,6.72864482028241,122
"124",2015,1,6.88235294117647,17,7.5,6.54545454545455,6.5,6.75,6.92307692307692,6,11,2,4,13,2319,1086,1233,380,748,1571,6.66312015092712,7.21448158379374,6.17749280616383,6.3588947368421,6.52212165775401,6.73025374283896,123
"125",2015,2,7.02142857142857,14,7.4,6.81111111111111,7.075,7.46666666666667,6.9,5,9,4,3,11,2333,1091,1242,384,751,1582,6.66527030861551,7.21533180568286,6.1820842431562,6.36635416666667,6.5258948069241,6.73143402654867,124
"126",2015,3,7.14,15,7.62,6.9,6.66666666666667,6.66666666666667,7.25833333333333,5,10,3,3,12,2348,1096,1252,387,754,1594,6.66830307921635,7.21717791970803,6.18781839456869,6.36868217054263,6.5264549071618,6.73540064617315,125
"127",2015,4,6.87692307692308,13,7.375,6.65555555555556,6.96666666666667,7.25,6.80909090909091,4,9,3,2,11,2361,1100,1261,390,756,1605,6.66945177043625,7.21775181818182,6.19115672482157,6.37328205128205,6.52836904761905,6.73590568847352,126
"128",2015,5,6.84553571428571,14,7.53392857142857,6.15714285714286,5,6.75,6.88375,7,7,1,4,10,2375,1107,1268,391,760,1615,6.67048973894737,7.21975112917796,6.1909689511041,6.36976982097187,6.52953552631579,6.73682113312693,127
"129",2015,6,6.96923076923077,13,7.6,6.42857142857143,7,7.25,6.91818181818182,6,7,2,2,11,2388,1113,1275,393,762,1626,6.67211605108878,7.22180098831986,6.19227343529412,6.37297709923664,6.53142650918635,6.7380480504305,128
"130",2015,7,7.14285714285714,7,7.16666666666667,7,NA,8,7,6,1,0,1,6,2395,1119,1276,393,763,1632,6.67349191231733,7.22150536193029,6.19290644984326,6.37297709923664,6.53335124508519,6.73901110906863,129
"131",2015,8,7.24666666666667,15,8.01875,6.36428571428571,7.5,7.75,7.16923076923077,8,7,1,2,13,2410,1127,1283,394,765,1645,6.67705939004149,7.22716459627329,6.19384148869836,6.37583756345178,6.53653202614379,6.7424110212766,130
"132",2015,9,7.30555555555556,9,8.0625,6.7,7,7.5,7.25,4,5,1,2,7,2419,1131,1288,395,767,1652,6.67939773873501,7.23011892130858,6.19580638975155,6.37741772151899,6.5390443285528,6.7445618220339,131
"133",2015,10,6.76923076923077,13,6.66666666666667,6.85714285714286,7,7,6.72727272727273,6,7,1,2,11,2432,1137,1295,396,769,1663,6.67987793174342,7.22714555848725,6.19938118146718,6.3789898989899,6.54024317295189,6.74444746241732,132
"134",2015,11,5.99411764705882,17,6.8,5.27777777777778,6.5,5.125,6.26153846153846,8,9,2,4,13,2449,1145,1304,398,773,1676,6.6751176521029,7.22416113537118,6.19302042177914,6.37959798994975,6.53291979301423,6.74070174821002,133
"135",2015,12,6.68333333333333,18,7.6,6.1,6.4,6.8,6.65,7,11,5,4,14,2467,1152,1315,403,777,1690,6.67517759627077,7.22644487847222,6.19224230418251,6.37985111662531,6.53429472329472,6.73995037278107,134
"136",2016,1,6.8,10,6.75,7,NA,6.66666666666667,6.85714285714286,8,2,0,3,7,2477,1160,1317,403,780,1697,6.67568152200242,7.22315905172414,6.19346896735004,6.37985111662531,6.53480384615385,6.74043378314673,135
"137",2016,2,6.53125,16,7,6.0625,6,6.66666666666667,6.5,8,8,3,3,13,2493,1168,1325,406,783,1710,6.67475456478139,7.22163056506849,6.19267821132076,6.37704433497537,6.53530906768838,6.73860592397661,136
"138",2016,3,7.16,10,7.12,7.2,NA,6.5,7.325,5,5,0,2,8,2503,1173,1330,406,785,1718,6.67669322013584,7.22119735720375,6.19646513533835,6.37704433497537,6.53521910828025,6.74133651338766,137
"139",2016,4,6.5,20,7.27777777777778,5.86363636363636,5.25,6,6.55555555555556,9,11,4,2,18,2523,1182,1341,410,787,1736,6.67529256044391,7.22162817258883,6.19373499627144,6.3660487804878,6.53385895806862,6.73941021313364,138
"140",2016,5,6.98214285714286,14,7.28571428571429,6.67857142857143,7.375,7,6.97727272727273,7,7,2,3,11,2537,1189,1348,412,790,1747,6.67698586125345,7.22200546677881,6.19625269287834,6.37094660194175,6.53562911392405,6.74090791642816,139
"141",2016,6,6.4405,20,7.16666666666667,5.84636363636364,5,6.5,6.43388888888889,9,11,4,2,18,2557,1198,1359,416,792,1765,6.67513614782949,7.22158973288815,6.1934206254599,6.35776442307692,6.53553914141414,6.73777684419263,140
"142",2016,7,7,12,8.2,6.14285714285714,5.66666666666667,7.75,6.625,5,7,3,4,8,2569,1203,1366,419,796,1773,6.6766536123005,7.22565627597672,6.19316151537335,6.35281622911694,6.541641959799,6.73726798082346,141
"143",2016,8,6.11538461538461,13,6.61111111111111,5,5,6.33333333333333,6.05,9,4,2,3,10,2582,1212,1370,421,799,1783,6.67382770333075,7.22109282178218,6.18967783211679,6.34638954869359,6.54085982478098,6.73341342120022,142
"144",2016,9,6.69230769230769,13,6.88888888888889,6.25,6,6,6.9,9,4,2,3,10,2595,1221,1374,423,802,1793,6.67392028131021,7.21864414414414,6.18985344250364,6.34475177304965,6.53883665835411,6.73434251533742,143
"145",2016,10,6.99583333333333,12,7.91,6.34285714285714,6.45,7.3,6.96818181818182,5,7,2,1,11,2607,1226,1381,425,803,1804,6.67540204449559,7.22146370309951,6.19062898624185,6.34524705882353,6.53978455790785,6.73576836474501,144
"146",2016,11,6.68666666666667,15,6.93,6.2,6.5,7,6.63846153846154,10,5,2,2,13,2622,1236,1386,427,805,1817,6.67546648741419,7.21910558252427,6.19066279220779,6.3459718969555,6.54092795031056,6.73507216840947,145
"147",2016,12,6.04166666666667,12,6.83333333333333,5.25,5,5,6.25,6,6,1,2,10,2634,1242,1392,428,807,1827,6.67257901670463,7.21724194847021,6.1866082112069,6.34282710280374,6.53710904584882,6.7324171483306,146
"148",2017,1,7.1,10,7.21428571428571,6.83333333333333,NA,8.5,6.75,7,3,0,2,8,2644,1249,1395,428,809,1835,6.67419558623298,7.21722538030424,6.18799901792115,6.34282710280374,6.54196168108776,6.73249380381471,147
"149",2017,2,6.65,10,6.4375,7.5,7,NA,6.65,8,2,1,0,10,2654,1257,1397,429,809,1845,6.67410441974378,7.21226292760541,6.18987732999284,6.34435897435897,6.54196168108776,6.73204668292683,148
"150",2017,3,7.5,8,8,6.66666666666667,NA,NA,7.5,5,3,0,0,8,2662,1262,1400,429,809,1853,6.67658645003756,7.21538391442155,6.19089902142857,6.34435897435897,6.54196168108776,6.7353621856449,149
"151",2017,4,6.88571428571429,7,7.05,6.66666666666667,8,5.5,7.44,4,3,1,2,5,2669,1266,1403,430,811,1858,6.67713493068565,7.21486137440758,6.19191634354954,6.34820930232558,6.53939210850802,6.73725841227126,150
"152",2017,5,6.86923076923077,13,7.6,6.4125,5.75,6.325,7.11111111111111,5,8,4,4,9,2682,1271,1411,434,815,1867,6.67806604399702,7.21637647521636,6.19316699503898,6.34269585253456,6.53833987730061,6.73906059453669,151
"153",2017,6,5.6875,8,7,5.25,5,5.7,5.66666666666667,2,6,3,5,3,2690,1273,1417,437,820,1870,6.67512012267658,7.21603652788688,6.18917334509527,6.33347826086957,6.53322804878049,6.73734017647059,152
"154",2017,7,6.275,8,7.73333333333333,5.4,6.33333333333333,3,6.74285714285714,3,5,3,1,7,2698,1276,1422,440,821,1877,6.67393370274277,7.21725274294671,6.18639847398031,6.33347727272727,6.52892448233861,6.73736075119872,153
"155",2017,8,5.75,6,6.5,5.375,6.5,6.5,5.6,2,4,1,1,5,2704,1278,1426,441,822,1882,6.67188355399408,7.21613028169014,6.18412246143057,6.33385487528345,6.52888929440389,6.73433907013815,154
"156",2017,9,6.65384615384615,13,7,6.25,7.16666666666667,6.9375,6.2,7,6,3,8,5,2717,1285,1432,444,830,1887,6.67179725064409,7.21495291828794,6.18439848463687,6.33948198198198,6.53282771084337,6.73292322734499,155
"157",2017,10,6.31071428571429,14,7.125,5.7,6.5,5.33333333333333,6.57727272727273,6,8,1,3,11,2731,1291,1440,445,833,1898,6.66994622116441,7.21453485670023,6.18170738194444,6.33984269662921,6.52850780312125,6.73202114330875,156
"158",2017,11,7.3,10,7.5,7,7,7,7.33333333333333,6,4,1,1,9,2741,1297,1444,446,834,1907,6.6722448485954,7.21585543562066,6.18397412049861,6.34132286995516,6.52907314148681,6.73485900891453,157
"159",2017,12,6.9206,8,7.78826666666667,6.4,NA,NA,6.9206,3,5,0,0,8,2749,1300,1449,446,834,1915,6.67296759912695,7.21717638461538,6.18471955141477,6.34132286995516,6.52907314148681,6.73563495039164,158
"160",2018,1,6.36888888888889,9,5.9,6.955,NA,5.83333333333333,6.63666666666667,5,4,0,3,6,2758,1305,1453,446,837,1921,6.67197531907179,7.21212973180077,6.18684007570544,6.34132286995516,6.52657945041816,6.73532583550234,159
"161",2018,2,6.76666666666667,9,7,6.58,7.5,NA,6.76666666666667,4,5,1,0,9,2767,1309,1458,447,837,1930,6.67228331405855,7.21148151260504,6.18818836076817,6.34391498881432,6.52657945041816,6.73547198445596,160
"162",2018,3,5.81666666666667,12,6.66666666666667,5.53333333333333,6,5,5.98,3,9,1,2,10,2779,1312,1467,448,839,1940,6.66858867578265,7.21023574695122,6.18417084526244,6.34314732142857,6.52294040524434,6.73157779896907,161
"163",2018,4,6.53,11,6.66666666666667,6.366,NA,6.5,6.54714285714286,6,5,0,4,7,2790,1318,1472,448,843,1947,6.6680422688172,7.20776122913505,6.18478847146739,6.34314732142857,6.5228315539739,6.73091470467386,162
"164",2018,5,6.42857142857143,7,6.75,6.3,6,6.25,6.5,2,5,2,2,5,2797,1320,1477,450,845,1952,6.66744294958884,7.20706765151515,6.1851784901828,6.34162222222222,6.52218579881657,6.73032322233606,163
"165",2018,6,6.96666666666667,9,7.56666666666667,6.66666666666667,5,6.33333333333333,7.28333333333333,3,6,1,3,6,2806,1323,1483,451,848,1958,6.66840268353528,7.20788306878307,6.18712652056642,6.33864745011086,6.52151768867925,6.73201783963228,164
"166",2018,7,6.25,4,7,6,7,7,6,1,3,1,1,3,2810,1324,1486,452,849,1961,6.66780709252669,7.20772605740181,6.18674874158816,6.34011061946903,6.52208127208481,6.73089797552269,165
"167",2018,8,6.57777777777778,9,7.03333333333333,5.66666666666667,6,6.6,6.56666666666667,6,3,1,3,6,2819,1330,1489,453,852,1967,6.66751966300106,7.20693932330827,6.18570089321692,6.33935982339956,6.52235563380282,6.73039701576004,166
"168",2018,9,7.6,9,7.91428571428571,6.5,NA,7.5,7.62857142857143,7,2,0,2,7,2828,1337,1491,453,854,1974,6.67048724540311,7.21064270755423,6.18612248826291,6.33935982339956,6.52464519906323,6.73358203140831,167
"169",2018,10,6.61111111111111,9,6.8,6.375,6,6,6.91666666666667,5,4,1,3,6,2837,1342,1495,454,857,1980,6.67029888262249,7.20911274217586,6.18662784615385,6.33861233480176,6.52280863477246,6.73413683333333,168
"170",2018,11,6.54727272727273,11,6.55777777777778,6.5,NA,7.34,6.25,9,2,0,3,8,2848,1351,1497,454,860,1988,6.6698237113764,7.20477372316802,6.18704651302605,6.33861233480176,6.52565930232558,6.73218859657948,169
"171",2018,12,7.34615384615385,13,7.61111111111111,6.75,6.5,7.83333333333333,7.2,9,4,2,3,10,2861,1360,1501,456,863,1998,6.67289686473261,7.20746272058824,6.18854672218521,6.3393201754386,6.53020509849363,6.73452999499499,170
"172",2019,1,7.68181818181818,11,7.8125,7.33333333333333,7.5,8,7.61111111111111,8,3,2,2,9,2872,1368,1504,458,865,2007,6.67676111768802,7.2110009502924,6.19083020611702,6.34438864628821,6.53360346820809,6.73846085201794,171
"173",2019,2,7.1,15,8.33333333333333,6.27777777777778,6,7,7.10714285714286,6,9,2,1,14,2887,1374,1513,460,866,2021,6.67896014201593,7.2159019650655,6.19134740912095,6.34289130434783,6.53414203233256,6.74101480950025,172
"174",2019,3,7.41666666666667,6,7.33333333333333,7.5,7.5,7.25,7.5,3,3,1,2,4,2893,1377,1516,461,868,2025,6.6804901244383,7.21615780682643,6.19393709102902,6.34540130151844,6.53579147465438,6.74251403950617,173
"175",2019,4,6.95,6,7.675,5.5,NA,7.85,6.5,4,2,0,2,4,2899,1381,1518,461,870,2029,6.68104792342187,7.2174868211441,6.19302281291172,6.34540130151844,6.53881264367816,6.74203594381469,174
"176",2019,5,6,2,NA,6,NA,6,6,0,2,0,1,1,2901,1381,1520,461,871,2030,6.68057839710445,7.2174868211441,6.19276883552631,6.34540130151844,6.53819402985075,6.74167040886699,175
"177",2019,6,6.5,6,7,6.4,4,7,6.25,1,5,1,2,4,2907,1382,1525,462,873,2034,6.68020568627451,7.21732945007236,6.19344828196721,6.34032467532468,6.5392520045819,6.74070350540806,176
"178",2019,7,5,5,5,5,7,5.66666666666667,4,2,3,1,3,2,2912,1384,1528,463,876,2036,6.67732071771978,7.21412521676301,6.19110512434555,6.3417494600432,6.53626369863014,6.73801126227898,177
"179",2019,8,6.6168,10,7.6,5.6336,4.584,7,6.57422222222222,5,5,2,1,9,2922,1389,1533,465,877,2045,6.67711359685147,7.21551425485961,6.18928677756034,6.33418924731183,6.53679247434436,6.73729043031785,178
"180",2019,9,5.85,10,6.83333333333333,5.42857142857143,4,5.66666666666667,5.92857142857143,3,7,2,3,7,2932,1392,1540,467,880,2052,6.67429260914052,7.21469058908046,6.18582898051948,6.32419271948608,6.53382613636364,6.73453164230019,179
"181",2019,10,6.59090909090909,11,6.58333333333333,6.6,NA,6,6.72222222222222,6,5,0,2,9,2943,1398,1545,467,882,2061,6.67398094801223,7.21198090128755,6.18716933980582,6.32419271948608,6.5326156462585,6.73447788937409,180
"182",2019,11,7.04545454545455,11,7.1875,6.66666666666667,NA,8,6.95,8,3,0,1,10,2954,1406,1548,467,883,2071,6.6753642281652,7.21184160739687,6.18809859819121,6.32419271948608,6.53427746319366,6.73551855625302,181
"183",2019,12,7,7,7.2,6.5,NA,6.5,7.2,5,2,0,2,5,2961,1411,1550,467,885,2076,6.67613168861871,7.21179964564139,6.1885010516129,6.32419271948608,6.5342,6.7366372495183,182
"184",2020,1,7.25,5,7,7.3125,NA,NA,7.25,1,4,0,0,5,2966,1412,1554,467,885,2081,6.67709909979771,7.21164964589235,6.19139422779923,6.32419271948608,6.5342,6.73787070158578,183
"185",2020,2,6.56363636363636,11,8.05,5.71428571428571,6,7,6.31428571428571,4,7,1,4,7,2977,1416,1561,468,889,2088,6.67667985555929,7.21401786723164,6.18925472773863,6.3235,6.53629583802025,6.73645063697318,184
"186",2020,3,7.45666666666667,9,7.5,7.422,NA,NA,7.45666666666667,4,5,0,0,9,2986,1420,1566,468,889,2097,6.67903078700603,7.21482345070423,6.19319069604087,6.3235,6.53629583802025,6.73954169289461,185
"187",2020,4,7,7,7,7,7,7,7,6,1,1,2,5,2993,1426,1567,469,891,2102,6.67978146675576,7.21391956521739,6.19370557115507,6.32494243070362,6.5373367003367,6.7401612416746,186
"188",2020,5,5.615125,8,5.9842,5,5,5.5,5.6535,5,3,1,2,6,3001,1431,1570,470,893,2108,6.67694332889037,7.20962285115304,6.19142460509554,6.32212340425532,6.53501343784994,6.73706827798862,187
"189",2020,6,6.125,8,7.2,4.33333333333333,NA,NA,6.125,5,3,0,0,8,3009,1436,1573,470,893,2116,6.67547588235294,7.2095893454039,6.18788088366179,6.32212340425532,6.53501343784994,6.73475422022684,188
"190",2020,7,6.116,5,6.395,5,NA,5.79,6.33333333333333,4,1,0,2,3,3014,1440,1574,470,895,2119,6.67454775381553,7.20732659722222,6.18712619440915,6.32212340425532,6.53334860335196,6.73418590372817,189
"191",2020,8,6.25,4,NA,6.25,6.33333333333333,7,6,0,4,3,1,3,3018,1440,1578,473,896,2122,6.67398506626905,7.20732659722222,6.1872855703422,6.32219450317125,6.53386941964286,6.73314794062205,190
"192",2020,9,6.94444444444444,9,7.5,6.5,5.875,8,6.41666666666667,4,5,4,3,6,3027,1444,1583,477,899,2128,6.67478920713578,7.20813732686981,6.18827329753632,6.31844444444444,6.53876195773081,6.73225560620301,191
"193",2020,10,7.35,4,7.66666666666667,6.4,NA,8,7.13333333333333,3,1,0,1,3,3031,1447,1584,477,900,2131,6.6756802804355,7.20908797512094,6.18840696338384,6.31844444444444,6.54038555555556,6.73282023932426,192
"194",2020,11,7.02,10,7,7.05,NA,7.5,6.9,6,4,0,2,8,3041,1453,1588,477,902,2139,6.67681253863861,7.20822456985547,6.19057722292191,6.31844444444444,6.5425133037694,6.7334455025713,193
"195",2020,12,6.63636363636364,11,7.16666666666667,6,6.5,6.375,6.78571428571429,6,5,1,4,7,3052,1459,1593,478,906,2146,6.67666675294889,7.20805366689514,6.18997905210295,6.31882426778243,6.54177373068433,6.7336159972041,194
"196",2021,1,7.38636363636364,11,7.85714285714286,6.5625,7.75,6,7.69444444444444,7,4,1,2,9,3063,1466,1597,479,908,2155,6.67921545217108,7.21115300136426,6.1909121039449,6.3218121085595,6.54058039647577,6.73762873781903,195
"197",2021,2,6.66363636363636,11,7.75714285714286,4.75,6,7,6.58888888888889,7,4,2,2,9,3074,1473,1601,481,910,2164,6.67915970396877,7.21374765784114,6.18731207370393,6.32047401247401,6.54159010989011,6.73701013401109,196
"198",2021,3,8.25,4,7,8.66666666666667,7,7,8.66666666666667,1,3,1,1,3,3078,1474,1604,482,911,2167,6.68120108187135,7.2136026458616,6.19194927057357,6.32188381742739,6.54209330406147,6.73968155514536,197
"199",2021,4,6.58888888888889,9,6.75714285714286,6,6,7.26666666666667,6.25,7,2,1,3,6,3087,1481,1606,483,914,2173,6.68093195011338,7.21144517218096,6.19171023038605,6.32121739130435,6.5444715536105,6.73832946617579,198
"200",2021,5,6.83636363636364,11,7.34,6.41666666666667,5,9,6.35555555555556,5,6,1,2,9,3098,1486,1612,484,916,2182,6.68148383795998,7.21187772543742,6.19254753722084,6.31848760330579,6.54983296943232,6.73675065536205,199
"201",2021,6,7.01,10,6.775,7.16666666666667,NA,7,7.01111111111111,4,6,0,1,9,3108,1490,1618,484,917,2191,6.68254083976834,7.21070489932886,6.19615984548826,6.31848760330579,6.55032388222465,6.73787764947513,200
"202",2021,7,7,7,8,6.25,NA,6.75,7.1,3,4,0,2,5,3115,1493,1622,484,919,2196,6.68325423113965,7.21229089082385,6.19629262022195,6.31848760330579,6.55075843307944,6.73870215391621,201
"203",2021,8,5.5,4,6.66666666666667,2,NA,2,6.66666666666667,3,1,0,1,3,3119,1496,1623,484,920,2199,6.68173675216416,7.21119672459893,6.19370710412816,6.31848760330579,6.54581195652174,6.73860387903593,202
"204",2021,9,6.5625,8,6.25,7.5,NA,6,6.75,6,2,0,2,6,3127,1502,1625,484,922,2205,6.68143170131116,7.20735705725699,6.19531484923077,6.31848760330579,6.54462798264642,6.73863488888889,203
"205",2021,10,7.48333333333333,6,8.96666666666667,6,NA,7.975,6.5,3,3,0,4,2,3133,1505,1628,484,926,2207,6.68296742100224,7.21086398671096,6.19495493243243,6.31848760330579,6.55080669546436,6.73841863615768,204
"206",2021,11,8.2,4,8.9,7.5,5,5,9.26666666666667,2,2,1,1,3,3137,1507,1630,485,927,2210,6.68490179470832,7.21310570670206,6.19655621472393,6.31576907216495,6.54913376483279,6.74185064705882,205
"207",2021,12,6.8,5,6.33333333333333,7.5,NA,NA,6.8,3,2,0,0,5,3142,1510,1632,485,927,2215,6.6850849554424,7.21135781456954,6.19815357230392,6.31576907216495,6.54913376483279,6.74198190970655,206
"208",2022,1,6.7,10,7.66666666666667,6.28571428571429,NA,4,7,3,7,0,1,9,3152,1513,1639,485,928,2224,6.68513227474619,7.21226060806345,6.19852753508237,6.31576907216495,6.54638685344828,6.74302604766187,207
"209",2022,2,6.58888888888889,9,6.875,6.36,7,7,6.47142857142857,4,5,1,2,7,3161,1517,1644,486,930,2231,6.68485825055362,7.21137132498352,6.19901863138686,6.31717695473251,6.5473623655914,6.74217388166741,208
"210",2022,3,6.58333333333333,6,7.16666666666667,6,6,6.5,6.625,3,3,2,2,4,3167,1520,1647,488,932,2235,6.68466590779918,7.21128309210526,6.19865612021858,6.31587704918033,6.54726072961373,6.74196417449664,209
"211",2022,4,6,2,NA,6,6,NA,6,0,2,2,0,2,3169,1520,1649,490,932,2237,6.68423380561692,7.21128309210526,6.1984151788963,6.31458775510204,6.54726072961373,6.7413008180599,210
"212",2022,5,7.8,4,7.6,8,NA,NA,7.8,2,2,0,0,4,3173,1522,1651,490,932,2241,6.68564038134258,7.21179388961892,6.20059759539673,6.31458775510204,6.54726072961373,6.74319050870147,211
"213",2022,6,6.6,10,7.4,5.8,6.33333333333333,NA,6.6,5,5,3,0,10,3183,1527,1656,493,932,2251,6.68537132579328,7.21241015062214,6.1993880615942,6.31470182555781,6.54726072961373,6.74255438916037,212
"214",2022,7,6.58333333333333,12,6.85714285714286,6.2,NA,7.25,6.25,7,5,0,4,8,3195,1534,1661,493,936,2259,6.68498808450704,7.21078898305085,6.19938990367249,6.31470182555781,6.55026388888889,6.74081006197432,213
"215",2022,8,6.47142857142857,7,6.75,6.36,5,9,6.05,2,5,1,1,6,3202,1536,1666,494,937,2265,6.68452121486571,7.21018899739583,6.19987192677071,6.31204048582996,6.55287833511206,6.73898010154525,214
"216",2022,9,6.81,10,7.58571428571429,5,6,7.5,6.6375,7,3,1,2,8,3212,1543,1669,495,939,2273,6.68491187110835,7.21189261179521,6.19771517675254,6.3114101010101,6.55489563365282,6.73862293444787,215
"217",2022,10,6,2,6,6,NA,NA,6,1,1,0,0,2,3214,1544,1670,495,939,2275,6.68448566583696,7.21110770725389,6.19759678443114,6.3114101010101,6.55489563365282,6.7379735956044,216
"218",2022,11,6.76666666666667,9,7,6.475,NA,7,6.7,5,4,0,2,7,3223,1549,1674,495,941,2282,6.68471515048092,7.21042627501614,6.19825963560334,6.3114101010101,6.55584165781084,6.7378571121823,217
"219",2022,12,6.08333333333333,6,7.5,4.66666666666667,6,6,6.1,3,3,1,1,5,3229,1552,1677,496,942,2287,6.68359768659028,7.21098601804124,6.1955197555158,6.31078225806452,6.55525159235669,6.7364625841714,218
