"","year","month","avg_rating","no_ratings","avg_rating_owned","avg_rating_not_owned","avg_rating_prev_owned","avg_rating_comment","avg_rating_no_comment","no_ratings_owned","no_ratings_not_owned","no_ratings_prev_owned","no_ratings_comment","no_ratings_no_comment","cum_no_ratings","cum_no_ratings_owned","cum_no_ratings_not_owned","cum_no_ratings_prev_owned","cum_no_ratings_comment","cum_no_ratings_no_comment","cum_avg_rating","cum_avg_rating_owned","cum_avg_rating_not_owned","cum_avg_rating_prev_owned","cum_avg_rating_comment","cum_avg_rating_no_comment","month_after_release"
"1",2012,6,8.16666666666667,3,9,7.75,5.5,9,7.75,1,2,1,1,2,3,1,2,1,1,2,8.16666666666667,9,7.75,5.5,9,7.75,-4
"2",2012,8,7,4,7,7,NA,7,7,2,2,0,1,3,7,3,4,1,2,5,7.5,7.66666666666667,7.375,5.5,8,7.3,-2
"3",2012,9,9.28571428571429,7,9.375,9.16666666666667,9,10,9.16666666666667,4,3,1,1,6,14,7,7,2,3,11,8.39285714285714,8.64285714285714,8.14285714285714,7.25,8.66666666666667,8.31818181818182,-1
"4",2012,10,8.51818181818182,33,8.70740740740741,7.66666666666667,8,8.375,8.564,27,6,3,8,25,47,34,13,5,11,36,8.48085106382979,8.69411764705882,7.92307692307692,7.7,8.45454545454546,8.48888888888889,0
"5",2012,11,7.96625,120,8.53333333333333,6.78846153846154,6.86666666666667,7.39285714285714,8.14076086956522,81,39,15,28,92,167,115,52,20,39,128,8.11107784431138,8.58086956521739,7.07211538461539,7.075,7.69230769230769,8.238671875,1
"6",2012,12,7.91212121212121,99,8.24109589041096,6.98846153846154,7,7.48421052631579,8.01375,73,26,8,19,80,266,188,78,28,58,208,8.03703007518797,8.44893617021277,7.04423076923077,7.05357142857143,7.62413793103448,8.15216346153846,2
"7",2013,1,7.8570652173913,92,8.15725806451613,7.23666666666667,7.44285714285714,7.76842105263158,7.88013698630137,62,30,7,19,73,358,250,108,35,77,281,7.99078212290503,8.3766,7.09768518518519,7.13142857142857,7.65974025974026,8.08149466192171,3
"8",2013,2,8.06447368421053,114,8.54144736842105,7.11052631578947,7.5,8.07727272727273,8.06141304347826,76,38,15,22,92,472,326,146,50,99,373,8.00858050847457,8.41503067484663,7.10102739726027,7.242,7.75252525252525,8.07654155495979,4
"9",2013,3,7.76910569105691,123,8.129375,7.09883720930233,7.340625,7.58703703703704,7.8203125,80,43,16,27,96,595,406,189,66,126,469,7.9590756302521,8.35874384236453,7.1005291005291,7.26590909090909,7.71706349206349,8.02409381663113,5
"10",2013,4,7.77826086956522,115,8.1375,6.95714285714286,7.28571428571429,7.60869565217391,7.82065217391304,80,35,7,23,92,710,486,224,73,149,561,7.92978873239437,8.32232510288066,7.078125,7.26780821917808,7.7003355704698,7.99073083778966,6
"11",2013,5,7.626953125,128,8.21455696202532,6.67959183673469,7.10416666666667,7.3530303030303,7.72210526315789,79,49,24,33,95,838,565,273,97,182,656,7.88353221957041,8.30725663716814,7.00659340659341,7.22731958762887,7.63736263736264,7.95182926829268,7
"12",2013,6,7.77439024390244,123,8.289375,6.81627906976744,6.95384615384615,7.46041666666667,7.85050505050505,80,43,13,24,99,961,645,316,110,206,755,7.86956295525494,8.30503875968992,6.98069620253165,7.195,7.61674757281553,7.93854304635762,8
"13",2013,7,7.77190082644628,121,8.31901408450704,6.995,7.15625,7.16666666666667,7.94574468085106,71,50,16,27,94,1082,716,366,126,233,849,7.85864140480591,8.30642458100558,6.98265027322404,7.19007936507936,7.56459227467811,7.93934040047114,9
"14",2013,8,7.83457943925234,107,8.20606060606061,7.23658536585366,7.01428571428571,7.40454545454545,7.94588235294118,66,41,14,22,85,1189,782,407,140,255,934,7.85647603027754,8.29795396419437,7.00823095823096,7.1725,7.55078431372549,7.93993576017131,10
"15",2013,9,7.71920731707317,164,8.13785046728972,6.93333333333333,6.95,7.12413793103448,7.84703703703704,107,57,24,29,135,1353,889,464,164,284,1069,7.83983739837398,8.27868391451068,6.99903017241379,7.13993902439024,7.50721830985916,7.92820392890552,11
"16",2013,10,7.53584899371069,159,7.85679611650485,6.94553553571429,6.71666666666667,7.41857114285714,7.56895161290323,103,56,21,35,124,1512,992,520,185,319,1193,7.80787036375661,8.23487903225806,6.99326921153846,7.09189189189189,7.49749213166144,7.89086336965633,12
"17",2013,11,7.55086705202312,173,8.07067307692308,6.76739130434783,7.16129032258065,7.15,7.64184397163121,104,69,31,32,141,1685,1096,589,216,351,1334,7.7814836735905,8.21929744525547,6.96680813242784,7.10185185185185,7.46581193732194,7.86454272863568,13
"18",2013,12,7.48584337349398,166,7.89027777777778,6.73275862068965,6.52777777777778,7.3109756097561,7.5432,108,58,18,41,125,1851,1204,647,234,392,1459,7.75497028092923,8.18978405315615,6.94582687789799,7.05769230769231,7.44961732142857,7.83701165181631,14
"19",2014,1,7.56818181818182,242,7.82654320987654,7.045,6.921875,7.40444444444444,7.60558375634518,162,80,32,45,197,2093,1366,727,266,437,1656,7.73337314381271,8.14670571010249,6.95674001375516,7.04135338345865,7.44496565217391,7.8094806763285,15
"20",2014,2,7.50401069518717,187,7.99260869565217,6.72361111111111,6.76666666666667,6.85,7.64934640522876,115,72,24,34,153,2280,1481,799,290,471,1809,7.71456139912281,8.13474004051317,6.93573215269086,7.01862068965517,7.40201696390658,7.79593698175788,16
"21",2014,3,7.53850931677019,161,7.87216494845361,7.0328125,7.04347826086957,7.62592592592593,7.52089552238806,97,64,23,27,134,2441,1578,863,313,498,1943,7.70294960671856,8.11859949302915,6.94293162224797,7.02044728434505,7.4141566064257,7.77696860524961,17
"22",2014,4,7.67975,124,7.9725,7.14747727272727,7.17445,7.80434782608696,7.65137623762376,80,44,20,23,101,2565,1658,907,333,521,2044,7.7018280662768,8.11155006031363,6.95285445424476,7.0296966966967,7.43138193857965,7.77076272015656,18
"23",2014,5,7.43483606557377,122,7.65833333333333,7.03863636363636,6.80434782608696,6.96206896551724,7.58225806451613,78,44,23,29,93,2687,1736,951,356,550,2137,7.68970561592855,8.0911866359447,6.95682333333334,7.01513764044944,7.40663634545455,7.76255919513336,19
"24",2014,6,7.22008208955224,134,7.72916666666667,6.62888709677419,6.78888888888889,6.93181818181818,7.27670535714286,72,62,27,22,112,2821,1808,1013,383,572,2249,7.66739808224034,8.07676991150443,6.9367522112537,6.99918798955614,7.38837410839161,7.73836371720765,20
"25",2014,7,7.34577922077922,154,7.76195652173913,6.72822580645161,6.875,7.06296296296296,7.40590551181102,92,62,24,27,127,2975,1900,1075,407,599,2376,7.65074957647059,8.06152631578948,6.92472557209302,6.99186486486487,7.37370616026711,7.72059343434344,21
"26",2014,8,7.3463768115942,138,7.96103896103896,6.57049180327869,6.71428571428571,7.08148148148148,7.41081081081081,77,61,28,27,111,3113,1977,1136,435,626,2487,7.63725666238355,8.05761254425898,6.9057042165493,6.97399770114943,7.36110222044729,7.7067671893848,22
"27",2014,9,7.19549180327869,122,7.73881578947368,6.29782608695652,6.18421052631579,7.19666666666667,7.19510869565217,76,46,19,30,92,3235,2053,1182,454,656,2579,7.62059659659969,8.04581100828057,6.88204736886633,6.94094493392071,7.35358230182927,7.68851492826677,23
"28",2014,10,7.26930769230769,130,7.68410256410256,6.64711538461538,6.668,6.69090909090909,7.38712962962963,78,52,25,22,108,3365,2131,1234,479,678,2687,7.60702525705795,8.03257156264665,6.87214747974068,6.9266993736952,7.33207963126844,7.67640119091924,24
"29",2014,11,7.36538461538461,156,7.96467391304348,6.50390625,6.36428571428571,6.97692307692308,7.44307692307692,92,64,28,26,130,3521,2223,1298,507,704,2817,7.59631922465209,8.0297615834458,6.85399074730354,6.89563905325444,7.31896305397727,7.66563365282215,25
"30",2014,12,7.21687116564417,163,7.78622448979592,6.35846153846154,6.47241379310345,6.71,7.3312030075188,98,65,29,30,133,3684,2321,1363,536,734,2950,7.5795303990228,8.01947867298578,6.83035949376376,6.87274067164179,7.29407355585831,7.65055593220339,26
"31",2015,1,7.53096234309623,239,7.78272727272727,6.96959459459459,6.90833333333333,7.65441176470588,7.51048780487805,165,74,30,34,205,3923,2486,1437,566,768,3155,7.57657149885292,8.00376508447305,6.83752956854558,6.87462720848056,7.31002602864583,7.64145483359746,27
"32",2015,2,7.28479381443299,194,7.65869565217391,6.74050632911392,6.80416666666667,7.27083333333333,7.28676470588235,115,79,36,24,170,4117,2601,1516,602,792,3325,7.56282244109789,7.98850826605152,6.83247360817942,6.87041362126246,7.30883837121212,7.62332030075188,28
"33",2015,3,7.58708791208791,182,7.84,7.20069444444444,6.958,7.57413793103448,7.58954248366013,110,72,25,29,153,4299,2711,1588,627,821,3478,7.56384973016981,7.98248247879012,6.84916875944584,6.87390590111643,7.31820948842874,7.62183438757907,29
"34",2015,4,7.26503267973856,153,7.7435,6.3622641509434,6.58333333333333,7.2,7.27210144927536,100,53,24,15,138,4452,2811,1641,651,836,3616,7.55358041105121,7.97398078975454,6.83344301645338,6.8631935483871,7.31608850478469,7.60848727876106,30
"35",2015,5,7.49544117647059,136,7.93512195121951,6.82777777777778,6.83333333333333,7.38235294117647,7.51159663865546,82,54,21,17,119,4588,2893,1695,672,853,3735,7.55185701612903,7.97287936398203,6.83326253097345,6.86226041666667,7.31740913247362,7.60540026773762,31
"36",2015,6,7.41746153846154,130,7.78653846153846,6.86384615384615,6.572,7.124,7.48733333333333,78,52,25,25,105,4718,2971,1747,697,878,3840,7.54815387664264,7.96798720969371,6.83417286204923,6.8518493543759,7.31190203872437,7.602171875,32
"37",2015,7,7.31823899371069,159,7.75618556701031,6.63306451612903,6.55714285714286,6.63636363636364,7.42773722627737,97,62,28,22,137,4877,3068,1809,725,900,3977,7.54065818946073,7.96129074315515,6.82728025981205,6.8404675862069,7.29538887777778,7.5961629368871,33
"38",2015,8,7.37931720430108,186,7.68318584070796,6.90894520547945,7.01470731707317,7.49782608695652,7.36259509202454,113,73,41,23,163,5063,3181,1882,766,923,4140,7.53473098755678,7.95141150581578,6.83044792242296,6.84979373368146,7.30043335861322,7.58696690821256,34
"39",2015,9,7.45123456790123,162,7.67358490566038,7.03035714285714,6.84545454545455,6.975,7.53405797101449,106,56,22,24,138,5225,3287,1938,788,947,4278,7.53214219904306,7.94245208396714,6.83622445304438,6.84967258883249,7.29218583949314,7.58526016830294,35
"40",2015,10,7.48136094674556,169,7.76633663366337,7.05808823529412,6.95535714285714,7.00666666666667,7.58381294964029,101,68,28,30,139,5394,3388,2006,816,977,4417,7.53055116611049,7.93720188902007,6.84374525922233,6.85329901960784,7.28341861821904,7.5852146253113,36
"41",2015,11,7.40896226415094,212,7.75300751879699,6.82974683544304,6.73913043478261,7.26323529411765,7.43679775280899,133,79,23,34,178,5606,3521,2085,839,1011,4595,7.5259530841955,7.93024424879296,6.84321486330935,6.85016924910608,7.28273985163205,7.57946528835691,37
"42",2015,12,7.34793269230769,208,7.76151079136691,6.51478260869565,6.56730769230769,7.8390625,7.25863636363636,139,69,26,32,176,5814,3660,2154,865,1043,4771,7.51958427760578,7.92383606557377,6.83269405292479,6.84166705202312,7.2998082358581,7.56763005659191,38
"43",2016,1,7.28510638297872,235,7.59383116883117,6.69814814814815,6.63970588235294,7.22592592592593,7.29278846153846,154,81,34,27,208,6049,3814,2235,899,1070,4979,7.51047495288477,7.91051127425275,6.82781789261745,6.83402892102336,7.29794391588785,7.55614842337819,39
"44",2016,2,7.29428571428571,175,7.57476190476191,6.87357142857143,6.81904761904762,6.94,7.36758620689655,105,70,21,30,145,6224,3919,2305,920,1100,5124,7.50439636728792,7.90151569277877,6.82920737093276,6.83368695652174,7.28818180909091,7.55081245120999,40
"45",2016,3,7.22064736842105,190,7.67246218487395,6.46338028169014,6.31034482758621,6.80652173913044,7.27768263473054,119,71,29,23,167,6414,4038,2376,949,1123,5291,7.49599095572186,7.89476547795939,6.81827566919192,6.81769441517387,7.27831699910953,7.54219164619165,41
"46",2016,4,7.31407035175879,199,7.71654676258993,6.38166666666667,6.72608695652174,7.00769230769231,7.36011560693642,139,60,23,26,173,6613,4177,2436,972,1149,5464,7.49051655678209,7.88883480967201,6.80752175287356,6.81552674897119,7.27219320278503,7.53642679355783,42
"47",2016,5,7.37710526315789,190,7.77103174603175,6.6015625,6.74333333333333,7.29761904761905,7.38698224852071,126,64,30,21,169,6803,4303,2500,1002,1170,5633,7.48734910921652,7.88538531257263,6.802249196,6.81336526946108,7.27264956410256,7.53194319190485,43
"48",2016,6,7.41465968586387,191,7.69076923076923,6.82622950819672,6.42631578947368,7.54814814814815,7.39268292682927,130,61,19,27,164,6994,4433,2561,1021,1197,5797,7.48536402487847,7.87967809609745,6.8028203787583,6.80616258570029,7.27886381787803,7.52800345006038,44
"49",2016,7,7.31238993710692,159,7.61486486486486,6.61291666666667,6.51777777777778,7.0525,7.34978417266187,111,48,18,20,139,7153,4544,2609,1039,1217,5936,7.48151908150426,7.87320928697183,6.79932655806823,6.80116650625602,7.27514378800329,7.52383018867925,45
"50",2016,8,7.20663265306122,196,7.56134453781513,6.65844155844156,6.4875,7.12380952380952,7.21657142857143,119,77,32,21,175,7349,4663,2686,1071,1238,6111,7.4741877792897,7.86525048252198,6.79528778481013,6.79179458450047,7.27257672859451,7.51503125511373,46
"51",2016,9,7.15210843373494,166,7.64473684210526,6.07211538461539,6.41,6.93939393939394,7.20488721804511,114,52,25,33,133,7515,4777,2738,1096,1271,6244,7.46707331869594,7.859988067825,6.78155331994156,6.78308576642336,7.26392603461841,7.50842504804613,47
"52",2016,10,7.47680710659898,197,7.82023846153846,6.81044776119403,6.88181818181818,7.23461538461538,7.51363157894737,130,67,33,26,171,7712,4907,2805,1129,1297,6415,7.46732196447095,7.85893499082943,6.78224349019608,6.78597165633304,7.26333846569005,7.50856383476228,48
"53",2016,11,7.27188172043011,186,7.59666666666667,6.68136363636364,6.58333333333333,7.38888888888889,7.25201257861635,120,66,27,27,159,7898,5027,2871,1156,1324,6574,7.46271929475816,7.8526743584643,6.77992441309648,6.78123875432526,7.26589878398792,7.50235883784606,49
"54",2016,12,7.30670103092783,194,7.50384615384615,6.90625,6.84782608695652,7.28333333333333,7.3109756097561,130,64,23,30,164,8092,5157,2935,1179,1354,6738,7.458978866782,7.84388093853016,6.78267904258944,6.78253774385072,7.26628507385524,7.49770065301276,50
"55",2017,1,7.22241245136187,257,7.63161676646707,6.46311111111111,6.78690476190476,6.83648648648649,7.28731818181818,167,90,42,37,220,8349,5324,3025,1221,1391,6958,7.4516968487244,7.83722276483847,6.77317123636364,6.78268796068796,7.25485261682243,7.49104872089681,51
"56",2017,2,7.36358744394619,223,7.71241830065359,6.60114285714286,6.82931034482759,7.47105263157895,7.34151351351351,153,70,29,38,185,8572,5477,3095,1250,1429,7143,7.44940468852076,7.83373635201753,6.76928044911147,6.7837696,7.26060181245626,7.48717583648327,52
"57",2017,3,7.47134020618557,194,7.73272058823529,6.85844827586207,6.91304347826087,7.24583333333333,7.50317647058823,136,58,23,24,170,8766,5613,3153,1273,1453,7313,7.4498901425964,7.83128879387137,6.77092070726293,6.78610526315789,7.26035787336545,7.48754779160399,53
"58",2017,4,7.33352941176471,170,7.69272727272727,6.675,6.80740740740741,6.76470588235294,7.39673202614379,110,60,27,17,153,8936,5723,3213,1300,1470,7466,7.44767647605193,7.82862554604229,6.76912947089947,6.78654769230769,7.25462584353741,7.48568671309938,54
"59",2017,5,7.28969696969697,165,7.63362831858407,6.54230769230769,6.07142857142857,6.71481481481482,7.40217391304348,113,52,14,27,138,9101,5836,3265,1314,1497,7604,7.44481232721679,7.82484989718986,6.76551699540582,6.77892846270928,7.24488977287909,7.48417109416097,55
"60",2017,6,7.2390243902439,164,7.62452830188679,6.53448275862069,6.18,7.035,7.26736111111111,106,58,25,20,144,9265,5942,3323,1339,1517,7748,7.44116966972477,7.82127633793336,6.76148449894674,6.76774607916355,7.24212260382334,7.48014158492514,56
"61",2017,7,7.14571428571429,140,7.69484536082474,5.90697674418605,5.94444444444444,7.05263157894737,7.1603305785124,97,43,18,19,121,9405,6039,3366,1357,1536,7869,7.43677160978203,7.81924557045869,6.75056832739156,6.75682535003684,7.23977863932292,7.4752239166349,57
"62",2017,8,7.28938202247191,178,7.62916666666667,6.58637931034483,6.10625,7.23421052631579,7.2959748427673,120,58,16,19,159,9583,6159,3424,1373,1555,8028,7.43403391317959,7.81554213346323,6.74778708820094,6.74924399126001,7.23971060450161,7.47167376681614,58
"63",2017,9,7.44560240963855,166,7.93305555555556,6.53793103448276,6.3,7.15416666666667,7.49485915492958,108,58,15,24,142,9749,6267,3482,1388,1579,8170,7.43423089445071,7.8175672570608,6.74429149626652,6.74438904899135,7.23841037998733,7.47207674418605,59
"64",2017,10,7.12528409090909,176,7.47548076923077,6.61944444444444,6.67241379310345,6.73,7.17596153846154,104,72,29,20,156,9925,6371,3554,1417,1599,8326,7.42875234156171,7.8119830481871,6.74176223691615,6.74291601976006,7.23205127579737,7.46652858515494,60
"65",2017,11,7.18092523364486,214,7.55055319148936,6.46698630136986,6.40909090909091,6.84777777777778,7.22902673796791,141,73,33,27,187,10139,6512,3627,1450,1626,8513,7.42352154946247,7.80632248157248,6.73623186931348,6.73531862068965,7.22567035055351,7.46131152355221,61
"66",2017,12,7.17205445544554,202,7.46603846153846,6.64125,6.446875,7.22116666666667,7.16348837209302,130,72,32,30,172,10341,6642,3699,1482,1656,8685,7.41860941785127,7.79966230051189,6.73438307380373,6.72909041835358,7.2255887620773,7.45541335636154,62
"67",2018,1,7.21412878787879,264,7.47520231213873,6.7178021978022,6.34333333333333,6.94166666666667,7.25714912280702,173,91,33,36,228,10605,6815,3790,1515,1692,8913,7.41351909382367,7.79142582538518,6.73398495778364,6.72068778877888,7.21954786643026,7.45034163581286,63
"68",2018,2,7.14016853932584,178,7.43114035087719,6.621875,6.45416666666667,6.83095238095238,7.18152866242038,114,64,24,21,157,10783,6929,3854,1539,1713,9070,7.40900676898822,7.78549819598788,6.73212324597821,6.71653151397011,7.21478399883246,7.44568853362734,64
"69",2018,3,7.07748538011696,171,7.4243119266055,6.46774193548387,5.56818181818182,6.82222222222222,7.10751633986928,109,62,22,18,153,10954,7038,3916,1561,1731,9223,7.40383147617309,7.77990437624325,6.72793743360572,6.70034721332479,7.21070190063547,7.44007860782826,65
"70",2018,4,7.19970238095238,168,7.52466101694915,6.4328,6.26,7.0196,7.23118881118881,118,50,15,25,143,11122,7156,3966,1576,1756,9366,7.40074806599532,7.77569550027949,6.72421658850227,6.69615609137056,7.20798120159453,7.43688928037583,66
"71",2018,5,7.15403973509934,151,7.67979166666667,6.23636363636364,6.08333333333333,7.34285714285714,7.13474452554745,96,55,24,14,137,11273,7252,4021,1600,1770,9503,7.39744344806174,7.77442595146167,6.7175436433723,6.68696375,7.20904801694915,7.43253341050195,67
"72",2018,6,6.74272727272727,110,7.46065573770492,5.84897959183674,5.555,6.40625,6.8,61,49,20,16,94,11383,7313,4070,1620,1786,9597,7.39111657647369,7.77180869684124,6.70708672972973,6.67298888888889,7.20185609742441,7.42633791809941,68
"73",2018,7,7.04426229508197,122,7.44390243902439,6.225,5.90625,7.01111111111111,7.05,82,40,16,18,104,11505,7395,4110,1636,1804,9701,7.38743850412864,7.76817268424611,6.70239488807786,6.6654902200489,7.19995287694013,7.42230337078652,69
"74",2018,8,7.18154471544715,123,7.46056818181818,6.48,7.05882352941176,6.54090909090909,7.24446428571429,88,35,17,11,112,11628,7483,4145,1653,1815,9813,7.38526057705538,7.76455525858613,6.70051700603136,6.66953539019964,7.19595867217631,7.420273616631,70
"75",2018,9,7.05455473282443,131,7.55471548780488,6.21755102040816,5.96153846153846,7.06666666666667,7.05298853448276,82,49,13,15,116,11759,7565,4194,1666,1830,9929,7.38157638064461,7.76228072306676,6.69487434191702,6.66401080432173,7.19489890163934,7.41598264377077,71
"76",2018,10,7.15590551181102,127,7.46392405063291,6.64895833333333,6.84523809523809,7,7.18,79,48,21,17,110,11886,7644,4242,1687,1847,10039,7.37916512367491,7.75919723574045,6.69435478312117,6.66626674570243,7.19310502977802,7.41339691901584,72
"77",2018,11,7.26109691860465,172,7.54476699115044,6.71779661016949,6.59137931034483,6.96363636363636,7.33171705035971,113,59,29,33,139,12058,7757,4301,1716,1880,10178,7.37748095289434,7.75607352584762,6.69467635201116,6.66500116550116,7.18907712234043,7.41228142464138,73
"78",2018,12,7.04038461538462,130,7.55933333333333,6.33272727272727,6.39090909090909,7.2425,7.00363636363636,75,55,22,20,110,12188,7832,4356,1738,1900,10288,7.37388540613718,7.75418952247191,6.69010628787879,6.66153164556962,7.18963946842105,7.40791216368585,74
"79",2019,1,7.08003510526316,190,7.41143634146342,6.47164179104478,6.36071428571429,6.73214285714286,7.14016462962963,123,67,28,28,162,12378,7955,4423,1766,1928,10450,7.36937485862013,7.74888988183532,6.68679696812118,6.65676217440544,7.18299532676349,7.40376143636364,75
"80",2019,2,7.34787234042553,141,7.66030927835052,6.65909090909091,6.975,7.15384615384615,7.367578125,97,44,16,13,128,12519,8052,4467,1782,1941,10578,7.36913267832894,7.74782277819175,6.68652406312962,6.65961952861953,7.18280009788769,7.4033235970883,76
"81",2019,3,7.17340909090909,132,7.58512820512821,6.5787037037037,6.38888888888889,6.87142857142857,7.20923728813559,78,54,18,14,118,12651,8130,4521,1800,1955,10696,7.36709050667931,7.74626187084871,6.68523622871046,6.65691222222222,7.18057032736573,7.40118240557218,77
"82",2019,4,7.26230088495575,113,7.5509756097561,6.49870967741936,6.444,6.81818181818182,7.31019607843137,82,31,15,11,102,12764,8212,4552,1815,1966,10798,7.36616280162958,7.7443118619094,6.68396594683655,6.65515261707989,7.17854272126145,7.40032293109835,78
"83",2019,5,7.0604,125,7.41118421052632,6.51632653061225,5.92962962962963,6.83333333333333,7.10625,76,49,27,21,104,12889,8288,4601,1842,1987,10902,7.36319745519435,7.74125711993243,6.6821806107368,6.64451791530945,7.17489430800201,7.3975176123647,79
"84",2019,6,6.90766666666667,120,7.3656,6.14444444444444,5.86842105263158,6.72666666666667,6.93352380952381,75,45,19,15,105,13009,8363,4646,1861,2002,11007,7.3589954646783,7.73788819921081,6.67697223202755,6.63659430413756,7.17153595904096,7.39309139729263,80
"85",2019,7,7.18507462686567,134,7.46914893617021,6.5175,6.19473684210526,6.65384615384615,7.24214876033058,94,40,19,13,121,13143,8457,4686,1880,2015,11128,7.35722224758427,7.73490114816129,6.67561096670935,6.63212872340426,7.1681960248139,7.39145012670741,81
"86",2019,8,7.06238196078431,153,7.4379797979798,6.37378592592593,6.23838363636364,7.04090909090909,7.06598809160305,99,54,22,22,131,13296,8556,4740,1902,2037,11259,7.35382945547533,7.73146552244039,6.6721724535865,6.62757436382755,7.16682130093274,7.38766333155698,82
"87",2019,9,7.17447552447552,143,7.56041666666667,6.38617021276596,6.5,7.32777777777778,7.1524,96,47,17,18,125,13439,8652,4787,1919,2055,11384,7.35192100900364,7.72956761558021,6.66936440986004,6.62644421052632,7.16823113868613,7.38508006412509,83
"88",2019,10,7.04974333333333,138,7.49377418604651,6.31538461538462,6.62173913043478,6.9375,7.0644637704918,86,52,23,16,122,13577,8738,4839,1942,2071,11506,7.34884960005892,7.72724692034791,6.66556053523455,6.62638848609681,7.16644857073877,7.3816805171215,84
"89",2019,11,7.0625,124,7.36411764705882,6.40512820512821,5.89473684210526,6.985,7.07740384615385,85,39,19,20,104,13701,8823,4878,1961,2091,11610,7.34625801182395,7.72374856511391,6.66347835793358,6.61929956144824,7.16471305117169,7.37895486907838,85
"90",2019,12,7.07262019230769,156,7.32748641304348,6.70625,6.22692307692308,7.0625,7.07446022727273,92,64,26,24,132,13857,8915,4942,1987,2115,11742,7.34317743883957,7.71965926416153,6.66403226021853,6.61416529441369,7.16355318676123,7.37553183273718,86
"91",2020,1,7.02331952879581,191,7.44510628787879,6.07966101694915,5.68181818181818,6.87272727272727,7.04292325443787,132,59,22,22,169,14048,9047,5001,2009,2137,11911,7.33882857346241,7.71565340665414,6.65713805838832,6.60395542060727,7.16055919045391,7.37081259424062,87
"92",2020,2,6.86216026845638,149,7.32704127659574,6.06763636363636,6.35882352941176,6.11363636363636,6.99182582677165,94,55,17,22,127,14197,9141,5056,2026,2159,12038,7.33382585616679,7.71165717645772,6.6507253619462,6.60189853899309,7.14989114867995,7.3668143121781,88
"93",2020,3,7.0258064516129,155,7.36796116504854,6.34807692307692,5.85789473684211,6.57894736842105,7.08823529411765,103,52,19,19,136,14352,9244,5108,2045,2178,12174,7.33049928093645,7.70782759086975,6.64764436765857,6.59498603422983,7.14491046372819,7.36370220880565,89
"94",2020,4,7.091385,142,7.40955329896907,6.40555555555556,6.13157894736842,6.53529411764706,7.16701336,97,45,19,17,125,14494,9341,5153,2064,2195,12299,7.3281566406789,7.70473021303929,6.64553026004269,6.5907201744186,7.14018906150342,7.36170317586796,90
"95",2020,5,7.01972789115646,147,7.38735632183908,6.48666666666667,6.525,6.40476190476191,7.12222222222222,87,60,32,21,126,14641,9428,5213,2096,2216,12425,7.3250599241855,7.70180154009334,6.64370178975638,6.5897168129771,7.13321976083033,7.35927463661972,91
"96",2020,6,7.27370689655172,116,7.66144578313253,6.29848484848485,5.93666666666667,6.4,7.32981651376147,83,33,15,7,109,14757,9511,5246,2111,2223,12534,7.3246562546588,7.70144936599726,6.64153020015249,6.58507647560398,7.13091092667566,7.35901845859263,92
"97",2020,7,6.93586206896552,116,7.35560975609756,5.92352941176471,5.34375,7,6.92846153846154,82,34,16,12,104,14873,9593,5280,2127,2235,12638,7.32162390573522,7.69849316376524,6.63690671022727,6.57573880582981,7.130208049217,7.35547534103497,93
"98",2020,8,7.23020358778626,131,7.63622493975904,6.528125,6.23529411764706,6.37352941176471,7.35795324561404,83,48,17,17,114,15004,9676,5328,2144,2252,12752,7.32082571447614,7.69795903162464,6.63592669481982,6.57303938432836,7.1244959991119,7.35549749294228,94
"99",2020,9,6.91767605633803,142,7.05909090909091,6.59209302325581,6.73333333333333,6.97058823529412,6.91048,99,43,15,17,125,15146,9775,5371,2159,2269,12877,7.3170460200713,7.69148865370844,6.6355757642897,6.57415305233905,7.12334287791979,7.35117760580881,95
"100",2020,10,7.27513043478261,115,7.46786516853933,6.61538461538461,6.60769230769231,7.65,7.23942857142857,89,26,13,10,105,15261,9864,5397,2172,2279,12982,7.316730163161,7.68947096411192,6.63547849360756,6.57435379373849,7.12565379113646,7.35027376598367,96
"101",2020,11,6.96121387283237,173,7.26632,6.16666666666667,6.13157894736842,6.97058823529412,6.96019230769231,125,48,19,17,156,15434,9989,5445,2191,2296,13138,7.31274517429052,7.68417575232756,6.63134571717172,6.57051412140575,7.12450565766551,7.34564195691886,97
"102",2020,12,6.72099236641221,131,7.01208791208791,6.05875,5.71875,6.43333333333333,6.75818965517241,91,40,16,15,116,15565,10080,5485,2207,2311,13254,7.3077647940893,7.67810829265873,6.62716999635369,6.5643391209787,7.12001946776287,7.34050053040592,98
"103",2021,1,6.99222805263158,190,7.33447686131387,6.10754716981132,6.09523809523809,6.81578947368421,7.01183233918129,137,53,21,19,171,15755,10217,5538,2228,2330,13425,7.30395952713424,7.6735005304884,6.62219708017335,6.55991761220826,7.1175386223176,7.33631414227188,99
"104",2021,2,6.88398550724638,138,7.37741573033708,5.98775510204082,5.5,6.36208333333333,6.99385964912281,89,49,23,24,114,15893,10306,5587,2251,2354,13539,7.30031286415403,7.6709436173103,6.61663279577591,6.54908771212794,7.10983644435004,7.3334306344634,100
"105",2021,3,7.04241221374046,131,7.25186813186813,6.5659,6.3893,6.0286,7.12619834710744,91,40,20,10,121,16024,10397,5627,2271,2364,13660,7.29820446517723,7.66727564874483,6.61627215745512,6.5476805107882,7.10526268612521,7.33159497510981,101
"106",2021,4,6.91923076923077,117,7.15064102564103,6.45641025641026,5.48461538461538,6.77368421052632,6.94744897959184,78,39,13,19,98,16141,10475,5666,2284,2383,13758,7.29545742828821,7.66342863198091,6.6151718019767,6.54162978984238,7.1026189634914,7.32885865387411,102
"107",2021,5,7.02467239316239,117,7.35085714285714,6.53886531914894,6.80625,7.14666666666667,7.00673205882353,70,47,16,15,102,16258,10545,5713,2300,2398,13860,7.29350873539181,7.66135371455666,6.61454403990898,6.54347062608695,7.1028944912427,7.32648802525253,103
"108",2021,6,7.03303571428571,112,7.19066666666667,6.71351351351351,6.34615384615385,6.5,7.06857142857143,75,37,13,7,105,16370,10620,5750,2313,2405,13965,7.29172663530849,7.65802965348399,6.61518088695652,6.54236162559446,7.10113970478171,7.32454880272109,104
"109",2021,7,7.09885964912281,114,7.3675641025641,6.51666666666667,6.38823529411765,7.47333333333333,7.04212121212121,78,36,17,15,99,16484,10698,5786,2330,2420,14064,7.29039280635768,7.65591184520471,6.61456793985482,6.54123709871245,7.10344669008265,7.32256072454494,105
"110",2021,8,7.25599412280702,114,7.48071157303371,6.456,6.42857142857143,7.3,7.2498333,89,25,14,14,100,16598,10787,5811,2344,2434,14164,7.29015654596939,7.65446632520627,6.61388575116159,6.54056418088737,7.10457723500411,7.32204725783677,106
"111",2021,9,6.96041666666667,96,7.17230769230769,6.51612903225806,6.25,6.4,7.04047619047619,65,31,10,12,84,16694,10852,5842,2354,2446,14248,7.28826035401941,7.65157834961297,6.61336701472098,6.53932983857264,7.10112060098119,7.32038723750702,107
"112",2021,10,7.01939655172414,116,7.3775,6.22361111111111,5.98055555555556,5.95,7.17821782178218,80,36,18,15,101,16810,10932,5878,2372,2461,14349,7.28640501784652,7.64957265367728,6.6109799421572,6.53508956155143,7.09410442503048,7.31938653285943,108
"113",2021,11,7.0016393442623,122,7.42794871794872,6.24590909090909,6.04545454545455,6.64166666666667,7.04090909090909,78,44,22,12,110,16932,11010,5922,2394,2473,14459,7.28435319808646,7.64800256584923,6.60826749408983,6.53058999164578,7.09190901334412,7.31726795490698,109
"114",2021,12,7.00763595744681,141,7.24521888888889,6.44761904761905,6.40869565217391,7.01842105263158,7.00595631147541,99,42,23,19,122,17073,11109,5964,2417,2492,14581,7.282067886136,7.64441308128545,6.60713616700201,6.52943005378568,7.09134871187801,7.31466319388245,110
"115",2022,1,6.99114678899083,218,7.31578231292517,6.31901408450704,5.76730769230769,6.93148148148148,6.99958115183246,147,71,26,27,191,17291,11256,6035,2443,2519,14772,7.2784000358568,7.6401212615494,6.60374649544325,6.52131905034793,7.08963516871775,7.31058922488492,111
"116",2022,2,6.85459459459459,148,7.22224299065421,5.89512195121951,5.52142857142857,6.12083333333333,6.91933823529412,107,41,14,12,136,17439,11363,6076,2457,2531,14908,7.27480331555708,7.63618629939277,6.59896479591837,6.51562166870167,7.08504187672857,7.30701999127985,112
"117",2022,3,7.23214285714286,112,7.43703703703704,6.69677419354839,6.54545454545455,7.14545454545455,7.24158415841584,81,31,11,11,101,17551,11444,6107,2468,2542,15009,7.27453108198963,7.63477673191192,6.59946129032258,6.51575463533225,7.08530330055075,7.30657965420748,113
"118",2022,4,7.03285714285714,119,7.33474358974359,6.45853658536585,5.9375,6.94615384615385,7.04349056603774,78,41,16,13,106,17670,11522,6148,2484,2555,15115,7.27290350990379,7.63274561013713,6.59852148666233,6.51202996779388,7.08459529941292,7.30473463645385,114
"119",2022,5,6.73033336363636,110,6.98630635135135,6.20416666666667,5.75,5.77777777777778,6.81521455445545,74,36,8,9,101,17780,11596,6184,2492,2564,15216,7.26954677671541,7.6286203509831,6.59622576002587,6.50958364365971,7.08000818642746,7.30148532465825,115
"120",2022,6,6.92586206896552,87,7.2,6.31666666666667,5.46875,6.5,6.975,60,27,8,9,78,17867,11656,6211,2500,2573,15294,7.26787326859573,7.62641400051476,6.59501048140396,6.506252976,7.07797939759036,7.29982023669413,116
"121",2022,7,7.07758620689655,116,7.4625,6.22222222222222,5.55555555555556,6.5,7.12616822429907,80,36,9,9,107,17983,11736,6247,2509,2582,15401,7.26664581493633,7.62529665899795,6.59286218985113,6.50284274212834,7.07596475213013,7.298613771833,117
"122",2022,8,6.9805,100,7.47028985507246,5.89032258064516,5.38888888888889,6.22222222222222,7.05549450549451,69,31,9,9,91,18083,11805,6278,2518,2591,15492,7.26506341259747,7.6243906471834,6.58939313475629,6.49886117553614,7.07299922423775,7.29718568938807,118
"123",2022,9,6.95836734693878,98,7.06457142857143,6.69285714285714,6.64285714285714,7.31428571428571,6.89904761904762,70,28,7,14,84,18181,11875,6306,2525,2605,15576,7.26341024641109,7.62109066021053,6.5898525372661,6.49926037227723,7.07429596545106,7.29503856574217,119
"124",2022,10,7.17991071428571,112,7.408125,6.609375,6.18,7.67272727272727,7.12623762376238,80,32,10,11,101,18293,11955,6338,2535,2616,15677,7.2628990154704,7.61966554496027,6.58995110444935,6.49800096252465,7.07681230504587,7.29395105568668,120
"125",2022,11,7.01294573643411,129,7.40333333333333,6.11205128205128,5.037,7.06684210526316,7.00363636363636,90,39,10,19,110,18422,12045,6377,2545,2635,15787,7.2611487183802,7.61804911498547,6.58702839893367,6.49226029076621,7.07674041366224,7.29192821308672,121
"126",2022,12,6.82129032258065,124,6.98204545454545,6.42833333333333,6.42307692307692,6.28571428571429,6.88945454545455,88,36,13,14,110,18546,12133,6413,2558,2649,15897,7.25820779089831,7.61343621445644,6.58613754872914,6.49190869429241,7.07255983012458,7.28914327860603,122
