"","year","month","avg_rating","no_ratings","avg_rating_owned","avg_rating_not_owned","avg_rating_prev_owned","avg_rating_comment","avg_rating_no_comment","no_ratings_owned","no_ratings_not_owned","no_ratings_prev_owned","no_ratings_comment","no_ratings_no_comment","cum_no_ratings","cum_no_ratings_owned","cum_no_ratings_not_owned","cum_no_ratings_prev_owned","cum_no_ratings_comment","cum_no_ratings_no_comment","cum_avg_rating","cum_avg_rating_owned","cum_avg_rating_not_owned","cum_avg_rating_prev_owned","cum_avg_rating_comment","cum_avg_rating_no_comment","month_after_release"
"1",2004,7,10,1,10,NA,NA,10,NA,1,0,0,1,0,1,1,0,0,1,0,10,10,NA,NA,10,NA,-29
"2",2004,8,7,2,7,7,NA,7,NA,1,1,0,2,0,3,2,1,0,3,0,8,8.5,7,NA,8,NA,-28
"3",2004,9,7.66666666666667,6,7.75,7.5,NA,8,7.6,4,2,0,1,5,9,6,3,0,4,5,7.77777777777778,8,7.33333333333333,NA,8,7.6,-27
"4",2004,11,7.5,3,7.75,7,NA,7.5,7.5,2,1,0,2,1,12,8,4,0,6,6,7.70833333333333,7.9375,7.25,NA,7.83333333333333,7.58333333333333,-25
"5",2004,12,5.33333333333333,3,7,4.5,NA,4.5,7,1,2,0,2,1,15,9,6,0,8,7,7.23333333333333,7.83333333333333,6.33333333333333,NA,7,7.5,-24
"6",2005,1,6.5,2,8,5,NA,6.5,NA,1,1,0,2,0,17,10,7,0,10,7,7.14705882352941,7.85,6.14285714285714,NA,6.9,7.5,-23
"7",2005,2,7,1,7,NA,NA,NA,7,1,0,0,0,1,18,11,7,0,10,8,7.13888888888889,7.77272727272727,6.14285714285714,NA,6.9,7.4375,-22
"8",2005,3,4,1,NA,4,NA,NA,4,0,1,0,0,1,19,11,8,0,10,9,6.97368421052632,7.77272727272727,5.875,NA,6.9,7.05555555555556,-21
"9",2005,4,4,1,NA,4,NA,4,NA,0,1,0,1,0,20,11,9,0,11,9,6.825,7.77272727272727,5.66666666666667,NA,6.63636363636364,7.05555555555556,-20
"10",2005,5,5.66666666666667,3,8,4.5,NA,4.5,8,1,2,0,2,1,23,12,11,0,13,10,6.67391304347826,7.79166666666667,5.45454545454545,NA,6.30769230769231,7.15,-19
"11",2005,6,8,1,8,NA,NA,8,NA,1,0,0,1,0,24,13,11,0,14,10,6.72916666666667,7.80769230769231,5.45454545454545,NA,6.42857142857143,7.15,-18
"12",2005,8,7,1,7,NA,NA,NA,7,1,0,0,0,1,25,14,11,0,14,11,6.74,7.75,5.45454545454545,NA,6.42857142857143,7.13636363636364,-16
"13",2005,9,7,1,NA,7,NA,7,NA,0,1,0,1,0,26,14,12,0,15,11,6.75,7.75,5.58333333333333,NA,6.46666666666667,7.13636363636364,-15
"14",2005,10,7.25,2,NA,7.25,7.5,NA,7.25,0,2,1,0,2,28,14,14,1,15,13,6.78571428571429,7.75,5.82142857142857,7.5,6.46666666666667,7.15384615384615,-14
"15",2005,11,7,2,7,NA,NA,NA,7,2,0,0,0,2,30,16,14,1,15,15,6.8,7.65625,5.82142857142857,7.5,6.46666666666667,7.13333333333333,-13
"16",2005,12,7.33333333333333,3,7,7.5,NA,7.5,7,1,2,0,2,1,33,17,16,1,17,16,6.84848484848485,7.61764705882353,6.03125,7.5,6.58823529411765,7.125,-12
"17",2006,1,8,1,8,NA,NA,NA,8,1,0,0,0,1,34,18,16,1,17,17,6.88235294117647,7.63888888888889,6.03125,7.5,6.58823529411765,7.17647058823529,-11
"18",2006,2,6.66666666666667,3,NA,6.66666666666667,NA,6.5,7,0,3,0,2,1,37,18,19,1,19,18,6.86486486486486,7.63888888888889,6.13157894736842,7.5,6.57894736842105,7.16666666666667,-10
"19",2006,4,7,2,7,NA,NA,NA,7,2,0,0,0,2,39,20,19,1,19,20,6.87179487179487,7.575,6.13157894736842,7.5,6.57894736842105,7.15,-8
"20",2006,6,7,1,NA,7,7,NA,7,0,1,1,0,1,40,20,20,2,19,21,6.875,7.575,6.175,7.25,6.57894736842105,7.14285714285714,-6
"21",2006,7,7.33333333333333,3,8,6,NA,8,6,2,1,0,2,1,43,22,21,2,21,22,6.90697674418605,7.61363636363636,6.16666666666667,7.25,6.71428571428571,7.09090909090909,-5
"22",2006,8,7,1,NA,7,NA,NA,7,0,1,0,0,1,44,22,22,2,21,23,6.90909090909091,7.61363636363636,6.20454545454545,7.25,6.71428571428571,7.08695652173913,-4
"23",2006,9,6.75,4,7,6.66666666666667,NA,6.33333333333333,8,1,3,0,3,1,48,23,25,2,24,24,6.89583333333333,7.58695652173913,6.26,7.25,6.66666666666667,7.125,-3
"24",2006,10,6.5,2,7,6,6,NA,6.5,1,1,1,0,2,50,24,26,3,24,26,6.88,7.5625,6.25,6.83333333333333,6.66666666666667,7.07692307692308,-2
"25",2006,11,7,1,7,NA,NA,NA,7,1,0,0,0,1,51,25,26,3,24,27,6.88235294117647,7.54,6.25,6.83333333333333,6.66666666666667,7.07407407407407,-1
"26",2006,12,6.875,4,7,6.83333333333333,NA,7,6.75,1,3,0,2,2,55,26,29,3,26,29,6.88181818181818,7.51923076923077,6.31034482758621,6.83333333333333,6.69230769230769,7.05172413793103,0
"27",2007,1,7.09090909090909,11,6.9,7.25,8,6.5,7.3125,5,6,2,3,8,66,31,35,5,29,37,6.91666666666667,7.41935483870968,6.47142857142857,7.3,6.67241379310345,7.10810810810811,1
"28",2007,2,7.36643714285714,7,7.5,7.18835333333333,NA,8,7.26084333333333,4,3,0,1,6,73,35,38,5,30,43,6.95979534246575,7.42857142857143,6.52802789473684,7.3,6.71666666666667,7.12942,2
"29",2007,3,7.55,16,7.975,7.125,7,8.225,6.875,8,8,1,8,8,89,43,46,6,38,51,7.0658995505618,7.53023255813954,6.63184913043478,7.25,7.03421052631579,7.08951098039216,3
"30",2007,4,7.43421052631579,38,8.11875,6.93636363636364,8,7.14615384615385,7.584,16,22,5,13,25,127,59,68,11,51,76,7.17610283464567,7.68983050847458,6.73036852941177,7.59090909090909,7.06274509803922,7.25217184210526,4
"31",2007,5,7.38709677419355,31,7.85294117647059,6.82142857142857,7.5,7.42105263157895,7.33333333333333,17,14,1,19,12,158,76,82,12,70,88,7.21750037974684,7.72631578947369,6.74591536585366,7.58333333333333,7.16,7.26323931818182,5
"32",2007,6,6.94230769230769,26,7.46666666666667,6.22727272727273,7.5,6.5,7.26666666666667,15,11,2,11,15,184,91,93,14,81,103,7.17861445652174,7.68351648351648,6.68457053763441,7.57142857142857,7.07037037037037,7.26373844660194,6
"33",2007,7,7.21666666666667,30,7.70588235294118,6.57692307692308,8,7.52222222222222,7.08571428571429,17,13,2,9,21,214,108,106,16,90,124,7.18394887850467,7.68703703703704,6.67136849056604,7.625,7.11555555555556,7.23358919354839,7
"34",2007,8,7.10416666666667,24,7.9,6.53571428571429,NA,6.92857142857143,7.35,10,14,0,14,10,238,118,120,16,104,134,7.17590361344538,7.70508474576271,6.65554216666667,7.625,7.09038461538462,7.24227656716418,8
"35",2007,9,7.11111111111111,27,8.25,6.63157894736842,9,7,7.16666666666667,8,19,1,9,18,265,126,139,17,113,152,7.16930211320755,7.73968253968254,6.65226661870504,7.70588235294118,7.08318584070797,7.23332276315789,9
"36",2007,10,6.78695652173913,23,7.58,6.17692307692308,7.25,7.22222222222222,6.50714285714286,10,13,2,9,14,288,136,152,19,122,166,7.13876756944444,7.72794117647059,6.61161223684211,7.65789473684211,7.09344262295082,7.17207867469879,10
"37",2007,11,7.32758620689655,29,7.55882352941176,7,7.33333333333333,7.5,7.23684210526316,17,12,3,10,19,317,153,164,22,132,185,7.15604119873817,7.70915032679739,6.64003085365854,7.61363636363636,7.12424242424242,7.17873005405405,11
"38",2007,12,7.0025641025641,39,7.57222222222222,6.51428571428571,7.25,7.1,6.94166666666667,18,21,4,15,24,356,171,185,26,147,209,7.13922769662921,7.69473684210526,6.62575708108108,7.55769230769231,7.12176870748299,7.15150746411483,12
"39",2008,1,6.88703703703704,27,7.93333333333333,6.05,6.625,6.96071428571429,6.80769230769231,12,15,4,14,13,383,183,200,30,161,222,7.12144924281984,7.7103825136612,6.5825753,7.43333333333333,7.10776397515528,7.13137414414414,13
"40",2008,2,6.99545454545455,22,7.65384615384615,6.04444444444444,NA,6.61666666666667,7.45,13,9,0,12,10,405,196,209,30,173,232,7.11460508641975,7.70663265306122,6.55940220095694,7.43333333333333,7.07369942196532,7.14510801724138,14
"41",2008,3,7.21612903225806,31,7.84444444444444,6.34615384615385,5,6.75,7.43809523809524,18,13,2,10,21,436,214,222,32,183,253,7.12182353211009,7.71822429906542,6.54691468468469,7.28125,7.05601092896175,7.16942711462451,15
"42",2008,4,6.92321428571429,28,7.23636363636364,6.72058823529412,7,7.01923076923077,6.84,11,17,2,13,15,464,225,239,34,196,268,7.10983849137931,7.69466666666667,6.5592680334728,7.26470588235294,7.05357142857143,7.15098902985075,16
"43",2008,5,7.02272727272727,22,7.74545454545455,6.3,NA,7.11111111111111,6.96153846153846,11,11,0,9,13,486,236,250,34,205,281,7.10589518518518,7.69703389830508,6.54786024,7.26470588235294,7.05609756097561,7.14222441281139,17
"44",2008,6,6.86666666666667,24,7.61111111111111,6.42,8,7.07272727272727,6.69230769230769,9,15,1,11,13,510,245,265,35,216,294,7.09463737254902,7.69387755102041,6.54062286792453,7.28571428571429,7.05694444444445,7.12233013605442,18
"45",2008,7,7.15,30,7.67857142857143,6.6875,6.58333333333333,7.26428571428571,7.05,14,16,6,14,16,540,259,281,41,230,310,7.09771307407407,7.69305019305019,6.54898597864769,7.18292682926829,7.06956521739131,7.11859696774193,19
"46",2008,8,6.95588235294118,34,7.65384615384615,6.52380952380952,6.75,6.45454545454545,7.19565217391304,13,21,4,11,23,574,272,302,45,241,333,7.08931195121951,7.69117647058824,6.54723529801324,7.14444444444444,7.04149377593361,7.1239190990991,20
"47",2008,9,7.24615384615385,26,7.88181818181818,6.78,7,7.55555555555556,7.08235294117647,11,15,6,9,17,600,283,317,51,250,350,7.09610843333333,7.69858657243816,6.55824940063092,7.12745098039216,7.06,7.12190017142857,21
"48",2008,10,7.23333333333333,24,7.57857142857143,6.75,7.25,7.25,7.22142857142857,14,10,2,10,14,624,297,327,53,260,364,7.10138631410256,7.69292929292929,6.56411333333333,7.13207547169811,7.06730769230769,7.12572818681319,22
"49",2008,11,6.82692307692308,26,7.66666666666667,6.38235294117647,4.75,6.68181818181818,6.93333333333333,9,17,2,11,15,650,306,344,55,271,379,7.09040778461538,7.6921568627451,6.55513098837209,7.04545454545455,7.05166051660517,7.11811361477572,23
"50",2008,12,6.78125,16,7.5,6.22222222222222,7.16666666666667,6.2,7.04545454545455,7,9,3,5,11,666,313,353,58,276,390,7.08298057057057,7.68785942492013,6.54664322946176,7.05172413793103,7.03623188405797,7.11606425641026,24
"51",2009,1,7.06395454545455,22,7.8707,6.39166666666667,7.075,7.9414,6.80588235294118,10,12,4,5,17,688,323,365,62,281,407,7.08237218023256,7.69352012383901,6.54154810958904,7.05322580645161,7.05233807829182,7.10310825552825,25
"52",2009,2,6.53428571428571,35,7.6,6.35666666666667,6.76666666666667,6.51,6.544,5,30,6,10,25,723,328,395,68,291,432,7.05583964038727,7.69209451219512,6.52750648101266,7.02794117647059,7.03370103092784,7.0707524537037,26
"53",2009,3,7.17037037037037,27,7.61111111111111,6.95,7.125,6.96363636363636,7.3125,9,18,4,11,16,750,337,413,72,302,448,7.05996274666667,7.68993175074184,6.54592024213075,7.03333333333333,7.03114900662252,7.07938629464286,27
"54",2009,4,7.00135135135135,37,7.984375,6.25238095238095,6.85714285714286,6.81111111111111,7.0625,16,21,7,9,28,787,353,434,79,311,476,7.05720719186785,7.7032776203966,6.5317167281106,7.01772151898734,7.02478135048232,7.07839298319328,28
"55",2009,5,7.24193548387097,31,7.625,6.83333333333333,6.9,7.15,7.28571428571429,16,15,5,10,21,818,369,449,84,321,497,7.06420789731051,7.69988346883469,6.54179300668151,7.01071428571429,7.02868224299066,7.08715303822938,29
"56",2009,6,6.90833333333333,30,7.41071428571429,6.46875,7,6.97727272727273,6.86842105263158,14,16,7,11,19,848,383,465,91,332,516,7.05869346698113,7.68931331592689,6.53927969892473,7.00989010989011,7.02697891566265,7.07909895348837,30
"57",2009,7,6.64615384615385,26,7.23333333333333,6.14285714285714,6.58333333333333,6.5,6.69,12,14,6,6,20,874,395,479,97,338,536,7.04642112128147,7.67546075949367,6.52769323590814,6.98350515463918,7.01762426035503,7.06458033582089,31
"58",2009,8,6.80857142857143,35,7.40625,6.30526315789474,6.0375,6.90909090909091,6.7625,16,19,8,11,24,909,411,498,105,349,560,7.03726299229923,7.66498053527981,6.51920694779116,6.91142857142857,7.01420343839542,7.05163403571429,32
"59",2009,9,6.77777777777778,27,7.5,6.35294117647059,5.75,6.90909090909091,6.6875,10,17,4,11,16,936,421,515,109,360,576,7.02977784188034,7.66106175771971,6.5137185631068,6.86880733944954,7.01099166666667,7.04151920138889,33
"60",2009,10,7.28166666666667,30,7.6625,7.02777777777778,6.875,7.15833333333333,7.3125,12,18,4,6,24,966,433,533,113,366,600,7.03760047619048,7.66110161662817,6.53107891181989,6.86902654867257,7.01340710382514,7.05235843333333,34
"61",2009,11,7.525,36,7.73529411764706,7.33684210526316,7.41666666666667,7.66666666666667,7.45416666666667,17,19,6,12,24,1002,450,552,119,378,624,7.05511183632735,7.66390444444444,6.55881351449275,6.89663865546219,7.0341455026455,7.06781259615384,35
"62",2009,12,7.21290322580645,31,7.60714285714286,6.88823529411765,7.41666666666667,7,7.33,14,17,6,11,20,1033,464,569,125,389,644,7.05984710551791,7.66219181034483,6.56865564147627,6.9216,7.03317994858612,7.0759550621118,36
"63",2010,1,6.49393939393939,33,7.36363636363636,6.05909090909091,6.85714285714286,5.83333333333333,6.64074074074074,11,22,7,6,27,1066,475,591,132,395,671,7.04232838649156,7.65527789473684,6.54968707275804,6.91818181818182,7.01495443037975,7.0584427123696,37
"64",2010,2,6.64117647058824,17,7.11111111111111,6.1125,6.66666666666667,6.75,6.60769230769231,9,8,3,4,13,1083,484,599,135,399,684,7.03603144967682,7.64515909090909,6.5438481803005,6.91259259259259,7.01229824561404,7.04987581871345,38
"65",2010,3,6.61071428571429,28,6.91666666666667,6.46578947368421,6.3125,6.9375,6.55625,9,19,4,4,24,1111,493,618,139,403,708,7.02531238523852,7.63186004056795,6.5414483171521,6.89532374100719,7.01155583126551,7.03314274011299,39
"66",2010,4,6.88888888888889,27,7.55555555555556,6.55555555555556,7.5,7.5,6.675,9,18,4,7,20,1138,502,636,143,410,728,7.02207562390158,7.63049203187251,6.54184757861635,6.91223776223776,7.01989512195122,7.02330365384615,40
"67",2010,5,7.09333333333333,15,8.3,6.49,7,8.0625,5.98571428571429,5,10,1,8,7,1153,507,646,144,418,735,7.02300265394623,7.63709467455621,6.54104498452012,6.91284722222222,7.03984928229665,7.01342185034014,41
"68",2010,6,6.34375,16,7.6875,5,NA,7.375,6,8,8,0,4,12,1169,515,654,144,422,747,7.01370578272027,7.63787766990291,6.52219428134557,6.91284722222222,7.04302606635071,6.99714198125837,42
"69",2010,7,6.95238095238095,21,7.77272727272727,6.05,7,5.75,7.23529411764706,11,10,1,4,17,1190,526,664,145,426,764,7.01262357983193,7.64069771863118,6.51508292168675,6.91344827586207,7.03088497652582,7.00244117801047,43
"70",2010,8,6.925,26,7.62857142857143,6.10416666666667,7.0625,6.3,7.315625,14,12,4,10,16,1216,540,676,149,436,780,7.0107500493421,7.64038333333333,6.50778855029586,6.91744966442953,7.01412155963303,7.00886546153846,44
"71",2010,9,7.32142857142857,7,7.25,7.5,7,10,6.875,5,2,1,1,6,1223,545,678,150,437,786,7.01252825838103,7.63680183486238,6.51071542772861,6.918,7.02095423340961,7.00784358778626,45
"72",2010,10,7.45625,16,7.84545454545455,6.6,7,7.6,7.39090909090909,11,5,3,5,11,1239,556,683,153,442,797,7.01825832122679,7.64092985611511,6.51136904831625,6.91960784313726,7.02750452488688,7.01313056461731,46
"73",2010,11,7.04230769230769,26,7.51428571428571,6.86842105263158,7,7.7375,6.73333333333333,7,19,3,8,18,1265,563,702,156,450,815,7.01875261660079,7.63935523978686,6.52103284900285,6.92115384615385,7.04012666666667,7.00695099386503,47
"74",2010,12,7.11617647058824,34,7.6,6.73421052631579,6.97142857142857,7.19166666666667,7.075,15,19,7,12,22,1299,578,721,163,462,837,7.02130258660508,7.6383339100346,6.52665056865465,6.92331288343558,7.04406277056277,7.0087396176822,48
"75",2011,1,7.0125,20,8.00625,6.35,7.2,8.3,6.78529411764706,8,12,6,3,17,1319,586,733,169,465,854,7.02116911296437,7.6433566552901,6.52375860845839,6.93313609467456,7.05216559139785,7.00429163934426,49
"76",2011,2,7.37826086956522,23,7.60769230769231,7.08,7.5,7.26,7.46923076923077,13,10,2,10,13,1342,599,743,171,475,867,7.02728916542474,7.64258263772955,6.53124503364737,6.93976608187134,7.05654105263158,7.0112630449827,50
"77",2011,3,7.11176470588235,17,7.55555555555556,6.6125,6.23333333333333,7.23333333333333,7.08571428571429,9,8,3,3,14,1359,608,751,174,478,881,7.02834588668138,7.64129440789474,6.53211059920106,6.92758620689655,7.05765062761506,7.01244615209989,51
"78",2011,4,7.1952380952381,21,7.44545454545455,6.92,7,6.94444444444444,7.38333333333333,11,10,2,9,12,1380,619,761,176,487,893,7.03088555072464,7.63781421647819,6.53720770039422,6.92840909090909,7.05555852156058,7.01743007838746,52
"79",2011,5,6,8,6.33333333333333,5.8,6,6,6,3,5,2,4,4,1388,622,766,178,491,897,7.02494384726225,7.63152250803858,6.53239563968668,6.91797752808989,7.04695926680244,7.01289304347826,53
"80",2011,6,6.84117647058823,17,7.66666666666667,6.39090909090909,7,6.75714285714286,6.9,6,11,1,7,10,1405,628,777,179,498,907,7.02272032740213,7.63185828025478,6.53039261261261,6.91843575418994,7.04288554216868,7.01164835722161,54
"81",2011,7,6.73529411764706,17,7.21428571428571,6.4,6.5,6.33333333333333,6.95454545454545,7,10,2,6,11,1422,635,787,181,504,918,7.01928414908579,7.62725511811024,6.52873578144854,6.91381215469613,7.03443849206349,7.01096411764706,55
"82",2011,8,7.10714285714286,14,7.5625,6.5,NA,7,7.11538461538461,8,6,0,1,13,1436,643,793,181,505,931,7.02014071030641,7.62644945567652,6.52851836065574,6.91381215469613,7.0343702970297,7.01242219119227,56
"83",2011,9,6.64666666666667,15,7.31666666666667,6.2,4,6.2,6.87,6,9,1,5,10,1451,649,802,182,510,941,7.01627984838043,7.62358551617874,6.52483174563591,6.8978021978022,7.02619019607843,7.01090867162593,57
"84",2011,10,7.69444444444444,9,7.65,7.75,7,7.41666666666667,7.83333333333333,5,4,1,3,6,1460,654,806,183,513,947,7.02046031506849,7.6237874617737,6.53091198511166,6.89836065573771,7.02847368421053,7.0161193875396,58
"85",2011,11,7.23888888888889,18,7.93636363636364,6.14285714285714,5.33333333333333,6.83333333333333,7.44166666666667,11,7,3,6,12,1478,665,813,186,519,959,7.02312047361299,7.62895789473684,6.52757079950799,6.87311827956989,7.02621772639692,7.02144427528676,59
"86",2011,12,6.72222222222222,9,7.83333333333333,6.16666666666667,6,7.75,6.42857142857143,3,6,1,2,7,1487,668,819,187,521,966,7.02129930060524,7.62987574850299,6.52492681318681,6.86844919786096,7.02899616122841,7.0171480952381,60
"87",2012,1,7.49705882352941,34,7.78571428571429,7.295,7.16666666666667,7.375,7.53461538461538,14,20,3,8,26,1521,682,839,190,529,992,7.03193429322814,7.63307478005865,6.54328374255065,6.87315789473684,7.03422873345936,7.03071074596774,61
"88",2012,2,6.89333333333333,15,7.71428571428571,6.175,5.68,7.28571428571429,6.55,7,8,5,7,8,1536,689,847,195,536,1000,7.03058076822917,7.63389985486212,6.53980526564345,6.8425641025641,7.03751305970149,7.02686506,62
"89",2012,3,6.7,19,7.76,6.32142857142857,7.5,7.16666666666667,6.48461538461538,5,14,4,6,13,1555,694,861,199,542,1013,7.02654151768489,7.6348083573487,6.53625442508711,6.85577889447236,7.03894280442804,7.01990627838105,63
"90",2012,4,6.84,10,7.58333333333333,5.725,5.5,8,6.71111111111111,6,4,2,1,9,1565,700,865,201,543,1022,7.02534955910543,7.63436714285714,6.53250295953757,6.84228855721393,7.04071270718232,7.01718694716243,64
"91",2012,5,6.88666666666667,15,7.46666666666667,6.5,6.25,6,6.95,6,9,2,1,14,1580,706,874,203,544,1036,7.02403294936709,7.63294192634561,6.53216826086956,6.83645320197044,7.03879963235294,7.01627901544401,65
"92",2012,6,7.09090909090909,11,7.85714285714286,5.75,5,NA,7.09090909090909,7,4,1,0,11,1591,713,878,204,544,1047,7.02449532369579,7.63514305750351,6.52860485193622,6.82745098039216,7.03879963235294,7.01706309455587,66
"93",2012,7,7.46875,8,8.33333333333333,6.95,7,7.5,7.46428571428571,3,5,1,1,7,1599,716,883,205,545,1054,7.0267179862414,7.63806843575419,6.53099100792752,6.82829268292683,7.03964587155963,7.02003326375711,67
"94",2012,8,7,6,7.33333333333333,6.66666666666667,7,6.5,7.25,3,3,1,2,4,1605,719,886,206,547,1058,7.026618105919,7.63679694019471,6.53145040632054,6.82912621359223,7.03767276051188,7.02090270321361,68
"95",2012,9,7.16071428571429,14,7.75,6.71875,8,6.5,7.27083333333333,6,8,1,2,12,1619,725,894,207,549,1070,7.02777767757875,7.63773379310345,6.53312646532438,6.83478260869565,7.03571402550091,7.0237056635514,69
"96",2012,10,7.32142857142857,14,7.61111111111111,6.8,6,6.66666666666667,7.5,9,5,2,3,11,1633,734,899,209,552,1081,7.03029519902021,7.63740735694823,6.53461074527252,6.82679425837321,7.03370833333333,7.02855232192414,70
"97",2012,11,6.6875,8,8,5.9,6.5,7.5,6.41666666666667,3,5,2,2,6,1641,737,904,211,554,1087,7.02862404631322,7.63888331071913,6.53110073008849,6.82369668246446,7.0353916967509,7.02517484820607,71
"98",2012,12,6.36363636363636,11,7,6,NA,7.53333333333333,5.925,4,7,0,3,8,1652,741,911,211,557,1095,7.0241961622276,7.63543454790823,6.52701982436882,6.82369668246446,7.03807360861759,7.01713704109589,72
"99",2013,1,6.94642857142857,14,8.5,6.08333333333333,6,7.75,6.72727272727273,5,9,1,3,11,1666,746,920,212,560,1106,7.02354265306122,7.64122922252011,6.52267941304348,6.81981132075472,7.0418875,7.01425412296564,73
"100",2013,2,7.02307692307692,13,7.1,6.975,NA,7.5,6.93636363636364,5,8,0,2,11,1679,751,928,212,562,1117,7.02353904705181,7.6376258322237,6.52657872844827,6.81981132075472,7.04351779359431,7.01348707251567,74
"101",2013,3,7.2,14,7.75555555555556,6.2,5,7.75,6.98,9,5,1,4,10,1693,760,933,213,566,1127,7.02499826343768,7.63902236842105,6.52482857449089,6.8112676056338,7.04851060070671,7.0131899378882,75
"102",2013,4,7.15,10,7.75,6.25,6,6,7.27777777777778,6,4,1,1,9,1703,766,937,214,567,1136,7.02573227246036,7.63989164490862,6.52365534685165,6.80747663551402,7.04666137566137,7.0152861443662,76
"103",2013,5,6.92105263157895,19,7.3125,6.63636363636364,6.2,6.21428571428571,7.33333333333333,8,11,5,7,12,1722,774,948,219,574,1148,7.02457727061556,7.63650775193798,6.52496314345991,6.79360730593607,7.03651045296167,7.01861067944251,77
"104",2013,6,6.97857142857143,14,7.925,6.6,8.25,6.75,7.01666666666667,4,10,2,2,12,1736,778,958,221,576,1160,7.02420625576037,7.63799100257069,6.5257464091858,6.80678733031674,7.035515625,7.01859056896552,78
"105",2013,7,6.8,10,6.75,6.83333333333333,6.5,NA,6.8,4,6,2,0,10,1746,782,964,223,576,1170,7.02292214203894,7.63344884910486,6.52766085062241,6.80403587443946,7.035515625,7.01672227350427,79
"106",2013,8,7.63888888888889,9,8.25,7.15,7,6.5,7.78125,4,5,1,1,8,1755,786,969,224,577,1178,7.02608094586894,7.63658651399491,6.53087209494324,6.80491071428572,7.03458752166378,7.02191431239389,80
"107",2013,9,6.26666666666667,15,7.66666666666667,5.91666666666667,6,5.8,6.5,3,12,4,5,10,1770,789,981,228,582,1188,7.01964523163842,7.63670088719899,6.52335887869521,6.79078947368421,7.02398109965636,7.01752109427609,81
"108",2013,10,5,4,7,4.33333333333333,NA,5,5,1,3,0,2,2,1774,790,984,228,584,1190,7.01509135287486,7.63589493670886,6.51668197154471,6.79078947368421,7.01704965753425,7.01413030252101,82
"109",2013,11,6.7,17,7.4,6.21,6.75,7.2,6.49166666666667,7,10,2,5,12,1791,797,994,230,589,1202,7.0121005360134,7.63382308657466,6.51359663983903,6.7904347826087,7.01860271646859,7.008914359401,83
"110",2013,12,6.95714285714286,14,7.58333333333333,6.4875,NA,7,6.94,6,8,0,4,10,1805,803,1002,230,593,1212,7.01167427146814,7.63344582814446,6.51338828343313,6.7904347826087,7.01847723440135,7.0083457590759,84
"111",2014,1,6.975,16,7.23333333333333,6.64285714285714,7.16666666666667,6.64,7.12727272727273,9,7,3,5,11,1821,812,1009,233,598,1223,7.01135203734212,7.62901108374384,6.51428648166501,6.79527896995708,7.0153127090301,7.00941542109566,85
"112",2014,2,6.77692307692308,13,7.5,6.56,6.6,6.76666666666667,6.78571428571429,3,10,6,6,7,1834,815,1019,239,604,1230,7.00969032715376,7.62853619631902,6.51473509322865,6.79037656903766,7.01284271523179,7.00814232520325,86
"113",2014,3,7.09166666666667,12,7.34,6.91428571428571,6.75,7.4125,6.93125,5,7,2,4,8,1846,820,1026,241,608,1238,7.01022321776815,7.62677682926829,6.51746107212476,6.79004149377593,7.01547203947368,7.00764544426494,87
"114",2014,4,7.17142857142857,7,7.25,7.06666666666667,7.7,7.23333333333333,7.125,4,3,1,3,4,1853,824,1029,242,611,1242,7.01083219643821,7.62494781553398,6.51906225461613,6.79380165289256,7.01654173486088,7.00802339774557,88
"115",2014,5,7.60909090909091,11,8.75,6.95714285714286,8,8,7.57,4,7,1,1,10,1864,828,1036,243,612,1252,7.01436269313305,7.63038285024155,6.52202225868726,6.79876543209877,7.01814869281046,7.01251202875399,89
"116",2014,6,6.625,8,6,6.83333333333333,7,6,6.83333333333333,2,6,1,2,6,1872,830,1042,244,614,1258,7.01269875,7.62645421686747,6.52381483685221,6.79959016393443,7.014832247557,7.01165744038156,90
"117",2014,7,7.18571428571429,7,7.45,6.83333333333333,8,7,7.21666666666667,4,3,1,1,6,1879,834,1045,245,615,1264,7.01334329962746,7.62560791366907,6.52470340669856,6.80448979591837,7.0148081300813,7.01263058544304,91
"118",2014,8,6.68181818181818,11,7.66666666666667,6.3125,7,7.3,6.16666666666667,3,8,1,5,6,1890,837,1053,246,620,1270,7.01141378835979,7.6257550776583,6.52309122507122,6.80528455284553,7.01710806451613,7.00863390551181,92
"119",2014,9,7.20909090909091,11,8.03333333333333,6.22,7,7.73333333333333,7.0125,6,5,1,3,8,1901,843,1058,247,623,1278,7.01255763282483,7.62865599051008,6.52165884688091,6.80607287449393,7.0205569823435,7.00865810641627,93
"120",2014,10,6.75,14,6.83333333333333,6.6875,7.5,6,7.05,6,8,1,4,10,1915,849,1066,248,627,1288,7.01063815143603,7.62303533568905,6.52290343339587,6.80887096774194,7.01404625199362,7.00897908385093,94
"121",2014,11,6.7,12,6.91428571428571,6.4,7,6.13333333333333,6.88888888888889,7,5,1,3,9,1927,856,1071,249,630,1297,7.00870371562013,7.61723948598131,6.52232965452848,6.80963855421687,7.00985238095238,7.00814576715497,95
"122",2014,12,7.17692307692308,13,7.91666666666667,6.54285714285714,7.5,7.54285714285714,6.75,6,7,2,7,6,1940,862,1078,251,637,1303,7.00983095876288,7.61932366589327,6.52246294990723,6.81513944223108,7.01570957613815,7.00695706830391,96
"123",2015,1,7.35714285714286,14,7.66666666666667,7.125,NA,6.5,7.5,6,8,0,2,12,1954,868,1086,251,639,1315,7.01231937563971,7.61965092165899,6.52690152854512,6.81513944223108,7.01409546165884,7.01145631939163,97
"124",2015,2,6.5,15,7.2,6.15,5.66666666666667,6.8,6.35,5,10,3,5,10,1969,873,1096,254,644,1325,7.00841648552565,7.61724742268041,6.5234626459854,6.80157480314961,7.01243322981366,7.00646419622641,98
"125",2015,3,7.39428571428571,7,8.25,6.25333333333333,NA,8,7.29333333333333,4,3,0,1,6,1976,877,1099,254,645,1331,7.00978343117409,7.62013340935006,6.52272525932666,6.80157480314961,7.01396434108527,7.00775737039819,99
"126",2015,4,6.83333333333333,6,7.5,6.5,8,7.66666666666667,6,2,4,1,3,3,1982,879,1103,255,648,1334,7.00924927346115,7.61986006825939,6.5226428467815,6.80627450980392,7.01698611111111,7.00549104947526,100
"127",2015,5,6.725,8,7.11428571428571,4,NA,6.9,6.66666666666667,7,1,0,2,6,1990,886,1104,255,650,1340,7.00810656281407,7.61586568848758,6.5203578442029,6.80627450980392,7.01662615384615,7.00397392537313,101
"128",2015,6,7.16666666666667,6,7.5,6.5,NA,8,7,4,2,0,1,5,1996,890,1106,255,651,1345,7.00858319639278,7.61534494382022,6.52032103074141,6.80627450980392,7.01813671274961,7.00395915241636,102
"129",2015,7,6.95,6,6,7.14,NA,6,7.425,1,5,0,2,4,2002,891,1111,255,653,1349,7.00840762237762,7.61353198653199,6.5231098649865,6.80627450980392,7.01501837672282,7.0052076056338,103
"130",2015,8,5,5,5,5,NA,5.5,4.66666666666667,1,4,0,2,3,2007,892,1115,255,655,1352,7.00340411559541,7.61060201793722,6.51764579372197,6.80627450980392,7.01039236641221,7.00001853550296,104
"131",2015,9,7,7,7.5,6.33333333333333,NA,7,7,4,3,0,2,5,2014,896,1118,255,657,1357,7.00339228401191,7.61010825892857,6.51715121645796,6.80627450980392,7.01036073059361,7.00001846720707,105
"132",2015,10,6.65714285714286,7,7.32,5,6.3,7.86666666666667,5.75,5,2,2,3,4,2021,901,1120,257,660,1361,7.00219300346363,7.60849833518313,6.51444201785714,6.80233463035019,7.01425303030303,6.99634464364438,106
"133",2015,11,6.61458333333333,24,7.24,6.16785714285714,6.5,6.5,6.625,10,14,2,2,22,2045,911,1134,259,662,1383,6.9976440391198,7.60445334796926,6.51016319223986,6.8,7.01269939577039,6.99043749819233,107
"134",2015,12,7.35294117647059,17,7.4375,7.27777777777778,8.33333333333333,7.5,7.32142857142857,8,9,3,3,14,2062,919,1143,262,665,1397,7.00057325897187,7.603,6.5162074015748,6.8175572519084,7.0148977443609,6.99375451682176,108
"135",2016,1,7.31875,16,8.00909090909091,5.8,6,7.275,7.33333333333333,11,5,2,4,12,2078,930,1148,264,669,1409,7.0030231280077,7.60780322580645,6.51308803135888,6.81136363636364,7.01645291479821,6.99664660042583,109
"136",2016,2,7.42857142857143,14,7.875,6.83333333333333,6.1,7.46666666666667,7.4,8,6,2,6,8,2092,938,1154,266,675,1417,7.00587096558317,7.61008208955224,6.51475308492201,6.80601503759399,7.02045481481481,6.99892382498236,110
"137",2016,3,7.46590909090909,22,8.1875,7.05357142857143,6.95,7.55,7.44117647058824,8,14,5,5,17,2114,946,1168,271,680,1434,7.01065849574267,7.61496511627907,6.5212115239726,6.80867158671587,7.02434852941176,7.00416670850767,111
"138",2016,4,7.67647058823529,17,8.04166666666667,6.8,NA,9.36666666666667,7.31428571428571,12,5,0,3,14,2131,958,1173,271,683,1448,7.01596999530737,7.62031002087683,6.52239988064791,6.80867158671587,7.03463689604685,7.00716509668508,112
"139",2016,5,7.20588235294118,17,7.5,6.78571428571429,6.5,7.5,7.16666666666667,10,7,1,2,15,2148,968,1180,272,685,1463,7.01747302607076,7.61906714876033,6.52396191525424,6.80753676470588,7.03599562043796,7.00880045112782,113
"140",2016,6,6.86,10,7.92,5.8,5,9,6.325,5,5,1,2,8,2158,973,1185,273,687,1471,7.01674330861909,7.62061356628983,6.52090722362869,6.80091575091575,7.04171324599709,7.00508161794697,114
"141",2016,7,7.02631578947368,19,7.67857142857143,5.2,5.5,6.5,7.08823529411765,14,5,2,2,17,2177,987,1190,275,689,1488,7.01682685346807,7.62143566362715,6.51535719327731,6.79145454545455,7.04014078374456,7.00603162634409,115
"142",2016,8,7.65,10,7.8125,7,NA,7.625,7.66666666666667,8,2,0,4,6,2187,995,1192,275,693,1494,7.01972202103338,7.62297185929648,6.51617035234899,6.79145454545455,7.04351659451659,7.00868477911647,116
"143",2016,9,6.61538461538461,26,7.27777777777778,6.26470588235294,6,7,6.5,9,17,4,6,20,2213,1004,1209,279,699,1514,7.01497155896972,7.61987749003984,6.51263445822994,6.78010752688172,7.04314306151645,7.0019650330251,117
"144",2016,10,6.94117647058824,17,7.61111111111111,6.1875,5.66666666666667,8,6.8,9,8,3,2,15,2230,1013,1217,282,701,1529,7.01440899551569,7.61979960513327,6.51049717337716,6.76826241134752,7.04587303851641,6.99998368868541,118
"145",2016,11,7.10909090909091,11,7.56,6.73333333333333,NA,7,7.13333333333333,5,6,0,2,9,2241,1018,1223,282,703,1538,7.01487374386434,7.61950589390963,6.51159040065413,6.76826241134752,7.04574253200569,7.00076401820546,119
"146",2016,12,6.63157894736842,19,7.725,5.41666666666667,NA,7.25,6.46666666666667,10,9,0,4,15,2260,1028,1232,282,707,1553,7.0116513539823,7.62053210116732,6.50359176948052,6.76826241134752,7.0468981612447,6.99560531873793,120
"147",2017,1,6.8695652173913,23,7.75,5.90909090909091,7.1,6.33333333333333,6.95,12,11,5,3,20,2283,1040,1243,287,710,1573,7.01021991239597,7.62202596153846,6.49833069991955,6.77404181184669,7.04388309859155,6.99502546726001,121
"148",2017,2,7.09333333333333,15,7.43333333333333,6.58333333333333,7.15,6.9,7.19,9,6,2,5,10,2298,1049,1249,289,715,1583,7.01076242819843,7.62040705433747,6.49873903923138,6.77664359861592,7.04287692307692,6.99625714466203,122
"149",2017,3,7.085,20,7.36153846153846,6.57142857142857,7,7.66666666666667,6.98235294117647,13,7,1,3,17,2318,1062,1256,290,718,1600,7.0114029594478,7.61723822975518,6.49914415605095,6.77741379310345,7.04548328690808,6.9961094125,123
"150",2017,4,7.25,8,7.5,7.1,8,6,7.42857142857143,3,5,1,1,7,2326,1065,1261,291,719,1607,7.0122235855546,7.61690798122066,6.50152661379857,6.78161512027491,7.04402920723227,6.99799319228376,124
"151",2017,5,6.58823529411765,17,8,5.81818181818182,5.1,5,7.25,6,11,5,5,12,2343,1071,1272,296,724,1619,7.00914727272727,7.61905415499533,6.49561718553459,6.75320945945946,7.02991298342541,6.99986106238419,125
"152",2017,6,7.42222222222222,9,7.98,6.725,5.75,7.93333333333333,7.16666666666667,5,4,2,3,6,2352,1076,1276,298,727,1625,7.01072791666667,7.62073141263941,6.49633625391849,6.74647651006712,7.03364099037139,7.00047696,126
"153",2017,7,6.825,20,7.40833333333333,5.95,6.25,6.43333333333333,6.99285714285714,12,8,2,6,14,2372,1088,1284,300,733,1639,7.00916191399663,7.61838878676471,6.49293228971962,6.74316666666667,7.02872714870396,7.00041187309335,127
"154",2017,8,7.48653846153846,26,7.80588235294118,6.88333333333333,7.175,7.725,7.44318181818182,17,9,4,4,22,2398,1105,1293,304,737,1661,7.01433780650542,7.62127330316742,6.49564969837587,6.74884868421053,7.03250610583446,7.0062763756773,128
"155",2017,9,7.07692307692308,13,7.1875,6.9,7,7,7.09090909090909,8,5,1,2,11,2411,1113,1298,305,739,1672,7.01467526337619,7.61815543575921,6.49720728813559,6.74967213114754,7.03241813261164,7.00683316985646,129
"156",2017,10,6.52272727272727,22,7.13636363636364,5.90909090909091,6.25,6.35714285714286,6.6,11,11,4,7,15,2433,1124,1309,309,746,1687,7.01022690505549,7.61344039145908,6.49226513368984,6.74320388349515,7.026081769437,7.00321580320095,130
"157",2017,11,7.10526315789474,19,7.5,6.25,6.5,7.16666666666667,7.09375,13,6,3,3,16,2452,1137,1315,312,749,1703,7.01096331973899,7.61214335971856,6.49115974144487,6.74086538461539,7.02664485981308,7.00406638872578,131
"158",2017,12,6.7,14,7.35,5.83333333333333,6,6.9,6.66666666666667,8,6,3,2,12,2466,1145,1321,315,751,1715,7.00919791565288,7.61031179039301,6.48817188493565,6.73380952380952,7.02630758988016,7.00170557434402,132
"159",2018,1,7.05,10,7.6875,4.5,5,7.66666666666667,6.78571428571429,8,2,1,3,7,2476,1153,1323,316,754,1722,7.00936270597738,7.6108473547268,6.48516633408919,6.72832278481013,7.02885543766578,7.00082756097561,133
"160",2018,2,7.02083333333333,12,8.2,6.17857142857143,5.375,8,6.93181818181818,5,7,2,1,11,2488,1158,1330,318,755,1733,7.00941803054662,7.61339119170985,6.48355267669173,6.71981132075472,7.03014172185431,7.00038953260242,134
"161",2018,3,6.62,15,6.6875,6.54285714285714,6.8,5.75,6.93636363636364,8,7,6,4,11,2503,1166,1337,324,759,1744,7.00708432281262,7.60703859348199,6.48386317127898,6.7212962962963,7.023395256917,6.99998569954128,135
"162",2018,4,6.95,15,7.75,6.03571428571429,6.4,5.5,7.17307692307692,8,7,3,2,13,2518,1174,1344,327,761,1757,7.00674426528991,7.60801277683135,6.4815290625,6.71834862385321,7.01939159001314,7.00126639726807,136
"163",2018,5,6.75,16,7.5,6.16666666666667,4.33333333333333,6,6.85714285714286,7,9,3,2,14,2534,1181,1353,330,763,1771,7.00512314917127,7.60737256562235,6.47943463414634,6.69666666666667,7.01671952817824,7.00012708074534,137
"164",2018,6,6.61538461538461,13,6.71428571428571,6.5,7,7.5,6.45454545454545,7,6,2,2,11,2547,1188,1359,332,765,1782,7.00313390655673,7.60211026936027,6.47952543046357,6.69849397590361,7.01798300653595,6.99675929292929,138
"165",2018,7,7.3,10,7.22222222222222,8,8,7.66666666666667,7.14285714285714,9,1,1,3,7,2557,1197,1360,333,768,1789,7.00429490027376,7.59925396825397,6.48064342647059,6.7024024024024,7.02051692708333,6.99733094466182,139
"166",2018,8,7.15,10,7.6,6.7,NA,8,6.9375,5,5,0,2,8,2567,1202,1365,333,770,1797,7.0048625087651,7.59925707154742,6.48144693040293,6.7024024024024,7.02306103896104,6.99706458542014,140
"167",2018,9,6.88461538461539,13,8.2,6.0625,NA,6.4,7.1875,5,8,0,5,8,2580,1207,1373,333,775,1805,7.0042566124031,7.60174565037283,6.47900587035688,6.7024024024024,7.01904129032258,6.99790862049861,141
"168",2018,10,7.15238095238095,21,7.84615384615385,6.025,6,6.66666666666667,7.23333333333333,13,8,3,3,18,2601,1220,1381,336,778,1823,7.00545254133026,7.60435,6.47637585807386,6.69613095238095,7.01768251928021,7.00023316511245,142
"169",2018,11,6.91428571428571,14,7.4,6.64444444444444,6.5,6.5,7.08,5,9,2,4,10,2615,1225,1390,338,782,1833,7.00496445889101,7.60351591836735,6.47746407194244,6.69497041420118,7.01503452685422,7.0006683360611,143
"170",2018,12,6.23076923076923,13,6.6,6,6,5.75,6.44444444444444,5,8,4,4,9,2628,1230,1398,342,786,1842,7.0011347260274,7.59943658536585,6.47473180257511,6.68684210526316,7.00859669211196,6.99795062975027,144
"171",2019,1,7.35714285714286,21,7.57142857142857,6.92857142857143,7.5,7.5,7.34210526315789,14,7,2,2,19,2649,1244,1405,344,788,1861,7.00395698754247,7.59912138263666,6.4769929252669,6.69156976744186,7.00984390862944,7.0014642987641,145
"172",2019,2,6.6875,12,6.80555555555556,6.33333333333333,NA,7.375,6.55,9,3,0,2,10,2661,1253,1408,344,790,1871,7.00252989853438,7.5934213886672,6.47668683238636,6.69156976744186,7.01076835443038,6.99905134152859,146
"173",2019,3,6.93333333333333,15,7.2,6.53333333333333,7.35,8,6.66666666666667,9,6,2,3,12,2676,1262,1414,346,793,1883,7.00214202541106,7.59061568938193,6.47692719943423,6.69537572254335,7.01451071878941,6.9969331173659,147
"174",2019,4,7.10714285714286,14,7.57142857142857,6.64285714285714,6.125,7,7.13636363636364,7,7,4,3,11,2690,1269,1421,350,796,1894,7.00268849814126,7.59050985027581,6.47774458831808,6.68885714285714,7.01445603015075,6.99774290390707,148
"175",2019,5,7,8,7.58333333333333,5.25,NA,6,7.6,6,2,0,3,5,2698,1275,1423,350,799,1899,7.00268052631579,7.59047607843137,6.47601901616303,6.68885714285714,7.01064705882353,6.99932862559242,149
"176",2019,6,6.90909090909091,11,7.5,6.2,6,8,6.5,6,5,4,3,8,2709,1281,1428,354,802,1907,7.00230050203027,7.59005230288837,6.47505256302521,6.68107344632768,7.01434788029925,6.99723390665967,150
"177",2019,7,6.77,10,7.78333333333333,5.25,7,5.5,7.0875,6,4,1,2,8,2719,1287,1432,355,804,1915,7.00144614196396,7.59095337995338,6.47163062849162,6.68197183098592,7.01058084577114,6.99761099738903,151
"178",2019,8,7.27777777777778,9,7.3125,7,NA,7.5,7.21428571428571,8,1,0,2,7,2728,1295,1433,355,806,1922,7.00235779325513,7.58923320463321,6.4719993440335,6.68197183098592,7.0117952853598,6.99840013527575,152
"179",2019,9,7.3,4,7.56666666666667,6.5,NA,NA,7.3,3,1,0,0,4,2732,1298,1434,355,806,1926,7.00279357979502,7.58918104776579,6.47201887029289,6.68197183098592,7.0117952853598,6.99902651090343,153
"180",2019,10,6.98125,16,7.75,6.2125,5.66666666666667,8,6.74615384615385,8,8,3,3,13,2748,1306,1442,358,809,1939,7.0026681441048,7.59016615620215,6.47057909847434,6.67346368715084,7.01545982694685,6.99733112944817,154
"181",2019,11,7.13333333333333,15,7.92,6.74,6.46666666666667,7.2,7.12307692307692,5,10,3,2,13,2763,1311,1452,361,811,1952,7.00337750995295,7.59142410373761,6.47243461432507,6.67174515235457,7.01591491985203,6.99816857581967,155
"182",2019,12,7.95114583333333,12,8.041375,7.5,7.5,8.75,7.791375,10,2,2,2,10,2775,1321,1454,363,813,1962,7.00747596756757,7.59483024224073,6.47384804676754,6.6763085399449,7.02018081180812,7.00221142201835,156
"183",2020,1,6.26666666666667,18,7.66666666666667,5.56666666666667,5,6.33333333333333,6.23333333333333,6,12,3,6,12,2793,1327,1466,366,819,1974,7.00270168635875,7.59515504898267,6.46642227830832,6.66256830601093,7.01514896214896,6.99753739108409,157
"184",2020,2,7.07222222222222,18,7.5,6.5375,6.575,6.5,7.18666666666667,10,8,4,3,15,2811,1337,1474,370,822,1989,7.00314685521167,7.59444334330591,6.46680804613297,6.66162162162162,7.01326885644769,6.99896370537959,158
"185",2020,3,7.05,8,7.6,6.5,6.25,8,6.91428571428571,4,4,2,1,7,2819,1341,1478,372,823,1996,7.00327981908478,7.59445991797166,6.46689787550744,6.65940860215054,7.01446780072904,6.99866673847695,159
"186",2020,4,6.98615384615385,13,7.182,6.33333333333333,7,8,6.80181818181818,10,3,1,2,11,2832,1351,1481,373,825,2007,7.00320120409605,7.59140692079941,6.4666273193788,6.66032171581769,7.01685696969697,6.99758784753363,160
"187",2020,5,7.4,8,7.45714285714286,7,NA,7.7,7.35714285714286,7,1,0,1,7,2840,1358,1482,373,826,2014,7.0043189471831,7.59071483799706,6.46698721997301,6.66032171581769,7.01768401937046,6.99883754220457,161
"188",2020,6,7.25,4,8.25,6.25,NA,7.25,7.25,2,2,0,2,2,2844,1360,1484,373,828,2016,7.00466449015471,7.591684375,6.46669478436657,6.66032171581769,7.01824516908213,6.99908671130952,162
"189",2020,7,5.875,8,5.83333333333333,5.9,5.83333333333333,6,5.83333333333333,3,5,3,2,6,2852,1363,1489,376,830,2022,7.00149572580645,7.58781419662509,6.4647918468771,6.65372340425532,7.01579156626506,6.9956275024728,163
"190",2020,8,7.28888888888889,9,8.3,6.025,5,8.53333333333333,6.66666666666667,5,4,1,3,6,2861,1368,1493,377,833,2028,7.0023997937784,7.59041721491228,6.4636135699933,6.64933687002653,7.02125690276111,6.99465424556213,164
"191",2020,9,7.19230769230769,13,7.72222222222222,6,7,7.33333333333333,7.15,9,4,1,3,10,2874,1377,1497,378,836,2038,7.00325880654141,7.59127868554829,6.46237478957916,6.65026455026455,7.02237679425837,6.99541649165849,165
"192",2020,10,6.375,8,7,5.33333333333333,6.5,8,6.14285714285714,5,3,2,1,7,2882,1382,1500,380,837,2045,7.00151485426787,7.58913947178003,6.46011670666666,6.64947368421053,7.02354480286738,6.99249819559902,166
"193",2020,11,7.8,5,8.66666666666667,6.5,7,8,7.75,3,2,1,1,4,2887,1385,1502,381,838,2049,7.00289775199169,7.59147346570397,6.46016981358189,6.6503937007874,7.02471002386635,6.99397696925329,167
"194",2020,12,6.6,10,6.5,6.7,NA,7,6.55555555555556,5,5,0,1,9,2897,1390,1507,381,839,2058,7.00150701070072,7.58754730215827,6.46096553417385,6.6503937007874,7.02468057210965,6.9920596744412,168
"195",2021,1,7.87857142857143,14,8.02307692307692,6,6,7.33333333333333,8.02727272727273,13,1,1,3,11,2911,1403,1508,382,842,2069,7.00572511508073,7.59158285816108,6.4606598541114,6.64869109947644,7.02578028503563,6.99756346544224,169
"196",2021,2,7.41153846153846,13,7.935,5.66666666666667,7,9.375,7.05454545454545,10,3,1,2,11,2924,1413,1511,383,844,2080,7.00752934678522,7.59401326963907,6.45908342819325,6.64960835509138,7.0313471563981,6.9978648125,170
"197",2021,3,6.8,10,7.125,5.5,NA,8,6.66666666666667,8,2,0,1,9,2934,1421,1513,383,845,2089,7.00682202113156,7.59137280084448,6.45781563780568,6.64960835509138,7.03249349112426,6.99643791766395,171
"198",2021,4,6.95833333333333,12,7.0625,6.75,NA,7,6.95,8,4,0,2,10,2946,1429,1517,383,847,2099,7.00662451120163,7.58841200139958,6.45858606460119,6.64960835509138,7.03241676505313,6.99621667937113,172
"199",2021,5,7.375,8,7.6,7,7,7,7.42857142857143,5,3,1,1,7,2954,1434,1520,384,848,2106,7.00762214285714,7.58845240585774,6.45965464473684,6.65052083333333,7.03237853773585,6.99765375593542,173
"200",2021,6,6.77777777777778,9,6.6,7,7,5.5,7.14285714285714,5,4,1,2,7,2963,1439,1524,385,850,2113,7.00692399932501,7.58501789437109,6.46107287401575,6.65142857142857,7.02877294117647,6.99813478939896,174
"201",2021,7,6.70454545454545,11,7.70833333333333,5.5,NA,5.5,7.15625,6,5,0,3,8,2974,1445,1529,385,853,2121,7.00580558507061,7.58552993079585,6.457930058862,6.65142857142857,7.02339624853458,6.99873116925978,175
"202",2021,8,7.36842105263158,19,7.69230769230769,6.66666666666667,6,6.875,7.5,13,6,2,4,15,2993,1458,1535,387,857,2136,7.00810752088206,7.58648199588477,6.45874596742671,6.64806201550388,7.02270361726955,7.00225131554307,176
"203",2021,9,6.9375,8,7.75,4.5,6,6.83333333333333,7,6,2,1,3,5,3001,1464,1537,388,860,2141,7.00791929690103,7.58715215163935,6.4561971763175,6.64639175257732,7.02204302325581,7.00224605791686,177
"204",2021,10,7.225,10,7.21428571428571,7.25,NA,7.25,7.21875,7,3,0,2,8,3011,1471,1540,388,862,2149,7.00864025572899,7.58537780421482,6.45774354545454,6.64639175257732,7.02257192575406,7.00305202885063,178
"205",2021,11,5.9,5,7.5,4.83333333333333,3,3,6.625,2,3,1,1,4,3016,1473,1543,389,863,2153,7.00680232427056,7.58526188051595,6.4545852624757,6.63701799485861,7.01791077636153,7.00234965629354,179
"206",2021,12,6.62857142857143,14,6.92222222222222,6.1,6.125,5.625,7.03,9,5,4,4,10,3030,1482,1548,393,867,2163,7.00505472277228,7.58123532388664,6.45343996124031,6.63180661577608,7.01148442906574,7.00247748959778,180
"207",2022,1,6.75333333333333,15,7.1625,6.28571428571429,6.25,7,6.71538461538462,8,7,2,2,13,3045,1490,1555,395,869,2176,7.00381471592775,7.57898708053691,6.45268492604501,6.62987341772152,7.0114579976985,7.00076232077206,181
"208",2022,2,6.61538461538461,13,7.33333333333333,6,5.5,6.5,6.63636363636364,6,7,4,2,11,3058,1496,1562,399,871,2187,7.00216344342707,7.57800183823529,6.45065624839949,6.61854636591479,7.01028358208955,6.99892949702789,182
"209",2022,3,6.89285714285714,7,7.04166666666667,6,NA,NA,6.89285714285714,6,1,0,0,7,3065,1502,1563,399,871,2194,7.00191380424143,7.57585935419441,6.45036792066539,6.61854636591479,7.01028358208955,6.99859107110301,183
"210",2022,4,7.42857142857143,7,8.125,6.5,NA,NA,7.42857142857143,4,3,0,0,7,3072,1506,1566,399,871,2201,7.00288600585937,7.57731789508632,6.45046300127714,6.61854636591479,7.01028358208955,6.99995856883235,184
"211",2022,5,6.40909090909091,11,7.375,5.85714285714286,5.5,5.5,6.61111111111111,4,7,2,2,9,3083,1510,1573,401,873,2210,7.00076737268894,7.57678195364238,6.44782267005721,6.61296758104738,7.00682359679267,6.99837502714932,185
"212",2022,6,6.53333333333333,3,7.8,4,NA,NA,6.53333333333333,2,1,0,0,3,3086,1512,1574,401,873,2213,7.00031296500324,7.57707721560847,6.44626750952986,6.61296758104738,7.00682359679267,6.99774460460913,186
"213",2022,7,6.61111111111111,9,6.64285714285714,6.5,6,6.75,6.57142857142857,7,2,1,2,7,3095,1519,1576,402,875,2220,6.99918119870759,7.57277205398288,6.44633569796954,6.61144278606965,7.00623657142857,6.99640036486486,187
"214",2022,8,6.81818181818182,11,6.66666666666667,7,6,6,6.9,6,5,1,1,10,3106,1525,1581,403,876,2230,6.99854018351577,7.56920704918033,6.44808669196711,6.60992555831266,7.00508789954338,6.99596807623318,188
"215",2022,9,7.20833333333333,12,6.95,8.5,NA,7.875,6.875,10,2,0,4,8,3118,1535,1583,403,880,2238,6.99934759781911,7.56517312703583,6.45067912823752,6.60992555831266,7.00904204545455,6.99553566130473,189
"216",2022,10,6,2,8,4,NA,4,8,1,1,0,1,1,3120,1536,1584,403,881,2239,6.99870699038461,7.56545621744792,6.44913198232323,6.60992555831266,7.00562656072645,6.99598428316212,190
"217",2022,11,7.52222222222222,9,8.74,6,5,8,7.28333333333333,5,4,1,3,6,3129,1541,1588,404,884,2245,7.00021278683285,7.56926719662557,6.4480006675063,6.60594059405941,7.00900113122172,6.99675225389755,191
"218",2022,12,5.5,3,6,5.25,NA,5.75,5,1,2,0,2,1,3132,1542,1590,404,886,2246,6.99877580140485,7.56824951361868,6.44649374842767,6.60594059405941,7.00615914221219,6.99586322796082,192
