"","year","month","avg_rating","no_ratings","avg_rating_owned","avg_rating_not_owned","avg_rating_prev_owned","avg_rating_comment","avg_rating_no_comment","no_ratings_owned","no_ratings_not_owned","no_ratings_prev_owned","no_ratings_comment","no_ratings_no_comment","cum_no_ratings","cum_no_ratings_owned","cum_no_ratings_not_owned","cum_no_ratings_prev_owned","cum_no_ratings_comment","cum_no_ratings_no_comment","cum_avg_rating","cum_avg_rating_owned","cum_avg_rating_not_owned","cum_avg_rating_prev_owned","cum_avg_rating_comment","cum_avg_rating_no_comment","month_after_release"
"1",2001,6,7,5,8,5.5,NA,5,7.5,3,2,0,1,4,5,3,2,0,1,4,7,8,5.5,NA,5,7.5,0
"2",2001,7,8,1,8,NA,NA,NA,8,1,0,0,0,1,6,4,2,0,1,5,7.16666666666667,8,5.5,NA,5,7.6,1
"3",2001,8,5.5,2,8,3,NA,8,3,1,1,0,1,1,8,5,3,0,2,6,6.75,8,4.66666666666667,NA,6.5,6.83333333333333,2
"4",2001,9,9,1,9,NA,NA,NA,9,1,0,0,0,1,9,6,3,0,2,7,7,8.16666666666667,4.66666666666667,NA,6.5,7.14285714285714,3
"5",2001,10,5.5,2,5.5,NA,NA,7,4,2,0,0,1,1,11,8,3,0,3,8,6.72727272727273,7.5,4.66666666666667,NA,6.66666666666667,6.75,4
"6",2001,11,7.5,2,7.5,NA,NA,NA,7.5,2,0,0,0,2,13,10,3,0,3,10,6.84615384615385,7.5,4.66666666666667,NA,6.66666666666667,6.9,5
"7",2001,12,7,2,7,7,NA,NA,7,1,1,0,0,2,15,11,4,0,3,12,6.86666666666667,7.45454545454545,5.25,NA,6.66666666666667,6.91666666666667,6
"8",2002,1,9,1,9,NA,NA,9,NA,1,0,0,1,0,16,12,4,0,4,12,7,7.58333333333333,5.25,NA,7.25,6.91666666666667,7
"9",2002,2,7.3,5,7.83333333333333,6.5,7,9,6.875,3,2,1,1,4,21,15,6,1,5,16,7.07142857142857,7.63333333333333,5.66666666666667,7,7.6,6.90625,8
"10",2002,3,8,3,8.5,7,NA,NA,8,2,1,0,0,3,24,17,7,1,5,19,7.1875,7.73529411764706,5.85714285714286,7,7.6,7.07894736842105,9
"11",2002,5,7,1,NA,7,NA,NA,7,0,1,0,0,1,25,17,8,1,5,20,7.18,7.73529411764706,6,7,7.6,7.075,11
"12",2002,6,6.33333333333333,3,5,7,NA,7,5,1,2,0,2,1,28,18,10,1,7,21,7.08928571428571,7.58333333333333,6.2,7,7.42857142857143,6.97619047619048,12
"13",2002,7,7.42857142857143,7,7.25,7.66666666666667,8,6.5,7.8,4,3,1,2,5,35,22,13,2,9,26,7.15714285714286,7.52272727272727,6.53846153846154,7.5,7.22222222222222,7.13461538461539,13
"14",2002,8,7.8,5,7.8,NA,NA,8,7.75,5,0,0,1,4,40,27,13,2,10,30,7.2375,7.57407407407407,6.53846153846154,7.5,7.3,7.21666666666667,14
"15",2002,9,8,2,8,NA,NA,NA,8,2,0,0,0,2,42,29,13,2,10,32,7.27380952380952,7.60344827586207,6.53846153846154,7.5,7.3,7.265625,15
"16",2002,10,7.55,10,7.5,8,8,8,7.5,9,1,1,1,9,52,38,14,3,11,41,7.32692307692308,7.57894736842105,6.64285714285714,7.66666666666667,7.36363636363636,7.31707317073171,16
"17",2002,11,7.58333333333333,6,8.375,6,NA,5,8.1,4,2,0,1,5,58,42,16,3,12,46,7.35344827586207,7.65476190476191,6.5625,7.66666666666667,7.16666666666667,7.40217391304348,17
"18",2002,12,7.66666666666667,6,7.8,7,7,8,7.5,5,1,1,2,4,64,47,17,4,14,50,7.3828125,7.67021276595745,6.58823529411765,7.5,7.28571428571429,7.41,18
"19",2003,1,7.35714285714286,7,7.5,7,NA,7.83333333333333,7,5,2,0,3,4,71,52,19,4,17,54,7.38028169014085,7.65384615384615,6.63157894736842,7.5,7.38235294117647,7.37962962962963,19
"20",2003,2,7.25,4,8,6.5,NA,8,7,2,2,0,1,3,75,54,21,4,18,57,7.37333333333333,7.66666666666667,6.61904761904762,7.5,7.41666666666667,7.35964912280702,20
"21",2003,3,8,1,8,NA,NA,NA,8,1,0,0,0,1,76,55,21,4,18,58,7.38157894736842,7.67272727272727,6.61904761904762,7.5,7.41666666666667,7.37068965517241,21
"22",2003,4,6.5,2,7,6,NA,NA,6.5,1,1,0,0,2,78,56,22,4,18,60,7.35897435897436,7.66071428571429,6.59090909090909,7.5,7.41666666666667,7.34166666666667,22
"23",2003,5,7.75,8,7.8,7.66666666666667,NA,7.6,8,5,3,0,5,3,86,61,25,4,23,63,7.3953488372093,7.67213114754098,6.72,7.5,7.45652173913043,7.37301587301587,23
"24",2003,7,7.15,20,7.69230769230769,6.14285714285714,NA,6,7.27777777777778,13,7,0,2,18,106,74,32,4,25,81,7.34905660377358,7.67567567567568,6.59375,7.5,7.34,7.35185185185185,25
"25",2003,8,6.58333333333333,6,6.66666666666667,6.5,NA,7,6.16666666666667,3,3,0,3,3,112,77,35,4,28,84,7.30803571428571,7.63636363636364,6.58571428571429,7.5,7.30357142857143,7.30952380952381,26
"26",2003,9,7.5625,8,7.92857142857143,5,NA,7.625,7.5,7,1,0,4,4,120,84,36,4,32,88,7.325,7.66071428571429,6.54166666666667,7.5,7.34375,7.31818181818182,27
"27",2003,10,7.33333333333333,3,7.5,7,NA,NA,7.33333333333333,2,1,0,0,3,123,86,37,4,32,91,7.32520325203252,7.65697674418605,6.55405405405405,7.5,7.34375,7.31868131868132,28
"28",2003,11,6.875,4,6.875,NA,NA,7.16666666666667,6,4,0,0,3,1,127,90,37,4,35,92,7.31102362204724,7.62222222222222,6.55405405405405,7.5,7.32857142857143,7.30434782608696,29
"29",2003,12,6.45,10,6,6.75,NA,6.5,6.4375,4,6,0,2,8,137,94,43,4,37,100,7.24817518248175,7.5531914893617,6.58139534883721,7.5,7.28378378378378,7.235,30
"30",2004,1,7.07142857142857,7,7.08333333333333,7,NA,NA,7.07142857142857,6,1,0,0,7,144,100,44,4,37,107,7.23958333333333,7.525,6.59090909090909,7.5,7.28378378378378,7.22429906542056,31
"31",2004,2,7.83333333333333,6,8.2,6,NA,7.5,8,5,1,0,2,4,150,105,45,4,39,111,7.26333333333333,7.55714285714286,6.57777777777778,7.5,7.29487179487179,7.25225225225225,32
"32",2004,3,7.5,6,7.6,7,NA,6,7.8,5,1,0,1,5,156,110,46,4,40,116,7.2724358974359,7.55909090909091,6.58695652173913,7.5,7.2625,7.27586206896552,33
"33",2004,4,7.375,8,7.75,7,NA,7,7.5,4,4,0,2,6,164,114,50,4,42,122,7.27743902439024,7.56578947368421,6.62,7.5,7.25,7.28688524590164,34
"34",2004,5,7.66666666666667,6,10,7.2,8,7,8.33333333333333,1,5,1,3,3,170,115,55,5,45,125,7.29117647058824,7.58695652173913,6.67272727272727,7.6,7.23333333333333,7.312,35
"35",2004,6,6.92,5,8,6.2,NA,6.2,8,2,3,0,3,2,175,117,58,5,48,127,7.28057142857143,7.59401709401709,6.64827586206897,7.6,7.16875,7.32283464566929,36
"36",2004,7,7.59375,8,7.96428571428571,5,NA,9,7.39285714285714,7,1,0,1,7,183,124,59,5,49,134,7.29426229508197,7.61491935483871,6.62033898305085,7.6,7.20612244897959,7.32649253731343,37
"37",2004,8,6.91666666666667,6,7,6.75,NA,5.75,7.5,4,2,0,2,4,189,128,61,5,51,138,7.28227513227513,7.595703125,6.62459016393443,7.6,7.14901960784314,7.33152173913043,38
"38",2004,9,6.68181818181818,11,7,6.125,NA,6,6.83333333333333,7,4,0,2,9,200,135,65,5,53,147,7.24925,7.56481481481481,6.59384615384615,7.6,7.10566037735849,7.30102040816327,39
"39",2004,10,7.1625,8,7.21666666666667,7,NA,8,7.04285714285714,6,2,0,1,7,208,141,67,5,54,154,7.24591346153846,7.55,6.60597014925373,7.6,7.12222222222222,7.28928571428571,40
"40",2004,11,7.66666666666667,9,7.78571428571429,7.25,NA,8.1,7.125,7,2,0,5,4,217,148,69,5,59,158,7.26336405529954,7.56114864864865,6.62463768115942,7.6,7.20508474576271,7.28512658227848,41
"41",2004,12,7.33333333333333,6,8,6.66666666666667,NA,8,6.66666666666667,3,3,0,3,3,223,151,72,5,62,161,7.2652466367713,7.56986754966887,6.62638888888889,7.6,7.24354838709677,7.27360248447205,42
"42",2005,1,6.88461538461539,13,7.33333333333333,6.5,8,6.875,6.88888888888889,6,7,1,4,9,236,157,79,6,66,170,7.24427966101695,7.56082802547771,6.61518987341772,7.66666666666667,7.22121212121212,7.25323529411765,43
"43",2005,2,7.11764705882353,17,7.5,6.2,NA,7.25,7.07692307692308,12,5,0,4,13,253,169,84,6,70,183,7.23577075098814,7.55650887573964,6.59047619047619,7.66666666666667,7.22285714285714,7.24071038251366,44
"44",2005,3,7.35,20,7.41176470588235,7,7,7.1875,7.45833333333333,17,3,1,8,12,273,186,87,7,78,195,7.24413919413919,7.54327956989247,6.60459770114943,7.57142857142857,7.21923076923077,7.25410256410256,45
"45",2005,4,7.01578947368421,19,7.20909090909091,6.75,7.5,6.48,7.61111111111111,11,8,2,10,9,292,197,95,9,88,204,7.22928082191781,7.5246192893401,6.61684210526316,7.55555555555556,7.13522727272727,7.26985294117647,46
"46",2005,5,7.66315789473684,19,8,7.08571428571429,7.25,6.66666666666667,8.12307692307692,12,7,2,6,13,311,209,102,11,94,217,7.25578778135048,7.55191387559809,6.64901960784314,7.5,7.10531914893617,7.32096774193548,47
"47",2005,6,6.98333333333333,12,7.1,6.75,NA,6.56,7.28571428571429,8,4,0,5,7,323,217,106,11,99,224,7.24566563467492,7.5352534562212,6.65283018867925,7.5,7.07777777777778,7.31986607142857,48
"48",2005,7,6.921875,16,7.25,6.2,7,6.78125,7.0625,11,5,1,8,8,339,228,111,12,107,232,7.23038348082596,7.52149122807017,6.63243243243243,7.45833333333333,7.05560747663551,7.31099137931034,49
"49",2005,8,7.21739130434783,23,7.68181818181818,6.79166666666667,7,6.95454545454545,7.45833333333333,11,12,3,11,12,362,239,123,15,118,244,7.22955801104972,7.52887029288703,6.6479674796748,7.36666666666667,7.04618644067797,7.31823770491803,50
"50",2005,9,7.13529411764706,17,7.61428571428571,6.8,7,6.84545454545455,7.66666666666667,7,10,2,11,6,379,246,133,17,129,250,7.22532981530343,7.53130081300813,6.6593984962406,7.32352941176471,7.02906976744186,7.3266,51
"51",2005,10,7.3125,16,7.5,6.9,7.5,7.33333333333333,7.28571428571429,11,5,1,9,7,395,257,138,18,138,257,7.22886075949367,7.52996108949416,6.66811594202899,7.33333333333333,7.04891304347826,7.32548638132296,52
"52",2005,11,7.48095238095238,21,7.72142857142857,7,7,7.45,7.5,14,7,2,8,13,416,271,145,20,146,270,7.24158653846154,7.53985239852398,6.68413793103448,7.3,7.0708904109589,7.33388888888889,53
"53",2005,12,7.23529411764706,17,7.66666666666667,6.75,8.5,7,7.5,9,8,1,9,8,433,280,153,21,155,278,7.24133949191686,7.54392857142857,6.68758169934641,7.35714285714286,7.06677419354839,7.3386690647482,54
"54",2006,1,7.43518518518519,27,7.72368421052632,6.75,6,7.14285714285714,7.75,19,8,1,14,13,460,299,161,22,169,291,7.25271739130435,7.55535117056856,6.69068322981366,7.29545454545455,7.07307692307692,7.35704467353952,55
"55",2006,2,7.28571428571429,14,8.08333333333333,6.6875,6.75,7.41666666666667,7.1875,6,8,2,6,8,474,305,169,24,175,299,7.25369198312236,7.56573770491803,6.6905325443787,7.25,7.08485714285714,7.35250836120401,56
"56",2006,3,7.644,25,8.14615384615385,7.1,8,7.69090909090909,7.60714285714286,13,12,1,11,14,499,318,181,25,186,313,7.27324649298597,7.58946540880503,6.71767955801105,7.28,7.12069892473118,7.36389776357827,57
"57",2006,4,7.08823529411765,17,7.375,6.83333333333333,5,7.04166666666667,7.2,8,9,1,12,5,516,326,190,26,198,318,7.2671511627907,7.58420245398773,6.72315789473684,7.19230769230769,7.11590909090909,7.36132075471698,58
"58",2006,5,7.41666666666667,18,7.57692307692308,7,NA,7.6875,7.2,13,5,0,8,10,534,339,195,26,206,328,7.27219101123595,7.58392330383481,6.73025641025641,7.19230769230769,7.1381067961165,7.35640243902439,59
"59",2006,6,7.32142857142857,14,7.33333333333333,7.3,NA,7.1875,7.5,9,5,0,8,6,548,348,200,26,214,334,7.27344890510949,7.57744252873563,6.7445,7.19230769230769,7.13995327102804,7.35898203592814,60
"60",2006,7,7.50714285714286,28,7.60526315789474,7.3,8.25,7.63636363636364,7.42352941176471,19,9,2,11,17,576,367,209,28,225,351,7.28480902777778,7.57888283378747,6.76842105263158,7.26785714285714,7.16422222222222,7.36210826210826,61
"61",2006,8,7.0472962962963,27,7.3610625,6.59090909090909,7,6.96814285714286,7.075,16,11,2,7,20,603,383,220,30,232,371,7.27417412935323,7.56978328981723,6.75954545454545,7.25,7.15830603448276,7.3466307277628,62
"62",2006,9,6.91944444444444,18,7.09615384615385,6.46,NA,6.5,7.08076923076923,13,5,0,5,13,621,396,225,30,237,384,7.26389210950081,7.55423484848485,6.75288888888889,7.25,7.14441772151899,7.33763020833333,63
"63",2006,10,6.75,24,7.11111111111111,6.53333333333333,8.33333333333333,6.85714285714286,6.70588235294118,9,15,3,7,17,645,405,240,33,244,401,7.24477054263566,7.54438765432099,6.73916666666667,7.34848484848485,7.1361762295082,7.31084788029925,64
"64",2006,11,6.94117647058824,17,7.14285714285714,6.8,7,7,6.91666666666667,7,10,1,5,12,662,412,250,34,249,413,7.23697432024169,7.53756553398058,6.7416,7.33823529411765,7.13344176706827,7.29939467312349,65
"65",2006,12,7.37241379310345,29,7.43684210526316,7.25,8,7.53846153846154,7.2375,19,10,1,13,16,691,431,260,35,262,429,7.24265846599132,7.5331252900232,6.76115384615385,7.35714285714286,7.15353816793893,7.29708624708625,66
"66",2007,1,7.25384615384615,26,7.75,6.675,7,6.78888888888889,7.5,14,12,1,9,17,717,445,272,36,271,446,7.24306415620642,7.53994831460674,6.75735294117647,7.34722222222222,7.14142804428044,7.30482062780269,67
"67",2007,2,7.18618304347826,23,7.63333333333333,6.34777625,NA,7.13636363636364,7.23185083333333,15,8,0,11,12,740,460,280,36,282,458,7.24129622972973,7.54299347826087,6.74565075,7.34722222222222,7.1412304964539,7.30290875545851,68
"68",2007,3,7.05739130434783,23,7.75466666666667,5.75,8,6.86363636363636,7.235,15,8,1,11,12,763,475,288,37,293,470,7.23575256880734,7.54967789473684,6.71799378472222,7.36486486486486,7.13080887372014,7.30117491489362,69
"69",2007,4,7.2551724137931,29,7.42,6.88888888888889,7,7.16666666666667,7.31764705882353,20,9,3,12,17,792,495,297,40,305,487,7.2364636489899,7.54443838383838,6.72317242424242,7.3375,7.13221967213115,7.30174991786448,70
"70",2007,5,7.45217391304348,23,7.80625,6.64285714285714,7.5,7.21111111111111,7.60714285714286,16,7,2,9,14,815,511,304,42,314,501,7.24255117791411,7.55263600782779,6.72132305921053,7.34523809523809,7.13448089171975,7.31028385229541,71
"71",2007,6,7.32,25,7.5,7,6.5,7,7.53333333333333,16,9,2,10,15,840,527,313,44,324,516,7.24485620238095,7.55103795066414,6.7293361341853,7.30681818181818,7.13033024691358,7.31676784883721,72
"72",2007,7,7.03703703703704,27,7.43333333333333,6.54166666666667,7,7,7.07142857142857,15,12,2,13,14,867,542,325,46,337,530,7.23838432525952,7.54778044280443,6.7224068,7.29347826086957,7.12530267062315,7.31028718867925,73
"73",2007,8,7.37083333333333,24,7.67142857142857,6.95,8,7.15833333333333,7.58333333333333,14,10,1,12,12,891,556,335,47,349,542,7.24195197530864,7.55089388489209,6.72920062686567,7.30851063829787,7.12643839541547,7.31633249077491,74
"74",2007,9,7.32727272727273,22,7.68888888888889,7.07692307692308,7.5,7.25555555555556,7.37692307692308,9,13,2,9,13,913,565,348,49,358,555,7.24400789704272,7.55309203539823,6.74219025862069,7.31632653061224,7.1296843575419,7.31775172972973,75
"75",2007,10,6.82935483870968,31,7.30375,6.32333333333333,7,7.45857142857143,6.64583333333333,16,15,2,7,24,944,581,363,51,365,579,7.23039111228814,7.54622547332186,6.72488212121212,7.30392156862745,7.13599178082192,7.28990018998273,76
"76",2007,11,7.09090909090909,33,7.77307692307692,6.6475,7,6.97916666666667,7.15476190476191,13,20,1,12,21,977,594,383,52,377,600,7.22567984646878,7.55119023569024,6.72084127937337,7.29807692307692,7.131,7.28517035,77
"77",2007,12,7.18055555555556,36,7.45652173913043,6.69230769230769,7,7.35714285714286,7.06818181818182,23,13,1,14,22,1013,617,396,53,391,622,7.22407621915104,7.54766126418152,6.71990457070707,7.29245283018868,7.13909718670077,7.27749551446945,78
"78",2008,1,7.08260869565217,46,7.34,6.77619047619048,7.5,6.83333333333333,7.24285714285714,25,21,2,18,28,1059,642,417,55,409,650,7.21793126534466,7.53957476635514,6.72273911270983,7.3,7.12564058679707,7.2760034,79
"79",2008,2,6.96666666666667,21,7.35,6.61818181818182,7,6.75,7.16363636363636,10,11,4,10,11,1080,652,428,59,419,661,7.21304556481481,7.53666717791411,6.72005189252336,7.27966101694915,7.1166754176611,7.27413344931921,80
"80",2008,3,7.1796875,32,7.390625,6.96875,7,7.675,6.95454545454545,16,16,3,10,22,1112,668,444,62,429,683,7.2120856205036,7.53316916167665,6.72901398648649,7.26612903225806,7.12968997668998,7.26383925329429,81
"81",2008,4,7.38620689655172,29,7.72222222222222,6.83636363636364,8,7,7.58947368421053,18,11,1,10,19,1141,686,455,63,439,702,7.21651113935145,7.53812973760933,6.73160925274725,7.27777777777778,7.12673576309795,7.27265272079772,82
"82",2008,5,7.11666666666667,21,7.82,6.47727272727273,5.5,7.245,7,10,11,3,10,11,1162,696,466,66,449,713,7.2147067211704,7.54217959770115,6.72560560085837,7.1969696969697,7.12936971046771,7.2684462973352,83
"83",2008,6,7.27368421052632,19,8.07777777777778,6.55,7.86666666666667,7.5125,7.1,9,10,3,8,11,1181,705,476,69,457,724,7.21565555461474,7.5490170212766,6.72191640756302,7.22608695652174,7.13607658643326,7.26588703038674,84
"84",2008,7,7.13846153846154,39,7.8047619047619,6.36111111111111,6,7.05263157894737,7.22,21,18,9,19,20,1220,726,494,78,476,744,7.21318787704918,7.55641460055096,6.70876965587045,7.08461538461539,7.13274579831933,7.26465350806452,85
"85",2008,8,6.72625,40,7.575,5.8775,6.16428571428571,6.71538461538462,6.73148148148148,20,20,7,13,27,1260,746,514,85,489,771,7.19772953174603,7.55691286863271,6.67642453307393,7.00882352941176,7.12165030674847,7.24598211413748,86
"86",2008,9,6.99285714285714,28,7.58,6.31538461538462,7.18333333333333,7.51111111111111,6.74736842105263,15,13,6,9,19,1288,761,527,91,498,790,7.19327578416149,7.5573679369251,6.66751842504744,7.02032967032967,7.12868875502008,7.23399013924051,87
"87",2008,10,7.01627906976744,43,7.385,6.69565217391304,6.9,6.54166666666667,7.2,20,23,5,12,31,1331,781,550,96,510,821,7.18755763335838,7.55295390524968,6.66869492727273,7.0140625,7.11487647058824,7.23270671132765,88
"88",2008,11,7.3258064516129,31,7.71111111111111,6.79230769230769,7.15,7.25,7.344,18,13,2,6,25,1362,799,563,98,516,846,7.19070426578561,7.55651689612015,6.67154921847247,7.01683673469388,7.1164476744186,7.23599552009456,89
"89",2008,12,7.15394736842105,38,7.73809523809524,6.43235294117647,6,7.2,7.13965517241379,21,17,5,9,29,1400,820,580,103,525,875,7.18970657857143,7.56116707317073,6.66453829310345,6.96747572815534,7.11788,7.23280252571429,90
"90",2009,1,6.82019230769231,52,7.19827586206897,6.34347826086957,6.375,6.11764705882353,7.16142857142857,29,23,4,17,35,1452,849,603,107,542,910,7.17647328512397,7.5487714958775,6.65229222222222,6.94532710280374,7.0865073800738,7.23005737362637,91
"91",2009,2,6.82923076923077,65,7.564,6.37,6.44444444444444,6.44285714285714,6.93529411764706,25,40,9,14,51,1517,874,643,116,556,961,7.16159473302571,7.54920709382151,6.63473127527216,6.90646551724138,7.07030035971223,7.21441437044745,92
"92",2009,3,7.02232142857143,56,7.332,6.77258064516129,6.79230769230769,6.86363636363636,7.06111111111111,25,31,13,11,45,1573,899,674,129,567,1006,7.15663649713923,7.54316685205784,6.64107152818991,6.89496124031008,7.06629100529101,7.20755686878728,93
"93",2009,4,6.87592592592593,54,7.184,6.61034482758621,6.66666666666667,6.78181818181818,6.9,25,29,3,11,43,1627,924,703,132,578,1049,7.1473197357099,7.53344913419913,6.63980399715505,6.88977272727273,7.06087716262976,7.19494967588179,94
"94",2009,5,7.07142857142857,35,7.58823529411765,6.58333333333333,6.42857142857143,7.1,7.06666666666667,17,18,7,5,30,1662,941,721,139,583,1079,7.14572154632972,7.53443889479277,6.63839418862691,6.86654676258993,7.06121269296741,7.19138295644115,95
"95",2009,6,6.77142857142857,42,7.46470588235294,6.3,5.5,6.29,6.921875,17,25,6,10,32,1704,958,746,145,593,1111,7.13649601525822,7.53320146137787,6.62705390080429,6.81,7.04820741989882,7.1836203510351,96
"96",2009,7,7.02,40,7.3125,6.825,7.25,7.25,6.94333333333333,16,24,6,10,30,1744,974,770,151,603,1141,7.13382408830275,7.52957597535934,6.63322364935065,6.82748344370861,7.05155389718076,7.17730255039439,97
"97",2009,8,7.01794871794872,39,7.27142857142857,6.72222222222222,6.5,6.65454545454545,7.16071428571429,21,18,5,11,28,1783,995,788,156,614,1169,7.13128951766685,7.52412763819095,6.63525661167513,6.81698717948718,7.04444136807818,7.17690522668948,98
"98",2009,9,6.77777777777778,27,7.21428571428571,6.625,6.42857142857143,6.6,6.81818181818182,7,20,7,5,22,1810,1002,808,163,619,1191,7.12601613812155,7.5219630738523,6.63500273514851,6.80030674846626,7.04085137318255,7.17027893366918,99
"99",2009,10,7.0622641509434,53,7.69642857142857,6.352,6.88333333333333,7.55555555555556,6.80857142857143,28,25,6,18,35,1863,1030,833,169,637,1226,7.12420247450349,7.52670582524272,6.62650925570228,6.80325443786982,7.0553956043956,7.159952862969,100
"100",2009,11,6.88301886792453,53,7.25,6.66060606060606,6,6.95454545454545,6.86428571428571,20,33,6,11,42,1916,1050,866,175,648,1268,7.11753090292275,7.52143523809524,6.62780855658199,6.77571428571428,7.05368364197531,7.15015947160883,101
"101",2009,12,6.8,45,7.71428571428571,6.38709677419355,5.38888888888889,6.46153846153846,6.9375,14,31,9,13,32,1961,1064,897,184,661,1300,7.11024437021928,7.5239727443609,6.61948964325529,6.70788043478261,7.0420378214826,7.14492477692307,102
"102",2010,1,6.94426229508197,61,7.21153846153846,6.74571428571429,6.8,6.94166666666667,6.94489795918367,26,35,4,12,49,2022,1090,932,188,673,1349,7.10523699802176,7.51652018348624,6.62422983905579,6.70984042553191,7.04024814264487,7.13765916234247,103
"103",2010,2,7.14074074074074,27,7.83333333333333,6.58666666666667,6,6.2,7.61111111111111,12,15,1,9,18,2049,1102,947,189,682,1367,7.10570483650561,7.51997005444646,6.62363485744456,6.70608465608465,7.02915982404692,7.14389335040234,104
"104",2010,3,6.61739130434783,23,7.125,6.06363636363636,6,7.33333333333333,6.51,12,11,3,3,20,2072,1114,958,192,685,1387,7.10028436776062,7.51571543985637,6.61720481210856,6.69505208333333,7.03049197080292,7.13475285508291,105
"105",2010,4,6.88620689655172,29,7.59090909090909,6.45555555555556,7,7.9,6.675,11,18,2,5,24,2101,1125,976,194,690,1411,7.09732946692051,7.51645066666667,6.61422357581967,6.69819587628866,7.03679275362319,7.12693282069454,106
"106",2010,5,6.74615384615385,13,7.67142857142857,5.66666666666667,8,6.9,6.65,7,6,1,5,8,2114,1132,982,195,695,1419,7.09516991958373,7.51740901060071,6.60843402240326,6.70487179487179,7.03580863309352,7.12424398167724,107
"107",2010,6,7.13653846153846,26,7.628125,6.35,6.25,7.425,6.95625,16,10,4,10,16,2140,1148,992,199,705,1435,7.09567252803738,7.51895209059233,6.60582884072581,6.69572864321608,7.04132907801418,7.12237087804878,108
"108",2010,7,6.83095238095238,21,7.77,5.97727272727273,6.5,5.75,7.08529411764706,10,11,1,4,17,2161,1158,1003,200,709,1452,7.09310005090236,7.52112003454231,6.59893540378863,6.69475,7.0340437235543,7.12193678374656,109
"109",2010,8,6.40909090909091,22,6.94444444444444,6.03846153846154,6.125,6.25,6.46875,9,13,4,6,16,2183,1167,1016,204,715,1468,7.08620669262483,7.51667266495287,6.59176398622047,6.68357843137255,7.02746433566434,7.11481758174387,110
"110",2010,9,7.10416666666667,24,7.59090909090909,6.69230769230769,6.5,6.16666666666667,7.41666666666667,11,13,3,6,18,2207,1178,1029,207,721,1486,7.08640199818759,7.51736587436333,6.59303421768707,6.68091787439613,7.02030097087379,7.11847389636608,111
"111",2010,10,7.51,30,8.2,6.82,7,7.375,7.55909090909091,15,15,1,8,22,2237,1193,1044,208,729,1508,7.09208279392043,7.52594886839899,6.59629522030651,6.68245192307692,7.02419341563786,7.12490199602122,112
"112",2010,11,6.99407209302326,43,7.79677058823529,6.46923076923077,6.1,6.50644285714286,7.08888888888889,17,26,6,7,36,2280,1210,1070,214,736,1544,7.09023434649123,7.52975380165289,6.5932076728972,6.6661214953271,7.0192691576087,7.12406231217616,113
"113",2010,12,7.22272727272727,44,7.57037037037037,6.67058823529412,7.25,7.6875,7.11944444444444,27,17,2,8,36,2324,1237,1087,216,744,1580,7.09274281841652,7.53064033953112,6.59441785648574,6.67152777777778,7.02645443548387,7.12395709493671,114
"114",2011,1,6.595,30,7.13333333333333,6.23611111111111,5.66666666666667,6.5,6.62391304347826,12,18,3,7,23,2354,1249,1105,219,751,1603,7.0863994519966,7.52682313851081,6.58858118552036,6.65776255707762,7.02154740346205,7.11678241422333,115
"115",2011,2,6.84583333333333,24,7.4,6.37692307692308,6,6.66666666666667,6.90555555555556,11,13,3,6,18,2378,1260,1118,222,757,1621,7.08397153490328,7.52571595238095,6.58612004472272,6.64887387387387,7.01873461030383,7.11443689697717,116
"116",2011,3,6.75862068965517,29,7.15384615384615,6.4375,6.5,6.79166666666667,6.73529411764706,13,16,4,12,17,2407,1273,1134,226,769,1638,7.08005164520149,7.52191838177533,6.58402311287478,6.6462389380531,7.01519128738622,7.11050195970696,117
"117",2011,4,6.82495454545455,22,7.3,6.42908333333333,5.5,5.83,7.11758823529412,10,12,3,5,17,2429,1283,1146,229,774,1655,7.07774117332235,7.52018869836321,6.58240070680628,6.63122270742358,7.0075350129199,7.11057474924471,118
"118",2011,5,6.81851851851852,27,7.16666666666667,6.64444444444444,NA,6.83333333333333,6.81666666666667,9,18,0,3,24,2456,1292,1164,229,777,1679,7.07489141286645,7.51772608359133,6.58336014604811,6.63122270742358,7.00686241956242,7.10637356164383,119
"119",2011,6,7.09523809523809,21,7.41666666666667,6.66666666666667,7.5,6.83333333333333,7.2,12,9,4,6,15,2477,1304,1173,233,783,1694,7.07506391199031,7.51679608895705,6.58399932651322,6.64613733905579,7.00553269476373,7.10720260330578,120
"120",2011,7,6.52631578947368,19,7.8,6.07142857142857,5.6,7.25,6.44117647058824,5,14,5,2,17,2496,1309,1187,238,785,1711,7.07088674278846,7.51787784568373,6.57795384161752,6.62415966386555,7.00615554140127,7.10058516072472,121
"121",2011,8,6.66666666666667,15,7.64285714285714,5.8125,7.5,6.75,6.65384615384615,7,8,1,2,13,2511,1316,1195,239,787,1724,7.06847204699323,7.51854262917933,6.57282946443515,6.62782426778243,7.00550457433291,7.09721647911833,122
"122",2011,9,6.98636363636364,22,7.5,6.55833333333333,6.975,4.95,7.19,10,12,4,2,20,2533,1326,1207,243,789,1744,7.06775890643506,7.51840279034691,6.57268534382767,6.6335390946502,7.00029416983523,7.0982805103211,123
"123",2011,10,6.80769230769231,26,7.45,6.40625,6.75,6,6.875,10,16,6,2,24,2559,1336,1223,249,791,1768,7.06511657288003,7.51789079341317,6.57050793949305,6.6363453815261,6.99776498103666,7.09524955316742,124
"124",2011,11,6.65476190476191,42,7.21,6.15,6.5,6.96666666666667,6.56969696969697,20,22,5,9,33,2601,1356,1245,254,800,1801,7.05849031526336,7.51334963126844,6.56307727710844,6.63366141732283,6.997415125,7.08561977234869,125
"125",2011,12,7.20588235294118,17,7.5,6.66666666666667,7,7.08333333333333,7.27272727272727,11,6,2,6,11,2618,1367,1251,256,806,1812,7.05944740641711,7.51324220921726,6.56357410871303,6.6365234375,6.9980547146402,7.08675563465783,126
"126",2012,1,6.54516129032258,31,7.21428571428571,5.99411764705882,6.25,6.43333333333333,6.59090909090909,14,17,4,9,22,2649,1381,1268,260,815,1834,7.05342895809739,7.51021151339609,6.55593944006309,6.63057692307692,6.99181852760736,7.08080763904035,127
"127",2012,2,7.15416666666667,24,7.5625,6.3375,6.06666666666667,6.75,7.235,16,8,3,4,20,2673,1397,1276,263,819,1854,7.05433344930789,7.5108103793844,6.5545699137931,6.62414448669201,6.99063748473748,7.08247098705501,128
"128",2012,3,6.73478260869565,23,7.21428571428571,6.525,6.3,6.33333333333333,6.87647058823529,7,16,5,6,17,2696,1404,1292,268,825,1871,7.05160731083086,7.50933198005698,6.55420372291022,6.61809701492537,6.98585709090909,7.08059925708177,129
"129",2012,4,6.74193548387097,31,7.42307692307692,6.25,5.5,6.5,6.8125,13,18,2,7,24,2727,1417,1310,270,832,1895,7.0480870223689,7.508540649259,6.55002382442748,6.60981481481481,6.98176935096154,7.07720380474934,130
"130",2012,5,7.25,14,8,6.6875,6.75,7,7.26923076923077,6,8,4,1,13,2741,1423,1318,274,833,1908,7.04911831813207,7.5106128601546,6.55085827769348,6.61186131386861,6.9817912364946,7.07851216457023,131
"131",2012,6,6.37916666666667,24,6.79285714285714,5.8,6,6.46666666666667,6.35,14,10,1,6,18,2765,1437,1328,275,839,1926,7.04330318625678,7.50362011134308,6.54520422439759,6.60963636363636,6.9781073897497,7.0717036396677,132
"132",2012,7,6.72166666666667,24,7.22727272727273,6.29384615384615,7.08333333333333,5.58333333333333,6.88428571428571,11,13,3,3,21,2789,1448,1341,278,842,1947,7.04053542846898,7.50152078729282,6.54276749440716,6.61474820143885,6.97313788598575,7.0696821828454,133
"133",2012,8,6.7448275862069,29,7.15714285714286,6.36,6.62857142857143,6.61111111111111,6.805,14,15,7,9,20,2818,1462,1356,285,851,1967,7.03749230305181,7.4982230506156,6.5407457300885,6.61508771929824,6.96930916568743,7.06699095577021,134
"134",2012,9,6.468,25,7,6.16875,7,5.9375,6.71764705882353,9,16,3,8,17,2843,1471,1372,288,859,1984,7.03248445655997,7.49517477906186,6.53640758746356,6.61909722222222,6.95969976717113,7.06399758568548,135
"135",2012,10,7.01785714285714,28,7.6,6.69444444444444,6.9,5.91666666666667,7.31818181818182,10,18,5,6,22,2871,1481,1390,293,865,2006,7.03234180076628,7.49588257933829,6.53845410791367,6.62389078498293,6.95246485549133,7.06678524925224,136
"136",2012,11,6.94642857142857,28,7,6.91176470588235,7,6.4,7.06521739130435,11,17,1,5,23,2899,1492,1407,294,870,2029,7.03151200758882,7.49222660857909,6.54296461265103,6.62517006802721,6.94928977011494,7.06676747658945,137
"137",2012,12,6.81,20,7.30833333333333,6.0625,NA,5.675,7.09375,12,8,0,4,16,2919,1504,1415,294,874,2045,7.02999428228846,7.490759375,6.540248204947,6.62517006802721,6.94345778032036,7.06697858679706,138
"138",2013,1,6.81666666666667,30,7.22222222222222,6.20833333333333,6.33333333333333,6.5,6.93181818181818,18,12,3,8,22,2949,1522,1427,297,882,2067,7.02782411325873,7.48758350854139,6.53745704975473,6.62222222222222,6.93943548752834,7.06554001451379,139
"139",2013,2,6.5390625,32,7.03125,6.046875,4.33333333333333,5.16666666666667,6.68103448275862,16,16,3,3,29,2981,1538,1443,300,885,2096,7.02257742703791,7.48283621586476,6.53201747054747,6.59933333333333,6.93342610169491,7.06022004293893,140
"140",2013,3,6.92592592592593,27,7.73076923076923,6.17857142857143,5,6.4375,7.13157894736842,13,14,3,8,19,3008,1551,1457,303,893,2115,7.02170987699468,7.48491431334623,6.52862128345916,6.58349834983498,6.92898331466965,7.06086109219858,141
"141",2013,4,6.96666666666667,21,7.03846153846154,6.85,7.4,7.66666666666667,6.85,13,8,2,3,18,3029,1564,1465,305,896,2133,7.02132826345328,7.4812033887468,6.53037625255973,6.58885245901639,6.93145323660714,7.05908167369901,142
"142",2013,5,7.115,20,7.3125,6.98333333333333,7.33333333333333,7.36666666666667,7.07058823529412,8,12,3,3,17,3049,1572,1477,308,899,2150,7.02194270580518,7.48034484732825,6.53405633716994,6.59610389610389,6.93290556173526,7.05917265581395,143
"143",2013,6,6.63333333333333,15,7.33333333333333,6.45833333333333,7,6.25,6.77272727272727,3,12,3,4,11,3064,1575,1489,311,903,2161,7.02004024477807,7.48006482539683,6.53344607790463,6.6,6.92988050941307,7.0577145812124,144
"144",2013,7,7.5,18,8.28571428571429,7,7,7.3,7.57692307692308,7,11,4,5,13,3082,1582,1500,315,908,2174,7.02284338416613,7.4836296460177,6.53686747333333,6.60507936507936,6.9319186123348,7.06081932382704,145
"145",2013,8,6.95454545454545,22,7.34615384615385,6.38888888888889,7,6.57142857142857,7.13333333333333,13,9,1,7,15,3104,1595,1509,316,915,2189,7.02235931378866,7.48250915360502,6.53598489728297,6.60632911392405,6.92916076502732,7.06131622201918,146
"146",2013,9,6.49,29,6.94705882352941,5.8425,4,6.16666666666667,6.6355,17,12,2,9,20,3133,1612,1521,318,924,2209,7.0174316342164,7.47686234491315,6.53051361604208,6.58993710691824,6.92173387445887,7.0574609370756,147
"147",2013,10,7.025,16,7.675,6.375,7,7,7.02666666666667,8,8,1,1,15,3149,1620,1529,319,925,2224,7.01747008891712,7.47784080246914,6.529699941138,6.59122257053291,6.92181848648649,7.05725324190647,148
"148",2013,11,7.24193548387097,31,7.835,6.16363636363636,7,7.25,7.24074074074074,20,11,2,4,27,3180,1640,1540,321,929,2251,7.01965827358491,7.48219640243903,6.5270852012987,6.59376947040498,6.92323153928956,7.05945411372723,149
"149",2013,12,6.82592592592593,27,7.23333333333333,6.31666666666667,6.625,5.375,7.07826086956522,15,12,4,4,23,3207,1655,1552,325,933,2274,7.0180272248207,7.47994084592145,6.52545825386598,6.59415384615384,6.91659389067524,7.05964433157432,150
"150",2014,1,7.01724137931035,29,7.62307692307692,6.525,6.5,7,7.02,13,16,5,4,25,3236,1668,1568,330,937,2299,7.01802018232386,7.48105641486811,6.52545357780612,6.59272727272727,6.91694994663821,7.05921322749021,151
"151",2014,2,6.972,25,7.34285714285714,6.5,6.625,7.875,6.8,14,11,4,4,21,3261,1682,1579,334,941,2320,7.01766737503833,7.47990612366231,6.52527625712476,6.59311377245509,6.9210224229543,7.05686690086207,152
"152",2014,3,7.34047619047619,21,7.45,7.19444444444444,5,7.1,7.415625,12,9,1,5,16,3282,1694,1588,335,946,2336,7.01973287934186,7.47969427390791,6.5290687720403,6.58835820895522,6.92196839323467,7.05932414811644,153
"153",2014,4,7.0475,20,7.48181818181818,6.51666666666667,5,7.1,7.03823529411765,11,9,3,3,17,3302,1705,1597,338,949,2353,7.01990106299213,7.47970797653959,6.5289988791484,6.57426035502958,6.92253119072708,7.05917178495537,154
"154",2014,5,6.97222222222222,18,7.55384615384615,5.46,5.43333333333333,7.34,6.83076923076923,13,5,3,5,13,3320,1718,1602,341,954,2366,7.01964256325301,7.48026897555297,6.52566242821473,6.56422287390029,6.92471918238994,7.05791682586644,155
"155",2014,6,6.98666666666667,15,6.82857142857143,7.125,8,6.75,7.07272727272727,7,8,1,4,11,3335,1725,1610,342,958,2377,7.01949424587706,7.4776244057971,6.52864050310559,6.56842105263158,6.92398966597077,7.05798536390408,156
"156",2014,7,6.94285714285714,14,7.24285714285714,6.64285714285714,7.5,5.5,7.18333333333333,7,7,3,2,12,3349,1732,1617,345,960,2389,7.01917387578382,7.47667557736721,6.52913494743352,6.57652173913043,6.92102302083333,7.05861498953537,157
"157",2014,8,8.025,8,8.14,7.83333333333333,NA,NA,8.025,5,3,0,0,8,3357,1737,1620,345,960,2397,7.02157084003575,7.47858497409327,6.53155012962963,6.57652173913043,6.92102302083333,7.06184030454735,158
"158",2014,9,6.81666666666667,18,7.55555555555556,6.07777777777778,5.5,6.75,6.85,9,9,2,6,12,3375,1746,1629,347,966,2409,7.02047801777778,7.47898172966781,6.52904310006139,6.57031700288184,6.91996076604555,7.06078506019095,159
"159",2014,10,6.53333333333333,15,5.5,6.69230769230769,6.6,5.75,6.65384615384615,2,13,5,2,13,3390,1748,1642,352,968,2422,7.01832251032448,7.47671744851259,6.53033569427527,6.57073863636364,6.91754349173554,7.05860082989265,160
"160",2014,11,6.86235294117647,17,7.6,5.80857142857143,6,7,6.83285714285714,10,7,2,3,14,3407,1758,1649,354,971,2436,7.01754426474905,7.47741871444824,6.52727180715585,6.56751412429378,6.9177982492276,7.05730345238095,161
"161",2014,12,7.13846153846154,26,7.57142857142857,6.63333333333333,6,6.6375,7.36111111111111,14,12,1,8,18,3433,1772,1661,355,979,2454,7.01846003786775,7.47816145598194,6.52803805538832,6.56591549295775,6.91550776302349,7.05953187041565,162
"162",2015,1,6.86111111111111,27,7.10714285714286,6.59615384615385,6.4375,6.2,7.01136363636364,14,13,4,5,22,3460,1786,1674,359,984,2476,7.01723217052023,7.47525313549832,6.52856703106332,6.56448467966574,6.91187205284553,7.05910388126009,163
"163",2015,2,6.87931034482759,29,7.37333333333333,6.35,6.25,6.61111111111111,7,15,14,4,9,20,3489,1801,1688,363,993,2496,7.01608578675838,7.47440427540256,6.52708602488152,6.56101928374656,6.90914612286002,7.05863029246795,164
"164",2015,3,6.8575,20,7.3,6.415,6.25,7.5,6.696875,10,10,3,4,16,3509,1811,1698,366,997,2512,7.01518190652608,7.47344124792932,6.52642591872791,6.55846994535519,6.91151664994985,7.05632611863057,165
"165",2015,4,7.05894736842105,19,7.78571428571429,6.635,7.5,7,7.06588235294118,7,12,2,2,17,3528,1818,1710,368,999,2529,7.01541760487528,7.47464361936194,6.52718784210526,6.56358695652174,6.91169379379379,7.05639035587188,166
"166",2015,5,6.701,20,7.09272727272727,6.22222222222222,7,4.9,7.15125,11,9,1,4,16,3548,1829,1719,369,1003,2545,7.01364523957159,7.47234669218152,6.52559116346713,6.56476964769648,6.90367108673978,7.05698672298625,167
"167",2015,6,7.80333333333333,9,8.07142857142857,6.865,7,7.9325,7.7,7,2,1,4,5,3557,1836,1721,370,1007,2550,7.01564332583638,7.47463077342048,6.52598559558396,6.56594594594594,6.90775779543198,7.05824753333333,168
"168",2015,7,6.11363636363636,11,7.75,5.17857142857143,7,5,6.225,4,7,1,1,10,3568,1840,1728,371,1008,2560,7.01286247477578,7.47522940217392,6.52052732060185,6.56711590296496,6.90586517857143,7.05499266015625,169
"169",2015,8,6.55,20,7.8625,5.675,6.5,6.66666666666667,6.52941176470588,8,12,3,3,17,3588,1848,1740,374,1011,2577,7.01028241638796,7.4769058982684,6.51469609770115,6.56657754010695,6.90515539070227,7.05152549864183,170
"170",2015,9,6.8,20,7.23076923076923,6,4.5,6.85714285714286,6.76923076923077,13,7,2,7,13,3608,1861,1747,376,1018,2590,7.0091167710643,7.47518651262762,6.51263377790498,6.55558510638298,6.90482524557957,7.05010857528957,171
"171",2015,10,6.96666666666667,15,7.21428571428571,6.75,5.5,5.33333333333333,7.375,7,8,3,3,12,3623,1868,1755,379,1021,2602,7.00894101849296,7.47420883297645,6.51371578917379,6.54722955145119,6.90020773751224,7.05160692159877,172
"172",2015,11,7.07380952380952,21,8.13333333333333,6.65,6.375,6.75,7.15,6,15,4,4,17,3644,1874,1770,383,1025,2619,7.00931484906696,7.47631915688367,6.51487074011299,6.54543080939948,6.89962156097561,7.05224559373807,173
"173",2015,12,6.59545454545455,22,7.14375,5.13333333333333,4,6.21666666666667,6.7375,16,6,1,6,16,3666,1890,1776,384,1031,2635,7.00683123567921,7.47350375661376,6.51020338400901,6.53880208333333,6.89564704170708,7.05033442504744,174
"174",2016,1,6.608,25,7.04545454545455,6.26428571428571,5.75,5.375,6.84285714285714,11,14,4,4,21,3691,1901,1790,388,1035,2656,7.00412985911677,7.47102688058916,6.50828000558659,6.53067010309278,6.88977014492754,7.04869397966867,175
"175",2016,2,7.02666666666667,15,7.6875,6.27142857142857,6.9,7.975,6.68181818181818,8,7,1,4,11,3706,1909,1797,389,1039,2667,7.00422107663249,7.47193404924044,6.50735737896494,6.53161953727506,6.89394812319538,7.04718080614923,176
"176",2016,3,6.72380952380952,21,7.29090909090909,6.1,5.375,5.44,7.125,11,10,4,5,16,3727,1920,1807,393,1044,2683,7.00264108129863,7.47089692708333,6.5051030492529,6.51984732824427,6.88698477011494,7.04764487886694,177
"177",2016,4,6.14705882352941,17,7.42857142857143,5.25,5.66666666666667,4.5,6.36666666666667,7,10,3,2,15,3744,1927,1817,396,1046,2698,6.99875622596154,7.47074317592112,6.49819549257017,6.51338383838384,6.8824207456979,7.04385886212009,178
"178",2016,5,6.51578947368421,19,7.88333333333333,5.88461538461539,5.66666666666667,6.83333333333333,6.36923076923077,6,13,3,6,13,3763,1933,1830,399,1052,2711,6.99631764815307,7.47202384893947,6.49383672677595,6.50701754385965,6.88214077946768,7.04062383253412,179
"179",2016,6,6.28571428571429,14,6.5,6.25,5,6.5,6.25,2,12,3,2,12,3777,1935,1842,402,1054,2723,6.99368369340747,7.47101917312662,6.49224821389794,6.49577114427861,6.88141565464896,7.03713962908556,180
"180",2016,7,6.75625,16,7.5,6.0125,NA,7.05,6.71428571428571,8,8,0,2,14,3793,1943,1850,402,1056,2737,6.99268212760348,7.47113849716933,6.49017362702703,6.49577114427861,6.88173494318182,7.0354882024114,181
"181",2016,8,6.53,10,6.6,6.46,7,7.5,6.2875,5,5,2,2,8,3803,1948,1855,404,1058,2745,6.99146550354983,7.46890251540041,6.49009229649596,6.49826732673267,6.88290368620038,7.03330827322404,182
"182",2016,9,6.572,25,7.56153846153846,5.5,6.33333333333333,6.625,6.56190476190476,13,12,3,4,21,3828,1961,1867,407,1062,2766,6.98872604754441,7.46951662417134,6.48372855382967,6.4970515970516,6.88193229755179,7.02972928778018,183
"183",2016,10,6.79411764705882,17,7.20833333333333,5.8,4,6,7.03846153846154,12,5,1,4,13,3845,1973,1872,408,1066,2779,6.98786562028608,7.46792807906741,6.48190235576923,6.49093137254902,6.87862298311445,7.02977013673983,184
"184",2016,11,6.94347826086956,23,7.46153846153846,6.27,6.44,6.625,7.01052631578947,13,10,5,4,19,3868,1986,1882,413,1070,2798,6.98760168304033,7.46788625377644,6.48077641339001,6.49031476997579,6.87767485981308,7.0296394603288,185
"185",2016,12,6.22307692307692,13,7,5.7375,6.5,8,6.075,5,8,1,1,12,3881,1991,1890,414,1071,2810,6.98504079103324,7.46671125062783,6.47763026984127,6.49033816425121,6.87872278244631,7.02556270818505,186
"186",2017,1,6.40740740740741,27,6.45833333333333,6.36666666666667,7,6.25,6.43478260869565,12,15,2,4,23,3908,2003,1905,416,1075,2833,6.98104997697032,7.4606700449326,6.47675654068241,6.49278846153846,6.87638334883721,7.02076639957642,187
"187",2017,2,6.88823529411765,17,7.55,5.94285714285714,5.66666666666667,6.58333333333333,6.95357142857143,10,7,3,3,14,3925,2013,1912,419,1078,2847,6.98064797707006,7.46111381023348,6.47480188807531,6.48687350835322,6.87556781076067,7.02043597119775,188
"188",2017,3,6.7375,16,7.1,6.13333333333333,6,6.26666666666667,6.84615384615385,10,6,1,3,13,3941,2023,1918,420,1081,2860,6.97966082466379,7.45932876915472,6.47373368613139,6.48571428571428,6.87387798334875,7.01964377972028,189
"189",2017,4,6.49736842105263,19,7.085,5.84444444444444,4.66666666666667,6.14166666666667,6.66153846153846,10,9,3,6,13,3960,2033,1927,423,1087,2873,6.97734679545454,7.45748750614855,6.47079460819927,6.47281323877068,6.86983633854646,7.01802339366516,190
"190",2017,5,6.7,10,7.25,6.33333333333333,6,6,6.875,4,6,2,2,8,3970,2037,1933,425,1089,2881,6.97664818891688,7.45708006872852,6.4703679306777,6.47058823529412,6.86823884297521,7.01762624435959,191
"191",2017,6,6.135,12,6.375,6.015,6.55,7.05,5.952,4,8,2,2,10,3982,2041,1941,427,1091,2891,6.97411183073832,7.45495938265556,6.4684910922205,6.47096018735363,6.86857204399633,7.01394023175371,192
"192",2017,7,6.25,8,6.33333333333333,6.2,6.25,6.66666666666667,6,3,5,4,3,5,3990,2044,1946,431,1094,2896,6.97265997744361,7.45331316046967,6.46780123843782,6.46890951276102,6.86801837294333,7.01218964433701,193
"193",2017,8,6.64285714285714,14,6.91666666666667,6.4375,5,7,6.58333333333333,6,8,1,2,12,4004,2050,1954,432,1096,2908,6.97150682067932,7.45174248780488,6.4676771801433,6.46550925925926,6.86825921532847,7.01041994841815,194
"194",2017,9,6.64285714285714,14,7.6,6.11111111111111,5.5,6.25,6.8,5,9,5,4,10,4018,2055,1963,437,1100,2918,6.97036169985067,7.45210321167883,6.4660423892002,6.45446224256293,6.866011,7.00969883824537,195
"195",2017,10,6.13636363636364,11,6.08333333333333,6.2,NA,6,6.1875,6,5,0,3,8,4029,2061,1968,437,1103,2926,6.96808471332837,7.44811843765163,6.46536646849593,6.45446224256293,6.86365557570263,7.00745085782638,196
"196",2017,11,6.45789473684211,19,7,6.14166666666667,5,5.28571428571429,7.14166666666667,7,12,4,7,12,4048,2068,1980,441,1110,2938,6.96569004693676,7.44660159574468,6.46340465151515,6.44126984126984,6.85370459459459,7.0079990503744,197
"197",2017,12,6.79166666666667,12,7.1,6.57142857142857,7,7,6.77272727272727,5,7,2,1,11,4060,2073,1987,443,1111,2949,6.96517569211823,7.4457656054028,6.46378520885757,6.44379232505643,6.85383627362736,7.00712146829433,198
"198",2018,1,6.11071428571429,14,7.3875,5.6,6.5,7,6.04230769230769,4,10,2,1,13,4074,2077,1997,445,1112,2962,6.96223939862543,7.44565339431873,6.45945979469204,6.44404494382022,6.85396771582734,7.00288697164078,199
"199",2018,2,5.66666666666667,9,6.25,5.2,5.5,2,6.125,4,5,2,1,8,4083,2081,2002,447,1113,2970,6.95938361743816,7.44335516578568,6.45631429070929,6.43982102908277,6.84960655884996,7.00052229292929,200
"200",2018,3,7.33333333333333,15,7.71428571428571,7,7.1,6.83333333333333,7.45833333333333,7,8,5,3,12,4098,2088,2010,452,1116,2982,6.96075239385066,7.44426345785441,6.45847821393035,6.44712389380531,6.84956281362007,7.0023645908786,201
"201",2018,4,6.25,8,8,6,5.75,7,6.14285714285714,1,7,4,1,7,4106,2089,2017,456,1117,2989,6.95936758645884,7.4445294877932,6.45688706494794,6.44100877192982,6.84969749328559,7.00035169287387,202
"202",2018,5,6.66428571428571,14,7.05,6.375,6,6.9,6.4875,6,8,2,6,8,4120,2095,2025,458,1123,2997,6.95836488106796,7.44339957040573,6.45656356049383,6.43908296943231,6.84996625111309,6.99898271938605,203
"203",2018,6,7,4,8,6.66666666666667,6.5,6.5,7.5,1,3,2,2,2,4124,2096,2028,460,1125,2999,6.9584052643065,7.4436651240458,6.45687436390533,6.43934782608695,6.84934408888889,6.99931684228076,204
"204",2018,7,7,20,8.2,5.8,6,9,6.89473684210526,10,10,2,1,19,4144,2106,2038,462,1126,3018,6.95860601110039,7.44725645773979,6.45365123159961,6.43744588744589,6.85125408525755,6.99865845261762,205
"205",2018,8,6.65,10,8,6.07142857142857,6.16666666666667,7,6.5,3,7,3,3,7,4154,2109,2045,465,1129,3025,6.95786309821858,7.44804272166904,6.45234288997555,6.43569892473118,6.85164933569531,6.9975045322314,206
"206",2018,9,7.1875,8,7.25,7,7,7.5,7.14285714285714,6,2,1,1,7,4162,2115,2047,466,1130,3032,6.95830449543489,7.44748089834515,6.45287797264289,6.43690987124463,6.85222309734513,6.99784010883905,207
"207",2018,10,6.475,8,6.9,6.33333333333333,NA,7,6.4,2,6,0,1,7,4170,2117,2053,466,1131,3039,6.95737729256595,7.44696367501181,6.45252859717487,6.43690987124463,6.85235375773652,6.99646305034551,208
"208",2018,11,6.45454545454545,11,6.8,6.16666666666667,NA,6,6.625,5,6,0,3,8,4181,2122,2059,466,1134,3047,6.95605436737622,7.44543925541941,6.45169558523555,6.43690987124463,6.85009885361552,6.99548776173285,209
"209",2018,12,6.625,8,6.75,6.5,NA,NA,6.625,4,4,0,0,8,4189,2126,2063,466,1134,3055,6.95542213177369,7.44413080903104,6.45178924381968,6.43690987124463,6.85009885361552,6.99451758101473,210
"210",2019,1,6.029,10,6.465,5.375,4.83333333333333,3,6.36555555555556,6,4,3,1,9,4199,2132,2067,469,1135,3064,6.95321583948559,7.44137528142589,6.44970547169811,6.42665245202558,6.84670669603524,6.99267010770235,211
"211",2019,2,6.5345,20,7.19909090909091,5.72222222222222,5.5,5.8,6.77933333333333,11,9,2,5,15,4219,2143,2076,471,1140,3079,6.95123093387058,7.44013163789081,6.44655164258189,6.42271762208068,6.84211587719298,6.99163079246508,212
"212",2019,3,6.375,12,6.75,6.1875,NA,6.5,6.35,4,8,0,2,10,4231,2147,2084,471,1142,3089,6.94959662254786,7.43884587796926,6.4455572024952,6.42271762208068,6.84151672504378,6.98955364519262,213
"213",2019,4,6.96615384615385,13,6.64,7.11111111111111,6,8.28,6.72727272727273,4,9,1,2,11,4244,2151,2093,472,1144,3100,6.9496473397738,7.43736034402603,6.44841911610129,6.4218220338983,6.84403155594406,6.98862297096774,214
"214",2019,5,6.64285714285714,7,7.16666666666667,6.25,6,NA,6.64285714285714,3,4,1,0,7,4251,2154,2097,473,1144,3107,6.9491421571395,7.43698333333333,6.44804063423939,6.42093023255814,6.84403155594406,6.98784396845832,215
"215",2019,6,7.3125,8,7.91666666666667,5.5,5.5,NA,7.3125,6,2,2,0,8,4259,2160,2099,475,1144,3115,6.94982467950223,7.43831578703704,6.44713730824202,6.41705263157895,6.84403155594406,6.98867775601926,216
"216",2019,7,6.84375,8,7.375,6.3125,6,5.8125,7.875,4,4,1,4,4,4267,2164,2103,476,1148,3119,6.94962580501523,7.43819875231054,6.44688122206372,6.41617647058823,6.84043736933798,6.98981443090734,217
"217",2019,8,6.8,6,7,6.7,6.5,6.4,6.88,2,4,2,1,5,4273,2166,2107,478,1149,3124,6.94941570559326,7.43779413665743,6.44736175130517,6.41652719665272,6.84005404699739,6.9896386715749,218
"218",2019,9,5.34,10,6.375,4.65,5.95,4,5.91428571428571,4,6,2,3,7,4283,2170,2113,480,1152,3131,6.94565802241419,7.43583506912442,6.4422580265026,6.41458333333333,6.83265807291667,6.98723449696582,219
"219",2019,10,7.41666666666667,6,7.5,7.25,NA,8.5,7.2,4,2,0,1,5,4289,2174,2115,480,1153,3136,6.94631692935416,7.43595312787488,6.44302184869976,6.41458333333333,6.83410416305291,6.98757372767857,220
"220",2019,11,7.03,10,7.75,6.55,6,6.66666666666667,7.18571428571429,4,6,1,3,7,4299,2178,2121,481,1156,3143,6.94651158641544,7.43652988980716,6.44332447430457,6.41372141372141,6.8336696366782,6.98801502068088,221
"221",2019,12,6.88888888888889,9,7.2,6.5,6,6.5,7,5,4,1,2,7,4308,2183,2125,482,1158,3150,6.94639120473537,7.43598813559322,6.44343115764706,6.41286307053942,6.83309335060449,6.98804165396825,222
"222",2020,1,6.30909090909091,11,6.91666666666667,5.58,5.96666666666667,5,6.44,6,5,3,1,10,4319,2189,2130,485,1159,3160,6.94476807362815,7.43456468707172,6.44140432394366,6.4101030927835,6.83151173425367,6.98630734493671,223
"223",2020,2,7.2,10,8,6.4,5,6,7.33333333333333,5,5,1,1,9,4329,2194,2135,486,1160,3169,6.94535765996766,7.4358532816773,6.44130735831382,6.40720164609053,6.8307949137931,6.98729290312401,224
"224",2020,3,6.86363636363636,11,7.0625,6.33333333333333,NA,NA,6.86363636363636,8,3,0,0,11,4340,2202,2138,486,1160,3180,6.94515053225806,7.43449686648501,6.44115585126286,6.40720164609053,6.8307949137931,6.98686516037736,225
"225",2020,4,6.34615384615385,13,6.2,6.4375,6.5,NA,6.34615384615385,5,8,3,0,13,4353,2207,2146,489,1160,3193,6.9433616609235,7.43170009062075,6.44114222273998,6.40777096114519,6.8307949137931,6.98425656435953,226
"226",2020,5,7.57142857142857,7,8.375,6.5,6.25,NA,7.57142857142857,4,3,2,0,7,4360,2211,2149,491,1160,3200,6.94437002522936,7.43340664857531,6.44122438808748,6.4071283095723,6.8307949137931,6.985541003125,227
"227",2020,6,6.73636363636364,11,7.21428571428571,5.9,5.8,5.5,7.01111111111111,7,4,2,2,9,4371,2218,2153,493,1162,3209,6.94384655913978,7.43271510369702,6.44021886205295,6.40466531440162,6.82850438898451,6.98561271735743,228
"228",2020,7,7.02727272727273,11,7.4375,5.93333333333333,5.93333333333333,7.8,6.95,8,3,3,1,10,4382,2226,2156,496,1163,3219,6.94405598128708,7.43273230008985,6.43951354823748,6.40181451612903,6.82933972484953,6.98550208449829,229
"229",2020,8,6.83333333333333,9,7.83333333333333,6.33333333333333,NA,NA,6.83333333333333,3,6,0,0,9,4391,2229,2162,496,1163,3228,6.94382903894329,7.43327146702557,6.4392188760407,6.40181451612903,6.82933972484953,6.98507782218091,230
"230",2020,9,6.3125,8,6.66666666666667,6.1,7,7,6.21428571428571,3,5,1,1,7,4399,2232,2167,497,1164,3235,6.94268090702432,7.43224108422939,6.43843618366405,6.40301810865191,6.82948634020619,6.98340995672334,231
"231",2020,10,7.8125,8,8.3,7,6,6,8.07142857142857,5,3,1,1,7,4407,2237,2170,498,1165,3242,6.94425988427502,7.43418064371927,6.43921253917051,6.40220883534136,6.82877433476395,6.98575916409624,232
"232",2020,11,7,11,7.5,5.66666666666667,NA,7,7,8,3,0,1,10,4418,2245,2173,498,1166,3252,6.94439866681756,7.43441518930958,6.43814597791072,6.40220883534136,6.82892118353345,6.98580295510455,233
"233",2020,12,6.79166666666667,12,7.5625,5.25,5,7,6.72222222222222,8,4,1,3,9,4430,2253,2177,499,1169,3261,6.94398494582393,7.43486999556147,6.4359628892972,6.39939879759519,6.82936022241232,6.98507550137994,234
"234",2021,1,7.14210526315789,19,7.45454545454545,6.7125,7.5,8.5,6.98235294117647,11,8,1,2,17,4449,2264,2185,500,1171,3278,6.94483104293099,7.43496559187279,6.43697538215103,6.4016,6.83221357813834,6.98506138194021,235
"235",2021,2,6.92307692307692,13,7.5,6.5625,5.5,5,7.08333333333333,5,8,2,1,12,4462,2269,2193,502,1172,3290,6.94476766248319,7.43510890260026,6.43743329229366,6.39800796812749,6.8306502559727,6.98541982066869,236
"236",2021,3,6.51666666666667,6,6.95,5.65,5.65,7,6.275,4,2,2,2,4,4468,2273,2195,504,1174,3294,6.94419277305282,7.43425521337439,6.43671581321184,6.39503968253968,6.83093875638842,6.98455713721918,237
"237",2021,4,6.21923076923077,13,7.05833333333333,5.5,5.66666666666667,5,6.32083333333333,6,7,3,1,12,4481,2279,2202,507,1175,3306,6.94208955813434,7.43326551118912,6.43373806085377,6.39072978303748,6.8293805106383,6.98214797640653,238
"238",2021,5,6.7375,8,7.33333333333333,6.38,4.9,5.95,7,3,5,1,2,6,4489,2282,2207,508,1177,3312,6.94172495210514,7.43313413672217,6.43361631626642,6.38779527559055,6.82788623619371,6.98218031702898,239
"239",2021,6,6.5,6,6,6.75,NA,5.5,7,2,4,0,2,4,4495,2284,2211,508,1179,3316,6.94113533036707,7.43187920315236,6.43418869742198,6.38779527559055,6.8256336726039,6.9822018124246,240
"240",2021,7,6.4,8,6.35,6.41666666666667,6,6.5,6.36666666666667,2,6,3,2,6,4503,2286,2217,511,1181,3322,6.94017395292027,7.43093267716535,6.43414127649977,6.38551859099804,6.82508221845893,6.9810900692354,241
"241",2021,8,6.64615384615385,13,7.425,5.4,6,4,7.12727272727273,8,5,1,2,11,4516,2294,2222,512,1183,3333,6.93932757085917,7.43091198779425,6.43181422592259,6.384765625,6.82030608622147,6.98157252025202,242
"242",2021,9,7,7,6.75,7.33333333333333,NA,NA,7,4,3,0,0,7,4523,2298,2225,512,1183,3340,6.9394214702631,7.42972676240209,6.43302975730337,6.384765625,6.82030608622147,6.98161114071856,243
"243",2021,10,5.4,5,7.5,4,6,NA,5.4,2,3,1,0,5,4528,2300,2228,513,1183,3345,6.9377215790636,7.42978786956522,6.42975368491921,6.38401559454191,6.82030608622147,6.97924699850523,244
"244",2021,11,6.41666666666667,6,6.875,5.5,5,7,6.3,4,2,1,1,5,4534,2304,2230,514,1184,3350,6.93703204896339,7.42882469618056,6.42891982511211,6.38132295719844,6.82045785472973,6.97823319701492,245
"245",2021,12,6.62727272727273,11,7.05,5.5,NA,7,6.59,8,3,0,1,10,4545,2312,2233,514,1185,3360,6.93628235643564,7.42751388408305,6.42767183609494,6.38132295719844,6.82060936708861,6.97707774107143,246
"246",2022,1,6.3,15,6.75,5.4,4,7.16666666666667,6.08333333333333,10,5,2,3,12,4560,2322,2238,516,1188,3372,6.93418932236842,7.42459608096469,6.42537587578195,6.37209302325581,6.82148324915825,6.97389715599051,247
"247",2022,2,6.92857142857143,7,7.25,6.8,7,7.5,6.83333333333333,2,5,1,1,6,4567,2324,2243,517,1189,3378,6.93418071162689,7.42444582616179,6.42621097191261,6.37330754352031,6.82205391084945,6.97364748667851,248
"248",2022,3,7.402,5,8.5,6.67,6.75,6.255,8.16666666666667,2,3,2,2,3,4572,2326,2246,519,1191,3381,6.93469232502187,7.42537063628547,6.42653660284951,6.3747591522158,6.82110167926113,6.97470606625259,249
"249",2022,4,5.88571428571429,7,5.925,5.83333333333333,5.25,NA,5.88571428571429,4,3,2,0,7,4579,2330,2249,521,1191,3388,6.93308873334789,7.42279489270386,6.42574531347265,6.37044145873321,6.82110167926113,6.97245608323495,250
"250",2022,5,5.82857142857143,7,6.96,3,NA,6.8,5.66666666666667,5,2,0,1,6,4586,2335,2251,521,1192,3394,6.9314028150894,7.42180389721627,6.42270155930697,6.37044145873321,6.82108397651007,6.97014767530937,251
"251",2022,6,6.96666666666667,6,7.06,6.5,NA,7,6.96,5,1,0,1,5,4592,2340,2252,521,1193,3399,6.93144889155052,7.42103081196581,6.42273588365897,6.37044145873321,6.82123394803018,6.97013274786702,252
"252",2022,7,7.23333333333333,6,7.35,7,NA,NA,7.23333333333333,4,2,0,0,6,4598,2344,2254,521,1193,3405,6.93184282514136,7.42090959897611,6.42324809671695,6.37044145873321,6.82123394803018,6.97059653744493,253
"253",2022,8,6.55,10,6.5,6.5625,6.375,6.25,6.625,2,8,4,2,8,4608,2346,2262,525,1195,3413,6.93101417317708,7.42012450980392,6.42374058797524,6.37047619047619,6.82027790794979,6.9697864664518,254
"254",2022,9,7.605,10,8.00833333333333,7,NA,8.9,7.28125,6,4,0,2,8,4618,2352,2266,525,1197,3421,6.9324736487657,7.42162504251701,6.42475781553398,6.37047619047619,6.82375279866333,6.97051482315112,255
"255",2022,10,6.74444444444444,9,7.75,5.94,5,6.5,6.81428571428571,4,5,1,2,7,4627,2356,2271,526,1199,3428,6.93210791225416,7.42218255517827,6.42369053720828,6.36787072243346,6.82321276063386,6.97019580221704,256
"256",2022,11,6.62307692307692,13,7.16666666666667,5.4,NA,7,6.59166666666667,9,4,0,1,12,4640,2365,2275,526,1200,3440,6.93124209267241,7.42121019027484,6.42189064175824,6.36787072243346,6.82336008333333,6.96887535174418,257
"257",2022,12,6.91666666666667,6,7.375,6,6,7.5,6.8,4,2,1,1,5,4646,2369,2277,527,1201,3445,6.93122326947912,7.42113216547066,6.42152007465964,6.36717267552182,6.82392348043297,6.96863024963715,258
