"","year","month","avg_rating","no_ratings","avg_rating_owned","avg_rating_not_owned","avg_rating_prev_owned","avg_rating_comment","avg_rating_no_comment","no_ratings_owned","no_ratings_not_owned","no_ratings_prev_owned","no_ratings_comment","no_ratings_no_comment","cum_no_ratings","cum_no_ratings_owned","cum_no_ratings_not_owned","cum_no_ratings_prev_owned","cum_no_ratings_comment","cum_no_ratings_no_comment","cum_avg_rating","cum_avg_rating_owned","cum_avg_rating_not_owned","cum_avg_rating_prev_owned","cum_avg_rating_comment","cum_avg_rating_no_comment","month_after_release"
"1",2001,6,7,1,NA,7,NA,NA,7,0,1,0,0,1,1,0,1,0,0,1,7,NA,7,NA,NA,7,-12
"2",2001,9,8,1,8,NA,NA,NA,8,1,0,0,0,1,2,1,1,0,0,2,7.5,8,7,NA,NA,7.5,-9
"3",2001,10,6.66666666666667,3,10,5,NA,4,8,1,2,0,1,2,5,2,3,0,1,4,7,9,5.66666666666667,NA,4,7.75,-8
"4",2001,11,6.83333333333333,3,6.83333333333333,NA,NA,8,6.25,3,0,0,1,2,8,5,3,0,2,6,6.9375,7.7,5.66666666666667,NA,6,7.25,-7
"5",2002,1,7.66666666666667,3,8,7.5,7,NA,7.66666666666667,1,2,1,0,3,11,6,5,1,2,9,7.13636363636364,7.75,6.4,7,6,7.38888888888889,-5
"6",2002,2,6.25,2,NA,6.25,5,6.25,NA,0,2,1,2,0,13,6,7,2,4,9,7,7.75,6.35714285714286,6,6.125,7.38888888888889,-4
"7",2002,3,7,2,7,NA,NA,NA,7,2,0,0,0,2,15,8,7,2,4,11,7,7.5625,6.35714285714286,6,6.125,7.31818181818182,-3
"8",2002,5,7,1,NA,7,NA,7,NA,0,1,0,1,0,16,8,8,2,5,11,7,7.5625,6.4375,6,6.3,7.31818181818182,-1
"9",2002,6,7.25,4,7.66666666666667,6,NA,8.5,6.83333333333333,3,1,0,1,3,20,11,9,2,6,14,7.05,7.59090909090909,6.38888888888889,6,6.66666666666667,7.21428571428571,0
"10",2002,7,7.75,6,7.75,NA,NA,8,7.7,6,0,0,1,5,26,17,9,2,7,19,7.21153846153846,7.64705882352941,6.38888888888889,6,6.85714285714286,7.34210526315789,1
"11",2002,8,7.5,4,8,6,NA,NA,7.5,3,1,0,0,4,30,20,10,2,7,23,7.25,7.7,6.35,6,6.85714285714286,7.3695652173913,2
"12",2002,10,7.71428571428571,7,7.75,7.66666666666667,8,NA,7.71428571428571,4,3,1,0,7,37,24,13,3,7,30,7.33783783783784,7.70833333333333,6.65384615384615,6.66666666666667,6.85714285714286,7.45,4
"13",2002,11,8,4,8,NA,NA,7.66666666666667,9,4,0,0,3,1,41,28,13,3,10,31,7.40243902439024,7.75,6.65384615384615,6.66666666666667,7.1,7.5,5
"14",2002,12,7,4,7,7,NA,7,7,3,1,0,1,3,45,31,14,3,11,34,7.36666666666667,7.67741935483871,6.67857142857143,6.66666666666667,7.09090909090909,7.45588235294118,6
"15",2003,1,7.1,5,7,7.5,NA,NA,7.1,4,1,0,0,5,50,35,15,3,11,39,7.34,7.6,6.73333333333333,6.66666666666667,7.09090909090909,7.41025641025641,7
"16",2003,2,6.66666666666667,3,7.5,5,5,NA,6.66666666666667,2,1,1,0,3,53,37,16,4,11,42,7.30188679245283,7.59459459459459,6.625,6.25,7.09090909090909,7.35714285714286,8
"17",2003,3,8,2,8,8,NA,NA,8,1,1,0,0,2,55,38,17,4,11,44,7.32727272727273,7.60526315789474,6.70588235294118,6.25,7.09090909090909,7.38636363636364,9
"18",2003,4,6.68571428571429,7,8.9,5.8,NA,5.5,7.16,2,5,0,2,5,62,40,22,4,13,49,7.25483870967742,7.67,6.5,6.25,6.84615384615385,7.36326530612245,10
"19",2003,5,7.05,10,7.78571428571429,5.33333333333333,NA,7.5,6.85714285714286,7,3,0,3,7,72,47,25,4,16,56,7.22638888888889,7.68723404255319,6.36,6.25,6.96875,7.3,11
"20",2003,6,7.71428571428571,7,7.75,7.66666666666667,NA,7.5,7.8,4,3,0,2,5,79,51,28,4,18,61,7.26962025316456,7.6921568627451,6.5,6.25,7.02777777777778,7.34098360655738,12
"21",2003,7,7.05263157894737,19,7.38888888888889,6.75,NA,6.75,7.13333333333333,9,10,0,4,15,98,60,38,4,22,76,7.22755102040816,7.64666666666667,6.56578947368421,6.25,6.97727272727273,7.3,13
"22",2003,8,6.66666666666667,15,7.7,6.15,5.33333333333333,5,7.08333333333333,5,10,3,3,12,113,65,48,7,25,88,7.15309734513274,7.65076923076923,6.47916666666667,5.85714285714286,6.74,7.27045454545454,14
"23",2003,9,6.75,10,7,6.5,7,5.5,7.0625,5,5,1,2,8,123,70,53,8,27,96,7.12032520325203,7.60428571428571,6.4811320754717,6,6.64814814814815,7.253125,15
"24",2003,10,7.87777777777778,9,7.8625,8,NA,8.25,7.77142857142857,8,1,0,2,7,132,78,54,8,29,103,7.1719696969697,7.63076923076923,6.50925925925926,6,6.75862068965517,7.28834951456311,16
"25",2003,11,7.16666666666667,3,7.16666666666667,NA,NA,7.5,6.5,3,0,0,2,1,135,81,54,8,31,104,7.17185185185185,7.61358024691358,6.50925925925926,6,6.80645161290323,7.28076923076923,17
"26",2003,12,7.5,4,8,7,NA,NA,7.5,2,2,0,0,4,139,83,56,8,31,108,7.18129496402878,7.62289156626506,6.52678571428571,6,6.80645161290323,7.28888888888889,18
"27",2004,1,7,5,7,7,7,7.33333333333333,6.5,3,2,1,3,2,144,86,58,9,34,110,7.175,7.60116279069767,6.54310344827586,6.11111111111111,6.85294117647059,7.27454545454545,19
"28",2004,2,8,4,8,NA,NA,NA,8,4,0,0,0,4,148,90,58,9,34,114,7.1972972972973,7.61888888888889,6.54310344827586,6.11111111111111,6.85294117647059,7.3,20
"29",2004,3,7.10714285714286,14,7.31818181818182,6.33333333333333,NA,7.16666666666667,7.09090909090909,11,3,0,3,11,162,101,61,9,37,125,7.18950617283951,7.58613861386139,6.5327868852459,6.11111111111111,6.87837837837838,7.2816,21
"30",2004,4,6.81818181818182,11,7.11111111111111,5.5,NA,6.58333333333333,7.1,9,2,0,6,5,173,110,63,9,43,130,7.16589595375723,7.54727272727273,6.5,6.11111111111111,6.83720930232558,7.27461538461538,22
"31",2004,5,7.34375,16,7.5,7.08333333333333,NA,7.28571428571429,7.38888888888889,10,6,0,7,9,189,120,69,9,50,139,7.18095238095238,7.54333333333333,6.55072463768116,6.11111111111111,6.9,7.28201438848921,23
"32",2004,6,7.18181818181818,11,8.25,6.57142857142857,7,6.33333333333333,7.5,4,7,1,3,8,200,124,76,10,53,147,7.181,7.56612903225806,6.55263157894737,6.2,6.86792452830189,7.29387755102041,24
"33",2004,7,6.6875,8,7.2,5.83333333333333,NA,NA,6.6875,5,3,0,0,8,208,129,79,10,53,155,7.16201923076923,7.55193798449612,6.5253164556962,6.2,6.86792452830189,7.26258064516129,25
"34",2004,8,7.8125,8,8.07142857142857,6,6,8.16666666666667,7.6,7,1,1,3,5,216,136,80,11,56,160,7.18611111111111,7.57867647058823,6.51875,6.18181818181818,6.9375,7.273125,26
"35",2004,9,6.90909090909091,11,8.16666666666667,5.4,8,6.33333333333333,7.6,6,5,1,6,5,227,142,85,12,62,165,7.1726872246696,7.60352112676056,6.45294117647059,6.33333333333333,6.87903225806452,7.2830303030303,27
"36",2004,10,6.82142857142857,14,7,6.64285714285714,9,7.2,6.61111111111111,7,7,2,5,9,241,149,92,14,67,174,7.15228215767635,7.5751677852349,6.46739130434783,6.71428571428571,6.90298507462687,7.24827586206896,28
"37",2004,11,7.52307692307692,13,7.4,7.66666666666667,7.7,7.6,7.5,7,6,5,3,10,254,156,98,19,70,184,7.17125984251969,7.56730769230769,6.54081632653061,6.97368421052632,6.93285714285714,7.26195652173913,29
"38",2004,12,7,9,7,7,NA,6.75,7.2,8,1,0,4,5,263,164,99,19,74,189,7.16539923954373,7.53963414634146,6.54545454545455,6.97368421052632,6.92297297297297,7.26031746031746,30
"39",2005,1,7.20833333333333,12,7.375,6.875,NA,7.16666666666667,7.22222222222222,8,4,0,3,9,275,172,103,19,77,198,7.16727272727273,7.53197674418605,6.55825242718447,6.97368421052632,6.93246753246753,7.25858585858586,31
"40",2005,2,6.875,8,7,6,NA,8,6.5,7,1,0,2,6,283,179,104,19,79,204,7.15901060070671,7.51117318435754,6.55288461538461,6.97368421052632,6.95949367088608,7.23627450980392,32
"41",2005,3,7.21428571428571,7,8,6.9,7,8.33333333333333,6.375,2,5,1,3,4,290,181,109,20,82,208,7.16034482758621,7.51657458563536,6.56880733944954,6.975,7.00975609756097,7.21971153846154,33
"42",2005,4,6.3125,8,7,4.25,NA,4.66666666666667,7.3,6,2,0,3,5,298,187,111,20,85,213,7.13758389261745,7.5,6.52702702702703,6.975,6.92705882352941,7.22159624413145,34
"43",2005,5,6.62222222222222,9,7.65,5.8,7,6.64,6.6,4,5,1,5,4,307,191,116,21,90,217,7.12247557003257,7.50314136125654,6.49568965517241,6.97619047619048,6.91111111111111,7.21013824884793,35
"44",2005,6,6.875,8,8,6.2,7,5.66666666666667,7.6,3,5,1,3,5,315,194,121,22,93,222,7.11619047619048,7.51082474226804,6.48347107438016,6.97727272727273,6.87096774193548,7.21891891891892,36
"45",2005,7,6.84,10,8.5,6.425,7.25,7.33333333333333,6.62857142857143,2,8,2,3,7,325,196,129,24,96,229,7.10769230769231,7.52091836734694,6.47984496124031,7,6.88541666666667,7.20087336244541,37
"46",2005,8,6.9,15,7.8125,5.85714285714286,7,7.14285714285714,6.6875,8,7,1,7,8,340,204,136,25,103,237,7.09852941176471,7.53235294117647,6.44779411764706,7,6.90291262135922,7.18354430379747,38
"47",2005,9,7.52727272727273,11,7.83333333333333,7.16,7.6,8.26666666666667,7.25,6,5,3,3,8,351,210,141,28,106,245,7.11196581196581,7.54095238095238,6.47304964539007,7.06428571428571,6.94150943396226,7.18571428571429,39
"48",2005,10,7.47058823529412,17,7.84545454545455,6.78333333333333,8,7.96666666666667,7.2,11,6,1,6,11,368,221,147,29,112,256,7.12853260869565,7.55610859728507,6.48571428571429,7.09655172413793,6.99642857142857,7.186328125,40
"49",2005,11,6.97368421052632,19,7.03125,6.66666666666667,6.5,7.25,6.84615384615385,16,3,2,6,13,387,237,150,31,118,269,7.12093023255814,7.52067510548523,6.48933333333333,7.05806451612903,7.0093220338983,7.16988847583643,41
"50",2005,12,7.75,11,7.83333333333333,7.375,7,7.8,7.70833333333333,9,2,1,5,6,398,246,152,32,123,275,7.13831658291457,7.53211382113821,6.50098684210526,7.05625,7.04146341463415,7.18163636363636,42
"51",2006,1,7.14583333333333,24,7.45833333333333,6.83333333333333,6,7.0625,7.1875,12,12,3,8,16,422,258,164,35,131,291,7.13874407582938,7.52868217054263,6.52530487804878,6.96571428571429,7.04274809160305,7.1819587628866,43
"52",2006,2,6.73333333333333,9,8.65,5.2,7.5,8.53333333333333,5.83333333333333,4,5,2,3,6,431,262,169,37,134,297,7.13027842227378,7.54580152671756,6.48609467455621,6.9945945945946,7.07611940298507,7.1547138047138,44
"53",2006,3,6.7375,16,7.33333333333333,6.38,6.83333333333333,6.2,6.98181818181818,6,10,3,5,11,447,268,179,40,139,308,7.1162192393736,7.5410447761194,6.48016759776536,6.9825,7.04460431654676,7.14853896103896,45
"54",2006,4,7.2125,8,7.28333333333333,7,NA,NA,7.2125,6,2,0,0,8,455,274,181,40,139,316,7.11791208791209,7.53540145985401,6.48591160220994,6.9825,7.04460431654676,7.1501582278481,46
"55",2006,5,6.91666666666667,12,7.5,6.625,7,6.75,7.25,4,8,1,8,4,467,278,189,41,147,320,7.1127408993576,7.53489208633093,6.49179894179894,6.98292682926829,7.02857142857143,7.15140625,47
"56",2006,6,7.66666666666667,9,7.875,6,NA,8.66666666666667,7.16666666666667,8,1,0,3,6,476,286,190,41,150,326,7.12321428571429,7.54440559440559,6.48921052631579,6.98292682926829,7.06133333333333,7.15168711656442,48
"57",2006,7,6.95454545454545,11,7.6,6.41666666666667,6,7,6.95,5,6,1,1,10,487,291,196,42,151,336,7.1194045174538,7.54536082474227,6.48698979591837,6.95952380952381,7.06092715231788,7.14568452380952,49
"58",2006,8,7.375,12,7.40909090909091,7,NA,7.33333333333333,7.41666666666667,11,1,0,6,6,499,302,197,42,157,342,7.12555110220441,7.54039735099338,6.48959390862944,6.95952380952381,7.07133757961783,7.15043859649123,50
"59",2006,9,7.5625,8,7.625,7.5,NA,8.5,7.42857142857143,4,4,0,1,7,507,306,201,42,158,349,7.13244575936884,7.54150326797385,6.50970149253731,6.95952380952381,7.08037974683544,7.15601719197708,51
"60",2006,10,7.32352941176471,17,7.55,7,7,6.75,7.5,10,7,2,4,13,524,316,208,44,162,362,7.13864503816794,7.54177215189873,6.52620192307692,6.96136363636364,7.07222222222222,7.16837016574586,52
"61",2006,11,7.53571428571429,14,7.6,7.375,7,7.66666666666667,7.5,10,4,1,3,11,538,326,212,45,165,373,7.14897769516729,7.54355828220859,6.54221698113208,6.96222222222222,7.0830303030303,7.17815013404826,53
"62",2006,12,7.28571428571429,7,8,6.75,7,7,7.33333333333333,3,4,1,1,6,545,329,216,46,166,379,7.15073394495413,7.54772036474164,6.54606481481482,6.96304347826087,7.08253012048193,7.18060686015831,54
"63",2007,1,7.05,24,7.64,6.06666666666667,6.5,7.04166666666667,7.05833333333333,15,9,4,12,12,569,344,225,50,178,391,7.14648506151142,7.55174418604651,6.52688888888889,6.926,7.07977528089888,7.17685421994885,55
"64",2007,2,7.18120933333333,15,7.35714285714286,7.0272675,7,7.08333333333333,7.24646,7,8,1,6,9,584,351,233,51,184,400,7.1473769520548,7.54786324786325,6.54406927038627,6.92745098039216,7.07989130434783,7.17842035,56
"65",2007,3,7.53571428571429,14,7.375,7.75,7.5,7.75,7.375,8,6,3,6,8,598,359,239,54,190,408,7.15646846153846,7.54401114206128,6.57434368200837,6.95925925925926,7.10105263157895,7.18227485294118,57
"66",2007,4,7.03846153846154,13,6.95454545454545,7.5,7,7.5,6.95454545454545,11,2,1,2,11,611,370,241,55,192,419,7.15395767594108,7.52648648648648,6.58202547717842,6.96,7.10520833333333,7.17629627684964,58
"67",2007,5,6.91538461538462,13,6.91428571428571,6.91666666666667,7.75,6.66666666666667,6.99,7,6,2,3,10,624,377,247,57,195,429,7.14898740384615,7.51511936339522,6.59015441295547,6.98771929824561,7.09846153846154,7.17195370629371,59
"68",2007,6,7.55454545454545,11,8.15714285714286,6.5,NA,NA,7.55454545454545,7,4,0,0,11,635,384,251,57,195,440,7.15601281889764,7.52682291666666,6.58871768924303,6.98771929824561,7.09846153846154,7.1815185,60
"69",2007,7,6.44444444444444,9,6.5,6.375,7,6.75,6.35714285714286,5,4,2,2,7,644,389,255,59,197,447,7.14606854037267,7.51362467866324,6.58536525490196,6.98813559322034,7.09492385786802,7.16860881431767,61
"70",2007,8,7.25,16,7.40909090909091,6.9,7,7.5,7.1,11,5,1,6,10,660,400,260,60,203,457,7.14858809090909,7.51075,6.59141592307692,6.98833333333333,7.10689655172414,7.1671075273523,62
"71",2007,9,7.0625,16,7.625,5.375,NA,4.75,7.39285714285714,12,4,0,2,14,676,412,264,60,205,471,7.14655050295858,7.51407766990291,6.57298537878788,6.98833333333333,7.08390243902439,7.17381770700637,63
"72",2007,10,6.81666666666667,15,7.59375,5.92857142857143,4,6.32142857142857,7.25,8,7,2,7,8,691,420,271,62,212,479,7.1393894934877,7.51559523809524,6.55634,6.89193548387097,7.05872641509434,7.17509006263048,64
"73",2007,11,6.47727272727273,22,7.04166666666667,5.8,NA,7.33333333333333,6.15625,12,10,0,6,16,713,432,281,62,218,495,7.11895952314166,7.50243055555555,6.52942398576512,6.89193548387097,7.06628440366972,7.14215785858586,65
"74",2007,12,6.83333333333333,18,7.72222222222222,5.94444444444444,6.75,6.94444444444444,6.72222222222222,9,9,4,9,9,731,441,290,66,227,504,7.11192632010944,7.50691609977324,6.51126944827586,6.88333333333333,7.06145374449339,7.13465900793651,66
"75",2008,1,6.79166666666667,24,7.05882352941176,6.14285714285714,7,6.5625,6.90625,17,7,1,8,16,755,458,297,67,235,520,7.1017458807947,7.49028384279476,6.50258632996633,6.88507462686567,7.04446808510638,7.12763103846154,67
"76",2008,2,7.11111111111111,18,7.77777777777778,6.44444444444444,8,7.28571428571429,7,9,9,2,7,11,773,467,306,69,242,531,7.10196395860285,7.4958244111349,6.5008762745098,6.91739130434783,7.05144628099174,7.12498708097928,68
"77",2008,3,7.075,16,7.375,6.775,7,6.75,7.18333333333333,8,8,1,4,12,789,475,314,70,246,543,7.10141716096325,7.49378947368421,6.50786031847134,6.91857142857143,7.04654471544715,7.12627650092081,69
"78",2008,4,7.21,25,7.75,6.625,7,6.96428571428571,7.30555555555556,13,12,5,7,18,814,488,326,75,253,561,7.10475201474202,7.50061475409836,6.51217220858896,6.924,7.04426877470356,7.13202877005348,70
"79",2008,5,6.86666666666667,15,7.8,6.4,NA,6.8,6.9,5,10,0,5,10,829,493,336,75,258,571,7.10044407720145,7.50365111561866,6.50883375,6.924,7.03953488372093,7.12796521891418,71
"80",2008,6,7.45833333333333,12,8,6.91666666666667,7.25,7.3,7.57142857142857,6,6,2,5,7,841,499,342,77,263,578,7.10555070154578,7.50961923847695,6.51598871345029,6.93246753246753,7.04448669201521,7.13333588235294,72
"81",2008,7,7.185,20,7.87,6.5,5.75,7,7.30833333333333,10,10,4,8,12,861,509,352,81,271,590,7.10739621370499,7.51669941060904,6.51553448863636,6.87407407407407,7.04317343173432,7.13689515254237,73
"82",2008,8,6.80263157894737,19,7.56818181818182,5.75,6.33333333333333,5.75,7.08333333333333,11,8,3,4,15,880,520,360,84,275,605,7.10081606818182,7.51778846153846,6.49852261111111,6.8547619047619,7.02436363636364,7.13556717355372,74
"83",2008,9,7,9,7,7,6.8,7,7,2,7,5,5,4,889,522,367,89,280,609,7.09979543307087,7.51580459770115,6.50808757493188,6.85168539325843,7.02392857142857,7.13467674876847,75
"84",2008,10,7.07272727272727,11,7.53333333333333,5,5,6.8,7.3,9,2,2,5,6,900,531,369,91,285,615,7.0994646,7.51610169491525,6.49991365853659,6.81098901098901,7.02,7.13628965853658,76
"85",2008,11,7.37619047619048,21,7.53333333333333,7.16666666666667,7.66666666666667,7.875,7.25882352941176,12,9,3,4,17,921,543,378,94,289,632,7.10577431053203,7.51648250460405,6.51578873015873,6.83829787234042,7.0318339100346,7.13958566455696,77
"86",2008,12,6.58333333333333,12,7,6,7,7,6.28571428571429,7,5,2,5,7,933,550,383,96,294,639,7.09905481243301,7.50990909090909,6.50905519582245,6.84166666666667,7.0312925170068,7.13023183098591,78
"87",2009,1,7.20416666666667,24,7.625,6.78333333333333,6.84,7.08333333333333,7.24444444444444,12,12,10,6,18,957,562,395,106,300,657,7.10169084639498,7.5123665480427,6.51738769620253,6.84150943396226,7.03233333333333,7.13336094368341,79
"88",2009,2,7.0875,32,7.52307692307692,6.78947368421053,7,7.05555555555556,7.1,13,19,4,9,23,989,575,414,110,309,680,7.10123168857432,7.51260869565217,6.52987473429952,6.84727272727273,7.03300970873786,7.13223255882353,80
"89",2009,3,7.27631578947368,19,7.36363636363636,7.15625,7.8125,7.85,7.07142857142857,11,8,4,5,14,1008,586,422,114,314,694,7.10453188492063,7.50981228668942,6.54174914691943,6.88114035087719,7.04601910828025,7.13100596541787,81
"90",2009,4,7.12051282051282,39,7.2,7.076,6.9,7.25,7.10571428571429,14,25,5,4,35,1047,600,447,119,318,729,7.10512716332378,7.50258333333333,6.57162894854586,6.88193277310924,7.04858490566038,7.1297916872428,82
"91",2009,5,7.30714285714286,14,8.05,6.75,7,7.5,7.2,6,8,1,5,9,1061,606,455,120,323,738,7.10779278039585,7.50800330033003,6.57476514285714,6.88291666666667,7.05557275541796,7.13064788617886,83
"92",2009,6,7.08421052631579,19,7.22857142857143,7,6.66666666666667,7,7.1,7,12,3,3,16,1080,613,467,123,326,754,7.10737790740741,7.50481239804241,6.58569194860814,6.87764227642276,7.05506134969325,7.1299975331565,84
"93",2009,7,7.31818181818182,22,8.0625,6.89285714285714,6.75,7.25,7.34375,8,14,4,6,16,1102,621,481,127,332,770,7.11158633393829,7.51199677938808,6.59463230769231,6.87362204724409,7.0585843373494,7.13443914285714,85
"94",2009,8,7.05,10,7.7,6.4,7.125,8,6.64285714285714,5,5,4,3,7,1112,626,486,131,335,777,7.1110325,7.51349840255591,6.59262991769547,6.88129770992366,7.06701492537313,7.13001047619048,86
"95",2009,9,6.97647058823529,17,6.95,7.01428571428571,6.76666666666667,7.5,6.90666666666667,10,7,3,2,15,1129,636,493,134,337,792,7.10900632418069,7.50463836477987,6.5986169168357,6.87873134328358,7.06958456973294,7.12578047979798,87
"96",2009,10,7.734375,16,7.60625,7.8625,7.75,7.66666666666667,7.75,8,8,2,3,13,1145,644,501,136,340,805,7.11774510043668,7.50590062111801,6.61879868263473,6.89154411764706,7.07485294117647,7.13586104347826,88
"97",2009,11,7.19428571428571,35,7.44444444444444,6.92941176470588,7.675,7.29090909090909,7.15,18,17,4,11,24,1180,662,518,140,351,829,7.12001537288136,7.50422960725076,6.62899254826255,6.91392857142857,7.08162393162393,7.13627037394451,89
"98",2009,12,7,17,7.14285714285714,6.9,6.875,6.75,7.07692307692308,7,10,4,4,13,1197,669,528,144,355,842,7.11831089390142,7.50044843049327,6.63412526515152,6.91284722222222,7.07788732394366,7.13535408551069,90
"99",2010,1,6.93076923076923,26,7.40714285714286,6.375,6,7.5,6.72105263157895,14,12,3,7,19,1223,683,540,147,362,861,7.11432390842191,7.49853587115666,6.62836692592593,6.89421768707483,7.08604972375691,7.12621154471545,91
"100",2010,2,7.5,10,7.75,6.5,NA,7.5,7.5,8,2,0,2,8,1233,691,542,147,364,869,7.11745185725872,7.50144717800289,6.62789324723247,6.89421768707483,7.08832417582417,7.12965263521289,92
"101",2010,3,7.875,8,8.25,7.5,7,8.5,7.66666666666667,4,4,1,2,6,1241,695,546,148,366,875,7.12233532634972,7.50575539568345,6.63428230769231,6.89493243243243,7.09603825136612,7.13333501714286,93
"102",2010,4,7.15384615384615,13,7.91666666666667,6.5,NA,8,7,6,7,0,2,11,1254,701,553,148,368,886,7.12266199362042,7.509272467903,6.63258253164557,6.89493243243243,7.10095108695652,7.13167961625282,94
"103",2010,5,7.32638888888889,18,7.07142857142857,7.48863636363636,7.33333333333333,7.5,7.3046875,7,11,3,2,16,1272,708,564,151,370,902,7.12554492138365,7.50494350282486,6.64927861702128,6.90364238410596,7.10310810810811,7.13474849223947,95
"104",2010,6,6.48571428571429,14,6.46666666666667,6.5,6.75,7,6.44615384615385,6,8,2,1,13,1286,714,572,153,371,915,7.11857942457232,7.49621848739496,6.6471908041958,6.9016339869281,7.10283018867924,7.12496518032787,96
"105",2010,7,6.75333333333333,15,6.85833333333333,6.33333333333333,6,6.66666666666667,6.775,12,3,2,3,12,1301,726,575,155,374,927,7.1143682859339,7.48567493112948,6.64555328695652,6.89,7.09933155080214,7.12043488673139,97
"106",2010,8,7.59166666666667,12,8,7.3,7,7.66666666666667,7.56666666666667,5,7,2,3,9,1313,731,582,157,377,936,7.1187304950495,7.48919288645691,6.65342463917526,6.89140127388535,7.10384615384615,7.12472557692308,98
"107",2010,9,6.82142857142857,14,7.125,6.7,7.5,6.75,6.875,4,10,2,6,8,1327,735,592,159,383,944,7.11559392614921,7.48721088435374,6.65421138513513,6.89905660377358,7.09830287206266,7.12260925847458,99
"108",2010,10,7,12,8.2,6.14285714285714,6,6.125,7.4375,5,7,3,4,8,1339,740,599,162,387,952,7.11455798356983,7.49202702702703,6.64823562604341,6.88240740740741,7.08824289405685,7.12525539915966,100
"109",2010,11,6.6,10,7,6.33333333333333,6,NA,6.6,4,6,1,0,10,1349,744,605,163,387,962,7.11074361749444,7.48938172043011,6.64511262809917,6.87699386503067,7.08824289405685,7.11979536382536,101
"110",2010,12,6.61818181818182,22,7.45454545454545,5.78181818181818,5,6.6875,6.57857142857143,11,11,3,8,14,1371,755,616,166,395,976,7.1028396353027,7.48887417218543,6.62969665584416,6.84307228915663,7.08012658227848,7.11203190573771,102
"111",2011,1,6.73611111111111,18,6.91666666666667,6.64583333333333,6.3,6.58333333333333,6.76666666666667,6,12,5,3,15,1389,761,628,171,398,991,7.09808721382289,7.48436268068331,6.630005,6.82719298245614,7.07638190954774,7.10680437941473,103
"112",2011,2,7.11111111111111,9,7.6,6.5,6.5,NA,7.11111111111111,5,4,2,0,9,1398,766,632,173,398,1000,7.09817105865522,7.48511749347259,6.6291821835443,6.82341040462428,7.07638190954774,7.10684314,104
"113",2011,3,7.03846153846154,13,7.35714285714286,6.66666666666667,6.5,6.7,7.25,7,6,2,5,8,1411,773,638,175,403,1008,7.09762093550673,7.48395860284606,6.62953470219436,6.81971428571428,7.07171215880893,7.10797930555556,105
"114",2011,4,6.83333333333333,12,7.5,6.7,5.875,5,7,2,10,4,1,11,1423,775,648,179,404,1019,7.09539222768798,7.484,6.63062212962963,6.79860335195531,7.06658415841584,7.10681368007851,106
"115",2011,5,6.53333333333333,9,8.2,5.2,3,6,6.8,4,5,1,3,6,1432,779,653,180,407,1025,7.09185973463687,7.48767650834403,6.61966790199081,6.7775,7.05872235872236,7.10501769756098,107
"116",2011,6,7.1,10,7.375,6,6,7.5,7.05555555555556,8,2,2,1,9,1442,787,655,182,408,1034,7.09191618585298,7.48653113087675,6.61777578625954,6.76895604395604,7.05980392156863,7.10458717601547,108
"117",2011,7,7.06666666666667,15,7,7.2,6.66666666666667,NA,7.06666666666667,10,5,3,0,15,1457,797,660,185,408,1049,7.09165623884695,7.48042659974906,6.62218657575758,6.7672972972973,7.05980392156863,7.10404493803623,109
"118",2011,8,6.775,10,7.25,5.66666666666667,6,7.375,6.625,7,3,1,2,8,1467,804,663,186,410,1057,7.08949770961145,7.47842039800995,6.61786295625943,6.76317204301075,7.06134146341463,7.10041924314097,110
"119",2011,9,7.02222222222222,9,8.05,6.2,6.33333333333333,6.5,7.17142857142857,4,5,3,2,7,1476,808,668,189,412,1064,7.08908749322493,7.48125,6.61473523952096,6.75634920634921,7.05861650485437,7.10088640977444,111
"120",2011,10,6.9,15,7.05555555555556,6.66666666666667,6.66666666666667,6.9,6.9,9,6,3,5,10,1491,817,674,192,417,1074,7.0871852045607,7.4765605875153,6.61519753709199,6.75494791666667,7.05671462829736,7.09901595903166,112
"121",2011,11,6.46111111111111,18,7.75,5.43,5.83333333333333,7.125,6.27142857142857,8,10,3,4,14,1509,825,684,195,421,1088,7.07971712392313,7.47921212121212,6.5978700877193,6.74076923076923,7.05736342042755,7.08836685661765,113
"122",2011,12,7.42857142857143,14,7.61111111111111,7.1,6,6.66666666666667,8,9,5,1,6,8,1523,834,689,196,427,1096,7.08292392646093,7.48063549160671,6.60151399129173,6.73698979591837,7.05187353629977,7.09502111313869,114
"123",2012,1,6.95625,24,7.46071428571429,6.25,6.625,7.03333333333333,6.93055555555556,14,10,4,6,18,1547,848,699,200,433,1114,7.08095872010343,7.48030660377359,6.5964851788269,6.73475,7.05161662817552,7.09236368043088,115
"124",2012,2,7.05333333333333,15,7.43636363636364,6,6,6,7.21538461538462,11,4,1,2,13,1562,859,703,201,435,1127,7.08069343149808,7.47974388824214,6.59309123755334,6.73109452736318,7.0467816091954,7.09378273291926,116
"125",2012,3,7.5,11,7.3,7.66666666666667,7.83333333333333,8,7.3125,5,6,3,3,8,1573,864,709,204,438,1135,7.08362564526383,7.4787037037037,6.60217650211566,6.74730392156863,7.0533105022831,7.09532435242291,117
"126",2012,4,7.33076923076923,13,8.0375,6.2,5,6.875,7.53333333333333,8,5,1,4,9,1586,872,714,205,442,1144,7.08565141235813,7.48383027522936,6.59936014005602,6.73878048780488,7.05169683257918,7.09877022727273,118
"127",2012,5,7.45277777777778,18,8.1,6.80555555555556,7.125,8.28,7.13461538461539,9,9,2,5,13,1604,881,723,207,447,1157,7.08977128428928,7.49012485811578,6.60192688796681,6.74251207729468,7.06543624161074,7.09917298184961,119
"128",2012,6,7.92,5,7.92,NA,NA,8,7.9,5,0,0,1,4,1609,886,723,207,448,1161,7.09235123679304,7.49255079006772,6.60192688796681,6.74251207729468,7.06752232142857,7.10193207579673,120
"129",2012,7,6.43333333333333,6,7,6.15,NA,NA,6.43333333333333,2,4,0,0,6,1615,888,727,207,448,1167,7.08990287306502,7.49144144144144,6.59944035763411,6.74251207729468,7.06752232142857,7.09849455012854,121
"130",2012,8,6.58333333333333,6,6.7,6,6,6,6.7,5,1,1,1,5,1621,893,728,208,449,1172,7.08802784700802,7.48701007838746,6.59861695054945,6.73894230769231,7.06514476614699,7.09679448805461,122
"131",2012,9,6.75555555555556,9,7.36,6,6.5,6.5,6.82857142857143,5,4,2,2,7,1630,898,732,210,451,1179,7.08619211042945,7.48630289532294,6.59534581967213,6.73666666666667,7.06263858093126,7.09520198473283,123
"132",2012,10,7.94444444444444,18,7.90909090909091,8,NA,6.83333333333333,8.16666666666667,11,7,0,3,15,1648,909,739,210,454,1194,7.09556622572815,7.49141914191419,6.60865106901218,6.73666666666667,7.06112334801762,7.10866259631491,124
"133",2012,11,7.3125,8,7.25,7.5,NA,NA,7.3125,6,2,0,0,8,1656,915,741,210,454,1202,7.09661421497584,7.48983606557377,6.61105686909582,6.73666666666667,7.06112334801762,7.11001925124792,125
"134",2012,12,7.2,6,7.24,7,7,NA,7.2,5,1,1,0,6,1662,920,742,211,454,1208,7.0969874488568,7.48847826086957,6.61158105121294,6.73791469194313,7.06112334801762,7.11046617549669,126
"135",2013,1,6.78571428571429,14,7.5,6.25,8,7.33333333333333,6.63636363636364,6,8,1,3,11,1676,926,750,212,457,1219,7.0943873150358,7.48855291576674,6.60772418666667,6.7438679245283,7.06291028446389,7.10618797374898,127
"136",2013,2,6.5,11,7.5,6.27777777777778,6.5,6,6.6875,2,9,2,3,8,1687,928,759,214,460,1227,7.09051164196799,7.4885775862069,6.60381177865613,6.74158878504673,7.05597826086956,7.10345814180929,128
"137",2013,3,6.75416666666667,12,6.96666666666667,6.54166666666667,7,8.33333333333333,6.22777777777778,6,6,3,3,9,1699,934,765,217,463,1236,7.08813604473219,7.48522483940043,6.60332436601307,6.74516129032258,7.06425485961123,7.09708182847897,129
"138",2013,4,7.225,8,6.76,8,NA,9,6.97142857142857,5,3,0,1,7,1707,939,768,217,464,1243,7.08877746924429,7.48136315228967,6.60878013020833,6.74516129032258,7.06842672413793,7.09637420756235,130
"139",2013,5,6.6875,8,8,5.9,7.25,7.5,6.2,3,5,2,3,5,1715,942,773,219,467,1248,7.08690562099125,7.48301486199575,6.60419552393273,6.74977168949772,7.07119914346895,7.09278296474359,131
"140",2013,6,7.625,8,8.16666666666667,7.3,NA,NA,7.625,3,5,0,0,8,1723,945,778,219,467,1256,7.08940402785838,7.48518518518519,6.60866727506427,6.74977168949772,7.07119914346895,7.09617288216561,132
"141",2013,7,7.21666666666667,12,7.325,7,6.5,7.5,7.01428571428571,8,4,2,5,7,1735,953,782,221,472,1263,7.09028423054755,7.48384050367261,6.6106689769821,6.74751131221719,7.07574152542373,7.09571903404592,133
"142",2013,8,6.9,6,8.5,6.58,7,8,6.68,1,5,1,1,5,1741,954,787,222,473,1268,7.08962845491097,7.48490566037736,6.6104741296061,6.74864864864865,7.0776955602537,7.09407976340694,134
"143",2013,9,7.04545454545455,11,7.5,6.66666666666667,6.66666666666667,6.33333333333333,7.3125,5,6,3,3,8,1752,959,793,225,476,1276,7.08935110730593,7.48498435870699,6.61089929382093,6.74755555555555,7.07300420168067,7.095449169279,135
"144",2013,10,6.98,5,6.25,7.46666666666667,NA,7.4,6.875,2,3,0,1,4,1757,961,796,225,477,1280,7.08903992031872,7.48241415192508,6.61412454773869,6.74755555555555,7.07368972746331,7.094760265625,136
"145",2013,11,6.49473684210526,19,7.14615384615385,5.08333333333333,NA,8,6.31764705882353,13,6,0,2,17,1776,974,802,225,479,1297,7.0826819481982,7.47792607802875,6.60267224438903,6.74755555555555,7.07755741127349,7.08457451040864,137
"146",2013,12,6.66666666666667,6,7.5,5.83333333333333,4,4,7.2,3,3,1,1,5,1782,977,805,226,480,1302,7.08128122334456,7.47799385875128,6.59980514285714,6.73539823008849,7.07114583333333,7.08501777265745,138
"147",2014,1,6.63076923076923,13,7,6.2,7.5,7.5,6.47272727272727,7,6,2,2,11,1795,984,811,228,482,1313,7.07801846239554,7.47459349593496,6.59684727496917,6.74210526315789,7.07292531120332,7.07988814927647,139
"148",2014,2,7.09375,16,7.375,6.8125,6,6.8,7.22727272727273,8,8,2,5,11,1811,992,819,230,487,1324,7.07815744892325,7.47379032258065,6.59895377289377,6.73565217391304,7.07012320328542,7.08111264350453,140
"149",2014,3,7.38461538461539,13,7.5,7.2,7,8,7.33333333333333,8,5,1,1,12,1824,1000,824,231,488,1336,7.08034163377193,7.474,6.60260089805825,6.73679653679654,7.07202868852459,7.0833780988024,141
"150",2014,4,7.47,10,7.58333333333333,7.3,7.16666666666667,7.83333333333333,7.31428571428571,6,4,3,3,7,1834,1006,828,234,491,1343,7.08246627044711,7.47465208747515,6.60596997584541,6.74230769230769,7.07668024439918,7.08458163812361,142
"151",2014,5,7.16666666666667,6,8.5,6.5,7,NA,7.16666666666667,2,4,1,0,6,1840,1008,832,235,491,1349,7.08274083695652,7.47668650793651,6.60546050480769,6.74340425531915,7.07668024439918,7.08494673091179,143
"152",2014,6,6.83333333333333,9,6.75,6.9,6.25,7,6.75,4,5,2,3,6,1849,1012,837,237,494,1355,7.08152684694429,7.47381422924901,6.60722,6.73924050632911,7.07621457489878,7.08346357195572,144
"153",2014,7,6.87,10,6.25,7.025,NA,7,6.81428571428571,2,8,0,3,7,1859,1014,845,237,497,1362,7.08038899408284,7.47140039447732,6.61117531360947,6.73924050632911,7.07575452716298,7.08208013215859,145
"154",2014,8,7.2,13,7.48888888888889,6.55,6.1,7.18,7.2125,9,4,2,5,8,1872,1023,849,239,502,1370,7.08121962606838,7.47155425219941,6.61088709069493,6.73389121338912,7.07679282868526,7.0828417080292,146
"155",2014,9,6.875,4,7.5,6.66666666666667,5.75,6.5,7,1,3,2,1,3,1876,1024,852,241,503,1373,7.08077992537313,7.47158203125,6.61108349765258,6.72572614107884,7.07564612326044,7.08266069919884,147
"156",2014,10,7.53409090909091,22,7.975,7.16666666666667,7,6.75,7.70833333333333,10,12,3,4,18,1898,1034,864,244,507,1391,7.0860343203372,7.47645067698259,6.61879993055555,6.72909836065574,7.07307692307692,7.09075710999281,148
"157",2014,11,7.12,25,7.5,6.76923076923077,6.83333333333333,7.625,7.02380952380952,12,13,3,4,21,1923,1046,877,247,511,1412,7.08647589183567,7.47672084130019,6.62102980615735,6.73036437246964,7.07739726027397,7.0897614305949,149
"158",2014,12,6.88275862068966,29,7.13076923076923,6.68125,6.16,5.82,7.10416666666667,13,16,5,5,24,1952,1059,893,252,516,1436,7.0834493545082,7.47247403210576,6.6221087793953,6.71904761904762,7.06521317829457,7.09000218662953,150
"159",2015,1,7.072,25,7.75,6.75294117647059,6.875,7,7.08181818181818,8,17,4,3,22,1977,1067,910,256,519,1458,7.08330457258472,7.47455482661668,6.6245529010989,6.721484375,7.06483622350674,7.089878696845,151
"160",2015,2,7.4625,16,8,7.14,7.2,NA,7.4625,6,10,7,0,16,1993,1073,920,263,519,1474,7.08634879076769,7.47749301025163,6.63015558695652,6.73422053231939,7.06483622350674,7.09392343283582,152
"161",2015,3,7.28333333333333,18,7.71666666666667,6.41666666666667,7,7.38333333333333,7.23333333333333,12,6,2,6,12,2011,1085,926,265,525,1486,7.08811195425162,7.48013824884793,6.62877228941684,6.73622641509434,7.06847619047619,7.09504921938089,153
"162",2015,4,6.60666666666667,15,7.37142857142857,5.9375,6.5,6.33333333333333,6.675,7,8,1,3,12,2026,1092,934,266,528,1498,7.08454745310958,7.47944139194139,6.62285132762312,6.73533834586466,7.06429924242424,7.09168433911883,154
"163",2015,5,7.07777777777778,9,6.46666666666667,7.38333333333333,7.93333333333333,7,7.0875,3,6,3,1,8,2035,1095,940,269,529,1506,7.08451751351351,7.47666666666667,6.62770546808511,6.74869888475836,7.06417769376181,7.09166211155379,155
"164",2015,6,7.28125,16,8.07142857142857,6.66666666666667,6.5,6.83333333333333,7.38461538461539,7,9,4,3,13,2051,1102,949,273,532,1519,7.08605223793272,7.480444646098,6.62807496311907,6.74505494505494,7.06287593984962,7.09416928242265,156
"165",2015,7,6.9,11,7.33333333333333,6.7375,7,6.92857142857143,6.85,3,8,1,7,4,2062,1105,957,274,539,1523,7.08505971871969,7.48004524886878,6.6289896969697,6.74598540145985,7.06113172541744,7.09352799737361,157
"166",2015,8,6.36,15,7.77142857142857,5.125,6.33333333333333,7,6.26153846153846,7,8,3,2,13,2077,1112,965,277,541,1536,7.07982337024555,7.48187949640288,6.61652138860103,6.74151624548736,7.06090573012939,7.08648641927083,158
"167",2015,9,6.22222222222222,9,7,5.83333333333333,7,2,6.75,3,6,1,1,8,2086,1115,971,278,542,1544,7.07612326941515,7.48058295964126,6.61168191555098,6.74244604316547,7.05156826568266,7.08474296632125,159
"168",2015,10,6.8875,16,6.98888888888889,6.75714285714286,6.45,7.9,6.82,9,7,2,1,15,2102,1124,978,280,543,1559,7.07468750713606,7.47664590747331,6.61272304703476,6.74035714285714,7.05313075506446,7.08219572803079,160
"169",2015,11,7.09333333333333,15,7.7,6.5625,7.25,8.25,6.91538461538462,7,8,2,2,13,2117,1131,986,282,545,1572,7.07481962210676,7.47802829354553,6.61231555780933,6.74397163120567,7.05752293577982,7.08081624681934,161
"170",2015,12,7.17777777777778,18,7.17777777777778,7.17777777777778,7.05,7.33333333333333,7.14666666666667,9,9,2,3,15,2135,1140,995,284,548,1587,7.07568765339578,7.47565789473684,6.61743029145729,6.74612676056338,7.05903284671533,7.08143865154379,162
"171",2016,1,7.34090909090909,22,7.55555555555556,7.19230769230769,7.16666666666667,9,7.26190476190476,9,13,3,1,21,2157,1149,1008,287,549,1608,7.07839273991655,7.47628372497824,6.62484438492063,6.75052264808362,7.06256830601093,7.08379548507463,163
"172",2016,2,7.275,12,7.1,7.3625,6.5,7.1,7.31,4,8,2,2,10,2169,1153,1016,289,551,1618,7.07948047026279,7.47497831743278,6.63065269685039,6.74878892733564,7.06270417422868,7.08519353522868,164
"173",2016,3,6.89,15,7.19,6.74,6.675,7.5,6.79615384615385,5,10,4,2,13,2184,1158,1026,293,553,1631,7.07817909340659,7.47374784110535,6.63171846003898,6.74778156996587,7.06428571428571,7.08288972409565,165
"174",2016,4,7.046875,16,7.36111111111111,6.64285714285714,6.66666666666667,7.125,7.02083333333333,9,7,3,4,12,2200,1167,1033,296,557,1643,7.07795142727273,7.47287917737789,6.63179393998064,6.74695945945946,7.06472172351885,7.08243648204504,166
"175",2016,5,6.86363636363636,11,6.91666666666667,6.8,6.5,6,7.05555555555556,6,5,2,2,9,2211,1173,1038,298,559,1652,7.07688518317503,7.47003410059676,6.63260418111753,6.74530201342282,7.06091234347048,7.08229003631961,167
"176",2016,6,7.3,15,7.4375,7.14285714285714,6,9,7.03846153846154,8,7,1,2,13,2226,1181,1045,299,561,1665,7.0783886522911,7.46981371718882,6.63602214354067,6.74280936454849,7.06782531194296,7.08194783183183,168
"177",2016,7,6.09090909090909,11,6.33333333333333,6,7,7,6,3,8,1,1,10,2237,1184,1053,300,562,1675,7.07353291908806,7.46693412162162,6.63119006647673,6.74366666666667,7.06770462633452,7.07548844179105,169
"178",2016,8,7.28529411764706,17,7.71428571428571,6.985,10,9,7.05666666666667,7,10,1,2,15,2254,1191,1063,301,564,1690,7.07513005323869,7.4683879093199,6.63451847601129,6.75448504983389,7.07455673758865,7.07532138461539,170
"179",2016,9,6.75,16,7.45,5.58333333333333,6.5,7.16666666666667,6.65384615384615,10,6,1,3,13,2270,1201,1069,302,567,1703,7.0728383876652,7.46823480432973,6.62861846585594,6.75364238410596,7.07504409171076,7.07210401644158,171
"180",2016,10,7.13333333333333,15,7.55555555555556,6.5,NA,6.25,7.26923076923077,9,6,0,2,13,2285,1210,1075,302,569,1716,7.07323550984683,7.46888429752066,6.62790059534884,6.75364238410596,7.07214411247803,7.0735974009324,172
"181",2016,11,6.45,20,6.72222222222222,6.22727272727273,5.83333333333333,7,6.35294117647059,9,11,6,3,17,2305,1219,1086,308,572,1733,7.06782782646421,7.46337161607875,6.62384267034991,6.73571428571429,7.07176573426573,7.06652806693595,173
"182",2016,12,7.25,6,7.83333333333333,6.66666666666667,NA,7,7.375,3,3,0,2,4,2311,1222,1089,308,574,1737,7.06830079619212,7.4642798690671,6.62396064279155,6.73571428571429,7.07151567944251,7.06723842256765,174
"183",2017,1,7.06333333333333,15,7.74375,6.28571428571429,5,8,6.99642857142857,8,7,1,1,14,2326,1230,1096,309,575,1751,7.06826876182287,7.46609756097561,6.62180031021898,6.73009708737864,7.07313043478261,7.06667226727584,175
"184",2017,2,6.82307692307692,13,7.5875,5.6,NA,5.25,7.10909090909091,8,5,0,2,11,2339,1238,1101,309,577,1762,7.0669060025652,7.46688206785137,6.61715998183469,6.73009708737864,7.06681109185442,7.06693708286039,176
"185",2017,3,7.07272727272727,11,7.3,6.88333333333333,6,NA,7.07272727272727,5,6,1,0,11,2350,1243,1107,310,577,1773,7.06693325106383,7.46621078037007,6.61860265582656,6.72774193548387,7.06681109185442,7.06697300620418,177
"186",2017,4,6.7,10,7.33333333333333,5.75,5.5,9,6.44444444444444,6,4,2,1,9,2360,1249,1111,312,578,1782,7.06537844915254,7.46557245796637,6.61547537353735,6.71987179487179,7.07015570934256,7.06382892255893,178
"187",2017,5,6.83333333333333,9,6.5,7,7,6.5,6.875,3,6,4,1,8,2369,1252,1117,316,579,1790,7.06449689320388,7.46325878594249,6.61754085944494,6.72341772151899,7.06917098445596,7.06298499441341,179
"188",2017,6,7.57142857142857,7,8.66666666666667,6.75,7,NA,7.57142857142857,3,4,2,0,7,2376,1255,1121,318,579,1797,7.06599037878788,7.46613545816733,6.61801350579839,6.7251572327044,7.06917098445596,7.06496557595994,180
"189",2017,7,6.77777777777778,9,6.875,6.7,NA,7.75,6.5,4,5,0,2,7,2385,1259,1126,318,581,1804,7.06490278406709,7.46425734710088,6.61837756660746,6.7251572327044,7.07151462994836,7.06277335920178,181
"190",2017,8,6.72727272727273,11,6.9,6.58333333333333,6.66666666666667,6.75,6.71428571428571,5,6,3,4,7,2396,1264,1132,321,585,1811,7.06335272954925,7.4620253164557,6.61819181978798,6.72461059190031,7.06931623931624,7.06142636112645,182
"191",2017,9,6.66,10,7.53333333333333,6.28571428571429,6,7,6.62222222222222,3,7,3,1,9,2406,1267,1139,324,586,1820,7.06167628428928,7.46219415943173,6.61614849868305,6.7179012345679,7.06919795221843,7.05925447252748,183
"192",2017,10,6.5,9,6.5,6.5,NA,NA,6.5,2,7,0,0,9,2415,1269,1146,324,586,1829,7.05958308074534,7.46067769897557,6.61543904013961,6.7179012345679,7.06919795221843,7.05650253690542,184
"193",2017,11,6.7375,16,7.05,6.21666666666667,5,6,6.98333333333333,10,6,1,4,12,2431,1279,1152,325,590,1841,7.05746324146442,7.45746677091478,6.61336210069444,6.71261538461538,7.06194915254237,7.05602560564911,185
"194",2017,12,7.32454545454545,11,7.1175,7.44285714285714,7.75,7.5,7.307,4,7,2,1,10,2442,1283,1159,327,591,1851,7.05866631449631,7.4564068589244,6.6183719930975,6.71896024464832,7.06269035532995,7.0573814910859,186
"195",2018,1,6.58583333333333,12,7.33333333333333,6.33666666666667,6.33333333333333,5.5,6.803,3,9,6,2,10,2454,1286,1168,333,593,1861,7.05635417277913,7.45611975116641,6.61620131849315,6.71201201201201,7.05741989881956,7.05601458355723,187
"196",2018,2,6.66666666666667,9,6.5,6.71428571428571,7,7,6.625,2,7,1,1,8,2463,1288,1175,334,594,1869,7.05493022330491,7.4546350931677,6.61678565106383,6.71287425149701,7.05732323232323,7.05416968432317,188
"197",2018,3,7.00666666666667,15,7.78571428571429,6.325,NA,6.6,7.21,7,8,0,5,10,2478,1295,1183,334,599,1879,7.05463807102502,7.45642471042471,6.61481245984784,6.71287425149701,7.05350584307179,7.05499901011176,189
"198",2018,4,6.11111111111111,9,6.75,5.6,7,4.5,6.57142857142857,4,5,1,2,7,2487,1299,1188,335,601,1886,7.05122361881785,7.4542494226328,6.61054136363636,6.71373134328358,7.04500831946755,7.05320420996819,190
"199",2018,5,7.4375,8,7.875,7,7,7.75,7.125,4,4,2,4,4,2495,1303,1192,337,605,1890,7.05246218036072,7.4555410590944,6.61184827181208,6.71543026706231,7.0496694214876,7.05335615873016,191
"200",2018,6,6.3125,12,6.59375,5.75,NA,7,6.175,8,4,0,2,10,2507,1311,1196,337,607,1900,7.04892027921819,7.4502822273074,6.6089658361204,6.71543026706231,7.0495057660626,7.04873323157895,192
"201",2018,7,6.92857142857143,7,7.33333333333333,6.625,NA,9,6.58333333333333,3,4,0,1,6,2514,1314,1200,337,608,1906,7.04858517899761,7.45001522070015,6.60901928333333,6.71543026706231,7.05271381578947,7.04726817418678,193
"202",2018,8,7.55714285714286,7,7.81666666666667,6,NA,7.3,7.75,6,1,0,3,4,2521,1320,1201,337,611,1910,7.04999727885759,7.45168181818182,6.6085121898418,6.71543026706231,7.05392798690671,7.04873986387435,194
"203",2018,9,7.09666666666667,15,7.21,6.87,NA,8,7.03214285714286,10,5,0,1,14,2536,1330,1206,337,612,1924,7.05027332018927,7.44986466165414,6.60959630182421,6.71543026706231,7.05547385620915,7.0486190956341,195
"204",2018,10,7.2,5,7.33333333333333,7,NA,NA,7.2,3,2,0,0,5,2541,1333,1208,337,612,1929,7.05056794175521,7.44960240060015,6.61024266556291,6.71543026706231,7.05547385620915,7.04901147744946,196
"205",2018,11,7.33,17,7.661,6.85714285714286,7.5,6.75,7.40733333333333,10,7,2,2,15,2558,1343,1215,339,614,1944,7.05242499609069,7.45117647058824,6.61166513580247,6.72005899705015,7.05447882736156,7.05177630658437,197
"206",2018,12,6.96153846153846,13,7.16666666666667,6.5,NA,NA,6.96153846153846,9,4,0,0,13,2571,1352,1219,339,614,1957,7.05196543757293,7.4492825443787,6.61129872026251,6.72005899705015,7.05447882736156,7.05117687276444,198
"207",2019,1,7.12428571428571,14,7.29454545454545,6.5,6.5,9,6.81166666666667,11,3,1,2,12,2585,1363,1222,340,616,1969,7.05235711411992,7.44803374908291,6.61102548281506,6.71941176470588,7.06079545454545,7.04971718638903,199
"208",2019,2,7.14285714285714,14,7.625,6.95,6.33333333333333,7,7.18181818181818,4,10,3,3,11,2599,1367,1232,343,619,1980,7.05284460946518,7.44855157278713,6.61377689935065,6.71603498542274,7.06050080775444,7.05045108080808,200
"209",2019,3,7.5,6,8.66666666666667,6.33333333333333,NA,9,7.2,3,3,0,1,5,2605,1370,1235,343,620,1985,7.05387452591171,7.45121897810219,6.61309565991903,6.71603498542274,7.06362903225806,7.05082777833753,201
"210",2019,4,7.24166666666667,12,7.55714285714286,6.8,6.66666666666667,6.95,7.3,7,5,3,2,10,2617,1377,1240,346,622,1995,7.05473562858235,7.45175744371823,6.61384930645161,6.71560693641618,7.06326366559485,7.05207676190476,202
"211",2019,5,7.2081,10,7.55,6.98016666666667,NA,6.72025,7.53333333333333,4,6,0,4,6,2627,1381,1246,346,626,2001,7.05531942900647,7.45204199855178,6.61561327447833,6.71560693641618,7.06107188498402,7.05351981009496,203
"212",2019,6,7.04285714285714,7,7,7.1,6.8,NA,7.04285714285714,4,3,1,0,7,2634,1385,1249,347,626,2008,7.05528630979499,7.45073646209386,6.6167767333867,6.71585014409222,7.06107188498402,7.05348263944223,204
"213",2019,7,7.27777777777778,9,7.75,6.33333333333333,NA,NA,7.27777777777778,6,3,0,0,9,2643,1391,1252,347,626,2017,7.05604394248959,7.45202731847592,6.61609755591054,6.71585014409222,7.06107188498402,7.05448346058503,205
"214",2019,8,7.39285714285714,14,7.57142857142857,7.21428571428571,7,7,7.42307692307692,7,7,2,1,13,2657,1398,1259,349,627,2030,7.05781864508844,7.4526251788269,6.61942346306592,6.71747851002865,7.06097448165869,7.05684391133005,206
"215",2019,9,6.8,5,8,5,NA,NA,6.8,3,2,0,0,5,2662,1401,1261,349,627,2035,7.05733438767844,7.45379728765168,6.61685498810467,6.71747851002865,7.06097448165869,7.05621284520885,207
"216",2019,10,6.98740733333333,15,7.725,6.71919181818182,6.96666666666667,6.95,6.99316230769231,4,11,3,2,13,2677,1405,1272,352,629,2048,7.05694256630556,7.45456939501779,6.61773997641509,6.71960227272727,7.06062162162162,7.05581262207031,208
"217",2019,11,7.10769230769231,13,7.825,5.96,7,4.8,7.3,8,5,1,1,12,2690,1413,1277,353,630,2060,7.05718782527881,7.45666666666667,6.61516464369616,6.72039660056657,7.05703333333333,7.05723507281554,209
"218",2019,12,6.90410230769231,13,7.71916625,5.6,6,6.5,6.97757545454545,8,5,2,2,11,2703,1421,1282,355,632,2071,7.05645156492786,7.45814449683322,6.61120534321372,6.71633802816902,7.05527056962025,7.05681196523419,210
"219",2020,1,6.07692307692308,13,6.58333333333333,5.64285714285714,6.5,5.25,6.22727272727273,6,7,1,2,11,2716,1427,1289,356,634,2082,7.05176310014727,7.45446624386826,6.60594666408068,6.71573033707865,7.04957570977918,7.05242919308358,211
"220",2020,2,6.89538461538462,13,7.6,6.455,7,7.5,6.78545454545455,5,8,2,2,11,2729,1432,1297,358,636,2093,7.05101816782704,7.4549743924581,6.60501561295296,6.71731843575419,7.05099213836478,7.05102607740086,212
"221",2020,3,6.80909090909091,11,6.87777777777778,6.5,NA,5.5,7.1,9,2,0,2,9,2740,1441,1299,358,638,2102,7.0500469270073,7.45136941707148,6.60485392609699,6.71731843575419,7.04613009404389,7.0512357659372,213
"222",2020,4,7.4,10,7.75,7.16666666666667,7,8,7.33333333333333,4,6,1,1,9,2750,1445,1305,359,639,2111,7.05131948363636,7.45219607612457,6.60743697318007,6.71810584958217,7.04762284820031,7.0524384557082,214
"223",2020,5,7.4,8,8.05,6.75,6.33333333333333,8,7.31428571428571,4,4,3,1,7,2758,1449,1309,362,640,2118,7.05233088469906,7.45384632850242,6.60787261268143,6.71491712707182,7.0491109375,7.05330386213409,215
"224",2020,6,6.38888888888889,9,7.125,5.8,6,6.75,6.28571428571429,4,5,1,2,7,2767,1453,1314,363,642,2125,7.05017295988435,7.45294103922918,6.60479851598173,6.7129476584022,7.04817912772585,7.05077533176471,216
"225",2020,7,6.5,9,7.16666666666667,6.16666666666667,7,6.5,6.5,3,6,2,3,6,2776,1456,1320,365,645,2131,7.04838925792507,7.45235118818681,6.60280700757575,6.71452054794521,7.04562945736434,7.04922458000939,217
"226",2020,8,6.72222222222222,9,7.375,6.2,7,8,6.5625,4,5,2,1,8,2785,1460,1325,367,646,2139,7.04733521723519,7.45213926712329,6.60128698113207,6.71607629427793,7.04710681114551,7.04740419822347,218
"227",2020,9,6.43333333333333,12,7.23333333333333,5.63333333333333,3,6.33333333333333,6.46666666666667,6,6,1,3,9,2797,1466,1331,368,649,2148,7.04470095816947,7.45124374488404,6.596923553719,6.70597826086957,7.04380739599383,7.04497094040969,219
"228",2020,10,6.41538461538462,13,6.5,6.3625,7.5,7.75,6.17272727272727,5,8,3,2,11,2810,1471,1339,371,651,2159,7.04178953024911,7.44801042148199,6.59552296489917,6.71239892183289,7.04597695852534,7.04052690134322,220
"229",2020,11,6.68181818181818,11,7.21428571428571,5.75,NA,6.5,6.7,7,4,0,1,10,2821,1478,1343,371,652,2169,7.04038588443814,7.44690347090663,6.59300465376023,6.71239892183289,7.04513957055214,7.03895692946058,221
"230",2020,12,7.03571428571429,14,6.6,7.27777777777778,6.33333333333333,6,7.11538461538461,5,9,3,1,13,2835,1483,1352,374,653,2182,7.04036281481481,7.44404809844909,6.59756305473372,6.70935828877005,7.04353905053599,7.03941227314391,222
"231",2021,1,6.75,20,7.13636363636364,6.27777777777778,6.5,6.16666666666667,6.85294117647059,11,9,2,3,17,2855,1494,1361,376,656,2199,7.03832874956217,7.44178268406961,6.59544838354151,6.70824468085106,7.03952896341463,7.03797070486585,223
"232",2021,2,6.3,10,7.33333333333333,5.85714285714286,5,6,6.375,3,7,1,2,8,2865,1497,1368,377,658,2207,7.03575168586387,7.4415653507014,6.59167050438596,6.70371352785146,7.03636930091185,7.03556754870866,224
"233",2021,3,6.5,12,7.7,5.64285714285714,4,7.5,6.40909090909091,5,7,1,1,11,2877,1502,1375,378,659,2218,7.03351705943691,7.44242565246338,6.58684018181818,6.69656084656085,7.03707283763277,7.03246058611362,225
"234",2021,4,6.48125,16,6.66666666666667,6.37,6.7,7.3,6.29230769230769,6,10,2,3,13,2893,1508,1385,380,662,2231,7.03046269616315,7.43933907824934,6.58527454873646,6.69657894736842,7.03826435045317,7.02814772747647,226
"235",2021,5,6,9,6.5,5.85714285714286,6,NA,6,2,7,1,0,9,2902,1510,1392,381,662,2240,7.02726691247416,7.4380949205298,6.58161296695402,6.69475065616798,7.03826435045317,7.02401677678572,227
"236",2021,6,6.372,20,7.53333333333333,5.87428571428571,5,5.985,6.46875,6,14,2,4,16,2922,1516,1406,383,666,2256,7.02278185489391,7.43847185356201,6.57456987908961,6.68590078328982,7.03193843843844,7.02007871453901,228
"237",2021,7,5.749,10,6.5,5.56125,NA,7,5.43625,2,8,0,2,8,2932,1518,1414,383,668,2264,7.0184374420191,7.43723539525692,6.56883681046675,6.68590078328982,7.03184281437125,7.01448214664311,229
"238",2021,8,6.95833333333333,12,7.25,6.375,NA,5.5,7.44444444444444,8,4,0,3,9,2944,1526,1418,383,671,2273,7.01819245244565,7.43625382044561,6.56829002115655,6.68590078328982,7.02499403874813,7.01618459304883,230
"239",2021,9,6.51739130434783,23,7.25,6.12666666666667,6.25,7,6.41578947368421,8,15,2,4,19,2967,1534,1433,385,675,2292,7.01431027300303,7.43528248370274,6.56366730635031,6.68363636363636,7.02484592592592,7.011207495637,231
"240",2021,10,7.01,10,7.5,6.8,NA,NA,7.01,3,7,0,0,10,2977,1537,1440,385,675,2302,7.01429579442392,7.43540880286272,6.56481614583333,6.68363636363636,7.02484592592592,7.0112022502172,232
"241",2021,11,6.91333333333333,15,7.21428571428571,6.65,5.83333333333333,7,6.88181818181818,7,8,3,4,11,2992,1544,1448,388,679,2313,7.01378963235294,7.43440630181347,6.56528677486187,6.6770618556701,7.02469955817378,7.01058693471682,233
"242",2021,12,6.46666666666667,15,6.66666666666667,6.33333333333333,NA,6,6.53846153846154,6,9,0,2,13,3007,1550,1457,388,681,2326,7.01106038576655,7.43143440645161,6.56385398078242,6.6770618556701,7.02169016152716,7.00794822871883,234
"243",2022,1,7.04222222222222,18,7.75142857142857,6.59090909090909,6.5,8,6.9225,7,11,5,2,16,3025,1557,1468,393,683,2342,7.01124581157025,7.43287304431599,6.56405670980926,6.67480916030534,7.02455490483162,7.00736446626815,235
"244",2022,2,7.5375,8,7.95,7.4,NA,8,7.47142857142857,2,6,0,1,7,3033,1559,1474,393,684,2349,7.01263388724036,7.4335364528544,6.56745946404341,6.67480916030534,7.02598099415204,7.00874737335036,236
"245",2022,3,7.538,10,8.5,6.89666666666667,NA,8.19,7.375,4,6,0,2,8,3043,1563,1480,393,686,2357,7.01436036148538,7.43626572616763,6.56879408783783,6.67480916030534,7.02937463556851,7.00999048790836,237
"246",2022,4,7.22222222222222,9,7.2,7.25,NA,NA,7.22222222222222,5,4,0,0,9,3052,1568,1484,393,686,2366,7.01497332241153,7.43551232780612,6.57063022237196,6.67480916030534,7.02937463556851,7.01079779374472,238
"247",2022,5,6.77272727272727,11,6.75,6.78571428571429,8,7,6.72222222222222,4,7,1,2,9,3063,1572,1491,394,688,2375,7.01410335618675,7.4337680216285,6.5716400067069,6.67817258883249,7.02928924418604,7.00970424421053,239
"248",2022,6,7.01818181818182,11,8,6.65,NA,7.5,6.8375,3,8,0,3,8,3074,1575,1499,394,691,2383,7.01411795055303,7.43484655873016,6.57205820547031,6.67817258883249,7.03133285094066,7.0091261351238,240
"249",2022,7,6.59846153846154,13,7.75,6.08666666666667,6,8,6.34363636363636,4,9,1,2,11,3087,1579,1508,395,693,2394,7.01236753482345,7.43564492083597,6.56916130636604,6.67645569620253,7.03412842712842,7.00606832915622,241
"250",2022,8,7.47,10,8.75,6.61666666666667,6.1,NA,7.47,4,6,2,0,10,3097,1583,1514,397,693,2404,7.01384519857927,7.43896609602022,6.56934957067371,6.6735516372796,7.03412842712842,7.00799816139767,242
"251",2022,9,7.8125,8,8.5,7.4,6,8.33333333333333,7.5,3,5,1,3,5,3105,1586,1519,398,696,2409,7.01590292431562,7.44097309583859,6.57208377221856,6.67185929648241,7.03972844827586,7.00901933582399,243
"252",2022,10,7.3585,12,7.47525,7.125,NA,6.83333333333333,7.53355555555556,8,4,0,3,9,3117,1594,1523,398,699,2418,7.01722187359641,7.44114512547052,6.57353594878529,6.67185929648241,7.0388426323319,7.01097170388751,244
"253",2022,11,7.56153846153846,13,8.1,7.225,6,7,7.73,5,8,1,3,10,3130,1599,1531,399,702,2428,7.01948261341853,7.44320533458412,6.57694007184846,6.67017543859649,7.03867663817664,7.01393310543657,245
"254",2022,12,7.33333333333333,9,8.08333333333333,5.83333333333333,NA,5,7.625,6,3,0,1,8,3139,1605,1534,399,703,2436,7.02038247212488,7.4455983364486,6.575485821382,6.67017543859649,7.03577667140825,7.01593989326765,246
