"","year","month","avg_rating","no_ratings","avg_rating_owned","avg_rating_not_owned","avg_rating_prev_owned","avg_rating_comment","avg_rating_no_comment","no_ratings_owned","no_ratings_not_owned","no_ratings_prev_owned","no_ratings_comment","no_ratings_no_comment","cum_no_ratings","cum_no_ratings_owned","cum_no_ratings_not_owned","cum_no_ratings_prev_owned","cum_no_ratings_comment","cum_no_ratings_no_comment","cum_avg_rating","cum_avg_rating_owned","cum_avg_rating_not_owned","cum_avg_rating_prev_owned","cum_avg_rating_comment","cum_avg_rating_no_comment","month_after_release"
"1",2012,7,9.5,2,9.5,NA,NA,9,10,2,0,0,1,1,2,2,0,0,1,1,9.5,9.5,NA,NA,9,10,-3
"2",2012,10,7.61617647058824,68,8.11176470588235,7.12058823529412,6.5,7.32222222222222,7.722,34,34,2,18,50,70,36,34,2,19,51,7.67,8.18888888888889,7.12058823529412,6.5,7.41052631578947,7.76666666666667,0
"3",2012,11,7.72460317460317,126,8.54553571428571,7.06785714285714,7.18181818181818,7.88260869565217,7.68932038834951,56,70,11,23,103,196,92,104,13,42,154,7.70510204081633,8.40597826086957,7.08509615384615,7.07692307692308,7.66904761904762,7.71493506493506,1
"4",2012,12,7.47105263157895,95,8.12444444444444,6.883,7.3125,6.83,7.642,45,50,8,20,75,291,137,154,21,62,229,7.6286941580756,8.31350364963504,7.01948051948052,7.16666666666667,7.39838709677419,7.6910480349345,2
"5",2013,1,7.49081632653061,147,8.02272727272727,7.17282608695652,7.453125,7.04705882352941,7.62433628318584,55,92,16,34,113,438,192,246,37,96,342,7.5824200913242,8.23020833333334,7.07682926829268,7.29054054054054,7.27395833333333,7.66900584795322,3
"6",2013,2,7.55954545454545,110,8.01698113207547,7.13421052631579,7.65,7.62727272727273,7.54261363636364,53,57,9,22,88,548,245,303,46,118,430,7.57782846715328,8.18408163265306,7.08762376237624,7.36086956521739,7.33983050847458,7.64313953488372,4
"7",2013,3,7.40294117647059,85,7.93589743589744,6.95108695652174,6.38888888888889,6.85238095238095,7.58359375,39,46,9,21,64,633,284,349,55,139,494,7.55434439178515,8.15,7.06962750716332,7.20181818181818,7.26618705035971,7.63542510121458,5
"8",2013,4,7.18769230769231,65,7.85789473684211,6.91086956521739,6.5,6.96818181818182,7.23240740740741,19,46,9,11,54,698,303,395,64,150,548,7.5202005730659,8.13168316831683,7.05113924050633,7.103125,7.24433333333333,7.59571167883212,6
"9",2013,5,7.41447368421053,76,7.63235294117647,7.23809523809524,7.45,7.36363636363636,7.42307692307692,34,42,10,11,65,774,337,437,74,161,613,7.50981912144703,8.0813056379822,7.06910755148741,7.15,7.25248447204969,7.57740619902121,7
"10",2013,6,7.20390625,64,7.88,6.89659090909091,7.13076923076923,7.5,7.14245283018868,20,44,13,11,53,838,357,481,87,172,666,7.48645584725537,8.07002801120449,7.0533264033264,7.14712643678161,7.26831395348837,7.54279279279279,8
"11",2013,7,7.45642857142857,70,7.91481481481481,7.16860465116279,7.30454545454545,7.45833333333333,7.45603448275862,27,43,11,12,58,908,384,524,98,184,724,7.484140969163,8.05911458333334,7.06278625954199,7.16479591836735,7.28070652173913,7.53584254143646,9
"12",2013,8,7.4530303030303,66,8.05652173913044,7.13023255813953,7.34210526315789,7.94545454545455,7.35454545454545,23,43,19,11,55,974,407,567,117,195,779,7.48203285420944,8.05896805896806,7.0679012345679,7.19358974358974,7.31820512820513,7.52304236200257,10
"13",2013,9,7.39583333333333,60,7.86607142857143,6.984375,7.08461538461538,6.94375,7.56022727272727,28,32,13,16,44,1034,435,599,130,211,823,7.47703094777563,8.04655172413793,7.06343906510851,7.18269230769231,7.28981042654028,7.52503037667072,11
"14",2013,10,7.41830985915493,71,8.03428571428571,6.81944444444444,6.85,7.525,7.37647058823529,35,36,10,20,51,1105,470,635,140,231,874,7.47325791855204,8.04563829787234,7.0496062992126,7.15892857142857,7.31017316017316,7.51636155606407,12
"15",2013,11,7.31269841269841,63,7.89354838709677,6.75,6.9,6.16666666666667,7.43333333333333,31,32,10,6,57,1168,501,667,150,237,931,7.46459760273973,8.03622754491018,7.0352323838081,7.14166666666667,7.28122362869198,7.51127819548872,13
"16",2013,12,6.95902777777778,72,7.65344827586207,6.4906976744186,7.13333333333333,7.125,6.93828125,29,43,9,8,64,1240,530,710,159,245,995,7.43524193548387,8.01528301886793,7.00225352112676,7.14119496855346,7.27612244897959,7.47442211055276,14
"17",2014,1,7.04266666666667,75,7.83461538461538,6.62244897959184,6.92307692307692,6.91666666666667,7.06666666666667,26,49,13,12,63,1315,556,759,172,257,1058,7.41285171102662,8.0068345323741,6.97773386034256,7.12470930232558,7.25933852140078,7.45014177693762,15
"18",2014,2,7.32474264705882,68,7.99441666666667,6.79605263157895,7.27777777777778,7.22666666666667,7.3525,30,38,9,15,53,1383,586,797,181,272,1111,7.40851952277657,8.00619880546075,6.96907151819322,7.13232044198895,7.25753676470588,7.44548379837984,16
"19",2014,3,7.5375,40,8.15625,7.125,6.8125,7.81818181818182,7.43103448275862,16,24,8,11,29,1423,602,821,189,283,1140,7.41214511595221,8.01018687707641,6.97362971985384,7.11878306878307,7.27932862190813,7.44511622807017,17
"20",2014,4,7.18269230769231,52,7.685,6.86875,6.96666666666667,7.57777777777778,7.1,20,32,6,9,43,1475,622,853,195,292,1183,7.40405593220339,7.9997307073955,6.96969519343494,7.11410256410256,7.28852739726027,7.4325718512257,18
"21",2014,5,7.27882352941177,51,7.545,7.10709677419355,6.832,7.23333333333333,7.28488888888889,20,31,10,6,45,1526,642,884,205,298,1228,7.39987057667104,7.98556464174455,6.97451357466063,7.10034146341463,7.28741610738255,7.42716001628664,19
"22",2014,6,7.24102564102564,39,7.78181818181818,7.02857142857143,6.77777777777778,6.33333333333333,7.31666666666667,11,28,9,3,36,1565,653,912,214,301,1264,7.39591214057508,7.98213246554365,6.97617324561404,7.08677570093458,7.27790697674419,7.42401305379747,20
"23",2014,7,7.08604651162791,43,7.62105263157895,6.6625,7.675,6.66666666666667,7.15405405405405,19,24,8,6,37,1608,672,936,222,307,1301,7.38762593283582,7.97192336309524,6.96813034188034,7.10797297297297,7.26596091205212,7.41633551114527,21
"24",2014,8,7.05666666666667,45,7.1,7.035,7.17083333333333,6.90909090909091,7.10441176470588,15,30,12,11,34,1653,687,966,234,318,1335,7.37861615245009,7.95288573508006,6.97020703933747,7.11119658119658,7.25361635220126,7.40839138576779,22
"25",2014,9,7.24090909090909,44,7.74615384615385,7.02903225806452,7.45454545454545,7.2,7.24615384615385,13,31,11,5,39,1697,700,997,245,323,1374,7.37504566882734,7.94904642857143,6.97203610832497,7.12661224489796,7.25278637770898,7.40378639010189,23
"26",2014,10,7.236,50,7.67391304347826,6.86296296296296,6.51666666666667,7,7.24081632653061,23,27,6,1,49,1747,723,1024,251,324,1423,7.37106611333715,7.9402939142462,6.96916015625,7.11203187250996,7.25200617283951,7.39817463106114,24
"27",2014,11,7.06052631578947,57,7.67,6.73108108108108,6.64545454545455,7.60833333333333,6.99607843137255,20,37,11,6,51,1804,743,1061,262,330,1474,7.36125415742794,7.93301816958277,6.96085768143261,7.0924427480916,7.25848484848485,7.38426221166893,25
"28",2014,12,7.225,50,7.87173913043478,6.67407407407407,7.0375,7.25,7.22282608695652,23,27,8,4,46,1854,766,1088,270,334,1520,7.35757955771305,7.93117819843342,6.95374080882353,7.09081481481481,7.25838323353293,7.37937664473684,26
"29",2015,1,7.15757575757576,66,7.75172413793103,6.69189189189189,6.75294117647059,7.26666666666667,7.14666666666667,29,37,17,6,60,1920,795,1125,287,340,1580,7.35070442708333,7.9246320754717,6.94512888888889,7.07080139372822,7.25852941176471,7.37053955696202,27
"30",2015,2,7.35526315789474,57,7.78333333333333,6.87962962962963,6.95,7.07142857142857,7.395,30,27,10,7,50,1977,825,1152,297,347,1630,7.3508358624178,7.91949393939394,6.94359375,7.06673400673401,7.25475504322767,7.37128987730061,28
"31",2015,3,7.13181818181818,44,7.79166666666667,6.884375,6.78125,6.71428571428571,7.21081081081081,12,32,16,7,37,2021,837,1184,313,354,1667,7.34606754082137,7.91766129032258,6.94199324324324,7.05214057507987,7.24406779661017,7.36772795440911,29
"32",2015,4,7.05111111111111,45,7.82222222222222,6.53703703703704,6.875,6.91666666666667,7.07179487179487,18,27,4,6,39,2066,855,1211,317,360,1706,7.33964303000968,7.91565204678363,6.93296449215524,7.04990536277602,7.23861111111111,7.36096277842907,30
"33",2015,5,7.28,40,7.73529411764706,6.94347826086956,6.775,7,7.31111111111111,17,23,8,4,36,2106,872,1234,325,364,1742,7.33851020892688,7.91213589449541,6.93316045380875,7.04313846153846,7.23598901098901,7.35993254879449,31
"34",2015,6,7.22378378378378,37,7.8,6.87304347826087,7.0625,6.7,7.305625,14,23,8,5,32,2143,886,1257,333,369,1774,7.33652939804013,7.91036399548533,6.93206046141607,7.0436036036036,7.22872628726287,7.35895293122886,32
"35",2015,7,7.16060606060606,33,8.06,6.41111111111111,6.6,6.5,7.25172413793103,15,18,5,4,29,2176,901,1275,338,373,1803,7.3338614430147,7.9128551609323,6.92470588235294,7.03704142011834,7.22091152815013,7.35722823072656,33
"36",2015,8,7.54408163265306,49,8.3052380952381,6.97321428571429,6.84583333333333,7.65833333333333,7.52813953488372,21,28,12,6,43,2225,922,1303,350,379,1846,7.33849101123595,7.92179229934924,6.92574827321566,7.03048571428571,7.2278364116095,7.3612093716143,34
"37",2015,9,7.205,40,7.91666666666667,6.9,6.75,6.83333333333333,7.31290322580645,12,28,6,9,31,2265,934,1331,356,388,1877,7.33613355408388,7.92172644539615,6.92520661157025,7.02575842696629,7.21868556701031,7.3604115610016,35
"38",2015,10,7.52660377358491,53,7.81821428571429,7.2,7.22727272727273,7.59333333333333,7.51808510638298,28,25,11,6,47,2318,962,1356,367,394,1924,7.3404885677308,7.91871361746362,6.93027286135693,7.03179836512262,7.22439086294416,7.36426325363825,36
"39",2015,11,7.10557142857143,70,7.7962962962963,6.67186046511628,6.93333333333333,7.83333333333333,6.99819672131148,27,43,9,9,61,2388,989,1399,376,403,1985,7.33360238693467,7.91537158746208,6.92233023588277,7.0294414893617,7.23799007444169,7.35301385390428,37
"40",2015,12,7.23018867924528,53,7.96666666666667,6.62068965517241,6.41666666666667,7.16666666666667,7.24318181818182,24,29,12,9,44,2441,1013,1428,388,412,2029,7.33135702580909,7.91658687068114,6.91620448179272,7.01048969072165,7.23643203883495,7.35063208477082,38
"41",2016,1,6.9925,64,7.42258064516129,6.58848484848485,6.94545454545455,7.0625,6.9825,31,33,11,8,56,2505,1044,1461,399,420,2085,7.3226996007984,7.90191810344828,6.90880219028063,7.00869674185464,7.23311904761905,7.34074460431654,39
"42",2016,2,7.2271186440678,59,7.87083333333333,6.78571428571429,7.14285714285714,7.16,7.25,24,35,7,15,44,2564,1068,1496,406,435,2129,7.3205001950078,7.90121956928839,6.90592245989305,7.01100985221675,7.23059770114943,7.33886918741193,40
"43",2016,3,7.3025,40,8.07777777777778,6.66818181818182,6.5,6.6875,7.45625,18,22,8,8,32,2604,1086,1518,414,443,2161,7.32022369431644,7.90414594843462,6.90247694334651,7.00113526570048,7.22079006772009,7.34060735770476,41
"44",2016,4,7.24196428571429,56,7.68548387096774,6.692,6.52777777777778,6.57857142857143,7.33673469387755,31,25,9,7,49,2660,1117,1543,423,450,2210,7.31857612781955,7.89807743957028,6.89906675307842,6.99106382978723,7.2108,7.34052149321267,42
"45",2016,5,6.95307692307692,39,7.91416666666667,6.52592592592593,6.90909090909091,6.875,6.97322580645161,12,27,11,8,31,2699,1129,1570,434,458,2241,7.31329473879214,7.89824844995571,6.89264968152866,6.98898617511521,7.20493449781659,7.33544065149487,43
"46",2016,6,7.22,35,7.92777777777778,6.47058823529412,6.33333333333333,8,7.17272727272727,18,17,6,2,33,2734,1147,1587,440,460,2274,7.31210040234089,7.89871185701831,6.88812854442344,6.98004545454545,7.20839130434783,7.33307937554969,44
"47",2016,7,7.09054054054054,37,7.74117647058824,6.5375,6.97222222222222,7,7.11166666666667,17,20,9,7,30,2771,1164,1607,449,467,2304,7.30914200649585,7.89641108247423,6.88376477909148,6.97988864142539,7.20526766595289,7.33019639756944,45
"48",2016,8,7.12045454545455,44,7.91176470588235,6.62222222222222,6.53636363636364,6,7.2325,17,27,11,4,40,2815,1181,1634,460,471,2344,7.30619271758437,7.89663209144792,6.87944308445532,6.96928260869565,7.19503184713376,7.32852922354948,46
"49",2016,9,7.41973684210526,38,7.86052631578947,6.97894736842105,6,6.955,7.58571428571429,19,19,3,10,28,2853,1200,1653,463,481,2372,7.30770504731861,7.89606041666667,6.88058681185723,6.96300215982721,7.19004158004158,7.33156513490725,47
"50",2016,10,7.43829787234043,47,7.97391304347826,6.925,6.8,6.66666666666667,7.49090909090909,23,24,9,3,44,2900,1223,1677,472,484,2416,7.30982155172414,7.89752452984464,6.88122242098986,6.95989406779661,7.18679752066116,7.33446709437086,48
"51",2016,11,7.25335820895522,67,7.82211538461539,6.89268292682927,6.91428571428571,7.07142857142857,7.30141509433962,26,41,14,14,53,2967,1249,1718,486,498,2469,7.3085465116279,7.89595476381105,6.88149592549476,6.95858024691358,7.18355421686747,7.33375759416768,49
"52",2016,12,6.90394736842105,38,7.87,5.83055555555556,5.5,6.25,6.94027777777778,20,18,3,2,36,3005,1269,1736,489,500,2505,7.30343011647254,7.89554570527975,6.87059907834101,6.94963190184049,7.17982,7.32810279441117,50
"53",2017,1,7.37377049180328,61,7.89107142857143,6.93484848484848,6.82857142857143,7.125,7.41132075471698,28,33,14,8,53,3066,1297,1769,503,508,2558,7.30482958251794,7.89544911333847,6.87179762577728,6.94626242544732,7.17895669291339,7.32982701329163,51
"54",2017,2,7.29563636363636,55,8.17523809523809,6.75235294117647,6.55,7.96666666666667,7.25692307692308,21,34,9,3,52,3121,1318,1803,512,511,2610,7.30466757449535,7.89990705614567,6.86954520244038,6.939296875,7.18358121330724,7.32837452107279,52
"55",2017,3,7.70232558139535,43,7.88518518518519,7.39375,6.6,7.3625,7.78,27,16,5,8,35,3164,1345,1819,517,519,2645,7.31007190265486,7.89961152416357,6.87415612974162,6.93601547388781,7.18633911368016,7.3343506616257,53
"56",2017,4,7.77790697674419,43,7.97083333333333,7.53421052631579,7.41666666666667,8.025,7.7525641025641,24,19,3,4,39,3207,1369,1838,520,523,2684,7.31634471468662,7.90086011687363,6.88097932535365,6.93878846153846,7.19275334608031,7.34042753353204,54
"57",2017,5,7.12926829268293,41,7.74782608695652,6.33888888888889,6,6.16666666666667,7.20526315789474,23,18,8,3,38,3248,1392,1856,528,526,2722,7.31398322044335,7.89833153735632,6.87572198275862,6.92456439393939,7.18690114068441,7.33854059515062,55
"58",2017,6,7.12142857142857,35,7.51388888888889,6.70588235294118,6.85714285714286,7.9,6.99166666666667,18,17,7,5,30,3283,1410,1873,535,531,2752,7.31193039902528,7.89342375886525,6.87418045915643,6.92368224299065,7.19361581920904,7.33475926598837,56
"59",2017,7,7.20609756097561,41,7.71842105263158,6.76363636363636,6.6,7.475,7.14090909090909,19,22,8,8,33,3324,1429,1895,543,539,2785,7.310625,7.89109692092372,6.87289709762533,6.91891344383057,7.19779220779221,7.33246229802513,57
"60",2017,8,7.11707317073171,41,7.78125,6.692,6.44444444444444,6.58,7.19166666666667,16,25,9,5,36,3365,1445,1920,552,544,2821,7.30826671619613,7.88988062283737,6.87054166666667,6.91117753623188,7.19211397058824,7.33066554413328,58
"61",2017,9,7.35127659574468,47,7.725,6.88857142857143,7.1,7,7.37522727272727,26,21,5,3,44,3412,1471,1941,557,547,2865,7.30885917350527,7.88696634942216,6.87073673364245,6.91287253141831,7.19106032906764,7.33134991273996,59
"62",2017,10,7.567,40,8.13333333333333,6.94105263157895,7.01857142857143,7.75714285714286,7.52666666666667,21,19,7,7,33,3452,1492,1960,564,554,2898,7.31185037659328,7.89043398123324,6.87141836734694,6.91418439716312,7.19821299638989,7.33357401656314,60
"63",2017,11,7.39766666666667,60,7.922,6.87333333333333,6.81428571428571,7.83333333333333,7.34925925925926,30,30,7,6,54,3512,1522,1990,571,560,2952,7.31331648633257,7.8910561760841,6.8714472361809,6.91295971978984,7.20501785714286,7.33386094173441,61
"64",2017,12,7.02195121951219,41,7.79444444444444,6.41739130434783,5.8125,6.91666666666667,7.04,18,23,8,6,35,3553,1540,2013,579,566,2987,7.30995426400225,7.88992694805195,6.86625931445604,6.89775474956822,7.20196113074205,7.33041764312018,62
"65",2018,1,7.46782068965517,58,7.93334285714286,7.03333333333333,7.125,8.08333333333333,7.3968,28,30,8,6,52,3611,1568,2043,587,572,3039,7.31248991968983,7.89070223214286,6.86871267743514,6.90085178875639,7.2112062937063,7.33155350444225,63
"66",2018,2,7.5525,40,7.70434782608696,7.34705882352941,7.46,8.06,7.48,23,17,5,5,35,3651,1591,2060,592,577,3074,7.31511944672692,7.88800823381521,6.87266019417476,6.90557432432433,7.21856152512999,7.33324368900455,64
"67",2018,3,7.18709677419355,31,7.7,6.94285714285714,6.5,7,7.19333333333333,10,21,4,1,30,3682,1601,2081,596,578,3104,7.31404158066268,7.88683391630231,6.87336857280154,6.90285234899329,7.21818339100346,7.33189146262886,65
"68",2018,4,7.42424242424242,33,8.45833333333333,6.83333333333333,7,5.83333333333333,7.58333333333333,12,21,4,3,30,3715,1613,2102,600,581,3134,7.3150204845222,7.89108561686299,6.87296860133206,6.9035,7.21103270223752,7.33429837268666,66
"69",2018,5,7.12378923076923,39,7.38651866666667,6.95958333333333,7.58333333333333,7.76,7.03022882352941,15,24,6,5,34,3754,1628,2126,606,586,3168,7.31303379861481,7.88643665847666,6.87394637817498,6.91023102310231,7.21571672354949,7.331035,67
"70",2018,6,7.266875,32,8.04615384615385,6.73368421052632,6.82333333333333,7.86,7.18214285714286,13,19,6,4,28,3786,1641,2145,612,590,3196,7.31264365557316,7.88770193784278,6.87270396270396,6.90937908496732,7.22008474576271,7.329730563204,68
"71",2018,7,6.75535714285714,28,7.55769230769231,6.06,5.25,5,7.13695652173913,13,15,4,5,23,3814,1654,2160,616,595,3219,7.30855240692186,7.88510814993954,6.86706018518519,6.8986038961039,7.20142857142857,7.32835317800559,69
"72",2018,8,6.83063054054054,37,7.1866665,6.41176470588235,6.1,7.28888833333333,6.74193548387097,20,17,5,6,31,3851,1674,2177,621,601,3250,7.30396058426382,7.87676356630824,6.86350482315113,6.89217391304348,7.20230171381032,7.32275965538461,70
"73",2018,9,6.9065080952381,21,7.975,6.24897461538462,4,NA,6.9065080952381,8,13,1,0,21,3872,1682,2190,622,601,3271,7.30180497933884,7.87723080261593,6.85985692694064,6.88752411575563,7.20230171381032,7.32008729746255,71
"74",2018,10,7.35571428571429,35,7.8547619047619,6.60714285714286,6,8,7.2953125,21,14,5,3,32,3907,1703,2204,627,604,3303,7.30228791400051,7.87695373458602,6.85825166515427,6.88044657097289,7.20626379139073,7.31984727520436,72
"75",2018,11,6.86136363636364,44,7.565,6.275,6.5625,6.875,6.86,20,24,8,4,40,3951,1723,2228,635,608,3343,7.29737759554543,7.8733326813697,6.85196888240575,6.87644094488189,7.20408442434211,7.31434506431349,73
"76",2018,12,7.41263485714286,35,7.81274842105263,6.9375,6.66666666666667,7.16666666666667,7.435694375,19,16,9,3,32,3986,1742,2244,644,611,3375,7.29838963873557,7.87267188863375,6.85257872994653,6.87350931677019,7.20390070376432,7.31549563555555,74
"77",2019,1,7.17837837837838,37,8.54375,6.13809523809524,6.58888888888889,7.3,7.15483870967742,16,21,9,6,31,4023,1758,2265,653,617,3406,7.2972858811832,7.87877953924915,6.84595437969095,6.8695865237366,7.20483521880065,7.31403340281855,75
"78",2019,2,6.76184210526316,38,7.3425,6.11666666666667,6.92,6.53333333333333,6.78142857142857,20,18,5,3,35,4061,1778,2283,658,620,3441,7.29227557251908,7.87274714848144,6.8402044108629,6.86996960486322,7.20158601612903,7.3086160331299,76
"79",2019,3,7.08107142857143,28,7.75153846153846,6.5,5.33333333333333,6.66428571428571,7.22,13,15,3,7,21,4089,1791,2298,661,627,3462,7.29082932257275,7.87186735343384,6.83798375543951,6.86299546142209,7.19558744816587,7.30807850086655,77
"80",2019,4,7.0828125,32,7.578125,6.5875,6.78571428571429,7.33333333333333,7.05689655172414,16,16,7,3,29,4121,1807,2314,668,630,3491,7.28921404998787,7.86926642501383,6.83625180207433,6.86218562874252,7.19624338095238,7.30599191349183,78
"81",2019,5,7.31683515151515,33,7.89766105263158,6.52857142857143,8.25,7.56508,7.25,19,14,2,7,26,4154,1826,2328,670,637,3517,7.28943347616755,7.86956187842278,6.83440149054983,6.86632835820896,7.20029653061225,7.30557798407734,79
"82",2019,6,7.25096774193548,31,7.88,6.66125,6.58,5,7.40620689655172,15,16,6,2,29,4185,1841,2344,676,639,3546,7.28914854480287,7.86964692558392,6.83321956911263,6.86378698224852,7.19340984350548,7.30640095036661,80
"83",2019,7,7.27586206896552,29,7.85714285714286,6.73333333333333,5,7.1,7.3125,14,15,1,5,24,4214,1855,2359,677,644,3570,7.28905710963455,7.86955255525606,6.83258442984316,6.86103397341211,7.19268461180125,7.30644195238095,81
"84",2019,8,7.09209302325581,43,7.7,6.56347826086956,6.28,6.82666666666667,7.13513513513514,20,23,7,6,37,4257,1875,2382,684,650,3607,7.2870675734085,7.86774399466667,6.82998600755668,6.85508771929825,7.18930598461539,7.30468471583033,82
"85",2019,9,7.3809375,32,7.49153846153846,7.30526315789474,7.16666666666667,5.5,7.50633333333333,13,19,3,2,30,4289,1888,2401,687,652,3637,7.28776793191886,7.86515359639831,6.83374705122866,6.85644832605531,7.18412406441718,7.30634802584547,83
"86",2019,10,7.4,38,7.67894736842105,7.12105263157895,6.25,6.875,7.54,19,19,4,8,30,4327,1907,2420,691,660,3667,7.28875356135891,7.86329836916623,6.83600275619835,6.85293777134588,7.18037710606061,7.3082595500409,84
"87",2019,11,7.29490909090909,55,7.9,6.5688,6.6125,7.3,7.29416666666667,30,25,8,7,48,4382,1937,2445,699,667,3715,7.28883082154267,7.86386679917398,6.83327062167689,6.85018597997139,7.18163251874063,7.30807746164199,85
"88",2019,12,7.15795454545455,44,7.6,6.90535714285714,6.575,7,7.16547619047619,16,28,10,2,42,4426,1953,2473,709,669,3757,7.28752974694984,7.8617050640041,6.83408680549939,6.84630465444288,7.18108952167414,7.30648330316742,86
"89",2020,1,7.05111111111111,45,7.22222222222222,6.93703703703704,6.71428571428571,8.16666666666667,6.97142857142857,18,27,7,3,42,4471,1971,2500,716,672,3799,7.28515022590024,7.85586503805175,6.835198668,6.84501396648045,7.18548941964286,7.30277909186628,87
"90",2020,2,7.23636363636364,44,7.47407407407407,6.85882352941176,7.3,6.82,7.28974358974359,27,17,4,5,39,4515,1998,2517,720,677,3838,7.28467478626799,7.8507057007007,6.83535823202225,6.84754166666667,7.1827900886263,7.30264663105784,88
"91",2020,3,6.92647058823529,34,7.60714285714286,6.45,6.33333333333333,5.66666666666667,7.04838709677419,14,20,6,3,31,4549,2012,2537,726,680,3869,7.28199750714443,7.84901092942346,6.83232032715806,6.84329201101928,7.17610130882353,7.30060940036185,89
"92",2020,4,7.302430625,32,8.09321,6.28571428571429,6,8.04,7.1658437037037,18,14,4,5,27,4581,2030,2551,730,685,3896,7.28214024012224,7.85117624137931,6.82932052920423,6.83867123287671,7.18240713868614,7.29967544917864,90
"93",2020,5,6.99827586206897,29,7.28214285714286,6.73333333333333,7.25,6.625,7.058,14,15,2,4,25,4610,2044,2566,732,689,3921,7.28035454229935,7.84727875244618,6.8287594193297,6.83979508196721,7.1791711030479,7.29813454475899,91
"94",2020,6,7.48269230769231,26,8.03571428571429,6.8375,6.16666666666667,7,7.52291666666667,14,12,3,2,24,4636,2058,2578,735,691,3945,7.28148930974978,7.84856062682216,6.82880010473235,6.83704761904762,7.17865251808973,7.29950204055767,92
"95",2020,7,7.45826086956522,23,8.01846153846154,6.73,6.2,7.16,7.54111111111111,13,10,4,5,18,4659,2071,2588,739,696,3963,7.28236197467267,7.84962712216321,6.8284183423493,6.83359945872801,7.17851852011495,7.30059943224829,93
"96",2020,8,7.04761904761905,21,7.5,6.3125,6.75,6,7.15789473684211,13,8,2,2,19,4680,2084,2596,741,698,3982,7.28130864102564,7.84744614683301,6.82682845531587,6.83337381916329,7.17514167621777,7.29991852084379,94
"97",2020,9,7.19,25,8.08333333333333,6.6875,5.375,7.33333333333333,7.17045454545455,9,16,4,3,22,4705,2093,2612,745,701,4004,7.28082347290117,7.84846047300526,6.82597498851455,6.82554362416107,7.17581867332383,7.29920718031968,95
"98",2020,10,7.29444444444444,36,7.82631578947368,6.7,6.33333333333333,7.5,7.28235294117647,19,17,3,2,34,4741,2112,2629,748,703,4038,7.28092690149757,7.84826125473485,6.82516039178395,6.82356951871658,7.17674095305833,7.29906526745914,96
"99",2020,11,7.16486486486486,37,8.08,6.08823529411765,6,7.64285714285714,7.05333333333333,20,17,2,7,30,4778,2132,2646,750,710,4068,7.28002813729594,7.8504351641651,6.82042580120937,6.82137333333333,7.18133646478874,7.29725308505408,97
"100",2020,12,6.81321428571429,28,7.577,6.38888888888889,6.625,6,6.84333333333333,10,18,4,1,27,4806,2142,2664,754,711,4095,7.27730845609654,7.84915862278245,6.81751001126126,6.82033156498674,7.17967495077356,7.2942602075702,98
"101",2021,1,7.23,30,7.54444444444444,6.75833333333333,6.125,7.125,7.24615384615385,18,12,4,4,26,4836,2160,2676,758,715,4121,7.27701497932175,7.84661933796296,6.81724464499252,6.81666226912929,7.17936907692308,7.29395669740354,99
"102",2021,2,7.0537037037037,27,7.68,6.27083333333333,6.3125,NA,7.0537037037037,15,12,4,0,27,4863,2175,2688,762,715,4148,7.27577512646514,7.84547023908046,6.81480530877976,6.8140157480315,7.17936907692308,7.29239285197685,100
"103",2021,3,7.3128,25,7.688,6.75,6.83333333333333,7.5,7.266,15,10,3,5,20,4888,2190,2698,765,720,4168,7.27596449263502,7.84439167579909,6.81456511119348,6.81409150326797,7.18159568055556,7.29226620681382,101
"104",2021,4,6.9872,25,7.59866666666667,6.07,6.5,7.05,6.9752380952381,15,10,4,4,21,4913,2205,2708,769,724,4189,7.27449510278852,7.84272007709751,6.81181560930576,6.8124577373212,7.18086863259669,7.29067690379565,102
"105",2021,5,7.04222222222222,18,7.55,6.4075,6.63333333333333,5,7.16235294117647,10,8,6,1,17,4931,2215,2716,775,725,4206,7.2736472196309,7.84139854176072,6.81062469440353,6.81107096774194,7.17786053793104,7.2901582382311,103
"106",2021,6,6.865,20,7.65,6.08,6,6.75714285714286,6.92307692307692,10,10,3,7,13,4951,2225,2726,778,732,4219,7.27199645324177,7.84053832359551,6.807944486427,6.80794344473008,7.17383728142077,7.28902715098364,104
"107",2021,7,7.23636363636364,22,7.5,6.97272727272727,6.66,6.65,7.295,11,11,5,2,20,4973,2236,2737,783,734,4239,7.27183881761512,7.83886304561717,6.80860674826452,6.80699872286079,7.17240993188011,7.28905533144609,105
"108",2021,8,7.09181818181818,22,7.68363636363636,6.5,5.33333333333333,8,7.04857142857143,11,11,3,1,21,4995,2247,2748,786,735,4260,7.27104593393393,7.83810314641745,6.80737142285298,6.80137404580153,7.17353590476191,7.28786984741784,106
"109",2021,9,6.83448275862069,29,6.94666666666667,6.71428571428571,5.5,6.1,6.88888888888889,15,14,1,2,27,5024,2262,2762,787,737,4287,7.26852596337579,7.83219176392573,6.80689959087618,6.79972045743329,7.1706226458616,7.28535702122696,107
"110",2021,10,7,13,7.17777777777778,6.6,6,6.25,7.13636363636364,9,4,3,2,11,5037,2271,2766,790,739,4298,7.26783292435973,7.82959831351827,6.8066003868402,6.7966835443038,7.16813110960758,7.28497569799907,108
"111",2021,11,7.05714285714286,35,7.17,6.90666666666667,7.525,7,7.06896551724138,20,15,4,6,29,5072,2291,2781,794,745,4327,7.26637902996845,7.8238401440419,6.80714011866235,6.80035264483627,7.16677703355705,7.28352797550266,109
"112",2021,12,6.96172413793103,29,7.22230769230769,6.75,7.2,7,6.96035714285714,13,16,5,1,28,5101,2304,2797,799,746,4355,7.26464701823172,7.82044608072917,6.80681325348588,6.8028535669587,7.16655347184987,7.2814501836969,110
"113",2022,1,7.05392307692308,39,7.67058823529412,6.57740909090909,6.57142857142857,6.4,7.15008823529412,17,22,7,5,34,5140,2321,2819,806,751,4389,7.26304814007782,7.8193484575614,6.80502294075913,6.80084367245658,7.16144992010653,7.28043257006151,111
"114",2022,2,7.60885714285714,35,7.89705882352941,7.33666666666667,6.25,7.1025,7.6741935483871,17,18,4,4,31,5175,2338,2837,810,755,4420,7.26538694492753,7.81991350299401,6.80839607684173,6.79812345679012,7.16113760264901,7.28319424208145,112
"115",2022,3,7.16692307692308,26,7.536875,6.575,5,7,7.19727272727273,16,10,1,4,22,5201,2354,2847,811,759,4442,7.2648947202461,7.8179897068819,6.80757628029505,6.79590628853268,7.16028839262187,7.28276869653309,113
"116",2022,4,7.37619047619048,21,7.59,7.18181818181818,10,8.05,7.30526315789474,10,11,1,2,19,5222,2364,2858,812,761,4461,7.26534229031022,7.81702528341794,6.80901667949615,6.79985221674877,7.16262666228647,7.28286450347455,114
"117",2022,5,7.34090909090909,22,7.23076923076923,7.5,4,NA,7.34090909090909,13,9,1,0,22,5244,2377,2867,813,761,4483,7.26565931350114,7.81381900294489,6.81118579351238,6.79640836408364,7.16262666228647,7.28314935311175,115
"118",2022,6,6.24305555555556,18,7.96,5.58269230769231,2.6,6,6.29166666666667,5,13,2,3,15,5262,2382,2880,815,764,4498,7.26216123907259,7.81412584802687,6.80564051041667,6.78611042944785,7.15806137434555,7.27984294130724,116
"119",2022,7,8.05,16,8.1,8,7,7,8.12,8,8,1,1,15,5278,2390,2888,816,765,4513,7.26454953391436,7.81508274895398,6.80894898545706,6.78637254901961,7.15785475816994,7.28263539773986,117
"120",2022,8,7.40714285714286,28,7.64705882352941,7.03636363636364,6.575,7.03333333333333,7.452,17,11,4,3,25,5306,2407,2899,820,768,4538,7.26530200527704,7.81389604071458,6.809811890307,6.78534146341463,7.15736834635417,7.2835684332305,118
"121",2022,9,6.86666666666667,15,7.44444444444444,6,NA,7.5,6.76923076923077,9,6,0,2,13,5321,2416,2905,820,770,4551,7.26417824469084,7.81251977235099,6.80813930120482,6.78534146341463,7.1582582987013,7.28209921995166,119
"122",2022,10,7.33333333333333,18,7.43333333333333,7.13333333333333,6.4,7.63333333333333,7.27333333333333,12,6,2,3,15,5339,2428,2911,822,773,4566,7.26441139539239,7.81064570428336,6.80880957402954,6.78440389294404,7.16010205692109,7.28207042268944,120
"123",2022,11,7.48585365853659,41,7.47391304347826,7.50111111111111,6.33333333333333,6.875,7.63393939393939,23,18,3,8,33,5380,2451,2929,825,781,4599,7.26609896654275,7.80748583027336,6.81306407306248,6.78276363636364,7.15718167733675,7.28459524896716,121
"124",2022,12,7.04047619047619,21,7.885,6.27272727272727,4,8.025,6.80882352941176,10,11,1,4,17,5401,2461,2940,826,785,4616,7.26522170709128,7.80780080048761,6.81104240476191,6.77939467312349,7.16160368152867,7.2828430567591,122
