"","year","month","avg_rating","no_ratings","avg_rating_owned","avg_rating_not_owned","avg_rating_prev_owned","avg_rating_comment","avg_rating_no_comment","no_ratings_owned","no_ratings_not_owned","no_ratings_prev_owned","no_ratings_comment","no_ratings_no_comment","cum_no_ratings","cum_no_ratings_owned","cum_no_ratings_not_owned","cum_no_ratings_prev_owned","cum_no_ratings_comment","cum_no_ratings_no_comment","cum_avg_rating","cum_avg_rating_owned","cum_avg_rating_not_owned","cum_avg_rating_prev_owned","cum_avg_rating_comment","cum_avg_rating_no_comment","month_after_release"
"1",2001,7,7,1,7,NA,NA,NA,7,1,0,0,0,1,1,1,0,0,0,1,7,7,NA,NA,NA,7,0
"2",2001,8,4,2,4,NA,NA,4,4,2,0,0,1,1,3,3,0,0,1,2,5,5,NA,NA,4,5.5,1
"3",2001,9,6,1,6,NA,NA,NA,6,1,0,0,0,1,4,4,0,0,1,3,5.25,5.25,NA,NA,4,5.66666666666667,2
"4",2001,10,5.5,2,3,8,NA,NA,5.5,1,1,0,0,2,6,5,1,0,1,5,5.33333333333333,4.8,8,NA,4,5.6,3
"5",2001,11,5.5,2,8,3,NA,3,8,1,1,0,1,1,8,6,2,0,2,6,5.375,5.33333333333333,5.5,NA,3.5,6,4
"6",2002,1,2,1,2,NA,NA,NA,2,1,0,0,0,1,9,7,2,0,2,7,5,4.85714285714286,5.5,NA,3.5,5.42857142857143,6
"7",2002,3,5,1,5,NA,NA,5,NA,1,0,0,1,0,10,8,2,0,3,7,5,4.875,5.5,NA,4,5.42857142857143,8
"8",2002,5,4.5,2,4.5,NA,NA,NA,4.5,2,0,0,0,2,12,10,2,0,3,9,4.91666666666667,4.8,5.5,NA,4,5.22222222222222,10
"9",2002,6,8.5,1,NA,8.5,NA,NA,8.5,0,1,0,0,1,13,10,3,0,3,10,5.19230769230769,4.8,6.5,NA,4,5.55,11
"10",2002,7,5.75,2,5.75,NA,NA,7.5,4,2,0,0,1,1,15,12,3,0,4,11,5.26666666666667,4.95833333333333,6.5,NA,4.875,5.40909090909091,12
"11",2002,8,4.66666666666667,3,4.5,5,NA,NA,4.66666666666667,2,1,0,0,3,18,14,4,0,4,14,5.16666666666667,4.89285714285714,6.125,NA,4.875,5.25,13
"12",2002,9,5,2,NA,5,5,5,NA,0,2,1,2,0,20,14,6,1,6,14,5.15,4.89285714285714,5.75,5,4.91666666666667,5.25,14
"13",2002,10,6,4,6,NA,NA,6.5,5.5,4,0,0,2,2,24,18,6,1,8,16,5.29166666666667,5.13888888888889,5.75,5,5.3125,5.28125,15
"14",2002,11,4.25,4,3.5,5,NA,3.5,5,2,2,0,2,2,28,20,8,1,10,18,5.14285714285714,4.975,5.5625,5,4.95,5.25,16
"15",2002,12,3,1,3,NA,NA,NA,3,1,0,0,0,1,29,21,8,1,10,19,5.06896551724138,4.88095238095238,5.5625,5,4.95,5.13157894736842,17
"16",2003,1,5,3,5,NA,NA,5,5,3,0,0,1,2,32,24,8,1,11,21,5.0625,4.89583333333333,5.5625,5,4.95454545454545,5.11904761904762,18
"17",2003,2,6,5,6,NA,NA,5,6.25,5,0,0,1,4,37,29,8,1,12,25,5.18918918918919,5.08620689655172,5.5625,5,4.95833333333333,5.3,19
"18",2003,3,6.5,2,7,6,NA,6,7,1,1,0,1,1,39,30,9,1,13,26,5.25641025641026,5.15,5.61111111111111,5,5.03846153846154,5.36538461538461,20
"19",2003,4,6.93333333333333,3,6.9,7,NA,NA,6.93333333333333,2,1,0,0,3,42,32,10,1,13,29,5.37619047619048,5.259375,5.75,5,5.03846153846154,5.52758620689655,21
"20",2003,5,4.8,5,6,3,NA,3,6,3,2,0,2,3,47,35,12,1,15,32,5.31489361702128,5.32285714285714,5.29166666666667,5,4.76666666666667,5.571875,22
"21",2003,6,6.125,8,6.57142857142857,3,NA,5.5,6.33333333333333,7,1,0,2,6,55,42,13,1,17,38,5.43272727272727,5.53095238095238,5.11538461538461,5,4.85294117647059,5.6921052631579,23
"22",2003,7,5.43333333333333,15,5.65,5,NA,6.16666666666667,4.94444444444444,10,5,0,6,9,70,52,18,1,23,47,5.43285714285714,5.55384615384615,5.08333333333333,5,5.19565217391304,5.54893617021277,24
"23",2003,8,5.16666666666667,6,5.16666666666667,NA,NA,NA,5.16666666666667,6,0,0,0,6,76,58,18,1,23,53,5.41184210526316,5.51379310344828,5.08333333333333,5,5.19565217391304,5.50566037735849,25
"24",2003,9,5.625,8,6.5,4.75,NA,8,5.28571428571429,4,4,0,1,7,84,62,22,1,24,60,5.43214285714286,5.57741935483871,5.02272727272727,5,5.3125,5.48,26
"25",2003,10,5.66666666666667,3,6,5.5,NA,NA,5.66666666666667,1,2,0,0,3,87,63,24,1,24,63,5.44022988505747,5.58412698412698,5.0625,5,5.3125,5.48888888888889,27
"26",2003,11,4.33333333333333,3,6,1,NA,NA,4.33333333333333,2,1,0,0,3,90,65,25,1,24,66,5.40333333333333,5.59692307692308,4.9,5,5.3125,5.43636363636364,28
"27",2003,12,6.625,4,7.75,5.5,NA,NA,6.625,2,2,0,0,4,94,67,27,1,24,70,5.45531914893617,5.66119402985075,4.94444444444444,5,5.3125,5.50428571428571,29
"28",2004,1,5.44444444444444,9,6.2,4.5,3,5,5.66666666666667,5,4,1,3,6,103,72,31,2,27,76,5.45436893203884,5.69861111111111,4.88709677419355,4,5.27777777777778,5.51710526315789,30
"29",2004,2,4.66666666666667,3,4.5,5,NA,NA,4.66666666666667,2,1,0,0,3,106,74,32,2,27,79,5.43207547169811,5.66621621621622,4.890625,4,5.27777777777778,5.48481012658228,31
"30",2004,3,3.85714285714286,7,4,3.5,NA,3.66666666666667,4,5,2,0,3,4,113,79,34,2,30,83,5.33451327433628,5.56075949367089,4.80882352941176,4,5.11666666666667,5.41325301204819,32
"31",2004,4,4.33333333333333,3,5.5,2,2,NA,4.33333333333333,2,1,1,0,3,116,81,35,3,30,86,5.30862068965517,5.55925925925926,4.72857142857143,3.33333333333333,5.11666666666667,5.37558139534884,33
"32",2004,5,4.25,4,4,4.5,6,NA,4.25,2,2,1,0,4,120,83,37,4,30,90,5.27333333333333,5.52168674698795,4.71621621621622,4,5.11666666666667,5.32555555555555,34
"33",2004,6,5,2,5,NA,NA,6,4,2,0,0,1,1,122,85,37,4,31,91,5.26885245901639,5.50941176470588,4.71621621621622,4,5.14516129032258,5.31098901098901,35
"34",2004,7,4.92857142857143,7,5.8,2.75,NA,4.375,5.66666666666667,5,2,0,4,3,129,90,39,4,35,94,5.25038759689923,5.52555555555556,4.61538461538461,4,5.05714285714286,5.32234042553191,36
"35",2004,8,4.83333333333333,6,6.66666666666667,3,4,4,5.66666666666667,3,3,1,3,3,135,93,42,5,38,97,5.23185185185185,5.56236559139785,4.5,4,4.97368421052632,5.33298969072165,37
"36",2004,9,5.875,8,6.5,4.83333333333333,NA,5,6.4,5,3,0,3,5,143,98,45,5,41,102,5.26783216783217,5.61020408163265,4.52222222222222,4,4.97560975609756,5.38529411764706,38
"37",2004,10,5.33333333333333,6,5.33333333333333,5.33333333333333,4,5,5.4,3,3,1,1,5,149,101,48,6,42,107,5.27046979865772,5.6019801980198,4.57291666666667,4,4.97619047619048,5.38598130841121,39
"38",2004,11,5.64285714285714,7,5.3,6.5,NA,5,5.75,5,2,0,1,6,156,106,50,6,43,113,5.28717948717949,5.5877358490566,4.65,4,4.97674418604651,5.40530973451327,40
"39",2004,12,5.5,4,5.5,NA,NA,4.66666666666667,8,4,0,0,3,1,160,110,50,6,46,114,5.2925,5.58454545454545,4.65,4,4.95652173913044,5.4280701754386,41
"40",2005,1,4.11538461538461,13,5,2.7,4,4.1,4.125,8,5,1,5,8,173,118,55,7,51,122,5.20404624277457,5.54491525423729,4.47272727272727,4,4.87254901960784,5.34262295081967,42
"41",2005,2,5.14285714285714,7,5.6,4,NA,4,5.33333333333333,5,2,0,1,6,180,123,57,7,52,128,5.20166666666667,5.54715447154472,4.45614035087719,4,4.85576923076923,5.3421875,43
"42",2005,3,5.9,6,6.33333333333333,5.46666666666667,5.7,NA,5.9,3,3,2,0,6,186,126,60,9,52,134,5.2241935483871,5.56587301587302,4.50666666666667,4.37777777777778,4.85576923076923,5.36716417910448,44
"43",2005,4,4.25,4,4.25,NA,NA,NA,4.25,4,0,0,0,4,190,130,60,9,52,138,5.20368421052632,5.52538461538462,4.50666666666667,4.37777777777778,4.85576923076923,5.33478260869565,45
"44",2005,5,5.6,5,5.66666666666667,5.5,NA,5.75,5,3,2,0,4,1,195,133,62,9,56,139,5.21384615384615,5.52857142857143,4.53870967741935,4.37777777777778,4.91964285714286,5.33237410071942,46
"45",2005,6,5.625,12,5.64285714285714,5.6,5.5,4.58333333333333,6.66666666666667,7,5,2,6,6,207,140,67,11,62,145,5.23768115942029,5.53428571428571,4.61791044776119,4.58181818181818,4.88709677419355,5.38758620689655,47
"46",2005,7,5.20833333333333,12,5.25,5,NA,4.5,5.91666666666667,10,2,0,6,6,219,150,69,11,68,151,5.23607305936073,5.51533333333333,4.62898550724638,4.58181818181818,4.85294117647059,5.40860927152318,48
"47",2005,8,4.35,10,4.5,4.2,3,NA,4.35,5,5,1,0,10,229,155,74,12,68,161,5.19737991266376,5.48258064516129,4.6,4.45,4.85294117647059,5.34285714285714,49
"48",2005,9,5.4,10,5.57142857142857,5,5,5,5.57142857142857,7,3,1,3,7,239,162,77,13,71,168,5.20585774058577,5.48641975308642,4.61558441558441,4.49230769230769,4.85915492957747,5.35238095238095,50
"49",2005,10,5.20833333333333,12,6.07142857142857,4,4,4,5.31818181818182,7,5,1,1,11,251,169,82,14,72,179,5.20597609561753,5.51065088757396,4.5780487804878,4.45714285714286,4.84722222222222,5.35027932960894,51
"50",2005,11,5.56,5,7.5,4.26666666666667,NA,6.5,4.93333333333333,2,3,0,2,3,256,171,85,14,74,182,5.212890625,5.53391812865497,4.56705882352941,4.45714285714286,4.89189189189189,5.34340659340659,52
"51",2005,12,5.05,10,5.5,4,4.5,5.5,4.85714285714286,7,3,2,3,7,266,178,88,16,77,189,5.20676691729323,5.53258426966292,4.54772727272727,4.4625,4.91558441558442,5.32539682539683,53
"52",2006,1,5.11764705882353,17,5.36363636363636,4.66666666666667,6,4.66666666666667,5.36363636363636,11,6,1,6,11,283,189,94,17,83,200,5.20141342756184,5.52275132275132,4.55531914893617,4.55294117647059,4.89759036144578,5.3275,54
"53",2006,2,4.78571428571429,7,4.91666666666667,4,NA,4,4.91666666666667,6,1,0,1,6,290,195,95,17,84,206,5.19137931034483,5.50410256410257,4.54947368421052,4.55294117647059,4.88690476190476,5.31553398058252,55
"54",2006,3,4.79166666666667,12,4.94444444444444,4.33333333333333,4,5.25,4.5625,9,3,1,4,8,302,204,98,18,88,214,5.17549668874172,5.47941176470588,4.54285714285714,4.52222222222222,4.90340909090909,5.28738317757009,56
"55",2006,4,4.2,10,4.875,1.5,NA,3.4,5,8,2,0,5,5,312,212,100,18,93,219,5.14423076923077,5.45660377358491,4.482,4.52222222222222,4.82258064516129,5.28082191780822,57
"56",2006,5,5.56666666666667,9,6.35,4,NA,5.4,5.7,6,3,0,4,5,321,218,103,18,97,224,5.15607476635514,5.48119266055046,4.46796116504854,4.52222222222222,4.84639175257732,5.29017857142857,58
"57",2006,6,5.57142857142857,7,5.57142857142857,NA,NA,6,5.4,7,0,0,2,5,328,225,103,18,99,229,5.16493902439024,5.484,4.46796116504854,4.52222222222222,4.86969696969697,5.29257641921397,59
"58",2006,7,5.19047619047619,21,5.16666666666667,5.22222222222222,4,5,5.2,12,9,1,1,20,349,237,112,19,100,249,5.16647564469914,5.46793248945148,4.52857142857143,4.49473684210526,4.871,5.285140562249,60
"59",2006,8,5.45,10,5.21428571428571,6,5.5,4.66666666666667,5.78571428571429,7,3,2,3,7,359,244,115,21,103,256,5.17437325905292,5.46065573770492,4.56695652173913,4.59047619047619,4.86504854368932,5.298828125,61
"60",2006,9,5.15454545454545,11,5.61666666666667,4.6,6,4.25,6.24,6,5,1,6,5,370,250,120,22,109,261,5.17378378378378,5.4644,4.56833333333333,4.65454545454546,4.83119266055046,5.31685823754789,62
"61",2006,10,5.72727272727273,11,5.875,5.33333333333333,NA,5.975,5.58571428571429,8,3,0,4,7,381,258,123,22,113,268,5.18976377952756,5.47713178294574,4.5869918699187,4.65454545454546,4.8716814159292,5.32388059701493,63
"62",2006,11,5.5,6,5.8,4,NA,5,5.6,5,1,0,1,5,387,263,124,22,114,273,5.19457364341085,5.48326996197719,4.58225806451613,4.65454545454546,4.87280701754386,5.32893772893773,64
"63",2006,12,5.1,20,5.33333333333333,3,3,5,5.11111111111111,18,2,1,2,18,407,281,126,23,116,291,5.18992628992629,5.47366548042705,4.55714285714286,4.58260869565217,4.875,5.31546391752577,65
"64",2007,1,5.02,25,5.64705882352941,3.6875,NA,3.94444444444444,5.625,17,8,0,9,16,432,298,134,23,125,307,5.18009259259259,5.48355704697987,4.50522388059701,4.58260869565217,4.808,5.33159609120521,66
"65",2007,2,5.11111111111111,9,5,5.33333333333333,4,4.5,5.6,6,3,1,4,5,441,304,137,24,129,312,5.17868480725623,5.47401315789474,4.52335766423358,4.55833333333333,4.7984496124031,5.33589743589744,67
"66",2007,3,4.73846153846154,13,5.325,3.8,NA,4,4.87272727272727,8,5,0,2,11,454,312,142,24,131,323,5.16607929515418,5.47019230769231,4.49788732394366,4.55833333333333,4.78625954198473,5.32012383900929,68
"67",2007,4,4.70588235294118,17,5.5,3.57142857142857,5,4.75,4.66666666666667,10,7,1,8,9,471,322,149,25,139,332,5.14946921443737,5.47111801242236,4.45436241610738,4.576,4.7841726618705,5.30240963855422,69
"68",2007,5,5,10,5,5,5,5,5,7,3,1,4,6,481,329,152,26,143,338,5.14636174636175,5.46109422492401,4.46513157894737,4.59230769230769,4.79020979020979,5.29704142011834,70
"69",2007,6,5,7,6.2,2,NA,6.25,3.33333333333333,5,2,0,4,3,488,334,154,26,147,341,5.14426229508197,5.47215568862275,4.43311688311688,4.59230769230769,4.82993197278912,5.27976539589443,71
"70",2007,7,5.43076923076923,13,5.87142857142857,4.91666666666667,5,NA,5.43076923076923,7,6,1,0,13,501,341,160,27,147,354,5.15169660678643,5.48035190615836,4.45125,4.60740740740741,4.82993197278912,5.28531073446328,72
"71",2007,8,5.47619047619048,21,5.57142857142857,5.28571428571429,3,6,5.38888888888889,14,7,1,3,18,522,355,167,28,150,372,5.16475095785441,5.48394366197183,4.48622754491018,4.55,4.85333333333333,5.29032258064516,73
"72",2007,9,5.67391304347826,23,5.8125,5.35714285714286,6,5.5,5.76666666666667,16,7,2,8,15,545,371,174,30,158,387,5.18623853211009,5.49811320754717,4.52126436781609,4.64666666666667,4.88607594936709,5.30878552971576,74
"73",2007,10,4.42857142857143,14,5.07142857142857,3.78571428571429,4.5,3.83333333333333,4.875,7,7,2,6,8,559,378,181,32,164,395,5.16726296958855,5.49021164021164,4.49281767955801,4.6375,4.84756097560976,5.3,75
"74",2007,11,5.17692307692308,13,5.1,5.43333333333333,NA,4.625,5.42222222222222,10,3,0,4,9,572,388,184,32,168,404,5.16748251748252,5.48015463917526,4.50815217391304,4.6375,4.84226190476191,5.30272277227723,76
"75",2007,12,4.93478260869565,23,5.35714285714286,4.27777777777778,4.5,4.67857142857143,5.33333333333333,14,9,2,14,9,595,402,193,34,182,413,5.15848739495798,5.47587064676617,4.49740932642487,4.62941176470588,4.82967032967033,5.30338983050848,77
"76",2008,1,5.13783783783784,37,5.41428571428571,4.27777777777778,7,5.34615384615385,5.025,28,9,1,13,24,632,430,202,35,195,437,5.15727848101266,5.47186046511628,4.48762376237624,4.69714285714286,4.86410256410256,5.28810068649886,78
"77",2008,2,6.21153846153846,13,7.08333333333333,4.25,NA,6.05,6.3125,9,4,0,5,8,645,439,206,35,200,445,5.17852713178295,5.50489749430524,4.48300970873786,4.69714285714286,4.89375,5.30651685393258,79
"78",2008,3,5.7625,8,6.18333333333333,4.5,6,5.1,5.85714285714286,6,2,1,1,7,653,445,208,36,201,452,5.18568147013782,5.51404494382022,4.48317307692307,4.73333333333333,4.89477611940299,5.31504424778761,80
"79",2008,4,5.38461538461539,13,5.38461538461539,NA,NA,5.64285714285714,5.08333333333333,13,0,0,7,6,666,458,208,36,208,458,5.18956456456456,5.5103711790393,4.48317307692307,4.73333333333333,4.91995192307692,5.31200873362445,81
"80",2008,5,5.55,20,5.40625,6.125,NA,5.5,5.6,16,4,0,10,10,686,474,212,36,218,468,5.20007288629738,5.50685654008439,4.51415094339622,4.73333333333333,4.94655963302752,5.31816239316239,82
"81",2008,6,5.29411764705882,17,5.7,4.71428571428571,5.5,5.2,5.33333333333333,10,7,2,5,12,703,484,219,38,223,480,5.20234708392603,5.51084710743802,4.52054794520548,4.77368421052632,4.95224215246637,5.31854166666667,83
"82",2008,7,4.61538461538461,26,5.1,3.95454545454545,4.75,4.20833333333333,4.96428571428571,15,11,4,12,14,729,499,230,42,235,494,5.18141289437586,5.49849699398797,4.49347826086956,4.77142857142857,4.91425531914894,5.3085020242915,84
"83",2008,8,4.90526315789474,19,5.20833333333333,4.38571428571429,4.25,4.91666666666667,4.9,12,7,4,6,13,748,511,237,46,241,507,5.17439839572193,5.49168297455969,4.49029535864979,4.72608695652174,4.9143153526971,5.29802761341223,85
"84",2008,9,6.04166666666667,12,6.5625,5,6,5,6.5625,8,4,1,4,8,760,519,241,47,245,515,5.18809210526316,5.50818882466281,4.49875518672199,4.7531914893617,4.91571428571429,5.31766990291262,86
"85",2008,10,5.36111111111111,18,5.58333333333333,4.91666666666667,6,5.55555555555556,5.16666666666667,12,6,3,9,9,778,531,247,50,254,524,5.19209511568123,5.50988700564972,4.50890688259109,4.828,4.93838582677165,5.31507633587786,87
"86",2008,11,4.75,14,4.95,4.25,6,4,4.875,10,4,1,2,12,792,541,251,51,256,536,5.1842803030303,5.49953789279113,4.50478087649402,4.85098039215686,4.9310546875,5.30522388059701,88
"87",2008,12,5.67142857142857,21,6.09166666666667,5.11111111111111,5.4,5.8,5.63125,12,9,5,5,16,813,553,260,56,261,552,5.19686346863469,5.5123869801085,4.52576923076923,4.9,4.94770114942529,5.31467391304348,89
"88",2009,1,5.43666666666667,30,5.50454545454545,5.25,4.5,4.83333333333333,5.5037037037037,22,8,2,3,27,843,575,268,58,264,579,5.20539739027284,5.51208695652174,4.54738805970149,4.88620689655172,4.94640151515152,5.32348877374784,90
"89",2009,2,5,10,5.11111111111111,4,NA,4.33333333333333,5.28571428571429,9,1,0,3,7,853,584,269,58,267,586,5.20298944900352,5.50590753424657,4.5453531598513,4.88620689655172,4.93951310861423,5.32303754266211,91
"90",2009,3,5.02380952380952,21,5.86363636363636,4.1,4,4.9375,5.07692307692308,11,10,2,8,13,874,595,279,60,275,599,5.19868421052632,5.51252100840336,4.52939068100358,4.85666666666667,4.93945454545455,5.31769616026711,92
"91",2009,4,5.21666666666667,15,5.36111111111111,5,NA,5.1875,5.22727272727273,9,6,0,4,11,889,604,285,60,279,610,5.19898762654668,5.51026490066225,4.53929824561403,4.85666666666667,4.94301075268817,5.31606557377049,93
"92",2009,5,4.75,16,5.45454545454545,3.2,3,2.33333333333333,5.30769230769231,11,5,2,3,13,905,615,290,62,282,623,5.19104972375691,5.50926829268293,4.51620689655172,4.79677419354839,4.91524822695036,5.31589085072231,94
"93",2009,6,5.34210526315789,19,6.65,3.88888888888889,4,5.85714285714286,5.04166666666667,10,9,5,7,12,924,625,299,67,289,635,5.19415584415585,5.52752,4.49732441471572,4.73731343283582,4.93806228373702,5.31070866141732,95
"94",2009,7,5.01818181818182,33,5.26470588235294,4.75625,4.37142857142857,4.28571428571429,5.21538461538462,17,16,7,7,26,957,642,315,74,296,661,5.18808777429467,5.52056074766355,4.51047619047619,4.7027027027027,4.92263513513514,5.30695915279879,96
"95",2009,8,5.46666666666667,15,5.57142857142857,5.375,5.5,5.5,5.46153846153846,7,8,2,2,13,972,649,323,76,298,674,5.19238683127572,5.5211093990755,4.53188854489164,4.72368421052632,4.92651006711409,5.30994065281899,97
"96",2009,9,5.40625,16,5.34615384615385,5.66666666666667,8,4.625,5.66666666666667,13,3,1,4,12,988,662,326,77,302,686,5.19585020242915,5.51767371601208,4.54233128834356,4.76623376623377,4.92251655629139,5.31618075801749,98
"97",2009,10,4.9375,16,5.46428571428571,4.52777777777778,5.375,5,4.92307692307692,7,9,2,3,13,1004,669,335,79,305,699,5.19173306772909,5.51711509715994,4.54194029850746,4.78164556962025,4.92327868852459,5.30886981402003,99
"98",2009,11,5.30588235294118,17,6.07777777777778,4.4375,3,3.64285714285714,6.47,9,8,1,7,10,1021,678,343,80,312,709,5.19363369245838,5.52455752212389,4.53950437317784,4.759375,4.89455128205128,5.32524682651622,100
"99",2009,12,4.88620689655172,29,5.43809523809524,3.4375,NA,4.5,4.948,21,8,0,4,25,1050,699,351,80,316,734,5.18514285714286,5.52195994277539,4.51438746438746,4.759375,4.88955696202532,5.31239782016349,101
"100",2010,1,5.71,30,6.2047619047619,4.55555555555556,3.75,4.7625,6.05454545454545,21,9,4,8,22,1080,720,360,84,324,756,5.19972222222222,5.541875,4.51541666666667,4.71130952380952,4.88641975308642,5.33399470899471,102
"101",2010,2,5.10227272727273,22,5.58333333333333,4.07142857142857,4,4.66666666666667,5.265625,15,7,1,6,16,1102,735,367,85,330,772,5.19777676950998,5.54272108843537,4.50694822888283,4.70294117647059,4.88242424242424,5.33257772020725,103
"102",2010,3,5.55333333333333,15,5.69166666666667,5,4,4.5,5.71538461538462,12,3,1,2,13,1117,747,370,86,332,785,5.202551477171,5.54511378848728,4.51094594594595,4.69476744186047,4.88012048192771,5.33891719745223,104
"103",2010,4,5.6,15,5.9,5,4,5.6,5.6,10,5,1,5,10,1132,757,375,87,337,795,5.20781802120142,5.54980184940555,4.51746666666667,4.6867816091954,4.89080118694362,5.34220125786163,105
"104",2010,5,5.26470588235294,17,5.15,5.42857142857143,NA,5,5.3,10,7,0,2,15,1149,767,382,87,339,810,5.20865970409051,5.54458930899609,4.53416230366492,4.6867816091954,4.89144542772861,5.34141975308642,106
"105",2010,6,4.97692307692308,13,4.72222222222222,5.55,NA,3.33333333333333,5.47,9,4,0,3,10,1162,776,386,87,342,820,5.20606712564544,5.53505154639175,4.54468911917098,4.6867816091954,4.87777777777778,5.34298780487805,107
"106",2010,7,5.38461538461539,13,5.6,4.66666666666667,NA,5.5,5.36363636363636,10,3,0,2,11,1175,786,389,87,344,831,5.20804255319149,5.53587786259542,4.54562982005141,4.6867816091954,4.88139534883721,5.34326113116727,108
"107",2010,8,4.86666666666667,15,5.20909090909091,3.925,2,4.4,5.1,11,4,1,5,10,1190,797,393,88,349,841,5.20373949579832,5.53136762860728,4.53931297709924,4.65625,4.87449856733524,5.34036860879905,109
"108",2010,9,5.25,14,5.88888888888889,4.1,NA,5.25,5.25,9,5,0,4,10,1204,806,398,88,353,851,5.20427740863788,5.53535980148883,4.53379396984925,4.65625,4.87875354107649,5.33930669800235,110
"109",2010,10,6.16666666666667,6,6.2,6,6,9,5.6,5,1,1,1,5,1210,811,399,89,354,856,5.20904958677686,5.53945745992602,4.5374686716792,4.67134831460674,4.89039548022599,5.34082943925233,111
"110",2010,11,5.75,20,6.54545454545455,4.77777777777778,4,10,5.52631578947368,11,9,1,1,19,1230,822,408,90,355,875,5.21784552845529,5.5529197080292,4.54276960784314,4.66388888888889,4.90478873239437,5.34485714285714,112
"111",2010,12,4.62,25,5.53333333333333,3.25,3.5,3.3,4.95,15,10,2,5,20,1255,837,418,92,360,895,5.20593625498008,5.55256869772999,4.51184210526316,4.63858695652174,4.8825,5.33603351955307,113
"112",2011,1,5.64848484848485,33,5.696,5.5,5,6.08,5.57142857142857,25,8,4,5,28,1288,862,426,96,365,923,5.2172748447205,5.55672853828306,4.53039906103286,4.65364583333333,4.89890410958904,5.3431744312026,114
"113",2011,2,5.10967741935484,31,5.7125,4.46666666666667,4.25,4.5,5.32173913043478,16,15,4,8,23,1319,878,441,100,373,946,5.2147460197119,5.55956719817768,4.52823129251701,4.6375,4.89034852546917,5.3426532769556,115
"114",2011,3,5.524375,16,6.07416666666667,3.875,5,5.75,5.49214285714286,12,4,1,2,14,1335,890,445,101,375,960,5.21845692883895,5.56650561797753,4.5223595505618,4.64108910891089,4.89493333333333,5.34483333333333,116
"115",2011,4,5.36647058823529,17,6,4.65375,7,5.65375,5.11111111111111,9,8,1,8,9,1352,899,453,102,383,969,5.22031804733728,5.57084538375973,4.52467991169978,4.66421568627451,4.91078328981723,5.34266253869969,117
"116",2011,5,5.28571428571429,14,6.11111111111111,3.8,4,7.5,4.91666666666667,9,5,1,2,12,1366,908,458,103,385,981,5.22098828696926,5.57620044052863,4.51676855895196,4.65776699029126,4.92423376623377,5.33745158002039,118
"117",2011,6,5.52631578947368,19,6.22222222222222,4.9,5,5.66666666666667,5.5,9,10,2,3,16,1385,917,468,105,388,997,5.22517689530686,5.58254089422028,4.52495726495726,4.66428571428571,4.92997422680412,5.34006018054162,119
"118",2011,7,5.57142857142857,14,6.15,4.125,4,5,5.72727272727273,10,4,2,3,11,1399,927,472,107,391,1008,5.22864188706219,5.58866235167206,4.52156779661017,4.65186915887851,4.93051150895141,5.34428571428571,120
"119",2011,8,5.7875,20,5.97916666666667,5.5,4.5,6.10714285714286,5.61538461538461,12,8,3,7,13,1419,939,480,110,398,1021,5.23651867512333,5.59365282215122,4.537875,4.64772727272727,4.95120603015075,5.3477375122429,121
"120",2011,9,5.1,15,5.05555555555556,5.16666666666667,5.5,5.2,5.05,9,6,2,5,10,1434,948,486,112,403,1031,5.23509065550907,5.58854430379747,4.5456378600823,4.66294642857143,4.95429280397022,5.34484966052376,122
"121",2011,10,5.15625,16,5.61111111111111,4.57142857142857,3.5,4.5,5.25,9,7,2,2,14,1450,957,493,114,405,1045,5.23422068965518,5.5887565308255,4.54600405679513,4.64254385964912,4.95204938271605,5.34357894736842,123
"122",2011,11,6.0625,24,6.44736842105263,4.6,5,5.75,6.16666666666667,19,5,2,6,18,1474,976,498,116,411,1063,5.24770691994573,5.60547131147541,4.54654618473896,4.64870689655172,4.96369829683698,5.35751646284101,124
"123",2011,12,5.06190476190476,21,5.42,4.16666666666667,4.5,4.5,5.12105263157895,15,6,2,2,19,1495,991,504,118,413,1082,5.24509698996656,5.60266397578204,4.54202380952381,4.64618644067797,4.96145278450363,5.35336414048059,125
"124",2012,1,5.57142857142857,28,6.11764705882353,4.72727272727273,6,4,5.91304347826087,17,11,2,5,23,1523,1008,515,120,418,1105,5.25109652002627,5.61134920634921,4.54598058252427,4.66875,4.94995215311005,5.36501357466063,126
"125",2012,2,5.52916666666667,24,6.08,4.61111111111111,4,5.25,5.62222222222222,15,9,3,6,18,1547,1023,524,123,424,1123,5.25541047188106,5.61822091886608,4.54709923664122,4.65243902439024,4.95419811320755,5.36913624220837,127
"126",2012,3,5.61764705882353,17,5.71428571428571,5.16666666666667,NA,5.41666666666667,5.72727272727273,14,3,0,6,11,1564,1037,527,123,430,1134,5.25934782608696,5.61951783992285,4.55062618595825,4.65243902439024,4.9606511627907,5.37261022927689,128
"127",2012,4,6.16666666666667,9,6.0625,7,NA,NA,6.16666666666667,8,1,0,0,9,1573,1045,528,123,430,1143,5.26453909726637,5.62290909090909,4.55526515151515,4.65243902439024,4.9606511627907,5.37886264216973,129
"128",2012,5,5.35576923076923,26,5.6375,4.41666666666667,4.5,4,5.46875,20,6,4,2,24,1599,1065,534,127,432,1167,5.2660225140713,5.62318309859155,4.55370786516854,4.64763779527559,4.9562037037037,5.38071122536418,130
"129",2012,6,5.25217391304348,23,5.92,4,4.4,3,5.46666666666667,15,8,5,2,21,1622,1080,542,132,434,1188,5.2658261405672,5.62730555555556,4.54553505535055,4.63825757575758,4.94718894009217,5.38223063973064,131
"130",2012,7,5.36,13,5.84,3.76,NA,4.83333333333333,5.518,10,3,0,3,10,1635,1090,545,132,437,1198,5.2665749235474,5.62925688073394,4.54121100917431,4.63825757575758,4.94640732265446,5.38336393989983,132
"131",2012,8,5.5625,16,5.83333333333333,5.21428571428571,8,8,5.4,9,7,1,1,15,1651,1099,552,133,438,1213,5.26944276196245,5.63092811646952,4.54974637681159,4.66353383458647,4.95337899543379,5.38356966199505,133
"132",2012,9,5.02777777777778,27,5.80882352941176,3.7,3.5,3.95,5.27272727272727,17,10,2,5,22,1678,1116,562,135,443,1235,5.26555423122766,5.63363799283154,4.53462633451957,4.6462962962963,4.94205417607223,5.3815951417004,134
"133",2012,10,5.35,20,5.5,5.125,5.75,5.5,5.28571428571429,12,8,4,6,14,1698,1128,570,139,449,1249,5.26654888103652,5.63221631205674,4.54291228070175,4.67805755395683,4.94951002227171,5.38052041633306,135
"134",2012,11,5.3,15,5.5625,5,6,6,5.19230769230769,8,7,1,2,13,1713,1136,577,140,451,1262,5.26684179801518,5.63172535211268,4.5484575389948,4.6875,4.95416851441242,5.37858161648177,136
"135",2012,12,5.70769230769231,26,6.21666666666667,4.5625,NA,4.4,6.1,18,8,0,6,20,1739,1154,585,140,457,1282,5.27343300747556,5.64084922010399,4.54864957264957,4.6875,4.94689277899344,5.38983619344774,137
"136",2013,1,5.38709677419355,31,6.04347826086957,3.5,5,4.38,5.58076923076923,23,8,1,5,26,1770,1177,593,141,462,1308,5.27542372881356,5.64871707731521,4.53450252951096,4.68971631205674,4.94075757575758,5.39363149847095,138
"137",2013,2,5.62307692307692,13,5.6,5.7,6.1,5,5.675,10,3,1,1,12,1783,1187,596,142,463,1320,5.27795849691531,5.64830665543387,4.54036912751678,4.69964788732394,4.94088552915767,5.39618939393939,139
"138",2013,3,5.38095238095238,21,5.78571428571429,4.57142857142857,4.66666666666667,4.75,5.52941176470588,14,7,3,4,17,1804,1201,603,145,467,1337,5.27915742793792,5.64990840965862,4.54072968490879,4.69896551724138,4.93925053533191,5.39788332086761,140
"139",2013,4,5.51818181818182,22,5.67058823529412,5,5,4.75,5.595,17,5,2,2,20,1826,1218,608,147,469,1357,5.28203723986857,5.65019704433497,4.54450657894737,4.7030612244898,4.93844349680171,5.40078850405306,141
"140",2013,5,5.30681818181818,22,5.51923076923077,5,5.6,4.5,5.48611111111111,13,9,5,4,18,1848,1231,617,152,473,1375,5.28233225108225,5.64881397238018,4.55115072933549,4.73256578947368,4.93473572938689,5.40190545454545,142
"141",2013,6,5.26388888888889,18,5.51923076923077,4.6,4,4.75,5.36666666666667,13,5,1,3,15,1866,1244,622,153,476,1390,5.28215434083602,5.64745980707395,4.55154340836013,4.72777777777778,4.93357142857143,5.40152517985611,143
"142",2013,7,5.22413793103448,29,5.67647058823529,4.58333333333333,4.8,5,5.325,17,12,10,9,20,1895,1261,634,163,485,1410,5.28126649076517,5.64785091197462,4.55214511041009,4.73220858895705,4.93480412371134,5.40043971631206,144
"143",2013,8,4.98846153846154,26,5.55882352941176,3.91111111111111,4.2,6,4.948,17,9,1,1,25,1921,1278,643,164,486,1435,5.27730348776679,5.64666666666667,4.54317262830482,4.72896341463415,4.93699588477366,5.3925574912892,145
"144",2013,9,5.65625,32,5.83333333333333,4.7,3.5,4.5,5.87037037037037,27,5,1,5,27,1953,1305,648,165,491,1462,5.28351254480287,5.65052873563218,4.54438271604938,4.72151515151515,4.93254582484725,5.40138166894665,146
"145",2013,10,5.12333333333333,15,5.5625,4.62142857142857,NA,5.33333333333333,5.07083333333333,8,7,0,3,12,1968,1313,655,165,494,1474,5.28229166666667,5.64999238385377,4.54520610687023,4.72151515151515,4.93497975708502,5.39869063772049,147
"146",2013,11,5.22413793103448,29,5.5,4.35714285714286,4,5,5.26,22,7,1,4,25,1997,1335,662,166,498,1499,5.28144717075614,5.64752059925094,4.54321752265861,4.7171686746988,4.93550200803213,5.3963775850567,148
"147",2013,12,5.52142857142857,35,5.6875,4.85714285714286,6,4.75,5.65,28,7,1,5,30,2032,1363,669,167,503,1529,5.28558070866142,5.64834189288334,4.54650224215247,4.7248502994012,4.93365805168986,5.40135382603008,149
"148",2014,1,5.4330985915493,71,5.62589285714286,4.71333333333333,5.66666666666667,4.60666666666667,5.65446428571429,56,15,3,15,56,2103,1419,684,170,518,1585,5.29056110318593,5.64745595489781,4.55016081871345,4.74147058823529,4.92418918918919,5.41029652996845,150
"149",2014,2,4.2962962962963,27,4.94444444444444,3,3.25,3.5,4.52380952380952,18,9,4,6,21,2130,1437,693,174,524,1606,5.27795774647888,5.63864996520529,4.53002886002886,4.70718390804598,4.90788167938931,5.39870485678705,151
"150",2014,3,5.17142857142857,21,5.4,4.6,4.5,4.3,5.26315789473684,15,6,2,2,19,2151,1452,699,176,526,1625,5.27691771269177,5.63618457300276,4.53062947067239,4.70482954545455,4.90557034220532,5.39712,152
"151",2014,4,5.81818181818182,22,6.21875,4.75,4.5,5.66666666666667,5.84210526315789,16,6,1,3,19,2173,1468,705,177,529,1644,5.28239760699494,5.6425340599455,4.53249645390071,4.70367231638418,4.90988657844991,5.40226277372263,153
"152",2014,5,5.65294117647059,17,5.72142857142857,5.33333333333333,NA,5.16666666666667,5.75714285714286,14,3,0,3,14,2190,1482,708,177,532,1658,5.28527397260274,5.64327935222672,4.53588983050847,4.70367231638418,4.91133458646617,5.40525934861279,154
"153",2014,6,5.62105263157895,19,5.77142857142857,5.2,5,6.25,5.54705882352941,14,5,1,2,17,2209,1496,713,178,534,1675,5.28816206428248,5.64447860962567,4.54054698457223,4.70533707865169,4.91634831460674,5.40669850746268,155
"154",2014,7,4.88,25,5.90909090909091,4.07142857142857,4.33333333333333,3.92857142857143,5.25,11,14,6,7,18,2234,1507,727,184,541,1693,5.28359444941809,5.6464100862641,4.53151306740027,4.69320652173913,4.9035674676525,5.40503248670998,156
"155",2014,8,5.39666666666667,30,5.76818181818182,4.375,5,5.9,5.296,22,8,2,5,25,2264,1529,735,186,546,1718,5.28509275618375,5.64816219751472,4.52980952380952,4.69650537634409,4.91269230769231,5.40344586728754,157
"156",2014,9,5.76190476190476,21,6.14285714285714,5,4,6.25,5.64705882352941,14,7,1,4,17,2285,1543,742,187,550,1735,5.28947483588622,5.65265068049255,4.53424528301887,4.6927807486631,4.92241818181818,5.40583285302593,158
"157",2014,10,5.17647058823529,34,5.39655172413793,3.9,NA,5.7,5.08620689655172,29,5,0,5,29,2319,1572,747,187,555,1764,5.28781802501078,5.6479262086514,4.53,4.6927807486631,4.92942342342342,5.40057823129252,159
"158",2014,11,5.31666666666667,24,5.65,4.31666666666667,4,5.4,5.29473684210526,18,6,1,5,19,2343,1590,753,188,560,1783,5.28811352966283,5.64794968553459,4.52830013280212,4.68909574468085,4.933625,5.39945036455412,160
"159",2014,12,5.72432432432432,37,5.812,5.54166666666667,6,6.76666666666667,5.63235294117647,25,12,2,3,34,2380,1615,765,190,563,1817,5.2948949579832,5.65048916408669,4.54419607843137,4.70289473684211,4.94339253996448,5.40380847550908,161
"160",2015,1,5.90340909090909,44,6.33571428571429,4.22222222222222,NA,4.5,6.04375,35,9,0,4,40,2424,1650,774,190,567,1857,5.30594059405941,5.66502424242424,4.54045219638243,4.70289473684211,4.94026455026455,5.4175928917609,162
"161",2015,2,5.20714285714286,42,5.37714285714286,4.35714285714286,6,4.625,5.34411764705882,35,7,1,8,34,2466,1685,781,191,575,1891,5.30425790754258,5.65904451038576,4.53880921895006,4.70968586387435,4.93587826086957,5.4162718138551,163
"162",2015,3,5.26470588235294,34,5.71739130434783,4.31818181818182,4.33333333333333,5.33333333333333,5.25806451612903,23,11,3,3,31,2500,1708,792,194,578,1922,5.30372,5.65983021077284,4.53574494949495,4.70386597938145,4.93794117647059,5.41372008324662,164
"163",2015,4,5.47931034482759,29,5.91176470588235,4.86666666666667,4.85,4.2,5.74583333333333,17,12,4,5,24,2529,1725,804,198,583,1946,5.30573349149862,5.66231304347826,4.54068407960199,4.70681818181818,4.93161234991424,5.41781603288797,165
"164",2015,5,5.34666666666667,30,6.18888888888889,4.08333333333333,4.16666666666667,5,5.35862068965517,18,12,6,1,29,2559,1743,816,204,584,1975,5.30621336459555,5.66775100401606,4.53395833333333,4.69093137254902,4.93172945205479,5.41694683544304,166
"165",2015,6,5.36538461538461,26,5.80555555555556,4.375,4.5,4.6,5.54761904761905,18,8,4,5,21,2585,1761,824,208,589,1996,5.3068085106383,5.66915956842703,4.53241504854369,4.68725961538462,4.92891341256367,5.41832164328657,167
"166",2015,7,5.16764705882353,34,5.29130434782609,4.90909090909091,6,4.16666666666667,5.26451612903226,23,11,2,3,31,2619,1784,835,210,592,2027,5.30500190912562,5.66428811659193,4.53737724550898,4.69976190476191,4.92505067567568,5.4159694129255,168
"167",2015,8,5.60238095238095,42,6.165625,3.8,5.5,5.8,5.57567567567568,32,10,2,5,37,2661,1816,845,212,597,2064,5.30969560315671,5.67312224669604,4.52865088757396,4.70731132075472,4.93237855946399,5.41883236434108,169
"168",2015,9,5.48461538461538,26,5.8175,4.375,NA,5.23333333333333,5.56,20,6,0,6,20,2687,1836,851,212,603,2084,5.31138816524005,5.67469498910675,4.52756756756757,4.70731132075472,4.93537313432836,5.42018714011516,170
"169",2015,10,5.57586206896552,29,5.69444444444444,5.38181818181818,6,5.6,5.57083333333333,18,11,5,5,24,2716,1854,862,217,608,2108,5.31421207658321,5.67488673139159,4.5384686774942,4.73709677419355,4.94083881578947,5.42190227703985,171
"170",2015,11,4.758,25,5.11,3.35,NA,3.95,4.96,20,5,0,5,20,2741,1874,867,217,613,2128,5.30913900036483,5.66885805763074,4.53161476355248,4.73709677419355,4.93275693311582,5.41756109022556,172
"171",2015,12,5.29047619047619,42,5.49032258064516,4.72727272727273,6,6.04166666666667,4.99,31,11,1,12,30,2783,1905,878,218,625,2158,5.30885734818541,5.66595275590551,4.53406605922551,4.74288990825688,4.954048,5.4116172381835,173
"172",2016,1,5.39636363636364,55,5.66923076923077,4.73125,5.25,5.93,5.27777777777778,39,16,4,10,45,2838,1944,894,222,635,2203,5.31055320648344,5.66601851851852,4.53759507829978,4.75202702702703,4.96941732283465,5.40888334089877,174
"173",2016,2,5.11764705882353,34,5.77083333333333,3.55,4.5,5.22222222222222,5.08,24,10,2,9,25,2872,1968,904,224,644,2228,5.30826949860725,5.66729674796748,4.5266703539823,4.74977678571429,4.97295031055901,5.40519299820467,175
"174",2016,3,5.54857142857143,35,5.93076923076923,4.44444444444444,4,4.4,5.74,26,9,1,5,30,2907,1994,913,225,649,2258,5.31116271069832,5.67073219658977,4.52585980284775,4.74644444444445,4.96853620955316,5.40964127546501,176
"175",2016,4,5.48333333333333,30,5.3,6.4,6,5,5.5,25,5,2,1,29,2937,2019,918,227,650,2287,5.31292134831461,5.6661416542843,4.53606753812636,4.75748898678414,4.96858461538461,5.41078705728028,177
"176",2016,5,5.57714285714286,35,6,4.35555555555556,5,7,5.28275862068966,26,9,2,6,29,2972,2045,927,229,656,2316,5.316032974428,5.67038630806846,4.53431499460626,4.75960698689956,4.98716463414634,5.40918393782384,178
"177",2016,6,5.6,31,6.00416666666667,4.21428571428571,5.25,5.77142857142857,5.55,24,7,2,7,24,3003,2069,934,231,663,2340,5.31896436896437,5.67425809569841,4.5319164882227,4.76385281385282,4.99544494720965,5.41062820512821,179
"178",2016,7,5.25853658536585,41,5.70740740740741,4.39285714285714,4.4,5.7,5.19722222222222,27,14,5,5,36,3044,2096,948,236,668,2376,5.31815045992116,5.67468511450382,4.52986286919831,4.75614406779661,5.00071856287425,5.40739478114478,180
"179",2016,8,5.37555555555556,45,5.72105263157895,3.5,3,5.45,5.35428571428571,38,7,4,10,35,3089,2134,955,240,678,2411,5.31898672709615,5.67551077788191,4.52231413612565,4.726875,5.00734513274336,5.40662380754874,181
"180",2016,9,5.28571428571429,35,5.75862068965517,3,3,4,5.32352941176471,29,6,4,1,34,3124,2163,961,244,679,2445,5.31861395646607,5.67662505779011,4.51280957336108,4.69856557377049,5.00586156111929,5.40546830265849,182
"181",2016,10,5.01923076923077,52,5.45714285714286,4.11764705882353,4,6.875,4.86458333333333,35,17,4,4,48,3176,2198,978,248,683,2493,5.31371221662469,5.67313011828936,4.50594069529652,4.68729838709678,5.01680819912152,5.39505415162455,183
"182",2016,11,5.51136363636364,44,5.73529411764706,4.75,3,6.25,5.4375,34,10,2,4,40,3220,2232,988,250,687,2533,5.31641304347827,5.6740770609319,4.50841093117409,4.6738,5.02398835516739,5.39572443742598,184
"183",2016,12,5.4162,50,5.69525,4.3,4.5,5.7,5.38466666666667,40,10,1,5,45,3270,2272,998,251,692,2578,5.31793883792049,5.67444982394366,4.50632264529058,4.67310756972112,5.02887283236994,5.3955314197052,185
"184",2017,1,5.70289830508475,59,5.78478260869565,5.41315384615385,6.19585714285714,5.10645454545455,5.83958333333333,46,13,7,11,48,3329,2318,1011,258,703,2626,5.32476148993692,5.6766393442623,4.51798318496538,4.71442248062016,5.03008677098151,5.40364813404417,186
"185",2017,2,5.8,54,6.03846153846154,5.18,4.775,5.25,5.86875,39,15,4,6,48,3383,2357,1026,262,709,2674,5.3323473248596,5.6826262197709,4.52766179337232,4.71534732824428,5.03194781382228,5.41199700822737,187
"186",2017,3,5.58918918918919,37,5.85357142857143,4.76666666666667,4.38,4.5,5.68529411764706,28,9,5,3,34,3420,2385,1035,267,712,2708,5.33512602339182,5.68463312368973,4.52974009661836,4.70906741573034,5.02970646067415,5.41542836041359,188
"187",2017,4,5.58333333333333,42,5.65151515151515,5.33333333333333,5.33333333333333,5,5.62820512820513,33,9,3,3,39,3462,2418,1044,270,715,2747,5.33813720392837,5.68418114143921,4.53666762452107,4.7160037037037,5.02958181818182,5.41844921732799,189
"188",2017,5,5.47058823529412,51,6.1875,4.26315789473684,3.75,5,5.52173913043478,32,19,4,5,46,3513,2450,1063,274,720,2793,5.34006006262454,5.69075510204082,4.5317789275635,4.70190145985402,5.02937638888889,5.42015037593985,190
"189",2017,6,5.32954545454545,22,5.39285714285714,5.21875,5,5,5.3625,14,8,3,2,20,3535,2464,1071,277,722,2813,5.33999462517681,5.6890625,4.53691036414566,4.70512996389892,5.02929501385041,5.41974049057945,191
"190",2017,7,5.88571428571429,35,6.20689655172414,4.33333333333333,3,5.33333333333333,6,29,6,2,6,29,3570,2493,1077,279,728,2842,5.34534481792718,5.69508624147613,4.53577623026926,4.69290681003584,5.03180082417582,5.4256615059817,192
"191",2017,8,5.32092592592593,54,5.70714285714286,3.96916666666667,NA,5.26363636363636,5.33558139534884,42,12,0,11,43,3624,2535,1089,279,739,2885,5.34498096026491,5.69528599605523,4.52953259871442,4.69290681003584,5.03525169147496,5.42431889081456,193
"192",2017,9,5.38793103448276,29,6.07352941176471,4.41666666666667,4,6.75,5.17,17,12,1,4,25,3653,2552,1101,280,743,2910,5.34532192718314,5.69780564263323,4.52830245231607,4.69043214285714,5.04448317631224,5.42213402061856,194
"193",2017,10,5.5225,40,5.70322580645161,4.9,5.05,4.25,5.58947368421053,31,9,2,2,38,3693,2583,1110,282,745,2948,5.34724099647983,5.69787069299265,4.53131621621622,4.69298226950355,5.04235033557047,5.42429104477612,195
"194",2017,11,5.37777777777778,45,5.85714285714286,3.7,6,4.8125,5.5,35,10,1,8,37,3738,2618,1120,283,753,2985,5.34760861423222,5.7,4.52389375,4.69760070671378,5.03990836653386,5.42522948073702,196
"195",2017,12,5.95377777777778,45,6.47285714285714,4.137,NA,4.58333333333333,6.16461538461538,35,10,0,6,39,3783,2653,1130,283,759,3024,5.35481919111817,5.71019600452318,4.52046991150442,4.69760070671378,5.03629907773386,5.43476521164021,197
"196",2018,1,5.61232876712329,73,6.02931034482759,4,4.66666666666667,5.41818181818182,5.64677419354839,58,15,3,11,62,3856,2711,1145,286,770,3086,5.35969424273859,5.71702323865732,4.51365152838428,4.69727622377622,5.04175454545454,5.43902462734932,198
"197",2018,2,5.92111111111111,45,6.5265625,4.43076923076923,5.025,5.4,5.98625,32,13,4,5,40,3901,2743,1158,290,775,3126,5.36617046911049,5.72646737149107,4.51272107081174,4.70179655172414,5.04406580645161,5.44602687140115,199
"198",2018,3,5.68142857142857,35,6.10961538461538,4.44444444444444,4.75,5.2125,5.74193548387097,26,9,4,4,31,3936,2769,1167,294,779,3157,5.36897383130082,5.73006500541712,4.51219451585261,4.70245238095238,5.04493068035943,5.44893253088375,200
"199",2018,4,5.73098039215686,51,6.06333333333333,4.93333333333333,4.75,5,5.7456,36,15,4,1,50,3987,2805,1182,298,780,3207,5.37360446450966,5.73434224598931,4.51753891708968,4.70309060402685,5.04487307692307,5.45355784222014,201
"200",2018,5,5.47351351351351,37,6.0562962962963,3.9,5,5.6,5.45375,27,10,2,5,32,4024,2832,1192,300,785,3239,5.37452311133201,5.73741172316384,4.51235822147651,4.70507,5.04840891719745,5.4535597406607,202
"201",2018,6,5.8883334375,32,5.97794884615385,5.5,5,5.25,6.03564115384615,26,6,1,6,26,4056,2858,1198,301,791,3265,5.37857684171598,5.73959995451365,4.51730467445743,4.70604983388704,5.04993805309734,5.45819499846861,203
"202",2018,7,6.02702702702703,37,6.36538461538461,5.22727272727273,5.5,5.5,6.05714285714286,26,11,2,2,35,4093,2884,1209,303,793,3300,5.38443871732226,5.74524156380028,4.52376426799007,4.7112904290429,5.05107313997478,5.46454747575758,204
"203",2018,8,5.70794871794872,39,6.28307692307692,4.55769230769231,3,5.9,5.67970588235294,26,13,1,5,34,4132,2910,1222,304,798,3334,5.38749217570184,5.75004696563574,4.52412520458265,4.70566118421053,5.05639223057644,5.46674165266947,205
"204",2018,9,5.89761904761905,42,6.06470588235294,5.1875,5,6,5.88684210526316,34,8,3,4,38,4174,2944,1230,307,802,3372,5.39262522041208,5.75368093410326,4.52843983739837,4.70853745928339,5.06109850374065,5.47147588078292,206
"205",2018,10,5.38695652173913,46,5.60555555555556,4.6,3,5.78571428571429,5.31538461538462,36,10,2,7,39,4220,2980,1240,309,809,3411,5.39256342890996,5.7518915,4.52901693548387,4.69747896440129,5.06736835599505,5.46969119613017,207
"206",2018,11,5.92173913043478,46,6.31388888888889,4.51,5,6.4,5.85,36,10,2,6,40,4266,3016,1250,311,815,3451,5.39826949601501,5.75859969164456,4.5288648,4.69942443729903,5.07717914110429,5.47409929585627,208
"207",2018,12,5.62931034482759,58,6.075,4.63888888888889,3.83333333333333,5.875,5.61111111111111,40,18,6,4,54,4324,3056,1268,317,819,3505,5.40136856382979,5.76274105693718,4.53042665615142,4.68303154574132,5.0810757020757,5.47621017689016,209
"208",2019,1,5.169375,80,5.52822580645161,3.93333333333333,4.2,5,5.20846153846154,62,18,5,15,65,4404,3118,1286,322,834,3570,5.39715433015441,5.75807782873637,4.52206920684292,4.67553105590062,5.0796175059952,5.47133520168067,210
"209",2019,2,5.17860465116279,43,5.70933333333333,3.95384615384615,4.2,4.956,5.20789473684211,30,13,2,5,38,4447,3148,1299,324,839,3608,5.39504107713065,5.75761330050826,4.51638260200154,4.67259567901235,5.07888081048867,5.46856060698448,211
"210",2019,3,5.61951219512195,41,6.05,4.44545454545455,4,5.66666666666667,5.61578947368421,30,11,2,3,38,4488,3178,1310,326,842,3646,5.3970917268271,5.76037340151039,4.51578702290076,4.66846932515337,5.08097505938242,5.47009508228195,212
"211",2019,4,5.8890243902439,41,6.14354838709677,5.1,5.5,5.65833333333333,5.92857142857143,31,10,2,6,35,4529,3209,1320,328,848,3681,5.40154508059175,5.76407499844188,4.52021287878788,4.67353963414634,5.08506014150943,5.4744544064113,213
"212",2019,5,4.88391304347826,23,5.49105263157895,2,2,4,5.0165,19,4,1,3,20,4552,3228,1324,329,851,3701,5.39892962873463,5.76246798946717,4.51259894259819,4.66541337386018,5.08123501762632,5.47197964604161,214
"213",2019,6,5.46611111111111,36,5.84928571428571,4.125,NA,6,5.43470588235294,28,8,0,2,34,4588,3256,1332,329,853,3735,5.39945677201396,5.76321457923833,4.51027102102102,4.66541337386018,5.08338921453692,5.47164034002677,215
"214",2019,7,5.62380952380952,63,5.93411764705882,4.305,4,5.1175,5.69745454545455,51,12,2,8,55,4651,3307,1344,331,861,3790,5.40249573640078,5.76585021771999,4.50843824404762,4.66139274924471,5.08370615563298,5.47491732717678,216
"215",2019,8,5.51785183333333,60,5.94252522727273,4.35,4.6,5.64285714285714,5.50134169811321,44,16,4,7,53,4711,3351,1360,335,868,3843,5.40396492888984,5.76817003282602,4.50657426470588,4.66065970149254,5.08821543778801,5.47528175383815,217
"216",2019,9,5.56555555555556,54,5.88190476190476,4.45833333333333,4.08333333333333,5,5.66391304347826,42,12,6,8,46,4765,3393,1372,341,876,3889,5.40579617628542,5.76957788977306,4.50615233236152,4.65050146627566,5.08740981735159,5.47751292877347,218
"217",2019,10,5.66603773584906,53,6.14871794871795,4.32142857142857,4.6,5.875,5.64897959183673,39,14,5,4,49,4818,3432,1386,346,880,3938,5.4086589414695,5.7738862995338,4.50428643578643,4.64977167630058,5.09098977272727,5.47964646521077,219
"218",2019,11,5.89497262295082,61,6.183194375,4.83076923076923,5.33333333333333,6.86,5.80880946428571,48,13,3,5,56,4879,3480,1399,349,885,3994,5.41473910842386,5.77953192816092,4.50732022873481,4.65564756446991,5.10098418079096,5.48426167000501,220
"219",2019,12,5.30014705882353,68,5.51603448275862,4.048,NA,5.25,5.30683333333333,58,10,0,8,60,4947,3538,1409,349,893,4054,5.41316395997575,5.77521229790842,4.50406032647267,4.65564756446991,5.10231914893617,5.48163569560928,221
"220",2020,1,5.91659423913043,92,6.2869652238806,4.924,4.8875,6,5.91077523255814,67,25,8,6,86,5039,3605,1434,357,899,4140,5.42235538400477,5.78472337864078,4.51138145048814,4.6608431372549,5.10831034482758,5.4905501884058,222
"221",2020,2,5.74603174603175,63,6.14285714285714,4.95238095238095,6,5.08333333333333,5.81578947368421,42,21,1,6,57,5102,3647,1455,358,905,4197,5.42635217169738,5.78884775980258,4.51774639175258,4.66458379888268,5.10814475138121,5.49496730521801,223
"222",2020,3,5.96792452830189,53,6.21463414634146,5.125,5,5.625,5.99591836734694,41,12,2,4,49,5155,3688,1467,360,909,4246,5.43192022890398,5.79358128524946,4.52271370143149,4.66644722222222,5.11041914191419,5.50074841733396,224
"223",2020,4,6.07022727272727,44,6.34542857142857,5,4.83333333333333,5.38333333333333,6.17868421052632,35,9,3,6,38,5199,3723,1476,363,915,4284,5.43732232737065,5.79876921300027,4.52562398373984,4.66782644628099,5.1122087431694,5.50676185340803,225
"224",2020,5,5.91228070175439,57,5.97872340425532,5.6,5,6,5.90740740740741,47,10,1,3,54,5256,3770,1486,364,918,4338,5.44247313165906,5.80101267374005,4.53285397039031,4.66873901098901,5.11511002178649,5.51174914246196,226
"225",2020,6,6.00923076923077,52,6.452,4.53333333333333,NA,5.7,6.04212765957447,40,12,0,5,47,5308,3810,1498,364,923,4385,5.44802539186135,5.80784718635171,4.53285781041388,4.66873901098901,5.11827843986999,5.51743392930445,227
"226",2020,7,5.78870967741936,62,6.27391304347826,4.39375,4.6,6.21428571428571,5.73454545454545,46,16,3,7,55,5370,3856,1514,367,930,4440,5.45195880446928,5.81340710062241,4.53138771466314,4.66817711171662,5.12652795698924,5.52012337387387,228
"227",2020,8,5.65,42,6.06923076923077,4.96875,6,6.66666666666667,5.57179487179487,26,16,3,3,39,5412,3882,1530,370,933,4479,5.45349570953437,5.8151204997424,4.5359614379085,4.67897567567567,5.13148017148981,5.52057329314579,229
"228",2020,9,5.85550943396226,53,6.18155,4.85230769230769,5,6.33333333333333,5.75777272727273,40,13,4,9,44,5465,3922,1543,374,942,4523,5.45739447026533,5.81885766955635,4.53862670123137,4.68240909090909,5.14296284501061,5.52288078266637,230
"229",2020,10,5.63606557377049,61,5.96046511627907,4.86111111111111,4.83333333333333,4.625,5.70701754385965,43,18,6,4,57,5526,3965,1561,380,946,4580,5.45936677162505,5.82039338713745,4.54234529147982,4.68479210526316,5.14077272727272,5.52517244104804,231
"230",2020,11,5.73239436619718,71,5.97272727272727,4.90625,3.33333333333333,6,5.72058823529412,55,16,3,3,68,5597,4020,1577,383,949,4648,5.46283022690728,5.82247755721393,4.54603741280913,4.67420626631854,5.14348893572181,5.52803136402754,232
"231",2020,12,5.61910112359551,89,6.05423728813559,4.76333333333333,5.05,4.84615384615385,5.75131578947368,59,30,6,13,76,5686,4079,1607,389,962,4724,5.46527625395709,5.82582980632508,4.5500939639079,4.68000257069409,5.13947089397089,5.53162357747672,233
"232",2021,1,5.51470588235294,102,6.04383561643836,4.18275862068965,3.32857142857143,5.35555555555556,5.53010752688172,73,29,7,9,93,5788,4152,1636,396,971,4817,5.46614733586732,5.82966276011561,4.54358251833741,4.65611363636364,5.141473738414,5.53159430766037,234
"233",2021,2,5.87214285714286,70,6.00576923076923,5.48611111111111,5.1875,6.18181818181818,5.81440677966102,52,18,4,11,59,5858,4204,1654,400,982,4876,5.47099876749745,5.83184105137964,4.55383978234583,4.6614275,5.15312729124236,5.53501636177194,235
"234",2021,3,6.12063492063492,63,6.29,5.46923076923077,5.4,6.28571428571429,6.1,50,13,3,7,56,5921,4254,1667,403,989,4932,5.47791095760852,5.8372260883874,4.56097840431913,4.66692555831265,5.1611435793731,5.54143142335766,236
"235",2021,4,5.81967213114754,61,5.93877551020408,5.33333333333333,4.6,5.33333333333333,5.87272727272727,49,12,5,6,55,5982,4303,1679,408,995,4987,5.48139598462053,5.83838247269347,4.56649851101846,4.66610539215686,5.16218190954774,5.5450851774614,237
"236",2021,5,5.83636363636364,66,6.05094339622642,4.96153846153846,5.375,5.33333333333333,5.88666666666667,53,13,4,6,60,6048,4356,1692,412,1001,5047,5.48526963955027,5.840968728191,4.56953368794326,4.67298786407767,5.16320779220779,5.54914598375272,238
"237",2021,6,5.78641509433962,53,6.08761904761905,4.63636363636364,8,6.56,5.70583333333333,42,11,1,5,48,6101,4398,1703,413,1006,5095,5.48788572037371,5.8433241882674,4.56996535525543,4.68104358353511,5.17015009940358,5.55062213542689,239
"238",2021,7,5.83448275862069,58,6.16818181818182,4.78571428571429,6,4.42857142857143,6.02745098039216,44,14,1,7,51,6159,4442,1717,414,1013,5146,5.49114966390648,5.84654204862675,4.57172451951077,4.68422946859903,5.16502566633761,5.55534780023319,240
"239",2021,8,5.50380952380952,63,6.24142857142857,4.02857142857143,4.83333333333333,6.5,5.43627118644068,42,21,3,4,59,6222,4484,1738,417,1017,5205,5.49127784956606,5.8502408073149,4.56516168009206,4.68530215827338,5.17027630285152,5.55399803650336,241
"240",2021,9,5.72909090909091,55,5.82045454545455,5.36363636363636,NA,5.57142857142857,5.75208333333333,44,11,0,7,48,6277,4528,1749,417,1024,5253,5.49336160267644,5.84995136484099,4.57018353344768,4.68530215827338,5.1730185546875,5.5558080677708,242
"241",2021,10,5.67830508474576,59,6.18227272727273,4.2,4.8,4.91666666666667,5.76452830188679,44,15,5,6,53,6336,4572,1764,422,1030,5306,5.49508377209596,5.85314955818023,4.56703571428571,4.68666113744076,5.17152524271844,5.55789290991331,243
"242",2021,11,5.91102564102564,78,6.01381818181818,5.66521739130435,5.575,6.14285714285714,5.88816901408451,55,23,4,7,71,6414,4627,1787,426,1037,5377,5.50014199875273,5.85505938621137,4.58117011751539,4.69500234741784,5.17808196721311,5.5622540040915,244
"243",2021,12,5.67267441860465,86,6.07540983606557,4.69,4,5.75,5.66582278481013,61,25,3,7,79,6500,4688,1812,429,1044,5456,5.50242473538462,5.85792657423208,4.58267163355408,4.69014219114219,5.18191666666666,5.56375362536657,245
"244",2022,1,5.6525555,120,5.94785177777778,4.76666666666667,3.25,4.33333333333333,5.75951945945946,90,30,4,9,111,6620,4778,1842,433,1053,5567,5.50514613897281,5.85962043532859,4.58566829533116,4.67683833718245,5.17466381766381,5.56765698580923,246
"245",2022,2,6.29148152777778,72,6.39322409836066,5.72727272727273,5,7.1,6.20441030769231,61,11,3,7,65,6692,4839,1853,436,1060,5632,5.5136064121339,5.86634699524695,4.59244522396114,4.67906192660551,5.18737830188679,5.57500587890625,247
"246",2022,3,6.03846153846154,65,6.42307692307692,4.5,2.5,3.83333333333333,6.14516129032258,52,13,1,3,62,6757,4891,1866,437,1063,5694,5.51865533668788,5.87226602126355,4.5918011789925,4.67407551487414,5.18355691439322,5.58121410432034,248
"247",2022,4,6.1473662962963,81,6.62390810344828,4.94565217391304,3.16666666666667,5.52272727272727,6.24552385714286,58,23,3,11,70,6838,4949,1889,440,1074,5764,5.5261027756654,5.8810749201859,4.5961095817893,4.66379772727273,5.18703072625698,5.58928171061763,249
"248",2022,5,5.92173913043478,46,6.48,4.875,4.66666666666667,5.16666666666667,6.035,30,16,3,6,40,6884,4979,1905,443,1080,5804,5.52874648169669,5.88468362723439,4.59845196850394,4.66381715575621,5.18691759259259,5.59235351137147,250
"249",2022,6,6.12287878787879,66,6.40019230769231,5.09285714285714,4,6.125,6.12274193548387,52,14,2,4,62,6950,5031,1919,445,1084,5866,5.53438860143885,5.89001188232956,4.60205888483585,4.66083370786517,5.19037915129151,5.59795938970337,251
"250",2022,7,5.99894736842105,57,6.30093023255814,5.07142857142857,6,5.26666666666667,6.13625,43,14,2,9,48,7007,5074,1933,447,1093,5914,5.53816765805623,5.8934942412298,4.60545835488877,4.66682550335571,5.19100731930466,5.6023283361515,252
"251",2022,8,5.33283582089552,67,6.07317073170732,4.16538461538462,3.875,3.58333333333333,5.50491803278689,41,26,4,6,61,7074,5115,1959,451,1099,5975,5.53622289793611,5.89493446334311,4.59961766207248,4.65980266075388,5.18223020928116,5.60133385439331,253
"252",2022,9,6.01167924528302,53,6.38457142857143,5.28661111111111,NA,5.0265,6.13744680851064,35,18,0,6,47,7127,5150,1977,451,1105,6022,5.53975863336608,5.89826209320388,4.60587253414264,4.65980266075388,5.18138461538461,5.60551806376619,254
"253",2022,10,5.76955223880597,67,6.19714285714286,4.60555555555556,5.13333333333333,4.14,5.90096774193548,49,18,3,5,62,7194,5199,1995,454,1110,6084,5.54189877397832,5.90107901134834,4.60586967418546,4.66293171806168,5.17669369369369,5.6085288921762,255
"254",2022,11,6.16666666666667,78,6.51666666666667,5,4,6.8,6.12328767123288,60,18,3,5,73,7272,5259,2013,457,1115,6157,5.54860007975798,5.9081022589846,4.60939393939394,4.65857986870897,5.1839730941704,5.61463209030372,256
"255",2022,12,5.73763440860215,93,6.10819672131148,5.03125,6,4.28571428571429,5.85581395348837,61,32,3,7,86,7365,5320,2045,460,1122,6243,5.5509870712831,5.91039657518797,4.61599511002445,4.66732826086957,5.17836898395722,5.61795447381067,257
