"","year","month","avg_rating","no_ratings","avg_rating_owned","avg_rating_not_owned","avg_rating_prev_owned","avg_rating_comment","avg_rating_no_comment","no_ratings_owned","no_ratings_not_owned","no_ratings_prev_owned","no_ratings_comment","no_ratings_no_comment","cum_no_ratings","cum_no_ratings_owned","cum_no_ratings_not_owned","cum_no_ratings_prev_owned","cum_no_ratings_comment","cum_no_ratings_no_comment","cum_avg_rating","cum_avg_rating_owned","cum_avg_rating_not_owned","cum_avg_rating_prev_owned","cum_avg_rating_comment","cum_avg_rating_no_comment","month_after_release"
"1",2001,5,3,1,3,NA,NA,NA,3,1,0,0,0,1,1,1,0,0,0,1,3,3,NA,NA,NA,3,0
"2",2001,6,5.5,2,5.5,NA,NA,5,6,2,0,0,1,1,3,3,0,0,1,2,4.66666666666667,4.66666666666667,NA,NA,5,4.5,1
"3",2001,7,8,1,8,NA,NA,8,NA,1,0,0,1,0,4,4,0,0,2,2,5.5,5.5,NA,NA,6.5,4.5,2
"4",2001,8,5.25,4,5.25,NA,NA,5,5.33333333333333,4,0,0,1,3,8,8,0,0,3,5,5.375,5.375,NA,NA,6,5,3
"5",2001,9,5.5,4,6.33333333333333,3,NA,3,6.33333333333333,3,1,0,1,3,12,11,1,0,4,8,5.41666666666667,5.63636363636364,3,NA,5.25,5.5,4
"6",2001,11,6,3,5,6.5,7,6.5,5,1,2,1,2,1,15,12,3,1,6,9,5.53333333333333,5.58333333333333,5.33333333333333,7,5.66666666666667,5.44444444444444,6
"7",2001,12,5,1,5,NA,NA,NA,5,1,0,0,0,1,16,13,3,1,6,10,5.5,5.53846153846154,5.33333333333333,7,5.66666666666667,5.4,7
"8",2002,1,6,1,6,NA,NA,NA,6,1,0,0,0,1,17,14,3,1,6,11,5.52941176470588,5.57142857142857,5.33333333333333,7,5.66666666666667,5.45454545454545,8
"9",2002,3,5.66666666666667,3,5.66666666666667,NA,NA,NA,5.66666666666667,3,0,0,0,3,20,17,3,1,6,14,5.55,5.58823529411765,5.33333333333333,7,5.66666666666667,5.5,10
"10",2002,4,5.5,2,8,3,NA,NA,5.5,1,1,0,0,2,22,18,4,1,6,16,5.54545454545455,5.72222222222222,4.75,7,5.66666666666667,5.5,11
"11",2002,5,6.2,5,6.2,NA,NA,6,6.25,5,0,0,1,4,27,23,4,1,7,20,5.66666666666667,5.82608695652174,4.75,7,5.71428571428571,5.65,12
"12",2002,6,5,2,5,NA,NA,NA,5,2,0,0,0,2,29,25,4,1,7,22,5.62068965517241,5.76,4.75,7,5.71428571428571,5.59090909090909,13
"13",2002,7,4,5,4,NA,NA,NA,4,5,0,0,0,5,34,30,4,1,7,27,5.38235294117647,5.46666666666667,4.75,7,5.71428571428571,5.2962962962963,14
"14",2002,8,5.3,5,4.33333333333333,6.75,NA,2,6.125,3,2,0,1,4,39,33,6,1,8,31,5.37179487179487,5.36363636363636,5.41666666666667,7,5.25,5.40322580645161,15
"15",2002,9,5.5,2,5,6,6,5,6,1,1,1,1,1,41,34,7,2,9,32,5.3780487804878,5.35294117647059,5.5,6.5,5.22222222222222,5.421875,16
"16",2002,10,5.5,4,5.5,5.5,6,NA,5.5,2,2,1,0,4,45,36,9,3,9,36,5.38888888888889,5.36111111111111,5.5,6.33333333333333,5.22222222222222,5.43055555555556,17
"17",2002,11,5.33333333333333,3,5.33333333333333,NA,NA,NA,5.33333333333333,3,0,0,0,3,48,39,9,3,9,39,5.38541666666667,5.35897435897436,5.5,6.33333333333333,5.22222222222222,5.42307692307692,18
"18",2002,12,7,4,7,NA,NA,NA,7,4,0,0,0,4,52,43,9,3,9,43,5.50961538461539,5.51162790697674,5.5,6.33333333333333,5.22222222222222,5.56976744186047,19
"19",2003,1,5.16666666666667,6,NA,5.16666666666667,NA,NA,5.16666666666667,0,6,0,0,6,58,43,15,3,9,49,5.47413793103448,5.51162790697674,5.36666666666667,6.33333333333333,5.22222222222222,5.52040816326531,20
"20",2003,2,6.6,5,7,5,5,6,6.75,4,1,1,1,4,63,47,16,4,10,53,5.56349206349206,5.63829787234043,5.34375,6,5.3,5.61320754716981,21
"21",2003,3,7.5,6,7.25,8,NA,7.25,8,4,2,0,4,2,69,51,18,4,14,55,5.73188405797101,5.76470588235294,5.63888888888889,6,5.85714285714286,5.7,22
"22",2003,4,6,2,6,6,NA,6,6,1,1,0,1,1,71,52,19,4,15,56,5.73943661971831,5.76923076923077,5.65789473684211,6,5.86666666666667,5.70535714285714,23
"23",2003,5,4.875,8,5.16666666666667,4,NA,5.66666666666667,2.5,6,2,0,6,2,79,58,21,4,21,58,5.65189873417722,5.70689655172414,5.5,6,5.80952380952381,5.5948275862069,24
"24",2003,6,6.25,4,6.33333333333333,6,NA,6,7,3,1,0,3,1,83,61,22,4,24,59,5.68072289156626,5.73770491803279,5.52272727272727,6,5.83333333333333,5.61864406779661,25
"25",2003,7,5.66666666666667,12,5.71428571428571,5.6,NA,6.75,5.125,7,5,0,4,8,95,68,27,4,28,67,5.67894736842105,5.73529411764706,5.53703703703704,6,5.96428571428571,5.55970149253731,26
"26",2003,8,6.83333333333333,6,7,6.5,NA,6.5,7,4,2,0,2,4,101,72,29,4,30,71,5.74752475247525,5.80555555555556,5.60344827586207,6,6,5.64084507042254,27
"27",2003,9,7.24,5,7.3,7,NA,NA,7.24,4,1,0,0,5,106,76,30,4,30,76,5.81792452830189,5.88421052631579,5.65,6,6,5.74605263157895,28
"28",2003,10,6.33333333333333,3,6.5,6,NA,5.5,8,2,1,0,2,1,109,78,31,4,32,77,5.83211009174312,5.9,5.66129032258065,6,5.96875,5.77532467532467,29
"29",2003,11,6,2,6,NA,NA,NA,6,2,0,0,0,2,111,80,31,4,32,79,5.83513513513514,5.9025,5.66129032258065,6,5.96875,5.78101265822785,30
"30",2003,12,5,4,5,NA,NA,5,5,4,0,0,1,3,115,84,31,4,33,82,5.80608695652174,5.85952380952381,5.66129032258065,6,5.93939393939394,5.75243902439024,31
"31",2004,1,6.75,2,6.75,NA,NA,8.5,5,2,0,0,1,1,117,86,31,4,34,83,5.82222222222222,5.88023255813953,5.66129032258065,6,6.01470588235294,5.7433734939759,32
"32",2004,2,4.66666666666667,3,6,2,NA,3.5,7,2,1,0,2,1,120,88,32,4,36,84,5.79333333333333,5.88295454545455,5.546875,6,5.875,5.75833333333333,33
"33",2004,3,5.6,5,5.75,5,NA,7,5.25,4,1,0,1,4,125,92,33,4,37,88,5.7856,5.87717391304348,5.53030303030303,6,5.90540540540541,5.73522727272727,34
"34",2004,4,5,6,5.25,4.5,5,5,5,4,2,1,2,4,131,96,35,5,39,92,5.74961832061069,5.85104166666667,5.47142857142857,5.8,5.85897435897436,5.70326086956522,35
"35",2004,5,6,5,6,NA,NA,5,6.66666666666667,5,0,0,2,3,136,101,35,5,41,95,5.75882352941176,5.85841584158416,5.47142857142857,5.8,5.81707317073171,5.73368421052631,36
"36",2004,6,5.6,5,5.75,5,NA,NA,5.6,4,1,0,0,5,141,105,36,5,41,100,5.7531914893617,5.85428571428571,5.45833333333333,5.8,5.81707317073171,5.727,37
"37",2004,7,5.4,5,5.5,5.33333333333333,NA,3.66666666666667,8,2,3,0,3,2,146,107,39,5,44,102,5.74109589041096,5.84766355140187,5.44871794871795,5.8,5.67045454545454,5.77156862745098,38
"38",2004,8,5.5,6,5.4,6,6,5,6.5,5,1,1,4,2,152,112,40,6,48,104,5.73157894736842,5.82767857142857,5.4625,5.83333333333333,5.61458333333333,5.78557692307692,39
"39",2004,9,6.5,5,7.33333333333333,5.25,NA,8,6.125,3,2,0,1,4,157,115,42,6,49,108,5.75605095541401,5.86695652173913,5.45238095238095,5.83333333333333,5.66326530612245,5.79814814814815,40
"40",2004,10,5.5,2,5.5,NA,NA,5.5,NA,2,0,0,2,0,159,117,42,6,51,108,5.75283018867925,5.86068376068376,5.45238095238095,5.83333333333333,5.65686274509804,5.79814814814815,41
"41",2004,11,6,8,6.5,5.5,5.83333333333333,NA,6,4,4,3,0,8,167,121,46,9,51,116,5.76467065868263,5.88181818181818,5.45652173913043,5.83333333333333,5.65686274509804,5.81206896551724,42
"42",2004,12,4.83333333333333,6,5,4,4,4,5,5,1,1,1,5,173,126,47,10,52,121,5.73236994219653,5.8468253968254,5.42553191489362,5.65,5.625,5.77851239669421,43
"43",2005,1,6.02727272727273,11,5.9,6.25,5,6.96,5.25,7,4,2,5,6,184,133,51,12,57,127,5.75,5.84962406015038,5.49019607843137,5.54166666666667,5.7421052631579,5.75354330708661,44
"44",2005,2,5,5,5.5,4.66666666666667,6,4,6.5,2,3,1,3,2,189,135,54,13,60,129,5.73015873015873,5.84444444444444,5.44444444444444,5.57692307692308,5.655,5.76511627906977,45
"45",2005,3,5.52,5,5.5,5.6,5.6,5.86666666666667,5,4,1,1,3,2,194,139,55,14,63,131,5.72474226804124,5.83453237410072,5.44727272727273,5.57857142857143,5.66507936507937,5.75343511450382,46
"46",2005,4,5.5,4,5.5,5.5,NA,NA,5.5,2,2,0,0,4,198,141,57,14,63,135,5.72020202020202,5.82978723404255,5.44912280701754,5.57857142857143,5.66507936507937,5.74592592592592,47
"47",2005,5,5.66666666666667,6,5.8,5,NA,6,5.33333333333333,5,1,0,3,3,204,146,58,14,66,138,5.71862745098039,5.82876712328767,5.44137931034483,5.57857142857143,5.68030303030303,5.73695652173913,48
"48",2005,6,4.5,2,4.5,NA,NA,NA,4.5,2,0,0,0,2,206,148,58,14,66,140,5.70679611650485,5.81081081081081,5.44137931034483,5.57857142857143,5.68030303030303,5.71928571428571,49
"49",2005,7,5.83333333333333,3,5.83333333333333,NA,NA,6,5.75,3,0,0,1,2,209,151,58,14,67,142,5.70861244019139,5.8112582781457,5.44137931034483,5.57857142857143,5.68507462686567,5.71971830985915,50
"50",2005,8,6.35714285714286,7,6.41666666666667,6,NA,5.5,6.7,6,1,0,2,5,216,157,59,14,69,147,5.72962962962963,5.8343949044586,5.45084745762712,5.57857142857143,5.67971014492754,5.7530612244898,51
"51",2005,9,5.74444444444444,9,6,5.54,6.85,5.78333333333333,5.66666666666667,4,5,2,6,3,225,161,64,16,75,150,5.73022222222222,5.83850931677019,5.4578125,5.7375,5.688,5.75133333333333,52
"52",2005,10,6.16666666666667,6,6.5,5.5,NA,5.5,6.5,4,2,0,2,4,231,165,66,16,77,154,5.74155844155844,5.85454545454546,5.45909090909091,5.7375,5.68311688311688,5.77077922077922,53
"53",2005,11,5.125,8,6,2.5,3,5,5.25,6,2,1,4,4,239,171,68,17,81,158,5.72092050209205,5.85964912280702,5.37205882352941,5.57647058823529,5.64938271604938,5.75759493670886,54
"54",2005,12,5,7,5,5,NA,5,5,5,2,0,4,3,246,176,70,17,85,161,5.70040650406504,5.83522727272727,5.36142857142857,5.57647058823529,5.61882352941176,5.74347826086956,55
"55",2006,1,6.57142857142857,7,7,4,NA,6.5,6.6,6,1,0,2,5,253,182,71,17,87,166,5.72450592885375,5.87362637362637,5.34225352112676,5.57647058823529,5.63908045977011,5.76927710843373,56
"56",2006,2,6.25,8,6.28571428571429,6,NA,5.66666666666667,6.6,7,1,0,3,5,261,189,72,17,90,171,5.74061302681992,5.88888888888889,5.35138888888889,5.57647058823529,5.64,5.79356725146199,57
"57",2006,3,5.86363636363636,11,6.16666666666667,4.5,5,5.75,5.92857142857143,9,2,1,4,7,272,198,74,18,94,178,5.74558823529412,5.90151515151515,5.32837837837838,5.54444444444444,5.64468085106383,5.79887640449438,58
"58",2006,4,6,3,6.5,5,NA,NA,6,2,1,0,0,3,275,200,75,18,94,181,5.74836363636364,5.9075,5.324,5.54444444444444,5.64468085106383,5.80220994475138,59
"59",2006,5,7,2,7,NA,NA,6,8,2,0,0,1,1,277,202,75,18,95,182,5.75740072202166,5.91831683168317,5.324,5.54444444444444,5.64842105263158,5.81428571428571,60
"60",2006,6,5.75,8,5.75,NA,NA,5,5.85714285714286,8,0,0,1,7,285,210,75,18,96,189,5.75719298245614,5.91190476190476,5.324,5.54444444444444,5.64166666666667,5.81587301587301,61
"61",2006,7,5.75,8,5.66666666666667,6,NA,5,6.2,6,2,0,3,5,293,216,77,18,99,194,5.75699658703072,5.90509259259259,5.34155844155844,5.54444444444444,5.62222222222222,5.82577319587629,62
"62",2006,8,6,4,6,6,6,NA,6,3,1,1,0,4,297,219,78,19,99,198,5.76026936026936,5.90639269406393,5.35,5.56842105263158,5.62222222222222,5.82929292929293,63
"63",2006,9,5.66666666666667,3,6,5,5,NA,5.66666666666667,2,1,1,0,3,300,221,79,20,99,201,5.75933333333333,5.90723981900453,5.34556962025317,5.54,5.62222222222222,5.82686567164179,64
"64",2006,10,5.6,5,5.66666666666667,5.5,5.5,5.5,5.66666666666667,3,2,2,2,3,305,224,81,22,101,204,5.75672131147541,5.90401785714286,5.34938271604938,5.53636363636364,5.61980198019802,5.82450980392157,65
"65",2006,11,5.2,5,5.2,NA,NA,4.5,5.66666666666667,5,0,0,2,3,310,229,81,22,103,207,5.74774193548387,5.88864628820961,5.34938271604938,5.53636363636364,5.59805825242718,5.82222222222222,66
"66",2006,12,6.09090909090909,11,6.5,5,7,5.91666666666667,6.3,8,3,1,6,5,321,237,84,23,109,212,5.7595015576324,5.90928270042194,5.33690476190476,5.6,5.61559633027523,5.83349056603774,67
"67",2007,1,5.9375,16,6.21428571428571,4,3,5.55555555555556,6.42857142857143,14,2,1,9,7,337,251,86,24,118,219,5.76795252225519,5.92629482071713,5.30581395348837,5.49166666666667,5.61101694915254,5.85251141552511,68
"68",2007,2,6.08,10,6.475,4.5,4.5,6.66666666666667,5.82857142857143,8,2,2,3,7,347,259,88,26,121,226,5.77694524495677,5.94324324324324,5.2875,5.41538461538462,5.63719008264463,5.85176991150442,69
"69",2007,3,5.2,5,5,6,NA,5.5,5,4,1,0,2,3,352,263,89,26,123,229,5.76875,5.92889733840304,5.29550561797753,5.41538461538462,5.63495934959349,5.84061135371179,70
"70",2007,4,5.6875,8,6,5.375,6,3.5,6,4,4,1,1,7,360,267,93,27,124,236,5.76694444444444,5.92996254681648,5.2989247311828,5.43703703703704,5.61774193548387,5.84533898305085,71
"71",2007,5,5.725,10,6.03125,4.5,5,5.66666666666667,5.75,8,2,1,3,7,370,275,95,28,127,243,5.76581081081081,5.93290909090909,5.2821052631579,5.42142857142857,5.61889763779527,5.84259259259259,72
"72",2007,6,5.8375,8,5.78333333333333,6,6,5.33333333333333,6.14,6,2,1,3,5,378,281,97,29,130,248,5.76732804232804,5.9297153024911,5.29690721649485,5.44137931034483,5.61230769230769,5.84858870967742,73
"73",2007,7,5.08333333333333,6,5.625,4,NA,5.5,4.875,4,2,0,2,4,384,285,99,29,132,252,5.756640625,5.92543859649123,5.27070707070707,5.44137931034483,5.61060606060606,5.83313492063492,74
"74",2007,8,6.21,10,6.3,6,5,6.525,6,7,3,1,4,6,394,292,102,30,136,258,5.76814720812183,5.93441780821918,5.2921568627451,5.42666666666667,5.6375,5.83701550387597,75
"75",2007,9,5.08333333333333,6,5.5,4.25,NA,5.625,4,4,2,0,4,2,400,296,104,30,140,260,5.757875,5.9285472972973,5.27211538461538,5.42666666666667,5.63714285714286,5.82288461538461,76
"76",2007,10,5.85,5,5.8125,6,6,NA,5.85,4,1,1,0,5,405,300,105,31,140,265,5.75901234567901,5.927,5.27904761904762,5.44516129032258,5.63714285714286,5.82339622641509,77
"77",2007,11,5.92857142857143,7,6.3,5,4,5.5,6.25,5,2,1,3,4,412,305,107,32,143,269,5.76189320388349,5.93311475409836,5.27383177570093,5.4,5.63426573426573,5.82973977695167,78
"78",2007,12,6.21875,16,6.41666666666667,5.625,5.25,6,6.35,12,4,2,6,10,428,317,111,34,149,279,5.77897196261682,5.95141955835962,5.28648648648649,5.39117647058824,5.6489932885906,5.84838709677419,79
"79",2008,1,5.82666666666667,15,6.49,4.5,4,5.8,5.85714285714286,10,5,1,8,7,443,327,116,35,157,286,5.78058690744921,5.96788990825688,5.25258620689655,5.35142857142857,5.65668789808917,5.8486013986014,80
"80",2008,2,6.49090909090909,11,7.05,5,5,6.55714285714286,6.375,8,3,1,7,4,454,335,119,36,164,290,5.79779735682819,5.99373134328358,5.24621848739496,5.34166666666667,5.69512195121951,5.85586206896552,81
"81",2008,3,6.375,12,6.59090909090909,4,4,5.875,6.625,11,1,1,4,8,466,346,120,37,168,298,5.81266094420601,6.01271676300578,5.23583333333333,5.30540540540541,5.69940476190476,5.87651006711409,82
"82",2008,4,6.75,10,7.16666666666667,3,NA,6.125,7.16666666666667,9,1,0,4,6,476,355,121,37,172,304,5.83235294117647,6.04197183098592,5.21735537190083,5.30540540540541,5.70930232558139,5.90197368421053,83
"83",2008,5,5.75,2,6,5.5,NA,6,5.5,1,1,0,1,1,478,356,122,37,173,305,5.83200836820084,6.04185393258427,5.21967213114754,5.30540540540541,5.71098265895954,5.90065573770492,84
"84",2008,6,5.6875,8,6,5.16666666666667,6,5.83333333333333,5.25,5,3,1,6,2,486,361,125,38,179,307,5.82962962962963,6.04127423822715,5.2184,5.32368421052632,5.71508379888268,5.89641693811075,85
"85",2008,7,5.25,12,6.5,4.625,4.85714285714286,4.75,5.5,4,8,7,4,8,498,365,133,45,183,315,5.81566265060241,6.04630136986301,5.18270676691729,5.25111111111111,5.69398907103825,5.88634920634921,86
"86",2008,8,5.3125,8,6.33333333333333,4.7,4.25,4.625,6,3,5,4,4,4,506,368,138,49,187,319,5.80770750988142,6.04864130434783,5.16521739130435,5.16938775510204,5.67112299465241,5.88777429467085,87
"87",2008,9,6.5,7,6.5,NA,4,8,5.9,7,0,1,2,5,513,375,138,50,189,324,5.81715399610136,6.05706666666667,5.16521739130435,5.146,5.6957671957672,5.88796296296296,88
"88",2008,10,5.66666666666667,6,6,5,5,5.33333333333333,6,4,2,2,3,3,519,379,140,52,192,327,5.81541425818882,6.05646437994723,5.16285714285714,5.14038461538462,5.69010416666667,5.88899082568807,89
"89",2008,11,5.83333333333333,6,6,5.66666666666667,5,5.5,6,3,3,1,2,4,525,382,143,53,194,331,5.81561904761905,6.05602094240838,5.17342657342657,5.1377358490566,5.68814432989691,5.89033232628399,90
"90",2008,12,5.39166666666667,12,5.74,5.14285714285714,4.75,5.44,5.35714285714286,5,7,4,5,7,537,387,150,57,199,338,5.80614525139665,6.05193798449612,5.172,5.11052631578947,5.68190954773869,5.8792899408284,91
"91",2009,1,5.67058823529412,17,5.95,5,4.8,5.34285714285714,5.9,12,5,5,7,10,554,399,155,62,206,348,5.80198555956679,6.04887218045113,5.16645161290323,5.08548387096774,5.67038834951456,5.87988505747126,92
"92",2009,2,5.73076923076923,13,6,5.41666666666667,5.7,5.5,5.8,7,6,5,3,10,567,406,161,67,209,358,5.80035273368607,6.04802955665025,5.17577639751553,5.13134328358209,5.66794258373206,5.87765363128492,93
"93",2009,3,5.54285714285714,7,5.86,4.75,NA,6.26666666666667,5,5,2,0,3,4,574,411,163,67,212,362,5.79721254355401,6.04574209245742,5.17055214723926,5.13134328358209,5.67641509433962,5.86795580110497,94
"94",2009,4,5.5,8,6.4,4,4,3,6.33333333333333,5,3,3,2,6,582,416,166,70,214,368,5.79312714776632,6.05,5.14939759036145,5.08285714285714,5.65140186915888,5.87554347826087,95
"95",2009,5,5.875,12,6,5.625,5.625,6.5,5.75,8,4,4,2,10,594,424,170,74,216,378,5.79478114478114,6.04905660377359,5.16058823529412,5.11216216216216,5.65925925925926,5.87222222222222,96
"96",2009,6,5.55,10,5.6875,5,3,4.125,6.5,8,2,1,4,6,604,432,172,75,220,384,5.79072847682119,6.04236111111111,5.15872093023256,5.084,5.63136363636364,5.88203125,97
"97",2009,7,4.5,3,5.75,2,2,3.75,6,2,1,1,2,1,607,434,173,76,222,385,5.78434925864909,6.04101382488479,5.14046242774566,5.04342105263158,5.61441441441441,5.88233766233766,98
"98",2009,8,6,8,6.25,5.75,5.75,5.8,6.33333333333333,4,4,4,5,3,615,438,177,80,227,388,5.78715447154472,6.04292237442922,5.15423728813559,5.07875,5.61850220264317,5.88582474226804,99
"99",2009,9,6.45454545454545,11,6.5,6,NA,6,6.71428571428571,10,1,0,4,7,626,448,178,80,231,395,5.79888178913738,6.053125,5.15898876404494,5.07875,5.62510822510823,5.90050632911392,100
"100",2009,10,5.17857142857143,14,5.375,4.91666666666667,5,5.07142857142857,5.28571428571429,8,6,5,7,7,640,456,184,85,238,402,5.7853125,6.04122807017544,5.15108695652174,5.07411764705882,5.60882352941177,5.88980099502488,101
"101",2009,11,5.45454545454545,11,5.875,4.33333333333333,4.33333333333333,5.5,5.42857142857143,8,3,3,4,7,651,464,187,88,242,409,5.77972350230415,6.03836206896552,5.1379679144385,5.04886363636364,5.60702479338843,5.88190709046455,102
"102",2009,12,5.98333333333333,15,6.45454545454545,4.6875,4.6875,6.19444444444444,5.66666666666667,11,4,4,9,6,666,475,191,92,251,415,5.78430930930931,6.048,5.12853403141361,5.03315217391304,5.62808764940239,5.87879518072289,103
"103",2010,1,5.21666666666667,15,5.86111111111111,4.25,4.3,3.58333333333333,6.30555555555556,9,6,5,6,9,681,484,197,97,257,424,5.77180616740088,6.04452479338843,5.10177664974619,4.99536082474227,5.58035019455253,5.88785377358491,104
"104",2010,2,5.4,5,6.66666666666667,3.5,3.5,6.5,4.66666666666667,3,2,2,2,3,686,487,199,99,259,427,5.76909620991254,6.04835728952772,5.0856783919598,4.96515151515152,5.58745173745174,5.87927400468384,105
"105",2010,3,5.61111111111111,9,5.5,5.83333333333333,6,NA,5.61111111111111,6,3,2,0,9,695,493,202,101,259,436,5.76705035971223,6.04168356997972,5.09678217821782,4.98564356435644,5.58745173745174,5.87373853211009,106
"106",2010,4,6,3,6,6,NA,5,6.5,2,1,0,1,2,698,495,203,101,260,438,5.76805157593123,6.04151515151515,5.1012315270936,4.98564356435644,5.58519230769231,5.87659817351598,107
"107",2010,5,5.5,10,6.25,4.375,4.5,6.16666666666667,5.21428571428571,6,4,2,3,7,708,501,207,103,263,445,5.76426553672316,6.0440119760479,5.08719806763285,4.97621359223301,5.59182509505703,5.8661797752809,108
"108",2010,6,5.75,4,7,4.5,4,4.5,7,2,2,1,2,2,712,503,209,104,265,447,5.76418539325843,6.04781312127237,5.08157894736842,4.96682692307692,5.58358490566038,5.87125279642058,109
"109",2010,7,6.10714285714286,7,6.10714285714286,NA,NA,5.83333333333333,6.3125,7,0,0,3,4,719,510,209,104,268,451,5.76752433936022,6.04862745098039,5.08157894736842,4.96682692307692,5.58638059701493,5.87516629711752,110
"110",2010,8,6.33333333333333,6,6.66666666666667,6,4,6,7,3,3,2,4,2,725,513,212,106,272,453,5.77220689655172,6.05224171539961,5.09457547169811,4.94858490566038,5.59246323529412,5.88013245033113,111
"111",2010,9,7.56666666666667,6,9,6.85,7,8,7.48,2,4,1,1,5,731,515,216,107,273,458,5.78693570451436,6.06368932038835,5.12708333333333,4.9677570093458,5.60128205128205,5.89759825327511,112
"112",2010,10,6.68,5,7.8,5,5,7.1,5,3,2,2,4,1,736,518,218,109,277,459,5.7930027173913,6.07374517374517,5.12591743119266,4.96834862385321,5.62292418772563,5.89564270152505,113
"113",2010,11,6.25,6,6.33333333333333,6.16666666666667,5.75,7,6.1,3,3,2,1,5,742,521,221,111,278,464,5.79669811320755,6.07523992322457,5.14004524886878,4.98243243243243,5.62787769784173,5.89784482758621,114
"114",2010,12,6.14285714285714,14,6.4,5.5,5.66666666666667,5.91666666666667,6.3125,10,4,3,6,8,756,531,225,114,284,472,5.80310846560846,6.08135593220339,5.14644444444444,5.00043859649123,5.63397887323944,5.90487288135593,115
"115",2011,1,5.57692307692308,13,5.77272727272727,4.5,3,5.75,5.5,11,2,1,4,9,769,542,227,115,288,481,5.79928478543563,6.07509225092251,5.14074889867841,4.98304347826087,5.63559027777778,5.8972972972973,116
"116",2011,2,6.5,14,6.9,6.1,6.14,6.3,6.58,7,7,5,4,10,783,549,234,120,292,491,5.81181353767561,6.0856102003643,5.16944444444445,5.03125,5.64469178082192,5.9112016293279,117
"117",2011,3,6,14,7,4.2,4,6.2,5.88888888888889,9,5,3,5,9,797,558,239,123,297,500,5.81511919698871,6.10035842293907,5.14916317991632,5.00609756097561,5.65404040404041,5.9108,118
"118",2011,4,7.33333333333333,3,7.33333333333333,NA,NA,NA,7.33333333333333,3,0,0,0,3,800,561,239,123,297,503,5.8208125,6.10695187165775,5.14916317991632,5.00609756097561,5.65404040404041,5.91928429423459,119
"119",2011,5,5.90384615384615,13,5.975,5.66666666666667,5,6.41666666666667,5.75,10,3,2,3,10,813,571,242,125,300,513,5.82214022140221,6.10464098073555,5.15557851239669,5.006,5.66166666666667,5.91598440545809,120
"120",2011,6,5.625,10,6.1,5.15,4.5,6.25,5.35714285714286,5,5,2,3,7,823,576,247,127,303,520,5.81974483596598,6.10460069444445,5.15546558704454,4.99803149606299,5.66749174917492,5.90846153846154,121
"121",2011,7,6.25,2,6.25,NA,NA,5.5,7,2,0,0,1,1,825,578,247,127,304,521,5.82078787878788,6.10510380622837,5.15546558704454,4.99803149606299,5.66694078947368,5.910556621881,122
"122",2011,8,4.75,6,4.9,4,NA,5.5,4,5,1,0,3,3,831,583,248,127,307,524,5.81305655836342,6.09476843910806,5.1508064516129,4.99803149606299,5.66530944625407,5.89961832061069,123
"123",2011,9,6.12727272727273,11,6.425,5.33333333333333,5,6.2,6.11111111111111,8,3,2,2,9,842,591,251,129,309,533,5.81716152019002,6.0992385786802,5.15298804780877,4.99806201550388,5.66877022653722,5.9031894934334,124
"124",2011,10,5.25,4,6.5,4,3,6,5,2,2,1,1,3,846,593,253,130,310,536,5.81447990543735,6.10059021922428,5.14387351778656,4.98269230769231,5.66983870967742,5.89813432835821,125
"125",2011,11,6.00833333333333,12,5.84444444444444,6.5,6.5,6.875,5.575,9,3,3,4,8,858,602,256,133,314,544,5.81719114219114,6.09676079734219,5.159765625,5.01691729323308,5.68519108280255,5.89338235294118,126
"126",2011,12,5.25,8,5.16666666666667,5.5,5.5,5.25,5.25,6,2,2,4,4,866,608,258,135,318,548,5.81195150115473,6.08758223684211,5.16240310077519,5.02407407407408,5.67971698113208,5.88868613138686,127
"127",2012,1,5.73076923076923,13,6,5.3,4.875,6,5.61111111111111,8,5,4,4,9,879,616,263,139,322,557,5.81075085324232,6.08644480519481,5.16501901140684,5.01978417266187,5.68369565217392,5.88420107719928,128
"128",2012,2,5.95,10,5.83333333333333,6.125,6.16666666666667,5.75,6,6,4,3,2,8,889,622,267,142,324,565,5.8123172103487,6.08400321543408,5.17940074906367,5.04401408450704,5.68410493827161,5.8858407079646,129
"129",2012,3,5.875,4,5.83333333333333,6,NA,6,5.83333333333333,3,1,0,1,3,893,625,268,142,325,568,5.81259798432251,6.0828,5.18246268656716,5.04401408450704,5.68507692307692,5.88556338028169,130
"130",2012,4,6.17,10,6.24285714285714,6,6,5,6.4625,7,3,2,2,8,903,632,271,144,327,576,5.81655592469546,6.08457278481013,5.19151291512915,5.05729166666667,5.68088685015291,5.89357638888889,131
"131",2012,5,6.13636363636364,11,6.44444444444444,4.75,4,5.375,6.57142857142857,9,2,1,4,7,914,641,273,145,331,583,5.82040481400437,6.0896255850234,5.18827838827839,5.05,5.67719033232629,5.90171526586621,132
"132",2012,6,5.85,10,5.8125,6,NA,5.66666666666667,5.92857142857143,8,2,0,3,7,924,649,275,145,334,590,5.82072510822511,6.0862095531587,5.19418181818182,5.05,5.67709580838324,5.90203389830508,133
"133",2012,7,5.935,10,5.92857142857143,5.95,6,4.66666666666667,6.47857142857143,7,3,1,3,7,934,656,278,146,337,597,5.82194860813704,6.08452743902439,5.2023381294964,5.05650684931507,5.66810089020772,5.90879396984925,134
"134",2012,8,6.83333333333333,3,7.5,5.5,NA,7,6.75,2,1,0,1,2,937,658,279,146,338,599,5.82518676627535,6.08882978723404,5.20340501792115,5.05650684931507,5.67204142011834,5.91160267111853,135
"135",2012,9,5.5,4,6.33333333333333,3,NA,5,7,3,1,0,3,1,941,661,280,146,341,600,5.82380446333687,6.08993948562784,5.19553571428571,5.05650684931507,5.66612903225806,5.91341666666667,136
"136",2012,10,6.5,5,7.125,4,NA,NA,6.5,4,1,0,0,5,946,665,281,146,341,605,5.82737843551797,6.09616541353383,5.19128113879004,5.05650684931507,5.66612903225806,5.91826446280992,137
"137",2012,11,7,5,7.25,6,NA,NA,7,4,1,0,0,5,951,669,282,146,341,610,5.8335436382755,6.10306427503737,5.19414893617021,5.05650684931507,5.66612903225806,5.92713114754098,138
"138",2012,12,5.68181818181818,11,6.3,5.16666666666667,5,4.66666666666667,6.0625,5,6,2,3,8,962,674,288,148,344,618,5.83180873180873,6.10452522255193,5.19357638888889,5.05574324324324,5.65741279069767,5.92888349514563,139
"139",2013,1,5.76923076923077,13,5.75,6,NA,6,5.72727272727273,12,1,0,2,11,975,686,289,148,346,629,5.83097435897436,6.09832361516035,5.19636678200692,5.05574324324324,5.65939306358381,5.92535771065183,140
"140",2013,2,5.76923076923077,13,5.88888888888889,5.5,5.5,7,5.22222222222222,9,4,4,4,9,988,695,293,152,350,638,5.83016194331984,6.09561151079137,5.20051194539249,5.06743421052632,5.67471428571428,5.91543887147335,141
"141",2013,3,5.3,5,5.25,5.5,5.5,NA,5.3,4,1,1,0,5,993,699,294,153,350,643,5.82749244712991,6.09077253218884,5.2015306122449,5.0702614379085,5.67471428571428,5.9106531881804,142
"142",2013,4,6.94444444444444,9,7.25,6.7,5.75,7.125,6.8,4,5,2,4,5,1002,703,299,155,354,648,5.8375249500998,6.09736842105263,5.22658862876254,5.07903225806452,5.69110169491525,5.91751543209877,143
"143",2013,5,6.38888888888889,9,6.38888888888889,NA,NA,7.33333333333333,5.91666666666667,9,0,0,3,6,1011,712,299,155,357,654,5.84243323442136,6.10105337078652,5.22658862876254,5.07903225806452,5.70490196078431,5.91750764525994,144
"144",2013,6,6.3,10,6.75,4.5,3,6.66666666666667,6.14285714285714,8,2,1,3,7,1021,720,301,156,360,661,5.84691478942213,6.10826388888889,5.22176079734219,5.06570512820513,5.71291666666667,5.91989409984871,145
"145",2013,7,7.33333333333333,6,8,6,6,10,6.8,4,2,1,1,5,1027,724,303,157,361,666,5.8555988315482,6.11871546961326,5.22689768976898,5.07165605095542,5.72479224376731,5.9265015015015,146
"146",2013,8,5.90909090909091,11,6.125,5.33333333333333,4,5.5,6.14285714285714,8,3,1,4,7,1038,732,306,158,365,673,5.85616570327553,6.11878415300546,5.22794117647059,5.06487341772152,5.72232876712329,5.92875185735513,147
"147",2013,9,6.375,4,6.5,6.25,6.25,6.5,6.33333333333333,2,2,2,1,3,1042,734,308,160,366,676,5.85815738963532,6.11982288828338,5.23457792207792,5.0796875,5.72445355191257,5.93054733727811,148
"148",2013,10,6,8,6.28571428571429,4,4,5.5,6.16666666666667,7,1,1,2,6,1050,741,309,161,368,682,5.85923809523809,6.12139001349528,5.23058252427184,5.07298136645963,5.72323369565217,5.93262463343109,149
"149",2013,11,5.9,5,5.9,NA,NA,NA,5.9,5,0,0,0,5,1055,746,309,161,368,687,5.85943127962085,6.11990616621984,5.23058252427184,5.07298136645963,5.72323369565217,5.93238719068413,150
"150",2013,12,5.80769230769231,13,6.05,5,5.5,5.25,6.05555555555556,10,3,2,4,9,1068,756,312,163,372,696,5.85880149812734,6.11898148148148,5.22836538461539,5.07822085889571,5.71814516129032,5.93397988505747,151
"151",2014,1,6.10526315789474,19,6.26923076923077,5.75,5.66666666666667,6.4,6,13,6,3,5,14,1087,769,318,166,377,710,5.86310947562097,6.12152145643693,5.23820754716981,5.08885542168675,5.72718832891247,5.93528169014085,152
"152",2014,2,6.31818181818182,11,6.5,5.83333333333333,5.75,7.16666666666667,6,8,3,2,3,8,1098,777,321,168,380,718,5.86766848816029,6.12541827541827,5.24376947040499,5.09672619047619,5.73855263157895,5.93600278551532,153
"153",2014,3,6.45,6,7.375,4.6,5,6.75,6.3,4,2,2,2,4,1104,781,323,170,382,722,5.87083333333333,6.13181818181818,5.23978328173375,5.09558823529412,5.74384816753927,5.93801939058172,154
"154",2014,4,5.90909090909091,11,5.90909090909091,NA,NA,5,6,11,0,0,1,10,1115,792,323,170,383,732,5.87121076233184,6.12872474747475,5.23978328173375,5.09558823529412,5.74190600522193,5.93886612021858,155
"155",2014,5,6.75,10,7.1875,5,6,6.5,6.8125,8,2,1,2,8,1125,800,325,171,385,740,5.87902222222222,6.1393125,5.23830769230769,5.10087719298246,5.74584415584416,5.94831081081081,156
"156",2014,6,6.15,10,6.11111111111111,6.5,6.5,5.5,6.3125,9,1,1,2,8,1135,809,326,172,387,748,5.88140969162995,6.13899876390606,5.24217791411043,5.10901162790698,5.74457364341085,5.95220588235294,157
"157",2014,7,5.79166666666667,12,6.45,2.5,4,5.33333333333333,5.94444444444444,10,2,1,3,9,1147,819,328,173,390,757,5.88047079337402,6.14279609279609,5.22545731707317,5.10260115606937,5.74141025641026,5.95211360634082,158
"158",2014,8,5.85,10,5.78,5.92,4.8,4.8,6.1125,5,5,2,2,8,1157,824,333,175,392,765,5.88020743301642,6.14059466019417,5.23588588588589,5.09914285714286,5.73660714285714,5.9537908496732,159
"159",2014,9,6.42857142857143,7,6.6,6,5,6.75,6,5,2,1,4,3,1164,829,335,176,396,768,5.88350515463917,6.14336550060313,5.24044776119403,5.09857954545455,5.74684343434343,5.95397135416667,160
"160",2014,10,5.65833333333333,12,6.1,4.33333333333333,4.33333333333333,4.95,5.8,9,3,3,2,10,1176,838,338,179,398,778,5.8812074829932,6.14289976133651,5.23239644970414,5.08575418994414,5.7428391959799,5.95199228791774,161
"161",2014,11,5.72222222222222,9,5.5,6.5,7,7.33333333333333,4.91666666666667,7,2,1,3,6,1185,845,340,180,401,784,5.88,6.13757396449704,5.23985294117647,5.09638888888889,5.75473815461347,5.94406887755102,162
"162",2014,12,5.4,15,6.275,4.4,4.625,7,5.15384615384615,8,7,4,2,13,1200,853,347,184,403,797,5.874,6.13886283704572,5.22291066282421,5.08614130434783,5.76091811414392,5.93117942283563,163
"163",2015,1,5.60714285714286,14,5.77272727272727,5,5.33333333333333,5.5,5.65,11,3,3,4,10,1214,864,350,187,407,807,5.87092257001647,6.13420138888889,5.221,5.09010695187166,5.75835380835381,5.92769516728625,164
"164",2015,2,5.83333333333333,9,5.9,5.75,5.75,4,6.0625,5,4,4,1,8,1223,869,354,191,408,815,5.87064595257563,6.13285385500575,5.22697740112995,5.10392670157068,5.75404411764706,5.92901840490798,165
"165",2015,3,6.15714285714286,14,6.64285714285714,5.67142857142857,6,5.8,6.35555555555556,7,7,3,5,9,1237,876,361,194,413,824,5.87388843977365,6.13692922374429,5.23559556786704,5.11778350515464,5.7546004842615,5.93367718446602,166
"166",2015,4,6.90833333333333,12,6.99090909090909,6,NA,7.1,6.8125,11,1,0,4,8,1249,887,362,194,417,832,5.88382706164932,6.14751972942503,5.23770718232044,5.11778350515464,5.76750599520384,5.94212740384615,167
"167",2015,5,6.32142857142857,14,6.88888888888889,5.3,5.5,5.5,6.45833333333333,9,5,2,2,12,1263,896,367,196,419,844,5.88867775138559,6.15496651785714,5.23855585831063,5.12168367346939,5.76622911694511,5.94946682464455,168
"168",2015,6,5.71428571428571,7,6.5,5.4,6.33333333333333,5,6.66666666666667,2,5,3,4,3,1270,898,372,199,423,847,5.88771653543307,6.15573496659242,5.24072580645161,5.13994974874372,5.75898345153664,5.95200708382527,169
"169",2015,7,6,10,6.14285714285714,5.66666666666667,7,6.5,5.875,7,3,1,2,8,1280,905,375,200,425,855,5.88859375,6.15563535911602,5.24413333333333,5.14925,5.76247058823529,5.9512865497076,170
"170",2015,8,6.5,5,7.5,5.83333333333333,6,NA,6.5,2,3,2,0,5,1285,907,378,202,425,860,5.89097276264591,6.15859977949283,5.24880952380953,5.15767326732673,5.76247058823529,5.95447674418605,171
"171",2015,9,6.21428571428571,7,6.2,6.25,6.5,NA,6.21428571428571,5,2,1,0,7,1292,912,380,203,425,867,5.89272445820433,6.15882675438596,5.25407894736842,5.16428571428571,5.76247058823529,5.95657439446367,172
"172",2015,10,5.875,6,5.95,5.5,5.5,5.5,5.95,5,1,1,1,5,1298,917,381,204,426,872,5.89264252696456,6.1576881134133,5.25472440944882,5.16593137254902,5.7618544600939,5.95653669724771,173
"173",2015,11,5.4125,8,6.66666666666667,4.66,4.43333333333333,4,5.88333333333333,3,5,3,2,6,1306,920,386,207,428,878,5.88970137825421,6.15934782608695,5.2470207253886,5.15531400966184,5.7536214953271,5.95603644646925,174
"174",2015,12,5.65384615384615,13,6.11111111111111,4.625,2,6.1,5.375,9,4,1,5,8,1319,929,390,208,433,886,5.88737680060652,6.1588805166846,5.24064102564103,5.14014423076923,5.75762124711316,5.95079006772009,175
"175",2016,1,6.125,12,5.92857142857143,6.4,5,6,6.13636363636364,7,5,1,1,11,1331,936,395,209,434,897,5.88951915852742,6.15715811965812,5.2553164556962,5.13947368421053,5.7581797235023,5.95306577480491,176
"176",2016,2,5.91176470588235,17,6.5625,5.33333333333333,5.14285714285714,6.14285714285714,5.75,8,9,7,7,10,1348,944,404,216,441,907,5.88979970326409,6.16059322033898,5.25705445544555,5.13958333333333,5.76428571428571,5.95082690187431,177
"177",2016,3,6.28461538461538,13,6.85555555555556,5,5,NA,6.28461538461538,9,4,1,0,13,1361,953,408,217,441,920,5.89357090374724,6.16715634837355,5.25453431372549,5.1389400921659,5.76428571428571,5.95554347826087,178
"178",2016,4,6.40909090909091,11,6.5,6,8,6.625,6.28571428571429,9,2,1,4,7,1372,962,410,218,445,927,5.89770408163265,6.17027027027027,5.25817073170732,5.15206422018349,5.77202247191011,5.95803667745415,179
"179",2016,5,6.57142857142857,14,6.75,5.5,6,9,6.38461538461539,12,2,1,1,13,1386,974,412,219,446,940,5.90450937950938,6.17741273100616,5.25934466019418,5.15593607305936,5.7792600896861,5.96393617021277,180
"180",2016,6,5.64285714285714,14,6.5,4.5,4.75,5.75,5.6,8,6,4,4,10,1400,982,418,223,450,950,5.90189285714286,6.18004073319755,5.24844497607656,5.14865470852018,5.779,5.9601052631579,181
"181",2016,7,5.96666666666667,21,6.525,5.22222222222222,4.66666666666667,5,6.26875,12,9,3,5,16,1421,994,427,226,455,966,5.90285010555946,6.18420523138833,5.24789227166276,5.14225663716814,5.77043956043956,5.96521739130435,182
"182",2016,8,5.85454545454545,22,6.25333333333333,5,5.4,7.375,5.51666666666667,15,7,5,4,18,1443,1009,434,231,459,984,5.90211365211365,6.18523290386521,5.24389400921659,5.1478354978355,5.78442265795207,5.95701219512195,183
"183",2016,9,6.13333333333333,15,6.77777777777778,5.16666666666667,4.66666666666667,5.75,6.27272727272727,9,6,3,4,11,1458,1018,440,234,463,995,5.90449245541838,6.19047151277014,5.24284090909091,5.14166666666667,5.7841252699784,5.96050251256281,184
"184",2016,10,6.85714285714286,14,6.83333333333333,7,7,6.4,7.11111111111111,12,2,1,5,9,1472,1030,442,235,468,1004,5.91355298913043,6.19796116504854,5.25079185520362,5.14957446808511,5.79070512820513,5.97081673306773,185
"185",2016,11,5.9625,20,6.23076923076923,5.46428571428571,5,6.29166666666667,5.82142857142857,13,7,2,6,14,1492,1043,449,237,474,1018,5.9142091152815,6.19837008628955,5.25412026726058,5.14831223628692,5.79704641350211,5.96876227897839,186
"186",2016,12,6.11111111111111,27,6.38888888888889,5.55555555555556,5,5.4,6.27272727272727,18,9,6,5,22,1519,1061,458,243,479,1040,5.91770901909151,6.20160226201696,5.26004366812227,5.14465020576132,5.7929018789144,5.97519230769231,187
"187",2017,1,6.42,25,6.5,5.83333333333333,6.75,6.85714285714286,6.25,22,3,2,7,18,1544,1083,461,245,486,1058,5.92584196891191,6.20766389658356,5.26377440347072,5.15775510204082,5.8082304526749,5.97986767485822,188
"188",2017,2,6.35384615384615,26,6.5,5.86666666666667,7,6.67142857142857,6.23684210526316,20,6,1,7,19,1570,1103,467,246,493,1077,5.93292993630573,6.21296464188576,5.27152034261242,5.16524390243903,5.82048681541582,5.98440111420613,189
"189",2017,3,6.93636363636364,22,7.225,6.16666666666667,5.33333333333333,6.9,6.94705882352941,16,6,3,5,17,1592,1119,473,249,498,1094,5.94679648241206,6.22743521000893,5.28287526427061,5.16726907630522,5.83132530120482,5.99936014625229,190
"190",2017,4,6.50526315789474,19,6.70666666666667,5.75,5.75,6.3,6.57857142857143,15,4,4,5,14,1611,1134,477,253,503,1108,5.95338299193048,6.23377425044092,5.28679245283019,5.17648221343874,5.83598409542743,6.00667870036101,191
"191",2017,5,5.85,18,6.15333333333333,4.33333333333333,NA,7,5.62,15,3,0,3,15,1629,1149,480,253,506,1123,5.95224063842848,6.23272410791993,5.28083333333333,5.17648221343874,5.84288537549407,6.00151380231523,192
"192",2017,6,6.48421052631579,19,6.81333333333333,5.25,5,6.74285714285714,6.33333333333333,15,4,1,7,12,1648,1164,484,254,513,1135,5.95837378640777,6.24020618556701,5.28057851239669,5.1757874015748,5.8551656920078,6.00502202643172,193
"193",2017,7,5.69,20,5.92307692307692,5.25714285714286,4.96,5.5,5.7,13,7,5,1,19,1668,1177,491,259,514,1154,5.95515587529976,6.23670348343246,5.28024439918534,5.17162162162162,5.8544747081712,6,194
"194",2017,8,6.20588235294118,17,6.60714285714286,4.33333333333333,5,5,7.05,14,3,1,7,10,1685,1191,494,260,521,1164,5.95768545994065,6.24105793450882,5.27449392712551,5.17096153846154,5.84299424184261,6.0090206185567,195
"195",2017,9,5.79166666666667,12,6.14285714285714,5.3,5.125,6.5,5.65,7,5,4,2,10,1697,1198,499,264,523,1174,5.95651149086623,6.24048414023372,5.274749498998,5.17026515151515,5.84550669216061,6.00596252129472,196
"196",2017,10,6.29545454545455,22,6.16666666666667,6.57142857142857,6,6.5,6.275,15,7,3,2,20,1719,1213,506,267,525,1194,5.9608493310064,6.23957131079967,5.29268774703557,5.17958801498127,5.848,6.0104690117253,197
"197",2017,11,5.83846153846154,26,6.2,5.41666666666667,5.5,6.225,5.66666666666667,14,12,6,8,18,1745,1227,518,273,533,1212,5.95902578796561,6.23911980440098,5.29555984555985,5.18663003663004,5.85365853658536,6.00536303630363,198
"198",2017,12,5.54,20,6.35833333333333,4.3125,4.8,5.61428571428571,5.5,12,8,5,7,13,1765,1239,526,278,540,1225,5.9542776203966,6.24027441485069,5.28060836501901,5.17967625899281,5.85055555555556,6,199
"199",2018,1,6.03617021276596,47,6.1969696969697,5.65714285714286,5.93636363636364,6.52727272727273,5.88611111111111,33,14,11,11,36,1812,1272,540,289,551,1261,5.95640176600441,6.23915094339623,5.29037037037037,5.20847750865052,5.86406533575318,5.99674861221253,200
"200",2018,2,6.57619047619048,21,6.63684210526316,6,NA,7,6.50555555555556,19,2,0,3,18,1833,1291,542,289,554,1279,5.96350245499181,6.24500387296669,5.2929889298893,5.20847750865052,5.87021660649819,6.00390930414386,201
"201",2018,3,5.67,20,5.90769230769231,5.22857142857143,5.26666666666667,5.375,5.74375,13,7,6,4,16,1853,1304,549,295,558,1295,5.96033459255262,6.24164110429448,5.29216757741348,5.20966101694915,5.86666666666667,6.00069498069498,202
"202",2018,4,6.54509823529412,17,6.68444466666667,5.5,5,5,6.75111133333333,15,2,1,2,15,1870,1319,551,296,560,1310,5.96565062566845,6.24667677786202,5.2929219600726,5.2089527027027,5.86357142857143,6.00928753435115,203
"203",2018,5,5.375,12,6.75,4,3.6,4.75,5.5,6,6,5,2,10,1882,1325,557,301,562,1320,5.96188452178533,6.24895597735849,5.27899461400359,5.18222591362126,5.85960854092527,6.00542929545455,204
"204",2018,6,6,12,6.14285714285714,5.8,4.66666666666667,4.33333333333333,6.55555555555556,7,5,3,3,9,1894,1332,562,304,565,1329,5.96212601372756,6.2483984009009,5.28362989323843,5.17713815789474,5.85150442477876,6.00915475545523,205
"205",2018,7,6.00833333333333,12,6.1375,5.75,4.5,9.3,5.70909090909091,8,4,2,1,11,1906,1340,566,306,566,1340,5.96241693074501,6.24773632089552,5.286925795053,5.17271241830065,5.85759717314488,6.00669154477612,206
"206",2018,8,5.9244,25,6.2725,5.30555555555556,5.21875,5.402,6.055,16,9,8,5,20,1931,1356,575,314,571,1360,5.96192473847747,6.24802851769912,5.28721739130435,5.17388535031847,5.85360770577933,6.00740196323529,207
"207",2018,9,6.46875,16,6.88888888888889,5.92857142857143,5,7.5,6.125,9,7,2,4,12,1947,1365,582,316,575,1372,5.96608971237802,6.25225397069597,5.29493127147766,5.17278481012658,5.86506086956522,6.00843051749271,208
"208",2018,10,6.40588235294118,17,6.41538461538462,6.375,6.25,7.2,6.3,13,4,2,2,15,1964,1378,586,318,577,1387,5.96989647148676,6.25379293904209,5.30230375426621,5.17955974842767,5.86968804159446,6.01158375630858,209
"209",2018,11,6.035,20,6.12142857142857,5.83333333333333,6,7.25,5.73125,14,6,2,4,16,1984,1392,592,320,581,1403,5.97055275705645,6.25246168821839,5.30768581081081,5.1846875,5.87919104991394,6.00838679258731,210
"210",2018,12,5.71428571428571,28,5.75,5.58333333333333,5.83333333333333,6.16666666666667,5.59090909090909,22,6,3,6,22,2012,1414,598,323,587,1425,5.96698641650099,6.24464403818954,5.31045150501672,5.19071207430341,5.88212947189097,6.00194152280702,211
"211",2019,1,5.95333333333333,21,6.54,4.48666666666667,3.73,7,5.70705882352941,15,6,4,4,17,2033,1429,604,327,591,1442,5.96684538612887,6.24774434569629,5.30226821192053,5.17284403669725,5.88969543147208,5.99846509708738,212
"212",2019,2,6.78157894736842,19,6.78157894736842,NA,NA,6.7,6.796875,19,0,0,3,16,2052,1448,604,327,594,1458,5.97438921539961,6.25474908149172,5.30226821192053,5.17284403669725,5.89378787878788,6.00722679698217,213
"213",2019,3,5.32307692307692,13,5.42,5,5,6,5.12,10,3,1,3,10,2065,1458,607,328,597,1468,5.97028894430993,6.24902377914952,5.30077429983526,5.17231707317073,5.8943216080402,6.00118301771117,214
"214",2019,4,5.76666666666667,18,5.86923076923077,5.5,4.5,6.33333333333333,5.65333333333333,13,5,2,3,15,2083,1471,612,330,600,1483,5.96852936629861,6.24566734874235,5.30240196078431,5.16824242424242,5.89651666666667,5.99766464598786,215
"215",2019,5,6.05555555555556,18,6.125,5.5,NA,5.66666666666667,6.13333333333333,16,2,0,3,15,2101,1487,614,330,603,1498,5.9692749500238,6.24436897780767,5.30304560260586,5.16824242424242,5.89537313432836,5.99902314419226,216
"216",2019,6,6.22727272727273,11,6.22727272727273,NA,NA,5,6.35,11,0,0,1,10,2112,1498,614,330,604,1508,5.97061868844697,6.24424343791723,5.30304560260586,5.16824242424242,5.89389072847682,6.00135057692308,217
"217",2019,7,6.02777777777778,18,6.23333333333333,5,5,6,6.03125,15,3,3,2,16,2130,1513,617,333,606,1524,5.97110172300469,6.24413527428949,5.30157212317666,5.16672672672673,5.89424092409241,6.0016644816273,218
"218",2019,8,5.935,24,6.19157894736842,4.96,3,5,6.06857142857143,19,5,1,3,21,2154,1532,622,334,609,1545,5.97069947539461,6.24348346605744,5.29882636655949,5.16023952095808,5.88983579638752,6.00257389644013,219
"219",2019,9,6.57454545454545,11,6.632,6,6,6,6.70222222222222,10,1,1,2,9,2165,1542,623,335,611,1554,5.97376751501155,6.24600302853437,5.2999518459069,5.16274626865672,5.89019639934534,6.00662591377091,220
"220",2019,10,5.78571428571429,14,6.55555555555556,4.4,6,5.375,5.95,9,5,4,4,10,2179,1551,628,339,615,1564,5.972559279486,6.24779927143778,5.29278662420382,5.17262536873156,5.88684552845528,6.00626385549872,221
"221",2019,11,5.53017045454545,22,5.96153846153846,4.90708333333333,4.7909375,4.125,5.84243055555556,13,9,4,4,18,2201,1564,637,343,619,1582,5.96813740118128,6.2454198657289,5.28733712715856,5.16817419825073,5.87546042003231,6.00439975979773,222
"222",2019,12,6.14705882352941,17,6.29166666666667,5.8,6,6.33333333333333,6.10714285714286,12,5,1,3,14,2218,1576,642,344,622,1596,5.96950875563571,6.24577199873097,5.29132982866044,5.17059229651163,5.87766881028939,6.00530101503759,223
"223",2020,1,6.24642857142857,28,6.39166666666667,5.375,6,5.98,6.30434782608696,24,4,1,5,23,2246,1600,646,345,627,1619,5.9729610062333,6.24796041875,5.29184791021672,5.17299637681159,5.87848484848485,6.00954936380482,224
"224",2020,2,6.74074074074074,27,7,5.6,6,7.5,6.475,22,5,3,7,20,2273,1622,651,348,634,1639,5.98208113506379,6.25816070900123,5.29421466973886,5.1801257183908,5.8963880126183,6.0152290543014,225
"225",2020,3,5.85416666666667,24,7.03571428571429,4.2,5.66666666666667,7,5.80434782608696,14,10,3,1,23,2297,1636,661,351,635,1662,5.98074463212886,6.26481459046455,5.27766074130106,5.18428418803419,5.89812598425197,6.01231072202166,226
"226",2020,4,6.3,20,6.47222222222222,4.75,5.5,6.41666666666667,6.25,18,2,1,6,14,2317,1654,663,352,641,1676,5.98350039706517,6.26707174727932,5.27606900452489,5.18518110795454,5.90297971918877,6.01429619331742,227
"227",2020,5,6.36923076923077,26,6.54782608695652,5,5,8,6.304,23,3,1,1,25,2343,1677,666,353,642,1701,5.9877808023901,6.27092228384019,5.27482545045045,5.18465651558074,5.906246105919,6.01855403880071,228
"228",2020,6,5.95,20,6.5,3.75,5,4.5,6.11111111111111,16,4,2,2,18,2363,1693,670,355,644,1719,5.9874610325857,6.27308722386297,5.26572201492537,5.1836161971831,5.90187888198758,6.01952322280396,229
"229",2020,7,5.9375,16,6.58333333333333,4,5,7.5,5.71428571428571,12,4,2,2,14,2379,1705,674,357,646,1733,5.98712501891551,6.27527077419355,5.2582103115727,5.18258753501401,5.906826625387,6.01705736872476,230
"230",2020,8,6.46428571428571,28,6.56521739130435,6,5.66666666666667,5.57142857142857,6.76190476190476,23,5,3,7,21,2407,1728,679,360,653,1754,5.99267570419609,6.27913001736111,5.26367268041237,5.18662152777778,5.90323124042879,6.02597515393387,231
"231",2020,9,5.77473684210526,19,6.522,4.94444444444444,3.66666666666667,7,5.63058823529412,10,9,3,2,17,2426,1738,688,363,655,1771,5.99096884583677,6.28052742807825,5.25949672965117,5.17405991735537,5.90658015267176,6.02217979672501,232
"232",2020,10,6.7,21,6.80588235294118,6.25,7,7,6.65,17,4,2,3,18,2447,1755,692,365,658,1789,5.99705370657948,6.28561633618234,5.26522218208093,5.18406506849315,5.91156534954407,6.02849660145333,233
"233",2020,11,6.02,21,6.50125,4.48,4.13333333333333,3.5,6.28526315789474,16,5,3,2,19,2468,1771,697,368,660,1808,5.99724895461912,6.28756446640316,5.25958931133429,5.17549932065217,5.90425757575758,6.03119492256637,234
"234",2020,12,5.67,36,6.2048,4.45454545454545,3.625,6.75,5.535,25,11,4,4,32,2504,1796,708,372,664,1840,5.99254409744409,6.28641239977728,5.24708156779661,5.15882728494624,5.90935240963855,6.02256544565217,235
"235",2021,1,6.40357142857143,28,6.58695652173913,5.56,6,8.25,6.26153846153846,23,5,1,2,26,2532,1819,713,373,666,1866,5.99708942338073,6.29021257284222,5.24927594670407,5.16108243967828,5.91638138138138,6.02589518756699,236
"236",2021,2,6.6115,16,7.16666666666667,4.946,4.292,6.571,6.625,12,4,2,4,12,2548,1831,717,375,670,1878,6.00094757456829,6.29595667394866,5.24758403068341,5.15644733333333,5.92028955223881,6.02972333333333,237
"237",2021,3,5.98095238095238,21,6.03333333333333,5.66666666666667,6,6.5,5.85882352941176,18,3,1,4,17,2569,1849,720,376,674,1895,6.00078412611911,6.2934000378583,5.24933020833334,5.15869082446808,5.92372997032641,6.02819019525066,238
"238",2021,4,5.96875,16,6.10714285714286,5,4.5,4.25,6.21428571428571,14,2,1,2,14,2585,1863,722,377,676,1909,6.00058584912959,6.292000359635,5.24863954293629,5.15694363395225,5.91877810650888,6.02955496071242,239
"239",2021,5,5.75,16,6.58333333333333,3.25,5,3,6.38461538461539,12,4,1,3,13,2601,1875,726,378,679,1922,5.99904437524029,6.29386489066667,5.23762775482094,5.15652843915344,5.90588217967599,6.03195651404787,240
"240",2021,6,5.3625,16,5.8,4.4,4.5,5.5,5.34285714285714,11,5,2,2,14,2617,1886,731,380,681,1936,5.99515262514329,6.2909844485684,5.23189842681259,5.15307302631579,5.90469016152717,6.02697335743802,241
"241",2021,7,5.76923076923077,13,6.3,4,NA,5.33333333333333,5.9,10,3,0,3,10,2630,1896,734,380,684,1946,5.99403590114068,6.29103199894515,5.22686341961853,5.15307302631579,5.90218421052632,6.02632087358685,242
"242",2021,8,6.08695652173913,23,6.58333333333333,5.54545454545455,5.6,5.28571428571429,6.4375,12,11,5,7,16,2653,1908,745,385,691,1962,5.99484147003392,6.2928703721174,5.23156744966443,5.15887727272727,5.89593921852388,6.02967401630989,243
"243",2021,9,4.90666666666667,15,5.6,3,2.5,4.65,5,11,4,2,4,11,2668,1919,749,387,695,1973,5.98872354572714,6.28889873371548,5.21964986648865,5.14513630490956,5.88876834532374,6.02393330968069,244
"244",2021,10,6.52,15,7.5,5.6625,6.25,5.33333333333333,6.81666666666667,7,8,4,3,12,2683,1926,757,391,698,1985,5.99169378307864,6.2933004517134,5.22432992073976,5.15643925831202,5.88638108882521,6.02872565239295,245
"245",2021,11,5.70833333333333,12,6.66666666666667,4.75,5.66666666666667,5.75,5.7,6,6,3,2,10,2695,1932,763,394,700,1995,5.99043206679035,6.29445997412008,5.2205999344692,5.16032423857868,5.88599142857143,6.0270779047619,246
"246",2021,12,6.40476190476191,21,6.41666666666667,6.33333333333333,NA,5.5,6.61764705882353,18,3,0,4,17,2716,1950,766,394,704,2012,5.99363564801178,6.29558803589744,5.22495789817233,5.16032423857868,5.88379829545454,6.03206780318092,247
"247",2022,1,5.61051724137931,29,6.08119047619048,4.375,4.125,6.125,5.5282,21,8,4,4,25,2745,1971,774,398,708,2037,5.98958813114754,6.29330373921867,5.21617280361757,5.14991896984924,5.88516101694915,6.02588385861561,248
"248",2022,2,5.68235294117647,17,5.7,5.625,4,6.5,5.57333333333333,13,4,1,2,15,2762,1984,778,399,710,2052,5.98769711078928,6.28941616431452,5.21827474293059,5.14703696741855,5.88689295774648,6.02257574074074,249
"249",2022,3,6.4,15,6.31818181818182,6.625,5,6,6.42857142857143,11,4,1,1,14,2777,1995,782,400,711,2066,5.98992416996759,6.28957477192983,5.2254702685422,5.146669375,5.88705203938115,6.02532692158761,250
"250",2022,4,5.888125,16,6.30769230769231,4.07,5,4.21,6,13,3,1,1,15,2793,2008,785,401,712,2081,5.98934100250626,6.28969206673307,5.22105445859873,5.1463036159601,5.88469662921348,6.02514436328688,251
"251",2022,5,5.83333333333333,6,6.2,4,4,7,5.6,5,1,1,1,5,2799,2013,786,402,713,2086,5.98900658092176,6.28946928464978,5.21950095419848,5.14345211442786,5.88626086956522,6.02412532118888,252
"252",2022,6,6.18703703703704,27,6.39347826086957,5,4,5.6,6.32045454545455,23,4,1,5,22,2826,2036,790,403,718,2108,5.99089859164897,6.29064423870334,5.21838955696203,5.14061476426799,5.88426740947075,6.02721794117647,253
"253",2022,7,6.205,20,6.2,6.25,5,6.9,6.03125,18,2,1,4,16,2846,2054,792,404,722,2124,5.9924031693605,6.28984988802337,5.22099463383839,5.14026670792079,5.88989473684211,6.02724831450094,254
"254",2022,8,5.32214285714286,14,5.851,4,4,3.66666666666667,5.77363636363636,10,4,3,3,11,2860,2064,796,407,725,2135,5.98912217482517,6.28772367732558,5.21485898241206,5.13186179361179,5.88069517241379,6.02594164871194,255
"255",2022,9,5.79411764705882,17,5.89285714285714,5.33333333333333,4,5.5,5.83333333333333,14,3,1,2,15,2877,2078,799,408,727,2150,5.98796990615224,6.28506336381136,5.21530381727159,5.12908762254902,5.87964786795048,6.02459786976744,256
"256",2022,10,5.6951,10,5.743875,5.5,4,5.33333333333333,5.85014285714286,8,2,1,3,7,2887,2086,801,409,730,2157,5.98695546241773,6.28298785714286,5.21601466916355,5.12632701711491,5.87740273972603,6.02403171998146,257
"257",2022,11,5.90789473684211,19,7.1,4.58333333333333,3.5,5.625,5.98333333333333,10,9,2,4,15,2906,2096,810,411,734,2172,5.98643854783207,6.2868858158397,5.20898487654321,5.11841301703163,5.8760272479564,6.02375065377532,258
"258",2022,12,6.375,10,6.4375,6.125,NA,9,6.08333333333333,8,2,0,1,9,2916,2104,812,411,735,2181,5.98777106310013,6.28745849334601,5.21124107142857,5.11841301703163,5.88027755102041,6.02399652453003,259
