"","year","month","avg_rating","no_ratings","avg_rating_owned","avg_rating_not_owned","avg_rating_prev_owned","avg_rating_comment","avg_rating_no_comment","no_ratings_owned","no_ratings_not_owned","no_ratings_prev_owned","no_ratings_comment","no_ratings_no_comment","cum_no_ratings","cum_no_ratings_owned","cum_no_ratings_not_owned","cum_no_ratings_prev_owned","cum_no_ratings_comment","cum_no_ratings_no_comment","cum_avg_rating","cum_avg_rating_owned","cum_avg_rating_not_owned","cum_avg_rating_prev_owned","cum_avg_rating_comment","cum_avg_rating_no_comment","month_after_release"
"1",2012,9,7,1,7,NA,NA,NA,7,1,0,0,0,1,1,1,0,0,0,1,7,7,NA,NA,NA,7,-2
"2",2012,10,7.15,2,8,6.3,NA,6.3,8,1,1,0,1,1,3,2,1,0,1,2,7.1,7.5,6.3,NA,6.3,7.5,-1
"3",2012,11,8.04464285714286,28,8.65277777777778,6.95,8.5,8.08333333333333,8.015625,18,10,2,12,16,31,20,11,2,13,18,7.95322580645161,8.5375,6.89090909090909,8.5,7.94615384615385,7.95833333333333,0
"4",2012,12,7.25555555555556,18,7.60666666666667,5.5,NA,7.0125,7.45,15,3,0,8,10,49,35,14,2,21,28,7.6969387755102,8.13857142857143,6.59285714285714,8.5,7.59047619047619,7.77678571428571,1
"5",2013,1,7.7,20,8.5,6.9,8,7.72727272727273,7.66666666666667,10,10,1,11,9,69,45,24,3,32,37,7.69782608695652,8.21888888888889,6.72083333333333,8.33333333333333,7.6375,7.75,2
"6",2013,2,7.625,16,8.2,6.66666666666667,4,7.9,7.5,10,6,1,5,11,85,55,30,4,37,48,7.68411764705882,8.21545454545455,6.71,7.25,7.67297297297297,7.69270833333333,3
"7",2013,3,7.96521739130435,23,8.26,7.4125,8,7.14285714285714,8.325,15,8,3,7,16,108,70,38,7,44,64,7.74398148148148,8.225,6.85789473684211,7.57142857142857,7.58863636363636,7.85078125,4
"8",2013,4,8.02692307692308,52,8.55,7.31363636363636,8.125,7.75,8.2,30,22,8,20,32,160,100,60,15,64,96,7.8359375,8.3225,7.025,7.86666666666667,7.6390625,7.9671875,5
"9",2013,5,7.3109756097561,41,8.1578947368421,6.57954545454545,7.95833333333333,7.23611111111111,7.3695652173913,19,22,6,18,23,201,119,82,21,82,119,7.72885572139303,8.29621848739496,6.90548780487805,7.89285714285714,7.55060975609756,7.85168067226891,6
"10",2013,6,7.72916666666667,24,8.68181818181818,6.92307692307692,8,8.125,7.53125,11,13,1,8,16,225,130,95,22,90,135,7.72888888888889,8.32884615384616,6.90789473684211,7.89772727272727,7.60166666666667,7.8137037037037,7
"11",2013,7,7.61041666666667,24,8.49285714285714,6.375,7.16666666666667,8.27142857142857,7.33823529411765,14,10,3,7,17,249,144,105,25,97,152,7.71746987951807,8.34479166666667,6.85714285714286,7.81,7.65,7.76052631578947,8
"12",2013,8,7.47222222222222,18,8.75,5.875,NA,8,7.26923076923077,10,8,0,5,13,267,154,113,25,102,165,7.70093632958802,8.3711038961039,6.78761061946903,7.81,7.6671568627451,7.72181818181818,9
"13",2013,9,8.00625,16,8.7625,7.25,7.33333333333333,8,8.00909090909091,8,8,3,5,11,283,162,121,28,107,176,7.71819787985866,8.39043209876543,6.81818181818182,7.75892857142857,7.68271028037383,7.73977272727273,10
"14",2013,10,7.5304347826087,23,8.09230769230769,6.8,7.5,6.83333333333333,7.77647058823529,13,10,2,6,17,306,175,131,30,113,193,7.70408496732026,8.36828571428572,6.81679389312977,7.74166666666667,7.63761061946903,7.74300518134715,11
"15",2013,11,7.045,20,8.23333333333333,6.07272727272727,8.375,6.25,7.24375,9,11,4,4,16,326,184,142,34,117,209,7.66365030674847,8.3616847826087,6.75915492957746,7.81617647058824,7.59017094017094,7.70478468899521,12
"16",2013,12,7.7171875,32,8.41842105263158,6.69230769230769,9,8.46666666666667,7.42391304347826,19,13,1,9,23,358,203,155,35,126,232,7.66843575418994,8.36699507389163,6.75354838709677,7.85,7.65277777777778,7.67693965517241,13
"17",2014,1,7.67333333333333,30,8.52777777777778,6.39166666666667,7,7.4,7.85555555555556,18,12,4,12,18,388,221,167,39,138,250,7.66881443298969,8.38009049773756,6.72754491017964,7.76282051282051,7.63079710144928,7.6898,14
"18",2014,2,7.81304347826087,23,8.55,7.24615384615385,7,7.6875,7.88,10,13,3,8,15,411,231,180,42,146,265,7.67688564476885,8.38744588744589,6.765,7.70833333333333,7.63390410958904,7.70056603773585,15
"19",2014,3,7.50909090909091,22,8.13846153846154,6.6,8,7.6,7.49473684210526,13,9,2,3,19,433,244,189,44,149,284,7.66836027713626,8.37418032786885,6.75714285714286,7.72159090909091,7.63322147651007,7.68679577464789,16
"20",2014,4,7.95882352941176,17,8.6,7.04285714285714,9,8.7,7.65,10,7,1,5,12,450,254,196,45,154,296,7.67933333333333,8.38307086614173,6.76734693877551,7.75,7.66785714285714,7.68530405405405,17
"21",2014,5,7.94642857142857,28,8.61764705882353,6.90909090909091,6,8.16666666666667,7.88636363636364,17,11,3,6,22,478,271,207,48,160,318,7.69497907949791,8.39778597785978,6.77487922705314,7.640625,7.6865625,7.69921383647799,18
"22",2014,6,7.34907142857143,28,8.33333333333333,6.21338461538462,7.75,7.07142857142857,7.44161904761905,15,13,2,7,21,506,286,220,50,167,339,7.67583794466403,8.3944055944056,6.7417,7.645,7.66077844311377,7.68325663716814,19
"23",2014,7,7.45238095238095,21,8.09090909090909,6.75,6.5,9,7.28947368421053,11,10,3,2,19,527,297,230,53,169,358,7.66693358633776,8.38316498316498,6.74206086956522,7.58018867924528,7.67662721893491,7.66235754189944,20
"24",2014,8,8.82631578947368,19,8.85625,8.66666666666667,NA,9.42857142857143,8.475,16,3,0,7,12,546,313,233,53,176,370,7.70727838827839,8.4073482428115,6.76684120171674,7.58018867924528,7.74630681818182,7.68871351351351,21
"25",2014,9,7.56896551724138,29,9.32,6.64736842105263,7.58333333333333,8.1625,7.34285714285714,10,19,6,8,21,575,323,252,59,184,391,7.70030260869565,8.43560371517028,6.75783333333333,7.58050847457627,7.76440217391304,7.67013810741688,22
"26",2014,10,7.1,25,8.41666666666667,6.68421052631579,7.29166666666667,7.125,7.09523809523809,6,19,6,4,21,600,329,271,65,188,412,7.67529,8.43525835866262,6.75267158671587,7.55384615384615,7.75079787234043,7.64083495145631,23
"27",2014,11,8.02272727272727,22,8.57142857142857,7.0625,7.25,7.75,8.125,14,8,2,6,16,622,343,279,67,194,428,7.68757877813505,8.44081632653061,6.76155555555555,7.54477611940298,7.75077319587629,7.65893457943925,24
"28",2014,12,7.46818181818182,33,9.18333333333333,6.48809523809524,7.75,7.80769230769231,7.2475,12,21,4,13,20,655,355,300,71,207,448,7.67652519083969,8.46591549295774,6.74241333333333,7.55633802816901,7.75434782608696,7.64056696428571,25
"29",2015,1,8.03928571428571,28,8.725,7.125,9,8.05555555555556,8.03157894736842,16,12,1,9,19,683,371,312,72,216,467,7.69139677891654,8.47708894878706,6.7571282051282,7.57638888888889,7.76689814814815,7.65647537473233,26
"30",2015,2,7.46323529411765,34,8.76785714285714,6.55,7.5375,7.46666666666667,7.4625,14,20,8,6,28,717,385,332,80,222,495,7.68057740585774,8.48766233766234,6.74465060240964,7.5725,7.75878378378378,7.64550303030303,27
"31",2015,3,7.88148148148148,27,9,7.1125,8.5,8.57142857142857,7.64,11,16,2,7,20,744,396,348,82,229,515,7.68786827956989,8.50189393939394,6.7615632183908,7.59512195121951,7.78362445414847,7.64528932038835,28
"32",2015,4,7.56521739130435,23,8.05,7.19230769230769,8,7.25,7.63157894736842,10,13,2,4,19,767,406,361,84,233,534,7.68419035202086,8.49076354679803,6.77707479224377,7.6047619047619,7.7744635193133,7.64480149812734,29
"33",2015,5,6.80454545454545,22,8.68125,5.73214285714286,7.5,7.41666666666667,6.575,8,14,2,6,16,789,414,375,86,239,550,7.6596628643853,8.49444444444444,6.738064,7.60232558139535,7.76548117154812,7.61368,30
"34",2015,6,6.7196,25,8.42857142857143,6.055,8.5,7.2,6.5995,7,18,2,5,20,814,421,393,88,244,570,7.63079115479115,8.49334916864608,6.7067786259542,7.62272727272727,7.75389344262295,7.5780947368421,31
"35",2015,7,7.046875,16,7.38888888888889,6.60714285714286,6.75,6,7.39583333333333,9,7,1,4,12,830,430,400,89,248,582,7.61953493975903,8.47023255813953,6.705035,7.61292134831461,7.72560483870968,7.57433676975945,32
"36",2015,8,7.80909090909091,22,8.50833333333333,6.97,7,8.025,7.76111111111111,12,10,2,4,18,852,442,410,91,252,600,7.62442957746479,8.47126696832579,6.71149756097561,7.59945054945055,7.73035714285714,7.57994,33
"37",2015,9,6.965625,16,7.78571428571429,6.32777777777778,7.58333333333333,6.5,7.03214285714286,7,9,3,2,14,868,449,419,94,254,614,7.61228571428571,8.46057906458797,6.7032553699284,7.59893617021277,7.72066929133858,7.56744951140065,34
"38",2015,10,8.00555555555556,18,8.55,7.325,7.3,8.25,7.93571428571429,10,8,2,4,14,886,459,427,96,258,628,7.62027539503386,8.46252723311546,6.71490398126464,7.59270833333333,7.72887596899225,7.57565923566879,35
"39",2015,11,7.60857142857143,35,7.99,7.1,6.875,7.875,7.5741935483871,20,15,4,4,31,921,479,442,100,262,659,7.61983061889251,8.44279749478079,6.72797285067873,7.564,7.73110687022901,7.57559028831563,36
"40",2015,12,8.14871794871795,39,8.605,7.66842105263158,8,8.39615384615385,8.025,20,19,8,13,26,960,499,461,108,275,685,7.64131666666667,8.44929859719438,6.76673318872017,7.5962962962963,7.76254545454545,7.59264817518248,37
"41",2016,1,7.57843137254902,51,8.515625,6,7.2,7,7.77631578947368,32,19,5,13,38,1011,531,480,113,288,723,7.63814441147379,8.4532956685499,6.73638333333333,7.5787610619469,7.728125,7.60230152143845,38
"42",2016,2,8.37435897435897,39,8.81818181818182,7.8,8,9.2,8.25294117647059,22,17,1,5,34,1050,553,497,114,293,757,7.66548952380952,8.46781193490054,6.77276458752515,7.58245614035088,7.75324232081911,7.63152443857332,39
"43",2016,3,7.7,26,8.41875,6.55,7.2,7.25,7.80714285714286,16,10,5,5,21,1076,569,507,119,298,778,7.66632342007435,8.46643233743409,6.7683708086785,7.56638655462185,7.74479865771812,7.636264781491,40
"44",2016,4,7.56,40,8.3037037037037,6.01538461538462,6.16666666666667,7.45,7.59666666666667,27,13,3,10,30,1116,596,520,122,308,808,7.66251254480287,8.45906040268456,6.74954615384615,7.53196721311475,7.73522727272727,7.63479455445544,41
"45",2016,5,7.696875,32,8.31,6.675,7.66666666666667,9.16666666666667,7.5448275862069,20,12,3,3,29,1148,616,532,125,311,837,7.66347038327526,8.45422077922077,6.74786466165413,7.5352,7.74903536977492,7.63167741935484,42
"46",2016,6,7.60882352941176,34,8.18823529411765,7.02941176470588,7.33333333333333,7.64166666666667,7.59090909090909,17,17,3,12,22,1182,633,549,128,323,859,7.66189847715736,8.44707740916271,6.75658287795993,7.53046875,7.74504643962848,7.63063329452852,43
"47",2016,7,7.75394736842105,38,8.70238095238095,6.58235294117647,6.4,7.92916666666667,7.67307692307692,21,17,6,12,26,1220,654,566,134,335,885,7.66476557377049,8.45527522935779,6.75134982332155,7.47985074626866,7.75164179104478,7.6318802259887,44
"48",2016,8,7.48684210526316,38,8.66666666666667,6.425,7.25,7.90909090909091,7.31481481481481,18,20,4,11,27,1258,672,586,138,346,912,7.65939109697933,8.4609375,6.74021160409556,7.4731884057971,7.75664739884393,7.62249342105263,45
"49",2016,9,7.53913043478261,23,8.11538461538461,6.79,7,7.14285714285714,7.7125,13,10,1,7,16,1281,685,596,139,353,928,7.6572318501171,8.45437956204379,6.74104697986577,7.46978417266187,7.74447592067989,7.62404525862069,46
"50",2016,10,7.85540540540541,37,8.66590909090909,6.66666666666667,6.25,6.25,8.05,22,15,4,4,33,1318,707,611,143,357,961,7.66279514415781,8.46096181046676,6.7392209492635,7.43566433566434,7.72773109243697,7.63867221644121,47
"51",2016,11,7.97567567567568,37,8.30869565217391,7.42857142857143,9,8.01818181818182,7.95769230769231,23,14,2,11,26,1355,730,625,145,368,987,7.67133874538745,8.45616438356164,6.7546624,7.45724137931034,7.73641304347826,7.64707598784194,48
"52",2016,12,7.12222222222222,27,8.28666666666667,5.66666666666667,7,8,7.052,15,12,1,2,25,1382,745,637,146,370,1012,7.66061070911722,8.45275167785235,6.73416640502355,7.4541095890411,7.73783783783784,7.63237549407114,49
"53",2017,1,7.51979166666667,48,8.33333333333333,6.47380952380952,6.7,8.07,7.375,27,21,5,10,38,1430,772,658,151,380,1050,7.65588391608392,8.44857512953368,6.72585714285714,7.42913907284768,7.74657894736842,7.62306095238095,50
"54",2017,2,7.7375,40,8.5695652173913,6.61176470588235,6.6,7,7.81944444444444,23,17,4,4,36,1470,795,675,155,384,1086,7.65810476190476,8.45207547169811,6.7229837037037,7.40774193548387,7.73880208333333,7.62957090239411,51
"55",2017,3,7.6119512195122,41,8.51208333333333,6.34117647058823,6.66666666666667,7.72222222222222,7.5809375,24,17,3,9,32,1511,819,692,158,393,1118,7.6568524156188,8.45383394383394,6.71360404624277,7.39367088607595,7.7384223918575,7.62817889087656,52
"56",2017,4,7.46285714285714,35,8.66666666666667,6.18823529411765,7.675,6.7,7.59,18,17,4,5,30,1546,837,709,162,398,1148,7.65246054333765,8.4584109916368,6.70100705218618,7.40061728395062,7.72537688442211,7.62718118466899,53
"57",2017,5,7.59354838709677,31,8.02105263157895,6.91666666666667,7.33333333333333,8.35714285714286,7.37083333333333,19,12,3,7,24,1577,856,721,165,405,1172,7.65130247305009,8.44870327102804,6.70459639389736,7.39939393939394,7.73629629629629,7.62193174061433,54
"58",2017,6,7.38,35,8.27391304347826,5.66666666666667,6.2,8.16666666666667,7.21724137931034,23,12,5,6,29,1612,879,733,170,411,1201,7.64541191066997,8.44412969283277,6.68760436562073,7.36411764705882,7.74257907542579,7.61215986677768,55
"59",2017,7,8.00095833333333,24,8.6682,6.88888888888889,8.5,8.71428571428571,7.70723529411765,15,9,2,7,17,1636,894,742,172,418,1218,7.65062775061125,8.44788926174497,6.69004582210242,7.37732558139535,7.75885167464115,7.613486863711,56
"60",2017,8,7.89107142857143,28,8.53333333333333,7.15,6.825,7.86875,7.9,15,13,6,8,20,1664,909,755,178,426,1238,7.65467367788461,8.44929922992299,6.6979655629139,7.35870786516854,7.76091549295774,7.6181155088853,57
"61",2017,9,7.8125,16,8.55555555555556,6.85714285714286,6.5,8.33333333333333,7.69230769230769,9,7,2,3,13,1680,918,762,180,429,1251,7.65617678571429,8.45034095860567,6.69942782152231,7.34916666666667,7.76491841491841,7.61888649080735,58
"62",2017,10,7.76166666666667,30,8.51842105263158,6.45454545454545,7,8.3875,7.53409090909091,19,11,2,8,22,1710,937,773,182,437,1273,7.65802748538012,8.45172145144077,6.69594307891332,7.34532967032967,7.77631578947368,7.61742105263158,59
"63",2017,11,7.68074074074074,27,8.33625,6.72727272727273,7.2,7.52777777777778,7.75722222222222,16,11,5,9,18,1737,953,784,187,446,1291,7.65838054116292,8.44978279118573,6.69638265306122,7.34144385026738,7.77130044843049,7.6193702556158,60
"64",2017,12,7.51666666666667,30,8.20588235294118,6.61538461538461,7.25,7.75,7.45833333333333,17,13,4,6,24,1767,970,797,191,452,1315,7.65597453310696,8.44550824742268,6.69506148055207,7.33952879581152,7.77101769911504,7.61643117870722,61
"65",2018,1,7.07727272727273,33,8.35588235294118,5.71875,8.25,5.8,7.30535714285714,17,16,2,5,28,1800,987,813,193,457,1343,7.645365,8.44396453900709,6.67584747847478,7.34896373056995,7.74945295404814,7.60994564408041,62
"66",2018,2,8.10576923076923,26,8.440625,7.57,7.9,8.675,7.75,16,10,3,10,16,1826,1003,823,196,467,1359,7.65192059145673,8.4439112662014,6.6867120291616,7.35739795918367,7.76927194860813,7.61159455481972,63
"67",2018,3,7.10641666666667,24,8.10769230769231,5.92309090909091,7.33333333333333,6.327,7.17727272727273,13,11,3,2,22,1850,1016,834,199,469,1381,7.64484378378378,8.43960925196851,6.67664028776978,7.3570351758794,7.76312153518123,7.60467559739319,64
"68",2018,4,7.81448275862069,29,8.37466666666667,7.21428571428571,7,8.4375,7.57714285714286,15,14,2,8,21,1879,1031,848,201,477,1402,7.6474619478446,8.43866440349176,6.68551650943396,7.35348258706468,7.77443186582809,7.60426319543509,65
"69",2018,5,7.98,30,8.61111111111111,7.03333333333333,7.7,7.98571428571429,7.97826086956522,18,12,2,7,23,1909,1049,860,203,484,1425,7.65268779465689,8.44162345090563,6.69036976744186,7.35689655172414,7.77748760330578,7.6102996491228,66
"70",2018,6,7.845,20,8.68181818181818,6.82222222222222,7.66666666666667,6.98,8.13333333333333,11,9,3,5,15,1929,1060,869,206,489,1440,7.65468170036288,8.44411603773585,6.69173532796317,7.36140776699029,7.76933333333333,7.61574791666666,67
"71",2018,7,8.00952380952381,21,8.17272727272727,7.83,7.75,8.08,7.9875,11,10,2,5,16,1950,1071,879,208,494,1456,7.65850307692308,8.44132866479926,6.70468486916951,7.36514423076923,7.77247773279352,7.6198331043956,68
"72",2018,8,7.40571428571429,35,8.12857142857143,6.32142857142857,7.25,7.125,7.48888888888889,21,14,2,8,27,1985,1092,893,210,502,1483,7.65404584382871,8.43531410256411,6.69867637178051,7.36404761904762,7.7621593625498,7.61744908968307,69
"73",2018,9,6.9,18,7.72222222222222,6.07777777777778,9.35,7.83333333333333,6.71333333333333,9,9,2,3,15,2003,1101,902,212,505,1498,7.64726959560659,8.42948501362398,6.69248115299334,7.38278301886793,7.76258217821782,7.6083958611482,70
"74",2018,10,7.31923076923077,13,8.025,6.71428571428571,6.5,7.63333333333333,7.225,6,7,2,3,10,2016,1107,909,214,508,1508,7.64515426587302,8.42729268292683,6.69264906490649,7.37453271028038,7.76181889763779,7.60585344827586,71
"75",2018,11,7.416,25,8.425,6.48461538461538,7,7.78571428571429,7.27222222222222,12,13,2,7,18,2041,1119,922,216,515,1526,7.64234737873591,8.42726809651475,6.68971583514099,7.37106481481482,7.76214368932039,7.60191808650065,72
"76",2018,12,8.0104,25,8.51625,7.11111111111111,7.33333333333333,8.402,7.9125,16,9,3,5,20,2066,1135,931,219,520,1546,7.64680106485963,8.42852246696036,6.69378947368421,7.37054794520548,7.76829615384615,7.60593596377749,73
"77",2019,1,8.02173913043478,23,8.7,7.5,8,9,7.875,10,13,2,3,20,2089,1145,944,221,523,1566,7.65092915270464,8.43089344978166,6.70489194915254,7.3762443438914,7.77536137667304,7.60937228607918,74
"78",2019,2,7.94,25,8.31428571428571,7.46363636363636,7.75,6.83333333333333,8.09090909090909,14,11,4,3,22,2114,1159,955,225,526,1588,7.65434768211921,8.42948490077653,6.71363141361256,7.38288888888889,7.76998859315589,7.61604345088161,75
"79",2019,3,7.26875,16,8.64285714285714,6.2,8,7.6,7.11818181818182,7,9,1,5,11,2130,1166,964,226,531,1599,7.65145117370892,8.43076586620927,6.70883609958506,7.38561946902655,7.7683879472693,7.61261851156973,76
"80",2019,4,7.55555555555556,18,8.16666666666667,6.94444444444444,8,8,7.52941176470588,9,9,1,1,17,2148,1175,973,227,532,1616,7.65064757914339,8.42874297872341,6.71101541623844,7.38832599118943,7.76882330827068,7.6117431930693,77
"81",2019,5,7.53846153846154,13,8.5,6.71428571428571,7.66666666666667,8.5,7.36363636363636,6,7,3,2,11,2161,1181,980,230,534,1627,7.64997269782508,8.4291049957663,6.7110387755102,7.39195652173913,7.77156179775281,7.61006576521204,78
"82",2019,6,8.155,20,8.81538461538462,6.92857142857143,NA,8.25,8.13125,13,7,0,4,16,2181,1194,987,230,538,1643,7.65460385144429,8.43331072026801,6.71258156028369,7.39195652173913,7.77511895910781,7.6151412051126,79
"83",2019,7,7.23076923076923,13,8.33333333333333,6.28571428571429,6.5,6.8,7.5,6,7,2,5,8,2194,1200,994,232,543,1651,7.65209252506837,8.43281083333334,6.7095754527163,7.38426724137931,7.76613996316759,7.61458328285887,80
"84",2019,8,7.57692307692308,26,8.10714285714286,6.95833333333333,7.5,8.1,7.45238095238095,14,12,2,5,21,2220,1214,1006,234,548,1672,7.65121216216216,8.42905518945635,6.71254274353876,7.38525641025641,7.76918613138686,7.61254605263158,81
"85",2019,9,7.54,15,8.5,6.7,7.33333333333333,7.875,7.41818181818182,7,8,3,4,11,2235,1221,1014,237,552,1683,7.65046577181208,8.42946191646192,6.71244378698225,7.38459915611814,7.76995289855072,7.61127569815805,82
"86",2019,10,8.4,12,8.9125,7.375,NA,9.5,8.18,8,4,0,2,10,2247,1229,1018,237,554,1693,7.65446862483311,8.43260618388934,6.71504715127701,7.38459915611814,7.77619855595668,7.61463496751329,83
"87",2019,11,7.87142857142857,21,8.17692307692308,7.375,7.25,7.25,7.93684210526316,13,8,4,2,19,2268,1242,1026,241,556,1712,7.65647751322751,8.42992995169082,6.72019298245614,7.38236514522822,7.77430575539568,7.61821086448598,84
"88",2019,12,7.27941176470588,34,7.72105263157895,6.72,5.93333333333333,7.48,7.19583333333333,19,15,3,10,24,2302,1261,1041,244,566,1736,7.65090834057341,8.41924900872324,6.72019020172911,7.36454918032787,7.76910600706714,7.6123715437788,85
"89",2020,1,7.68461538461538,39,8.2375,6.8,6,8.16666666666667,7.5969696969697,24,15,1,6,33,2341,1285,1056,245,572,1769,7.65146988466467,8.41585447470817,6.72132386363636,7.35897959183674,7.77327622377622,7.61208422837761,86
"90",2020,2,7.46829268292683,41,8.24761904761905,6.65,6.85555555555556,7.57777777777778,7.4375,21,20,9,9,32,2382,1306,1076,254,581,1801,7.64831696053736,8.4131493108729,6.71999814126394,7.34114173228347,7.770247848537,7.60898223209328,87
"91",2020,3,7.81858974358974,39,8.31634615384615,6.82307692307692,6.25,8.52727272727273,7.54017857142857,26,13,2,11,28,2421,1332,1089,256,592,1829,7.65105989260636,8.41125975975977,6.72122865013774,7.3326171875,7.78431418918919,7.60792892290869,88
"92",2020,4,7.91444444444444,36,8.6168,6.31818181818182,7.16666666666667,8.48,7.69692307692308,25,11,3,10,26,2457,1357,1100,259,602,1855,7.654919006919,8.41504642593958,6.71719818181818,7.33069498069498,7.79587043189369,7.60917628032345,89
"93",2020,5,8.33,35,8.51034482758621,7.45833333333333,7.75,7.97222222222222,8.45384615384615,29,6,3,9,26,2492,1386,1106,262,611,1881,7.66440048154093,8.41704040404041,6.72121880650994,7.33549618320611,7.79846808510638,7.62085167464115,90
"94",2020,6,7.925,32,8.465,7.025,6.5,8,7.91428571428571,20,12,4,4,28,2524,1406,1118,266,615,1909,7.66770443740095,8.4177226173542,6.72447942754919,7.32293233082707,7.79977886178862,7.62515557883709,91
"95",2020,7,8.30909090909091,22,8.52142857142857,7.9375,8,7.93333333333333,8.36842105263158,14,8,5,3,19,2546,1420,1126,271,618,1928,7.67324666142969,8.41874507042254,6.73309769094138,7.33542435424354,7.80042718446602,7.63248029045643,92
"96",2020,8,7.362,25,7.97352941176471,6.0625,5.25,7.35,7.365,17,8,2,5,20,2571,1437,1134,273,623,1948,7.67022014780241,8.41347807933195,6.72836684303351,7.32014652014652,7.79681219903692,7.6297340862423,93
"97",2020,9,7.92666666666667,30,8.60714285714286,7.33125,7.16666666666667,8.8,7.70833333333333,14,16,3,6,24,2601,1451,1150,276,629,1972,7.67317800845828,8.41534665747761,6.73675478260869,7.31847826086957,7.80638155802862,7.63069066937119,94
"98",2020,10,8.19666666666667,30,8.64782608695652,6.71428571428571,6.5,8.33333333333333,8.18148148148148,23,7,2,3,27,2631,1474,1157,278,632,1999,7.67914709236032,8.41897421981004,6.73661884183232,7.31258992805756,7.8088829113924,7.63813006503251,95
"99",2020,11,7.45816326530612,49,8.04464285714286,6.67619047619048,7,7.80769230769231,7.33194444444444,28,21,5,13,36,2680,1502,1178,283,645,2035,7.67510671641791,8.41199600532624,6.7355415959253,7.30706713780919,7.80885891472868,7.63271351351351,96
"100",2020,12,7.69032258064516,31,8.04285714285714,6.95,7,8.125,7.62592592592593,21,10,1,4,27,2711,1523,1188,284,649,2062,7.67528070822574,8.40690610636901,6.7373468013468,7.30598591549296,7.81080739599384,7.63262463627546,97
"101",2021,1,7.36206896551724,29,8.4,6.25,5.66666666666667,7,7.45652173913043,15,14,3,6,23,2740,1538,1202,287,655,2085,7.67196569343066,8.40683875162549,6.73167054908486,7.28885017421603,7.80338015267176,7.63068201438849,98
"102",2021,2,7.59833333333333,30,8.5975,5.6,7,7.1,7.698,20,10,2,5,25,2770,1558,1212,289,660,2110,7.67116823104693,8.4092862644416,6.72233333333333,7.28685121107267,7.79805151515152,7.63147962085308,99
"103",2021,3,8.18695652173913,23,8.48571428571429,7.72222222222222,8,7.875,8.25263157894737,14,9,1,4,19,2793,1572,1221,290,664,2129,7.6754156820623,8.4099669211196,6.72970352170352,7.28931034482759,7.79851506024096,7.63702301550023,100
"104",2021,4,6.87166666666667,30,8.06666666666667,5.67666666666667,8.4,7.96666666666667,6.59791666666667,15,15,2,6,24,2823,1587,1236,292,670,2153,7.66687424725469,8.40672211720227,6.71692394822006,7.29691780821918,7.80002089552239,7.62543985137018,101
"105",2021,5,8.08648648648649,37,8.496,7.23333333333333,7.33333333333333,7.6875,8.19655172413793,25,12,3,8,29,2860,1612,1248,295,678,2182,7.6723027972028,8.40810669975186,6.72188942307692,7.29728813559322,7.79869321533923,7.63303024747938,102
"106",2021,6,7.840625,32,8.53125,7.15,7.25,7.1,7.91724137931034,16,16,2,3,29,2892,1628,1264,297,681,2211,7.6741652835408,8.40931695331696,6.7273085443038,7.2969696969697,7.79561527165932,7.63675802804161,103
"107",2021,7,7.9672,50,8.26848484848485,7.38235294117647,7.66666666666667,8.746,7.7725,33,17,3,10,40,2942,1661,1281,300,691,2251,7.6791454792658,8.40651896447923,6.73600156128025,7.30066666666667,7.80936903039074,7.63917014660151,104
"108",2021,8,7.53103448275862,29,8.17142857142857,6.93333333333333,8,9.1,7.20416666666667,14,15,2,5,24,2971,1675,1296,302,696,2275,7.67769976438909,8.40455402985075,6.73828549382716,7.30529801324504,7.8186408045977,7.6345810989011,105
"109",2021,9,7.52631578947368,19,7.9,7.11111111111111,9,7,7.58823529411765,10,9,2,2,17,2990,1685,1305,304,698,2292,7.67673779264214,8.40155964391692,6.74085670498084,7.31644736842105,7.81629512893983,7.63423734729494,106
"110",2021,10,8.00857142857143,35,8.36315789473684,7.5875,7.1,10,7.95,19,16,4,1,34,3025,1704,1321,308,699,2326,7.68057719008264,8.40113145539906,6.75111127933384,7.31363636363637,7.81941917024321,7.63885296646604,107
"111",2021,11,7.45161290322581,31,7.92105263157895,6.70833333333333,NA,7.2,7.5,19,12,0,5,26,3056,1723,1333,308,704,2352,7.67825458115183,8.39583749274521,6.75072618154538,7.31363636363637,7.81501988636364,7.63731802721088,108
"112",2021,12,7.65428571428571,35,8.50769230769231,7.15,7.1,7.875,7.6258064516129,13,22,5,4,31,3091,1736,1355,313,708,2383,7.67798317696538,8.39667511520738,6.75720885608856,7.31022364217253,7.81535875706215,7.63716827528326,109
"113",2022,1,7.59318181818182,44,8.19230769230769,6.72777777777778,7,8.3125,7.43333333333333,26,18,1,8,36,3135,1762,1373,314,716,2419,7.67679298245614,8.39365947786606,6.75682301529497,7.30923566878981,7.82091340782123,7.63413476643241,110
"114",2022,2,8.03529411764706,34,8.72105263157895,7.16666666666667,6.33333333333333,9,8.00606060606061,19,15,3,1,33,3169,1781,1388,317,717,2452,7.68063931839697,8.39715216170691,6.76125216138328,7.3,7.82255788005579,7.63914029363785,111
"115",2022,3,7.83076923076923,26,8.115,6.88333333333333,8,8.18181818181818,7.57333333333333,20,6,1,11,15,3195,1801,1394,318,728,2467,7.68186103286385,8.39401887840089,6.76177761836442,7.30220125786164,7.82798626373626,7.63874017024726,112
"116",2022,4,8.10892857142857,28,8.45681818181818,6.83333333333333,7,7.95833333333333,8.15,22,6,1,6,22,3223,1823,1400,319,734,2489,7.68557120695005,8.39477674163467,6.76208428571428,7.3012539184953,7.82905177111717,7.64325914021695,113
"117",2022,5,7.81972222222222,36,8.5,7.55807692307692,7.5,7.14,7.92935483870968,10,26,5,5,31,3259,1833,1426,324,739,2520,7.68705308376803,8.39535079105292,6.77659747545582,7.30432098765432,7.82438971583221,7.64677857142857,114
"118",2022,6,7.16551724137931,29,8.06666666666667,6.52941176470588,6,7,7.18461538461538,12,17,2,3,26,3288,1845,1443,326,742,2546,7.68245316301703,8.39321300813008,6.77368537768537,7.29631901840491,7.82105660377359,7.64205891594658,115
"119",2022,7,7.6,28,8.16470588235294,6.72727272727273,7,7.74,7.5695652173913,17,11,1,5,23,3316,1862,1454,327,747,2569,7.68175693606755,8.39112674543502,6.77333425034388,7.2954128440367,7.8205140562249,7.64140988711561,116
"120",2022,8,7.49333333333333,36,8.12272727272727,6.50428571428571,7.25,8,7.46352941176471,22,14,4,2,34,3352,1884,1468,331,749,2603,7.67973329355608,8.38799256900213,6.77076839237057,7.29486404833837,7.82099332443258,7.63908643872455,117
"121",2022,9,7.8625,32,8.18,7.33333333333333,NA,8.12,7.81481481481481,20,12,0,5,27,3384,1904,1480,331,754,2630,7.68146158392435,8.38580777310925,6.77532972972973,7.29486404833837,7.82297612732096,7.64089049429658,118
"122",2022,10,7.57666666666667,30,8.31176470588235,6.61538461538461,5.5,7,7.72083333333333,17,13,2,6,24,3414,1921,1493,333,760,2654,7.68054071470416,8.38515252472671,6.77393703951775,7.28408408408409,7.81647894736842,7.64161341371514,119
"123",2022,11,7.421875,32,7.66111111111111,7.11428571428571,5,8.55,7.34666666666667,18,14,1,2,30,3446,1939,1507,334,762,2684,7.67813871154962,8.37843115007736,6.77709887193099,7.27724550898204,7.81840419947507,7.63831669150521,120
"124",2022,12,7.6,35,8.53333333333333,6.9,6.5,7.88888888888889,7.5,15,20,3,9,26,3481,1954,1527,337,771,2710,7.67735305946567,8.37962026612078,6.7787085789129,7.27032640949555,7.81922697795071,7.63698966789668,121
