"","year","month","avg_rating","no_ratings","avg_rating_owned","avg_rating_not_owned","avg_rating_prev_owned","avg_rating_comment","avg_rating_no_comment","no_ratings_owned","no_ratings_not_owned","no_ratings_prev_owned","no_ratings_comment","no_ratings_no_comment","cum_no_ratings","cum_no_ratings_owned","cum_no_ratings_not_owned","cum_no_ratings_prev_owned","cum_no_ratings_comment","cum_no_ratings_no_comment","cum_avg_rating","cum_avg_rating_owned","cum_avg_rating_not_owned","cum_avg_rating_prev_owned","cum_avg_rating_comment","cum_avg_rating_no_comment","month_after_release"
"1",2004,12,7,2,8,6,NA,8,6,1,1,0,1,1,2,1,1,0,1,1,7,8,6,NA,8,6,-2
"2",2005,1,10,1,NA,10,NA,NA,10,0,1,0,0,1,3,1,2,0,1,2,8,8,8,NA,8,8,-1
"3",2005,2,7.8,5,8.83333333333333,6.25,NA,8.25,6,3,2,0,4,1,8,4,4,0,5,3,7.875,8.625,7.125,NA,8.2,7.33333333333333,0
"4",2005,3,9.5,5,9.5,NA,NA,9.375,10,5,0,0,4,1,13,9,4,0,9,4,8.5,9.11111111111111,7.125,NA,8.72222222222222,8,1
"5",2005,4,9,3,9,9,NA,9,NA,2,1,0,3,0,16,11,5,0,12,4,8.59375,9.09090909090909,7.5,NA,8.79166666666667,8,2
"6",2005,5,8.66666666666667,6,8.66666666666667,NA,NA,8.5,8.75,6,0,0,2,4,22,17,5,0,14,8,8.61363636363636,8.94117647058824,7.5,NA,8.75,8.375,3
"7",2005,6,7.7,5,8.375,5,NA,6.25,8.66666666666667,4,1,0,2,3,27,21,6,0,16,11,8.44444444444444,8.83333333333333,7.08333333333333,NA,8.4375,8.45454545454546,4
"8",2005,7,8.16666666666667,9,8.3125,7,NA,8.21428571428571,8,8,1,0,7,2,36,29,7,0,23,13,8.375,8.68965517241379,7.07142857142857,NA,8.3695652173913,8.38461538461539,5
"9",2005,8,7.9375,8,8.25,7.625,NA,7.66666666666667,8.1,4,4,0,3,5,44,33,11,0,26,18,8.29545454545454,8.63636363636364,7.27272727272727,NA,8.28846153846154,8.30555555555556,6
"10",2005,9,7.375,4,8.5,6.25,NA,7.16666666666667,8,2,2,0,3,1,48,35,13,0,29,19,8.21875,8.62857142857143,7.11538461538461,NA,8.17241379310345,8.28947368421053,7
"11",2005,10,8.16666666666667,9,8.8,7.375,NA,9.2,6.875,5,4,0,5,4,57,40,17,0,34,23,8.21052631578947,8.65,7.17647058823529,NA,8.32352941176471,8.04347826086956,8
"12",2005,11,7.3,15,8,6.6875,7.33333333333333,7.08333333333333,7.44444444444444,7,8,3,6,9,72,47,25,3,40,32,8.02083333333333,8.5531914893617,7.02,7.33333333333333,8.1375,7.875,9
"13",2005,12,8.18181818181818,11,8.5625,7.16666666666667,6.5,8.4375,7.5,8,3,1,8,3,83,55,28,4,48,35,8.04216867469879,8.55454545454545,7.03571428571429,7.125,8.1875,7.84285714285714,10
"14",2006,1,8.58333333333333,6,9,8.16666666666667,NA,9.25,8.25,3,3,0,2,4,89,58,31,4,50,39,8.07865168539326,8.57758620689655,7.14516129032258,7.125,8.23,7.88461538461539,11
"15",2006,2,8.1,5,8.5,6.5,NA,8.375,7,4,1,0,4,1,94,62,32,4,54,40,8.07978723404255,8.57258064516129,7.125,7.125,8.24074074074074,7.8625,12
"16",2006,3,7.2,5,7.75,5,NA,7.33333333333333,7,4,1,0,3,2,99,66,33,4,57,42,8.03535353535354,8.52272727272727,7.06060606060606,7.125,8.19298245614035,7.82142857142857,13
"17",2006,4,7.875,8,8.57142857142857,3,NA,8.5,7.66666666666667,7,1,0,2,6,107,73,34,4,59,48,8.02336448598131,8.52739726027397,6.94117647058824,7.125,8.20338983050847,7.80208333333333,14
"18",2006,5,7.44444444444444,9,8.6,6,7,7.4,7.5,5,4,1,5,4,116,78,38,5,64,52,7.97844827586207,8.53205128205128,6.84210526315789,7.1,8.140625,7.77884615384615,15
"19",2006,6,7.3,10,8.14285714285714,5.33333333333333,6.5,7,8.5,7,3,2,8,2,126,85,41,7,72,54,7.92460317460318,8.5,6.73170731707317,6.92857142857143,8.01388888888889,7.80555555555556,16
"20",2006,7,7.23333333333333,12,8.21666666666667,6.25,7,7.3,7.18571428571429,6,6,1,5,7,138,91,47,8,77,61,7.86449275362319,8.48131868131868,6.67021276595745,6.9375,7.96753246753247,7.7344262295082,17
"21",2006,8,8.3,5,8.83333333333333,7.5,NA,7.875,10,3,2,0,4,1,143,94,49,8,81,62,7.87972027972028,8.49255319148936,6.70408163265306,6.9375,7.96296296296296,7.77096774193548,18
"22",2006,9,7.44545454545455,11,8.63333333333333,7,NA,8.6,6.78571428571429,3,8,0,4,7,154,97,57,8,85,69,7.8487012987013,8.49690721649484,6.74561403508772,6.9375,7.99294117647059,7.67101449275362,19
"23",2006,10,6.5,4,8,6,NA,5.5,7.5,1,3,0,2,2,158,98,60,8,87,71,7.81455696202532,8.49183673469388,6.70833333333333,6.9375,7.93563218390805,7.66619718309859,20
"24",2006,11,7.5,9,8.25,6,7,6.5,8,6,3,1,3,6,167,104,63,9,90,77,7.79760479041916,8.47788461538461,6.67460317460317,6.94444444444444,7.88777777777778,7.69220779220779,21
"25",2006,12,7.75,18,8.05,7.375,8.25,7.54545454545455,8.07142857142857,10,8,2,11,7,185,114,71,11,101,84,7.79297297297297,8.44035087719298,6.75352112676056,7.18181818181818,7.85049504950495,7.72380952380952,22
"26",2007,1,6.86363636363636,11,8.2,5.75,7.5,7.5,6.72222222222222,5,6,1,2,9,196,119,77,12,103,93,7.74081632653061,8.43025210084033,6.67532467532468,7.20833333333333,7.84368932038835,7.62688172043011,23
"27",2007,2,7.181183,10,8.25,5.5779575,NA,7,7.60394333333333,6,4,0,7,3,206,125,81,12,110,96,7.71364966019418,8.4216,6.6211337037037,7.20833333333333,7.79,7.62616489583333,24
"28",2007,3,7.81578947368421,19,8.38461538461539,6.58333333333333,7.5,7.78125,8,13,6,2,16,3,225,138,87,14,126,99,7.7222748,8.41811594202898,6.6185267816092,7.25,7.78888888888889,7.63749323232323,25
"29",2007,4,7.26785642857143,14,8.13888888888889,5.699998,8,6.46428428571429,8.07142857142857,9,5,1,7,7,239,147,92,15,133,106,7.69565615062762,8.40102040816326,6.56860673913044,7.3,7.71917285714286,7.66614933962264,26
"30",2007,5,7.72727272727273,11,8.16666666666667,7.2,7.5,7.66666666666667,7.8,6,5,2,6,5,250,153,97,17,139,111,7.69704728,8.39183006535947,6.60115278350515,7.32352941176471,7.7169064028777,7.67217864864865,27
"31",2007,6,7.55555555555556,9,7.75,7.16666666666667,8,7.66666666666667,7.33333333333333,6,3,1,6,3,259,159,100,18,145,114,7.69213057915058,8.36761006289308,6.6181182,7.36111111111111,7.71482751724138,7.66326166666667,28
"32",2007,7,8.04166666666667,12,8.41666666666667,7.66666666666667,NA,8.3,7.85714285714286,6,6,0,5,7,271,165,106,18,150,121,7.70760819188192,8.36939393939394,6.67747,7.36111111111111,7.73433326666667,7.6744779338843,29
"33",2007,8,7.32727272727273,11,7.5,7.025,8.1,7.83333333333333,7.1375,7,4,1,3,8,282,172,110,19,153,129,7.69277241134752,8.33401162790698,6.69010745454545,7.4,7.73627444444444,7.64117697674419,30
"34",2007,9,8.31818181818182,11,8.33333333333333,8.3,NA,8.28571428571429,8.375,6,5,0,7,4,293,178,115,19,160,133,7.71625194539249,8.33398876404494,6.7601027826087,7.4,7.7603124375,7.66324684210526,31
"35",2007,10,8.08823529411765,17,8.03571428571429,8.33333333333333,7,8.125,8.07692307692308,14,3,1,4,13,310,192,118,20,164,146,7.73665103225807,8.31223958333333,6.80010016949153,7.38,7.76920725609756,7.70008102739726,32
"36",2007,11,8.14,20,8.22727272727273,8.03333333333333,8,8.13333333333333,8.14285714285714,11,9,1,6,14,330,203,127,21,170,160,7.76109642424243,8.3076354679803,6.88749464566929,7.40952380952381,7.78205876470588,7.7388239375,33
"37",2007,12,8.18421052631579,19,8.55555555555556,7.85,6.5,7.7,8.72222222222222,9,10,2,10,9,349,212,137,23,180,169,7.78413128939828,8.31816037735849,6.95775051094891,7.3304347826087,7.77749994444444,7.79119426035503,34
"38",2008,1,7.64285714285714,21,7.86363636363636,7.4,6.5,7.5,7.75,11,10,4,9,12,370,223,147,27,189,181,7.77611302702703,8.2957399103139,6.98783551020408,7.20740740740741,7.76428566137566,7.78846314917127,35
"39",2008,2,8.25,14,8.33333333333333,8.1,8,8.22222222222222,8.3,9,5,1,9,5,384,232,152,28,198,186,7.79339015625,8.29719827586207,7.02441986842105,7.23571428571429,7.78510095959596,7.80221413978495,36
"40",2008,3,7.71818181818182,22,8.12857142857143,7,7.5,7.98461538461538,7.33333333333333,14,8,2,13,9,406,246,160,30,211,195,7.78931482758621,8.28760162601626,7.023198875,7.25333333333333,7.79739331753554,7.78057348717949,37
"41",2008,4,8.41176470588235,17,8.54545454545454,8.16666666666667,NA,8.22222222222222,8.625,11,6,0,9,8,423,257,166,30,220,203,7.81433054373523,8.29863813229572,7.06452903614458,7.25333333333333,7.81477268181818,7.81385137931034,38
"42",2008,5,7.91428571428571,14,8.08,7.5,NA,7.97777777777778,7.8,10,4,0,9,5,437,267,170,30,229,208,7.81753276887872,8.29044943820225,7.07477541176471,7.25333333333333,7.82117899563319,7.81351841346154,39
"43",2008,6,7.73333333333333,15,7.88888888888889,7.5,NA,7.75,7.72727272727273,9,6,0,4,11,452,276,176,30,233,219,7.81473853982301,8.27735507246377,7.08927170454545,7.25333333333333,7.81995703862661,7.80918643835616,40
"44",2008,7,7.585,20,7.97692307692308,6.85714285714286,5,7.1,8.07,13,7,3,10,10,472,289,183,33,243,229,7.80500385593221,8.26384083044982,7.08039245901639,7.04848484848485,7.79032917695473,7.8205756768559,41
"45",2008,8,7.34375,16,8.5,6.1875,6.5,7.3125,7.375,8,8,3,8,8,488,297,191,36,251,237,7.78988077868853,8.27020202020202,7.04299382198953,7.00277777777778,7.77509956175299,7.80553514767932,42
"46",2008,9,7.9,23,8.33571428571429,7.22222222222222,NA,7.78571428571429,7.95,14,9,0,7,16,511,311,200,36,258,253,7.79483722113503,8.27315112540193,7.0510591,7.00277777777778,7.77538755813953,7.81467126482213,43
"47",2008,10,7.53571428571429,14,8.0625,6.83333333333333,7.75,7,7.83333333333333,8,6,4,5,9,525,319,206,40,263,262,7.78792727619048,8.26786833855799,7.04471757281553,7.0775,7.76064634980988,7.81531232824427,44
"48",2008,11,7.575,20,7.95,7.2,8,7.5,7.61538461538461,10,10,1,7,13,545,329,216,41,270,275,7.78011343119266,8.25820668693009,7.05190657407407,7.1,7.75388885185185,7.8058612,45
"49",2008,12,8.66,10,9.08333333333333,8.025,8,8.72,8.6,6,4,1,5,5,555,335,220,42,275,280,7.79596724324325,8.27298507462686,7.06959918181818,7.12142857142857,7.77145450909091,7.82004225,46
"50",2009,1,7.45588235294118,17,8.05,6.60714285714286,6.0625,7.57142857142857,7.375,10,7,4,7,10,572,345,227,46,282,290,7.78585982517483,8.26652173913043,7.05533841409692,7.02934782608696,7.76648932624113,7.80469596551724,47
"51",2009,2,7.22413793103448,29,8,6.5,6.33333333333333,7.33333333333333,7.19565217391304,14,15,3,6,23,601,359,242,49,288,313,7.75875510815308,8.25612813370473,7.02091661157025,6.98673469387755,7.75746524305555,7.75994194888179,48
"52",2009,3,7.5,19,8.22222222222222,6.85,8,8.5,7.14285714285714,9,10,2,5,14,620,368,252,51,293,327,7.75082551612903,8.25529891304348,7.01413420634921,7.02647058823529,7.77013648464164,7.73352241590214,49
"53",2009,4,7.62258064516129,31,8.03125,7.18666666666667,6.875,7.5,7.7,16,15,4,12,19,651,384,267,55,305,346,7.74471861751152,8.24596354166667,7.0238270411985,7.01545454545455,7.75950816393442,7.73168158959538,50
"54",2009,5,7.45769230769231,26,8.48888888888889,6.91176470588235,6.33333333333333,7.54,7.40625,9,17,3,10,16,677,393,284,58,315,362,7.73369545051699,8.25152671755725,7.01711908450704,6.9801724137931,7.75253965079365,7.71729787292818,51
"55",2009,6,7.38095238095238,21,7.72222222222222,7.125,5.5,6.33333333333333,7.8,9,12,1,6,15,698,402,296,59,321,377,7.72308283667622,8.23967661691542,7.02149263513513,6.95508474576271,7.72601242990654,7.72058840848806,52
"56",2009,7,7.5,19,8.44444444444444,6.65,6,8.66666666666667,7.28125,9,10,1,3,16,717,411,306,60,324,393,7.71717129707113,8.24416058394161,7.00935235294118,6.93916666666667,7.73472219135802,7.70270185750636,53
"57",2009,8,7.45588235294118,17,7.97222222222222,6.875,6,7,7.51666666666667,9,8,1,2,15,734,420,314,61,326,408,7.71111964577657,8.23833333333333,7.00592936305732,6.92377049180328,7.73021469325153,7.69586232843137,54
"58",2009,9,7.65909090909091,22,8.3,6.28571428571429,5.5,8.4375,7.21428571428571,15,7,2,8,14,756,435,321,63,334,422,7.70960558201058,8.24045977011494,6.99022373831776,6.87857142857143,7.74715565868263,7.67988585308057,55
"59",2009,10,7.71739130434783,23,8.46666666666667,6.3125,6.375,7.57142857142857,7.78125,15,8,4,7,16,779,450,329,67,341,438,7.70983545571245,8.248,6.9737441337386,6.84850746268657,7.74354835777126,7.68358865296804,56
"60",2009,11,7.16666666666667,24,7.57142857142857,7,7.6,7.31818181818182,7.03846153846154,7,17,5,11,13,803,457,346,72,352,451,7.69360127023661,8.23763676148796,6.97503416184971,6.90069444444444,7.73025565340909,7.66499297117517,57
"61",2009,12,7.37037037037037,27,8,6.9375,6.5,8,6.78571428571429,11,16,5,13,14,830,468,362,77,365,465,7.68308653012048,8.23205128205128,6.97337519337017,6.87467532467532,7.73986298630137,7.63852006451613,58
"62",2010,1,7.55555555555556,36,8.155,6.80625,7,7.62727272727273,7.524,20,16,3,11,25,866,488,378,80,376,490,7.67778501154735,8.22889344262295,6.96630111111111,6.879375,7.73656912234042,7.63267720408163,59
"63",2010,2,7.98076923076923,26,8.26923076923077,7.69230769230769,8.1,7.72222222222222,8.11764705882353,13,13,5,9,17,892,501,391,85,385,507,7.68661639013453,8.22994011976048,6.99043943734015,6.95117647058824,7.73623374025974,7.64893852071006,60
"64",2010,3,7.57894736842105,19,8.25,7.09090909090909,6.66666666666667,8.08333333333333,7.34615384615385,8,11,3,6,13,911,509,402,88,391,520,7.68437082327113,8.23025540275049,6.99318860696517,6.94147727272727,7.74156007672634,7.64136890384615,61
"65",2010,4,6.70625,16,7.96,6.13636363636364,4,6.975,6.4375,5,11,1,8,8,927,514,413,89,399,528,7.6674884789644,8.22762645914397,6.97036760290557,6.90842696629213,7.72619045112782,7.62312846590909,62
"66",2010,5,6.78125,16,8.35714285714286,5.55555555555556,4.5,7.58333333333333,6.3,7,9,2,6,10,943,521,422,91,405,538,7.65245155885472,8.22936660268714,6.94019388625592,6.85549450549451,7.72407404938272,7.598535,63
"67",2010,6,7.37692307692308,13,8.2,6.41666666666667,8,7.77142857142857,6.91666666666667,7,6,1,7,6,956,528,428,92,412,544,7.64870483263598,8.22897727272727,6.93285471962617,6.8679347826087,7.72487861650485,7.59101439338235,64
"68",2010,7,7.04166666666667,12,8.4,6.07142857142857,6.5,3.75,7.7,5,7,1,2,10,968,533,435,93,414,554,7.6411795661157,8.23058161350844,6.91899268965517,6.86397849462366,7.70567630434783,7.59298164259928,65
"69",2010,8,7.5,22,8.15384615384615,6.55555555555556,NA,7.11111111111111,7.76923076923077,13,9,0,9,13,990,546,444,93,423,567,7.63804224242424,8.22875457875458,6.91162572072072,6.86397849462366,7.69302598108747,7.59702262786596,66
"70",2010,9,7.0625,8,9.25,6.33333333333333,8,6.5,7.25,2,6,1,2,6,998,548,450,94,425,573,7.63342867735471,8.23248175182482,6.90391515555556,6.87606382978723,7.68741174117647,7.59338888307155,67
"71",2010,10,6.86428571428571,14,7.51428571428571,6.21428571428571,6.5,8,6.55454545454545,7,7,1,3,11,1012,555,457,95,428,584,7.6227883596838,8.22342342342343,6.89335190371991,6.87210526315789,7.68960278037383,7.57382162671233,68
"72",2010,11,6.60526315789474,19,8.41666666666667,5.76923076923077,6.2,6.0625,7,6,13,5,8,11,1031,561,470,100,436,595,7.6040366828322,8.22549019607843,6.86225919148936,6.8385,7.65974768348624,7.56321315966387,69
"73",2010,12,6.71739130434783,23,7.68181818181818,5.83333333333333,6,6.95454545454545,6.5,11,12,4,11,12,1054,572,482,104,447,607,7.58468863377609,8.21503496503497,6.83664278008299,6.80625,7.64239371364653,7.54219411861614,70
"74",2011,1,7.56666666666667,15,8.5,6.75,6.5,7.5,7.57692307692308,7,8,2,2,13,1069,579,490,106,449,620,7.58443575304023,8.21848013816926,6.83522820408163,6.80047169811321,7.64175944320713,7.54292230645161,71
"75",2011,2,7.325,12,7.91666666666667,6.73333333333333,NA,7.66666666666667,7.21111111111111,6,6,0,3,9,1081,585,496,106,452,629,7.58155580018501,8.21538461538462,6.83399560483871,6.80047169811321,7.64192475663717,7.53817461049285,72
"76",2011,3,6.54,20,7.75714285714286,5.88461538461539,7.5,6.84444444444444,6.29090909090909,7,13,3,9,11,1101,592,509,109,461,640,7.56263562216167,8.20996621621622,6.80974817288802,6.8197247706422,7.62635572668113,7.516737234375,73
"77",2011,4,6.92352941176471,17,7.95714285714286,6.2,7.5,6.5,7.1,7,10,1,5,12,1118,599,519,110,466,652,7.55291754919499,8.20701168614358,6.79799965317919,6.82590909090909,7.61427036480687,7.50906722392638,74
"78",2011,5,7.48571428571429,14,8.25555555555556,6.1,7.25,7.725,7.16666666666667,9,5,2,8,6,1132,608,524,112,474,658,7.55208641342756,8.2077302631579,6.79133935114504,6.83348214285714,7.61613921940928,7.50594503039514,75
"79",2011,6,7.66666666666667,9,8.14285714285714,6,NA,9,7.28571428571429,7,2,0,2,7,1141,615,526,112,476,665,7.55299020157756,8.2069918699187,6.78833045627376,6.83348214285714,7.6219537605042,7.50362681203007,76
"80",2011,7,8,7,8.2,7.5,NA,8.5,7.8,5,2,0,2,5,1148,620,528,112,478,670,7.55571587108014,8.20693548387097,6.79102617424242,6.83348214285714,7.62562759414226,7.5058385522388,77
"81",2011,8,7.13333333333333,9,8.3,6.2,NA,7.44,6.75,4,5,0,5,4,1157,624,533,112,483,674,7.55243026793431,8.20753205128206,6.78548183864916,6.83348214285714,7.62370598343685,7.50135286350148,78
"82",2011,9,7.55555555555556,9,8,7,6,7.25,7.8,5,4,1,4,5,1166,629,537,113,487,679,7.55245439108062,8.20588235294118,6.78707973929237,6.82610619469027,7.62063652977413,7.50355203240059,79
"83",2011,10,7.24166666666667,12,7.4,7.12857142857143,NA,7.45,7.2,5,7,0,2,10,1178,634,544,113,489,689,7.54928847198642,8.19952681388013,6.79147393382353,6.82610619469027,7.61993862985685,7.4991463425254,80
"84",2011,11,7.42222222222222,27,7.82307692307692,7.05,7.33333333333333,7.96666666666667,7.15,13,14,3,9,18,1205,647,558,116,498,707,7.54644134439834,8.19196290571871,6.79796025089606,6.83922413793103,7.62620479919679,7.49025718528996,81
"85",2011,12,7.70588235294118,17,8.5,7,8,7.875,7.55555555555556,8,9,2,8,9,1222,655,567,118,506,716,7.54865942716858,8.1957251908397,6.80116723104056,6.85889830508475,7.6301383201581,7.49107797486033,82
"86",2012,1,7.03333333333333,18,8.0625,6.21,7,6.9,7.16666666666667,8,10,1,9,9,1240,663,577,119,515,725,7.54117888709678,8.19411764705883,6.79092169844021,6.86008403361345,7.61737862135922,7.4870508,83
"87",2012,2,7.39047619047619,21,8.15,6.92307692307692,7,6.4,7.7,8,13,3,5,16,1261,671,590,122,520,741,7.53866916732752,8.1935916542474,6.79383359322034,6.86352459016393,7.60567305769231,7.49164889338731,84
"88",2012,3,7.88666666666667,15,8.92857142857143,6.975,8,8,7.86923076923077,7,8,2,2,13,1276,678,598,124,522,754,7.54276004702194,8.20117994100296,6.79625722408027,6.88185483870968,7.60718388888889,7.49815892572944,85
"89",2012,4,8.09285714285714,14,8.53333333333333,7.3,NA,8.83333333333333,7.5375,9,5,0,6,8,1290,687,603,124,528,762,7.54873009302326,8.20553129548763,6.80043419568823,6.88185483870968,7.62111740530303,7.49857195538058,86
"90",2012,5,7.65,10,8.33333333333333,6.625,8,8,7.61111111111111,6,4,1,1,9,1300,693,607,125,529,771,7.54950909230769,8.20663780663781,6.79927812191104,6.8908,7.6218336294896,7.49988564202335,87
"91",2012,6,8.43333333333333,12,8.525,8.25,8.16666666666667,8.175,8.5625,8,4,3,4,8,1312,701,611,128,533,779,7.55759285060976,8.21027104136948,6.80877548281506,6.920703125,7.62598497185741,7.51079824133504,88
"92",2012,7,7.59571428571429,14,8.3,7.20444444444444,8.25,7.65,7.56555555555556,5,9,2,5,9,1326,706,620,130,538,788,7.55799533936652,8.21090651558074,6.81451906451613,6.94115384615385,7.6262081598513,7.51142364213198,89
"93",2012,8,8.27272727272727,11,8.8,7.83333333333333,NA,6,8.5,5,6,0,1,10,1337,711,626,130,539,798,7.56387570680628,8.21504922644164,6.82428405750799,6.94115384615385,7.62319107606679,7.52381181704261,90
"94",2012,9,7.9375,16,8.38888888888889,7.35714285714286,NA,8.75,7.66666666666667,9,7,0,4,12,1353,720,633,130,543,810,7.56829402808574,8.21722222222223,6.83017665086888,6.94115384615385,7.63149169429098,7.52592818518518,91
"95",2012,10,6.825,12,7.98333333333333,5.66666666666667,NA,7.25,6.6125,6,6,0,4,8,1365,726,639,130,547,818,7.56175957509158,8.21528925619835,6.81925167449139,6.94115384615385,7.62870199268739,7.51699490220049,92
"96",2012,11,7.68181818181818,11,8.21428571428571,6.75,8,7.125,8,7,4,1,4,7,1376,733,643,131,551,825,7.56271934593023,8.21527967257845,6.81882087091757,6.94923664122137,7.625045353902,7.52109312727273,93
"97",2012,12,7.67307692307692,13,7.625,7.75,NA,7.5,7.70454545454545,8,5,0,2,11,1389,741,648,131,553,836,7.56375221022318,8.2089068825911,6.82600589506173,6.94923664122137,7.62459311030741,7.52350697368421,94
"98",2013,1,8.11538461538461,13,8.71428571428571,7.41666666666667,7,7,8.20833333333333,7,6,1,1,12,1402,748,654,132,554,848,7.56886720399429,8.21363636363637,6.83142480122324,6.94962121212121,7.62346568592058,7.53319791273585,95
"99",2013,2,7.21,15,8.17222222222222,5.76666666666667,NA,8.25,6.83181818181818,9,6,0,4,11,1417,757,660,132,558,859,7.56506832745236,8.21314398943197,6.82174518181818,6.94962121212121,7.62795697132616,7.52421633294528,96
"100",2013,3,7.79166666666667,12,8.1875,7,7,8.25,7.5625,8,4,1,4,8,1429,765,664,133,562,867,7.56697118264521,8.21287581699347,6.8228190060241,6.95,7.63238432384342,7.52456958477508,97
"101",2013,4,7.93076923076923,13,8.1625,7.56,8,8.5,7.82727272727273,8,5,1,2,11,1442,773,669,134,564,878,7.57025091539528,8.21235446313066,6.82832857997011,6.95783582089552,7.6354609751773,7.52836199316629,98
"102",2013,5,8.25555555555556,9,8.2,8.325,NA,9,8.1625,5,4,0,1,8,1451,778,673,134,565,886,7.57450159889731,8.21227506426735,6.83722410104012,6.95783582089552,7.63787608849557,7.53408784424379,99
"103",2013,6,7.35714285714286,7,8.5,6.5,5.66666666666667,8.5,7.16666666666667,3,4,3,1,6,1458,781,677,137,566,892,7.57345803840878,8.21338028169014,6.83523163958641,6.92956204379562,7.63939927561837,7.53161640134529,100
"104",2013,7,8.1,8,8.08333333333333,8.15,7.8,7.25,8.38333333333333,6,2,1,2,6,1466,787,679,138,568,898,7.57633139154161,8.21238881829733,6.83910430044183,6.93586956521739,7.63802815140845,7.53730716035635,101
"105",2013,8,6.64615384615385,13,7.25,6.37777777777778,6,5.875,6.98888888888889,4,9,1,4,9,1479,791,688,139,572,907,7.5681553887762,8.20752212389381,6.83306950581396,6.92913669064748,7.62569928321678,7.53186530319735,102
"106",2013,9,6.76923076923077,13,8.5,5.6875,7,6.875,6.72222222222222,5,8,1,4,9,1492,796,696,140,576,916,7.56119424932976,8.20935929648241,6.81990204022989,6.92964285714286,7.62048609375,7.52391029475982,103
"107",2013,10,8.16666666666667,9,8.2,8.125,8.5,8.75,8,5,4,1,2,7,1501,801,700,141,578,923,7.56482466355763,8.20930087390762,6.82735974285714,6.94078014184397,7.62439444636678,7.52752094257855,104
"108",2013,11,7.39428571428571,28,8.80555555555556,6.72578947368421,8.25,9.5,7.04333333333333,9,19,2,4,24,1529,810,719,143,582,947,7.56170164813604,8.21592592592592,6.82467568845619,6.95909090909091,7.63728520618557,7.5152500844773,105
"109",2013,12,6.84285714285714,7,7.95,6.4,NA,8,6.65,2,5,0,1,6,1536,812,724,143,583,953,7.5584256640625,8.21527093596059,6.82174284530387,6.95909090909091,7.63790735849057,7.5098025498426,106
"110",2014,1,7.22352941176471,17,7.91666666666667,6.84545454545455,7,6.33333333333333,7.70909090909091,6,11,2,6,11,1553,818,735,145,589,964,7.5547597037991,8.21308068459657,6.82209771428572,6.95965517241379,7.62461797962649,7.51207658713693,107
"111",2014,2,7.47692307692308,13,8.2,6.63333333333333,7.8,6.6,7.74,7,6,1,3,10,1566,825,741,146,592,974,7.554113550447,8.21296969696969,6.82056925775979,6.96541095890411,7.61942565878378,7.51441666324435,108
"112",2014,3,7.0625,8,7.66666666666667,6.7,6.16666666666667,5.33333333333333,8.1,3,5,3,3,5,1574,828,746,149,595,979,7.55161487928844,8.21099033816425,6.81976115281502,6.9493288590604,7.60789914285714,7.51740738508682,109
"113",2014,4,7.66666666666667,3,10,6.5,6.5,5,9,1,2,2,1,2,1577,829,748,151,596,981,7.55183374762207,8.21314837153196,6.81890617647059,6.94337748344371,7.60352347315436,7.52043,110
"114",2014,5,7.8875,8,8.76666666666667,5.25,3,9.15,6.625,6,2,1,4,4,1585,835,750,152,600,985,7.55352796214511,8.21712574850299,6.81472242666667,6.91743421052631,7.61383331666667,7.51679373604061,111
"115",2014,6,7.7,5,8.16666666666667,7,7,8,7.5,3,2,2,2,3,1590,838,752,154,602,988,7.55398856603774,8.21694510739857,6.81521518617021,6.91850649350649,7.61511626245847,7.51674274291498,112
"116",2014,7,7.3125,8,8.5,6.125,8,8.66666666666667,6.5,4,4,1,3,5,1598,842,756,155,605,993,7.55277961201502,8.21828978622328,6.81156325396826,6.92548387096774,7.62033056198347,7.51162319234642,113
"117",2014,8,7.41666666666667,6,NA,7.41666666666667,NA,NA,7.41666666666667,0,6,0,0,6,1604,842,762,155,605,999,7.55227046134663,8.21828978622328,6.81632784776903,6.92548387096774,7.62033056198347,7.51105288288288,114
"118",2014,9,7.5,8,8,7.42857142857143,NA,NA,7.5,1,7,0,0,8,1612,843,769,155,605,1007,7.55201105459057,8.21803084223013,6.82190093628089,6.92548387096774,7.62033056198347,7.51096507447865,115
"119",2014,10,7.65,12,8,6.95,6.8,7.16,8,8,4,1,5,7,1624,851,773,156,610,1014,7.55273511083744,8.21598119858989,6.82256380336352,6.92467948717949,7.61655736065574,7.51434105522682,116
"120",2014,11,7.88888888888889,9,7.9,7.875,NA,6.5,8.28571428571429,5,4,0,2,7,1633,856,777,156,612,1021,7.55458776484997,8.21413551401869,6.82798175032175,6.92467948717949,7.61290848039216,7.51962960822723,117
"121",2014,12,7.72,10,8.2,7.24,7.2,7.2,7.77777777777778,5,5,1,1,9,1643,861,782,157,613,1030,7.55559453438831,8.21405342624855,6.83061613810742,6.92643312101911,7.61223489396411,7.52188527184466,118
"122",2015,1,8.04166666666667,12,8.07142857142857,8,7,8.125,8,7,5,1,4,8,1655,868,787,158,617,1038,7.5591189244713,8.21290322580645,6.83804551461245,6.92689873417721,7.61555914100486,7.52557016377649,119
"123",2015,2,7,9,6.66666666666667,7.16666666666667,7.5,8.5,6.57142857142857,3,6,1,2,7,1664,871,793,159,619,1045,7.55609484375,8.20757749712973,6.8405319293821,6.93050314465409,7.61841678513732,7.51917878468899,120
"124",2015,3,8.03333333333333,9,8.4,7.575,NA,7.15,8.28571428571429,5,4,0,2,7,1673,876,797,159,621,1052,7.55866217573222,8.20867579908675,6.84421809284818,6.93050314465409,7.61690819645733,7.52427930608365,121
"125",2015,4,7,7,8,6.6,8,6.83333333333333,8,2,5,1,6,1,1680,878,802,160,627,1053,7.55633441666667,8.20820045558086,6.8426955361596,6.9371875,7.60940987240829,7.52473108262108,122
"126",2015,5,7.58733333333333,15,8.16666666666667,6.71833333333333,6.9525,8,7.43727272727273,9,6,4,4,11,1695,887,808,164,631,1064,7.55660874336283,8.20777903043968,6.84177205445545,6.93756097560975,7.61188587955626,7.52382690789474,123
"127",2015,6,6.78333333333333,6,7.6,6.375,NA,7,6.74,2,4,0,1,5,1701,889,812,164,632,1069,7.55388114050558,8.20641169853768,6.83947268472907,6.93756097560975,7.6109177056962,7.52016073900842,124
"128",2015,7,6.875,16,7.71428571428571,6.22222222222222,6.5,6.5,7.1,7,9,2,6,10,1717,896,821,166,638,1079,7.54755493302271,8.20256696428571,6.8327062362972,6.9322891566265,7.60047020376176,7.51626675625579,125
"129",2015,8,8.25555555555556,9,8.875,7.76,7.7,8.9,7.45,4,5,4,5,4,1726,900,826,170,643,1083,7.55124670915411,8.20555555555555,6.83831939467313,6.95035294117647,7.61057541213064,7.51602200369344,126
"130",2015,9,8.0625,8,7.91666666666667,8.5,9,9,7.92857142857143,6,2,1,1,7,1734,906,828,171,644,1090,7.55360543252595,8.20364238410596,6.84233311594203,6.96233918128655,7.61273290372671,7.51867140366972,127
"131",2015,10,6.68181818181818,11,7.5,6.21428571428571,NA,8,6.1875,4,7,0,3,8,1745,910,835,171,647,1098,7.54810992550143,8.20054945054945,6.83706804790419,6.96233918128655,7.61452857805255,7.50897252276867,128
"132",2015,11,7.825,12,8.41428571428571,7,5,NA,7.825,7,5,1,0,12,1757,917,840,172,647,1110,7.55000103585657,8.20218102508179,6.83803788095238,6.95093023255814,7.61452857805255,7.51238903603604,129
"133",2015,12,7.39857142857143,7,8.26333333333333,6.75,NA,7.5,7.358,3,4,0,2,5,1764,920,844,172,649,1115,7.54940012471655,8.20238043478261,6.83762063981043,6.95093023255814,7.6141756394453,7.51169670852018,130
"134",2016,1,7.66666666666667,18,7.53571428571429,8.125,NA,8.25,7.5,14,4,0,4,14,1782,934,848,172,653,1129,7.5505846352413,8.19238758029979,6.84369318396227,6.95093023255814,7.6180704287902,7.51155166519043,131
"135",2016,2,7.2625,8,8.33333333333333,6.62,8.5,8.5,6.85,3,5,1,2,6,1790,937,853,173,655,1135,7.54929710614525,8.19283884738527,6.84238196951935,6.95988439306358,7.62076334351145,7.50805447577093,132
"136",2016,3,7.15625,8,7.43333333333333,6.99,6.66666666666667,7.25,7.125,3,5,3,2,6,1798,940,858,176,657,1141,7.54754828698554,8.19041489361702,6.84324221445222,6.95488636363636,7.61963468797565,7.5060401665206,133
"137",2016,4,8.25,12,8.88888888888889,6.33333333333333,6,9,8.18181818181818,9,3,1,1,11,1810,949,861,177,658,1152,7.55220542541436,8.19703898840885,6.84146552845529,6.94949152542373,7.62173250759878,7.51249290798611,134
"138",2016,5,7.96875,16,8.5,6.375,NA,6.33333333333333,8.34615384615385,12,4,0,3,13,1826,961,865,177,661,1165,7.55585532311062,8.2008220603538,6.83930846242775,6.94949152542373,7.6158850075643,7.52179556223176,135
"139",2016,6,7.34615384615385,13,7.35,7.33333333333333,8,7.66666666666667,7.25,10,3,1,3,10,1839,971,868,178,664,1175,7.55437293094073,8.19205973223481,6.84101592165899,6.95539325842697,7.61611444277109,7.51948240851064,136
"140",2016,7,6.67272727272727,11,7.25,6.34285714285714,5.75,6.875,6.55714285714286,4,7,2,4,7,1850,975,875,180,668,1182,7.54913071351351,8.18819487179487,6.83703065142857,6.942,7.61167663173653,7.51378327411167,137
"141",2016,8,7.32894736842105,19,8.2,6.36111111111111,7,8.25,7.08333333333333,10,9,4,4,15,1869,985,884,184,672,1197,7.54689235955056,8.18831472081218,6.83218531674208,6.94326086956522,7.61547617559524,7.50838916457811,138
"142",2016,9,7.375,12,7.6,7.21428571428571,7.5,8,7.31818181818182,5,7,1,1,11,1881,990,891,185,673,1208,7.54579575757576,8.18534343434343,6.8351872278339,6.94627027027027,7.61604753343239,7.50665714403974,139
"143",2016,10,7.53846153846154,13,8,6.8,6,7.5,7.54545454545455,8,5,2,2,11,1894,998,896,187,675,1219,7.54574541710665,8.18385771543086,6.83499087053572,6.93614973262032,7.61570368888889,7.50700724364233,140
"144",2016,11,7.5,14,7.15,8.375,8,7.25,7.54166666666667,10,4,1,2,12,1908,1008,900,188,677,1231,7.54540975890985,8.17360119047619,6.84183535555556,6.9418085106383,7.61462332348597,7.50734510966694,141
"145",2016,12,7.03646916666667,12,7,7.04862555555556,7,7,7.03978454545455,3,9,1,1,11,1920,1011,909,189,678,1242,7.54222888020833,8.17011869436202,6.84388278327833,6.9421164021164,7.61371679941003,7.50320407407407,142
"146",2017,1,7.9,12,8.78571428571429,6.66,8.3,7.86,7.92857142857143,7,5,1,5,7,1932,1018,914,190,683,1249,7.5444510610766,8.17435166994106,6.84287685995624,6.94926315789473,7.6155197510981,7.50558803843075,143
"147",2017,2,7.51,15,8.48125,6.4,6,7,7.54642857142857,8,7,2,1,14,1947,1026,921,192,684,1263,7.54418564458141,8.17674463937622,6.83951080347449,6.939375,7.61461986842105,7.5060407442597,144
"148",2017,3,7.125,8,7.875,6.375,6,7,7.16666666666667,4,4,1,2,6,1955,1030,925,193,686,1269,7.54247030690537,8.17557281553398,6.83750210810811,6.93450777202072,7.61282797376093,7.50443613869188,145
"149",2017,4,7.50714285714286,14,9,7.25833333333333,10,8.1,7.46153846153846,2,12,1,1,13,1969,1032,937,194,687,1282,7.54221912138141,8.17717054263566,6.84289162219851,6.95030927835051,7.61353710334789,7.50400113884555,146
"150",2017,5,7.95454545454545,11,8.38888888888889,6,6,7.875,8,9,2,1,4,7,1980,1041,939,195,691,1289,7.54450982323232,8.17900096061479,6.8410963258786,6.9454358974359,7.61505063675832,7.5066946935609,147
"151",2017,6,8.075,8,8.52,7.33333333333333,6.5,8.25,8.01666666666667,5,3,2,2,6,1988,1046,942,197,693,1295,7.54664459255533,8.1806309751434,6.8426639596603,6.94091370558376,7.6168831024531,7.5090574980695,148
"152",2017,7,7.83416666666667,12,7.83333333333333,7.835,9.01,7.67,7.88888888888889,6,6,1,3,9,2000,1052,948,198,696,1304,7.548369725,8.17865019011407,6.84894456751055,6.95136363636363,7.6171120545977,7.51167903374233,149
"153",2017,8,6.99230769230769,13,8.32222222222222,4,NA,7.33333333333333,6.89,9,4,0,3,10,2013,1061,952,198,699,1314,7.54477866368604,8.17986804901037,6.83697421218488,6.95136363636363,7.61589412017168,7.50694783866058,150
"154",2017,9,7.36666666666667,9,7.3125,7.8,NA,6.5,8.06,8,1,0,4,5,2022,1069,953,198,703,1319,7.54398588031652,8.1733769878391,6.83798473242393,6.95136363636363,7.60954479374111,7.50904432145565,151
"155",2017,10,6.85,10,7.25,6.58333333333333,7.5,5.83333333333333,7.28571428571429,4,6,2,3,7,2032,1073,959,200,706,1326,7.54057059547244,8.16993476234855,6.83639150156413,6.95685,7.60199715297451,7.50786535444947,152
"156",2017,11,7.63333333333333,6,7.66666666666667,7.6,7.6,7.6,7.66666666666667,3,3,3,3,3,2038,1076,962,203,709,1329,7.54084369479882,8.16853159851301,6.83877281704782,6.96635467980295,7.60198870239775,7.50822382242287,153
"157",2017,12,7.55555555555556,9,9,6.4,NA,10,7.25,4,5,0,1,8,2047,1080,967,203,710,1337,7.54090837811431,8.17161111111111,6.83650408479835,6.96635467980295,7.60536618309859,7.50667872849663,154
"158",2018,1,7.57142857142857,7,7.5,7.6,7,NA,7.57142857142857,2,5,1,0,7,2054,1082,972,204,710,1344,7.54101239045764,8.1703696857671,6.84043153292181,6.96651960784314,7.60536618309859,7.5070159672619,155
"159",2018,2,7.44545454545455,11,8.2,6.81666666666667,NA,6.25,8.12857142857143,5,6,0,4,7,2065,1087,978,204,714,1351,7.54050336561743,8.17050597976081,6.84028573619632,6.96651960784314,7.5977730952381,7.51023646188009,156
"160",2018,3,7.25,4,9,6.66666666666667,6,NA,7.25,1,3,1,0,4,2069,1088,981,205,714,1355,7.53994173513775,8.17126838235294,6.83975479102956,6.96180487804878,7.5977730952381,7.50946823616236,157
"161",2018,4,7.38076923076923,13,7.625,7.27222222222222,8.2,8,7.195,4,9,1,3,10,2082,1092,990,206,717,1365,7.53894786263208,8.1692673992674,6.84368631313132,6.96781553398058,7.59945605299861,7.50716443956044,158
"162",2018,5,8.5,5,9,7.75,7.75,7.75,9,3,2,2,2,3,2087,1095,992,208,719,1368,7.54125033540968,8.17154337899543,6.84551355846775,6.97533653846154,7.59987481223922,7.51043820175439,159
"163",2018,6,7.04166666666667,12,8,6.08333333333333,9,7.25,7,6,6,1,2,10,2099,1101,998,209,721,1378,7.5383942115293,8.170608537693,6.84093131262525,6.98502392344497,7.59890428571429,7.50673400580551,160
"164",2018,7,7.86363636363636,11,7.66666666666667,8.1,8.5,NA,7.86363636363636,6,5,1,0,11,2110,1107,1003,210,721,1389,7.54008978672986,8.16787714543812,6.84720782652044,6.99223809523809,7.59890428571429,7.50956044636429,161
"165",2018,8,6.8,5,7,6.5,NA,7,6.75,3,2,0,1,4,2115,1110,1005,210,722,1393,7.53834016548463,8.16472072072072,6.84651686567164,6.99223809523809,7.59807477839335,7.50737936826992,162
"166",2018,9,8.13888888888889,9,8.35714285714286,7.375,NA,8.9,7.1875,7,2,0,5,4,2124,1117,1007,210,727,1397,7.54088486346516,8.16592658907788,6.84756648460775,6.99223809523809,7.60702887207703,7.50646346456693,163
"167",2018,10,7.7,10,9.1,6.3,6.5,9.125,6.75,5,5,2,4,6,2134,1122,1012,212,731,1403,7.54163048266167,8.17008912655971,6.84486111660079,6.98759433962264,7.61533514363885,7.50322841054882,164
"168",2018,11,7.78571428571429,14,7.78571428571429,7.78571428571429,8,8.2,7.55555555555556,7,7,1,5,9,2148,1129,1019,213,736,1412,7.54322134543762,8.16770593445527,6.85132428851816,6.99234741784037,7.61930705163044,7.50356194050991,165
"169",2018,12,7.59090909090909,11,9.66666666666667,6.8125,4,9.25,6.64285714285714,3,8,1,4,7,2159,1132,1027,214,740,1419,7.54346431218157,8.17167844522968,6.85102185978579,6.97836448598131,7.62812160810811,7.49931603946441,166
"170",2019,1,7.9,15,8.13636363636364,7.25,8,8.25,7.77272727272727,11,4,1,4,11,2174,1143,1031,215,744,1430,7.5459243100276,8.17133858267716,6.85256978661494,6.98311627906977,7.63146504032258,7.5014192027972,167
"171",2019,2,7.5,10,7.85714285714286,6.66666666666667,3,8,7.44444444444444,7,3,1,1,9,2184,1150,1034,216,745,1439,7.54571403388278,8.16942608695652,6.85203041586074,6.96467592592592,7.63195971812081,7.50106286309937,168
"172",2019,3,6.72222222222222,9,8.2,4.875,3,8,6.5625,5,4,1,1,8,2193,1155,1038,217,746,1447,7.5423344505244,8.16955844155844,6.84441180154143,6.94640552995392,7.6324530697051,7.49587384934347,169
"173",2019,4,7.42307692307692,13,8.25,6.1,6.5,7.875,7.22222222222222,8,5,3,4,9,2206,1163,1043,220,750,1456,7.54163166364461,8.17011177987962,6.84084319271333,6.94031818181818,7.63374665333334,7.49418232142857,170
"174",2019,5,7.68181818181818,11,8.5,6.7,7,NA,7.68181818181818,6,5,1,0,11,2217,1169,1048,221,750,1467,7.54232722147046,8.17180496150556,6.84017123091603,6.94058823529412,7.63374665333334,7.49558927062031,171
"175",2019,6,7.82,10,8.14285714285714,7.06666666666667,7.1,7.66666666666667,7.88571428571429,7,3,2,3,7,2227,1176,1051,223,753,1474,7.54357406825326,8.17163265306122,6.84081774500476,6.94201793721973,7.63387780876494,7.49744196743555,172
"176",2019,7,7.90296333333333,9,7.845334,7.975,7.9,8.6,7.70381,5,4,1,2,7,2236,1181,1055,224,755,1481,7.54502062611807,8.17025120237087,6.84511796208531,6.94629464285714,7.63643707284768,7.49841737339635,173
"177",2019,8,7.88888888888889,9,8,7.8,7.66666666666667,7,8.14285714285714,4,5,3,2,7,2245,1185,1060,227,757,1488,7.54639916258352,8.16967651476793,6.84962212264151,6.95581497797357,7.63475560105681,7.50144901209678,174
"178",2019,9,6.7,10,8.2,5.2,5.5,8,6.55555555555556,5,5,2,1,9,2255,1190,1065,229,758,1497,7.54264572949002,8.16980392436974,6.84187741784038,6.94310043668122,7.63523745382586,7.49576227788911,175
"179",2019,10,7.9375,4,7.58333333333333,9,NA,NA,7.9375,3,1,0,0,4,2259,1193,1066,229,758,1501,7.54334489597167,8.16832914501257,6.84390192307693,6.94310043668122,7.63523745382586,7.49693946035976,176
"180",2019,11,7.75,10,8.5,7,6.25,6.5,7.88888888888889,5,5,2,1,9,2269,1198,1071,231,759,1510,7.54425567210225,8.16971341402337,6.84463067226891,6.93709956709957,7.63374175230567,7.49927558278146,177
"181",2019,12,6.83333333333333,6,NA,6.83333333333333,NA,9,6.4,0,6,0,1,5,2275,1198,1077,231,760,1515,7.54238071208791,8.16971341402337,6.84456773444754,6.93709956709957,7.63553946052632,7.49564761056106,178
"182",2020,1,7.13636363636364,11,7.8,6.58333333333333,7,7.33333333333333,7.0625,5,6,1,3,8,2286,1203,1083,232,763,1523,7.54042699912511,8.16817678304239,6.84312045244691,6.93737068965517,7.63435123197903,7.49337237688772,179
"183",2020,2,8.26666666666667,15,8.35714285714286,8.1875,8.5,9.33333333333333,8,7,8,1,3,12,2301,1210,1091,233,766,1535,7.54516128639722,8.16926997520661,6.85297841429881,6.94407725321888,7.64100520887729,7.49733298371336,180
"184",2020,3,6.6,5,7,6.33333333333333,NA,5,7,2,3,0,1,4,2306,1212,1094,233,767,1539,7.543111934085,8.16734048679868,6.85155342778794,6.94407725321888,7.63756191655802,7.49604037037037,181
"185",2020,4,8,3,8,NA,NA,8,8,3,0,0,1,2,2309,1215,1094,233,768,1541,7.54370555218709,8.16692730041152,6.85155342778794,6.94407725321888,7.63803384114583,7.49669443867618,182
"186",2020,5,7.66666666666667,12,8,6.66666666666667,NA,10,7.45454545454545,9,3,0,1,11,2321,1224,1097,233,769,1552,7.54434128392934,8.16569989379085,6.85104781221514,6.94407725321888,7.64110531859558,7.49639570231959,183
"187",2020,6,7.40625,16,7.61111111111111,7.14285714285714,6,8.5,7.25,9,7,1,2,14,2337,1233,1104,234,771,1566,7.54339585793753,8.16165180048662,6.85289805253623,6.94004273504273,7.64333332036317,7.49419293103448,184
"188",2020,7,8.28571428571429,7,8.6,7.5,NA,8.5,8.2,5,2,0,2,5,2344,1238,1106,234,773,1571,7.54561267918089,8.16342218901454,6.85406821880651,6.94004273504273,7.64554979301423,7.49643929344367,185
"189",2020,8,7.16666666666667,12,8.33333333333333,6,6.33333333333333,6.75,7.375,6,6,3,4,8,2356,1244,1112,237,777,1579,7.54368256366723,8.16424169614148,6.84945993705036,6.93236286919831,7.6409394980695,7.49582402153262,186
"190",2020,9,7.91666666666667,6,8.1,7,NA,7.5,8,5,1,0,1,5,2362,1249,1113,237,778,1584,7.5446300254022,8.16398452361889,6.84959519317161,6.93236286919831,7.64075834190232,7.49741548611111,187
"191",2020,10,7.54,10,8.6,6.48,NA,6.33333333333333,8.05714285714286,5,5,0,3,7,2372,1254,1118,237,781,1591,7.54461050590219,8.16572302232855,6.84794226296959,6.93236286919831,7.6357362227913,7.49987814582024,188
"192",2020,11,8.6,7,8.86666666666667,7,NA,9,8.53333333333333,6,1,0,1,6,2379,1260,1119,237,782,1597,7.5477158974359,8.16906084920635,6.84807815013405,6.93236286919831,7.6374808056266,7.50376088290545,189
"193",2020,12,7.74375,16,8.35,6.73333333333333,NA,7.91666666666667,7.64,10,6,0,6,10,2395,1270,1125,237,788,1607,7.54902551983299,8.17048556692913,6.84746617777778,6.93236286919831,7.63960658629442,7.50460866832607,190
"194",2021,1,7.725,8,8.13333333333333,6.5,NA,NA,7.725,6,2,0,0,8,2403,1276,1127,237,788,1615,7.54961136912193,8.17031086990595,6.84684955634428,6.93236286919831,7.63960658629442,7.50570039009288,191
"195",2021,2,7.62727272727273,11,8.12857142857143,6.75,6,8.25,7.48888888888889,7,4,3,2,9,2414,1283,1131,240,790,1624,7.54996525269263,8.1700831410756,6.84650702917772,6.92070833333333,7.64115188607595,7.5056072229064,192
"196",2021,3,8.27272727272727,22,8.3421052631579,7.83333333333333,8,8.66666666666667,8.21052631578947,19,3,1,3,19,2436,1302,1134,241,793,1643,7.55649266009852,8.17259344854071,6.84911768077602,6.9251867219917,7.64503151324086,7.51375905660377,193
"197",2021,4,7.34,20,8.45454545454546,5.97777777777778,NA,NA,7.34,11,9,0,0,20,2456,1313,1143,241,793,1663,7.55472969055375,8.17495557501904,6.84225673665792,6.9251867219917,7.64503151324086,7.51166935057126,194
"198",2021,5,7.439375,16,8.41111111111111,6.19,5.77666666666667,6.165,7.62142857142857,9,7,3,2,14,2472,1322,1150,244,795,1677,7.55398305825243,8.17656329046899,6.83828647826087,6.91106557377049,7.64130816352201,7.51258564698867,195
"199",2021,6,5.84375,8,8.16666666666667,4.45,4,4.75,6.9375,3,5,2,4,4,2480,1325,1155,246,799,1681,7.54846617741936,8.17654088301887,6.82794757575758,6.88739837398374,7.62683352941177,7.51121720999405,196
"200",2021,7,7.8375,8,8.11666666666667,7,6,8.5,7.61666666666667,6,2,1,2,6,2488,1331,1157,247,801,1687,7.5493955466238,8.17627097670924,6.82824498703544,6.88380566801619,7.62901372034956,7.51159225251927,197
"201",2021,8,8.05,15,8.43181818181818,7,NA,8.75,7.4375,11,4,0,7,8,2503,1342,1161,247,808,1695,7.55239557331203,8.17836562593145,6.82883673557279,6.88380566801619,7.63872523514852,7.51124255457227,198
"202",2021,9,7.82142857142857,14,8.3125,7.16666666666667,4,7,7.88461538461539,8,6,2,1,13,2517,1350,1167,249,809,1708,7.55389198251887,8.1791604962963,6.83057365038561,6.86064257028112,7.63793571075402,7.5140843852459,199
"203",2021,10,7.88461538461539,13,8.5,7.16666666666667,5,9,7.79166666666667,7,6,1,1,12,2530,1357,1173,250,810,1720,7.55559135177866,8.18081552689757,6.83229279624894,6.8532,7.63961727160494,7.51602100581395,200
"204",2021,11,7.70833333333333,12,8.875,7.125,6.16666666666667,8,7.68181818181818,4,8,3,1,11,2542,1361,1181,253,811,1731,7.55631239968529,8.18285574577517,6.83427557154954,6.84505928853755,7.64006163995068,7.51707459849798,201
"205",2021,12,8.17,10,8.75,5.85,NA,8.925,7.66666666666667,8,2,0,4,6,2552,1369,1183,253,815,1737,7.55871713166144,8.18616995617239,6.83261153846154,6.84505928853755,7.64636808588957,7.51759132412205,202
"206",2022,1,7.78571428571429,14,8,7.57142857142857,7,7.5,7.80769230769231,7,7,1,1,13,2566,1376,1190,254,816,1750,7.55995561964147,8.18522287063954,6.83695752100841,6.84566929133858,7.6461887132353,7.51974636,203
"207",2022,2,8.575,12,8.62857142857143,8.5,NA,9,8.53636363636364,7,5,0,1,11,2578,1383,1195,254,817,1761,7.56468041892941,8.18746686189443,6.84391585774059,6.84566929133858,7.64784576499388,7.52609660988075,204
"208",2022,3,8.6,5,9.33333333333333,7.5,NA,NA,8.6,3,2,0,0,5,2583,1386,1197,254,817,1766,7.56668452187379,8.18994709235209,6.84501207184629,6.84566929133858,7.64784576499388,7.52913710645527,205
"209",2022,4,6.92307692307692,13,7.55555555555556,5.5,6,6,7.09090909090909,9,4,1,2,11,2596,1395,1201,255,819,1777,7.56346152542373,8.1858542437276,6.84053243130725,6.84235294117647,7.64382172161172,7.52642438379291,206
"210",2022,5,8,16,8.16666666666667,7.9,6.5,7,8.23076923076923,6,10,2,3,13,2612,1401,1211,257,822,1790,7.56613557427259,8.18577206995004,6.84928113129645,6.83968871595331,7.64147200729927,7.53153973743017,207
"211",2022,6,8.35352941176471,17,8.375,8.32285714285714,NA,9.5,8.20066666666667,10,7,0,2,15,2629,1411,1218,257,824,1805,7.57122712818562,8.18711316087881,6.8577499589491,6.83968871595331,7.64598299757282,7.53710034903047,208
"212",2022,7,7.55882352941176,17,7.85,7.14285714285714,NA,7,7.67857142857143,10,7,0,3,14,2646,1421,1225,257,827,1819,7.57114743764173,8.18474079521464,6.85937914285715,6.83968871595331,7.64363964933495,7.53818918636614,209
"213",2022,8,7.7375,16,8.21428571428571,7.36666666666667,7.45,8.5,7.56153846153846,7,9,4,3,13,2662,1428,1234,261,830,1832,7.57214730277987,8.1848856232493,6.86307897082658,6.84904214559387,7.64673492771084,7.53835487445415,210
"214",2022,9,8.35,10,8.91666666666667,7.5,7,10,8.16666666666667,6,4,1,1,9,2672,1434,1238,262,831,1841,7.57505842814371,8.18794746861925,6.86513687399031,6.84961832061069,7.64956677496992,7.54142646931016,211
"215",2022,10,8.14444444444444,9,8.0875,8.6,NA,8.56666666666667,7.93333333333333,8,1,0,3,6,2681,1442,1239,262,834,1847,7.57696983215218,8.18739020110957,6.86653708635997,6.84961832061069,7.65286569544365,7.54269958310774,212
"216",2022,11,7.18461538461538,13,7.33333333333333,7.05714285714286,6.5,6.5,7.39,6,7,1,3,10,2694,1448,1246,263,837,1857,7.57507651076466,8.18385129143646,6.86760790529695,6.84828897338403,7.64873356033453,7.5418772913301,213
"217",2022,12,6.79176470588235,17,8.20857142857143,5.8,4,6.16666666666667,6.92571428571429,7,10,1,3,14,2711,1455,1256,264,840,1871,7.57016455920325,8.18397021993127,6.85910784235669,6.8375,7.64344046428572,7.5372667717798,214
