"","year","month","avg_rating","no_ratings","avg_rating_owned","avg_rating_not_owned","avg_rating_prev_owned","avg_rating_comment","avg_rating_no_comment","no_ratings_owned","no_ratings_not_owned","no_ratings_prev_owned","no_ratings_comment","no_ratings_no_comment","cum_no_ratings","cum_no_ratings_owned","cum_no_ratings_not_owned","cum_no_ratings_prev_owned","cum_no_ratings_comment","cum_no_ratings_no_comment","cum_avg_rating","cum_avg_rating_owned","cum_avg_rating_not_owned","cum_avg_rating_prev_owned","cum_avg_rating_comment","cum_avg_rating_no_comment","month_after_release"
"1",2012,8,10,2,NA,10,NA,NA,10,0,2,0,0,2,2,0,2,0,0,2,10,NA,10,NA,NA,10,-2
"2",2012,10,7.41,30,7.78055555555556,6.85416666666667,6.33333333333333,7.15833333333333,7.47291666666667,18,12,3,6,24,32,18,14,3,6,26,7.571875,7.78055555555556,7.30357142857143,6.33333333333333,7.15833333333333,7.66730769230769,0
"3",2012,11,7.43478260869565,46,7.71923076923077,7.065,7.05,7.375,7.44736842105263,26,20,6,8,38,78,44,34,9,14,64,7.49102564102564,7.74431818181818,7.16323529411765,6.81111111111111,7.28214285714286,7.53671875,1
"4",2012,12,7.18666666666667,30,7.71,6.925,7.11538461538461,6.83333333333333,7.33809523809524,10,20,13,9,21,108,54,54,22,23,85,7.40648148148148,7.73796296296296,7.075,6.99090909090909,7.10652173913043,7.48764705882353,2
"5",2013,1,7.2195652173913,46,7.56153846153846,6.775,7.27777777777778,7.36363636363636,7.17428571428571,26,20,9,11,35,154,80,74,31,34,120,7.35064935064935,7.680625,6.99391891891892,7.0741935483871,7.18970588235294,7.39625,3
"6",2013,2,7.4219512195122,41,7.67777777777778,6.92857142857143,7.41666666666667,7.3,7.44705882352941,27,14,6,7,34,195,107,88,37,41,154,7.36564102564103,7.67990654205607,6.98352272727273,7.12972972972973,7.20853658536585,7.40746753246753,4
"7",2013,3,7.29090909090909,55,7.87962962962963,6.72321428571429,6.88888888888889,6.64285714285714,7.38541666666667,27,28,9,7,48,250,134,116,46,48,202,7.3492,7.72014925373134,6.92068965517241,7.08260869565217,7.12604166666667,7.40222772277228,5
"8",2013,4,7.055,50,7.26730769230769,6.825,6.72222222222222,6.93076923076923,7.09864864864865,26,24,9,13,37,300,160,140,55,61,239,7.30016666666667,7.6465625,6.90428571428571,7.02363636363636,7.0844262295082,7.35523012552301,6
"9",2013,5,7.124,50,7.58275862068966,6.49047619047619,6.7,7.21818181818182,7.0974358974359,29,21,9,11,39,350,189,161,64,72,278,7.275,7.63677248677249,6.85031055900621,6.978125,7.10486111111111,7.31906474820144,7
"10",2013,6,7.20121951219512,41,7.40384615384615,6.85,7.1,7.28571428571429,7.18382352941176,26,15,5,7,34,391,215,176,69,79,312,7.26726342710997,7.60860465116279,6.85028409090909,6.98695652173913,7.12088607594937,7.30432692307692,8
"11",2013,7,7.175,46,7.42391304347826,6.92608695652174,6.9125,7.13125,7.18421052631579,23,23,8,8,38,437,238,199,77,87,350,7.25755148741419,7.59075630252101,6.85904522613065,6.97922077922078,7.12183908045977,7.29128571428571,9
"12",2013,8,7.0531914893617,47,7.5,6.54545454545455,6.80769230769231,6.70833333333333,7.17142857142857,25,22,13,12,35,484,263,221,90,99,385,7.23770661157025,7.58212927756654,6.82782805429864,6.95444444444444,7.07171717171717,7.28038961038961,10
"13",2013,9,6.92045454545455,44,7.37105263157895,6.578,7.065,7.04444444444444,6.88857142857143,19,25,10,9,35,528,282,246,100,108,420,7.21126893939394,7.56790780141844,6.80243902439024,6.9655,7.06944444444444,7.24773809523809,11
"14",2013,10,7.56842105263158,38,7.80869565217391,7.2,6.71428571428571,7.7,7.54848484848485,23,15,7,5,33,566,305,261,107,113,453,7.23524734982332,7.58606557377049,6.82528735632184,6.94906542056075,7.09734513274336,7.269646799117,12
"15",2013,11,7.13584905660377,53,7.308,6.98214285714286,6.71875,7.15,7.13255813953488,25,28,16,10,43,619,330,289,123,123,496,7.2267366720517,7.565,6.84048442906574,6.91910569105691,7.10162601626016,7.25776209677419,13
"16",2013,12,6.79183673469388,49,7.40833333333333,6.2,6.73076923076923,6.44615384615385,6.91666666666667,24,25,13,13,36,668,354,314,136,136,532,7.19483532934132,7.55437853107345,6.78949044585987,6.90110294117647,7.03897058823529,7.23468045112782,14
"17",2014,1,7.15555555555556,36,7.33,6.9375,6.66666666666667,7.625,7.06166666666667,20,16,9,6,30,704,374,330,145,142,562,7.19282670454546,7.54237967914438,6.79666666666667,6.88655172413793,7.0637323943662,7.22544483985765,15
"18",2014,2,7.06111111111111,36,7.67777777777778,6.44444444444444,6.8125,7.45714285714286,6.96551724137931,18,18,8,7,29,740,392,348,153,149,591,7.18641891891892,7.54859693877551,6.77844827586207,6.88267973856209,7.08221476510067,7.21269035532995,16
"19",2014,3,6.62763157894737,38,6.84705882352941,6.45,5.92857142857143,6.455,6.68928571428571,17,21,7,10,28,778,409,369,160,159,619,7.15912596401028,7.51943765281174,6.75975609756097,6.8409375,7.04276729559748,7.18901453957997,17
"20",2014,4,6.52833333333333,30,6.73095238095238,6.05555555555556,6.7,6.41666666666667,6.54074074074074,21,9,5,3,27,808,430,378,165,162,646,7.13570544554456,7.48093023255814,6.74298941798942,6.83666666666667,7.03117283950617,7.16191950464396,18
"21",2014,5,7.45428571428571,35,7.56363636363636,7.26923076923077,6.94444444444444,7.66666666666667,7.434375,22,13,9,3,32,843,452,391,174,165,678,7.14893238434164,7.48495575221239,6.76048593350384,6.84224137931034,7.04272727272727,7.17477876106195,19
"22",2014,6,7.00322580645161,31,7.1047619047619,6.79,7,7.48333333333333,6.888,21,10,1,6,25,874,473,401,175,171,703,7.1437643020595,7.46807610993657,6.76122194513716,6.84314285714286,7.05818713450292,7.16458036984353,20
"23",2014,7,7.2928125,32,7.66666666666667,6.96294117647059,6.90909090909091,7.5,7.245,15,17,11,6,26,906,488,418,186,177,729,7.14902869757175,7.47418032786885,6.76942583732057,6.84704301075269,7.07316384180791,7.16744855967078,21
"24",2014,8,6.62045454545455,22,6.92058823529412,5.6,NA,6.88333333333333,6.57894736842105,17,5,0,3,19,928,505,423,186,180,748,7.13649784482759,7.45554455445544,6.75560283687943,6.84704301075269,7.07,7.1525,22
"25",2014,9,6.88548387096774,31,6.89117647058824,6.87857142857143,6.97142857142857,6.1,7.03653846153846,17,14,7,5,26,959,522,437,193,185,774,7.12838373305527,7.43716475095785,6.75954233409611,6.85155440414508,7.04378378378378,7.14860465116279,23
"26",2014,10,7.03666666666667,24,7.16,6.66666666666667,7.75,7.58285714285714,6.81176470588235,18,6,2,7,17,983,540,443,195,192,791,7.12614445574771,7.42792592592593,6.75828442437923,6.86076923076923,7.0634375,7.14136536030341,24
"27",2014,11,6.82121212121212,33,7.475,6.20588235294118,6.14545454545455,6.53333333333333,6.88518518518519,16,17,11,6,27,1016,556,460,206,198,818,7.11624015748032,7.42928057553957,6.73786956521739,6.82257281553398,7.04737373737374,7.13290953545232,25
"28",2014,12,7.03428571428571,35,7.205,6.80666666666667,6.75,6.6,7.10666666666667,20,15,6,5,30,1051,576,475,212,203,848,7.11351094196004,7.42149305555556,6.74004210526316,6.82051886792453,7.03635467980296,7.13198113207547,26
"29",2015,1,6.56216216216216,37,7.08846153846154,5.31818181818182,5,5.58333333333333,6.75161290322581,26,11,4,6,31,1088,602,486,216,209,879,7.09476102941177,7.4071096345515,6.70786008230453,6.78680555555555,6.99464114832536,7.11856655290102,27
"30",2015,2,7,29,7.3125,6.61538461538461,6.5,6.33333333333333,7.17391304347826,16,13,7,6,23,1117,618,499,223,215,902,7.09230080572963,7.40466019417476,6.70545090180361,6.77780269058296,6.97618604651163,7.119977827051,28
"31",2015,3,7.21666666666667,27,7.38125,6.97727272727273,7.15,6.52,7.375,16,11,5,5,22,1144,634,510,228,220,924,7.09523601398602,7.40406940063092,6.7113137254902,6.7859649122807,6.96581818181818,7.12604978354978,29
"32",2015,4,7.12619047619048,21,7.3125,6.87777777777778,6.3,6.75,7.16578947368421,12,9,3,2,19,1165,646,519,231,222,943,7.09579399141631,7.40236842105263,6.71420038535645,6.77965367965368,6.96387387387387,7.12685047720042,30
"33",2015,5,6.89117647058824,17,7.0625,6.48,7.83333333333333,7.6,6.59583333333333,12,5,3,5,12,1182,658,524,234,227,955,7.0928510998308,7.39617021276596,6.71196564885496,6.79316239316239,6.97788546255507,7.1201780104712,31
"34",2015,6,6.57478260869565,23,7.11428571428571,5.73555555555556,6.75,7,6.53428571428571,14,9,2,2,21,1205,672,533,236,229,976,7.08296265560166,7.39029761904762,6.69547842401501,6.79279661016949,6.97807860262009,7.10757172131147,32
"35",2015,7,7.19642857142857,28,7.67857142857143,6.71428571428571,6.66666666666667,7,7.22916666666667,14,14,9,4,24,1233,686,547,245,233,1000,7.08553933495539,7.3961807580175,6.69595978062157,6.78816326530612,6.97845493562232,7.11049,33
"36",2015,8,6.44533333333333,30,7.23333333333333,5.65733333333333,5.77777777777778,5.66666666666667,6.64,15,15,9,6,24,1263,701,562,254,239,1024,7.0703325415677,7.39269614835949,6.6682384341637,6.75236220472441,6.9455230125523,7.099462890625,34
"37",2015,9,7.17903225806452,31,7.64736842105263,6.4375,6.75,7.25,7.16538461538462,19,12,5,5,26,1294,720,574,259,244,1050,7.07293663060278,7.39941666666667,6.66341463414634,6.7523166023166,6.95176229508197,7.10109523809524,35
"38",2015,10,6.79905660377359,53,7.20925925925926,6.37307692307692,6.06,6.76,6.81447368421053,27,26,15,15,38,1347,747,600,274,259,1088,7.06216035634744,7.39254350736279,6.65083333333333,6.71441605839416,6.94065637065637,7.09108455882353,36
"39",2015,11,6.90477272727273,44,7.39565217391304,6.36714285714286,6.071,7.25,6.87025,23,21,10,4,40,1391,770,621,284,263,1128,7.05718188353702,7.39263636363637,6.64123993558776,6.69176056338028,6.94536121673004,7.08325354609929,37
"40",2015,12,6.78367346938775,49,7.22272727272727,6.42592592592593,6.20833333333333,6.5,6.80888888888889,22,27,12,4,45,1440,792,648,296,267,1173,7.047875,7.38791666666667,6.63226851851852,6.67216216216216,6.93868913857678,7.07272804774083,38
"41",2016,1,6.95609756097561,41,7.36666666666667,6.525,6.5,8.5,6.87692307692308,21,20,9,2,39,1481,813,668,305,269,1212,7.04533423362593,7.38736777367774,6.62905688622754,6.66708196721311,6.95029739776952,7.06642739273927,39
"42",2016,2,7.12222222222222,45,7.62,6.5,6.07142857142857,7.5625,7.02702702702703,25,20,7,8,37,1526,838,688,312,277,1249,7.04760157273919,7.39430787589499,6.62530523255814,6.65371794871795,6.96797833935018,7.06526020816653,40
"43",2016,3,6.7741935483871,31,6.92857142857143,6.64705882352941,6.41666666666667,7,6.75,14,17,6,3,28,1557,852,705,318,280,1277,7.04215799614644,7.38665492957747,6.62582978723404,6.64924528301887,6.96832142857143,7.0583476898982,41
"44",2016,4,6.95128205128205,39,7.284,6.35714285714286,6.16666666666667,7.75,6.80606060606061,25,14,6,6,33,1596,877,719,324,286,1310,7.0399373433584,7.38372862029647,6.62059805285118,6.64030864197531,6.98472027972028,7.05199236641221,42
"45",2016,5,6.59285714285714,35,7,6.35227272727273,5.8,5.5,6.73387096774194,13,22,5,4,31,1631,890,741,329,290,1341,7.03034334763949,7.37812359550562,6.61263157894737,6.62753799392097,6.96424137931035,7.04463832960477,43
"46",2016,6,6.85961538461538,26,7.02058823529412,6.55555555555556,6.625,6.66666666666667,6.88478260869565,17,9,4,3,23,1657,907,750,333,293,1364,7.02766445383223,7.37142227122382,6.61194666666667,6.62750750750751,6.96119453924915,7.04194281524927,44
"47",2016,7,7.1140625,32,7.546875,6.68125,6.42857142857143,NA,7.1140625,16,16,7,0,32,1689,923,766,340,293,1396,7.02930136175252,7.37446370530878,6.61339425587467,6.62341176470588,6.96119453924915,7.04359598853868,45
"48",2016,8,6.94423076923077,52,7.07777777777778,6.8,6.80909090909091,6.975,6.93863636363636,27,25,11,8,44,1741,950,791,351,301,1440,7.02676048248133,7.36603157894737,6.61929203539823,6.62923076923077,6.96156146179402,7.04038888888889,46
"49",2016,9,6.6775,40,6.96666666666667,6.504,5.78571428571429,6.9,6.64571428571429,15,25,7,5,35,1781,965,816,358,306,1475,7.01891633913532,7.35982383419689,6.61575980392157,6.6127374301676,6.96055555555556,7.03102372881356,47
"50",2016,10,6.89264705882353,34,7,6.771875,6.8,7.28571428571429,6.79074074074074,18,16,9,7,27,1815,983,832,367,313,1502,7.01655096418733,7.35323499491353,6.61876201923077,6.61732970027248,6.96782747603834,7.02670439414114,48
"51",2016,11,7.08823529411765,34,7.45238095238095,6.5,6,6.33333333333333,7.16129032258065,21,13,8,3,31,1849,1004,845,375,316,1533,7.0178691184424,7.35530876494024,6.6169349112426,6.60416,6.96180379746836,7.02942596216569,49
"52",2016,12,6.72777777777778,36,7.12105263157895,6.28823529411765,6.33333333333333,6.4,6.80689655172414,19,17,3,7,29,1885,1023,862,378,323,1562,7.01232891246685,7.35095796676442,6.61045243619489,6.60201058201058,6.94962848297214,7.02529449423815,50
"53",2017,1,6.84058823529412,51,6.82068965517241,6.86681818181818,6.71307692307692,7.11,6.79772727272727,29,22,13,7,44,1936,1052,884,391,330,1606,7.00780475206612,7.33634030418251,6.61683257918552,6.60570332480818,6.9530303030303,7.0190597758406,51
"54",2017,2,6.75806451612903,31,7.23076923076923,6.41666666666667,5.94444444444444,6,6.87037037037037,13,18,9,4,27,1967,1065,902,400,334,1633,7.00386883579055,7.33505164319249,6.61283813747228,6.590825,6.94161676646707,7.01660134721372,52
"55",2017,3,6.65714285714286,28,7.12631578947368,5.66666666666667,5.66666666666667,7.08333333333333,6.54090909090909,19,9,3,6,22,1995,1084,911,403,340,1655,6.99900250626567,7.33139298892989,6.60349066959385,6.58394540942928,6.94411764705882,7.01027794561933,53
"56",2017,4,7.06483870967742,31,7.44789473684211,6.45833333333333,6.5,6.34,7.20423076923077,19,12,3,5,26,2026,1103,923,406,345,1681,7.00000987166831,7.33339981867634,6.60160346695558,6.58332512315271,6.93536231884058,7.01327781082689,54
"57",2017,5,6.68333333333333,42,7.18235294117647,6.344,6.28571428571429,6.075,6.78472222222222,17,25,7,6,36,2068,1120,948,413,351,1717,6.99357833655706,7.33110714285715,6.59481012658228,6.5782808716707,6.92065527065527,7.00848573092603,55
"58",2017,6,6.5996875,32,6.57933333333333,6.61764705882353,6.07142857142857,6.3,6.65518518518518,15,17,7,5,27,2100,1135,965,420,356,1744,6.98757619047619,7.3211718061674,6.59521243523316,6.56983333333333,6.91193820224719,7.00301605504587,56
"59",2017,7,6.94222258064516,31,7.16888947368421,6.58333333333333,5.5,6.66666666666667,7.008356,19,12,2,6,25,2131,1154,977,422,362,1769,6.98691642421399,7.31866455805893,6.59506653019447,6.56476303317536,6.9078729281768,7.00309152063312,57
"60",2017,8,6.54516129032258,31,6.66428571428571,6.44705882352941,6.5,8,6.49666666666667,14,17,6,1,30,2162,1168,994,428,363,1799,6.98058228492137,7.3108209760274,6.5925352112676,6.56385514018692,6.91088154269972,6.99464641467482,58
"61",2017,9,6.76379310344828,29,7.01363636363636,6.61111111111111,6.14285714285714,6.43,6.83333333333333,11,18,7,5,24,2191,1179,1012,435,368,1823,6.97771287083524,7.30804826123834,6.59286561264822,6.55708045977011,6.90434782608696,6.99252270981898,59
"62",2017,10,7.12903225806452,31,7.275,6.86363636363636,6.5,8,7.1,20,11,4,1,30,2222,1199,1023,439,369,1853,6.97982398739874,7.30749699749792,6.59577712609971,6.55656036446469,6.90731707317073,6.99426276308689,60
"63",2017,11,6.55384615384615,39,7.17222222222222,6.02380952380952,6.4,6.3125,6.61612903225806,18,21,10,8,31,2261,1217,1044,449,377,1884,6.97247629367537,7.30549622021364,6.58427203065134,6.55307349665924,6.8946949602122,6.98804081740977,61
"64",2017,12,6.76379310344828,29,7.240625,6.17692307692308,6.14285714285714,6,6.886,16,13,7,4,25,2290,1233,1057,456,381,1909,6.96983358078603,7.30465442011355,6.57926206244087,6.54677631578947,6.88530183727034,6.98670450497643,62
"65",2018,1,6.71551724137931,29,7.08333333333333,6.45588235294118,6.4,6.55,6.75,12,17,5,5,24,2319,1245,1074,461,386,1933,6.96665325571367,7.30252120481928,6.57730912476723,6.54518438177874,6.8809585492228,6.98376559751681,63
"66",2018,2,6.83928571428571,28,7.33333333333333,6.26923076923077,6.28571428571429,7.4,6.71739130434783,15,13,7,5,23,2347,1260,1087,468,391,1956,6.96513374520665,7.30288801587302,6.5736246550138,6.54130341880342,6.88759590792839,6.98063338445808,64
"67",2018,3,6.9375,32,7.52,6.42352941176471,5.4,6,7.03448275862069,15,17,5,3,29,2379,1275,1104,473,394,1985,6.96476204287516,7.3054422745098,6.5713134057971,6.52923890063425,6.88083756345178,6.98142010075567,65
"68",2018,4,6.89761904761905,21,7.21363636363636,6.55,6.75,6.925,6.89473684210526,11,10,4,2,19,2400,1286,1114,477,396,2004,6.96417454166667,7.30465699844479,6.57112208258528,6.53109014675052,6.88106060606061,6.98059825349301,66
"69",2018,5,6.55208333333333,24,7.09615384615385,5.90909090909091,6,6,6.57608695652174,13,11,2,1,23,2424,1299,1125,479,397,2027,6.96009443069307,7.30257036181678,6.56464888888889,6.52887265135699,6.87884130982368,6.9760083374445,67
"70",2018,6,6.79166666666667,24,6.94166666666667,6.64166666666667,6.33333333333333,6.83333333333333,6.78571428571429,12,12,6,3,21,2448,1311,1137,485,400,2048,6.95844317810458,7.29926689549962,6.5654617414248,6.52645360824742,6.8785,6.97405708007812,68
"71",2018,7,6.13409090909091,22,6.64285714285714,5.89666666666667,6.1875,5.25,6.2225,7,15,4,2,20,2470,1318,1152,489,402,2068,6.95110076923077,7.29578065250379,6.55675347222222,6.52368098159509,6.87039800995025,6.96678863636364,69
"72",2018,8,6.81904761904762,21,7.15714285714286,6.14285714285714,6,6.5,6.91875,14,7,4,5,16,2491,1332,1159,493,407,2084,6.9499875150542,7.2943234984985,6.55425366695427,6.51943204868154,6.86584766584767,6.96641981765835,70
"73",2018,9,6.248,20,6.9,5.81333333333333,5.58666666666667,6.75,6.1225,8,12,3,4,16,2511,1340,1171,496,411,2100,6.94439621664676,7.29196932835821,6.5466609735269,6.51379032258065,6.8647201946472,6.95998995238095,71
"74",2018,10,6.75172413793103,29,6.88235294117647,6.56666666666667,7.1,7.08333333333333,6.66521739130435,17,12,5,6,23,2540,1357,1183,501,417,2123,6.94219641732284,7.28683780397937,6.54686390532544,6.51964071856287,6.86786570743405,6.95679646726331,72
"75",2018,11,6.6375,24,6.90909090909091,6.40769230769231,7.075,6.44285714285714,6.71764705882353,11,13,4,7,17,2564,1368,1196,505,424,2140,6.93934434477379,7.28380036549708,6.54535117056856,6.5240396039604,6.86084905660377,6.95489668224299,73
"76",2018,12,6.8875,36,6.99705882352941,6.78947368421053,6.78571428571429,6.66666666666667,6.90757575757576,17,19,7,3,33,2600,1385,1215,512,427,2173,6.9386265,7.28028079422383,6.54916872427984,6.5276171875,6.85948477751756,6.95417804878049,74
"77",2019,1,6.62978260869565,46,7.2985,6.11538461538461,5.5,7.46,6.52853658536585,20,26,13,5,41,2646,1405,1241,525,432,2214,6.93325733182162,7.28054014234876,6.54008058017728,6.50217142857143,6.86643518518519,6.94629579945799,75
"78",2019,2,6.61441935483871,31,6.91666666666667,6.42352631578947,6.28333333333333,6.425,6.64248148148148,12,19,6,4,27,2677,1417,1260,531,436,2241,6.92956514755323,7.2774586450247,6.53832301587302,6.49969868173258,6.86238532110092,6.9426353859884,76
"79",2019,3,6.74444444444444,27,7.03529411764706,6.25,6.375,7.2,6.6875,17,10,4,3,24,2704,1434,1270,535,439,2265,6.92771667899408,7.27458779637378,6.53605275590551,6.49876635514019,6.86469248291572,6.93993196467991,77
"80",2019,4,6.38695652173913,23,7,5.71818181818182,5.75,6.8125,6.16,12,11,6,8,15,2727,1446,1281,541,447,2280,6.92315581224789,7.27230905947441,6.52902966432475,6.49046210720887,6.86375838926174,6.93480083333333,78
"81",2019,5,6.848,25,7.27777777777778,6.60625,6.38571428571429,5.83333333333333,6.98636363636364,9,16,7,3,22,2752,1455,1297,548,450,2302,6.92247307412791,7.27234288659794,6.52998226676947,6.48912408759124,6.85688888888889,6.93529361424848,79
"82",2019,6,6.57826086956522,23,6.75555555555556,6.46428571428571,6.16666666666667,6.33333333333333,6.615,9,14,3,3,20,2775,1464,1311,551,453,2322,6.91962014414414,7.26916591530055,6.52928070175439,6.48736842105263,6.85342163355408,6.93253484065461,80
"83",2019,7,6.7404347826087,23,7.09777777777778,6.51071428571429,6.56666666666667,6.8,6.7315,9,14,6,3,20,2798,1473,1325,557,456,2342,6.9181472122945,7.26811873727088,6.52908452830189,6.48822262118492,6.8530701754386,6.93081806148591,81
"84",2019,8,6.75222222222222,36,7.075,6.42944444444444,5.9375,6.54166666666667,6.79433333333333,18,18,8,6,30,2834,1491,1343,565,462,2372,6.9160394848271,7.26578732394366,6.52774906924795,6.48042477876106,6.84902597402597,6.92909186340641,82
"85",2019,9,6.53484848484849,33,7.31666666666667,5.88333333333333,5.4,6,6.58833333333333,15,18,10,3,30,2867,1506,1361,575,465,2402,6.91165186606209,7.26629409030545,6.5192263041881,6.4616347826087,6.84354838709677,6.92483592839301,83
"86",2019,10,6.62380952380952,21,6.83333333333333,6.34444444444444,5.925,8,6.47894736842105,12,9,4,2,19,2888,1518,1370,579,467,2421,6.90955882963989,7.26287147562582,6.51807810218978,6.4579274611399,6.84850107066381,6.92133659644775,84
"87",2019,11,6.3,23,7.15833333333333,5.36363636363636,4.66666666666667,6.8,6.16111111111111,12,11,3,5,18,2911,1530,1381,582,472,2439,6.9047426657506,7.26205156862745,6.50888269370022,6.4486941580756,6.84798728813559,6.91572607626076,85
"88",2019,12,6.71607142857143,28,7.159375,6.125,5.9,7.2,6.658,16,12,4,3,25,2939,1546,1393,586,475,2464,6.90294518543722,7.26098893919793,6.50557573582197,6.44494880546075,6.85021052631579,6.91311116071429,86
"89",2020,1,6.36756756756757,37,6.87916666666667,5.42307692307692,6.1,6.3,6.39259259259259,24,13,5,10,27,2976,1570,1406,591,485,2491,6.89628894489247,7.2551521656051,6.49556685633002,6.44203045685279,6.83886597938144,6.90746924929747,87
"90",2020,2,6.45412037037037,27,6.85510416666667,6.13333333333333,5.91111111111111,5.5,6.53045,12,15,9,2,25,3003,1582,1421,600,487,2516,6.8923134032634,7.25211766750948,6.49174313863477,6.43406666666667,6.83336755646817,6.90372303259142,88
"91",2020,3,6.48846153846154,26,7.07272727272727,6.06,5.65,7.45,6.31363636363636,11,15,6,4,22,3029,1593,1436,606,491,2538,6.88884686365137,7.2508789391086,6.48723328690808,6.42630363036304,6.83839103869654,6.89860801812451,89
"92",2020,4,6.45166666666667,30,6.99166666666667,6.09166666666667,5.56666666666667,7.43333333333333,6.20625,12,18,9,6,24,3059,1605,1454,615,497,2562,6.88455938215103,7.24894090342679,6.48233631361761,6.41372357723577,6.84557344064386,6.89212222872756,90
"93",2020,5,6.46666666666667,15,7.5,5.77777777777778,5.5,6,6.5,6,9,2,1,14,3074,1611,1463,617,498,2576,6.88252021795706,7.24987594661701,6.478002050581,6.41076175040519,6.84387550200803,6.88999112965839,91
"94",2020,6,6.54210526315789,19,7.03333333333333,6.1,6.5,5.66666666666667,6.70625,9,10,4,3,16,3093,1620,1473,621,501,2592,6.88042908179761,7.24867293209876,6.47543584521385,6.41133655394525,6.83682634730539,6.88885692515432,92
"95",2020,7,6.67656363636364,11,6.92031428571429,6.25,6.5,5,6.84422,7,4,2,1,10,3104,1627,1477,623,502,2602,6.87970662048969,7.24726020282729,6.47482532159783,6.41162118780096,6.83316733067729,6.88868537663336,93
"96",2020,8,6.8,20,6.95,6.65,6.66666666666667,7.1875,6.703125,10,10,3,4,16,3124,1637,1487,626,506,2618,6.87919633482715,7.24544431887599,6.47600336247478,6.41284345047923,6.83596837944664,6.88755131779985,94
"97",2020,9,6.3,13,5.88,6.5625,NA,5.96666666666667,6.4,5,8,0,3,10,3137,1642,1495,626,509,2628,6.87679609499522,7.24128644945189,6.47646622073579,6.41284345047923,6.83084479371316,6.88569609969559,95
"98",2020,10,6.21428571428571,14,7.26666666666667,5.92727272727273,NA,5.65,6.30833333333333,3,11,0,2,12,3151,1645,1506,626,511,2640,6.87385253887655,7.24133273556231,6.47245484727756,6.41284345047923,6.82622309197652,6.88307172348485,96
"99",2020,11,6.71923076923077,26,7.18181818181818,6.38,6.4,6,6.81304347826087,11,15,5,3,23,3177,1656,1521,631,514,2663,6.87258714195782,7.24093740942029,6.47154306377383,6.41274167987322,6.82140077821012,6.88246689823507,97
"100",2020,12,5.95,20,6.29166666666667,5.4375,4.66666666666667,4,6.05263157894737,12,8,3,1,19,3197,1668,1529,634,515,2682,6.86681556146387,7.2341081235012,6.46613276651406,6.40447949526814,6.81592233009709,6.87658812453393,98
"101",2021,1,6.69047619047619,21,6.78461538461538,6.5375,6.66666666666667,6.38571428571429,6.84285714285714,13,8,3,7,14,3218,1681,1537,637,522,2696,6.86566480733375,7.23063197501487,6.46650422901757,6.40571428571429,6.81015325670498,6.87641296364985,99
"102",2021,2,6.015,20,6.53,5.5,3,5.93333333333333,6.02941176470588,10,10,2,3,17,3238,1691,1547,639,525,2713,6.86041054663373,7.22648867534003,6.46025662572722,6.39505477308294,6.80514285714286,6.87110554736454,100
"103",2021,3,6.27142857142857,21,6.54545454545455,5.97,NA,6.4,6.25,11,10,0,3,18,3259,1702,1557,639,528,2731,6.85661532678736,7.22208716216216,6.45710789980732,6.39505477308294,6.80284090909091,6.86701184547785,101
"104",2021,4,6.54285294117647,17,6.92285,6,5,6.07616666666667,6.64285714285714,10,7,1,3,14,3276,1712,1564,640,531,2745,6.85498713369964,7.22033928154205,6.45506202046036,6.392875,6.79873540489642,6.86586861566485,102
"105",2021,5,6.15333333333333,18,6.25142857142857,6.09090909090909,7.5,NA,6.15333333333333,7,11,2,0,18,3294,1719,1575,642,531,2763,6.85115295992714,7.21639374636416,6.45251873015873,6.39632398753894,6.79873540489642,6.86122669200145,103
"106",2021,6,6.71176470588235,17,7.01111111111111,6.375,6,7,6.65,9,8,2,3,14,3311,1728,1583,644,534,2777,6.85043728480822,7.21532456597222,6.45212697409981,6.39509316770186,6.79986610486891,6.86016181130717,104
"107",2021,7,6.29230769230769,13,7.5,5.75555555555556,5.7,7.8,6.16666666666667,4,9,4,1,12,3324,1732,1592,648,535,2789,6.84825446750903,7.21598201501155,6.44818907035176,6.3908024691358,6.80173551401869,6.85717796701327,105
"108",2021,8,6.438125,16,7.00111111111111,5.71428571428571,5.33333333333333,5.6,6.81909090909091,9,7,3,5,11,3340,1741,1599,651,540,2800,6.8462897754491,7.21487125215393,6.44497623514697,6.38592933947773,6.79060833333333,6.85702833928571,106
"109",2021,9,6.15,8,6,6.24,7.1,6.73333333333333,5.8,3,5,2,3,5,3348,1744,1604,653,543,2805,6.84462600059737,7.21278145068807,6.44433728179551,6.38811638591118,6.79029189686925,6.85514415329768,107
"110",2021,10,6.36923076923077,13,7,5.82857142857143,6.5,NA,6.36923076923077,6,7,2,0,13,3361,1750,1611,655,543,2818,6.84278722106516,7.21205191428571,6.44166170080695,6.38845801526718,6.79029189686925,6.85290253726047,108
"111",2021,11,6.88461538461539,13,6.9375,6.8,NA,6.5,6.91666666666667,8,5,0,1,12,3374,1758,1616,655,544,2830,6.84294838470658,7.21080253128555,6.44277042079208,6.38845801526718,6.78975827205882,6.85317291519435,109
"112",2021,12,6.43106666666667,15,7.52766666666667,5.7,6,5,6.53328571428571,6,9,1,1,14,3389,1764,1625,656,545,2844,6.84112536146356,7.21188030045351,6.43865661538462,6.38786585365854,6.78647431192661,6.85159822433193,110
"113",2022,1,6.36190485714286,35,6.71929842105263,5.9375,6,6.6,6.32222233333333,19,16,3,5,30,3424,1783,1641,659,550,2874,6.83622678738318,7.20663125070106,6.43377026203534,6.38610015174507,6.78477909090909,6.84607237995825,111
"114",2022,2,6.66766666666667,15,7.35,5.88785714285714,5.5,6.205,6.78333333333333,8,7,2,3,12,3439,1791,1648,661,553,2886,6.83549157313172,7.20727164712451,6.43145145631068,6.38341906202723,6.78163381555154,6.84581151074151,112
"115",2022,3,6.94,15,7.58571428571429,6.375,6.33333333333333,8,6.77692307692308,7,8,3,2,13,3454,1798,1656,664,555,2899,6.8359454313839,7.20874500556173,6.43117874396135,6.38319277108434,6.78602432432432,6.84550259399793,113
"116",2022,4,6.46428571428571,7,6.8125,6,5,NA,6.46428571428571,4,3,1,0,7,3461,1802,1659,665,555,2906,6.83519373591447,7.20786543840177,6.43039903556359,6.38111278195489,6.78602432432432,6.84458431520991,114
"117",2022,5,6.53888888888889,18,7,6.17,6,6.7,6.49285714285714,8,10,2,4,14,3479,1810,1669,667,559,2920,6.83366068410463,7.20694669613259,6.4288388256441,6.3799700149925,6.78540876565295,6.84289795205479,115
"118",2022,6,6.48,10,6.96,6,NA,7,6.42222222222222,5,5,0,1,9,3489,1815,1674,667,560,2929,6.83264703926626,7.20626640220385,6.42755794504182,6.3799700149925,6.78579196428571,6.84160533287811,116
"119",2022,7,6.37333333333333,15,6.92857142857143,5.8875,5.5,6.46666666666667,6.35,7,8,1,3,12,3504,1822,1682,668,563,2941,6.83068079908676,7.20519951701427,6.42498929845422,6.37865269461078,6.78409147424511,6.83959946276777,117
"120",2022,8,7.319,10,6.83,7.645,6.4,7.10666666666667,7.41,4,6,3,3,7,3514,1826,1688,671,566,2948,6.83207043824701,7.20437761226725,6.42932582938389,6.37874813710879,6.78580123674911,6.84095387381275,118
"121",2022,9,5.86666666666667,15,6.55555555555556,4.83333333333333,5.25,5.25,6.09090909090909,9,6,2,4,11,3529,1835,1694,673,570,2959,6.82796699348257,7.20119537874659,6.42367296340024,6.37539375928678,6.77502368421052,6.83816560324434,119
"122",2022,10,6.22142857142857,14,7.01428571428571,5.42857142857143,4.66666666666667,5.35,6.57,7,7,3,4,10,3543,1842,1701,676,574,2969,6.82557028506915,7.20048508143322,6.41957789535568,6.36781065088757,6.76509320557491,6.83726238464129,120
"123",2022,11,6.5625,16,7.41666666666667,6.05,5.75,7,6.5,6,10,2,2,14,3559,1848,1711,678,576,2983,6.82438761449845,7.20118696969697,6.4174178842782,6.36598820058997,6.76590885416666,6.83567952396916,121
"124",2022,12,6.37923076923077,13,6.61625,6,6,6,6.44818181818182,8,5,2,2,11,3572,1856,1716,680,578,2994,6.82276750279955,7.19866568965517,6.41620163170163,6.36491176470588,6.76325865051903,6.83425585170341,122
