"","year","month","avg_rating","no_ratings","avg_rating_owned","avg_rating_not_owned","avg_rating_prev_owned","avg_rating_comment","avg_rating_no_comment","no_ratings_owned","no_ratings_not_owned","no_ratings_prev_owned","no_ratings_comment","no_ratings_no_comment","cum_no_ratings","cum_no_ratings_owned","cum_no_ratings_not_owned","cum_no_ratings_prev_owned","cum_no_ratings_comment","cum_no_ratings_no_comment","cum_avg_rating","cum_avg_rating_owned","cum_avg_rating_not_owned","cum_avg_rating_prev_owned","cum_avg_rating_comment","cum_avg_rating_no_comment","month_after_release"
"1",2004,10,8.5,2,8.5,NA,NA,9,8,2,0,0,1,1,2,2,0,0,1,1,8.5,8.5,NA,NA,9,8,-1
"2",2004,11,7.75,6,7.33333333333333,8.16666666666667,NA,8,7.7,3,3,0,1,5,8,5,3,0,2,6,7.9375,7.8,8.16666666666667,NA,8.5,7.75,0
"3",2004,12,8.02631578947368,19,8.13333333333333,7.625,10,8.08333333333333,8,15,4,1,6,13,27,20,7,1,8,19,8,8.05,7.85714285714286,10,8.1875,7.92105263157895,1
"4",2005,1,7.78965517241379,29,8.30952380952381,6.425,NA,7.44,7.97368421052632,21,8,0,10,19,56,41,15,1,18,38,7.89107142857143,8.18292682926829,7.09333333333333,10,7.77222222222222,7.94736842105263,2
"5",2005,2,7.94444444444444,27,8.11363636363636,7.2,NA,8.26666666666667,7.54166666666667,22,5,0,15,12,83,63,20,1,33,50,7.90843373493976,8.15873015873016,7.12,10,7.9969696969697,7.85,3
"6",2005,3,7.76923076923077,13,8.0625,7.3,7.5,7.64285714285714,7.91666666666667,8,5,2,7,6,96,71,25,3,40,56,7.88958333333333,8.14788732394366,7.156,8.33333333333333,7.935,7.85714285714286,4
"7",2005,4,7.42105263157895,19,7.59090909090909,7.1875,7.33333333333333,7.5625,7.31818181818182,11,8,3,8,11,115,82,33,6,48,67,7.81217391304348,8.07317073170732,7.16363636363636,7.83333333333333,7.87291666666667,7.76865671641791,5
"8",2005,5,7.44736842105263,19,7.76923076923077,6.75,NA,7.3125,7.54545454545455,13,6,0,8,11,134,95,39,6,56,78,7.76044776119403,8.03157894736842,7.1,7.83333333333333,7.79285714285714,7.73717948717949,6
"9",2005,6,7.60294117647059,17,8.06818181818182,6.75,NA,7.46875,7.72222222222222,11,6,0,8,9,151,106,45,6,64,87,7.74271523178808,8.03537735849057,7.05333333333333,7.83333333333333,7.75234375,7.73563218390805,7
"10",2005,7,7.4,10,7.42857142857143,7.33333333333333,8,7.16666666666667,7.5,7,3,1,3,7,161,113,48,7,67,94,7.72142857142857,7.99778761061947,7.07083333333333,7.85714285714286,7.72611940298508,7.71808510638298,8
"11",2005,8,7.88461538461539,13,8.25,7.3,7.5,7.94444444444444,7.75,8,5,3,9,4,174,121,53,10,76,98,7.73362068965517,8.01446280991735,7.09245283018868,7.75,7.75197368421053,7.71938775510204,9
"12",2005,9,7.16666666666667,18,7.53846153846154,6.2,7,7.1,7.25,13,5,1,10,8,192,134,58,11,86,106,7.68046875,7.96828358208955,7.01551724137931,7.68181818181818,7.67616279069768,7.68396226415094,10
"13",2005,10,7.53703703703704,27,7.65,7.21428571428571,6,7.69230769230769,7.39285714285714,20,7,1,13,14,219,154,65,12,99,120,7.66278538812785,7.92694805194805,7.03692307692308,7.54166666666667,7.67828282828283,7.65,11
"14",2005,11,8.17692307692308,13,8.22727272727273,7.9,NA,8.25,8.14444444444444,11,2,0,4,9,232,165,67,12,103,129,7.69159482758621,7.9469696969697,7.06268656716418,7.54166666666667,7.7004854368932,7.68449612403101,12
"15",2005,12,7.925,20,7.92105263157895,8,NA,8,7.85,19,1,0,10,10,252,184,68,12,113,139,7.71011904761905,7.94429347826087,7.07647058823529,7.54166666666667,7.72699115044248,7.69640287769784,13
"16",2006,1,7.61428571428571,35,7.96153846153846,6.61111111111111,6,7.5,7.69047619047619,26,9,1,14,21,287,210,77,13,127,160,7.69843205574913,7.94642857142857,7.02207792207792,7.42307692307692,7.70196850393701,7.695625,14
"17",2006,2,7.70277777777778,18,8.04642857142857,6.5,7,8.07142857142857,7.46818181818182,14,4,1,7,11,305,224,81,14,134,171,7.69868852459016,7.95267857142857,6.9962962962963,7.39285714285714,7.72126865671642,7.68099415204678,15
"18",2006,3,7.79565217391304,23,7.95625,7.42857142857143,7,7.78571428571429,7.8,16,7,2,7,16,328,240,88,16,141,187,7.70548780487805,7.95291666666667,7.03068181818182,7.34375,7.72446808510638,7.69117647058824,16
"19",2006,4,7.40625,16,7.85,6.66666666666667,NA,7.5,7.36363636363636,10,6,0,5,11,344,250,94,16,146,198,7.69156976744186,7.9488,7.00744680851064,7.34375,7.71678082191781,7.6729797979798,17
"20",2006,5,7.40434782608696,23,7.92,6.4375,7,6.56,7.63888888888889,15,8,1,5,18,367,265,102,17,151,216,7.67356948228883,7.94716981132075,6.96274509803922,7.32352941176471,7.67847682119205,7.67013888888889,18
"21",2006,6,7.502,10,7.44666666666667,8,NA,8,7.44666666666667,9,1,0,1,9,377,274,103,17,152,225,7.66901856763926,7.9307299270073,6.97281553398058,7.32352941176471,7.68059210526316,7.6612,19
"22",2006,7,7.2625,32,7.52272727272727,6.69,7.33333333333333,7.65,7.08636363636364,22,10,3,10,22,409,296,113,20,162,247,7.63721271393643,7.90040540540541,6.94778761061947,7.325,7.6787037037037,7.61,20
"23",2006,8,7.35714285714286,21,7.53333333333333,6.91666666666667,7.5,7.16666666666667,7.43333333333333,15,6,3,6,15,430,311,119,23,168,262,7.62353488372093,7.88270096463023,6.94621848739496,7.34782608695652,7.66041666666667,7.59988549618321,21
"24",2006,9,7.55952380952381,21,7.859375,6.6,NA,7,8.06818181818182,16,5,0,10,11,451,327,124,23,178,273,7.62055432372506,7.88155963302752,6.93225806451613,7.34782608695652,7.62331460674157,7.61875457875458,22
"25",2006,10,7.8,31,7.9695652173913,7.3125,8,7.93636363636364,7.725,23,8,3,11,20,482,350,132,26,189,293,7.63209543568465,7.88734285714286,6.95530303030303,7.42307692307692,7.64153439153439,7.62600682593857,23
"26",2006,11,7.322,25,7.35526315789474,7.21666666666667,7.1,7.46875,7.25294117647059,19,6,3,8,17,507,369,138,29,197,310,7.61680473372781,7.85994579945799,6.96666666666667,7.38965517241379,7.63451776649746,7.60554838709677,24
"27",2006,12,7.51176470588235,34,7.66896551724138,6.6,NA,8,7.336,29,5,0,9,25,541,398,143,29,206,335,7.6102033271719,7.84603015075377,6.95384615384615,7.38965517241379,7.6504854368932,7.5854328358209,25
"28",2007,1,7.20816326530612,49,7.38378378378378,6.66666666666667,6.875,7.2125,7.2051724137931,37,12,4,20,29,590,435,155,33,226,364,7.57681355932204,7.80671264367816,6.93161290322581,7.32727272727273,7.61172566371681,7.55513736263736,26
"29",2007,2,7.71617703703704,27,7.67105263157895,7.8233475,8.5,8,7.63508476190476,19,8,2,6,21,617,454,163,35,232,385,7.58291212317666,7.80103524229075,6.97537901840491,7.39428571428572,7.62176724137931,7.55949812987013,27
"30",2007,3,7.37,20,7.49333333333333,7,NA,7,7.49333333333333,15,5,0,5,15,637,469,168,35,237,400,7.57622728414443,7.79119402985075,6.97611178571429,7.39428571428572,7.60864978902954,7.55701695,28
"31",2007,4,7.42857142857143,35,7.47727272727273,7.34615384615385,6.5,7.4375,7.42592592592593,22,13,4,8,27,672,491,181,39,245,427,7.568536875,7.7771283095723,7.00268939226519,7.3025641025641,7.6030612244898,7.54872782201405,29
"32",2007,5,7.65833333333333,30,7.6875,7.6,7.5,7.95,7.5125,20,10,3,10,20,702,511,191,42,255,447,7.57237433048433,7.77362035225049,7.03396219895288,7.31666666666667,7.61666666666667,7.54710689038031,30
"33",2007,6,7.65,24,7.95882352941176,6.9,7.15,7.42857142857143,7.74117647058824,17,7,2,7,17,726,528,198,44,262,464,7.57494046831956,7.77958333333333,7.02922616161616,7.30909090909091,7.61164122137405,7.55421719827586,31
"34",2007,7,7.94117647058824,17,7.83333333333333,8.2,8.5,8.14285714285714,7.8,12,5,2,7,10,743,540,203,46,269,474,7.5833200269179,7.78077777777778,7.05806295566502,7.36086956521739,7.62546468401487,7.55940248945148,32
"35",2007,8,7.4,20,7.31666666666667,7.525,7.73333333333333,7.44444444444444,7.36363636363636,12,8,3,9,11,763,552,211,49,278,485,7.57851478374836,7.7706884057971,7.07576672985782,7.38367346938776,7.61960431654676,7.55496243298969,33
"36",2007,9,7.72222222222222,18,8.09090909090909,7.14285714285714,NA,7.25,7.85714285714286,11,7,0,4,14,781,563,218,49,282,499,7.58182686299616,7.77694493783304,7.07792100917431,7.38367346938776,7.61436170212766,7.56344044088176,34
"37",2007,10,6.75263157894737,19,6.85,6.64444444444444,8,7.04285714285714,6.58333333333333,10,9,2,7,12,800,573,227,51,289,511,7.562133475,7.76076788830716,7.06073471365639,7.4078431372549,7.60051903114187,7.54042422700587,35
"38",2007,11,6.66447368421053,38,7.15217391304348,5.91666666666667,6.375,7.33333333333333,6.45689655172414,23,15,4,9,29,838,596,242,55,298,540,7.52142813842482,7.73728187919463,6.98982140495868,7.33272727272727,7.59244966442953,7.48223477777778,36
"39",2007,12,7,30,7.40476190476191,6.05555555555556,6.66666666666667,6.83333333333333,7.11111111111111,21,9,3,12,18,868,617,251,58,310,558,7.50340642857143,7.72596434359806,6.95632183266932,7.29827586206897,7.56306451612903,7.47026304659498,37
"40",2008,1,7.18780487804878,41,7.37741935483871,6.6,7.66666666666667,7.56,7.06774193548387,31,10,3,10,31,909,648,261,61,320,589,7.48917137513751,7.70929012345679,6.94266965517241,7.31639344262295,7.56296875,7.44907772495756,38
"41",2008,2,7.03076923076923,26,7.32222222222222,6.375,6.5,7.27142857142857,6.94210526315789,18,8,2,7,19,935,666,269,63,327,608,7.47642436363636,7.69882882882883,6.92578728624535,7.29047619047619,7.55672782874618,7.43323483552632,39
"42",2008,3,7.38787878787879,33,7.60454545454545,6.95454545454545,6.16666666666667,7.81176470588235,6.9375,22,11,3,17,16,968,688,280,66,344,624,7.47340576446281,7.69581395348837,6.92691707142857,7.23939393939394,7.56933139534884,7.42052368589744,40
"43",2008,4,7.20909090909091,22,7.50625,6.41666666666667,7,7.33333333333333,7.06,16,6,1,12,10,990,704,286,67,356,634,7.4675321010101,7.69150568181818,6.91621251748252,7.23582089552239,7.56137640449438,7.41483719242902,41
"44",2008,5,7.33,25,7.45238095238095,6.6875,NA,7.38888888888889,7.296875,21,4,0,9,16,1015,725,290,67,365,650,7.46414461083744,7.68457931034483,6.91305786206897,7.23582089552239,7.55712328767123,7.41193350769231,42
"45",2008,6,7.43571428571429,21,7.83,7.07727272727273,6.87,7.08888888888889,7.69583333333333,10,11,5,9,12,1036,735,301,72,374,662,7.46356832046332,7.68655782312925,6.91905906976744,7.21041666666667,7.54585561497326,7.41707972809668,43
"46",2008,7,7.36,25,7.95,6.60909090909091,6.5,7.45,7.3,14,11,8,10,15,1061,749,312,80,384,677,7.4611279736098,7.69148197596796,6.90813070512821,7.139375,7.543359375,7.41448564254062,44
"47",2008,8,7.26451612903226,31,7.45,7.06666666666667,7.14285714285714,7.28571428571429,7.24705882352941,16,15,7,14,17,1092,765,327,87,398,694,7.4555465018315,7.68643137254902,6.9154029969419,7.13965517241379,7.53429648241206,7.4103844092219,45
"48",2008,9,7.195,20,7.82222222222222,6.68181818181818,6.35714285714286,6.625,7.575,9,11,7,8,12,1112,774,338,94,406,706,7.45086041366906,7.68801033591731,6.90780112426035,7.0813829787234,7.51637931034483,7.41318240793201,46
"49",2008,10,7.35862068965517,29,7.75,6.87692307692308,6.25,7.05714285714286,7.64,16,13,4,14,15,1141,790,351,98,420,721,7.44851602103418,7.68926582278481,6.90665749287749,7.04744897959184,7.50107142857143,7.41790122052705,47
"50",2008,11,7.03428571428571,35,7.27826086956522,6.56666666666667,6.55,7.15555555555556,6.99230769230769,23,12,4,9,26,1176,813,363,102,429,747,7.43618773809524,7.67763837638376,6.89541812672176,7.02794117647059,7.49382284382285,7.40308805890228,48
"51",2008,12,6.95454545454545,22,7,6.9,NA,7.33333333333333,6.8125,12,10,0,6,16,1198,825,373,102,435,763,7.42734288814691,7.66778181818182,6.89554096514745,7.02794117647059,7.4916091954023,7.39070351245085,49
"52",2009,1,7.40454545454545,44,7.68823529411765,6.44,6.9,7.45,7.38333333333333,34,10,5,14,30,1242,859,383,107,449,793,7.42653524959742,7.66859138533178,6.88364694516971,7.02196261682243,7.49031180400891,7.39042469104666,50
"53",2009,2,7.15074626865672,67,7.81034482758621,6.64736842105263,6.4375,6.68181818181818,7.24285714285714,29,38,8,11,56,1309,888,421,115,460,849,7.41241923605806,7.67322072072072,6.86232014251782,6.98130434782609,7.47097826086957,7.38069114252061,51
"54",2009,3,6.96938775510204,49,7.2375,6.712,6.63333333333333,7.4,6.85897435897436,24,25,6,10,39,1358,912,446,121,470,888,7.3964335640648,7.66175438596491,6.85389412556054,6.96404958677686,7.46946808510639,7.35777790540541,52
"55",2009,4,7.39148936170213,47,7.78947368421053,7.12142857142857,6,7.65384615384615,7.29117647058824,19,28,3,13,34,1405,931,474,124,483,922,7.39626817081851,7.66436090225564,6.86969784810127,6.94072580645161,7.47443064182195,7.35532188720174,53
"56",2009,5,7.27027027027027,37,7.73888888888889,6.82631578947368,5.75,7.065,7.3462962962963,18,19,4,10,27,1442,949,493,128,493,949,7.3930352149792,7.66577449947313,6.86802592292089,6.903515625,7.46612576064909,7.35506510010538,54
"57",2009,6,7.08139534883721,43,7.46153846153846,6.5,7.75,7.8125,6.91428571428571,26,17,4,8,35,1485,975,510,132,501,984,7.3840112996633,7.6603282051282,6.85575839215686,6.92916666666667,7.47165668662675,7.33938697154472,55
"58",2009,7,7.27727272727273,33,7.58809523809524,6.73333333333333,7.65,7.1,7.31666666666667,21,12,2,6,27,1518,996,522,134,507,1011,7.38169089591568,7.65880522088353,6.85294402298851,6.93992537313433,7.467258382643,7.33878019782394,56
"59",2009,8,7.22820512820513,39,7.4325,7.01315789473684,6.83333333333333,7.78571428571429,7.10625,20,19,3,7,32,1557,1016,541,137,514,1043,7.3778463583815,7.65435039370079,6.85857075785582,6.93759124087591,7.4715953307393,7.33164600191755,57
"60",2009,9,7.05526315789474,38,7.525,6.53333333333333,6.83333333333333,7.875,6.95882352941176,20,18,6,4,34,1595,1036,559,143,518,1077,7.37016099059561,7.65185328185328,6.84809799642218,6.93321678321678,7.47471042471043,7.31987630454968,58
"61",2009,10,7.14473684210526,38,7.355,6.91111111111111,6.91428571428571,7.5,7.01785714285714,20,18,7,10,28,1633,1056,577,150,528,1105,7.36491535823637,7.64623106060606,6.85006374350087,6.93233333333333,7.4751893939394,7.31222333031674,59
"62",2009,11,7.13125,32,7.35294117647059,6.88,6.75,7.72222222222222,6.9,17,15,4,9,23,1665,1073,592,154,537,1128,7.36042449249249,7.64158434296365,6.85082226351351,6.9275974025974,7.47932960893855,7.30381806737589,60
"63",2009,12,7.02903225806452,31,7.19333333333333,6.875,6.7,7.08,7.01923076923077,15,16,5,5,26,1696,1088,608,159,542,1154,7.35436720518868,7.63540441176471,6.85145851973684,6.92044025157233,7.47564575645757,7.29740622183709,61
"64",2010,1,7.38809523809524,42,7.64285714285714,7.13333333333333,6.44444444444444,7.45454545454545,7.36451612903226,21,21,9,11,31,1738,1109,629,168,553,1185,7.35518226697353,7.63554553651939,6.8608692845787,6.89494047619048,7.475226039783,7.29916183966245,62
"65",2010,2,7.28461538461538,26,7.86875,6.35,6.25,5,7.376,16,10,2,1,25,1764,1125,639,170,554,1210,7.35414216553288,7.63886222222222,6.8528744600939,6.88735294117647,7.47075812274368,7.30074940495868,63
"66",2010,3,6.95652173913043,23,7.46153846153846,6.3,6.33333333333333,7.66666666666667,6.85,13,10,3,3,20,1787,1138,649,173,557,1230,7.3490244991606,7.63683655536028,6.84435559322034,6.87774566473988,7.47181328545781,7.29342014634146,64
"67",2010,4,7.17,30,7.35,6.96428571428571,6.6,6.82,7.24,16,14,5,5,25,1817,1154,663,178,562,1255,7.34606867363786,7.6328596187175,6.84688805429864,6.86994382022472,7.46601423487545,7.292356,65
"68",2010,5,7.13529411764706,17,7.48181818181818,6.5,4,6.36,7.45833333333333,11,6,1,5,12,1834,1165,669,179,567,1267,7.34411492911668,7.63143347639485,6.84377695067265,6.85391061452514,7.45626102292769,7.29392800315707,66
"69",2010,6,7.49047619047619,21,7.81666666666667,7.05555555555556,7.16666666666667,7.16666666666667,7.54444444444444,12,9,3,3,18,1855,1177,678,182,570,1285,7.3457718490566,7.6333220050977,6.84658817109145,6.85906593406593,7.45473684210527,7.29743718287938,67
"70",2010,7,7.04,25,7.36666666666667,6.55,6.875,7.2,7,15,10,4,5,20,1880,1192,688,186,575,1305,7.34170573404255,7.62996644295302,6.84227729651163,6.85940860215054,7.45252173913044,7.29287875862069,68
"71",2010,8,7.08148148148148,27,7.7,6.65625,7,7.67142857142857,6.875,11,16,4,7,20,1907,1203,704,190,582,1325,7.33802138437336,7.6306068162926,6.83804940340909,6.86236842105263,7.45515463917526,7.28657115471698,69
"72",2010,9,6.83333333333333,24,7.34615384615385,6.22727272727273,6.7,7.11111111111111,6.66666666666667,13,11,5,9,15,1931,1216,715,195,591,1340,7.33174872087001,7.62756578947368,6.82865283916084,6.85820512820513,7.44991539763114,7.27963192537313,70
"73",2010,10,6.78,25,6.78571428571429,6.77272727272727,7.5,7.4,6.625,14,11,3,5,20,1956,1230,726,198,596,1360,7.32469671779141,7.6179837398374,6.82780548209366,6.86792929292929,7.4494966442953,7.27000498529412,71
"74",2010,11,6.752,25,7.70909090909091,6,6,6.94444444444444,6.64375,11,14,2,9,16,1981,1241,740,200,605,1376,7.31746934881373,7.61879129734085,6.8121442972973,6.85925,7.44198347107438,7.2627229505814,72
"75",2010,12,7.31290322580645,31,7.59444444444444,6.92307692307692,6.6,7.42857142857143,7.27916666666667,18,13,5,7,24,2012,1259,753,205,612,1400,7.31739899602386,7.61844320889595,6.8140594687915,6.85292682926829,7.44183006535948,7.26300484285714,73
"76",2011,1,7.36363636363636,33,7.375,7.35294117647059,7.75,7.7,7.30357142857143,16,17,4,5,28,2045,1275,770,209,617,1428,7.31814512469438,7.61538823529412,6.82595685714286,6.8700956937799,7.44392220421394,7.26380026610644,74
"77",2011,2,6.48,25,7.05555555555556,5,7,6.5625,6.44117647058824,18,7,1,8,17,2070,1293,777,210,625,1445,7.30802259903382,7.60759474091261,6.8095067953668,6.87071428571429,7.43264,7.25412233910035,75
"78",2011,3,6.93389565217391,23,7.54796,6.46153846153846,6.41792,7,6.91997894736842,10,13,5,4,19,2093,1303,790,215,629,1464,7.30391131390349,7.60713706830391,6.80378073417722,6.86018418604651,7.42988871224166,7.24978577868853,76
"79",2011,4,7.078125,16,7.13888888888889,7,6.6,7.2,7.02272727272727,9,7,5,5,11,2109,1312,797,220,634,1475,7.30219837837838,7.603925,6.80550411543287,6.85427090909091,7.42807570977918,7.24809246101695,77
"80",2011,5,7.0875,20,7.45833333333333,6.53125,6.91666666666667,6.66666666666667,7.16176470588235,12,8,3,3,17,2129,1324,805,223,637,1492,7.30018148426491,7.60260543806646,6.80277860869565,6.85511031390134,7.42448979591837,7.24710883378016,78
"81",2011,6,7.59038461538462,26,7.60681818181818,7.5,7.5,7.5,7.6175,22,4,2,6,20,2155,1346,809,225,643,1512,7.303682774942,7.60267429420505,6.80622593325093,6.86084266666667,7.42519440124417,7.25200818783069,79
"82",2011,7,7.41,20,7.475,7.3125,7.5,7.11666666666667,7.53571428571429,12,8,4,6,14,2175,1358,817,229,649,1526,7.3046604045977,7.60154609720177,6.81118332925337,6.87200698689956,7.42234206471495,7.25461099606815,80
"83",2011,8,6.96875,16,7.375,6.5625,NA,8.5,6.86666666666667,8,8,0,1,15,2191,1366,825,229,650,1541,7.30220738475582,7.60021932650073,6.80877185454545,6.87200698689956,7.424,7.25083476963011,81
"84",2011,9,7.32631578947368,19,7.46875,6.56666666666667,5.85,7.56666666666667,7.28125,16,3,2,3,16,2210,1382,828,231,653,1557,7.30241465158371,7.59869725036179,6.80789466183575,6.86315844155844,7.42465543644717,7.25114732177264,82
"85",2011,10,6.70833333333333,24,7.10714285714286,6.15,6.75,6.45454545454545,6.92307692307692,14,10,4,11,13,2234,1396,838,235,664,1570,7.2960323992838,7.5937676217765,6.8000438902148,6.86123234042553,7.4085843373494,7.24843081528662,83
"86",2011,11,7.01428571428571,35,7.30952380952381,6.57142857142857,6,7.75,6.86206896551724,21,14,1,6,29,2269,1417,852,236,670,1599,7.29168637285148,7.58955511644319,6.79628730046948,6.85758305084746,7.41164179104478,7.24142362726704,84
"87",2011,12,7.38636363636364,22,7.6,6.92857142857143,7,7.9,7.23529411764706,15,7,3,5,17,2291,1432,859,239,675,1616,7.29259553906591,7.58966452513967,6.79736528521537,6.85937071129707,7.41525925925926,7.2413591460396,85
"88",2012,1,7.00535714285714,28,7.32352941176471,6.51363636363636,6.4,6.57142857142857,7.15,17,11,5,7,21,2319,1449,870,244,682,1637,7.28912737386805,7.58654216701173,6.79377790804598,6.84995737704918,7.40659824046921,7.240187159438,86
"89",2012,2,7.03333333333333,27,7.35714285714286,6.68461538461538,7,6.91666666666667,7.06666666666667,14,13,3,6,21,2346,1463,883,247,688,1658,7.28618345268542,7.58434695830485,6.7921707587769,6.85177975708502,7.40232558139535,7.23798937273824,87
"90",2012,3,6.71,25,7.45,6.21666666666667,7.2,7,6.6375,10,15,5,5,20,2371,1473,898,252,693,1678,7.28010813159005,7.58343489477257,6.78255766146993,6.85868888888889,7.3994227994228,7.23083216924911,88
"91",2012,4,6.81578947368421,19,6.75,6.84615384615385,6.75,5.25,7,6,13,4,2,17,2390,1479,911,256,695,1695,7.27641689539749,7.58005382014875,6.78346518111965,6.856990625,7.39323741007194,7.22851703834808,89
"92",2012,5,6.48235294117647,17,6.85555555555556,6.0625,7.5,7.66666666666667,6.22857142857143,9,8,2,3,14,2407,1488,919,258,698,1709,7.2708086331533,7.57567177419355,6.7771890968444,6.86197519379845,7.39441260744986,7.22032555880632,90
"93",2012,6,7.20833333333333,12,7.55,5.5,NA,7.25,7.2,10,2,0,2,10,2419,1498,921,258,700,1719,7.27049871021083,7.57550040053405,6.77441561346363,6.86197519379845,7.394,7.22020731820826,91
"94",2012,7,7.06913043478261,23,7.18666666666667,6.84875,7,6.375,7.21526315789474,15,8,3,4,19,2442,1513,929,261,704,1738,7.26860212121212,7.57164547257105,6.77505573735199,6.86356168582375,7.38821022727273,7.22015326812428,92
"95",2012,8,6.91666666666667,12,7.42857142857143,6.2,6,6.75,6.95,7,5,3,2,10,2454,1520,934,264,706,1748,7.26688116544417,7.57098657894737,6.77197728051392,6.85374848484848,7.38640226628895,7.21860776887872,93
"96",2012,9,7.13636363636364,11,8,6.64285714285714,7,6,7.38888888888889,4,7,1,2,9,2465,1524,941,265,708,1757,7.26629873427992,7.5721125984252,6.77101676939426,6.85430037735849,7.38248587570622,7.21948001138304,94
"97",2012,10,6.65789473684211,19,7.27272727272727,5.8125,5.625,7.5,6.16666666666667,11,8,4,7,12,2484,1535,949,269,715,1769,7.2616450805153,7.56996716612378,6.76293654373024,6.83602081784387,7.38363636363637,7.21233825890334,95
"98",2012,11,6.88035714285714,28,7.65357142857143,6.10714285714286,6.7,6.85,6.88541666666667,14,14,5,4,24,2512,1549,963,274,719,1793,7.25739505573249,7.57072278889606,6.75340267912773,6.83353868613139,7.38066759388039,7.20796228667039,96
"99",2012,12,7.57894736842105,19,7.86923076923077,6.95,6.56666666666667,7.5,7.6,13,6,3,4,15,2531,1562,969,277,723,1808,7.25980892137495,7.57320717029449,6.75462,6.83064837545126,7.38132780082988,7.2112148119469,97
"100",2013,1,7.39138888888889,36,7.6737037037037,6.54444444444444,7.5,7.28125,7.42285714285714,27,9,2,8,28,2567,1589,978,279,731,1836,7.26165421893261,7.57491478917558,6.75268586912065,6.83544659498208,7.38023255813954,7.21444247276689,98
"101",2013,2,6.77727272727273,22,7.08333333333333,6.41,6.55,7.05,6.75,12,10,2,2,20,2589,1601,988,281,733,1856,7.25753819235226,7.57123023110556,6.74921738866397,6.83341494661922,7.37933151432469,7.20943770474138,99
"102",2013,3,6.675,26,7.359375,5.58,6.8,6.79285714285714,6.63157894736842,16,10,1,7,19,2615,1617,998,282,740,1875,7.25174622562142,7.56913395176252,6.73750178356713,6.83329645390071,7.37378378378379,7.20358206933333,100
"103",2013,4,6.70625,16,7.11818181818182,5.8,5.66666666666667,6.46,6.81818181818182,11,5,3,5,11,2631,1628,1003,285,745,1886,7.24842887875333,7.56608697788698,6.73282829511465,6.82101614035088,7.36765100671141,7.20133424178155,101
"104",2013,5,6.80769230769231,13,6.95,6.33333333333333,7,NA,6.80769230769231,10,3,1,0,13,2644,1638,1006,286,745,1899,7.24626186838124,7.56232576312576,6.7316369582505,6.82164195804196,7.36765100671141,7.19863948393892,102
"105",2013,6,6.85714285714286,14,7.6875,5.75,7.5,8,6.76923076923077,8,6,2,1,13,2658,1646,1012,288,746,1912,7.24421233258089,7.56293414337788,6.72581697628458,6.82635277777778,7.36849865951743,7.19571986401674,103
"106",2013,7,6.87006666666667,15,7.62516666666667,6.36666666666667,6.5,6.42516666666667,7.16666666666667,6,9,4,6,9,2673,1652,1021,292,752,1921,7.24211274971942,7.56316016949153,6.72265110675808,6.82188219178082,7.36097207446809,7.19558374804789,104
"107",2013,8,6.92954545454545,22,7.22916666666667,6.57,6.55,7.75,6.74722222222222,12,10,4,4,18,2695,1664,1031,296,756,1939,7.2395611799629,7.5607515625,6.72117049466537,6.81820810810811,7.36303042328043,7.19142154718927,105
"108",2013,9,7.07083333333333,24,7.2,6.8125,6.58333333333333,7.7,6.90526315789474,16,8,6,5,19,2719,1680,1039,302,761,1958,7.23807185730048,7.55731583333333,6.72187370548604,6.8135417218543,7.3652444152431,7.18864472931563,106
"109",2013,10,7.07142857142857,28,7.55,5.875,6.125,6.96153846153846,7.16666666666667,20,8,4,13,15,2747,1700,1047,306,774,1973,7.23637327266109,7.55722976470588,6.71540284622731,6.80454117647059,7.35846382428941,7.18847763811455,107
"110",2013,11,6.42,20,7.8625,5.45833333333333,5.16666666666667,6.5,6.4,8,12,3,4,16,2767,1708,1059,309,778,1989,7.23047249006144,7.55865960187354,6.70115843248347,6.78863948220065,7.35405012853471,7.1821349321267,108
"111",2013,12,6.90263157894737,38,7.31458333333333,6.19642857142857,5.375,7.46,6.81818181818182,24,14,4,5,33,2805,1732,1073,313,783,2022,7.22603115151515,7.55527748267898,6.69457295433364,6.77057380191693,7.35472669220945,7.17619504451039,109
"112",2014,1,6.84565217391304,23,7.28846153846154,6.27,4,5.5,6.97380952380952,13,10,2,2,21,2828,1745,1083,315,785,2043,7.22293754596888,7.55328974212034,6.69065261311173,6.75298285714286,7.35000127388535,7.17411472344591,110
"113",2014,2,6.73636363636364,22,6.90909090909091,6.56363636363636,6,6.41666666666667,6.85625,11,11,3,6,16,2850,1756,1094,318,791,2059,7.21918153684211,7.54925432801822,6.68937548446069,6.74587924528302,7.34292161820481,7.17164467217096,111
"114",2014,3,7.23684210526316,19,7.32142857142857,7,7,7,7.28125,14,5,1,3,16,2869,1770,1099,319,794,2075,7.21929849424887,7.54745231638418,6.69078869881711,6.74667586206896,7.34162594458439,7.17248982168675,112
"115",2014,4,7.36166666666667,15,7.61111111111111,6.9875,7,7.75,7.22045454545455,9,6,2,4,11,2884,1779,1105,321,798,2086,7.2200389667129,7.54777436762226,6.69239980090498,6.74825420560748,7.34367293233083,7.17274275167785,113
"116",2014,5,7.60625,16,7.72,7.41666666666667,8,8.2,7.33636363636364,10,6,1,5,11,2900,1789,1111,322,803,2097,7.2221697862069,7.54873705980995,6.69631123312331,6.75214161490683,7.34900498132005,7.17360103958035,114
"117",2014,6,7.14285714285714,14,7.92857142857143,6.35714285714286,7,7.25,7.125,7,7,1,2,12,2914,1796,1118,323,805,2109,7.22178873713109,7.55021748329621,6.69418763864043,6.75290897832817,7.34875900621118,7.17332450450451,115
"118",2014,7,6.955,20,7.5,5.94285714285714,5.5,6,7.19375,13,7,2,4,16,2934,1809,1125,325,809,2125,7.21997013633265,7.54985660585959,6.68951269333333,6.74519876923077,7.34209023485785,7.17347829647059,116
"119",2014,8,6.9375,8,7.66666666666667,6.5,7.5,8,6.58333333333333,3,5,1,2,6,2942,1812,1130,326,811,2131,7.21920203263087,7.55005,6.68867414159292,6.74751411042945,7.34371270036992,7.17181669638668,117
"120",2014,9,6.56428571428571,14,6.98571428571429,6.14285714285714,6.33333333333333,NA,6.56428571428571,7,7,3,0,14,2956,1819,1137,329,811,2145,7.2161002638701,7.54787828477185,6.68531379067722,6.74373738601824,7.34371270036992,7.16785145920746,118
"121",2014,10,7.27333333333333,15,7.29285714285714,7,NA,7.82,7,14,1,0,5,10,2971,1833,1138,329,816,2155,7.21638922248401,7.5459304964539,6.68559031634446,6.74373738601824,7.34663112745098,7.16707256612529,119
"122",2014,11,7,11,7.11111111111111,6.5,NA,NA,7,9,2,0,0,11,2982,1842,1140,329,816,2166,7.21559100603622,7.54380597176982,6.68526471929824,6.74373738601824,7.34663112745098,7.16622409048938,120
"123",2014,12,6.94166666666667,24,7.4,6.61428571428571,6.46,5.6,7.38888888888889,10,14,10,6,18,3006,1852,1154,339,822,2184,7.21340398536261,7.54302948164147,6.68440362218371,6.73536755162242,7.33388199513382,7.16805923992674,121
"124",2015,1,6.696,25,7.025,6.11111111111111,6.83333333333333,6.83333333333333,6.67727272727273,16,9,3,3,22,3031,1868,1163,342,825,2206,7.20913638403167,7.53859239828694,6.67996713671539,6.73622690058479,7.33206181818182,7.16316472348142,122
"125",2015,2,6.905,20,6.90909090909091,6.9,7.6,6.5,7.00625,11,9,5,4,16,3051,1879,1172,347,829,2222,7.20714270075385,7.5349071846727,6.68165680887372,6.74867319884726,7.32804704463209,7.16203482448245,123
"126",2015,3,6.5975,20,7.04090909090909,6.05555555555556,7.625,7.7,6.40294117647059,11,9,4,3,17,3071,1890,1181,351,832,2239,7.20317238033214,7.53203206349206,6.67688550381033,6.75865982905983,7.32938822115385,7.15627127288969,124
"127",2015,4,7.52941176470588,17,7.63076923076923,7.2,NA,8.5,7.4,13,4,0,2,15,3088,1903,1185,351,834,2254,7.2049683873057,7.53270656857593,6.67865129113924,6.75865982905983,7.33219544364509,7.1578932475599,125
"128",2015,5,6.66875,16,7.38888888888889,5.74285714285714,6.5,7.25,6.58571428571429,9,7,2,2,14,3104,1912,1192,353,836,2268,7.202204375,7.53202960251046,6.6731558557047,6.75719433427762,7.33199880382776,7.15436127865961,126
"129",2015,6,6.98611111111111,18,7,6.975,6,7,6.984375,8,10,2,2,16,3122,1920,1202,355,838,2284,7.20095848174247,7.5298128125,6.67566703826955,6.75292845070422,7.33120644391408,7.15317048161121,127
"130",2015,7,7.02380952380952,21,7.1,6.83333333333333,7.5,7.8,6.78125,15,6,2,5,16,3143,1935,1208,357,843,2300,7.19977485841553,7.52648093023256,6.67645014900662,6.7571137254902,7.33398695136418,7.15058320869565,128
"131",2015,8,7.17058823529412,17,7.26666666666667,7.0625,7.125,6.5,7.26,9,8,4,2,15,3160,1944,1216,361,845,2315,7.19961784177215,7.52527808641975,6.67898995065789,6.76119002770083,7.33201301775148,7.15129217278618,129
"132",2015,9,7.63636363636364,11,7.91666666666667,7.3,6.83333333333333,NA,7.63636363636364,6,5,3,0,11,3171,1950,1221,364,845,2326,7.20113288552507,7.52648235897436,6.68153298935299,6.76178461538461,7.33201301775148,7.15358614789338,130
"133",2015,10,7.26785714285714,14,7.52777777777778,6.8,6,7.875,7.16666666666667,9,5,1,2,12,3185,1959,1226,365,847,2338,7.20142617896389,7.52648831036243,6.68201613376835,6.75969753424657,7.33329515938607,7.15365328485886,131
"134",2015,11,7.28571428571429,14,8.125,6.95,7.125,7,7.30769230769231,4,10,4,1,13,3199,1963,1236,369,848,2351,7.2017950547046,7.52770789607743,6.68418428802589,6.76365745257452,7.33290212264151,7.15450505316887,132
"135",2015,12,7.27777777777778,18,7.5,7.1,7.25,7.2,7.30769230769231,8,10,2,5,13,3217,1971,1246,371,853,2364,7.20222019894312,7.52759543378995,6.68752149277689,6.76627924528302,7.33212309495897,7.1553474534687,133
"136",2016,1,7.45375,16,7.56375,7.34375,6.75,6.75,7.55428571428571,8,8,2,2,14,3233,1979,1254,373,855,2378,7.20346501082586,7.52774158665993,6.6917079585327,6.76619195710456,7.33076140350878,7.15769612279226,134
"137",2016,2,7.22857142857143,14,7.2125,7.25,6.5,6,7.43333333333333,8,6,2,2,12,3247,1987,1260,375,857,2390,7.20357326147213,7.52647237040765,6.69436649206349,6.76477226666667,7.32765577596266,7.15908007531381,135
"138",2016,3,7.42,15,7.97142857142857,6.9375,7,7,7.45,7,8,2,1,14,3262,1994,1268,377,858,2404,7.20456847946046,7.52803440320963,6.69590045741325,6.76602015915119,7.3272738927739,7.16077428452579,136
"139",2016,4,7.25,12,7.66666666666667,6.83333333333333,5.66666666666667,6.8,7.57142857142857,6,6,3,5,7,3274,2000,1274,380,863,2411,7.20473499694563,7.5284503,6.69654770800628,6.75734105263158,7.32421900347625,7.1619665615927,137
"140",2016,5,7.63157894736842,19,7.8,7,NA,8.75,7.5,15,4,0,2,17,3293,2015,1278,380,865,2428,7.20719780747039,7.5304717617866,6.69749748043818,6.75734105263158,7.32751560693642,7.16433335255354,138
"141",2016,6,7.28181818181818,22,7.8375,6.96428571428571,7,7.625,7.20555555555556,8,14,4,4,18,3315,2023,1292,384,869,2446,7.20769302564103,7.53168591201186,6.700388374613,6.75986875,7.32888492520138,7.16463670482421,139
"142",2016,7,7.4875,16,7.98,6.66666666666667,7,7.3,7.5,10,6,1,1,15,3331,2033,1298,385,870,2461,7.20903703992795,7.53389109690113,6.70023249614792,6.76049246753247,7.32885172413793,7.16668077204389,140
"143",2016,8,6.93928571428571,28,7.4625,6.24166666666667,5.66666666666667,6.7,7.00454545454545,16,12,3,6,22,3359,2049,1310,388,876,2483,7.20678844298899,7.5333336261591,6.69603189312977,6.75203505154639,7.32454452054795,7.16524421264599,141
"144",2016,9,7.31818181818182,22,7.78571428571429,6.5,7,7.91666666666667,7.09375,14,8,1,6,16,3381,2063,1318,389,882,2499,7.20751327417924,7.53504634028114,6.69484201820941,6.75267249357326,7.32857256235828,7.16478646658664,142
"145",2016,10,7.175,20,7.125,7.25,7.5,7.33333333333333,7.14705882352941,12,8,3,3,17,3401,2075,1326,392,885,2516,7.20732207586004,7.53267498795181,6.69819138763198,6.75839183673469,7.32858870056498,7.16466668521463,143
"146",2016,11,7.19375,16,7.46,6.75,6.5,7.7,6.96363636363636,10,6,1,5,11,3417,2085,1332,393,890,2527,7.20725852502195,7.53232642685851,6.69842475975976,6.75773435114504,7.33067528089888,7.16379160269094,144
"147",2016,12,7.125,20,7.625,6.375,5.66666666666667,6,7.5,12,8,3,5,15,3437,2097,1340,396,895,2542,7.20677986034332,7.53285674773486,6.69649386567164,6.74946868686869,7.32324134078213,7.16577552321007,145
"148",2017,1,7.1375,24,7.33157894736842,6.4,5,8.25,6.915,19,5,1,4,20,3461,2116,1345,397,899,2562,7.20629944524704,7.53104943289225,6.69539165799257,6.74506196473552,7.32736484983315,7.16381786885246,146
"149",2017,2,7.64,20,7.57647058823529,8,6,7.45,7.6875,17,3,1,4,16,3481,2133,1348,398,903,2578,7.20879126113186,7.53141143928739,6.69829508902077,6.74318994974874,7.3279080841639,7.16706802948022,147
"150",2017,3,6.875,12,7.5,5,NA,7.5,6.75,9,3,0,2,10,3493,2142,1351,398,905,2588,7.20764454050959,7.53127945845005,6.69452389341229,6.74318994974874,7.32828839779006,7.16545648377125,148
"151",2017,4,6.903,10,7.206,6.6,7,6.75,7.005,5,5,1,4,6,3503,2147,1356,399,909,2594,7.20677487296603,7.53052193758733,6.6941753539823,6.7438335839599,7.32574367436744,7.16508534309946,149
"152",2017,5,7.36923076923077,13,7.64285714285714,7.05,NA,7.5,7.35833333333333,7,6,0,1,12,3516,2154,1362,399,910,2606,7.20737553469852,7.53088700092851,6.69574286343612,6.7438335839599,7.32593516483517,7.16597520337682,150
"153",2017,6,7.2,10,8,6.4,6,7.5,7.125,5,5,2,2,8,3526,2159,1367,401,912,2614,7.20735461712989,7.53197341361742,6.69466114118508,6.74012369077307,7.32631688596492,7.16584980107116,151
"154",2017,7,6.70833333333333,12,7.64285714285714,5.4,6,NA,6.70833333333333,7,5,2,0,12,3538,2166,1372,403,912,2626,7.20566206331261,7.53233176361958,6.68994298833819,6.73645062034739,7.32631688596492,7.1637590936786,152
"155",2017,8,7.6125,8,7.98571428571429,5,NA,8.45,7.33333333333333,7,1,0,2,6,3546,2173,1373,403,914,2632,7.20657991539763,7.53379226875288,6.68871214857975,6.73645062034739,7.32877571115974,7.16414566109423,153
"156",2017,9,6.59375,16,7.1875,6,6.5,6.66666666666667,6.57692307692308,8,8,2,3,13,3562,2181,1381,405,917,2645,7.20382717012914,7.53252205410362,6.68472250543085,6.73528296296296,7.32660959651036,7.16125950094518,154
"157",2017,10,7.13846153846154,13,7.4,6.83333333333333,7,NA,7.13846153846154,7,6,1,0,13,3575,2188,1387,406,917,2658,7.20358947692308,7.53209808043876,6.68536537851478,6.73593497536946,7.32660959651036,7.16114799849511,155
"158",2017,11,7.348,25,7.95,6.27777777777778,6.625,7.35,7.34782608695652,16,9,4,2,23,3600,2204,1396,410,919,2681,7.20459232777778,7.53513185117967,6.68273766475645,6.73485268292683,7.32666050054407,7.16274948899664,156
"159",2017,12,7.44375,16,7.3,7.68333333333333,8,7.8,7.28181818181818,10,6,1,5,11,3616,2214,1402,411,924,2692,7.20565054756637,7.53406982836495,6.68701981455064,6.73793090024331,7.32922186147186,7.16323602526003,157
"160",2018,1,7.43181818181818,22,7.76666666666667,6.71428571428571,6.75,8.75,7.3,15,7,4,2,20,3638,2229,1409,415,926,2712,7.20701824628917,7.53563508299686,6.68715527324343,6.73804722891566,7.33229049676026,7.16424460914454,158
"161",2018,2,7.31111111111111,9,8.2,6.6,7,7.9,7.14285714285714,4,5,3,2,7,3647,2233,1414,418,928,2719,7.20727512476008,7.53682516793551,6.68684708628006,6.73992727272727,7.33351400862069,7.1641895476278,159
"162",2018,3,7.0375,20,7.40384615384615,6.35714285714286,5.5,7.5,6.98611111111111,13,7,2,2,18,3667,2246,1421,420,930,2737,7.20634916280338,7.53605547640249,6.68522292751583,6.73402285714286,7.33387204301076,7.16301840701498,160
"163",2018,4,7.23333333333333,15,8,6.72222222222222,6.83333333333333,8.625,6.72727272727273,6,9,3,4,11,3682,2252,1430,423,934,2748,7.2064590928843,7.53729156305506,6.68545579020979,6.73472718676123,7.33940149892934,7.16127415574964,161
"164",2018,5,6.83333333333333,12,7,6.75,6.66666666666667,4.5,7.3,4,8,3,2,10,3694,2256,1438,426,936,2758,7.20524698971305,7.53633891843972,6.68581486787204,6.73424788732394,7.33333440170941,7.16177715010877,162
"165",2018,6,6.85714285714286,7,7,6.5,5,5,7.16666666666667,5,2,1,1,6,3701,2261,1440,427,937,2764,7.20458859227236,7.53515285272004,6.68555679166667,6.73018641686183,7.33084418356457,7.16178776410998,163
"166",2018,7,6.975,8,7.25714285714286,5,5,7.76666666666667,6.5,7,1,1,3,5,3709,2268,1441,428,940,2769,7.20409338905365,7.53429479717813,6.68438707841776,6.72614392523364,7.33223510638298,7.16059276995305,164
"167",2018,8,7.04,10,7.25,6.2,7.4,6,7.3,8,2,1,2,8,3719,2276,1443,429,942,2777,7.20365215918258,7.53329551845343,6.68371571725572,6.72771468531468,7.32940658174098,7.16099437522506,165
"168",2018,9,6.81818181818182,11,6.85714285714286,6.75,7,6.66666666666667,6.875,7,4,1,3,8,3730,2283,1447,430,945,2785,7.20251538337802,7.53122233902759,6.68389894955079,6.72834790697674,7.32730264550265,7.16017284739677,166
"169",2018,10,6.82361125,8,7.08412714285714,5,NA,NA,6.82361125,7,1,0,0,8,3738,2290,1448,430,945,2793,7.20170445960407,7.52985567248908,6.6827360359116,6.72834790697674,7.32730264550265,7.15920883279628,167
"170",2018,11,7.29333333333333,15,7.4,7,7,7.16666666666667,7.325,11,4,1,3,12,3753,2301,1452,431,948,2805,7.20207068212097,7.52923489352455,6.68361004132231,6.72897819025522,7.32679430379747,7.15991809982175,168
"171",2018,12,6.78,10,6.8,6.75,6,NA,6.78,6,4,1,0,10,3763,2307,1456,432,948,2815,7.20094904863141,7.52733831382748,6.68379243131868,6.72729074074074,7.32679430379747,7.15856847957371,169
"172",2019,1,6.8524619047619,21,7.80924545454545,5.8,NA,6.375,6.96480588235294,11,10,0,4,17,3784,2318,1466,432,952,2832,7.19901505549683,7.52867609577222,6.67776383356071,6.72729074074074,7.32279516806723,7.15740535663842,170
"173",2019,2,7.525,12,8.13333333333333,6.91666666666667,6.66666666666667,7.4,7.55,6,6,3,2,10,3796,2324,1472,435,954,2842,7.20004556638567,7.53023717297762,6.67873762228261,6.72687264367816,7.3229570230608,7.15878675932442,171
"174",2019,3,6.60714285714286,14,7.16666666666667,5.6,3,7.625,6.2,9,5,1,4,10,3810,2333,1477,436,958,2852,7.19786692125984,7.52883462923275,6.67508583615437,6.7183247706422,7.32421816283925,7.15542495441795,172
"175",2019,4,7.67857142857143,14,7.875,7.41666666666667,7,7.33333333333333,7.77272727272727,8,6,2,3,11,3824,2341,1483,438,961,2863,7.19962682269874,7.53001759504485,6.67808616318274,6.71961095890411,7.32424661810614,7.15779670625218,173
"176",2019,5,7.79545454545455,11,7.8125,7.75,NA,7.83333333333333,7.78125,8,3,0,3,8,3835,2349,1486,438,964,2871,7.20133584615385,7.53097964665815,6.6802501884253,6.71961095890411,7.32583091286307,7.15953394984326,174
"177",2019,6,7.59769230769231,13,7.59625,7.6,6.66666666666667,7.32333333333333,7.68,8,5,3,3,10,3848,2357,1491,441,967,2881,7.20267488825364,7.5312011837081,6.68333452716298,6.71925079365079,7.32582316442606,7.16134049635543,175
"178",2019,7,6.85416666666667,12,6.85714285714286,6.85,6.5,NA,6.85416666666667,7,5,2,0,12,3860,2364,1496,443,967,2893,7.20159144300518,7.52920524111675,6.68389156417112,6.71826094808126,7.32582316442606,7.16006635672312,176
"179",2019,8,7.04166666666667,12,8.07142857142857,5.6,5.83333333333333,7.875,6.625,7,5,3,4,8,3872,2371,1501,446,971,2901,7.20109580836777,7.53080606916913,6.68028099933378,6.71230852017937,7.32808547888775,7.15859082040676,177
"180",2019,9,7.42272727272727,11,7.51666666666667,7,8,7.5,7.40555555555556,9,2,1,2,9,3883,2380,1503,447,973,2910,7.20172365954159,7.53075260084034,6.68070644045243,6.71518926174497,7.32843884892087,7.15935462886598,178
"181",2019,10,7.5,13,7.54545454545455,7.25,7.5,7.2,7.6875,11,2,1,5,8,3896,2391,1505,448,978,2918,7.20271893480493,7.53082023839398,6.68146297674419,6.71694107142857,7.32778220858896,7.16080259424263,179
"182",2019,11,7.69285714285714,14,7.89166666666667,6.5,7,7.4,7.98571428571429,12,2,1,7,7,3910,2403,1507,449,985,2925,7.20447390537084,7.53262221806076,6.68122214996682,6.7175714922049,7.32829543147209,7.16277674188034,180
"183",2019,12,6.84736842105263,19,7.77777777777778,6.01,8,7.33333333333333,6.75625,9,10,1,3,16,3929,2412,1517,450,988,2941,7.20274700178162,7.53353697761194,6.67679748187212,6.72042133333333,7.32831072874494,7.16056510370622,181
"184",2020,1,7.2,10,7.5,6.75,NA,NA,7.2,6,4,0,0,10,3939,2418,1521,450,988,2951,7.20274002792587,7.53345375930521,6.67698999342538,6.72042133333333,7.32831072874494,7.16069873602169,182
"185",2020,2,6.9625,16,7.11666666666667,6.5,7,5,7.24285714285714,12,4,1,2,14,3955,2430,1525,451,990,2965,7.20176813400758,7.53139555144033,6.67652575737705,6.72104124168514,7.32360707070707,7.16108666779089,183
"186",2020,3,7.26923076923077,13,7.5,6,6,7,7.31818181818182,11,2,1,2,11,3968,2441,1527,452,992,2976,7.20198915574597,7.5312540721016,6.67563967256058,6.71944601769911,7.32295463709678,7.16166732862903,184
"187",2020,4,7.49705882352941,17,7.745,7.14285714285714,7,7.5875,7.41666666666667,10,7,2,8,9,3985,2451,1534,454,1000,2985,7.20324792220828,7.53212614851081,6.67777169491525,6.72068193832599,7.325071,7.16243617085427,185
"188",2020,5,7.33,10,8.05,6.25,5.5,NA,7.33,6,4,2,0,10,3995,2457,1538,456,1000,2995,7.20356519899875,7.5333907977208,6.67665915474642,6.71532807017544,7.325071,7.16299564941569,186
"189",2020,6,7.11111111111111,9,7,7.5,7.5,8,7,7,2,2,1,8,4004,2464,1540,458,1001,3003,7.20335738511489,7.53187548295455,6.67772842857143,6.71875458515284,7.32574525474526,7.16256142857143,187
"190",2020,7,7.21538461538462,13,7.03333333333333,7.625,NA,7.83333333333333,7.03,9,4,0,3,10,4017,2473,1544,458,1004,3013,7.20339630819019,7.53006113627173,6.6801825,6.71875458515284,7.32726195219124,7.16212146365748,188
"191",2020,8,7.57142857142857,7,8,7,NA,NA,7.57142857142857,4,3,0,0,7,4024,2477,1547,458,1004,3020,7.20403652335984,7.53082002018571,6.68080270200388,6.71875458515284,7.32726195219124,7.16307018874172,189
"192",2020,9,6.4375,8,6.83333333333333,6.2,6,7,6.35714285714286,3,5,1,1,7,4032,2480,1552,459,1005,3027,7.20251561755952,7.52997628629032,6.6792537242268,6.71718867102396,7.32693631840796,7.16120646514701,190
"193",2020,10,7.71428571428571,14,8.04545454545454,6.5,NA,8.33333333333333,7.54545454545455,11,3,0,3,11,4046,2491,1555,459,1008,3038,7.20428644834404,7.53225258530711,6.67890789710611,6.71718867102396,7.32993154761905,7.1625977518104,191
"194",2020,11,7.18636363636364,22,7.8,6.45,NA,NA,7.18636363636364,12,10,0,0,22,4068,2503,1565,459,1008,3060,7.20418952064897,7.53353623252097,6.67744522683706,6.71718867102396,7.32993154761905,7.16276861764706,192
"195",2020,12,7.67222222222222,18,7.93636363636364,7.25714285714286,7,NA,7.67222222222222,11,7,1,0,18,4086,2514,1572,460,1008,3078,7.20625133871757,7.53529880270485,6.68002657760814,6.71780347826087,7.32993154761905,7.16574787849253,193
"196",2021,1,7.45636363636364,11,7.55555555555556,7.01,7.02,8.5,7.352,9,2,1,1,10,4097,2523,1574,461,1009,3088,7.20692286307054,7.53537106222751,6.68044585768742,6.7184590021692,7.33109117938553,7.1663510265544,194
"197",2021,2,7.25,13,7.6,7.03125,5.75,NA,7.25,5,8,2,0,13,4110,2528,1582,463,1009,3101,7.20705911678832,7.53549888844937,6.68221983565107,6.71427559395248,7.33109117938553,7.16670169945179,195
"198",2021,3,7.31714285714286,14,7.63,6.535,6.5,6.91,7.48,10,4,2,4,10,4124,2538,1586,465,1013,3111,7.20743282492725,7.53587123325453,6.6818485372005,6.71335397849462,7.32942843040474,7.1677087656702,196
"199",2021,4,6.93571428571429,14,7.31818181818182,5.53333333333333,7,7,6.925,11,3,1,2,12,4138,2549,1589,466,1015,3123,7.2065135258579,7.53493181247548,6.67968016362492,6.71396909871245,7.32877931034483,7.16677616714697,197
"200",2021,5,7.5,12,7.85714285714286,7,6,10,7.27272727272727,7,5,1,1,11,4150,2556,1594,467,1016,3134,7.20736216144578,7.5358142370892,6.68068493099122,6.71244025695931,7.33140846456693,7.16714804403318,198
"201",2021,6,7.50833333333333,12,7.94285714285714,6.9,NA,7,7.7625,7,5,0,4,8,4162,2563,1599,467,1020,3142,7.20822993032196,7.53692594225517,6.6813707191995,6.71244025695931,7.33010882352942,7.16866389879058,199
"202",2021,7,8,5,8.25,7,NA,8,8,4,1,0,1,4,4167,2567,1600,467,1021,3146,7.20917997840173,7.53803708219711,6.6815698625,6.71244025695931,7.33076493633693,7.16972090591227,200
"203",2021,8,6.637,10,6.72833333333333,6.5,NA,7,6.59666666666667,6,4,0,1,9,4177,2573,1604,467,1022,3155,7.20781014364376,7.53614892732219,6.68111706982544,6.71244025695931,7.33044129158513,7.16808620285261,201
"204",2021,9,7.3125,16,7.35714285714286,7.27777777777778,7.3,7.83333333333333,7.19230769230769,7,9,5,3,13,4193,2580,1613,472,1025,3168,7.20820962795135,7.53566325193798,6.68444623682579,6.71866440677966,7.33191317073171,7.16818559659091,202
"205",2021,10,6.29090909090909,11,6.67142857142857,5.625,NA,8.6,5.77777777777778,7,4,0,2,9,4204,2587,1617,472,1027,3177,7.20580946003806,7.53332477386934,6.68182546691404,6.71866440677966,7.33438266796495,7.16424676424299,203
"206",2021,11,7.45,6,8.05,6.25,NA,NA,7.45,4,2,0,0,6,4210,2591,1619,472,1027,3183,7.20615747505938,7.53412241991509,6.68129201976529,6.71866440677966,7.33438266796495,7.16478541313226,204
"207",2021,12,7.64375,16,7.66428571428571,7.5,8,NA,7.64375,14,2,1,0,16,4226,2605,1621,473,1027,3199,7.20781423805016,7.53482195393474,6.68230214682295,6.7213733615222,7.33438266796495,7.16718098468271,205
"208",2022,1,6.33888888888889,18,6.50833333333333,6,5.25,5.66666666666667,6.47333333333333,12,6,4,3,15,4244,2617,1627,477,1030,3214,7.20412888077285,7.53011508979748,6.67978597418562,6.70903480083857,7.32952524271845,7.16394274113254,206
"209",2022,2,7.57692307692308,13,7.78571428571429,7.33333333333333,5,7,7.625,7,6,1,1,12,4257,2624,1633,478,1031,3226,7.20526731735964,7.53079694740853,6.68218725045928,6.70545941422594,7.32920562560621,7.16565777123372,207
"210",2022,3,6.95444444444444,9,7,6.795,NA,6.59,7,7,2,0,1,8,4266,2631,1635,478,1032,3234,7.20473815518049,7.5293847168377,6.68232524770642,6.70545941422594,7.32848934108527,7.16524798082869,208
"211",2022,4,7.502,5,7.502,NA,NA,7.255,7.66666666666667,5,0,0,2,3,4271,2636,1635,478,1034,3237,7.2050861554671,7.52933277314112,6.68232524770642,6.70545941422594,7.32834719535784,7.16571268767377,209
"212",2022,5,5.76666666666667,6,7.2,4.33333333333333,6,NA,5.76666666666667,3,3,1,0,6,4277,2639,1638,479,1034,3243,7.20306826513911,7.52895838954149,6.67802306471306,6.7039866388309,7.32834719535784,7.16312425840271,210
"213",2022,6,7.16923076923077,13,7.775,6.2,7,7.36666666666667,7,8,5,1,6,7,4290,2647,1643,480,1040,3250,7.20296572727272,7.52970199848885,6.67656833840536,6.70460333333333,7.32856826923077,7.16277291384615,211
"214",2022,7,7.74583333333333,12,8.08,7.50714285714286,7.2,8.25,7.7,5,7,1,1,11,4302,2652,1650,481,1041,3261,7.2044800023245,7.53073951357466,6.68009198787879,6.70563326403326,7.32945341018252,7.1645850873965,212
"215",2022,8,7.65333333333333,9,6.66666666666667,8.14666666666667,8,7.83333333333333,7.56333333333333,3,6,1,3,6,4311,2655,1656,482,1044,3267,7.20541706564602,7.52976316007533,6.68540566425121,6.70831867219917,7.33090134099617,7.1653174074074,213
"216",2022,9,6.95,16,7.16666666666667,6.67142857142857,NA,7.5,6.87142857142857,9,7,0,2,14,4327,2664,1663,482,1046,3281,7.20447260688699,7.52853648273273,6.68534683102826,6.70831867219917,7.33122466539197,7.16406338616275,214
"217",2022,10,7.75,10,8.125,7.5,7,7.5,7.8125,4,6,2,2,8,4337,2668,1669,484,1048,3289,7.20573045192529,7.52943073088456,6.68827548232474,6.70952396694215,7.33154675572519,7.165640611128,215
"218",2022,11,7.1875,16,7.38461538461539,6.33333333333333,NA,5,7.33333333333333,13,3,0,1,15,4353,2681,1672,484,1049,3304,7.20566344360211,7.5287285303991,6.68763862440191,6.70952396694215,7.32932411820782,7.1664019279661,216
"219",2022,12,7.08470588235294,17,7.52181818181818,6.28333333333333,4,5.5,7.296,11,6,1,2,15,4370,2692,1678,485,1051,3319,7.2051928993135,7.52870029346211,6.68619295589988,6.70393731958763,7.32584300666033,7.16698763784272,217
