"","year","month","avg_rating","no_ratings","avg_rating_owned","avg_rating_not_owned","avg_rating_prev_owned","avg_rating_comment","avg_rating_no_comment","no_ratings_owned","no_ratings_not_owned","no_ratings_prev_owned","no_ratings_comment","no_ratings_no_comment","cum_no_ratings","cum_no_ratings_owned","cum_no_ratings_not_owned","cum_no_ratings_prev_owned","cum_no_ratings_comment","cum_no_ratings_no_comment","cum_avg_rating","cum_avg_rating_owned","cum_avg_rating_not_owned","cum_avg_rating_prev_owned","cum_avg_rating_comment","cum_avg_rating_no_comment","month_after_release"
"1",2001,6,6.4,5,5.75,9,NA,6,6.5,4,1,0,1,4,5,4,1,0,1,4,6.4,5.75,9,NA,6,6.5,0
"2",2001,7,7,4,7,7,NA,7,7,3,1,0,1,3,9,7,2,0,2,7,6.66666666666667,6.28571428571429,8,NA,6.5,6.71428571428571,1
"3",2001,8,6.25,4,7,6,NA,6.5,6,1,3,0,2,2,13,8,5,0,4,9,6.53846153846154,6.375,6.8,NA,6.5,6.55555555555556,2
"4",2001,9,6.5,2,7,6,NA,6,7,1,1,0,1,1,15,9,6,0,5,10,6.53333333333333,6.44444444444444,6.66666666666667,NA,6.4,6.6,3
"5",2001,10,5.25,4,5.25,NA,NA,7,4.66666666666667,4,0,0,1,3,19,13,6,0,6,13,6.26315789473684,6.07692307692308,6.66666666666667,NA,6.5,6.15384615384615,4
"6",2001,11,7.25,4,7.33333333333333,7,NA,NA,7.25,3,1,0,0,4,23,16,7,0,6,17,6.43478260869565,6.3125,6.71428571428571,NA,6.5,6.41176470588235,5
"7",2001,12,6,1,NA,6,NA,6,NA,0,1,0,1,0,24,16,8,0,7,17,6.41666666666667,6.3125,6.625,NA,6.42857142857143,6.41176470588235,6
"8",2002,1,6,1,NA,6,6,NA,6,0,1,1,0,1,25,16,9,1,7,18,6.4,6.3125,6.55555555555556,6,6.42857142857143,6.38888888888889,7
"9",2002,2,7,2,9,5,NA,NA,7,1,1,0,0,2,27,17,10,1,7,20,6.44444444444444,6.47058823529412,6.4,6,6.42857142857143,6.45,8
"10",2002,3,7.2,5,7.25,7,NA,8.33333333333333,5.5,4,1,0,3,2,32,21,11,1,10,22,6.5625,6.61904761904762,6.45454545454545,6,7,6.36363636363636,9
"11",2002,4,8,1,8,NA,NA,NA,8,1,0,0,0,1,33,22,11,1,10,23,6.60606060606061,6.68181818181818,6.45454545454545,6,7,6.43478260869565,10
"12",2002,6,7.2,5,7.5,6,NA,NA,7.2,4,1,0,0,5,38,26,12,1,10,28,6.68421052631579,6.80769230769231,6.41666666666667,6,7,6.57142857142857,12
"13",2002,7,6.2,5,6.5,5,NA,6.5,6,4,1,0,2,3,43,30,13,1,12,31,6.62790697674419,6.76666666666667,6.30769230769231,6,6.91666666666667,6.51612903225806,13
"14",2002,8,7.33333333333333,6,7.6,6,NA,7,7.5,5,1,0,2,4,49,35,14,1,14,35,6.71428571428571,6.88571428571429,6.28571428571429,6,6.92857142857143,6.62857142857143,14
"15",2002,9,6.875,8,6.66666666666667,7.5,5,5.5,7.33333333333333,6,2,1,2,6,57,41,16,2,16,41,6.73684210526316,6.85365853658537,6.4375,5.5,6.75,6.73170731707317,15
"16",2002,11,6.83333333333333,6,7.33333333333333,6.33333333333333,NA,10,6.2,3,3,0,1,5,63,44,19,2,17,46,6.74603174603175,6.88636363636364,6.42105263157895,5.5,6.94117647058824,6.67391304347826,17
"17",2002,12,7.8,5,7.75,8,NA,7.5,8,4,1,0,2,3,68,48,20,2,19,49,6.82352941176471,6.95833333333333,6.5,5.5,7,6.75510204081633,18
"18",2003,1,8.11111111111111,9,8.71428571428571,6,NA,10,7.875,7,2,0,1,8,77,55,22,2,20,57,6.97402597402597,7.18181818181818,6.45454545454545,5.5,7.15,6.91228070175439,19
"19",2003,2,6.88888888888889,9,7.66666666666667,5.33333333333333,8,8,6.57142857142857,6,3,1,2,7,86,61,25,3,22,64,6.96511627906977,7.22950819672131,6.32,6.33333333333333,7.22727272727273,6.875,20
"20",2003,3,6.33333333333333,6,6.25,6.5,NA,6,7,4,2,0,4,2,92,65,27,3,26,66,6.92391304347826,7.16923076923077,6.33333333333333,6.33333333333333,7.03846153846154,6.87878787878788,21
"21",2003,4,5.14285714285714,7,5.33333333333333,4,NA,3.5,5.8,6,1,0,2,5,99,71,28,3,28,71,6.7979797979798,7.01408450704225,6.25,6.33333333333333,6.78571428571429,6.80281690140845,22
"22",2003,5,5.6875,16,6,4.75,NA,5.33333333333333,5.9,12,4,0,6,10,115,83,32,3,34,81,6.64347826086957,6.86746987951807,6.0625,6.33333333333333,6.52941176470588,6.69135802469136,23
"23",2003,6,5.41666666666667,12,6.07142857142857,4.5,NA,4.83333333333333,6,7,5,0,6,6,127,90,37,3,40,87,6.52755905511811,6.80555555555556,5.85135135135135,6.33333333333333,6.275,6.64367816091954,24
"24",2003,7,6.50192307692308,26,6.83928571428571,6.10833333333333,7.5,5.98181818181818,6.88333333333333,14,12,2,11,15,153,104,49,5,51,102,6.52320261437908,6.81009615384615,5.91428571428571,6.8,6.21176470588235,6.67892156862745,25
"25",2003,8,5.91666666666667,12,6.8,5.28571428571429,NA,8,5.72727272727273,5,7,0,1,11,165,109,56,5,52,113,6.47909090909091,6.80963302752294,5.83571428571429,6.8,6.24615384615385,6.58628318584071,26
"26",2003,9,6.54545454545455,11,7.5,5.4,NA,7,6.28571428571429,6,5,0,4,7,176,115,61,5,56,120,6.48323863636364,6.84565217391304,5.8,6.8,6.3,6.56875,27
"27",2003,10,5.5,14,5.875,5,NA,4.75,5.8,8,6,0,4,10,190,123,67,5,60,130,6.41078947368421,6.78252032520325,5.72835820895522,6.8,6.19666666666667,6.50961538461539,28
"28",2003,11,6.24875,8,6.8,5.33,NA,5.75,6.7475,5,3,0,4,4,198,128,70,5,64,134,6.40424242424242,6.783203125,5.71128571428571,6.8,6.16875,6.51671641791045,29
"29",2003,12,7,9,7.42857142857143,5.5,NA,6,7.5,7,2,0,3,6,207,135,72,5,67,140,6.43014492753623,6.81666666666667,5.70541666666667,6.8,6.16119402985075,6.55885714285714,30
"30",2004,1,6.41176470588235,17,6.5,6.2,NA,6.66666666666667,6.27272727272727,12,5,0,6,11,224,147,77,5,73,151,6.42875,6.79081632653061,5.73753246753247,6.8,6.2027397260274,6.53801324503311,31
"31",2004,2,6.3,10,6.6,6,NA,7,6.125,5,5,0,2,8,234,152,82,5,75,159,6.42324786324786,6.78453947368421,5.75353658536585,6.8,6.224,6.51723270440252,32
"32",2004,3,6.64285714285714,14,6.88888888888889,6.2,5.66666666666667,7,6.375,9,5,3,6,8,248,161,87,8,81,167,6.43564516129032,6.79037267080745,5.77919540229885,6.375,6.28148148148148,6.51041916167665,33
"33",2004,4,6.38461538461539,13,6.4,6.33333333333333,7,6.66666666666667,6.14285714285714,10,3,1,6,7,261,171,90,9,87,174,6.43310344827586,6.76754385964912,5.79766666666667,6.44444444444444,6.30804597701149,6.49563218390805,34
"34",2004,5,5.4,15,6.1,4,NA,5.8,5.2,10,5,0,5,10,276,181,95,9,92,184,6.37695652173913,6.73066298342541,5.70305263157895,6.44444444444444,6.28043478260869,6.42521739130435,35
"35",2004,6,6.24705882352941,17,6.82,5.42857142857143,NA,6.01818181818182,6.66666666666667,10,7,0,11,6,293,191,102,9,103,190,6.36941979522184,6.73534031413613,5.68421568627451,6.44444444444444,6.25242718446602,6.43284210526316,36
"36",2004,7,6.26923076923077,13,6.66666666666667,5.375,5,6.21428571428571,6.33333333333333,9,4,1,7,6,306,200,106,10,110,196,6.36516339869281,6.73225,5.67254716981132,6.3,6.25,6.42979591836735,37
"37",2004,8,6.7,5,9,6.125,NA,7,6.5,1,4,0,2,3,311,201,110,10,112,199,6.37054662379421,6.74353233830846,5.689,6.3,6.26339285714286,6.43085427135678,38
"38",2004,9,6.88888888888889,9,7.28571428571429,5.5,NA,5.66666666666667,7.5,7,2,0,3,6,320,208,112,10,115,205,6.385125,6.76177884615385,5.685625,6.3,6.24782608695652,6.46214634146341,39
"39",2004,10,7.2,10,7.22222222222222,7,7,7,7.33333333333333,9,1,1,4,6,330,217,113,11,119,211,6.40981818181818,6.78087557603687,5.69725663716814,6.36363636363636,6.27310924369748,6.48691943127962,40
"40",2004,11,5.92142857142857,14,5.99,5.75,4,5.41428571428571,6.42857142857143,10,4,1,7,7,344,227,117,12,126,218,6.38994186046512,6.74603524229075,5.69905982905983,6.16666666666667,6.22539682539683,6.48504587155963,41
"41",2004,12,6,11,6.1,5,NA,6.5,5.88888888888889,10,1,0,2,9,355,237,118,12,128,227,6.37785915492958,6.71877637130802,5.69313559322034,6.16666666666667,6.2296875,6.46140969162996,42
"42",2005,1,6.03846153846154,26,6.23529411764706,5.66666666666667,NA,5.16666666666667,6.3,17,9,0,6,20,381,254,127,12,134,247,6.35469816272966,6.68641732283465,5.69125984251968,6.16666666666667,6.18208955223881,6.44834008097166,43
"43",2005,2,5.93529411764706,17,6.71818181818182,4.5,6,5.5,6.32222222222222,11,6,1,8,9,398,265,133,13,142,256,6.33678391959799,6.6877358490566,5.63751879699248,6.15384615384615,6.14366197183099,6.44390625,44
"44",2005,3,6.36923076923077,13,6.75,5.76,NA,6.8,6,8,5,0,6,7,411,273,138,13,148,263,6.3378102189781,6.68956043956044,5.64195652173913,6.15384615384615,6.17027027027027,6.43209125475285,45
"45",2005,4,5.72727272727273,11,5.88888888888889,5,NA,5.66666666666667,6,9,2,0,9,2,422,282,140,13,157,265,6.32189573459716,6.66400709219858,5.63278571428571,6.15384615384615,6.14140127388535,6.42883018867925,46
"46",2005,5,6.06521739130435,23,6.25,5.64285714285714,6.33333333333333,5.9,6.19230769230769,16,7,3,10,13,445,298,147,16,167,278,6.30862921348315,6.64177852348993,5.63326530612245,6.1875,6.12694610778443,6.41776978417266,47
"47",2005,6,6.26666666666667,12,6.5,5.8,NA,5.525,7.75,8,4,0,8,4,457,306,151,16,175,282,6.30752735229759,6.63807189542484,5.6376821192053,6.1875,6.09942857142857,6.43666666666667,48
"48",2005,7,6.23529411764706,17,6.41666666666667,5.8,6,6.4,6,12,5,3,10,7,474,318,156,19,185,289,6.30493670886076,6.62971698113208,5.64288461538461,6.15789473684211,6.11567567567568,6.42608996539793,49
"49",2005,8,6.16666666666667,27,6.54545454545455,4.5,NA,6.45454545454545,5.96875,22,5,0,11,16,501,340,161,19,196,305,6.29748502994012,6.62426470588235,5.60739130434783,6.15789473684211,6.13469387755102,6.40209836065574,50
"50",2005,9,6.86666666666667,15,6.72222222222222,7.08333333333333,8,7.13636363636364,6.125,9,6,1,11,4,516,349,167,20,207,309,6.31403100775194,6.62679083094556,5.66041916167665,6.25,6.18792270531401,6.39851132686084,51
"51",2005,10,5.84,25,6.44736842105263,3.91666666666667,6,5.80769230769231,5.875,19,6,1,13,12,541,368,173,21,220,321,6.29212569316081,6.61752717391304,5.59994219653179,6.23809523809524,6.16545454545455,6.37894080996885,52
"52",2005,11,5.97368421052632,19,6.15384615384615,5.58333333333333,6,6.6875,5.45454545454545,13,6,1,8,11,560,381,179,22,228,332,6.28132142857143,6.60170603674541,5.59938547486033,6.22727272727273,6.18377192982456,6.34831325301205,53
"53",2005,12,6.47159259259259,27,6.46347619047619,6.5,7,6.76941666666667,6.23333333333333,21,6,2,12,15,587,402,185,24,240,347,6.29007325383305,6.59448507462687,5.62859459459459,6.29166666666667,6.21305416666667,6.34334293948127,54
"54",2006,1,6.25,26,6.52777777777778,5.625,6.66666666666667,5.33333333333333,7.03571428571429,18,8,3,12,14,613,420,193,27,252,361,6.2883735725938,6.59162619047619,5.62844559585492,6.33333333333333,6.1711626984127,6.37019390581718,55
"55",2006,2,5.80434782608696,23,6.41666666666667,3.6,NA,5.625,5.9,18,5,0,8,15,636,438,198,27,260,376,6.27086949685535,6.58443607305936,5.57722222222222,6.33333333333333,6.15435769230769,6.35143617021277,56
"56",2006,3,5.59523809523809,21,6.1,4.33333333333333,3,6.28571428571429,5.25,15,6,1,7,14,657,453,204,28,267,390,6.24927397260274,6.56839514348786,5.54063725490196,6.21428571428571,6.15780149812734,6.31189743589744,57
"57",2006,4,6.41666666666667,12,7.14285714285714,5.4,8,7.6,5.57142857142857,7,5,1,5,7,669,460,209,29,272,397,6.25227653213752,6.57713695652174,5.53727272727273,6.27586206896552,6.1843125,6.29884130982368,58
"58",2006,5,7,13,7.5,5.33333333333333,7,7,7,10,3,1,6,7,682,470,212,30,278,404,6.2665293255132,6.59677234042553,5.53438679245283,6.3,6.20191726618705,6.3109900990099,59
"59",2006,6,6.44444444444444,18,6.42857142857143,6.5,NA,7,6.16666666666667,14,4,0,6,12,700,484,216,30,284,416,6.27110428571428,6.59190702479339,5.55226851851852,6.3,6.21877816901408,6.30682692307692,60
"60",2006,7,6.15384615384615,26,6.52380952380952,4.6,3,6,6.23529411764706,21,5,1,9,17,726,505,221,31,293,433,6.26690495867769,6.58907524752475,5.53072398190045,6.19354838709677,6.21205802047781,6.30401847575058,61
"61",2006,8,5.60833333333333,18,5.38333333333333,5.83333333333333,NA,5.78571428571429,5.49545454545455,9,9,0,7,11,744,514,230,31,300,444,6.25097177419355,6.56796303501946,5.5425652173913,6.19354838709677,6.20211,6.28398648648649,62
"62",2006,9,6.04,25,6.16666666666667,5.85,8,5.6875,6.20588235294118,15,10,1,8,17,769,529,240,32,308,461,6.24411313394018,6.55658412098299,5.555375,6.25,6.18874350649351,6.28110629067245,63
"63",2006,10,6.075,20,6.22727272727273,5.88888888888889,5,7.25,5.78125,11,9,2,4,16,789,540,249,34,312,477,6.23982636248416,6.54987592592593,5.5674297188755,6.17647058823529,6.20234935897436,6.26433962264151,64
"64",2006,11,6.425,20,7.20833333333333,5.25,5.33333333333333,5.9375,6.75,12,8,3,8,12,809,552,257,37,320,489,6.24440420271941,6.5641902173913,5.55754863813229,6.10810810810811,6.195728125,6.27625766871166,65
"65",2006,12,6.53048780487805,41,7.0546875,4.66666666666667,5,6.63636363636364,6.49166666666667,32,9,1,11,30,850,584,266,38,331,519,6.25820352941176,6.59106678082192,5.52740601503759,6.07894736842105,6.21037160120846,6.28870905587669,66
"66",2007,1,6.54528301886792,53,6.66829268292683,6.125,6,6.25714285714286,6.734375,41,12,1,21,32,903,625,278,39,352,551,6.27505315614618,6.5961328,5.55320143884892,6.07692307692308,6.21316193181818,6.31459165154265,67
"67",2007,2,6.21933878787879,33,6.65217391304348,5.223818,NA,5.54545454545455,6.55628090909091,23,10,0,11,22,936,648,288,39,363,573,6.27308886752137,6.59812191358025,5.54176451388889,6.07692307692308,6.19292837465565,6.32387116928447,68
"68",2007,3,5.73448275862069,29,6.22222222222222,4.93636363636364,NA,5.9,5.64736842105263,18,11,0,10,19,965,666,299,39,373,592,6.25690277720207,6.58796246246246,5.51949224080268,6.07692307692308,6.18507506702413,6.30215908783784,69
"69",2007,4,6.30434782608696,23,6.69230769230769,5.8,6,6.25,6.33333333333333,13,10,5,8,15,988,679,309,44,381,607,6.25800726720648,6.58996023564065,5.5285701618123,6.06818181818182,6.18643832020997,6.30292945634267,70
"70",2007,5,6.00925925925926,27,6.21875,5.70454545454545,6,6.20454545454545,5.875,16,11,3,11,16,1015,695,320,47,392,623,6.25139032512315,6.58141438848921,5.5346193125,6.06382978723404,6.18694642857143,6.29193929373997,71
"71",2007,6,5.99642857142857,28,6.55,5,NA,6.14,5.91666666666667,18,10,0,10,18,1043,713,330,47,402,641,6.24454571428571,6.58062131837307,5.51841872727273,6.06382978723404,6.18577860696517,6.28140121684867,72
"72",2007,7,5.84191176470588,34,6.57368421052632,4.915,4,5.8890625,5.8,19,15,1,16,18,1077,732,345,48,418,659,6.23183489322191,6.5804412568306,5.49218313043478,6.02083333333333,6.17442105263158,6.26825216995448,73
"73",2007,8,6.58846153846154,26,6.69545454545455,6,7,6.5,6.64375,22,4,1,10,16,1103,754,349,49,428,675,6.24024132366274,6.58379708222812,5.49800338108882,6.04081632653061,6.18202803738318,6.27715285925926,74
"74",2007,9,6.32121212121212,33,6.42692307692308,5.92857142857143,NA,6.04166666666667,6.48095238095238,26,7,0,12,21,1136,780,356,49,440,696,6.24259346830986,6.57856794871795,5.50646960674157,6.04081632653061,6.1782,6.28330198275862,75
"75",2007,10,6.315,20,6.40714285714286,6.1,6.83333333333333,6.35,6.29166666666667,14,6,3,8,12,1156,794,362,52,448,708,6.24384617647059,6.57554534005038,5.51630712707182,6.08653846153846,6.18126785714286,6.28344375706215,76
"76",2007,11,6.30263157894737,38,6.73076923076923,5.375,4,7,5.98076923076923,26,12,1,12,26,1194,820,374,53,460,734,6.24571706867672,6.58046707317073,5.51177320855615,6.04716981132075,6.20262608695652,6.2727223160763,77
"77",2007,12,6.31375,40,6.60166666666667,5.45,6,6.11388888888889,6.47727272727273,30,10,1,18,22,1234,850,384,54,478,756,6.24792235008104,6.58121529411765,5.51016453125,6.04629629629629,6.19928451882845,6.27867484126984,78
"78",2008,1,6.33653846153846,52,6.52439024390244,5.63636363636364,8,6.40625,6.30555555555556,41,11,1,16,36,1286,891,395,55,494,792,6.25150558320373,6.57860044893378,5.51367893670886,6.08181818181818,6.20598785425101,6.27989669191919,79
"79",2008,2,6.828125,32,7.18181818181818,6.05,4,6.94444444444444,6.78260869565217,22,10,1,9,23,1318,913,405,56,503,815,6.26550544764795,6.59313581599124,5.52692143209876,6.04464285714286,6.21920079522863,6.29408365644172,80
"80",2008,3,6.072,25,6.30714285714286,5.77272727272727,5.5,6.27777777777778,5.95625,14,11,5,9,16,1343,927,416,61,512,831,6.26190333581534,6.58881661272923,5.53342110576923,6,6.22023046875,6.28757903730445,81
"81",2008,4,5.96875,24,6.23333333333333,5.52777777777778,6.75,5.525,6.28571428571429,15,9,3,10,14,1367,942,425,64,522,845,6.25675653255304,6.58315605095541,5.5333016,6.03515625,6.20691187739464,6.28754814201184,82
"82",2008,5,6.18382352941176,34,6.29347826086957,5.95454545454545,6.83333333333333,5.82692307692308,6.40476190476191,23,11,3,13,21,1401,965,436,67,535,866,6.25498656673804,6.5762518134715,5.5439293119266,6.07089552238806,6.1976785046729,6.29039050808314,83
"83",2008,6,6.00714285714286,28,6.35625,5.54166666666667,2,5.38181818181818,6.41176470588235,16,12,1,11,17,1429,981,448,68,546,883,6.25013028691393,6.57266360856269,5.54386870535714,6.0110294117647,6.18124175824176,6.29272727066818,84
"84",2008,7,5.9593023255814,43,6.52272727272727,5.36904761904762,4.75,5.84210526315789,6.05208333333333,22,21,12,19,24,1472,1003,469,80,565,907,6.24163463315217,6.57156829511466,5.53604089552239,5.821875,6.16983716814159,6.28635962513782,85
"85",2008,8,6.13636363636364,33,6.86111111111111,5.26666666666667,5.14285714285714,5.23076923076923,6.725,18,15,7,13,20,1505,1021,484,87,578,927,6.23932636544851,6.57667286973555,5.52769252066116,5.76724137931034,6.14871626297578,6.2958232793959,86
"86",2008,9,6.4,27,6.81176470588235,5.7,6.2,6.48333333333333,6.33333333333333,17,10,5,12,15,1532,1038,494,92,590,942,6.24215808093995,6.58052312138728,5.53118052631579,5.79076086956522,6.15552203389831,6.29642057324841,87
"87",2008,10,6.42647058823529,17,6.68181818181818,5.95833333333333,6,6.95,6.20833333333333,11,6,4,5,12,1549,1049,500,96,595,954,6.2441808779858,6.58158531935176,5.53630636,5.79947916666667,6.16219831932773,6.29531255765199,88
"88",2008,11,5.85,26,6.18571428571429,5.45833333333333,6,6.06666666666667,5.73529411764706,14,12,4,9,17,1575,1063,512,100,604,971,6.23767376507937,6.57637158984008,5.5344788671875,5.8075,6.16077483443709,6.28550790937178,89
"89",2008,12,6.24545454545455,44,6.32258064516129,6.06153846153846,6.16666666666667,6.23333333333333,6.25172413793103,31,13,6,15,29,1619,1094,525,106,619,1000,6.23788522544781,6.56918007312614,5.54752986666667,5.82783018867925,6.16253311793215,6.28452818,90
"90",2009,1,5.995,50,6.54310344827586,5.23809523809524,5.2,5.6,6.16428571428571,29,21,10,15,35,1669,1123,546,116,634,1035,6.23060885560216,6.56850667853963,5.53562853479853,5.77370689655172,6.14922397476341,6.28046200966184,91
"91",2009,2,6.16666666666667,42,6.24,6.05882352941176,6,5.88888888888889,6.24242424242424,25,17,5,9,33,1711,1148,563,121,643,1068,6.22903926358854,6.56135278745645,5.55142660746004,5.78305785123967,6.1455800933126,6.27928668539326,92
"92",2009,3,5.98684210526316,38,6.55555555555556,5.475,5.8125,5.5,6.18518518518519,18,20,8,11,27,1749,1166,583,129,654,1095,6.22377711835334,6.56126329331046,5.54880476843911,5.78488372093023,6.13472171253823,6.27696637442923,93
"93",2009,4,5.98684210526316,38,6.325,5.61111111111111,5.5,5.45454545454545,6.2037037037037,20,18,3,11,27,1787,1186,601,132,665,1122,6.2187387688864,6.55727908937605,5.55067084858569,5.77840909090909,6.12347067669173,6.27520336898396,94
"94",2009,5,6.575,36,6.84090909090909,6.15714285714286,5.95714285714286,6.7,6.5125,22,14,7,12,24,1823,1208,615,139,677,1146,6.22577409764125,6.56244453642384,5.56447671544715,5.78741007194245,6.13368980797637,6.28017293193717,95
"95",2009,6,6.2,25,6.20833333333333,6.19230769230769,5.5,5.83333333333333,6.40625,12,13,2,9,16,1848,1220,628,141,686,1162,6.22542542207792,6.55896147540984,5.57747321656051,5.78333333333333,6.12974927113703,6.28190893287436,96
"96",2009,7,5.73125,32,6.1,5.44444444444444,4.66666666666667,5.41111111111111,6.14285714285714,14,18,6,18,14,1880,1234,646,147,704,1176,6.21701392553191,6.55375445705024,5.57376653250774,5.73775510204082,6.111375,6.28025355442177,97
"97",2009,8,6.29642857142857,28,6.58125,5.91666666666667,5.42857142857143,6.08333333333333,6.35454545454545,16,12,7,6,22,1908,1250,658,154,710,1198,6.21817933962264,6.5541064,5.58002003039514,5.7237012987013,6.11113802816901,6.28161784641069,98
"98",2009,9,6.14318181818182,44,6.74285714285714,5.09375,5.4,5.86428571428571,6.27333333333333,28,16,8,14,30,1952,1278,674,162,724,1228,6.21648882172131,6.55824178403756,5.56847652818991,5.70771604938272,6.10636464088398,6.28141545602606,99
"99",2009,10,6.38888888888889,36,6.95,5.6875,5.75,6.07692307692308,6.56521739130435,20,16,6,13,23,1988,1298,690,168,737,1251,6.21961075452716,6.5642781201849,5.57123649275362,5.70922619047619,6.10584531886024,6.28663323741007,100
"100",2009,11,6.2027027027027,37,6.375,5.88461538461539,5.07142857142857,5.75,6.47826086956522,24,13,7,14,23,2025,1322,703,175,751,1274,6.21930181728395,6.56084190620272,5.57703155049787,5.68371428571429,6.09921171770972,6.29009276295134,101
"101",2009,12,6.06842105263158,57,6.37878787878788,5.64166666666667,6,6.21739130434783,5.96764705882353,33,24,6,23,34,2082,1355,727,181,774,1308,6.21517107588857,6.55640811808118,5.57916530949106,5.69419889502762,6.10272351421189,6.28171114678899,102
"102",2010,1,6.36904761904762,42,6.35185185185185,6.4,6.58333333333333,7.03846153846154,6.06896551724138,27,15,6,13,29,2124,1382,742,187,787,1337,6.21821383239171,6.55241172214182,5.59575900269542,5.72272727272727,6.11818043202033,6.27709661929694,103
"103",2010,2,6.52777777777778,36,6.56818181818182,6.46428571428571,6,6.8125,6.44642857142857,22,14,4,8,28,2160,1404,756,191,795,1365,6.22337323148148,6.55265883190883,5.61184283068783,5.72853403141361,6.12516729559748,6.2805700952381,104
"104",2010,3,6.5,35,6.82692307692308,5.55555555555556,5.5,6.5,6.5,26,9,1,6,29,2195,1430,765,192,801,1394,6.22778413667426,6.55764545454545,5.61118062745098,5.72734375,6.12797503121099,6.2851349928264,105
"105",2010,4,5.87368421052632,19,6.28333333333333,5.17142857142857,6,5.3,6.07857142857143,12,7,2,5,14,2214,1442,772,194,806,1408,6.22474533875339,6.55536269070735,5.60719323834197,5.73015463917526,6.12283870967742,6.28308109375,106
"106",2010,5,6.55454545454545,33,6.73333333333333,5.75,4,5.4125,6.92,27,6,1,8,25,2247,1469,778,195,814,1433,6.22958886515354,6.55863376446562,5.60829457583548,5.72128205128205,6.11585749385749,6.29419272854152,107
"107",2010,6,6.31818181818182,22,6.91176470588235,4.3,5.5,6.16666666666667,6.34210526315789,17,5,1,3,19,2269,1486,783,196,817,1452,6.23044785368003,6.5626736204576,5.59994020434227,5.72015306122449,6.11604406364749,6.29481968319559,108
"108",2010,7,6.65185185185185,27,6.82,6.44166666666667,NA,7.05555555555556,6.45,15,12,0,9,18,2296,1501,795,196,826,1470,6.23540338850174,6.56524516988674,5.61264550943396,5.72015306122449,6.1262808716707,6.29671985034014,109
"109",2010,8,6.60576923076923,26,6.8625,5.75,6,6.925,6.40625,20,6,1,10,16,2322,1521,801,197,836,1486,6.23955046511628,6.56915384615384,5.61367438202247,5.72157360406091,6.13583492822966,6.29789917900404,110
"110",2010,9,6.56,25,6.98,5.93,5.25,6.25,6.70588235294118,15,10,4,8,17,2347,1536,811,201,844,1503,6.24296386024712,6.573166015625,5.61757482120839,5.71218905472637,6.13691706161137,6.30251375914837,111
"111",2010,10,6.245,30,6.5625,5.61,5.25,6.28846153846154,6.21176470588235,20,10,4,13,17,2377,1556,821,205,857,1520,6.24298955826672,6.57302892030848,5.61748255785627,5.70317073170732,6.13921586931155,6.30149880263158,112
"112",2010,11,6.17741935483871,31,6.65789473684211,5.41666666666667,6,6.625,6.02173913043478,19,12,2,8,23,2408,1575,833,207,865,1543,6.24214542358804,6.5740526984127,5.61458965186074,5.706038647343,6.14370867052023,6.29732869734284,113
"113",2010,12,6.07954545454545,44,6.22222222222222,5.85294117647059,5.8,6.16666666666667,6.06578947368421,27,17,5,6,38,2452,1602,850,212,871,1581,6.23922764274062,6.56812297128589,5.61935668235294,5.70825471698113,6.14386681974742,6.29176355471221,114
"114",2011,1,5.96052631578947,38,6.06666666666667,5.5625,5,5.35,6.17857142857143,30,8,1,10,28,2490,1632,858,213,881,1609,6.23497436947791,6.5589050245098,5.61882655011655,5.70492957746479,6.13485584562997,6.28979377252952,115
"115",2011,2,6.26363636363636,44,6.59583333333333,5.865,5.78571428571429,6.23571428571429,6.27666666666667,24,20,7,14,30,2534,1656,878,220,895,1639,6.23547205209155,6.5594402173913,5.62443414578588,5.7075,6.13643351955307,6.28955349603417,116
"116",2011,3,6.2741935483871,31,6.63636363636364,5.38888888888889,6,5.5,6.42307692307692,22,9,2,5,26,2565,1678,887,222,900,1665,6.23594003118908,6.56044874851013,5.62204417136415,5.71013513513514,6.13289777777778,6.29163854654655,117
"117",2011,4,6.61458333333333,24,6.68421052631579,6.35,4,6,6.77631578947368,19,5,1,5,19,2589,1697,892,223,905,1684,6.23945005021244,6.56183441367118,5.62612464125561,5.70246636771301,6.1321635359116,6.29710699524941,118
"118",2011,5,6.46,15,6.73333333333333,6.05,6,6.75,6.26666666666667,9,6,2,6,9,2604,1706,898,225,911,1693,6.24072049923195,6.56273915592028,5.62895677060134,5.70511111111111,6.13623271130626,6.2969451742469,119
"119",2011,6,6.26923076923077,26,6.21875,6.35,6.5,6.5,6.18421052631579,16,10,2,7,19,2630,1722,908,227,918,1712,6.24100234980989,6.55954297328687,5.6368977753304,5.71211453744493,6.13900653594771,6.29569403037383,120
"120",2011,7,6.19354838709677,31,6.98611111111111,5.09615384615385,5.05,6,6.31578947368421,18,13,5,12,19,2661,1740,921,232,930,1731,6.24044952273581,6.56395574712644,5.62926512486428,5.69784482758621,6.13721290322581,6.29591460427499,121
"121",2011,8,6.39333333333333,30,6.93684210526316,5.45454545454545,5.83333333333333,6.125,6.49090909090909,19,11,6,8,22,2691,1759,932,238,938,1753,6.24215391304348,6.56798351335986,5.62720298283262,5.70126050420168,6.13710874200426,6.29836176839704,122
"122",2011,9,6.25,30,6.55,5.65,6.5,5.5,6.30357142857143,20,10,1,2,28,2721,1779,942,239,940,1781,6.24224041896362,6.56778133783024,5.62744498938429,5.70460251046025,6.13575319148936,6.29844367209433,123
"123",2011,10,6.08518518518519,27,6.35333333333333,5.75,5.8,5.42857142857143,6.315,15,12,5,7,20,2748,1794,954,244,947,1801,6.24069729985444,6.56598829431438,5.62898656184486,5.70655737704918,6.13052587117212,6.29862752915047,124
"124",2011,11,6.14583333333333,36,6.390625,5.95,5.5,5.92857142857143,6.19827586206897,16,20,3,7,29,2784,1810,974,247,954,1830,6.23947061063218,6.56443812154696,5.63557821355236,5.70404858299595,6.12904402515723,6.2970372568306,125
"125",2011,12,6.54625,40,6.86923076923077,5.94642857142857,6.3125,5.67857142857143,6.73030303030303,26,14,4,7,33,2824,1836,988,251,961,1863,6.24381592776204,6.56875435729847,5.6399829757085,5.71374501992032,6.1257627471384,6.30471185185185,126
"126",2012,1,6.17045454545455,44,6.39655172413793,5.73333333333333,5.5,5.72727272727273,6.31818181818182,29,15,6,11,33,2868,1865,1003,257,972,1896,6.24269043933054,6.56607667560321,5.64137904287139,5.70875486381323,6.12125308641975,6.30494629746836,127
"127",2012,2,6.26086956521739,23,6.68421052631579,4.25,1,6,6.375,19,4,1,7,16,2891,1884,1007,258,979,1912,6.24283506745071,6.56726804670913,5.63585221449851,5.69050387596899,6.12038610827375,6.3055325209205,128
"128",2012,3,5.75344827586207,29,6.15384615384615,5.428125,5.64166666666667,5.25,5.834,13,16,6,4,25,2920,1897,1023,264,983,1937,6.23797471917808,6.56443489720611,5.63260330400782,5.68939393939394,6.11684435401831,6.29944665978317,129
"129",2012,4,6.42,20,6.43529411764706,6.33333333333333,6.5,5.8,6.62666666666667,17,3,2,5,15,2940,1914,1026,266,988,1952,6.23921298639456,6.56328787878788,5.63465222222222,5.69548872180451,6.11524089068826,6.30196115778689,130
"130",2012,5,6.3125,24,6.64285714285714,5.85,5,5.5,6.475,14,10,3,4,20,2964,1928,1036,269,992,1972,6.23980640350877,6.56386566390041,5.63673086872587,5.68773234200744,6.11276008064516,6.30371611561866,131
"131",2012,6,6.37096774193548,31,6.72727272727273,5.5,4.75,6.375,6.3695652173913,22,9,2,8,23,2995,1950,1045,271,1000,1995,6.241164,6.56570923076923,5.63555328229665,5.68081180811808,6.114858,6.30447527819549,132
"132",2012,7,6.82095238095238,21,7.375,6.08222222222222,5.5,7,6.765,12,9,3,5,16,3016,1962,1054,274,1005,2011,6.24520098806366,6.57065902140673,5.63936734345351,5.67883211678832,6.11926169154229,6.30813932371954,133
"133",2012,8,6.33,20,6.26666666666667,6.52,5.86666666666667,6.5,6.3,15,5,3,3,17,3036,1977,1059,277,1008,2028,6.2457596113307,6.56835255437531,5.64352519357885,5.68086642599278,6.12039484126984,6.30807109467456,134
"134",2012,9,6.1,16,6.20909090909091,5.86,6,6.12,6.09090909090909,11,5,1,5,11,3052,1988,1064,278,1013,2039,6.24499547182176,6.56636468812877,5.64454246240602,5.68201438848921,6.12039289239882,6.30689954879843,135
"135",2012,10,6.22,25,6.53333333333333,5.75,5.33333333333333,6.83333333333333,6.02631578947368,15,10,3,6,19,3077,2003,1074,281,1019,2058,6.24479238869028,6.56611732401398,5.64552437616388,5.67829181494662,6.12459077526987,6.30430912536443,136
"136",2012,11,5.83620689655172,29,6.18055555555556,5.27272727272727,6.5,6,5.7625,18,11,2,9,20,3106,2021,1085,283,1028,2078,6.24097752092724,6.56268332508659,5.64174486635945,5.68409893992933,6.1235,6.2990944080847,137
"137",2012,12,6.08571428571429,35,6.34090909090909,5.65384615384615,5.72222222222222,6.375,6.04838709677419,22,13,9,4,31,3141,2043,1098,292,1032,2109,6.23924743075454,6.56029515418502,5.6418881420765,5.68527397260274,6.12447480620155,6.29540928402086,138
"138",2013,1,6.26129032258065,31,6.74,5.39090909090909,6.33333333333333,4,6.50357142857143,20,11,3,3,28,3172,2063,1109,295,1035,2137,6.23946285624212,6.56203732428502,5.63939871956718,5.69186440677966,6.11831690821256,6.29813672437997,139
"139",2013,2,5.78571428571429,28,6.13888888888889,5.15,5,4.8,6,18,10,2,5,23,3200,2081,1119,297,1040,2160,6.23549255625,6.55837722248919,5.63502518319929,5.68720538720539,6.11197884615385,6.29496212037037,140
"140",2013,3,6.18846153846154,26,6.65384615384615,5.72307692307692,4.66666666666667,6,6.245,13,13,6,6,20,3226,2094,1132,303,1046,2180,6.23511350898946,6.55896991404011,5.63603637809187,5.66699669966997,6.11133652007648,6.29450375229358,141
"141",2013,4,6.158,25,6.91071428571429,5.2,6,6.54166666666667,6.03684210526316,14,11,4,6,19,3251,2108,1143,307,1052,2199,6.23452051061212,6.5613059772296,5.63184005249344,5.67133550488599,6.11379087452472,6.29227748067303,142
"142",2013,5,5.3965,20,6.05,4.743,5.125,4.56142857142857,5.84615384615385,10,10,8,7,13,3271,2118,1153,315,1059,2212,6.22939656985631,6.55889187913125,5.62413111882047,5.65746031746032,6.10352974504249,6.28965559674503,143
"143",2013,6,5.875,24,6.4375,4.75,4.75,5.33333333333333,6.05555555555556,16,8,4,6,18,3295,2134,1161,319,1065,2230,6.22681522913505,6.5579817244611,5.6181078208441,5.64608150470219,6.09919061032864,6.287766,144
"144",2013,7,6.47058823529412,17,6.75,5.8,6,7,6.4375,12,5,1,1,16,3312,2146,1166,320,1066,2246,6.2280664794686,6.55905545200372,5.61888780445969,5.6471875,6.10003564727955,6.28883267141585,145
"145",2013,8,6.21206896551724,29,6.46842105263158,5.725,7,7.6,5.92291666666667,19,10,1,5,24,3341,2165,1176,321,1071,2270,6.22792762047291,6.55826004618937,5.61979011904762,5.65140186915888,6.10703828197946,6.28496395594714,146
"146",2013,9,5.32142857142857,28,5.95454545454545,4.91176470588235,4.5,5.05555555555556,5.44736842105263,11,17,4,9,19,3369,2176,1193,325,1080,2289,6.22039364203028,6.55520818014705,5.60970090528081,5.63723076923077,6.09827592592593,6.27801143730887,147
"147",2013,10,5.87931034482759,29,5.97826086956522,5.5,4.5,6.91666666666667,5.60869565217391,23,6,2,6,23,3398,2199,1199,327,1086,2312,6.21748268981754,6.54917371532514,5.60915194328607,5.6302752293578,6.10279742173112,6.27135301903114,148
"148",2013,11,5.44512195121951,41,5.83695652173913,4.94444444444444,5.66666666666667,5.4,5.45138888888889,23,18,3,5,36,3439,2222,1217,330,1091,2348,6.20827455074149,6.54180153015301,5.59932060805259,5.63060606060606,6.09957653528873,6.2587811669506,149
"149",2013,12,6.71111111111111,36,6.9625,6.20833333333333,6.875,5.125,6.909375,24,12,4,4,32,3475,2246,1229,334,1095,2380,6.21348379280576,6.54629697239537,5.60526703010578,5.64550898203593,6.09601643835616,6.26752864705882,150
"150",2014,1,6.15243902439024,41,6.48793103448276,5.34166666666667,5,6.9875,5.95,29,12,5,8,33,3516,2275,1241,339,1103,2413,6.21277195108077,6.54555296703296,5.60271811442385,5.63598820058997,6.10248232094288,6.26318615002072,151
"151",2014,2,6.13333333333333,30,6.41176470588235,5.76923076923077,5.5,6.58333333333333,6.02083333333333,17,13,6,6,24,3546,2292,1254,345,1109,2437,6.21209988155668,6.54456064572425,5.60444432216906,5.6336231884058,6.10508385933273,6.26079941731637,152
"152",2014,3,6.56739130434783,23,6.71666666666667,5,4,6.83333333333333,6.47352941176471,21,2,1,6,17,3569,2313,1256,346,1115,2454,6.21438951527038,6.54612321660181,5.60348183121019,5.62890173410405,6.10900269058296,6.26227309698452,153
"153",2014,4,6.11538461538461,26,6.02777777777778,6.3125,5.75,5.83333333333333,6.15217391304348,18,8,2,3,23,3595,2331,1264,348,1118,2477,6.21367348539638,6.54212054912055,5.60796928797468,5.62959770114942,6.10826296958855,6.26125077916835,154
"154",2014,5,6.46363636363636,22,7,5.31428571428571,5,4,6.71,15,7,2,2,20,3617,2346,1271,350,1120,2497,6.21519385678739,6.54504816709292,5.6063518332022,5.626,6.10449821428571,6.26484508610332,155
"155",2014,6,5.95238095238095,21,6.70769230769231,4.725,3.75,6.625,5.79411764705882,13,8,2,4,17,3638,2359,1279,352,1124,2514,6.21367679494228,6.54594446799491,5.60083907740422,5.61534090909091,6.10635053380783,6.26166196499602,156
"156",2014,7,6.08941176470588,34,6.66888888888889,5.4375,5,5.25,6.20133333333333,18,16,4,4,30,3672,2377,1295,356,1128,2544,6.21252619281046,6.54687547328565,5.59882098841699,5.60842696629213,6.10331382978723,6.26095054245283,157
"157",2014,8,5.64166666666667,24,5.56666666666667,5.76666666666667,7,5.9,5.57368421052632,15,9,1,5,19,3696,2392,1304,357,1133,2563,6.20881931277056,6.54072867892976,5.59997943251534,5.61232492997199,6.10241659311562,6.25585570815451,158
"158",2014,9,5.64375,32,5.94705882352941,5.3,4,5.28571428571429,5.744,17,15,3,7,25,3728,2409,1319,360,1140,2588,6.20396893240343,6.53653922789539,5.5965679909022,5.59888888888889,6.09740175438596,6.25091119783617,159
"159",2014,10,6.42307692307692,26,7.05555555555556,5,4.5,7.2,6.23809523809524,18,8,4,5,21,3754,2427,1327,364,1145,2609,6.20548646244006,6.54038854552946,5.59297149962321,5.58681318681319,6.10221659388646,6.25080804139517,160
"160",2014,11,5.82333333333333,30,6.40526315789474,4.81818181818182,4.5,8,5.74827586206897,19,11,2,1,29,3784,2446,1338,366,1146,2638,6.20245670718816,6.53933892068683,5.58660177877429,5.58087431693989,6.10387260034904,6.24528361637605,161
"161",2014,12,5.69142857142857,35,6.27894736842105,4.99375,4.62857142857143,4.575,5.83548387096774,19,16,7,4,31,3819,2465,1354,373,1150,2669,6.19777328620058,6.53733184584178,5.57959614475628,5.56300268096515,6.09855478260869,6.24052385912327,162
"162",2015,1,6.16153846153846,39,6.752,5.10714285714286,6,5.72727272727273,6.33214285714286,25,14,3,11,28,3858,2490,1368,376,1161,2697,6.19740699326076,6.53948714859437,5.57476109649123,5.56648936170213,6.09503703703704,6.24147503893215,163
"163",2015,2,6.1275,40,6.190625,5.875,6,6.25,6.096875,32,8,1,8,32,3898,2522,1376,377,1169,2729,6.19668963057978,6.53506066613798,5.57650667151163,5.56763925729443,6.09609751924722,6.23977947233419,164
"164",2015,3,6.2496875,32,6.4796,5.42857142857143,5,6.75,6.08291666666667,25,7,2,8,24,3930,2547,1383,379,1177,2753,6.1971211653944,6.53451629367884,5.57575790310918,5.5646437994723,6.10054205607477,6.23841197965856,165
"165",2015,4,6.1472,25,6.21428571428571,6.06181818181818,6,5.75,6.22285714285714,14,11,1,4,21,3955,2561,1394,380,1181,2774,6.19680560809102,6.53276571651698,5.57959338593974,5.56578947368421,6.09935478408129,6.23829422494593,166
"166",2015,5,5.74347826086957,23,5.98461538461538,5.43,4.25,6,5.73181818181818,13,10,2,1,22,3978,2574,1404,382,1182,2796,6.19418456008044,6.52999728049728,5.5785279059829,5.55890052356021,6.09927072758037,6.23430907725322,167
"167",2015,6,6.66055555555556,18,6.826,5.83333333333333,5.5,6.25,6.711875,15,3,1,2,16,3996,2589,1407,383,1184,2812,6.19628533033033,6.53171224410969,5.57907120113717,5.55874673629243,6.09952533783784,6.23702637980086,168
"168",2015,7,6.06060606060606,33,6.6,5.61111111111111,5.44444444444444,6,6.07692307692308,15,18,9,7,26,4029,2604,1425,392,1191,2838,6.19517403325887,6.53210560675883,5.57947591578947,5.55612244897959,6.09894038623006,6.2355596124031,169
"169",2015,8,6.03108108108108,37,6.07173913043478,5.96428571428571,5.83333333333333,6.66666666666667,5.90806451612903,23,14,6,6,31,4066,2627,1439,398,1197,2869,6.19368081160846,6.52807499048344,5.58321972202919,5.56030150753769,6.10178613199666,6.23202097594981,170
"170",2015,9,5.95735294117647,34,6.36842105263158,5.43666666666667,5.35,6,5.9546875,19,15,3,2,32,4100,2646,1454,401,1199,2901,6.19172101951219,6.52692857142857,5.58170782668501,5.55872817955112,6.1016163469558,6.22896179937953,171
"171",2015,10,6.22333333333333,30,5.85,6.97,8.5,5.5,6.44347826086956,20,10,1,7,23,4130,2666,1464,402,1206,2924,6.19195064891041,6.52185033758439,5.59119069672131,5.5660447761194,6.09812437810945,6.23064917236662,172
"172",2015,11,6.27631578947368,38,6.425,5.71875,6.33333333333333,6.08333333333333,6.3125,30,8,3,6,32,4168,2696,1472,405,1212,2956,6.19271981285988,6.52077262611276,5.59188395380435,5.57172839506173,6.09805115511551,6.2315352435724,173
"173",2015,12,5.90277777777778,36,5.8695652173913,5.96153846153846,5,5.75,5.921875,23,13,2,4,32,4204,2719,1485,407,1216,2988,6.19023696003806,6.51526406767194,5.59511998653199,5.56891891891892,6.09690625,6.22821893574297,174
"174",2016,1,6.17333333333333,45,6.40625,5.6,5.66666666666667,7,6.09268292682927,32,13,3,4,41,4249,2751,1498,410,1220,3029,6.19005793833843,6.51399600145401,5.5951623364486,5.56963414634146,6.09986721311475,6.22638434466821,175
"175",2016,2,6.14583333333333,48,6.54838709677419,5.41176470588235,5,7.16666666666667,6,31,17,7,6,42,4297,2782,1515,417,1226,3071,6.18956392366768,6.51437922358016,5.59310440924092,5.56007194244604,6.105088091354,6.22328823835884,176
"176",2016,3,6.28333333333333,30,6.28947368421053,6.27272727272727,5,5.375,6.61363636363636,19,11,2,8,22,4327,2801,1526,419,1234,3093,6.19021404668361,6.51285362370582,5.59800339449541,5.55739856801909,6.10035494327391,6.22606472033625,177
"177",2016,4,6.40689655172414,29,6.82380952380952,5.3125,5.875,7.1,6.2625,21,8,4,5,24,4356,2822,1534,423,1239,3117,6.19165660697888,6.51516761162296,5.5965144589309,5.56040189125296,6.10438902340597,6.22634526146936,178
"178",2016,5,6.29354838709677,31,6.6,5.24285714285714,NA,6.425,6.27407407407407,24,7,0,4,27,4387,2846,1541,423,1243,3144,6.19237660816047,6.51588299367533,5.59490796885139,5.56040189125296,6.10542075623492,6.22675514631043,179
"179",2016,6,6.24852941176471,34,6.3625,6.08571428571429,8,7,6.0875,20,14,2,6,28,4421,2866,1555,425,1249,3172,6.19280845510066,6.51481263084438,5.59932680385852,5.57188235294118,6.10971817453963,6.22552590794452,180
"180",2016,7,6.04,35,6.38260869565217,5.38333333333333,5.5,6.1,6.03,23,12,2,5,30,4456,2889,1567,427,1254,3202,6.19160820915619,6.51376012461059,5.59767273771538,5.57154566744731,6.10967942583732,6.22369399750156,181
"181",2016,8,6.34,40,6.53225806451613,5.67777777777778,5.4,8,6.25263157894737,31,9,4,2,38,4496,2920,1576,431,1256,3240,6.1929284208185,6.51395650684931,5.59813019035533,5.5699535962877,6.11268949044586,6.22403338888889,182
"182",2016,9,6.20833333333333,48,6.28571428571429,6,5,6.15384615384615,6.22857142857143,35,13,3,13,35,4544,2955,1589,434,1269,3275,6.19309114876761,6.51125313028765,5.60141798615482,5.56601382488479,6.11311111111111,6.2240818870229,183
"183",2016,10,6.1375,40,6.64814814814815,5.07692307692308,NA,6.33333333333333,6.10294117647059,27,13,0,6,34,4584,2982,1602,434,1275,3309,6.19260606020942,6.51249262240107,5.59716178526842,5.56601382488479,6.11414745098039,6.22283716530674,184
"184",2016,11,6.30425531914894,47,6.54054054054054,5.43,6,6.38333333333333,6.29268292682927,37,10,1,6,41,4631,3019,1612,435,1281,3350,6.19373918808033,6.51283636965883,5.59612480148883,5.56701149425287,6.11540827478532,6.22369199402985,185
"185",2016,12,6.05232558139535,43,6.46875,5.52631578947368,5.6,6.35,6.00405405405405,24,19,4,6,37,4674,3043,1631,439,1287,3387,6.19243820710312,6.51248866250411,5.59531157572042,5.56731207289294,6.11650194250194,6.22129264245645,186
"186",2017,1,6.52142857142857,56,6.92631578947368,5.66666666666667,6.4,6.55555555555556,6.51489361702128,38,18,5,9,47,4730,3081,1649,444,1296,3434,6.19633323044398,6.51759266471925,5.59609046694967,5.57668918918919,6.11955092592593,6.22531105998836,187
"187",2017,2,6.17045454545455,44,6.78260869565217,5.5,4.25,7.83333333333333,6.04878048780488,23,21,4,3,41,4774,3104,1670,448,1299,3475,6.19609471721827,6.51955637886598,5.59488214371258,5.56484375,6.12350885296382,6.22322825323741,188
"188",2017,3,6.06923076923077,39,6.38461538461539,5.43846153846154,5.175,6.7,5.85172413793103,26,13,4,10,29,4813,3130,1683,452,1309,3504,6.19506673176813,6.51843546325878,5.59367390374332,5.56139380530973,6.12791291061879,6.22015359018265,189
"189",2017,4,6.38055555555556,36,6.81538461538462,5.25,5.5,7,6.28064516129032,26,10,3,5,31,4849,3156,1693,455,1314,3535,6.196443839967,6.52088181242078,5.59164393384525,5.56098901098901,6.13123135464231,6.22068406789251,190
"190",2017,5,6.08947368421053,38,6.59230769230769,5,6.5,5.9,6.125,26,12,2,6,32,4887,3182,1705,457,1320,3567,6.19561206875384,6.52146543054682,5.58747987096774,5.56509846827133,6.1301803030303,6.21982567423606,191
"191",2017,6,6.144,25,6.56875,5.38888888888889,5,6,6.17142857142857,16,9,4,4,21,4912,3198,1714,461,1324,3588,6.19534938517915,6.52170200125078,5.58643709451575,5.56019522776573,6.12978700906344,6.21954241360089,192
"192",2017,7,6.31818181818182,44,6.5625,5.66666666666667,5.66666666666667,6.75,6.25,32,12,3,6,38,4956,3230,1726,464,1330,3626,6.19643990718321,6.52210619195046,5.58699488991889,5.56088362068965,6.13258496240602,6.21986160507447,193
"193",2017,8,6.265,48,6.31787878787879,6.14866666666667,6,6.90909090909091,6.07351351351351,33,15,4,11,37,5004,3263,1741,468,1341,3663,6.19709755795364,6.52004076003677,5.59183410683515,5.56463675213675,6.13895451155854,6.21838334152334,194
"194",2017,9,6.18421052631579,19,6.625,5.42857142857143,5.75,5.28571428571429,6.70833333333333,12,7,4,7,12,5023,3275,1748,472,1348,3675,6.19704881146725,6.52042534351145,5.59118030892449,5.56620762711864,6.1345237388724,6.2199831782313,195
"195",2017,10,6.23658536585366,41,6.49565217391304,5.90555555555556,6.2,5.74,6.39677419354839,23,18,5,10,31,5064,3298,1766,477,1358,3706,6.19736891390205,6.52025257731959,5.59438458663647,5.57285115303983,6.13161855670103,6.22146200215867,196
"196",2017,11,6.59782608695652,46,6.87931034482759,6.11764705882353,6.8,7.08333333333333,6.525,29,17,5,6,40,5110,3327,1783,482,1364,3746,6.20097381213307,6.5233823264202,5.59937362871565,5.58558091286307,6.13580498533724,6.22470319807795,197
"197",2017,12,6.14365384615385,52,6.26527777777778,5.87,5.83333333333333,6.5,6.11395833333333,36,16,6,4,48,5162,3363,1799,488,1368,3794,6.20039639287098,6.52061938745168,5.60178053362979,5.58862704918033,6.13686988304094,6.22330210332104,198
"198",2018,1,6.2,60,6.68604651162791,4.97058823529412,5.35714285714286,7.125,6.13392857142857,43,17,7,4,56,5222,3406,1816,495,1372,3850,6.2003918383761,6.52270786846741,5.59587179515418,5.58535353535354,6.13975072886297,6.22200212467533,199
"199",2018,2,6.34838709677419,31,6.825,4.71428571428571,7,8.4,6.20689655172414,24,7,1,2,29,5253,3430,1823,496,1374,3879,6.20126521606701,6.52482303206997,5.59248665935272,5.58820564516129,6.14304075691412,6.22188919309101,200
"200",2018,3,6.19117647058824,34,6.25,6.08333333333333,5.5,5.85714285714286,6.27777777777778,22,12,4,7,27,5287,3452,1835,500,1381,3906,6.20120033667486,6.52307155272306,5.59569655585831,5.5875,6.14159160028964,6.22227551971327,201
"201",2018,4,6.31428571428571,42,6.888,5.47058823529412,5.3,6.6,6.27567567567568,25,17,5,5,37,5329,3477,1852,505,1386,3943,6.20209160818165,6.52569542709232,5.59454815334773,5.58465346534653,6.14324531024531,6.22277661171697,202
"202",2018,5,6.07645161290323,31,6.04142857142857,6.15,6.5,6.5,6.0137037037037,21,10,3,4,27,5360,3498,1862,508,1390,3970,6.20136495895523,6.52278816466552,5.59753124597207,5.59005905511811,6.14427194244604,6.22135470528968,203
"203",2018,6,6.01459459459459,37,6.58826086956522,5.07214285714286,5.44,5.701,6.13074074074074,23,14,5,10,27,5397,3521,1876,513,1400,3997,6.20008452473597,6.52321584777052,5.59361043710021,5.58859649122807,6.14110571428571,6.22074260195147,204
"204",2018,7,6.10148133333333,30,6.4402775,5.71428571428571,5.8,6.5,6.04017076923077,16,14,5,4,26,5427,3537,1890,518,1404,4023,6.19953945457896,6.52284066723212,5.59450432804233,5.59063706563707,6.1421282051282,6.21957559532687,205
"205",2018,8,6.24468085106383,47,6.53125,5.63333333333333,4.66666666666667,6.66666666666667,6.18292682926829,32,15,3,6,41,5474,3569,1905,521,1410,4064,6.19992704055535,6.52291606612496,5.59481006824147,5.58531669865643,6.14436028368794,6.21920586122048,206
"206",2018,9,6.19428571428571,35,6.25217391304348,6.08333333333333,5.8,5.6,6.29333333333333,23,12,5,5,30,5509,3592,1917,526,1415,4094,6.19989119985479,6.52118247216035,5.59786811684924,5.58735741444867,6.14243674911661,6.21974905227162,207
"207",2018,10,6.30769230769231,39,6.36538461538461,6.19230769230769,6.75,6.42857142857143,6.28125,26,13,4,7,32,5548,3618,1930,530,1422,4126,6.20064899423216,6.52006286346047,5.60187211398964,5.5961320754717,6.1438452883263,6.22022603490063,208
"208",2018,11,6.19142857142857,35,6.25909090909091,6.07692307692308,5,5.33333333333333,6.271875,22,13,3,3,32,5583,3640,1943,533,1425,4158,6.20059119111589,6.51848556043956,5.60505053010808,5.59277673545966,6.14213894736842,6.22062352573353,209
"209",2018,12,6.23690476190476,42,6.78571428571429,5.13928571428571,4.45,6.875,6.16973684210526,28,14,3,4,38,5625,3668,1957,536,1429,4196,6.20086233244445,6.52052547437295,5.60171853857946,5.58638059701492,6.14419034289713,6.22016268350811,210
"210",2019,1,6.77230769230769,65,6.98775510204082,6.1125,5.5,6.65333333333333,6.808,49,16,2,15,50,5690,3717,1973,538,1444,4246,6.20739026713533,6.52668481033091,5.60586070957932,5.5860594795539,6.14947922437673,6.22708493170043,211
"211",2019,2,6.33148148148148,27,6.715625,5.77272727272727,4.875,6,6.42619047619048,16,11,4,6,21,5717,3733,1984,542,1450,4267,6.20797631974812,6.52749462630592,5.60678587701613,5.58081180811808,6.14886068965517,6.22806482774784,212
"212",2019,3,6.05225806451613,31,6.26761904761905,5.6,3,6,6.0675,21,10,1,7,24,5748,3754,1994,543,1457,4291,6.20713650313152,6.52604087373468,5.60675184553661,5.57605893186004,6.14814550446122,6.22716677231415,213
"213",2019,4,6.32592592592593,27,6.75294117647059,5.6,5.8,NA,6.32592592592593,17,10,5,0,27,5775,3771,2004,548,1457,4318,6.20769188225108,6.52706376027579,5.60671815369261,5.57810218978102,6.14814550446122,6.22778430291802,214
"214",2019,5,5.8296875,32,6.48947368421053,4.86538461538461,3.33333333333333,5.6,5.87222222222222,19,13,3,5,27,5807,3790,2017,551,1462,4345,6.20560885483038,6.52687531398417,5.60194009915716,5.56588021778584,6.1462708618331,6.22557482623706,215
"215",2019,6,6.0503125,32,6.30875,5.275,4.8,5.8,6.09666666666667,24,8,5,5,27,5839,3814,2025,556,1467,4372,6.20475777016613,6.52550273728369,5.60064848395062,5.55899280575539,6.14509066121336,6.22477873284538,216
"216",2019,7,6.55789473684211,38,6.60645161290323,6.34285714285714,7.36666666666667,7,6.53333333333333,31,7,3,2,36,5877,3845,2032,559,1469,4408,6.20704111281266,6.5261553810143,5.60320530511811,5.56869409660107,6.14625459496256,6.22729868874774,217
"217",2019,8,6.2525,40,6.5695652173913,5.82352941176471,5.33333333333333,7.2,6.11714285714286,23,17,3,5,35,5917,3868,2049,562,1474,4443,6.20734842318743,6.52641350568769,5.60503327476818,5.56743772241993,6.14982903663501,6.22643092955211,218
"218",2019,9,5.36764705882353,34,5.58,4.77777777777778,4.33333333333333,5.4,5.36206896551724,25,9,3,5,29,5951,3893,2058,565,1479,4472,6.20255093597715,6.52033584382224,5.6014155393586,5.56088495575221,6.14729411764706,6.22082572003578,219
"219",2019,10,6,39,6.07142857142857,5.81818181818182,5,6,6,28,11,1,6,33,5990,3921,2069,566,1485,4505,6.20123215692821,6.51713018107625,5.6025679942001,5.55989399293286,6.14669898989899,6.21920812874584,220
"220",2019,11,6.64804878048781,41,6.9625,6.20411764705882,6.5625,7.36666666666667,6.52485714285714,24,17,8,6,35,6031,3945,2086,574,1491,4540,6.20426970983253,6.51983965525982,5.60747036433365,5.57386759581881,6.15160831656606,6.2215644537445,221
"221",2019,12,6.65416666666667,48,6.9,6.27894736842105,6.78571428571429,6.85,6.615,29,19,7,8,40,6079,3974,2105,581,1499,4580,6.20782211218951,6.52261385002516,5.61353120190024,5.58846815834768,6.15533555703802,6.22500057205241,222
"222",2020,1,6.28790322580645,62,6.79102564102564,5.43478260869565,6,6.875,6.225,39,23,2,6,56,6141,4013,2128,583,1505,4636,6.20863061716333,6.52522238724146,5.6115992387218,5.58987993138936,6.15820465116279,6.22500056514237,223
"223",2020,2,6.39148936170213,47,6.859375,5.39333333333333,5.16666666666667,6.9,6.33095238095238,32,15,3,5,42,6188,4045,2143,586,1510,4678,6.21001949256626,6.52786586897404,5.61007147923472,5.5877133105802,6.16066092715232,6.22595182129115,224
"224",2020,3,6.04913043478261,46,6.40206896551724,5.44705882352941,6,5.71428571428571,6.10923076923077,29,17,3,7,39,6234,4074,2160,589,1517,4717,6.20883230991338,6.52697040746195,5.60878850925926,5.58981324278438,6.1586011865524,6.2249867754929,225
"225",2020,4,5.97173913043478,46,6.334375,5.14285714285714,6.33333333333333,6.66666666666667,5.8675,32,14,3,6,40,6280,4106,2174,592,1523,4757,6.20709564012739,6.52546942036045,5.60578803127875,5.59358108108108,6.16060275771503,6.22198079041413,226
"226",2020,5,6.03863636363636,44,6.10666666666667,5.89285714285714,4.75,6.8,5.94102564102564,30,14,4,5,39,6324,4136,2188,596,1528,4796,6.20592356419987,6.5224316827853,5.60762485374771,5.58791946308725,6.16269502617801,6.21969612593829,227
"227",2020,6,6.13416666666667,36,6.31045454545455,5.85714285714286,6,6.63833333333333,6.03333333333333,22,14,1,6,30,6360,4158,2202,597,1534,4826,6.20551739308176,6.52131011063011,5.60921125340599,5.58860971524288,6.164555410691,6.21853763365106,228
"228",2020,7,6.30952380952381,42,6.86206896551724,5.07692307692308,4.5,6.55,6.234375,29,13,4,10,32,6402,4187,2215,601,1544,4858,6.20619972196189,6.52367027465966,5.60608721444695,5.58136439267887,6.1670518134715,6.21864195553726,229
"229",2020,8,5.91219512195122,41,6.28461538461538,5.26666666666667,5,6.8,5.78888888888889,26,15,5,5,36,6443,4213,2230,606,1549,4894,6.20432882508148,6.52219497745075,5.60380411659193,5.57656765676568,6.16909489993544,6.21548071516143,230
"230",2020,9,6.28723404255319,47,7.06818181818182,5.6,6.6,7.5,6.20454545454545,22,25,5,3,44,6490,4235,2255,611,1552,4938,6.20492921725732,6.52503127272727,5.60376194235033,5.58494271685761,6.17166752577319,6.21538327663022,231
"231",2020,10,6.09654311111111,45,6.4337776,5.675,5,6.66666666666667,6.00883179487179,25,20,5,6,39,6535,4260,2275,616,1558,4977,6.20418287069625,6.52449574647887,5.60438821098901,5.5801948051948,6.17357381258023,6.21376472975689,232
"232",2020,11,6.42258620689655,58,6.53083333333333,6.24545454545455,5.6,5,6.52796296296296,36,22,5,4,54,6593,4296,2297,621,1562,5031,6.20610421052632,6.5245488547486,5.61052815846757,5.58035426731079,6.17056850192061,6.2171371615981,233
"233",2020,12,6.309375,64,6.64390243902439,5.71304347826087,4.6,6.16666666666667,6.32413793103448,41,23,5,6,58,6657,4337,2320,626,1568,5089,6.2070970497221,6.52567716854969,5.61154447413793,5.57252396166134,6.17055357142857,6.21835666339163,234
"234",2021,1,5.97368421052632,57,6.546875,5.24,6,6.66666666666667,5.8921568627451,32,25,5,6,51,6714,4369,2345,631,1574,5140,6.2051154393804,6.52583242847334,5.607583445629,5.57591125198098,6.17244472681067,6.21512005058366,235
"235",2021,2,6.42714285714286,56,6.798,5.5,5.75,6.14166666666667,6.505,40,16,4,12,44,6770,4409,2361,635,1586,5184,6.20695200295421,6.52830162848718,5.60685437526472,5.57700787401575,6.17221185372005,6.21758045138889,236
"236",2021,3,6.30571428571429,35,6.35925925925926,6.125,NA,6.5,6.3,27,8,0,1,34,6805,4436,2369,635,1587,5218,6.20745996473182,6.5272727412083,5.60860412832419,5.57700787401575,6.1724183994959,6.21811748945957,237
"237",2021,4,6.39477272727273,44,6.4553125,6.23333333333333,5.33333333333333,8.4,6.13769230769231,32,12,6,5,39,6849,4468,2381,641,1592,5257,6.2086633172726,6.52675735899731,5.61175270054599,5.57472698907956,6.17941457286432,6.21752084078372,238
"238",2021,5,6.53027777777778,36,6.8136,5.88636363636364,5.66666666666667,7.65,6.34967741935484,25,11,3,5,31,6885,4493,2392,644,1597,5288,6.21034496151053,6.52835341197418,5.61301554347826,5.57515527950311,6.18401878522229,6.21829558623298,239
"239",2021,6,5.79866674418605,43,6.05942043478261,5.4988,5.625,3.92857142857143,6.16229638888889,23,20,8,7,36,6928,4516,2412,652,1604,5324,6.2077897993649,6.52596513507529,5.61206848258706,5.57576687116564,6.17417581047382,6.21791692900076,240
"240",2021,7,6.95831578947368,38,7.19791666666667,6.54757142857143,6.8332,6.52371428571429,7.05645161290323,24,14,5,7,31,6966,4540,2426,657,1611,5355,6.21188396927936,6.52951730176212,5.61746709810387,5.58533637747336,6.17569459962756,6.2227711914099,241
"241",2021,8,6.00322580645161,31,6.324,4.66666666666667,5.33333333333333,6,6.00344827586207,25,6,3,2,29,6997,4565,2432,660,1613,5384,6.21095951550665,6.52839179627601,5.61512137335526,5.58419090909091,6.17547675139491,6.22158984583953,242
"242",2021,9,6.18478260869565,46,6.20588235294118,6.125,5.66666666666667,5.8,6.23170731707317,34,12,3,5,41,7043,4599,2444,663,1618,5425,6.21078854607412,6.52600751250272,5.6176248690671,5.5845641025641,6.17431644004944,6.22166630967742,243
"243",2021,10,6.1104347826087,46,6.318125,5.63571428571429,5.32,6.3875,6.05210526315789,32,14,5,8,38,7089,4631,2458,668,1626,5463,6.2101373578784,6.52457105376808,5.6177279007323,5.58258383233533,6.17536531365314,6.22048686252975,244
"244",2021,11,6.72243243243243,37,6.7862962962963,6.55,6.66666666666667,5.91666666666667,6.87838709677419,27,10,3,6,31,7126,4658,2468,671,1632,5494,6.21279732388437,6.52608813868613,5.62150534035656,5.58743070044709,6.17441421568627,6.22419907717511,245
"245",2021,12,6.40819672131148,61,6.90526315789474,5.58695652173913,3.75,6.04166666666667,6.49795918367347,38,23,4,12,49,7187,4696,2491,675,1644,5543,6.21445578544594,6.52915642035775,5.6211863428342,5.57654222222222,6.17344525547445,6.22661911058994,246
"246",2022,1,6.23293902439024,82,6.61632653061224,5.66366666666667,5.25,6.48461538461538,6.18552173913043,49,33,8,13,69,7269,4745,2524,683,1657,5612,6.21466429082405,6.53005659641728,5.62174175118859,5.57271742313324,6.17588654194327,6.22611381503921,247
"247",2022,2,6.35957446808511,47,6.83548387096774,5.4375,4.78571428571429,5.83333333333333,6.39545454545455,31,16,7,3,44,7316,4776,2540,690,1660,5656,6.21559523373428,6.53203905988275,5.62058117322835,5.56473333333333,6.17526746987952,6.22743117574258,248
"248",2022,3,6.11124176470588,51,6.289111,5.85714285714286,7,6.1,6.11246369565217,30,21,1,5,46,7367,4806,2561,691,1665,5702,6.21487281932944,6.53052265501457,5.62252096056228,5.56681041968162,6.17504144144144,6.2265036934409,249
"249",2022,4,6.558,50,6.775,6,5.125,5.14285714285714,6.78837209302326,36,14,4,7,43,7417,4842,2575,695,1672,5745,6.21718593231765,6.53234033044197,5.62457327378641,5.56426762589928,6.17072009569378,6.23070914882507,250
"250",2022,5,5.73529411764706,51,6.18333333333333,5.09523809523809,5.25,5.9,5.69512195121951,30,21,4,10,41,7468,4872,2596,699,1682,5786,6.21389502678093,6.530191272578,5.62029128659476,5.56246924177396,6.16911058263971,6.22691394054615,251
"251",2022,6,6.23815789473684,38,6.59375,5.62857142857143,5,6,6.27424242424242,24,14,3,5,33,7506,4896,2610,702,1687,5819,6.21401786037837,6.53050283496732,5.62033570114943,5.56006552706553,6.168609365738,6.22718234404537,252
"252",2022,7,6.13529411764706,51,6.28611111111111,5.77333333333333,5.33333333333333,6.34444444444444,6.09047619047619,36,15,3,9,42,7557,4932,2625,705,1696,5861,6.21348657668387,6.52871895377129,5.62120997333333,5.55910070921986,6.16954245283019,6.22620270602287,253
"253",2022,8,6.07142857142857,42,6.23214285714286,5.75,7,6.5,6.05,28,14,1,2,40,7599,4960,2639,706,1698,5901,6.21270141597579,6.52704473387097,5.62189320954907,5.56114164305949,6.16993168433451,6.22500831384512,254
"254",2022,9,6.30717948717949,39,6.8592,5.32142857142857,4,5.796,6.38235294117647,25,14,1,5,34,7638,4985,2653,707,1703,5935,6.2131838256088,6.52871050752257,5.6203076441764,5.55893352192362,6.16883382266588,6.22590969839933,255
"255",2022,10,6.55525,40,6.71111111111111,6.23153846153846,5,7.1,6.47742857142857,27,13,3,5,35,7678,5012,2666,710,1708,5970,6.21496588434488,6.52969311252993,5.62328813953488,5.55657183098592,6.17155971896955,6.22738426465662,256
"256",2022,11,6.10222222222222,45,6.736,5.31,5.16666666666667,7.675,5.94878048780488,25,20,3,4,41,7723,5037,2686,713,1712,6011,6.21430895506928,6.53071706968434,5.62095539091586,5.55493127629734,6.17507242990654,6.22548395608052,257
"257",2022,12,6.03958333333333,48,6.62142857142857,5.225,4.57142857142857,6,6.04418604651163,28,20,7,5,43,7771,5065,2706,720,1717,6054,6.2132297078883,6.53121853504442,5.61802889135255,5.54536944444445,6.1745626092021,6.22419624380575,258
