"","year","month","avg_rating","no_ratings","avg_rating_owned","avg_rating_not_owned","avg_rating_prev_owned","avg_rating_comment","avg_rating_no_comment","no_ratings_owned","no_ratings_not_owned","no_ratings_prev_owned","no_ratings_comment","no_ratings_no_comment","cum_no_ratings","cum_no_ratings_owned","cum_no_ratings_not_owned","cum_no_ratings_prev_owned","cum_no_ratings_comment","cum_no_ratings_no_comment","cum_avg_rating","cum_avg_rating_owned","cum_avg_rating_not_owned","cum_avg_rating_prev_owned","cum_avg_rating_comment","cum_avg_rating_no_comment","month_after_release"
"1",2004,9,7.5,1,NA,7.5,NA,7.5,NA,0,1,0,1,0,1,0,1,0,1,0,7.5,NA,7.5,NA,7.5,NA,-1
"2",2004,10,7.11111111111111,9,7,7.2,NA,6.33333333333333,7.5,4,5,0,3,6,10,4,6,0,4,6,7.15,7,7.25,NA,6.625,7.5,0
"3",2004,11,6.46153846153846,13,6.83333333333333,6.14285714285714,NA,7,5.83333333333333,6,7,0,7,6,23,10,13,0,11,12,6.76086956521739,6.9,6.65384615384615,NA,6.86363636363636,6.66666666666667,1
"4",2004,12,6.95833333333333,24,7.22222222222222,6.16666666666667,NA,7,6.9,18,6,0,14,10,47,28,19,0,25,22,6.86170212765957,7.10714285714286,6.5,NA,6.94,6.77272727272727,2
"5",2005,1,7.68181818181818,11,7.85,6,NA,7.5,7.83333333333333,10,1,0,5,6,58,38,20,0,30,28,7.01724137931035,7.30263157894737,6.475,NA,7.03333333333333,7,3
"6",2005,2,7.21666666666667,12,7.75,6.68333333333333,7,7.6,6.94285714285714,6,6,1,5,7,70,44,26,1,35,35,7.05142857142857,7.36363636363636,6.52307692307692,7,7.11428571428571,6.98857142857143,4
"7",2005,3,7.38260869565217,23,7.4,7.33333333333333,NA,7.41666666666667,7.34545454545455,17,6,0,12,11,93,61,32,1,47,46,7.13333333333333,7.37377049180328,6.675,7,7.19148936170213,7.07391304347826,5
"8",2005,4,7.1,19,7.40833333333333,6.57142857142857,7,7.2,6.98888888888889,12,7,1,10,9,112,73,39,2,57,55,7.12767857142857,7.37945205479452,6.65641025641026,7,7.19298245614035,7.06,6
"9",2005,5,7.01923076923077,26,7.46153846153846,6.57692307692308,NA,7.1,6.90909090909091,13,13,0,15,11,138,86,52,2,72,66,7.10724637681159,7.39186046511628,6.63653846153846,7,7.17361111111111,7.03484848484848,7
"10",2005,6,7.3125,16,7.5,6,NA,7.3125,7.3125,14,2,0,8,8,154,100,54,2,80,74,7.12857142857143,7.407,6.61296296296296,7,7.1875,7.06486486486486,8
"11",2005,7,7.15,10,7.4,6.9,9,7.25,7,5,5,2,6,4,164,105,59,4,86,78,7.12987804878049,7.40666666666667,6.63728813559322,8,7.19186046511628,7.06153846153846,9
"12",2005,8,6.80769230769231,13,7.71428571428571,5.75,NA,5.6,7.5625,7,6,0,5,8,177,112,65,4,91,86,7.10621468926553,7.42589285714286,6.55538461538462,8,7.1043956043956,7.10813953488372,10
"13",2005,9,7.07894736842105,19,7.20588235294118,6,NA,7.125,7,17,2,0,12,7,196,129,67,4,103,93,7.10357142857143,7.3968992248062,6.53880597014925,8,7.10679611650485,7.1,11
"14",2005,10,7.07894736842105,19,7.25,6.6,6.5,7.08333333333333,7.07142857142857,14,5,1,12,7,215,143,72,5,115,100,7.10139534883721,7.38251748251748,6.54305555555556,7.7,7.10434782608696,7.098,12
"15",2005,11,7.4375,16,7.5,7,7,8,7.35714285714286,14,2,1,2,14,231,157,74,6,117,114,7.12467532467532,7.39299363057325,6.55540540540541,7.58333333333333,7.11965811965812,7.12982456140351,13
"16",2005,12,7.54347826086957,23,7.71875,7.14285714285714,8,8,6.95,16,7,1,13,10,254,173,81,7,130,124,7.16259842519685,7.42312138728324,6.60617283950617,7.64285714285714,7.20769230769231,7.11532258064516,14
"17",2006,1,6.84761904761905,21,7.25384615384615,6.1875,NA,6.45454545454545,7.28,13,8,0,11,10,275,186,89,7,141,134,7.13854545454545,7.41129032258065,6.5685393258427,7.64285714285714,7.14893617021277,7.12761194029851,15
"18",2006,2,7.59375,16,7.72727272727273,7.3,NA,7.9,7.08333333333333,11,5,0,10,6,291,197,94,7,151,140,7.16357388316151,7.42893401015228,6.60744680851064,7.64285714285714,7.19867549668874,7.12571428571429,16
"19",2006,3,6.93478260869565,23,7.07894736842105,6.25,NA,6.625,7.1,19,4,0,8,15,314,216,98,7,159,155,7.1468152866242,7.39814814814815,6.59285714285714,7.64285714285714,7.16981132075472,7.12322580645161,17
"20",2006,4,6.93478260869565,23,7.57692307692308,6.1,7,7,6.875,13,10,1,11,12,337,229,108,8,170,167,7.13234421364985,7.40829694323144,6.54722222222222,7.5625,7.15882352941177,7.10538922155689,18
"21",2006,5,7.01428571428571,35,7.3695652173913,6.33333333333333,7,6.94117647058824,7.08333333333333,23,12,1,17,18,372,252,120,9,187,185,7.12123655913978,7.40476190476191,6.52583333333333,7.5,7.13903743315508,7.10324324324324,19
"22",2006,6,6.985,32,7.40571428571429,6.18181818181818,NA,7.29375,6.67625,21,11,0,16,16,404,273,131,9,203,201,7.11044554455445,7.40483516483516,6.4969465648855,7.5,7.1512315270936,7.06925373134328,20
"23",2006,7,7.31,40,7.46428571428571,6.95,8.5,7.04444444444444,7.52727272727273,28,12,2,18,22,444,301,143,11,221,223,7.12842342342342,7.41036544850498,6.53496503496504,7.68181818181818,7.14253393665158,7.11443946188341,21
"24",2006,8,7.0530303030303,33,7.6195652173913,5.75,NA,7.30555555555556,6.75,23,10,0,18,15,477,324,153,11,239,238,7.12320754716981,7.42521604938272,6.48366013071895,7.68181818181818,7.15481171548117,7.09147058823529,22
"25",2006,9,7.06410256410256,39,7.01785714285714,7.18181818181818,6.5,7.18421052631579,6.95,28,11,2,19,20,516,352,164,13,258,258,7.11874031007752,7.3928125,6.53048780487805,7.5,7.15697674418605,7.08050387596899,23
"26",2006,10,7.03875,40,7.16290322580645,6.61111111111111,NA,7.02777777777778,7.04772727272727,31,9,0,18,22,556,383,173,13,276,280,7.11298561151079,7.37420365535248,6.53468208092486,7.5,7.14855072463768,7.07792857142857,24
"27",2006,11,7.24807692307692,26,7.55,6.42857142857143,NA,7.4375,7.08571428571429,19,7,0,12,14,582,402,180,13,288,294,7.1190206185567,7.38251243781095,6.53055555555556,7.5,7.16059027777778,7.07829931972789,25
"28",2006,12,6.78958333333333,48,7.23870967741935,5.97058823529412,5,7.1,6.56785714285714,31,17,2,20,28,630,433,197,15,308,322,7.09392063492063,7.37221709006928,6.48223350253807,7.16666666666667,7.15665584415584,7.03391304347826,26
"29",2007,1,7.32142857142857,70,7.32142857142857,7.32142857142857,7,7.22727272727273,7.36458333333333,56,14,2,22,48,700,489,211,17,330,370,7.11667142857143,7.36640081799591,6.53791469194313,7.14705882352941,7.16136363636364,7.07681081081081,27
"30",2007,2,7.36872023809524,42,7.57241379310345,6.91432692307692,7,7.34375,7.38408653846154,29,13,3,16,26,742,518,224,20,346,396,7.13093834231806,7.37793436293436,6.55976004464286,7.125,7.16979768786127,7.09698547979798,28
"31",2007,3,7.3825,40,7.484375,6.975,8.25,8,6.97083333333333,32,8,2,16,24,782,550,232,22,362,420,7.14380594629156,7.38412727272727,6.5740786637931,7.22727272727273,7.20649171270718,7.08977678571429,29
"32",2007,4,7.07169811320755,53,7.30540540540541,6.53125,7,7.23809523809524,6.9625,37,16,2,21,32,835,587,248,24,383,452,7.13922904191617,7.37916524701874,6.57131552419355,7.20833333333333,7.20822454308094,7.08076603982301,30
"33",2007,5,7,39,7.32142857142857,6.18181818181818,7.16666666666667,7.35294117647059,6.72727272727273,28,11,3,17,22,874,615,259,27,400,474,7.13301630434783,7.37653658536585,6.55477316602317,7.2037037037037,7.214375,7.06435917721519,31
"34",2007,6,7.11707317073171,41,7.37142857142857,6.56923076923077,7,7.27,6.97142857142857,28,13,2,20,21,915,643,272,29,420,495,7.13230191256831,7.37631415241057,6.55546415441176,7.18965517241379,7.21702380952381,7.06041666666667,32
"35",2007,7,7.10227272727273,44,7.453125,6.16666666666667,7,7.325,6.91666666666667,32,12,3,20,24,959,675,284,32,440,519,7.13092413972888,7.37995555555555,6.5390360915493,7.171875,7.22193181818182,7.05376926782274,33
"36",2007,8,6.9,41,6.97777777777778,6.75,7,6.94736842105263,6.85909090909091,27,14,4,19,22,1000,702,298,36,459,541,7.12145625,7.36448717948718,6.54894714765101,7.15277777777778,7.21056644880174,7.04585258780037,34
"37",2007,9,7.0125,36,7.125,6.7875,7,7.05,6.97058823529412,24,12,1,19,17,1036,726,310,37,478,558,7.11767012548262,7.35657024793388,6.5581814516129,7.14864864864865,7.20418410041841,7.04355958781362,35
"38",2007,10,6.96901408450704,71,7.12659574468085,6.66041666666667,6.625,7.01842105263158,6.95096153846154,47,24,4,19,52,1107,773,334,41,497,610,7.1081357271906,7.3425873221216,6.56552769461078,7.09756097560976,7.19708249496982,7.03566598360656,36
"39",2007,11,6.74426229508197,61,7.2390243902439,5.73,NA,7.10357142857143,6.43939393939394,41,20,0,28,33,1168,814,354,41,525,643,7.08913206335616,7.33737100737101,6.518322740113,7.09756097560976,7.19209523809524,7.00506415241058,37
"40",2007,12,7.1320987654321,81,7.42075471698113,6.58571428571429,6.33333333333333,7.1575,7.10731707317073,53,28,3,40,41,1249,867,382,44,565,684,7.09191853482786,7.34246828143022,6.52326243455498,7.04545454545455,7.18964601769911,7.01119334795322,38
"41",2008,1,6.9685393258427,89,7.26615384615385,6.1625,5.5,6.74324324324324,7.12884615384615,65,24,2,37,52,1338,932,406,46,602,736,7.08371169656203,7.33714592274678,6.50193657635468,6.97826086956522,7.16220930232558,7.01950577445652,39
"42",2008,2,7.07019230769231,52,7.26219512195122,6.35454545454545,NA,6.95,7.15833333333333,41,11,0,22,30,1390,973,417,46,624,766,7.0832059352518,7.33398766700925,6.49804856115108,6.97826086956522,7.15472756410256,7.02494288511749,40
"43",2008,3,7.1719298245614,57,7.54186046511628,6.03571428571429,7.5,7.04166666666667,7.26666666666667,43,14,1,24,33,1447,1016,431,47,648,799,7.08670093296475,7.34278543307087,6.4830307424594,6.98936170212766,7.15054012345679,7.03492647058824,41
"44",2008,4,7.23076923076923,52,7.48648648648649,6.6,7,7.16666666666667,7.2741935483871,37,15,4,21,31,1499,1053,446,51,669,830,7.09169863242161,7.34783475783476,6.48696468609866,6.99019607843137,7.15104633781764,7.04386295180723,42
"45",2008,5,7.10561224489796,49,7.28541666666667,6.60769230769231,NA,7.165625,7.048,36,13,0,24,25,1548,1089,459,51,693,855,7.0921390503876,7.34577134986226,6.49038398692811,6.99019607843137,7.15155122655123,7.04398391812865,43
"46",2008,6,7.06086956521739,46,7.55,6.14375,7.26666666666667,6.97619047619048,7.132,30,16,3,21,25,1594,1119,475,54,714,880,7.09123666875784,7.35124664879356,6.47870789473684,7.00555555555556,7.14639355742297,7.046484375,44
"47",2008,7,6.58114754098361,61,7.08,5.63095238095238,5.16666666666667,6.38166666666667,6.7741935483871,40,21,6,30,31,1655,1159,496,60,744,911,7.07243580060423,7.34188524590164,6.44281502016129,6.82166666666667,7.11555779569892,7.03721871569704,45
"48",2008,8,7.13742424242424,66,7.43,6.223125,6.375,7.075,7.18342105263158,50,16,4,28,38,1721,1209,512,64,772,949,7.07492809413132,7.34552936311001,6.43594970703125,6.79375,7.11408678756477,7.043072971549,46
"49",2008,9,6.84716981132075,53,7.33,6.21739130434783,6.25,6.86923076923077,6.82592592592593,30,23,8,26,27,1774,1239,535,72,798,976,7.06812359075535,7.34515334947538,6.42655373831776,6.73333333333333,7.10610902255639,7.03706582991803,47
"50",2008,10,7.04912280701754,57,7.24473684210526,6.65789473684211,6,6.90625,7.10487804878049,38,19,4,16,41,1831,1277,554,76,814,1017,7.06753208629164,7.34216523101018,6.43448781588448,6.69473684210526,7.10218058968059,7.03979965585054,48
"51",2008,11,6.98559322033898,59,7.31428571428571,6.50625,6.625,6.825,7.06794871794872,35,24,4,20,39,1890,1312,578,80,834,1056,7.0649742063492,7.34142149390244,6.43746756055364,6.69125,7.09553357314149,7.04083925189394,49
"52",2008,12,7.02150684931507,73,7.06672131147541,6.79166666666667,6.875,7.216,6.92020833333333,61,12,4,25,48,1963,1373,590,84,859,1104,7.06335774325013,7.32921704297159,6.44467161016949,6.7,7.09903958090803,7.03559442934783,50
"53",2009,1,7.05963855421687,83,7.32416666666667,6.3695652173913,6.83333333333333,7.36363636363636,6.95,60,23,3,22,61,2046,1433,613,87,881,1165,7.06320686705767,7.32900558269365,6.44185358890702,6.70459770114942,7.10564699205448,7.03111266094421,51
"54",2009,2,6.75044247787611,113,7.005,6.4622641509434,6.57142857142857,6.81896551724138,6.72678571428571,60,53,7,29,84,2159,1493,666,94,910,1249,7.04683707735062,7.31598459477562,6.44347785285286,6.69468085106383,7.09651098901099,7.01064551641313,52
"55",2009,3,7.07857142857143,70,7.59042553191489,6.03260869565217,6.5,7.234375,7.03240740740741,47,23,3,16,54,2229,1540,689,97,926,1303,7.04783366980709,7.32436038961039,6.42976233671989,6.68865979381443,7.09889308855292,7.01154739063699,53
"56",2009,4,6.77056591836735,98,7.26018518518519,6.16966954545455,5.58333333333333,6.92307935483871,6.7,54,44,6,31,67,2327,1594,733,103,957,1370,7.03615672969489,7.32218632371393,6.41414967257845,6.62427184466019,7.09319797283177,6.99631113138686,54
"57",2009,5,6.81534090909091,88,7.15277777777778,6.27941176470588,6,6.70192307692308,6.86290322580645,54,34,5,26,62,2415,1648,767,108,983,1432,7.0281104389234,7.31663531553398,6.40817693611474,6.59537037037037,7.08284889114954,6.99053509078212,55
"58",2009,6,6.89934210526316,76,7.19555555555556,6.46935483870968,6.9,6.9375,6.88571428571429,45,31,7,20,56,2491,1693,798,115,1003,1488,7.02418173825773,7.31341701122268,6.41055352130326,6.61391304347826,7.07995060817547,6.98659022177419,56
"59",2009,7,6.9958904109589,73,7.03061224489796,6.925,5,6.89130434782609,7.044,49,24,2,23,50,2564,1742,822,117,1026,1538,7.02337625195008,7.30546211251435,6.42557385644769,6.58632478632479,7.07572169590643,6.98845659947984,57
"60",2009,8,6.79913793103448,58,7.06,6.40217391304348,5.5,6.72222222222222,6.81326530612245,35,23,2,9,49,2622,1777,845,119,1035,1587,7.01841598398169,7.30062746201463,6.42493693491125,6.56806722689076,7.07264778743961,6.98304741650914,58
"61",2009,9,6.65558441558442,77,7.04038461538462,5.8552,5.71428571428571,6.67894736842105,6.64793103448276,52,25,7,19,58,2699,1829,870,126,1054,1645,7.00806473138199,7.29322854018589,6.40856518390805,6.52063492063492,7.06555072106262,6.97123176291793,59
"62",2009,10,7.16,65,7.42613636363636,6.60238095238095,6.53,7.09583333333333,7.17452830188679,44,21,5,12,53,2764,1873,891,131,1066,1698,7.01163773878437,7.2963507741591,6.41313323232323,6.52099236641221,7.06589161350844,6.97757729681979,60
"63",2009,11,6.88244680851064,94,7.20555555555556,6.2258064516129,6.8,7.11964285714286,6.78181818181818,63,31,5,28,66,2858,1936,922,136,1094,1764,7.00738863191043,7.29339617768595,6.40683482646421,6.53125,7.0672673308958,6.97025297619048,61
"64",2009,12,6.97908163265306,98,7.34916666666667,6.39473684210526,5.9375,7.15,6.92666666666667,60,38,8,23,75,2956,1996,960,144,1117,1839,7.00645017253045,7.29507264529058,6.40635594791667,6.49826388888889,7.06897086839749,6.968475394236,62
"65",2010,1,7.0283185840708,113,7.16933333333333,6.75,7.3,7.14516129032258,6.98414634146341,75,38,3,31,82,3069,2071,998,147,1148,1921,7.00725536331052,7.29051907291164,6.41944059118237,6.51462585034013,7.07102827526132,6.96914432587194,63
"66",2010,2,7.03157894736842,76,7.44150943396226,6.08695652173913,6,7.05769230769231,7.018,53,23,3,26,50,3145,2124,1021,150,1174,1971,7.00784315103339,7.29428672316384,6.41195074436827,6.50433333333333,7.07073293015332,6.970383688483,64
"67",2010,3,7.21268656716418,67,7.25595238095238,7.14,6.75,7.2,7.22023809523809,42,25,4,25,42,3212,2166,1046,154,1199,2013,7.01211603673724,7.29354339796861,6.42935153919694,6.51071428571429,7.07342824020017,6.97559674615003,65
"68",2010,4,6.96549295774648,71,7.13854166666667,6.60434782608696,5.5,7.04444444444444,6.93867924528302,48,23,3,18,53,3283,2214,1069,157,1217,2066,7.01110773987207,7.29018292682927,6.43311666043031,6.49140127388535,7.07299955628595,6.97464968538238,66
"69",2010,5,7.0844262295082,61,7.08725490196078,7.07,6.5,7.11764705882353,7.07159090909091,51,10,2,17,44,3344,2265,1079,159,1234,2110,7.01244518839713,7.28561368653421,6.43901919369787,6.49150943396226,7.07361463533225,6.97667120853081,67
"70",2010,6,7.22704918032787,61,7.49375,6.71904761904762,7,7.25,7.21315789473684,40,21,2,23,38,3405,2305,1100,161,1257,2148,7.01628978267254,7.28922559652928,6.44436519090909,6.49782608695652,7.07684205250597,6.98085486499069,68
"71",2010,7,7.02388059701493,67,7.43333333333333,6.18636363636364,5.66666666666667,7.21875,6.96274509803922,45,22,3,16,51,3472,2350,1122,164,1273,2199,7.01643626440092,7.29198510638298,6.4393063368984,6.48262195121951,7.07862565593087,6.98043485675307,69
"72",2010,8,6.89225352112676,71,7.07708333333333,6.50652173913043,6.3,6.96470588235294,6.86944444444444,48,23,5,17,54,3543,2398,1145,169,1290,2253,7.013947702512,7.28768348623853,6.44065651528384,6.47721893491124,7.0771243875969,6.97777463382157,70
"73",2010,9,6.91964285714286,56,7.32972972972973,6.12105263157895,4.5,7.11111111111111,6.82894736842105,37,19,2,18,38,3599,2435,1164,171,1308,2291,7.0124803306474,7.28832238193018,6.43543961340206,6.45409356725146,7.07759209480122,6.97530608904409,71
"74",2010,10,7.01031746031746,63,7.19891304347826,6.5,6.64285714285714,7.46739130434783,6.7475,46,17,7,23,40,3662,2481,1181,178,1331,2331,7.01244312124522,7.28666465135026,6.43636893310754,6.46151685393258,7.084327918858,6.97139693264693,72
"75",2010,11,6.715,88,7.07909090909091,6.10818181818182,7.5,6.85964285714286,6.6475,55,33,3,28,60,3750,2536,1214,181,1359,2391,7.00546312266667,7.28216285488959,6.42744786655684,6.47872928176796,7.07969864606328,6.96326902969469,73
"76",2010,12,7.10208333333333,96,7.28513513513514,6.48636363636364,6.76,7.13571428571429,7.08823529411765,74,22,5,28,68,3846,2610,1236,186,1387,2459,7.00787485959438,7.28224712643678,6.42849652912621,6.48629032258065,7.0808294592646,6.96672478649858,74
"77",2011,1,6.79157303370787,89,7.0475,6.26206896551724,6.075,6.95909090909091,6.7365671641791,60,29,8,22,67,3935,2670,1265,194,1409,2526,7.0029826454892,7.27697191011236,6.42468119367589,6.46932989690722,7.07892864442867,6.96062005146477,75
"78",2011,2,6.92612244897959,98,7.18984375,6.42970588235294,6.25,6.86192307692308,6.94930555555556,64,34,8,26,72,4033,2734,1299,202,1435,2598,7.00111497892388,7.27493233357718,6.42481270977675,6.46064356435644,7.07499683623693,6.96030648575827,76
"79",2011,3,6.82808988764045,89,7.31694915254237,5.86666666666667,6.3,6.95161290322581,6.76206896551724,59,30,5,31,58,4122,2793,1329,207,1466,2656,6.99737911450752,7.27581990691013,6.41221347629797,6.45676328502415,7.07238776261937,6.95597750376506,77
"80",2011,4,6.92407407407407,54,7.31470588235294,6.26,5.76666666666667,6.75,6.99736842105263,34,20,3,16,38,4176,2827,1349,210,1482,2694,6.99643120450192,7.27628758401132,6.40995679021498,6.44690476190476,7.06890719298246,6.95656134001485,78
"81",2011,5,6.86214285714286,70,7.12179487179487,6.53548387096774,6.125,6.91666666666667,6.84326923076923,39,31,4,18,52,4246,2866,1380,214,1500,2746,6.99421731276495,7.2741852756455,6.41277660144928,6.44088785046729,7.06708030666667,6.95441596868172,79
"82",2011,6,6.76290322580645,62,7.21136363636364,5.66666666666667,4,6.9,6.73,44,18,1,12,50,4308,2910,1398,215,1512,2796,6.99088827994429,7.273235395189,6.40317003576538,6.42953488372093,7.06575427248677,6.95040280758226,80
"83",2011,7,6.98135593220339,59,7.33552631578947,6.34047619047619,3.5,7.53846153846154,6.82391304347826,38,21,2,13,46,4367,2948,1419,217,1525,2842,6.99075949393176,7.27403833107191,6.40224221987315,6.40253456221198,7.06978390819672,6.94835547149894,81
"84",2011,8,6.91866666666667,75,7.19607843137255,6.32916666666667,6.5,7.3625,6.75727272727273,51,24,6,20,55,4442,2999,1443,223,1545,2897,6.9895422579919,7.27271257085695,6.40102682605683,6.40515695067265,7.07357311326861,6.94472773558854,82
"85",2011,9,6.79318181818182,66,6.93953488372093,6.5195652173913,5,6.7125,6.819,43,23,4,16,50,4508,3042,1466,227,1561,2947,6.98666741570541,7.26800295857988,6.40288656889495,6.38039647577093,7.06987217168482,6.94259458771632,83
"86",2011,10,7.12727272727273,55,7.245,6.81333333333333,NA,6.9125,7.18720930232558,40,15,0,12,43,4563,3082,1481,227,1573,2990,6.98836219811527,7.26770441271901,6.40704369345037,6.38039647577093,7.06867162110616,6.94611245819398,84
"87",2011,11,7.02794117647059,68,7.34285714285714,6.51923076923077,6.58333333333333,7.02666666666667,7.02830188679245,42,26,6,15,53,4631,3124,1507,233,1588,3043,6.98894336212481,7.26871478873239,6.40897923689449,6.38562231759657,7.0682748488665,6.94754395333552,85
"88",2011,12,6.79466666666667,75,7.12692307692308,6.04347826086957,5.5,7.055,6.7,52,23,1,20,55,4706,3176,1530,234,1608,3098,6.98584715469613,7.26639326196474,6.40348477777778,6.38183760683761,7.06810973880597,6.94314920916721,86
"89",2012,1,6.99619047619048,105,7.4,6.31282051282051,6.07142857142857,7.28055555555556,6.84782608695652,66,39,7,36,69,4811,3242,1569,241,1644,3167,6.9860728975265,7.26911320172733,6.40123117272148,6.37282157676349,7.07276183698297,6.94107238711715,87
"90",2012,2,6.97364864864865,74,7.2,6.47173913043478,6.79166666666667,7.09090909090909,6.92403846153846,51,23,6,22,52,4885,3293,1592,247,1666,3219,6.98588468986694,7.268042818099,6.4022498178392,6.382995951417,7.07300147659064,6.94079721963343,88
"91",2012,3,7.04923076923077,65,7.37111111111111,6.325,6.66666666666667,7.34666666666667,6.96,45,20,3,15,50,4950,3338,1612,250,1681,3269,6.98671650707071,7.2694322947873,6.40129138337469,6.3864,7.07544346222487,6.941090929948,89
"92",2012,4,6.78396226415094,53,7.040625,6.39285714285714,6.3,7.11111111111111,6.71704545454545,32,21,5,9,44,5003,3370,1633,255,1690,3313,6.9845686008395,7.26725964391691,6.40118292100429,6.38470588235294,7.07563340828402,6.93811537881075,90
"93",2012,5,7.03272727272727,55,7.23658536585366,6.43571428571429,7.5,7.25,7.00612244897959,41,14,1,6,49,5058,3411,1647,256,1696,3362,6.98509227164887,7.266890941073,6.40147644808744,6.3890625,7.07625027122641,6.93910655859607,91
"94",2012,6,6.88163265306122,49,7.39230769230769,6.30434782608696,6.8,7.11111111111111,6.83,26,23,5,9,40,5107,3437,1670,261,1705,3402,6.98409961033875,7.26783968577248,6.400138748503,6.39693486590038,7.07643428739003,6.93782370664315,92
"95",2012,7,7.07209677419355,62,7.15714285714286,6.96185185185185,6.9375,7.21875,7.02108695652174,35,27,8,16,46,5169,3472,1697,269,1721,3448,6.98515509963242,7.26672379032258,6.4090758456099,6.41301115241636,7.07775738524114,6.93893452726218,93
"96",2012,8,6.82121212121212,66,7.12439024390244,6.324,6.025,6.8,6.82978723404255,41,25,4,19,47,5235,3513,1722,273,1740,3495,6.98308819675263,7.26506262453743,6.40784071428572,6.40732600732601,7.07472440229885,6.93746673819743,94
"97",2012,9,7.13240740740741,54,7.63166666666667,6.50833333333333,7.425,7.12142857142857,7.13625,30,24,4,14,40,5289,3543,1746,277,1754,3535,6.98461272641331,7.26816680779001,6.4092220561283,6.42202166064982,7.07509718358039,6.93971605374823,95
"98",2012,10,6.90714285714286,84,7.28269230769231,6.296875,5.5,6.70769230769231,6.94366197183099,52,32,4,13,71,5373,3595,1778,281,1767,3606,6.98340158384515,7.2683769123783,6.40720006186727,6.40889679715302,7.07239414827391,6.93979374653356,96
"99",2012,11,6.78939393939394,66,7.3,6.13793103448276,5,7.18181818181818,6.71090909090909,37,29,1,11,55,5439,3632,1807,282,1778,3661,6.98104738187167,7.26869906387665,6.4028786441616,6.40390070921986,7.07307112485939,6.9363551625239,97
"100",2012,12,7.04294117647059,85,7.44508196721311,6.02083333333333,6,6.99318181818182,7.06031746031746,61,24,3,22,63,5524,3693,1831,285,1800,3724,6.98199976647357,7.27161251015435,6.39787095030039,6.39964912280702,7.0720947,6.93845226906552,98
"101",2013,1,7.01063829787234,94,7.31060606060606,6.30357142857143,6.5,7.405,6.90405405405405,66,28,4,20,74,5618,3759,1859,289,1820,3798,6.98247894446422,7.27229715349827,6.3964506239914,6.40103806228374,7.075753,6.93778205634545,99
"102",2013,2,6.88194444444444,72,7.20777777777778,6.33888888888889,6.28571428571429,7.15,6.83870967741935,45,27,7,10,62,5690,3804,1886,296,1830,3860,6.98120680316344,7.27153391167192,6.39562656945918,6.39831081081081,7.07615872131148,6.93619073834197,100
"103",2013,3,6.98641975308642,81,7.15983606557377,6.4575,6.62857142857143,7.2,6.93787878787879,61,20,7,15,66,5771,3865,1906,303,1845,3926,6.98127997054237,7.26977102199224,6.396275818468,6.4036303630363,7.07716556097561,6.93621911614875,101
"104",2013,4,6.75390625,64,7.2125,5.98958333333333,5.95833333333333,6.75,6.75490196078431,40,24,6,13,51,5835,3905,1930,309,1858,3977,6.97878606855184,7.26918437900128,6.39121850259068,6.39498381877023,7.07487645855759,6.93389395272819,102
"105",2013,5,6.99622950819672,61,7.25194444444444,6.628,6.6,7.09210526315789,6.95285714285714,36,25,5,19,42,5896,3941,1955,314,1877,4019,6.97896653833107,7.26902689672672,6.39424639897699,6.39824840764331,7.07505085775173,6.93409212490669,103
"106",2013,6,7.14657534246575,73,7.47142857142857,6.48333333333333,6.375,7.07826086956522,7.178,49,24,4,23,50,5969,3990,1979,318,1900,4069,6.98101636957614,7.27151253132832,6.39532678625569,6.39795597484277,7.07508971578947,6.93708927254854,104
"107",2013,7,7.25584415584416,77,7.58,6.44545454545455,6.625,7.25294117647059,7.25666666666667,55,22,4,17,60,6046,4045,2001,322,1917,4129,6.98451649189547,7.27570704573548,6.39587791604198,6.40077639751553,7.07666690662494,6.94173316783725,105
"108",2013,8,7.07878787878788,66,7.13617021276596,6.93684210526316,6.98,7.78461538461538,6.90566037735849,47,19,5,13,53,6112,4092,2020,327,1930,4182,6.98553447480366,7.27410434995112,6.40096619306931,6.40963302752294,7.08143547150259,6.94127600430416,106
"109",2013,9,7.11866666666667,75,7.11,7.136,8,7.2,7.09833333333333,50,25,3,15,60,6187,4142,2045,330,1945,4242,6.98714832875384,7.27212337035249,6.40995193643032,6.42409090909091,7.08234985089974,6.94349746581801,107
"110",2013,10,6.77972972972973,74,7.1469387755102,6.06,5.25,6.76923076923077,6.78196721311475,49,25,6,13,61,6261,4191,2070,336,1958,4303,6.98469680721929,7.27065974707707,6.40572546376812,6.403125,7.08027091930541,6.94120758772949,108
"111",2013,11,7.07828282828283,99,7.16824324324324,6.812,5.08333333333333,7.13333333333333,7.06845238095238,74,25,6,15,84,6360,4265,2095,342,1973,4387,6.98615357075472,7.26888276670575,6.41057360859189,6.37997076023392,7.08067433350228,6.94364400501482,109
"112",2013,12,7.12990654205607,107,7.34418604651163,6.25238095238095,6.65,7.05882352941176,7.14333333333333,86,21,2,17,90,6467,4351,2116,344,1990,4477,6.9885320411319,7.2703711790393,6.4090036436673,6.38154069767442,7.08048766834171,6.94765830913558,110
"113",2014,1,7.08079470198675,151,7.35330188679245,6.43888888888889,6.25,7.104,7.07619047619048,106,45,6,25,126,6618,4457,2161,350,2015,4603,6.99063715775158,7.27234350459951,6.4096259648311,6.37928571428572,7.08077938461539,6.95117667825332,111
"114",2014,2,7.10539682539683,126,7.28956043956044,6.62657142857143,6.28571428571429,6.79310344827586,7.19876288659794,91,35,7,29,97,6744,4548,2196,357,2044,4700,6.9927812440688,7.27268799472296,6.41308365664845,6.37745098039216,7.07669787671233,6.95628643617022,112
"115",2014,3,7.17926229508197,122,7.35681318681319,6.65806451612903,6.75,7.21363636363636,7.1717,91,31,10,22,100,6866,4639,2227,367,2066,4800,6.99609477279347,7.27433821944385,6.4164938078132,6.38760217983651,7.07815607938045,6.96077421875,113
"116",2014,4,6.99747747747748,111,7.17784810126582,6.5521875,6.5,6.75,7.05865168539326,79,32,8,22,89,6977,4718,2259,375,2088,4889,6.9961167708184,7.27272255192879,6.41841598494909,6.39,7.07469849616858,6.96255599304562,114
"117",2014,5,7.00629310344828,116,7.31625,6.03214285714286,4.5,6.885,7.02857142857143,88,28,2,18,98,7093,4806,2287,377,2106,4987,6.99628319610884,7.27351955888473,6.4136867993004,6.37997347480106,7.07307714150048,6.9638532684981,115
"118",2014,6,7.17184466019417,103,7.41891891891892,6.54137931034483,6.625,7.64736842105263,7.06428571428571,74,29,4,19,84,7196,4880,2316,381,2125,5071,6.99879609644247,7.2757243852459,6.41528571243524,6.38254593175853,7.07821198117647,6.96551690987971,116
"119",2014,7,7.3719696969697,132,7.57029702970297,6.7258064516129,6.42857142857143,7.03571428571429,7.4625,101,31,7,28,104,7328,4981,2347,388,2153,5175,7.00551810998908,7.28169745031118,6.41938717937793,6.38337628865979,7.07765929400836,6.97550458937198,117
"120",2014,8,7.07090909090909,143,7.15779816513761,6.79235294117647,6.3625,6.96035714285714,7.09782608695652,109,34,8,28,115,7471,5090,2381,396,2181,5290,7.00676973765225,7.2790442043222,6.42471302393952,6.38295454545455,7.07615335167355,6.97816375236295,118
"121",2014,9,7.19754237288136,118,7.45582278481013,6.67435897435897,6.1,7.36944444444444,7.1666,79,39,5,18,100,7589,5169,2420,401,2199,5390,7.00973602714455,7.28174598568389,6.42873624380166,6.37942643391521,7.07855409731696,6.98165978664193,119
"122",2014,10,7.1385593220339,118,7.26397849462366,6.672,6.725,7.05555555555556,7.16318681318681,93,25,8,27,91,7707,5262,2445,409,2226,5481,7.01170840923835,7.28143196503231,6.43122360327199,6.38618581907091,7.07827513926325,6.9846736453202,120
"123",2014,11,6.9176,125,7.24127906976744,6.20384615384615,6.355,6.772,6.954,86,39,10,25,100,7832,5348,2484,419,2251,5581,7.01020642364658,7.28078627524308,6.42765366747182,6.3854415274463,7.07487359395824,6.98412403691095,121
"124",2014,12,7.12776470588235,170,7.35,6.38128205128205,6.4375,7.60689655172414,7.02921985815603,131,39,8,29,141,8002,5479,2523,427,2280,5722,7.0127039127718,7.28244113889396,6.42693686484344,6.3864168618267,7.08164055263158,6.98523527612723,122
"125",2015,1,7.19928110599078,217,7.38087272727273,6.62307692307692,6.55555555555556,7.13428571428571,7.21178021978022,165,52,9,35,182,8219,5644,2575,436,2315,5904,7.01762996836598,7.28531874557052,6.43089775145631,6.38990825688074,7.0824364838013,6.99221887703252,123
"126",2015,2,7.11476510067114,149,7.27964601769911,6.59722222222222,6.65454545454545,7.47142857142857,7.03223140495868,113,36,11,28,121,8368,5757,2611,447,2343,6025,7.01935954947418,7.28520739968734,6.43319100344696,6.39642058165548,7.08708513017499,6.99302244813278,124
"127",2015,3,7.16691729323308,133,7.390625,6.58648648648649,6.5625,6.88684210526316,7.21359649122807,96,37,8,19,114,8501,5853,2648,455,2362,6139,7.02166812257381,7.28693644284982,6.43533297205438,6.39934065934066,7.08547436917866,6.99711846391921,125
"128",2015,4,7.18055555555556,126,7.26329787234043,6.9375,6.875,7.24074074074074,7.16414141414141,94,32,4,27,99,8627,5947,2680,459,2389,6238,7.02398872261504,7.28656280477552,6.44132899626866,6.40348583877996,7.08722915864378,6.99976919685797,126
"129",2015,5,7.12851239669421,121,7.43231707317073,6.48974358974359,6.41428571428571,7.34090909090909,7.08131313131313,82,39,7,22,99,8748,6029,2719,466,2411,6337,7.02543446616369,7.28854519820866,6.44202343140861,6.40364806866953,7.08954394856906,7.00104311977277,127
"130",2015,6,7.01662162162162,148,7.30433962264151,6.29047619047619,6,6.76642857142857,7.075,106,42,8,28,120,8896,6135,2761,474,2439,6457,7.02528784959532,7.28881809290954,6.43971811300254,6.39683544303798,7.08583454694547,7.00241757007899,128
"131",2015,7,7.02720588235294,136,7.22095238095238,6.37096774193548,6.625,7.224,6.98288288288288,105,31,8,25,111,9032,6240,2792,482,2464,6568,7.02531673051373,7.28767612179487,6.43895476719198,6.40062240663901,7.08723638798701,7.002087431486,129
"132",2015,8,7.07452830188679,159,7.31752136752137,6.39761904761905,6.125,7.00606060606061,7.09246031746032,117,42,8,33,126,9191,6357,2834,490,2497,6694,7.0261680676749,7.28822542079597,6.43834217007763,6.39612244897959,7.08616358029635,7.00378850463102,130
"133",2015,9,6.98344594594595,148,7.12477477477477,6.55945945945946,6.58333333333333,6.79166666666667,7.03220338983051,111,37,6,30,118,9339,6468,2871,496,2527,6812,7.02549102794732,7.28542037724181,6.43990306861721,6.3983870967742,7.08266737633557,7.00428071785086,131
"134",2015,10,7.21099337748344,151,7.4679674796748,6.08214285714286,5.9,7.68304347826087,7.126171875,123,28,5,23,128,9490,6591,2899,501,2550,6940,7.0284426459431,7.28882703686846,6.43644764056571,6.3934131736527,7.08808253333333,7.00652885446686,132
"135",2015,11,7.03375,176,7.38065573770492,6.25,5.75,7.08333333333333,7.02230769230769,122,54,12,33,143,9666,6713,2953,513,2583,7083,7.028539283054,7.29049590347088,6.43303816796478,6.37836257309942,7.0880218583043,7.00684741634901,133
"136",2015,12,7.03465437788018,217,7.16239520958084,6.608,6.49411764705882,7.01105263157895,7.03966480446927,167,50,17,38,179,9883,6880,3003,530,2621,7262,7.02867355155317,7.28738648255814,6.43595128538129,6.38207547169811,7.08690593666539,7.007656327458,134
"137",2016,1,7.11687224669604,227,7.28869565217391,6.69772727272727,7.08333333333333,7.22142857142857,7.0978125,161,66,12,35,192,10110,7041,3069,542,2656,7454,7.03065387833828,7.28741641812243,6.44158087650701,6.39760147601476,7.08867863704819,7.0099785685538,135
"138",2016,2,7.13450657894737,152,7.33635964912281,6.52894736842105,6.35714285714286,7.09545454545455,7.14111538461538,114,38,7,22,130,10262,7155,3107,549,2678,7584,7.03219213701033,7.2881962264151,6.44264940778887,6.39708561020037,7.0887343017177,7.01222643064346,136
"139",2016,3,7.11665384615385,156,7.2075462184874,6.82432432432432,6.64285714285714,7.2625,7.07901612903226,119,37,7,32,124,10418,7274,3144,556,2710,7708,7.03345687368017,7.28687682155623,6.44714112913486,6.40017985611511,7.09078614760147,7.01330088868708,137
"140",2016,4,6.94986413043478,184,7.279,6.25254237288136,6.5,6.7425,6.99025974025974,125,59,12,30,154,10602,7399,3203,568,2740,7862,7.03200610356536,7.28674374915529,6.44355657508586,6.40228873239437,7.08697279562044,7.01284956118037,138
"141",2016,5,7.01675,160,7.26353982300885,6.42340425531915,6.5,7.298,6.96466666666667,113,47,9,25,135,10762,7512,3250,577,2765,7997,7.03177928916558,7.28639470181044,6.44326514153846,6.40381282495667,7.08888081735985,7.01203616981369,139
"142",2016,6,7.09972352941177,170,7.32357851239669,6.5469387755102,5.92222222222222,7.28846153846154,7.06564583333333,121,49,9,26,144,10932,7633,3299,586,2791,8141,7.03283586809367,7.28698414777938,6.44480500454683,6.39641638225256,7.09074004299534,7.01298443065963,140
"143",2016,7,7.04324324324324,148,7.37650602409639,6.61769230769231,6.73076923076923,7.32631578947368,7.0015503875969,83,65,13,19,129,11080,7716,3364,599,2810,8270,7.032974883574,7.28794712286159,6.44814557372176,6.40367278797997,7.09233290391459,7.01280607617896,141
"144",2016,8,7.09640718562874,167,7.41814516129032,6.16860465116279,5.90625,7.67826086956522,7.00347222222222,124,43,8,23,144,11247,7840,3407,607,2833,8414,7.03391675202276,7.29000637755102,6.44461746697975,6.39711696869852,7.09708981997882,7.0126463334918,142
"145",2016,9,6.98682389937107,159,7.19558035714286,6.48936170212766,6.125,6.92037037037037,7.00041666666667,112,47,8,27,132,11406,7952,3454,615,2860,8546,7.03326027617043,7.28867643360161,6.44522632020846,6.39357723577236,7.09542148951049,7.01245743622748,143
"146",2016,10,7.12333898305085,177,7.40950420168067,6.53620689655172,6.45454545454545,7.13461538461539,7.12139735099338,119,58,11,26,151,11583,8071,3512,626,2886,8697,7.03463677026677,7.2904579358196,6.44672884681094,6.39464856230032,7.09577458766459,7.01434888467288,144
"147",2016,11,7.06360655737705,183,7.21654411764706,6.62106382978723,6.65,6.94038461538462,7.0840127388535,136,47,8,26,157,11766,8207,3559,634,2912,8854,7.03508734574197,7.2892330937005,6.44903110705254,6.39787066246057,7.0943871771978,7.01558417099616,145
"148",2016,12,6.93814814814815,189,7.22797101449275,6.15392156862745,5.78571428571429,7.06333333333333,6.91452830188679,138,51,7,30,159,11955,8345,3610,641,2942,9013,7.03355480635717,7.28822001198322,6.44486196952909,6.3911856474259,7.09407051665534,7.01380142571841,146
"149",2017,1,7.15765853658537,205,7.23,6.93921568627451,6.5,7.11103448275862,7.16534090909091,154,51,10,29,176,12160,8499,3661,651,2971,9189,7.035647015625,7.2871650782445,6.45174862332696,6.39285714285715,7.09423610232245,7.01670391228643,147
"150",2017,2,6.97635802469136,162,7.36787610619469,6.0734693877551,5.31818181818182,6.89285714285714,6.98879432624113,113,49,11,21,141,12322,8612,3710,662,2992,9330,7.03486753043337,7.28822410589875,6.44675248247979,6.375,7.09282268048128,7.01628212754556,148
"151",2017,3,7.06841379310345,145,7.35403846153846,6.34390243902439,6.42857142857143,7.146,7.05225,104,41,7,25,120,12467,8716,3751,669,3017,9450,7.0352576971204,7.28900940798531,6.44562828845641,6.37556053811659,7.09326332780908,7.01673886243387,149
"152",2017,4,7.11979166666667,144,7.29681818181818,6.54705882352941,6.56,7.12083333333333,7.11958333333333,110,34,5,24,120,12611,8826,3785,674,3041,9570,7.03622295694235,7.28910673011557,6.44653942140026,6.37692878338279,7.09348091417297,7.01802844827587,150
"153",2017,5,7.0647005988024,167,7.24576576576577,6.70580357142857,7.17,7.225,7.03241007194245,111,56,10,28,139,12778,8937,3841,684,3069,9709,7.03659514086711,7.2885684234083,6.45031937255923,6.38852339181287,7.09468082763115,7.01823434442271,151
"154",2017,6,7.06550387596899,129,7.27634408602151,6.52083333333333,6.4,7.15333333333333,7.03888888888889,93,36,5,30,99,12907,9030,3877,689,3099,9808,7.0368840714341,7.28844252491694,6.45097413206087,6.38860667634253,7.09524861568248,7.01844282728386,152
"155",2017,7,6.93048780487805,164,7.21238938053097,6.30588235294118,6.18181818181818,7.03,6.91258992805755,113,51,11,25,139,13071,9143,3928,700,3124,9947,7.03554913243057,7.28750257027234,6.44909030295316,6.38535714285715,7.09472645966709,7.01696363225094,153
"156",2017,8,7.05172413793103,145,7.43168316831683,6.17954545454545,5.83333333333333,7.09714285714286,7.03727272727273,101,44,6,35,110,13216,9244,3972,706,3159,10057,7.03572659730629,7.28907788836002,6.44610440835851,6.38066572237961,7.09475323203545,7.01718576613305,154
"157",2017,9,6.91388888888889,144,7.23483146067416,6.39454545454545,5.66666666666667,7.2,6.86774193548387,89,55,6,20,124,13360,9333,4027,712,3179,10181,7.034413376497,7.28856059144969,6.44540022597467,6.3746488764045,7.09541536961309,7.01536560750418,155
"158",2017,10,6.98967105263158,152,7.23444444444444,6.53245283018868,6.45833333333333,7.06916666666667,6.974765625,99,53,12,24,128,13512,9432,4080,724,3203,10309,7.03391005846655,7.28799257845632,6.44653105637255,6.37603591160221,7.09521868872932,7.01486150451063,156
"159",2017,11,7.05376404494382,178,7.23213114754098,6.66517857142857,6.3125,7.24259259259259,7.02,122,56,8,27,151,13690,9554,4136,732,3230,10460,7.03416820379839,7.2872792547624,6.44949146760155,6.37534153005465,7.09645060681115,7.01493568355641,157
"160",2017,12,7.13416666666667,216,7.35519480519481,6.58516129032258,6.69846153846154,7.33333333333333,7.09433333333333,154,62,13,36,180,13906,9708,4198,745,3266,10640,7.03572146627355,7.2883566131026,6.45149516674607,6.38097986577181,7.09906168401715,7.01627887687971,158
"161",2018,1,7.1534,220,7.38852229299363,6.56746031746032,6.75,6.98461538461538,7.1760206185567,157,63,8,26,194,14126,9865,4261,753,3292,10834,7.03755420571995,7.28995073492144,6.45320974184464,6.38490039840638,7.09815779465371,7.0191393068119,159
"162",2018,2,7.11687074829932,147,7.32429906542056,6.562,5.94444444444444,7.14740740740741,7.11,107,40,9,27,120,14273,9972,4301,762,3319,10954,7.03837109997898,7.29031929402327,6.45422150895141,6.37969816272966,7.09855843928894,7.02013467683039,160
"163",2018,3,7.10021739130435,138,7.30034090909091,6.748,6.04166666666667,7.56153846153846,6.993125,88,50,12,26,112,14411,10060,4351,774,3345,11066,7.03896334119769,7.2904069582505,6.4575974971271,6.37445736434109,7.10215708819133,7.01986130941624,161
"164",2018,4,7.33226277372263,137,7.55385416666667,6.81341463414634,7.16666666666667,7.53636363636364,7.29321739130435,96,41,6,22,115,14548,10156,4392,780,3367,11181,7.04172537187242,7.29289720362347,6.46091910519126,6.38055128205128,7.10499419661419,7.02267286020929,162
"165",2018,5,7.0178431372549,102,7.16647887323944,6.67741935483871,5,7.23,6.99478260869565,71,31,1,10,92,14650,10227,4423,781,3377,11273,7.04155909283276,7.29201955607705,6.46243651593941,6.37878361075544,7.10536436482085,7.02244524527633,163
"166",2018,6,7.19730844827586,116,7.41875341463415,6.66323529411765,6.25,7.44642857142857,7.11804295454545,82,34,4,28,88,14766,10309,4457,785,3405,11361,7.04278264187999,7.29302762440586,6.46396829930447,6.37812738853503,7.10816900440528,7.02318572572838,164
"167",2018,7,7.12229887931035,116,7.43069962962963,6.40857142857143,6.53333333333333,7.11363636363636,7.12432627659574,81,35,6,22,94,14882,10390,4492,791,3427,11455,7.04340244322,7.29410090952839,6.46353666740873,6.37930467762326,7.10820410271374,7.02401568747273,165
"168",2018,8,7.14772727272727,132,7.37608695652174,6.6225,6.5,7.52903225806452,7.03069306930693,92,40,6,31,101,15014,10482,4532,797,3458,11556,7.04431964566405,7.29482049704255,6.46493969770521,6.38021329987453,7.11197670908039,7.02407404811354,166
"169",2018,9,7.24980198019802,101,7.50185714285714,6.68064516129032,6.63333333333333,7.12307692307692,7.26852272727273,70,31,3,13,88,15115,10552,4563,800,3471,11644,7.04569269996692,7.29619393953753,6.46640515231208,6.3811625,7.11201828291558,7.02592147887325,167
"170",2018,10,7.11454545454545,143,7.215,6.88093023255814,6.69090909090909,6.9,7.14741935483871,100,43,11,19,124,15258,10652,4606,811,3490,11768,7.04633799711627,7.29543169827263,6.47027501302649,6.38536374845869,7.11086402865329,7.02720170802176,168
"171",2018,11,7.05859649122807,114,7.40115942028986,6.53333333333333,6.66666666666667,7.5,6.95304347826087,69,45,9,22,92,15372,10721,4651,820,3512,11860,7.04642890710382,7.29611215838075,6.47088512362933,6.3884512195122,7.11330166856492,7.02662645025296,169
"172",2018,12,7.159114609375,128,7.37851855555556,6.63947368421053,6.375,7.1125,7.16577383928571,90,38,8,16,112,15500,10811,4689,828,3528,11972,7.04735947290323,7.29679817963186,6.47225137769247,6.38832125603865,7.11329803287982,7.02792819662547,170
"173",2019,1,7.097,160,7.28495495495496,6.67122448979592,6.62666666666667,6.9808,7.11851851851852,111,49,12,25,135,15660,10922,4738,840,3553,12107,7.04786665581098,7.29667781724959,6.47430914098776,6.39172619047619,7.11236573599775,7.02893833071777,171
"174",2019,2,6.98552631578947,114,7.15337078651685,6.388,5.5,7.075,6.96648936170213,89,25,6,20,94,15774,11011,4763,846,3573,12201,7.04741611702802,7.29551949141768,6.4738561221919,6.38540189125296,7.11215657990484,7.02845720596673,172
"175",2019,3,7.07313285714286,133,7.32884357142857,6.35714285714286,6.5,7.59833333333333,6.92016184466019,98,35,8,30,103,15907,11109,4798,854,3603,12304,7.04763113723518,7.29581346565848,6.47300473322218,6.38647540983607,7.1162046794338,7.02755063719117,173
"176",2019,4,6.98261904761905,126,7.16967391304348,6.47647058823529,6.52857142857143,7.22352941176471,6.94504587155963,92,34,7,17,109,16033,11201,4832,861,3620,12413,7.04712022079461,7.29477741183823,6.47302912044702,6.38763066202091,7.11670869060773,7.02682615322646,174
"177",2019,5,6.99228070175439,114,7.24835443037975,6.41428571428571,6.3125,7.55111111111111,6.8875,79,35,8,18,96,16147,11280,4867,869,3638,12509,7.04673304638633,7.29445228634752,6.47260667967947,6.38693901035673,7.11885801539307,7.02575689823328,175
"178",2019,6,7.09549180327869,122,7.3925,6.52976190476191,6.03333333333333,7.54545454545455,7.0509009009009,80,42,6,11,111,16269,11360,4909,875,3649,12620,7.04709868461491,7.29514276320423,6.47309568343858,6.38451428571429,7.12014400109619,7.02597805388273,176
"179",2019,7,7.15309523809524,126,7.34058139534884,6.75,6.33333333333333,7.4952380952381,7.08466666666667,86,40,3,21,105,16395,11446,4949,878,3670,12725,7.04791329673681,7.29548416826839,6.47533374621136,6.38433940774488,7.12229031607629,7.02646232141454,177
"180",2019,8,7.1589932885906,149,7.39336956521739,6.78070175438596,5.5,7.59565217391304,7.07928571428571,92,57,9,23,126,16544,11538,5006,887,3693,12851,7.04891371494197,7.2962646723869,6.47881076907711,6.37536640360767,7.12523841321419,7.02698023811377,178
"181",2019,9,7.2215625,128,7.43835294117647,6.79302325581395,5.91666666666667,7.6075,7.18163793103448,85,43,6,12,116,16672,11623,5049,893,3705,12967,7.0502392334453,7.29730377613353,6.48148677163795,6.37228443449048,7.12680039406208,7.02836377265367,179
"182",2019,10,7.05986614173228,127,7.357375,6.55346808510638,6.45714285714286,6.92294117647059,7.08102727272727,80,47,7,17,110,16799,11703,5096,900,3722,13077,7.0503120126198,7.29771441425276,6.48215064952904,6.37294444444445,7.12586927995701,7.02880676301905,180
"183",2019,11,7.32948201438849,139,7.54385714285714,6.81707317073171,6.5,7.79,7.27377419354839,98,41,6,15,124,16938,11801,5137,906,3737,13201,7.05260299326957,7.29975847724769,6.48482377068328,6.37378587196468,7.12853504415306,7.03110779789411,181
"184",2019,12,7.09581151832461,191,7.38134920634921,6.54230769230769,6.78571428571429,6.96451612903226,7.12125,126,65,7,31,160,17129,11927,5202,913,3768,13361,7.05308479771148,7.30062042340907,6.48554204344483,6.37694414019715,7.12718563163482,7.03218726442632,182
"185",2020,1,7.23255785123967,242,7.43618452380952,6.77027027027027,5.7,7.31168571428571,7.21917874396135,168,74,10,35,207,17371,12095,5276,923,3803,13568,7.05558508433596,7.30250341380736,6.48953557808946,6.36960996749729,7.12888363397318,7.03504009728774,183
"186",2020,2,7.17922601036269,193,7.49312984375,6.56107692307692,5.6875,7.27777777777778,7.16908925714286,128,65,8,18,175,17564,12223,5341,931,3821,13743,7.05694369847415,7.30449966538493,6.4904062366598,6.36374865735768,7.12958504579953,7.0367470464964,184
"187",2020,3,7.0968115942029,138,7.3967032967033,6.51617021276596,6.45,7.02058823529412,7.10752066115703,91,47,6,17,121,17702,12314,5388,937,3838,13864,7.05725449779686,7.30518104677603,6.49063097809948,6.36430096051227,7.12910225638353,7.03736473312176,185
"188",2020,4,7.1547475,132,7.23615945652174,6.9675,7.08333333333333,7.26666666666667,7.14039888888889,92,40,6,15,117,17834,12406,5428,943,3853,13981,7.05797610126724,7.30466919877479,6.49414511974945,6.36887592788972,7.12963780430833,7.03822697446535,186
"189",2020,5,7.20923076923077,130,7.26275510204082,7.0453125,6.60714285714286,7.906,7.04333333333333,98,32,7,25,105,17964,12504,5460,950,3878,14086,7.05907068525941,7.30434069737684,6.4973754047619,6.37063157894737,7.13464271789582,7.03826503833594,187
"190",2020,6,7.00103092783505,97,7.325,6.59418604651163,6.07142857142857,7.26923076923077,6.95952380952381,54,43,7,13,84,18061,12558,5503,957,3891,14170,7.05875897181773,7.30442953336519,6.49813187534072,6.36844305120167,7.13509238242097,7.03779825899789,188
"191",2020,7,7.03870967741936,124,7.15368421052632,6.66206896551724,5.75,7.6,6.98947368421053,95,29,4,10,114,18185,12653,5532,961,3901,14284,7.05862225955458,7.3032977222793,6.49899127078814,6.36586888657648,7.13628414765445,7.03741258260992,189
"192",2020,8,7.08082191780822,146,7.30309278350515,6.64081632653061,6.33333333333333,7.07619047619048,7.0816,97,49,12,21,125,18331,12750,5581,973,3922,14409,7.05879907206372,7.30329616313726,6.50023646479126,6.36546762589928,7.13596238143804,7.03779591435909,190
"193",2020,9,7.0304,125,7.37564102564103,6.45744680851064,6.3,6.98666666666667,7.03636363636364,78,47,10,15,110,18456,12828,5628,983,3937,14519,7.05860672897703,7.30373605238541,6.49987912402274,6.3648016276704,7.13539356362713,7.03778506302088,191
"194",2020,10,7.07041666666667,120,7.2775641025641,6.68571428571429,6.0625,7.23571428571429,7.04858490566038,78,42,8,14,106,18576,12906,5670,991,3951,14625,7.05868302056417,7.30357787695645,6.50125568077602,6.36236125126135,7.13574904074917,7.03786333880343,192
"195",2020,11,7.09895604395604,182,7.4168,6.4019298245614,5.85875,6.88947368421053,7.12337423312883,125,57,8,19,163,18758,13031,5727,999,3970,14788,7.05907377065785,7.304663961323,6.50026710494151,6.35832832832833,7.1345703929471,7.03880587841494,193
"196",2020,12,7.17471280254777,157,7.45740991071429,6.47111111111111,6.8125,7.50222222222222,7.10669161538462,112,45,8,27,130,18915,13143,5772,1007,3997,14918,7.06003360824742,7.30596560830861,6.5000397972973,6.3619364448858,7.13705390542907,7.03939745542298,194
"197",2021,1,6.90187283505155,194,7.18102561538462,6.33484375,6.34444444444444,7.2962962962963,6.83810377245509,130,64,9,27,167,19109,13273,5836,1016,4024,15085,7.05842791511853,7.30474190612522,6.49822818882797,6.36178149606299,7.1381223807157,7.03716901358966,195
"198",2021,2,7.08397790055249,181,7.28362831858407,6.75220588235294,6.325,7.072,7.08589743589744,113,68,8,25,156,19290,13386,5904,1024,4049,15241,7.05866765318818,7.30456367249365,6.50115340616531,6.361494140625,7.13771411706594,7.03766777573651,196
"199",2021,3,6.85849623595506,178,7.19668824074074,6.33671428571429,5.6875,7.36042857142857,6.79135878980892,108,70,8,21,157,19468,13494,5974,1032,4070,15398,7.05683744401068,7.30370028531199,6.49922660026783,6.35626937984496,7.13886325798526,7.03515637745162,197
"200",2021,4,6.8219512195122,164,7.24382716049383,6.41024096385542,5.875,6.6875,6.840625,81,83,4,20,144,19632,13575,6057,1036,4090,15542,7.05487527302363,7.30334303130755,6.49800721644379,6.3544111969112,7.13665610268948,7.03335400205894,198
"201",2021,5,6.97091836734694,196,7.2771186440678,6.50769230769231,6.625,6.59130434782609,7.02138728323699,118,78,8,23,173,19828,13693,6135,1044,4113,15715,7.05404535807948,7.30311704155408,6.49813035207824,6.3564846743295,7.1336064818867,7.03322226535158,199
"202",2021,6,7.11295774647887,142,7.32722222222222,6.74211538461538,6.08333333333333,7.25,7.09555555555556,90,52,6,16,126,19970,13783,6187,1050,4129,15841,7.05446426439659,7.30327444315461,6.5001809778568,6.35492380952381,7.13405751029305,7.03371806704123,200
"203",2021,7,7.03486486486486,148,7.32829787234043,6.52407407407407,7,6.95454545454545,7.04131386861314,94,54,5,11,137,20118,13877,6241,1055,4140,15978,7.05432007953077,7.30344394681848,6.50038771190514,6.35798104265403,7.13358054589372,7.03378319564401,201
"204",2021,8,7.04140350877193,171,7.42279279279279,6.33583333333333,5.33333333333333,7.3375,6.97323741007194,111,60,6,32,139,20289,13988,6301,1061,4172,16117,7.05421121592981,7.30439102444953,6.49882077606729,6.35218661639962,7.13514464525407,7.03326102252281,202
"205",2021,9,7.12578364238411,151,7.40236242718447,6.53229166666667,6.3,7.00857142857143,7.14471792307692,103,48,5,21,130,20440,14091,6349,1066,4193,16247,7.05473995547945,7.30510715917962,6.49907382422429,6.35194183864916,7.13451072263296,7.0341528423709,203
"206",2021,10,7.03048387096774,186,7.35426086956522,6.50605633802817,6.68,7.25294117647059,6.98072368421053,115,71,20,34,152,20626,14206,6420,1086,4227,16399,7.05452122030447,7.30550506687315,6.49915104517134,6.35798342541437,7.13546332150461,7.03365761509849,204
"207",2021,11,7.09004901960784,204,7.36014285714286,6.49921875,6.02857142857143,7.60416666666667,7.0215,140,64,7,24,180,20830,14346,6484,1093,4251,16579,7.05486916418627,7.30603826711278,6.49915171344849,6.35587374199451,7.13810949423665,7.0335256185536,205
"208",2021,12,7.19793938181818,275,7.49118644067797,6.66829928571429,6.25,7.12727272727273,7.20757574380165,177,98,12,33,242,21105,14523,6582,1105,4284,16821,7.05673338166311,7.30829477242994,6.50167016712246,6.35472398190045,7.13802601774043,7.03602963914155,206
"209",2022,1,7.16095635097493,359,7.47366945378151,6.54586776859504,6.61071428571429,7.4019512195122,7.12988468553459,238,121,14,41,318,21464,14761,6703,1119,4325,17139,7.05847658171823,7.31096120249306,6.50246800537073,6.35792672028597,7.14052796763005,7.0377710420678,207
"210",2022,2,7.09822175732218,239,7.4123602484472,6.44980769230769,5.83416666666667,7.1795,7.08188442211055,161,78,12,40,199,21703,14922,6781,1131,4365,17338,7.05891426761277,7.31205524125452,6.50186226810205,6.35236958443855,7.14088509965636,7.03827736128735,208
"211",2022,3,7.17266515837104,221,7.50992517006803,6.5027027027027,6.41666666666667,7.31571428571429,7.14574731182796,147,74,6,35,186,21924,15069,6855,1137,4400,17524,7.0600609081372,7.31398548742451,6.50187134062728,6.35270888302551,7.14227578636363,7.03941804896143,209
"212",2022,4,7.23153333333333,225,7.42902027027027,6.85194805194805,7.06,7.37741935483871,7.20822164948454,148,77,5,31,194,22149,15217,6932,1142,4431,17718,7.06180280599576,7.31510431162516,6.50575995960762,6.35580560420315,7.1439208891898,7.04126633310758,210
"213",2022,5,7.05269607843137,204,7.40547445255474,6.33134328358209,5.77272727272727,7.30333333333333,7.00948275862069,137,67,11,30,174,22353,15354,6999,1153,4461,17892,7.06171969534291,7.31591066236811,6.50409030432919,6.35024284475282,7.14499292983636,7.04095723731277,211
"214",2022,6,7.16198275862069,232,7.44380281690141,6.71733333333333,5.8,6.828125,7.2154,142,90,5,32,200,22585,15496,7089,1158,4493,18092,7.06274962807173,7.31708262196696,6.50679757934829,6.34786701208981,7.14273613621188,7.04288563398187,212
"215",2022,7,7.17040322580645,248,7.3728125,6.80238636363636,6.36222222222222,7.25238095238095,7.16281938325991,160,88,9,21,227,22833,15656,7177,1167,4514,18319,7.06391890465554,7.31765216594277,6.51042190887557,6.34797772065124,7.14324622507753,7.04437179376604,213
"216",2022,8,7.12731707317073,246,7.42017441860465,6.44662162162162,5.78571428571429,7.30269230769231,7.10659090909091,172,74,7,26,220,23079,15828,7251,1174,4540,18539,7.06459466831319,7.31876625663381,6.50977079575231,6.34462521294719,7.14415935242291,7.04511014024489,214
"217",2022,9,7.06086363636364,220,7.27776119402985,6.72290697674419,6.75714285714286,7.05857142857143,7.06110552763819,134,86,7,21,199,23299,15962,7337,1181,4561,18738,7.06455943817331,7.31842202167648,6.51226905274635,6.34707027942422,7.14376528392896,7.04528001334188,215
"218",2022,10,7.08678720379147,211,7.41120074074074,6.51052631578947,6.17727272727273,6.64352068965517,7.15741758241758,135,76,11,29,182,23510,16097,7413,1192,4590,18920,7.06475893024245,7.31920012486799,6.51225118575476,6.3455033557047,7.14060469716775,7.04635871511628,216
"219",2022,11,7.18948339483395,271,7.42792553191489,6.64939759036145,6.29090909090909,7.17833333333333,7.19087136929461,188,83,11,30,241,23781,16285,7496,1203,4620,19161,7.06618024683571,7.32045529075837,6.51376974919957,6.34500415627598,7.14084968831169,7.04817634204896,217
"220",2022,12,7.17702035369775,311,7.47572325471698,6.53737373737374,5.95,7.20119047619048,7.17324657992565,212,99,10,42,269,24092,16497,7595,1213,4662,19430,7.06761106508385,7.32245061162636,6.51407742462146,6.34174773289365,7.14139329901329,7.0499078857437,218
