"","year","month","avg_rating","no_ratings","avg_rating_owned","avg_rating_not_owned","avg_rating_prev_owned","avg_rating_comment","avg_rating_no_comment","no_ratings_owned","no_ratings_not_owned","no_ratings_prev_owned","no_ratings_comment","no_ratings_no_comment","cum_no_ratings","cum_no_ratings_owned","cum_no_ratings_not_owned","cum_no_ratings_prev_owned","cum_no_ratings_comment","cum_no_ratings_no_comment","cum_avg_rating","cum_avg_rating_owned","cum_avg_rating_not_owned","cum_avg_rating_prev_owned","cum_avg_rating_comment","cum_avg_rating_no_comment","month_after_release"
"1",2001,5,5,2,5,NA,NA,4,6,2,0,0,1,1,2,2,0,0,1,1,5,5,NA,NA,4,6,0
"2",2001,6,5.5,6,4.66666666666667,6.33333333333333,NA,4,6.25,3,3,0,2,4,8,5,3,0,3,5,5.375,4.8,6.33333333333333,NA,4,6.2,1
"3",2001,7,7,3,7.5,6,NA,NA,7,2,1,0,0,3,11,7,4,0,3,8,5.81818181818182,5.57142857142857,6.25,NA,4,6.5,2
"4",2001,8,5.88888888888889,9,6.42857142857143,4,NA,6.4,5.25,7,2,0,5,4,20,14,6,0,8,12,5.85,6,5.5,NA,5.5,6.08333333333333,3
"5",2001,9,7.25,4,7.66666666666667,6,NA,6,7.66666666666667,3,1,0,1,3,24,17,7,0,9,15,6.08333333333333,6.29411764705882,5.57142857142857,NA,5.55555555555556,6.4,4
"6",2001,10,5.83333333333333,6,6,5,NA,5,6,5,1,0,1,5,30,22,8,0,10,20,6.03333333333333,6.22727272727273,5.5,NA,5.5,6.3,5
"7",2001,11,6.5,6,8,3.5,NA,NA,6.5,4,2,0,0,6,36,26,10,0,10,26,6.11111111111111,6.5,5.1,NA,5.5,6.34615384615385,6
"8",2001,12,7,2,7,7,NA,NA,7,1,1,0,0,2,38,27,11,0,10,28,6.15789473684211,6.51851851851852,5.27272727272727,NA,5.5,6.39285714285714,7
"9",2002,1,6.4,5,8,5.33333333333333,NA,7,6,2,3,0,2,3,43,29,14,0,12,31,6.18604651162791,6.62068965517241,5.28571428571429,NA,5.75,6.35483870967742,8
"10",2002,2,6,1,6,NA,NA,NA,6,1,0,0,0,1,44,30,14,0,12,32,6.18181818181818,6.6,5.28571428571429,NA,5.75,6.34375,9
"11",2002,3,7,3,7,NA,NA,NA,7,3,0,0,0,3,47,33,14,0,12,35,6.23404255319149,6.63636363636364,5.28571428571429,NA,5.75,6.4,10
"12",2002,4,9,1,9,NA,NA,9,NA,1,0,0,1,0,48,34,14,0,13,35,6.29166666666667,6.70588235294118,5.28571428571429,NA,6,6.4,11
"13",2002,5,6.25,4,8.5,4,NA,6.5,6,2,2,0,2,2,52,36,16,0,15,37,6.28846153846154,6.80555555555556,5.125,NA,6.06666666666667,6.37837837837838,12
"14",2002,6,6.33333333333333,6,5.8,9,NA,NA,6.33333333333333,5,1,0,0,6,58,41,17,0,15,43,6.29310344827586,6.68292682926829,5.35294117647059,NA,6.06666666666667,6.37209302325581,13
"15",2002,7,6.42857142857143,7,6.66666666666667,5,NA,6,6.6,6,1,0,2,5,65,47,18,0,17,48,6.30769230769231,6.68085106382979,5.33333333333333,NA,6.05882352941176,6.39583333333333,14
"16",2002,8,6.90909090909091,11,6.75,7.33333333333333,7,NA,6.90909090909091,8,3,1,0,11,76,55,21,1,17,59,6.39473684210526,6.69090909090909,5.61904761904762,7,6.05882352941176,6.49152542372881,15
"17",2002,9,6.21428571428571,7,6.4,5.75,NA,6.875,5.33333333333333,5,2,0,4,3,83,60,23,1,21,62,6.37951807228916,6.66666666666667,5.6304347826087,7,6.21428571428571,6.43548387096774,16
"18",2002,10,5.77777777777778,9,6.5,5.2,4,6,5.6,4,5,1,4,5,92,64,28,2,25,67,6.32065217391304,6.65625,5.55357142857143,5.5,6.18,6.37313432835821,17
"19",2002,11,6.2,10,6,6.5,NA,7,5.85714285714286,6,4,0,3,7,102,70,32,2,28,74,6.30882352941176,6.6,5.671875,5.5,6.26785714285714,6.32432432432432,18
"20",2002,12,6.58333333333333,12,6.7,6,NA,6,6.77777777777778,10,2,0,3,9,114,80,34,2,31,83,6.33771929824561,6.6125,5.69117647058824,5.5,6.24193548387097,6.37349397590361,19
"21",2003,1,6.25,16,6.27272727272727,6.2,NA,6.42857142857143,6.11111111111111,11,5,0,7,9,130,91,39,2,38,92,6.32692307692308,6.57142857142857,5.75641025641026,5.5,6.27631578947368,6.34782608695652,20
"22",2003,2,6.44444444444444,9,6.71428571428571,5.5,NA,7,6.28571428571429,7,2,0,2,7,139,98,41,2,40,99,6.33453237410072,6.58163265306122,5.74390243902439,5.5,6.3125,6.34343434343434,21
"23",2003,3,5.09090909090909,11,5.14285714285714,5,NA,4.33333333333333,5.375,7,4,0,3,8,150,105,45,2,43,107,6.24333333333333,6.48571428571429,5.67777777777778,5.5,6.17441860465116,6.27102803738318,22
"24",2003,4,5.37142857142857,7,5.625,5.03333333333333,7,4.2,6.25,4,3,1,3,4,157,109,48,3,46,111,6.20445859872611,6.45412844036697,5.6375,6,6.04565217391304,6.27027027027027,23
"25",2003,5,5.05555555555556,18,5.9,4,4.33333333333333,4.44444444444444,5.66666666666667,10,8,3,9,9,175,119,56,6,55,120,6.08628571428571,6.40756302521008,5.40357142857143,5.16666666666667,5.78363636363636,6.225,24
"26",2003,6,5.80952380952381,21,6.4,4.33333333333333,3,5,6.21428571428571,15,6,1,7,14,196,134,62,7,62,134,6.05663265306122,6.40671641791045,5.3,4.85714285714286,5.69516129032258,6.22388059701493,25
"27",2003,7,5.53606557377049,61,5.66774193548387,5.4,NA,5.15789473684211,5.70714285714286,31,30,0,19,42,257,165,92,7,81,176,5.93307392996109,6.26787878787879,5.33260869565217,4.85714285714286,5.56913580246914,6.10056818181818,26
"28",2003,8,5.63636363636364,22,5.64285714285714,5.625,NA,6.6,5.35294117647059,14,8,0,5,17,279,179,100,7,86,193,5.90967741935484,6.21899441340782,5.356,4.85714285714286,5.62906976744186,6.03471502590674,27
"29",2003,9,5.5,23,5.66666666666667,5.1875,5.5,5.75,5.41176470588235,15,8,2,6,17,302,194,108,9,92,210,5.87847682119205,6.17628865979381,5.34351851851852,5,5.63695652173913,5.98428571428571,28
"30",2003,10,5.89473684210526,19,6.38461538461539,4.83333333333333,NA,7.2,5.42857142857143,13,6,0,5,14,321,207,114,9,97,224,5.87943925233645,6.18937198067633,5.31666666666667,5,5.71752577319588,5.94955357142857,29
"31",2003,11,6.14285714285714,7,6.83333333333333,5.625,5,6.25,5.5,3,4,1,6,1,328,210,118,10,103,225,5.88506097560976,6.19857142857143,5.3271186440678,5,5.74854368932039,5.94755555555556,30
"32",2003,12,4.9375,16,5.58333333333333,3,6,5.35714285714286,4.61111111111111,12,4,1,7,9,344,222,122,11,110,234,5.84098837209302,6.16531531531532,5.25081967213115,5.09090909090909,5.72363636363636,5.89615384615385,31
"33",2004,1,5.41025641025641,39,5.5,5.23076923076923,5,5.14285714285714,5.56,26,13,1,14,25,383,248,135,12,124,259,5.79712793733681,6.09556451612903,5.24888888888889,5.08333333333333,5.65806451612903,5.86370656370656,32
"34",2004,2,5.70740740740741,27,6.0625,5.19090909090909,NA,4.4,6.00454545454545,16,11,0,5,22,410,264,146,12,129,281,5.79121951219512,6.09356060606061,5.24452054794521,5.08333333333333,5.6093023255814,5.87473309608541,33
"35",2004,3,5.26470588235294,17,5.43333333333333,4,NA,3,5.56666666666667,15,2,0,2,15,427,279,148,12,131,296,5.77025761124122,6.05806451612903,5.2277027027027,5.08333333333333,5.56946564885496,5.85912162162162,34
"36",2004,4,6,19,6.3125,4.33333333333333,NA,6,6,16,3,0,9,10,446,295,151,12,140,306,5.78004484304933,6.07186440677966,5.20993377483444,5.08333333333333,5.59714285714286,5.86372549019608,35
"37",2004,5,6.33333333333333,15,6.5,6,NA,6.14285714285714,6.5,10,5,0,7,8,461,305,156,12,147,314,5.79804772234273,6.08590163934426,5.23525641025641,5.08333333333333,5.62312925170068,5.87993630573248,36
"38",2004,6,5.70833333333333,24,6.03125,5.0625,6,5.90909090909091,5.53846153846154,16,8,2,11,13,485,321,164,14,158,327,5.79360824742268,6.08317757009346,5.22682926829268,5.21428571428571,5.64303797468354,5.86636085626911,37
"39",2004,7,5.6875,16,5.625,5.75,NA,6.6,5.27272727272727,8,8,0,5,11,501,329,172,14,163,338,5.79021956087824,6.07203647416413,5.25116279069767,5.21428571428571,5.67239263803681,5.84704142011834,38
"40",2004,8,5.44444444444444,18,5.66666666666667,5,5,5.11111111111111,5.77777777777778,12,6,1,9,9,519,341,178,15,172,347,5.77822736030829,6.05777126099707,5.24269662921348,5.2,5.64302325581395,5.84524495677233,39
"41",2004,9,5.0375,20,5.66666666666667,3.15,NA,4.25,6,15,5,0,11,9,539,356,183,15,183,356,5.75074211502783,6.04129213483146,5.18551912568306,5.2,5.55928961748634,5.84915730337079,40
"42",2004,10,5.88888888888889,27,6.09523809523809,5.16666666666667,5,5.72222222222222,5.97222222222222,21,6,1,9,18,566,377,189,16,192,374,5.75733215547703,6.04429708222812,5.18492063492063,5.1875,5.56692708333334,5.85508021390374,41
"43",2004,11,6.03571428571429,28,6.375,5.1875,5,5.33333333333333,6.36842105263158,20,8,1,9,19,594,397,197,17,201,393,5.77045454545455,6.06095717884131,5.18502538071066,5.17647058823529,5.55646766169154,5.87989821882952,42
"44",2004,12,4.83,20,5.37272727272727,4.16666666666667,5,4.55555555555556,5.05454545454545,11,9,1,9,11,614,408,206,18,210,404,5.73982084690554,6.04240196078431,5.14053398058252,5.16666666666667,5.51357142857143,5.85742574257426,43
"45",2005,1,5.62884615384615,52,5.775,5.14166666666667,4,5.76666666666667,5.57297297297297,40,12,3,15,37,666,448,218,21,225,441,5.73115615615616,6.01852678571429,5.14059633027523,5,5.53044444444445,5.83356009070295,44
"46",2005,2,5.44230769230769,26,5.65625,5.1,6,4.84615384615385,6.03846153846154,16,10,1,13,13,692,464,228,22,238,454,5.72030346820809,6.00603448275862,5.13881578947368,5.04545454545455,5.49306722689076,5.83942731277533,45
"47",2005,3,5.46666666666667,21,5.8625,4.2,6,5.18,5.72727272727273,16,5,1,10,11,713,480,233,23,248,465,5.71283309957924,6.00125,5.118669527897,5.08695652173913,5.4804435483871,5.83677419354839,46
"48",2005,4,5.8125,24,6.07142857142857,4,5,5.5,5.94117647058824,21,3,1,7,17,737,501,236,24,255,482,5.71607869742198,6.00419161676647,5.10444915254237,5.08333333333333,5.48098039215686,5.84045643153527,47
"49",2005,5,5.72,25,5.98947368421053,4.86666666666667,5.2,5.64444444444444,5.7625,19,6,1,9,16,762,520,242,25,264,498,5.71620734908136,6.00365384615385,5.09855371900827,5.088,5.48655303030303,5.83795180722891,48
"50",2005,6,5.65555555555556,27,5.73076923076923,5.58571428571429,5.75,5.5,5.8,13,14,4,13,14,789,533,256,29,277,512,5.71413181242079,5.99699812382739,5.1251953125,5.17931034482759,5.48718411552347,5.8369140625,49
"51",2005,7,5.552,25,5.71818181818182,4.33333333333333,NA,5.45,5.62,22,3,0,10,15,814,555,259,29,287,527,5.70915233415233,5.98594594594595,5.11602316602317,5.17931034482759,5.48588850174216,5.83074003795066,50
"52",2005,8,5.375,44,5.5,5.13333333333333,5.4,5.42857142857143,5.35,29,15,5,14,30,858,584,274,34,301,557,5.69201631701632,5.96181506849315,5.11697080291971,5.21176470588235,5.48322259136213,5.8048473967684,51
"53",2005,9,5.66029411764706,34,5.94464285714286,4.33333333333333,4,5.83636363636364,5.57608695652174,28,6,2,11,23,892,612,280,36,312,580,5.69080717488789,5.96102941176471,5.10017857142857,5.14444444444444,5.49567307692308,5.79577586206896,52
"54",2005,10,5.5625,48,6.04411764705882,4.39285714285714,6,5.825,5.375,34,14,1,20,28,940,646,294,37,332,608,5.68425531914894,5.96540247678019,5.06649659863946,5.16756756756757,5.51551204819277,5.77639802631579,53
"55",2005,11,5.46451612903226,31,5.25,5.76153846153846,7,5.20833333333333,5.62631578947368,18,13,3,12,19,971,664,307,40,344,627,5.67723995880535,5.94600903614458,5.09592833876222,5.305,5.50479651162791,5.77185007974482,54
"56",2005,12,5.62173913043478,46,5.94193548387097,4.96,5,5.6,5.63448275862069,31,15,1,17,29,1017,695,322,41,361,656,5.67472959685349,5.9458273381295,5.08959627329193,5.29756097560976,5.50927977839335,5.76577743902439,55
"57",2006,1,5.81603773584906,53,5.87765957446809,5.33333333333333,NA,5.79761904761905,5.828125,47,6,0,21,32,1070,742,328,41,382,688,5.68172897196262,5.94150943396226,5.09405487804878,5.29756097560976,5.52513089005236,5.76867732558139,56
"58",2006,2,5.78108108108108,37,5.76785714285714,5.82222222222222,NA,5.775,5.78571428571429,28,9,0,16,21,1107,770,337,41,398,709,5.68504968383017,5.9351948051948,5.11350148367953,5.29756097560976,5.53517587939699,5.76918194640338,57
"59",2006,3,5.59714285714286,35,5.75483870967742,4.375,4,6.27272727272727,5.2875,31,4,1,11,24,1142,801,341,42,409,733,5.68235551663748,5.92821473158552,5.10483870967742,5.26666666666667,5.55501222493888,5.75341064120054,58
"60",2006,4,5.85483870967742,31,5.82692307692308,6,NA,5.125,6.10869565217391,26,5,0,8,23,1173,827,346,42,417,756,5.68691389599318,5.92503022974607,5.11777456647399,5.26666666666667,5.54676258992806,5.76421957671958,59
"61",2006,5,6.14166666666667,30,6.14130434782609,6.14285714285714,6,5.84375,6.48214285714286,23,7,1,16,14,1203,850,353,43,433,770,5.69825436408977,5.93088235294118,5.13810198300284,5.28372093023256,5.55773672055427,5.77727272727273,60
"62",2006,6,5.66176470588235,34,5.76,5.38888888888889,NA,5.65384615384615,5.66666666666667,25,9,0,13,21,1237,875,362,43,446,791,5.69725141471301,5.926,5.14433701657459,5.28372093023256,5.56053811659193,5.77433628318584,61
"63",2006,7,5.93181818181818,44,5.95,5.89285714285714,NA,5.14285714285714,6.08108108108108,30,14,0,7,37,1281,905,376,43,453,828,5.70530835284934,5.9267955801105,5.17220744680851,5.28372093023256,5.55408388520971,5.78804347826087,62
"64",2006,8,5.35897435897436,39,5.83333333333333,4.29166666666667,5.66666666666667,5.07692307692308,5.5,27,12,3,13,26,1320,932,388,46,466,854,5.69507575757576,5.92408798283262,5.14497422680413,5.30869565217391,5.54077253218884,5.77927400468384,63
"65",2006,9,5.52173913043478,46,5.75,5.16666666666667,4.5,5.82352941176471,5.3448275862069,28,18,2,17,29,1366,960,406,48,483,883,5.68923865300146,5.91901041666667,5.14593596059114,5.275,5.55072463768116,5.76500566251416,64
"66",2006,10,5.51636363636364,55,5.75714285714286,5.095,5.25,4.66666666666667,5.75348837209302,35,20,4,12,43,1421,995,426,52,495,926,5.68254750175932,5.91331658291457,5.14354460093897,5.27307692307692,5.52929292929293,5.76447084233261,65
"67",2006,11,5.5,40,5.83333333333333,4.80769230769231,6.5,5.13333333333333,5.72,27,13,2,15,25,1461,1022,439,54,510,951,5.67754962354552,5.91120352250489,5.13359908883827,5.31851851851852,5.51764705882353,5.76330178759201,66
"68",2006,12,5.76044776119403,67,5.919,5.29411764705882,6.25,5.53125,5.83235294117647,50,17,4,16,51,1528,1072,456,58,526,1002,5.68118455497382,5.9115671641791,5.13958333333334,5.38275862068966,5.5180608365019,5.76681636726547,67
"69",2007,1,5.56767441860465,86,5.90032258064516,4.70833333333333,4.625,5.25916666666667,5.68709677419355,62,24,4,24,62,1614,1134,480,62,550,1064,5.67513630731103,5.91095238095238,5.11802083333334,5.33387096774194,5.50676363636364,5.76217105263158,68
"70",2007,2,5.35178571428571,56,5.83428571428571,4.54761904761905,4.5,5.2695652173913,5.40909090909091,35,21,2,23,33,1670,1169,501,64,573,1097,5.66429341317365,5.90865697177074,5.09411177644711,5.3078125,5.49724258289703,5.75154968094804,69
"71",2007,3,5.88936170212766,47,6.109375,5.42,5,6.08666666666667,5.796875,32,15,4,15,32,1717,1201,516,68,588,1129,5.67045428072219,5.9140049958368,5.10358527131783,5.28970588235294,5.51227891156463,5.75283436669619,70
"72",2007,4,5.9375,56,6.25609756097561,5.06666666666667,5,5.92307692307692,5.94186046511628,41,15,3,13,43,1773,1242,531,71,601,1172,5.67888888888889,5.92529790660225,5.10254237288136,5.2774647887324,5.52116472545757,5.75976962457338,71
"73",2007,5,5.58392857142857,56,5.64615384615385,5.44117647058824,6.5,5.18421052631579,5.78918918918919,39,17,2,19,37,1829,1281,548,73,620,1209,5.67598141060689,5.9167993754879,5.11304744525548,5.31095890410959,5.51083870967742,5.7606699751861,72
"74",2007,6,5.53207547169811,53,5.79189189189189,4.93125,5,5.8,5.42631578947368,37,16,5,15,38,1882,1318,564,78,635,1247,5.67192879914984,5.91329286798179,5.10789007092199,5.29102564102564,5.51766929133858,5.75048115477145,73
"75",2007,7,5.96984126984127,63,6.25227272727273,5.31578947368421,4.6,5.71428571428571,6.09761904761905,44,19,5,21,42,1945,1362,583,83,656,1289,5.68157840616967,5.92424375917768,5.11466552315609,5.24939759036145,5.52396341463415,5.76179208688906,74
"76",2007,8,5.80603448275862,58,6.18452380952381,4.8125,4.33333333333333,5.22727272727273,6.15972222222222,42,16,3,22,36,2003,1404,599,86,678,1325,5.68518222666001,5.93202991452991,5.10659432387312,5.21744186046512,5.51433628318584,5.7726037735849,75
"77",2007,9,5.84782608695652,69,6.15217391304348,5.23913043478261,4.66666666666667,6,5.80555555555556,46,23,3,15,54,2072,1450,622,89,693,1379,5.69059845559846,5.93901379310345,5.11149517684888,5.19887640449438,5.52484848484848,5.77389412617839,76
"78",2007,10,5.54375,64,5.88936170212766,4.58823529411765,5.9,5.5,5.56363636363636,47,17,5,20,44,2136,1497,639,94,713,1423,5.68619850187266,5.93745490981964,5.09757433489828,5.23617021276596,5.52415147265077,5.76739283204497,77
"79",2007,11,5.67465753424658,73,5.8343137254902,5.30454545454545,6.1,5.79166666666667,5.61734693877551,51,22,5,24,49,2209,1548,661,99,737,1472,5.6858171118153,5.93405684754522,5.10446293494705,5.27979797979798,5.53286295793758,5.76239809782609,78
"80",2007,12,5.66237113402062,97,5.98863636363636,4.96774193548387,6,5.24285714285714,5.8991935483871,66,31,3,35,62,2306,1614,692,102,772,1534,5.68483087597571,5.9362887236679,5.09833815028902,5.30098039215686,5.51971502590674,5.76792698826597,79
"81",2008,1,5.51720430107527,93,5.70735294117647,5,4,5.19583333333333,5.62898550724638,68,25,2,24,69,2399,1682,717,104,796,1603,5.67833263859942,5.92703329369798,5.09490934449094,5.27596153846154,5.50994974874372,5.76194635059264,80
"82",2008,2,5.68358208955224,67,5.68666666666667,5.67727272727273,5,5.41875,5.92571428571429,45,22,5,32,35,2466,1727,739,109,828,1638,5.67847526358475,5.92077012159815,5.11224627875508,5.26330275229358,5.50642512077295,5.76544566544566,81
"83",2008,3,5.5,60,5.59302325581395,5.26470588235294,5.5,5.28571428571429,5.61538461538461,43,17,7,21,39,2526,1770,756,116,849,1677,5.67423594615994,5.91280790960452,5.1156746031746,5.27758620689655,5.50096584216725,5.76195587358378,82
"84",2008,4,5.90625,48,6.10810810810811,5.22727272727273,7,5.63333333333333,6.03030303030303,37,11,2,15,33,2574,1807,767,118,864,1710,5.67856254856255,5.91680686220254,5.11727509778357,5.30677966101695,5.50326388888889,5.76713450292397,83
"85",2008,5,5.54112903225806,62,5.6,5.38529411764706,5.33333333333333,5.42045454545455,5.6075,45,17,3,22,40,2636,1852,784,121,886,1750,5.67533004552352,5.9091090712743,5.12308673469388,5.30743801652893,5.50120767494356,5.76348571428571,84
"86",2008,6,5.5625,48,5.6969696969697,5.26666666666667,5.5,4.91666666666667,5.77777777777778,33,15,4,12,36,2684,1885,799,125,898,1786,5.67331222056632,5.90539522546419,5.12578222778473,5.3136,5.49339643652561,5.76377379619261,85
"87",2008,7,5.45069444444444,72,5.74375,5.084375,5.06315789473684,5.18333333333333,5.64166666666667,40,32,19,30,42,2756,1925,831,144,928,1828,5.66749637155298,5.90203636363636,5.12418772563177,5.28055555555556,5.48337284482758,5.76096827133479,86
"88",2008,8,5.59112903225806,62,5.95,5.06,4.77777777777778,5.55294117647059,5.60555555555556,37,25,9,17,45,2818,1962,856,153,945,1873,5.66581618168914,5.90294087665647,5.12231308411215,5.25098039215686,5.48462433862434,5.75723438334223,87
"89",2008,9,5.15816326530612,49,5.40833333333333,4.76315789473684,4.85714285714286,4.68181818181818,5.5462962962963,30,19,14,22,27,2867,1992,875,167,967,1900,5.65713986745727,5.89549196787148,5.11451428571429,5.21796407185629,5.46635987590486,5.75423684210526,88
"90",2008,10,5.93559322033898,59,6.49090909090909,5.23076923076923,5.1,5.96875,5.92325581395349,33,26,15,16,43,2926,2025,901,182,983,1943,5.66275461380724,5.90519506172839,5.11786903440622,5.20824175824176,5.47453713123092,5.75797735460628,89
"91",2008,11,5.60238095238095,63,5.9875,4.71052631578947,5.25,5.8,5.51704545454545,44,19,8,19,44,2989,2069,920,190,1002,1987,5.66148210103714,5.9069453842436,5.10945652173913,5.21,5.48070858283433,5.75264217413186,90
"92",2008,12,5.57341772151899,79,5.66923076923077,5.38888888888889,5.65384615384615,5.65909090909091,5.54035087719298,52,27,13,22,57,3068,2121,947,203,1024,2044,5.65921447196871,5.90111739745403,5.11742344244984,5.2384236453202,5.484541015625,5.74672211350293,91
"93",2009,1,5.46465517241379,116,5.8,4.77631578947368,4.85,5.23214285714286,5.53863636363636,78,38,18,28,88,3184,2199,985,221,1052,2132,5.65212625628141,5.8975306957708,5.10426395939086,5.20678733031674,5.47782319391635,5.73813320825516,92
"94",2009,2,5.54,100,5.60166666666667,5.4475,5.34285714285714,5.43478260869565,5.57142857142857,60,40,14,23,77,3284,2259,1025,235,1075,2209,5.64871193666261,5.88967242142541,5.11765853658537,5.21489361702128,5.47690232558139,5.73232231779085,93
"95",2009,3,5.58588235294118,85,5.79464285714286,5.18275862068965,5.41666666666667,5.8,5.515625,56,29,12,21,64,3369,2315,1054,247,1096,2273,5.6471267438409,5.88737365010799,5.11944971537002,5.2246963562753,5.48309306569343,5.72622085349758,94
"96",2009,4,5.51666666666667,66,5.80263157894737,5.12857142857143,5.45,5.30714285714286,5.57307692307692,38,28,14,14,52,3435,2353,1082,261,1110,2325,5.64462008733624,5.8860050998725,5.11968576709797,5.2367816091954,5.48087387387387,5.72279569892473,95
"97",2009,5,5.52222222222222,72,5.81944444444444,5.225,4.93333333333333,4.43076923076923,5.76271186440678,36,36,9,13,59,3507,2389,1118,270,1123,2384,5.64210721414314,5.88500209292591,5.12307692307693,5.22666666666667,5.46871772039181,5.72378355704698,96
"98",2009,6,5.42068965517241,58,6.20909090909091,4.38,4.22727272727273,5.02941176470588,5.58292682926829,33,25,11,17,41,3565,2422,1143,281,1140,2425,5.6385049088359,5.88941783649876,5.10682414698163,5.18754448398577,5.46216666666667,5.72140206185567,97
"99",2009,7,5.57831325301205,83,5.80961538461538,5.19032258064516,5.30769230769231,4.92857142857143,5.71014492753623,52,31,13,14,69,3648,2474,1174,294,1154,2494,5.63713541666667,5.88774050121261,5.10902896081772,5.19285714285714,5.45569324090121,5.72109061748195,98
"100",2009,8,5.65076923076923,65,5.77608695652174,5.34736842105263,5.1875,5.82142857142857,5.60392156862745,46,19,8,14,51,3713,2520,1193,302,1168,2545,5.63737409103151,5.88570238095238,5.11282481139983,5.19271523178808,5.46007705479452,5.71874263261296,99
"101",2009,9,5.50909090909091,66,6.02972972972973,4.8448275862069,4.78571428571429,4.74117647058824,5.77551020408163,37,29,14,17,49,3779,2557,1222,316,1185,2594,5.6351336332363,5.88778646851779,5.10646481178396,5.1746835443038,5.44976371308017,5.71981495759445,100
"102",2009,10,5.55547945205479,73,5.80652173913044,5.12777777777778,5.1,5.75,5.5172131147541,46,27,5,12,61,3852,2603,1249,321,1197,2655,5.6336240913811,5.8863503649635,5.10692554043235,5.17352024922118,5.45277360066834,5.71516007532956,101
"103",2009,11,5.432,75,5.63953488372093,5.153125,4.64615384615385,5.21071428571429,5.56382978723404,43,32,13,28,47,3927,2646,1281,334,1225,2702,5.62977336389101,5.88233938019652,5.10807962529274,5.15299401197605,5.44724081632653,5.71252775721687,102
"104",2009,12,5.05979381443299,97,5.64074074074074,4.33023255813954,4.2625,5.2375,5.0013698630137,54,43,16,24,73,4024,2700,1324,350,1249,2775,5.6160337972167,5.87750740740741,5.08281722054381,5.11228571428572,5.44321056845476,5.69381981981982,103
"105",2010,1,5.82988505747126,87,6.16842105263158,5.18666666666667,5.00833333333333,5.5,5.88266666666667,57,30,12,12,75,4111,2757,1354,362,1261,2850,5.62055947458039,5.88352194414218,5.08511816838996,5.10883977900553,5.44375099127676,5.69878947368421,104
"106",2010,2,5.89776119402985,67,6.08152173913043,5.4952380952381,5.53333333333333,5.57142857142857,5.98396226415094,46,21,12,14,53,4178,2803,1375,374,1275,2903,5.62500478697942,5.88677131644666,5.09138181818182,5.12245989304813,5.44515294117647,5.70399586634516,105
"107",2010,3,5.57241379310345,58,5.63095238095238,5.41875,5.92857142857143,5.625,5.55238095238095,42,16,7,16,42,4236,2845,1391,381,1291,2945,5.62428470254957,5.88299472759227,5.0951473759885,5.13727034120735,5.44738187451588,5.70183361629881,106
"108",2010,4,5.858,50,5.85151515151515,5.87058823529412,6.05555555555556,6.23529411764706,5.66363636363636,33,17,9,17,33,4286,2878,1408,390,1308,2978,5.62701119925338,5.88263377345379,5.10450994318182,5.15846153846154,5.45762232415902,5.70141034251175,107
"109",2010,5,5.85861904761905,63,6.17435897435897,5.34554166666667,5.75,5.20235714285714,6.04612244897959,39,24,8,14,49,4349,2917,1432,398,1322,3027,5.6303662911014,5.88653411038738,5.10854958100559,5.17035175879397,5.45491906202723,5.70699041955732,108
"110",2010,6,5.6775,40,6.33333333333333,4.31538461538462,4.2,5.08333333333333,5.93214285714286,27,13,7,12,28,4389,2944,1445,405,1334,3055,5.63079585326954,5.89063179347826,5.10141384083045,5.15358024691358,5.45157646176912,5.70905400981997,109
"111",2010,7,5.56595744680851,47,5.7258064516129,5.25625,6.525,6.06666666666667,5.44736842105263,31,16,4,9,38,4436,2975,1461,409,1343,3093,5.63010888187556,5.88891428571428,5.10310951403149,5.16699266503668,5.45569843633656,5.70583899127061,110
"112",2010,8,5.999,50,5.99722222222222,6.00357142857143,5.8,6.84,5.78875,36,14,5,10,40,4486,3011,1475,414,1353,3133,5.63422046366473,5.89020923281302,5.11165627118644,5.17463768115942,5.46592978566149,5.70689754229173,111
"113",2010,9,5.39444444444444,54,5.26486486486487,5.67647058823529,6.33333333333333,5.53125,5.33684210526316,37,17,3,16,38,4540,3048,1492,417,1369,3171,5.63136850220264,5.88261811023622,5.1180918230563,5.18297362110312,5.46669320672023,5.70246294544308,112
"114",2010,10,5.375,44,5.748,4.88421052631579,5.4375,5.76428571428571,5.19333333333333,25,19,8,14,30,4584,3073,1511,425,1383,3201,5.62890772251309,5.88152294175073,5.11515089344805,5.18776470588235,5.46970571221981,5.69769134645423,113
"115",2010,11,5.90161333333333,75,6.0830652173913,5.61379310344828,4.71728571428571,5.88846153846154,5.90437096774194,46,29,7,13,62,4659,3119,1540,432,1396,3263,5.63329770336982,5.88449535107406,5.12454090909091,5.1801412037037,5.4736053008596,5.7016184492798,114
"116",2010,12,5.41282051282051,78,5.76792452830189,4.66,4.33333333333333,5.5625,5.3741935483871,53,25,12,16,62,4737,3172,1565,444,1412,3325,5.62966729997889,5.88254760403531,5.11712012779553,5.15725450450451,5.47461260623229,5.69551308270677,115
"117",2011,1,5.73506493506494,77,5.90754716981132,5.35416666666667,5.65,5.51388888888889,5.80254237288136,53,24,10,18,59,4814,3225,1589,454,1430,3384,5.63135313668467,5.8829584496124,5.12070044052864,5.16810792951542,5.47510699300699,5.69737913711584,116
"118",2011,2,5.56944444444444,72,5.78723404255319,5.16,5,5.02727272727273,5.6672131147541,47,25,8,11,61,4886,3272,1614,462,1441,3445,5.6304408514122,5.88158343520782,5.12130916976456,5.16519696969697,5.47168841082582,5.6968449927431,117
"119",2011,3,5.56982456140351,57,5.9495,4.67647058823529,6.66666666666667,4.94444444444444,5.68708333333333,40,17,3,9,48,4943,3312,1631,465,1450,3493,5.62974185717176,5.88240368357488,5.11667259350092,5.17488387096774,5.46841586206897,5.69671085027197,118
"120",2011,4,5.40528301886792,53,5.94758620689655,4.75,5.08333333333333,5.09866666666667,5.52631578947368,29,24,12,15,38,4996,3341,1655,477,1465,3531,5.62736068855084,5.8829694702185,5.11135528700906,5.17258071278826,5.46463003412969,5.69487708864344,119
"121",2011,5,5.43384615384615,65,5.525,5.288,5.1875,5.42857142857143,5.43448275862069,40,25,8,7,58,5061,3381,1680,485,1472,3589,5.62487532108279,5.87873439810707,5.11398392857143,5.17282680412371,5.46445855978261,5.6906689885762,120
"122",2011,6,6,39,6,6,5.66666666666667,5.96428571428571,6.02,29,10,6,14,25,5100,3410,1690,491,1486,3614,5.62774392156863,5.87976568914956,5.11922662721894,5.17886150712831,5.46916756393001,5.69294714997233,121
"123",2011,7,5.865,50,6.13461538461539,4.90909090909091,4.6,6.20833333333333,5.75657894736842,39,11,5,12,38,5150,3449,1701,496,1498,3652,5.63004737864078,5.88264743403885,5.11786772486773,5.17302620967742,5.47508878504673,5.69360925520263,122
"124",2011,8,5.80545454545455,55,6.02,5.23333333333333,5.14285714285714,5.80666666666667,5.805,40,15,7,15,40,5205,3489,1716,503,1513,3692,5.63190086455331,5.88422212668386,5.11887703962704,5.17260636182903,5.47837607402512,5.69481608884074,123
"125",2011,9,5.34454545454545,55,5.63392857142857,5.04444444444444,5.4,4.8,5.46555555555556,28,27,9,10,45,5260,3517,1743,512,1523,3737,5.62889619771863,5.88222945692351,5.1177240390132,5.176603515625,5.47392186474064,5.69205539202569,124
"126",2011,10,5.79508196721311,61,5.73611111111111,5.88,5,5.11818181818182,5.944,36,25,7,11,50,5321,3553,1768,519,1534,3787,5.63080135312911,5.8807489445539,5.1285028280543,5.17422157996146,5.47137092568448,5.69538183258516,125
"127",2011,11,5.4612676056338,71,5.7445652173913,4.94,5.25,5.435,5.47156862745098,46,25,8,20,51,5392,3599,1793,527,1554,3838,5.62856899109792,5.87900833564879,5.12587451199108,5.17537191650854,5.47090283140283,5.69240776446066,126
"128",2011,12,5.3768115942029,69,5.68048780487805,4.93214285714286,5.45,5.21428571428571,5.41818181818182,41,28,10,14,55,5461,3640,1821,537,1568,3893,5.6253880241714,5.87677225274725,5.12289566172433,5.18048603351955,5.46861160714286,5.68853352170562,127
"129",2012,1,5.55112359550562,89,5.89561403508772,4.9375,4.45454545454545,4.925,5.63037974683544,57,32,11,10,79,5550,3697,1853,548,1578,3972,5.62419711711712,5.87706275358399,5.11969400971398,5.16591423357664,5.46516666666667,5.68737688821752,128
"130",2012,2,5.65876923076923,65,5.81111111111111,5.316,4.83333333333333,5.82142857142857,5.61411764705882,45,20,9,14,51,5615,3742,1873,557,1592,4023,5.62459732858415,5.87626964190272,5.12179017618794,5.16054039497307,5.46829962311558,5.68644817300522,129
"131",2012,3,5.55147058823529,68,5.83913043478261,4.95,5.42857142857143,5.52631578947368,5.56122448979592,46,22,7,19,49,5683,3788,1895,564,1611,4072,5.62372232975541,5.87581863780359,5.11979577836412,5.1638670212766,5.46898386095593,5.6849413064833,130
"132",2012,4,5.69259259259259,54,5.86571428571429,5.37368421052632,5.66666666666667,5.4375,5.73695652173913,35,19,6,8,46,5737,3823,1914,570,1619,4118,5.6243705769566,5.87572613131049,5.12231609195402,5.16915964912281,5.46882828906732,5.6855223409422,131
"133",2012,5,5.63508771929825,57,6.203125,4.908,4.71428571428571,5,5.75416666666667,32,25,7,9,48,5794,3855,1939,577,1628,4166,5.62447600966517,5.87844383916991,5.11955286230016,5.16364124783362,5.46623648648649,5.68631325012002,132
"134",2012,6,5.75161290322581,62,6,4.9,5.1375,5.3,5.89574468085106,48,14,8,15,47,5856,3903,1953,585,1643,4213,5.62582206284153,5.87993876505252,5.11797900665643,5.16328376068376,5.46471880706026,5.6886496558272,133
"135",2012,7,5.99102040816327,49,6.15625,5.68,6.375,6.10833333333333,5.95297297297297,32,17,6,12,37,5905,3935,1970,591,1655,4250,5.62885249788315,5.88218576874206,5.12282893401015,5.17558544839256,5.46938549848942,5.69095082352941,134
"136",2012,8,5.58076923076923,65,5.76704545454545,5.19047619047619,4.77777777777778,5.64285714285714,5.57327586206897,44,21,9,7,58,5970,3979,1991,600,1662,4308,5.62832897822445,5.88091254083941,5.12354244098443,5.16961833333333,5.47011612515042,5.6893665273909,135
"137",2012,9,5.89137931034483,58,6.15,5.4,5.8,5.7125,5.92,38,20,10,8,50,6028,4017,2011,610,1670,4358,5.6308599867286,5.88345805327359,5.12629189457981,5.17995245901639,5.47127724550898,5.6920126204681,136
"138",2012,10,5.63590163934426,61,5.80230769230769,5.34090909090909,5.2,5.08333333333333,5.77122448979592,39,22,10,12,49,6089,4056,2033,620,1682,4407,5.63091049433404,5.88267776134122,5.12861436301033,5.18027580645161,5.46850951248514,5.69289335148627,137
"139",2012,11,5.62112676056338,71,5.92272727272727,5.12962962962963,5.20833333333333,5.62857142857143,5.61929824561404,44,27,12,14,57,6160,4100,2060,632,1696,4464,5.63079772727273,5.88310756097561,5.12862766990291,5.1808085443038,5.46983077830189,5.69195362903226,138
"140",2012,12,5.64882352941176,85,5.99285714285714,5.18055555555556,5.425,5.83181818181818,5.58492063492063,49,36,20,22,63,6245,4149,2096,652,1718,4527,5.63104307445957,5.88440371173777,5.1295195610687,5.1882990797546,5.47446623981374,5.69046410426331,139
"141",2013,1,5.91574074074074,108,6.17105263157895,5.309375,5.3125,5.51111111111111,5.99666666666667,76,32,8,18,90,6353,4225,2128,660,1736,4617,5.63588288997324,5.88956,5.13222415413534,5.18980454545455,5.47484619815668,5.69643296512887,140
"142",2013,2,5.3828947368421,76,5.8,4.70689655172414,4.81818181818182,5.34615384615385,5.39047619047619,47,29,11,13,63,6429,4272,2157,671,1749,4680,5.63289220718619,5.88857467228464,5.12650579508577,5.18371236959762,5.47388965122927,5.69231431623932,141
"143",2013,3,5.9625652173913,69,6.10106382978723,5.66668181818182,5.18522222222222,5.84261111111111,6.00490196078431,47,22,9,18,51,6498,4319,2179,680,1767,4731,5.63639289012004,5.89088701088215,5.13195961450207,5.18373235294118,5.47764572722128,5.69568399915451,142
"144",2013,4,5.6974025974026,77,6.00869565217391,5.23548387096774,5.15,4.85555555555556,5.80882352941176,46,31,10,9,68,6575,4365,2210,690,1776,4799,5.63710737642585,5.89212852233677,5.13341176470588,5.18324347826087,5.47449324324324,5.69728714315482,143
"145",2013,5,5.63227272727273,66,5.94463414634146,5.12,5.15333333333333,4.94416666666667,5.78518518518518,41,25,15,12,54,6641,4406,2235,705,1788,4853,5.6370593284144,5.89261711302769,5.13326174496644,5.18260709219858,5.47093400447427,5.69826519678549,144
"146",2013,6,5.58333333333333,54,5.90277777777778,4.94444444444444,4.4,4.66666666666667,5.84523809523809,36,18,5,12,42,6695,4442,2253,710,1800,4895,5.63662598954444,5.89269945970284,5.13175321793165,5.17709577464789,5.46557222222222,5.69952625127681,145
"147",2013,7,5.81012987012987,77,6.036,5.39185185185185,5.43428571428571,5.61666666666667,5.85693548387097,50,27,14,15,62,6772,4492,2280,724,1815,4957,5.63859878913172,5.89429452359751,5.13483333333333,5.18206906077348,5.46682093663912,5.70149505749445,146
"148",2013,8,5.77882352941177,85,6.09166666666667,5.028,5.12941176470588,4.90909090909091,5.90810810810811,60,25,17,11,74,6857,4552,2305,741,1826,5031,5.64033702785475,5.89689608963093,5.13367462039046,5.18086099865047,5.46346111719606,5.70453408865037,147
"149",2013,9,5.47945205479452,73,5.97619047619048,4.80645161290323,5.1875,4.75,5.65254237288136,42,31,8,14,59,6930,4594,2336,749,1840,5090,5.63864227994228,5.89762102742708,5.12933219178082,5.18093190921228,5.45803260869565,5.70393143418468,148
"150",2013,10,5.77,65,5.925,5.39473684210526,6.3125,6.32272727272727,5.65740740740741,46,19,8,11,54,6995,4640,2355,757,1851,5144,5.63986290207291,5.89789245689655,5.13147346072187,5.19289035667107,5.46317125877904,5.70344304043546,149
"151",2013,11,5.34659090909091,88,5.49464285714286,5.0875,5.6,4.88235294117647,5.45774647887324,56,32,5,17,71,7083,4696,2387,762,1868,5215,5.63621925737682,5.89308368824531,5.13088395475492,5.19556167979003,5.45788543897216,5.70009798657718,150
"152",2013,12,5.64772727272727,110,5.78571428571429,5.32575757575758,5.61538461538461,5.27777777777778,5.72010869565217,77,33,13,18,92,7193,4773,2420,775,1886,5307,5.63639524537745,5.89135156086319,5.13354132231405,5.20260387096774,5.45616648992577,5.70044488411532,151
"153",2014,1,5.55934579439252,107,5.74671052631579,5.1,4.83333333333333,4.85882352941176,5.69166666666667,76,31,6,17,90,7300,4849,2451,781,1903,5397,5.63526589041096,5.88908455351619,5.13311709506324,5.19976696542894,5.4508302679979,5.70029849916621,152
"154",2014,2,5.42663551401869,107,5.66086956521739,5.00131578947368,4.73333333333333,5.1,5.51117647058823,69,38,15,22,85,7407,4918,2489,796,1925,5482,5.63225205886324,5.88588267588451,5.13110486139012,5.19097738693468,5.44682077922078,5.69736610726013,153
"155",2014,3,5.60859375,64,5.93333333333333,4.83947368421053,5.05,5.925,5.53557692307692,45,19,7,12,52,7471,4963,2508,803,1937,5534,5.63204939097845,5.88631291557526,5.12889553429027,5.18974844333749,5.44978316985028,5.69584586194435,154
"156",2014,4,5.52307692307692,65,5.74761904761905,5.11304347826087,5.78,5.625,5.51639344262295,42,23,10,4,61,7536,5005,2531,813,1941,5595,5.63110947452229,5.88514905094905,5.12875148162782,5.1970086100861,5.45014425553838,5.69388936550492,155
"157",2014,5,5.70762711864407,59,5.82674418604651,5.3875,5.86666666666667,6.13636363636364,5.609375,43,16,6,11,48,7595,5048,2547,819,1952,5643,5.6317038841343,5.8846515451664,5.13037691401649,5.20191452991453,5.4540112704918,5.69317047669679,156
"158",2014,6,5.45138888888889,72,5.53,5.27272727272727,4.75,5.58333333333333,5.425,50,22,8,12,60,7667,5098,2569,827,1964,5703,5.63001056475805,5.8811732051785,5.13159595173219,5.19754292623942,5.45480142566191,5.69034911450114,157
"159",2014,7,5.43611111111111,72,5.7225,5.078125,5.5625,4.75,5.54677419354839,40,32,8,10,62,7739,5138,2601,835,1974,5765,5.62820661584184,5.87993791358505,5.13093810073049,5.20103952095809,5.45123100303951,5.6888050303556,158
"160",2014,8,5.56576923076923,78,5.78,5.02045454545455,4.63888888888889,5.08666666666667,5.62826086956522,56,22,9,9,69,7817,5194,2623,844,1983,5834,5.62758359984649,5.87886041586446,5.13001143728555,5.19504502369668,5.44957639939486,5.68808896126157,159
"161",2014,9,5.57682926829268,82,6.02884615384615,4.79333333333333,4.34090909090909,5.78846153846154,5.53695652173913,52,30,11,13,69,7899,5246,2653,855,1996,5903,5.62705671604,5.88034712161647,5.12620429702224,5.18405614035088,5.45178356713427,5.68632237845164,160
"162",2014,10,5.31733333333333,75,5.55185185185185,4.71428571428571,5,5.66666666666667,5.25079365079365,54,21,3,12,63,7974,5300,2674,858,2008,5966,5.62414359167294,5.87700018867925,5.12296933433059,5.18341258741259,5.45306772908367,5.6817232651693,161
"163",2014,11,5.61070422535211,71,6.08333333333333,4.92620689655172,4.57818181818182,4.496,5.79344262295082,42,29,11,10,61,8045,5342,2703,869,2018,6027,5.6240249844624,5.87862242605766,5.12085830558639,5.17575143843499,5.44832507433102,5.68285399037664,162
"164",2014,12,5.57623762376238,101,6.00983606557377,4.915,5.0375,5.7,5.5546511627907,61,40,16,15,86,8146,5403,2743,885,2033,6113,5.62343248219985,5.88010383120489,5.11785636164783,5.17325197740113,5.4501819970487,5.68105038442663,163
"165",2015,1,5.64607142857143,140,5.99322916666667,4.88863636363636,4.43333333333333,5.10526315789474,5.73099173553719,96,44,15,19,121,8286,5499,2787,900,2052,6234,5.6238149891383,5.88207874158938,5.11423753139577,5.16092,5.44698830409357,5.68201973051011,164
"166",2015,2,5.84210526315789,95,6.27647058823529,4.74814814814815,4.50909090909091,5.93333333333333,5.825,68,27,11,15,80,8381,5567,2814,911,2067,6314,5.6262893449469,5.8868961738818,5.1107249466951,5.15304939626784,5.45051765844219,5.68383132720938,165
"167",2015,3,5.64141414141414,99,5.94776119402985,5,4.63636363636364,5.85714285714286,5.60588235294118,67,32,11,14,85,8480,5634,2846,922,2081,6399,5.62646591981132,5.8876199858005,5.10947997189037,5.14688503253796,5.45325324363287,5.68279590561025,166
"168",2015,4,5.635,98,6.01030303030303,4.8609375,3.65,5.22222222222222,5.727875,66,32,10,18,80,8578,5700,2878,932,2099,6479,5.62656341804616,5.88904052631579,5.10671646977068,5.13082403433477,5.45127203430205,5.68335252353759,167
"169",2015,5,5.58742647058824,68,6.19569444444444,4.903125,4.88333333333333,4.16666666666667,5.72491935483871,36,32,6,6,62,8646,5736,2910,938,2105,6541,5.62625560953042,5.89096513249651,5.10447766323024,5.12924093816631,5.44761045130641,5.68374652193854,168
"170",2015,6,5.46478873239437,71,5.67,4.97619047619048,4.55555555555556,5.33846153846154,5.49310344827586,50,21,9,13,58,8717,5786,2931,947,2118,6599,5.62494046116783,5.88905565157276,5.10355851245309,5.12378880675819,5.44694050991501,5.68207091983634,169
"171",2015,7,5.73019801980198,101,5.99788732394366,5.09666666666667,5.08333333333333,5.95,5.68253012048193,71,30,12,18,83,8818,5857,2961,959,2136,6682,5.62614606486732,5.89037493597405,5.10348868625464,5.12328258602711,5.4511797752809,5.68207662376534,170
"172",2015,8,5.56857142857143,105,5.84933333333333,4.86666666666667,5.4,5,5.69418604651163,75,30,10,19,86,8923,5932,2991,969,2155,6768,5.62546856438417,5.88985603506406,5.10111334002006,5.12613828689371,5.44720185614849,5.6822304964539,171
"173",2015,9,5.7972602739726,73,6.03617021276596,5.36538461538461,5.75,6.6125,5.69692307692308,47,26,10,8,65,8996,5979,3017,979,2163,6833,5.62686260560249,5.8910061883258,5.10339078554856,5.13251072522983,5.45151178918169,5.682370261964,172
"174",2015,10,5.53666666666667,90,5.85740740740741,5.05555555555556,5.21428571428571,5.15,5.63333333333333,54,36,14,18,72,9086,6033,3053,993,2181,6905,5.62596918335901,5.89070545333996,5.10282672780871,5.13366364551863,5.44902338376891,5.68185894279508,173
"175",2015,11,5.47549019607843,102,5.74426229508197,5.07560975609756,5.00714285714286,5.96875,5.38372093023256,61,41,14,16,86,9188,6094,3094,1007,2197,6991,5.62429865041358,5.88923957991467,5.10246606334842,5.1319046673287,5.4528083750569,5.67819138892862,174
"176",2015,12,5.44663865546219,119,5.77945205479452,4.91847826086957,5.29545454545455,5.225,5.49141414141414,73,46,11,20,99,9307,6167,3140,1018,2217,7090,5.62202707639411,5.88794000324307,5.09977070063694,5.13367190569745,5.45075327018493,5.67558335684062,175
"177",2016,1,5.41530612244898,147,5.58775510204082,5.07040816326531,5.465625,5.22826086956522,5.45,98,49,16,23,124,9454,6265,3189,1034,2240,7214,5.61881277766025,5.88324437350359,5.09931953590467,5.1388085106383,5.44846875,5.67170584973663,176
"178",2016,2,5.61296296296296,108,5.91168831168831,4.87096774193548,4.9375,6.03636363636364,5.5046511627907,77,31,8,22,86,9562,6342,3220,1042,2262,7300,5.6187467057101,5.88358971933144,5.09712111801242,5.13726295585413,5.45418656056587,5.66973780821918,177
"179",2016,3,5.79088235294118,102,6.03242857142857,5.2625,5.16666666666667,5.05,5.91862068965517,70,32,12,15,87,9664,6412,3252,1054,2277,7387,5.62056353476821,5.88521459762944,5.09874846248463,5.13759772296015,5.4515239350022,5.67266901313118,178
"180",2016,4,5.8328125,96,5.96180555555556,5.44583333333333,5.75,6.595,5.74418604651163,72,24,6,10,86,9760,6484,3276,1060,2287,7473,5.62265122950819,5.88606508328192,5.10129120879121,5.1410641509434,5.45652383034543,5.67349203800348,179
"181",2016,5,5.78815789473684,114,6.03961038961039,5.26486486486487,5.04545454545455,5.30909090909091,5.83932038834951,77,37,11,11,103,9874,6561,3313,1071,2298,7576,5.62456208223617,5.88786709343088,5.10311801992152,5.14008216619982,5.455818102698,5.67574656810982,180
"182",2016,6,6.07981651376147,109,6.08846153846154,6.05806451612903,5.67692307692308,6.38947368421053,6.01444444444444,78,31,13,19,90,9983,6639,3344,1084,2317,7666,5.62953280576981,5.89022382888989,5.11197069377991,5.14652029520296,5.46347432024169,5.67972293242891,181
"183",2016,7,5.51384905660377,106,5.58693670886076,5.3,5.325,5.39952380952381,5.54209411764706,79,27,8,21,85,10089,6718,3371,1092,2338,7751,5.6283173753593,5.8866573384936,5.1134767131415,5.14782783882784,5.4628999144568,5.67821364985163,182
"184",2016,8,5.81517857142857,112,6.06707317073171,5.12666666666667,4.72727272727273,6.47333333333333,5.71340206185567,82,30,11,15,97,10201,6800,3401,1103,2353,7848,5.63036898343299,5.88883294117647,5.11359306086445,5.14363372620127,5.46934126646834,5.67864857288481,183
"185",2016,9,5.65,110,5.9056338028169,5.18461538461538,4.45,6.2,5.56315789473684,71,39,10,15,95,10311,6871,3440,1113,2368,7943,5.63057841140529,5.88900654926503,5.11439825581395,5.13740161725068,5.4739695945946,5.67726727936548,184
"186",2016,10,5.86854838709677,124,6.19736842105263,5.34791666666667,4.86666666666667,5.5,5.9311320754717,76,48,15,18,106,10435,6947,3488,1128,2386,8049,5.63340622903689,5.89238002015258,5.11761181192661,5.13380141843972,5.47416596814753,5.68061051062244,185
"187",2016,11,5.8175,140,6.0280612244898,5.32619047619048,4.35,5.79347826086957,5.82222222222222,98,42,12,23,117,10575,7045,3530,1140,2409,8166,5.63584340425531,5.89426742370475,5.12009348441926,5.12555087719299,5.47721461187215,5.68263948077394,186
"188",2016,12,5.6336935483871,124,5.96413253012048,4.96475609756098,4.83333333333333,5.16666666666667,5.69796330275229,83,41,15,15,109,10699,7128,3571,1155,2424,8275,5.63581848770913,5.89508094837261,5.11830999719967,5.12175584415585,5.47529290429043,5.68284132930514,187
"189",2017,1,5.72178770949721,179,5.92558139534884,5.196,5.1,5.89230769230769,5.69281045751634,129,50,17,26,153,10878,7257,3621,1172,2450,8428,5.63723313109027,5.89562312250241,5.11938276719138,5.12144027303755,5.47971836734694,5.68302230659706,188
"190",2017,2,5.67064341085271,129,5.841,5.23055555555556,4.68461538461538,5.85294117647059,5.64297321428571,93,36,13,17,112,11007,7350,3657,1185,2467,8540,5.63762469337694,5.89493197278912,5.12047716707684,5.11664810126582,5.48229023104986,5.68249707259953,189
"191",2017,3,5.82814159292035,113,6.11913580246914,5.0915625,5.16666666666667,5.9016,5.80727272727273,81,32,6,25,88,11120,7431,3689,1191,2492,8628,5.63956070143885,5.89737585789261,5.12022634860396,5.11690008396306,5.48649678972713,5.68376970329161,190
"192",2017,4,5.57566371681416,113,5.95512820512821,4.73,4.69230769230769,5.15,5.61699029126214,78,35,13,10,103,11233,7509,3724,1204,2502,8731,5.63891792041307,5.89797576241843,5.11655880773362,5.11231561461794,5.4851518784972,5.68298190356202,191
"193",2017,5,5.87818181818182,110,6.12739726027397,5.38648648648649,5,5.66666666666667,5.91157894736842,73,37,12,15,95,11343,7582,3761,1216,2517,8826,5.64123820858679,5.90018464785017,5.1192143047062,5.11120723684211,5.48623361144219,5.68544244278269,192
"194",2017,6,5.6647191011236,89,5.89705882352941,4.91238095238095,5,5.15625,5.77616438356164,68,21,8,16,73,11432,7650,3782,1224,2533,8899,5.64142101119664,5.9001568627451,5.11806583818086,5.11048039215686,5.48414923016186,5.68618665018542,193
"195",2017,7,5.8719298245614,114,6.22162162162162,5.225,4.875,5.38947368421053,5.96842105263158,74,40,12,19,95,11546,7724,3822,1236,2552,8994,5.64369695132513,5.90323666494045,5.11918498168498,5.10819417475728,5.48344435736677,5.68916777851901,194
"196",2017,8,5.95530303030303,132,6.17319587628866,5.35142857142857,5.55555555555556,5.57894736842105,6.01858407079646,97,35,9,19,113,11678,7821,3857,1245,2571,9107,5.64721912998801,5.90658483569876,5.12129245527612,5.1114281124498,5.4841501361338,5.69325518831668,195
"197",2017,9,5.98246913580247,81,6.61102040816327,5.02,5.33333333333333,4.625,6.13123287671233,49,32,6,8,73,11759,7870,3889,1251,2579,9180,5.64952844629645,5.9109707750953,5.12045898688609,5.11249240607514,5.48148507173323,5.6967380174292,196
"198",2017,10,5.58464566929134,127,5.85060975609756,5.1,5.10833333333333,4.84615384615385,5.66885964912281,82,45,12,13,114,11886,7952,3934,1263,2592,9294,5.64883518425038,5.91034834004024,5.12022496187087,5.11245288994458,5.47829861111111,5.69639606197547,197
"199",2017,11,6.0216746031746,126,6.18390804597701,5.65976923076923,6.08333333333333,6.66666666666667,5.93451351351351,87,39,6,15,111,12012,8039,3973,1269,2607,9405,5.65274608724609,5.91330886926235,5.1255212685628,5.11704334121356,5.48513617184503,5.69920637958533,198
"200",2017,12,5.76761538461539,130,5.80098901098901,5.68974358974359,4.87692307692308,5.94444444444444,5.75446280991736,91,39,13,9,121,12142,8130,4012,1282,2616,9526,5.65397595124361,5.91205166051661,5.13100598205384,5.11460842433697,5.48671636085627,5.69990825110225,199
"201",2018,1,5.56494845360825,194,5.77045454545455,5.12741935483871,5.17391304347826,5.3,5.59540229885057,132,62,23,20,174,12336,8262,4074,1305,2636,9700,5.65257587548638,5.90978939724038,5.13095139911635,5.11565363984674,5.48529969650986,5.69803360824742,200
"202",2018,2,5.79816513761468,109,6.02,5.30882352941176,5.36363636363636,6.45833333333333,5.71649484536082,75,34,11,12,97,12445,8337,4108,1316,2648,9797,5.65385102450783,5.91078085642317,5.132423563778,5.117726443769,5.48970921450151,5.6982163927733,201
"203",2018,3,5.85293103448276,116,6.06,5.47414634146342,4.85818181818182,5.76315789473684,5.87051546391753,75,41,11,19,97,12561,8412,4149,1327,2667,9894,5.65568951516599,5.91211126961484,5.13580043383948,5.11557498116051,5.4916572928384,5.69990559935314,202
"204",2018,4,5.756875,112,6.17082191780822,4.98205128205128,5.23076923076923,5.725,5.76,73,39,13,10,102,12673,8485,4188,1340,2677,9996,5.6565837607512,5.91433706540955,5.13436867239733,5.11669253731343,5.49252895031752,5.70051880752301,203
"205",2018,5,5.65643101010101,99,5.66009808823529,5.64838709677419,4.76923076923077,5.37777777777778,5.68429633333333,68,31,13,9,90,12772,8553,4219,1353,2686,10086,5.65658257673035,5.91231575704431,5.13814553211662,5.11335402808574,5.4921444527178,5.70037405016855,204
"206",2018,6,6.0431532183908,87,5.94848142857143,6.29166666666667,6.57142857142857,6.04375,6.04301873239437,63,24,7,16,71,12859,8616,4243,1360,2702,10157,5.65919799362314,5.9125801996286,5.14467028046194,5.12085882352941,5.49541080680977,5.70276922319583,205
"207",2018,7,5.57993460784314,102,5.95333327868852,5.02439024390244,5.46666666666667,6.21666666666667,5.495037,61,41,12,12,90,12961,8677,4284,1372,2714,10247,5.65857420955173,5.9128666970151,5.14351914098973,5.1238833819242,5.49859985261607,5.70094469893627,206
"208",2018,8,5.50074074074074,81,5.90884615384615,4.76896551724138,5.75,5.3775,5.53107692307692,52,29,6,16,65,13042,8729,4313,1378,2730,10312,5.65759395261463,5.91284274601902,5.14100069557153,5.12660957910015,5.49789010989011,5.69987396528317,207
"209",2018,9,5.65769230769231,78,6.01509433962264,4.9,5.57142857142857,6.1,5.59264705882353,53,25,7,10,68,13120,8782,4338,1385,2740,10380,5.65759453734756,5.9134598417217,5.13961180267404,5.12885776173285,5.50008759124088,5.69917151541426,208
"210",2018,10,5.77675213675214,117,5.92816091954023,5.33766666666667,5.45833333333333,5.4375,5.83049504950495,87,30,6,16,101,13237,8869,4368,1391,2756,10481,5.65864775477827,5.91360405118954,5.14097206959707,5.13027893601726,5.49972423802613,5.70043701268963,209
"211",2018,11,5.64633027522936,109,5.8,5.41046511627907,5.63947368421053,5.53846153846154,5.6609375,66,43,19,13,96,13346,8935,4411,1410,2769,10577,5.65854715495279,5.91276489423615,5.14359918385853,5.13714042553192,5.49990610328639,5.70007850335634,210
"212",2018,12,5.44148648648649,148,5.67360824742268,5,4.91666666666667,5.76923076923077,5.40992592592593,97,51,12,13,135,13494,9032,4462,1422,2782,10712,5.65616646880095,5.91019644929141,5.14195786642761,5.13527988748242,5.50116462976276,5.69642180078417,211
"213",2019,1,5.88747058823529,170,6.14937007874016,5.11395348837209,5.17142857142857,5.63333333333333,5.93545454545455,127,43,14,27,143,13664,9159,4505,1436,2809,10855,5.65904422789812,5.91351286494159,5.14169056603774,5.13563231197772,5.50243503025988,5.69957073514509,212
"214",2019,2,5.53490566037736,106,5.87428571428571,4.875,5.11538461538461,5.375,5.55531914893617,70,36,13,12,94,13770,9229,4541,1449,2821,10949,5.65808862236746,5.91321533535594,5.13957630477868,5.13545065562457,5.50189294576392,5.69833229792675,213
"215",2019,3,5.9683,100,6.23115942028986,5.38322580645161,5.2,6,5.96477777777778,69,31,10,10,90,13870,9298,4572,1459,2831,11039,5.66032518601298,5.91557478274898,5.14122834645669,5.13589307745031,5.50365241963971,5.70050460458375,214
"216",2019,4,5.81123595505618,89,6.20217391304348,5.39302325581395,5.8,5.35,5.85679012345679,46,43,13,8,81,13959,9344,4615,1472,2839,11120,5.66128736514077,5.91698569456336,5.1435744312026,5.14175815217391,5.50321944346601,5.70164301528777,215
"217",2019,5,5.4484375,96,5.69537037037037,5.13095238095238,5.11111111111111,5.60714285714286,5.42134146341463,54,42,18,14,82,14055,9398,4657,1490,2853,11202,5.65983353468516,5.9157123143222,5.14346059695083,5.14138791946309,5.50372940764108,5.69959117389752,216
"218",2019,6,5.9678125,96,6.18522388059701,5.46551724137931,5,5.34375,6.092625,67,29,13,16,80,14151,9465,4686,1503,2869,11282,5.66192285562858,5.91762010882198,5.14545369184806,5.14016500332668,5.50283722551412,5.70237815369615,217
"219",2019,7,5.88095238095238,105,6.22191780821918,5.103125,5,6.10714285714286,5.84615384615385,73,32,6,14,91,14256,9538,4718,1509,2883,11373,5.66353607814253,5.91994908052003,5.14516659601526,5.13960768721007,5.50577176552203,5.70352856150532,218
"220",2019,8,5.70096,125,6.02431818181818,4.93189189189189,5.03846153846154,6.675,5.59752212389381,88,37,13,12,113,14381,9626,4755,1522,2895,11486,5.66386136777693,5.92090321317266,5.14350704521556,5.13874375821288,5.5106183074266,5.70248566341633,219
"221",2019,9,5.47028571428571,105,5.665,5.04545454545455,4.5,4.94166666666667,5.53849462365591,72,33,7,12,93,14486,9698,4788,1529,2907,11579,5.66245825831837,5.91900333367705,5.14283124477861,5.13581948986266,5.50826969384245,5.70116852318853,220
"222",2019,10,5.50760816793893,131,5.8130072826087,4.78717948717949,4.42857142857143,5.15384615384615,5.54658194915254,92,39,14,13,118,14617,9790,4827,1543,2920,11697,5.66107046589587,5.91800725229826,5.1399577377253,5.12940246273493,5.50669178082192,5.69960904505429,221
"223",2019,11,5.9154796124031,129,6.09110079545455,5.53853658536585,5.91176470588235,6.288,5.88417537815126,88,41,17,10,119,14746,9878,4868,1560,2930,11816,5.66329607147701,5.91954928831747,5.1433147082991,5.1379282051282,5.50935836177475,5.70146782921462,222
"224",2019,12,5.46462567375887,141,5.73949170212766,4.91489361702128,5.23684210526316,6.25,5.39156759689922,94,47,19,12,129,14887,9972,4915,1579,2942,11945,5.6614143944381,5.91785199458484,5.14113041709054,5.13911842938569,5.51237933378654,5.69812106236919,223
"225",2020,1,5.63313405797101,207,5.81376851851852,5.29444444444444,5.88095238095238,6.10344827586207,5.55650983146067,135,72,21,29,178,15094,10107,4987,1600,2971,12123,5.66102655624751,5.9164617433462,5.14334389412473,5.148855,5.51814877145742,5.6960418081333,224
"226",2020,2,5.6566520979021,143,5.98988764044944,5.10743055555556,4.76772058823529,5.7,5.651572265625,89,54,17,15,128,15237,10196,5041,1617,2986,12251,5.66098550173918,5.91710267163594,5.14295918468558,5.14484802102659,5.51906229068989,5.69557718471961,225
"227",2020,3,5.81086956521739,115,6.00301204819277,5.3125,6.09090909090909,5.77777777777778,5.81701030927835,83,32,11,18,97,15352,10279,5073,1628,3004,12348,5.66210826537259,5.9177963654052,5.14402863197319,5.15124032555283,5.52061251664448,5.69653110544218,226
"228",2020,4,6.09445276119403,134,6.16937988372093,5.96020833333333,6.025,6.28571428571429,6.0589085840708,86,48,20,21,113,15486,10365,5121,1648,3025,12461,5.66584933230014,5.91988379257115,5.15167882249561,5.16184420509709,5.52592396694215,5.69981725062194,227
"229",2020,5,5.755,140,6.01634615384615,5,5.32142857142857,5.575,5.771875,104,36,14,12,128,15626,10469,5157,1662,3037,12589,5.66664807116344,5.92084205845831,5.15061998254799,5.16318847773767,5.52611787948634,5.70054990547303,228
"230",2020,6,5.98617886178862,123,6.11011235955056,5.66176470588235,5.27272727272727,6.4,5.9152380952381,89,34,11,18,105,15749,10558,5191,1673,3055,12694,5.6691436129278,5.92243753646524,5.15396787709497,5.16390869695158,5.53126677577742,5.70232572553962,229
"231",2020,7,5.64356435643564,101,5.80281690140845,5.26666666666667,4.57142857142857,5.67857142857143,5.63793103448276,71,30,7,14,87,15850,10629,5221,1680,3069,12781,5.66898061577287,5.92163848998024,5.15461544723233,5.1614400297619,5.53193874226133,5.70188739222283,230
"232",2020,8,5.85849056603774,106,5.88529411764706,5.81052631578947,6,6.26923076923077,5.8010752688172,68,38,13,13,93,15956,10697,5259,1693,3082,12874,5.67023958134871,5.92140745162195,5.1593548678456,5.16787906083875,5.53504866969501,5.70260391176013,231
"233",2020,9,5.90458333333333,120,6.0695652173913,5.68137254901961,5.125,5.85526315789474,5.91386138613861,69,51,14,19,101,16076,10766,5310,1707,3101,12975,5.67198885046031,5.92235700445848,5.16436859698682,5.16752738722906,5.53701064172848,5.7042483822736,232
"234",2020,10,5.61472868217054,129,5.96071428571429,4.96888888888889,5.31538461538462,5.00909090909091,5.67118644067797,84,45,13,11,118,16205,10850,5355,1720,3112,13093,5.67153303054613,5.9226539640553,5.16272591036414,5.1686449127907,5.53514460154242,5.70395041319789,233
"235",2020,11,5.58175675675676,148,5.84663461538462,4.95568181818182,5.08928571428571,5.23529411764706,5.62671755725191,104,44,14,17,131,16353,10954,5399,1734,3129,13224,5.67072052589739,5.92193221745481,5.16103857195777,5.1680041810842,5.5335155001598,5.70318532667877,234
"236",2020,12,5.71742857142857,175,6.19279279279279,4.89296875,4.775,5.52058823529412,5.73860759493671,111,64,20,17,158,16528,11065,5463,1754,3146,13382,5.6712150750242,5.92464939087212,5.15789808713161,5.16352294754846,5.53344564526383,5.7036035540278,235
"237",2021,1,5.74022727272727,176,5.79105691056911,5.6222641509434,5.97,5.97272727272727,5.70701298701299,123,53,14,22,154,16704,11188,5516,1768,3168,13536,5.67194221503831,5.92318068555595,5.1623599075417,5.1699090780543,5.53649621212121,5.70364234338061,236
"238",2021,2,5.62783195121951,123,6.015291625,4.90697674418605,4.56666666666667,5.1695652173913,5.7332333,80,43,15,23,100,16827,11268,5559,1783,3191,13636,5.6716197830867,5.92383465033724,5.16038446663069,5.16483412787437,5.53385145722344,5.70385934951599,237
"239",2021,3,5.60805185185185,135,5.86818888888889,5.08777777777778,5.26470588235294,5.6187,5.6072,90,45,17,10,125,16962,11358,5604,1800,3201,13761,5.6711138480132,5.92339371720373,5.15980143647395,5.16577736111111,5.5341165260856,5.7029813305719,238
"240",2021,4,5.95593220338983,118,6.18571428571429,5.52439024390244,4.90909090909091,6.04,5.93877551020408,77,41,11,20,98,17080,11435,5645,1811,3221,13859,5.67308156264637,5.925160108439,5.16244946855624,5.16421824958586,5.53725768394909,5.70464868244462,239
"241",2021,5,5.41120689655172,116,5.68026315789474,4.9,4.80769230769231,5.55555555555556,5.38469387755102,76,40,13,18,98,17196,11511,5685,1824,3239,13957,5.67131502035357,5.9235432056294,5.1606028583993,5.16167722039474,5.53735937017598,5.70240209858852,240
"242",2021,6,5.7705737704918,122,6.02227848101266,5.30813953488372,5.475,5.34733333333333,5.82990654205607,79,43,8,15,107,17318,11590,5728,1832,3254,14064,5.67201426781383,5.92421620707506,5.16171041375698,5.16304544213974,5.53648340503995,5.70337216225825,241
"243",2021,7,5.61089108910891,101,6.05555555555556,4.87368421052632,4,5.41538461538462,5.63977272727273,63,38,9,13,88,17419,11653,5766,1841,3267,14152,5.67165985934899,5.92492627134643,5.15981221817551,5.15735972297664,5.53600153045608,5.70297668810062,242
"244",2021,8,5.64158415841584,101,5.94202898550725,4.99375,4.88888888888889,5.13888888888889,5.75060240963855,69,32,9,18,83,17520,11722,5798,1850,3285,14235,5.67148647773972,5.92502694420747,5.158895696792,5.15605364864865,5.53382557077626,5.70325437934668,243
"245",2021,9,5.54870689655172,116,5.86,4.97926829268293,4.85,5.81818181818182,5.52047619047619,75,41,10,11,105,17636,11797,5839,1860,3296,14340,5.67067890054434,5.92461353225396,5.15763439801336,5.15440819892473,5.53477457524272,5.70191604532775,244
"246",2021,10,5.59848739495798,119,5.82103896103896,5.19047619047619,4.65555555555556,5.3,5.62587155963303,77,42,9,10,109,17755,11874,5881,1869,3306,14449,5.67019504871867,5.92394187636854,5.15786894235674,5.15200601926164,5.53406442831216,5.70134238286386,245
"247",2021,11,5.62178217821782,101,6.1140625,4.77027027027027,4.92727272727273,5.76,5.59767441860465,64,37,11,15,86,17856,11938,5918,1880,3321,14535,5.66992120799731,5.92496111911543,5.15544563197026,5.15069109042553,5.53508491418248,5.70072900515996,246
"248",2021,12,5.64348484848485,132,5.85786666666667,5.36140350877193,4.84615384615385,5.12307692307692,5.70033613445378,75,57,13,13,119,17988,12013,5975,1893,3334,14654,5.66972721203024,5.92454223258137,5.15741041841004,5.14859970945589,5.53347840431914,5.70072581479459,247
"249",2022,1,5.66037688442211,199,6.00348739495798,5.15,5.19047619047619,5.35714285714286,5.69615168539326,119,80,21,21,178,18187,12132,6055,1914,3355,14832,5.66962490185297,5.92531658753709,5.15731251032205,5.149059169279,5.53237466467959,5.70067092030744,248
"250",2022,2,5.52303921568627,102,6.13396226415094,4.86224489795918,4.48611111111111,5.21470588235294,5.58470588235294,53,49,18,17,85,18289,12185,6104,1932,3372,14917,5.6688073754716,5.92622411489536,5.1549438482962,5.14288263457557,5.5307731316726,5.70001012871221,249
"251",2022,3,5.56082474226804,97,5.73818181818182,5.32857142857143,5.25,5.82727272727273,5.52674418604651,55,42,12,11,86,18386,12240,6146,1944,3383,15003,5.66823768573915,5.92537915359477,5.15613036934592,5.14354385288066,5.53173721548921,5.69901693594614,250
"252",2022,4,5.87112244897959,98,6.22602941176471,5.06666666666667,4.5,5.65222222222222,5.89325842696629,68,30,6,9,89,18484,12308,6176,1950,3392,15092,5.66931335695737,5.92704020474488,5.15569579825129,5.14156371794872,5.53205689858491,5.70016240988603,251
"253",2022,5,5.55727272727273,110,5.90234375,5.07717391304348,5.6,5.41428571428571,5.578125,64,46,18,14,96,18594,12372,6222,1968,3406,15188,5.66865053727009,5.92691245069512,5.15511527643844,5.14575673272358,5.5315728126835,5.69939103831972,252
"254",2022,6,5.83282417582418,91,6.15961538461538,5.39710256410256,5.5,5.84615384615385,5.83060256410256,52,39,10,13,78,18685,12424,6261,1978,3419,15266,5.66945009847471,5.92788641661301,5.15662262418144,5.14754764914055,5.53276893828605,5.70006144962662,253
"255",2022,7,5.73,80,5.95,5.27307692307692,6.66666666666667,5.57142857142857,5.74520547945205,54,26,3,7,73,18765,12478,6287,1981,3426,15339,5.66970823820943,5.92798211572367,5.15710422299984,5.14984818273599,5.53284792761238,5.70027629506486,254
"256",2022,8,5.83611111111111,108,6.12676056338028,5.27837837837838,4.88,6.13,5.80612244897959,71,37,10,10,98,18873,12549,6324,1991,3436,15437,5.670660472103,5.92910676866683,5.15781376502214,5.14849284279257,5.5345858556461,5.70094824706873,255
"257",2022,9,5.29867346938776,98,5.77636363636364,4.68767441860465,4.5475,5.448125,5.26951219512195,55,43,12,16,82,18971,12604,6367,2003,3452,15519,5.66873886932687,5.92844024436687,5.15463864457358,5.14489228657014,5.53418511008111,5.69866860558025,256
"258",2022,10,5.93068181818182,88,6.36078431372549,5.33783783783784,5.275,5.8,5.93855421686747,51,37,20,5,83,19059,12655,6404,2023,3457,15602,5.66994832310194,5.93018260292374,5.15569710337289,5.14617857142857,5.53456956899046,5.69994475644148,257
"259",2022,11,5.98746031746032,126,6.14693333333333,5.75294117647059,5.01111111111111,5.71176470588235,6.03045871559633,75,51,9,17,109,19185,12730,6455,2032,3474,15711,5.6720336247068,5.93145961036921,5.16041584043377,5.14558033956693,5.53543667242372,5.70223780090382,258
"260",2022,12,5.62418032786885,122,6.11769230769231,5.06140350877193,5.4875,5.81578947368421,5.58883495145631,65,57,16,19,103,19307,12795,6512,2048,3493,15814,5.67173124203657,5.93240569284877,5.1595491784398,5.14825158691406,5.53696163756084,5.70149918363475,259
