"","year","month","avg_rating","no_ratings","avg_rating_owned","avg_rating_not_owned","avg_rating_prev_owned","avg_rating_comment","avg_rating_no_comment","no_ratings_owned","no_ratings_not_owned","no_ratings_prev_owned","no_ratings_comment","no_ratings_no_comment","cum_no_ratings","cum_no_ratings_owned","cum_no_ratings_not_owned","cum_no_ratings_prev_owned","cum_no_ratings_comment","cum_no_ratings_no_comment","cum_avg_rating","cum_avg_rating_owned","cum_avg_rating_not_owned","cum_avg_rating_prev_owned","cum_avg_rating_comment","cum_avg_rating_no_comment","month_after_release"
"1",2004,10,9.5,4,9.5,NA,NA,9.66666666666667,9,4,0,0,3,1,4,4,0,0,3,1,9.5,9.5,NA,NA,9.66666666666667,9,-3
"2",2004,11,10,1,10,NA,NA,10,NA,1,0,0,1,0,5,5,0,0,4,1,9.6,9.6,NA,NA,9.75,9,-2
"3",2004,12,7,1,NA,7,7,NA,7,0,1,1,0,1,6,5,1,1,4,2,9.16666666666667,9.6,7,7,9.75,8,-1
"4",2005,1,8,5,9,4,NA,9.75,6.83333333333333,4,1,0,2,3,11,9,2,1,6,5,8.63636363636364,9.33333333333333,5.5,7,9.75,7.3,0
"5",2005,2,7.7,5,8.375,5,NA,8,7.25,4,1,0,3,2,16,13,3,1,9,7,8.34375,9.03846153846154,5.33333333333333,7,9.16666666666667,7.28571428571429,1
"6",2005,3,8.78571428571429,7,9.3,7.5,NA,8.58333333333333,10,5,2,0,6,1,23,18,5,1,15,8,8.47826086956522,9.11111111111111,6.2,7,8.93333333333333,7.625,2
"7",2005,4,8,3,8,8,8,8,8,2,1,1,2,1,26,20,6,2,17,9,8.42307692307692,9,6.5,7.5,8.82352941176471,7.66666666666667,3
"8",2005,5,6.125,4,9,5.16666666666667,NA,6.5,5.75,1,3,0,2,2,30,21,9,2,19,11,8.11666666666667,9,6.05555555555556,7.5,8.57894736842105,7.31818181818182,4
"9",2005,6,8.45,2,8.45,NA,NA,8.45,NA,2,0,0,2,0,32,23,9,2,21,11,8.1375,8.95217391304348,6.05555555555556,7.5,8.56666666666667,7.31818181818182,5
"10",2005,7,6.6,5,7.75,5.83333333333333,NA,6.16666666666667,7.25,2,3,0,3,2,37,25,12,2,24,13,7.92972972972973,8.856,6,7.5,8.26666666666667,7.30769230769231,6
"11",2005,8,8.05555555555556,9,9.33333333333333,7.41666666666667,8,8.5,7.16666666666667,3,6,3,6,3,46,28,18,5,30,16,7.95434782608696,8.90714285714286,6.47222222222222,7.8,8.31333333333333,7.28125,7
"12",2005,9,8.27083333333333,24,8.88235294117647,6.78571428571429,8,8.84615384615385,7.59090909090909,17,7,2,13,11,70,45,25,7,43,27,8.06285714285714,8.89777777777778,6.56,7.85714285714286,8.47441860465116,7.40740740740741,8
"13",2005,10,7.73529411764706,34,7.96,7.11111111111111,8,7.5,7.94444444444444,25,9,2,16,18,104,70,34,9,59,45,7.95576923076923,8.56285714285714,6.70588235294118,7.88888888888889,8.21016949152542,7.62222222222222,9
"14",2005,11,7.29375,32,7.86,6.35,7.75,7.33157894736842,7.23846153846154,20,12,2,19,13,136,90,46,11,78,58,7.8,8.40666666666667,6.61304347826087,7.86363636363636,7.99615384615385,7.53620689655172,10
"15",2005,12,7.06034482758621,29,7.625,6.13636363636364,8,6.75,7.27941176470588,18,11,1,12,17,165,108,57,12,90,75,7.67,8.27638888888889,6.52105263157895,7.875,7.83,7.478,11
"16",2006,1,7.234375,32,7.86842105263158,6.30769230769231,6.6,7.47058823529412,6.96666666666667,19,13,5,17,15,197,127,70,17,107,90,7.5992385786802,8.21535433070866,6.48142857142857,7.5,7.77289719626168,7.39277777777778,12
"17",2006,2,7.35333333333333,30,7.63478260869565,6.42857142857143,6,7.33333333333333,7.38333333333333,23,7,1,18,12,227,150,77,18,125,102,7.56674008810573,8.12633333333333,6.47662337662338,7.41666666666667,7.7096,7.39166666666667,13
"18",2006,3,7.36363636363636,22,7.44117647058824,7.1,8.5,7.88888888888889,7,17,5,2,9,13,249,167,82,20,134,115,7.54879518072289,8.0565868263473,6.51463414634146,7.525,7.72164179104478,7.34739130434783,14
"19",2006,4,7.5,18,7.78571428571429,6.5,8,7.14285714285714,7.72727272727273,14,4,1,7,11,267,181,86,21,141,126,7.54550561797753,8.03563535911602,6.51395348837209,7.54761904761905,7.69290780141844,7.38055555555556,15
"20",2006,5,7.10869565217391,23,7.20833333333333,7,6,7.45454545454545,6.79166666666667,12,11,1,11,12,290,193,97,22,152,138,7.51086206896552,7.98419689119171,6.56907216494845,7.47727272727273,7.67565789473684,7.32934782608696,16
"21",2006,6,7.13636363636364,33,7.825,6.07692307692308,6.5,6.85714285714286,7.21153846153846,20,13,5,7,26,323,213,110,27,159,164,7.47260061919505,7.96924882629108,6.51090909090909,7.2962962962963,7.63962264150943,7.31067073170732,17
"22",2006,7,7.03333333333333,30,7.575,5.95,7,6.69230769230769,7.29411764705882,20,10,2,13,17,353,233,120,29,172,181,7.43526912181303,7.93540772532189,6.46416666666667,7.27586206896552,7.56802325581395,7.30911602209945,18
"23",2006,8,7.784375,32,7.89583333333333,7.45,7.5,7.76666666666667,7.8,24,8,4,15,17,385,257,128,33,187,198,7.46428571428571,7.93171206225681,6.52578125,7.3030303030303,7.58395721925134,7.35126262626263,19
"24",2006,9,7.17241379310345,29,7.45833333333333,5.8,NA,7.63636363636364,6.88888888888889,24,5,0,11,18,414,281,133,33,198,216,7.44384057971014,7.89128113879003,6.4984962406015,7.3030303030303,7.58686868686869,7.31273148148148,20
"25",2006,10,7.32894736842105,38,7.84782608695652,6.53333333333333,7,7.33333333333333,7.32608695652174,23,15,4,15,23,452,304,148,37,213,239,7.4341814159292,7.88799342105263,6.50202702702703,7.27027027027027,7.56901408450704,7.31401673640167,21
"26",2006,11,6.88777777777778,45,7.578,6.025,6.9375,6.22222222222222,7.33148148148148,25,20,8,18,27,497,329,168,45,231,266,7.38470824949698,7.8644376899696,6.44523809523809,7.21111111111111,7.46406926406926,7.31578947368421,22
"27",2006,12,7.09583333333333,48,7.5,6.35882352941176,6.65714285714286,6.82857142857143,7.3037037037037,31,17,7,21,27,545,360,185,52,252,293,7.35926605504587,7.83305555555555,6.4372972972973,7.13653846153846,7.41111111111111,7.31467576791809,23
"28",2007,1,6.90869565217391,46,7.27222222222222,5.6,7.33333333333333,6.54166666666667,7.30909090909091,36,10,3,24,22,591,396,195,55,276,315,7.32419627749577,7.78207070707071,6.39435897435897,7.14727272727273,7.33550724637681,7.31428571428571,24
"29",2007,2,6.814851875,32,7.68333333333333,6.04854470588235,7.1,6.47916666666667,7.016263,15,17,5,12,20,623,411,212,60,288,335,7.29803412520064,7.77846715328467,6.36662858490566,7.14333333333333,7.29982638888889,7.29649331343284,25
"30",2007,3,7.12296296296296,27,7.34842105263158,6.5875,7,7.66666666666667,6.85111111111111,19,8,1,9,18,650,430,220,61,297,353,7.29076193846154,7.75946511627907,6.37466027272727,7.14098360655738,7.31094276094276,7.2737826062323,26
"31",2007,4,6.87837837837838,37,7.38636363636364,6.13333333333333,7.14285714285714,6.58333333333333,7.02,22,15,7,12,25,687,452,235,68,309,378,7.26855205240174,7.74130530973451,6.35925642553191,7.14117647058824,7.2826860841424,7.25699804232804,27
"32",2007,5,7.25925925925926,27,7.58947368421053,6.475,7.4,7.28,7.24705882352941,19,8,2,10,17,714,471,243,70,319,395,7.2682006442577,7.73518046709129,6.36306691358025,7.14857142857143,7.28260188087774,7.25657027848101,28
"33",2007,6,6.60526315789474,38,7.41666666666667,5.875,6.42857142857143,6.55882352941176,6.64285714285714,18,20,7,17,21,752,489,263,77,336,416,7.23470114361702,7.72345603271984,6.32595155893536,7.08311688311688,7.24598214285714,7.22558956730769,29
"34",2007,7,7.48333333333333,36,7.92,6.49090909090909,8.35,7.625,7.44285714285714,25,11,2,8,28,788,514,274,79,344,444,7.24605997461929,7.73301556420233,6.33257394160584,7.11518987341772,7.25479651162791,7.23929112612613,30
"35",2007,8,7.18823529411765,34,7.39130434782609,6.76363636363636,8.4,7.06,7.28947368421053,23,11,1,15,19,822,537,285,80,359,463,7.24366819951338,7.71837988826816,6.34921143859649,7.13125,7.2466573816156,7.24135045356372,31
"36",2007,9,7.21428571428571,35,7.69,6.58,7.16666666666667,7.4,7.01764705882353,20,15,3,18,17,857,557,300,83,377,480,7.24246821470245,7.71736086175942,6.36075086666667,7.13253012048193,7.25397877984085,7.233427625,32
"37",2007,10,6.77441860465116,43,7.5,6.08181818181818,6.2,6.52631578947368,6.97083333333333,21,22,9,19,24,900,578,322,92,396,504,7.22010584444444,7.70946366782007,6.34169335403727,7.04130434782609,7.21906565656566,7.22092313492064,33
"38",2007,11,6.49038461538461,52,7.16666666666667,5.56818181818182,6.35714285714286,6.67857142857143,6.42105263157895,30,22,7,14,38,952,608,344,99,410,542,7.18024712184874,7.68268092105263,6.29222459302326,6.99292929292929,7.20060975609756,7.16484365313653,34
"39",2007,12,6.78048780487805,41,7.24,6.0625,6.66666666666667,6.14285714285714,7.11111111111111,25,16,6,14,27,993,633,360,105,424,569,7.16374145015106,7.66519747235387,6.28201461111111,6.97428571428572,7.16568396226415,7.1622939543058,35
"40",2008,1,6.91111111111111,45,7.13333333333333,6.46666666666667,6.6,7.16666666666667,6.74074074074074,30,15,5,18,27,1038,663,375,110,442,596,7.15278926782273,7.64113122171946,6.28940069333333,6.95727272727273,7.16572398190045,7.14319674496644,36
"41",2008,2,7.18809523809524,42,7.496875,6.2,6.83333333333333,7.25,7.15714285714286,32,10,6,14,28,1080,695,385,116,456,624,7.15416227777778,7.63448920863309,6.2870785974026,6.95086206896552,7.16831140350877,7.14382253205128,37
"42",2008,3,7.11071428571429,28,7.61666666666667,6.2,7.125,6.5,7.31428571428571,18,10,4,7,21,1108,713,395,120,463,645,7.15306431407942,7.63403927068724,6.28487407594937,6.95666666666667,7.15820734341253,7.14937249612403,38
"43",2008,4,7.196875,32,7.33913043478261,6.83333333333333,6.25,6.78571428571429,7.312,23,9,2,7,25,1140,736,404,122,470,670,7.1542940877193,7.62482336956522,6.29709222772277,6.94508196721311,7.15265957446809,7.15544068656716,39
"44",2008,5,6.91379310344828,29,7.29545454545455,5.71428571428571,6.25,7.29166666666667,6.64705882352941,22,7,4,12,17,1169,758,411,126,482,687,7.1483278528657,7.61526385224274,6.28716608272506,6.92301587301587,7.15612033195021,7.14286064046579,40
"45",2008,6,6.66666666666667,27,7.30555555555556,5.38888888888889,5.2,6.58333333333333,6.73333333333333,18,9,5,12,15,1196,776,420,131,494,702,7.13745423076923,7.60807989690722,6.26791728571429,6.85725190839695,7.14220647773279,7.13411005698006,41
"46",2008,7,6.89245283018868,53,7.39655172413793,6.28333333333333,6.19,7.10416666666667,6.71724137931034,29,24,20,24,29,1249,805,444,151,518,731,7.12705785428343,7.60045962732919,6.26875058558559,6.76887417218543,7.14044401544402,7.1175721751026,42
"47",2008,8,7.11083333333333,60,7.37236842105263,6.65909090909091,5.8125,7.11190476190476,7.11025641025641,38,22,8,21,39,1309,843,466,159,539,770,7.12631417876241,7.59017793594306,6.2871786695279,6.72075471698113,7.13933209647495,7.11720163636364,43
"48",2008,9,6.8,47,7.35217391304348,6.27083333333333,6.35714285714286,6.755,6.83333333333333,23,24,14,20,27,1356,866,490,173,559,797,7.11500387905605,7.58385681293303,6.28637808163265,6.69132947976879,7.12558139534884,7.10758501882058,44
"49",2008,10,6.85714285714286,35,7.57142857142857,5.78571428571429,5.75,6.34615384615385,7.15909090909091,21,14,6,13,22,1391,887,504,179,572,819,7.108515643422,7.58356257046223,6.27247075396825,6.65977653631285,7.10786713286713,7.10896857142857,45
"50",2008,11,6.88863636363636,44,7.064,6.65789473684211,6.66666666666667,6.75,6.95333333333333,25,19,12,14,30,1435,912,523,191,586,849,7.10177370034843,7.5693201754386,6.28647277246654,6.66020942408377,7.09931740614335,7.10346909305065,46
"51",2008,12,6.78333333333333,42,7.08214285714286,6.18571428571429,6.28181818181818,6.72142857142857,6.81428571428571,28,14,11,14,28,1477,940,537,202,600,877,7.09271852403521,7.5548085106383,6.28384592178771,6.63960396039604,7.0905,7.09423632839225,47
"52",2009,1,6.875,56,7.14166666666667,6.56730769230769,6.71875,6.6304347826087,7.04545454545455,30,26,16,23,33,1533,970,563,218,623,910,7.0847653359426,7.54203092783505,6.29693651865009,6.6454128440367,7.07351524879615,7.09246731868132,48
"53",2009,2,6.73258426966292,89,7.25,6.34705882352941,6.30434782608696,6.98823529411765,6.67222222222222,38,51,23,17,72,1622,1008,614,241,640,982,7.06544097410604,7.53102182539683,6.30109977198697,6.61286307053942,7.07125,7.0616550509165,49
"54",2009,3,6.648,75,7.01,6.23428571428571,6.1,6.46923076923077,6.74285714285714,40,35,15,26,49,1697,1048,649,256,666,1031,7.04699190335887,7.51113549618321,6.29749654853621,6.5828125,7.04774774774775,7.04650364694471,50
"55",2009,4,6.77333333333333,75,7.28125,6.3953488372093,6.46875,7.19444444444444,6.64035087719298,32,43,16,18,57,1772,1080,692,272,684,1088,7.03540928893905,7.50432407407407,6.30357696531792,6.57610294117647,7.0516081871345,7.02522542279412,51
"56",2009,5,6.56867469879518,83,7.64,5.9622641509434,5.90769230769231,6.52307692307692,6.58947368421053,30,53,26,26,57,1855,1110,745,298,710,1145,7.01452574663073,7.50799099099099,6.27929565100671,6.51778523489933,7.03225352112676,7.00353297816594,52
"57",2009,6,6.80357142857143,56,7.3,6.40322580645161,6.6,6.57272727272727,6.86,25,31,13,11,45,1911,1135,776,311,721,1190,7.00834393511251,7.50340969162996,6.28424646907216,6.52122186495177,7.0252427184466,6.9981052605042,53
"58",2009,7,6.67301587301587,63,6.948,6.4921052631579,6.71052631578947,6.82692307692308,6.56486486486487,25,38,19,26,37,1974,1160,814,330,747,1227,6.99764197568389,7.49143965517241,6.29394995085995,6.53212121212121,7.01834002677376,6.98504096169519,54
"59",2009,8,6.4537037037037,54,7.11363636363636,6,5.75,6.0625,6.61842105263158,22,32,16,16,38,2028,1182,846,346,763,1265,6.9831584122288,7.48440778341794,6.28283127659574,6.49595375722543,6.99829619921363,6.97402787351779,55
"60",2009,9,6.63275862068966,58,7.24074074074074,6.10322580645161,6.11764705882353,6.65,6.625,27,31,17,18,40,2086,1209,877,363,781,1305,6.97341575263663,7.47896608767577,6.27648262257697,6.47823691460055,6.99026888604354,6.96332970114943,56
"61",2009,10,7.07857142857143,70,7.34146341463415,6.70689655172414,6.76923076923077,6.81818181818182,7.1271186440678,41,29,13,11,59,2156,1250,906,376,792,1364,6.97682989795918,7.474456,6.29025966887417,6.48829787234043,6.98787878787879,6.97041441348974,57
"62",2009,11,6.74416666666667,72,7.11538461538461,6.53434782608696,6.70769230769231,6.40416666666667,6.91416666666667,26,46,26,24,48,2228,1276,952,402,816,1412,6.96931115798923,7.4671394984326,6.30205384453781,6.50248756218906,6.97071078431373,6.96850230878187,58
"63",2009,12,6.79115853658537,82,7.15178571428571,6.4125,6.36666666666667,6.60434782608696,6.86398305084746,42,40,30,23,59,2310,1318,992,432,839,1471,6.96298712554113,7.45709028831563,6.30650731854839,6.49305555555556,6.96066746126341,6.96431016995241,59
"64",2010,1,6.61447368421053,76,7.10285714285714,6.19756097560976,6.44545454545455,6.56190476190476,6.63454545454545,35,41,22,21,55,2386,1353,1033,454,860,1526,6.95188611064543,7.44792682926829,6.30218321393998,6.49074889867842,6.95093023255814,6.95242480996068,60
"65",2010,2,6.85555555555556,54,7.08695652173913,6.68387096774194,6.7,7.16666666666667,6.73589743589744,23,31,10,15,39,2440,1376,1064,464,875,1565,6.94975420491803,7.44189316860465,6.31330381578947,6.49525862068966,6.95462857142857,6.9470289201278,61
"66",2010,3,6.87391304347826,46,7.1037037037037,6.54736842105263,6.56923076923077,6.99,6.84166666666667,27,19,13,10,36,2486,1403,1083,477,885,1601,6.94835086886565,7.43538488952245,6.31741021237304,6.49727463312369,6.95502824858757,6.94465975015615,62
"67",2010,4,6.57714285714286,35,7.15238095238095,5.71428571428571,6.33333333333333,6.77777777777778,6.50769230769231,21,14,6,9,26,2521,1424,1097,483,894,1627,6.94319724712416,7.4312113764045,6.30971309024612,6.4952380952381,6.95324384787472,6.93767686539644,63
"68",2010,5,6.44347826086956,46,6.39032258064516,6.55333333333333,7,5.42857142857143,6.62564102564103,31,15,5,7,39,2567,1455,1112,488,901,1666,6.93424240747955,7.40903436426117,6.31299933453237,6.50040983606558,6.94139844617092,6.93037230492197,64
"69",2010,6,6.91351351351351,37,7.38636363636364,6.22,5.9375,6.1,7.13793103448276,22,15,8,8,29,2604,1477,1127,496,909,1695,6.93394787250384,7.40869668246446,6.31176154392192,6.49133064516129,6.93399339933994,6.93392345722714,65
"70",2010,7,6.70454545454545,44,6.99642857142857,6.19375,6.5125,7.14285714285714,6.62162162162162,28,16,8,7,37,2648,1505,1143,504,916,1732,6.93013604984894,7.40102657807309,6.3101095888014,6.49166666666667,6.93558951965066,6.92725188221709,66
"71",2010,8,6.49473684210526,38,7.2,5.86,6.08571428571429,6,6.62666666666667,18,20,14,8,30,2686,1523,1163,518,924,1762,6.92397626954579,7.39865068942876,6.30236909716251,6.48069498069498,6.92748917748918,6.92213408626561,67
"72",2010,9,7.01309523809524,42,7.47619047619048,6.55,7.05,6.98214285714286,7.02857142857143,21,21,11,14,28,2728,1544,1184,529,938,1790,6.92534833577713,7.39970531088083,6.30676119932432,6.49253308128545,6.92830490405117,6.92379902793296,68
"73",2010,10,7.27567567567568,37,7.63333333333333,6.61538461538461,6.61111111111111,7.30588235294118,7.25,24,13,9,17,20,2765,1568,1197,538,955,1810,6.93003626039783,7.40328125,6.31011299916458,6.49451672862454,6.93502617801047,6.92740345856354,69
"74",2010,11,6.59782608695652,46,7.52941176470588,6.05172413793103,5.75,6.68181818181818,6.57142857142857,17,29,10,11,35,2811,1585,1226,548,966,1845,6.9245998790466,7.40463406940063,6.30400102773246,6.48093065693431,6.93214285714286,6.92065054742547,70
"75",2010,12,6.87222222222222,63,7.35806451612903,6.4015625,6.39285714285714,6.71666666666667,6.93444444444444,31,32,14,18,45,2874,1616,1258,562,984,1890,6.92345172581768,7.40374071782178,6.30648271860095,6.47873665480427,6.9282012195122,6.92097897354497,71
"76",2011,1,6.55294117647059,51,6.80740740740741,6.26666666666667,6.53076923076923,6.85714285714286,6.43783783783784,27,24,13,14,37,2925,1643,1282,575,998,1927,6.91699154188034,7.39394096165551,6.30573733229329,6.47991304347826,6.92720440881764,6.91170226258433,72
"77",2011,2,6.67914893617021,47,7.27769230769231,5.93809523809524,5.5,6.76888888888889,6.65789473684211,26,21,11,9,38,2972,1669,1303,586,1007,1965,6.91323023553163,7.39213001797484,6.29981217191097,6.46151877133106,6.92578947368421,6.90679402544529,73
"78",2011,3,6.67545454545455,55,6.90217391304348,6.5125,6.46428571428571,7.075,6.56395348837209,23,32,14,12,43,3027,1692,1335,600,1019,2008,6.90890989758837,7.38546985815603,6.3049103071161,6.46158333333333,6.92754661432777,6.89945232071713,74
"79",2011,4,6.984,25,7.44,6.3,6.83333333333333,6.6875,7.12352941176471,15,10,6,8,17,3052,1707,1345,606,1027,2025,6.90952498689384,7.38594903339192,6.3048737992565,6.46526402640264,6.92567672833496,6.9013334617284,75
"80",2011,5,6.59166666666667,36,7.58666666666667,5.88095238095238,5.42857142857143,6.4375,6.63571428571429,15,21,7,8,28,3088,1722,1366,613,1035,2053,6.90581938471503,7.38769744483159,6.2983567057101,6.45342577487765,6.92190338164251,6.89771079396006,76
"81",2011,6,6.44210526315789,19,7.05714285714286,6.08333333333333,5.625,7.02,6.23571428571429,7,12,8,5,14,3107,1729,1378,621,1040,2067,6.90298366913421,7.38635916714864,6.29648422351233,6.44275362318841,6.922375,6.89322702467344,77
"82",2011,7,6.57352941176471,34,7.11111111111111,5.96875,5.85,6.77777777777778,6.5,18,16,10,9,25,3141,1747,1394,631,1049,2092,6.89941746577523,7.38352318259874,6.29272256814921,6.43335974643423,6.92113441372736,6.88852784894837,78
"83",2011,8,7.07272727272727,33,7.425,6.53076923076923,6.33333333333333,10,6.98125,20,13,3,1,32,3174,1767,1407,634,1050,2124,6.90121936357908,7.38399264289757,6.29492200426439,6.43288643533123,6.92406666666667,6.88992479284369,79
"84",2011,9,6.70833333333333,24,7.20833333333333,6.20833333333333,5.6,6.9,6.65789473684211,12,12,5,5,19,3198,1779,1419,639,1055,2143,6.89977181363352,7.38280775716695,6.29418975334743,6.42636932707355,6.92395260663507,6.88786759682688,80
"85",2011,10,6.45,36,7.1875,5.86,5.35,4.9625,6.875,16,20,10,8,28,3234,1795,1439,649,1063,2171,6.89476507730365,7.38106685236769,6.28815514940931,6.4097842835131,6.90919096895579,6.88770163979733,81
"86",2011,11,6.79411764705882,34,7.34117647058823,6.24705882352941,6.25,6.42857142857143,6.88888888888889,17,17,8,7,27,3268,1812,1456,657,1070,2198,6.8937179498164,7.38069260485651,6.28767531593406,6.40783866057839,6.90604672897196,6.88771622383985,82
"87",2011,12,6.77272727272727,33,7.14583333333333,5.77777777777778,6,7,6.72222222222222,24,9,4,6,27,3301,1836,1465,661,1076,2225,6.89250840957286,7.37762254901961,6.28454283959044,6.4053706505295,6.90657063197026,6.88570798202247,83
"88",2012,1,6.52244897959184,49,7.19230769230769,5.76521739130435,5.94285714285714,7.08571428571429,6.42857142857143,26,23,7,7,42,3350,1862,1488,668,1083,2267,6.8870956,7.37503490870032,6.27651563172043,6.40052395209581,6.90772853185596,6.87723875606528,84
"89",2012,2,6.7025641025641,39,7.43888888888889,6.07142857142857,6.05,6.69,6.70689655172414,18,21,10,10,29,3389,1880,1509,678,1093,2296,6.88497204485099,7.37564627659575,6.27366153744201,6.39535398230089,6.90573650503202,6.87508722125435,85
"90",2012,3,7.04166666666667,24,7.2,6.77777777777778,6.8,7.33333333333333,6.94444444444444,15,9,5,6,18,3413,1895,1518,683,1099,2314,6.8860739115148,7.37425593667546,6.27665036890645,6.39831625183016,6.90807097361238,6.87562673292999,86
"91",2012,4,6.48214285714286,28,6.96428571428571,6,6.3,6.16666666666667,6.56818181818182,14,14,5,6,22,3441,1909,1532,688,1105,2336,6.88278705608835,7.37124934520691,6.27412223237598,6.39760174418605,6.90404524886878,6.87273127568493,87
"92",2012,5,6.78571428571429,21,7,6.65384615384615,7.25,6.5,6.96153846153846,8,13,2,8,13,3462,1917,1545,690,1113,2349,6.8821982264587,7.36970005216484,6.27731732038835,6.40007246376812,6.90114106019766,6.87322275862069,88
"93",2012,6,6.1875,32,6.475,5.70833333333333,5.5,6.33333333333333,6.15384615384615,20,12,9,6,26,3494,1937,1557,699,1119,2375,6.87583579278764,7.3604620547238,6.27293208734746,6.38848354792561,6.89809651474531,6.86534747789473,89
"94",2012,7,7.41142857142857,21,7.54375,6.988,6,7.64285714285714,7.29571428571429,16,5,1,7,14,3515,1953,1562,700,1126,2389,6.87903563584637,7.36196364567332,6.27522103713188,6.38792857142857,6.90272646536412,6.86786951025533,90
"95",2012,8,6.73214285714286,28,7.7,5.61538461538461,5,7.16666666666667,6.61363636363636,15,13,3,6,22,3543,1968,1575,703,1132,2411,6.87787475585662,7.36454014227642,6.26977476825397,6.38200568990043,6.90412544169611,6.86554967233513,91
"96",2012,9,6.83529411764706,17,7.57,5.78571428571429,6,6.625,6.9,10,7,4,4,13,3560,1978,1582,707,1136,2424,6.87767142134832,7.36557886754297,6.26763290771176,6.37984441301273,6.9031426056338,6.86573443069307,92
"97",2012,10,6.76612903225806,31,8.55555555555556,6.03409090909091,5.95,6.05,7.10714285714286,9,22,10,10,21,3591,1987,1604,717,1146,2445,6.8767085101643,7.37096879718168,6.26442971321696,6.37384937238494,6.89569808027923,6.86780787730061,93
"98",2012,11,7.13636363636364,33,7.34782608695652,6.65,6.5,6.81818181818182,7.29545454545455,23,10,4,11,22,3624,2010,1614,721,1157,2467,6.87907291942605,7.3707039800995,6.26681862453532,6.3745492371706,6.89496110630942,6.87162150790433,94
"99",2012,12,7.256,25,7.6875,6.48888888888889,6.65,7.35,7.23809523809524,16,9,6,4,21,3649,2026,1623,727,1161,2488,6.88165531926555,7.37320582428431,6.26805006777572,6.37682255845942,6.89652885443583,6.87471473472669,95
"100",2013,1,6.48717948717949,39,6.96666666666667,5.92777777777778,6,6.625,6.47142857142857,21,18,9,4,35,3688,2047,1641,736,1165,2523,6.87748380151844,7.36903517342452,6.26431764777575,6.37221467391304,6.89559656652361,6.86912019817677,96
"101",2013,2,6.54347826086957,23,6.89166666666667,6.16363636363636,6.22,6.28333333333333,6.63529411764706,12,11,5,6,17,3711,2059,1652,741,1171,2540,6.87541370520076,7.3662530354541,6.26364725181598,6.37118758434548,6.89245943637916,6.86755522047244,97
"102",2013,3,7.04224137931034,29,7.5,6.615,6.78928571428571,6.71785714285714,7.14545454545455,14,15,7,7,22,3740,2073,1667,748,1178,2562,6.87670728877006,7.36715629522431,6.26680879424115,6.37510026737968,6.89142190152801,6.86994155347385,98
"103",2013,4,7.16470588235294,17,7.7,6.4,5.96666666666667,7.68,6.95,10,7,3,5,12,3757,2083,1674,751,1183,2574,6.87801044982699,7.36875420067211,6.26736574671446,6.37346870838882,6.89475486052409,6.87031478632478,99
"104",2013,5,7.115,30,7.60833333333333,6.375,5.625,7.695,6.825,18,12,4,10,20,3787,2101,1686,755,1193,2594,6.87988784261949,7.37080675868634,6.26813182680901,6.36950331125828,6.90146269907796,6.86996540478026,100
"105",2013,6,6.7875,16,7.0625,6.5125,5,5,6.90666666666667,8,8,1,1,15,3803,2109,1694,756,1194,2609,6.87949914804102,7.3696372688478,6.26928586776859,6.3676917989418,6.89987018425461,6.87017641241855,101
"106",2013,7,6.94347826086956,23,7.94444444444444,6.3,5.75,7.5,6.78888888888889,9,14,4,5,18,3826,2118,1708,760,1199,2627,6.87988375849451,7.37207979225685,6.26953762295082,6.36444078947368,6.90237281067556,6.86961943661972,102
"107",2013,8,6.92241379310345,29,7.28571428571429,6.58333333333333,6.79545454545455,6.64285714285714,7.01136363636364,14,15,11,7,22,3855,2132,1723,771,1206,2649,6.88020369909209,7.3715126641651,6.2722694486361,6.37059014267186,6.90086650082919,6.87079662514156,103
"108",2013,9,6.896,20,7.3125,6.61833333333333,6.63142857142857,7,6.89052631578947,8,12,7,1,19,3875,2140,1735,778,1207,2668,6.8802852283871,7.37129205607477,6.2746629740634,6.37293701799486,6.90094863297432,6.87093712893553,104
"109",2013,10,6.61333333333333,30,7.35,5.96875,6.4375,7.81666666666667,6.3125,14,16,8,6,24,3905,2154,1751,786,1213,2692,6.8782343815621,7.37115366759517,6.27186765276985,6.3735941475827,6.90547815333883,6.86595849182763,105
"110",2013,11,6.69166666666667,30,6.96739130434783,5.78571428571429,6.83333333333333,6.87,6.656,23,7,3,5,25,3935,2177,1758,789,1218,2717,6.87681201016519,7.3668879191548,6.26993188850967,6.37534220532319,6.90533251231527,6.86402659550975,106
"111",2013,12,6.578125,32,6.98125,6.175,6.5,5.77777777777778,6.89130434782609,16,16,10,9,23,3967,2193,1774,799,1227,2740,6.87440263675322,7.36407432740538,6.26907568207441,6.37690237797247,6.8970619396903,6.86425556934306,107
"112",2014,1,6.94948717948718,39,7.28578947368421,6.63,6.58571428571429,7.2,6.91264705882353,19,20,7,5,34,4006,2212,1794,806,1232,2774,6.87513361457813,7.36340189873418,6.27309936454849,6.3787158808933,6.8982913961039,6.86484868781543,108
"113",2014,2,6.6875,24,6.96153846153846,6.36363636363636,6.6,6.375,6.75,13,11,5,4,20,4030,2225,1805,811,1236,2794,6.87401619354839,7.36105393258427,6.27365111357341,6.38008014796548,6.89659789644013,6.86402657838225,109
"114",2014,3,7.32352941176471,17,7.58333333333333,6.7,7.5,6,7.5,12,5,3,2,15,4047,2237,1810,814,1238,2809,6.8759044378552,7.36224631202503,6.27482887292818,6.38420761670762,6.89514943457189,6.86742266286935,110
"115",2014,4,6.08125,16,5.5,6.43,6.5,5.5,6.21538461538462,6,10,4,3,13,4063,2243,1820,818,1241,2822,6.87277510706375,7.35726482389657,6.27568146153846,6.38477383863081,6.89177679290895,6.86441894401134,111
"116",2014,5,6.75277777777778,18,7.3125,6.305,5.58333333333333,7.83333333333333,6.53666666666667,8,10,6,3,15,4081,2251,1830,824,1244,2837,6.87224583680471,7.35710573078632,6.27584167213115,6.37893810679612,6.89404742765273,6.86268602749383,112
"117",2014,6,6.76875,16,7.14444444444444,6.28571428571429,6.28571428571429,3.5,7.23571428571429,9,7,7,2,14,4097,2260,1837,831,1246,2851,6.87184165486942,7.35625884955752,6.27587929232444,6.37815282791817,6.88859951845907,6.8645178042792,113
"118",2014,7,7,15,7.94444444444444,5.58333333333333,5.66666666666667,7,7,9,6,3,4,11,4112,2269,1843,834,1250,2862,6.87230915856031,7.35859189070075,6.27362466630494,6.37559352517986,6.888956,6.86503852550664,114
"119",2014,8,6.575,20,5.95454545454545,7.33333333333333,7.16666666666667,6.4,6.63333333333333,11,9,3,5,15,4132,2280,1852,837,1255,2877,6.87087010164569,7.35181798245614,6.27877443844492,6.37842891278375,6.88700796812749,6.86383046923879,115
"120",2014,9,6.875,20,7.36363636363636,6.27777777777778,6,6.66666666666667,6.96428571428571,11,9,5,6,14,4152,2291,1861,842,1261,2891,6.87088999518304,7.35187472719337,6.27876961848468,6.37618171021378,6.88595955590801,6.8643169353165,116
"121",2014,10,7.012,20,7.625,6.0925,5.91333333333333,5,7.515,12,8,3,4,16,4172,2303,1869,845,1265,2907,6.87156645733461,7.35329787234043,6.27797231674692,6.37453846153846,6.87999604743083,6.86789826625387,117
"122",2014,11,6.95833333333333,18,7.59375,6.45,7.25,6.6875,7.03571428571429,8,10,6,4,14,4190,2311,1879,851,1269,2921,6.87193920286396,7.35413024664647,6.27888784459819,6.38071092831962,6.87938928289992,6.86870258815474,118
"123",2014,12,6.35,26,7.21428571428571,5.34166666666667,4.85,4.22,6.85714285714286,14,12,6,5,21,4216,2325,1891,857,1274,2942,6.86872041271347,7.35328817204301,6.27294038075092,6.36999416569428,6.86895211930926,6.86862007477906,119
"124",2015,1,7.25,26,7.53571428571429,6.91666666666667,7.1875,8.1,7.04761904761905,14,12,8,5,21,4242,2339,1903,865,1279,2963,6.8710573455917,7.35438007695596,6.2769996111403,6.3775549132948,6.87376465989054,6.86988871414107,120
"125",2015,2,6.775,20,7.2,6.35,6.125,8,6.71052631578947,10,10,4,1,19,4262,2349,1913,869,1280,2982,6.87060658376349,7.35372286079183,6.27738121275483,6.37639240506329,6.87464453125,6.86887332662642,121
"126",2015,3,6.72727272727273,22,7.21428571428571,5.875,5,4.25,6.975,14,8,5,2,20,4284,2363,1921,874,1282,3002,6.86987050887021,7.35289674143038,6.27570549713691,6.36851830663616,6.87054992199688,6.86958036642238,122
"127",2015,4,6.35,16,7.2,5.5,4.75,6,6.37333333333333,8,8,4,1,15,4300,2371,1929,878,1283,3017,6.86793610697674,7.3523808519612,6.27248847071021,6.36114464692483,6.86987139516758,6.86711311236327,123
"128",2015,5,6.125,16,6.72727272727273,4.8,4.75,6.75,5.91666666666667,11,5,4,4,12,4316,2382,1934,882,1287,3029,6.8651819416126,7.34949412258606,6.26868162357808,6.35383786848073,6.86949883449884,6.86334772532189,124
"129",2015,6,7.14545454545455,11,7.65,6.54,6.5,7.5,6.94285714285714,6,5,2,4,7,4327,2388,1939,884,1291,3036,6.86589444418766,7.35024916247906,6.26938125838061,6.3541685520362,6.87145236250968,6.86353104743083,125
"130",2015,7,6.58333333333333,12,7.28571428571429,5.6,6.25,7.66666666666667,6.22222222222222,7,5,2,3,9,4339,2395,1944,886,1294,3045,6.86511298916801,7.35006054279749,6.26765959876543,6.35393340857788,6.87329598145286,6.86163555336617,126
"131",2015,8,6.66666666666667,21,7.66666666666667,5.91666666666667,5.375,8.5,6.09375,9,12,4,5,16,4360,2404,1956,890,1299,3061,6.86415716972477,7.35124584026622,6.26550626789366,6.34953370786517,6.87955735180909,6.85762177719699,127
"132",2015,9,6.64705882352941,17,7.21428571428571,6.25,6.5,7.3,6.50714285714286,7,10,5,3,14,4377,2411,1966,895,1302,3075,6.8633139730409,7.35084819576939,6.26542739572736,6.35037430167598,6.88052611367128,6.856026100813,128
"133",2015,10,7.32,15,7.69166666666667,5.83333333333333,5.5,6.6,7.5,12,3,1,3,12,4392,2423,1969,896,1305,3087,6.86487369307832,7.35253611225753,6.26476905027933,6.34942522321429,6.87988122605364,6.85852940071266,129
"134",2015,11,6.395,20,6.7,5.9375,5.6,5,6.46842105263158,12,8,5,1,19,4412,2435,1977,901,1306,3106,6.86274371260199,7.34932032854209,6.26344474456247,6.34526637069922,6.87844180704441,6.85614303283966,130
"135",2015,12,6.668,25,6.79166666666667,6.55384615384615,6.65,7.5,6.46,12,13,8,5,20,4437,2447,1990,909,1311,3126,6.86164644128916,7.34658561503882,6.26534183919598,6.34794829482948,6.88081235697941,6.85360852847089,131
"136",2016,1,6.62533333333333,30,6.78571428571429,6.485,5.83333333333333,6.1,6.7304,14,16,6,5,25,4467,2461,2006,915,1316,3151,6.86005938213566,7.34339496139781,6.26709384845464,6.3445737704918,6.87784574468085,6.85263099333545,132
"137",2016,2,6.15555555555556,27,7.44545454545455,5.26875,4.85714285714286,6.75,5.98571428571429,11,16,7,6,21,4494,2472,2022,922,1322,3172,6.85582671562083,7.34384911003236,6.25919399604352,6.33328091106291,6.87726550680787,6.84689163303909,133
"138",2016,3,6.89230769230769,26,7.88461538461539,5.9,6.07142857142857,7.41666666666667,6.735,13,13,7,6,20,4520,2485,2035,929,1328,3192,6.8560365619469,7.34667806841046,6.25689939066339,6.33130785791173,6.87970256024096,6.84619055764411,134
"139",2016,4,6.64642857142857,28,7.41666666666667,6.06875,6.21666666666667,6.1,6.79545454545455,12,16,6,6,22,4548,2497,2051,935,1334,3214,6.85474609938434,7.34701441730076,6.25543162359824,6.33057219251337,6.87619565217391,6.84584326695706,135
"140",2016,5,6.33888888888889,18,7.01428571428571,5.90909090909091,6,6.05,6.375,7,11,5,2,16,4566,2504,2062,940,1336,3230,6.85271249671485,7.34608426517572,6.25358402521823,6.32881382978723,6.87495883233533,6.84351091640867,136
"141",2016,6,6.45454545454545,11,7.5,5.85714285714286,6,6.75,6.38888888888889,4,7,5,2,9,4577,2508,2069,945,1338,3239,6.85175557351977,7.34632974481659,6.25224275495408,6.32707407407408,6.87477204783259,6.84224768755789,137
"142",2016,7,6.28421052631579,19,7,5.86666666666667,5.66666666666667,6,6.31764705882353,7,12,3,2,17,4596,2515,2081,948,1340,3256,6.84940932550044,7.34536580516899,6.25001934646804,6.32498417721519,6.87346641791045,6.83950867936118,138
"143",2016,8,7.19117647058824,17,7.11111111111111,7.28125,9,8,7.01785714285714,9,8,1,3,14,4613,2524,2089,949,1343,3270,6.85066881855625,7.34453050713154,6.25396853039732,6.32780295047418,6.87598287416232,6.84027225076452,139
"144",2016,9,6.56190476190476,21,6.88888888888889,6.31666666666667,6.6625,7,6.38666666666667,9,12,8,6,15,4634,2533,2101,957,1349,3285,6.84936022011221,7.34291156731149,6.25432663493574,6.33060083594567,6.87653446997776,6.83820099238965,140
"145",2016,10,6.44827586206897,29,7.75,5.23333333333333,5.5,5.16666666666667,6.59615384615385,14,15,3,3,26,4663,2547,2116,960,1352,3311,6.84686580742012,7.34514919513153,6.24708896975425,6.32800520833333,6.87274038461539,6.83630028994261,141
"146",2016,11,6.8875,24,8.11111111111111,6.15333333333333,5.83333333333333,6.375,6.99,9,15,6,4,20,4687,2556,2131,966,1356,3331,6.84707387668018,7.34784624413146,6.24642902862506,6.32493271221532,6.87127212389381,6.83722313419393,142
"147",2016,12,6.51666666666667,24,7.18461538461538,5.72727272727273,6,6,6.62,13,11,4,4,20,4711,2569,2142,970,1360,3351,6.8453906304394,7.34702024133904,6.24376295985061,6.32359278350516,6.86870955882353,6.83592666666666,143
"148",2017,1,6.61111111111111,27,7.17857142857143,6,6,7,6.5,14,13,4,6,21,4738,2583,2155,974,1366,3372,6.84405556352892,7.34610723964383,6.24229246403712,6.32226386036961,6.86928623718887,6.83383459667853,144
"149",2017,2,6.66666666666667,24,7.625,5.70833333333333,5.58333333333333,4.5,6.86363636363636,12,12,6,2,22,4762,2595,2167,980,1368,3394,6.84316154136917,7.34739691714836,6.23933560682972,6.31773979591837,6.86582236842105,6.83402777253977,145
"150",2017,3,6.31290322580645,31,6.6875,5.91333333333333,5.78571428571429,7.5,6.18571428571429,16,15,7,3,28,4793,2611,2182,987,1371,3422,6.83973195493428,7.34335312140942,6.237094527956,6.31396656534955,6.86721006564552,6.82872304500292,146
"151",2017,4,6.81052631578947,19,7.18461538461538,6,5.8,6.5,6.84705882352941,13,6,5,2,17,4812,2624,2188,992,1373,3439,6.83961663757273,7.34256669207317,6.23644436014625,6.31137600806452,6.86667516387473,6.82881368421052,147
"152",2017,5,6.95454545454545,33,7.11904761904762,6.66666666666667,6.125,6.75,7,21,12,4,6,27,4845,2645,2200,996,1379,3466,6.84039943446852,7.34079206049149,6.23879102727273,6.31062751004016,6.86616751269036,6.8301472186959,148
"153",2017,6,7.125,14,7.625,6.45833333333333,5.9375,8,6.88636363636364,8,6,4,3,11,4859,2653,2206,1000,1382,3477,6.84121944021403,7.34164907651715,6.23938815049864,6.309135,6.86862879884226,6.830325067587,149
"154",2017,7,6.67066666666667,15,7.01857142857143,6.36625,6.25,7,6.62,7,8,2,2,13,4874,2660,2214,1002,1384,3490,6.84069455478047,7.34079887218045,6.23984654923216,6.30901696606787,6.8688186416185,6.8295416217765,150
"155",2017,8,6.60666666666667,15,6.54166666666667,6.86666666666667,7.3,8,6.50714285714286,12,3,2,1,14,4889,2672,2217,1004,1385,3504,6.83997653098793,7.33720995508982,6.2406947496617,6.31099103585658,6.86963537906137,6.82825349885845,151
"156",2017,9,6.99117647058824,17,7.20357142857143,6,NA,8.5,6.66785714285714,14,3,0,3,14,4906,2686,2220,1004,1388,3518,6.84050046066041,7.33651340282949,6.24036948648649,6.31099103585658,6.87315922190202,6.82761519613416,152
"157",2017,10,6.76206896551724,29,7.39333333333333,6.08571428571429,5.625,7.16666666666667,6.71538461538462,15,14,4,3,26,4935,2701,2234,1008,1391,3544,6.84003956636271,7.33682895223991,6.2394002954342,6.30826884920635,6.87379223580158,6.82679183408578,153
"158",2017,11,6.93181818181818,22,7.39285714285714,6.125,8,8.5,6.775,14,8,2,2,20,4957,2715,2242,1010,1393,3564,6.84044689529957,7.33711786372008,6.23899208742194,6.31161881188119,6.87612706389088,6.82650119528619,154
"159",2017,12,6.47647058823529,17,7.12222222222222,5.75,6.5,6.5,6.475,9,8,1,1,16,4974,2724,2250,1011,1394,3580,6.83920290711701,7.33640785609398,6.23725344888889,6.31180514342236,6.87585724533716,6.82493024022346,155
"160",2018,1,6.75,28,7.19444444444444,5.95,5,6.5,6.79166666666667,18,10,4,4,24,5002,2742,2260,1015,1398,3604,6.83870357057177,7.33547592997812,6.2359824159292,6.3066354679803,6.87478183118741,6.82470872918979,156
"161",2018,2,6.71,20,6.93333333333333,6.375,5.83333333333333,6.25,6.825,12,8,6,4,16,5022,2754,2268,1021,1402,3620,6.83819101154918,7.33372367465505,6.23647277777778,6.30385406464251,6.87299928673324,6.82471001657458,157
"162",2018,3,7.07363636363636,11,8.08333333333333,5.862,6.43333333333333,6.2,7.57285714285714,6,5,3,4,7,5033,2760,2273,1024,1406,3627,6.83870559507252,7.33535326086957,6.23564903651562,6.3042333984375,6.87108463726885,6.82615391783843,158
"163",2018,4,6.62954545454545,22,7.02083333333333,6.16,5.76666666666667,8,6.56428571428571,12,10,6,1,21,5055,2772,2283,1030,1407,3648,6.83779530365974,7.3339917027417,6.23531767849321,6.30110194174758,6.87188699360341,6.82464645285087,159
"164",2018,5,6.07692307692308,13,6.6,5.75,4.625,6.16666666666667,6.05,5,8,4,3,10,5068,2777,2291,1034,1410,3658,6.83584357932123,7.33267014764134,6.23362298559581,6.29461798839459,6.8703865248227,6.82252877528704,160
"165",2018,6,7,9,7.25,6.5,6.5,7,7,6,3,1,2,7,5077,2783,2294,1035,1412,3665,6.83613457947606,7.33249191519943,6.23397134263296,6.29481642512077,6.87057011331445,6.82286773806275,161
"166",2018,7,6.41666666666667,12,6.91666666666667,5.91666666666667,5.25,3,6.72727272727273,6,6,4,1,11,5089,2789,2300,1039,1413,3676,6.83514546276282,7.33159734671926,6.23314359130435,6.29079403272377,6.86783085633404,6.82258168117519,162
"167",2018,8,6.42222222222222,18,6.94444444444444,5.9,5,6.83333333333333,6.34,9,9,1,3,15,5107,2798,2309,1040,1416,3691,6.83369008419815,7.33035203716941,6.23184506712863,6.28955288461539,6.86775776836158,6.82062049850988,163
"168",2018,9,6.98333333333333,18,7.07,6.875,7,7.33333333333333,6.91333333333333,10,8,2,3,15,5125,2808,2317,1042,1419,3706,6.8342156604878,7.32942485754986,6.23406571428571,6.29091650671785,6.86874207188161,6.82099575283324,164
"169",2018,10,6.60869565217391,23,7.45833333333333,5.68181818181818,4.5,7.83333333333333,6.425,12,11,2,3,20,5148,2820,2328,1044,1422,3726,6.83320809246309,7.32997340425532,6.23145629725086,6.28748563218391,6.8707770745429,6.81887017176597,165
"170",2018,11,7.54545454545455,11,8.16666666666667,6.8,7,NA,7.54545454545455,6,5,2,0,11,5159,2826,2333,1046,1422,3737,6.83472674161659,7.33174982307148,6.23267477925418,6.28884799235182,6.8707770745429,6.82100890018731,166
"171",2018,12,6.40277777777778,18,7.27777777777778,5.52777777777778,6.33333333333333,7.25,6.23333333333333,9,9,3,3,15,5177,2835,2342,1049,1425,3752,6.83322489086343,7.33157848324515,6.22996595217763,6.28897521448999,6.87157543859649,6.81865945095949,167
"172",2019,1,6.5,18,7.6,5.125,5.75,3.5,6.875,10,8,4,2,16,5195,2845,2350,1053,1427,3768,6.83207030991337,7.33252196836556,6.22620436595745,6.28692782526116,6.86685003503854,6.81889868895966,168
"173",2019,2,6.55882352941176,17,7.35,5.42857142857143,3,NA,6.55882352941176,10,7,1,0,17,5212,2855,2357,1054,1427,3785,6.83117905986185,7.33258318739054,6.22383549427238,6.28380929791272,6.86685003503854,6.81773058388375,169
"174",2019,3,7.1875,16,8.25,6.55,4,9.5,6.85714285714286,6,10,2,2,14,5228,2861,2367,1056,1429,3799,6.8322695600612,7.33450716532681,6.22521346007604,6.27948390151515,6.87053533939818,6.81787582521716,170
"175",2019,4,7.05555555555556,9,7.58333333333333,6,6,NA,7.05555555555556,6,3,2,0,9,5237,2867,2370,1058,1429,3808,6.83265328623257,7.33502790373213,6.22492837974684,6.27895557655955,6.87053533939818,6.81843756827731,171
"176",2019,5,7.08333333333333,12,7.42857142857143,6.6,6.5,8,6.9,7,5,2,2,10,5249,2874,2375,1060,1431,3818,6.83322637835778,7.33525574112735,6.22571800421053,6.27937264150944,6.87211390635919,6.81865119434258,172
"177",2019,6,6,10,6.6,5.4,5,5.5,6.125,5,5,2,2,8,5259,2879,2380,1062,1433,3826,6.83164199657729,7.33397881208753,6.22398330252101,6.27696327683616,6.87019888346127,6.8172007997909,173
"178",2019,7,6.71666666666667,12,6.67777777777778,6.83333333333333,6.5,6.62,6.78571428571429,9,3,1,5,7,5271,2888,2383,1063,1438,3833,6.83138024283817,7.33193386426593,6.2247504238355,6.27717309501411,6.86932892906815,6.81714329767806,174
"179",2019,8,6.49,20,7.125,6.06666666666667,7.14,7,6.46315789473684,8,12,5,1,19,5291,2896,2395,1068,1439,3852,6.83008982422982,7.33136222375691,6.22395835490605,6.28121254681648,6.86941973592773,6.81539726375908,175
"180",2019,9,6.9,13,7.63333333333333,5.25,4,4.5,7.33636363636364,9,4,2,2,11,5304,2905,2399,1070,1441,3863,6.83026117269984,7.33229776247849,6.22233441433931,6.27694859813084,6.86613115891742,6.81688073000258,176
"181",2019,10,7.82857142857143,14,8.37,6.475,6.75,8.6,7.61818181818182,10,4,2,3,11,5318,2915,2403,1072,1444,3874,6.83288929296728,7.33585763293311,6.22275499791927,6.27783115671642,6.86973337950139,6.81915597831698,177
"182",2019,11,6.64473684210526,19,6.75,6.56818181818182,7.05,6.5625,6.66666666666667,8,11,5,4,15,5337,2923,2414,1077,1448,3889,6.83221946037099,7.33425419089976,6.22432902236951,6.28141597028784,6.86888466850829,6.81856782206222,178
"183",2019,12,7.23529411764706,17,7.94444444444444,6.4375,6.25,8.25,7.1,9,8,4,2,15,5354,2932,2422,1081,1450,3904,6.83349930145685,7.33612721691678,6.22503313790256,6.28129972247919,6.87078965517241,6.81964914446721,179
"184",2020,1,6.7625,24,7.38,6.32142857142857,5.9375,6.1,6.93684210526316,10,14,8,5,19,5378,2942,2436,1089,1455,3923,6.83318245816288,7.33627634262407,6.22558713464696,6.2787741046832,6.86814089347079,6.82021673719092,180
"185",2020,2,6.19444444444444,18,7.375,5.25,6.16666666666667,5.66666666666667,6.3,8,10,3,3,15,5396,2950,2446,1092,1458,3938,6.83105175315048,7.3363813559322,6.22159863450531,6.27846611721612,6.86566872427984,6.81823521076688,181
"186",2020,3,7.03125,16,7.125,6.9375,8,7,7.03333333333333,8,8,3,1,15,5412,2958,2454,1095,1459,3953,6.83164361788617,7.33580966869507,6.22393246128769,6.28318264840183,6.86576079506511,6.81905141917531,182
"187",2020,4,6.18526315789474,19,6.822,5.47777777777778,5.5,6.83333333333333,6.06375,10,9,3,3,16,5431,2968,2463,1098,1462,3969,6.82938229791935,7.33407850404313,6.22120595209094,6.28104280510018,6.86569425444597,6.81600661627614,183
"188",2020,5,6.98333333333333,18,7.42,6.4375,6,7.4,6.82307692307692,10,8,1,5,13,5449,2978,2471,1099,1467,3982,6.82989085336758,7.33436702484889,6.22190621610684,6.28078707916288,6.86751533742331,6.81602969864389,184
"189",2020,6,6.5,13,6.9,6.25,6,6.7,6.375,5,8,1,5,8,5462,2983,2479,1100,1472,3990,6.82910568656169,7.33363895407308,6.22199687777329,6.28053181818182,6.86694633152174,6.81514542857142,185
"190",2020,7,5.79444444444444,18,6.2,5.38888888888889,6,6.4,5.71875,9,9,3,2,16,5480,2992,2488,1103,1474,4006,6.82570716423357,7.33022894385027,6.21898322347267,6.27976881233001,6.86631275440977,6.81076641537693,186
"191",2020,8,6.18181818181818,11,6.35714285714286,5.875,NA,NA,6.18181818181818,7,4,0,0,11,5491,2999,2492,1103,1474,4017,6.82441727554179,7.32795765255085,6.21843108346709,6.27976881233001,6.86631275440977,6.8090441274583,187
"192",2020,9,6.78125,16,7.5,6.0625,6,9,6.46428571428571,8,8,1,2,14,5507,3007,2500,1104,1476,4031,6.82429185763573,7.32841536415032,6.217932104,6.27951539855073,6.8692039295393,6.80784675266683,188
"193",2020,10,6.775,20,7.94444444444444,5.81818181818182,5,8,6.63888888888889,9,11,2,2,18,5527,3016,2511,1106,1478,4049,6.82411349013931,7.33025364721486,6.21618090800478,6.27720162748644,6.87073410013532,6.80709564336873,189
"194",2020,11,7.8,16,8.525,5.625,5.5,8.575,7.54166666666667,12,4,1,4,12,5543,3028,2515,1107,1482,4061,6.82693040952552,7.33498844121533,6.21524066003976,6.27649954832882,6.87533400809717,6.80926625461709,190
"195",2020,12,6.71047619047619,21,7.1,6.35636363636364,5.63,6.52,6.72,10,11,4,1,20,5564,3038,2526,1111,1483,4081,6.82649088066139,7.33421494404213,6.21585520981789,6.27417191719172,6.87509440323668,6.80882878216123,191
"196",2021,1,6.44545454545455,22,6.25,6.60833333333333,7.5,8.15,6.275,10,12,1,2,20,5586,3048,2538,1112,1485,4101,6.82499020050125,7.33065780839895,6.21771089834515,6.27527428057554,6.87681144781145,6.80622537429895,192
"197",2021,2,5.76153846153846,13,7.38333333333333,4.37142857142857,5,5.38333333333333,6.08571428571429,6,7,1,6,7,5599,3054,2545,1113,1491,4108,6.8225210323272,7.33076129666012,6.2126327151277,6.27412848158131,6.87080147551978,6.80499762901655,193
"198",2021,3,6.62068965517241,29,8,5.5,5.66666666666667,5.875,6.74,13,16,6,4,25,5628,3067,2561,1119,1495,4133,6.82148103411513,7.3335979784806,6.20818049980476,6.27087131367292,6.86813712374582,6.80460446648923,194
"199",2021,4,6.47222222222222,18,6.77272727272727,6,6.66666666666667,6,6.5,11,7,3,1,17,5646,3078,2568,1122,1496,4150,6.82036756287637,7.33159356725146,6.20761302959501,6.27192959001783,6.86755681818182,6.80335668915662,195
"200",2021,5,6.93333333333333,15,7.3,6.2,NA,7,6.92857142857143,10,5,0,1,14,5661,3088,2573,1122,1497,4164,6.82066688924218,7.33149125647668,6.20759823552273,6.27192959001783,6.86764529058116,6.80377768011527,196
"201",2021,6,6.35,10,7.125,5.83333333333333,5,6.5,6.33333333333333,4,6,1,1,9,5671,3092,2579,1123,1498,4173,6.81983693528478,7.33122412677879,6.20672751454052,6.27079697239537,6.86739986648865,6.80276306254493,197
"202",2021,7,6.2,15,6.33333333333333,6.11111111111111,9,6.83333333333333,6.04166666666667,6,9,1,3,12,5686,3098,2588,1124,1501,4185,6.81820176925782,7.32929147837315,6.206395,6.27322508896797,6.86733177881412,6.80058070728793,198
"203",2021,8,6.39473684210526,19,6.65,6.11111111111111,NA,5.8,6.60714285714286,10,9,0,5,14,5705,3108,2597,1124,1506,4199,6.816791456617,7.32710585585586,6.20606479014247,6.27322508896797,6.86378818061089,6.79993576089545,199
"204",2021,9,6.23333333333333,12,6.57142857142857,5.76,5.8,5.8,6.27272727272727,7,5,1,1,11,5717,3115,2602,1125,1507,4210,6.81556677628126,7.3254077046549,6.20520763259031,6.27280444444445,6.86308228268082,6.79855825653206,200
"205",2021,10,6.44117647058824,17,7.64285714285714,5.6,6.16666666666667,7.5,6.3,7,10,6,2,15,5734,3122,2612,1131,1509,4225,6.81445679455877,7.32611947469571,6.20289060490046,6.27224137931035,6.86392644135189,6.79678822721893,201
"206",2021,11,6.73076923076923,13,6.7,6.75,6.3,6.5,6.8,5,8,5,3,10,5747,3127,2620,1136,1512,4235,6.81426748912476,7.32511832427247,6.20456116793893,6.27236355633803,6.86320436507936,6.79679581109799,202
"207",2021,12,6.84210526315789,19,7.66666666666667,6.1,4.5,8.5,6.64705882352941,9,10,2,2,17,5766,3136,2630,1138,1514,4252,6.81435921956295,7.32609853316327,6.20416359695817,6.26924868189807,6.86536657859973,6.796197144873,203
"208",2022,1,6.76190476190476,21,7.31818181818182,6.15,5.5,6.21428571428571,7.03571428571429,11,10,4,7,14,5787,3147,2640,1142,1521,4266,6.81416887160877,7.32607086113759,6.20395843181818,6.26655429071804,6.8623701512163,6.79698318330989,204
"209",2022,2,6.45409090909091,22,7.15,5.87416666666667,4,6.66666666666667,6.42052631578947,10,12,1,3,19,5809,3157,2652,1143,1524,4285,6.81280517472887,7.3255131453912,6.20246616138763,6.26457130358705,6.86198490813648,6.79531394632438,205
"210",2022,3,7.2,15,7.1,7.4,NA,7,7.21428571428571,10,5,0,1,14,5824,3167,2657,1143,1525,4299,6.81380241414835,7.3248010735712,6.20471970643583,6.26457130358705,6.86207540983606,6.79667835775761,206
"211",2022,4,6.84615384615385,13,7.66,6.3375,7.925,9,6.66666666666667,5,8,4,1,12,5837,3172,2665,1147,1526,4311,6.81387446633544,7.32532944514502,6.20511829643527,6.27036181342633,6.86347640891219,6.79631646021804,207
"212",2022,5,6.79,20,7.33,6.25,4,8.375,6.39375,10,10,1,4,16,5857,3182,2675,1148,1530,4327,6.81379294177906,7.32534412319296,6.20528607850467,6.26838414634147,6.86742810457516,6.79482788537092,208
"213",2022,6,6.42857142857143,7,8.5,5.6,4,8.16666666666667,5.125,2,5,1,3,4,5864,3184,2680,1149,1533,4331,6.81333309345157,7.32608197236181,6.20415681343283,6.26640992167102,6.86997064579256,6.79328567536365,209
"214",2022,7,6.83333333333333,6,9,5.75,NA,6.5,7,2,4,0,2,4,5870,3186,2684,1149,1535,4335,6.81335353662691,7.32713276836158,6.2034799776453,6.26640992167102,6.86948859934853,6.79347641522491,210
"215",2022,8,7.70769230769231,13,8.12,6.33333333333333,7.5,9.33333333333333,7.22,10,3,2,3,10,5883,3196,2687,1151,1538,4345,6.81532980792112,7.32961357947434,6.20362495720134,6.26855343179844,6.87429453836151,6.7944580575374,211
"216",2022,9,7.19666666666667,15,7.245,7.1,NA,8,7.07307692307692,10,5,0,2,13,5898,3206,2692,1151,1540,4358,6.81629963716514,7.32934965689333,6.20528984398217,6.26855343179844,6.87575649350649,6.79528918311152,212
"217",2022,10,6.86153846153846,13,7.5875,5.7,NA,8,6.52,8,5,0,3,10,5911,3214,2697,1151,1543,4368,6.81639913043478,7.3299922215308,6.20435308120133,6.26855343179844,6.87794232015554,6.79465894230769,213
"218",2022,11,6.16666666666667,9,7.16666666666667,5.66666666666667,3,6,6.1875,3,6,1,1,8,5920,3217,2703,1152,1544,4376,6.81541136148648,7.32983991296239,6.20315954864965,6.26571614583333,6.87737370466321,6.79354896252285,214
"219",2022,12,6.45,16,7.44,6,6.25,NA,6.45,5,11,2,0,16,5936,3222,2714,1154,1544,4392,6.81442642520215,7.33001086281813,6.2023361311717,6.26568890814558,6.87737370466321,6.79229741803278,215
