"","year","month","avg_rating","no_ratings","avg_rating_owned","avg_rating_not_owned","avg_rating_prev_owned","avg_rating_comment","avg_rating_no_comment","no_ratings_owned","no_ratings_not_owned","no_ratings_prev_owned","no_ratings_comment","no_ratings_no_comment","cum_no_ratings","cum_no_ratings_owned","cum_no_ratings_not_owned","cum_no_ratings_prev_owned","cum_no_ratings_comment","cum_no_ratings_no_comment","cum_avg_rating","cum_avg_rating_owned","cum_avg_rating_not_owned","cum_avg_rating_prev_owned","cum_avg_rating_comment","cum_avg_rating_no_comment","month_after_release"
"1",2001,6,8,9,7.83333333333333,8.33333333333333,NA,NA,8,6,3,0,0,9,9,6,3,0,0,9,8,7.83333333333333,8.33333333333333,NA,NA,8,0
"2",2001,7,7.66666666666667,3,8,7,NA,NA,7.66666666666667,2,1,0,0,3,12,8,4,0,0,12,7.91666666666667,7.875,8,NA,NA,7.91666666666667,1
"3",2001,8,7.16666666666667,6,7,7.5,8,8,7,4,2,1,1,5,18,12,6,1,1,17,7.66666666666667,7.58333333333333,7.83333333333333,8,8,7.64705882352941,2
"4",2001,9,8.33333333333333,3,8.33333333333333,NA,NA,NA,8.33333333333333,3,0,0,0,3,21,15,6,1,1,20,7.76190476190476,7.73333333333333,7.83333333333333,8,8,7.75,3
"5",2001,10,7.5,2,8,7,NA,NA,7.5,1,1,0,0,2,23,16,7,1,1,22,7.73913043478261,7.75,7.71428571428571,8,8,7.72727272727273,4
"6",2001,11,8.5,4,8.5,NA,NA,10,8,4,0,0,1,3,27,20,7,1,2,25,7.85185185185185,7.9,7.71428571428571,8,9,7.76,5
"7",2001,12,7,5,6.33333333333333,8,NA,NA,7,3,2,0,0,5,32,23,9,1,2,30,7.71875,7.69565217391304,7.77777777777778,8,9,7.63333333333333,6
"8",2002,1,8.25,6,8.7,6,NA,6,8.7,5,1,0,1,5,38,28,10,1,3,35,7.80263157894737,7.875,7.6,8,8,7.78571428571429,7
"9",2002,2,8.66666666666667,3,9,8,NA,9,8.5,2,1,0,1,2,41,30,11,1,4,37,7.86585365853659,7.95,7.63636363636364,8,8.25,7.82432432432432,8
"10",2002,3,8.66666666666667,3,8.66666666666667,NA,NA,9,8,3,0,0,2,1,44,33,11,1,6,38,7.92045454545455,8.01515151515152,7.63636363636364,8,8.5,7.82894736842105,9
"11",2002,4,8,5,8,NA,NA,8.33333333333333,7.5,5,0,0,3,2,49,38,11,1,9,40,7.92857142857143,8.01315789473684,7.63636363636364,8,8.44444444444444,7.8125,10
"12",2002,5,8,1,8,NA,NA,NA,8,1,0,0,0,1,50,39,11,1,9,41,7.93,8.01282051282051,7.63636363636364,8,8.44444444444444,7.81707317073171,11
"13",2002,6,8.0625,8,8.21428571428571,7,NA,8,8.07142857142857,7,1,0,1,7,58,46,12,1,10,48,7.94827586206897,8.04347826086956,7.58333333333333,8,8.4,7.85416666666667,12
"14",2002,7,7.94444444444444,9,8.25,7.33333333333333,NA,8.75,7.71428571428571,6,3,0,2,7,67,52,15,1,12,55,7.94776119402985,8.06730769230769,7.53333333333333,8,8.45833333333333,7.83636363636364,13
"15",2002,8,7.6,5,8,7,NA,7,7.75,3,2,0,1,4,72,55,17,1,13,59,7.92361111111111,8.06363636363636,7.47058823529412,8,8.34615384615385,7.83050847457627,14
"16",2002,9,7.85714285714286,7,8,7,NA,9.5,7.2,6,1,0,2,5,79,61,18,1,15,64,7.91772151898734,8.05737704918033,7.44444444444444,8,8.5,7.78125,15
"17",2002,10,7.33333333333333,3,10,6,7,NA,7.33333333333333,1,2,1,0,3,82,62,20,2,15,67,7.89634146341463,8.08870967741935,7.3,7.5,8.5,7.76119402985075,16
"18",2002,11,7.2,5,8,6,NA,6,7.5,3,2,0,1,4,87,65,22,2,16,71,7.85632183908046,8.08461538461538,7.18181818181818,7.5,8.34375,7.74647887323944,17
"19",2002,12,9.16666666666667,6,9.2,9,NA,9.33333333333333,9,5,1,0,3,3,93,70,23,2,19,74,7.94086021505376,8.16428571428571,7.26086956521739,7.5,8.5,7.7972972972973,18
"20",2003,1,8.3125,8,8.42857142857143,7.5,NA,8.5,8.25,7,1,0,2,6,101,77,24,2,21,80,7.97029702970297,8.18831168831169,7.27083333333333,7.5,8.5,7.83125,19
"21",2003,2,8.25,6,8.25,NA,NA,8.5,7,6,0,0,5,1,107,83,24,2,26,81,7.98598130841121,8.19277108433735,7.27083333333333,7.5,8.5,7.82098765432099,20
"22",2003,3,7.83333333333333,9,8.375,7.4,7,8.5,7.5,4,5,2,3,6,116,87,29,4,29,87,7.97413793103448,8.20114942528735,7.29310344827586,7.25,8.5,7.79885057471264,21
"23",2003,4,8.51818181818182,11,8.85555555555556,7,NA,9.75,8.24444444444444,9,2,0,2,9,127,96,31,4,31,96,8.02125984251968,8.2625,7.2741935483871,7.25,8.58064516129032,7.840625,22
"24",2003,5,7.45294117647059,17,7.64166666666667,7,NA,7.33333333333333,7.5875,12,5,0,9,8,144,108,36,4,40,104,7.95416666666667,8.19351851851852,7.23611111111111,7.25,8.3,7.82115384615385,23
"25",2003,6,7.44444444444444,9,7.85714285714286,6,7,7.2,7.75,7,2,1,5,4,153,115,38,5,45,108,7.92418300653595,8.17304347826087,7.17105263157895,7.2,8.17777777777778,7.81851851851852,24
"26",2003,7,7.67261904761905,42,7.89814814814815,7.26666666666667,8,8,7.55645161290323,27,15,2,11,31,195,142,53,7,56,139,7.87,8.12077464788733,7.19811320754717,7.42857142857143,8.14285714285714,7.76007194244604,25
"27",2003,8,8.06666666666667,15,7.85714285714286,8.25,NA,7,8.14285714285714,7,8,0,1,14,210,149,61,7,57,153,7.88404761904762,8.10838926174497,7.33606557377049,7.42857142857143,8.12280701754386,7.79509803921569,26
"28",2003,9,7.93333333333333,12,8.45,7.41666666666667,NA,8.16666666666667,7.7,6,6,0,6,6,222,155,67,7,63,159,7.88671171171171,8.12161290322581,7.34328358208955,7.42857142857143,8.12698412698413,7.79150943396226,27
"29",2003,10,7.875,12,8.375,6.875,5.5,7.33333333333333,8.05555555555556,8,4,1,3,9,234,163,71,8,66,168,7.88611111111111,8.1340490797546,7.3169014084507,7.1875,8.09090909090909,7.80565476190476,28
"30",2003,11,6.71428571428571,7,8.33333333333333,5.5,NA,6.5,8,3,4,0,6,1,241,166,75,8,72,169,7.85207468879668,8.13765060240964,7.22,7.1875,7.95833333333333,7.80680473372781,29
"31",2003,12,8.13333333333333,15,8.875,7.28571428571429,9,8.71428571428571,7.625,8,7,1,7,8,256,174,82,9,79,177,7.8685546875,8.17155172413793,7.22560975609756,7.38888888888889,8.0253164556962,7.79858757062147,30
"32",2004,1,7.2,20,7.76923076923077,6.14285714285714,4,6.57142857142857,7.53846153846154,13,7,1,7,13,276,187,89,10,86,190,7.82010869565217,8.14358288770053,7.14044943820225,7.05,7.90697674418605,7.78078947368421,31
"33",2004,2,8.12352941176471,17,8.03846153846154,8.4,NA,7.86666666666667,8.17857142857143,13,4,0,3,14,293,200,93,10,89,204,7.8377133105802,8.13675,7.19462365591398,7.05,7.90561797752809,7.80808823529412,32
"34",2004,3,7.84375,16,8.34615384615385,5.66666666666667,NA,7.7,7.90909090909091,13,3,0,5,11,309,213,96,10,94,215,7.83802588996764,8.14953051643193,7.146875,7.05,7.89468085106383,7.81325581395349,33
"35",2004,4,7.38461538461539,13,8,6,NA,7.28571428571429,7.5,9,4,0,7,6,322,222,100,10,101,221,7.81972049689441,8.14346846846847,7.101,7.05,7.85247524752475,7.80475113122172,34
"36",2004,5,7.75,18,8.45833333333333,6.33333333333333,7,7.55,8,12,6,1,10,8,340,234,106,11,111,229,7.81602941176471,8.15961538461539,7.05754716981132,7.04545454545455,7.82522522522523,7.81157205240175,35
"37",2004,6,7.9,15,7.96428571428571,7,NA,8.375,7.72727272727273,14,1,0,4,11,355,248,107,11,115,240,7.81957746478873,8.14858870967742,7.05700934579439,7.04545454545455,7.84434782608696,7.80770833333333,36
"38",2004,7,8.16666666666667,15,8.45833333333333,7,NA,8.1875,8.14285714285714,12,3,0,8,7,370,260,110,11,123,247,7.83364864864865,8.16288461538461,7.05545454545455,7.04545454545455,7.86666666666667,7.81720647773279,37
"39",2004,8,7.85294117647059,17,8.57692307692308,5.5,NA,6,8.1,13,4,0,2,15,387,273,114,11,125,262,7.83449612403101,8.18260073260073,7.00087719298246,7.04545454545455,7.8368,7.83339694656489,38
"40",2004,9,7.55555555555556,18,8,6.66666666666667,6,7.5,7.59090909090909,12,6,1,7,11,405,285,120,12,132,273,7.8220987654321,8.17491228070175,6.98416666666667,6.95833333333333,7.81893939393939,7.82362637362638,39
"41",2004,10,7.605,20,7.88823529411765,6,NA,7.83333333333333,7.41818181818182,17,3,0,9,11,425,302,123,12,141,284,7.81188235294118,8.15877483443709,6.96016260162602,6.95833333333333,7.81985815602837,7.80792253521127,40
"42",2004,11,7.73214285714286,28,7.875,7.375,NA,8.3,7.41666666666667,20,8,0,10,18,453,322,131,12,151,302,7.80695364238411,8.14114906832298,6.98549618320611,6.95833333333333,7.85165562913907,7.78460264900662,41
"43",2004,12,7.88461538461539,26,8.17857142857143,7.54166666666667,8,7.96428571428571,7.79166666666667,14,12,1,14,12,479,336,143,13,165,314,7.81116910229645,8.14270833333333,7.03216783216783,7.03846153846154,7.86121212121212,7.78487261146497,42
"44",2005,1,8.07407407407407,27,8.225,7.64285714285714,NA,8.44444444444444,7.88888888888889,20,7,0,9,18,506,356,150,13,174,332,7.8251976284585,8.14733146067416,7.06066666666667,7.03846153846154,7.89137931034483,7.79051204819277,43
"45",2005,2,7.83157894736842,19,7.96153846153846,7.55,NA,8.04285714285714,7.70833333333333,13,6,0,7,12,525,369,156,13,181,344,7.82542857142857,8.14078590785908,7.07948717948718,7.03846153846154,7.89723756906077,7.78764534883721,44
"46",2005,3,7.98888888888889,18,8.40769230769231,6.9,NA,8.125,7.88,13,5,0,8,10,543,382,161,13,189,354,7.83084714548803,8.14986910994764,7.07391304347826,7.03846153846154,7.90687830687831,7.79025423728814,45
"47",2005,4,7.42307692307692,13,8,6.75,NA,7.375,7.44444444444444,7,6,0,4,9,556,389,167,13,193,363,7.82131294964029,8.14717223650385,7.0622754491018,7.03846153846154,7.89585492227979,7.78168044077135,46
"48",2005,5,7.425,24,8.33333333333333,5.91111111111111,7.2,7.83636363636364,7.07692307692308,15,9,1,11,13,580,404,176,14,204,376,7.80491379310345,8.15408415841584,7.00340909090909,7.05,7.89264705882353,7.75731382978724,47
"49",2005,6,8.14583333333333,24,8.20588235294118,8,10,8.6875,7.875,17,7,1,8,16,604,421,183,15,212,392,7.81846026490066,8.15617577197149,7.04153005464481,7.24666666666667,7.92264150943396,7.76211734693878,48
"50",2005,7,7.9,23,8.2,7.3375,NA,8.12,7.73076923076923,15,8,0,10,13,627,436,191,15,222,405,7.82145135566188,8.15768348623853,7.05392670157068,7.24666666666667,7.93153153153153,7.76111111111111,49
"51",2005,8,8.38461538461539,26,8.35714285714286,8.5,NA,8.79166666666667,8.03571428571429,21,5,0,12,14,653,457,196,15,234,419,7.84387442572741,8.16684901531729,7.09081632653061,7.24666666666667,7.97564102564103,7.77028639618139,50
"52",2005,9,7.73529411764706,17,7.95833333333333,7.2,7,8.5,7.31818181818182,12,5,1,6,11,670,469,201,16,240,430,7.84111940298507,8.16151385927505,7.09353233830846,7.23125,7.98875,7.75872093023256,51
"53",2005,10,7.95,50,8.35365853658537,6.11111111111111,7,7.96551724137931,7.92857142857143,41,9,2,29,21,720,510,210,18,269,451,7.84868055555555,8.17696078431373,7.05142857142857,7.20555555555555,7.98624535315985,7.76662971175166,52
"54",2005,11,7.79660714285714,56,8.25027777777778,6.98,7.83333333333333,8.0004,7.63225806451613,36,20,3,25,31,776,546,230,21,294,482,7.84492268041237,8.18179487179487,7.04521739130435,7.2952380952381,7.98744897959184,7.75798755186722,53
"55",2005,12,8.09322033898305,59,8.25581395348837,7.65625,8.5,8.12,8.07352941176471,43,16,2,25,34,835,589,246,23,319,516,7.86246706586826,8.1871986417657,7.0849593495935,7.4,7.99783699059561,7.77877906976744,54
"56",2006,1,8.154,75,8.331,7.8,6.7,8.43035714285714,7.98936170212766,50,25,5,28,47,910,639,271,28,347,563,7.8864945054945,8.19845070422535,7.15092250922509,7.275,8.03273775216138,7.79635879218473,55
"57",2006,2,8.07142857142857,42,8.37096774193548,7.22727272727273,7.5,8.35294117647059,7.88,31,11,2,17,25,952,670,282,30,364,588,7.89465336134454,8.20643283582089,7.15390070921986,7.29,8.04769230769231,7.7999149659864,56
"58",2006,3,8.08180303030303,66,8.3921568627451,7.0266,8.25,8.25,7.9235,51,15,2,32,34,1018,721,297,32,396,622,7.90678683693517,8.21957004160888,7.14747138047138,7.35,8.06404040404041,7.80667041800643,57
"59",2006,4,7.76860465116279,43,8.12258064516129,6.85416666666667,6,8.02142857142857,7.64655172413793,31,12,2,14,29,1061,752,309,34,410,651,7.90118661639962,8.21557180851064,7.13608090614887,7.27058823529412,8.06258536585366,7.7995376344086,58
"60",2006,5,8.15952380952381,42,8.26129032258065,7.87272727272727,8.25,8.355,7.98181818181818,31,11,2,20,22,1103,783,320,36,430,673,7.91102357207616,8.21738186462325,7.161403125,7.325,8.07618604651163,7.80549628528975,59
"61",2006,6,8.11634615384615,52,8.37738095238095,7.02,8.33333333333333,8.13157894736842,8.10757575757576,42,10,3,19,33,1155,825,330,39,449,706,7.92026753246753,8.22552727272728,7.15711818181818,7.4025641025641,8.07853006681515,7.81961614730878,60
"62",2006,7,8.01449275362319,69,8.41555555555555,7.2625,6.83333333333333,8.44347826086956,7.8,45,24,3,23,46,1224,870,354,42,472,752,7.92557924836601,8.23535632183908,7.16426271186441,7.36190476190476,8.09631355932203,7.81841622340426,61
"63",2006,8,7.93114754098361,61,8.35227272727273,6.84117647058823,6,7.97586206896552,7.890625,44,17,1,29,32,1285,914,371,43,501,784,7.92584357976654,8.24098468271335,7.14945822102426,7.33023255813953,8.08934131736527,7.82136352040817,62
"64",2006,9,7.99166666666667,60,8.58108108108108,7.04347826086957,8,8.36363636363636,7.77631578947368,37,23,1,22,38,1345,951,394,44,523,822,7.92877992565056,8.25421661409043,7.14327157360406,7.34545454545454,8.10087954110899,7.81928102189781,63
"65",2006,10,7.53650793650794,63,7.6325,7.3695652173913,6.2,7.54166666666667,7.53333333333333,40,23,5,24,39,1408,991,417,49,547,861,7.91122798295454,8.22912209889001,7.15575299760192,7.22857142857143,8.0763436928702,7.80632868757259,64
"66",2006,11,7.75324675324675,77,8.02884615384615,7.18,NA,7.66129032258065,7.81521739130435,52,25,0,31,46,1485,1043,442,49,578,907,7.90303636363636,8.21913710450623,7.15712443438914,7.22857142857143,8.0540830449827,7.80677949283352,65
"67",2006,12,7.74540229885057,87,8.05597014925373,6.705,8,8.03787878787879,7.56666666666667,67,20,2,33,54,1572,1110,462,51,611,961,7.89431234096692,8.20928828828829,7.13755194805195,7.25882352941176,8.05320785597381,7.79328720083247,66
"68",2007,1,7.75648854961832,131,8.00760869565217,7.16410256410256,7.83333333333333,7.85568181818182,7.70632183908046,92,39,3,44,87,1703,1202,501,54,655,1048,7.88371051086318,8.19385191347754,7.13961876247505,7.29074074074074,8.03993893129771,7.7860677480916,67
"69",2007,2,7.89397535714286,84,8.17883333333333,7.18183041666667,7,7.75605263157895,8.00791152173913,60,24,1,38,46,1787,1262,525,55,693,1094,7.88419302182429,8.19313787638669,7.14154843809524,7.28545454545455,8.02437229437229,7.79539573126143,68
"70",2007,3,7.89466666666667,75,8.328,7.028,7.8,7.94117647058824,7.85609756097561,50,25,4,34,41,1862,1312,550,59,727,1135,7.88461489258861,8.19827743902439,7.13638714545455,7.32033898305085,8.02048143053645,7.7975884845815,69
"71",2007,4,7.63013698630137,73,7.85434782608696,7.24814814814815,8,7.83333333333333,7.54807692307692,46,27,2,21,52,1935,1358,577,61,748,1187,7.87501443410853,8.18662739322534,7.14161686308492,7.34262295081967,8.01522727272727,7.78665790227464,70
"72",2007,5,7.48648648648649,74,7.72549019607843,6.95652173913043,NA,7.5,7.47777777777778,51,23,0,29,45,2009,1409,600,61,777,1232,7.86070330014933,8.16993612491129,7.13452155,7.34262295081967,7.99599742599743,7.77537575487013,71
"73",2007,6,7.89725274725275,91,8.05384615384615,7.50576923076923,6.46666666666667,7.80535714285714,7.93809523809524,65,26,3,28,63,2100,1474,626,64,805,1295,7.86228710952381,8.16481682496608,7.1499407827476,7.3015625,7.98936645962733,7.78329183783784,72
"74",2007,7,7.76896551724138,87,8.05,7.26129032258065,8,7.88181818181818,7.65348837209302,56,31,5,44,43,2187,1530,657,69,849,1338,7.85857472793781,8.16061437908497,7.15519471841705,7.35217391304348,7.98379269729093,7.77912027653214,73
"75",2007,8,7.89873417721519,79,8.17272727272727,7.27083333333333,8.5,8.11785714285714,7.77843137254902,55,24,2,28,51,2266,1585,681,71,877,1389,7.85997481465137,8.16103470031546,7.15927008810573,7.38450704225352,7.98807297605473,7.77909498200144,74
"76",2007,9,7.83260869565217,69,8.0625,7.12941176470588,6.2,8.05833333333333,7.65897435897436,52,17,5,30,39,2335,1637,698,76,907,1428,7.85916613704497,8.15790470372633,7.15854287965616,7.30657894736842,7.99039691289967,7.7758143767507,75
"77",2007,10,7.83941176470588,85,7.89609375,7.66666666666667,8,7.88620689655172,7.81517857142857,64,21,2,29,56,2420,1701,719,78,936,1484,7.85847228512397,8.14805408583187,7.17338376912378,7.32435897435897,7.9871688034188,7.7772998180593,76
"78",2007,11,7.87950819672131,122,8.15617283950617,7.33292682926829,7.71428571428571,8.01276595744681,7.796,81,41,7,47,75,2542,1782,760,85,983,1559,7.85948187647522,8.14842312008979,7.18199069736842,7.35647058823529,7.98839267548322,7.77819944194997,77
"79",2007,12,7.93084415584416,154,8.26009174311927,7.13333333333333,8.22222222222222,8.16190476190476,7.77087912087912,109,45,9,63,91,2696,1891,805,94,1046,1650,7.86355820845697,8.15485986250661,7.17927072049689,7.43936170212766,7.99884321223709,7.77779571515152,78
"80",2008,1,7.79177215189873,158,8.14857142857143,7.08490566037736,7.2,7.99661016949153,7.66969696969697,105,53,5,59,99,2854,1996,858,99,1105,1749,7.85958406797477,8.15452905811624,7.17344164335664,7.42727272727273,7.99872398190045,7.771676918239,79
"81",2008,2,7.6795,100,8.2,6.86538461538461,7.77777777777778,8.02976190476191,7.42586206896552,61,39,9,42,58,2954,2057,897,108,1147,1807,7.85348778943805,8.15587749149247,7.16004785953177,7.45648148148148,7.99986050566696,7.7605771610404,80
"82",2008,3,7.925,102,8.07847222222222,7.55666666666667,7.5,8.07619047619048,7.81916666666667,72,30,4,42,60,3056,2129,927,112,1189,1867,7.85587464986911,8.1532597463598,7.17288341963322,7.45803571428571,8.00255677039529,7.76246005891805,81
"83",2008,4,7.58809523809524,105,8.01209677419355,6.97674418604651,8,7.65138888888889,7.55507246376812,62,43,5,36,69,3161,2191,970,117,1225,1936,7.84697973109775,8.14926517571885,7.16418858762886,7.48119658119658,7.99223673469388,7.75506866219008,82
"84",2008,5,7.71764705882353,68,8.0675,7.21785714285714,6.8,8.10833333333333,7.278125,40,28,5,36,32,3229,2231,998,122,1261,1968,7.84425609476618,8.14779919318692,7.16569431863727,7.45327868852459,7.99555114988105,7.74731348069106,83
"85",2008,6,7.50144927536232,69,7.83,6.88541666666667,7.125,7.795,7.27564102564103,45,24,4,30,39,3298,2276,1022,126,1291,2007,7.83708396907216,8.1415158172232,7.15911245596869,7.44285714285714,7.99089078233927,7.73814794718485,84
"86",2008,7,7.63387378640777,103,8.08145588235294,6.76428571428571,6.40909090909091,7.60807142857143,7.6516393442623,68,35,11,42,61,3401,2344,1057,137,1333,2068,7.83092970596883,8.13977346416383,7.14603872280038,7.35985401459854,7.97882895723931,7.73559619439072,85
"87",2008,8,7.62343434343434,99,8.06538461538462,6.77852941176471,6.09090909090909,7.62820512820513,7.62033333333333,65,34,11,39,60,3500,2409,1091,148,1372,2128,7.82506055142857,8.13776629306767,7.13458563703025,7.26554054054054,7.96886224489796,7.73234630169173,86
"88",2008,9,7.86,75,8.04651162790698,7.609375,7,7.95238095238095,7.82407407407407,43,32,8,21,54,3575,2452,1123,156,1393,2182,7.82579354685314,8.13616598694943,7.14811480854853,7.25192307692308,7.96861378320172,7.73461637488543,87
"89",2008,10,7.37509797297297,74,7.78076020408163,6.58,7.4,8.13571875,7.01,49,25,5,24,50,3649,2501,1148,161,1417,2232,7.81665365305563,8.12920281887246,7.13574297038327,7.25652173913043,7.97144407198306,7.71838392921147,88
"90",2008,11,7.84235294117647,85,8.025,7.55454545454545,7.15,8.16551724137931,7.675,52,33,4,29,56,3734,2553,1181,165,1446,2288,7.81723866630958,8.12708039561301,7.14744532599492,7.25393939393939,7.9753362724758,7.71732208479021,89
"91",2008,12,7.35322580645161,62,7.90769230769231,6.41304347826087,5.60714285714286,6.8125,7.483,39,23,7,12,50,3796,2592,1204,172,1458,2338,7.80965995258166,8.12377941743828,7.13341605481728,7.18691860465116,7.96576560356653,7.71231091958939,90
"92",2009,1,7.529,100,8.00480769230769,7.01354166666667,6.53125,7.60967741935484,7.49275362318841,52,48,8,31,69,3896,2644,1252,180,1489,2407,7.8024561550308,8.12143958018155,7.12882023162939,7.15777777777778,7.95835208193419,7.70601700457001,91
"93",2009,2,7.3218954248366,153,7.78235294117647,6.95352941176471,6.5,7.18,7.349609375,68,85,8,25,128,4049,2712,1337,188,1514,2535,7.78429715485305,8.11293740781712,7.11767608825729,7.12978723404255,7.94549950462352,7.68802087968442,92
"94",2009,3,7.51485507246377,138,8.06369863013699,6.89846153846154,6.82142857142857,7.75483870967742,7.44532710280374,73,65,14,31,107,4187,2785,1402,202,1545,2642,7.77541657033676,8.11164676840216,7.10751278887304,7.10841584158416,7.94167394822007,7.67819187358062,93
"95",2009,4,7.63356164383562,146,8.05384615384615,7.40106382978723,6.95,7.80606060606061,7.58318584070796,52,94,10,33,113,4333,2837,1496,212,1578,2755,7.77063678282945,8.11058732816356,7.12595784090909,7.10094339622641,7.93883792775665,7.67429507441017,94
"96",2009,5,7.72699115044248,113,8.20652173913044,7.39776119402985,6.825,7.6,7.76494252873563,46,67,8,26,87,4446,2883,1563,220,1604,2842,7.76952748088169,8.11211801942422,7.1376090403071,7.09090909090909,7.93334554239402,7.67706999648135,95
"97",2009,6,7.48793103448276,116,7.87272727272727,7.14098360655738,6.59090909090909,7.58035714285714,7.45852272727273,55,61,11,28,88,4562,2938,1624,231,1632,2930,7.76236720298115,8.1076365724983,7.13773579433497,7.06709956709957,7.92728936887255,7.67050611945393,96
"98",2009,7,7.3330078125,128,7.80277777777778,6.87769230769231,6.38888888888889,7.18806818181818,7.40892857142857,63,65,9,44,84,4690,3001,1689,240,1676,3014,7.75064907889126,8.10123667110963,7.12772820011841,7.04166666666667,7.90788260739857,7.66321596881221,97
"99",2009,8,7.47330508474576,118,7.77456140350877,7.19180327868852,6.78571428571429,7.86,7.36935483870968,57,61,7,25,93,4808,3058,1750,247,1701,3107,7.74384238352745,8.09514756376717,7.12996167428571,7.03441295546559,7.90717886537331,7.65441999678146,98
"100",2009,9,7.40190972222222,144,7.84216417910448,7.01883116883117,6.44444444444444,7.43095238095238,7.38995098039216,67,77,18,42,102,4952,3125,1827,265,1743,3209,7.73389926898223,8.0897236,7.12527801313629,6.99433962264151,7.89570352839931,7.64601368962294,99
"101",2009,10,7.4688,203,7.92812244897959,7.04009904761905,6.52272727272727,7.41224827586207,7.49142068965517,98,105,22,58,145,5155,3223,1932,287,1801,3354,7.72345986032978,8.08480988209743,7.12064872153209,6.9581881533101,7.88013417545808,7.63933033094812,100
"102",2009,11,7.61469512195122,164,8.02738636363636,7.13684210526316,7,8.08525,7.46290322580645,88,76,12,40,124,5319,3311,2008,299,1841,3478,7.7201063320173,8.0832836756267,7.1212616185259,6.95986622073579,7.88459079304726,7.63304023289247,101
"103",2009,12,7.36488764044944,178,7.97023809523809,6.82393617021277,6.99038461538461,7.23625,7.40217391304348,84,94,26,40,138,5497,3395,2102,325,1881,3616,7.70860388939421,8.08048667157585,7.10796542816365,6.96230769230769,7.87080364167996,7.62422951603982,102
"104",2010,1,7.6172131147541,183,7.96666666666667,7.20535714285714,7.38333333333333,8.23888888888889,7.46496598639456,99,84,18,36,147,5680,3494,2186,343,1917,3763,7.70565943309859,8.0772616628506,7.11170783623056,6.98440233236152,7.87771604068858,7.6180079537603,103
"105",2010,2,7.41954887218045,133,7.97352941176471,6.84,7.4375,7.71944444444444,7.30824742268041,68,65,8,36,97,5813,3562,2251,351,1953,3860,7.69911329434027,8.07528137282426,7.1038619857841,6.99472934472935,7.87479859190988,7.61022381606218,104
"106",2010,3,7.36363636363636,110,7.82181818181818,6.90545454545455,7.20769230769231,7.38863636363636,7.35738636363636,55,55,13,22,88,5923,3617,2306,364,1975,3948,7.69288292757049,8.07142721868952,7.09912980485689,7.00233516483516,7.86938311392405,7.60458812816616,105
"107",2010,4,7.47386363636364,88,7.91730769230769,6.83333333333333,7.33333333333333,7.80555555555556,7.38857142857143,52,36,6,18,70,6011,3669,2342,370,1993,4018,7.68967652304109,8.06924291360044,7.0950441204099,7.0077027027027,7.86880664826894,7.60082477103037,106
"108",2010,5,7.5735632183908,87,8.29411764705882,7.11132075471698,7.04166666666667,7.72727272727273,7.52153846153846,34,53,12,22,65,6098,3703,2395,382,2015,4083,7.68801993768449,8.07130765595463,7.0954043131524,7.00876963350785,7.86726136476427,7.59956255939261,107
"109",2010,6,7.44928186666667,75,7.8625,6.97703257142857,6.89285714285714,7.56225875,7.41864406779661,40,35,7,16,59,6173,3743,2430,389,2031,4142,7.68511934553701,8.06907620892333,7.09369937037037,7.00668380462725,7.864858586903,7.59698549734428,108
"110",2010,7,7.284375,80,7.71621621621622,6.91279069767442,7.45833333333333,7.95588235294118,7.1031746031746,37,43,12,17,63,6253,3780,2473,401,2048,4205,7.67999227890612,8.06562228835979,7.09055376870198,7.02019950124688,7.86561415527344,7.58958714149822,109
"111",2010,8,7.31633663366337,101,8.105,6.54313725490196,6.66666666666667,6.86904761904762,7.43375,50,51,6,21,80,6354,3830,2524,407,2069,4285,7.67421179099779,8.06613635770235,7.07949265847861,7.01498771498771,7.85549917351378,7.58667769661611,110
"112",2010,9,7.5348,100,7.92592592592593,7.07565217391304,6.83,7.73793103448276,7.45183098591549,54,46,6,29,71,6454,3884,2570,413,2098,4356,7.67205170746824,8.06418698506694,7.07942391828794,7.01230024213075,7.85387406577693,7.58447978191001,111
"113",2010,10,7.45823529411765,85,8.01063829787234,6.775,7.875,7.71515151515151,7.29519230769231,47,38,2,33,52,6539,3931,2608,415,2131,4408,7.66927232298516,8.06354674383109,7.07498829371166,7.0164578313253,7.85172585171281,7.58106713475499,112
"114",2010,11,7.29644444444444,135,7.74677419354839,6.91397260273973,7.41333333333333,7.52914285714286,7.215,62,73,15,35,100,6674,3993,2681,430,2166,4508,7.66173085406053,8.05862816178312,7.07060405445729,7.03030232558139,7.84651329178209,7.57294674578527,113
"115",2010,12,7.22881944444444,144,7.87115384615385,6.46969696969697,7,7.78333333333333,7.06396396396396,78,66,9,33,111,6818,4071,2747,439,2199,4619,7.65258752126723,8.05503617047409,7.05616653440116,7.02968109339408,7.84556516143702,7.56071529118857,114
"116",2011,1,7.52514619883041,171,7.87717391304348,7.11518987341772,6.52941176470588,7.540625,7.52158273381295,92,79,17,32,139,6989,4163,2826,456,2231,4758,7.64946941193304,8.05110551285131,7.05781651450814,7.01103070175439,7.84119129986553,7.55957207440101,115
"117",2011,2,7.40128712871287,101,7.85469387755102,6.97403846153846,7.5,7.57333333333333,7.36397590361446,49,52,4,18,83,7090,4212,2878,460,2249,4841,7.64593395204513,8.04882057217474,7.05630280403058,7.01528260869565,7.83904748332592,7.55621853542657,116
"118",2011,3,7.25413533834586,133,7.7948275862069,6.836,6.79166666666667,7.81851851851852,7.11037735849057,58,75,12,27,106,7223,4270,2953,472,2276,4947,7.63871960681157,8.04537055035129,7.05070757534711,7.00959745762712,7.83880394991213,7.5466654396604,117
"119",2011,4,7.13949579831933,119,7.57424242424242,6.59811320754717,6.89,7.02173913043478,7.16770833333333,66,53,10,23,96,7342,4336,3006,482,2299,5043,7.63062812857532,8.03819931964945,7.04272770126414,7.00711618257261,7.8306297477164,7.53945150307357,118
"120",2011,5,7.18364485981308,107,7.85444444444444,6.69677419354839,6.65,7.01470588235294,7.21555555555556,45,62,10,17,90,7449,4381,3068,492,2316,5133,7.62420750704792,8.03631185802328,7.03573646349413,6.99985772357724,7.82464066925734,7.53377243911942,119
"121",2011,6,7.37287234042553,94,7.79782608695652,6.965625,6.16666666666667,7.54411764705882,7.33506493506493,46,48,6,17,77,7543,4427,3116,498,2333,5210,7.62107539705687,8.03383380393043,7.03465644094994,6.98981927710843,7.82259656665238,7.53083568714012,120
"122",2011,7,7.07956989247312,93,7.46888888888889,6.71458333333333,5.6,7.00588235294118,7.09605263157895,45,48,5,17,76,7636,4472,3164,503,2350,5286,7.61448031953902,8.02814898255814,7.02980071744627,6.97600397614314,7.81668842127659,7.52458454975407,121
"123",2011,8,7.4009009009009,111,8.04153846153846,6.49565217391304,6.69166666666667,7.5125,7.35569620253165,65,46,12,32,79,7747,4537,3210,515,2382,5365,7.61142012650058,8.02834080890456,7.02214625233645,6.9693786407767,7.81260192695214,7.52209765703635,122
"124",2011,9,7.21410256410256,78,7.73783783783784,6.74146341463415,7.28571428571429,7.58571428571429,7.1328125,37,41,7,14,64,7825,4574,3251,522,2396,5429,7.60745964472843,8.02599087232182,7.01860641956321,6.97362068965517,7.81127620617696,7.51750855221956,123
"125",2011,10,7.41024096385542,83,7.74880952380952,7.06341463414634,7.75,7.15476190476191,7.49677419354839,42,41,4,21,62,7908,4616,3292,526,2417,5491,7.60538969650986,8.02346885831889,7.01916448055893,6.9795247148289,7.80557211005378,7.51727443635039,124
"126",2011,11,7.3134175,120,7.84934590163934,6.7593220338983,6.6,7.81724137931035,7.15285824175824,61,59,10,29,91,8028,4677,3351,536,2446,5582,7.60102538863976,8.02119785118666,7.01458951656222,6.97244402985075,7.80571046197874,7.51133357757077,125
"127",2011,12,7.24242424242424,99,7.75102040816327,6.744,6.73333333333333,7.45925925925926,7.16111111111111,49,50,6,27,72,8127,4726,3401,542,2473,5654,7.59665704688077,8.01839660389335,7.01061142899147,6.96979704797048,7.80192793772746,7.50687372302795,126
"128",2012,1,7.19090909090909,121,7.56532258064516,6.79745762711864,6.6,7.92916666666667,7.00824742268041,62,59,5,24,97,8248,4788,3460,547,2497,5751,7.59070463385063,8.01252973057644,7.00697672543353,6.9664168190128,7.80315089707649,7.49846357676926,127
"129",2012,2,7.28,100,7.70363636363636,6.76222222222222,6.7,7.1875,7.30921052631579,55,45,12,24,76,8348,4843,3505,559,2521,5827,7.58698272879731,8.00902175304563,7.00383437089872,6.9606976744186,7.7972898809996,7.49599519993136,128
"130",2012,3,7.33901098901099,91,7.77553191489362,6.87272727272727,7.25,7.64285714285714,7.28376623376623,47,44,4,14,77,8439,4890,3549,563,2535,5904,7.58430878303116,8.00677757668711,7.00220892364046,6.96275310834813,7.79643699802761,7.49322730860434,129
"131",2012,4,7.04901960784314,102,7.6046511627907,6.64406779661017,5.975,6.8952380952381,7.08888888888889,43,59,8,21,81,8541,4933,3608,571,2556,5985,7.57791614799204,8.00327231907561,6.99635240299335,6.94891418563923,7.78903278169014,7.48775505931496,130
"132",2012,5,7.15567010309278,97,7.73369565217391,6.6343137254902,6.91666666666667,7.26086956521739,7.12297297297297,46,51,12,23,74,8638,4979,3659,583,2579,6059,7.57317455661032,8.00078175336412,6.99130622301175,6.94825042881647,7.7843225242342,7.4832998894207,131
"133",2012,6,7.45337837837838,74,7.85125,6.98529411764706,7.15,7.828125,7.35,40,34,10,16,58,8712,5019,3693,593,2595,6117,7.57215700413223,7.999590027894,6.99125087191985,6.95165261382799,7.7845925973025,7.48203597024686,132
"134",2012,7,7.3046875,64,7.64285714285714,7.04166666666667,7.66666666666667,7.29166666666667,7.30769230769231,28,36,3,12,52,8776,5047,3729,596,2607,6169,7.57020645168642,7.99761092728353,6.991737589166,6.95525167785235,7.78232366321442,7.48056638515157,133
"135",2012,8,7.38625,80,7.86842105263158,6.95,7.66666666666667,7.32307692307692,7.39850746268657,38,42,6,13,67,8856,5085,3771,602,2620,6236,7.56854469512195,7.9966454965585,6.99127273137099,6.96234219269103,7.78004495801527,7.4796847386145,134
"136",2012,9,7.45135135135135,74,7.88780487804878,6.90909090909091,7.05,7.37647058823529,7.47368421052632,41,33,10,17,57,8930,5126,3804,612,2637,6293,7.56757355207167,7.99577494147483,6.99055979758149,6.96377450980392,7.77744322715207,7.4796303877324,135
"137",2012,10,7.41395348837209,86,7.62439024390244,7.22222222222222,6.3125,7.38888888888889,7.42058823529412,41,45,8,18,68,9016,5167,3849,620,2655,6361,7.56610823203194,7.99282801432165,6.99326824369966,6.95537096774194,7.77480896045198,7.47899921867631,136
"138",2012,11,7.14047619047619,84,7.63333333333333,6.77083333333333,6.92857142857143,7.53571428571429,7.06142857142857,36,48,7,14,70,9100,5203,3897,627,2669,6431,7.56217932087912,7.99034064001537,6.99052847575058,6.95507177033493,7.77355481079056,7.47445405535687,137
"139",2012,12,7.15333980582524,103,7.55490196078431,6.7595,6.33333333333333,6.8125,7.21602298850575,51,52,12,16,87,9203,5254,3949,639,2685,6518,7.55760358796045,7.98611388465931,6.9874863180552,6.94339593114241,7.7678278547486,7.47100460724149,138
"140",2013,1,7.07657657657658,111,7.7,6.54666666666667,6.79166666666667,7.04782608695652,7.08409090909091,51,60,12,23,88,9314,5305,4009,651,2708,6606,7.55187092763581,7.98336330819981,6.98088886754802,6.94059907834101,7.76171262555391,7.46585044353618,139
"141",2013,2,7.35416666666667,84,7.56794871794872,7.16888888888889,7.1,7.43928571428571,7.33714285714286,39,45,5,14,70,9398,5344,4054,656,2722,6676,7.55010383273037,7.98033165232036,6.98297569560927,6.94181402439024,7.7600542946363,7.46450090323547,140
"142",2013,3,7.20730337078652,89,7.68928571428571,6.77659574468085,7.125,7.36666666666667,7.14846153846154,42,47,8,24,65,9487,5386,4101,664,2746,6741,7.54688793296089,7.97806207760861,6.98061045354791,6.94402108433735,7.75661609249818,7.46145349799733,141
"143",2013,4,7.12134146341463,82,7.83888888888889,6.76909090909091,6.40909090909091,6.94375,7.16439393939394,27,55,11,16,66,9569,5413,4156,675,2762,6807,7.54324128122061,7.97736788287456,6.97781122954764,6.9353037037037,7.75190723750905,7.4585732378434,142
"144",2013,5,7.00555555555556,81,7.68857142857143,6.48586956521739,6.71428571428571,7.16,6.98380281690141,35,46,7,10,71,9650,5448,4202,682,2772,6878,7.5387280642487,7.9755125458884,6.97242586149452,6.93303519061584,7.74977193001443,7.45367229281768,143
"145",2013,6,7.37814814814815,81,7.54820512820513,7.22023809523809,7.39666666666667,7.91666666666667,7.28449275362319,39,42,6,12,69,9731,5487,4244,688,2784,6947,7.53739141095468,7.97247536905412,6.97487829170594,6.93707848837209,7.75049130387931,7.45199194328487,144
"146",2013,7,7.28148148148148,81,7.98157894736842,6.66279069767442,7.1875,7.36315789473684,7.25645161290323,38,43,8,19,62,9812,5525,4287,696,2803,7009,7.53527882388911,7.97253798190045,6.97174795194775,6.93995689655172,7.74786578308955,7.45026223855044,145
"147",2013,8,7.11632352941176,68,7.73055555555556,6.4253125,7.23333333333333,7.38294117647059,7.02745098039216,36,32,9,17,51,9880,5561,4319,705,2820,7060,7.53239532591093,7.97097147095846,6.96769934475573,6.94370212765958,7.74566588297872,7.44720793626063,146
"148",2013,9,7.22625,80,7.82903225806452,6.84489795918367,7.04,7.48333333333333,7.15161290322581,31,49,5,18,62,9960,5592,4368,710,2838,7122,7.52993632730924,7.97018461194563,6.96632176510989,6.94438028169014,7.74400204016913,7.44463465739961,147
"149",2013,10,7.24320987654321,81,7.77941176470588,6.85531914893617,6.78571428571429,7.21875,7.24923076923077,34,47,7,16,65,10041,5626,4415,717,2854,7187,7.52762332636191,7.96903170103093,6.96514008380521,6.94283124128312,7.74105738962859,7.44286740364547,148
"150",2013,11,7.3,91,7.94512195121951,6.771,6.65,7.51052631578947,7.24444444444444,41,50,8,19,72,10132,5667,4465,725,2873,7259,7.5255789399921,7.96885871713428,6.96296606270996,6.9396,7.73953281935259,7.44089930155669,149
"151",2013,12,7.33883495145631,103,7.6,7.09245283018868,7,8.1,7.15542168674699,50,53,9,20,83,10235,5717,4518,734,2893,7342,7.52369964044944,7.96563273570054,6.96448505312085,6.94034059945504,7.74202481507086,7.43767202805775,150
"152",2014,1,7.01699029126214,103,7.47325581395349,6.69,6.77272727272727,7.68684210526316,6.86547619047619,43,60,11,19,84,10338,5760,4578,745,2912,7426,7.51865117237376,7.96195700520833,6.96088760812582,6.93786577181208,7.74166476304945,7.43119957312147,151
"153",2014,2,7.3156976744186,86,7.79512195121951,6.87888888888889,6.32142857142857,7.68055555555556,7.21911764705882,41,45,7,18,68,10424,5801,4623,752,2930,7494,7.51697676707598,7.96077785726599,6.96008943759464,6.93212765957447,7.74128934812287,7.4292751574593,152
"154",2014,3,7.33470152173913,92,7.89982238095238,6.86,7.14285714285714,7.18666666666667,7.36353948051948,42,50,7,15,77,10516,5843,4673,759,2945,7571,7.5153821186763,7.96033970391922,6.95901850417291,6.93407114624506,7.73846444482173,7.42860660018492,153
"155",2014,4,7.39314473684211,76,7.83225806451613,7.09064444444444,6.78846153846154,7.34210526315789,7.41015789473684,31,45,13,19,57,10592,5874,4718,772,2964,7628,7.51450503776435,7.95966375383044,6.96027394446799,6.93161917098446,7.73592368083671,7.42846874278972,154
"156",2014,5,7.21428571428571,70,7.61973684210526,6.7328125,6.35714285714286,7.31818181818182,7.19491525423729,38,32,7,11,59,10662,5912,4750,779,2975,7687,7.51253398611892,7.9574788379567,6.95874157263158,6.92645699614891,7.73437908907563,7.42667615064394,155
"157",2014,6,7.33196721311475,61,8.005,6.68064516129032,7.56,7.96875,7.23584905660377,30,31,5,8,53,10723,5942,4781,784,2983,7740,7.51150679474027,7.95771876304275,6.95693839573311,6.93049744897959,7.73500763995977,7.42536945348837,156
"158",2014,7,7.13827160493827,81,7.78333333333333,6.62222222222222,6.66666666666667,7.40909090909091,7.09571428571429,36,45,6,11,70,10804,5978,4826,790,2994,7810,7.50870856719733,7.95666859986617,6.95381733733941,6.92849367088608,7.73381021710087,7.42241479769526,157
"159",2014,8,7.22063492063492,63,7.83518518518519,6.75972222222222,7.33333333333333,7.06333333333333,7.26979166666667,27,36,3,15,48,10867,6005,4862,793,3009,7858,7.50703849820557,7.9561223796836,6.95238018716577,6.93002522068096,7.73046785975407,7.421482510817,158
"160",2014,9,7.27936507936508,63,7.83333333333333,6.93846153846154,6.23333333333333,7.55555555555556,7.23333333333333,24,39,6,9,54,10930,6029,4901,799,3018,7912,7.50572619945105,7.95563358600099,6.95226942868802,6.92479349186483,7.72994625248509,7.42019837841254,159
"161",2014,10,6.808,75,7.0948275862069,6.62717391304348,6.46071428571429,6.97105263157895,6.75267857142857,29,46,14,19,56,11005,6058,4947,813,3037,7968,7.50097113675602,7.95151285737867,6.94924650697392,6.91680196801968,7.72519848205466,7.41550697414659,160
"162",2014,11,7.28181818181818,77,8.08235294117647,6.64883720930233,7.05555555555556,8.04117647058824,7.06666666666667,34,43,9,17,60,11082,6092,4990,822,3054,8028,7.4994484172532,7.95224308765594,6.94665780961924,6.91832116788321,7.72695736411264,7.41289979696064,161
"163",2014,12,7.40284090909091,88,7.795,6.88684210526316,7.05555555555556,7.26315789473684,7.44130434782609,50,38,9,19,69,11170,6142,5028,831,3073,8097,7.49868731960608,7.95096302344513,6.94620574184566,6.91980746089049,7.72408974617637,7.41314185130295,162
"164",2015,1,7.22070707070707,99,7.73723404255319,6.75384615384615,6.425,7.36944444444444,7.18765432098765,47,52,8,18,81,11269,6189,5080,839,3091,8178,7.49624521785429,7.94933994021651,6.94423670669291,6.91508939213349,7.72202451957295,7.41090848251406,163
"165",2015,2,7.07848837209302,86,7.78191489361702,6.23076923076923,6.35714285714286,6.79333333333333,7.1387323943662,47,39,7,15,71,11355,6236,5119,846,3106,8249,7.49308122941435,7.94807807729314,6.93880102949795,6.91047281323877,7.71753953316162,7.40856583464662,164
"166",2015,3,7.07448979591837,98,7.32777777777778,6.92741935483871,6.7625,7.36666666666667,7.02168674698795,36,62,8,15,83,11453,6272,5181,854,3121,8332,7.48949946389592,7.94451768016582,6.93866482725342,6.90908665105386,7.71585318487664,7.40471190230437,165
"167",2015,4,7.34111842105263,76,8.04285714285714,6.74207317073171,6.9375,7.25714285714286,7.36008064516129,35,41,8,14,62,11529,6307,5222,862,3135,8394,7.48852132535345,7.94506340415411,6.93712130792799,6.90935034802784,7.71380471770335,7.40438224565166,166
"168",2015,5,7.07916666666667,72,7.85972222222222,6.29861111111111,6.53333333333333,7.70666666666667,6.9140350877193,36,36,3,15,57,11601,6343,5258,865,3150,8451,7.48598072235152,7.94457904619265,6.93274961392164,6.90804624277457,7.71377072698413,7.40107496982606,167
"169",2015,6,7.27961538461538,78,7.79666666666667,6.95645833333333,6.835,7.82714285714286,7.15984375,30,48,8,14,64,11679,6373,5306,873,3164,8515,7.48460247966435,7.94388276949631,6.93296409159442,6.90737686139748,7.71427237357775,7.39926184028185,168
"170",2015,7,7.33109756097561,82,7.84146341463415,6.82073170731707,7.625,7.97222222222222,7.15078125,41,41,4,18,64,11761,6414,5347,877,3182,8579,7.48353221324717,7.94322807764266,6.93210351037965,6.91064994298746,7.71573154934004,7.39740815596223,169
"171",2015,8,7.09505494505494,91,7.76190476190476,6.5234693877551,6.375,7.48,6.98661971830986,42,49,2,20,71,11852,6456,5396,879,3202,8650,7.48054947350658,7.9420484649938,6.92839278539659,6.90943117178612,7.71425914740787,7.39403636647399,170
"172",2015,9,7.25,74,7.65735294117647,6.90375,7.16666666666667,7.70769230769231,7.15245901639344,34,40,3,13,61,11926,6490,5436,882,3215,8711,7.47911893006875,7.94055699383667,6.92821145511405,6.91030612244898,7.7142325940902,7.39234468717713,171
"173",2015,10,7.35911392405063,79,7.75864864864865,7.00714285714286,6.43333333333333,7.57142857142857,7.31338461538462,37,42,6,14,65,12005,6527,5478,888,3229,8776,7.47832922615576,7.93952579898882,6.92881662468054,6.90708333333333,7.71361343759678,7.39175986440292,172
"174",2015,11,7.25535714285714,84,7.64318181818182,6.82875,7.3,8.1625,7.15986842105263,44,40,8,8,76,12089,6571,5518,896,3237,8852,7.47677991231698,7.93754145335565,6.92809124139181,6.91059151785714,7.71472282669138,7.38976893018527,173
"175",2015,12,7.08525641025641,78,7.6969696969697,6.63666666666667,7.09090909090909,7.08823529411765,7.0844262295082,33,45,11,17,61,12167,6604,5563,907,3254,8913,7.47426994000164,7.93633932313749,6.92573386122596,6.91277839029769,7.71144984326982,7.38767918433749,174
"176",2016,1,7.59166666666667,96,7.94042553191489,7.25714285714286,7.4,7.72727272727273,7.55135135135135,47,49,10,22,74,12263,6651,5612,917,3276,8987,7.47518897170349,7.9363681987671,6.92862748930862,6.91809160305344,7.7115561019536,7.38902687993769,175
"177",2016,2,7.30434782608696,69,7.85769230769231,6.96976744186046,6.86363636363636,6.98571428571429,7.38545454545455,26,43,11,14,55,12332,6677,5655,928,3290,9042,7.4742330814142,7.93606183765164,6.92894031299735,6.91744612068966,7.70846741337386,7.3890051504092,176
"178",2016,3,7.40411764705882,85,7.79411764705882,7.14411764705882,7.05714285714286,7.37857142857143,7.40915492957746,34,51,7,14,71,12417,6711,5706,935,3304,9113,7.47375310944672,7.93534270451498,6.93086355941115,6.91849197860963,7.70706954903148,7.38916213870295,177
"179",2016,4,7.15555555555556,63,7.82037037037037,6.65694444444444,5.75,8.05,7.02545454545455,27,36,8,8,55,12480,6738,5742,943,3312,9168,7.47214682371794,7.93488199614129,6.92914619818878,6.90857900318134,7.70789788345411,7.38698021051484,178
"180",2016,5,7.30593220338983,59,7.76129032258065,6.80178571428571,7.45,7.71153846153846,7.19130434782609,31,28,2,13,46,12539,6769,5770,945,3325,9214,7.47136473083978,7.93408699807948,6.9285281577123,6.90972486772487,7.70791211729323,7.3860033177773,179
"181",2016,6,7.09507042253521,71,7.96304347826087,6.67916666666667,6.58571428571429,6.79166666666667,7.12307692307692,23,48,7,6,65,12610,6792,5818,952,3331,9279,7.46924602379064,7.93418505447585,6.92647086112066,6.90734243697479,7.70626172020414,7.38416150123936,180
"182",2016,7,7.39058823529412,85,8.00263157894737,6.89574468085106,8.21428571428571,7.55555555555556,7.31379310344828,38,47,7,27,58,12695,6830,5865,959,3358,9337,7.46871936667979,7.93456586969253,6.92622463256607,6.91688216892596,7.70504996724241,7.383724383635,181
"183",2016,8,7.53113475177305,141,7.99845070422535,7.05714285714286,7.56363636363636,7.88333333333333,7.45888888888889,71,70,11,24,117,12836,6901,5935,970,3382,9454,7.4694049828607,7.93522314012462,6.92776873967986,6.92421649484536,7.70631513601419,7.38465459805373,182
"184",2016,9,7.4535,100,8.14375,6.99333333333333,6.89285714285714,7.175,7.51463414634146,40,60,14,18,82,12936,6941,5995,984,3400,9536,7.46928203153989,7.93642485088604,6.9284249324437,6.92377032520325,7.70350229117647,7.38577229131711,183
"185",2016,10,7.30716814159292,113,7.76759259259259,6.88576271186441,6.75,7.60714285714286,7.20835294117647,54,59,10,28,85,13049,6995,6054,994,3428,9621,7.46787817917081,7.9351214996426,6.92800916253716,6.92202213279678,7.70271522462077,7.38420481966532,184
"186",2016,11,7.49547619047619,126,8.0401724137931,7.03088235294118,7.25,7.77266666666667,7.40885416666667,58,68,9,30,96,13175,7053,6122,1003,3458,9717,7.468142114611,7.93598538068907,6.92915182456713,6.92496510468594,7.70332209080393,7.38444834516826,185
"187",2016,12,7.58,100,8.11071428571429,6.90454545454545,7.64285714285714,8,7.48780487804878,56,44,7,18,82,13275,7109,6166,1010,3476,9799,7.46898473521657,7.93736177943452,6.92897623580928,6.92994059405941,7.70485839758343,7.3853132533932,186
"188",2017,1,7.51586776859504,121,7.98181818181818,6.95672727272727,7.16,7.72611111111111,7.47912621359223,66,55,5,18,103,13396,7175,6221,1015,3494,9902,7.46940820842042,7.93777071637631,6.92922158334673,6.93107389162562,7.70496788494562,7.38628909008281,187
"189",2017,2,7.57247933884298,121,8.0608064516129,7.05932203389831,7,7.682,7.54395833333333,62,59,9,25,96,13517,7237,6280,1024,3519,9998,7.47033086927572,7.93882477407766,6.93044386464968,6.9316796875,7.7048047144075,7.38780301760352,188
"190",2017,3,7.46132075471698,106,7.92391304347826,7.10666666666667,6.83333333333333,8.39285714285714,7.3195652173913,46,60,9,14,92,13623,7283,6340,1033,3533,10090,7.4702607619467,7.93873059041604,6.93211158832808,6.93082284607938,7.70753121709595,7.38718082953419,189
"191",2017,4,7.55650862068966,116,7.96435714285714,6.93586956521739,6.31111111111111,7.57619047619048,7.55215789473684,70,46,9,21,95,13739,7353,6386,1042,3554,10185,7.47098896280661,7.93897455324357,6.93213865800188,6.92547024952015,7.70675514631401,7.38871964359352,190
"192",2017,5,7.37393617021277,94,7.8780487804878,6.98396226415094,7.04166666666667,7.05416666666667,7.42073170731707,41,53,6,12,82,13833,7394,6439,1048,3566,10267,7.47032945564953,7.93863671760887,6.93256522286069,6.92613549618321,7.70455911104879,7.38897531606117,191
"193",2017,6,7.30531914893617,94,7.71190476190476,6.97692307692308,6.75,7.40625,7.28461538461538,42,52,10,16,78,13927,7436,6491,1058,3582,10345,7.46921572197889,7.93735609064013,6.932920577723,6.92447069943289,7.70322663037409,7.38818845529241,192
"194",2017,7,7.150475,100,7.88865384615385,6.67852459016393,7.05454545454545,7.19625,7.14175595238095,39,61,11,16,84,14027,7475,6552,1069,3598,10429,7.46694338490054,7.93710199197324,6.93055211691087,6.92580916744621,7.70097214841579,7.38620357368875,193
"195",2017,8,7.19488636363636,88,7.87162162162162,6.70392156862745,5.8125,6.68181818181818,7.26818181818182,37,51,8,11,77,14115,7512,6603,1077,3609,10506,7.46524724477506,7.93677947151225,6.92880167651068,6.91753946146704,7.69786583264062,7.38533857509994,194
"196",2017,9,7.48031914893617,94,8.09893617021277,6.86170212765957,6.27777777777778,7.67,7.4577380952381,47,47,9,10,84,14209,7559,6650,1086,3619,10590,7.46534695333943,7.93778772192089,6.92832743909775,6.91223756906077,7.69778883393203,7.38591284891407,195
"197",2017,10,7.48362831858407,113,8.04387755102041,7.0546875,7.625,7.50625,7.47989690721649,49,64,8,16,97,14322,7608,6714,1094,3635,10687,7.46549119257086,7.93847100289169,6.92953194369973,6.91744972577697,7.69694574690509,7.38676589033405,196
"198",2017,11,7.28162162162162,111,7.75851851851852,6.82982456140351,6.85,7.50625,7.21965517241379,54,57,8,24,87,14433,7662,6771,1102,3659,10774,7.46407710524492,7.9372027394936,6.92869258159799,6.91696007259528,7.69569494124078,7.38541647206237,197
"199",2017,12,7.3828125,128,7.89754098360656,6.91417910447761,7.03333333333333,7.2,7.42285714285714,61,67,18,23,105,14561,7723,6838,1120,3682,10879,7.46336274019641,7.93688947170789,6.92855037584089,6.91883035714286,7.69259853068984,7.38577783527898,198
"200",2018,1,7.545,130,7.98805970149254,7.07380952380952,7.39090909090909,7.75,7.50772727272727,67,63,11,20,110,14691,7790,6901,1131,3702,10989,7.46408514464638,7.93732957509628,6.92987646283148,6.92342175066313,7.69290864127499,7.38699855036855,199
"201",2018,2,7.45571428571429,77,7.93030303030303,7.09977272727273,7.25555555555556,7.52071428571429,7.44126984126984,33,44,9,14,63,14768,7823,6945,1140,3716,11052,7.46404149918743,7.93729993480762,6.93095283945285,6.92604385964912,7.69225990043057,7.38730791440463,200
"202",2018,3,7.20329113924051,79,7.902,6.77551020408163,7.18333333333333,7.31818181818182,7.18470588235294,30,49,6,11,68,14847,7853,6994,1146,3727,11120,7.46265406210008,7.93716508213421,6.92986380754933,6.92739092495637,7.69115583310974,7.38606898111511,201
"203",2018,4,7.26538461538462,104,7.69,6.94152542372881,7.01875,6.8375,7.32119565217391,45,59,8,12,92,14951,7898,7053,1154,3739,11212,7.46128184469266,7.93575682324639,6.92996135970509,6.92802426343154,7.68841609788713,7.38553666339636,202
"204",2018,5,7.56272727272727,88,8.152,7.17358490566038,7.5625,7.47692307692308,7.5776,35,53,8,13,75,15039,7933,7106,1162,3752,11287,7.46187544783562,7.93671087734779,6.93177842245989,6.93239242685026,7.68768331289979,7.38681288827855,203
"205",2018,6,7.65204081632653,98,8.17115384615385,7.06521739130435,6,8.72222222222222,7.5438202247191,52,46,1,9,89,15137,7985,7152,1163,3761,11376,7.46310661689898,7.93823761928616,6.9326366708613,6.93159071367154,7.69015894442967,7.38804123329817,204
"206",2018,7,7.38770833333333,96,7.78166666666667,6.99375,5.3,7.54615384615385,7.36289156626506,48,48,5,13,83,15233,8033,7200,1168,3774,11459,7.4626314488282,7.93730205278227,6.93304409305556,6.92460616438356,7.68966290143084,7.38785906885418,205
"207",2018,8,7.92611111111111,90,8.22888888888889,7.62333333333333,7.80555555555556,8.19736842105263,7.85352112676056,45,45,9,19,71,15323,8078,7245,1177,3793,11530,7.46535370749853,7.93892639143352,6.93733160386474,6.93134239592184,7.69220611389401,7.39072654553339,206
"208",2018,9,7.44960784313725,102,7.906,7.01076923076923,6.56,8.49285714285714,7.28363636363636,50,52,5,14,88,15425,8128,7297,1182,3807,11618,7.46524958573743,7.93872384227362,6.93785493627518,6.92977157360406,7.6951504570528,7.38991539593734,207
"209",2018,10,7.60265957446808,94,8.17040816326531,6.98444444444444,7.25454545454545,7.78421052631579,7.55666666666667,49,45,11,19,75,15519,8177,7342,1193,3826,11693,7.46608189058573,7.94011219151278,6.93814048896759,6.93276613579212,7.69559273131208,7.39098495424613,208
"210",2018,11,7.29755555555556,90,7.93916666666667,6.56428571428571,6.29166666666667,8.18181818181818,7.17443037974684,48,42,12,11,79,15609,8225,7384,1205,3837,11772,7.46511018386828,7.94010667355623,6.93601401273023,6.92638174273859,7.69698665363565,7.38953169130139,209
"211",2018,12,7.32173831775701,107,7.694,6.99519298245614,7.48622222222222,7.55,7.26926436781609,50,57,9,20,87,15716,8275,7441,1214,3857,11859,7.46413405828455,7.93861962416918,6.93646733906733,6.93053212520593,7.69622447238787,7.38864938612025,210
"212",2019,1,7.48453608247423,97,7.91627906976744,7.14074074074074,7.25,7.70952380952381,7.42236842105263,43,54,10,21,76,15813,8318,7495,1224,3878,11935,7.46425920824638,7.93850413440731,6.93793908872582,6.93314215686275,7.696296490459,7.38886410305823,211
"213",2019,2,7.56057692307692,104,8.08,7.07962962962963,7.68,7.47142857142857,7.58313253012048,50,54,5,21,83,15917,8368,7549,1229,3899,12018,7.46488853804108,7.93934959249522,6.9389526387601,6.93618063466233,7.69508535265453,7.39020578049592,212
"214",2019,3,7.41046296296296,108,7.77111105263158,7.00738568627451,6.54588235294118,7.65277777777778,7.362,57,51,17,18,90,16025,8425,7600,1246,3917,12108,7.46452173853354,7.93821136142433,6.93941186052632,6.93085553772071,7.69489093438856,7.38999612405022,213
"215",2019,4,7.21866666666667,75,7.78,6.7275,7.33333333333333,7.28571428571429,7.20327868852459,35,40,9,14,61,16100,8460,7640,1255,3931,12169,7.46337645093167,7.93755682269503,6.93830237434555,6.93374183266932,7.69343367845332,7.38906015859972,214
"216",2019,5,7.29529411764706,85,7.915,6.74444444444444,7.25,7.20833333333333,7.30958904109589,40,45,8,12,73,16185,8500,7685,1263,3943,12242,7.46249372011121,7.93745067294118,6.93716722706571,6.93574505146477,7.69195733958915,7.38858626613299,215
"217",2019,6,7.43391304347826,92,8.1306976744186,6.82244897959184,6.1,7.74285714285714,7.34253521126761,43,49,5,21,71,16277,8543,7734,1268,3964,12313,7.46233217791976,7.9384233547934,6.93644041117145,6.93244952681388,7.69222699041372,7.38832072362544,216
"218",2019,7,7.35,80,8.12777777777778,6.71363636363636,6.875,7.71333333333333,7.26615384615385,36,44,8,15,65,16357,8579,7778,1276,3979,12378,7.46178277557009,7.93921794148502,6.93518001285678,6.93208934169279,7.69230655692385,7.3876791945387,217
"219",2019,8,7.45330188679245,106,8.07954545454546,7.00887096774194,7.34666666666667,7.43666666666667,7.45670454545455,44,62,15,18,88,16463,8623,7840,1291,3997,12466,7.46172816983538,7.93993398121304,6.93576277295919,6.93690627420604,7.69115531398549,7.38816645836676,218
"220",2019,9,7.26513602040816,98,7.864074,6.75660377358491,6.375,7.075,7.30223573170732,45,53,8,16,82,16561,8668,7893,1299,4013,12548,7.46056483243765,7.93954015343793,6.9345597542126,6.93344572748268,7.6886986768004,7.38760490914887,219
"221",2019,10,7.43978494623656,93,8.12045454545455,6.82857142857143,8.425,7.47272727272727,7.43536585365854,44,49,4,11,82,16654,8712,7942,1303,4024,12630,7.46044879248228,7.94045386248852,6.93390583480232,6.93802455871067,7.68810829771372,7.38791499604118,220
"222",2019,11,7.41516483516483,91,8.04157894736842,6.96603773584906,7.7,7.3,7.44356164383562,38,53,10,18,73,16745,8750,7995,1313,4042,12703,7.46020269871603,7.94089303428571,6.93411884177611,6.9438278750952,7.68637995794161,7.38823477918602,221
"223",2019,12,7.54930555555556,144,7.96794871794872,7.05454545454545,7.13,7.552,7.54873949579832,78,66,10,25,119,16889,8828,8061,1323,4067,12822,7.46096241281307,7.94113208541006,6.93510484307158,6.9452350718065,7.68555391935087,7.38972441116831,222
"224",2020,1,7.51805369127517,149,8.14264705882353,6.9937037037037,6.94166666666667,7.47222222222222,7.52435114503817,68,81,12,18,131,17038,8896,8142,1335,4085,12953,7.46146168505693,7.94267244267086,6.93568780889216,6.94520299625468,7.68461390208078,7.39108595692118,223
"225",2020,2,7.4327619047619,105,7.72549019607843,7.1562962962963,7.5,7.7625,7.37348314606742,51,54,4,16,89,17143,8947,8196,1339,4101,13042,7.46128590036749,7.94143445288924,6.93714130551489,6.94686034353996,7.68491777371373,7.39096583346113,224
"226",2020,3,7.34095744680851,94,7.63636363636364,7.081,6.71428571428571,8.25882352941177,7.13831168831169,44,50,7,17,77,17237,8991,8246,1346,4118,13119,7.46062970296455,7.93994150261372,6.93801359932088,6.94565081723626,7.68728698154444,7.38948291790533,225
"227",2020,4,7.36388888888889,72,8.22857142857143,6.54594594594595,6.08,7.72666666666667,7.26842105263158,35,37,5,15,57,17309,9026,8283,1351,4133,13176,7.46022729158241,7.9410607190339,6.93626224073403,6.94244707623982,7.687429903218,7.38895919854281,226
"228",2020,5,7.63103448275862,58,7.97857142857143,7.30666666666667,6.83333333333333,8.1,7.58679245283019,28,30,6,5,53,17367,9054,8313,1357,4138,13229,7.46079773075373,7.94117672299536,6.93759895825815,6.94196462785556,7.68792841710972,7.38975178773906,227
"229",2020,6,7.570625,80,7.953,6.93333333333333,6.25,7.53571428571429,7.5780303030303,50,30,2,14,66,17447,9104,8343,1359,4152,13295,7.46130132343669,7.94124165751318,6.93758361980103,6.94094628403238,7.68741517100193,7.39068645355397,228
"230",2020,7,7.60217391304348,69,8.24393939393939,7.01388888888889,7,8.375,7.50081967213115,33,36,4,8,61,17516,9137,8379,1363,4160,13356,7.46185625656542,7.94233490751888,6.93791146198831,6.9411195891416,7.68873744951923,7.39118945792154,229
"231",2020,8,7.69506172839506,81,8.07333333333333,7.22222222222222,8,8,7.64202898550725,45,36,2,12,69,17597,9182,8415,1365,4172,13425,7.4629297147241,7.94297691679373,6.93912776470588,6.94267106227106,7.68963273969319,7.39247868901304,230
"232",2020,9,7.56010526315789,95,8.13111111111111,7.0462,7.5625,8.33125,7.40392405063291,45,50,8,16,79,17692,9227,8465,1373,4188,13504,7.46345151424372,7.94389444564864,6.93976020555227,6.94628259286235,7.69208399952245,7.3925456457346,231
"233",2020,10,7.67043010752688,93,8.13522727272727,7.2530612244898,7.74285714285714,8.17857142857143,7.58037974683544,44,49,7,14,79,17785,9271,8514,1380,4202,13583,7.46453383131852,7.94480250782008,6.94156332393705,6.9503231884058,7.69370485245121,7.39363810645661,232
"234",2020,11,7.67778181818182,110,8.21953125,6.92404347826087,6.41285714285714,8.36,7.57006315789474,64,46,7,15,95,17895,9335,8560,1387,4217,13678,7.46584465996088,7.94668602570969,6.94146917523365,6.9476106705119,7.69607488498933,7.39486345957012,233
"235",2020,12,7.16072164948454,97,7.86113636363636,6.57924528301887,6.3,7.11052631578947,7.17294871794872,44,53,7,19,78,17992,9379,8613,1394,4236,13756,7.4641996548466,7.94628468386821,6.9392402345292,6.94435868005739,7.69344848677998,7.39360514684502,234
"236",2021,1,7.60531531531532,111,8.18333333333333,7.29222222222222,6.12,7.94083333333333,7.56464646464647,39,72,7,12,99,18103,9418,8685,1401,4248,13855,7.46506491686461,7.94726630388617,6.94216651007484,6.94023982869379,7.69414731403013,7.39482731143992,235
"237",2021,2,7.51607954545455,88,7.86071428571429,7.20141304347826,6.1,7.78571428571429,7.49277777777778,42,46,5,7,81,18191,9460,8731,1406,4255,13936,7.46531170303996,7.94688203488372,6.94353237200779,6.93725177809388,7.69429795299648,7.39539662743973,236
"238",2021,3,7.70763636363636,88,8.26679069767442,7.17333333333333,7.3125,7.88630769230769,7.67666666666667,43,45,8,13,75,18279,9503,8776,1414,4268,14011,7.46647831883582,7.94832958539408,6.94471070419326,6.93937482319661,7.69488279990628,7.39690224823354,237
"239",2021,4,7.59824096385542,83,7.78717948717949,7.43077272727273,6.93675,8.15,7.48628985507246,39,44,8,14,69,18362,9542,8820,1422,4282,14080,7.46707391297244,7.9476709337665,6.94713550340136,6.93936005625879,7.69637080569827,7.39734029829546,238
"240",2021,5,7.88148936170213,94,8.31811320754717,7.31707317073171,7.2,8.01631578947368,7.84733333333333,53,41,10,19,75,18456,9595,8861,1432,4301,14155,7.46918461150845,7.94971714955706,6.94884721137569,6.94118016759777,7.69778418739828,7.39972457788768,239
"241",2021,6,7.81575609756098,82,8.11578723404255,7.41285714285714,7.2,8.21428571428571,7.77856,47,35,5,7,75,18538,9642,8896,1437,4308,14230,7.47071761732657,7.95052665940676,6.95067279001799,6.94208072372999,7.69862344243268,7.40172125087843,240
"242",2021,7,7.67191011235955,89,8.25652173913043,7.04651162790698,6.85,7.38235294117647,7.74027777777778,46,43,10,17,72,18627,9688,8939,1447,4325,14302,7.47167891716326,7.95197956750619,6.9511338113883,6.94144436765722,7.6973802982659,7.40342563277864,241
"243",2021,8,7.66836734693878,98,8.08771929824561,7.08536585365854,6.14285714285714,8.42083333333333,7.56337209302326,57,41,7,12,86,18725,9745,8980,1454,4337,14388,7.47270831455273,7.95277353001539,6.95174667483296,6.93759972489684,7.69938201291215,7.40438166527662,242
"244",2021,9,7.83612903225806,93,8.28279069767442,7.452,7.12222222222222,8.20058823529412,7.75460526315789,43,50,9,17,76,18818,9788,9030,1463,4354,14464,7.47450436762674,7.95422333980384,6.95451662679956,6.93873547505127,7.70133895039045,7.40622188882744,243
"245",2021,10,7.33521276595745,94,7.89235294117647,6.67441860465116,5.875,7.965,7.225,51,43,4,14,80,18912,9839,9073,1467,4368,14544,7.4738120341582,7.95390263746315,6.9531891480216,6.93583503749148,7.70218401785715,7.40522506875688,244
"246",2021,11,7.64378790909091,110,8.27407407407407,7.03601196428571,6.83333333333333,7.972,7.54725494117647,54,56,9,25,85,19022,9893,9129,1476,4393,14629,7.47479496688045,7.95565026281209,6.95369720779932,6.93521002710027,7.70371950603233,7.40605031581107,245
"247",2021,12,7.6694696969697,132,8.21637931034483,7.24081081081081,7.8,7.55,7.68713043478261,58,74,5,17,115,19154,9951,9203,1481,4410,14744,7.47613656990707,7.9571699376947,6.95600584700641,6.9381296421337,7.70312693650794,7.40824267973414,246
"248",2022,1,7.4839063372093,172,7.916648625,7.10760869565217,7.76153846153846,6.83571428571429,7.54134107594937,80,92,13,14,158,19326,10031,9295,1494,4424,14902,7.4762057202732,7.95684676901605,6.95750638084992,6.94529451137885,7.70038195976492,7.4096538692793,247
"249",2022,2,7.79970338983051,118,8.24330188679245,7.438,7.35714285714286,7.82477272727273,7.79395833333333,53,65,7,22,96,19444,10084,9360,1501,4446,14998,7.47816893386134,7.95835233439111,6.96084314209402,6.94721518987342,7.70099747863248,7.41211374583278,248
"250",2022,3,7.6862037037037,108,8.18958333333333,7.2835,7,8.14695652173913,7.56152941176471,48,60,8,23,85,19552,10132,9420,1509,4469,15083,7.47931806209083,7.95944778326095,6.96289828131635,6.94749502982108,7.70329263593645,7.41295577537626,249
"251",2022,4,7.78717457142857,105,8.15406779661017,7.31659413043478,8.5,8.50755533333333,7.66711111111111,59,46,1,15,90,19657,10191,9466,1510,4484,15173,7.48096251106476,7.96057452065548,6.96461706528629,6.94852317880795,7.70598307760928,7.41446332037172,250
"252",2022,5,7.91639024390244,205,8.1445,7.69914285714286,8.375,8.30625,7.8442774566474,100,105,12,32,173,19862,10291,9571,1522,4516,15346,7.48545665491894,7.96236176659217,6.97267528366942,6.95977003942181,7.7102365190434,7.41930874234329,251
"253",2022,6,7.70766055045872,109,8.097,7.31111111111111,6.83333333333333,8.1025,7.64947368421053,55,54,6,14,95,19971,10346,9625,1528,4530,15441,7.48666942466576,7.96307751208196,6.97457404051948,6.95927356020943,7.71144881236203,7.42072482093129,252
"254",2022,7,7.73340441176471,136,8.1085,7.45448717948718,7.25,8.0804347826087,7.66276991150442,58,78,8,23,113,20107,10404,9703,1536,4553,15554,7.48833829412642,7.96388821030373,6.97843194269813,6.96078776041667,7.71331278717329,7.42248328147101,253
"255",2022,8,7.81735,100,8.59662790697674,7.22947368421053,6.525,7.60472222222222,7.8640243902439,43,57,8,18,82,20207,10447,9760,1544,4571,15636,7.48996650071757,7.9664925758591,6.97989806762295,6.95852979274612,7.71288517173485,7.42479885904324,254
"256",2022,9,7.71109322033898,118,7.890625,7.49831481481481,7,8.21731578947368,7.61393939393939,64,54,2,19,99,20325,10511,9814,1546,4590,15735,7.49125028683886,7.966030628865,6.98275057468922,6.95858344113842,7.71497322875817,7.42598887575469,255
"257",2022,10,7.74094827586207,116,8.16603773584906,7.38333333333333,7.625,7.93125,7.7105,53,63,4,16,100,20441,10564,9877,1550,4606,15835,7.49266729024998,7.96703407232109,6.98530567378759,6.96030322580645,7.71572451584889,7.42778559898959,256
"258",2022,11,7.6703007518797,133,7.99166666666667,7.40616438356164,7.14444444444444,7.86315789473684,7.63815789473684,60,73,9,19,114,20574,10624,9950,1559,4625,15949,7.49381559638378,7.96717318712349,6.98839338090452,6.96136626042335,7.71633018810811,7.42928929462663,257
"259",2022,12,7.66609154929577,142,8.12955882352941,7.2402027027027,6.72222222222222,8.125,7.59947580645161,68,74,9,18,124,20716,10692,10024,1568,4643,16073,7.49499648001544,7.96820594276094,6.9902523084597,6.95999362244898,7.71791452078398,7.43060224973559,258
