"","year","month","avg_rating","no_ratings","avg_rating_owned","avg_rating_not_owned","avg_rating_prev_owned","avg_rating_comment","avg_rating_no_comment","no_ratings_owned","no_ratings_not_owned","no_ratings_prev_owned","no_ratings_comment","no_ratings_no_comment","cum_no_ratings","cum_no_ratings_owned","cum_no_ratings_not_owned","cum_no_ratings_prev_owned","cum_no_ratings_comment","cum_no_ratings_no_comment","cum_avg_rating","cum_avg_rating_owned","cum_avg_rating_not_owned","cum_avg_rating_prev_owned","cum_avg_rating_comment","cum_avg_rating_no_comment","month_after_release"
"1",2004,10,6.22222222222222,9,7.25,5.4,NA,5.5,6.8,4,5,0,4,5,9,4,5,0,4,5,6.22222222222222,7.25,5.4,NA,5.5,6.8,0
"2",2004,11,6.75,10,7.5,5.625,NA,6.4,7.1,6,4,0,5,5,19,10,9,0,9,10,6.5,7.4,5.5,NA,6,6.95,1
"3",2004,12,6.88,5,7.13333333333333,6.5,NA,7.13333333333333,6.5,3,2,0,3,2,24,13,11,0,12,12,6.57916666666667,7.33846153846154,5.68181818181818,NA,6.28333333333333,6.875,2
"4",2005,1,7.3,5,7.16666666666667,7.5,NA,7.25,7.33333333333333,3,2,0,2,3,29,16,13,0,14,15,6.70344827586207,7.30625,5.96153846153846,NA,6.42142857142857,6.96666666666667,3
"5",2005,2,7.5,1,7.5,NA,NA,7.5,NA,1,0,0,1,0,30,17,13,0,15,15,6.73,7.31764705882353,5.96153846153846,NA,6.49333333333333,6.96666666666667,4
"6",2005,3,7.5,5,7.33333333333333,7.75,NA,6.5,7.75,3,2,0,1,4,35,20,15,0,16,19,6.84,7.32,6.2,NA,6.49375,7.13157894736842,5
"7",2005,4,6.75,6,7.83333333333333,5.66666666666667,NA,6.33333333333333,7.16666666666667,3,3,0,3,3,41,23,18,0,19,22,6.82682926829268,7.38695652173913,6.11111111111111,NA,6.46842105263158,7.13636363636364,6
"8",2005,5,6,3,NA,6,NA,6,NA,0,3,0,3,0,44,23,21,0,22,22,6.77045454545454,7.38695652173913,6.09523809523809,NA,6.40454545454546,7.13636363636364,7
"9",2005,6,6.25,2,NA,6.25,NA,6,6.5,0,2,0,1,1,46,23,23,0,23,23,6.74782608695652,7.38695652173913,6.10869565217391,NA,6.38695652173913,7.10869565217391,8
"10",2005,7,6.33333333333333,3,6.5,6,NA,NA,6.33333333333333,2,1,0,0,3,49,25,24,0,23,26,6.72244897959184,7.316,6.10416666666667,NA,6.38695652173913,7.01923076923077,9
"11",2005,8,6.66666666666667,3,9,5.5,NA,6.66666666666667,NA,1,2,0,3,0,52,26,26,0,26,26,6.71923076923077,7.38076923076923,6.05769230769231,NA,6.41923076923077,7.01923076923077,10
"12",2005,9,6,3,7,5.5,NA,5,6.5,1,2,0,1,2,55,27,28,0,27,28,6.68,7.36666666666667,6.01785714285714,NA,6.36666666666667,6.98214285714286,11
"13",2005,10,6.83333333333333,6,7.25,6,NA,7,6.66666666666667,4,2,0,3,3,61,31,30,0,30,31,6.69508196721311,7.35161290322581,6.01666666666667,NA,6.43,6.95161290322581,12
"14",2005,11,7.22222222222222,9,7.7,6.625,NA,7.1,7.375,5,4,0,5,4,70,36,34,0,35,35,6.76285714285714,7.4,6.08823529411765,NA,6.52571428571429,7,13
"15",2005,12,8.66666666666667,3,8.66666666666667,NA,NA,9,8,3,0,0,2,1,73,39,34,0,37,36,6.84109589041096,7.4974358974359,6.08823529411765,NA,6.65945945945946,7.02777777777778,14
"16",2006,1,7.33333333333333,3,8,6,NA,8,6,2,1,0,2,1,76,41,35,0,39,37,6.86052631578947,7.52195121951219,6.08571428571429,NA,6.72820512820513,7,15
"17",2006,2,6.9375,8,7.375,6.5,NA,7.2,6.5,4,4,0,5,3,84,45,39,0,44,40,6.86785714285714,7.50888888888889,6.12820512820513,NA,6.78181818181818,6.9625,16
"18",2006,3,7.42222222222222,9,7.225,9,NA,7.25,7.56,8,1,0,4,5,93,53,40,0,48,45,6.92150537634409,7.46603773584906,6.2,NA,6.82083333333333,7.02888888888889,17
"19",2006,4,7.45454545454545,11,7.75,6.66666666666667,7,7.75,7.28571428571429,8,3,1,4,7,104,61,43,1,52,52,6.97788461538461,7.50327868852459,6.23255813953489,7,6.89230769230769,7.06346153846154,18
"20",2006,5,6.625,8,8,5.25,NA,7,5.5,4,4,0,6,2,112,65,47,1,58,54,6.95267857142857,7.53384615384615,6.14893617021277,7,6.90344827586207,7.00555555555556,19
"21",2006,6,7.6,10,7.5,8,NA,7.41666666666667,7.875,8,2,0,6,4,122,73,49,1,64,58,7.00573770491803,7.53013698630137,6.22448979591837,7,6.9515625,7.06551724137931,20
"22",2006,7,7.40625,16,7.59090909090909,7,NA,7.3125,7.5,11,5,0,8,8,138,84,54,1,72,66,7.05217391304348,7.53809523809524,6.2962962962963,7,6.99166666666667,7.11818181818182,21
"23",2006,8,6.82352941176471,17,7.6875,6.05555555555556,6,6.88888888888889,6.75,8,9,1,9,8,155,92,63,2,81,74,7.02709677419355,7.55108695652174,6.26190476190476,6.5,6.98024691358025,7.07837837837838,22
"24",2006,9,7.125,12,7.5,6.6,NA,7.5,6.85714285714286,7,5,0,5,7,167,99,68,2,86,81,7.03413173652694,7.54747474747475,6.28676470588235,6.5,7.01046511627907,7.05925925925926,23
"25",2006,10,7.38181818181818,11,7.6,7.2,7,7.3,7.45,5,6,1,5,6,178,104,74,3,91,87,7.05561797752809,7.55,6.36081081081081,6.66666666666667,7.02637362637363,7.08620689655172,24
"26",2006,11,7.19411764705882,17,7.23076923076923,7.075,NA,7.5,6.92222222222222,13,4,0,8,9,195,117,78,3,99,96,7.06769230769231,7.51452991452991,6.3974358974359,6.66666666666667,7.06464646464646,7.07083333333333,25
"27",2006,12,7.22222222222222,27,7.41176470588235,6.9,NA,7.59090909090909,6.96875,17,10,0,11,16,222,134,88,3,110,112,7.08648648648649,7.50149253731343,6.45454545454545,6.66666666666667,7.11727272727273,7.05625,26
"28",2007,1,7.20526315789474,38,7.79090909090909,6.4,7,7.08235294117647,7.3047619047619,22,16,1,17,21,260,156,104,4,127,133,7.10384615384615,7.54230769230769,6.44615384615385,6.75,7.11259842519685,7.09548872180451,27
"29",2007,2,7.07533111111111,36,7.31176470588235,6.86378526315789,NA,6.72,7.32913904761905,17,19,0,15,21,296,173,123,4,142,154,7.10037810810811,7.51965317919075,6.51066601626016,6.75,7.07112676056338,7.12735012987013,28
"30",2007,3,7.42196296296296,27,7.52183333333333,7.22222222222222,8.5,7.35953333333333,7.5,18,9,2,15,12,323,191,132,6,157,166,7.12725981424149,7.51985863874346,6.55918121212121,7.33333333333333,7.09868152866242,7.15428867469879,29
"31",2007,4,6.95483870967742,31,7.4,6.25,NA,6.72727272727273,7.08,19,12,0,11,20,354,210,144,6,168,186,7.11216079096045,7.50901428571429,6.53341611111111,7.33333333333333,7.07436309523809,7.14630064516129,30
"32",2007,5,6.69411764705882,17,7.2875,6.16666666666667,7,6.42857142857143,6.88,8,9,1,7,10,371,218,153,7,175,196,7.09300517520216,7.50088532110092,6.51184261437909,7.28571428571429,7.04853142857143,7.13271387755102,31
"33",2007,6,7.10416666666667,24,7.39285714285714,6.7,NA,7.5,6.70833333333333,14,10,0,12,12,395,232,163,7,187,208,7.09368334177215,7.49436637931034,6.52338601226994,7.28571428571429,7.07750267379679,7.10823038461538,32
"34",2007,7,7.27272727272727,33,7.48636363636364,6.84545454545455,7,7.48181818181818,7.16818181818182,22,11,2,11,22,428,254,174,9,198,230,7.10748813084112,7.49367322834646,6.54374666666667,7.22222222222222,7.09996464646465,7.11396486956522,33
"35",2007,8,7.08,25,7.68333333333333,6.52307692307692,7,7.33571428571429,6.75454545454545,12,13,1,14,11,453,266,187,10,212,241,7.10597112582781,7.50222932330827,6.54230973262032,7.2,7.11553301886792,7.09755983402489,34
"36",2007,9,7.00595238095238,21,7.5125,6.54545454545455,7,6.61111111111111,7.30208333333333,10,11,1,9,12,474,276,198,11,221,253,7.10153991561181,7.50260144927536,6.54248444444444,7.18181818181818,7.09499095022624,7.10726055335968,35
"37",2007,10,7.325,28,7.64761904761905,6.35714285714286,5,7.41818181818182,7.26470588235294,21,7,2,11,17,502,297,205,13,232,270,7.11400382470119,7.51285521885522,6.53615570731707,6.84615384615385,7.11031465517241,7.11717377777778,36
"38",2007,11,7.29642857142857,42,7.38541666666667,7.17777777777778,7.5,7.22368421052632,7.35652173913043,24,18,2,19,23,544,321,223,15,251,293,7.12808808823529,7.50332710280374,6.58794582959641,6.93333333333333,7.11889641434263,7.13596218430034,37
"39",2007,12,7.09803921568627,51,7.67692307692308,6.496,7.125,7.23703703703704,6.94166666666667,26,25,4,27,24,595,347,248,19,278,317,7.12551247058823,7.51633429394813,6.57867709677419,6.97368421052632,7.13037050359712,7.12125211356467,38
"40",2008,1,6.91836734693878,49,7.38,6.4375,7.83333333333333,6.71428571428571,7,25,24,3,14,35,644,372,272,22,292,352,7.10975142857143,7.50717204301075,6.56622029411765,7.09090909090909,7.11042123287671,7.10919579545454,39
"41",2008,2,7.48181818181818,33,7.51538461538462,7.35714285714286,7,7.83846153846154,7.25,26,7,1,13,20,677,398,279,23,305,372,7.12788762186115,7.50770854271357,6.58606422939068,7.08695652173913,7.14145245901639,7.11676591397849,40
"42",2008,3,6.58181818181818,33,7.14666666666667,6.11111111111111,5.5,6.44444444444444,6.74666666666667,15,18,4,18,15,710,413,297,27,323,387,7.10250692957746,7.49459564164649,6.55727919191919,6.85185185185185,7.10260990712074,7.10242098191214,41
"43",2008,4,7.41111111111111,27,7.6875,7.00909090909091,7,7.59166666666667,7.26666666666667,16,11,1,12,15,737,429,308,28,335,402,7.1138126458616,7.50179020979021,6.57341532467533,6.85714285714286,7.12012835820896,7.1085495522388,42
"44",2008,5,7.19259259259259,27,7.65294117647059,6.41,8,7.36363636363636,7.075,17,10,2,11,16,764,446,318,30,346,418,7.1165967539267,7.50755156950673,6.56827647798742,6.93333333333333,7.12786994219653,7.10726535885167,43
"45",2008,6,7.20454545454545,44,7.64285714285714,6.4375,6.75,7.5,6.90909090909091,28,16,2,22,22,808,474,334,32,368,440,7.12138603960396,7.51554430379747,6.56201173652695,6.921875,7.15011684782609,7.09735663636364,44
"46",2008,7,7.33809523809524,42,7.75,6.78888888888889,6.56,7.42941176470588,7.276,24,18,10,17,25,850,498,352,42,385,465,7.13209402352941,7.52684337349397,6.57361340909091,6.83571428571429,7.16244935064935,7.10696111827957,45
"47",2008,8,7.07837837837838,37,7.75882352941176,6.5,6.6,7.31052631578947,6.83333333333333,17,20,5,19,18,887,515,372,47,404,483,7.12985334836528,7.53450097087379,6.56965569892473,6.81063829787234,7.16941336633663,7.09676380952381,46
"48",2008,9,7.15277777777778,36,7.38095238095238,6.83333333333333,6.75,6.89166666666667,7.28333333333333,21,15,4,12,24,923,536,387,51,416,507,7.13074747562297,7.52848507462686,6.5798757622739,6.80588235294118,7.16140144230769,7.10559550295858,47
"49",2008,10,7.19117647058824,34,7.275,7.07142857142857,7,7.18421052631579,7.2,20,14,2,19,15,957,556,401,53,435,522,7.13289437826541,7.51936690647482,6.59703720698254,6.81320754716981,7.16239770114943,7.10830827586207,48
"50",2008,11,7.13333333333333,30,7.33333333333333,6.93333333333333,6.8,7.04545454545455,7.18421052631579,15,15,5,11,19,987,571,416,58,446,541,7.13290772036474,7.51447985989492,6.60916326923077,6.81206896551724,7.1595134529148,7.110973974122,49
"51",2008,12,6.86923076923077,39,7.01739130434783,6.65625,6.8,6.868,6.87142857142857,23,16,5,25,14,1026,594,432,63,471,555,7.1228849122807,7.49523232323232,6.61090722222222,6.81111111111111,7.14404033970276,7.10493138738739,50
"52",2009,1,6.98,45,7.34545454545455,6.6304347826087,6.8,7.03125,6.95172413793103,22,23,5,16,29,1071,616,455,68,487,584,7.11688134453781,7.48988311688312,6.61189432967033,6.81029411764706,7.14033470225873,7.09732349315068,51
"53",2009,2,7.07045454545455,66,7.34444444444444,6.74166666666667,6.3,6.92307692307692,7.10660377358491,36,30,5,13,53,1137,652,485,73,500,637,7.11418638522427,7.4818527607362,6.61992148453608,6.77534246575343,7.134686,7.09809563579278,52
"54",2009,3,7.2343137254902,51,7.48103448275862,6.90909090909091,7.36363636363636,7.35238095238095,7.15166666666667,29,22,11,21,30,1188,681,507,84,521,667,7.11934336700337,7.48181791483113,6.63246927021696,6.85238095238095,7.14346065259117,7.10050512743628,53
"55",2009,4,7.09876923076923,65,7.664,6.61428571428571,7.5,6.97727272727273,7.16093023255814,30,35,6,22,43,1253,711,542,90,543,710,7.11827607342378,7.48950492264416,6.63129505535055,6.89555555555556,7.13672744014733,7.10416467605634,54
"56",2009,5,7.19980392156863,51,7.644,6.77269230769231,7.1,7.05882352941176,7.27029411764706,25,26,5,17,34,1304,736,568,95,560,744,7.12146466257669,7.4947527173913,6.63776746478873,6.90631578947368,7.1343625,7.11175661290322,55
"57",2009,6,7.09074074074074,54,7.60344827586207,6.496,7.06666666666667,7.3,7.04318181818182,29,25,6,10,44,1358,765,593,101,570,788,7.1202429455081,7.49887320261438,6.63179075885329,6.91584158415842,7.13726842105263,7.10792756345177,56
"58",2009,7,7.22636363636364,55,7.46944444444444,6.76578947368421,6.56,7.15526315789474,7.26388888888889,36,19,5,19,36,1413,801,612,106,589,824,7.12437361641897,7.49755056179775,6.6359508496732,6.89905660377358,7.13784889643463,7.11474140776699,57
"59",2009,8,7.17833333333333,30,7.4675,6.6,7.25,7.5,7.06136363636364,20,10,4,8,22,1443,821,622,110,597,846,7.12549544005544,7.49681851400731,6.63537286173634,6.91181818181818,7.14270184254606,7.11335333333333,58
"60",2009,9,7.03541666666667,48,7.264,6.78695652173913,7.14285714285714,6.70666666666667,7.18484848484848,25,23,7,15,33,1491,846,645,117,612,879,7.12259551978538,7.48993853427896,6.64077817054264,6.92564102564103,7.13201470588235,7.1160374516496,59
"61",2009,10,6.95660377358491,53,7.3,6.65,7.44,6.6,7.09736842105263,25,28,5,15,38,1544,871,673,122,627,917,7.11689761658031,7.4844867967853,6.64116184249629,6.94672131147541,7.11928708133971,7.11526381679389,60
"62",2009,11,7.23770491803279,61,7.7,6.93783783783784,6.58333333333333,6.95263157894737,7.36666666666667,24,37,12,19,42,1605,895,710,134,646,959,7.12148904672897,7.49026592178771,6.65662242253521,6.91417910447761,7.11438544891641,7.12627416058394,61
"63",2009,12,7.01517857142857,56,7.482,6.63870967741935,6.94444444444444,7,7.0202380952381,25,31,9,14,42,1661,920,741,143,660,1001,7.11790482841662,7.49004130434783,6.65587303643725,6.91608391608392,7.11195909090909,7.12182509490509,62
"64",2010,1,7.18951612903226,62,7.5734375,6.78,4.875,6.36428571428571,7.29454545454545,32,30,4,7,55,1723,952,771,147,667,1056,7.12048167150319,7.49284453781513,6.66070287937743,6.86054421768707,7.10411244377811,7.1308209469697,63
"65",2010,2,7.0530487804878,41,7.29210526315789,6.84659090909091,7.18055555555556,7.05208333333333,7.05344827586207,19,22,9,12,29,1764,971,793,156,679,1085,7.1189143537415,7.48891658084449,6.66585992433796,6.87900641025641,7.10319293078056,7.12875292165899,64
"66",2010,3,7.14313725490196,51,7.52222222222222,6.93636363636364,7.625,7.14615384615385,7.14210526315789,18,33,4,13,38,1815,989,826,160,692,1123,7.11959499724518,7.48952275025278,6.67666697336562,6.89765625,7.104,7.12920473731077,65
"67",2010,4,7.15416666666667,48,7.40833333333333,6.9,8,7.03888888888889,7.18076923076923,24,24,1,9,39,1863,1013,850,161,701,1162,7.12048573268921,7.48759921026654,6.68297284705883,6.90450310559006,7.10316405135521,7.13093538726334,66
"68",2010,5,7.02934782608696,46,7.66818181818182,6.44375,6.06666666666667,6.575,7.27166666666667,22,24,3,16,30,1909,1035,874,164,717,1192,7.11828963855422,7.49143768115942,6.676403798627,6.88917682926829,7.0913779637378,7.13447728187919,67
"69",2010,6,7.38888888888889,27,7.58,7.15,7.25,7.27777777777778,7.44444444444444,15,12,2,9,18,1936,1050,886,166,726,1210,7.12206349173554,7.49270285714286,6.68281819413093,6.89352409638554,7.09368870523416,7.13908836363636,68
"70",2010,7,7.16111111111111,45,7.50869565217391,6.79772727272727,6.25,6.98076923076923,7.234375,23,22,2,13,32,1981,1073,908,168,739,1242,7.12295048965169,7.49304566635601,6.68560233480176,6.8858630952381,7.09170230040595,7.14154341384863,69
"71",2010,8,6.8875,40,7.38666666666667,6.588,6.41666666666667,6.27272727272727,7.12068965517241,15,25,6,11,29,2021,1088,933,174,750,1271,7.11829041068778,7.49157904411765,6.68298705251876,6.86968390804598,7.07969066666667,7.14106760031471,70
"72",2010,9,7.0328125,32,7.390625,6.675,6.46,7,7.05,16,16,5,11,21,2053,1104,949,179,761,1292,7.11695807111544,7.49011594202898,6.68285239199157,6.85824022346369,7.07853876478318,7.1395873993808,71
"73",2010,10,6.96463414634146,41,7.61666666666667,6.58846153846154,6.5,6.70833333333333,7.07068965517241,15,26,3,12,29,2094,1119,975,182,773,1321,7.11397560649475,7.49181233243968,6.6803353025641,6.85233516483517,7.07279172056921,7.13807488266464,72
"74",2010,11,7.14363636363636,55,7.7125,6.70322580645161,6.33333333333333,7.27105263157895,7.07638888888889,24,31,3,19,36,2149,1143,1006,185,792,1357,7.11473472312704,7.49644619422572,6.68104067594434,6.84391891891892,7.07754797979798,7.1364384082535,73
"75",2010,12,7.02086206896552,58,7.49655172413793,6.5451724137931,6.66666666666667,7.26470588235294,6.91975609756098,29,29,3,17,41,2207,1172,1035,188,809,1398,7.11226774807431,7.49644880546075,6.67723373913044,6.84109042553191,7.08148084054388,7.13008363376251,74
"76",2011,1,7.14166666666667,42,7.62916666666667,6.49166666666667,6.61666666666667,6.64166666666667,7.225,24,18,3,6,36,2249,1196,1053,191,815,1434,7.11281677189862,7.49911204013378,6.67406165242165,6.83756544502618,7.07824294478528,7.13246647140864,75
"77",2011,2,7.15945945945946,37,7.503125,6.89761904761905,6.125,6.61363636363636,7.39038461538462,16,21,4,11,26,2286,1212,1074,195,826,1460,7.11357170603674,7.49916501650165,6.67843288640596,6.82294871794872,7.07205569007264,7.13705953424657,76
"78",2011,3,7.11136363636364,44,7.45,6.77272727272727,6.83333333333333,7.3625,7.05555555555556,22,22,3,8,36,2330,1234,1096,198,834,1496,7.11353000858369,7.49828849270664,6.68032565693431,6.82310606060606,7.07484172661871,7.13509820855615,77
"79",2011,4,7.54942857142857,35,7.98947368421053,7.026875,8.01666666666667,7.998,7.37,19,16,3,10,25,2365,1253,1112,201,844,1521,7.11998093868922,7.505736632083,6.68531197841727,6.84092039800995,7.08577962085308,7.13895918474687,78
"80",2011,5,7.14466666666667,30,7.50642857142857,6.828125,7,7.25,7.092,14,16,3,10,20,2395,1267,1128,204,854,1541,7.12029015448852,7.50574427782162,6.68733769503546,6.84325980392157,7.08770257611241,7.13834972096041,79
"81",2011,6,7.25581395348837,43,7.49166666666667,6.95789473684211,7.33333333333333,7.38125,7.18148148148148,24,19,3,16,27,2438,1291,1147,207,870,1568,7.12268044298605,7.50548257164988,6.69181945945946,6.85036231884058,7.09310114942529,7.13909242346938,80
"82",2011,7,7.45757575757576,33,7.61904761904762,7.175,7.5,7.36428571428571,7.52631578947368,21,12,4,14,19,2471,1312,1159,211,884,1587,7.12715294212869,7.50730030487805,6.69682219154444,6.86267772511848,7.09739592760181,7.14372836798991,81
"83",2011,8,7.2025641025641,39,7.83529411764706,6.71363636363636,6.81428571428571,7.0625,7.23870967741935,17,22,7,8,31,2510,1329,1181,218,892,1618,7.12832466932271,7.51149586155004,6.69713541066893,6.86112385321101,7.09708295964126,7.14554815822002,82
"84",2011,9,7.10178571428571,28,7.51944444444444,6.35,6.125,6.80625,7.49583333333333,18,10,4,16,12,2538,1347,1191,222,908,1630,7.12803188337273,7.51160207869339,6.69422075566751,6.84786036036036,7.09195814977974,7.14812694478527,83
"85",2011,10,6.88333333333333,24,7.27777777777778,6.64666666666667,6.5,6.14285714285714,7.18823529411765,9,15,6,7,17,2562,1356,1206,228,915,1647,7.12573962529274,7.51005014749262,6.69362928689884,6.83870614035088,7.08469726775956,7.14854093503339,84
"86",2011,11,6.834,50,7.396,6.272,6.6,6.98461538461538,6.78108108108108,25,25,5,13,37,2612,1381,1231,233,928,1684,7.1201550229709,7.50798551774077,6.68506654752234,6.83358369098712,7.08329525862069,7.14046729216152,85
"87",2011,12,7.1875,32,7.36666666666667,7.02941176470588,7,7.5,7.06521739130435,15,17,5,9,23,2644,1396,1248,238,937,1707,7.12097009077156,7.5064670487106,6.6897571474359,6.83707983193277,7.0872977588047,7.13945338019918,86
"88",2012,1,7.12714285714286,35,7.83421052631579,6.2875,6.125,7.46153846153846,6.92954545454545,19,16,4,13,22,2679,1415,1264,242,950,1729,7.12105073534901,7.51086784452297,6.68466528481013,6.82530991735537,7.09241894736842,7.1367824869867,87
"89",2012,2,6.76675172413793,29,7.54121538461538,6.1375,7.25,6.25555555555556,6.99679,13,16,2,9,20,2708,1428,1280,244,959,1749,7.11725654357459,7.51114411764706,6.67782571875,6.82879098360656,7.08456517205422,7.13518165809033,88
"90",2012,3,6.90384615384615,26,7.23076923076923,6.57692307692308,5.66666666666667,6.875,6.90909090909091,13,13,3,4,22,2734,1441,1293,247,963,1771,7.11522703730797,7.50861471200555,6.67681122969838,6.81467611336032,7.08369470404985,7.13237307735742,89
"91",2012,4,7.14827586206897,29,7.575,6.62307692307692,7.5,7.74285714285714,6.95909090909091,16,13,3,7,22,2763,1457,1306,250,970,1793,7.11557391241404,7.50934371997255,6.67627635528331,6.8229,7.08845154639175,7.1302469157836,90
"92",2012,5,7.23275925925926,27,7.81538461538462,6.69175,7.25,7.66666666666667,7.10878571428571,13,14,4,6,21,2790,1470,1320,254,976,1814,7.11670796415771,7.51205020408163,6.67644046969697,6.82962598425197,7.09200614754098,7.12999846747519,91
"93",2012,6,7.14592592592593,27,7.60625,6.47636363636364,7.08,7.0925,7.16842105263158,16,11,3,8,19,2817,1486,1331,257,984,1833,7.1169880085197,7.51306446837147,6.67478694214876,6.8325486381323,7.09201016260163,7.13039673758865,92
"94",2012,7,7.45540540540541,37,8.14705882352941,6.8675,7,7.59615384615385,7.37916666666667,17,20,1,13,24,2854,1503,1351,258,997,1857,7.12137533987386,7.52023539587492,6.67763983715766,6.8331976744186,7.09858375125376,7.13361185783522,93
"95",2012,8,7.08235294117647,17,7.35454545454545,6.58333333333333,6.5,6.66666666666667,7.30909090909091,11,6,1,6,11,2871,1514,1357,259,1003,1868,7.12114427725531,7.51903157199472,6.67722285924834,6.8319111969112,7.096,7.13464519271948,94
"96",2012,9,7.05769230769231,26,7.77272727272727,6.53333333333333,6.4,6.95,7.125,11,15,5,10,16,2897,1525,1372,264,1013,1884,7.12057480842251,7.52086150819672,6.67564972303207,6.82373106060606,7.09455873642646,7.13456328025477,95
"97",2012,10,6.78,25,7.78571428571429,6.38888888888889,6.5,7.125,6.71428571428571,7,18,4,4,21,2922,1532,1390,268,1017,1905,7.11766092402464,7.52207167101828,6.6719362733813,6.81889925373134,7.0946784660767,7.1299302992126,96
"98",2012,11,7.21923076923077,26,7.6375,6.55,5.75,7.64285714285714,7.06315789473684,16,10,2,7,19,2948,1548,1400,270,1024,1924,7.11855672320217,7.52326472868217,6.6710653,6.81098148148148,7.09842578125,7.1292709043659,97
"99",2012,12,7.00769230769231,26,7.20833333333333,6.83571428571429,6.66666666666667,7,7.00909090909091,12,14,3,4,22,2974,1560,1414,273,1028,1946,7.11758749831876,7.52084217948718,6.67269548797737,6.8093956043956,7.09804280155642,7.12791224049332,98
"100",2013,1,7.32058823529412,34,7.71666666666667,6.875,6.5,7.06428571428571,7.5,18,16,4,14,20,3008,1578,1430,277,1042,1966,7.11988205452128,7.52307591888466,6.67495903496504,6.80492779783394,7.09758925143954,7.13169746693794,99
"101",2013,2,6.96666666666667,24,7.10714285714286,6.77,7.1,6.24285714285714,7.26470588235294,14,10,2,7,17,3032,1592,1440,279,1049,1983,7.11866926781003,7.5194182160804,6.67561904166667,6.80704301075269,7.09188560533842,7.13283773071104,100
"102",2013,3,7.18,25,8.25714285714286,6.76111111111111,7.3,7.08333333333333,7.21052631578947,7,18,5,6,19,3057,1599,1458,284,1055,2002,7.11917082760877,7.52264777986241,6.67667449931413,6.81572183098592,7.09183696682464,7.13357503496503,101
"103",2013,4,6.9,23,7.3,6.46363636363636,7,6.3,7.1625,12,11,1,7,16,3080,1611,1469,285,1062,2018,7.11753416233766,7.52098932340161,6.67507925119129,6.81636842105263,7.08661770244821,7.13380437066402,102
"104",2013,5,6.7741935483871,31,7.26923076923077,6.41666666666667,6.375,6.3,7,13,18,4,10,21,3111,1624,1487,289,1072,2039,7.11411289617486,7.51897401477833,6.67195119031608,6.81025951557093,7.07927985074627,7.13242629720451,103
"105",2013,6,7.09090909090909,22,7.45,6.66,8,7.5625,6.98611111111111,12,10,1,4,18,3133,1636,1497,290,1076,2057,7.11394995850623,7.51846809290954,6.67187135604543,6.81436206896552,7.08107620817844,7.13114595041322,104
"106",2013,7,7.23095238095238,21,7.5125,7.05769230769231,7.25,7,7.26944444444444,8,13,2,3,18,3154,1644,1510,292,1079,2075,7.11472898541535,7.51843905109489,6.67519299337749,6.81734589041096,7.08085078776645,7.13234564819277,105
"107",2013,8,7.31111111111111,27,7.99166666666667,6.76666666666667,7.16666666666667,7.42857142857143,7.27,12,15,6,7,20,3181,1656,1525,298,1086,2095,7.11639585664885,7.52186823671498,6.67609273442623,6.82437919463087,7.08309208103131,7.13365977088305,106
"108",2013,9,7.234375,48,7.52758620689655,6.78684210526316,8.1,7.03846153846154,7.30714285714286,29,19,4,13,35,3229,1685,1544,302,1099,2130,7.11814965004645,7.52196664688427,6.67745558290156,6.84127483443709,7.08256414922657,7.13651043192488,107
"109",2013,10,7.10642857142857,70,7.39444444444444,6.80147058823529,7.21428571428571,7.41944444444444,6.99807692307692,36,34,7,18,52,3299,1721,1578,309,1117,2182,7.11790094574113,7.51929912841371,6.68012764258556,6.84972491909385,7.08799283795882,7.13321137488543,108
"110",2013,11,7.2625,68,7.74146341463415,6.53518518518518,6.52857142857143,7.575,7.19553571428571,41,27,7,12,56,3367,1762,1605,316,1129,2238,7.12082127116127,7.52446867196368,6.67768935825546,6.84261075949367,7.09316917626218,7.13477087578195,109
"111",2013,12,7.26969696969697,66,7.52222222222222,6.96666666666667,7.16666666666667,7.32647058823529,7.25,36,30,12,17,49,3433,1798,1635,328,1146,2287,7.12368343140111,7.52442369299221,6.68299169418961,6.85446646341463,7.09663001745201,7.13723971141233,110
"112",2014,1,7.16883116883117,77,7.46590909090909,6.77272727272727,6.34615384615385,7.10714285714286,7.18253968253968,44,33,13,14,63,3510,1842,1668,341,1160,2350,7.12467385185185,7.52302595005429,6.68476703836931,6.83508797653959,7.09675689655173,7.13845413617021,111
"113",2014,2,7.16754385964912,57,7.34594594594595,6.8375,6.82142857142857,6.85,7.23510638297872,37,20,7,10,47,3567,1879,1688,348,1170,2397,7.12535890664424,7.51953901011176,6.68657667061612,6.8348132183908,7.09464786324786,7.1403492782645,112
"114",2014,3,7.28837209302326,43,7.48,7.02222222222222,7.375,7.46363636363636,7.228125,25,18,4,11,32,3610,1904,1706,352,1181,2429,7.12730061495845,7.51901985294118,6.69011806565065,6.84095170454545,7.09808467400508,7.14150564841499,113
"115",2014,4,7.34857142857143,35,7.7,6.75384615384615,6,7,7.43571428571429,22,13,2,7,28,3645,1926,1719,354,1188,2457,7.12942530041152,7.52108712357217,6.69060001163467,6.83620056497175,7.09750673400674,7.14485845339845,114
"116",2014,5,7.05384615384615,39,7.38095238095238,6.67222222222222,6.5,7.375,7.01714285714286,21,18,2,4,35,3684,1947,1737,356,1192,2492,7.12862519543974,7.51957565485362,6.69040956822107,6.83431179775281,7.09843791946309,7.14306469502408,115
"117",2014,6,7.36388888888889,36,7.59166666666667,6.90833333333333,7.375,7.5875,7.3,24,12,4,8,28,3720,1971,1749,360,1200,2520,7.13090194086022,7.5204534753932,6.69190475700401,6.84031944444444,7.10169833333334,7.14480842063492,116
"118",2014,7,7.3125,48,7.6448275862069,6.80526315789474,6.58333333333333,6.75,7.36363636363636,29,19,6,4,44,3768,2000,1768,366,1204,2564,7.13321529193206,7.5222569,6.69312297511313,6.83610655737705,7.10052990033223,7.14856365834633,117
"119",2014,8,7.25405405405405,37,7.62,6.82352941176471,7.375,7.5,7.20645161290323,20,17,4,6,31,3805,2020,1785,370,1210,2595,7.13439033377135,7.52322465346535,6.69436494117647,6.84193243243243,7.10251074380165,7.14925519075144,118
"120",2014,9,7.14782608695652,46,7.36666666666667,6.7375,6.5,7.3,7.10555555555556,30,16,2,10,36,3851,2050,1801,372,1220,2631,7.13455082316282,7.52093356097561,6.69474815102721,6.84009408602151,7.10412950819672,7.1486572481946,119
"121",2014,10,6.96851851851852,54,7.36896551724138,6.504,6,7.11538461538461,6.9219512195122,29,25,3,13,41,3905,2079,1826,375,1233,2672,7.13225485787452,7.51881375661376,6.69213659364732,6.83337333333333,7.10424817518248,7.1451786002994,120
"122",2014,11,7.15434782608696,69,7.47142857142857,6.82794117647059,7.15,7.13333333333333,7.16018518518518,35,34,6,15,54,3974,2114,1860,381,1248,2726,7.13263845495722,7.51802923368023,6.69461904301075,6.83835958005249,7.10459775641026,7.14547586940572,121
"123",2014,12,7.21320754716981,53,7.53030303030303,6.69,6.68,7.02142857142857,7.28205128205128,33,20,10,14,39,4027,2147,1880,391,1262,2765,7.13369883784455,7.51821788542152,6.69456990425532,6.8343094629156,7.10367511885896,7.14740224954792,122
"124",2015,1,7.22159090909091,44,7.43965517241379,6.8,6.7,6.925,7.30882352941176,29,15,5,10,34,4071,2176,1895,396,1272,2799,7.13464878899533,7.51717086397059,6.69540444327177,6.83261363636364,7.10227044025157,7.14936306538049,123
"125",2015,2,7.10980392156863,51,7.57777777777778,6.58333333333333,7,7.375,7.02820512820513,27,24,4,12,39,4122,2203,1919,400,1284,2838,7.1343413925279,7.51791366318656,6.6940028243877,6.8342875,7.10481931464175,7.1476981042988,124
"126",2015,3,7.106,50,7.27884615384615,6.91875,6.82142857142857,7.2,7.09555555555556,26,24,7,5,45,4172,2229,1943,407,1289,2883,7.13400173058485,7.51512507851054,6.69677890890376,6.83406633906634,7.10518851823119,7.14688422476587,125
"127",2015,4,7.404,45,7.7962962962963,6.81555555555556,6.5,7.4,7.4058064516129,27,18,2,14,31,4217,2256,1961,409,1303,2914,7.13688290728006,7.51849015957447,6.69786915859256,6.83243276283619,7.10835610130468,7.14963871654084,126
"128",2015,5,7.29615384615385,39,7.51875,6.94,6,8.03125,7.10645161290323,24,15,2,8,31,4256,2280,1976,411,1311,2945,7.13834239191729,7.51849289473684,6.69970719635628,6.82838199513382,7.1139877955759,7.14918411544992,127
"129",2015,6,7.27377049180328,61,7.65,6.732,6.85714285714286,7.4,7.22888888888889,36,25,7,16,45,4317,2316,2001,418,1327,2990,7.14025601575168,7.52053704663212,6.70011065467266,6.82886363636364,7.11743632253203,7.15038368561873,128
"130",2015,7,7.00952380952381,42,7.552,6.21176470588235,6.08333333333333,6.83333333333333,7.03888888888889,25,17,6,6,36,4359,2341,2018,424,1333,3026,7.13899637990365,7.52087304570696,6.69599673934589,6.81831367924528,7.11615753938485,7.14905724388632,129
"131",2015,8,7.02205882352941,34,7.54722222222222,6.43125,6.6,7.14285714285714,6.99074074074074,18,16,3,7,27,4393,2359,2034,427,1340,3053,7.13809133166401,7.52107409919457,6.69391416912488,6.81677985948478,7.11629701492537,7.14765713069112,130
"132",2015,9,6.98861111111111,36,7.47722222222222,6.5,6.9,6,7.27107142857143,18,18,5,8,28,4429,2377,2052,432,1348,3081,7.136876319711,7.52074202776609,6.69221316764133,6.81774305555556,7.10967210682493,7.14877871470302,131
"133",2015,10,7.21973684210526,38,7.60952380952381,6.73823529411765,6.6,7.25555555555556,7.20862068965517,21,17,7,9,29,4467,2398,2069,439,1357,3110,7.13758119991045,7.52151951626355,6.6925913098115,6.81427107061503,7.11063964627856,7.1493367266881,132
"134",2015,11,7.06296296296296,54,7.24848484848485,6.77142857142857,7.16,7.225,7.01666666666667,33,21,5,12,42,4521,2431,2090,444,1369,3152,7.1366899402787,7.51781316330728,6.69338345454546,6.81816441441442,7.11164207450694,7.14756891497462,133
"135",2015,12,7.36428571428571,49,7.64583333333333,7.094,6.82,7.185,7.41025641025641,24,25,5,10,39,4570,2455,2115,449,1379,3191,7.13913024507659,7.51906468431772,6.69811887470449,6.81818485523385,7.11217403915881,7.15077944844876,134
"136",2016,1,6.96066666666667,60,7.26588235294118,6.56153846153846,6.875,7.8,6.7928,34,26,8,10,50,4630,2489,2141,457,1389,3241,7.13681754211663,7.51560618722378,6.69646026156002,6.81917943107221,7.11712598992081,7.14525677877198,135
"137",2016,2,7.04583333333333,48,7.59130434782609,6.544,6.5,7.0625,7.0425,23,25,8,8,40,4678,2512,2166,465,1397,3281,7.13588397178281,7.51629928343949,6.69470056325023,6.81368817204301,7.11681317108089,7.14400402925937,136
"138",2016,3,7.198,50,7.52258064516129,6.66842105263158,6.1,6.925,7.25,31,19,5,8,42,4728,2543,2185,470,1405,3323,7.13654086717428,7.51637585528903,6.69447204576659,6.80609574468085,7.11572099644128,7.14534373156786,137
"139",2016,4,7.006,50,7.42142857142857,6.47727272727273,6.25555555555556,6.9,7.03589743589744,28,22,9,11,39,4778,2571,2207,479,1416,3362,7.13517480535789,7.51534181252431,6.69230694154962,6.79575156576201,7.11404519774011,7.14407412849494,138
"140",2016,5,6.84857142857143,35,7.185,6.4,7.25,7.07777777777778,6.76923076923077,20,15,2,9,26,4813,2591,2222,481,1425,3388,7.13309063370039,7.51279189502123,6.69033367236724,6.79764033264033,7.11381614035088,7.14119752656435,139
"141",2016,6,7.03979591836735,49,7.41481481481481,6.57954545454545,5.85714285714286,7.29666666666667,6.92647058823529,27,22,7,15,34,4862,2618,2244,488,1440,3422,7.13215039489922,7.51178143621085,6.68924751336898,6.78414959016394,7.11572083333334,7.13906406195208,140
"142",2016,7,7.15,45,7.64318181818182,6.67826086956522,5.86,7.5875,7.10731707317073,22,23,5,4,41,4907,2640,2267,493,1444,3463,7.13231408599959,7.51287643939394,6.68913604764005,6.77477687626775,7.11702770083103,7.13868819520647,141
"143",2016,8,6.98372093023256,43,7.46818181818182,6.47619047619048,6.66666666666667,6.35833333333333,7.2258064516129,22,21,3,12,31,4950,2662,2288,496,1456,3494,7.13102327676768,7.51250706235913,6.68718156468532,6.77412298387097,7.11077472527473,7.13946113909559,142
"144",2016,9,6.84411764705882,34,7.38,6.42105263157895,6.3125,6.99375,6.79807692307692,15,19,4,8,26,4984,2677,2307,500,1464,3520,7.12906605537721,7.5117645872245,6.68498977893368,6.77043,7.11013524590164,7.13693955113636,143
"145",2016,10,6.88918918918919,37,7.45,6.35789473684211,6.25,7.44285714285714,6.76,18,19,4,7,30,5021,2695,2326,504,1471,3550,7.12729839075881,7.5113520593692,6.68231789337919,6.7662996031746,7.11171855880354,7.13375414647887,144
"146",2016,11,7.26964285714286,56,7.6125,6.8125,6.16666666666667,7.56666666666667,7.1609756097561,32,24,3,15,41,5077,2727,2350,507,1486,3591,7.12886846956864,7.51253898056472,6.68364741276596,6.76275147928994,7.11631090174967,7.13406494569758,145
"147",2016,12,6.92678571428571,56,7.4375,6.54375,6.03333333333333,7.16666666666667,6.88085106382979,24,32,6,9,47,5133,2751,2382,513,1495,3638,7.12666378725891,7.51188433296983,6.68176801847187,6.75422027290448,7.11661404682275,7.13079362836724,146
"148",2017,1,7.30094339622642,53,7.5921875,6.85714285714286,6.66666666666667,7.35714285714286,7.28076923076923,32,21,3,14,39,5186,2783,2403,516,1509,3677,7.12844489394524,7.51280768954366,6.68330063254265,6.75371124031008,7.11884559310802,7.13238434049497,147
"149",2017,2,7.24659090909091,44,7.46086956521739,7.01190476190476,6.3,6.97222222222222,7.31714285714286,23,21,5,9,35,5230,2806,2424,521,1518,3712,7.12943885659656,7.51238196721311,6.68614745049505,6.74935700575816,7.11797628458498,7.13412640625,148
"150",2017,3,6.8825,44,7.485,6.46538461538462,6.28571428571429,6.5625,6.95361111111111,18,26,7,8,36,5274,2824,2450,528,1526,3748,7.12737869169511,7.51220743626062,6.68380466122449,6.74321022727273,7.11506422018349,7.13239253468517,149
"151",2017,4,7.33290909090909,55,7.65,7.02714285714286,6.76428571428571,7.06875,7.37787234042553,27,28,7,8,47,5329,2851,2478,535,1534,3795,7.12949994745731,7.51351238162048,6.68768418886198,6.74348598130841,7.11482268578879,7.13543273254282,150
"152",2017,5,7.19736842105263,57,7.67586206896552,6.70178571428571,5.875,6.46,7.26826923076923,29,28,4,5,52,5386,2880,2506,539,1539,3847,7.13021819903453,7.51514715277778,6.68784174780527,6.73704081632653,7.11269525666017,7.13722828697687,151
"153",2017,6,7.03121951219512,41,7.28545454545455,6.73684210526316,5.75,7.46666666666667,6.99684210526316,22,19,4,3,38,5427,2902,2525,543,1542,3885,7.12947028192371,7.51340585802894,6.68821046336634,6.72976979742173,7.11338391699092,7.13585514028314,152
"154",2017,7,6.97638888888889,36,7.1,6.821875,7,6.63636363636364,7.126,20,16,2,11,25,5463,2922,2541,545,1553,3910,7.12846150832876,7.51057624914442,6.68905211334121,6.73076146788991,7.11000515132003,7.13579212787724,153
"155",2017,8,7.21508474576271,59,7.60923076923077,6.90454545454545,7.1,7.83333333333333,7.14509433962264,26,33,5,6,53,5522,2948,2574,550,1559,3963,7.12938703730532,7.51144633649932,6.69181484848485,6.73411818181818,7.11278896728672,7.1359165329296,154
"156",2017,9,7.03243243243243,37,7.55882352941176,6.585,5.33333333333333,7.27272727272727,6.93076923076923,17,20,3,11,26,5559,2965,2594,553,1570,3989,7.12874171973376,7.51171797639123,6.69099129529684,6.72651898734177,7.11390955414013,7.13457939834545,155
"157",2017,10,6.97727272727273,44,7.72727272727273,6.22727272727273,7,5.7,7.14102564102564,22,22,4,5,39,5603,2987,2616,557,1575,4028,7.12755224344101,7.51330559089387,6.68709152140673,6.7284829443447,7.10942095238095,7.1346418123138,156
"158",2017,11,6.91522448979592,49,7.20416666666667,6.63784,6.8,7.28571428571429,6.85347619047619,24,25,5,7,42,5652,3011,2641,562,1582,4070,7.12571146850672,7.51084151444703,6.68662530102234,6.72911921708185,7.110201011378,7.13174034889435,157
"159",2017,12,7.33928571428571,42,7.76730769230769,6.64375,NA,5.86428571428571,7.63428571428571,26,16,0,7,35,5694,3037,2657,562,1589,4105,7.12728683175272,7.51303714191636,6.68636711328566,6.72911921708185,7.10471239773443,7.13602514494519,158
"160",2018,1,6.86666666666667,48,7.33181818181818,6.47307692307692,6.42857142857143,7.1,6.82,22,26,7,8,40,5742,3059,2683,569,1597,4145,7.12510818878439,7.51173383458646,6.6843001938129,6.72542179261863,7.10468879148403,7.1329754451146,159
"161",2018,2,7.01710526315789,38,7.56578947368421,6.46842105263158,6.25,7,7.01756756756757,19,19,4,1,37,5780,3078,2702,573,1598,4182,7.12439813494809,7.51206751137102,6.68278216876388,6.72210296684119,7.10462327909887,7.1319543806791,160
"162",2018,3,7.07840909090909,44,7.23913043478261,6.90238095238095,7.75,5.875,7.19875,23,21,4,4,40,5824,3101,2723,577,1602,4222,7.12405069024725,7.51004314737181,6.68447573264782,6.7292287694974,7.10155305867665,7.13258721459024,161
"163",2018,4,7.16585365853659,41,7.81,6.55238095238095,NA,7.4,7.13333333333333,20,21,0,5,36,5865,3121,2744,577,1607,4258,7.12434291901108,7.51196533162448,6.683464803207,6.7292287694974,7.10248164281269,7.13259352278065,162
"164",2018,5,7.31472222222222,36,7.66761904761905,6.82066666666667,6.325,7.625,7.2759375,21,15,4,4,32,5901,3142,2759,581,1611,4290,7.12550435858329,7.51300566518141,6.68421073577383,6.72644578313253,7.10377901924271,7.13366275524476,163
"165",2018,6,7.14375,24,7.67916666666667,6.60833333333333,6.66666666666667,6.9,7.20789473684211,12,12,3,5,19,5925,3154,2771,584,1616,4309,7.1255782649789,7.51363785668992,6.68388214363046,6.72613869863014,7.10314851485149,7.13399007194245,164
"166",2018,7,7.17125,40,7.484375,6.9625,7,7.25,7.1625,16,24,3,4,36,5965,3170,2795,587,1620,4345,7.12588452975691,7.51349015772871,6.68627456887299,6.72753833049404,7.10351111111111,7.134226287687,165
"167",2018,8,7.03111121212121,33,7.32771947368421,6.62857142857143,NA,7,7.03666678571429,19,14,0,5,28,5998,3189,2809,587,1625,4373,7.1253631027009,7.51238333960489,6.68598697757209,6.72753833049404,7.10319261538462,7.1336016213126,166
"168",2018,9,7.18888888888889,27,7.25333333333333,7.10833333333333,7,7.2,7.18695652173913,15,12,1,4,23,6025,3204,2821,588,1629,4396,7.12564778257261,7.51117055867665,6.68778355902162,6.72800170068027,7.10343032535298,7.13388077570519,167
"169",2018,10,7.29459459459459,37,7.825,6.67058823529412,7.26666666666667,7.3,7.29375,20,17,3,5,32,6062,3224,2838,591,1634,4428,7.12667896568789,7.5131173914392,6.68768055673009,6.73073604060914,7.10403182374541,7.13503610885276,168
"170",2018,11,7.02,25,7.16666666666667,6.8,7.1,6.8,7.075,15,10,5,5,20,6087,3239,2848,596,1639,4448,7.12624082306555,7.51151295770299,6.68807493679775,6.73383389261745,7.1031043319097,7.13476616232015,169
"171",2018,12,7.14883720930233,43,7.37619047619048,6.93181818181818,6.875,6.77777777777778,7.24705882352941,21,22,4,9,34,6130,3260,2870,600,1648,4482,7.12639932952691,7.51064124846626,6.68994335191638,6.734775,7.10132766990291,7.13561800312361,170
"172",2019,1,7.09545454545455,55,7.16129032258065,7.01041666666667,7.05,7.13636363636364,7.08522727272727,31,24,5,11,44,6185,3291,2894,605,1659,4526,7.12612415359741,7.50735049225159,6.69260104353835,6.73738016528926,7.10155997588909,7.13512812417146,171
"173",2019,2,7.11333333333333,36,7.62954545454545,6.30214285714286,5.0825,7.34,7.02615384615385,22,14,4,10,26,6221,3313,2908,609,1669,4552,7.12605013502652,7.50816192876547,6.69072125859697,6.72651067323481,7.10298861593769,7.13450568760984,172
"174",2019,3,6.78846153846154,39,7.22368421052632,6.375,5.91666666666667,6.40909090909091,6.9375,19,20,6,11,28,6260,3332,2928,615,1680,4580,7.12394694728434,7.50653975690276,6.68856469262295,6.71860975609756,7.09844523809524,7.1333012860262,173
"175",2019,4,7.21027777777778,36,7.485625,6.99,6.375,6.56,7.31516129032258,16,20,4,5,31,6296,3348,2948,619,1685,4611,7.12444057973316,7.50643980585424,6.6906097082768,6.71638933764136,7.09684747774481,7.13452394057688,174
"176",2019,5,7.48333333333333,30,7.9875,6.90714285714286,6.75,8.14,7.352,16,14,6,5,25,6326,3364,2962,625,1690,4636,7.12614256876383,7.50872784482759,6.69163316002701,6.716712,7.09993372781065,7.13569669758413,175
"177",2019,6,7.44583333333333,24,8.01333333333333,6.5,6,7.17142857142857,7.55882352941176,15,9,2,7,17,6350,3379,2971,627,1697,4653,7.1273508488189,7.51096788102989,6.69105264893975,6.71442583732058,7.10022863877431,7.13724261551687,176
"178",2019,7,7.03676470588235,34,7.22619047619048,6.73076923076923,6,8.5,6.99242424242424,21,13,1,1,33,6384,3400,2984,628,1698,4686,7.12686840382205,7.50920896176471,6.6912256769437,6.71328821656051,7.10105300353357,7.13622276781904,177
"179",2019,8,7.49228571428571,35,7.55958333333333,7.34545454545455,6.66,7.25714285714286,7.55107142857143,24,11,5,7,28,6419,3424,2995,633,1705,4714,7.12886086462066,7.5095620531542,6.69362852086811,6.7128672985782,7.10169384164223,7.13868686677981,178
"180",2019,9,7.19057142857143,35,7.81761904761905,6.25,NA,7.2,7.18935483870968,21,14,0,4,31,6454,3445,3009,633,1709,4745,7.12919552060737,7.511439904209,6.69156444666002,6.7128672985782,7.10192393212405,7.13901789041096,179
"181",2019,10,6.91148148148148,27,7.45428571428571,6.32692307692308,6.58333333333333,7.25,6.85260869565217,14,13,3,4,23,6481,3459,3022,636,1713,4768,7.12828851874711,7.51120857762359,6.68999583719391,6.71225628930818,7.10226970227671,7.13763630243289,180
"182",2019,11,7.02361111111111,36,7.57647058823529,6.52894736842105,6,6.53,7.21346153846154,17,19,1,10,26,6517,3476,3041,637,1723,4794,7.1277102792696,7.51152775316456,6.68898961525814,6.71113814756672,7.0989483459083,7.13804753650397,181
"183",2019,12,7.42432432432432,37,7.8,6.73076923076923,6,7.61428571428571,7.38,24,13,1,7,30,6554,3500,3054,638,1730,4824,7.12938478638999,7.51350584857143,6.68916745907007,6.71002351097179,7.10103352601156,7.13955221600332,182
"184",2020,1,7.05,35,7.21136363636364,6.77692307692308,7,6.96428571428571,7.07142857142857,22,13,1,7,28,6589,3522,3067,639,1737,4852,7.12896310365761,7.51161853208404,6.68953942614933,6.71047730829421,7.10048244099021,7.13915908697445,183
"185",2020,2,7.50853658536585,41,7.888,6.915625,6.25,7.40555555555556,7.5375,25,16,2,9,32,6630,3547,3083,641,1746,4884,7.13131039064856,7.5142713476177,6.69071275381122,6.70904056162247,7.10205498281787,7.14176901924652,184
"186",2020,3,7.34396405405405,37,7.70115956521739,6.75714285714286,7,7.76923076923077,7.11361125,23,14,4,13,24,6667,3570,3097,645,1759,4908,7.13249055947202,7.51547538935574,6.69101305134001,6.71084496124031,7.10698578737919,7.14163132844336,185
"187",2020,4,6.89769230769231,26,6.99,6.75,6.5,6.8,6.92095238095238,16,10,4,5,21,6693,3586,3107,649,1764,4929,7.13157844912595,7.51313082543224,6.69120290312198,6.70954545454546,7.1061156462585,7.14069112598905,186
"188",2020,5,7.0372972972973,37,7.35857142857143,6.615625,6.71428571428571,7.2375,6.98206896551724,21,16,7,8,29,6730,3607,3123,656,1772,4958,7.13106011292719,7.51223097865262,6.69081569644572,6.70959603658537,7.10670880361174,7.13976332392094,187
"189",2020,6,7.1948717948718,39,7.56666666666667,6.6,6.5,7.325,7.16129032258065,24,15,3,8,31,6769,3631,3138,659,1780,4989,7.13142776776481,7.51259078490774,6.69038158699809,6.70864188163885,7.10768988764045,7.1398970855883,188
"190",2020,7,7.16282051282051,39,7.81315789473684,6.545,7.225,7.25,7.15285714285714,19,20,4,4,35,6808,3650,3158,663,1784,5024,7.13160760282021,7.51415538082192,6.68946086763774,6.71175716440422,7.10800896860986,7.13998737261147,189
"191",2020,8,7.08125,40,7.25909090909091,6.86388888888889,6.3125,7.1,7.07727272727273,22,18,4,7,33,6848,3672,3176,667,1791,5057,7.13131345794392,7.5126272167756,6.6904494395466,6.70936281859071,7.10797766610832,7.13957812141586,190
"192",2020,9,7.09555555555556,36,7.84666666666667,6.55904761904762,6.1,7.16285714285714,7.07931034482759,15,21,5,7,29,6884,3687,3197,672,1798,5086,7.13112646135967,7.5139862055872,6.68958630591179,6.70482886904762,7.10819132369299,7.13923447896186,191
"193",2020,10,7.27941176470588,51,7.71451612903226,6.605,6.35,7.39166666666667,7.24487179487179,31,20,2,12,39,6935,3718,3217,674,1810,5125,7.1322169516943,7.51565818719742,6.68906043518806,6.70377596439169,7.11007071823204,7.14003835317074,192
"194",2020,11,6.88078947368421,38,7.32176470588235,6.52380952380952,6.66666666666667,6.79166666666667,6.8975,17,21,3,6,32,6973,3735,3238,677,1816,5157,7.13084677470242,7.51477567336011,6.68798870290303,6.70361152141802,7.10901872246696,7.13853336435913,193
"195",2020,12,7.12679591836735,49,7.69307407407407,6.43181818181818,6.66666666666667,7.63,7.06961363636364,27,22,6,5,44,7022,3762,3260,683,1821,5201,7.1308185075477,7.51605532695375,6.68625994478527,6.7032869692533,7.11044920373421,7.13795030955586,194
"196",2021,1,7.07452380952381,42,7.67518518518519,5.99333333333333,4.9,7.1,7.07184210526316,27,15,1,4,38,7064,3789,3275,684,1825,5239,7.130483799547,7.5171892689364,6.6830862351145,6.70065058479532,7.11042630136986,7.137470807406,195
"197",2021,2,7.28125,40,7.76851851851852,6.26923076923077,6,8.86428571428571,6.94545454545455,27,13,2,7,33,7104,3816,3288,686,1832,5272,7.13133270833333,7.51896754192872,6.68144994525547,6.69860787172012,7.11712772925764,7.13626888467375,196
"198",2021,3,7.11276595744681,47,7.42068965517241,6.61666666666667,6.525,6.46428571428571,7.22625,29,18,4,7,40,7151,3845,3306,690,1839,5312,7.13121067822682,7.51822630429129,6.68109722323049,6.69760144927536,7.1146427406199,7.13694645331326,197
"199",2021,4,6.96869565217391,46,7.545,6.07222222222222,6.7,7.7,6.89904761904762,28,18,5,4,42,7197,3873,3324,695,1843,5354,7.13017195498124,7.51841986573715,6.67780006618532,6.69761870503597,7.11591318502441,7.13508023160255,198
"200",2021,5,6.97065217391304,46,7.46481481481482,6.26842105263158,7.1,6.81875,7.00263157894737,27,19,3,8,38,7243,3900,3343,698,1851,5392,7.12915885130471,7.51804875384615,6.6754733532755,6.69934813753582,7.11462884927066,7.13414680267063,199
"201",2021,6,7.32368421052632,38,7.5,7.18095238095238,7.1,6.8,7.4030303030303,17,21,3,5,33,7281,3917,3364,701,1856,5425,7.13017409147095,7.51797042124075,6.67862884066587,6.70106276747504,7.11378125,7.13578240737328,200
"202",2021,7,7.15326086956522,46,7.70238095238095,6.692,6.08333333333333,7.25,7.12972972972973,21,25,6,9,37,7327,3938,3389,707,1865,5462,7.13031903371093,7.51895381919756,6.6787274771319,6.69582036775106,7.11443860589812,7.13574140607837,201
"203",2021,8,7.09358974358974,39,7.4825,6.68421052631579,6,6.66666666666667,7.17121212121212,20,19,1,6,33,7366,3958,3408,708,1871,5495,7.13012456692913,7.51876961596766,6.67875804577465,6.69483757062147,7.11300267236772,7.13595442402185,202
"204",2021,9,7.31972222222222,36,7.8125,6.70375,6.06666666666667,7.38888888888889,7.29666666666667,20,16,3,9,27,7402,3978,3424,711,1880,5522,7.13104668467981,7.5202463901458,6.67887483060747,6.6921870604782,7.11432340425532,7.13674023180008,203
"205",2021,10,7.5,47,7.62878787878788,7.19642857142857,NA,7.5625,7.48717948717949,33,14,0,8,39,7449,4011,3438,711,1888,5561,7.13337462209692,7.52113940164547,6.68098237929028,6.6921870604782,7.11622245762712,7.13919790685129,204
"206",2021,11,7.3115,40,7.39333333333333,7.066,7,8.33333333333333,7.22864864864865,30,10,1,3,37,7489,4041,3448,712,1891,5598,7.13432601949526,7.52019058153922,6.68209901972157,6.69261938202247,7.11815335801163,7.1397891318328,205
"207",2021,12,7.31458333333333,48,7.65,6.5,6.26,7.05384615384615,7.41142857142857,34,14,5,13,35,7537,4075,3462,717,1904,5633,7.13547400291893,7.52127365398773,6.68136262853841,6.68960251046025,7.11771428571428,7.14147693236287,206
"208",2022,1,7.33618518518518,54,7.56868571428571,6.90789473684211,6.875,7.64285714285714,7.29051063829787,35,19,4,7,47,7591,4110,3481,721,1911,5680,7.13690179949941,7.52167740632603,6.6825990864694,6.69063106796117,7.1196378859236,7.14271013380282,207
"209",2022,2,7.27303921568627,51,7.646875,6.64342105263158,5.63125,7.54545454545455,7.198125,32,19,4,11,40,7642,4142,3500,725,1922,5720,7.13781033237372,7.52264464992757,6.68238640571428,6.68478620689655,7.12207492195629,7.14309765034966,208
"210",2022,3,7.19293333333333,30,7.41339130434783,6.46857142857143,8,7.15542857142857,7.20434782608696,23,7,1,7,23,7672,4165,3507,726,1929,5743,7.13802588112617,7.52204133013205,6.6819596293128,6.68659779614325,7.12219595645412,7.14334294967788,209
"211",2022,4,7.34594594594595,37,7.62222222222222,6.6,4.75,7.5,7.29642857142857,27,10,2,9,28,7709,4192,3517,728,1938,5771,7.13902381112985,7.52268657919847,6.68172659084447,6.68127747252747,7.12395046439628,7.14408569745279,210
"212",2022,5,7.22878048780488,41,7.8432,6.26875,6,5.75,7.38864864864865,25,16,1,4,37,7750,4217,3533,729,1942,5808,7.13949865290323,7.52458670618923,6.6798563317294,6.68034293552812,7.12112049433573,7.14564369146006,211
"213",2022,6,7.09514285714286,35,7.57142857142857,6.38071428571429,8,7.5,7.04290322580645,21,14,1,4,31,7785,4238,3547,730,1946,5839,7.13929923699422,7.524818815479,6.67867561883281,6.68215068493151,7.12189928057554,7.14509822914883,212
"214",2022,7,7.53372093023256,43,7.86739130434783,7.15,6.625,7.8125,7.47,23,20,4,8,35,7828,4261,3567,734,1954,5874,7.14146583546244,7.52666795118517,6.68131831230726,6.68183923705722,7.12472671443193,7.14703414368404,213
"215",2022,8,7.22714285714286,35,7.39210526315789,7.03125,6.4,8.25,7.01551724137931,19,16,1,6,29,7863,4280,3583,735,1960,5903,7.1418472033575,7.52607059345794,6.68288094334356,6.68145578231293,7.12817142857143,7.14638803320346,214
"216",2022,9,7.29126315789474,38,7.44318181818182,7.082375,6.16666666666667,6.5,7.439625,22,16,3,6,32,7901,4302,3599,738,1966,5935,7.14256582204784,7.52564670850767,6.68465696582384,6.67936314363144,7.12625432349949,7.14796909182814,215
"217",2022,10,7.66666666666667,30,7.7,7.53333333333333,NA,7.325,7.71923076923077,24,6,0,4,26,7931,4326,3605,738,1970,5961,7.14454829907956,7.52661399445215,6.68606946463245,6.67936314363144,7.1266578680203,7.1504607549069,216
"218",2022,11,7.161,40,7.50454545454545,6.74111111111111,4,6.66666666666667,7.24823529411765,22,18,1,6,34,7971,4348,3623,739,1976,5995,7.1446308568561,7.52650233210672,6.68634292575214,6.67573748308525,7.12526113360324,7.15101527272728,217
"219",2022,12,7.5075,42,7.76211538461538,7.09375,6.5,6.5,7.78227272727273,26,16,1,9,33,8013,4374,3639,740,1985,6028,7.14653282915263,7.52790286694102,6.68813421819181,6.6755,7.12242619647355,7.15447106171202,218
