"","year","month","avg_rating","no_ratings","avg_rating_owned","avg_rating_not_owned","avg_rating_prev_owned","avg_rating_comment","avg_rating_no_comment","no_ratings_owned","no_ratings_not_owned","no_ratings_prev_owned","no_ratings_comment","no_ratings_no_comment","cum_no_ratings","cum_no_ratings_owned","cum_no_ratings_not_owned","cum_no_ratings_prev_owned","cum_no_ratings_comment","cum_no_ratings_no_comment","cum_avg_rating","cum_avg_rating_owned","cum_avg_rating_not_owned","cum_avg_rating_prev_owned","cum_avg_rating_comment","cum_avg_rating_no_comment","month_after_release"
"1",2001,6,8,2,8,NA,NA,NA,8,2,0,0,0,2,2,2,0,0,0,2,8,8,NA,NA,NA,8,0
"2",2001,8,8.33333333333333,3,8.33333333333333,NA,NA,9,7,3,0,0,2,1,5,5,0,0,2,3,8.2,8.2,NA,NA,9,7.66666666666667,2
"3",2001,9,8,1,8,NA,NA,NA,8,1,0,0,0,1,6,6,0,0,2,4,8.16666666666667,8.16666666666667,NA,NA,9,7.75,3
"4",2001,10,8.5,2,8.5,NA,NA,8,9,2,0,0,1,1,8,8,0,0,3,5,8.25,8.25,NA,NA,8.66666666666667,8,4
"5",2001,11,7.66666666666667,3,8,7,7,7,8,2,1,1,1,2,11,10,1,1,4,7,8.09090909090909,8.2,7,7,8.25,8,5
"6",2001,12,10,1,10,NA,NA,10,NA,1,0,0,1,0,12,11,1,1,5,7,8.25,8.36363636363636,7,7,8.6,8,6
"7",2002,1,4,1,NA,4,NA,NA,4,0,1,0,0,1,13,11,2,1,5,8,7.92307692307693,8.36363636363636,5.5,7,8.6,7.5,7
"8",2002,2,8,2,8,NA,NA,NA,8,2,0,0,0,2,15,13,2,1,5,10,7.93333333333334,8.30769230769231,5.5,7,8.6,7.6,8
"9",2002,3,7,1,7,NA,NA,7,NA,1,0,0,1,0,16,14,2,1,6,10,7.875,8.21428571428572,5.5,7,8.33333333333333,7.6,9
"10",2002,6,7,1,7,NA,NA,NA,7,1,0,0,0,1,17,15,2,1,6,11,7.82352941176471,8.13333333333333,5.5,7,8.33333333333333,7.54545454545455,12
"11",2002,7,8,3,8,NA,NA,NA,8,3,0,0,0,3,20,18,2,1,6,14,7.85,8.11111111111111,5.5,7,8.33333333333333,7.64285714285714,13
"12",2002,8,6.6,5,6.6,NA,NA,9,6,5,0,0,1,4,25,23,2,1,7,18,7.6,7.78260869565217,5.5,7,8.42857142857143,7.27777777777778,14
"13",2002,10,7.5,2,7.5,NA,NA,6,9,2,0,0,1,1,27,25,2,1,8,19,7.59259259259259,7.76,5.5,7,8.125,7.36842105263158,16
"14",2002,11,7.66666666666667,3,7.66666666666667,NA,NA,8.5,6,3,0,0,2,1,30,28,2,1,10,20,7.6,7.75,5.5,7,8.2,7.3,17
"15",2002,12,7,3,7,7,NA,7.5,6,2,1,0,2,1,33,30,3,1,12,21,7.54545454545455,7.7,6,7,8.08333333333333,7.23809523809524,18
"16",2003,1,6.83333333333333,6,7,6,NA,7,6.8,5,1,0,1,5,39,35,4,1,13,26,7.43589743589744,7.6,6,7,8,7.15384615384615,19
"17",2003,2,8.25,4,9,6,6,9.5,7,3,1,1,2,2,43,38,5,2,15,28,7.51162790697675,7.71052631578947,6,6.5,8.2,7.14285714285714,20
"18",2003,3,8,1,NA,8,NA,NA,8,0,1,0,0,1,44,38,6,2,15,29,7.52272727272727,7.71052631578947,6.33333333333333,6.5,8.2,7.17241379310345,21
"19",2003,4,6,1,NA,6,6,NA,6,0,1,1,0,1,45,38,7,3,15,30,7.48888888888889,7.71052631578947,6.28571428571429,6.33333333333333,8.2,7.13333333333333,22
"20",2003,5,7.375,4,7.66666666666667,6.5,NA,7.16666666666667,8,3,1,0,3,1,49,41,8,3,18,31,7.47959183673469,7.70731707317073,6.3125,6.33333333333333,8.02777777777778,7.16129032258065,23
"21",2003,6,5.5,2,NA,5.5,6,NA,5.5,0,2,1,0,2,51,41,10,4,18,33,7.40196078431373,7.70731707317073,6.15,6.25,8.02777777777778,7.06060606060606,24
"22",2003,7,7.33333333333333,15,7.28571428571429,8,8,7.8,7.1,14,1,1,5,10,66,55,11,5,23,43,7.38636363636364,7.6,6.31818181818182,6.6,7.97826086956522,7.06976744186047,25
"23",2003,8,7.5,4,7.5,NA,NA,NA,7.5,4,0,0,0,4,70,59,11,5,23,47,7.39285714285714,7.59322033898305,6.31818181818182,6.6,7.97826086956522,7.1063829787234,26
"24",2003,9,8.2,5,8.16666666666667,8.25,7,8.33333333333333,8,3,2,1,3,2,75,62,13,6,26,49,7.44666666666667,7.62096774193548,6.61538461538461,6.66666666666667,8.01923076923077,7.14285714285714,27
"25",2003,10,8.16666666666667,6,8.6,6,NA,8.5,8,5,1,0,2,4,81,67,14,6,28,53,7.5,7.69402985074627,6.57142857142857,6.66666666666667,8.05357142857143,7.20754716981132,28
"26",2003,11,7,1,7,NA,NA,7,NA,1,0,0,1,0,82,68,14,6,29,53,7.49390243902439,7.68382352941176,6.57142857142857,6.66666666666667,8.01724137931035,7.20754716981132,29
"27",2003,12,6.66666666666667,3,9,2,NA,9,5.5,2,1,0,1,2,85,70,15,6,30,55,7.46470588235294,7.72142857142857,6.26666666666667,6.66666666666667,8.05,7.14545454545455,30
"28",2004,1,7,4,7,NA,NA,8,6.66666666666667,4,0,0,1,3,89,74,15,6,31,58,7.4438202247191,7.68243243243243,6.26666666666667,6.66666666666667,8.04838709677419,7.12068965517241,31
"29",2004,2,5.75,4,6.66666666666667,3,NA,7.5,4,3,1,0,2,2,93,77,16,6,33,60,7.37096774193548,7.64285714285714,6.0625,6.66666666666667,8.01515151515152,7.01666666666667,32
"30",2004,3,7.5,6,8,5,5,NA,7.5,5,1,1,0,6,99,82,17,7,33,66,7.37878787878788,7.66463414634146,6,6.42857142857143,8.01515151515152,7.06060606060606,33
"31",2004,4,3,2,NA,3,NA,NA,3,0,2,0,0,2,101,82,19,7,33,68,7.29207920792079,7.66463414634146,5.68421052631579,6.42857142857143,8.01515151515152,6.94117647058824,34
"32",2004,5,7.5,4,8.33333333333333,5,NA,6.25,8.75,3,1,0,2,2,105,85,20,7,35,70,7.3,7.68823529411765,5.65,6.42857142857143,7.91428571428571,6.99285714285714,35
"33",2004,6,6.5,4,6.5,NA,NA,NA,6.5,4,0,0,0,4,109,89,20,7,35,74,7.27064220183486,7.63483146067416,5.65,6.42857142857143,7.91428571428571,6.96621621621622,36
"34",2004,7,8,3,8,NA,NA,9,7.5,3,0,0,1,2,112,92,20,7,36,76,7.29017857142857,7.64673913043478,5.65,6.42857142857143,7.94444444444444,6.98026315789474,37
"35",2004,8,7.4,5,8,5,5,7.33333333333333,7.5,4,1,1,3,2,117,96,21,8,39,78,7.29487179487179,7.66145833333333,5.61904761904762,6.25,7.8974358974359,6.99358974358974,38
"36",2004,9,7.44444444444444,9,7.44444444444444,NA,NA,6.75,8,9,0,0,4,5,126,105,21,8,43,83,7.30555555555556,7.64285714285714,5.61904761904762,6.25,7.7906976744186,7.05421686746988,39
"37",2004,10,8,7,7.66666666666667,10,NA,NA,8,6,1,0,0,7,133,111,22,8,43,90,7.34210526315789,7.64414414414414,5.81818181818182,6.25,7.7906976744186,7.12777777777778,40
"38",2004,11,7.64285714285714,7,8.5,5.5,5,NA,7.64285714285714,5,2,1,0,7,140,116,24,9,43,97,7.35714285714286,7.68103448275862,5.79166666666667,6.11111111111111,7.7906976744186,7.16494845360825,41
"39",2004,12,7.14285714285714,7,7.2,7,NA,7.5,7.08333333333333,5,2,0,1,6,147,121,26,9,44,103,7.3469387755102,7.66115702479339,5.88461538461539,6.11111111111111,7.78409090909091,7.16019417475728,42
"40",2005,1,7.775,8,7.775,NA,NA,8,7.7,8,0,0,2,6,155,129,26,9,46,109,7.36903225806452,7.66821705426357,5.88461538461539,6.11111111111111,7.79347826086957,7.18990825688073,43
"41",2005,2,8,6,8.83333333333333,7.16666666666667,NA,8.875,6.25,3,3,0,4,2,161,132,29,9,50,111,7.39254658385093,7.69469696969697,6.01724137931035,6.11111111111111,7.88,7.17297297297297,44
"42",2005,3,7.375,8,7.28571428571429,8,NA,7.5,7.25,7,1,0,4,4,169,139,30,9,54,115,7.39171597633136,7.67410071942446,6.08333333333333,6.11111111111111,7.85185185185185,7.17565217391304,45
"43",2005,4,8.57142857142857,7,8.25,9,NA,8.5,8.66666666666667,4,3,0,4,3,176,143,33,9,58,118,7.43863636363636,7.69020979020979,6.34848484848485,6.11111111111111,7.89655172413793,7.2135593220339,46
"44",2005,5,7.4375,8,8.08333333333333,5.5,NA,6.66666666666667,7.9,6,2,0,3,5,184,149,35,9,61,123,7.43858695652174,7.70604026845638,6.3,6.11111111111111,7.83606557377049,7.24146341463415,47
"45",2005,6,7.2,4,6.6,9,NA,7,7.26666666666667,3,1,0,1,3,188,152,36,9,62,126,7.43351063829787,7.68421052631579,6.375,6.11111111111111,7.82258064516129,7.24206349206349,48
"46",2005,7,7.5,6,7.25,8,9,8.5,7,4,2,1,2,4,194,156,38,10,64,130,7.43556701030928,7.67307692307692,6.46052631578947,6.4,7.84375,7.23461538461538,49
"47",2005,8,7.55555555555556,9,7.55555555555556,NA,NA,7.625,7,9,0,0,8,1,203,165,38,10,72,131,7.44088669950739,7.66666666666667,6.46052631578947,6.4,7.81944444444444,7.23282442748092,50
"48",2005,9,7.55,10,7.75,6.75,7.5,7.7,7.4,8,2,1,5,5,213,173,40,11,77,136,7.44600938967136,7.67052023121387,6.475,6.5,7.81168831168831,7.23897058823529,51
"49",2005,10,7.63636363636364,11,7.6875,7.5,6,7.75,7.5,8,3,1,6,5,224,181,43,12,83,141,7.45535714285714,7.67127071823204,6.54651162790698,6.45833333333333,7.80722891566265,7.24822695035461,52
"50",2005,11,7.75,8,8.4,6.66666666666667,8,7.75,7.75,5,3,1,4,4,232,186,46,13,87,145,7.46551724137931,7.69086021505376,6.55434782608696,6.57692307692308,7.80459770114942,7.26206896551724,53
"51",2005,12,6.61111111111111,9,8.08333333333333,3.66666666666667,NA,6.9,6.25,6,3,0,5,4,241,192,49,13,92,149,7.43360995850622,7.703125,6.37755102040816,6.57692307692308,7.7554347826087,7.23489932885906,54
"52",2006,1,7.33333333333333,3,7.33333333333333,NA,NA,8,7,3,0,0,1,2,244,195,49,13,93,151,7.43237704918033,7.6974358974359,6.37755102040816,6.57692307692308,7.75806451612903,7.2317880794702,55
"53",2006,2,8.5,6,8.5,NA,NA,8.625,8.25,6,0,0,4,2,250,201,49,13,97,153,7.458,7.72139303482587,6.37755102040816,6.57692307692308,7.79381443298969,7.24509803921569,56
"54",2006,3,7.75,4,7.75,NA,NA,8,7.66666666666667,4,0,0,1,3,254,205,49,13,98,156,7.46259842519685,7.72195121951219,6.37755102040816,6.57692307692308,7.79591836734694,7.25320512820513,57
"55",2006,4,7.66666666666667,9,7.875,6,6,9,7.28571428571429,8,1,1,2,7,263,213,50,14,100,163,7.46958174904943,7.72769953051643,6.37,6.53571428571429,7.82,7.25460122699386,58
"56",2006,5,7,5,7,7,6,6.75,8,3,2,1,4,1,268,216,52,15,104,164,7.46082089552239,7.71759259259259,6.39423076923077,6.5,7.77884615384615,7.25914634146341,59
"57",2006,6,7.58333333333333,6,8.1,5,NA,8.25,6.25,5,1,0,4,2,274,221,53,15,108,166,7.46350364963504,7.7262443438914,6.36792452830189,6.5,7.7962962962963,7.24698795180723,60
"58",2006,7,8.5,5,8.375,9,NA,8,8.83333333333333,4,1,0,2,3,279,225,54,15,110,169,7.48207885304659,7.73777777777778,6.41666666666667,6.5,7.8,7.27514792899408,61
"59",2006,8,7.88333333333333,12,7.96363636363636,7,NA,8.1,7.72857142857143,11,1,0,5,7,291,236,55,15,115,176,7.49862542955326,7.74830508474576,6.42727272727273,6.5,7.81304347826087,7.29318181818182,62
"60",2006,9,7.375,8,7.16666666666667,8,9,8.66666666666667,6.6,6,2,1,3,5,299,242,57,16,118,181,7.49531772575251,7.73388429752066,6.48245614035088,6.65625,7.83474576271186,7.27403314917127,63
"61",2006,10,7.625,8,7.71428571428571,7,NA,9.33333333333333,6.6,7,1,0,3,5,307,249,58,16,121,186,7.49869706840391,7.73333333333333,6.49137931034483,6.65625,7.87190082644628,7.25591397849462,64
"62",2006,11,6.70833333333333,12,6.75,6.5,9,6.25,6.9375,10,2,1,4,8,319,259,60,17,125,194,7.46896551724138,7.69536679536679,6.49166666666667,6.79411764705882,7.82,7.24278350515464,65
"63",2006,12,8.75,8,8.75,NA,NA,9.2,8,8,0,0,5,3,327,267,60,17,130,197,7.50030581039755,7.72696629213483,6.49166666666667,6.79411764705882,7.87307692307692,7.25431472081218,66
"64",2007,1,7.26470588235294,17,7.63636363636364,6.58333333333333,8,7.1875,7.33333333333333,11,6,2,8,9,344,278,66,19,138,206,7.48866279069767,7.72338129496403,6.5,6.92105263157895,7.83333333333333,7.25776699029126,67
"65",2007,2,7.40687,11,7.85714285714286,6.6188925,6.5,6.66666666666667,7.68444625,7,4,2,3,8,355,285,70,21,141,214,7.48612836619718,7.72666666666667,6.50679385714286,6.88095238095238,7.80851063829787,7.27371761682243,68
"66",2007,3,8.02,5,8.02,NA,NA,8,8.03333333333333,5,0,0,2,3,360,290,70,21,143,217,7.49354325,7.73172413793103,6.50679385714286,6.88095238095238,7.81118881118881,7.28421921658986,69
"67",2007,4,7.53846153846154,13,7.5,8,NA,8,7.14285714285714,12,1,0,6,7,373,302,71,21,149,224,7.49510876675603,7.72251655629139,6.52782492957746,6.88095238095238,7.81879194630872,7.27980165178571,70
"68",2007,5,8.42857142857143,7,8.66666666666667,7,NA,8.75,8,6,1,0,4,3,380,308,72,21,153,227,7.51230413157895,7.74090909090909,6.53438291666667,6.88095238095238,7.84313725490196,7.28931969162996,71
"69",2007,6,7.94444444444444,9,8.4,7.375,7.66666666666667,7.375,8.4,5,4,3,4,5,389,313,76,24,157,232,7.52230223650386,7.75143769968051,6.57862592105263,6.97916666666667,7.8312101910828,7.31325676724138,72
"70",2007,7,7.22727272727273,11,7.5,6.75,6.33333333333333,7,7.3125,7,4,3,3,8,400,320,80,27,160,240,7.514188925,7.7459375,6.587194625,6.90740740740741,7.815625,7.31323154166667,73
"71",2007,8,6.3125,8,6.125,6.5,NA,7,6.21428571428571,4,4,0,1,7,408,324,84,27,161,247,7.49062639705882,7.72592592592593,6.5830425,6.90740740740741,7.81055900621118,7.28208732793522,74
"72",2007,9,7.5,16,7.5,7.5,9,7.57142857142857,7.44444444444444,12,4,2,7,9,424,336,88,29,168,256,7.49098011792453,7.71785714285714,6.62472238636364,7.05172413793103,7.80059523809524,7.2877951953125,75
"73",2007,10,7.125,8,6.85714285714286,9,9,6.66666666666667,7.4,7,1,1,3,5,432,343,89,30,171,261,7.48420270833333,7.7002915451895,6.6514108988764,7.11666666666667,7.78070175438596,7.28994471264368,76
"74",2007,11,7.17857142857143,14,7.65,6,NA,8.21428571428571,6.14285714285714,10,4,0,7,7,446,353,93,30,178,268,7.47460890134529,7.69886685552408,6.62339322580645,7.11666666666667,7.79775280898876,7.25998347014925,77
"75",2007,12,7.76923076923077,13,7.85,7.5,NA,8.125,7.61111111111111,10,3,0,4,9,459,363,96,30,182,277,7.48295331154684,7.7030303030303,6.6507871875,7.11666666666667,7.80494505494505,7.27139194945848,78
"76",2008,1,7.86842105263158,19,7.9,7.75,10,8.44444444444444,7.35,15,4,1,9,10,478,378,100,31,191,287,7.49827525104602,7.71084656084656,6.6947557,7.20967741935484,7.83507853403141,7.27413090592334,79
"77",2008,2,7.8,5,8.33333333333333,7,7,9.5,6.66666666666667,3,2,2,2,3,483,381,102,33,193,290,7.50139869565217,7.71574803149606,6.70074088235294,7.1969696969697,7.85233160621762,7.26784679310345,80
"78",2008,3,7.97222222222222,18,8,7.83333333333333,8.5,7.83333333333333,8.04166666666667,15,3,2,6,12,501,396,105,35,199,302,7.51831451097804,7.72651515151515,6.73310066666667,7.27142857142857,7.85175879396985,7.298594602649,81
"79",2008,4,7.6,5,7.66666666666667,7.5,7.5,7.66666666666667,7.5,3,2,2,3,2,506,399,107,37,202,304,7.5191216798419,7.72606516290727,6.74743523364486,7.28378378378378,7.8490099009901,7.29991963815789,82
"80",2008,5,7.8,5,8,7.5,8,8.5,7.33333333333333,3,2,1,2,3,511,402,109,38,204,307,7.52187,7.72810945273632,6.76124376146789,7.30263157894737,7.85539215686275,7.30024615635179,83
"81",2008,6,7.83333333333333,9,8.21428571428571,6.5,NA,8,7.75,7,2,0,3,6,520,409,111,38,207,313,7.52726071153846,7.73643031784841,6.75653666666667,7.30263157894737,7.85748792270531,7.30886763578275,84
"82",2008,7,7.23333333333333,15,7.57692307692308,5,5,7.5,7.05555555555556,13,2,2,6,9,535,422,113,40,213,322,7.51901975700935,7.73151658767772,6.72544752212389,7.1875,7.84741784037559,7.30178748447205,85
"83",2008,8,7.35,10,8.5,6.2,5.66666666666667,7,7.7,5,5,3,5,5,545,427,118,43,218,327,7.51591847706422,7.74051522248244,6.70318279661017,7.08139534883721,7.82798165137615,7.30787636085627,86
"84",2008,9,7.57142857142857,7,9,5.66666666666667,5.5,7,7.8,4,3,2,2,5,552,431,121,45,220,332,7.51662240942029,7.75220417633411,6.67748404958678,7.01111111111111,7.82045454545455,7.31528786144578,87
"85",2008,10,8.1,10,8.5,7.5,8.5,8.75,7.66666666666667,6,4,2,4,6,562,437,125,47,224,338,7.52700279359431,7.76247139588101,6.70380456,7.07446808510638,7.83705357142857,7.32152535502958,88
"86",2008,11,8.45,10,8.91666666666667,7.75,8,8.4,8.5,6,4,1,5,5,572,443,129,48,229,343,7.54313910839161,7.77810383747178,6.73624472868217,7.09375,7.84934497816594,7.33870428571428,89
"87",2008,12,7.77777777777778,9,8.2,7.25,7,8,7.6,5,4,2,4,5,581,448,133,50,233,348,7.54677378657487,7.7828125,6.75169601503759,7.09,7.8519313304721,7.34245853448276,90
"88",2009,1,7.775,28,7.7695652173913,7.8,7.83333333333333,8.09090909090909,7.57058823529412,23,5,3,11,17,609,471,138,53,244,365,7.55726694581281,7.78216560509554,6.78967804347826,7.13207547169811,7.86270491803279,7.35308375342466,91
"89",2009,2,6.96333333333333,30,7.66875,6.15714285714286,6.66666666666667,7.9375,6.60909090909091,16,14,3,8,22,639,487,152,56,252,387,7.52938273865415,7.77843942505133,6.73141822368421,7.10714285714286,7.86507936507936,7.31078958656331,92
"90",2009,3,7.40384615384615,26,8.07692307692308,6.73076923076923,6.6,8.25,7.25,13,13,5,4,22,665,500,165,61,256,409,7.52447454135338,7.7862,6.73136709090909,7.0655737704918,7.87109375,7.30751973105134,93
"91",2009,4,7.21875,16,8.57142857142857,6.16666666666667,7.25,7.25,7.2,7,9,4,6,10,681,507,174,65,262,419,7.51729158590308,7.79704142011834,6.70215844827586,7.07692307692308,7.85687022900763,7.30495362768496,94
"92",2009,5,7.475,24,7.82666666666667,6.88888888888889,7,7.15,7.58333333333333,15,9,5,6,18,705,522,183,70,268,437,7.51585187234042,7.79789272030651,6.71134191256831,7.07142857142857,7.8410447761194,7.31642006864988,95
"93",2009,6,7.36363636363636,11,8.5,6,7,8.33333333333333,7,6,5,1,3,8,716,528,188,71,271,445,7.51351336592179,7.80587121212121,6.69242324468085,7.07042253521127,7.84649446494465,7.31073161797753,96
"94",2009,7,7.69473684210526,19,8.91111111111111,6.6,7.16666666666667,7.7,7.69285714285714,9,10,3,5,14,735,537,198,74,276,459,7.51819805442177,7.8243947858473,6.6877554040404,7.07432432432432,7.84384057971014,7.3223868627451,97
"95",2009,8,8.05384615384615,13,8.5,7.67142857142857,8,8.5,7.97272727272727,6,7,3,2,11,748,543,205,77,278,470,7.52750744652406,7.83186003683241,6.72134424390244,7.11038961038961,7.84856115107914,7.33760759574468,98
"96",2009,9,6.88235294117647,17,7.5,6.54545454545455,6.5,7.28571428571429,6.6,6,11,6,7,10,765,549,216,83,285,480,7.51317067973856,7.82823315118397,6.71238689814815,7.06626506024096,7.83473684210526,7.32224077083333,99
"97",2009,10,6.96,25,7.45833333333333,6.5,6.58333333333333,7.1,6.925,12,13,6,5,20,790,561,229,89,290,500,7.49566527848101,7.82032085561497,6.70033,7.03370786516854,7.82206896551724,7.30635114,100
"98",2009,11,6.725,20,7.5625,6.16666666666667,7.25,7.2,6.56666666666667,8,12,2,5,15,810,569,241,91,295,515,7.47663650617284,7.81669595782074,6.67375755186722,7.03846153846154,7.81152542372881,7.28480693203883,101
"99",2009,12,7.43181818181818,22,7.95,7,7.28571428571429,7.44444444444444,7.42307692307692,10,12,7,9,13,832,579,253,98,304,528,7.47545140625,7.81899827288428,6.68923150197628,7.05612244897959,7.80065789473684,7.28821130681818,102
"100",2010,1,6.91034482758621,29,8.16666666666667,5.56428571428571,6.7,6.92857142857143,6.90454545454545,15,14,7,7,22,861,594,267,105,311,550,7.45641761904762,7.82777777777778,6.63024558052434,7.03238095238095,7.78102893890675,7.27286467272727,103
"101",2010,2,7.8625,16,8.25,7.475,7.86,7.83333333333333,7.86923076923077,8,8,5,3,13,877,602,275,110,314,563,7.46382619156214,7.83338870431894,6.65482025454545,7.07,7.78152866242038,7.28663511545293,104
"102",2010,3,7.68278571428571,28,7.64375,7.73483333333333,8.4136,8.5,7.41038095238095,16,12,5,7,21,905,618,287,115,321,584,7.47060062983425,7.82847896440129,6.69997759581881,7.12841739130435,7.79719626168224,7.29108488013699,105
"103",2010,4,8.08666666666667,15,7.7875,8.42857142857143,8.33333333333333,7.76,8.25,8,7,3,5,10,920,626,294,118,326,594,7.48064518478261,7.8279552715655,6.74113459183673,7.15905084745763,7.79662576687117,7.30722823232323,106
"104",2010,5,7.6,10,8,6,NA,8.5,7.375,8,2,0,2,8,930,634,296,118,328,602,7.48192856989247,7.8301261829653,6.73612692567567,7.15905084745763,7.80091463414634,7.3081288538206,107
"105",2010,6,8.05,8,8.85,7.25,7,9,7.73333333333333,4,4,2,2,6,938,638,300,120,330,608,7.48677352878465,7.83652037617555,6.74297856666667,7.1564,7.80818181818182,7.31232495065789,108
"106",2010,7,7.64705882352941,17,8.08333333333333,6.6,7.75,7.5,7.72727272727273,12,5,2,6,11,955,650,305,122,336,619,7.48962677486911,7.84107692307692,6.7406346557377,7.16613114754098,7.80267857142857,7.31969882067851,109
"107",2010,8,7.73076923076923,13,7.9,7.625,7.66666666666667,7.6,7.8125,5,8,3,5,8,968,655,313,125,341,627,7.49286525826446,7.84152671755725,6.7632382428115,7.178144,7.79970674486804,7.32598655502392,110
"108",2010,9,7.5,13,7.55,7.33333333333333,8,8.5,7.31818181818182,10,3,1,2,11,981,665,316,126,343,638,7.49295980632008,7.83714285714286,6.76865053797468,7.18466666666667,7.80379008746356,7.32585199059561,111
"109",2010,10,8.16666666666667,6,8.25,8,NA,9,8,4,2,0,1,5,987,669,318,126,344,643,7.4970552887538,7.83961136023916,6.77639487421384,7.18466666666667,7.80726744186047,7.33109419906687,112
"110",2010,11,7.56875,16,7.675,7.25,7.5,8.72,7.04545454545455,12,4,2,5,11,1003,681,322,128,349,654,7.49819897308076,7.8367107195301,6.78227816770186,7.18959375,7.82034383954155,7.32628986238532,113
"111",2010,12,6.66666666666667,12,7.28571428571429,5.8,5.5,7,6.5,7,5,2,4,8,1015,688,327,130,353,662,7.48836804926108,7.83110465116279,6.76725862385321,7.1636,7.81104815864023,7.31630448640483,114
"112",2011,1,7.64727272727273,22,8.09090909090909,7.20363636363636,6.798,7.798,7.60294117647059,11,11,5,5,17,1037,699,338,135,358,679,7.49173921890067,7.83519313304721,6.78146026627219,7.15005925925926,7.81086592178771,7.32348095729013,115
"113",2011,2,7.23076923076923,13,6.9375,7.7,8.16666666666667,7.7,6.9375,8,5,3,5,8,1050,707,343,138,363,687,7.48850816190476,7.82503536067893,6.79485005830904,7.17215942028985,7.80933884297521,7.31898627365357,116
"114",2011,3,6.89,20,7.58333333333333,6.59285714285714,6.5625,7.25,6.73571428571429,6,14,8,6,14,1070,713,357,146,369,701,7.47732109345794,7.82300140252454,6.786928767507,7.13875342465753,7.80024390243902,7.30733747503566,117
"115",2011,4,6.875,12,6.6,7.07142857142857,7.125,7.25,6.8,5,7,4,2,10,1082,718,364,150,371,711,7.47064100739371,7.81448467966574,6.79239991758242,7.13838666666667,7.79727762803234,7.30020192686357,118
"116",2011,5,7.03125,16,7.7,5.91666666666667,7.16666666666667,8.28571428571429,6.05555555555556,10,6,3,7,9,1098,728,370,153,378,720,7.46423822404372,7.81291208791209,6.77819883783784,7.13894117647059,7.80632275132275,7.28464384722222,119
"117",2011,6,7.11111111111111,18,7.59090909090909,6.35714285714286,6.16666666666667,7.33333333333333,7,11,7,3,6,12,1116,739,377,156,384,732,7.45854262544803,7.80960757780785,6.77038082228117,7.12024358974359,7.79893229166667,7.27997755464481,120
"118",2011,7,7.06153846153846,13,6.71666666666667,7.35714285714286,8.16666666666667,7.5,6.93,6,7,3,3,10,1129,745,384,159,387,742,7.45397127546501,7.80080536912752,6.78107700520833,7.13998742138365,7.7966149870801,7.27526087601078,121
"119",2011,8,7.26923076923077,13,7.9375,6.2,6,8.3,6.625,8,5,1,5,8,1142,753,389,160,392,750,7.45186827495622,7.80225763612218,6.77360814910026,7.1328625,7.80303571428571,7.26832476,122
"120",2011,9,7.40625,16,7.38888888888889,7.42857142857143,7.5,8,7.26923076923077,9,7,2,3,13,1158,762,396,162,395,763,7.45123797063903,7.79737532808399,6.78518578282828,7.13739506172839,7.80453164556962,7.2683401965924,123
"121",2011,10,7.375,10,7.70833333333333,6.875,7.25,6.125,7.6875,6,4,2,2,8,1168,768,400,164,397,771,7.45058524828767,7.7966796875,6.786083925,7.13876829268293,7.79607052896725,7.27268945525292,124
"122",2011,11,7.22,15,7.46666666666667,7.05555555555556,6.5,7.6,7.125,6,9,4,3,12,1183,774,409,168,400,783,7.44766151310228,7.79412144702842,6.79201361858191,7.12355952380952,7.7946,7.27042601532567,125
"123",2011,12,7.92307692307692,13,8,7.75,7.5,7.75,8,9,4,2,4,9,1196,783,413,170,404,792,7.45282907190635,7.79648786717752,6.80129193704601,7.12798823529412,7.79415841584158,7.27871662878788,126
"124",2012,1,7.61842105263158,19,8.07142857142857,7.35416666666667,7.70833333333333,8.125,7.48333333333333,7,12,6,4,15,1215,790,425,176,408,807,7.45541857613169,7.79892405063291,6.81690251764706,7.14777272727273,7.79740196078431,7.28251991325898,127
"125",2012,2,7.31333333333333,15,7.88181818181818,5.75,5.5,7.44,7.25,11,4,2,5,10,1230,801,429,178,413,817,7.45368582926829,7.80006242197253,6.80695470862471,7.12925842696629,7.79307506053269,7.28212187270502,128
"126",2012,3,7.58,10,7.96666666666667,7,7,9,7.42222222222222,6,4,1,1,9,1240,807,433,179,414,826,7.45470449193548,7.80130111524164,6.8087380369515,7.12853631284916,7.79599033816425,7.28364838983051,129
"127",2012,4,7.7,16,8.775,6.625,7.58333333333333,7.8,7.65454545454545,8,8,6,5,11,1256,815,441,185,419,837,7.45782927547771,7.81085889570552,6.80540492063492,7.14328648648649,7.79603818615752,7.28852278375149,130
"128",2012,5,8.4,20,8.69230769230769,7.85714285714286,9,8.85714285714286,8.15384615384615,13,7,2,7,13,1276,828,448,187,426,850,7.47259684169279,7.82469806763285,6.82183832589286,7.16314438502674,7.81347417840376,7.30175714117647,131
"129",2012,6,7.47222222222222,18,7.77777777777778,7.16666666666667,9,6,7.65625,9,9,1,2,16,1294,837,457,188,428,866,7.47259163060278,7.8241935483871,6.82862925601751,7.17291489361702,7.805,7.30830666281755,132
"130",2012,7,7.8,10,7.66666666666667,7.85714285714286,8.375,7,8,3,7,4,2,8,1304,840,464,192,430,874,7.47510243098159,7.82363095238095,6.844145625,7.19795833333333,7.80125581395349,7.31463795194508,133
"131",2012,8,8.13461538461539,26,8.34375,7.8,7.71428571428571,8,8.20588235294118,16,10,7,9,17,1330,856,474,199,439,891,7.48799516541353,7.83335280373832,6.86431132911392,7.21612060301507,7.80533029612756,7.33164261503928,134
"132",2012,9,7.96739130434783,23,8.30357142857143,7.44444444444444,8,8.33333333333333,7.83823529411765,14,9,2,6,17,1353,870,483,201,445,908,7.49614454545454,7.84091954022989,6.87512126293996,7.22392039800995,7.81244943820225,7.34112727973568,135
"133",2012,10,7.6,19,8.49166666666667,6.07142857142857,8.5,7.875,7.52666666666667,12,7,2,4,15,1372,882,490,203,449,923,7.49758277696793,7.84977324263039,6.86363993877551,7.23649261083744,7.81300668151448,7.3441425460455,136
"134",2012,11,7.36363636363636,22,8.15384615384615,6.22222222222222,NA,7.28571428571429,7.4,13,9,0,7,15,1394,895,499,203,456,938,7.49546884505021,7.85418994413408,6.85207128256513,7.23649261083744,7.80491228070175,7.34503578891258,137
"135",2012,12,8.296875,16,8.47222222222222,8.07142857142857,8.66666666666667,9,8.13461538461539,9,7,3,3,13,1410,904,506,206,459,951,7.50456281560284,7.86034292035398,6.86893986166008,7.25732038834951,7.81272331154684,7.35582920084122,138
"136",2013,1,7.5,22,7.72222222222222,7.34615384615385,7,8.5,7.4,9,13,4,2,20,1432,913,519,210,461,971,7.50449271648045,7.85898138006572,6.88089319845857,7.25241904761905,7.81570498915401,7.35673900102987,139
"137",2013,2,8.13157894736842,19,8.18181818181818,8.0625,8,8,8.16666666666667,11,8,1,4,15,1451,924,527,211,465,986,7.51270404548587,7.86282467532468,6.89883030360531,7.25596208530806,7.81729032258064,7.3690604158215,140
"138",2013,3,7.57692307692308,13,7.3125,8,7,7.75,7.5,8,5,1,4,9,1464,932,532,212,469,995,7.51327429644809,7.8581008583691,6.90917964285714,7.25475471698113,7.81671641791045,7.37024479396985,141
"139",2013,4,7.72727272727273,11,8.35714285714286,6.625,NA,6.83333333333333,8.0625,7,4,0,3,8,1475,939,536,212,472,1003,7.51487021694915,7.86182108626198,6.90705889925373,7.25475471698113,7.81046610169492,7.37576627118644,142
"140",2013,5,7.759375,16,8.275,6.9,6,6.5,8.17916666666667,10,6,2,4,12,1491,949,542,214,476,1015,7.51749401073105,7.86617492096944,6.90698075645756,7.24302803738318,7.7994537815126,7.38526460098522,143
"141",2013,6,7.68181818181818,11,7.57142857142857,7.875,6,9,7.38888888888889,7,4,1,2,9,1502,956,546,215,478,1024,7.51869745006658,7.86401673640167,6.91407247252747,7.23724651162791,7.8044769874477,7.38529645507812,144
"142",2013,7,7.45833333333333,12,7.66666666666667,6.83333333333333,8,6.25,7.7,9,3,2,2,10,1514,965,549,217,480,1034,7.51821900264201,7.86217616580311,6.91363127504554,7.24427649769585,7.798,7.38834000967118,145
"143",2013,8,8.4,10,8.33333333333333,9,NA,6,8.66666666666667,9,1,0,1,9,1524,974,550,217,481,1043,7.5240049671916,7.86652977412731,6.91742467272727,7.24427649769585,7.79426195426195,7.39937063279003,146
"144",2013,9,8.13636363636364,11,7.91666666666667,8.4,NA,7.5,8.2,6,5,0,1,10,1535,980,555,217,482,1053,7.52839320521173,7.86683673469388,6.93078120720721,7.24427649769585,7.79365145228216,7.40697395061728,147
"145",2013,10,6.44444444444444,9,7.16666666666667,6.08333333333333,7,6.5,6.42857142857143,3,6,2,2,7,1544,983,561,219,484,1060,7.52207485103627,7.8646998982706,6.92171759358289,7.24204566210046,7.78830578512397,7.40051280188679,148
"146",2013,11,7.205,20,8.2,6.21,9,9,7.00555555555556,10,10,1,2,18,1564,993,571,220,486,1078,7.51802018542199,7.86807653575025,6.90925318739054,7.25003636363636,7.79329218106996,7.39391796846011,149
"147",2013,12,7,10,8.2,5.8,6.5,7.25,6.83333333333333,5,5,4,4,6,1574,998,576,224,490,1084,7.51472907878018,7.86973947895792,6.89962425347222,7.23664285714286,7.78885714285714,7.39081510147601,150
"148",2014,1,6.685,20,7.2,6.17,6,6.94444444444444,6.47272727272727,10,10,2,9,11,1594,1008,586,226,499,1095,7.50431842534504,7.86309523809524,6.88717332764505,7.22569911504425,7.77362725450902,7.38159230136986,151
"149",2014,2,7.61764705882353,17,7.68181818181818,7.5,7.33333333333333,6.66666666666667,7.82142857142857,11,6,3,3,14,1611,1019,592,229,502,1109,7.50551432029795,7.86113837095191,6.89338440878378,7.22710917030568,7.76701195219124,7.38714478809738,152
"150",2014,3,7.28571428571429,7,7.8,6,6,7.33333333333333,7.25,5,2,2,3,4,1618,1024,594,231,505,1113,7.50456339307787,7.86083984375,6.89037638047138,7.21648484848485,7.76443564356436,7.3866519047619,153
"151",2014,4,7.00454545454545,11,7.175,6.8,7,7.2625,6.85714285714286,6,5,1,4,7,1629,1030,599,232,509,1120,7.5011869674647,7.85684466019417,6.88962198664441,7.21555172413793,7.76049115913556,7.38334247321428,154
"152",2014,5,7.56,10,8.5,6.93333333333333,6.33333333333333,7,7.8,4,6,3,3,7,1639,1034,605,235,512,1127,7.50154580231849,7.85933268858801,6.89005548760331,7.20428936170213,7.75603515625,7.38593040816326,155
"153",2014,6,7.25,8,8.125,6.375,7,7,7.28571428571429,4,4,1,1,7,1647,1038,609,236,513,1134,7.50032396478446,7.86035645472062,6.88667252873563,7.20342372881356,7.75456140350877,7.38531179012345,156
"154",2014,7,6.625,8,8,6.16666666666667,7,7.5,6.33333333333333,2,6,1,2,6,1655,1040,615,237,515,1140,7.49609279154078,7.860625,6.87964808130081,7.20256540084388,7.75357281553398,7.37977506140351,157
"155",2014,8,7.43636363636364,11,7.83333333333333,6.96,6.96,9,6.85,6,5,5,3,8,1666,1046,620,242,518,1148,7.49569842136855,7.86046845124283,6.88029608064516,7.19755371900826,7.76079150579151,7.37608324912892,158
"156",2014,9,8.02727272727273,11,7.86,8.16666666666667,9,NA,8.02727272727273,5,6,1,0,11,1677,1051,626,243,518,1159,7.49918519379845,7.8604662226451,6.89262551118211,7.20497119341564,7.76079150579151,7.38226364969801,159
"157",2014,10,6.75555555555556,9,6.2,7.45,7.26666666666667,6.9,6.71428571428571,5,4,3,2,7,1686,1056,630,246,520,1166,7.49521564056939,7.85260416666667,6.8961643968254,7.20572357723577,7.75748076923077,7.37825349056603,160
"158",2014,11,8.13333333333333,6,8.93333333333333,7.33333333333333,7,7.9,8.25,3,3,2,2,4,1692,1059,633,248,522,1170,7.49747846926714,7.8556657223796,6.89823628751975,7.20406451612903,7.75802681992337,7.38123382051282,161
"159",2014,12,6.42857142857143,7,7.75,4.66666666666667,4.66666666666667,NA,6.42857142857143,4,3,3,0,7,1699,1063,636,251,522,1177,7.4930744967628,7.85526810912512,6.88771001572327,7.17373705179283,7.75802681992337,7.375568028887,162
"160",2015,1,6.375,8,7.75,5,4,3,6.85714285714286,4,4,2,1,7,1707,1067,640,253,523,1184,7.48783454598711,7.85487347703842,6.875911828125,7.14864822134387,7.7489292543021,7.3725030152027,163
"161",2015,2,7.2625,8,8,6.82,7.5,7.5,7.22857142857143,3,5,1,1,7,1715,1070,645,254,524,1191,7.48678342274052,7.85528037383177,6.87547840310078,7.15003149606299,7.74845419847328,7.37165706968933,164
"162",2015,3,7.68,10,7.57142857142857,7.93333333333333,8,7.83333333333333,7.61428571428571,7,3,1,3,7,1725,1077,648,255,527,1198,7.48790351884058,7.85343546889508,6.88037587962963,7.15336470588235,7.74893738140418,7.37307476627713,165
"163",2015,4,7.72727272727273,11,8.22222222222222,5.5,8,6.5,8,9,2,1,2,9,1736,1086,650,256,529,1207,7.48942025921659,7.85649171270718,6.87612856923077,7.156671875,7.74421550094518,7.37774943661972,166
"164",2015,5,7.2625,8,7.01666666666667,8,NA,7.05,7.33333333333333,6,2,0,2,6,1744,1092,652,256,531,1213,7.48837934059633,7.85187728937729,6.87957602760736,7.156671875,7.74160075329567,7.37752973619126,167
"165",2015,6,7.76875,8,8.02142857142857,6,NA,8.075,7.66666666666667,7,1,0,2,6,1752,1099,653,256,533,1219,7.48965957191781,7.85295723384895,6.87822905053599,7.156671875,7.74285178236398,7.37895288761279,168
"166",2015,7,7.13333333333333,6,7.76666666666667,6.5,NA,8,6.96,3,3,0,1,5,1758,1102,656,256,534,1224,7.48844344141069,7.852722323049,6.8764993445122,7.156671875,7.74333333333333,7.37724147875817,169
"167",2015,8,7.41666666666667,6,7.9,5,5,9,7.1,5,1,1,1,5,1764,1107,657,257,535,1229,7.48819930272109,7.85293586269196,6.87364318112633,7.14828015564202,7.74568224299066,7.37611356387306,170
"168",2015,9,7.05,10,9.25,5.58333333333333,4,7.33333333333333,6.92857142857143,4,6,2,3,7,1774,1111,663,259,538,1236,7.4857291826381,7.85796579657966,6.86196616892911,7.12396911196911,7.74338289962825,7.37357894012945,171
"169",2015,10,7.26875,16,8.88333333333333,6.3,5.5,6,7.56153846153846,6,10,4,3,13,1790,1117,673,263,541,1249,7.48378970391061,7.86347358997314,6.85361600297177,7.09926996197719,7.73371534195934,7.37553528422738,172
"170",2015,11,7.5,8,6.8,8.66666666666667,8,7.5,7.5,5,3,1,2,6,1798,1122,676,264,543,1255,7.4838618298109,7.85873440285205,6.86166208579882,7.10268181818182,7.73285451197053,7.37613033466135,173
"171",2015,12,7.23333333333333,9,7.33333333333333,7.03333333333333,7,6.55,7.42857142857143,6,3,1,2,7,1807,1128,679,265,545,1262,7.48261403984504,7.85593971631205,6.86242057437408,7.10229433962264,7.72851376146789,7.37642121236133,174
"172",2016,1,6.94444444444444,9,NA,6.94444444444444,6.5,5,7.1875,0,9,2,1,8,1816,1128,688,267,546,1270,7.47994689977973,7.85593971631205,6.86349356104651,7.09778277153558,7.72351648351648,7.37523115748031,175
"173",2016,2,7.4,10,7.77777777777778,4,NA,10,7.11111111111111,9,1,0,1,9,1826,1137,689,267,547,1279,7.47950907447973,7.85532102022867,6.85933754716981,7.09778277153558,7.72767824497258,7.37337261141516,176
"174",2016,3,6.70375,4,6,6.93833333333333,6.9075,NA,6.70375,1,3,2,0,4,1830,1138,692,269,547,1283,7.47781342622951,7.853690685413,6.85968001445087,7.09636802973978,7.72767824497258,7.37128493374902,177
"175",2016,4,6.65,10,7.7,5.6,6,8,6.3125,5,5,1,2,8,1840,1143,697,270,549,1291,7.47331444021739,7.85301837270341,6.85064357245337,7.09230740740741,7.72867030965392,7.36472391169636,178
"176",2016,5,7.1875,8,7.25,7.125,8.5,7.5,7.08333333333333,4,4,2,2,6,1848,1147,701,272,551,1297,7.4720771482684,7.85091543156059,6.85220908701855,7.10265808823529,7.72784029038113,7.36342218195836,179
"177",2016,6,7.55,10,8.3125,4.5,NA,4.5,8.3125,8,2,0,2,8,1858,1155,703,272,553,1305,7.47249653928956,7.85411255411255,6.84551716927454,7.10265808823529,7.71616636528029,7.3692402835249,180
"178",2016,7,7.95833333333333,12,9.16666666666667,7.55555555555556,8.66666666666667,9.5,7.65,3,9,3,2,10,1870,1158,712,275,555,1315,7.47561420855615,7.85751295336787,6.85449237359551,7.11972,7.7225945945946,7.37137533840304,181
"179",2016,8,7.4,5,10,6.75,6.5,NA,7.4,1,4,2,0,5,1875,1159,716,277,555,1320,7.47541257066666,7.85936151855047,6.85390861731844,7.11524548736462,7.7225945945946,7.37148376515151,182
"180",2016,9,7.4,10,8.14285714285714,5.66666666666667,NA,NA,7.4,7,3,0,0,10,1885,1166,719,277,555,1330,7.47501250397878,7.86106346483705,6.84895489568846,7.11524548736462,7.7225945945946,7.37169817293233,183
"181",2016,10,7.54545454545455,11,7.61111111111111,7.25,NA,8,7.44444444444444,9,2,0,2,9,1896,1175,721,277,557,1339,7.47542118670886,7.85914893617021,6.85006736477115,7.11524548736462,7.72359066427289,7.3721871321882,184
"182",2016,11,7.14285714285714,14,7.4375,6.75,NA,NA,7.14285714285714,8,6,0,0,14,1910,1183,727,277,557,1353,7.47298354450262,7.85629754860524,6.84924149931224,7.11524548736462,7.72359066427289,7.36981416851441,185
"183",2016,12,7.45454545454545,11,7.8,7.16666666666667,8,8,7.4,5,6,1,1,10,1921,1188,733,278,558,1363,7.47287796460177,7.8560606060606,6.85183979536153,7.11842805755396,7.72408602150538,7.37003563462949,186
"184",2017,1,6.1,10,5.66666666666667,6.28571428571429,6.66666666666667,5,6.22222222222222,3,7,3,1,9,1931,1191,740,281,559,1372,7.46576829104091,7.85054575986566,6.84648455405406,7.11360498220641,7.71921288014311,7.36250624635568,187
"185",2017,2,8.11111111111111,9,8.6,7.5,NA,9,7.85714285714286,5,4,0,2,7,1940,1196,744,281,561,1379,7.46876214948453,7.85367892976588,6.84999807795699,7.11360498220641,7.72377896613191,7.36501709209572,188
"186",2017,3,8.2428,5,8.40466666666667,8,NA,10,7.8035,3,2,0,1,4,1945,1199,746,281,562,1383,7.47075196401028,7.85505754795663,6.85308119302949,7.11360498220641,7.72782918149466,7.3662853000723,189
"187",2017,4,7,10,7.33333333333333,6.5,6.33333333333333,8,6.88888888888889,6,4,3,1,9,1955,1205,750,284,563,1392,7.46834402557544,7.85245975103734,6.85119809333333,7.10536267605634,7.72831261101244,7.36319868534482,190
"188",2017,5,6.85,12,7.25,6.65,7.5,4,7.10909090909091,4,8,2,1,11,1967,1209,758,286,564,1403,7.46457171835282,7.85046650124069,6.84907463060686,7.10812237762238,7.72170212765958,7.36120639344262,191
"189",2017,6,7.4375,8,7.9,6.66666666666667,NA,NA,7.4375,5,3,0,0,8,1975,1214,761,286,564,1411,7.46446206075949,7.8506705107084,6.84835554533509,7.10812237762238,7.72170212765958,7.36163895818568,192
"190",2017,7,6.77777777777778,9,7.25,6.4,6,6.25,6.92857142857143,4,5,1,2,7,1984,1218,766,287,566,1418,7.46134706149193,7.84869786535304,6.84542894255875,7.10426132404181,7.71650176678445,7.35950110719323,193
"191",2017,8,7.05714285714286,7,7.6,6.33333333333333,NA,9,6.73333333333333,4,3,0,1,6,1991,1222,769,287,567,1424,7.45992595178302,7.84788379705401,6.84343117035111,7.10426132404181,7.71876543209877,7.35686275983146,194
"192",2017,9,5.94444444444444,9,7.125,5,7,6.75,5.71428571428571,4,5,1,2,7,2000,1226,774,288,569,1431,7.453106285,7.84552528548124,6.8315227002584,7.10389930555556,7.71536028119508,7.34882779175402,195
"193",2017,10,6.96153846153846,13,7.85714285714286,5.91666666666667,6,NA,6.96153846153846,7,6,1,0,13,2013,1233,780,289,569,1444,7.44993172876304,7.84559124087591,6.82448534615385,7.10007958477509,7.71536028119508,7.34534111495845,196
"194",2017,11,7.25,4,7,7.33333333333333,NA,NA,7.25,1,3,0,0,4,2017,1234,783,289,569,1448,7.44953523549826,7.84490599675851,6.82643495530013,7.10007958477509,7.71536028119508,7.3450777417127,197
"195",2017,12,7,5,7,7,6,NA,7,3,2,1,0,5,2022,1237,785,290,569,1453,7.44842362512364,7.84285691188359,6.82687715923567,7.09628620689655,7.71536028119508,7.34389027529249,198
"196",2018,1,6.66666666666667,6,7.25,5.5,5,8,6.4,4,2,1,1,5,2028,1241,787,291,570,1458,7.446110734714,7.84094601128122,6.82350517153749,7.0890824742268,7.71585964912281,7.34065334019204,199
"197",2018,2,8.125,4,7.5,8.75,NA,NA,8.125,2,2,0,0,4,2032,1243,789,291,570,1462,7.44744713090551,7.84039742558326,6.82838855513308,7.0890824742268,7.71585964912281,7.34279929548563,200
"198",2018,3,8.66666666666667,3,8.66666666666667,NA,NA,NA,8.66666666666667,3,0,0,0,3,2035,1246,789,291,570,1465,7.4492445061425,7.84238683788122,6.82838855513308,7.0890824742268,7.71585964912281,7.34551028668942,201
"199",2018,4,6.96153846153846,13,7.77777777777778,5.125,6.75,6.5,7.04545454545455,9,4,2,2,11,2048,1255,793,293,572,1476,7.44614871582031,7.84192350597609,6.81979643127365,7.08676791808874,7.71160839160839,7.34327409891599,202
"200",2018,5,8.16666666666667,3,8.25,8,NA,NA,8.16666666666667,2,1,0,0,3,2051,1257,794,293,572,1479,7.44720261823501,7.84257279236277,6.82128283375315,7.08676791808874,7.71160839160839,7.34494426639621,203
"201",2018,6,7.33333333333333,6,7.5,7,8,7.5,7.3,4,2,1,1,5,2057,1261,796,294,573,1484,7.44687047642197,7.84148612212529,6.8217318718593,7.08987414965986,7.71123909249564,7.34479283692722,204
"202",2018,7,8.1,5,8,8.16666666666667,8,6,8.625,2,3,1,1,4,2062,1263,799,295,574,1488,7.44845420465567,7.84173713380839,6.82678168961202,7.0929593220339,7.70825783972126,7.34823425403225,205
"203",2018,8,8,5,7.33333333333333,9,8,7.5,8.33333333333333,3,2,1,2,3,2067,1266,801,296,576,1491,7.44978837445573,7.84053238546603,6.8322079525593,7.09602364864865,7.70753472222222,7.35021634473507,206
"204",2018,9,8.4,5,9.33333333333333,7,7,NA,8.4,3,2,1,0,5,2072,1269,803,297,576,1496,7.4520813561776,7.84406146572104,6.83262586550436,7.09570033670034,7.70753472222222,7.35372497994652,207
"205",2018,10,7.3,10,8,5.66666666666667,6,9,6.875,7,3,1,2,8,2082,1276,806,298,578,1504,7.45135089817483,7.84491692789968,6.82828606699752,7.09202348993289,7.71200692041523,7.35117857047872,208
"206",2018,11,7.77272727272727,11,8.3,7.33333333333333,6,8,7.72222222222222,5,6,2,2,9,2093,1281,812,300,580,1513,7.45303992833253,7.84669320843091,6.83201794334976,7.08474333333333,7.713,7.35338570389953,209
"207",2018,12,7.91666666666667,6,8.1,7,7,8,7.75,5,1,1,4,2,2099,1286,813,301,584,1515,7.45436520724154,7.84767807153965,6.83222456334564,7.08446179401993,7.71496575342466,7.35390928712871,210
"208",2019,1,7.125,8,7,7.5,7,7.25,7.08333333333333,6,2,1,2,6,2107,1292,815,302,586,1521,7.45311465116279,7.84374148606811,6.83386327607362,7.0841821192053,7.71337883959044,7.35284192636423,211
"209",2019,2,8.01428571428571,7,8.22,7.5,NA,8.36666666666667,7.75,5,2,0,3,4,2114,1297,817,302,589,1525,7.45497283349101,7.84519198149576,6.83549396572828,7.0841821192053,7.71670628183362,7.35388365245901,212
"210",2019,3,7.16666666666667,6,8,6.33333333333333,NA,8,7,3,3,0,1,5,2120,1300,820,302,590,1530,7.45415687264151,7.84554923076923,6.83365679268293,7.0841821192053,7.71718644067797,7.35272716993464,213
"211",2019,4,6.25,4,NA,6.25,7,NA,6.25,0,4,1,0,4,2124,1300,824,303,590,1534,7.45188915725047,7.84554923076923,6.83082350728156,7.08390429042904,7.71718644067797,7.34985174054759,214
"212",2019,5,7.738,5,7,7.9225,9,NA,7.738,1,4,1,0,5,2129,1301,828,304,590,1539,7.45256109441052,7.84489930822444,6.83609730676329,7.0902072368421,7.71718644067797,7.35111278102664,215
"213",2019,6,6.6,5,6.75,6,6,NA,6.6,4,1,1,0,5,2134,1305,829,305,590,1544,7.45056352858482,7.84154329501915,6.83508874547648,7.08663278688524,7.71718644067797,7.34868042098445,216
"214",2019,7,9,1,9,NA,NA,NA,9,1,0,0,0,1,2135,1306,829,305,590,1545,7.45128925995316,7.84243032159265,6.83508874547648,7.08663278688524,7.71718644067797,7.34974923624595,217
"215",2019,8,7.33333333333333,6,8.33333333333333,6.33333333333333,6,7,7.4,3,3,1,1,5,2141,1309,832,306,591,1550,7.45095869687062,7.84355538579068,6.83327953125,7.0830816993464,7.71597292724196,7.34991133548387,218
"216",2019,9,8,4,8,8,7,NA,8,1,3,1,0,4,2145,1310,835,307,591,1554,7.45198255011655,7.8436748091603,6.83747134131737,7.08281107491857,7.71597292724196,7.35158466537966,219
"217",2019,10,6.33333333333333,6,5,7,7.33333333333333,NA,6.33333333333333,2,4,3,0,6,2151,1312,839,310,591,1560,7.44886218967922,7.83933993902439,6.83824620977354,7.08523548387097,7.71597292724196,7.34766831410256,220
"218",2019,11,8.35,7,8.29,8.5,8,NA,8.35,5,2,1,0,7,2158,1317,841,311,591,1567,7.4517852502317,7.84105087319666,6.84219806183115,7.0881768488746,7.71597292724196,7.35214586470963,221
"219",2019,12,7.66666666666667,9,8.25,7.2,7,8,7.57142857142857,4,5,1,2,7,2167,1321,846,312,593,1574,7.45267769727734,7.84228917486752,6.84431273049645,7.08789423076923,7.71693086003373,7.35312107369758,222
"220",2020,1,7.04166666666667,12,9.25,4.83333333333333,5,7.5,6.88888888888889,6,6,2,3,9,2179,1327,852,314,596,1583,7.45041421294172,7.84865410700829,6.83015090375587,7.07459554140127,7.7158389261745,7.35048172457359,223
"221",2020,2,7.83333333333333,9,8.21428571428571,6.5,NA,9,7.5,7,2,0,2,7,2188,1334,854,314,598,1590,7.45198929159049,7.85057271364318,6.82937771662764,7.07459554140127,7.72013377926422,7.35113998113207,224
"222",2020,3,6.7002,5,6.5,6.83366666666667,NA,NA,6.7002,2,3,0,0,5,2193,1336,857,314,598,1595,7.45027522571819,7.84855089820359,6.82939273045508,7.07459554140127,7.72013377926422,7.3490994169279,225
"223",2020,4,6,3,6.5,5,5,NA,6,2,1,1,0,3,2196,1338,858,315,598,1598,7.44829397540984,7.8465351270553,6.82726057109557,7.06800952380952,7.72013377926422,7.34656668961201,226
"224",2020,5,7.99090909090909,11,8.425,6.83333333333333,8.5,8,7.98888888888889,8,3,1,2,9,2207,1346,861,316,600,1607,7.4509984458541,7.84997325408618,6.82728173054588,7.07254113924051,7.72106666666667,7.3501640136901,227
"225",2020,6,7.9,6,8.6,6.5,NA,9.4,7.6,4,2,0,1,5,2213,1350,863,316,601,1612,7.45221580207863,7.85219555555555,6.82652325608343,7.07254113924051,7.72386023294509,7.35093893920595,228
"226",2020,7,7.45,10,8.16666666666667,6.375,4,7.33333333333333,7.5,6,4,1,3,7,2223,1356,867,317,604,1619,7.45220583445794,7.85358702064896,6.82444010380623,7.06284858044164,7.72192052980133,7.351583428042,229
"227",2020,8,7.16666666666667,3,7,7.25,NA,7,7.25,1,2,0,1,2,2226,1357,869,317,605,1621,7.45182101078167,7.85295799557848,6.82541952819333,7.06284858044164,7.72072727272727,7.35145809376928,230
"228",2020,9,7.25,4,8,5,NA,NA,7.25,3,1,0,0,4,2230,1360,870,317,605,1625,7.451459,7.85328235294117,6.82332134482759,7.06284858044164,7.72072727272727,7.35120835076923,231
"229",2020,10,5.75,4,6,5.66666666666667,5,6,5.66666666666667,1,3,1,1,3,2234,1361,873,318,606,1628,7.44841252014324,7.85192064658339,6.81934658648339,7.05636163522013,7.71788778877888,7.34810415847666,232
"230",2020,11,6.27272727272727,11,7.2,5.5,7,NA,6.27272727272727,5,6,2,0,11,2245,1366,879,320,606,1639,7.44265192427617,7.84953440702782,6.81034080773606,7.056009375,7.71788778877888,7.34088686394143,233
"231",2020,12,8.05555555555556,9,8,8.125,8,NA,8.05555555555556,5,4,1,0,9,2254,1371,883,321,606,1648,7.44509918811003,7.85008315098468,6.81629622876557,7.05895015576324,7.71788778877888,7.34478978762136,234
"232",2021,1,7.625,8,7,7.83333333333333,NA,6,7.85714285714286,2,6,0,1,7,2262,1373,889,321,607,1655,7.44573544208665,7.84884486525856,6.8231603712036,7.05895015576324,7.71505766062603,7.34695683987915,235
"233",2021,2,7.88888888888889,9,7.66666666666667,8.33333333333333,8,9,7.57142857142857,6,3,1,2,7,2271,1379,892,322,609,1662,7.44749166446499,7.84805221174764,6.82823942825112,7.06187267080745,7.71927750410509,7.34790226835138,236
"234",2021,3,7,5,7.33333333333333,6.5,4,NA,7,3,2,1,0,5,2276,1382,894,323,609,1667,7.44650859841828,7.84693487698987,6.82750511185682,7.05239318885449,7.71927750410509,7.34685877024595,237
"235",2021,4,6.81428571428571,7,8.56666666666667,5.5,6,7,6.78333333333333,3,4,1,1,6,2283,1385,898,324,610,1673,7.44457011388524,7.84849386281588,6.82159194877506,7.04914506172839,7.71809836065574,7.34483775851763,238
"236",2021,5,6.53333333333333,6,7.2,6.4,6.4,6,6.64,1,5,5,1,5,2289,1386,903,329,611,1678,7.44218155089559,7.84802597402597,6.81925755260244,7.03927963525836,7.71528641571195,7.34273752681764,239
"237",2021,6,7,3,8,6.5,NA,NA,7,1,2,0,0,3,2292,1387,905,329,611,1681,7.44160277923211,7.8481355443403,6.81855201104973,7.03927963525836,7.71528641571195,7.34212585960737,240
"238",2021,7,5.875,4,7,5.5,6,5.25,6.5,1,3,1,2,2,2296,1388,908,330,613,1683,7.43887350609756,7.84752449567723,6.81419556167401,7.0361303030303,7.70724306688418,7.34112511586453,241
"239",2021,8,6.25,2,NA,6.25,NA,NA,6.25,0,2,0,0,2,2298,1388,910,330,613,1685,7.43783880330722,7.84752449567723,6.81295557142857,7.0361303030303,7.70724306688418,7.33983001186943,242
"240",2021,9,7.33333333333333,9,9,5.25,5,10,7,5,4,1,1,8,2307,1393,914,331,614,1693,7.43743110966623,7.85166116295764,6.80611550328228,7.02997885196375,7.71097719869707,7.3382241996456,243
"241",2021,10,4.22,1,NA,4.22,NA,NA,4.22,0,1,0,0,1,2308,1393,915,331,614,1694,7.43603707538995,7.85166116295764,6.80328914754099,7.02997885196375,7.71097719869707,7.33638345336482,244
"242",2021,11,8.13142857142857,7,8.784,6.5,7,8.97333333333333,7.5,5,2,1,3,4,2315,1398,917,332,617,1698,7.43813977105832,7.8549957081545,6.80262766630316,7.02988855421687,7.71711507293355,7.33676888692579,245
"243",2021,12,7.5,10,7.57142857142857,7.33333333333333,7.5,8,7.375,7,3,2,2,8,2325,1405,920,334,619,1706,7.43840583655914,7.85358291814946,6.80435822826087,7.03270359281437,7.71802907915994,7.33694816529894,246
"244",2022,1,8.32666666666667,15,8.79,7.4,7,7.5,8.62727272727273,10,5,2,4,11,2340,1415,925,336,623,1717,7.44409981623932,7.86020070671378,6.80757791351351,7.03250892857143,7.71662921348315,7.34521465928946,247
"245",2022,2,7.72222222222222,9,7.875,7.6,8,NA,7.72222222222222,4,5,1,0,9,2349,1419,930,337,623,1726,7.44516541932737,7.86024242424242,6.81183824731183,7.03537982195846,7.71662921348315,7.3471805156431,248
"246",2022,3,7.45,10,7.33333333333333,7.5,8.125,7.83333333333333,7.28571428571429,3,7,4,3,7,2359,1422,937,341,626,1733,7.44518591352268,7.85913080168776,6.81697926360726,7.04816129032258,7.71718849840256,7.34693223889209,249
"247",2022,4,7.75,4,7.33333333333333,9,NA,NA,7.75,3,1,0,0,4,2363,1425,938,341,626,1737,7.44570189166314,7.85802385964912,6.81930657782516,7.04816129032258,7.71718849840256,7.34786043177893,250
"248",2022,5,7.04285714285714,14,8,6.08571428571429,NA,5.5,7.16153846153846,7,7,0,1,13,2377,1432,945,341,627,1750,7.44332922591502,7.85871787709497,6.81387256084656,7.04816129032258,7.71365231259968,7.34647632571428,251
"249",2022,6,7,7,8.33333333333333,6,7,NA,7,3,4,1,0,7,2384,1435,949,342,627,1757,7.44202750419463,7.85971010452961,6.81044211801897,7.04802046783626,7.71365231259968,7.3450959419465,252
"250",2022,7,5.66666666666667,3,7,5,NA,NA,5.66666666666667,1,2,0,0,3,2387,1436,951,342,627,1760,7.4397962170088,7.85911142061281,6.80663466876972,7.04802046783626,7.71365231259968,7.34223498295454,253
"251",2022,8,8.33333333333333,6,9,7,NA,8.66666666666667,8,4,2,0,3,3,2393,1440,953,342,630,1763,7.44203659423318,7.86228055555555,6.80704047219308,7.04802046783626,7.71819047619048,7.34335426545661,254
"252",2022,9,6.85714285714286,7,9.5,5.8,9,6,7,2,5,1,1,6,2400,1442,958,343,631,1769,7.44033065416667,7.8645520110957,6.80178451983299,7.05371137026239,7.7154675118859,7.34218969474279,255
"253",2022,10,8.16666666666667,9,8.16666666666667,8.16666666666667,NA,7.25,8.42857142857143,6,3,0,2,7,2409,1448,961,343,633,1776,7.44304423827314,7.86580386740331,6.80604533818939,7.05371137026239,7.71399684044234,7.34647160472973,256
"254",2022,11,6.4,5,7.5,5.66666666666667,NA,NA,6.4,2,3,0,0,5,2414,1450,964,343,633,1781,7.44088383181442,7.86529931034483,6.80249955394191,7.05371137026239,7.71399684044234,7.34381446939921,257
"255",2022,12,6.75,8,8,6.33333333333333,8,6,6.85714285714286,2,6,2,1,7,2422,1452,970,345,634,1788,7.43860180429397,7.86548484848485,6.79959749484536,7.05919710144927,7.71129337539432,7.34190915548098,258
