"","year","month","avg_rating","no_ratings","avg_rating_owned","avg_rating_not_owned","avg_rating_prev_owned","avg_rating_comment","avg_rating_no_comment","no_ratings_owned","no_ratings_not_owned","no_ratings_prev_owned","no_ratings_comment","no_ratings_no_comment","cum_no_ratings","cum_no_ratings_owned","cum_no_ratings_not_owned","cum_no_ratings_prev_owned","cum_no_ratings_comment","cum_no_ratings_no_comment","cum_avg_rating","cum_avg_rating_owned","cum_avg_rating_not_owned","cum_avg_rating_prev_owned","cum_avg_rating_comment","cum_avg_rating_no_comment","month_after_release"
"1",2004,10,9,1,9,NA,NA,9,NA,1,0,0,1,0,1,1,0,0,1,0,9,9,NA,NA,9,NA,-1
"2",2004,11,7.66666666666667,3,9,5,NA,7,9,2,1,0,2,1,4,3,1,0,3,1,8,9,5,NA,7.66666666666667,9,0
"3",2004,12,7.4,5,8,5,NA,7,8,4,1,0,3,2,9,7,2,0,6,3,7.66666666666667,8.42857142857143,5,NA,7.33333333333333,8.33333333333333,1
"4",2005,1,8,4,8.25,7.75,NA,8.5,7.83333333333333,2,2,0,1,3,13,9,4,0,7,6,7.76923076923077,8.38888888888889,6.375,NA,7.5,8.08333333333333,2
"5",2005,2,7.66666666666667,3,10,6.5,8,5,9,1,2,1,1,2,16,10,6,1,8,8,7.75,8.55,6.41666666666667,8,7.1875,8.3125,3
"6",2005,3,9,1,9,NA,NA,NA,9,1,0,0,0,1,17,11,6,1,8,9,7.82352941176471,8.59090909090909,6.41666666666667,8,7.1875,8.38888888888889,4
"7",2005,5,6,2,NA,6,NA,6,NA,0,2,0,2,0,19,11,8,1,10,9,7.63157894736842,8.59090909090909,6.3125,8,6.95,8.38888888888889,6
"8",2005,6,8,3,8.5,7,NA,8,NA,2,1,0,3,0,22,13,9,1,13,9,7.68181818181818,8.57692307692308,6.38888888888889,8,7.19230769230769,8.38888888888889,7
"9",2005,7,7.2,5,8,6,NA,6.75,9,3,2,0,4,1,27,16,11,1,17,10,7.59259259259259,8.46875,6.31818181818182,8,7.08823529411765,8.45,8
"10",2005,8,7.4,2,7.4,NA,NA,6.8,8,2,0,0,1,1,29,18,11,1,18,11,7.57931034482759,8.35,6.31818181818182,8,7.07222222222222,8.40909090909091,9
"11",2005,9,8.25,6,8.375,8,NA,8,8.375,4,2,0,2,4,35,22,13,1,20,15,7.69428571428571,8.35454545454546,6.57692307692308,8,7.165,8.4,10
"12",2005,10,7.375,8,7.9,6.5,9,6.5,7.66666666666667,5,3,1,2,6,43,27,16,2,22,21,7.63488372093023,8.27037037037037,6.5625,8.5,7.10454545454546,8.19047619047619,11
"13",2005,11,6.83333333333333,6,8,6.25,NA,6.25,8,2,4,0,4,2,49,29,20,2,26,23,7.53673469387755,8.25172413793103,6.5,8.5,6.97307692307692,8.17391304347826,12
"14",2005,12,8.27777777777778,9,8.6,7.875,NA,9.25,8,5,4,0,2,7,58,34,24,2,28,30,7.65172413793103,8.30294117647059,6.72916666666667,8.5,7.13571428571429,8.13333333333333,13
"15",2006,1,9.0625,4,9,9.125,8.25,9.125,9,2,2,1,2,2,62,36,26,3,30,32,7.74274193548387,8.34166666666667,6.91346153846154,8.41666666666667,7.26833333333333,8.1875,14
"16",2006,2,9.33333333333333,3,9.5,9,NA,9,9.5,2,1,0,1,2,65,38,27,3,31,34,7.81615384615385,8.40263157894737,6.99074074074074,8.41666666666667,7.3241935483871,8.26470588235294,15
"17",2006,3,9,2,10,8,NA,NA,9,1,1,0,0,2,67,39,28,3,31,36,7.85149253731343,8.44358974358975,7.02678571428571,8.41666666666667,7.3241935483871,8.30555555555556,16
"18",2006,4,7,1,7,NA,NA,NA,7,1,0,0,0,1,68,40,28,3,31,37,7.83897058823529,8.4075,7.02678571428571,8.41666666666667,7.3241935483871,8.27027027027027,17
"19",2006,5,7.5,2,9,6,NA,6,9,1,1,0,1,1,70,41,29,3,32,38,7.82928571428571,8.4219512195122,6.99137931034483,8.41666666666667,7.2828125,8.28947368421053,18
"20",2006,6,8.25,4,8.25,NA,NA,8.25,NA,4,0,0,4,0,74,45,29,3,36,38,7.85202702702703,8.40666666666667,6.99137931034483,8.41666666666667,7.39027777777778,8.28947368421053,19
"21",2006,7,8.375,4,8.75,8,6,7.83333333333333,10,2,2,1,3,1,78,47,31,4,39,39,7.87884615384615,8.42127659574468,7.05645161290323,7.8125,7.42435897435897,8.33333333333333,20
"22",2006,8,7.88888888888889,9,8,7,NA,8.75,7.64285714285714,8,1,0,2,7,87,55,32,4,41,46,7.87988505747126,8.36,7.0546875,7.8125,7.4890243902439,8.22826086956522,21
"23",2006,9,7.33333333333333,12,8.3,6.64285714285714,NA,7.83333333333333,6.83333333333333,5,7,0,6,6,99,60,39,4,47,52,7.81363636363636,8.355,6.98076923076923,7.8125,7.53297872340426,8.06730769230769,22
"24",2006,10,8.21428571428571,7,8.4,7.75,8,7.83333333333333,8.5,5,2,1,3,4,106,65,41,5,50,56,7.84009433962264,8.35846153846154,7.01829268292683,7.85,7.551,8.09821428571428,23
"25",2006,11,7.6,8,8.76,5.66666666666667,7,6.75,8.45,5,3,1,4,4,114,70,44,6,54,60,7.82324561403509,8.38714285714286,6.92613636363636,7.70833333333333,7.49166666666667,8.12166666666667,24
"26",2006,12,8.5,5,9.33333333333333,7.25,NA,8.5,NA,3,2,0,5,0,119,73,46,6,59,60,7.85168067226891,8.42602739726027,6.94021739130435,7.70833333333333,7.5771186440678,8.12166666666667,25
"27",2007,1,7.66666666666667,6,8,6,NA,8,7.6,5,1,0,1,5,125,78,47,6,60,65,7.8428,8.39871794871795,6.92021276595745,7.70833333333333,7.58416666666667,8.08153846153846,26
"28",2007,2,8.457808,10,8.91666666666667,7.76952,NA,8,8.76301333333333,6,4,0,4,6,135,84,51,6,64,71,7.88835614814815,8.43571428571429,6.98682509803922,7.70833333333333,7.61015625,8.13912788732394,27
"29",2007,3,7.58333333333333,6,7.75,7.25,NA,NA,7.58333333333333,4,2,0,0,6,141,88,53,6,64,77,7.87537645390071,8.40454545454545,6.99675622641509,7.70833333333333,7.61015625,8.09581922077922,28
"30",2007,4,8.07142857142857,7,8.16666666666667,7.5,NA,8.25,7.83333333333333,6,1,0,4,3,148,94,54,6,68,80,7.88464918918919,8.38936170212766,7.00607555555556,7.70833333333333,7.64779411764706,8.085976,29
"31",2007,5,8.27272727272727,11,7.92857142857143,8.875,9,8.5,8.14285714285714,7,4,1,4,7,159,101,58,7,72,87,7.91149735849057,8.35742574257426,7.13496689655172,7.89285714285714,7.69513888888889,8.09055264367816,30
"32",2007,6,6.66666666666667,6,8,6,NA,6.75,6.5,2,4,0,4,2,165,103,62,7,76,89,7.86623078787879,8.3504854368932,7.06174322580645,7.89285714285714,7.6453947368421,8.05480988764045,31
"33",2007,7,9,1,9,NA,NA,NA,9,1,0,0,0,1,166,104,62,7,76,90,7.87306072289157,8.35673076923077,7.06174322580645,7.89285714285714,7.6453947368421,8.065312,32
"34",2007,8,7.41666666666667,12,7.9,7.07142857142857,NA,7.16666666666667,7.66666666666667,5,7,0,6,6,178,109,69,7,82,96,7.84229258426966,8.33577981651376,7.06272579710145,7.89285714285714,7.61036585365854,8.04039666666666,33
"35",2007,9,7.88888888888889,9,8,7.75,9,7.66666666666667,8.33333333333333,5,4,1,6,3,187,114,73,8,88,99,7.84453518716577,8.32105263157895,7.10038465753425,8.03125,7.61420454545454,8.04927353535353,34
"36",2007,10,7.67857142857143,14,7.75,7.625,7,8.1,7.44444444444444,6,8,2,5,9,201,120,81,10,93,108,7.83297552238806,8.2925,7.15219851851852,7.825,7.64032258064516,7.99887111111111,35
"37",2007,11,7.92105263157895,19,8.125,7.57142857142857,8,8.11818181818182,7.65,12,7,1,11,8,220,132,88,11,104,116,7.84058218181818,8.27727272727273,7.18554636363636,7.84090909090909,7.69086538461538,7.97481103448276,36
"38",2007,12,7.70588235294118,17,8.94444444444444,6.3125,NA,7.25,7.84615384615385,9,8,0,4,13,237,141,96,11,108,129,7.83092016877637,8.31985815602837,7.1127925,7.84090909090909,7.67453703703704,7.96184558139535,37
"39",2008,1,7.89285714285714,7,8.20833333333333,6,6,7.875,7.91666666666667,6,1,1,4,3,244,147,97,12,112,132,7.83269704918033,8.31530612244898,7.10132041237113,7.6875,7.68169642857143,7.96081878787879,38
"40",2008,2,8.78571428571429,7,9.2,7.75,NA,8.83333333333333,8.75,5,2,0,3,4,251,152,99,12,115,136,7.85927521912351,8.34440789473684,7.11442505050505,7.6875,7.71173913043478,7.98403,39
"41",2008,3,8.43571428571429,14,8.78888888888889,7.8,NA,8.75,8.01666666666667,9,5,0,8,6,265,161,104,12,123,142,7.88972860377358,8.36925465838509,7.14738538461538,7.6875,7.77926829268293,7.9854090140845,40
"42",2008,4,7.33333333333333,9,7.7,6.875,NA,7,7.375,5,4,0,1,8,274,166,108,12,124,150,7.87145284671533,8.34909638554217,7.13729703703704,7.6875,7.77298387096774,7.95285386666666,41
"43",2008,5,7.61904761904762,21,8.66666666666667,6.83333333333333,7.5,7.75,7.44444444444444,9,12,2,12,9,295,175,120,14,136,159,7.85348501694915,8.36542857142857,7.10690066666667,7.66071428571429,7.77095588235294,7.92407597484276,42
"44",2008,6,8.04285714285714,14,8.73333333333333,6.8,8,7.25,8.36,9,5,2,4,10,309,184,125,16,140,169,7.86206498381877,8.38342391304348,7.09462464,7.703125,7.75607142857143,7.94987029585799,43
"45",2008,7,8.3125,12,8.75,7.7,7.75,7.95,8.57142857142857,7,5,2,5,7,321,191,130,18,145,176,7.87890367601246,8.39685863874345,7.11790830769231,7.70833333333333,7.76275862068965,7.97459136363636,44
"46",2008,8,8.41666666666667,12,9.42857142857143,7,5,8.14285714285714,8.8,7,5,1,7,5,333,198,135,19,152,181,7.89828252252252,8.43333333333333,7.11354133333333,7.56578947368421,7.78026315789474,7.99739270718232,45
"47",2008,9,7.88461538461539,13,9,6.1,NA,8,7.83333333333333,8,5,0,4,9,346,206,140,19,156,190,7.89776901734104,8.45533980582524,7.07734342857143,7.56578947368421,7.78589743589743,7.98962147368421,46
"48",2008,10,7.875,8,8.75,7,5,7.66666666666667,8.5,4,4,1,6,2,354,210,144,20,162,192,7.89725446327684,8.46095238095238,7.075195,7.4375,7.78148148148148,7.99493791666666,47
"49",2008,11,7.94117647058824,17,8.58333333333333,7.59090909090909,NA,7.7,8.28571428571429,6,11,0,10,7,371,216,155,20,172,199,7.89926706199461,8.46435185185185,7.11179406451613,7.4375,7.77674418604651,8.00516623115578,48
"50",2008,12,7.18181818181818,11,8.2,6.33333333333333,NA,6.4,7.83333333333333,5,6,0,5,6,382,221,161,20,177,205,7.87860753926702,8.45837104072398,7.08278310559006,7.4375,7.73785310734463,8.00013697560975,49
"51",2009,1,8.328125,16,9.36111111111111,7,7,8.75,8,9,7,1,7,9,398,230,168,21,184,214,7.89667859296482,8.49369565217391,7.07933380952381,7.41666666666667,7.77635869565217,8.00013121495327,50
"52",2009,2,7.285,20,8.5,6.98125,6.875,7.14,7.43,4,16,4,10,10,418,234,184,25,194,224,7.86741167464115,8.49380341880341,7.0708047826087,7.33,7.74355670103093,7.97467892857143,51
"53",2009,3,8.16666666666667,12,9,7.57142857142857,8,9,7.75,5,7,1,4,8,430,239,191,26,198,232,7.87576297674419,8.50439330543933,7.0891522513089,7.35576923076923,7.76893939393939,7.96693137931034,52
"54",2009,4,8.275,8,8.44,8,NA,8.5,8.2,5,3,0,2,6,438,244,194,26,200,238,7.88305497716895,8.5030737704918,7.1032375257732,7.35576923076923,7.77625,7.97280705882353,53
"55",2009,5,7.27777777777778,9,8.75,6.85714285714286,8,6,7.64285714285714,2,7,1,2,7,447,246,201,27,202,245,7.87086818791946,8.505081300813,7.09466706467662,7.37962962962963,7.75866336633663,7.96337991836735,54
"56",2009,6,8.43181818181818,11,8.9,8.04166666666667,7.125,8.5,8.40625,5,6,2,3,8,458,251,207,29,205,253,7.8843407860262,8.51294820717131,7.12211632850242,7.36206896551724,7.76951219512195,7.97738371541502,55
"57",2009,7,7.8125,8,8.66666666666667,7.3,7,6,8.07142857142857,3,5,1,1,7,466,254,212,30,206,260,7.88310746781116,8.51476377952755,7.12631169811321,7.35,7.76092233009709,7.97991569230769,56
"58",2009,8,8.32142857142857,14,8.5,8.22222222222222,NA,7.6,8.72222222222222,5,9,0,5,9,480,259,221,30,211,269,7.89589183333333,8.51447876447876,7.17094153846154,7.35,7.75710900473934,8.0047512267658,57
"59",2009,9,7.35925925925926,27,8.90909090909091,6.29375,NA,8.08333333333333,7.15238095238095,11,16,0,6,21,507,270,237,30,217,290,7.86731376725838,8.53055555555555,7.11172185654008,7.35,7.76612903225806,7.94302786206896,58
"60",2009,10,7.625,8,7.625,7.625,7,7.33333333333333,7.8,4,4,2,3,5,515,274,241,32,220,295,7.86354966990291,8.51733576642335,7.12024099585062,7.328125,7.76022727272727,7.94060366101695,59
"61",2009,11,7.25,18,7.8125,6.8,6.5,8.07142857142857,6.72727272727273,8,10,2,7,11,533,282,251,34,227,306,7.84282941838649,8.49734042553191,7.10748239043825,7.27941176470588,7.76982378854626,7.89698718954248,60
"62",2009,12,8.28,20,9.2,7.66666666666667,8.25,8.125,8.38333333333333,8,12,2,8,12,553,290,263,36,235,318,7.85864028933092,8.51672413793103,7.13299650190114,7.33333333333333,7.78191489361702,7.91533987421383,61
"63",2010,1,7.43333333333333,15,7.5625,7.28571428571429,NA,7.66666666666667,7.375,8,7,0,3,12,568,298,270,36,238,330,7.84740859154929,8.49110738255033,7.13695585185185,7.33333333333333,7.78046218487395,7.89569115151515,62
"64",2010,2,7.52142857142857,14,7.9125,7,9,8,7.44166666666667,8,6,1,2,12,582,306,276,37,240,342,7.83956714776632,8.47598039215686,7.13397855072464,7.37837837837838,7.78229166666667,7.87976046783626,63
"65",2010,3,8.08818181818182,11,8.91666666666667,7.094,NA,6.82333333333333,8.5625,6,5,0,3,8,593,312,281,37,243,350,7.84417888701518,8.48445512820512,7.1332671886121,7.37837837837838,7.77045267489712,7.89536594285714,64
"66",2010,4,7.35714285714286,14,8.66666666666667,7,7,7.875,7.15,3,11,1,4,10,607,315,292,38,247,360,7.8329457660626,8.48619047619047,7.12824684931507,7.36842105263158,7.77214574898785,7.87466133333333,65
"67",2010,5,8.40909090909091,11,9.1875,6.33333333333333,NA,8.5,8.375,8,3,0,3,8,618,323,295,38,250,368,7.84320077669903,8.50356037151702,7.12016298305085,7.36842105263158,7.78088,7.88553826086956,66
"68",2010,6,7.08333333333333,6,8.5,5.66666666666667,NA,6.16666666666667,8,3,3,0,3,3,624,326,298,38,253,371,7.83589435897436,8.50352760736196,7.10553046979866,7.36842105263158,7.76173913043478,7.88646382749326,67
"69",2010,7,7.90909090909091,11,8.5,7.57142857142857,6.25,9,7.8,4,7,2,1,10,635,330,305,40,254,381,7.83716233070866,8.50348484848485,7.11622321311475,7.3125,7.76661417322835,7.88419443569554,68
"70",2010,8,7.73,10,8.68571428571429,5.5,NA,8.75,7.475,7,3,0,2,8,645,337,308,40,256,389,7.83550089922481,8.50727002967359,7.10048077922078,7.3125,7.774296875,7.87577912596401,69
"71",2010,9,8.29166666666667,6,8.91666666666667,7.66666666666667,NA,9,8.15,3,3,0,1,5,651,340,311,40,257,394,7.83970519201229,8.51088235294118,7.10594237942122,7.3125,7.77906614785992,7.87925908629442,70
"72",2010,10,6.66666666666667,6,7,6.33333333333333,NA,6,7,3,3,0,2,4,657,343,314,40,259,398,7.82899251141553,8.49766763848396,7.09856076433121,7.3125,7.76532818532819,7.87042231155779,71
"73",2010,11,8.01764705882353,17,8.42857142857143,7.73,9,9,7.88666666666667,7,10,1,2,15,674,350,324,41,261,413,7.83375086053413,8.49628571428571,7.11804962962963,7.35365853658537,7.77478927203065,7.87101230024213,72
"74",2010,12,7.125,16,7.57142857142857,6.77777777777778,6,7.5,7.07142857142857,7,9,1,2,14,690,357,333,42,263,427,7.81731605797101,8.4781512605042,7.10885309309309,7.32142857142857,7.77269961977186,7.84479644028103,73
"75",2011,1,8.14444444444444,18,9.36,6.625,6,8.2,8.12307692307692,10,8,1,5,13,708,367,341,43,268,440,7.82563288135593,8.50217983651226,7.09750170087977,7.2906976744186,7.78067164179105,7.85301836363636,74
"76",2011,2,7.73846153846154,13,8.2,7.45,8,7.625,7.92,5,8,1,8,5,721,372,349,44,276,445,7.82406113730929,8.49811827956989,7.10558189111748,7.30681818181818,7.77615942028986,7.85377096629213,75
"77",2011,3,7.92857142857143,7,8.75,6.83333333333333,6.5,5,8.41666666666667,4,3,2,1,6,728,376,352,46,277,451,7.82506604395605,8.50079787234043,7.10326159090909,7.27173913043478,7.76613718411552,7.86125960088692,76
"78",2011,4,7.13636363636364,11,9.5,6.61111111111111,9,7.64285714285714,6.25,2,9,1,7,4,739,378,361,47,284,455,7.81481472259811,8.50608465608466,7.09099191135734,7.30851063829787,7.7630985915493,7.84709468131868,77
"79",2011,5,8,5,8,NA,NA,8.5,7.66666666666667,5,0,0,2,3,744,383,361,47,286,458,7.81605924731183,8.49947780678851,7.09099191135734,7.30851063829787,7.76825174825175,7.84591283842795,78
"80",2011,6,8.13846153846154,13,8.25714285714286,8,8,7.6,8.475,7,6,3,5,8,757,390,367,50,291,466,7.82159587846764,8.49512820512821,7.10585307901907,7.35,7.76536082474227,7.85671261802575,79
"81",2011,7,8,8,9.25,6.75,NA,7.25,8.75,4,4,0,4,4,765,394,371,50,295,470,7.82346154248366,8.50279187817259,7.10201638814016,7.35,7.75837288135593,7.86431506382979,80
"82",2011,8,7.18333333333333,6,NA,7.18333333333333,8,6.5,7.86666666666667,0,6,1,3,3,771,394,377,51,298,473,7.81848,8.50279187817259,7.10331055702918,7.36274509803922,7.74570469798658,7.86432997885835,81
"83",2011,9,8.0625,8,8.66666666666667,7.7,NA,6.5,8.58333333333333,3,5,0,2,6,779,397,382,51,300,479,7.82098598202824,8.50403022670025,7.11112062827225,7.36274509803922,7.7374,7.87333628392484,82
"84",2011,10,8.20454545454546,22,8.5,7.77777777777778,10,8.5,8.11764705882353,13,9,1,5,17,801,410,391,52,305,496,7.83152069912609,8.50390243902439,7.12646567774936,7.41346153846154,7.74990163934426,7.88170983870968,83
"85",2011,11,7.98888888888889,36,8.77142857142857,6.89333333333333,9,8.775,7.76428571428571,21,15,1,8,28,837,431,406,53,313,524,7.83828922341697,8.5169373549884,7.1178524137931,7.44339622641509,7.77610223642173,7.87543526717557,84
"86",2011,12,8.06666666666667,36,8.87142857142857,6.94,6.6,8.77777777777778,7.82962962962963,21,15,1,9,27,873,452,421,54,322,551,7.84770684994273,8.53340707964602,7.11151562945368,7.42777777777778,7.80409937888199,7.87319070780399,85
"87",2012,1,7.275,24,8.33333333333333,6.64,7.8,7.1625,7.33125,9,15,1,8,16,897,461,436,55,330,567,7.83238358974359,8.5295010845987,7.09529376146789,7.43454545454546,7.78854545454546,7.85789784832451,86
"88",2012,2,7.3304347826087,23,8.20833333333333,6.37272727272727,7.66666666666667,8.66666666666667,7.13,12,11,3,3,20,920,473,447,58,333,587,7.81983486956522,8.52135306553911,7.07751248322148,7.44655172413793,7.79645645645646,7.83309724020443,87
"89",2012,3,8.06,15,8.13,7.92,NA,7.625,8.21818181818182,10,5,0,4,11,935,483,452,58,337,598,7.82368778609626,8.51325051759834,7.08683203539823,7.44655172413793,7.79442136498516,7.84018073578595,88
"90",2012,4,8.25714285714286,35,8.6452380952381,7.675,8.125,8.435,8.186,21,14,2,10,25,970,504,466,60,347,623,7.83932791752578,8.51875,7.10450231759657,7.46916666666667,7.8128818443804,7.85405791332263,89
"91",2012,5,7.92291666666667,24,8.2625,7.58333333333333,7,8.2,7.85,12,12,2,5,19,994,516,478,62,352,642,7.84134615694165,8.51279069767442,7.11652317991632,7.45403225806452,7.81838068181818,7.85393781931464,90
"92",2012,6,7.86666666666667,15,8.9,7.35,8.625,8.125,7.77272727272727,5,10,4,4,11,1009,521,488,66,356,653,7.84172257680872,8.51650671785029,7.12130754098361,7.525,7.82182584269663,7.85256980091883,91
"93",2012,7,8.11047619047619,21,8.67,7.60181818181818,7.3,8.5,8.06947368421053,10,11,4,2,19,1030,531,499,70,358,672,7.84720201941748,8.51939736346516,7.13189995991984,7.51214285714286,7.82561452513966,7.8587025,92
"94",2012,8,7.92045454545455,22,8.92307692307692,6.47222222222222,7,8.125,7.875,13,9,1,4,18,1052,544,508,71,362,690,7.84873391634981,8.52904411764706,7.12021275590551,7.50492957746479,7.8289226519337,7.85912765217391,93
"95",2012,9,8.125,20,8.59090909090909,7.55555555555556,8.5,7.375,8.3125,11,9,1,4,16,1072,555,517,72,366,706,7.85388813432836,8.53027027027027,7.12779125725338,7.51875,7.82396174863388,7.8694023796034,94
"96",2012,10,8.38260869565217,23,8.61764705882353,7.71666666666667,7.5,8.45,8.27777777777778,17,6,2,14,9,1095,572,523,74,380,715,7.8649936803653,8.53286713286713,7.13454699808795,7.51824324324324,7.84702631578947,7.87454276923077,95
"97",2012,11,6.91842105263158,19,7.4375,6.54090909090909,6.9,7.65833333333333,6.57692307692308,8,11,3,6,13,1114,580,534,77,386,728,7.84884926391382,8.51775862068965,7.12231850187266,7.49415584415584,7.8440932642487,7.85137098901099,96
"98",2012,12,8.1875,24,8.96428571428571,7.1,8,7.66666666666667,8.36111111111111,14,10,1,6,18,1138,594,544,78,392,746,7.85599128295255,8.52828282828283,7.12190823529412,7.50064102564103,7.84137755102041,7.86367034852547,97
"99",2013,1,7.3675,20,8.17307692307692,5.87142857142857,5.55,6.15,7.671875,13,7,2,4,16,1158,607,551,80,396,762,7.84755447322971,8.52067545304778,7.10602192377495,7.451875,7.82429292929293,7.8596431496063,98
"100",2013,2,7.69047619047619,21,9.11111111111111,6.625,6.25,7.91666666666667,7.6,9,12,2,6,15,1179,616,563,82,402,777,7.84475664122137,8.52930194805195,7.09576923623446,7.42256097560976,7.82567164179105,7.85463073359073,99
"101",2013,3,7.5,16,7.85,7.34090909090909,8.66666666666667,8.15,7.20454545454545,5,11,3,5,11,1195,621,574,85,407,788,7.84014065271967,8.52383252818036,7.10046703832753,7.4664705882353,7.82965601965602,7.84555593908629,100
"102",2013,4,7.62222222222222,18,8.53333333333333,7.44,6.5,7.4,7.68571428571429,3,15,2,4,14,1213,624,589,87,411,802,7.83690690849135,8.52387820512821,7.10911388794567,7.44425287356322,7.82547445255474,7.84276568578554,101
"103",2013,5,7.69615384615385,26,7.875,7.54285714285714,7.875,7.18,8.01875,12,14,4,10,16,1239,636,603,91,421,818,7.83395325262308,8.51163522012579,7.11918421227197,7.46318681318681,7.81014251781473,7.84620792176039,102
"104",2013,6,8.03055555555556,18,8.46875,7.68,8.1,8.9375,7.77142857142857,8,10,3,4,14,1257,644,613,94,425,832,7.83676856006364,8.51110248447205,7.12833292006525,7.48351063829787,7.82075294117647,7.84494961538461,103
"105",2013,7,8.01470588235294,17,8.75,7.61363636363636,9.625,8.35,7.875,6,11,2,5,12,1274,650,624,96,430,844,7.83914291993721,8.51330769230769,7.13688794871795,7.528125,7.82690697674419,7.84537687203791,104
"106",2013,8,6.97666666666667,15,8.5,6.42272727272727,NA,7.41666666666667,6.86666666666667,4,11,0,3,12,1289,654,635,96,433,856,7.82910634600466,8.51322629969419,7.12451666141732,7.528125,7.82406466512702,7.83165663551402,105
"107",2013,9,8.425,24,8.575,8.275,9.25,8.8125,8.23125,12,12,6,8,16,1313,666,647,102,441,872,7.83999853769993,8.51433933933934,7.14585483771252,7.62941176470588,7.84199546485261,7.83898862385321,106
"108",2013,10,8.5,16,8.59090909090909,8.3,NA,8,8.57142857142857,11,5,0,2,14,1329,677,652,102,443,886,7.84794437923251,8.51558345642541,7.15470564417178,7.62941176470588,7.84270880361174,7.85056216704289,107
"109",2013,11,7.61818181818182,33,8.76,7.12173913043478,8.36,7.53333333333333,7.65,10,23,5,9,24,1362,687,675,107,452,910,7.84237744493392,8.51914119359534,7.15358234074074,7.66355140186916,7.83654867256637,7.84527261538461,108
"110",2013,12,7.69565217391304,23,8.375,6.14285714285714,7,8.25,7.26923076923077,16,7,1,10,13,1385,703,682,108,462,923,7.83994085198556,8.51586059743955,7.14320832844575,7.65740740740741,7.84549783549784,7.83715934994583,109
"111",2014,1,7.64772727272727,22,8.375,7.04166666666667,9,8.5625,7.44444444444444,10,12,1,4,18,1407,713,694,109,466,941,7.83693538024165,8.51388499298738,7.1414525648415,7.6697247706422,7.85165236051502,7.82964726886291,110
"112",2014,2,7.978125,16,8.5,7.665,7,7.875,8.0125,6,10,2,4,12,1423,719,704,111,470,953,7.83852289529164,8.51376912378303,7.14888931818182,7.65765765765766,7.85185106382979,7.83194971668415,111
"113",2014,3,6.93125,16,7.7,6.33333333333333,7.25,7.07142857142857,6.82222222222222,7,9,4,7,9,1439,726,713,115,477,962,7.82843507991661,8.50592286501378,7.1385947826087,7.64347826086957,7.84039832285115,7.8225032016632,112
"114",2014,4,8.36923076923077,13,9.28,7.8,8,8.63333333333333,8.29,5,8,3,3,10,1452,731,721,118,480,972,7.83327691460055,8.51121751025992,7.14593353675451,7.65254237288136,7.84535416666667,7.82731283950617,113
"115",2014,5,8.33529411764706,17,8.97272727272727,7.16666666666667,6.5,9.625,7.93846153846154,11,6,2,4,13,1469,742,727,120,484,985,7.83908650782845,8.51805929919137,7.14610464924347,7.63333333333333,7.86006198347108,7.82877977664974,114
"116",2014,6,7.625,12,9.07142857142857,5.6,7,NA,7.625,7,5,2,0,12,1481,749,732,122,484,997,7.83735184334909,8.52323097463285,7.13554382513661,7.62295081967213,7.86006198347108,7.82632706118355,115
"117",2014,7,7.3,11,9.06,5.83333333333333,NA,9,7.13,5,6,0,1,10,1492,754,738,122,485,1007,7.83339013404826,8.52679045092838,7.12495674796748,7.62295081967213,7.86241237113402,7.81941219463754,116
"118",2014,8,8.13636363636364,11,8.75,7.4,7,8.16666666666667,8.125,6,5,1,3,8,1503,760,743,123,488,1015,7.83560750499002,8.52855263157895,7.12680764468371,7.61788617886179,7.86428278688525,7.8218207684729,117
"119",2014,9,7.65625,16,7.92857142857143,7.44444444444444,7.5,7.66666666666667,7.65384615384615,7,9,4,3,13,1519,767,752,127,491,1028,7.8337182883476,8.52307692307693,7.13060914893617,7.61417322834646,7.86307535641548,7.81969657587548,118
"120",2014,10,7.4125,8,9,6.88333333333333,7.575,7.4,7.41666666666667,2,6,4,2,6,1527,769,758,131,493,1034,7.83151151277014,8.52431729518856,7.12865182058047,7.61297709923664,7.8611967545639,7.81735791102514,119
"121",2014,11,8.26923076923077,13,8.5,7.75,9,8,8.35,9,4,1,3,10,1540,778,762,132,496,1044,7.83520654545454,8.52403598971723,7.13191349081365,7.62348484848485,7.86203629032258,7.82245984674329,120
"122",2014,12,7.75,19,7.83333333333333,7.71153846153846,8.2,8,7.72058823529412,6,13,5,2,17,1559,784,775,137,498,1061,7.83416810776138,8.51875,7.14163623225806,7.64452554744526,7.86259036144578,7.82082759660697,121
"123",2015,1,8.28888888888889,18,9.01818181818182,7.14285714285714,7.5,8.66666666666667,8.21333333333333,11,7,2,3,15,1577,795,782,139,501,1076,7.83935832593532,8.52566037735849,7.14164716112532,7.64244604316547,7.86740518962076,7.82629933085502,122
"124",2015,2,6.4,10,8.5,5.875,6.75,7.75,6.0625,2,8,2,2,8,1587,797,790,141,503,1084,7.8302886452426,8.52559598494354,7.12882035443038,7.62978723404255,7.86693836978131,7.81328236162362,123
"125",2015,3,7.62857142857143,14,8.08333333333333,7.2875,9,8.83333333333333,7.3,6,8,1,3,11,1601,803,798,142,506,1095,7.82852472204872,8.52229140722292,7.13041112781955,7.63943661971831,7.87266798418972,7.80812610045662,124
"126",2015,4,8.26153846153846,13,9.66666666666667,7.84,8,8.6,8.05,3,10,2,5,8,1614,806,808,144,511,1103,7.83201244114002,8.52655086848636,7.13919316831683,7.64444444444444,7.87978473581213,7.80988039891206,125
"127",2015,5,7.67272727272727,11,9.1,5.96,NA,8,7.55,6,5,0,3,8,1625,812,813,144,514,1111,7.83093420307692,8.53078817733991,7.13194105781058,7.64444444444444,7.88048638132296,7.80800907290729,126
"128",2015,6,6.66666666666667,6,9.33333333333333,4,7,10,6,3,3,1,1,5,1631,815,816,145,515,1116,7.82665118332311,8.53374233128835,7.12042656862745,7.64,7.88460194174757,7.79990867383512,127
"129",2015,7,8.55,10,9.25,8.08333333333333,7,10,8.38888888888889,4,6,1,1,9,1641,819,822,146,516,1125,7.83105915904936,8.53724053724054,7.12745508515815,7.63561643835616,7.8887015503876,7.80462051555555,128
"130",2015,8,8.18076923076923,13,9.02142857142857,7.2,NA,9.35,7.66111111111111,7,6,0,4,9,1654,826,828,146,520,1134,7.83380778718259,8.54134382566586,7.12798077294686,7.63561643835616,7.89994230769231,7.80348155202822,129
"131",2015,9,7.97272727272727,11,9.125,7.31428571428571,NA,8.25,7.91111111111111,4,7,0,2,9,1665,830,835,146,522,1143,7.83472557357357,8.54415662650603,7.12954261077844,7.63561643835616,7.90128352490422,7.80432902887139,130
"132",2015,10,7.4,11,8.38,6.58333333333333,NA,6.78,7.91666666666667,5,6,0,5,6,1676,835,841,146,527,1149,7.8318723627685,8.54317365269461,7.12564575505351,7.63561643835616,7.89064516129032,7.8049156483899,131
"133",2015,11,8,17,8.35714285714286,7.75,8.5,8.75,7.76923076923077,7,10,4,4,13,1693,842,851,150,531,1162,7.83356059066745,8.5416270783848,7.13298246768508,7.65866666666667,7.8971186440678,7.80451641996558,132
"134",2015,12,7.15,6,8.96666666666667,5.33333333333333,NA,9.4,6.7,3,3,0,1,5,1699,845,854,150,532,1167,7.83114660388464,8.54313609467456,7.12666051522248,7.65866666666667,7.89994360902256,7.7997841302485,133
"135",2016,1,7.38888888888889,18,8.42857142857143,6.72727272727273,6,5.83333333333333,7.7,7,11,1,3,15,1717,852,865,151,535,1182,7.82651023878858,8.54219483568075,7.12158159537572,7.6476821192053,7.88835514018692,7.79851783417936,134
"136",2016,2,7.75,16,8.71428571428571,7,6.83333333333333,9,7.57142857142857,7,9,3,2,14,1733,859,874,154,537,1196,7.82580385458742,8.54359720605355,7.12032961098398,7.63181818181818,7.89249534450652,7.79585959866221,135
"137",2016,3,7.535,20,8.6,6.47,4.5,5,8.16875,10,10,2,4,16,1753,869,884,156,541,1212,7.82248606959498,8.54424626006905,7.11297294117647,7.59166666666667,7.87110905730129,7.80078224422442,136
"138",2016,4,8.31666666666667,9,8.77,7.75,10,9.5,7.97857142857143,5,4,1,2,7,1762,874,888,157,543,1219,7.82501026106697,8.54553775743707,7.11584243243243,7.60700636942675,7.87710865561694,7.80180318293683,137
"139",2016,5,7.80769230769231,13,8.92857142857143,6.5,NA,8,7.79166666666667,7,6,0,1,12,1775,881,894,157,544,1231,7.82488342535211,8.54858115777526,7.11170926174497,7.60700636942675,7.87733455882353,7.80170437043054,138
"140",2016,6,7.333,10,6,7.48111111111111,NA,6.16666666666667,7.83285714285714,1,9,0,3,7,1785,882,903,157,547,1238,7.82212777591036,8.54569160997733,7.11539100775194,7.60700636942675,7.86795246800731,7.80188051696284,139
"141",2016,7,7.375,8,8,7,7,8,7.28571428571429,3,5,1,1,7,1793,885,908,158,548,1245,7.82013278304518,8.54384180790961,7.11475559471366,7.60316455696203,7.86819343065693,7.79897837751004,140
"142",2016,8,7.90769230769231,13,8.82857142857143,6.83333333333333,8,8,7.9,7,6,1,1,12,1806,892,914,159,549,1257,7.8207630564784,8.54607623318386,7.11290818380744,7.60566037735849,7.8684335154827,7.79994278440732,141
"143",2016,9,8.15,10,9.16666666666667,7.71428571428571,7,7.5,8.3125,3,7,1,2,8,1816,895,921,160,551,1265,7.82257603524229,8.54815642458101,7.11747891422367,7.601875,7.86709618874773,7.80318425296443,142
"144",2016,10,7.69846153846154,13,9.016,6.875,7,6,7.84,5,8,1,1,12,1829,900,929,161,552,1277,7.82169386550027,8.55075555555556,7.11539082884822,7.59813664596273,7.86371376811594,7.80353021143305,143
"145",2016,11,7.99089357142857,14,8.43027888888889,7.2,NA,8.25,7.94770916666667,9,5,0,2,12,1843,909,934,161,554,1289,7.82297915897992,8.54956271727173,7.11584376873662,7.59813664596273,7.8651083032491,7.8048724515128,144
"146",2016,12,7.64285714285714,7,7.75,7.5,NA,8,7.58333333333333,4,3,0,1,6,1850,913,937,161,555,1295,7.82229761621621,8.54605970427163,7.11707372465315,7.59813664596273,7.86535135135135,7.80384601544402,145
"147",2017,1,6.4,10,7.5,5.66666666666667,5,5,6.55555555555556,4,6,1,1,9,1860,917,943,162,556,1304,7.81465085483871,8.5414967393675,7.10784525980912,7.5820987654321,7.86019784172662,7.79523051380368,146
"148",2017,2,8.10153846153846,13,9.2,7.415,7.25,7.75,8.16545454545455,5,8,2,2,11,1873,922,951,164,558,1315,7.81664206620395,8.54506779826464,7.11042910620399,7.5780487804878,7.85980286738351,7.79832744486692,147
"149",2017,3,8.22222222222222,9,8.875,7.7,NA,7.83333333333333,8.41666666666667,4,5,0,3,6,1882,926,956,164,561,1321,7.81858160998937,8.54649299136069,7.11351263598326,7.5780487804878,7.85966131907308,7.80113595003785,148
"150",2017,4,8.69230769230769,13,9.25,7.8,7.66666666666667,9.25,8.44444444444444,8,5,3,4,9,1895,934,961,167,565,1330,7.82457550923483,8.55251874732334,7.11708437044745,7.57964071856287,7.86950442477876,7.80548916541353,149
"151",2017,5,8.09090909090909,11,9.1,7.25,NA,8.75,7.94444444444444,5,6,0,2,9,1906,939,967,167,567,1339,7.82611258656873,8.5554339829606,7.11790907962771,7.57964071856287,7.8726102292769,7.80642314413742,150
"152",2017,6,7.38461538461539,13,8.125,7.05555555555556,9,6,7.8,4,9,1,3,10,1919,943,976,168,570,1349,7.8231217248567,8.55360817603393,7.11733409836065,7.58809523809524,7.86275438596491,7.80637553002224,151
"153",2017,7,7.91666666666667,12,8.14285714285714,7.6,7,9,7.81818181818182,7,5,1,1,11,1931,950,981,169,571,1360,7.82370305023304,8.55058158947369,7.11979416921509,7.58461538461538,7.86474605954466,7.80647102205882,152
"154",2017,8,7.71428571428571,7,8,7,6,9,7.2,5,2,1,2,5,1938,955,983,170,573,1365,7.8233078379773,8.54769896335079,7.11955043743642,7.57529411764706,7.86870855148342,7.80424951648352,153
"155",2017,9,8.13636363636364,11,8.3125,7.66666666666667,7.5,7.83333333333333,8.25,8,3,1,3,8,1949,963,986,171,576,1373,7.82507469984607,8.54574507788162,7.12121509127789,7.57485380116959,7.86852430555555,7.80684675163875,154
"156",2017,10,7.276,20,8.45909090909091,5.83,4.66666666666667,6.25,7.5325,11,9,3,4,16,1969,974,995,174,580,1389,7.8194975063484,8.54476643737166,7.10953575879397,7.52471264367816,7.85736206896552,7.80368652987761,155
"157",2017,11,8.45588235294118,34,8.92105263157895,7.86666666666667,NA,7.75,8.5,19,15,0,2,32,2003,993,1010,174,582,1421,7.83029984523215,8.55196627391742,7.12078027722772,7.52471264367816,7.85699312714777,7.81936705840957,156
"158",2017,12,8.23125,40,8.58,7.65,8,7.8125,8.27777777777778,25,15,1,4,36,2043,1018,1025,175,586,1457,7.83815006852668,8.55265472495089,7.12852495609756,7.52742857142857,7.85668941979522,7.83069361015786,157
"159",2018,1,8.05626865671642,67,8.49666666666667,7.44285714285714,8.0625,8,8.06854545454545,39,28,8,12,55,2110,1057,1053,183,598,1512,7.84507610900474,8.55058894039735,7.1368832668566,7.55081967213115,7.8595652173913,7.83934562830688,158
"160",2018,2,8.0527536231884,69,8.6747619047619,7.08518518518519,7.4,7.52142857142857,8.188,42,27,5,14,55,2179,1099,1080,188,612,1567,7.85165240477283,8.55533440400364,7.13559081481481,7.5468085106383,7.85183006535948,7.8515830185067,159
"161",2018,3,8.14322033898305,59,8.79857142857143,7.1875,7.25,8.10526315789474,8.16125,35,24,4,19,40,2238,1134,1104,192,631,1607,7.85933895889187,8.56284171957672,7.13671927536232,7.540625,7.85946117274168,7.85929097075296,160
"162",2018,4,8.33064705882353,51,8.93524242424242,7.22222222222222,6.2,7.28571428571429,8.49688636363636,33,18,5,7,44,2289,1167,1122,197,638,1651,7.86983992573176,8.57337233076264,7.13809098039216,7.50659898477157,7.85316614420063,7.87628321623259,161
"163",2018,5,8.01956521739131,46,8.576,7.35714285714286,7.8,8.15,7.98333333333333,25,21,5,10,36,2335,1192,1143,202,648,1687,7.87278954603854,8.57342744127517,7.14211555555555,7.51386138613861,7.85774691358025,7.87856762892709,162
"164",2018,6,8.41290322580645,31,8.6375,7.64285714285714,7.25,8.16666666666667,8.472,24,7,2,6,25,2366,1216,1150,204,654,1712,7.87986626796281,8.57469203125,7.14516354782609,7.51127450980392,7.86058103975535,7.88723340537383,163
"165",2018,7,7.8027027027027,37,8.11666666666667,7.22307692307692,7,8.05555555555556,7.72142857142857,24,13,3,9,28,2403,1240,1163,207,663,1740,7.87867814814815,8.56582702419355,7.14603446259673,7.50386473429952,7.86322775263952,7.88456528160919,164
"166",2018,8,8.08857142857143,35,8.55238095238095,7.39285714285714,6.93333333333333,7.65555555555556,8.23846153846154,21,14,6,9,26,2438,1261,1177,213,672,1766,7.88169138228056,8.56560310071372,7.14897033135089,7.48779342723005,7.86044642857143,7.88977553227633,165
"167",2018,9,7.44880952380952,42,8.40652173913043,6.28947368421053,6.75,6.60714285714286,7.61714285714286,23,19,2,7,35,2480,1284,1196,215,679,1801,7.87436031854839,8.56275351246106,7.13531612040134,7.48093023255814,7.84752577319588,7.88447728484176,166
"168",2018,10,7.71764705882353,51,8.23225806451613,6.92,6.43333333333333,7.28,7.82439024390244,31,20,3,10,41,2531,1315,1216,218,689,1842,7.8712025246938,8.55496236501901,7.1317747368421,7.46651376146789,7.83928882438316,7.88313984256243,167
"169",2018,11,8.12785714285714,42,8.46428571428571,7.455,7,7.625,8.24617647058824,28,14,2,8,34,2573,1343,1230,220,697,1876,7.87539198989506,8.55307186150409,7.13545372357724,7.46227272727273,7.83682926829268,7.88971939765458,168
"170",2018,12,7.96538461538462,52,8.63571428571429,7.18333333333333,7.41666666666667,8.03636363636364,7.94634146341463,28,24,6,11,41,2625,1371,1254,226,708,1917,7.87717470095238,8.55475967177243,7.13637007974482,7.46106194690265,7.83992937853107,7.89093040688576,169
"171",2019,1,7.90666666666667,60,8.54242424242424,7.12962962962963,7.33333333333333,7.35384615384615,8.05957446808511,33,27,6,13,47,2685,1404,1281,232,721,1964,7.87783373929236,8.55446973646723,7.13622800936768,7.45775862068965,7.83116504854369,7.89496618635438,170
"172",2019,2,8.38225806451613,31,8.46666666666667,8.09285714285714,8.8,8.5,8.36481481481482,24,7,2,4,27,2716,1428,1288,234,725,1991,7.88359115979381,8.55299405462185,7.14142708074534,7.46923076923077,7.83485517241379,7.90133781516826,171
"173",2019,3,7.93163265306122,49,8.49375,7.392,7.66666666666667,8.33,7.82948717948718,24,25,3,10,39,2765,1452,1313,237,735,2030,7.88444252802893,8.55201481404959,7.14619808073115,7.47172995780591,7.84159183673469,7.89995743349754,172
"174",2019,4,7.92647058823529,34,8.85294117647059,7,7.5,8.2,7.8125,17,17,2,10,24,2799,1469,1330,239,745,2054,7.88495305108967,8.55549728386658,7.14432938345865,7.47196652719665,7.84640268456376,7.89893553554041,173
"175",2019,5,7.99744186046512,43,8.24576923076923,7.61764705882353,7.66666666666667,8.249,7.92121212121212,26,17,3,10,33,2842,1495,1347,242,755,2087,7.88665502814919,8.5501107090301,7.15030295471418,7.47438016528926,7.85173509933775,7.89928777671299,174
"176",2019,6,8.04,25,8.25,7.77272727272727,7.66666666666667,8.625,7.92857142857143,14,11,3,4,21,2867,1509,1358,245,759,2108,7.88799218346704,8.54732638170974,7.15534468335788,7.47673469387755,7.85581027667984,7.89957950189753,175
"177",2019,7,8.09615384615385,39,8.41666666666667,7.375,7.5,7.67857142857143,8.1875,27,12,1,7,32,2906,1536,1370,246,766,2140,7.89078581899518,8.54502962890625,7.15726867153285,7.47682926829268,7.85419060052219,7.90388485514019,176
"178",2019,8,8.05609756097561,41,9.05416666666667,6.64705882352941,6.25,7.58333333333333,8.25172413793103,24,17,2,12,29,2947,1560,1387,248,778,2169,7.89308571089243,8.55286250641025,7.15101519826965,7.46693548387097,7.85001285347044,7.9085355417243,177
"179",2019,9,7.92627906976744,43,8.70333333333333,6.94473684210526,6.0625,7.78,7.97060606060606,24,19,4,10,33,2990,1584,1406,252,788,2202,7.89356307357859,8.55514236742424,7.14822765291607,7.44464285714286,7.84912436548223,7.90946575386013,178
"180",2019,10,7.44810526315789,38,8.27619047619048,6.42517647058824,7,6.75,7.579,21,17,2,6,32,3028,1605,1423,254,794,2234,7.88797278401585,8.55149252959501,7.13958965565706,7.44114173228346,7.84081863979849,7.90473213518353,179
"181",2019,11,7.89681132075472,53,8.7975,7.35093939393939,7.125,6.89444444444444,8.10184090909091,20,33,4,9,44,3081,1625,1456,258,803,2278,7.88812482635508,8.55452031384615,7.14437986263736,7.43624031007752,7.83021170610212,7.90853932835821,180
"182",2019,12,7.80475,40,8.40391304347826,6.99411764705882,7.25,7.24833333333333,7.90294117647059,23,17,2,6,34,3121,1648,1473,260,809,2312,7.88705626081384,8.55241839199029,7.14264567549219,7.43480769230769,7.82589616810878,7.90845700259516,181
"183",2020,1,7.76969696969697,66,8.37297297297297,7,7.22222222222222,7.19444444444444,7.98541666666667,37,29,9,18,48,3187,1685,1502,269,827,2360,7.88462585189833,8.54847804747774,7.13989153129161,7.42769516728624,7.81215235792019,7.9100222838983,182
"184",2020,2,8.19526315789474,38,8.3925,7.85714285714286,6.25,8.29,8.16142857142857,24,14,2,10,28,3225,1709,1516,271,837,2388,7.8882860744186,8.54628760093622,7.14651522427441,7.4190036900369,7.81786140979689,7.91297009631491,183
"185",2020,3,7.52818181818182,22,8.34666666666667,5.77428571428571,8.5,5.96666666666667,8.11375,15,7,1,6,16,3247,1724,1523,272,843,2404,7.8858461934093,8.54455075986079,7.14020819435325,7.42297794117647,7.80468564650059,7.91430640183028,184
"186",2020,4,8.17291666666667,24,8.35714285714286,7.915,NA,9.25,7.9575,14,10,0,4,20,3271,1738,1533,272,847,2424,7.88795248853561,8.54304114499424,7.14526228310502,7.42297794117647,7.81151121605667,7.91466278465346,185
"187",2020,5,7.51315789473684,38,8.36111111111111,6.75,7.66666666666667,7.4,7.53870967741936,18,20,3,7,31,3309,1756,1553,275,854,2455,7.88364841039589,8.54117625854214,7.14017197681906,7.42563636363636,7.80813817330211,7.90991551527495,186
"188",2020,6,7.44230769230769,26,8.35833333333333,6.65714285714286,6,8.05,7.26,12,14,3,6,20,3335,1768,1567,278,860,2475,7.88020767316342,8.53993524321267,7.135856464582,7.41025179856115,7.80982558139535,7.90466367272727,187
"189",2020,7,7.92894736842105,38,8.60952380952381,7.08823529411765,7.4,8.25,7.86875,21,17,5,6,32,3373,1789,1584,283,866,2507,7.8807567714201,8.54075210173281,7.13534537878788,7.41007067137809,7.8128752886836,7.90420526126845,188
"190",2020,8,7.69193548387097,31,8.45833333333333,7.20789473684211,8.125,7.0625,7.78518518518518,12,19,2,4,27,3404,1801,1603,285,870,2534,7.87903718860164,8.54020294836202,7.1362052900811,7.41508771929824,7.80942528735632,7.90293709155485,189
"191",2020,9,7.74310344827586,29,8.19642857142857,7.32,6.6,6.9375,7.872,14,15,5,4,25,3433,1815,1618,290,874,2559,7.87788889892222,8.53755124517906,7.13790919653894,7.40103448275862,7.8054347826087,7.90263485345838,190
"192",2020,10,8.02368421052632,38,8.73684210526316,7.31052631578947,NA,8.5,7.96764705882353,19,19,0,4,34,3471,1834,1637,290,878,2593,7.87948504465572,8.53961587241003,7.13991269395235,7.40103448275862,7.80859908883827,7.90348730813729,191
"193",2020,11,7.55625,40,8.33695652173913,6.5,7,8.25,7.47916666666667,23,17,2,4,36,3511,1857,1654,292,882,2629,7.87580250356024,8.53710582121701,7.13333559854897,7.39828767123288,7.81060090702948,7.89767690756942,192
"194",2020,12,8.05185185185185,27,8.32,7.71666666666667,8,7.6,8.15454545454545,15,12,1,5,22,3538,1872,1666,293,887,2651,7.87714601187111,8.53536619123931,7.13753726290516,7.40034129692833,7.80941375422773,7.89980859675594,193
"195",2021,1,7.64571428571429,35,8.115,7.02,6.33333333333333,7.61666666666667,7.65172413793103,20,15,3,6,29,3573,1892,1681,296,893,2680,7.87487897844948,8.53092257399577,7.13648844735276,7.38952702702703,7.80811870100784,7.89712410074627,194
"196",2021,2,8.07307692307692,26,8.64705882352941,6.98888888888889,6.5,6.92857142857143,8.49473684210526,17,9,2,7,19,3599,1909,1690,298,900,2699,7.87631080577938,8.5319567888947,7.13570241420118,7.38355704697987,7.80127777777778,7.90133108188218,195
"197",2021,3,7.96315789473684,19,8,7.93636363636364,6,8.04285714285714,7.91666666666667,8,11,1,7,12,3618,1917,1701,299,907,2711,7.87676688501935,8.52973683359415,7.14088011757789,7.37892976588629,7.80314222712238,7.90139896348211,196
"198",2021,4,8.09677419354839,31,8.33684210526316,7.71666666666667,7,8.66666666666667,8.03571428571429,19,12,2,3,28,3649,1936,1713,301,910,2739,7.8786359523157,8.52784375516528,7.14491364856976,7.37641196013289,7.80598901098901,7.90277202993794,197
"199",2021,5,7.91153846153846,26,8.88666666666667,6.58181818181818,6,7,8.07727272727273,15,11,1,4,22,3675,1951,1724,302,914,2761,7.87886873197279,8.53060251665812,7.14132081206496,7.37185430463576,7.80246170678337,7.9041624737414,198
"200",2021,6,7.70535714285714,28,8.72058823529412,6.13636363636364,9,5,7.91346153846154,17,11,1,2,26,3703,1968,1735,303,916,2787,7.87755673507966,8.53224365345528,7.13494932564841,7.37722772277228,7.79634279475983,7.90424922497309,199
"201",2021,7,8.17619047619048,21,8.42857142857143,7.67142857142857,NA,8.46,8.0875,14,7,0,5,16,3724,1982,1742,303,921,2803,7.87924075993555,8.53151135721493,7.13710509758898,7.37722772277228,7.7999457111835,7.90529525151624,200
"202",2021,8,7.98620689655172,29,8.42,7.02222222222222,9.5,8.5,7.79047619047619,20,9,1,8,21,3753,2002,1751,304,929,2824,7.88006730349054,8.53039735764235,7.13651460879497,7.38421052631579,7.80597416576965,7.90444142705383,201
"203",2021,9,7.66190476190476,21,8.35,7.23846153846154,5.5,6.75,7.87647058823529,8,13,2,4,17,3774,2010,1764,306,933,2841,7.87885336248013,8.52967935820895,7.13726591836735,7.3718954248366,7.80144694533762,7.90427405491025,202
"204",2021,10,7.97380952380952,21,8.77222222222222,7.375,6,8.25,7.94473684210526,9,12,1,2,19,3795,2019,1776,307,935,2860,7.8793788115942,8.53076052996532,7.13887222972973,7.36742671009772,7.8024064171123,7.90454286363637,203
"205",2021,11,7.86058823529412,34,8.36875,7.40888888888889,8,7.55555555555556,7.9704,16,18,2,9,25,3829,2035,1794,309,944,2885,7.87921195873596,8.52948673710073,7.14158142697882,7.3715210355987,7.80005296610169,7.90511354939342,204
"206",2021,12,8.16842105263158,38,8.64347826086957,7.44,6.75,8.4,8.11612903225806,23,15,4,7,31,3867,2058,1809,313,951,2916,7.88205394103956,8.53076069484936,7.14405587617468,7.36357827476038,7.80446898002103,7.90735685528121,205
"207",2022,1,7.74016393442623,61,8.30151515151515,7.07857142857143,6.48333333333333,7.74090909090909,7.74,33,28,6,11,50,3928,2091,1837,319,962,2966,7.87985045570265,8.52714275944524,7.14305774632553,7.34702194357367,7.8037422037422,7.90453560013486,206
"208",2022,2,7.68611111111111,36,7.73125,7.65,6.75,7.74285714285714,7.67241379310345,16,20,4,7,29,3964,2107,1857,323,969,2995,7.87809096619576,8.5210989606075,7.14851754442649,7.33962848297214,7.80330237358101,7.9022880100167,207
"209",2022,3,7.6625,24,8.69090909090909,6.79230769230769,7.26666666666667,7.66666666666667,7.66190476190476,11,13,3,3,21,3988,2118,1870,326,972,3016,7.87679352808425,8.5219808829084,7.14604121925134,7.33895705521472,7.80288065843621,7.90061425397878,208
"210",2022,4,7.67931034482759,29,8.4,6.90714285714286,7.33333333333333,6.33333333333333,7.83461538461538,15,14,3,3,26,4017,2133,1884,329,975,3042,7.87536783420463,8.52112307079231,7.14426596602972,7.33890577507599,7.79835897435897,7.90005016107824,209
"211",2022,5,7.56363636363636,33,8.69375,6.5,6.25,8.85,7.27777777777778,16,17,2,6,27,4050,2149,1901,331,981,3069,7.8728278,8.52240833410888,7.13850451341399,7.33232628398792,7.80479102956167,7.89457562398176,210
"212",2022,6,7.75384615384615,26,8.0625,7.26,NA,7.2,7.88571428571429,16,10,0,5,21,4076,2165,1911,331,986,3090,7.87206883954858,8.5190094734411,7.13914028257457,7.33232628398792,7.80172413793103,7.8945154012945,211
"213",2022,7,7.71111111111111,27,8.20588235294118,6.87,5.5,6.625,8.16842105263158,17,10,2,8,19,4103,2182,1921,333,994,3109,7.87100964903729,8.51656989459211,7.13773923997918,7.32132132132132,7.79225352112676,7.89618931810872,212
"214",2022,8,7.843375,32,8.79292307692308,7.19368421052632,5.8575,7.4325,7.90207142857143,13,19,4,4,28,4135,2195,1940,337,998,3137,7.87079578960097,8.51820661047836,7.13828715463918,7.30394658753709,7.79081162324649,7.89624182021039,213
"215",2022,9,8.12857142857143,14,8.77777777777778,6.96,7,7.76666666666667,8.22727272727273,9,5,1,3,11,4149,2204,1945,338,1001,3148,7.87166560375994,8.51926656533575,7.13782883290488,7.30304733727811,7.79073926073926,7.89739853557815,214
"216",2022,10,7.590625,32,8.29,6.425,NA,8.01666666666667,7.49230769230769,20,12,0,6,26,4181,2224,1957,338,1007,3174,7.869514611337,8.51720481564748,7.13345788451712,7.30304733727811,7.79208540218471,7.89408021109011,215
"217",2022,11,7.70526315789474,38,8.14375,7.38636363636364,6.66666666666667,8.5,7.61176470588235,16,22,3,4,34,4219,2240,1979,341,1011,3208,7.86803521924627,8.51453728124999,7.13626936836786,7.29744868035191,7.7948862512364,7.89108808915212,216
"218",2022,12,7.58518518518519,27,8.525,6.57307692307692,4.75,7.72857142857143,7.535,14,13,4,7,20,4246,2254,1992,345,1018,3228,7.86623659679699,8.51460226708074,7.13259391566265,7.26791304347826,7.79443025540275,7.88888184324659,217
