"","year","month","avg_rating","no_ratings","avg_rating_owned","avg_rating_not_owned","avg_rating_prev_owned","avg_rating_comment","avg_rating_no_comment","no_ratings_owned","no_ratings_not_owned","no_ratings_prev_owned","no_ratings_comment","no_ratings_no_comment","cum_no_ratings","cum_no_ratings_owned","cum_no_ratings_not_owned","cum_no_ratings_prev_owned","cum_no_ratings_comment","cum_no_ratings_no_comment","cum_avg_rating","cum_avg_rating_owned","cum_avg_rating_not_owned","cum_avg_rating_prev_owned","cum_avg_rating_comment","cum_avg_rating_no_comment","month_after_release"
"1",2001,5,5.5,2,5.5,NA,NA,7,4,2,0,0,1,1,2,2,0,0,1,1,5.5,5.5,NA,NA,7,4,0
"2",2001,6,7,3,7,NA,NA,NA,7,3,0,0,0,3,5,5,0,0,1,4,6.4,6.4,NA,NA,7,6.25,1
"3",2001,7,7,1,7,NA,NA,NA,7,1,0,0,0,1,6,6,0,0,1,5,6.5,6.5,NA,NA,7,6.4,2
"4",2001,8,7,6,6.75,7.5,7.5,7,7,4,2,2,2,4,12,10,2,2,3,9,6.75,6.6,7.5,7.5,7,6.66666666666667,3
"5",2001,9,7.5,6,7.5,NA,NA,9,7.2,6,0,0,1,5,18,16,2,2,4,14,7,6.9375,7.5,7.5,7.5,6.85714285714286,4
"6",2001,10,8,2,8,NA,NA,NA,8,2,0,0,0,2,20,18,2,2,4,16,7.1,7.05555555555556,7.5,7.5,7.5,7,5
"7",2001,11,7.11111111111111,9,7.11111111111111,NA,NA,7,7.16666666666667,9,0,0,3,6,29,27,2,2,7,22,7.10344827586207,7.07407407407407,7.5,7.5,7.28571428571429,7.04545454545455,6
"8",2001,12,7.66666666666667,3,7.66666666666667,NA,NA,NA,7.66666666666667,3,0,0,0,3,32,30,2,2,7,25,7.15625,7.13333333333333,7.5,7.5,7.28571428571429,7.12,7
"9",2002,1,6.75,4,6.75,NA,NA,8,6.33333333333333,4,0,0,1,3,36,34,2,2,8,28,7.11111111111111,7.08823529411765,7.5,7.5,7.375,7.03571428571429,8
"10",2002,2,7.07142857142857,7,7,7.5,NA,6.5,7.3,6,1,0,2,5,43,40,3,2,10,33,7.1046511627907,7.075,7.5,7.5,7.2,7.07575757575758,9
"11",2002,3,7,2,7,NA,NA,NA,7,2,0,0,0,2,45,42,3,2,10,35,7.1,7.07142857142857,7.5,7.5,7.2,7.07142857142857,10
"12",2002,4,7.75,4,7.75,NA,NA,8.33333333333333,6,4,0,0,3,1,49,46,3,2,13,36,7.1530612244898,7.1304347826087,7.5,7.5,7.46153846153846,7.04166666666667,11
"13",2002,5,7,9,6.75,9,NA,6.75,7.2,8,1,0,4,5,58,54,4,2,17,41,7.12931034482759,7.07407407407407,7.875,7.5,7.29411764705882,7.0609756097561,12
"14",2002,6,7,6,7,7,7,7,7,5,1,1,3,3,64,59,5,3,20,44,7.1171875,7.06779661016949,7.7,7.33333333333333,7.25,7.05681818181818,13
"15",2002,7,7.75,4,7.75,NA,NA,8,7,4,0,0,3,1,68,63,5,3,23,45,7.15441176470588,7.11111111111111,7.7,7.33333333333333,7.34782608695652,7.05555555555556,14
"16",2002,8,8.33333333333333,3,8.33333333333333,NA,NA,9,8,3,0,0,1,2,71,66,5,3,24,47,7.20422535211268,7.16666666666667,7.7,7.33333333333333,7.41666666666667,7.09574468085106,15
"17",2002,9,6.66666666666667,6,7,5,5,10,6,5,1,1,1,5,77,71,6,4,25,52,7.16233766233766,7.15492957746479,7.25,6.75,7.52,6.99038461538461,16
"18",2002,10,6.58333333333333,6,7.125,5.5,6,5.75,7,4,2,1,2,4,83,75,8,5,27,56,7.12048192771084,7.15333333333333,6.8125,6.6,7.38888888888889,6.99107142857143,17
"19",2002,11,6.8,5,6.75,7,7,7,6,4,1,1,4,1,88,79,9,6,31,57,7.10227272727273,7.13291139240506,6.83333333333333,6.66666666666667,7.33870967741935,6.97368421052632,18
"20",2002,12,7.42857142857143,7,7.5,7,NA,7.66666666666667,7.25,6,1,0,3,4,95,85,10,6,34,61,7.12631578947368,7.15882352941177,6.85,6.66666666666667,7.36764705882353,6.99180327868852,19
"21",2003,1,7.29,10,6.8,7.78,7.5,7.45,7.25,5,5,2,2,8,105,90,15,8,36,69,7.14190476190476,7.13888888888889,7.16,6.875,7.37222222222222,7.02173913043478,20
"22",2003,2,6.85,10,6.83333333333333,7,NA,6.7,7,9,1,0,5,5,115,99,16,8,41,74,7.11652173913043,7.11111111111111,7.15,6.875,7.29024390243902,7.02027027027027,21
"23",2003,3,6.8,10,6.88888888888889,6,NA,6,7,9,1,0,2,8,125,108,17,8,43,82,7.0912,7.09259259259259,7.08235294117647,6.875,7.23023255813953,7.01829268292683,22
"24",2003,4,7.20833333333333,12,7.20833333333333,NA,NA,7.5,7.11111111111111,12,0,0,3,9,137,120,17,8,46,91,7.1014598540146,7.10416666666667,7.08235294117647,6.875,7.24782608695652,7.02747252747253,23
"25",2003,5,6.78571428571429,14,7,6.5,6.5,6.71428571428571,6.85714285714286,8,6,2,7,7,151,128,23,10,53,98,7.07218543046358,7.09765625,6.9304347826087,6.8,7.17735849056604,7.01530612244898,24
"26",2003,6,6.76923076923077,13,7.1,5.66666666666667,NA,7,6.66666666666667,10,3,0,4,9,164,138,26,10,57,107,7.04817073170732,7.09782608695652,6.78461538461538,6.8,7.16491228070175,6.98598130841121,25
"27",2003,7,6.7,40,6.7741935483871,6.44444444444444,7.5,6.45833333333333,6.80357142857143,31,9,2,12,28,204,169,35,12,69,135,6.97990196078431,7.03846153846154,6.69714285714286,6.91666666666667,7.04202898550725,6.94814814814815,26
"28",2003,8,6.825,20,6.96875,6.25,NA,7,6.76666666666667,16,4,0,5,15,224,185,39,12,74,150,6.96607142857143,7.03243243243243,6.65128205128205,6.91666666666667,7.03918918918919,6.93,27
"29",2003,9,7.61,10,7.61,NA,NA,7.5,7.62222222222222,10,0,0,1,9,234,195,39,12,75,159,6.99358974358974,7.06205128205128,6.65128205128205,6.91666666666667,7.04533333333333,6.96918238993711,28
"30",2003,10,6.66666666666667,12,7,5,4,6,7.14285714285714,10,2,1,5,7,246,205,41,13,80,166,6.97764227642276,7.0590243902439,6.57073170731707,6.69230769230769,6.98,6.97650602409638,29
"31",2003,11,7.33333333333333,6,7.33333333333333,NA,NA,7.5,7.25,6,0,0,2,4,252,211,41,13,82,170,6.98611111111111,7.06682464454976,6.57073170731707,6.69230769230769,6.99268292682927,6.98294117647059,30
"32",2003,12,5.84615384615385,13,6.57142857142857,5,3,6.25,5.66666666666667,7,6,1,4,9,265,218,47,14,86,179,6.93018867924528,7.05091743119266,6.37021276595745,6.42857142857143,6.95813953488372,6.91675977653631,31
"33",2004,1,6.83333333333333,18,6.83333333333333,NA,NA,6.66666666666667,6.86666666666667,18,0,0,3,15,283,236,47,14,89,194,6.92402826855124,7.03432203389831,6.37021276595745,6.42857142857143,6.94831460674157,6.91288659793814,32
"34",2004,2,6.87857142857143,14,7.73,4.75,4,4.66666666666667,7.48181818181818,10,4,1,3,11,297,246,51,15,92,205,6.92188552188552,7.06260162601626,6.24313725490196,6.26666666666667,6.87391304347826,6.94341463414634,33
"35",2004,3,6.68181818181818,22,6.70588235294118,6.6,6.5,7.5,6.6,17,5,2,2,20,319,263,56,17,94,225,6.90532915360502,7.03954372623574,6.275,6.29411764705882,6.88723404255319,6.91288888888889,34
"36",2004,4,6.84375,16,6.80769230769231,7,NA,6.33333333333333,6.96153846153846,13,3,0,3,13,335,276,59,17,97,238,6.90238805970149,7.0286231884058,6.31186440677966,6.29411764705882,6.8701030927835,6.91554621848739,35
"37",2004,5,7.03333333333333,9,7.04285714285714,7,NA,7,7.04285714285714,7,2,0,2,7,344,283,61,17,99,245,6.90581395348837,7.02897526501767,6.3344262295082,6.29411764705882,6.87272727272727,6.91918367346939,36
"38",2004,6,6.47368421052632,19,6.73333333333333,5.5,4,6.5,6.46666666666667,15,4,1,4,15,363,298,65,18,103,260,6.8831955922865,7.01409395973154,6.28307692307692,6.16666666666667,6.85825242718447,6.89307692307692,37
"39",2004,7,6.30769230769231,13,6.33333333333333,6,NA,6.5,6.27272727272727,12,1,0,2,11,376,310,66,18,105,271,6.86329787234043,6.98774193548387,6.27878787878788,6.16666666666667,6.85142857142857,6.86789667896679,38
"40",2004,8,6.23333333333333,15,6.44444444444444,5.91666666666667,6.16666666666667,6.9,5.9,9,6,3,5,10,391,319,72,21,110,281,6.83913043478261,6.97241379310345,6.24861111111111,6.16666666666667,6.85363636363636,6.83345195729537,39
"41",2004,9,6.72727272727273,11,6.77777777777778,6.5,7,7,6.5,9,2,1,5,6,402,328,74,22,115,287,6.83606965174129,6.96707317073171,6.2554054054054,6.20454545454545,6.86,6.82648083623693,40
"42",2004,10,6.47727272727273,22,6.71052631578947,5,6,5.57142857142857,6.9,19,3,1,7,15,424,347,77,23,122,302,6.81745283018868,6.95302593659942,6.20649350649351,6.19565217391304,6.78606557377049,6.83013245033113,41
"43",2004,11,7.14705882352941,17,7.2,6.75,6.75,7.4,7.04166666666667,15,2,2,5,12,441,362,79,25,127,314,6.83015873015873,6.96325966850829,6.22025316455696,6.24,6.81023622047244,6.83821656050955,42
"44",2004,12,6.60526315789474,19,6.83333333333333,6.21428571428571,6.5,6.72222222222222,6.5,12,7,5,9,10,460,374,86,30,136,324,6.82086956521739,6.95909090909091,6.21976744186046,6.28333333333333,6.80441176470588,6.82777777777778,43
"45",2005,1,6.74074074074074,27,6.81818181818182,6.4,7,7.08333333333333,6.64285714285714,22,5,2,6,21,487,396,91,32,142,345,6.81642710472279,6.95126262626263,6.22967032967033,6.328125,6.81619718309859,6.81652173913043,44
"46",2005,2,6.32,20,6.61428571428571,5.63333333333333,6.6,6.68571428571429,6.12307692307692,14,6,3,7,13,507,410,97,35,149,358,6.79684418145957,6.93975609756098,6.19278350515464,6.35142857142857,6.81006711409396,6.7913407821229,45
"47",2005,3,7,16,7.04545454545455,6.9,8,7.42857142857143,6.66666666666667,11,5,1,7,9,523,421,102,36,156,367,6.80305927342256,6.94251781472684,6.22745098039216,6.39722222222222,6.83782051282051,6.78828337874659,46
"48",2005,4,6.4,20,6.96153846153846,5.35714285714286,4.5,6.19230769230769,6.78571428571429,13,7,2,13,7,543,434,109,38,169,374,6.78821362799263,6.94308755760369,6.17155963302752,6.29736842105263,6.78816568047337,6.78823529411765,47
"49",2005,5,6.1,20,6.38461538461539,5.57142857142857,6.33333333333333,6.5,5.92857142857143,13,7,3,6,14,563,447,116,41,175,388,6.76376554174068,6.92684563758389,6.13534482758621,6.3,6.77828571428571,6.75721649484536,48
"50",2005,6,6.80769230769231,13,7.05,6,6,7.3,6.5,10,3,2,5,8,576,457,119,43,180,396,6.76475694444445,6.92954048140044,6.13193277310924,6.28604651162791,6.79277777777778,6.7520202020202,49
"51",2005,7,6.66666666666667,15,6.54545454545455,7,7,6.66666666666667,6.66666666666667,11,4,3,6,9,591,468,123,46,186,405,6.76226734348562,6.92051282051282,6.16016260162602,6.33260869565217,6.78870967741936,6.75012345679012,50
"52",2005,8,6.625,20,6.67647058823529,6.33333333333333,NA,6.68181818181818,6.55555555555556,17,3,0,11,9,611,485,126,46,197,414,6.75777414075286,6.9119587628866,6.16428571428571,6.33260869565217,6.78274111675127,6.74589371980676,51
"53",2005,9,6.23684210526316,19,6.46666666666667,5.375,NA,6.58333333333333,6.07692307692308,15,4,0,6,13,630,500,130,46,203,427,6.74206349206349,6.8986,6.14,6.33260869565217,6.77684729064039,6.72552693208431,52
"54",2005,10,6.42307692307692,13,6.8125,5.8,6,6.66666666666667,6.35,8,5,4,3,10,643,508,135,50,206,437,6.73561430793157,6.89724409448819,6.12740740740741,6.306,6.7752427184466,6.71693363844394,53
"55",2005,11,6.61739130434783,23,6.68823529411765,6.41666666666667,7,6.625,6.61333333333333,17,6,1,8,15,666,525,141,51,214,452,6.73153153153153,6.89047619047619,6.13971631205674,6.31960784313726,6.7696261682243,6.71349557522124,54
"56",2005,12,6.77586206896552,29,7,6.35,5.5,6.8,6.76315789473684,19,10,2,10,19,695,544,151,53,224,471,6.73338129496403,6.89430147058823,6.15364238410596,6.28867924528302,6.77098214285714,6.71549893842887,55
"57",2006,1,6.37096774193548,31,6.58695652173913,5.75,6,6.25,6.44736842105263,23,8,3,12,19,726,567,159,56,236,490,6.71790633608815,6.88183421516755,6.13333333333333,6.27321428571429,6.74449152542373,6.70510204081633,56
"58",2006,2,6.5,16,6.53846153846154,6.33333333333333,8,6.83333333333333,6.3,13,3,1,6,10,742,580,162,57,242,500,6.71320754716981,6.87413793103448,6.13703703703704,6.30350877192982,6.74669421487603,6.697,57
"59",2006,3,6.79411764705882,17,7.03846153846154,6,NA,7.66666666666667,6.31818181818182,13,4,0,6,11,759,593,166,57,248,511,6.71501976284585,6.87774030354131,6.13373493975904,6.30350877192982,6.76895161290323,6.68884540117417,58
"60",2006,4,6,10,6.28571428571429,5.33333333333333,6,5.5,6.125,7,3,1,2,8,769,600,169,58,250,519,6.70572171651495,6.87083333333333,6.11952662721893,6.29827586206897,6.7588,6.68015414258189,59
"61",2006,5,6.675,20,7.02941176470588,4.66666666666667,NA,7.07142857142857,6.46153846153846,17,3,0,7,13,789,617,172,58,257,532,6.70494296577947,6.87520259319287,6.09418604651163,6.29827586206897,6.76731517509728,6.67481203007519,60
"62",2006,6,6.81578947368421,19,6.79166666666667,6.85714285714286,7.33333333333333,5.33333333333333,7.09375,12,7,3,3,16,808,629,179,61,260,548,6.70754950495049,6.87360890302067,6.12402234636871,6.34918032786885,6.75076923076923,6.68704379562044,61
"63",2006,7,6.38461538461539,26,6.44736842105263,6.21428571428571,7,6.16666666666667,6.5,19,7,2,9,17,834,648,186,63,269,565,6.69748201438849,6.86111111111111,6.12741935483871,6.36984126984127,6.73122676579926,6.68141592920354,62
"64",2006,8,6.57894736842105,19,6.85714285714286,5.8,6.5,6.41666666666667,6.65384615384615,14,5,2,6,13,853,662,191,65,275,578,6.69484173505275,6.86102719033233,6.11884816753927,6.37384615384615,6.72436363636364,6.68079584775086,63
"65",2006,9,6.36363636363636,22,6.25,6.66666666666667,7.5,6.57142857142857,6.26666666666667,16,6,2,7,15,875,678,197,67,282,593,6.68651428571429,6.84660766961652,6.13553299492386,6.40746268656716,6.72056737588653,6.67032040472175,64
"66",2006,10,6.34210526315789,19,6.36666666666667,6.25,NA,6.25,6.36666666666667,15,4,0,4,15,894,693,201,67,286,608,6.67919463087248,6.83621933621934,6.13781094527363,6.40746268656716,6.71398601398602,6.66282894736842,65
"67",2006,11,6.71739130434783,23,6.85294117647059,6.33333333333333,5,6.95,6.66842105263158,17,6,1,4,19,917,710,207,68,290,627,6.68015267175573,6.83661971830986,6.14347826086956,6.38676470588235,6.71724137931035,6.66299840510367,66
"68",2006,12,6.895,20,7.26,5.8,4.5,7.27142857142857,6.69230769230769,15,5,2,7,13,937,725,212,70,297,640,6.68473852721451,6.84537931034483,6.13537735849057,6.33285714285714,6.73030303030303,6.66359375,67
"69",2007,1,6.2075,40,6.70714285714286,5.04166666666667,5.6,5.92941176470588,6.41304347826087,28,12,5,17,23,977,753,224,75,314,663,6.66519959058342,6.8402390438247,6.07678571428571,6.284,6.68694267515924,6.65490196078431,68
"70",2007,2,6.50754904761905,21,6.53333333333333,6.44308833333333,6.5,6.33333333333333,6.57723533333333,15,6,2,6,15,998,768,230,77,320,678,6.66188229458918,6.83424479166667,6.08634143478261,6.28961038961039,6.6803125,6.65318367256637,69
"71",2007,3,6.65714285714286,21,6.89090909090909,6.4,7.33333333333333,6.86363636363636,6.43,11,10,3,11,10,1019,779,240,80,331,688,6.66178462217861,6.83504492939666,6.09941054166667,6.32875,6.68640483383686,6.64993972383721,70
"72",2007,4,6.83333333333333,18,7.07692307692308,6.2,NA,7.16666666666667,6.66666666666667,13,5,0,6,12,1037,792,245,80,337,700,6.66476232401157,6.83901515151515,6.1014633877551,6.32875,6.69495548961424,6.65022647142857,71
"73",2007,5,6.44736842105263,19,6.79166666666667,5.85714285714286,5.33333333333333,6.16666666666667,6.57692307692308,12,7,3,6,13,1056,804,252,83,343,713,6.66085088068182,6.83830845771144,6.09467670634921,6.29277108433735,6.68571428571429,6.64888994389902,72
"74",2007,6,6.54166666666667,36,6.98275862068965,4.71428571428571,5.33333333333333,6.64444444444444,6.50740740740741,29,7,6,9,27,1092,833,259,89,352,740,6.65692173076923,6.84333733493397,6.05736884169884,6.22808988764045,6.68465909090909,6.64372774324324,73
"75",2007,7,6.845,20,6.92857142857143,6.65,7.225,6.7375,6.91666666666667,14,6,4,8,12,1112,847,265,93,360,752,6.66030443345324,6.84474616292798,6.07078690566038,6.27096774193548,6.68583333333333,6.64808315159574,74
"76",2007,8,6.54761904761905,21,6.70588235294118,5.875,5,6.57142857142857,6.53571428571429,17,4,1,7,14,1133,864,269,94,367,766,6.65821582524272,6.84201388888889,6.06787557620818,6.25744680851064,6.68365122615804,6.64602941253264,75
"77",2007,9,6.69047619047619,21,6.76666666666667,6.5,6.66666666666667,6.27777777777778,7,15,6,3,9,12,1154,879,275,97,376,778,6.65880288561525,6.84072810011377,6.07730374545454,6.2701030927835,6.67393617021277,6.65148911311054,76
"78",2007,10,6.81153846153846,26,6.84,6.77272727272727,6.58333333333333,6.86363636363636,6.77333333333333,15,11,6,11,15,1180,894,286,103,387,793,6.66216824576271,6.8407158836689,6.1040508041958,6.28834951456311,6.67932816537468,6.65379385876419,77
"79",2007,11,6.21666666666667,24,6.62941176470588,5.21428571428571,5.5,5.75,6.37222222222222,17,7,3,6,18,1204,911,293,106,393,811,6.65328781561462,6.83677277716795,6.08279361774744,6.26603773584906,6.66513994910942,6.64754442663379,78
"80",2007,12,6.5234375,32,6.84375,5.5625,5.25,6.25,6.73611111111111,24,8,2,14,18,1236,935,301,108,407,829,6.64992599514563,6.83695187165775,6.06896521594684,6.24722222222222,6.65085995085995,6.6494674668275,79
"81",2008,1,5.96969696969697,33,6.30434782608696,5.2,5.75,5.67857142857143,6.18421052631579,23,10,4,14,19,1269,958,311,112,421,848,6.63223682427108,6.82416492693111,6.04102421221865,6.22946428571429,6.61852731591449,6.63904307783019,80
"82",2008,2,6.37068965517241,29,7,5.59615384615385,6.5,6.3125,6.41176470588235,16,13,2,12,17,1298,974,324,114,433,865,6.62639332049307,6.82705338809035,6.02317447530864,6.23421052631579,6.61004618937644,6.63457633526012,81
"83",2008,3,6.55882352941176,34,6.66666666666667,6.3,6.875,6.625,6.5,24,10,4,16,18,1332,998,334,118,449,883,6.62466856606606,6.82319639278557,6.03146266467066,6.25593220338983,6.61057906458797,6.63183298980747,82
"84",2008,4,6.50967709677419,31,6.4719996,6.66666666666667,7.5,6.8583325,6.28947368421053,25,6,2,12,19,1363,1023,340,120,461,902,6.62205320616287,6.81461387096774,6.04267214705882,6.27666666666667,6.61702817787419,6.62462143015521,83
"85",2008,5,6.64705882352941,17,6.9375,6.38888888888889,6.2,6.9,6.54166666666667,8,9,5,5,12,1380,1031,349,125,466,914,6.62236124637681,6.81556740058196,6.05160037249284,6.2736,6.62006435622318,6.62353230853392,84
"86",2008,6,6.70454545454545,22,6.63333333333333,6.85714285714286,6.75,6.75,6.67857142857143,15,7,2,8,14,1402,1046,356,127,474,928,6.62365087018545,6.81295410133843,6.06743969101124,6.28110236220472,6.6222573628692,6.62436264008621,85
"87",2008,7,6.14102564102564,39,7,5.325,5.07692307692308,5.41666666666667,6.76190476190476,19,20,13,18,21,1441,1065,376,140,492,949,6.61058884108258,6.81629107042254,6.02794821808511,6.16928571428571,6.57815038617886,6.62740624868282,86
"88",2008,8,6.209375,32,6.725,5.9,5.65384615384615,6.18888888888889,6.21739130434783,12,20,13,9,23,1473,1077,396,153,501,972,6.60187272233537,6.81527389972145,6.02148618686869,6.12549019607843,6.57115766467066,6.61770424897119,87
"89",2008,9,6.33035714285714,28,6.72058823529412,5.72727272727273,6,6.125,6.4125,17,11,8,8,20,1501,1094,407,161,509,992,6.59680780812791,6.81380255027422,6.01353447174447,6.11925465838509,6.56414536345776,6.61356706653226,88
"90",2008,10,6.44074074074074,27,6.81764705882353,5.8,5.66666666666667,6.42,6.45294117647059,17,10,9,10,17,1528,1111,417,170,519,1009,6.59405007853403,6.81386137713772,6.00841374100719,6.09529411764706,6.56136799614644,6.61086078295342,89
"91",2008,11,6.09736842105263,38,6.49791666666667,5.41071428571429,5.4,5.74166666666667,6.26153846153846,24,14,10,12,26,1566,1135,431,180,531,1035,6.58199777777778,6.80718060792952,5.98899890951276,6.05666666666667,6.54284367231638,6.60208553623188,90
"92",2008,12,6.498,25,6.715625,6.11111111111111,6.33333333333333,6,6.73235294117647,16,9,3,8,17,1591,1151,440,183,539,1052,6.58067788812068,6.80590789748045,5.99149665909091,6.06120218579235,6.53478662337662,6.60419061787072,91
"93",2009,1,6.40775862068966,58,6.41621621621622,6.39285714285714,6.30357142857143,6.23076923076923,6.45888888888889,37,21,14,13,45,1649,1188,461,197,552,1097,6.57459582777441,6.79377103535354,6.00977989154013,6.07842639593909,6.52762679347826,6.59823020054695,92
"94",2009,2,6.42432432432432,37,6.708,5.83333333333333,5.33333333333333,6.37,6.44444444444444,25,12,6,10,27,1686,1213,473,203,562,1124,6.57129805456702,6.79200328936521,6.00530344608879,6.0564039408867,6.52482204626335,6.59453605871886,93
"95",2009,3,6.5,32,6.84375,6.15625,5.59090909090909,5.9375,6.6875,16,16,11,8,24,1718,1229,489,214,570,1148,6.56997003492433,6.79267696501221,6.01024239263804,6.03247663551402,6.51657892982456,6.59647955574913,94
"96",2009,4,6.49032258064516,31,6.46111111111111,6.53076923076923,5.75,6,6.58461538461538,18,13,4,5,26,1749,1247,502,218,575,1174,6.56855833047456,6.78789093023256,6.02372217131474,6.02729357798165,6.51208693913043,6.59621680579216,95
"97",2009,5,6.36538461538461,26,6.66666666666667,6.10714285714286,6.25,6,6.5,12,14,6,7,19,1775,1259,516,224,582,1193,6.56558226478873,6.78673549642573,6.02598552325581,6.03325892857143,6.50592781786942,6.5946844341995,96
"98",2009,6,6.40555555555556,36,6.66666666666667,6.04,6.0625,6.46153846153846,6.37391304347826,21,15,8,13,23,1811,1280,531,232,595,1216,6.56240117062397,6.7847656171875,6.02638141242938,6.03426724137931,6.50495796638655,6.59050865953947,97
"99",2009,7,6.35322580645161,31,6.725,6.04705882352941,5.9,6.34545454545455,6.3575,14,17,12,11,20,1842,1294,548,244,606,1236,6.55888084690554,6.78411900309119,6.0270228649635,6.02766393442623,6.50206268976898,6.58673829288026,98
"100",2009,8,6.75666666666667,30,6.72222222222222,6.80833333333333,6.38571428571429,7,6.708,18,12,7,5,25,1872,1312,560,251,611,1261,6.56205049145299,6.78326980945122,6.04376523214286,6.03764940239044,6.50613746317512,6.58914237113402,99
"101",2009,9,6.36111111111111,27,6.65,6.09285714285714,6.4375,6.08333333333333,6.44047619047619,13,14,8,6,21,1899,1325,574,259,617,1282,6.55919353343865,6.78196225660377,6.04496259581882,6.05,6.50202591572123,6.58670712168487,100
"102",2009,10,5.99705882352941,34,6.25,5.63571428571429,4.83333333333333,6.04,5.97916666666667,20,14,6,10,24,1933,1345,588,265,627,1306,6.54930601138127,6.77405203717472,6.03521858843537,6.02245283018868,6.49465708133971,6.57554251914242,101
"103",2009,11,6.50731707317073,41,6.70740740740741,6.12142857142857,5.9,6.225,6.62413793103448,27,14,6,12,29,1974,1372,602,271,639,1335,6.54843390070922,6.77274051749271,6.0372234717608,6.01974169741697,6.48959309859155,6.57659814981273,102
"104",2009,12,5.87575757575758,33,6.28461538461538,5.61,5.44666666666667,5.8375,5.888,13,20,15,8,25,2007,1385,622,286,647,1360,6.5373734529148,6.76815883754513,6.02348638263666,5.98968531468531,6.48153012364761,6.56394009558824,103
"105",2010,1,6.49868421052632,38,6.58125,6.35714285714286,6.1125,6.25,6.52794117647059,24,14,8,4,34,2045,1409,636,294,651,1394,6.53665453300734,6.76497515259049,6.03083102201258,5.99302721088435,6.48010751152074,6.56306207317073,104
"106",2010,2,6.11538461538461,26,7.03571428571429,5.04166666666667,5.27777777777778,4.71428571428571,6.63157894736842,14,12,9,7,19,2071,1423,648,303,658,1413,6.53136577498793,6.76763878425861,6.01251316358025,5.97178217821782,6.46132217325228,6.56398338995046,105
"107",2010,3,6.90769230769231,13,7.25714285714286,6.5,6,8.15,6.68181818181818,7,6,3,2,11,2084,1430,654,306,660,1424,6.53371330134357,6.77003495804196,6.01698551987768,5.97205882352941,6.46643937878788,6.56489363061798,106
"108",2010,4,6.19583333333333,24,6.46666666666667,5.74444444444444,6.5,8.5,6.09565217391304,15,9,2,1,23,2108,1445,663,308,661,1447,6.52986647058824,6.76688580622837,6.01328586726998,5.97548701298701,6.4695158698941,6.55743505874223,107
"109",2010,5,6.08333333333333,18,6.78571428571429,3.625,4.25,5.6,6.26923076923077,14,4,2,5,13,2126,1459,667,310,666,1460,6.52608585136407,6.76706647703907,5.99896331334333,5.96435483870968,6.46298797297297,6.55486885616439,108
"110",2010,6,6.92,15,7.03333333333333,6.75,6.625,7.325,6.77272727272727,9,6,4,4,11,2141,1468,673,314,670,1471,6.52884564222326,6.76869890326976,6.00565903417533,5.97277070063694,6.46813431343284,6.55649798096533,109
"111",2010,7,6.41666666666667,12,6.91666666666667,5.91666666666667,5.66666666666667,7,6.3,6,6,3,2,10,2153,1474,679,317,672,1481,6.52822039944264,6.76930121438263,6.00487265095729,5.9698738170347,6.46971724702381,6.55476605671844,110
"112",2010,8,6.45263157894737,19,6.96363636363636,5.75,5.5,6.66666666666667,6.35384615384615,11,8,4,6,13,2172,1485,687,321,678,1494,6.52755917127072,6.77074073400673,6.00190470160116,5.96401869158879,6.47146016224189,6.55301775769746,111
"113",2010,9,6.19230769230769,13,6.16666666666667,6.25,8,8,6.04166666666667,9,4,1,1,12,2185,1494,691,322,679,1506,6.52556454004577,6.76710173360107,6.00334085383502,5.97034161490683,6.47371132547865,6.54894324701195,112
"114",2010,10,6.30769230769231,26,6.88461538461539,5.73076923076923,5.4,5.83333333333333,6.45,13,13,10,6,20,2211,1507,704,332,685,1526,6.52300249660787,6.76811545454546,5.99830757102272,5.95316265060241,6.46810217518248,6.54764648099607,113
"115",2010,11,6.15740740740741,27,6.20588235294118,6.075,6.75,6.47222222222222,6,17,10,5,9,18,2238,1524,714,337,694,1544,6.51859183199285,6.76184382545932,5.99938169467787,5.96498516320475,6.46815560518732,6.54126200129534,114
"116",2010,12,6.18333333333333,24,6.28571428571429,6.04,6.2,6.25,6.16111111111111,14,10,7,6,18,2262,1538,724,344,700,1562,6.51503471264368,6.75750974642393,5.99994272099447,5.96976744186047,6.4662857,6.53688126120359,115
"117",2011,1,6.5551724137931,29,6.7875,6.26923076923077,6.28571428571429,6.07142857142857,6.70909090909091,16,13,7,7,22,2291,1554,737,351,707,1584,6.51554278481013,6.75781852638353,6.0046927137042,5.97606837606838,6.46237622347949,6.53927306186869,116
"118",2011,2,6.42105263157895,19,7.05,5.72222222222222,5.6,6.125,6.5,10,9,5,4,15,2310,1564,746,356,711,1599,6.51476559307359,6.7596866943734,6.00128489276139,5.97078651685394,6.46047818565401,6.53890464665416,117
"119",2011,3,6.16842105263158,19,6.33333333333333,5.88571428571429,5.25,5,6.30588235294118,12,7,2,2,17,2329,1576,753,358,713,1616,6.5119401116359,6.75644034898477,6.0002105312085,5.96675977653631,6.45638147265077,6.53645329826733,118
"120",2011,4,6.41666666666667,12,6.75,5.75,6.5,6.83333333333333,6,8,4,2,6,6,2341,1584,757,360,719,1622,6.51145173857326,6.7564078219697,5.99888841479524,5.96972222222222,6.45952710709319,6.53446888409371,119
"121",2011,5,6.24166666666667,24,6.57857142857143,5.77,5.66666666666667,6.25,6.23888888888889,14,10,3,6,18,2365,1598,767,363,725,1640,6.50871396194503,6.75484980600751,5.99590421121251,5.967217630854,6.45779308965517,6.53122471341464,120
"122",2011,6,6.164,25,6.3,5.92222222222222,5.57142857142857,5.58333333333333,6.34736842105263,16,9,7,6,19,2390,1614,776,370,731,1659,6.50510816736402,6.75034076208178,5.99504965206185,5.95972972972973,6.45061558139535,6.52911906570223,121
"123",2011,7,6.27272727272727,22,6.76923076923077,5.55555555555556,5.5,6.5,6.25,13,9,8,2,20,2412,1627,785,378,733,1679,6.50298860696518,6.75049169637369,5.99001086624204,5.95,6.45075032742156,6.52579424061942,122
"124",2011,8,6.35192307692308,26,6.8125,5.615,5.375,6.33333333333333,6.35434782608696,16,10,4,3,23,2438,1643,795,382,736,1702,6.50137757178015,6.75109555082167,5.98529374842767,5.94397905759163,6.45027172554348,6.52347739717979,123
"125",2011,9,5.9,15,6.625,5.07142857142857,5,5,5.96428571428571,8,7,2,1,14,2453,1651,802,384,737,1716,6.49770017121892,6.75048454875833,5.9773173690773,5.9390625,6.44830392130258,6.51891522727273,124
"126",2011,10,6.17368421052632,19,6.7,5.7,5,5.66666666666667,6.26875,9,10,6,3,16,2472,1660,812,390,740,1732,6.49520975728156,6.7502108373494,5.97390213054187,5.92461538461539,6.44513512162162,6.51660423210162,125
"127",2011,11,6.1758064516129,31,6.359375,5.98,5.91666666666667,6.38333333333333,6.126,16,15,6,6,25,2503,1676,827,396,746,1757,6.49125390331602,6.74647970763723,5.97401273276904,5.92449494949495,6.44463805630027,6.51104640295959,126
"128",2011,12,5.925,20,5.96428571428571,5.83333333333333,5.33333333333333,5.5,6,14,6,3,3,17,2523,1690,833,399,749,1774,6.48676516845026,6.73999999408284,5.97299943577431,5.92005012531328,6.44085445927904,6.50614911499436,127
"129",2012,1,6.33809523809524,21,6.5,6.075,6.16666666666667,6.66666666666667,6.28333333333333,13,8,3,3,18,2544,1703,841,402,752,1792,6.48553794025158,6.73816793305931,5.97396971462544,5.92189054726368,6.44175530585107,6.50391101004464,128
"130",2012,2,6.405,20,6.8,5.8125,5.5,5.6,6.67333333333333,12,8,5,5,15,2564,1715,849,407,757,1807,6.48490971918877,6.73860057725948,5.97244820965842,5.91670761670762,6.43619549537649,6.50531739346984,129
"131",2012,3,6.59090909090909,22,6.57142857142857,6.625,6.25,7,6.52631578947368,14,8,4,3,19,2586,1729,857,411,760,1826,6.48581149265275,6.73724695777906,5.97853970828471,5.91995133819952,6.43842103947369,6.50553588718511,130
"132",2012,4,6,15,6.42857142857143,5.625,5.6,6,6,7,8,5,2,13,2601,1736,865,416,762,1839,6.48300981161092,6.7360022983871,5.97526997687861,5.91610576923077,6.43727032808399,6.5019622240348,131
"133",2012,5,6.47058823529412,17,6.46428571428571,6.5,6.5,6.25,6.5,14,3,1,2,15,2618,1750,868,417,764,1854,6.48292915202445,6.73382856571429,5.97708355990783,5.91750599520384,6.43678009162304,6.50194634843582,132
"134",2012,6,6.55357142857143,14,6.80555555555556,6.1,6.33333333333333,6.875,6.5,9,5,3,2,12,2632,1759,873,420,766,1866,6.48330490881459,6.73419555997726,5.9777875486827,5.92047619047619,6.43792426892951,6.50193383172562,133
"135",2012,7,6.4625,16,6.85,5.81666666666667,6.5,8.1,6.35333333333333,10,6,2,1,15,2648,1769,879,422,767,1881,6.48317919939577,6.73485019219898,5.97668774744027,5.92322274881517,6.44009125162973,6.50074881977672,134
"136",2012,8,6.21190476190476,21,6.82142857142857,5.90714285714286,6.18888888888889,6,6.24722222222222,7,14,9,3,18,2669,1776,893,431,770,1899,6.48104478081679,6.73519143581081,5.97559745800672,5.92877030162413,6.43837661038961,6.4983457240653,135
"137",2012,9,6.57142857142857,14,6.83333333333333,5,5,6,6.66666666666667,12,2,2,2,12,2683,1788,895,433,772,1911,6.48151640700708,6.73585010626398,5.9734173519553,5.92448036951501,6.43724091968912,6.4994026844584,136
"138",2012,10,5.9375,8,6.2,5.5,6.25,6,5.91666666666667,5,3,2,2,6,2691,1793,898,435,774,1917,6.47989911557042,6.73435582264361,5.97183577951002,5.92597701149425,6.43611109819122,6.49757878455921,137
"139",2012,11,6.69655172413793,29,6.79375,6.57692307692308,6.25,6.5,6.71923076923077,16,13,6,3,26,2720,1809,911,441,777,1943,6.48220901470589,6.73488114427861,5.98047039517014,5.93038548752835,6.43635777348778,6.50054479155945,138
"140",2012,12,6.05625,16,6.24166666666667,5.5,5.66666666666667,4.9,6.58181818181818,12,4,3,5,11,2736,1821,915,444,782,1954,6.47971802631579,6.73163096650192,5.97836997814207,5.92860360360361,6.4265345140665,6.50100231832139,139
"141",2013,1,6.82258064516129,31,7.04761904761905,6.35,6.5,7.25,6.72,21,10,4,6,25,2767,1842,925,448,788,1979,6.48355927719552,6.73523343648209,5.9823876,5.93370535714286,6.43280455583757,6.50376883779687,140
"142",2013,2,6.41136363636364,22,6.6,6.13888888888889,6.5,7,6.31842105263158,13,9,4,3,19,2789,1855,934,452,791,1998,6.48298978845465,6.73428570889488,5.98389564239828,5.93871681415929,6.43495573957017,6.50200627127127,141
"143",2013,3,6.53529411764706,17,6.87272727272727,5.91666666666667,5.75,5.75,6.64,11,6,4,2,15,2806,1866,940,456,793,2013,6.48330667141839,6.73510181672026,5.98346652127659,5.93706140350877,6.43322823455233,6.50303454048684,142
"144",2013,4,6.11176470588235,17,5.91666666666667,6.58,6.75,5.83333333333333,6.26363636363636,12,5,2,6,11,2823,1878,945,458,799,2024,6.48106925965286,6.72987219914803,5.98662278306878,5.94061135371179,6.42872339173968,6.50173346343874,143
"145",2013,5,6.075,20,6.17857142857143,5.83333333333333,6.5,5.5,6.21875,14,6,3,4,16,2843,1892,951,461,803,2040,6.47821263454098,6.72579280655391,5.98565565720294,5.94425162689805,6.42409712328767,6.49951398529412,144
"146",2013,6,6.07272727272727,11,6.83333333333333,5.16,NA,7.25,5.81111111111111,6,5,0,2,9,2854,1898,956,461,805,2049,6.47664979677646,6.72613276606955,5.98133737447698,5.94425162689805,6.42614905590062,6.49649025378233,145
"147",2013,7,5.83076923076923,13,6.6,5.35,5.375,6.25,5.64444444444444,5,8,4,4,9,2867,1903,964,465,809,2058,6.47372114405302,6.72580136100893,5.97609806016597,5.93935483870968,6.42527810877627,6.49276410592809,146
"148",2013,8,6.7975,20,6.875,6.72,6.25,6.83333333333333,6.79117647058824,10,10,2,3,17,2887,1913,974,467,812,2075,6.47596415656391,6.72658128071093,5.98373565708419,5.9406852248394,6.42678570197045,6.49520893012048,147
"149",2013,9,6.81818181818182,11,7,6.33333333333333,6,6,7,8,3,1,2,9,2898,1921,977,468,814,2084,6.47726311939269,6.72771993232691,5.98480914022518,5.94081196581197,6.42573708845209,6.49738892994242,148
"150",2013,10,6.17647058823529,17,6.54545454545455,5.5,4.66666666666667,4.5,6.4,11,6,3,2,15,2915,1932,983,471,816,2099,6.47550892624357,6.72668218944099,5.98184997965412,5.93269639065818,6.42101714460784,6.49669296331587,149
"151",2013,11,6.13157894736842,19,6.45833333333333,5.57142857142857,5,5.75,6.23333333333333,12,7,3,4,15,2934,1944,990,474,820,2114,6.47328170415815,6.72502571502058,5.97894801010101,5.92679324894515,6.4177438902439,6.49482428098392,150
"152",2013,12,6.17037037037037,27,6.92222222222222,4.66666666666667,4.4,6.2,6.15789473684211,18,9,5,8,19,2961,1962,999,479,828,2133,6.47051959473151,6.72683485728848,5.96712565565565,5.91085594989562,6.41564008454106,6.49182303328645,151
"153",2014,1,6.52608695652174,23,6.72352941176471,5.96666666666667,6.33333333333333,7.5,6.38,17,6,3,3,20,2984,1979,1005,482,831,2153,6.47094789544236,6.72680646286003,5.96712291542288,5.91348547717842,6.41955474127557,6.49078426846261,152
"154",2014,2,6.31578947368421,19,6.38461538461539,6.16666666666667,6.2,6.6,6.21428571428571,13,6,5,5,14,3003,1992,1011,487,836,2167,6.46996620712621,6.72457328815261,5.96830715133531,5.91642710472279,6.42063395933015,6.48899793724043,153
"155",2014,3,6.32142857142857,14,6.5,5.875,6.5,5,6.42307692307692,10,4,1,1,13,3017,2002,1015,488,837,2180,6.46927693735499,6.72345154345654,5.96793943842364,5.91762295081967,6.41893666666667,6.48860483027523,154
"156",2014,4,6.64666666666667,15,6.625,6.67142857142857,6.375,6.5,6.66923076923077,8,7,4,2,13,3032,2010,1022,492,839,2193,6.47015452506596,6.72305969651741,5.97275785714285,5.92134146341464,6.41912990464839,6.48967557227542,155
"157",2014,5,6.77058823529412,17,7.375,6.23333333333333,6.28,6.51666666666667,6.90909090909091,8,9,5,6,11,3049,2018,1031,497,845,2204,6.47182962282716,6.72564419722498,5.97503252182347,5.92494969818914,6.41982247337278,6.49176884301271,156
"158",2014,6,5.63636363636364,11,6,5,5,5.6,5.66666666666667,7,4,4,5,6,3060,2025,1035,501,850,2210,6.46882631372549,6.72313579753086,5.97126428019323,5.91756487025948,6.4149999882353,6.48952874660634,157
"159",2014,7,5.6,10,6.33333333333333,4.5,4.5,6,5.5,6,4,4,2,8,3070,2031,1039,505,852,2218,6.46599626058632,6.72198423929099,5.96560012512031,5.90633663366337,6.41402580985916,6.48595966185753,158
"160",2014,8,6.54545454545455,11,6.875,5.66666666666667,5.5,6.66666666666667,6.5,8,3,2,3,8,3081,2039,1042,507,855,2226,6.46627994806881,6.7225845953899,5.9647394721689,5.90473372781065,6.41491226900585,6.4860101212938,159
"161",2014,9,5.93636363636364,11,5.85714285714286,6.075,5.93333333333333,5.66666666666667,6.0375,7,4,3,3,8,3092,2046,1046,510,858,2234,6.46439473479948,6.71962365102639,5.96516111854684,5.90490196078432,6.41229602564103,6.48440399731424,160
"162",2014,10,6.24227272727273,22,6.38071428571429,6,5.16666666666667,6.04714285714286,6.33333333333333,14,8,3,7,15,3114,2060,1054,513,865,2249,6.46282547206166,6.71732038349515,5.96542555028463,5.90058479532164,6.40934102890174,6.48339641173855,161
"163",2014,11,5.85,16,6.31,5.08333333333333,5.75,5.62,5.95454545454545,10,6,2,5,11,3130,2070,1060,515,870,2260,6.45969281789138,6.71535265217391,5.9604325754717,5.9,6.4048045862069,6.48082235840708,162
"164",2014,12,6.375,20,6.96,5.79,5.8625,6.42857142857143,6.34615384615385,10,10,8,7,13,3150,2080,1070,523,877,2273,6.45915508571429,6.71652884134615,5.95883974766355,5.89942638623327,6.40499428734322,6.48005214694237,163
"165",2015,1,6.58333333333333,12,6.6875,6.375,5.83333333333333,6.5,6.6,8,4,3,2,10,3162,2088,1074,526,879,2283,6.45962635041113,6.7164176197318,5.96038969273743,5.8990494296578,6.40521045506257,6.48057754270696,164
"166",2015,2,6.3125,16,6.66666666666667,5.25,5.25,7,6.15384615384615,12,4,4,3,13,3178,2100,1078,530,882,2296,6.45888562617999,6.71613332857143,5.95775373840445,5.89415094339623,6.40723354875284,6.47872758275261,165
"167",2015,3,5.92857142857143,14,6.35714285714286,5.5,4.8,5.8,6,7,7,5,5,9,3192,2107,1085,535,887,2305,6.45655968671679,6.71494066919791,5.95480048847926,5.88392523364486,6.40381058624577,6.47685836442516,166
"168",2015,4,5.76923076923077,13,6.07142857142857,5.41666666666667,5.625,5.5,5.9375,7,6,4,5,8,3205,2114,1091,539,892,2313,6.45377176911077,6.71280983443709,5.95184099908341,5.88200371057514,6.39874438340807,6.47499287937743,167
"169",2015,5,6.48,10,6.5,6.475,6.45,6.26666666666667,6.57142857142857,2,8,4,3,7,3215,2116,1099,543,895,2320,6.45385334992224,6.71260869092628,5.95564925386715,5.88618784530387,6.39830166480447,6.47528384913793,168
"170",2015,6,6.42857142857143,7,6.5,6.33333333333333,6,5.5,6.8,4,3,2,2,5,3222,2120,1102,545,897,2325,6.45379842333954,6.71220754245283,5.95667743194192,5.88660550458716,6.39629876254181,6.47598216344086,169
"171",2015,7,7.14545454545455,11,7.45,6.33333333333333,6,6,7.26,8,3,2,1,10,3233,2128,1105,547,898,2335,6.45615172285803,6.71498119830827,5.95770002714932,5.88702010968922,6.39585744988864,6.47933984154176,170
"172",2015,8,6.77857142857143,14,6.44444444444444,7.38,6,6,6.83846153846154,9,5,1,1,13,3247,2137,1110,548,899,2348,6.45754189097629,6.71384182966776,5.96410678378378,5.88722627737226,6.39541711902114,6.48132816439523,171
"173",2015,9,6.30769230769231,13,6.31818181818182,6.25,6.25,6.5,6.29166666666667,11,2,2,1,12,3260,2148,1112,550,900,2360,6.45694433128835,6.71181563780261,5.96462098021582,5.88854545454546,6.39553332222223,6.4803637838983,172
"174",2015,10,6.39285714285714,14,7,5.58333333333333,5.66666666666667,5.25,6.58333333333333,8,6,3,2,12,3274,2156,1118,553,902,2372,6.45667028711057,6.71288496753247,5.9625747137746,5.8873417721519,6.39299333702883,6.48088470910624,173
"175",2015,11,6.25,14,6.61111111111111,5.6,5.33333333333333,NA,6.25,9,5,3,0,14,3288,2165,1123,556,902,2386,6.45579030413625,6.7124618891455,5.96096040071237,5.88435251798561,6.39299333702883,6.47952997904442,174
"176",2015,12,6.33333333333333,24,6.72222222222222,5.16666666666667,4,6,6.36363636363636,18,6,2,2,22,3312,2183,1129,558,904,2408,6.45490293478261,6.7125423683005,5.95673917626218,5.87759856630824,6.39212388274337,6.47847115033222,175
"177",2016,1,6.68421052631579,19,6.91666666666667,6.28571428571429,6.25,NA,6.68421052631579,12,7,4,0,19,3331,2195,1136,562,904,2427,6.45621090363254,6.71365830979499,5.95876631161971,5.88024911032029,6.39212388274337,6.48008180057684,176
"178",2016,2,6.30769230769231,13,6.5,5.66666666666667,7,7.16666666666667,6.05,10,3,1,3,10,3344,2205,1139,563,907,2437,6.45563352870813,6.71268933786848,5.95799695346795,5.88223801065719,6.39468576626241,6.47831700041034,177
"179",2016,3,6.53125,16,6.77272727272727,6,5.33333333333333,7,6.46428571428571,11,5,3,2,14,3360,2216,1144,566,909,2451,6.45599360714286,6.7129873601083,5.95818053321678,5.87932862190813,6.39601759075908,6.47823685434516,178
"180",2016,4,6,15,6.125,5.85714285714286,5.83333333333333,NA,6,8,7,6,0,15,3375,2224,1151,572,909,2466,6.45396696888889,6.71087229766187,5.95756605560382,5.87884615384615,6.39601759075908,6.47532787104623,179
"181",2016,5,6.77272727272727,11,7.05555555555556,5.5,4,4,7.05,9,2,1,1,10,3386,2233,1153,573,910,2476,6.45500251624336,6.7122615270936,5.95677235906331,5.87556719022688,6.39338460439561,6.47764884087237,180
"182",2016,6,5.91666666666667,12,6.2,5.71428571428571,5.5,5.75,6,5,7,4,4,8,3398,2238,1160,577,914,2484,6.45310138905239,6.71111706434316,5.9553090775862,5.87296360485269,6.39056891684902,6.47611051932367,181
"183",2016,7,6.33333333333333,18,6.25,6.5,7,6,6.4,12,6,2,3,15,3416,2250,1166,579,917,2499,6.45247029274005,6.70865777333333,5.95811194682675,5.87685664939551,6.3892911559433,6.47565367346939,182
"184",2016,8,6.16666666666667,12,6.41666666666667,5.91666666666667,5.625,NA,6.16666666666667,6,6,4,0,12,3428,2256,1172,583,917,2511,6.45146981330222,6.70788120124114,5.95789976962457,5.87512864493997,6.3892911559433,6.47417703305456,183
"185",2016,9,5.90909090909091,11,5.7,6.08333333333333,5.83333333333333,5,6.11111111111111,5,6,3,2,9,3439,2261,1178,586,919,2520,6.44973495783658,6.70565236178682,5.95853865025467,5.87491467576792,6.38626767138194,6.47288036904762,184
"186",2016,10,6.36111111111111,18,6.55555555555556,6.16666666666667,6.16666666666667,6,6.38235294117647,9,9,3,1,17,3457,2270,1187,589,920,2537,6.44927350882268,6.70505726431718,5.96011670598146,5.87640067911715,6.38584781521739,6.47227376034687,185
"187",2016,11,6.32666666666667,21,6.14307692307692,6.625,6.5,6.25,6.33473684210526,13,8,5,2,19,3478,2283,1195,594,922,2556,6.44853321449109,6.70185720105125,5.96456780753138,5.88164983164983,6.38555313449024,6.47125138106416,186
"188",2016,12,6.075,20,6.43333333333333,5,4,6,6.10714285714286,15,5,2,6,14,3498,2298,1200,596,928,2570,6.44639751858205,6.70010443429069,5.960548775,5.8753355704698,6.38306033405173,6.46926791050584,187
"189",2017,1,6.57894736842105,19,6.73076923076923,6.25,6,5.5,6.70588235294118,13,6,3,2,17,3517,2311,1206,599,930,2587,6.44711359681547,6.70027693206404,5.96198883084577,5.87595993322204,6.38116127956989,6.47082277928102,188
"190",2017,2,6.26785714285714,14,6.44444444444444,5.95,6.33333333333333,6.75,6.23076923076923,9,5,3,1,13,3531,2320,1211,602,931,2600,6.44640286604362,6.69928447844828,5.96193933113129,5.87823920265781,6.38155745435016,6.46962251153846,189
"191",2017,3,6.88461538461539,13,7.04545454545455,6,NA,7.66666666666667,6.65,11,2,0,3,10,3544,2331,1213,602,934,2610,6.44801030474041,6.70091805662806,5.96200208573784,5.87823920265781,6.38568521413277,6.47031361302682,190
"192",2017,4,6.05882352941176,17,6.20833333333333,5.7,5.7,5,6.125,12,5,5,1,16,3561,2343,1218,607,935,2626,6.44615235046335,6.69839521553564,5.96092654351395,5.87677100494234,6.38420319786097,6.4682096458492,191
"193",2017,5,6.15277777777778,18,6.45,5.78125,5.3125,5.75,6.26785714285714,10,8,4,4,14,3579,2353,1226,611,939,2640,6.44467687063426,6.69733956226094,5.95975410277324,5.87307692307693,6.38150158679446,6.46714717045455,192
"194",2017,6,6.4,10,6.66666666666667,6,6.5,7,6.33333333333333,6,4,2,1,9,3589,2359,1230,613,940,2649,6.44455238785177,6.69726154726579,5.95988498373983,5.87512234910278,6.38215956382979,6.46669253680634,193
"195",2017,7,6.33333333333333,12,6.22,6.9,7,6.96666666666667,5.7,10,2,1,6,6,3601,2369,1232,614,946,2655,6.44418176062205,6.69524693541579,5.96141114448052,5.87695439739414,6.38586679704017,6.46495989830509,194
"196",2017,8,5.5,17,5.81818181818182,4.91666666666667,5.66666666666667,7.75,5.2,11,6,3,2,15,3618,2380,1238,617,948,2670,6.43974530679934,6.69119327310925,5.95634776252019,5.8759319286872,6.38874471518988,6.45785338202247,195
"197",2017,9,6.135,20,6.55833333333333,5.5,5.66666666666667,6.2,6.11333333333333,12,8,6,5,15,3638,2392,1246,623,953,2685,6.43806996151732,6.69052675167224,5.95341776083467,5.8739165329053,6.38775444910808,6.45592868901304,196
"198",2017,10,6.76666666666667,15,7.25,6.44444444444444,6.33333333333333,7,6.70833333333333,6,9,6,3,12,3653,2398,1255,629,956,2697,6.43941924993156,6.69192660133445,5.95693906772908,5.87829888712242,6.38967572175733,6.4570517352614,197
"199",2017,11,6.1875,20,6.19117647058824,6.16666666666667,6.16666666666667,6.25,6.18055555555556,17,3,3,2,18,3673,2415,1258,632,958,2715,6.43804751429349,6.68840165217392,5.95743921303656,5.87966772151899,6.38938412317328,6.45521861141805,198
"200",2017,12,6,6,7.33333333333333,4.66666666666667,2,8,5.6,3,3,1,1,5,3679,2418,1261,633,959,2720,6.43733311225877,6.68920181555004,5.95436838223632,5.87353870458136,6.3910635974974,6.45364651838235,199
"201",2018,1,5.9625,32,6.15,5.65,5.6875,5.9,5.96896551724138,20,12,8,3,29,3711,2438,1273,641,962,2749,6.43323862031797,6.68477850287121,5.95149923802042,5.87121684867395,6.38953221413722,6.44853347762823,200
"202",2018,2,6.08823529411765,17,6.6,5.35714285714286,5.35714285714286,6.7,5.83333333333333,10,7,7,5,12,3728,2448,1280,648,967,2761,6.43166537553648,6.68443218545752,5.9482488515625,5.86566358024692,6.39113752843847,6.44585966316552,201
"203",2018,3,5.875,8,6,5.66666666666667,5.66666666666667,6,5.83333333333333,5,3,3,2,6,3736,2453,1283,651,969,2767,6.43047337259101,6.68303709335508,5.947590436477,5.86474654377881,6.39033022703819,6.44453145283701,202
"204",2018,4,6.525,12,6.5,6.6,6,NA,6.525,9,3,2,0,12,3748,2462,1286,653,969,2779,6.43077601921025,6.68236798943948,5.94911238724728,5.86516079632466,6.39033022703819,6.44487892407341,203
"205",2018,5,6.28571428571429,7,6.5,6,6,NA,6.28571428571429,4,3,1,0,7,3755,2466,1289,654,969,2786,6.43050559786951,6.68207217761557,5.9492308223429,5.86536697247707,6.39033022703819,6.44447901292175,204
"206",2018,6,6.365,10,6.53,6.2,5.66666666666667,6.5,6.33125,5,5,3,2,8,3765,2471,1294,657,971,2794,6.4303316122178,6.68176446377985,5.95019979134467,5.8644596651446,6.39055611740474,6.44415480672871,205
"207",2018,7,5.71428571428571,7,6.5,5.4,5,NA,5.71428571428571,2,5,3,0,7,3772,2473,1299,660,971,2801,6.42900278897137,6.68161746461787,5.94808200923787,5.86053030303031,6.39055611740474,6.44233078543377,206
"208",2018,8,6.42307692307692,13,7,5.5,5.5,6.6,6.3125,8,5,5,5,8,3785,2481,1304,665,976,2809,6.42898243593131,6.6826440910923,5.94636390337423,5.85781954887219,6.39162908811476,6.44196102883589,207
"209",2018,9,5.58461538461538,13,6.08333333333333,5.15714285714286,5.36666666666667,5.625,5.56666666666667,6,7,3,4,9,3798,2487,1311,668,980,2818,6.42609229067931,6.68119822677925,5.94214990846682,5.85561377245509,6.38849998979592,6.4391655535841,208
"210",2018,10,5.83333333333333,12,6.22222222222222,4.66666666666667,4.66666666666667,4.5,6.1,9,3,3,2,10,3810,2496,1314,671,982,2828,6.42422533333333,6.67954326522436,5.93923784627093,5.85029806259315,6.38465375763748,6.43796624115983,209
"211",2018,11,6.6375,16,7.61111111111111,5.38571428571429,5.84,3.25,7.12142857142857,9,7,5,2,14,3826,2505,1321,676,984,2842,6.42511722948249,6.68289021556886,5.93630471612415,5.85022189349113,6.3782825101626,6.44133305066854,210
"212",2018,12,6.86,15,6.74166666666667,7.33333333333333,7,7,6.80909090909091,12,3,2,4,11,3841,2517,1324,678,988,2853,6.42681554803437,6.68317043702821,5.93947018882175,5.85361356932154,6.38079958502025,6.4427509744129,211
"213",2019,1,6.34777777777778,18,6.45833333333333,6.12666666666667,6.44,7,6.21733333333333,12,6,4,3,15,3859,2529,1330,682,991,2868,6.42644688261208,6.68210359430605,5.94031468421052,5.85705278592376,6.38267405650858,6.44157201185495,212
"214",2019,2,5.6,14,6.24,5.24444444444444,5,4,5.72307692307692,5,9,5,1,13,3873,2534,1339,687,992,2881,6.42345946811258,6.68123125098658,5.93563743838685,5.85081513828239,6.38027216733871,6.43832993057966,213
"215",2019,3,6.15,12,6.3,6.04285714285714,5.5,NA,6.15,5,7,2,0,12,3885,2539,1346,689,992,2893,6.42261480566281,6.68048050019693,5.93619504457652,5.84979680696662,6.38027216733871,6.43713395437262,214
"216",2019,4,5.875,8,6,5.5,5.5,NA,5.875,6,2,2,0,8,3893,2545,1348,691,992,2901,6.42148947341382,6.67887622396857,5.93554787091988,5.84878437047757,6.38027216733871,6.4355837745605,215
"217",2019,5,6.67,10,6.8375,6,NA,6,6.74444444444444,8,2,0,1,9,3903,2553,1350,691,993,2910,6.42212619011017,6.67937328241285,5.93564335555555,5.84878437047757,6.37988921450151,6.43653901374571,216
"218",2019,6,6.10769230769231,13,6.625,5.28,5,5.66666666666667,6.24,8,5,3,3,10,3916,2561,1355,694,996,2920,6.42108235955056,6.67920343225303,5.93322400738007,5.84511527377522,6.37774095381526,6.43586593493151,217
"219",2019,7,6.6,10,6.16666666666667,7.25,6,6.5,6.625,6,4,1,2,8,3926,2567,1359,695,998,2928,6.42153808456444,6.67800544994157,5.93709972774098,5.84533812949641,6.37798596192385,6.43638269467213,218
"220",2019,8,6.36363636363636,11,6.28571428571429,6.5,5.5,6,6.57142857142857,7,4,2,4,7,3937,2574,1363,697,1002,2935,6.42137630683262,6.67693861305362,5.93875167278063,5.84434720229556,6.37647703592815,6.4367047802385,219
"221",2019,9,6.11111111111111,9,6.8,5.25,5.33333333333333,NA,6.11111111111111,5,4,3,0,9,3946,2579,1367,700,1002,2944,6.42066865686772,6.67717719658783,5.93673630577908,5.84215714285715,6.37647703592815,6.43570941915761,220
"222",2019,10,5.96666666666667,15,6.38888888888889,5.33333333333333,5.33333333333333,7,5.89285714285714,9,6,3,1,14,3961,2588,1373,703,1003,2958,6.41894938651856,6.67617464837713,5.93409943918427,5.83998577524894,6.37709869391825,6.43314013860717,221
"223",2019,11,6.27777777777778,9,6.5,5.83333333333333,5,5,6.4375,6,3,1,1,8,3970,2594,1376,704,1004,2966,6.41862935012595,6.67576715111797,5.93387974563953,5.83879261363637,6.37572708167331,6.43315189817937,222
"224",2019,12,6.9,10,7.9,5.9,6.125,6.5,7,5,5,4,2,8,3980,2599,1381,708,1006,2974,6.41983882412061,6.6781223509042,5.93375708182476,5.84040960451978,6.37597414512923,6.43467670813719,223
"225",2020,1,6.15,26,6.22777777777778,5.975,5.3,NA,6.15,18,8,6,0,26,4006,2617,1389,714,1006,3000,6.41808749875187,6.67502483377914,5.93399462203024,5.83586834733894,6.37597414512923,6.43220951,224
"226",2020,2,6,20,5.82142857142857,6.41666666666667,NA,4.33333333333333,6.29411764705882,14,6,0,3,17,4026,2631,1395,714,1009,3017,6.41601056135122,6.67048270239453,5.93607063082437,5.83586834733894,6.36990088206145,6.43143139874047,225
"227",2020,3,7.15,8,7.17142857142857,7,NA,NA,7.15,7,1,0,0,8,4034,2638,1396,714,1009,3025,6.41746616757561,6.67181197498105,5.93683275787965,5.83586834733894,6.36990088206145,6.43333174545455,226
"228",2020,4,6.13333333333333,12,6.175,6.05,6.1,NA,6.13333333333333,8,4,2,0,12,4046,2646,1400,716,1009,3037,6.41662346020761,6.67030989795919,5.93715609285714,5.8366061452514,6.36990088206145,6.43214637141917,227
"229",2020,5,6.10117647058824,17,6.21466666666667,5.25,5.25,5,6.248,15,2,2,2,15,4063,2661,1402,718,1011,3052,6.41530359832636,6.6677414468245,5.93617584165478,5.8349721448468,6.36719089020772,6.43124132699869,228
"230",2020,6,5.97826086956522,23,6.05263157894737,5.625,5.83333333333333,6.16666666666667,5.95,19,4,3,3,20,4086,2680,1406,721,1014,3072,6.4128434948605,6.66338059328359,5.93529056187767,5.8349653259362,6.36659762327416,6.42810824544271,229
"231",2020,7,6.5,17,6.86363636363636,5.83333333333333,5.66666666666667,6,6.65384615384615,11,6,3,4,13,4103,2691,1412,724,1018,3085,6.41320461126006,6.66419917874396,5.93485731586402,5.83426795580111,6.3651571611002,6.4290594910859,230
"232",2020,8,6.375,12,6.4375,6.25,NA,7,6.31818181818182,8,4,0,1,11,4115,2699,1416,724,1019,3096,6.41309320048603,6.66352722860319,5.93574754943503,5.83426795580111,6.36578016683023,6.42866554586563,231
"233",2020,9,6.14285714285714,21,6.69230769230769,5.25,5,6.2,6.125,13,8,4,5,16,4136,2712,1424,728,1024,3112,6.41172111218569,6.6636651880531,5.93189503511236,5.82968406593407,6.36497069335938,6.42710428341903,232
"234",2020,10,6.43157894736842,19,6.85,5.71428571428571,5.8,5.425,6.7,12,7,5,4,15,4155,2724,1431,733,1028,3127,6.41181191817088,6.66448604625551,5.93083055904961,5.82948158253752,6.36131321984436,6.42841334505916,233
"235",2020,11,5.77777777777778,18,5.82352941176471,5,5,NA,5.77777777777778,17,1,1,0,18,4173,2741,1432,734,1028,3145,6.40907704768752,6.65927033564393,5.9301805377095,5.82835149863761,6.36131321984436,6.42468951669317,234
"236",2020,12,6.53846153846154,13,7,5.8,5.5,6,6.58333333333333,8,5,2,1,12,4186,2749,1437,736,1029,3157,6.40947886287626,6.66026190978538,5.9297275782881,5.82745923913044,6.36096208940719,6.42529253405132,235
"237",2021,1,5.70967741935484,31,6,5.25,5.14285714285714,5.35714285714286,5.8125,19,12,7,7,24,4217,2768,1449,743,1036,3181,6.4043344842305,6.65572976517341,5.92409836438923,5.82100942126515,6.35417952702703,6.42066913863565,236
"238",2021,2,6.40666666666667,15,6.31,6.6,6.66666666666667,NA,6.40666666666667,10,5,3,0,15,4232,2778,1454,746,1036,3196,6.40434275047259,6.654485237581,5.92642264786795,5.82441018766756,6.35417952702703,6.42060341989988,237
"239",2021,3,6.22857142857143,14,6.5,5.55,5.4,6.1,6.25,10,4,3,2,12,4246,2788,1458,749,1038,3208,6.40376319359397,6.65393112984218,5.9253899382716,5.82271028037384,6.35368977842004,6.41996525249377,238
"240",2021,4,6.875,12,7.375,5.875,5.75,8.33333333333333,6.38888888888889,8,4,2,3,9,4258,2796,1462,751,1041,3217,6.40509124471583,6.65599427396281,5.92525207250342,5.82251664447404,6.35939480307397,6.41987831209201,239
"241",2021,5,6.25,8,6,7,6,7,6.14285714285714,6,2,1,1,7,4266,2802,1464,752,1042,3224,6.404800403188,6.65458957530336,5.92672030737705,5.82275265957447,6.36000958733206,6.41927683933003,240
"242",2021,6,6.58333333333333,6,6.9,5,5,NA,6.58333333333333,5,1,1,0,6,4272,2807,1465,753,1042,3230,6.40505115168539,6.65502671535447,5.92608773378839,5.82166002656043,6.36000958733206,6.4195815882353,241
"243",2021,7,6.44444444444444,9,6.5,6.33333333333333,6.75,6.83333333333333,6.25,6,3,2,3,6,4281,2813,1468,755,1045,3236,6.4051339686989,6.65469605047992,5.92691997956403,5.82411920529802,6.36136841148326,6.41926716007417,242
"244",2021,8,5.44911764705882,17,5.7635,5,5.5,4.78375,5.65384615384615,10,7,2,4,13,4298,2823,1475,757,1049,3249,6.40135261051652,6.6515391392136,5.92252103728813,5.82326287978864,6.35535270734033,6.41620453370268,243
"245",2021,9,6.77272727272727,11,6.7,6.83333333333333,6.33333333333333,5.5,7.05555555555556,5,6,3,2,9,4309,2828,1481,760,1051,3258,6.40230065444419,6.65162481966054,5.92621102633356,5.82527631578948,6.35372501427212,6.41797069674647,244
"246",2021,10,6.30769230769231,13,6.35,6.16666666666667,6.5,5.75,6.40909090909091,10,3,1,2,11,4322,2838,1484,761,1053,3269,6.40201608514577,6.65056201198027,5.92669712264151,5.8261629434954,6.35257833808167,6.41794081676354,245
"247",2021,11,7.14666666666667,9,7.18857142857143,7,NA,7,7.165,7,2,0,1,8,4331,2845,1486,761,1054,3277,6.40356350034634,6.65188576098419,5.9281416756393,5.8261629434954,6.35319259013283,6.41976458040891,246
"248",2021,12,6.16714285714286,14,6.41076923076923,3,3,6.62,5.91555555555556,13,1,1,5,9,4345,2858,1487,762,1059,3286,6.40280173072497,6.65078900979706,5.92617251513114,5.82245406824147,6.35445230406044,6.41838360620816,247
"249",2022,1,6.36342,15,6.49557272727273,6,6,5,6.46080714285714,11,4,4,1,14,4360,2869,1491,766,1060,3300,6.40266624311927,6.65019389682817,5.9263705767941,5.82338120104439,6.35317451886793,6.41856358484849,248
"250",2022,2,6.18461538461538,13,6.64,4.66666666666667,NA,4,6.36666666666667,10,3,0,1,12,4373,2879,1494,766,1061,3312,6.40201802423965,6.6501584890587,5.92384105087015,5.82338120104439,6.35095663524977,6.41837555253623,249
"251",2022,3,6.84125,8,6.95714285714286,6.03,NA,6.24333333333333,7.2,7,1,0,3,5,4381,2886,1495,766,1064,3317,6.40282009130336,6.65090308038808,5.92391206020067,5.82338120104439,6.35065318609023,6.41955376243594,250
"252",2022,4,5.66666666666667,12,5.77777777777778,5.33333333333333,NA,5.5,5.7,9,3,0,2,10,4393,2895,1498,766,1066,3327,6.40080920100159,6.64818870120898,5.92272932576769,5.82338120104439,6.34905721388368,6.41739099188458,251
"253",2022,5,6.28333333333333,15,6.60416666666667,5,4.5,6.25,6.28571428571429,12,3,2,1,14,4408,2907,1501,768,1067,3341,6.40040944192378,6.64800697970417,5.92088509660226,5.81993489583334,6.34896437675727,6.41683921879677,252
"254",2022,6,6.50769230769231,13,6.41818181818182,7,7,NA,6.50769230769231,11,2,2,0,13,4421,2918,1503,770,1067,3354,6.40072490839177,6.64714060657985,5.92232104457751,5.823,6.34896437675727,6.41719136255218,253
"255",2022,7,6.03571428571429,14,6.40909090909091,4.66666666666667,4,4,6.375,11,3,2,2,12,4435,2929,1506,772,1069,3366,6.39957267643743,6.64624659952202,5.91981974103586,5.81827720207254,6.34456968194575,6.41704094771242,254
"256",2022,8,6.82307692307692,13,7.2,6.5875,4.5,4,7.05833333333333,5,8,2,1,12,4448,2934,1514,774,1070,3378,6.40081043615108,6.64719028289025,5.92334777410832,5.81487080103359,6.3423784953271,6.41931907341622,255
"257",2022,9,6.2,5,6.3,5.8,NA,5.8,6.3,4,1,0,1,4,4453,2938,1515,774,1071,3382,6.40058495845498,6.64671759360109,5.92326635643564,5.81487080103359,6.34187207282913,6.41917795091662,256
"258",2022,10,6.46875,16,6.5,6.4375,5.5,5.66666666666667,6.65384615384615,8,8,2,3,13,4469,2946,1523,776,1074,3395,6.40082900425151,6.64631917515275,5.92596751805647,5.81405927835052,6.33998602420857,6.42007653313697,257
"259",2022,11,6.01186666666667,15,6.29755555555556,5.58333333333333,5.33333333333333,4.5,6.11985714285714,9,6,3,1,14,4484,2955,1529,779,1075,3409,6.3995278367529,6.64525695093063,5.92462297580118,5.8122079589217,6.33827440930233,6.41884359929598,258
"260",2022,12,5.57142857142857,7,4.75,6.66666666666667,NA,4.5,6,4,3,0,2,5,4491,2959,1532,779,1077,3414,6.39823710086841,6.64269492734032,5.92607606396867,5.8122079589217,6.33486071494893,6.41823017867604,259
