"","year","month","avg_rating","no_ratings","avg_rating_owned","avg_rating_not_owned","avg_rating_prev_owned","avg_rating_comment","avg_rating_no_comment","no_ratings_owned","no_ratings_not_owned","no_ratings_prev_owned","no_ratings_comment","no_ratings_no_comment","cum_no_ratings","cum_no_ratings_owned","cum_no_ratings_not_owned","cum_no_ratings_prev_owned","cum_no_ratings_comment","cum_no_ratings_no_comment","cum_avg_rating","cum_avg_rating_owned","cum_avg_rating_not_owned","cum_avg_rating_prev_owned","cum_avg_rating_comment","cum_avg_rating_no_comment","month_after_release"
"1",2004,10,7.75,2,8.5,7,NA,7.75,NA,1,1,0,2,0,2,1,1,0,2,0,7.75,8.5,7,NA,7.75,NA,-1
"2",2004,11,6.75,6,8,6.5,NA,6.16666666666667,7.33333333333333,1,5,0,3,3,8,2,6,0,5,3,7,8.25,6.58333333333333,NA,6.8,7.33333333333333,0
"3",2004,12,7,3,7,7,NA,7,7,2,1,0,1,2,11,4,7,0,6,5,7,7.625,6.64285714285714,NA,6.83333333333333,7.2,1
"4",2005,1,7.5,4,7,7.66666666666667,NA,6.5,8.5,1,3,0,2,2,15,5,10,0,8,7,7.13333333333333,7.5,6.95,NA,6.75,7.57142857142857,2
"5",2005,2,6.73333333333333,15,7.83333333333333,6,6.75,6.78571428571429,6,6,9,2,14,1,30,11,19,2,22,8,6.93333333333333,7.68181818181818,6.5,6.75,6.77272727272727,7.375,3
"6",2005,3,6.875,20,7.4,5.3,NA,7,6.77272727272727,15,5,0,9,11,50,26,24,2,31,19,6.91,7.51923076923077,6.25,6.75,6.83870967741935,7.02631578947368,4
"7",2005,4,6.95882352941176,17,7.42857142857143,6.63,3,6.32857142857143,7.4,7,10,1,7,10,67,33,34,3,38,29,6.92238805970149,7.5,6.36176470588235,5.5,6.74473684210526,7.1551724137931,5
"8",2005,5,7.0625,16,7.44444444444444,6.57142857142857,NA,7.375,6.75,9,7,0,8,8,83,42,41,3,46,37,6.94939759036145,7.48809523809524,6.39756097560976,5.5,6.85434782608696,7.06756756756757,6
"9",2005,6,6.85,10,7.9,5.8,6,5.75,7.58333333333333,5,5,1,4,6,93,47,46,4,50,43,6.93870967741935,7.53191489361702,6.33260869565217,5.625,6.766,7.13953488372093,7
"10",2005,7,7.04606060606061,33,7.351,6.57692307692308,7.33333333333333,6.69230769230769,7.276,20,13,3,13,20,126,67,59,7,63,63,6.9668253968254,7.47791044776119,6.3864406779661,6.35714285714286,6.75079365079365,7.18285714285714,8
"11",2005,8,7.07407407407407,27,7.8,6.16666666666667,8,6.96153846153846,7.17857142857143,15,12,1,13,14,153,82,71,8,76,77,6.98575163398693,7.53682926829268,6.34929577464789,6.5625,6.78684210526316,7.18207792207792,9
"12",2005,9,7.11304347826087,23,7.62307692307692,6.45,8,6.66,7.46153846153846,13,10,1,10,13,176,95,81,9,86,90,7.00238636363636,7.54863157894737,6.36172839506173,6.72222222222222,6.77209302325581,7.22244444444444,10
"13",2005,10,6.77142857142857,35,7.25,5.96153846153846,7,6.76923076923077,6.77272727272727,22,13,2,13,22,211,117,94,11,99,112,6.96407582938389,7.49247863247863,6.3063829787234,6.77272727272727,6.77171717171717,7.13410714285714,11
"14",2005,11,6.51838709677419,31,7.42285714285714,5.77352941176471,6.475,6.27272727272727,6.6535,14,17,4,11,20,242,131,111,15,110,132,6.90698347107438,7.48503816793893,6.22477477477477,6.69333333333333,6.72181818181818,7.06128787878788,12
"15",2005,12,6.82413793103448,29,7.08333333333333,6.4,6.5,6.85,6.81052631578947,18,11,2,10,19,271,149,122,17,120,151,6.89811808118081,7.43651006711409,6.2405737704918,6.67058823529412,6.7325,7.02973509933775,13
"16",2006,1,6.66309523809524,42,6.97173913043478,6.28947368421053,8,6.7675,6.56818181818182,23,19,1,20,22,313,172,141,18,140,173,6.86658146964856,7.37436046511628,6.24716312056738,6.74444444444444,6.7375,6.97104046242775,14
"17",2006,2,6.37391304347826,23,7.125,5.55454545454545,6,6.36363636363636,6.38333333333333,12,11,1,11,12,336,184,152,19,151,185,6.83285714285714,7.35809782608696,6.19703947368421,6.70526315789474,6.71026490066225,6.93291891891892,15
"18",2006,3,6.90625,32,7.5,6.23333333333333,5,6.84615384615385,6.94736842105263,17,15,2,13,19,368,201,167,21,164,204,6.83923913043478,7.37009950248756,6.2002994011976,6.54285714285714,6.72103658536585,6.93426470588235,16
"19",2006,4,7.05,20,7.33333333333333,6.2,7,7.41666666666667,6.5,15,5,1,12,8,388,216,172,22,176,212,6.8501030927835,7.3675462962963,6.20029069767442,6.56363636363636,6.76846590909091,6.91787735849057,17
"20",2006,5,6.81724137931035,29,7.03888888888889,6.45454545454545,7,6.625,6.89047619047619,18,11,1,8,21,417,234,183,23,184,233,6.84781774580336,7.34226495726496,6.2155737704918,6.58260869565217,6.76222826086957,6.91540772532189,18
"21",2006,6,7.03478260869565,23,7.23333333333333,6.6625,7,7.06666666666667,7,15,8,1,12,11,440,249,191,24,196,244,6.85759090909091,7.33570281124498,6.23429319371728,6.6,6.78086734693878,6.91922131147541,19
"22",2006,7,6.66538461538462,26,7.23333333333333,5.89090909090909,6.5,6.5,6.72631578947368,15,11,4,7,19,466,264,202,28,203,263,6.8468669527897,7.32988636363636,6.21559405940594,6.58571428571429,6.77118226600985,6.90528517110266,20
"23",2006,8,6.500125,24,6.8003,6.28571428571429,5.66666666666667,6.625375,6.4375,10,14,3,8,16,490,274,216,31,211,279,6.82988367346939,7.31055839416058,6.22013888888889,6.49677419354839,6.76565402843602,6.87845878136201,21
"24",2006,9,6.859375,32,7.23684210526316,6.30769230769231,7.33333333333333,6.75,6.925,19,13,3,12,20,522,293,229,34,223,299,6.83169157088123,7.30577815699659,6.22510917030568,6.57058823529412,6.76481165919282,6.88157190635452,22
"25",2006,10,6.57428571428571,35,6.87391304347826,6,7,6.36666666666667,6.79411764705882,23,12,2,18,17,557,316,241,36,241,316,6.8155170556553,7.27434493670886,6.21390041493776,6.59444444444444,6.73507468879668,6.8768670886076,23
"26",2006,11,6.59677419354839,31,6.94117647058824,6.17857142857143,7.25,6.64285714285714,6.55882352941176,17,14,2,14,17,588,333,255,38,255,333,6.80398469387755,7.25733633633634,6.21196078431372,6.62894736842105,6.73001176470588,6.86063063063063,24
"27",2006,12,7.04,50,7.30645161290323,6.60526315789474,8,7.15,6.96666666666667,31,19,2,20,30,638,364,274,40,275,363,6.82248119122257,7.26151923076923,6.23923357664233,6.6975,6.76055636363636,6.86939393939394,25
"28",2007,1,6.69649122807018,57,7.01212121212121,6.2625,6.33333333333333,6.77272727272727,6.64857142857143,33,24,3,22,35,695,397,298,43,297,398,6.81214820143885,7.24078841309824,6.24110738255033,6.67209302325581,6.76145791245791,6.84997487437186,26
"29",2007,2,6.8542598,50,7.11666666666667,6.4606495,6.5,6.8,6.890433,30,20,4,20,30,745,427,318,47,317,428,6.81497448322148,7.23206791569087,6.25491506289308,6.65744680851064,6.76388958990536,6.85281072429907,27
"30",2007,3,6.73166666666667,60,6.99142857142857,6.368,7.08333333333333,6.8,6.69210526315789,35,25,6,22,38,805,462,343,53,339,466,6.80876520496894,7.21383766233766,6.26315740524781,6.70566037735849,6.76623303834808,6.83970598712446,28
"31",2007,4,6.42777777777778,54,6.65833333333333,6.13958333333333,6.375,6.08333333333333,6.56025641025641,30,24,4,15,39,859,492,367,57,354,505,6.78481488940629,7.17996544715447,6.25507626702997,6.68245614035088,6.73729661016949,6.81812473267327,29
"32",2007,5,6.56444444444444,45,6.81666666666667,6.06,6.475,6.02105263157895,6.96153846153846,30,15,4,19,26,904,522,382,61,373,531,6.77384512168142,7.15908620689655,6.24741620418848,6.66885245901639,6.70081233243968,6.82514687382298,30
"33",2007,6,6.72448979591837,49,7.05555555555556,6.31818181818182,6,6.7,6.73870967741935,27,22,1,18,31,953,549,404,62,391,562,6.77130743966422,7.15399453551913,6.25126977722772,6.65806451612903,6.70077493606138,6.82037898576512,31
"34",2007,7,6.675,36,7.04,5.84545454545455,7,6.76875,6.6,25,11,1,16,20,989,574,415,63,407,582,6.767801809909,7.14902961672474,6.24051322891566,6.66349206349206,6.70344717444717,6.81280582474227,32
"35",2007,8,6.94318181818182,44,7.03846153846154,6.80555555555556,6.4,6.58333333333333,7.19230769230769,26,18,5,18,26,1033,600,433,68,425,608,6.77527201355276,7.14423833333333,6.26400228637413,6.64411764705882,6.69836,6.82903452302632,33
"36",2007,9,6.63125,40,6.79347826086957,6.41176470588235,6.33333333333333,6.54411764705882,6.69565217391304,23,17,3,17,23,1073,623,450,71,442,631,6.76990306616962,7.13128892455859,6.26958442222222,6.63098591549296,6.69242760180995,6.82417272583201,34
"37",2007,10,6.4842,50,6.82692307692308,6.11291666666667,6.66666666666667,6.36529411764706,6.54545454545455,26,24,3,17,33,1123,649,474,74,459,664,6.75718253784506,7.11909553158706,6.26165187763713,6.63243243243243,6.68031154684096,6.81032076807229,35
"38",2007,11,6.61551724137931,58,7.06666666666667,6.02,6.66666666666667,6.36111111111111,6.73,33,25,6,18,40,1181,682,499,80,477,704,6.75022522438611,7.11655865102639,6.24954507014028,6.635,6.66826624737945,6.80575708806818,36
"39",2007,12,6.52131147540984,61,6.93714285714286,5.96153846153846,6.4,6.23809523809524,6.67,35,26,5,21,40,1242,717,525,85,498,744,6.73898227858293,7.10780055788006,6.23528188571429,6.62117647058823,6.6501265060241,6.79845831989247,37
"40",2008,1,6.72571428571429,70,7.01041666666667,6.10454545454545,6.13333333333333,6.80416666666667,6.68478260869565,48,22,6,24,46,1312,765,547,91,522,790,6.73827438262195,7.10169019607843,6.23002374771481,6.58901098901099,6.65720881226054,6.7918392278481,38
"41",2008,2,6.38157894736842,57,6.6875,5.99,5.83333333333333,6.41666666666667,6.35606060606061,32,25,6,24,33,1369,797,572,97,546,823,6.72342292914536,7.08506022584693,6.2195331993007,6.54226804123711,6.64663553113553,6.77436572296476,39
"42",2008,3,6.65,60,6.95161290322581,6.32758620689655,6.28571428571429,6.42857142857143,6.71739130434783,31,29,7,14,46,1429,828,601,104,560,869,6.72034009097271,7.08006400966184,6.22474707154742,6.525,6.64118392857143,6.77134981588032,40
"43",2008,4,6.7588679245283,53,7.01212121212121,6.341,6.134,6.76666666666667,6.75578947368421,33,20,5,15,38,1482,861,621,109,575,907,6.72171794197031,7.07745993031359,6.22849112721417,6.50706422018349,6.64445739130435,6.77069789415656,41
"44",2008,5,6.356,50,6.91304347826087,5.88148148148148,6.57142857142857,6.32380952380952,6.37931034482759,23,27,7,21,29,1532,884,648,116,596,936,6.70978197780679,7.07318212669683,6.21403239197531,6.51094827586207,6.63315939597315,6.75857157051282,42
"45",2008,6,6.92136363636364,44,7.172,6.59157894736842,6.83333333333333,6.94421052631579,6.904,25,19,3,19,25,1576,909,667,119,615,961,6.71568907994924,7.075899889989,6.22478709145427,6.5190756302521,6.64276910569106,6.76235482830385,43
"46",2008,7,6.55952380952381,42,6.98076923076923,5.875,5.35714285714286,6.71428571428571,6.40476190476191,26,16,7,21,21,1618,935,683,126,636,982,6.7116353461063,7.07325454545455,6.21659295754026,6.45452380952381,6.64513050314465,6.75470772912424,44
"47",2008,8,6.64528301886792,53,6.96,6.23478260869565,6.32727272727273,6.29761904761905,6.8734375,30,23,11,21,32,1671,965,706,137,657,1014,6.7095308138839,7.06973367875648,6.21718553824363,6.44430656934307,6.63402283105023,6.75845462524655,45
"48",2008,9,6.62765957446809,47,6.92307692307692,6.26190476190476,6.34615384615385,6.5,6.72222222222222,26,21,13,20,27,1718,991,727,150,677,1041,6.70729103026775,7.06588597376387,6.21847729023384,6.4358,6.6300635155096,6.75751487992315,46
"49",2008,10,6.7625,40,6.85714285714286,6.65789473684211,6.44444444444444,6.33333333333333,6.94642857142857,21,19,9,12,28,1758,1012,746,159,689,1069,6.70854720705347,7.06155434782609,6.22966888739946,6.4362893081761,6.62489550072569,6.76246304022451,47
"50",2008,11,6.42368421052632,38,7.11666666666667,5.8,5.375,5.96153846153846,6.664,18,20,8,13,25,1796,1030,766,167,702,1094,6.7025200389755,7.06251747572816,6.21845037859008,6.38544910179641,6.61261111111111,6.76021297074954,48
"51",2008,12,6.43888888888889,54,6.93103448275862,5.868,6.8,6.42307692307692,6.45357142857143,29,25,5,26,28,1850,1059,791,172,728,1122,6.69482485945946,7.05891690273843,6.20737419721871,6.3975,6.60584203296703,6.75256059714795,49
"52",2009,1,6.4344262295082,61,6.73225806451613,6.12666666666667,6.11538461538461,6.13461538461539,6.65714285714286,31,30,13,26,35,1911,1090,821,185,754,1157,6.68651281527996,7.04962660550459,6.20442507917174,6.37767567567568,6.58959283819629,6.74967414866033,50
"53",2009,2,6.28177083333333,96,7.05,5.86048387096774,6.05769230769231,6.60714285714286,6.19066666666667,34,62,13,21,75,2007,1124,883,198,775,1232,6.66715295964125,7.04963790035587,6.18027518686297,6.35666666666667,6.59006838709677,6.71564366071429,51
"54",2009,3,6.48269230769231,78,6.81470588235294,6.22613636363636,6.26666666666667,6.34705882352941,6.52049180327869,34,44,15,17,61,2085,1158,927,213,792,1293,6.66025227338129,7.04274006908463,6.18245198489752,6.35032863849765,6.58485227272727,6.70643696055685,52
"55",2009,4,6.29480519480519,77,6.43518518518519,6.219,5.91538461538462,6.5,6.253125,27,50,13,13,64,2162,1185,977,226,805,1357,6.64723681313598,7.0288970464135,6.18432240532242,6.32530973451327,6.58348198757764,6.68505747236551,53
"56",2009,5,6.33833333333333,60,6.95,5.93055555555556,6.0625,6.09,6.4625,24,36,8,20,40,2222,1209,1013,234,825,1397,6.6388955850585,7.02733085194375,6.17530403751234,6.31632478632479,6.57151878787879,6.67868503221188,54
"57",2009,6,6.13921568627451,51,6.3625,5.94074074074074,6.47,6.15555555555556,6.13571428571429,24,27,10,9,42,2273,1233,1040,244,834,1439,6.62768411350638,7.0143901054339,6.16921441346154,6.32262295081967,6.56702997601918,6.66283738012509,55
"58",2009,7,6.55882352941176,51,6.96,6.3,6.5,6.47142857142857,6.57272727272727,20,31,7,7,44,2324,1253,1071,251,841,1483,6.62617297332186,7.01352194732642,6.17299999066293,6.32756972111554,6.56623424494649,6.66016385030344,56
"59",2009,8,6.26666666666667,60,6.78260869565217,5.94594594594595,6.3125,5.84615384615385,6.38297872340426,23,37,12,13,47,2384,1276,1108,263,854,1530,6.61712499580537,7.00935971786834,6.16541786101083,6.32688212927757,6.55527283372365,6.6516490130719,57
"60",2009,9,6.34322033898305,59,6.71875,6.08571428571429,6.28125,6.35714285714286,6.33888888888889,24,35,16,14,45,2443,1300,1143,279,868,1575,6.61051002455997,7.00399461538461,6.16297724409449,6.32426523297491,6.55207718894009,6.64271300952381,58
"61",2009,10,6.80408163265306,49,7.14666666666667,6.26315789473684,6,7.05,6.75609756097561,30,19,5,8,41,2492,1330,1162,284,876,1616,6.61431620786517,7.00721278195489,6.16461530981067,6.31855633802817,6.55662442922374,6.64558972153466,59
"62",2009,11,6.22054794520548,73,6.64375,5.89024390243902,5.84615384615385,5.60714285714286,6.36610169491525,32,41,13,14,59,2565,1362,1203,297,890,1675,6.60310954775828,6.99867327459618,6.15526433083957,6.29787878787879,6.54168876404494,6.63574506865672,60
"63",2009,12,6.40144927536232,69,6.77121212121212,6.0625,6.26923076923077,6.27777777777778,6.48095238095238,33,36,13,27,42,2634,1395,1239,310,917,1717,6.59782687547456,6.99329247311828,6.1525689991929,6.29667741935484,6.53391821155943,6.63195864298195,61
"64",2010,1,6.61865671641791,67,6.875,6.38428571428571,6.39666666666667,6.33333333333333,6.68090909090909,32,35,15,12,55,2701,1427,1274,325,929,1772,6.59834357275083,6.99063980378416,6.15893484301413,6.30129230769231,6.5313272335845,6.63347798532732,62
"65",2010,2,6.65102040816326,49,7,6.316,6.1,7.125,6.55853658536585,24,25,5,8,41,2750,1451,1299,330,937,1813,6.59928217818182,6.99079462439697,6.16195765204003,6.29824242424242,6.53639594450373,6.63178322669609,63
"66",2010,3,6.52727272727273,44,6.92857142857143,6.16086956521739,6,6.28571428571429,6.64,21,23,8,14,30,2794,1472,1322,338,951,1843,6.59814817108089,6.98990692934783,6.16193872163389,6.29118343195266,6.53270557308097,6.63191697775367,64
"67",2010,4,6.57586206896552,58,6.68275862068965,6.46896551724138,5.91666666666667,6.77,6.53541666666667,29,29,6,10,48,2852,1501,1351,344,961,1891,6.59769494740533,6.98397268487675,6.16852923019985,6.2846511627907,6.53517481789802,6.62946747223691,65
"68",2010,5,6.335,40,6.49545454545455,6.13888888888889,6,6.25,6.34444444444444,22,18,3,4,36,2892,1523,1369,347,965,1927,6.59406154564315,6.97691595535128,6.16813951059167,6.28219020172911,6.53399274611399,6.62414270368449,66
"69",2010,6,6.68571428571429,21,6.73846153846154,6.6,7,6.9,6.61875,13,8,2,5,16,2913,1536,1377,349,970,1943,6.59472227600412,6.97489778645833,6.17064850399419,6.28630372492837,6.5358793814433,6.62409829644879,67
"70",2010,7,6.41891891891892,37,6.72058823529412,6.1625,6.33333333333333,6.03125,6.52586206896552,17,20,6,8,29,2950,1553,1397,355,978,1972,6.59251728474576,6.97211397295557,6.1705318468146,6.2870985915493,6.53175153374233,6.62265364604463,68
"71",2010,8,6.22121212121212,33,6.62777777777778,5.73333333333333,5.91666666666667,5.8,6.40434782608696,18,15,6,10,23,2983,1571,1412,361,988,1995,6.58840965135769,6.96816868236792,6.16588738668555,6.28094182825485,6.5243451417004,6.62013683709273,69
"72",2010,9,6.25694444444444,36,6.99375,5.6675,5,5.885,6.4,16,20,5,10,26,3019,1587,1432,366,998,2021,6.5844571016893,6.9684265910523,6.15892666899441,6.26344262295082,6.51793887775551,6.61730479465611,70
"73",2010,10,6.30893617021277,47,6.7952380952381,5.91615384615385,6.08333333333333,6.76923076923077,6.13294117647059,21,26,6,13,34,3066,1608,1458,372,1011,2055,6.58023352576647,6.96616480099502,6.15459738683127,6.2605376344086,6.52117012858556,6.60929099270073,71
"74",2010,11,6.47966101694915,59,6.97826086956522,6.16111111111111,6.55,6.50769230769231,6.47173913043478,23,36,10,13,46,3125,1631,1494,382,1024,2101,6.5783347168,6.96633537706928,6.15475434404284,6.26811518324607,6.5209990234375,6.60627938600667,72
"75",2010,12,6.47090909090909,55,6.72424242424242,6.09090909090909,6.92857142857143,6.66666666666667,6.41627906976744,33,22,7,12,43,3180,1664,1516,389,1036,2144,6.5764767264151,6.96153425480769,6.1538278298153,6.28,6.52268629343629,6.60246874533582,73
"76",2011,1,6.60689655172414,58,7.005,6.18035714285714,5.4,6.71818181818182,6.58085106382979,30,28,5,11,47,3238,1694,1544,394,1047,2191,6.57702161519457,6.96230401416765,6.15430893134715,6.26883248730964,6.52474021012416,6.60200501597444,74
"77",2011,2,6.30294117647059,34,6.56666666666667,6.09473684210526,6,6.14285714285714,6.34444444444444,15,19,3,7,27,3272,1709,1563,397,1054,2218,6.5741735910758,6.95883148039789,6.15358476647473,6.26680100755668,6.52220398481973,6.59886969792606,75
"78",2011,3,6.20652173913043,46,6.89285714285714,5.90625,6.08333333333333,6.25,6.2,14,32,6,6,40,3318,1723,1595,403,1060,2258,6.56907654912598,6.95829541497388,6.14862256426332,6.26406947890819,6.52066320754717,6.59180380425155,76
"79",2011,4,6.08330555555556,36,6.80769230769231,5.67386956521739,5.42857142857143,5.70833333333333,6.27079166666667,13,23,7,12,24,3354,1736,1618,410,1072,2282,6.56386254919499,6.95716762672811,6.14187391223733,6.24980487804878,6.51156996268657,6.58842769062226,77
"80",2011,5,6.69404761904762,42,7.21176470588235,6.342,5.41666666666667,7.20454545454545,6.51290322580645,17,25,6,11,31,3396,1753,1643,416,1083,2313,6.56547261189635,6.95963662293212,6.14491904443092,6.23778846153846,6.51860849492151,6.58741547341115,78
"81",2011,6,6.81481481481481,27,7.27272727272727,6.5,6.66666666666667,6.5,6.97222222222222,11,16,6,9,18,3423,1764,1659,422,1092,2331,6.56743937773883,6.96158900226757,6.14834357444243,6.24388625592417,6.51845512820513,6.59038695409695,79
"82",2011,7,6.33714285714286,35,6.925,5.84210526315789,5.625,6.07142857142857,6.40357142857143,16,19,8,7,28,3458,1780,1678,430,1099,2359,6.56510844129555,6.96126011235955,6.14487603694875,6.23237209302326,6.51560782529572,6.58816955913523,80
"83",2011,8,6.59428571428571,35,6.69,6.46666666666667,6.0625,6.53333333333333,6.61538461538461,20,15,8,9,26,3493,1800,1693,438,1108,2385,6.56540079874034,6.95824611111111,6.14772710572947,6.22926940639269,6.51575180505415,6.58846624318658,81
"84",2011,9,6.42583333333333,36,6.50142857142857,6.32,6,6.4,6.43,21,15,4,5,31,3529,1821,1708,442,1113,2416,6.56397704448853,6.95297803404723,6.1492400409836,6.22719457013575,6.51523180592992,6.5864329428808,82
"85",2011,10,6.36375,40,6.97380952380952,5.68947368421053,5.7,6.34166666666667,6.37321428571429,21,19,5,12,28,3569,1842,1727,447,1125,2444,6.56173297562342,6.95321552660152,6.14418181239143,6.22129753914989,6.51338044444444,6.58399017594108,83
"86",2011,11,6.58979591836735,49,6.70869565217391,6.48461538461538,6.5,6.8125,6.54634146341463,23,26,9,8,41,3618,1865,1753,456,1133,2485,6.56211304311775,6.9502,6.14923102681118,6.22679824561404,6.51549249779347,6.58336901006036,84
"87",2011,12,6.52558139534884,43,6.77272727272727,6.26666666666667,6.2,6.46153846153846,6.55333333333333,22,21,6,13,30,3661,1887,1774,462,1146,2515,6.56168396339798,6.94813089560148,6.15062118940248,6.22645021645022,6.51488045375218,6.58301073161034,85
"88",2012,1,6.82909090909091,55,7.00689655172414,6.63076923076923,6.90909090909091,6.95833333333333,6.79302325581395,29,26,11,12,43,3716,1916,1800,473,1158,2558,6.56564181646932,6.94902035490605,6.15755666111111,6.24232558139535,6.51947582037997,6.58654104378421,86
"89",2012,2,6.7375,40,6.95,6.525,7.125,6.5625,6.78125,20,20,4,8,32,3756,1936,1820,477,1166,2590,6.56747204206603,6.94903047520661,6.1615945,6.24972746331237,6.51977101200686,6.58894671428571,87
"90",2012,3,6.35,38,6.78421052631579,5.91578947368421,5.4,6.48333333333333,6.325,19,19,6,6,32,3794,1955,1839,483,1172,2622,6.56529388244597,6.94742864450128,6.15905491571506,6.2391718426501,6.51958447098976,6.58572539664378,88
"91",2012,4,6.29189189189189,37,6.73888888888889,5.86842105263158,4.8,5.25,6.49354838709677,18,19,5,6,31,3831,1973,1858,488,1178,2653,6.56265335160533,6.94552610238216,6.15608287944026,6.2244262295082,6.51311799660441,6.58464831888428,89
"92",2012,5,6.53206896551724,29,7.09230769230769,6.076875,6.5,6.955,6.42173913043478,13,16,7,6,23,3860,1986,1874,495,1184,2676,6.56242357253886,6.94648690835851,6.15540661152614,6.22832323232323,6.51535726351351,6.58324812780269,90
"93",2012,6,6.6,30,7.08333333333333,5.875,6.66666666666667,5.75,6.8125,18,12,3,6,24,3890,2004,1886,498,1190,2700,6.56271336503856,6.94771606786427,6.15362247613998,6.23096385542169,6.51149831932773,6.58528592222222,91
"94",2012,7,6.54416666666667,36,6.75,6.22071428571429,5.5,6.25,6.62821428571429,22,14,2,8,28,3926,2026,1900,500,1198,2728,6.56254329852267,6.94556910167818,6.1541168368421,6.22804,6.50975208681135,6.58572653592375,92
"95",2012,8,6.45,20,6.68181818181818,6.16666666666667,6.6,6.5,6.44117647058824,11,9,5,3,17,3946,2037,1909,505,1201,2745,6.56197288139889,6.94414482081492,6.154176003143,6.23172277227723,6.50972772689425,6.58483132604736,93
"96",2012,9,6.696,25,7.15,6.27692307692308,6.36,5.1,6.91363636363636,12,13,5,3,22,3971,2049,1922,510,1204,2767,6.56281666834551,6.9453504148365,6.15500623829344,6.23298039215686,6.50621511627907,6.58744560534875,94
"97",2012,10,6.49803921568627,51,6.61818181818182,6.40689655172414,6.27857142857143,5.8625,6.61627906976744,22,29,14,8,43,4022,2071,1951,524,1212,2810,6.56199527349577,6.94187493964268,6.15875037929267,6.23419847328244,6.50196617161716,6.58788682918149,95
"98",2012,11,6.46690476190476,42,6.7004347826087,6.18421052631579,5,6.341,6.50625,23,19,5,10,32,4064,2094,1970,529,1222,2842,6.56101254675197,6.93922301814709,6.15899593401015,6.22253308128544,6.50064893617021,6.58696762491203,96
"99",2012,12,6.72083333333333,36,6.99444444444444,6.44722222222222,6.54285714285714,6.8,6.705,18,18,7,6,30,4100,2112,1988,536,1228,2872,6.56241585121951,6.93969365530303,6.16160562877263,6.22671641791045,6.50211156351791,6.58820055362117,97
"100",2013,1,6.42162162162162,37,6.8,5.925,6.5,6.4,6.42666666666667,21,16,3,7,30,4137,2133,2004,539,1235,2902,6.56115663282572,6.93831833098922,6.15971656187624,6.22823747680891,6.50153279352227,6.58653066505858,98
"101",2013,2,6.21951219512195,41,7.01315789473684,5.53409090909091,6.1,5.28571428571429,6.41176470588235,19,22,5,7,34,4178,2152,2026,544,1242,2936,6.55780397079943,6.93897908921933,6.15292299605133,6.22705882352941,6.49468035426731,6.58450680858311,99
"102",2013,3,6.52971794871795,39,6.88888888888889,6.22185714285714,6.99544444444444,6.41211111111111,6.565,18,21,9,9,30,4217,2170,2047,553,1251,2966,6.55754422338155,6.93856359447004,6.15363018563751,6.23956419529837,6.49408633093525,6.58430950438301,100
"103",2013,4,6.61176470588235,34,6.89473684210526,6.25333333333333,6.4,7,6.5448275862069,19,15,5,5,29,4251,2189,2062,558,1256,2995,6.55797788520348,6.93818318867062,6.15435547526673,6.2410017921147,6.49610031847134,6.58392720868114,101
"104",2013,5,6.48068181818182,44,7.15227272727273,5.80909090909091,6.1,5.975,6.56052631578947,22,22,5,6,38,4295,2211,2084,563,1262,3033,6.55718602793947,6.94031343283582,6.1507106477927,6.23974955595027,6.49362282091918,6.58363402242005,102
"105",2013,6,6.65,40,7.135,6.165,6.35714285714286,6.5,6.68181818181818,20,20,7,7,33,4335,2231,2104,570,1269,3066,6.55804244290658,6.94205871806365,6.15084647813688,6.24119122807017,6.49365799842396,6.58469079908676,103
"106",2013,7,6.26206896551724,29,7.04545454545455,5.78333333333333,5.75,7.25,6.104,11,18,6,4,25,4364,2242,2122,576,1273,3091,6.55607561640697,6.94256601248885,6.14772902450518,6.23607465277778,6.49603456402199,6.58080297314785,104
"107",2013,8,6.27857142857143,28,6.98461538461538,5.66666666666667,5.375,6.375,6.2625,13,15,4,4,24,4392,2255,2137,580,1277,3115,6.5543064640255,6.94280842572062,6.14435235844642,6.23013620689655,6.49565544244323,6.57835055858748,105
"108",2013,9,6.24102564102564,39,6.70833333333333,5.84047619047619,6.16666666666667,6,6.31333333333333,18,21,3,9,30,4431,2273,2158,583,1286,3145,6.55154908372828,6.9409516058073,6.14139526876737,6.22980960548885,6.4921866251944,6.57582257233704,106
"109",2013,10,6.22352941176471,34,6.85625,5.66111111111111,6.1,6.8,6.12413793103448,16,18,4,5,29,4465,2289,2176,587,1291,3174,6.54905128555431,6.94035954565312,6.13742232996323,6.22892504258944,6.49337877614252,6.57169564902331,107
"110",2013,11,6.53181818181818,44,7.01304347826087,6.0047619047619,5.7,6.1375,6.61944444444444,23,21,8,8,36,4509,2312,2197,595,1299,3210,6.54888312042582,6.94108261245675,6.13615429676832,6.22181344537815,6.4911870669746,6.57223114953271,108
"111",2013,12,6.67317073170732,41,7,6.29473684210526,6.93333333333333,6.66,6.67741935483871,22,19,6,10,31,4550,2334,2216,601,1309,3241,6.55000307472528,6.94163796058269,6.13751398465704,6.22891680532446,6.49247669977082,6.57323726936131,109
"112",2014,1,6.71875,48,6.98888888888889,6.37142857142857,6.0375,7.04545454545455,6.62162162162162,27,21,8,11,37,4598,2361,2237,609,1320,3278,6.55176467812092,6.94217831427361,6.13970987483236,6.22640229885057,6.49708484848485,6.57378340146431,110
"113",2014,2,6.12727272727273,33,6.49166666666667,5.91904761904762,5.95,6.28571428571429,6.08461538461538,12,21,10,7,26,4631,2373,2258,619,1327,3304,6.54873979486072,6.93990012642225,6.13765765721877,6.22193699515347,6.49596985681989,6.56993401634382,111
"114",2014,3,6.88125,32,6.95294117647059,6.8,6.91666666666667,6.6,6.93333333333333,17,15,6,5,27,4663,2390,2273,625,1332,3331,6.55102165773108,6.93999288702929,6.14202859216894,6.2286064,6.49636036036036,6.57287961272891,112
"115",2014,4,6.71206896551724,29,6.98461538461538,6.490625,6.4375,6.98,6.65625,13,16,4,5,24,4692,2403,2289,629,1337,3355,6.55201704816709,6.94023429047024,6.14446526430755,6.22993481717011,6.49816903515333,6.57347600298063,113
"116",2014,5,6.67894736842105,38,6.70588235294118,6.65714285714286,6.85,6.7,6.67575757575758,17,21,8,5,33,4730,2420,2310,637,1342,3388,6.55303678435518,6.93858801652893,6.14912596969696,6.23772213500785,6.49892101341282,6.57447225206612,114
"117",2014,6,6.23333333333333,27,6.94166666666667,5.66666666666667,6.2,6.9,6.08181818181818,12,15,5,5,22,4757,2432,2325,642,1347,3410,6.55122219676267,6.93860320723684,6.14601332903225,6.23742834890966,6.50040979955457,6.57129383870968,115
"118",2014,7,6.75588235294118,34,7.02352941176471,6.48823529411765,6.8,6.86666666666667,6.716,17,17,5,9,25,4791,2449,2342,647,1356,3435,6.55267459611772,6.93919273172724,6.14849743381724,6.24177588871716,6.5028407079646,6.57234701310044,116
"119",2014,8,6.73225806451613,31,6.95294117647059,6.46428571428571,6.71428571428571,7.03333333333333,6.7,17,14,7,3,28,4822,2466,2356,654,1359,3463,6.55382911447532,6.93928751013788,6.15037393463497,6.24683333333333,6.50401177336277,6.57337914813745,117
"120",2014,9,6.6037037037037,27,7.14285714285714,6.02307692307692,6.875,7.5,6.532,14,13,4,2,25,4849,2480,2369,658,1361,3488,6.55410682408744,6.94043669354839,6.14967538623891,6.25065197568389,6.50547538574577,6.57308256594037,118
"121",2014,10,6.5530303030303,33,7.02941176470588,6.046875,5.8625,6.5125,6.55862068965517,17,16,4,4,29,4882,2497,2385,662,1365,3517,6.55409954731667,6.94104245094113,6.14898574004192,6.24830664652568,6.50549597069597,6.57296331816889,119
"122",2014,11,6.47044444444444,45,7.10217391304348,5.81,5.64285714285714,6.34333333333333,6.51666666666667,23,22,7,12,33,4927,2520,2407,669,1377,3550,6.55333549624518,6.94251309523809,6.14588740756127,6.24197159940209,6.50408278867102,6.5724399971831,120
"123",2014,12,6.51803921568627,51,7.1328,5.92692307692308,6.3875,6.57142857142857,6.50954545454545,25,26,8,7,44,4978,2545,2433,677,1384,3594,6.55297388308558,6.94438231827112,6.14354746814632,6.24369128508124,6.50442341040462,6.57167000278241,121
"124",2015,1,6.33518518518519,54,6.44642857142857,6.21538461538462,6.45714285714286,6.2125,6.35652173913043,28,26,7,8,46,5032,2573,2459,684,1392,3640,6.55063672297297,6.93896346677031,6.14430703131354,6.24587573099415,6.50274568965517,6.56895109615385,122
"125",2015,2,6.24285714285714,49,6.424,6.05416666666667,6.16666666666667,5.5,6.30888888888889,25,24,9,4,45,5081,2598,2483,693,1396,3685,6.54766856721118,6.93400808314088,6.1434357591623,6.24484704184704,6.49987249283668,6.56577530257802,123
"126",2015,3,6.52272727272727,33,6.71666666666667,6.36111111111111,6.08333333333333,6.4,6.54464285714286,15,18,6,5,28,5114,2613,2501,699,1401,3713,6.54750762416895,6.9327604286261,6.14500239504198,6.24346065808298,6.49951605995717,6.56561594128737,124
"127",2015,4,6.36717948717949,39,6.731,5.98421052631579,6,6.222,6.41724137931034,20,19,5,10,29,5153,2633,2520,704,1411,3742,6.54614282747914,6.93122787694645,6.14379007539682,6.24173153409091,6.49754925584692,6.56446605825762,125
"128",2015,5,6.80555555555556,36,7.1,6.4375,6.6,6.92857142857143,6.77586206896552,20,16,5,7,29,5189,2653,2536,709,1418,3771,6.54794256889574,6.93250018846589,6.14564313485804,6.2442581100141,6.49967700987306,6.56609175019889,126
"129",2015,6,6.32285714285714,35,6.78,5.71333333333333,5.16666666666667,6.61,6.208,20,15,3,10,25,5224,2673,2551,712,1428,3796,6.54643453101072,6.93135914702581,6.14310113288906,6.23971769662921,6.50044957983193,6.56373340094837,127
"130",2015,7,6.62916666666667,24,7.51,6,5.83333333333333,6.74,6.6,10,14,3,5,19,5248,2683,2565,715,1433,3815,6.54681287919207,6.93351584047708,6.14232007407407,6.23801258741259,6.50128541521284,6.56391402096986,128
"131",2015,8,6.69571428571429,35,6.78181818181818,6.55,6.6875,6.89285714285714,6.64642857142857,22,13,4,7,28,5283,2705,2578,719,1440,3843,6.54779935453341,6.93228207024029,6.14437586889061,6.24051321279555,6.50318888888889,6.5645152198803,129
"132",2015,9,6.37894736842105,38,6.70555555555556,6.085,6.15,6.0625,6.46333333333333,18,20,8,8,30,5321,2723,2598,727,1448,3873,6.54659349558354,6.93078332721263,6.14391877983063,6.23951719394773,6.50075414364641,6.56373147172734,130
"133",2015,10,6.57045454545455,44,6.83333333333333,6.3304347826087,5.94285714285714,6.4,6.5875,21,23,7,4,40,5365,2744,2621,734,1452,3913,6.54678918732526,6.93003753644315,6.14555550934757,6.23668801089918,6.50047658402204,6.56397444160491,131
"134",2015,11,6.55681818181818,44,6.77391304347826,6.31904761904762,6.33333333333333,6.16666666666667,6.61842105263158,23,21,3,6,38,5409,2767,2642,737,1458,3951,6.54687076908856,6.9287397903867,6.14693451551854,6.23708141112619,6.49910288065844,6.56449809921539,132
"135",2015,12,6.51354347826087,46,6.94492,6,5.6,5.83333333333333,6.561,25,21,5,3,43,5455,2792,2663,742,1461,3994,6.54658973235564,6.9288846704871,6.14577581299286,6.2327884097035,6.49773579739904,6.56446043815724,133
"136",2016,1,6.34,60,7.03928571428571,5.728125,5.45454545454545,6.15384615384615,6.39148936170213,28,32,11,13,47,5515,2820,2695,753,1474,4041,6.54434215593835,6.92998085106383,6.14081669387755,6.22141965471448,6.49470284938942,6.5624486488493,134
"137",2016,2,6.45833333333333,42,6.66521739130435,6.20789473684211,6.09,6.75,6.42763157894737,23,19,5,4,38,5557,2843,2714,758,1478,4079,6.54369209825445,6.92783890256771,6.14128628960943,6.22055277044855,6.49539377537212,6.56119269183623,135
"138",2016,3,6.37011363636364,44,6.76119047619048,6.01304347826087,5.7,6.375,6.369625,21,23,5,4,40,5601,2864,2737,763,1482,4119,6.54232851098018,6.92661696927374,6.14020861892583,6.21714154652687,6.49506882591093,6.55933235979607,136
"139",2016,4,6.28181818181818,44,6.82894736842105,5.866,7,7.5,6.19268292682927,19,25,3,3,41,5645,2883,2762,766,1485,4160,6.54029796102746,6.92597329171002,6.13772664373642,6.22020757180157,6.49709898989899,6.55571874759615,137
"140",2016,5,6.45714285714286,49,6.848,6.05,6.4,6.61,6.41794871794872,25,24,5,10,39,5694,2908,2786,771,1495,4199,6.53958236564805,6.92530295735901,6.13697092246949,6.22137354085603,6.49785418060201,6.55443914979757,138
"141",2016,6,6.60971875,32,6.845,6.21758333333333,6.14285714285714,5.75,6.66703333333333,20,12,7,2,30,5726,2928,2798,778,1497,4229,6.53997432588194,6.92475443989071,6.13731665117941,6.22066709511568,6.49685504342017,6.55523787893119,139
"142",2016,7,6.54642857142857,28,6.70588235294118,6.3,6.2,7,6.47083333333333,17,11,4,4,24,5754,2945,2809,782,1501,4253,6.54000573340285,6.92349100169779,6.13795371662513,6.22056138107417,6.49819586942039,6.55476157770985,140
"143",2016,8,6.21276595744681,47,6.80555555555556,5.8448275862069,6,6,6.23255813953488,18,29,8,4,43,5801,2963,2838,790,1505,4296,6.5373544199276,6.92277455281809,6.13495841789993,6.21832784810127,6.49687176079734,6.55153654329609,141
"144",2016,9,6.81388888888889,36,7.05263157894737,6.54705882352941,6.575,6.5,6.853125,19,17,8,4,32,5837,2982,2855,798,1509,4328,6.5390599605962,6.92360194500335,6.13741225569177,6.22190350877193,6.49688005301524,6.55376640249538,142
"145",2016,10,5.95982142857143,56,6.27272727272727,5.75735294117647,5.71428571428571,6.75,5.80851063829787,22,34,7,9,47,5893,3004,2889,805,1518,4375,6.53355557271339,6.91883521970705,6.13293942194531,6.21748944099379,6.49838076416337,6.54576022628571,143
"146",2016,11,6.24347826086957,46,6.46363636363636,6.04166666666667,6,6.32,6.22222222222222,22,24,6,10,36,5939,3026,2913,811,1528,4411,6.53130880451255,6.91552577660277,6.13218743220048,6.2158803945746,6.49721335078534,6.54311969848107,144
"147",2016,12,6.35526315789474,38,6.82352941176471,5.97619047619048,6.75,6.3,6.36363636363636,17,21,4,5,33,5977,3043,2934,815,1533,4444,6.53018955830684,6.91501183043049,6.13107088957055,6.2185018404908,6.49657012393999,6.54178690144014,145
"148",2017,1,6.54078947368421,38,6.98823529411765,6.17857142857143,5.66666666666667,6.16666666666667,6.6109375,17,21,6,6,32,6015,3060,2955,821,1539,4476,6.53025652369078,6.91541862745098,6.13140845685279,6.21446894031669,6.49528395061729,6.54228127569258,146
"149",2017,2,6.57333333333333,45,6.78076923076923,6.28947368421053,5.92857142857143,6.5,6.58684210526316,26,19,7,7,38,6060,3086,2974,828,1546,4514,6.5305764009901,6.91428418664938,6.13241828850033,6.21205193236715,6.49530530401035,6.54265640008861,147
"150",2017,3,6.22352941176471,34,6.40625,6.06111111111111,5,5.5,6.26875,16,18,2,2,32,6094,3102,2992,830,1548,4546,6.52886330653102,6.9116637653127,6.13198930147058,6.20913132530121,6.49401937984496,6.54072833040035,148
"151",2017,4,6.36857142857143,35,6.86111111111111,5.84705882352941,6.33333333333333,7,6.33030303030303,18,17,6,2,33,6129,3120,3009,836,1550,4579,6.52794795072606,6.91137211538461,6.13037952475905,6.21002272727273,6.49467225806452,6.53921183446167,149
"152",2017,5,6.24642857142857,28,6.44444444444444,6.15263157894737,5.81666666666667,5.75,6.28461538461538,9,19,6,2,26,6157,3129,3028,842,1552,4605,6.52666769368199,6.91002908277405,6.13051915125495,6.20721971496437,6.49371262886598,6.53777437350706,150
"153",2017,6,6.26111111111111,27,6.41666666666667,6.13666666666667,7.05,6,6.29375,12,15,1,3,24,6184,3141,3043,843,1555,4629,6.52550824547219,6.90814422158548,6.1305494544857,6.20821945432978,6.49276012861736,6.53650917908836,151
"154",2017,7,6.27872340425532,47,6.6952380952381,5.94230769230769,6.625,6.11111111111111,6.31842105263158,21,26,8,9,38,6231,3162,3069,851,1564,4667,6.52364676456428,6.90673023402909,6.12895470511567,6.2121374853114,6.49056393861893,6.53473344546818,152
"155",2017,8,6.18108108108108,37,6.57142857142857,5.66875,NA,6.5,6.11935483870968,21,16,0,6,31,6268,3183,3085,851,1570,4698,6.52162459955329,6.90451806471882,6.12656790599676,6.2121374853114,6.4906,6.53199254789272,153
"156",2017,9,6.26923076923077,26,6.75,5.85714285714286,6.16666666666667,6.66666666666667,6.21739130434783,12,14,3,3,23,6294,3195,3099,854,1573,4721,6.52058198125199,6.90393771517997,6.12535075508228,6.21197775175644,6.49093579148125,6.53045985808091,154
"157",2017,10,6.96428571428571,42,7.38571428571429,6.54285714285714,6.16666666666667,6.25,7.03947368421053,21,21,6,4,38,6336,3216,3120,860,1577,4759,6.5235231991793,6.9070836442786,6.12816089423077,6.21166162790698,6.49032466708941,6.5345242677033,155
"158",2017,11,6.29843137254902,51,6.3304347826087,6.27214285714286,5.75,6.35714285714286,6.28909090909091,23,28,12,7,44,6387,3239,3148,872,1584,4803,6.52172584781588,6.90298888545847,6.12944154701397,6.20530848623853,6.48973611111111,6.53227586716635,156
"159",2017,12,6.73488372093023,43,6.99545454545455,6.46190476190476,7.125,6.84444444444444,6.70588235294118,22,21,4,9,34,6430,3261,3169,876,1593,4837,6.52315132037325,6.90361269549218,6.13164467970969,6.20950799086758,6.49174011299435,6.53349617324788,157
"160",2018,1,6.35849056603774,53,6.8,5.78260869565217,5.27,6.83333333333333,6.29787234042553,30,23,5,6,47,6483,3291,3192,881,1599,4884,6.52180518124325,6.90266818596171,6.12912969611529,6.20417593643587,6.49302188868043,6.5312287039312,158
"161",2018,2,6.32692307692308,26,6.4875,6.07,5.925,7.5,6.17391304347826,16,10,4,3,23,6509,3307,3202,885,1602,4907,6.5210267306806,6.90065951013002,6.12894503123048,6.20291412429379,6.49490761548065,6.52955390055023,159
"162",2018,3,6.35472222222222,36,6.44875,6.16666666666667,5.8,6,6.36485714285714,24,12,5,1,35,6545,3331,3214,890,1603,4942,6.52011199236058,6.8974034824377,6.12908587118855,6.20065056179775,6.49459887710543,6.52838749291785,160
"163",2018,4,6.36433333333333,30,6.69076923076923,6.11470588235294,6.33333333333333,6.5,6.34346153846154,13,17,3,4,26,6575,3344,3231,893,1607,4968,6.51940121520913,6.89660017942583,6.12901021046116,6.20109630459127,6.49461232109521,6.52741968397746,161
"164",2018,5,6.27083333333333,24,6.65833333333333,5.88333333333333,6.37142857142857,6.5,6.225,12,12,7,4,20,6599,3356,3243,900,1611,4988,6.51849719502955,6.89574821215733,6.12810113783534,6.20242111111111,6.49462569832402,6.52620709502807,162
"165",2018,6,6.54074074074074,27,6.87857142857143,6.17692307692308,6.26666666666667,7.26666666666667,6.45,14,13,3,3,24,6626,3370,3256,903,1614,5012,6.51858783428917,6.8956768545994,6.12829606572481,6.20263455149502,6.49606071871128,6.52584217677574,163
"166",2018,7,6.14827586206897,29,6.63846153846154,5.75,5.875,6.7,6.03333333333333,13,16,8,5,24,6655,3383,3272,911,1619,5036,6.51697415326822,6.89468844221105,6.12644620721271,6.19975740944018,6.49669054972205,6.52349503375695,164
"167",2018,8,6.14583333333333,24,6.5,5.89285714285714,4,7,6.06818181818182,10,14,5,2,22,6679,3393,3286,916,1621,5058,6.51564051354993,6.89352519893899,6.12545100121728,6.18775,6.49731153608884,6.52151462831159,165
"168",2018,9,6.57,25,7.01923076923077,6.08333333333333,6.66666666666667,7.07142857142857,6.375,13,12,3,7,18,6704,3406,3298,919,1628,5076,6.51584322643198,6.89400499119201,6.12529775318375,6.18931338411317,6.4997800982801,6.52099507289204,166
"169",2018,10,6.62702702702703,37,6.875,6.43809523809524,6.21428571428571,7,6.55483870967742,16,21,7,6,31,6741,3422,3319,926,1634,5107,6.51645349206349,6.89391613091759,6.12727688761675,6.18950215982722,6.50161689106487,6.52120050714705,167
"170",2018,11,6.18333333333333,30,6.8125,5.46428571428571,6,6.41666666666667,6.125,16,14,1,6,24,6771,3438,3333,927,1640,5131,6.51497754984493,6.89353723094822,6.12449204620462,6.18929773462783,6.50130609756098,6.51934729877217,168
"171",2018,12,6.57189529411765,34,6.82469111111111,6.2875,6.1,6.5,6.57885290322581,18,16,5,3,31,6805,3456,3349,932,1643,5162,6.51526192946363,6.8931786574074,6.1252708241266,6.1888186695279,6.50130371272063,6.51970465517241,169
"172",2019,1,6.05820340425532,47,6.3662224,5.70818181818182,6.0725,6.0625,6.05732205128205,25,22,8,8,39,6852,3481,3371,940,1651,5201,6.51212682282545,6.88939413961505,6.12254879560961,6.18782872340426,6.49917746820109,6.516237452413,170
"173",2019,2,6.74433333333333,30,7.26555555555556,5.9625,6,7.5,6.62807692307692,18,12,1,4,26,6882,3499,3383,941,1655,5227,6.51313905696019,6.89132923692483,6.12198107892403,6.18762911795962,6.50159637462236,6.51679376123972,171
"174",2019,3,6.39375,40,6.81666666666667,6.14,5.9,6.66666666666667,6.34558823529412,15,25,5,6,34,6922,3514,3408,946,1661,5261,6.51244914620052,6.89101052931132,6.12211325997652,6.1861088794926,6.50219265502709,6.51568731990116,172
"175",2019,4,6.28571428571429,28,6.71818181818182,6.00588235294118,5.5,6.35,6.26818181818182,11,17,4,6,22,6950,3525,3425,950,1667,5283,6.51153568201439,6.89047120567376,6.12153634744525,6.18322,6.5016448710258,6.51465663259512,173
"176",2019,5,5.95862068965517,29,6.45882352941176,5.25,5,6.6,5.825,17,12,3,5,24,6979,3542,3437,953,1672,5307,6.50923814156756,6.88839949181253,6.11849345068373,6.17949527806926,6.50193899521531,6.51153777840588,174
"177",2019,6,6.65185185185185,27,7.19230769230769,6.15,6.75,5.5,6.744,13,14,2,2,25,7006,3555,3451,955,1674,5332,6.50978775192692,6.88951082981716,6.11862126629962,6.18069005235602,6.50074193548387,6.51262771755439,175
"178",2019,7,6.48355566666667,30,7.03619071428571,6,5.5,6.75,6.44256423076923,14,16,5,4,26,7036,3569,3467,960,1678,5358,6.50967590392269,6.89008620622023,6.1180738361696,6.17714479166667,6.50133611442193,6.51228773049646,176
"179",2019,8,6.25212765957447,47,6.8125,5.66739130434783,5.66666666666667,5,6.3375,24,23,3,3,44,7083,3593,3490,963,1681,5402,6.50796691514895,6.88956795713888,6.11510372206303,6.17555451713396,6.49865675193337,6.51086406145872,177
"180",2019,9,5.81944444444444,36,6.43333333333333,5.38095238095238,5.33333333333333,6.18,5.76129032258065,15,21,3,5,31,7119,3608,3511,966,1686,5433,6.50448513274337,6.88767119456762,6.1107126146397,6.17293892339545,6.49771174377224,6.50658709000552,178
"181",2019,10,6.25714285714286,28,6.22857142857143,6.28571428571429,5.66666666666667,7.33333333333333,6.128,14,14,3,3,25,7147,3622,3525,969,1689,5458,6.50351611305443,6.88512359745996,6.11140765673759,6.17137151702786,6.49919597394908,6.50485299743496,179
"182",2019,11,6.15172413793103,29,6.23333333333333,6.01818181818182,7,6.125,6.156,18,11,2,4,25,7176,3640,3536,971,1693,5483,6.5020944342252,6.88190045879121,6.11111764423077,6.17307826982492,6.49831187241583,6.50326238555535,180
"183",2019,12,6.35483870967742,31,6.67857142857143,6.08823529411765,6.5625,6.33333333333333,6.35714285714286,14,17,8,3,28,7207,3654,3553,979,1696,5511,6.50146103232968,6.88112142036124,6.111008159302,6.17626046986721,6.49802004716981,6.50251998911268,181
"184",2020,1,6.32288888888889,45,6.43608695652174,6.20454545454545,6.58333333333333,NA,6.32288888888889,23,22,6,0,45,7252,3677,3575,985,1696,5556,6.50035295918368,6.87833768561327,6.11158377342657,6.17874010152284,6.49802004716981,6.50106509359251,182
"185",2020,2,6.08625,32,6.61894736842105,5.30769230769231,NA,6,6.0951724137931,19,13,0,3,29,7284,3696,3588,985,1699,5585,6.49853372597474,6.87700423971861,6.1086711231884,6.17874010152284,6.49714067098293,6.49895750402865,183
"186",2020,3,5.87142857142857,35,6.21052631578947,5.46875,5.5,5.83333333333333,5.87931034482759,19,16,6,6,29,7319,3715,3604,991,1705,5614,6.49553486268616,6.87359560430686,6.10583018590455,6.17463067608476,6.49480469208211,6.49575661916637,184
"187",2020,4,6.30978260869565,46,7.135,5.675,5.8,6.41666666666667,6.29375,20,26,5,6,40,7365,3735,3630,996,1711,5654,6.49437469925323,6.87499536010709,6.10274434986226,6.17275,6.49453068381064,6.49432749557835,185
"188",2020,5,6.25,48,6.49,6.07857142857143,5.4,5.85714285714286,6.31707317073171,20,28,5,7,41,7413,3755,3658,1001,1718,5695,6.49279234587886,6.87294478561917,6.10255931930016,6.16889010989011,6.49193364377183,6.49305138893766,186
"189",2020,6,6.52666666666667,30,6.71111111111111,6.25,NA,6.5,6.52962962962963,18,12,0,3,27,7443,3773,3670,1001,1721,5722,6.49292888082763,6.87217271932149,6.10304141416893,6.16889010989011,6.49194770482278,6.49322398811604,187
"190",2020,7,6.46740740740741,27,7.08,5.80769230769231,6.5,7.86666666666667,6.2925,14,13,3,3,24,7470,3787,3683,1004,1724,5746,6.49283663453816,6.87294102719831,6.10199891121368,6.16987948207171,6.49433990719258,6.49238560041768,188
"191",2020,8,6.11435897435897,39,6.398,5.81578947368421,5.7,5.5,6.24875,20,19,10,7,32,7509,3807,3702,1014,1731,5778,6.49087090957518,6.87044593380614,6.1005299810913,6.16524556213018,6.49031889081456,6.49103628591208,189
"192",2020,9,5.97368421052632,19,6.44545454545455,5.325,8,6.16666666666667,5.9375,11,8,1,3,16,7528,3818,3710,1015,1734,5794,6.48956557651435,6.8692214955474,6.09885767924528,6.16705320197044,6.48975893886967,6.48950770797377,190
"193",2020,10,6.5203125,32,7.23214285714286,5.96666666666667,5.4,7.25,6.4448275862069,14,18,2,3,29,7560,3832,3728,1017,1737,5823,6.48969572222223,6.87054740866388,6.09821941791845,6.1655447394297,6.49107196315487,6.48928518976473,191
"194",2020,11,6.2547619047619,42,6.568,5.79411764705882,4,6.5,6.24878048780488,25,17,2,1,41,7602,3857,3745,1019,1738,5864,6.48839774533018,6.86858638060669,6.09683898264352,6.16129440628067,6.49107710011508,6.4876036255116,192
"195",2020,12,6.04473684210526,38,6.6,5.59523809523809,7,5.4,6.14242424242424,17,21,1,5,33,7640,3874,3766,1020,1743,5897,6.48619105497382,6.86740776200309,6.09404195167286,6.16211666666667,6.48794721744119,6.48567197897236,193
"196",2021,1,6.4875,48,6.64615384615385,6.3,6.58,6.5,6.48666666666667,26,22,5,3,45,7688,3900,3788,1025,1746,5942,6.48619922736733,6.86593273589743,6.09523811774023,6.16415512195122,6.48796792668958,6.48567951194884,194
"197",2021,2,6.17934782608696,46,6.83684210526316,5.71666666666667,6.295,5.4,6.29625,19,27,10,6,40,7734,3919,3815,1035,1752,5982,6.48437414791829,6.86579169941311,6.09255884403669,6.1654193236715,6.48424200913242,6.48441284854564,195
"198",2021,3,6.42692307692308,39,6.5047619047619,6.33611111111111,6.625,6.4,6.42837837837838,21,18,4,2,37,7773,3940,3833,1039,1754,6019,6.48408589476393,6.86386742893401,6.09370258022436,6.16718864292589,6.48414595210946,6.48406839342083,196
"199",2021,4,6.192,35,6.94117647058824,5.48444444444444,4.8,5,6.30375,17,18,5,3,32,7808,3957,3851,1044,1757,6051,6.48277659579918,6.8641995628001,6.09085484030122,6.1606408045977,6.48161183836084,6.48311480085936,197
"200",2021,5,6.32162162162162,37,7.18,5.73636363636364,5.85714285714286,7,6.10357142857143,15,22,7,9,28,7845,3972,3873,1051,1766,6079,6.48201652772467,6.86539216263847,6.08884120578363,6.15861941008563,6.4842536806342,6.48136661621977,198
"201",2021,6,5.86538461538461,26,6.28571428571429,5.71052631578947,5,6.5,5.8125,7,19,5,2,24,7871,3979,3892,1056,1768,6103,6.47997962901792,6.86437237245539,6.08699434480986,6.15313352272727,6.48427149321267,6.47873630345732,199
"202",2021,7,6.45294117647059,34,6.70625,6.22777777777778,4.16666666666667,6.55,6.446875,16,18,3,2,32,7905,3995,3910,1059,1770,6135,6.47986333459836,6.8637390913642,6.08764245268542,6.14750613786591,6.48434576271187,6.47857011572942,200
"203",2021,8,5.99369565217391,23,6.40392857142857,5.35555555555556,4.85,4.8875,6.09904761904762,14,9,2,2,21,7928,4009,3919,1061,1772,6156,6.47845290867811,6.86213336742329,6.08596121204389,6.14506032045241,6.48254345372461,6.47727544834308,201
"204",2021,9,6.0969696969697,33,6.42777777777778,5.7,5.23333333333333,5.175,6.22413793103448,18,15,3,4,29,7961,4027,3934,1064,1776,6185,6.47687158145962,6.86019187236156,6.08448957549568,6.14248966165414,6.47959853603604,6.47608854648343,202
"205",2021,10,6.24,25,6.76666666666667,5.94375,5.33333333333333,5.66666666666667,6.31818181818182,9,16,3,3,22,7986,4036,3950,1067,1779,6207,6.47613006010519,6.85998331764123,6.08391949113924,6.14021462043112,6.47822765598651,6.4755288641856,203
"206",2021,11,6.308,25,6.54375,5.88888888888889,7,7,6.27916666666667,16,9,2,1,24,8011,4052,3959,1069,1780,6231,6.47560537510923,6.85873461747285,6.08347612781005,6.14182319925164,6.47852078651685,6.47477253410367,204
"207",2021,12,6.25627906976744,43,6.88421052631579,5.75916666666667,5.74571428571429,5.3,6.38210526315789,19,24,7,5,38,8054,4071,3983,1076,1785,6269,6.47443440029799,6.85885351756325,6.08152196585488,6.13924628252788,6.47521960784314,6.47421082469293,205
"208",2022,1,6.4898462962963,54,6.71505666666667,6.20833333333333,6,6.25,6.51982708333333,30,24,2,6,48,8108,4101,4007,1078,1791,6317,6.47453704489393,6.85780160204828,6.08228150486648,6.1389879406308,6.47446510329425,6.47455744182365,206
"209",2022,2,6.25172413793103,29,6.58666666666667,5.89285714285714,5.375,8,6.12222222222222,15,14,4,2,27,8137,4116,4021,1082,1793,6344,6.47374294703208,6.85681350097181,6.081621982094,6.13616358595194,6.47616675962075,6.47305790668348,207
"210",2022,3,6.0969696969697,33,6.24444444444444,5.92,6.5,7.15,6.02903225806452,18,15,4,2,31,8170,4134,4036,1086,1795,6375,6.47222109669523,6.85414716255442,6.08102130574826,6.13750368324125,6.47691754874652,6.47089872313725,208
"211",2022,4,6.26896551724138,29,6.53125,5.94615384615385,6.33333333333333,8,6.14074074074074,16,13,3,2,27,8199,4150,4049,1089,1797,6402,6.47150217831443,6.85290225783132,6.08058829093603,6.13804315886134,6.47861268781302,6.46950630427991,209
"212",2022,5,6.21910714285714,28,7.22727272727273,5.56676470588235,4.33333333333333,5.5,6.3054,11,17,3,3,25,8227,4161,4066,1092,1800,6427,6.47064317004984,6.8538919418409,6.0784399877029,6.13308516483517,6.47698166666667,6.46886795705617,210
"213",2022,6,6.365625,32,6.88095238095238,5.38181818181818,5.8,5.9,6.43214285714286,21,11,2,4,28,8259,4182,4077,1094,1804,6455,6.47023627073496,6.85402782639885,6.07656045867059,6.13247623400366,6.47570232815965,6.46870865375678,211
"214",2022,7,6.58333333333333,24,7,6.28571428571429,6.25,6,6.60869565217391,10,14,2,1,23,8283,4192,4091,1096,1805,6478,6.47056396957624,6.85437604246183,6.07727621363969,6.13269069343066,6.47543878116344,6.46920567459092,212
"215",2022,8,6.206,25,6.90833333333333,5.55769230769231,5,6.20833333333333,6.20526315789474,12,13,3,6,19,8308,4204,4104,1099,1811,6497,6.46976785748676,6.85453005946717,6.07563035818713,6.12959872611465,6.47455383765875,6.4684337940588,213
"216",2022,9,6.34782608695652,23,6.70833333333333,5.95454545454545,7.5,6.33333333333333,6.35,12,11,2,3,20,8331,4216,4115,1101,1814,6517,6.4694312039371,6.85411393975332,6.07530668043742,6.13208810172571,6.47432028665932,6.4680703329753,214
"217",2022,10,6.2525,32,7.32307692307692,5.52,5.976,5.4,6.34068965517241,13,19,5,3,29,8363,4229,4134,1106,1817,6546,6.46860114313046,6.85555553795223,6.0727544726657,6.13138245931284,6.4725465052284,6.46750601283226,215
"218",2022,11,6.21216216216216,37,6.496875,5.9952380952381,5.7,6,6.2453125,16,21,5,5,32,8400,4245,4155,1111,1822,6578,6.46747159047619,6.85420362073027,6.07236269314079,6.12944104410441,6.47124972557629,6.46642510793554,216
"219",2022,12,6.72413793103448,29,7.02666666666667,6.4,6.86666666666667,7.66666666666667,6.61538461538461,15,14,3,3,26,8429,4260,4169,1114,1825,6604,6.46835465179737,6.85481088497652,6.07346293835452,6.13142639138241,6.47321479452055,6.46701156268928,217
