"","year","month","avg_rating","no_ratings","avg_rating_owned","avg_rating_not_owned","avg_rating_prev_owned","avg_rating_comment","avg_rating_no_comment","no_ratings_owned","no_ratings_not_owned","no_ratings_prev_owned","no_ratings_comment","no_ratings_no_comment","cum_no_ratings","cum_no_ratings_owned","cum_no_ratings_not_owned","cum_no_ratings_prev_owned","cum_no_ratings_comment","cum_no_ratings_no_comment","cum_avg_rating","cum_avg_rating_owned","cum_avg_rating_not_owned","cum_avg_rating_prev_owned","cum_avg_rating_comment","cum_avg_rating_no_comment","month_after_release"
"1",2001,6,5,3,6,4.5,NA,4,5.5,1,2,0,1,2,3,1,2,0,1,2,5,6,4.5,NA,4,5.5,1
"2",2001,7,6.5,2,6.5,NA,NA,NA,6.5,2,0,0,0,2,5,3,2,0,1,4,5.6,6.33333333333333,4.5,NA,4,6,2
"3",2001,8,4.5,2,6,3,3,3,6,1,1,1,1,1,7,4,3,1,2,5,5.28571428571429,6.25,4,3,3.5,6,3
"4",2001,9,6,2,6,NA,NA,NA,6,2,0,0,0,2,9,6,3,1,2,7,5.44444444444444,6.16666666666667,4,3,3.5,6,4
"5",2001,10,6.5,1,NA,6.5,NA,NA,6.5,0,1,0,0,1,10,6,4,1,2,8,5.55,6.16666666666667,4.625,3,3.5,6.0625,5
"6",2001,11,5.5,2,5.5,NA,NA,4,7,2,0,0,1,1,12,8,4,1,3,9,5.54166666666667,6,4.625,3,3.66666666666667,6.16666666666667,6
"7",2001,12,2,1,2,NA,NA,2,NA,1,0,0,1,0,13,9,4,1,4,9,5.26923076923077,5.55555555555556,4.625,3,3.25,6.16666666666667,7
"8",2002,2,6.5,2,6.5,NA,NA,NA,6.5,2,0,0,0,2,15,11,4,1,4,11,5.43333333333333,5.72727272727273,4.625,3,3.25,6.22727272727273,9
"9",2002,3,6,3,6,NA,NA,6.5,5,3,0,0,2,1,18,14,4,1,6,12,5.52777777777778,5.78571428571429,4.625,3,4.33333333333333,6.125,10
"10",2002,4,7,2,7,NA,NA,NA,7,2,0,0,0,2,20,16,4,1,6,14,5.675,5.9375,4.625,3,4.33333333333333,6.25,11
"11",2002,5,6,1,NA,6,NA,NA,6,0,1,0,0,1,21,16,5,1,6,15,5.69047619047619,5.9375,4.9,3,4.33333333333333,6.23333333333333,12
"12",2002,6,6,2,6,NA,NA,NA,6,2,0,0,0,2,23,18,5,1,6,17,5.71739130434783,5.94444444444444,4.9,3,4.33333333333333,6.20588235294118,13
"13",2002,7,6,1,6,NA,NA,NA,6,1,0,0,0,1,24,19,5,1,6,18,5.72916666666667,5.94736842105263,4.9,3,4.33333333333333,6.19444444444444,14
"14",2002,9,6.25,4,6.66666666666667,5,NA,6,6.5,3,1,0,2,2,28,22,6,1,8,20,5.80357142857143,6.04545454545455,4.91666666666667,3,4.75,6.225,16
"15",2002,10,5.5,2,5.5,NA,NA,5.5,NA,2,0,0,2,0,30,24,6,1,10,20,5.78333333333333,6,4.91666666666667,3,4.9,6.225,17
"16",2002,11,4.33333333333333,3,5,3,NA,NA,4.33333333333333,2,1,0,0,3,33,26,7,1,10,23,5.65151515151515,5.92307692307692,4.64285714285714,3,4.9,5.97826086956522,18
"17",2002,12,7.8,5,6,9,NA,8,7,2,3,0,4,1,38,28,10,1,14,24,5.93421052631579,5.92857142857143,5.95,3,5.78571428571429,6.02083333333333,19
"18",2003,1,5.33333333333333,3,6,5,NA,6,5,1,2,0,1,2,41,29,12,1,15,26,5.89024390243902,5.93103448275862,5.79166666666667,3,5.8,5.94230769230769,20
"19",2003,2,6.5,4,6,8,NA,8,6,3,1,0,1,3,45,32,13,1,16,29,5.94444444444444,5.9375,5.96153846153846,3,5.9375,5.94827586206897,21
"20",2003,3,4.5,2,4,5,NA,NA,4.5,1,1,0,0,2,47,33,14,1,16,31,5.88297872340426,5.87878787878788,5.89285714285714,3,5.9375,5.85483870967742,22
"21",2003,4,6,4,6,NA,NA,7,5.66666666666667,4,0,0,1,3,51,37,14,1,17,34,5.8921568627451,5.89189189189189,5.89285714285714,3,6,5.83823529411765,23
"22",2003,5,5.8,5,6,5.5,NA,5.75,6,3,2,0,4,1,56,40,16,1,21,35,5.88392857142857,5.9,5.84375,3,5.95238095238095,5.84285714285714,24
"23",2003,6,6.66666666666667,3,6.5,7,NA,6.5,7,2,1,0,2,1,59,42,17,1,23,36,5.92372881355932,5.92857142857143,5.91176470588235,3,6,5.875,25
"24",2003,7,5.52941176470588,17,5.6,5.42857142857143,5,6.33333333333333,5.09090909090909,10,7,2,6,11,76,52,24,3,29,47,5.83552631578947,5.86538461538461,5.77083333333333,4.33333333333333,6.06896551724138,5.69148936170213,26
"25",2003,8,5.75,4,6.5,5,NA,5,6.5,2,2,0,2,2,80,54,26,3,31,49,5.83125,5.88888888888889,5.71153846153846,4.33333333333333,6,5.72448979591837,27
"26",2003,9,6.4,2,6.8,6,NA,6.8,6,1,1,0,1,1,82,55,27,3,32,50,5.84512195121951,5.90545454545455,5.72222222222222,4.33333333333333,6.025,5.73,28
"27",2003,10,5.14285714285714,7,5.25,5,NA,5.33333333333333,5,4,3,0,3,4,89,59,30,3,35,54,5.78988764044944,5.86101694915254,5.65,4.33333333333333,5.96571428571429,5.67592592592593,29
"28",2003,11,5.5,2,5.5,NA,NA,NA,5.5,2,0,0,0,2,91,61,30,3,35,56,5.78351648351648,5.84918032786885,5.65,4.33333333333333,5.96571428571429,5.66964285714286,30
"29",2003,12,6.6,5,6.75,6,6,6.5,7,4,1,1,4,1,96,65,31,4,39,57,5.82604166666667,5.90461538461538,5.66129032258065,4.75,6.02051282051282,5.69298245614035,31
"30",2004,1,5.5,5,5.5,NA,NA,4.5,5.75,5,0,0,1,4,101,70,31,4,40,61,5.80990099009901,5.87571428571429,5.66129032258065,4.75,5.9825,5.69672131147541,32
"31",2004,2,5.42857142857143,7,5.5,5.33333333333333,NA,4,6,4,3,0,2,5,108,74,34,4,42,66,5.78518518518519,5.8554054054054,5.63235294117647,4.75,5.88809523809524,5.71969696969697,33
"32",2004,3,6.60811142857143,7,6.60811142857143,NA,NA,7.41892666666667,6,7,0,0,3,4,115,81,34,4,45,70,5.83527634782609,5.92045407407407,5.63235294117647,4.75,5.99015066666667,5.73571428571429,34
"33",2004,4,6,6,6.66666666666667,5.33333333333333,5,5.5,6.25,3,3,1,2,4,121,84,37,5,47,74,5.84344446280992,5.94710452380952,5.60810810810811,4.8,5.96929319148936,5.76351351351351,35
"34",2004,6,6.6,5,7,6,6,6,6.75,3,2,1,1,4,126,87,39,6,48,78,5.87346650793651,5.98341126436782,5.62820512820513,5,5.96993291666667,5.81410256410256,37
"35",2004,7,3,1,3,NA,NA,NA,3,1,0,0,0,1,127,88,39,6,48,79,5.85084078740158,5.94950886363636,5.62820512820513,5,5.96993291666667,5.77848101265823,38
"36",2004,8,5.1,5,6,3.75,NA,5.1,NA,3,2,0,5,0,132,91,41,6,53,79,5.82239984848485,5.9511734065934,5.53658536585366,5,5.88786377358491,5.77848101265823,39
"37",2004,9,5.6875,8,6.75,4.625,3,7,4.9,4,4,1,3,5,140,95,45,7,56,84,5.81469128571429,5.98480821052631,5.45555555555556,4.71428571428571,5.9474425,5.72619047619048,40
"38",2004,10,6.5,4,5.5,7.5,6,9,5.66666666666667,2,2,1,1,3,144,97,47,8,57,87,5.83372763888889,5.97481216494845,5.54255319148936,4.875,6.00099614035088,5.72413793103448,41
"39",2004,11,6.16666666666667,6,5.25,8,NA,6.5,5.5,4,2,0,4,2,150,101,49,8,61,89,5.8470452,5.94610673267327,5.64285714285714,4.875,6.03371770491803,5.71910112359551,42
"40",2004,12,4.75,4,5,4.5,NA,5,4.66666666666667,2,2,0,1,3,154,103,51,8,62,92,5.81855051948052,5.92773572815534,5.59803921568628,4.875,6.01704483870968,5.68478260869565,43
"41",2005,1,5.46428571428571,14,6,4.92857142857143,4,6,5.16666666666667,7,7,1,5,9,168,110,58,9,67,101,5.78902845238095,5.93233436363636,5.51724137931035,4.77777777777778,6.0157728358209,5.63861386138614,44
"42",2005,2,7,1,7,NA,NA,7,NA,1,0,0,1,0,169,111,58,9,68,101,5.79619396449704,5.94195297297297,5.51724137931035,4.77777777777778,6.03024676470588,5.63861386138614,45
"43",2005,3,6,4,6.5,5.5,7,4,6.66666666666667,2,2,1,1,3,173,113,60,10,69,104,5.80090624277457,5.95182991150442,5.51666666666667,5,6.00082289855072,5.66826923076923,46
"44",2005,4,7.66666666666667,3,7.66666666666667,NA,NA,7.5,8,3,0,0,2,1,176,116,60,10,71,105,5.83270897727273,5.99617913793103,5.51666666666667,5,6.04305323943662,5.69047619047619,47
"45",2005,5,3.66666666666667,3,4,3,NA,3.66666666666667,NA,2,1,0,3,0,179,118,61,10,74,105,5.79640659217877,5.96234559322034,5.47540983606557,5,5.94671324324324,5.69047619047619,48
"46",2005,6,6.375,4,6.375,NA,NA,6,6.5,4,0,0,1,3,183,122,61,10,75,108,5.80905344262295,5.97587524590164,5.47540983606557,5,5.94742373333333,5.71296296296296,49
"47",2005,7,6.75,8,6.83333333333333,6.5,NA,7,6.66666666666667,6,2,0,2,6,191,128,63,10,77,114,5.84846481675393,6.01606859375,5.50793650793651,5,5.97476337662338,5.76315789473684,50
"48",2005,8,5.85714285714286,7,6.25,5.33333333333333,4,7,5.4,4,3,1,2,5,198,132,66,11,79,119,5.84877161616162,6.02315742424242,5.5,4.90909090909091,6.00071873417722,5.74789915966387,51
"49",2005,9,6,5,5.75,7,NA,6.5,5.66666666666667,4,1,0,2,3,203,136,67,11,81,122,5.85249645320197,6.01512338235294,5.52238805970149,4.90909090909091,6.01304666666667,5.74590163934426,52
"50",2005,10,5.42857142857143,7,5.5,5.33333333333333,3,5.6,5,4,3,1,5,2,210,140,70,12,86,124,5.83836561904762,6.00040557142857,5.51428571428572,4.75,5.9890323255814,5.73387096774194,53
"51",2005,11,6,4,5.66666666666667,7,NA,NA,6,3,1,0,0,4,214,143,71,12,86,128,5.84138682242991,5.99340405594406,5.53521126760564,4.75,5.9890323255814,5.7421875,54
"52",2005,12,6,8,6.33333333333333,5,4,6.5,5.83333333333333,6,2,1,2,6,222,149,73,13,88,134,5.84710261261261,6.00709248322148,5.52054794520548,4.69230769230769,6.00064522727273,5.74626865671642,55
"53",2006,1,5.66666666666667,6,5.66666666666667,NA,NA,6,5.33333333333333,6,0,0,3,3,228,155,73,13,91,137,5.84235429824561,5.99391470967742,5.52054794520548,4.69230769230769,6.00062395604396,5.73722627737226,56
"54",2006,2,7,1,NA,7,NA,NA,7,0,1,0,0,1,229,155,74,13,91,138,5.84740951965066,5.99391470967742,5.54054054054054,4.69230769230769,6.00062395604396,5.7463768115942,57
"55",2006,3,5.9,5,5.9,NA,NA,6,5.83333333333333,5,0,0,2,3,234,160,74,13,93,141,5.84853324786325,5.990979875,5.54054054054054,4.69230769230769,6.00061053763441,5.74822695035461,58
"56",2006,4,6.71428571428571,7,6.66666666666667,7,NA,7.2,5.5,6,1,0,5,2,241,166,75,13,98,143,5.87367958506224,6.01540228915663,5.56,4.69230769230769,6.06180387755102,5.74475524475525,59
"57",2006,5,4.33333333333333,3,4,4.5,NA,4.5,4,1,2,0,2,1,244,167,77,13,100,144,5.85474090163935,6.00333401197605,5.53246753246753,4.69230769230769,6.0305678,5.73263888888889,60
"58",2006,6,6.57142857142857,7,6.4,7,6,6.75,6.33333333333333,5,2,1,4,3,251,172,79,14,104,147,5.87472820717131,6.014865,5.56962025316456,4.78571428571429,6.05823826923077,5.74489795918367,61
"59",2006,7,5.61111111111111,9,5.64285714285714,5.5,NA,6.25,5.42857142857143,7,2,0,2,7,260,179,81,14,106,154,5.865603,6.00031720670391,5.5679012345679,4.78571428571429,6.06185641509434,5.73051948051948,62
"60",2006,8,6.57142857142857,7,6.66666666666667,6,NA,7,6.25,6,1,0,3,4,267,185,82,14,109,158,5.88410779026217,6.02192854054054,5.57317073170732,4.78571428571429,6.08767688073395,5.74367088607595,63
"61",2006,9,6.21428571428571,7,6.75,5.5,NA,7.33333333333333,5.375,4,3,0,3,4,274,189,85,14,112,162,5.89254299270073,6.03733746031746,5.57058823529412,4.78571428571429,6.12104267857143,5.73456790123457,64
"62",2006,10,4.5,6,5.5,4,NA,NA,4.5,2,4,0,0,6,280,191,89,14,112,168,5.86270278571429,6.03171089005236,5.5,4.78571428571429,6.12104267857143,5.69047619047619,65
"63",2006,11,6.33333333333333,9,6.33333333333333,NA,NA,6,6.6,9,0,0,4,5,289,200,89,14,116,173,5.87735910034602,6.0452839,5.5,4.78571428571429,6.11686879310345,5.71676300578035,66
"64",2006,12,6.03846153846154,13,6.38888888888889,5.25,6,6.16666666666667,5.92857142857143,9,4,1,6,7,302,209,93,15,122,180,5.88429397350993,6.06008028708134,5.48924731182796,4.86666666666667,6.11931786885246,5.725,67
"65",2007,1,5.91666666666667,12,6,5.5,6,6,5.83333333333333,10,2,1,6,6,314,219,95,16,128,186,5.88553114649682,6.05733689497717,5.48947368421053,4.9375,6.11372484375,5.72849462365591,68
"66",2007,2,6.13636363636364,11,6.8,5.58333333333333,5,6.5,6,5,6,1,3,8,325,224,101,17,131,194,5.89402086153846,6.07391419642857,5.4950495049505,4.94117647058824,6.12257083969466,5.73969072164948,69
"67",2007,3,5.78571428571429,7,5.875,5.66666666666667,6,5.25,6,4,3,1,2,5,332,228,104,18,133,199,5.89173728915663,6.07042447368421,5.5,5,6.10944947368421,5.74623115577889,70
"68",2007,4,5.6,5,5.6,NA,NA,7,5.25,5,0,0,1,4,337,233,104,18,134,203,5.88740884272997,6.06032952789699,5.5,5,6.11609537313433,5.73645320197044,71
"69",2007,5,6.84,5,6.55,8,8,8,6.55,4,1,1,1,4,342,237,105,19,135,207,5.90133561403509,6.06859400843882,5.52380952380952,5.15789473684211,6.13005022222222,5.75217391304348,72
"70",2007,6,5.9,10,5.875,6,NA,5.8,6,8,2,0,5,5,352,245,107,19,140,212,5.90129767045455,6.06227257142857,5.53271028037383,5.15789473684211,6.11826271428571,5.75801886792453,73
"71",2007,7,6.42857142857143,7,6.5,6,NA,7,5.66666666666667,6,1,0,4,3,359,251,108,19,144,215,5.91157877437326,6.0727361752988,5.53703703703704,5.15789473684211,6.14275541666667,5.75674418604651,74
"72",2007,8,5.61111111111111,9,5.8,5.375,NA,5.33333333333333,5.75,5,4,0,3,6,368,256,112,19,147,221,5.90423038043478,6.067409296875,5.53125,5.15789473684211,6.12623659863946,5.75656108597285,75
"73",2007,9,6,9,6,6,NA,6,6,6,3,0,5,4,377,262,115,19,152,225,5.90651665782493,6.06586557251908,5.54347826086957,5.15789473684211,6.12208407894737,5.76088888888889,76
"74",2007,10,5.5,6,5.5,5.5,6,5,5.6,2,4,1,1,5,383,264,119,20,153,230,5.90014825065274,6.06157871212121,5.54201680672269,5.2,6.11475019607843,5.75739130434783,77
"75",2007,11,7.45,4,7.45,NA,NA,7,7.6,4,0,0,1,3,387,268,119,20,154,233,5.91616739018088,6.08230141791045,5.54201680672269,5.2,6.12049857142857,5.78111587982833,78
"76",2007,12,5.78571428571429,14,6.3,4.5,NA,6.14285714285714,5.42857142857143,10,4,0,7,7,401,278,123,20,161,240,5.91161291770574,6.09013230215827,5.50813008130081,5.2,6.12147068322981,5.77083333333333,79
"77",2008,1,6.03125,16,6.07692307692308,5.83333333333333,NA,6,6.04545454545455,13,3,0,5,11,417,291,126,20,166,251,5.91620330935252,6.08954219931271,5.51587301587302,5.2,6.11781192771084,5.78286852589641,80
"78",2008,2,5.57142857142857,7,5.57142857142857,NA,NA,6,5,7,0,0,4,3,424,298,126,20,170,254,5.91051127358491,6.07737174496644,5.51587301587302,5.2,6.11503988235294,5.77362204724409,81
"79",2008,3,6.19090909090909,11,6.1375,6.33333333333333,NA,6.4375,6.05,8,3,0,4,7,435,306,129,20,174,261,5.91760179310345,6.0789437254902,5.53488372093023,5.2,6.12245275862069,5.78103448275862,82
"80",2008,4,5.59,10,5.25,5.675,6,5.55714285714286,5.66666666666667,2,8,1,7,3,445,308,137,21,181,264,5.91023995505618,6.07356097402597,5.54306569343066,5.23809523809524,6.10058994475138,5.77973484848485,83
"81",2008,5,6.05,10,5.94444444444444,7,NA,6,6.05555555555556,9,1,0,1,9,455,317,138,21,182,273,5.9133116043956,6.06989520504732,5.5536231884058,5.23809523809524,6.10003725274725,5.78882783882784,84
"82",2008,6,5.59090909090909,11,6,5.1,5.25,5.85714285714286,5.125,6,5,2,7,4,466,323,143,23,189,277,5.90570124463519,6.06859684210526,5.53776223776224,5.23913043478261,6.09104116402117,5.77924187725632,85
"83",2008,7,5.66666666666667,12,6,5.42857142857143,5.625,5.57142857142857,5.8,5,7,8,7,5,478,328,150,31,196,282,5.89970037656904,6.06755115853658,5.53266666666667,5.33870967741935,6.07248357142857,5.77960992907801,86
"84",2008,8,6.06153846153846,13,6.725,5,5,6.68571428571429,5.33333333333333,8,5,5,7,6,491,336,155,36,203,288,5.90398529531568,6.08320470238095,5.51548387096774,5.29166666666667,6.09362945812808,5.7703125,87
"85",2008,9,6.14285714285714,7,6.25,6,NA,5.75,6.66666666666667,4,3,0,4,3,498,340,158,36,207,291,5.90734293172691,6.085167,5.5246835443038,5.29166666666667,6.08698927536232,5.77955326460481,88
"86",2008,10,5.5,17,6.04545454545455,4.5,5,6.91666666666667,4.72727272727273,11,6,3,6,11,515,351,164,39,213,302,5.89389666019418,6.08392245014245,5.48719512195122,5.26923076923077,6.11036046948357,5.74122516556291,89
"87",2008,11,5.78,10,5.725,6,6,NA,5.78,8,2,1,0,10,525,359,166,40,213,312,5.8917272,6.07592417827298,5.4933734939759,5.2875,6.11036046948357,5.74246794871795,90
"88",2008,12,5.59090909090909,11,6.07142857142857,4.75,5,5.33333333333333,5.6875,7,4,2,3,8,536,366,170,42,216,320,5.88555369402985,6.07583819672131,5.47588235294118,5.27380952380952,6.09956842592593,5.74109375,91
"89",2009,1,5.47272727272727,22,5.71538461538462,5.12222222222222,4.75,5.375,5.49444444444444,13,9,4,4,18,558,379,179,46,220,338,5.86927738351255,6.063474353562,5.45810055865922,5.22826086956522,6.08639445454545,5.72795857988166,92
"90",2009,2,5.84090909090909,11,5.96875,5.5,5.75,5.75,5.875,8,3,2,3,8,569,387,182,48,223,346,5.86872896309315,6.06151622739018,5.45879120879121,5.25,6.08186896860987,5.73135838150289,93
"91",2009,3,6.625,8,6.33333333333333,6.8,6.33333333333333,6.33333333333333,6.8,3,5,3,3,5,577,390,187,51,226,351,5.87921452339688,6.06360712820513,5.49465240641711,5.31372549019608,6.08520699115044,5.7465811965812,94
"92",2009,4,5.9,10,6.5,5,5,6,5.85714285714286,6,4,3,3,7,587,396,191,54,229,358,5.87956862010222,6.07021914141414,5.48429319371728,5.2962962962963,6.08409074235808,5.74874301675978,95
"93",2009,5,6.625,6,6.66666666666667,6.58333333333333,6.58333333333333,6.9375,6,3,3,3,4,2,593,399,194,57,233,360,5.88711092748735,6.07470370927318,5.50128865979381,5.3640350877193,6.09874154506438,5.75013888888889,96
"94",2009,6,5.35,10,5.2,5.5,7,5,5.4375,5,5,1,2,8,603,404,199,58,235,368,5.87820361525705,6.06387816831683,5.50125628140704,5.39224137931035,6.08939055319149,5.74334239130435,97
"95",2009,7,5,12,5.85714285714286,3.8,4.25,4,5.33333333333333,7,5,4,3,9,615,411,204,62,238,377,5.86106793495935,6.06035712895377,5.45955882352941,5.31854838709677,6.06305369747899,5.73355437665783,98
"96",2009,8,6.125,4,6.125,NA,NA,4,6.83333333333333,4,0,0,1,3,619,415,204,62,239,380,5.86277347334411,6.06098019277108,5.45955882352941,5.31854838709677,6.05442167364017,5.74223684210526,99
"97",2009,9,5.95833333333333,6,5.66666666666667,6.25,5.5,5.875,6,3,3,2,2,4,625,418,207,64,241,384,5.863690848,6.05815019138756,5.47101449275362,5.32421875,6.05293269709544,5.744921875,100
"98",2009,10,5.85714285714286,14,6.4,4.5,5.66666666666667,5.625,6.16666666666667,10,4,3,8,6,639,428,211,67,249,390,5.86354738654147,6.0661373364486,5.45260663507109,5.33955223880597,6.03918385542169,5.75141025641026,101
"99",2009,11,6.1,5,6.33333333333333,5.75,5.75,6,6.125,3,2,2,1,4,644,431,213,69,250,394,5.86538319875777,6.06799716937355,5.45539906103286,5.35144927536232,6.03902712,5.75520304568528,102
"100",2009,12,5.83333333333333,15,6.16666666666667,5.33333333333333,5.5,6.08333333333333,5.66666666666667,9,6,4,6,9,659,440,219,73,256,403,5.86465368740516,6.07001540909091,5.45205479452055,5.35958904109589,6.040065546875,5.75322580645161,103
"101",2010,1,6.83333333333333,6,7.2,5,5,6.5,7,5,1,1,2,4,665,445,220,74,258,407,5.87339365413534,6.08271186516854,5.45,5.35472972972973,6.04363093023256,5.76547911547912,104
"102",2010,2,7.25,8,7.5,6.83333333333333,7.5,8.125,6.375,5,3,2,4,4,673,450,223,76,262,411,5.88975747399703,6.09845951111111,5.46860986547085,5.41118421052632,6.07540755725191,5.77141119221411,105
"103",2010,3,5.91666666666667,3,6.375,5,NA,5,6.375,2,1,0,1,2,676,452,224,76,263,413,5.88987689349113,6.09968314159292,5.46651785714286,5.41118421052632,6.07131855513308,5.77433414043584,106
"104",2010,4,6.35833333333333,12,6.47777777777778,6,6,6,6.47777777777778,9,3,2,3,9,688,461,227,78,266,422,5.89804764534884,6.10706459869848,5.47356828193833,5.42628205128205,6.07051421052632,5.789336492891,107
"105",2010,5,5.61428571428571,7,5.66,5.5,5.5,4,6.26,5,2,2,2,5,695,466,229,80,268,427,5.89518961151079,6.10226776824034,5.47379912663755,5.428125,6.0550626119403,5.79484777517565,108
"106",2010,6,5.4375,8,6.1,4.33333333333333,5,5.25,5.5,5,3,1,2,6,703,471,232,81,270,433,5.88998119487909,6.10224369426752,5.45905172413793,5.42283950617284,6.04909918518519,5.79076212471132,109
"107",2010,7,5.83333333333333,6,6.5,4.5,4.5,5.5,6.5,4,2,2,4,2,709,475,234,83,274,435,5.88950180535966,6.10559322105263,5.4508547008547,5.40060240963856,6.04108313868613,5.79402298850575,110
"108",2010,8,5.9625,8,6.53333333333333,4.25,5.5,5,6.1,6,2,1,1,7,717,481,236,84,275,442,5.89031629009763,6.11092885654886,5.44067796610169,5.40178571428572,6.03729738181818,5.79886877828054,111
"109",2010,9,6,4,6,NA,NA,6,6,4,0,0,3,1,721,485,236,84,278,443,5.89092479889043,6.11001397938144,5.44067796610169,5.40178571428572,6.03689489208633,5.79932279909707,112
"110",2010,10,6.66666666666667,6,6.66666666666667,6.66666666666667,6.5,NA,6.66666666666667,3,3,4,0,6,727,488,239,88,278,449,5.89732707015131,6.11343602459016,5.45606694560669,5.45170454545455,6.03689489208633,5.81091314031181,113
"111",2010,11,5.68181818181818,11,5,6.25,7.16666666666667,5.4,5.91666666666667,5,6,3,5,6,738,493,245,91,283,455,5.89411487804878,6.10214356997972,5.47551020408163,5.50824175824176,6.02564233215548,5.81230769230769,114
"112",2010,12,5.4,10,5.71428571428571,4.66666666666667,4.5,NA,5.4,7,3,2,0,10,748,500,248,93,283,465,5.88750906417113,6.09671356,5.46572580645161,5.48655913978495,6.02564233215548,5.80344086021505,115
"113",2011,1,6.66666666666667,9,6.66666666666667,NA,NA,6.33333333333333,6.83333333333333,9,0,0,3,6,757,509,248,93,286,471,5.89677249669749,6.10679131630648,5.46572580645161,5.48655913978495,6.02886986013986,5.81656050955414,116
"114",2011,2,5.33333333333333,9,6.75,4.2,4.75,3.75,6.6,4,5,2,4,5,766,513,253,95,290,476,5.8901524543081,6.11180658869396,5.44071146245059,5.47105263157895,5.99743717241379,5.82478991596639,117
"115",2011,3,6.4,5,6,7,7,7,6,3,2,2,2,3,771,516,255,97,292,479,5.89345885862516,6.1111565503876,5.45294117647059,5.50257731958763,6.00430404109589,5.8258872651357,118
"116",2011,4,6.3125,8,7.25,3.5,4,6.33333333333333,6.3,6,2,1,3,5,779,522,257,98,295,484,5.89776223363287,6.12424670498084,5.43774319066148,5.48724489795918,6.00765010169491,5.83078512396694,119
"117",2011,5,6.1,5,6.25,5.5,5.5,5.25,6.66666666666667,4,1,1,2,3,784,526,258,99,297,487,5.89905201530612,6.12520300380228,5.43798449612403,5.48737373737374,6.00254808080808,5.83593429158111,120
"118",2011,6,5.64285714285714,7,6.08333333333333,3,3,6.3,4,6,1,1,5,2,791,532,259,100,302,489,5.89678480404551,6.12473078947368,5.42857142857143,5.4625,6.00747278145695,5.82842535787321,121
"119",2011,7,5.42857142857143,7,5.6,5,6,6,5.33333333333333,5,2,1,1,6,798,537,261,101,303,495,5.89267766917293,6.11984502793296,5.42528735632184,5.46782178217822,6.00744811881188,5.82242424242424,122
"120",2011,8,5.7,13,6.12142857142857,5.20833333333333,5.625,5.25,5.9,7,6,2,4,9,811,544,267,103,307,504,5.88958912453761,6.11986540441176,5.42041198501873,5.47087378640777,5.99757908794788,5.82380952380952,123
"121",2011,9,4.5,2,NA,4.5,4,4,5,0,2,1,1,1,813,544,269,104,308,505,5.88617070110701,6.11986540441176,5.4135687732342,5.45673076923077,5.99109344155844,5.82217821782178,124
"122",2011,10,5.4,5,6,4.5,4.5,6.33333333333333,4,3,2,2,3,2,818,547,271,106,311,507,5.88319899755501,6.11920800731261,5.40682656826568,5.43867924528302,5.99439479099678,5.81499013806706,125
"123",2011,11,5.5,7,6,5.41666666666667,5.33333333333333,4.33333333333333,6.375,1,6,3,3,4,825,548,277,109,314,511,5.87994761212121,6.11899047445255,5.40703971119134,5.43577981651376,5.97852477707006,5.81937377690802,126
"124",2011,12,5.28571428571429,7,5.28571428571429,NA,NA,5.25,5.33333333333333,7,0,0,4,3,832,555,277,109,318,514,5.87494805288462,6.10848068468468,5.40703971119134,5.43577981651376,5.96936094339623,5.81653696498055,127
"125",2012,1,6.64285714285714,7,7.1,5.5,5.83333333333333,7.1,5.5,5,2,3,5,2,839,560,279,112,323,516,5.88135492252682,6.11733353571428,5.40770609318997,5.44642857142857,5.98686309597523,5.81531007751938,128
"126",2012,2,6.26923076923077,13,6.38888888888889,6,6,6.83333333333333,6.1,9,4,4,3,10,852,569,283,116,326,526,5.88727321596244,6.12162878734622,5.4160777385159,5.46551724137931,5.9946526993865,5.82072243346008,129
"127",2012,3,7,5,7.25,6,NA,6.33333333333333,8,4,1,0,3,2,857,573,284,116,329,528,5.8937652042007,6.12950572425829,5.4181338028169,5.46551724137931,5.99774097264438,5.82897727272727,130
"128",2012,4,6,6,8,4,4,4.75,6.625,3,3,1,2,4,863,576,287,117,331,532,5.89450380069525,6.13924788194444,5.40331010452962,5.45299145299145,5.99020175226586,5.83496240601504,131
"129",2012,5,5.8,5,5.8,NA,NA,5.5,6,5,0,0,2,3,868,581,287,117,333,535,5.89395942396314,6.13632836488812,5.40331010452962,5.45299145299145,5.9872575975976,5.83588785046729,132
"130",2012,6,6,6,6,6,7,6,6,3,3,1,3,3,874,584,290,118,336,538,5.89468739130435,6.1356280479452,5.40948275862069,5.46610169491525,5.98737136904762,5.8368029739777,133
"131",2012,7,6.19285714285714,7,6.3625,5.96666666666667,6,6.8625,5.3,4,3,2,4,3,881,588,293,120,340,541,5.89705650397276,6.13717139455782,5.41518771331058,5.475,5.997667,5.83382624768946,134
"132",2012,8,6.33333333333333,3,6.33333333333333,NA,NA,NA,6.33333333333333,3,0,0,0,3,884,591,293,120,340,544,5.89853708144797,6.13816714043993,5.41518771331058,5.475,5.997667,5.83658088235294,135
"133",2012,9,6.36666666666667,6,6.84,4,4,NA,6.36666666666667,5,1,1,0,6,890,596,294,121,340,550,5.90169301123596,6.144055,5.41037414965987,5.46280991735537,5.997667,5.84236363636364,136
"134",2012,10,5.81818181818182,22,6.66666666666667,5.23076923076923,6,6.7,5.55882352941176,9,13,2,5,17,912,605,307,123,345,567,5.89967848684211,6.15182938842975,5.4027687296417,5.47154471544715,6.00784573913043,5.83386243386243,137
"135",2012,11,6.08928571428571,42,6.29166666666667,5.58333333333333,5.81818181818182,6.42857142857143,5.91964285714286,30,12,11,14,28,954,635,319,134,359,595,5.90802597484277,6.15843587401575,5.40956112852665,5.5,6.02425286908078,5.83789915966387,138
"136",2012,12,6.1953488372093,43,6.34,5.5625,5.8,6.0625,6.22571428571429,35,8,5,8,35,997,670,327,139,367,630,5.92041803410231,6.16792056716418,5.41330275229358,5.51079136690648,6.02508659400545,5.85944444444444,139
"137",2013,1,6.13095238095238,42,6.54545454545455,4.61111111111111,6.16666666666667,6,6.18965517241379,33,9,3,13,29,1039,703,336,142,380,659,5.92892856592878,6.1856426458037,5.39181547619048,5.52464788732394,6.02422836842105,5.87397572078907,140
"138",2013,2,5.544,25,5.81875,5.05555555555556,5.41666666666667,5.78888888888889,5.40625,16,9,6,9,16,1064,719,345,148,389,675,5.91988419172933,6.17747813630042,5.38304347826087,5.52027027027027,6.01878349614396,5.86288888888889,141
"139",2013,3,6.03333333333333,30,6.09523809523809,5.88888888888889,5.66666666666667,6.30769230769231,5.82352941176471,21,9,3,13,17,1094,740,354,151,402,692,5.9229952285192,6.1751442972973,5.39590395480226,5.52317880794702,6.02812631840796,5.86192196531792,142
"140",2013,4,5.53548387096774,31,5.67391304347826,5.1375,5.375,5.57142857142857,5.525,23,8,4,7,24,1125,763,362,155,409,716,5.91231713777778,6.1600350982962,5.39019337016575,5.51935483870968,6.02030997555012,5.85062849162011,143
"141",2013,5,5.71428571428571,21,5.96428571428571,5.21428571428571,5.625,6.25,5.5,14,7,4,6,15,1146,777,369,159,415,731,5.90868828970332,6.15650808236808,5.38685636856369,5.52201257861635,6.02363079518072,5.84343365253078,144
"142",2013,6,6.35925925925926,27,6.79473684210526,5.325,5,6,6.53888888888889,19,8,2,9,18,1173,796,377,161,424,749,5.91905948849105,6.17174218592965,5.38554376657825,5.51552795031056,6.02312919811321,5.86014686248331,145
"143",2013,7,6.14655172413793,29,6.27954545454545,5.72857142857143,6.25,6,6.23611111111111,22,7,4,11,18,1202,818,384,165,435,767,5.92454806988353,6.1746415403423,5.391796875,5.53333333333333,6.02254432183908,5.86897001303781,146
"144",2013,8,5.75806451612903,31,6.17391304347826,4.5625,4.66666666666667,5.07142857142857,5.95833333333333,23,8,3,7,24,1233,841,392,168,442,791,5.92036235198703,6.17462161712247,5.37487244897959,5.51785714285714,6.00748140271493,5.8716814159292,147
"145",2013,9,6.47368421052632,19,6.47058823529412,6.5,7,6.33333333333333,6.5,17,2,1,3,16,1252,858,394,169,445,807,5.92875940894569,6.18048575757576,5.38058375634518,5.52662721893491,6.00967815730337,5.88413878562577,148
"146",2013,10,6.06041666666667,24,6.05588235294118,6.07142857142857,6.5,5.8,6.12894736842105,17,7,5,5,19,1276,875,401,174,450,826,5.93123572100314,6.17806489142857,5.3926433915212,5.55459770114942,6.0073484,5.88976997578692,149
"147",2013,11,6.22258064516129,31,6.41666666666667,5.55714285714286,5.475,5.75,6.38695652173913,24,7,4,8,23,1307,899,408,178,458,849,5.93814596786534,6.18443468298109,5.39546568627451,5.55280898876404,6.00285323144105,5.90323910482921,150
"148",2013,12,6.15,28,6.61,5,6,6.14,6.15217391304348,20,8,2,5,23,1335,919,416,180,463,872,5.94258934831461,6.19369616974973,5.38786057692308,5.55777777777778,6.00433429805615,5.90980504587156,151
"149",2014,1,6.05084745762712,59,6.28888888888889,5.28571428571429,5.6,5.66666666666667,6.14893617021277,45,14,10,12,47,1394,964,430,190,475,919,5.94717129124821,6.19813981327801,5.38453488372093,5.56,5.99580374736842,5.92203482045702,152
"150",2014,2,6.140625,32,6.45454545454545,5.45,4.875,7.15,5.68181818181818,22,10,4,10,22,1426,986,440,194,485,941,5.9515124684432,6.203860831643,5.38602272727273,5.54587628865979,6.01960160824742,5.91641870350691,153
"151",2014,3,5.89285714285714,28,5.77272727272727,6.33333333333333,5.6,7,5.59090909090909,22,6,5,6,22,1454,1008,446,199,491,963,5.95038292984869,6.19445117063492,5.3987668161435,5.54723618090452,6.03158203665988,5.90898234683281,154
"152",2014,4,6.1125,16,6.53333333333333,5.57142857142857,6.33333333333333,5.83333333333333,6.28,9,7,3,6,10,1470,1017,453,202,497,973,5.95214746938776,6.19745012782694,5.4014348785872,5.55891089108911,6.02918869215292,5.91279547790339,155
"153",2014,5,6.11363636363636,22,6.33333333333333,5.64285714285714,5.7,5.5,6.21052631578947,15,7,5,3,19,1492,1032,460,207,500,992,5.95452867292225,6.1994251744186,5.40510869565217,5.56231884057971,6.02601356,5.91849798387097,156
"154",2014,6,6.13571428571429,14,5.42857142857143,6.84285714285714,7.15,6.5,6.075,7,7,6,2,12,1506,1039,467,213,502,1004,5.95621300132802,6.19423174205967,5.42665952890792,5.60704225352113,6.02790195219123,5.92036852589641,157
"155",2014,7,6.47222222222222,18,6.80769230769231,5.6,5.66666666666667,6.35714285714286,6.54545454545455,13,5,3,7,11,1524,1052,472,216,509,1015,5.9623075984252,6.20181252851711,5.42849576271186,5.60787037037037,6.03242982318271,5.92714285714286,158
"156",2014,8,6.18181818181818,22,6.52941176470588,5,5,6,6.26666666666667,17,5,1,7,15,1546,1069,477,217,516,1030,5.96543129366106,6.20702224508887,5.42400419287212,5.60506912442396,6.03198988372093,5.93208737864077,159
"157",2014,9,5.67826086956522,23,5.60666666666667,5.8125,5.6,5.41666666666667,5.77058823529412,15,8,5,6,17,1569,1084,485,222,522,1047,5.96122165710644,6.19871474169742,5.43041237113402,5.60495495495496,6.02491720306513,5.92946513849092,160
"158",2014,10,5.90384615384615,26,5.975,5.66666666666667,5.25,5.78571428571429,5.94736842105263,20,6,4,7,19,1595,1104,491,226,529,1066,5.96028638244514,6.1946619384058,5.43329938900204,5.59867256637168,6.02175194706994,5.92978424015009,161
"159",2014,11,6.09619047619048,21,6.64428571428571,5,5,6.82428571428571,5.73214285714286,14,7,5,7,14,1616,1118,498,231,536,1080,5.96205246287129,6.20029228980322,5.42720883534136,5.58571428571429,6.03223279850746,5.92722222222222,162
"160",2014,12,6.00405405405405,37,6.55384615384615,4.70454545454545,5.125,5.8,6.07962962962963,26,11,6,10,27,1653,1144,509,237,546,1107,5.96299260738052,6.2083276048951,5.41159135559921,5.57405063291139,6.02797945054945,5.93093947606143,163
"161",2015,1,5.76451612903226,31,5.88636363636364,5.46666666666667,5.2,5.5,5.84166666666667,22,9,5,7,24,1684,1166,518,242,553,1131,5.95933894299288,6.20225281303602,5.41254826254826,5.56632231404959,6.02129616636528,5.92904509283819,164
"162",2015,2,5.76724137931035,29,6.05952380952381,5,4.85714285714286,5.53125,5.85714285714286,21,8,7,8,21,1713,1187,526,249,561,1152,5.95608685347344,6.19972770008425,5.40627376425855,5.54638554216868,6.01430798573975,5.927734375,165
"163",2015,3,6.04761904761905,21,5.86666666666667,6.5,5.5,7.2,5.6875,15,6,4,5,16,1734,1202,532,253,566,1168,5.95719537485583,6.19557136439268,5.41860902255639,5.54565217391304,6.02478229681979,5.92444349315068,166
"164",2015,4,5.966,25,6.16578947368421,5.33333333333333,3,6.25,5.87631578947368,19,6,1,6,19,1759,1221,538,254,572,1187,5.95732051165435,6.19510792792793,5.41765799256505,5.53562992125984,6.02714472027972,5.92367312552653,167
"165",2015,5,5.89444444444444,18,6.54615384615385,4.2,4.66666666666667,NA,5.89444444444444,13,5,3,0,18,1777,1234,543,257,572,1205,5.95668361283061,6.19880614262561,5.40644567219153,5.52548638132296,6.02714472027972,5.92323651452282,168
"166",2015,6,5.32727272727273,22,5.8875,3.83333333333333,3,6.25,4.98125,16,6,4,6,16,1799,1250,549,261,578,1221,5.94898653696498,6.194821424,5.38925318761384,5.4867816091954,6.02945809688581,5.91089271089271,169
"167",2015,7,5.98787878787879,33,6.15652173913043,5.6,5.375,5.8875,6.02,23,10,8,8,25,1832,1273,559,269,586,1246,5.9496871069869,6.19412944226237,5.39302325581395,5.48345724907063,6.02752010238908,5.91308186195826,170
"168",2015,8,6,13,6,NA,NA,6.25,5.95454545454545,13,0,0,2,11,1845,1286,559,269,588,1257,5.95004161517615,6.19216701399689,5.39302325581395,5.48345724907063,6.02827683673469,5.91344470962609,171
"169",2015,9,5.5,22,5.83333333333333,4.78571428571429,4.75,5.75,5.44444444444444,15,7,4,4,18,1867,1301,566,273,592,1275,5.94473850026781,6.18802980784012,5.38551236749116,5.47271062271062,6.02639658783784,5.90682352941176,172
"170",2015,10,5.42105263157895,19,5.95833333333333,4.5,4.5,6,5.21428571428571,12,7,5,5,14,1886,1313,573,278,597,1289,5.93946276776246,6.18593052551409,5.37469458987783,5.45521582733813,6.02617551088777,5.89930178432893,173
"171",2015,11,5.86451612903226,31,5.852,5.91666666666667,5.66666666666667,6.85714285714286,5.575,25,6,3,7,24,1917,1338,579,281,604,1313,5.93825079812207,6.17969116591928,5.38031088082901,5.45747330960854,6.03580592715232,5.89337395277989,174
"172",2015,12,5.8625,28,5.925,5.70625,5.95,6.135,5.71111111111111,20,8,5,10,18,1945,1358,587,286,614,1331,5.93716029820052,6.17594019145803,5.38475298126065,5.46608391608392,6.03742146579804,5.89090909090909,175
"173",2016,1,6.00975609756098,41,6.16333333333333,5.59090909090909,6,6.3,5.96944444444444,30,11,7,5,36,1986,1388,598,293,619,1367,5.93865900302115,6.17566770893372,5.38854515050167,5.47883959044369,6.03954245557351,5.89297732260424,176
"174",2016,2,5.925,20,6.75,4.6875,4.75,5,6.23333333333333,12,8,6,5,15,2006,1400,606,299,624,1382,5.93852282153539,6.18059055714286,5.3792904290429,5.46421404682274,6.03121278846154,5.89667149059334,177
"175",2016,3,5.79411764705882,17,5.92857142857143,5.16666666666667,5.375,3,5.96875,14,3,4,1,16,2023,1414,609,303,625,1398,5.93730933267425,6.17809531824611,5.37824302134647,5.46303630363036,6.026362848,5.89749642346209,178
"176",2016,4,5.64705882352941,34,6.04166666666667,4.7,4.75,5,5.84615384615385,24,10,4,8,26,2057,1438,619,307,633,1424,5.93251180359747,6.1758183449235,5.3672859450727,5.45374592833876,6.01339143759874,5.89655898876404,179
"177",2016,5,5.9,25,5.93181818181818,5.66666666666667,5.66666666666667,6.21428571428571,5.77777777777778,22,3,3,7,18,2082,1460,622,310,640,1442,5.93212141210375,6.17214163013699,5.36872990353698,5.4558064516129,6.01558871875,5.89507628294036,180
"178",2016,6,5.59677419354839,31,5.68518518518519,5,5.625,5.71428571428571,5.5625,27,4,4,7,24,2113,1487,626,314,647,1466,5.92720150496924,6.16329978480161,5.36637380191693,5.45796178343949,6.01232887171561,5.88963165075034,181
"179",2016,7,5.14705882352941,17,5.85,4.14285714285714,4.25,6.08333333333333,4.63636363636364,10,7,4,6,11,2130,1497,633,318,653,1477,5.92097501408451,6.16120693386774,5.35284360189573,5.44276729559749,6.0129812863706,5.88029790115098,182
"180",2016,8,6.02105263157895,38,6.20714285714286,5.5,5.57142857142857,5.75,6.05294117647059,28,10,7,4,34,2168,1525,643,325,657,1511,5.92272914206642,6.16205034754098,5.35513219284603,5.44553846153846,6.0113801826484,5.88418266048974,183
"181",2016,9,6.16060606060606,33,6.29565217391304,5.85,5.6875,5.625,6.332,23,10,8,8,25,2201,1548,653,333,665,1536,5.92629567469332,6.1640353875969,5.36271056661562,5.45135135135135,6.006732,5.89147135416666,184
"182",2016,10,5.67714285714286,35,6.00689655172414,4.08333333333333,4.5,5.4,5.788,29,6,5,10,25,2236,1577,659,338,675,1561,5.92239569767442,6.16114570703868,5.35106221547799,5.43727810650888,5.99774337777778,5.88981422165278,185
"183",2016,11,5.734375,32,6.06818181818182,5,7,4.16666666666667,6.09615384615385,22,10,4,6,26,2268,1599,669,342,681,1587,5.91974284832452,6.15986665415885,5.34581464872944,5.45555555555556,5.98161054331865,5.89319470699433,186
"184",2016,12,5.5741935483871,31,5.9,4.89,4.48333333333333,4.42857142857143,5.90833333333333,21,10,6,7,24,2299,1620,679,348,688,1611,5.91508341887777,6.15649801234568,5.33910162002945,5.43879310344828,5.96580927325581,5.89342023587833,187
"185",2017,1,6.05405405405405,37,6.23529411764706,4,4,6.42857142857143,5.96666666666667,34,3,2,7,30,2336,1654,682,350,695,1641,5.91728458047945,6.15811776299879,5.33321114369501,5.43057142857143,5.97047018705036,5.89475929311395,188
"186",2017,2,6.02380952380952,42,6.67307692307692,4.96875,4.8,5.875,6.05882352941176,26,16,10,8,34,2378,1680,698,360,703,1675,5.91916601345669,6.16608736904762,5.32485673352435,5.41305555555556,5.96938375533428,5.8980895522388,189
"187",2017,3,6.3,35,6.5,5.5,5,6.31818181818182,6.29166666666667,28,7,3,11,24,2413,1708,705,363,714,1699,5.92468992125984,6.17156134660421,5.32659574468085,5.40964187327824,5.97475739495798,5.90364920541495,190
"188",2017,4,6.02068965517241,29,6.13478260869565,5.58333333333333,5.75,5.71428571428571,6.11818181818182,23,6,6,7,22,2442,1731,711,369,721,1721,5.92582996723997,6.17107266320046,5.32876230661041,5.41517615176152,5.97222854368932,5.90639163277164,191
"189",2017,5,6.08387096774194,31,6.364,4.91666666666667,7,7.33333333333333,5.784,25,6,3,6,25,2473,1756,717,372,727,1746,5.92781107157299,6.17381935079727,5.32531380753138,5.42795698924731,5.98346187070151,5.90463917525773,192
"190",2017,6,6.11904761904762,21,6.67647058823529,3.75,3.75,7.33333333333333,5.91666666666667,17,4,4,3,18,2494,1773,721,376,730,1764,5.92942132317562,6.17863890580936,5.31657420249653,5.41010638297872,5.98900928767123,5.9047619047619,193
"191",2017,7,5.94827586206897,29,6.325,5.11111111111111,4.83333333333333,6.4,5.85416666666667,20,9,6,5,24,2523,1793,730,382,735,1788,5.92963804201348,6.18027148912437,5.31404109589041,5.40104712041885,5.99180514285714,5.90408277404921,194
"192",2017,8,6.135,40,6.21212121212121,5.77142857142857,5.5,6.375,6.075,33,7,4,8,32,2563,1826,737,386,743,1820,5.93284306671869,6.18084708652793,5.31838534599728,5.4020725388601,5.99593106325707,5.90708791208791,195
"193",2017,9,5.89354838709677,31,5.95,5.6,5.75,5.72857142857143,5.94166666666667,26,5,4,7,24,2594,1852,742,390,750,1844,5.9323734695451,6.17760625269978,5.32028301886792,5.40564102564103,5.99343570666667,5.90753796095444,196
"194",2017,10,6.17435897435897,39,6.42692307692308,5.66923076923077,5.8375,6.41111111111111,6.10333333333333,26,13,8,9,30,2633,1878,755,398,759,1874,5.93595775921003,6.18105792332268,5.32629139072847,5.4143216080402,5.99838837944664,5.91067235859125,197
"195",2017,11,5.54652173913043,23,5.691875,5.21428571428571,5.83333333333333,6,5.50333333333333,16,7,6,2,21,2656,1894,762,404,761,1895,5.93258538403614,6.17692543822598,5.3252624671916,5.42054455445544,5.99839261498029,5.90615831134564,198
"196",2017,12,6.106,30,6.3695652173913,5.24,5.2,6.8,5.9672,23,7,5,5,25,2686,1917,769,409,766,1920,5.93452225614296,6.17923671361502,5.32448634590377,5.41784841075795,6.00362503916449,5.906953125,199
"197",2018,1,5.4375,40,5.91071428571429,4.33333333333333,5.125,5.16666666666667,5.51612903225806,28,12,8,9,31,2726,1945,781,417,775,1951,5.92722919295671,6.17537109511568,5.30925736235595,5.41223021582734,5.99390552258064,5.90074320861097,200
"198",2018,2,5.935,30,6.43684210526316,5.06818181818182,5.33333333333333,6.1,5.875,19,11,6,8,22,2756,1964,792,423,783,1973,5.9273137808418,6.17790060081466,5.30590909090909,5.41111111111111,5.99498950191571,5.90045615813482,201
"199",2018,3,6.04,25,6.5,3.625,3.66666666666667,5.85714285714286,6.11111111111111,21,4,3,7,18,2781,1985,796,426,790,1991,5.92832678173319,6.18130820151133,5.29746231155779,5.39882629107981,5.99376807594937,5.90236062280261,202
"200",2018,4,6.456,20,6.6325,5.75,6,6,6.53647058823529,16,4,2,3,17,2801,2001,800,428,793,2008,5.93209453052481,6.18491593203398,5.299725,5.40163551401869,5.9937916519546,5.90772908366534,203
"201",2018,5,6.13333333333333,15,6.9,4.6,5,6.33333333333333,6.08333333333333,10,5,1,3,12,2816,2011,805,429,796,2020,5.93316647017045,6.1884717951268,5.29537888198758,5.4006993006993,5.99507133165829,5.90877227722772,204
"202",2018,6,6.92307692307692,13,6.54545454545455,9,10,8.33333333333333,6.5,11,2,1,3,10,2829,2022,807,430,799,2030,5.93771536938848,6.19041383778437,5.30456009913259,5.41139534883721,6.00385078848561,5.91168472906404,205
"203",2018,7,6.26,25,6.36111111111111,6,4.5,6,6.30952380952381,18,7,2,4,21,2854,2040,814,432,803,2051,5.94053846531184,6.19191999019608,5.31054054054054,5.40717592592592,6.00383160647571,5.91575816674793,206
"204",2018,8,6.33333333333333,18,6.53571428571429,5.625,7,7.66666666666667,6.06666666666667,14,4,1,3,15,2872,2054,818,433,806,2066,5.94300027158774,6.19426328140214,5.3120782396088,5.4108545034642,6.01002081885856,5.91685382381413,207
"205",2018,9,6.63626666666667,15,6.888,5,NA,6.842,6.60461538461538,13,2,0,2,13,2887,2067,820,433,808,2079,5.94660227918254,6.19862640541848,5.31131707317073,5.4108545034642,6.01208017326733,5.9211544011544,208
"206",2018,10,5.57142857142857,21,5.78947368421053,3.5,3,5.625,5.53846153846154,19,2,1,8,13,2908,2086,822,434,816,2092,5.94389297799175,6.19489970278044,5.3069099756691,5.40529953917051,6.00828526960784,5.91877629063097,209
"207",2018,11,5.8,19,5.87142857142857,5.6,6.5,6.24285714285714,5.54166666666667,14,5,2,7,12,2927,2100,827,436,823,2104,5.94295892722925,6.19274322857143,5.30868198307134,5.41032110091743,6.01028041312272,5.91662547528517,210
"208",2018,12,5.68928571428571,28,5.825,4.875,5.16666666666667,6.18571428571429,5.52380952380952,24,4,3,7,21,2955,2124,831,439,830,2125,5.94055525549915,6.18858793785311,5.3065944645006,5.40865603644647,6.01175997590361,5.91274352941176,211
"209",2019,1,5.62777777777778,36,6.0037037037037,4.5,5,5.875,5.55714285714286,27,9,4,8,28,2991,2151,840,443,838,2153,5.93679063189569,6.18626721524872,5.29795238095238,5.40496613995485,6.01045439140811,5.90811890385508,212
"210",2019,2,6.1837037037037,27,6.14347826086957,6.415,6.33,6.2,6.18086956521739,23,4,2,4,23,3018,2174,844,445,842,2176,5.93899959575878,6.18581452621895,5.30324644549763,5.40912359550562,6.0113548456057,5.91100183823529,213
"211",2019,3,6.21724137931034,29,6.575,4.5,5,6.25,6.212,24,5,2,4,25,3047,2198,849,447,846,2201,5.94164777814243,6.19006404913558,5.29851590106007,5.40729306487696,6.01248319148936,5.91442071785552,214
"212",2019,4,5.47826086956522,23,5.8,4.875,5,5,5.57894736842105,15,8,6,4,19,3070,2213,857,453,850,2220,5.93817614983713,6.18742014460009,5.29456242707118,5.40189845474614,6.00771856470588,5.91154954954955,215
"213",2019,5,6.7,25,6.79545454545455,6,10,6.75,6.68421052631579,22,3,1,6,19,3095,2235,860,454,856,2239,5.94432981583199,6.19340527069351,5.29702325581395,5.41202643171806,6.01292147196262,5.91810629745422,216
"214",2019,6,6.40527791666667,24,6.84210526315789,4.745334,5.90889,5,6.46637695652174,19,5,3,1,23,3119,2254,865,457,857,2262,5.94787670727797,6.19887346051464,5.29383430057803,5.41528811816192,6.01173953325554,5.92368110963749,217
"215",2019,7,5.98269230769231,26,5.9804347826087,6,NA,5.875,6.03055555555556,23,3,0,8,18,3145,2277,868,457,865,2280,5.94816453100159,6.19666700922266,5.29627496543779,5.41528811816192,6.01047489017341,5.92452485526316,218
"216",2019,8,6.32954545454545,22,6.6875,5.375,6,6,6.34523809523809,16,6,2,1,21,3167,2293,874,459,866,2301,5.95081384591096,6.20009192324466,5.29681541189931,5.41783588235294,6.01046279445727,5.92836448066058,219
"217",2019,9,6.14642857142857,28,6.20454545454545,5.93333333333333,5.2,5.875,6.19166666666667,22,6,3,4,24,3195,2315,880,462,870,2325,5.95252815336463,6.2001342462203,5.30115530681818,5.41642136363636,6.00983997701149,5.93108243870967,220
"218",2019,10,5.7625,24,5.675,5.9375,6.625,6.43,5.28571428571429,16,8,4,10,14,3219,2331,888,466,880,2339,5.9511113544579,6.19652972114972,5.30688814189189,5.42679542918455,6.01461452272727,5.92721961094485,221
"219",2019,11,6.73809523809524,21,6.825,5,5,6.5,6.77777777777778,20,1,1,3,18,3240,2351,889,467,883,2357,5.95621217592593,6.20187612930668,5.30654293588301,5.42588152034261,6.01626362400906,5.93371517607127,222
"220",2019,12,6.04166666666667,24,6.42105263157895,4.6,NA,6,6.05555555555556,19,5,0,6,18,3264,2370,894,467,889,2375,5.95684051776961,6.20363324050633,5.30259135346756,5.42588152034261,6.01615385826772,5.93463859789473,223
"221",2020,1,6.00155046511628,43,6.41555566666667,5.04615384615385,4.2,5.88461538461539,6.05222233333333,30,13,5,13,30,3307,2400,907,472,902,2405,5.95742186876323,6.20628227083333,5.29891584343991,5.41289548728813,6.01425807095344,5.93610533887734,224
"222",2020,2,5.99380964285714,28,6.18303045454545,5.3,5.76,6.66666666666667,5.9130668,22,6,5,3,25,3335,2422,913,477,905,2430,5.95772737331334,6.20607106523534,5.29892296823658,5.41653389937107,6.01642075138122,5.93586831687243,225
"223",2020,3,5.83333333333333,30,6.14285714285714,5.11111111111111,4.83333333333333,6,5.77272727272727,21,9,6,8,22,3365,2443,922,483,913,2452,5.95661836255572,6.20552767908309,5.2970896637744,5.40928917184265,6.01627686746988,5.93440457177814,226
"224",2020,4,6.0736,25,6.81411764705882,4.5,4.66666666666667,5,6.342,17,8,3,5,20,3390,2460,930,486,918,2472,5.95748105899705,6.20973338211382,5.29023297849462,5.40470508230453,6.01074159041394,5.93770226941747,227
"225",2020,5,6.31071428571429,28,6.52916666666667,5,6.5,5.6,6.46521739130435,24,4,2,5,23,3418,2484,934,488,923,2495,5.96037471913399,6.21281969404187,5.28899001070664,5.40919399590164,6.00851655471289,5.94256513426853,228
"226",2020,6,5.94117647058824,17,6.58333333333333,4.4,6,5.8,6,12,5,1,5,12,3435,2496,939,489,928,2507,5.96027970596798,6.21460100961538,5.28425630457934,5.41040218813906,6.00739308189655,5.9428400518548,229
"227",2020,7,5.93181818181818,22,6.26923076923077,5.44444444444444,4.5,6.66666666666667,5.81578947368421,13,9,4,3,19,3457,2509,948,493,931,2526,5.96009857969337,6.21488406536469,5.28577707805907,5.40301555780933,6.00951748657358,5.94188440617577,230
"228",2020,8,5.82692307692308,26,6.21428571428571,4.2,5,5,5.97727272727273,21,5,1,4,22,3483,2530,953,494,935,2548,5.95910444731553,6.21487909881423,5.28008045120672,5.4021997368421,6.00519869518717,5.94218995682888,231
"229",2020,9,6.596,25,6.73636363636364,5.56666666666667,6.7,6.33333333333333,6.67894736842105,22,3,1,6,19,3508,2552,956,495,941,2567,5.96364332668187,6.21937465517241,5.28097978033473,5.40482155555555,6.00729094580234,5.94764316712115,232
"230",2020,10,6.37037037037037,27,6.43478260869565,6,5.75,4.5,6.52,23,4,2,2,25,3535,2575,960,497,943,2592,5.9667498698727,6.22129868737864,5.28397569791667,5.40621060362173,6.00409414634146,5.95316358410493,233
"231",2020,11,6.4725,32,6.26761904761905,6.86363636363636,7,6.81,6.45,21,11,3,2,30,3567,2596,971,500,945,2622,5.9712870171012,6.22167338983051,5.3018709268795,5.41577334,6.00579976719577,5.95884821128909,234
"232",2020,12,5.95384615384615,26,6.28125,5.43,6.075,5.18571428571429,6.23684210526316,16,10,4,7,19,3593,2612,981,504,952,2641,5.97116080990815,6.22203833078101,5.30317703363914,5.42100529761905,5.99976972689076,5.96084816736084,235
"233",2021,1,5.80487804878049,41,5.9375,5.33333333333333,4.5,6.83333333333333,5.62857142857143,32,9,3,6,35,3634,2644,990,507,958,2676,5.96928475233902,6.21859459909228,5.30345118181818,5.41555556213018,6.00499037578288,5.95650224588938,236
"234",2021,2,6.71755566666667,30,6.68444458333333,6.85,5.03333333333333,5.66666666666667,6.98027791666667,24,6,3,6,24,3664,2668,996,510,964,2700,5.97541142467249,6.22278515367316,5.31276774096386,5.41330719607843,6.00288462655602,5.96560247407407,237
"235",2021,3,6.06066666666667,21,6.6875,4.0548,3.5685,6.28425,5.92307692307692,16,5,4,8,13,3685,2684,1001,514,972,2713,5.97589727544098,6.22555543591654,5.30648418581419,5.39895071984436,6.0052003909465,5.9653987025433,238
"236",2021,4,6.528,20,6.77066666666667,5.8,5.25,7.025,6.40375,15,5,4,4,16,3705,2699,1006,518,976,2729,5.97887758704453,6.22858495368655,5.30893704771372,5.39780052123552,6.00937989754098,5.96796873580065,239
"237",2021,5,6.11923076923077,26,6.24285714285714,5.6,5.33333333333333,6.16666666666667,6.11304347826087,21,5,3,3,23,3731,2720,1011,521,979,2752,5.97985565800053,6.22869514338235,5.31037652818991,5.39742930902111,6.00986187946885,5.96918120639534,240
"238",2021,6,6.494222,15,6.67238071428571,4,NA,NA,6.494222,14,1,0,0,15,3746,2734,1012,521,979,2767,5.9819153203417,6.23096712509144,5.30908168972332,5.39742930902111,6.00986187946885,5.97202747018431,241
"239",2021,7,5.6875,16,6.16666666666667,4.25,4.33333333333333,4.83333333333333,6.2,12,4,3,6,10,3762,2746,1016,524,985,2777,5.98066315523658,6.23068613255644,5.30491207677165,5.39133715648855,6.00269520812183,5.97284840115232,242
"240",2021,8,5.83157894736842,19,6.175,4,3,5.5,5.92,16,3,1,4,15,3781,2762,1019,525,989,2792,5.97991398836287,6.23036354815351,5.30107033366045,5.38678222857143,6.00066206268959,5.9725644734957,243
"241",2021,9,6.37909090909091,22,6.63333333333333,5.83428571428571,4,4.1,7.04941176470588,15,7,3,5,17,3803,2777,1026,528,994,2809,5.98222318958717,6.23254019445445,5.30470825536062,5.37890278409091,5.99110138832998,5.97908152723388,244
"242",2021,10,6.11538461538461,13,6.65,4.33333333333333,3.5,6.75,5.57142857142857,10,3,2,6,7,3816,2787,1029,530,1000,2816,5.982676831761,6.23403807678507,5.3018762585034,5.37181258490566,5.99565478,5.97806818536931,245
"243",2021,11,5.68421052631579,19,5.84615384615385,5.33333333333333,4.33333333333333,4.66666666666667,5.875,13,6,3,3,16,3835,2800,1035,533,1003,2832,5.98119811994785,6.23223718571428,5.30205861835749,5.3659674859287,5.99167974077767,5.97748587923728,246
"244",2021,12,6.08333333333333,24,6.36842105263158,5,5,5.75,6.15,19,5,3,4,20,3859,2819,1040,536,1007,2852,5.98183332210417,6.23315506207875,5.30060641346154,5.36391916044776,5.99071974180735,5.97869565568022,247
"245",2022,1,6.37093939393939,33,6.47080769230769,6,6,6,6.45337037037037,26,7,3,6,27,3892,2845,1047,539,1013,2879,5.98513252569373,6.2353269314587,5.30528239732569,5.36745949907236,5.99077470878579,5.98314727683223,248
"246",2022,2,6.16666666666667,24,6.62352941176471,5.05714285714286,5,5.975,6.205,17,7,3,4,20,3916,2862,1054,542,1017,2899,5.98624509448417,6.23763281621244,5.30363441176471,5.3654255904059,5.9907126647001,5.98467782338737,249
"247",2022,3,6.42222222222222,27,6.42,6.42857142857143,6.66666666666667,6.25,6.45217391304348,20,7,3,4,23,3943,2882,1061,545,1021,2922,5.9892304818666,6.23889837612769,5.3110562393968,5.3725883853211,5.99172848188051,5.98835763518138,250
"248",2022,4,5.89285714285714,28,5.97619047619048,5.64285714285714,7,6,5.8695652173913,21,7,2,5,23,3971,2903,1068,547,1026,2945,5.98855094182825,6.23699797450913,5.31323096441948,5.37853870201097,5.991768791423,5.98742988455008,251
"249",2022,5,6.08333333333333,18,6.34615384615385,5.4,4.5,7.5,5.90625,13,5,2,2,16,3989,2916,1073,549,1028,2961,5.98897863875658,6.2374846090535,5.31363529356943,5.37533819672131,5.99470309338521,5.98699122255994,252
"250",2022,6,5.36176470588235,17,5.47083333333333,5.1,8,5.5,5.34333333333333,12,5,1,2,15,4006,2928,1078,550,1030,2976,5.98631697204194,6.23434259562841,5.31264440630798,5.38011030909091,5.99374250485437,5.98374697916666,253
"251",2022,7,6.20681818181818,22,6.19722222222222,6.25,5,6,6.23947368421053,18,4,2,3,19,4028,2946,1082,552,1033,2995,5.98752129841112,6.23411579090292,5.31610967652495,5.37873309782609,5.99376067763795,5.98536928547579,254
"252",2022,8,5.96666666666667,30,6.63157894736842,4.81818181818182,5.1,5.66666666666667,6.04166666666667,19,11,5,6,24,4058,2965,1093,557,1039,3019,5.98736712419911,6.23666277234401,5.31109850869167,5.37623100538599,5.99187178055823,5.98581683007618,255
"253",2022,9,6.40036,25,6.35757142857143,6.625,7,7.7018,6.075,21,4,1,5,20,4083,2986,1097,558,1044,3039,5.98989585843742,6.23751310113865,5.31588939835916,5.37914098566308,6.00006109195402,5.98640375452451,256
"254",2022,10,5.53125,16,5.7,3,3,5.2,5.68181818181818,15,1,1,5,11,4099,3001,1098,559,1049,3050,5.98810558428885,6.2348264311896,5.31378020947177,5.3748849194991,5.99624764537655,5.98530524918032,257
"255",2022,11,6.1047619047619,21,6.40714285714286,5.5,6.125,6,6.11578947368421,14,7,4,2,19,4120,3015,1105,563,1051,3069,5.98870019174757,6.23562657379768,5.31495988235294,5.3802143339254,5.99625478591817,5.98611306940371,258
"256",2022,12,6.07826086956522,23,6.14736842105263,5.75,NA,6,6.08181818181818,19,4,0,1,22,4143,3034,1109,563,1052,3091,5.98919739077963,6.23507386947923,5.31652900811542,5.3802143339254,5.9962583460076,5.98679424458104,259
