"","year","month","avg_rating","no_ratings","avg_rating_owned","avg_rating_not_owned","avg_rating_prev_owned","avg_rating_comment","avg_rating_no_comment","no_ratings_owned","no_ratings_not_owned","no_ratings_prev_owned","no_ratings_comment","no_ratings_no_comment","cum_no_ratings","cum_no_ratings_owned","cum_no_ratings_not_owned","cum_no_ratings_prev_owned","cum_no_ratings_comment","cum_no_ratings_no_comment","cum_avg_rating","cum_avg_rating_owned","cum_avg_rating_not_owned","cum_avg_rating_prev_owned","cum_avg_rating_comment","cum_avg_rating_no_comment","month_after_release"
"1",2001,7,8.5,2,8,9,NA,NA,8.5,1,1,0,0,2,2,1,1,0,0,2,8.5,8,9,NA,NA,8.5,-2
"2",2001,8,9,1,9,NA,NA,9,NA,1,0,0,1,0,3,2,1,0,1,2,8.66666666666667,8.5,9,NA,9,8.5,-1
"3",2001,9,8.66666666666667,3,8.66666666666667,NA,NA,8,9,3,0,0,1,2,6,5,1,0,2,4,8.66666666666667,8.6,9,NA,8.5,8.75,0
"4",2001,10,7.66666666666667,3,8,7,NA,NA,7.66666666666667,2,1,0,0,3,9,7,2,0,2,7,8.33333333333333,8.42857142857143,8,NA,8.5,8.28571428571429,1
"5",2001,11,7.71428571428571,7,8,7,NA,8,7.33333333333333,5,2,0,4,3,16,12,4,0,6,10,8.0625,8.25,7.5,NA,8.16666666666667,8,2
"6",2002,1,6,2,8,4,NA,6,NA,1,1,0,2,0,18,13,5,0,8,10,7.83333333333333,8.23076923076923,6.8,NA,7.625,8,4
"7",2002,2,8.03333333333333,3,8.03333333333333,NA,NA,NA,8.03333333333333,3,0,0,0,3,21,16,5,0,8,13,7.86190476190476,8.19375,6.8,NA,7.625,8.00769230769231,5
"8",2002,3,8,1,8,NA,NA,NA,8,1,0,0,0,1,22,17,5,0,8,14,7.86818181818182,8.18235294117647,6.8,NA,7.625,8.00714285714286,6
"9",2002,4,9,1,9,NA,NA,9,NA,1,0,0,1,0,23,18,5,0,9,14,7.91739130434783,8.22777777777778,6.8,NA,7.77777777777778,8.00714285714286,7
"10",2002,5,8.16666666666667,3,8.25,8,NA,8,8.25,2,1,0,1,2,26,20,6,0,10,16,7.94615384615385,8.23,7,NA,7.8,8.0375,8
"11",2002,6,7.8,5,8.25,6,NA,NA,7.8,4,1,0,0,5,31,24,7,0,10,21,7.92258064516129,8.23333333333333,6.85714285714286,NA,7.8,7.98095238095238,9
"12",2002,7,7.5,4,7.5,NA,NA,8,7,4,0,0,2,2,35,28,7,0,12,23,7.87428571428571,8.12857142857143,6.85714285714286,NA,7.83333333333333,7.89565217391304,10
"13",2002,8,7.625,4,7.66666666666667,7.5,NA,NA,7.625,3,1,0,0,4,39,31,8,0,12,27,7.84871794871795,8.08387096774194,6.9375,NA,7.83333333333333,7.85555555555556,11
"14",2002,9,9,1,9,NA,NA,NA,9,1,0,0,0,1,40,32,8,0,12,28,7.8775,8.1125,6.9375,NA,7.83333333333333,7.89642857142857,12
"15",2002,10,7.25,4,8.5,6,NA,7,7.5,2,2,0,2,2,44,34,10,0,14,30,7.82045454545455,8.13529411764706,6.75,NA,7.71428571428571,7.87,13
"16",2002,11,8.57142857142857,7,8.4,9,NA,9,8.5,5,2,0,1,6,51,39,12,0,15,36,7.92352941176471,8.16923076923077,7.125,NA,7.8,7.975,14
"17",2002,12,7.5,4,8,6,NA,NA,7.5,3,1,0,0,4,55,42,13,0,15,40,7.89272727272727,8.15714285714286,7.03846153846154,NA,7.8,7.9275,15
"18",2003,1,8.125,4,8.16666666666667,8,NA,NA,8.125,3,1,0,0,4,59,45,14,0,15,44,7.90847457627119,8.15777777777778,7.10714285714286,NA,7.8,7.94545454545455,16
"19",2003,2,8.5,5,8.5,8.5,8.5,9,8.375,4,1,1,1,4,64,49,15,1,16,48,7.9546875,8.18571428571429,7.2,8.5,7.875,7.98125,17
"20",2003,3,8,1,8,NA,NA,NA,8,1,0,0,0,1,65,50,15,1,16,49,7.95538461538462,8.182,7.2,8.5,7.875,7.98163265306122,18
"21",2003,4,6.875,4,6.875,NA,NA,NA,6.875,4,0,0,0,4,69,54,15,1,16,53,7.89275362318841,8.08518518518518,7.2,8.5,7.875,7.89811320754717,19
"22",2003,5,6,5,8,4.66666666666667,NA,7,5.75,2,3,0,1,4,74,56,18,1,17,57,7.76486486486487,8.08214285714286,6.77777777777778,8.5,7.82352941176471,7.74736842105263,20
"23",2003,6,8.125,4,8.5,7,NA,9,7.25,3,1,0,2,2,78,59,19,1,19,59,7.78333333333333,8.10338983050847,6.78947368421053,8.5,7.94736842105263,7.73050847457627,21
"24",2003,7,7.17241379310345,29,7.65909090909091,5.64285714285714,6,6,7.47826086956522,22,7,1,6,23,107,81,26,2,25,82,7.61775700934579,7.98271604938271,6.48076923076923,7.25,7.48,7.65975609756098,22
"25",2003,8,7.55555555555556,9,7.4,7.75,7,7.5,7.57142857142857,5,4,1,2,7,116,86,30,3,27,89,7.61293103448276,7.94883720930232,6.65,7.16666666666667,7.48148148148148,7.65280898876405,23
"26",2003,9,7.45833333333333,12,7.8125,6.75,8,8,7.40909090909091,8,4,1,1,11,128,94,34,4,28,100,7.5984375,7.93723404255319,6.66176470588235,7.375,7.5,7.626,24
"27",2003,10,8.10909090909091,11,8.28571428571429,7.8,NA,8.275,7.66666666666667,7,4,0,8,3,139,101,38,4,36,103,7.63884892086331,7.96138613861386,6.78157894736842,7.375,7.67222222222222,7.62718446601942,25
"28",2003,11,7.25,4,7.33333333333333,7,NA,9,6.66666666666667,3,1,0,1,3,143,104,39,4,37,106,7.62797202797203,7.94326923076923,6.78717948717949,7.375,7.70810810810811,7.6,26
"29",2003,12,7.27058823529412,17,7.75,6.58571428571429,8.25,7.125,7.4,10,7,2,8,9,160,114,46,6,45,115,7.59,7.92631578947368,6.75652173913043,7.66666666666667,7.60444444444444,7.58434782608696,27
"30",2004,1,7.65384615384615,13,9,6.8125,7,7.35714285714286,8,5,8,1,7,6,173,119,54,7,52,121,7.59479768786127,7.97142857142857,6.76481481481481,7.57142857142857,7.57115384615385,7.60495867768595,28
"31",2004,2,7.73333333333333,15,7.95454545454545,7.125,NA,8,7.63636363636364,11,4,0,4,11,188,130,58,7,56,132,7.60585106382979,7.97,6.78965517241379,7.57142857142857,7.60178571428571,7.60757575757576,29
"32",2004,3,6.85,10,6.85,NA,NA,7.125,6.66666666666667,10,0,0,4,6,198,140,58,7,60,138,7.56767676767677,7.89,6.78965517241379,7.57142857142857,7.57,7.56666666666667,30
"33",2004,4,7.625,8,7.83333333333333,7,NA,8,7.25,6,2,0,4,4,206,146,60,7,64,142,7.56990291262136,7.88767123287671,6.79666666666667,7.57142857142857,7.596875,7.55774647887324,31
"34",2004,5,7.5,15,7.75,7,NA,7.3125,7.71428571428571,10,5,0,8,7,221,156,65,7,72,149,7.56515837104072,7.87884615384615,6.81230769230769,7.57142857142857,7.56527777777778,7.56510067114094,32
"35",2004,6,7.79166666666667,12,7.95454545454545,6,NA,7.9,7.71428571428571,11,1,0,5,7,233,167,66,7,77,156,7.57682403433476,7.88383233532934,6.8,7.57142857142857,7.58701298701299,7.57179487179487,33
"36",2004,7,7.67857142857143,14,7.61111111111111,7.8,NA,8,7.35714285714286,9,5,0,7,7,247,176,71,7,84,163,7.58259109311741,7.86988636363636,6.87042253521127,7.57142857142857,7.62142857142857,7.56257668711656,34
"37",2004,8,7.25,8,7.5,6.5,NA,7.2,7.33333333333333,6,2,0,5,3,255,182,73,7,89,166,7.5721568627451,7.85769230769231,6.86027397260274,7.57142857142857,7.59775280898876,7.55843373493976,35
"38",2004,9,7.26923076923077,13,7.91666666666667,6.71428571428571,9,7.16666666666667,7.5,6,7,1,9,4,268,188,80,8,98,170,7.55746268656716,7.85957446808511,6.8475,7.75,7.55816326530612,7.55705882352941,36
"39",2004,10,7.34615384615385,13,7.875,6.5,NA,7.35,7.33333333333333,8,5,0,10,3,281,196,85,8,108,173,7.54768683274021,7.86020408163265,6.82705882352941,7.75,7.53888888888889,7.55317919075144,37
"40",2004,11,7.84375,16,8.125,7,8,7.72222222222222,8,12,4,1,9,7,297,208,89,9,117,180,7.56363636363636,7.87548076923077,6.83483146067416,7.77777777777778,7.55299145299145,7.57055555555556,38
"41",2004,12,7.70833333333333,12,8,7.125,NA,7.3,8,8,4,0,5,7,309,216,93,9,122,187,7.56925566343042,7.88009259259259,6.84731182795699,7.77777777777778,7.54262295081967,7.58663101604278,39
"42",2005,1,7.842,25,8.04210526315789,7.20833333333333,9,8.08928571428571,7.52727272727273,19,6,1,14,11,334,235,99,10,136,198,7.58967065868263,7.8931914893617,6.86919191919192,7.9,7.59889705882353,7.58333333333333,40
"43",2005,2,7.55769230769231,26,7.88461538461539,7.23076923076923,7.75,6.5,8.02777777777778,13,13,2,8,18,360,248,112,12,144,216,7.58736111111111,7.89274193548387,6.91116071428571,7.875,7.53784722222222,7.62037037037037,41
"44",2005,3,7.44444444444444,18,7.66666666666667,7,6,7.8,7.30769230769231,12,6,1,5,13,378,260,118,13,149,229,7.58055555555555,7.88230769230769,6.91567796610169,7.73076923076923,7.54664429530201,7.60262008733624,42
"45",2005,4,7.28260869565217,23,7.69444444444444,5.8,6,5.4,7.80555555555556,18,5,1,5,18,401,278,123,14,154,247,7.56346633416459,7.87014388489208,6.87032520325203,7.60714285714286,7.47694805194805,7.61740890688259,43
"46",2005,5,7.53076923076923,26,7.84210526315789,6.68571428571429,NA,7.48461538461538,7.57692307692308,19,7,0,13,13,427,297,130,14,167,260,7.56147540983607,7.86835016835017,6.86038461538462,7.60714285714286,7.47754491017964,7.61538461538461,44
"47",2005,6,7.36538461538461,26,7.61764705882353,6.88888888888889,6,7.30769230769231,7.42307692307692,17,9,1,13,13,453,314,139,15,180,273,7.55022075055188,7.85477707006369,6.86223021582734,7.5,7.46527777777778,7.60622710622711,45
"48",2005,7,7.45714285714286,21,7.54285714285714,7.28571428571429,7,8.1,7.25625,14,7,1,5,16,474,328,146,16,185,289,7.5460970464135,7.84146341463414,6.88253424657534,7.46875,7.48243243243243,7.58685121107266,46
"49",2005,8,7.17857142857143,28,7.5,6.68181818181818,6.75,7.31818181818182,7.08823529411765,17,11,2,11,17,502,345,157,18,196,306,7.52559760956175,7.82463768115942,6.86847133757962,7.38888888888889,7.47321428571429,7.55915032679739,47
"50",2005,9,7.54074074074074,27,7.73684210526316,7.075,6.53333333333333,7.5,7.57857142857143,19,8,3,13,14,529,364,165,21,209,320,7.52637051039698,7.82005494505494,6.87848484848485,7.26666666666667,7.47488038277512,7.56,48
"51",2005,10,7.65135135135135,37,7.96551724137931,6.5125,8.5,7.555,7.76470588235294,29,8,2,20,17,566,393,173,23,229,337,7.5345406360424,7.83078880407125,6.86156069364162,7.37391304347826,7.48187772925764,7.57032640949555,49
"52",2005,11,7.30172413793103,29,7.57954545454545,6.42857142857143,7,7.07142857142857,7.51666666666667,22,7,2,14,15,595,415,180,25,243,352,7.52319327731092,7.81746987951807,6.84472222222222,7.344,7.4582304526749,7.56803977272727,50
"53",2005,12,7.8,17,7.88888888888889,7.7,8.25,8,7.69090909090909,9,8,4,6,11,612,424,188,29,249,363,7.53088235294118,7.8189858490566,6.88111702127659,7.46896551724138,7.47128514056225,7.57176308539945,51
"54",2006,1,7.621875,32,7.64285714285714,7.58181818181818,8,7.41666666666667,7.745,21,11,2,12,20,644,445,199,31,261,383,7.53540372670807,7.81067415730337,6.91984924623115,7.50322580645161,7.46877394636015,7.58080939947781,52
"55",2006,2,7.7,18,8.03,7.2875,7.25,7.825,7.6,10,8,2,8,10,662,455,207,33,269,393,7.53987915407855,7.81549450549451,6.93405797101449,7.48787878787879,7.47936802973978,7.58129770992366,53
"56",2006,3,7.6625,20,7.75,7.4,NA,7.125,7.796875,15,5,0,4,16,682,470,212,33,273,409,7.54347507331378,7.81340425531915,6.94504716981132,7.48787878787879,7.47417582417582,7.58973105134474,54
"57",2006,4,7.84210526315789,19,8.23076923076923,7,7.33333333333333,7.9,7.82142857142857,13,6,3,5,14,701,483,218,36,278,423,7.55156918687589,7.82463768115942,6.94655963302752,7.475,7.4818345323741,7.59739952718676,55
"58",2006,5,7.51315789473684,19,7.54545454545455,7.46875,8,7.29166666666667,7.61538461538461,11,8,1,6,13,720,494,226,37,284,436,7.55055555555556,7.81842105263158,6.96504424778761,7.48918918918919,7.47781690140845,7.59793577981651,56
"59",2006,6,7.12,15,7.2,6.96,7,6.96428571428571,7.25625,10,5,1,7,8,735,504,231,38,291,444,7.54176870748299,7.80615079365079,6.96493506493506,7.47631578947369,7.46546391752577,7.59177927927928,57
"60",2006,7,7.39354838709677,31,7.76315789473684,6.80833333333333,5,7.9,7.15238095238095,19,12,1,10,21,766,523,243,39,301,465,7.53577023498695,7.80458891013384,6.95720164609053,7.41282051282051,7.47990033222591,7.57193548387097,58
"61",2006,8,7.3625,24,8.36666666666667,5.68888888888889,8,7.26923076923077,7.47272727272727,15,9,1,13,11,790,538,252,40,314,476,7.53050632911392,7.82026022304833,6.91190476190476,7.4275,7.47117834394904,7.56964285714286,59
"62",2006,9,7.22692307692308,26,7.52666666666667,6.81818181818182,7.75,7.42857142857143,7.15263157894737,15,11,4,7,19,816,553,263,44,321,495,7.52083333333333,7.8122965641953,6.90798479087452,7.45681818181818,7.4702492211838,7.55363636363636,60
"63",2006,10,7.52,25,7.71875,7.16666666666667,10,7.31818181818182,7.67857142857143,16,9,1,11,14,841,569,272,45,332,509,7.52080856123662,7.80966608084358,6.91654411764706,7.51333333333333,7.46521084337349,7.55707269155206,61
"64",2006,11,7.01428571428571,35,7.43181818181818,6.30769230769231,NA,7.14705882352941,6.88888888888889,22,13,0,17,18,876,591,285,45,349,527,7.50057077625571,7.79560067681895,6.88877192982456,7.51333333333333,7.44971346704871,7.5342504743833,62
"65",2006,12,7.55161290322581,31,7.725,7.23636363636364,NA,7.77692307692308,7.38888888888889,20,11,0,13,18,907,611,296,45,362,545,7.50231532524807,7.79328968903437,6.90168918918919,7.51333333333333,7.46146408839779,7.5294495412844,63
"66",2007,1,7.36756756756757,37,7.68235294117647,7.1,NA,7.16666666666667,7.43214285714286,17,20,0,9,28,944,628,316,45,371,573,7.49703389830509,7.79028662420382,6.91424050632911,7.51333333333333,7.45431266846361,7.52469458987784,64
"67",2007,2,7.43081828571429,35,7.90952380952381,6.71276,5.2,7.7375,7.17256,21,14,1,16,19,979,649,330,46,387,592,7.49466663942799,7.79414483821263,6.90569284848485,7.46304347826087,7.46602067183462,7.51339297297297,65
"68",2007,3,7.53576923076923,26,7.745625,7.2,NA,7.77777777777778,7.40764705882353,16,10,0,9,17,1005,665,340,46,396,609,7.49572999004975,7.79297744360902,6.91434894117647,7.46304347826087,7.47310606060606,7.51044111658457,66
"69",2007,4,7.52565151515152,33,7.75419565217391,7,NA,7.61538461538461,7.467325,23,10,0,13,20,1038,688,350,46,409,629,7.49668125240848,7.79168095930233,6.91679611428571,7.46304347826087,7.47762836185819,7.50907017488076,67
"70",2007,5,7.7,30,7.80555555555556,7.54166666666667,8.5,7.95454545454545,7.55263157894737,18,12,3,11,19,1068,706,362,49,420,648,7.50239245318352,7.79203470254957,6.93751005524862,7.5265306122449,7.49011904761905,7.51034743827161,68
"71",2007,6,7.09014285714286,21,7.49286666666667,6.08333333333333,8,6.71754545454545,7.5,15,6,1,11,10,1089,721,368,50,431,658,7.49444273645546,7.78581067961165,6.92358326086956,7.536,7.47040139211137,7.51019018237082,69
"72",2007,7,7.52948717948718,39,7.84090909090909,7.12647058823529,7.5,7.4,7.61041666666667,22,17,2,15,24,1128,743,385,52,446,682,7.49565437943262,7.78744212651413,6.93254192207792,7.53461538461538,7.468033632287,7.51371721407625,70
"73",2007,8,7.88448275862069,29,8.18529411764706,7.45833333333333,6.5,7.75,7.97941176470588,17,12,1,12,17,1157,760,397,53,458,699,7.50540029386344,7.79634144736842,6.94843486146096,7.51509433962264,7.47542139737991,7.52504311874106,71
"74",2007,9,7.31481481481481,27,7.8,6.70833333333333,7,7,7.44736842105263,15,12,3,8,19,1184,775,409,56,466,718,7.5010541722973,7.79641225806451,6.94139031784841,7.4875,7.46725965665236,7.52298766016713,72
"75",2007,10,7.44358974358974,39,7.76470588235294,7.19545454545455,6,7.88235294117647,7.10454545454545,17,22,2,17,22,1223,792,431,58,483,740,7.49922170073589,7.79573169191919,6.95435879350348,7.43620689655172,7.48186956521739,7.51054748648649,73
"76",2007,11,7.08979591836735,49,7.80769230769231,6.27826086956522,6.225,7.91538461538462,6.79166666666667,26,23,4,13,36,1272,818,454,62,496,776,7.48344979559748,7.79611185819071,6.92010713656388,7.35806451612903,7.49323185483871,7.47719734536082,74
"77",2007,12,7.27073170731707,41,7.572,6.8,6.825,6.94615384615385,7.42142857142857,25,16,4,13,28,1313,843,470,66,509,804,7.47680741812643,7.78946559905101,6.91601838297872,7.32575757575758,7.47925933202358,7.47525514925373,75
"78",2008,1,7.1968253968254,63,7.68235294117647,6.62758620689655,6.31428571428571,6.73076923076923,7.52432432432432,34,29,7,26,37,1376,877,499,73,535,841,7.46398847383721,7.78531299885975,6.89925579158317,7.22876712328767,7.44288411214953,7.47741395957194,76
"79",2008,2,7.19705882352941,34,7.62857142857143,6.5,7.5,7.56363636363636,7.02173913043478,21,13,4,11,23,1410,898,512,77,546,864,7.45755187234043,7.78164755011136,6.8891184375,7.24285714285714,7.44531684981685,7.46528372685185,77
"80",2008,3,7.09333333333333,30,7.36666666666667,6.82,7.5,7.33076923076923,6.91176470588235,15,15,2,13,17,1440,913,527,79,559,881,7.44996398611111,7.77482968236583,6.88715111954459,7.2493670886076,7.44265295169946,7.4546028830874,78
"81",2008,4,7.47428571428571,35,7.81428571428571,6.96428571428571,6.66666666666667,7.48571428571429,7.46666666666667,21,14,3,14,21,1475,934,541,82,573,902,7.45054111186441,7.77571680942184,6.88914720887246,7.22804878048781,7.44370506108203,7.45488374722838,79
"82",2008,5,7.45806451612903,31,8.1125,6.76,6.5,8.1,6.99444444444444,16,15,1,13,18,1506,950,556,83,586,920,7.45069597609562,7.78138894736842,6.88566302158273,7.21927710843374,7.45826450511945,7.44587515217391,80
"83",2008,6,6.864,25,7.88333333333333,5.92307692307692,NA,7.34615384615385,6.34166666666667,12,13,0,13,12,1531,962,569,83,599,932,7.44111570215545,7.7826606029106,6.86367072056239,7.21927710843374,7.45583138564274,7.43165787553648,81
"84",2008,7,7.555,40,7.98846153846154,6.75,6.14285714285714,7.6,7.5,26,14,7,22,18,1571,988,583,90,621,950,7.44401536600891,7.78807641700405,6.86094106346484,7.13555555555556,7.46093880837359,7.43295277894737,82
"85",2008,8,7.44333333333333,30,8.40909090909091,6.88421052631579,6.54285714285714,7.5,7.415,11,19,7,10,20,1601,999,602,97,631,970,7.44400258588382,7.79491441441441,6.86167548172758,7.09278350515464,7.46155784469097,7.4325826185567,83
"86",2008,9,7.46969696969697,33,7.97368421052632,6.78571428571429,6.75,7.22727272727273,7.59090909090909,19,14,2,11,22,1634,1018,616,99,642,992,7.44452150550796,7.79825098231827,6.85994909090909,7.08585858585859,7.45754361370717,7.43609389112903,84
"87",2008,10,7,31,7.61764705882353,6.25,5.75,6.85714285714286,7.11764705882353,17,14,4,14,17,1665,1035,630,103,656,1009,7.43624512912913,7.7952845410628,6.84639466666667,7.03398058252427,7.44473018292683,7.4307285827552,85
"88",2008,11,7.13041666666667,24,8,6.60866666666667,6.32166666666667,6.69,7.31176470588235,9,15,6,7,17,1689,1044,645,109,663,1026,7.43189943161634,7.79704932950192,6.84086610852713,6.99477064220183,7.4367616892911,7.42875744639376,86
"89",2008,12,7.0725,40,7.63529411764706,6.65652173913043,6.71111111111111,7.27777777777778,7.01290322580645,17,23,9,9,31,1729,1061,668,118,672,1057,7.42358481203007,7.7944575871819,6.83451892215569,6.97313559322034,7.43463244047619,7.41656115421003,87
"90",2009,1,7.31073170731707,41,7.83478260869565,6.64111111111111,5.91666666666667,7.315,7.308,23,18,6,16,25,1770,1084,686,124,688,1082,7.42097070056497,7.79531319188192,6.82944408163265,6.92201612903226,7.43185029069767,7.41405280961183,88
"91",2009,2,6.66533333333333,75,7.22727272727273,6.22380952380952,5.42857142857143,6.28571428571429,6.81296296296296,33,42,7,21,54,1845,1117,728,131,709,1136,7.39025373441734,7.77853133393017,6.79450362637363,6.84221374045802,7.39790267983075,7.38547987676056,89
"92",2009,3,7.10240963855422,83,7.72916666666667,6.84745762711864,7,7,7.13492063492064,24,59,12,20,63,1928,1141,787,143,729,1199,7.37786210580913,7.77749298860649,6.79847349428208,6.85545454545454,7.38698628257888,7.37231454545454,90
"93",2009,4,7.44464285714286,84,7.78939393939394,7.22156862745098,6.35714285714286,7.23478260869565,7.52377049180328,33,51,7,23,61,2012,1174,838,150,752,1260,7.38065016898608,7.77782751277683,6.82422272076372,6.8322,7.38233111702128,7.37964693650794,91
"94",2009,5,7.26567164179104,67,7.548,7.09761904761905,6.9375,7.32666666666667,7.24807692307692,25,42,8,15,52,2079,1199,880,158,767,1312,7.37694475228475,7.77303544620517,6.83727118181818,6.83753164556962,7.38124250325945,7.37443227134146,92
"95",2009,6,7.5272131147541,61,7.82935483870968,7.215,6.7,7.5,7.53531914893617,31,30,8,14,47,2140,1230,910,166,781,1359,7.38122810280374,7.77445487804878,6.84972378021978,6.83090361445783,7.38337131882202,7.37999642384106,93
"96",2009,7,7.26177419354839,62,7.7,6.92371428571429,6.75555555555556,7.13888888888889,7.31204545454545,27,35,9,18,44,2202,1257,945,175,799,1403,7.37786473206176,7.77285560859189,6.85246416931217,6.82702857142857,7.37786357947434,7.37786538845331,94
"97",2009,8,7.11698113207547,53,7.43793103448276,6.72916666666667,7,6.5,7.33846153846154,29,24,5,14,39,2255,1286,969,180,813,1442,7.37173309977827,7.76530287713841,6.84941036119711,6.83183333333333,7.36274661746617,7.37679968099861,95
"98",2009,9,7.17685185185185,54,7.58181818181818,6.8984375,7.46,7.50666666666667,7.05,22,32,5,15,39,2309,1308,1001,185,828,1481,7.36717546123863,7.76221674311927,6.85097766233766,6.84881081081081,7.3653538647343,7.36819388251182,96
"99",2009,10,7.353125,64,7.81851851851852,7.01351351351351,7.16666666666667,7.96923076923077,7.19607843137255,27,37,9,13,51,2373,1335,1038,194,841,1532,7.36679651917404,7.76335543071161,6.85677132947977,6.86355670103093,7.37468846611177,7.36246419060052,97
"100",2009,11,7.13442857142857,70,7.57178571428571,6.84285714285714,6.77777777777778,6.569375,7.30185185185185,28,42,9,16,54,2443,1363,1080,203,857,1586,7.36013841178878,7.75942002934703,6.85623022222222,6.85975369458128,7.35965344224037,7.3604004665826,98
"101",2009,12,6.99322033898305,59,7.49090909090909,6.6972972972973,7,6.58333333333333,7.09787234042553,22,37,12,12,47,2502,1385,1117,215,869,1633,7.35148606714628,7.75515487364621,6.85096565801253,6.86758139534884,7.3489332566168,7.35284454378445,99
"102",2010,1,6.98435361111111,72,7.51973684210526,6.38598411764706,6.14285714285714,7.08333333333333,6.95830631578947,38,34,7,15,57,2574,1423,1151,222,884,1690,7.34121662781663,7.74886823612087,6.8372303214596,6.84472972972973,7.34442647058824,7.33953763313609,100
"103",2010,2,7.64189189189189,37,7.5375,7.76470588235294,7.85714285714286,7.42857142857143,7.69166666666667,20,17,7,7,30,2611,1443,1168,229,891,1720,7.34547744159326,7.74593866943867,6.85072953767123,6.8756768558952,7.34508754208754,7.34567941860465,101
"104",2010,3,7.15657894736842,38,7.625,6.63611111111111,7.5,6.65,7.42,20,18,4,13,25,2649,1463,1186,233,904,1745,7.34276768591921,7.74428537252221,6.84747225969646,6.88639484978541,7.33509181415929,7.34674418338109,102
"105",2010,4,7.14545454545455,33,7.68,6.7,6.36,6.14,7.58260869565217,15,18,5,10,23,2682,1478,1204,238,914,1768,7.3403398956003,7.74363294993234,6.84526752491694,6.87533613445378,7.32201641137855,7.34981255656109,103
"106",2010,5,7.11477272727273,44,7.21,6.98947368421053,7.2,6.85416666666667,7.2125,25,19,5,12,32,2726,1503,1223,243,926,1800,7.33669904622157,7.73475681969395,6.84750784955029,6.88201646090535,7.3159535637149,7.34737144444444,104
"107",2010,6,7.15178571428571,28,7.63636363636364,6.83823529411765,8,6.25,7.45238095238095,11,17,1,7,21,2754,1514,1240,244,933,1821,7.33481902687,7.73404194187583,6.84738072580645,6.88659836065574,7.30795605573419,7.34858242723778,105
"108",2010,7,6.99285714285714,21,8.04166666666667,6.57333333333333,6.9,6,7.22647058823529,6,15,3,4,17,2775,1520,1255,247,937,1838,7.3322312072072,7.73525625,6.84410525896414,6.88676113360324,7.30237246531483,7.34745299238303,106
"109",2010,8,7.30357142857143,28,8.10909090909091,6.78235294117647,6.38333333333333,7.25,7.325,11,17,6,8,20,2803,1531,1272,253,945,1858,7.33194491616125,7.73794219464402,6.84327995283019,6.87482213438735,7.3019291005291,7.34721130247578,107
"110",2010,9,7.0625,36,7.53571428571429,6.76136363636364,6.9,7.6,6.9758064516129,14,22,5,5,31,2839,1545,1294,258,950,1889,7.32852821415991,7.73610970873786,6.8418872488408,6.87531007751938,7.30349789473684,7.34111625198518,108
"111",2010,10,6.84375,32,7.44117647058824,6.16666666666667,6.875,6.72222222222222,6.89130434782609,17,15,4,9,23,2871,1562,1309,262,959,1912,7.32312490421456,7.73289980793854,6.83414980901451,6.87530534351145,7.29804275286757,7.33570533472803,109
"112",2010,11,6.94895833333333,48,7.46052631578947,6.61379310344828,6.62857142857143,6.54230769230769,7.1,19,29,14,13,35,2919,1581,1338,276,972,1947,7.31697211373758,7.72962650221379,6.82937376681614,6.86278985507246,7.28793518518518,7.33146820749872,110
"113",2010,12,7.598,50,8.04666666666667,6.925,7.4,7.90357142857143,7.47916666666667,30,20,5,14,36,2969,1611,1358,281,986,1983,7.32170481643651,7.73553041589075,6.83078210603829,6.8723487544484,7.29667647058823,7.33414957135653,111
"114",2011,1,7.30754716981132,53,7.3741935483871,7.21363636363636,NA,6.76785714285714,7.50128205128205,31,22,0,14,39,3022,1642,1380,281,1000,2022,7.32145651886168,7.72870858708892,6.83688557971014,6.8723487544484,7.289273,7.33737319485658,112
"115",2011,2,6.94166666666667,42,7.46785714285714,6.67857142857143,5.6,7.43636363636364,6.76612903225806,14,28,5,11,31,3064,1656,1408,286,1011,2053,7.31625052219321,7.72650332125604,6.83373728693182,6.85010489510489,7.29087339268051,7.32874749147589,113
"116",2011,3,7.28194444444444,36,7.70882352941176,6.9,5.975,7.50833333333333,7.23666666666667,17,19,4,6,30,3100,1673,1427,290,1017,2083,7.31585212903226,7.7263236700538,6.83461955150666,6.83803448275862,7.29215634218289,7.32742131541047,114
"117",2011,4,6.98823529411765,34,7.36666666666667,6.68947368421053,6.75,6.55,7.22727272727273,15,19,10,12,22,3134,1688,1446,300,1029,2105,7.31229789406509,7.72312766587678,6.83271237897649,6.8351,7.28350145772595,7.32637463182898,115
"118",2011,5,6.8028696969697,33,7.6625,6.527788,6.58333333333333,6.97142857142857,6.75748846153846,8,25,6,7,26,3167,1696,1471,306,1036,2131,7.30698967477107,7.72284168632075,6.82753011556764,6.83016339869281,7.28139285714286,7.31943374002816,116
"119",2011,6,7.29705882352941,34,7.7,6.93888888888889,6.25,7.33333333333333,7.28928571428571,16,18,6,6,28,3201,1712,1489,312,1042,2159,7.30688419243986,7.72262821261682,6.82887629281397,6.81900641025641,7.28169193857965,7.31904275127374,117
"120",2011,7,7.18714285714286,42,7.45052631578947,6.9695652173913,7.325,7.525,7.0815625,19,23,8,10,32,3243,1731,1512,320,1052,2191,7.30533342584027,7.719641536684,6.8310164021164,6.83165625,7.28400475285171,7.31557430397079,118
"121",2011,8,7.06428571428571,35,7.71052631578947,6.296875,6.35714285714286,6.9,7.13,19,16,7,10,25,3278,1750,1528,327,1062,2216,7.30275970103721,7.71954257142857,6.82542329842932,6.82149847094801,7.28038888888889,7.31348073104693,119
"122",2011,9,7.34210526315789,38,7.79545454545455,6.71875,6.16666666666667,6.95454545454545,7.5,22,16,6,11,27,3316,1772,1544,333,1073,2243,7.30321058504222,7.72048504514673,6.82431787564767,6.8096996996997,7.27704846225536,7.31572594739189,120
"123",2011,10,7.10810810810811,37,7.8,6.85185185185185,7.6,6.85714285714286,7.16666666666667,10,27,5,7,30,3353,1782,1571,338,1080,2273,7.30105764986579,7.72093125701459,6.82479108847868,6.82139053254438,7.27432685185185,7.31375860096789,121
"124",2011,11,7.20789473684211,38,7.7,6.66111111111111,6.65,7.10909090909091,7.24814814814815,20,18,6,11,27,3391,1802,1589,344,1091,2300,7.30001365378944,7.72069894561598,6.82293694147262,6.8184011627907,7.27266086159487,7.31298839130435,122
"125",2011,12,7.34509803921569,51,7.82592592592593,6.80416666666667,7.03,7.22352941176471,7.40588235294118,27,24,10,17,34,3442,1829,1613,354,1108,2334,7.30068166763509,7.72225232367414,6.82265765654061,6.82437853107345,7.27190703971119,7.31434160239932,123
"126",2012,1,6.78,45,7.52380952380952,6.12916666666667,6.34285714285714,6.54444444444444,6.83888888888889,21,24,7,9,36,3487,1850,1637,361,1117,2370,7.29396223114425,7.71999972972973,6.81249040928528,6.81504155124654,7.26604565801253,7.30711953586498,124
"127",2012,2,6.93055555555556,36,7.46875,6.5,6.86363636363636,7.36666666666667,6.84333333333333,16,20,11,6,30,3523,1866,1657,372,1123,2400,7.29024873687198,7.71784539121115,6.80871864815932,6.81647849462366,7.26658325912734,7.30132220833333,125
"128",2012,3,7.11057692307692,52,7.75238095238095,6.6758064516129,6.11111111111111,5.6125,7.38295454545455,21,31,9,8,44,3575,1887,1688,381,1131,2444,7.28763532867132,7.71822972972973,6.80627772511848,6.79981627296588,7.25488328912467,7.30279185761048,126
"129",2012,4,7.45416666666667,24,8.02,7.05,7.33333333333333,7.525,7.41875,10,14,3,8,16,3599,1897,1702,384,1139,2460,7.28874584606835,7.7198205060622,6.80828249118684,6.803984375,7.25678050921861,7.30354605691057,127
"130",2012,5,6.93461538461538,26,7.56666666666667,6.39285714285714,7.125,6.5,7.065,12,14,4,6,20,3625,1909,1716,388,1145,2480,7.28620587586207,7.71885777894185,6.80489324009324,6.80729381443299,7.25281484716157,7.3016222983871,128
"131",2012,6,7.03571428571429,28,7.20588235294118,6.77272727272727,7.2,7.57142857142857,6.85714285714286,17,11,5,7,21,3653,1926,1727,393,1152,2501,7.28428587462359,7.71432995846313,6.80468836132021,6.81229007633588,7.25475086805556,7.29789016393443,129
"132",2012,7,6.95352941176471,17,7.1,6.8925,6.66666666666667,6.5,7.014,5,12,3,2,15,3670,1931,1739,396,1154,2516,7.28275376021798,7.7127392542724,6.80529430707303,6.81118686868687,7.25344280762565,7.29619765500795,130
"133",2012,8,6.81724137931035,29,7.64166666666667,6.23529411764706,6,6.86,6.79473684210526,12,17,5,10,19,3699,1943,1756,401,1164,2535,7.27910416328737,7.71230030880082,6.79977608200455,6.801072319202,7.25006271477663,7.29243917159763,131
"134",2012,9,6.86296296296296,27,6.98181818181818,6.78125,6.5,6.21428571428571,7.09,11,16,7,7,20,3726,1954,1772,408,1171,2555,7.27608864734299,7.70818807574207,6.79960880361174,6.7959068627451,7.24387105038429,7.29085452054794,132
"135",2012,10,6.58965517241379,29,7.38461538461539,5.94375,6.25,6.625,6.57619047619048,13,16,4,8,21,3755,1967,1788,412,1179,2576,7.27078729693741,7.70604956786985,6.79195011185682,6.7906067961165,7.23967175572519,7.28502845496894,133
"136",2012,11,6.81666666666667,30,7.1,6.62777777777778,6.08333333333333,6.58333333333333,6.875,12,18,6,6,24,3785,1979,1806,418,1185,2600,7.26718792602377,7.70237468418393,6.7903138427464,6.78045454545455,7.23634852320675,7.28124357692308,134
"137",2012,12,7.00714285714286,35,7.42352941176471,6.61388888888889,6.88125,6.365,7.264,17,18,8,10,25,3820,1996,1824,426,1195,2625,7.26480531413612,7.699999749499,6.78857280701754,6.78234741784038,7.22905690376569,7.28107935238095,135
"138",2013,1,6.63870967741935,31,7.05714285714286,6.29411764705882,5.4,5.83333333333333,6.832,14,17,5,6,25,3851,2010,1841,431,1201,2650,7.25976533367956,7.69552213930348,6.78400695274307,6.76631090487239,7.22208409658618,7.27684275471698,136
"139",2013,2,7.45555555555556,27,8.11428571428571,7.225,6.75,7.42857142857143,7.465,7,20,4,7,20,3878,2017,1861,435,1208,2670,7.2611284940691,7.69697545860188,6.78874626544868,6.76616091954023,7.22328062913907,7.27825217228464,137
"140",2013,3,6.55,20,7,6.4,5.75,8.25,6.125,5,15,4,4,16,3898,2022,1876,439,1212,2686,7.25747981015905,7.69525197823937,6.78563795309168,6.7569020501139,7.22666914191419,7.27138246463142,138
"141",2013,4,6.85428571428571,28,7.34545454545455,6.53647058823529,5.16666666666667,6.4525,7.015,11,17,3,8,20,3926,2033,1893,442,1220,2706,7.25460425369332,7.6933593212002,6.78340031695721,6.74610859728507,7.22159262295082,7.26948754619364,139
"142",2013,5,7.13636363636364,22,7.5,6.92857142857143,6.78571428571429,6.75,7.28125,8,14,7,6,16,3948,2041,1907,449,1226,2722,7.25394536474164,7.69260142087212,6.78446607236497,6.74672605790646,7.21928466557912,7.2695566862601,140
"143",2013,6,7.104,25,7.40909090909091,6.86428571428571,7.22857142857143,6.9,7.155,11,14,7,5,20,3973,2052,1921,456,1231,2742,7.25300183740246,7.69108162768031,6.78504778761062,6.75412280701754,7.21798781478473,7.26872111597374,141
"144",2013,7,7.225,30,7.6875,6.69642857142857,6.83333333333333,6.78571428571429,7.35869565217391,16,14,6,7,23,4003,2068,1935,462,1238,2765,7.25279198101423,7.69105391682785,6.78440661498708,6.75515151515152,7.2155436187399,7.26946954792043,142
"145",2013,8,6.88928571428571,28,7.33846153846154,6.5,6.58333333333333,6.5,6.91923076923077,13,15,6,2,26,4031,2081,1950,468,1240,2791,7.25026700570578,7.68885127342624,6.78221887179487,6.75294871794872,7.21438951612903,7.26620684342529,143
"146",2013,9,6.47727272727273,22,6.91666666666667,5.95,5.625,6.5,6.46875,12,10,8,6,16,4053,2093,1960,476,1246,2807,7.24607113249444,7.68442403248925,6.77797285714286,6.73399159663866,7.21094943820225,7.26166131100819,144
"147",2013,10,6.73409090909091,22,7.24,6.3125,6.5,6.2375,7.01785714285714,10,12,3,8,14,4075,2103,1972,479,1254,2821,7.24330706748466,7.68231074655254,6.77514036511156,6.7325260960334,7.20473923444976,7.26045136476427,145
"148",2013,11,7.45652173913043,23,7.62142857142857,7.2,7.2,7.7,7.37058823529412,14,9,4,6,17,4098,2117,1981,483,1260,2838,7.24450373352855,7.68190812470477,6.77707057041898,6.73639751552795,7.20709761904762,7.26111109936575,146
"149",2013,12,6.876,25,7.61818181818182,6.29285714285714,6.18333333333333,7.075,6.83809523809524,11,14,6,4,21,4123,2128,1995,489,1264,2859,7.24226929420325,7.68157871240601,6.77367258145363,6.72961145194274,7.20667958860759,7.25800395243092,147
"150",2014,1,7.03275862068966,29,7.33928571428571,6.74666666666667,6.56,6,7.10925925925926,14,15,5,2,27,4152,2142,2010,494,1266,2886,7.24080594894027,7.67934150326797,6.77347104477612,6.72789473684211,7.20477330173776,7.25661237006237,148
"151",2014,2,7.12173913043478,23,7.67692307692308,6.4,7.25,7.28571428571429,7.05,13,10,4,7,16,4175,2155,2020,498,1273,2902,7.24015001197604,7.67932691415313,6.77162217821782,6.73208835341366,7.20521838177533,7.25547322536182,149
"152",2014,3,6.96739130434783,23,6.9375,7,6.625,5.625,7.25,12,11,4,4,19,4198,2167,2031,502,1277,2921,7.23865562172463,7.67521896631287,6.77285908419498,6.73123505976096,7.20026859827721,7.25543762410133,150
"153",2014,4,7.00555555555556,27,7.5125,6.6,6.5,6.25,7.13695652173913,12,15,3,4,23,4225,2179,2046,505,1281,2944,7.23716598816568,7.67432285452042,6.7715917888563,6.72986138613861,7.19730132708821,7.25451199048913,151
"154",2014,5,6.69807692307692,26,7.25,6.29333333333333,6.25,7.1,6.60238095238095,11,15,6,5,21,4251,2190,2061,511,1286,2965,7.23386880733945,7.67219155251141,6.76811101407084,6.72422700587084,7.19692301710731,7.24989318718381,152
"155",2014,6,7.1,27,7.58181818181818,6.76875,6.6,6.625,7.3,11,16,5,8,19,4278,2201,2077,516,1294,2984,7.23302391304348,7.67173989095865,6.7681159364468,6.72302325581395,7.19338717156105,7.25021223190348,153
"156",2014,7,6.388,25,5.95,6.52631578947368,7.33333333333333,7.11111111111111,5.98125,6,19,6,9,16,4303,2207,2096,522,1303,3000,7.22811440855217,7.66705913004078,6.76592404580153,6.73003831417625,7.19281887950883,7.24344443333333,154
"157",2014,8,6.95055555555556,18,7.21428571428571,6.78272727272727,6.46666666666667,8,6.819375,7,11,6,2,16,4321,2214,2107,528,1305,3016,7.22695818097662,7.6656275971093,6.76601177028951,6.72704545454546,7.19405593869732,7.24119472811671,155
"158",2014,9,6.67283944444444,18,7.64285714285714,6.05555545454545,5.9,8,6.506944375,7,11,5,2,16,4339,2221,2118,533,1307,3032,7.22465946300991,7.66555583070689,6.76232195939566,6.71928705440901,7.19528921193573,7.2373200560686,156
"159",2014,10,6.77368421052632,19,7.625,6.15454545454545,5.75,6.4,6.90714285714286,8,11,4,5,14,4358,2229,2129,537,1312,3046,7.22269330197338,7.66541027366532,6.75918173320808,6.71206703910615,7.19225838414634,7.2358024983585,157
"160",2014,11,6.79545454545455,22,6.91666666666667,6.65,6.5,7.25,6.69444444444444,12,10,2,4,18,4380,2241,2139,539,1316,3064,7.22054735388128,7.66140093708166,6.75867129967274,6.71128014842301,7.19243389057751,7.2326221964752,158
"161",2014,12,6.80952380952381,21,7.2,6.28888888888889,5.82,6.78571428571429,6.82142857142857,12,9,5,7,14,4401,2253,2148,544,1323,3078,7.21858609634174,7.65894340878828,6.75670293761639,6.70308823529412,7.19028193499622,7.23075192007797,159
"162",2015,1,6.8,31,7.45,6.49047619047619,6.4,7,6.78620689655172,10,21,7,2,29,4432,2263,2169,551,1325,3107,7.21565826037906,7.65802010605391,6.75412536191793,6.69923774954628,7.18999471698113,7.22660264242034,160
"163",2015,2,6.33214285714286,28,7.45454545454545,5.60588235294118,5.25,4.5,6.47307692307692,11,17,8,2,26,4460,2274,2186,559,1327,3133,7.21011152690583,7.65703583992964,6.74519575022873,6.67849731663685,7.18594046721929,7.22034931694861,161
"164",2015,3,6.825,20,7.625,6.29166666666667,5.15,6.775,6.8375,8,12,4,4,16,4480,2282,2198,563,1331,3149,7.20839227901786,7.65692353198948,6.74271970427661,6.66763765541741,7.18470548459805,7.21840406795808,162
"165",2015,4,7.27272727272727,22,7.78333333333333,7.08125,7.5,7.21428571428571,7.3,6,16,5,7,15,4502,2288,2214,568,1338,3164,7.20870666592625,7.65725502622378,6.74516617434508,6.67496478873239,7.18486023916293,7.21879090075853,163
"166",2015,5,6.59111111111111,18,7.424,5.55,6.6,6.48333333333333,6.645,10,8,4,6,12,4520,2298,2222,572,1344,3176,7.20624721460177,7.65623999129678,6.74086314581458,6.67444055944056,7.18172842261905,7.21662292506297,164
"167",2015,6,6.37777777777778,18,7.21428571428571,5.84545454545455,5.7,6.4375,6.33,7,11,9,8,10,4538,2305,2233,581,1352,3186,7.20296108638166,7.6548978308026,6.73645226600985,6.65934595524957,7.17732470414201,7.21384005335844,165
"168",2015,7,6.20869565217391,23,7.47142857142857,5.65625,5.75,6.1875,6.22,7,16,4,8,15,4561,2312,2249,585,1360,3201,7.19794725060294,7.65434234429066,6.72876741218319,6.6531282051282,7.17150220588235,7.20918288347391,166
"169",2015,8,7.21583333333333,24,7.72333333333333,6.70833333333333,6.35714285714286,7.41666666666667,7.14888888888889,12,12,7,6,18,4585,2324,2261,592,1366,3219,7.19804087459106,7.65469858003442,6.72865896063688,6.64962837837838,7.17257906295754,7.20884573159366,167
"170",2015,9,6.65217391304348,23,7.91666666666667,5.27272727272727,6.5,7.35714285714286,6.34375,12,11,4,7,16,4608,2336,2272,596,1373,3235,7.1953162782118,7.65604430650685,6.72160999559859,6.64862416107383,7.17352002913329,7.20456705100464,168
"171",2015,10,6.77,20,7.275,6.43333333333333,7,5.5,6.91111111111111,8,12,3,2,18,4628,2344,2284,599,1375,3253,7.19347826490925,7.65474381399317,6.72009540718038,6.65038397328881,7.17108581818182,7.2029432554565,169
"172",2015,11,6.57307692307692,26,7.11111111111111,6.28823529411765,6.48,6.6125,6.55555555555556,9,17,5,8,18,4654,2353,2301,604,1383,3271,7.19001233562527,7.65266447088823,6.71690478487614,6.64897350993378,7.1678546637744,7.19938074289208,170
"173",2015,12,6.32884615384615,26,6.55,6.10769230769231,6.2,6.79166666666667,6.19,13,13,7,6,20,4680,2366,2314,611,1389,3291,7.18522807905983,7.64660587489434,6.71348224286949,6.64382978723404,7.16622966162707,7.19324655423883,171
"174",2016,1,6.72571428571429,35,7.34375,6.20526315789474,6.28571428571429,6.5,6.76333333333333,16,19,7,5,30,4715,2382,2333,618,1394,3321,7.18181705408271,7.64457157850546,6.70934329618517,6.63977346278317,7.1638400286944,7.1893629659741,172
"175",2016,2,6.20555555555556,18,6.78,5.4875,5.3,7,5.97857142857143,10,8,5,4,14,4733,2392,2341,623,1398,3335,7.17810424889077,7.64095714882943,6.70516783853054,6.62902086677368,7.16337124463519,7.18428018290855,173
"176",2016,3,6.552,25,7.3125,6.19411764705882,6.47142857142857,7.66666666666667,6.4,8,17,7,3,22,4758,2400,2358,630,1401,3357,7.17481450399327,7.63986229166667,6.70148342239186,6.62726984126984,7.16444896502498,7.17914042597557,174
"177",2016,4,6.22083333333333,24,7.05,5.39166666666667,4.92857142857143,5.5,6.365,12,12,7,4,20,4782,2412,2370,637,1405,3377,7.17002664366374,7.63692765339967,6.69485143881856,6.60860282574568,7.1597103202847,7.17431874740894,175
"178",2016,5,6.675,20,7.25,6.29166666666667,6.91666666666667,6.5,6.71875,8,12,6,4,16,4802,2420,2382,643,1409,3393,7.16796489171179,7.63564855371901,6.69282028127624,6.61147744945568,7.15783747338538,7.17217047155909,176
"179",2016,6,6.69333333333333,15,7.12857142857143,6.3125,5.9,7.16666666666667,6.575,7,8,5,3,12,4817,2427,2390,648,1412,3405,7.1664869026365,7.63418603213844,6.69154724267782,6.60598765432099,7.15785623229462,7.17006590602056,177
"180",2016,7,6.79411764705882,17,7.25,6.54545454545455,7,6.875,6.76923076923077,6,11,3,4,13,4834,2433,2401,651,1416,3418,7.16517737070749,7.63323859432799,6.69087793002915,6.60780337941628,7.15705720338983,7.16854137214746,178
"181",2016,8,6.94117647058824,17,7.66666666666667,6.54545454545455,6,7.25,6.84615384615385,6,11,2,4,13,4851,2439,2412,653,1420,3431,7.16439237476809,7.63332082820828,6.69021472222222,6.60594180704441,7.15731901408451,7.16731985135529,179
"182",2016,9,6.55769230769231,26,7.375,6.19444444444444,5.83333333333333,5.875,6.68181818181818,8,18,9,4,22,4877,2447,2430,662,1424,3453,7.16115796801312,7.63247629750715,6.68654234979424,6.59543806646526,7.15371699438202,7.16422658847379,180
"183",2016,10,6.63157894736842,19,7,6.3,7.5,6,6.75,9,10,2,3,16,4896,2456,2440,664,1427,3469,7.15910282066994,7.63015859120521,6.68495815983606,6.59816265060241,7.15129152067274,7.16231605938311,181
"184",2016,11,6.69090909090909,22,7.08181818181818,6.3,5.9,7.16666666666667,6.61578947368421,11,11,5,3,19,4918,2467,2451,669,1430,3488,7.15700842008947,7.62771361978111,6.68323048143615,6.5929446935725,7.15132377622378,7.15933899369266,182
"185",2016,12,5.69444444444444,18,7.5,4.79166666666667,5.625,5.75,5.67857142857143,6,12,4,4,14,4936,2473,2463,673,1434,3502,7.15167492098865,7.62740376061464,6.67401457978075,6.58719167904903,7.14741492329149,7.15341930611079,183
"186",2017,1,6.89565217391304,23,7.54545454545455,6.3,6.35,7.44285714285714,6.65625,11,12,6,7,16,4959,2484,2475,679,1441,3518,7.15048747933051,7.62704086151369,6.67220117575757,6.58509572901326,7.14885010409438,7.15115816088687,184
"187",2017,2,6.135,20,6.53333333333333,5.80909090909091,5.5,7,6.03888888888889,9,11,2,2,18,4979,2493,2486,681,1443,3536,7.14640839726853,7.62309245888488,6.66838210378117,6.58190895741557,7.1486437976438,7.14549615667421,185
"188",2017,3,6.39677419354839,31,7.13,6.04761904761905,5.7,6.56,6.36538461538461,10,21,5,5,26,5010,2503,2507,686,1448,3562,7.14176994211577,7.62112245305633,6.66318225368967,6.57548104956268,7.1466111878453,7.13980191184728,186
"189",2017,4,6.73684210526316,19,7.23,6.18888888888889,5.64,7.66666666666667,6.5625,10,9,5,3,16,5029,2513,2516,691,1451,3578,7.14024008948101,7.61956605650617,6.66148565580286,6.56871201157742,7.14768642315644,7.13722034935718,187
"190",2017,5,5.99833333333333,15,6.91388888888889,4.625,4.625,5.375,6.225,9,6,2,4,11,5044,2522,2522,693,1455,3589,7.13684425257732,7.61704777954005,6.65664072561459,6.56310245310245,7.14281305841924,7.13442446642519,188
"191",2017,6,5.83846153846154,13,5.625,5.93333333333333,6,6.75,5.43333333333333,4,9,3,4,9,5057,2526,2531,696,1459,3598,7.13350650781095,7.61389330958036,6.65406871197155,6.56067528735632,7.14173612063057,7.13016937465259,189
"192",2017,7,6.43333333333333,15,7.5,6.04545454545455,6.3,7.5,5.9,4,11,5,5,10,5072,2530,2542,701,1464,3608,7.13143580638801,7.61371324110672,6.65143505507474,6.55881597717546,7.14295969945355,7.12675981430155,190
"193",2017,8,6.17857142857143,14,6.4375,5.83333333333333,6,5.75,6.25,8,6,2,2,12,5086,2538,2548,703,1466,3620,7.12881290011797,7.61000571315997,6.6495085989011,6.55722617354196,7.14105934515689,7.1238534281768,191
"194",2017,9,6.53125,16,7.125,5.9375,5.6,7,6.375,8,8,5,4,12,5102,2546,2556,708,1470,3632,7.12693892787142,7.60848173605656,6.64728008998435,6.55046610169492,7.14067551020408,7.12137924284141,192
"195",2017,10,6.51538461538462,26,7.2,6.26315789473684,6.71428571428571,6.88,6.42857142857143,7,19,7,5,21,5128,2553,2575,715,1475,3653,7.12383822347894,7.60736173129651,6.64444579029126,6.55206993006993,7.13979186440678,7.11739649876814,193
"196",2017,11,6.44047619047619,21,6.92857142857143,6.19642857142857,6.3,6.375,6.45588235294118,7,14,5,4,17,5149,2560,2589,720,1479,3670,7.12105115750631,7.6055056640625,6.64202314020857,6.55031944444444,7.13772346179851,7.11433226430518,194
"197",2017,12,6.075,20,6.6,5.9,6.14285714285714,6.33333333333333,5.96428571428571,5,15,7,6,14,5169,2565,2604,727,1485,3684,7.11700375507835,7.60354561403509,6.63774881336405,6.54639614855571,7.1344734006734,7.10996183767644,195
"198",2018,1,6.94230769230769,26,7.4,6.31818181818182,6.625,6.4,7.07142857142857,15,11,4,5,21,5195,2580,2615,731,1490,3705,7.11612943407122,7.60236220930233,6.63640455449331,6.54682626538988,7.13200872483221,7.10974343049933,196
"199",2018,2,6.725,16,8.125,5.325,4.92,6,6.82857142857143,8,8,5,2,14,5211,2588,2623,736,1492,3719,7.11492849932834,7.6039777820711,6.63240484559664,6.53577445652174,7.13049128686327,7.1086849717666,197
"200",2018,3,6.82142857142857,14,7.66666666666667,6.1875,6.2,7.4,6.5,6,8,5,5,9,5225,2594,2631,741,1497,3728,7.11414208803828,7.60412278334618,6.63105203724819,6.53350877192983,7.1313914495658,7.10721550697425,198
"201",2018,4,6.51470588235294,17,6.75,6.30555555555556,5.5,6.5,6.51785714285714,8,9,1,3,14,5242,2602,2640,742,1500,3742,7.11219809423884,7.60149673328209,6.62994239015151,6.53211590296496,7.13012866666667,7.10501053180118,199
"202",2018,5,6.25,20,6.8125,5.875,5.85714285714286,4.5,6.44444444444444,8,12,7,2,18,5262,2610,2652,749,1502,3760,7.10892102052452,7.59907835249042,6.6265263612368,6.52580774365821,7.12662649800266,7.10184824734043,200
"203",2018,6,6.16666666666667,15,6.41666666666667,6,6.5,6.33333333333333,6.125,6,9,2,3,12,5277,2616,2661,751,1505,3772,7.10624263975744,7.59636639908257,6.62440733183014,6.52573901464714,7.12504518272425,7.09874056468717,201
"204",2018,7,7.10714285714286,14,6.875,7.41666666666667,7.5,6.5,7.20833333333333,8,6,2,2,12,5291,2624,2667,753,1507,3784,7.10624502173502,7.59416711128049,6.62618969253843,6.52832669322709,7.12421566025216,7.09908811046512,202
"205",2018,8,6.62105263157895,19,7.1,6.27272727272727,6.5,7.25,6.54705882352941,8,11,4,2,17,5310,2632,2678,757,1509,3801,7.10450892843691,7.59266508358663,6.6247378304705,6.52817701453104,7.12438237243207,7.0966191554854,203
"206",2018,9,6.66176470588235,17,7.16666666666667,6.38636363636364,6.25,6.4,6.77083333333333,6,11,6,5,12,5327,2638,2689,763,1514,3813,7.10309600337901,7.59169617134193,6.62376270360729,6.52598951507208,7.12199009247028,7.09559386572253,204
"207",2018,10,6.89333333333333,15,8.25,6.4,6.2,7.63333333333333,6.70833333333333,4,11,7,3,12,5342,2642,2700,770,1517,3825,7.10250700299513,7.59269284632854,6.62285107777778,6.52302597402598,7.12300131839156,7.09437893071895,205
"208",2018,11,6.92857142857143,14,7.6,6.55555555555556,7,6.75,7,5,9,4,4,10,5356,2647,2709,774,1521,3835,7.10205235436893,7.59270664903664,6.62262750461425,6.52549095607235,7.12202038132807,7.09413283181226,206
"209",2018,12,6.53333333333333,15,7.25,6.05555555555556,4.83333333333333,8,6.30769230769231,6,9,3,2,13,5371,2653,2718,777,1523,3848,7.10046404952523,7.59193158688277,6.62074978292862,6.51895752895753,7.12317334208798,7.09147593814969,207
"210",2019,1,6.575,20,7.2,5.95,6.3,6.28571428571429,6.73076923076923,10,10,5,7,13,5391,2663,2728,782,1530,3861,7.09851463735856,7.59045981975216,6.61829102272727,6.51755754475703,7.11934183006536,7.09026143745144,208
"211",2019,2,6.57608695652174,23,7.11111111111111,6.23214285714286,6.29166666666667,5.6,6.84722222222222,9,14,6,5,18,5414,2672,2742,788,1535,3879,7.09629523642409,7.58884524700599,6.61631944201313,6.51583756345178,7.11439283387622,7.0891336452694,209
"212",2019,3,6.78235294117647,17,8.275,6.32307692307692,6.64285714285714,6.725,6.8,4,13,7,4,13,5431,2676,2755,795,1539,3892,7.09531254096852,7.58987088938714,6.61493572050817,6.51695597484277,7.11338076673164,7.08816788540596,210
"213",2019,4,6.8425,16,7.96666666666667,6.168,6.63666666666667,5.83333333333333,7.07538461538461,6,10,3,3,13,5447,2682,2765,798,1542,3905,7.09456993023683,7.59071383296048,6.6133193164557,6.51740601503759,7.11089040207523,7.0881253290653,211
"214",2019,5,6.25555555555556,18,6.67777777777778,5.83333333333333,6.33333333333333,6,6.30666666666667,9,9,3,3,15,5465,2691,2774,801,1545,3920,7.09180647941446,7.58766053511706,6.61078872025955,6.51671660424469,7.10873333333333,7.08513505357143,212
"215",2019,6,7.23076923076923,13,7.625,6.6,6,8.33333333333333,6.9,8,5,1,3,10,5478,2699,2779,802,1548,3930,7.09213625593282,7.58777121155984,6.61076930910399,6.516072319202,7.11110658914729,7.08466397201018,213
"216",2019,7,6.88,10,7.76,6,8,7.8,6.77777777777778,5,5,1,1,9,5488,2704,2784,803,1549,3939,7.09174971027697,7.58808968195266,6.60967238146552,6.5179202988792,7.11155132343447,7.0839627849708,214
"217",2019,8,6.77,20,7.37777777777778,6.27272727272727,5.6,5.83333333333333,6.93529411764706,9,11,5,3,17,5508,2713,2795,808,1552,3956,7.09058141067538,7.58739200147438,6.60834630053667,6.5122400990099,7.10908054123711,7.08332391557128,215
"218",2019,9,6.25,16,6.33333333333333,6.2,6.66666666666667,5.75,6.41666666666667,6,10,3,4,12,5524,2719,2805,811,1556,3968,7.08814670709631,7.58462467819051,6.60689052049911,6.51281134401973,7.10558676092545,7.08130781502016,216
"219",2019,10,7.00769230769231,13,6.71428571428571,7.35,6.9,7,7.01,7,6,2,3,10,5537,2726,2811,813,1559,3978,7.08795781289507,7.58238976522377,6.60847666666667,6.51376383763838,7.10538357921745,7.08112855957768,217
"220",2019,11,6.416,15,6.70444444444444,5.98333333333333,5.96666666666667,6.85,6.25818181818182,9,6,3,4,11,5552,2735,2817,816,1563,3989,7.08614236491355,7.57950073126142,6.60714515796947,6.51175245098039,7.10473000639795,7.07885921534219,218
"221",2019,12,7.38421052631579,19,7.7,7.1,7.5,8.25,6.98461538461538,9,10,2,6,13,5571,2744,2827,818,1569,4002,7.08715893196913,7.57989595481049,6.60888854262469,6.51416870415648,7.10910962396431,7.07855307596202,219
"222",2020,1,6.78769230769231,26,7.17555555555556,6.58235294117647,6.16666666666667,7,6.76,9,17,6,3,23,5597,2753,2844,824,1572,4025,7.08576780596749,7.57857410098075,6.60872992616034,6.51163834951456,7.10890139949109,7.07673277267081,220
"223",2020,2,6.625,16,7.3,5.5,5.25,8.5,5.5,10,6,4,6,10,5613,2763,2850,828,1578,4035,7.08445437555675,7.57756587043069,6.60639575789474,6.50554347826087,7.114190747782,7.07282513258984,221
"224",2020,3,6.65333333333333,15,7.2,5.56,4.5,4.5,6.98461538461538,10,5,2,2,13,5628,2773,2855,830,1580,4048,7.08330533226724,7.57620429138117,6.60456319089317,6.50071084337349,7.11088164556962,7.07254185029644,222
"225",2020,4,6.76428571428571,14,7.24444444444444,5.9,6.5,7,6.74615384615385,9,5,2,1,13,5642,2782,2860,832,1581,4061,7.08251372031195,7.57513102084831,6.60333143706294,6.50070913461539,7.11081151170145,7.07149702290076,223
"226",2020,5,6.125,12,6.83333333333333,5.41666666666667,5.75,6,6.13636363636364,6,6,2,1,11,5654,2788,2866,834,1582,4072,7.0804815015918,7.57353461262554,6.60084714235869,6.49890887290168,7.11010935524652,7.06897087671906,224
"227",2020,6,6.90307692307692,13,6.97636363636364,6.5,NA,6,6.97833333333333,11,2,0,1,12,5667,2799,2868,834,1583,4084,7.08007453855656,7.57118774562344,6.60077681659693,6.49890887290168,7.10940808591282,7.06870455680705,225
"228",2020,7,6.1,10,6.5,5.83333333333333,5.75,7.5,5.75,4,6,4,2,8,5677,2803,2874,838,1585,4092,7.07834814338559,7.56965911523368,6.599174638135,6.49533412887828,7.10990094637224,7.06612644428153,226
"229",2020,8,6.42307692307692,13,7,5.92857142857143,5.875,5.83333333333333,6.6,6,7,4,3,10,5690,2809,2881,842,1588,4102,7.07685103866433,7.56844232823069,6.5975452655328,6.49238717339667,7.10748929471033,7.06499010482691,227
"230",2020,9,6.52307692307692,13,6.21428571428571,6.88333333333333,6.65,7.1,6.35,7,6,2,3,10,5703,2816,2887,844,1591,4112,7.07558870945117,7.565076171875,6.59813921371666,6.49276066350711,7.10747517284726,7.06325131566148,228
"231",2020,10,7.04210526315789,19,7.3125,6.84545454545455,6.125,7.2,7,8,11,4,4,15,5722,2824,2898,848,1595,4127,7.07547752708843,7.56436065864023,6.59907795376121,6.49102594339623,7.10770721003135,7.06302142234068,229
"232",2020,11,6.87647058823529,17,7.07142857142857,6.74,7,6.7,6.95,7,10,4,5,12,5739,2831,2908,852,1600,4139,7.07488803101586,7.5631418226775,6.59956255502063,6.49341549295775,7.106433125,7.06269374486591,230
"233",2020,12,7.19333333333333,15,7.4,6.78,8.4,6.75,7.26153846153846,10,5,1,2,13,5754,2841,2913,853,1602,4152,7.07519680396246,7.56256758183738,6.59987226570546,6.49565064478312,7.10598813982522,7.06331633188825,231
"234",2021,1,6.83333333333333,15,6.88888888888889,6.75,6.2,6.33333333333333,6.95833333333333,9,6,5,3,12,5769,2850,2919,858,1605,4164,7.07456793378402,7.5604401754386,6.60018085303186,6.49392773892774,7.10454392523364,7.06301378722382,232
"235",2021,2,6.73076923076923,13,7.28571428571429,6.08333333333333,4,7.66666666666667,6.45,7,6,2,3,10,5782,2857,2925,860,1608,4174,7.07379495157385,7.55976706335317,6.59912065299145,6.48812790697674,7.10559266169154,7.06154513895544,233
"236",2021,3,6.86923076923077,13,7.33,5.33333333333333,6,7.33333333333333,6.73,10,3,1,3,10,5795,2867,2928,861,1611,4184,7.07333605004315,7.55896564352982,6.5978237397541,6.48756097560976,7.10601675977653,7.06075272705545,234
"237",2021,4,5.9,10,6.16666666666667,5.5,6,7.5,5.5,6,4,1,2,8,5805,2873,2932,862,1613,4192,7.07131479931094,7.55605795335886,6.596326026603,6.48699535962877,7.10650526968382,7.05777419131679,235
"238",2021,5,6.35714285714286,14,6.6,6.22222222222222,6.25,5.75,6.6,5,9,4,4,10,5819,2878,2941,866,1617,4202,7.06959656470184,7.55439697706741,6.59518120027202,6.48590069284065,7.10314965986394,7.05668477153736,236
"239",2021,6,6.43181818181818,11,7.25,5.96428571428571,6.08333333333333,6.5,6.39285714285714,4,7,3,4,7,5830,2882,2948,869,1621,4209,7.06839320926244,7.55397449687717,6.59368314450475,6.48451093210587,7.10166132017273,7.05558075789974,237
"240",2021,7,6.58333333333333,6,6.83333333333333,6.33333333333333,7,6.75,6.5,3,3,1,2,4,5836,2885,2951,870,1623,4213,7.06789451850583,7.55322512998267,6.59341847170451,6.48510344827586,7.10122797288971,7.05505326608118,238
"241",2021,8,6.32,14,6.185,6.5,4.5,5.26,6.49666666666667,8,6,2,2,12,5850,2893,2957,872,1625,4225,7.06610468547009,7.5494415831317,6.59322891782212,6.4805504587156,7.09896184615384,7.05346731597633,239
"242",2021,9,6.42307692307692,13,6.85714285714286,5.91666666666667,6,6,6.5,7,6,1,2,11,5863,2900,2963,873,1627,4236,7.06467890329183,7.54777051724138,6.5918588963888,6.48,7.09761094038107,7.05203007790368,240
"243",2021,10,6.05,10,5,6.5,5,6,6.0625,3,7,1,2,8,5873,2903,2970,874,1629,4244,7.06295120211136,7.54513761625904,6.5916423939394,6.47830663615561,7.09626335174954,7.05016479971725,241
"244",2021,11,7.11428571428571,21,7.05454545454545,7.18,7.36,6.75,7.2,11,10,5,4,17,5894,2914,2980,879,1633,4261,7.06313410417374,7.54328568977351,6.59361674832215,6.48332195676906,7.09541518677281,7.05076259328796,242
"245",2021,12,6.278125,16,7.03571428571429,5.68888888888889,5.8,6.175,6.3125,7,9,5,4,12,5910,2921,2989,884,1637,4273,7.06100886802031,7.54206932557343,6.59089257611241,6.47945701357466,7.09316615760537,7.04868930727826,243
"246",2022,1,6.82631578947368,19,7,6.5875,NA,7,6.80588235294118,11,8,0,2,17,5929,2932,2997,884,1639,4290,7.06025677348626,7.54003564120054,6.59088352018685,6.47945701357466,7.09305247101891,7.04772713519814,244
"247",2022,2,7.06666666666667,15,8.5,6.35,6.1,6,7.23076923076923,5,10,5,2,13,5944,2937,3007,889,1641,4303,7.06027294919247,7.54166990125979,6.59008244429664,6.47732283464567,7.09172029250457,7.04828013246572,245
"248",2022,3,6.59133333333333,15,8.27,5.1225,5,5.195,7.09909090909091,7,8,4,4,11,5959,2944,3015,893,1645,4314,7.05909253398222,7.54340166440217,6.58618836152571,6.47070548712206,7.08710820668693,7.04840969170144,246
"249",2022,4,5.87777777777778,9,7.725,4.4,NA,NA,5.87777777777778,4,5,0,0,9,5968,2948,3020,893,1645,4323,7.05731106065684,7.54364806648575,6.58256884437086,6.47070548712206,7.08710820668693,7.04597256766135,247
"250",2022,5,6.6,15,7.4,6.2,6.75,7,6.57142857142857,5,10,2,1,14,5983,2953,3030,895,1646,4337,7.05616453451446,7.54340484253302,6.58130624092409,6.47132960893855,7.0870552855407,7.04444072169703,248
"251",2022,6,6.4375,8,8.16666666666667,5.4,6,NA,6.4375,3,5,2,0,8,5991,2956,3035,897,1646,4345,7.05533840928059,7.54403738159675,6.57936010214168,6.47027870680045,7.0870552855407,7.04332322439586,249
"252",2022,7,7.41666666666667,6,7.5,7.375,7.75,7.75,7.25,2,4,2,2,4,5997,2958,3039,899,1648,4349,7.05569991829248,7.54400760649087,6.58040734123067,6.47312569521691,7.08785983009709,7.04351331570476,250
"253",2022,8,6.80588235294118,17,7.16666666666667,6.60909090909091,6.175,6,6.91333333333333,6,11,4,2,15,6014,2964,3050,903,1650,4364,7.05499374958431,7.54324375843455,6.58051079016394,6.47180509413068,7.08654121212121,7.04306585930339,251
"254",2022,9,7.525,12,7.5,7.55,6.5,7.5,7.53333333333333,6,6,1,3,9,6026,2970,3056,904,1653,4373,7.05592970627282,7.5431563973064,6.58241423756545,6.47183628318584,7.08729159104658,7.04407487079808,252
"255",2022,10,6.6,10,7.14285714285714,5.33333333333333,NA,7.5,6.5,7,3,0,1,9,6036,2977,3059,904,1654,4382,7.05517435553347,7.54221514947934,6.5811892481203,6.47183628318584,7.08754111245465,7.04295741898677,253
"256",2022,11,6.815,14,6.5,7.13,6.705,5.5,7.03416666666667,7,7,2,2,12,6050,2984,3066,906,1656,4394,7.05461858016529,7.53977027479893,6.5824422407045,6.47235099337748,7.08562379227053,7.04293341147019,254
"257",2022,12,7.26,10,7.5,7.15714285714286,NA,7,7.28888888888889,3,7,0,1,9,6060,2987,3073,906,1657,4403,7.05495749339935,7.53973033143622,6.583751353726,6.47235099337748,7.08557211828606,7.04343615943675,255
