"","year","month","avg_rating","no_ratings","avg_rating_owned","avg_rating_not_owned","avg_rating_prev_owned","avg_rating_comment","avg_rating_no_comment","no_ratings_owned","no_ratings_not_owned","no_ratings_prev_owned","no_ratings_comment","no_ratings_no_comment","cum_no_ratings","cum_no_ratings_owned","cum_no_ratings_not_owned","cum_no_ratings_prev_owned","cum_no_ratings_comment","cum_no_ratings_no_comment","cum_avg_rating","cum_avg_rating_owned","cum_avg_rating_not_owned","cum_avg_rating_prev_owned","cum_avg_rating_comment","cum_avg_rating_no_comment","month_after_release"
"1",2013,1,8,1,8,NA,NA,NA,8,1,0,0,0,1,1,1,0,0,0,1,8,8,NA,NA,NA,8,-3
"2",2013,2,10,1,NA,10,NA,10,NA,0,1,0,1,0,2,1,1,0,1,1,9,8,10,NA,10,8,-2
"3",2013,3,7.26,5,9.8,6.625,6.5,7,7.325,1,4,1,1,4,7,2,5,1,2,5,7.75714285714286,8.9,7.3,6.5,8.5,7.46,-1
"4",2013,4,7.5462962962963,54,7.95588235294118,6.85,7.35714285714286,7.22727272727273,7.62790697674419,34,20,7,11,43,61,36,25,8,13,48,7.57049180327869,8.00833333333333,6.94,7.25,7.42307692307692,7.61041666666667,0
"5",2013,5,7.60597014925373,67,7.89444444444444,7.01590909090909,7.3125,7.58333333333333,7.60819672131148,45,22,8,6,61,128,81,47,16,19,109,7.5890625,7.94506172839506,6.97553191489362,7.28125,7.47368421052632,7.60917431192661,1
"6",2013,6,7.67830188679245,53,7.93,6.90384615384615,7.21428571428571,6.92857142857143,7.79239130434783,40,13,7,7,46,181,121,60,23,26,155,7.61519337016575,7.9400826446281,6.96,7.26086956521739,7.32692307692308,7.66354838709677,2
"7",2013,7,7.7530303030303,66,8.08695652173913,6.985,7,6.95,7.89642857142857,46,20,13,10,56,247,167,80,36,36,211,7.65202429149798,7.98053892215569,6.96625,7.16666666666667,7.22222222222222,7.72535545023697,3
"8",2013,8,7.59418604651163,86,7.75151515151515,7.075,7.11111111111111,7.12857142857143,7.63544303797468,66,20,9,7,79,333,233,100,45,43,290,7.63708708708709,7.9156652360515,6.988,7.15555555555556,7.20697674418605,7.70086206896552,4
"9",2013,9,7.37797619047619,84,7.38134328358209,7.36470588235294,7.04444444444444,7.23,7.39797297297297,67,17,9,10,74,417,300,117,54,53,364,7.58489208633094,7.79633333333333,7.04273504273504,7.13703703703704,7.21132075471698,7.63928571428571,5
"10",2013,10,7.47267441860465,86,7.61086956521739,6.91176470588235,6.1,8.08333333333333,7.426875,69,17,5,6,80,503,369,134,59,59,444,7.56570576540756,7.76165311653117,7.02611940298508,7.04915254237288,7.3,7.60101351351351,6
"11",2013,11,7.61948051948052,77,7.86363636363636,7.00909090909091,7.5,7.45,7.64477611940299,55,22,6,10,67,580,424,156,65,69,511,7.57284482758621,7.7748820754717,7.02371794871795,7.09076923076923,7.32173913043478,7.60675146771037,7
"12",2013,12,7.70941176470588,85,7.86805555555556,6.83076923076923,6.88333333333333,8.62142857142857,7.6275641025641,72,13,6,7,78,665,496,169,71,76,589,7.5903007518797,7.78840725806452,7.00887573964497,7.07323943661972,7.44144736842105,7.60950764006791,8
"13",2014,1,7.58333333333333,126,7.81818181818182,6.72222222222222,6.67857142857143,7.17857142857143,7.63392857142857,99,27,14,14,112,791,595,196,85,90,701,7.58919089759798,7.79336134453782,6.96938775510204,7.00823529411765,7.40055555555556,7.61340941512126,9
"14",2014,2,7.50407766990291,103,7.74345238095238,6.44578947368421,6.65,7.44444444444444,7.50978723404255,84,19,15,9,94,894,679,215,100,99,795,7.57938478747204,7.78718703976436,6.92311627906977,6.9545,7.40454545454545,7.6011572327044,10
"15",2014,3,7.63658536585366,82,7.909375,6.66666666666667,6.78571428571429,7.72222222222222,7.62602739726027,64,18,7,9,73,976,743,233,107,108,868,7.58419057377049,7.79771197846568,6.90330472103004,6.94345794392523,7.43101851851852,7.60324884792627,11
"16",2014,4,7.52871287128713,101,7.6965,6.56673333333333,6.35714285714286,6.86372727272727,7.60998888888889,86,15,7,11,90,1077,829,248,114,119,958,7.57898792943361,7.7872123039807,6.88294758064516,6.90745614035088,7.37857983193277,7.60388204592902,12
"17",2014,5,7.62424242424242,66,7.65178571428571,7.47,7.25,7.1,7.67666666666667,56,10,4,6,60,1143,885,258,118,125,1018,7.58160104986877,7.77864293785311,6.9057015503876,6.91906779661017,7.365208,7.60817190569745,13
"18",2014,6,7.37710843373494,83,7.51830985915493,6.54166666666667,6.2,6.75,7.40886075949367,71,12,5,4,79,1226,956,270,123,129,1097,7.56775693311582,7.75930857740586,6.88952222222222,6.88983739837398,7.34613178294574,7.59381859617138,14
"19",2014,7,7.10277777777778,90,7.34545454545455,6.72142857142857,6.8125,6.6,7.13235294117647,55,35,16,5,85,1316,1011,305,139,134,1182,7.53595744680851,7.73679426310584,6.87023278688525,6.88093525179856,7.31829104477612,7.56063367174281,15
"20",2014,8,7.634,100,7.92658227848101,6.53333333333333,6.01538461538462,8,7.60217391304348,79,21,13,8,92,1416,1090,326,152,142,1274,7.5428813559322,7.7505495412844,6.84853067484663,6.80690789473684,7.35669718309859,7.56363343799058,16
"21",2014,9,7.77380952380952,84,7.92372881355932,7.42,7.375,7.6625,7.78552631578947,59,25,16,8,76,1500,1149,351,168,150,1350,7.55581333333333,7.75944212358573,6.88923361823362,6.8610119047619,7.37300666666667,7.57612518518519,17
"22",2014,10,7.51951219512195,82,7.92096774193548,6.275,6.27777777777778,7.45454545454545,7.52957746478873,62,20,9,11,71,1582,1211,371,177,161,1421,7.55393173198483,7.76771180842279,6.85612129380054,6.83135593220339,7.37857763975155,7.57379943701619,18
"23",2014,11,7.2554347826087,92,7.78571428571429,6.10344827586207,6.07142857142857,6.68181818181818,7.33333333333333,63,29,14,11,81,1674,1274,400,191,172,1502,7.53752688172043,7.76860204081633,6.8015525,6.77565445026178,7.33401744186046,7.56083155792277,19
"24",2014,12,7.38350649350649,77,7.64913793103448,6.57263157894737,6.14285714285714,7.2,7.39625,58,19,7,5,72,1751,1332,419,198,177,1574,7.53075385494003,7.76340015015015,6.79117183770883,6.75328282828283,7.33023163841808,7.55330304955527,20
"25",2015,1,7.50454545454545,121,7.76722222222222,6.74193548387097,6.83333333333333,6.96666666666667,7.53260869565217,90,31,18,6,115,1872,1422,450,216,183,1689,7.52905982905983,7.76364205344585,6.78778,6.7599537037037,7.31831147540983,7.55189402013026,21
"26",2015,2,7.45454545454545,110,7.60952380952381,6.95384615384615,7.025,7.21428571428571,7.47087378640777,84,26,12,7,103,1982,1506,476,228,190,1792,7.52492431886983,7.75504581673307,6.79685084033613,6.77390350877193,7.31447894736842,7.54723716517857,22
"27",2015,3,7.4019801980198,101,7.60909090909091,6.7375,7.10909090909091,7.96,7.37291666666667,77,24,11,5,96,2083,1583,500,239,195,1888,7.51896303408545,7.74794630448515,6.794002,6.78933054393305,7.33103076923077,7.53837341101695,23
"28",2015,4,7.40526315789474,95,7.72777777777778,6.39565217391304,6.25833333333333,7.04545454545455,7.45238095238095,72,23,12,11,84,2178,1655,523,251,206,1972,7.51400367309458,7.74706888217523,6.77648374760994,6.76394422310757,7.31578155339806,7.53471044624746,24
"29",2015,5,7.12857142857143,70,7.41538461538462,6.3,6.86666666666667,6.66666666666667,7.14925373134328,52,18,12,3,67,2248,1707,541,263,209,2039,7.50200177935943,7.73696485061511,6.7606303142329,6.76863117870723,7.30646411483253,7.52204462972045,25
"30",2015,6,6.95337078651685,89,7.35564516129032,6.02962962962963,6.45,6.28571428571429,7.01036585365854,62,27,14,7,82,2337,1769,568,277,216,2121,7.48110825845101,7.72360033917467,6.72588204225352,6.75252707581227,7.27338425925926,7.50226261197548,26
"31",2015,7,7.31875,88,7.47923076923077,6.86521739130435,6.68333333333333,7.55555555555556,7.29177215189873,65,23,12,9,79,2425,1834,591,289,225,2200,7.47521649484536,7.71493947655398,6.73130456852792,6.74965397923875,7.28467111111111,7.49470409090909,27
"32",2015,8,7.23811881188119,101,7.56513157894737,6.244,5.85,6.75,7.28010752688172,76,25,10,8,93,2526,1910,616,299,233,2293,7.46573634204275,7.70897853403141,6.7115275974026,6.7195652173913,7.26631330472103,7.4860004361099,28
"33",2015,9,7.08246753246753,77,7.25754716981132,6.69583333333333,6.42857142857143,5.91666666666667,7.18098591549296,53,24,14,6,71,2603,1963,640,313,239,2364,7.45439877064925,7.6967901171676,6.7109390625,6.70654952076677,7.23243096234309,7.476839678511,29
"34",2015,10,7.08953488372093,86,7.32380952380952,6.44782608695652,6.20833333333333,6.85714285714286,7.11012658227848,63,23,12,7,79,2689,2026,663,325,246,2443,7.4427296392711,7.68519200394867,6.70181146304676,6.68815384615385,7.22175203252032,7.46498117069177,30
"35",2015,11,7.075,76,7.49454545454545,5.97619047619048,6.16666666666667,8.125,7.01666666666667,55,21,9,4,72,2765,2081,684,334,250,2515,7.43262206148282,7.68015329168669,6.67953362573099,6.67410179640719,7.236204,7.45214671968191,31
"36",2015,12,7.23165137614679,109,7.5,6.49137931034483,6.91666666666667,6.54285714285714,7.27892156862745,80,29,15,7,102,2874,2161,713,349,257,2617,7.425,7.6734840351689,6.67188078541375,6.68452722063037,7.21731906614786,7.44539510890333,32
"37",2016,1,7.43760330578512,121,7.542,6.94047619047619,7.125,7.375,7.44086956521739,100,21,10,6,115,2995,2261,734,359,263,2732,7.42550918196995,7.66766873065015,6.67956539509537,6.69679665738162,7.22091634980988,7.44520461200586,33
"38",2016,2,7.20584415584416,77,7.42452830188679,6.72291666666667,6.40384615384615,7.57142857142857,7.16928571428571,53,24,13,7,70,3072,2314,758,372,270,2802,7.42000325520833,7.66209982713915,6.68093799472296,6.68655913978495,7.2300037037037,7.43831156316917,34
"39",2016,3,7.46206896551724,87,7.49264705882353,7.35263157894737,7.5,7.375,7.47088607594937,68,19,9,8,79,3159,2382,777,381,278,2881,7.42116176005065,7.6572623845508,6.69736293436294,6.70577427821522,7.2341762589928,7.43920479000347,35
"40",2016,4,7.27592592592593,81,7.71475409836066,5.9375,5.85,7.45,7.26447368421053,61,20,10,5,76,3240,2443,797,391,283,2957,7.41753086419753,7.65869791240278,6.67829485570891,6.68388746803069,7.23798939929329,7.43471389922219,36
"41",2016,5,7.29683544303797,79,7.51754385964912,6.725,6.61111111111111,8.05,7.25666666666667,57,22,9,4,75,3319,2500,819,400,287,3032,7.41465802952697,7.6554796,6.67954945054945,6.68225,7.24930662020906,7.43030969656992,37
"42",2016,6,7.22684146341463,82,7.44833333333333,6.62277272727273,6.80007142857143,6.08333333333333,7.31711842105263,60,22,14,6,76,3401,2560,841,414,293,3108,7.41012966774478,7.650624609375,6.67806420927467,6.68623429951691,7.22543003412969,7.42754182754183,38
"43",2016,7,7.08630136986301,73,7.46382978723404,6.40384615384615,6.38461538461539,8.25,7.01884057971014,47,26,13,4,69,3474,2607,867,427,297,3177,7.40332498560737,7.64725700038358,6.66984083044983,6.67705152224824,7.23922895622895,7.41866540761725,39
"44",2016,8,7.23798076923077,104,7.37784090909091,6.46875,6.36363636363636,6.85714285714286,7.26546391752577,88,16,11,7,97,3578,2695,883,438,304,3274,7.39851900503074,7.63845974025974,6.66619705549264,6.6691803652968,7.23043092105263,7.41412645082468,40
"45",2016,9,7.36863157894737,95,7.67948051948052,6.03888888888889,6.05,7.18181818181818,7.39309523809524,77,18,14,11,84,3673,2772,901,452,315,3358,7.39774598420909,7.63959920634921,6.65366481687014,6.65000221238938,7.22873333333333,7.41360035735557,41
"46",2016,10,7.11264367816092,87,7.36393442622951,6.52307692307692,6.07692307692308,7.25,7.10246913580247,61,26,13,6,81,3760,2833,927,465,321,3439,7.39114920212766,7.63366360748323,6.6500021574973,6.63398064516129,7.22913084112149,7.40627217214306,42
"47",2016,11,7.4438202247191,89,7.55774647887324,6.99444444444444,6.5,8.24,7.39642857142857,71,18,5,5,84,3849,2904,945,470,326,3523,7.39236710833983,7.63180750688705,6.65656296296296,6.63255531914894,7.24463496932515,7.40603746806699,43
"48",2016,12,7.54939759036145,83,7.72285714285714,6.61538461538461,7,7,7.59220779220779,70,13,7,6,77,3932,2974,958,477,332,3600,7.39568184130213,7.63395057162071,6.65600417536534,6.63794758909853,7.24021385542168,7.41001944444444,44
"49",2017,1,7.34585106382979,94,7.52635135135135,6.678,6.53846153846154,6.25,7.47630952380952,74,20,13,10,84,4026,3048,978,490,342,3684,7.39451838052658,7.63133825459317,6.65645398773006,6.63530816326531,7.21126023391813,7.41153094462541,45
"50",2017,2,7.28556818181818,88,7.6052380952381,6.48,6.81818181818182,7.35714285714286,7.27938271604938,63,25,11,7,81,4114,3111,1003,501,349,3765,7.39218789499271,7.63080970748955,6.65205583250249,6.63932335329341,7.21418624641834,7.40868791500664,46
"51",2017,3,7.12837837837838,74,7.62765957446809,6.25925925925926,6.14285714285714,6.66666666666667,7.14788732394366,47,27,7,3,71,4188,3158,1030,508,352,3836,7.38752650429799,7.63076282457251,6.64175922330097,6.63248228346457,7.20951988636363,7.40386079249218,47
"52",2017,4,7.15661764705882,68,7.64444444444444,6.20217391304348,6.11666666666667,6.78125,7.20666666666667,45,23,15,8,60,4256,3203,1053,523,360,3896,7.38383717105263,7.63095504214799,6.63215764482431,6.61768833652008,7.20000277777778,7.40082392197125,48
"53",2017,5,6.81578947368421,57,7.29347826086957,4.81818181818182,5.28571428571429,7,6.80188679245283,46,11,7,4,53,4313,3249,1064,530,364,3949,7.37632993276142,7.62617697753155,6.61340413533835,6.60009622641509,7.19780494505494,7.39278551532033,49
"54",2017,6,7.03478260869565,69,7.34074074074074,5.93333333333333,5.875,NA,7.03478260869565,54,15,8,0,69,4382,3303,1079,538,364,4018,7.37095184847102,7.62151044504995,6.6039499536608,6.58931412639405,7.19780494505494,7.38663763066202,50
"55",2017,7,7.05056338028169,71,7.4168085106383,6.33333333333333,6.23076923076923,6.41666666666667,7.10907692307692,47,24,13,6,65,4453,3350,1103,551,370,4083,7.36584347630811,7.61863850746269,6.59806165004533,6.58085480943739,7.18513783783784,7.38221895664952,51
"56",2017,8,6.97741935483871,62,7.42439024390244,6.1047619047619,6.22222222222222,7,6.97543859649123,41,21,9,5,57,4515,3391,1124,560,375,4140,7.36050963455149,7.61628988498968,6.58884519572954,6.57509107142857,7.18266933333333,7.37661835748792,52
"57",2017,9,7.10074626865672,67,7.17843137254902,6.853125,6.5,7.1,7.1008064516129,51,16,2,5,62,4582,3442,1140,562,380,4202,7.35671126145788,7.60980214991284,6.59255438596491,6.57482384341637,7.18158157894737,7.37254878629224,53
"58",2017,10,7.14446428571429,56,7.36666666666667,5.81125,6,7.8,7.09403846153846,48,8,4,4,52,4638,3490,1148,566,384,4254,7.35414855541181,7.60645816618911,6.58710975609756,6.57076148409894,7.1880234375,7.36914433474377,54
"59",2017,11,6.91052631578947,38,7.11071428571429,6.35,6.4,7,6.90285714285714,28,10,5,3,35,4676,3518,1158,571,387,4289,7.35054341317365,7.60251250710631,6.5850621761658,6.56926619964974,7.18656589147287,7.36533923991606,55
"60",2017,12,7.24098360655738,61,7.374,6.63636363636364,6.25,6.75,7.27543859649123,50,11,6,4,57,4737,3568,1169,577,391,4346,7.34913257335866,7.59931025784753,6.58554491017964,6.56594627383016,7.18209974424552,7.36416014726185,56
"61",2018,1,7.21282051282051,78,7.41803278688525,6.47647058823529,5.49,5.33333333333333,7.288,61,17,10,3,75,4815,3629,1186,587,394,4421,7.34692440290758,7.59626315789474,6.58398145025295,6.54761669505963,7.16802284263959,7.36286812938249,57
"62",2018,2,7.23728813559322,59,7.40731707317073,6.85,6.5,7.64,7.2,41,18,12,5,54,4874,3670,1204,599,399,4475,7.34559725071809,7.59415231607629,6.5879584717608,6.54666277128548,7.17393734335839,7.36090279329609,58
"63",2018,3,6.84021739130435,46,7.2625,5.875,5.45833333333333,6.33333333333333,6.87558139534884,32,14,6,3,43,4920,3702,1218,605,402,4518,7.34087215447154,7.59128552133982,6.57976354679803,6.5358694214876,7.16766417910447,7.35628375387339,59
"64",2018,4,6.925,68,7.39545454545455,6.0625,6.85714285714286,6.5,6.9515625,44,24,7,4,64,4988,3746,1242,612,406,4582,7.33520268644747,7.58898531767218,6.56976811594203,6.53954411764706,7.16108620689655,7.35063072893933,60
"65",2018,5,6.60277777777778,36,6.8695652173913,6.13076923076923,5.875,7,6.59142857142857,23,13,4,1,35,5024,3769,1255,616,407,4617,7.32995441878981,7.58459511806845,6.56522071713148,6.5352288961039,7.16069041769042,7.34487546025558,61
"66",2018,6,6.83562088235294,34,7.11538461538461,5.92638875,5.9,10,6.73973060606061,26,8,5,1,33,5058,3795,1263,621,408,4650,7.32663149663898,7.58138050065876,6.56117427553444,6.53011433172303,7.16764950980392,7.34058088387097,62
"67",2018,7,6.809375,32,6.964,6.25714285714286,5.25,6,6.925,25,7,4,4,28,5090,3820,1270,625,412,4678,7.32337958939096,7.57734005235602,6.55949851181102,6.5219216,7.15631310679611,7.33809343950406,63
"68",2018,8,7.2785,40,7.45290322580645,6.67777777777778,6.628,6,7.31128205128205,31,9,5,1,39,5130,3851,1279,630,413,4717,7.32302965107212,7.57633835367437,6.56033081313526,6.52276349206349,7.15351331719128,7.33787176383294,64
"69",2018,9,6.85555555555556,36,7.57826086956522,5.57692307692308,6.16666666666667,4.75,6.97941176470588,23,13,6,2,34,5166,3874,1292,636,415,4751,7.31977199186992,7.57634976768198,6.55043584365325,6.51940408805032,7.14193012048193,7.33530648495054,65
"70",2018,10,6.95222222222222,45,7.3125,6.35882352941176,6.1375,8.03333333333333,6.875,28,17,8,3,42,5211,3902,1309,644,418,4793,7.31659798695068,7.57445643259867,6.54794737203972,6.5146599378882,7.14832775119617,7.33127292092635,66
"71",2018,11,7.046875,32,7.28947368421053,6.69230769230769,6.75,6,7.08064516129032,19,13,6,1,31,5243,3921,1322,650,419,4824,7.31495176616441,7.57307549094619,6.5493669515885,6.51683230769231,7.14558711217184,7.32966233623549,67
"72",2018,12,7.28387096774194,31,7.5125,6.5,7.16666666666667,6,7.32666666666667,24,7,3,1,30,5274,3945,1329,653,420,4854,7.3147690766022,7.57270697084918,6.54910693002257,6.51981776416539,7.14285952380952,7.32964382159044,68
"73",2019,1,6.50258620689655,58,6.65666666666667,5.96923076923077,6.2,6.66666666666667,6.49363636363636,45,13,8,3,55,5332,3990,1342,661,423,4909,7.3059343792198,7.56237568922306,6.54348964977645,6.51594704992436,7.13948226950354,7.32027726828275,69
"74",2019,2,7.32555555555556,45,7.60161290322581,6.71428571428571,7,6,7.38720930232558,31,14,3,2,43,5377,4021,1356,664,425,4952,7.30609858843221,7.5626781895051,6.54525303097345,6.51813403614458,7.13412,7.32085846324717,70
"75",2019,3,7.09073170731707,41,7.61625,5.22222222222222,5,8,6.99243243243243,32,9,3,4,37,5418,4053,1365,667,429,4989,7.3044688279808,7.56310115963484,6.53652975091575,6.51130584707646,7.14219347319347,7.31842275205452,71
"76",2019,4,6.82666666666667,30,6.99130434782609,6.28571428571429,6,6.5,6.87692307692308,23,7,4,4,26,5448,4076,1372,671,433,5015,7.30183775881057,7.55987463199215,6.53525008017493,6.50825782414307,7.1362609699769,7.31613382053839,72
"77",2019,5,7.06190476190476,21,7.23076923076923,6.7875,7.15,7.5,7.01578947368421,13,8,2,2,19,5469,4089,1380,673,435,5034,7.30091645821905,7.55882831988261,6.53671239855072,6.51016493313522,7.13793333333333,7.3150002205006,73
"78",2019,6,6.90897423076923,26,7.01111111111111,6.67916625,6.9833325,6.9,6.9093332,18,8,4,1,25,5495,4107,1388,677,436,5059,7.29906195450409,7.55642780618456,6.53753345821326,6.512960605613,7.1373876146789,7.31299554062068,74
"79",2019,7,6.85927918918919,37,7.1117332,6.33333333333333,6.33333333333333,6.5,6.86925916666667,25,12,6,1,36,5532,4132,1400,683,437,5095,7.2961205296457,7.55373725314618,6.53578317142857,6.51138262079063,7.13592906178489,7.30986021000982,75
"80",2019,8,7.04935666666667,57,7.3162666,5.14285714285714,5,6.30222222222222,7.189444375,50,7,4,9,48,5589,4182,1407,687,446,5143,7.29360388262659,7.55089805356289,6.52885319118692,6.50258272197962,7.11910538116592,7.30873636010111,76
"81",2019,9,6.82769230769231,26,7.16777777777778,6.0625,6.3,7,6.79636363636364,18,8,5,4,22,5615,4200,1415,692,450,5165,7.29144650044523,7.54925610952381,6.52621656537102,6.50111897398844,7.11804666666666,7.30655393998064,77
"82",2019,10,6.75641025641026,39,6.9448275862069,6.21,5.7,6.83333333333333,6.75,29,10,5,3,36,5654,4229,1425,697,453,5201,7.28775594269544,7.54511129344999,6.52399750175439,6.49537206599713,7.11616114790287,7.30270161507403,78
"83",2019,11,6.6349537037037,27,6.87017045454545,5.6,5.75,7.25,6.58575,22,5,4,2,25,5681,4251,1430,701,455,5226,7.28465337968667,7.54161830392849,6.52076674125874,6.49111887303852,7.11674945054945,7.29927188097972,79
"84",2019,12,6.86230769230769,39,7.08192307692308,6.42307692307692,6.21666666666667,7.43333333333333,6.75848484848485,26,13,6,6,33,5720,4277,1443,707,461,5259,7.28177375,7.53882380406827,6.51988665280665,6.48878971711457,7.12086984815618,7.29587846548774,80
"85",2020,1,6.925823,60,7.28021813953488,6.02941176470588,6.16666666666667,7.25375,6.90239964285714,43,17,9,4,56,5780,4320,1460,716,465,5315,7.27807875951557,7.53624971990741,6.51417564383562,6.48474068435754,7.1220129032258,7.29173268673566,81
"86",2020,2,7.16923076923077,52,7.26428571428571,6.77,6.3,8.25,7.07916666666667,42,10,5,4,48,5832,4362,1470,721,469,5363,7.27710823559671,7.53363108436497,6.51591594557823,6.48345954230236,7.13163326226012,7.28983017527504,82
"87",2020,3,7.04064516129032,31,7.38208333333333,5.87,6,7.5,6.99142857142857,24,7,4,3,28,5863,4386,1477,725,472,5391,7.2758579617943,7.53280182170543,6.51285473256601,6.48079217931035,7.13397457627118,7.2882803246151,83
"88",2020,4,7.40253571428571,28,7.66355,6.75,6,6.75,7.5805,20,8,5,6,22,5891,4406,1485,730,478,5413,7.27646006280767,7.53339532228779,6.51413228282828,6.47749908219178,7.12915481171548,7.28946799002402,84
"89",2020,5,7.06071428571429,28,7.335,6.375,6.325,7,7.06296296296296,20,8,4,1,27,5919,4426,1493,734,479,5440,7.27543947119446,7.53249882286489,6.51338676490288,6.47666802452316,7.12888517745302,7.28834379227941,85
"90",2020,6,7.09677419354839,31,7.75,6.4,5.8,6.33333333333333,7.17857142857143,16,15,5,3,28,5950,4442,1508,739,482,5468,7.27450861008403,7.5332822579919,6.51225891246684,6.47208975642761,7.1239336099585,7.28778168068764,86
"91",2020,7,7.48214285714286,28,7.84210526315789,6.72222222222222,6,6.5,7.55769230769231,19,9,4,2,26,5978,4461,1517,743,484,5494,7.27548113583138,7.53459757677651,6.51350457481872,6.46954822341858,7.12135537190082,7.28905901528941,87
"92",2020,8,7.0625,32,7.26923076923077,6.16666666666667,5.875,7.375,7.01785714285714,26,6,4,4,28,6010,4487,1523,747,488,5522,7.2743471264559,7.53305990416759,6.51213817465529,6.46636456492637,7.12343442622951,7.28768385186527,88
"93",2020,9,6.432,25,6.79411764705882,5.6625,3.33333333333333,7,6.40833333333333,17,8,3,1,24,6035,4504,1531,750,489,5546,7.27085770173985,7.53027082371226,6.50769852384063,6.45383244,7.12318200408998,7.2838785124414,89
"94",2020,10,7.15151515151515,33,7.35185185185185,6.25,5.5,7,7.16129032258065,27,6,2,2,31,6068,4531,1537,752,491,5577,7.27020867336849,7.52920763407636,6.50669254391672,6.45129565159575,7.12268024439918,7.28319710059172,90
"95",2020,11,6.93953571428571,56,7.2046511627907,6.06261538461538,6.02375,5.16666666666667,7.03988679245283,43,13,8,3,53,6124,4574,1550,760,494,5630,7.2671848840627,7.52615649103629,6.50296802580645,6.44679517105263,7.1108016194332,7.28090661278864,91
"96",2020,12,6.72096774193548,31,6.73260869565217,6.6875,7.3,6.9375,6.68888888888889,23,8,5,4,27,6155,4597,1558,765,498,5657,7.26443383103168,7.52218616271481,6.50391555840822,6.45237167320262,7.10940963855421,7.27808100229804,92
"97",2021,1,6.83648648648649,37,7.28958333333333,6,5.66666666666667,7.675,6.73484848484848,24,13,6,4,33,6192,4621,1571,771,502,5690,7.26187665213178,7.52097809781433,6.49974566518141,6.44625723735409,7.11391633466135,7.27493044463972,93
"98",2021,2,7.46764705882353,34,7.612,7.06666666666667,6.25,8.5,7.36774193548387,25,9,4,3,31,6226,4646,1580,775,505,5721,7.26300035817539,7.52146788420146,6.50297496202532,6.4452442967742,7.1221504950495,7.27543335605664,94
"99",2021,3,6.42727272727273,33,6.5875,6,4.75,6.75,6.40645161290323,24,9,4,2,31,6259,4670,1589,779,507,5752,7.25859406135165,7.51666804925054,6.50012614222782,6.43653957637998,7.12068244575937,7.27075003998609,95
"100",2021,4,6.92105263157895,19,6.875,7,6.75,6,6.97222222222222,12,7,2,1,18,6278,4682,1596,781,508,5770,7.25757251194648,7.51502344938061,6.50231857142857,6.43734229193342,7.11847637795275,7.26981875736569,96
"101",2021,5,6.97826086956522,23,7.125,6,7,NA,6.97826086956522,20,3,1,0,23,6301,4702,1599,782,508,5793,7.25655296460879,7.51336448107188,6.50137613508443,6.43806180306906,7.11847637795275,7.26866118246159,97
"102",2021,6,6.86363636363636,33,7.26785714285714,4.6,5.5,6,7.05555555555556,28,5,2,6,27,6334,4730,1604,784,514,5820,7.25450587780233,7.51191116067653,6.4954491521197,6.43566878826531,7.10542023346303,7.26767254810997,98
"103",2021,7,7.12,30,7.184,6.8,7,7.6,7.08571428571429,25,5,1,2,28,6364,4755,1609,785,516,5848,7.25387181489629,7.51018712723449,6.49639555003108,6.43638768152866,7.10733720930232,7.26680133891929,99
"104",2021,8,6.944,25,7.11304347826087,5,5.66666666666667,7.2,6.88,23,2,3,5,20,6389,4778,1611,788,521,5868,7.25265929409923,7.50827538509837,6.49453782743638,6.43345727157361,7.10822648752399,7.26548299761418,100
"105",2021,9,7.05294117647059,34,7.31481481481481,6.04285714285714,5.6,8,6.96129032258064,27,7,3,3,31,6423,4805,1618,791,524,5899,7.25160209092324,7.50718830176899,6.49258370828183,6.43029624525917,7.1133320610687,7.26388442617393,101
"106",2021,10,6.73333333333333,27,7.34,5,4.5,7.5,6.672,20,7,4,2,25,6450,4825,1625,795,526,5924,7.24943259379845,7.50649529326425,6.48615411692308,6.42058406289308,7.11480228136882,7.26138660195814,102
"107",2021,11,6.89285714285714,28,7.27272727272727,5.5,4,6.4,7,22,6,2,5,23,6478,4847,1631,797,531,5947,7.24789135998765,7.50543424592531,6.4825263274065,6.41450982434128,7.10807156308851,7.260375690264,103
"108",2021,12,6.73945945945946,37,7.12923076923077,5.81818181818182,6,6.25,6.76742857142857,26,11,8,2,35,6515,4873,1642,805,533,5982,7.24500387260169,7.50342700389904,6.47807578562728,6.41039047204969,7.10485178236397,7.25749151287195,104
"109",2022,1,6.8975,40,7.01212121212121,6.35714285714286,6.1,6.68,6.92857142857143,33,7,5,5,35,6555,4906,1649,810,538,6017,7.24288333028223,7.50012225642071,6.47756242571255,6.40847448148148,7.1009033457249,7.25557823333888,105
"110",2022,2,6.98333333333333,30,7.07142857142857,6.77777777777778,7,8.75,6.85714285714286,21,9,4,2,28,6585,4927,1658,814,540,6045,7.24170087015945,7.49829506596306,6.47919206272618,6.41138124078624,7.10701111111111,7.25373270967742,106
"111",2022,3,6.85714285714286,28,7.16666666666667,5,4,6.83333333333333,6.86,24,4,2,3,25,6613,4951,1662,816,543,6070,7.24007261908362,7.49668749545546,6.47563203369434,6.40547099264706,7.10549907918968,7.25211107578254,107
"112",2022,4,6.976,25,7.25652173913043,3.75,NA,6.5,7.01739130434783,23,2,0,2,23,6638,4974,1664,816,545,6093,7.23907807020187,7.49557695818255,6.47235603365385,6.40547099264706,7.10327706422018,7.25122505005745,108
"113",2022,5,7.03866666666667,30,7.4264,5.1,6.25,9,6.89857142857143,25,5,2,2,28,6668,4999,1669,818,547,6121,7.23817639922016,7.49523100420084,6.46824472139005,6.40509086797066,7.11021206581353,7.24961186570822,109
"114",2022,6,6.34444444444444,27,7.04705882352941,5.15,5.375,6,6.35769230769231,17,10,4,1,26,6695,5016,1679,822,548,6147,7.23457210306199,7.49371207934609,6.46039335318642,6.40007826034063,7.10818613138686,7.24583930860583,110
"115",2022,7,7.19047619047619,21,7.17647058823529,7.25,6.33333333333333,4,7.35,17,4,3,1,20,6716,5033,1683,825,549,6167,7.23443422126266,7.49264053049871,6.46227001782531,6.39983555151515,7.10252459016393,7.24617710880494,111
"116",2022,8,6.89285714285714,35,7.29,5.9,5.33333333333333,6.36,6.98166666666667,25,10,6,5,30,6751,5058,1693,831,554,6197,7.23266334320841,7.49163894622381,6.45894887182516,6.39213517448857,7.09582310469314,7.24489659996773,112
"117",2022,9,7.10217391304348,23,7.19772727272727,5,5,9,7.01590909090909,22,1,1,1,22,6774,5080,1694,832,555,6219,7.23222028786537,7.4903661003937,6.45808762691854,6.39046193509616,7.09925405405405,7.2440865460685,113
"118",2022,10,6.77432432432432,37,7.24583333333333,5.90384615384615,6.10714285714286,6,6.79583333333333,24,13,7,1,36,6811,5104,1707,839,556,6255,7.22973281896931,7.48921625979624,6.45386669009959,6.38809812872467,7.09727697841726,7.24150667146283,114
"119",2022,11,7.18461538461538,26,7.22857142857143,7,NA,8,7.07826086956522,21,5,0,3,23,6837,5125,1712,839,559,6278,7.22956124469797,7.48814825170732,6.45546170560748,6.38809812872467,7.10212164579606,7.24090860624403,115
"120",2022,12,6.53333333333333,30,7.08947368421053,5.57272727272727,5.5,4.83333333333333,6.72222222222222,19,11,6,3,27,6867,5144,1723,845,562,6305,7.22651961992136,7.48667569790047,6.4498261404527,6.38179210650888,7.09001067615658,7.23868742743855,116
