"","year","month","avg_rating","no_ratings","avg_rating_owned","avg_rating_not_owned","avg_rating_prev_owned","avg_rating_comment","avg_rating_no_comment","no_ratings_owned","no_ratings_not_owned","no_ratings_prev_owned","no_ratings_comment","no_ratings_no_comment","cum_no_ratings","cum_no_ratings_owned","cum_no_ratings_not_owned","cum_no_ratings_prev_owned","cum_no_ratings_comment","cum_no_ratings_no_comment","cum_avg_rating","cum_avg_rating_owned","cum_avg_rating_not_owned","cum_avg_rating_prev_owned","cum_avg_rating_comment","cum_avg_rating_no_comment","month_after_release"
"1",2002,7,8,1,8,NA,NA,NA,8,1,0,0,0,1,1,1,0,0,0,1,8,8,NA,NA,NA,8,14
"2",2002,8,8,2,8,NA,NA,9,7,2,0,0,1,1,3,3,0,0,1,2,8,8,NA,NA,9,7.5,15
"3",2002,10,7,2,NA,7,NA,NA,7,0,2,0,0,2,5,3,2,0,1,4,7.6,8,7,NA,9,7.25,17
"4",2002,11,5.66666666666667,3,NA,5.66666666666667,NA,10,3.5,0,3,0,1,2,8,3,5,0,2,6,6.875,8,6.2,NA,9.5,6,18
"5",2002,12,8,3,8,NA,NA,9.5,5,3,0,0,2,1,11,6,5,0,4,7,7.18181818181818,8,6.2,NA,9.5,5.85714285714286,19
"6",2003,1,6.5,2,6.5,NA,NA,8,5,2,0,0,1,1,13,8,5,0,5,8,7.07692307692308,7.625,6.2,NA,9.2,5.75,20
"7",2003,3,8,1,8,NA,NA,NA,8,1,0,0,0,1,14,9,5,0,5,9,7.14285714285714,7.66666666666667,6.2,NA,9.2,6,22
"8",2003,4,7.66666666666667,3,7.5,8,NA,7.66666666666667,NA,2,1,0,3,0,17,11,6,0,8,9,7.23529411764706,7.63636363636364,6.5,NA,8.625,6,23
"9",2003,5,9.16666666666667,3,10,7.5,NA,9.16666666666667,NA,2,1,0,3,0,20,13,7,0,11,9,7.525,8,6.64285714285714,NA,8.77272727272727,6,24
"10",2003,6,7,2,NA,7,NA,NA,7,0,2,0,0,2,22,13,9,0,11,11,7.47727272727273,8,6.72222222222222,NA,8.77272727272727,6.18181818181818,25
"11",2003,7,6.97222222222222,9,7.625,5.66666666666667,NA,5.5,7.39285714285714,6,3,0,2,7,31,19,12,0,13,18,7.33064516129032,7.88157894736842,6.45833333333333,NA,8.26923076923077,6.65277777777778,26
"12",2003,8,6.6,5,6.6,NA,NA,6.5,6.66666666666667,5,0,0,2,3,36,24,12,0,15,21,7.22916666666667,7.61458333333333,6.45833333333333,NA,8.03333333333333,6.65476190476191,27
"13",2003,9,7.5,1,7.5,NA,NA,7.5,NA,1,0,0,1,0,37,25,12,0,16,21,7.23648648648649,7.61,6.45833333333333,NA,8,6.65476190476191,28
"14",2003,10,8.5,2,8.5,NA,NA,10,7,2,0,0,1,1,39,27,12,0,17,22,7.30128205128205,7.67592592592593,6.45833333333333,NA,8.11764705882353,6.67045454545455,29
"15",2003,11,8.25,2,8.25,NA,NA,9.5,7,2,0,0,1,1,41,29,12,0,18,23,7.34756097560976,7.71551724137931,6.45833333333333,NA,8.19444444444445,6.68478260869565,30
"16",2003,12,7,2,8,6,NA,NA,7,1,1,0,0,2,43,30,13,0,18,25,7.33139534883721,7.725,6.42307692307692,NA,8.19444444444445,6.71,31
"17",2004,1,8.5,2,9,8,NA,8.5,NA,1,1,0,2,0,45,31,14,0,20,25,7.38333333333333,7.76612903225806,6.53571428571429,NA,8.225,6.71,32
"18",2004,2,6.5,4,7.33333333333333,4,NA,5.5,7.5,3,1,0,2,2,49,34,15,0,22,27,7.31122448979592,7.72794117647059,6.36666666666667,NA,7.97727272727273,6.76851851851852,33
"19",2004,3,8,2,8,NA,NA,8,8,2,0,0,1,1,51,36,15,0,23,28,7.33823529411765,7.74305555555556,6.36666666666667,NA,7.97826086956522,6.8125,34
"20",2004,4,4.75,4,6,1,NA,6,3.5,3,1,0,2,2,55,39,16,0,25,30,7.15,7.60897435897436,6.03125,NA,7.82,6.59166666666667,35
"21",2004,5,8,1,8,NA,NA,NA,8,1,0,0,0,1,56,40,16,0,25,31,7.16517857142857,7.61875,6.03125,NA,7.82,6.63709677419355,36
"22",2004,7,8,3,8,NA,NA,8,NA,3,0,0,3,0,59,43,16,0,28,31,7.20762711864407,7.6453488372093,6.03125,NA,7.83928571428572,6.63709677419355,38
"23",2004,8,7.66666666666667,3,8,7,7,8,7,2,1,1,2,1,62,45,17,1,30,32,7.22983870967742,7.66111111111111,6.08823529411765,7,7.85,6.6484375,39
"24",2004,10,7.83333333333333,6,7.5,8.5,NA,8.33333333333333,7.33333333333333,4,2,0,3,3,68,49,19,1,33,35,7.28308823529412,7.64795918367347,6.34210526315789,7,7.89393939393939,6.70714285714286,41
"25",2004,11,7.75,4,8.5,7,7,7.66666666666667,8,2,2,1,3,1,72,51,21,2,36,36,7.30902777777778,7.68137254901961,6.40476190476191,7,7.875,6.74305555555556,42
"26",2004,12,8.35714285714286,7,8.41666666666667,8,8,8.625,8,6,1,1,4,3,79,57,22,3,40,39,7.40189873417722,7.75877192982456,6.47727272727273,7.33333333333333,7.95,6.83974358974359,43
"27",2005,1,7.7,5,7.33333333333333,8.25,NA,9,7.375,3,2,0,1,4,84,60,24,3,41,43,7.41964285714286,7.7375,6.625,7.33333333333333,7.97560975609756,6.88953488372093,44
"28",2005,2,8,2,8,NA,NA,9,7,2,0,0,1,1,86,62,24,3,42,44,7.43313953488372,7.74596774193548,6.625,7.33333333333333,8,6.89204545454545,45
"29",2005,3,7.725,4,7.66666666666667,7.9,NA,7,8.45,3,1,0,2,2,90,65,25,3,44,46,7.44611111111111,7.74230769230769,6.676,7.33333333333333,7.95454545454545,6.95978260869565,46
"30",2005,5,7.92857142857143,7,8.7,6,7,9.66666666666667,6.625,5,2,1,3,4,97,70,27,4,47,50,7.48092783505155,7.81071428571429,6.62592592592593,7.25,8.06382978723404,6.933,48
"31",2005,6,7.55555555555556,9,7.5,8,8,7.42857142857143,8,8,1,1,7,2,106,78,28,5,54,52,7.4872641509434,7.77884615384615,6.675,7.4,7.98148148148148,6.97403846153846,49
"32",2005,7,7.66666666666667,12,8.14285714285714,7,NA,8.16666666666667,7.16666666666667,7,5,0,6,6,118,85,33,5,60,58,7.50550847457627,7.80882352941176,6.72424242424242,7.4,8,6.99396551724138,50
"33",2005,8,7.5,8,7.4,7.66666666666667,NA,7.8,7,5,3,0,5,3,126,90,36,5,65,61,7.50515873015873,7.78611111111111,6.80277777777778,7.4,7.98461538461539,6.99426229508197,51
"34",2005,9,7.33333333333333,9,8.16666666666667,5.66666666666667,NA,8,7.25,6,3,0,1,8,135,96,39,5,66,69,7.4937037037037,7.80989583333333,6.71538461538461,7.4,7.98484848484849,7.02391304347826,52
"35",2005,10,7.5,13,8.58333333333333,6.57142857142857,6,7.22222222222222,8.125,6,7,1,9,4,148,102,46,6,75,73,7.49425675675676,7.85539215686275,6.69347826086956,7.16666666666667,7.89333333333333,7.08424657534247,53
"36",2005,11,8.125,8,8.28571428571429,7,NA,8.125,NA,7,1,0,8,0,156,109,47,6,83,73,7.52660256410257,7.88302752293578,6.7,7.16666666666667,7.91566265060241,7.08424657534247,54
"37",2005,12,7.63333333333333,15,8.25,6.4,NA,7.92857142857143,7.375,10,5,0,7,8,171,119,52,6,90,81,7.5359649122807,7.91386554621849,6.67115384615385,7.16666666666667,7.91666666666667,7.11296296296296,55
"38",2006,1,7.76666666666667,12,8.32,5,NA,7.625,7.8375,10,2,0,4,8,183,129,54,6,94,89,7.55109289617486,7.9453488372093,6.60925925925926,7.16666666666667,7.90425531914894,7.17808988764045,56
"39",2006,2,8.16666666666667,6,8.66666666666667,7.66666666666667,8,8,8.5,3,3,1,4,2,189,132,57,7,98,91,7.57063492063492,7.96174242424242,6.66491228070175,7.28571428571429,7.90816326530612,7.20714285714286,57
"40",2006,3,7.3125,16,8.05,6.08333333333333,6.5,7.35714285714286,7.27777777777778,10,6,2,7,9,205,142,63,9,105,100,7.55048780487805,7.96795774647887,6.60952380952381,7.11111111111111,7.87142857142857,7.2135,58
"41",2006,4,6.61111111111111,9,8.1,4.75,NA,6.58333333333333,6.66666666666667,5,4,0,6,3,214,147,67,9,111,103,7.51098130841122,7.97244897959184,6.49850746268657,7.11111111111111,7.8018018018018,7.19757281553398,59
"42",2006,5,7.95833333333333,12,8.25,6.5,NA,8.41666666666667,7.5,10,2,0,6,6,226,157,69,9,117,109,7.53473451327434,7.99012738853503,6.49855072463768,7.11111111111111,7.83333333333333,7.21422018348624,60
"43",2006,6,8.875,4,8.875,NA,NA,9,8.83333333333333,4,0,0,1,3,230,161,69,9,118,112,7.55804347826087,8.01211180124224,6.49855072463768,7.11111111111111,7.84322033898305,7.25758928571429,61
"44",2006,7,7.6,15,8,7,NA,7.16666666666667,7.88888888888889,9,6,0,6,9,245,170,75,9,124,121,7.56061224489796,8.01147058823529,6.53866666666667,7.11111111111111,7.81048387096774,7.30454545454545,62
"45",2006,8,8.11111111111111,9,8.5,7.8,9,7,8.42857142857143,4,5,1,2,7,254,174,80,10,126,128,7.58011811023622,8.02270114942529,6.6175,7.3,7.79761904761905,7.366015625,63
"46",2006,9,6.53333333333333,15,7.375,5.57142857142857,10,7.33333333333333,5.33333333333333,8,7,1,9,6,269,182,87,11,135,134,7.52174721189591,7.99423076923077,6.53333333333333,7.54545454545455,7.76666666666667,7.275,64
"47",2006,10,7.03125,8,6.875,7.5,NA,7.5,6.875,6,2,0,2,6,277,188,89,11,137,140,7.50758122743682,7.95851063829787,6.55505617977528,7.54545454545455,7.76277372262774,7.25785714285714,65
"48",2006,11,7.4375,8,7.91666666666667,6,NA,6.83333333333333,7.8,6,2,0,3,5,285,194,91,11,140,145,7.50561403508772,7.95721649484536,6.54285714285714,7.54545454545455,7.74285714285714,7.27655172413793,66
"49",2006,12,7.75238095238095,21,8.16666666666667,6.71666666666667,NA,8.16666666666667,7.2,15,6,0,12,9,306,209,97,11,152,154,7.52254901960784,7.97224880382775,6.55360824742268,7.54545454545455,7.77631578947368,7.27207792207792,67
"50",2007,1,8.29411764705882,17,8.46428571428571,7.5,NA,8.25,8.30769230769231,14,3,0,4,13,323,223,100,11,156,167,7.56315789473684,8.00313901345291,6.582,7.54545454545455,7.78846153846154,7.35269461077844,68
"51",2007,2,7.28372222222222,18,7.5,6.94385714285714,NA,7.4,7.239,11,7,0,5,13,341,234,107,11,161,180,7.54840762463343,7.97948717948718,6.60567289719626,7.54545454545455,7.77639751552795,7.34448333333333,69
"52",2007,3,7.21875,16,7.63636363636364,6.3,NA,7.0625,7.375,11,5,0,8,8,357,245,112,11,169,188,7.53363305322129,7.96408163265306,6.59202678571428,7.54545454545455,7.74260355029586,7.34578191489362,70
"53",2007,4,7.20833333333333,12,8.58333333333333,5.83333333333333,NA,6.8,7.5,6,6,0,5,7,369,251,118,11,174,195,7.52305420054201,7.97888446215139,6.55344915254237,7.54545454545455,7.71551724137931,7.35131794871795,71
"54",2007,5,7.28846153846154,13,7.71875,6.6,7.5,7,7.375,8,5,2,3,10,382,259,123,13,177,205,7.51507068062827,7.97084942084942,6.55534146341463,7.53846153846154,7.70338983050847,7.35247317073171,72
"55",2007,6,7.07142857142857,21,8,6.5,7,6.21428571428571,7.5,8,13,1,7,14,403,267,136,14,184,219,7.49195285359802,7.97172284644195,6.55005147058823,7.5,7.64673913043478,7.36190410958904,73
"56",2007,7,8.25263157894737,19,8.35833333333333,8.07142857142857,7,8.31666666666667,8.14285714285714,12,7,1,12,7,422,279,143,15,196,226,7.52620142180095,7.98835125448029,6.62452447552447,7.46666666666667,7.68775510204082,7.38609292035398,74
"57",2007,8,8.14705882352941,17,8.21428571428571,7.83333333333333,8,7.5,8.5,14,3,1,6,11,439,293,146,16,202,237,7.5502437357631,7.99914675767918,6.64936301369863,7.5,7.68217821782178,7.43779324894515,75
"58",2007,9,7.60714285714286,14,7.65,7.5,8,6.5,8.05,10,4,1,4,10,453,303,150,17,206,247,7.55200220750552,7.98762376237624,6.67204666666666,7.52941176470588,7.65922330097087,7.46257894736842,76
"59",2007,10,7.47222222222222,18,7.92307692307692,6.3,NA,6.3,7.92307692307692,13,5,0,5,13,471,316,155,17,211,260,7.54895329087049,7.98496835443038,6.66004516129032,7.52941176470588,7.62701421800948,7.48560384615385,77
"60",2007,11,6.87142857142857,21,7.40769230769231,6,7.5,7.61111111111111,6.31666666666667,13,8,1,9,12,492,329,163,18,220,272,7.52003455284553,7.96215805471125,6.62765030674846,7.52777777777778,7.62636363636364,7.43403308823529,78
"61",2007,12,7.5551724137931,29,8.475,6.42307692307692,NA,6.875,7.81428571428571,16,13,0,8,21,521,345,176,18,228,293,7.52199040307102,7.98594202898551,6.61253977272727,7.52777777777778,7.6,7.4612866894198,79
"62",2008,1,7.17307692307692,26,7.96428571428571,6.25,5.75,7.09375,7.3,14,12,4,16,10,547,359,188,22,244,303,7.50540585009141,7.98509749303621,6.58939893617021,7.20454545454545,7.56680327868852,7.45596369636964,80
"63",2008,2,7.5,19,8.03333333333333,5.5,NA,8,6.1,15,4,0,14,5,566,374,192,22,258,308,7.50522438162544,7.9870320855615,6.566703125,7.20454545454545,7.59031007751938,7.4339512987013,81
"64",2008,3,7.43055555555556,18,7.55769230769231,7.1,7.5,7.79166666666667,7.25,13,5,3,6,12,584,387,197,25,264,320,7.50292294520548,7.97260981912145,6.5802385786802,7.24,7.59488636363636,7.427053125,82
"65",2008,4,7.65789473684211,19,8.14285714285714,6.3,5,7.65,7.66666666666667,14,5,1,10,9,603,401,202,26,274,329,7.50780597014925,7.9785536159601,6.57330198019802,7.15384615384615,7.59689781021898,7.43360790273556,83
"66",2008,5,8.50833333333333,24,8.79411764705882,7.81428571428571,8,8.94444444444444,8.24666666666667,17,7,1,9,15,627,418,209,27,283,344,7.54610366826156,8.01172248803828,6.61486602870813,7.18518518518519,7.63975265017668,7.46906104651163,84
"67",2008,6,7.10833333333333,12,7.55,6.66666666666667,NA,6.125,7.6,6,6,0,4,8,639,424,215,27,287,352,7.53788262910798,8.00518867924528,6.61631162790698,7.18518518518519,7.61864111498258,7.47203693181818,85
"68",2008,7,7.59375,32,8.125,6.70833333333333,7,7.9,7.32352941176471,20,12,3,15,17,671,444,227,30,302,369,7.54054694485842,8.01058558558558,6.62117621145374,7.16666666666667,7.63261589403974,7.46519512195122,86
"69",2008,8,7.525,20,8.25,6.4375,6,7.21428571428571,7.69230769230769,12,8,2,7,13,691,456,235,32,309,382,7.54009696092619,8.01688596491228,6.61492340425532,7.09375,7.62313915857605,7.47292408376963,87
"70",2008,9,7.14782608695652,23,7.82222222222222,6.71428571428571,8,7.3,7.06666666666667,9,14,2,8,15,714,465,249,34,317,397,7.52746078431373,8.01311827956989,6.62051004016064,7.14705882352941,7.61498422712934,7.45757430730479,88
"71",2008,10,8.11111111111111,18,8.625,7.7,7.75,8.33333333333333,7.88888888888889,8,10,4,9,9,732,473,259,38,326,406,7.54181284153005,8.02346723044398,6.66218918918919,7.21052631578947,7.63481595092025,7.4671354679803,89
"72",2008,11,7.204,25,7.33333333333333,7.01,7.8,6.8125,7.38823529411765,15,10,2,8,17,757,488,269,40,334,423,7.53065653896962,8.00225409836066,6.67511895910781,7.24,7.61511976047904,7.46396453900709,90
"73",2008,12,7.60606060606061,33,8.17391304347826,6.3,4.33333333333333,7.96428571428571,7.34210526315789,23,10,3,14,19,790,511,279,43,348,442,7.53380632911392,8.00998043052838,6.66167383512545,7.03720930232558,7.62916666666667,7.45872624434389,91
"74",2009,1,7.15967741935484,31,7.47105263157895,6.66666666666667,8,7.875,6.91086956521739,19,12,2,8,23,821,530,291,45,356,465,7.5196796589525,7.99066037735849,6.66187972508591,7.08,7.63469101123596,7.43162795698925,92
"75",2009,2,7.37179487179487,39,8.06818181818182,6.47058823529412,6.83333333333333,6.375,7.62903225806452,22,17,3,8,31,860,552,308,48,364,496,7.51297325581395,7.99375,6.65132142857143,7.06458333333333,7.6070054945055,7.44396572580645,93
"76",2009,3,7.52903225806452,31,7.79230769230769,7.33888888888889,6.5,7.375,7.58260869565217,13,18,2,8,23,891,565,326,50,372,519,7.51353198653199,7.98911504424779,6.68928527607362,7.042,7.60201612903226,7.4501098265896,94
"77",2009,4,7.10714285714286,28,7.75,6.85,6.33333333333333,6.8,7.17391304347826,8,20,3,5,23,919,573,346,53,377,542,7.50115016322089,7.98577661431065,6.69857514450867,7.00188679245283,7.59137931034483,7.43838929889299,95
"78",2009,5,7.38333333333333,30,8.14117647058823,6.39230769230769,6.5,7.29090909090909,7.43684210526316,17,13,3,11,19,949,590,359,56,388,561,7.49742571127503,7.99025423728814,6.68748467966574,6.975,7.58286082474227,7.43833689839572,96
"79",2009,6,7.4296875,32,8.07692307692308,6.98684210526316,6.75,7.0625,7.55208333333333,13,19,4,8,24,981,603,378,60,396,585,7.49521610601427,7.99212271973466,6.70253174603175,6.96,7.57234848484848,7.44300341880342,97
"80",2009,7,8.12,25,8.23076923076923,8,7.25,8.1875,8.08823529411765,13,12,4,8,17,1006,616,390,64,404,602,7.51074254473161,7.99715909090909,6.74245384615385,6.978125,7.5845297029703,7.46122425249169,98
"81",2009,8,7.54,30,7.725,7.41666666666667,8,7.83333333333333,7.46666666666667,12,18,1,6,24,1036,628,408,65,410,626,7.51158976833977,7.99195859872612,6.77219852941176,6.99384615384615,7.58817073170732,7.46143290734824,99
"82",2009,9,7.7625,36,7.95588235294118,7.58947368421053,8.33333333333333,7.51923076923077,7.9,17,19,3,13,23,1072,645,427,68,423,649,7.52001585820895,7.99100775193799,6.8085644028103,7.05294117647059,7.58605200945626,7.47697534668721,100
"83",2009,10,7.72142857142857,42,8.09444444444444,7.44166666666667,7.8,8.08888888888889,7.62121212121212,18,24,2,9,33,1114,663,451,70,432,682,7.52760951526032,7.99381598793364,6.84225498891352,7.07428571428571,7.59652777777778,7.48395454545455,101
"84",2009,11,7.38524590163934,61,7.93225806451613,6.82,6.66666666666667,7.23529411764706,7.44318181818182,31,30,6,17,44,1175,694,481,76,449,726,7.52021872340425,7.99106628242075,6.84086694386694,7.0421052631579,7.58285077951002,7.48148347107438,102
"85",2009,12,7.00972222222222,36,7.86666666666667,6.39761904761905,7.5,7.5,6.9484375,15,21,2,4,32,1211,709,502,78,453,758,7.50504293971924,7.98843441466855,6.82232470119522,7.05384615384615,7.58211920529801,7.45898021108179,103
"86",2010,1,7.16206896551724,58,7.40714285714286,6.93333333333333,5.33333333333333,6.6,7.27916666666667,28,30,3,10,48,1269,737,532,81,463,806,7.48936721828211,7.9663500678426,6.82858458646616,6.99012345679012,7.56090712742981,7.44827171215881,104
"87",2010,2,7.09733333333333,30,7.93333333333333,6.54,NA,7.5,7.03538461538462,12,18,0,4,26,1299,749,550,81,467,832,7.48031331793687,7.96582109479306,6.81914,6.99012345679012,7.56038543897216,7.43536899038462,105
"88",2010,3,7.5625,24,7.75,7,NA,6.25,7.825,18,6,0,4,20,1323,767,556,81,471,852,7.48180423280423,7.96075619295958,6.8210917266187,6.99012345679012,7.54925690021232,7.44451525821596,106
"89",2010,4,7.59375,16,8.5,7.05,7.25,6.83333333333333,8.05,6,10,2,6,10,1339,773,566,83,477,862,7.48314189693801,7.96494178525226,6.82513604240282,6.99638554216868,7.54025157232704,7.45153944315545,107
"90",2010,5,7.53125,16,7.5,7.5625,NA,7.33333333333333,7.57692307692308,8,8,0,3,13,1355,781,574,83,480,875,7.48370996309963,7.96017925736236,6.83541289198606,6.99638554216868,7.53895833333333,7.45340228571429,108
"91",2010,6,7.25,15,7.41666666666667,7.13888888888889,NA,8,7.0625,6,9,0,3,12,1370,787,583,83,483,887,7.48115109489051,7.95603557814485,6.84009777015437,6.99638554216868,7.54182194616977,7.44811386696731,109
"92",2010,7,7.94736842105263,19,7.77777777777778,8.1,NA,8,7.94444444444444,9,10,0,1,18,1389,796,593,83,484,905,7.48752843772498,7.95402010050251,6.86134401349072,6.99638554216868,7.54276859504132,7.45798563535912,110
"93",2010,8,7.32291666666667,24,8,6.83928571428571,4.33333333333333,5.25,7.7375,10,14,3,4,20,1413,806,607,86,488,925,7.48473248407643,7.9545905707196,6.8608352553542,6.90348837209302,7.52397540983607,7.46402918918919,111
"94",2010,9,7.27272727272727,11,7.5,7.14285714285714,NA,NA,7.27272727272727,4,7,0,0,11,1424,810,614,86,488,936,7.48309480337079,7.95234567901235,6.86405048859935,6.90348837209302,7.52397540983607,7.46178098290598,112
"95",2010,10,7.99655172413793,29,8.11,7.875,8.5,8.6,7.87083333333333,15,14,2,5,24,1453,825,628,88,493,960,7.49334273916036,7.95521212121212,6.88658757961783,6.93977272727273,7.53488843813387,7.47200729166667,113
"96",2010,11,7.65714285714286,42,8.27272727272727,6.98,8,8.16666666666667,7.57222222222222,22,20,2,6,36,1495,847,648,90,499,996,7.49794448160535,7.96345926800472,6.88947067901235,6.96333333333333,7.54248496993988,7.47562951807229,114
"97",2010,12,7.55588235294118,34,8.32666666666667,6.94736842105263,7.4,7.16666666666667,7.63928571428571,15,19,5,6,28,1529,862,667,95,505,1024,7.49923283191628,7.96977958236659,6.89111994002998,6.98631578947368,7.5380198019802,7.4801044921875,115
"98",2011,1,7.47741935483871,31,7.67647058823529,7.23571428571429,7.75,7.2,7.53076923076923,17,14,2,5,26,1560,879,681,97,510,1050,7.49879935897436,7.96410693970421,6.89820411160059,7.0020618556701,7.53470588235294,7.48135904761905,116
"99",2011,2,7.41588235294118,17,8.02909090909091,6.29166666666667,NA,9.5,7.285625,11,6,0,1,16,1577,890,687,97,511,1066,7.49790551680406,7.96491011235955,6.89290684133916,7.0020618556701,7.5385518590998,7.47842120075047,117
"100",2011,3,7.01,25,7.63461538461539,6.33333333333333,NA,6.5,7.10714285714286,13,12,0,4,21,1602,903,699,97,515,1087,7.49029151061173,7.96015503875969,6.88330042918455,7.0020618556701,7.5304854368932,7.4712483900644,118
"101",2011,4,7.67619047619048,21,8.06666666666667,6.7,6,7.4,7.7625,15,6,1,5,16,1623,918,705,98,520,1103,7.49269685767098,7.9618954248366,6.88174042553191,6.99183673469388,7.52923076923077,7.47547325475975,119
"102",2011,5,7.20833333333333,18,7.53571428571429,7,10,7.75,7.05357142857143,7,11,1,4,14,1641,925,716,99,524,1117,7.48957769652651,7.95867027027027,6.88355726256983,7.02222222222222,7.53091603053435,7.47018531781558,120
"103",2011,6,6.98181818181818,22,6.8,7.06666666666667,NA,6.25,7.14444444444444,7,15,0,4,18,1663,932,731,99,528,1135,7.48286049308479,7.9499678111588,6.8873146374829,7.02222222222222,7.52121212121212,7.46501938325991,121
"104",2011,7,7.1,25,7.76923076923077,6.375,8.5,8.27777777777778,6.4375,13,12,1,9,16,1688,945,743,100,537,1151,7.47719016587678,7.94748148148148,6.8790403768506,7.037,7.53389199255121,7.45073588184188,122
"105",2011,8,7.085,20,7.54166666666667,6.4,9,9.5,6.81666666666667,12,8,1,2,18,1708,957,751,101,539,1169,7.47259777517564,7.94239289446186,6.87393741677763,7.05643564356436,7.54118738404453,7.44097262617622,123
"106",2011,9,6.96153846153846,13,8.16666666666667,6.6,8.5,NA,6.96153846153846,3,10,1,0,13,1721,960,761,102,539,1182,7.46873736199884,7.94309375,6.87033771353482,7.07058823529412,7.54118738404453,7.43569966159053,124
"107",2011,10,7.22666666666667,15,7.78571428571429,6.7375,7.25,5.5,7.35,7,8,2,1,14,1736,967,769,104,540,1196,7.46664573732719,7.94195449844881,6.86895578673602,7.07403846153846,7.53740740740741,7.43469648829431,125
"108",2011,11,7.15862068965517,29,7.91428571428571,6.45333333333333,9,8.25,6.984,14,15,1,4,25,1765,981,784,105,544,1221,7.46158470254958,7.94155963302752,6.86100382653061,7.09238095238095,7.54264705882353,7.42546846846847,126
"109",2011,12,7.83333333333333,27,7.93333333333333,7.70833333333333,8,7.5,7.86,15,12,2,2,25,1792,996,796,107,546,1246,7.46718582589286,7.94143574297189,6.87377763819095,7.10934579439252,7.54249084249084,7.43418699839486,127
"110",2012,1,7.3027027027027,37,7.81176470588235,6.87,8,8.55714285714286,7.01,17,20,1,7,30,1829,1013,816,108,553,1276,7.46385839256424,7.9392596248766,6.87368504901961,7.11759259259259,7.55533453887884,7.42421394984326,128
"111",2012,2,7.68695652173913,23,8.42307692307692,6.73,7.76666666666667,7.75,7.67368421052632,13,10,3,4,19,1852,1026,826,111,557,1295,7.46662904967603,7.94538986354776,6.87194552058111,7.13513513513514,7.55673249551167,7.42787413127413,129
"112",2012,3,7.552,25,8.2,7.1875,9,6.75,7.62173913043478,9,16,1,2,23,1877,1035,842,112,559,1318,7.46776611614278,7.9476038647343,6.87794180522565,7.15178571428571,7.55384615384615,7.43125720789074,130
"113",2012,4,7.18421052631579,19,7.5,6.75,6.5,8,7.13888888888889,11,8,2,1,18,1896,1046,850,114,560,1336,7.46492457805907,7.94289674952199,6.87673764705882,7.14035087719298,7.55464285714286,7.42731811377245,131
"114",2012,5,7.62783333333333,24,7.5712,7.72222222222222,NA,7.84466666666667,7.55555555555556,15,9,0,6,18,1920,1061,859,114,566,1354,7.4669609375,7.93764184731385,6.8855960419092,7.14035087719298,7.55771731448763,7.42902289512555,132
"115",2012,6,6.67857142857143,14,6.375,6.8,NA,5.375,7.2,4,10,0,4,10,1934,1065,869,114,570,1364,7.46125387797311,7.93177276995305,6.88461104718067,7.14035087719298,7.5424,7.42734384164223,133
"116",2012,7,7.33238095238095,21,8.22142857142857,6.88785714285714,7.66666666666667,7.66666666666667,7.27666666666667,7,14,3,3,18,1955,1072,883,117,573,1382,7.45986956521739,7.93366417910447,6.88466251415628,7.15384615384615,7.54305061082025,7.42538133140376,134
"117",2012,8,6.8695652173913,23,7.5625,6.5,6,7.5,6.775,8,15,1,3,20,1978,1080,898,118,576,1402,7.4530055611729,7.93091481481481,6.87823719376392,7.14406779661017,7.54282638888889,7.41610342368046,135
"118",2012,9,7.12352941176471,17,7.5,6.86,6.5,6.5,7.20666666666667,7,10,2,2,15,1995,1087,908,120,578,1417,7.45019799498747,7.92813983440662,6.87803634361233,7.13333333333333,7.53921799307959,7.41388637967537,136
"119",2012,10,7.625,24,8.17857142857143,6.85,NA,6.66666666666667,7.76190476190476,14,10,0,3,21,2019,1101,918,120,581,1438,7.45227587914809,7.9313242506812,6.87773093681917,7.13333333333333,7.53471256454389,7.41896870653686,137
"120",2012,11,6.57142857142857,21,7.375,6.38235294117647,7.5,7.5,6.35294117647059,4,17,2,4,17,2040,1105,935,122,585,1455,7.44320833333333,7.92931040723982,6.86872406417112,7.13934426229508,7.53447521367521,7.40651340206186,138
"121",2012,12,7.78076923076923,26,8.13333333333333,7.3,8.5,8.25,7.57222222222222,15,11,1,8,18,2066,1120,946,123,593,1473,7.4474564375605,7.93204285714285,6.87373890063425,7.15040650406504,7.5441281618887,7.40853835709436,139
"122",2013,1,7.60344827586207,29,7.75,7.42307692307692,7,7,7.625,16,13,1,1,28,2095,1136,959,124,594,1501,7.44961575178997,7.92947887323943,6.88118561001043,7.1491935483871,7.54321212121212,7.41257628247835,140
"123",2013,2,7.51,25,7.975,7.2,7,8.55,7.25,10,15,1,5,20,2120,1146,974,125,599,1521,7.45032783018868,7.92987609075043,6.8860954825462,7.148,7.55161602671119,7.41043852728468,141
"124",2013,3,7.28064516129032,31,7.6,7.12857142857143,8,8.5,7.1,10,21,1,4,27,2151,1156,995,126,603,1548,7.44788238028824,7.92702249134948,6.89121306532663,7.15476190476191,7.55790713101161,7.40502390180878,142
"125",2013,4,7.18214285714286,28,8,6.65294117647059,NA,7.08571428571429,7.21428571428571,11,17,0,7,21,2179,1167,1012,126,610,1569,7.44446764570904,7.92771036846615,6.8872104743083,7.15476190476191,7.55248852459017,7.40247100063735,143
"126",2013,5,7.80882352941176,17,8.9,7.35416666666667,7,6,8.05,5,12,2,2,15,2196,1172,1024,128,612,1584,7.44728825136612,7.93185836177474,6.8926826171875,7.15234375,7.54741503267974,7.4086029040404,144
"127",2013,6,7.61363636363636,22,7.78571428571429,7.53333333333333,NA,7,7.9,7,15,0,7,15,2218,1179,1039,128,619,1599,7.44893823264202,7.93099067005937,6.90193166506256,7.15234375,7.54122455573506,7.41321263289556,145
"128",2013,7,7.63636363636364,22,8.2,7.16666666666667,7,7,7.73684210526316,10,12,1,3,19,2240,1189,1051,129,622,1618,7.45077901785714,7.93325315391085,6.90495432921028,7.15116279069767,7.53861414790997,7.4170129789864,146
"129",2013,8,6.96190476190476,21,6.74,7.03125,7.5,6.5,7.03888888888889,5,16,3,3,18,2261,1194,1067,132,625,1636,7.44623839009288,7.92825628140703,6.90684817244611,7.15909090909091,7.5336288,7.41285268948655,147
"130",2013,9,7.56388888888889,36,7.925,7.275,NA,8,7.509375,16,20,0,4,32,2297,1210,1087,132,629,1668,7.44808228123639,7.92821322314049,6.9136218951242,7.15909090909091,7.5365945945946,7.41470443645084,148
"131",2013,10,7.72727272727273,22,8.22222222222222,7.38461538461539,7,7,7.84210526315789,9,13,1,3,19,2319,1219,1100,133,632,1687,7.45073091849935,7.93038392124692,6.91918818181818,7.15789473684211,7.53404746835443,7.41951807943094,149
"132",2013,11,7.33833333333333,30,7.82692307692308,6.96470588235294,NA,7.33333333333333,7.33958333333333,13,17,0,6,24,2349,1232,1117,133,638,1711,7.44929544487016,7.92929220779221,6.91988093106535,7.15789473684211,7.53215987460815,7.41839684395091,150
"133",2013,12,7.28723404255319,47,7.57894736842105,7.08928571428571,6.9,7,7.35526315789474,19,28,5,9,38,2396,1251,1145,138,647,1749,7.44611644407346,7.92397122302158,6.92402358078602,7.14855072463768,7.52475734157651,7.4170251572327,151
"134",2014,1,7.36792452830189,53,7.69423076923077,7.0537037037037,6.61875,7.35416666666667,7.3719512195122,26,27,8,12,41,2449,1277,1172,146,659,1790,7.44442425479788,7.91929365700861,6.92701109215017,7.11952054794521,7.52165098634295,7.41599273743017,152
"135",2014,2,7.41,30,8.07692307692308,6.9,7,8,7.2625,13,17,3,6,24,2479,1290,1189,149,665,1814,7.4440076643808,7.92088217054263,6.92662489486964,7.11711409395973,7.52596691729323,7.41396196251378,153
"136",2014,3,7.03125,32,8.25,6.625,6,6.83333333333333,7.05172413793103,8,24,1,3,29,2511,1298,1213,150,668,1843,7.43874751095181,7.92291063174114,6.92065704863973,7.10966666666667,7.52285628742515,7.40826207270754,154
"137",2014,4,6.712,25,7.1,6.45333333333333,NA,6.16,6.85,10,15,0,5,20,2536,1308,1228,150,673,1863,7.43158320189274,7.91661926605504,6.9149486970684,7.10966666666667,7.51273105497771,7.40226892109501,155
"138",2014,5,7.47115384615385,26,8.71428571428571,7.01315789473684,6.75,8.5,7.38541666666667,7,19,4,2,24,2562,1315,1247,154,675,1887,7.43198477751756,7.92086539923954,6.91644506816359,7.10032467532468,7.5156562962963,7.40205458399576,156
"139",2014,6,6.78095238095238,21,7.0625,6.60769230769231,NA,6,6.82,8,13,0,1,20,2583,1323,1260,154,676,1907,7.42669183120403,7.91567498110355,6.91325952380952,7.10032467532468,7.51341420118343,7.39595018353435,157
"140",2014,7,6.72222222222222,18,5.77777777777778,7.66666666666667,7,9,6.58823529411765,9,9,2,1,17,2601,1332,1269,156,677,1924,7.42181660899654,7.90122972972973,6.91860283687943,7.09903846153846,7.51561004431315,7.38881340956341,158
"141",2014,8,7.09814814814815,27,7.76071428571429,6.38461538461539,7,6.73,7.18181818181818,14,13,1,5,22,2628,1346,1282,157,682,1946,7.41849124809741,7.89976820208024,6.9131879875195,7.0984076433121,7.5098504398827,7.38647327852004,159
"142",2014,9,6.97368421052632,19,7.25,6.84615384615385,5,6,7.02777777777778,6,13,2,1,18,2647,1352,1295,159,683,1964,7.41529845107669,7.89688461538461,6.91251505791505,7.07201257861635,7.50763982430454,7.38318584521385,160
"143",2014,10,7.13125,16,6.9375,7.325,6,6.66666666666667,7.23846153846154,8,8,1,3,13,2663,1360,1303,160,686,1977,7.4135918137439,7.89124117647059,6.91504758250192,7.0653125,7.50396209912537,7.38223419322205,161
"144",2014,11,7.12702702702703,37,7.76875,6.63809523809524,NA,6,7.22647058823529,16,21,0,3,34,2700,1376,1324,160,689,2011,7.40966481481481,7.88981686046511,6.91065483383686,7.0653125,7.49741364296081,7.37960069617106,162
"145",2014,12,7.00333333333333,30,7.71428571428571,6.38125,3.525,5.03333333333333,7.22222222222222,14,16,4,3,27,2730,1390,1340,164,692,2038,7.40519963369963,7.88804892086331,6.90433358208955,6.97896341463415,7.48673121387283,7.3775157016683,163
"146",2015,1,7.44634146341463,41,8.34375,6.872,7.1,8.33333333333333,7.196875,16,25,3,9,32,2771,1406,1365,167,701,2070,7.40580837242873,7.8932347083926,6.90374139194139,6.9811377245509,7.49760057061341,7.3747231884058,164
"147",2015,2,6.83714285714286,35,7.1,6.55882352941176,7.5,7.25,6.78387096774194,18,17,2,4,31,2806,1424,1382,169,705,2101,7.39871525302922,7.88320786516854,6.89949855282199,6.98727810650888,7.49619574468085,7.36600523560209,165
"148",2015,3,7.0875,32,7.8,6.71428571428571,7,8.35714285714286,6.732,11,21,3,7,25,2838,1435,1403,172,712,2126,7.39520613107822,7.8825700348432,6.89672630078403,6.9875,7.50466011235955,7.35854985888993,166
"149",2015,4,7.41851851851852,27,8,6.87857142857143,NA,10,7.212,13,14,0,2,25,2865,1448,1417,172,714,2151,7.39542582897033,7.88362430939226,6.89654693013408,6.9875,7.51164985994398,7.35684658298466,167
"150",2015,5,7.17037037037037,27,7.39166666666667,6.99333333333333,6.9,7.75,7.124,12,15,1,2,25,2892,1460,1432,173,716,2176,7.39332468879668,7.8795808219178,6.89756075418994,6.98699421965318,7.5123156424581,7.35417141544117,168
"151",2015,6,7.44444444444444,27,8.25,6.97058823529412,NA,10,7.34615384615385,10,17,0,1,26,2919,1470,1449,173,717,2202,7.39379753340185,7.88210068027211,6.89841752933057,6.98699421965318,7.51578521617852,7.35407674841053,169
"152",2015,7,7.44782608695652,23,8.38888888888889,6.84285714285714,6.16666666666667,7.875,7.35789473684211,9,14,3,4,19,2942,1479,1463,176,721,2221,7.39421991842284,7.8851845841785,6.89788585099111,6.97301136363636,7.51777808599168,7.35410941017559,170
"153",2015,8,7.18461538461538,26,7.8,6.73333333333333,NA,6.33333333333333,7.29565217391304,11,15,0,3,23,2968,1490,1478,176,724,2244,7.39238376010781,7.88455570469798,6.89621583220568,6.97301136363636,7.51287016574586,7.35351024955436,171
"154",2015,9,7.59142857142857,35,7.89411764705882,7.30555555555556,8,7,7.60882352941176,17,18,2,1,34,3003,1507,1496,178,725,2278,7.39470362970363,7.88466357000663,6.90114104278075,6.98455056179775,7.51216275862069,7.35732089552239,172
"155",2015,10,6.95,28,7.07857142857143,6.82142857142857,5,7.5,6.90769230769231,14,14,1,2,26,3031,1521,1510,179,727,2304,7.390595513032,7.87724391847468,6.90040198675496,6.97346368715084,7.51212929848693,7.35224696180555,173
"156",2015,11,7.82678571428571,28,8.31,7.55833333333333,NA,9.2,7.662,10,18,0,3,25,3059,1531,1528,179,730,2329,7.3945881006865,7.88007054212932,6.90815248691099,6.97346368715084,7.51906575342466,7.35557191927866,174
"157",2015,12,7.5546875,32,7.82352941176471,7.25,6.6875,8.875,7.46666666666667,17,15,4,2,30,3091,1548,1543,183,732,2359,7.39624555160142,7.8794496124031,6.91147569669475,6.9672131147541,7.52277049180328,7.35698473929631,175
"158",2016,1,6.77272727272727,44,7.15625,6.55357142857143,6.33333333333333,5.66666666666667,6.85365853658537,16,28,3,3,41,3135,1564,1571,186,735,2400,7.38749441786284,7.87205115089514,6.90509675366008,6.95698924731183,7.51519455782313,7.34838625,176
"159",2016,2,7.25,18,7.88888888888889,6.61111111111111,9,7.66666666666667,7.16666666666667,9,9,1,3,15,3153,1573,1580,187,738,2415,7.38670948303203,7.87214748887476,6.90342215189873,6.96791443850267,7.51581029810298,7.34725755693581,177
"160",2016,3,6.85,36,8.07692307692308,6.15652173913043,5.33333333333333,6.875,6.846875,13,23,3,4,32,3189,1586,1603,190,742,2447,7.38065067419253,7.87382597730138,6.89270555208983,6.94210526315789,7.51235579514825,7.34071393543114,178
"161",2016,4,7.71147058823529,34,7.91111111111111,7.486875,8.33333333333333,7.42857142857143,7.78481481481481,18,16,3,7,27,3223,1604,1619,193,749,2474,7.38414055228048,7.87424438902743,6.89857751698579,6.96373056994819,7.51157276368492,7.3455606305578,179
"162",2016,5,7.09642857142857,28,7.03125,7.18333333333333,7.5,6,7.18076923076923,16,12,2,2,26,3251,1620,1631,195,751,2500,7.3816625653645,7.86591851851852,6.90067259350092,6.96923076923077,7.50754727030626,7.3438468,180
"163",2016,6,7.78409090909091,22,7.97916666666667,7.55,8,8.58333333333333,7.65789473684211,12,10,1,3,19,3273,1632,1641,196,754,2519,7.38436755270394,7.86675122549019,6.90462949421084,6.97448979591837,7.5118275862069,7.34621556173084,181
"164",2016,7,6.95535714285714,28,7.67857142857143,6.71428571428571,NA,7.0625,6.9375,7,21,0,4,24,3301,1639,1662,196,758,2543,7.38072856710088,7.86594752898108,6.90222442839952,6.97448979591837,7.50945646437995,7.34235823830122,182
"165",2016,8,7.10434782608696,23,7.65,6.68461538461538,6,6.33333333333333,7.22,10,13,1,3,20,3324,1649,1675,197,761,2563,7.37881618531889,7.86463796240145,6.90053552238806,6.96954314720812,7.50481997371879,7.34140343347639,183
"166",2016,9,7.25694444444444,36,8.03333333333333,6.70238095238095,4.5,5.5,7.41666666666667,15,21,1,3,33,3360,1664,1696,198,764,2596,7.37751041666666,7.86615865384615,6.89808195754717,6.95707070707071,7.49694764397906,7.34236016949152,184
"167",2016,10,7.30285714285714,35,7.83333333333333,6.74117647058824,NA,6,7.425,18,17,0,3,32,3395,1682,1713,198,767,2628,7.37674079528719,7.86580737217598,6.89652481027437,6.95707070707071,7.4910925684485,7.34336643835616,185
"168",2016,11,7.40243902439024,41,7.86842105263158,7,7.5,7,7.45833333333333,19,22,2,5,36,3436,1701,1735,200,772,2664,7.37704743888242,7.86583656672545,6.89783688760807,6.9625,7.48791191709845,7.34492004504504,186
"169",2016,12,7.35945945945946,37,7.94117647058824,6.865,7,7.75,7.33714285714286,17,20,4,2,35,3473,1718,1755,204,774,2699,7.37686006334581,7.86658207217695,6.89746267806268,6.96323529411765,7.48858914728682,7.34481919229344,187
"170",2017,1,7.004,40,7.58333333333333,6.53,6.33333333333333,5.27666666666667,7.30882352941176,18,22,3,6,34,3513,1736,1777,207,780,2733,7.3726145744378,7.86364516129032,6.89291333708497,6.95410628019324,7.47157435897436,7.34437138675448,188
"171",2017,2,7.112,25,7.13636363636364,7.09285714285714,6,7,7.11666666666667,11,14,2,1,24,3538,1747,1791,209,781,2757,7.37077303561334,7.85906582713222,6.89447627024009,6.94497607655502,7.47097055057619,7.3423891911498,189
"172",2017,3,7.01896551724138,29,7,7.03928571428571,6.5,6.875,7.042,15,14,2,4,25,3567,1762,1805,211,785,2782,7.36791281188674,7.851752553916,6.89559944598338,6.94075829383886,7.46793375796179,7.33968979151689,190
"173",2017,4,7.375,36,7.88888888888889,6.86111111111111,8,7.33333333333333,7.37878787878788,18,18,2,3,33,3603,1780,1823,213,788,2815,7.36798362475714,7.85212808988764,6.89525891387822,6.95070422535211,7.46742131979696,7.34014813499112,191
"174",2017,5,6.88,25,7.54545454545455,6.35714285714286,5.66666666666667,4.5,7.33333333333333,11,14,3,4,21,3628,1791,1837,216,792,2836,7.3646210033076,7.8502445561139,6.89115786608601,6.93287037037037,7.45243434343435,7.34009767277856,192
"175",2017,6,6.84117647058823,17,7.33333333333333,6.57272727272727,NA,6,7.02142857142857,6,11,0,3,14,3645,1797,1848,216,795,2850,7.36217969821673,7.84851864218141,6.88926244588744,6.93287037037037,7.4469534591195,7.33853228070175,193
"176",2017,7,7.06666666666667,30,7.68421052631579,6,NA,6.6,7.16,19,11,0,5,25,3675,1816,1859,216,800,2875,7.35976734693877,7.84679955947136,6.88400053792361,6.93287037037037,7.44166,7.33697982608695,194
"177",2017,8,7.1875,32,7.35714285714286,7.05555555555556,7,5,7.33333333333333,14,18,4,2,30,3707,1830,1877,220,802,2905,7.35828028055031,7.84305355191257,6.88564571124134,6.93409090909091,7.4355710723192,7.33694216867469,195
"178",2017,9,6.92238095238095,21,7.20777777777778,6.70833333333333,NA,8,6.8685,9,12,0,1,20,3728,1839,1889,220,803,2925,7.35582483905579,7.83994453507341,6.8845193223928,6.93409090909091,7.43627397260274,7.33373914529914,196
"179",2017,10,7.52692307692308,26,7.85,7.25,NA,8.25,7.46666666666667,12,14,0,2,24,3754,1851,1903,220,805,2949,7.35700985615343,7.84000972447326,6.88720809248555,6.93409090909091,7.43829565217391,7.33482095625635,197
"180",2017,11,7.21551724137931,29,6.78125,7.38095238095238,7,5,7.37962962962963,8,21,3,2,27,3783,1859,1924,223,807,2976,7.35592519164684,7.83545346960731,6.89259719334719,6.93497757847534,7.43225278810409,7.33522748655914,198
"181",2017,12,7.07272727272727,33,7.58181818181818,6.81818181818182,7,8.1,6.88928571428571,11,22,1,5,28,3816,1870,1946,224,812,3004,7.35347615303983,7.8339614973262,6.89175590955806,6.93526785714286,7.43636453201971,7.33107090545938,199
"182",2018,1,7.21111111111111,45,7.72222222222222,6.44444444444444,6,7.83333333333333,7.16666666666667,27,18,2,3,42,3861,1897,1964,226,815,3046,7.35181688681688,7.83237111228255,6.88765631364562,6.92699115044248,7.43782576687117,7.32880400525279,200
"183",2018,2,6.7962962962963,27,7.61111111111111,6.38888888888889,8.25,7.25,6.66666666666667,9,18,2,6,21,3888,1906,1982,228,821,3067,7.34795910493827,7.83132633788038,6.88312663975782,6.93859649122807,7.43645310596833,7.32427029670688,201
"184",2018,3,7.84090909090909,22,7.8,7.875,NA,NA,7.84090909090909,10,12,0,0,22,3910,1916,1994,228,821,3089,7.35073273657289,7.83116283924843,6.88909578736208,6.93859649122807,7.43645310596833,7.32794982194885,202
"185",2018,4,6.81481481481481,27,8,5.53846153846154,NA,10,6.69230769230769,14,13,0,1,26,3937,1930,2007,228,822,3115,7.34705740411481,7.83238756476684,6.88034728450423,6.93859649122807,7.43957177615572,7.32264430176565,203
"186",2018,5,7.04761904761905,21,7,7.07142857142857,6,8,7,7,14,1,1,20,3958,1937,2021,229,823,3135,7.34546867104598,7.829379452762,6.88167095497278,6.93449781659389,7.44025273390037,7.32058596491228,204
"187",2018,6,7.27857142857143,28,7.95833333333333,6.76875,NA,6.5,7.33846153846154,12,16,0,2,26,3986,1949,2037,229,825,3161,7.34499874560963,7.83017342226783,6.88078399607265,6.93449781659389,7.43797333333333,7.32073299588737,205
"188",2018,7,7.3875,24,7.58,7.25,10,8,7.33181818181818,10,14,1,2,22,4010,1959,2051,230,827,3183,7.34525311720698,7.82889637570189,6.88330424183325,6.94782608695652,7.43933252720677,7.3208096135721,206
"189",2018,8,6.89130434782609,23,7,6.85294117647059,7.25,6,7.025,6,17,2,3,20,4033,1965,2068,232,830,3203,7.34266426977436,7.82636539440203,6.88305464216634,6.95043103448276,7.43413012048193,7.31896253512332,207
"190",2018,9,6.83333333333333,15,7.41666666666667,6.44444444444444,7,7.16666666666667,6.75,6,9,1,3,12,4048,1971,2077,233,833,3215,7.34077692687747,7.82511821410451,6.88115406836783,6.95064377682403,7.4331668667467,7.31683888024883,208
"191",2018,10,6.905,20,6.75,6.94375,NA,6.25,7.06875,4,16,0,4,16,4068,1975,2093,233,837,3231,7.33863446411012,7.82294075949367,6.88163258480649,6.95064377682403,7.42751254480287,7.31561033735685,209
"192",2018,11,7,32,7.65,6.70454545454545,8,7.75,6.95,10,22,2,2,30,4100,1985,2115,235,839,3261,7.33599146341463,7.82206952141058,6.87979054373522,6.95957446808511,7.42828128724672,7.31224685679239,210
"193",2018,12,6.9670834375,32,7.43592611111111,6.36428571428571,NA,7.2,6.93380964285714,18,14,0,4,28,4132,2003,2129,235,843,3289,7.33313447967086,7.81859943584623,6.87640065758572,6.95957446808511,7.42719810201661,7.30902513529948,211
"194",2019,1,6.9375,40,7.375,6.64583333333333,7,6.83333333333333,6.95588235294118,16,24,1,6,34,4172,2019,2153,236,849,3323,7.32934124400767,7.81508403665181,6.87383046911286,6.95974576271186,7.4230011778563,7.30541187782124,212
"195",2019,2,6.82,25,7.35,6.46666666666667,NA,7.33333333333333,6.75,10,15,0,3,22,4197,2029,2168,236,852,3345,7.32630728377412,7.81279185312962,6.87101337638376,6.95974576271186,7.42268544600939,7.30175894469357,213
"196",2019,3,7.40625,32,7.9125,6.5625,9,6.65,7.5462962962963,20,12,1,5,27,4229,2049,2180,237,857,3372,7.32691219437219,7.81376509028794,6.86931513761468,6.96835443037975,7.41817736289382,7.30371698398576,214
"197",2019,4,7.06551724137931,29,7.61,6.77894736842105,8,NA,7.06551724137931,10,19,1,0,29,4258,2059,2199,238,857,3401,7.32513190934711,7.81277545896066,6.86853433378808,6.97268907563025,7.41817736289382,7.30168587768303,215
"198",2019,5,6.88636363636364,22,7.68181818181818,6.09090909090909,7.5,8.125,6.61111111111111,11,11,2,4,18,4280,2070,2210,240,861,3419,7.32287655841121,7.81207955072464,6.86466380090497,6.97708333333333,7.42146109175378,7.29805021058789,216
"199",2019,6,7.19473684210526,19,8,6.0875,6,7.75,7.04666666666667,11,8,1,4,15,4299,2081,2218,241,865,3434,7.32231022795999,7.81307288322922,6.86186068530207,6.97302904564315,7.42298034682081,7.2969521461852,217
"200",2019,7,7.016074,30,7.64285714285714,6.82531391304348,8.01111,7.115,7.00085461538462,7,23,2,4,26,4329,2088,2241,243,869,3460,7.32018800877801,7.81250223659004,6.86148559571619,6.9815729218107,7.42156271576525,7.29472713583815,218
"201",2019,8,7.35925925925926,27,7.48823529411765,7.14,NA,7.375,7.35652173913043,17,10,0,4,23,4356,2105,2251,243,873,3483,7.32043018595041,7.80988345368171,6.86272288760551,6.9815729218107,7.42134936998855,7.29513519666953,219
"202",2019,9,7.17241379310345,29,7.44615384615385,6.95,5,7.26,7.15416666666667,13,16,1,5,24,4385,2118,2267,244,878,3507,7.31945128620296,7.80765093012276,6.8633388707543,6.97345172131148,7.420430523918,7.29417048474479,220
"203",2019,10,6.825,20,7.1,6.55,NA,6.5,6.86111111111111,10,10,0,2,18,4405,2128,2277,244,880,3525,7.31720633144154,7.80432550281955,6.86196276679842,6.97345172131148,7.41833863636364,7.29195911773049,221
"204",2019,11,7.05769230769231,26,7.8,6.04545454545455,7,6.5,7.08,15,11,1,1,25,4431,2143,2288,245,881,3550,7.31568356804333,7.80429522631824,6.85803724650349,6.97356008163265,7.41729625425653,7.29046644788732,222
"205",2019,12,6.61666666666667,36,7.6,6.184,6,7.025,6.565625,11,25,1,4,32,4467,2154,2313,246,885,3582,7.3100501208865,7.80325193593315,6.85075193255512,6.9696025203252,7.41552316384181,7.28399103573422,223
"206",2020,1,7.16976744186046,43,7.40909090909091,6.91904761904762,6.4,7,7.19210526315789,22,21,1,5,38,4510,2176,2334,247,890,3620,7.30871261419069,7.79926685202206,6.85136641816623,6.96729643724696,7.41318876404495,7.28302648895027,224
"207",2020,2,7.00769230769231,39,7.35714285714286,6.812,6.5,8.5,6.92702702702703,14,25,4,2,37,4549,2190,2359,251,892,3657,7.30613187293911,7.79644048858447,6.85094922424756,6.95984948207171,7.41562556053812,7.27942463494667,225
"208",2020,3,7.04357142857143,28,7.97666666666667,6.34375,5.75,6.6,7.14,12,16,2,5,23,4577,2202,2375,253,897,3680,7.30452564780424,7.7974226475931,6.84753230315789,6.95028545454546,7.41107915273133,7.27855323097826,226
"209",2020,4,6.96363636363636,22,7.28571428571429,6.81333333333333,8,NA,6.96363636363636,7,15,1,0,22,4599,2209,2390,254,897,3702,7.30289495325071,7.79580111815301,6.84731766527196,6.95441818897638,7.41107915273133,7.2766817639114,227
"210",2020,5,7.2,25,7.45454545454545,7,7.5,7,7.21739130434783,11,14,1,2,23,4624,2220,2404,255,899,3725,7.30233864403114,7.79411021171171,6.84820683028286,6.9565577254902,7.41016462736374,7.27631567516778,228
"211",2020,6,7.22333333333333,30,7.33333333333333,7.17619047619048,5,6,7.26551724137931,9,21,1,1,29,4654,2229,2425,256,900,3754,7.30182937043403,7.79224973979363,6.85104710103093,6.948914921875,7.40859777777778,7.27623225625999,229
"212",2020,7,7.382,25,7.26785714285714,7.52727272727273,NA,8,7.32826086956522,14,11,0,2,23,4679,2243,2436,256,902,3777,7.30225772387262,7.78897666963887,6.85410066502463,6.948914921875,7.40990909090909,7.27654908392904,230
"213",2020,8,6.94307692307692,26,7.31,6.833,6.5,5.5,7.06333333333333,6,20,1,2,24,4705,2249,2456,257,904,3801,7.30027287778958,7.78769883059137,6.85392883550488,6.94716817120623,7.40568362831859,7.27520281241778,231
"214",2020,9,6.8125,28,7.26923076923077,6.41666666666667,5.125,6.5,6.83653846153846,13,15,2,2,26,4733,2262,2471,259,906,3827,7.29738725755335,7.7847191290893,6.85127447187373,6.93309737451738,7.40368432671082,7.27222259994774,232
"215",2020,10,7.23214285714286,28,7.28571428571429,7.17857142857143,NA,8,7.17307692307692,14,14,0,2,26,4761,2276,2485,259,908,3853,7.29700354757404,7.78164967926186,6.85311839839034,6.93309737451738,7.40499779735683,7.27155356605242,233
"216",2020,11,7.24666666666667,30,7.43125,7.03571428571429,NA,6.25,7.31785714285714,16,14,0,2,28,4791,2292,2499,259,910,3881,7.29668835107493,7.77920360820244,6.85414134453781,6.93309737451738,7.40245934065934,7.27188762947694,234
"217",2020,12,7.3,30,7.95454545454545,6.92105263157895,NA,NA,7.3,11,19,0,0,30,4821,2303,2518,259,910,3911,7.29670895872226,7.78004110725141,6.85464623510723,6.93309737451738,7.40245934065934,7.27210327026336,235
"218",2021,1,7.12121212121212,33,7.73529411764706,6.46875,8.5,8,7.03333333333333,17,16,2,3,30,4854,2320,2534,261,913,3941,7.29551584054388,7.77971321982759,6.85220963693765,6.94510429118774,7.40442278203724,7.27028568637401,236
"219",2021,2,7.5178668,25,8.36833375,7.11764705882353,4,8,7.49777791666667,8,17,1,1,24,4879,2328,2551,262,914,3965,7.29665516704242,7.78173597079038,6.85397852606821,6.9338634351145,7.40507439824946,7.27166268852459,237
"220",2021,3,7.56247826086957,23,8.22272727272727,6.95725,7.1435,6.287,7.62045454545455,11,12,2,1,22,4902,2339,2563,264,915,3987,7.29790239902081,7.78380989311672,6.85446204447912,6.93545159090909,7.4038524590164,7.27358729872084,238
"221",2021,4,6.9,20,7.88888888888889,6.09090909090909,6.5,NA,6.9,9,11,1,0,20,4922,2348,2574,265,915,4007,7.29628556684274,7.78421266609881,6.851198997669,6.93380837735849,7.4038524590164,7.27172262540554,239
"222",2021,5,7.44444444444444,27,8.06666666666667,6.66666666666667,8,8,7.375,15,12,1,3,24,4949,2363,2586,266,918,4031,7.29709386946858,7.78600564536606,6.85034269914926,6.93781661654135,7.40580065359477,7.27233752418754,240
"223",2021,6,7.19090909090909,22,8,6.81333333333333,6.55,4.25,7.485,7,15,4,2,20,4971,2370,2601,270,920,4051,7.29662393079863,7.78663769620253,6.85012926566705,6.93207118518519,7.39894021739131,7.27338745001234,241
"224",2021,7,7.19090909090909,22,7.57,6.875,5.5,8,7.15238095238095,10,12,2,1,21,4993,2380,2613,272,921,4072,7.29615813338674,7.78572745378151,6.85024348258706,6.92154125,7.39959283387622,7.27276339882122,242
"225",2021,8,7.55769230769231,26,8.05,7.25,NA,8,7.54,10,16,0,1,25,5019,2390,2629,272,922,4097,7.29751296274158,7.78683319665272,6.85267638645873,6.92154125,7.40024403470716,7.27439408347571,243
"226",2021,9,7.5,27,7.94444444444444,7.27777777777778,8.5,7.8,7.43181818181818,9,18,2,5,22,5046,2399,2647,274,927,4119,7.298596424891,7.78742448520217,6.85556714015867,6.93306284671533,7.40240021574973,7.27523490167516,244
"227",2021,10,7.28611111111111,36,7.22352941176471,7.34210526315789,7.5,9.33333333333333,7.1,17,19,2,3,33,5082,2416,2666,276,930,4152,7.2985079811098,7.78345668046358,6.85903459114779,6.93717108695652,7.40862903225807,7.27384213872832,245
"228",2021,11,6.93142857142857,35,7.5375,6.42105263157895,7,7.5,6.85806451612903,16,19,1,4,31,5117,2432,2685,277,934,4183,7.295997178034,7.78183854440789,6.85593527746741,6.93739790613718,7.40902034261242,7.2707608319388,246
"229",2021,12,7.16511627906977,43,7.29411764705882,7.08076923076923,6.7,7.6,7.15476190476191,17,26,2,1,42,5160,2449,2711,279,935,4225,7.29490650387597,7.77845297672519,6.85809156030985,6.93569612903226,7.40922459893048,7.26960770650887,247
"230",2022,1,7.32555555555556,45,7.63333333333333,7.05625,4,7,7.37564102564103,21,24,1,6,39,5205,2470,2735,280,941,4264,7.29517148126801,7.7772191659919,6.85983042778793,6.9252115,7.40661530286929,7.27057752345216,248
"231",2022,2,7.18484848484848,33,7.9,6.65789473684211,1,7.52,7.125,14,19,1,5,28,5238,2484,2754,281,946,4292,7.29447643375334,7.77791116747182,6.85843726216412,6.90412533807829,7.40721458773785,7.26962780987884,249
"232",2022,3,7.14411764705882,34,6.81052631578947,7.56666666666667,7,9,7.08787878787879,19,15,2,1,33,5272,2503,2769,283,947,4325,7.29350674506828,7.77056785457451,6.86227382448537,6.9048028975265,7.40889651531151,7.26824105433526,250
"233",2022,4,7.475,32,7.68,7.29411764705882,NA,8,7.45806451612903,15,17,0,1,31,5304,2518,2786,283,948,4356,7.29460172699849,7.77002833200953,6.86490890882986,6.9048028975265,7.4095200421941,7.26959195592286,251
"234",2022,5,7.16333333333333,30,7.54166666666667,6.91111111111111,7.66666666666667,7.625,7.09230769230769,12,18,3,4,26,5334,2530,2804,286,952,4382,7.29386343457068,7.76894519367589,6.86520549928673,6.91279447552448,7.41042542016807,7.26854006389776,252
"235",2022,6,6.9,30,6.9,6.9,7.5,6.66666666666667,6.92592592592593,15,15,2,3,27,5364,2545,2819,288,955,4409,7.29166061894109,7.76382370923379,6.86539064207166,6.91687229166667,7.40808900523561,7.26644195055568,253
"236",2022,7,7.425,20,7.95,6.9,NA,NA,7.425,10,10,0,0,20,5384,2555,2829,288,955,4429,7.29215593610698,7.76455238356164,6.86551297985154,6.91687229166667,7.40808900523561,7.26715794987582,254
"237",2022,8,7.275,24,6.79166666666667,7.75833333333333,7,8.5,7.16363636363636,12,12,1,2,22,5408,2567,2841,289,957,4451,7.29207980029585,7.7600044176081,6.86928413234776,6.91715993079585,7.4103709508882,7.2666462727477,255
"238",2022,9,7.15384615384615,26,7.78571428571429,6.41666666666667,6.5,7,7.17391304347826,14,12,1,3,23,5434,2581,2853,290,960,4474,7.29141839528892,7.76014387446726,6.86738037854889,6.91572144827586,7.40908854166667,7.26616954850246,256
"239",2022,10,6.93939393939394,33,7.13333333333333,6.77777777777778,7,8,6.83333333333333,15,18,1,3,30,5467,2596,2871,291,963,4504,7.28929349917688,7.75652208782743,6.86681860675723,6.9160110652921,7.41092938733126,7.26328653641208,257
"240",2022,11,6.86976744186047,43,7.20526315789474,6.60416666666667,NA,6.56666666666667,6.91891891891892,19,24,0,6,37,5510,2615,2895,291,969,4541,7.28601952087114,7.75251676481836,6.86464118134715,6.9160110652921,7.40570175438597,7.26048063422154,258
"241",2022,12,7.27560975609756,41,8.05333333333333,6.82692307692308,7.5,6,7.45277777777778,15,26,2,5,36,5551,2630,2921,293,974,4577,7.28594263375968,7.7542324486692,6.86430545018829,6.91999733788396,7.39848562628337,7.26199313087175,259
