"","year","month","avg_rating","no_ratings","avg_rating_owned","avg_rating_not_owned","avg_rating_prev_owned","avg_rating_comment","avg_rating_no_comment","no_ratings_owned","no_ratings_not_owned","no_ratings_prev_owned","no_ratings_comment","no_ratings_no_comment","cum_no_ratings","cum_no_ratings_owned","cum_no_ratings_not_owned","cum_no_ratings_prev_owned","cum_no_ratings_comment","cum_no_ratings_no_comment","cum_avg_rating","cum_avg_rating_owned","cum_avg_rating_not_owned","cum_avg_rating_prev_owned","cum_avg_rating_comment","cum_avg_rating_no_comment","month_after_release"
"1",2004,10,8,5,8,8,NA,8,8,3,2,0,4,1,5,3,2,0,4,1,8,8,8,NA,8,8,0
"2",2004,11,7.80952380952381,21,8.06666666666667,7.16666666666667,NA,7.66666666666667,7.91666666666667,15,6,0,9,12,26,18,8,0,13,13,7.84615384615385,8.05555555555556,7.375,NA,7.76923076923077,7.92307692307692,1
"3",2004,12,7.71428571428571,14,8.11111111111111,7,NA,7.6875,7.75,9,5,0,8,6,40,27,13,0,21,19,7.8,8.07407407407407,7.23076923076923,NA,7.73809523809524,7.86842105263158,2
"4",2005,1,7.640625,16,8.02083333333333,6.5,NA,7.83333333333333,7.525,12,4,0,6,10,56,39,17,0,27,29,7.75446428571429,8.05769230769231,7.05882352941176,NA,7.75925925925926,7.75,3
"5",2005,2,6.75,10,7.14285714285714,5.83333333333333,NA,6.7,6.8,7,3,0,5,5,66,46,20,0,32,34,7.60227272727273,7.91847826086957,6.875,NA,7.59375,7.61029411764706,4
"6",2005,3,6.45,10,7.41666666666667,5,7,6.08333333333333,7,6,4,1,6,4,76,52,24,1,38,38,7.45065789473684,7.86057692307692,6.5625,7,7.35526315789474,7.54605263157895,5
"7",2005,4,6.78260869565217,23,7.7,6.07692307692308,NA,6.25,7.06666666666667,10,13,0,8,15,99,62,37,1,46,53,7.29545454545455,7.83467741935484,6.39189189189189,7,7.16304347826087,7.41037735849057,6
"8",2005,5,7.15384615384615,13,7.6,6.875,6.5,7,7.4,5,8,2,8,5,112,67,45,3,54,58,7.27901785714286,7.81716417910448,6.47777777777778,6.66666666666667,7.13888888888889,7.40948275862069,7
"9",2005,6,7.41428571428571,14,7.7875,6.91666666666667,7.5,7.75,7.28,8,6,2,4,10,126,75,51,5,58,68,7.29404761904762,7.814,6.52941176470588,7,7.18103448275862,7.39044117647059,8
"10",2005,7,7.08333333333333,12,7.27777777777778,6.5,NA,7,7.11111111111111,9,3,0,3,9,138,84,54,5,61,77,7.27572463768116,7.75654761904762,6.52777777777778,7,7.17213114754098,7.35779220779221,9
"11",2005,8,7.2,15,7.33333333333333,7,7.25,7.0625,7.35714285714286,9,6,2,8,7,153,93,60,7,69,84,7.26830065359477,7.71559139784946,6.575,7.07142857142857,7.15942028985507,7.3577380952381,10
"12",2005,9,7,8,7,7,7,7,7,4,4,1,3,5,161,97,64,8,72,89,7.25496894409938,7.6860824742268,6.6015625,7.0625,7.15277777777778,7.3376404494382,11
"13",2005,10,7.07407407407407,27,7.5,6.61538461538461,8,6.375,7.36842105263158,14,13,1,8,19,188,111,77,9,80,108,7.22898936170213,7.66261261261261,6.6038961038961,7.16666666666667,7.075,7.34305555555556,12
"14",2005,11,7.24285714285714,21,7.77692307692308,6.375,6.66666666666667,7.4,7.19375,13,8,3,5,16,209,124,85,12,85,124,7.23038277511962,7.67459677419355,6.58235294117647,7.04166666666667,7.09411764705882,7.32379032258064,13
"15",2005,12,6.98484848484848,33,7.19047619047619,6.625,8,6.8,7.13888888888889,21,12,3,15,18,242,145,97,15,100,142,7.19690082644628,7.60448275862069,6.58762886597938,7.23333333333333,7.05,7.30035211267606,14
"16",2006,1,7.15722222222222,36,7.768,6.39375,7.1,6.62,7.54095238095238,20,16,5,15,21,278,165,113,20,115,163,7.19176258992806,7.62430303030303,6.56017699115044,7.2,6.99391304347826,7.33134969325153,15
"17",2006,2,7.11538461538461,13,7.25,6.9,NA,7.375,7,8,5,0,4,9,291,173,118,20,119,172,7.18835051546392,7.60699421965318,6.57457627118644,7.2,7.00672268907563,7.31401162790698,16
"18",2006,3,7.19230769230769,13,7.5,6.5,NA,7.33333333333333,7.07142857142857,9,4,0,6,7,304,182,122,20,125,179,7.1885197368421,7.6017032967033,6.57213114754098,7.2,7.0224,7.3045251396648,17
"19",2006,4,7.27333333333333,15,7.35454545454545,7.05,NA,7.2625,7.28571428571429,11,4,0,8,7,319,193,126,20,133,186,7.1925078369906,7.58761658031088,6.58730158730159,7.2,7.03684210526316,7.30381720430108,18
"20",2006,5,7.14285714285714,14,7.3,6.75,NA,6.6,7.44444444444444,10,4,0,5,9,333,203,130,20,138,195,7.19042042042042,7.57344827586207,6.59230769230769,7.2,7.02101449275362,7.31030769230769,19
"21",2006,6,6.85,10,7.66666666666667,6.5,7,7.33333333333333,6.64285714285714,3,7,1,3,7,343,206,137,21,141,202,7.18049562682216,7.57480582524272,6.58759124087591,7.19047619047619,7.02765957446808,7.28717821782178,20
"22",2006,7,7.44117647058824,17,7.95,6.71428571428571,8,6.91666666666667,7.72727272727273,10,7,1,6,11,360,216,144,22,147,213,7.19280555555556,7.59217592592593,6.59375,7.22727272727273,7.02312925170068,7.30990610328638,21
"23",2006,8,6.65277777777778,18,7.42857142857143,6.15909090909091,7.625,7.07142857142857,6.38636363636364,7,11,2,7,11,378,223,155,24,154,224,7.16708994708995,7.5870403587444,6.56290322580645,7.26041666666667,7.02532467532467,7.26455357142857,22
"24",2006,9,6.5,22,7,6.21428571428571,7,6.09090909090909,6.90909090909091,8,14,1,11,11,400,231,169,25,165,235,7.1304,7.56670995670996,6.53402366863905,7.25,6.9630303030303,7.24791489361702,23
"25",2006,10,6.96570833333333,24,6.98881818181818,6.94615384615385,7,7.04336363636364,6.9,11,13,1,11,13,424,242,182,26,176,248,7.12107783018868,7.54044214876033,6.56346153846154,7.24038461538461,6.96805113636364,7.22967741935484,24
"26",2006,11,6.39411764705882,17,7.0625,5.8,7.5,5.83333333333333,6.7,8,9,1,6,11,441,250,191,27,182,259,7.09305442176871,7.525148,6.52748691099476,7.25,6.93064285714286,7.20718146718147,25
"27",2006,12,6.66666666666667,30,7.26315789473684,5.63636363636364,7,7.125,6.5,19,11,2,8,22,471,269,202,29,190,281,7.06589596602972,7.50664312267658,6.4789603960396,7.23275862068965,6.93882631578947,7.15181494661922,26
"28",2007,1,7.21923076923077,26,7.63888888888889,6.275,5.875,7.22222222222222,7.21764705882353,18,8,4,9,17,497,287,210,33,199,298,7.07391750503018,7.51493728222997,6.47119047619048,7.06818181818182,6.9516432160804,7.15557046979866,27
"29",2007,2,6.76952789473684,19,7.04545454545455,6.39012875,NA,6.8,6.758645,11,8,0,5,14,516,298,218,33,204,312,7.06270936046512,7.49760738255034,6.46821573394495,7.06818181818182,6.94792647058823,7.13775971153846,28
"30",2007,3,7.225,20,7.25,7.2,6.66666666666667,6.58333333333333,7.5,10,10,3,6,14,536,308,228,36,210,326,7.06876498134328,7.48956818181818,6.50031153508772,7.03472222222222,6.93750952380952,7.15331604294478,29
"31",2007,4,6.44565217391304,23,6.85416666666667,6,7,6.36111111111111,6.5,12,11,1,9,14,559,320,239,37,219,340,7.04312706618962,7.465740625,6.47728464435146,7.03378378378378,6.91382191780822,7.12641479411765,30
"32",2007,5,6.89285714285714,14,6.875,6.91666666666667,6.75,6.64285714285714,7.14285714285714,8,6,2,7,7,573,328,245,39,226,347,7.03945554973822,7.45133231707317,6.48804502040816,7.01923076923077,6.90542920353982,7.12674648414986,31
"33",2007,6,6.86129032258065,31,6.91578947368421,6.775,5,6.66666666666667,6.94090909090909,19,12,1,9,22,604,347,257,40,235,369,7.03031130794702,7.42200864553314,6.50144369649805,6.96875,6.89628510638298,7.11566674796748,32
"34",2007,7,7.34210526315789,19,7.53125,6.33333333333333,6.5,7.54166666666667,7,16,3,2,12,7,623,363,260,42,247,376,7.03982027287319,7.42682369146006,6.49950396153846,6.94642857142857,6.92763967611336,7.11351337765957,33
"35",2007,8,7.325,20,6.75,7.70833333333333,7,7,7.40625,8,12,1,4,16,643,371,272,43,251,392,7.04869055987558,7.41222911051213,6.55283466911765,6.94767441860465,6.92879282868526,7.12546181122449,34
"36",2007,9,6.68695652173913,23,7.21818181818182,6.2,6.83333333333333,6.64285714285714,6.70625,11,12,3,7,16,666,382,284,46,258,408,7.03619824324324,7.40664136125655,6.53792616197183,6.94021739130435,6.92103488372093,7.10902213235294,35
"37",2007,10,6.725,20,6.81818181818182,6.61111111111111,7,7.125,6.625,11,9,1,4,16,686,393,293,47,262,424,7.02712540816327,7.39017048346056,6.54017416382253,6.94148936170213,6.92414885496183,7.09075714622641,36
"38",2007,11,6.91176470588235,17,7.33333333333333,6.4375,NA,7.2,6.79166666666667,9,8,0,5,12,703,402,301,47,267,436,7.02433574679943,7.38889800995025,6.53744528239203,6.94148936170213,6.92931460674157,7.08252529816514,37
"39",2007,12,6.47586206896552,29,6.77272727272727,6.29444444444444,6.2,6.26923076923077,6.64375,11,18,5,13,16,732,413,319,52,280,452,7.00260659836066,7.37248668280872,6.52373363636364,6.87019230769231,6.89866785714286,7.06699342920354,38
"40",2008,1,6.59615384615385,26,7.11538461538461,6.07692307692308,6,6.08333333333333,7.03571428571429,13,13,2,12,14,758,426,332,54,292,466,6.98866494722955,7.36464084507042,6.50623804216867,6.83796296296296,6.86516095890411,7.06605371244635,39
"41",2008,2,6.69411764705882,17,6.92857142857143,6.53,8,6.55555555555556,6.85,7,10,1,9,8,775,433,342,55,301,474,6.98220390967742,7.35759122401848,6.50693283625731,6.85909090909091,6.85590365448505,7.06240723628692,40
"42",2008,3,6.5046875,16,6.821875,6.1875,7,7.125,6.36153846153846,8,8,2,3,13,791,441,350,57,304,487,6.97254491782554,7.34787301587302,6.49963151428572,6.8640350877193,6.85855921052632,7.04369821355236,41
"43",2008,4,6.4,10,7.16666666666667,5.25,6,7,6.33333333333333,6,4,1,1,9,801,447,354,58,305,496,6.9653970411985,7.34544071588367,6.48551138418079,6.84913793103448,6.85902295081967,7.03080852822581,42
"44",2008,5,6.26315789473684,19,7.1,5.65454545454545,6,6.29166666666667,6.21428571428571,8,11,1,12,7,820,455,365,59,317,503,6.94912564634146,7.34112527472528,6.46046857534247,6.83474576271186,6.83754574132492,7.01944538767396,43
"45",2008,6,6.82142857142857,14,7.35714285714286,6.28571428571429,7.5,7.25,6.5,7,7,2,6,8,834,462,372,61,323,511,6.94698205035971,7.34136796536797,6.45718018817204,6.85655737704918,6.84520743034056,7.0113131702544,44
"46",2008,7,6.884375,32,7.175,6.59375,6.75,6.95,6.82647058823529,16,16,12,15,17,866,478,388,73,338,528,6.94466862586605,7.33579916317992,6.46281193298969,6.83904109589041,6.84985798816568,7.00536179924242,45
"47",2008,8,7.12,25,7.46153846153846,6.75,6.5,7.5,7,13,12,4,6,19,891,491,400,77,344,547,6.9495881369248,7.3391283095723,6.471427575,6.82142857142857,6.8611976744186,7.00517555758684,46
"48",2008,9,6.45454545454545,11,6.66666666666667,6.2,6.33333333333333,6.33333333333333,6.5,6,5,3,3,8,902,497,405,80,347,555,6.94355103104213,7.33101006036217,6.46807661728395,6.803125,6.85663400576369,6.99789374774775,47
"49",2008,10,6.95,24,7.4375,6.70625,6.75,6.77272727272727,7.1,8,16,6,11,13,926,505,421,86,358,568,6.943718174946,7.33269702970297,6.47712833729216,6.79941860465116,6.85405586592179,7.00023068661972,48
"50",2008,11,6.39545454545455,22,7.07777777777778,5.92307692307692,5.78571428571429,5.78571428571429,6.68,9,13,7,7,15,948,514,434,93,365,583,6.93099475738397,7.32823346303502,6.46053232718894,6.72311827956989,6.83356712328767,6.99199147512865,49
"51",2008,12,6.26923076923077,13,6.125,6.5,6.5,7,6.13636363636364,8,5,3,2,11,961,522,439,96,367,594,6.92204269510926,7.30979310344828,6.46098184510251,6.71614583333333,6.83447411444142,6.97614651515152,50
"52",2009,1,6.61111111111111,36,7.26923076923077,6.23913043478261,6.46428571428571,6.46875,6.725,13,23,14,16,20,997,535,462,110,383,614,6.91081547642929,7.30880747663551,6.44993729437229,6.68409090909091,6.81919582245431,6.96796584690554,51
"53",2009,2,6.71176470588235,34,7.21666666666667,6.43636363636364,6.86666666666667,7.15,6.65333333333333,12,22,6,4,30,1031,547,484,116,387,644,6.90425124151309,7.30678610603291,6.44932030991736,6.69353448275862,6.8226149870801,6.95330905279503,52
"54",2009,3,6.53513513513514,37,7.08666666666667,6.15909090909091,6.3,6.44615384615385,6.58333333333333,15,22,8,13,24,1068,562,506,124,400,668,6.89146351123596,7.30091103202847,6.43670164031621,6.66814516129032,6.81038,6.94001651197605,53
"55",2009,4,6.4469387755102,49,7.51923076923077,6.05972222222222,6.04444444444444,6.375,6.4609756097561,13,36,9,8,41,1117,575,542,133,408,709,6.8719633213966,7.30584695652174,6.41166241697417,6.62593984962406,6.8018431372549,6.91231456981664,54
"56",2009,5,6.92894736842105,38,7.30588235294118,6.62380952380952,6.85714285714286,6.9375,6.92666666666667,17,21,7,8,30,1155,592,563,140,416,739,6.87383812121212,7.30584797297297,6.41957554174068,6.6375,6.80445192307692,6.91289719891746,55
"57",2009,6,6.53333333333333,27,7.05,6.22941176470588,6.375,6.3,6.5625,10,17,4,3,24,1182,602,580,144,419,763,6.86606009306261,7.30159800664452,6.41400177586207,6.63020833333333,6.80084009546539,6.90187553079948,56
"58",2009,7,6.648,25,7.26,6.24,6.56666666666667,6.71,6.60666666666667,10,15,9,10,15,1207,612,595,153,429,778,6.86154352112676,7.3009183006536,6.40961517647059,6.62647058823529,6.79872261072261,6.89618384318766,57
"59",2009,8,6.875,24,7.16666666666667,6.7,6.33333333333333,6.57142857142857,7,9,15,3,7,17,1231,621,610,156,436,795,6.86180587327376,7.29897262479871,6.41675578688525,6.62083333333333,6.79507339449541,6.89840381132076,58
"60",2009,9,6.73809523809524,21,6.55555555555556,6.875,6.96666666666667,7,6.67647058823529,9,12,6,4,17,1252,630,622,162,440,812,6.85973085463259,7.28835238095238,6.42559651125402,6.63364197530864,6.79693636363636,6.89375742610838,59
"61",2009,10,6.62333333333333,30,7.44285714285714,5.90625,5.6,6.125,6.80454545454545,14,16,5,8,22,1282,644,638,167,448,834,6.85419893135726,7.29171118012422,6.41257214733542,6.60269461077844,6.7849375,6.89140411270983,60
"62",2009,11,6.68904761904762,42,7.04272727272727,6.3,6.46875,6.41666666666667,6.76333333333333,22,20,8,9,33,1324,666,658,175,457,867,6.84895999244713,7.28348648648649,6.40915050151976,6.59657142857143,6.77768490153173,6.88652944636678,61
"63",2009,12,6.56111111111111,36,7.08571428571429,6.22727272727273,6.76923076923077,6.07142857142857,6.87272727272727,14,22,13,14,22,1360,680,680,188,471,889,6.8413404632353,7.27941470588235,6.40326622058824,6.60851063829787,6.75669214437367,6.88618788526434,62
"64",2010,1,6.93870967741935,31,7.01538461538462,6.88333333333333,7.025,7.3375,6.8,13,18,8,8,23,1391,693,698,196,479,912,6.8435104457225,7.27446176046176,6.4156461747851,6.62551020408163,6.76639248434238,6.8840142872807,63
"65",2010,2,6.49545454545455,22,6.55454545454545,6.43636363636364,6.16666666666667,6.76,6.41764705882353,11,11,3,5,17,1413,704,709,199,484,929,6.8380913163482,7.26321306818182,6.4159676022567,6.61859296482412,6.76632644628099,6.87548011840689,64
"66",2010,3,6.8,15,7.35714285714286,6.3125,5.5,7,6.75,7,8,2,3,12,1428,711,717,201,487,941,6.83769119747899,7.26413783403657,6.41481315202232,6.60746268656716,6.7677659137577,6.87387994686504,65
"67",2010,4,6.62272727272727,22,7.03333333333333,6.46875,6.21428571428571,6.825,6.546875,6,16,7,6,16,1450,717,733,208,493,957,6.83442967586207,7.26220641562064,6.41599049113233,6.59423076923077,6.76846247464503,6.86841277951933,66
"68",2010,5,6.73571428571429,14,7.02727272727273,5.66666666666667,NA,7,6.66363636363636,11,3,0,3,11,1464,728,736,208,496,968,6.83348567622951,7.25865659340659,6.41293618206522,6.59423076923077,6.76986290322581,6.86608577479339,67
"69",2010,6,6.28333333333333,15,7.28571428571429,5.40625,6,6.375,6.25,7,8,1,4,11,1479,735,744,209,500,979,6.82790603786342,7.25891428571428,6.40211159946237,6.59138755980861,6.766704,6.85916346271706,68
"70",2010,7,5.83333333333333,12,7.3,4.78571428571429,5.5,4,6,5,7,5,1,11,1491,740,751,214,501,990,6.81990142857143,7.25919189189189,6.38704531291611,6.56588785046729,6.76118163672655,6.8496172020202,69
"71",2010,8,6.63529411764706,17,7.41666666666667,6.20909090909091,6.13333333333333,6.5625,6.7,6,11,6,8,9,1508,746,762,220,509,999,6.81782031167109,7.26045844504021,6.38447641732284,6.55409090909091,6.75805893909627,6.8482692992993,70
"72",2010,9,6.59090909090909,11,7,6.1,6.16666666666667,6.16666666666667,6.75,6,5,3,3,8,1519,752,767,223,512,1007,6.81617710994075,7.25838031914894,6.38262194263364,6.54887892376682,6.75459375,6.84748860973188,71
"73",2010,10,6.61904761904762,21,6.875,6.27777777777778,6,6.25,6.70588235294118,12,9,2,4,17,1540,764,776,225,516,1024,6.81348898051948,7.25235863874345,6.38140596649485,6.544,6.75068217054264,6.84513772460938,72
"74",2010,11,6.19047619047619,21,6.66666666666667,5.83333333333333,6,6.75,6.05882352941176,9,12,6,4,17,1561,773,788,231,520,1041,6.80510764253684,7.24553945666235,6.37305968274112,6.52987012987013,6.75067692307692,6.83229685878963,73
"75",2010,12,6.41129032258065,31,6.91071428571429,6,6.5,6,6.53125,14,17,7,7,24,1592,787,805,238,527,1065,6.79743908919598,7.239583227446,6.36518140372671,6.52899159663865,6.74070588235294,6.82551270422535,74
"76",2011,1,6.81363636363636,22,7.08181818181818,6.54545454545455,7.125,6.8,6.81764705882353,11,11,4,5,17,1614,798,816,242,532,1082,6.79765986988848,7.23740852130326,6.36761155637255,6.53884297520661,6.74126315789474,6.8253891219963,75
"77",2011,2,6.74090909090909,22,6.81111111111111,6.69230769230769,7.16666666666667,6.33333333333333,6.80526315789474,9,13,3,3,19,1636,807,829,245,535,1101,6.79689671760391,7.23265427509294,6.37270329312425,6.5465306122449,6.73897570093458,6.82504180744777,76
"78",2011,3,6.67428571428571,14,6.94444444444444,6.188,5.735,6.64666666666667,6.68181818181818,9,5,4,3,11,1650,816,834,249,538,1112,6.79585638181818,7.22947549019608,6.37159595923261,6.53349397590361,6.73846096654275,6.82362502697842,77
"79",2011,4,6.9999,10,7.33333333333333,6.49975,7,7.33333333333333,6.857,6,4,2,3,7,1660,822,838,251,541,1119,6.79708556024096,7.23023357664233,6.37220767303103,6.53721115537849,6.74175970425139,6.82383380697051,78
"80",2011,5,6.12857142857143,14,6.4125,5.75,5.83333333333333,6,6.2,8,6,3,5,9,1674,830,844,254,546,1128,6.79149464157706,7.22235180722892,6.3677843957346,6.52889763779527,6.73496703296703,6.81885640957447,79
"81",2011,6,5.80555555555556,9,7.33333333333333,5.04166666666667,4.33333333333333,5.3125,6.2,3,6,3,4,5,1683,833,850,257,550,1133,6.78622224004753,7.22275150060024,6.35842356470588,6.50326848249027,6.72462181818182,6.81612535745808,80
"82",2011,7,6.23529411764706,17,6.55,5.78571428571429,6.5,7.125,5.96153846153846,10,7,5,4,13,1700,843,857,262,554,1146,6.78071295882353,7.21477105575326,6.35374565927655,6.50320610687023,6.72751263537906,6.80643109075044,81
"83",2011,8,6.88333333333333,15,7.21428571428571,6.59375,6.5,7.0625,6.81818181818182,7,8,2,4,11,1715,850,865,264,558,1157,6.78161051311953,7.21476705882353,6.35596535260116,6.50318181818182,6.72991397849462,6.80654280898876,82
"84",2011,9,5.04444444444444,9,6.46666666666667,4.33333333333333,5,5.8,4.66666666666667,3,6,3,3,6,1724,853,871,267,561,1163,6.77254178074246,7.21213599062134,6.34203218140069,6.48629213483146,6.72494117647059,6.79550303525365,83
"85",2011,10,6.25263157894737,19,6.61111111111111,5.93,7.25,6.31111111111111,6.2,9,10,2,9,10,1743,862,881,269,570,1173,6.76687437177281,7.20586078886311,6.33735531214529,6.49197026022305,6.71840701754386,6.79042628303495,84
"86",2011,11,6.36818181818182,22,6.45555555555556,6.30769230769231,5.9,6.26,6.4,9,13,5,5,17,1765,871,894,274,575,1190,6.76190483286119,7.19810792192882,6.33692397091723,6.48116788321168,6.71442086956522,6.78484876470588,85
"87",2011,12,6.06666666666667,15,6.41666666666667,5.83333333333333,5.75,6.5,5.77777777777778,6,9,4,6,9,1780,877,903,278,581,1199,6.75604608426966,7.19276168757127,6.33190479512735,6.47064748201439,6.7122065404475,6.77728943286072,86
"88",2012,1,6.07692307692308,13,6.83333333333333,5.42857142857143,4.75,5.9,6.1875,6,7,2,5,8,1793,883,910,280,586,1207,6.75112215839375,7.19031936579841,6.32495607692308,6.45835714285714,6.70527645051195,6.77338030654515,87
"89",2012,2,6.475,20,6.91666666666667,5.8125,6.25,6.33333333333333,6.5,12,8,2,3,17,1813,895,918,282,589,1224,6.74807613348042,7.18665027932961,6.32049022875817,6.45687943262411,6.70338200339559,6.76958335784314,88
"90",2012,3,6.67692307692308,13,6.55,7.1,7.25,7.75,6.48181818181818,10,3,2,2,11,1826,905,921,284,591,1235,6.74756956736035,7.17961546961326,6.3230293485342,6.46246478873239,6.70692385786802,6.76702026720648,89
"91",2012,4,6.11875,16,6.8,5.71,5.83333333333333,5.82,6.25454545454545,6,10,6,5,11,1842,911,931,290,596,1246,6.74210750814332,7.17711525795829,6.31644471535983,6.44944827586207,6.69948322147651,6.76249601123595,90
"92",2012,5,6.66666666666667,6,7,6.5,4,5.5,7.25,2,4,1,2,4,1848,913,935,291,598,1250,6.74186257034632,7.17672727272727,6.31722997860963,6.44103092783505,6.69547157190636,6.764056024,91
"93",2012,6,6.71875,16,7.08333333333333,6.5,6.66666666666667,7,6.7,6,10,6,1,15,1864,919,945,297,599,1265,6.74166417918455,7.17611751904244,6.31916405291005,6.44558922558923,6.69597996661102,6.76329646640316,92
"94",2012,7,6.56571428571429,7,6.575,6.55333333333333,7,7,6.49333333333333,4,3,1,1,6,1871,923,948,298,600,1271,6.74100589524318,7.17351245937161,6.31990509493671,6.44744966442953,6.69648666666667,6.76202205350118,93
"95",2012,8,6.5375,8,6.6,6.5,7,6,6.61428571428571,3,5,1,1,7,1879,926,953,299,601,1278,6.74013945183608,7.17165442764579,6.32084997901364,6.44929765886288,6.69532778702163,6.76121285602504,94
"96",2012,9,7.125,4,7.16666666666667,7,7,6.5,7.75,3,1,1,2,2,1883,929,954,300,603,1280,6.74095699946893,7.17163832077503,6.32156187631027,6.45113333333333,6.69467993366501,6.7627578359375,95
"97",2012,10,5.61666666666667,12,5.96666666666667,5.5,6,5.33333333333333,5.9,3,9,4,6,6,1895,932,963,304,609,1286,6.7338374828496,7.16775965665236,6.31388372793354,6.44519736842105,6.68126765188834,6.75873252721617,96
"98",2012,11,7.12,10,7.14,7.1,6.5,6.5,7.18888888888889,5,5,3,1,9,1905,937,968,307,610,1295,6.73586458267716,7.16761152614728,6.31794424586777,6.4457328990228,6.68097049180328,6.76172203088803,97
"99",2012,12,6.55454545454545,22,6.875,6.17,6.05,6.3,6.62941176470588,12,10,4,5,17,1927,949,978,311,615,1312,6.73379451478983,7.1639114857745,6.31643152351738,6.44064308681672,6.67787317073171,6.76000764481707,98
"100",2013,1,6.1,10,6.25,5.875,6.25,5.375,6.58333333333333,6,4,2,4,6,1937,955,982,313,619,1318,6.73052247289623,7.15816963350785,6.31463343177189,6.4394249201278,6.66945395799677,6.75920336115326,99
"101",2013,2,7.15,10,7.0625,7.5,7.5,NA,7.15,8,2,2,0,10,1947,963,984,315,619,1328,6.73267695428865,7.1573748701973,6.31704271341463,6.44615873015873,6.66945395799677,6.76214610692771,100
"102",2013,3,7.05,10,7.25,6.91666666666667,6.66666666666667,7.5,7,4,6,3,1,9,1957,967,990,318,620,1337,6.73429843127235,7.15775801447777,6.3206767979798,6.44823899371069,6.6707935483871,6.76374721765146,101
"103",2013,4,6.72727272727273,11,6.75,6.66666666666667,6.66666666666667,6.1,7.25,8,3,3,5,6,1968,975,993,321,625,1343,6.73425916158537,7.15441230769231,6.32172208459215,6.45028037383178,6.6662272,6.76591960536113,102
"104",2013,5,6.68,10,7.21666666666667,5.875,5.66666666666667,NA,6.68,6,4,3,0,10,1978,981,997,324,625,1353,6.73398484833165,7.15479306829766,6.31992981945838,6.44302469135802,6.6662272,6.76528457501848,103
"105",2013,6,7.425,4,7.425,NA,NA,7.7,7.33333333333333,4,0,0,1,3,1982,985,997,324,626,1356,6.73537942986882,7.15589035532995,6.31992981945838,6.44302469135802,6.6678785942492,6.766541320059,104
"106",2013,7,7,8,6.7,7.5,NA,7,7,5,3,0,1,7,1990,990,1000,324,627,1363,6.73644323115578,7.15358787878788,6.32347003,6.44302469135802,6.66840829346093,6.76774030080704,105
"107",2013,8,6.66666666666667,6,6.75,6.5,NA,5.5,7.25,4,2,0,2,4,1996,994,1002,324,629,1367,6.73623348196393,7.15196378269618,6.32382238522954,6.44302469135802,6.66469316375199,6.76915144842721,106
"108",2013,9,6.42142857142857,14,6.75,6.29,6.125,6.25,6.49,4,10,4,4,10,2010,998,1012,328,633,1377,6.73404081094527,7.15035270541082,6.32348817193676,6.43914634146341,6.66207266982623,6.76712420479303,107
"109",2013,10,5.51818181818182,11,6,5.47,5.5875,6,5.47,1,10,8,1,10,2021,999,1022,336,634,1387,6.72742307273627,7.1492012012012,6.31513701565558,6.41886904761905,6.66102839116719,6.75777219178082,108
"110",2013,11,7.19230769230769,13,7.625,6.5,6,8.5,6.95454545454545,8,5,2,2,11,2034,1007,1027,338,636,1398,6.73039431170108,7.15298113207547,6.316037030185,6.41639053254438,6.66681132075472,6.75932047925608,109
"111",2013,12,6.2,10,6.7,5.7,6.16666666666667,5.5,6.375,5,5,3,2,8,2044,1012,1032,341,638,1406,6.72779942759295,7.15074308300395,6.31305235465116,6.4141935483871,6.66315360501568,6.75713373399715,110
"112",2014,1,6.6,11,6.93333333333333,6.2,6.25,7,6.45,6,5,4,3,8,2055,1018,1037,345,641,1414,6.72711534306569,7.14946168958743,6.31250726133076,6.41228985507246,6.66473010920437,6.75539606082037,111
"113",2014,2,6.44285714285714,14,6.5,6.36666666666667,4.5,5.33333333333333,6.74545454545455,8,6,2,3,11,2069,1026,1043,347,644,1425,6.72519189463509,7.14439766081871,6.31281882070949,6.40126801152738,6.65852795031056,6.75531931929824,112
"114",2014,3,6.67142857142857,7,6.74,6.5,7,6.5,6.74,5,2,1,2,5,2076,1031,1045,348,646,1430,6.72501061175337,7.14243646944714,6.31317706220096,6.40298850574713,6.65803715170279,6.75526575524476,113
"115",2014,4,6.085,10,6.2,5.97,5.25,6,6.09444444444444,5,5,2,1,9,2086,1036,1050,350,647,1439,6.72194248801534,7.13788803088803,6.31154288571429,6.3964,6.65702009273571,6.75113275191105,114
"116",2014,5,5.25,10,8,4.94444444444444,5.8,6,5.16666666666667,1,9,5,1,9,2096,1037,1059,355,648,1448,6.71491986164122,7.1387193828351,6.29992448536355,6.388,6.65600617283951,6.74128455110497,115
"117",2014,6,5.9625,8,6.66666666666667,5.54,6.7,6.85,5.66666666666667,3,5,1,2,6,2104,1040,1064,356,650,1454,6.71205894961977,7.13735769230769,6.29635341165414,6.38887640449438,6.65660307692308,6.73685008940853,116
"118",2014,7,5.91666666666667,9,5.75,6.125,7.25,6.25,5.75,5,4,2,3,6,2113,1045,1068,358,653,1460,6.70867109796498,7.13071961722488,6.29571163857678,6.39368715083799,6.65473506891271,6.73279454109589,117
"119",2014,8,6.45714285714286,7,8,6.2,6,6.5,6.45,1,6,2,1,6,2120,1046,1074,360,654,1466,6.70784058018868,7.13155066921606,6.29517693668529,6.3915,6.65449847094801,6.73163712824011,118
"120",2014,9,6.73333333333333,6,6.5,6.78,7,7,6.68,1,5,1,1,5,2126,1047,1079,361,655,1471,6.70791252587018,7.13094746895893,6.29742356811863,6.39318559556787,6.65502595419848,6.73146161114888,119
"121",2014,10,6.3125,16,6.5,6,6.75,6.83333333333333,6.19230769230769,10,6,4,3,13,2142,1057,1085,365,658,1484,6.7049589309057,7.12497824030274,6.29577882949309,6.39709589041096,6.65583890577508,6.72673856469003,120
"122",2014,11,6.27818181818182,11,7.25,5.72285714285714,5.5,6.5,6.195,4,7,3,3,8,2153,1061,1092,368,661,1492,6.70277846261031,7.12544957587182,6.29210625457875,6.38978260869565,6.65513161875946,6.72388741957105,121
"123",2014,12,6.15714285714286,14,6.5,5.54,5.54,6.67142857142857,5.64285714285714,9,5,5,7,7,2167,1070,1097,373,668,1499,6.69925335948316,7.12018878504673,6.28867824065633,6.37839142091153,6.65530239520958,6.71883924616411,122
"124",2015,1,6.22,15,7,6.1,5.9875,5,6.525,2,13,8,3,12,2182,1072,1110,381,671,1511,6.69595876718607,7.11996455223881,6.2864684954955,6.37018372703412,6.64790163934426,6.71729982131039,123
"125",2015,2,6.04285714285714,14,7.3,5.34444444444444,5.86666666666667,4.75,6.56,5,9,3,4,10,2196,1077,1119,384,675,1521,6.69179509562842,7.12080037140204,6.2788918945487,6.36625,6.63665481481482,6.71626563445102,124
"126",2015,3,6.39166666666667,12,6.95,5.83333333333333,5.75,6.125,6.445,6,6,4,2,10,2208,1083,1125,388,677,1531,6.69016396286232,7.1198541089566,6.27651558222222,6.35989690721649,6.63514327917282,6.71449381450033,125
"127",2015,4,6.58333333333333,9,7.75,6.25,5.66666666666667,6,6.875,2,7,3,3,6,2217,1085,1132,391,680,1537,6.6897302796572,7.12101566820276,6.27635161660777,6.35457800511509,6.63234117647059,6.71512038386467,126
"128",2015,5,6.75611111111111,9,7.70166666666667,6.28333333333333,6.85,9.305,6.4375,3,6,2,1,8,2226,1088,1138,393,681,1545,6.6899986657682,7.12261672794118,6.27638842706503,6.35709923664122,6.6362657856094,6.71368286731392,127
"129",2015,6,7.05,10,7.07142857142857,7,7,7,7.0625,7,3,2,2,8,2236,1095,1141,395,683,1553,6.69160868962433,7.12228949771689,6.27829099912358,6.36035443037975,6.6373308931186,6.71547973599485,128
"130",2015,7,6.6,11,7.64,5.73333333333333,5.625,6,6.73333333333333,5,6,4,2,9,2247,1100,1147,399,685,1562,6.69116022696929,7.12464272727273,6.27544030514385,6.35298245614035,6.6354700729927,6.7155826056338,129
"131",2015,8,6.8765,10,6.82357142857143,7,6,6.565,6.91111111111111,7,3,1,1,9,2257,1107,1150,400,686,1571,6.69198140451927,7.12273893405601,6.27733046086956,6.3521,6.63536734693878,6.71670275620624,130
"132",2015,9,7.35625,8,7.20833333333333,7.8,NA,7.375,7.35,6,2,0,2,6,2265,1113,1152,400,688,1577,6.69432760706402,7.12320035938904,6.279973984375,6.3521,6.63751744186047,6.71911225745086,131
"133",2015,10,6.1875,8,6.625,5.75,NA,NA,6.1875,4,4,0,0,8,2273,1117,1156,400,688,1585,6.69254378794545,7.12141629364369,6.27814016435986,6.3521,6.63751744186047,6.71642904100946,132
"134",2015,11,6.8,5,8.5,5.66666666666667,7,6,7.33333333333333,2,3,1,2,3,2278,1119,1159,401,690,1588,6.69277964442494,7.12388025022341,6.27655740293356,6.35371571072319,6.63566956521739,6.71759447732998,133
"135",2015,12,6.04285714285714,7,6.7,5.55,5.5,NA,6.04285714285714,3,4,3,0,7,2285,1122,1163,404,690,1595,6.69078863457331,7.12274688057041,6.27405849527085,6.34737623762376,6.63566956521739,6.7146332476489,134
"136",2016,1,6.5,9,7,6.4375,6.45,6,6.5625,1,8,2,1,8,2294,1123,1171,406,691,1603,6.69004011769834,7.1226375779163,6.27517508966695,6.34788177339901,6.6347496382055,6.71387400499064,135
"137",2016,2,6.42307692307692,13,7.25,5.71428571428571,5,6.75,6.36363636363636,6,7,3,2,11,2307,1129,1178,409,693,1614,6.68853577373212,7.12331443755536,6.27184213073005,6.33799511002445,6.63508225108225,6.71148700743495,136
"138",2016,3,5.94444444444444,9,6.75,5.3,5.625,6.5,5.66666666666667,4,5,4,3,6,2316,1133,1183,413,696,1620,6.68564422711572,7.12199646954987,6.26773459847844,6.33108958837772,6.6345,6.70761730246914,137
"139",2016,4,5.9,5,7,5.625,7,7.5,5.5,1,4,1,1,4,2321,1134,1187,414,697,1624,6.68395175786299,7.12188888888889,6.26556868576243,6.33270531400966,6.63574175035868,6.70464287561576,138
"140",2016,5,6.695,10,7.075,6.125,5.25,NA,6.695,6,4,2,0,10,2331,1140,1191,416,697,1634,6.68399915486916,7.12164210526316,6.26509658270361,6.3275,6.63574175035868,6.70458386168911,139
"141",2016,6,6.34090909090909,11,6.6875,6.14285714285714,6,5,6.475,4,7,2,1,10,2342,1144,1198,418,698,1644,6.68238771562767,7.12012412587413,6.26438232888147,6.32593301435407,6.63339828080229,6.70318736618005,140
"142",2016,7,7.08333333333333,6,7.5,5,NA,7,7.1,5,1,0,1,5,2348,1149,1199,418,699,1649,6.68341227853493,7.1217771975631,6.26332779816514,6.32593301435407,6.63392274678112,6.70439055791389,141
"143",2016,8,6.83333333333333,6,6.8,7,NA,6,7,5,1,0,1,5,2354,1154,1200,418,700,1654,6.68379440526763,7.12038301559792,6.26394169166667,6.32593301435407,6.63301714285714,6.70528417775091,142
"144",2016,9,6.6,5,7,6.5,6.5,6.66666666666667,6.5,1,4,2,3,2,2359,1155,1204,420,703,1656,6.68361679949131,7.12027878787879,6.2647259385382,6.3267619047619,6.63316073968706,6.70503625,143
"145",2016,10,6.405,10,6.51,6.3,6.25,6.2625,6.5,5,5,2,4,6,2369,1160,1209,422,707,1662,6.68244070493879,7.11764827586207,6.26487181968569,6.3263981042654,6.63106364922207,6.70429604693141,144
"146",2016,11,6.6875,8,6.58333333333333,7,7,7,6.58333333333333,6,2,1,2,6,2377,1166,1211,423,709,1668,6.68245773243585,7.11489879931389,6.26608590421139,6.32799054373522,6.63210437235543,6.7038609292566,145
"147",2016,12,6.64090909090909,11,6.89444444444444,5.5,NA,7.08333333333333,6.475,9,2,0,3,8,2388,1175,1213,423,712,1676,6.68226634422111,7.11321021276596,6.26482277823578,6.32799054373522,6.63400561797753,6.70276851431981,146
"148",2017,1,6,4,5.66666666666667,7,NA,NA,6,3,1,0,0,4,2392,1178,1214,423,712,1680,6.68112543060201,7.10952631578947,6.26542836079077,6.32799054373522,6.63400561797753,6.70109525595238,147
"149",2017,2,7.75,4,9,6.5,7,7,8,2,2,1,1,3,2396,1180,1216,424,713,1683,6.68290986227045,7.11273050847458,6.26581416940789,6.32957547169811,6.63451893408135,6.70341059417707,148
"150",2017,3,7.2,5,8,6.66666666666667,6,8,7,2,3,1,1,4,2401,1182,1219,425,714,1687,6.6839866847147,7.11423181049069,6.26680068088597,6.3288,6.63643137254902,6.70411382928275,149
"151",2017,4,6.67777777777778,9,6.62,6.75,7,7,6.58571428571429,5,4,2,2,7,2410,1187,1223,427,716,1694,6.68396349792531,7.112149957877,6.26838105478332,6.33194379391101,6.6374469273743,6.70362457497049,150
"152",2017,5,5.5,7,5.5,5.5,8,NA,5.5,5,2,1,0,7,2417,1192,1225,428,716,1701,6.68053455937112,7.10538758389262,6.26712655510204,6.33584112149533,6.6374469273743,6.69867138741917,151
"153",2017,6,6.07142857142857,7,7,5.375,6,5.75,6.5,3,4,2,4,3,2424,1195,1229,430,720,1704,6.678775589934,7.1051230125523,6.26422296989422,6.33427906976744,6.63251666666667,6.69832161384977,152
"154",2017,7,5.8,5,6,5.75,5.5,NA,5.8,1,4,2,0,5,2429,1196,1233,432,720,1709,6.67696666529436,7.10419899665552,6.26255476885644,6.33041666666667,6.63251666666667,6.69569340550029,153
"155",2017,8,6.625,8,6.66666666666667,6.5,6.5,7,6.5,6,2,2,2,6,2437,1202,1235,434,722,1715,6.67679607304063,7.1020149750416,6.26293929554656,6.33119815668203,6.63353462603878,6.6950087638484,154
"156",2017,9,6.3,5,7.5,5.5,5,NA,6.3,2,3,1,0,5,2442,1204,1238,435,722,1720,6.67602458230959,7.10267607973422,6.26109049273021,6.32813793103448,6.63353462603878,6.69386048255814,155
"157",2017,10,5,4,8,4,3,3,7,1,3,1,2,2,2446,1205,1241,436,724,1722,6.67328374080131,7.10342074688797,6.25562452054794,6.32050458715596,6.62349723756906,6.69421604529617,156
"158",2017,11,6.95555555555556,9,6.875,7.02,6.275,NA,6.95555555555556,4,5,4,0,9,2455,1209,1246,440,724,1731,6.67431854582485,7.10266501240695,6.25869183788122,6.32009090909091,6.62349723756906,6.69557482957828,157
"159",2017,12,7,3,7,7,7,7,7,2,1,1,1,2,2458,1211,1247,441,725,1733,6.67471604149716,7.10249545829893,6.25928631114675,6.32163265306122,6.62401655172414,6.69592615695326,158
"160",2018,1,6.33333333333333,6,7.25,5.875,6.5,5.5,6.5,2,4,2,1,5,2464,1213,1251,443,726,1738,6.67388475243507,7.10273866446826,6.25805757793765,6.32243792325056,6.62246831955923,6.69536250287687,159
"161",2018,2,6.5,6,6.4,7,7,6,6.6,5,1,1,1,5,2470,1218,1252,444,727,1743,6.67346236032389,7.09985385878489,6.25865018370607,6.32396396396396,6.6216121045392,6.69508894434883,160
"162",2018,3,6.8,5,7.33333333333333,6,NA,NA,6.8,3,2,0,0,5,2475,1221,1254,444,727,1748,6.67371799191919,7.10042751842752,6.25823766347687,6.32396396396396,6.6216121045392,6.69538903318078,161
"163",2018,4,6.24,5,8,5.06666666666667,7.5,1,7.55,2,3,1,1,4,2480,1223,1257,445,728,1752,6.67284356048387,7.10189860997547,6.25539381861575,6.32660674157303,6.61389010989011,6.69734019977169,162
"164",2018,5,6.4125,8,8.5,6.11428571428571,5.8,6,6.47142857142857,1,7,5,1,7,2488,1224,1264,450,729,1759,6.67200644292605,7.1030408496732,6.25461236550633,6.32075555555555,6.61304801097394,6.696441176805,163
"165",2018,6,5.91666666666667,6,6,5.75,6.5,7,5.7,4,2,1,1,5,2494,1228,1266,451,730,1764,6.67018926623898,7.09944788273616,6.25381518957346,6.32115299334811,6.61357808219178,6.69361679705216,164
"166",2018,8,6.96666666666667,6,7.33333333333333,6.6,6.8,6.8,7,3,3,1,1,5,2500,1231,1269,452,731,1769,6.670900812,7.10001787164907,6.25463359338061,6.32221238938053,6.61383310533516,6.69448277557942,166
"167",2018,9,6.08888888888889,9,6.7,5.6,5,6.26666666666667,6,4,5,3,3,6,2509,1235,1274,455,734,1775,6.66881308489438,7.09872226720648,6.2520643877551,6.3134945054945,6.61241416893733,6.69213522816901,167
"168",2018,10,6.75,4,6.75,NA,NA,NA,6.75,4,0,0,0,4,2513,1239,1274,455,734,1779,6.66894231197772,7.09759644874899,6.2520643877551,6.3134945054945,6.61241416893733,6.69226533445756,168
"169",2018,11,5.25,4,NA,5.25,6,5.5,5,0,4,1,2,2,2517,1239,1278,456,736,1781,6.66668733810092,7.09759644874899,6.24892803599374,6.31280701754386,6.60939130434783,6.69036498034812,169
"170",2018,12,6.33333333333333,6,6,6.5,6,NA,6.33333333333333,2,4,1,0,6,2523,1241,1282,457,736,1787,6.66589458184701,7.09582755842063,6.24971141185647,6.31212253829322,6.60939130434783,6.68916621712367,170
"171",2019,1,6.91666666666667,6,7,6.75,6.5,NA,6.91666666666667,4,2,1,0,6,2529,1245,1284,458,736,1793,6.66648953341242,7.09551967871486,6.25049067757009,6.3125327510917,6.60939130434783,6.6899275125488,171
"172",2019,2,6.95,8,7.15,6.75,NA,6.43333333333333,7.26,4,4,0,3,5,2537,1249,1288,458,739,1798,6.66738353567206,7.09569415532426,6.25204194875776,6.3125327510917,6.60867658998647,6.69151280867631,172
"173",2019,3,5.8,5,6.5,5.33333333333333,3,5,6,2,3,1,1,4,2542,1251,1291,459,740,1802,6.66567743115657,7.09474180655476,6.24990707203718,6.30531590413943,6.6065027027027,6.6899778190899,173
"174",2019,4,5.78,5,6.3,5,5,6,5.725,3,2,1,1,4,2547,1254,1293,460,741,1806,6.66393876325089,7.09284051036683,6.24797372776489,6.30247826086956,6.60568421052632,6.68784054817276,174
"175",2019,5,5.72,5,5.86666666666667,5.5,5.5,NA,5.72,3,2,2,0,5,2552,1257,1295,462,741,1811,6.66208935344828,7.08991408114558,6.24681855598456,6.29900432900433,6.60568421052632,6.68516843180563,175
"176",2019,6,6,3,NA,6,5.5,NA,6,0,3,2,0,3,2555,1257,1298,464,741,1814,6.66131194911938,7.08991408114558,6.24624809707242,6.29556034482759,6.60568421052632,6.68403529768468,176
"177",2019,7,5.875,4,NA,5.875,6,NA,5.875,0,4,1,0,4,2559,1257,1302,465,741,1818,6.66008285658461,7.08991408114558,6.24510754992319,6.29492473118279,6.60568421052632,6.6822552420242,177
"178",2019,8,7,6,7,7,7,7,7,4,2,1,3,3,2565,1261,1304,466,744,1821,6.66087798440546,7.08962886597938,6.24626536042945,6.29643776824034,6.60727419354839,6.68277870950028,178
"179",2019,9,6.66666666666667,6,7,6.33333333333333,5,6,7,3,3,1,2,4,2571,1264,1307,467,746,1825,6.66089149358227,7.08941613924051,6.24646521040551,6.29366167023554,6.60564611260054,6.6834739890411,179
"180",2019,10,6.125,4,NA,6.125,6,6,6.16666666666667,0,4,3,1,3,2575,1264,1311,470,747,1828,6.6600590407767,7.08941613924051,6.2460946071701,6.29178723404255,6.60483534136546,6.68262583698031,180
"181",2019,11,7.1,5,7.625,5,NA,NA,7.1,4,1,0,0,5,2580,1268,1312,470,747,1833,6.66091163953489,7.09110567823344,6.24514483993902,6.29178723404255,6.60483534136546,6.68376433715221,181
"182",2019,12,6.6125,4,6.6125,NA,NA,6.2,6.75,4,0,0,1,3,2584,1272,1312,470,748,1836,6.66083669891641,7.08960062893082,6.24514483993902,6.29178723404255,6.60429411764706,6.68387256535948,182
"183",2020,1,5.83333333333333,9,7.5,5.35714285714286,5.58333333333333,5,6.07142857142857,2,7,6,2,7,2593,1274,1319,476,750,1843,6.65796453143078,7.09024489795918,6.24043216830933,6.28285714285714,6.600016,6.68154640803039,183
"184",2020,2,6.33333333333333,6,6.5,6,NA,NA,6.33333333333333,4,2,0,0,6,2599,1278,1321,476,750,1849,6.65721509426703,7.08839749608764,6.24006815291446,6.28285714285714,6.600016,6.68041645754462,184
"185",2020,3,6.6,6,7.4,5,5,NA,6.6,4,2,2,0,6,2605,1282,1323,478,750,1855,6.65708331285989,7.08936973478939,6.23819352229781,6.27748953974895,6.600016,6.68015635040431,185
"186",2020,4,6.65714285714286,7,7.12,5.5,6,6,6.76666666666667,5,2,1,1,6,2612,1287,1325,479,751,1861,6.65708347243492,7.08948873348873,6.23707926792453,6.27691022964509,6.59921704394141,6.68043526598603,186
"187",2020,5,6,2,NA,6,6,NA,6,0,2,2,0,2,2614,1287,1327,481,751,1863,6.65658073068095,7.08948873348873,6.23672195177091,6.27575883575883,6.59921704394141,6.67970479334407,187
"188",2020,6,6.3,5,7,5.25,5.25,6.25,6.33333333333333,3,2,2,2,3,2619,1290,1329,483,753,1866,6.65589997327224,7.08928062015504,6.23523704288939,6.27151138716356,6.59828950863214,6.67914792604502,188
"189",2020,7,4,1,4,NA,NA,NA,4,1,0,0,0,1,2620,1291,1329,483,753,1867,6.65488627099237,7.08688768396592,6.23523704288939,6.27151138716356,6.59828950863214,6.67771292447777,189
"190",2020,8,6.33333333333333,6,6.6,5,6,NA,6.33333333333333,5,1,2,0,6,2626,1296,1330,485,753,1873,6.6541515727342,7.08500925925926,6.23430829323308,6.27039175257732,6.59828950863214,6.67660973304859,190
"191",2020,9,5.78571428571429,7,6.5,5.5,4,6,5.75,2,5,1,1,6,2633,1298,1335,486,754,1879,6.6518427763008,7.08410785824345,6.23155807490637,6.26572016460905,6.59749602122016,6.6736508940926,191
"192",2020,10,6.86666666666667,6,6.75,7.1,NA,NA,6.86666666666667,4,2,0,0,6,2639,1302,1337,486,754,1885,6.65233119742327,7.08308141321045,6.23285716529544,6.26572016460905,6.59749602122016,6.67426526790451,192
"193",2020,11,6.16666666666667,6,6.25,6,6,NA,6.16666666666667,4,2,1,0,6,2645,1306,1339,487,754,1891,6.65122950094518,7.08052986217458,6.23250935772965,6.26517453798768,6.59749602122016,6.67265469592808,193
"194",2020,12,6.61111111111111,9,7.08333333333333,5.66666666666667,5.66666666666667,7.66666666666667,6.08333333333333,6,3,3,3,6,2654,1312,1342,490,757,1897,6.65109345516202,7.08054268292683,6.23124443368107,6.26151020408163,6.60173315719947,6.67079073800738,194
"195",2021,1,6.25,8,7,5,NA,NA,6.25,5,3,0,0,8,2662,1317,1345,490,757,1905,6.64988806536439,7.08023690205011,6.22849816356877,6.26151020408163,6.60173315719947,6.66902363779528,195
"196",2021,2,5.96,5,6.4,5.66666666666667,7,NA,5.96,2,3,1,0,5,2667,1319,1348,491,757,1910,6.64859468691414,7.07920545868082,6.22724779673591,6.26301425661914,6.60173315719947,6.66716755497382,196
"197",2021,3,6.83333333333333,6,8,5.66666666666667,5.5,8,6.6,3,3,2,1,5,2673,1322,1351,493,758,1915,6.64900936401048,7.0812950075643,6.22600298297557,6.25991886409736,6.60357783641161,6.66699218276762,197
"198",2021,4,6.5,5,6,6.83333333333333,NA,6.33333333333333,6.75,2,3,0,3,2,2678,1324,1354,493,761,1917,6.64873115384616,7.07966163141994,6.22734861890694,6.25991886409736,6.60251248357425,6.66707878455921,198
"199",2021,5,5,1,NA,5,NA,NA,5,0,1,0,0,1,2679,1324,1355,493,761,1918,6.64811572601717,7.07966163141994,6.22644282656827,6.25991886409736,6.60251248357425,6.66620960896768,199
"200",2021,6,7.66666666666667,3,8,7,7,8,7.5,2,1,1,1,2,2682,1326,1356,494,762,1920,6.64925504474273,7.08104977375566,6.22701329646018,6.26141700404858,6.60434645669292,6.667078140625,200
"201",2021,7,6,3,NA,6,5,NA,6,0,3,1,0,3,2685,1326,1359,495,762,1923,6.64852962011173,7.08104977375566,6.22651216335541,6.25886868686869,6.60434645669292,6.66603745709828,201
"202",2021,8,5.66666666666667,9,6.2,5,NA,5,5.75,5,4,0,1,8,2694,1331,1363,495,763,1931,6.64524945434299,7.07774004507889,6.22291271460015,6.25886868686869,6.60224377457405,6.66224237700673,202
"203",2021,9,6.33333333333333,6,6.5,6,NA,6,6.5,4,2,0,2,4,2700,1335,1365,495,765,1935,6.64455630740741,7.07600898876404,6.2225861025641,6.25886868686869,6.60066928104575,6.66190699224806,203
"204",2021,10,7,2,7,NA,NA,NA,7,2,0,0,0,2,2702,1337,1365,495,765,1937,6.64481940414508,7.07589528795812,6.2225861025641,6.25886868686869,6.60066928104575,6.66225608156944,204
"205",2021,11,4,5,4,4,NA,NA,4,4,1,0,0,5,2707,1341,1366,495,765,1942,6.63993425563354,7.06672035794183,6.22095902635432,6.25886868686869,6.60066928104575,6.65540166323378,205
"206",2022,1,6.15,6,7.45,5.5,NA,NA,6.15,2,4,0,0,6,2713,1343,1370,495,765,1948,6.63885072981939,7.06729113924051,6.21885403649635,6.25886868686869,6.60066928104575,6.65384498459959,207
"207",2022,2,6.58333333333333,3,6.58333333333333,NA,NA,7,6.375,3,0,0,1,2,2716,1346,1370,495,766,1950,6.6387894072165,7.06621248142645,6.21885403649635,6.25886868686869,6.6011906005222,6.65355898974359,208
"208",2022,3,5.425,6,5,5.6375,NA,5.775,5.25,2,4,0,2,4,2722,1348,1374,495,768,1954,6.63611389786922,7.063146884273,6.21716159388646,6.25886868686869,6.5990390625,6.65068578812692,209
"209",2022,4,6.75,2,7.5,6,NA,NA,6.75,1,1,0,0,2,2724,1349,1375,495,768,1956,6.63619751468429,7.06347071905115,6.21700365818182,6.25886868686869,6.5990390625,6.65078733640082,210
"210",2022,5,7,1,7,NA,NA,NA,7,1,0,0,0,1,2725,1350,1375,495,768,1957,6.63633102018349,7.0634237037037,6.21700365818182,6.25886868686869,6.5990390625,6.65096577925396,211
"211",2022,7,9,1,9,NA,NA,NA,9,1,0,0,0,1,2726,1351,1375,495,768,1958,6.63719810344828,7.06485714285714,6.21700365818182,6.25886868686869,6.5990390625,6.65216549029622,213
"212",2022,8,7.24,5,7.73333333333333,6.5,NA,8.2,7,3,2,0,1,4,2731,1354,1377,495,769,1962,6.63830173196631,7.06633825701625,6.21741469135802,6.25886868686869,6.60112093628089,6.65287463302752,214
"213",2022,9,7.5,2,10,5,NA,NA,7.5,1,1,0,0,2,2733,1355,1378,495,769,1964,6.6389323197951,7.06850332103321,6.21653122641509,6.25886868686869,6.60112093628089,6.65373728615071,215
"214",2022,10,6.66666666666667,3,7.5,5,NA,7,6,2,1,0,2,1,2736,1357,1379,495,771,1965,6.63896273026316,7.06913927781872,6.21564904278463,6.25886868686869,6.60215564202335,6.65340459541985,216
"215",2022,11,5.975,4,5.9,6,NA,6,5.96666666666667,1,3,0,1,3,2740,1358,1382,495,772,1968,6.63799344160584,7.06827835051546,6.21518091895803,6.25886868686869,6.6013756476684,6.65235773882114,217
"216",2022,12,6.42857142857143,7,6.6,6,6,NA,6.42857142857143,5,2,1,0,7,2747,1363,1384,496,772,1975,6.63745978522024,7.06656052824651,6.21486996387283,6.25834677419355,6.6013756476684,6.6515645721519,218
