"","year","month","avg_rating","no_ratings","avg_rating_owned","avg_rating_not_owned","avg_rating_prev_owned","avg_rating_comment","avg_rating_no_comment","no_ratings_owned","no_ratings_not_owned","no_ratings_prev_owned","no_ratings_comment","no_ratings_no_comment","cum_no_ratings","cum_no_ratings_owned","cum_no_ratings_not_owned","cum_no_ratings_prev_owned","cum_no_ratings_comment","cum_no_ratings_no_comment","cum_avg_rating","cum_avg_rating_owned","cum_avg_rating_not_owned","cum_avg_rating_prev_owned","cum_avg_rating_comment","cum_avg_rating_no_comment","month_after_release"
"1",2005,2,9,1,NA,9,NA,NA,9,0,1,0,0,1,1,0,1,0,0,1,9,NA,9,NA,NA,9,-1
"2",2005,3,8,3,9,7.5,7,7,8.5,1,2,1,1,2,4,1,3,1,1,3,8.25,9,8,7,7,8.66666666666667,0
"3",2005,4,7.55263157894737,19,8.15,6.88888888888889,7.33333333333333,7.5,7.59090909090909,10,9,3,8,11,23,11,12,4,9,14,7.67391304347826,8.22727272727273,7.16666666666667,7.25,7.44444444444444,7.82142857142857,1
"4",2005,5,7.76911764705882,34,8.02954545454545,7.29166666666667,8,7.95277777777778,7.5625,22,12,1,18,16,57,33,24,5,27,30,7.73070175438597,8.09545454545454,7.22916666666667,7.4,7.78333333333333,7.68333333333333,2
"5",2005,6,7.43589743589744,39,7.92,6.57142857142857,5.5,7.25,7.63157894736842,25,14,2,20,19,96,58,38,7,47,49,7.6109375,8.0198275862069,6.98684210526316,6.85714285714286,7.5563829787234,7.66326530612245,3
"6",2005,7,7.53448275862069,29,7.78260869565217,6.58333333333333,NA,7.3125,7.80769230769231,23,6,0,16,13,125,81,44,7,63,62,7.5932,7.95246913580247,6.93181818181818,6.85714285714286,7.49444444444444,7.69354838709677,4
"7",2005,8,7.13636363636364,33,7.27083333333333,6.77777777777778,7,6.59375,7.64705882352941,24,9,1,16,17,158,105,53,8,79,79,7.49778481012658,7.79666666666667,6.90566037735849,6.875,7.3120253164557,7.68354430379747,5
"8",2005,9,7.32307692307692,39,7.74090909090909,6.78235294117647,7.2,7.15333333333333,7.42916666666667,22,17,5,15,24,197,127,70,13,94,103,7.46319796954315,7.78700787401575,6.87571428571429,7,7.28670212765957,7.62427184466019,6
"9",2005,10,7.38888888888889,36,7.83333333333333,6.76666666666667,7,7.34375,7.425,21,15,2,16,20,233,148,85,15,110,123,7.45171673819743,7.79358108108108,6.85647058823529,7,7.295,7.59186991869919,7
"10",2005,11,7.32608695652174,46,7.62962962962963,6.89473684210526,7.33333333333333,7.29047619047619,7.356,27,19,3,21,25,279,175,104,18,131,148,7.43100358422939,7.76828571428571,6.86346153846154,7.05555555555556,7.2942748091603,7.55202702702703,8
"11",2005,12,7.43055555555556,36,7.75,6.79166666666667,7.875,7.22727272727273,7.52,24,12,4,11,25,315,199,116,22,142,173,7.43095238095238,7.76608040201005,6.85603448275862,7.20454545454545,7.28908450704225,7.54739884393064,9
"12",2006,1,7.63333333333333,51,7.99428571428571,6.84375,8,7.33333333333333,7.84333333333333,35,16,1,21,30,366,234,132,23,163,203,7.45915300546448,7.80021367521368,6.85454545454545,7.23913043478261,7.29478527607362,7.59113300492611,10
"13",2006,2,7.52413793103448,29,7.55454545454545,7.42857142857143,8,7.16666666666667,7.77647058823529,22,7,2,12,17,395,256,139,25,175,220,7.46392405063291,7.7791015625,6.88345323741007,7.3,7.286,7.60545454545455,11
"14",2006,3,7.42592592592593,27,7.96153846153846,6.92857142857143,7,7.31818181818182,7.5,13,14,1,11,16,422,269,153,26,186,236,7.46149289099526,7.78791821561338,6.8875816993464,7.28846153846154,7.28790322580645,7.59830508474576,12
"15",2006,4,7.18695652173913,23,7.6,6.65,NA,7.09090909090909,7.275,13,10,0,11,12,445,282,163,26,197,248,7.44730337078652,7.77925531914894,6.87300613496932,7.28846153846154,7.27690355329949,7.58266129032258,13
"16",2006,5,7.67142857142857,35,7.76923076923077,7.38888888888889,8.33333333333333,7.53846153846154,7.75,26,9,3,13,22,480,308,172,29,210,270,7.46364583333333,7.77840909090909,6.9,7.39655172413793,7.29309523809524,7.5962962962963,14
"17",2006,6,7.68965517241379,29,7.71052631578947,7.65,8,7.125,7.90476190476191,19,10,1,8,21,509,327,182,30,218,291,7.47652259332024,7.77446483180428,6.94120879120879,7.41666666666667,7.28692660550459,7.61855670103093,15
"18",2006,7,7.67391304347826,23,8.11176470588235,6.43333333333333,7,7.5625,7.73333333333333,17,6,1,8,15,532,344,188,31,226,306,7.48505639097744,7.79113372093023,6.925,7.40322580645161,7.2966814159292,7.62418300653595,16
"19",2006,8,7.28484848484849,33,7.58636363636364,6.68181818181818,6.75,7.19333333333333,7.36111111111111,22,11,2,15,18,565,366,199,33,241,324,7.47336283185841,7.77882513661202,6.91155778894472,7.36363636363636,7.2902489626556,7.60956790123457,17
"20",2006,9,7.11470588235294,34,7.556,5.88888888888889,7,6.86875,7.33333333333333,25,9,1,16,18,599,391,208,34,257,342,7.45300500834724,7.76457800511509,6.86730769230769,7.35294117647059,7.26400778210117,7.59502923976608,18
"21",2006,10,7.22857142857143,35,7.41176470588235,7.05555555555556,7,7.82142857142857,6.83333333333333,17,18,5,14,21,634,408,226,39,271,363,7.44061514195583,7.74987745098039,6.88230088495575,7.30769230769231,7.29280442804428,7.55096418732782,19
"22",2006,11,7.52142857142857,35,7.78947368421053,7.203125,6,7.26388888888889,7.79411764705882,19,16,4,18,17,669,427,242,43,289,380,7.44484304932735,7.7516393442623,6.90351239669421,7.18604651162791,7.29100346020761,7.56184210526316,20
"23",2006,12,7.04891304347826,46,7.34677419354839,6.43333333333333,7.5,7.125,7.02205882352941,31,15,2,12,34,715,458,257,45,301,414,7.41937062937063,7.72423580786026,6.87607003891051,7.2,7.2843853820598,7.51751207729469,21
"24",2007,1,7.27924528301887,53,7.676,6.925,7.16666666666667,7.34375,7.25135135135135,25,28,3,16,37,768,483,285,48,317,451,7.40970052083333,7.72173913043478,6.88087719298246,7.19791666666667,7.28738170347003,7.49567627494457,22
"25",2007,2,7.15874869565217,46,7.42380952380952,6.9360976,7.7,7.11538461538461,7.17583151515151,21,25,5,13,33,814,504,310,53,330,484,7.39551896805897,7.7093253968254,6.8853304516129,7.24528301886792,7.28060606060606,7.47386867768595,23
"26",2007,3,7.3906976744186,43,7.69259259259259,6.88125,7.16666666666667,7.39411764705882,7.38846153846154,27,16,3,17,26,857,531,326,56,347,510,7.39527705950992,7.70847457627119,6.88513018404908,7.24107142857143,7.28616714697406,7.46951458823529,24
"27",2007,4,7.53513513513514,37,8.13333333333333,6.75,6.4,7.8125,7.45862068965517,21,16,5,8,29,894,552,342,61,355,539,7.40106536912752,7.72463768115942,6.87880830409357,7.17213114754098,7.29802816901408,7.46892846011132,25
"28",2007,5,7.45,36,7.74782608695652,6.92307692307692,7.75,7.77272727272727,7.308,23,13,4,11,25,930,575,355,65,366,564,7.40295961290323,7.7255652173913,6.8804294084507,7.20769230769231,7.31229508196721,7.46179510638298,26
"29",2007,6,7.54324324324324,37,7.80769230769231,6.91818181818182,7.25,7.46428571428571,7.59130434782609,26,11,2,14,23,967,601,366,67,380,587,7.40832723888314,7.72911813643927,6.88156404371585,7.2089552238806,7.31789473684211,7.46686957410562,27
"30",2007,7,7.41071428571429,42,7.77884615384615,6.8125,7.33333333333333,6.90909090909091,7.58870967741935,26,16,3,11,31,1009,627,382,70,391,618,7.40842660059465,7.73118022328549,6.87867130890052,7.21428571428571,7.30639386189258,7.47298129449838,28
"31",2007,8,7.78194444444444,36,7.64038461538462,8.15,8.33333333333333,8.075,7.72333333333333,26,10,3,6,30,1045,653,392,73,397,648,7.42129420095694,7.72756508422665,6.91110316326531,7.26027397260274,7.31801007556675,7.48457166666667,29
"32",2007,9,7.42424242424242,33,7.925,6.65384615384615,6.5,7.31818181818182,7.47727272727273,20,13,2,11,22,1078,673,405,75,408,670,7.42138445269017,7.7334323922734,6.9028455308642,7.24,7.31801470588235,7.484332,30
"33",2007,10,7.35302325581395,43,7.6672,6.91666666666667,7,7.43052631578947,7.29166666666667,25,18,5,19,24,1121,698,423,80,427,694,7.41876221231044,7.73106017191977,6.9034336643026,7.225,7.32302107728337,7.47766922190202,31
"34",2007,11,7.12765957446809,47,7.5625,6.67391304347826,7.25,6.9,7.234375,24,23,4,15,32,1168,722,446,84,442,726,7.40704832191781,7.72545706371191,6.89159739910314,7.22619047619048,7.30866515837104,7.46694550964187,32
"35",2007,12,7.20625,48,7.4969696969697,6.56666666666667,7,7.14705882352941,7.23870967741935,33,15,3,17,31,1216,755,461,87,459,757,7.39912207236842,7.7154701986755,6.88102481561822,7.2183908045977,7.30267973856209,7.45759899603699,33
"36",2008,1,7.22181818181818,55,7.43488372093023,6.45833333333333,7,6.97727272727273,7.38484848484848,43,12,1,22,33,1271,798,473,88,481,790,7.39144959874115,7.70035087719298,6.87030114164905,7.21590909090909,7.28779625779626,7.45456005063291,34
"37",2008,2,7.51041666666667,48,7.66666666666667,7.25,7.22857142857143,7.58235294117647,7.47096774193548,30,18,7,17,31,1319,828,491,95,498,821,7.39577895375284,7.69913043478261,6.88422085539715,7.21684210526316,7.29785140562249,7.45517958587089,35
"38",2008,3,6.8875,38,7.40108695652174,6.1,6.25,6.9125,6.87857142857143,23,15,2,10,28,1357,851,506,97,508,849,7.38154564480472,7.69107520564042,6.86097320158103,7.19690721649485,7.2902657480315,7.43616306242638,36
"39",2008,4,7.65333333333333,45,7.91034482758621,7.1875,7.5,7.60714285714286,7.6741935483871,29,16,5,14,31,1402,880,522,102,522,880,7.39026921540656,7.69830113636364,6.87098168582375,7.21176470588235,7.29876436781609,7.44454822727273,37
"40",2008,5,7.02666666666667,45,7.3037037037037,6.61111111111111,6.7,7.05789473684211,7.00384615384615,27,18,5,19,26,1447,907,540,107,541,906,7.37896160331721,7.6865545755237,6.86231933333333,7.18785046728972,7.29030499075786,7.43190114790287,38
"41",2008,6,7.18620689655172,29,7.8375,6.38461538461539,6,6.875,7.3047619047619,16,13,2,8,21,1476,923,553,109,549,927,7.37517441734417,7.68917118093174,6.85108940325497,7.16605504587156,7.28425318761384,7.42902097087379,39
"42",2008,7,7.29035087719298,57,7.84444444444444,6.79166666666667,6.79411764705882,7.212,7.3515625,27,30,17,25,32,1533,950,583,126,574,959,7.37202050880626,7.69358421052631,6.84803162950257,7.11587301587302,7.281106271777,7.42643632950991,40
"43",2008,8,7.14258928571429,56,7.485,6.57190476190476,6.72727272727273,7.25625,7.07944444444444,35,21,11,20,36,1589,985,604,137,594,995,7.36393482693518,7.68617258883249,6.83843119205298,7.08467153284672,7.28026936026936,7.41388184924623,41
"44",2008,9,6.94,50,7.38888888888889,6.41304347826087,6.11111111111111,6.63888888888889,7.109375,27,23,9,18,32,1639,1012,627,146,612,1027,7.35100209884076,7.67824110671937,6.82282685805423,7.02465753424657,7.26140522875817,7.40439380720545,42
"45",2008,10,7.35,37,8.02045454545454,6.36666666666667,6.7,6.71428571428571,7.73695652173913,22,15,5,14,23,1676,1034,642,151,626,1050,7.35097997613365,7.68552224371373,6.81216890965732,7.01390728476821,7.24916932907348,7.41167851428571,43
"46",2008,11,7.2563829787234,47,7.38,7.11590909090909,7.61666666666667,7.82857142857143,7.01363636363636,25,22,9,14,33,1723,1059,664,160,640,1083,7.34839955890888,7.67830972615675,6.82223259036145,7.0478125,7.26184375,7.39954980609418,44
"47",2008,12,6.73947368421053,38,7.14285714285714,6.50416666666667,6.9375,7.53846153846154,6.324,14,24,8,13,25,1761,1073,688,168,653,1108,7.33525976149915,7.67132339235787,6.81113726744186,7.04255952380952,7.26735068912711,7.37528198555957,45
"48",2009,1,7.15222222222222,45,7.61666666666667,6.62142857142857,6.85,7.39642857142857,7.04193548387097,24,21,13,14,31,1806,1097,709,181,667,1139,7.33069902547065,7.67012762078395,6.80551825105783,7.02872928176795,7.27005997001499,7.36620934152765,46
"49",2009,2,7.11730769230769,78,7.47916666666667,6.80714285714286,7.13636363636364,7.08695652173913,7.13,36,42,11,23,55,1884,1133,751,192,690,1194,7.32186435244161,7.66406001765225,6.80560910785619,7.03489583333333,7.26395652173913,7.35532867671692,47
"50",2009,3,6.59322033898305,59,6.79791666666667,6.45285714285714,6.15,6.58571428571429,6.59555555555556,24,35,10,14,45,1943,1157,786,202,704,1239,7.29973877509007,7.64609334485739,6.78990132315522,6.99108910891089,7.25046875,7.32773401129943,48
"51",2009,4,7.08266666666667,75,7.38275862068966,6.89347826086957,6.42222222222222,6.45,7.28245614035088,29,46,9,18,57,2018,1186,832,211,722,1296,7.29167117938553,7.63965430016863,6.79562793269231,6.96682464454976,7.23051246537396,7.32574262345679,49
"52",2009,5,6.95681818181818,66,7.65166666666667,6.37777777777778,5.85714285714286,6.44642857142857,7.09423076923077,30,36,7,14,52,2084,1216,868,218,736,1348,7.28106642994242,7.63995065789473,6.77829774193549,6.93119266055046,7.21559782608696,7.31681189910979,50
"53",2009,6,7.20208333333333,48,7.50909090909091,6.94230769230769,6.85714285714286,7.58333333333333,7.14761904761905,22,26,7,6,42,2132,1238,894,225,742,1390,7.2792881988743,7.63762520193861,6.78306760626398,6.92888888888889,7.21857142857143,7.3116995971223,51
"54",2009,7,6.65853658536585,41,7.36842105263158,6.04545454545455,6.6,6.91666666666667,6.55172413793103,19,22,10,12,29,2173,1257,916,235,754,1419,7.2675759042798,7.63355608591885,6.76535200873363,6.91489361702128,7.21376657824934,7.29616803382664,52
"55",2009,8,6.81,50,7.23684210526316,6.54838709677419,6.34615384615385,7.30769230769231,6.63513513513514,19,31,13,13,37,2223,1276,947,248,767,1456,7.257284048583,7.62764890282131,6.75824967265048,6.88508064516129,7.21535853976532,7.27936980769231,53
"56",2009,9,7.11818181818182,55,7.45833333333333,6.85483870967742,7,6.91666666666667,7.17441860465116,24,31,6,12,43,2278,1300,978,254,779,1499,7.25392556628622,7.62452307692307,6.76131128834356,6.88779527559055,7.21075738125802,7.27635919946631,54
"57",2009,10,6.86666666666667,54,7.23333333333333,6.5,6,6.76923076923077,6.89756097560976,27,27,9,13,41,2332,1327,1005,263,792,1540,7.24495816466552,7.61656367746797,6.75429098507463,6.8574144486692,7.2035101010101,7.26627431168831,55
"58",2009,11,7.15538461538462,65,7.50689655172414,6.87222222222222,7.19166666666667,6.62857142857143,7.3,29,36,12,14,51,2397,1356,1041,275,806,1591,7.24252917813934,7.61421828908554,6.7583692987512,6.872,7.19352357320099,7.26735539912005,56
"59",2009,12,6.98510638297872,47,7.46666666666667,6.759375,6.63846153846154,6.58333333333333,7.12285714285714,15,32,13,12,35,2444,1371,1073,288,818,1626,7.23757873977087,7.61260393873085,6.7583992917055,6.86145833333333,7.18457212713936,7.26424504305043,57
"60",2010,1,6.77931034482759,58,7.33478260869565,6.41428571428571,5.95454545454545,7.66363636363636,6.57234042553192,23,35,11,11,47,2502,1394,1108,299,829,1673,7.22695541167066,7.60802008608321,6.74752927797834,6.82809364548495,7.19092882991556,7.24480719665272,58
"61",2010,2,7.16145833333333,48,7.7,6.666,7,6.73125,7.2475,23,25,5,8,40,2550,1417,1133,304,837,1713,7.2257225254902,7.60951305575159,6.74573030891439,6.83092105263158,7.18653524492234,7.24487007589025,59
"62",2010,3,7.03846153846154,26,7.75,6.59375,7,7.16666666666667,7.02173913043478,10,16,4,3,23,2576,1427,1149,308,840,1736,7.2238324689441,7.61049754730203,6.74361395996519,6.83311688311688,7.18646428571429,7.24191384792626,60
"63",2010,4,7.14090909090909,44,7.62380952380952,6.7,7.0625,7.23076923076923,7.10322580645161,21,23,8,13,31,2620,1448,1172,316,853,1767,7.22243986259542,7.61069060773481,6.74275805460751,6.83892405063291,7.18713950762017,7.23948072439162,61
"64",2010,5,7.41875,32,7.6875,7.15,8,7.65384615384615,7.2578947368421,16,16,2,13,19,2652,1464,1188,318,866,1786,7.22480861236803,7.61153005464481,6.7482427946128,6.84622641509434,7.1941454965358,7.23967661814109,62
"65",2010,6,7.26612903225806,31,7.91875,6.57,7.06,7.81,7.16153846153846,16,15,5,5,26,2683,1480,1203,323,871,1812,7.22528603801715,7.61485135135135,6.74602031587697,6.84953560371517,7.19768082663605,7.23855543046357,63
"66",2010,7,7.20344827586207,29,7.71428571428571,6.72666666666667,6.5,7.4875,7.09523809523809,14,15,4,8,21,2712,1494,1218,327,879,1833,7.2250525221239,7.61578313253012,6.74578197044335,6.84525993883792,7.20031854379977,7.23691349699945,64
"67",2010,8,6.93035714285714,28,7.79090909090909,6.37352941176471,7.20833333333333,7.375,6.80909090909091,11,17,6,6,22,2740,1505,1235,333,885,1855,7.22204103649635,7.61706312292359,6.74065784615385,6.8518018018018,7.20150282485876,7.23183959029649,65
"68",2010,9,7.11363636363636,33,7.55,6.92391304347826,7,7.6,7.02678571428571,10,23,7,5,28,2773,1515,1258,340,890,1883,7.22075097006852,7.61662046204621,6.74400829888712,6.85485294117647,7.20374157303371,7.22879046202868,66
"69",2010,10,7.00909090909091,33,7.41428571428571,6.71052631578947,6.85714285714286,7,7.01304347826087,14,19,7,10,23,2806,1529,1277,347,900,1906,7.21826173913044,7.61476782210595,6.74351013312451,6.85489913544668,7.20147777777778,7.22618700944386,67
"70",2010,11,7.10810810810811,37,7.35714285714286,6.95652173913043,6.25,6.79166666666667,7.26,14,23,6,12,25,2843,1543,1300,353,912,1931,7.21682815335913,7.61243033052495,6.7472788,6.84461756373938,7.19608552631579,7.22662477472812,68
"71",2010,12,6.90789473684211,38,7.46875,6.5,6,6.44444444444444,7.05172413793103,16,22,6,9,29,2881,1559,1322,359,921,1960,7.21275336341548,7.61095574085953,6.74316372163389,6.83050139275766,7.18874049945711,7.22403695918367,69
"72",2011,1,7.123,50,7.24259259259259,6.98260869565217,7.33333333333333,6.9375,7.15833333333333,27,23,3,8,42,2931,1586,1345,362,929,2002,7.21122225861481,7.60468474148802,6.7472583197026,6.83466850828729,7.18657696447793,7.22265856143856,70
"73",2011,2,7.22179487179487,39,7.525,6.90263157894737,6.9,7.65,7.07413793103448,20,19,6,10,29,2970,1606,1364,368,939,2031,7.21136109090909,7.60369240348692,6.74942260997067,6.83573369565217,7.19151224707135,7.22053788281634,71
"74",2011,3,6.96,45,7.48695652173913,6.40909090909091,6.125,6.8,6.98,23,22,8,5,40,3015,1629,1386,376,944,2071,7.20760943283582,7.60204419889503,6.74402051948052,6.82061170212766,7.18943855932203,7.21589205214872,72
"75",2011,4,7.32410344827586,29,7.39495,7.16666666666667,8,7.21111111111111,7.37495,20,9,1,9,20,3044,1649,1395,377,953,2091,7.20871926412615,7.5995324439054,6.7467472688172,6.8237400530504,7.18964323189927,7.21741340985174,73
"76",2011,5,6.98513513513513,37,7.26666666666667,6.615625,6.25,7.01,6.97592592592593,21,16,4,10,27,3081,1670,1411,381,963,2118,7.20603422265498,7.59534670658683,6.74526041105599,6.81771653543307,7.18777777777778,7.21433495750708,74
"77",2011,6,7.47564102564103,39,7.75652173913043,7.071875,6.93333333333333,7.42333333333333,7.50833333333333,23,16,6,15,24,3120,1693,1427,387,978,2142,7.20940430769231,7.59753632604843,6.74892252277505,6.81950904392765,7.19139059304704,7.21762905695611,75
"78",2011,7,6.91923076923077,26,7.6,6.75714285714286,6.75,7.125,6.82777777777778,5,21,8,8,18,3146,1698,1448,395,986,2160,7.20700617927527,7.59754358068316,6.74904174033149,6.81810126582278,7.19085192697769,7.21438029629629,76
"79",2011,8,7.11071428571429,28,7.3125,6.84166666666667,6.6,7.03571428571429,7.13571428571429,16,12,5,7,21,3174,1714,1460,400,993,2181,7.20615672337744,7.59488273045508,6.74980304109589,6.815375,7.1897583081571,7.2136228519028,77
"80",2011,9,7.21296296296296,27,7.04166666666667,7.35,7.0625,7.02777777777778,7.30555555555556,12,15,4,9,18,3201,1726,1475,404,1002,2199,7.20621413308341,7.59103650057937,6.75590673898305,6.81782178217822,7.18830339321357,7.21437537062301,78
"81",2011,10,7.09230769230769,26,7.36666666666667,6.85714285714286,7.25,8,6.92727272727273,12,14,4,4,22,3227,1738,1489,408,1006,2221,7.20529638673691,7.58948734177215,6.75685858965749,6.82205882352941,7.19153081510935,7.21153149031967,79
"82",2011,11,7.125,52,7.89230769230769,6.35769230769231,6.77777777777778,7.42142857142857,7.01578947368421,26,26,9,14,38,3279,1764,1515,417,1020,2259,7.20402300701434,7.59395068027211,6.75000821122112,6.82110311750599,7.19468627450981,7.2082387959274,80
"83",2011,12,6.88709677419355,31,7.28125,6.46666666666667,6.8,6.92857142857143,6.875,16,15,5,7,24,3310,1780,1530,422,1027,2283,7.20105481570997,7.59113988764045,6.74723035294118,6.82085308056872,7.19287244401169,7.20473562855891,81
"84",2012,1,6.80606060606061,33,7.44615384615385,6.39,6.33333333333333,7.5,6.61923076923077,13,20,6,7,26,3343,1793,1550,428,1034,2309,7.19715568052648,7.59008867819297,6.74262092903226,6.81401869158878,7.19495164410058,7.19814267648332,82
"85",2012,2,6.996875,32,7.61111111111111,6.20714285714286,6.38,6.59,7.18181818181818,18,14,5,10,22,3375,1811,1564,433,1044,2331,7.19525672296297,7.5902976256212,6.73782764705882,6.80900692840647,7.18915708812261,7.1979886057486,83
"86",2012,3,7.26315789473684,19,8,7.06666666666667,6.66666666666667,6.83333333333333,7.34375,4,15,3,3,16,3394,1815,1579,436,1047,2347,7.19563684148498,7.59120055096419,6.74095151361621,6.80802752293578,7.18813753581662,7.19898229228802,84
"87",2012,4,6.46363636363636,22,7,6.09230769230769,6.33333333333333,6.16666666666667,6.51052631578947,9,13,3,3,19,3416,1824,1592,439,1050,2366,7.19092255269321,7.58828344298246,6.73565479899498,6.80478359908884,7.18521904761905,7.19345369399831,85
"88",2012,5,6.92608695652174,23,7.33,6.61538461538461,6.7,7.33333333333333,6.865,10,13,5,3,20,3439,1834,1605,444,1053,2386,7.18915133469032,7.58687513631407,6.73468064797508,6.8036036036036,7.18564102564103,7.19070051969824,86
"89",2012,6,7.19540384615385,26,7.57561111111111,6.99411764705882,6.83333333333333,7.43116666666667,7.07058823529412,9,17,3,9,17,3465,1843,1622,447,1062,2403,7.18919825108225,7.58682013022246,6.73739977805179,6.80380313199105,7.18772175141243,7.18985078651685,87
"90",2012,7,7.17277777777778,18,7.45,6.82625,6.85,7,7.22214285714286,10,8,4,4,14,3483,1853,1630,451,1066,2417,7.1891133907551,7.58608175930923,6.73783585276074,6.80421286031042,7.18701735459662,7.19003783202317,88
"91",2012,8,6.83478260869565,23,7.36363636363636,6.35,6,6.7,6.87222222222222,11,12,1,5,18,3506,1864,1642,452,1071,2435,7.18678891614376,7.58476904506438,6.73500148599269,6.80243362831858,7.18474369747899,7.18768847638604,89
"92",2012,9,7.18636363636364,22,7.85,6.63333333333333,6.33333333333333,6.825,7.39285714285714,10,12,3,8,14,3528,1874,1654,455,1079,2449,7.18678626417234,7.58618436499466,6.7342638694075,6.79934065934066,7.18207645968489,7.18886134748877,90
"93",2012,10,7.138,25,7.16875,7.08333333333333,7,6.7,7.2475,16,9,3,5,20,3553,1890,1663,458,1084,2469,7.18644298902336,7.58265052910053,6.73615300060132,6.80065502183406,7.1798528597786,7.18933634669907,91
"94",2012,11,7.576,25,7.97272727272727,7.26428571428571,7.5,7.4875,7.61764705882353,11,14,3,8,17,3578,1901,1677,461,1092,2486,7.18916487982113,7.58490768016833,6.7405619797257,6.80520607375271,7.18210668498169,7.1922652614642,92
"95",2012,12,7.3,26,7.85833333333333,6.82142857142857,7,7.66666666666667,7.25217391304348,12,14,3,3,23,3604,1913,1691,464,1095,2509,7.1899644672586,7.58662284370099,6.7412314843288,6.80646551724138,7.18343424657534,7.19281444400159,93
"96",2013,1,6.55833333333333,30,6.84615384615385,6.33823529411765,6.5,6,6.59821428571429,13,17,4,2,28,3634,1926,1708,468,1097,2537,7.1847501210787,7.5816248701973,6.73722039812646,6.80384615384615,7.18127666362808,7.18625204572329,94
"97",2013,2,6.74137931034483,29,7.25,6.47368421052632,6.44444444444444,5.25,6.98,10,19,9,4,25,3663,1936,1727,477,1101,2562,7.18123995085995,7.57991193181818,6.73432104226983,6.79706498951782,7.17426021798365,7.18423943793911,95
"98",2013,3,6.30909090909091,22,6.9375,5.95,7.5,7.08333333333333,6.01875,8,14,2,6,16,3685,1944,1741,479,1107,2578,7.17603309090909,7.57726826131687,6.72801403790925,6.8,7.17376738934056,7.17700598913887,96
"99",2013,4,7.27272727272727,22,7.77777777777778,6.92307692307692,6.75,6.5,7.44444444444444,9,13,4,4,18,3707,1953,1754,483,1111,2596,7.17660694362018,7.57819226830517,6.72945977194983,6.79958592132505,7.17134158415842,7.17886033898305,97
"100",2013,5,7.09047619047619,21,7.25,6.87777777777778,6,8.15,6.84117647058823,12,9,3,4,17,3728,1965,1763,486,1115,2613,7.17612176502146,7.57618804071247,6.73021692569484,6.79465020576132,7.17485246636771,7.17666339073861,98
"101",2013,6,7.43571428571429,14,7.76666666666667,7.1875,6.33333333333333,7.5,7.425,6,8,3,2,12,3742,1971,1771,489,1117,2625,7.17709298236238,7.57676788432268,6.73228257481649,6.7918200408998,7.17543464637422,7.17779864380952,99
"102",2013,7,6.859375,16,7.5875,6.13125,6.25,6,6.98214285714286,8,8,3,2,14,3758,1979,1779,492,1119,2639,7.17574027142097,7.57681126831733,6.72957978639685,6.7885162601626,7.17333378016086,7.17676068207654,100
"103",2013,8,7.03333333333333,15,7,7.05555555555556,7,7.16666666666667,7,6,9,4,3,12,3773,1985,1788,496,1122,2651,7.175174116088,7.5750677581864,6.73122060402685,6.79022177419355,7.17331595365419,7.17596055827989,101
"104",2013,9,7.35,17,7.77222222222222,6.875,6.25,7.08333333333333,7.49545454545455,9,8,4,6,11,3790,1994,1796,500,1128,2662,7.17595829551451,7.57595762286861,6.7318610467706,6.7859,7.17283732269504,7.17728078136739,102
"105",2013,10,6.76666666666667,15,7,6.68181818181818,6.91666666666667,6,7.04545454545455,4,11,6,4,11,3805,1998,1807,506,1132,2673,7.17434479369251,7.57480455455455,6.73155641394577,6.78745059288538,7.16869302120141,7.1767382865694,103
"106",2013,11,6.54736842105263,19,7.19,5.83333333333333,8,5.5,6.74375,10,9,1,3,16,3824,2008,1816,507,1135,2689,7.17122958682009,7.57288819721116,6.72710486784141,6.78984220907298,7.16428237885463,7.17416193380439,104
"107",2013,12,6.97176470588235,34,7.3447619047619,6.36923076923077,5.55,6.6875,7.05923076923077,21,13,6,8,26,3858,2029,1829,513,1143,2715,7.16947173146708,7.57052710694924,6.72456120284308,6.77534113060429,7.16094531933508,7.1730613038674,105
"108",2014,1,7.04117647058824,34,7.36428571428571,6.815,6.28571428571429,6.72,7.09655172413793,14,20,7,5,29,3892,2043,1849,520,1148,2744,7.16835096094553,7.56911380323054,6.72553944835046,6.76875,7.15902482578397,7.17225271137026,106
"109",2014,2,7.01363636363636,22,7.53333333333333,6.65384615384615,6.625,6.83333333333333,7.04210526315789,9,13,4,3,19,3914,2052,1862,524,1151,2763,7.16748133367399,7.56895687134503,6.72503890440387,6.76765267175572,7.15817593397046,7.17135774158523,107
"110",2014,3,7.11333333333333,15,7.95714285714286,6.375,5.5,6.5,7.26666666666667,7,8,2,3,12,3929,2059,1870,526,1154,2775,7.16727460931535,7.57027659057795,6.7235414117647,6.76283269961977,7.15646490467938,7.17176988828829,108
"111",2014,4,6.72380952380952,21,7.18333333333333,6.11111111111111,6.75,6.75,6.71764705882353,12,9,2,4,17,3950,2071,1879,528,1158,2792,7.16491694683545,7.56803452438436,6.72060800425758,6.76278409090909,7.15506088082901,7.16900481375358,109
"112",2014,5,6.955,20,7.05,6.89166666666667,6,7.33333333333333,6.88823529411765,8,12,4,3,17,3970,2079,1891,532,1161,2809,7.16385943073048,7.56604112554113,6.72169351665785,6.75704887218045,7.15552153316107,7.16730560341759,110
"113",2014,6,6.61666666666667,18,6.6,6.625,6.375,7,6.50714285714286,6,12,4,4,14,3988,2085,1903,536,1165,2823,7.16138965396189,7.56326115107914,6.72108378349974,6.75419776119403,7.15498755364807,7.16403168260715,111
"114",2014,7,6.99333333333333,15,7.74,5.5,5.125,8.06666666666667,6.27777777777778,10,5,4,6,9,4003,2095,1908,540,1171,2832,7.16075991506371,7.56410477326969,6.71788387840671,6.74212962962963,7.15965883859949,7.16121519774011,112
"115",2014,8,6.61785714285714,14,7.1,6.425,6.1,6,6.865,4,10,5,4,10,4017,2099,1918,545,1175,2842,7.15886779686333,7.56322034302049,6.71635685088634,6.73623853211009,7.15571106382979,7.16017292047853,113
"116",2014,9,7.125,16,7.91666666666667,6.65,6.4,7.375,7.04166666666667,6,10,5,4,12,4033,2105,1928,550,1179,2854,7.15873343416812,7.56422779097387,6.71601267634855,6.73318181818182,7.1564550466497,7.15967464611072,114
"117",2014,10,6.5,13,6.91666666666667,6.14285714285714,5.5,6.33333333333333,6.55,6,7,3,3,10,4046,2111,1935,553,1182,2864,7.15661689075631,7.56238725722406,6.71393924547804,6.72649186256781,7.15436590524535,7.15754589385475,115
"118",2014,11,6.76190476190476,21,7.31818181818182,6.15,5.66666666666667,5,6.94736842105263,11,10,3,2,19,4067,2122,1945,556,1184,2883,7.1545787902631,7.56112134778511,6.71103981491003,6.72077338129496,7.15072677364865,7.15616074921956,116
"119",2014,12,7.01818181818182,22,7.44444444444444,6.72307692307692,7.2,7.7,6.86666666666667,9,13,7,4,18,4089,2131,1958,563,1188,2901,7.15384493519198,7.56062857813233,6.71111973442288,6.72673179396092,7.15257617845118,7.15436450879007,117
"120",2015,1,6.82,25,7.16666666666667,6.5,6.75,7.9,6.55,12,13,2,5,20,4114,2143,1971,565,1193,2921,7.15181622265435,7.55842253849743,6.70972726534754,6.72681415929203,7.15570871751886,7.15022644299897,118
"121",2015,2,6.95961538461538,26,7.26538461538462,6.65384615384615,6.91666666666667,7.55,6.81904761904762,13,13,6,5,21,4140,2156,1984,571,1198,2942,7.15060916425121,7.5566556122449,6.70936110887097,6.72880910683012,7.15735434056761,7.14786248810333,119
"122",2015,3,7.02,25,7.38461538461539,6.625,5.91666666666667,7.1,7,13,12,6,5,20,4165,2169,1996,577,1203,2962,7.14982519567828,7.5556244813278,6.70885392785571,6.72036395147314,7.15711596009975,7.14686409182984,120
"123",2015,4,7.08181818181818,11,7.8,6.48333333333333,6.8,7.06666666666667,7.1,5,6,3,6,5,4176,2174,2002,580,1209,2967,7.14964605842912,7.5561865225391,6.70817804195804,6.72077586206897,7.1566670802316,7.14678511627907,121
"124",2015,5,7.76666666666667,15,8.05,7.2,6.875,7.5,7.80769230769231,10,5,4,2,13,4191,2184,2007,584,1211,2980,7.15185443569554,7.55844757326007,6.70940330842053,6.72183219178082,7.15723410404624,7.14966826845637,122
"125",2015,6,6.83947368421053,19,7.42142857142857,6.5,6.71428571428571,7.4375,6.68,7,12,7,4,15,4210,2191,2019,591,1215,2995,7.15044464133017,7.55800981287084,6.70815871223378,6.72174280879865,7.15815679012346,7.1473160066778,123
"126",2015,7,6.41666666666667,15,6.20833333333333,6.55555555555556,7.125,7.25,5.86111111111111,6,9,4,6,9,4225,2197,2028,595,1221,3004,7.14783951242604,7.55432385070551,6.70748147928994,6.7244537815126,7.15860810810811,7.14346252996005,124
"127",2015,8,6.76578947368421,19,6.73333333333333,6.82142857142857,6.85,7.125,6.6,12,7,5,6,13,4244,2209,2035,600,1227,3017,7.14612910933082,7.54986396559529,6.70787343488943,6.7255,7.15844376528117,7.14112079549221,125
"128",2015,9,6.69473684210526,19,7.45714285714286,6.25,5.66666666666667,7.5,6.6,7,12,6,2,17,4263,2216,2047,606,1229,3034,7.14411727422004,7.54957107400722,6.70518927210552,6.71501650165016,7.15899959316517,7.13808880685563,126
"129",2015,10,6.65625,16,7.21428571428571,6.22222222222222,6.66666666666667,6.625,6.66666666666667,7,9,3,4,12,4279,2223,2056,609,1233,3046,7.142293045104,7.54851529464687,6.70307511673152,6.71477832512315,7.15726723438767,7.13623159553513,127
"130",2015,11,6.97916666666667,24,7.3,6.53,7,7.6,6.81578947368421,14,10,3,5,19,4303,2237,2066,612,1238,3065,7.14138320706484,7.54695999105946,6.70223738625363,6.71617647058823,7.15905533117932,7.1342451680261,128
"131",2015,12,6.81034482758621,29,6.875,6.73076923076923,7.5,6.83333333333333,6.80434782608696,16,13,4,6,23,4332,2253,2079,616,1244,3088,7.13916711449677,7.54218797159343,6.70241579605579,6.72126623376623,7.15748432475884,7.13178803108808,129
"132",2016,1,6.125,18,6.5625,5.775,4.5625,4.5,6.58928571428571,8,10,4,4,14,4350,2261,2089,620,1248,3102,7.13497056091954,7.53872158337019,6.69797627573001,6.70733870967742,7.14896674679487,7.1293396002579,130
"133",2016,2,7.14444444444444,9,7.16666666666667,7.13333333333333,7.3,7.5,7.1,3,6,1,1,8,4359,2264,2095,621,1249,3110,7.13499012158752,7.53822857773852,6.69922312171838,6.70829307568438,7.14924779823859,7.12926412861736,131
"134",2016,3,6.69444444444444,27,7.13,6.43823529411765,5.375,7.14,6.59318181818182,10,17,6,5,22,4386,2274,2112,627,1254,3132,7.13227814409485,7.53643337730871,6.69712236742424,6.69553429027113,7.14921092503987,7.1254985440613,132
"135",2016,4,6.83333333333333,15,6.77272727272727,7,7,6.5,6.88461538461539,11,4,2,2,13,4401,2285,2116,629,1256,3145,7.131259245626,7.53275689277899,6.69769491493384,6.69650238473768,7.14817714968153,7.12450284260731,133
"136",2016,5,6.83333333333333,9,7.08333333333333,6.33333333333333,7,7.5,6.75,6,3,1,1,8,4410,2291,2119,630,1257,3153,7.1306512335601,7.53157987778263,6.69717906559698,6.69698412698413,7.14845704057279,7.12355262924199,134
"137",2016,6,6.75,20,6.65,6.85,6.25,6.2,6.93333333333333,10,10,6,5,15,4430,2301,2129,636,1262,3168,7.12893271783296,7.52774858757062,6.69789687177078,6.69276729559748,7.14469928684627,7.12265196969697,135
"138",2016,7,6.47272727272727,11,6.84,6.16666666666667,7,7,6.35555555555556,5,6,1,2,9,4441,2306,2135,637,1264,3177,7.12730734969602,7.52625737207285,6.69640395316159,6.69324960753532,7.14447033227848,7.12047889203651,136
"139",2016,8,6.39473684210526,19,7.2,6.10714285714286,5.4,5.33333333333333,6.59375,5,14,5,3,16,4460,2311,2149,642,1267,3193,7.12418653363229,7.52555149286023,6.69256511865984,6.68317757009346,7.140181925809,7.11783947384904,137
"140",2016,9,6.78571428571429,14,6.92857142857143,6.64285714285714,7,7.5,6.59090909090909,7,7,3,3,11,4474,2318,2156,645,1270,3204,7.12312738936076,7.52374870578085,6.69240372912801,6.6846511627907,7.14103188976378,7.11603041198502,138
"141",2016,10,6.59523809523809,21,7.05,6.18181818181818,7,5.66666666666667,6.75,10,11,3,3,18,4495,2328,2167,648,1273,3222,7.12066116573972,7.52171370274914,6.68981192431933,6.68611111111111,7.13755734485467,7.11398554934823,139
"142",2016,11,7.3,26,7.70833333333333,6.95,6.4,7,7.35454545454545,12,14,2,4,22,4521,2340,2181,650,1277,3244,7.12169253262553,7.52267072649573,6.69148209078404,6.68523076923077,7.13712646828504,7.11561696670777,140
"143",2016,12,6.83095238095238,21,7.2,6.49545454545455,6.11666666666667,7.16666666666667,6.775,10,11,3,3,18,4542,2350,2192,653,1280,3262,7.12034829150155,7.52129765957447,6.69049837591241,6.68261868300153,7.137195703125,7.11373741263029,141
"144",2017,1,7.02083333333333,24,7.35555555555556,6.82,6.88333333333333,7.525,6.92,9,15,6,4,20,4566,2359,2207,659,1284,3282,7.11982521681998,7.52066532428995,6.69137854100589,6.68444613050076,7.13840381619938,7.11255680682511,142
"145",2017,2,6.86470588235294,17,7.42857142857143,6.47,6.5,7,6.85625,7,10,3,1,16,4583,2366,2217,662,1285,3298,7.1188788871918,7.52039285714286,6.6903799909788,6.68361027190332,7.13829610894942,7.1113133535476,143
"146",2017,3,6.62631578947368,19,7.33333333333333,6.3,6.625,7,6.52666666666667,6,13,4,4,15,4602,2372,2230,666,1289,3313,7.11684527162104,7.51991968802698,6.68810423318386,6.68325825825826,7.1378669511249,7.10866629640809,144
"147",2017,4,6.57894736842105,19,6.77777777777778,6.4,5.33333333333333,7,6.42857142857143,9,10,3,5,14,4621,2381,2240,669,1294,3327,7.11463361610042,7.51711444771105,6.68681805357143,6.6772047832586,7.13733423493045,7.1058044604749,145
"148",2017,5,6.35714285714286,14,6.38888888888889,6.3,NA,7,6.30769230769231,9,5,0,1,13,4635,2390,2245,669,1295,3340,7.11234561812298,7.51286589958159,6.68595654342984,6.6772047832586,7.13722818532819,7.10269803592814,146
"149",2017,6,6.625,16,6.5,6.66666666666667,7.75,5.85714285714286,7.22222222222222,4,12,4,7,9,4651,2394,2257,673,1302,3349,7.11066909051817,7.51117355889724,6.68585398316349,6.68358098068351,7.13034600614439,7.10301924156465,147
"150",2017,7,6.21428571428571,14,7.8,5.33333333333333,6,7.33333333333333,5.90909090909091,5,9,2,3,11,4665,2399,2266,675,1305,3360,7.10797897963559,7.51177553147145,6.68048210061783,6.68155555555556,7.13081264367816,7.09911054761905,148
"151",2017,8,6.33125,16,6.525,6.26666666666667,6.4,6.33333333333333,6.33076923076923,4,12,5,3,13,4681,2403,2278,680,1308,3373,7.10532406323436,7.5101329588015,6.67830221246708,6.67948529411765,7.12898356269113,7.09614925585532,149
"152",2017,9,6.64615384615385,13,7.58333333333333,5.84285714285714,5.46666666666667,6.48,6.75,6,7,3,5,8,4694,2409,2285,683,1313,3381,7.10405239454624,7.51031527604815,6.67574286214442,6.67415812591508,7.12651218583397,7.09533020999704,150
"153",2017,10,7,7,7.16666666666667,6,NA,NA,7,6,1,0,0,7,4701,2415,2286,683,1313,3388,7.10389745586046,7.50946149068323,6.6754472615923,6.67415812591508,7.12651218583397,7.09513324675325,151
"154",2017,11,7.02142857142857,14,6.9375,7.13333333333333,6,6.33333333333333,7.20909090909091,8,6,1,3,11,4715,2423,2292,684,1316,3399,7.10365258536586,7.50757304993809,6.67664591623037,6.67317251461988,7.12470402735562,7.09550204177699,152
"155",2017,12,6.40882352941177,17,7.25,6.29666666666667,5.88333333333333,6.83333333333333,6.31785714285714,2,15,3,3,14,4732,2425,2307,687,1319,3413,7.10115636939984,7.5073606185567,6.67417530992631,6.66972343522562,7.1240413191812,7.09231217111046,153
"156",2018,1,7.04545454545455,11,7.58333333333333,6.4,5,7,7.05,6,5,1,1,10,4743,2431,2312,688,1320,3423,7.10102718532575,7.50754812834225,6.67358237024221,6.66729651162791,7.12394734848485,7.09218855974292,154
"157",2018,2,6.65,18,7.4625,6,5.75,6.9,6.55384615384615,8,10,6,5,13,4761,2439,2322,694,1325,3436,7.09932197857593,7.50740036900369,6.67068149870801,6.65936599423631,7.12310226415094,7.09015175785797,155
"158",2018,3,7.55833333333333,12,7.7375,7.2,7,7,7.67,8,4,2,2,10,4773,2447,2326,696,1327,3446,7.10047599832391,7.50815263588067,6.67159176268272,6.66034482758621,7.12291672946496,7.09183442832269,156
"159",2018,4,6.73076923076923,13,6.875,6.5,7,5,6.875,8,5,1,1,12,4786,2455,2331,697,1328,3458,7.09947178019223,7.50608940936864,6.6712236979837,6.66083213773314,7.12131814759036,7.0910819664546,157
"160",2018,5,7.05357142857143,14,7.83333333333333,6.46875,6.58333333333333,7,7.05769230769231,6,8,3,1,13,4800,2461,2339,700,1329,3471,7.09933790416667,7.50688724095896,6.67053118426678,6.6605,7.12122686230248,7.09095691155287,158
"161",2018,6,6.5,16,7,6,6.08333333333333,6,6.72727272727273,8,8,6,5,11,4816,2469,2347,706,1334,3482,7.09734674833888,7.50524483596598,6.66824560715807,6.65559490084986,7.11702436281859,7.08980799540494,159
"162",2018,7,6.91428571428571,14,7.2,6.62857142857143,6.66666666666667,6,7.16363636363636,7,7,3,3,11,4830,2476,2354,709,1337,3493,7.09681613664597,7.50438186591276,6.66812762956669,6.65564174894217,7.11451795063575,7.0900404924134,160
"163",2018,8,7.35714285714286,7,7.58333333333333,6,NA,7.9,6,6,1,0,5,2,4837,2482,2355,709,1342,3495,7.09719287574944,7.50457272360999,6.66784392356688,6.65564174894217,7.11744448584203,7.08941672103004,161
"164",2018,9,6.13333333333333,15,7.07142857142857,5.3125,9,7.7,5.35,7,8,1,5,10,4852,2489,2363,710,1347,3505,7.09421309563067,7.50335456006428,6.663255370292,6.65894366197183,7.11960690423162,7.08445404850214,162
"165",2018,10,6.25692307692308,13,6.968,5.8125,5.83333333333333,6.5,6.23666666666667,5,8,3,1,12,4865,2494,2371,713,1348,3517,7.09197573278521,7.50228127506015,6.66038483340362,6.6554698457223,7.11914725519288,7.08156139891953,163
"166",2018,11,7.08333333333333,12,7.375,6.5,NA,8,6.9,8,4,0,2,10,4877,2502,2375,713,1350,3527,7.09195446791061,7.50187430055955,6.66011471157894,6.6554698457223,7.12045222222222,7.08104662319251,164
"167",2018,12,5.4385,8,5.9,5.1616,5,6.9,4.5616,3,5,2,3,5,4885,2505,2380,715,1353,3532,7.08924666120778,7.49995588822356,6.65696657142857,6.65083916083916,7.11996341463415,7.07748002265006,165
"168",2019,1,6.08181818181818,11,6.75,5.7,6.18,NA,6.08181818181818,4,7,5,0,11,4896,2509,2387,720,1353,3543,7.08698323937909,7.49876026305301,6.65416021784667,6.64756944444444,7.11996341463415,7.07438877787186,166
"169",2019,2,5.97083333333333,12,7.53,4.85714285714286,4,5.325,6.1,5,7,3,2,10,4908,2514,2394,723,1355,3553,7.08425426650367,7.4988223945903,6.64890578111946,6.6365836791148,7.11731402214022,7.07164633830566,167
"170",2019,3,6.41111111111111,18,6.5625,6.29,7.7,8.4,6.29411764705882,8,10,2,1,17,4926,2522,2404,725,1356,3570,7.08179454730005,7.4958522997621,6.64741282861896,6.63951724137931,7.11825995575221,7.06794382072829,168
"171",2019,4,6.81578947368421,19,7,6.70833333333333,6.25,7,6.79411764705882,7,12,2,2,17,4945,2529,2416,727,1358,3587,7.08077248533873,7.49447983392646,6.64771541390728,6.63844566712517,7.11808578792342,7.06664606635071,169
"172",2019,5,6.83333333333333,9,7.33333333333333,6.58333333333333,7,7.33333333333333,6.58333333333333,3,6,2,3,6,4954,2532,2422,729,1361,3593,7.08032295922487,7.49428890205372,6.64755592072667,6.63943758573388,7.11856024981631,7.06583897578625,170
"173",2019,6,6.44615384615385,13,7.25714285714286,5.5,6.66666666666667,3.5,6.98181818181818,7,6,3,2,11,4967,2539,2428,732,1363,3604,7.07866316488827,7.49363509255613,6.64472011532125,6.63954918032787,7.11325055025679,7.06558253052164,171
"174",2019,7,7.76153846153846,13,8.125,7.18,7.95,8,7.71818181818182,8,5,2,2,11,4980,2547,2433,734,1365,3615,7.08044577108434,7.49561817824892,6.64582015618577,6.64311989100817,7.11454981684982,7.06756830982019,172
"175",2019,8,6.8695652173913,23,7.97272727272727,5.85833333333333,5.15,6.5,6.90476190476191,11,12,4,2,21,5003,2558,2445,738,1367,3636,7.07947630221868,7.49766985926505,6.64195519018404,6.635027100271,7.11365069495245,7.06662800880088,173
"176",2019,9,7.5,9,7.5,7.5,7.5,7.25,7.57142857142857,4,5,1,2,7,5012,2562,2450,739,1369,3643,7.08023143256186,7.49767349726776,6.64370630204081,6.63619756427605,7.11384989043097,7.06759797968707,174
"177",2019,10,7.4,15,7.75,7,7.46666666666667,7.33333333333333,7.41666666666667,8,7,3,3,12,5027,2570,2457,742,1372,3655,7.08118558583649,7.49845894941634,6.64472138380138,6.63955525606469,7.11432981049563,7.06874403283174,175
"178",2019,11,6.5,12,6.8,6.28571428571429,6,7,6.45454545454545,5,7,2,1,11,5039,2575,2464,744,1373,3666,7.07980153601906,7.4971027184466,6.64370147727272,6.63783602150537,7.11424654042243,7.06690110201855,176
"179",2019,12,6.19285714285714,14,6.91428571428571,5.47142857142857,6,7.5,5.975,7,7,3,2,12,5053,2582,2471,747,1375,3678,7.07734414011479,7.49552265685515,6.6403805908539,6.63527443105756,7.11480763636364,7.06333861881457,177
"180",2020,1,6.60625,16,6.88571428571429,6.38888888888889,NA,6.83333333333333,6.55384615384615,7,9,0,3,13,5069,2589,2480,747,1378,3691,7.075857159203,7.49387388953264,6.63946791935483,6.63527443105756,7.11419484760522,7.0615441452181,178
"181",2020,2,6.47142857142857,14,6.38888888888889,6.62,7.6,8,6.35384615384615,9,5,1,1,13,5083,2598,2485,748,1379,3704,7.07419239425537,7.49004599692071,6.63942874849094,6.63656417112299,7.11483720087019,7.05906032397408,179
"182",2020,3,7.03571428571429,14,7.2,6.625,7,6.5,7.07692307692308,10,4,1,1,13,5097,2608,2489,749,1380,3717,7.07408670590544,7.48893385736197,6.63940556046604,6.63704939919893,7.11439166666667,7.05912279795534,180
"183",2020,4,6.6,10,8,6,6.5,6,6.66666666666667,3,7,4,1,9,5107,2611,2496,753,1381,3726,7.07315839827688,7.48952106472616,6.63761235576922,6.6363213811421,7.11358472121651,7.05817483628556,181
"184",2020,5,6.22222222222222,9,7,4.66666666666667,NA,6,6.33333333333333,6,3,0,3,6,5116,2617,2499,753,1384,3732,7.07166144253323,7.48839873901414,6.6352462745098,6.6363213811421,7.11117088150289,7.05700949624866,182
"185",2020,6,7.18181818181818,11,7.3125,6.83333333333333,7.25,9,7,8,3,2,1,10,5127,2625,2502,755,1385,3742,7.07189778427931,7.48786266666667,6.63548378896882,6.63794701986755,7.11253465703971,7.05685714591128,183
"186",2020,7,7.16538461538462,13,7.5375,6.57,7.28333333333333,7.13333333333333,7.175,8,5,3,3,10,5140,2633,2507,758,1388,3752,7.07213422957199,7.48801348271933,6.63535318707618,6.64050131926121,7.11257961095101,7.05717202558635,184
"187",2020,8,6.56363636363636,11,6.98,6.21666666666667,5.9,6.23333333333333,6.6875,5,6,2,3,8,5151,2638,2513,760,1391,3760,7.07104832847991,7.48705060652009,6.63435353760445,6.63855263157895,7.11068332135155,7.0563854893617,185
"188",2020,9,6.42857142857143,7,8.5,5.6,5,NA,6.42857142857143,2,5,1,0,7,5158,2640,2518,761,1391,3767,7.07017641333851,7.48781799242425,6.63229961874503,6.63639947437582,7.11068332135155,7.0552188585081,186
"189",2020,10,7.23333333333333,9,7.675,6.88,7,7.5,7.15714285714286,4,5,2,2,7,5167,2644,2523,763,1393,3774,7.07046060383202,7.48810117246596,6.632790503369,6.63735255570118,7.11124228284278,7.05540790673026,187
"190",2020,11,6.77272727272727,11,7.3,6.33333333333333,6,7.25,6.66666666666667,5,6,1,2,9,5178,2649,2529,764,1395,3783,7.06982810737737,7.48774613061533,6.63208004744958,6.63651832460733,7.11144121863799,7.05448306634946,188
"191",2020,12,6.91052631578947,19,7.21428571428571,6.73333333333333,6.35,6.9,6.91111111111111,7,12,4,1,18,5197,2656,2541,768,1396,3801,7.06924570713874,7.48702541415663,6.63255822117276,6.63502604166667,7.11128975644699,7.05380411470666,189
"192",2021,1,6.79166666666667,12,7.6875,5,5,7,6.75,8,4,3,2,10,5209,2664,2545,771,1398,3811,7.0686062468804,7.48762743993994,6.62999231434184,6.62866407263294,7.11113054363376,7.0530069378116,190
"193",2021,2,6.7,10,7.33333333333333,5.75,5,7.5,6.5,6,4,2,2,8,5219,2670,2549,773,1400,3819,7.06789996934279,7.48728071161049,6.62861139270301,6.62445019404916,7.11168607142857,7.0518485048442,191
"194",2021,3,6.16363636363636,11,6.5,5.76,6.2,6,6.18,6,5,4,1,10,5230,2676,2554,777,1401,3829,7.06599807648184,7.48506707772796,6.62691090054815,6.62226512226512,7.11089257673091,7.04957154348394,192
"195",2021,4,5.5,10,5.85714285714286,4.66666666666667,6.5,7,5.33333333333333,7,3,2,1,9,5240,2683,2557,779,1402,3838,7.06300953053436,7.48081979127842,6.62461104419241,6.62195121951219,7.1108134807418,7.04554701406983,193
"196",2021,5,7.175,4,7.23333333333333,7,NA,NA,7.175,3,1,0,0,4,5244,2686,2558,779,1402,3842,7.06309495423341,7.48054337304542,6.62475779515246,6.62195121951219,7.1108134807418,7.04568179073399,194
"197",2021,6,6.77,10,7.66666666666667,5.425,6.5,5,7.2125,6,4,2,2,8,5254,2692,2562,781,1404,3850,7.0625371031595,7.48095820950966,6.62288463700234,6.62163892445582,7.10780662393162,7.04602842597403,195
"198",2021,7,7.0006125,8,8.50245,6.5,6.3,7.75245,6.75,2,6,5,2,6,5262,2694,2568,786,1406,3856,7.06244295705056,7.4817165553081,6.62259752336448,6.61959287531807,7.10872361308677,7.04556780082988,196
"199",2021,8,6.8,11,6.875,6.6,6.8,7,6.75555555555556,8,3,1,2,9,5273,2702,2571,787,1408,3865,7.06189547506164,7.47992020725389,6.62257115519253,6.61982210927573,7.10856917613636,7.04489248124191,197
"200",2021,9,6.76,10,6.8,6.72,6.5,7.33333333333333,6.51428571428571,5,5,3,3,7,5283,2707,2576,790,1411,3872,7.06132402801439,7.47866435168083,6.62276026397515,6.61936708860759,7.10904705882353,7.0439332231405,198
"201",2021,10,6.11,10,6.51666666666667,5.5,5,5,6.58571428571429,6,4,1,3,7,5293,2713,2580,791,1414,3879,7.0595267031929,7.4765368227055,6.62101955038759,6.6173198482933,7.10457241867044,7.04310632637278,199
"202",2021,11,7.16,5,7.9,6.66666666666667,NA,7.8,7,2,3,0,1,4,5298,2715,2583,791,1415,3883,7.05962152510382,7.47684876611418,6.6210725667828,6.6173198482933,7.10506388692579,7.04306192119495,200
"203",2021,12,6.5,8,6.5,6.5,7,5.5,6.83333333333333,6,2,1,2,6,5306,2721,2585,792,1417,3889,7.05877776856389,7.4746947445792,6.62097889361701,6.61780303030303,7.10279844742413,7.04273834919002,201
"204",2022,1,7.05510526315789,19,7.96,6.73192857142857,7.45,6.885,7.10046666666667,5,14,2,4,15,5325,2726,2599,794,1421,3904,7.05876466478874,7.47558488628027,6.62157654482492,6.61989924433249,7.10218536242083,7.04296015368852,202
"205",2022,2,7.32777777777778,9,7.2375,7.4,NA,7.15,7.41666666666667,4,5,0,3,6,5334,2730,2604,794,1424,3910,7.05921856767904,7.47523604395605,6.62307121351766,6.61989924433249,7.10228609550562,7.04353361636829,203
"206",2022,3,7.34928571428571,14,7.55555555555556,6.978,6.5,7.018,7.53333333333333,9,5,1,5,9,5348,2739,2609,795,1429,3919,7.05997790575917,7.47549996349033,6.62375141433499,6.61974842767295,7.10199118264521,7.04465844348048,204
"207",2022,4,6.88625,8,7.0225,6.75,6,8,6.72714285714286,4,4,1,1,7,5356,2743,2613,796,1430,3926,7.05971841672891,7.47483937294933,6.62394467661691,6.61896984924623,7.10261916083916,7.04409231788079,205
"208",2022,5,6.58333333333333,12,6.125,7.5,NA,6,6.875,8,4,0,4,8,5368,2751,2617,796,1434,3934,7.05865347242921,7.47091399491094,6.62528369889185,6.61896984924623,7.09954351464435,7.04374845958312,206
"209",2022,6,6.1875,8,7.375,5,5.5,6,6.25,4,4,2,2,6,5376,2755,2621,798,1436,3940,7.05735711309524,7.47077473684211,6.62280329645173,6.61616541353383,7.09801211699164,7.04253970558376,207
"210",2022,7,6.77384615384615,13,7.152,6.5375,5,8,6.67166666666667,5,8,1,1,12,5389,2760,2629,799,1437,3952,7.0566731935424,7.47019724637681,6.62254372004564,6.61414267834793,7.09863980514962,7.04141357287449,208
"211",2022,8,6.81428571428571,14,7,6.56666666666667,7,6.7,6.84545454545455,8,6,1,3,11,5403,2768,2635,800,1440,3963,7.05604513048307,7.46883829479769,6.62241648576849,6.614625,7.09780930555556,7.0408696543023,209
"212",2022,9,7.27727272727273,11,7.65,6.625,NA,7.75,7.17222222222222,7,4,0,2,9,5414,2775,2639,800,1442,3972,7.0564946139638,7.46929527927928,6.62242040166729,6.614625,7.09871386962552,7.04116728096677,210
"213",2022,10,7.09090909090909,11,7.4,6.83333333333333,6.33333333333333,7,7.11111111111111,5,6,3,2,9,5425,2780,2645,803,1444,3981,7.05656439447005,7.46917064748202,6.62289884310018,6.61357409713574,7.0985771468144,7.04132540567697,211
"214",2022,11,6.85157142857143,14,7.11525,6.5,7,6,6.9935,8,6,2,2,12,5439,2788,2651,805,1446,3993,7.05603674204817,7.46815509325682,6.62262068653338,6.61453416149068,7.09705767634855,7.04118167793639,212
"215",2022,12,5.21428571428571,7,6.75,4.6,4.75,4,6.125,2,5,4,3,4,5446,2790,2656,809,1449,3997,7.0536694528094,7.46764028673835,6.61881304216867,6.6053152039555,7.09064554865424,7.04026480860645,213
