"","year","month","avg_rating","no_ratings","avg_rating_owned","avg_rating_not_owned","avg_rating_prev_owned","avg_rating_comment","avg_rating_no_comment","no_ratings_owned","no_ratings_not_owned","no_ratings_prev_owned","no_ratings_comment","no_ratings_no_comment","cum_no_ratings","cum_no_ratings_owned","cum_no_ratings_not_owned","cum_no_ratings_prev_owned","cum_no_ratings_comment","cum_no_ratings_no_comment","cum_avg_rating","cum_avg_rating_owned","cum_avg_rating_not_owned","cum_avg_rating_prev_owned","cum_avg_rating_comment","cum_avg_rating_no_comment","month_after_release"
"1",2013,2,8,3,8,8,8,8,8,2,1,1,2,1,3,2,1,1,2,1,8,8,8,8,8,8,-1
"2",2013,3,7.03846153846154,39,7.52272727272727,6.41176470588235,9,6,7.19117647058824,22,17,2,5,34,42,24,18,3,7,35,7.10714285714286,7.5625,6.5,8.66666666666667,6.57142857142857,7.21428571428571,0
"3",2013,4,6.71875,80,7.52142857142857,6.28653846153846,6.7,6.3125,6.8203125,28,52,10,16,64,122,52,70,13,23,99,6.85245901639344,7.54038461538462,6.34142857142857,7.15384615384615,6.39130434782609,6.95959595959596,1
"4",2013,5,6.60637254901961,102,7.445,6.06532258064516,7.08333333333333,6.30909090909091,6.74855072463768,40,62,12,33,69,224,92,132,25,56,168,6.74040178571429,7.49891304347826,6.21174242424242,7.12,6.34285714285714,6.87291666666667,2
"5",2013,6,6.84516129032258,124,7.38839285714286,6.39779411764706,6.625,6.62820512820513,6.94470588235294,56,68,12,39,85,348,148,200,37,95,253,6.77772988505747,7.4570945945946,6.275,6.95945945945946,6.46,6.89703557312253,3
"6",2013,7,6.86292134831461,89,7.26388888888889,6.59056603773585,7.07142857142857,6.6,6.965625,36,53,7,25,64,437,184,253,44,120,317,6.79508009153318,7.41929347826087,6.34110671936759,6.97727272727273,6.48916666666667,6.9108832807571,4
"7",2013,8,6.75684210526316,95,7.31707317073171,6.33148148148148,7.25,6.36521739130435,6.88194444444444,41,54,6,23,72,532,225,307,50,143,389,6.78825187969925,7.40066666666667,6.33941368078176,7.01,6.46923076923077,6.90552699228792,5
"8",2013,9,7.02926829268293,123,7.48095238095238,6.555,6.52941176470588,6.856,7.0734693877551,63,60,17,25,98,655,288,367,67,168,487,6.83351145038168,7.41822916666667,6.37465940054496,6.88805970149254,6.52678571428571,6.93932238193018,6
"9",2013,10,6.76422413793103,116,7.32692307692308,6.30703125,7.15789473684211,6.70454545454545,6.78795180722892,52,64,19,33,83,771,340,431,86,201,570,6.8230869001297,7.40426470588235,6.36461716937355,6.94767441860465,6.55597014925373,6.91728070175439,7
"10",2013,11,6.91666666666667,129,7.31825396825397,6.53333333333333,7.32307692307692,6.7,6.95642201834862,63,66,13,20,109,900,403,497,99,221,679,6.8365,7.3908188585608,6.38702213279678,6.9969696969697,6.56900452488688,6.92356406480118,8
"11",2013,12,6.88082706766917,133,7.22941176470588,6.51615384615385,6.63846153846154,6.98958333333333,6.85688073394495,68,65,13,24,109,1033,471,562,112,245,788,6.84220716360116,7.36751592356688,6.40195729537366,6.95535714285714,6.61020408163265,6.91434010152284,9
"12",2014,1,7.0209696969697,165,7.43584269662921,6.53513157894737,7.08625,7.31027777777778,6.94023255813953,89,76,24,36,129,1198,560,638,136,281,917,6.86682804674457,7.378375,6.41782131661442,6.97845588235294,6.69989323843416,6.91798255179935,10
"13",2014,2,6.97079207920792,101,7.45526315789474,6.34318181818182,6.78571428571429,7.39722222222222,6.87831325301205,57,44,14,18,83,1299,617,682,150,299,1000,6.87491147036182,7.38547811993517,6.41300586510264,6.96046666666667,6.741872909699,6.91469,11
"14",2014,3,6.91630434782609,92,7.25833333333333,6.54318181818182,6.47142857142857,6.66176470588235,6.974,48,44,7,17,75,1391,665,726,157,316,1075,6.87764917325665,7.3763007518797,6.42089531680441,6.93866242038216,6.73756329113924,6.91882790697674,12
"15",2014,4,7.00046296296296,108,7.41923076923077,6.61160714285714,6.74705882352941,6.38571428571429,7.14885057471264,52,56,17,21,87,1499,717,782,174,337,1162,6.88649766511007,7.37941422594142,6.43455242966752,6.91994252873563,6.71563798219585,6.93604991394148,13
"16",2014,5,6.59893617021277,94,7.34479166666667,5.82065217391304,6.40909090909091,6.32142857142857,6.67876712328767,48,46,11,21,73,1593,765,828,185,358,1235,6.86952919020715,7.37724183006536,6.40044685990338,6.88956756756757,6.69251396648045,6.92084210526316,14
"17",2014,6,6.92234042553191,94,7.34545454545455,6.55,6.43333333333333,6.75,6.98823529411765,44,50,12,26,68,1687,809,878,197,384,1303,6.87247184350919,7.3755129789864,6.40896355353075,6.86177664974619,6.69640625,6.92435917114352,15
"18",2014,7,6.956,100,7.38796296296296,6.44891304347826,6.78823529411765,6.60769230769231,7.07837837837838,54,46,17,26,74,1787,863,924,214,410,1377,6.87714605484051,7.37629200463499,6.41095238095238,6.85593457943925,6.69078048780488,6.93263616557734,16
"19",2014,8,6.71428571428571,91,7.07049180327869,5.99,6.58333333333333,7.21764705882353,6.59864864864865,61,30,12,17,74,1878,924,954,226,427,1451,6.86925452609159,7.3561038961039,6.39771488469602,6.84146017699115,6.71175644028103,6.91560303239145,17
"20",2014,9,6.86869565217391,115,7.3991935483871,6.24811320754717,6.68095238095238,6.89210526315789,6.8640625,62,53,21,19,96,1993,986,1007,247,446,1547,6.8692222779729,7.35881338742394,6.3898411122145,6.82781376518219,6.71943946188341,6.91240465416936,18
"21",2014,10,6.73705357142857,112,7.119,6.42903225806452,6.47222222222222,6.63636363636364,6.76166666666667,50,62,18,22,90,2105,1036,1069,265,468,1637,6.86219002375297,7.34723938223938,6.39211412535079,6.80366037735849,6.71553418803419,6.90411728772144,19
"22",2014,11,6.676875,112,7.07037037037037,6.31051724137931,6.38461538461539,6.76086956521739,6.65516853932584,54,58,13,23,89,2217,1090,1127,278,491,1726,6.85282814614343,7.33352293577982,6.38791481810115,6.78406474820144,6.71765784114053,6.89128041714948,20
"23",2014,12,6.85834782608696,115,7.08764705882353,6.52659574468085,6.46428571428571,7.03518518518518,6.80409090909091,68,47,14,27,88,2332,1158,1174,292,518,1814,6.85310034305317,7.31908462867012,6.3934667802385,6.76873287671233,6.73420849420849,6.88705071664829,21
"24",2015,1,6.92473053892216,167,7.33792079207921,6.29242424242424,6.752,6.86923076923077,6.93496453900709,101,66,25,26,141,2499,1259,1240,317,544,1955,6.85788715486194,7.32059571088165,6.38808870967742,6.76741324921136,6.74066176470588,6.89050639386189,22
"25",2015,2,6.66020408163265,98,7.24901960784314,6.02127659574468,6.42307692307692,6.48,6.69277108433735,51,47,13,15,83,2597,1310,1287,330,559,2038,6.85042741624952,7.31780916030534,6.37469308469308,6.75384848484848,6.73366726296959,6.88245338567223,23
"26",2015,3,6.74243697478992,119,6.84109589041096,6.58586956521739,6.65,6.42,6.8281914893617,73,46,19,25,94,2716,1383,1333,349,584,2132,6.84569587628866,7.29264642082429,6.38198049512378,6.74819484240688,6.7202397260274,6.88006097560976,24
"27",2015,4,6.66336538461538,104,7.10875,6.14375,6.30769230769231,7.07095238095238,6.56024096385542,56,48,13,21,83,2820,1439,1381,362,605,2215,6.83897163120567,7.28548992355803,6.37370021723389,6.73237569060773,6.7324132231405,6.86807674943567,25
"28",2015,5,6.76,76,7.32717948717949,6.16216216216216,6.59230769230769,6.56666666666667,6.80754098360656,39,37,13,15,61,2896,1478,1418,375,620,2276,6.83689917127072,7.2865899864682,6.36818053596615,6.72752,6.72840322580645,6.86645430579965,26
"29",2015,6,6.56875,80,7.19268292682927,5.91282051282051,6.07333333333333,6.42307692307692,6.59701492537313,41,39,15,13,67,2976,1519,1457,390,633,2343,6.82969086021505,7.28405529953917,6.35599176389842,6.70235897435897,6.7221327014218,6.85874946649595,27
"30",2015,7,6.65186813186813,91,6.92708333333333,6.3446511627907,6.09375,6.60777777777778,6.67046875,48,43,16,27,64,3067,1567,1500,406,660,2407,6.82441473752853,7.27312061263561,6.35566666666667,6.67837438423645,6.71745454545454,6.8537432488575,28
"31",2015,8,6.88411235955056,89,7.2713023255814,6.52217391304348,6.65714285714286,6.891625,6.88246575342466,43,46,14,16,73,3156,1610,1546,420,676,2480,6.82609822560203,7.27307204968944,6.36062095730919,6.67766666666667,6.72157692307692,6.85458870967742,29
"32",2015,9,6.87202247191011,89,7.18851063829787,6.51785714285714,6.26785714285714,6.544,6.93851351351351,47,42,14,15,74,3245,1657,1588,434,691,2554,6.82735778120185,7.27067350633675,6.36477959697733,6.66444700460829,6.71772214182344,6.85702036021926,30
"33",2015,10,6.81733333333333,75,7.09807692307692,6.18260869565217,6.33,6.61736842105263,6.88517857142857,52,23,10,19,56,3320,1709,1611,444,710,2610,6.8271313253012,7.26542188414277,6.36217877094972,6.65691441441441,6.71503661971831,6.8576245210728,31
"34",2015,11,6.588,110,7.1156862745098,6.13186440677966,6.14705882352941,6.58333333333333,6.5893023255814,51,59,17,24,86,3430,1760,1670,461,734,2696,6.81946239067055,7.26108295454545,6.35404191616767,6.63811279826464,6.71073024523161,6.84906528189911,32
"35",2015,12,6.64583333333333,96,7.07543859649123,6.01794871794872,6.18,6.5,6.7,57,39,15,26,70,3526,1817,1709,476,760,2766,6.81473511060692,7.25525921849202,6.34637214745465,6.62367647058823,6.70352105263158,6.84529284164859,33
"36",2016,1,6.7404347826087,115,7.15258620689655,6.32105263157895,6.46666666666667,6.76875,6.73585858585859,58,57,15,16,99,3641,1875,1766,491,776,2865,6.81238835484757,7.2520832,6.34555492638732,6.61887983706721,6.70486597938144,6.84151134380454,34
"37",2016,2,6.56329113924051,79,6.9406976744186,6.1125,6.1125,6.75714285714286,6.52153846153846,43,36,12,14,65,3720,1918,1802,503,790,2930,6.80709838709677,7.24510218978102,6.34089900110988,6.60679920477137,6.70579240506329,6.83441296928328,35
"38",2016,3,6.560625,64,6.96142857142857,5.79545454545455,6.5,6.9375,6.50678571428571,42,22,9,8,56,3784,1960,1824,512,798,2986,6.80292970401691,7.23902346938775,6.3343201754386,6.604921875,6.70811528822055,6.82826858673811,36
"39",2016,4,6.65365853658537,82,7.08452380952381,6.20125,6.296875,6.09117647058823,6.80076923076923,42,40,16,17,65,3866,2002,1864,528,815,3051,6.79976357992757,7.23578221778222,6.33146459227468,6.59558712121212,6.69524662576687,6.82768272697476,37
"40",2016,5,6.98028169014084,71,7.25,6.66969696969697,6.15,6.81666666666667,6.99538461538462,38,33,10,6,65,3937,2040,1897,538,821,3116,6.8030190500381,7.23604705882353,6.33734844491302,6.58730483271375,6.69613398294762,6.8311810012837,38
"41",2016,6,6.7167359375,64,6.84032647058824,6.57666666666667,6.82857142857143,6.88461538461539,6.6739431372549,34,30,7,13,51,4001,2074,1927,545,834,3167,6.80163886528368,7.22955983606557,6.34107420861443,6.59040366972477,6.69907194244604,6.82864891064099,39
"42",2016,7,6.16438356164384,73,6.89,5.65813953488372,6.1,5.64285714285714,6.28813559322034,30,43,18,14,59,4074,2104,1970,563,848,3226,6.79022020127639,7.22471820342205,6.32616751269035,6.57472468916519,6.68163443396226,6.81876351518909,40
"43",2016,8,6.54655172413793,87,6.8375,6.29893617021277,6.48214285714286,5.95277777777778,6.70144927536232,40,47,14,18,69,4161,2144,2017,577,866,3295,6.78512547464552,7.21749398320895,6.32553296975706,6.57247833622184,6.66648498845265,6.81630685887709,41
"44",2016,9,6.56986301369863,73,6.92083333333333,6.22837837837838,6.5,6.33846153846154,6.62,36,37,11,13,60,4234,2180,2054,588,879,3355,6.78141405290505,7.212595,6.32378286270691,6.57112244897959,6.66163367463026,6.81279615499255,42
"45",2016,10,6.62505050505051,99,6.86,6.35434782608696,6.19230769230769,6.58125,6.63349397590361,53,46,13,16,83,4333,2233,2100,601,895,3438,6.77784147242095,7.20422619793999,6.32445238095238,6.56292845257903,6.66019664804469,6.80846745200698,43
"46",2016,11,6.52978723404255,94,6.85909090909091,6.24,5.96875,6.3,6.57341772151899,44,50,16,15,79,4427,2277,2150,617,910,3517,6.77257445222498,7.19755691699605,6.32248837209302,6.54752025931929,6.65425934065934,6.80318768837077,44
"47",2016,12,6.68125,88,7.04727272727273,6.07121212121212,6.39545454545455,7.00333333333333,6.61506849315068,55,33,11,15,73,4515,2332,2183,628,925,3590,6.77079448504983,7.19401247855918,6.31868987631699,6.54485668789809,6.65992,6.79936242339833,45
"48",2017,1,6.64275409836066,122,6.92993548387097,6.346,6.27217391304348,6.77157894736842,6.61899029126214,62,60,23,19,103,4637,2394,2243,651,944,3693,6.76742572784128,7.18717339181286,6.31942041908159,6.53522273425499,6.66216737288135,6.79433173571622,46
"49",2017,2,6.75,86,6.91590909090909,6.57619047619048,6.83333333333333,6.37,6.8,44,42,12,10,76,4723,2438,2285,663,954,3769,6.76710842684734,7.18227772764561,6.32414004376368,6.54061840120664,6.65910482180293,6.79444603343062,47
"50",2017,3,6.73538461538462,65,7.19024390243902,5.95833333333333,6.28571428571429,7.17333333333333,6.604,41,24,7,15,50,4788,2479,2309,670,969,3819,6.76667775689223,7.18240947962888,6.32033780857514,6.5379552238806,6.66706501547987,6.79195263157895,48
"51",2017,4,6.6780487804878,82,7.05652173913044,6.19444444444444,6.27777777777778,6.55833333333333,6.69857142857143,46,36,9,12,70,4870,2525,2345,679,981,3889,6.76518544147844,7.18011607920792,6.31840511727079,6.53450662739323,6.66573496432212,6.79027181794806,49
"52",2017,5,6.72439024390244,82,6.96,6.43783783783784,6.41111111111111,6.90909090909091,6.69577464788732,45,37,9,11,71,4952,2570,2382,688,992,3960,6.76450991518578,7.17626190661478,6.32026028547439,6.53289244186047,6.66843346774193,6.78857755050505,50
"53",2017,6,6.81034482758621,58,7.3375,6.16153846153846,5.66666666666667,6.18181818181818,6.95744680851064,32,26,12,11,47,5010,2602,2408,700,1003,4007,6.76504053892215,7.17824485011529,6.31854651162791,6.51804285714286,6.66309670987039,6.79055829797854,51
"54",2017,7,6.68951612903226,62,6.99852941176471,6.31428571428571,6.04545454545455,6.88076923076923,6.63877551020408,34,28,11,13,49,5072,2636,2436,711,1016,4056,6.76411733044164,7.17592682094082,6.31849753694581,6.51073136427567,6.66588188976378,6.78872463017752,52
"55",2017,8,6.55461538461538,65,6.88658536585366,5.9875,6.20833333333333,6.72727272727273,6.51944444444444,41,24,12,11,54,5137,2677,2460,723,1027,4110,6.76146643955616,7.17149536794919,6.31526829268293,6.50571230982019,6.66653943524829,6.78518664233577,53
"56",2017,9,6.63598076923077,52,7.29324,6.02740740740741,6.25,7.38571428571429,6.51935555555556,25,27,8,7,45,5189,2702,2487,731,1034,4155,6.76020892272114,7.17262179866765,6.31214314435062,6.50291381668947,6.6714081237911,6.78230760529483,54
"57",2017,10,6.80067796610169,59,7.32333333333333,6.26,6.50444444444444,6.455,6.85490196078431,30,29,9,8,51,5248,2732,2516,740,1042,4206,6.7606638910061,7.17427675695461,6.31154213036566,6.50293243243243,6.66974664107485,6.78318785068949,55
"58",2017,11,6.84193548387097,62,7.01612903225806,6.66774193548387,6.64666666666667,6.51818181818182,6.91176470588235,31,31,15,11,51,5310,2763,2547,755,1053,4257,6.76161282485876,7.17250238870792,6.31587750294464,6.5057880794702,6.66816334283001,6.78472823584684,56
"59",2017,12,6.79142857142857,84,6.959,6.545,6.77222222222222,7.075,6.74416666666667,50,34,9,12,72,5394,2813,2581,764,1065,4329,6.76207714126808,7.16870746533949,6.31889577683069,6.50892670157068,6.67274741784037,6.78405361515362,57
"60",2018,1,6.45733333333333,90,6.8325,6.02857142857143,5.98461538461538,6.03571428571429,6.49289156626506,48,42,13,7,83,5484,2861,2623,777,1072,4412,6.75707587527352,7.16306679482698,6.3142470453679,6.50015444015444,6.66858768656716,6.77857617860381,58
"61",2018,2,6.81607142857143,56,7.14117647058824,6.31363636363636,5.66666666666667,7.125,6.79230769230769,34,22,3,4,52,5540,2895,2645,780,1076,4464,6.75767222021661,7.16280970639033,6.31424196597354,6.49694871794872,6.6702843866171,6.77873613351255,59
"62",2018,3,6.7,61,7.06285714285714,6.21153846153846,5.5,6.775,6.68163265306122,35,26,9,12,49,5601,2930,2671,789,1088,4513,6.75704411712194,7.16161573378839,6.31324223137402,6.48557667934094,6.67143933823529,6.77768183026811,60
"63",2018,4,6.57326530612245,49,6.8536,6.28125,6.29545454545455,5.52,6.69295454545455,25,24,11,5,44,5650,2955,2695,800,1093,4557,6.75545028318584,7.15900984771573,6.3129573283859,6.4829625,6.66617200365965,6.77686374807988,61
"64",2018,5,6.52043016129032,62,6.92416675,5.78636363636364,6.5,6.40555583333333,6.548,40,22,5,12,50,5712,2995,2717,805,1105,4607,6.75289929446779,7.15587337896494,6.30869341185131,6.48306832298137,6.66334178280543,6.77437987844584,62
"65",2018,6,6.72155825,40,7.09130434782609,6.22131352941176,5.596665,6.855,6.70673138888889,23,17,2,4,36,5752,3018,2734,807,1109,4643,6.75268134561891,7.15538130218688,6.30815008412582,6.48087153655514,6.66403306582507,6.77385535860435,63
"66",2018,7,7.02076923076923,52,7.365,6.47,7.12857142857143,7.1875,6.99045454545455,32,20,7,8,44,5804,3050,2754,814,1117,4687,6.75508323569952,7.15758058032787,6.30932546477851,6.48644143734644,6.6677821575649,6.77588871986345,64
"67",2018,8,6.62456140350877,57,7.10689655172414,6.125,5.6875,5.25,6.78627450980392,29,28,8,6,51,5861,3079,2782,822,1123,4738,6.75381387135301,7.15710320558623,6.30747028396837,6.47866585158151,6.66020718610864,6.77600051287463,65
"68",2018,9,6.8787037037037,54,7.27096774193548,6.35,6.58333333333333,7,6.86632653061224,31,23,6,5,49,5915,3110,2805,828,1128,4787,6.75495403212172,7.15823818971061,6.30781901247772,6.4794243115942,6.66171335992908,6.77692509504909,66
"69",2018,10,6.75792452830189,53,7.12586206896552,6.31333333333333,6.2,6.58333333333333,6.78021276595745,29,24,10,6,47,5968,3139,2829,838,1134,4834,6.75498041219839,7.15793907932462,6.30786579356663,6.47608989260143,6.66129865079365,6.77695706040546,67
"70",2018,11,6.545,56,7.01965517241379,6.03518518518518,5.5,6.45,6.56565217391304,29,27,6,10,46,6024,3168,2856,844,1144,4880,6.75302840305445,7.15667322285353,6.30528793067227,6.46915086492891,6.65945163461538,6.77496525204918,68
"71",2018,12,6.49814814814815,54,7.00384615384615,6.02857142857143,6.66,7,6.4469387755102,26,28,5,5,49,6078,3194,2884,849,1149,4929,6.75076391905232,7.15542917031935,6.30260136269071,6.47027482921084,6.66093356832028,6.77170428687361,69
"72",2019,1,6.60966101694915,59,6.96,6.19444444444444,6.13888888888889,6.6625,6.60137254901961,32,27,9,8,51,6137,3226,2911,858,1157,4980,6.74940738145674,7.15349062926224,6.30159818962556,6.46679875291375,6.66094439930855,6.76995992570281,70
"73",2019,2,6.59787234042553,47,6.9875,6.19130434782609,5.74,5.88571428571429,6.7225,24,23,10,7,40,6184,3250,2934,868,1164,5020,6.7482556759379,7.15226485230769,6.30073358214042,6.4584254953917,6.65628236254295,6.76958175896415,71
"74",2019,3,6.33340586956522,46,6.93902791666667,5.67272727272727,4.96083375,5.83333333333333,6.45504513513514,24,22,8,9,37,6230,3274,2956,876,1173,5057,6.74519257945425,7.15070172266341,6.29605965155616,6.44474885844749,6.64996817561807,6.7672804231758,72
"75",2019,4,6.51340909090909,44,7.07227272727273,5.95454545454545,5.35714285714286,5.33333333333333,6.69973684210526,22,22,7,6,38,6274,3296,2978,883,1179,5095,6.74356706566783,7.15017822815534,6.29353671255877,6.4361268403171,6.64326774385072,6.76677666339549,73
"76",2019,5,6.76481481481482,27,7.440625,5.78181818181818,5.33333333333333,6,7.08684210526316,16,11,3,8,19,6301,3312,2989,886,1187,5114,6.74365811299793,7.151581352657,6.29165350618936,6.4323927765237,6.63893232518955,6.76796579976535,74
"77",2019,6,6.78488372093023,43,7.04347826086957,6.4875,6.5,6.5,6.79878048780488,23,20,4,2,41,6344,3335,3009,890,1189,5155,6.7439375425599,7.15083581409295,6.2929552442672,6.43269662921348,6.63869862910008,6.76821088263822,75
"78",2019,7,6.58181818181818,22,7.25333333333333,5.14285714285714,7,6,6.71111111111111,15,7,1,4,18,6366,3350,3016,891,1193,5173,6.7433772808671,7.15129475820895,6.29028591843501,6.43333333333333,6.63655714165968,6.7680121979509,76
"79",2019,8,6.77651515151515,66,7.07861111111111,6.414,6.417,6.73846153846154,6.78584905660377,36,30,10,13,53,6432,3386,3046,901,1206,5226,6.74371731498756,7.15052198464265,6.29150437623112,6.43315205327414,6.63765561359867,6.76819309223115,77
"80",2019,9,6.51666666666667,30,6.74666666666667,6.28666666666667,5.8,6.25,6.53571428571429,15,15,5,2,28,6462,3401,3061,906,1208,5254,6.74266322655524,7.14874079388415,6.29148066971578,6.42965783664459,6.63701379966887,6.76695414921964,78
"81",2019,10,6.80416666666667,48,7.00384615384615,6.56818181818182,6.3125,6.25,6.85454545454545,26,22,8,4,44,6510,3427,3083,914,1212,5298,6.74311670814132,7.14764150569011,6.29345518326306,6.42863238512035,6.63573652640264,6.76768159682899,79
"82",2019,11,6.69901960784314,51,7.126,6.28846153846154,6.225,6.74166666666667,6.69333333333333,25,26,4,6,45,6561,3452,3109,918,1218,5343,6.74277393232739,7.14748477404403,6.29341342232229,6.42774509803921,6.63625834975369,6.76705541830432,80
"83",2019,12,6.55111111111111,45,7.1051724137931,5.546875,5.35714285714286,7.25,6.48292682926829,29,16,7,4,41,6606,3481,3125,925,1222,5384,6.74146832727823,7.14713227233553,6.2895911456,6.41964324324324,6.63826732405892,6.76489173476969,81
"84",2020,1,6.49516129032258,62,6.81111111111111,6.05769230769231,6,6.49166666666667,6.496,36,26,6,12,50,6668,3517,3151,931,1234,5434,6.73917812987402,7.14369276087575,6.28767766740717,6.4169387755102,6.63684170988655,6.76241757453073,82
"85",2020,2,6.765,40,7.27368421052632,6.3047619047619,6.62,7.775,6.71184210526316,19,21,5,2,38,6708,3536,3172,936,1236,5472,6.73933210644007,7.14439124434389,6.28779077238335,6.4180235042735,6.63868338996763,6.76206635599415,83
"86",2020,3,6.73488372093023,43,6.89333333333333,6.36923076923077,5.75,7.16666666666667,6.7025,30,13,4,3,40,6751,3566,3185,940,1239,5512,6.7393037727744,7.14227914750421,6.28812318053375,6.41518085106383,6.63996179983858,6.7616340892598,84
"87",2020,4,6.61707317073171,41,6.89545454545455,6.29473684210526,5.95454545454545,6.3125,6.69090909090909,22,19,11,8,33,6792,3588,3204,951,1247,5545,6.73856592608951,7.14076573021182,6.28816240012484,6.40985278654048,6.63786100240577,6.76121318304779,85
"88",2020,5,6.87169811320755,53,7.04642857142857,6.676,6.49230769230769,6.72222222222222,6.90227272727273,28,25,13,9,44,6845,3616,3229,964,1256,5589,6.73959675237399,7.14003524336283,6.29116516878291,6.41096473029046,6.63846550159235,6.76232368938988,86
"89",2020,6,6.86829268292683,41,7.34545454545455,6.31578947368421,6,7,6.85,22,19,7,5,36,6886,3638,3248,971,1261,5625,6.74036302207377,7.14127747113799,6.29130921490148,6.40800205973223,6.63989902458366,6.76288481777778,87
"90",2020,7,6.68205128205128,39,7.15952380952381,6.125,6.45,7.2,6.58787878787879,21,18,5,6,33,6925,3659,3266,976,1267,5658,6.74003462382671,7.1413821918557,6.2903926301286,6.40821721311475,6.64255143646409,6.76186410392365,88
"91",2020,8,6.59960784313725,51,6.86548387096774,6.1875,5.66666666666667,6.425,6.64219512195122,31,20,6,10,41,6976,3690,3286,982,1277,5699,6.73900799455275,7.13906434688347,6.28976638161899,6.40368635437882,6.64084782302271,6.76100317599579,89
"92",2020,9,6.53724137931034,29,7.16285714285714,5.95333333333333,6.2,6.01666666666667,6.67304347826087,14,15,4,6,23,7005,3704,3301,986,1283,5722,6.73817270092791,7.13915427645788,6.28823760375644,6.40286004056795,6.63792881527669,6.76064961551905,90
"93",2020,10,6.52560975609756,41,6.82045454545455,6.18421052631579,5.66666666666667,6.74,6.49583333333333,22,19,3,5,36,7046,3726,3320,989,1288,5758,6.7369358174851,7.13727252818035,6.28764226807229,6.4006268958544,6.63832505434782,6.75899393886766,91
"94",2020,11,7.1728813559322,59,7.405,6.68421052631579,6.14285714285714,7,7.19615384615385,40,19,7,7,52,7105,3766,3339,996,1295,5810,6.74055591414497,7.14011615507169,6.28989887091944,6.39881526104418,6.64028005405405,6.76290655765921,92
"95",2020,12,6.98213513513514,37,7.13803846153846,6.61363636363636,6,7.63975,6.90242424242424,26,11,2,4,33,7142,3792,3350,998,1299,5843,6.74180744469336,7.1401019092827,6.29096188955224,6.39801603206413,6.64335771362586,6.76369452336129,93
"96",2021,1,6.9676393877551,49,7.07876567567568,6.625,6.76,6.9135,6.97519372093023,37,12,5,6,43,7191,3829,3362,1003,1305,5886,6.74334628007231,7.13950921128232,6.29215417311124,6.39982053838485,6.64459974712643,6.76523962453279,94
"97",2021,2,6.77142857142857,49,7.28387096774194,5.88888888888889,6,6.875,6.75121951219512,31,18,3,8,41,7240,3860,3380,1006,1313,5927,6.743536339779,7.14066859326425,6.29000660650888,6.3986282306163,6.64600355674029,6.76514264045892,95
"98",2021,3,6.63214285714286,42,7.16136363636364,6.05,6.05555555555556,7.07083333333333,6.45666666666667,22,20,9,12,30,7282,3882,3400,1015,1325,5957,6.74289386157649,7.1407858758372,6.28859480294118,6.39558620689655,6.64985107169811,6.76358912707739,96
"99",2021,4,6.56086956521739,46,6.88214285714286,6.06111111111111,6.3875,NA,6.56086956521739,28,18,8,0,46,7328,3910,3418,1023,1325,6003,6.74175124181223,7.13893370076726,6.28739681977765,6.395522971652,6.64985107169811,6.7620357204731,97
"100",2021,5,6.87115384615385,26,7.62692307692308,6.11538461538461,6.35714285714286,7.16666666666667,6.7825,13,13,7,6,20,7354,3923,3431,1030,1331,6023,6.74220874354093,7.14055079530971,6.28674506849315,6.39526213592233,6.65218081893313,6.76210367424872,98
"101",2021,6,6.54074074074074,27,7.174,5.74916666666667,5.5,7.20333333333333,6.45791666666667,15,12,4,3,24,7381,3938,3443,1034,1334,6047,6.74147176534345,7.14067820467242,6.28487142898635,6.39179883945841,6.65342029235382,6.76089638333058,99
"102",2021,7,6.503111,30,7.03296277777778,5.70833333333333,6,6.8,6.4437332,18,12,6,5,25,7411,3956,3455,1040,1339,6072,6.74050687221697,7.14018809403438,6.28286898118669,6.38953846153846,6.65396764002987,6.75959054018446,100
"103",2021,8,6.36774193548387,31,6.86315789473684,5.58333333333333,6.5,5.91428571428571,6.5,19,12,4,7,24,7442,3975,3467,1044,1346,6096,6.73895410239183,7.1388639245283,6.28044774444765,6.38996168582375,6.65012085438336,6.75856853018373,101
"104",2021,9,6.64137931034483,29,6.90625,6.31538461538462,6,7.21428571428571,6.45909090909091,16,13,4,7,22,7471,3991,3480,1048,1353,6118,6.73857534868157,7.13793137058381,6.28057825574713,6.38847328244275,6.65303966740576,6.75749162471396,102
"105",2021,10,6.92592592592593,27,7.06111111111111,6.65555555555556,6.225,7.1,6.85263157894737,18,9,4,8,19,7498,4009,3489,1052,1361,6137,6.73924999066418,7.13758645547518,6.28154552307251,6.38785171102662,6.6556669140338,6.75778617565586,103
"106",2021,11,6.65333333333333,30,6.6625,6.64285714285714,6.78571428571429,6.76666666666667,6.625,16,14,7,6,24,7528,4025,3503,1059,1367,6161,6.7389076022848,7.13569791304348,6.28298953182986,6.39048158640227,6.65615411119239,6.75726891089109,104
"107",2021,12,6.70871204545455,44,7.06726178571429,6.08125,5.5,6.14285714285714,6.81576567567568,28,16,5,7,37,7572,4053,3519,1064,1374,6198,6.73873213946117,7.13522512459906,6.28207227337312,6.3862969924812,6.65353906113537,6.75761811713456,105
"108",2022,1,6.64867567567568,74,7.11822727272727,5.96,5.75,6.33333333333333,6.6765,44,30,10,6,68,7646,4097,3549,1074,1380,6266,6.73786054930683,7.13504257505492,6.279349768949,6.38037243947858,6.65214686231884,6.75673780561762,106
"109",2022,2,6.57065217391304,46,6.95714285714286,5.96944444444444,5.82222222222222,6.895,6.48055555555556,28,18,9,10,36,7692,4125,3567,1083,1390,6302,6.73686060322413,7.13383501333333,6.27778590692459,6.37573407202216,6.65389400719424,6.75516012218344,107
"110",2022,3,6.55129411764706,34,6.96447619047619,5.88384615384615,6.125,6.166,6.69,21,13,8,9,25,7726,4146,3580,1091,1399,6327,6.73604397618431,7.13297719006271,6.27635539944134,6.37389550870761,6.65075530378842,6.75490265370634,108
"111",2022,4,6.57394736842105,38,7.01722222222222,6.175,5.6,6.46666666666667,6.60724137931035,18,20,5,9,29,7764,4164,3600,1096,1408,6356,6.73525061308604,7.13247680835735,6.27579231388889,6.37036496350365,6.64957860085227,6.75422893171806,109
"112",2022,5,6.46285714285714,35,6.72727272727273,6.01538461538462,5.33333333333333,6.71428571428571,6.4,22,13,3,7,28,7799,4186,3613,1099,1415,6384,6.73402817797153,7.13034721213569,6.27485533628564,6.36753412192903,6.64989870671378,6.75267529605263,110
"113",2022,6,6.79555555555556,36,7.20833333333333,5.97,6.5,6.58333333333333,6.81484848484848,24,12,2,3,33,7835,4210,3625,1101,1418,6417,6.73431088194001,7.13079178859857,6.27384616,6.36777475022707,6.64975787729196,6.75299502727131,111
"114",2022,7,7.36858575757576,33,7.37825380952381,7.35166666666667,9,7.75,7.30047607142857,21,12,2,5,28,7868,4231,3637,1103,1423,6445,6.73697116039654,7.1320200330891,6.27740234533957,6.37254759746147,6.65362380182713,6.7553735329713,112
"115",2022,8,6.69142857142857,35,7.36111111111111,5.98235294117647,5.71428571428571,6.76,6.68,18,17,7,5,30,7903,4249,3654,1110,1428,6475,6.73676946602556,7.13299052953636,6.27602964696223,6.3683963963964,6.653996267507,6.75502431196912,113
"116",2022,9,7.05297297297297,37,7.325,6.55076923076923,6.33333333333333,7.06,7.051875,24,13,3,5,32,7940,4273,3667,1113,1433,6507,6.73824295843828,7.13406898197987,6.27700363512408,6.36830188679245,6.65541288904396,6.75648415859844,114
"117",2022,10,6.54324324324324,37,7.2,5.92105263157895,5.8,6.64,6.528125,18,19,5,5,32,7977,4291,3686,1118,1438,6539,6.73733848439263,7.13434555115358,6.27516883613673,6.3657602862254,6.6553592976356,6.75536663404191,115
"118",2022,11,6.34,35,6.98636363636364,5.24615384615385,6,6.6,6.275,22,13,4,7,28,8012,4313,3699,1122,1445,6567,6.73560273215177,7.13359071643867,6.27155240064883,6.36445632798574,6.65509112110727,6.75331847418913,116
"119",2022,12,6.74821428571429,28,6.84722222222222,6.57,6.5,7.375,6.7,18,10,2,2,26,8040,4331,3709,1124,1447,6593,6.73564665298507,7.1324005449088,6.27235705850634,6.3646975088968,6.65608615756738,6.75310820870621,117
