"","year","month","avg_rating","no_ratings","avg_rating_owned","avg_rating_not_owned","avg_rating_prev_owned","avg_rating_comment","avg_rating_no_comment","no_ratings_owned","no_ratings_not_owned","no_ratings_prev_owned","no_ratings_comment","no_ratings_no_comment","cum_no_ratings","cum_no_ratings_owned","cum_no_ratings_not_owned","cum_no_ratings_prev_owned","cum_no_ratings_comment","cum_no_ratings_no_comment","cum_avg_rating","cum_avg_rating_owned","cum_avg_rating_not_owned","cum_avg_rating_prev_owned","cum_avg_rating_comment","cum_avg_rating_no_comment","month_after_release"
"1",2004,10,6.5,6,8,5.75,NA,6.33333333333333,6.66666666666667,2,4,0,3,3,6,2,4,0,3,3,6.5,8,5.75,NA,6.33333333333333,6.66666666666667,0
"2",2004,11,7.57142857142857,7,8.4,5.5,NA,7.66666666666667,7,5,2,0,6,1,13,7,6,0,9,4,7.07692307692308,8.28571428571429,5.66666666666667,NA,7.22222222222222,6.75,1
"3",2004,12,7.6,5,7.66666666666667,7.5,NA,7,7.75,3,2,0,1,4,18,10,8,0,10,8,7.22222222222222,8.1,6.125,NA,7.2,7.25,2
"4",2005,1,7.3,5,7.3,NA,NA,8.5,7,5,0,0,1,4,23,15,8,0,11,12,7.23913043478261,7.83333333333333,6.125,NA,7.31818181818182,7.16666666666667,3
"5",2005,2,7.5,5,8.25,7,7,6.5,8.16666666666667,2,3,1,2,3,28,17,11,1,13,15,7.28571428571429,7.88235294117647,6.36363636363636,7,7.19230769230769,7.36666666666667,4
"6",2005,3,6.78,10,7.45,6.33333333333333,NA,6,7.3,4,6,0,4,6,38,21,17,1,17,21,7.15263157894737,7.8,6.35294117647059,7,6.91176470588235,7.34761904761905,5
"7",2005,4,7.08857142857143,35,7.83888888888889,6.29411764705882,7.33333333333333,6.69230769230769,7.32272727272727,18,17,3,13,22,73,39,34,4,30,43,7.12191780821918,7.81794871794872,6.32352941176471,7.25,6.81666666666667,7.33488372093023,6
"8",2005,5,7.18421052631579,19,7.5,6.5,7,6.5,7.5,13,6,1,6,13,92,52,40,5,36,56,7.13478260869565,7.73846153846154,6.35,7.2,6.76388888888889,7.37321428571429,7
"9",2005,6,7.495,20,7.45384615384615,7.57142857142857,NA,7.67272727272727,7.27777777777778,13,7,0,11,9,112,65,47,5,47,65,7.19910714285714,7.68153846153846,6.53191489361702,7.2,6.97659574468085,7.36,8
"10",2005,7,7.73,10,7.88333333333333,7.5,NA,7.55,8,6,4,0,6,4,122,71,51,5,53,69,7.24262295081967,7.69859154929577,6.6078431372549,7.2,7.04150943396226,7.39710144927536,9
"11",2005,8,7.54761904761905,21,7.70833333333333,7.33333333333333,5,7,7.95833333333333,12,9,1,9,12,143,83,60,6,62,81,7.28741258741259,7.7,6.71666666666667,6.83333333333333,7.03548387096774,7.48024691358025,10
"12",2005,9,6.925,20,7.31818181818182,6.44444444444444,6.83333333333333,6.7,7.15,11,9,3,10,10,163,94,69,9,72,91,7.24294478527607,7.65531914893617,6.68115942028986,6.83333333333333,6.98888888888889,7.44395604395604,11
"13",2005,10,6.39473684210526,19,7.5,5.75,7.5,6.57692307692308,6,7,12,2,13,6,182,101,81,11,85,97,7.1543956043956,7.64455445544554,6.54320987654321,6.95454545454545,6.92588235294118,7.35463917525773,12
"14",2005,11,7.08333333333333,18,7.31818181818182,6.71428571428571,9,6.9,7.3125,11,7,1,10,8,200,112,88,12,95,105,7.148,7.6125,6.55681818181818,7.125,6.92315789473684,7.35142857142857,13
"15",2005,12,7.5,14,7.72727272727273,6.66666666666667,7,7.42857142857143,7.57142857142857,11,3,1,7,7,214,123,91,13,102,112,7.17102803738318,7.62276422764228,6.56043956043956,7.11538461538461,6.9578431372549,7.36517857142857,14
"16",2006,1,6.80434782608696,23,7.53571428571429,5.66666666666667,6,6.625,7,14,9,2,12,11,237,137,100,15,114,123,7.13544303797468,7.61386861313869,6.48,6.96666666666667,6.92280701754386,7.33252032520325,15
"17",2006,2,7.25,6,6.66666666666667,7.83333333333333,8,7.83333333333333,6.66666666666667,3,3,1,3,3,243,140,103,16,117,126,7.13827160493827,7.59357142857143,6.51941747572816,7.03125,6.94615384615385,7.31666666666667,16
"18",2006,3,7.28333333333333,12,7.675,6.5,6.33333333333333,7.25,7.3,8,4,3,4,8,255,148,107,19,121,134,7.14509803921569,7.59797297297297,6.51869158878505,6.92105263157895,6.95619834710744,7.31567164179104,17
"19",2006,4,7.7,10,7.6,7.8,7,7.57142857142857,8,5,5,2,7,3,265,153,112,21,128,137,7.16603773584906,7.59803921568627,6.57589285714286,6.92857142857143,6.98984375,7.33065693430657,18
"20",2006,5,7.65384615384615,13,7.8125,7.4,7,8.5,7.27777777777778,8,5,1,4,9,278,161,117,22,132,146,7.18884892086331,7.60869565217391,6.61111111111111,6.93181818181818,7.03560606060606,7.32739726027397,19
"21",2006,6,6.73333333333333,15,7.1875,6.21428571428571,NA,6.8,6.7,8,7,0,5,10,293,169,124,22,137,156,7.16552901023891,7.5887573964497,6.58870967741935,6.93181818181818,7.02700729927007,7.28717948717949,20
"22",2006,7,6.725,8,7.7,5.75,7,6.33333333333333,7.9,4,4,1,6,2,301,173,128,23,143,158,7.15382059800664,7.59132947976879,6.5625,6.93478260869565,6.9979020979021,7.29493670886076,21
"23",2006,8,7.13888888888889,18,7.375,6.66666666666667,7.5,7.25,7.05,12,6,2,8,10,319,185,134,25,151,168,7.15297805642633,7.5772972972973,6.56716417910448,6.98,7.0112582781457,7.28035714285714,22
"24",2006,9,7.08333333333333,12,7.5,6.66666666666667,6,6.75,7.75,6,6,1,8,4,331,191,140,26,159,172,7.15045317220544,7.57486910994764,6.57142857142857,6.94230769230769,6.99811320754717,7.29127906976744,23
"25",2006,10,6.825,16,7.0875,6.5625,6,6.62,7.16666666666667,8,8,1,10,6,347,199,148,27,169,178,7.13544668587896,7.55527638190955,6.57094594594595,6.90740740740741,6.97573964497041,7.28707865168539,24
"26",2006,11,7.21428571428571,14,7.57142857142857,6.85714285714286,8,6.66666666666667,7.36363636363636,7,7,2,3,11,361,206,155,29,172,189,7.13850415512465,7.55582524271845,6.58387096774194,6.98275862068965,6.9703488372093,7.29153439153439,25
"27",2006,12,6.98888888888889,18,7.65,6.1625,9,6.66666666666667,7.31111111111111,10,8,1,9,9,379,216,163,30,181,198,7.13139841688654,7.56018518518519,6.56319018404908,7.05,6.95524861878453,7.29242424242424,26
"28",2007,1,7.0695652173913,23,7.46153846153846,6.56,NA,6.89285714285714,7.34444444444444,13,10,0,14,9,402,229,173,30,195,207,7.12786069651741,7.55458515283843,6.56300578034682,7.05,6.95076923076923,7.29468599033816,27
"29",2007,2,7.05960952380952,21,7.9,6.29561818181818,6,7.375,6.63908888888889,10,11,1,12,9,423,239,184,31,207,216,7.12447234042553,7.56903765690377,6.54702065217391,7.01612903225806,6.97536231884058,7.26736944444444,28
"30",2007,3,7.15217391304348,23,7.53571428571429,6.55555555555556,6.75,7.22222222222222,7.10714285714286,14,9,2,9,14,446,253,193,33,216,230,7.12590089686099,7.56719367588933,6.54741865284974,7,6.98564814814815,7.25761652173913,29
"31",2007,4,7.26470588235294,17,7.39285714285714,6.66666666666667,NA,7.25,7.27777777777778,14,3,0,8,9,463,267,196,33,224,239,7.13099740820734,7.55805243445693,6.54924387755102,7,6.99508928571429,7.25837573221757,30
"32",2007,5,7.20588235294118,17,7.78571428571429,6.8,6.875,6.64285714285714,7.6,7,10,4,7,10,480,274,206,37,231,249,7.13364958333333,7.56386861313869,6.56141650485437,6.98648648648649,6.98441558441558,7.27209558232932,31
"33",2007,6,7.3625,16,7.93,6.41666666666667,NA,6.6,7.70909090909091,10,6,0,5,11,496,284,212,37,236,260,7.14103185483871,7.57676056338028,6.55731981132075,6.98648648648649,6.97627118644068,7.29058384615385,32
"34",2007,7,7,15,7.36363636363636,6,NA,7,7,11,4,0,9,6,511,295,216,37,245,266,7.13689197651663,7.56881355932203,6.54699907407407,6.98648648648649,6.97714285714286,7.28402932330827,33
"35",2007,8,7.33333333333333,18,8,6.28571428571429,NA,7.5625,7.15,11,7,0,8,10,529,306,223,37,253,276,7.14357618147448,7.5843137254902,6.53879730941704,6.98648648648649,6.99565217391304,7.2791731884058,34
"36",2007,9,7.11666666666667,18,6.90833333333333,7.53333333333333,7,6.8625,7.32,12,6,1,8,10,547,318,229,38,261,286,7.14269067641682,7.55880503144654,6.56485502183406,6.98684210526316,6.99157088122605,7.2806006993007,35
"37",2007,10,7.1,19,7.56428571428571,5.8,6.5,7.9375,6.49090909090909,14,5,3,8,11,566,332,234,41,269,297,7.14125759717315,7.55903614457831,6.54851196581197,6.95121951219512,7.01970260223048,7.25135286195286,36
"38",2007,11,6.2,26,7.8,5.35294117647059,7.66666666666667,7,5.61333333333333,9,17,3,11,15,592,341,251,44,280,312,7.09991858108108,7.56539589442815,6.46753705179283,7,7.01892857142857,7.17260192307692,37
"39",2007,12,7.02083333333333,24,7.1,6.96428571428571,7.8,7.14285714285714,6.97058823529412,10,14,5,7,17,616,351,265,49,287,329,7.09683733766234,7.55213675213675,6.49378037735849,7.08163265306122,7.0219512195122,7.16216352583586,38
"40",2008,1,7.77619047619048,21,8.06153846153846,7.3125,6.16666666666667,7.07142857142857,8.12857142857143,13,8,3,7,14,637,364,273,52,294,343,7.11923359497645,7.57032967032967,6.51777216117216,7.02884615384615,7.02312925170068,7.20160874635568,39
"41",2008,2,7.475,22,7.84230769230769,6.94444444444444,7,8.05,6.99583333333333,13,9,1,10,12,659,377,282,53,304,355,7.13111047040971,7.57970822281167,6.53138936170213,7.02830188679245,7.05690789473684,7.19465295774648,40
"42",2008,3,7.12826086956522,23,7.51818181818182,6.77083333333333,7.2,7.265,7.02307692307692,11,12,5,10,13,682,388,294,58,314,368,7.13101436950147,7.57796391752577,6.54116258503401,7.04310344827586,7.06353503184713,7.18859184782609,41
"43",2008,4,6.97058823529412,17,7.66666666666667,6.1875,8.5,7.05555555555556,6.875,9,8,1,9,8,699,397,302,59,323,376,7.12711273247496,7.57997481108312,6.5317940397351,7.06779661016949,7.06331269349845,7.18191968085106,42
"44",2008,5,7.58021052631579,19,7.848,7,7,7.63854545454545,7.5,13,6,1,11,8,718,410,308,60,334,384,7.13910278551532,7.58847317073171,6.54091493506493,7.06666666666667,7.08225748502994,7.18854635416667,43
"45",2008,6,6.78411764705882,17,7.25,6.37,8,6.91625,6.66666666666667,8,9,1,8,9,735,418,317,61,342,393,7.13089224489796,7.581995215311,6.53606246056782,7.08196721311475,7.07837426900585,7.17659491094147,44
"46",2008,7,6.73461538461538,26,7,6.50714285714286,6.34444444444444,6.50769230769231,6.96153846153846,12,14,9,13,13,761,430,331,70,355,406,7.1173532194481,7.56575348837209,6.53483927492447,6.98714285714286,7.05747605633803,7.16970886699507,45
"47",2008,8,7.268,25,7.44166666666667,7.10769230769231,7.16666666666667,7.35384615384615,7.175,12,13,6,13,12,786,442,344,76,368,418,7.12214478371501,7.56238461538462,6.55648779069767,7.00131578947368,7.06794565217391,7.16986076555024,46
"48",2008,9,6.926875,16,7.875,6.61083333333333,6.38833333333333,6.47166666666667,7.2,4,12,6,6,10,802,446,356,82,374,428,7.11824912718205,7.56518834080718,6.55831966292135,6.95646341463415,7.05837967914438,7.17056495327103,47
"49",2008,10,6.87037037037037,27,7.5,6.36666666666667,6.21428571428571,6.4,7.30714285714286,12,15,7,13,14,829,458,371,89,387,442,7.11017587454765,7.56348034934498,6.55057088948787,6.89808988764045,7.03626356589147,7.17489095022624,48
"50",2008,11,7.63333333333333,21,7.58,7.68181818181818,7.375,7.5,7.71538461538462,10,11,4,8,13,850,468,382,93,395,455,7.12310094117647,7.56383333333333,6.58314607329843,6.91860215053763,7.04565569620253,7.19033362637363,49
"51",2008,12,7.162,25,7.725,6.89705882352941,6.65909090909091,6.60625,7.42352941176471,8,17,11,8,17,875,476,399,104,403,472,7.12421234285714,7.56654201680672,6.59652080200501,6.89115384615385,7.03693300248139,7.19873262711864,50
"52",2009,1,7.52162162162162,37,7.93809523809524,6.975,6.985,7.415625,7.60238095238095,21,16,10,16,21,912,497,415,114,419,493,7.14033530701755,7.58224144869215,6.61111277108434,6.89938596491228,7.0513937947494,7.21592657200811,51
"53",2009,2,6.82830188679245,53,6.86363636363636,6.80322580645161,7.15555555555556,6.7625,6.85675675675676,22,31,9,16,37,965,519,446,123,435,530,7.12319772020725,7.55178034682081,6.62446591928251,6.91813008130081,7.04076781609195,7.19085245283019,52
"54",2009,3,7.09428571428571,35,7.78333333333333,6.73478260869565,7.04545454545455,6.75,7.232,12,23,11,10,25,1000,531,469,134,445,555,7.1221858,7.5570131826742,6.62987590618337,6.92858208955224,7.03423370786517,7.19270594594595,53
"55",2009,4,6.72439024390244,41,7.25,6.55483870967742,6.4,7.4,6.63055555555556,10,31,5,5,36,1041,541,500,139,450,591,7.10651853986551,7.5513382624769,6.6252236,6.90956834532374,7.03829777777778,7.15846328257191,54
"56",2009,5,6.85142857142857,35,7.25263157894737,6.375,6.6,6.78666666666667,6.9,19,16,10,15,20,1076,560,516,149,465,611,7.09822100371747,7.54120357142857,6.61746472868217,6.88879194630873,7.03018064516129,7.15000294599018,55
"57",2009,6,6.82727272727273,22,7.45,6.30833333333333,4.33333333333333,6.5625,6.97857142857143,10,12,3,8,14,1098,570,528,152,473,625,7.09279216757741,7.53960350877193,6.61043901515151,6.8383552631579,7.02227061310782,7.14616288,56
"58",2009,7,6.9625,24,7.75,6.7,6.64285714285714,6.92857142857143,6.97647058823529,6,18,7,7,17,1122,576,546,159,480,642,7.09000516934046,7.54179513888889,6.61339157509157,6.82974842767296,7.02090416666667,7.14166947040498,57
"59",2009,8,7.12962962962963,27,7.16428571428571,7.09230769230769,7.33333333333333,7.83333333333333,6.92857142857143,14,13,6,6,21,1149,590,559,165,486,663,7.0909362924282,7.53283728813559,6.62452915921288,6.84806060606061,7.0309341563786,7.1349197586727,58
"60",2009,9,6.71739130434783,23,8.16666666666667,6.20588235294118,5.5,6.4375,6.86666666666667,6,17,6,8,15,1172,596,576,171,494,678,7.08360563139932,7.53921812080537,6.61217326388889,6.80076023391813,7.02132388663968,7.12898495575221,59
"61",2009,10,6.87878787878788,33,7.58,6.29444444444444,6.9125,6.71818181818182,6.95909090909091,15,18,8,11,22,1205,611,594,179,505,700,7.07799651452282,7.54021931260229,6.60254511784512,6.80575418994413,7.01472079207921,7.12364542857143,60
"62",2009,11,6.8,50,7.68421052631579,6.25806451612903,6.5,7.43333333333333,6.52857142857143,19,31,6,15,35,1255,630,625,185,520,735,7.0669209561753,7.54456190476191,6.58545888,6.79583783783784,7.02679615384615,7.09530857142857,61
"63",2009,12,7.02424242424242,33,7.52666666666667,6.60555555555556,6.78571428571429,7.27777777777778,6.92916666666667,15,18,7,9,24,1288,645,643,192,529,759,7.06582748447205,7.54414573643411,6.58602146189735,6.79546875,7.03106616257089,7.09005507246377,62
"64",2010,1,7.34848484848485,33,7.6,7.13888888888889,7.64285714285714,7.54545454545455,7.25,15,18,7,11,22,1321,660,661,199,540,781,7.07288856926571,7.54541515151515,6.60107685325265,6.82527638190955,7.04154444444444,7.09456056338028,63
"65",2010,2,6.65333333333333,15,7.125,6.11428571428571,5.5,6.625,6.66363636363636,8,7,2,4,11,1336,668,668,201,544,792,7.06817799401198,7.54038023952096,6.59597574850299,6.81208955223881,7.03848161764706,7.08857550505051,64
"66",2010,3,7.09523809523809,21,7.55,6.68181818181818,7,6.5,7.54166666666667,10,11,5,9,12,1357,678,679,206,553,804,7.06859675755343,7.54052212389381,6.59736642120766,6.81665048543689,7.02971790235081,7.09533805970149,65
"67",2010,4,6.97727272727273,22,7.44444444444444,6.65384615384615,6.125,6.08333333333333,7.3125,9,13,4,6,16,1379,687,692,210,559,820,7.06713981145758,7.5392634643377,6.5984274566474,6.80347619047619,7.01955992844365,7.09957536585366,66
"68",2010,5,6.77,20,7.44444444444444,6.21818181818182,6.46666666666667,6.75,6.78333333333333,9,11,6,8,12,1399,696,703,216,567,832,7.062891922802,7.53803735632184,6.59247766714082,6.79412037037037,7.01575661375661,7.09501418269231,67
"69",2010,6,7.06764705882353,17,7.39375,6.77777777777778,7,7.24,6.99583333333333,8,9,3,5,12,1416,704,712,219,572,844,7.06294901129943,7.53639772727273,6.59481994382022,6.79694063926941,7.01771678321678,7.09360402843602,68
"70",2010,7,6.92777777777778,18,7.33333333333333,6.725,6.6,6.68571428571429,7.08181818181818,6,12,5,7,11,1434,710,724,224,579,855,7.06125230125523,7.53468169014084,6.59697762430939,6.79254464285714,7.01370293609672,7.09345239766082,69
"71",2010,8,6.05555555555556,18,6.75,5.5,5.75,6,6.06666666666667,8,10,4,3,15,1452,718,734,228,582,870,7.04878498622589,7.52593871866295,6.58203242506812,6.77425438596491,7.00847766323024,7.0757491954023,70
"72",2010,9,6.76315789473684,19,7.71428571428571,6.20833333333333,5.8,7.07142857142857,6.58333333333333,7,12,5,7,12,1471,725,746,233,589,882,7.04509571719918,7.52775724137931,6.57602117962466,6.75334763948498,7.00922580645161,7.06904965986395,71
"73",2010,10,6.62631578947368,19,6.925,6.40909090909091,7,6.58333333333333,6.64615384615385,8,11,4,6,13,1490,733,757,237,595,895,7.0397555704698,7.52117871759891,6.57359550858652,6.75751054852321,7.00493109243697,7.06290703910614,72
"74",2010,11,7.18181818181818,22,7.45454545454545,6.90909090909091,7,7.7,7.02941176470588,11,11,3,5,17,1512,744,768,240,600,912,7.04182261904762,7.5201935483871,6.57840078125,6.76054166666667,7.01072333333333,7.0622826754386,73
"75",2010,12,6.38461538461539,26,7.0625,6.08333333333333,6.1,6.2,6.5,8,18,10,10,16,1538,752,786,250,610,928,7.03071248374512,7.51532446808511,6.56706335877862,6.73412,6.99743278688524,7.05258814655172,74
"76",2011,1,7.43,20,8.05,6.81,6.9,8.1,7.20666666666667,10,10,4,5,15,1558,762,796,254,615,943,7.03583812580231,7.52234120734908,6.57011532663316,6.73673228346457,7.00639674796748,7.05503902439024,75
"77",2011,2,6.8,19,6.75714285714286,6.825,6.8,6.7875,6.80909090909091,7,12,5,8,11,1577,769,808,259,623,954,7.03299670259987,7.51537581274382,6.57390074257426,6.73795366795367,7.00358587479936,7.05220314465409,76
"78",2011,3,6.58333333333333,24,7.21428571428571,6.32352941176471,6.3,6.58333333333333,6.58333333333333,7,17,5,6,18,1601,776,825,264,629,972,7.02625596502186,7.51265979381443,6.56874157575757,6.72965909090909,6.99957710651828,7.04352037037037,77
"79",2011,4,7.05,14,6.95,7.3,7.5,7.25,6.97,10,4,2,4,10,1615,786,829,266,633,982,7.02646179566564,7.50550127226463,6.57226996381182,6.73545112781955,7.00115955766193,7.0427716904277,78
"80",2011,5,6.74,15,7.27777777777778,5.93333333333333,5.9,6.71428571428571,6.7625,9,6,4,7,8,1630,795,835,270,640,990,7.02382564417178,7.50292327044025,6.56767880239521,6.72307407407407,6.998021875,7.04050686868687,79
"81",2011,6,6.88947368421053,19,7.2125,6.65454545454545,6.83333333333333,6.75,6.95384615384615,8,11,3,6,13,1649,803,846,273,646,1003,7.0222776228017,7.5000298879203,6.56880827423168,6.72428571428571,6.99571826625387,7.03938364905284,80
"82",2011,7,7.54166666666667,12,7.5,7.5625,8,7.5,7.55,4,8,4,2,10,1661,807,854,277,648,1013,7.02602998193859,7.50002973977695,6.5781168618267,6.74270758122744,6.99727469135802,7.04442428430405,81
"83",2011,8,6.88461538461539,13,7,6.75,6.5,6.78571428571429,7,7,6,5,7,6,1674,814,860,282,655,1019,7.02493178016726,7.49572972972973,6.57931604651163,6.73840425531915,6.99501374045801,7.04416270853778,82
"84",2011,9,6.44,10,8.16666666666667,5.7,6.35,6.28,6.6,3,7,4,5,5,1684,817,867,286,660,1024,7.02145831353919,7.49819339045288,6.57221660899654,6.73297202797203,6.98959696969697,7.0419939453125,83
"85",2011,10,6.7537037037037,27,6.97777777777778,6.64166666666667,6.06666666666667,6.75,6.7547619047619,9,18,9,6,21,1711,826,885,295,666,1045,7.01723308007013,7.49252300242131,6.57362915254237,6.71264406779661,6.98743843843844,7.03622181818182,84
"86",2011,11,7.218,25,7.66333333333333,6.55,6.75,7.41666666666667,7.15526315789474,15,10,4,6,19,1736,841,895,299,672,1064,7.02012430875576,7.49556956004756,6.5733651396648,6.71314381270903,6.99127083333333,7.03834755639098,85
"87",2011,12,6.3875,16,7.14285714285714,5.8,6,6.5,6.37142857142857,7,9,3,2,14,1752,848,904,302,674,1078,7.01434691780822,7.49265801886792,6.5656657079646,6.70605960264901,6.98981305637982,7.02968627087198,86
"88",2012,1,7,18,6.92857142857143,7.04545454545455,6.9,6.66666666666667,7.06666666666667,7,11,5,3,15,1770,855,915,307,677,1093,7.01420101694915,7.48803976608187,6.57143366120218,6.70921824104234,6.98838109305761,7.03019377859103,87
"89",2012,2,6.91176470588235,17,7.13636363636364,6.5,5.5,6.875,6.94444444444444,11,6,2,8,9,1787,866,921,309,685,1102,7.01322652490207,7.4835727482679,6.57096829533116,6.70139158576052,6.98705693430657,7.02949346642468,88
"90",2012,3,7.14444444444444,18,7.31,6.9375,6,5.75,7.31875,10,8,2,2,16,1805,876,929,311,687,1118,7.01453506925208,7.48159132420091,6.57412465016146,6.6968810289389,6.98345560407569,7.03363309481216,89
"91",2012,4,6.79444444444444,18,7.03,6.5,6.25,NA,6.79444444444444,10,8,2,0,18,1823,886,937,313,687,1136,7.01236193088316,7.47649435665914,6.57349178228388,6.69402555910543,6.98345560407569,7.02984313380282,90
"92",2012,5,7,12,6.8125,7.375,6.5,6.5,7.1,8,4,3,2,10,1835,894,941,316,689,1146,7.01228108991826,7.47055257270693,6.57689883103082,6.6921835443038,6.98205224963715,7.03045532286213,91
"93",2012,6,5.89521739130435,23,6.44444444444444,5.54214285714286,6.05,6,5.8795,9,14,6,3,20,1858,903,955,322,692,1166,6.99845306781486,7.46032558139535,6.56172963350785,6.68021739130435,6.97779479768786,7.01071337907376,92
"94",2012,7,6.92941176470588,17,6.99166666666667,6.89545454545455,7.32857142857143,6.825,6.96153846153846,6,11,7,4,13,1875,909,966,329,696,1179,6.99782709333333,7.45723212321232,6.56552981366459,6.69401215805471,6.97691666666667,7.0101711620017,93
"95",2012,8,7.2,9,7.25,7.16,7.5,NA,7.2,4,5,1,0,9,1884,913,971,330,696,1188,6.99879288747346,7.45632420591457,6.56859093717817,6.69645454545455,6.97691666666667,7.01160925925926,94
"96",2012,9,6.75263157894737,19,7.25555555555556,6.3,6,6.825,6.7,9,10,3,8,11,1903,922,981,333,704,1199,6.99633515501839,7.45436442516269,6.56585300713557,6.69018018018018,6.97519034090909,7.0087504587156,95
"97",2012,10,6.7578947368421,19,7.35454545454545,5.9375,6,5.7,7.13571428571429,11,8,1,5,14,1922,933,989,334,709,1213,6.99397804370447,7.45318756698821,6.56077027300303,6.68811377245509,6.96619746121298,7.01021582852432,96
"98",2012,11,7.05555555555556,9,7.625,6.6,6,6.625,7.4,4,5,2,4,5,1931,937,994,336,713,1218,6.99426504401864,7.45392102454642,6.5609676056338,6.68401785714286,6.96428330995792,7.01181592775041,97
"99",2012,12,7.88571428571429,14,8.12727272727273,7,8,8.1,7.8,11,3,1,4,10,1945,948,997,337,717,1228,7.00068164524422,7.46173417721519,6.56228866599799,6.68792284866469,6.97061924686192,7.01823436482085,98
"100",2013,1,6.29473684210526,19,7.37142857142857,5.66666666666667,5.64285714285714,6.125,6.41818181818182,7,12,7,8,11,1964,955,1009,344,725,1239,6.99385224032587,7.4610722513089,6.55163706640238,6.66665697674419,6.96128827586207,7.01290702179177,99
"101",2013,2,6.64117647058824,17,7.35833333333333,6.25,5.75,6.3,6.78333333333333,6,11,2,5,12,1981,961,1020,346,730,1251,6.99082574457345,7.4604308012487,6.54838411764706,6.66135838150289,6.95675890410959,7.01070487609912,100
"102",2013,3,6.35714285714286,14,7.375,5.95,5.41666666666667,7.125,6.05,4,10,6,4,10,1995,965,1030,352,734,1261,6.98637884711779,7.46007668393782,6.5425745631068,6.64014204545455,6.9576757493188,7.00308628072958,101
"103",2013,4,6.8,10,7.75,6.16666666666667,6.5,5.5,7.125,4,6,2,2,8,2005,969,1036,354,736,1269,6.98544927680798,7.46127347781218,6.54039749034749,6.63935028248588,6.95371467391304,7.0038548463357,102
"104",2013,5,6.35714285714286,14,6.85714285714286,5.85714285714286,7,7,6.25,7,7,2,2,12,2019,976,1043,356,738,1281,6.98109252105002,7.45694057377049,6.53581188878236,6.64137640449438,6.95384010840108,6.99679297423888,103
"105",2013,6,6.98333333333333,12,7.63333333333333,6.33333333333333,6.5,7.06,6.92857142857143,6,6,2,5,7,2031,982,1049,358,743,1288,6.98110576070901,7.4580183299389,6.53465376549094,6.64058659217877,6.95455450874832,6.99642220496894,104
"106",2013,7,7.321875,16,7.71875,6.925,6.5,7.5,7.29642857142857,8,8,1,2,14,2047,990,1057,359,745,1302,6.9837693209575,7.46012525252525,6.53760813623463,6.64019498607242,6.95601879194631,6.99964807987711,105
"107",2013,8,7.26666666666667,12,7.33333333333333,7.06666666666667,6.7,7.7,6.95714285714286,9,3,1,5,7,2059,999,1060,360,750,1309,6.98541806702283,7.45898298298298,6.53910547169811,6.64036111111111,6.96097866666667,6.99942077922078,106
"108",2013,9,6.53571428571429,14,6.5,6.55,5.66666666666667,6.8,6.38888888888889,4,10,3,5,9,2073,1003,1070,363,755,1318,6.98238099372889,7.45515852442672,6.53920728971962,6.63231404958678,6.95991258278146,6.99525174506828,107
"109",2013,10,7.1,5,6.625,9,NA,5.5,8.16666666666667,4,1,0,2,3,2078,1007,1071,363,757,1321,6.98266400384985,7.45186097318769,6.54150494864612,6.63231404958678,6.95605548216645,6.99791203633611,108
"110",2013,11,6.40714285714286,14,7.125,6.12,6.14,NA,6.40714285714286,4,10,5,0,14,2092,1011,1081,368,757,1335,6.97881252390057,7.45056775469832,6.53760573543016,6.625625,6.95605548216645,6.99171670411985,109
"111",2013,12,5.92857142857143,7,5.625,6.33333333333333,6,6,5.9,4,3,2,2,5,2099,1015,1084,370,759,1340,6.97531005240591,7.44337339901478,6.53704040590406,6.62224324324324,6.95353623188406,6.98764313432836,110
"112",2014,1,5.95555555555556,9,NA,5.95555555555556,NA,6.66666666666667,5.6,0,9,0,3,6,2108,1015,1093,370,762,1346,6.97095626185958,7.44337339901478,6.53225233302836,6.62224324324324,6.95240682414698,6.98145750371471,111
"113",2014,2,7.2,8,6.9,7.5,7,NA,7.2,4,4,1,0,8,2116,1019,1097,371,762,1354,6.97182221172023,7.44124043179588,6.53578103919781,6.62326145552561,6.95240682414698,6.98274874446086,112
"114",2014,3,7.08,15,8,6.62,6.64285714285714,7,7.1,5,10,7,3,12,2131,1024,1107,378,765,1366,6.97258366963867,7.44396875,6.53654182475158,6.62362433862434,6.95259346405229,6.98377877013177,113
"115",2014,4,5.85714285714286,7,NA,5.85714285714286,6.5,6.75,5.5,0,7,5,2,5,2138,1024,1114,383,767,1371,6.96893161833489,7.44396875,6.53227271095152,6.62201044386423,6.95206518904824,6.97836746900073,114
"116",2014,5,7.22857142857143,7,7.16666666666667,7.275,8,NA,7.22857142857143,3,4,1,0,7,2145,1027,1118,384,767,1378,6.96977892773893,7.44315871470302,6.53493005366726,6.62559895833333,6.95206518904824,6.97963846153846,115
"117",2014,6,7.1,7,7.66666666666667,6.675,8,7.5,6.8,3,4,1,3,4,2152,1030,1122,385,770,1382,6.97020250929368,7.44380970873786,6.5354294117647,6.62916883116883,6.9542,6.97911852387844,116
"118",2014,7,6.72727272727273,11,7.3,6.25,7.5,6.875,6.64285714285714,5,6,3,4,7,2163,1035,1128,388,774,1389,6.96896708275543,7.44311497584541,6.53391117021276,6.63590206185567,6.95379069767442,6.97742390208784,117
"119",2014,8,6.66666666666667,9,7.2,6,6.33333333333333,7.5,6.42857142857143,5,4,3,2,7,2172,1040,1132,391,776,1396,6.96771445672192,7.44194615384615,6.53202455830388,6.63358056265985,6.95519845360825,6.9746717765043,118
"120",2014,9,6.8875,16,7.76666666666667,6.36,6.51666666666667,6.68333333333333,7.01,6,10,6,6,10,2188,1046,1142,397,782,1406,6.96712787934187,7.44380879541109,6.53051821366024,6.63181360201511,6.95311253196931,6.97492304409673,119
"121",2014,10,7.925,4,8.35,7.5,NA,NA,7.925,2,2,0,0,4,2192,1048,1144,397,782,1410,6.96887582116788,7.44553816793893,6.53221311188811,6.63181360201511,6.95311253196931,6.97761829787234,120
"122",2014,11,5.92857142857143,14,6.16666666666667,5.86363636363636,5.875,6.66666666666667,5.72727272727273,3,11,4,3,11,2206,1051,1155,401,785,1421,6.9622737080689,7.44188772597526,6.52584571428571,6.62426433915212,6.9520178343949,6.96793933849402,121
"123",2014,12,6.9,15,7.125,6.64285714285714,6.7,6.75,6.95454545454545,8,7,5,4,11,2221,1059,1162,406,789,1432,6.96185312922107,7.43949386213409,6.52655060240964,6.62519704433497,6.95099366286439,6.96783645251397,122
"124",2015,1,6.1,5,6.5,5.83333333333333,6,7,5.875,2,3,1,1,4,2226,1061,1165,407,790,1436,6.95991725067386,7.43772290292177,6.52476549356223,6.62366093366093,6.95105569620253,6.96479233983287,123
"125",2015,2,6.67647058823529,17,8,5.75,5.66666666666667,7.3,6.41666666666667,7,10,3,5,12,2243,1068,1175,410,795,1448,6.95776897012929,7.44140823970037,6.51817174468085,6.61665853658536,6.95325031446541,6.96024986187846,124
"126",2015,3,6.475,10,6.96428571428571,5.33333333333333,6.25,6.5625,6.41666666666667,7,3,2,4,6,2253,1075,1178,412,799,1454,6.95562618730582,7.43830139534884,6.51515432937181,6.6148786407767,6.95129411764706,6.95800674002751,125
"127",2015,4,6.93333333333333,9,7.725,6.3,6.25,7.3,6.475,4,5,2,5,4,2262,1079,1183,414,804,1458,6.95553748894783,7.43936422613531,6.5142449704142,6.61311594202898,6.95346268656716,6.9566816186557,126
"128",2015,5,6.35,12,6.3,6.38571428571429,7,6.5,6.32,5,7,4,2,10,2274,1084,1190,418,806,1468,6.95234204045735,7.43410885608856,6.51348890756302,6.61681818181818,6.95233746898263,6.95234455040872,127
"129",2015,6,6.875,8,7.75,6.58333333333333,6.4,7,6.8,2,6,5,3,5,2282,1086,1196,423,809,1473,6.95207090271692,7.43469060773481,6.51383929765886,6.61425531914893,6.95251421508035,6.95182742701969,128
"130",2015,7,6.25,8,6.96666666666667,5.82,6.55,NA,6.25,3,5,2,0,8,2290,1089,1201,425,809,1481,6.94961825327511,7.4334012855831,6.51095070774354,6.61395294117647,6.95251421508035,6.94803632680622,129
"131",2015,8,7.17692307692308,13,7.2125,7.16111111111111,6.78,6.63333333333333,7.34,4,9,5,3,10,2303,1093,1210,430,812,1491,6.95090134607034,7.43259286367795,6.51578661157025,6.61588372093023,6.95133497536946,6.95066519114688,130
"132",2015,9,7.04444444444444,9,7.475,6.7,NA,5,7.3,4,5,0,1,8,2312,1097,1215,430,813,1499,6.95126548442907,7.43274749316317,6.51654469135802,6.61588372093023,6.94893480934809,6.95252955303536,131
"133",2015,10,6.80555555555556,9,7.15,6.375,7,7.625,6.57142857142857,5,4,1,2,7,2321,1102,1219,431,815,1506,6.95070047393365,7.43146460980036,6.51608022969647,6.61677494199536,6.95059386503067,6.95075816733068,132
"134",2015,11,6.61818181818182,11,6.66666666666667,6.56,6,6,6.75555555555556,6,5,2,2,9,2332,1108,1224,433,817,1515,6.94913198970841,7.42732310469314,6.51625964052287,6.61392609699769,6.94826682986536,6.94959854785479,133
"135",2015,12,7.225,12,7.58,6.97142857142857,7,7.5,7.0875,5,7,2,4,8,2344,1113,1231,435,821,1523,6.95054428327645,7.42800898472596,6.5188479285134,6.61570114942529,6.95095493300853,6.95032291529875,134
"136",2016,1,7.375,16,7.83333333333333,6.78571428571429,6.5,7.625,7.29166666666667,9,7,2,4,12,2360,1122,1238,437,825,1535,6.95342194915254,7.43126024955437,6.52035686591276,6.61517162471396,6.95422303030303,6.95299140065147,135
"137",2016,2,6.72222222222222,9,8,6.35714285714286,7.5,8,6.35714285714286,2,7,1,2,7,2369,1124,1245,438,827,1542,6.95254360489658,7.43227224199288,6.51943919678715,6.61719178082192,6.95675211608222,6.95028651102465,136
"138",2016,3,7.05,10,6.83333333333333,7.14285714285714,7,6.75,7.125,3,7,2,2,8,2379,1127,1252,440,829,1550,6.95295325767129,7.43067790594499,6.52292476038338,6.61893181818182,6.9562533172497,6.95118825806452,137
"139",2016,4,6.95833333333333,12,7.42857142857143,6.3,6,8,6.4375,7,5,2,4,8,2391,1134,1257,442,833,1558,6.95298025930573,7.43066490299823,6.52203802704853,6.61613122171946,6.96126530612245,6.94855057766367,138
"140",2016,5,6.5,2,7,6,NA,NA,6.5,1,1,0,0,2,2393,1135,1258,442,833,1560,6.952601671542,7.43028546255506,6.52162305246423,6.61613122171946,6.96126530612245,6.94797551282052,139
"141",2016,6,6.33333333333333,6,6.5,6,5,7,6.2,4,2,1,1,5,2399,1139,1260,443,834,1565,6.9510528553564,7.42701843722563,6.52079507936508,6.61248306997743,6.96131175059952,6.94558581469649,140
"142",2016,7,6.3,10,6.75,6,NA,7,6.125,4,6,0,2,8,2409,1143,1266,443,836,1573,6.94835026982151,7.42464916885389,6.51832685624012,6.61248306997743,6.9614043062201,6.94141246026701,141
"143",2016,8,6.25,9,6.625,5.95,5.5,NA,6.25,4,5,2,0,9,2418,1147,1271,445,836,1582,6.94575095119934,7.42186050566696,6.5160911093627,6.60748314606741,6.9614043062201,6.93747901390645,142
"144",2016,9,6.75,4,7,6.5,NA,7,6.66666666666667,2,2,0,1,3,2422,1149,1273,445,837,1585,6.94542766308836,7.42112619669277,6.51606582875098,6.60748314606741,6.9614504181601,6.93696643533123,143
"145",2016,10,6.55555555555556,9,7.25,6,6.33333333333333,6.75,6.4,4,5,3,4,5,2431,1153,1278,448,841,1590,6.94398428630194,7.42053252385082,6.51404679186228,6.60564732142857,6.96044470868014,6.93527786163522,144
"146",2016,11,6.74545454545455,11,8.14,5.58333333333333,5.16666666666667,5,6.92,5,6,3,1,10,2442,1158,1284,451,842,1600,6.94309000819001,7.4236390328152,6.5096976635514,6.59607538802661,6.95811638954869,6.935182375,145
"147",2016,12,6.11111111111111,9,6.83333333333333,4.66666666666667,NA,NA,6.11111111111111,6,3,0,0,9,2451,1164,1287,451,842,1609,6.94003500611995,7.42059621993127,6.50540155400155,6.59607538802661,6.95811638954869,6.93057290242387,146
"148",2017,1,6.6,16,6.6875,6.5125,6.42,5.875,6.84166666666667,8,8,5,4,12,2467,1172,1295,456,846,1621,6.93782967166599,7.41559215017065,6.5054454054054,6.5941447368421,6.95299527186761,6.9299147439852,147
"149",2017,2,7.25,8,8.375,6.125,6.25,8.5,7.07142857142857,4,4,2,1,7,2475,1176,1299,458,847,1628,6.93883870707071,7.41885544217687,6.50427390300231,6.59264192139738,6.95482172373081,6.93052321867322,148
"150",2017,3,6.12875,8,7.09333333333333,5.55,NA,7.07,5.1875,3,5,0,4,4,2483,1179,1304,458,851,1632,6.93622867498993,7.41802714164546,6.50061487730061,6.59264192139738,6.95536310223267,6.92625110294118,149
"151",2017,4,6.25,4,6.5,6,NA,8,5.66666666666667,2,2,0,1,3,2487,1181,1306,458,852,1635,6.93512496984319,7.41647248094835,6.49984823889739,6.59264192139738,6.95658920187793,6.92393993883792,150
"152",2017,5,6.08333333333333,6,6.5,5.66666666666667,6,NA,6.08333333333333,3,3,2,0,6,2493,1184,1309,460,852,1641,6.93307492980345,7.41415033783784,6.49793873185638,6.5900652173913,6.95658920187793,6.92086642291286,151
"153",2017,6,7.04545454545455,11,7,7.0625,7.08333333333333,6.5,7.16666666666667,3,8,6,2,9,2504,1187,1317,466,854,1650,6.93356861022364,7.41310362257793,6.50136810933941,6.59641630901287,6.95551990632318,6.92220715151515,152
"154",2017,7,6.692,10,6.7,6.684,6,6.66666666666667,6.70285714285714,5,5,1,3,7,2514,1192,1322,467,857,1657,6.932607716786,7.41011241610738,6.50205885022693,6.5951391862955,6.95450875145858,6.92128050694026,153
"155",2017,8,6.61111111111111,9,6.16666666666667,6.83333333333333,7.5,5.75,6.85714285714286,3,6,2,2,7,2523,1195,1328,469,859,1664,6.93146087990488,7.40699079497908,6.50355557228916,6.59899786780384,6.95170430733411,6.92101069711539,154
"156",2017,9,6.5375,8,6.61428571428571,6,7,5.9,6.75,7,1,1,2,6,2531,1202,1329,470,861,1670,6.93021564598973,7.40237437603993,6.50317667419112,6.59985106382979,6.94926132404181,6.92039628742515,155
"157",2017,10,6.78125,8,7.45,5.66666666666667,5.5,7,6.75,5,3,2,1,7,2539,1207,1332,472,862,1677,6.92974627806223,7.40257166528583,6.50129264264264,6.5951906779661,6.94932018561485,6.91968503279666,156
"158",2017,11,6.45357142857143,14,7.33571428571429,5.57142857142857,5.6,6.18333333333333,6.65625,7,7,5,6,8,2553,1214,1339,477,868,1685,6.92713505679593,7.40218616144975,6.49643151605676,6.58475890985325,6.94402534562212,6.91843430267063,157
"159",2017,12,5.9,5,5.75,6,6,5.25,6.33333333333333,2,3,3,2,3,2558,1216,1342,480,870,1688,6.92512736512901,7.39946875,6.4953217585693,6.58110416666667,6.94013103448276,6.91739443127962,158
"160",2018,1,6.257,10,7.59,5.68571428571429,6.025,6.75,6.13375,3,7,4,2,8,2568,1219,1349,484,872,1696,6.92252562305296,7.3999376538146,6.49112068198665,6.57650826446281,6.93969495412844,6.91369799528302,159
"161",2018,2,6.8,10,6.91666666666667,6.625,7,6.33333333333333,7,6,4,1,3,7,2578,1225,1353,485,875,1703,6.92205034910784,7.3975706122449,6.49151648189209,6.57738144329897,6.937616,6.91405273047563,160
"162",2018,3,6.1375,8,7,5.85,5.73333333333333,7.2,5.98571428571429,2,6,3,1,7,2586,1227,1359,488,876,1710,6.91962327919567,7.39692257538712,6.48868417954378,6.57219262295082,6.93791552511416,6.91025251461989,161
"163",2018,4,6.93333333333333,6,6.5,7.36666666666667,7.05,8.5,6.62,3,3,2,1,5,2592,1230,1362,490,877,1715,6.9196550154321,7.39473495934959,6.49061806167401,6.57414285714286,6.93969669327252,6.9094062973761,162
"164",2018,5,6.2,7,6.63333333333333,5.875,5.5,6.5,6.15,3,4,2,1,6,2599,1233,1366,492,878,1721,6.91771673720662,7.39288240064882,6.48881537335285,6.56977642276423,6.93919589977221,6.90675874491575,163
"165",2018,6,7,5,8,6.75,8,8,6.75,1,4,1,1,4,2604,1234,1370,493,879,1725,6.9178747311828,7.39337439222042,6.48957795620438,6.57267748478702,6.94040273037543,6.90639524637681,164
"166",2018,7,6.1625,8,6.16666666666667,6.16,6,6.25,6.13333333333333,3,5,1,2,6,2612,1237,1375,494,881,1731,6.91556117917305,7.39039935327405,6.48837949090909,6.57151821862348,6.93883541430193,6.90371565569035,165
"167",2018,8,7.52083333333333,12,7.9,6.7625,6.875,7.125,7.71875,8,4,2,4,8,2624,1245,1379,496,885,1739,6.91832919207317,7.39367389558233,6.48917461928934,6.57274193548387,6.93967683615819,6.90746509488212,166
"168",2018,9,7.41666666666667,12,7.75,7.08333333333333,7.5,8,7.125,6,6,3,4,8,2636,1251,1385,499,889,1747,6.92059779969651,7.39538289368505,6.49174859205776,6.57831663326653,6.94444769403824,6.90846124785346,167
"169",2018,10,6.075,10,6.46428571428571,5.16666666666667,5,5.83333333333333,6.17857142857143,7,3,1,3,7,2646,1258,1388,500,892,1754,6.91740204081633,7.39020190779014,6.48888458213256,6.57516,6.94071076233184,6.90554834663626,168
"170",2018,11,5.9,5,5,6.125,6,NA,5.9,1,4,1,0,5,2651,1259,1392,501,892,1759,6.91548313843832,7.38830341540905,6.48783893678161,6.5740119760479,6.94071076233184,6.90269005116544,169
"171",2018,12,5.425,6,6.4,4.9375,NA,3.875,6.2,2,4,0,2,4,2657,1261,1396,501,894,1763,6.91211735039518,7.38673592386994,6.48339670487106,6.5740119760479,6.93385234899329,6.90109574588769,170
"172",2019,1,6.66666666666667,9,7.4,5.75,7.5,6.75,6.6,5,4,2,4,5,2666,1266,1400,503,898,1768,6.9112887471868,7.38678830963665,6.48130128571428,6.57769383697813,6.93303340757238,6.90024423076923,171
"173",2019,2,6.96428571428571,7,7.29166666666667,5,NA,6,7.125,6,1,0,1,6,2673,1272,1401,503,899,1774,6.91142753460531,7.38633962264151,6.48024396859386,6.57769383697813,6.93199555061179,6.90100439684329,172
"174",2019,3,6.34833333333333,6,6.5,6.19666666666667,8,7,5.69666666666667,3,3,1,3,3,2679,1275,1404,504,902,1777,6.91016640537514,7.38425411764706,6.47963803418803,6.58051587301587,6.93222172949002,6.89897118739449,173
"175",2019,4,7.03333333333333,6,7.66666666666667,6.4,NA,9,6.64,3,3,0,1,5,2685,1278,1407,504,903,1782,6.9104416387337,7.38491705790297,6.47946823027718,6.58051587301587,6.93451162790698,6.89824455667789,174
"176",2019,5,7.08333333333333,6,8.5,5.66666666666667,4.5,9,6.7,3,3,2,1,5,2691,1281,1410,506,904,1787,6.91082712746191,7.38752849336456,6.47773886524822,6.57229249011858,6.93679646017699,6.89768987129267,175
"177",2019,6,7.1,5,7.33333333333333,6.75,NA,8,6.5,3,2,0,2,3,2696,1284,1412,506,906,1790,6.91117796735905,7.38740186915888,6.47812450424929,6.57229249011858,6.93914348785872,6.89702335195531,176
"178",2019,7,5.33333333333333,3,5,5.5,5.5,6,5,1,2,2,1,2,2699,1285,1414,508,907,1792,6.90942415709522,7.38554396887159,6.47674101838755,6.56807086614173,6.93810804851158,6.89490613839286,177
"179",2019,8,6.6,5,7,6.33333333333333,7,6,6.75,2,3,1,1,4,2704,1287,1417,509,908,1796,6.90885199704142,7.38494483294483,6.47643740296401,6.56891944990177,6.93707488986784,6.89458340757239,178
"180",2019,9,5.5,6,7,4,NA,NA,5.5,3,3,0,0,6,2710,1290,1420,509,908,1802,6.90573276752767,7.3840496124031,6.47120549295774,6.56891944990177,6.93707488986784,6.88993995560489,179
"181",2019,10,7.73333333333333,3,8,7.2,NA,9,7.1,2,1,0,1,2,2713,1292,1421,509,909,1804,6.90664791743457,7.38500309597523,6.47171836734694,6.56891944990177,6.93934433443344,6.89017283813747,180
"182",2019,11,7.75,5,8.58333333333333,6.5,6.5,7.75,NA,3,2,2,5,0,2718,1295,1423,511,914,1804,6.90819933774834,7.38777915057915,6.47175811665495,6.56864970645792,6.94377899343545,6.89017283813747,181
"183",2019,12,6.33333333333333,6,6.4,6,6,7,6,5,1,1,2,4,2724,1300,1424,512,916,1808,6.90693311306902,7.38398,6.47142682584269,6.5675390625,6.94390174672489,6.88820342920354,182
"184",2020,1,6.375,8,6.6,6,7,6,6.42857142857143,5,3,1,1,7,2732,1305,1427,513,917,1815,6.90537547584187,7.38097624521073,6.47043573931324,6.5683820662768,6.94287241003271,6.88643074380166,183
"185",2020,2,5.875,8,6,5.75,5.5,5,6.4,4,4,2,3,5,2740,1309,1431,515,920,1820,6.90236708029197,7.37675630252101,6.46842194269741,6.56423300970874,6.93653695652174,6.8850943956044,184
"186",2020,3,5.875,4,5.75,6,6,6,5.83333333333333,2,2,1,1,3,2744,1311,1433,516,921,1823,6.9008694606414,7.37427459954233,6.4677681786462,6.56313953488372,6.93552008686211,6.88336357652222,185
"187",2020,4,6.5,3,NA,6.5,5.25,4,7.75,0,3,2,1,2,2747,1311,1436,518,922,1825,6.90043167091372,7.37427459954233,6.46783551532033,6.5580694980695,6.93233622559653,6.8843133150685,186
"188",2020,5,4.9,5,6.16666666666667,3,5,4,6.25,3,2,1,3,2,2752,1314,1438,519,925,1827,6.89679716569767,7.37151750380517,6.4630123783032,6.55506743737957,6.92282594594595,6.88361893814997,187
"189",2020,6,6.2,5,5,6.5,7,6,6.33333333333333,1,4,1,2,3,2757,1315,1442,520,927,1830,6.89553347841857,7.36971406844106,6.46311497919556,6.55592307692307,6.92083495145631,6.8827168306011,188
"190",2020,7,7.8,5,9,6,6,9,7.5,3,2,1,1,4,2762,1318,1444,521,928,1834,6.89717081824765,7.3734248861912,6.46247354570637,6.55485604606526,6.92307543103448,6.88406314067612,189
"191",2020,8,6.57142857142857,7,6.5,6.66666666666667,7,6.75,6.33333333333333,4,3,2,4,3,2769,1322,1447,523,932,1837,6.89634734561213,7.37078214826021,6.46289689011748,6.55655831739962,6.92233261802575,6.8831637452368,190
"192",2020,9,6.33333333333333,3,NA,6.33333333333333,7,7,6,0,3,1,1,2,2772,1322,1450,524,933,1839,6.89573802308802,7.37078214826021,6.46262882758621,6.55740458015267,6.92241586280814,6.88220326264274,191
"193",2020,10,6.96666666666667,6,7.2,6.85,6,7.4,6.88,2,4,1,1,5,2778,1324,1454,525,934,1844,6.89589121670266,7.37052416918429,6.46369449793672,6.55634285714286,6.92292719486081,6.88219728850326,192
"194",2020,11,6.16666666666667,6,6,6.33333333333333,6,9,5.6,3,3,2,1,5,2784,1327,1457,527,935,1849,6.89431961206896,7.36742577241899,6.46342608098833,6.55423149905123,6.9251486631016,6.87873001622499,193
"195",2020,12,6.66666666666667,9,7.44,5.7,6.4,6.16666666666667,6.91666666666667,5,4,2,3,6,2793,1332,1461,529,938,1855,6.89358603651987,7.3676981981982,6.46133593429158,6.55364839319471,6.92272281449893,6.87885272237197,194
"196",2021,1,6.41666666666667,15,6.92857142857143,5.96875,6.1875,5,6.63461538461539,7,8,4,2,13,2808,1339,1469,533,940,1868,6.89103839031339,7.36540253920836,6.45865336963921,6.55090056285178,6.91863191489362,6.87715299785867,195
"197",2021,2,6.6,5,6.5,7,NA,7,6.5,4,1,0,1,4,2813,1343,1470,533,941,1872,6.89052108069676,7.36282501861504,6.45902163265306,6.55090056285178,6.91871838469713,6.87634711538462,196
"198",2021,3,5.045,6,5.24,4.07,NA,4.035,5.55,5,1,0,2,4,2819,1348,1471,533,943,1876,6.88659304717985,7.35495103857567,6.45739755268525,6.55090056285178,6.91260233297985,6.87351908315565,197
"199",2021,4,7,6,7.66666666666667,6.33333333333333,6,8,6.8,3,3,1,1,5,2825,1351,1474,534,944,1881,6.88683391150442,7.35564322723908,6.45714504748982,6.54986891385768,6.91375423728813,6.87332365762892,198
"200",2021,5,3.7725,4,5.09,3.33333333333333,NA,4.5,3.045,1,3,0,2,2,2829,1352,1477,534,946,1883,6.88243047013079,7.3539674556213,6.45080013540961,6.54986891385768,6.9086511627907,6.86925746149761,199
"201",2021,6,7.625,4,7.83333333333333,7,NA,6.5,8,3,1,0,1,3,2833,1355,1478,534,947,1886,6.88347892693258,7.35502878228782,6.45117171853856,6.54986891385768,6.90821964097149,6.87105609756098,200
"202",2021,7,6.25,6,7.25,4.25,2,7,5.875,4,2,1,2,4,2839,1359,1480,535,949,1890,6.88214011976048,7.35471964679912,6.44819716216216,6.54136448598131,6.90841306638567,6.86894804232804,201
"203",2021,8,5.875,4,7.33333333333333,1.5,NA,1.5,7.33333333333333,3,1,0,1,3,2843,1362,1481,535,950,1893,6.88072310939149,7.35467254038179,6.44485604321404,6.54136448598131,6.90272,6.86968399366086,202
"204",2021,9,6.5,4,7.25,5.75,6.5,8.5,5.83333333333333,2,2,1,1,3,2847,1364,1483,536,951,1896,6.88018819810327,7.35451906158358,6.44391894807822,6.54128731343283,6.90439957939011,6.86804419831224,203
"205",2021,10,4.5,2,4,5,5,5,4,1,1,1,1,1,2849,1365,1484,537,952,1897,6.8785173043173,7.35206153846154,6.44294595687331,6.53841713221601,6.90239915966386,6.86653231418029,204
"206",2021,11,6.8125,8,7.3,6,NA,5,7.07142857142857,5,3,0,1,7,2857,1370,1487,537,953,1904,6.87833244662233,7.35187153284672,6.4420523201076,6.53841713221601,6.90040293809024,6.8672856092437,205
"207",2021,12,6.7,5,7,6.625,8,6.5,6.83333333333333,1,4,1,2,3,2862,1371,1491,538,955,1907,6.87802089447938,7.35161487964989,6.44254312541918,6.54113382899628,6.89956439790576,6.86723219716833,206
"208",2022,1,6.90433333333333,3,6.75,7.213,NA,NA,6.90433333333333,2,1,0,0,3,2865,1373,1492,538,955,1910,6.87804844677138,7.35073852876912,6.44305951742627,6.54113382899628,6.89956439790576,6.86729047120419,207
"209",2022,2,5.33333333333333,3,4,8,NA,2,7,2,1,0,1,2,2868,1375,1493,538,956,1912,6.87643263598326,7.34586472727273,6.44410234427327,6.54113382899628,6.89443933054393,6.86742928870293,208
"210",2022,3,6.57166666666667,6,7.25,6.2325,6,6.47666666666667,6.66666666666667,2,4,2,3,3,2874,1377,1497,540,959,1915,6.87579638135003,7.34572549019608,6.44353694054776,6.53912962962963,6.89313242961418,6.86711477806789,209
"211",2022,4,6,1,6,NA,NA,6,NA,1,0,0,1,0,2875,1378,1497,540,960,1915,6.87549175652174,7.34474891146589,6.44353694054776,6.53912962962963,6.89220208333333,6.86711477806789,210
"212",2022,5,6.66666666666667,6,7.5,6.25,6.33333333333333,8,6.4,2,4,3,1,5,2881,1380,1501,543,961,1920,6.87505685525859,7.34497391304348,6.44302118587608,6.53799263351749,6.89335483870968,6.86589833333334,211
"213",2022,6,5,3,7,1,1,1,7,2,1,1,1,2,2884,1382,1502,544,962,1922,6.87310638002774,7.34447467438495,6.43939733688415,6.5278125,6.88722869022869,6.86603787721124,212
"214",2022,7,6.125,4,6.75,5.5,NA,NA,6.125,2,2,0,0,4,2888,1384,1504,544,962,1926,6.87207022160665,7.34361560693642,6.43814813829787,6.5278125,6.88722869022869,6.86449885773624,213
"215",2022,8,7.48,10,7.8,7,6.5,8,7.35,6,4,2,2,8,2898,1390,1508,546,964,1934,6.8741679779158,7.34558561151079,6.43963846153846,6.52771062271062,6.88953734439834,6.86650713547053,214
"216",2022,9,6.5,3,6.5,6.5,6,NA,6.5,2,1,1,0,3,2901,1392,1509,547,964,1937,6.87378104102034,7.34437068965517,6.43967846255798,6.52674588665448,6.88953734439834,6.86593949406299,215
"217",2022,11,7,5,8,5.5,NA,7.5,6.66666666666667,3,2,0,2,3,2906,1395,1511,547,966,1940,6.87399821059876,7.34578064516129,6.43843467902051,6.52674588665448,6.89080124223602,6.86563134020619,217
"218",2022,12,6.33333333333333,6,7.25,4.5,2,7,6.2,4,2,1,1,5,2912,1399,1513,548,967,1945,6.8728842032967,7.34550679056469,6.43587230667548,6.51848540145985,6.89091416752844,6.86392020565553,218
