"","year","month","avg_rating","no_ratings","avg_rating_owned","avg_rating_not_owned","avg_rating_prev_owned","avg_rating_comment","avg_rating_no_comment","no_ratings_owned","no_ratings_not_owned","no_ratings_prev_owned","no_ratings_comment","no_ratings_no_comment","cum_no_ratings","cum_no_ratings_owned","cum_no_ratings_not_owned","cum_no_ratings_prev_owned","cum_no_ratings_comment","cum_no_ratings_no_comment","cum_avg_rating","cum_avg_rating_owned","cum_avg_rating_not_owned","cum_avg_rating_prev_owned","cum_avg_rating_comment","cum_avg_rating_no_comment","month_after_release"
"1",2013,6,10,1,10,NA,NA,10,NA,1,0,0,1,0,1,1,0,0,1,0,10,10,NA,NA,10,NA,-2
"2",2013,8,7.60722222222222,54,8.23676470588235,6.537,6.8125,7.2125,7.83941176470588,34,20,4,20,34,55,35,20,4,21,34,7.65072727272727,8.28714285714286,6.537,6.8125,7.34523809523809,7.83941176470588,0
"3",2013,9,7.2625,32,8.53095238095238,4.84090909090909,5.5,6.975,7.39318181818182,21,11,2,10,22,87,56,31,6,31,56,7.50793103448276,8.37857142857143,5.93516129032258,6.375,7.2258064516129,7.66410714285714,1
"4",2013,10,7.65551470588235,136,8.32977528089888,6.37872340425532,6.625,7.51794871794872,7.71082474226804,89,47,8,39,97,223,145,78,14,70,153,7.59793721973094,8.34862068965517,6.2024358974359,6.51785714285714,7.38857142857143,7.69372549019608,2
"5",2013,11,7.34466666666667,150,8.15569620253165,6.44225352112676,7.23125,7.07027027027027,7.43451327433628,79,71,16,37,113,373,224,149,30,107,266,7.49608579088472,8.28058035714286,6.31671140939597,6.89833333333333,7.2785046728972,7.58360902255639,3
"6",2013,12,7.46366506849315,146,7.89806698113208,6.3125,7.22222222222222,7.40862068965517,7.47730854700855,106,40,9,29,117,519,330,189,39,136,383,7.4869655105973,8.15771242424242,6.31582010582011,6.97307692307692,7.30625,7.55113603133159,4
"7",2014,1,7.47584541062802,207,7.96965517241379,6.32096774193548,6.5,7.29444444444444,7.52623456790123,145,62,13,45,162,726,475,251,52,181,545,7.48379490358127,8.10030547368421,6.31709163346614,6.85480769230769,7.30331491712707,7.54373412844037,5
"8",2014,2,7.53293333333333,150,8.01225806451613,6.75087719298246,6.55,7.14447368421053,7.66473214285714,93,57,10,38,112,876,568,308,62,219,657,7.49220901826484,8.08588926056338,6.39737012987013,6.80564516129032,7.27575342465753,7.56436088280061,6
"9",2014,3,7.68703703703704,108,8.07464788732394,6.94324324324324,7.31666666666667,7.30769230769231,7.80731707317073,71,37,6,26,82,984,639,345,68,245,739,7.51359258130081,8.08464021909233,6.45591304347826,6.85073529411765,7.27914285714286,7.59131948579161,7
"10",2014,4,7.42523809523809,105,7.85763888888889,6.48181818181818,6.64285714285714,7.24166666666667,7.4632183908046,72,33,7,18,87,1089,711,378,75,263,826,7.50507355371901,8.06165274261603,6.4581746031746,6.83133333333333,7.27657794676806,7.57782699757869,8
"11",2014,5,7.42264957264957,117,7.97985074626866,6.676,7.03333333333333,7.02272727272727,7.51526315789474,67,50,15,22,95,1206,778,428,90,285,921,7.4970771973466,8.05460809768638,6.4836214953271,6.865,7.25698245614035,7.57137361563518,9
"12",2014,6,7.1757253968254,126,7.6767675,6.30434782608696,6.92307692307692,7.19,7.1730320754717,80,46,13,20,106,1332,858,474,103,305,1027,7.46667905405405,8.01937820512821,6.46622362869198,6.87233009708738,7.25259016393443,7.53025949367089,10
"13",2014,7,7.39768518518519,108,7.82627118644068,6.88163265306122,6.77272727272727,7.36346153846154,7.40853658536585,59,49,11,26,82,1440,917,523,114,331,1109,7.46150451388889,8.00695365321701,6.50514340344168,6.86271929824561,7.26129909365559,7.52125924256087,11
"14",2014,8,7.29926470588235,136,7.63152173913043,6.60454545454545,7.14615384615385,6.75535714285714,7.44027777777778,92,44,13,28,108,1576,1009,567,127,359,1217,7.44750412436548,7.97272200198216,6.51285714285714,6.89173228346457,7.22183844011142,7.51407271980279,12
"15",2014,9,7.35263157894737,114,8.04705882352941,6.32608695652174,6.5,6.77272727272727,7.49130434782609,68,46,7,22,92,1690,1077,613,134,381,1309,7.44110443786982,7.97741550603528,6.49884176182708,6.87126865671642,7.19590551181102,7.51247249809014,13
"16",2014,10,7.25918367346939,98,7.94363636363636,6.38372093023256,6.66666666666667,7.36,7.22465753424658,55,43,12,25,73,1788,1132,656,146,406,1382,7.43113338926175,7.97577429328622,6.49129573170732,6.85445205479452,7.20600985221675,7.49726953690304,14
"17",2014,11,7.33253968253968,126,7.87972972972973,6.55384615384615,6.78461538461538,7.17954545454545,7.36490384615385,74,52,13,22,104,1914,1206,708,159,428,1486,7.42464289446186,7.96988101160862,6.49588983050847,6.84874213836478,7.20464953271028,7.48800572005384,15
"18",2014,12,7.39664429530201,149,7.94175257731959,6.37980769230769,6.33333333333333,7.40131578947368,7.39504504504504,97,52,15,38,111,2063,1303,760,174,466,1597,7.4226206980126,7.96778702993093,6.48794736842105,6.80431034482759,7.22068669527897,7.48154445835942,16
"19",2015,1,7.41223404255319,188,7.95796460176991,6.59,6.64285714285714,7.42820512820513,7.40805369127517,113,75,14,39,149,2251,1416,835,188,505,1746,7.42175322079076,7.9670031779661,6.49711377245509,6.79228723404255,7.23671287128713,7.47527290950744,17
"20",2015,2,7.41583333333333,132,7.85797752808989,6.5006976744186,7.28571428571429,7.56086956521739,7.38522935779817,89,43,7,23,109,2383,1505,878,195,528,1855,7.42142530423836,7.96055581395349,6.49728929384966,6.81,7.25083333333333,7.46998194070081,18
"21",2015,3,7.42396694214876,121,7.75921052631579,6.85777777777778,7.3,7.03846153846154,7.52947368421053,76,45,10,26,95,2504,1581,923,205,554,1950,7.4215481230032,7.95087697659709,6.51486457204767,6.83390243902439,7.24086642599278,7.47288025641026,19
"22",2015,4,7.31030927835052,97,8.03396226415094,6.43863636363636,6.57857142857143,7.36923076923077,7.30119047619048,53,44,14,13,84,2601,1634,967,219,567,2034,7.41739965397924,7.95357190942473,6.51139607032058,6.8175799086758,7.24380952380952,7.46578982300885,20
"23",2015,5,7.27555555555556,90,7.896875,5.74615384615385,5.28571428571429,6.60833333333333,7.37820512820513,64,26,7,12,78,2691,1698,993,226,579,2112,7.41265570419918,7.95143492343934,6.49135951661631,6.77013274336283,7.2306390328152,7.46255516098485,21
"24",2015,6,7.3920618556701,97,7.78389830508475,6.78368421052632,7.54,7.21904761904762,7.43986842105263,59,38,5,21,76,2788,1757,1031,231,600,2188,7.41193920373027,7.94580904951622,6.50213385063046,6.78679653679654,7.23023333333333,7.46176713893967,22
"25",2015,7,7.31737288135593,118,7.90065789473684,6.26190476190476,6.8,6.82962962962963,7.46208791208791,76,42,5,27,91,2906,1833,1073,236,627,2279,7.40809927735719,7.94393698854337,6.49273066169618,6.78707627118644,7.21298245614035,7.46177994734533,23
"26",2015,8,7.38171641791045,134,7.81764705882353,6.62551020408163,7.06428571428571,7.22692307692308,7.41898148148148,85,49,14,26,108,3040,1918,1122,250,653,2387,7.40693634868421,7.93834019812305,6.49852941176471,6.8026,7.21353751914242,7.4598435274403,24
"27",2015,9,7.06118644067797,118,7.75402985074627,6.15098039215686,6.46,6.51578947368421,7.16585858585859,67,51,10,19,99,3158,1985,1173,260,672,2486,7.39401725775808,7.93211914357683,6.48341858482523,6.78942307692308,7.19380952380952,7.44813616251006,25
"28",2015,10,7.58344827586207,116,7.90333333333333,6.74375,7.63333333333333,7.47285714285714,7.60789473684211,84,32,6,21,95,3274,2069,1205,266,693,2581,7.40072892486255,7.93095045915902,6.49033195020747,6.80845864661654,7.20226551226551,7.45401646648586,26
"29",2015,11,7.28086956521739,138,7.91206896551724,6.20411764705882,6.53125,7.09526315789474,7.31050420168067,87,51,16,19,119,3412,2156,1256,282,712,2700,7.39588115474795,7.93018854359926,6.4787101910828,6.7927304964539,7.19941011235955,7.4476912962963,27
"30",2015,12,7.52935714285714,140,7.9209375,6.675,6.7,7.03809523809524,7.61605042016807,96,44,9,21,119,3552,2252,1300,291,733,2819,7.40114203265766,7.92979418294849,6.48535384615385,6.78986254295533,7.19478854024557,7.45479833274211,28
"31",2016,1,7.5053125,160,7.91898148148148,6.64615384615385,6.7,7.9304347826087,7.43394160583942,108,52,9,23,137,3712,2360,1352,300,756,2956,7.40563213900862,7.92929936440678,6.49153846153846,6.78716666666667,7.21716931216931,7.45383169824087,29
"32",2016,2,7.22094017094017,117,7.7530487804878,5.97428571428571,5.1,6.72115384615385,7.36373626373626,82,35,5,26,91,3829,2442,1387,305,782,3047,7.39998863933142,7.92338104013104,6.4784859408796,6.75950819672131,7.20067774936061,7.45114095831966,30
"33",2016,3,7.3648,125,7.82266666666667,6.678,6.3125,7.032,7.448,75,50,16,25,100,3954,2517,1437,321,807,3147,7.39887620131512,7.92038001589194,6.48542797494781,6.73722741433022,7.19545229244114,7.45104115030187,31
"34",2016,4,7.67402597402597,154,8.23302752293578,6.32,5.85,7.52,7.70387596899225,109,45,10,25,129,4108,2626,1482,331,832,3276,7.40919096884128,7.93335738766184,6.4804048582996,6.71042296072507,7.20520432692308,7.4609971001221,32
"35",2016,5,7.46824324324324,148,7.827,6.72083333333333,7.16111111111111,7.38620689655172,7.48823529411765,100,48,18,29,119,4256,2726,1530,349,861,3395,7.41124447838346,7.92945579603815,6.4879477124183,6.7336676217765,7.21130081300813,7.46195184094256,33
"36",2016,6,7.36434108527132,129,7.79886363636364,6.43170731707317,6.92,7.11538461538461,7.42718446601942,88,41,10,26,103,4385,2814,1571,359,887,3498,7.40986465222349,7.92537189054727,6.48647994907702,6.73885793871866,7.2084892897407,7.46092810177244,34
"37",2016,7,7.54604316546763,139,8.05376344086022,6.5195652173913,6.8125,7.90909090909091,7.47777777777778,93,46,8,22,117,4524,2907,1617,367,909,3615,7.41404874005305,7.92947936016512,6.48742115027829,6.74046321525885,7.22544554455446,7.4614734439834,35
"38",2016,8,7.57631578947368,152,8.13163265306122,6.56851851851852,6.7,7.72758620689655,7.54065040650407,98,54,15,29,123,4676,3005,1671,382,938,3738,7.41932346022241,7.93607204658902,6.49004189108318,6.73887434554974,7.24097014925373,7.46407878544676,36
"39",2016,9,7.19879194630872,149,7.78391304347826,6.25438596491228,6.875,7.21034482758621,7.196,92,57,16,29,120,4825,3097,1728,398,967,3858,7.4125132642487,7.9315519857927,6.48226851851852,6.74434673366834,7.24005170630817,7.45574040953862,37
"40",2016,10,7.41503759398496,133,7.99244186046512,6.35851063829787,6.44444444444444,7.75238095238095,7.35178571428571,86,47,9,21,112,4958,3183,1775,407,988,3970,7.41258098023396,7.93319714106189,6.47899154929578,6.73771498771499,7.25094129554656,7.45280768261965,38
"41",2016,11,7.46632653061225,147,8.025,6.53181818181818,6.46428571428571,7.724,7.41352459016393,92,55,14,25,122,5105,3275,1830,421,1013,4092,7.41412859941234,7.93577603053435,6.48057923497268,6.72862232779097,7.26261599210267,7.451636485826,39
"42",2016,12,7.32777777777778,153,7.71538461538462,6.75887096774194,6.61785714285714,7.60161290322581,7.25819672131148,91,62,14,31,122,5258,3366,1892,435,1044,4214,7.41161591860023,7.92981773618538,6.48969873150106,6.72505747126437,7.27268199233717,7.44603618889416,40
"43",2017,1,7.41548223350254,197,7.96503759398496,6.2734375,6.27222222222222,7.59642857142857,7.38550295857988,133,64,18,28,169,5455,3499,1956,453,1072,4383,7.41175554537122,7.93115647327808,6.4826226993865,6.70706401766004,7.28113805970149,7.44370214464978,41
"44",2017,2,7.38860759493671,158,7.70603448275862,6.51190476190476,6.81666666666667,7.815,7.3268115942029,116,42,6,20,138,5613,3615,1998,459,1092,4521,7.41110395510422,7.9239326417704,6.48323823823824,6.70849673202614,7.29091575091575,7.44013415173634,42
"45",2017,3,7.55,126,8.01927710843374,6.64418604651163,6.55555555555556,7.355,7.58679245283019,83,43,9,20,106,5739,3698,2041,468,1112,4627,7.41415342394145,7.92607260681449,6.4866291033807,6.70555555555555,7.29206834532374,7.44349394856278,43
"46",2017,4,7.47991803278688,122,7.99352941176471,6.3,6.78,7.34375,7.51326530612245,85,37,5,24,98,5861,3783,2078,473,1136,4725,7.41552235113462,7.92758828971716,6.48330606352262,6.70634249471459,7.29316021126761,7.44494105820106,44
"47",2017,5,7.44387755102041,98,7.96212121212121,6.375,5.44444444444444,7.23076923076923,7.47647058823529,66,32,9,13,85,5959,3849,2110,482,1149,4810,7.41598867259607,7.92818043647701,6.48166350710901,6.68278008298755,7.292454308094,7.44549823284823,45
"48",2017,6,7.5564,125,7.95703296703297,6.48411764705882,6.78,7.1521052631579,7.6288679245283,91,34,5,19,106,6084,3940,2144,487,1168,4916,7.41887352071006,7.92884682741117,6.48170242537314,6.68377823408624,7.29017123287671,7.44945209519935,46
"49",2017,7,7.41649484536083,97,7.94375,6.39393939393939,6.85714285714286,7.26923076923077,7.43928571428571,64,33,14,13,84,6181,4004,2177,501,1181,5000,7.41883619155476,7.92908503996004,6.48037207165825,6.68862275449102,7.28994072819645,7.4492813,47
"50",2017,8,7.41068702290076,131,8.00595238095238,6.3468085106383,5.86363636363636,6.98125,7.4704347826087,84,47,11,16,115,6312,4088,2224,512,1197,5115,7.41866706273764,7.93066450587084,6.47754946043166,6.6708984375,7.28581453634085,7.4497568914956,48
"51",2017,9,7.33125,104,7.44513888888889,7.075,6.58333333333333,7.53333333333333,7.29719101123596,72,32,6,15,89,6416,4160,2256,518,1212,5204,7.41725007793018,7.92226117788462,6.48602393617021,6.66988416988417,7.28887788778878,7.44714767486549,49
"52",2017,10,7.49724770642202,109,8.08333333333333,6.48625,6.5,7.17,7.54946808510638,69,40,6,15,94,6525,4229,2296,524,1227,5298,7.41858643678161,7.92488921730906,6.48602787456446,6.66793893129771,7.28742461287694,7.44896309928275,50
"53",2017,11,7.22916666666667,120,7.85189873417722,6.02926829268293,6.49,6.78125,7.29807692307692,79,41,10,16,104,6645,4308,2337,534,1243,5402,7.41516576373213,7.92355071959146,6.47801454856654,6.66460674157303,7.28090909090909,7.44605821917808,51
"54",2017,12,7.37181818181818,121,7.66282051282051,6.84395348837209,6.57142857142857,7.32142857142857,7.37841121495327,78,43,7,14,107,6766,4386,2380,541,1257,5509,7.41439055571978,7.91891393068855,6.48462605042017,6.6634011090573,7.28136038186158,7.44474432746415,52
"55",2018,1,7.43865030674847,163,8.05963302752294,6.18518518518519,5.78666666666667,6.75,7.51360544217687,109,54,15,16,147,6929,4495,2434,556,1273,5656,7.4149612498196,7.92232625139043,6.47798274445358,6.63974820143885,7.27468185388845,7.44653403465347,53
"56",2018,2,7.16355769230769,104,7.79861111111111,5.7346875,5.66666666666667,7.47142857142857,7.11566666666667,72,32,6,14,90,7033,4567,2466,562,1287,5746,7.4112436371392,7.92037584847821,6.46833738848338,6.62935943060498,7.27682206682207,7.44135163592064,54
"57",2018,3,7.4752688172043,93,8.16283333333333,6.22515151515152,6.5,7.09411764705882,7.56052631578947,60,33,6,17,76,7126,4627,2499,568,1304,5822,7.41207921695201,7.92351988329371,6.46512605042017,6.62799295774648,7.27444018404908,7.4429073342494,55
"58",2018,4,7.59425287356322,87,8.02636363636364,6.8515625,6.75,7.96333333333333,7.51736111111111,55,32,6,15,72,7213,4682,2531,574,1319,5894,7.41427651462637,7.92472800085433,6.47001185302252,6.62926829268293,7.28227445034117,7.44381684764167,56
"59",2018,5,7.37211538461538,104,8.11111111111111,6.23658536585366,6.25,7.51538461538462,7.35164835164835,63,41,8,13,91,7317,4745,2572,582,1332,5985,7.41367725843925,7.92720263435195,6.46629082426128,6.62405498281787,7.28454954954955,7.44241545530493,57
"60",2018,6,7.27152777777778,72,7.51875,6.77708333333333,5.66666666666667,6.72222222222222,7.35,48,24,3,9,63,7389,4793,2596,585,1341,6048,7.41229212342671,7.92311214270812,6.46916409861325,6.6191452991453,7.28077554064132,7.44145279431217,58
"61",2018,7,7.32625,80,8.05849056603774,5.88888888888889,5.5,8.17777777777778,7.21830985915493,53,27,4,9,71,7469,4846,2623,589,1350,6119,7.41137053153032,7.92459275691292,6.4631910026687,6.61154499151104,7.28675555555556,7.43886362150678,59
"62",2018,8,7.26067415730337,89,7.52786885245902,6.67857142857143,7.07142857142857,7.38461538461539,7.23947368421053,61,28,7,13,76,7558,4907,2651,596,1363,6195,7.40959599100291,7.91966099449766,6.46546586193889,6.61694630872483,7.2876889214967,7.43641751412429,60
"63",2018,9,7.27609756097561,82,7.98117647058824,6.11612903225806,5.84444444444444,7.51666666666667,7.23485714285714,51,31,9,12,70,7640,4958,2682,605,1375,6265,7.40816315445026,7.92029376764824,6.46142803877703,6.60545454545455,7.28968727272728,7.43416544293695,61
"64",2018,10,7.32527472527473,91,7.70526315789474,6.68823529411765,6.71428571428571,7.80769230769231,7.24487179487179,57,34,7,13,78,7731,5015,2716,612,1388,6343,7.40718749191566,7.91784975074775,6.46426730486009,6.60669934640523,7.29453890489914,7.43183769509696,62
"65",2018,11,7.43539325842697,89,7.64193548387097,6.96111111111111,7.275,7.69666666666667,7.38243243243243,62,27,8,15,74,7820,5077,2743,620,1403,6417,7.40750850383632,7.91448030332874,6.46915785636165,6.61532258064516,7.2988382038489,7.43126796010597,63
"66",2018,12,7.47298969072165,97,7.84285714285714,6.78764705882353,6.07142857142857,7.58608695652174,7.43783783783784,63,34,7,23,74,7917,5140,2777,627,1426,6491,7.40831078691423,7.91360243190661,6.47305725603169,6.60925039872408,7.30347124824685,7.43134285934371,64
"67",2019,1,7.12304094736842,95,7.77524368421053,6.14473684210526,5.7,7.20833333333333,7.11070951807229,57,38,10,12,83,8012,5197,2815,637,1438,6574,7.40492828132801,7.91208493169136,6.46862522202487,6.59497645211931,7.30267732962448,7.42729470489808,65
"68",2019,2,7.08506493506493,77,8.00333333333333,5.79375,6.34285714285714,6.93571428571429,7.14107142857143,45,32,7,21,56,8089,5242,2847,644,1459,6630,7.40188347014464,7.91286825448302,6.46103969090271,6.59223602484472,7.29739547635367,7.42487713273002,66
"69",2019,3,7.78337773333333,75,8.10654314814815,6.95238095238095,7.05,8.26923076923077,7.68150532258065,54,21,2,13,62,8164,5296,2868,646,1472,6692,7.405388133268,7.91484303625377,6.46463737796374,6.59365325077399,7.30597826086957,7.42725473998805,67
"70",2019,4,7.12229885057471,87,7.80907407407407,5.99848484848485,6.28571428571429,7.075,7.12844155844156,54,33,7,10,77,8251,5350,2901,653,1482,6769,7.40240318991637,7.91377546168224,6.45933471216822,6.59035222052067,7.30441970310392,7.42385562416901,68
"71",2019,5,7.45738317757009,107,7.97159420289855,6.52368421052632,5.75,7.26470588235294,7.49377777777778,69,38,4,17,90,8358,5419,2939,657,1499,6859,7.40310704953338,7.91451166635911,6.4601667233753,6.58523592085236,7.30396931287525,7.42477310395101,69
"72",2019,6,7.5443661971831,71,7.87234042553191,6.90208333333333,6.83,8.18529411764706,7.34259259259259,47,24,5,17,54,8429,5466,2963,662,1516,6913,7.40429691778384,7.91414905232345,6.46374620317246,6.58708459214501,7.31385224274407,7.42413116157963,70
"73",2019,7,7.2051708974359,78,7.89802714285714,6.03448275862069,5.66666666666667,7.33928571428571,7.17583328125,49,29,3,14,64,8507,5515,2992,665,1530,6977,7.40247114729047,7.91400581142339,6.45958556149733,6.58293233082707,7.31408496732026,7.42185352587072,71
"74",2019,8,6.9711811023622,127,7.58102564102564,6.00040816326531,5.53333333333333,6.9375,6.97603603603604,78,49,12,16,111,8634,5593,3041,677,1546,7088,7.39612717743803,7.90936206865725,6.45218678066426,6.56432791728213,7.31018758085382,7.4148719032167,72
"75",2019,9,7.54135960526316,76,8.03251693877551,6.65,6.25,7.05952357142857,7.65016129032258,49,27,6,14,62,8710,5642,3068,683,1560,7150,7.39739441791045,7.91043165189649,6.45392764015646,6.56156661786237,7.30793803205128,7.41691217482517,73
"76",2019,10,7.13974683544304,79,8.0188,5.62413793103448,5.2,7.78,6.9896875,50,29,5,15,64,8789,5692,3097,688,1575,7214,7.3950785504608,7.91138358749122,6.44615757184372,6.55167151162791,7.31243386031746,7.41312199196008,74
"77",2019,11,7.32775010309278,97,7.75525784615385,6.459375,6.14285714285714,7,7.37847333333333,65,32,7,13,84,8886,5757,3129,695,1588,7298,7.39434358991672,7.90962083376759,6.44629274528604,6.54755395683453,7.30987615239295,7.41272318580433,75
"78",2019,12,7.16413043478261,92,7.91698113207547,6.14102564102564,5.74545454545455,7.33333333333333,7.13116883116883,53,39,11,15,77,8978,5810,3168,706,1603,7375,7.39198453330363,7.90968797590361,6.44253472222222,6.53505665722379,7.31009565190269,7.40978356745763,76
"79",2020,1,7.3424927826087,115,7.9211275,6.50531914893617,6.34166666666667,7.63461538461539,7.30526147058824,68,47,12,13,102,9093,5878,3215,718,1616,7477,7.39135860662048,7.9098203147329,6.44345256609643,6.53182451253482,7.31270626856436,7.4083576942624,77
"80",2020,2,7.46461538461538,91,7.90017543859649,6.73441176470588,5.866,7.38866666666667,7.47960526315789,57,34,5,15,76,9184,5935,3249,723,1631,7553,7.39208447408536,7.90972768491997,6.44649738381041,6.52721991701245,7.31340486204783,7.40907460346882,78
"81",2020,3,7.39628571428571,70,7.95588235294118,5.89421052631579,6,7.75,7.363125,51,19,1,6,64,9254,5986,3268,724,1637,7617,7.39211625351199,7.91012091713999,6.44328641370869,6.52649171270718,7.31500508857667,7.40868852304057,79
"82",2020,4,7.3675,60,7.82674418604651,6.20588235294118,6.25,8.20454545454546,7.17959183673469,43,17,4,11,49,9314,6029,3285,728,1648,7666,7.3919576776895,7.90952625808592,6.44205783866058,6.52497252747253,7.32094255461165,7.40722416905818,80
"83",2020,5,7.36923076923077,65,7.84042553191489,6.13888888888889,6.4,7.5,7.35593220338983,47,18,5,6,59,9379,6076,3303,733,1654,7725,7.39180017166009,7.90899173963134,6.44040569179534,6.52412005457026,7.32159209794438,7.40683242459547,81
"84",2020,6,7.105,50,7.88636363636364,5.58823529411765,5.33333333333333,7.25,7.06875,33,17,3,10,40,9429,6109,3320,736,1664,7765,7.39027933078799,7.90886950564741,6.4360421686747,6.51926630434783,7.32116185697116,7.40509085383129,82
"85",2020,7,7.38098591549296,71,8.19130434782609,5.89,5.5,7.4375,7.37380952380952,46,25,8,8,63,9500,6155,3345,744,1672,7828,7.39020987473684,7.91098031031682,6.43196113602392,6.5083064516129,7.32171849880383,7.40483910066428,83
"86",2020,8,7.7227397260274,73,8.13320754716981,6.635,5.8,7.62545454545455,7.76470588235294,53,20,5,22,51,9573,6208,3365,749,1694,7879,7.39274561892824,7.91287754671392,6.43316790490342,6.50357810413885,7.32566312278631,7.40716848331006,84
"87",2020,9,7.21594202898551,69,7.8265306122449,5.72,4,7.59090909090909,7.1448275862069,49,20,3,11,58,9642,6257,3385,752,1705,7937,7.39148037855217,7.91220134409461,6.4289542097489,6.49359042553191,7.32737438709678,7.40525141489228,85
"88",2020,10,7.3368,75,7.77764705882353,6.4,6,6.55555555555556,7.44333333333333,51,24,3,9,66,9717,6308,3409,755,1714,8003,7.39105833178965,7.91111347653773,6.42875036667645,6.49162913907285,7.32332166277713,7.40556547294764,86
"89",2020,11,7.38076923076923,91,7.77380952380952,6.49642857142857,6.12857142857143,7.75,7.3246835443038,63,28,7,12,79,9808,6371,3437,762,1726,8082,7.39096286806688,7.90975573850259,6.42930171661333,6.48829396325459,7.32628814020858,7.40477486760703,87
"90",2020,12,7.05609756097561,82,7.50416666666667,6.42352941176471,6.72222222222222,6.81333333333333,7.11044776119403,48,34,9,15,67,9890,6419,3471,771,1741,8149,7.38818643174924,7.90672282442748,6.42924517430136,6.49102464332036,7.32186865594486,7.40235494907351,88
"91",2021,1,7.7945652173913,92,8.35079365079365,6.58620689655172,7.26,8.04545454545454,7.76049382716049,63,29,5,11,81,9982,6482,3500,776,1752,8230,7.39193185834502,7.91103884757791,6.43054571428572,6.4959793814433,7.32641171803653,7.40587976670717,89
"92",2021,2,7.37550724637681,69,7.8582,6.10526315789474,6.3125,7.08333333333333,7.40333333333333,50,19,8,6,63,10051,6532,3519,784,1758,8293,7.39181910357178,7.9106343860992,6.42878942881501,6.49410714285714,7.32558209897611,7.40586042204269,90
"93",2021,3,7.39948723076923,65,7.92727272727273,6.29365095238095,7,7.57142857142857,7.37873568965517,44,21,3,7,58,10116,6576,3540,787,1765,8351,7.39186837485172,7.91074571319951,6.42798775988701,6.49603557814485,7.32655712747876,7.40567203328943,91
"94",2021,4,7.28965517241379,58,7.72,6.33333333333333,5.83333333333333,7.57272727272727,7.22340425531915,40,18,3,11,47,10174,6616,3558,790,1776,8398,7.39128567721643,7.90959247430472,6.42750890106802,6.49351898734177,7.32808182995496,7.40465195879971,92
"95",2021,5,7.51333333333333,60,8.095,6.35,7,6.5,7.62592592592593,40,20,2,6,54,10234,6656,3578,792,1782,8452,7.39200121946453,7.91070670222356,6.42707564840693,6.49479797979798,7.32529367564535,7.40606568267866,93
"96",2021,6,7.39137931034483,58,7.80789473684211,6.6,5.25,6.65,7.54583333333333,38,20,4,10,48,10292,6694,3598,796,1792,8500,7.39199771472989,7.91012306692561,6.42803687326293,6.48854271356784,7.32152529575893,7.40685495882353,94
"97",2021,7,7.40648148148148,54,7.85526315789474,6.340625,6,7,7.44795918367347,38,16,6,5,49,10346,6732,3614,802,1797,8549,7.3920733114247,7.90981340017825,6.42764988101827,6.48488778054863,7.3206306789093,7.40709055445081,95
"98",2021,8,7.77582089552239,67,8.02127659574468,7.199,7.5,7.58692307692308,7.8212962962963,47,20,4,13,54,10413,6779,3634,806,1810,8603,7.39454244502065,7.91058619412893,6.43189506604293,6.48992555831265,7.3225432762431,7.40969047425317,96
"99",2021,9,7.61764705882353,51,8.07352941176471,6.70588235294118,6.25,7.7,7.60869565217391,34,17,4,5,46,10464,6813,3651,810,1815,8649,7.39562982415902,7.91139935564362,6.43317082169269,6.48874074074074,7.32358310192838,7.41074889004509,97
"100",2021,10,7.27936507936508,63,7.71162790697674,6.35,6.75,7.76666666666667,7.12708333333333,43,20,2,15,48,10527,6856,3671,812,1830,8697,7.39493402488838,7.91014641336056,6.43271769817489,6.4893842364532,7.32721493442623,7.40918329883868,98
"101",2021,11,7.20962962962963,54,7.952,5.84210526315789,5.5,6.83333333333333,7.23176470588235,35,19,2,3,51,10581,6891,3690,814,1833,8748,7.39398832624516,7.91035899143811,6.42967660433605,6.48695331695332,7.32640661756683,7.40814896547782,99
"102",2021,12,7.1801282051282,78,7.55980392156863,6.46296296296296,6.64285714285714,7.675,7.10735294117647,51,27,7,10,68,10659,6942,3717,821,1843,8816,7.3924233492823,7.90778360847018,6.42991839386602,6.48828258221681,7.32829806294086,7.40582885095281,100
"103",2022,1,7.23783783783784,111,7.55205479452055,6.63421052631579,6.375,6.85,7.27623762376238,73,38,8,10,101,10770,7015,3755,829,1853,8917,7.3908301281337,7.90408179757662,6.4319857976032,6.48718938480096,7.32571685375068,7.40436101267242,101
"104",2022,2,7.28196721311475,61,7.535,6.8,7.075,7.98571428571429,7.19074074074074,40,21,4,7,54,10831,7055,3776,833,1860,8971,7.39021701412612,7.90198920056698,6.43403248675848,6.49001200480192,7.32820071505377,7.40307514769814,102
"105",2022,3,7.45672727272727,55,7.7225,7.08695652173913,8,7.42857142857143,7.46083333333333,32,23,5,7,48,10886,7087,3799,838,1867,9019,7.3905530479515,7.90117875123466,6.43798543564096,6.4990214797136,7.32857703802893,7.40338254241047,103
"106",2022,4,7.34067796610169,59,7.65813953488372,6.4875,5,7.33888888888889,7.341,43,16,1,9,50,10945,7130,3815,839,1876,9069,7.39028419186843,7.8997130168303,6.4381930982962,6.49723480333731,7.32862650852879,7.40303860954901,104
"107",2022,5,7.25431034482759,58,7.65641025641026,6.42894736842105,6.25,7.72727272727273,7.1436170212766,39,19,2,11,47,11003,7169,3834,841,1887,9116,7.38956743433609,7.89838942809318,6.43814727960355,6.4966468489893,7.33095036036036,7.40170109148749,105
"108",2022,6,7.02761194029851,67,7.65405405405405,6.255,5.25,7.65,6.91842105263158,37,30,6,10,57,11070,7206,3864,847,1897,9173,7.38737673712737,7.89713486122676,6.43672532867495,6.48781582054309,7.3326322245651,7.39869804317017,106
"109",2022,7,7.56590163934426,61,7.93473684210526,6.95652173913043,6.41666666666667,8,7.49076923076923,38,23,6,9,52,11131,7244,3887,853,1906,9225,7.38835508759321,7.89733211071232,6.43980104708001,6.48731535756155,7.33578348898216,7.39921703523035,107
"110",2022,8,7.51170212765957,47,7.58484848484848,7.33928571428571,5.75,7.96875,7.41794871794872,33,14,2,8,39,11178,7277,3901,855,1914,9264,7.38887372338522,7.89591504878384,6.44302913868239,6.48559064327485,7.33842911703239,7.39929589270294,108
"111",2022,9,7.13636363636364,66,7.6375,6.36538461538461,4.83333333333333,5.92857142857143,7.27966101694915,40,26,3,7,59,11244,7317,3927,858,1921,9323,7.38739154037709,7.89450236572366,6.44251506748154,6.47981351981352,7.33329168662155,7.39853879116164,109
"112",2022,10,7.24482142857143,56,7.59204545454545,5.97166666666667,6.38666666666667,7.20714285714286,7.25738095238095,44,12,3,14,42,11300,7361,3939,861,1935,9365,7.38668499823009,7.89269444504823,6.44108064737243,6.47948896631823,7.33237898191215,7.39790572877736,110
"113",2022,11,7.52833333333333,60,7.78695652173913,6.67857142857143,6,7.64285714285714,7.51320754716981,46,14,1,7,53,11360,7407,3953,862,1942,9418,7.38743314084507,7.89203777642771,6.44192174803947,6.47893271461717,7.33349811019568,7.39855459227012,111
"114",2022,12,7.47303370786517,89,7.99016393442623,6.34642857142857,5.92857142857143,7.42857142857143,7.48133333333333,61,28,7,14,75,11449,7468,3981,869,1956,9493,7.38809856581361,7.89283928896626,6.44125010550113,6.47449942462601,7.33417859406953,7.3992085905404,112
