"","year","month","avg_rating","no_ratings","avg_rating_owned","avg_rating_not_owned","avg_rating_prev_owned","avg_rating_comment","avg_rating_no_comment","no_ratings_owned","no_ratings_not_owned","no_ratings_prev_owned","no_ratings_comment","no_ratings_no_comment","cum_no_ratings","cum_no_ratings_owned","cum_no_ratings_not_owned","cum_no_ratings_prev_owned","cum_no_ratings_comment","cum_no_ratings_no_comment","cum_avg_rating","cum_avg_rating_owned","cum_avg_rating_not_owned","cum_avg_rating_prev_owned","cum_avg_rating_comment","cum_avg_rating_no_comment","month_after_release"
"1",2001,6,6,1,6,NA,NA,NA,6,1,0,0,0,1,1,1,0,0,0,1,6,6,NA,NA,NA,6,-10
"2",2001,7,7,1,NA,7,NA,NA,7,0,1,0,0,1,2,1,1,0,0,2,6.5,6,7,NA,NA,6.5,-9
"3",2001,8,7.5,2,7.5,NA,NA,NA,7.5,2,0,0,0,2,4,3,1,0,0,4,7,7,7,NA,NA,7,-8
"4",2001,10,7,1,NA,7,NA,NA,7,0,1,0,0,1,5,3,2,0,0,5,7,7,7,NA,NA,7,-6
"5",2001,11,7.33333333333333,3,8,6,NA,6,8,2,1,0,1,2,8,5,3,0,1,7,7.125,7.4,6.66666666666667,NA,6,7.28571428571429,-5
"6",2001,12,8,1,8,NA,NA,NA,8,1,0,0,0,1,9,6,3,0,1,8,7.22222222222222,7.5,6.66666666666667,NA,6,7.375,-4
"7",2002,1,8,3,8,NA,NA,8,8,3,0,0,2,1,12,9,3,0,3,9,7.41666666666667,7.66666666666667,6.66666666666667,NA,7.33333333333333,7.44444444444444,-3
"8",2002,2,7,2,7,NA,NA,NA,7,2,0,0,0,2,14,11,3,0,3,11,7.35714285714286,7.54545454545455,6.66666666666667,NA,7.33333333333333,7.36363636363636,-2
"9",2002,3,8,1,8,NA,NA,NA,8,1,0,0,0,1,15,12,3,0,3,12,7.4,7.58333333333333,6.66666666666667,NA,7.33333333333333,7.41666666666667,-1
"10",2002,4,8.16666666666667,3,8.16666666666667,NA,NA,8.16666666666667,NA,3,0,0,3,0,18,15,3,0,6,12,7.52777777777778,7.7,6.66666666666667,NA,7.75,7.41666666666667,0
"11",2002,5,7.33333333333333,3,7.5,7,NA,NA,7.33333333333333,2,1,0,0,3,21,17,4,0,6,15,7.5,7.67647058823529,6.75,NA,7.75,7.4,1
"12",2002,6,8.125,4,8.16666666666667,8,8,8,8.16666666666667,3,1,1,1,3,25,20,5,1,7,18,7.6,7.75,7,8,7.78571428571429,7.52777777777778,2
"13",2002,7,7.25,4,8.5,6,NA,8,6.5,2,2,0,2,2,29,22,7,1,9,20,7.55172413793103,7.81818181818182,6.71428571428571,8,7.83333333333333,7.425,3
"14",2002,8,7.5,2,7.5,NA,NA,NA,7.5,2,0,0,0,2,31,24,7,1,9,22,7.54838709677419,7.79166666666667,6.71428571428571,8,7.83333333333333,7.43181818181818,4
"15",2002,9,7.66666666666667,3,8,7.5,NA,7.66666666666667,NA,1,2,0,3,0,34,25,9,1,12,22,7.55882352941176,7.8,6.88888888888889,8,7.79166666666667,7.43181818181818,5
"16",2002,11,7.66666666666667,6,8,6,NA,8,7.5,5,1,0,2,4,40,30,10,1,14,26,7.575,7.83333333333333,6.8,8,7.82142857142857,7.44230769230769,7
"17",2002,12,8,1,8,NA,NA,NA,8,1,0,0,0,1,41,31,10,1,14,27,7.58536585365854,7.83870967741935,6.8,8,7.82142857142857,7.46296296296296,8
"18",2003,1,6.83333333333333,6,7.25,6,NA,NA,6.83333333333333,4,2,0,0,6,47,35,12,1,14,33,7.48936170212766,7.77142857142857,6.66666666666667,8,7.82142857142857,7.34848484848485,9
"19",2003,2,6.75,4,6.75,NA,NA,7.5,6,4,0,0,2,2,51,39,12,1,16,35,7.43137254901961,7.66666666666667,6.66666666666667,8,7.78125,7.27142857142857,10
"20",2003,3,7.33333333333333,3,7.33333333333333,NA,NA,NA,7.33333333333333,3,0,0,0,3,54,42,12,1,16,38,7.42592592592593,7.64285714285714,6.66666666666667,8,7.78125,7.27631578947368,11
"21",2003,4,7.45714285714286,7,7.7,6,NA,8.25,7.14,6,1,0,2,5,61,48,13,1,18,43,7.42950819672131,7.65,6.61538461538461,8,7.83333333333333,7.26046511627907,12
"22",2003,5,7.4,10,7.75,6.875,NA,7.375,7.41666666666667,6,4,0,4,6,71,54,17,1,22,49,7.42535211267606,7.66111111111111,6.67647058823529,8,7.75,7.27959183673469,13
"23",2003,6,6.625,8,6.8,6.33333333333333,NA,NA,6.625,5,3,0,0,8,79,59,20,1,22,57,7.34430379746836,7.58813559322034,6.625,8,7.75,7.18771929824561,14
"24",2003,7,7.15384615384615,26,7.44736842105263,6.35714285714286,NA,7.4,7,19,7,0,10,16,105,78,27,1,32,73,7.29714285714286,7.55384615384615,6.55555555555556,8,7.640625,7.14657534246575,15
"25",2003,8,7.73076923076923,13,7.7,7.83333333333333,7.5,10,7.54166666666667,10,3,1,1,12,118,88,30,2,33,85,7.34491525423729,7.57045454545455,6.68333333333333,7.75,7.71212121212121,7.20235294117647,16
"26",2003,9,7.125,4,8,6.83333333333333,NA,7,7.16666666666667,1,3,0,1,3,122,89,33,2,34,88,7.33770491803279,7.5752808988764,6.6969696969697,7.75,7.69117647058824,7.20113636363636,17
"27",2003,10,6.55555555555556,9,7.6,5.25,7,5.33333333333333,7.16666666666667,5,4,1,3,6,131,94,37,3,37,94,7.28396946564886,7.57659574468085,6.54054054054054,7.5,7.5,7.19893617021277,18
"28",2003,11,7.42857142857143,7,7.375,7.5,8,7.875,6.83333333333333,4,3,1,4,3,138,98,40,4,41,97,7.29130434782609,7.56836734693878,6.6125,7.625,7.53658536585366,7.18762886597938,19
"29",2003,12,7.36363636363636,11,8,6.25,NA,7.5,7.33333333333333,7,4,0,2,9,149,105,44,4,43,106,7.29664429530201,7.59714285714286,6.57954545454545,7.625,7.53488372093023,7.2,20
"30",2004,1,7.13333333333333,15,7.4,6.6,7,6.92857142857143,7.3125,10,5,1,7,8,164,115,49,5,50,114,7.28170731707317,7.58,6.58163265306122,7.5,7.45,7.20789473684211,21
"31",2004,2,7.34375,16,7.54166666666667,6.75,NA,7.1,7.45454545454545,12,4,0,5,11,180,127,53,5,55,125,7.28722222222222,7.57637795275591,6.59433962264151,7.5,7.41818181818182,7.2296,22
"32",2004,3,7,13,7.18181818181818,6,3,6.75,7.11111111111111,11,2,1,4,9,193,138,55,6,59,134,7.26787564766839,7.54492753623188,6.57272727272727,6.75,7.3728813559322,7.22164179104478,23
"33",2004,4,7.11538461538461,13,7.44444444444444,6.375,NA,8,7.04166666666667,9,4,0,1,12,206,147,59,6,60,146,7.25825242718447,7.53877551020408,6.55932203389831,6.75,7.38333333333333,7.20684931506849,24
"34",2004,5,6.96153846153846,13,7.85714285714286,5.91666666666667,NA,7.0625,6.8,7,6,0,8,5,219,154,65,6,68,151,7.24063926940639,7.55324675324675,6.5,6.75,7.34558823529412,7.19337748344371,25
"35",2004,6,7.15384615384615,13,7.14285714285714,7.16666666666667,6,7.3,7.0625,7,6,1,5,8,232,161,71,7,73,159,7.23577586206897,7.53540372670807,6.55633802816901,6.64285714285714,7.34246575342466,7.18679245283019,26
"36",2004,7,7.5,7,7.7,7,NA,6.75,7.8,5,2,0,2,5,239,166,73,7,75,164,7.24351464435146,7.54036144578313,6.56849315068493,6.64285714285714,7.32666666666667,7.20548780487805,27
"37",2004,8,7.5,10,7.5625,7.25,7.25,7.16666666666667,7.64285714285714,8,2,2,3,7,249,174,75,9,78,171,7.25381526104418,7.54137931034483,6.58666666666667,6.77777777777778,7.32051282051282,7.2233918128655,28
"38",2004,9,7.33333333333333,9,7.28571428571429,7.5,7.5,7.66666666666667,7.16666666666667,7,2,1,3,6,258,181,77,10,81,177,7.25658914728682,7.53149171270718,6.61038961038961,6.85,7.33333333333333,7.22146892655367,29
"39",2004,10,7.16666666666667,12,7.2,7,NA,6.8,7.42857142857143,10,2,0,5,7,270,191,79,10,86,184,7.25259259259259,7.51413612565445,6.62025316455696,6.85,7.30232558139535,7.22934782608696,30
"40",2004,11,6.85,10,6.6875,7.5,8,7.3,6.4,8,2,1,5,5,280,199,81,11,91,189,7.23821428571429,7.48090452261307,6.64197530864198,6.95454545454545,7.3021978021978,7.20740740740741,31
"41",2004,12,7.20833333333333,12,7.71428571428571,6.5,NA,6.83333333333333,7.58333333333333,7,5,0,6,6,292,206,86,11,97,195,7.23698630136986,7.48883495145631,6.63372093023256,6.95454545454545,7.27319587628866,7.21897435897436,32
"42",2005,1,6.81176470588235,17,7.6,5.68571428571429,7,7.35714285714286,6.43,10,7,3,7,10,309,216,93,14,104,205,7.21359223300971,7.49398148148148,6.56236559139785,6.96428571428571,7.27884615384615,7.18048780487805,33
"43",2005,2,6.89285714285714,14,7.3125,6.33333333333333,NA,6.75,6.91666666666667,8,6,0,2,12,323,224,99,14,106,217,7.19969040247678,7.4875,6.54848484848485,6.96428571428571,7.2688679245283,7.16589861751152,34
"44",2005,3,6.92307692307692,13,7.1875,6.5,NA,6.58333333333333,7.21428571428571,8,5,0,6,7,336,232,104,14,112,224,7.18898809523809,7.47715517241379,6.54615384615385,6.96428571428571,7.23214285714286,7.16741071428571,35
"45",2005,4,7.8125,8,8.08333333333333,7,7,8.125,7.5,6,2,1,4,4,344,238,106,15,116,228,7.20348837209302,7.49243697478992,6.55471698113208,6.96666666666667,7.26293103448276,7.17324561403509,36
"46",2005,5,7.32142857142857,14,7.45833333333333,6.5,7,7.33333333333333,7.3125,12,2,1,6,8,358,250,108,16,122,236,7.20810055865922,7.4908,6.5537037037037,6.96875,7.26639344262295,7.17796610169492,37
"47",2005,6,6.85,10,7.6,6.1,8,7.3,6.4,5,5,1,5,5,368,255,113,17,127,241,7.19836956521739,7.49294117647059,6.53362831858407,7.02941176470588,7.26771653543307,7.16182572614108,38
"48",2005,7,6.94545454545455,11,6.94,7,NA,7,6.93333333333333,10,1,0,2,9,379,265,114,17,129,250,7.1910290237467,7.47207547169811,6.53771929824561,7.02941176470588,7.26356589147287,7.1536,39
"49",2005,8,7.33333333333333,9,8.4,6,6,7.42857142857143,7,5,4,1,7,2,388,270,118,18,136,252,7.19432989690722,7.48925925925926,6.51949152542373,6.97222222222222,7.27205882352941,7.15238095238095,40
"50",2005,9,7.11527777777778,18,7.33958333333333,6.66666666666667,7,7.07,7.171875,12,6,1,10,8,406,282,124,19,146,260,7.19082512315271,7.48289007092199,6.52661290322581,6.97368421052632,7.25821917808219,7.15298076923077,41
"51",2005,10,7.03571428571429,14,7.3125,6.66666666666667,7,7,7.08333333333333,8,6,1,8,6,420,290,130,20,154,266,7.18565476190476,7.47818965517241,6.53307692307692,6.975,7.2448051948052,7.15140977443609,42
"52",2005,11,6.94230769230769,13,7.05,6.58333333333333,6.5,7.1875,6.83333333333333,10,3,1,4,9,433,300,133,21,158,275,7.17834872979215,7.46391666666667,6.53421052631579,6.95238095238095,7.24335443037975,7.141,43
"53",2005,12,7.01785714285714,14,7.0625,6.95833333333333,8,6.875,7.125,8,6,1,6,8,447,308,139,22,164,283,7.17332214765101,7.45349025974026,6.55251798561151,7,7.22987804878049,7.14054770318021,44
"54",2006,1,6.84615384615385,13,6.78571428571429,6.91666666666667,NA,6.71428571428571,7,7,6,0,7,6,460,315,145,22,171,289,7.16407608695652,7.43865079365079,6.56758620689655,7,7.20877192982456,7.13762975778547,45
"55",2006,2,6.96875,8,7.15,6.66666666666667,NA,6.6875,7.25,5,3,0,4,4,468,320,148,22,175,293,7.16073717948718,7.434140625,6.5695945945946,7,7.19685714285714,7.1391638225256,46
"56",2006,3,7.11111111111111,9,8,6.66666666666667,NA,7,7.2,3,6,0,4,5,477,323,154,22,179,298,7.15980083857442,7.43939628482972,6.57337662337662,7,7.19245810055866,7.14018456375839,47
"57",2006,4,6.65,8,7.375,5.925,6,6.86666666666667,6,4,4,1,6,2,485,327,158,23,185,300,7.15139175257732,7.43860856269113,6.55696202531646,6.95652173913043,7.18189189189189,7.13258333333333,48
"58",2006,5,7.6,11,7.58571428571429,7.625,8,7.66666666666667,7.575,7,4,1,3,8,496,334,162,24,188,308,7.16134072580645,7.44169161676647,6.58333333333333,7,7.18962765957447,7.14407467532468,49
"59",2006,6,7.29411764705882,51,7.51515151515152,6.88888888888889,7.21428571428571,7.31034482758621,7.27272727272727,33,18,7,29,22,547,367,180,31,217,330,7.17372029250457,7.4482970027248,6.61388888888889,7.04838709677419,7.20576036866359,7.15265151515151,50
"60",2006,7,6.93970588235294,34,7.53421052631579,6.18666666666667,6,6.99705882352941,6.88235294117647,19,15,4,17,17,581,386,195,35,234,347,7.16002581755594,7.45252590673575,6.58102564102564,6.92857142857143,7.19059829059829,7.13940922190202,51
"61",2006,8,6.7,34,7.30555555555556,6.01875,8,6.92941176470588,6.47058823529412,18,16,1,17,17,615,404,211,36,251,364,7.13459349593496,7.44597772277228,6.53838862559242,6.95833333333333,7.17290836653387,7.10817307692308,52
"62",2006,9,6.90526315789474,19,7.25,6.31428571428571,7.2,6.9625,6.86363636363636,12,7,1,8,11,634,416,218,37,259,375,7.12772082018927,7.44032451923077,6.53119266055046,6.96486486486486,7.16640926640927,7.101,53
"63",2006,10,7.32285714285714,35,7.33214285714286,7.28571428571429,8.5,7.5,7.17368421052632,28,7,1,16,19,669,444,225,38,275,394,7.13792974588939,7.43350225225225,6.55466666666667,7.00526315789474,7.18581818181818,7.10450507614213,54
"64",2006,11,6.94444444444444,36,7.44,5.81818181818182,6.66666666666667,7,6.88888888888889,25,11,3,18,18,705,469,236,41,293,412,7.12804964539007,7.4338486140725,6.52033898305085,6.98048780487805,7.17440273037543,7.09508495145631,55
"65",2006,12,7.30568181818182,44,7.3828125,7.1,NA,7.50952380952381,7.1195652173913,32,12,0,21,23,749,501,248,41,314,435,7.13848464619493,7.43058882235529,6.54838709677419,6.98048780487805,7.1968152866242,7.09637931034483,56
"66",2007,1,7.0808717948718,39,7.5,6.53847058823529,6.1635,6.37763636363636,7.35714285714286,22,17,4,11,28,788,523,265,45,325,463,7.13563324873096,7.4335086042065,6.54775094339623,6.90786666666667,7.16908923076923,7.11214902807775,57
"67",2007,2,7.01752651162791,43,7.32142857142857,6.45024266666667,7.125,7.09090909090909,6.94064952380952,28,15,4,22,21,831,551,280,49,347,484,7.12952182912154,7.42781306715064,6.54252728571429,6.92559183673469,7.1641325648415,7.1047079338843,58
"68",2007,3,6.84189189189189,37,7.29772727272727,6.17333333333333,6.83333333333333,7.03611111111111,6.65789473684211,22,15,3,18,19,868,573,295,52,365,503,7.11726110599078,7.4228184991274,6.52375471186441,6.92026923076923,7.15781917808219,7.08783029821074,59
"69",2007,4,7.18193548387097,31,7.48285714285714,6.55,6.5,7.24166666666667,7.14421052631579,21,10,2,12,19,899,594,305,54,377,522,7.11949125695217,7.42494107744108,6.52461521311475,6.9047037037037,7.16048806366048,7.08988245210728,60
"70",2007,5,6.83064516129032,31,6.91666666666667,6.71153846153846,6.8625,6.72857142857143,7.045,18,13,4,21,10,930,612,318,58,398,532,7.10986305376344,7.40999183006536,6.53225672955975,6.90179310344828,7.13769849246231,7.08903879699248,61
"71",2007,6,7.1,33,7.5,6.55714285714286,7,7.2,7.02631578947368,19,14,3,14,19,963,631,332,61,412,551,7.1095250674974,7.41270206022187,6.53330614457831,6.90662295081967,7.13981553398058,7.08687593466425,62
"72",2007,7,7.15192307692308,26,7.22916666666667,7.08571428571429,7.5,6.82142857142857,7.27368421052632,12,14,2,7,19,989,643,346,63,419,570,7.11063967644085,7.4092768273717,6.55565791907514,6.92546031746032,7.13449642004773,7.09310287719298,63
"73",2007,8,6.98571428571429,21,7.14166666666667,6.77777777777778,7.66666666666667,6.97,7,12,9,3,10,11,1010,655,355,66,429,581,7.10804221782178,7.40437404580153,6.56128912676056,6.95915151515151,7.13066200466201,7.09134017211704,64
"74",2007,9,6.73625,40,7.19347826086956,6.11764705882353,7,6.3975,7.075,23,17,3,20,20,1050,678,372,69,449,601,7.0938787047619,7.3972197640118,6.54101516129032,6.96092753623188,7.09800445434298,7.09079640599002,65
"75",2007,10,7.08809523809524,42,7.5047619047619,6.67142857142857,6.66666666666667,7.15384615384615,7.05862068965517,21,21,3,13,29,1092,699,393,72,462,630,7.09365626373626,7.40045064377682,6.54798381679389,6.94866666666667,7.09957575757576,7.0893153015873,66
"76",2007,11,6.75384615384615,39,7.2,6.28421052631579,6.5,7.08823529411765,6.49545454545455,20,19,2,17,22,1131,719,412,74,479,652,7.08193867374005,7.39487482614743,6.53581951456311,6.93654054054054,7.0991732776618,7.06927705521472,67
"77",2007,12,6.77019230769231,52,7.20967741935484,6.12142857142857,6.83333333333333,7.00185185185185,6.52,31,21,3,27,25,1183,750,433,77,506,677,7.06823553677092,7.38722,6.51572203233256,6.93251948051948,7.09398023715415,7.04899355982275,68
"78",2008,1,6.92719298245614,57,7.20161290322581,6.6,7.1,6.95,6.90806451612903,31,26,5,26,31,1240,781,459,82,532,708,7.06175212903226,7.37985275288092,6.52049594771242,6.94273170731707,7.08694360902256,7.04282293785311,69
"79",2008,2,7.38076923076923,26,7.775,6.75,7.5,7.22222222222222,7.46470588235294,16,10,2,9,17,1266,797,469,84,541,725,7.06830382306477,7.38778544542033,6.52538942430704,6.956,7.08919408502773,7.05271536551724,70
"80",2008,3,7.20606060606061,33,7.44,6.84615384615385,7.25,7.40909090909091,7.10454545454545,20,13,2,11,22,1299,817,482,86,552,747,7.07180341801385,7.38906364749082,6.53404074688797,6.96283720930233,7.09556884057971,7.05424182061579,71
"81",2008,4,6.875,36,7.31428571428571,6.26,6.5,6.73333333333333,6.97619047619048,21,15,3,15,21,1335,838,497,89,567,768,7.06649635955056,7.38718973747017,6.52576989939638,6.94723595505618,7.08598589065256,7.05210760416666,72
"82",2008,5,7.09333333333333,30,7.35,6.58,7.25,7.32352941176471,6.79230769230769,20,10,2,17,13,1365,858,507,91,584,781,7.06708618315018,7.38632284382285,6.52683952662722,6.95389010989011,7.09290068493151,7.04778314980794,73
"83",2008,6,6.79032258064516,31,7.36666666666667,6.25,6.5,6.73333333333333,6.84375,15,16,2,15,16,1396,873,523,93,599,797,7.06094028653295,7.38598510882016,6.51837024856597,6.94412903225806,7.08389649415693,7.04368712672522,74
"84",2008,7,6.84,40,7.47777777777778,6.31818181818182,6.36363636363636,6.50769230769231,7,18,22,11,13,27,1436,891,545,104,612,824,7.05478596100278,7.38783950617284,6.51028924770642,6.88273076923077,7.0716568627451,7.04225563106796,75
"85",2008,8,7.11428571428571,35,7.6,6.46666666666667,6.7,7.59375,6.71052631578947,20,15,5,16,19,1471,911,560,109,628,843,7.05620165873555,7.3924972557629,6.50912078571429,6.87434862385321,7.08495859872612,7.03477893238434,76
"86",2008,9,6.80810810810811,37,6.9,6.7,6.3,6.53333333333333,6.99545454545455,20,17,8,15,22,1508,931,577,117,643,865,7.05011448275862,7.38191729323308,6.51474461005199,6.83507692307692,7.0720902021773,7.03377877456647,77
"87",2008,10,6.82121212121212,33,7.22666666666667,6.48333333333333,6.38888888888889,6.9,6.76315789473684,15,18,9,14,19,1541,946,595,126,657,884,7.04521261518494,7.379455602537,6.51379435294118,6.80320634920635,7.06842313546423,7.02796226244344,78
"88",2008,11,6.890625,32,6.95454545454545,6.75,6.85714285714286,7.05555555555556,6.82608695652174,22,10,7,9,23,1573,968,605,133,666,907,7.04206779402416,7.36979855371901,6.5176985785124,6.80604511278195,7.06824924924925,7.0228430429989,79
"89",2008,12,6.98529411764706,34,7.44736842105263,6.4,6.8,7.20833333333333,6.86363636363636,19,15,5,12,22,1607,987,620,138,678,929,7.04086660858743,7.37129179331307,6.51485103225806,6.80582608695652,7.07072861356932,7.01907280947255,80
"90",2009,1,6.80166666666667,30,7.17916666666667,6.55,6.4,7.14333333333333,6.46,12,18,5,15,15,1637,999,638,143,693,944,7.03648298106292,7.36898398398399,6.51584269592476,6.79163636363636,7.07230014430015,7.01018923728813,81
"91",2009,2,6.725,52,7.068,6.40740740740741,6.66666666666667,6.72222222222222,6.72558139534884,25,27,3,9,43,1689,1024,665,146,702,987,7.02689321492007,7.3616357421875,6.51144006015037,6.78906849315068,7.06781196581197,6.99778990881459,82
"92",2009,3,6.5525,40,6.65625,6.48333333333333,6.53333333333333,6.14285714285714,6.63939393939394,16,24,12,7,33,1729,1040,689,158,709,1020,7.01591824175824,7.35078365384615,6.51046101596517,6.76964556962025,7.05867983074753,6.98619474509804,83
"93",2009,4,6.85566037735849,53,7.29583333333333,6.49137931034483,6.4,7.078125,6.75945945945946,24,29,5,16,37,1782,1064,718,163,725,1057,7.01115187429854,7.34954417293233,6.50969030640668,6.75830674846626,7.05910896551724,6.97825793755913,84
"94",2009,5,7.10034642857143,42,7.37619047619048,6.82450238095238,7.33333333333333,7.21191944444444,7.01666666666667,21,21,6,18,24,1824,1085,739,169,743,1081,7.01320569627193,7.3500599078341,6.51863625169147,6.77872189349112,7.06281096904442,6.97911067530065,85
"95",2009,6,6.54166666666667,36,7.5,6.0625,6.35,6.53571428571429,6.54545454545455,12,24,10,14,22,1860,1097,763,179,757,1103,7.0040791344086,7.3517000911577,6.50428858453473,6.75477094972067,7.05306281373844,6.97046114233907,86
"96",2009,7,6.72619047619048,42,7.2125,6.07777777777778,6,7.66666666666667,6.46969696969697,24,18,4,9,33,1902,1121,781,183,766,1136,6.99794279179811,7.34871989295272,6.49445862996159,6.73827322404371,7.06027225848564,6.95591429577465,87
"97",2009,8,6.52790697674419,43,6.88,6.33928571428571,6.69444444444444,6.125,6.68387096774194,15,28,9,12,31,1945,1136,809,192,778,1167,6.98755125449871,7.34253080985916,6.48908799752781,6.73621875,7.04584646529563,6.9486877806341,88
"98",2009,9,6.97205882352941,34,7.55,6.45833333333333,6.71428571428571,7.18461538461538,6.84047619047619,16,18,7,13,21,1979,1152,827,199,791,1188,6.9872850884285,7.34541232638889,6.48841860943168,6.7354472361809,7.04812711757269,6.94677494949495,89
"99",2009,10,6.63947368421053,38,7.12058823529412,6.25,6.39285714285714,6.39230769230769,6.768,17,21,7,13,25,2017,1169,848,206,804,1213,6.98073236985622,7.34214285714286,6.482514375,6.72380582524272,7.03752307213931,6.94309038746908,90
"100",2009,11,6.6531914893617,47,6.79473684210526,6.55714285714286,6.57777777777778,6.72142857142857,6.62424242424242,19,28,9,14,33,2064,1188,876,215,818,1246,6.97327383236434,7.33338804713805,6.48489976027397,6.71769302325581,7.03211314180929,6.93464577849117,91
"101",2009,12,6.7695652173913,46,7.31578947368421,6.38518518518519,6.3,7.13529411764706,6.5551724137931,19,27,9,17,29,2110,1207,903,224,835,1275,6.96883279146919,7.33311101905551,6.48191826135105,6.70091071428571,7.03421383233533,6.92601461960784,92
"102",2010,1,6.83796296296296,54,7.39423076923077,6.32142857142857,6.4375,7.0625,6.74342105263158,26,28,8,16,38,2164,1233,931,232,851,1313,6.96556709334566,7.334399837794,6.4770915037594,6.6918275862069,7.03474565217391,6.92073011424219,93
"103",2010,2,7.11612903225806,31,7.40666666666667,6.84375,6,7.01111111111111,7.15909090909091,15,16,4,9,22,2195,1248,947,236,860,1335,6.96769348063781,7.33526842948718,6.48328636747624,6.68010169491525,7.03449831395349,6.92465815730337,94
"104",2010,3,6.793,25,7.33269230769231,6.20833333333333,6.66666666666667,6.55,6.85375,13,12,3,5,20,2220,1261,959,239,865,1355,6.96572621171171,7.33524187153053,6.47984587069864,6.67993305439331,7.03169774566474,6.92361154243542,95
"105",2010,4,6.41379310344828,29,7.28571428571429,5.6,5.83333333333333,6.92857142857143,6.25,14,15,3,7,22,2249,1275,974,242,872,1377,6.95860924410849,7.33469803921569,6.46629588295688,6.66943801652893,7.03086989678899,6.91284941176471,96
"106",2010,5,7.0609375,32,7.125,7.0225,7.125,6.7125,7.27,12,20,4,12,20,2281,1287,994,246,884,1397,6.96004480052609,7.33274281274281,6.47748711267606,6.67684552845528,7.02654813348417,6.91796251968504,97
"107",2010,6,7.16086956521739,23,7.44444444444444,6.97857142857143,6.7,6.98571428571429,7.2375,9,14,2,7,16,2304,1296,1008,248,891,1413,6.96204956163195,7.33351851851852,6.48444661706349,6.67703225806452,7.026227328844,6.92158077848549,98
"108",2010,7,6.69615384615385,13,7.0625,6.11,6.85,7,6.56111111111111,8,5,3,4,9,2317,1304,1013,251,895,1422,6.96055769961157,7.33185582822086,6.4825984106614,6.67909960159363,7.02611011173185,6.91929932489451,99
"109",2010,8,6.80769230769231,26,7.5,6.21428571428571,6,7.34,6.68095238095238,12,14,4,5,21,2343,1316,1027,255,900,1443,6.95886137003841,7.33338905775076,6.47894078870497,6.66844705882353,7.02785394444445,6.91583065835066,100
"110",2010,9,6.75217391304348,23,7.27777777777778,6.41428571428571,6.46,6.71428571428571,6.76875,9,14,5,7,16,2366,1325,1041,260,907,1459,6.95685215131023,7.33301132075472,6.47807126801153,6.66443846153846,7.02543390297685,6.91421771076079,101
"111",2010,10,6.90857142857143,35,7.25,6.7304347826087,6.5,6.65,7.012,12,23,8,10,25,2401,1337,1064,268,917,1484,6.95614835068721,7.33226626776365,6.4835264943609,6.65952985074627,7.02133974918212,6.91586498652291,102
"112",2010,11,6.66578947368421,38,6.94736842105263,6.38421052631579,5.1,6.22727272727273,6.84444444444444,19,19,5,11,27,2439,1356,1083,273,928,1511,6.95162451414514,7.32687315634218,6.4817841089566,6.63096703296703,7.01192731681035,6.91458877564527,103
"113",2010,12,6.87333333333333,30,7.21875,6.47857142857143,6.5,6.71428571428571,6.92173913043478,16,14,4,7,23,2469,1372,1097,277,935,1534,6.95067322397732,7.32561224489796,6.48174310847767,6.62907581227437,7.00969898395722,6.91469598435463,104
"114",2011,1,7.13793103448276,29,7.28571428571429,7,8,7.125,7.14285714285714,14,15,3,8,21,2498,1386,1112,280,943,1555,6.95284715372298,7.32520923520924,6.48873398381295,6.64376428571429,7.01067714740191,6.91777726045016,105
"115",2011,2,6.8047619047619,21,7.38571428571429,5.64285714285714,5,6.65714285714286,6.87857142857143,14,7,3,7,14,2519,1400,1119,283,950,1569,6.95161262008734,7.32581428571429,6.48344252904379,6.62633922261484,7.00807215789474,6.91742743148502,106
"116",2011,3,6.57096774193548,31,7.28,5.90625,5.75,7.54285714285714,6.2875,15,16,4,7,24,2550,1415,1135,287,957,1593,6.94698517254902,7.32532862190813,6.47530589427313,6.61412543554007,7.01198385579938,6.90793699937225,107
"117",2011,4,7.03152631578947,19,7.56,6.44433333333333,6.25,7.5,6.97641176470588,10,9,4,2,17,2569,1425,1144,291,959,1610,6.94761042818217,7.32697543859649,6.47506222902098,6.60912027491409,7.01300161626695,6.90866002484472,108
"118",2011,5,7.20576923076923,26,7.94166666666667,6.575,7.33333333333333,6.83333333333333,7.3175,12,14,3,6,20,2595,1437,1158,294,965,1630,6.95019699036609,7.33210855949896,6.47627045768566,6.61651020408163,7.01188450777202,6.91367646625767,109
"119",2011,6,7.01666666666667,18,7.58333333333333,6.73333333333333,6.5,7.25,6.95,6,12,3,4,14,2613,1443,1170,297,969,1644,6.95065487562189,7.33315315315315,6.478907,6.61533333333333,7.01286744066048,6.91398579075426,110
"120",2011,7,7.18894736842105,19,7.66666666666667,6.759,6.2475,7.24875,7.14545454545455,9,10,4,8,11,2632,1452,1180,301,977,1655,6.95237507218845,7.33522038567493,6.48128066949153,6.61044518272425,7.01479892528148,6.91552425377643,111
"121",2011,8,6.46666666666667,21,6.81818181818182,6.08,5.71666666666667,6.13333333333333,6.6,11,10,6,6,15,2653,1463,1190,307,983,1670,6.94853041462495,7.33133287764867,6.47790856302521,6.59297719869707,7.00941866734486,6.91269020359281,112
"122",2011,9,6.96153846153846,13,7.4,6.6875,6,7,6.95,5,8,1,3,10,2666,1468,1198,308,986,1680,6.94859384471118,7.33156675749319,6.47930817195326,6.59105194805195,7.00939001014199,6.91291228571428,113
"123",2011,10,6.94444444444444,27,7.375,6.6,6.33333333333333,7,6.93478260869565,12,15,3,4,23,2693,1480,1213,311,990,1703,6.94855224285184,7.33191891891892,6.48080065127782,6.58856591639871,7.00935207070707,6.91320765707575,114
"124",2011,11,6.75,35,7.03214285714286,6.56190476190476,5.6,6.48888888888889,6.84038461538462,14,21,4,9,26,2728,1494,1234,315,999,1729,6.94600483504399,7.32910977242303,6.48218086709887,6.5760126984127,7.00466321321321,6.91211257374205,115
"125",2011,12,7.25238095238095,21,7.95,6.61818181818182,5.75,7.22222222222222,7.275,10,11,2,9,12,2749,1504,1245,317,1008,1741,6.94834528555838,7.3332380319149,6.48338248192771,6.57080126182965,7.00660570436508,6.91461380815623,116
"126",2012,1,6.57916666666667,24,7.24615384615385,5.79090909090909,6,6.03333333333333,6.76111111111111,13,11,1,6,18,2773,1517,1256,318,1014,1759,6.94515008654886,7.33249176005274,6.47731782643312,6.56900628930818,7.00084669625247,6.91304300170551,117
"127",2012,2,6.83636363636364,11,7.7,6.11666666666667,6.56666666666667,6.94,6.75,5,6,3,5,6,2784,1522,1262,321,1019,1765,6.94472025502874,7.33369908015769,6.47560316164818,6.56898442367601,7.00054813542689,6.91248874787535,118
"128",2012,3,6.59375,16,7.05555555555556,6,5.75,6.66666666666667,6.57692307692308,9,7,4,3,13,2800,1531,1269,325,1022,1778,6.94271471071429,7.33206401045069,6.47297966115051,6.55890461538461,6.99956805283758,6.91003523059617,119
"129",2012,4,6.39473684210526,19,7.0625,5.90909090909091,6,6.3,6.42857142857143,8,11,2,5,14,2819,1539,1280,327,1027,1792,6.9390213515431,7.33066276803119,6.4681337421875,6.55548623853211,6.99616217137293,6.90627379464286,120
"130",2012,5,7.325,20,8.05,6.6,5.66666666666667,7.7,7.2,10,10,3,5,15,2839,1549,1290,330,1032,1807,6.94174046847482,7.33530664945126,6.46915596124031,6.54740606060606,6.99957223837209,6.90871203099059,121
"131",2012,6,7.1047619047619,21,7,7.24444444444444,6,7.38571428571429,6.96428571428571,12,9,1,7,14,2860,1561,1299,331,1039,1821,6.94293747902098,7.33272901985907,6.47452747498076,6.54575226586103,7.00217377285852,6.90913928610653,122
"132",2012,7,6.72178571428571,28,7.36111111111111,6.41894736842105,6.5,6.95,6.595,9,19,4,10,18,2888,1570,1318,335,1049,1839,6.94079334833795,7.33289171974523,6.47372624430956,6.54520597014925,7.00167640610105,6.90606451332246,123
"133",2012,8,6.34375,8,7.05,5.16666666666667,4.5,NA,6.34375,5,3,2,0,8,2896,1575,1321,337,1049,1847,6.93914405732044,7.33199365079365,6.47075790310371,6.53306824925816,7.00167640610105,6.90362893340552,124
"134",2012,9,7,13,7.25,6.16666666666667,7,7.125,6.94444444444444,10,3,1,4,9,2909,1585,1324,338,1053,1856,6.93941601581299,7.33147634069401,6.47006887462236,6.53444970414201,7.00214487179487,6.90382685344827,125
"135",2012,10,6.875,16,6.91666666666667,6.85,6.75,6.83333333333333,6.9,6,10,6,6,10,2925,1591,1334,344,1059,1866,6.93906365470086,7.32991200502829,6.47291693403298,6.53820930232558,7.00118843248348,6.90380634512326,126
"136",2012,11,6.46428571428571,14,7,5.92857142857143,6,7.5,6.29166666666667,7,7,1,2,12,2939,1598,1341,345,1061,1878,6.9368020381082,7.32846683354193,6.47007545861298,6.53664927536232,7.00212869934025,6.89989490947817,127
"137",2012,12,6.78421052631579,19,7.17272727272727,6.25,6,6.3,6.95714285714286,11,8,1,5,14,2958,1609,1349,346,1066,1892,6.93582190331305,7.32740211311374,6.46877034099333,6.53509826589595,6.99883541275798,6.90031852008456,128
"138",2013,1,7.27142857142857,21,7.82307692307692,6.375,6.5,7,7.43846153846154,13,8,2,8,13,2979,1622,1357,348,1074,1905,6.93818771064116,7.3313748458693,6.46821753131909,6.53489655172414,6.99884408752328,6.90399088713911,129
"139",2013,2,6.70588235294118,17,7.6,6.33333333333333,6.6,5.8,7.08333333333333,5,12,5,5,12,2996,1627,1369,353,1079,1917,6.93686955607477,7.33220036877689,6.46703520087655,6.53581869688385,6.99328873957368,6.90511353155973,130
"140",2013,3,7.0875,16,8.56666666666667,6.2,5.5,6.38,7.40909090909091,6,10,1,5,11,3012,1633,1379,354,1084,1928,6.93766971779549,7.33673606858543,6.46509875997099,6.53289265536723,6.99045991697417,6.90798892116182,131
"141",2013,4,6.99444444444444,18,7.12307692307692,6.66,NA,6.9,7.02142857142857,13,5,0,4,14,3030,1646,1384,354,1088,1942,6.93800699339934,7.33504860267315,6.46580288294798,6.53289265536723,6.99012734375,6.90880671472708,132
"142",2013,5,6.77777777777778,9,7.41666666666667,5.5,NA,6.5,6.8125,6,3,0,1,8,3039,1652,1387,354,1089,1950,6.93753247449819,7.33534503631962,6.46371390771449,6.53289265536723,6.98967727272727,6.90841161025641,133
"143",2013,6,6.86666666666667,12,6.78571428571429,6.98,6.85,5.5,7.14,7,5,4,2,10,3051,1659,1392,358,1091,1960,6.9372537495903,7.33302591922845,6.46556838362069,6.53643575418994,6.98694642529789,6.90959318367347,134
"144",2013,7,6.16363636363636,11,7.6,5.84444444444444,NA,6.25,6.14444444444444,2,9,0,2,9,3062,1661,1401,358,1093,1969,6.93447458850425,7.33334738109573,6.46157829407566,6.53643575418994,6.98559794144556,6.90609580497714,135
"145",2013,8,6.48666666666667,15,7.14285714285714,5.9125,4.33333333333333,6,6.9125,7,8,3,7,8,3077,1668,1409,361,1100,1977,6.93229157946052,7.3325479616307,6.45846074520937,6.51812742382271,6.97932595454546,6.90612171977744,136
"146",2013,9,6.58823529411765,17,7.5,6.09090909090909,7,5.375,6.96153846153846,6,11,1,4,13,3094,1674,1420,362,1104,1990,6.93040116031028,7.33314814814815,6.45561351408451,6.51945856353591,6.97351317934783,6.90648373869346,137
"147",2013,10,7.30769230769231,13,7.5,7.08333333333333,NA,7.55,7.2,7,6,0,4,9,3107,1681,1426,362,1108,1999,6.9319797843579,7.33384295062463,6.4582546914446,6.51945856353591,6.97559435920578,6.9078052226113,138
"148",2013,11,6.35714285714286,14,7.5,5.9,6,6.6,6.22222222222222,4,10,1,5,9,3121,1685,1436,363,1113,2008,6.92940121435438,7.33423738872404,6.45436712395543,6.51802754820937,6.97390705300989,6.90473239043824,139
"149",2013,12,7.19230769230769,13,7.27777777777778,7,9,9,7.04166666666667,9,4,1,1,12,3134,1694,1440,364,1114,2020,6.93049176451819,7.33393742621016,6.45588277083333,6.52484615384615,6.97572580789946,6.90554586138613,140
"150",2014,1,6.63333333333333,27,7.4875,6.27368421052632,6.27777777777778,6.36666666666667,6.70952380952381,8,19,9,6,21,3161,1702,1459,373,1120,2041,6.92795355583676,7.33465922444184,6.4535100685401,6.51888471849866,6.97246299107143,6.90352897599216,141
"151",2014,2,7.41333333333333,15,7.63333333333333,7.08333333333333,6.5,8.5,7.24615384615385,9,6,1,2,13,3176,1711,1465,374,1122,2054,6.93024596662469,7.33623027469316,6.45608954948806,6.51883422459893,6.97518587344029,6.90569748782862,142
"152",2014,3,7.0625,16,7.57142857142857,6.66666666666667,8,7.75,6.65,7,9,1,6,10,3192,1718,1474,375,1128,2064,6.93090889411028,7.33718859138533,6.45737529850746,6.522784,6.97930722517731,6.90445864341085,143
"153",2014,4,6.85555555555556,9,7.45,5.66666666666667,NA,7.175,6.6,6,3,0,4,5,3201,1724,1477,375,1132,2069,6.93069702905342,7.33758120649652,6.45576925524712,6.522784,6.97999871908127,6.90372288061865,144
"154",2014,5,7.140625,16,7.375,7,6.5,6.7,7.34090909090909,6,10,5,5,11,3217,1730,1487,380,1137,2080,6.93174112216351,7.33771098265896,6.45942917955615,6.52248421052632,6.97876741424802,6.90603492307692,145
"155",2014,6,7.18181818181818,11,7.25,7.1,6.25,7.41666666666667,6.9,6,5,2,6,5,3228,1736,1492,382,1143,2085,6.93259330545229,7.33740783410139,6.46157586461126,6.52105759162304,6.98106609798775,6.90602045083932,146
"156",2014,7,6.5,6,6.75,6,NA,7,6.25,4,2,0,2,4,3234,1740,1494,382,1145,2089,6.93179072047001,7.33605747126437,6.46095795850067,6.52105759162304,6.98109917030568,6.90476430828147,147
"157",2014,8,6.66666666666667,15,7.16666666666667,6.33333333333333,6.83333333333333,7.25,6.45454545454545,6,9,3,4,11,3249,1746,1503,385,1149,2100,6.9305666943675,7.3354753722795,6.46019373918829,6.52349090909091,6.98203529155788,6.90240601904762,148
"158",2014,9,6.425,10,7.05,5.8,5.5,6.5,6.375,5,5,2,4,6,3259,1751,1508,387,1153,2106,6.92901540042958,7.33466019417476,6.45800476790451,6.5182015503876,6.98036300954033,6.90090343779677,149
"159",2014,10,7.3125,16,7.875,6.75,5.75,7.08333333333333,7.45,8,8,2,6,10,3275,1759,1516,389,1159,2116,6.9308889129771,7.33711768050029,6.45954563984169,6.51425192802057,6.9808960742019,6.9034984120983,150
"160",2014,11,7.40909090909091,11,8.125,7,6,7.4,7.41666666666667,4,7,1,5,6,3286,1763,1523,390,1164,2122,6.93248971089471,7.33890527509927,6.46202967170059,6.51293333333333,6.98269634879725,6.90494940622054,151
"161",2014,12,6.8537037037037,27,7.08888888888889,6.73611111111111,7,6.91666666666667,6.83571428571429,9,18,4,6,21,3313,1772,1541,394,1170,2143,6.93184762752792,7.33763544018059,6.46523114211551,6.51787817258883,6.98235773504274,6.90427094727018,152
"162",2015,1,6.54615384615385,26,6.88888888888889,6.36470588235294,6,6.7,6.50952380952381,9,17,5,5,21,3339,1781,1558,399,1175,2164,6.92884432165319,7.33536777091522,6.46413426829268,6.51138847117794,6.98115621276596,6.90044022181146,153
"163",2015,2,7.09210526315789,19,7.25,7,7.25,6.875,7.15,7,12,4,4,15,3358,1788,1570,403,1179,2179,6.92976807325789,7.33503355704698,6.46823005732484,6.51871960297767,6.98079605597964,6.90215816429555,154
"164",2015,3,7.40833333333333,12,7.71111111111111,6.5,6,7,7.44545454545455,9,3,1,1,11,3370,1797,1573,404,1180,2190,6.93147216320475,7.33691708402894,6.46829064844247,6.51743564356436,6.98081233050848,6.90488705022831,155
"165",2015,4,6.78125,16,8.13333333333333,6.46923076923077,7,6.98333333333333,6.66,3,13,4,6,10,3386,1800,1586,408,1186,2200,6.93076231246309,7.33824444444445,6.46829835435057,6.52216666666667,6.98082508431703,6.90377392727272,156
"166",2015,5,6.97222222222222,9,7.3,6.5625,6,7.125,6.85,5,4,1,4,5,3395,1805,1590,409,1190,2205,6.93087222091311,7.33813850415513,6.46853533962264,6.52088997555012,6.98130970588235,6.9036519909297,157
"167",2015,6,6.96666666666667,15,6.96428571428571,6.96875,6.75,7.33333333333333,6.72222222222222,7,8,3,6,9,3410,1812,1598,412,1196,2214,6.93102967448681,7.33669426048565,6.47103954317897,6.52255825242718,6.98307571070234,6.90291447154471,158
"168",2015,7,7.16666666666667,6,7.75,6,8,7,7.2,4,2,1,1,5,3416,1816,1600,413,1197,2219,6.93144355679157,7.33760462555066,6.47045074375,6.52613559322034,6.98308984962406,6.90358388463271,159
"169",2015,8,7.19411764705882,17,7.64444444444444,6.6875,6.5,7.08333333333333,7.25454545454545,9,8,2,6,11,3433,1825,1608,415,1203,2230,6.93274430235945,7.33911780821918,6.47153059079602,6.52600963855422,6.98358981712386,6.90531508520179,160
"170",2015,9,7.17307692307692,13,7,7.375,7.5,7.5,7.075,7,6,2,3,10,3446,1832,1614,417,1206,2240,6.93365095473012,7.33782205240175,6.47488921313507,6.53068105515587,6.98487441956882,6.90607260714285,161
"171",2015,10,6.625,8,6.33333333333333,6.8,7,7,6.57142857142857,3,5,1,1,7,3454,1835,1619,418,1207,2247,6.93293607122177,7.33617983651226,6.47589326127239,6.5318038277512,6.98488695111848,6.9050301023587,162
"172",2015,11,7.02666666666667,15,7.55714285714286,6.5625,6.5,7.06666666666667,7.01666666666667,7,8,1,3,12,3469,1842,1627,419,1210,2259,6.93334136350534,7.33701954397394,6.47631910878918,6.53172792362768,6.9850897107438,6.90562312527667,163
"173",2015,12,6.67368421052632,19,6.94166666666667,6.21428571428571,NA,7.5,6.29230769230769,12,7,0,6,13,3488,1854,1634,419,1216,2272,6.93192694667431,7.33446062567422,6.47519656670747,6.53172792362768,6.98763038651316,6.90211383802817,164
"174",2016,1,7.21875,16,7.22222222222222,7.21428571428571,7.5,6.83333333333333,7.30769230769231,9,7,2,3,13,3504,1863,1641,421,1219,2285,6.93323664098174,7.33391841116479,6.47834929311396,6.53632779097387,6.98725065627564,6.90442128665208,165
"175",2016,2,7.54705882352941,17,7.77777777777778,7.2875,7.25,8.125,7.36923076923077,9,8,2,4,13,3521,1872,1649,423,1223,2298,6.93620028117012,7.33605235042735,6.48227482716798,6.53970212765957,6.99097183156173,6.90705075718015,166
"176",2016,3,7.31666666666667,18,7.71428571428571,7.06363636363636,7.3,7.6,7.23571428571429,7,11,2,4,14,3539,1879,1660,425,1227,2312,6.93813540265612,7.33746141564662,6.48612722289157,6.54328,6.99295725346373,6.90904093425605,167
"177",2016,4,7.18421052631579,19,7.5,6.75,7.375,6.125,7.46666666666667,11,8,4,4,15,3558,1890,1668,429,1231,2327,6.93944946318156,7.33840740740741,6.48739279976019,6.55103496503496,6.99013692120228,6.91263542758917,168
"178",2016,5,7.62777777777778,18,7.95833333333333,6.96666666666667,7,8.25,7.45,12,6,1,4,14,3576,1902,1674,430,1235,2341,6.94291420302014,7.34231861198738,6.48911062724014,6.55207906976744,6.99421744939271,6.91584905595899,169
"179",2016,6,6.75,12,7.25,6.25,7.5,5,6.90909090909091,6,6,2,1,11,3588,1908,1680,432,1236,2352,6.94226900501672,7.34202830188679,6.48825666071429,6.55646759259259,6.99260400485437,6.91581744897959,170
"180",2016,7,6.91052631578947,19,6.9,6.91538461538462,7,6.975,6.89333333333333,6,13,1,4,15,3607,1914,1693,433,1240,2367,6.94210179927918,7.34064263322884,6.49153643827525,6.55749191685912,6.99254721774194,6.91567496408956,171
"181",2016,8,7.08888888888889,18,7.94285714285714,6.54545454545455,NA,6.5,7.1625,7,11,0,2,16,3625,1921,1704,433,1242,2383,6.94283067310345,7.34283706402915,6.49188450117371,6.55749191685912,6.99175406602255,6.91733220310533,172
"182",2016,9,6.675,20,7.28571428571429,6.34615384615385,5.5,5,6.97058823529412,7,13,3,3,17,3645,1928,1717,436,1245,2400,6.94136109465021,7.34262966804979,6.49078112405358,6.55021559633027,6.98695465863454,6.91770943333333,173
"183",2016,10,7.34,25,7.5,7.16666666666667,7.5,7.9,7.2,13,12,4,5,20,3670,1941,1729,440,1250,2420,6.94407661852861,7.34368366821226,6.49547205899364,6.55885,6.99060684,6.92004241322314,174
"184",2016,11,7.20833333333333,24,7.43636363636364,7.01538461538462,7,6.88333333333333,7.31666666666667,11,13,1,6,18,3694,1952,1742,441,1256,2438,6.94579350027071,7.34420594262295,6.49935200344432,6.55985034013605,6.99009438694268,6.92297073010664,175
"185",2016,12,6.98888888888889,18,7.38333333333333,6.79166666666667,6.75,7,6.9875,6,12,2,2,16,3712,1958,1754,443,1258,2454,6.94600247575431,7.34432584269663,6.50135187571266,6.56070880361174,6.99011013513513,6.9233914588427,176
"186",2017,1,6.77941176470588,17,7.35,6.54166666666667,NA,7,6.73214285714286,5,12,0,3,14,3729,1963,1766,443,1261,2468,6.94524301153124,7.34434029546612,6.50162581540204,6.56070880361174,6.99013366375892,6.9223065802269,177
"187",2017,2,6.924,25,7.33333333333333,6.54615384615385,6,6.8,6.955,12,13,1,5,20,3754,1975,1779,444,1266,2488,6.94510154235482,7.34427341772152,6.50195120292299,6.55944594594595,6.98938274091627,6.92256938906752,178
"188",2017,3,7.31818181818182,22,7.68181818181818,6.95454545454545,7,7.66666666666667,7.1875,11,11,3,6,16,3776,1986,1790,447,1272,2504,6.9472752092161,7.34614300100705,6.50473250837989,6.56240268456376,6.99257747641509,6.92426223642172,179
"189",2017,4,6.70545454545455,22,7.0625,6.50142857142857,6.5,6.93,6.65555555555556,8,14,2,4,18,3798,1994,1804,449,1276,2522,6.94587445760927,7.34500501504514,6.50470686807096,6.56212472160356,6.99238130877743,6.92234442505947,180
"190",2017,5,7.04375,16,7.4,6.45,6,6.83333333333333,7.09230769230769,10,6,1,3,13,3814,2004,1810,450,1279,2535,6.94628505243839,7.34527944111777,6.50452551933702,6.56087555555555,6.99200824863174,6.92321603155818,181
"191",2017,6,7.16875,16,8.28571428571429,6.3,6.5,7,7.19285714285714,7,9,4,2,14,3830,2011,1819,454,1281,2549,6.94721440992167,7.348552958727,6.50351357339198,6.56033920704846,6.99202072599532,6.92469699489996,182
"192",2017,7,6.67647058823529,17,7.71428571428571,5.95,3,6.41666666666667,6.81818181818182,7,10,1,6,11,3847,2018,1829,455,1287,2560,6.9460179854432,7.34982160555005,6.50048725533078,6.55251428571429,6.98933842268842,6.9242393125,183
"193",2017,8,7.08695652173913,23,7.71428571428571,6.11111111111111,5,7.2,7.05555555555556,14,9,2,5,18,3870,2032,1838,457,1292,2578,6.94685560465116,7.35233267716535,6.49858062568009,6.54571991247265,6.99015367647059,6.92515618308766,184
"194",2017,9,6.9695652173913,23,7.2375,6.82666666666667,7.63333333333333,7.26666666666667,6.86470588235294,8,15,3,6,17,3893,2040,1853,460,1298,2595,6.94698977395325,7.35188235294118,6.50123647598489,6.55281304347826,6.99143185670262,6.92476016955684,185
"195",2017,10,6.97,20,7.575,6.0625,4.75,7.08333333333333,6.92142857142857,12,8,2,6,14,3913,2052,1861,462,1304,2609,6.94710738308204,7.35318713450292,6.49935045137023,6.54500865800866,6.99185471625767,6.92474229206592,186
"196",2017,11,6.725,32,7.56,5.98823529411765,5.28571428571429,6.26666666666667,6.90434782608696,15,17,7,9,23,3945,2067,1878,469,1313,2632,6.94530575158429,7.35468795355588,6.49472374334398,6.5262132196162,6.98688389185072,6.92456407294832,187
"197",2017,12,6.90952380952381,21,7.46923076923077,6,NA,9,6.805,13,8,0,1,20,3966,2080,1886,469,1314,2652,6.94511628593041,7.35540384615385,6.49262523329799,6.5262132196162,6.98841594368341,6.92366238310709,188
"198",2018,1,6.88088235294118,34,7.80454545454545,6.43913043478261,6.11666666666667,7.26111111111111,6.744,11,23,6,9,25,4000,2091,1909,475,1323,2677,6.9445702975,7.35776661884266,6.49198071765322,6.52104,6.99027101284958,6.92198454986925,189
"199",2018,2,7.225,26,7.82333333333333,6.40909090909091,6.5,7,7.24375,15,11,2,2,24,4026,2106,1920,477,1325,2701,6.94638131892698,7.36108262108262,6.491505828125,6.52095178197065,6.99028569811321,6.92484362828582,190
"200",2018,3,7.34411764705882,34,8.0625,6.70555555555556,6.5,7.92857142857143,7.19259259259259,16,18,2,7,27,4060,2122,1938,479,1332,2728,6.94971211576355,7.36637134778511,6.49349390608875,6.5208643006263,6.99521662912913,6.92749363636363,191
"201",2018,4,7.52678571428571,28,7.63333333333333,7.40384615384615,7.625,7.4375,7.54166666666667,15,13,4,4,24,4088,2137,1951,483,1336,2752,6.95366467465754,7.36824520355639,6.49955981035367,6.5300082815735,6.99654083083832,6.93284979651162,192
"202",2018,5,6.69565217391304,23,7.08823529411765,5.58333333333333,5,5.75,6.89473684210526,17,6,1,4,19,4111,2154,1957,484,1340,2771,6.95222116030163,7.36603528319406,6.49675073582014,6.52684710743802,6.99281981343284,6.93258846625766,193
"203",2018,6,7.37722208333333,24,7.71428571428571,6.905333,6.28444333333333,7.24,7.41333315789474,14,10,3,5,19,4135,2168,1967,487,1345,2790,6.95468791293833,7.36828413284133,6.49882792069141,6.52535386036961,6.99373869888476,6.93586235483871,194
"204",2018,7,7.4375,20,7.43181818181818,7.44444444444444,7,7.5,7.421875,11,9,1,4,16,4155,2179,1976,488,1349,2806,6.95701191817088,7.3686048646168,6.50313487854251,6.52632649590164,6.99523984432913,6.93863363150392,195
"205",2018,8,7.1,23,7.45,6.83076923076923,7.25,6.7,7.21111111111111,10,13,2,5,18,4178,2189,1989,490,1354,2824,6.95779907132599,7.36897670169027,6.50527627953746,6.52928026530612,6.99414959379616,6.94037038597733,196
"206",2018,9,6.98181818181818,22,7.81111111111111,6.40769230769231,7.1,5,7.18,9,13,3,2,20,4200,2198,2002,493,1356,2844,6.95792488571429,7.37078707916287,6.50464261738262,6.53275320486815,6.99120837020649,6.94205554500703,197
"207",2018,10,7.12266666666667,30,7.4,6.70666666666667,6.76666666666667,6.8,7.13379310344828,18,12,3,1,29,4230,2216,2014,496,1357,2873,6.95909326713948,7.37102436823105,6.50584633565045,6.53416800403226,6.99106746499632,6.94399093978419,198
"208",2018,11,7.72,21,8.072,7.4,NA,8.05,7.64235294117647,10,11,0,4,17,4251,2226,2025,496,1361,2890,6.9628521571395,7.37417340521114,6.51070346666667,6.53416800403226,6.99417968405584,6.94809895155709,199
"209",2018,12,7.52870967741935,31,7.92,6.98692307692308,7.65,7.85714285714286,7.43291666666667,18,13,3,7,24,4282,2244,2038,499,1368,2914,6.96694874357777,7.37855169340463,6.51374117762512,6.54087641282565,6.99859543128655,6.95209195950583,200
"210",2019,1,7.1115,20,7.16636363636364,7.04444444444444,NA,7,7.11736842105263,11,9,0,1,19,4302,2255,2047,499,1369,2933,6.96762076243608,7.37751662971175,6.51607450903762,6.54087641282565,6.99859645726808,6.95316262188885,201
"211",2019,2,6.90625,16,7.15,6.5,6,6.875,6.91666666666667,10,6,1,4,12,4318,2265,2053,500,1373,2945,6.96739335803613,7.37651214128035,6.51602753044325,6.53979466,6.99823638018937,6.95301391171477,202
"212",2019,3,6.82923076923077,13,7,6.75333333333333,7,7.66666666666667,6.578,4,9,1,3,10,4331,2269,2062,501,1376,2955,6.96697864696375,7.37584839136183,6.51706329776916,6.54071323353293,6.99969371366279,6.95174482910321,203
"213",2019,4,6.93529411764706,17,7.125,6.76666666666667,7.3,NA,6.93529411764706,8,9,3,0,17,4348,2277,2071,504,1376,2972,6.96685476540938,7.37496706192358,6.5181480057943,6.54523279761905,6.99969371366279,6.95165073014804,204
"214",2019,5,7.22096774193548,31,7.62727272727273,6.9975,7.25,7.75,7.18448275862069,11,20,3,2,29,4379,2288,2091,507,1378,3001,6.96865369262389,7.37618006993007,6.52273291248207,6.54940301775148,7.00078269230769,6.95390068977007,205
"215",2019,6,6.84105263157895,19,7.39818181818182,6.075,6.6,7.33333333333333,6.74875,11,8,1,3,16,4398,2299,2099,508,1381,3017,6.96810243747158,7.37628534145281,6.52102645069081,6.54950261811024,7.00150510499638,6.95281271793172,206
"216",2019,7,6.76086956521739,23,7.47727272727273,6.10416666666667,6.5,6.55,6.81944444444444,11,12,2,5,18,4421,2310,2111,510,1386,3035,6.96702432028953,7.37676623376623,6.51865680720038,6.54930849019608,6.9998762987013,6.95202173640856,207
"217",2019,8,7.2,22,7.64615384615385,6.55555555555556,7.33333333333333,7.25,7.18888888888889,13,9,3,4,18,4443,2323,2120,513,1390,3053,6.96817792482557,7.37827378390013,6.51881345283019,6.55389343079922,7.00059607913669,6.95341826727808,208
"218",2019,9,6.23478260869565,23,7.3,5.66666666666667,5.5,6.63333333333333,6.175,8,15,4,3,20,4466,2331,2135,517,1393,3073,6.96440092252575,7.37800514800515,6.51282647306792,6.54573951644101,6.99980513280689,6.94835208916368,209
"219",2019,10,7.18947368421053,19,7.91111111111111,6.54,6,8.125,6.94,9,10,2,4,15,4485,2340,2145,519,1397,3088,6.96535440802676,7.38005555555556,6.51295315617716,6.54363647398844,7.00302687902649,6.94831151878238,210
"220",2019,11,7.14787878787879,33,7.60444444444444,6.6,6.5,6.916,7.18928571428571,18,15,4,5,28,4518,2358,2160,523,1402,3116,6.96668758742807,7.38176844783715,6.51355764814815,6.54330273422562,7.00271651212553,6.95047688382541,211
"221",2019,12,6.97857142857143,35,7.40714285714286,6.33571428571429,6.575,7.03571428571429,6.96428571428571,21,14,4,7,28,4553,2379,2174,527,1409,3144,6.96677894135735,7.38199243379572,6.51241238270469,6.54354332068311,7.00288044712562,6.95059986323155,212
"222",2020,1,6.95953125,32,7.31578125,6.60328125,6.2575,7,6.9482,16,16,3,7,25,4585,2395,2190,530,1416,3169,6.96672835768811,7.38155010438414,6.51307626484018,6.54192420754717,7.00286620762712,6.95058093089302,213
"223",2020,2,7.05,37,7.44791666666667,6.31538461538462,6.55,7.45833333333333,6.97096774193548,24,13,2,6,31,4622,2419,2203,532,1422,3200,6.96739496321938,7.38220855725507,6.51190967771221,6.54195456766917,7.00478800984529,6.95077842812499,214
"224",2020,3,7.5,18,8.33333333333333,7.08333333333333,5,6.2,8,6,12,1,5,13,4640,2425,2215,533,1427,3213,6.96946110344827,7.38456185567011,6.51500542663657,6.53906159474672,7.00196814996496,6.95502364456893,215
"225",2020,4,7.07608695652174,23,7.5,6.85,6.91666666666667,6.78571428571429,7.203125,8,15,6,7,16,4663,2433,2230,539,1434,3229,6.96998702980913,7.38494143033293,6.51725875336323,6.54326499072356,7.00091251743375,6.95625301021988,216
"226",2020,5,7.33888888888889,18,7.15555555555556,7.52222222222222,NA,7.96666666666667,7.21333333333333,9,9,0,3,15,4681,2442,2239,539,1437,3244,6.97140558000427,7.38409602784603,6.52129835640911,6.54326499072356,7.00292870563674,6.95744172934648,217
"227",2020,6,6.87857142857143,28,7.175,6.48333333333333,8,7,6.86923076923077,16,12,1,2,26,4709,2458,2251,540,1439,3270,6.97085358250159,7.38273494711148,6.52109596623723,6.54596264814815,7.00292463516331,6.95674035779816,218
"228",2020,7,6.86388888888889,18,6.86111111111111,6.86666666666667,7.4,7.4,6.796875,9,9,2,2,16,4727,2467,2260,542,1441,3286,6.97044627036175,7.38083198216458,6.52247213274336,6.54911407749078,7.00347574600971,6.95596195069993,219
"229",2020,8,6.68333333333333,24,7.15384615384615,6.12727272727273,5.33333333333333,6.975,6.625,13,11,3,4,20,4751,2480,2271,545,1445,3306,6.96899589981057,7.37964213709678,6.52055791281374,6.54242170642202,7.00339692041522,6.95395976104053,220
"230",2020,9,7.45166666666667,24,8.02615384615385,6.77272727272727,5,7.66666666666667,7.42095238095238,13,11,1,3,21,4775,2493,2282,546,1448,3327,6.97142188900523,7.38301343762535,6.52177345311131,6.53959675824176,7.0047710980663,6.95690741508866,221
"231",2020,10,7.22258064516129,31,7.61764705882353,6.74285714285714,7,7.16666666666667,7.22857142857143,17,14,2,3,28,4806,2510,2296,548,1451,3355,6.97304193091968,7.38460258964144,6.52312152439024,6.5412770620438,7.00510582356995,6.9591746557377,222
"232",2020,11,7.205,20,7.5625,6.96666666666667,7,7.16666666666667,7.21176470588235,8,12,1,3,17,4826,2518,2308,549,1454,3372,6.9740032159138,7.38516779189834,6.52542765164645,6.54211262295082,7.00543916781293,6.96044809311981,223
"233",2020,12,7.0805,20,7.77777777777778,6.51,7.25,7.05,7.09066666666667,9,11,2,5,15,4846,2527,2319,551,1459,3387,6.97444274040446,7.38656608626831,6.52535447175507,6.54468208711434,7.00559187799863,6.96102479185119,224
"234",2021,1,6.82380952380952,21,7.7,6.16666666666667,6,6.16666666666667,6.93333333333333,9,12,2,3,18,4867,2536,2331,553,1462,3405,6.9737927922745,7.38767843059937,6.52350794508795,6.54271216998192,7.00387041723666,6.96087840528634,225
"235",2021,2,6.98421052631579,19,7.48181818181818,6.3,6.5,6.9,7.03333333333333,11,8,4,7,12,4886,2547,2339,557,1469,3417,6.97383330331559,7.3880850019631,6.52274348867037,6.54240543985637,7.00337545949625,6.9611328563067,226
"236",2021,3,7.45294117647059,17,8.02857142857143,7.05,5.25,7.5,7.44666666666667,7,10,2,2,15,4903,2554,2349,559,1471,3432,6.97549449724658,7.38984044635866,6.52498808854832,6.5377814490161,7.00405067980965,6.96325494463869,227
"237",2021,4,6.45,24,7.02142857142857,5.65,6.5,6.75,6.39,14,10,2,4,20,4927,2568,2359,561,1475,3452,6.97293475137,7.38783197040499,6.52127894022891,6.53764675579323,7.00336172881356,6.9599336529548,228
"238",2021,5,7.28571428571429,14,8.1,6.83333333333333,6.5,7,7.30769230769231,5,9,2,1,13,4941,2573,2368,563,1476,3465,6.97382099170208,7.38921589584143,6.52246495777027,6.53751301953819,7.00335945121951,6.96123837518037,229
"239",2021,6,7.12307692307692,26,7.62142857142857,6.54166666666667,5.5,7.85714285714286,6.85263157894737,14,12,2,7,19,4967,2587,2380,565,1483,3484,6.97460227904167,7.39047255508311,6.52256177310924,6.53384040707965,7.00738944706676,6.96064608783008,230
"240",2021,7,6.22666666666667,15,7.675,4.57142857142857,7,6.75,6.03636363636364,8,7,2,4,11,4982,2595,2387,567,1487,3495,6.97235036531513,7.39134971098266,6.51683997486385,6.53548470899471,7.00669707464694,6.95773704434907,231
"241",2021,8,7.33529411764706,17,7.3,7.375,7.5,7.66666666666667,7.15454545454545,9,8,2,6,11,4999,2604,2395,569,1493,3506,6.97358462092418,7.39103398617512,6.51970648016701,6.53887492091388,7.00934933020763,6.95835452652595,232
"242",2021,9,6.90827586206897,29,7.71666666666667,5.58545454545455,5.75,7.125,6.8736,18,11,2,4,25,5028,2622,2406,571,1497,3531,6.97320793953858,7.39326945080092,6.51543517040732,6.53611178633976,7.0096583500334,6.9577544519966,233
"243",2021,10,7.2,25,7.5,6.81818181818182,6,7.83333333333333,7.11363636363636,14,11,2,3,22,5053,2636,2417,573,1500,3553,6.97433000593706,7.39383630500759,6.51681299958626,6.53424054101222,7.0113057,6.95871966507177,234
"244",2021,11,7.47619047619048,21,8.27777777777778,6.875,6.5,8,7.3125,9,12,4,5,16,5074,2645,2429,577,1505,3569,6.97640707922743,7.39684404536862,6.51858255249074,6.53400317157712,7.01459039867109,6.96030567946203,235
"245",2021,12,7.33913043478261,23,7.5,7.08888888888889,8,7.66666666666667,7.29,14,9,2,3,20,5097,2659,2438,579,1508,3589,6.97804385324701,7.39738717562994,6.52068786710418,6.53906706390328,7.01588763262599,6.96214292839231,236
"246",2022,1,7.17037037037037,27,7.7,6.67857142857143,6.225,6.94444444444444,7.28333333333333,13,14,4,9,18,5124,2672,2452,583,1517,3607,6.97905728337236,7.39885946856288,6.52158932300163,6.53691222984563,7.01546377719182,6.96374576379262,237
"247",2022,2,6.84,35,7.47272727272727,6.55,5,7.5,6.8,11,24,2,2,33,5159,2683,2476,585,1519,3640,6.97811388253537,7.39916231830041,6.5218647092084,6.53165782905983,7.01610174456879,6.9622612554945,238
"248",2022,3,6.96057142857143,35,7.43333333333333,6.606,6.9,7.45636363636364,6.73333333333333,15,20,4,11,24,5194,2698,2496,589,1530,3664,6.97799567192915,7.39935229799852,6.52253887019231,6.53415930390492,7.01926702614379,6.96076172762008,239
"249",2022,4,7.86923076923077,26,7.97777777777778,7.625,6,8.1,7.8,18,8,1,6,20,5220,2716,2504,590,1536,3684,6.98243477394636,7.40318575110457,6.52606111022364,6.53325394915254,7.02348863932292,6.9653178528773,240
"250",2022,5,7.0968064516129,31,7.25,6.9334,6.33333333333333,5.75,7.18968965517241,16,15,3,2,29,5251,2732,2519,593,1538,3713,6.9831099828604,7.40228861639825,6.52848670901151,6.53224254637437,7.02183260728218,6.96707028548343,241
"251",2022,6,6.75454545454545,22,8.20625,5.925,4.6875,7.19,6.62647058823529,8,14,4,5,17,5273,2740,2533,597,1543,3730,6.98215636639484,7.40463594890511,6.52515121200158,6.51988246231156,7.02237754374595,6.96551795442359,242
"252",2022,7,7.17583333333333,24,7.53181818181818,6.87461538461538,NA,NA,7.17583333333333,11,13,0,0,24,5297,2751,2546,597,1543,3754,6.98303389088163,7.40514449291167,6.52693559308719,6.51988246231156,7.02237754374595,6.96686253862546,243
"253",2022,8,7.33088,25,7.46228571428571,7.16363636363636,8.2,7.5944,7.265,14,11,1,5,20,5322,2765,2557,598,1548,3774,6.98466789177001,7.40543381555154,6.52967462651545,6.52269202341137,7.02422516149871,6.96844249337573,244
"254",2022,9,7.09523809523809,21,7.5,6.55555555555556,6.5,6.75,7.13157894736842,12,9,2,2,19,5343,2777,2566,600,1550,3793,6.98510247426539,7.40584245588765,6.52976540140296,6.52261638333334,7.02387132258064,6.9692596809913,245
"255",2022,10,6.598,20,7.27333333333333,6.04545454545455,4,7,6.464,9,11,2,5,15,5363,2786,2577,602,1555,3808,6.98365887003542,7.40541439339555,6.52769810632518,6.51423559800665,7.0237945659164,6.96726942489495,246
"256",2022,11,7.18461538461538,26,7.6,6.76923076923077,8.5,8,6.94,13,13,1,6,20,5389,2799,2590,603,1561,3828,6.98462841343477,7.40631814933905,6.52891043243243,6.51752873963516,7.02754679692505,6.96712695141065,247
"257",2022,12,6.91034482758621,29,7.36666666666667,6.58823529411765,6.375,7.23333333333333,6.82608695652174,12,17,4,6,23,5418,2811,2607,607,1567,3851,6.98423080841639,7.40614887940235,6.52929728423475,6.51658950576606,7.02833474792597,6.96628459361205,248
