"","year","month","avg_rating","no_ratings","avg_rating_owned","avg_rating_not_owned","avg_rating_prev_owned","avg_rating_comment","avg_rating_no_comment","no_ratings_owned","no_ratings_not_owned","no_ratings_prev_owned","no_ratings_comment","no_ratings_no_comment","cum_no_ratings","cum_no_ratings_owned","cum_no_ratings_not_owned","cum_no_ratings_prev_owned","cum_no_ratings_comment","cum_no_ratings_no_comment","cum_avg_rating","cum_avg_rating_owned","cum_avg_rating_not_owned","cum_avg_rating_prev_owned","cum_avg_rating_comment","cum_avg_rating_no_comment","month_after_release"
"1",2004,11,9,1,9,NA,NA,9,NA,1,0,0,1,0,1,1,0,0,1,0,9,9,NA,NA,9,NA,-2
"2",2004,12,6.25,2,8,4.5,NA,8,4.5,1,1,0,1,1,3,2,1,0,2,1,7.16666666666667,8.5,4.5,NA,8.5,4.5,-1
"3",2005,1,6.85,10,7.8,5.9,8,7.6,6.1,5,5,1,5,5,13,7,6,1,7,6,6.92307692307692,8,5.66666666666667,8,7.85714285714286,5.83333333333333,0
"4",2005,2,6.94166666666667,12,8.07142857142857,5.36,5.8,6.78571428571429,7.16,7,5,1,7,5,25,14,11,2,14,11,6.932,8.03571428571429,5.52727272727273,6.9,7.32142857142857,6.43636363636364,1
"5",2005,3,7.07894736842105,19,7.5,6.16666666666667,NA,6.9,7.27777777777778,13,6,0,10,9,44,27,17,2,24,20,6.99545454545455,7.77777777777778,5.75294117647059,6.9,7.14583333333333,6.815,2
"6",2005,4,7.125,8,7.625,6.625,6,7,7.5,4,4,1,6,2,52,31,21,3,30,22,7.01538461538462,7.75806451612903,5.91904761904762,6.6,7.11666666666667,6.87727272727273,3
"7",2005,5,7.15,8,7.6,4,NA,7.75,6.95,7,1,0,2,6,60,38,22,3,32,28,7.03333333333333,7.72894736842105,5.83181818181818,6.6,7.15625,6.89285714285714,4
"8",2005,6,6.7,10,7.4,6,8,6.5,6.83333333333333,5,5,1,4,6,70,43,27,4,36,34,6.98571428571429,7.6906976744186,5.86296296296296,6.95,7.08333333333333,6.88235294117647,5
"9",2005,7,7.52142857142857,7,7.71,7.05,NA,7.85,7.275,5,2,0,3,4,77,48,29,4,39,38,7.03441558441558,7.69270833333333,5.9448275862069,6.95,7.14230769230769,6.92368421052632,6
"10",2005,8,7.66666666666667,6,8.66666666666667,6.66666666666667,NA,7.75,7.5,3,3,0,4,2,83,51,32,4,43,40,7.08012048192771,7.75,6.0125,6.95,7.19883720930233,6.9525,7
"11",2005,9,7.75,8,7.66666666666667,8,NA,7.66666666666667,7.8,6,2,0,3,5,91,57,34,4,46,45,7.13901098901099,7.74122807017544,6.12941176470588,6.95,7.22934782608696,7.04666666666667,8
"12",2005,10,7.07142857142857,7,7.41666666666667,5,NA,6.5,7.3,6,1,0,2,5,98,63,35,4,48,50,7.13418367346939,7.71031746031746,6.09714285714286,6.95,7.19895833333333,7.072,9
"13",2005,11,7.0625,16,7.41666666666667,6,NA,7.22222222222222,6.85714285714286,12,4,0,9,7,114,75,39,4,57,57,7.12412280701754,7.66333333333333,6.08717948717949,6.95,7.20263157894737,7.04561403508772,10
"14",2005,12,7.07692307692308,13,7.57142857142857,6.5,7,6.91666666666667,7.21428571428571,7,6,1,6,7,127,82,45,5,63,64,7.11929133858268,7.65548780487805,6.14222222222222,6.96,7.17539682539683,7.0640625,11
"15",2006,1,6.66666666666667,21,8,6.13333333333333,6.25,6.86666666666667,6.16666666666667,6,15,2,15,6,148,88,60,7,78,70,7.05506756756757,7.67897727272727,6.14,6.75714285714286,7.11602564102564,6.98714285714286,12
"16",2006,2,6.9,15,7.9375,5.71428571428571,7,6.61111111111111,7.33333333333333,8,7,3,9,6,163,96,67,10,87,76,7.04079754601227,7.70052083333333,6.0955223880597,6.83,7.06379310344828,7.01447368421053,13
"17",2006,3,6.88461538461539,13,6.95,6.66666666666667,NA,7.25,6.72222222222222,10,3,0,4,9,176,106,70,10,91,85,7.02926136363636,7.62971698113208,6.12,6.83,7.07197802197802,6.98352941176471,14
"18",2006,4,7.03333333333333,15,7.5,6.5,7.25,6.85714285714286,7.1875,8,7,4,7,8,191,114,77,14,98,93,7.02958115183246,7.62061403508772,6.15454545454546,6.95,7.05663265306122,7.0010752688172,15
"19",2006,5,7.06521739130435,23,7.26315789473684,6.125,6.5,7.30714285714286,6.68888888888889,19,4,1,14,9,214,133,81,15,112,102,7.03341121495327,7.56954887218045,6.15308641975309,6.92,7.08794642857143,6.97352941176471,16
"20",2006,6,7.175,20,7.45,6.9,NA,7.1,7.2,10,10,0,5,15,234,143,91,15,117,117,7.04551282051282,7.56118881118881,6.23516483516484,6.92,7.08846153846154,7.0025641025641,17
"21",2006,7,7.09090909090909,22,7.42857142857143,6.5,8,7.05384615384615,7.14444444444444,14,8,1,13,9,256,157,99,16,130,126,7.0494140625,7.54936305732484,6.25656565656566,6.9875,7.085,7.01269841269841,18
"22",2006,8,7.01190476190476,21,7.30882352941176,5.75,7,7.08928571428571,6.85714285714286,17,4,1,14,7,277,174,103,17,144,133,7.04657039711191,7.52586206896552,6.2368932038835,6.98823529411765,7.08541666666667,7.00451127819549,19
"23",2006,9,7.01823529411765,17,7.1925,6.6,7.5,7.16375,6.88888888888889,12,5,2,8,9,294,186,108,19,152,142,7.04493197278912,7.50435483870968,6.2537037037037,7.0421052631579,7.08953947368421,6.99718309859155,20
"24",2006,10,7.18421052631579,19,7.58333333333333,6.5,NA,7,7.31818181818182,12,7,0,8,11,313,198,115,19,160,153,7.05338658146965,7.50914141414141,6.26869565217391,7.0421052631579,7.0850625,7.0202614379085,21
"25",2006,11,7.04814814814815,27,7.27777777777778,6.58888888888889,6.5,7,7.05652173913044,18,9,2,4,23,340,216,124,21,164,176,7.05297058823529,7.48986111111111,6.29193548387097,6.99047619047619,7.08298780487805,7.025,22
"26",2006,12,7.1625,24,7.47222222222222,6.23333333333333,5,7.6,6.55,18,6,2,14,10,364,234,130,23,178,186,7.06019230769231,7.48850427350427,6.28923076923077,6.81739130434783,7.12365168539326,6.9994623655914,23
"27",2007,1,6.91428571428571,35,7.175,6.56666666666667,7,6.71428571428571,7.04761904761905,20,15,1,14,21,399,254,145,24,192,207,7.04739348370927,7.4638188976378,6.31793103448276,6.825,7.09380208333333,7.00434782608696,24
"28",2007,2,7.244456,20,7.41428571428571,6.84818666666667,NA,6.83333333333333,7.58082909090909,14,6,0,9,11,419,268,151,24,201,218,7.05679980906921,7.46123134328358,6.33900079470199,6.825,7.08213930348259,7.03343633027523,25
"29",2007,3,6.98,25,7.78571428571429,5.95454545454545,6.5,6.57692307692308,7.41666666666667,14,11,2,13,12,444,282,162,26,214,230,7.0524754954955,7.47734042553191,6.31289580246914,6.8,7.05144859813084,7.05343095652174,26
"30",2007,4,6.9,19,6.96153846153846,6.76666666666667,NA,7.04545454545455,6.7,13,6,0,11,8,463,295,168,26,225,238,7.04621840172786,7.45461016949152,6.3291019047619,6.8,7.05115555555556,7.04155092436975,27
"31",2007,5,6.87708333333333,24,7.3125,6.44166666666667,9,6.97727272727273,6.79230769230769,12,12,1,11,13,487,307,180,27,236,251,7.03788320328542,7.44905537459283,6.33660622222222,6.88148148148148,7.04771186440678,7.0286419123506,28
"32",2007,6,7.265625,32,7.516,6.37142857142857,7,7.04444444444444,7.35217391304348,25,7,2,9,23,519,332,187,29,245,274,7.0519250867052,7.45409638554217,6.33790973262032,6.88965517241379,7.04759183673469,7.0557997080292,29
"33",2007,7,6.52592592592593,27,7.1875,5.56363636363636,5.85,6.43846153846154,6.60714285714286,16,11,2,13,14,546,348,198,31,258,288,7.02591413919414,7.44183908045977,6.29489454545454,6.82258064516129,7.0168992248062,7.03399,30
"34",2007,8,6.92307692307692,26,7.02941176470588,6.72222222222222,8,6.40909090909091,7.3,17,9,2,11,15,572,365,207,33,269,303,7.02123972027972,7.4226301369863,6.31347400966184,6.89393939393939,6.99204460966543,7.04715881188119,31
"35",2007,9,7.024,25,7.17222222222222,6.64285714285714,7,6.70714285714286,7.42727272727273,18,7,1,14,11,597,383,214,34,283,314,7.02135530988275,7.41086161879895,6.32424822429906,6.89705882352941,6.97795053003534,7.0604749044586,32
"36",2007,10,6.572,25,6.92857142857143,6.11818181818182,7.5,6.37857142857143,6.81818181818182,14,11,2,14,11,622,397,225,36,297,325,7.0032944051447,7.39385390428211,6.31417386666667,6.93055555555556,6.94969696969697,7.05227421538461,33
"37",2007,11,6.89791666666667,48,7.29655172413793,6.28947368421053,7,7.15,6.71785714285714,29,19,3,20,28,670,426,244,39,317,353,6.99574495522388,7.38723004694836,6.31225049180328,6.93589743589744,6.96233438485805,7.02574821529745,34
"38",2007,12,6.48611111111111,36,6.89583333333333,5.66666666666667,5,6.35,6.65625,24,12,1,20,16,706,450,256,40,337,369,6.96975796033994,7.36102222222222,6.28198875,6.8875,6.9259940652819,7.00972661246612,35
"39",2008,1,6.54791666666667,48,7.09333333333333,5.63888888888889,7.5,6.16666666666667,6.77666666666667,30,18,1,18,30,754,480,274,41,355,399,6.94290334217507,7.34429166666667,6.23974131386861,6.90243902439024,6.88749295774648,6.99220330827068,36
"40",2008,2,6.85294117647059,34,7.44736842105263,6.1,6.66666666666667,6.94117647058824,6.76470588235294,19,15,3,17,17,788,499,289,44,372,416,6.93902172588833,7.34821643286573,6.23248830449827,6.88636363636364,6.88994623655914,6.98290653846154,37
"41",2008,3,6.81184210526316,38,7.255,6.31944444444444,7.125,6.78333333333333,6.8304347826087,20,18,4,15,23,826,519,307,48,387,439,6.93317084745763,7.34462427745665,6.23758671009772,6.90625,6.88581395348837,6.97491826879271,38
"42",2008,4,7.01612903225806,31,7.76315789473684,5.83333333333333,7.33333333333333,7.06428571428571,6.97647058823529,19,12,3,14,17,857,538,319,51,401,456,6.93617166861144,7.35940520446097,6.22237968652037,6.93137254901961,6.89204488778055,6.97497614035088,39
"43",2008,5,7.10540540540541,37,7.26428571428571,6.61111111111111,NA,7.00714285714286,7.16521739130435,28,9,0,14,23,894,566,328,51,415,479,6.94317574944072,7.35469964664311,6.23304609756097,6.93137254901961,6.89592771084337,6.98411089770355,40
"44",2008,6,6.88888888888889,27,6.97058823529412,6.75,7.25,6.85,6.91176470588235,17,10,2,10,17,921,583,338,53,425,496,6.94158427795874,7.34349914236707,6.24834059171597,6.94339622641509,6.89484705882353,6.98163129032258,41
"45",2008,7,6.90238095238095,42,7.24090909090909,6.53,6.37777777777778,7,6.82916666666667,22,20,9,18,24,963,605,358,62,443,520,6.93987447559709,7.33976859504132,6.26407575418994,6.86129032258065,6.89911963882619,6.97459446153846,42
"46",2008,8,6.89583333333333,24,7.23333333333333,6.33333333333333,6.25,7.04545454545455,6.76923076923077,15,9,4,11,13,987,620,367,66,454,533,6.93880356636272,7.3371935483871,6.26577416893733,6.82424242424242,6.90266519823789,6.96958559099437,43
"47",2008,9,6.86029411764706,34,7.08823529411765,6.63235294117647,6.85714285714286,6.96666666666667,6.77631578947368,17,17,7,15,19,1021,637,384,73,469,552,6.93618914789422,7.33054945054945,6.28200291666667,6.82739726027397,6.90471215351812,6.9629331884058,44
"48",2008,10,6.88529411764706,34,7.455,6.07142857142857,5.375,6.82142857142857,6.93,20,14,4,14,20,1055,657,398,77,483,572,6.93454892890995,7.33433789954338,6.27459577889447,6.75194805194805,6.90229813664596,6.96178167832168,45
"49",2008,11,7.01184210526316,38,7.178,6.69230769230769,7.5,7.38333333333333,6.7695652173913,25,13,3,15,23,1093,682,411,80,498,595,6.93723615736505,7.32860703812317,6.28780807785888,6.78,6.91678714859438,6.95435146218487,46
"50",2008,12,6.48108108108108,37,6.87142857142857,5.96875,6.2,7.125,5.99047619047619,21,16,5,16,21,1130,703,427,85,514,616,6.92230010619469,7.31495021337127,6.27585274004684,6.74588235294118,6.92326848249027,6.92149207792208,47
"51",2009,1,6.81727272727273,55,7.25512820512821,5.75,5.7,6.85789473684211,6.79583333333333,39,16,4,19,36,1185,742,443,89,533,652,6.91742541772152,7.31180592991914,6.25686031602709,6.69887640449438,6.92093808630394,6.91455386503067,48
"52",2009,2,6.49213114754098,61,7.36230769230769,5.84571428571429,5.875,6.14285714285714,6.59617021276596,26,35,12,14,47,1246,768,478,101,547,699,6.89660443017657,7.313515625,6.22675548117155,6.6009900990099,6.90102376599634,6.8931460944206,49
"53",2009,3,6.83055555555556,54,7.08333333333333,6.57777777777778,6.71875,7.36764705882353,6.58378378378378,27,27,8,17,37,1300,795,505,109,564,736,6.89386086153846,7.30569811320755,6.24552300990099,6.60963302752294,6.91508865248227,6.87759391304348,50
"54",2009,4,6.76428571428571,56,7.11666666666667,6.35769230769231,6.375,6.89285714285714,6.72142857142857,30,26,8,14,42,1356,825,531,117,578,778,6.88850967551623,7.29882424242424,6.25101529190207,6.59358974358974,6.91455017301038,6.8691633933162,51
"55",2009,5,6.5703125,64,7.13513513513514,5.7962962962963,5.88888888888889,6.34090909090909,6.69047619047619,37,27,9,22,42,1420,862,558,126,600,820,6.8741683943662,7.29179814385151,6.22901275985663,6.54325396825397,6.89351666666667,6.86001112195122,52
"56",2009,6,6.59591836734694,49,7.05769230769231,6.07391304347826,6.625,6.7125,6.53939393939394,26,23,4,16,33,1469,888,581,130,616,853,6.86488707964602,7.28494369369369,6.22287283993115,6.54576923076923,6.88881493506494,6.8476074091442,53
"57",2009,7,6.73488372093023,43,7.115,6.40434782608696,6.63636363636364,6.55555555555556,6.78235294117647,20,23,11,9,34,1512,908,604,141,625,887,6.8611898941799,7.28120044052863,6.22978331125828,6.55283687943262,6.884016,6.84510611048478,54
"58",2009,8,6.789,50,6.98888888888889,6.55434782608696,6.77777777777778,7.090625,6.64705882352941,27,23,9,16,34,1562,935,627,150,641,921,6.858879078105,7.27275935828877,6.24168918660287,6.56633333333333,6.88917316692668,6.83779491856678,55
"59",2009,9,6.64117647058824,51,7.12272727272727,6.27586206896552,6.79166666666667,7.1,6.45,22,29,12,15,36,1613,957,656,162,656,957,6.85199573465592,7.26931034482759,6.24319987804878,6.58302469135802,6.89399390243902,6.82320702194357,56
"60",2009,10,6.33529411764706,51,7.0125,5.73333333333333,6.02727272727273,6.55789473684211,6.203125,24,27,11,19,32,1664,981,683,173,675,989,6.83615932692308,7.26302752293578,6.22304409956076,6.54768786127168,6.88453333333333,6.80314370070779,57
"61",2009,11,6.59927536231884,69,7.33181818181818,5.92777777777778,6.28571428571429,6.3695652173913,6.71413043478261,33,36,14,23,46,1733,1014,719,187,698,1035,6.82672770917484,7.26526627218935,6.2082602503477,6.52807486631016,6.86756446991404,6.79918755555556,58
"62",2009,12,6.7889552238806,67,7.24888888888889,6.25483870967742,6.9875,7.10714285714286,6.70490566037736,36,31,8,14,53,1800,1050,750,195,712,1088,6.82532173333334,7.26470476190476,6.21018549333333,6.54692307692308,6.87227528089888,6.79459477941177,59
"63",2010,1,6.73703703703704,54,7.11515151515152,6.14285714285714,6.15,6.6,6.81764705882353,33,21,10,20,34,1854,1083,771,205,732,1122,6.82275033441208,7.26014773776547,6.20835164721141,6.52756097560976,6.86483606557377,6.79529333333333,60
"64",2010,2,6.87428571428571,35,7.20714285714286,6.375,6,6.88235294117647,6.86666666666667,21,14,4,17,18,1889,1104,785,209,749,1140,6.82370519851774,7.25913949275362,6.21132371974522,6.51746411483253,6.86523364485981,6.79642028070176,61
"65",2010,3,7.08571428571429,35,7.56521739130435,6.16666666666667,6.25,7.41666666666667,6.91304347826087,23,12,4,12,23,1924,1127,797,213,761,1163,6.82847147609148,7.26538598047915,6.2106513425345,6.51244131455399,6.87392904073587,6.79872667239897,62
"66",2010,4,6.79756097560976,41,7.21304347826087,6.26666666666667,5.57142857142857,7.21428571428571,6.71176470588235,23,18,7,7,34,1965,1150,815,220,768,1197,6.82782652417303,7.26433913043478,6.21188849079754,6.4825,6.87703125,6.79625657477026,63
"67",2010,5,6.47368421052632,38,7.33888888888889,5.695,5.6,6.58333333333333,6.42307692307692,18,20,5,12,26,2003,1168,835,225,780,1223,6.82110789815277,7.26548801369863,6.19950792814371,6.46288888888889,6.87251282051282,6.7883230744072,64
"68",2010,6,7.04848484848485,33,7.465,6.40769230769231,6.5,6.55,7.26521739130435,20,13,4,10,23,2036,1188,848,229,790,1246,6.82479328094303,7.2688468013468,6.20269943396226,6.46353711790393,6.86843037974684,6.79712609951846,65
"69",2010,7,7.175,30,7.6625,6.2,5.5,7.80555555555556,6.90476190476191,20,10,2,9,21,2066,1208,858,231,799,1267,6.82987856727977,7.2753642384106,6.20266797202797,6.4551948051948,6.87898623279099,6.7989101183899,66
"70",2010,8,6.58333333333333,42,7.31818181818182,5.775,5.71428571428571,6.66363636363636,6.55483870967742,22,20,7,11,31,2108,1230,878,238,810,1298,6.82496637571158,7.27613008130081,6.1929261047836,6.43340336134454,6.87606172839506,6.79308098613251,67
"71",2010,9,6.603125,32,7.36666666666667,5.92941176470588,6,6.5,6.64347826086957,15,17,6,9,23,2140,1245,895,244,819,1321,6.82164912149533,7.27722088353414,6.18792080446927,6.42274590163934,6.87192918192918,6.79047624526874,68
"72",2010,10,6.68139534883721,43,7.08333333333333,6.17368421052632,6,6.71875,6.65925925925926,24,19,1,16,27,2183,1269,914,245,835,1348,6.81888644983967,7.27355397951143,6.18762485776805,6.42102040816326,6.86899401197605,6.78784801186944,69
"73",2010,11,6.5955223880597,67,6.96764705882353,6.21212121212121,5.6875,6.86363636363636,6.46444444444444,34,33,8,22,45,2250,1303,947,253,857,1393,6.81223516444445,7.26557175748273,6.18847847940866,6.39782608695652,6.86885647607935,6.77740066044508,70
"74",2010,12,6.78684210526316,57,7.23787878787879,6.16666666666667,6.25,6.66363636363636,6.86428571428571,33,24,8,22,35,2307,1336,971,261,879,1428,6.81160776766363,7.2648877245509,6.18793936148301,6.39329501915709,6.86372013651877,6.77953019607843,71
"75",2011,1,6.62068965517241,58,7.04838709677419,6.12962962962963,5.875,6.5,6.65909090909091,31,27,12,14,44,2365,1367,998,273,893,1472,6.80692563213531,7.25997805413314,6.18636184368737,6.37051282051282,6.85801791713326,6.77593010869565,72
"76",2011,2,6.79644444444444,45,7.16695652173913,6.40909090909091,5.5,6.34571428571429,7,23,22,6,14,31,2410,1390,1020,279,907,1503,6.80672992531121,7.25843884892086,6.19116580392157,6.35179211469534,6.85011025358324,6.78055164337991,73
"77",2011,3,6.65914285714286,35,7.11466666666667,6.3175,6.21666666666667,6.59375,6.67851851851852,15,20,12,8,27,2445,1405,1040,291,915,1530,6.80461722699387,7.25690391459075,6.19359530769231,6.34621993127148,6.84786885245902,6.77875105882353,74
"78",2011,4,6.52222222222222,36,7.29,5.5625,5.8,6.4,6.59130434782609,20,16,5,13,23,2481,1425,1056,296,928,1553,6.80051959693672,7.25736842105263,6.18403325757576,6.33699324324324,6.84159482758621,6.77597496458467,75
"79",2011,5,6.585,40,7.135,6.035,7.16666666666667,6.76923076923077,6.4962962962963,20,20,3,13,27,2521,1445,1076,299,941,1580,6.79710000793336,7.25567474048443,6.18126312267658,6.34531772575251,6.84059511158342,6.77119564556962,76
"80",2011,6,6.41888888888889,27,6.35785714285714,6.48461538461538,7,6.57285714285714,6.365,14,13,1,7,20,2548,1459,1089,300,948,1600,6.79309227629514,7.24705962988348,6.1848844077135,6.3475,6.83861814345992,6.7661182,77
"81",2011,7,6.77586206896552,29,7.375,6.03846153846154,6.08333333333333,7.13636363636364,6.55555555555556,16,13,6,11,18,2577,1475,1102,306,959,1618,6.79289837795887,7.24844745762712,6.18315709618875,6.34232026143791,6.84203336809176,6.76377572311496,78
"82",2011,8,6.54727272727273,55,6.88666666666667,6.14,6.35,6.5,6.56046511627907,30,25,6,12,43,2632,1505,1127,312,971,1661,6.78776562310031,7.24123588039867,6.18219975155279,6.34246794871795,6.83780638516993,6.75851241420831,79
"83",2011,9,6.81911764705882,34,7.28333333333333,6.296875,5.94375,6.68181818181818,6.88478260869565,18,16,8,11,23,2666,1523,1143,320,982,1684,6.78816546136534,7.24173342087984,6.18380500437445,6.3325,6.83605906313646,6.76023700712589,80
"84",2011,10,6.74358974358974,39,7.07142857142857,5.90909090909091,6.16666666666667,6.65384615384615,6.78846153846154,28,11,3,13,26,2705,1551,1154,323,995,1710,6.78752278003697,7.23865892972276,6.18118641247834,6.33095975232198,6.8336783919598,6.76066615204678,81
"85",2011,11,6.3925,40,6.73461538461538,5.75714285714286,6.03333333333333,6.6,6.32333333333333,26,14,3,10,30,2745,1577,1168,326,1005,1740,6.78176652823315,7.23034876347495,6.17610369863014,6.32822085889571,6.83135323383085,6.75312593103448,82
"86",2011,12,6.48863636363636,44,6.85652173913043,6.08571428571429,6.05555555555556,6.6,6.446875,23,21,9,12,32,2789,1600,1189,335,1017,1772,6.77714202940122,7.224975,6.17450724978974,6.32089552238806,6.82862340216323,6.74759544018059,83
"87",2012,1,6.74878048780488,41,7.206,6.034375,5.81,6.65,6.78965517241379,25,16,5,12,29,2830,1625,1205,340,1029,1801,6.77673113780919,7.22468307692308,6.17264657261411,6.31338235294118,6.82654033041788,6.74827269294836,84
"88",2012,2,6.42608695652174,46,6.77307692307692,5.975,5.9,6.38461538461539,6.44242424242424,26,20,5,13,33,2876,1651,1225,345,1042,1834,6.77112278164117,7.21757116898849,6.16941968979592,6.30739130434783,6.82102687140115,6.74276942202835,85
"89",2012,3,6.72285714285714,35,6.98260869565217,6.225,6,7.05555555555556,6.60769230769231,23,12,5,9,26,2911,1674,1237,350,1051,1860,6.77054246650636,7.21434289127838,6.16995886822959,6.303,6.82303520456708,6.74088124731183,86
"90",2012,4,6.80555555555556,36,7.07407407407407,6,6,7.07142857142857,6.74137931034483,27,9,1,7,29,2947,1701,1246,351,1058,1889,6.77097017984391,7.2121164021164,6.16873123595506,6.30213675213675,6.8246786389414,6.74088889359449,87
"91",2012,5,6.6695652173913,23,7.40833333333333,5.86363636363636,5.83333333333333,6.83333333333333,6.61176470588235,12,11,3,6,17,2970,1713,1257,354,1064,1906,6.77018488888889,7.213490951547,6.16606135242641,6.29816384180791,6.82472744360902,6.73973720881427,88
"92",2012,6,6.62285714285714,35,6.74166666666667,6.36363636363636,6.4,6.66666666666667,6.60769230769231,24,11,5,9,26,3005,1737,1268,359,1073,1932,6.76846892512479,7.20697179044329,6.16777533123028,6.29958217270195,6.82340167753961,6.73796020703934,89
"93",2012,7,6.31782608695652,23,6.65,6.06230769230769,6.1,6.14285714285714,6.394375,10,13,5,7,16,3028,1747,1281,364,1080,1948,6.76504594451784,7.20378362907842,6.1667050117096,6.29684065934066,6.81899074074074,6.73513815195072,90
"94",2012,8,7.0469696969697,33,7.03333333333333,7.05833333333333,7.4,6.82857142857143,7.10576923076923,15,18,7,7,26,3061,1762,1299,371,1087,1974,6.76808530545573,7.20233257661748,6.17906013856813,6.31765498652291,6.81905243790249,6.74001981762918,91
"95",2012,9,6.57560975609756,41,7.325,5.86190476190476,6.81428571428571,6.4625,6.6030303030303,20,21,7,8,33,3102,1782,1320,378,1095,2007,6.76554130238556,7.20370931537598,6.17401448484849,6.32685185185185,6.81644748858448,6.73776737419033,92
"96",2012,10,6.9530303030303,33,7.1275,6.68461538461538,6.91428571428571,7.63571428571429,6.76923076923077,20,13,7,7,26,3135,1802,1333,385,1102,2033,6.7675148708134,7.20286348501665,6.17899408852213,6.33753246753247,6.82165154264973,6.73816975897688,93
"97",2012,11,6.73333333333333,39,7.02631578947368,6.455,6.4,6.3,6.828125,19,20,5,7,32,3174,1821,1353,390,1109,2065,6.76709487082546,7.20102141680395,6.1830739985218,6.33833333333333,6.81835888187556,6.73956373849879,94
"98",2012,12,6.29347826086957,23,6.65,5.625,5.3,6.13636363636364,6.4375,15,8,5,11,12,3197,1836,1361,395,1120,2077,6.76368755708477,7.19651960784314,6.17979362233652,6.32518987341772,6.81166071428572,6.73781854597978,95
"99",2013,1,6.55945945945946,37,6.9875,5.76923076923077,5.8,6.54166666666667,6.568,24,13,5,12,25,3234,1860,1374,400,1132,2102,6.761350995671,7.19382258064516,6.17590911208151,6.318625,6.80879858657244,6.73579882017126,96
"100",2013,2,6.2962962962963,27,6.125,6.43333333333333,6,5.61111111111111,6.63888888888889,12,15,6,9,18,3261,1872,1389,406,1141,2120,6.75750049678013,7.18697115384616,6.1786890712743,6.31391625615764,6.79935144609991,6.734976,97
"101",2013,3,6.79,30,6.85333333333333,6.72666666666667,6.08333333333333,7.05555555555556,6.67619047619048,15,15,6,9,21,3291,1887,1404,412,1150,2141,6.75779675478578,7.18431902490726,6.18454353276353,6.31055825242719,6.80135652173913,6.73439940214853,98
"102",2013,4,6.76035714285714,28,7.62666666666667,5.76076923076923,5,7.3125,6.5395,15,13,3,8,20,3319,1902,1417,415,1158,2161,6.75781835492618,7.18780757097792,6.18065569513056,6.3010843373494,6.80488773747841,6.73259561314206,99
"103",2013,5,6.80357142857143,42,7.24285714285714,6.36428571428571,6.44444444444444,7,6.7421875,21,21,9,10,32,3361,1923,1438,424,1168,2193,6.75839009818507,7.18840873634946,6.18333735744089,6.30412735849057,6.80655821917808,6.73273557683539,100
"104",2013,6,6.90975609756098,41,7.315,6.52380952380952,6.5,7.28571428571429,6.83235294117647,20,21,9,7,34,3402,1943,1459,433,1175,2227,6.76021432098766,7.1897117858981,6.18823791638108,6.30819861431871,6.80941276595745,6.73425645262685,101
"105",2013,7,6.42352941176471,34,7.11875,5.80555555555556,7.08333333333333,6.7,6.37586206896552,16,18,6,5,29,3436,1959,1477,439,1180,2256,6.75688274738068,7.18913221031138,6.18357421800948,6.31879271070615,6.80894915254237,6.72964943262411,102
"106",2013,8,6.65428571428571,35,6.88333333333333,6.41176470588235,6.5,6.5,6.69285714285714,18,17,5,7,28,3471,1977,1494,444,1187,2284,6.75584820512821,7.18634800202327,6.18617076305221,6.32083333333333,6.80712721145746,6.72919838879159,103
"107",2013,9,6.78666666666667,30,6.83,6.7,7,6.57333333333333,7,20,10,4,15,15,3501,1997,1504,448,1202,2299,6.75611228791774,7.18277916875313,6.18958718085106,6.32689732142857,6.80420965058236,6.73096525445846,104
"108",2013,10,6.78085106382979,47,7.04,6.32352941176471,6.625,6.975,6.71428571428571,30,17,8,12,35,3548,2027,1521,456,1214,2334,6.75644,7.18066600888012,6.19108423405654,6.33212719298246,6.80589785831961,6.73071513281919,105
"109",2013,11,6.77727272727273,44,7.35555555555556,6.37692307692308,6.40909090909091,7.57777777777778,6.57142857142857,18,26,11,9,35,3592,2045,1547,467,1223,2369,6.75669518930958,7.18220537897311,6.19420757595346,6.33394004282655,6.81157808667212,6.72836180666948,106
"110",2013,12,6.863,50,7.20925925925926,6.45652173913043,6.8125,6.87058823529412,6.85909090909091,27,23,8,17,33,3642,2072,1570,475,1240,2402,6.75815461834157,7.18255791505791,6.19805039490446,6.342,6.8123870967742,6.73015783513738,107
"111",2014,1,6.92,50,7.43392857142857,6.26590909090909,6.965,6.684375,7.03088235294118,28,22,10,16,34,3692,2100,1592,485,1256,2436,6.76034645720477,7.18590952380952,6.19898814070352,6.35484536082474,6.81075636942675,6.73435513957307,108
"112",2014,2,6.81794871794872,39,7.01666666666667,6.5,6,6.4625,6.90967741935484,24,15,8,8,31,3731,2124,1607,493,1264,2467,6.76094857142857,7.18399717514124,6.20179783447418,6.34908722109534,6.80855221518988,6.73655821645723,109
"113",2014,3,6.51612903225806,31,7.01764705882353,5.90714285714286,5.33333333333333,5.99,6.76666666666667,17,14,3,10,21,3762,2141,1621,496,1274,2488,6.75893118553961,7.18267631947688,6.19925300431832,6.3429435483871,6.80212715855573,6.73681234726688,110
"114",2014,4,7.0787037037037,54,7.39333333333333,6.68541666666667,7.36111111111111,7.10588235294118,7.06621621621622,30,24,9,17,37,3816,2171,1645,505,1291,2525,6.76345626834382,7.18558728696453,6.20634596960486,6.36108910891089,6.80612703330752,6.74163925544554,111
"115",2014,5,6.94643835616438,73,7.23,6.63857142857143,6.62666666666667,7.01411764705882,6.92589285714286,38,35,15,17,56,3889,2209,1680,520,1308,2581,6.76689100539985,7.18635129017655,6.21535066666667,6.36875,6.80883027522936,6.74563700891127,112
"116",2014,6,6.82125,80,7.19333333333333,6.34285714285714,6.3125,6.07142857142857,7.08813559322034,45,35,16,21,59,3969,2254,1715,536,1329,2640,6.76798667674477,7.18649068322981,6.21795283965015,6.36707089552239,6.79717832957111,6.75329133333333,113
"117",2014,7,6.91548387096774,62,7.40516129032258,6.4258064516129,6.64428571428571,6.86153846153846,6.92979591836735,31,31,7,13,49,4031,2285,1746,543,1342,2689,6.77025530141404,7.18945733041576,6.22164325315006,6.37064456721915,6.79780178837556,6.75650766827817,114
"118",2014,8,6.90597014925373,67,7.20487804878049,6.43461538461538,6.11111111111111,6.67647058823529,6.984,41,26,9,17,50,4098,2326,1772,552,1359,2739,6.77247416300635,7.18972914875322,6.22476812641084,6.36641304347826,6.79628403237675,6.76066050383352,115
"119",2014,9,6.74183673469388,49,7.32413793103448,5.8975,5.125,5.75,6.93536585365854,29,20,8,8,41,4147,2355,1792,560,1367,2780,6.77211215818664,7.19138428874735,6.22111558035714,6.34867857142857,6.79016093635699,6.76323709352518,116
"120",2014,10,6.72428571428571,70,6.89333333333333,6.42,7.125,7.22916666666667,6.6198275862069,45,25,12,12,58,4217,2400,1817,572,1379,2838,6.77131826416884,7.18579583333333,6.22385201981288,6.36496503496504,6.7939811457578,6.76030624383368,117
"121",2014,11,6.98604651162791,86,7.17363636363636,6.65322580645161,6.71111111111111,7.18823529411765,6.93623188405797,55,31,18,17,69,4303,2455,1848,590,1396,2907,6.77560983499884,7.1855234215886,6.23105471861472,6.37552542372882,6.79878223495702,6.76448198142415,118
"122",2014,12,6.7303,100,7.01911764705882,6.1165625,6.4,7.11111111111111,6.64670731707317,68,32,10,18,82,4403,2523,1880,600,1414,2989,6.77458076765842,7.1810384462941,6.22910591489362,6.37593333333334,6.80275813295616,6.76125096018735,119
"123",2015,1,7.0165,100,7.39655172413793,6.49166666666667,6.52380952380952,7.02173913043478,7.01493506493506,58,42,21,23,77,4503,2581,1922,621,1437,3066,6.77995316899845,7.18588144130182,6.23484345473465,6.38093397745572,6.8062630480167,6.76762202217873,120
"124",2015,2,6.84773333333333,75,7.15348837209302,6.436875,6.63333333333333,6.96666666666667,6.83151515151515,43,32,15,9,66,4578,2624,1954,636,1446,3132,6.78106359108781,7.1853506097561,6.23815205731832,6.38688679245283,6.80726141078839,6.76896842911877,121
"125",2015,3,6.93050847457627,59,7.1796875,6.63518518518519,6.5,6.69230769230769,6.99782608695652,32,27,12,13,46,4637,2656,1981,648,1459,3178,6.78296508949752,7.18528237951807,6.24356341241797,6.38898148148148,6.80623714873201,6.77228103209566,122
"126",2015,4,6.88933333333333,75,7.24347826086957,6.32758620689655,6.3125,6.35714285714286,6.94411764705882,46,29,8,7,68,4712,2702,2010,656,1466,3246,6.78465813242785,7.18627313101406,6.24477568159204,6.38804878048781,6.80409276944066,6.77588081330869,123
"127",2015,5,6.76759259259259,54,6.9530303030303,6.47619047619048,6.25,6.95,6.71547619047619,33,21,8,12,42,4766,2735,2031,664,1478,3288,6.78446477549308,7.18345886654479,6.24716844903988,6.38638554216868,6.80527740189445,6.77510922141119,124
"128",2015,6,7.00793650793651,63,7.17439024390244,6.69772727272727,6.25625,6.35833333333333,7.16078431372549,41,22,8,12,51,4829,2776,2053,672,1490,3339,6.78738022779044,7.18332492795389,6.25199664880662,6.38483630952381,6.801677852349,6.7810000359389,125
"129",2015,7,7.10073529411765,68,7.38375,6.69642857142857,6.5625,7.2325,7.04583333333333,40,28,16,20,48,4897,2816,2081,688,1510,3387,6.79173149275067,7.186171875,6.25797651129265,6.38896802325582,6.80738410596027,6.78475320932979,126
"130",2015,8,6.56869879518072,83,6.58913043478261,6.5432972972973,6.48076923076923,6.77658823529412,6.51515151515152,46,37,13,17,66,4980,2862,2118,701,1527,3453,6.7880142811245,7.17657582110412,6.2629608687441,6.39067047075607,6.80704125736739,6.77960009267304,127
"131",2015,9,6.709375,64,7.06333333333333,6.39705882352941,6.54444444444444,6.42666666666667,6.79591836734694,30,34,18,15,49,5044,2892,2152,719,1542,3502,6.78701647898494,7.17540110650069,6.26507951672863,6.39452016689847,6.8033411154345,6.77982841804683,128
"132",2015,10,7.06643835616438,73,7.58723404255319,6.125,6.38636363636364,7.50666666666667,6.95258620689655,47,26,11,15,58,5117,2939,2178,730,1557,3560,6.79100275942936,7.18198707043212,6.26340730945822,6.39439726027397,6.81011689145793,6.78264301123595,129
"133",2015,11,6.75365853658537,82,7.19117647058824,6.03387096774194,6.16923076923077,7.17619047619048,6.60819672131147,51,31,13,21,61,5199,2990,2209,743,1578,3621,6.79041375649164,7.18214381270903,6.26018611136261,6.39045760430687,6.8149885931559,6.77970425849213,130
"134",2015,12,6.76875,80,6.99107142857143,6.25,6.46428571428571,6.52380952380952,6.85593220338983,56,24,14,21,59,5279,3046,2233,757,1599,3680,6.79008545557871,7.17863099146422,6.26007663233318,6.39182298546896,6.81116447779863,6.78092639130435,131
"135",2016,1,6.50591397849462,93,6.94642857142857,5.83918918918919,5.73076923076923,5.79166666666667,6.61172839506173,56,37,13,12,81,5372,3102,2270,770,1611,3761,6.78516588235294,7.17443907156673,6.25321635242291,6.38066233766234,6.8035704531347,6.77728240361606,132
"136",2016,2,6.57096774193548,62,6.88285714285714,6.16666666666667,5.9,6.45454545454545,6.59607843137255,35,27,10,11,51,5434,3137,2297,780,1622,3812,6.78272195804196,7.17118584635002,6.25219900740096,6.3745,6.80120345252775,6.7748581112277,133
"137",2016,3,6.935,82,7.33895833333333,6.36470588235294,6.78947368421053,7.57,6.84680555555556,48,34,19,10,72,5516,3185,2331,799,1632,3884,6.78498569978245,7.17371428571429,6.25384003432003,6.38436795994994,6.80591421568628,6.77619184346035,134
"138",2016,4,6.44411764705882,68,6.89230769230769,5.84137931034483,6.40833333333333,6.02727272727273,6.52456140350877,39,29,12,11,57,5584,3224,2360,811,1643,3941,6.7808347277937,7.17031017369727,6.24877166101695,6.3847225647349,6.80070115642118,6.77255242831769,135
"139",2016,5,6.72452830188679,53,6.96153846153846,6.06428571428571,6.48,6.99,6.66279069767442,39,14,5,10,43,5637,3263,2374,816,1653,3984,6.78030532552777,7.16781489426908,6.24768370682393,6.38530637254902,6.8018463399879,6.77136775100402,136
"140",2016,6,6.448,70,6.81911111111111,5.78,5.93181818181818,6.37666666666667,6.46745454545455,45,25,11,15,55,5707,3308,2399,827,1668,4039,6.7762293884703,7.16307134220073,6.24280997082117,6.37927448609432,6.79802278177458,6.7672292943798,137
"141",2016,7,6.73771929824561,57,7.03714285714286,6.26136363636364,6.3125,6.60714285714286,6.756,35,22,8,7,50,5764,3343,2421,835,1675,4089,6.77584856349757,7.16175291654203,6.2429785708385,6.37863473053892,6.79722507462687,6.76709198337002,138
"142",2016,8,6.72307692307692,65,7.1875,5.98,5.85,6.85294117647059,6.67708333333333,40,25,10,17,48,5829,3383,2446,845,1692,4137,6.77526009950249,7.16205734555129,6.24029072771872,6.37237869822485,6.79778486997636,6.76604764805415,139
"143",2016,9,6.7037037037037,54,7.06666666666667,6.25,6.60714285714286,7.03571428571429,6.5875,30,24,14,14,40,5883,3413,2470,859,1706,4177,6.77460328403876,7.16121886903018,6.24038506882591,6.37620488940629,6.79973739742087,6.76433783097917,140
"144",2016,10,6.41938775510204,49,6.73382352941176,5.70666666666667,4.5,6.85714285714286,6.34642857142857,34,15,5,7,42,5932,3447,2485,864,1713,4219,6.77166910316926,7.15700319118074,6.23716342857143,6.36534722222222,6.79997197898424,6.76017755866319,141
"145",2016,11,6.55098591549296,71,6.85227272727273,6.06,5.82909090909091,6.20833333333333,6.6206779661017,44,27,11,12,59,6003,3491,2512,875,1725,4278,6.76905899050475,7.15316241764537,6.23525920382166,6.35860571428571,6.79585623188406,6.7582536512389,142
"146",2016,12,6.4906779661017,59,6.85357142857143,6.16290322580645,6.20454545454545,6.45,6.50454545454545,28,31,11,15,44,6062,3519,2543,886,1740,4322,6.76634957439789,7.1507786302927,6.23437716083366,6.35669300225734,6.79287471264368,6.75567078204535,143
"147",2017,1,6.71633663366337,101,7.30901639344262,5.8125,5.70588235294118,7.14772727272727,6.59620253164557,61,40,17,22,79,6163,3580,2583,903,1762,4401,6.76552995619017,7.1534748603352,6.22784402632598,6.34444075304541,6.79730533484677,6.75280825266985,144
"148",2017,2,6.6920253164557,79,6.98339285714286,5.98260869565217,6.16,6.34166666666667,6.75477611940298,56,23,10,12,67,6242,3636,2606,913,1774,4468,6.76459966677347,7.15085533553355,6.22567963161934,6.34242059145674,6.79422322435175,6.75283776186213,145
"149",2017,3,6.65897435897436,39,6.90384615384615,6.16923076923077,6.45714285714286,6.1125,6.8,26,13,7,8,31,6281,3662,2619,920,1782,4499,6.7639438178634,7.14910158383397,6.22539943489882,6.34329347826087,6.79116273849607,6.75316272949544,146
"150",2017,4,6.65408163265306,49,7.22708333333333,6.104,5.51428571428571,6.16666666666667,6.72209302325581,24,25,7,6,43,6330,3686,2644,927,1788,4542,6.76309338388626,7.14960933260988,6.22425155824508,6.3370334412082,6.78906711409396,6.75286858652576,147
"151",2017,5,6.3,40,6.67391304347826,5.79411764705882,6.5,5.5,6.44117647058824,23,17,2,6,34,6370,3709,2661,929,1794,4576,6.76018541915228,7.14665947694797,6.22150361518226,6.33738428417653,6.78475585284281,6.75055269230769,148
"152",2017,6,6.50862068965517,58,6.81111111111111,6.01363636363636,5.86,6.45,6.52083333333333,36,22,5,10,48,6428,3745,2683,934,1804,4624,6.75791554449285,7.14343391188251,6.21979915020499,6.33482869379015,6.78290022172949,6.74816806228374,149
"153",2017,7,6.47083333333333,48,6.77083333333333,6.17083333333333,5.9375,6.75,6.44545454545455,24,24,8,4,44,6476,3769,2707,942,1808,4668,6.75578769610871,7.1410612894667,6.21936502401182,6.33145435244162,6.78282743362832,6.74531472150814,150
"154",2017,8,6.75508474576271,59,7.08088235294118,6.312,6.08333333333333,7.25,6.69905660377358,34,25,12,6,53,6535,3803,2732,954,1814,4721,6.7557813496557,7.14052327110176,6.22021270863836,6.32833333333333,6.78437265711136,6.74479540775259,151
"155",2017,9,6.50652173913043,46,7.12692307692308,5.7,6,6.85,6.41111111111111,26,20,7,10,36,6581,3829,2752,961,1824,4757,6.75403907005015,7.14043092191173,6.21643209302325,6.32594172736733,6.78473245614035,6.74227015345806,152
"156",2017,10,6.54,46,6.95166666666667,6.09090909090909,6.0625,6.9875,6.44578947368421,24,22,8,8,38,6627,3853,2774,969,1832,4795,6.75255336049495,7.13925512587594,6.21543659697188,6.32376676986584,6.78561790393013,6.73992056725756,153
"157",2017,11,6.70820547945205,73,7.05886666666667,6.14464285714286,6.57692307692308,7,6.619625,45,28,13,17,56,6700,3898,2802,982,1849,4851,6.75207016716418,7.1383270908158,6.21472916488222,6.32711812627291,6.7875889670092,6.73853187384044,154
"158",2017,12,6.52790697674419,43,6.82608695652174,6.185,5.7,6.75,6.50512820512821,23,20,7,4,39,6743,3921,2822,989,1853,4890,6.75064068218894,7.13649553685284,6.2145184691708,6.32267947421638,6.78750782514841,6.73667037218814,155
"159",2018,1,6.44225757575758,66,6.75,6.02460714285714,6.54172727272727,6.85,6.36944642857143,38,28,11,10,56,6809,3959,2850,1000,1863,4946,6.74765150829784,7.13278580449609,6.21265267368421,6.325089,6.78784326355341,6.73251255964415,156
"160",2018,2,6.61625,40,7.36111111111111,6.00681818181818,5.90625,6.94,6.50833333333333,18,22,8,10,30,6849,3977,2872,1008,1873,4976,6.74688408818806,7.13381921046015,6.21107594707521,6.32176488095238,6.78865563267485,6.73116099678456,157
"161",2018,3,6.71020408163265,49,6.76,6.58571428571429,6.35714285714286,7.38571428571429,6.59761904761905,35,14,7,7,42,6898,4012,2886,1015,1880,5018,6.7466235314584,7.13055807577268,6.21289331947332,6.32200886699508,6.79087872340426,6.73004326823435,158
"162",2018,4,6.39444444444444,45,6.87727272727273,5.93260869565217,5.4,6.0625,6.46621621621622,22,23,5,8,37,6943,4034,2909,1020,1888,5055,6.74434093619473,7.12917674764502,6.21067724991406,6.31748921568628,6.78779237288136,6.72811218991098,159
"163",2018,5,6.42926829268293,41,7.1,5.725,5.78571428571429,6.05555555555556,6.534375,21,20,7,9,32,6984,4055,2929,1027,1897,5087,6.74249128293242,7.12902564734895,6.20736091498805,6.31386465433301,6.78431839746969,6.72689347749164,160
"164",2018,6,6.69565217391304,23,7.21428571428571,5.88888888888889,6,6.7,6.69444444444444,14,9,3,5,18,7007,4069,2938,1030,1902,5105,6.74233753674897,7.12931899729663,6.20638533696392,6.31295048543689,6.7840967402734,6.72677906366307,161
"165",2018,7,6.545,30,6.78571428571429,6.334375,6.60625,6.74285714285714,6.48478260869565,14,16,8,7,23,7037,4083,2954,1038,1909,5128,6.74149625124343,7.12814082782268,6.20707857819905,6.31521098265896,6.7839455212153,6.72569366614664,162
"166",2018,8,6.80462068965517,29,6.88055555555556,6.68036363636364,6.6968,8.275,6.6957037037037,18,11,5,2,27,7066,4101,2965,1043,1911,5155,6.74175532408718,7.12705413313826,6.20883444182125,6.31704026845638,6.78550601779173,6.72553658971872,163
"167",2018,9,6.95277777777778,36,7.51428571428571,6.16666666666667,6.5625,6.91666666666667,6.96,21,15,8,6,30,7102,4122,2980,1051,1917,5185,6.74282499577584,7.1290269286754,6.20862218791946,6.31890865842055,6.78591653625457,6.72689317647059,164
"168",2018,10,6.68292682926829,41,7.01851851851852,6.03571428571429,5.625,7.125,6.63513513513514,27,14,8,4,37,7143,4149,2994,1059,1921,5222,6.74248118717626,7.12830778500844,6.20781366733467,6.31366666666667,6.78662259239979,6.72624303332056,165
"169",2018,11,6.75106382978723,47,7.1,6.23684210526316,5.8,6.32857142857143,6.825,28,19,10,7,40,7190,4177,3013,1069,1928,5262,6.74253729068151,7.12811802729231,6.2079967208762,6.30886155285314,6.78495954356847,6.72699375142531,166
"170",2018,12,6.0916,50,6.38461538461539,5.77416666666667,6,7.24,5.964,26,24,13,5,45,7240,4203,3037,1082,1933,5307,6.73804186740332,7.12351867713538,6.20456836351663,6.30515064695009,6.7861365752716,6.72052404748445,167
"171",2019,1,6.59339622641509,53,6.89193548387097,6.17272727272727,6.25,6.80769230769231,6.52375,31,22,8,13,40,7293,4234,3059,1090,1946,5347,6.73699069244481,7.12182309872461,6.20433936580582,6.30474587155963,6.78628057553957,6.71905201421357,168
"172",2019,2,6.43809523809524,42,6.66346153846154,6.071875,6.05555555555556,6.6,6.41621621621622,26,16,9,5,37,7335,4260,3075,1099,1951,5384,6.73527922563054,7.11902558685446,6.2036501203252,6.30270518653321,6.78580317785751,6.71697086181278,169
"173",2019,3,6.275,50,7.04642857142857,5.29318181818182,4.75,5.95454545454545,6.36538461538461,28,22,9,11,39,7385,4288,3097,1108,1962,5423,6.7321629140149,7.1185515391791,6.19718247336132,6.29009296028881,6.78114271151886,6.71444239719712,170
"174",2019,4,6.60428571428571,35,7.01904761904762,5.98214285714286,6.25,6.55714285714286,6.61607142857143,21,14,8,7,28,7420,4309,3111,1116,1969,5451,6.73155971967655,7.11806660478069,6.19621476052716,6.28980555555556,6.78034636871508,6.71393709778022,171
"175",2019,5,7.23472222222222,36,7.6,6.13888888888889,6.375,7.75,7.06296296296296,27,9,4,9,27,7456,4336,3120,1120,1978,5478,6.73398915236052,7.12106757380074,6.1960493974359,6.29010982142857,6.78475834175935,6.71565737860533,172
"176",2019,6,6.858,40,7.2528,6.2,6.625,6.6875,6.900625,25,15,4,8,32,7496,4361,3135,1124,1986,5510,6.73465089647812,7.12182274707636,6.19606829984051,6.29130160142349,6.78436656596173,6.71673160072595,173
"177",2019,7,6.93648648648649,37,7.13541666666667,6.56923076923077,6.5,6.3,7.0359375,24,13,4,5,32,7533,4385,3148,1128,1991,5542,6.73564225673703,7.12189714937286,6.19760931385006,6.29204166666667,6.78315017579106,6.71857472392638,174
"178",2019,8,7.03285714285714,35,7.2375,6.21428571428571,6.375,6.94090909090909,7.075,28,7,4,11,24,7568,4413,3155,1132,2002,5566,6.73701679704017,7.12263063675504,6.19764631378764,6.29233480565371,6.78401698301698,6.7201115918074,175
"179",2019,9,6.50294117647059,34,6.90952380952381,5.84615384615385,5.42857142857143,5.6875,6.75384615384615,21,13,7,8,26,7602,4434,3168,1139,2010,5592,6.73596989213365,7.12162133513757,6.1962039520202,6.28702633889377,6.77965273631841,6.72026844062947,176
"180",2019,10,6.28378378378378,37,6.57894736842105,5.97222222222222,5.16666666666667,5.875,6.33333333333333,19,18,6,4,33,7639,4453,3186,1145,2014,5625,6.73377969891347,7.11930586121716,6.19493851851852,6.28115545851529,6.77785600794439,6.71799842133333,177
"181",2019,11,6.70294117647059,34,6.95,6.11,6.01428571428571,6.525,6.72666666666667,24,10,7,4,30,7673,4477,3196,1152,2018,5655,6.73364304965464,7.11839825776189,6.1946727534418,6.27953385416667,6.77735480673935,6.71804440671971,178
"182",2019,12,6.33823529411765,34,7.10526315789474,5.36666666666667,6.5,6,6.37096774193548,19,15,4,3,31,7707,4496,3211,1156,2021,5686,6.73189867912288,7.11834274911032,6.19080477109934,6.28029671280277,6.7762008906482,6.71615214913823,179
"183",2020,1,6.63998412698413,63,6.892975,6.2,6.35714285714286,6.33985714285714,6.6775,40,23,7,7,56,7770,4536,3234,1163,2028,5742,6.73115342599743,7.11635537918871,6.19087016697588,6.2807592433362,6.77469477317554,6.71577518634622,180
"184",2020,2,6.39888888888889,45,6.84259259259259,5.73333333333333,5.92142857142857,5.9,6.46125,27,18,7,5,40,7815,4563,3252,1170,2033,5782,6.72924019449776,7.11473548104317,6.18833767527675,6.2786094017094,6.77254353172651,6.71401437564856,181
"185",2020,3,6.61111111111111,36,6.88095238095238,6.23333333333333,5.64285714285714,6.83333333333333,6.59090909090909,21,15,7,3,33,7851,4584,3267,1177,2036,5815,6.72869852502866,7.11366448516579,6.18854426691154,6.27482837723025,6.77263310412574,6.71331575580395,182
"186",2020,4,6.38115384615385,26,6.79357142857143,5.9,6,6.861,6.08125,14,12,6,10,16,7877,4598,3279,1183,2046,5831,6.72755136727181,7.11268986515876,6.18748829521195,6.27343448858834,6.77306500488759,6.71158139598696,183
"187",2020,5,6.46,25,6.71428571428571,6.13636363636364,5.6,6.66666666666667,6.43181818181818,14,11,5,3,22,7902,4612,3290,1188,2049,5853,6.72670490002531,7.1114804856895,6.18731736170213,6.27060016835017,6.77290922401172,6.71052983427302,184
"188",2020,6,6.93,25,7.203125,6.44444444444444,6.1,7.04166666666667,6.89473684210526,16,9,5,6,19,7927,4628,3299,1193,2055,5872,6.72734604768513,7.11179732065687,6.18801882994847,6.26988516345348,6.77369391727494,6.7111258719346,185
"189",2020,7,7.08333333333333,27,7.41842105263158,6.2875,6.63333333333333,6.6,7.28684210526316,19,8,6,8,19,7954,4647,3307,1199,2063,5891,6.72855445310536,7.11305100064557,6.18825948593892,6.27170391993328,6.77302035870092,6.71298270582244,186
"190",2020,8,6.56818181818182,22,6.9625,6.095,5.23333333333333,5.5625,6.79166666666667,12,10,3,4,18,7976,4659,3317,1202,2067,5909,6.72811210130392,7.11266323245331,6.1879783298161,6.26911231281198,6.77067779390421,6.71322239295989,187
"191",2020,9,6.14838709677419,31,6.75714285714286,5.64705882352941,5.92857142857143,5.85833333333333,6.33157894736842,14,17,7,12,19,8007,4673,3334,1209,2079,5928,6.72586763082303,7.11159811684143,6.18522019196161,6.2671406120761,6.76541173641174,6.71199917678812,188
"192",2020,10,6.76608695652174,23,7.20769230769231,6.192,5.88,6.9,6.72888888888889,13,10,4,5,18,8030,4686,3344,1213,2084,5946,6.72598282938979,7.11186470337174,6.18524046650717,6.26586397361913,6.76573464491363,6.71205030608813,189
"193",2020,11,6.91363636363636,44,7.02592592592593,6.73529411764706,6.66666666666667,7.16666666666667,6.87368421052632,27,17,3,6,38,8074,4713,3361,1216,2090,5984,6.72700546445381,7.11137237428389,6.18802264802142,6.26685279605263,6.76688564593302,6.71307672459893,190
"194",2020,12,6.30731707317073,41,6.78571428571429,5.805,6,6.22222222222222,6.33125,21,20,8,9,32,8115,4734,3381,1224,2099,6016,6.72488504251387,7.10992775665399,6.18575691215616,6.26510866013072,6.76455026202954,6.71104573138298,191
"195",2021,1,6.66567567567568,37,6.80111111111111,6.3,6.4,7.605,6.48387096774194,27,10,5,6,31,8152,4761,3391,1229,2105,6047,6.72461630520118,7.10817643352236,6.1860938130345,6.2656574450773,6.7669458432304,6.70988111790971,192
"196",2021,2,6.51578947368421,38,6.924,5.73076923076923,5.83333333333333,6.33333333333333,6.55,25,13,6,6,32,8190,4786,3404,1235,2111,6079,6.72364738949939,7.10721437526117,6.18435491186839,6.26355708502025,6.76571340596874,6.70903949991775,193
"197",2021,3,6.37944117647059,34,6.65459090909091,5.875,5.5,7.09645454545455,6.03652173913043,22,12,4,11,23,8224,4808,3416,1239,2122,6102,6.72222435797666,7.10514330282861,6.18326818501171,6.26109200968523,6.76742789820924,6.70650460832514,194
"198",2021,4,6.39642857142857,28,6.64444444444444,5.95,6.08333333333333,6.72,6.32608695652174,18,10,6,5,23,8252,4826,3426,1245,2127,6125,6.72111889481338,7.10342498963945,6.18258730881494,6.26023534136547,6.76731640808651,6.70507610122449,195
"199",2021,5,6.47368421052632,19,6.92307692307692,5.5,5.5,7.66666666666667,6.25,13,6,2,3,16,8271,4839,3432,1247,2130,6141,6.72055049208077,7.10294048357098,6.18139397435897,6.25901603849239,6.76858309859155,6.70389042826901,196
"200",2021,6,6.468,25,6.65882352941177,6.0625,6,6.52222222222222,6.4375,17,8,1,9,16,8296,4856,3440,1248,2139,6157,6.71978943105111,7.10138570840197,6.18111747674418,6.25880849358975,6.76754651706405,6.70319816793893,197
"201",2021,7,6.34857142857143,21,7.44769230769231,4.5625,4.33333333333333,5.43333333333333,6.50111111111111,13,8,3,3,18,8317,4869,3448,1251,2142,6175,6.71885212456415,7.10231033066337,6.1773619837587,6.25419104716227,6.76567787114846,6.70260908825911,198
"202",2021,8,6.70714285714286,28,7.1,6.1,5.55,7.24444444444444,6.45263157894737,17,11,2,9,19,8345,4886,3459,1253,2151,6194,6.718812836429,7.1023022922636,6.17711596415149,6.25306703910615,6.76768107856811,6.7018422860833,199
"203",2021,9,6.55416666666667,24,6.85,5.66666666666667,5.75,7,6.465,18,6,4,4,20,8369,4904,3465,1257,2155,6214,6.71834067630542,7.10137622349102,6.17623206926407,6.2514661893397,6.76811229698376,6.70108,200
"204",2021,10,6.45357142857143,28,6.92,6.10375,6.09428571428571,5.25,6.65416666666667,12,16,7,4,24,8397,4916,3481,1264,2159,6238,6.7174577968322,7.1009334825061,6.17589891410514,6.25059572784811,6.76529967577582,6.700899506252,201
"205",2021,11,6.384375,32,6.67916666666667,5.5,5.66666666666667,6.78571428571429,6.272,24,8,3,7,25,8429,4940,3489,1267,2166,6263,6.71619327559616,7.09888441295546,6.17434913155632,6.24921310181532,6.76536565096953,6.69918746926393,202
"206",2021,12,6.67977,29,7.13228052631579,5.82,7.2,6.2,6.77972208333333,19,10,1,5,24,8458,4959,3499,1268,2171,6287,6.71606839087255,7.09901236741278,6.17333641611889,6.24996293375395,6.76406356517734,6.6994949021791,203
"207",2022,1,6.6,43,6.80625,6,7.25,6.8,6.57368421052632,32,11,4,5,38,8501,4991,3510,1272,2176,6325,6.71548129043642,7.0971353095572,6.17279319658119,6.25310770440252,6.76414613970588,6.69873904347826,204
"208",2022,2,6.84782608695652,23,6.92857142857143,6.72222222222222,6.5,6.75,6.85714285714286,14,9,2,2,21,8524,5005,3519,1274,2178,6346,6.71583839160019,7.0966638021978,6.17419838590508,6.25349529042386,6.76413314967861,6.69926322880554,205
"209",2022,3,6.716,30,7.00444444444444,6.28333333333333,6,6.7,6.7192,18,12,3,5,25,8554,5023,3531,1277,2183,6371,6.71583895838205,7.09633333266972,6.17456927782498,6.2528997650744,6.76398625744389,6.69934146130905,206
"210",2022,4,6.19230769230769,26,6.76666666666667,5.40909090909091,5.2,5.875,6.25,15,11,5,4,22,8580,5038,3542,1282,2187,6393,6.7142525,7.09535179237792,6.17219201581027,6.24879329173167,6.76236031092821,6.6977951587674,207
"211",2022,5,6.75357142857143,28,6.94117647058824,6.46363636363636,6,6.5,6.79583333333333,17,11,2,4,24,8608,5055,3553,1284,2191,6417,6.71438039614313,7.09483329970326,6.17309432029271,6.24840576323988,6.76188133272478,6.69816182795699,208
"212",2022,6,6.72,30,6.955,6.25,5,6.98,6.668,20,10,2,5,25,8638,5075,3563,1286,2196,6442,6.71439991317435,7.09428223251231,6.17331016559079,6.24646423017108,6.76237795992714,6.69804477646693,209
"213",2022,7,6.99807692307692,26,7.59615384615385,6.4,5.7,7.84,6.79761904761905,13,13,5,5,21,8664,5088,3576,1291,2201,6463,6.71525120614035,7.09556453026729,6.17413426174496,6.24434779240899,6.76482598818719,6.69836831966579,210
"214",2022,8,6.41176470588235,17,6.33333333333333,6.45454545454545,6,6.8,6.25,6,11,1,5,12,8681,5094,3587,1292,2206,6475,6.7146568886073,7.09466673144876,6.17499417897965,6.24415866873065,6.76490571169538,6.69753736679536,211
"215",2022,9,6.61904761904762,21,6.6,6.66666666666667,6,6.6,6.625,15,6,1,5,16,8702,5109,3593,1293,2211,6491,6.71442616065273,7.09321439224897,6.17581522961313,6.24396983758701,6.76453279059249,6.69735856570636,212
"216",2022,10,6.63923076923077,26,6.85538461538462,6.42307692307692,6.64285714285714,7.01428571428571,6.50105263157895,13,13,7,7,19,8728,5122,3606,1300,2218,6510,6.71420215971586,7.09261076337368,6.17670663338879,6.24611769230769,6.76532100991885,6.6967856298003,213
"217",2022,11,6.58263157894737,19,6.96416666666667,5.92857142857143,7,6.75,6.50538461538462,12,7,1,6,13,8747,5134,3613,1301,2224,6523,6.71391636561107,7.09231054343591,6.17622588430667,6.24669715603382,6.76527967625899,6.69640417752568,214
"218",2022,12,6.45565217391304,23,7.075,5.78,6.895,7,6.26352941176471,12,11,4,6,17,8770,5146,3624,1305,2230,6540,6.71323904789054,7.09227017683637,6.17502321192053,6.24868429118774,6.76591121076233,6.69527896788991,215
