"","year","month","avg_rating","no_ratings","avg_rating_owned","avg_rating_not_owned","avg_rating_prev_owned","avg_rating_comment","avg_rating_no_comment","no_ratings_owned","no_ratings_not_owned","no_ratings_prev_owned","no_ratings_comment","no_ratings_no_comment","cum_no_ratings","cum_no_ratings_owned","cum_no_ratings_not_owned","cum_no_ratings_prev_owned","cum_no_ratings_comment","cum_no_ratings_no_comment","cum_avg_rating","cum_avg_rating_owned","cum_avg_rating_not_owned","cum_avg_rating_prev_owned","cum_avg_rating_comment","cum_avg_rating_no_comment","month_after_release"
"1",2013,3,7.26666666666667,3,NA,7.26666666666667,NA,8,6.9,0,3,0,1,2,3,0,3,0,1,2,7.26666666666667,NA,7.26666666666667,NA,8,6.9,-4
"2",2013,4,5.91666666666667,3,6.25,5.75,NA,NA,5.91666666666667,1,2,0,0,3,6,1,5,0,1,5,6.59166666666667,6.25,6.66,NA,8,6.31,-3
"3",2013,5,6,2,7,5,NA,5,7,1,1,0,1,1,8,2,6,0,2,6,6.44375,6.625,6.38333333333333,NA,6.5,6.425,-2
"4",2013,6,7,2,8,6,NA,NA,7,1,1,0,0,2,10,3,7,0,2,8,6.555,7.08333333333333,6.32857142857143,NA,6.5,6.56875,-1
"5",2013,7,6.615625,16,8.25,6.07083333333333,NA,5.5,6.87307692307692,4,12,0,3,13,26,7,19,0,5,21,6.59230769230769,7.75,6.16578947368421,NA,5.9,6.75714285714286,0
"6",2013,8,6.67675438596491,114,7.52790697674419,6.1612676056338,6.94666666666667,6.41666666666667,6.74611111111111,43,71,15,24,90,140,50,90,15,29,111,6.66107142857143,7.559,6.16222222222222,6.94666666666667,6.32758620689655,6.7481981981982,1
"7",2013,9,6.83888888888889,153,7.93,6.13494623655914,6.64772727272727,6.27333333333333,6.97682926829268,60,93,22,30,123,293,110,183,37,59,234,6.75392491467577,7.76136363636364,6.14836065573771,6.76891891891892,6.3,6.86837606837607,2
"8",2013,10,6.69022988505747,174,7.54817073170732,5.92554347826087,6.22631578947368,5.99861111111111,6.87065217391304,82,92,19,36,138,467,192,275,56,95,372,6.73019271948608,7.6703125,6.07381818181818,6.58482142857143,6.18578947368421,6.86922043010753,3
"9",2013,11,7.03626373626374,182,7.61935483870968,6.42696629213483,6.875,6.96666666666667,7.05167785234899,93,89,20,33,149,649,285,364,76,128,521,6.81602465331279,7.65368421052631,6.16016483516484,6.66118421052632,6.387109375,6.92140115163148,4
"10",2013,12,6.78978102189781,137,7.5,6.04776119402985,7,6.58148148148148,6.84090909090909,70,67,19,27,110,786,355,431,95,155,631,6.81145038167939,7.62338028169014,6.14269141531322,6.72894736842105,6.42096774193548,6.90736925515055,5
"11",2014,1,6.73511450381679,131,7.31333333333333,6.24647887323944,7.04285714285714,6.56363636363636,6.79285714285714,60,71,14,33,98,917,415,502,109,188,729,6.80054525627045,7.57855421686747,6.15737051792829,6.76926605504587,6.44601063829787,6.89197530864198,6
"12",2014,2,6.76195652173913,92,7.51086956521739,6.01304347826087,6.45454545454545,6.45833333333333,6.8075,46,46,11,12,80,1009,461,548,120,200,809,6.79702675916749,7.57180043383948,6.14525547445255,6.74041666666667,6.44675,6.8836217552534,7
"13",2014,3,6.92658227848101,79,7.49268292682927,6.31578947368421,7,7.53846153846154,6.80606060606061,41,38,8,13,66,1088,502,586,128,213,875,6.80643382352941,7.56533864541833,6.15631399317406,6.756640625,6.51338028169014,6.87777142857143,8
"14",2014,4,6.73185840707965,113,7.41274509803922,6.17177419354839,6.71875,6.66304347826087,6.74944444444444,51,62,16,23,90,1201,553,648,144,236,965,6.79941715237302,7.55126582278481,6.15779320987654,6.75243055555556,6.52796610169491,6.86580310880829,9
"15",2014,5,6.58409090909091,88,7.07272727272727,6.29090909090909,6.09090909090909,6.01111111111111,6.73142857142857,33,55,11,18,70,1289,586,703,155,254,1035,6.78471683475562,7.52431740614334,6.16820768136558,6.70548387096774,6.49133858267717,6.85671497584541,10
"16",2014,6,6.89651162790698,129,7.44833333333333,6.41666666666667,6.72666666666667,6.45,6.99857142857143,60,69,15,24,105,1418,646,772,170,278,1140,6.79488716502116,7.5172600619195,6.19041450777202,6.70735294117647,6.48776978417266,6.86978070175439,11
"17",2014,7,6.54081081081081,111,7.22132075471698,5.91896551724138,6.4375,6.26791666666667,6.61609195402299,53,58,8,24,87,1529,699,830,178,302,1227,6.77644211903205,7.49482117310443,6.17144578313253,6.69522471910112,6.47029801324503,6.85179299103504,12
"18",2014,8,6.85650406504065,123,7.3487012987013,6.03260869565217,6.1,6.58125,6.89766355140187,77,46,12,16,107,1652,776,876,190,318,1334,6.78240314769976,7.48032216494845,6.16415525114155,6.65763157894737,6.47588050314465,6.85547226386806,13
"19",2014,9,6.69262295081967,122,7.29649122807018,6.16307692307692,5.98125,6.23684210526316,6.77669902912621,57,65,16,19,103,1774,833,941,206,337,1437,6.77622886133033,7.46774309723889,6.16408076514347,6.60509708737864,6.46240356083086,6.84982602644398,14
"20",2014,10,6.76,137,7.32287671232877,6.11796875,6.51875,6.28571428571429,6.84586206896552,73,64,16,21,116,1911,906,1005,222,358,1553,6.7750654107797,7.4560706401766,6.16114427860697,6.59887387387387,6.45203910614525,6.84952994204765,15
"21",2014,11,6.70708955223881,134,7.35294117647059,6.04166666666667,6.11764705882353,6.45555555555556,6.77056074766355,68,66,17,27,107,2045,974,1071,239,385,1660,6.77061124694377,7.44887063655031,6.15378151260504,6.56464435146444,6.45228571428571,6.84443975903614,16
"22",2014,12,6.73947368421053,133,7.21527777777778,6.17786885245902,6.01333333333333,6.77291666666667,6.73211009174312,72,61,15,24,109,2178,1046,1132,254,409,1769,6.76870982552801,7.43279158699809,6.15507950530035,6.53208661417323,6.47110024449878,6.83751837196156,17
"23",2015,1,6.69943502824859,177,7.44021739130435,5.89764705882353,5.72413793103448,6.28333333333333,6.7843537414966,92,85,29,30,147,2355,1138,1217,283,439,1916,6.76350318471338,7.43339191564147,6.13709942481512,6.44929328621908,6.45826879271071,6.8334394572025,18
"24",2015,2,6.73088888888889,135,7.13066666666667,6.23116666666667,6.51785714285714,6.93333333333333,6.70558333333333,75,60,14,15,120,2490,1213,1277,297,454,2036,6.76173493975904,7.41467436108821,6.14151918559123,6.45252525252525,6.47396475770925,6.82590373280943,19
"25",2015,3,6.70166666666667,120,7.27058823529412,5.95769230769231,6.33333333333333,6.60526315789474,6.71980198019802,68,52,15,19,101,2610,1281,1329,312,473,2137,6.75897318007663,7.40702576112412,6.1343265613243,6.44679487179487,6.47923890063425,6.82088909686476,20
"26",2015,4,6.90421568627451,102,7.24385964912281,6.474,6.63888888888889,7.00952380952381,6.87691358024691,57,45,9,21,81,2712,1338,1374,321,494,2218,6.76443584070797,7.40007473841554,6.14545123726347,6.45218068535826,6.50178137651822,6.82293507664563,21
"27",2015,5,6.35681818181818,88,7.325,5.68653846153846,6.1875,5.78,6.47534246575342,36,52,16,15,73,2800,1374,1426,337,509,2291,6.751625,7.3981077147016,6.12871669004208,6.43961424332344,6.48051080550098,6.81185945002183,22
"28",2015,6,6.58385321100917,109,7.16034482758621,5.92823529411765,6.22727272727273,6.2,6.62262626262626,58,51,11,10,99,2909,1432,1477,348,519,2390,6.74533860433139,7.38847765363128,6.1217941773866,6.43290229885057,6.47510597302505,6.80402092050209,23
"29",2015,7,6.80555555555556,99,7.37155172413793,6.00487804878049,6.4,6.69285714285714,6.83589743589744,58,41,10,21,78,3008,1490,1518,358,540,2468,6.74732047872341,7.38781879194631,6.11863636363637,6.43198324022346,6.48357407407407,6.805028363047,24
"30",2015,8,6.68664179104478,134,7.2475641025641,5.90535714285714,6.3875,6.78333333333333,6.66554545454545,78,56,16,24,110,3142,1568,1574,374,564,2578,6.74473265436028,7.38084183673469,6.11104828462516,6.43008021390374,6.49632978723404,6.79907680372382,25
"31",2015,9,6.78761538461538,91,7.42876086956522,6.13222222222222,6.08076923076923,6.35555555555556,6.89415068493151,46,45,13,18,73,3233,1614,1619,387,582,2651,6.74593968450356,7.38220755885997,6.11163681284744,6.41834625322997,6.49197594501718,6.80169483213882,26
"32",2015,10,6.51936936936937,111,7.225,5.89745762711864,5.31363636363636,5.96875,6.67126436781609,52,59,11,24,87,3344,1666,1678,398,606,2738,6.73841895933014,7.37730072028811,6.10410607866508,6.38781407035176,6.47125412541254,6.79755040175311,27
"33",2015,11,6.73261261261261,111,7.1609375,6.14936170212766,6.20625,6.79545454545455,6.71707865168539,64,47,16,22,89,3455,1730,1725,414,628,2827,6.73823241678727,7.36929653179191,6.10533913043479,6.38079710144928,6.48261146496815,6.79501697912982,28
"34",2015,12,6.55676691729323,133,6.85985915492958,6.20967741935484,5.92857142857143,6.56052631578947,6.55614035087719,71,62,14,19,114,3588,1801,1787,428,647,2941,6.73150585284281,7.34921321488062,6.10895914941243,6.3660046728972,6.48489953632148,6.78575756545393,29
"35",2016,1,6.5870253164557,158,7.02415730337079,6.0231884057971,5.705,6.275,6.64291044776119,89,69,20,24,134,3746,1890,1856,448,671,3075,6.7254119060331,7.33390634920635,6.10577047413793,6.33649553571429,6.47739195230998,6.77953268292683,30
"36",2016,2,6.36046590909091,88,6.91951219512195,5.87278723404255,6.22727272727273,5.28623076923077,6.54666666666667,41,47,11,13,75,3834,1931,1903,459,684,3150,6.71703547209181,7.32510771620922,6.10001629006832,6.3338779956427,6.45475292397661,6.77398825396826,31
"37",2016,3,6.60361445783133,83,7.2075,6.04186046511628,5.71333333333333,5.90909090909091,6.70972222222222,40,43,15,11,72,3917,1971,1946,474,695,3222,6.71463211641562,7.32272095383054,6.09873124357657,6.31424050632911,6.44611654676259,6.772552141527,32
"38",2016,4,6.44588785046729,107,6.81245614035088,6.028,5.68181818181818,5.81818181818182,6.5178125,57,50,11,11,96,4024,2028,1996,485,706,3318,6.70748608349901,7.3083791913215,6.09695941883768,6.29989690721649,6.4363328611898,6.76518173598553,33
"39",2016,5,6.64011111111111,90,7.11433333333333,5.69166666666667,5.72222222222222,6.05,6.75813333333333,60,30,9,15,75,4114,2088,2026,494,721,3393,6.70601215362178,7.30280316091954,6.09095804540968,6.28937246963563,6.42829542302358,6.76502593575007,34
"40",2016,6,6.74487179487179,78,7.20208333333333,6.01333333333333,6.95,6.98888888888889,6.71304347826087,48,30,2,9,69,4192,2136,2056,496,730,3462,6.70673520992366,7.30053979400749,6.08982538910506,6.29203629032258,6.43520684931507,6.76398989023686,35
"41",2016,7,6.50332653061225,98,6.96698039215686,6.00021276595745,6.02142857142857,7.06666666666667,6.42472093023256,51,47,14,12,86,4290,2187,2103,510,742,3548,6.70208857808858,7.29276131687243,6.08782263433191,6.28460784313726,6.44541913746631,6.75576634723788,36
"42",2016,8,6.96212121212121,99,7.23591549295775,6.26785714285714,6.14285714285714,6.52777777777778,7.00555555555556,71,28,7,9,90,4389,2258,2131,517,751,3638,6.70795397584871,7.29097387068202,6.09018817456593,6.28268858800774,6.44640612516644,6.76194584936779,37
"43",2016,9,6.43607594936709,79,6.80612244897959,5.83166666666667,5.57916666666667,6.38636363636364,6.44411764705882,49,30,12,11,68,4468,2307,2161,529,762,3706,6.70314682184423,7.28067576939748,6.08659925960204,6.26672967863894,6.44553937007874,6.75611413923368,38
"44",2016,10,6.64444444444444,108,7.02166666666667,6.17291666666667,6.41176470588235,6.15789473684211,6.74831460674157,60,48,17,19,89,4576,2367,2209,546,781,3795,6.70176136363636,7.27411026615969,6.08847487550928,6.27124542124542,6.43854161331626,6.75593122529644,39
"45",2016,11,6.61132075471698,106,7.15961538461538,6.08333333333333,6.11111111111111,6.11538461538461,6.68064516129032,52,54,9,13,93,4682,2419,2263,555,794,3888,6.69971379752243,7.27164902852418,6.08835218736191,6.26864864864865,6.43325062972292,6.75413040123457,40
"46",2016,12,6.5703125,96,7.202,5.88369565217391,5.09090909090909,6.671875,6.55,50,46,11,16,80,4778,2469,2309,566,810,3968,6.69711385516953,7.27023855812069,6.0842750108272,6.24575971731449,6.43796419753086,6.75001486895161,41
"47",2017,1,6.60669014084507,142,7.068125,6.01129032258065,5.625,7.05588235294118,6.5456,80,62,20,17,125,4920,2549,2371,586,827,4093,6.69450406504065,7.26389525304041,6.08236651202025,6.22457337883959,6.45066626360338,6.74377204984119,42
"48",2017,2,6.64380952380952,105,7.06666666666667,6.19607843137255,5.97058823529412,6.78333333333333,6.6258064516129,54,51,17,12,93,5025,2603,2422,603,839,4186,6.6934447761194,7.25980368805224,6.08476094137077,6.21741293532338,6.45542431466031,6.74115121834687,43
"49",2017,3,6.81761904761905,84,7.19418181818182,6.10344827586207,6.44444444444444,6.90909090909091,6.80383561643836,55,29,9,11,73,5109,2658,2451,612,850,4259,6.6954863965551,7.25844582392776,6.08498204814362,6.22075163398693,6.46129529411765,6.74222563982156,44
"50",2017,4,6.57594936708861,79,6.90760869565217,6.11363636363636,5.88636363636364,6.33333333333333,6.5958904109589,46,33,11,6,73,5188,2704,2484,623,856,4332,6.69366615265998,7.2524774408284,6.08536272141707,6.21484751203852,6.46039836448598,6.73975969529086,45
"51",2017,5,6.33279569892473,93,7.27127659574468,5.37391304347826,5.5,4.95714285714286,6.57658227848101,47,46,15,14,79,5281,2751,2530,638,870,4411,6.68731111531907,7.25279861868411,6.07242727272728,6.1980407523511,6.43620804597701,6.73683722511902,46
"52",2017,6,6.53658536585366,82,6.75416666666667,6.22941176470588,6.375,6.34285714285714,6.57647058823529,48,34,8,14,68,5363,2799,2564,646,884,4479,6.68500652619802,7.24424758842444,6.07450897035882,6.20023219814242,6.43472963800905,6.73440254521099,47
"53",2017,7,6.6058947368421,95,7.28163265306122,5.88608695652174,6.78,6.44,6.62541176470588,49,46,10,10,85,5458,2848,2610,656,894,4564,6.68362953462807,7.2448908005618,6.07118812260537,6.20907012195122,6.43478859060402,6.7323726993865,48
"54",2017,8,6.35208333333333,96,6.90545454545455,5.60975609756098,5.125,7.16666666666667,6.26781609195402,55,41,8,9,87,5554,2903,2651,664,903,4651,6.67789881166727,7.23845986910093,6.06405167861185,6.19600903614458,6.4420830564784,6.72368286390024,49
"55",2017,9,6.677,80,7.00978723404255,6.2030303030303,6.38888888888889,7.27777777777778,6.60084507042253,47,33,9,9,71,5634,2950,2684,673,912,4722,6.67788604898829,7.23481661016949,6.06576043219076,6.19858841010401,6.45033004385965,6.7218358746294,50
"56",2017,10,6.15967741935484,93,6.75224489795918,5.49977272727273,5.5,5.28571428571429,6.23081395348837,49,44,10,7,86,5727,2999,2728,683,919,4808,6.66947092718701,7.22693197732577,6.05663159824047,6.18836017569546,6.44145919477693,6.71305303660566,51
"57",2017,11,6.66037634408602,93,7.11598039215686,6.10714285714286,6.25,6,6.72252941176471,51,42,16,8,85,5820,3050,2770,699,927,4893,6.66932560137457,7.22507672131147,6.05739747292419,6.18977110157368,6.43764940668824,6.7132176578786,52
"58",2017,12,6.50645161290323,93,7.11071428571429,5.59189189189189,5.33333333333333,6.375,6.51882352941176,56,37,6,8,85,5913,3106,2807,705,935,4978,6.66676391002875,7.22301481004507,6.05126148913431,6.18248226950355,6.43711336898396,6.70989835275211,53
"59",2018,1,6.5648031496063,127,6.8153164556962,6.1525,6.38461538461539,6.67105263157895,6.54611111111111,79,48,13,19,108,6040,3185,2855,718,954,5086,6.66462003311258,7.21290235478807,6.05296357267951,6.18614206128134,6.44177253668763,6.70642036964216,54
"60",2018,2,6.46573033707865,89,6.925,5.75714285714286,5.21428571428571,4.95,6.61543209876543,54,35,7,8,81,6129,3239,2890,725,962,5167,6.66173193016805,7.20810250077184,6.04938096885814,6.17675862068966,6.42936694386694,6.70499400038707,55
"61",2018,3,6.74894736842105,95,7.25,6.23723404255319,5.62777777777778,6.765,6.74705882352941,48,47,9,10,85,6224,3287,2937,734,972,5252,6.66306314267352,7.20871432917554,6.05238712972421,6.1700272479564,6.43281995884773,6.70567479055598,56
"62",2018,4,6.60875,80,7.09333333333333,5.98571428571429,4.97777777777778,6.4,6.62876712328767,45,35,9,7,73,6304,3332,2972,743,979,5325,6.66237388959391,7.20715606242497,6.05160195154778,6.15558546433378,6.43258529111338,6.70462046948357,57
"63",2018,5,6.43815789473684,76,6.87619047619048,5.89705882352941,6.33333333333333,7.3,6.37746478873239,42,34,6,5,71,6380,3374,3006,749,984,5396,6.65970297805643,7.20303615886188,6.04985395874917,6.15700934579439,6.43699288617886,6.70031578947369,58
"64",2018,6,6.68863636363636,66,6.85666666666667,6.32857142857143,6,6.71875,6.68448275862069,45,21,4,8,58,6446,3419,3027,753,992,5454,6.65999922432516,7.19847733255338,6.05178757846053,6.15617529880478,6.43926512096774,6.70014741474148,59
"65",2018,7,6.28666666666667,66,6.78947368421053,5.60428571428571,5.992,6.57142857142857,6.2528813559322,38,28,10,7,59,6512,3457,3055,763,999,5513,6.65621544840295,7.1939814868383,6.04768608837971,6.15402359108781,6.44019119119119,6.6953607836024,60
"66",2018,8,6.53255813953488,86,7.0125,5.92631578947368,6.27272727272727,6.44444444444444,6.54285714285714,48,38,11,9,77,6598,3505,3093,774,1008,5590,6.65460366777811,7.19149614835948,6.04619495635306,6.15571059431525,6.44022916666666,6.69326010733453,61
"67",2018,9,6.5974025974026,77,6.68958333333333,6.4448275862069,7.35,6.32,6.61666666666667,48,29,4,5,72,6675,3553,3122,778,1013,5662,6.65394382022472,7.18471545173093,6.04989782190904,6.16185089974293,6.43963573543929,6.69228611797951,62
"68",2018,10,6.66594594594595,74,7.07,6.07333333333333,5.64285714285714,8.18571428571429,6.50716417910448,44,30,7,7,67,6749,3597,3152,785,1020,5729,6.65407541858053,7.18331220461496,6.05012087563452,6.15722292993631,6.45161862745098,6.69012113806947,63
"69",2018,11,6.47574712643678,87,7.04145833333333,5.77948717948718,6.16666666666667,6.54545454545455,6.46565789473684,48,39,6,11,76,6836,3645,3191,791,1031,5805,6.65180588063195,7.18144417009602,6.04681322469446,6.15729456384324,6.45261978661494,6.68718242894057,64
"70",2018,12,6.35925,80,6.88181818181818,5.72055555555556,5.44,6.91666666666667,6.31405405405405,44,36,5,6,74,6916,3689,3227,796,1037,5879,6.64842177559283,7.17787042558959,6.04317353579176,6.15278894472362,6.45530472516876,6.68248579690424,65
"71",2019,1,6.4645128440367,109,6.80698405797101,5.87375,5.66785714285714,6.65384615384615,6.43887395833333,69,40,14,13,96,7025,3758,3267,810,1050,5975,6.64556824199288,7.17106064395955,6.04109917355372,6.14440740740741,6.45776285714286,6.67857169874477,66
"72",2019,2,6.5644262295082,61,7.10909090909091,5.9225,4.8325,6.21428571428571,6.60981481481481,33,28,4,7,54,7086,3791,3295,814,1057,6029,6.64486972904318,7.1705212081245,6.04009135053111,6.13796068796069,6.45615042573321,6.67795586332725,67
"73",2019,3,6.41043654761905,84,6.97093023255814,5.82260170731707,5.77272727272727,5.80909090909091,6.5010502739726,43,41,11,11,73,7170,3834,3336,825,1068,6102,6.64212323152022,7.16828270735524,6.03741836630696,6.13309090909091,6.44948595505618,6.67583949033104,68
"74",2019,4,6.55566265060241,83,6.92933333333333,6.11315789473684,6.09230769230769,6,6.58379746835443,45,38,13,4,79,7253,3879,3374,838,1072,6181,6.64113381635185,7.16551067285383,6.0382713900415,6.13245823389021,6.44780876865672,6.67466309173273,69
"75",2019,5,6.325,80,6.93260869565217,5.50294117647059,5.28,6.3,6.32985074626866,46,34,5,13,67,7333,3925,3408,843,1085,6248,6.63768492704214,7.16278112101911,6.03293065434273,6.12740213523132,6.44603778801843,6.67096552016646,70
"76",2019,6,6.43150684931507,73,7.18918918918919,5.65277777777778,5.1,6.16363636363636,6.47903225806452,37,36,5,11,62,7406,3962,3444,848,1096,6310,6.63565265595463,7.1630277385159,6.02895693089431,6.12134433962264,6.44320346715328,6.66907964659271,71
"77",2019,7,6.44166666666667,72,7.00769230769231,5.77272727272727,5.78571428571429,6.33333333333333,6.45714285714286,39,33,7,9,63,7478,4001,3477,855,1105,6373,6.63378491174111,7.16151359660085,6.02652507046305,6.11859649122807,6.44230859728507,6.66698455515456,72
"78",2019,8,6.44285714285714,84,7.04318181818182,5.7825,5.055,6.63076923076923,6.40845070422535,44,40,12,13,71,7562,4045,3517,867,1118,6444,6.63166405316054,7.1602264276885,6.02374969292011,6.10387543252595,6.4445,6.66413602886406,73
"79",2019,9,6.51290322580645,62,6.825,6.08076923076923,6,6.58333333333333,6.50535714285714,36,26,4,6,56,7624,4081,3543,871,1124,6500,6.63069826469045,7.15726927223719,6.02416812588202,6.10339839265212,6.44524110320285,6.66276808769231,74
"80",2019,10,6.66945,80,6.88030188679245,6.25555555555556,5.97142857142857,6.1912,6.70133333333333,53,27,7,5,75,7704,4134,3570,878,1129,6575,6.63110067107996,7.15371840832124,6.02591811484594,6.10234624145786,6.44411603188662,6.66320799543726,75
"81",2019,11,6.58954545454545,66,7.10625,5.79461538461538,5.88888888888889,5.91666666666667,6.65683333333333,40,26,9,6,60,7770,4174,3596,887,1135,6635,6.63074769240669,7.15326351221849,6.02424573692993,6.10018038331454,6.44132775330396,6.66315034966089,76
"82",2019,12,6.71818181818182,77,7.128,5.95925925925926,5.64285714285714,6.5,6.75454545454545,50,27,7,11,66,7847,4224,3623,894,1146,6701,6.63160565439021,7.15296446496212,6.02376143251449,6.09659955257271,6.44189092495637,6.66405052529474,77
"83",2020,1,6.57159292035398,113,7.00408450704225,5.84047619047619,5.4,6.22071428571429,6.62121212121212,71,42,10,14,99,7960,4295,3665,904,1160,6800,6.63075371482412,7.15050335273574,6.02166102864939,6.08889380530973,6.43922155172414,6.66342684852942,78
"84",2020,2,6.33337662337662,77,6.91673913043478,5.46774193548387,6.0625,7.05555555555556,6.23779411764706,46,31,8,9,68,8037,4341,3696,912,1169,6868,6.62790463730248,7.14802623819396,6.01701506222944,6.08866228070175,6.44396663815227,6.65921266307513,79
"85",2020,3,6.51014285714286,70,6.63458333333333,6.23863636363636,5.375,6.625,6.49532258064516,48,22,4,8,62,8107,4389,3718,916,1177,6930,6.62688782163562,7.14241100478469,6.01832643087682,6.08554585152838,6.44519711129991,6.65774640259741,80
"86",2020,4,6.46274509803922,51,6.70625,6.05263157894737,5.33333333333333,7,6.42916666666667,32,19,6,3,48,8158,4421,3737,922,1180,6978,6.62586167810738,7.13925399230943,6.01850084827402,6.08065075921909,6.44660762711864,6.6561740570364,81
"87",2020,5,6.59,70,7.09787234042553,5.55217391304348,5.92222222222222,7.85714285714286,6.44920634920635,47,23,9,7,63,8228,4468,3760,931,1187,7041,6.62555658361692,7.13881868845121,6.01564831648937,6.07911922663802,6.45492586352148,6.65432219429059,82
"88",2020,6,6.05113636363636,44,6.52884615384615,5.36111111111111,4.5,4.75,6.11309523809524,26,18,5,2,42,8272,4494,3778,936,1189,7083,6.62250115691489,7.13528969737427,6.01252982265749,6.07068376068376,6.45205803195963,6.65111288578286,83
"89",2020,7,6.56896551724138,58,7.10625,5.90769230769231,5.7,5.42857142857143,6.72549019607843,32,26,6,7,51,8330,4526,3804,942,1196,7134,6.6221283997599,7.13508437914273,6.01181326761304,6.06832271762208,6.44606772575251,6.65164459910289,84
"90",2020,8,6.23027777777778,72,6.68894736842105,5.71764705882353,5.61666666666667,6.44444444444444,6.19968253968254,38,34,12,9,63,8402,4564,3838,954,1205,7197,6.6187704796477,7.13136982909728,6.00920731370506,6.06264150943396,6.44605560165975,6.64768828261776,85
"91",2020,9,6.20952380952381,63,6.50857142857143,5.83571428571429,6.56666666666667,6.03,6.24339622641509,35,28,6,10,53,8465,4599,3866,960,1215,7250,6.61572469816893,7.12663011524244,6.00795076823591,6.06579166666667,6.44263127572016,6.64473276827587,86
"92",2020,10,6.57169811320755,53,6.92,5.89444444444444,5.3,6,6.606,35,18,5,3,50,8518,4634,3884,965,1218,7300,6.61545075956797,7.1250694648252,6.00742473480948,6.06182383419689,6.44154105090312,6.64446747534247,87
"93",2020,11,6.72051282051282,78,7.20208333333333,5.95,5.5,6.66666666666667,6.72266666666667,48,30,4,3,75,8596,4682,3914,969,1221,7375,6.61640409143788,7.1258590132422,6.00698458610118,6.05950464396285,6.44209418509418,6.64526272135594,88
"94",2020,12,6.41466347826087,92,6.97402,5.6875,5.71875,5.94615384615385,6.49176,52,40,16,13,79,8688,4734,3954,985,1234,7454,6.61426779581031,7.12419115758343,6.00375257207891,6.05396954314721,6.43686952998379,6.64363584786692,89
"95",2021,1,6.58835443037975,79,6.845,5.77789473684211,5.625,5.4,6.66864864864865,60,19,4,5,74,8767,4794,3973,989,1239,7528,6.61403428881031,7.12069690029203,6.00267245658193,6.05223458038423,6.43268523002421,6.64388172290117,90
"96",2021,2,6.40357142857143,56,6.75454545454545,5.9,6,6.61666666666667,6.378,33,23,3,6,50,8823,4827,3996,992,1245,7578,6.6126984710416,7.11819368966231,6.002081498999,6.05207661290322,6.4335718875502,6.64212742280285,91
"97",2021,3,6.51054054054054,37,6.95791666666667,5.68461538461538,5.76666666666667,6.2925,6.57068965517241,24,13,3,8,29,8860,4851,4009,995,1253,7607,6.61227185214447,7.11740072974644,6.00105205038663,6.05121608040201,6.43267118914605,6.64185508216117,92
"98",2021,4,6.52826086956522,46,6.86451612903226,5.83333333333333,6.5,6.8,6.49512195121951,31,15,2,5,41,8906,4882,4024,997,1258,7648,6.61183793060858,7.11579494879147,6.00042685636183,6.05211634904714,6.43413116057234,6.64106846365063,93
"99",2021,5,5.9672131147541,61,6.80384615384615,5.34571428571429,5.6,5.44444444444444,6.05769230769231,26,35,10,9,52,8967,4908,4059,1007,1267,7700,6.60745272777964,7.11414240831296,5.99478139196847,6.04762661370407,6.42710102604578,6.63712878051949,94
"100",2021,6,6.20740740740741,54,6.62,5.44736842105263,5.83333333333333,5.16666666666667,6.3375,35,19,3,6,48,9021,4943,4078,1010,1273,7748,6.60505804345416,7.1106435241756,5.99223091466405,6.0469900990099,6.42116025137471,6.63527253613836,95
"101",2021,7,6.38111111111111,45,6.78888888888889,5.76944444444444,4.75,6.33333333333333,6.38846153846154,27,18,4,6,39,9066,4970,4096,1014,1279,7787,6.6039464604015,7.10889556136821,5.9912518725586,6.04187376725838,6.42074824081313,6.63403642095801,96
"102",2021,8,6.98754237288136,59,7.15578947368421,6.68309523809524,5.425,7.17681818181818,6.94416666666667,38,21,4,11,48,9125,5008,4117,1018,1290,7835,6.6064266969863,7.10925138578274,5.99478082827302,6.03944990176817,6.42719534883721,6.63593638927888,97
"103",2021,9,6.76792452830189,53,7.05714285714286,6.20555555555556,6.35,6.375,6.8,35,18,4,4,49,9178,5043,4135,1022,1294,7884,6.60735929505339,7.10888973626809,5.99569834824668,6.04066536203522,6.42703400309119,6.63695606418062,98
"104",2021,10,6.36857142857143,70,6.686,5.94533333333333,5.46714285714286,6.24166666666667,6.38046875,40,30,7,6,64,9248,5083,4165,1029,1300,7948,6.60555186094291,7.10556186110564,5.99533557503002,6.0367638483965,6.42617846153846,6.63489074106694,99
"105",2021,11,6.46248095890411,73,6.84560720930233,5.91333333333333,5.25,6.22272727272727,6.50501790322581,43,30,6,11,62,9321,5126,4195,1035,1311,8010,6.6044313614419,7.10338120366757,5.9947491466031,6.03220289855072,6.42447139588101,6.63388548314607,100
"106",2021,12,6.43333333333333,72,6.69047619047619,6.07333333333333,6.06666666666667,7.84,6.32835820895522,42,30,6,5,67,9393,5168,4225,1041,1316,8077,6.60311984669435,7.10002555147058,5.99530714082841,6.03240153698367,6.42984954407295,6.63135108579919,101
"107",2022,1,6.44235294117647,102,6.83719298245614,5.94222222222222,5.3625,6.3,6.465,57,45,8,14,88,9495,5225,4270,1049,1330,8165,6.60139280884676,7.09715828708134,5.99474769789228,6.02729265967588,6.42848270676692,6.62955820208206,102
"108",2022,2,6.15780821917808,73,6.55847628571429,5.78877184210526,5.25,6.4,6.14,35,38,6,5,68,9568,5260,4308,1055,1335,8233,6.59800843645485,7.09357390114068,5.99293082636955,6.02287203791469,6.42837602996255,6.62551472367303,103
"109",2022,3,6.3948717948718,78,6.6609756097561,6.1,5.66666666666667,6.7375,6.35571428571429,41,37,3,8,70,9646,5301,4345,1058,1343,8303,6.59636582210242,7.09022801735521,5.99384257767549,6.02186200378072,6.43021742367833,6.6232401204384,104
"110",2022,4,6.62545454545455,55,7.31935483870968,5.72916666666667,6.33333333333333,6.87,6.601,31,24,3,5,50,9701,5332,4369,1061,1348,8353,6.5965307411607,7.09156015003751,5.99238864728771,6.02274269557021,6.43184866468843,6.62310699389441,105
"111",2022,5,6.12216216216216,74,6.66285714285714,5.63692307692308,5.6,6.5,6.08882352941176,35,39,5,6,68,9775,5367,4408,1066,1354,8421,6.59293961329923,7.08876443450717,5.98924364791289,6.02075984990619,6.43215066469719,6.61879262795393,106
"112",2022,6,6.28666666666667,54,6.73461538461538,5.87071428571429,5.5,6.16666666666667,6.30166666666667,26,28,2,6,48,9829,5393,4436,1068,1360,8469,6.59125696612066,7.08705705915075,5.98849549143373,6.01978464419475,6.43097941176471,6.61699524383044,107
"113",2022,7,6.54038461538462,52,6.85454545454545,6.31,6.33333333333333,6.95,6.50625,22,30,3,4,48,9881,5415,4466,1071,1364,8517,6.59098924400364,7.08611241366574,5.9906551724138,6.0206629318394,6.43250146627566,6.61637110719737,108
"114",2022,8,6.4359375,64,6.91081081081081,5.78518518518518,5.6,5.75,6.48166666666667,37,27,5,4,60,9945,5452,4493,1076,1368,8577,6.5899914248366,7.08492272927366,5.98942043178278,6.01870817843866,6.43050584795322,6.61542878862073,109
"115",2022,9,6.25357142857143,56,6.82666666666667,5.59230769230769,5.58333333333333,6.04,6.27450980392157,30,26,6,5,51,10001,5482,4519,1082,1373,8628,6.58810766123388,7.08350943451295,5.98713564947998,6.01629390018484,6.42908375819374,6.61341362076959,110
"116",2022,10,6.08,45,6.33333333333333,5.7,7,7,5.965,27,18,1,5,40,10046,5509,4537,1083,1378,8668,6.58583164642644,7.07983276819749,5.9859964734406,6.01720221606648,6.43115529753266,6.6104214028611,111
"117",2022,11,6.48629032258065,62,6.68157894736842,6.17708333333333,5.70833333333333,6.7,6.45,38,24,6,9,53,10108,5547,4561,1089,1387,8721,6.58522108428967,7.07710451054624,5.98700197325148,6.01550045913682,6.43289978370584,6.60944647632153,112
"118",2022,12,6.43106060606061,66,7.0125,5.73333333333333,5.2,5.3,6.52377049180328,36,30,5,5,61,10174,5583,4591,1094,1392,8782,6.58422102614507,7.07668793121977,5.98534436941843,6.01177330895795,6.42883045977012,6.60885136870873,113
