"","year","month","avg_rating","no_ratings","avg_rating_owned","avg_rating_not_owned","avg_rating_prev_owned","avg_rating_comment","avg_rating_no_comment","no_ratings_owned","no_ratings_not_owned","no_ratings_prev_owned","no_ratings_comment","no_ratings_no_comment","cum_no_ratings","cum_no_ratings_owned","cum_no_ratings_not_owned","cum_no_ratings_prev_owned","cum_no_ratings_comment","cum_no_ratings_no_comment","cum_avg_rating","cum_avg_rating_owned","cum_avg_rating_not_owned","cum_avg_rating_prev_owned","cum_avg_rating_comment","cum_avg_rating_no_comment","month_after_release"
"1",2001,6,8.27272727272727,11,8.33333333333333,8,NA,7,8.4,9,2,0,1,10,11,9,2,0,1,10,8.27272727272727,8.33333333333333,8,NA,7,8.4,0
"2",2001,7,8.75,4,8.75,NA,NA,NA,8.75,4,0,0,0,4,15,13,2,0,1,14,8.4,8.46153846153846,8,NA,7,8.5,1
"3",2001,8,8.83333333333333,18,8.83333333333333,NA,NA,9,8.7,18,0,0,8,10,33,31,2,0,9,24,8.63636363636364,8.67741935483871,8,NA,8.77777777777778,8.58333333333333,2
"4",2001,9,7.9,10,8.22222222222222,5,NA,5,8.22222222222222,9,1,0,1,9,43,40,3,0,10,33,8.46511627906977,8.575,7,NA,8.4,8.48484848484848,3
"5",2001,10,8.17857142857143,14,8.29166666666667,7.5,NA,8,8.22727272727273,12,2,0,3,11,57,52,5,0,13,44,8.39473684210526,8.50961538461539,7.2,NA,8.30769230769231,8.42045454545454,4
"6",2001,11,7.71428571428571,7,7.5,9,NA,7.5,7.8,6,1,0,2,5,64,58,6,0,15,49,8.3203125,8.4051724137931,7.5,NA,8.2,8.35714285714286,5
"7",2001,12,8.33333333333333,3,10,7.5,NA,10,7.5,1,2,0,1,2,67,59,8,0,16,51,8.32089552238806,8.43220338983051,7.5,NA,8.3125,8.32352941176471,6
"8",2002,1,8.45454545454546,11,8.45454545454546,NA,NA,6.5,8.88888888888889,11,0,0,2,9,78,70,8,0,18,60,8.33974358974359,8.43571428571429,7.5,NA,8.11111111111111,8.40833333333333,7
"9",2002,2,8.73076923076923,13,8.77272727272727,8.5,NA,9.16666666666667,8.6,11,2,0,3,10,91,81,10,0,21,70,8.3956043956044,8.48148148148148,7.7,NA,8.26190476190476,8.43571428571429,8
"10",2002,3,8.85,10,8.85,NA,NA,9.375,8.5,10,0,0,4,6,101,91,10,0,25,76,8.44059405940594,8.52197802197802,7.7,NA,8.44,8.44078947368421,9
"11",2002,4,8.83333333333333,6,9,8.5,NA,9,8.8,4,2,0,1,5,107,95,12,0,26,81,8.46261682242991,8.54210526315789,7.83333333333333,NA,8.46153846153846,8.46296296296296,10
"12",2002,5,8.5625,8,8.5,9,NA,9,8.41666666666667,7,1,0,2,6,115,102,13,0,28,87,8.4695652173913,8.53921568627451,7.92307692307692,NA,8.5,8.45977011494253,11
"13",2002,6,7.875,12,8.04545454545454,6,NA,7.875,7.875,11,1,0,4,8,127,113,14,0,32,95,8.41338582677165,8.49115044247788,7.78571428571429,NA,8.421875,8.41052631578948,12
"14",2002,7,7.5,16,7.71428571428571,6,NA,6.5,7.64285714285714,14,2,0,2,14,143,127,16,0,34,109,8.31118881118881,8.40551181102362,7.5625,NA,8.30882352941177,8.31192660550459,13
"15",2002,8,8.38888888888889,27,8.46,7.5,NA,8.5625,8.31578947368421,25,2,0,8,19,170,152,18,0,42,128,8.32352941176471,8.41447368421053,7.55555555555556,NA,8.35714285714286,8.3125,14
"16",2002,9,8.10869565217391,23,8.23809523809524,6.75,7,7.91666666666667,8.17647058823529,21,2,1,6,17,193,173,20,1,48,145,8.2979274611399,8.39306358381503,7.475,7,8.30208333333333,8.29655172413793,15
"17",2002,10,8.41176470588235,17,9,6.5,6,8.66666666666667,8.27272727272727,13,4,2,6,11,210,186,24,3,54,156,8.30714285714286,8.43548387096774,7.3125,6.33333333333333,8.34259259259259,8.2948717948718,16
"18",2002,11,8.36363636363636,22,8.19444444444444,9.125,NA,7.92857142857143,8.56666666666667,18,4,0,7,15,232,204,28,3,61,171,8.3125,8.41421568627451,7.57142857142857,6.33333333333333,8.29508196721312,8.3187134502924,17
"19",2002,12,8.08974358974359,39,8.04166666666667,8.66666666666667,NA,7.81818181818182,8.19642857142857,36,3,0,11,28,271,240,31,3,72,199,8.28044280442804,8.35833333333333,7.67741935483871,6.33333333333333,8.22222222222222,8.30150753768844,18
"20",2003,1,7.90540540540541,37,7.94285714285714,7.25,NA,7.65,8,35,2,0,10,27,308,275,33,3,82,226,8.23538961038961,8.30545454545454,7.65151515151515,6.33333333333333,8.15243902439025,8.26548672566372,19
"21",2003,2,8.13636363636364,22,8.16666666666667,8,NA,8.7,7.66666666666667,18,4,0,10,12,330,293,37,3,92,238,8.22878787878788,8.29692832764505,7.68918918918919,6.33333333333333,8.21195652173913,8.23529411764706,20
"22",2003,3,8.28571428571429,28,8.52272727272727,7.41666666666667,6,7.75,8.58333333333333,22,6,1,10,18,358,315,43,4,102,256,8.23324022346369,8.31269841269841,7.65116279069767,6.25,8.16666666666667,8.259765625,21
"23",2003,4,8.54,25,8.6875,5,NA,8.66666666666667,8.5,24,1,0,6,19,383,339,44,4,108,275,8.2532637075718,8.33923303834808,7.59090909090909,6.25,8.19444444444444,8.27636363636364,22
"24",2003,5,8.08510638297872,47,8.26829268292683,6.83333333333333,9,8.64285714285714,7.63461538461539,41,6,1,21,26,430,380,50,5,129,301,8.23488372093023,8.33157894736842,7.5,6.8,8.26744186046511,8.22093023255814,23
"25",2003,6,8.39189189189189,37,8.546875,7.4,8,8.31578947368421,8.47222222222222,32,5,1,19,18,467,412,55,6,148,319,8.24732334047109,8.34830097087378,7.49090909090909,7,8.27364864864865,8.23510971786834,24
"26",2003,7,7.83064516129032,93,8.09276315789474,6.65882352941177,8.25,7.90909090909091,7.80633802816901,76,17,2,22,71,560,488,72,8,170,390,8.178125,8.30850409836065,7.29444444444445,7.3125,8.22647058823529,8.15705128205128,25
"27",2003,8,7.92045454545455,44,8.30882352941176,6.6,NA,7.91176470588235,7.92592592592593,34,10,0,17,27,604,522,82,8,187,417,8.15935430463576,8.30852490421456,7.20975609756098,7.3125,8.19786096256684,8.14208633093525,26
"28",2003,9,8.3702380952381,42,8.57647058823529,7.49375,10,9.09117647058824,7.88,34,8,1,17,25,646,556,90,9,204,442,8.17306501547988,8.32491007194245,7.235,7.61111111111111,8.27230392156863,8.12726244343891,27
"29",2003,10,8.11538461538461,39,8.35714285714286,6,5,8.21875,8.04347826086956,35,4,1,16,23,685,591,94,10,220,465,8.16978102189781,8.32681895093063,7.18244680851064,7.35,8.26840909090909,8.12311827956989,28
"30",2003,11,8.51851851851852,27,8.68181818181818,7.8,8,8.7,8.41176470588235,22,5,1,10,17,712,613,99,11,230,482,8.18300561797753,8.33955954323002,7.21363636363636,7.40909090909091,8.28717391304348,8.13329875518672,29
"31",2003,12,8.33928571428571,56,8.53061224489796,7,8,8.52083333333333,8.203125,49,7,1,24,32,768,662,106,12,254,514,8.19440104166667,8.35370090634441,7.19952830188679,7.45833333333333,8.30925196850393,8.13764591439689,30
"32",2004,1,8.296875,64,8.25,8.625,7,8.64285714285714,8.12790697674419,56,8,1,21,43,832,718,114,13,275,557,8.20228365384616,8.34561281337047,7.29956140350877,7.42307692307692,8.33472727272727,8.13689407540395,31
"33",2004,2,7.565,60,7.69607843137255,6.82222222222222,NA,7.35416666666667,7.70555555555556,51,9,0,24,36,892,769,123,13,299,593,8.15941704035875,8.30253576072822,7.26463414634146,7.42307692307692,8.25602006688963,8.11070826306914,32
"34",2004,3,7.81842105263158,76,7.94923076923077,7.04545454545455,6,7.925,7.76923076923077,65,11,1,24,52,968,834,134,14,323,645,8.13264462809917,8.275,7.24664179104478,7.32142857142857,8.23142414860681,8.08317829457364,33
"35",2004,4,7.74142857142857,70,7.95737704918033,6.27777777777778,NA,7.74642857142857,7.73809523809524,61,9,0,28,42,1038,895,143,14,351,687,8.10626204238921,8.25335195530726,7.18566433566434,7.32142857142857,8.19273504273504,8.06208151382824,34
"36",2004,5,7.6796875,64,7.83518518518519,6.84,NA,7.87666666666667,7.50588235294118,54,10,0,30,34,1102,949,153,14,381,721,8.08148820326679,8.2295574288725,7.16307189542484,7.32142857142857,8.16784776902887,8.03585298196948,35
"37",2004,6,7.94848484848485,66,7.946875,8,NA,7.93333333333333,7.95555555555556,64,2,0,21,45,1168,1013,155,14,402,766,8.07397260273973,8.21169792694965,7.17387096774194,7.32142857142857,8.15559701492537,8.03113577023498,36
"38",2004,7,7.59935897435897,78,7.76102941176471,6.5,NA,7.51851851851852,7.6421568627451,68,10,0,27,51,1246,1081,165,14,429,817,8.04426163723917,8.18334875115634,7.1330303030303,7.32142857142857,8.11550116550116,8.00685434516524,37
"39",2004,8,8.04788732394366,71,8.1864406779661,7.36666666666667,7,8.35357142857143,7.84883720930233,59,12,4,28,43,1317,1140,177,18,457,860,8.04445709946849,8.18350877192982,7.14887005649718,7.25,8.13008752735229,7.99895348837209,38
"40",2004,9,8.03194174757282,103,8.174,7.36111111111111,7,8.18891891891892,7.94393939393939,85,18,1,37,66,1420,1225,195,19,494,926,8.04354929577465,8.18284897959184,7.16846153846154,7.23684210526316,8.1344939271255,7.99503239740821,39
"41",2004,10,7.98958333333333,96,8.05232558139535,7.45,7,8.01219512195122,7.97272727272727,86,10,1,41,55,1516,1311,205,20,535,981,8.04013192612137,8.17428680396644,7.18219512195122,7.225,8.1251214953271,7.99378185524974,40
"42",2004,11,7.723,100,7.75060240963855,7.58823529411765,7,7.76279069767442,7.69298245614035,83,17,4,43,57,1616,1394,222,24,578,1038,8.02050742574257,8.14906025824964,7.21328828828829,7.1875,8.0981660899654,7.97726396917148,41
"43",2004,12,8.03551401869159,107,8.2375,6.27272727272727,3,8.335,7.85671641791045,96,11,1,40,67,1723,1490,233,25,618,1105,8.02143934997098,8.15475838926174,7.16888412017168,7.02,8.11349514563106,7.96995475113122,42
"44",2005,1,7.82176870748299,147,8.04380165289256,6.78846153846154,6.7,7.56530612244898,7.95,121,26,5,49,98,1870,1611,259,30,667,1203,8.00574331550802,8.14642458100558,7.13069498069498,6.96666666666667,8.07322338830584,7.96832917705736,43
"45",2005,2,7.68166666666667,120,7.91153846153846,6.1875,5.5,7.53076923076923,7.79705882352941,104,16,5,52,68,1990,1715,275,35,719,1271,7.98620100502512,8.13218075801749,7.07581818181818,6.75714285714286,8.03399165507649,7.95916601101495,44
"46",2005,3,7.66153846153846,117,7.88965517241379,7,6.33333333333333,7.84651162790698,7.55405405405405,87,30,3,43,74,2107,1802,305,38,762,1345,7.96817275747508,8.1204716981132,7.06836065573771,6.72368421052632,8.02341207349081,7.93687732342007,45
"47",2005,4,7.48461538461538,91,7.66805555555556,6.78947368421053,7,7.375,7.54406779661017,72,19,2,32,59,2198,1874,324,40,794,1404,7.94815286624203,8.10308964781216,7.05200617283951,6.7375,7.99727959697733,7.92037037037037,46
"48",2005,5,7.58980582524272,103,7.89457831325301,6.325,NA,7.77272727272727,7.50357142857143,83,20,0,33,70,2301,1957,344,40,827,1474,7.93211212516297,8.09424629535002,7.00973837209302,6.7375,7.9883192261185,7.90057666214383,47
"49",2005,6,7.79735632183908,87,7.81763888888889,7.7,8.08333333333333,7.93342857142857,7.70576923076923,72,15,6,35,52,2388,2029,359,46,862,1526,7.927202680067,8.08443075406604,7.03857938718663,6.91304347826087,7.98609048723898,7.89393840104849,48
"50",2005,7,7.69315789473684,95,7.85352941176471,6.33,8.5,7.46142857142857,7.82833333333333,85,10,2,35,60,2483,2114,369,48,897,1586,7.91824808699154,8.07514664143803,7.01937669376694,6.97916666666667,7.96561872909699,7.89145649432535,49
"51",2005,8,7.92322834645669,127,8.03095238095238,7.40909090909091,8.33333333333333,7.96491228070175,7.88928571428571,105,22,3,57,70,2610,2219,391,51,954,1656,7.91849042145594,8.07305543037404,7.04130434782609,7.05882352941176,7.96557651991614,7.89136473429952,50
"52",2005,9,7.63387096774194,124,7.81284403669725,6.33333333333333,7.16666666666667,7.5,7.72432432432432,109,15,3,50,74,2734,2328,406,54,1004,1730,7.90558156547183,8.06087199312715,7.01514778325123,7.06481481481481,7.94239043824701,7.88421965317919,51
"53",2005,10,7.80645161290323,124,7.9697247706422,6.62,7,7.48936170212766,8,109,15,3,47,77,2858,2437,421,57,1051,1807,7.90128061581525,8.05679524004924,7.00106888361045,7.06140350877193,7.92213130352046,7.88915329275042,52
"54",2005,11,7.74452047945205,146,7.952343671875,6.26666666666667,6,7.89374979166667,7.67142857142857,128,18,1,48,98,3004,2565,439,58,1099,1905,7.89366178095872,8.05158284210526,6.97095671981777,7.04310344827586,7.92089171064604,7.87795275590551,53
"55",2005,12,7.64879518072289,166,7.81142857142857,6.77307692307692,6.78571428571429,7.81521739130435,7.585,140,26,7,46,120,3170,2705,465,65,1145,2025,7.88083911356467,8.03915341589649,6.95989247311828,7.01538461538462,7.91664627947598,7.86059259259259,54
"56",2006,1,7.85228571428571,175,7.93938356164384,7.41379310344828,7,7.73981481481481,7.90247933884298,146,29,4,54,121,3345,2851,494,69,1199,2146,7.87934528849028,8.03404419151175,6.98653846153846,7.01449275362319,7.90868222685571,7.86295433364399,55
"57",2006,2,7.89409722222222,144,8.04791666666667,7.125,7.83333333333333,7.71195652173913,7.97959183673469,120,24,3,46,98,3489,2971,518,72,1245,2244,7.8799541387217,8.03460450690003,6.99295366795367,7.04861111111111,7.90141364658635,7.86804812834225,56
"58",2006,3,7.77283870967742,155,7.95040983606557,7.11636363636364,6,7.733,7.79180952380952,122,33,5,50,105,3644,3093,551,77,1295,2349,7.87539791163556,8.03128354025218,7.00034482758621,6.98051948051948,7.89491118918919,7.86464027245636,57
"59",2006,4,7.7891592920354,113,7.92207446808511,7.13157894736842,7,7.86761363636364,7.73913043478261,94,19,4,44,69,3757,3187,570,81,1339,2418,7.87280409635347,8.0280624380295,7.00471929824562,6.98148148148148,7.89401418222554,7.86105872622002,58
"60",2006,5,7.72844827586207,116,7.76530612244898,7.52777777777778,7.25,7.53947368421053,7.82051282051282,98,18,2,38,78,3873,3285,588,83,1377,2496,7.86848050348567,8.0202237412481,7.02073129251701,6.98795180722892,7.88423020334059,7.85979166666667,59
"61",2006,6,7.77403846153846,104,8.02906976744186,6.55555555555556,6,7.72727272727273,7.79577464788732,86,18,3,33,71,3977,3371,606,86,1410,2567,7.86601080965552,8.02044941857016,7.00691419141914,6.95348837209302,7.88055673049645,7.85802103622906,60
"62",2006,7,7.74883720930233,172,7.88776978417266,7.16363636363636,6.25,7.698,7.76967213114754,139,33,6,50,122,4149,3510,639,92,1460,2689,7.86115328753916,8.01519515384615,7.01500782472614,6.90760869565217,7.87430478767123,7.85401264410562,61
"63",2006,8,7.59810344827586,145,7.83098290598291,6.625,6.5,7.14102564102564,7.76627358490566,117,28,2,39,106,4294,3627,667,94,1499,2795,7.85227060782487,8.00925282326992,6.99863568215892,6.89893617021277,7.85522681120747,7.85068515205725,62
"64",2006,9,7.77048611111111,144,7.95291666666667,6.85833333333333,7.25,7.4695652173913,7.91173469387755,120,24,6,46,98,4438,3747,691,100,1545,2893,7.84961694231636,8.00744862289832,6.99376266280753,6.92,7.84374433009709,7.85275319737297,63
"65",2006,10,7.4944099378882,161,7.7031746031746,6.74285714285714,7.66666666666667,7.15348837209302,7.61864406779661,126,35,3,43,118,4599,3873,726,103,1588,3011,7.83718199391172,7.99754970049057,6.98166666666667,6.94174757281553,7.82505352015113,7.84357854533378,64
"66",2006,11,7.78607594936709,158,8.01865671641791,6.4875,NA,7.85714285714286,7.76034482758621,134,24,0,42,116,4757,4007,750,103,1630,3127,7.83548454698339,7.998255550287,6.96585333333333,6.94174757281553,7.82588036196319,7.84049088583307,65
"67",2006,12,7.69644351464435,239,7.90572139303483,6.58947368421053,6,7.49626865671642,7.77441860465116,201,38,5,67,172,4996,4208,788,108,1697,3299,7.82883306445156,7.99383554895437,6.94770304568528,6.89814814814815,7.81286681791397,7.83704607456805,66
"68",2007,1,7.6981884057971,276,7.79774774774775,7.28888888888889,6.2,7.46911764705882,7.77307692307692,222,54,5,68,208,5272,4430,842,113,1765,3507,7.82199354893778,7.98400902708803,6.96958432304038,6.86725663716814,7.79962322379603,7.83325206729398,67
"69",2007,2,7.63165921465969,191,7.7989932885906,7.03802166666667,7.2,7.24545454545455,7.78784492647059,149,42,5,55,136,5463,4579,884,118,1820,3643,7.81533898956617,7.97798864162481,6.97283587104072,6.88135593220339,7.78287636813187,7.83155693384573,68
"70",2007,3,7.63133333333333,180,7.77907284768212,6.86206896551724,7,7.50076923076923,7.684375,151,29,8,52,128,5643,4730,913,126,1872,3771,7.80946959064327,7.9716384756871,6.96931753559693,6.88888888888889,7.77504005876068,7.82656110050384,69
"71",2007,4,7.39076086956522,184,7.70379310344828,6.22692307692308,7.1,7.32232142857143,7.420703125,145,39,5,56,128,5827,4875,952,131,1928,3899,7.79624796636348,7.96367179282051,6.93890431722689,6.8969465648855,7.76189055497925,7.81323721723519,70
"72",2007,5,7.63283582089552,201,7.85414012738854,6.84318181818182,6.91666666666667,7.75263157894737,7.58541666666667,157,44,6,57,144,6028,5032,996,137,1985,4043,7.79079908759124,7.9602543700318,6.9346756124498,6.8978102189781,7.76162468010076,7.80512290625773,71
"73",2007,6,7.75155440414508,193,7.91809210526316,7.13414634146341,6.92857142857143,8.14716981132075,7.60178571428571,152,41,7,53,140,6221,5184,1037,144,2038,4183,7.78958156244976,7.95901813078704,6.94256211186114,6.89930555555556,7.77165112365064,7.7983174539804,72
"74",2007,7,7.71680412371134,194,7.90897435897436,6.9278947368421,7,7.4063829787234,7.81605442176871,156,38,5,47,147,6415,5340,1075,149,2085,4330,7.78738065471551,7.95755617790262,6.9420436372093,6.90268456375839,7.76341726139089,7.79891960969977,73
"75",2007,8,7.58973214285714,224,7.84,6.56590909090909,7.125,7.54769230769231,7.60691823899371,180,44,8,65,159,6639,5520,1119,157,2150,4489,7.78071198975749,7.95372282427536,6.92725371760501,6.9140127388535,7.75689534418605,7.79211893740254,74
"76",2007,9,7.69447236180905,199,7.80121951219512,7.19428571428571,6.4,7.65283018867925,7.70958904109589,164,35,5,53,146,6838,5684,1154,162,2203,4635,7.77820223749634,7.9493226583392,6.93535260831889,6.89814814814815,7.75439173399909,7.78951929018339,75
"77",2007,10,7.6448132780083,241,7.74822335025381,7.18181818181818,6.75,7.36607142857143,7.72918918918919,197,44,4,56,185,7079,5881,1198,166,2259,4820,7.77366109620002,7.94258629314742,6.94440476627713,6.89457831325301,7.74476537848605,7.78720371576763,76
"78",2007,11,7.67177121771218,271,7.76636771300448,7.23229166666667,7.21428571428571,7.55632183908046,7.72635869565217,223,48,7,87,184,7350,6104,1246,173,2346,5004,7.76990434013605,7.93614842562254,6.95549511235955,6.90751445086705,7.7377770630861,7.7849664088729,77
"79",2007,12,7.585,330,7.77385496183206,6.85735294117647,6.62307692307692,7.32616822429907,7.70919282511211,262,68,13,107,223,7680,6366,1314,186,2453,5227,7.76195923177083,7.9294690527804,6.95041621765601,6.88763440860215,7.71982266204647,7.78173367323512,78
"80",2008,1,7.49367245657568,403,7.72739938080495,6.55,6.61111111111111,7.439453125,7.51890909090909,323,80,9,128,275,8083,6689,1394,195,2581,5502,7.7485830632191,7.91971146509194,6.92743680774749,6.87487179487179,7.70591824486633,7.76859722101054,79
"81",2008,2,7.82065637065637,259,7.94166666666667,7.09459459459459,7.6,7.55597014925373,7.91302083333333,222,37,5,67,192,8342,6911,1431,200,2648,5694,7.75082077439463,7.92041672551006,6.93175884696017,6.893,7.70212424093656,7.77346714260625,80
"82",2008,3,7.67173913043478,276,7.88317307692308,7.025,6.8,7.56172839506173,7.7174358974359,208,68,13,81,195,8618,7119,1499,213,2729,5889,7.74828810628916,7.91932855597696,6.93598859906604,6.88732394366197,7.69795712348846,7.7716118033622,81
"83",2008,4,7.67883817427386,241,7.80536585365854,6.95833333333333,6.8,7.56129032258065,7.7195530726257,205,36,10,62,179,8859,7324,1535,223,2791,6068,7.74639879218873,7.91613872064446,6.93651264495114,6.88340807174888,7.69492117162307,7.77007612228082,82
"84",2008,5,7.65657894736842,228,7.89347826086957,6.66590909090909,7.85714285714286,7.46493506493506,7.75430463576159,184,44,7,77,151,9087,7508,1579,230,2868,6219,7.74414514141081,7.91558337639851,6.92897207726409,6.91304347826087,7.6887465097629,7.76969318379161,83
"85",2008,6,7.65046082949309,217,7.8135838150289,7.00909090909091,6.83846153846154,7.45625,7.73169934640523,173,44,13,64,153,9304,7681,1623,243,2932,6372,7.74196011392949,7.91328602916287,6.9311441219963,6.90905349794239,7.68367155184175,7.76878090238544,84
"86",2008,7,7.52015625,256,7.85989361702128,6.58088235294118,6.332,7.09168539325843,7.74850299401198,188,68,25,89,167,9560,7869,1691,268,3021,6539,7.73602059623431,7.91201041936714,6.91705908338261,6.85522388059702,7.66623137702747,7.76826302339807,85
"87",2008,8,7.49295833333333,240,7.70701754385965,6.96246376811594,6.34090909090909,7.06,7.62167567567568,171,69,22,55,185,9800,8040,1760,290,3076,6724,7.73006805102041,7.90765049626866,6.91883915340909,6.81620689655172,7.65539173927178,7.76422990928019,86
"88",2008,9,7.59341232227488,211,7.75099378881988,7.086,7.21428571428571,7.69754098360656,7.55106666666667,161,50,14,61,150,10011,8201,1810,304,3137,6874,7.72718778343822,7.90457505060358,6.92345685635359,6.83453947368421,7.6562113452343,7.75957839831248,87
"89",2008,10,7.5,194,7.76369863013699,6.69791666666667,6.52941176470588,6.80851063829787,7.72108843537415,146,48,17,47,147,10205,8347,1858,321,3184,7021,7.72286887800098,7.90211093686354,6.91763019913886,6.8183800623053,7.64369817525125,7.7587725267056,88
"90",2008,11,7.41079295154185,227,7.65335195530726,6.50625,6.16666666666667,6.96206896551724,7.56479289940828,179,48,9,58,169,10432,8526,1906,330,3242,7190,7.71607811541411,7.89688834037063,6.9072701521511,6.80060606060606,7.63150369833436,7.75421306119611,89
"91",2008,12,7.40443223443223,273,7.62697115384615,6.69230769230769,6.69473684210526,6.82916666666667,7.61049751243781,208,65,19,72,201,10705,8734,1971,349,3314,7391,7.70813049042503,7.89046026906343,6.90018108066971,6.79484240687679,7.61407211526856,7.75030468272223,90
"92",2009,1,7.49152163461538,416,7.69163496932515,6.76666666666667,6.40625,7.05714285714286,7.6381768488746,326,90,32,105,311,11121,9060,2061,381,3419,7702,7.70002786619908,7.88330606953642,6.89435075691412,6.76220472440945,7.59696840889149,7.7457770592054,91
"93",2009,2,7.38448275862069,406,7.66021897810219,6.81212121212121,6.92666666666667,7.59940476190476,7.32841614906832,274,132,30,84,322,11527,9334,2193,411,3503,8024,7.68891384575345,7.87675733769016,6.88940123575011,6.77420924574209,7.59702683128747,7.7290285281655,92
"94",2009,3,7.427959697733,397,7.62055555555556,7.01850393700787,6.575,7.2987012987013,7.4590625,270,127,24,77,320,11924,9604,2320,435,3580,8344,7.68022558705132,7.8695546636818,6.89646849568965,6.7632183908046,7.59061033240223,7.71867508509108,93
"95",2009,4,7.42055837563452,394,7.57423076923077,7.12238805970149,6.36842105263158,7.38541666666667,7.42841614906832,260,134,19,72,322,12318,9864,2454,454,3652,8666,7.67191994641987,7.86177037611517,6.90880477180114,6.74669603524229,7.5865648932092,7.70789001961689,94
"96",2009,5,7.46524664879357,373,7.56312757201646,7.28228461538462,6.80892857142857,7.28242857142857,7.51280405405405,243,130,28,77,296,12691,10107,2584,482,3729,8962,7.66584563076196,7.85459018403087,6.92759439241486,6.7503112033195,7.58028479216948,7.70144665364874,95
"97",2009,6,7.49752380952381,315,7.68653846153846,7.13009345794393,6.75,7.02532258064516,7.61324110671937,208,107,28,62,253,13006,10315,2691,510,3791,9215,7.66176894510226,7.85120145322346,6.93564619472315,6.75029411764706,7.57120864943287,7.69902494953879,96
"98",2009,7,7.44983606557377,305,7.71495098039216,6.91435643564356,6.60961538461538,7.13805970149254,7.53760504201681,204,101,26,67,238,13311,10519,2792,536,3858,9453,7.65691284651792,7.84855908261242,6.93487604226361,6.74347014925373,7.56368636340072,7.69496084946578,97
"99",2009,8,7.3583850931677,322,7.62366071428571,6.75204081632653,6.46428571428571,7.1046875,7.42131782945736,224,98,28,64,258,13633,10743,2890,564,3922,9711,7.64986187192841,7.84386977473704,6.9286760934256,6.72960992907801,7.55619632585416,7.68769075378437,98
"100",2009,9,7.24559452054794,365,7.67293004115226,6.3944262295082,6.20645161290323,6.71666666666667,7.36234782608696,243,122,31,66,299,13998,10986,3012,595,3988,10010,7.63932053864838,7.84008874840706,6.90703649070385,6.70235294117647,7.54230240471414,7.67797271828172,99
"101",2009,10,7.26101265822785,395,7.51792452830189,6.73730769230769,6.4775,6.99941860465116,7.33381877022654,265,130,40,86,309,14393,11251,3142,635,4074,10319,7.62893829639408,7.8325006657186,6.90001397517505,6.68818897637795,7.53084241286205,7.66766711018509,100
"102",2009,11,7.3125641025641,390,7.60039215686275,6.76888888888889,6.36486486486486,6.92529411764706,7.42049180327869,255,135,37,85,305,14783,11506,3277,672,4159,10624,7.62059182168707,7.82735659568921,6.89461211779066,6.67038690476191,7.51846645587882,7.66057105704066,101
"103",2009,12,7.37399103139013,446,7.66689419795222,6.81307189542484,6.41176470588235,7.24324324324324,7.4,293,153,34,74,372,15229,11799,3430,706,4233,10996,7.61336981417033,7.82337189507585,6.89097490087463,6.65793201133144,7.51365508858965,7.6517558121135,102
"104",2010,1,7.39711531531532,555,7.65273827160494,6.70693333333333,6.74516129032258,6.97222222222222,7.499774049217,405,150,31,108,447,15784,12204,3580,737,4341,11443,7.60576583248859,7.81770927482792,6.88326366201117,6.66160108548168,7.50018474775397,7.64581892073757,103
"105",2010,2,7.38584656084656,378,7.71653386454183,6.73228346456693,6.8,7.12605633802817,7.44592833876222,251,127,25,71,307,16162,12455,3707,762,4412,11750,7.60062231778245,7.81567033239663,6.87809115457243,6.66614173228346,7.49416409564823,7.64059624765957,104
"106",2010,3,7.39977491961415,311,7.66072115384615,6.87281553398058,6.856,7.05660377358491,7.47027131782946,208,103,25,53,258,16473,12663,3810,787,4465,12008,7.59683044375645,7.81312516702203,6.8779485328084,6.67217280813215,7.48897021052631,7.63693670136576,105
"107",2010,4,7.40260416666667,288,7.6510152284264,6.86483516483516,6.38636363636364,7.359375,7.41495535714286,197,91,22,64,224,16761,12860,3901,809,4529,12232,7.59349310303681,7.81064183437014,6.87764263265829,6.66440049443758,7.48713888054758,7.63287164077829,106
"108",2010,5,7.32838827838828,273,7.54515306122449,6.77662337662338,6.14705882352941,7.25566037735849,7.34590909090909,196,77,17,53,220,17034,13056,3978,826,4582,12452,7.58924432898908,7.80665624923407,6.87568725741579,6.65375302663438,7.48446136839808,7.62780163106328,107
"109",2010,6,7.04809937254902,255,7.52803141176471,6.08823529411765,5.93913043478261,6.57884615384615,7.16830216748768,170,85,23,52,203,17289,13226,4063,849,4634,12655,7.58126283995604,7.80307495312264,6.85921336697022,6.63439340400471,7.47429909149763,7.62043075859344,108
"110",2010,7,7.37691605839416,274,7.67629533678756,6.66358024691358,6.05555555555556,7.19409090909091,7.42283105022831,193,81,18,55,219,17563,13419,4144,867,4689,12874,7.57807483004042,7.80125153364632,6.85538945704633,6.62237600922722,7.47101236724248,7.61706938402983,109
"111",2010,8,7.34278523489933,298,7.5675,6.70897435897436,5.92857142857143,7.00625,7.42066115702479,220,78,21,56,242,17861,13639,4222,888,4745,13116,7.57414916522031,7.7974810711929,6.85268448839413,6.60596846846847,7.46552728977871,7.61344550548948,110
"112",2010,9,7.32771739130435,276,7.67739361702128,6.58068181818182,6.585,7.34274193548387,7.32336448598131,188,88,20,62,214,18137,13827,4310,908,4807,13330,7.57039908694933,7.79584829174803,6.84713083758701,6.60550660792952,7.46394362180154,7.60878854088522,111
"113",2010,10,7.0730780669145,269,7.3912192513369,6.34756097560976,6.29411764705882,6.81935483870968,7.14907246376812,187,82,17,62,207,18406,14014,4392,925,4869,13537,7.5631308399435,7.79044900313972,6.83780371357013,6.59978378378378,7.45573567262272,7.60175882765753,112
"114",2010,11,7.34600531914894,376,7.68831906614786,6.60672268907563,5.9,7.28488372093023,7.36413103448276,257,119,20,86,290,18782,14271,4511,945,4955,13827,7.55878416782025,7.78860979118492,6.83170780536466,6.58497354497355,7.45277033097881,7.59677495118247,113
"115",2010,12,7.32991169977925,453,7.5887537993921,6.64314516129032,6.48333333333333,7.03965517241379,7.39890710382514,329,124,27,87,366,19235,14600,4635,972,5042,14193,7.55339403379256,7.7841061869863,6.8266631952535,6.58215020576132,7.44564200515668,7.59167246177693,114
"116",2011,1,7.32649132947977,519,7.61249731182796,6.60272108843537,6.31,7.13876404494382,7.36534651162791,372,147,30,89,430,19754,14972,4782,1002,5131,14623,7.54743258276805,7.77984232767833,6.81977915307403,6.57400199600798,7.44031903917365,7.58501718183683,115
"117",2011,2,7.28209183673469,392,7.49204301075269,6.76371681415929,6.22068965517241,6.81375,7.40217948717949,279,113,29,80,312,20146,15251,4895,1031,5211,14935,7.54226959396406,7.7745773608288,6.81848496629213,6.56406401551891,7.43069986374976,7.58119760629394,116
"118",2011,3,7.41403183023873,377,7.57952554744526,6.97378640776699,7.04333333333333,7.05391891891892,7.5019801980198,274,103,30,74,303,20523,15525,4998,1061,5285,15238,7.53991391317059,7.77113490048309,6.82168545618247,6.57761545711593,7.42542421759697,7.5796224077963,117
"119",2011,4,7.26488745980707,311,7.53286995515695,6.58579545454545,6.15,7.0525,7.30752895752896,223,88,20,52,259,20834,15748,5086,1081,5337,15497,7.53580844964961,7.76776094297689,6.81760399331498,6.56970397779834,7.42179070451565,7.57507493385817,118
"120",2011,5,7.16290243902439,287,7.46098469387755,6.52087912087912,6.52173913043478,7.0908431372549,7.17847457627119,196,91,23,51,236,21121,15944,5177,1104,5388,15733,7.53074126414469,7.76398973469644,6.81238823836199,6.56870471014493,7.41865812731997,7.56912580245344,119
"121",2011,6,7.35328947368421,304,7.58188405797101,6.86546391752577,6.73478260869565,7.19363636363636,7.38855421686747,207,97,23,55,249,21425,16151,5274,1127,5443,15982,7.52822339509918,7.76165576930221,6.81336441221085,6.57209405501331,7.41638434503031,7.5663124921787,120
"122",2011,7,7.25820820189274,317,7.50544347826087,6.60459770114943,5.84761904761905,6.91502857142857,7.35546558704453,230,87,21,70,247,21742,16381,5361,1148,5513,16229,7.52428655321497,7.75805838044075,6.8099764801343,6.55884146341463,7.41001849990931,7.56310347217943,121
"123",2011,8,7.34133798882682,358,7.602996,6.73564814814815,6.58888888888889,7.04458108108108,7.41866197183099,250,108,27,74,284,22100,16631,5469,1175,5587,16513,7.5213229520362,7.75572745655703,6.80850866886085,6.55953191489362,7.40517826919635,7.56061928480591,122
"124",2011,9,7.23851612903226,310,7.48257918552036,6.63247191011236,6.32034482758621,7.22692307692308,7.24085271317829,221,89,29,52,258,22410,16852,5558,1204,5639,16771,7.517410854083,7.7521453435794,6.80568980028787,6.5537707641196,7.40353449015783,7.55570009242144,123
"125",2011,10,7.25013774104683,363,7.49367816091954,6.62696078431373,6.40952380952381,7.1515625,7.27123745819398,261,102,21,64,299,22773,17113,5660,1225,5703,17070,7.51315053967417,7.74820331502367,6.80246888869258,6.55129795918367,7.40070681921796,7.5507174135911,124
"126",2011,11,7.27375886524823,423,7.56166134185303,6.45454545454545,6.3695652173913,7.11111111111111,7.31228070175439,313,110,23,81,342,23196,17426,5770,1248,5784,17412,7.50878501638213,7.74485271031791,6.79583603292894,6.54794871794872,7.39665127766252,7.54603412876177,125
"127",2011,12,7.30415617128463,397,7.53544520547945,6.66095238095238,6.3025641025641,7.30921052631579,7.30295950155763,292,105,39,76,321,23593,17718,5875,1287,5860,17733,7.50534172169711,7.74140158765097,6.79342534638298,6.54051282051282,7.3955172337884,7.541634029775,126
"128",2012,1,7.33143656716418,536,7.58534946236559,6.75548780487805,6.52567567567568,6.90274725274725,7.41910112359551,372,164,37,91,445,24129,18090,6039,1324,5951,18178,7.50147860416925,7.73819255555555,6.79239508362312,6.54009818731118,7.38798201814821,7.53863440697546,127
"129",2012,2,7.32436974789916,476,7.55130434782609,6.72671755725191,6.6325,6.96404494382022,7.40723514211886,345,131,40,89,387,24605,18435,6170,1364,6040,18565,7.49805231619589,7.73469505451587,6.79100063371151,6.54280791788856,7.38173526324503,7.53589530029626,128
"130",2012,3,7.29317507418398,337,7.64938271604938,6.37234042553191,5.85,7.18898305084746,7.31528776978417,243,94,23,59,278,24942,18678,6264,1387,6099,18843,7.49528414882527,7.73358514455509,6.78471805715198,6.53131939437635,7.37987063289064,7.53264056944223,129
"131",2012,4,7.27225352112676,355,7.49600760456274,6.63260869565217,6.28571428571429,7.10982142857143,7.30267558528428,263,92,21,56,299,25297,18941,6356,1408,6155,19142,7.4921542965569,7.73028632754342,6.78251634833228,6.52765625,7.37741364581641,7.52904849284296,130
"132",2012,5,7.22002631578947,380,7.5133203125,6.61451612903226,6.19375,6.92816901408451,7.28708737864078,256,124,32,71,309,25677,19197,6480,1440,6226,19451,7.48812701016473,7.72739299525968,6.77930152932099,6.52023611111111,7.37229055412785,7.52520468099326,131
"133",2012,6,7.27841666666667,360,7.53568548387097,6.70875,6.55434782608696,7.05396825396825,7.32602693602694,248,112,23,63,297,26037,19445,6592,1463,6289,19748,7.48522745477589,7.72494797274364,6.77810283828883,6.52077238550923,7.36910176339641,7.5222091477618,132
"134",2012,7,7.33264788732394,355,7.58870967741935,6.73915887850467,6.60428571428571,6.90263157894737,7.41489932885906,248,107,35,57,298,26392,19693,6699,1498,6346,20046,7.48317510003031,7.72323228202915,6.7774808045977,6.52272363150868,7.36491191144028,7.52061390052878,133
"135",2012,8,7.39853532608696,368,7.59686940298507,6.867,6.4,7.26875,7.42585855263158,268,100,20,64,304,26760,19961,6799,1518,6410,20350,7.48201114499252,7.72153571113672,6.77879745697896,6.52110671936759,7.3639517925117,7.51919839066339,134
"136",2012,9,7.36308724832215,298,7.68785046728972,6.53571428571429,6.42307692307692,7.0425,7.44390756302521,214,84,26,60,238,27058,20175,6883,1544,6470,20588,7.48070139108581,7.72117840545229,6.77583087461862,6.51945595854922,7.36097078670788,7.51832801874879,135
"137",2012,10,7.15037593984962,399,7.28413793103448,6.79449541284404,7.01714285714286,7.05915492957747,7.17012195121951,290,109,35,71,328,27457,20465,6992,1579,6541,20916,7.47590116327348,7.71498530808698,6.77612184067505,6.53048765041165,7.35769469347195,7.51286752964238,136
"138",2012,11,7.26545667447307,427,7.48344594594595,6.77290076335878,6.48536585365854,7.08313953488372,7.31143695014663,296,131,41,86,341,27884,20761,7123,1620,6627,21257,7.47267853392626,7.71168413515727,6.77606260143198,6.52934567901235,7.35413173230723,7.50963622571388,137
"139",2012,12,7.30094117647059,510,7.47066298342541,6.88581081081081,7.03571428571429,6.78920454545455,7.40765402843602,362,148,42,88,422,28394,21123,7271,1662,6715,21679,7.46959386630978,7.70755358282441,6.77829650804566,6.54214199759326,7.34672836783321,7.50765105632179,138
"140",2013,1,7.42627976190476,672,7.62955165692008,6.77044025157233,6.76666666666667,7.28990291262136,7.45096660808436,513,159,33,103,569,29066,21636,7430,1695,6818,22248,7.46859245303791,7.70570411952302,6.77812838627187,6.54651327433628,7.34586990173071,7.50620133270406,139
"141",2013,2,7.26408442060086,466,7.48948193548387,6.6492,6.43333333333333,7.25140845070423,7.26636288607595,341,125,24,71,395,29532,21977,7555,1719,6889,22643,7.46536541988351,7.70234916822132,6.7759952230311,6.54493310063991,7.34489635505879,7.50201742657775,140
"142",2013,3,7.23248965517241,435,7.47060200668896,6.70899264705882,6.54766666666667,7.10343076923077,7.25516216216216,299,136,33,65,370,29967,22276,7691,1752,6954,23013,7.46198500283645,7.69923853788831,6.77481041607073,6.54498458904109,7.34263934282427,7.49804851996697,141
"143",2013,4,7.29862559241706,422,7.5409900990099,6.68151260504202,6.221875,7.39818181818182,7.28370572207084,303,119,32,55,367,30389,22579,7810,1784,7009,23380,7.45971649544243,7.69711491518668,6.77338884891165,6.53918890134529,7.34307518761592,7.49468394311377,142
"144",2013,5,7.19864608076009,421,7.43964052287582,6.55739130434783,6.56025641025641,7.17691176470588,7.2028328611898,306,115,39,68,353,30810,22885,7925,1823,7077,23733,7.45614912625771,7.69367217260214,6.77025449968454,6.53963960504663,7.34147859121097,7.49034300720516,143
"145",2013,6,7.25942857142857,420,7.45102893890675,6.71275229357798,6.34230769230769,7.075,7.2913687150838,311,109,26,62,358,31230,23196,8034,1849,7139,24091,7.45350350880563,7.69041893731678,6.76947434777197,6.53686479177934,7.33916430732596,7.48738618529741,144
"146",2013,7,7.22391295546559,494,7.50967897727273,6.51553521126761,5.88846153846154,7.16461538461538,7.23289743589744,352,142,26,65,429,31724,23548,8176,1875,7204,24520,7.44992836905812,7.68771720188551,6.76506395670254,6.5278736,7.33758939339256,7.48293367006525,145
"147",2013,8,7.15298672566372,452,7.45723270440252,6.43097014925373,6.40606060606061,6.90679012345679,7.20673854447439,318,134,33,81,371,32176,23866,8310,1908,7285,24891,7.44575701081551,7.68464613550658,6.75967664380264,6.52576677148847,7.33279944955388,7.47881698565747,146
"148",2013,9,7.14853006681514,449,7.36390625,6.61426356589147,6.44177777777778,6.80555555555556,7.21403183023873,320,129,45,72,377,32625,24186,8439,1953,7357,25268,7.44166643923371,7.68040249193749,6.75745383457755,6.52383154121864,7.32763952562186,7.47486637604876,147
"149",2013,10,7.05156599552573,447,7.3228527607362,6.32066115702479,6.34230769230769,6.96875,7.06746666666667,326,121,26,72,375,33072,24512,8560,1979,7429,25643,7.43639385522496,7.67564722054504,6.75127954556075,6.5214466902476,7.32416125858124,7.46890861404672,148
"150",2013,11,7.15145418326693,502,7.34785515320334,6.65839160839161,6.21764705882353,6.98611111111111,7.17913953488372,359,143,51,72,430,33574,24871,8703,2030,7501,26073,7.43213342407815,7.67091571187327,6.74975329311731,6.51381428571428,7.32091640981202,7.46412969700456,149
"151",2013,12,7.21311787072243,526,7.41550387596899,6.64964028776978,6.18918918918919,6.75133333333333,7.28991130820399,387,139,37,75,451,34100,25258,8842,2067,7576,26524,7.42875506099706,7.66700232282841,6.74817947410088,6.50800338655056,7.31527771779303,7.46116738010858,150
"152",2014,1,7.24135185185185,810,7.42685123966942,6.69390243902439,6.35526315789474,7.06682692307692,7.26706090651558,605,205,57,104,706,34910,25863,9047,2124,7680,27230,7.42440683414494,7.66138459072807,6.74694958660329,6.50390442561205,7.31191327994792,7.45613472603746,151
"153",2014,2,7.20898540145985,548,7.42563950617284,6.59538461538462,6.4321568627451,7.00045977011494,7.24833839479393,405,143,51,87,461,35458,26268,9190,2175,7767,27691,7.42107751649839,7.65774987322979,6.74459117627856,6.50222206896552,7.30842461568173,7.45267533097396,152
"154",2014,3,7.22209302325581,473,7.49523121387283,6.47795275590551,6.25,6.94714285714286,7.26985111662531,346,127,40,70,403,35931,26614,9317,2215,7837,28094,7.4184580607275,7.65563702074096,6.74095662874316,6.49766726862302,7.30519765088682,7.45005277247811,153
"155",2014,4,7.15213211845102,439,7.39710759493671,6.52276422764228,6.36212121212121,7.0487012987013,7.17413259668508,316,123,33,77,362,36370,26930,9440,2248,7914,28456,7.41524340335441,7.6526034040104,6.73811365572034,6.4956774911032,7.30270204574172,7.44654268308968,154
"156",2014,5,7.18669926650367,409,7.47088339222615,6.5484126984127,6.42361111111111,6.703,7.25406685236769,283,126,36,50,359,36779,27213,9566,2284,7964,28815,7.41270188368362,7.65071361738875,6.73561498118336,6.49454159369527,7.29893696509292,7.44414466736075,155
"157",2014,6,7.13099489795918,392,7.44944852941176,6.40916666666667,6.32682926829268,7.16044776119403,7.12492307692308,272,120,41,67,325,37171,27485,9686,2325,8031,29140,7.40973104247935,7.64872183627433,6.73157060809415,6.49158408602151,7.29778159506911,7.44058437165408,156
"158",2014,7,7.16718061674009,454,7.40131578947368,6.69266666666667,6.68823529411765,6.85,7.20820895522388,304,150,34,52,402,37625,27789,9836,2359,8083,29542,7.40680432106312,7.64601531793156,6.73097731903212,6.49441839762611,7.29490090189286,7.43742226626498,157
"159",2014,8,7.12399598393574,498,7.42223433242507,6.28847328244275,6.42702702702703,7.03013698630137,7.14011764705882,367,131,37,73,425,38123,28156,9967,2396,8156,29967,7.40311000131154,7.64309843976417,6.72516132336711,6.49337771285476,7.29253114149093,7.43320581272733,158
"160",2014,9,7.0086524822695,423,7.2675,6.37731707317073,6.42526315789474,6.80824324324324,7.05114613180516,300,123,38,74,349,38546,28456,10090,2434,8230,30316,7.39878126342551,7.63913865863087,6.72092100198216,6.49231429745275,7.28817666950182,7.42880751385407,159
"161",2014,10,6.88015418502203,454,7.05873456790123,6.43507692307692,6.33826086956522,6.78724637681159,6.89680519480519,324,130,46,69,385,39000,28780,10220,2480,8299,30701,7.39274391230769,7.63260457505212,6.71728502054794,6.48945685483871,7.28401180744668,7.42213604084557,160
"162",2014,11,7.22136363636364,528,7.4955737704918,6.60185185185185,6.41320754716981,6.86166666666667,7.28941441441441,366,162,53,84,444,39528,29146,10382,2533,8383,31145,7.3904546797207,7.63088381493172,6.71548380947794,6.48786142913541,7.27977979124418,7.42024397463477,161
"163",2014,12,7.16331443298969,582,7.38743779904306,6.59207317073171,6.24473684210526,7.03582089552239,7.17990097087379,418,164,38,67,515,40110,29564,10546,2571,8450,31660,7.38715885265519,7.62744177614667,6.7135646605348,6.48426798910929,7.27784544260355,7.4163344153506,162
"164",2015,1,7.09651927437642,882,7.32707936507937,6.52011904761905,6.17855072463768,6.79601769911504,7.14067620286086,630,252,69,113,769,40992,30194,10798,2640,8563,32429,7.38090533713895,7.62117469265417,6.70905009353584,6.47627765151515,7.27148709447623,7.40979763760831,163
"165",2015,2,7.05584664536741,626,7.38465909090909,6.27801075268817,6.22040816326531,6.77435897435897,7.09591240875912,440,186,49,78,548,41618,30634,10984,2689,8641,32977,7.37601594454322,7.61777758927988,6.70175099326293,6.47161509854964,7.26699965166069,7.40458160505807,164
"166",2015,3,7.06848314606742,534,7.29348525469169,6.5472049689441,6.17738095238095,6.6036,7.14444444444444,373,161,42,75,459,42152,31007,11145,2731,8716,33436,7.37211998434238,7.61387650111265,6.69951843068641,6.46709007689491,7.26129118747132,7.40101051531284,165
"167",2015,4,6.92589065255732,567,7.11862980769231,6.39490066225166,6.02075471698113,6.63157894736842,6.97144602851324,416,151,53,76,491,42719,31423,11296,2784,8792,33927,7.3661972794307,7.60732007351303,6.69544643325071,6.45859303160919,7.25584781505914,7.39479375099478,166
"168",2015,5,7.0689598108747,423,7.34730519480519,6.32347826086957,6.23055555555556,6.96545454545455,7.08442934782609,308,115,36,55,368,43142,31731,11411,2820,8847,34295,7.36328291641555,7.60479621411238,6.6916977399001,6.45568191489361,7.25404249915225,7.39146340836857,167
"169",2015,6,6.95926395939086,394,7.22447552447552,6.25694444444444,6.51607142857143,6.91666666666667,6.9647564469914,286,108,28,45,349,43536,32017,11519,2848,8892,34644,7.35962655227857,7.6013989027704,6.68762157392135,6.45627563202247,7.25233513157895,7.38716480747027,168
"170",2015,7,7.05889830508475,472,7.26,6.48196721311475,6.29673913043478,6.79876543209877,7.11278772378517,350,122,46,81,391,44008,32367,11641,2894,8973,35035,7.35640114479185,7.59770719158402,6.68546627523409,6.4537398064962,7.24824072105204,7.38410268560011,169
"171",2015,8,7.04728323699422,519,7.25327411167513,6.398,6.24032258064516,6.57988235294118,7.13882488479263,394,125,31,85,434,44527,32761,11766,2925,9058,35469,7.352798113055,7.593564868899,6.68241228199898,6.45147794871795,7.24196886619563,7.38110145732893,170
"172",2015,9,6.84139150943396,424,7.11552901023891,6.22824427480916,5.97435897435897,6.54,6.89596100278552,293,131,39,65,359,44951,33054,11897,2964,9123,35828,7.34797427376476,7.58932742391239,6.67741135664453,6.44520006747638,7.2369674438233,7.37624030339399,171
"173",2015,10,6.93983271375465,538,7.24535433070866,6.1984076433121,6.12333333333333,6.82568181818182,6.96215555555556,381,157,45,88,450,45489,33435,12054,3009,9211,36278,7.34314716920574,7.58540776641244,6.67117246640119,6.44038650714523,7.233038105526,7.37110390842935,172
"174",2015,11,7.04271828665568,607,7.23349056603774,6.60071038251366,6.57040816326531,7.04057471264368,7.04307692307692,424,183,49,87,520,46096,33859,12237,3058,9298,36798,7.33919107037487,7.58100087628105,6.67011873089809,6.44246991497711,7.23123725424822,7.36646849258112,173
"175",2015,12,6.91394039735099,755,7.17796052631579,6.28408071748879,6.25890410958904,6.66283185840708,6.95813862928349,532,223,73,113,642,46851,34391,12460,3131,9411,37440,7.33233819086038,7.57476617923294,6.66320970385233,6.43819003513254,7.22441228243545,7.35946668242521,174
"176",2016,1,7.02008883553421,833,7.21080203045685,6.55433884297521,6.39779411764706,6.85763358778626,7.05040455840456,591,242,68,131,702,47684,34982,12702,3199,9542,38142,7.3268834531499,7.56861722228575,6.66113548338844,6.43733135354798,7.21937685914902,7.35377842247391,175
"177",2016,2,7.12288860971524,597,7.32953672985782,6.62457142857143,6.23541666666667,6.99722222222222,7.14012285714286,422,175,48,72,525,48281,35404,12877,3247,9614,38667,7.3243610339471,7.56576748870184,6.66063857342549,6.434346473668,7.21771312565009,7.35087752062482,176
"178",2016,3,7.00252129471891,587,7.23917675544794,6.44080459770115,6.49130434782609,6.95958904109589,7.0086186770428,413,174,46,73,514,48868,35817,13051,3293,9687,39181,7.32049511091102,7.56200162408912,6.65770767833882,6.43514211964774,7.21576793537731,7.34638756259411,177
"179",2016,4,6.93733438485804,634,7.2851677852349,6.10588235294118,5.88589743589744,6.59347826086957,6.97932743362832,447,187,39,69,565,49502,36264,13238,3332,9756,39746,7.31558775564623,7.5585892943415,6.64991259329204,6.42871338535414,7.21136674764248,7.34116970487596,178
"180",2016,5,7.11107994389902,713,7.34719626168224,6.40140449438202,6.47685185185185,6.78841463414634,7.15301109350238,535,178,54,82,631,50215,36799,13416,3386,9838,40377,7.31268396056955,7.55551596972744,6.64661545244484,6.42948109864146,7.20784143016873,7.3382292168809,179
"181",2016,6,7.13168769716088,634,7.38687772925764,6.46761363636364,6.62407407407407,6.91216216216216,7.17827915869981,458,176,54,111,523,50849,37257,13592,3440,9949,40900,7.31042724694684,7.55344290119977,6.64429759490877,6.43253575581395,7.20454256608704,7.33618388973105,180
"182",2016,7,7.07983024691358,648,7.28463251670379,6.61773869346734,6.17049180327869,6.94951807228916,7.09897345132743,449,199,61,83,565,51497,37706,13791,3501,10032,41465,7.30752558556809,7.55024192887074,6.64391435791458,6.42797000856898,7.20243261463317,7.33295167225371,181
"183",2016,8,7.04345758354756,778,7.34685920577617,6.29308035714286,5.99746835443038,6.72117117117117,7.09709145427286,554,224,79,111,667,52275,38260,14015,3580,10143,42132,7.30359550607365,7.54729697255619,6.6383070217624,6.41847011173184,7.19716592625456,7.32921772263363,182
"184",2016,9,7.02323252496434,701,7.30665868263473,6.31325,6.14897959183673,7.10194174757282,7.00967558528428,501,200,49,103,598,52976,38761,14215,3629,10246,42730,7.29988562896406,7.54418663527773,6.63373358494548,6.41483135850096,7.19620866582081,7.32474577790779,183
"185",2016,10,7.00440397350993,755,7.23676146788991,6.40138095238095,6.0984126984127,6.7968085106383,7.0339258698941,545,210,63,94,661,53731,39306,14425,3692,10340,43391,7.29573367478736,7.53992401083804,6.63035098162911,6.40943201516793,7.19257775531915,7.32031555138162,184
"186",2016,11,6.91112980769231,832,7.19873524451939,6.19753138075314,6.15608108108108,6.540625,6.96876388888889,593,239,74,112,720,54563,39899,14664,3766,10452,44111,7.28986907024907,7.53485308328529,6.62329670690125,6.40445379713223,7.18559165614236,7.31457736369613,185
"187",2016,12,7.06969082125604,828,7.31768248772504,6.37142857142857,6.00344827586207,6.92767857142857,7.09190502793296,611,217,58,112,716,55391,40510,14881,3824,10564,44827,7.28657778483869,7.53157756529252,6.61962387675559,6.39837160041841,7.18285725009466,7.31102072612488,186
"188",2017,1,7.12414721723519,1114,7.41622276029056,6.28645833333333,6.222,6.91872340425532,7.15391572456321,826,288,75,141,973,56505,41336,15169,3899,10705,45800,7.28337545491549,7.52927247846913,6.61329836574593,6.3949789689664,7.17937823353573,7.30768310240175,187
"189",2017,2,7.02214465408805,795,7.20729797979798,6.47497512437811,6.09333333333333,6.77382653061224,7.05705882352941,594,201,45,98,697,57300,41930,15370,3944,10803,46497,7.27975104851658,7.52471123706177,6.61148945413142,6.39153727180527,7.17569924928261,7.30392619072198,188
"190",2017,3,7.13030687830688,756,7.37079310344828,6.33779545454545,5.89761904761905,6.77083333333333,7.17524107142857,580,176,42,84,672,58056,42510,15546,3986,10887,47169,7.277805,7.52261120136438,6.60839089862344,6.38633291520321,7.1725754560485,7.30209285950518,189
"191",2017,4,7.10285381630013,773,7.34748432055749,6.39723618090452,6.25583333333333,6.76521739130435,7.14846696035242,574,199,60,92,681,58829,43084,15745,4046,10979,47850,7.27550618028523,7.52027801898616,6.6057221282947,6.38439767671775,7.16916194462155,7.29990645956113,190
"192",2017,5,6.96185034013605,735,7.24045283018868,6.24156097560976,5.90175438596491,7.05376623376623,6.95109422492401,530,205,57,77,658,59564,43614,15950,4103,11056,48508,7.27163577127124,7.51687756614848,6.60104168714733,6.37769266390446,7.16835826609985,7.2951749008411,191
"193",2017,6,6.99083469721768,611,7.29908256880734,6.22285714285714,5.79268292682927,6.68533333333333,7.03358208955224,436,175,41,75,536,60175,44050,16125,4144,11131,49044,7.2687845962609,7.51472186538025,6.59693735875969,6.37190468146718,7.16510367352439,7.29231596301281,192
"194",2017,7,7.05038335607094,733,7.34357142857143,6.34400465116279,6.07627118644068,6.70164835164835,7.09981464174455,518,215,59,91,642,60908,44568,16340,4203,11222,49686,7.26615623694753,7.51273263709388,6.59360929681762,6.36775469902451,7.16134548119765,7.28982862556857,193
"195",2017,8,6.97972972972973,740,7.29735849056604,6.17809523809524,5.9037037037037,6.76550561797753,7.00901689708141,530,210,54,89,651,61648,45098,16550,4257,11311,50337,7.26271807812094,7.51020152046654,6.58833691299094,6.36186821705426,7.15823083635399,7.28619693446173,194
"196",2017,9,7.10294520547945,730,7.35682445759369,6.5257399103139,6.13666666666667,7.08351648351648,7.10571205007825,507,223,60,91,639,62378,45605,16773,4317,11402,50976,7.26084828112475,7.50849639666703,6.58750467477493,6.35873824415103,7.15763453692335,7.28393450035311,195
"197",2017,10,6.89113665389527,783,7.25421150278293,6.08909836065574,5.88084507042254,6.5878640776699,6.93707352941176,539,244,71,103,680,63161,46144,17017,4388,11505,51656,7.25626500657051,7.50552613925971,6.58035822471646,6.35100569735643,7.15253359322034,7.27936841973827,196
"198",2017,11,6.92073466981132,848,7.26631932773109,6.10799604743083,5.8926625,6.61150442477876,6.96827619047619,595,253,80,113,735,64009,46739,17270,4468,11618,52391,7.25181985470793,7.50248097242132,6.57343826925304,6.34279901521934,7.14727138836288,7.27500406730164,197
"199",2017,12,7.09190459770115,870,7.34339715189873,6.4240756302521,6.24264705882353,7.07789473684211,7.09362193548387,632,238,68,95,775,64879,47371,17508,4536,11713,53166,7.24967545862297,7.50035855628971,6.57140786554718,6.34129761904762,7.14670869888158,7.27236006263401,198
"200",2018,1,7.03704782608696,1265,7.2782155720339,6.32781931464174,5.92297297297297,6.80997133757962,7.0692238267148,944,321,74,157,1108,66144,48315,17829,4610,11870,54274,7.24560896800919,7.49601822767256,6.56702220595659,6.33458264642082,7.14225480117944,7.26821305026348,199
"201",2018,2,6.99258549931601,731,7.32438113948919,6.23184684684685,5.89444444444444,7.09583333333333,6.97468699839486,509,222,54,108,623,66875,48824,18051,4664,11978,54897,7.2428432086729,7.49422887657709,6.56290005595258,6.32948670668954,7.14183624060778,7.26488196240232,200
"202",2018,3,7.04536623853211,763,7.33432097928437,6.38400862068965,6.057,6.64932584269663,7.09766237388724,531,232,70,89,674,67638,49355,18283,4734,12067,55571,7.24061554185517,7.49250846135143,6.56063003391128,6.32545754119138,7.13820373663711,7.26285381817855,201
"203",2018,4,7.05073177419355,744,7.32581698529412,6.3025,6.02,7.17741935483871,7.0326335483871,544,200,45,93,651,68382,49899,18483,4779,12160,56222,7.23854959580006,7.49069118719814,6.557836872261,6.32258129315757,7.1385036587171,7.2601880753086,202
"204",2018,5,6.91850964187328,726,7.28690677966102,6.23392913385827,5.96892537313433,6.67471264367816,6.95170266040689,472,254,67,87,639,69108,50371,18737,4846,12247,56861,7.23518748133356,7.48878163129578,6.55344595773069,6.31769170449856,7.1352089891402,7.25672133747208,203
"205",2018,6,6.9260767079646,565,7.22254429951691,6.11324503311258,6.06923076923077,6.66197183098592,6.96403510121457,414,151,39,71,494,69673,50785,18888,4885,12318,57355,7.23268080605112,7.48661126100226,6.54992677414231,6.31570808597748,7.13248128673486,7.25420042385145,204
"206",2018,7,6.97539867540029,687,7.23304997991968,6.29650793650794,6.2,6.91752642857143,6.98346048092869,498,189,51,84,603,70360,51283,19077,4936,12402,57958,7.23016868519045,7.484148972954,6.54741609844315,6.31451256077796,7.13102537574585,7.2513836222782,205
"207",2018,8,6.91077824267782,717,7.19426254826255,6.17286432160804,6.17222222222222,6.938125,6.90734379905808,518,199,54,80,637,71077,51801,19276,4990,12482,58595,7.22694678573941,7.48125016466863,6.5435493312928,6.31297274549098,7.12978903300753,7.24764348459766,206
"208",2018,9,6.90328630094044,638,7.1959660619469,6.19204301075269,5.93681818181818,6.72533333333333,6.92699229129663,452,186,44,75,563,71715,52253,19462,5034,12557,59158,7.22406739663947,7.47878239412091,6.5401899552975,6.30968494239174,7.12737331448594,7.24459188343081,207
"209",2018,10,6.88667149059334,691,7.15424657534247,6.12705555555556,5.924,6.65507246376812,6.91236334405145,511,180,50,69,622,72406,52764,19642,5084,12626,59780,7.22084748984891,7.47563938367068,6.53640397668262,6.30589181746656,7.12479223111041,7.24113510605554,208
"210",2018,11,6.96630597014925,804,7.20945035460993,6.39491666666667,6.22569444444444,6.58845528455285,7.03455212922173,564,240,72,123,681,73210,53328,19882,5156,12749,60461,7.21805208782953,7.47282415316531,6.53469605220803,6.30477191621412,7.11961775119617,7.23880826714742,209
"211",2018,12,6.90381430363864,797,7.22014234875445,6.14731914893617,5.81587301587302,6.59183673469388,6.94755364806867,562,235,63,98,699,74007,53890,20117,5219,12847,61160,7.21466798208278,7.47018902282427,6.5301708460506,6.29887028166316,7.11559171090527,7.23547950686723,210
"212",2019,1,7.0103846961326,1086,7.25554925692695,6.34373859589041,6.14656626506024,6.8865873015873,7.02663310416667,794,292,83,126,960,75093,54684,20409,5302,12973,62120,7.21171362350685,7.46707249926852,6.52750348277721,6.29648604300264,7.11336751021352,7.23225200289762,211
"213",2019,2,6.98364451282051,780,7.25820494545455,6.32708695652174,6.12782608695652,6.98236842105263,6.98378227272727,550,230,46,76,704,75873,55234,20639,5348,13049,62824,7.20936899621736,7.46499267244813,6.52527005087456,6.29503534031414,7.11260454517588,7.22946767381892,212
"214",2019,3,6.91407732634338,763,7.13282553956835,6.32652173913043,5.92808510638298,6.6245,6.95775414781297,556,207,47,100,663,76636,55790,20846,5395,13149,63487,7.20642902617569,7.46168231349704,6.52329648757555,6.29183855421687,7.10889244125028,7.22663014695922,213
"215",2019,4,6.90543859649123,684,7.16051587301587,6.19122222222222,5.78304347826087,6.47260273972603,6.95715220949264,504,180,46,73,611,77320,56294,21026,5441,13222,64098,7.20376635863942,7.45898597132909,6.52045365642538,6.28753703363352,7.10537942141885,7.22406140815626,214
"216",2019,5,7.00894764423077,624,7.27536231121281,6.38636363636364,5.61603773584906,6.49013157894737,7.08090023722628,437,187,53,76,548,77944,56731,21213,5494,13298,64646,7.20220668916145,7.45757151469214,6.51927160609061,6.2810591554423,7.10186319070537,7.22284784008291,215
"217",2019,6,6.9655501618123,618,7.23863839285714,6.24588235294118,6.13297872340426,7.19864864864865,6.93384191176471,448,170,47,74,544,78562,57179,21383,5541,13372,65190,7.20034505460655,7.45585616397628,6.51709809568349,6.27980310413283,7.10239879673945,7.22043613238227,216
"218",2019,7,6.98407482526882,744,7.27997175141243,6.24641629107981,6.05510421875,6.75728686046512,7.01371580547112,531,213,64,86,658,79306,57710,21596,5605,13458,65848,7.1983161406451,7.45423782013516,6.51442837794036,6.27723740767172,7.1001934447912,7.21837043600413,217
"219",2019,8,6.91765388497653,852,7.18259817420436,6.29737254901961,6.05,6.56823529411765,6.95637693611473,597,255,66,85,767,80158,58307,21851,5671,13543,66615,7.19533297936575,7.45145652683211,6.51189534803899,6.27459278257803,7.09685471313594,7.21535386294378,218
"220",2019,9,6.76797100543478,736,7.06980278625954,6.02193396226415,5.99318181818182,6.68744444444444,6.77918987616099,524,212,66,90,646,80894,58831,22063,5737,13633,67261,7.19144470071946,7.44805718702724,6.50718738385532,6.27135535471501,7.09415193867821,7.21116477958996,219
"221",2019,10,6.8990854359673,734,7.21903412331407,6.12674418604651,5.8741935483871,6.82344578313253,6.90872920122888,519,215,62,83,651,81628,59350,22278,5799,13716,67912,7.18881580254325,7.44605444111204,6.50351581156298,6.2671090998448,7.09251380723243,7.20826565187301,220
"222",2019,11,6.96474180940893,829,7.26005301369863,6.26081632653061,5.86507936507936,6.94691358024691,6.96667240641711,584,245,63,81,748,82457,59934,22523,5862,13797,68660,7.18656302424294,7.44424203357026,6.50087578253341,6.26278841180485,7.09165901137929,7.20563367186134,221
"223",2019,12,7.01643226964113,1031,7.26452739726027,6.41473976744186,6.18403513157895,6.61844660194175,7.06060524784483,730,301,76,103,928,83488,60664,22824,5938,13900,69588,7.18446206592564,7.44207943821706,6.49973983175605,6.26178045469855,7.08815247338129,7.20369962608496,222
"224",2020,1,6.89302897025172,1311,7.20176077976818,6.08367403314917,5.88707317073171,6.7060119047619,6.92051704286964,949,362,82,168,1143,84799,61613,23186,6020,14068,70731,7.17995648462836,7.43837790758444,6.4932438505995,6.25667646843854,7.08358895223201,7.19912344742758,223
"225",2020,2,6.91586377033493,1045,7.23998783018868,6.12213422442244,5.68044117647059,7.01806722689076,6.90272963282937,742,303,68,119,926,85844,62355,23489,6088,14187,71657,7.17674161944923,7.43601714361318,6.4884566643961,6.25024020039422,7.0830393585677,7.1952932469961,224
"226",2020,3,7.04453229398664,898,7.32117465224111,6.33143426294821,5.90961038961039,7.01573033707865,7.04770086526576,647,251,77,89,809,86742,63002,23740,6165,14276,72466,7.17537291715663,7.43483776689629,6.48679648652064,6.2459857810219,7.08261973802185,7.19364554687715,225
"227",2020,4,7.07432008363202,837,7.33840647840532,6.39780940425532,6.16862745098039,6.900083375,7.09273347424042,602,235,51,80,757,87579,63604,23975,6216,14356,73223,7.17440714657623,7.4339250627319,6.48592424608968,6.24535108429859,7.08160253900808,7.19260228944457,226
"228",2020,5,7.04491631168831,770,7.35210101818182,6.27695454545455,6.5226,6.77614457831325,7.07738800582242,550,220,50,83,687,88349,64154,24195,6266,14439,73910,7.17327857757304,7.43322357530317,6.48402412895226,6.24756341206511,7.07984666874437,7.19153136246786,227
"229",2020,6,7.10814366935484,744,7.39271462427746,6.45173333333333,5.83723404255319,6.76473684210526,7.15841123266564,519,225,47,95,649,89093,64673,24420,6313,14534,74559,7.17273464739093,7.43289849148794,6.48372660933661,6.24450852843339,7.07778698568873,7.19124306777183,228
"230",2020,7,6.96084258939581,811,7.19557223333333,6.29336492890995,6.19444444444444,6.76868686868687,6.98756087078652,600,211,54,99,712,89904,65273,24631,6367,14633,75271,7.17082322566293,7.4307169500406,6.4820958872965,6.2440839233548,7.0756957595845,7.18931640645135,229
"231",2020,8,6.94125730576441,798,7.18463567986231,6.28963133640553,6.12313432835821,6.81954022988506,6.95615095639944,581,217,67,87,711,90702,65854,24848,6434,14720,75982,7.16880349507178,7.42854588650651,6.48041507566001,6.24282442337582,7.074181796875,7.187134565555,230
"232",2020,9,7.09013615492958,710,7.37016571701721,6.30695187165775,6.15869565217391,7.06428571428571,7.0932806793049,523,187,46,77,633,91412,66377,25035,6480,14797,76615,7.16819248326259,7.42808589541558,6.47911938486119,6.24222721296296,7.07413030006082,7.186359136331,231
"233",2020,10,7.00073467254408,794,7.28062084990958,6.35850622406639,6.12142857142857,6.96219512195122,7.00517321629213,553,241,70,82,712,92206,66930,25276,6550,14879,77327,7.16675047838536,7.42686748558195,6.47796937015351,6.2409362351145,7.07351341151959,7.18469083968083,232
"234",2020,11,7.02358555214724,978,7.278494628331,6.3377358490566,6.1078125,6.87589285714286,7.04268668591224,713,265,64,112,866,93184,67643,25541,6614,14991,78193,7.16524791037088,7.4253035418299,6.4765143807995,6.239648070759,7.07203695884197,7.18311812093154,233
"235",2020,12,7.00186377358491,1060,7.27142842639594,6.22091911764706,5.96884057971014,6.82268907563025,7.0245224229543,788,272,69,119,941,94244,68431,25813,6683,15110,79134,7.16341026357116,7.42353163157048,6.47382109014838,6.23685206344456,7.07007319986764,7.18123222420198,234
"236",2021,1,7.0318559688196,1347,7.28818457403651,6.33174515235457,6.14473684210526,6.84889908256881,7.04796445072698,986,361,76,109,1238,95591,69417,26174,6759,15219,80372,7.16155649454447,7.42160916014809,6.47186153434706,6.23581629530996,7.06848912872068,7.17917945080376,235
"237",2021,2,6.93026489751888,927,7.17218248927039,6.18859649122807,5.56666666666667,6.96490740740741,6.92569665445665,699,228,60,108,819,96518,70116,26402,6819,15327,81191,7.15933507148926,7.41912257730047,6.46941533974699,6.22992848511512,7.06775925164742,7.17662248746782,236
"238",2021,3,6.92376915492958,852,7.17230976452119,6.18739534883721,5.67272727272727,6.61660465116279,6.95825498694517,637,215,44,86,766,97370,70753,26617,6863,15413,81957,7.15727383947828,7.41690048407841,6.46713731074126,6.22635616202827,7.06524194186725,7.17458154520053,237
"239",2021,4,7.08881234200743,807,7.36816063157895,6.41696202531646,6.35510204081633,7.11525,7.08590310866575,570,237,49,80,727,98177,71323,26854,6912,15493,82684,7.15671109638714,7.4165109643453,6.46669448871677,6.22726885706019,7.06550016459046,7.17380183904987,238
"240",2021,5,6.82166758241758,728,7.1884862020202,6.04237480686695,5.91111111111111,6.72988892857143,6.83363871118012,495,233,54,84,644,98905,71818,27087,6966,15577,83328,7.15424497558263,7.41493932134005,6.46304452800236,6.22481802182027,7.06369035886242,7.17117289014497,239
"241",2021,6,6.87387685425685,693,7.20963114754098,6.07461785365854,5.93042418181818,6.40657894736842,6.93143705024311,488,205,55,76,617,99598,72306,27292,7021,15653,83945,7.1522941823129,7.41355367714989,6.46012691594607,6.2225118458909,7.06049988628378,7.16941081958425,240
"242",2021,7,6.89378776334776,693,7.16554778864971,6.13076923076923,6.00512820512821,6.86973684210526,6.89675027552674,511,182,39,76,617,100291,72817,27474,7060,15729,84562,7.15050793082131,7.41181327299943,6.45794510409842,6.22131100141643,7.05957814991417,7.16742137331189,241
"243",2021,8,6.93678476377953,762,7.15904673952641,6.36391234741784,6.1655737704918,6.695,6.97163662162162,549,213,61,96,666,101053,73366,27687,7121,15825,85228,7.14889633044046,7.40992181337404,6.45722169682522,6.220833544446,7.05736649099526,7.16589144600366,242
"244",2021,9,6.88732265306122,686,7.05254386639676,6.46222223958333,6.2,6.58947368421053,6.92443170491803,494,192,43,76,610,101739,73860,27879,7164,15901,85838,7.14713260617856,7.40753155199025,6.45725613508375,6.22070849664992,7.05513016288284,7.16417553414571,243
"245",2021,10,6.93301777333333,750,7.23201923076923,6.25701447826087,5.84090909090909,6.92584269662921,6.93398385779123,520,230,66,89,661,102489,74380,28109,7230,15990,86499,7.14556574412864,7.40630452312449,6.45561767120851,6.21724144813278,7.05441055159475,7.16241647683788,244
"246",2021,11,6.92607008474576,826,7.17510153448276,6.33892276422764,6.309,6.71966292134831,6.95099578018996,580,246,50,89,737,103315,74960,28355,7280,16079,87236,7.14381088360838,7.40451559925293,6.45460525903721,6.21787165796703,7.05255766652155,7.16063032142693,245
"247",2021,12,6.84074025910931,1235,7.10341789001122,6.16037465116279,5.44642857142857,6.76398305084746,6.84884889883617,891,344,84,118,1117,104550,75851,28699,7364,16197,88353,7.14023085279771,7.40097869059076,6.45107846963309,6.20907192694188,7.05045531394703,7.15668863468133,246
"248",2022,1,6.8506303255814,1720,7.08756091981132,6.17791667410714,5.81724137931035,6.67943037974684,6.8679476056338,1272,448,87,158,1562,106270,77123,29147,7451,16355,89915,7.13554361362567,7.39580944919155,6.44687987340035,6.20449680177157,7.04687097034546,7.1516726363788,247
"249",2022,2,6.89692992213571,899,7.1253605015674,6.33854406130268,6.00267857142857,6.85478723404255,6.90185093167702,638,261,56,94,805,107169,77761,29408,7507,16449,90720,7.13354197407833,7.39359051645426,6.44591837833243,6.20299129745571,7.0457732822664,7.14945585427689,248
"250",2022,3,6.99985453287197,867,7.25040816720257,6.36375510204082,5.89261904761905,6.94346797979798,7.00712311197917,622,245,42,99,768,108036,78383,29653,7549,16548,91488,7.13246911862712,7.392454308077,6.44523952618622,6.20126449463505,7.04516123096447,7.14826103587356,249
"251",2022,4,6.98560112359551,890,7.21435798151002,6.36957124481328,6.07861641509434,6.88553191489362,6.99741834170854,649,241,53,94,796,108926,79032,29894,7602,16642,92284,7.1312691065494,7.39099180534467,6.44462950224125,6.2004094106814,7.04425958718904,7.14695993509167,250
"252",2022,5,6.82083333729216,842,7.10700283050847,6.15083333333333,5.69285714285714,6.67142857142857,6.83739006596306,590,252,49,84,758,109768,79622,30146,7651,16726,93042,7.12888783953429,7.38888744354575,6.44217356664234,6.19715884720951,7.04238718462274,7.14443791320049,251
"253",2022,6,6.71331247809762,799,7.00893026595745,6.00382978723404,6.05,6.11127450980392,6.8014155954089,564,235,47,102,697,110567,80186,30381,7698,16828,93739,7.12588473088716,7.38621495897039,6.43878293472894,6.19626037152507,7.03674340682196,7.14188735734326,252
"254",2022,7,6.84834547330097,824,7.08348148717949,6.27280334728033,5.99826086956522,6.67241379310345,6.86911352781547,585,239,46,87,737,111391,80771,30620,7744,16915,94476,7.12383167140972,7.38402235171039,6.43748740496408,6.19508423811983,7.034869527047,7.13975946970659,253
"255",2022,8,6.87672062427746,865,7.21479029801325,6.09436781609195,6.15283018867925,7.01086419753086,6.86286140306122,604,261,53,81,784,112256,81375,30881,7797,16996,95260,7.12192753215864,7.38276623913978,6.43458742722062,6.19479701680133,7.03475512179336,7.13748056896913,254
"256",2022,9,6.83575049043062,836,7.09482163157895,6.28059804511278,5.97019230769231,6.50411340206186,6.87928066305819,570,266,52,97,739,113092,81945,31147,7849,17093,95999,7.11981205089662,7.38076332955031,6.43327233505635,6.19330899987259,7.03174381618206,7.13549294690569,255
"257",2022,10,6.96016009852217,812,7.17230769230769,6.41343612334802,6.17173913043478,6.89425287356322,6.96806896551724,585,227,46,87,725,113904,82530,31374,7895,17180,96724,7.1186739224259,7.37928572688719,6.43312881430484,6.19318332362254,7.03104755820722,7.13423801135189,256
"258",2022,11,6.86737419037199,914,7.10193416666667,6.29596492481203,5.869,6.74566666666667,6.88066748786408,648,266,50,90,824,114818,83178,31640,7945,17270,97548,7.11667346992632,7.37712501358532,6.43197566656132,6.19114315166771,7.0295603387377,7.13209606983229,257
"259",2022,12,6.88027564674398,1121,7.10208466257669,6.28950980392157,6.3502,6.70546956521739,6.90025844930418,815,306,50,115,1006,115939,83993,31946,7995,17385,98554,7.1143877683092,7.37445624492517,6.43061103393226,6.19213787867417,7.02741651136037,7.12972956369097,258
