"","year","month","avg_rating","no_ratings","avg_rating_owned","avg_rating_not_owned","avg_rating_prev_owned","avg_rating_comment","avg_rating_no_comment","no_ratings_owned","no_ratings_not_owned","no_ratings_prev_owned","no_ratings_comment","no_ratings_no_comment","cum_no_ratings","cum_no_ratings_owned","cum_no_ratings_not_owned","cum_no_ratings_prev_owned","cum_no_ratings_comment","cum_no_ratings_no_comment","cum_avg_rating","cum_avg_rating_owned","cum_avg_rating_not_owned","cum_avg_rating_prev_owned","cum_avg_rating_comment","cum_avg_rating_no_comment","month_after_release"
"1",2001,5,10,1,10,NA,NA,10,NA,1,0,0,1,0,1,1,0,0,1,0,10,10,NA,NA,10,NA,0
"2",2001,6,5.5,12,6.125,4.25,6,7,5.2,8,4,1,2,10,13,9,4,1,3,10,5.84615384615385,6.55555555555556,4.25,6,8,5.2,1
"3",2001,7,5.5,3,5.5,NA,NA,4,6.25,3,0,0,1,2,16,12,4,1,4,12,5.78125,6.29166666666667,4.25,6,7,5.375,2
"4",2001,8,4.46153846153846,13,4.85714285714286,4,NA,4.66666666666667,4.4,7,6,0,3,10,29,19,10,1,7,22,5.18965517241379,5.76315789473684,4.1,6,6,4.93181818181818,3
"5",2001,9,4.5,8,5.16666666666667,2.5,NA,4.66666666666667,4.4,6,2,0,3,5,37,25,12,1,10,27,5.04054054054054,5.62,3.83333333333333,6,5.6,4.83333333333333,4
"6",2001,10,6.57142857142857,7,7.33333333333333,2,NA,6,6.8,6,1,0,2,5,44,31,13,1,12,32,5.28409090909091,5.95161290322581,3.69230769230769,6,5.66666666666667,5.140625,5
"7",2001,11,5.5,6,6.4,1,NA,2,6.2,5,1,0,1,5,50,36,14,1,13,37,5.31,6.01388888888889,3.5,6,5.38461538461539,5.28378378378378,6
"8",2001,12,6.33333333333333,6,6.25,6.5,NA,9,5.8,4,2,0,1,5,56,40,16,1,14,42,5.41964285714286,6.0375,3.875,6,5.64285714285714,5.3452380952381,7
"9",2002,1,5.2,10,5.44444444444444,3,NA,3.66666666666667,5.85714285714286,9,1,0,3,7,66,49,17,1,17,49,5.38636363636364,5.92857142857143,3.82352941176471,6,5.29411764705882,5.41836734693878,8
"10",2002,2,5.25,8,5.83333333333333,3.5,NA,4.66666666666667,5.6,6,2,0,3,5,74,55,19,1,20,54,5.37162162162162,5.91818181818182,3.78947368421053,6,5.2,5.43518518518519,9
"11",2002,3,5.625,8,6,4.5,4,6,5.25,6,2,1,4,4,82,61,21,2,24,58,5.39634146341463,5.92622950819672,3.85714285714286,5,5.33333333333333,5.42241379310345,10
"12",2002,4,5.75,8,5.14285714285714,10,NA,4.25,7.25,7,1,0,4,4,90,68,22,2,28,62,5.42777777777778,5.84558823529412,4.13636363636364,5,5.17857142857143,5.54032258064516,11
"13",2002,5,4.83333333333333,6,5.5,3.5,NA,NA,4.83333333333333,4,2,0,0,6,96,72,24,2,28,68,5.390625,5.82638888888889,4.08333333333333,5,5.17857142857143,5.47794117647059,12
"14",2002,6,10,1,10,NA,NA,10,NA,1,0,0,1,0,97,73,24,2,29,68,5.43814432989691,5.88356164383562,4.08333333333333,5,5.3448275862069,5.47794117647059,13
"15",2002,7,4.72727272727273,11,4.9,3,3,6.5,4.33333333333333,10,1,1,2,9,108,83,25,3,31,77,5.36574074074074,5.76506024096386,4.04,4.33333333333333,5.41935483870968,5.34415584415584,14
"16",2002,8,5.5,24,5.85714285714286,3,NA,4.71428571428571,5.82352941176471,21,3,0,7,17,132,104,28,3,38,94,5.39015151515152,5.78365384615385,3.92857142857143,4.33333333333333,5.28947368421053,5.43085106382979,15
"17",2002,9,5.59090909090909,11,5.59090909090909,NA,NA,5.375,5.71428571428571,11,0,0,4,7,143,115,28,3,42,101,5.40559440559441,5.76521739130435,3.92857142857143,4.33333333333333,5.29761904761905,5.45049504950495,16
"18",2002,10,4.5,18,5.15384615384615,2.8,NA,4.9,4,13,5,0,10,8,161,128,33,3,52,109,5.30434782608696,5.703125,3.75757575757576,4.33333333333333,5.22115384615385,5.34403669724771,17
"19",2002,11,5.26470588235294,17,5.76923076923077,3.625,NA,3.83333333333333,6.04545454545455,13,4,0,6,11,178,141,37,3,58,120,5.30056179775281,5.70921985815603,3.74324324324324,4.33333333333333,5.07758620689655,5.40833333333333,18
"20",2002,12,5.61111111111111,18,6,3.66666666666667,6,3,6.13333333333333,15,3,1,3,15,196,156,40,4,61,135,5.32908163265306,5.73717948717949,3.7375,4.75,4.97540983606557,5.48888888888889,19
"21",2003,1,4.91304347826087,23,5,4,NA,2.66666666666667,5.25,21,2,0,3,20,219,177,42,4,64,155,5.28538812785388,5.64971751412429,3.75,4.75,4.8671875,5.45806451612903,20
"22",2003,2,4.6875,16,4.91666666666667,4,4,4.375,5,12,4,1,8,8,235,189,46,5,72,163,5.24468085106383,5.6031746031746,3.77173913043478,4.6,4.8125,5.43558282208589,21
"23",2003,3,4.4,10,4.5,4.25,NA,4.5,4.375,6,4,0,2,8,245,195,50,5,74,171,5.21020408163265,5.56923076923077,3.81,4.6,4.80405405405405,5.3859649122807,22
"24",2003,4,5.25,16,6.18181818181818,3.2,NA,3,6,11,5,0,4,12,261,206,55,5,78,183,5.21264367816092,5.60194174757282,3.75454545454545,4.6,4.71153846153846,5.42622950819672,23
"25",2003,5,4.41304347826087,23,5.23333333333333,2.875,NA,3.81818181818182,4.95833333333333,15,8,0,11,12,284,221,63,5,89,195,5.14788732394366,5.57692307692308,3.64285714285714,4.6,4.60112359550562,5.3974358974359,24
"26",2003,6,4.88636363636364,22,5.65625,2.83333333333333,2,3.1,6.375,16,6,1,10,12,306,237,69,6,99,207,5.12908496732026,5.58227848101266,3.57246376811594,4.16666666666667,4.44949494949495,5.45410628019324,25
"27",2003,7,4.23214285714286,84,4.33653846153846,4.0625,NA,3.94230769230769,4.36206896551724,52,32,0,26,58,390,289,101,6,125,265,4.93589743589744,5.35813148788927,3.72772277227723,4.16666666666667,4.344,5.21509433962264,26
"28",2003,8,4.88235294117647,34,5.45833333333333,3.5,NA,5.68181818181818,4.5,24,10,0,11,23,424,313,111,6,136,288,4.93160377358491,5.36581469648562,3.70720720720721,4.16666666666667,4.45220588235294,5.15798611111111,27
"29",2003,9,5.78387096774194,31,5.812,5.66666666666667,NA,6.98333333333333,5.02631578947368,25,6,0,12,19,455,338,117,6,148,307,4.98967032967033,5.39881656804734,3.80769230769231,4.16666666666667,4.65743243243243,5.14983713355049,28
"30",2003,10,4.43478260869565,23,5,3.375,2.5,3.66666666666667,5.27272727272727,15,8,2,12,11,478,353,125,8,160,318,4.96297071129707,5.38186968838527,3.78,3.75,4.583125,5.15408805031447,29
"31",2003,11,5.01,10,5.3,4.33333333333333,4,4.42,5.6,7,3,1,5,5,488,360,128,9,165,323,4.96393442622951,5.38027777777778,3.79296875,3.77777777777778,4.57818181818182,5.1609907120743,30
"32",2003,12,5.02083333333333,24,5.44736842105263,3.4,NA,5.2,4.89285714285714,19,5,0,10,14,512,379,133,9,175,337,4.9666015625,5.38364116094987,3.7781954887218,3.77777777777778,4.61371428571429,5.14985163204748,31
"33",2004,1,4.86666666666667,45,5.23333333333333,4.13333333333333,1,4.94736842105263,4.80769230769231,30,15,1,19,26,557,409,148,10,194,363,4.95852782764812,5.37261613691932,3.81418918918919,3.5,4.64639175257732,5.12534435261708,32
"34",2004,2,4.46176470588235,34,4.708,3.77777777777778,NA,4,4.628,25,9,0,9,25,591,434,157,10,203,388,4.92994923857868,5.33433179723502,3.81210191082803,3.5,4.61773399014778,5.09329896907217,33
"35",2004,3,4.14516129032258,31,4.925,2.72727272727273,NA,4,4.23684210526316,20,11,0,12,19,622,454,168,10,215,407,4.89083601286174,5.31629955947137,3.74107142857143,3.5,4.58325581395349,5.05331695331695,34
"36",2004,4,4.55263157894737,38,4.75,4.21428571428571,1,3.76470588235294,5.19047619047619,24,14,1,17,21,660,478,182,11,232,428,4.87136363636364,5.28786610878661,3.77747252747253,3.27272727272727,4.52327586206897,5.06004672897196,35
"37",2004,5,4.421875,32,5.10869565217391,2.66666666666667,3,3.46428571428571,5.16666666666667,23,9,1,14,18,692,501,191,12,246,446,4.85057803468208,5.27964071856287,3.72513089005236,3.25,4.4630081300813,5.06434977578475,36
"38",2004,6,5.02608695652174,23,5.23,3.66666666666667,NA,5.41818181818182,4.66666666666667,20,3,0,11,12,715,521,194,12,257,458,4.85622377622378,5.27773512476008,3.72422680412371,3.25,4.50389105058366,5.05393013100437,37
"39",2004,7,4.81707317073171,41,5.14814814814815,4.17857142857143,3.5,5.13888888888889,4.56521739130435,27,14,2,18,23,756,548,208,14,275,481,4.85410052910053,5.2713503649635,3.75480769230769,3.28571428571429,4.54545454545455,5.03056133056133,38
"40",2004,8,4.17391304347826,23,4.85714285714286,3.11111111111111,2,3.6875,4.43333333333333,14,9,2,8,15,779,562,217,16,283,496,4.83401797175866,5.26103202846975,3.72811059907834,3.125,4.52120141342756,5.0125,39
"41",2004,9,4.53225806451613,31,5.125,3.45454545454545,4.5,4.34375,4.73333333333333,20,11,2,16,15,810,582,228,18,299,511,4.82246913580247,5.25635738831615,3.71491228070175,3.27777777777778,4.51170568561873,5.00430528375734,40
"42",2004,10,4.2,40,4.44827586206897,3.54545454545455,NA,3.775,4.625,29,11,0,20,20,850,611,239,18,319,531,4.79317647058823,5.21800327332242,3.7071129707113,3.27777777777778,4.46551724137931,4.99001883239171,41
"43",2004,11,4.10227272727273,44,4.53846153846154,3.47222222222222,5.5,3.61904761904762,4.54347826086957,26,18,2,21,23,894,637,257,20,340,554,4.75917225950783,5.19026687598116,3.69066147859922,3.5,4.41323529411765,4.97148014440433,42
"44",2004,12,4.75,46,4.86486486486486,4.27777777777778,5,4.26086956521739,5.23913043478261,37,9,2,23,23,940,674,266,22,363,577,4.75872340425532,5.17240356083086,3.71052631578947,3.63636363636364,4.40358126721763,4.98214904679376,43
"45",2005,1,4.58733333333333,75,5.1304347826087,3.72586206896552,3.66666666666667,4.91935483870968,4.35340909090909,46,29,3,31,44,1015,720,295,25,394,621,4.74605911330049,5.16972222222222,3.71203389830508,3.64,4.44416243654822,4.93760064412238,44
"46",2005,2,4.05434782608696,46,4.42857142857143,2.86363636363636,3,3.84,4.30952380952381,35,11,2,25,21,1061,755,306,27,419,642,4.71606974552309,5.1353642384106,3.68153594771242,3.59259259259259,4.40811455847255,4.91705607476636,45
"47",2005,3,4.18070175438597,57,4.46486486486486,3.655,4.53333333333333,4.452,3.96875,37,20,3,25,32,1118,792,326,30,444,674,4.68877459749553,5.1040404040404,3.67990797546012,3.68666666666667,4.41058558558559,4.87203264094955,46
"48",2005,4,4.68181818181818,33,5.18181818181818,3.68181818181818,3,4.23333333333333,5.05555555555556,22,11,1,15,18,1151,814,337,31,459,692,4.6885751520417,5.10614250614251,3.67997032640949,3.66451612903226,4.40479302832244,4.8768063583815,47
"49",2005,5,4.41463390243902,41,4.8437496875,2.88888888888889,2,4.23076884615385,4.73333333333333,32,9,1,26,15,1192,846,346,32,485,707,4.6791526761745,5.0962174822695,3.65939306358381,3.6125,4.39546389690722,4.87376237623762,48
"50",2005,6,4.56171428571429,35,5.258,3.63333333333333,NA,4.87684210526316,4.1875,20,15,0,19,16,1227,866,361,32,504,723,4.67580276283619,5.09995379907621,3.65831024930748,3.6125,4.41361109126984,4.85857538035961,49
"51",2005,7,4.67435897435897,39,5.33333333333333,3.19166666666667,5,4.5,4.772,27,12,1,14,25,1266,893,373,33,518,748,4.67575828593997,5.10701006718925,3.64329758713137,3.65454545454545,4.41594592664093,4.85568181818182,50
"52",2005,8,3.90925925925926,54,4.409375,3.18181818181818,3.4,3.30357142857143,4.56153846153846,32,22,5,28,26,1320,925,395,38,546,774,4.64440150757576,5.08287566486486,3.61759493670886,3.62105263157895,4.35890108058608,4.84580103359173,51
"53",2005,9,4.70471698113208,53,5.03970588235294,4.10526315789474,4.66666666666667,4.86071428571429,4.53,34,19,3,28,25,1373,959,414,41,574,799,4.64672978150037,5.08134514077164,3.63997584541063,3.69756097560976,4.38337977351916,4.83591989987484,52
"54",2005,10,4.36333333333333,60,4.46666666666667,4.05333333333333,5,4.46,4.26666666666667,45,15,1,30,30,1433,1004,429,42,604,829,4.63486391486392,5.05379481075697,3.6544289044289,3.72857142857143,4.38718541390729,4.81531966224367,53
"55",2005,11,4.25396825396825,63,4.875,3.42592592592593,3.33333333333333,3.972,4.43947368421053,36,27,3,25,38,1496,1040,456,45,629,867,4.61882352272727,5.04760575961538,3.64089912280702,3.70222222222222,4.37068360890302,4.79884659746251,54
"56",2005,12,4.65892857142857,56,5.2225,3.25,4,4.67058823529412,4.65384615384615,40,16,1,17,39,1552,1080,472,46,646,906,4.6202706121134,5.05408332407407,3.62764830508475,3.70869565217391,4.37857583591331,4.79260485651214,55
"57",2006,1,4.40385714285714,91,4.94049206349206,3.19642857142857,2.33333333333333,4.15818367346939,4.69047619047619,63,28,3,49,42,1643,1143,500,49,695,948,4.60828423006695,5.04782238845144,3.6035,3.62448979591837,4.36303739568345,4.78808016877637,56
"58",2006,2,4.64489795918367,49,4.69117647058824,4.54,4.66666666666667,4.14761904761905,5.01785714285714,34,15,3,21,28,1692,1177,515,52,716,976,4.60934455673759,5.03751995751912,3.63077669902913,3.68461538461538,4.35671925977654,4.79467213114754,57
"59",2006,3,4.511,50,5.04078947368421,2.83333333333333,4,4.53235294117647,4.5,38,12,1,17,33,1742,1215,527,53,733,1009,4.60652180826636,5.03762221399177,3.61261859582543,3.69056603773585,4.36079261937244,4.78503468780971,58
"60",2006,4,4.86829268292683,41,5.43666666666667,3.31818181818182,3.5,4.43076923076923,5.07142857142857,30,11,1,13,28,1783,1245,538,54,746,1037,4.61254121704992,5.04723774297189,3.60659851301115,3.68703703703704,4.36201205093834,4.79276759884281,59
"61",2006,5,4.56511627906977,43,5.27037037037037,3.375,3.33333333333333,4.92,4.375,27,16,3,15,28,1826,1272,554,57,761,1065,4.61142441949617,5.05197404874214,3.59990974729242,3.66842105263158,4.37301049934297,4.78178403755869,60
"62",2006,6,4.49512195121951,41,4.83793103448276,3.66666666666667,5,4.62857142857143,4.42592592592593,29,12,2,14,27,1867,1301,566,59,775,1092,4.60887037493305,5.04720291314374,3.60132508833922,3.7135593220339,4.37762708387097,4.77298534798535,61
"63",2006,7,4.65254237288136,59,5.25,3.57142857142857,3.5,3.55882352941176,5.09523809523809,38,21,2,17,42,1926,1339,587,61,792,1134,4.61020819833853,5.05295817027633,3.60025553662692,3.70655737704918,4.36005175505051,4.78492063492063,62
"64",2006,8,4.46363636363636,55,5.07352941176471,3.47619047619048,3.33333333333333,4.07142857142857,4.70588235294118,34,21,3,21,34,1981,1373,608,64,813,1168,4.60613881373044,5.05346758193737,3.59597039473684,3.6890625,4.35259654366544,4.7826198630137,63
"65",2006,9,4.38983050847458,59,4.9,3.64583333333333,4.5,4,4.52272727272727,35,24,2,15,44,2040,1408,632,66,828,1212,4.59988283823529,5.04965269176137,3.59786392405063,3.71363636363636,4.34620892512077,4.77318481848185,64
"66",2006,10,4.1125,56,4.58484848484848,3.43478260869565,3.75,3.93684210526316,4.2027027027027,33,23,4,19,37,2096,1441,655,70,847,1249,4.58686115935114,5.03900832061069,3.59213740458015,3.71571428571429,4.3370259622196,4.75628502802242,65
"67",2006,11,4.58018867924528,53,4.95394736842105,3.63333333333333,4,4.07894736842105,4.86029411764706,38,15,1,19,34,2149,1479,670,71,866,1283,4.58669659841787,5.03682284651792,3.59305970149254,3.71971830985916,4.33136372979215,4.75904130943102,66
"68",2006,12,4.74137931034483,87,5.35344827586207,3.51724137931034,4.25,4.4375,4.85714285714286,58,29,4,24,63,2236,1537,699,75,890,1346,4.5927151118068,5.04877097592713,3.58991416309013,3.748,4.33422583146067,4.76363298662704,67
"69",2007,1,4.34571428571429,119,4.56345679012346,3.88157894736842,4.25,3.56157894736842,4.71358024691358,81,38,4,38,81,2355,1618,737,79,928,1427,4.58023396602972,5.02447527194067,3.60495251017639,3.77341772151899,4.3025872737069,4.76079187105816,68
"70",2007,2,4.21555555555556,90,4.84363636363636,3.22857142857143,3.33333333333333,3.653125,4.52586206896552,55,35,6,32,58,2445,1673,772,85,960,1485,4.56681022085889,5.01853017931859,3.58788860103627,3.74235294117647,4.28093853125,4.75161616161616,69
"71",2007,3,4.29096385542169,83,4.583,3.84848484848485,3.7,3.96551724137931,4.46574074074074,50,33,5,29,54,2528,1723,805,90,989,1539,4.55775355617089,5.0058914625653,3.59857142857143,3.74,4.27168957532862,4.74158544509422,70
"72",2007,4,4.67666666666667,75,4.875,4.28,5,4.66666666666667,4.67982456140351,50,25,2,18,57,2603,1773,830,92,1007,1596,4.56117978870534,5.00220021996616,3.61909638554217,3.76739130434783,4.27874974180735,4.73937969924812,71
"73",2007,5,4.84625,80,5.31555555555556,4.24285714285714,5.14285714285714,4.8962962962963,4.82075471698113,45,35,7,27,53,2683,1818,865,99,1034,1649,4.5696798322773,5.00995654015402,3.64433526011561,3.86464646464646,4.29487523210832,4.74199514857489,72
"74",2007,6,4.88823529411765,68,5.48809523809524,3.91923076923077,4.5,4.6,4.96981132075472,42,26,2,15,53,2751,1860,891,101,1049,1702,4.57755397673573,5.02075322043011,3.6523569023569,3.87722772277228,4.29923831267874,4.749089306698,73
"75",2007,7,4.95180722891566,83,5.29411764705882,4.40625,4.5,4.89473684210526,4.96875,51,32,5,19,64,2834,1911,923,106,1068,1766,4.58851481651376,5.02804866038723,3.6784940411701,3.90660377358491,4.30983238764045,4.75704983012457,74
"76",2007,8,4.60833333333333,84,5.11578947368421,3.53703703703704,4,4.08125,4.93269230769231,57,27,4,32,52,2918,1968,950,110,1100,1818,4.58908532899246,5.03058993394309,3.67447368421053,3.91,4.30318271818182,4.76207370737074,75
"77",2007,9,4.953875,80,5.3982,4.21333333333333,3.25,4.15384615384615,5.33907407407407,50,30,4,26,54,2998,2018,980,114,1126,1872,4.59881954302869,5.0396982111001,3.6909693877551,3.88684210526316,4.29973444937833,4.77871794871795,76
"78",2007,10,4.38736263736264,91,5.01209677419355,3.05172413793103,2.25,4.46428571428571,4.3531746031746,62,29,4,28,63,3089,2080,1009,118,1154,1935,4.59259015539009,5.03887547596154,3.67259663032706,3.83135593220339,4.30372702772964,4.76486304909561,77
"79",2007,11,4.39661016949153,118,4.93170731707317,3.17777777777778,3.5,3.86764705882353,4.61071428571429,82,36,5,34,84,3207,2162,1045,123,1188,2019,4.58537916744621,5.0348108186864,3.65555023923445,3.81788617886179,4.29124662457912,4.75844972758791,78
"80",2007,12,4.46082802547771,157,4.90940594059406,3.65178571428571,3.5,3.93085106382979,4.68727272727273,101,56,10,47,110,3364,2263,1101,133,1235,2129,4.57956628715815,5.02921387096774,3.65535876475931,3.79398496240602,4.2775311659919,4.75477219351808,79
"81",2008,1,4.474,150,4.76764705882353,3.85,4.78571428571429,4.20851063829787,4.59514563106796,102,48,7,47,103,3514,2365,1149,140,1282,2232,4.5750600426864,5.0179327653277,3.66348999129678,3.84357142857143,4.27500077223089,4.74740591397849,80
"82",2008,2,4.868,100,5.17777777777778,4.07142857142857,3.8,4.47586206896552,5.02816901408451,72,28,5,29,71,3614,2437,1177,145,1311,2303,4.5831657415606,5.02265530980714,3.6731945624469,3.84206896551724,4.27944392829901,4.75606165870603,81
"83",2008,3,4.4258064516129,93,4.67142857142857,4.05405405405405,6,4.19310344827586,4.53125,56,37,4,29,64,3707,2493,1214,149,1340,2367,4.57921796331265,5.0147657400722,3.68480230642504,3.9,4.27757536567164,4.74998310097169,82
"84",2008,4,4.53875,80,4.91636363636364,3.708,5.3,3.9375,4.6890625,55,25,3,16,64,3787,2548,1239,152,1356,2431,4.57836308159493,5.01264167582418,3.68527037933818,3.92763157894737,4.27356267699115,4.74837926779103,83
"85",2008,5,4.65591397849462,93,4.95238095238095,4.03333333333333,5,4.31428571428571,4.86206896551724,63,30,3,35,58,3880,2611,1269,155,1391,2489,4.58022190463918,5.01118766373037,3.6934988179669,3.94838709677419,4.27458734004313,4.75102852551225,84
"86",2008,6,4.45454545454545,55,4.72727272727273,4.04545454545455,2.33333333333333,4.31818181818182,4.54545454545455,33,22,3,22,33,3935,2644,1291,158,1413,2522,4.57846530876747,5.00764409606657,3.69949651432998,3.91772151898734,4.27526609341826,4.74833862014274,85
"87",2008,7,4.37952380952381,105,4.80775862068965,3.85106382978723,3.625,3.62794117647059,4.73943661971831,58,47,20,34,71,4040,2702,1338,178,1447,2593,4.57329479950495,5.00335343819393,3.70482062780269,3.88483146067416,4.26005597097443,4.74809487080602,86
"88",2008,8,4.61688888888889,90,5.08653846153846,3.97421052631579,3.69384615384615,4.56965517241379,4.63934426229508,52,38,13,29,61,4130,2754,1376,191,1476,2654,4.57424479176755,5.00492410675381,3.71226017441861,3.87183246073298,4.26613888211382,4.74559532780708,87
"89",2008,9,4.67777777777778,72,5.05,3.77380952380952,3.6875,4.5,4.82,51,21,12,32,40,4202,2805,1397,203,1508,2694,4.57601879819134,5.0057436684492,3.71318539727989,3.86093596059113,4.27110145225464,4.74670007423905,88
"90",2008,10,4.61375,80,5.0734693877551,3.88709677419355,3.19047619047619,4.10606060606061,4.97021276595745,49,31,21,33,47,4282,2854,1428,224,1541,2741,4.57672372489491,5.00690644358795,3.71696078431373,3.79808035714286,4.26756715768981,4.75053265231667,89
"91",2008,11,4.63978947368421,95,5.00327868852459,3.98764705882353,3.972,4.01551724137931,4.91409090909091,61,34,15,29,66,4377,2915,1462,239,1570,2807,4.57809252684487,5.00683052830189,3.72325581395349,3.80899581589958,4.26291145859873,4.75437833986462,90
"92",2008,12,4.22058823529412,102,4.81666666666667,3.36904761904762,3.425,3.69642857142857,4.41891891891892,60,42,20,28,74,4479,2975,1504,259,1598,2881,4.56995110292476,5.0029952907563,3.71336436170213,3.77934362934363,4.25298560075094,4.74576188823325,91
"93",2009,1,4.52588235294118,170,5.18181818181818,3.6112676056338,3.70689655172414,4.42222222222222,4.57413793103448,99,71,29,54,116,4649,3074,1575,288,1652,2997,4.56833964078296,5.008754388419,3.7087619047619,3.77204861111111,4.25851754842615,4.73911911911912,92
"94",2009,2,4.5612676056338,142,4.82954545454545,4.12407407407407,3.83846153846154,4.40606060606061,4.60825688073395,88,54,13,33,109,4791,3162,1629,301,1685,3106,4.56813003339595,5.00376691650854,3.72252915899325,3.77491694352159,4.261407115727,4.73452672247263,93
"95",2009,3,4.49259259259259,135,4.85753424657534,4.06290322580645,3.97272727272727,4.02222222222222,4.66363636363636,73,62,22,36,99,4926,3235,1691,323,1721,3205,4.56605988428745,5.00046707573416,3.73500887049083,3.78839009287926,4.25640382916909,4.73233697347894,94
"96",2009,4,4.28691588785047,107,4.826,3.8140350877193,3.46875,3.345,4.50344827586207,50,57,16,20,87,5033,3285,1748,339,1741,3292,4.56012537055434,4.99781156468798,3.73758581235698,3.77330383480826,4.24593394026422,4.7262879708384,95
"97",2009,5,4.27448979591837,98,4.71020408163265,3.83877551020408,3.8,3.98148148148148,4.38591549295775,49,49,15,27,71,5131,3334,1797,354,1768,3363,4.55466984798285,4.99358458008398,3.74034501947691,3.77443502824859,4.24189535633484,4.71910199226881,96
"98",2009,6,4.16018518518518,108,4.69895833333333,3.72916666666667,4.15277777777778,4.15172413793103,4.16329113924051,48,60,18,29,79,5239,3382,1857,372,1797,3442,4.54653769612522,4.98940301301005,3.73998384491115,3.79274193548387,4.24044017250974,4.70634514816967,97
"99",2009,7,4.50088495575221,113,4.86769230769231,4.00416666666667,4.60666666666667,4.12962962962963,4.61744186046512,65,48,15,27,86,5352,3447,1905,387,1824,3528,4.54557380231689,4.9871079170293,3.74664041994751,3.82428940568475,4.23879988486842,4.70417800453515,98
"100",2009,8,4.62698924731183,93,4.91245614035088,4.175,4.24,3.51428571428571,5.10630769230769,57,36,10,28,65,5445,3504,1941,397,1852,3593,4.54696436914601,4.98589354737443,3.75458526532715,3.83476070528967,4.22784610691145,4.71145282493738,99
"101",2009,9,4.342,100,5.09782608695652,3.69814814814815,3.52173913043478,3.38333333333333,4.75285714285714,46,54,23,30,70,5545,3550,1995,420,1882,3663,4.54326798737602,4.98734394084507,3.75305764411028,3.81761904761905,4.21438416046759,4.71224406224406,100
"102",2009,10,4.47435897435897,117,4.79852941176471,4.02448979591837,3.94444444444444,4.36451612903226,4.51395348837209,68,49,18,31,86,5662,3618,2044,438,1913,3749,4.5418440462734,4.98379518794914,3.75956457925636,3.82283105022831,4.216817036069,4.70769538543612,101
"103",2009,11,4.38646616541353,133,4.70454545454545,4.07313432835821,4.51851851851852,4.07948717948718,4.51382978723404,66,67,27,39,94,5795,3684,2111,465,1952,3843,4.53827799654875,4.97879234256243,3.76951681667456,3.86322580645161,4.21407325307377,4.70295342180588,102
"104",2009,12,4.12972027972028,143,4.8765625,3.5246835443038,3.16086956521739,3.8974358974359,4.21682692307692,64,79,23,39,104,5938,3748,2190,488,1991,3947,4.52843903502863,4.97704668890075,3.76068493150685,3.83012295081967,4.20787091411351,4.69014441347859,103
"105",2010,1,4.7125,160,5,4.3030303030303,4.02777777777778,4.68055555555556,4.72177419354839,94,66,18,36,124,6098,3842,2256,506,2027,4071,4.53326844703182,4.97760827433628,3.77655141843972,3.83715415019763,4.21626590527874,4.69110783591255,104
"106",2010,2,4.49272727272727,110,4.99565217391304,3.64634146341463,4.17857142857143,4.072,4.61647058823529,69,41,14,25,85,6208,3911,2297,520,2052,4156,4.53255009503866,4.97792661467655,3.77422725293862,3.84634615384615,4.2145082797271,4.68958132820019,105
"107",2010,3,4.64403669724771,109,5.08285714285714,3.85641025641026,4.59090909090909,4.53076923076923,4.67951807228916,70,39,11,26,83,6317,3981,2336,531,2078,4239,4.53447379927181,4.97977166289877,3.77559931506849,3.86177024482109,4.21846534648701,4.68938428874735,106
"108",2010,4,4.41034482758621,87,4.80357142857143,3.7,3.82307692307692,4.8125,4.25714285714286,56,31,13,24,63,6404,4037,2367,544,2102,4302,4.53278747501562,4.97732746841714,3.77460920997043,3.86084558823529,4.22524785442436,4.68305439330544,107
"109",2010,5,4.505,90,5.134375,3.78571428571429,3.91666666666667,4.37173913043478,4.55074626865672,48,42,12,23,67,6494,4085,2409,556,2125,4369,4.53240236987989,4.9791728249694,3.77480282274803,3.86205035971223,4.22683340705882,4.68102540627146,108
"110",2010,6,4.255,80,4.99807692307692,2.875,2.95,3.69473684210526,4.42950819672131,52,28,10,19,61,6574,4137,2437,566,2144,4430,4.52902661849711,4.97941043993232,3.7644645055396,3.84593639575972,4.22211799906716,4.67756207674944,109
"111",2010,7,4.71460674157303,89,4.94035087719298,4.3125,4.55,4.5,4.79384615384615,57,32,10,24,65,6663,4194,2469,576,2168,4495,4.53150547651208,4.97887958750596,3.77156743620899,3.85815972222222,4.22519418357934,4.67924360400445,110
"112",2010,8,4.7593023255814,86,5.2695652173913,4.1725,4.12727272727273,5.03636363636364,4.6640625,46,40,11,22,64,6749,4240,2509,587,2190,4559,4.5344082071418,4.98203325235849,3.77795934635313,3.86320272572402,4.23334291780822,4.67903048914236,111
"113",2010,9,4.425,68,4.96585365853659,3.6037037037037,4.25,4.35833333333333,4.43928571428571,41,27,4,12,56,6817,4281,2536,591,2202,4615,4.5333168534546,4.98187829712684,3.77610410094637,3.865820642978,4.23402406448683,4.67612134344529,112
"114",2010,10,4.55049504950495,101,5.03275862068966,3.9,4.01818181818182,4.54761904761905,4.55125,58,43,11,21,80,6918,4339,2579,602,2223,4695,4.53356764816421,4.98255842129523,3.77816983326871,3.86860465116279,4.23698650022492,4.67399361022364,113
"115",2010,11,4.52983870967742,124,5.025,3.92857142857143,3.94444444444444,4.36,4.57272727272727,68,56,18,25,99,7042,4407,2635,620,2248,4794,4.53350198665152,4.98321329475834,3.78136622390892,3.8708064516129,4.23835453291815,4.67190237797247,114
"116",2010,12,4.66587301587302,126,5.59358974358974,3.15833333333333,3.29047619047619,3.95555555555556,4.85959595959596,78,48,21,27,99,7168,4485,2683,641,2275,4893,4.53582882114955,4.99382853734671,3.77021990309355,3.85179407176287,4.23499823736264,4.67569997956264,115
"117",2011,1,4.60407407407407,135,4.94827586206897,3.98020833333333,4,4.675,4.57828282828283,87,48,14,36,99,7303,4572,2731,655,2311,4992,4.53709037244968,4.99296172134733,3.77391065543757,3.85496183206107,4.24185244050195,4.67376802884615,116
"118",2011,2,4.27761194029851,134,4.61323529411765,3.93181818181818,4.47368421052632,4.42857142857143,4.2377358490566,68,66,19,28,106,7437,4640,2797,674,2339,5098,4.53241508538389,4.9873967650862,3.77763675366464,3.87240356083086,4.2440876400171,4.66470184386034,117
"119",2011,3,4.66121,100,5.1889649122807,3.96162790697674,3.717,4.12619047619048,4.80343037974684,57,43,13,21,79,7537,4697,2840,687,2360,5177,4.53412392065809,4.98984287630402,3.78042253521127,3.86946288209607,4.24303855508474,4.66681881398493,118
"120",2011,4,4.5285,100,4.82348484848485,3.95588235294118,4.75,4.57777777777778,4.51027397260274,66,34,8,27,73,7637,4763,2874,695,2387,5250,4.53405028021474,4.98753768423262,3.78249826026444,3.87959856115108,4.24682488060327,4.6646420952381,119
"121",2011,5,4.7570297029703,101,5.1321875,4.10810810810811,4,4.11761904761905,4.924875,64,37,3,21,80,7738,4827,2911,698,2408,5330,4.5369607120703,4.98945556038947,3.78663689453796,3.88011604584527,4.24569808554817,4.66854803001876,120
"122",2011,6,4.59912658227848,79,5.3,3.6715,4.33846153846154,4.35714285714286,4.65124615384615,45,34,13,14,65,7817,4872,2945,711,2422,5395,4.53758897147243,4.99232388957307,3.78530764006791,3.8884964838256,4.24634227497936,4.66833957367933,121
"123",2011,7,4.37424242424242,66,4.56944444444444,4.14,3.68571428571429,3.76923076923077,4.52264150943396,36,30,7,13,53,7883,4908,2975,718,2435,5448,4.53622136115692,4.98922208435208,3.7888843697479,3.88651949860724,4.24379506776181,4.6669221732746,122
"124",2011,8,4.67522123893805,113,5.01619718309859,4.09880952380952,4.4375,4.29814814814815,4.79360465116279,71,42,16,27,86,7996,4979,3017,734,2462,5534,4.5381857166083,4.9896067463346,3.7931988730527,3.89852997275204,4.2443911413485,4.66889085652331,123
"125",2011,9,4.26862745098039,102,4.81730769230769,3.698,4.13333333333333,3.03571428571429,4.46477272727273,52,50,15,14,88,8098,5031,3067,749,2476,5622,4.53479044084959,4.98782587755913,3.79164688620802,3.90323230974633,4.23755694264943,4.66569583778015,124
"126",2011,10,4.25,120,4.66029411764706,3.71346153846154,4.59166666666667,3.87916666666667,4.34270833333333,68,52,12,24,96,8218,5099,3119,761,2500,5718,4.53063190435629,4.98345793096685,3.79034337928823,3.91408804204993,4.234116396,4.66027317243792,125
"127",2011,11,4.56611570247934,121,5.32857142857143,3.51960784313725,3.9,4.08653846153846,4.69736842105263,70,51,10,26,95,8339,5169,3170,771,2526,5813,4.53114677899029,4.98813155155736,3.78598769716088,3.91390531776913,4.23259738321457,4.66087940822295,126
"128",2011,12,4.60324675324675,154,4.96210526315789,4.02542372881356,3.82352941176471,4.6,4.60403225806452,95,59,17,30,124,8493,5264,3229,788,2556,5937,4.53245413752502,4.98766185220364,3.79036265097553,3.91195558375635,4.23690962050078,4.6596921003874,127
"129",2012,1,4.63463541666667,192,5.24795081967213,3.56571428571429,4.04347826086957,4.47941176470588,4.66803797468354,122,70,23,34,158,8685,5386,3299,811,2590,6095,4.53471306735751,4.99355774043817,3.78559593816308,3.91568557336621,4.24009304633204,4.65990844954881,128
"130",2012,2,4.26418803418803,117,4.78,3.61942307692308,2.78846153846154,3.47391304347826,4.45755319148936,65,52,13,23,94,8802,5451,3351,824,2613,6189,4.53111713133379,4.9910111887727,3.78301730826619,3.89790169902913,4.2333490202832,4.65683502989174,129
"131",2012,3,4.382,100,4.99032258064516,3.38947368421053,3.42857142857143,4.20666666666667,4.45714285714286,62,38,7,30,70,8902,5513,3389,831,2643,6259,4.5294420343743,4.99100344458552,3.77860460312777,3.89394825511432,4.23304615588347,4.65460169356127,130
"132",2012,4,4.40921052631579,114,4.98161764705882,3.56304347826087,3.29047619047619,4.19047619047619,4.45860215053763,68,46,21,21,93,9016,5581,3435,852,2664,6352,4.52792180456965,4.99088908618527,3.77571790393013,3.87907394366197,4.23271058183183,4.65173205289673,131
"133",2012,5,4.57555555555556,90,5.36538461538461,3.49473684210526,4.11111111111111,4.13333333333333,4.664,52,38,9,15,75,9106,5633,3473,861,2679,6427,4.52839259718867,4.99434617255459,3.77264353584797,3.88149941927991,4.23215415826801,4.65187521394119,132
"134",2012,6,4.5728125,96,4.7,4.145,4.225,4.74944444444444,4.53205128205128,74,22,8,18,78,9202,5707,3495,869,2697,6505,4.52885600847642,4.99052952339232,3.77498741058655,3.88466168009206,4.23560659621802,4.6504384319754,133
"135",2012,7,4.60588235294118,102,5.23125,3.55263157894737,3.86666666666667,4.90476190476191,4.5283950617284,64,38,15,21,81,9304,5771,3533,884,2718,6586,4.52970045034394,4.99319909721019,3.77259581092556,3.88435633484163,4.24077667034584,4.64893744306104,134
"136",2012,8,4.35643564356436,101,4.64912280701754,3.97727272727273,4.02173913043478,3.64583333333333,4.57792207792208,57,44,23,24,77,9405,5828,3577,907,2742,6663,4.52783976501861,4.98983390356897,3.77511350293542,3.8878401323043,4.23556928884026,4.64811676422032,135
"137",2012,9,4.94886363636364,88,5.44354838709677,3.76923076923077,3.31818181818182,4.39444444444444,5.09142857142857,62,26,11,18,70,9493,5890,3603,918,2760,6733,4.53174265142737,4.99460984550084,3.77507105190119,3.88101416122004,4.23660543115942,4.65272567948908,136
"138",2012,10,4.17766990291262,103,4.74716981132075,3.574,3.68421052631579,3.38235294117647,4.33488372093023,53,50,19,17,86,9596,5943,3653,937,2777,6819,4.52794216235932,4.99240316170284,3.77231891595948,3.8770234791889,4.23137594166367,4.64871711394633,137
"139",2012,11,4.41428571428571,112,4.59466666666667,4.04864864864865,3.72727272727273,4.2,4.46373626373626,75,37,11,21,91,9708,6018,3690,948,2798,6910,4.52663092192007,4.98744632602193,3.77508970189702,3.8752858649789,4.23114045389564,4.64628104196816,138
"140",2012,12,4.56007194244604,139,5.05882352941176,3.775,3.79821428571429,4.2,4.66342592592593,85,54,28,31,108,9847,6103,3744,976,2829,7018,4.52710297451,4.98844043748975,3.77508840811966,3.87307479508197,4.23079921880523,4.6465448845825,139
"141",2013,1,4.81638418079096,177,5.17857142857143,4.19230769230769,3.53684210526316,3.99032258064516,4.99178082191781,112,65,19,31,146,10024,6215,3809,995,2860,7164,4.53221099261772,4.99186677232502,3.78220819112628,3.86665427135678,4.22819265384615,4.6535806811837,140
"142",2013,2,4.30612068965517,116,4.91060606060606,3.5082,3.83333333333333,3.77272727272727,4.43095744680851,66,50,21,22,94,10140,6281,3859,1016,2882,7258,4.52962455522682,4.99101289444356,3.77865794247214,3.8659655511811,4.22471581887578,4.65069743731055,141
"143",2013,3,4.53318018018018,111,5.01142857142857,3.71665853658537,3.84878571428571,4.35122222222222,4.59166666666667,70,41,14,27,84,10251,6351,3900,1030,2909,7342,4.52966305628719,4.99123791371437,3.77800615384615,3.86573203883495,4.22588999312479,4.65002206483247,142
"144",2013,4,4.37416666666667,120,4.71323529411765,3.93076923076923,3.95333333333333,4.05263157894737,4.43465346534653,68,52,15,19,101,10371,6419,3952,1045,2928,7443,4.5278638501591,4.9882928789531,3.78001619433198,3.86698947368421,4.22476570696721,4.64709955663039,143
"145",2013,5,4.28968253968254,126,4.84647887323944,3.57090909090909,3.71739130434783,3.00952380952381,4.54571428571429,71,55,23,21,105,10497,6490,4007,1068,2949,7548,4.52500485757836,4.98674144684129,3.77714599450961,3.86376779026217,4.2161118989488,4.64568918918919,144
"146",2013,6,4.56,110,5.04794520547945,3.5972972972973,3.95454545454545,4.82608695652174,4.48965517241379,73,37,11,23,87,10607,6563,4044,1079,2972,7635,4.52536777505421,4.98742221392655,3.77550049455984,3.86469323447637,4.22083243270525,4.64391119842829,145
"147",2013,7,4.04516129032258,124,4.22676056338028,3.80188679245283,4.18421052631579,3.26206896551724,4.28421052631579,71,53,19,29,95,10731,6634,4097,1098,3001,7730,4.51981884167366,4.9792812767561,3.77584183548938,3.87022222222222,4.21156747417527,4.63949055627426,146
"148",2013,8,4.71507936507937,126,5.09078947368421,4.144,3.83529411764706,4.83684210526316,4.69345794392523,76,50,17,19,107,10857,6710,4147,1115,3020,7837,4.52208492124896,4.98054426080476,3.78028068483241,3.86968968609865,4.21550132119205,4.64022738292714,147
"149",2013,9,4.60357142857143,112,5.11044776119403,3.84888888888889,3.40714285714286,4.23809523809524,4.68791208791209,67,45,14,21,91,10969,6777,4192,1129,3041,7928,4.52291694685021,4.98182853622547,3.78101717557252,3.86395394154119,4.21565734626767,4.64077472250252,148
"150",2013,10,4.30436893203883,103,4.77983870967742,3.58536585365854,3.92857142857143,4.25,4.31363636363636,62,41,14,15,88,11072,6839,4233,1143,3056,8016,4.52088385025289,4.97999736657406,3.77912213560123,3.86474540682415,4.21582591295811,4.63718338323353,149
"151",2013,11,4.2,142,4.55813953488372,3.65,3.71111111111111,4.18636363636364,4.2025,86,56,18,22,120,11214,6925,4289,1161,3078,8136,4.51682058052434,4.9747584101083,3.77743623222196,3.86236347975883,4.21561533138402,4.63077212389381,150
"152",2013,12,4.59432624113475,141,5.10531914893617,3.57234042553192,4.14285714285714,4.6,4.59310344827586,94,47,21,25,116,11355,7019,4336,1182,3103,8252,4.51778300220167,4.9765069083915,3.775213099631,3.86734686971235,4.21871221076378,4.63024260785264,151
"153",2014,1,4.51306818181818,176,4.99711538461538,3.81388888888889,3.89285714285714,3.875,4.63378378378378,104,72,14,28,148,11531,7123,4408,1196,3131,8400,4.51771103893851,4.97680780429594,3.77584482758621,3.86764548494983,4.21563845097413,4.630305,152
"154",2014,2,4.44347826086956,161,4.79705882352941,3.83220338983051,3.99210526315789,4.03703703703704,4.52537313432836,102,59,19,27,134,11692,7225,4467,1215,3158,8534,4.51668884621964,4.97427017162629,3.77658920976046,3.86959176954733,4.21411145978467,4.62865737051793,153
"155",2014,3,4.53839285714286,112,4.83333333333333,4.06511627906977,4.14,4.14375,4.60416666666667,69,43,20,16,96,11804,7294,4510,1235,3174,8630,4.51689478058285,4.97293693309569,3.77934013303769,3.87397085020243,4.21375677063642,4.62838493626883,154
"156",2014,4,4.41320754716981,106,4.82857142857143,3.8046511627907,3.84444444444444,4.50526315789474,4.39310344827586,63,43,9,19,87,11910,7357,4553,1244,3193,8717,4.51597195549958,4.97170069185809,3.77957917856358,3.87375723472669,4.21549138427811,4.62603670987725,155
"157",2014,5,4.33260869565217,92,4.69298245614035,3.74571428571429,3.90666666666667,3.41818181818182,4.45679012345679,57,35,15,11,81,12002,7414,4588,1259,3204,8798,4.51456640476587,4.96955786215268,3.779320836966,3.874149324861,4.21275405430712,4.62447851784497,156
"158",2014,6,4.38163265306122,98,4.78666666666667,3.74210526315789,3.65833333333333,4.15384615384615,4.41647058823529,60,38,12,13,85,12100,7474,4626,1271,3217,8883,4.51348975123967,4.96808964276157,3.77901513186338,3.87211172305271,4.21251600559527,4.62248812338174,157
"159",2014,7,3.89408045977012,174,4.52068181818182,3.25290697674419,2.95,4.69047619047619,3.78477124183007,88,86,15,21,153,12274,7562,4712,1286,3238,9036,4.50470881456738,4.96288309838667,3.76941298811545,3.86135614307932,4.21561580914144,4.60830367419212,158
"160",2014,8,4.56205673758865,141,4.94540229885058,3.94444444444444,3.65789473684211,4.88095238095238,4.50625,87,54,19,21,120,12415,7649,4766,1305,3259,9156,4.50536012807088,4.96268427114655,3.77139613932018,3.8583938697318,4.21990303467321,4.60696614242027,159
"161",2014,9,4.32567567567568,111,4.82410714285714,3.81818181818182,4.02777777777778,3.88333333333333,4.46785714285714,56,55,18,27,84,12526,7705,4821,1323,3286,9240,4.50376784208846,4.96167709149902,3.7719298900643,3.86069841269841,4.21713755021302,4.60570151515152,160
"162",2014,10,4.11410256410256,117,4.40724637681159,3.69270833333333,3.48611111111111,3.504,4.27989130434783,69,48,18,25,92,12643,7774,4869,1341,3311,9332,4.50016182788895,4.95675610882428,3.77114890121175,3.85567039522744,4.21175294170945,4.60248949849979,161
"163",2014,11,4.29047619047619,126,4.804,3.53529411764706,3.9375,4.52,4.25945945945946,75,51,16,15,111,12769,7849,4920,1357,3326,9443,4.49809272378416,4.95529646961396,3.76870406504065,3.8566352247605,4.21314311184606,4.5984572699354,162
"164",2014,12,4.50093567251462,171,4.84077669902913,3.98617647058824,4.14866666666667,4.65,4.46921985815603,103,68,30,30,141,12940,7952,4988,1387,3356,9584,4.49813029289026,4.95381312751509,3.77166880513232,3.86295169430425,4.21704826877235,4.59655592654424,163
"165",2015,1,4.33780991735537,242,4.89179104477612,3.65046296296296,3.33142857142857,4.08787878787879,4.37727272727273,134,108,35,33,209,13182,8086,5096,1422,3389,9793,4.49518707252314,4.95278530670294,3.76910007849293,3.84986919831224,4.21579049572145,4.59187603390177,164
"166",2015,2,4.33165680473373,169,4.7715,3.69420289855072,4.14166666666667,4.14791666666667,4.36206896551724,100,69,24,24,145,13351,8186,5165,1446,3413,9938,4.4931170691334,4.95057072929391,3.76809951597289,3.85471230982019,4.2153132112511,4.58852304286577,165
"167",2015,3,4.12398648648649,148,4.42872340425532,3.59351851851852,3.90333333333333,3.5625,4.19204545454545,94,54,15,16,132,13499,8280,5219,1461,3429,10070,4.48907000444477,4.94464637560386,3.76629315960912,3.85521149897331,4.2122671303587,4.58332591857001,166
"168",2015,4,4.34058441558442,154,4.64623655913979,3.87459016393443,3.71875,4.13461538461539,4.382421875,93,61,16,26,128,13653,8373,5280,1477,3455,10198,4.48739515051637,4.94133189896094,3.76754431818182,3.85373324306026,4.21168277568741,4.58080427534811,167
"169",2015,5,4.39270072992701,137,4.79883720930233,3.7078431372549,3.64705882352941,3.98260869565217,4.47543859649123,86,51,17,23,114,13790,8459,5331,1494,3478,10312,4.48645438651197,4.93988320014186,3.7669731757644,3.85138152610442,4.21016790971823,4.57963944918542,168
"170",2015,6,4.35352112676056,142,4.77682926829268,3.775,3.95238095238095,4.604,4.3,82,60,21,25,117,13932,8541,5391,1515,3503,10429,4.48509948248636,4.93831776021543,3.7670625115934,3.85278151815182,4.21297858692549,4.57650225333206,169
"171",2015,7,4.58888888888889,135,5.12352941176471,3.68,3.8125,3.72222222222222,4.72222222222222,85,50,16,18,117,14067,8626,5441,1531,3521,10546,4.48609554204877,4.94014282286111,3.76626245175519,3.85236054866101,4.210469750071,4.57811890764271,170
"172",2015,8,4.45839160839161,143,4.98012048192771,3.73666666666667,3.80555555555556,4.776,4.39110169491525,83,60,18,25,118,14210,8709,5501,1549,3546,10664,4.48581674806474,4.94052382477896,3.76593964733685,3.85181665590704,4.2144568499718,4.5760495123781,171
"173",2015,9,4.12659574468085,141,4.60388888888889,3.2843137254902,3.61764705882353,4.02272727272727,4.14579831932773,90,51,17,22,119,14351,8799,5552,1566,3568,10783,4.48228736603721,4.93708057620184,3.76151548991354,3.84927458492976,4.21327466087444,4.57130130761384,172
"174",2015,10,4.14068965517241,145,4.66744186046512,3.3728813559322,3.32352941176471,4.28636363636364,4.11463414634146,86,59,17,22,123,14496,8885,5611,1583,3590,10906,4.47887044633002,4.93447067979741,3.75742897879166,3.84362855337966,4.21372255988858,4.56615092609573,173
"175",2015,11,4.41624203821656,157,5.1873417721519,3.63525641025641,4.32777777777778,4.64117647058824,4.38892857142857,79,78,18,17,140,14653,8964,5689,1601,3607,11046,4.47819941240702,4.93669924029451,3.75575391105642,3.84907183010618,4.21573717493762,4.56390476190476,174
"176",2015,12,4.23721393034826,201,4.82814159292035,3.47840909090909,3.325,3.91909090909091,4.29970238095238,113,88,20,33,168,14854,9077,5777,1621,3640,11214,4.47493846707957,4.93534780103558,3.75152916738792,3.84260579888957,4.21304779945055,4.55994667380061,175
"177",2016,1,4.19647302904564,241,4.5797385620915,3.53011363636364,4.01666666666667,4.07638888888889,4.21756097560976,153,88,21,36,205,15095,9230,5865,1642,3676,11419,4.47049261278569,4.92945308667389,3.74820699062233,3.84483191230207,4.2117094640914,4.55379998248533,176
"178",2016,2,4.26534090909091,176,4.78787878787879,3.59350649350649,3.57826086956522,3.95833333333333,4.31381578947368,99,77,23,24,152,15271,9329,5942,1665,3700,11571,4.46812821622684,4.9279506903205,3.74620228879165,3.84114954954955,4.21006594324324,4.55064748077089,177
"179",2016,3,4.42307692307692,143,5.06184210526316,3.69850746268657,3.57142857142857,3.836,4.54745762711864,76,67,21,25,118,15414,9405,6009,1686,3725,11689,4.46771026274815,4.92903264114832,3.74567049425861,3.83779003558719,4.20755543355705,4.55061527932244,178
"180",2016,4,4.49691358024691,162,4.704,4.16290322580645,4.5,4.58235294117647,4.48689655172414,100,62,19,17,145,15576,9505,6071,1705,3742,11834,4.4680139952491,4.92666512256707,3.74993147751606,3.84516950146628,4.20925814804917,4.5498345445327,179
"181",2016,5,4.53970588235294,170,5.11330275229358,3.51475409836066,3,4.33333333333333,4.58392857142857,109,61,28,30,140,15746,9614,6132,1733,3772,11974,4.46878800901816,4.92878115144581,3.74759197651663,3.8315141373341,4.2102449602333,4.55023317187239,180
"182",2016,6,4.33452380952381,168,4.92857142857143,3.50285714285714,3.7962962962963,4.55555555555556,4.29219858156028,98,70,27,27,141,15914,9712,6202,1760,3799,12115,4.46737061643836,4.92877903521417,3.7448297323444,3.83097386363636,4.21269912871808,4.54723004539827,181
"183",2016,7,4.44653333333333,150,4.77375,3.86481481481481,3.46875,4.24266666666667,4.4975,96,54,16,30,120,16064,9808,6256,1776,3829,12235,4.46717604519422,4.92726162214518,3.74586540920716,3.82771058558559,4.21293392269522,4.54674229668982,182
"184",2016,8,4.24715909090909,176,4.75925925925926,3.43382352941176,3.77777777777778,3.9,4.30197368421053,108,68,27,24,152,16240,9916,6324,1803,3853,12387,4.464791625,4.92543182634126,3.7425101201771,3.82696283971159,4.2109846846613,4.54373875837572,183
"185",2016,9,4.32434210526316,152,4.72365591397849,3.69491525423729,4,4.18928571428571,4.35483870967742,93,59,13,28,124,16392,10009,6383,1816,3881,12511,4.4634892624451,4.92355699770207,3.74207018643271,3.82820154185022,4.21082813450142,4.54186651746463,184
"186",2016,10,4.45458937198068,207,4.95343511450382,3.59473684210526,3.18181818181818,4.2027027027027,4.50941176470588,131,76,22,37,170,16599,10140,6459,1838,3918,12681,4.4633782751973,4.92394299704142,3.74033658461062,3.82046463547334,4.21075140122511,4.5414314328523,185
"187",2016,11,4.42028985507246,207,4.83455882352941,3.62676056338028,3.1,4.14516129032258,4.46875,136,71,20,31,176,16806,10276,6530,1858,3949,12857,4.46284755384982,4.92276002238225,3.73910168453292,3.8127093649085,4.21023651304127,4.54043649373882,186
"188",2016,12,4.2033380952381,210,4.7559406779661,3.4945652173913,3.97058823529412,3.72142857142857,4.32381547619048,118,92,34,42,168,17016,10394,6622,1892,3991,13025,4.45964486307005,4.9208661718299,3.73570431893688,3.81554651162791,4.20509245552493,4.53764245681382,187
"189",2017,1,4.44079513888889,288,4.90928415300546,3.62428571428571,3.5575,4.32551020408163,4.4644309623431,183,105,40,49,239,17304,10577,6727,1932,4040,13264,4.45933113673139,4.92066578330339,3.733965214806,3.81020393374741,4.20655296782178,4.53632328106152,188
"190",2017,2,4.39953488372093,215,4.78402777777778,3.61971830985915,3.54166666666667,4.27586206896552,4.41881720430108,144,71,24,29,186,17519,10721,6798,1956,4069,13450,4.45859729379531,4.91883051860834,3.73277199176228,3.80690899795501,4.20704693782256,4.53469828996283,189
"191",2017,3,4.34228155339806,206,4.93571428571429,3.63521276595745,3.99709677419355,4.24033333333333,4.35965909090909,112,94,31,30,176,17725,10833,6892,1987,4099,13626,4.4572454719323,4.91900507615619,3.73144138131166,3.80987619526925,4.20729055623323,4.53243739908998,190
"192",2017,4,3.95722543352601,173,4.53163265306122,3.20666666666667,2.92,4,3.9516339869281,98,75,25,20,153,17898,10931,6967,2012,4119,13779,4.4524123360152,4.91553215533803,3.7257921630544,3.79881908548708,4.20628404709881,4.52598824297845,191
"193",2017,5,4.26593939393939,165,4.79367346938776,3.49402985074627,3.8,3.804,4.32965517241379,98,67,15,20,145,18063,11029,7034,2027,4139,13924,4.45070896252007,4.91444935986943,3.72358458913847,3.79882782437099,4.2043401763711,4.52394369434071,192
"194",2017,6,4.370625,160,4.76111111111111,3.86857142857143,3.94736842105263,4,4.43602941176471,90,70,19,24,136,18223,11119,7104,2046,4163,14060,4.45000581627613,4.91320820127709,3.72501323198198,3.80020723362659,4.20316214028345,4.523093314367,193
"195",2017,7,4.08230392156863,204,4.66241071428571,3.37608695652174,3.33333333333333,4.4996,4.02402234636872,112,92,24,25,179,18427,11231,7196,2070,4188,14239,4.445935094698,4.91070714896269,3.72055225125069,3.79479420289855,4.20493170725883,4.51681943956739,194
"196",2017,8,4.4875,200,4.99090909090909,3.51029411764706,3.06086956521739,4.28260869565217,4.51412429378531,132,68,23,23,177,18627,11363,7264,2093,4211,14416,4.44638138132818,4.91163882689431,3.71858397577092,3.78672909698997,4.20535597007837,4.51678634850167,195
"197",2017,9,4.44976470588235,170,4.94528301886792,3.6290625,3.44736842105263,4.11538461538461,4.51013888888889,106,64,19,26,144,18797,11469,7328,2112,4237,14560,4.44641198010321,4.91194977678961,3.71780212882096,3.78367613636364,4.20480386830304,4.51672060439561,196
"198",2017,10,4.19094339622642,212,4.70708333333333,3.51771739130435,3.66071428571429,5.04473684210526,4.10689119170984,120,92,28,19,193,19009,11589,7420,2140,4256,14753,4.44356283812931,4.90982845715765,3.71532129380054,3.78206728971963,4.20855356907895,4.51135918118349,197
"199",2017,11,4.23236574074074,216,4.85826446280992,3.43516842105263,3.47485185185185,4.65909090909091,4.18397422680412,121,95,27,22,194,19225,11710,7515,2167,4278,14947,4.44118996046814,4.90929564389411,3.71177977378576,3.77823950161514,4.21087049789621,4.50710998862648,198
"200",2017,12,4.31146116504854,206,4.79166666666667,3.78225510204082,3.98261290322581,4.30555555555556,4.31202659574468,108,98,31,18,188,19431,11818,7613,2198,4296,15135,4.43981462559827,4.90822067947199,3.71268698279259,3.78112192902639,4.21126722299814,4.50468675256029,199
"201",2018,1,4.20090909090909,275,4.66041666666667,3.47943925233645,3.3,3.93414634146341,4.24764957264957,168,107,30,41,234,19706,11986,7720,2228,4337,15369,4.43648066527961,4.90474737109961,3.70945414507772,3.77464362657092,4.20864744985013,4.50077324484352,200
"202",2018,2,4.12275280898876,178,4.88802083333333,3.22682926829268,3.31034482758621,4.64642857142857,4.025,96,82,29,28,150,19884,12082,7802,2257,4365,15519,4.43367219824985,4.90461446697566,3.70438169700077,3.76867789100576,4.21145566781214,4.49617462465365,201
"203",2018,3,4.27010989010989,182,4.73897435897436,3.42615384615385,3.56,4.23181818181818,4.275375,117,65,20,22,160,20066,12199,7867,2277,4387,15679,4.43218867686634,4.90302582096893,3.70208287784416,3.76684497145367,4.21155778208343,4.49392142356018,202
"204",2018,4,4.02570299319728,147,4.56175113924051,3.40294117647059,3.79166666666667,2.80526315789474,4.20686203125,79,68,24,19,128,20213,12278,7935,2301,4406,15807,4.42923249047643,4.90082996660694,3.69951934467549,3.76710386788353,4.20549341579664,4.49159690896439,203
"205",2018,5,4.12857142857143,154,4.64186046511628,3.47941176470588,3.372,4.48823529411765,4.08394160583942,86,68,25,17,137,20367,12364,8003,2326,4423,15944,4.4269591167084,4.89902865820123,3.69764913157566,3.76285726569218,4.20658014695907,4.48809410060211,204
"206",2018,6,4.29799242424242,132,4.73246666666667,3.72631578947368,3.71666666666667,4.125,4.33643518518519,75,57,18,24,108,20499,12439,8060,2344,4447,16052,4.42612865651983,4.89802438540075,3.69785186104218,3.76250255972696,4.20613986732628,4.48707371916272,205
"207",2018,7,4.35022369127517,149,4.93523805194805,3.72458333333333,3.66285714285714,4.5,4.32700255813953,77,72,21,20,129,20648,12516,8132,2365,4467,16181,4.42558091146842,4.89825332853947,3.69808853910477,3.7616177589852,4.20745556077904,4.48579758173166,206
"208",2018,8,4.0674358974359,156,4.49591397849462,3.43492063492063,3.73529411764706,4.16592592592593,4.04682170542636,93,63,17,27,129,20804,12609,8195,2382,4494,16310,4.42289534031917,4.8952858006186,3.6960654057352,3.76142989084803,4.20720605028927,4.48232560821582,207
"209",2018,9,4.24322147651007,149,4.78186046511628,3.50793650793651,3.80769230769231,4.02631578947368,4.27492307692308,86,63,26,19,130,20953,12695,8258,2408,4513,16440,4.42161765188756,4.8945174210319,3.69463017679826,3.76192940199336,4.20644449146909,4.48068556386862,208
"210",2018,10,4.14048462765957,188,4.39602528455285,3.65692307692308,3.97058823529412,3.84,4.20922294117647,123,65,17,35,153,21141,12818,8323,2425,4548,16593,4.41911762783218,4.88973394991418,3.69433569626337,3.76339216494845,4.20362444810906,4.47818247333213,209
"211",2018,11,4.15763157894737,190,4.545,3.625,4.20833333333333,3.45238095238095,4.24526627218935,110,80,24,21,169,21331,12928,8403,2449,4569,16762,4.41678851296236,4.88680072478341,3.69367559205046,3.76775255206207,4.20017158896914,4.47583413554469,210
"212",2018,12,4.043,210,4.65163636363636,3.3735,3.3296875,3.45384615384615,4.12625,110,100,32,26,184,21541,13038,8503,2481,4595,16946,4.41314450443341,4.88481667203559,3.68991014935905,3.76210237807336,4.19594863764962,4.47203834415202,211
"213",2019,1,4.24925795053004,283,4.70310344827586,3.52477064220184,3.77567567567568,4.27777777777778,4.2451012145749,174,109,37,36,247,21824,13212,8612,2518,4631,17193,4.41101932597141,4.88242353693612,3.68782001857873,3.7623018268467,4.19658475275318,4.46877809457338,212
"214",2019,2,4.44,180,4.94653465346535,3.79240506329114,3.92173913043478,4.688,4.4,101,79,23,25,155,22004,13313,8691,2541,4656,17348,4.41125639747319,4.88290992037857,3.68877068231504,3.76374498229044,4.19922336554983,4.46816357966336,213
"215",2019,3,4.3436,175,4.70576923076923,3.8130985915493,3.74545454545455,3.93846153846154,4.37611111111111,104,71,22,13,162,22179,13417,8762,2563,4669,17510,4.410722565039,4.88153683908474,3.68977813284638,3.76358798283262,4.1984973206254,4.4673119234723,214
"216",2019,4,4.24813953488372,172,4.65340909090909,3.82357142857143,3.92,4.68181818181818,4.18453333333333,88,84,29,22,150,22351,13505,8846,2592,4691,17660,4.40947142275513,4.88005033469085,3.69104860954103,3.76533796296296,4.20076401406949,4.46491006681767,215
"217",2019,5,4.29333333333333,168,4.89872340425532,3.52432432432432,3.68260869565217,3.94,4.37014492753623,94,74,23,30,138,22519,13599,8920,2615,4721,17798,4.40860499000844,4.88017940804471,3.68966547085202,3.7646103250478,4.19910696674433,4.46417528823464,216
"218",2019,6,4.36241610738255,149,4.86021505376344,3.53571428571429,3.33333333333333,4.36842105263158,4.36153846153846,93,56,18,19,130,22668,13692,8976,2633,4740,17928,4.40830138388918,4.88004380441133,3.68870499108734,3.76166198252943,4.19978565189873,4.46343104529228,217
"219",2019,7,4.41024509803922,204,4.91663716814159,3.78142857142857,3.52941176470588,4.33333333333333,4.4205,113,91,17,24,180,22872,13805,9067,2650,4764,18108,4.40831872026933,4.88034333719667,3.68963560163229,3.7601720754717,4.20045843618807,4.46300429533908,218
"220",2019,8,4.01266766519824,227,4.60022034482759,3.39864864864865,3.18571428571429,3.24074074074074,4.1168778,116,111,35,27,200,23099,13921,9178,2685,4791,18308,4.40443055240487,4.87800914661303,3.68611636522118,3.75268379888268,4.19504988311417,4.45922314507319,219
"221",2019,9,4.32363034653465,202,5.11771929824561,3.29492420454545,3.03448275862069,4.140625,4.35807841176471,114,88,29,32,170,23301,14035,9266,2714,4823,18478,4.40373008282906,4.87995620448878,3.68240117958126,3.74500957995579,4.1946887808418,4.45829260038966,220
"222",2019,10,4.33220982142857,224,4.97279527559055,3.49350515463918,3.22727272727273,4.63409090909091,4.29933168316832,127,97,22,22,202,23525,14162,9363,2736,4845,18680,4.40304908225292,4.8807887537071,3.68044423048168,3.74084649122807,4.19668400206398,4.45657364400429,221
"223",2019,11,4.24225344036697,218,4.87001016260163,3.42947368421053,3.21212121212121,3.932,4.28244170984456,123,95,33,25,193,23743,14285,9458,2769,4870,18873,4.40157271237839,4.88069594539727,3.67792338020723,3.73454532322138,4.19532525462012,4.45479292746252,222
"224",2019,12,4.10823529411765,255,4.67655172413793,3.35909090909091,3.47714285714286,4.264,4.09130434782609,145,110,35,25,230,23998,14430,9568,2804,4895,19103,4.39845574256188,4.8786446001386,3.67425787311873,3.73133238231099,4.19567599387129,4.45041652724703,223
"225",2020,1,4.11483196185286,367,4.53107525345622,3.51266666666667,3.5025641025641,3.8695652173913,4.1499792211838,217,150,39,46,321,24365,14647,9718,2843,4941,19424,4.39418363390109,4.87349524885642,3.6717636684503,3.72819416109743,4.19263994940295,4.44545151616557,224
"226",2020,2,4.14381721115538,251,4.69150427586207,3.39462264150943,3.31382352941176,4.27941176470588,4.12257198156682,145,106,34,34,217,24616,14792,9824,2877,4975,19641,4.39163074260644,4.8717112648729,3.66877334385179,3.72329718456726,4.19323296281407,4.44188424061912,225
"227",2020,3,4.39104838709677,248,5.07418918918919,3.38,3.22592592592593,4.34473684210526,4.39942857142857,148,100,27,38,210,24864,14940,9924,2904,5013,19851,4.39162493404119,4.87371707028112,3.6658634955663,3.71867286501378,4.1943814063435,4.44143511007002,226
"228",2020,4,4.49092170818505,281,5.00760927152318,3.89076923076923,4.25581395348837,4.40263157894737,4.50472839506173,151,130,43,38,243,25145,15091,10054,2947,5051,20094,4.39273459375621,4.87505679080246,3.66877156654068,3.72651034950798,4.19594812710354,4.44220052602767,227
"229",2020,5,4.28124060150376,266,4.77688741721854,3.6304347826087,3.48780487804878,3.98,4.32991266375546,151,115,41,37,229,25411,15242,10169,2988,5088,20323,4.39156748494746,4.87408424288151,3.66833802045432,3.72323493975904,4.19437774960692,4.44093526398662,228
"230",2020,6,4.16941343347639,233,4.76343431818182,3.39306930693069,2.83333333333333,4.1625,4.17051407960199,132,101,30,32,201,25644,15374,10270,3018,5120,20524,4.38954900522539,4.87313421100559,3.66563089873418,3.71438899933731,4.19417851367187,4.43828691775483,229
"231",2020,7,4.41399082568807,218,5.07421875,3.475,3.11666666666667,4.45277777777778,4.40631868131868,128,90,18,36,182,25862,15502,10360,3036,5156,20706,4.38975503402676,4.87479456586247,3.66397483880309,3.71084519104084,4.19598409425911,4.43800592581861,230
"232",2020,8,4.15049504950495,202,4.50636363636364,3.725,3.74242424242424,3.76923076923077,4.20681818181818,110,92,33,26,176,26064,15612,10452,3069,5182,20882,4.38790073242787,4.87219865231873,3.6645119910065,3.71118475073314,4.1938429158626,4.43605740350541,231
"233",2020,9,4.607734375,256,4.96434782608696,4.19067796610169,3.5,5.334,4.43145631067961,138,118,34,50,206,26320,15750,10570,3103,5232,21088,4.39003893199088,4.87300605460317,3.67038593472091,3.70887077022237,4.20473891246177,4.4360124573217,232
"234",2020,10,4.27395008810573,227,4.75177947368421,3.59787234042553,3.63461538461538,3.91612903225806,4.33054423469388,133,94,26,31,196,26547,15883,10664,3129,5263,21284,4.38904627114175,4.87199093559151,3.66974674887472,3.70825375519335,4.20303894926848,4.43504122204473,233
"235",2020,11,4.27090301003344,299,4.80885416666667,3.30560747663551,2.88823529411765,4.05769230769231,4.29120879120879,192,107,34,26,273,26846,16075,10771,3163,5289,21557,4.38773043879908,4.87123682923794,3.66612935939096,3.69943914005691,4.20232444507468,4.43321971378207,234
"236",2020,12,4.2272893258427,356,4.81107843137255,3.44378289473684,3.28909090909091,3.53616279069767,4.32223642172524,204,152,55,43,313,27202,16279,10923,3218,5332,21870,4.38563070215425,4.87048295534123,3.66303527693857,3.69242573026725,4.19695217366841,4.43163133836306,235
"237",2021,1,4.43390710382514,366,4.89110091743119,3.76047297297297,3.55882352941176,4.01363636363636,4.49133540372671,218,148,51,44,322,27568,16497,11071,3269,5376,22192,4.38627163232734,4.87075541189307,3.6643378493361,3.69034138880392,4.19545182105654,4.43249762842466,236
"238",2021,2,4.4230081300813,246,4.85007194244604,3.86822429906542,3.87222222222222,5.16279069767442,4.26630541871921,139,107,36,43,203,27814,16636,11178,3305,5419,22395,4.38659654706263,4.87058259377254,3.66628952674897,3.69232254160363,4.20312769699206,4.43099117526234,237
"239",2021,3,4.18567469879518,249,4.57777564102564,3.52795698924731,3.71818181818182,4.49548648648649,4.13160377358491,156,93,22,37,212,28063,16792,11271,3327,5456,22607,4.38481378897481,4.86786237672701,3.66514810841984,3.69249353772167,4.20511033541055,4.42818363206087,238
"240",2021,4,4.04391304347826,230,4.62635658914729,3.3,3.27666666666667,3.62058823529412,4.11734693877551,129,101,30,34,196,28293,16921,11372,3357,5490,22803,4.38204253207507,4.86602121801312,3.66190505891664,3.68877747989276,4.20149034426229,4.42551187870017,239
"241",2021,5,3.96803652968037,219,4.72413793103448,3.11650485436893,3.33333333333333,3.95238095238095,3.96969696969697,116,103,24,21,198,28512,17037,11475,3381,5511,23001,4.37886256172839,4.86505517579386,3.65700952766884,3.68625436261461,4.20054109780439,4.42158807747489,240
"242",2021,6,4.28170731707317,205,4.7444,3.55875,4.05555555555556,3.97727272727273,4.31830601092896,125,80,18,22,183,28717,17162,11555,3399,5533,23184,4.37816900651182,4.86417637979256,3.65632923669407,3.68821006178288,4.19965335080426,4.4207728334196,241
"243",2021,7,4.24259067357513,193,4.87357798165138,3.42380952380952,3.0625,3.29,4.35271676300578,109,84,16,20,173,28910,17271,11639,3415,5553,23357,4.37726390038049,4.864235714782,3.65465111521608,3.685278477306,4.19637709166216,4.42026875754592,242
"244",2021,8,4.27272727272727,198,4.85982142857143,3.50813953488372,3.57391304347826,3.27777777777778,4.37222222222222,112,86,23,18,180,29108,17383,11725,3438,5571,23537,4.37655281572076,4.86420727319795,3.65357648869936,3.68453344968005,4.19340908095494,4.41990132004929,243
"245",2021,9,4.10560747663551,214,4.60598290598291,3.5020618556701,3.3875,3.58,4.17513227513227,117,97,40,25,189,29322,17500,11822,3478,5596,23726,4.3745753823068,4.86248085885714,3.65233330485535,3.68111730879816,4.19066869013581,4.41795150341398,244
"246",2021,10,4.41116591928251,223,4.84523809523809,3.84731958762887,4.14,4.64285714285714,4.37789743589744,126,97,25,28,195,29545,17626,11919,3503,5624,23921,4.37485156067016,4.86235759843413,3.65392015521436,3.68439223522695,4.19291998399715,4.41762498933991,245
"247",2021,11,3.97196261682243,214,4.61826086956522,3.22121212121212,3.74666666666667,3.63157894736842,4.00512820512821,115,99,30,19,195,29759,17741,12018,3533,5643,24116,4.37195434524009,4.86077532438983,3.65035566067565,3.68492103028588,4.19102994683679,4.41428957414165,246
"248",2021,12,4.15422465201465,273,4.6378333125,3.46946902654867,3.29166666666667,4.14833333333333,4.15495197530864,160,113,24,30,243,30032,17901,12131,3557,5673,24359,4.36997511620938,4.85878265795207,3.6486707056302,3.68226764127073,4.19080415829367,4.41170247957634,247
"249",2022,1,4.02128773631841,402,4.55855457399103,3.35195530726257,3.40425531914894,4.01363636363636,4.02222812849162,223,179,47,44,358,30434,18124,12310,3604,5717,24717,4.36536933561149,4.85508861344074,3.64435616003249,3.67864206437292,4.18944061395837,4.40606134927378,248
"250",2022,2,4.37521367521368,234,4.85,3.89224137931034,3.96341463414634,4.45238095238095,4.35833333333333,118,116,41,42,192,30668,18242,12426,3645,5759,24909,4.365444448937,4.85505569729196,3.64667023418638,3.68184526748971,4.19135822017711,4.40569345899073,249
"251",2022,3,4.25447368421053,228,4.76236220472441,3.61584158415842,3.4695652173913,4.02363636363636,4.27912621359223,127,101,23,22,206,30896,18369,12527,3668,5781,25115,4.36462552951838,4.85441483096521,3.64642167558074,3.68051417666303,4.19071994291645,4.4046553203265,250
"252",2022,4,4.1707729468599,207,4.571875,3.52088607594937,3.36071428571429,4.06346153846154,4.18618784530387,128,79,14,26,181,31103,18497,12606,3682,5807,25296,4.36333538115294,4.85245964372601,3.64563496192289,3.67929820749593,4.1901501618736,4.40309212405124,251
"253",2022,5,4.19923076923077,195,4.74369369369369,3.4797619047619,3.11111111111111,4.48,4.15794117647059,111,84,18,25,170,31298,18608,12690,3700,5832,25466,4.36231293884593,4.85181083566208,3.64453698423956,3.67653405405405,4.19139265946502,4.40145560237179,252
"254",2022,6,4.03460732984293,191,4.57728070175439,3.23116883116883,2.44705882352941,2.915,4.16555555555556,114,77,17,20,171,31489,18722,12767,3717,5852,25637,4.36032520435708,4.85013919613289,3.6420438889324,3.67091094969061,4.18703041524265,4.39988213792566,253
"255",2022,7,4.26711956521739,184,4.65449541284404,3.70413333333333,3.63461538461538,3.04545454545455,4.43302469135802,109,75,26,22,162,31673,18831,12842,3743,5874,25799,4.35978373883118,4.84900674579151,3.64240650443856,3.67065882981566,4.18275485018726,4.40009025039731,254
"256",2022,8,4.42868852459016,244,4.76477272727273,4.03258928571429,3.78448275862069,4.93939393939394,4.34881516587678,132,112,29,33,211,31917,18963,12954,3772,5907,26010,4.36031050412006,4.84842039919844,3.64578001621121,3.67153393425239,4.18698188420518,4.39967429334872,255
"257",2022,9,4.16763736263736,182,4.70598039215686,3.48125,3.61052631578947,3.59090909090909,4.2469375,102,80,19,22,160,32099,19065,13034,3791,5929,26170,4.35921805539113,4.84765832835038,3.6447701649532,3.67122817198628,4.18477011131725,4.39874048032098,256
"258",2022,10,4.38937946428571,224,5.01400769230769,3.52553191489362,4.14814814814815,4.32142857142857,4.39908673469388,130,94,27,28,196,32323,19195,13128,3818,5957,26366,4.3594270754571,4.84878494555874,3.64391638711152,3.67460083813515,4.18541245425549,4.39874305431238,257
"259",2022,11,4.15262222222222,225,4.63858267716535,3.52285714285714,3.26666666666667,4.37407407407407,4.12242424242424,127,98,21,27,198,32548,19322,13226,3839,5984,26564,4.3579974609807,4.84740332419004,3.64301938076516,3.67236936702266,4.18626370153743,4.3966834576871,258
"260",2022,12,4.31340350877193,285,4.99333333333333,3.70146666666667,3.70731707317073,4.6969696969697,4.2631746031746,135,150,41,33,252,32833,19457,13376,3880,6017,26816,4.35761037249109,4.84841584159942,3.64367481534091,3.67273865979381,4.18906464849592,4.39542882495526,259
