"","year","month","avg_rating","no_ratings","avg_rating_owned","avg_rating_not_owned","avg_rating_prev_owned","avg_rating_comment","avg_rating_no_comment","no_ratings_owned","no_ratings_not_owned","no_ratings_prev_owned","no_ratings_comment","no_ratings_no_comment","cum_no_ratings","cum_no_ratings_owned","cum_no_ratings_not_owned","cum_no_ratings_prev_owned","cum_no_ratings_comment","cum_no_ratings_no_comment","cum_avg_rating","cum_avg_rating_owned","cum_avg_rating_not_owned","cum_avg_rating_prev_owned","cum_avg_rating_comment","cum_avg_rating_no_comment","month_after_release"
"1",2001,6,7.16666666666667,3,7.25,7,NA,NA,7.16666666666667,2,1,0,0,3,3,2,1,0,0,3,7.16666666666667,7.25,7,NA,NA,7.16666666666667,0
"2",2001,7,7.66666666666667,3,7.66666666666667,NA,NA,5.5,8.75,3,0,0,1,2,6,5,1,0,1,5,7.41666666666667,7.5,7,NA,5.5,7.8,1
"3",2001,8,7.25,4,7.66666666666667,6,6,7.5,7,3,1,1,2,2,10,8,2,1,3,7,7.35,7.5625,6.5,6,6.83333333333333,7.57142857142857,2
"4",2001,9,8,1,8,NA,NA,NA,8,1,0,0,0,1,11,9,2,1,3,8,7.40909090909091,7.61111111111111,6.5,6,6.83333333333333,7.625,3
"5",2001,10,8.5,4,8.5,NA,NA,8.5,8.5,4,0,0,2,2,15,13,2,1,5,10,7.7,7.88461538461539,6.5,6,7.5,7.8,4
"6",2001,11,6.2,5,6,6.5,NA,6.5,6,3,2,0,2,3,20,16,4,1,7,13,7.325,7.53125,6.5,6,7.21428571428571,7.38461538461539,5
"7",2001,12,7,2,9,5,NA,5,9,1,1,0,1,1,22,17,5,1,8,14,7.29545454545455,7.61764705882353,6.2,6,6.9375,7.5,6
"8",2002,1,7,2,7,NA,NA,NA,7,2,0,0,0,2,24,19,5,1,8,16,7.27083333333333,7.55263157894737,6.2,6,6.9375,7.4375,7
"9",2002,3,7,4,7,NA,NA,4,8,4,0,0,1,3,28,23,5,1,9,19,7.23214285714286,7.45652173913043,6.2,6,6.61111111111111,7.52631578947368,9
"10",2002,4,7.66666666666667,3,7.66666666666667,NA,NA,8,7.5,3,0,0,1,2,31,26,5,1,10,21,7.2741935483871,7.48076923076923,6.2,6,6.75,7.52380952380952,10
"11",2002,5,4.5,2,NA,4.5,NA,5,4,0,2,0,1,1,33,26,7,1,11,22,7.10606060606061,7.48076923076923,5.71428571428571,6,6.59090909090909,7.36363636363636,11
"12",2002,6,7.4,5,7.25,8,NA,4,8.25,4,1,0,1,4,38,30,8,1,12,26,7.14473684210526,7.45,6,6,6.375,7.5,12
"13",2002,7,6.625,8,6.66666666666667,6.5,NA,7,6.57142857142857,6,2,0,1,7,46,36,10,1,13,33,7.05434782608696,7.31944444444444,6.1,6,6.42307692307692,7.3030303030303,13
"14",2002,8,6.28571428571429,7,6.28571428571429,NA,NA,6,6.33333333333333,7,0,0,1,6,53,43,10,1,14,39,6.95283018867925,7.15116279069767,6.1,6,6.39285714285714,7.15384615384615,14
"15",2002,9,6.125,4,5.83333333333333,7,7,NA,6.125,3,1,1,0,4,57,46,11,2,14,43,6.89473684210526,7.06521739130435,6.18181818181818,6.5,6.39285714285714,7.05813953488372,15
"16",2002,10,7,3,7,NA,NA,5,8,3,0,0,1,2,60,49,11,2,15,45,6.9,7.06122448979592,6.18181818181818,6.5,6.3,7.1,16
"17",2002,11,6.66666666666667,3,6.66666666666667,NA,NA,7,6,3,0,0,2,1,63,52,11,2,17,46,6.88888888888889,7.03846153846154,6.18181818181818,6.5,6.38235294117647,7.07608695652174,17
"18",2002,12,6.83333333333333,6,7,6,NA,8,6.6,5,1,0,1,5,69,57,12,2,18,51,6.88405797101449,7.03508771929825,6.16666666666667,6.5,6.47222222222222,7.02941176470588,18
"19",2003,1,6.38888888888889,9,6.78571428571429,5,5,7,6.3125,7,2,1,1,8,78,64,14,3,19,59,6.82692307692308,7.0078125,6,6,6.5,6.93220338983051,19
"20",2003,2,7.3,5,8.33333333333333,5.75,5.5,6,7.625,3,2,1,1,4,83,67,16,4,20,63,6.85542168674699,7.06716417910448,5.96875,5.875,6.475,6.97619047619048,20
"21",2003,3,6.5,6,7.4,2,NA,4.5,7.5,5,1,0,2,4,89,72,17,4,22,67,6.8314606741573,7.09027777777778,5.73529411764706,5.875,6.29545454545455,7.00746268656716,21
"22",2003,4,6.55555555555556,9,6.5,7,NA,7,6.42857142857143,8,1,0,2,7,98,80,18,4,24,74,6.80612244897959,7.03125,5.80555555555556,5.875,6.35416666666667,6.9527027027027,22
"23",2003,5,7.1,15,7.31818181818182,6.5,4,7.45454545454545,6.125,11,4,1,11,4,113,91,22,5,35,78,6.84513274336283,7.06593406593407,5.93181818181818,5.5,6.7,6.91025641025641,23
"24",2003,6,6.640625,16,7.1875,5,4,7,6.36111111111111,12,4,1,7,9,129,103,26,6,42,87,6.81976744186047,7.08009708737864,5.78846153846154,5.25,6.75,6.85344827586207,24
"25",2003,7,6.36764705882353,34,6.83333333333333,5.61538461538461,7.75,6.09090909090909,6.5,21,13,4,11,23,163,124,39,10,53,110,6.72546012269939,7.0383064516129,5.73076923076923,6.25,6.61320754716981,6.77954545454545,25
"26",2003,8,6.69230769230769,13,7.85714285714286,5.33333333333333,NA,8,6.11111111111111,7,6,0,4,9,176,131,45,10,57,119,6.72301136363636,7.08206106870229,5.67777777777778,6.25,6.71052631578947,6.72899159663866,26
"27",2003,9,5.83333333333333,12,6.11111111111111,5,NA,5.6,6,9,3,0,5,7,188,140,48,10,62,126,6.66622340425532,7.01964285714286,5.63541666666667,6.25,6.62096774193548,6.68849206349206,27
"28",2003,10,6.57142857142857,7,6.6,6.5,7,6.5,6.6,5,2,1,2,5,195,145,50,11,64,131,6.66282051282051,7.0051724137931,5.67,6.31818181818182,6.6171875,6.68511450381679,28
"29",2003,11,7.57142857142857,7,7.8,7,NA,7.75,7.33333333333333,5,2,0,4,3,202,150,52,11,68,134,6.69430693069307,7.03166666666667,5.72115384615385,6.31818181818182,6.68382352941176,6.69962686567164,29
"30",2003,12,6.18181818181818,11,7.16666666666667,5,NA,5,6.44444444444444,6,5,0,2,9,213,156,57,11,70,143,6.66784037558685,7.03685897435897,5.65789473684211,6.31818181818182,6.63571428571429,6.68356643356643,30
"31",2004,1,6.71052631578947,19,7.10714285714286,5.6,6,6.6875,6.72727272727273,14,5,1,8,11,232,170,62,12,78,154,6.67133620689655,7.04264705882353,5.65322580645161,6.29166666666667,6.64102564102564,6.68668831168831,31
"32",2004,2,6.05555555555556,9,5.83333333333333,6.5,5,4.5,6.5,6,3,1,2,7,241,176,65,13,80,161,6.64834024896266,7.00142045454545,5.69230769230769,6.19230769230769,6.5875,6.67857142857143,32
"33",2004,3,6,11,6.55555555555556,3.5,8,5,6.375,9,2,1,3,8,252,185,67,14,83,169,6.62003968253968,6.97972972972973,5.62686567164179,6.32142857142857,6.53012048192771,6.66420118343195,33
"34",2004,4,6.33333333333333,12,6.25,6.5,6,6.16666666666667,6.5,8,4,1,6,6,264,193,71,15,89,175,6.60700757575758,6.94948186528497,5.67605633802817,6.3,6.50561797752809,6.65857142857143,34
"35",2004,5,6.79166666666667,12,7.6875,5,4,6.625,6.875,8,4,1,4,8,276,201,75,16,93,183,6.61503623188406,6.97885572139303,5.64,6.15625,6.51075268817204,6.66803278688525,35
"36",2004,6,7.15384615384615,13,7.27272727272727,6.5,NA,7.33333333333333,6.75,11,2,0,9,4,289,212,77,16,102,187,6.63927335640138,6.99410377358491,5.66233766233766,6.15625,6.58333333333333,6.66978609625668,36
"37",2004,7,5.83333333333333,6,6,5.5,NA,5,6.25,4,2,0,2,4,295,216,79,16,104,191,6.6228813559322,6.97569444444444,5.65822784810127,6.15625,6.55288461538461,6.66099476439791,37
"38",2004,8,7,9,7.14285714285714,6.5,NA,8,6.5,7,2,0,3,6,304,223,81,16,107,197,6.63404605263158,6.98094170403587,5.67901234567901,6.15625,6.59345794392523,6.65609137055838,38
"39",2004,9,6.5625,8,6.9,6,10,6.83333333333333,6.4,5,3,1,3,5,312,228,84,17,110,202,6.63221153846154,6.97916666666667,5.69047619047619,6.38235294117647,6.6,6.64975247524752,39
"40",2004,10,7.41666666666667,12,7.63636363636364,5,5,6,7.7,11,1,1,2,10,324,239,85,18,112,212,6.66126543209877,7.00941422594142,5.68235294117647,6.30555555555556,6.58928571428571,6.69929245283019,40
"41",2004,11,6.08333333333333,12,6.77777777777778,4,5,6.33333333333333,5.83333333333333,9,3,1,6,6,336,248,88,19,118,218,6.640625,7.00100806451613,5.625,6.23684210526316,6.57627118644068,6.67545871559633,41
"42",2004,12,6.70588235294118,17,6.71428571428571,6.66666666666667,7,6.5,7,14,3,1,10,7,353,262,91,20,128,225,6.64376770538244,6.98568702290076,5.65934065934066,6.275,6.5703125,6.68555555555556,42
"43",2005,1,6.25862068965517,29,6.65909090909091,5,5.5,6.125,6.30952380952381,22,7,2,8,21,382,284,98,22,136,246,6.61452879581152,6.96038732394366,5.61224489795918,6.20454545454545,6.54411764705882,6.65345528455285,43
"44",2005,2,5.98947368421053,19,6.05,5.66666666666667,NA,5.85714285714286,6.06666666666667,16,3,0,7,12,401,300,101,22,143,258,6.58491271820449,6.91183333333333,5.61386138613861,6.20454545454545,6.51048951048951,6.62616279069767,44
"45",2005,3,6.51875,16,6.7,6.28571428571429,6.5,7.11111111111111,5.75714285714286,9,7,2,9,7,417,309,108,24,152,265,6.58237410071943,6.90566343042071,5.65740740740741,6.22916666666667,6.54605263157895,6.60320754716981,45
"46",2005,4,6.1875,16,5.92857142857143,8,7,7.5,5.75,14,2,1,4,12,433,323,110,25,156,277,6.56778290993072,6.86331269349845,5.7,6.26,6.57051282051282,6.56624548736462,46
"47",2005,5,7.1,10,7.42857142857143,6.33333333333333,7,6,8.2,7,3,1,5,5,443,330,113,26,161,282,6.57979683972912,6.87530303030303,5.71681415929203,6.28846153846154,6.5527950310559,6.59521276595745,47
"48",2005,6,6.60714285714286,14,7.15,5.25,5,6.1,6.88888888888889,10,4,1,5,9,457,340,117,27,166,291,6.58063457330416,6.88338235294118,5.7008547008547,6.24074074074074,6.53915662650602,6.60429553264605,48
"49",2005,7,6.54545454545455,11,6.5,7,NA,6.83333333333333,6.2,10,1,0,6,5,468,350,118,27,172,296,6.57980769230769,6.87242857142857,5.71186440677966,6.24074074074074,6.54941860465116,6.59746621621622,49
"50",2005,8,6.45454545454545,22,6.82352941176471,5.2,6,6.46428571428571,6.4375,17,5,1,14,8,490,367,123,28,186,304,6.57418367346939,6.87016348773842,5.69105691056911,6.23214285714286,6.54301075268817,6.59325657894737,50
"51",2005,9,6.375,20,6.60714285714286,5.83333333333333,NA,6.33333333333333,6.4375,14,6,0,12,8,510,381,129,28,198,312,6.56637254901961,6.86049868766404,5.69767441860465,6.23214285714286,6.53030303030303,6.58926282051282,51
"52",2005,10,5.6,20,6.14285714285714,4.33333333333333,NA,5.41666666666667,5.875,14,6,0,12,8,530,395,135,28,210,320,6.52990566037736,6.83506329113924,5.63703703703704,6.23214285714286,6.46666666666667,6.57140625,52
"53",2005,11,6.84210526315789,19,7,6.4,7,7.25,6.54545454545455,14,5,1,8,11,549,409,140,29,218,331,6.54071038251366,6.84070904645477,5.66428571428571,6.25862068965517,6.4954128440367,6.57054380664653,53
"54",2005,12,6.24838709677419,31,6.268,6.16666666666667,NA,5.54545454545455,6.635,25,6,0,11,20,580,434,146,29,229,351,6.52508620689655,6.80771889400922,5.68493150684932,6.25862068965517,6.44978165938865,6.57421652421652,54
"55",2006,1,6.28160869565217,23,6.5298125,5.71428571428571,5.5,6.42518181818182,6.15,16,7,2,11,12,603,450,153,31,240,363,6.51579933665008,6.79783777777778,5.68627450980392,6.20967741935484,6.44865416666667,6.56019283746556,55
"56",2006,2,6.44791666666667,24,6.31944444444444,6.83333333333333,NA,6.53846153846154,6.34090909090909,18,6,0,13,11,627,468,159,31,253,374,6.5132009569378,6.77943803418803,5.72955974842767,6.20967741935484,6.45326877470356,6.55374331550802,56
"57",2006,3,6.75882352941176,17,6.99333333333333,5,5,7,6.65833333333333,15,2,1,5,12,644,483,161,32,258,386,6.51968478260869,6.78608074534162,5.72049689440994,6.171875,6.46386434108527,6.55699481865285,57
"58",2006,4,6.17857142857143,14,6.45,5.5,NA,5.91666666666667,6.375,10,4,0,6,8,658,493,165,32,264,394,6.51242705167173,6.77926369168357,5.71515151515151,6.171875,6.45142803030303,6.55329949238579,58
"59",2006,5,7.375,8,7.4,7.33333333333333,8,7.5,7.16666666666667,5,3,1,5,3,666,498,168,33,269,397,6.52278828828829,6.78549598393574,5.74404761904762,6.22727272727273,6.47091821561338,6.55793450881612,59
"60",2006,6,6.30769230769231,13,6.30769230769231,NA,NA,5.5,6.66666666666667,13,0,0,4,9,679,511,168,33,273,406,6.51867010309278,6.77334050880626,5.74404761904762,6.22727272727273,6.45669230769231,6.56034482758621,60
"61",2006,7,7.14285714285714,28,7.17391304347826,7,NA,7.35,7.02777777777778,23,5,0,10,18,707,534,173,33,283,424,6.54339038189533,6.7905936329588,5.78034682080925,6.22727272727273,6.48825795053004,6.58018867924528,61
"62",2006,8,6.39230769230769,26,6.30454545454545,6.875,6.25,6.45833333333333,6.33571428571429,22,4,2,12,14,733,556,177,35,295,438,6.53803137789904,6.77136151079137,5.80508474576271,6.22857142857143,6.4870406779661,6.57237442922374,62
"63",2006,9,6.1875,16,6.6,5.5,NA,6.625,5.75,10,6,0,8,8,749,566,183,35,303,446,6.53054339118825,6.76833392226148,5.79508196721311,6.22857142857143,6.49068316831683,6.55762331838565,63
"64",2006,10,6.61904761904762,21,6.6,6.66666666666667,7,6.6,6.625,15,6,1,5,16,770,581,189,36,308,462,6.53295714285714,6.76398795180723,5.82275132275132,6.25,6.49245779220779,6.55995670995671,64
"65",2006,11,5.71052631578947,19,6.29166666666667,4.71428571428571,3.66666666666667,5.66666666666667,5.75,12,7,3,9,10,789,593,196,39,317,472,6.51315209125475,6.75443001686341,5.78316326530612,6.05128205128205,6.46901261829653,6.54279661016949,65
"66",2006,12,6.62285714285714,35,6.89615384615385,5.83333333333333,6,6.95,6.492,26,9,1,10,25,824,619,205,40,327,497,6.51781189320388,6.76038287560582,5.78536585365854,6.05,6.48372171253822,6.54024144869215,66
"67",2007,1,6.13953488372093,43,6.421875,5.31818181818182,NA,5.72727272727273,6.28125,32,11,0,11,32,867,651,216,40,338,529,6.49905074971165,6.74374347158218,5.76157407407407,6.05,6.45910355029586,6.52457466918715,67
"68",2007,2,6.14622676470588,34,6.79545454545455,4.95597583333333,6,6.16666666666667,6.13507772727273,22,12,1,12,22,901,673,228,41,350,551,6.48573663706992,6.7454338781575,5.71917416666667,6.04878048780488,6.44907714285714,6.50902306715063,68
"69",2007,3,6.42058823529412,34,7.052,4.66666666666667,5.5,6.67647058823529,6.16470588235294,25,9,2,17,17,935,698,237,43,367,568,6.48336760427807,6.75641404011461,5.67920552742616,6.02325581395349,6.45961035422343,6.49871779929577,69
"70",2007,4,6.412,25,6.62173913043478,4,NA,6.5,6.37058823529412,23,2,0,8,17,960,721,239,43,375,585,6.48150907291667,6.75211789181692,5.66515359832636,6.02325581395349,6.460472,6.49499437606838,70
"71",2007,5,6.664,25,6.76842105263158,6.33333333333333,6,6.75,6.62352941176471,19,6,2,8,17,985,740,245,45,383,602,6.48614082233503,6.75253648648649,5.68151718367347,6.02222222222222,6.46651958224543,6.49862410299003,71
"72",2007,6,6.34615384615385,26,6.52777777777778,5.9375,NA,6.375,6.33333333333333,18,8,0,8,18,1011,758,253,45,391,620,6.48254076162216,6.74719920844327,5.68961150197628,6.02222222222222,6.46464705882353,6.49382533870968,72
"73",2007,7,6.76551724137931,29,6.75909090909091,6.78571428571429,NA,6.9,6.62142857142857,22,7,0,15,14,1040,780,260,45,406,634,6.49043145192308,6.74753461538462,5.71912196153846,6.02222222222222,6.4807315270936,6.49664307570978,73
"74",2007,8,6.94827586206897,29,7.06521739130435,6.5,8,6.92307692307692,6.96875,23,6,1,13,16,1069,803,266,46,419,650,6.50285192703461,6.75663387297634,5.7367357518797,6.06521739130435,6.49445584725537,6.50826416923077,74
"75",2007,9,6.64347826086957,23,7.13846153846154,6,6,6.64444444444444,6.64285714285714,13,10,1,9,14,1092,816,276,47,428,664,6.50581383699634,6.76271691176471,5.7462743115942,6.06382978723404,6.49760981308411,6.51110197289157,75
"76",2007,10,6.40617647058824,34,6.3905,6.42857142857143,7,6.4405,6.35714285714286,20,14,1,20,14,1126,836,290,48,448,678,6.50280524866785,6.75381220095694,5.77921279310345,6.08333333333333,6.49506026785714,6.50792287610619,76
"77",2007,11,6.10483870967742,31,6.31818181818182,5.58333333333333,6,6.48076923076923,5.83333333333333,22,9,2,13,18,1157,858,299,50,461,696,6.49214235955056,6.74264219114219,5.77331675585284,6.08,6.49465726681128,6.49047659482759,77
"78",2007,12,6.54897959183673,49,6.94558823529412,5.65,5.75,6.63809523809524,6.48214285714286,34,15,4,21,28,1206,892,314,54,482,724,6.49445166666667,6.75037780269058,5.76742582802548,6.05555555555556,6.50090663900415,6.49015429558011,78
"79",2008,1,6.24,45,6.65588235294118,4.95454545454545,5,5.85789473684211,6.51923076923077,34,11,2,19,26,1251,926,325,56,501,750,6.48529872901679,6.74690820734341,5.73991295384615,6.01785714285714,6.47652095808383,6.49116228,79
"80",2008,2,6.9125,32,7.29545454545455,6.07,5.5,7.21333333333333,6.64705882352941,22,10,1,15,17,1283,948,335,57,516,767,6.49595378799688,6.75963818565401,5.74976629850746,6.00877192982456,6.49793992248062,6.49461761408083,80
"81",2008,3,6.53703703703704,27,6.94444444444444,5.72222222222222,4,6.59090909090909,6.5,18,9,2,11,16,1310,966,344,59,527,783,6.49680054198473,6.7630817805383,5.74904566860465,5.94067796610169,6.49988045540797,6.49472759897829,81
"82",2008,4,6.55,31,6.89772727272727,5.7,6,6.56875,6.54347826086957,22,9,1,8,23,1341,988,353,60,535,806,6.49803035794183,6.76607995951417,5.74779521246459,5.94166666666667,6.50091028037383,6.49611874689826,82
"83",2008,5,6.26666666666667,30,6.43478260869565,5.71428571428571,5.33333333333333,5.93333333333333,6.6,23,7,3,15,15,1371,1011,360,63,550,821,6.49296769511306,6.75854302670623,5.74714363888889,5.91269841269841,6.48543090909091,6.49801669914738,83
"84",2008,6,6.26785714285714,28,6.45,5.8125,NA,6.18181818181818,6.32352941176471,20,8,0,11,17,1399,1031,368,63,561,838,6.48846226590422,6.75255771096023,5.74856442934783,5.91269841269841,6.47947771836007,6.49447698090692,84
"85",2008,7,6.26,30,6.39047619047619,5.95555555555556,6.75,6.63636363636364,6.04210526315789,21,9,2,11,19,1429,1052,377,65,572,857,6.48366599720084,6.74532984790875,5.75350586206897,5.93846153846154,6.48249475524476,6.48444773628938,85
"86",2008,8,6.125,32,6.60526315789474,5.42307692307692,5.5,5.65384615384615,6.44736842105263,19,13,4,13,19,1461,1071,390,69,585,876,6.47581020533881,6.74284500466853,5.74249156410256,5.91304347826087,6.46408034188034,6.48364350456621,86
"87",2008,9,6.42592592592593,27,6.58333333333333,6.11111111111111,6.25,5.57142857142857,6.725,18,9,4,7,20,1488,1089,399,73,592,896,6.47490504704301,6.74020844811754,5.75080629072682,5.93150684931507,6.45352533783784,6.48903092633928,87
"88",2008,10,6.39827586206897,29,6.49722222222222,6.23636363636364,5.5,5.98846153846154,6.73125,18,11,2,13,16,1517,1107,410,75,605,912,6.47344015161503,6.73625745257453,5.76383343902439,5.92,6.44353223140496,6.49328038377193,88
"89",2008,11,6.52058823529412,34,6.65833333333333,6.19,6.63333333333333,6.60909090909091,6.47826086956522,24,10,3,11,23,1551,1131,420,78,616,935,6.47447370083817,6.73460389036251,5.77398026190476,5.9474358974359,6.44648863636364,6.4929109197861,89
"90",2008,12,6.80142857142857,35,6.81296296296296,6.7625,7,7.19642857142857,6.53809523809524,27,8,4,14,21,1586,1158,428,82,630,956,6.48168897225725,6.73643091537133,5.79245726635514,5.99878048780488,6.46315396825397,6.4939034623431,90
"91",2009,1,6.26818181818182,66,6.45365853658537,5.964,6.6,6.64705882352941,6.13673469387755,41,25,5,17,49,1652,1199,453,87,647,1005,6.47315902542373,6.72676146788991,5.80192430463576,6.03333333333333,6.46798608964451,6.47648926368159,91
"92",2009,2,6.24333333333333,45,7.09,5.185,3.5,5.98636363636364,6.32647058823529,25,20,2,11,34,1697,1224,473,89,658,1039,6.46706464938126,6.73418055555556,5.77583871035941,5.97640449438202,6.45993465045593,6.47158008662175,92
"93",2009,3,6.57291666666667,48,6.88,6.23913043478261,5.9,7.19230769230769,6.34285714285714,25,23,5,13,35,1745,1249,496,94,671,1074,6.46997633810888,6.73709927942354,5.79732199596774,5.97234042553191,6.47412369597616,6.46738520484171,93
"94",2009,4,6.0475,40,6.61052631578947,5.53809523809524,5.1,5.18571428571429,6.23030303030303,19,21,5,7,33,1785,1268,517,99,678,1107,6.46050908123249,6.73520268138801,5.78679247582205,5.92828282828283,6.4608215339233,6.46031771454381,94
"95",2009,5,6.43478260869565,46,7,5.76190476190476,5.92857142857143,5.95454545454545,6.58571428571429,25,21,7,11,35,1831,1293,538,106,689,1142,6.45986275805571,6.74032250580046,5.78582102230483,5.92830188679245,6.45273875181422,6.46416086690018,95
"96",2009,6,6.22432432432432,37,6.3875,5.92307692307692,6,6.21875,6.22857142857143,24,13,4,16,21,1868,1317,551,110,705,1163,6.45519738222698,6.73389293849658,5.78905936479129,5.93090909090909,6.44742836879433,6.45990688736028,96
"97",2009,7,6.64324324324324,37,7.012,5.875,6.25,6.33333333333333,6.74285714285714,25,12,4,9,28,1905,1342,563,114,714,1191,6.45884971653543,6.7390737704918,5.79089113676732,5.94210526315789,6.44599019607843,6.4665589504618,97
"98",2009,8,6.0125,32,6.33684210526316,5.53846153846154,7,6.75,5.84230769230769,19,13,1,6,26,1937,1361,576,115,720,1217,6.4514758440888,6.73345848640705,5.78519394097222,5.95130434782609,6.44852361111111,6.45322244042728,98
"99",2009,9,6.1375,40,6.47727272727273,5.72222222222222,5.125,6.83333333333333,5.93548387096774,22,18,4,9,31,1977,1383,594,119,729,1248,6.44512327263531,6.72938322487346,5.78328570707071,5.9235294117647,6.4532743484225,6.44036194711538,99
"100",2009,10,6.54285714285714,35,6.89473684210526,6.125,6.16666666666667,6.41666666666667,6.60869565217391,19,16,3,12,23,2012,1402,610,122,741,1271,6.44682341451292,6.73162410841655,5.79224870491803,5.92950819672131,6.45268151147099,6.44340811172305,100
"101",2009,11,6.32553191489362,47,6.58928571428571,5.93684210526316,6,5.9,6.44054054054054,28,19,4,10,37,2059,1430,629,126,751,1308,6.44405474016513,6.72883706293706,5.79661639109698,5.93174603174603,6.44532223701731,6.44332699541284,101
"102",2009,12,6.45272727272727,55,6.6875,6.12608695652174,6.4,6.36666666666667,6.47674418604651,32,23,5,12,43,2114,1462,652,131,763,1351,6.44428037369915,6.72793228454172,5.80823881901841,5.94961832061069,6.44408519003932,6.44439060695781,102
"103",2010,1,6.45188679245283,53,6.82916666666667,5.65294117647059,5.4,6.66666666666667,6.3671052631579,36,17,5,15,38,2167,1498,669,136,778,1389,6.44446640978311,6.73036515353805,5.80429254110613,5.92941176470588,6.44837660668381,6.44227624910007,103
"104",2010,2,6.84268292682927,41,6.9609375,6.42222222222222,7.33333333333333,7.25,6.60769230769231,32,9,3,15,26,2208,1530,678,139,793,1415,6.45186082880435,6.73518758169935,5.81249514749263,5.95971223021583,6.46353972257251,6.44531569611307,104
"105",2010,3,6.55,40,6.75925925925926,6.11538461538461,5.66666666666667,6.625,6.51785714285714,27,13,3,12,28,2248,1557,691,142,805,1443,6.45360707740213,6.73560500963391,5.81819350217077,5.95352112676056,6.46594658385093,6.44672329175329,105
"106",2010,4,6.48142857142857,35,7.04117647058824,5.95277777777778,4,6.92727272727273,6.27708333333333,17,18,1,11,24,2283,1574,709,143,816,1467,6.45403360052562,6.73890533672173,5.82161031029619,5.93986013986014,6.47216544117647,6.44394799591002,106
"107",2010,5,6.635625,32,6.7845,6.3875,6.6875,6.4375,6.70166666666667,20,12,4,8,24,2315,1594,721,147,824,1491,6.45654371922246,6.7394774153074,5.83102872399445,5.96020408163265,6.47182888349515,6.44809638497652,107
"108",2010,6,6.19230769230769,26,6.53125,5.65,6.275,6.2,6.1875,16,10,4,10,16,2341,1610,731,151,834,1507,6.45360901751388,6.73740807453416,5.82855227086183,5.96854304635762,6.46856954436451,6.445329601858,108
"109",2010,7,6.13793103448276,29,6.68181818181818,4.42857142857143,4,6.22727272727273,6.08333333333333,22,7,1,11,18,2370,1632,738,152,845,1525,6.44974629113924,6.73665870098039,5.8152733197832,5.95559210526316,6.46542840236686,6.44105685901639,109
"110",2010,8,5.66315789473684,38,6.1,5.0625,4.5,5.80588235294118,5.54761904761905,22,16,2,17,21,2408,1654,754,154,862,1546,6.4373333513289,6.72819044740024,5.79929935013263,5.93668831168831,6.4524211136891,6.42892089909444,110
"111",2010,9,5.73103448275862,29,6,5.4,5.5,5.9625,5.64285714285714,16,13,4,8,21,2437,1670,767,158,870,1567,6.42892848173984,6.72121377245509,5.79253156453716,5.92563291139241,6.44791609195402,6.41838654116145,111
"112",2010,10,5.95833333333333,24,6.38461538461539,5.45454545454545,6,6,5.94117647058824,13,11,3,7,17,2461,1683,778,161,877,1584,6.42433917513206,6.7186137849079,5.78775284061697,5.92701863354037,6.4443409350057,6.41326496843434,112
"113",2010,11,5.94210526315789,38,6.78125,5.33181818181818,5.5,4.85714285714286,6.575,16,22,6,14,24,2499,1699,800,167,891,1608,6.41700628651461,6.71920364920542,5.7752146375,5.91167664670659,6.41940179573513,6.41567892412935,113
"114",2010,12,5.86315789473684,38,6.12727272727273,5.5,6.5,5.66666666666667,5.95384615384615,22,16,5,12,26,2537,1721,816,172,903,1634,6.40871056759953,6.71163683904707,5.76981827205882,5.92877906976744,6.40939867109635,6.4083302998776,114
"115",2011,1,6.474,50,6.81052631578947,5.40833333333333,5,7.00714285714286,6.26666666666667,38,12,2,14,36,2587,1759,828,174,917,1670,6.40997244298415,6.71377316657192,5.76457935990338,5.91810344827586,6.41852453653217,6.40527647305389,115
"116",2011,2,6.17625,40,6.86428571428571,5.41578947368421,4.75,6.09090909090909,6.20862068965517,21,19,6,11,29,2627,1780,847,180,928,1699,6.40641366958508,6.71554887640449,5.75675526564345,5.87916666666667,6.4146411637931,6.40191978222484,116
"117",2011,3,6.15222222222222,36,6.632,5.5525,4.95,6.42416666666667,6.01625,20,16,5,12,24,2663,1800,863,185,940,1723,6.40297736012016,6.71462055555556,5.75296837775203,5.85405405405405,6.41476276595745,6.39654771329077,117
"118",2011,4,6.37638888888889,36,6.59807692307692,5.8,5,5.6,6.59821428571429,26,10,1,8,28,2699,1826,873,186,948,1751,6.40262271582067,6.71296111719606,5.75350711340206,5.8494623655914,6.40788713080169,6.39977253569389,118
"119",2011,5,6.625,34,7.25,6.13157894736842,6.5,6.61111111111111,6.63,15,19,2,9,25,2733,1841,892,188,957,1776,6.40538920965971,6.71733677349267,5.76156021300448,5.8563829787234,6.40979832810867,6.40301335022522,119
"120",2011,6,6.31290322580645,31,6.73181818181818,5.28888888888889,4,6.4875,6.25217391304348,22,9,1,8,23,2764,1863,901,189,965,1799,6.4043519211288,6.71750778314546,5.75683874583796,5.84656084656085,6.41044248704663,6.4010848860478,120
"121",2011,7,6.55405405405405,37,7.01851851851852,5.3,5.5,6.79166666666667,6.44,27,10,2,12,25,2801,1890,911,191,977,1824,6.40632942163513,6.72180793650794,5.75182405049396,5.84293193717278,6.41512487205732,6.4016182620614,121
"122",2011,8,6.39024390243902,41,6.75185185185185,5.69285714285714,7.1,5.9,6.54838709677419,27,14,3,10,31,2842,1917,925,194,987,1855,6.40609736453202,6.72223109024517,5.75093157837838,5.86237113402062,6.40990577507599,6.40407100269542,122
"123",2011,9,5.64347826086957,23,6.51666666666667,4.69090909090909,4,6.02857142857143,5.475,12,11,4,7,16,2865,1929,936,198,994,1871,6.39997511692845,6.72095230689476,5.7384740491453,5.82474747474747,6.40722032193159,6.39612598075895,123
"124",2011,10,6.33333333333333,36,6.77272727272727,5.64285714285714,5,5.625,6.53571428571429,22,14,1,8,28,2901,1951,950,199,1002,1899,6.39914812478456,6.72153613531522,5.73706495789474,5.82060301507538,6.4009750499002,6.39818415481832,124
"125",2011,11,6.627,50,6.94342105263158,5.625,5.66666666666667,6.55,6.66323529411765,38,12,3,16,34,2951,1989,962,202,1018,1933,6.40300871230091,6.72577526395173,5.73566705821206,5.81831683168317,6.40331728880157,6.40284620279358,125
"126",2011,12,6.32391304347826,46,6.54827586206897,5.94117647058824,7,6.375,6.31315789473684,29,17,4,8,38,2997,2018,979,206,1026,1971,6.40179469803136,6.72322447968285,5.73923565883555,5.84126213592233,6.40309649122807,6.40111705225774,126
"127",2012,1,6.13728813559322,59,6.395,5.59473684210526,5.5,6.5,6.03478260869565,40,19,6,13,46,3056,2058,998,212,1039,2017,6.39668805955497,6.71684499514091,5.73648467935872,5.83160377358491,6.40430895091434,6.39276237481408,127
"128",2012,2,6.81739130434783,23,7.36666666666667,5.7875,NA,7,6.75294117647059,15,8,0,6,17,3079,2073,1006,212,1045,2034,6.39983069503085,6.72154703328509,5.73689036779324,5.83160377358491,6.40772918660287,6.39577271878072,128
"129",2012,3,6.77368421052632,38,6.96153846153846,6.36666666666667,6.5,6.71428571428571,6.78709677419355,26,12,3,7,31,3117,2099,1018,215,1052,2065,6.40438842155919,6.72451977131967,5.74431405697446,5.84093023255814,6.40976901140684,6.40164731719128,129
"130",2012,4,6.30833333333333,36,6.65769230769231,5.4,5.4,6.625,6.26875,26,10,5,4,32,3153,2125,1028,220,1056,2097,6.40329169362512,6.72370211764706,5.74096469844358,5.83090909090909,6.41058428030303,6.39961931807344,130
"131",2012,5,6.58275862068966,29,7.05555555555556,5.80909090909091,6.66666666666667,6.625,6.56666666666667,18,11,3,8,21,3182,2143,1039,223,1064,2118,6.40492731301068,6.72648950069995,5.74168595765159,5.84215246636771,6.41219642857143,6.40127559490085,131
"132",2012,6,6.61577777777778,45,7.18827586206897,5.578125,5.5,7.02,6.52837837837838,29,16,2,8,37,3227,2172,1055,225,1072,2155,6.40786758909203,6.73265515653775,5.73920541232228,5.83911111111111,6.4167322761194,6.4034578700696,132
"133",2012,7,6.5430303030303,33,7,5.492,5,6.5,6.55461538461538,23,10,1,7,26,3260,2195,1065,226,1079,2181,6.40923580061349,6.73545649202733,5.73688423474178,5.8353982300885,6.41727247451344,6.40525983952315,133
"134",2012,8,6.34583333333333,24,7.14375,4.75,NA,6.8,6.22631578947368,16,8,0,5,19,3284,2211,1073,226,1084,2200,6.40877244518879,6.73841112618724,5.72952629077353,5.8353982300885,6.41903782287823,6.40371441363636,134
"135",2012,9,6.875,28,7.11904761904762,6.14285714285714,NA,6.8,6.89130434782609,21,7,0,5,23,3312,2232,1080,226,1089,2223,6.41271398248792,6.74199238351254,5.73220528703704,5.8353982300885,6.42078696051423,6.40875920377867,135
"136",2012,10,5.61071428571429,28,6.005,4.625,5.5,5.25,5.67083333333333,20,8,2,4,24,3340,2252,1088,228,1093,2247,6.40599063173652,6.7354471580817,5.72406407169118,5.83245614035088,6.41650228728271,6.40087748553627,136
"137",2012,11,6.36511627906977,43,6.75862068965517,5.55,NA,6.775,6.27142857142857,29,14,0,8,35,3383,2281,1102,228,1101,2282,6.40547109370381,6.73574177992109,5.72185273139746,5.83245614035088,6.41910717529519,6.39889207274321,137
"138",2012,12,6.50925925925926,54,6.58,6.37894736842105,7,5.48888888888889,6.71333333333333,35,19,1,9,45,3437,2316,1121,229,1110,2327,6.40710174861798,6.73338816925734,5.73298992863515,5.83755458515284,6.41156486486486,6.40497280189084,138
"139",2013,1,6.30078125,64,6.51,5.80526315789474,6.075,6.25,6.31132075471698,45,19,4,11,53,3501,2361,1140,233,1121,2380,6.40515815766924,6.7291304531978,5.73419448245614,5.84163090128755,6.40997948260482,6.40288727310924,139
"140",2013,2,6.36170212765957,47,6.53030303030303,5.96428571428571,6,6.8125,6.26923076923077,33,14,2,8,39,3548,2394,1154,235,1129,2419,6.4045825,6.72638972431078,5.73698588388215,5.84297872340426,6.41283170947741,6.40073241422075,140
"141",2013,3,6.21739130434783,46,6.67241379310345,5.44117647058824,5.7,5.95,6.29166666666667,29,17,5,10,36,3594,2423,1171,240,1139,2455,6.40218661936561,6.7257437061494,5.73269146883006,5.84,6.40876821773485,6.39913307942973,141
"142",2013,4,6.34777777777778,45,6.56923076923077,6.04473684210526,6.125,6.76666666666667,6.24305555555556,26,19,2,9,36,3639,2449,1190,242,1148,2491,6.40151379774663,6.72408207431605,5.73767370588235,5.84235537190083,6.41157404181185,6.39687744279406,142
"143",2013,5,6.5625,32,7.16666666666667,5.78571428571429,6.41666666666667,6.875,6.51785714285714,18,14,6,4,28,3671,2467,1204,248,1152,2519,6.40291710977935,6.72731130928253,5.73823231727575,5.85625,6.41318315972222,6.3982221953156,143
"144",2013,6,6.27560975609756,41,6.8,5.45625,5,6.29230769230769,6.26785714285714,25,16,1,13,28,3712,2492,1220,249,1165,2547,6.40151096713362,6.72804052969502,5.73453418852459,5.85281124497992,6.41183433476395,6.39678904986258,144
"145",2013,7,6.04313725490196,51,6.25428571428571,5.58125,5.85714285714286,5.95714285714286,6.07567567567568,35,16,7,14,37,3763,2527,1236,256,1179,2584,6.39665392240234,6.72147882865057,5.73254992718447,5.8529296875,6.40643511450382,6.39219106424148,145
"146",2013,8,6.59583333333333,48,6.78666666666667,6.27777777777778,5.33333333333333,7.13636363636364,6.43513513513513,30,18,3,11,37,3811,2557,1254,259,1190,2621,6.39916261086329,6.72224364489636,5.74037616427432,5.8469111969112,6.41318235294118,6.3927972949256,146
"147",2013,9,6.57857142857143,35,6.89705882352941,6.27777777777778,6.5,6.725,6.52,17,18,4,10,25,3846,2574,1272,263,1200,2646,6.40079529641185,6.72339821289821,5.74798090408805,5.85684410646388,6.41578083333333,6.3939991345427,147
"148",2013,10,6.71285714285714,35,6.85208333333333,6.40909090909091,7,7.225,6.508,24,11,3,10,25,3881,2598,1283,266,1210,2671,6.40360956196856,6.7245869899923,5.7536490335152,5.86973684210526,6.42246859504132,6.39506615874204,148
"149",2013,11,6.38020833333333,48,6.80882352941176,5.33928571428571,4,7.14285714285714,6.06617647058824,34,14,1,14,34,3929,2632,1297,267,1224,2705,6.40332367269025,6.72567515197568,5.74917633770239,5.862734082397,6.43070833333333,6.39093224029575,149
"150",2013,12,6.30094339622642,53,6.67285714285714,5.57777777777778,5.3,6.175,6.35540540540541,35,18,3,16,37,3982,2667,1315,270,1240,2742,6.40196100200904,6.72498200224972,5.74683019771863,5.85648148148148,6.42740887096774,6.39045284828592,150
"151",2014,1,6.56111111111111,72,6.94722222222222,5.40277777777778,6.16666666666667,6.13157894736842,6.71509433962264,54,18,6,19,53,4054,2721,1333,276,1259,2795,6.40478754563394,6.72939250275634,5.74218432858215,5.86322463768116,6.42294440031771,6.39660884078712,151
"152",2014,2,6.09791666666667,48,6.42068965517241,5.60526315789474,5.14285714285714,5.5,6.2,29,19,7,7,41,4102,2750,1352,283,1266,2836,6.40119666260361,6.72613709090909,5.74026014053254,5.84540636042403,6.41784123222749,6.39376647038082,152
"153",2014,3,6.54054054054054,37,7.04,5.5,6,6.4375,6.56896551724138,25,12,2,8,29,4139,2775,1364,285,1274,2865,6.40244230732061,6.72896468468468,5.73814641495601,5.84649122807018,6.41796467817896,6.39553986387434,153
"154",2014,4,6.42244897959184,49,6.45945945945946,6.30833333333333,5.86666666666667,7.5,6.24285714285714,37,12,6,7,42,4188,2812,1376,291,1281,2907,6.40267638729704,6.72541856330014,5.7431189752907,5.84690721649485,6.42387743950039,6.39333392156863,154
"155",2014,5,6.6,37,7.23913043478261,5.55,5.6,6.42857142857143,6.64,23,14,5,7,30,4225,2835,1390,296,1288,2937,6.40440442840237,6.72958624338624,5.74117389208633,5.84273648648649,6.42390295031056,6.39585349336057,155
"156",2014,6,6.65,32,6.672,6.57142857142857,7.33333333333333,7.33333333333333,6.49230769230769,25,7,3,6,26,4257,2860,1397,299,1294,2963,6.40625057787174,6.72908286713287,5.7453340801718,5.85769230769231,6.42811978361669,6.39669986837665,156
"157",2014,7,6.57096774193548,31,6.685,6.36363636363636,6.25,6,6.61034482758621,20,11,2,2,29,4288,2880,1408,301,1296,2992,6.40744139692164,6.72877673611111,5.75016456676136,5.86029900332226,6.42745910493827,6.398770625,157
"158",2014,8,6.56280487804878,41,6.74444444444444,6.2125,6.1,7.15,6.37338709677419,27,14,5,10,31,4329,2907,1422,306,1306,3023,6.40891284592285,6.72892225662195,5.75471639240506,5.86421568627451,6.43299157733537,6.39851032418128,158
"159",2014,9,6.248,25,6.77857142857143,5.57272727272727,5.93333333333333,4.575,6.56666666666667,14,11,3,4,21,4354,2921,1433,309,1310,3044,6.40798890904915,6.72916021910305,5.7533194068388,5.86488673139159,6.42731832061069,6.39967040407359,159
"160",2014,10,6.7921875,32,6.925,6.57083333333333,7.25,7.11111111111111,6.66739130434783,20,12,2,9,23,4386,2941,1445,311,1319,3067,6.410791999544,6.73049200952057,5.76010844982699,5.87379421221865,6.43198407884761,6.40167809259863,160
"161",2014,11,6.62152542372881,59,6.85051282051282,6.175,6.58333333333333,6.54466666666667,6.64772727272727,39,20,6,15,44,4445,2980,1465,317,1334,3111,6.41358913610799,6.73206275167785,5.76577249829352,5.88722397476341,6.43325112443778,6.40515805528769,161
"162",2014,12,6.39285714285714,49,6.93548387096774,5.45833333333333,4.7625,5.61111111111111,6.56875,31,18,8,9,40,4494,3011,1483,325,1343,3151,6.41336308633734,6.73415709066755,5.76204093728928,5.85953846153846,6.42774162323157,6.40723475404633,162
"163",2015,1,6.66825396825397,63,7.18292682926829,5.70909090909091,5.275,7.34166666666667,6.50980392156863,41,22,4,12,51,4557,3052,1505,329,1355,3202,6.41688692341453,6.74018577981651,5.76126691694352,5.85243161094225,6.43583542435424,6.40886842910681,163
"164",2015,2,6.25581395348837,43,6.67741935483871,5.16666666666667,6,5.95,6.34848484848485,31,12,2,10,33,4600,3083,1517,331,1365,3235,6.41538124130435,6.73955465455725,5.7565634212261,5.85332326283988,6.43227619047619,6.40825246058733,164
"165",2015,3,6.42666666666667,45,6.68461538461538,6.07368421052632,7.2,7.8,6.255,26,19,5,5,40,4645,3109,1536,336,1370,3275,6.41549057265877,6.73909520746221,5.76048613932292,5.8733630952381,6.43726788321168,6.40638067480916,165
"166",2015,4,6.60714285714286,42,7.046875,5.2,2.75,6.725,6.56,32,10,2,12,30,4687,3141,1546,338,1382,3305,6.41720796031577,6.74223081821076,5.75686074385511,5.85488165680473,6.43976628075253,6.40777510136157,166
"167",2015,5,6.55294117647059,34,6.712,6.11111111111111,5.5,5.875,6.64333333333333,25,9,2,4,30,4721,3166,1555,340,1386,3335,6.4181854924804,6.74199210360076,5.75891106752412,5.85279411764706,6.43813636363636,6.40989406596702,167
"168",2015,6,6.00882352941176,34,6.82222222222222,5.09375,3.33333333333333,5.83333333333333,6.04642857142857,18,16,3,6,28,4755,3184,1571,343,1392,3363,6.41525840378549,6.74244566582914,5.75213667091025,5.83075801749271,6.43552945402299,6.40686788878977,168
"169",2015,7,6.08809523809524,42,6.41071428571429,5.44285714285714,5.75,6.21428571428571,6.06285714285714,28,14,2,7,35,4797,3212,1585,345,1399,3398,6.4123939357932,6.73955386052304,5.74940486435331,5.83028985507246,6.43442244460329,6.40332451736315,169
"170",2015,8,6.78229166666667,48,6.79189189189189,6.75,6.33333333333333,7.15,6.65972222222222,37,11,3,12,36,4845,3249,1596,348,1411,3434,6.41605855727554,6.74014989227454,5.75630119674186,5.83462643678161,6.44050815024805,6.4060124373908,170
"171",2015,9,6.12222222222222,54,6.58108108108108,5.12352941176471,6.76666666666667,6.28888888888889,6.08888888888889,37,17,6,9,45,4899,3286,1613,354,1420,3479,6.41281969993876,6.7383587948874,5.74963218226906,5.85042372881356,6.43954718309859,6.40191052313883,171
"172",2015,10,6.52840909090909,44,6.89375,6.09,6.31111111111111,6.15625,6.61111111111111,24,20,9,8,36,4943,3310,1633,363,1428,3515,6.41384861622496,6.73948549848943,5.75380080220453,5.86184573002755,6.43796008403361,6.40405311806543,172
"173",2015,11,6.84893617021277,47,7.18787878787879,6.05,5.4,7.1125,6.79487179487179,33,14,3,8,39,4990,3343,1647,366,1436,3554,6.41794663527054,6.74391175590787,5.75631858530662,5.85806010928962,6.44171796657382,6.40834178671919,173
"174",2015,12,6.41803278688525,61,6.57738095238095,6.06578947368421,6.58333333333333,6.28571428571429,6.43518518518519,42,19,6,7,54,5051,3385,1666,372,1443,3608,6.41794767570778,6.74184549483013,5.75984796518607,5.86975806451613,6.44096119196119,6.40874354490022,174
"175",2016,1,6.20882352941176,68,6.45333333333333,5.7304347826087,6,6.66666666666667,6.11071428571429,45,23,5,12,56,5119,3430,1689,377,1455,3664,6.415169703067,6.73806034985423,5.75944743043221,5.87148541114058,6.44282268041237,6.40418851255458,175
"176",2016,2,6.14096153846154,52,6.41612903225806,5.73476190476191,4.87571428571429,6.61111111111111,6.04255813953488,31,21,7,9,43,5171,3461,1710,384,1464,3707,6.41241224327983,6.7351768275065,5.7591442748538,5.85333333333333,6.44385724043716,6.39999371729161,176
"177",2016,3,6.23333333333333,45,6.62068965517241,5.53125,6.25,6.64285714285714,6.15789473684211,29,16,2,7,38,5216,3490,1726,386,1471,3745,6.41086727569018,6.73422550143266,5.75703169756663,5.85538860103627,6.44480421481985,6.39753717222964,177
"178",2016,4,6.37333333333333,45,6.54838709677419,5.98571428571429,5.7,6.68571428571429,6.31578947368421,31,14,4,7,38,5261,3521,1740,390,1478,3783,6.41054622885383,6.73258932121556,5.75887167241379,5.85379487179487,6.44594519621109,6.39671602167592,178
"179",2016,5,6.5269387755102,49,6.84222222222222,5.65384615384615,7,6.73333333333333,6.49813953488372,36,13,1,6,43,5310,3557,1753,391,1484,3826,6.41162028436912,6.73369890357042,5.75809281802624,5.856726342711,6.44710714285714,6.39785590956613,179
"180",2016,6,6.03255813953488,43,6.71481481481482,4.88125,4.35,6.14285714285714,6.01111111111111,27,16,2,7,36,5353,3584,1769,393,1491,3862,6.40857532411732,6.733556640625,5.75016207461843,5.84905852417303,6.44567873910127,6.39425083117556,180
"181",2016,7,5.96666666666667,51,6.5875,4.92105263157895,5,5.04545454545455,6.22,32,19,1,11,40,5404,3616,1788,394,1502,3902,6.40440483160622,6.7322641039823,5.74135162751678,5.84690355329949,6.4354241011984,6.39246455920041,181
"182",2016,8,6.12727272727273,44,6.70333333333333,4.89285714285714,2.5,8.5625,5.88375,30,14,2,4,40,5448,3646,1802,396,1506,3942,6.40216661343612,6.73202605595173,5.73475955049945,5.83,6.44107370517928,6.38730256468798,182
"183",2016,9,6.1530612244898,49,6.57142857142857,5.59523809523809,5.2,6.625,6.11111111111111,28,21,5,4,45,5497,3674,1823,401,1510,3987,6.39994609969074,6.73080212302667,5.73315233680746,5.82214463840399,6.44156092715232,6.38418527965889,183
"184",2016,10,6.35227272727273,44,6.66129032258065,5.61538461538461,5.5,6.33333333333333,6.35714285714286,31,13,2,9,35,5541,3705,1836,403,1519,4022,6.39956753474102,6.73022051282051,5.73231846949891,5.8205459057072,6.44091968400263,6.38394995275982,184
"185",2016,11,6.31836734693878,49,6.47096774193548,6.05555555555556,4.8,5.75,6.5027027027027,31,18,5,12,37,5590,3736,1854,408,1531,4059,6.39885576207513,6.7280693254818,5.73545669363538,5.80803921568627,6.43550424559112,6.38503244887903,185
"186",2016,12,6.48347457627119,59,6.7505,5,6.5,6.4,6.49471153846154,50,9,2,7,52,5649,3786,1863,410,1538,4111,6.39973954859267,6.72836555731643,5.73190376274826,5.81141463414634,6.43534265279584,6.38641977864267,186
"187",2017,1,6.40708108108108,74,6.69448,5.80833333333333,5.16666666666667,6.23028571428571,6.44833333333333,50,24,6,14,60,5723,3836,1887,416,1552,4171,6.39983447667307,6.72792387904067,5.7328758399576,5.80211538461538,6.43349291237113,6.38731040757612,187
"188",2017,2,5.82558139534884,43,6.63461538461539,4.58823529411765,6.5,6.1875,5.74285714285714,26,17,4,8,35,5766,3862,1904,420,1560,4206,6.39555197884149,6.72729570170896,5.72265583508403,5.8087619047619,6.43223141025641,6.38194762482168,188
"189",2017,3,6.46739130434783,46,6.75862068965517,5.97058823529412,4.5,6.41666666666667,6.475,29,17,3,6,40,5812,3891,1921,423,1566,4246,6.39612056262904,6.72752916987921,5.72484992712129,5.79947990543735,6.4321717752235,6.38282423692887,189
"190",2017,4,6.47959183673469,49,6.78787878787879,5.84375,6.25,7.1875,6.34146341463415,33,16,4,8,41,5861,3924,1937,427,1574,4287,6.39681841153387,6.72803669724771,5.72583206504904,5.80370023419204,6.43601080050826,6.38242867039888,190
"191",2017,5,6.48127272727273,55,6.44230769230769,6.57625,6.6,6.28571428571429,6.50979166666667,39,16,5,7,48,5916,3963,1953,432,1581,4335,6.39760356828939,6.72522482967449,5.73279913466462,5.81291666666667,6.43534535104364,6.38383891810842,191
"192",2017,6,6.07317073170732,41,6.83333333333333,5.275,5.875,6.38888888888889,5.984375,21,20,4,9,32,5957,3984,1973,436,1590,4367,6.39537060768844,6.72579467871486,5.72815849467815,5.81348623853211,6.43508238993711,6.38091177238379,192
"193",2017,7,6.54853658536585,41,6.5465625,6.55555555555556,5.5,6.398,6.56944444444444,32,9,2,5,36,5998,4016,1982,438,1595,4403,6.39641759086362,6.72436653386454,5.73191559535822,5.81205479452055,6.43496614420062,6.38245326141267,193
"194",2017,8,6.82352941176471,51,6.96428571428571,6.65217391304348,6.25,7.40909090909091,6.6625,28,23,4,11,40,6049,4044,2005,442,1606,4443,6.40001863283187,6.72602769535114,5.74247217456359,5.81601809954751,6.44163823163138,6.38497450146297,194
"195",2017,9,6.74772727272727,44,7.19032258064516,5.69230769230769,5.5,7.24285714285714,6.65405405405405,31,13,2,7,37,6093,4075,2018,444,1613,4480,6.40252957656327,6.72955975460123,5.74214901387512,5.81459459459459,6.44511531308121,6.38719681026786,195
"196",2017,10,5.98442307692308,52,6.60633333333333,5.13636363636364,6,5.77777777777778,6.02767441860465,30,22,3,9,43,6145,4105,2040,447,1622,4523,6.3989914906428,6.72865919610231,5.73561603431373,5.8158389261745,6.44141245376079,6.38377884368782,196
"197",2017,11,6.45306451612903,62,6.78055555555556,5.99961538461538,4,7,6.33509803921569,36,26,1,11,51,6207,4141,2066,448,1633,4574,6.39953161108426,6.72911035981647,5.73893838818974,5.81178571428571,6.44517513778322,6.38323605378225,197
"198",2017,12,6.8625,48,7.20967741935484,6.22941176470588,7.125,6.9,6.85135135135135,31,17,4,11,37,6255,4172,2083,452,1644,4611,6.40308436610712,6.73268120805369,5.74294129140662,5.82340707964602,6.44821836982968,6.38699234656257,198
"199",2018,1,6.40970149253731,67,6.79651162790698,5.71666666666667,5.5,6.63333333333333,6.34519230769231,43,24,6,15,52,6322,4215,2107,458,1659,4663,6.40315449383107,6.73333238434164,5.74264200759373,5.81917030567686,6.44989210367691,6.38652620844949,199
"200",2018,2,6.25675675675676,37,6.79545454545455,5.46666666666667,6.25,7,6.08333333333333,22,15,4,7,30,6359,4237,2122,462,1666,4693,6.40230267494889,6.73365494453623,5.74069119227144,5.82290043290043,6.45220348139256,6.38458804815683,200
"201",2018,3,6.36808510638298,47,6.70277777777778,5.27272727272727,6,6.375,6.36744186046512,36,11,1,4,43,6406,4273,2133,463,1670,4736,6.40205162503903,6.73339480458694,5.73827787623066,5.82328293736501,6.45201856287425,6.38443237119932,201
"202",2018,4,6.55,34,6.97619047619048,5.86153846153846,6.36666666666667,6.5,6.55666666666667,21,13,3,4,30,6440,4294,2146,466,1674,4766,6.4028327189441,6.73458220773172,5.73902456197577,5.82678111587983,6.45213321385902,6.38551651489719,202
"203",2018,5,5.95405405405405,37,6.63333333333333,4.7,3.775,5.58571428571429,6.04,24,13,4,7,30,6477,4318,2159,470,1681,4796,6.40026906129381,6.73401945345067,5.73276827698008,5.80931914893617,6.4485252825699,6.38335523561301,203
"204",2018,6,6.40476190476191,42,6.64333333333333,5.80833333333333,6,6.16,6.43783783783784,30,12,2,5,37,6519,4348,2171,472,1686,4833,6.40029800736309,6.73339374425023,5.73318595578075,5.81012711864407,6.44766963226572,6.38377233809228,204
"205",2018,7,5.90606060606061,33,6.28095238095238,5.25,5,5.25,5.99655172413793,21,12,2,4,29,6552,4369,2183,474,1690,4862,6.39780871642247,6.73121904325933,5.73052987173614,5.80670886075949,6.4448349112426,6.38146271287536,205
"206",2018,8,6.41412041666667,48,6.696508,5.65384615384615,5,6.78571428571429,6.35067756097561,35,13,5,7,41,6600,4404,2196,479,1697,4903,6.3979273469697,6.73094318346957,5.73007591530055,5.79828810020877,6.44624101355333,6.38120528044055,206
"207",2018,9,6.5,31,6.625,6.27272727272727,6.25,6,6.55357142857143,20,11,4,3,28,6631,4424,2207,483,1700,4931,6.39840453777711,6.73046423598553,5.7327805663797,5.80202898550725,6.44545352941176,6.38218403772054,207
"208",2018,10,5.89756097560976,41,6.392,5.125,6,6.25,5.85945945945946,25,16,2,4,37,6672,4449,2223,485,1704,4968,6.39532681205036,6.72856232411778,5.72840607737292,5.80284536082474,6.44499471830986,6.37829096014493,208
"209",2018,11,6.39672131147541,61,6.64634146341463,5.885,NA,6.64285714285714,6.36481481481481,41,20,0,7,54,6733,4490,2243,485,1711,5022,6.39533944601218,6.72781153229399,5.72980236736514,5.80284536082474,6.44580420806546,6.37814605535643,209
"210",2018,12,6.42863393442623,61,6.49735051282051,6.30681818181818,5.5,6.61666666666667,6.39608980769231,39,22,2,9,52,6794,4529,2265,487,1720,5074,6.39563838092435,6.72582699271362,5.73540693598234,5.80160164271047,6.44669825581395,6.37832994875838,210
"211",2019,1,6.175,66,6.53666666666667,5.4,5.75,6.87,6.05089285714286,45,21,4,10,56,6860,4574,2286,491,1730,5130,6.39351562099126,6.72396599256668,5.73232576990376,5.80118126272912,6.4491450867052,6.37475558674464,211
"212",2019,2,6.3431914893617,47,6.386875,6.25,7,6.21428571428571,6.36575,32,15,2,7,40,6907,4606,2301,493,1737,5170,6.39317318083104,6.72162406643508,5.73570043893959,5.80604462474645,6.44819861830742,6.37468591102514,212
"213",2019,3,6.40408163265306,49,6.61025641025641,5.6,6.25,7.38333333333333,6.26744186046512,39,10,2,6,43,6956,4645,2311,495,1743,5213,6.39325002300173,6.72068900968784,5.73511324534833,5.80783838383838,6.45141767068273,6.3738012967581,213
"214",2019,4,6.45454545454545,44,6.75806451612903,5.73076923076923,5.83333333333333,6.5,6.45,31,13,3,4,40,7000,4676,2324,498,1747,5253,6.39363530857143,6.7209367942686,5.73508894578313,5.80799196787149,6.45152890669719,6.37438152674662,214
"215",2019,5,6.25,28,6.69444444444444,5.45,6,6,6.30434782608696,18,10,1,5,23,7028,4694,2334,499,1752,5276,6.39306305634605,6.7208352045164,5.73386748500428,5.80837675350701,6.45024029680365,6.37407622441243,215
"216",2019,6,6.12972972972973,37,6.51538461538462,5.21818181818182,6.5,6.12857142857143,6.13,26,11,2,7,30,7065,4720,2345,501,1759,5306,6.39168395753716,6.71970348516949,5.73144849040512,5.8111377245509,6.44896020466174,6.37269622314361,216
"217",2019,7,6.564,50,6.990625,5.80555555555556,4,5.99285714285714,6.65697674418605,32,18,1,7,43,7115,4752,2363,502,1766,5349,6.39289489248068,6.72152787247475,5.73201299619128,5.80752988047809,6.4471523216308,6.37498152177977,217
"218",2019,8,5.87790697674419,43,6.5,5.22619047619048,4.875,5.94444444444444,5.86029411764706,22,21,4,9,34,7158,4774,2384,506,1775,5383,6.38980122380553,6.72050700670297,5.72755734479866,5.8001581027668,6.44460338028169,6.37173066319896,218
"219",2019,9,6.45918367346939,49,6.80555555555556,5.5,5.5,7.14285714285714,6.34523809523809,36,13,4,7,42,7207,4810,2397,510,1782,5425,6.39027295129735,6.72114354469854,5.72632319983312,5.79780392156863,6.44734624017957,6.37152555944701,219
"220",2019,10,5.89985365853659,41,6.66638095238095,5.095,6,6.0625,5.86042424242424,21,20,3,8,33,7248,4831,2417,513,1790,5458,6.3874987803532,6.72090549575657,5.72109917666529,5.79898635477583,6.44562625698324,6.36843535360938,220
"221",2019,11,6.29914191489362,47,6.64865566666667,5.68235294117647,7.2,6.25,6.30922230769231,30,17,4,8,39,7295,4861,2434,517,1798,5497,6.38692951747773,6.72045960090516,5.72082855792934,5.80982591876209,6.44475583982202,6.36801525013644,221
"222",2019,12,6.18660714285714,56,6.43787878787879,5.82608695652174,5.71428571428571,6.7,6.11326530612245,33,23,7,7,49,7351,4894,2457,524,1805,5546,6.38540345939328,6.71855417245607,5.72181388278388,5.80854961832061,6.44574570637119,6.36576448431302,222
"223",2020,1,6.31081081081081,74,6.63,5.64583333333333,4,6.07894736842105,6.39090909090909,50,24,3,19,55,7425,4944,2481,527,1824,5601,6.38466004444445,6.71765860032362,5.72107888351471,5.79825426944972,6.44192489035088,6.36601139617926,223
"224",2020,2,6.20212765957447,47,6.653125,5.24,NA,5.96363636363636,6.275,32,15,0,11,36,7472,4976,2496,527,1835,5637,6.3835118883833,6.71724359324759,5.71818778445513,5.79825426944972,6.43905776566757,6.36543016320738,224
"225",2020,3,6.40453125,64,6.66923076923077,5.2575,5,6.04166666666667,6.48826923076923,52,12,1,12,52,7536,5028,2508,528,1847,5689,6.38369039676221,6.71674704057279,5.71598353668262,5.79674242424242,6.43647590687601,6.36655296712955,225
"226",2020,4,6.355,40,6.85454545454545,5.74444444444444,6.33333333333333,8,6.26842105263158,22,18,9,2,38,7576,5050,2526,537,1849,5727,6.38353891631468,6.71734735049505,5.71618634600159,5.80573556797021,6.43816711736073,6.36590183865898,226
"227",2020,5,6.521,30,6.464,6.635,6,7,6.46777777777778,20,10,2,3,27,7606,5070,2536,539,1852,5754,6.38408109781751,6.71634795266272,5.71980942823344,5.80645640074212,6.43907721382289,6.36637988008342,227
"228",2020,6,6.31176470588235,51,6.61470588235294,5.70588235294118,5.625,5.53333333333333,6.41555555555556,34,17,4,6,45,7657,5104,2553,543,1858,5799,6.3835994292804,6.71567086990596,5.71971669016843,5.8051197053407,6.43615231431647,6.36676148128988,228
"229",2020,7,6.40341871794872,39,7.08888888888889,4.86111083333333,6.53333,7.2375,6.18817193548387,27,12,1,8,31,7696,5131,2565,544,1866,5830,6.38369986486487,6.71763479243812,5.71569982066277,5.80645832720588,6.43958788853162,6.36581186277873,229
"230",2020,8,6,37,6.58695652173913,5.03571428571429,4.75,6.58333333333333,5.88709677419355,23,14,4,6,31,7733,5154,2579,548,1872,5861,6.38186398034398,6.71705163368258,5.71200854594804,5.79874695255475,6.44004861111111,6.3632798430302,230
"231",2020,9,6.54903225806452,31,6.86454545454545,5.77777777777778,4.33333333333333,8.5,6.26,22,9,3,4,27,7764,5176,2588,551,1876,5888,6.38253144770737,6.71767853941267,5.71223726429676,5.79076829401089,6.4444408315565,6.36280624320652,231
"232",2020,10,6.2258064516129,31,6.55263157894737,5.70833333333333,6,7,6.07692307692308,19,12,1,5,26,7795,5195,2600,552,1881,5914,6.38190816677357,6.71707490279115,5.71221924615385,5.79114733695652,6.44591759702286,6.36154940142036,232
"233",2020,11,6.72826086956522,46,6.82702702702703,6.32222222222222,6.9,9,6.67777777777778,37,9,1,1,45,7841,5232,2609,553,1882,5959,6.38394007907155,6.71785246941896,5.71432351092373,5.79315249547921,6.4472747077577,6.36393743245511,233
"234",2020,12,6.42642857142857,56,6.60844444444444,5.68181818181818,6,6.08333333333333,6.4676,45,11,2,6,50,7897,5277,2620,555,1888,6009,6.38424137773838,6.71691948455562,5.71418703816794,5.79389789189189,6.44611811440678,6.36479999334332,234
"235",2021,1,6.65519779661017,59,6.80326086956522,6.13128230769231,5.66666666666667,7.48,6.57882722222222,46,13,3,5,54,7956,5323,2633,558,1893,6063,6.38625073278029,6.71766562464775,5.71624637675655,5.7932138530466,6.44884891706286,6.36670622299192,235
"236",2021,2,6.61855065217391,46,7.03075258064516,5.76666666666667,8,7.3,6.42925916666667,31,15,1,10,36,8002,5354,2648,559,1903,6099,6.38758612346913,6.71947841800523,5.71653199018127,5.7971615921288,6.45332159747767,6.36707544843417,236
"237",2021,3,6.356180625,48,6.6026127027027,5.52727272727273,5.66666666666667,7.305,6.10649131578947,37,11,3,10,38,8050,5391,2659,562,1913,6137,6.38739886086957,6.71867633463179,5.71574904475367,5.796465,6.45777365394668,6.36546192439303,237
"238",2021,4,6.51290322580645,31,6.93888888888889,5.92307692307692,5.33333333333333,6.75,6.49655172413793,18,13,3,2,29,8081,5409,2672,565,1915,6166,6.38788031555501,6.71940915511185,5.7167577507485,5.79400589380531,6.45807885117493,6.36607846740188,238
"239",2021,5,6.22121212121212,33,6.5,5.58,6,6,6.27037037037037,23,10,1,6,27,8114,5432,2682,566,1921,6193,6.38720246857284,6.71848013991163,5.71624784116331,5.7943698409894,6.45664809994794,6.3656612029711,239
"240",2021,6,6.37818181818182,44,6.67724137931034,5.8,6,6.36363636363636,6.3830303030303,29,15,5,11,33,8158,5461,2697,571,1932,6226,6.38715381588625,6.7182611463102,5.71671364849833,5.79617045534151,6.4561185300207,6.3657532653389,240
"241",2021,7,6.385,36,6.86347826086956,5.53846153846154,4.75,6.42857142857143,6.37448275862069,23,13,4,7,29,8194,5484,2710,575,1939,6255,6.38714435318526,6.7188701896426,5.71585856457565,5.78889274782609,6.45601908200103,6.36579373780975,241
"242",2021,8,6.39183673469388,49,6.62352941176471,5.86666666666667,4.16666666666667,6.3,6.40227272727273,34,15,3,5,44,8243,5518,2725,578,1944,6299,6.38717224675482,6.71828273287423,5.71668870091743,5.78047288927336,6.45561779835391,6.36604855215113,242
"243",2021,9,6.3,41,6.41,6,6.8,6.66666666666667,6.27105263157895,30,11,5,3,38,8284,5548,2736,583,1947,6337,6.38674080516659,6.71661573900505,5.71782774488304,5.78921668953688,6.45594298921417,6.3654789064226,243
"244",2021,10,6.25689655172414,29,6.55,5.7,NA,7,6.23035714285714,19,10,0,1,28,8313,5567,2746,583,1948,6365,6.38628784193432,6.71604708460571,5.71776282228696,5.78921668953688,6.45622227926078,6.36488449803613,244
"245",2021,11,5.95714285714286,35,6.40909090909091,5.19230769230769,4.75,6.55,5.83448275862069,22,13,2,6,29,8348,5589,2759,585,1954,6394,6.38448859966459,6.71483881195205,5.71528695541863,5.78566381196581,6.45651023541453,6.36247885986863,245
"246",2021,12,6.51929824561403,57,6.75853658536585,5.90625,5,6.875,6.49245283018868,41,16,4,4,53,8405,5630,2775,589,1958,6447,6.38540283521713,6.71515703730018,5.7163880036036,5.78032823429542,6.45736516853932,6.36354736001241,246
"247",2022,1,6.58922352272727,88,6.78858762711864,6.18362068965517,5.265,6.70833333333333,6.57041671052632,59,29,5,12,76,8493,5689,2804,594,1970,6523,6.38751471800306,6.71591857795746,5.72122029600571,5.77599045454545,6.45889390862944,6.36595761152844,247
"248",2022,2,6.32487179487179,39,6.73,5.15,5,6.214,6.34117647058823,29,10,1,5,34,8532,5718,2814,595,1975,6557,6.38722837552743,6.71598999475341,5.71919037313433,5.77468626890756,6.45827392405063,6.36582911392405,248
"249",2022,3,6.36184210526316,38,6.59259259259259,5.79545454545455,6,6.33333333333333,6.36428571428571,27,11,1,3,35,8570,5745,2825,596,1978,6592,6.3871158109685,6.7154100591819,5.71948733097345,5.77506431208054,6.45808442871587,6.36582091929612,249
"250",2022,4,6.54615384615385,52,7.08717948717949,4.92307692307692,6,5.82222222222222,6.69767441860465,39,13,1,9,43,8622,5784,2838,597,1987,6635,6.38807498260265,6.71791680325034,5.71583922128259,5.77544108877722,6.45520432813286,6.36797159005275,250
"251",2022,5,5.8828,50,6.33928571428571,5.30181818181818,5.33333333333333,5.955,5.86904761904762,28,22,3,8,42,8672,5812,2860,600,1995,6677,6.38516172739852,6.71609270302822,5.71265444405594,5.77323055,6.4531984962406,6.36483323348809,251
"252",2022,6,6.31041666666667,48,6.72857142857143,5.18461538461538,NA,6.66666666666667,6.25952380952381,35,13,0,6,42,8720,5847,2873,600,2001,6719,6.38475028669725,6.71616740037626,5.7102651270449,5.77323055,6.45383858070964,6.36417495162971,252
"253",2022,7,6.18723404255319,47,6.3375,5.86666666666667,6,6.18,6.18809523809524,32,15,3,5,42,8767,5879,2888,603,2006,6761,6.38369139956656,6.71410627487668,5.71107746191136,5.77435875621891,6.45315603190428,6.36308112705221,253
"254",2022,8,6.51612903225806,31,6.71578947368421,6.2,5.25,7.475,6.37407407407407,19,12,4,4,27,8798,5898,2900,607,2010,6788,6.38415804728347,6.71411169718549,5.71310058965517,5.77090334431631,6.4551895522388,6.3631248526812,254
"255",2022,9,6.77375,32,6.93304347826087,6.36666666666667,NA,7.66666666666667,6.56769230769231,23,9,0,6,26,8830,5921,2909,607,2016,6814,6.38556993204983,6.71496213308563,5.71512262289447,5.77090334431631,6.45879513888889,6.3639054153214,255
"256",2022,10,6.15666666666667,30,7.09375,5.08571428571429,4,5.8,6.228,16,14,1,5,25,8860,5937,2923,608,2021,6839,6.38479486455982,6.7159829526697,5.71210800889497,5.7679906743421,6.45716526472043,6.36340861237023,256
"257",2022,11,6.3,46,6.93333333333333,5.1125,6.5,6.11111111111111,6.34594594594595,30,16,3,9,37,8906,5967,2939,611,2030,6876,6.38435689422861,6.71707571476454,5.70884372575706,5.77158482815057,6.45563103448276,6.36331464514253,257
"258",2022,12,6.46476923076923,65,6.74047619047619,5.96130434782609,6.112,6.3,6.49472727272727,42,23,5,10,55,8971,6009,2962,616,2040,6931,6.38493952736596,6.71723927275753,5.71080408845375,5.77434793831169,6.4548681372549,6.36435745202712,258
