"","year","month","avg_rating","no_ratings","avg_rating_owned","avg_rating_not_owned","avg_rating_prev_owned","avg_rating_comment","avg_rating_no_comment","no_ratings_owned","no_ratings_not_owned","no_ratings_prev_owned","no_ratings_comment","no_ratings_no_comment","cum_no_ratings","cum_no_ratings_owned","cum_no_ratings_not_owned","cum_no_ratings_prev_owned","cum_no_ratings_comment","cum_no_ratings_no_comment","cum_avg_rating","cum_avg_rating_owned","cum_avg_rating_not_owned","cum_avg_rating_prev_owned","cum_avg_rating_comment","cum_avg_rating_no_comment","month_after_release"
"1",2013,8,5,1,NA,5,5,NA,5,0,1,1,0,1,1,0,1,1,0,1,5,NA,5,5,NA,5,-6
"2",2013,9,8.125,4,8.125,NA,NA,8.5,7,4,0,0,3,1,5,4,1,1,3,2,7.5,8.125,5,5,8.5,6,-5
"3",2013,10,8,1,8,NA,NA,NA,8,1,0,0,0,1,6,5,1,1,3,3,7.58333333333333,8.1,5,5,8.5,6.66666666666667,-4
"4",2013,12,7,2,8,6,NA,7,NA,1,1,0,2,0,8,6,2,1,5,3,7.4375,8.08333333333333,5.5,5,7.9,6.66666666666667,-2
"5",2014,2,8.08125,16,8.05714285714286,8.25,8.25,8.5,7.89090909090909,14,2,2,5,11,24,20,4,3,10,14,7.86666666666667,8.065,6.875,7.16666666666667,8.2,7.62857142857143,0
"6",2014,3,7.68548387096774,31,7.875,6.7,8,7.43181818181818,7.825,26,5,1,11,20,55,46,9,4,21,34,7.76454545454545,7.95760869565217,6.77777777777778,7.375,7.79761904761905,7.74411764705882,1
"7",2014,4,7.39912280701754,57,7.81617647058824,6.78260869565217,7,7.671875,7.29268292682927,34,23,9,16,41,112,80,32,13,37,75,7.57857142857143,7.8975,6.78125,7.11538461538461,7.74324324324324,7.49733333333333,2
"8",2014,5,7.23913043478261,46,7.59615384615385,6.775,7.625,6.90909090909091,7.34285714285714,26,20,4,11,35,158,106,52,17,48,110,7.47974683544304,7.82358490566038,6.77884615384615,7.23529411764706,7.55208333333333,7.44818181818182,3
"9",2014,6,7.26388888888889,36,7.90909090909091,6.25,7,7.73076923076923,7,22,14,4,13,23,194,128,66,21,61,133,7.43969072164948,7.83828125,6.66666666666667,7.19047619047619,7.59016393442623,7.37067669172932,4
"10",2014,7,7.1047619047619,21,7.33571428571429,6.64285714285714,7,NA,7.1047619047619,14,7,2,0,21,215,142,73,23,61,154,7.40697674418605,7.7887323943662,6.66438356164384,7.17391304347826,7.59016393442623,7.33441558441558,5
"11",2014,8,6.77647058823529,17,7.47,5.78571428571429,6.66666666666667,7.56666666666667,6.60714285714286,10,7,3,3,14,232,152,80,26,64,168,7.36077586206897,7.76776315789474,6.5875,7.11538461538461,7.5890625,7.27380952380952,6
"12",2014,9,7.47619047619048,21,7.77272727272727,7.15,7.41666666666667,7.2,7.72727272727273,11,10,6,10,11,253,163,90,32,74,179,7.3703557312253,7.7680981595092,6.65,7.171875,7.53648648648649,7.30167597765363,7
"13",2014,10,7.37272727272727,22,7.625,7.07,6.5,7.625,7.31666666666667,12,10,2,4,18,275,175,100,34,78,197,7.37054545454545,7.75828571428571,6.692,7.13235294117647,7.54102564102564,7.30304568527919,8
"14",2014,11,7.306,25,7.69444444444444,7.0875,7,7.25,7.32368421052632,9,16,4,6,19,300,184,116,38,84,216,7.36516666666667,7.75516304347826,6.74655172413793,7.11842105263158,7.5202380952381,7.30486111111111,9
"15",2014,12,7.60182926829268,82,7.90267857142857,6.95384615384615,7.12857142857143,7.25555555555556,7.69921875,56,26,14,18,64,382,240,142,52,102,280,7.41596858638743,7.78958333333333,6.78450704225352,7.12115384615385,7.47352941176471,7.395,10
"16",2015,1,7.70967532467532,154,7.99699029126214,7.12941176470588,7.372,7.59857142857143,7.74235294117647,103,51,25,35,119,536,343,193,77,137,399,7.50035447761194,7.85186588921283,6.87564766839378,7.2025974025974,7.50547445255474,7.49859649122807,11
"17",2015,2,7.46086956521739,69,7.71395348837209,7.04230769230769,6.95454545454545,6.91666666666667,7.51269841269841,43,26,11,6,63,605,386,219,88,143,462,7.49585123966942,7.83650259067358,6.89543378995434,7.17159090909091,7.48076923076923,7.50051948051948,12
"18",2015,3,7.29859154929577,71,7.77926829268293,6.64166666666667,7.5,6.76176470588235,7.46759259259259,41,30,13,17,54,676,427,249,101,160,516,7.47513313609467,7.83100702576112,6.864859437751,7.21386138613861,7.404375,7.49707364341085,13
"19",2015,4,7.42142857142857,42,7.52413793103448,7.19230769230769,7.75,7.71428571428571,7.36285714285714,29,13,4,7,35,718,456,262,105,167,551,7.47199164345404,7.81149122807017,6.88110687022901,7.23428571428571,7.41736526946108,7.48854809437387,14
"20",2015,5,7.39587912087912,91,7.94635416666667,6.78139534883721,6.91739130434783,7.005,7.50598591549296,48,43,23,20,71,809,504,305,128,187,622,7.46343016069221,7.82433531746032,6.86704918032787,7.17734375,7.37326203208556,7.490538585209,15
"21",2015,6,7.4815,100,7.85454545454545,7.02555555555556,7.63809523809524,7.1804347826087,7.57142857142857,55,45,21,23,77,909,559,350,149,210,699,7.46541804180418,7.82730769230769,6.88742857142857,7.24228187919463,7.35214285714286,7.49944921316166,16
"22",2015,7,7.33532110091743,109,7.75897435897436,6.26935483870968,6.675,7.34782608695652,7.33197674418605,78,31,10,23,86,1018,637,381,159,233,785,7.45148821218075,7.81894034536892,6.83713910761155,7.20660377358491,7.35171673819742,7.48110191082803,17
"23",2015,8,7.46142857142857,105,7.75074626865672,6.95131578947368,6.875,7.71034482758621,7.36644736842105,67,38,16,29,76,1123,704,419,175,262,861,7.45241763134461,7.81245028409091,6.84749403341289,7.17628571428572,7.39141221374046,7.47098141695703,18
"24",2015,9,7.3764958677686,121,7.78927027027027,6.72659574468085,7.13076923076923,7.20833333333333,7.4181030927835,74,47,26,24,97,1244,778,466,201,286,958,7.44503295819936,7.81024550128535,6.83530042918455,7.17039800995025,7.37604895104895,7.46562734864301,19
"25",2015,10,7.36063829787234,94,7.69242424242424,6.57857142857143,7.02,7.2875,7.38040540540541,66,28,10,20,74,1338,844,494,211,306,1032,7.43910388639761,7.80103199052133,6.82074898785425,7.1632701421801,7.3702614379085,7.45951647286822,20
"26",2015,11,7.40037313432836,134,7.63928571428571,6.999,7.06875,7.38,7.40394736842105,84,50,24,20,114,1472,928,544,235,326,1146,7.435578125,7.7863911637931,6.83713235294118,7.1536170212766,7.37085889570552,7.45398865619546,21
"27",2015,12,7.31115702479339,121,7.79024390243902,6.30384615384615,6.27777777777778,6.91818181818182,7.39848484848485,82,39,18,22,99,1593,1010,583,253,348,1245,7.42612743251726,7.78670396039604,6.80145797598628,7.09130434782609,7.34224137931034,7.44957510040161,22
"28",2016,1,7.37936865671642,134,7.71075172413793,6.76595744680851,6.93181818181818,7.275,7.39767894736842,87,47,22,20,114,1727,1097,630,275,368,1359,7.42249936305732,7.78068040109389,6.79880952380952,7.07854545454546,7.33858695652174,7.44522178072112,23
"29",2016,2,7.25730337078652,89,7.86078431372549,6.44736842105263,6.66666666666667,7.35,7.24,51,38,18,14,75,1816,1148,668,293,382,1434,7.41440330396476,7.78423902439024,6.77881736526946,7.05324232081911,7.33900523560209,7.43448842398884,24
"30",2016,3,7.25649082568807,109,7.44402027027027,6.86,6.89444444444444,7.22916666666667,7.25987113402062,74,35,18,12,97,1925,1222,703,311,394,1531,7.40546176623377,7.76363657937807,6.78285917496444,7.04405144694534,7.33565989847716,7.42342514696277,25
"31",2016,4,7.3980198019802,101,7.65175438596491,7.06931818181818,6.921875,7,7.47294117647059,57,44,16,16,85,2026,1279,747,327,410,1616,7.40509076999013,7.75865043002346,6.79973226238287,7.03807339449541,7.32256097560976,7.42602964108911,26
"32",2016,5,7.23626373626374,91,7.76271186440678,6.265625,6.70833333333333,6.80434782608696,7.38235294117647,59,32,12,23,68,2117,1338,779,339,433,1684,7.39783367973547,7.75882952167414,6.77779204107831,7.026401179941,7.29503464203233,7.42426597387174,27
"33",2016,6,7.20625,96,7.55689655172414,6.67105263157895,6.96153846153846,7.07692307692308,7.22650602409639,58,38,13,13,83,2213,1396,817,352,446,1767,7.38952277451423,7.75043975644699,6.77282741738066,7.02400568181818,7.28867713004484,7.41497674023769,28
"34",2016,7,7.27877697841727,139,7.51105263157895,6.77727272727273,7.02777777777778,7.55625,7.22086956521739,95,44,18,24,115,2352,1491,861,370,470,1882,7.38297784863946,7.73518705566734,6.77305458768873,7.02418918918919,7.30234042553191,7.40311578108395,29
"35",2016,8,7.31058394160584,137,7.56436781609195,6.869,6.99545454545455,7.48636363636364,7.27695652173913,87,50,22,22,115,2489,1578,911,392,492,1997,7.37899312977099,7.72576926489227,6.77832052689352,7.02257653061225,7.31056910569106,7.39585072608913,30
"36",2016,9,7.23975,108,7.68524,6.22727272727273,7.04166666666667,6.94958823529412,7.29395604395604,75,33,12,17,91,2597,1653,944,404,509,2088,7.37320250288795,7.72393036902601,6.75905720338983,7.02314356435644,7.29851277013752,7.3914099137931,31
"37",2016,10,7.29812658227848,158,7.72944554455446,6.53385964912281,6.54285714285714,6.93611111111111,7.40495081967213,101,57,21,36,122,2755,1754,1001,425,545,2210,7.3688968784029,7.72424794754846,6.74623376623377,6.99941176470588,7.2745743119266,7.39215742081448,32
"38",2016,11,7.24602941176471,136,7.38904761904762,7.015,6.82380952380952,7.21071428571429,7.25518518518519,84,52,21,28,108,2891,1838,1053,446,573,2318,7.36311687997233,7.70892867247008,6.75950617283951,6.99114349775785,7.2714537521815,7.38577562553926,33
"39",2016,12,7.41906896551724,145,7.64406542056075,6.78552631578947,6.84210526315789,7.625,7.36978632478632,107,38,19,28,117,3036,1945,1091,465,601,2435,7.36578916337286,7.70536035989717,6.76041246562786,6.98505376344086,7.28792512479201,7.38500735112936,34
"40",2017,1,7.41487417218543,151,7.77693406593407,6.86575,6.74545454545455,7.59861538461538,7.35089285714286,91,60,22,39,112,3187,2036,1151,487,640,2547,7.3681148101663,7.70855938113949,6.7659035621199,6.97422997946612,7.3068578125,7.38350722418532,35
"41",2017,2,7.34390625,128,7.74333333333333,6.77867924528302,6.82192307692308,7.0704347826087,7.40380952380952,75,53,26,23,105,3315,2111,1204,513,663,2652,7.36718006033182,7.70979483657035,6.76646594684385,6.96651072124756,7.29865610859728,7.38431104826546,36
"42",2017,3,7.487109375,128,7.85406976744186,6.73571428571429,7.02352941176471,7.40925925925926,7.50792079207921,86,42,17,27,101,3443,2197,1246,530,690,2753,7.37163865814696,7.71544237596723,6.76542937399679,6.96833962264151,7.30298405797101,7.38884594987287,37
"43",2017,4,7.46875263157895,190,7.81078625954198,6.7093220338983,6.70384615384615,7.66125,7.41742,131,59,26,40,150,3633,2328,1305,556,730,2903,7.37671756124415,7.72080751718213,6.76289272030651,6.95597122302158,7.32261506849315,7.39032239063038,38
"44",2017,5,7.17217391304348,161,7.46227272727273,6.54647058823529,6.925,7.065,7.18737588652482,110,51,16,20,141,3794,2438,1356,572,750,3044,7.36803766473379,7.70914269893355,6.75475294985251,6.9551048951049,7.31574533333333,7.38092178055191,39
"45",2017,6,7.14354838709677,124,7.61304347826087,6.55454545454545,6.57894736842105,7.21428571428571,7.12912621359223,69,55,19,21,103,3918,2507,1411,591,771,3147,7.36093284839203,7.70649776625449,6.74694897236003,6.94301184433164,7.31298184176394,7.37268061646012,40
"46",2017,7,7.24872881355932,118,7.60616438356164,6.66888888888889,6.60526315789474,6.89473684210526,7.31666666666667,73,45,19,19,99,4036,2580,1456,610,790,3246,7.35765235381566,7.70365887596899,6.7445364010989,6.93249180327869,7.30292278481013,7.37097224276032,41
"47",2017,8,7.16180327868852,122,7.42769230769231,6.69045454545455,6.51583333333333,7.078125,7.17443396226415,78,44,24,16,106,4158,2658,1500,634,806,3352,7.35190594035594,7.69556053423627,6.74295,6.91671924290221,7.29846029776675,7.3647571300716,42
"48",2017,9,7.0975,100,7.34112903225806,6.7,6.78666666666667,7.44736842105263,7.01543209876543,62,38,15,19,81,4258,2720,1538,649,825,3433,7.34593116486613,7.68748158088235,6.74188881664499,6.91371340523883,7.3018896969697,7.35651497232741,43
"49",2017,10,6.96168067226891,119,7.36838235294118,6.41941176470588,6.24761904761905,6.75,6.99456310679612,68,51,21,16,103,4377,2788,1589,670,841,3536,7.33548432716472,7.67969867288379,6.73153870358716,6.89283582089552,7.29139001189061,7.34597169117647,44
"50",2017,11,7.12610294117647,136,7.55125,6.51875,6.42307692307692,6.91588235294118,7.15613445378151,80,56,13,17,119,4513,2868,1645,683,858,3655,7.32917458453357,7.67611572524407,6.72429483282675,6.88389458272328,7.28394988344988,7.33979094391245,45
"51",2017,12,7.20792307692308,130,7.64776315789474,6.58888888888889,6.41666666666667,7.10666666666667,7.22113043478261,76,54,18,15,115,4643,2944,1699,701,873,3770,7.3257796467801,7.67538379755435,6.71999117127722,6.87189728958631,7.28090378006873,7.33617132625995,46
"52",2018,1,7.11916201117318,179,7.44110091743119,6.61785714285714,6.7037037037037,7.21444444444444,7.10223684210526,109,70,27,27,152,4822,3053,1769,728,900,3922,7.3181096847781,7.66701929249918,6.71594968908988,6.86565934065934,7.27891,7.32710502294748,47
"53",2018,2,7.31742063492063,126,7.6571686746988,6.66162790697674,6.65,7.17142857142857,7.35913265306122,83,43,27,28,98,4948,3136,1812,755,928,4020,7.31809213823767,7.66675857780612,6.71466059602649,6.85794701986755,7.27566702586207,7.3278857960199,48
"54",2018,3,7.23809523809524,105,7.68306451612903,6.59651162790698,6.52631578947368,7.36052631578947,7.21104651162791,62,43,19,19,86,5053,3198,1855,774,947,4106,7.31642982386701,7.66707470293933,6.7119218328841,6.84980620155039,7.27736958817318,7.32543860204579,49
"55",2018,4,6.91851851851852,108,7.43333333333333,6.275,6.17,6.6875,6.95869565217391,60,48,20,16,92,5161,3258,1903,794,963,4198,7.3081030614222,7.66277007366482,6.70090120861797,6.83268261964736,7.26756905503634,7.31740135778942,50
"56",2018,5,7.03907626506024,83,7.31096963636364,6.505,6.73142857142857,6.69090909090909,7.09226847222222,55,28,14,11,72,5244,3313,1931,808,974,4270,7.3038450095347,7.65692974041654,6.69806059036769,6.83092821782178,7.26105646817248,7.31360520608899,51
"57",2018,6,7.23219178082192,73,7.66829268292683,6.6734375,7.12692307692308,7.07533333333333,7.27275862068965,41,32,13,15,58,5317,3354,1963,821,989,4328,7.30286124318224,7.65706864341085,6.69765919510953,6.83561510353228,7.25823963599596,7.31305781654344,52
"58",2018,7,7.19130434782609,92,7.60849056603774,6.62435897435897,6.60882352941176,6.67333333333333,7.29220779220779,53,39,17,15,77,5409,3407,2002,838,1004,4405,7.3009638066186,7.65631295274435,6.69623126873127,6.83101431980907,7.24950099601594,7.31269335527809,53
"59",2018,8,7.09438775510204,98,7.42272727272727,6.67441860465116,6.56666666666667,6.9,7.11896551724138,55,43,18,11,87,5507,3462,2045,856,1015,4492,7.29728767568549,7.65260203061814,6.69577261613692,6.82545560747664,7.24571330049261,7.30894128005343,54
"60",2018,9,7.13927710843373,83,7.60127659574468,6.53611111111111,6.71875,7,7.17784615384615,47,36,16,18,65,5590,3509,2081,872,1033,4557,7.29494154382826,7.65191457110288,6.69301057184046,6.82349770642202,7.24143175217812,7.30707136932192,55
"61",2018,10,6.96915533980583,103,7.31206896551724,6.52717777777778,6.33333333333333,7,6.96217857142857,58,45,21,19,84,5693,3567,2126,893,1052,4641,7.2890472914105,7.64638862629661,6.68950047036689,6.81197088465845,7.23707129277567,7.30082896574014,56
"62",2018,11,7.03902985074627,134,7.300375,6.65185185185185,6.3,6.73166666666667,7.12769230769231,80,54,20,30,104,5827,3647,2180,913,1082,4745,7.28329779131628,7.63879852755689,6.68856788990826,6.80075575027382,7.22305822550832,7.29703418967334,57
"63",2018,12,6.88439716312057,141,7.39066666666667,6.30909090909091,6.23421052631579,7.02631578947368,6.86229508196721,75,66,38,19,122,5968,3722,2246,951,1101,4867,7.27387336293565,7.63379855722729,6.67741674087266,6.77811777076761,7.21966303360581,7.28613668173413,58
"64",2019,1,6.93409395973154,149,7.28634408602151,6.34910714285714,6.0465,6.92235294117647,6.93560606060606,93,56,20,17,132,6117,3815,2302,971,1118,4999,7.2655968988066,7.62532850065531,6.66943006081668,6.76304840370752,7.21514221824687,7.27688082216443,59
"65",2019,2,7.02197802197802,91,7.32777777777778,6.57567567567568,6.875,6.6875,7.05421686746988,54,37,12,8,83,6208,3869,2339,983,1126,5082,7.26202581024484,7.62117555699147,6.66794698589141,6.76441505595117,7.21139342806394,7.27324424045651,60
"66",2019,3,6.89471698113208,106,7.27630769230769,6.28975609756098,5.96285714285714,6.93117647058824,6.88775280898876,65,41,14,17,89,6314,3934,2380,997,1143,5171,7.25585939657903,7.61547743518048,6.66143193277311,6.75315947843531,7.20722572178478,7.26660940437053,61
"67",2019,4,7.03855263157895,76,7.43645833333333,6.35642857142857,6.41058823529412,7.04,7.03828125,48,28,17,12,64,6390,3982,2408,1014,1155,5235,7.25327484037558,7.61331949522853,6.6578853820598,6.74741617357002,7.20548831168831,7.263818,62
"68",2019,5,7.01086956521739,92,7.47619047619048,6.62,6.57142857142857,6.7578947368421,7.07671232876712,42,50,21,19,73,6482,4024,2458,1035,1174,5308,7.2498343458809,7.61188822813121,6.65711472742067,6.74384541062802,7.19824446337308,7.2612447682743,63
"69",2019,6,7.07464907894737,76,7.355694375,6.59285714285714,6.58461538461538,6.88888888888889,7.09960194029851,48,28,13,9,67,6558,4072,2486,1048,1183,5375,7.24780414150655,7.60886826129666,6.65639098954143,6.74187022900763,7.19589095519865,7.2592298716279,64
"70",2019,7,6.87739130434783,92,7.32395833333333,6.39022727272727,6.49705882352941,6.2,6.95084337349398,48,44,17,9,83,6650,4120,2530,1065,1192,5458,7.2426796330827,7.60554892233009,6.65176205533597,6.73796244131455,7.1883716442953,7.25454022718944,65
"71",2019,8,7.05295876404494,89,7.40217942307692,6.56216216216216,6.44117647058824,6.83333333333333,7.077666625,52,37,17,9,80,6739,4172,2567,1082,1201,5538,7.24017404511055,7.60301411553212,6.65047058823529,6.73329944547135,7.18571107410491,7.25198517334778,66
"72",2019,9,7.03924770833333,96,7.55964285714286,6.3106945,6.051852,7.10625,7.02584725,56,40,15,16,80,6835,4228,2607,1097,1217,5618,7.23735196342355,7.60243966177862,6.64525729957806,6.72398156791249,7.1846663927691,7.24876498220007,67
"73",2019,10,6.92383720930233,86,7.305,6.39444444444444,6.32,6.5625,6.96089743589744,50,36,10,8,78,6921,4278,2643,1107,1225,5696,7.23345624476231,7.59896327489481,6.64184100643208,6.72033223125565,7.18060326530612,7.24482297577247,68
"74",2019,11,6.73061684210526,95,7.17280377358491,6.17261904761905,6.22826086956522,6.45,6.76363058823529,53,42,23,10,85,7016,4331,2685,1130,1235,5781,7.22664755843785,7.59374820826599,6.63450122160149,6.71031661946903,7.17468744939271,7.23774784120394,69
"75",2019,12,6.96278846153846,104,7.36275362318841,6.17428571428571,5.65384615384615,7.03846153846154,6.95197802197802,69,35,13,13,91,7120,4400,2720,1143,1248,5872,7.22279343679775,7.59012579318182,6.62857933088235,6.69830076990376,7.17326842948718,7.2333191876703,70
"76",2020,1,6.83372222222222,126,7.16822972972973,6.35769230769231,6.18181818181818,6.53514814814815,6.91515151515152,74,52,22,27,99,7246,4474,2772,1165,1275,5971,7.21602791471156,7.58314762852034,6.62349775613275,6.68854745064378,7.15975529411765,7.22804392396583,71
"77",2020,2,6.90791208791209,91,7.26525423728814,6.2490625,5.69285714285714,7.34615384615385,6.83487179487179,59,32,14,13,78,7337,4533,2804,1179,1288,6049,7.21220638816955,7.57901003529671,6.61922460057061,6.67672415606446,7.16163664596273,7.22297408993222,72
"78",2020,3,6.81871794871795,78,7.17116279069767,6.38571428571429,6.03571428571429,6.08461538461538,6.96553846153846,43,35,14,13,65,7415,4576,2839,1193,1301,6114,7.20806719757248,7.57517755463287,6.61634581895033,6.66920182732607,7.15087471176018,7.22023720477592,73
"79",2020,4,7.01794871794872,78,7.28444444444444,6.65454545454545,6.6375,7.72727272727273,6.90149253731343,45,33,8,11,67,7493,4621,2872,1201,1312,6181,7.20608811824369,7.57234635143908,6.61678474233983,6.66899065778518,7.15570731707317,7.21678211778029,74
"80",2020,5,6.95506849315068,73,7.19326530612245,6.46875,6.34090909090909,7.42857142857143,6.90484848484849,49,24,11,7,66,7566,4670,2896,1212,1319,6247,7.20366617367169,7.56836884154176,6.61555793508287,6.66601301980198,7.15715542077331,7.21348651672803,75
"81",2020,6,6.96348484848485,66,7.48621621621622,6.29655172413793,5.92307692307692,6.55,7.03732142857143,37,29,13,10,56,7632,4707,2925,1225,1329,6303,7.20158913390985,7.5677230698959,6.61239513846154,6.6581288,7.15258690744921,7.21192135015072,76
"82",2020,7,7.07297297297297,74,7.2,6.88666666666667,6.68214285714286,6.425,7.13014705882353,44,30,14,6,68,7706,4751,2955,1239,1335,6371,7.20035404490007,7.56431750999789,6.61517962098138,6.65840014527845,7.14931685393258,7.21104854339978,77
"83",2020,8,7.12494117647059,85,7.62722222222222,6.25,6.16666666666667,7,7.15171428571429,54,31,18,15,70,7791,4805,2986,1257,1350,6441,7.19953128866641,7.5650244516129,6.61138840589417,6.65135861575179,7.14765777777778,7.21040370594628,78
"84",2020,9,7.01877390804598,87,7.50062886792453,6.26764705882353,5.8,6.96666666666667,7.02711106666667,53,34,10,12,75,7878,4858,3020,1267,1362,6516,7.19753511043412,7.56432190613421,6.60751847019867,6.64463913180742,7.14606314243759,7.20829398403929,79
"85",2020,10,6.8253164556962,79,7.1734693877551,6.25666666666667,6.03333333333333,7.32352941176471,6.68870967741935,49,30,9,17,62,7957,4907,3050,1276,1379,6578,7.19383958778434,7.56041895659262,6.60406746885246,6.6403274137931,7.14825090645395,7.20339671632715,80
"86",2020,11,7.1030303030303,99,7.25555555555556,6.83611111111111,7,6.97894736842105,7.1325,63,36,12,19,80,8056,4970,3086,1288,1398,6658,7.19272363455809,7.55655449094567,6.60677439403759,6.64367840062112,7.14594992846924,7.20254484830279,81
"87",2020,12,6.87299270072993,137,7.09939024390244,6.53545454545455,6.11842105263158,5.90909090909091,6.95714285714286,82,55,19,11,126,8193,5052,3141,1307,1409,6784,7.1873772244599,7.54913416864608,6.60552555873925,6.63604267788829,7.13629382540809,7.19798696933962,82
"88",2021,1,6.97581395348837,129,7.50494117647059,5.95363636363636,6.43923076923077,6.32333333333333,7.08162162162162,85,44,13,18,111,8322,5137,3185,1320,1427,6895,7.18409776496034,7.54840292388554,6.59651986813186,6.63410437878788,7.12603924316748,7.1961136475707,83
"89",2021,2,6.68636363636364,66,7.08484848484848,6.28787878787879,5.83333333333333,6.33333333333333,6.72166666666667,33,33,12,6,60,8388,5170,3218,1332,1433,6955,7.18018140200286,7.54544406576402,6.59335481044126,6.62689022522523,7.12272016748081,7.19202064701653,84
"90",2021,3,6.94050632911392,79,7.15961538461538,6.51851851851852,6.5625,7.44444444444444,6.87571428571429,52,27,8,9,70,8467,5222,3245,1340,1442,7025,7.17794515176567,7.54160203370356,6.59273213559322,6.62650580597015,7.12472815533981,7.18886883985765,85
"91",2021,4,7.23919196969697,66,7.37340586956522,6.9305,6.80142857142857,7.40833333333333,7.201605,46,20,7,12,54,8533,5268,3265,1347,1454,7079,7.17841887612797,7.54013335041762,6.59480115773353,6.62741483296214,7.12706877579092,7.18896599378443,86
"92",2021,5,7.26307692307692,65,7.69024390243902,6.53333333333333,6.5,7.45384615384615,7.21538461538462,41,24,7,13,52,8598,5309,3289,1354,1467,7131,7.17905888229821,7.54129261442833,6.59435262389784,6.62675611521418,7.12996455351057,7.1891586411443,87
"93",2021,6,6.96891891891892,74,7.09791666666667,6.73076923076923,6.5625,7.3,6.92307692307692,48,26,8,9,65,8672,5357,3315,1362,1476,7196,7.17726571379151,7.53731985999627,6.59542255806938,6.62637869309839,7.13100135501355,7.18675517926626,88
"94",2021,7,7.2316,65,7.45965957446808,6.63611111111111,6,7.0008,7.25083333333333,47,18,2,5,60,8737,5404,3333,1364,1481,7256,7.177669940483,7.53664442820133,6.59564229822982,6.62546024926686,7.13056178257934,7.18728504272326,89
"95",2021,8,7.25,85,7.28928571428571,7.17413793103448,7.1,7.33333333333333,7.23214285714286,56,29,8,15,70,8822,5460,3362,1372,1496,7326,7.17836684085241,7.53410741575092,6.60063229625223,6.62822724489796,7.1325949197861,7.18771365956866,90
"96",2021,9,7.14376064102564,78,7.29666659574468,6.91193548387097,6.34444444444444,7.38571428571429,7.09083328125,47,31,9,14,64,8900,5507,3393,1381,1510,7390,7.17806355056179,7.53208095514799,6.60347650456823,6.62637782766112,7.1349417218543,7.1868746414073,91
"97",2021,10,6.71928657894737,76,7.2324558974359,6.17837837837838,6.14,6.3865,6.7816840625,39,37,15,12,64,8976,5546,3430,1396,1522,7454,7.17417907531194,7.52997396321673,6.59889089795918,6.62115170487106,7.12904073587385,7.18339567748859,92
"98",2021,11,6.725,68,7.17179487179487,6.12413793103448,5.66666666666667,7.0625,6.68,39,29,12,8,60,9044,5585,3459,1408,1530,7514,7.1708017890314,7.52747280214861,6.59491060422087,6.61301688920455,7.12869281045752,7.17937601543785,93
"99",2021,12,7.12177419354839,124,7.35822784810127,6.70666666666667,6.40909090909091,7.09230769230769,7.12522522522523,79,45,11,13,111,9168,5664,3504,1419,1543,7625,7.17013867582897,7.52511221751412,6.59634582762557,6.61143606765328,7.12838626053143,7.17858772196721,94
"100",2022,1,7.00383116883117,154,7.3339175257732,6.44210526315789,5.80952380952381,6.84090909090909,7.03098484848485,97,57,21,22,132,9322,5761,3561,1440,1565,7757,7.16739126582278,7.52189300468669,6.59387693906206,6.59974151388889,7.12434504792332,7.17607598040479,95
"101",2022,2,7.12268444444444,81,7.225624,6.82857142857143,6.8625,7.36,7.08925971830986,60,21,8,10,71,9403,5821,3582,1448,1575,7828,7.16700614910135,7.51883920975777,6.59525286990508,6.60119321823204,7.12584126984127,7.17528855646397,96
"102",2022,3,7.06597701149425,87,7.345,6.44592592592593,5.42857142857143,7.04090909090909,7.06960526315789,60,27,7,11,76,9490,5881,3609,1455,1586,7904,7.16607995995785,7.51706564189764,6.59413571072319,6.59555173883161,7.12525220680959,7.17427237095141,97
"103",2022,4,6.95907894736842,76,7.49108695652174,6.14333333333333,5.64666666666667,7.18,6.93666666666667,46,30,15,7,69,9566,5927,3639,1470,1593,7973,7.16443537737821,7.51686401889657,6.590419285518,6.58586923809524,7.12549278091651,7.17221608177599,98
"104",2022,5,6.77802197802198,91,7.11612903225806,6.0551724137931,5.9375,6.90357142857143,6.75519480519481,62,29,8,14,77,9657,5989,3668,1478,1607,8050,7.16079412032722,7.51271548505593,6.58618750817884,6.58235979702301,7.12355942750467,7.16822718260869,99
"105",2022,6,6.93993103448276,87,7.06106666666667,6.67074074074074,6.52857142857143,6.5625,7.00032,60,27,7,12,75,9744,6049,3695,1485,1619,8125,7.15882212848932,7.50823558274095,6.58680535317997,6.58210624915825,7.11940086473132,7.16667727015384,100
"106",2022,7,6.86027027027027,74,7.17863636363636,6.39333333333333,6.05555555555556,6.6875,6.88121212121212,44,30,9,8,66,9818,6093,3725,1494,1627,8191,7.15657189040538,7.50585541440998,6.58524718926174,6.57893425702811,7.11727719729564,7.16437709925528,101
"107",2022,8,6.98731571428571,70,7.41050227272727,6.27115384615385,5.97222222222222,7.055,6.97331206896552,44,26,9,12,58,9888,6137,3751,1503,1639,8249,7.15537367718446,7.5051717679648,6.58307005598507,6.57530125083167,7.11682123245882,7.16303369135653,102
"108",2022,9,7.30298507462687,67,7.49130434782609,6.89047619047619,6.24285714285714,7.18888888888889,7.32068965517241,46,21,7,9,58,9955,6183,3772,1510,1648,8307,7.15636714414867,7.50506859776807,6.58478148992577,6.5737601192053,7.11721480582525,7.16413445527868,103
"109",2022,10,6.96888888888889,72,7.04928571428571,6.6875,6.5,6.21818181818182,7.10426229508197,56,16,4,11,61,10027,6239,3788,1514,1659,8368,7.15502093547422,7.50097758294598,6.58521535902851,6.57356524438574,7.11125376732972,7.16369800669216,104
"110",2022,11,7.03154022988506,87,7.14516129032258,6.74976,6.575,7.12814285714286,7.01301369863014,62,25,8,14,73,10114,6301,3813,1522,1673,8441,7.15395876211192,7.49747645453103,6.5862941987936,6.57357278580815,7.11139509862523,7.16239484895154,105
"111",2022,12,6.79665137614679,109,6.92835820895522,6.58654761904762,6.15714285714286,6.63076923076923,6.81911458333333,67,42,14,13,96,10223,6368,3855,1536,1686,8537,7.15014906778832,7.49148855841708,6.58629695979247,6.56977720052084,7.10768920521946,7.15853460466206,106
