"","year","month","avg_rating","no_ratings","avg_rating_owned","avg_rating_not_owned","avg_rating_prev_owned","avg_rating_comment","avg_rating_no_comment","no_ratings_owned","no_ratings_not_owned","no_ratings_prev_owned","no_ratings_comment","no_ratings_no_comment","cum_no_ratings","cum_no_ratings_owned","cum_no_ratings_not_owned","cum_no_ratings_prev_owned","cum_no_ratings_comment","cum_no_ratings_no_comment","cum_avg_rating","cum_avg_rating_owned","cum_avg_rating_not_owned","cum_avg_rating_prev_owned","cum_avg_rating_comment","cum_avg_rating_no_comment","month_after_release"
"1",2013,10,7.82115384615385,52,8.19642857142857,7.38333333333333,7.6,7.6,7.88048780487805,28,24,5,11,41,52,28,24,5,11,41,7.82115384615385,8.19642857142857,7.38333333333333,7.6,7.6,7.88048780487805,0
"2",2013,11,7.26197478991597,238,7.91279069767442,6.89375,7.33448275862069,7.01315789473684,7.34033149171271,86,152,29,57,181,290,114,176,34,68,222,7.36224137931035,7.98245614035088,6.96051136363636,7.37352941176471,7.10808823529412,7.44009009009009,1
"3",2013,12,7.45595588235294,136,8.11724137931034,6.96423076923077,7.555,7.20230769230769,7.51590909090909,58,78,12,26,110,426,172,254,46,94,332,7.39215962441315,8.02790697674419,6.96165354330709,7.42086956521739,7.13414893617021,7.46521084337349,2
"4",2014,1,7.42986425339367,221,8.05943396226415,6.8495652173913,7.06346153846154,6.98425925925926,7.57395209580838,106,115,26,54,167,647,278,369,72,148,499,7.40503863987635,8.03992805755396,6.92672086720867,7.29180555555556,7.07945945945946,7.50160320641282,3
"5",2014,2,7.57080310880829,193,8.08418367346939,7.04121052631579,7.44119047619048,7.39090909090909,7.62392617449664,98,95,21,44,149,840,376,464,93,192,648,7.443125,8.05146276595745,6.95016163793103,7.3255376344086,7.15083333333333,7.5297299382716,4
"6",2014,3,7.29595375722543,173,7.8873417721519,6.79893617021277,7.225,7.17441860465116,7.33615384615385,79,94,12,43,130,1013,455,558,105,235,778,7.41799111549852,8.02296703296703,6.92468637992831,7.31404761904762,7.15514893617021,7.49738431876607,5
"7",2014,4,7.52114017094017,117,8.19224137931034,6.86141355932203,7.49230769230769,6.84791666666667,7.6948752688172,58,59,13,24,93,1130,513,617,118,259,871,7.42867115044248,8.04210526315789,6.91863598055105,7.33368644067797,7.12667953667954,7.51847118254879,6
"8",2014,5,7.35210084033613,119,8.01063829787234,6.92222222222222,6.45,6.78947368421053,7.459,47,72,16,19,100,1249,560,689,134,278,971,7.42137582065653,8.03946428571428,6.91901074020319,7.22817164179104,7.10363309352518,7.51234644696189,7
"9",2014,6,7.59471153846154,104,7.93305084745763,7.15111111111111,7.46666666666667,7.558,7.60632911392405,59,45,15,25,79,1353,619,734,149,303,1050,7.43469948263119,8.02932148626817,6.93324032697548,7.25218120805369,7.14112211221122,7.51941752380952,8
"10",2014,7,7.32365591397849,93,8.28970588235294,6.76694915254237,7.05,7.14722222222222,7.366,34,59,10,18,75,1446,653,793,159,321,1125,7.42755767634855,8.04287901990812,6.92086809583859,7.23946540880503,7.14146417445483,7.50918968888889,9
"11",2014,8,7.38368421052632,95,7.87608695652174,6.92142857142857,7.16666666666667,7.62380952380952,7.31554054054054,46,49,12,21,74,1541,699,842,171,342,1199,7.42485295262816,8.03190271816881,6.92090071258907,7.2343567251462,7.17108187134503,7.49723803169308,10
"12",2014,9,7.37261904761905,84,8.16666666666667,6.77708333333333,6.95294117647059,7.85,7.30810810810811,36,48,17,10,74,1625,735,890,188,352,1273,7.42215286153846,8.03850340136054,6.91314426966292,7.20890957446808,7.19036931818182,7.48624383346426,11
"13",2014,10,7.37448979591837,98,7.92727272727273,6.92407407407407,6.91666666666667,7.37083333333333,7.37567567567568,44,54,12,24,74,1723,779,944,200,376,1347,7.41944190365641,8.03222079589217,6.91376949152542,7.191375,7.20188829787234,7.48016956198961,12
"14",2014,11,7.45275510204082,98,8.01395833333333,6.914,7.41666666666667,7.47826086956522,7.44493333333333,48,50,6,23,75,1821,827,994,206,399,1422,7.42123470620538,8.03116082224909,6.91378108651911,7.19793689320388,7.21781954887218,7.47831111111111,13
"15",2014,12,7.4631,100,7.89444444444444,6.95673913043478,6.68181818181818,7.29166666666667,7.48647727272727,54,46,11,12,88,1921,881,1040,217,411,1510,7.42341405517959,8.0227809307605,6.91568115384615,7.17177419354839,7.21997566909976,7.47878701986755,14
"16",2015,1,7.49152,125,8.02761904761905,6.94677419354839,6.97692307692308,7.53684210526316,7.48339622641509,63,62,13,19,106,2046,944,1102,230,430,1616,7.42757497556207,8.02310381355932,6.91743049001815,7.16076086956522,7.23397674418605,7.47908935643564,15
"17",2015,2,7.45757798165138,109,7.99385964912281,6.86973076923077,6.84210526315789,8.43636363636364,7.34771428571429,57,52,19,11,98,2155,1001,1154,249,441,1714,7.42909252900232,8.02143856143856,6.91528110918544,7.13644578313253,7.26396825396825,7.47157782963827,16
"18",2015,3,7.42382608695652,115,7.92622950819672,6.8562962962963,6.7,7.125,7.48673684210526,61,54,10,20,95,2270,1062,1208,259,461,1809,7.42882572687225,8.01596986817326,6.91264437086093,7.11959459459459,7.25793926247288,7.47237390823659,17
"19",2015,4,7.70760869565217,92,8.19285714285714,6.95277777777778,6.99,7.39444444444444,7.78378378378378,56,36,10,18,74,2362,1118,1244,269,479,1883,7.43968433530906,8.02483005366726,6.91380578778135,7.11477695167286,7.26306889352818,7.48461200212427,18
"20",2015,5,7.57986111111111,72,8.11944444444444,7.04027777777778,7.75,8,7.54850746268657,36,36,8,5,67,2434,1154,1280,277,484,1950,7.44383089564503,8.02778162911612,6.9173628125,7.13312274368231,7.27068181818182,7.48680738461538,19
"21",2015,6,7.40877777777778,90,8.16583333333333,6.90407407407407,7.29545454545455,7.015625,7.49378378378378,36,54,11,16,74,2524,1190,1334,288,500,2024,7.44258098256735,8.03195798319327,6.91682488755622,7.13932291666667,7.26252,7.48706245059288,20
"22",2015,7,7.38219178082192,73,7.95945945945946,6.78888888888889,6.75,7.61923076923077,7.33083333333333,37,36,8,13,60,2597,1227,1370,296,513,2084,7.44088348093955,8.02977180114099,6.91346306569343,7.12880067567568,7.27155945419103,7.48256449136276,21
"23",2015,8,7.55915094339623,106,7.83047619047619,7.16162790697674,7.11363636363636,7.585,7.55645833333333,63,43,11,10,96,2703,1290,1413,307,523,2180,7.44552142064373,8.02003875968992,6.92101514508139,7.12825732899023,7.27755258126195,7.48581853211009,22
"24",2015,9,7.64320987654321,81,7.84285714285714,7.42820512820513,7.79,7.35555555555556,7.67916666666667,42,39,10,9,72,2784,1332,1452,317,532,2252,7.45127313218391,8.01445195195195,6.93463801652893,7.14913249211356,7.27887218045113,7.49200017761989,23
"25",2015,10,7.40947916666667,96,7.79727272727273,6.88926829268293,7.11909090909091,7.72307692307692,7.36036144578313,55,41,11,13,83,2880,1387,1493,328,545,2335,7.44988,8.00583994232156,6.9333920964501,7.148125,7.28946788990826,7.48732094218415,24
"26",2015,11,7.42713178294574,129,7.95357142857143,6.80254237288136,7.09473684210526,7.28666666666667,7.44561403508772,70,59,19,15,114,3009,1457,1552,347,560,2449,7.44890475240944,8.00332875772134,6.92841778350516,7.14520172910663,7.28939285714286,7.48537950183748,25
"27",2015,12,7.42863247863248,117,7.82642857142857,6.83617021276596,6.76666666666667,7.13125,7.47574257425743,70,47,18,16,101,3126,1527,1599,365,576,2550,7.44814600127959,7.99521938441388,6.92570631644778,7.12653424657534,7.285,7.48499780392157,26
"28",2016,1,7.37024390243902,123,7.79986301369863,6.743,6.80357142857143,7.57166666666667,7.33571428571429,73,50,14,18,105,3249,1600,1649,379,594,2655,7.44519679901508,7.98630625,6.92016640388114,7.11460422163588,7.29368686868687,7.47909393596987,27
"29",2016,2,7.66190476190476,84,7.96224489795918,7.24142857142857,6.88888888888889,7.5625,7.67236842105263,49,35,9,8,76,3333,1649,1684,388,602,2731,7.45065838583858,7.98559126743481,6.92684346793349,7.10936855670103,7.29725913621263,7.48447250091541,28
"30",2016,3,7.45927083333333,96,7.87192307692308,6.97159090909091,7.88571428571429,7.92066666666667,7.37382716049383,52,44,7,15,81,3429,1701,1728,395,617,2812,7.45089950422864,7.9821164021164,6.92798287037037,7.12312658227848,7.312414910859,7.4812853485064,29
"31",2016,4,7.25509259259259,108,7.85564516129032,6.44565217391304,6.95714285714286,7.38863636363636,7.22093023255814,62,46,7,22,86,3537,1763,1774,402,639,2898,7.44492066723212,7.97766874645491,6.91547598647125,7.12023631840796,7.31503912363068,7.4735591442374,30
"32",2016,5,7.53287356321839,87,8.025,6.86783783783784,7.44555555555556,8.42384615384615,7.37635135135135,50,37,9,13,74,3624,1813,1811,411,652,2972,7.4470321192053,7.97897407611693,6.91450270568747,7.1273600973236,7.33714723926381,7.47113876177658,31
"33",2016,6,7.658,100,8.01346153846154,7.27291666666667,7.16470588235294,7.6447619047619,7.66151898734177,52,48,17,21,79,3724,1865,1859,428,673,3051,7.45269720730397,7.97993565683646,6.92375707369554,7.12884345794393,7.34674591381872,7.47606830547361,32
"34",2016,7,7.29635416666667,96,7.8054347826087,6.828,7,7.75294117647059,7.19810126582278,46,50,9,17,79,3820,1911,1909,437,690,3130,7.44876816753927,7.97573521716379,6.92124903090623,7.12618993135012,7.35675362318841,7.46905252396166,33
"35",2016,8,7.40163043478261,92,8.02613636363636,6.82916666666667,7.06923076923077,7.925,7.33780487804878,44,48,13,10,82,3912,1955,1957,450,700,3212,7.44765961145194,7.97686956521739,6.91899049565662,7.12454444444445,7.36487142857143,7.46570186799502,34
"36",2016,9,7.40300970873786,103,7.89387755102041,6.95759259259259,6.95076923076923,7.8,7.365,49,54,13,9,94,4015,2004,2011,463,709,3306,7.44651417185554,7.97484031936128,6.9200270512183,7.11966522678186,7.37039492242595,7.46283859649123,35
"37",2016,10,7.61584158415842,101,8.02222222222222,6.94210526315789,7.92857142857143,7.65,7.61034482758621,63,38,7,14,87,4116,2067,2049,470,723,3393,7.45066919339164,7.97628447024673,6.92043650561249,7.13171276595745,7.37580912863071,7.46662080754494,36
"38",2016,11,7.169375,128,7.81406779661017,6.61811594202899,6.42307692307692,7.27692307692308,7.14196078431373,59,69,13,26,102,4244,2126,2118,483,749,3495,7.44218529688973,7.97178269049859,6.91058753541076,7.1126397515528,7.37237650200267,7.45714575107296,37
"39",2016,12,7.33157894736842,114,7.84,6.934375,7.04705882352941,7.16666666666667,7.35656565656566,50,64,17,15,99,4358,2176,2182,500,764,3594,7.43929196879302,7.96875459558823,6.91128524289642,7.11041,7.36833769633508,7.45437518085698,38
"40",2017,1,7.46798561151079,139,7.98333333333333,6.96,6.98333333333333,7.66086956521739,7.42974137931034,69,70,24,23,116,4497,2245,2252,524,787,3710,7.44017887480543,7.96920267260579,6.91279946714032,7.10458969465649,7.37688691232529,7.45360495956873,39
"41",2017,2,7.53411214953271,107,7.92063492063492,6.98068181818182,7.25,7.12941176470588,7.61055555555556,63,44,4,17,90,4604,2308,2296,528,804,3800,7.4423619461338,7.96787694974003,6.91410034843206,7.10569128787879,7.37165422885572,7.45732221052631,40
"42",2017,3,7.19782608695652,92,7.93243243243243,6.70363636363636,6.85,7.74285714285714,7.1,37,55,18,14,78,4696,2345,2351,546,818,3878,7.43757120954003,7.96731769722814,6.90917669076988,7.09726190476191,7.37800733496333,7.45013522434244,41
"43",2017,4,7.68915662650602,83,8.12978723404255,7.11388888888889,7.16666666666667,8.34615384615385,7.56714285714286,47,36,6,13,70,4779,2392,2387,552,831,3948,7.44194065704122,7.97051003344481,6.91226409719313,7.09801630434783,7.39315282791817,7.45220982776089,42
"44",2017,5,7.51915094339623,106,7.89075471698113,7.14754716981132,7.25,7.52384615384615,7.51849462365591,53,53,12,13,93,4885,2445,2440,564,844,4041,7.44361604912999,7.96878118609407,6.91737475409836,7.10125,7.39516587677725,7.45373531304132,43
"45",2017,6,7.34096385542169,83,7.96944444444444,6.85957446808511,7.14,7.76428571428571,7.25507246376812,36,47,15,14,69,4968,2481,2487,579,858,4110,7.44190104669887,7.96879081015719,6.91628242862887,7.10225388601037,7.40118881118881,7.4504000973236,44
"46",2017,7,7.0972619047619,84,8.07068965517241,6.584,6.896875,7.58333333333333,7.01625,29,55,16,12,72,5052,2510,2542,595,870,4182,7.43617070467142,7.96996812749004,6.90909299763965,7.09673109243698,7.40370114942529,7.44292549019608,45
"47",2017,8,7.33960396039604,101,7.84912280701754,6.67954545454545,6,7.69333333333333,7.27790697674419,57,44,6,15,86,5153,2567,2586,601,885,4268,7.43427797399573,7.96728476821192,6.90518731631864,7.08578202995009,7.40861016949153,7.43960037488285,46
"48",2017,9,7.5,92,8.08461538461538,7.06981132075472,7.04166666666667,7.74375,7.44868421052632,39,53,12,16,76,5245,2606,2639,613,901,4344,7.43543077216397,7.96904067536454,6.90849352027283,7.08491843393149,7.4145615982242,7.43975930018416,47
"49",2017,10,7.66964285714286,126,7.9453125,7.19021739130435,7.69090909090909,7.92794117647059,7.62935779816514,80,46,11,17,109,5371,2686,2685,624,918,4453,7.44092522807671,7.9683339538347,6.9133200744879,7.09560096153847,7.42406862745098,7.44440026948125,48
"50",2017,11,7.52001612903226,124,8.06186666666667,7.01203125,7.30923076923077,7.81875,7.47575925925926,60,64,13,16,108,5495,2746,2749,637,934,4561,7.44270999090082,7.97037764020393,6.91561818843216,7.09996075353219,7.43082976445396,7.44514281955711,49
"51",2017,12,7.26669642857143,112,7.77267857142857,6.76071428571429,6.62307692307692,7.11,7.28205882352941,56,56,13,10,102,5607,2802,2805,650,944,4663,7.43919411449973,7.96642648108494,6.91252563279857,7.09042307692308,7.4274311440678,7.44157546643791,50
"52",2018,1,7.39577981651376,109,7.9808064516129,6.62404255319149,6.163,7.22222222222222,7.4114,62,47,10,9,100,5716,2864,2852,660,953,4763,7.43836623512946,7.96673777932961,6.90777152875175,7.07637121212122,7.42549317943337,7.4409419273567,51
"53",2018,2,7.57953271028037,107,8.10166666666667,6.91297872340426,6.87647058823529,7.62666666666667,7.57184782608696,60,47,17,15,92,5823,2924,2899,677,968,4855,7.44096022668727,7.96950649794802,6.9078559503277,7.07135155096012,7.42861053719008,7.44342253347065,52
"54",2018,3,7.34044943820225,89,7.94255319148936,6.66666666666667,6.925,7.08461538461538,7.38421052631579,47,42,8,13,76,5912,2971,2941,685,981,4931,7.43944712449256,7.96908010770784,6.90441156069364,7.06964233576643,7.42405198776758,7.44250991685256,53
"55",2018,4,7.3545170212766,94,7.980615,6.89074074074074,6.32307692307692,6.85625,7.45672564102564,40,54,13,16,78,6006,3011,2995,698,997,5009,7.43811788211788,7.96923334440385,6.90416507512521,7.05573782234957,7.41493981945838,7.44273128368936,54
"56",2018,5,7.38192771084337,83,7.80119047619048,6.95243902439024,6.83846153846154,6.95,7.44109589041096,42,41,13,10,73,6089,3053,3036,711,1007,5082,7.43735194613237,7.96692158532591,6.90481699604743,7.05176511954993,7.4103227408143,7.44270779220779,55
"57",2018,6,7.52719512195122,82,8.07938775510204,6.70727272727273,6.76666666666667,7.848,7.48263888888889,49,33,6,10,72,6171,3102,3069,717,1017,5154,7.43854577864204,7.96869813023855,6.90269286412512,7.04937935843794,7.41462635201573,7.44326561893674,56
"58",2018,7,7.615,70,7.93625,7.18666666666667,7,8.42,7.55307692307692,40,30,9,5,65,6241,3142,3099,726,1022,5219,7.44052491587887,7.96828504137492,6.90544188447886,7.04876721763086,7.41954500978474,7.44463326307721,57
"59",2018,8,7.20306593023256,86,7.7196976744186,6.68643418604651,6.791667,7.27333333333333,7.18822070422535,43,43,10,15,71,6327,3185,3142,736,1037,5290,7.43729724513988,7.96492891679749,6.90244464353915,7.04527400815218,7.41743008678881,7.44119180907372,58
"60",2018,9,7.44577464788732,71,7.63552631578947,7.22727272727273,7.29166666666667,7.62,7.4172131147541,38,33,12,10,61,6398,3223,3175,748,1047,5351,7.43739132072523,7.96104517530251,6.90582080944882,7.04922683155081,7.41936485195798,7.4409184582321,59
"61",2018,10,7.39073170731707,82,7.83208333333333,6.76764705882353,6.3125,7.3,7.4110447761194,48,34,8,15,67,6480,3271,3209,756,1062,5418,7.436800875,7.95915273616631,6.90435683078841,7.04143078042328,7.41767890772128,7.44054903469915,60
"62",2018,11,7.33639534883721,86,7.67825,7.03913043478261,6.56842105263158,7.16,7.35960526315789,40,46,19,10,76,6566,3311,3255,775,1072,5494,7.43548578586659,7.95575916641498,6.90626146543779,7.02983441290323,7.41527518656717,7.4394293174372,61
"63",2018,12,7.28777777777778,63,7.98121212121212,6.525,7.16666666666667,7.73454545454545,7.19326923076923,33,30,6,11,52,6629,3344,3285,781,1083,5546,7.43408201387841,7.95601034688995,6.90277962557078,7.03088562099872,7.41851800554017,7.43712128921745,62
"64",2019,1,7.56053191489362,94,7.83313725490196,7.23720930232558,7.27142857142857,7.52,7.56822784810127,51,43,14,15,79,6723,3395,3328,795,1098,5625,7.43585001784918,7.95416453608247,6.90710068209134,7.03512159748428,7.4199043715847,7.438962608,63
"65",2019,2,7.46047619047619,84,7.88893617021277,6.91621621621622,6.83333333333333,7.43866666666667,7.46521739130435,47,37,9,15,69,6807,3442,3365,804,1113,5694,7.43615391068018,7.95327385241139,6.90720091233284,7.03286277363184,7.4201572327044,7.43928076396206,64
"66",2019,3,7.41641025641026,78,8.01142857142857,6.72222222222222,6.88888888888889,7.51875,7.39,42,36,9,16,62,6885,3484,3401,813,1129,5756,7.43593023529412,7.95397491389208,6.90524289032637,7.03126896678967,7.42155447298494,7.43874994266852,65
"67",2019,4,7.31565789473684,76,7.903,6.93260869565217,7.15714285714286,7.91666666666667,7.20296875,30,46,14,12,64,6961,3514,3447,827,1141,5820,7.43461710530096,7.95353972680706,6.90560808529156,7.03339984280532,7.42676161262051,7.43615715979381,66
"68",2019,5,7.50408450704225,71,8.00368421052632,6.92878787878788,6.68,7.08333333333333,7.54292307692308,38,33,5,6,65,7032,3552,3480,832,1147,5885,7.43531849687145,7.95407618243243,6.90582789367816,7.03127604567308,7.42496512641674,7.43733639252336,67
"69",2019,6,7.51176470588235,68,7.945,6.89285714285714,6.8,8.0125,7.445,40,28,12,8,60,7100,3592,3508,844,1155,5945,7.43605065774648,7.95397511135857,6.90572436431015,7.02798776066351,7.42903463203463,7.43741373759461,68
"70",2019,7,7.34661016949153,59,8.19678571428571,6.57870967741936,6.975,7.21818181818182,7.37604166666667,28,31,8,11,48,7159,3620,3539,852,1166,5993,7.43531354518788,7.95585320441989,6.90285986719412,7.0274902230047,7.42704545454546,7.43692218755214,69
"71",2019,8,7.46206896551724,87,7.78235294117647,7.00833333333333,7.23846153846154,7.33125,7.49154929577465,51,36,13,16,71,7246,3671,3575,865,1182,6064,7.43563478746895,7.95344282211931,6.90392197762238,7.03066089017341,7.42574873096447,7.43756178594986,70
"72",2019,9,7.55093023255814,86,7.77320754716981,7.19393939393939,7.175,7.91333333333333,7.4743661971831,53,33,8,15,71,7332,3724,3608,873,1197,6135,7.436987134479,7.95087771213749,6.90657457594235,7.03198358533792,7.43185881370092,7.43798772127139,71
"73",2019,10,7.42125373134328,67,7.69035897435897,7.04642857142857,7.54166666666667,7.94705882352941,7.24248,39,28,12,17,50,7399,3763,3636,885,1214,6185,7.4368446641438,7.94817767738506,6.90765155940594,7.03889454237288,7.43907331136738,7.43640722231204,72
"74",2019,11,7.45531914893617,94,8.05957446808511,6.85106382978723,6.54166666666667,7.55,7.42638888888889,47,47,12,22,72,7493,3810,3683,897,1236,6257,7.43707642733218,7.94955186351706,6.9069294243823,7.03224266443701,7.44104773462783,7.43629194022694,73
"75",2019,12,7.3289156626506,83,8.2030303030303,6.752,6.72941176470588,7.18,7.34931506849315,33,50,17,10,73,7576,3843,3733,914,1246,6330,7.43589145591341,7.95172849336456,6.90485429145459,7.02661014223195,7.43895264847512,7.43528888941548,74
"76",2020,1,7.2658152173913,92,7.78914634146341,6.84509803921569,6.41764705882353,7.455,7.20985915492958,41,51,17,21,71,7668,3884,3784,931,1267,6401,7.43385089593114,7.9500122554068,6.90404890856237,7.01549051557465,7.43921862667719,7.43278841899703,75
"77",2020,2,7.44705882352941,68,7.91891891891892,6.88387096774194,6.8,7.56666666666667,7.42142857142857,37,31,7,12,56,7736,3921,3815,938,1279,6457,7.43396699457084,7.94971884723285,6.90388494626474,7.01388237739872,7.44041438623925,7.43268989778535,76
"78",2020,3,7.32960779411765,68,8.02483325,6.33642857142857,6.398,7.96461538461539,7.17951509090909,40,28,10,13,55,7804,3961,3843,948,1292,6512,7.43305766273706,7.95047738702348,6.89975047358834,7.0073857278481,7.44568885448917,7.43055159705159,77
"79",2020,4,7.59606557377049,61,7.94756756756757,7.05416666666667,6.94,7.45714285714286,7.61407407407407,37,24,5,7,54,7865,3998,3867,953,1299,6566,7.43432193261284,7.95045045772886,6.90070883630721,7.00703218258132,7.44575057736721,7.43206091989034,78
"80",2020,5,7.50350877192982,57,7.87878787878788,6.9875,6.9,7.11111111111111,7.57708333333333,33,24,15,9,48,7922,4031,3891,968,1308,6614,7.43481974248927,7.9498637881419,6.90124417116422,7.00537362603306,7.44344801223242,7.43311339582703,79
"81",2020,6,7.48148148148148,54,8.06666666666667,6.75,6.7,7.3125,7.51086956521739,30,24,7,8,46,7976,4061,3915,975,1316,6660,7.43513565697091,7.95072665107116,6.90031700383142,7.0031812,7.44265197568389,7.43365045045045,80
"82",2020,7,7.48921568627451,51,8.06730769230769,6.888,7.025,7.3,7.50978260869565,26,25,8,5,46,8027,4087,3940,983,1321,6706,7.43547925750592,7.95146829703939,6.90023885025381,7.00335876907426,7.44211203633611,7.43417268118103,81
"83",2020,8,7.73603174603175,63,7.94472222222222,7.45777777777778,7.13333333333333,8.466,7.59830188679245,36,27,12,10,53,8090,4123,3967,995,1331,6759,7.43781977750309,7.9514093936454,6.90403354423998,7.00492630150754,7.44980465815177,7.43545968338511,82
"84",2020,9,7.44149275362319,69,7.68095238095238,7.069,6.5625,8.5,7.358796875,42,27,8,5,64,8159,4165,3994,1003,1336,6823,7.43785083956367,7.94868209603841,6.90514874061092,7.0013974775673,7.45373502994012,7.43474058332112,83
"85",2020,10,7.35249670588235,85,8.24518512820513,6.59565217391304,6.66,7.95529411764706,7.20179735294118,39,46,15,17,68,8244,4204,4040,1018,1353,6891,7.43697079330422,7.9514327188392,6.90162476980198,6.99636706286837,7.46003695491501,7.43244191263967,84
"86",2020,11,7.30337837837838,74,7.81756756756757,6.78918918918919,6.95714285714286,7.37727272727273,7.29047619047619,37,37,14,11,63,8318,4241,4077,1032,1364,6954,7.43578230584275,7.95026483140769,6.90060438312485,6.99583495155039,7.45936950146628,7.43115576934138,85
"87",2020,12,7.62903225806452,62,7.99268292682927,6.91904761904762,6.625,8.0625,7.56481481481481,41,21,4,8,54,8380,4282,4098,1036,1372,7008,7.43721207875895,7.95067098318543,6.90069889458272,6.99440315637066,7.46288629737609,7.43218567636986,86
"88",2021,1,7.39024418604651,86,7.9116875,6.73157894736842,6.32352941176471,7.2619375,7.41957142857143,48,38,17,16,70,8466,4330,4136,1053,1388,7078,7.43673496574534,7.95023883371824,6.89914508462282,6.98357233618234,7.46056988472623,7.43206092398983,87
"89",2021,2,7.55423728813559,59,7.67,7.43448275862069,7.1875,7.2,7.6265306122449,30,29,8,10,49,8525,4360,4165,1061,1398,7127,7.43754817829912,7.94831058486238,6.90287252581032,6.98510996229972,7.45870600858369,7.43339795425845,88
"90",2021,3,7.35,55,7.80806451612903,6.75833333333333,7.4,6.9,7.45,31,24,5,10,45,8580,4391,4189,1066,1408,7172,7.43698697202797,7.94732046230927,6.90204441871568,6.98705597560976,7.45473792613637,7.43350212214166,89
"91",2021,4,7.27526185714286,70,7.73574552631579,6.7284375,7.0375,7.39318181818182,7.25327677966102,38,32,8,11,59,8650,4429,4221,1074,1419,7231,7.43567821387283,7.94550518853014,6.90072828002843,6.98743172253259,7.45426074700493,7.43203160696999,90
"92",2021,5,7.23442183673469,49,7.61841285714286,6.94642857142857,6.42857142857143,7.55523857142857,7.18095238095238,21,28,7,7,42,8699,4450,4249,1081,1426,7273,7.43454457064031,7.94396160674157,6.90102943516121,6.9838128307123,7.45475643057504,7.43058167881204,91
"93",2021,6,7.60673076923077,52,8.01111111111111,7.17,7,7.64583333333333,7.595,27,25,8,12,40,8751,4477,4274,1089,1438,7313,7.43556773168781,7.94436657359839,6.90260273046327,6.98393174471993,7.4563509527121,7.43148099958977,92
"94",2021,7,7.12631578947368,38,7.73529411764706,6.63333333333333,6.22857142857143,5.55,7.21388888888889,17,21,7,2,36,8789,4494,4295,1096,1440,7349,7.43423065422688,7.94357568980863,6.90128616298021,6.97910736313869,7.45370324305556,7.43041509729215,93
"95",2021,8,7.27825396825397,63,8.15,6.18857142857143,5.46857142857143,6.655,7.42490196078431,35,28,7,12,51,8852,4529,4323,1103,1452,7400,7.43312056258473,7.94517093177302,6.89666992135091,6.96952100634633,7.44710238980717,7.43037710135135,94
"96",2021,9,7.39428571428571,77,7.76095238095238,6.95428571428571,6.5,7.66454545454545,7.34924242424242,42,35,7,11,66,8929,4571,4358,1110,1463,7466,7.43278566692799,7.94347826514986,6.89713264570904,6.96656006306306,7.44873730006836,7.42965986472006,95
"97",2021,10,7.67518814516129,124,8.06523805194805,7.03617021276596,7.25,7.65,7.67739763157895,77,47,10,10,114,9053,4648,4405,1120,1473,7580,7.43610588202806,7.94549537005163,6.89861613393871,6.96909077678572,7.45010364562118,7.43338573614776,96
"98",2021,11,7.55980392156863,102,7.9258064516129,6.9925,6.6,7.81764705882353,7.50823529411765,62,40,10,17,85,9155,4710,4445,1130,1490,7665,7.43748405789187,7.94523619532909,6.89946098312711,6.96582448672566,7.45429709395973,7.43421577038486,97
"99",2021,12,7.62306008196721,122,8.01215957746479,7.08137254901961,6.91666666666667,7.41052631578947,7.66226533980582,71,51,12,19,103,9277,4781,4496,1142,1509,7768,7.43992453163739,7.94623003764903,6.90152448176157,6.96530794220666,7.45374597084162,7.43723959963955,98
"100",2022,1,7.59921966292135,178,8.04385673076923,6.97432432432432,6.98,7.75645833333333,7.57471493506493,104,74,20,24,154,9455,4885,4570,1162,1533,7922,7.44292342464305,7.94830847697032,6.902703297593,6.96556081755594,7.4584851076321,7.43991205629891,99
"101",2022,2,7.45059523809524,126,7.80833333333333,6.92450980392157,6.41428571428571,6.95833333333333,7.50241228070175,75,51,14,12,114,9581,4960,4621,1176,1545,8036,7.44302431687715,7.94619191733871,6.90294396667388,6.95899801870748,7.45460043365696,7.44079869462419,100
"102",2022,3,7.47047916666667,96,7.71891525423729,7.07432432432432,6.66666666666667,7.22222222222222,7.52776923076923,59,37,9,18,78,9677,5019,4658,1185,1563,8114,7.4432966807895,7.94352020522016,6.90430529626449,6.95677778059072,7.45192429302623,7.44163474365294,101
"103",2022,4,7.60647801886792,106,7.77833333333333,7.38231891304348,7.2,7.63571428571429,7.60202902173913,60,46,9,14,92,9783,5079,4704,1194,1577,8206,7.44506477052029,7.94156879503839,6.90897974914966,6.95861111390285,7.45355590995561,7.44343297343407,102
"104",2022,5,7.50847777777778,90,7.96779245283019,6.85054054054054,6,8.18638461538461,7.39402597402597,53,37,5,13,77,9873,5132,4741,1199,1590,8283,7.44564282892738,7.94183961613406,6.90852367433031,6.95461356964137,7.45954759119497,7.44297367861885,103
"105",2022,6,7.63481188118812,101,7.83472602739726,7.11360714285714,6.6,7.77546153846154,7.61403409090909,73,28,5,13,88,9974,5205,4769,1204,1603,8371,7.4475584168839,7.9403373506244,6.90972777102118,6.95314092192691,7.46210958827199,7.44477194839326,104
"106",2022,7,7.54777349514563,103,7.76075626865672,7.15138888888889,6.91666666666667,7.425,7.56396340659341,67,36,6,12,91,10077,5272,4805,1210,1615,8462,7.44858274486455,7.93805511760243,6.9115383433923,6.95296005785124,7.46183385139319,7.44605372843299,105
"107",2022,8,7.58584905660377,106,7.84647887323944,7.05714285714286,6.25,7.68823529411765,7.56629213483146,71,35,8,17,89,10183,5343,4840,1218,1632,8551,7.45001161936561,7.93683821448624,6.91259126859504,6.94834291461412,7.4641921997549,7.44730518652789,106
"108",2022,9,7.68433333333333,90,7.92114754098361,7.18620689655172,6.25,8.01909090909091,7.63772151898734,61,29,4,11,79,10273,5404,4869,1222,1643,8630,7.45206447191668,7.93666109918579,6.91422093653728,6.94605701309329,7.46790728545344,7.4490482792584,107
"109",2022,10,7.5477358490566,106,7.85083333333333,6.90588235294118,6.85,7.30625,7.59066666666667,72,34,10,16,90,10379,5476,4903,1232,1659,8720,7.45304155699008,7.93553261139518,6.91416311238018,6.94527732954546,7.46634820373719,7.4505099369266,108
"110",2022,11,7.47697058823529,102,8.04194736842105,6.76133333333333,7.095,7.5875,7.46756382978723,57,45,8,8,94,10481,5533,4948,1240,1667,8814,7.45327443182903,7.93662887764323,6.91277318916734,6.94624328225807,7.46692961607679,7.45069181415929,109
"111",2022,12,7.65758928571429,112,7.92183098591549,7.2,6.6,7.46791666666667,7.68035,71,41,5,12,100,10593,5604,4989,1245,1679,8914,7.45543465684886,7.93644139543183,6.91513364201243,6.94485274698795,7.46693667063729,7.45326819048687,110
