"","year","month","avg_rating","no_ratings","avg_rating_owned","avg_rating_not_owned","avg_rating_prev_owned","avg_rating_comment","avg_rating_no_comment","no_ratings_owned","no_ratings_not_owned","no_ratings_prev_owned","no_ratings_comment","no_ratings_no_comment","cum_no_ratings","cum_no_ratings_owned","cum_no_ratings_not_owned","cum_no_ratings_prev_owned","cum_no_ratings_comment","cum_no_ratings_no_comment","cum_avg_rating","cum_avg_rating_owned","cum_avg_rating_not_owned","cum_avg_rating_prev_owned","cum_avg_rating_comment","cum_avg_rating_no_comment","month_after_release"
"1",2013,6,6.5,1,NA,6.5,NA,NA,6.5,0,1,0,0,1,1,0,1,0,0,1,6.5,NA,6.5,NA,NA,6.5,-5
"2",2013,7,8.5,2,NA,8.5,NA,NA,8.5,0,2,0,0,2,3,0,3,0,0,3,7.83333333333333,NA,7.83333333333333,NA,NA,7.83333333333333,-4
"3",2013,10,7.25,4,10,6.33333333333333,7,4,8.33333333333333,1,3,1,1,3,7,1,6,1,1,6,7.5,10,7.08333333333333,7,4,8.08333333333333,-1
"4",2013,11,6.95454545454545,11,7.41666666666667,6.4,8,4,7.25,6,5,1,1,10,18,7,11,2,2,16,7.16666666666667,7.78571428571429,6.77272727272727,7.5,4,7.5625,0
"5",2013,12,6.74545454545455,11,7.7,5.95,6.85,5,6.92,5,6,2,1,10,29,12,17,4,3,26,7.00689655172414,7.75,6.48235294117647,7.175,4.33333333333333,7.31538461538462,1
"6",2014,1,6.83055555555556,18,7.38333333333333,6.27777777777778,6.73333333333333,5.93333333333333,7.01,9,9,3,3,15,47,21,26,7,6,41,6.93936170212766,7.59285714285714,6.41153846153846,6.98571428571429,5.13333333333333,7.20365853658537,2
"7",2014,2,6.38461538461539,13,7.28571428571429,5.33333333333333,NA,NA,6.38461538461539,7,6,0,0,13,60,28,32,7,6,54,6.81916666666667,7.51607142857143,6.209375,6.98571428571429,5.13333333333333,7.00648148148148,3
"8",2014,3,6.75098039215686,51,7.264,6.25769230769231,6.72222222222222,6.38888888888889,6.82857142857143,25,26,9,9,42,111,53,58,16,15,96,6.78783783783784,7.39716981132075,6.23103448275862,6.8375,5.88666666666667,6.92864583333333,4
"9",2014,4,6.407,50,6.958,5.856,6.55714285714286,5.79666666666667,6.66857142857143,25,25,7,15,35,161,78,83,23,30,131,6.66956521739131,7.25641025641026,6.11807228915663,6.75217391304348,5.84166666666667,6.85916030534351,5
"10",2014,5,6.57,50,7.12068965517241,5.80952380952381,6.2,6.53333333333333,6.58571428571429,29,21,10,15,35,211,107,104,33,45,166,6.64597156398104,7.2196261682243,6.05576923076923,6.58484848484848,6.07222222222222,6.80150602409639,6
"11",2014,6,6.78032786885246,61,6.88684210526316,6.60434782608696,6.80769230769231,6.25,6.91020408163265,38,23,13,12,49,272,145,127,46,57,215,6.67610294117647,7.13241379310345,6.15511811023622,6.64782608695652,6.10964912280702,6.82627906976744,7
"12",2014,7,6.65394736842105,76,7.22058823529412,6.1952380952381,6.33333333333333,6.41428571428571,6.70806451612903,34,42,12,14,62,348,179,169,58,71,277,6.67126436781609,7.14916201117318,6.16508875739645,6.58275862068966,6.16971830985915,6.79981949458484,8
"13",2014,8,6.59533333333333,75,7.08571428571429,6.16625,6.11875,6.46666666666667,6.6275,35,40,16,15,60,423,214,209,74,86,337,6.65780141843972,7.13878504672897,6.16531100478469,6.48243243243243,6.22151162790698,6.76913946587537,9
"14",2014,9,6.78795180722892,83,7.40384615384615,6.24204545454545,6.375,6.21071428571429,6.90507246376812,39,44,18,14,69,506,253,253,92,100,406,6.67915019762846,7.1796442687747,6.17865612648221,6.46141304347826,6.22,6.79224137931034,10
"15",2014,10,6.548,75,6.49125,6.61285714285714,6.55,6.47916666666667,6.56111111111111,40,35,15,12,63,581,293,288,107,112,469,6.66222030981067,7.08566552901024,6.23142361111111,6.47383177570094,6.24776785714286,6.76119402985075,11
"16",2014,11,6.46217948717949,78,6.79714285714286,6.18953488372093,6.41111111111111,6.58,6.43412698412698,35,43,18,15,63,659,328,331,125,127,532,6.63854324734446,7.05487804878049,6.22598187311178,6.4648,6.28700787401575,6.72246240601504,12
"17",2014,12,6.52098765432099,81,6.72727272727273,6.27567567567568,6.21428571428571,6.16428571428571,6.5955223880597,44,37,14,14,67,740,372,368,139,141,599,6.62567567567568,7.01612903225806,6.23097826086956,6.43956834532374,6.27482269503546,6.70826377295492,13
"18",2015,1,6.69266666666667,75,6.99512195121951,6.32794117647059,6.43888888888889,6.49,6.72384615384615,41,34,18,10,65,815,413,402,157,151,664,6.63184049079755,7.01404358353511,6.23917910447761,6.43949044585987,6.28907284768212,6.70978915662651,14
"19",2015,2,6.46518987341772,79,6.82380952380952,6.05810810810811,5.98666666666667,6.29166666666667,6.49626865671642,42,37,15,12,67,894,455,439,172,163,731,6.61711409395973,6.99648351648352,6.22391799544419,6.4,6.28926380368098,6.69021887824897,15
"20",2015,3,6.66017543859649,57,6.95,6.23173913043478,6.32142857142857,6.77777777777778,6.638125,34,23,7,9,48,951,489,462,179,172,779,6.61969505783386,6.99325153374233,6.22430735930736,6.39692737430168,6.31482558139535,6.68700898587933,16
"21",2015,4,6.63140625,64,6.97275,6.0625,6.5,5.67,6.80944444444444,40,24,10,10,54,1015,529,486,189,182,833,6.62043349753695,6.99170132325142,6.21631687242798,6.40238095238095,6.2793956043956,6.69494597839136,17
"22",2015,5,6.51805555555556,72,6.73170731707317,6.23548387096774,6.075,6.48461538461538,6.52542372881356,41,31,12,13,59,1087,570,517,201,195,892,6.61365225390984,6.973,6.21746615087041,6.38283582089552,6.29307692307692,6.6837331838565,18
"23",2015,6,6.12575,40,6.4148275862069,5.36363636363636,6.25,6.05,6.151,29,11,4,10,30,1127,599,528,205,205,922,6.59633540372671,6.94597662771285,6.19967803030303,6.38024390243902,6.28121951219512,6.66639913232104,19
"24",2015,7,6.66583333333333,60,6.95125,6.095,5.77777777777778,6.37727272727273,6.73061224489796,40,20,9,11,49,1187,639,548,214,216,971,6.59984835720303,6.94630672926448,6.19585766423358,6.35490654205608,6.28611111111111,6.66963954685891,20
"25",2015,8,6.38145454545455,55,7.04266666666667,5.588,5.525,6.59,6.33511111111111,30,25,8,10,45,1242,669,573,222,226,1016,6.59017713365539,6.95062780269058,6.16933682373473,6.325,6.2995575221239,6.65482283464567,21
"26",2015,9,6.67894736842105,38,7.05238095238095,6.21764705882353,6.17142857142857,6.4,6.72121212121212,21,17,7,5,33,1280,690,590,229,231,1049,6.5928125,6.95372463768116,6.17072881355932,6.3203056768559,6.3017316017316,6.65691134413727,22
"27",2015,10,6.32709677419355,62,6.785,5.69307692307692,6.35,6.54,6.28615384615385,36,26,10,10,52,1342,726,616,239,241,1101,6.58053651266766,6.94535812672176,6.15056818181818,6.32154811715481,6.31161825726141,6.63940054495913,23
"28",2015,11,6.58137254901961,51,6.87205882352941,6,5.35714285714286,6.78888888888889,6.53690476190476,34,17,7,9,42,1393,760,633,246,250,1143,6.58056712132089,6.94207894736842,6.14652448657188,6.29410569105691,6.3288,6.63563429571304,24
"29",2015,12,6.36,75,6.69230769230769,6,6.03125,6.54210526315789,6.29821428571429,39,36,16,19,56,1468,799,669,262,269,1199,6.56929836512262,6.929887359199,6.13863976083707,6.2780534351145,6.34386617100372,6.61987489574646,25
"30",2016,1,6.7,82,6.89333333333333,6.46486486486486,6.33,6.63076923076923,6.71304347826087,45,37,15,13,69,1550,844,706,277,282,1268,6.57621290322581,6.92793838862559,6.15573654390935,6.28086642599278,6.35709219858156,6.62494479495268,26
"31",2016,2,6.68,40,6.94230769230769,6.19285714285714,6.3125,6.575,6.715,26,14,8,10,30,1590,870,720,285,292,1298,6.57882389937107,6.92836781609195,6.15645833333333,6.28175438596491,6.36455479452055,6.62702619414484,27
"32",2016,3,6.49056603773585,53,6.78947368421053,5.73333333333333,5.53333333333333,6.18181818181818,6.57142857142857,38,15,9,11,42,1643,908,735,294,303,1340,6.57597687157639,6.9225550660793,6.1478231292517,6.25884353741497,6.35792079207921,6.62528358208955,28
"33",2016,4,6.54790909090909,55,6.791,6.1225,6.05,6.67772727272727,6.51545454545455,35,20,10,11,44,1698,943,755,304,314,1384,6.57506772673734,6.9176723223754,6.14715231788079,6.25197368421053,6.36912420382166,6.62179190751445,29
"34",2016,5,6.57844827586207,58,6.74487179487179,6.23684210526316,5.83333333333333,6.57142857142857,6.57941176470588,39,19,6,7,51,1756,982,774,310,321,1435,6.57517938496583,6.91080957230143,6.14935400516796,6.24387096774194,6.37353582554517,6.62028571428571,30
"35",2016,6,6.58095238095238,42,6.956,6.02941176470588,5.66666666666667,7,6.56,25,17,6,2,40,1798,1007,791,316,323,1475,6.57531423804227,6.9119314796425,6.14677623261694,6.23291139240506,6.37741486068111,6.61865084745763,31
"36",2016,7,6.60217391304348,46,6.92307692307692,6.185,6.125,6.33333333333333,6.6425,26,20,8,6,40,1844,1033,811,324,329,1515,6.57598427331887,6.91221200387222,6.14771886559803,6.23024691358025,6.37661094224924,6.61928052805281,32
"37",2016,8,6.65789473684211,38,6.85483870967742,5.78571428571429,NA,7,6.61764705882353,31,7,0,4,34,1882,1064,818,324,333,1549,6.5776381509033,6.91054041353383,6.14462102689486,6.23024691358025,6.3840990990991,6.61924467398322,33
"38",2016,9,6.14130434782609,46,6.82608695652174,5.45652173913043,5.55555555555556,5.5,6.25641025641026,23,23,9,7,39,1928,1087,841,333,340,1588,6.56722769709544,6.90875344986201,6.12580261593341,6.21201201201201,6.36589705882353,6.61033375314862,34
"39",2016,10,6.335125,56,6.72258064516129,5.85468,5.61111111111111,5.9,6.37778431372549,31,25,9,5,51,1984,1118,866,342,345,1639,6.56067641129032,6.90359123434705,6.11797575057737,6.19619883040936,6.35914492753623,6.60309762050031,35
"40",2016,11,6.21929824561404,57,6.36111111111111,5.97619047619048,5.9,5.625,6.26415094339623,36,21,10,4,53,2041,1154,887,352,349,1692,6.55114257716806,6.88666811091854,6.11461894024803,6.18778409090909,6.35073065902579,6.5924804964539,36
"41",2016,12,6.58490566037736,53,6.77777777777778,6.38461538461539,6.225,6.58888888888889,6.58409090909091,27,26,8,9,44,2094,1181,913,360,358,1736,6.55199713467049,6.88417866215072,6.12230777656079,6.18861111111111,6.35671787709497,6.59226785714286,37
"42",2017,1,6.26666666666667,60,6.66216216216216,5.6304347826087,4.78571428571429,6.125,6.28846153846154,37,23,7,8,52,2154,1218,936,367,366,1788,6.54404921077066,6.87743431855501,6.11022115384615,6.16185286103542,6.35165300546448,6.58343232662192,38
"43",2017,2,6.30645161290323,31,6.65625,5.93333333333333,5.625,6.5,6.26923076923077,16,15,8,5,26,2185,1234,951,375,371,1814,6.54067826086957,6.87456645056726,6.10743112513144,6.1504,6.35365229110512,6.57892888643881,39
"44",2017,3,6.625,28,6.74705882352941,6.43636363636364,7.2,6.55,6.63076923076923,17,11,4,2,26,2213,1251,962,379,373,1840,6.54174514234071,6.87283373301359,6.11119230769231,6.16147757255937,6.35470509383378,6.57966141304348,40
"45",2017,4,6.60589743589744,39,6.90909090909091,6.21352941176471,5.26,6.2,6.66558823529412,22,17,5,5,34,2252,1273,979,384,378,1874,6.54285612788632,6.8734603299293,6.11296935648621,6.14973958333334,6.35265873015873,6.58122038420491,41
"46",2017,5,6.33783783783784,37,6.375,6.29411764705882,6.33333333333333,6.5,6.32352941176471,20,17,9,3,34,2289,1293,996,393,381,1908,6.53954215814766,6.8657501933488,6.11606124497992,6.15394402035624,6.3538188976378,6.5766284067086,42
"47",2017,6,6.40555555555556,27,6.496875,6.27272727272727,5.5,6.6,6.39,16,11,3,2,25,2316,1309,1007,396,383,1933,6.53798013816926,6.86124140565317,6.117772591857,6.1489898989899,6.3551044386423,6.57421469218831,43
"48",2017,7,6.23540540540541,37,6.57769230769231,6.05,6.25,6.5,6.1940625,13,24,6,5,32,2353,1322,1031,402,388,1965,6.53322226944326,6.85845310136158,6.11619495635305,6.15049751243781,6.35697164948454,6.56802391857506,44
"49",2017,8,6.57111111111111,45,6.828,6.25,6.6,6.5,6.57619047619048,25,20,5,3,42,2398,1347,1051,407,391,2007,6.53393327773144,6.85788789903489,6.11874119885823,6.15601965601966,6.35806905370844,6.56819481813652,45
"50",2017,9,6.56244444444444,45,6.75958333333333,6.33714285714286,6.1875,5.58333333333333,6.63238095238095,24,21,4,3,42,2443,1371,1072,411,394,2049,6.53445845272206,6.85616703136397,6.12301958955224,6.15632603406326,6.35217005076142,6.56951049292338,46
"51",2017,10,6.48480769230769,52,6.87535714285714,6.02916666666667,5.675,6.69555555555556,6.4406976744186,28,24,4,9,43,2495,1399,1096,415,403,2092,6.53342364729459,6.85655110793424,6.12096441605839,6.15168674698795,6.35983870967742,6.56686281070746,47
"52",2017,11,5.98209302325581,43,6.22608695652174,5.7015,5.83333333333333,5.28571428571429,6.1175,23,20,6,7,36,2538,1422,1116,421,410,2128,6.52408274231678,6.84635372714487,6.11344713261649,6.14714964370546,6.3415,6.55926080827068,48
"53",2017,12,6.43263157894737,38,6.74545454545455,6.0025,6.25,3.75,6.58166666666667,22,16,4,2,36,2576,1444,1132,425,412,2164,6.52273369565217,6.84481648199446,6.11187897526502,6.14811764705883,6.32891990291262,6.55963354898336,49
"54",2018,1,6.34888461538462,52,6.87232258064516,5.57619047619048,5.66666666666667,5.66666666666667,6.39065306122449,31,21,6,3,49,2628,1475,1153,431,415,2213,6.51929375951294,6.84539457627119,6.1021222896791,6.14141531322506,6.32413253012048,6.5558920018075,50
"55",2018,2,6.56894736842105,38,6.79473684210526,6.34315789473684,6.375,6.75,6.54764705882353,19,19,4,4,34,2666,1494,1172,435,419,2247,6.52000150037509,6.84475033467202,6.10602986348123,6.14356321839081,6.32819809069212,6.55576724521584,51
"56",2018,3,6.44,35,6.81363636363636,5.80769230769231,6,6,6.48125,22,13,5,3,32,2701,1516,1185,440,422,2279,6.51896482784154,6.84429881266491,6.10275696202532,6.14193181818182,6.32586492890995,6.55472093023256,52
"57",2018,4,6.35714285714286,28,7.05555555555556,6.02631578947368,5.5,6,6.43478260869565,9,19,5,5,23,2729,1525,1204,445,427,2302,6.51730450714547,6.84554557377049,6.10155066445183,6.1347191011236,6.32204918032787,6.553522589053,53
"58",2018,5,6.61290322580645,31,7.03333333333333,6.21875,5.8,NA,6.61290322580645,15,16,5,0,31,2760,1540,1220,450,427,2333,6.51837826086956,6.84737467532468,6.10308770491803,6.131,6.32204918032787,6.55431161594514,54
"59",2018,6,6.48740740740741,27,6.84375,5.96909090909091,6.63333333333333,6.152,6.56363636363636,16,11,3,5,22,2787,1556,1231,453,432,2355,6.51807822030857,6.84733740359897,6.10189033306255,6.13432671081678,6.32008101851852,6.55439872611465,55
"60",2018,7,6.5,40,7.20454545454545,5.63888888888889,5.25,6.775,6.46944444444444,22,18,4,4,36,2827,1578,1249,457,436,2391,6.51782242660064,6.8523174904943,6.09521777421938,6.1265864332604,6.32425458715596,6.55311961522376,56
"61",2018,8,6.45625,32,6.71578947368421,6.07692307692308,7.5,6.66666666666667,6.43448275862069,19,13,1,3,29,2859,1597,1262,458,439,2420,6.5171332633788,6.85069317470257,6.095029318542,6.12958515283843,6.32659453302961,6.5516979338843,57
"62",2018,9,6.7962962962963,27,7.375,6.33333333333333,5.5,6.5,6.82,12,15,1,2,25,2886,1609,1277,459,441,2445,6.51974497574497,6.85460348042262,6.09782850430697,6.12821350762527,6.32738095238095,6.55444130879346,58
"63",2018,10,6.27272727272727,33,6.57894736842105,5.85714285714286,5.25,6,6.31034482758621,19,14,6,4,29,2919,1628,1291,465,445,2474,6.51695238095238,6.85138636363637,6.09521843532146,6.11688172043011,6.32443820224719,6.5515800323363,59
"64",2018,11,6.64,25,6.73076923076923,6.54166666666667,5.375,6,6.66666666666667,13,12,4,1,24,2944,1641,1303,469,446,2498,6.51799728260869,6.8504308348568,6.0993300076746,6.11055437100213,6.32371076233184,6.55268574859888,60
"65",2018,12,6.08076923076923,26,6.68823529411765,4.93333333333333,4.725,6.5,6.04583333333333,17,9,4,2,24,2970,1658,1312,473,448,2522,6.5141696969697,6.84876779252111,6.09133155487805,6.09883720930233,6.32449776785714,6.54786241078509,61
"66",2019,1,6.52982456140351,57,6.76944444444444,6.11904761904762,5.825,6.075,6.56415094339623,36,21,4,4,53,3027,1694,1333,477,452,2575,6.51446448629005,6.84708205430933,6.09176819204801,6.09654088050315,6.32228982300885,6.54819766990291,62
"67",2019,2,6.26388888888889,36,6.64285714285714,5.73333333333333,4,6.375,6.25,21,15,1,4,32,3063,1715,1348,478,456,2607,6.51151942539993,6.84458134110787,6.08777967359051,6.09215481171548,6.32275219298246,6.54453739930955,63
"68",2019,3,6.81034482758621,29,6.86111111111111,6.72727272727273,5.83333333333333,6.375,6.97619047619048,18,11,3,8,21,3092,1733,1359,481,464,2628,6.51432212160414,6.84475302942874,6.09295584988963,6.09054054054054,6.32365301724138,6.54798668188737,64
"69",2019,4,6.41333333333333,27,6.73111111111111,5.77777777777778,5.66666666666667,6.93333333333333,6.2647619047619,18,9,3,6,21,3119,1751,1368,484,470,2649,6.51344789996794,6.84358480868076,6.09088230994152,6.0879132231405,6.33143617021277,6.54574141185353,65
"70",2019,5,6.71666666666667,21,6.68636363636364,6.75,7.5,7,6.7025,11,10,2,1,20,3140,1762,1378,486,471,2669,6.51480700636943,6.84260329171396,6.09566545718433,6.09372427983539,6.33285562632696,6.54691607343574,66
"71",2019,6,6.80909090909091,22,7.15,6.4,5.5,6.5,6.84,12,10,2,2,20,3162,1774,1388,488,473,2689,6.51685452245414,6.84468263810598,6.09785806916427,6.09129098360656,6.33356236786469,6.54909594644849,67
"72",2019,7,6.36666666666667,21,6.51428571428571,6.07142857142857,NA,6.66666666666667,6.31666666666667,14,7,0,3,18,3183,1788,1395,488,476,2707,6.51586365064404,6.84209563758389,6.09772544802867,6.09129098360656,6.33566176470588,6.54755042482453,68
"73",2019,8,6.5368,25,6.91222222222222,5.57142857142857,3.5,6,6.61,18,7,2,3,22,3208,1806,1402,490,479,2729,6.51602680798005,6.84279457364341,6.09509771754636,6.08071428571429,6.33355949895616,6.54805386588494,69
"74",2019,9,6.43333333333333,27,6.95555555555556,5.38888888888889,4.6,6.76666666666667,6.39166666666667,18,9,3,3,24,3235,1824,1411,493,482,2753,6.51533663060278,6.84390734649123,6.09059319631467,6.07170385395538,6.33625518672199,6.54669051943335,70
"75",2019,10,6.58666666666667,30,6.72941176470588,6.4,5.925,6.61666666666667,6.57916666666667,17,13,4,6,24,3265,1841,1424,497,488,2777,6.51599203675344,6.84285008147746,6.09341783707865,6.070523138833,6.33970286885246,6.54697119193374,71
"76",2019,11,6.37931034482759,29,6.83333333333333,5.1875,5.25,7.375,6.22,21,8,2,4,25,3294,1862,1432,499,492,2802,6.51478870673952,6.84274274973147,6.08835684357542,6.06723446893788,6.34811991869919,6.54405389007852,72
"77",2019,12,6.32857142857143,35,7.02777777777778,5.58823529411765,5.28571428571429,6.5625,6.25925925925926,18,17,7,8,27,3329,1880,1449,506,500,2829,6.51283088014419,6.84451436170213,6.08248930296757,6.05642292490119,6.35155,6.5413358077059,73
"78",2020,1,6.641,27,6.8691875,6.30909090909091,7.2,8.13566666666667,6.45416666666667,16,11,2,3,24,3356,1896,1460,508,503,2853,6.51386203814064,6.84472257383966,6.08419657534247,6.0609251968504,6.36219085487078,6.54060252365931,74
"79",2020,2,6.18333333333333,27,6.91666666666667,5.26666666666667,5.5,6.33333333333333,6.16458333333333,15,12,1,3,24,3383,1911,1472,509,506,2877,6.51122406148389,6.84528728414443,6.07753192934783,6.0598231827112,6.36201976284585,6.53746576294752,75
"80",2020,3,6.41593552631579,38,6.5352775,6.28333333333333,6.5,7,6.3834875,20,18,4,2,36,3421,1931,1490,513,508,2913,6.51016560947091,6.84207641118592,6.08001812080537,6.06325536062378,6.36453149606299,6.5355628389976,76
"81",2020,4,6.46269510638298,47,6.94392176470588,6.19,5.2,6.41666666666667,6.46943097560976,17,30,5,6,41,3468,1948,1520,518,514,2954,6.50952226643598,6.84296520533881,6.08218881578948,6.05492277992278,6.36514007782101,6.53464496276236,77
"82",2020,5,6.3841269047619,42,6.66296277777778,6.175,4.5,5.875,6.43771921052632,18,24,3,4,38,3510,1966,1544,521,518,2992,6.50802180911681,6.84131716683622,6.08363147668394,6.04596928982726,6.36135521235521,6.53341395387701,78
"83",2020,6,6.33703703703704,27,7.0375,5.31818181818182,4.5,5.925,6.40869565217391,16,11,2,4,23,3537,1982,1555,523,522,3015,6.50671658184902,6.84290088294652,6.07821672025724,6.04005736137668,6.35801149425287,6.53246253731344,79
"84",2020,7,6.47878787878788,33,6.92,6.11111111111111,6.66666666666667,6.66666666666667,6.46,15,18,3,3,30,3570,1997,1573,526,525,3045,6.50645841736694,6.84347999499249,6.07859313413859,6.04363117870723,6.35977523809524,6.53174862068966,80
"85",2020,8,6.82424242424242,33,6.81904761904762,6.83333333333333,7,7.4,6.72142857142857,21,12,2,5,28,3603,2018,1585,528,530,3073,6.5093690119345,6.84322574331021,6.08430725552051,6.04725378787879,6.36958867924528,6.53347691181256,81
"86",2020,9,6.20967741935484,31,6.50666666666667,5.93125,5.5,6.31666666666667,6.184,15,16,2,6,25,3634,2033,1601,530,536,3098,6.50681247936158,6.84074252336449,6.08277763897564,6.04518867924529,6.36899626865672,6.53065673014849,82
"87",2020,10,6.29066666666667,30,6.70666666666667,5.66666666666667,7,7.43,6.11538461538461,18,12,1,4,26,3664,2051,1613,531,540,3124,6.50504272652838,6.83956584592882,6.07968195908246,6.0469868173258,6.37685555555556,6.52720056017926,83
"88",2020,11,5.91310344827586,29,5.85294117647059,5.99833333333333,5,5.75,5.92518518518519,17,12,1,2,27,3693,2068,1625,532,542,3151,6.5003944083401,6.83145529497099,6.07908123076923,6.04501879699248,6.37454243542436,6.52204206601079,84
"89",2020,12,6.41944444444444,36,6.86666666666667,6.1,5.76666666666667,7.04285714285714,6.26896551724138,15,21,3,7,29,3729,2083,1646,535,549,3180,6.49961291230893,6.83170885741719,6.07934811664642,6.04345794392524,6.38306375227687,6.51973413522013,85
"90",2021,1,6.7975,40,6.836,6.73333333333333,6,6.16666666666667,6.98064516129032,25,15,2,9,31,3769,2108,1661,537,558,3211,6.50277435659326,6.83175974857685,6.08525406381698,6.04329608938548,6.37957347670251,6.52418391466833,86
"91",2021,2,6.30535714285714,28,6.875,6.0775,6.5,6.1,6.35,8,20,4,5,23,3797,2116,1681,541,563,3234,6.50131855412167,6.83192322778828,6.08516180844735,6.04667282809612,6.37709058614565,6.52294512987013,87
"92",2021,3,6.37614705882353,34,6.59415789473684,6.1,6.33333333333333,6.44128571428571,6.35925925925926,19,15,3,7,27,3831,2135,1696,544,570,3261,6.50020766118507,6.82980728337237,6.08529304245283,6.04825367647059,6.37787894736842,6.52158986507207,88
"93",2021,4,6.47166666666667,30,6.82666666666667,6.11666666666667,5.375,5.83333333333333,6.63125,15,15,2,6,24,3861,2150,1711,546,576,3285,6.4999858974359,6.82978537209303,6.08556808883694,6.04578754578755,6.37220659722222,6.52239103500761,89
"94",2021,5,6.34090909090909,22,6.58333333333333,6.05,5.33333333333333,6.875,6.22222222222222,12,10,3,4,18,3883,2162,1721,549,580,3303,6.49908461241308,6.82841746068455,6.08536141778036,6.04189435336977,6.37567413793104,6.52075523766273,90
"95",2021,6,6.12962962962963,27,6.61111111111111,5.88888888888889,6.16666666666667,5.75,6.19565217391304,9,18,3,4,23,3910,2171,1739,552,584,3326,6.4965333887468,6.82751660525104,6.0833277745831,6.04257246376812,6.37138869863014,6.51850708057727,91
"96",2021,7,6.44444444444444,18,7.375,5.7,5,7.66666666666667,6.2,8,10,1,3,15,3928,2179,1749,553,587,3341,6.49629469195519,6.82952664066086,6.08113607775872,6.04068716094033,6.37800851788757,6.5170770876983,92
"97",2021,8,6.43583333333333,24,6.80428571428571,5.92,5.7,6.1,6.52421052631579,14,10,1,5,19,3952,2193,1759,554,592,3360,6.49592751771255,6.82936550387597,6.0802200113701,6.04007220216607,6.37566047297297,6.51711742559524,93
"98",2021,9,6.12592592592593,27,6.38461538461539,5.88571428571429,6,6.175,6.11739130434783,13,14,1,4,23,3979,2206,1773,555,596,3383,6.49341682583564,6.82674458295558,6.07868415115623,6.04,6.37431375838926,6.51439980786285,94
"99",2021,10,6.28666666666667,30,7.08666666666667,5.48666666666667,3.25,6.93333333333333,6.21481481481482,15,15,2,3,27,4009,2221,1788,557,599,3410,6.49186968071838,6.82850002251238,6.07371756152125,6.02998204667864,6.37711352253756,6.51202772727273,95
"100",2021,11,6.6125,24,6.83636363636364,6.42307692307692,6.66666666666667,7.16666666666667,6.53333333333333,11,13,3,3,21,4033,2232,1801,560,602,3431,6.49258754029259,6.82853877688172,6.07623931149362,6.03339285714286,6.38104817275748,6.51215813174002,96
"101",2021,12,6.24516129032258,31,6.45294117647059,5.99285714285714,5.25,6.875,6.15185185185185,17,14,4,4,27,4064,2249,1815,564,606,3458,6.49070018454724,6.82569966651845,6.07559614325069,6.02783687943263,6.38430858085809,6.50934486697513,97
"102",2022,1,5.82142857142857,42,6.18,5.29411764705882,3.66666666666667,5.56666666666667,5.84102564102564,25,17,3,3,39,4106,2274,1832,567,609,3497,6.48385424987823,6.81860094547054,6.06834443231441,6.01534391534392,6.38028078817734,6.50189149270804,98
"103",2022,2,6.08757575757576,33,6.26428571428571,5.95736842105263,5.5,5.91666666666667,6.12555555555556,14,19,2,6,27,4139,2288,1851,569,615,3524,6.48069474510751,6.81520915646853,6.06720529443544,6.01353251318102,6.37575772357724,6.49900810158911,99
"104",2022,3,6.30952380952381,21,6.85,5.81818181818182,5.8,6,6.36111111111111,10,11,5,3,18,4160,2298,1862,574,618,3542,6.47983066105769,6.81536055265448,6.06573415682062,6.0116724738676,6.37393365695793,6.49830732636928,100
"105",2022,4,6.50004347826087,23,6.75,6.30776923076923,8,6.625,6.47373684210526,10,13,1,4,19,4183,2308,1875,575,622,3561,6.47994180014344,6.81507736135182,6.06741226666667,6.01513043478261,6.37554823151126,6.49817622858748,101
"106",2022,5,7,15,7.3125,6.64285714285714,6.5,6,7.07142857142857,8,7,2,1,14,4198,2316,1882,577,623,3575,6.4818000357313,6.81679557426598,6.06955260361318,6.01681109185442,6.37494542536116,6.50042113286713,102
"107",2022,6,5.954,25,6.59375,5.65294117647059,5,6.4375,5.86190476190476,8,17,2,4,21,4223,2324,1899,579,627,3596,6.47867547951693,6.81602777538727,6.06582306477093,6.013298791019,6.37534449760766,6.496692310901,103
"108",2022,7,6.47368421052632,19,6.33333333333333,6.6,NA,5.5,6.65625,9,10,0,3,16,4242,2333,1909,579,630,3612,6.47865312352664,6.81416568795543,6.06862126767941,6.013298791019,6.37117619047619,6.49739910022149,104
"109",2022,8,6.86595238095238,21,6.716875,6.95769230769231,NA,8.8675,6.65526315789474,8,13,0,2,19,4263,2341,1922,579,632,3631,6.48056100164203,6.81383321230244,6.07463475546306,6.013298791019,6.37907594936709,6.49822515835858,105
"110",2022,9,6.57368421052632,19,7.35714285714286,6.11666666666667,6,5,6.75882352941176,7,12,1,2,17,4282,2348,1934,580,634,3648,6.48097420597851,6.81545295996593,6.0748955532575,6.01327586206897,6.37472555205048,6.49943956962719,106
"111",2022,10,6.5037037037037,27,6.76923076923077,6.25714285714286,6.5,8,6.44615384615385,13,14,2,1,26,4309,2361,1948,582,635,3674,6.48111662798793,6.8151984540449,6.07620533880904,6.01494845360825,6.37728503937008,6.49906247958628,107
"112",2022,11,6.47181818181818,22,7.0625,6.13428571428571,7.4,6,6.49428571428571,8,14,1,1,21,4331,2369,1962,583,636,3695,6.48106939505888,6.81603357956944,6.07661977573904,6.01732418524872,6.37669182389937,6.49903533152909,108
"113",2022,12,6.60115384615385,26,7.13636363636364,6.20866666666667,NA,6,6.71045454545455,11,15,0,4,22,4357,2380,1977,583,640,3717,6.48178598806518,6.81751409663866,6.07762164896308,6.01732418524872,6.3743375,6.50028666935701,109
