"","year","month","avg_rating","no_ratings","avg_rating_owned","avg_rating_not_owned","avg_rating_prev_owned","avg_rating_comment","avg_rating_no_comment","no_ratings_owned","no_ratings_not_owned","no_ratings_prev_owned","no_ratings_comment","no_ratings_no_comment","cum_no_ratings","cum_no_ratings_owned","cum_no_ratings_not_owned","cum_no_ratings_prev_owned","cum_no_ratings_comment","cum_no_ratings_no_comment","cum_avg_rating","cum_avg_rating_owned","cum_avg_rating_not_owned","cum_avg_rating_prev_owned","cum_avg_rating_comment","cum_avg_rating_no_comment","month_after_release"
"1",2013,8,9.5,1,9.5,NA,NA,NA,9.5,1,0,0,0,1,1,1,0,0,0,1,9.5,9.5,NA,NA,NA,9.5,-2
"2",2013,9,6.5,2,NA,6.5,NA,3,10,0,2,0,1,1,3,1,2,0,1,2,7.5,9.5,6.5,NA,3,9.75,-1
"3",2013,10,7.375,68,8.59615384615385,6.61904761904762,7.91428571428571,7.35,7.37931034482759,26,42,7,10,58,71,27,44,7,11,60,7.38028169014085,8.62962962962963,6.61363636363636,7.91428571428572,6.95454545454545,7.45833333333333,0
"4",2013,11,6.93993506493506,154,8.17068965517241,6.19635416666667,7.11875,6.66285714285714,7.02142857142857,58,96,16,35,119,225,85,140,23,46,179,7.07888888888889,8.31647058823529,6.3275,7.36086956521739,6.73260869565217,7.16787709497207,1
"5",2013,12,7.00537190082645,121,7.8622641509434,6.3375,6.86666666666667,6.84230769230769,7.05,53,68,15,26,95,346,138,208,38,72,274,7.05317919075144,8.14202898550725,6.33076923076923,7.16578947368421,6.77222222222222,7.12700729927007,2
"6",2014,1,7.37456140350877,114,8.19047619047619,6.36666666666667,6.86666666666667,7.21428571428571,7.42674418604651,63,51,15,28,86,460,201,259,53,100,360,7.13282608695652,8.15721393034826,6.33783783783784,7.0811320754717,6.896,7.19861111111111,3
"7",2014,2,7.47727272727273,88,8.03137254901961,6.71351351351351,6.83333333333333,7.30882352941176,7.51760563380282,51,37,9,17,71,548,252,296,62,117,431,7.18813868613139,8.13174603174603,6.3847972972973,7.04516129032258,6.95598290598291,7.25116009280742,4
"8",2014,3,7.07051282051282,78,7.80142857142857,6.47558139534884,6.89285714285714,6.38461538461539,7.20769230769231,35,43,14,13,65,626,287,339,76,130,496,7.17348242811502,8.09146341463415,6.39631268436578,7.01710526315789,6.89884615384615,7.24546370967742,5
"9",2014,4,7.13888888888889,81,8.17241379310345,6.5625,6.65384615384615,6.52631578947368,7.32661290322581,29,52,13,19,62,707,316,391,89,149,558,7.16951909476662,8.09889240506329,6.41841432225064,6.96404494382022,6.85134228187919,7.25448028673835,6
"10",2014,5,7.33943661971831,71,8.14833333333333,6.74756097560976,6.375,7.021875,7.43181818181818,30,41,8,16,55,778,346,432,97,165,613,7.18502570694088,8.10317919075144,6.44965277777778,6.91546391752577,6.86787878787879,7.27039151712887,7
"11",2014,6,7.3730612244898,49,8.0432,6.675,7.03333333333333,7.76,7.29756097560976,25,24,6,8,41,827,371,456,103,173,654,7.19616686819831,8.09913746630728,6.46151315789474,6.92233009708738,6.90913294797688,7.27209480122324,8
"12",2014,7,7.24609375,64,8.11206896551724,6.52857142857143,6.79166666666667,6.45833333333333,7.42788461538461,29,35,12,12,52,891,400,491,115,185,706,7.19975308641975,8.100075,6.4662932790224,6.90869565217391,6.87989189189189,7.28356940509915,9
"13",2014,8,6.8665625,64,7.815625,5.9175,6.5,7.04,6.8134693877551,32,32,8,15,49,955,432,523,123,200,755,7.17742408376963,8.07900462962963,6.43271510516252,6.88211382113821,6.8919,7.25305960264901,10
"14",2014,9,7.20948275862069,58,7.72142857142857,6.73166666666667,6.80625,8,6.95795454545455,28,30,8,14,44,1013,460,553,131,214,799,7.1792596248766,8.05723913043478,6.44893309222423,6.87748091603053,6.96439252336449,7.2368085106383,11
"15",2014,10,7.14492753623188,69,7.825,6.55675675675676,7.14166666666667,6.36363636363636,7.29310344827586,32,37,12,11,58,1082,492,590,143,225,857,7.17707024029575,8.04213414634146,6.45569491525424,6.89965034965035,6.93502222222222,7.24061843640607,12
"16",2014,11,6.88115942028985,69,7.96153846153846,6.22790697674419,6.94615384615385,7.61111111111111,6.77166666666667,26,43,13,9,60,1151,518,633,156,234,917,7.15933101650738,8.0380888030888,6.44022116903633,6.90352564102564,6.96102564102564,7.20993456924755,13
"17",2014,12,7.14848484848485,99,7.85,6.58727272727273,7.04545454545455,7.91176470588235,6.99024390243902,44,55,11,17,82,1250,562,688,167,251,999,7.158472,8.02336298932384,6.45197674418605,6.91287425149701,7.02541832669323,7.1919019019019,14
"18",2015,1,7.36179245283019,106,8.13163265306122,6.7,7.44444444444444,7.18888888888889,7.39715909090909,49,57,9,18,88,1356,611,745,176,269,1087,7.17436578171091,8.03204582651391,6.47095302013423,6.94005681818182,7.03635687732342,7.20851885924563,15
"19",2015,2,6.95523255813954,86,7.73658536585366,6.24333333333333,6.94444444444444,6.4,7.02828947368421,41,45,18,10,76,1442,652,790,194,279,1163,7.16129680998613,8.01346625766871,6.45798734177215,6.94046391752577,7.01354838709677,7.19674118658641,16
"20",2015,3,7.28208791208791,91,8.04073170731707,6.66,6.08461538461538,7.07142857142857,7.32038961038961,41,50,13,14,77,1533,693,840,207,293,1240,7.1684670580561,8.01507936507936,6.4700119047619,6.88671497584541,7.01631399317406,7.20441935483871,17
"21",2015,4,7.32534246575342,73,8.06805555555556,6.6027027027027,6.5,7.23529411764706,7.35267857142857,36,37,9,17,56,1606,729,877,216,310,1296,7.17559775840598,8.01769547325103,6.47561003420753,6.87060185185185,7.02832258064516,7.21082561728395,18
"22",2015,5,7.35703125,64,7.9551724137931,6.86142857142857,7.525,7.97222222222222,7.25636363636364,29,35,10,9,55,1670,758,912,226,319,1351,7.18255089820359,8.01530343007915,6.49041666666667,6.89955752212389,7.05495297805643,7.21267949666913,19
"23",2015,6,7.27674418604651,86,7.8025,6.8195652173913,6.725,7.55384615384615,7.22739726027397,40,46,12,13,73,1756,798,958,238,332,1424,7.18716400911162,8.00463659147869,6.50622129436326,6.89075630252101,7.07448795180723,7.21343398876405,20
"24",2015,7,7.35438596491228,57,8.05625,6.84393939393939,6.95454545454545,7.13636363636364,7.40652173913043,24,33,11,11,46,1813,822,991,249,343,1470,7.19242140099283,8.00614355231144,6.51746720484359,6.89357429718875,7.076472303207,7.21947619047619,21
"25",2015,8,7.22712328767123,73,7.952,6.34848484848485,7.27777777777778,7.36181818181818,7.20322580645161,40,33,9,11,62,1886,862,1024,258,354,1532,7.19376458112407,8.00363109048724,6.512021484375,6.90697674418605,7.08533898305085,7.21881853785901,22
"26",2015,9,7.24351851851852,54,8.20416666666667,6.475,6.90714285714286,7.40714285714286,7.21914893617021,24,30,7,7,47,1940,886,1054,265,361,1579,7.19514948453608,8.00906320541761,6.51096774193548,6.90698113207547,7.09157894736842,7.21882837238759,23
"27",2015,10,7.31585858585859,99,7.9974,6.62040816326531,6.79411764705882,7.52611111111111,7.26913580246914,50,49,17,18,81,2039,936,1103,282,379,1660,7.20101029916626,8.00844017094017,6.51582955575703,6.90017730496454,7.11221635883905,7.22128313253012,24
"28",2015,11,7.09539473684211,76,8.2875,6.0225,6.15,6.65,7.16287878787879,36,40,10,10,66,2115,972,1143,292,389,1726,7.19721513002364,8.01877572016461,6.49856517935258,6.87448630136986,7.10033419023136,7.21904982618772,25
"29",2015,12,7.31494845360825,97,7.92454545454545,6.51666666666667,6.52727272727273,7.57222222222222,7.25632911392405,55,42,11,18,79,2212,1027,1185,303,407,1805,7.20237793851718,8.01372930866602,6.49920675105485,6.86188118811881,7.12120393120393,7.22068144044321,26
"30",2016,1,7.06767676767677,99,7.70681818181818,6.55636363636364,6.83,7.71666666666667,6.97816091954023,44,55,20,12,87,2311,1071,1240,323,419,1892,7.19660752920814,8.00112044817927,6.50174193548387,6.85990712074303,7.13825775656324,7.20952959830867,27
"31",2016,2,7.33846153846154,65,7.88974358974359,6.51153846153846,6.33333333333333,7,7.39285714285714,39,26,6,9,56,2376,1110,1266,329,428,1948,7.20048821548822,7.99720720720721,6.50194312796208,6.85030395136778,7.13535046728972,7.21479979466119,28
"32",2016,3,7.31066666666667,60,7.87225806451613,6.71034482758621,6.75384615384615,7.79454545454545,7.20204081632653,31,29,13,11,49,2436,1141,1295,342,439,1997,7.20320197044335,7.99381244522349,6.50661003861004,6.84663742690059,7.15186788154897,7.21448673009514,29
"33",2016,4,7.20258620689655,58,7.89038461538462,6.64375,7.00909090909091,7.43333333333333,7.17596153846154,26,32,11,6,52,2494,1167,1327,353,445,2049,7.20318765036087,7.99150814053128,6.50991710625471,6.85169971671388,7.15566292134831,7.21350902879453,30
"34",2016,5,7.0484126984127,63,8.06896551724138,6.17794117647059,5.3,6.94444444444444,7.06574074074074,29,34,5,9,54,2557,1196,1361,358,454,2103,7.19937426671881,7.99338628762542,6.50162380602498,6.83002793296089,7.15147577092511,7.20971469329529,31
"35",2016,6,7.09358208955224,67,7.72026315789474,6.27241379310345,6.475,7.25,7.06614035087719,38,29,8,10,57,2624,1234,1390,366,464,2160,7.19667301829268,7.98497568881686,6.4968417266187,6.82226775956284,7.15359913793103,7.20592592592593,32
"36",2016,7,7.0609375,64,7.6,6.61428571428571,7.08,7.5,7.01551724137931,29,35,10,6,58,2688,1263,1425,376,470,2218,7.1934412202381,7.97613618368963,6.49972631578947,6.82912234042553,7.15802127659574,7.20094679891794,33
"37",2016,8,7.46142857142857,56,7.80114285714286,6.8952380952381,6.2,7.475,7.45847826086957,35,21,3,10,46,2744,1298,1446,379,480,2264,7.19891034985423,7.97141756548536,6.50547026279391,6.82414248021108,7.164625,7.20617932862191,34
"38",2016,9,7.38653846153846,52,7.83888888888889,7.14705882352941,7,6,7.442,18,34,5,2,50,2796,1316,1480,384,482,2314,7.20239985693848,7.96960486322189,6.52020945945946,6.82643229166667,7.15979253112033,7.21127484874676,35
"39",2016,10,7.34206349206349,63,7.83421052631579,6.594,7.25,7.55555555555556,7.30648148148148,38,25,6,9,54,2859,1354,1505,390,491,2368,7.20547743966422,7.96580502215657,6.52143521594684,6.83294871794872,7.16704684317719,7.21344594594595,36
"40",2016,11,7.06507936507936,63,7.78,6.41515151515152,6.72,6.66666666666667,7.10701754385965,30,33,5,6,57,2922,1384,1538,395,497,2425,7.20245037645448,7.9617774566474,6.51915474642393,6.83151898734177,7.1610060362173,7.21094432989691,37
"41",2016,12,7.01492537313433,67,7.46428571428571,6.69230769230769,6.17857142857143,6.46153846153846,7.14814814814815,28,39,14,13,54,2989,1412,1577,409,510,2479,7.1982469053195,7.95191218130312,6.5234369055168,6.80916870415648,7.14317647058823,7.20957644211375,38
"42",2017,1,7.2120253164557,79,7.7,6.37068965517241,6.73076923076923,6.25,7.32042253521127,50,29,13,8,71,3068,1462,1606,422,518,2550,7.19860169491525,7.94329685362517,6.52067870485679,6.80675355450237,7.12938223938224,7.21266274509804,39
"43",2017,2,7.4425,60,8.07321428571429,6.890625,7.58333333333333,8.235,7.284,28,32,12,10,50,3128,1490,1638,434,528,2600,7.20328005115089,7.94573825503356,6.52790598290598,6.82822580645161,7.15032196969697,7.21403461538461,40
"44",2017,3,7.35079365079365,63,7.884375,6.8,6.84,8.375,7.28135593220339,32,31,5,4,59,3191,1522,1669,439,532,2659,7.20619241617048,7.94444809461235,6.53295985620132,6.82835990888383,7.15953007518797,7.21552839413313,41
"45",2017,4,7.15848484848485,66,7.59727272727273,6.71969696969697,6.625,7.41375,7.12327586206897,33,33,8,8,58,3257,1555,1702,447,540,2717,7.20522566779245,7.93708038585209,6.53658049353701,6.82472035794183,7.16329629629629,7.21355907250644,42
"46",2017,5,7.1640350877193,57,7.81290322580645,6.39038461538462,6.725,6.69285714285714,7.23,31,26,6,7,50,3314,1586,1728,453,547,2767,7.2045171997586,7.93465321563682,6.53438078703704,6.8233995584989,7.1572760511883,7.2138561619082,43
"47",2017,6,6.96491228070175,57,7.99615384615385,6.1,5.86363636363636,5.74,7.08269230769231,26,31,11,5,52,3371,1612,1759,464,552,2819,7.20046573716998,7.93564516129032,6.526725412166,6.80064655172414,7.1444384057971,7.21143667967364,44
"48",2017,7,7.28274193548387,62,7.98484848484848,6.48379310344828,7.11111111111111,7.00230769230769,7.35714285714286,33,29,9,13,49,3433,1645,1788,473,565,2868,7.20195164579085,7.93663221884499,6.52602908277405,6.80655391120507,7.14116814159292,7.21392608089261,45
"49",2017,8,7,69,7.52857142857143,6.17777777777778,5.54545454545455,7.0625,6.99180327868852,42,27,11,8,61,3502,1687,1815,484,573,2929,7.19797258709309,7.92647302904564,6.52084848484848,6.77789256198347,7.14006980802792,7.20930010242403,46
"50",2017,9,7.27409836065574,61,7.85428571428571,6.49307692307692,7.05555555555556,7.79666666666667,7.10369565217391,35,26,9,15,46,3563,1722,1841,493,588,2975,7.199275891103,7.92500580720093,6.52045627376426,6.78296146044625,7.15681972789115,7.20766722689076,47
"51",2017,10,6.59138333333333,60,7.32439285714286,5.95,6.25,7,6.50966,28,32,8,10,50,3623,1750,1873,501,598,3025,7.18920866685067,7.915396,6.51071009076348,6.77445109780439,7.15419732441471,7.19612991735537,48
"52",2017,11,6.79054054054054,74,7.54444444444444,6.07631578947368,6.65,7.125,6.75,36,38,10,8,66,3697,1786,1911,511,606,3091,7.18122883418988,7.90791881298992,6.50207221350078,6.7720156555773,7.15381188118812,7.18660401164672,49
"53",2017,12,7.36319696969697,66,7.92894594594595,6.64137931034483,6.57142857142857,6.2,7.45854098360656,37,29,7,5,61,3763,1823,1940,518,611,3152,7.18442040924794,7.90834558420187,6.50415463917526,6.76930501930502,7.14600654664484,7.19186675126904,50
"54",2018,1,7.54457831325301,83,7.8468085106383,7.15,7.45833333333333,7.58333333333333,7.53802816901408,47,36,12,12,71,3846,1870,1976,530,623,3223,7.19219292771711,7.90679893048128,6.51592105263158,6.78490566037736,7.15443017656501,7.1994923983866,51
"55",2018,2,7.1875,48,8.02083333333333,6.35416666666667,7.08333333333333,7.4,7.13157894736842,24,24,6,10,38,3894,1894,2000,536,633,3261,7.19213507960965,7.9082439281943,6.51398,6.78824626865672,7.15830963665087,7.19870101195952,52
"56",2018,3,7.70185185185185,54,8.02941176470588,7.145,6.98333333333333,8.31428571428571,7.61063829787234,34,20,6,7,47,3948,1928,2020,542,640,3308,7.19910688956434,7.91038070539419,6.52022772277228,6.79040590405904,7.170953125,7.20455380894801,53
"57",2018,4,7.46595744680851,47,8.28181818181818,6.748,6.25,8.2,7.37857142857143,22,25,4,5,42,3995,1950,2045,546,645,3350,7.20224630788486,7.91457128205128,6.52301222493887,6.78644688644689,7.17893023255814,7.20673552238806,54
"58",2018,5,7.18633802816901,71,8.20891891891892,6.07352941176471,7.16666666666667,8.05714285714286,7.09109375,37,34,3,7,64,4066,1987,2079,549,652,3414,7.20196851942941,7.92005234021137,6.51566137566137,6.78852459016393,7.18835889570552,7.20456766256591,55
"59",2018,6,7.00017543859649,57,7.75862068965517,6.21464285714286,7.23571428571429,6.5,7.05901960784314,29,28,7,6,51,4123,2016,2107,556,658,3465,7.19917875333495,7.91773015873016,6.51166112956811,6.79415467625899,7.1820820668693,7.2024253968254,56
"60",2018,7,7.10689655172414,58,7.69375,6.38461538461539,6,7.29230769230769,7.05333333333333,32,26,8,13,45,4181,2048,2133,564,671,3510,7.19789858885434,7.91423046875,6.51011251758087,6.78289007092199,7.18421758569299,7.20051396011396,57
"61",2018,8,6.93809523809524,42,7.665,6.27727272727273,7.025,7.15454545454545,6.86129032258065,20,22,4,11,31,4223,2068,2155,568,682,3541,7.19531470518589,7.91182011605416,6.50773549883991,6.78459507042253,7.18373900293255,7.19754419655465,58
"62",2018,9,7.08783783783784,37,7.70833333333333,6.5,7.125,8.33333333333333,6.97794117647059,18,19,4,3,34,4260,2086,2174,572,685,3575,7.19438122065728,7.91006423777565,6.50766789328427,6.78697552447552,7.18877372262773,7.19545566433567,59
"63",2018,10,7.35483870967742,62,7.95588235294118,6.625,7,8,7.25925925925926,34,28,9,8,54,4322,2120,2202,581,693,3629,7.1966830171217,7.91079905660377,6.50915985467756,6.79027538726334,7.19813852813853,7.19640507026729,60
"64",2018,11,6.9599387755102,49,7.67552173913043,6.32692307692308,5.7,7.56666666666667,6.92036956521739,23,26,5,3,46,4371,2143,2228,586,696,3675,7.19402905513612,7.90827391507233,6.50703321364452,6.78097269624573,7.19972701149425,7.19294993197279,61
"65",2018,12,6.76964285714286,56,7.77142857142857,5.76785714285714,5.5625,7.67142857142857,6.64081632653061,28,28,8,7,49,4427,2171,2256,594,703,3724,7.1886607183194,7.90650898203593,6.49785904255319,6.76456228956229,7.20442389758179,7.18568501611171,62
"66",2019,1,6.90782051282051,78,7.4921052631579,6.35275,6.25,7.11538461538461,6.86630769230769,38,40,10,13,65,4505,2209,2296,604,716,3789,7.18379822419534,7.89938026256225,6.49533101045296,6.75604304635761,7.20280726256983,7.1802061229876,63
"67",2019,2,7.58292682926829,41,8.22708333333333,6.67352941176471,7.16666666666667,7.80625,7.52878787878788,24,17,6,8,33,4546,2233,2313,610,724,3822,7.18739793224813,7.90290237348858,6.49664072632944,6.76008196721311,7.20947513812154,7.183215855573,64
"68",2019,3,7.18928571428571,56,7.82,6.46153846153846,6.74,8,7.10980392156863,30,26,5,5,51,4602,2263,2339,615,729,3873,7.1874209039548,7.90180335837384,6.49625053441642,6.75991869918699,7.21489711934156,7.18224916085722,65
"69",2019,4,7.30851063829787,47,7.90740740740741,6.5,5.83333333333333,7.75,7.24390243902439,27,20,6,6,41,4649,2290,2359,621,735,3914,7.18864508496451,7.90186943231441,6.49628232301823,6.75096618357488,7.21926530612245,7.18289499233521,66
"70",2019,5,6.92033898305085,59,7.808,6.26764705882353,6.86363636363636,7.51666666666667,6.76808510638298,25,34,11,12,47,4708,2315,2393,632,747,3961,7.18528271028037,7.90085572354212,6.49303384872545,6.75292721518987,7.22404283801874,7.17797298661954,67
"71",2019,6,7.13793103448276,29,7.84615384615385,6.5625,6.5,6.8,7.20833333333333,13,16,4,5,24,4737,2328,2409,636,752,3985,7.18499282246147,7.90055025773196,6.49349522623495,6.75133647798742,7.22122340425532,7.17815583437892,68
"72",2019,7,7.7,49,7.93235294117647,7.17333333333333,7.575,8.23333333333333,7.66521739130435,34,15,4,3,46,4786,2362,2424,640,755,4031,7.19026556623485,7.90100804403048,6.49770214521452,6.756484375,7.22524503311258,7.18371396675763,69
"73",2019,8,7.06475409836066,61,7.57333333333333,6.57258064516129,7,6.45,7.17115384615385,30,31,6,9,52,4847,2392,2455,646,764,4083,7.18868599133485,7.89689841137124,6.49864765784114,6.75874613003096,7.21611256544502,7.18355400440852,70
"74",2019,9,7.23720930232558,43,7.50869565217391,6.925,6.5375,7.78571428571429,7.13055555555556,23,20,8,7,36,4890,2415,2475,654,771,4119,7.18911267893661,7.89320124223603,6.50209292929293,6.75603975535168,7.2212840466926,7.18309079873756,71
"75",2019,10,7.15104166666667,48,7.74038461538461,6.45454545454545,6.94444444444444,7.1,7.15697674418605,26,22,9,5,43,4938,2441,2497,663,776,4162,7.18874260834346,7.8915735354363,6.50167400881057,6.75859728506787,7.22050257731958,7.18282099951946,72
"76",2019,11,6.81415094339623,53,7.32708333333333,6.38965517241379,6.61,7.58333333333333,6.71595744680851,24,29,10,6,47,4991,2465,2526,673,782,4209,7.18476477659788,7.88607748478702,6.50038796516231,6.75638930163447,7.22328644501278,7.17760774530768,73
"77",2019,12,7.14651162790698,43,7.84523809523809,6.47954545454545,6.31111111111111,6.325,7.23076923076923,21,22,9,4,39,5034,2486,2548,682,786,4248,7.18443802145411,7.88573250201126,6.50020800627943,6.75051319648094,7.21871501272264,7.17809580979284,74
"78",2020,1,7.08802816901408,71,7.64189189189189,6.48529411764706,5.89090909090909,8.07142857142857,6.98046875,37,34,11,7,64,5105,2523,2582,693,793,4312,7.1830971596474,7.88215655965121,6.50001161890008,6.73686868686869,7.2262421185372,7.17516256957328,75
"79",2020,2,7.03648648648649,37,7.91764705882353,6.2875,5.9,7.5,6.94677419354839,17,20,5,6,31,5142,2540,2602,698,799,4343,7.18204220147802,7.88239409448819,6.49837817063797,6.73087392550143,7.22829787234042,7.17353235090951,76
"80",2020,3,7.36035416666667,60,8.12889285714286,6.2844,6.70666666666667,6.95454545454545,7.45145408163265,35,25,3,11,49,5202,2575,2627,701,810,4392,7.18409885620915,7.8857445631068,6.49634183479254,6.73077032810271,7.22458024691358,7.17663302595628,77
"81",2020,4,7.22708333333333,48,7.85714285714286,6.345,5.975,7.75,7.17954545454545,28,20,4,4,44,5250,2603,2647,705,814,4436,7.18449185714286,7.88543689973108,6.49519833774084,6.72648226950354,7.22716216216216,7.17666191388638,78
"82",2020,5,7.54363636363636,55,7.90689655172414,7.13846153846154,6.85714285714286,7.95,7.45333333333333,29,26,7,10,45,5305,2632,2673,712,824,4481,7.18821531573987,7.88567334726444,6.50145529367751,6.72776685393258,7.23593446601942,7.1794403592948,79
"83",2020,6,7.12258064516129,31,7.93157894736842,5.84166666666667,3.5,6.41666666666667,7.292,19,12,2,6,25,5336,2651,2685,714,830,4506,7.18783400487256,7.8860023576009,6.49850651769087,6.71872549019608,7.23001204819277,7.18006485796716,80
"84",2020,7,7.33458333333333,48,8.17684210526316,6.78275862068966,6.75,6.64285714285714,7.45268292682927,19,29,4,7,41,5384,2670,2714,718,837,4547,7.18914231983655,7.88807200374532,6.50154384672071,6.71889972144847,7.22510155316607,7.18252303716736,81
"85",2020,8,7.02745098039216,51,7.616,6.46153846153846,7,6.625,7.10232558139535,25,26,4,8,43,5435,2695,2740,722,845,4590,7.18762506899724,7.88554814471243,6.50116423357664,6.72045706371191,7.21942011834319,7.18177173202614,82
"86",2020,9,7.02978723404255,47,7.88095238095238,6.34230769230769,6.65,6.75,7.05581395348837,21,26,6,4,43,5482,2716,2766,728,849,4633,7.18627184421744,7.88551261045655,6.49967100506146,6.71987637362637,7.21720848056537,7.18060268724369,83
"87",2020,10,7.1859649122807,57,7.72413793103448,6.62857142857143,7.3,7.775,7.08979591836735,29,28,4,8,49,5539,2745,2794,732,857,4682,7.18626868568334,7.88380774134791,6.5009627773801,6.72304644808743,7.22241540256709,7.17965233874413,84
"88",2020,11,7.0406779661017,59,7.684375,6.27777777777778,7.2,6.48888888888889,7.14,32,27,5,9,50,5598,2777,2821,737,866,4732,7.18473423544123,7.88150963269716,6.49882665721375,6.72628222523745,7.214792147806,7.17923335798817,85
"89",2020,12,6.82203389830508,59,7.21875,6.35185185185185,6.75,5.8,7.03061224489796,32,27,6,10,49,5657,2809,2848,743,876,4781,7.18095143185434,7.87395950516198,6.49743328651685,6.7264737550471,7.19864155251141,7.17771015477934,86
"90",2021,1,6.947256875,64,7.18121212121212,6.69820774193548,6.16666666666667,7.25,6.90400785714286,33,31,12,8,56,5721,2842,2879,755,884,4837,7.17833712462856,7.86591564039409,6.49959515109413,6.7175761589404,7.19910633484163,7.17454138722349,87
"91",2021,2,6.99,61,7.48166666666667,6.5141935483871,6.3,7.31272727272727,6.919,30,31,9,11,50,5782,2872,2910,764,895,4887,7.17635017122103,7.86190189763231,6.49975066666666,6.71265706806282,7.20050279329609,7.1719268856149,88
"92",2021,3,7.06962745098039,51,7.56565625,6.23421052631579,6.425,7.1875,7.0476976744186,32,19,8,8,43,5833,2904,2929,772,903,4930,7.17541705640322,7.85863748278237,6.49802814612496,6.70967616580311,7.20038759689922,7.17084334482759,89
"93",2021,4,6.84666666666667,60,7.492,6.38571428571429,6.57142857142857,7,6.80833333333333,25,35,7,12,48,5893,2929,2964,779,915,4978,7.17206986085186,7.85550810856948,6.49670190283401,6.70843388960205,7.19775956284153,7.16734786862194,90
"94",2021,5,7.28854166666667,48,8.45714285714286,6.37962962962963,4.33333333333333,5.92857142857143,7.52073170731707,21,27,3,7,41,5941,2950,2991,782,922,5019,7.17301088873927,7.85979093220339,6.4956450819124,6.69932225063938,7.18812364425162,7.17023464634389,91
"95",2021,6,7.445,40,8.05909090909091,6.69444444444444,6,7.78571428571429,7.37272727272727,22,18,3,7,33,5981,2972,3009,785,929,5052,7.1748299097141,7.86126623485868,6.49683431040213,6.69664968152866,7.19262648008611,7.17155734164687,92
"96",2021,7,7.1530303030303,33,7.684375,6.65294117647059,NA,7.04166666666667,7.17777777777778,16,17,0,6,27,6014,2988,3026,785,935,5079,7.1747102909877,7.86031902610442,6.49771131526768,6.69664968152866,7.19165775401069,7.17159040952944,93
"97",2021,8,7.29932075471698,53,7.72975,6.94310344827586,7.25,7.30466666666667,7.299,24,29,4,3,50,6067,3012,3055,789,938,5129,7.17579886105159,7.85927863545817,6.50193926022913,6.69945500633713,7.19201918976546,7.17283246051862,94
"98",2021,9,7.03777777777778,45,8.04,6.53666666666667,5.85714285714286,6.35714285714286,7.16315789473684,15,30,7,7,38,6112,3027,3085,796,945,5167,7.17478267179319,7.86017418235877,6.50227696596434,6.69204773869347,7.18583492063492,7.17276131023805,95
"99",2021,10,6.64457142857143,35,6.73473684210526,6.5375,6.75,8.48,6.33866666666667,19,16,4,5,30,6147,3046,3101,800,950,5197,7.17176373678217,7.8531540544977,6.50245870364398,6.6923375,7.19264631578947,7.16794644795074,96
"100",2021,11,6.86320754716981,53,7.60227272727273,6.33870967741935,7.25,7,6.83888888888889,22,31,4,8,45,6200,3068,3132,804,958,5242,7.16912607903226,7.85135503585397,6.50083794380587,6.6951119402985,7.1910375782881,7.16512165013354,97
"101",2021,12,7.0741935483871,62,7.5,6.675,6.71428571428571,7.16666666666667,7.04468085106383,30,32,7,15,47,6262,3098,3164,811,973,5289,7.16818615298627,7.8479526307295,6.50259938053097,6.6952774352651,7.19066187050359,7.16405136887881,98
"102",2022,1,7.20387916666667,72,7.61039318181818,6.56507142857143,8,6.4,7.26387014925373,44,28,1,5,67,6334,3142,3192,812,978,5356,7.16859188348595,7.84462589115213,6.50314738095238,6.6968842364532,7.18661963190184,7.16530003547424,99
"103",2022,2,7.05560975609756,41,7.30555555555556,6.86,5.45833333333333,6.53571428571429,7.16264705882353,18,23,6,7,34,6375,3160,3215,818,985,5390,7.16786525333333,7.84155523734177,6.50570029237947,6.68779951100244,7.18199390862944,7.16528330055659,100
"104",2022,3,7.50980392156863,51,7.99310344827586,6.87272727272727,6.58333333333333,6.63333333333333,7.56458333333333,29,22,6,3,48,6426,3189,3237,824,988,5438,7.17057905228758,7.84293338037002,6.50819476058078,6.68703883495145,7.18032793522267,7.1688078319235,101
"105",2022,4,7.06515151515152,33,7.39473684210526,6.61785714285714,6.9125,6.87857142857143,7.11538461538461,19,14,4,7,26,6459,3208,3251,828,995,5464,7.17004040718378,7.84027884975062,6.50866700707474,6.68812801932367,7.17820502512562,7.16855362188873,102
"106",2022,5,6.6375,48,7.29583333333333,5.97916666666667,5.66666666666667,6.7,6.63333333333333,24,24,3,3,45,6507,3232,3275,831,998,5509,7.16611203165822,7.8362359375,6.50478669923664,6.68444043321299,7.17676753507014,7.16418170085315,103
"107",2022,6,6.83914285714286,35,7.55882352941176,6.15944444444444,5,7.02833333333333,6.8,17,18,1,6,29,6542,3249,3293,832,1004,5538,7.16436273158056,7.83478441058787,6.50289901002125,6.68241586538461,7.17588047808765,7.16227464608162,104
"108",2022,7,7.2641935483871,31,8.03933333333333,6.5375,7.5,7.625,7.21074074074074,15,16,1,4,27,6573,3264,3309,833,1008,5565,7.16483356001826,7.83572443321078,6.50306631610758,6.68339735894357,7.17766269841269,7.16250979155436,105
"109",2022,8,6.77941176470588,34,7.48461538461538,6.34285714285714,4,7,6.77272727272727,13,21,2,1,33,6607,3277,3330,835,1009,5598,7.16285015740881,7.83433156850778,6.50205598798798,6.67697005988024,7.17748662041625,7.16021203822794,106
"110",2022,9,7.3975,36,7.8,6.894375,5.822,7,7.43363636363636,20,16,5,3,33,6643,3297,3346,840,1012,5631,7.16412178082192,7.83412330906885,6.50393199043634,6.67188095238095,7.1769604743083,7.16181441839815,107
"111",2022,10,7.31428571428571,35,8.02380952380952,6.25,5,6.6,7.43333333333333,21,14,1,5,30,6678,3318,3360,841,1017,5661,7.16490880353399,7.83532385473176,6.50287394047619,6.66989298454221,7.17412389380531,7.16325331036919,108
"112",2022,11,7.22692307692308,52,7.86785714285714,6.47916666666667,6,7.28571428571429,7.21777777777778,28,24,4,7,45,6730,3346,3384,845,1024,5706,7.1653879628529,7.83559609982068,6.5027058037825,6.66672189349112,7.17488671875,7.16368331405538,109
"113",2022,12,6.83977272727273,44,7.43095238095238,6.3,5.2,6.66666666666667,6.85243902439024,21,23,5,3,41,6774,3367,3407,850,1027,5747,7.16327295394154,7.83307233442233,6.5013373759906,6.65809411764706,7.17340214216163,7.16146284844267,110
