"","year","month","avg_rating","no_ratings","avg_rating_owned","avg_rating_not_owned","avg_rating_prev_owned","avg_rating_comment","avg_rating_no_comment","no_ratings_owned","no_ratings_not_owned","no_ratings_prev_owned","no_ratings_comment","no_ratings_no_comment","cum_no_ratings","cum_no_ratings_owned","cum_no_ratings_not_owned","cum_no_ratings_prev_owned","cum_no_ratings_comment","cum_no_ratings_no_comment","cum_avg_rating","cum_avg_rating_owned","cum_avg_rating_not_owned","cum_avg_rating_prev_owned","cum_avg_rating_comment","cum_avg_rating_no_comment","month_after_release"
"1",2014,1,8,1,8,NA,NA,NA,8,1,0,0,0,1,1,1,0,0,0,1,8,8,NA,NA,NA,8,-1
"2",2014,2,7.65,10,7.5,7.71428571428571,8,9.5,7.44444444444444,3,7,2,1,9,11,4,7,2,1,10,7.68181818181818,7.625,7.71428571428571,8,9.5,7.5,0
"3",2014,3,7.65833333333333,48,8.06206896551724,7.04210526315789,8,8.13,7.53421052631579,29,19,4,10,38,59,33,26,6,11,48,7.66271186440678,8.00909090909091,7.22307692307692,8,8.25454545454546,7.52708333333333,1
"4",2014,4,7.4979797979798,198,7.99007936507936,6.63680555555556,7.70666666666667,7.57745098039216,7.47040816326531,126,72,15,51,147,257,159,98,21,62,195,7.53579766536965,7.9940251572327,6.79234693877551,7.79047619047619,7.69758064516129,7.48435897435897,2
"5",2014,5,7.46927223719677,371,7.89163090128755,6.75615942028985,7.3375,7.226,7.5590405904059,233,138,24,100,271,628,392,236,45,162,466,7.49649681528662,7.93316326530612,6.77118644067797,7.54888888888889,7.40648148148148,7.52778969957081,3
"6",2014,6,7.76094919168591,433,8.13904109589041,6.97795035460993,7.41129032258065,7.57096774193548,7.81291470588235,292,141,31,93,340,1061,684,377,76,255,806,7.60442130065975,8.02105263157895,6.84851724137931,7.49276315789474,7.46647058823529,7.64806575682382,4
"7",2014,7,7.56568733153639,371,7.96231441048035,6.92605633802817,7.21571428571429,7.50560606060606,7.57868852459016,229,142,35,66,305,1432,913,519,111,321,1111,7.59438617318436,8.00631982475356,6.86973217726397,7.40540540540541,7.47451713395639,7.6290198019802,5
"8",2014,8,7.61675675675676,370,8.13177966101695,6.70970149253731,6.99615384615385,7.60569444444444,7.61942953020134,236,134,39,72,298,1802,1149,653,150,393,1409,7.5989794672586,8.03208877284595,6.83689280245023,7.299,7.49854961832061,7.6269914833215,6
"9",2014,9,7.47989417989418,378,7.90878661087866,6.74244604316547,6.89333333333333,7.23732394366197,7.53599348534202,239,139,30,71,307,2180,1388,792,180,464,1716,7.57833073394495,8.01085734870317,6.82031691919192,7.23138888888889,7.4585775862069,7.61071153846154,7
"10",2014,10,7.47488038277512,418,7.91507633587786,6.73557692307692,7.23333333333333,7.20060240963855,7.54283582089552,262,156,30,83,335,2598,1650,948,210,547,2051,7.56168629715166,7.99564848484848,6.8063723628692,7.23166666666667,7.41943327239488,7.59962506094588,8
"11",2014,11,7.59984340044743,447,7.98874125874126,6.90900621118012,7.00454545454545,7.56739130434783,7.6057671957672,286,161,33,69,378,3045,1936,1109,243,616,2429,7.56728768472906,7.99462809917355,6.82127231740307,7.20082304526749,7.43600649350649,7.60058089748868,9
"12",2014,12,7.66604051565378,543,8.01706989247312,6.90239766081871,7.09545454545455,7.51635135135135,7.68965884861407,372,171,44,74,469,3588,2308,1280,287,690,2898,7.58223272017837,7.9982452339688,6.83211015625,7.18466898954704,7.4446231884058,7.61499689440994,10
"13",2015,1,7.74935286935287,819,8.04014084507042,7.09131474103586,6.99188679245283,7.7872641509434,7.74371669004208,568,251,53,106,713,4407,2876,1531,340,796,3611,7.61329044701611,8.00651947148818,6.87460548661006,7.15461764705882,7.49025125628141,7.64041290501246,11
"14",2015,2,7.57368932038835,618,8.02515228426396,6.77959821428571,6.90714285714286,7.31375,7.61234200743494,394,224,49,80,538,5025,3270,1755,389,876,4149,7.60842009950249,8.00876452599388,6.8624792022792,7.12344473007712,7.47413242009132,7.63677295733912,12
"15",2015,3,7.60969305331179,619,7.98743781094527,6.90990783410138,7.27317073170732,7.44366666666667,7.63793950850662,402,217,41,90,529,5644,3672,1972,430,966,4678,7.60855970942594,8.00642973856209,6.86769827586207,7.13772093023256,7.47129399585921,7.63690487387773,13
"16",2015,4,7.57559121621622,592,7.96584766584767,6.71702702702703,7.00967741935484,7.36647058823529,7.61065088757396,407,185,31,85,507,6236,4079,2157,461,1051,5185,7.60542992302758,8.00238048541309,6.85477561427909,7.12911062906725,7.46281636536632,7.63433770491803,14
"17",2015,5,7.52643129770992,524,7.87783933518006,6.74815950920245,6.78888888888889,7.23277777777778,7.58732718894009,361,163,27,90,434,6760,4440,2320,488,1141,5619,7.59930636094675,7.9922545045045,6.8472849137931,7.1102868852459,7.44467134092901,7.63070670937889,15
"18",2015,6,7.5715543071161,534,7.8922514619883,7.0003125,7.00731707317073,7.28915492957746,7.6148596112311,342,192,41,71,463,7294,4782,2512,529,1212,6082,7.59727460926789,7.98510246758678,6.85898128980892,7.10230623818526,7.43556105610561,7.6295003288392,16
"19",2015,7,7.53266608391608,572,7.94072443181818,6.87977272727273,7.11829268292683,7.29158227848101,7.57129817444219,352,220,41,79,493,7866,5134,2732,570,1291,6575,7.59257640478007,7.9820597974289,6.8606555636896,7.10345614035088,7.42675058094501,7.62513627376426,17
"20",2015,8,7.5983707165109,642,7.993875,6.7847619047619,7.12837837837838,7.54625,7.60579003558719,432,210,37,80,562,8508,5566,2942,607,1371,7137,7.59301363422661,7.98297682357168,6.85523827328348,7.10497528830313,7.43372355944566,7.62361286254729,18
"21",2015,9,7.47550274223035,547,7.8568660968661,6.79255102040816,6.80810810810811,7.37266666666667,7.49184322033898,351,196,37,75,472,9055,5917,3138,644,1446,7609,7.58591496410823,7.9754958593882,6.85132281708094,7.08791925465839,7.43055670816044,7.61543895387042,19
"22",2015,10,7.54137362637363,546,7.85928977272727,6.96453608247423,6.85414634146341,7.51670588235294,7.54592190889371,352,194,41,85,461,9601,6269,3332,685,1531,8070,7.58338193938132,7.9689709682565,6.85791446578631,7.07392700729927,7.43533964728936,7.6114677819083,20
"23",2015,11,7.52282127031019,677,7.91057471264368,6.82582644628099,6.93513513513513,7.61976744186047,7.50871404399323,435,242,37,86,591,10278,6704,3574,722,1617,8661,7.57939287799183,7.96518183174224,6.85574174594292,7.06681440443213,7.44514842300557,7.60445618288881,21
"24",2015,12,7.55084337349398,830,7.86495495495496,6.91690909090909,7.01636363636364,7.7021978021978,7.53220568335589,555,275,55,91,739,11108,7259,3849,777,1708,9400,7.57725963269715,7.95751880424301,6.86011197713692,7.06324324324324,7.45884367681499,7.59877606382979,22
"25",2016,1,7.52210923535253,1007,7.91900949367089,6.8532,6.82767857142857,7.41296296296296,7.5352213570634,632,375,56,108,899,12115,7891,4224,833,1816,10299,7.57267552620718,7.95443454568496,6.85949834280303,7.04740696278512,7.45611508810573,7.59322837168657,23
"26",2016,2,7.59023076923077,650,7.93133802816901,6.94151785714286,7.01363636363636,7.37066666666667,7.61886956521739,426,224,44,75,575,12765,8317,4448,877,1891,10874,7.57356944770858,7.95325153300469,6.86362882194245,7.04571265678449,7.45272607086198,7.59458423763105,24
"27",2016,3,7.38391666666667,600,7.79146666666667,6.70466666666667,6.80217391304348,7.19718309859155,7.40897920604915,375,225,46,71,529,13365,8692,4673,923,1962,11403,7.56505529367752,7.94627162908422,6.85597496255082,7.0335752979415,7.44347859327217,7.58597377883013,25
"28",2016,4,7.50388127853881,657,7.82970183486239,6.86108597285068,6.94230769230769,7.59756097560976,7.49052173913043,436,221,26,82,575,14022,9128,4894,949,2044,11978,7.56218898873199,7.94070365907099,6.85620576215774,7.03107481559536,7.44965998043053,7.58139163466355,26
"29",2016,5,7.63433198380567,741,7.97964071856287,6.9135,6.89268292682927,7.37611111111111,7.67003072196621,501,240,41,90,651,14763,9629,5134,990,2134,12629,7.5658100657048,7.94272956693322,6.85888410596026,7.02534343434344,7.44655810684161,7.58596080449759,27
"30",2016,6,7.61859872611465,628,7.96059225512528,6.8242328042328,7.12714285714286,7.47594936708861,7.63912568306011,439,189,35,79,549,15391,10068,5323,1025,2213,13178,7.56796400493795,7.94350844259039,6.85765376667293,7.02881951219512,7.44760732037957,7.58817567157384,28
"31",2016,7,7.41904,625,7.76654135338346,6.80553097345133,6.21481481481481,7.30560975609756,7.43616942909761,399,226,27,82,543,16016,10467,5549,1052,2295,13721,7.56215247252747,7.93676249164039,6.85553090646963,7.00792775665399,7.44253376906318,7.58216011952482,29
"32",2016,8,7.41979020979021,715,7.76652173913044,6.7943137254902,6.69339622641509,6.95277777777778,7.48704,460,255,53,90,625,16731,10927,5804,1105,2385,14346,7.55606861514554,7.92959577194106,6.85284131633356,6.99284162895928,7.42405241090147,7.57801610204935,30
"33",2016,9,7.515,644,7.86564903846154,6.87521929824561,6.66666666666667,7.35,7.53642105263158,416,228,36,74,570,17375,11343,6032,1141,2459,14916,7.55454641726619,7.92725055100062,6.85368716843501,6.98255039439089,7.42182391215942,7.57642658889783,31
"34",2016,10,7.42951934523809,672,7.83319047619048,6.65887445887446,6.44459459459459,7.40764705882353,7.43268654173765,441,231,37,85,587,18047,11784,6263,1178,2544,15503,7.54989089599379,7.92373048200951,6.84650183618074,6.96565365025467,7.42135023584906,7.57098406759982,32
"35",2016,11,7.47701726263872,811,7.86446755725191,6.76961672473868,6.78409090909091,7.42506024096386,7.48294093406593,524,287,44,83,728,18858,12308,6550,1222,2627,16231,7.54675692013999,7.92120742606435,6.84313297709924,6.95911620294599,7.42146745336886,7.5670351179841,33
"36",2016,12,7.53182091346154,832,7.85213898916968,6.89348920863309,6.71176470588235,7.34760504201681,7.56256661991585,554,278,51,119,713,19690,12862,6828,1273,2746,16944,7.54612579989842,7.91823246773441,6.84518321616872,6.94920659858602,7.41826656955572,7.56684708451369,34
"37",2017,1,7.54854187689203,991,7.84003676470588,6.91118971061093,6.8804347826087,7.42342342342342,7.56432386363636,680,311,46,111,880,20681,13542,7139,1319,2857,17824,7.54624157439195,7.91430593708463,6.84805869169351,6.94680818802123,7.41846692334617,7.56672250897666,35
"38",2017,2,7.47111850865513,751,7.80288,6.8102390438247,6.68979591836735,7.61275510204082,7.44986217457887,500,251,49,98,653,21432,14042,7390,1368,2955,18477,7.54360918253079,7.91033834211651,6.84677415426252,6.93760233918129,7.424910321489,7.56259252043081,36
"39",2017,3,7.45178343949045,785,7.82836538461538,6.71283018867924,6.38488372093023,7.58645161290323,7.43368497109827,520,265,43,93,692,22217,14562,7655,1411,3048,19169,7.54036467569879,7.90741113857987,6.84213729588504,6.92075832742736,7.42983923884515,7.55793896395222,37
"40",2017,4,7.36823446327684,708,7.72765486725664,6.7336328125,6.81818181818182,7.42611111111111,7.35980582524272,452,256,44,90,618,22925,15014,7911,1455,3138,19787,7.53504872410033,7.90199953376848,6.83862609025408,6.91765635738832,7.42973231357553,7.55175074543893,38
"41",2017,5,7.39300138312586,723,7.77328947368421,6.74352059925094,6.74347826086957,7.25632911392405,7.40976708074534,456,267,46,79,644,23648,15470,8178,1501,3217,20431,7.53070585250338,7.89820562378798,6.83552103203717,6.91231845436376,7.4254740441405,7.54727531692037,39
"42",2017,6,7.42503154574132,634,7.78483790523691,6.80579399141631,6.55882352941176,7.29930555555556,7.44113879003559,401,233,34,72,562,24282,15871,8411,1535,3289,20993,7.52794670949675,7.89534125133892,6.83469753893711,6.90448859934853,7.42271207053816,7.5444339541752,40
"43",2017,7,7.45283098591549,710,7.81495535714286,6.83362595419847,6.49333333333333,7.44731182795699,7.45366288492707,448,262,45,93,617,24992,16319,8673,1580,3382,21610,7.52581274007682,7.89313444451253,6.83466516776202,6.89277848101266,7.42338852749852,7.54184229523369,41
"44",2017,8,7.37364511691884,727,7.80026030368764,6.63428571428571,6.47083333333333,7.49324324324324,7.36009188361409,461,266,48,74,653,25719,16780,8939,1628,3456,22263,7.52151141179672,7.89058289630513,6.8287024275646,6.88033783783784,7.42488425925926,7.53651134168801,42
"45",2017,9,7.43118476727786,709,7.81348416289593,6.79831460674157,6.49019607843137,7.22962962962963,7.45718152866242,442,267,51,81,628,26428,17222,9206,1679,3537,22891,7.51908816406841,7.88860416908605,6.82782109493808,6.86848719475879,7.42041277919141,7.53433497881264,43
"46",2017,10,7.35790789473684,760,7.70018018018018,6.87699367088608,6.71851851851852,7.45517647058824,7.34565925925926,444,316,54,85,675,27188,17666,9522,1733,3622,23566,7.51458260997499,7.88386850447187,6.8294529510607,6.86381419503751,7.42122860298178,7.52893074768735,44
"47",2017,11,7.47031100478469,836,7.84831721470019,6.8576802507837,6.64083333333333,7.53738317757009,7.46046639231824,517,319,60,107,729,28024,18183,9841,1793,3729,24295,7.51326191835569,7.8828576692515,6.83036795041154,6.85635248187395,7.42456154465004,7.52687639431982,45
"48",2017,12,7.44754022988506,783,7.79979296875,6.7820295202952,6.84847457627119,7.42093023255814,7.45082352941176,512,271,59,86,697,28807,18695,10112,1852,3815,24992,7.51147554413858,7.88058277614336,6.82907248813291,6.85610151187905,7.42447968545216,7.52475536171575,46
"49",2018,1,7.40923630136986,1022,7.74851503759399,6.77724649859944,6.60333333333333,7.47756696428571,7.40082637362637,665,357,60,112,910,29829,19360,10469,1912,3927,25902,7.50797262730899,7.87604635847108,6.82730518674181,6.84816945606695,7.42599376114082,7.52040143618254,47
"50",2018,2,7.53133956386293,642,7.84483796296296,6.88642857142857,6.54857142857143,7.39444444444444,7.54863157894737,432,210,35,72,570,30471,19792,10679,1947,3999,26472,7.50846495028059,7.87536517279709,6.82846783406686,6.84278376990241,7.42542573143286,7.52100929283772,48
"51",2018,3,7.36156309707242,649,7.71786585081585,6.66677272727273,6.35568181818182,7.31261904761905,7.36883973451327,429,220,44,84,565,31120,20221,10899,1991,4083,27037,7.50540134800771,7.87202373522576,6.82520396366639,6.83201908588649,7.42310494734264,7.51782936161557,49
"52",2018,4,7.55164763458401,613,7.88586206896552,6.89613526570048,6.69473684210526,7.54791666666667,7.55214417744917,406,207,38,72,541,31733,20627,11106,2029,4155,27578,7.50629470740239,7.87229611431619,6.82652602197011,6.82944800394283,7.42526774969916,7.5185025183117,50
"53",2018,5,7.4057796179402,602,7.84220296587926,6.65339366515837,6.53243243243243,7.35689493150685,7.41252551984877,381,221,37,73,529,32335,21008,11327,2066,4228,28107,7.50442335797124,7.87175034653465,6.82314805332391,6.82412875121007,7.42408723509934,7.51650793218771,51
"54",2018,6,7.40766103189493,533,7.73575314868805,6.81536842105263,6.77666666666667,7.31736111111111,7.42176427331887,343,190,30,72,461,32868,21351,11517,2096,4300,28568,7.50285422325666,7.86956557585125,6.82301970999392,6.82344942748092,7.42230019302326,7.51497905978718,52
"55",2018,7,7.38735962365591,558,7.74335227272727,6.77906150485437,6.68289473684211,7.36315789473684,7.39011311377245,352,206,38,57,501,33426,21703,11723,2134,4357,29069,7.50092620355412,7.86751852785329,6.8222472634991,6.820946579194,7.4215264700482,7.51282701331315,53
"56",2018,8,7.36720186736475,573,7.74118166666667,6.64225641025641,6.56219512195122,7.26637931034483,7.3785566407767,378,195,41,58,515,33999,22081,11918,2175,4415,29584,7.49867248889673,7.86535579366877,6.81930228813559,6.81606896551724,7.41948829671574,7.51048962682531,54
"57",2018,9,7.37580604206501,523,7.71134610271903,6.79734895833333,6.55602564102564,7.6063064516129,7.34480598698482,331,192,39,62,461,34522,22412,12110,2214,4477,30045,7.49681109176757,7.86308124397644,6.81895422543352,6.81148825654923,7.42207545901273,7.50794743484773,55
"58",2018,10,7.31196328695652,575,7.61137374025974,6.70526315789474,6.6047619047619,7.35400971014493,7.30622968379447,385,190,42,69,506,35097,22797,12300,2256,4546,30551,7.49378269937601,7.85883036057376,6.81719802195122,6.80763962765957,7.42104234491861,7.5046064907859,56
"59",2018,11,7.30028,643,7.6909501,6.65720164609053,6.50392156862745,7.25980885057471,7.30661271582734,400,243,51,87,556,35740,23197,12543,2307,4633,31107,7.490301383324,7.85593549898694,6.81409835525791,6.80092544429996,7.41801464925534,7.50106759153888,57
"60",2018,12,7.32382228490832,709,7.67244824411135,6.65106061983471,6.55755102040816,7.48797872340426,7.29873170731707,467,242,49,94,615,36449,23664,12785,2356,4727,31722,7.48706305906883,7.85231444810683,6.81101230660931,6.79586375212224,7.41940593822721,7.49714487012168,58
"61",2019,1,7.39216455696203,869,7.72967851099831,6.67464388489209,6.42117307692308,7.30280487804878,7.40147522236341,591,278,52,82,787,37318,24255,13063,2408,4809,32509,7.48485321935795,7.84932628736343,6.80811018449055,6.78777242524917,7.41741773133708,7.494828834169,59
"62",2019,2,7.31716612211221,606,7.69729048843188,6.63574502304147,6.05,7.38960655737705,7.30905811009174,389,217,37,61,545,37924,24644,13280,2445,4870,33054,7.48217369238477,7.84692643645512,6.80529367545181,6.77660777096114,7.41706937782341,7.49176581472742,60
"63",2019,3,7.34046828926905,643,7.65909788095238,6.74035874439462,6.63157894736842,7.59024390243902,7.30395919786096,420,223,38,82,561,38567,25064,13503,2483,4952,33615,7.47981113957528,7.84377897422598,6.80422128489965,6.77438824003222,7.41993696890145,7.48863151420497,61
"64",2019,4,7.37402234636872,537,7.71788888888889,6.67463276836158,6.56206896551724,7.34416666666667,7.37777777777778,360,177,29,60,477,39104,25424,13680,2512,5012,34092,7.4783583832856,7.84199638963184,6.80254459137427,6.77193710191083,7.41902990223464,7.48708049835739,62
"65",2019,5,7.43755598848368,521,7.76899622159091,6.74721893491124,6.35739130434783,7.6962962962963,7.40763740899358,352,169,23,54,467,39625,25776,13849,2535,5066,34559,7.47782190258675,7.84099949099938,6.80186944977977,6.76817593688363,7.42198536715357,7.48600697416013,63
"66",2019,6,7.43275070588235,595,7.74507743276284,6.74596774193548,6.53333333333333,7.30133333333333,7.45170513461538,409,186,36,75,520,40220,26185,14035,2571,5141,35079,7.47715513575336,7.8395012239832,6.8011286077663,6.76488759237651,7.42022522271932,7.4854984945409,64
"67",2019,7,7.44154647435897,624,7.80984299516908,6.71547619047619,6.6702380952381,7.20405405405405,7.4735,414,210,42,74,550,40844,26599,14245,2613,5215,35629,7.47661111938106,7.8390396086319,6.79986591856792,6.76336624569461,7.41715778906999,7.48531327542171,65
"68",2019,8,7.34533939040208,771,7.6894433197556,6.74192857142857,6.31805555555556,7.54303797468354,7.32276975433526,491,280,36,79,692,41615,27090,14525,2649,5294,36321,7.47417905154391,7.83632821040975,6.79874905404475,6.75731445828615,7.41903624291651,7.48221644117728,66
"69",2019,9,7.39861941732284,635,7.68212489051095,6.8784375,6.82205882352941,7.38071428571429,7.40083775221239,411,224,34,70,565,42250,27501,14749,2683,5364,36886,7.47304342153846,7.83402365550344,6.7999593199539,6.758134923593,7.41853614280388,7.48096992598818,67
"70",2019,10,7.44704892086331,695,7.74035974304069,6.84627631578947,6.75,7.3947027027027,7.45328663446055,467,228,30,74,621,42945,27968,14977,2713,5438,37507,7.47262273978344,7.83245968785755,6.80066441944315,6.75804496866937,7.41821181868334,7.4805115762391,68
"71",2019,11,7.41748816881259,699,7.77505384444444,6.77128514056225,6.06290322580645,7.4246835443038,7.41657133870968,450,249,31,79,620,43644,28418,15226,2744,5517,38127,7.47173970740537,7.83155066436766,6.80018396230133,6.7501916909621,7.41830448975893,7.4794718157736,69
"72",2019,12,7.34144859036145,830,7.68517347583643,6.70814726027397,6.50918367346939,7.35261363636364,7.34012443396226,538,292,49,88,742,44474,28956,15518,2793,5605,38869,7.46930813778837,7.82883098874154,6.79845212076299,6.7459634801289,7.41727312578055,7.47681170727315,70
"73",2020,1,7.33533511197663,1027,7.71320622023809,6.62004107042253,6.07358490566038,7.30948275862069,7.33862695938529,672,355,53,116,911,45501,29628,15873,2846,5721,39780,7.46628424166502,7.82620847475361,6.79446195363195,6.73344202389319,7.41508754937948,7.473647144545,71
"74",2020,2,7.34772117139334,811,7.69798374764595,6.68347321428571,6.69673913043478,7.22058823529412,7.3626058815427,531,280,46,85,726,46312,30159,16153,2892,5806,40506,7.46420800548454,7.82395086242913,6.79253804804061,6.7328582295989,7.41224007406132,7.47165692193749,72
"75",2020,3,7.32376245142003,669,7.63433861678005,6.72304276315789,6.89285714285714,7.47338709677419,7.30847953871499,441,228,35,62,607,46981,30600,16381,2927,5868,41113,7.46220808901471,7.82121821535948,6.79157077345705,6.73477143833277,7.4128861400818,7.46924774061732,73
"76",2020,4,7.46145284682081,692,7.72493459161148,6.96205020920502,6.61829268292683,7.43630952380952,7.46492659539474,453,239,41,84,608,47673,31053,16620,2968,5952,41721,7.46219712625595,7.81981363346537,6.79402231287605,6.73316239892183,7.41321671202957,7.46918476858177,74
"77",2020,5,7.32635431918009,683,7.63878923766816,6.73839662447257,6.6525641025641,6.97933333333333,7.36916118421053,446,237,39,75,608,48356,31499,16857,3007,6027,42329,7.46027842666887,7.81725047652307,6.79324024678175,6.73211706019289,7.4078174664012,7.46774806232134,75
"78",2020,6,7.4325,572,7.79125,6.69973404255319,6.50444444444444,7.57017543859649,7.41726213592233,384,188,45,57,515,48928,31883,17045,3052,6084,42844,7.45995367887508,7.81693732584763,6.79220890818422,6.72876015727392,7.40933857166338,7.46714120366913,76
"79",2020,7,7.34855740331492,543,7.65851458885942,6.6446184939759,6.57931034482759,6.992,7.38471941176471,377,166,29,50,493,49471,32260,17211,3081,6134,43337,7.45873097915951,7.81508595040298,6.79078539945384,6.72735345666991,7.40593672481252,7.46620357662044,77
"80",2020,8,7.52003901337793,598,7.84005847117794,6.87839195979899,6.82790697674419,7.50098039215686,7.52181595978062,399,199,43,51,547,50069,32659,17410,3124,6185,43884,7.45946321276638,7.81539104351021,6.79178676105686,6.72873751600512,7.40672043168957,7.46689676715888,78
"81",2020,9,7.35674863934426,610,7.74258145363409,6.62714061611374,6.30428571428571,7.26012195121951,7.37175505681818,399,211,42,82,528,50679,33058,17621,3166,6267,44412,7.45822688431106,7.81451225391736,6.78981523069065,6.72310675931775,7.40480227700654,7.46576565793029,79
"82",2020,10,7.45564102564103,663,7.785,6.83969696969697,6.46,7.40597014925373,7.46122483221477,432,231,35,67,596,51342,33490,17852,3201,6334,45008,7.45819349207277,7.81413156434757,6.79046068675779,6.72022992814745,7.4048146305652,7.46570552790615,80
"83",2020,11,7.35397160493827,810,7.7114044265233,6.56251321428571,6.3445652173913,7.03532142857143,7.39084022038567,558,252,46,84,726,52152,34048,18104,3247,6418,45734,7.45657476741065,7.8124480075188,6.78728775463986,6.71490791499846,7.3999786335307,7.46451708575677,81
"84",2020,12,7.46792025830258,813,7.73470614035088,6.84212621399177,6.55405804347826,7.48809659090909,7.46547126896552,570,243,46,88,725,52965,34618,18347,3293,6506,46459,7.45674891796469,7.81116795482119,6.78801407205538,6.71266099908898,7.40117051490931,7.46453197593577,82
"85",2021,1,7.44880508525577,997,7.73255219336219,6.80197368421053,6.46333333333333,7.46190566037736,7.44724654320988,693,304,60,106,891,53962,35311,18651,3353,6612,47350,7.45660214799303,7.80962507235706,6.78824160527586,6.70819942439606,7.40214418784029,7.46420671045407,83
"86",2021,2,7.35332408333333,720,7.66647760504202,6.74241803278689,6.26,7.07692307692308,7.38075319083969,476,244,45,65,655,54682,35787,18895,3398,6677,48005,7.45524228173805,7.80772107944226,6.78764986398518,6.70226388169511,7.39897818930657,7.46306803624623,84
"87",2021,3,7.40856678520626,703,7.69918266094421,6.83714485232067,6.4765306122449,7.2560625,7.42384107981221,466,237,49,64,639,55385,36253,19132,3447,6741,48644,7.45464983118173,7.80632591482084,6.7882629892327,6.69905502465912,7.39762132769619,7.46255274093414,85
"88",2021,4,7.31877706168831,616,7.64813875634518,6.73423423423423,7.01470588235294,6.952,7.35117786219081,394,222,34,50,566,56001,36647,19354,3481,6791,49210,7.45315525740612,7.80462520970339,6.78764325255761,6.70213808388394,7.39434035782654,7.46127173745174,86
"89",2021,5,7.21044958051421,739,7.53012177156177,6.76806451612903,6.70571428571429,7.22405063291139,7.20882157575758,429,310,35,79,660,56740,37076,19664,3516,6870,49870,7.44999418064857,7.80144897777538,6.78733459672498,6.70217368316268,7.39238214992722,7.45793070864247,87
"90",2021,6,7.37914556962025,632,7.75161369193154,6.69600896860987,6.08552631578947,7.33313432835821,7.3846017699115,409,223,38,67,565,57372,37485,19887,3554,6937,50435,7.4492137246392,7.8009052234227,6.78631052999447,6.69558037985369,7.39180991350728,7.4571092384257,88
"91",2021,7,7.36419233387358,617,7.71455783163265,6.75377777777778,6.40967741935484,7.54145454545455,7.34684460854093,392,225,31,55,562,57989,37877,20112,3585,6992,50997,7.4483091013813,7.80001158935502,6.78594657468178,6.69310813668061,7.39298703804348,7.45589409396632,89
"92",2021,8,7.24283608695652,667,7.66032540476191,6.53293522267206,6.21916666666667,7.23584507042253,7.24366890939597,420,247,36,71,596,58656,38297,20359,3621,7063,51593,7.445972588482,7.79847966263676,6.7828769836436,6.68839620822977,7.39140738637972,7.45344247824318,90
"93",2021,9,7.30142273789649,599,7.66338479564033,6.72883620689655,6.20681818181818,7.05140845070423,7.33504208333333,367,232,44,71,528,59255,38664,20591,3665,7134,52121,7.44451135549743,7.797197337575,6.78226810305473,6.68261464392906,7.38802360106532,7.45224304982637,91
"94",2021,10,7.36161320300752,665,7.72122949152542,6.77224206349206,6.63055555555556,7.15735294117647,7.38487902847571,413,252,36,68,597,59920,39077,20843,3701,7202,52718,7.44359134095461,7.79639444276684,6.78214688432567,6.68210825992975,7.38584564981949,7.45148019234417,92
"95",2021,11,7.3336367404674,813,7.64882972386588,6.81140522875817,6.62820512820513,7.29791666666667,7.33841934449093,507,306,39,96,717,60733,39584,21149,3740,7298,53435,7.44211943786739,7.79450440354689,6.7825702165587,6.6815461684492,7.38468900657714,7.44996312248526,93
"96",2021,12,7.39425474146341,1025,7.73368664190193,6.74528409090909,6.44625,7.36529411764706,7.39745515709642,673,352,40,102,923,61758,40257,21501,3780,7400,54358,7.44132502558373,7.79348767717415,6.78195979303288,6.67905626190476,7.38442167162162,7.44907153611244,94
"97",2022,1,7.34878758496023,1383,7.65991256264237,6.80786138613861,6.63032786885246,7.42021276595745,7.34067892914654,878,505,61,141,1242,63141,41135,22006,3841,7541,55600,7.43929814478707,7.79063660264981,6.78255419022085,6.67828239260609,7.38509088582416,7.44665024802159,95
"98",2022,2,7.37427295918367,784,7.58493975903614,7.00744755244755,7.04868421052632,7.421,7.36896306818182,498,286,38,80,704,63925,41633,22292,3879,7621,56304,7.43850065170122,7.78817612590973,6.78543950789521,6.68191097447796,7.3854678349298,7.44567888231742,96
"99",2022,3,7.34738579375848,737,7.64070377729258,6.86588172043011,6.55578787878788,7.37493506493507,7.34417171212121,458,279,33,77,660,64662,42091,22571,3912,7698,56964,7.43746214917572,7.78657145185431,6.78643385361748,6.68084705265849,7.3853624798649,7.44450279334317,97
"100",2022,4,7.44484702739726,730,7.76350287878788,6.8955223880597,6.73333333333333,7.38210227272727,7.45344755451713,462,268,27,88,642,65392,42553,22839,3939,7786,57606,7.43754458985809,7.78632099522948,6.78771393274662,6.68120682152831,7.38532563190342,7.44460247977642,98
"101",2022,5,7.26017158176944,746,7.56566013071895,6.77160278745645,6.27888888888889,7.09933333333333,7.27895209580838,459,287,36,78,668,66138,43012,23126,3975,7864,58274,7.43554392059028,7.78396622593695,6.78751398901669,6.67756318742138,7.38248898397762,7.44270361481965,99
"102",2022,6,7.29708898944193,663,7.63823960880196,6.74775590551181,6.36333333333333,7.39272727272727,7.2884375,409,254,30,55,608,66801,43421,23380,4005,7919,58882,7.43416975524319,7.78259356785887,6.78708205774166,6.67520940574282,7.38256009218336,7.44111070361061,100
"103",2022,7,7.45583208643815,671,7.732031,6.96302904564315,6.45,7.69596774193548,7.43138477832512,430,241,24,62,609,67472,43851,23621,4029,7981,59491,7.43438518422457,7.78209775466922,6.78887720714618,6.67386787540333,7.38499478386167,7.44101114084484,101
"104",2022,8,7.31840269861286,793,7.58076577220077,6.82420607272727,6.65081081081081,7.19494505494506,7.33440646723647,518,275,37,91,702,68265,44369,23896,4066,8072,60193,7.43303787431334,7.7797472404156,6.78928377887513,6.67365805951795,7.38285225099108,7.43976786536641,102
"105",2022,9,7.32576530612245,392,7.61260504201681,6.88246753246753,6.11428571428571,7.19895833333333,7.34345930232558,238,154,14,48,344,68657,44607,24050,4080,8120,60537,7.43242539711901,7.77885545564597,6.78988046486487,6.67173864460784,7.38176519334975,7.43922059434726,103
"106",2022,10,7.35779155647383,726,7.68951237991266,6.79089552238806,6.375,7.278,7.36698413210445,458,268,32,75,651,69383,45065,24318,4112,8195,61188,7.431644454117,7.77794745323421,6.7898916514516,6.66942939445525,7.3808155424039,7.43845204598941,104
"107",2022,11,7.38652243990385,832,7.72514170040486,6.89161736686391,6.1972972972973,7.59239130434783,7.36092793243243,494,338,37,92,740,70215,45559,24656,4149,8287,61928,7.43110978893399,7.77737487609473,6.79128617172291,6.66521900939985,7.38316439845541,7.43752568240538,105
"108",2022,12,7.3334148491155,961,7.64145932283465,6.73338957055215,6.21795454545455,7.1126213592233,7.35992036130536,635,326,44,103,858,71176,46194,24982,4193,8390,62786,7.4297907370462,7.77550653006884,6.79053065607237,6.66052555926544,7.37984307151371,7.43646516946453,106
