"","year","month","avg_rating","no_ratings","avg_rating_owned","avg_rating_not_owned","avg_rating_prev_owned","avg_rating_comment","avg_rating_no_comment","no_ratings_owned","no_ratings_not_owned","no_ratings_prev_owned","no_ratings_comment","no_ratings_no_comment","cum_no_ratings","cum_no_ratings_owned","cum_no_ratings_not_owned","cum_no_ratings_prev_owned","cum_no_ratings_comment","cum_no_ratings_no_comment","cum_avg_rating","cum_avg_rating_owned","cum_avg_rating_not_owned","cum_avg_rating_prev_owned","cum_avg_rating_comment","cum_avg_rating_no_comment","month_after_release"
"1",2014,2,3,1,NA,3,NA,NA,3,0,1,0,0,1,1,0,1,0,0,1,3,NA,3,NA,NA,3,-1
"2",2014,3,7.67333333333333,15,7.95555555555556,7.25,NA,7,7.72142857142857,9,6,0,1,14,16,9,7,0,1,15,7.38125,7.95555555555555,6.64285714285714,NA,7,7.40666666666667,0
"3",2014,4,7.2906779661017,59,7.81857142857143,6.52083333333333,6.8,6.5125,7.58023255813954,35,24,5,16,43,75,44,31,5,17,58,7.31,7.84659090909091,6.54838709677419,6.8,6.54117647058824,7.53534482758621,1
"4",2014,5,7.28802083333333,96,7.78913043478261,6.827,6.96428571428571,7.10952380952381,7.338,46,50,7,21,75,171,90,81,12,38,133,7.29766081871345,7.81722222222222,6.72037037037037,6.89583333333333,6.85526315789474,7.42406015037594,2
"5",2014,6,7.45902297297297,148,7.98484848484848,7.03579756097561,7.23529411764706,7.1864962962963,7.5198347107438,66,82,17,27,121,319,156,163,29,65,254,7.37252476489028,7.88814102564103,6.87905153374233,7.0948275862069,6.99285230769231,7.46968503937008,3
"6",2014,7,7.61734126984127,252,8.0753125,7.14459677419355,7.58636363636364,7.29206349206349,7.7257671957672,128,124,22,63,189,571,284,287,51,128,443,7.48056987740806,7.9725,6.9937818815331,7.30686274509804,7.1401203125,7.57893905191874,4
"7",2014,8,7.55079295154185,227,8.01434782608696,7.07482142857143,7.28952380952381,7.45333333333333,7.58580838323353,115,112,21,60,167,798,399,399,72,188,610,7.50054561403509,7.98456140350877,7.0165298245614,7.30180555555556,7.24008191489362,7.58081967213115,5
"8",2014,9,7.47146892655367,177,7.88166666666667,7.04712643678161,7.4,7.0890625,7.55586206896552,90,87,19,32,145,975,489,486,91,220,755,7.49526707692308,7.96562372188139,7.02200699588477,7.32230769230769,7.21811545454545,7.57602649006622,6
"9",2014,10,7.5703056768559,229,8.01762295081967,7.06028037383178,7.15833333333333,7.13548387096774,7.63838383838384,122,107,30,31,198,1204,611,593,121,251,953,7.50953936877076,7.97600654664484,7.02891298482293,7.28165289256198,7.20790996015936,7.58898216159496,7
"10",2014,11,7.57552901023891,293,7.90281045751634,7.21785714285714,7.08333333333333,7.34054545454545,7.62983193277311,153,140,24,55,238,1497,764,733,145,306,1191,7.52245517702071,7.96134816753927,7.06500054570259,7.2488275862069,7.23174967320261,7.59714525608732,8
"11",2014,12,7.75021459227468,233,7.98961538461538,7.44805825242718,7.66315789473684,7.7,7.75707317073171,130,103,19,28,205,1730,894,836,164,334,1396,7.55313028901734,7.96545861297539,7.11219545454545,7.29682926829268,7.27100419161677,7.62063037249284,9
"12",2015,1,7.52619926199262,271,8.00755395683453,7.01931818181818,7.41290322580645,7.24878048780488,7.57565217391304,139,132,31,41,230,2001,1033,968,195,375,1626,7.54948295852074,7.9711229428848,7.09953037190083,7.31528205128205,7.2685744,7.61426814268143,10
"13",2015,2,7.50357798165138,218,7.94213675213675,6.99554455445545,7.39137931034483,7.50555555555556,7.50318681318681,117,101,29,36,182,2219,1150,1069,224,411,1808,7.54497314105453,7.96817391304348,7.08970570626754,7.32513392857143,7.28933187347932,7.60308628318584,11
"14",2015,3,7.59467889908257,218,7.97067796610169,7.151,7.43181818181818,7.45105263157895,7.625,118,100,22,38,180,2437,1268,1169,246,449,1988,7.54941953221174,7.96840694006309,7.09494901625321,7.33467479674797,7.30301870824053,7.60507042253521,12
"15",2015,4,7.59439790575916,191,7.96086956521739,7.03986842105263,7.35454545454545,7.43333333333333,7.6244099378882,115,76,11,30,161,2628,1383,1245,257,479,2149,7.55268850837138,7.96778018799711,7.09158666666667,7.33552529182879,7.31118037578288,7.60651931130758,13
"16",2015,5,7.53055555555556,216,7.98715596330275,7.06542056074766,7.208,7.76666666666667,7.4879781420765,109,107,25,33,183,2844,1492,1352,282,512,2332,7.55100752461322,7.96919571045577,7.08951582840237,7.32421985815603,7.340537890625,7.59721698113207,14
"17",2015,6,7.63191176470588,204,8.008,7.03683544303797,7.1375,7.55625,7.64598837209302,125,79,20,32,172,3048,1617,1431,302,544,2504,7.55642237532808,7.972195423624,7.08660754716981,7.31185430463576,7.35322683823529,7.60056709265176,15
"18",2015,7,7.58282828282828,198,8.04056603773585,7.0554347826087,7.17222222222222,7.73823529411765,7.55060975609756,106,92,18,34,164,3246,1723,1523,320,578,2668,7.55803308687615,7.97640162507255,7.08472449113592,7.304,7.37587439446367,7.59749625187406,16
"19",2015,8,7.6366935483871,248,7.95986394557823,7.16633663366337,7.57333333333333,7.57714285714286,7.64647887323944,147,101,15,35,213,3494,1870,1624,335,613,2881,7.56361631368059,7.97510160427808,7.08980012315271,7.31605970149254,7.3873660685155,7.60111766747657,17
"20",2015,9,7.63041237113402,194,8.01346153846154,7.18777777777778,7.09130434782609,7.58709677419355,7.63865030674847,104,90,23,31,163,3688,1974,1714,358,644,3044,7.56712998915401,7.97712259371834,7.09494480746791,7.30162011173184,7.39698043478261,7.60312746386334,18
"21",2015,10,7.63209349593496,246,8.07496428571429,7.04716981132075,7.084,7.79296875,7.60803738317757,140,106,25,32,214,3934,2114,1820,383,676,3258,7.57119227249619,7.98360217596973,7.09216230769231,7.28741514360313,7.41572544378698,7.60344996930632,19
"22",2015,11,7.54270186335404,322,7.96141975308642,7.11875,7.31428571428571,7.58333333333333,7.53660714285714,162,160,35,42,280,4256,2276,1980,418,718,3538,7.5690367481203,7.98202328646749,7.09431080808081,7.28966507177033,7.42552980501393,7.59815997738835,20
"23",2015,12,7.6175875,320,8.1223550295858,7.05264900662252,7.3390625,7.64117647058824,7.61478321678322,169,151,32,34,286,4576,2445,2131,450,752,3824,7.5724319055944,7.99172310838446,7.09135870483341,7.29317777777778,7.43527978723404,7.59940324267782,21
"24",2016,1,7.60340547945205,365,7.92927184466019,7.18121383647799,7.13636363636364,7.59795918367347,7.60425,206,159,33,49,316,4941,2651,2290,483,801,4140,7.57471997571342,7.98687023764617,7.09759755458515,7.28246376811594,7.44523146067416,7.5997731884058,22
"25",2016,2,7.66126428571429,280,8.05539597315436,7.21297709923664,7.30588235294118,7.80333333333333,7.644216,149,131,17,30,250,5221,2800,2421,500,831,4390,7.57936131009385,7.99051678571429,7.10384072697233,7.28326,7.45815932611312,7.60230410022779,23
"26",2016,3,7.61945017182131,291,8.07773333333333,7.13191489361702,7.21612903225806,7.81206896551724,7.59812977099237,150,141,31,29,262,5512,2950,2562,531,860,4652,7.58147775761974,7.99495152542373,7.10538579234973,7.27934086629002,7.47009348837209,7.60206900257953,24
"27",2016,4,7.60174545454545,275,7.94378205128205,7.15336134453782,6.67857142857143,7.47105263157895,7.62270042194093,156,119,28,38,237,5787,3106,2681,559,898,4889,7.58244088474166,7.99238151963941,7.10751525550168,7.24924865831842,7.47013407572383,7.60306913479239,25
"28",2016,5,7.56678832116788,274,8.04197530864197,6.87946428571429,6.67857142857143,7.28269230769231,7.59657258064516,162,112,14,26,248,6061,3268,2793,573,924,5137,7.58173327833691,7.99483996328029,7.09837035445757,7.23530541012216,7.46485974025974,7.60275549931867,26
"29",2016,6,7.65436681222707,229,8.03955223880597,7.11105263157895,6.98333333333333,7.45535714285714,7.68208955223881,134,95,24,28,201,6290,3402,2888,597,952,5338,7.58437764705882,7.99660111699001,7.09878753462604,7.22517587939698,7.46458025210084,7.60574278756088,27
"30",2016,7,7.53250965250965,259,7.98277027027027,6.93216216216216,7.07884615384615,7.63214285714286,7.5204329004329,148,111,26,28,231,6549,3550,2999,623,980,5569,7.58232637043824,7.99602450704225,7.09262034011337,7.21906902086677,7.46936775510204,7.60220416591848,28
"31",2016,8,7.65771241830065,306,8.08210227272727,7.08315384615385,7.14444444444444,7.79906976744186,7.63460076045627,176,130,27,43,263,6855,3726,3129,650,1023,5832,7.58569152443472,8.00009044551798,7.09222703739214,7.21596923076923,7.48322619745846,7.60366512345679,29
"32",2016,9,7.58921933085502,269,7.85892857142857,7.29651162790698,7.42592592592593,7.82692307692308,7.56378600823045,140,129,27,26,243,7124,3866,3258,677,1049,6075,7.5858247332959,7.99497853078117,7.10031565377532,7.22434268833087,7.49174489990467,7.60206995884774,30
"33",2016,10,7.576926910299,301,8.00463190184049,7.07173913043478,7.15,7.58064516129032,7.5765,163,138,20,31,270,7425,4029,3396,697,1080,6345,7.58546402693603,7.99536907421196,7.09915441696113,7.22220946915351,7.49429666666667,7.60098187549251,31
"34",2016,11,7.74084636118598,371,8.00724299065421,7.37773248407643,7.28260869565217,7.72051282051282,7.74323493975904,214,157,23,39,332,7796,4243,3553,720,1119,6677,7.59285844022576,7.99596794720716,7.11146422741345,7.22413888888889,7.50218087578195,7.60805511457241,32
"35",2016,12,7.61319277108434,332,7.97579787234043,7.13979166666667,7.12068965517241,7.86375,7.5788698630137,188,144,29,40,292,8128,4431,3697,749,1159,6969,7.59368902559055,7.995112164297,7.11256759534758,7.22013351134846,7.5146595340811,7.60683225713876,33
"36",2017,1,7.63424703087886,421,7.91556557377049,7.2464406779661,7.23655172413793,7.36115254237288,7.67875690607735,244,177,29,59,362,8549,4675,3874,778,1218,7331,7.59568632588607,7.99096042780749,7.11868415074858,7.22074550128535,7.5072236453202,7.61038384940663,34
"37",2017,2,7.70672898550725,345,8.03222772277228,7.24693356643357,7.3,7.79186046511628,7.69460761589404,202,143,25,43,302,8894,4877,4017,803,1261,7633,7.59999369237688,7.99266967397991,7.12324966392831,7.22321295143213,7.51692973830293,7.61371616664483,35
"38",2017,3,7.64263803680982,326,8.02527173913044,7.14683098591549,7.07884615384615,7.43108108108108,7.669723183391,184,142,26,37,289,9220,5061,4159,829,1298,7922,7.60150150759219,7.99385496937364,7.12405479682616,7.2186851628468,7.51448258859784,7.61575934107549,36
"39",2017,4,7.6012084592145,331,8.03016759776536,7.09605263157895,7.09868421052632,7.57741935483871,7.60366666666667,179,152,38,31,300,9551,5240,4311,867,1329,8222,7.60149135169092,7.99509541984733,7.12306747854326,7.21342560553633,7.51595063957863,7.61531810994892,37
"40",2017,5,7.56400621118012,322,8.01638418079096,7.01179310344828,6.88212121212121,7.61473684210526,7.55721830985915,177,145,33,38,284,9873,5417,4456,900,1367,8506,7.60026880380837,7.99579102824442,7.11944656642729,7.20127777777778,7.51869670811997,7.61337826240301,38
"41",2017,6,7.54053191489362,282,7.9823178807947,7.03129770992366,6.78571428571429,7.15555555555556,7.58129411764706,151,131,28,27,255,10155,5568,4587,928,1394,8761,7.59860993599212,7.99542564655173,7.11692912579028,7.18873922413793,7.5116631276901,7.61244441273827,39
"42",2017,7,7.56547297297297,296,7.93605882352941,7.06547619047619,7.63125,7.43181818181818,7.57620437956204,170,126,16,22,274,10451,5738,4713,944,1416,9035,7.59767140943451,7.99366678285117,7.11555355399958,7.19623940677966,7.51042259887006,7.61134537908135,40
"43",2017,8,7.66909385113269,309,8.04029411764706,7.21510791366906,7.11379310344828,7.70967741935484,7.66456834532374,170,139,29,31,278,10760,5908,4852,973,1447,9313,7.59972248141264,7.99500846310088,7.11840558532564,7.19378211716341,7.51469136143746,7.61293412434232,41
"44",2017,9,7.71477987421384,318,8.06614035087719,7.30605442176871,7.33548387096774,7.73035714285714,7.71327586206897,171,147,31,28,290,11078,6079,4999,1004,1475,9603,7.60302526629356,7.99700937654219,7.12392356471294,7.19815737051793,7.5187853559322,7.61596433406227,42
"45",2017,10,7.62846607669617,339,8.00058823529412,7.17065789473684,7.15555555555556,7.53969696969697,7.63803921568627,187,152,27,33,306,11417,6266,5151,1031,1508,9909,7.60378066917754,7.99711618257261,7.12530264026403,7.1970417070805,7.51924297082228,7.61664602886265,43
"46",2017,11,7.6823746701847,379,8.00060465116279,7.26518292682927,7.33352941176471,7.65357142857143,7.68596439169139,215,164,34,42,337,11796,6481,5315,1065,1550,10246,7.60630585791794,7.99723190865607,7.12961879586077,7.20139906103286,7.52288283870968,7.61892597111068,44
"47",2017,12,7.49730659025788,349,7.81377049180328,7.14843373493976,7.19268292682927,7.86060606060606,7.4593670886076,183,166,41,33,316,12145,6664,5481,1106,1583,10562,7.60317364347468,7.99219387755102,7.13018863346105,7.20107594936709,7.52992318382818,7.61415219655368,45
"48",2018,1,7.66498631701632,429,7.96354085603113,7.21889029069767,7.42222222222222,8.02976190476191,7.62539826873385,257,172,36,42,387,12574,6921,5653,1142,1625,10949,7.60528256958804,7.99112989452391,7.13288749867327,7.2080472854641,7.54284209230769,7.61454969677596,46
"49",2018,2,7.64556313993174,293,7.93511904761905,7.2564,6.95,7.71363636363636,7.63692307692308,168,125,27,33,260,12867,7089,5778,1169,1658,11209,7.60619981580788,7.98980251093243,7.13555954136379,7.2020872540633,7.54624149577805,7.61506866178963,47
"50",2018,3,7.6841749833887,301,8.14224950920245,7.14311594202899,7.26538461538462,7.672,7.68527778985507,163,138,39,25,276,13168,7252,5916,1208,1683,11485,7.60798220686513,7.99322899476007,7.13573580628803,7.20413079470199,7.54810956625074,7.61675588158468,48
"51",2018,4,7.51354166666667,336,7.91027173913043,7.03328947368421,7.22923076923077,7.65714285714286,7.4968438538206,184,152,26,35,301,13504,7436,6068,1234,1718,11786,7.60563238299763,7.99117626008607,7.13316958305867,7.20465964343598,7.55033084982538,7.61369347530969,49
"52",2018,5,7.52462365591398,279,8.10992366412214,7.00655405405405,6.94315789473684,7.77060606060606,7.49162601626016,131,148,19,33,246,13783,7567,6216,1253,1751,12032,7.60399257781325,7.99323201665125,7.13015492760618,7.20069433359936,7.55448223872073,7.61119774767287,50
"53",2018,6,7.64990322580645,248,7.94283823529412,7.29419642857143,7.18333333333333,7.54473684210526,7.6586288209607,136,112,18,19,229,14031,7703,6328,1271,1770,12261,7.60480405530611,7.99234229131507,7.13305831700379,7.20044846577498,7.55437762711864,7.61208362286926,51
"54",2018,7,7.57177778947368,285,7.88197851612903,7.20192307692308,7.48260869565217,7.61111111111111,7.56609104417671,155,130,23,36,249,14316,7858,6458,1294,1806,12510,7.60414657516066,7.990165352507,7.13444456952617,7.20546367851623,7.55550852713178,7.61116818305356,52
"55",2018,8,7.62432223333333,300,8.1511666875,7.02221428571429,6.9284,8.064,7.58435152727273,160,140,25,25,275,14616,8018,6598,1319,1831,12785,7.60456068965517,7.99337815041157,7.13206320551682,7.20021228203184,7.56245133806663,7.61059136800939,53
"56",2018,9,7.59716839721254,287,8.1036280952381,7.06538571428571,6.27909090909091,7.224,7.63277606870229,147,140,22,25,262,14903,8165,6738,1341,1856,13047,7.60441832986647,7.99536305450092,7.1306778020184,7.18510067114094,7.55789245689655,7.61103686441328,54
"57",2018,10,7.58628674193548,310,7.82856532967033,7.241796875,7.03541666666667,7.30625,7.61852118705036,182,128,24,32,278,15213,8347,6866,1365,1888,13325,7.60404885689871,7.99172615670301,7.13274934896592,7.18246886446886,7.55362733050847,7.61119301013133,55
"58",2018,11,7.50363919889503,362,7.90880583333333,7.04603923529412,7.025,7.67031931818182,7.4805765408805,192,170,32,44,318,15575,8539,7036,1397,1932,13643,7.60171509791332,7.98986168755124,7.1306543064241,7.1788618468146,7.55628491200828,7.60814851572235,56
"59",2018,12,7.50765060240964,332,7.83387640449438,7.13058441558442,6.92105263157895,7.39558823529412,7.52043624161074,178,154,19,34,298,15907,8717,7190,1416,1966,13941,7.59975184824291,7.9866764884708,7.13065280945758,7.17540254237288,7.55350582400814,7.6062735958683,57
"60",2019,1,7.5657514861461,397,7.92729267605634,7.14722826086957,6.71363636363636,7.80222222222222,7.53552085227273,213,184,44,45,352,16304,8930,7374,1460,2011,14293,7.59892394443081,7.98526005487122,7.13106640900461,7.16148630136986,7.55907133267031,7.60453113692017,58
"61",2019,2,7.51874725490196,306,7.88914335195531,6.99669291338583,6.96666666666667,7.79756097560976,7.47561003773585,179,127,30,41,265,16610,9109,7501,1490,2052,14558,7.59744687838651,7.98337127566143,7.12879132115718,7.15756375838926,7.56383647660819,7.60218437972249,59
"62",2019,3,7.48391608391608,286,7.91248175182482,7.08986577181208,7.070111,8.08098777777778,7.42167308880309,137,149,30,27,259,16896,9246,7650,1520,2079,14817,7.59552513316761,7.98232089011464,7.12803316339869,7.15583771710526,7.57055272727273,7.59902905648917,60
"63",2019,4,7.58619607843137,255,7.83372093023256,7.33277777777778,7.4695652173913,7.56724137931035,7.58862831858407,129,126,23,29,226,17151,9375,7776,1543,2108,15043,7.59538642936272,7.98027615466667,7.13135078446502,7.16051414776409,7.57050717267552,7.59887279997341,61
"64",2019,5,7.36856630824373,279,7.66487920289855,7.07855794326241,6.48361125,7.4421875,7.35902834008097,138,141,24,32,247,17430,9513,7917,1567,2140,15290,7.5917557458405,7.97570085987596,7.13041055576607,7.15014677728143,7.56858837383178,7.59499826880314,62
"65",2019,6,7.45855023972603,292,7.94559363013699,6.97150684931507,7.00208333333333,7.65814814814815,7.4382138490566,146,146,24,27,265,17722,9659,8063,1591,2167,15555,7.58956095925967,7.97524577596024,7.12753322212576,7.1479132620993,7.56970425473004,7.59232723882996,63
"66",2019,7,7.60078069686411,287,7.91749436241611,7.25882173913043,7.12951538461538,7.90555555555556,7.569131,149,138,26,27,260,18009,9808,8201,1617,2194,15815,7.58973976234105,7.97436843495106,7.12974244238507,7.14761743970315,7.57383733819508,7.59194589061018,64
"67",2019,8,7.54266665753425,365,7.99139718562874,7.16419191919192,6.76333333333333,7.8503125,7.51310309309309,167,198,30,32,333,18374,9975,8399,1647,2226,16148,7.58880465385871,7.97465352781955,7.13055456244791,7.14061772920461,7.57781182389937,7.59032001424325,65
"68",2019,9,7.42104035031847,314,7.8172854491018,6.9708843537415,6.70545454545455,7.60413793103448,7.40240936842105,167,147,22,29,285,18688,10142,8546,1669,2255,16433,7.5859858401113,7.97206227667127,7.12780807044231,7.13488160575194,7.57815038580931,7.58706105154263,66
"69",2019,10,7.39247277936963,349,7.88166473988439,6.91161931818182,6.845,7.12853125,7.4191167192429,173,176,20,32,317,19037,10315,8722,1689,2287,16750,7.58243821925723,7.97054615705284,7.12344562829626,7.13144902309058,7.57185925666812,7.58388264238806,67
"70",2019,11,7.56967313915858,309,7.91947826086956,7.18914189189189,7.405,7.9375,7.53869824561404,161,148,20,24,285,19346,10476,8870,1709,2311,17035,7.58223433164478,7.96976132206949,7.12454180045096,7.13465032182562,7.57565647771527,7.58312669562665,68
"71",2019,12,7.63619205298013,302,8.03397350993377,7.23841059602649,6.91304347826087,7.64838709677419,7.63479704797048,151,151,23,31,271,19648,10627,9021,1732,2342,17306,7.583063689943,7.9706737188294,7.12644781842368,7.13170750577367,7.57661918018787,7.5839358176355,69
"72",2020,1,7.4961754587156,436,7.91575657894737,7.03625,6.8325,7.44049180327869,7.50523333333333,228,208,40,61,375,20084,10855,9229,1772,2403,17681,7.58117744871539,7.96952023122985,7.12441497128616,7.12495338600451,7.57316359550562,7.58226660030541,70
"73",2020,2,7.47865979381443,291,7.84195804195804,7.12763513513513,6.75625,7.6,7.46522900763359,143,148,16,29,262,20375,10998,9377,1788,2432,17943,7.57971327018405,7.96786162120385,7.12446579609683,7.12165402684563,7.57348360197368,7.58055764142005,71
"74",2020,3,7.556899348659,261,7.89397132352941,7.19016504,6.816289375,7.78,7.52792523809524,136,125,16,30,231,20636,11134,9502,1804,2462,18174,7.57942472426827,7.96695906322975,7.12533007787834,7.11894569290465,7.57600004874086,7.5798886590734,72
"75",2020,4,7.59881632653061,245,7.94342657342657,7.1156862745098,6.65454545454545,7.68387096774194,7.5864953271028,143,102,22,31,214,20881,11277,9604,1826,2493,18388,7.57965224893444,7.96666065531613,7.12522765514369,7.11335050930996,7.57734140393101,7.57996554763977,73
"76",2020,5,7.54329317269076,249,7.88229166666667,7.07838095238095,7.00722222222222,7.64285714285714,7.53412280701754,144,105,18,21,228,21130,11421,9709,1844,2514,18616,7.57922378655939,7.96559690132213,7.12472102173241,7.11231454989153,7.57788867143994,7.57940408734422,74
"77",2020,6,7.52686363636364,220,7.94896551724138,7.05605769230769,7.006,7.62272727272727,7.51621212121212,116,104,25,22,198,21350,11537,9813,1869,2536,18814,7.5786842440281,7.96542967929271,7.12399331499032,7.11089247191011,7.57827764984227,7.5787390501754,75
"78",2020,7,7.56167473429952,207,7.89054054054054,7.18142364583333,7.32352941176471,7.44473684210526,7.57349292553191,111,96,17,19,188,21557,11648,9909,1886,2555,19002,7.57852091107297,7.9647160207761,7.12454970935513,7.112809135737,7.57728458708415,7.57868714661615,76
"79",2020,8,7.54598290598291,234,7.88396946564886,7.11611650485437,6.59807692307692,7.49838709677419,7.55325123152709,131,103,26,31,203,21791,11779,10012,1912,2586,19205,7.57817150566748,7.96381799898124,7.12446295145825,7.10580963912133,7.57633879350348,7.57841828482166,77
"80",2020,9,7.41845833333333,240,7.76140495867769,7.06974789915966,6.96842105263158,7.592,7.39827906976744,121,119,19,25,215,22031,11900,10131,1931,2611,19420,7.57643163179157,7.96175984957983,7.12382026157339,7.10445780942516,7.57648874760628,7.57642395262616,78
"81",2020,10,7.47260869565217,253,7.84166666666667,7.02973913043478,7.084,6.83888888888889,7.52114893617021,138,115,25,18,235,22284,12038,10246,1956,2629,19655,7.57525288458087,7.96038313756438,7.12276430509467,7.10419633435582,7.57143861544314,7.57576307097431,79
"82",2020,11,7.4162629969419,327,7.72751479289941,7.0833417721519,6.59,7.54831578947368,7.40811688311688,169,158,20,19,308,22611,12207,10404,1976,2648,19963,7.57295357480872,7.95715918817072,7.12216561610919,7.09899191801619,7.57127270392749,7.57317653458899,80
"83",2020,12,7.55248911764706,306,7.88421875,7.18894979452055,6.80217391304348,7.70833333333333,7.53922578014184,160,146,23,24,282,22917,12367,10550,1999,2672,20245,7.57268032246804,7.95621550982453,7.12308983317536,7.0955768034017,7.57250378742515,7.57270362212892,81
"84",2021,1,7.47810198300283,353,7.78730158730159,7.12176829268293,6.49583333333333,7.36388888888889,7.49107255520505,189,164,36,36,317,23270,12556,10714,2035,2708,20562,7.57124559303825,7.95367292210895,7.12306960425612,7.08496709090909,7.56973047267356,7.57144513325552,82
"85",2021,2,7.57578947368421,304,7.94658536585366,7.14142857142857,6.83,7.56969696969697,7.57653136531365,164,140,25,33,271,23574,12720,10854,2060,2741,20833,7.57130418893696,7.95358154166667,7.12330640685462,7.08187283009708,7.56973006931777,7.57151129602074,83
"86",2021,3,7.57967025089606,279,7.94344720496894,7.08333050847458,6.60416666666667,7.97165384615385,7.53938735177866,161,118,24,26,253,23853,12881,10972,2084,2767,21086,7.57140204376808,7.95345487229253,7.12287648013125,7.07637141554702,7.57350672930972,7.57112585744096,84
"87",2021,4,7.55603187250996,251,7.80480882352941,7.26182608695652,7.045,7.172,7.59851327433628,136,115,20,25,226,24104,13017,11087,2104,2792,21312,7.57124199095586,7.95190183682876,7.12431773608731,7.0760732081749,7.56991157593123,7.57141628331457,85
"88",2021,5,7.5256157635468,203,7.875,7.17277227722772,6.80357142857143,7.53125,7.52513368983957,102,101,14,16,187,24307,13119,11188,2118,2808,21499,7.57086094334965,7.95130392636634,7.12475516088667,7.07427196883852,7.56969128205128,7.5710137136611,86
"89",2021,6,7.36966666666667,180,7.64081632653061,7.04560975609756,7,7.57368421052632,7.3455900621118,98,82,17,19,161,24487,13217,11270,2135,2827,21660,7.56938199656961,7.94900175607173,7.12417930257321,7.07368057611241,7.56971811814645,7.56933812696214,87
"90",2021,7,7.48877894736842,209,7.80490097087379,7.18160377358491,6.803125,7.82524,7.4531746031746,103,106,16,20,189,24696,13320,11376,2151,2847,21849,7.56869986030126,7.94788746321322,7.12471437587905,7.0716680753138,7.57151314365999,7.56833327978397,88
"91",2021,8,7.47467811158798,233,7.73416666666667,7.19911504424779,6.63333333333333,7.74117647058824,7.4537037037037,120,113,12,17,216,24929,13440,11489,2163,2864,22065,7.56782108187252,7.94597924181548,7.12544614326748,7.06923625982431,7.57252022346369,7.56721114117381,89
"92",2021,9,7.50338541666667,192,7.80163043478261,7.229,6.9,7.61176470588235,7.49285714285714,92,100,17,17,175,25121,13532,11589,2180,2881,22240,7.56732859957804,7.94499785767071,7.1263396962637,7.06791652752293,7.57275179451579,7.56662607149281,90
"93",2021,10,7.47078189300412,243,7.9448717948718,7.03055555555556,6.89772727272727,7.75892857142857,7.43325581395349,117,126,22,28,215,25364,13649,11715,2202,2909,22455,7.56640363310204,7.94499677705327,7.12530949551857,7.06621618074477,7.57454380199381,7.5653490906257,91
"94",2021,11,7.48951028806584,243,7.83182644628099,7.15,6.95833333333333,7.70689655172414,7.46005140186916,121,122,24,29,214,25607,13770,11837,2226,2938,22669,7.56567394657711,7.94400232461874,7.12556397229028,7.06505302336028,7.57585021102791,7.564355058891,92
"95",2021,12,7.6164364640884,362,7.88863414634146,7.26101910828026,6.52863636363636,7.56567567567568,7.62221538461538,205,157,22,37,325,25969,13975,11994,2248,2975,22994,7.566381560707,7.94319012593918,7.12733706353177,7.05980339412811,7.57572367058824,7.56517286379056,93
"96",2022,1,7.48702073732719,434,7.84181818181818,7.08328571428571,6.51896875,7.77619047619048,7.45603826530612,231,203,32,42,392,26403,14206,12197,2280,3017,23386,7.56507706510624,7.94154174362946,7.12660389767976,7.05221273245614,7.57851439177991,7.5633435316001,94
"97",2022,2,7.57432950191571,261,8.12264957264957,7.12881944444444,6.78,7.93888888888889,7.53226495726496,117,144,25,27,234,26664,14323,12341,2305,3044,23620,7.56516763238824,7.94302115548419,7.12662974961511,7.04926031670282,7.5817108804205,7.56303564055885,95
"98",2022,3,7.4435598828125,256,7.83223255813953,7.04876637795276,7.01428571428571,7.3315625,7.45955950892857,129,127,14,32,224,26920,14452,12468,2319,3076,23844,7.56401118424963,7.94203224536397,7.12583662736606,7.04904917205692,7.57910855656697,7.56206354470726,96
"99",2022,4,7.4964367816092,261,7.86427586206897,7.03663793103448,6.85555555555556,7.34259259259259,7.51418803418803,145,116,18,27,234,27181,14597,12584,2337,3103,24078,7.56336231485229,7.94125984859903,7.12501438890655,7.04755884895164,7.57705057041573,7.56159827062048,97
"100",2022,5,7.53420408163265,245,7.98796610169491,7.11259842519685,7.53333333333333,7.65535714285714,7.51857142857143,118,127,15,28,217,27426,14715,12711,2352,3131,24295,7.56310184058922,7.94163438735984,7.12489033671623,7.0506569005102,7.57775085276269,7.56121396007409,98
"101",2022,6,7.28886138613861,202,7.52826086956522,7.08863636363636,7.16666666666667,7.23952380952381,7.29458563535912,92,110,9,21,181,27628,14807,12821,2361,3152,24476,7.56109675256986,7.93906598298103,7.124579289447,7.05109912325286,7.57549743654822,7.55924224383069,99
"102",2022,7,7.44763659836066,244,7.8023163559322,7.11547619047619,7.17272727272727,7.2141332,7.47429223744292,118,126,11,25,219,27872,14925,12947,2372,3177,24695,7.56010348772962,7.93798481340034,7.12449069823125,7.05166316610455,7.57265384010072,7.5584888908686,100
"103",2022,8,7.29496424892704,233,7.632239609375,6.88380952380952,6.95,6.99666666666667,7.33904763546798,128,105,10,30,203,28105,15053,13052,2382,3207,24898,7.55790539334638,7.93538497375939,7.12255447977322,7.05123636859781,7.56726574680387,7.55669972809061,101
"104",2022,9,7.52804051401869,214,7.82585714285714,7.27643681034483,7.01230769230769,7.72178947368421,7.50916241025641,98,116,13,19,195,28319,15151,13168,2395,3226,25093,7.55767971150111,7.93467652366181,7.12391006530985,7.05102506471816,7.56817583694978,7.55633031124218,102
"105",2022,10,7.4475,260,7.68598484848485,7.2015625,7.0775,7.4625,7.44625,132,128,20,20,240,28579,15283,13296,2415,3246,25333,7.55667734175444,7.9325285618007,7.12465762184116,7.05124431884058,7.56752472273567,7.55528743141357,103
"106",2022,11,7.35082448763251,283,7.68193798449612,7.07346318181818,6.75117647058824,7.65,7.3192708203125,129,154,17,27,256,28862,15412,13450,2432,3273,25589,7.55465889681935,7.93043109330392,7.12407145501859,7.04914680509868,7.56820508707608,7.55292625073274,104
"107",2022,12,7.53901470588235,272,7.8622695035461,7.19108396946565,7.33571428571429,7.82703703703704,7.50727346938775,141,131,14,27,245,29134,15553,13581,2446,3300,25834,7.55451283998078,7.92981315566129,7.1247178462558,7.05078701144726,7.5703228030303,7.55249329681815,105
