"","year","month","avg_rating","no_ratings","avg_rating_owned","avg_rating_not_owned","avg_rating_prev_owned","avg_rating_comment","avg_rating_no_comment","no_ratings_owned","no_ratings_not_owned","no_ratings_prev_owned","no_ratings_comment","no_ratings_no_comment","cum_no_ratings","cum_no_ratings_owned","cum_no_ratings_not_owned","cum_no_ratings_prev_owned","cum_no_ratings_comment","cum_no_ratings_no_comment","cum_avg_rating","cum_avg_rating_owned","cum_avg_rating_not_owned","cum_avg_rating_prev_owned","cum_avg_rating_comment","cum_avg_rating_no_comment","month_after_release"
"1",2005,3,7.5,4,8.5,6.5,NA,5,8.33333333333333,2,2,0,1,3,4,2,2,0,1,3,7.5,8.5,6.5,NA,5,8.33333333333333,0
"2",2005,4,8.03333333333333,60,8.39772727272727,7.03125,8,7.91666666666667,8.15,44,16,1,30,30,64,46,18,1,31,33,8,8.40217391304348,6.97222222222222,8,7.82258064516129,8.16666666666667,1
"3",2005,5,7.7051724137931,58,7.99777777777778,6.69230769230769,8,7.51290322580645,7.92592592592593,45,13,1,31,27,122,91,31,2,62,60,7.85983606557377,8.2021978021978,6.85483870967742,8,7.66774193548387,8.05833333333333,2
"4",2005,6,7.76612903225806,62,8.05681818181818,7.05555555555556,7,7.57692307692308,7.90277777777778,44,18,2,26,36,184,135,49,4,88,96,7.82826086956522,8.15481481481481,6.92857142857143,7.5,7.64090909090909,8,3
"5",2005,7,7.97962962962963,54,8.3,7.435,8.25,8.13214285714286,7.81538461538462,34,20,2,28,26,238,169,69,6,116,122,7.86260504201681,8.18402366863905,7.07536231884058,7.75,7.75948275862069,7.96065573770492,4
"6",2005,8,7.91944444444444,72,8.0593220338983,7.28461538461538,9,7.86206896551724,7.95813953488372,59,13,1,29,43,310,228,82,7,145,165,7.8758064516129,8.15175438596491,7.10853658536585,7.92857142857143,7.78,7.96,5
"7",2005,9,7.90729166666667,48,8.10714285714286,7.6275,9,7.48947368421053,8.18103448275862,28,20,2,19,29,358,256,102,9,164,194,7.88002793296089,8.146875,7.21029411764706,8.16666666666667,7.74634146341463,7.9930412371134,6
"8",2005,10,7.77358490566038,53,8.0609756097561,6.79166666666667,7,8.075,7.59090909090909,41,12,1,20,33,411,297,114,10,184,227,7.86630170316302,8.13501683501683,7.16622807017544,8.05,7.7820652173913,7.93458149779736,7
"9",2005,11,7.83518518518519,54,8.08157894736842,7.25,6.75,7.86923076923077,7.80357142857143,38,16,2,26,28,465,335,130,12,210,255,7.86268817204301,8.1289552238806,7.17653846153846,7.83333333333333,7.79285714285714,7.92019607843137,8
"10",2005,12,7.64012345679012,81,7.91393442622951,6.805,7.5,7.453125,7.76224489795918,61,20,2,32,49,546,396,150,14,242,304,7.82967032967033,8.09583333333333,7.127,7.78571428571429,7.74793388429752,7.89473684210526,9
"11",2006,1,7.94476744186047,86,8.10245901639344,7.56,7.5,7.96805555555556,7.928,61,25,4,36,50,632,457,175,18,278,354,7.84533227848101,8.09671772428884,7.18885714285714,7.72222222222222,7.77643884892086,7.89943502824859,10
"12",2006,2,7.93490566037736,53,8.01410256410256,7.71428571428571,8,8.13333333333333,7.8046875,39,14,4,21,32,685,496,189,22,299,386,7.85226277372263,8.09022177419355,7.22777777777778,7.77272727272727,7.80150501672241,7.89158031088083,11
"13",2006,3,7.57041379310345,58,7.96546341463415,6.61764705882353,8,7.04516666666667,7.94117647058824,41,17,2,24,34,743,537,206,24,323,420,7.83026110363392,8.08069646182495,7.17742718446602,7.79166666666667,7.74530650154799,7.89559523809524,12
"14",2006,4,8.05,62,8.11960784313725,7.72727272727273,8,7.93333333333333,8.10975609756098,51,11,1,21,41,805,588,217,25,344,461,7.8471850931677,8.08407142857143,7.20529953917051,7.8,7.75678488372093,7.9146420824295,13
"15",2006,5,7.9015873015873,63,8.1625,7.06666666666667,6.875,7.91176470588235,7.89782608695652,48,15,4,17,46,868,636,232,29,361,507,7.851133640553,8.08999056603774,7.19633620689655,7.67241379310345,7.76408310249307,7.91311637080868,14
"16",2006,6,7.71981818181818,55,8.00219512195122,6.89285714285714,8,7.3125,8.14222222222222,41,14,1,28,27,923,677,246,30,389,534,7.84330877573131,8.08467355982275,7.17906504065041,7.68333333333333,7.73157840616967,7.92470037453184,15
"17",2006,7,7.05352112676056,71,7.38372093023256,6.54642857142857,6.875,6.828125,7.23846153846154,43,28,4,32,39,994,720,274,34,421,573,7.7868953722334,8.04281111111111,7.11441605839416,7.58823529411765,7.66290736342043,7.87799301919721,16
"18",2006,8,7.45316455696203,79,7.78653846153846,6.81111111111111,7,7.10967741935484,7.675,52,27,3,31,48,1073,772,301,37,452,621,7.76232432432432,8.02554922279793,7.08720930232558,7.54054054054054,7.62496460176991,7.86230273752013,17
"19",2006,9,7.44107142857143,56,7.62682926829268,6.93333333333333,8,7.15384615384615,7.69,41,15,1,26,30,1129,813,316,38,478,651,7.74638972542073,8.00544157441574,7.07990506329114,7.55263157894737,7.59933891213389,7.85436251920123,18
"20",2006,10,7.57514285714286,70,7.90434782608696,6.94416666666667,7.25,7.39777777777778,7.63653846153846,46,24,2,18,52,1199,859,340,40,496,703,7.73639199332777,8.00002793946449,7.07032352941176,7.5375,7.59202419354839,7.83825035561878,19
"21",2006,11,7.57333333333333,60,7.82553191489362,6.66153846153846,NA,7.47894736842105,7.61707317073171,47,13,0,19,41,1259,906,353,40,515,744,7.72862112787927,7.9909757174393,7.05526912181303,7.5375,7.58785242718447,7.82606182795699,20
"22",2006,12,7.5162962962963,135,7.72166666666667,7.10555555555556,NA,7.54878048780488,7.50212765957447,90,45,0,41,94,1394,996,398,40,556,838,7.70805882352941,7.966640562249,7.06095477386935,7.5375,7.58497122302158,7.78972553699284,21
"23",2007,1,7.59180327868852,122,7.86024096385542,7.02051282051282,7.8,7.70833333333333,7.51621621621622,83,39,1,48,74,1516,1079,437,41,604,912,7.69870316622691,7.95845597775718,7.05734553775744,7.54390243902439,7.59477483443709,7.76753289473684,22
"24",2007,2,7.43371048192771,83,7.88928571428571,6.4888137037037,6,7.18620689655172,7.56662907407407,56,27,2,29,54,1599,1135,464,43,633,966,7.68494807379612,7.95504317180617,7.02426286637931,7.47209302325581,7.57605687203791,7.75630224637681,23
"25",2007,3,7.32298850574713,87,7.67884615384615,6.79428571428571,7.825,6.9551724137931,7.50689655172414,52,35,4,29,58,1686,1187,499,47,662,1024,7.66627044483986,7.94294355518113,7.00813220440882,7.50212765957447,7.54885800604229,7.74217575195312,24
"26",2007,4,7.89375,64,8.1825,7.4125,7.5,7.80526315789474,7.93111111111111,40,24,2,19,45,1750,1227,523,49,681,1069,7.67458969714286,7.95075305623472,7.0266882791587,7.50204081632653,7.55601174743025,7.7501290645463,25
"27",2007,5,7.35202702702703,74,7.565,6.90833333333333,7.05,7.472,7.29081632653061,50,24,2,25,49,1824,1277,547,51,706,1118,7.66150327302632,7.93564917776038,7.02149537477148,7.4843137254902,7.55303682719547,7.7299981842576,26
"28",2007,6,7.5865671641791,67,7.6921568627451,7.25,7.5,7.47058823529412,7.626,51,16,1,17,50,1891,1328,563,52,723,1168,7.65884821258593,7.92629819277108,7.02798928952043,7.48461538461539,7.55109820193638,7.72554620719178,27
"29",2007,7,7.45,86,7.68965517241379,6.95357142857143,7.25,7.51851851851852,7.41864406779661,58,28,2,27,59,1977,1386,591,54,750,1227,7.64976326251897,7.91639538239538,7.02446357021997,7.47592592592593,7.54992533333333,7.71078889160554,28
"30",2007,8,7.64878048780488,82,7.86825396825397,6.92105263157895,7.16666666666667,7.8625,7.56034482758621,63,19,3,24,58,2059,1449,610,57,774,1285,7.64972412336086,7.91430227743271,7.02124257377049,7.45964912280702,7.55961757105943,7.70399842023346,29
"31",2007,9,7.8421686746988,83,7.96440677966102,7.54166666666667,8,7.91666666666667,7.82153846153846,59,24,1,18,65,2142,1508,634,58,792,1350,7.65718112511672,7.9162625994695,7.040943170347,7.46896551724138,7.56773232323232,7.70965775555555,30
"32",2007,10,7.47119565217391,92,7.82692307692308,6.61481481481481,7.92,7.10416666666667,7.60073529411765,65,27,5,24,68,2234,1573,661,63,816,1418,7.64952192032229,7.91257088366179,7.02353701966717,7.50476190476191,7.55409803921569,7.70443439351199,31
"33",2007,11,7.42991160714286,112,7.83831298701299,6.53142857142857,7.375,7.30425744680851,7.52076923076923,77,35,4,47,65,2346,1650,696,67,863,1483,7.63903754049446,7.90910551515151,6.99879018678161,7.49701492537314,7.54049142526072,7.6963843358058,32
"34",2007,12,7.51550387596899,129,7.91494252873563,6.68809523809524,6.66666666666667,6.99791666666667,7.82222222222222,87,42,6,48,81,2475,1737,738,73,911,1564,7.63259881616162,7.90939786989062,6.98110836043361,7.42876712328767,7.51190351262349,7.70290151534527,33
"35",2008,1,7.51826923076923,156,7.86028037383178,6.77142857142857,6.42,7.467,7.54245283018868,107,49,5,50,106,2631,1844,787,78,961,1670,7.62581986697073,7.90654777657267,6.96805332909784,7.36410256410257,7.50956722164412,7.69271734730539,34
"36",2008,2,7.61635514018692,107,7.825,7.10483870967742,7.66666666666667,7.425,7.69090909090909,76,31,3,30,77,2738,1920,818,81,991,1747,7.6254499890431,7.90331984375,6.97323712713937,7.37530864197531,7.50700716448032,7.69263764739554,35
"37",2008,3,7.77522935779816,109,8.02564102564103,7.14516129032258,6,7.41176470588235,7.94,78,31,2,34,75,2847,1998,849,83,1025,1822,7.63118442922374,7.90809514514515,6.97951468786808,7.3421686746988,7.50384790243902,7.70281996158068,36
"38",2008,4,7.76814159292035,113,7.88313253012048,7.45,7.375,7.61176470588235,7.83544303797468,83,30,4,34,79,2960,2081,879,87,1059,1901,7.63641286148649,7.9070995194618,6.99557220705347,7.34367816091954,7.50731265344665,7.70833138874277,37
"39",2008,5,7.76130952380952,84,7.96209677419355,7.19545454545455,7.875,7.706,7.78474576271186,62,22,4,25,59,3044,2143,901,91,1084,1960,7.63985941852825,7.90869066728885,7.00045279689234,7.36703296703297,7.51189492619926,7.71063161734694,38
"40",2008,6,7.69411764705882,102,7.92238805970149,7.25714285714286,7.625,7.82058823529412,7.63088235294118,67,35,4,34,68,3146,2210,936,95,1118,2028,7.6416185855054,7.90910592760181,7.01005125,7.37789473684211,7.52128273703041,7.70795757889546,39
"41",2008,7,7.67163636363636,110,7.92467532467532,7.08121212121212,6.79818181818182,7.47441176470588,7.75986842105263,77,33,11,34,76,3256,2287,969,106,1152,2104,7.64263269963145,7.90963012680367,7.01247468524252,7.3177358490566,7.51989939236111,7.70983268536122,40
"42",2008,8,7.39991150442478,113,7.76619718309859,6.78071428571429,5.90909090909091,6.9962962962963,7.52662790697674,71,42,11,27,86,3369,2358,1011,117,1179,2190,7.63449156129415,7.90531132315522,7.00284665677547,7.18529914529915,7.5079084817642,7.70263834246575,41
"43",2008,9,7.4301652892562,121,7.83648648648649,6.79042553191489,6.99583333333333,7.11511627906977,7.60384615384615,74,47,12,43,78,3490,2432,1058,129,1222,2268,7.62740746991404,7.90321714638158,6.99341017958412,7.16767441860465,7.49408682487725,7.69924072751323,42
"44",2008,10,7.66310679611651,103,7.88133333333333,7.07857142857143,7.07142857142857,7.42272727272727,7.72839506172839,75,28,7,22,81,3593,2507,1086,136,1244,2349,7.62843085722238,7.90256246509773,6.99560586556169,7.1627205882353,7.49282483922829,7.70024604938271,43
"45",2008,11,7.3947619047619,105,7.58405797101449,7.03194444444444,6.16666666666667,7.23870967741935,7.46013513513514,69,36,6,31,74,3698,2576,1122,142,1275,2423,7.6217961249324,7.8940310947205,6.99677180926916,7.1206338028169,7.48664635294117,7.69291290548906,44
"46",2008,12,7.69993197278912,147,7.89724770642202,7.13394736842105,6.90909090909091,7.63157894736842,7.72376146788991,109,38,11,38,109,3845,2685,1160,153,1313,2532,7.62478337321196,7.89416167597765,7.00126549137931,7.10542483660131,7.49084089870525,7.69424090442338,45
"47",2009,1,7.69528301886792,159,7.97122641509434,7.14339622641509,6.62666666666667,7.36734693877551,7.84136363636364,106,53,15,49,110,4004,2791,1213,168,1362,2642,7.62758293456543,7.89708853457542,7.00747565539984,7.06267857142857,7.48639801762114,7.70036637774413,46
"48",2009,2,7.21177966101695,236,7.60117117117117,6.866,6.87692307692308,7.13804347826087,7.22963157894737,111,125,13,46,190,4240,2902,1338,181,1408,2832,7.60443916745283,7.88576984838043,6.99425857249626,7.04933701657459,7.47501711647727,7.66878459392655,47
"49",2009,3,7.49321608040201,199,7.85803571428571,7.0235632183908,6.55555555555556,7.29375,7.5314371257485,112,87,18,32,167,4439,3014,1425,199,1440,2999,7.59945304573102,7.88473925016589,6.99604769824561,7.00467336683417,7.47098895833333,7.6611363687896,48
"50",2009,4,7.44825,200,7.74205607476635,7.11021505376344,6.75,7.55,7.43029411764706,107,93,4,30,170,4639,3121,1518,203,1470,3169,7.59293426816124,7.87984751682153,7.00304214097497,6.99965517241379,7.47260142857143,7.64875290943515,49
"51",2009,5,7.45467032967033,182,7.74550561797753,7.17634408602151,6.95833333333333,7.37777777777778,7.46806451612903,89,93,12,27,155,4821,3210,1611,215,1497,3324,7.58771459655673,7.87612277258567,7.01304653631285,6.9973488372093,7.47089118236473,7.64032730746089,50
"52",2009,6,7.29831081081081,148,7.36428571428571,7.22676056338028,7.91666666666667,7.20227272727273,7.31507936507936,77,71,6,22,126,4969,3287,1682,221,1519,3450,7.57909480177098,7.86413267417098,7.02206775862069,7.02230769230769,7.46700072416063,7.62844868695652,51
"53",2009,7,7.2928125,160,7.51988636363636,7.01527777777778,7.36666666666667,7.15147058823529,7.33095238095238,88,72,15,34,126,5129,3375,1754,236,1553,3576,7.57016417820238,7.85515677037037,7.02178903648803,7.04419491525424,7.46009278815196,7.61796643456376,52
"54",2009,8,7.39411764705882,170,7.66223404255319,7.0625,7.43846153846154,7.21428571428571,7.42957746478873,94,76,13,28,142,5299,3469,1830,249,1581,3718,7.56451633704472,7.84992911501874,7.02347976502732,7.06477911646587,7.4557394686907,7.61077137439484,53
"55",2009,9,7.52506172839506,162,7.7155,7.21790322580645,6.94705882352941,7.50483870967742,7.52984732824427,100,62,17,31,131,5461,3569,1892,266,1612,3849,7.56334592016114,7.8461625385262,7.02985093551797,7.05725563909775,7.45668368486352,7.60801713951676,54
"56",2009,10,7.47251461988304,171,7.67171717171717,7.19861111111111,7.5,7.32142857142857,7.52170542635659,99,72,10,42,129,5632,3668,1964,276,1654,3978,7.5605880806108,7.8414542257361,7.03603766293279,7.07329710144928,7.45324915356711,7.60521819255907,55
"57",2009,11,7.51102150537634,186,7.76952380952381,7.17592592592593,7.27105263157895,7.60851063829787,7.47805755395683,105,81,19,47,139,5818,3773,2045,295,1701,4117,7.55900344963905,7.83945245163,7.04157846943765,7.08603389830509,7.45753915343915,7.6009249380617,56
"58",2009,12,7.51906614785992,257,7.859375,7.0853982300885,7.52777777777778,7.607,7.49782608695652,144,113,18,50,207,6075,3917,2158,313,1751,4324,7.55731392098765,7.84018486086291,7.04387301668211,7.11143769968051,7.4618070245574,7.59598935476411,57
"59",2010,1,7.45883392226148,283,7.675,7.15213675213675,6.98269230769231,7.0695652173913,7.53438818565401,166,117,26,46,237,6358,4083,2275,339,1797,4561,7.55293049229317,7.83346904237081,7.04944086593407,7.10156342182891,7.45176633277685,7.59278841701381,58
"60",2010,2,7.49760638297872,188,7.75963302752294,7.13607594936709,7.625,7.5,7.49722222222222,109,79,6,26,162,6546,4192,2354,345,1823,4723,7.55134159333944,7.83154916507633,7.05234833050127,7.11066666666667,7.45245425123423,7.58951047427483,59
"61",2010,3,7.61339285714286,168,8.00104166666667,7.09652777777778,7.34090909090909,7.71724137931034,7.59172661870504,96,72,11,29,139,6714,4288,2426,356,1852,4862,7.55289426124516,7.83534377332089,7.05365950948063,7.11778089887641,7.45660048596112,7.58957383175648,60
"62",2010,4,7.4296,125,7.6025641025641,7.14255319148936,6.875,7.30416666666667,7.45940594059406,78,47,4,24,101,6839,4366,2473,360,1876,4963,7.55064074718526,7.83118508932661,7.05534895673271,7.11508333333333,7.45465037313433,7.58692483779972,61
"63",2010,5,7.5325,140,7.78035714285714,7.16071428571429,7,7.67045454545455,7.50677966101695,84,56,5,22,118,6979,4450,2529,365,1898,5081,7.55027684052157,7.83022564044944,7.05768207591934,7.11350684931507,7.45715179135932,7.58506356425901,62
"64",2010,6,7.61792452830189,106,7.80806451612903,7.35,7.75,7.5304347826087,7.6421686746988,62,44,4,23,83,7085,4512,2573,369,1921,5164,7.55128893013409,7.8299211214539,7.06268090555772,7.12040650406504,7.45802920353982,7.58598140395043,63
"65",2010,7,7.67125833333333,120,7.97534666666667,7.16444444444444,6.6,7.856,7.62264210526316,75,45,8,25,95,7205,4587,2618,377,1946,5259,7.55328703261624,7.83229890996294,7.06443008785332,7.10936339522547,7.46314188078109,7.5866436527857,64
"66",2010,8,7.51935483870968,124,7.75333333333333,7.16122448979592,7.08333333333333,8,7.43238095238095,75,49,6,19,105,7329,4662,2667,383,1965,5364,7.55271293082276,7.83102854997855,7.06620846269217,7.10895561357702,7.46833287531807,7.58362396905295,65
"67",2010,9,7.43791666666667,120,7.79459459459459,6.86413043478261,6.4375,7.725,7.39375,74,46,8,16,104,7449,4736,2713,391,1981,5468,7.55086361525037,7.83045926942567,7.06278214891265,7.09521739130435,7.47040590610803,7.58001261338698,66
"68",2010,10,7.54029850746269,134,7.82444444444444,6.95909090909091,6.74,7.60416666666667,7.52636363636364,90,44,5,24,110,7583,4826,2757,396,2005,5578,7.55067691810629,7.83034709904683,7.06112730141458,7.09073232323232,7.47200703241895,7.57895463786304,67
"69",2010,11,7.41213017751479,169,7.68537735849057,6.95238095238095,7.02083333333333,7.43529411764706,7.4062962962963,106,63,12,34,135,7752,4932,2820,408,2039,5713,7.54765648477812,7.82723136658556,7.05869786170213,7.08867647058824,7.47139485041687,7.57487466654998,68
"70",2010,12,7.53593073593074,231,7.90714285714286,6.96483516483516,6.98571428571429,7.5,7.54322916666667,140,91,21,39,192,7983,5072,2911,429,2078,5905,7.54731718276337,7.82943712539432,7.05576364479561,7.08363636363636,7.47193171318575,7.57384571888231,69
"71",2011,1,7.66099236641221,262,7.8816265060241,7.27947916666667,6.91666666666667,7.50288461538462,7.70014285714286,166,96,12,52,210,8245,5238,3007,441,2130,6115,7.5509294202547,7.83109108438335,7.06290587628866,7.07909297052154,7.47268737089202,7.57818298773508,70
"72",2011,2,7.68583815028902,173,7.92383177570093,7.3,6.7,7.79393939393939,7.66035714285714,107,66,10,33,140,8418,5345,3073,451,2163,6255,7.55370195652174,7.83294763330215,7.06799803774813,7.07068736141907,7.47758858067499,7.58002221742606,71
"73",2011,3,7.44835164835165,182,7.76875,7.0906976744186,6.5,7.45294117647059,7.44787878787879,96,86,12,17,165,8600,5441,3159,463,2180,6420,7.55147245,7.83181494210623,7.06861600823045,7.05589632829374,7.47739637614679,7.57662600778816,72
"74",2011,4,7.521875,160,7.80285714285714,6.98545454545455,6.9,7.61774193548387,7.49883720930233,105,55,15,31,129,8760,5546,3214,478,2211,6549,7.55093185730594,7.83126669671836,7.06719289670193,7.05100418410042,7.47936413387608,7.57509375019087,73
"75",2011,5,7.68198757763975,161,7.989,7.17868852459016,7.19090909090909,7.50540540540541,7.73467741935484,100,61,11,37,124,8921,5646,3275,489,2248,6673,7.55329705974667,7.83406041445271,7.06926960916031,7.05415132924335,7.47979274911032,7.57805918927019,74
"76",2011,6,7.42572463768116,138,7.8120253164557,6.90847457627119,7.55,7.65,7.38771186440678,79,59,10,20,118,9059,5725,3334,499,2268,6791,7.55135368914891,7.83375634934498,7.06642410617877,7.06408817635271,7.48129369488536,7.57475172581358,75
"77",2011,7,7.56484848484848,165,7.98965517241379,7.09102564102564,7.6,7.30333333333333,7.62296296296296,87,78,9,30,135,9224,5812,3412,508,2298,6926,7.55159508564614,7.83609000344116,7.06698650937867,7.07358267716535,7.47897045256745,7.57569144816633,76
"78",2011,8,7.54840340909091,176,7.73249137931034,7.1925,7.246875,7.43845454545455,7.57377622377622,116,60,16,33,143,9400,5928,3472,524,2331,7069,7.55153532659575,7.83406276990553,7.06915552131337,7.07887404580153,7.47839686829687,7.5756527047673,77
"79",2011,9,7.56790540540541,148,7.63854166666667,7.4375,7.13636363636364,7.44444444444444,7.59545454545455,96,52,11,27,121,9548,6024,3524,535,2358,7190,7.55178907310432,7.83094689575033,7.07459079738933,7.08005607476635,7.47800810008482,7.57598594853964,78
"80",2011,10,7.54463087248322,149,7.86413043478261,7.02894736842105,6.5,7.42291666666667,7.568,92,57,6,24,125,9697,6116,3581,541,2382,7315,7.55167908322162,7.83144605951602,7.07386427534208,7.07362292051756,7.47745302267003,7.57584948325359,79
"81",2011,11,7.48048245614035,228,7.83138686131387,6.9521978021978,5.97916666666667,7.24722222222222,7.52421875,137,91,12,36,192,9925,6253,3672,553,2418,7507,7.55004353350126,7.83144476251399,7.07084912037037,7.04987341772152,7.47402526881721,7.5745289689623,80
"82",2011,12,7.53094059405941,202,7.77761194029851,7.04485294117647,7.6,7.64054054054054,7.50636363636364,134,68,11,37,165,10127,6387,3740,564,2455,7672,7.54966249333465,7.83031534366682,7.07037646256685,7.06060283687943,7.47653486761711,7.57306295229406,81
"83",2012,1,7.46910569105691,246,7.70692771084337,6.975625,6.06666666666667,7.47777777777778,7.46716417910448,166,80,15,45,201,10373,6553,3820,579,2500,7873,7.54775205533597,7.82718969937433,7.06839213874346,7.03485319516408,7.47655724,7.570359325543,82
"84",2012,2,7.4812077294686,207,7.7906976744186,6.96935897435897,6.75714285714286,7.56666666666667,7.465,129,78,14,33,174,10580,6682,3898,593,2533,8047,7.54645010113422,7.8264851990422,7.06641045920985,7.02829679595278,7.47773118831425,7.56808114452591,83
"85",2012,3,7.55791525423729,177,7.8738623853211,7.05147058823529,6.83333333333333,7.49358064516129,7.57157534246575,109,68,9,31,146,10757,6791,3966,602,2564,8193,7.5466387533699,7.82724563392726,7.06615430408472,7.02538205980066,7.47792281591264,7.5681434114488,84
"86",2012,4,7.5337125748503,167,7.7809649122807,7.00188679245283,7.20866666666667,7.26375,7.57902097902098,114,53,15,24,143,10924,6905,4019,617,2588,8336,7.54644114518492,7.82648154960174,7.06530678526997,7.0298379254457,7.47593666924266,7.56833001079655,85
"87",2012,5,7.5287037037037,162,7.86377551020408,7.015625,7.18181818181818,7.81363636363636,7.48392857142857,98,64,11,22,140,11086,7003,4083,628,2610,8476,7.54618194750135,7.82700344138226,7.06452803575802,7.0325,7.47878318007663,7.56693593322322,86
"88",2012,6,7.5609756097561,164,7.73532110091743,7.21545454545455,7.08333333333333,7.61176470588235,7.55510204081633,109,55,15,17,147,11250,7112,4138,643,2627,8623,7.54639760622222,7.82559829865017,7.06653406718221,7.03368584758942,7.47964373810431,7.56673419575554,87
"89",2012,7,7.50555555555556,180,7.74541666666667,7.02583333333333,6.7,7.24074074074074,7.55228758169935,120,60,10,27,153,11430,7232,4198,653,2654,8776,7.54575442432196,7.82426785121681,7.06595235111958,7.02857580398162,7.47721330067823,7.56648233477667,88
"90",2012,8,7.6021978021978,182,7.95849056603774,7.10526315789474,7.19230769230769,7.54166666666667,7.61139240506329,106,76,13,24,158,11612,7338,4274,666,2678,8934,7.54663908629005,7.82620674570728,7.06665137342068,7.03177177177177,7.47779092606423,7.56727658047907,89
"91",2012,9,7.583,150,7.84322916666667,7.12037037037037,6.68181818181818,7.21,7.6576,96,54,11,25,125,11762,7434,4328,677,2703,9059,7.54710279459276,7.82642656712402,7.06732161968577,7.02608567208272,7.47531413244543,7.56852290208633,90
"92",2012,10,7.54239130434783,184,7.73938053097345,7.22887323943662,7.66428571428571,7.79117647058824,7.486,113,71,14,34,150,11946,7547,4399,691,2737,9209,7.54703022517998,7.82512324102292,7.06992906797,7.03901591895803,7.47923788819876,7.56717873493322,91
"93",2012,11,7.46658536585366,205,7.81693548387097,6.93024691358025,7.5,7.40789473684211,7.47994011976048,124,81,16,38,167,12151,7671,4480,707,2775,9376,7.5456730367871,7.82499088775909,7.06740356473214,7.04944837340877,7.47826093693694,7.56562489014505,92
"94",2012,12,7.66725225225225,222,8.01936170212766,7.05432098765432,6.85,7.42515151515151,7.70952380952381,141,81,10,33,189,12373,7812,4561,717,2808,9565,7.54785444677928,7.82849911674347,7.06717122780092,7.04666666666667,7.47763678774929,7.56846826659697,93
"95",2013,1,7.57940677966102,354,7.82412244897959,7.02935779816514,7.175,7.70927272727273,7.55551839464883,245,109,16,55,299,12727,8057,4670,733,2863,9864,7.54873207118724,7.82836602953953,7.06628864453962,7.04946793997272,7.48208665735243,7.56807572688565,94
"96",2013,2,7.66519417475728,206,7.83471830985915,7.2890625,6.88888888888889,7.67241379310345,7.66401129943503,142,64,9,29,177,12933,8199,4734,742,2892,10041,7.55058710817289,7.82847604585925,7.069300373891,7.04752021563342,7.48399519363762,7.5697668529031,95
"97",2013,3,7.56645739910314,223,7.74946666666667,7.19041095890411,7.425,7.59117647058823,7.56201058201058,150,73,10,34,189,13156,8349,4807,752,2926,10230,7.55085611660079,7.8270565456941,7.07113958185979,7.05253989361702,7.48524063568011,7.56962355522972,96
"98",2013,4,7.67707317073171,164,7.79525423728814,7.37391304347826,7.33333333333333,7.50277777777778,7.69856164383562,118,46,9,18,146,13320,8467,4853,761,2944,10376,7.55241014039039,7.8266133341207,7.07400947249124,7.05586070959264,7.48534786005435,7.5714378344256,97
"99",2013,5,7.42836633663366,202,7.67446153846154,6.98402777777778,7.18888888888889,7.35371428571429,7.4440119760479,130,72,18,35,167,13522,8597,4925,779,2979,10543,7.55055709732288,7.82431256252181,7.07269400406091,7.05893453145058,7.48380130916415,7.56941942236555,98
"100",2013,6,7.60489247311828,186,7.82115384615385,7.10285714285714,7.33,7.34791666666667,7.64296296296296,130,56,10,24,162,13708,8727,4981,789,3003,10705,7.5512943587686,7.82426550933883,7.07303311985545,7.0623700887199,7.48271531801532,7.57053236524989,99
"101",2013,7,7.60654008438819,237,7.89612676056338,7.17368421052632,7.56666666666667,7.33620689655172,7.64423076923077,142,95,15,29,208,13945,8869,5076,804,3032,10913,7.55223327859448,7.82541606720036,7.07491685776202,7.07177860696517,7.4813140171504,7.57193704480895,100
"102",2013,8,7.69334763948498,233,7.85601265822785,7.35066666666667,7.22,7.63461538461539,7.70072463768116,158,75,10,26,207,14178,9027,5151,814,3058,11120,7.55455233954013,7.82595160075329,7.07893185206756,7.07359950859951,7.48261742969261,7.5743344397482,101
"103",2013,9,7.7103982300885,226,7.92823129251701,7.30506329113924,7.435,8.18409090909091,7.6593137254902,147,79,10,22,204,14404,9174,5230,824,3080,11324,7.55699757497917,7.82759048397645,7.0823476042065,7.0779854368932,7.48762795454546,7.57586532762275,102
"104",2013,10,7.64583333333333,228,7.92979452054795,7.14024390243902,7.11875,7.6625,7.6435,146,82,16,28,200,14632,9320,5312,840,3108,11524,7.55838183911974,7.82919153433476,7.08324133471386,7.0787619047619,7.48920337837838,7.57703913311351,103
"105",2013,11,7.55913194444444,288,7.81527777777778,7.13222222222222,7.20588235294118,7.59625,7.55314516129032,180,108,17,40,248,14920,9500,5420,857,3148,11772,7.55839631836461,7.82892790526316,7.08421733763838,7.08128354725788,7.49056356416773,7.57653576027863,104
"106",2013,12,7.6890625,288,7.87989949748744,7.2623595505618,7.34615384615385,7.65675675675676,7.69382470119522,199,89,13,37,251,15208,9699,5509,870,3185,12023,7.56087079629143,7.8299737189401,7.08709529315665,7.08524137931034,7.49249422291994,7.57898436080845,105
"107",2014,1,7.72269503546099,423,7.93172413793103,7.26691729323308,7.36764705882353,7.73205128205128,7.72174479166667,290,133,17,39,384,15631,9989,5642,887,3224,12407,7.56525002047214,7.83292773050355,7.09133427330734,7.09065388951522,7.49539209057072,7.5834028346901,106
"108",2014,2,7.7536858974359,312,7.87004504504505,7.46666666666667,7.29642857142857,7.56666666666667,7.78768939393939,222,90,28,48,264,15943,10211,5732,915,3272,12671,7.56893765727906,7.8337347076682,7.09722748953245,7.09695081967213,7.49643768337408,7.58765914055718,107
"109",2014,3,7.67250279461279,297,7.99429588235294,7.12545454545455,6.85,7.77162162162162,7.65839742307692,187,110,10,37,260,16240,10398,5842,925,3309,12931,7.57083167487685,7.83662227639931,7.09775898151318,7.09428108108108,7.49951468721668,7.58908145541722,108
"110",2014,4,7.5844296875,256,7.85308641975309,7.12142553191489,7.07142857142857,7.54838709677419,7.58939555555556,162,94,14,31,225,16496,10560,5936,939,3340,13156,7.57104270126091,7.83687485132576,7.09813375505391,7.09394036208733,7.49996829341317,7.58908682730313,109
"111",2014,5,7.67194570135747,221,7.89712230215827,7.29024390243902,7.25,7.84117647058823,7.64117647058824,139,82,16,34,187,16717,10699,6018,955,3374,13343,7.57237664652749,7.83765757827834,7.10075140744433,7.09655497382199,7.50340666864256,7.58981685527992,110
"112",2014,6,7.6985593220339,236,7.93930379746835,7.21089743589744,6.85714285714286,7.90857142857143,7.66199004975124,158,78,7,35,201,16953,10857,6096,962,3409,13544,7.57413321536011,7.83913681772128,7.1021607562336,7.09481288981289,7.5075664711059,7.59088794300059,111
"113",2014,7,7.55036496350365,274,7.88238993710692,7.09130434782609,6.96,7.52820512820513,7.55404255319149,159,115,25,39,235,17227,11016,6211,987,3448,13779,7.57375517501596,7.83976111383442,7.10195974400258,7.09139817629179,7.50779991299304,7.59025954713695,112
"114",2014,8,7.68503448275862,290,7.95170212765957,7.19352941176471,6.4,7.62176470588235,7.6934375,188,102,13,34,256,17517,11204,6313,1000,3482,14035,7.57559744248444,7.84163945287397,7.10343924758435,7.08241,7.50891272257323,7.59214152475953,113
"115",2014,9,7.6707171314741,251,7.93757396449704,7.12073170731707,7.13684210526316,7.8219512195122,7.64119047619048,169,82,19,41,210,17768,11373,6395,1019,3523,14245,7.57694115263395,7.8430650162666,7.10366098045348,7.08342492639843,7.51255580471189,7.59286460512461,114
"116",2014,10,7.54121863799283,279,7.79606741573034,7.09207920792079,7.07692307692308,7.65348837209302,7.52076271186441,178,101,13,43,236,18047,11551,6496,1032,3566,14481,7.57638889566133,7.84234078694485,7.10348090671182,7.08334302325581,7.51425521592821,7.59168954492093,115
"117",2014,11,7.64655063291139,316,7.89192893401015,7.24033613445378,7.29166666666667,7.69769230769231,7.63935018050542,197,119,12,39,277,18363,11748,6615,1044,3605,14758,7.57759627511845,7.84317232124617,7.10594285260771,7.08573754789272,7.51623969486824,7.59258411031305,116
"118",2014,12,7.6745871559633,327,7.88703703703704,7.26117117117117,7.21875,7.84651162790698,7.64855633802817,216,111,16,43,284,18690,11964,6726,1060,3648,15042,7.57929322632424,7.84396426195252,7.10850460451977,7.08774528301887,7.52013270285088,7.59364089216859,117
"119",2015,1,7.71106639839034,497,7.97736686390533,7.14496855345912,6.70416666666667,7.515,7.73798627002288,338,159,24,60,437,19187,12302,6885,1084,3708,15479,7.58270654088706,7.84762952609332,7.10934669135803,7.07925276752768,7.52004964940669,7.59771602170683,118
"120",2015,2,7.564,372,7.85450406504065,6.9968253968254,6.87352941176471,7.625,7.55623636363636,246,126,17,42,330,19559,12548,7011,1101,3750,15809,7.58235075412853,7.84776429948996,7.10732448580802,7.07607629427793,7.52122509333333,7.59685016762604,119
"121",2015,3,7.61216524216524,351,7.8755,7.04279279279279,6.9175,7.504,7.63013289036545,240,111,20,50,301,19910,12788,7122,1121,3800,16110,7.58287636363636,7.84828483187363,7.10631872648133,7.07324710080286,7.52099844736842,7.59747202358783,120
"122",2015,4,7.49986754966887,302,7.75122994652406,7.09113043478261,7.27272727272727,7.31351351351351,7.52588679245283,187,115,22,37,265,20212,12975,7237,1143,3837,16375,7.58163607757768,7.84688604470135,7.10607737598452,7.07708661417323,7.51899768047954,7.59631354503817,121
"123",2015,5,7.56642335766423,274,7.83132911392405,7.20560344827586,7.2625,7.44090909090909,7.58360995850622,158,116,20,33,241,20486,13133,7353,1163,3870,16616,7.58143260763448,7.84669888296657,7.10764748674011,7.08027515047292,7.51833180878553,7.59612929104478,122
"124",2015,6,7.49596958174905,263,7.7796511627907,6.95978021978022,7.26388888888889,7.125,7.53322175732218,172,91,18,24,239,20749,13305,7444,1181,3894,16855,7.58034933731746,7.84583212551672,7.10583986700699,7.08307366638442,7.51590757575758,7.59523727677247,123
"125",2015,7,7.63310996563574,291,7.84799516908213,7.10357142857143,7.26190476190476,7.60454545454545,7.63676356589147,207,84,21,33,258,21040,13512,7528,1202,3927,17113,7.58107905893536,7.84586526272943,7.10581455499469,7.08619800332779,7.51665243188184,7.59586333781336,124
"126",2015,8,7.60014084507042,355,7.75654761904762,7.21747572815534,7.20416666666667,7.79204545454545,7.57299035369775,252,103,24,44,311,21395,13764,7631,1226,3971,17424,7.58139534470671,7.84422997893054,7.10732171012973,7.08850734094617,7.51970387811634,7.5954550792011,125
"127",2015,9,7.59527054794521,292,7.76183163265306,7.25520833333333,7.23846153846154,7.32758620689655,7.62478707224335,196,96,13,29,263,21687,13960,7727,1239,4000,17687,7.5815821644303,7.84307309670487,7.10915904878996,7.0900807102502,7.518311025,7.59589123650138,126
"128",2015,10,7.55936363636364,330,7.87403846153846,7.02286885245902,7.02565217391304,7.47111111111111,7.57329824561404,208,122,23,45,285,22017,14168,7849,1262,4045,17972,7.58124914384339,7.84352769833427,7.107817807364,7.08890649762282,7.51778593325093,7.59553295682172,127
"129",2015,11,7.63155294117647,425,7.90071174377224,7.10631944444444,7.0155,7.39074074074074,7.66660377358491,281,144,20,54,371,22442,14449,7993,1282,4099,18343,7.58220178237234,7.8446397972178,7.10779081321156,7.08776131045242,7.51611224688948,7.59697041378182,128
"130",2015,12,7.53816046966732,511,7.74867647058824,7.11959064327485,6.71666666666667,7.45746268656716,7.55033783783784,340,171,33,67,444,22953,14789,8164,1315,4166,18787,7.58122129569119,7.84243359456353,7.10803796790789,7.07844866920152,7.51516901104177,7.59586832916378,129
"131",2016,1,7.63626984126984,630,7.82728365384615,7.26495327102804,6.97666666666667,7.328,7.66284482758621,416,214,30,50,580,23583,15205,8378,1345,4216,19367,7.5826918712632,7.84201910095363,7.11204606946765,7.07617843866171,7.51294926470588,7.5978741312542,130
"132",2016,2,7.60530612244898,392,7.7379704797048,7.30818181818182,7.30428571428571,7.52424242424242,7.61275766016713,271,121,21,33,359,23975,15476,8499,1366,4249,19726,7.58306162252346,7.84019710713363,7.11483844805271,7.07968521229868,7.51303697340551,7.59814500152084,131
"133",2016,3,7.54364102564103,390,7.86267441860465,6.92007575757576,6.755,7.40425531914894,7.56274052478134,258,132,30,47,343,24365,15734,8631,1396,4296,20069,7.5824306341063,7.84056568132706,7.11185980419418,7.07270773638968,7.5118468575419,7.59753990233694,132
"134",2016,4,7.6334606741573,445,7.82275409836066,7.22107142857143,7.59523809523809,7.77058823529412,7.61571065989848,305,140,21,51,394,24810,16039,8771,1417,4347,20463,7.58334592503023,7.84022697362679,7.11360300649869,7.08045165843331,7.51488247066943,7.59788976689635,133
"135",2016,5,7.77529126213592,412,8.01141447368421,7.11064814814815,7.1047619047619,8.03675,7.74717741935484,304,108,21,40,372,25222,16343,8879,1438,4387,20835,7.58648134168583,7.84341127271615,7.11356706498479,7.0808066759388,7.51964077957602,7.60055523398128,134
"136",2016,6,7.65764705882353,340,7.8614224137931,7.21990740740741,7.28095238095238,7.75531914893617,7.6419795221843,232,108,21,47,293,25562,16575,8987,1459,4434,21128,7.58742791643846,7.84366337435898,7.11484499499276,7.08368745716244,7.52213894903022,7.60112969992427,135
"137",2016,7,7.5855198019802,404,7.76377358490566,7.24568345323741,7,7.41020408163265,7.60971830985916,265,139,23,49,355,25966,16840,9126,1482,4483,21483,7.58739822845259,7.84240620130642,7.11683782270436,7.08238866396761,7.52091548070488,7.60127162407485,136
"138",2016,8,7.51993839835729,487,7.73341040462428,6.99609929078014,6.68571428571429,7.75508474576271,7.48752336448598,346,141,35,59,428,26453,17186,9267,1517,4542,21911,7.58615629229199,7.84021182532294,7.11500075213122,7.07323665128543,7.52395730955526,7.59904971475515,137
"139",2016,9,7.58441441441441,444,7.81468646864686,7.08957446808511,7.07769230769231,7.375,7.61219387755102,303,141,26,52,392,26897,17489,9408,1543,4594,22303,7.58612753838718,7.83976959403054,7.11461968218537,7.07331173039533,7.52227124510231,7.59928073801731,138
"140",2016,10,7.5299358974359,468,7.75157232704403,7.06006666666667,7.04285714285714,7.621875,7.51942857142857,318,150,28,48,420,27365,17807,9558,1571,4642,22723,7.58516654120227,7.83819455438873,7.11376354572086,7.07276893698281,7.52330118483412,7.59780479250099,139
"141",2016,11,7.59213114754098,549,7.86171745152355,7.07446808510638,7,7.50625,7.60346391752577,361,188,31,64,485,27914,18168,9746,1602,4706,23208,7.58530351794798,7.83866195673712,7.11300553765647,7.07136079900125,7.52306929451764,7.59792305670459,140
"142",2016,12,7.52473197781885,541,7.72606299212598,7.0453125,7.16,7.2246875,7.56498951781971,381,160,25,64,477,28455,18549,9906,1627,4770,23685,7.58415190300474,7.83634915251496,7.11191217141126,7.07272280270436,7.5190658490566,7.59725979734009,141
"143",2017,1,7.6215027700831,722,7.82164670658683,7.16778280542986,7.05875,7.43987951807229,7.64509389671361,501,221,40,83,639,29177,19050,10127,1667,4853,24324,7.58507616958563,7.83596248976378,7.1131314278661,7.0723875224955,7.51771153925407,7.59851641588555,142
"144",2017,2,7.55839928057554,556,7.83772959183673,6.89073170731707,6.94827586206897,7.49090909090909,7.56580838323353,392,164,29,55,501,29733,19442,10291,1696,4908,24825,7.58457731813137,7.83599811902068,7.10958720921193,7.07026533018868,7.51741118581907,7.59785632628399,143
"145",2017,3,7.68824091778203,523,7.8375641025641,7.25037593984962,7.11764705882353,7.54047619047619,7.70114345114345,390,133,17,42,481,30256,19832,10424,1713,4950,25306,7.58636922924379,7.8360289143808,7.11138353511128,7.07073555166375,7.51760688888889,7.59981954082036,144
"146",2017,4,7.59241803278689,488,7.76294117647059,7.20067567567568,6.75263157894737,7.45813953488372,7.60539325842697,340,148,19,43,445,30744,20172,10572,1732,4993,25751,7.58646524199844,7.83479701715249,7.1126335575104,7.06724595842956,7.51709475265371,7.59991585957827,145
"147",2017,5,7.55302788844622,502,7.79538690476191,7.06246987951807,7.15625,7.445,7.56238095238095,336,166,32,40,462,31246,20508,10738,1764,5033,26213,7.58592803558856,7.83415132777453,7.11185807133544,7.06886054421769,7.51652177627657,7.59925431274559,146
"148",2017,6,7.44416243654822,394,7.7291015625,6.91557971014493,6.78571428571429,7.435,7.44519774011299,256,138,21,40,354,31640,20764,10876,1785,5073,26567,7.58416268647282,7.83285616596032,7.10936759562339,7.06552941176471,7.51587898679282,7.5972015395039,147
"149",2017,7,7.47827292110874,469,7.74857605177993,6.95625,7.16551724137931,7.28090909090909,7.50449275362319,309,160,29,55,414,32109,21073,11036,1814,5128,26981,7.58261600797284,7.83162034024581,7.10714769572309,7.06712789415656,7.51335883385335,7.59577900374338,148
"150",2017,8,7.60089397089397,481,7.8096855345912,7.19355828220859,7.04821428571429,7.49634146341463,7.61063636363636,318,163,28,41,440,32590,21391,11199,1842,5169,27421,7.58288577477754,7.83129425599551,7.10840539065988,7.06684039087948,7.51322385374347,7.59601740636738,149
"151",2017,9,7.56079812206573,426,7.76909722222222,7.12608695652174,6.89565217391304,7.60980392156863,7.55413333333333,288,138,23,51,375,33016,21679,11337,1865,5220,27796,7.5826007814393,7.83046798422437,7.1086206200935,7.06472922252011,7.51416745210728,7.59545234206361,150
"152",2017,10,7.41250295857988,507,7.65487724550898,6.94456647398844,6.62333333333333,7.4906976744186,7.40525646551724,334,173,30,43,464,33523,22013,11510,1895,5263,28260,7.58002823136354,7.82780377186208,7.10615481928758,7.05774142480211,7.51397569827095,7.59232952229299,151
"153",2017,11,7.50040436241611,596,7.73531707317073,6.98258602150538,7.01808333333333,7.38888888888889,7.51358536585366,410,186,36,63,533,34119,22423,11696,1931,5326,28793,7.57863733989859,7.82611267136423,7.10418972041724,7.05700207146556,7.5124960758543,7.59087185427014,152
"154",2017,12,7.48193811074919,614,7.76062790697674,6.83065217391304,6.86578947368421,7.35294117647059,7.49800366300366,430,184,38,68,546,34733,22853,11880,1969,5394,29339,7.57692791869404,7.82488051590601,7.09995311195286,7.05331183341798,7.51048463107156,7.58914357340059,153
"155",2018,1,7.50151283737024,867,7.73494556280587,6.93814960629921,6.7354347826087,7.60788461538462,7.49289168329177,613,254,46,65,802,35600,23466,12134,2015,5459,30141,7.57509126488764,7.82253115401006,7.0965660927971,7.04605508684863,7.5116443671002,7.58658247669288,154
"156",2018,2,7.51021113243762,521,7.70757660167131,7.07283950617284,6.95666666666667,7.44468085106383,7.51670886075949,359,162,30,47,474,36121,23825,12296,2045,5506,30615,7.57415545056892,7.82079899517314,7.0962534946324,7.04474376528117,7.51107275699237,7.58550065098808,155
"157",2018,3,7.55510504201681,476,7.69380952380952,7.22221428571429,7.32608695652174,7.25344827586207,7.57467561521253,336,140,23,29,447,36597,24161,12436,2068,5535,31062,7.57390767084734,7.81903298952858,7.09767151576069,7.04787282398453,7.50972296296296,7.58534487251304,156
"158",2018,4,7.52827579681275,502,7.84463358662614,6.92664739884393,6.7,7.70106382978723,7.51042736263736,329,173,30,47,455,37099,24490,12609,2098,5582,31517,7.57329020943961,7.81937690935076,7.09532500356888,7.04289847473785,7.51133403797922,7.58426331440175,157
"159",2018,5,7.34213807359307,462,7.66502572953737,6.84085944751381,6.9115625,6.87285363636364,7.3915364354067,281,181,32,44,418,37561,24771,12790,2130,5626,31935,7.57044704001491,7.81762596342497,7.0917238881939,7.04092535211268,7.50634059011731,7.58174069547518,158
"160",2018,6,7.46827986631016,374,7.60623738636364,7.13718181818182,7.11904761904762,7.4125,7.47496008982036,264,110,21,40,334,37935,25035,12900,2151,5666,32269,7.56943977698695,7.81539682085081,7.09211151395349,7.0416880520688,7.5056781080127,7.58063546375779,159
"161",2018,7,7.470283325,400,7.72594201581028,7.03027210884354,7.02058823529412,7.4175,7.47614813888889,253,147,34,40,360,38335,25288,13047,2185,5706,32629,7.56840514595018,7.8145018483075,7.09141477197823,7.04135972540046,7.50505996494917,7.57948264151522,160
"162",2018,8,7.40080081081081,444,7.62590796116505,6.88555555555556,6.75555555555556,7.50282608695652,7.38900894472362,309,135,27,46,398,38779,25597,13182,2212,5752,33027,7.56648616080868,7.81222519435872,7.08930651873767,7.03787115732369,7.50504210013908,7.57718729130711,161
"163",2018,9,7.38773,372,7.67948578512397,6.84461538461538,6.73684210526316,7.61891891891892,7.36219570149254,242,130,19,37,335,39151,25839,13312,2231,5789,33362,7.56478767822022,7.81098199852936,7.08691695688101,7.03530748543254,7.50576993608568,7.57502848240513,162
"164",2018,10,7.51075789473684,475,7.71565625,7.08774193548387,7.31904761904762,7.61354166666667,7.4992037470726,320,155,21,48,427,39626,26159,13467,2252,5837,33789,7.56414001892697,7.80981588975114,7.08692645206802,7.03795337477798,7.50665618639712,7.57407026635888,163
"165",2018,11,7.32010119047619,504,7.56791666666667,6.82447023809524,6.51428571428571,7.52444444444444,7.30006753812636,336,168,28,45,459,40130,26495,13635,2280,5882,34248,7.56107509070521,7.80674821136064,7.08369266813348,7.03152236842105,7.50679227473648,7.57039801535856,164
"166",2018,12,7.46338588441331,571,7.67235859007833,7.03765957446809,7.05641025641026,7.08478260869565,7.49655874285714,383,188,39,46,525,40701,26878,13823,2319,5928,34773,7.55970459521879,7.8048332167572,7.08306659408233,7.03194092281156,7.5035175708502,7.56928319587036,165
"167",2019,1,7.48681461744966,745,7.68242094230769,7.03474666666667,6.73880952380952,7.18549253731343,7.51659128318584,520,225,42,67,678,41446,27398,14048,2361,5995,35451,7.5583943835352,7.80250989451785,7.08229267724943,7.0267263871241,7.4999633294412,7.56827546359764,166
"168",2019,2,7.45188612099644,562,7.62434210526316,7.09181318681319,6.76923076923077,7.3921568627451,7.45784735812133,380,182,26,51,511,42008,27778,14230,2387,6046,35962,7.55696947295753,7.80007257865938,7.08241444342937,7.02392165898618,7.49905394641085,7.56670634169401,167
"169",2019,3,7.5601513229572,514,7.8036605,6.99090909090909,6.84782608695652,7.40222222222222,7.57530443496802,360,154,23,45,469,42522,28138,14384,2410,6091,36431,7.55700793471615,7.80011848283461,7.08143475597887,7.02224107883818,7.49833855852897,7.56681703055091,168
"170",2019,4,7.59084745762712,472,7.71118971061093,7.3583850931677,6.98148148148148,7.81243902439024,7.56976798143852,311,161,27,41,431,42994,28449,14545,2437,6132,36862,7.55737943433968,7.79914632746318,7.08450034582331,7.02178949528108,7.50043870841487,7.56685153382888,169
"171",2019,5,7.4648362720403,397,7.7814788,6.75109286885246,6.64696954545455,7.16896551724138,7.48815217391304,275,122,22,29,368,43391,28724,14667,2459,6161,37230,7.55653272337582,7.79897718075477,7.08172706483944,7.01843608377389,7.49887845479629,7.56607362986839,170
"172",2019,6,7.41791979949875,399,7.65898601398601,6.80778761061947,6.82086956521739,7.29268292682927,7.4322625698324,286,113,23,41,358,43790,29010,14780,2482,6202,37588,7.55526972824846,7.79759705411927,7.07963266982409,7.01660529008864,7.4975153434376,7.56479917101203,171
"173",2019,7,7.55489997816594,458,7.78832573619632,6.97840909090909,6.92941176470588,7.48376380952381,7.56208199519231,326,132,17,42,416,44248,29336,14912,2499,6244,38004,7.55526590105768,7.79749402542951,7.07873664565451,7.01601213685474,7.49742284433055,7.56476942821808,172
"174",2019,8,7.40463393410853,516,7.64797479651163,6.91795220930233,6.90722230769231,7.53964912280702,7.38786734204793,344,172,26,57,459,44764,29680,15084,2525,6301,38463,7.55352954829774,7.79576105323451,7.07690325112702,7.01489192475248,7.4978048309792,7.56265835894236,173
"175",2019,9,7.44596837944664,506,7.68913432835821,6.96959064327485,6.96428571428571,7.38578947368421,7.45360801781737,335,171,35,57,449,45270,30015,15255,2560,6358,38912,7.55232729622266,7.79457098317508,7.07570033693871,7.01420004296875,7.49680060396351,7.56140004266036,174
"176",2019,10,7.45994558333333,480,7.61874674418605,7.05827205882353,6.83478260869565,7.59152272727273,7.4466671559633,344,136,23,44,436,45750,30359,15391,2583,6402,39348,7.55135804546448,7.79257870614975,7.07554633487103,7.01260244289586,7.49745161512027,7.56012873182881,175
"177",2019,11,7.53596721311475,549,7.75037435897436,7.01006289308176,6.99473684210526,7.78488372093023,7.51481422924901,390,159,38,43,506,46299,30749,15550,2621,6445,39854,7.55117554547614,7.79204341409477,7.07487676141479,7.01234342235788,7.49936931574864,7.55955340342249,176
"178",2019,12,7.43934169278997,638,7.62767494356659,7.01148717948718,6.75,7.36689655172414,7.44658620689655,443,195,32,58,580,46937,31192,15745,2653,6503,40434,7.54965542280078,7.78970899397282,7.07409168879009,7.00917908405579,7.49818779640166,7.55793296087451,177
"179",2020,1,7.50529125140924,887,7.70030351648352,7.0084,6.98125,7.583125,7.49757539033457,637,250,40,80,807,47824,31829,15995,2693,6583,41241,7.54883259284041,7.78791970467184,7.07306493529228,7.00876424433717,7.49921999696187,7.5567518896244,178
"180",2020,2,7.4784034006734,594,7.71397905,6.99268041237113,7.168,7.73041666666667,7.45624838827839,400,194,25,48,546,48418,32229,16189,2718,6631,41787,7.54796855590896,7.78700201371436,7.07210165173884,7.01022888520971,7.5008935665812,7.5554386842798,179
"181",2020,3,7.58650457809695,557,7.77975517676768,7.1111801242236,6.93225806451613,7.54545454545455,7.59100209163347,396,161,31,55,502,48975,32625,16350,2749,6686,42289,7.54840683185298,7.78691405210728,7.07248646116208,7.00934962168061,7.5012601316183,7.55586084679231,180
"182",2020,4,7.54373269896194,578,7.77310661764706,6.99323529411765,7.025,7.766,7.52268465909091,408,170,36,50,528,49553,33033,16520,2785,6736,42817,7.54835231146449,7.78674351254806,7.07167092251816,7.00955192459605,7.50322524346793,7.55545173295654,181
"183",2020,5,7.58126075645756,542,7.72432317258883,7.20040540540541,7.29310344827586,8.09130434782609,7.5339583266129,394,148,29,46,496,50095,33427,16668,2814,6782,43313,7.54870836251123,7.78600777156191,7.07281399328054,7.01247409737029,7.50721398407549,7.55520560062799,182
"184",2020,6,7.4882117167382,466,7.73100796407186,6.87386363636364,6.68181818181818,7.40909090909091,7.49424170900693,334,132,22,33,433,50561,33761,16800,2836,6815,43746,7.54815078973913,7.78546365451261,7.07125081190476,7.00990906558533,7.50673884666177,7.55460217711334,183
"185",2020,7,7.57538565392354,497,7.7981380653951,6.94653846153846,6.67173913043478,7.60217693877551,7.57245535714286,367,130,23,49,448,51058,34128,16930,2859,6864,44194,7.54841589466881,7.78559995048055,7.07029318606025,7.00718856593215,7.50742015005827,7.55478315698964,184
"186",2020,8,7.45535947058824,510,7.67302346478873,6.95683870967742,6.93181818181818,7.34777777777778,7.46577060215054,355,155,33,45,465,51568,34483,17085,2892,6909,44659,7.54749558020478,7.78444098367312,7.06926389464443,7.00632853042877,7.50638036039947,7.55385633735641,185
"187",2020,9,7.40631683168317,505,7.61820728291316,6.8952027027027,6.9196,7.54565217391304,7.39235294117647,357,148,25,46,459,52073,34840,17233,2917,6955,45118,7.54612643942158,7.78273761308841,7.06776902686706,7.00558522797395,7.50664010208483,7.55221331109535,186
"188",2020,10,7.52764691637631,574,7.71822931203931,7.06317365269461,7.08939393939394,7.648,7.51616284351145,407,167,33,50,524,52647,35247,17400,2950,7005,45642,7.54592496077649,7.78199273044515,7.06772492183908,7.00652274915255,7.50764909493219,7.55179942815828,187
"189",2020,11,7.57976633762518,699,7.75747416666667,7.07868852459016,6.72702702702703,7.5688679245283,7.58066047987616,516,183,37,53,646,53346,35763,17583,2987,7058,46288,7.54636838900761,7.78163896876661,7.06783902860718,7.00306063274189,7.50810879994332,7.55220221590909,188
"190",2020,12,7.55548166917293,665,7.8049682034632,6.98768472906404,6.95,7.50096153846154,7.56010654159869,462,203,39,52,613,54011,36225,17786,3026,7110,46901,7.54648059450853,7.7819365010352,7.06692418981221,7.00237677131527,7.50805652742616,7.55230552610819,189
"191",2021,1,7.57276808278867,918,7.74658055555556,7.06470085470085,6.92156862745098,7.57934065934066,7.57204486094317,684,234,51,91,827,54929,36909,18020,3077,7201,47728,7.54691992371971,7.78128128234307,7.06689531853496,7.00103740981476,7.50895735453409,7.55264755657057,190
"192",2021,2,7.54843876770538,706,7.7314531372549,7.07222790816327,7.27333333333333,7.77232142857143,7.52915041538462,510,196,30,56,650,55635,37419,18216,3107,7257,48378,7.54693919762739,7.78060215264973,7.06695269598155,7.00366659478597,7.51098965274907,7.55233185228823,191
"193",2021,3,7.56134123938879,589,7.75213553191489,7.07516060240964,6.7953125,7.32261904761905,7.57967091407678,423,166,32,42,547,56224,37842,18382,3139,7299,48925,7.54709007274474,7.78028395116538,7.06702681808291,7.00154256451099,7.50990572818194,7.55263751333674,192
"194",2021,4,7.59058707446809,564,7.73552395734597,7.15985915492958,6.93333333333333,7.61333333333333,7.58861485549133,422,142,15,45,519,56788,38264,18524,3154,7344,49444,7.54752207086004,7.77979030916789,7.06773844580004,7.00121817057705,7.51053947576252,7.55301515755198,193
"195",2021,5,7.51446300626305,479,7.72432765765766,7.03579910958904,6.80434782608696,7.1234375,7.5424558836689,333,146,23,32,447,57267,38597,18670,3177,7376,49891,7.54724555398397,7.77931179884447,7.06748867916443,6.99979292099465,7.50886007456616,7.55292055140206,194
"196",2021,6,7.51755848684211,456,7.71486690095847,7.08568762237762,6.8245975862069,7.125,7.55120635714286,313,143,29,36,420,57723,38910,18813,3206,7412,50311,7.54701103217088,7.77879339090209,7.06762701164089,6.99820818465378,7.50699567053427,7.55290624117986,195
"197",2021,7,7.49492353211009,436,7.69029376271186,7.08617021276596,7.05172413793103,7.68421052631579,7.47685090452261,295,141,29,38,398,58159,39205,18954,3235,7450,50709,7.54662054832442,7.77812747098585,7.06776495568218,6.99868792581144,7.5078995852349,7.55230930525153,196
"198",2021,8,7.43901071833648,529,7.63329005194805,6.91958333333333,6.81935483870968,7.41785714285714,7.4408350513347,385,144,31,42,487,58688,39590,19098,3266,7492,51196,7.54565057831243,7.77671897373075,7.06664765786993,6.9969857440294,7.50739480912974,7.55124891065708,197
"199",2021,9,7.49579410367171,463,7.66613247557003,7.16057692307692,6.28333333333333,7.72915384615385,7.46626927007299,307,156,30,52,411,59151,39897,19254,3296,7544,51607,7.54526033051005,7.7758680311803,7.06740869273917,6.99049012135923,7.50892337089077,7.55057212974984,198
"200",2021,10,7.46983403603604,555,7.64859916666667,7.10644262295082,6.95275,7.51274468085106,7.46586395669291,372,183,36,47,508,59706,40269,19437,3332,7591,52115,7.54455920175527,7.77469233728179,7.06777619848742,6.99008236494598,7.50894703069424,7.54974642214334,199
"201",2021,11,7.46777957860616,617,7.70169811320755,6.95388601036269,6.575,7.50425531914894,7.46477192982456,424,193,32,47,570,60323,40693,19630,3364,7638,52685,7.54377387895164,7.77393177524391,7.06665644268976,6.98613390011891,7.50891816051322,7.54882708152226,200
"202",2021,12,7.46238076260763,813,7.65155670648464,6.97402348017621,6.67659574468085,7.27591549295775,7.48022312668464,586,227,47,71,742,61136,41279,19857,3411,7709,53427,7.54269149535462,7.77219452893724,7.06559748703228,6.98186878921138,7.50677220262031,7.54787430231905,201
"203",2022,1,7.55662978668942,1172,7.65857155737705,7.28286163522013,7.15066666666667,7.44586712643678,7.56551121658986,854,318,45,87,1085,62308,42133,20175,3456,7796,54512,7.54295367159915,7.76989148814469,7.06902202230483,6.98406667824074,7.5060925282196,7.54822534524509,202
"204",2022,2,7.55187806784661,678,7.74356027659574,7.11875,6.70909090909091,7.80955555555556,7.53355976303318,470,208,33,45,633,62986,42603,20383,3489,7841,55145,7.54304973644937,7.76960099992959,7.06952947554335,6.98146587560906,7.50783412192322,7.54805700154139,203
"205",2022,3,7.46346158095238,525,7.64532782369146,7.05594648148148,6.95714285714286,7.54625641025641,7.45681755144033,363,162,28,39,486,63511,42966,20545,3517,7880,55631,7.54239183810678,7.7685510729414,7.06942237186664,6.98127223201593,7.50802428299492,7.54725992126692,204
"206",2022,4,7.50427982363316,567,7.67307332512315,7.07862664596273,6.88083333333333,7.60973684210526,7.49670446124764,406,161,24,38,529,64078,43372,20706,3541,7918,56160,7.54205460048691,7.76765731739372,7.0694939399208,6.98059148263203,7.50851242106592,7.54678371331909,205
"207",2022,5,7.39181172291297,563,7.59378947368421,6.9724043715847,6.288,7.35037037037037,7.39620825147348,380,183,25,54,509,64641,43752,20889,3566,7972,56669,7.54074603873702,7.76614722001281,7.06864337785438,6.97573596186203,7.50744121299548,7.5454312470663,206
"208",2022,6,7.49544805194805,462,7.67428096676737,7.04358778625954,7.235,7.3951282051282,7.50469739952719,331,131,16,39,423,65103,44083,21020,3582,8011,57092,7.54042458396694,7.76545743642675,7.06848722740247,6.97689403685092,7.50689443889651,7.54512944615708,207
"209",2022,7,7.4157,500,7.55864705882353,7.1119375,6.88421052631579,7.48487804878049,7.40952069716776,340,160,19,41,459,65603,44423,21180,3601,8052,57551,7.53947398274469,7.76387457330663,7.06881546364495,6.97640500971953,7.50678233358171,7.54404789386805,208
"210",2022,8,7.46400417857143,560,7.57816362924282,7.21698118644068,6.83148148148148,6.94818181818182,7.50798903100775,383,177,27,44,516,66163,44806,21357,3628,8096,58067,7.53883521046506,7.76228712315316,7.07004341386899,6.97532647188534,7.50374646121541,7.54372746448069,209
"211",2022,9,7.3781654676259,278,7.48405555555556,7.18367346938776,7.07142857142857,7.60769230769231,7.35448412698413,180,98,14,26,252,66441,44986,21455,3642,8122,58319,7.5381629420087,7.76117385053128,7.07056244185505,6.97569589236683,7.50407921078552,7.54290973233423,210
"212",2022,10,7.40586919037199,457,7.63006097560976,6.8358311627907,6.5,7.25243243243243,7.41938623809524,328,129,22,37,420,66898,45314,21584,3664,8159,58739,7.53725920431104,7.76022480557886,7.06915953530393,6.97283963973799,7.50293802549332,7.54202650538824,211
"213",2022,11,7.49790163934426,610,7.65438554216867,7.16487179487179,6.45,7.57555555555556,7.49171681415929,415,195,20,45,565,67508,45729,21779,3684,8204,59304,7.53690357068792,7.7592642926808,7.07001650259424,6.97000120521173,7.50333634202828,7.54154719580467,212
"214",2022,12,7.46385357734807,724,7.64929789373814,6.96776649746193,6.73913043478261,7.38203125,7.47178786363636,527,197,23,64,660,68232,46256,21976,3707,8268,59964,7.5361284476492,7.75801143267901,7.06909990034583,6.9685687725924,7.50239735728108,7.54077938246281,213
