"","year","month","avg_rating","no_ratings","avg_rating_owned","avg_rating_not_owned","avg_rating_prev_owned","avg_rating_comment","avg_rating_no_comment","no_ratings_owned","no_ratings_not_owned","no_ratings_prev_owned","no_ratings_comment","no_ratings_no_comment","cum_no_ratings","cum_no_ratings_owned","cum_no_ratings_not_owned","cum_no_ratings_prev_owned","cum_no_ratings_comment","cum_no_ratings_no_comment","cum_avg_rating","cum_avg_rating_owned","cum_avg_rating_not_owned","cum_avg_rating_prev_owned","cum_avg_rating_comment","cum_avg_rating_no_comment","month_after_release"
"1",2005,4,5.5,1,NA,5.5,NA,5.5,NA,0,1,0,1,0,1,0,1,0,1,0,5.5,NA,5.5,NA,5.5,NA,-1
"2",2005,5,7.86842105263158,19,8.18181818181818,7.4375,8,8.25,7.59090909090909,11,8,1,8,11,20,11,9,1,9,11,7.75,8.18181818181818,7.22222222222222,8,7.94444444444444,7.59090909090909,0
"3",2005,6,7.99240506329114,79,8.40816326530612,7.31333333333333,8.33333333333333,7.80645161290323,8.1125,49,30,3,31,48,99,60,39,4,40,59,7.94343434343434,8.36666666666667,7.29230769230769,8.25,7.8375,8.01525423728814,1
"4",2005,7,7.48405172413793,116,8.21838235294118,6.44375,6.875,7.25757575757576,7.783,68,48,8,66,50,215,128,87,12,106,109,7.69558139534884,8.287890625,6.82413793103448,7.33333333333333,7.47641509433962,7.90871559633028,2
"5",2005,8,7.52560975609756,82,8.18048780487805,6.87073170731707,7.55833333333333,7.2,7.7804347826087,41,41,12,36,46,297,169,128,24,142,155,7.6486531986532,8.26183431952663,6.8390625,7.44583333333333,7.40633802816901,7.87064516129032,3
"6",2005,9,6.98333333333333,54,7.49142857142857,6.04736842105263,7.33333333333333,6.91428571428571,7.05769230769231,35,19,3,28,26,351,204,147,27,170,181,7.5462962962963,8.1296568627451,6.73673469387755,7.43333333333333,7.32529411764706,7.75386740331492,4
"7",2005,10,7.38701298701299,77,7.8,6.57692307692308,7.33333333333333,7.12972972972973,7.625,51,26,3,37,40,428,255,173,30,207,221,7.51764018691589,8.06372549019608,6.71271676300578,7.42333333333333,7.29033816425121,7.73054298642534,5
"8",2005,11,7.06071428571429,84,7.87045454545455,6.17,7,6.47058823529412,7.462,44,40,3,34,50,512,299,213,33,241,271,7.44267578125,8.03528428093646,6.61079812206573,7.38484848484848,7.1746887966805,7.6809963099631,6
"9",2005,12,7.28,75,7.91666666666667,6.14814814814815,6.25,7.4375,7.16279069767442,48,27,4,32,43,587,347,240,37,273,314,7.42189097103918,8.01887608069164,6.55875,7.26216216216216,7.20549450549451,7.61003184713376,7
"10",2006,1,7.35443037974684,79,7.83333333333333,6.48214285714286,7,7.16315789473684,7.53170731707317,51,28,5,38,41,666,398,268,42,311,355,7.41388888888889,7.99510050251256,6.55074626865671,7.23095238095238,7.20032154340836,7.60098591549296,8
"11",2006,2,7.55691666666667,60,7.98460526315789,6.81818181818182,7,7.8286,7.36285714285714,38,22,4,25,35,726,436,290,46,336,390,7.42570936639118,7.99418577981652,6.57103448275862,7.21086956521739,7.24706845238095,7.57961538461539,9
"12",2006,3,7.48507462686567,67,7.90444444444444,6.62727272727273,7,7.33793103448276,7.59736842105263,45,22,3,29,38,793,481,312,49,365,428,7.43072509457755,7.98579002079002,6.575,7.19795918367347,7.25428767123288,7.58119158878505,10
"13",2006,4,7.61409836065574,61,8.00444444444445,7.052,7,7.74846153846154,7.51428571428571,36,25,2,26,35,854,517,337,51,391,463,7.44382318501171,7.98708897485493,6.61038575667656,7.19019607843137,7.28714833759591,7.57613390928726,11
"14",2006,5,7.25408163265306,49,7.6625,6.48529411764706,7.41666666666667,7.02884615384615,7.50869565217391,32,17,3,26,23,903,549,354,54,417,486,7.43352713178295,7.96816939890711,6.60437853107345,7.20277777777778,7.27104316546763,7.57294238683128,12
"15",2006,6,7.70238095238095,42,7.98076923076923,7.25,6.75,7.67857142857143,7.71428571428571,26,16,4,14,28,945,575,370,58,431,514,7.44547619047619,7.96873913043478,6.6322972972973,7.17155172413793,7.2842807424594,7.5806420233463,13
"16",2006,7,6.73051948051948,77,7.21511627906977,6.11764705882353,6.66666666666667,6.4671875,6.91777777777778,43,34,6,32,45,1022,618,404,64,463,559,7.3916095890411,7.91630258899676,6.58898514851485,7.12421875,7.22780777537797,7.52728085867621,14
"17",2006,8,7.36304347826087,69,7.86707317073171,6.625,7.25,7.07741935483871,7.59605263157895,41,28,6,31,38,1091,659,432,70,494,597,7.38980293308891,7.91323975720789,6.59131944444444,7.135,7.21837044534413,7.53165829145729,15
"18",2006,9,7.17924528301887,53,7.88235294117647,5.92105263157895,8,6.78260869565217,7.48333333333333,34,19,2,23,30,1144,693,451,72,517,627,7.38004807692308,7.91172438672439,6.56308203991131,7.15902777777778,7.19898452611219,7.52934609250399,16
"19",2006,10,7.07661290322581,62,7.60526315789474,6.23958333333333,6.25,6.63,7.37837837837838,38,24,2,25,37,1206,731,475,74,542,664,7.36444859038143,7.89579343365253,6.54673684210526,7.13445945945946,7.17273985239853,7.52093373493976,17
"20",2006,11,7.54918032786885,61,7.73076923076923,7.22727272727273,7.1625,7.36,7.64146341463415,39,22,8,20,41,1267,770,497,82,562,705,7.37334254143646,7.88743506493507,6.57686116700201,7.13719512195122,7.17940391459075,7.52794326241135,18
"21",2006,12,7.09347826086957,92,7.59107142857143,6.31944444444444,7.4,6.84375,7.22666666666667,56,36,5,32,60,1359,826,533,87,594,765,7.3543966151582,7.86734261501211,6.55947467166979,7.15229885057471,7.16132154882155,7.5043137254902,19
"22",2007,1,7.23333333333333,111,7.82704918032787,6.509,7.44,7.12,7.29718309859155,61,50,5,40,71,1470,887,583,92,634,836,7.34525510204082,7.86457158962796,6.55514579759863,7.1679347826087,7.15871451104101,7.48672248803828,20
"23",2007,2,7.196204625,80,7.66590909090909,6.62212138888889,7.07142857142857,7.1,7.239934,44,36,7,25,55,1550,931,619,99,659,891,7.33756217419355,7.85518259935553,6.55904098546042,7.16111111111111,7.1564871016692,7.47148863075196,21
"24",2007,3,7.50806451612903,62,8.1051282051282,6.49565217391304,7.2,7.23214285714286,7.73529411764706,39,23,5,28,34,1612,970,642,104,687,925,7.34411995657568,7.86523195876289,6.55677004672897,7.16298076923077,7.15957059679767,7.48118526486487,22
"25",2007,4,7.18071428571429,84,7.84274509803922,6.15757575757576,6.33333333333333,7.06705882352941,7.258,51,33,6,34,50,1696,1021,675,110,721,975,7.33602675117925,7.86410871694417,6.53725388148148,7.11772727272727,7.1552080443828,7.46973986666667,23
"26",2007,5,7.16153846153846,65,7.61538461538461,6.48076923076923,7.33333333333333,7.09259259259259,7.21052631578947,39,26,3,27,38,1761,1060,701,113,748,1013,7.32958624077229,7.85495754716981,6.53515887303852,7.12345132743363,7.15294786096257,7.46001615992103,24
"27",2007,6,7.25405405405405,74,7.66363636363636,6.65333333333333,6.92,7.024,7.37142857142857,44,30,5,25,49,1835,1104,731,118,773,1062,7.32654025613079,7.84733242753623,6.54000871409029,7.11483050847458,7.14877749029754,7.45592878531073,25
"28",2007,7,7.06585365853658,82,7.5906976744186,6.48717948717949,6.83333333333333,6.80588235294118,7.25,43,39,6,34,48,1917,1147,770,124,807,1110,7.315389342723,7.83771142109852,6.53733294805195,7.10120967741936,7.13433085501859,7.44702375675676,26
"29",2007,8,7.38461538461539,65,7.64772727272727,6.83333333333333,6.25,7.3,7.4375,44,21,4,25,40,1982,1191,791,128,832,1150,7.31765962159435,7.83069269521411,6.5451913653603,7.074609375,7.13930889423077,7.44669249565217,27
"30",2007,9,7.34,72,7.62046511627907,6.92413793103448,6.5,7.46357142857143,7.26136363636364,43,29,2,28,44,2054,1234,820,130,860,1194,7.31844273125609,7.82336709886548,6.55859313414634,7.06576923076923,7.14986627906977,7.43986295644891,28
"31",2007,10,7.47932038834951,103,7.72698412698413,7.08925,7.11111111111111,7.28605263157895,7.59230769230769,63,40,9,38,65,2157,1297,860,139,898,1259,7.32612488178025,7.81868542791056,6.58327484883721,7.06870503597122,7.15562917594655,7.44773341540905,29
"32",2007,11,7.16,105,7.69402985074627,6.21842105263158,7,6.7578947368421,7.38805970149254,67,38,5,38,67,2262,1364,898,144,936,1326,7.31841351458886,7.81256231671554,6.5678356013363,7.06631944444444,7.13948183760684,7.44471822775264,30
"33",2007,12,7.29145299145299,117,7.60714285714286,6.82127659574468,7.53333333333333,7.08372093023256,7.41216216216216,70,47,3,43,74,2379,1434,945,147,979,1400,7.31708758722152,7.80253486750349,6.5804406031746,7.07585034013606,7.13703268641471,7.44299740714286,31
"34",2008,1,7.34873949579832,119,7.67808219178082,6.82608695652174,6.83333333333333,7.24324324324324,7.39634146341463,73,46,9,37,82,2498,1507,991,156,1016,1482,7.31859542433947,7.79650630391506,6.59184295660949,7.06185897435897,7.14090059055118,7.44041590418354,32
"35",2008,2,7.40364583333333,96,7.80655737704918,6.70142857142857,7.25,6.96666666666667,7.70263157894737,61,35,4,39,57,2594,1568,1026,160,1055,1539,7.32174301079414,7.79689732142857,6.59558125730994,7.0665625,7.13445971563981,7.45012759584145,33
"36",2008,3,7.13909090909091,110,7.68615384615385,6.34888888888889,7.3,6.80222222222222,7.37230769230769,65,45,5,45,65,2704,1633,1071,165,1100,1604,7.31431263683432,7.79248928352725,6.58521603174603,7.07363636363636,7.12086818181818,7.44697404613466,34
"37",2008,4,7.14417582417582,91,7.65454545454545,6.36444444444444,7,7,7.22620689655172,55,36,2,33,58,2795,1688,1107,167,1133,1662,7.30877329874776,7.78799466824645,6.57803646793135,7.07275449101796,7.11734774933804,7.43926977737665,35
"38",2008,5,7.20795454545455,88,7.54545454545455,6.64545454545455,7.42222222222222,6.97666666666667,7.32758620689655,55,33,9,30,58,2883,1743,1140,176,1163,1720,7.30569593132154,7.78034136546185,6.57998804385965,7.090625,7.11371883061049,7.43550370348837,36
"39",2008,6,7.41078431372549,102,7.79137931034483,6.90909090909091,7.6,6.99142857142857,7.62985074626866,58,44,5,35,67,2985,1801,1184,181,1198,1787,7.30928689112228,7.78069683509162,6.59221821790541,7.10469613259669,7.11014607679466,7.44279035814214,37
"40",2008,7,6.92608695652174,115,7.57377049180328,6.19444444444444,5.55882352941176,6.51428571428571,7.16301369863014,61,54,17,42,73,3100,1862,1238,198,1240,1860,7.29507140967742,7.77391783029001,6.57486782714055,6.9719696969697,7.08996370967742,7.43180987634409,38
"41",2008,8,7.28245098039216,102,7.94035087719298,6.44911111111111,6.2,6.69310344827586,7.51657534246575,57,45,10,29,73,3202,1919,1283,208,1269,1933,7.29466938475952,7.77886138613862,6.57045703039751,6.93485576923077,7.08089440504334,7.43501105535437,39
"42",2008,9,7.14888888888889,90,7.47924528301887,6.67567567567568,6.95833333333333,6.95428571428571,7.27272727272727,53,37,12,35,55,3292,1972,1320,220,1304,1988,7.29068389125152,7.77080882352941,6.57340634090909,6.93613636363636,7.07749616564417,7.43052131287726,40
"43",2008,10,7.16164383561644,73,7.47948717948718,6.79705882352941,7.63636363636364,6.95238095238095,7.24615384615385,39,34,11,21,52,3365,2011,1354,231,1325,2040,7.28788450817236,7.76515912481353,6.57902242983752,6.96948051948052,7.07551320754717,7.42582175,41
"44",2008,11,6.99791666666667,96,7.475,6.59423076923077,6.19230769230769,6.83333333333333,7.07272727272727,44,52,13,30,66,3461,2055,1406,244,1355,2106,7.27984148223057,7.75894647201947,6.57958490042674,6.9280737704918,7.07015129151292,7.41475611111111,42
"45",2008,12,7.40833333333333,126,7.83779069767442,6.485,6.13636363636364,7.115625,7.50797872340426,86,40,11,32,94,3587,2141,1446,255,1387,2200,7.28435499581823,7.76211349836525,6.5769684439834,6.89392156862745,7.07120043258832,7.41873925909091,43
"46",2009,1,7.25650887573964,169,7.61,6.8027027027027,6.83333333333333,7.01923076923077,7.36196581196581,95,74,24,52,117,3756,2236,1520,279,1439,2317,7.28310206869009,7.75565071556351,6.58795813815789,6.88870967741935,7.06932244614316,7.41587240828658,44
"47",2009,2,6.86909547738694,199,7.33352941176471,6.52280701754386,6.63333333333333,6.57083333333333,6.96390728476821,85,114,27,48,151,3955,2321,1634,306,1487,2468,7.26227089001264,7.74019172770358,6.58341271113831,6.86617647058824,7.05323133826496,7.38821976094003,45
"48",2009,3,6.95029940119761,167,7.54805194805195,6.43888888888889,6.5,6.70666666666667,7.04016393442623,77,90,29,45,122,4122,2398,1724,335,1532,2590,7.24963157933042,7.73402210175146,6.57586796403712,6.8344776119403,7.04305156657964,7.37182485328185,46
"49",2009,4,6.8875,124,7.49298245614035,6.37238805970149,6.21428571428571,6.25,7.05663265306122,57,67,14,26,98,4246,2455,1791,349,1558,2688,7.23905590438059,7.72842566191446,6.56825592964824,6.8095988538682,7.02981707317073,7.36033347098214,47
"50",2009,5,7.04389312977099,131,7.61440677966102,6.57638888888889,6.4375,6.76521739130435,7.10324074074074,59,72,16,23,108,4377,2514,1863,365,1581,2796,7.23321484350011,7.72574980111376,6.56857024691358,6.79328767123288,7.02596774193549,7.35040285050072,48
"51",2009,6,7.24545454545455,132,7.78620689655172,6.82162162162162,6.56153846153846,6.95,7.31111111111111,58,74,13,24,108,4509,2572,1937,378,1605,2904,7.23357315812819,7.72711314152411,6.5782376716572,6.78531746031746,7.02483177570094,7.34894158746556,49
"52",2009,7,6.89663865546219,119,7.55490196078431,6.40294117647059,6.09285714285714,6.67857142857143,6.96373626373626,51,68,14,28,91,4628,2623,2005,392,1633,2995,7.22490954407952,7.7237647731605,6.57229245386534,6.76058673469388,7.01889467238212,7.33723751919866,50
"53",2009,8,6.901,150,7.51875,6.44127906976744,6.18,6.51111111111111,6.98658536585366,64,86,25,27,123,4778,2687,2091,417,1660,3118,7.21474076391796,7.71888165240045,6.56690405069345,6.7257793764988,7.01063554216868,7.32340486529827,51
"54",2009,9,7.00088495575221,113,7.74782608695652,6.48805970149254,6.7,7.12941176470588,6.94556962025316,46,67,15,34,79,4891,2733,2158,432,1694,3197,7.20979991208342,7.71936882546652,6.56445614921223,6.72488425925926,7.01301948051948,7.31406830466062,52
"55",2009,10,6.96906666666667,150,7.42515151515151,6.61071428571429,6.90909090909091,6.99821428571429,6.96237704918033,66,84,11,28,122,5041,2799,2242,443,1722,3319,7.20263665344178,7.71243122543766,6.56618928189117,6.72945823927765,7.0127787456446,7.301140816511,53
"56",2009,11,6.99224137931034,174,7.58223684210526,6.53469387755102,6.124,7.01219512195122,6.98609022556391,76,98,25,41,133,5215,2875,2340,468,1763,3452,7.1956167535954,7.70898956521739,6.56487024358974,6.69711538461539,7.01276517300057,7.28900242468134,54
"57",2009,12,6.93384146341463,164,7.4125,6.55923913043478,6.76190476190476,7.14489795918367,6.84391304347826,72,92,21,49,115,5379,2947,2432,489,1812,3567,7.18763550288158,7.7017458432304,6.56465722450658,6.69989775051125,7.01633830022075,7.27465275301374,55
"58",2010,1,6.96275,200,7.56011235955056,6.48378378378378,6.60833333333333,6.60204081632653,7.07980132450331,89,111,30,49,151,5579,3036,2543,519,1861,3718,7.17957364581466,7.69759387351779,6.56112716083366,6.69460500963391,7.00542987641053,7.26673920656267,56
"59",2010,2,7.26185185185185,135,7.59491525423729,7.00328947368421,7.1,7.12428571428571,7.31,59,76,10,35,100,5714,3095,2619,529,1896,3818,7.18151756562828,7.69563651050081,6.57395814051165,6.70226843100189,7.00762394514768,7.26787228129911,57
"60",2010,3,6.98706896551724,116,7.49322033898305,6.46315789473684,6.49166666666667,6.76190476190476,7.03684210526316,59,57,12,21,95,5830,3154,2676,541,1917,3913,7.17764860548885,7.69185003170577,6.57159804559043,6.69759704251386,7.00493218570683,7.26226331970355,58
"61",2010,4,6.93883495145631,103,7.81842105263158,6.42461538461538,6,6.92857142857143,6.94044943820225,38,65,12,14,89,5933,3192,2741,553,1931,4002,7.17350267486937,7.69335682957393,6.56811250273623,6.68245931283906,7.00437856033144,7.25510653923038,59
"62",2010,5,6.99404761904762,84,7.70697674418605,6.24634146341463,6.94444444444444,6.75,7.0703125,43,41,9,20,64,6017,3235,2782,562,1951,4066,7.17099740235998,7.69353786707882,6.56337037023724,6.68665480427046,7.00177088672476,7.25219782833251,60
"63",2010,6,7.19567901234568,81,7.55454545454545,6.76891891891892,7.42857142857143,6.56333333333333,7.33939393939394,44,37,7,15,66,6098,3279,2819,569,1966,4132,7.17132524926205,7.69167276608722,6.56606824051082,6.69578207381371,6.99842573753815,7.25359060261375,61
"64",2010,7,7.12,90,7.77222222222222,6.46777777777778,6.67142857142857,7.35882352941176,7.06438356164384,45,45,14,17,73,6188,3324,2864,583,1983,4205,7.1705787605042,7.69276323706378,6.5645238722067,6.69519725557462,7.00151538073626,7.25030591438763,62
"65",2010,8,6.895,100,7.44090909090909,6.46607142857143,6.40625,6.73913043478261,6.94155844155844,44,56,16,23,77,6288,3368,2920,599,2006,4282,7.1661961466285,7.68947298099762,6.56263574315068,6.68747913188648,6.99850697906281,7.24475393974778,63
"66",2010,9,7.06717171717172,99,7.52755102040816,6.616,6.5,6.94473684210526,7.09625,49,50,11,19,80,6387,3417,2970,610,2025,4362,7.16466124471583,7.68715100965759,6.56353413131313,6.68409836065574,6.9980024691358,7.24203034617148,64
"67",2010,10,7.02727272727273,99,7.39814814814815,6.58222222222222,6.94117647058824,7.36363636363636,6.93116883116883,54,45,17,22,77,6486,3471,3015,627,2047,4439,7.16256419518964,7.68265485450879,6.56381305804312,6.69106858054227,7.00193209574988,7.23663806487948,65
"68",2010,11,7.300390625,128,7.72368421052632,6.68173076923077,5.96153846153846,7.16071428571429,7.3395,76,52,13,28,100,6614,3547,3067,640,2075,4539,7.16523153462353,7.68353397237102,6.56581231496576,6.67625,7.00407469879518,7.23890424542851,66
"69",2010,12,7.08571428571429,147,7.52594936708861,6.57426470588235,6.91944444444444,7.18875,7.04719626168224,79,68,18,40,107,6761,3626,3135,658,2115,4646,7.16350264310013,7.68010066188638,6.5659956523126,6.68290273556231,7.00756737588653,7.23448910245372,67
"70",2011,1,7.10701492537313,134,7.36103896103896,6.76385964912281,7.06363636363636,7.06041666666667,7.11718181818182,77,57,11,24,110,6895,3703,3192,669,2139,4756,7.16240483973894,7.67346610856063,6.56952893796992,6.68916292974589,7.00816035530622,7.23177593986543,68
"71",2011,2,6.83385245901639,122,7.48469387755102,6.39698630136986,6.65789473684211,6.85263157894737,6.83038834951456,49,73,19,19,103,7017,3752,3265,688,2158,4859,7.15669251389483,7.67100079957356,6.56567116998469,6.68829941860465,7.00679101019463,7.22326741510599,69
"72",2011,3,6.83358974358974,117,7.30796296296296,6.42698412698413,6.37826086956522,7.1,6.76119565217391,54,63,23,25,92,7134,3806,3328,711,2183,4951,7.15139351976451,7.6658499737257,6.56304578425481,6.67827004219409,7.00785845167201,7.21468114926278,70
"73",2011,4,6.85833333333333,102,7.412,6.32596153846154,6.59090909090909,6.72857142857143,6.90743243243243,50,52,11,28,74,7236,3856,3380,722,2211,5025,7.14726248894417,7.66255835062241,6.55939833431953,6.67693905817175,7.00432157394844,7.21015649154229,71
"74",2011,5,6.67708333333333,96,7.31538461538462,6.24035087719298,6.56666666666667,6.7,6.67105263157895,39,57,15,20,76,7332,3895,3437,737,2231,5101,7.14110629705401,7.65908215661104,6.55410717777131,6.6746947082768,7.0015934558494,7.20212436188983,72
"75",2011,6,7.00697247706422,109,7.55431034482759,6.38450980392157,6.75,6.68964285714286,7.11666666666667,58,51,10,28,81,7441,3953,3488,747,2259,5182,7.13914142857143,7.65754490260562,6.55162739965596,6.67570281124498,6.99772687029659,7.20078857005017,73
"76",2011,7,6.88181818181818,99,7.67872340425532,6.16153846153846,5.76666666666667,6.72916666666667,6.93066666666667,47,52,15,24,75,7540,4000,3540,762,2283,5257,7.13576278116711,7.65779375,6.54589727966102,6.65780839895013,6.99490363556724,7.19693482404413,74
"77",2011,8,6.81435185185185,108,7.43076923076923,6.24196428571429,6.55555555555556,6.7,6.84879518072289,52,56,9,25,83,7648,4052,3596,771,2308,5340,7.13122402850418,7.65488030602172,6.54116417408231,6.65661478599222,6.99170927209706,7.19152366479401,75
"78",2011,9,6.8125,96,7.87142857142857,6.20491803278689,6.66666666666667,6.2875,6.9875,35,61,15,24,72,7744,4087,3657,786,2332,5412,7.12727290418388,7.65673476877906,6.53555547443259,6.65680661577608,6.98446183533448,7.18880938100517,76
"79",2011,10,6.75634328358209,134,7.37338709677419,6.225,6.025,6.68333333333333,6.78019801980198,62,72,20,33,101,7878,4149,3729,806,2365,5513,7.1209636164001,7.65250060255483,6.52955923035666,6.64112903225807,6.9802600422833,7.1813234844912,77
"80",2011,11,6.96473214285714,112,7.54107142857143,6.38839285714286,6.55333333333333,6.65526315789474,7.02795698924731,56,56,15,19,93,7990,4205,3785,821,2384,5606,7.11877363829787,7.65101664684899,6.52747063936592,6.63952496954933,6.97766988255034,7.17877923118088,78
"81",2011,12,7.01769911504425,113,7.36451612903226,6.59607843137255,7.42857142857143,6.825,7.05913978494624,62,51,7,20,93,8103,4267,3836,828,2404,5699,7.11736410835493,7.64685376142489,6.52838278675704,6.64619565217391,6.97639975041597,7.17682687664503,79
"82",2012,1,6.84147887323944,142,7.46067567567568,6.16764705882353,6.04166666666667,6.68611111111111,6.89424528301887,74,68,18,36,106,8245,4341,3904,846,2440,5805,7.11261265858096,7.6436800276434,6.52209948002049,6.63333333333333,6.97211680327869,7.17166690267011,80
"83",2012,2,7.00336538461538,104,7.48684210526316,6.41702127659574,6.84375,6.8,7.05178571428571,57,47,16,20,84,8349,4398,3951,862,2460,5889,7.11125181099533,7.64164733969986,6.52084949886105,6.63723897911833,6.9707174796748,7.16995693156733,81
"84",2012,3,6.97894736842105,95,7.50377358490566,6.31666666666667,6.78333333333333,6.78,7.01625,53,42,12,15,80,8444,4451,3993,874,2475,5969,7.10976330767409,7.64000561671534,6.5187018206862,6.63924485125858,6.96956161616162,7.16789686212096,82
"85",2012,4,6.83,95,7.26960784313725,6.32045454545455,6.2,6.578125,6.88101265822785,51,44,9,16,79,8539,4502,4037,883,2491,6048,7.10665082211032,7.63580964015993,6.51654108744117,6.63476783691959,6.96704737053392,7.16414953207672,83
"86",2012,5,6.83854166666667,96,7.34565217391304,6.372,6.93333333333333,6.76923076923077,6.84939759036145,46,50,6,13,83,8635,4548,4087,889,2504,6131,7.10367010654314,7.63287489006156,6.51477278443846,6.63678290213723,6.96602036741214,7.15988849616702,84
"87",2012,6,7.0546875,96,7.34423076923077,6.7125,7.36,6.84615384615385,7.08734939759036,52,44,10,13,83,8731,4600,4131,899,2517,6214,7.10313152788913,7.62961195652174,6.5168788114258,6.6448275862069,6.96540127135479,7.15891959607338,85
"88",2012,7,7.17253164556962,79,7.54102564102564,6.81325,7.08333333333333,6.97647058823529,7.22629032258065,39,40,6,17,62,8810,4639,4171,905,2534,6276,7.10375384449489,7.62886721276137,6.5197210189403,6.64773480662984,6.96547553275454,7.15958514499681,86
"89",2012,8,7.24337209302326,86,7.90418604651163,6.58255813953488,6.83333333333333,7.52666666666667,7.18352112676056,43,43,12,15,71,8896,4682,4214,917,2549,6347,7.10510357126798,7.63139577103802,6.52036221404841,6.65016357688114,6.96877795213809,7.1598529021585,87
"90",2012,9,6.89512195121951,82,7.53157894736842,6.34545454545455,6.63636363636364,7,6.86129032258065,38,44,11,20,62,8978,4720,4258,928,2569,6409,7.10318571730898,7.63059216101695,6.51855480742132,6.65,6.96902101985208,7.1569646387892,88
"91",2012,10,7.11067961165049,103,7.52090909090909,6.640625,6.7,7.45526315789474,7.03273809523809,55,48,13,19,84,9081,4775,4306,941,2588,6493,7.1032707157802,7.62932879581152,6.51991555271714,6.65069075451647,6.97259080370943,7.15535751886647,89
"92",2012,11,6.97172932330827,133,7.33924242424242,6.60970149253731,6.44117647058824,6.75645161290323,7.0371568627451,66,67,17,31,102,9214,4841,4373,958,2619,6595,7.10137197416974,7.62537388969221,6.52129118911502,6.64697286012526,6.97003245513555,7.15352939651251,90
"93",2012,12,7.03297520661157,121,7.66390625,6.32456140350877,6.27272727272727,6.3375,7.20505154639175,64,57,11,24,97,9335,4905,4430,969,2643,6692,7.10048541724692,7.62587665647298,6.51875990293454,6.64272445820434,6.964288687098,7.15427620591751,91
"94",2013,1,7.22880794701987,151,7.53917525773196,6.6712962962963,7.05,7.132,7.24801587301587,97,54,10,25,126,9486,5002,4484,979,2668,6818,7.10252808032891,7.62419532187125,6.52059687109723,6.64688457609806,6.96586019490255,7.15600856116163,92
"95",2013,2,7.10183823529412,136,7.63125,6.63125,6.82142857142857,6.79761904761905,7.15739130434783,64,72,14,21,115,9622,5066,4556,993,2689,6933,7.10251832986905,7.62428444532175,6.52234555970149,6.64934541792548,6.96454629973968,7.15603149718736,93
"96",2013,3,6.74175257731959,97,7.40555555555556,6.16730769230769,5.93333333333333,6.4625,6.81428571428571,45,52,15,20,77,9719,5111,4608,1008,2709,7010,7.0989177250746,7.62235863823126,6.51833905598958,6.63869047619048,6.96083979328166,7.15227765620542,94
"97",2013,4,7.2234375,96,7.54326923076923,6.84545454545455,6.92727272727273,6.5,7.27166666666667,52,44,11,6,90,9815,5163,4652,1019,2715,7100,7.1001356464595,7.62156207631222,6.52143301160791,6.64180569185476,6.95982136279927,7.15379103802817,95
"98",2013,5,7.00221238938053,113,7.25806451612903,6.69117647058824,6.60294117647059,7.30217391304348,6.92555555555556,62,51,17,23,90,9928,5225,4703,1036,2738,7190,7.09902108883965,7.61724880382775,6.52327373378694,6.64116795366796,6.96269722425128,7.15093412656467,96
"99",2013,6,7.021875,80,7.86842105263158,6.25595238095238,6.58928571428571,7.55882352941176,6.87698412698413,38,42,14,17,63,10008,5263,4745,1050,2755,7253,7.09840441346922,7.61906232186965,6.52090755953635,6.64047619047619,6.96637568058076,7.14855458017372,97
"100",2013,7,7.205234375,128,7.6255223880597,6.74360655737705,6.9,6.98392857142857,7.2672,67,61,13,28,100,10136,5330,4806,1063,2783,7353,7.09975348954223,7.6191435272045,6.5237341593841,6.64365004703669,6.96655228171039,7.15016814497484,98
"101",2013,8,7.44133858267717,127,7.74733333333333,7,6.81818181818182,7.375,7.44955752212389,75,52,11,14,113,10263,5405,4858,1074,2797,7466,7.10398045113515,7.62092229417206,6.52883210580486,6.64543761638734,6.96859671076153,7.15469948700777,99
"102",2013,9,7.34861111111111,108,7.80480769230769,6.925,6.96666666666667,7.35227272727273,7.34767441860465,52,56,15,22,86,10371,5457,4914,1089,2819,7552,7.10652795005303,7.6226745464541,6.53334683964184,6.64986225895317,6.97159098971267,7.15689702992585,100
"103",2013,10,7.15915032679739,153,7.88395061728395,6.34375,6.46470588235294,7.03870967741936,7.18975409836066,81,72,17,31,122,10524,5538,4986,1106,2850,7674,7.10729298460661,7.62649602744673,6.53060897914159,6.64701627486438,6.97232105263158,7.15741938623925,101
"104",2013,11,7.19490445859873,157,7.62261904761905,6.7027397260274,7.14285714285714,6.77777777777778,7.28153846153846,84,73,21,27,130,10681,5622,5059,1127,2877,7804,7.10858078550698,7.62643810032017,6.53309277920537,6.65625554569654,6.9704953076121,7.15948697719118,102
"105",2013,12,7.21017964071856,167,7.70111111111111,6.63636363636364,6.52941176470588,6.85185185185185,7.27928571428571,90,77,17,27,140,10848,5712,5136,1144,2904,7944,7.11014485342921,7.62761467086835,6.53464103777258,6.65437062937063,6.96939221763086,7.16159823388721,103
"106",2014,1,7.36020833333333,240,7.66111111111111,6.90885416666667,7.11666666666667,7.07833333333333,7.40047619047619,144,96,24,30,210,11088,5856,5232,1168,2934,8154,7.11555748286436,7.62843835382514,6.54150733371559,6.6638698630137,6.97050613496933,7.16775035197449,104
"107",2014,2,7.3121978021978,182,7.67685185185185,6.78,6.625,7.38233333333333,7.29835526315789,108,74,20,30,152,11270,5964,5306,1188,2964,8306,7.11873304081633,7.62931505700872,6.54483346588767,6.66321548821549,6.97467442645074,7.17014042499398,105
"108",2014,3,7.2115625,160,7.56506024096385,6.83051948051948,6.575,6.96458333333333,7.25514705882353,83,77,20,24,136,11430,6047,5383,1208,2988,8442,7.12003249081365,7.62843310732595,6.5489200018577,6.66175496688742,6.97459337349398,7.17150987562189,106
"109",2014,4,7.51232394366197,142,7.96527777777778,7.04642857142857,7.31944444444444,7.176,7.58418803418803,72,70,18,25,117,11572,6119,5453,1226,3013,8559,7.12484629882475,7.63239663343684,6.55530650467632,6.67141109298532,6.97626452041155,7.17715111227947,107
"110",2014,5,7.295,120,7.53846153846154,7.00727272727273,6.86666666666667,7.24285714285714,7.30606060606061,65,55,18,21,99,11692,6184,5508,1244,3034,8658,7.12659265908314,7.63140928201811,6.55981960239651,6.67423633440515,6.97810975609756,7.17862512936013,108
"111",2014,6,7.06695652173913,115,7.7,6.48666666666667,5.55882352941176,6.38235294117647,7.18571428571429,55,60,17,17,98,11807,6239,5568,1261,3051,8756,7.12601180401457,7.63201394454239,6.55903131645115,6.65919904837431,6.97479023271059,7.17870447350388,109
"112",2014,7,7.09,115,7.56071428571429,6.64322033898305,6.71153846153846,6.756,7.18277777777778,56,59,13,25,90,11922,6295,5627,1274,3076,8846,7.12566443298105,7.63137966640191,6.55991405189266,6.65973312401884,6.97301202860859,7.1787459156681,110
"113",2014,8,7.225,138,7.60063291139241,6.72203389830509,7.23,6.91481481481481,7.30045045045045,79,59,10,27,111,12060,6374,5686,1284,3103,8957,7.12680110862355,7.6309985880138,6.56159626626802,6.66417445482866,6.97250563970352,7.18025414424473,111
"114",2014,9,7.09820359281437,167,7.5456043956044,6.5625,6.45833333333333,7.01923076923077,7.11276595744681,91,76,24,26,141,12227,6465,5762,1308,3129,9098,7.12641051525313,7.6297965970611,6.56160818639361,6.66039755351682,6.97289389581336,7.17920821828973,112
"115",2014,10,7.12333333333333,150,7.54719101123596,6.50491803278689,6.42307692307692,6.97407407407407,7.15609756097561,89,61,13,27,123,12377,6554,5823,1321,3156,9221,7.12637322210552,7.62867485505035,6.56101431736218,6.65806207418622,6.97290399239544,7.1788999425225,113
"116",2014,11,7.24602272727273,176,7.90684210526316,6.47098765432099,6.35,7.5075,7.2125,95,81,27,20,156,12553,6649,5904,1348,3176,9377,7.1280507743169,7.632649270567,6.5597791954607,6.65189169139466,6.97627046599496,7.17945892822864,114
"117",2014,12,7.14033898305085,177,7.62354838709677,6.60535714285714,6.32105263157895,6.965,7.16267515923567,93,84,19,20,157,12730,6742,5988,1367,3196,9534,7.12822163157895,7.63252373183032,6.56041856546426,6.64729334308705,6.97619993742178,7.17918254352842,115
"118",2015,1,7.13881856540084,237,7.66074074074074,6.44803921568627,6.09090909090909,7.04583333333333,7.15547263681592,135,102,22,36,201,12967,6877,6090,1389,3232,9735,7.12841531348809,7.63307765013814,6.55853634975369,6.63848092152628,6.9769755569307,7.17869300154083,116
"119",2015,2,7.35791139240506,158,7.66702127659574,6.90390625,6.9,7.84736842105263,7.2910071942446,94,64,12,19,139,13125,6971,6154,1401,3251,9874,7.13117800914286,7.63353536078037,6.56212810692232,6.64072091363312,6.98206244232544,7.18027409054081,117
"120",2015,3,7.29781420765027,183,7.74545454545455,6.7702380952381,6.52631578947368,7.01515151515152,7.36,99,84,19,33,150,13308,7070,6238,1420,3284,10024,7.13346944469492,7.63510254596888,6.5649304857326,6.63919014084507,6.9823949451888,7.1829635245411,118
"121",2015,4,7.17159340659341,182,7.76559139784946,6.55089887640449,6.325,7.11025641025641,7.18832167832168,93,89,20,39,143,13490,7163,6327,1440,3323,10167,7.13398379318013,7.63679673321234,6.56473310731784,6.63482638888889,6.98389557628649,7.18303888757745,119
"122",2015,5,7.08641379310345,145,7.54486842105263,6.58144927536232,6.40090909090909,6.95227272727273,7.11040650406504,76,69,22,22,123,13635,7239,6396,1462,3345,10290,7.13347791492483,7.63583160657549,6.56491344121326,6.63130642954856,6.98368759342302,7.18217068707483,120
"123",2015,6,7.12585714285714,140,7.62789473684211,6.5296875,6.48823529411765,6.662,7.22669565217391,76,64,17,25,115,13775,7315,6460,1479,3370,10405,7.13340046243194,7.63574914559125,6.56456445356037,6.62966193373901,6.98130118694362,7.18266279384911,121
"124",2015,7,7.1125748502994,167,7.39709302325581,6.81049382716049,6.47857142857143,6.7328125,7.20259259259259,86,81,21,32,135,13942,7401,6541,1500,3402,10540,7.13315100918089,7.63297594919605,6.56760990215563,6.62754666666667,6.97896384479718,7.18291806166983,122
"125",2015,8,7.08607954545455,176,7.61902173913044,6.50238095238095,6.38095238095238,7.08928571428571,7.08547297297297,92,84,21,28,148,14118,7493,6625,1521,3430,10688,7.13256419960334,7.63280461764313,6.56678284830188,6.62414201183432,6.97986443148688,7.18156870976796,123
"126",2015,9,7.16503144654088,159,7.42618421052632,6.92590361445783,7.225,6.98095238095238,7.19304347826087,76,83,18,21,138,14277,7569,6708,1539,3451,10826,7.13292578062618,7.63072995111639,6.57122635211687,6.63116959064327,6.97987105186903,7.18171497967855,124
"127",2015,10,7.26275167785235,149,7.53775510204082,6.7343137254902,6.540625,7.00263157894737,7.30076923076923,98,51,16,19,130,14426,7667,6759,1555,3470,10956,7.13426669693609,7.6295415416721,6.57245692706021,6.63023794212219,6.97999567723343,7.1831276350858,125
"128",2015,11,7.14111111111111,180,7.64739583333333,6.5625,6.46296296296296,6.98076923076923,7.16818181818182,96,84,27,26,154,14606,7763,6843,1582,3496,11110,7.13435104546077,7.62976233414917,6.57233470261581,6.62738305941846,6.98000143020595,7.18292046534653,126
"129",2015,12,7.14624390243902,205,7.59299145299145,6.55227272727273,6.359375,6.71627906976744,7.26037037037037,117,88,32,43,162,14811,7880,6931,1614,3539,11272,7.13451565525623,7.62921637055837,6.57207998412927,6.62206939281289,6.9767971178299,7.18403356724627,127
"130",2016,1,7.16549800796813,251,7.45560283687943,6.79363636363636,6.60714285714286,6.99714285714286,7.19277777777778,141,110,28,35,216,15062,8021,7041,1642,3574,11488,7.13503195923516,7.62616444333624,6.57554131089334,6.62181485992692,6.97699636261892,7.18419797788997,128
"131",2016,2,7.27310344827586,203,7.59025423728814,6.83282352941176,6.55933333333333,6.78484848484849,7.36788235294118,118,85,15,33,170,15265,8139,7126,1657,3607,11658,7.1368680884376,7.62564381373633,6.57861021190008,6.62124924562462,6.97523842528417,7.18687651140847,129
"132",2016,3,7.194,175,7.69728260869565,6.63614457831325,6.43157894736842,7.51538461538462,7.16820987654321,92,83,19,13,162,15440,8231,7209,1676,3620,11820,7.13751563277202,7.62644453893816,6.57927262727146,6.61909904534606,6.97717817679558,7.18662067428088,130
"133",2016,4,7.07363157894737,190,7.52305555555556,6.48170731707317,7.02142857142857,6.73136363636364,7.11845238095238,108,82,14,22,168,15630,8339,7291,1690,3642,11988,7.13673905118362,7.62510552824079,6.57817533534494,6.62243195266272,6.97569330038441,7.18566536286286,131
"134",2016,5,7.01646766169154,201,7.4781512605042,6.34646341463415,6.5,7.26666666666667,6.98254237288136,119,82,19,24,177,15831,8458,7373,1709,3666,12165,7.13521201250711,7.62303795223457,6.57559831411908,6.62107080163838,6.97759819967267,7.18270993588163,132
"135",2016,6,7.30251396648045,179,7.81367924528302,6.56027397260274,6.58095238095238,7.68421052631579,7.2571875,106,73,21,19,160,16010,8564,7446,1730,3685,12325,7.13708253404122,7.62539759458197,6.57544807547676,6.6205838150289,6.98124151967436,7.18367678458418,133
"136",2016,7,7.16716494845361,194,7.56807692307692,6.70388888888889,6.92368421052632,7.16375,7.16783950617284,104,90,19,32,162,16204,8668,7536,1749,3717,12487,7.13744269131079,7.62470985233041,6.57698200238853,6.62387650085763,6.98281275221954,7.18347131977256,134
"137",2016,8,7.12413793103448,174,7.46238095238095,6.60942028985507,6.375,6.83333333333333,7.1640522875817,105,69,16,21,153,16378,8773,7605,1765,3738,12640,7.13730134143363,7.62276701242448,6.57727631426693,6.62162039660057,6.98197298020332,7.18323626344937,135
"138",2016,9,7.09102564102564,195,7.60922330097087,6.51086956521739,6.79411764705882,7.08,7.09264705882353,103,92,17,25,170,16573,8876,7697,1782,3763,12810,7.1367568557292,7.62260984677783,6.57648257373002,6.62326599326599,6.98262423598193,7.18203406479313,136
"139",2016,10,7.22086516853933,178,7.45256310679612,6.90266666666667,6.89473684210526,7.22,7.22104054054054,103,75,19,30,148,16751,8979,7772,1801,3793,12958,7.13765061011283,7.62065920481122,6.57963025862069,6.62612992781788,6.9845017136831,7.18247957786695,137
"140",2016,11,7.22268292682927,205,7.64435483870968,6.57716049382716,6.44230769230769,7.00833333333333,7.25110497237569,124,81,26,24,181,16956,9103,7853,1827,3817,13139,7.13867866065109,7.62098198396133,6.57960478415892,6.62351395730706,6.98465155881583,7.18342494634295,138
"141",2016,12,7.0094387755102,196,7.559375,6.27619047619048,6.25,6.7537037037037,7.05029585798817,112,84,20,27,169,17152,9215,7937,1847,3844,13308,7.13720180562033,7.62023320672816,6.57639364621393,6.61946940985382,6.98302939646202,7.18173432296363,139
"142",2017,1,7.01934156378601,243,7.43970588235294,6.48504672897196,6.228,6.93409090909091,7.03819095477387,136,107,25,44,199,17395,9351,8044,1872,3888,13507,7.13555535326243,7.617607635547,6.57517856414719,6.61424145299145,6.98247556584362,7.17961948397127,140
"143",2017,2,7.26072398190045,221,7.74770992366412,6.55188888888889,6.23913043478261,7.21794871794872,7.26989010989011,131,90,23,39,182,17616,9482,8134,1895,3927,13689,7.13712564543597,7.61940508331575,6.57492087164986,6.60968865435356,6.98481410746117,7.18081966323325,141
"144",2017,3,7.21920212765957,188,7.66330275229358,6.60645569620253,6.51333333333333,7.07970588235294,7.25,109,79,15,34,154,17804,9591,8213,1910,3961,13843,7.13799232588182,7.61990397247419,6.57522420187507,6.60893193717277,6.98562862913406,7.18158927761323,142
"145",2017,4,7.1546511627907,172,7.53855670103093,6.65813333333333,6.54666666666667,7.20454545454545,7.14733333333333,97,75,15,22,150,17976,9688,8288,1925,3983,13993,7.13815172285269,7.61908949215524,6.57597446549228,6.60844675324675,6.98683781069546,7.18122206603301,143
"146",2017,5,7.12711956521739,184,7.52049019607843,6.63780487804878,6.3,6.78571428571429,7.17110429447853,102,82,18,21,163,18160,9790,8370,1943,4004,14156,7.13803994328194,7.61806220633299,6.57658021146953,6.60558929490479,6.98578296703297,7.18110556442498,144
"147",2017,6,7.1475641025641,156,7.54231707317073,6.71013513513514,6.7,7.18275862068965,7.13952755905512,82,74,20,29,127,18316,9872,8444,1963,4033,14283,7.13812106191308,7.61743304294975,6.57775063595452,6.60655119714722,6.98719935531862,7.18073586571448,145
"148",2017,7,7.02923976608187,171,7.42159090909091,6.61325301204819,6.525,7.11904761904762,7.01666666666667,88,83,20,21,150,18487,9960,8527,1983,4054,14433,7.13711393790231,7.61570271084337,6.57809620851413,6.60572869389813,6.98788233843118,7.1790307191852,146
"149",2017,8,7.04866310160428,187,7.56470588235294,6.42941176470588,6.15,6.85,7.08364779874214,102,85,20,28,159,18674,10062,8612,2003,4082,14592,7.13622819802934,7.61518574836017,6.57662870065025,6.60117823265102,6.98693655071044,7.17799139048794,147
"150",2017,9,7.12845714285714,175,7.51777777777778,6.71623529411765,6.63181818181818,6.78333333333333,7.18331125827815,90,85,22,24,151,18849,10152,8697,2025,4106,14743,7.13615604912727,7.61432220252167,6.57799314361274,6.60151111111111,6.98574646858256,7.17804587736553,148
"151",2017,10,7.25654054054054,185,7.65064814814815,6.70376623376623,6.5,7.116,7.2785,108,77,14,25,160,19034,10260,8774,2039,4131,14903,7.13732612010087,7.61470458089669,6.57909691930704,6.60081412457087,6.98653473735173,7.17912436220895,149
"152",2017,11,6.97628272251309,191,7.34914285714286,6.52104651162791,6.16666666666667,6.38785714285714,7.07736196319018,105,86,15,28,163,19225,10365,8860,2054,4159,15066,7.13572615708713,7.6120143753015,6.5785334503386,6.59764362220058,6.98250420774225,7.17802338842426,150
"153",2017,12,7.18015873015873,189,7.63762886597938,6.69782608695652,6.61578947368421,7.38809523809524,7.15416666666667,97,92,19,21,168,19414,10462,8952,2073,4180,15234,7.13615871896569,7.61225186388836,6.57975942470956,6.59780993728895,6.98454186602871,7.17776029736116,151
"154",2018,1,7.12981960784314,255,7.50036231884058,6.69276923076923,6.41935483870968,7.04375,7.14583255813953,138,117,31,40,215,19669,10600,9069,2104,4220,15449,7.13607653515684,7.61079518867925,6.58121737457272,6.59518060836502,6.98510308056872,7.17731596672924,152
"155",2018,2,7.07521739130435,184,7.54301075268817,6.59714285714286,6.71666666666667,7.05,7.07846625766871,93,91,24,21,163,19853,10693,9160,2128,4241,15612,7.13551248526671,7.61020564855513,6.58137558624454,6.5965507518797,6.9854244282009,7.17628390789136,153
"156",2018,3,7.1003125,160,7.55454545454545,6.54513888888889,6.9625,6.50652173913043,7.2,88,72,16,23,137,20013,10781,9232,2144,4264,15749,7.1352310683056,7.60975132176978,6.58109297768631,6.59928171641791,6.98284122889306,7.17649021334688,154
"157",2018,4,6.96019736842105,152,7.37882352941176,6.42910447761194,5.9952380952381,7.01842105263158,6.95187969924812,85,67,21,19,133,20165,10866,9299,2165,4283,15882,7.13391169699975,7.60794487391865,6.57999788902032,6.59342263279446,6.98299906607518,7.17460926646518,155
"158",2018,5,6.88287102189781,137,7.42541057971015,6.33235294117647,6.45,6.67916666666667,6.92613566371681,69,68,14,24,113,20302,10935,9367,2179,4307,15995,7.13221764850753,7.60679308001829,6.57820010355503,6.59250114731528,6.98130601346645,7.17285387308534,156
"159",2018,6,7.20226458015267,131,7.65438810126582,6.51538461538462,6.38461538461539,7.39166666666667,7.18316521008403,79,52,13,12,119,20433,11014,9419,2192,4319,16114,7.13266673322566,7.60713446431814,6.57785331457692,6.59126824817518,6.98244616809447,7.17293002109966,157
"160",2018,7,7.07699039370079,127,7.74296875,6.40044095238095,6.81322761904762,7.190625,7.06061063063063,64,63,21,16,111,20560,11078,9482,2213,4335,16225,7.13232281809338,7.60791920834086,6.57667455705547,6.59337450519656,6.98321453287197,7.17216161109399,158
"161",2018,8,6.92868965517241,145,7.30717948717949,6.48805970149254,6.5925,6.7352,6.969,78,67,16,25,120,20705,11156,9549,2229,4360,16345,7.13089674667954,7.60581651039799,6.5760527961043,6.59336822790489,6.98179243119266,7.17067006056898,159
"162",2018,9,6.98878461538462,130,7.47207792207792,6.28664150943396,6.84166666666667,6.88125,7.00387719298246,77,53,12,16,114,20835,11233,9602,2241,4376,16459,7.13001003791696,7.60489975874655,6.5744553374297,6.59469780455154,6.98142481718464,7.16951480284343,160
"163",2018,10,7.09164666666667,150,7.62667045454545,6.33225806451613,6.52777777777778,6.52941176470588,7.16351127819549,88,62,18,17,133,20985,11321,9664,2259,4393,16592,7.12973581796521,7.60506898595531,6.57290150558775,6.59416457724657,6.97967562030503,7.16946667912247,161
"164",2018,11,7.11647435897436,156,7.60597826086957,6.4128125,6.73333333333333,6.575,7.21492424242424,92,64,15,24,132,21141,11413,9728,2274,4417,16724,7.12963796130741,7.60507631560501,6.57184828844572,6.5950825769569,6.97747679420421,7.16982546878737,162
"165",2018,12,7.12977777777778,135,7.62205882352941,6.63014925373134,6.57142857142857,7.42666666666667,7.09266666666667,68,67,14,15,120,21276,11481,9795,2288,4432,16844,7.12963884846775,7.60517690009581,6.57224708014293,6.59493784090909,6.97899706678701,7.1692757741629,163
"166",2019,1,7.01467712041885,191,7.48141910891089,6.49088888888889,6.38,7.13217391304348,6.99859125,101,90,26,23,168,21467,11582,9885,2314,4455,17012,7.12861599059021,7.60409767915732,6.57150633788568,6.59252280898876,6.97978787878788,7.1675901992711,164
"167",2019,2,6.9730534351145,131,7.57256756756757,6.19473684210526,6.10714285714286,6.32142857142857,7.05102564102564,74,57,14,14,117,21598,11656,9942,2328,4469,17129,7.12767244513381,7.60389750514757,6.56934622309394,6.58960385738831,6.97772544193332,7.16679400256874,165
"168",2019,3,7.02487804878049,123,7.5703125,6.43322033898305,6.175,6.91388888888889,7.04390476190476,64,59,14,18,105,21721,11720,10001,2342,4487,17234,7.12709034897104,7.60371410580205,6.56854316068393,6.58712543979505,6.9774693559171,7.16604528664268,166
"169",2019,4,6.87009345794393,107,7.30363636363636,6.41153846153846,6.13636363636364,6.5,6.91684210526316,55,52,11,12,95,21828,11775,10053,2353,4499,17329,7.12583056028953,7.60231246878981,6.56773104048542,6.58501818104547,6.97619582129362,7.1646791199723,167
"170",2019,5,6.97320509615385,104,7.38704396226415,6.54313725490196,6.27272727272727,7.77777777777778,6.89698242105263,53,51,11,9,95,21932,11828,10104,2364,4508,17424,7.12510682108335,7.60134787368955,6.56760690320665,6.58356505076142,6.97779614019521,7.16321957070707,168
"171",2019,6,7.19565573770492,122,7.59426470588235,6.6937037037037,6.55555555555556,7.38461538461539,7.17311926605505,68,54,9,13,109,22054,11896,10158,2373,4521,17533,7.12549708896345,7.60130738483524,6.56827723469186,6.583458820059,6.97896593673966,7.16328111561056,169
"172",2019,7,6.98940813084112,107,7.54037735849057,6.44864203703704,5.66055583333333,7.07692307692308,6.977305,53,54,12,13,94,22161,11949,10212,2385,4534,17627,7.12484001037859,7.60103712863001,6.56764461613787,6.57881528301887,6.97924680194089,7.16228935553412,170
"173",2019,8,7.01434108527132,129,7.60967741935484,6.4634328358209,6.5,6.82,7.06105769230769,62,67,20,25,104,22290,12011,10279,2405,4559,17731,7.12420051458053,7.60108172924819,6.56696534876933,6.57815985446985,6.97837354683045,7.1616955879533,171
"174",2019,9,6.88842975206612,121,7.35076923076923,6.35178571428571,6.31818181818182,6.8,6.90594059405941,65,56,11,20,101,22411,12076,10335,2416,4579,17832,7.12292755655705,7.599734402948,6.56579940203193,6.57697617963576,6.97759445293732,7.16024699809331,172
"175",2019,10,6.74493984962406,133,7.26716417910448,6.21480303030303,5.58141666666667,6.55668421052632,6.77631578947368,67,66,12,19,114,22544,12143,10401,2428,4598,17946,7.12069759004613,7.5978994194186,6.56357213921738,6.57205578665568,6.97585515441497,7.15780811712916,173
"176",2019,11,7.05968992248062,129,7.49084507042254,6.53189655172414,5.29642857142857,7.40384615384615,7.02112068965517,71,58,14,13,116,22673,12214,10459,2442,4611,18062,7.12035048163013,7.59727711233012,6.56339648341141,6.56474260851761,6.97706180871828,7.15693026630495,174
"177",2019,12,7.11425925925926,162,7.52482352941176,6.66103896103896,6.51538461538462,7.53947368421053,7.05776223776224,85,77,26,19,143,22835,12299,10536,2468,4630,18205,7.12030726822859,7.59677637612814,6.5641100816249,6.56422262965964,6.97936976241901,7.15615130293875,175
"178",2020,1,6.94945526829268,205,7.41898547826087,6.3495,6.375,6.91458333333333,6.95407917127072,115,90,16,24,181,23040,12414,10626,2484,4654,18386,7.11878710069444,7.59512936845497,6.5622923790702,6.56300380434782,6.97903566824237,7.15416201457631,176
"179",2020,2,7.03604086092715,151,7.31729404494382,6.6323064516129,6.6047619047619,7.08181818181818,7.02823387596899,89,62,21,22,129,23191,12503,10688,2505,4676,18515,7.11824832779957,7.59315165560266,6.56269852357784,6.56335387225549,6.97951924721985,7.15328463246017,177
"180",2020,3,7.09305172413793,116,7.28588059701493,6.82938775510204,6.67307692307692,6.55823529411765,7.18488888888889,67,49,13,17,99,23307,12570,10737,2518,4693,18614,7.11812292315613,7.59151385441528,6.56391560212349,6.56392035345512,6.9779931813339,7.15345272214462,178
"181",2020,4,7.17653846153846,104,7.56901639344262,6.61976744186047,6.19444444444444,7.36176470588235,7.14034482758621,61,43,9,17,87,23411,12631,10780,2527,4710,18701,7.11838242578275,7.59140520544692,6.5641383877551,6.56260445191927,6.97937834394905,7.15339174215282,179
"182",2020,5,7.05930037037037,108,7.6000888,6.59310344827586,6.79,7.45454545454545,7.0144787628866,50,58,10,11,97,23519,12681,10838,2537,4721,18798,7.1181111190952,7.59143944405016,6.56429339546041,6.56350076862436,6.98048549036221,7.15267493403554,180
"183",2020,6,6.9190350877193,114,7.57368421052632,6.26438596491228,6.28571428571429,5.32444444444444,7.05571428571429,57,57,14,9,105,23633,12738,10895,2551,4730,18903,7.11715082342487,7.59135999293453,6.56272435245525,6.56197626421011,6.97733446088795,7.15213634925673,181
"184",2020,7,7.23119658119658,117,7.46619718309859,6.86847826086957,6.43181818181818,7.135,7.25103092783505,71,46,11,20,97,23750,12809,10941,2562,4750,19000,7.1177126488421,7.59066621828402,6.56400985467507,6.56141742779079,6.97799831578947,7.15264123210526,182
"185",2020,8,7.29115514851485,101,7.66502929824561,6.80681818181818,6.95454545454545,7.13125,7.32125494117647,57,44,11,16,85,23851,12866,10985,2573,4766,19085,7.11844711249004,7.59099566765118,6.56498241420118,6.56309811504081,6.97851279899287,7.15339219701336,183
"186",2020,9,6.82577319587629,97,7.44468085106383,6.244,6.01176470588235,6.52307692307692,6.87261904761905,47,50,17,13,84,23948,12913,11035,2590,4779,19169,7.11726165358276,7.59046311933711,6.56352803081105,6.55947932432432,6.97727390667504,7.15216182795138,184
"187",2020,10,6.72478260869565,115,7.13090909090909,6.3525,6.01785714285714,6.49333333333333,6.7595,55,60,14,15,100,24063,12968,11095,2604,4794,19269,7.11538594855172,7.58851405459593,6.5623868246958,6.55656737711213,6.97575969962453,7.1501240375733,185
"188",2020,11,6.87243105263158,133,7.47916661764706,6.23769230769231,6.36764705882353,6.55882352941176,6.91839077586207,68,65,17,17,116,24196,13036,11160,2621,4811,19385,7.11405047983137,7.58794366293342,6.56049568279569,6.5553420259443,6.97428642693827,7.14873734382254,186
"189",2020,12,6.97137404580153,131,7.55984848484848,6.37384615384615,6.7,6.7,6.99873949579832,66,65,10,12,119,24327,13102,11225,2631,4823,19504,7.11328217248325,7.58780213631507,6.55941486146993,6.55589184720638,6.97360398092474,7.14782216006973,187
"190",2021,1,7.1378947368421,152,7.66759036144578,6.50072463768116,6.6875,7.36368421052632,7.10563909774436,83,69,12,19,133,24479,13185,11294,2643,4842,19637,7.11343500183831,7.58830440576413,6.55905629714892,6.55648938706016,6.9751346551012,7.14753645719815,188
"191",2021,2,7.00765765765766,111,7.59818181818182,6.42767857142857,5.48076923076923,5.62307692307692,7.19132653061224,55,56,13,13,98,24590,13240,11350,2656,4855,19735,7.11295751972346,7.58834543731118,6.55840808986784,6.55122419051205,6.97151431513903,7.14775390980491,189
"192",2021,3,7.04110416666667,96,7.54102222222222,6.6,6.68181818181818,7.20353846153846,7.01566265060241,45,51,11,13,83,24686,13285,11401,2667,4868,19818,7.11267809325123,7.58818514038389,6.55859414261906,6.55176282339708,6.97213393590797,7.14720069684125,190
"193",2021,4,6.98539325842697,89,7.69318181818182,6.29333333333333,6.46153846153846,5.97,7.11392405063291,44,45,13,10,79,24775,13329,11446,2680,4878,19897,7.11222084399596,7.58853174206617,6.55755126856543,6.55132516791045,6.97007954079541,7.14706857365432,191
"194",2021,5,7.06849462365591,93,7.65880952380952,6.58235294117647,6.5,7.50384615384615,6.99775,42,51,8,13,80,24868,13371,11497,2688,4891,19977,7.11205731904455,7.58875249345599,6.55766128729233,6.55117241443452,6.97149826211409,7.14647061170346,192
"195",2021,6,7.00455942528736,87,7.42729566037736,6.34558823529412,5.875,7.62857142857143,6.949958375,53,34,6,7,80,24955,13424,11531,2694,4898,20057,7.11168255179322,7.58811503724672,6.55703597433006,6.54966646250928,6.97243732135566,7.1456867966296,193
"196",2021,7,6.85872093023256,86,7.08446977272727,6.62222214285714,6.61111111111111,7.045,6.83421052631579,44,42,9,10,76,25041,13468,11573,2703,4908,20133,7.11081378858671,7.58646962652213,6.55727254385206,6.54987105068442,6.97258516707417,7.14451100581135,194
"197",2021,8,7.09398064220183,109,7.511,6.58334469387755,6.66153846153846,7.76611111111111,7.0334889,60,49,13,9,100,25150,13528,11622,2716,4917,20233,7.11074083379721,7.58613490020698,6.5573824677336,6.55040554123711,6.97403762456783,7.14396228784659,195
"198",2021,9,6.77977777777778,90,7.14705882352941,6.29948717948718,6.134,6.7,6.78975,51,39,10,10,80,25240,13579,11661,2726,4927,20313,7.10956069611727,7.58448581854334,6.55651994168596,6.54887800807043,6.97348142886138,7.14256727071333,196
"199",2021,10,7.0947191011236,89,7.58840909090909,6.612,6.22615384615385,6.64285714285714,7.17906666666667,44,45,13,14,75,25329,13623,11706,2739,4941,20388,7.10950854633029,7.58449849005359,6.55673321715359,6.54734627601314,6.97254462659381,7.14270153865018,197
"200",2021,11,7.0593023255814,86,7.53157894736842,6.68541666666667,6.425,6.85555555555556,7.08311688311688,38,48,8,9,77,25415,13661,11754,2747,4950,20465,7.10933865709227,7.58435128687505,6.55725872383869,6.54698997087732,6.97233191919192,7.14247735010994,198
"201",2021,12,6.85706666666667,150,7.45351351351351,6.27631578947368,6.05666666666667,5.93333333333333,6.9597037037037,74,76,12,15,135,25565,13735,11830,2759,4965,20600,7.10785847721494,7.5836463727703,6.55545384953507,6.54485735773831,6.96919295065458,7.14127956165048,199
"202",2022,1,7.11076322429907,214,7.56537950495049,6.70442477876106,6.62173913043478,7.15576923076923,7.1045389893617,101,113,23,26,188,25779,13836,11943,2782,4991,20788,7.10788259048062,7.58351302833189,6.55686335426609,6.54549297268152,6.97016489681427,7.14094729170675,200
"203",2022,2,7.2819587628866,97,7.59727272727273,6.86904761904762,7.17307692307692,7.13636363636364,7.30058139534884,55,42,13,11,86,25876,13891,11985,2795,5002,20874,7.10853514067089,7.58356750845872,6.55795736670838,6.54841196779964,6.97053038784486,7.14160497748395,201
"204",2022,3,7.0993085106383,94,7.39885964912281,6.63783783783784,5.97142857142857,7.63333333333333,7.02115853658537,57,37,7,12,82,25970,13948,12022,2802,5014,20956,7.10850174432037,7.58281267995412,6.55820321410746,6.54697053890078,6.97211667331472,7.14113367531971,202
"205",2022,4,7.32538461538461,91,7.58865384615385,6.97435897435897,6.42857142857143,7.16666666666667,7.34280487804878,52,39,7,9,82,26061,14000,12061,2809,5023,21038,7.10925905759564,7.58283437571429,6.5595488798607,6.54667548949804,6.9724652598049,7.14191973096302,203
"206",2022,5,6.9411214953271,107,7.4462962962963,6.42641509433962,5.81,6.575,6.97886597938144,54,53,10,10,97,26168,14054,12114,2819,5033,21135,7.10857154922042,7.58230975238367,6.55896640581145,6.5440622383824,6.97167554142659,7.14117138869174,204
"207",2022,6,6.95808771929825,114,7.48666666666667,6.48236666666667,5.85,7.40909090909091,6.90992233009709,54,60,13,11,103,26282,14108,12174,2832,5044,21238,7.10791881515866,7.58194366742274,6.55858888122227,6.54087621822034,6.97262946074544,7.14004987757792,205
"208",2022,7,7.2227027027027,74,7.83179487179487,6.544,6.06125,7.35,7.20727272727273,39,35,8,8,66,26356,14147,12209,2840,5052,21304,7.10824109500683,7.58263244928254,6.55854705872716,6.5395251584507,6.97322703879652,7.1402581346226,206
"209",2022,8,6.81010101010101,99,7.25384615384615,6.31914893617021,5.55,6.74,6.81797752808989,52,47,10,10,89,26455,14199,12256,2850,5062,21393,7.10712539406539,7.5814283583351,6.55762900130548,6.53605314035088,6.97276629790597,7.13891737016781,207
"210",2022,9,6.67920792079208,101,7.14166666666667,6.26037735849057,5.58333333333333,5.375,6.85505617977528,48,53,6,12,89,26556,14247,12309,2856,5074,21482,7.10549790254556,7.57994674387591,6.55634909740839,6.53405162815126,6.96898758376035,7.13774133227818,208
"211",2022,10,7.11379746835443,79,7.57119047619048,6.59459459459459,5.83333333333333,7.345,7.08774647887324,42,37,6,8,71,26635,14289,12346,2862,5082,21553,7.1055225192416,7.57992100636854,6.55646371618337,6.53258261705101,6.96957949626132,7.13757663898297,209
"212",2022,11,6.95918367346939,98,7.542,6.35208333333333,6.25,6.59285714285714,7.0202380952381,50,48,10,14,84,26733,14339,12394,2872,5096,21637,7.10498605842965,7.57978877606528,6.5556721833145,6.53159869428969,6.96854454474098,7.13712110274067,210
"213",2022,12,6.89928571428571,112,7.31033333333333,6.425,6.52142857142857,7.235,6.859,60,52,14,12,100,26845,14399,12446,2886,5108,21737,7.10412785621158,7.57866596708105,6.55512622850714,6.53154935897436,6.96917051683634,7.13584162027878,211
