"","year","month","avg_rating","no_ratings","avg_rating_owned","avg_rating_not_owned","avg_rating_prev_owned","avg_rating_comment","avg_rating_no_comment","no_ratings_owned","no_ratings_not_owned","no_ratings_prev_owned","no_ratings_comment","no_ratings_no_comment","cum_no_ratings","cum_no_ratings_owned","cum_no_ratings_not_owned","cum_no_ratings_prev_owned","cum_no_ratings_comment","cum_no_ratings_no_comment","cum_avg_rating","cum_avg_rating_owned","cum_avg_rating_not_owned","cum_avg_rating_prev_owned","cum_avg_rating_comment","cum_avg_rating_no_comment","month_after_release"
"1",2001,6,10,1,10,NA,NA,NA,10,1,0,0,0,1,1,1,0,0,0,1,10,10,NA,NA,NA,10,0
"2",2001,7,8,1,8,NA,NA,8,NA,1,0,0,1,0,2,2,0,0,1,1,9,9,NA,NA,8,10,1
"3",2001,8,8,2,8,NA,NA,7,9,2,0,0,1,1,4,4,0,0,2,2,8.5,8.5,NA,NA,7.5,9.5,2
"4",2001,9,8.5,4,8.5,NA,NA,8,8.66666666666667,4,0,0,1,3,8,8,0,0,3,5,8.5,8.5,NA,NA,7.66666666666667,9,3
"5",2001,10,10,1,10,NA,NA,10,NA,1,0,0,1,0,9,9,0,0,4,5,8.66666666666667,8.66666666666667,NA,NA,8.25,9,4
"6",2001,11,9.5,2,9.5,NA,NA,9,10,2,0,0,1,1,11,11,0,0,5,6,8.81818181818182,8.81818181818182,NA,NA,8.4,9.16666666666667,5
"7",2001,12,8.33333333333333,3,8,9,NA,NA,8.33333333333333,2,1,0,0,3,14,13,1,0,5,9,8.71428571428571,8.69230769230769,9,NA,8.4,8.88888888888889,6
"8",2002,1,6,1,NA,6,NA,NA,6,0,1,0,0,1,15,13,2,0,5,10,8.53333333333333,8.69230769230769,7.5,NA,8.4,8.6,7
"9",2002,3,8,2,8,NA,NA,10,6,2,0,0,1,1,17,15,2,0,6,11,8.47058823529412,8.6,7.5,NA,8.66666666666667,8.36363636363636,9
"10",2002,4,9,1,NA,9,NA,9,NA,0,1,0,1,0,18,15,3,0,7,11,8.5,8.6,8,NA,8.71428571428571,8.36363636363636,10
"11",2002,5,7.4,5,7.5,7,NA,7,9,4,1,0,4,1,23,19,4,0,11,12,8.26086956521739,8.36842105263158,7.75,NA,8.09090909090909,8.41666666666667,11
"12",2002,6,7.33333333333333,3,7.33333333333333,NA,NA,NA,7.33333333333333,3,0,0,0,3,26,22,4,0,11,15,8.15384615384615,8.22727272727273,7.75,NA,8.09090909090909,8.2,12
"13",2002,7,7.25,4,7.66666666666667,6,NA,8,7,3,1,0,1,3,30,25,5,0,12,18,8.03333333333333,8.16,7.4,NA,8.08333333333333,8,13
"14",2002,8,7,2,7,NA,NA,NA,7,2,0,0,0,2,32,27,5,0,12,20,7.96875,8.07407407407407,7.4,NA,8.08333333333333,7.9,14
"15",2002,9,7,2,7,7,NA,7,NA,1,1,0,2,0,34,28,6,0,14,20,7.91176470588235,8.03571428571429,7.33333333333333,NA,7.92857142857143,7.9,15
"16",2002,11,7.875,8,8.16666666666667,7,7,8,7.8,6,2,2,3,5,42,34,8,2,17,25,7.90476190476191,8.05882352941176,7.25,7,7.94117647058824,7.88,17
"17",2002,12,7.25,4,7.25,NA,NA,7,7.33333333333333,4,0,0,1,3,46,38,8,2,18,28,7.84782608695652,7.97368421052632,7.25,7,7.88888888888889,7.82142857142857,18
"18",2003,1,6.66666666666667,6,7,5,NA,6,6.8,5,1,0,1,5,52,43,9,2,19,33,7.71153846153846,7.86046511627907,7,7,7.78947368421053,7.66666666666667,19
"19",2003,2,7.25,4,7.66666666666667,6,NA,8,7,3,1,0,1,3,56,46,10,2,20,36,7.67857142857143,7.84782608695652,6.9,7,7.8,7.61111111111111,20
"20",2003,3,6.5,2,9,4,NA,4,9,1,1,0,1,1,58,47,11,2,21,37,7.63793103448276,7.87234042553191,6.63636363636364,7,7.61904761904762,7.64864864864865,21
"21",2003,4,7.33333333333333,9,8,5,NA,7.66666666666667,7.16666666666667,7,2,0,3,6,67,54,13,2,24,43,7.59701492537313,7.88888888888889,6.38461538461539,7,7.625,7.58139534883721,22
"22",2003,5,7.44444444444444,9,8.33333333333333,7,NA,7,8,3,6,0,5,4,76,57,19,2,29,47,7.57894736842105,7.91228070175439,6.57894736842105,7,7.51724137931035,7.61702127659574,23
"23",2003,6,7.55555555555556,9,8.4,6.5,5,8.4,6.5,5,4,1,5,4,85,62,23,3,34,51,7.57647058823529,7.95161290322581,6.56521739130435,6.33333333333333,7.64705882352941,7.52941176470588,24
"24",2003,7,6.75,18,7.6875,6,6.66666666666667,6.33333333333333,6.83333333333333,8,10,3,3,15,103,70,33,6,37,66,7.43203883495146,7.92142857142857,6.39393939393939,6.5,7.54054054054054,7.37121212121212,25
"25",2003,8,6.88888888888889,9,7.66666666666667,6.5,NA,6.5,7,3,6,0,2,7,112,73,39,6,39,73,7.38839285714286,7.91095890410959,6.41025641025641,6.5,7.48717948717949,7.33561643835616,26
"26",2003,9,8,7,8.5,7.33333333333333,9,8,8,4,3,1,3,4,119,77,42,7,42,77,7.42436974789916,7.94155844155844,6.47619047619048,6.85714285714286,7.52380952380952,7.37012987012987,27
"27",2003,10,7.66666666666667,6,8,7.33333333333333,9,7,7.8,3,3,1,1,5,125,80,45,8,43,82,7.436,7.94375,6.53333333333333,7.125,7.51162790697674,7.39634146341463,28
"28",2003,11,7.28571428571429,7,7.28571428571429,NA,NA,7.25,7.33333333333333,7,0,0,4,3,132,87,45,8,47,85,7.4280303030303,7.89080459770115,6.53333333333333,7.125,7.48936170212766,7.39411764705882,29
"29",2003,12,7.375,12,7.72222222222222,6.33333333333333,4,6.75,7.6875,9,3,1,4,8,144,96,48,9,51,93,7.42361111111111,7.875,6.52083333333333,6.77777777777778,7.43137254901961,7.41935483870968,30
"30",2004,1,7.33333333333333,9,7.16666666666667,7.66666666666667,NA,7.75,7,6,3,0,4,5,153,102,51,9,55,98,7.41830065359477,7.83333333333333,6.58823529411765,6.77777777777778,7.45454545454545,7.39795918367347,31
"31",2004,2,7.33333333333333,12,7.75,6.5,8,6,7.6,8,4,1,2,10,165,110,55,10,57,108,7.41212121212121,7.82727272727273,6.58181818181818,6.9,7.40350877192982,7.41666666666667,32
"32",2004,3,7.38888888888889,18,7.46153846153846,7.2,7,7.33333333333333,7.41666666666667,13,5,2,6,12,183,123,60,12,63,120,7.40983606557377,7.78861788617886,6.63333333333333,6.91666666666667,7.3968253968254,7.41666666666667,33
"33",2004,4,7.29166666666667,12,7,7.875,NA,7.625,6.625,8,4,0,8,4,195,131,64,12,71,124,7.4025641025641,7.74045801526718,6.7109375,6.91666666666667,7.42253521126761,7.39112903225806,34
"34",2004,5,7.875,8,8,7.66666666666667,8,7.5,8,5,3,1,2,6,203,136,67,13,73,130,7.42118226600985,7.75,6.75373134328358,7,7.42465753424658,7.41923076923077,35
"35",2004,6,7.17272727272727,11,7.8625,5.33333333333333,NA,7.5,6.98571428571429,8,3,0,4,7,214,144,70,13,77,137,7.40841121495327,7.75625,6.69285714285714,7,7.42857142857143,7.3970802919708,36
"36",2004,7,7.275,12,7.25454545454545,7.5,NA,7.86,6.85714285714286,11,1,0,5,7,226,155,71,13,82,144,7.40132743362832,7.72064516129032,6.70422535211268,7,7.45487804878049,7.37083333333333,37
"37",2004,8,8.625,8,8.71428571428571,8,NA,8.5,8.66666666666667,7,1,0,2,6,234,162,72,13,84,150,7.44316239316239,7.76358024691358,6.72222222222222,7,7.4797619047619,7.42266666666667,38
"38",2004,9,7,13,7.1,6.66666666666667,7,6.85714285714286,7.16666666666667,10,3,1,7,6,247,172,75,14,91,156,7.41983805668016,7.725,6.72,7,7.43186813186813,7.41282051282051,39
"39",2004,10,7.53125,16,7.39285714285714,8.5,7,7.1875,7.875,14,2,1,8,8,263,186,77,15,99,164,7.42661596958175,7.7,6.76623376623377,7,7.41212121212121,7.43536585365854,40
"40",2004,11,6.875,12,7.05,6,NA,6.64285714285714,7.2,10,2,0,7,5,275,196,79,15,106,169,7.40254545454545,7.66683673469388,6.74683544303798,7,7.36132075471698,7.42840236686391,41
"41",2004,12,7.00384615384615,13,7.39285714285714,6.55,9,7.53571428571429,6.38333333333333,7,6,1,7,6,288,203,85,16,113,175,7.38454861111111,7.65738916256158,6.73294117647059,7.125,7.37212389380531,7.39257142857143,42
"42",2005,1,7.20833333333333,12,7.28571428571429,7.1,NA,7.83333333333333,7,7,5,0,3,9,300,210,90,16,116,184,7.3775,7.645,6.75333333333333,7.125,7.38405172413793,7.37336956521739,43
"43",2005,2,7.07647058823529,17,6.85454545454545,7.48333333333333,NA,7,7.1625,11,6,0,9,8,317,221,96,16,125,192,7.36135646687697,7.60565610859729,6.79895833333333,7.125,7.3564,7.36458333333333,44
"44",2005,3,7,7,7,7,NA,7.5,6.8,6,1,0,2,5,324,227,97,16,127,197,7.35354938271605,7.58964757709251,6.80103092783505,7.125,7.35866141732283,7.3502538071066,45
"45",2005,4,7.54545454545455,11,8.16666666666667,6.8,9,7.16666666666667,8,6,5,2,6,5,335,233,102,18,133,202,7.35985074626866,7.60450643776824,6.80098039215686,7.33333333333333,7.35,7.36633663366337,46
"46",2005,5,6,8,7.2,4,NA,6,6,5,3,0,2,6,343,238,105,18,135,208,7.32813411078717,7.59600840336135,6.72095238095238,7.33333333333333,7.33,7.32692307692308,47
"47",2005,6,6.85882352941176,17,7.1,6.51428571428571,8,6.21428571428571,7.31,10,7,1,7,10,360,248,112,19,142,218,7.30597222222222,7.57600806451613,6.70803571428571,7.36842105263158,7.275,7.32614678899083,48
"48",2005,7,6.85,10,7.4375,4.5,NA,7.28571428571429,5.83333333333333,8,2,0,7,3,370,256,114,19,149,221,7.29364864864865,7.5716796875,6.66929824561403,7.36842105263158,7.2755033557047,7.30588235294118,49
"49",2005,8,7.33333333333333,18,7.625,6.75,7,7.5,7.2,12,6,1,8,10,388,268,120,20,157,231,7.29548969072165,7.57406716417911,6.67333333333333,7.35,7.28694267515923,7.3012987012987,50
"50",2005,9,7.36363636363636,11,7.7,7.08333333333333,NA,7.875,7.07142857142857,5,6,0,4,7,399,273,126,20,161,238,7.29736842105263,7.57637362637363,6.69285714285714,7.35,7.30155279503106,7.29453781512605,51
"51",2005,10,6.76666666666667,15,7.25,6.44444444444444,6.75,6.1875,7.42857142857143,6,9,4,8,7,414,279,135,24,169,245,7.27814009661836,7.56935483870968,6.6762962962963,7.25,7.24881656804734,7.29836734693878,52
"52",2005,11,6.50909090909091,22,6.91666666666667,6.02,6.875,6.35714285714286,6.775,12,10,4,14,8,436,291,145,28,183,253,7.23933486238532,7.54243986254296,6.63103448275862,7.19642857142857,7.18060109289617,7.28181818181818,53
"53",2005,12,7.23333333333333,18,7.4,6.8,NA,7.55555555555556,6.91111111111111,13,5,0,9,9,454,304,150,28,192,262,7.23909691629956,7.53634868421053,6.63666666666667,7.19642857142857,7.19817708333333,7.26908396946565,54
"54",2006,1,7.875,16,8.07692307692308,7,NA,7.8125,7.9375,13,3,0,8,8,470,317,153,28,200,270,7.26074468085106,7.55851735015773,6.6437908496732,7.19642857142857,7.22275,7.28888888888889,55
"55",2006,2,7.6,18,8,7.1,NA,7.11111111111111,8.08888888888889,10,8,0,9,9,488,327,161,28,209,279,7.27325819672131,7.57201834862385,6.66645962732919,7.19642857142857,7.21794258373206,7.31469534050179,56
"56",2006,3,7.5125,16,7.72,7.16666666666667,8,8,7.29090909090909,10,6,1,5,11,504,337,167,29,214,290,7.28085317460317,7.57640949554896,6.68443113772455,7.22413793103448,7.23621495327103,7.31379310344828,57
"57",2006,4,7.04285714285714,14,7.45,6.5,7,6.5,7.26,8,6,1,4,10,518,345,173,30,218,300,7.27442084942085,7.57347826086956,6.67803468208092,7.21666666666667,7.22270642201835,7.312,58
"58",2006,5,7.65384615384615,13,7.77272727272727,7,NA,7.66666666666667,7.64285714285714,11,2,0,6,7,531,356,175,30,224,307,7.28370998116761,7.57963483146067,6.68171428571429,7.21666666666667,7.23459821428571,7.31954397394137,59
"59",2006,6,7.45238095238095,21,7.96153846153846,6.625,6,7.45454545454545,7.45,13,8,1,11,10,552,369,183,31,235,317,7.2901268115942,7.59308943089431,6.6792349726776,7.17741935483871,7.24489361702128,7.32365930599369,60
"60",2006,7,7.02631578947368,19,7.35,6.66666666666667,8,6.66666666666667,7.35,10,9,2,9,10,571,379,192,33,244,327,7.28134851138354,7.58667546174142,6.67864583333333,7.22727272727273,7.22356557377049,7.32446483180428,61
"61",2006,8,7.34375,16,7.38888888888889,7.28571428571429,8,7.6,7.22727272727273,9,7,1,5,11,587,388,199,34,249,338,7.28304940374787,7.58208762886598,6.7,7.25,7.23112449799197,7.32130177514793,62
"62",2006,9,7.54347826086957,23,8.03333333333333,6.625,7,7.95,7.23076923076923,15,8,1,10,13,610,403,207,35,259,351,7.29286885245902,7.59888337468983,6.69710144927536,7.24285714285714,7.25888030888031,7.31794871794872,63
"63",2006,10,7.62916666666667,24,7.82941176470588,7.14285714285714,8,7.73333333333333,7.56666666666667,17,7,1,9,15,634,420,214,36,268,366,7.30559936908517,7.60821428571429,6.71168224299065,7.26388888888889,7.27481343283582,7.32814207650273,64
"64",2006,11,7.46129032258064,31,7.675,7.07272727272727,NA,7.68,7.35714285714286,20,11,0,10,21,665,440,225,36,278,387,7.31285714285714,7.61125,6.72933333333333,7.26388888888889,7.28938848920863,7.3297157622739,65
"65",2006,12,7.744,25,7.78333333333333,7.64285714285714,7.5,7.81,7.7,18,7,2,10,15,690,458,232,38,288,402,7.32847826086957,7.61801310043668,6.75689655172414,7.27631578947368,7.30746527777778,7.34353233830846,66
"66",2007,1,7.02979591836735,49,7.62357142857143,6.23809523809524,8.66666666666667,7.55263157894737,6.69866666666667,28,21,3,19,30,739,486,253,41,307,432,7.30867388362652,7.61833333333333,6.71383399209486,7.3780487804878,7.32263843648208,7.29875,67
"67",2007,2,7.35589622641509,53,7.6875,6.85059523809524,7.66666666666667,7.41379310344828,7.2859375,32,21,3,29,24,792,518,274,44,336,456,7.31183396464647,7.62260617760618,6.72431569343066,7.39772727272727,7.33050595238095,7.29807565789474,68
"68",2007,3,7.24411764705882,34,7.56363636363636,6.65833333333333,8,7.95,6.85909090909091,22,12,1,12,22,826,540,286,45,348,478,7.30904661016949,7.6202037037037,6.7215472027972,7.41111111111111,7.35186781609195,7.27787133891213,69
"69",2007,4,7.28,35,7.74,6.66666666666667,NA,7.125,7.36086956521739,20,15,0,12,23,861,560,301,45,360,501,7.30786585365854,7.62448214285714,6.7188122923588,7.41111111111111,7.34430555555555,7.28168163672655,70
"70",2007,5,7.03030303030303,33,7.47826086956522,6,7,7.08823529411765,6.96875,23,10,2,17,16,894,583,311,47,377,517,7.29762024608501,7.61871355060034,6.69569935691318,7.3936170212766,7.33275862068965,7.27199709864604,71
"71",2007,6,7.2,33,7.4,6.9875,7.5,7.46,7.08695652173913,17,16,2,10,23,927,600,327,49,387,540,7.29414509169364,7.61251666666667,6.70997706422019,7.39795918367347,7.33604651162791,7.26411574074074,72
"72",2007,7,7.24137931034483,29,7.60526315789474,6.55,7,6.88888888888889,7.81818181818182,19,10,1,18,11,956,619,337,50,405,551,7.29254445606695,7.61229402261712,6.70522997032641,7.39,7.31617283950617,7.27517695099819,73
"73",2007,8,6.94285714285714,28,7.63571428571429,6.25,7,7.33333333333333,6.49230769230769,14,14,3,15,13,984,633,351,53,420,564,7.28259400406504,7.61281200631911,6.68707264957265,7.36792452830189,7.31678571428571,7.25713209219858,74
"74",2007,9,7.325,28,7.6875,6.84166666666667,7.58333333333333,7.29166666666667,7.35,16,12,3,12,16,1012,649,363,56,432,580,7.28376729249012,7.61465331278891,6.69218319559229,7.37946428571429,7.31608796296296,7.25969396551724,75
"75",2007,10,7.25641025641026,39,7.42307692307692,6.92307692307692,7,7.5625,7.04347826086957,26,13,1,16,23,1051,675,376,57,448,603,7.28275214081827,7.60727407407407,6.70016622340426,7.37280701754386,7.32488839285714,7.25144693200663,76
"76",2007,11,7.12647058823529,68,7.58235294117647,6.67058823529412,7.25,7.59285714285714,6.8,34,34,2,28,40,1119,709,410,59,476,643,7.27325513851653,7.60607898448519,6.69771341463415,7.36864406779661,7.3406512605042,7.22336314152411,77
"77",2007,12,7.43090909090909,55,7.55135135135135,7.18333333333333,8,7.42857142857143,7.43333333333333,37,18,1,28,27,1174,746,428,60,504,670,7.28064097103918,7.60336461126005,6.71813668224299,7.37916666666667,7.34553571428571,7.23182462686567,78
"78",2008,1,7.1864406779661,59,7.38235294117647,6.92,7.5,7.27083333333333,7.12857142857143,34,25,2,24,35,1233,780,453,62,528,705,7.27613341443634,7.59373076923077,6.72927704194261,7.38306451612903,7.34214015151515,7.22669858156028,79
"79",2008,2,7.37837837837838,37,7.74285714285714,6.24444444444444,7.16666666666667,7.75384615384615,7.175,28,9,3,13,24,1270,808,462,65,541,729,7.27911220472441,7.59889851485149,6.71983225108225,7.37307692307692,7.35203327171904,7.22499657064472,80
"80",2008,3,7.04,40,7.37391304347826,6.58823529411765,8,7.10952380952381,6.96315789473684,23,17,1,21,19,1310,831,479,66,562,748,7.27181106870229,7.5926714801444,6.7151617954071,7.38257575757576,7.34297153024911,7.21834558823529,81
"81",2008,4,7.13125,32,7.2625,7,7,7.22857142857143,7.05555555555556,16,16,1,14,18,1342,847,495,67,576,766,7.26845938897169,7.58643447461629,6.72436868686869,7.37686567164179,7.34019097222222,7.21452023498695,82
"82",2008,5,7.15945945945946,37,7.66086956521739,6.33571428571429,5.66666666666667,7.34285714285714,6.91875,23,14,3,21,16,1379,870,509,70,597,782,7.26553480783176,7.58840229885057,6.71367878192534,7.30357142857143,7.34028475711893,7.20846867007673,83
"83",2008,6,7.68103448275862,29,8.05882352941176,7.14583333333333,9,7.95588235294118,7.29166666666667,17,12,2,17,12,1408,887,521,72,614,794,7.27409268465909,7.5974182638106,6.72363243761996,7.35069444444444,7.35732899022801,7.20972607052897,84
"84",2008,7,7.33333333333333,36,8,6.66666666666667,6.71428571428571,6.86363636363636,7.54,18,18,7,11,25,1444,905,539,79,625,819,7.27556959833795,7.60542541436464,6.72173005565863,7.29430379746835,7.34864,7.21980769230769,85
"85",2008,8,7.16756756756757,37,7.46,6.82352941176471,6.66666666666667,6.68823529411765,7.575,20,17,6,17,20,1481,925,556,85,642,839,7.27287137069548,7.60228108108108,6.72484262589928,7.25,7.33115264797508,7.2282747318236,86
"86",2008,9,7.2945652173913,46,7.51964285714286,6.94444444444444,6.66666666666667,7.203125,7.34333333333333,28,18,6,16,30,1527,953,574,91,658,869,7.2735248853962,7.59985309548793,6.73172909407666,7.21153846153846,7.32803951367781,7.23224683544304,87
"87",2008,10,7.56470588235294,34,7.45652173913043,7.79090909090909,7,7.53846153846154,7.58095238095238,23,11,2,13,21,1561,976,585,93,671,890,7.2798670723895,7.59647540983607,6.7516452991453,7.20698924731183,7.33211624441133,7.24047471910112,88
"88",2008,11,7.23529411764706,51,7.92857142857143,6.39130434782609,6.5,7.30434782608696,7.17857142857143,28,23,6,23,28,1612,1004,608,99,694,918,7.27845688585608,7.60573705179283,6.73801398026316,7.16414141414141,7.33119596541787,7.23858660130719,89
"89",2008,12,7.31909090909091,55,7.58714285714286,6.85,6.66666666666667,7.01764705882353,7.45394736842105,35,20,6,17,38,1667,1039,628,105,711,956,7.2797975404919,7.60511068334937,6.74158041401274,7.13571428571429,7.32369901547117,7.2471469665272,90
"90",2009,1,7.315,60,7.61875,6.96785714285714,7.4,7.26666666666667,7.33571428571429,32,28,5,18,42,1727,1071,656,110,729,998,7.28102055587725,7.60551820728291,6.75123856707317,7.14772727272727,7.32229080932785,7.25087424849699,91
"91",2009,2,7.31707317073171,82,7.70487804878049,6.92926829268293,7.8,7.52941176470588,7.26153846153846,41,41,5,17,65,1809,1112,697,115,746,1063,7.28265478164732,7.60918165467626,6.76171090387375,7.17608695652174,7.32701072386059,7.25152634054563,92
"92",2009,3,7.2104054054054,74,7.6930303030303,6.8219512195122,7.3125,7.875,6.96425925925926,33,41,8,20,54,1883,1145,738,123,766,1117,7.27981545406267,7.61159825327511,6.76505758807588,7.1849593495935,7.34131853785901,7.2376387645479,93
"93",2009,4,7.11029411764706,68,7.57083333333333,6.85909090909091,7.25,7.62222222222222,6.926,24,44,6,18,50,1951,1169,782,129,784,1167,7.27390697078421,7.61076133447391,6.77034846547315,7.18798449612403,7.34776785714286,7.22428663239075,94
"94",2009,5,7.14441558441558,77,7.738125,6.72222222222222,6.64285714285714,7.10571428571429,7.15892857142857,32,45,7,21,56,2028,1201,827,136,805,1223,7.26899038461539,7.61415487094088,6.76772974607013,7.15992647058824,7.34145341614907,7.22129394930499,95
"95",2009,6,6.93559322033898,59,7.47142857142857,6.63947368421053,7,7.61176470588235,6.66190476190476,21,38,8,17,42,2087,1222,865,144,822,1265,7.25956516530906,7.61170212765958,6.76209537572255,7.15104166666667,7.34704379562044,7.20272134387352,96
"96",2009,7,7.2031746031746,63,7.83225806451613,6.59375,7.16666666666667,6.955,7.31860465116279,31,32,6,20,43,2150,1253,897,150,842,1308,7.25791279069768,7.6171588188348,6.75608974358975,7.15166666666667,7.33773159144893,7.20653096330275,97
"97",2009,8,7.15322580645161,62,7.51851851851852,6.87142857142857,6.35714285714286,7.5,7.07,27,35,7,12,50,2212,1280,932,157,854,1358,7.25497852622062,7.615078125,6.76042113733906,7.11624203821656,7.34001170960187,7.20150405007364,98
"98",2009,9,7.23880597014925,67,7.51388888888889,6.91935483870968,6.35714285714286,7.29230769230769,7.22592592592593,36,31,7,13,54,2279,1316,963,164,867,1412,7.2545030715226,7.61231003039514,6.76553738317757,7.08384146341463,7.33929642445213,7.20243803116147,99
"99",2009,10,7.23380281690141,71,7.77142857142857,6.88372093023256,7.3,7.31578947368421,7.20384615384615,28,43,5,19,52,2350,1344,1006,169,886,1464,7.25387765957447,7.615625,6.77058896620278,7.09023668639053,7.33879232505643,7.20248804644809,100
"100",2009,11,7.45161290322581,93,7.73584905660377,7.075,7.2,7.66129032258065,7.34677419354839,53,40,5,31,62,2443,1397,1046,174,917,1526,7.26140503479329,7.6201861130995,6.78222992351817,7.0933908045977,7.34969465648855,7.2083502621232,101
"101",2009,12,7.0009,100,7.47560975609756,6.67101694915254,6.26,7.321875,6.84985294117647,41,59,10,32,68,2543,1438,1105,184,949,1594,7.2511610302792,7.61606397774687,6.77629185520362,7.04809782608696,7.34875658587987,7.19305677540778,102
"102",2010,1,7.07303370786517,89,7.5325,6.69795918367347,6.71428571428571,7.17777777777778,7.02741935483871,40,49,7,27,62,2632,1478,1154,191,976,1656,7.24513772796353,7.61380243572395,6.7729657712305,7.03586387434555,7.34402663934426,7.18685537439614,103
"103",2010,2,7.23469387755102,49,7.44827586206897,6.925,7.83333333333333,7.72727272727273,7.09210526315789,29,20,3,11,38,2681,1507,1174,194,987,1694,7.24494684819097,7.61061712010617,6.77555579216354,7.04819587628866,7.34829787234043,7.18472992916175,104
"104",2010,3,7.24186046511628,43,7.65,6.81428571428571,8,7.78,7.07878787878788,22,21,1,10,33,2724,1529,1195,195,997,1727,7.24489812775331,7.61118378024853,6.77623640167364,7.05307692307692,7.35262788365095,7.18270555877244,105
"105",2010,4,7.17435897435897,39,7.38636363636364,6.9,6.66666666666667,7.44444444444444,7.09333333333333,22,17,3,9,30,2763,1551,1212,198,1006,1757,7.24390246109302,7.6079948420374,6.77797235973598,7.04722222222222,7.35344930417495,7.18117956744451,106
"106",2010,5,7.16363636363636,44,7.67826086956522,6.6,6.5,8.05555555555556,6.93428571428571,23,21,2,9,35,2807,1574,1233,200,1015,1792,7.24264428215177,7.60902160101652,6.77494120032441,7.04175,7.35967487684729,7.176357421875,107
"107",2010,6,7.33333333333333,45,7.96,6.55,6.2,7.20833333333333,7.37878787878788,25,20,5,12,33,2852,1599,1253,205,1027,1825,7.24407521037868,7.6145090681676,6.77135075818037,7.02121951219512,7.35790652385589,7.18001780821918,108
"108",2010,7,6.97608695652174,46,7.60526315789474,6.53333333333333,6,7.02272727272727,6.96142857142857,19,27,4,11,35,2898,1618,1280,209,1038,1860,7.23982142857143,7.61440049443758,6.766330078125,7.00167464114833,7.35435452793834,7.17590456989247,109
"109",2010,8,7.1304347826087,46,7.5,6.72727272727273,5.33333333333333,8,6.94736842105263,24,22,3,8,38,2944,1642,1302,212,1046,1898,7.23811226222826,7.61272838002436,6.76567012288787,6.97806603773585,7.35929254302103,7.17132903055848,110
"110",2010,9,6.9577243902439,41,7.7,6.37681304347826,7.25,6.72444666666667,7.09230769230769,18,23,4,15,26,2985,1660,1325,216,1061,1924,7.23426103852597,7.61367469879518,6.7589201509434,6.98310185185185,7.35031734213007,7.17026117463618,111
"111",2010,10,7.24791666666667,48,7.51481481481482,6.90476190476191,6.5,7.35714285714286,7.20294117647059,27,21,4,14,34,3033,1687,1346,220,1075,1958,7.23447715133531,7.61209247184351,6.7611955423477,6.97431818181818,7.35040623255814,7.17082865168539,112
"112",2010,11,7.36307692307692,65,7.63076923076923,6.96153846153846,6.5,7.42105263157895,7.33913043478261,39,26,2,19,46,3098,1726,1372,222,1094,2004,7.23717533892834,7.6125144843569,6.76499212827988,6.97004504504504,7.3516331809872,7.17469186626747,113
"113",2010,12,7.125,90,7.83068181818182,6.45,5.94,7.5,6.96428571428571,44,46,5,27,63,3188,1770,1418,227,1121,2067,7.23400853199498,7.61793785310734,6.75477376586742,6.94735682819383,7.35520669045495,7.16827890662796,114
"114",2011,1,7.12602739726027,73,7.63055555555556,6.63513513513514,6.35714285714286,6.79090909090909,7.18548387096774,36,37,7,11,62,3261,1806,1455,234,1132,2129,7.23159129101503,7.61818936877076,6.75173140893471,6.92970085470085,7.34972323321555,7.16877994363551,115
"115",2011,2,6.78279661016949,59,7.39232142857143,6.23225806451613,5,7.3275,6.61333333333333,28,31,1,14,45,3320,1834,1486,235,1146,2174,7.22361572289157,7.61474100327154,6.74089448183042,6.92148936170213,7.3494517452007,7.15728265869365,116
"116",2011,3,7.03228070175439,57,7.27941176470588,6.66695652173913,6.8,6.91411764705882,7.0825,34,23,5,17,40,3377,1868,1509,240,1163,2214,7.22038620076992,7.60863758029979,6.73976752816435,6.91895833333333,7.3430883061049,7.15593157181572,117
"117",2011,4,7.48194444444444,36,7.83181818181818,6.93214285714286,6.33333333333333,6.38333333333333,7.70166666666667,22,14,3,6,30,3413,1890,1523,243,1169,2244,7.22314509229417,7.61123544973545,6.74153591595535,6.91172839506173,7.3381622754491,7.16322749554367,118
"118",2011,5,7.2375,52,7.45769230769231,7.01730769230769,6,7.64,7.14166666666667,26,26,3,10,42,3465,1916,1549,246,1179,2286,7.22336051948052,7.60915187891441,6.74616475145255,6.90060975609756,7.34072239185751,7.1628313648294,119
"119",2011,6,7.33333333333333,30,7.44444444444444,7.16666666666667,7,7.125,7.36538461538461,18,12,2,4,26,3495,1934,1561,248,1183,2312,7.22430449213162,7.60761892450879,6.74939730941704,6.90141129032258,7.33999298393914,7.16510921280277,120
"120",2011,7,7.121875,48,7.58695652173913,6.694,7.97,7.54166666666667,6.98194444444444,23,25,5,12,36,3543,1957,1586,253,1195,2348,7.22291679367768,7.60737608584568,6.74852408575032,6.92252964426877,7.34201815899582,7.16230089437819,121
"121",2011,8,6.86666666666667,42,7.33333333333333,6.24444444444444,6.5,7.28571428571429,6.78285714285714,24,18,4,7,35,3585,1981,1604,257,1202,2383,7.21874315202232,7.60405603230692,6.74286733167083,6.915953307393,7.34169026622296,7.15672786403693,122
"122",2011,9,7,35,7.65384615384615,6.61363636363636,6.66666666666667,6.5,7.14814814814815,13,22,3,8,27,3620,1994,1626,260,1210,2410,7.2166282320442,7.60438064192578,6.74111881918819,6.91307692307692,7.33612537190083,7.15663174273859,123
"123",2011,10,7.04313725490196,51,7.75909090909091,6.5,7.33333333333333,6.54545454545455,7.18,22,29,3,11,40,3671,2016,1655,263,1221,2450,7.21421797875239,7.6060689484127,6.73689377643505,6.91787072243346,7.32900221130221,7.15701326530612,124
"124",2011,11,7.078125,64,7.64333333333333,6.57941176470588,6.25,7.1,7.07142857142857,30,34,4,15,49,3735,2046,1689,267,1236,2499,7.21188599732263,7.60661534701857,6.73372362344583,6.90786516853933,7.32622305825243,7.15533513405362,125
"125",2011,12,7.49339622641509,53,7.83709677419355,7.00909090909091,6.66666666666667,7.65909090909091,7.45,31,22,3,11,42,3788,2077,1711,270,1247,2541,7.21582476240761,7.61005536831969,6.73726428988896,6.90518518518518,7.32915934242181,7.16020562770563,126
"126",2012,1,7.33492063492063,63,7.74193548387097,6.940625,6.625,7.2,7.38888888888889,31,32,4,18,45,3851,2108,1743,274,1265,2586,7.21777309789665,7.61199478178368,6.74099781985083,6.90109489051095,7.32732150197629,7.16418503480279,127
"127",2012,2,7.23095238095238,42,7.47037037037037,6.8,7.25,7.2,7.240625,27,15,6,10,32,3893,2135,1758,280,1275,2618,7.2179152838428,7.6102037470726,6.74150125142207,6.90857142857143,7.32632290196079,7.16511936592819,128
"128",2012,3,7.04066170212766,47,7.64268947368421,6.63214285714286,6.66666666666667,7.28,6.928471875,19,28,3,15,32,3940,2154,1786,283,1290,2650,7.21580083756345,7.61049029712163,6.73978678611422,6.90600706713781,7.32578426356589,7.16226173584906,129
"129",2012,4,6.95390243902439,41,7.51764705882353,6.55458333333333,6.8,7.311,6.83870967741935,17,24,5,10,31,3981,2171,1810,288,1300,2681,7.21310356694298,7.609763288807,6.73733104972376,6.90416666666667,7.32567053846154,7.15852055203283,130
"130",2012,5,7.18421052631579,38,7.65,6.66666666666667,6.66666666666667,7.09090909090909,7.22222222222222,20,18,3,11,27,4019,2191,1828,291,1311,2708,7.21283038069172,7.610130579644,6.7366352297593,6.90171821305842,7.32370076277651,7.15915568685377,131
"131",2012,6,7.32,40,7.89473684210526,6.8,7.66666666666667,7.65,7.21,19,21,3,10,30,4059,2210,1849,294,1321,2738,7.21388649913772,7.61257742081448,6.73735489453759,6.90952380952381,7.32617085541257,7.15971278305333,132
"132",2012,7,7.49578947368421,38,7.985,6.95222222222222,7,7.67,7.43357142857143,20,18,4,10,28,4097,2230,1867,298,1331,2766,7.21650117158897,7.61591753363229,6.73942645956079,6.91073825503356,7.32875409466567,7.16248503253796,133
"133",2012,8,7.27756756756757,37,7.93166666666667,6.65789473684211,5.8,7.125,7.31965517241379,18,19,5,8,29,4134,2248,1886,303,1339,2795,7.2170477261732,7.61844577402135,6.73860509013786,6.89240924092409,7.32753674383869,7.16411577817531,134
"134",2012,9,7.425,34,7.60294117647059,7.24705882352941,6.975,7.66666666666667,7.37321428571429,17,17,4,6,28,4168,2265,1903,307,1345,2823,7.21874407389636,7.61832940397351,6.74314724119811,6.89348534201954,7.32904959107807,7.16618972724053,135
"135",2012,10,6.9375,40,7.04782608695652,6.78823529411765,6.5,6.66666666666667,7.05357142857143,23,17,2,12,28,4208,2288,1920,309,1357,2851,7.21607065114069,7.6125944493007,6.74354645833334,6.89093851132686,7.32319211495947,7.16508368993336,136
"136",2012,11,7.06122448979592,49,7.53846153846154,6.52173913043478,8.33333333333333,6.83333333333333,7.13513513513514,26,23,3,12,37,4257,2314,1943,312,1369,2888,7.21428830162086,7.61176149524633,6.74092084405559,6.90480769230769,7.31889824689555,7.1647,137
"137",2012,12,7.29351851851852,54,7.69516129032258,6.75217391304348,5.78,6.495,7.475,31,23,5,10,44,4311,2345,1966,317,1379,2932,7.21528074692647,7.61286400852878,6.7410524923703,6.88706624605678,7.31292364031908,7.16935661664393,138
"138",2013,1,7.22983870967742,62,7.61290322580645,6.84677419354839,7.05,7.25909090909091,7.22352941176471,31,31,5,11,51,4373,2376,1997,322,1390,2983,7.2154871484107,7.61286452020202,6.74269364046069,6.88959627329193,7.31249762589928,7.17028280254777,139
"139",2013,2,7.33921568627451,51,7.50714285714286,7.13478260869565,9,7.3,7.34651162790698,28,23,1,8,43,4424,2404,2020,323,1398,3026,7.21691349457505,7.6116331530782,6.74715801980198,6.89613003095975,7.31242610872676,7.17278704560476,140
"140",2013,3,7.11666666666667,48,7.1,7.12857142857143,7,7.1875,7.1025,20,28,1,8,40,4472,2424,2048,324,1406,3066,7.2158375,7.60741175742574,6.75237265625,6.89645061728395,7.3117152916074,7.17187005870842,141
"141",2013,4,7.56325,40,8.06521739130435,6.88411764705882,6.75,7.85375,7.490625,23,17,2,8,32,4512,2447,2065,326,1414,3098,7.21891739804965,7.61171479362485,6.75345723970945,6.89555214723926,7.31478196605375,7.17516255648806,142
"142",2013,5,7.16222222222222,45,7.57272727272727,6.7695652173913,7.5,7.40909090909091,7.08235294117647,22,23,4,11,34,4557,2469,2088,330,1425,3132,7.21835753785385,7.61136739570676,6.75363467432951,6.90287878787879,7.31550996491228,7.17415504469987,143
"143",2013,6,7.53378378378378,37,7.63333333333333,7.46590909090909,NA,7.83333333333333,7.50735294117647,15,22,0,3,34,4594,2484,2110,330,1428,3166,7.22089797562037,7.61150004025765,6.76106123222749,6.90287878787879,7.31659782913166,7.17773329121921,144
"144",2013,7,6.71212121212121,33,7.5,6.31818181818182,7.33333333333333,6.42857142857143,6.78846153846154,11,22,3,7,26,4627,2495,2132,333,1435,3192,7.21726935379295,7.61100845691383,6.75649118198875,6.90675675675676,7.31226599303136,7.17456253132832,145
"145",2013,8,7.31666666666667,27,7.8,6.35,NA,7,7.32884615384615,18,9,0,1,26,4654,2513,2141,333,1436,3218,7.2178460034379,7.61236215678472,6.75478243811303,6.90675675675676,7.31204853760446,7.17580907395898,146
"146",2013,9,7.46805555555556,36,7.75,7.15294117647059,7.5,7.5,7.46166666666667,19,17,3,6,30,4690,2532,2158,336,1442,3248,7.21976658848614,7.61339498420221,6.75791899907322,6.91205357142857,7.31283058252427,7.17844938423645,147
"147",2013,10,6.46448148148148,27,7.2241,6.01764705882353,4,6.86,6.37459090909091,10,17,2,5,22,4717,2542,2175,338,1447,3270,7.21544335382658,7.61186353265146,6.75213296551724,6.8948224852071,7.31126586040083,7.17304116207951,148
"148",2013,11,7.21428571428571,63,7.52631578947368,6.74,6.5,6.9,7.3125,38,25,4,15,48,4780,2580,2200,342,1462,3318,7.21542809623431,7.61060352713178,6.75199509090909,6.89020467836257,7.30704630642955,7.17505864978903,149
"149",2013,12,7.16333333333333,60,7.57241379310345,6.78064516129032,6,6.875,7.26818181818182,29,31,2,16,44,4840,2609,2231,344,1478,3362,7.21478229338843,7.61017903411269,6.7523931869117,6.88502906976744,7.30236921515562,7.17627739440809,150
"150",2014,1,7.35692307692308,65,8.03666666666667,6.77428571428571,7,7.42272727272727,7.34351851851852,30,35,1,11,54,4905,2639,2266,345,1489,3416,7.21666591233435,7.61502732095491,6.75273133274493,6.88536231884058,7.30325836131632,7.17892113583138,151
"151",2014,2,7.473,50,7.98793103448276,6.76190476190476,6.66666666666667,7.04166666666667,7.60921052631579,29,21,3,12,38,4955,2668,2287,348,1501,3454,7.21925253279516,7.61908062218891,6.75281556624399,6.88347701149425,7.30116702198535,7.18365506658946,152
"152",2014,3,7.0621875,32,7.44916666666667,6.83,6.525,6.68333333333333,7.14961538461538,12,20,4,6,26,4987,2680,2307,352,1507,3480,7.21824469621015,7.61831981343284,6.75348469874296,6.87940340909091,7.29870716655607,7.18340074712644,153
"153",2014,4,7.3551724137931,29,7.62,7.07142857142857,8,6,7.40357142857143,15,14,2,1,28,5016,2695,2321,354,1508,3508,7.21903634370016,7.61832916512059,6.75540249892288,6.88573446327684,7.29784595490716,7.18515809578107,154
"154",2014,5,7.21916666666667,48,7.48923076923077,6.9,6.66666666666667,7.53333333333333,7.14666666666667,26,22,3,9,39,5064,2721,2343,357,1517,3547,7.21903757898894,7.61709558985667,6.75676022193769,6.88389355742297,7.29924304548451,7.18473487454187,155
"155",2014,6,7.27804878048781,41,7.695,6.88095238095238,NA,8.1,7.16388888888889,20,21,0,5,36,5105,2741,2364,357,1522,3583,7.21951151811949,7.61766402772711,6.75786345177665,6.88389355742297,7.30187365308804,7.18452542562099,156
"156",2014,7,6.8551724137931,29,7.42941176470588,6.04166666666667,NA,7,6.825,17,12,0,5,24,5134,2758,2376,357,1527,3607,7.21745350603818,7.61650366207397,6.7542462962963,6.88389355742297,7.30088519973805,7.18213324092043,157
"157",2014,8,6.86290322580645,31,6.875,6.85869565217391,6.625,6.33333333333333,6.91964285714286,8,23,4,3,28,5165,2766,2399,361,1530,3635,7.215325517909,7.61435903832249,6.75524768653606,6.88102493074792,7.29898803921569,7.18011130674003,158
"158",2014,9,7.64883720930233,43,7.81304347826087,7.46,7.95,7.78571428571429,7.62222222222222,23,20,4,7,36,5208,2789,2419,365,1537,3671,7.21890481950845,7.61599752599498,6.7610744935924,6.8927397260274,7.30120474951204,7.1844469081994,159
"159",2014,10,7.20106382978723,47,7.40476190476191,7.03653846153846,6.65,7.65833333333333,7.04428571428571,21,26,6,12,35,5255,2810,2445,371,1549,3706,7.21874525214082,7.61441889679715,6.76400376278119,6.88881401617251,7.30397140090381,7.18312320561252,160
"160",2014,11,7.12641509433962,53,7.3875,6.91034482758621,7.5,6.8,7.19318181818182,24,29,2,9,44,5308,2834,2474,373,1558,3750,7.21782334212509,7.61249721242061,6.76571915925627,6.89209115281501,7.30106014120668,7.18324122666667,161
"161",2014,12,7.10438596491228,57,7.55571428571429,6.38636363636364,7.33333333333333,7.66666666666667,6.99895833333333,35,22,3,9,48,5365,2869,2496,376,1567,3798,7.2166181360671,7.61180449634019,6.76237548076923,6.89561170212766,7.30315998723676,7.18091221695629,162
"162",2015,1,7.14783333333333,60,7.67891891891892,6.29347826086957,7,7.8,7.10125,37,23,3,4,56,5425,2906,2519,379,1571,3854,7.21585738248848,7.61265901582932,6.75809416435094,6.89643799472296,7.30442501591343,7.17975469641931,163
"163",2015,2,7.26883720930233,43,7.484,6.97,7,7.75,7.19081081081081,25,18,2,6,37,5468,2931,2537,381,1577,3891,7.21627401243599,7.6115616171955,6.75959763500197,6.89698162729659,7.30612029169309,7.1798598303778,164
"164",2015,3,7.15151515151515,33,7.61764705882353,6.65625,7.5,7,7.2,17,16,3,8,25,5501,2948,2553,384,1585,3916,7.21588552990365,7.61159670963365,6.7589499412456,6.90169270833333,7.30457520504732,7.17998840653728,165
"165",2015,4,7.2316,50,7.67,6.574,6.83333333333333,7.7,7.09948717948718,30,20,6,11,39,5551,2978,2573,390,1596,3955,7.21602707620249,7.61218505708529,6.75751232024874,6.90064102564103,7.30730056390978,7.17919458912769,166
"166",2015,5,7.01625,40,7.484375,6.70416666666667,6.33333333333333,6.60714285714286,7.1030303030303,16,24,3,7,33,5591,2994,2597,393,1603,3988,7.21459780003577,7.61150203740815,6.75701932999615,6.89631043256997,7.30424310667499,7.17856434302909,167
"167",2015,6,7.42561212121212,33,8.16736470588235,6.6375,6.83333333333333,7.2,7.4659,17,16,3,5,28,5624,3011,2613,396,1608,4016,7.21583597083926,7.61464041846563,6.75628748564868,6.89583333333333,7.3039189676617,7.18056767928287,168
"168",2015,7,7.25,36,7.56315789473684,6.9,7,7.24,7.25161290322581,19,17,1,5,31,5660,3030,2630,397,1613,4047,7.21605326855124,7.61431759075908,6.75721642585552,6.89609571788413,7.30372083075016,7.18111188534717,169
"169",2015,8,7.769,50,8.07741935483871,7.26578947368421,6.5,8.2125,7.68452380952381,31,19,1,8,42,5710,3061,2649,398,1621,4089,7.22089518388792,7.61900761189154,6.76086417516044,6.89510050251256,7.30820586057989,7.18628266079726,170
"170",2015,9,7.22209302325581,43,7.465,7.01086956521739,7.35,7.45,7.19210526315789,20,23,5,5,38,5753,3081,2672,403,1626,4127,7.22090413697201,7.61800788704966,6.76301616766467,6.90074441687345,7.30864188191882,7.18633627332203,171
"171",2015,10,7.03846153846154,39,7.4,6.8125,7.16666666666667,6.85714285714286,7.078125,15,24,3,7,32,5792,3096,2696,406,1633,4159,7.21967567334254,7.61695164728682,6.76345667655787,6.90270935960591,7.30670649112064,7.18550367876894,172
"172",2015,11,7.15423728813559,59,7.94615384615385,6.53030303030303,6,7.32142857142857,7.10222222222222,26,33,4,14,45,5851,3122,2729,410,1647,4204,7.21901580926337,7.61969324151185,6.76063730304141,6.89390243902439,7.30683163327262,7.184612226451,173
"173",2015,12,7.50943396226415,53,7.8125,7.04761904761905,6.95,7.7,7.4804347826087,32,21,2,7,46,5904,3154,2750,412,1654,4250,7.22162288279133,7.62164942929613,6.7628288,6.89417475728155,7.30849558645708,7.18781407058824,174
"174",2016,1,7.55112048192771,83,7.93169090909091,6.80357142857143,7.66666666666667,7.57142857142857,7.547,55,28,3,14,69,5987,3209,2778,415,1668,4319,7.22619083013195,7.62696332190713,6.76323945284378,6.89975903614458,7.31070245803358,7.19355239638805,175
"175",2016,2,7.45222222222222,54,7.75548387096774,7.04347826086957,7,7.9375,7.36782608695652,31,23,1,8,46,6041,3240,2801,416,1676,4365,7.22821130607515,7.62819299382716,6.76554059264549,6.9,7.31369433174225,7.19538895761741,176
"176",2016,3,7.18961038961039,77,7.74615384615385,6.61842105263158,6.66666666666667,7.73333333333333,7.08923076923077,39,38,9,12,65,6118,3279,2839,425,1688,4430,7.22772548218372,7.62959600487953,6.76357139837971,6.89505882352941,7.31667754739337,7.19383133182844,177
"177",2016,4,7.23833333333333,60,7.86875,6.51785714285714,5.6,7.11111111111111,7.26078431372549,32,28,5,9,51,6178,3311,2867,430,1697,4481,7.22782850437035,7.63190736937481,6.7611716777119,6.88,7.31558733058339,7.19459334969873,178
"178",2016,5,7.22115384615385,52,7.41071428571429,7,6,6.78571428571429,7.28888888888889,28,24,1,7,45,6230,3339,2891,431,1704,4526,7.2277727929374,7.63005250074872,6.76315434105846,6.87795823665893,7.31341062206573,7.1955308882015,179
"179",2016,6,7.07395833333333,48,7.802,6.28260869565217,6,8.68,6.88720930232558,25,23,4,5,43,6278,3364,2914,435,1709,4569,7.22659676648614,7.63133035077289,6.75936142759094,6.86988505747126,7.31740883557636,7.19262919676078,180
"180",2016,7,7.10888888888889,45,7.78571428571429,6.51666666666667,7.65,7.9,7.03170731707317,21,24,4,4,41,6323,3385,2938,439,1713,4610,7.2257590542464,7.63228812407681,6.75737889720899,6.87699316628702,7.31876923525978,7.19119800433839,181
"181",2016,8,7.26825396825397,63,7.93947368421053,6.248,6,8.18181818181818,7.075,38,25,4,11,52,6386,3423,2963,443,1724,4662,7.22617828061384,7.6356983055799,6.75308106648667,6.86907449209932,7.32427592807425,7.18990193050193,182
"182",2016,9,7.39444444444444,54,7.81538461538462,7.00357142857143,6.25,7.05,7.47272727272727,26,28,4,10,44,6440,3449,2991,447,1734,4706,7.22758920807454,7.63705285590026,6.75542601136744,6.86353467561521,7.32269417531719,7.19254628134297,183
"183",2016,10,7.39305555555556,72,7.55833333333333,7.0625,7,7.5,7.37777777777778,48,24,3,9,63,6512,3497,3015,450,1743,4769,7.22941868857494,7.63597234772662,6.7578703814262,6.86444444444444,7.32360969592657,7.19499324806039,184
"184",2016,11,7.4695652173913,69,7.80810810810811,7.078125,6.475,7.52,7.45555555555556,37,32,4,15,54,6581,3534,3047,454,1758,4823,7.23193655979335,7.63777456140351,6.76123373810305,6.86101321585903,7.32528538111491,7.19791059506531,185
"185",2016,12,7.35735294117647,68,7.80294117647059,6.91176470588235,5.7,6.54,7.49827586206897,34,34,5,10,58,6649,3568,3081,459,1768,4881,7.23321920589563,7.63934845852018,6.76289490425187,6.8483660130719,7.32084372171946,7.20147977873387,186
"186",2017,1,7.42760563380282,71,7.94236842105263,6.83484848484848,8,8.11111111111111,7.32838709677419,38,33,2,9,62,6720,3606,3114,461,1777,4943,7.23527299107143,7.64254168053244,6.76365741811176,6.85336225596529,7.32484620146314,7.20307157596601,187
"187",2017,2,7.26017543859649,57,8.06433333333333,6.36666666666667,4.83333333333333,8.25,7.09857142857143,30,27,3,8,49,6777,3636,3141,464,1785,4992,7.23548244060794,7.64602180968097,6.76024489016237,6.84030172413793,7.32899254901961,7.20204583333334,188
"188",2017,3,7.31795918367347,49,7.53483870967742,6.94444444444444,6,7.33333333333333,7.31297297297297,31,18,3,12,37,6826,3667,3159,467,1797,5029,7.23607449457955,7.64508189255522,6.76129446027224,6.83490364025696,7.32902153589316,7.20286196062836,189
"189",2017,4,7.43148148148148,54,7.73928571428571,7.1,7.1,7.29090909090909,7.46744186046512,28,26,5,11,43,6880,3695,3185,472,1808,5072,7.23760821220931,7.64579575101488,6.76405940345369,6.83771186440678,7.32878965707965,7.20510504731861,190
"190",2017,5,7.03545454545455,55,7.39833333333333,6.6,6.375,7.03333333333333,7.03604651162791,30,25,4,12,43,6935,3725,3210,476,1820,5115,7.23600497476568,7.64380276510067,6.76278168224299,6.83382352941176,7.3268415934066,7.20368383186706,191
"191",2017,6,7.37631578947368,38,8.38235294117647,6.56190476190476,5.75,7.5,7.36176470588235,17,21,2,4,34,6973,3742,3231,478,1824,5149,7.2367696113581,7.64715801710315,6.76147607551842,6.82928870292887,7.32722132675439,7.20472767527676,192
"192",2017,7,6.92441860465116,43,7.26666666666667,6.346875,7,6.5,6.94512195121951,27,16,1,2,41,7016,3769,3247,479,1826,5190,7.23485525940707,7.64443228973202,6.75943307668617,6.82964509394572,7.32631527929902,7.20267684007707,193
"193",2017,8,7.34310344827586,58,7.82894736842105,6.42,5,7.18181818181818,7.38085106382979,38,20,2,11,47,7074,3807,3267,481,1837,5237,7.23574279050043,7.64627404780667,6.75735512702786,6.82203742203742,7.32545002721829,7.20427588313921,194
"194",2017,9,7.12942307692308,52,7.555,6.70384615384615,6.5,7.44285714285714,7.08066666666667,26,26,4,7,45,7126,3833,3293,485,1844,5282,7.23496695200674,7.64565491781894,6.75693264500456,6.81938144329897,7.32589571583514,7.20322279439606,195
"195",2017,10,6.88125,48,7.51923076923077,6.12727272727273,7.5,7.66666666666667,6.82888888888889,26,22,1,3,45,7174,3859,3315,486,1847,5327,7.23260029272373,7.64480313552734,6.75275390648567,6.82078189300412,7.32644921494315,7.20006059695889,196
"196",2017,11,7.28648648648649,74,7.65853658536585,6.82424242424242,7,6.83333333333333,7.32647058823529,41,33,3,6,68,7248,3900,3348,489,1853,5395,7.23315045529802,7.64494751282051,6.75345854241338,6.82188139059305,7.32485250944415,7.20165390176089,197
"197",2017,12,7.49269841269841,63,7.78333333333333,7.173,6.78333333333333,7.42857142857143,7.51102040816327,33,30,6,14,49,7311,3933,3378,495,1867,5444,7.23538701955957,7.64610864480041,6.75718448786264,6.82141414141414,7.32563026245314,7.20443842762675,198
"198",2018,1,7.2385,80,7.5245,6.9525,8.1,7.20833333333333,7.24382352941176,40,40,5,12,68,7391,3973,3418,500,1879,5512,7.23542071438236,7.64488429398439,6.75947021650088,6.8342,7.32488116019159,7.20492431059507,199
"199",2018,2,7.17195652173913,46,7.55,6.72190476190476,6.2,6.5,7.27275,25,21,1,6,40,7437,3998,3439,501,1885,5552,7.23502816996101,7.64429097048524,6.75924082582146,6.83293413173653,7.32225554376658,7.20541296829972,200
"200",2018,3,7.58032786885246,61,8.04411764705882,6.9962962962963,6.675,7.79,7.53921568627451,34,27,8,10,51,7498,4032,3466,509,1895,5603,7.23783735662844,7.64766252480159,6.76108747836123,6.83045186640472,7.32472385224275,7.20845132964484,201
"201",2018,4,7.38611111111111,36,8.04347826086956,6.22307692307692,7,7.44444444444444,7.36666666666667,23,13,4,9,27,7534,4055,3479,513,1904,5630,7.23854585877356,7.64990759556103,6.75907709111814,6.8317738791423,7.32528975840336,7.20921008880995,202
"202",2018,5,7.28152173913043,46,7.48928571428571,6.95833333333333,7,7.1875,7.30131578947368,28,18,1,8,38,7580,4083,3497,514,1912,5668,7.23880666226913,7.64880609845702,6.76010271661424,6.83210116731517,7.32471323221758,7.20982759350741,203
"203",2018,6,6.9652,50,7.39321428571429,6.42045454545455,5.83333333333333,6.5,7.0815,28,22,3,10,40,7630,4111,3519,517,1922,5708,7.23701369593709,7.64706526392605,6.75797931230463,6.82630560928433,7.32042232049948,7.20892831114226,204
"204",2018,7,6.90028571428571,35,7.63157894736842,6.031875,6.5,7.34444444444444,6.74653846153846,19,16,2,9,26,7665,4130,3535,519,1931,5734,7.23547612524462,7.64699401937046,6.75469284299859,6.82504816955684,7.32053428275505,7.20683167073597,205
"205",2018,8,7.16363636363636,44,7.548,6.65789473684211,6.58333333333333,7.57142857142857,7.08648648648649,25,19,6,7,37,7709,4155,3554,525,1938,5771,7.23506609158127,7.64639838748496,6.75417535171638,6.82228571428571,7.32144050567596,7.20606009357131,206
"206",2018,9,7.31131578947368,38,7.68055555555556,6.979,7,7.2,7.32818181818182,18,20,2,5,33,7747,4173,3574,527,1943,5804,7.23544010584743,7.6465457225018,6.75543346390599,6.82296015180266,7.32112799794133,7.2067544452102,207
"207",2018,10,7.11413043478261,46,7.68076923076923,6.3775,6.5,5.9,7.26219512195122,26,20,2,5,41,7793,4199,3594,529,1948,5845,7.23472404722187,7.64675763276971,6.75333032832499,6.82173913043478,7.31748033880904,7.20714333618478,208
"208",2018,11,7.16413043478261,46,7.94285714285714,6.51,6.15,7.4375,7.10657894736842,21,25,5,8,38,7839,4220,3619,534,1956,5883,7.23430979716801,7.64823111374407,6.75164940591324,6.81544943820225,7.31797121676892,7.20649376168622,209
"209",2018,12,7.47096774193548,62,7.89411764705882,6.95714285714286,6.8,7.8125,7.42037037037037,34,28,6,8,54,7901,4254,3647,540,1964,5937,7.23616687761043,7.65019635637047,6.75322709075953,6.81527777777778,7.31998559063137,7.20843907697491,210
"210",2019,1,7.30243243243243,74,7.605,7.01578947368421,6.66666666666667,6.3125,7.359,36,38,3,4,70,7975,4290,3685,543,1968,6007,7.2367817554859,7.64981708624709,6.75593465400271,6.81445672191529,7.31793785569106,7.21019357416348,211
"211",2019,2,7.42941176470588,51,7.93225806451613,6.65,7.66666666666667,8,7.38085106382979,31,20,3,4,47,8026,4321,3705,546,1972,6054,7.23800579367057,7.65184339273316,6.75536280701755,6.8191391941392,7.31932134888438,7.21151846712917,212
"212",2019,3,7.0125,44,7.43055555555556,6.72307692307692,7.25,7,7.01666666666667,18,26,4,11,33,8070,4339,3731,550,1983,6087,7.23677627013631,7.65092539755704,6.75513781827928,6.82227272727273,7.31755002521432,7.21046209955644,213
"213",2019,4,7.15151515151515,33,7.67857142857143,6.76315789473684,7,6,7.1875,14,19,2,1,32,8103,4353,3750,552,1984,6119,7.23642903862767,7.65101431196876,6.75517845333333,6.82291666666667,7.3168859375,7.21034201666939,214
"214",2019,5,7.203125,32,7.55555555555556,6.75,NA,8.66666666666667,7.05172413793103,18,14,0,3,29,8135,4371,3764,552,1987,6148,7.23629803318993,7.65062120796156,6.75515919234857,6.82291666666667,7.31892385505788,7.20959381912818,215
"215",2019,6,7.56578947368421,38,8.1578947368421,6.97368421052632,7,7.9,7.51515151515152,19,19,2,5,33,8173,4390,3783,554,1992,6181,7.23782998898814,7.65281669703872,6.75625672746498,6.8235559566787,7.32038237951808,7.21122517392008,216
"216",2019,7,6.89971428571429,35,7.6,6.31,6.498,6.578,6.95333333333333,16,19,5,5,30,8208,4406,3802,559,1997,6211,7.23638821881092,7.65262489786654,6.7540266175697,6.82064400715564,7.31852363545318,7.20997952020609,217
"217",2019,8,7.20434782608696,46,7.69166666666667,6.67272727272727,6,7.25,7.2,24,22,3,4,42,8254,4430,3824,562,2001,6253,7.23620965592441,7.65283641083521,6.75355889121339,6.81626334519573,7.31838665667167,7.2099124900048,218
"218",2019,9,6.8871186440678,59,7.64235294117647,5.86,1,5.82857142857143,7.02961538461538,34,25,1,7,52,8313,4464,3849,563,2008,6305,7.23373204619271,7.65275656362007,6.74775505326059,6.8059325044405,7.31319307768925,7.2084255035686,219
"219",2019,10,7.27725490196078,51,7.72076923076923,6.816,6,7.69,7.17658536585366,26,25,3,10,41,8364,4490,3874,566,2018,6346,7.23399742945959,7.65315040089087,6.7481954568921,6.80166077738516,7.31506030723489,7.20821979199496,220
"220",2019,11,7.47733333333333,75,7.88809523809524,6.95454545454545,6.7,8.21428571428571,7.40147058823529,42,33,5,7,68,8439,4532,3907,571,2025,6414,7.23616003080934,7.65532773609885,6.74993836703353,6.80077057793345,7.31816874074074,7.21026859993764,221
"221",2019,12,7.45093457142857,70,8.1875,6.95989095238095,7.08333333333333,7.08333333333333,7.4853971875,28,42,6,6,64,8509,4560,3949,577,2031,6478,7.23792689152662,7.65859546052631,6.75217133957964,6.80370883882149,7.31747498769079,7.21298675825873,222
"222",2020,1,7.4112676056338,71,7.8609756097561,6.79666666666667,6.41666666666667,7.83333333333333,7.32542372881356,41,30,6,12,59,8580,4601,3979,583,2043,6537,7.2393612960373,7.66039889154531,6.75250681578286,6.79972555746141,7.32050499265786,7.21400156340829,223
"223",2020,2,7.36647887323944,71,7.73636363636364,7.04526315789474,6.66666666666667,6.675,7.40776119402985,33,38,3,4,67,8651,4634,4017,586,2047,6604,7.24040456825801,7.66093985757445,6.75527623101817,6.79904436860068,7.31924362481681,7.21596732586312,224
"224",2020,3,7.33285714285714,70,7.68529411764706,7,6.6875,6.5,7.4109375,34,36,8,6,64,8721,4668,4053,594,2053,6668,7.24114664832015,7.66111724507284,6.75744994325191,6.79754208754209,7.31684934242572,7.21783866526695,225
"225",2020,4,7.51472860465116,43,7.551515,7.47619047619048,7,7,7.56752128205128,22,21,5,4,39,8764,4690,4074,599,2057,6707,7.24248896052031,7.66060311940298,6.76115479135984,6.79923205342237,7.3162332036947,7.21987200685851,226
"226",2020,5,7.57333333333333,39,8.168,6.94736842105263,8,8.53333333333333,7.39878787878788,20,19,1,6,33,8803,4710,4093,600,2063,6740,7.24395470294218,7.66275767091295,6.76201920840459,6.80123333333333,7.31977300048473,7.22074800445104,227
"227",2020,6,7.26545454545455,55,7.93214285714286,6.57407407407407,5.75,7.5,7.23125,28,27,8,7,48,8858,4738,4120,608,2070,6788,7.24408819710996,7.6643496475306,6.76078752912622,6.78740131578947,7.32038246376812,7.2208222672363,228
"228",2020,7,7.06530612244898,49,7.40666666666667,6.52631578947368,5,6.55,7.1974358974359,30,19,3,10,39,8907,4768,4139,611,2080,6827,7.24310466487033,7.66272832005033,6.75971119110896,6.77862520458265,7.31667870192308,7.22068866998682,229
"229",2020,8,7.65181818181818,55,7.775,7.45238095238095,7,7.75,7.64411764705882,34,21,1,4,51,8962,4802,4160,612,2084,6878,7.2456129491185,7.66352324656393,6.76320784134615,6.77898692810458,7.31751041266795,7.22382837307357,230
"230",2020,9,7.58217942307692,52,8.02090081081081,6.5,7.16666666666667,8.41666666666667,7.47333326086957,37,15,3,6,46,9014,4839,4175,615,2090,6924,7.24755453516752,7.66625582971688,6.76226218443114,6.78087804878049,7.32066588516747,7.22548597342577,231
"231",2020,10,7.32156862745098,51,7.53571428571429,7.06086956521739,6.8,7.25,7.33488372093023,28,23,5,8,43,9065,4867,4198,620,2098,6967,7.2479709409818,7.66550482021779,6.76389819437828,6.78103225806452,7.32039642516683,7.22616117123583,232
"232",2020,11,7.06888888888889,45,7.47058823529412,6.825,7,7.8,6.9775,17,28,7,5,40,9110,4884,4226,627,2103,7007,7.24708634248079,7.66482636363636,6.76430303360152,6.78347687400319,7.32153670946267,7.22474166975882,233
"233",2020,12,7.35901408450704,71,7.65311111111111,6.85,7.9,7.04545454545455,7.4165,45,26,5,11,60,9181,4929,4252,632,2114,7067,7.24795192027013,7.66471940758774,6.76482705079962,6.79231012658228,7.32010014191107,7.22636972972973,234
"234",2021,1,7.27868852459016,61,7.39285714285714,7.02631578947368,6.33333333333333,6.5,7.33333333333333,42,19,3,4,57,9242,4971,4271,635,2118,7124,7.24815479117075,7.66242244216455,6.76599031140248,6.79014173228347,7.31855132200189,7.2272255586749,235
"235",2021,2,7.3016,50,7.71714285714286,6.77272727272727,4,8.5,7.25166666666667,28,22,2,2,48,9292,4999,4293,637,2120,7172,7.24844237839002,7.66272893778756,6.76602483577918,6.78138147566719,7.31966589622642,7.22738913552705,236
"236",2021,3,7.39918867924528,53,7.60158333333333,6.97058823529412,NA,7.52855555555556,7.37272727272727,36,17,0,9,44,9345,5035,4310,637,2129,7216,7.24929733333334,7.66229174975174,6.76683169837587,6.78138147566719,7.32054894316581,7.22827534368071,237
"237",2021,4,7.58333333333333,36,7.84090909090909,7.17857142857143,6,8,7.53125,22,14,1,4,32,9381,5057,4324,638,2133,7248,7.25057921117152,7.66306880759343,6.76816480573543,6.78015673981191,7.32182311298641,7.22961298013245,238
"238",2021,5,7.35217391304348,46,7.66538461538462,6.945,6.53333333333333,7.66666666666667,7.33023255813954,26,20,3,3,43,9427,5083,4344,641,2136,7291,7.25107495279517,7.66308065315758,6.7689789640884,6.7790015600624,7.32230744382023,7.23020640241394,239
"239",2021,6,7.59304957446809,47,8.09878772727273,7.148,7.2,7.28571428571429,7.64683325,22,25,5,7,40,9474,5105,4369,646,2143,7331,7.25277147033988,7.66495833300686,6.77114777294576,6.78226006191951,7.32218791413906,7.23247963579321,240
"240",2021,7,7.86,37,8.01333333333333,7.57692307692308,6.66666666666667,7.7,7.86444444444444,24,13,3,1,36,9511,5129,4382,649,2144,7367,7.25513373041742,7.66658847533632,6.77353825193975,6.78172573189523,7.32236413246269,7.23556783086738,241
"241",2021,8,7.53960784313726,51,7.66142857142857,7.39130434782609,7.63333333333333,7.70666666666667,7.48820512820513,28,23,6,12,39,9562,5157,4405,655,2156,7406,7.25665100501988,7.66656045956952,6.7767638183882,6.78952671755725,7.32450310760668,7.23689821901162,242
"242",2021,9,7.23333333333333,48,7.81304347826087,6.7,6.9,5.4,7.31304347826087,23,25,5,2,46,9610,5180,4430,660,2158,7452,7.25653453798127,7.66721086679537,6.77633061399549,6.79036363636364,7.32271950880445,7.23736825147612,243
"243",2021,10,6.93333333333333,45,7.0695652173913,6.79090909090909,6.63333333333333,7.63333333333333,6.88333333333333,23,22,3,3,42,9655,5203,4452,663,2161,7494,7.25502816261005,7.66456895829329,6.77640265498652,6.78965309200603,7.32315071726053,7.23538406858821,244
"244",2021,11,7.81960784313725,51,8.16153846153846,7.464,7.25,7.625,7.85581395348837,26,25,2,8,43,9706,5229,4477,665,2169,7537,7.25799473624563,7.66704002486135,6.78024226490954,6.79103759398496,7.32426403872753,7.23892373756137,245
"245",2021,12,7.54025641025641,78,7.8668085106383,7.04516129032258,6.375,7.42857142857143,7.5512676056338,47,31,4,7,71,9784,5276,4508,669,2176,7608,7.2602449826247,7.66881961523881,6.78206402395741,6.78855007473842,7.32459958639706,7.24183861855941,246
"246",2022,1,7.246,100,7.776,6.716,5.66666666666667,6.94615384615385,7.29080459770115,50,50,3,13,87,9884,5326,4558,672,2189,7695,7.26010086098746,7.66982581487044,6.78133931987714,6.78354166666667,7.32235207857469,7.2423922300195,247
"247",2022,2,7.25927419354839,62,7.74469696969697,6.70689655172414,6,8.5,7.19618644067797,33,29,1,3,59,9946,5359,4587,673,2192,7754,7.26009570782225,7.67028686135473,6.78086867669501,6.78237741456167,7.3239638229927,7.24204065127676,248
"248",2022,3,7.38918032786885,61,7.63076923076923,6.96090909090909,NA,6.99454545454545,7.476,39,22,0,11,50,10007,5398,4609,673,2203,7804,7.26088257319877,7.67000135050018,6.7817280581471,6.78237741456167,7.32231897412619,7.24353962198873,249
"249",2022,4,7.33260869565217,46,7.590625,6.74285714285714,6.5,8.26666666666667,7.1925,32,14,2,6,40,10053,5430,4623,675,2209,7844,7.26121077389834,7.66953357090239,6.78161034393251,6.78154074074074,7.32488397464916,7.24327934854666,250
"250",2022,5,7.24245283018868,53,7.9015625,6.23809523809524,6.66666666666667,7.435,7.19767441860465,32,21,3,10,43,10106,5462,4644,678,2219,7887,7.26111239956462,7.67089294946906,6.77915258828596,6.78103244837758,7.32538021631366,7.24303071002916,251
"251",2022,6,7.6380487804878,41,7.81703703703704,7.29285714285714,7,7.4,7.67885714285714,27,14,1,6,35,10147,5489,4658,679,2225,7922,7.26263544988667,7.67161182182547,6.78069656934307,6.78135493372607,7.32558143820225,7.24495622443828,252
"252",2022,7,7.76439024390244,41,7.67782608695652,7.875,NA,8,7.75230769230769,23,18,0,2,39,10188,5512,4676,679,2227,7961,7.26465468296035,7.67163775217706,6.78490902908469,6.78135493372607,7.32618711270768,7.24744167943726,253
"253",2022,8,7.28645833333333,48,7.86458333333333,6.70833333333333,5.75,7.5,7.27717391304348,24,24,2,2,46,10236,5536,4700,681,2229,8007,7.26475692751075,7.67247422145953,6.78451800425532,6.77832599118943,7.32634306864065,7.24761249032097,254
"254",2022,9,7.57115384615385,52,8.11304347826087,7.14137931034483,7,8.07142857142857,7.49333333333333,23,29,2,7,45,10288,5559,4729,683,2236,8052,7.26630559000778,7.67429704803022,6.78670641150349,6.77897510980966,7.32867562611807,7.24898574391456,255
"255",2022,10,6.81865454545455,55,7.71428571428571,5.88985185185185,5.08333333333333,6.2,6.95613333333333,28,27,6,10,45,10343,5587,4756,689,2246,8097,7.26392515807793,7.67449745659566,6.78161493271657,6.76420899854862,7.32365035618878,7.24735818327776,256
"256",2022,11,7.50384615384615,52,7.94814814814815,7.024,6,6.76666666666667,7.54897959183673,27,25,1,3,49,10395,5614,4781,690,2249,8146,7.26512534006735,7.67581355361596,6.78288237188873,6.76310144927536,7.32290738105825,7.24917250306899,257
"257",2022,12,7.18333333333333,63,7.59428571428571,6.66964285714286,6.5,7.21,7.17830188679245,35,28,4,10,53,10458,5649,4809,694,2259,8199,7.26463261713521,7.67530842449991,6.78222304429195,6.76158501440922,7.32240756972112,7.24871438102208,258
