"","year","month","avg_rating","no_ratings","avg_rating_owned","avg_rating_not_owned","avg_rating_prev_owned","avg_rating_comment","avg_rating_no_comment","no_ratings_owned","no_ratings_not_owned","no_ratings_prev_owned","no_ratings_comment","no_ratings_no_comment","cum_no_ratings","cum_no_ratings_owned","cum_no_ratings_not_owned","cum_no_ratings_prev_owned","cum_no_ratings_comment","cum_no_ratings_no_comment","cum_avg_rating","cum_avg_rating_owned","cum_avg_rating_not_owned","cum_avg_rating_prev_owned","cum_avg_rating_comment","cum_avg_rating_no_comment","month_after_release"
"1",2001,6,6.25,4,8,4.5,NA,NA,6.25,2,2,0,0,4,4,2,2,0,0,4,6.25,8,4.5,NA,NA,6.25,1
"2",2001,7,8.66666666666667,3,8.66666666666667,NA,NA,NA,8.66666666666667,3,0,0,0,3,7,5,2,0,0,7,7.28571428571429,8.4,4.5,NA,NA,7.28571428571429,2
"3",2001,8,8.5,2,10,7,NA,NA,8.5,1,1,0,0,2,9,6,3,0,0,9,7.55555555555556,8.66666666666667,5.33333333333333,NA,NA,7.55555555555556,3
"4",2001,9,7.75,4,7.75,NA,NA,8,7.66666666666667,4,0,0,1,3,13,10,3,0,1,12,7.61538461538461,8.3,5.33333333333333,NA,8,7.58333333333333,4
"5",2001,10,7.5,2,7.5,NA,NA,7.5,NA,2,0,0,2,0,15,12,3,0,3,12,7.6,8.16666666666667,5.33333333333333,NA,7.66666666666667,7.58333333333333,5
"6",2001,11,7,1,7,NA,NA,NA,7,1,0,0,0,1,16,13,3,0,3,13,7.5625,8.07692307692308,5.33333333333333,NA,7.66666666666667,7.53846153846154,6
"7",2002,1,7,3,6,7.5,NA,NA,7,1,2,0,0,3,19,14,5,0,3,16,7.47368421052632,7.92857142857143,6.2,NA,7.66666666666667,7.4375,8
"8",2002,2,6,1,6,NA,NA,NA,6,1,0,0,0,1,20,15,5,0,3,17,7.4,7.8,6.2,NA,7.66666666666667,7.35294117647059,9
"9",2002,3,6,4,7.33333333333333,2,NA,5.33333333333333,8,3,1,0,3,1,24,18,6,0,6,18,7.16666666666667,7.72222222222222,5.5,NA,6.5,7.38888888888889,10
"10",2002,5,7,4,7.33333333333333,6,NA,6,7.33333333333333,3,1,0,1,3,28,21,7,0,7,21,7.14285714285714,7.66666666666667,5.57142857142857,NA,6.42857142857143,7.38095238095238,12
"11",2002,7,7.44444444444444,9,8,6.75,NA,8,7.28571428571429,5,4,0,2,7,37,26,11,0,9,28,7.21621621621622,7.73076923076923,6,NA,6.77777777777778,7.35714285714286,14
"12",2002,8,6.9375,8,7.41666666666667,5.5,NA,5.66666666666667,7.7,6,2,0,3,5,45,32,13,0,12,33,7.16666666666667,7.671875,5.92307692307692,NA,6.5,7.40909090909091,15
"13",2002,10,7.2,5,8.5,6.33333333333333,6.5,8.5,6.33333333333333,2,3,2,2,3,50,34,16,2,14,36,7.17,7.72058823529412,6,6.5,6.78571428571429,7.31944444444444,17
"14",2002,11,10,1,10,NA,NA,10,NA,1,0,0,1,0,51,35,16,2,15,36,7.22549019607843,7.78571428571429,6,6.5,7,7.31944444444444,18
"15",2003,1,6.64285714285714,7,7.5,6.3,7.5,6.5,6.7,2,5,2,2,5,58,37,21,4,17,41,7.1551724137931,7.77027027027027,6.07142857142857,7,6.94117647058824,7.24390243902439,20
"16",2003,2,8.14285714285714,7,8.6,7,6,8.5,7.66666666666667,5,2,1,4,3,65,42,23,5,21,44,7.26153846153846,7.86904761904762,6.15217391304348,6.8,7.23809523809524,7.27272727272727,21
"17",2003,3,8,2,8,NA,NA,9,7,2,0,0,1,1,67,44,23,5,22,45,7.28358208955224,7.875,6.15217391304348,6.8,7.31818181818182,7.26666666666667,22
"18",2003,4,8,2,8,NA,NA,NA,8,2,0,0,0,2,69,46,23,5,22,47,7.30434782608696,7.8804347826087,6.15217391304348,6.8,7.31818181818182,7.29787234042553,23
"19",2003,5,8.28571428571429,7,8.28571428571429,NA,NA,8.33333333333333,8.25,7,0,0,3,4,76,53,23,5,25,51,7.39473684210526,7.93396226415094,6.15217391304348,6.8,7.44,7.37254901960784,24
"20",2003,6,8.4,5,8.4,NA,NA,10,8,5,0,0,1,4,81,58,23,5,26,55,7.45679012345679,7.97413793103448,6.15217391304348,6.8,7.53846153846154,7.41818181818182,25
"21",2003,7,7.81818181818182,11,8.33333333333333,5.5,NA,8,7.8,9,2,0,1,10,92,67,25,5,27,65,7.5,8.02238805970149,6.1,6.8,7.55555555555556,7.47692307692308,26
"22",2003,8,9.25,4,9.25,NA,NA,9,9.33333333333333,4,0,0,1,3,96,71,25,5,28,68,7.57291666666667,8.09154929577465,6.1,6.8,7.60714285714286,7.55882352941176,27
"23",2003,9,6.66666666666667,3,7.5,5,5,NA,6.66666666666667,2,1,1,0,3,99,73,26,6,28,71,7.54545454545455,8.07534246575342,6.05769230769231,6.5,7.60714285714286,7.52112676056338,28
"24",2003,10,6.5,2,6.5,NA,NA,NA,6.5,2,0,0,0,2,101,75,26,6,28,73,7.52475247524752,8.03333333333333,6.05769230769231,6.5,7.60714285714286,7.49315068493151,29
"25",2003,11,8,7,8,NA,NA,8.4,7,7,0,0,5,2,108,82,26,6,33,75,7.55555555555556,8.03048780487805,6.05769230769231,6.5,7.72727272727273,7.48,30
"26",2003,12,7.8,5,8,7,NA,8,7.66666666666667,4,1,0,2,3,113,86,27,6,35,78,7.56637168141593,8.02906976744186,6.09259259259259,6.5,7.74285714285714,7.48717948717949,31
"27",2004,1,6.55555555555556,9,7,5.66666666666667,NA,6.8,6.25,6,3,0,5,4,122,92,30,6,40,82,7.49180327868852,7.96195652173913,6.05,6.5,7.625,7.42682926829268,32
"28",2004,2,6.2,5,7,5,NA,5,7,3,2,0,2,3,127,95,32,6,42,85,7.44094488188976,7.93157894736842,5.984375,6.5,7.5,7.41176470588235,33
"29",2004,3,7.85714285714286,7,8.2,7,6,6,8.16666666666667,5,2,1,1,6,134,100,34,7,43,91,7.46268656716418,7.945,6.04411764705882,6.42857142857143,7.46511627906977,7.46153846153846,34
"30",2004,4,7.44375,8,7.79285714285714,5,NA,6,7.925,7,1,0,2,6,142,107,35,7,45,97,7.46161971830986,7.93504672897196,6.01428571428571,6.42857142857143,7.4,7.49020618556701,35
"31",2004,5,6,3,5.5,7,NA,7,5.5,2,1,0,1,2,145,109,36,7,46,99,7.43137931034483,7.89036697247706,6.04166666666667,6.42857142857143,7.39130434782609,7.45,36
"32",2004,6,7.625,4,7.66666666666667,7.5,NA,8,7.25,3,1,0,2,2,149,112,37,7,48,101,7.43657718120805,7.884375,6.08108108108108,6.42857142857143,7.41666666666667,7.4460396039604,37
"33",2004,7,9.5,4,9.5,NA,NA,10,9.33333333333333,4,0,0,1,3,153,116,37,7,49,104,7.49052287581699,7.94008620689655,6.08108108108108,6.42857142857143,7.46938775510204,7.50048076923077,38
"34",2004,8,7.4375,8,7.91666666666667,6,NA,7.25,7.625,6,2,0,4,4,161,122,39,7,53,108,7.48788819875776,7.93893442622951,6.07692307692308,6.42857142857143,7.45283018867925,7.50509259259259,39
"35",2004,9,8.4,5,8.4,NA,NA,9,8,5,0,0,2,3,166,127,39,7,55,111,7.51536144578313,7.95708661417323,6.07692307692308,6.42857142857143,7.50909090909091,7.51846846846847,40
"36",2004,10,8.3,5,8.83333333333333,7.5,NA,8.125,9,3,2,0,4,1,171,130,41,7,59,112,7.53830409356725,7.97730769230769,6.14634146341463,6.42857142857143,7.55084745762712,7.53169642857143,41
"37",2004,11,7.18181818181818,11,8.16666666666667,6,3,7,7.33333333333333,6,5,1,5,6,182,136,46,8,64,118,7.51675824175824,7.98566176470588,6.1304347826087,6,7.5078125,7.52161016949152,42
"38",2004,12,8.625,8,8.85714285714286,7,NA,7.66666666666667,9.2,7,1,0,3,5,190,143,47,8,67,123,7.56342105263158,8.02832167832168,6.14893617021277,6,7.51492537313433,7.58983739837398,43
"39",2005,1,7.80769230769231,13,8.15,6.66666666666667,7,7.75,7.85714285714286,10,3,1,6,7,203,153,50,9,73,130,7.57906403940887,8.03627450980392,6.18,6.11111111111111,7.53424657534247,7.60423076923077,44
"40",2005,2,8.1875,8,8.1875,NA,NA,8.375,8,8,0,0,4,4,211,161,50,9,77,134,7.6021327014218,8.04378881987578,6.18,6.11111111111111,7.57792207792208,7.6160447761194,45
"41",2005,3,8.10909090909091,11,8.68888888888889,5.5,NA,7.57142857142857,9.05,9,2,0,7,4,222,170,52,9,84,138,7.62725225225225,8.07794117647059,6.15384615384615,6.11111111111111,7.57738095238095,7.65760869565217,46
"42",2005,4,8.16666666666667,6,8.8,5,NA,9.33333333333333,7,5,1,0,3,3,228,175,53,9,87,141,7.64144736842105,8.09857142857143,6.13207547169811,6.11111111111111,7.63793103448276,7.6436170212766,47
"43",2005,5,7.66666666666667,9,7.85714285714286,7,8,8,7.57142857142857,7,2,1,2,7,237,182,55,10,89,148,7.64240506329114,8.08928571428571,6.16363636363636,6.3,7.64606741573034,7.6402027027027,48
"44",2005,6,7.21428571428571,7,9,4.83333333333333,NA,7,7.75,4,3,0,5,2,244,186,58,10,94,150,7.63012295081967,8.10887096774193,6.0948275862069,6.3,7.61170212765957,7.64166666666667,49
"45",2005,7,7.9625,8,8.375,7.55,NA,7.94,8,4,4,0,5,3,252,190,62,10,99,153,7.6406746031746,8.11447368421052,6.18870967741935,6.3,7.62828282828283,7.64869281045752,50
"46",2005,8,7.73076923076923,26,8.47368421052632,5.71428571428571,4,7.58333333333333,8.0625,19,7,1,18,8,278,209,69,11,117,161,7.64910071942446,8.14712918660287,6.14057971014493,6.09090909090909,7.62136752136752,7.66925465838509,51
"47",2005,9,7.5,10,7.2,7.8,8,7.4,7.6,5,5,1,5,5,288,214,74,12,122,166,7.64392361111111,8.125,6.2527027027027,6.25,7.61229508196721,7.66716867469879,52
"48",2005,10,7.66666666666667,15,8.11111111111111,7,6,7.3,8.4,9,6,1,10,5,303,223,80,13,132,171,7.64504950495049,8.12443946188341,6.30875,6.23076923076923,7.58863636363636,7.68859649122807,53
"49",2005,11,9.33333333333333,3,9.33333333333333,NA,NA,10,8,3,0,0,2,1,306,226,80,13,134,172,7.66160130718954,8.14048672566372,6.30875,6.23076923076923,7.62462686567164,7.69040697674419,54
"50",2005,12,7.4,10,7.92857142857143,6.16666666666667,7,7.66666666666667,7.28571428571429,7,3,1,3,7,316,233,83,14,137,179,7.65332278481013,8.13412017167382,6.30361445783133,6.28571428571429,7.62554744525547,7.67458100558659,55
"51",2006,1,7.89285714285714,14,8.125,7.58333333333333,10,6.33333333333333,8.31818181818182,8,6,1,3,11,330,241,89,15,140,190,7.66348484848485,8.13381742738589,6.38988764044944,6.53333333333333,7.59785714285714,7.71184210526316,56
"52",2006,2,7.84285714285714,7,8.125,7.46666666666667,6.8,7.46666666666667,8.125,4,3,1,3,4,337,245,92,16,143,194,7.66721068249258,8.13367346938775,6.425,6.55,7.5951048951049,7.72036082474227,57
"53",2006,3,7.95833333333333,12,8.04545454545454,7,NA,8.2,7.78571428571429,11,1,0,5,7,349,256,93,16,148,201,7.67722063037249,8.1298828125,6.43118279569893,6.55,7.61554054054054,7.7226368159204,58
"54",2006,4,7.64285714285714,7,8,7.375,7,7.33333333333333,7.875,3,4,1,3,4,356,259,97,17,151,205,7.67654494382022,8.12837837837838,6.47010309278351,6.57647058823529,7.60993377483444,7.72560975609756,59
"55",2006,5,7.8,5,7.8,NA,NA,6,8.25,5,0,0,1,4,361,264,97,17,152,209,7.67825484764543,8.12215909090909,6.47010309278351,6.57647058823529,7.59934210526316,7.73564593301435,60
"56",2006,6,7.63333333333333,6,8,6.9,NA,8,6.9,4,2,0,4,2,367,268,99,17,156,211,7.6775204359673,8.12033582089552,6.47878787878788,6.57647058823529,7.60961538461539,7.72772511848341,61
"57",2006,7,7.83333333333333,6,8.4,5,NA,NA,7.83333333333333,5,1,0,0,6,373,273,100,17,156,217,7.68002680965147,8.12545787545787,6.464,6.57647058823529,7.60961538461539,7.73064516129032,62
"58",2006,8,6.61333333333333,15,7.64545454545455,3.775,6,5.22,7.31,11,4,1,5,10,388,284,104,18,161,227,7.63878865979381,8.1068661971831,6.36057692307692,6.54444444444444,7.53540372670807,7.71211453744493,63
"59",2006,9,7.9,10,7.71428571428571,8.33333333333333,10,7.33333333333333,8.14285714285714,7,3,1,3,7,398,291,107,19,164,234,7.64535175879397,8.09742268041237,6.41588785046729,6.72631578947368,7.53170731707317,7.725,64
"60",2006,10,8.31111111111111,9,8.31111111111111,NA,NA,7.66666666666667,8.63333333333333,9,0,0,3,6,407,300,107,19,167,240,7.66007371007371,8.10383333333333,6.41588785046729,6.72631578947368,7.53413173652695,7.74770833333333,65
"61",2006,11,8.31818181818182,11,8.27777777777778,8.5,NA,7,8.45,9,2,0,1,10,418,309,109,19,168,250,7.67739234449761,8.1088996763754,6.45412844036697,6.72631578947368,7.53095238095238,7.7758,66
"62",2006,12,5.9625,8,6.34,5.33333333333333,NA,6.5,5.78333333333333,5,3,0,2,6,426,314,112,19,170,256,7.64518779342723,8.08073248407643,6.42410714285714,6.72631578947368,7.51882352941177,7.7291015625,67
"63",2007,1,7.40625,16,8.85714285714286,6.27777777777778,NA,7,7.65,7,9,0,6,10,442,321,121,19,176,266,7.63653846153846,8.09766355140187,6.41322314049587,6.72631578947368,7.50113636363636,7.72612781954887,68
"64",2007,2,8.04755714285714,14,8.7,6.41645,NA,9.25,7.56658,10,4,0,4,10,456,331,125,19,180,276,7.64915745614035,8.11586102719033,6.4133264,6.72631578947368,7.54,7.72034710144928,69
"65",2007,3,8.1,15,7.96428571428571,10,NA,8.6,7.85,14,1,0,5,10,471,345,126,19,185,286,7.66351549893843,8.10971014492753,6.44179206349206,6.72631578947368,7.56864864864865,7.72488041958042,70
"66",2007,4,7.77222222222222,18,7.92666666666667,7,8,7.42857142857143,7.99090909090909,15,3,1,7,11,489,360,129,20,192,297,7.66751697341513,8.10208333333333,6.45477364341085,6.79,7.56354166666667,7.73473333333333,71
"67",2007,5,8.17857142857143,14,8.15,8.25,NA,8.125,8.2,10,4,0,4,10,503,370,133,20,196,307,7.68174115308151,8.10337837837838,6.50876541353383,6.79,7.575,7.74988859934853,72
"68",2007,6,8.02777777777778,18,8.36363636363636,7.5,9,7.4,8.26923076923077,11,7,1,5,13,521,381,140,21,201,320,7.69369635316699,8.11089238845144,6.55832714285714,6.8952380952381,7.57064676616915,7.770986875,73
"69",2007,7,7.78333333333333,9,7.83333333333333,7.68333333333333,8,7.5,7.86428571428571,6,3,1,2,7,530,387,143,22,203,327,7.69521849056604,8.10658914728682,6.58192867132867,6.94545454545455,7.56995073891626,7.77298409785933,74
"70",2007,8,7.73571428571429,14,8.28,6.375,8.75,7.225,8.41666666666667,10,4,2,8,6,544,397,147,24,211,333,7.69626066176471,8.11095717884131,6.57629795918367,7.09583333333333,7.55687203791469,7.78458198198198,75
"71",2007,9,6.83333333333333,6,6.25,8,NA,8,6.6,4,2,0,1,5,550,401,149,24,212,338,7.68684690909091,8.09239401496259,6.59540805369127,7.09583333333333,7.55896226415094,7.76705857988166,76
"72",2007,10,7.34615384615385,13,7.375,7.3,NA,7.9,7,8,5,0,5,8,563,409,154,24,217,346,7.67898010657194,8.07836185819071,6.61828441558441,7.09583333333333,7.5668202764977,7.74932312138728,77
"73",2007,11,7.08333333333333,12,7.5,5,NA,6.75,7.25,10,2,0,4,8,575,419,156,24,221,354,7.6665492173913,8.0645584725537,6.59753717948718,7.09583333333333,7.55203619909502,7.73803898305085,78
"74",2007,12,7.22777777777778,18,7.7,6.6375,7.6,6.85,7.41666666666667,10,8,1,6,12,593,429,164,25,227,366,7.65323069139966,8.05606060606061,6.59948658536585,7.116,7.53348017621145,7.72750218579235,79
"75",2008,1,7.67241379310345,29,8.13888888888889,6.90909090909091,NA,6.7,8.18421052631579,18,11,0,10,19,622,447,175,25,237,385,7.65412508038585,8.05939597315436,6.61894742857143,7.116,7.49831223628692,7.75004103896104,80
"76",2008,2,7.91666666666667,12,9,5.75,NA,6.4,9,8,4,0,5,7,634,455,179,25,242,392,7.65909432176656,8.07593406593407,6.59952960893855,7.116,7.47561983471074,7.77236173469388,81
"77",2008,3,7.34210526315789,19,8.25,6.68181818181818,6.5,6,7.41666666666667,8,11,1,1,18,653,463,190,26,243,410,7.64987105666156,8.07894168466523,6.60429368421053,7.09230769230769,7.46954732510288,7.75674585365854,82
"78",2008,4,7.83333333333333,15,7.77777777777778,7.91666666666667,6.5,7.66666666666667,7.875,9,6,1,3,12,668,472,196,27,246,422,7.65399071856288,8.07319915254237,6.64446836734694,7.07037037037037,7.47195121951219,7.76010853080569,83
"79",2008,5,8.13636363636364,11,8.4375,7.33333333333333,NA,7.57142857142857,9.125,8,3,0,7,4,679,480,199,27,253,426,7.66180530191458,8.07927083333333,6.65485326633166,7.07037037037037,7.47470355731225,7.77292441314554,84
"80",2008,6,7.65,8,8.22,6.7,7,7.775,7.525,5,3,1,4,4,687,485,202,28,257,430,7.66166783114993,8.08072164948453,6.65552376237624,7.06785714285714,7.47937743190661,7.77061813953488,85
"81",2008,7,6.95833333333333,12,7.33333333333333,6.58333333333333,7.33333333333333,6.57142857142857,7.5,6,6,3,7,5,699,491,208,31,264,435,7.64959341917024,8.07158859470468,6.65344134615385,7.09354838709677,7.45530303030303,7.7675075862069,86
"82",2008,8,7.83333333333333,12,8.2,7.57142857142857,5,6.25,8.625,5,7,2,4,8,711,496,215,33,268,443,7.65269451476793,8.07288306451613,6.68332930232558,6.96666666666667,7.43731343283582,7.7829927765237,87
"83",2008,9,6.23333333333333,15,7.6,5.55,8.5,6.41666666666667,6.11111111111111,5,10,2,6,9,726,501,225,35,274,452,7.62336887052342,8.06816367265469,6.63295911111111,7.05428571428571,7.41496350364963,7.74970309734513,88
"84",2008,10,7.7,10,8.125,6,7,8,7.625,8,2,1,2,8,736,509,227,36,276,460,7.62441005434783,8.06905697445972,6.62738237885462,7.05277777777778,7.41920289855072,7.74753434782609,89
"85",2008,11,7.77692307692308,13,7.77777777777778,7.775,9,9.5,7.46363636363636,9,4,1,2,11,749,518,231,37,278,471,7.62705714285714,8.06399613899614,6.64725454545454,7.1054054054054,7.4341726618705,7.74090403397028,90
"86",2008,12,7.7,10,8,7,7.75,7,8,7,3,4,3,7,759,525,234,41,281,478,7.62801818181818,8.06314285714286,6.65177692307692,7.16829268292683,7.42953736654804,7.74469832635983,91
"87",2009,1,8.1625,20,8.51785714285714,7.33333333333333,8,8.75,7.96666666666667,14,6,1,5,15,779,539,240,42,286,493,7.641740436457,8.07495361781076,6.66881583333333,7.18809523809524,7.45262237762238,7.75145192697769,92
"88",2009,2,7.01515151515152,33,7.35714285714286,6.76315789473684,5.9,6.85714285714286,7.05769230769231,14,19,5,7,26,812,553,259,47,293,519,7.61627561576355,8.05678119349005,6.67573667953668,7.05106382978723,7.43839590443686,7.71669710982659,93
"89",2009,3,7.70588235294118,17,8.20833333333333,6.5,6,6.875,7.96153846153846,12,5,1,4,13,829,565,264,48,297,532,7.61811314837153,8.06,6.67240833333333,7.02916666666667,7.43080808080808,7.72268007518797,94
"90",2009,4,7.41785714285714,14,8.75,6.885,6.75,8.55,6.78888888888889,4,10,2,5,9,843,569,274,50,302,541,7.61478742586003,8.06485061511423,6.68016715328467,7.018,7.44933774834437,7.70714565619224,95
"91",2009,5,7.28148148148148,27,7.6,6.81818181818182,5.875,7.61111111111111,7.11666666666667,16,11,4,9,18,870,585,285,54,311,559,7.60444344827586,8.05213675213675,6.68549403508772,6.93333333333333,7.4540192926045,7.68813202146691,96
"92",2009,6,7.63333333333333,15,7.25,7.88888888888889,7.5,7.66666666666667,7.61111111111111,6,9,4,6,9,885,591,294,58,317,568,7.60493310734463,8.04399323181049,6.72233265306122,6.97241379310345,7.45804416403785,7.68691161971831,97
"93",2009,7,7.26041666666667,24,8.61363636363636,6.11538461538461,6.16666666666667,7.95833333333333,7.02777777777778,11,13,3,6,18,909,602,307,61,323,586,7.59583696369637,8.05440199335548,6.6966312703583,6.9327868852459,7.46733746130031,7.66666518771331,98
"94",2009,8,7.02173913043478,23,7.76923076923077,6.05,6.35714285714286,6.55,7.38461538461539,13,10,7,10,13,932,615,317,68,333,599,7.58166931330472,8.04837398373984,6.67623280757098,6.87352941176471,7.43978978978979,7.66054390651085,99
"95",2009,9,6.69230769230769,13,6.66666666666667,6.71428571428571,5.5,6.75,6.66666666666667,6,7,2,4,9,945,621,324,70,337,608,7.56943470899471,8.03502415458937,6.6770549382716,6.83428571428571,7.43160237388724,7.64583190789474,100
"96",2009,10,7.375,26,8.35,6.04545454545455,6.5,7.06818181818182,7.6,15,11,4,11,15,971,636,335,74,348,623,7.56422842430484,8.04245283018868,6.65631582089552,6.81621621621622,7.42011494252873,7.64472841091493,101
"97",2009,11,7.38333333333333,36,8.04705882352941,6.78947368421053,7,6.75454545454545,7.66,17,19,4,11,25,1007,653,354,78,359,648,7.55776146971202,8.04257274119449,6.66346271186441,6.82564102564103,7.39972144846797,7.64531759259259,102
"98",2009,12,7.4551724137931,29,8.44285714285714,6.53333333333333,8.25,8.25,7.15238095238095,14,15,4,8,21,1036,667,369,82,367,669,7.55488976833977,8.05097451274363,6.658172899729,6.89512195121951,7.41825613079019,7.629844245142,103
"99",2010,1,7.73421052631579,38,8.5375,6.35714285714286,6.2,7.09090909090909,7.9962962962963,24,14,5,11,27,1074,691,383,87,378,696,7.56123445065177,8.06787264833574,6.64716919060052,6.8551724137931,7.40873015873016,7.64406005747126,104
"100",2010,2,8.28448275862069,29,8.625,7.21428571428571,10,8.30555555555556,8.275,22,7,1,9,20,1103,713,390,88,387,716,7.58025004533092,8.08506311360449,6.6573482051282,6.89090909090909,7.42958656330749,7.66168407821229,105
"101",2010,3,7.74285714285714,35,8.17391304347826,6.91666666666667,8.5,8,7.52631578947368,23,12,2,16,19,1138,736,402,90,403,735,7.58525114235501,8.08783967391304,6.66508905472637,6.92666666666667,7.45223325062035,7.65818476190476,106
"102",2010,4,8.23870967741935,31,8.5625,7.89333333333333,8.25,7.96666666666667,8.304,16,15,4,6,25,1169,752,417,94,409,760,7.60257981180496,8.09793882978723,6.70927050359712,6.98297872340426,7.45977995110024,7.67942868421053,107
"103",2010,5,7.828,25,8.16875,7.22222222222222,7,6.7,8.11,16,9,1,5,20,1194,768,426,95,414,780,7.60729966499163,8.0994140625,6.72010751173709,6.98315789473684,7.4506038647343,7.69046897435897,108
"104",2010,6,6.81578947368421,19,7.85714285714286,6.20833333333333,7,6.92857142857143,6.75,7,12,2,7,12,1213,775,438,97,421,792,7.59490173124485,8.09722580645161,6.70608630136986,6.98350515463918,7.44192399049881,7.67621944444444,109
"105",2010,7,7.17647058823529,17,8,6.44444444444444,7,7,7.1875,8,9,3,1,16,1230,783,447,100,422,808,7.58911853658537,8.09623243933589,6.70081834451902,6.984,7.44087677725119,7.66654183168317,110
"106",2010,8,7.70238095238095,21,7.83333333333333,7.52777777777778,6.5,7.33333333333333,7.76388888888889,12,9,1,3,18,1251,795,456,101,425,826,7.59101982414069,8.09226415094339,6.7171399122807,6.97920792079208,7.44011764705882,7.66866319612591,111
"107",2010,9,8.00769230769231,26,8.23529411764706,7.57777777777778,7,7.85,8.10625,17,9,2,10,16,1277,812,465,103,435,842,7.59950336726703,8.09525862068965,6.73379741935484,6.97961165048544,7.44954022988506,7.6769783847981,112
"108",2010,10,7.11190476190476,21,7.58333333333333,6.75833333333333,6,8.025,6.74666666666667,9,12,2,6,15,1298,821,477,105,441,857,7.59161463790447,8.08964677222899,6.73441467505241,6.96095238095238,7.45736961451247,7.66069521586931,113
"109",2010,11,8.065,20,7.95625,8.5,NA,8.16666666666667,8.02142857142857,16,4,0,6,14,1318,837,481,105,447,871,7.59879802731411,8.08709677419355,6.7490972972973,6.96095238095238,7.4668903803132,7.66649345579793,114
"110",2010,12,7.7,26,8.67272727272727,6.98666666666667,8.1,7.64285714285714,7.72105263157895,11,15,3,7,19,1344,848,496,108,454,890,7.60075580357143,8.09469339622641,6.75628185483871,6.99259259259259,7.46960352422908,7.66765820224719,115
"111",2011,1,7.31935483870968,31,8.40833333333333,6.63157894736842,5.2,7.2125,7.43333333333333,12,19,5,16,15,1375,860,515,113,470,905,7.59441149090909,8.09906976744186,6.75168116504854,6.91327433628319,7.46085106382979,7.66377436464088,116
"112",2011,2,8.192,25,8.5,7.8,8.5,8.41666666666667,8.12105263157895,14,11,2,6,19,1400,874,526,115,476,924,7.60508271428572,8.10549199084668,6.7736041825095,6.94086956521739,7.47289915966387,7.67317727272727,117
"113",2011,3,7.77708333333333,24,8.375,6.94,7,6.8,7.91666666666667,14,10,2,3,21,1424,888,536,117,479,945,7.6079816011236,8.10974099099099,6.77670858208955,6.94188034188034,7.46868475991649,7.67858814814815,118
"114",2011,4,7.33809523809524,21,8.16363636363636,6.43,6.825,7.3,7.34,11,10,4,1,20,1445,899,546,121,480,965,7.60405937716263,8.11040044493882,6.77035860805861,6.93801652892562,7.46833333333333,7.67157077720207,119
"115",2011,5,7.884,25,8.57692307692308,7.13333333333333,7,8.28571428571429,7.72777777777778,13,12,1,7,18,1470,912,558,122,487,983,7.60882027210884,8.11705043859649,6.77816451612903,6.93852459016393,7.48008213552361,7.6726,120
"116",2011,6,7.48965517241379,29,8.51052631578947,5.55,NA,7,7.64545454545455,19,10,0,7,22,1499,931,568,122,494,1005,7.60651487658439,8.1250805585392,6.75654190140845,6.93852459016393,7.47327935222672,7.67200577114428,121
"117",2011,7,7.87333333333333,30,8.36111111111111,7.14166666666667,8.375,7.875,7.87272727272727,18,12,4,8,22,1529,949,580,126,502,1027,7.61175003270111,8.12955742887249,6.76451,6.98412698412698,7.4796812749004,7.67630555014606,122
"118",2011,8,7.36190476190476,21,8.4,6.58333333333333,NA,6.925,7.46470588235294,9,12,0,4,17,1550,958,592,126,506,1044,7.60836503225807,8.13209812108559,6.7608375,6.98412698412698,7.47529644268775,7.67285996168582,123
"119",2011,9,7.22222222222222,27,8.06666666666667,6.16666666666667,6,6.375,7.57894736842105,15,12,3,8,19,1577,973,604,129,514,1063,7.60175383639823,8.13108941418294,6.74903278145695,6.96124031007752,7.45817120622568,7.67118137347131,124
"120",2011,10,7.84166666666667,24,9.01428571428571,6.2,NA,8.875,7.635,14,10,0,4,20,1601,987,614,129,518,1083,7.60535028107433,8.14361702127659,6.74009087947883,6.96124031007752,7.46911196911197,7.67051320406279,125
"121",2011,11,7.6,45,8.26923076923077,6.68421052631579,7.58333333333333,7.66666666666667,7.58333333333333,26,19,6,9,36,1646,1013,633,135,527,1119,7.60520400972054,8.14684106614018,6.73841358609794,6.98888888888889,7.47248576850095,7.66770848972297,126
"122",2011,12,7.46029411764706,34,8.76071428571429,6.55,5,8.33333333333333,7.3758064516129,14,20,1,3,31,1680,1027,653,136,530,1150,7.60227130952381,8.15520934761441,6.73264287901991,6.97426470588235,7.47735849056604,7.65983982608696,127
"123",2012,1,6.96129032258064,31,7.60588235294118,6.17857142857143,7,6.725,7.04347826086957,17,14,1,8,23,1711,1044,667,137,538,1173,7.59065797779077,8.14626436781609,6.7210131934033,6.97445255474453,7.46617100371747,7.64775430520034,128
"124",2012,2,7.658,25,8.73,6.94333333333333,7,7.93,7.59,10,15,4,5,20,1736,1054,682,141,543,1193,7.59162776497696,8.15180265654649,6.72590293255132,6.97517730496454,7.47044198895028,7.64678608549874,129
"125",2012,3,7.50961538461539,26,8.46153846153846,6.55769230769231,8.625,6.91666666666667,7.6875,13,13,2,6,20,1762,1067,695,143,549,1213,7.59041759364359,8.1555763823805,6.72275654676259,6.99825174825175,7.4643897996357,7.64745737840066,130
"126",2012,4,7.47166666666667,30,8.37647058823529,6.28846153846154,4.75,7.08,7.55,17,13,3,5,25,1792,1084,708,146,554,1238,7.58842957589286,8.1590405904059,6.71478220338983,6.95205479452055,7.46092057761733,7.64548933764136,131
"127",2012,5,7.09166666666667,24,7.15714285714286,7,8.33333333333333,7.73333333333333,7,14,10,3,3,21,1816,1098,718,149,557,1259,7.58186442731278,8.14626593806921,6.71875459610028,6.97986577181208,7.46238779174147,7.6347226370135,132
"128",2012,6,7.475,20,7.90909090909091,6.94444444444444,8,6.875,7.625,11,9,1,4,16,1836,1109,727,150,561,1275,7.58070032679739,8.1439134355275,6.72154855570839,6.98666666666667,7.45819964349376,7.63460062745098,133
"129",2012,7,7.67222222222222,18,8.35714285714286,7.23636363636364,7,9.5,7.44375,7,11,2,2,16,1854,1116,738,152,563,1291,7.58158888888889,8.14525089605734,6.72922195121951,6.98684210526316,7.46545293072824,7.63223532145624,134
"130",2012,8,7.615,20,8.31666666666667,6.5625,7,6.83333333333333,7.95,12,8,1,6,14,1874,1128,746,153,569,1305,7.5819454642476,8.1470744680851,6.72743404825737,6.98692810457516,7.45878734622144,7.63564429118774,135
"131",2012,9,7.80454545454545,22,8.11333333333333,7.14285714285714,7.5,7.6,7.86470588235294,15,7,2,5,17,1896,1143,753,155,574,1322,7.58452837552743,8.14663167104112,6.73129588313413,6.99354838709677,7.46001742160279,7.63858986384266,136
"132",2012,10,7.276,25,8.33333333333333,6.68125,6.66666666666667,7.95,6.82666666666667,9,16,3,10,15,1921,1152,769,158,584,1337,7.58051317022384,8.14809027777778,6.73025461638491,6.9873417721519,7.46840753424658,7.62948077786088,137
"133",2012,11,7.59375,32,8.63888888888889,6.25,6.8,6,7.82142857142857,18,14,5,4,28,1953,1170,783,163,588,1365,7.58073005632361,8.15564102564102,6.72166768837803,6.98159509202454,7.45841836734694,7.63341816849817,138
"134",2012,12,7.35909090909091,22,7.29166666666667,7.44,7,8,7.32857142857143,12,10,2,1,21,1975,1182,793,165,589,1386,7.57826116455696,8.14686971235195,6.73072610340479,6.98181818181818,7.45933786078098,7.62879927849928,139
"135",2013,1,7.62741935483871,31,7.96764705882353,7.21428571428571,7.5,7.60555555555556,7.63636363636364,17,14,2,9,22,2006,1199,807,167,598,1408,7.57902083748754,8.14432860717264,6.73911499380421,6.98802395209581,7.46153846153846,7.62891747159091,140
"136",2013,2,7.14,25,8.64285714285714,6.55555555555556,5.83333333333333,7.5,7.10869565217391,7,18,3,2,23,2031,1206,825,170,600,1431,7.57361683899557,8.14722222222222,6.73511006060606,6.96764705882353,7.46166666666667,7.62055611460517,141
"137",2013,3,7.66818181818182,22,8.16666666666667,7.48125,7.28333333333333,8,7.57058823529412,6,16,6,5,17,2053,1212,841,176,605,1448,7.57463019970775,8.14731848184818,6.74930535077289,6.97840909090909,7.46611570247934,7.61996947513812,142
"138",2013,4,7.8,20,8.07142857142857,7.16666666666667,7.16666666666667,9.2,7.33333333333333,14,6,3,5,15,2073,1226,847,179,610,1463,7.57680453449108,8.14645187601958,6.75226186540732,6.98156424581006,7.48032786885246,7.61703062200957,143
"139",2013,5,7.62222222222222,27,8.33846153846154,6.95714285714286,7.1,8.1,7.51363636363636,13,14,5,5,22,2100,1239,861,184,615,1485,7.57738847619048,8.14846650524617,6.75559326364692,6.98478260869565,7.48536585365854,7.61549885521885,144
"140",2013,6,7.08913043478261,23,7.80555555555556,6.62857142857143,5.66666666666667,5.66666666666667,7.59117647058823,9,14,3,6,17,2123,1248,875,187,621,1502,7.5720988224211,8.14599358974359,6.75356091428571,6.96363636363636,7.46779388083736,7.61522356857523,145
"141",2013,7,7.31578947368421,19,8.75,5.72222222222222,NA,7.16666666666667,7.34375,10,9,0,3,16,2142,1258,884,187,624,1518,7.56982530345472,8.15079491255962,6.7430608597285,6.96363636363636,7.46634615384615,7.61236218708827,146
"142",2013,8,7.41,20,7.92727272727273,6.77777777777778,5,8.1,7.33333333333333,11,9,3,2,18,2162,1269,893,190,626,1536,7.56834680851064,8.1488573680063,6.74341075027995,6.93263157894737,7.46837060702875,7.60909231770833,147
"143",2013,9,6.12,20,7.5,5.52857142857143,4.75,5.875,6.18125,6,14,4,4,16,2182,1275,907,194,630,1552,7.55507140238314,8.14580392156862,6.72465909592061,6.88762886597938,7.45825396825397,7.59437229381443,148
"144",2013,10,8.00555555555556,18,8.34166666666667,7.33333333333333,NA,10,7.88823529411765,12,6,0,1,17,2200,1287,913,194,631,1569,7.55875718181818,8.14763014763014,6.7286591456736,6.88762886597938,7.46228209191759,7.597556277884,149
"145",2013,11,7.090625,32,7.85714285714286,6.49444444444444,6.66666666666667,6.75,7.13928571428571,14,18,6,4,28,2232,1301,931,200,635,1597,7.552045609319,8.14450422751729,6.72413082706767,6.881,7.45779527559055,7.58952147777082,150
"146",2013,12,7.425,16,8.1,6.75,4,NA,7.425,8,8,1,0,16,2248,1309,939,201,635,1613,7.55114137010676,8.14423223834988,6.72435122470713,6.86666666666667,7.45779527559055,7.58788952262864,151
"147",2014,1,7.3165625,32,7.8,6.89,7.07142857142857,7.78571428571429,7.1852,15,17,7,7,25,2280,1324,956,208,642,1638,7.54784903508772,8.14033232628398,6.72729686192468,6.87355769230769,7.4613707165109,7.58174346764347,152
"148",2014,2,7.73461538461538,26,8.34,6.90909090909091,6.5,7.625,7.78333333333333,15,11,4,8,18,2306,1339,967,212,650,1656,7.54995481352992,8.14256908140403,6.72936483971044,6.86650943396226,7.46338461538461,7.58393466183575,153
"149",2014,3,6.77857142857143,14,7.675,5.58333333333333,5.625,4.5,7.15833333333333,8,6,4,2,12,2320,1347,973,216,652,1668,7.54529991379311,8.13979213066072,6.72229784172662,6.84351851851852,7.45429447852761,7.58087278177458,154
"150",2014,4,7.85882352941176,17,8.35555555555556,7.3,10,7.9,7.85333333333333,9,8,1,2,15,2337,1356,981,217,654,1683,7.54758057338468,8.14122418879056,6.72700897043832,6.85806451612903,7.45565749235474,7.58330112893642,155
"151",2014,5,7.21052631578947,19,8.3,6,6.625,8.75,7.02941176470588,10,9,4,2,17,2356,1366,990,221,656,1700,7.54486239388795,8.14238653001464,6.72039979797979,6.85384615384615,7.45960365853659,7.57776223529412,156
"152",2014,6,8.28333333333333,15,8.69444444444444,7.66666666666667,7.5,8.5625,8.18181818181818,9,6,1,4,11,2371,1375,996,222,660,1711,7.5495342893294,8.146,6.72610020080321,6.85675675675676,7.46628787878788,7.58164570426651,157
"153",2014,7,7.92105263157895,19,8.46428571428571,6.4,9,7.16666666666667,8.0625,14,5,1,3,16,2390,1389,1001,223,663,1727,7.55248778242678,8.14920806335493,6.72447132867133,6.86636771300448,7.46493212669683,7.58610063694267,158
"154",2014,8,7.13125,16,7.1375,7.125,6.16666666666667,8.2,6.88461538461539,8,8,3,3,13,2406,1397,1009,226,666,1740,7.54968653366584,8.14341445955619,6.72764697720515,6.8570796460177,7.46824324324324,7.58085965517241,159
"155",2014,9,7.26363636363636,22,8,6.52727272727273,8,1,7.56190476190476,11,11,1,1,21,2428,1408,1020,227,667,1761,7.54709464579901,8.14229403409091,6.72548607843137,6.86211453744493,7.45854572713643,7.58063361726292,160
"156",2014,10,7.11428571428571,14,8.21428571428571,6.01428571428571,6.36666666666667,7.52,6.88888888888889,7,7,3,5,9,2442,1415,1027,230,672,1770,7.54461334971335,8.14265017667844,6.72063855890944,6.85565217391304,7.45900297619048,7.57711627118644,161
"157",2014,11,7.00769230769231,26,7.9125,5.56,8.5,7.12,6.98095238095238,16,10,2,5,21,2468,1431,1037,232,677,1791,7.53895696920584,8.14007686932215,6.7094462873674,6.8698275862069,7.45649926144756,7.57012607481853,162
"158",2014,12,8.40941176470588,17,9.1075,7.78888888888889,5.5,8.25,8.43066666666667,8,9,2,2,15,2485,1439,1046,234,679,1806,7.54491179074447,8.14545517720639,6.71873403441682,6.85811965811966,7.45883652430044,7.57727342192691,163
"159",2015,1,7.72258064516129,31,7.625,7.82666666666667,7.8,8.21428571428571,7.57916666666667,16,15,7,7,24,2516,1455,1061,241,686,1830,7.54710087440382,8.13973195876288,6.73439754948162,6.88547717842324,7.46654518950437,7.57729825136612,164
"160",2015,2,7.75,24,8.1,7.45384615384615,8.25,8.125,7.675,11,13,2,4,20,2540,1466,1074,243,690,1850,7.54901803149606,8.13943383356071,6.74310595903165,6.89670781893004,7.47036231884058,7.57835448648648,165
"161",2015,3,7.17105263157895,19,8.85714285714286,6.1875,NA,9.75,6.86764705882353,7,12,0,2,17,2559,1473,1086,243,692,1867,7.54621172332943,8.14284453496266,6.73696666666666,6.89670781893004,7.47695086705202,7.57188312801285,166
"162",2015,4,7.61363636363636,22,8.20833333333333,6.9,6,7.85714285714286,7.5,12,10,1,7,15,2581,1485,1096,244,699,1882,7.54678643936459,8.14337373737373,6.73845419708029,6.89303278688525,7.4807582260372,7.57131020191286,167
"163",2015,5,7.12142857142857,14,7.5,6.91111111111111,8,8.375,6.62,5,9,1,4,10,2595,1490,1105,245,703,1892,7.54449163776493,8.14121476510067,6.73986045248868,6.89755102040816,7.48584637268848,7.56628213530655,168
"164",2015,6,6.89473684210526,19,8.08333333333333,6.34615384615385,5.5,7.21428571428571,6.70833333333333,6,13,2,7,12,2614,1496,1118,247,710,1904,7.5397688599847,8.14098262032085,6.73528246869409,6.88623481781376,7.48316901408451,7.56087489495798,169
"165",2015,7,5.94444444444444,9,7.83333333333333,5,NA,5,6.0625,3,6,0,1,8,2623,1499,1124,247,711,1912,7.53429500571864,8.14036691127418,6.72601939501779,6.88623481781376,7.47967651195499,7.55460554393305,170
"166",2015,8,7.57647058823529,17,8.75714285714286,6.75,6.75,8.25,7.36923076923077,7,10,4,4,13,2640,1506,1134,251,715,1925,7.53456659090909,8.14323373173971,6.72623086419753,6.88406374501992,7.48398601398602,7.55335366233766,171
"167",2015,9,7.5,14,8.35714285714286,6.64285714285714,8,NA,7.5,7,7,1,0,14,2654,1513,1141,252,715,1939,7.5343842501884,8.14422339722406,6.72571936897458,6.88849206349206,7.48398601398602,7.55296843733883,172
"168",2015,10,7.68947368421053,19,7.56,7.83333333333333,9,5.3,7.97058823529412,10,9,1,2,17,2673,1523,1150,253,717,1956,7.53548664421998,8.14038739330269,6.73438765217391,6.89683794466403,7.4778940027894,7.55659805725971,173
"169",2015,11,6.940625,32,7.79166666666667,6.43,6.3,7,6.93448275862069,12,20,5,3,29,2705,1535,1170,258,720,1985,7.52844946395564,8.13766123778501,6.72918444444444,6.88527131782946,7.47590277777778,7.54750921914357,174
"170",2015,12,7.84210526315789,19,8.16666666666667,7.28571428571429,7.66666666666667,9,7.53333333333333,12,7,3,4,15,2724,1547,1177,261,724,2000,7.5306372246696,8.13788623141564,6.73249430756159,6.89425287356322,7.48432320441989,7.5474029,175
"171",2016,1,7.55434782608696,23,8.51923076923077,6.3,5.66666666666667,4,7.89285714285714,13,10,3,2,21,2747,1560,1187,264,726,2021,7.53083574808882,8.1410641025641,6.72885071609098,6.88030303030303,7.47472451790634,7.5509924789708,176
"172",2016,2,7.00769230769231,13,7.7625,5.8,NA,8,6.82727272727273,8,5,0,2,11,2760,1568,1192,264,728,2032,7.52837166666667,8.13913265306122,6.72495453020134,6.88030303030303,7.47616758241758,7.54707470472441,177
"173",2016,3,7.81578947368421,19,8.68181818181818,6.625,7.33333333333333,8,7.76666666666667,11,8,3,4,15,2779,1579,1200,267,732,2047,7.53033673983447,8.14291323622546,6.72428816666666,6.88539325842697,7.47903005464481,7.54868382999511,178
"174",2016,4,7.68148148148148,27,8.15833333333333,7.3,6.75,7.33333333333333,7.725,12,15,2,3,24,2806,1591,1215,269,735,2071,7.53179109052031,8.14302954116907,6.7313957201646,6.88438661710037,7.47843537414966,7.55072708836311,179
"175",2016,5,7.76,20,7.84615384615385,7.6,7,7,7.89411764705882,13,7,2,3,17,2826,1604,1222,271,738,2088,7.53340615711253,8.14062344139651,6.7363713584288,6.88523985239852,7.47649051490515,7.5535228927203,180
"176",2016,6,7.63888888888889,18,7.91666666666667,7.08333333333333,7.66666666666667,7.16666666666667,7.73333333333333,12,6,3,3,15,2844,1616,1228,274,741,2103,7.53407376933896,8.1389603960396,6.73806661237785,6.89379562043796,7.47523616734143,7.55480542082739,181
"177",2016,7,7.65714285714286,21,7.92857142857143,7.11428571428571,6.5,8,7.57647058823529,14,7,2,4,17,2865,1630,1235,276,745,2120,7.53497584642234,8.13715337423313,6.74019902834008,6.89094202898551,7.47805369127517,7.55497915094339,182
"178",2016,8,7.8125,24,8.65625,6.125,8,10,7.61363636363636,16,8,1,2,22,2889,1646,1243,277,747,2142,7.53728134302527,8.1421992709599,6.73623958165728,6.89494584837545,7.48480589022758,7.55558160597572,183
"179",2016,9,8.065625,16,8.255,7.75,7,6.33333333333333,8.46538461538461,10,6,1,3,13,2905,1656,1249,278,750,2155,7.5401913253012,8.14288043478261,6.74110952762209,6.89532374100719,7.4802,7.56106997679814,184
"180",2016,10,7.15714285714286,14,7.9,6.74444444444444,7,7.5,7.1,5,9,2,2,12,2919,1661,1258,280,752,2167,7.53835416238438,8.14214930764599,6.7411333863275,6.89607142857143,7.48025265957447,7.55851675126903,185
"181",2016,11,7.85714285714286,14,8.07142857142857,7.64285714285714,7.5,7.1,8.27777777777778,7,7,2,5,9,2933,1668,1265,282,757,2176,7.5398758267985,8.14185251798561,6.74612316205533,6.90035460992908,7.47774108322325,7.56149163602941,186
"182",2016,12,7.66842105263158,19,8.52222222222222,6.9,7.5,9,7.59444444444444,9,10,1,1,18,2952,1677,1275,283,758,2194,7.54070318428184,8.1438938580799,6.74733003921568,6.90247349823321,7.47974934036939,7.56176198723792,187
"183",2017,1,7.33333333333333,27,8.41666666666667,6.46666666666667,8,5.75,7.46,12,15,1,2,25,2979,1689,1290,284,760,2219,7.53882369922793,8.14583185316755,6.7440665116279,6.90633802816901,7.47519736842105,7.56061550247859,188
"184",2017,2,7.38333333333333,30,8.0125,6.66428571428571,6.5,7.66666666666667,7.3125,16,14,4,6,24,3009,1705,1304,288,766,2243,7.53727344632768,8.14458064516129,6.74320996932515,6.90069444444444,7.47669712793734,7.55796067766384,189
"185",2017,3,6.95454545454545,22,7.44444444444444,6.61538461538461,7.66666666666667,6.5,6.97619047619048,9,13,3,1,21,3031,1714,1317,291,767,2264,7.5330438139228,8.14090431738623,6.74194821564161,6.90859106529209,7.47542372881356,7.55256439929328,190
"186",2017,4,7.36842105263158,19,7.42857142857143,7.33333333333333,6.91666666666667,7.75,7.32352941176471,7,12,6,2,17,3050,1721,1329,297,769,2281,7.53201829508197,8.13800697269029,6.74728803611738,6.90875420875421,7.47613784135241,7.55085743095133,191
"187",2017,5,7.03181818181818,22,7.81818181818182,6.24545454545455,5.8,6,7.135,11,11,5,2,20,3072,1732,1340,302,771,2301,7.5284361328125,8.13597575057736,6.74316850746268,6.89039735099338,7.47230869001297,7.54724285093437,192
"188",2017,6,7.65384615384615,13,8.21428571428571,7,8,8.66666666666667,7.35,7,6,2,3,10,3085,1739,1346,304,774,2311,7.52896460291734,8.13629097182288,6.74431337295691,6.89769736842105,7.47693798449613,7.54638935525746,193
"189",2017,7,7.33333333333333,21,8.59090909090909,5.95,7,7.66666666666667,7.27777777777778,11,10,1,3,18,3106,1750,1356,305,777,2329,7.52764191886671,8.13914857142857,6.73845560471976,6.89803278688524,7.47767052767053,7.54431335337054,194
"190",2017,8,7.5258064516129,31,8.20588235294118,6.7,5.91666666666667,7,7.70869565217391,17,14,6,8,23,3137,1767,1370,311,785,2352,7.52762378068218,8.13979060554612,6.73806262773722,6.87909967845659,7.4728025477707,7.54592083333333,195
"191",2017,9,8.26190476190476,21,8.36666666666667,8,10,8,8.28947368421053,15,6,1,2,19,3158,1782,1376,312,787,2371,7.53250658644712,8.14170033670034,6.7435652616279,6.88910256410256,7.47414231257942,7.55187929143821,196
"192",2017,10,7.67727272727273,22,8.19333333333333,6.57142857142857,7.33333333333333,8,7.60555555555556,15,7,3,4,18,3180,1797,1383,315,791,2389,7.53350811320755,8.14213132999443,6.74269399855386,6.89333333333333,7.47680151706701,7.55228371703642,197
"193",2017,11,7.28571428571429,21,8.20833333333333,6.05555555555556,5,5.66666666666667,7.55555555555556,12,9,2,3,18,3201,1809,1392,317,794,2407,7.5318824742268,8.14257048092869,6.73825129310344,6.8813880126183,7.46996221662469,7.55230818446198,198
"194",2017,12,7,17,8.08333333333333,4.4,6,5.5,7.2,12,5,1,2,15,3218,1821,1397,318,796,2422,7.52907265382225,8.14218012081274,6.72988246241947,6.87861635220126,7.46501256281407,7.55012625928984,199
"195",2018,1,7.2375,16,8.13636363636364,5.26,NA,7,7.29230769230769,11,5,0,3,13,3234,1832,1402,318,799,2435,7.52763011750155,8.14214519650655,6.72464037089871,6.87861635220126,7.46326658322904,7.54874981519507,200
"196",2018,2,8.01875,16,8.53,7.16666666666667,NA,8,8.02,10,6,0,1,15,3250,1842,1408,318,800,2450,7.53004793846154,8.14425081433224,6.72652400568181,6.87861635220126,7.4639375,7.55163502040816,201
"197",2018,3,7.408,25,8.64666666666667,5.55,6.5,8.33333333333333,7.28181818181818,15,10,2,3,22,3275,1857,1418,320,803,2472,7.52911627480916,8.14830910070005,6.71822693935119,6.87625,7.46718555417186,7.54923373786408,202
"198",2018,4,7.88888888888889,9,8.75,7.2,NA,7.66666666666667,8,4,5,0,3,6,3284,1861,1423,320,806,2478,7.53010225334957,8.14960236432025,6.71991974701335,6.87625,7.46792803970223,7.55032518159806,203
"199",2018,5,7,14,7.85714285714286,6.14285714285714,7.5,7,7,7,7,2,4,10,3298,1868,1430,322,810,2488,7.52785197089145,8.14850642398287,6.71709496503496,6.88012422360248,7.46561728395062,7.54811326366559,204
"200",2018,6,8.68641,13,8.792333,8.33333333333333,7,9.27666666666667,8.509333,10,3,1,3,10,3311,1878,1433,323,813,2498,7.53240082452431,8.15193468051118,6.72047857641312,6.88049535603715,7.47230012300123,7.55196122097678,205
"201",2018,7,8.52941176470588,17,8.45454545454546,8.66666666666667,8,9,8.5,11,6,1,1,16,3328,1889,1439,324,814,2514,7.53749372896635,8.15369683959767,6.72859332870048,6.88395061728395,7.47417690417691,7.55799488066826,206
"202",2018,8,6.94705882352941,17,7.94285714285714,6.25,8.375,9,6.81875,7,10,4,1,16,3345,1896,1449,328,815,2530,7.53449301345292,8.15291842299578,6.72529040717736,6.90213414634146,7.4760490797546,7.55331981422925,207
"203",2018,9,7.83529411764706,17,8.38181818181818,6.83333333333333,8,8.33333333333333,7.72857142857143,11,6,1,3,14,3362,1907,1455,329,818,2544,7.5360140184414,8.15423876769795,6.72573594501718,6.90547112462006,7.47919315403423,7.55428424921383,208
"204",2018,10,8.11052631578947,19,8.48571428571429,7.06,7.65,10,8.00555555555556,14,5,2,1,18,3381,1921,1460,331,819,2562,7.53924257024549,8.15665451847996,6.7268806849315,6.90996978851964,7.48227106227106,7.55745477361436,209
"205",2018,11,7.82425,20,8.17272727272727,7.39833333333333,6.375,8.98,7.439,11,9,4,5,15,3401,1932,1469,335,824,2577,7.54091859159071,8.1567460300207,6.7309944179714,6.90358208955224,7.49135922330097,7.55676528133488,210
"206",2018,12,7.32869565217391,23,7.69066666666667,6.65,NA,7.73333333333333,7.268,15,8,0,3,20,3424,1947,1477,335,827,2597,7.5394930286215,8.15315527991782,6.73055572105619,6.90358208955224,7.49223700120919,7.55454144397381,211
"207",2019,1,8.40909090909091,22,8.57894736842105,7.33333333333333,5,8.125,8.47222222222222,19,3,1,4,18,3446,1966,1480,336,831,2615,7.54504472721997,8.15727025940997,6.73177756756756,6.89791666666667,7.49528279181709,7.56085817590822,212
"208",2019,2,7.35588235294118,17,8.055,6.35714285714286,7,7.61666666666667,7.3,10,7,3,3,14,3463,1976,1487,339,834,2629,7.54411612185966,8.15675269736842,6.73001398789509,6.89882005899705,7.49571942446043,7.55946904906808,213
"209",2019,3,7.13846153846154,13,9,5.54285714285714,6.45,6.76,7.375,6,7,4,5,8,3476,1982,1494,343,839,2637,7.54259900172612,8.15930541372351,6.7244516733601,6.8935860058309,7.49133492252682,7.55890941600303,214
"210",2019,4,7.96666666666667,15,8.35,7.2,8,6.83333333333333,8.25,10,5,1,3,12,3491,1992,1499,344,842,2649,7.54442112002292,8.16026271586345,6.72603789192795,6.8968023255814,7.48899049881235,7.56204006417516,215
"211",2019,5,6.95,10,8.33333333333333,6.35714285714286,9,9,6.72222222222222,3,7,1,1,9,3501,1995,1506,345,843,2658,7.54272325906884,8.16052297243107,6.72432324037184,6.90289855072464,7.49078291814947,7.5591964371708,216
"212",2019,6,7.38571428571429,14,7.66666666666667,6.88,5,7.33333333333333,7.4,9,5,2,3,11,3515,2004,1511,347,846,2669,7.54209790327169,8.15830505489022,6.72483838517538,6.89193083573487,7.49022458628842,7.55854032596478,217
"213",2019,7,7.60769230769231,13,8.05714285714286,7.08333333333333,6,NA,7.60769230769231,7,6,1,0,13,3528,2011,1517,348,846,2682,7.54233960600907,8.15795292391844,6.7262562953197,6.88936781609195,7.49022458628842,7.55877857196122,218
"214",2019,8,7.90909090909091,11,8.33333333333333,7.4,7.33333333333333,7.33333333333333,8.125,6,5,3,3,8,3539,2017,1522,351,849,2690,7.54347955072054,8.15847463063956,6.72846964520367,6.89316239316239,7.48967020023557,7.56046250185874,219
"215",2019,9,7.23913043478261,23,8.25,6.13636363636364,8,7.25,7.23684210526316,12,11,2,4,19,3562,2029,1533,353,853,2709,7.54151435429534,8.15901593395761,6.72422100456621,6.89943342776204,7.48854630715123,7.55819273901809,220
"216",2019,10,6.46666666666667,15,7.125,5.71428571428571,6,5.33333333333333,6.75,8,7,2,3,12,3577,2037,1540,355,856,2721,7.53700702544031,8.15495499754541,6.71963038961038,6.8943661971831,7.48099299065421,7.55462849320103,221
"217",2019,11,7.625,12,7.625,7.625,7.66666666666667,9.25,7.3,8,4,3,2,10,3589,2045,1544,358,858,2731,7.53730123432711,8.15288182396088,6.72197590673575,6.90083798882682,7.48511655011655,7.55369612962285,222
"218",2019,12,7.41666666666667,18,7.875,7.05,NA,6.66666666666667,7.56666666666667,8,10,0,3,15,3607,2053,1554,358,861,2746,7.53669923204879,8.15179899171943,6.72408674388674,6.90083798882682,7.48226480836237,7.55376698106336,223
"219",2020,1,7.09484142857143,28,7.40292421052632,6.44444444444444,6,6.41666666666667,7.27979818181818,19,9,1,6,22,3635,2072,1563,359,867,2768,7.53329565061898,8.14493189671814,6.72247651951375,6.8983286908078,7.47489042675894,7.5515894833815,224
"220",2020,2,6.95714285714286,14,7.1875,6.65,6,7.1,6.87777777777778,8,6,2,5,9,3649,2080,1569,361,872,2777,7.53108514387504,8.14124946634615,6.72219936265136,6.89335180055402,7.47274082568808,7.54940572200216,225
"221",2020,3,7.345625,16,8.11111111111111,6.36142857142857,6,8.5,6.96083333333333,9,7,2,4,12,3665,2089,1576,363,876,2789,7.5302754952251,8.14111962182862,6.72059695431472,6.88842975206612,7.47743150684932,7.54687332018645,226
"222",2020,4,7.87142857142857,14,8.66666666666667,6.44,8,9,7.56363636363636,9,5,2,3,11,3679,2098,1581,365,879,2800,7.53157371296548,8.14337411344137,6.71970955091714,6.89452054794521,7.48262798634812,7.546939175,227
"223",2020,5,8.05,10,9.375,7.16666666666667,6,NA,8.05,4,6,1,0,10,3689,2102,1587,366,879,2810,7.53297904310111,8.14571783539486,6.72139936988027,6.89207650273224,7.48262798634812,7.54872942704626,228
"224",2020,6,6.5,6,8.5,5.5,7,7.5,6,2,4,2,2,4,3695,2104,1591,368,881,2814,7.53130167523681,8.1460546055133,6.7183285983658,6.89266304347826,7.48266742338252,7.54652796375266,229
"225",2020,7,7.40769230769231,13,8.2,6.9125,6.43333333333333,7.71666666666667,7.14285714285714,5,8,3,6,7,3708,2109,1599,371,887,2821,7.53086830906149,8.1461824988146,6.71930006253908,6.888948787062,7.48425028184893,7.54552629918469,230
"226",2020,8,7.17391304347826,23,7.5,6.92307692307692,7.16666666666667,7.8,7,10,13,6,5,18,3731,2119,1612,377,892,2839,7.52866783436076,8.143133029731,6.72094342431761,6.89336870026525,7.4860201793722,7.54206752025361,231
"227",2020,9,7.87066666666667,15,8.15846153846154,6,NA,7.5,7.92769230769231,13,2,0,2,13,3746,2132,1614,377,894,2852,7.53003729044314,8.14322649624765,6.72005006195786,6.89336870026525,7.4860514541387,7.5438252769986,232
"228",2020,10,8.64285714285714,7,8.625,8.66666666666667,8,10,8.41666666666667,4,3,1,1,6,3753,2136,1617,378,895,2858,7.53211289368505,8.14412869382022,6.7236615955473,6.8962962962963,7.48886033519553,7.54565769419174,233
"229",2020,11,7.2,17,8.37777777777778,5.875,6,6.875,7.3,9,8,2,4,13,3770,2145,1625,380,899,2871,7.53061530238727,8.14510903962704,6.71948356923076,6.89157894736842,7.48612903225807,7.54454534656914,234
"230",2020,12,6.85714285714286,7,7,6.75,4.5,8,6.66666666666667,3,4,2,1,6,3777,2148,1629,382,900,2877,7.52936714058777,8.14350972532588,6.71955850214855,6.87905759162304,7.4867,7.54271452554744,235
"231",2021,1,7.99375,16,8.35,7.4,8,7.5,8.06428571428571,10,6,1,2,14,3793,2158,1635,383,902,2891,7.53132604534669,8.14446658480074,6.72205553516819,6.88198433420366,7.48672949002217,7.54524029401591,236
"232",2021,2,6.83333333333333,9,7.75,5,4,7.75,6.57142857142857,6,3,1,2,7,3802,2164,1638,384,904,2898,7.5296737743293,8.14337286968576,6.71890158730158,6.87447916666667,7.48731194690266,7.54288809178744,237
"233",2021,3,8.375,16,8.81818181818182,7.4,NA,9,8.16666666666667,11,5,0,4,12,3818,2175,1643,384,908,2910,7.53321626244107,8.14678569655172,6.72097431527693,6.87447916666667,7.49397577092511,7.54546037457045,238
"234",2021,4,7.6,23,8.25,6.11428571428571,4,7.16666666666667,7.75294117647059,16,7,2,6,17,3841,2191,1650,386,914,2927,7.53361616506118,8.14753942948425,6.71840048484848,6.85958549222798,7.49182713347921,7.54666542193372,239
"235",2021,5,7.21428571428571,14,8,6.625,5,8.16666666666667,6.95454545454545,6,8,2,3,11,3855,2197,1658,388,917,2938,7.53245646952011,8.14713649977241,6.7179498190591,6.85,7.49403489640131,7.5444484989789,240
"236",2021,6,6.375,8,7,5.75,5,5,6.83333333333333,4,4,2,2,6,3863,2201,1662,390,919,2944,7.53005945896971,8.14505174466152,6.71562021660649,6.84051282051282,7.48860718171926,7.54299921535326,241
"237",2021,7,7.57142857142857,7,8.25,6.66666666666667,8,5,8,4,3,1,1,6,3870,2205,1665,391,920,2950,7.53013428682171,8.14524212698412,6.71553201201201,6.84347826086957,7.48590217391305,7.54392870847458,242
"238",2021,8,7.625,12,8.41666666666667,6.83333333333333,8,7.4,7.78571428571429,6,6,1,5,7,3882,2211,1671,392,925,2957,7.53042753477589,8.14597869289914,6.71595499700777,6.84642857142857,7.48543783783784,7.54450107879608,243
"239",2021,9,7.88888888888889,9,7.5,8.66666666666667,8,7.75,8,6,3,1,4,5,3891,2217,1674,393,929,2962,7.53125666666667,8.14423044203879,6.71945089605734,6.84936386768448,7.48657696447794,7.54526998311951,244
"240",2021,10,8.160625,16,8.457,7.66666666666667,8,8,8.18357142857143,10,6,1,2,14,3907,2227,1680,394,931,2976,7.53383406449962,8.14563488549618,6.7228338095238,6.85228426395939,7.48767991407089,7.5482727452957,245
"241",2021,11,7.30470588235294,17,7.52,7.0625,7.75,7.375,7.28307692307692,9,8,2,4,13,3924,2236,1688,396,935,2989,7.53284140927625,8.14311667710196,6.72444360189573,6.85681818181818,7.48719786096257,7.54711933422549,246
"242",2021,12,8.29166666666667,12,8.3125,8.25,9,NA,8.29166666666667,8,4,2,0,12,3936,2244,1692,398,935,3001,7.53515490091464,8.14372053921568,6.7280501182033,6.86758793969849,7.48719786096257,7.55009653115628,247
"243",2022,1,7.61866666666667,15,8.58,6.97777777777778,6,6.5,7.79076923076923,6,9,2,2,13,3951,2250,1701,400,937,3014,7.53547195393571,8.14488395111111,6.72937142857142,6.86325,7.48509071504803,7.551134601858,248
"244",2022,2,8.26666666666667,15,8.2,8.4,8,9.5,8.07692307692308,10,5,1,2,13,3966,2260,1706,401,939,3027,7.53823744074635,8.14512782743363,6.73426776084407,6.86608478802993,7.48938232161874,7.55339269573835,249
"245",2022,3,7.38518555555556,9,7.193334,7.625,NA,NA,7.38518555555556,5,4,0,0,9,3975,2265,1710,401,939,3036,7.5378909081761,8.14302673730684,6.73635134502923,6.86608478802993,7.48938232161874,7.55289405797101,250
"246",2022,4,7.77692307692308,13,7.87142857142857,7.66666666666667,5.75,7.75,7.78888888888889,7,6,2,4,9,3988,2272,1716,403,943,3045,7.5386701003009,8.1421899471831,6.73960419580419,6.8605459057072,7.49048780487805,7.55359157963875,251
"247",2022,5,7.25,10,8.25,5.75,7,5.83333333333333,7.85714285714286,6,4,1,3,7,3998,2278,1720,404,946,3052,7.53794806403202,8.14247390693591,6.73730279069767,6.86089108910891,7.48523255813954,7.55428779816514,252
"248",2022,6,6.47142857142857,7,5.8875,7.25,NA,5.58333333333333,7.1375,4,3,0,3,4,4005,2282,1723,404,949,3056,7.53608398501873,8.13852127957932,6.73819547301218,6.86089108910891,7.47922023182297,7.55374226439791,253
"249",2022,7,8.73285714285714,14,8.7825,8.66666666666667,8.25,8.75,8.726,8,6,2,4,10,4019,2290,1729,406,953,3066,7.5402528887783,8.14077098689956,6.74488768074031,6.86773399014778,7.48455403987408,7.55756567514677,254
"250",2022,8,7.89347826086957,23,7.61538461538461,8.255,7,7.75,7.90714285714286,13,10,1,2,21,4042,2303,1739,407,955,3087,7.54226283028204,8.13780528006947,6.75357147786083,6.86805896805897,7.48510994764398,7.55994375121477,255
"251",2022,9,6.95916666666667,12,8.13,5.32,NA,7,6.95545454545455,7,5,0,1,11,4054,2310,1744,407,956,3098,7.54053684262457,8.13778162770562,6.7494614678899,6.86805896805897,7.48460251046025,7.55779740477727,256
"252",2022,10,7.08888888888889,18,8.05,5.16666666666667,NA,6.9,7.16153846153846,12,6,0,5,13,4072,2322,1750,407,961,3111,7.53854036345776,8.13732797588286,6.74403474285714,6.86805896805897,7.48156087408949,7.55614154934105,257
"253",2022,11,6.86363636363636,22,7.425,6.19,7.4,6,6.90476190476191,12,10,1,1,21,4094,2334,1760,408,962,3132,7.53491361993161,8.13366562125107,6.74088681818181,6.86936274509804,7.48002079002079,7.55177406130268,258
"254",2022,12,7.66666666666667,12,8.0625,6.875,4,8,7.63636363636364,8,4,1,1,11,4106,2342,1764,409,963,3143,7.5352986751096,8.13342252775405,6.74119092970521,6.86234718826406,7.48056074766355,7.55207011135857,259
