"","year","month","avg_rating","no_ratings","avg_rating_owned","avg_rating_not_owned","avg_rating_prev_owned","avg_rating_comment","avg_rating_no_comment","no_ratings_owned","no_ratings_not_owned","no_ratings_prev_owned","no_ratings_comment","no_ratings_no_comment","cum_no_ratings","cum_no_ratings_owned","cum_no_ratings_not_owned","cum_no_ratings_prev_owned","cum_no_ratings_comment","cum_no_ratings_no_comment","cum_avg_rating","cum_avg_rating_owned","cum_avg_rating_not_owned","cum_avg_rating_prev_owned","cum_avg_rating_comment","cum_avg_rating_no_comment","month_after_release"
"1",2001,6,6,2,6,NA,NA,NA,6,2,0,0,0,2,2,2,0,0,0,2,6,6,NA,NA,NA,6,0
"2",2001,7,2,1,NA,2,NA,NA,2,0,1,0,0,1,3,2,1,0,0,3,4.66666666666667,6,2,NA,NA,4.66666666666667,1
"3",2001,8,7,2,7,NA,NA,NA,7,2,0,0,0,2,5,4,1,0,0,5,5.6,6.5,2,NA,NA,5.6,2
"4",2001,9,7,1,7,NA,NA,NA,7,1,0,0,0,1,6,5,1,0,0,6,5.83333333333333,6.6,2,NA,NA,5.83333333333333,3
"5",2001,10,7.5,2,7.5,NA,NA,7,8,2,0,0,1,1,8,7,1,0,1,7,6.25,6.85714285714286,2,NA,7,6.14285714285714,4
"6",2001,11,8,1,8,NA,NA,NA,8,1,0,0,0,1,9,8,1,0,1,8,6.44444444444444,7,2,NA,7,6.375,5
"7",2001,12,4.5,2,2,7,NA,2,7,1,1,0,1,1,11,9,2,0,2,9,6.09090909090909,6.44444444444444,4.5,NA,4.5,6.44444444444444,6
"8",2002,2,5,2,5,NA,NA,4,6,2,0,0,1,1,13,11,2,0,3,10,5.92307692307692,6.18181818181818,4.5,NA,4.33333333333333,6.4,8
"9",2002,5,4,2,2,6,NA,NA,4,1,1,0,0,2,15,12,3,0,3,12,5.66666666666667,5.83333333333333,5,NA,4.33333333333333,6,11
"10",2002,6,4.5,2,4.5,NA,NA,NA,4.5,2,0,0,0,2,17,14,3,0,3,14,5.52941176470588,5.64285714285714,5,NA,4.33333333333333,5.78571428571429,12
"11",2002,7,6,3,NA,6,6,6.5,5,0,3,2,2,1,20,14,6,2,5,15,5.6,5.64285714285714,5.5,6,5.2,5.73333333333333,13
"12",2002,8,5,1,NA,5,NA,NA,5,0,1,0,0,1,21,14,7,2,5,16,5.57142857142857,5.64285714285714,5.42857142857143,6,5.2,5.6875,14
"13",2002,9,6.33333333333333,3,6.33333333333333,NA,NA,7,6,3,0,0,1,2,24,17,7,2,6,18,5.66666666666667,5.76470588235294,5.42857142857143,6,5.5,5.72222222222222,15
"14",2002,10,6,1,6,NA,NA,6,NA,1,0,0,1,0,25,18,7,2,7,18,5.68,5.77777777777778,5.42857142857143,6,5.57142857142857,5.72222222222222,16
"15",2002,11,5.5,2,5.5,NA,NA,NA,5.5,2,0,0,0,2,27,20,7,2,7,20,5.66666666666667,5.75,5.42857142857143,6,5.57142857142857,5.7,17
"16",2002,12,6,1,6,NA,NA,6,NA,1,0,0,1,0,28,21,7,2,8,20,5.67857142857143,5.76190476190476,5.42857142857143,6,5.625,5.7,18
"17",2003,1,5.5,2,7,4,NA,NA,5.5,1,1,0,0,2,30,22,8,2,8,22,5.66666666666667,5.81818181818182,5.25,6,5.625,5.68181818181818,19
"18",2003,2,6.33333333333333,3,6.33333333333333,NA,NA,NA,6.33333333333333,3,0,0,0,3,33,25,8,2,8,25,5.72727272727273,5.88,5.25,6,5.625,5.76,20
"19",2003,3,6.5,4,6.5,NA,NA,9,5.66666666666667,4,0,0,1,3,37,29,8,2,9,28,5.81081081081081,5.96551724137931,5.25,6,6,5.75,21
"20",2003,4,6,1,6,NA,NA,NA,6,1,0,0,0,1,38,30,8,2,9,29,5.81578947368421,5.96666666666667,5.25,6,6,5.75862068965517,22
"21",2003,5,5.2,5,5,5.5,NA,6,4.66666666666667,3,2,0,2,3,43,33,10,2,11,32,5.74418604651163,5.87878787878788,5.3,6,6,5.65625,23
"22",2003,6,7,3,7.5,6,NA,6,7.5,2,1,0,1,2,46,35,11,2,12,34,5.82608695652174,5.97142857142857,5.36363636363636,6,6,5.76470588235294,24
"23",2003,7,6.22142857142857,14,6.5125,5.83333333333333,5,6.85,5.75,8,6,1,6,8,60,43,17,3,18,42,5.91833333333333,6.07209302325581,5.52941176470588,5.66666666666667,6.28333333333333,5.76190476190476,25
"24",2003,8,5.92857142857143,7,6.625,5,NA,5.5,6.1,4,3,0,2,5,67,47,20,3,20,47,5.91940298507463,6.11914893617021,5.45,5.66666666666667,6.205,5.79787234042553,26
"25",2003,9,4,3,5,3.5,NA,5,3.5,1,2,0,1,2,70,48,22,3,21,49,5.83714285714286,6.09583333333333,5.27272727272727,5.66666666666667,6.14761904761905,5.70408163265306,27
"26",2003,10,5.33333333333333,3,6.5,3,NA,3,6.5,2,1,0,1,2,73,50,23,3,22,51,5.81643835616438,6.112,5.17391304347826,5.66666666666667,6.00454545454545,5.73529411764706,28
"27",2003,11,7.625,4,7.625,NA,NA,8.75,6.5,4,0,0,2,2,77,54,23,3,24,53,5.91038961038961,6.22407407407407,5.17391304347826,5.66666666666667,6.23333333333333,5.76415094339623,29
"28",2003,12,5.33333333333333,6,5,5.66666666666667,NA,5.66666666666667,5,3,3,0,3,3,83,57,26,3,27,56,5.86867469879518,6.15964912280702,5.23076923076923,5.66666666666667,6.17037037037037,5.72321428571429,30
"29",2004,1,7.25,4,7.66666666666667,6,NA,7.5,7,3,1,0,2,2,87,60,27,3,29,58,5.93218390804598,6.235,5.25925925925926,5.66666666666667,6.26206896551724,5.76724137931035,31
"30",2004,2,7.75,4,7.75,NA,NA,8,7,4,0,0,3,1,91,64,27,3,32,59,6.01208791208791,6.3296875,5.25925925925926,5.66666666666667,6.425,5.78813559322034,32
"31",2004,3,5.9,5,5.75,6.5,NA,NA,5.9,4,1,0,0,5,96,68,28,3,32,64,6.00625,6.29558823529412,5.30357142857143,5.66666666666667,6.425,5.796875,33
"32",2004,4,6.4,5,6.4,NA,NA,9,5.75,5,0,0,1,4,101,73,28,3,33,68,6.02574257425742,6.3027397260274,5.30357142857143,5.66666666666667,6.5030303030303,5.79411764705882,34
"33",2004,5,5.16666666666667,6,4.75,6,NA,5,5.5,4,2,0,4,2,107,77,30,3,37,70,5.97757009345794,6.22207792207792,5.35,5.66666666666667,6.34054054054054,5.78571428571429,35
"34",2004,6,5.57142857142857,7,6.25,4.66666666666667,NA,7,5,4,3,0,2,5,114,81,33,3,39,75,5.95263157894737,6.22345679012346,5.28787878787879,5.66666666666667,6.37435897435897,5.73333333333333,36
"35",2004,7,7,5,7,NA,NA,7,7,5,0,0,4,1,119,86,33,3,43,76,5.99663865546218,6.26860465116279,5.28787878787879,5.66666666666667,6.43255813953488,5.75,37
"36",2004,8,5.4,5,5.25,6,NA,3,6,4,1,0,1,4,124,90,34,3,44,80,5.97258064516129,6.22333333333333,5.30882352941176,5.66666666666667,6.35454545454546,5.7625,38
"37",2004,9,5.83333333333333,6,5.75,6,NA,6.33333333333333,5.33333333333333,4,2,0,3,3,130,94,36,3,47,83,5.96615384615385,6.2031914893617,5.34722222222222,5.66666666666667,6.3531914893617,5.74698795180723,39
"38",2004,10,5.875,4,6.75,5,4,4,6.5,2,2,1,1,3,134,96,38,4,48,86,5.9634328358209,6.21458333333333,5.32894736842105,5.25,6.30416666666667,5.77325581395349,40
"39",2004,11,6.92857142857143,7,6.75,8,NA,6.66666666666667,7.125,6,1,0,3,4,141,102,39,4,51,90,6.0113475177305,6.24607843137255,5.3974358974359,5.25,6.32549019607843,5.83333333333333,41
"40",2004,12,4.66666666666667,6,4.4,6,NA,5,4,5,1,0,4,2,147,107,40,4,55,92,5.95646258503401,6.15981308411215,5.4125,5.25,6.22909090909091,5.79347826086957,42
"41",2005,1,6.20769230769231,13,6.54545454545455,4.35,3.7,5.425,6.55555555555556,11,2,1,4,9,160,118,42,5,59,101,5.976875,6.19576271186441,5.36190476190476,4.94,6.17457627118644,5.86138613861386,43
"42",2005,2,5.5,4,5.66666666666667,5,NA,6,5,3,1,0,2,2,164,121,43,5,61,103,5.96524390243902,6.18264462809917,5.35348837209302,4.94,6.16885245901639,5.84466019417476,44
"43",2005,3,5.05,10,5.14285714285714,4.83333333333333,4.5,4.83333333333333,5.14285714285714,7,3,2,3,7,174,128,46,7,64,110,5.91264367816092,6.12578125,5.3195652173913,4.81428571428571,6.10625,5.8,45
"44",2005,4,5.66666666666667,9,5.66666666666667,NA,NA,6,5,9,0,0,6,3,183,137,46,7,70,113,5.90054644808743,6.0956204379562,5.3195652173913,4.81428571428571,6.09714285714286,5.7787610619469,46
"45",2005,5,5.86666666666667,6,5.8,6,7,6.06666666666667,5.66666666666667,4,2,1,3,3,189,141,48,8,73,116,5.8994708994709,6.08723404255319,5.34791666666667,5.0875,6.0958904109589,5.77586206896552,47
"46",2005,6,5.70909090909091,11,6.03333333333333,4.25,5,5.43333333333333,5.8125,9,2,1,3,8,200,150,50,9,76,124,5.889,6.084,5.304,5.07777777777778,6.06973684210526,5.77822580645161,48
"47",2005,7,6.0625,8,5.9,6.33333333333333,6,6.125,6,5,3,1,4,4,208,155,53,10,80,128,5.89567307692308,6.07806451612903,5.3622641509434,5.17,6.0725,5.78515625,49
"48",2005,8,5.4,10,5.8,5,5,6.33333333333333,5,5,5,1,3,7,218,160,58,11,83,135,5.87293577981651,6.069375,5.33103448275862,5.15454545454546,6.08192771084337,5.74444444444444,50
"49",2005,9,6.30769230769231,13,6.58333333333333,3,NA,6.71428571428571,5.83333333333333,12,1,0,7,6,231,172,59,11,90,141,5.8974025974026,6.10523255813953,5.29152542372881,5.15454545454546,6.13111111111111,5.74822695035461,51
"50",2005,10,5.64285714285714,14,5.7,5.5,6,5.28571428571429,6,10,4,1,7,7,245,182,63,12,97,148,5.88285714285714,6.08296703296703,5.3047619047619,5.225,6.0701030927835,5.76013513513514,52
"51",2005,11,5.55769230769231,13,5.33888888888889,6.05,5,5.44,5.63125,9,4,2,5,8,258,191,67,14,102,156,5.86647286821705,6.0479057591623,5.34925373134328,5.19285714285714,6.03921568627451,5.75352564102564,53
"52",2005,12,5.60714285714286,14,5.92857142857143,5.28571428571429,NA,8,4.95454545454545,7,7,0,3,11,272,198,74,14,105,167,5.853125,6.04368686868687,5.34324324324324,5.19285714285714,6.09523809523809,5.70089820359281,54
"53",2006,1,6.02777777777778,18,6.26923076923077,5.4,5,6.28571428571429,5.86363636363636,13,5,2,7,11,290,211,79,16,112,178,5.86396551724138,6.05758293838862,5.34683544303797,5.16875,6.10714285714286,5.71095505617977,55
"54",2006,2,5.6,15,5.8,5.2,6,5.81818181818182,5,10,5,1,11,4,305,221,84,17,123,182,5.85098360655738,6.04592760180995,5.33809523809524,5.21764705882353,6.08130081300813,5.69532967032967,56
"55",2006,3,5.57142857142857,7,5.8,5,NA,6,5.4,5,2,0,2,5,312,226,86,17,125,187,5.84471153846154,6.04048672566372,5.33023255813953,5.21764705882353,6.08,5.68743315508021,57
"56",2006,4,5.33333333333333,6,5.5,5.16666666666667,4.5,5.16666666666667,5.5,3,3,2,3,3,318,229,89,19,128,190,5.83506289308176,6.03340611353712,5.32471910112359,5.14210526315789,6.05859375,5.68447368421053,58
"57",2006,5,6.5,6,6,7.5,NA,5,7.25,4,2,0,2,4,324,233,91,19,130,194,5.84737654320988,6.03283261802575,5.37252747252747,5.14210526315789,6.04230769230769,5.71675257731959,59
"58",2006,6,5.44444444444444,9,5.16666666666667,6,6,6,5.28571428571429,6,3,1,2,7,333,239,94,20,132,201,5.83648648648649,6.01108786610879,5.39255319148936,5.185,6.04166666666667,5.70174129353234,60
"59",2006,7,5.75,12,6.22222222222222,4.33333333333333,4,7,5.5,9,3,1,2,10,345,248,97,21,134,211,5.83347826086957,6.01875,5.35979381443299,5.12857142857143,6.05597014925373,5.69218009478673,61
"60",2006,8,6.66666666666667,9,6.625,7,7,6.75,6.6,8,1,1,4,5,354,256,98,22,138,216,5.85466101694915,6.0376953125,5.3765306122449,5.21363636363636,6.07608695652174,5.71319444444444,62
"61",2006,9,6.32142857142857,7,6.0625,6.66666666666667,7.5,NA,6.32142857142857,4,3,2,0,7,361,260,101,24,138,223,5.86371191135734,6.03807692307692,5.41485148514851,5.40416666666667,6.07608695652174,5.73228699551569,63
"62",2006,10,6.25,4,6.25,NA,NA,6.5,6,4,0,0,2,2,365,264,101,24,140,225,5.86794520547945,6.04128787878788,5.41485148514851,5.40416666666667,6.08214285714286,5.73466666666667,64
"63",2006,11,6.125,12,6.22727272727273,5,NA,6.1875,6,11,1,0,8,4,377,275,102,24,148,229,5.87612732095491,6.04872727272727,5.41078431372549,5.40416666666667,6.08783783783784,5.73930131004367,65
"64",2006,12,6.31818181818182,11,6.25,7,NA,6.33333333333333,6.3125,10,1,0,3,8,388,285,103,24,151,237,5.88865979381443,6.05578947368421,5.42621359223301,5.40416666666667,6.09271523178808,5.75864978902953,66
"65",2007,1,5.6,20,5.82352941176471,4.33333333333333,3,4.83333333333333,5.92857142857143,17,3,1,6,14,408,302,106,25,157,251,5.87450980392157,6.04271523178808,5.39528301886792,5.308,6.04458598726115,5.76812749003984,67
"66",2007,2,5.75,14,5.9,5.375,6,6,5.65,10,4,1,4,10,422,312,110,26,161,261,5.87037914691943,6.03814102564102,5.39454545454545,5.33461538461538,6.04347826086957,5.76360153256705,68
"67",2007,3,4.9,10,4.91666666666667,4.875,4.83333333333333,5.75,4.6875,6,4,3,2,8,432,318,114,29,163,269,5.84791666666667,6.01698113207547,5.37631578947368,5.28275862068965,6.0398773006135,5.73159851301115,69
"68",2007,4,6.16666666666667,12,6.42857142857143,5.8,NA,5.75,6.375,7,5,0,4,8,444,325,119,29,167,277,5.85653153153153,6.02584615384615,5.39411764705882,5.28275862068965,6.03293413173653,5.75018050541516,70
"69",2007,5,5.16666666666667,15,5.72222222222222,4.33333333333333,4.5,5.91666666666667,4.66666666666667,9,6,2,6,9,459,334,125,31,173,286,5.83398692810458,6.01766467065868,5.3432,5.23225806451613,6.02890173410405,5.71608391608391,71
"70",2007,6,6.16666666666667,6,6,7,NA,7,5.75,5,1,0,2,4,465,339,126,31,175,290,5.83827956989247,6.01740412979351,5.35634920634921,5.23225806451613,6.04,5.71655172413793,72
"71",2007,7,5.525,10,5.78125,4.5,NA,6.125,5.375,8,2,0,2,8,475,347,128,31,177,298,5.83168421052632,6.01195965417867,5.34296875,5.23225806451613,6.0409604519774,5.70738255033557,73
"72",2007,8,5.2,10,5.66666666666667,4.5,NA,4,5.5,6,4,0,2,8,485,353,132,31,179,306,5.81865979381443,6.00609065155807,5.31742424242424,5.23225806451613,6.01815642458101,5.70196078431373,74
"73",2007,9,6,16,6.15,5.75,6.75,5.42857142857143,6.44444444444444,10,6,2,7,9,501,363,138,33,186,315,5.82445109780439,6.01005509641873,5.33623188405797,5.32424242424242,5.99596774193548,5.7231746031746,75
"74",2007,10,5.91176470588235,17,6.27777777777778,5.5,3,6.2,5.79166666666667,9,8,1,5,12,518,372,146,34,191,327,5.8273166023166,6.01653225806452,5.34520547945205,5.25588235294118,6.00130890052356,5.7256880733945,76
"75",2007,11,5.75,16,6,5,NA,5.58333333333333,5.85,12,4,0,6,10,534,384,150,34,197,337,5.825,6.016015625,5.336,5.25588235294118,5.98857868020305,5.72937685459941,77
"76",2007,12,5.88636363636364,22,6.43333333333333,4.71428571428571,5.33333333333333,6.3,5.76470588235294,15,7,3,5,17,556,399,157,37,202,354,5.82742805755396,6.03170426065163,5.30828025477707,5.26216216216216,5.99628712871287,5.73107344632768,78
"77",2008,1,5.47222222222222,18,5.5,5.375,5.5,5.08333333333333,5.66666666666667,14,4,1,6,12,574,413,161,38,208,366,5.81628919860627,6.0136803874092,5.30993788819876,5.26842105263158,5.96995192307692,5.72896174863388,79
"78",2008,2,6.2,15,6.33333333333333,5.66666666666667,5.66666666666667,5.75,6.36363636363636,12,3,3,4,11,589,425,164,41,212,377,5.82606112054329,6.02270588235294,5.31646341463415,5.29756097560976,5.96580188679245,5.7474801061008,80
"79",2008,3,6.20833333333333,12,6.58333333333333,5.83333333333333,6,5.66666666666667,6.38888888888889,6,6,2,3,9,601,431,170,43,215,386,5.83369384359401,6.03051044083527,5.33470588235294,5.33023255813953,5.96162790697674,5.76243523316062,81
"80",2008,4,5.93125,16,6.55555555555556,5.12857142857143,5.33333333333333,5.5,6.12727272727273,9,7,3,5,11,617,440,177,46,220,397,5.83622366288493,6.04125,5.32655367231638,5.33043478260869,5.95113636363636,5.77254408060453,82
"81",2008,5,5.64,10,5.58333333333333,5.725,7,6.375,5.15,6,4,1,4,6,627,446,181,47,224,403,5.83309409888357,6.03508968609865,5.3353591160221,5.36595744680851,5.95870535714286,5.76327543424318,83
"82",2008,6,6.08333333333333,12,5.95454545454545,7.5,NA,6.16666666666667,6.05555555555556,11,1,0,3,9,639,457,182,47,227,412,5.83779342723005,6.03315098468271,5.34725274725275,5.36595744680851,5.96145374449339,5.76966019417476,84
"83",2008,7,5.6,15,5.58333333333333,5.66666666666667,6,5.8,5.5,12,3,2,5,10,654,469,185,49,232,422,5.83233944954129,6.02164179104478,5.35243243243243,5.39183673469388,5.95797413793103,5.7632701421801,85
"84",2008,8,5.2625,24,5.75384615384615,4.68181818181818,4.44444444444444,5.3,5.23571428571429,13,11,9,10,14,678,482,196,58,242,436,5.81216814159292,6.01441908713693,5.31479591836735,5.2448275862069,5.93078512396694,5.74633027522936,86
"85",2008,9,5.69333333333333,15,5.99,5.1,3,7.33333333333333,5.28333333333333,10,5,1,3,12,693,492,201,59,245,448,5.80959595959596,6.01392276422764,5.30945273631841,5.20677966101695,5.94795918367347,5.73392857142857,87
"86",2008,10,5.65384615384615,13,6.3125,4.6,4.5,6.75,5.16666666666667,8,5,4,4,9,706,500,206,63,249,457,5.80672804532578,6.0187,5.29223300970874,5.16190476190476,5.96084337349398,5.72275711159738,88
"87",2008,11,6.15384615384615,13,6.4375,5.7,5.375,6.25,6.11111111111111,8,5,4,4,9,719,508,211,67,253,466,5.81300417246175,6.02529527559055,5.30189573459716,5.17462686567164,5.96541501976285,5.73025751072961,89
"88",2008,12,5.265625,16,5.92857142857143,4.75,4.66666666666667,6,4.93181818181818,7,9,3,5,11,735,515,220,70,258,477,5.80108843537415,6.02398058252427,5.27931818181818,5.15285714285714,5.96608527131783,5.71184486373166,90
"89",2009,1,5.60645161290323,31,5.7047619047619,5.4,5.625,5.54545454545455,5.64,21,10,8,11,20,766,536,230,78,269,497,5.79321148825065,6.01147388059702,5.2845652173913,5.20128205128205,5.94888475836431,5.70895372233401,91
"90",2009,2,5.1875,16,5.33333333333333,5,5.5,5.5,5.11538461538461,9,7,4,3,13,782,545,237,82,272,510,5.78081841432225,6.0002752293578,5.27616033755274,5.21585365853658,5.94393382352941,5.69382352941177,92
"91",2009,3,5.83333333333333,12,6.4375,4.625,4,3,6.09090909090909,8,4,1,1,11,794,553,241,83,273,521,5.7816120906801,6.00660036166365,5.26535269709543,5.20120481927711,5.93315018315018,5.70220729366603,93
"92",2009,4,6.31666666666667,15,6.34090909090909,6.25,6.25,6.29166666666667,6.33333333333333,11,4,4,6,9,809,564,245,87,279,530,5.7915327564895,6.01312056737589,5.28142857142857,5.24942528735632,5.94086021505376,5.71292452830189,94
"93",2009,5,5.33333333333333,15,5.91666666666667,4.94444444444444,5.1,4.91666666666667,5.61111111111111,6,9,5,6,9,824,570,254,92,285,539,5.78319174757282,6.01210526315789,5.26948818897638,5.24130434782609,5.91929824561404,5.71122448979592,95
"94",2009,6,5.98,15,6.525,5.35714285714286,5.83333333333333,6,5.97,8,7,3,5,10,839,578,261,95,290,549,5.78671036948749,6.01920415224913,5.27183908045977,5.26,5.92068965517241,5.71593806921676,96
"95",2009,7,5.57272727272727,22,5.88333333333333,5.2,5.625,5.5,5.59411764705882,12,10,8,5,17,861,590,271,103,295,566,5.78124274099884,6.0164406779661,5.26918819188192,5.28834951456311,5.9135593220339,5.71227915194346,97
"96",2009,8,5.6,10,6.2,5,5,5,6,5,5,2,4,6,871,595,276,105,299,572,5.77916188289323,6.01798319327731,5.2643115942029,5.28285714285714,5.90133779264214,5.7152972027972,98
"97",2009,9,5.03125,8,5.75,4.3125,3.75,4.75,5.2,4,4,3,3,5,879,599,280,108,302,577,5.77235494880546,6.01619365609349,5.25071428571429,5.24027777777778,5.88990066225166,5.71083188908146,99
"98",2009,10,5.75,17,6.25,5.30555555555556,4.95833333333333,5.925,5.5,8,9,6,10,7,896,607,289,114,312,584,5.77193080357143,6.01927512355848,5.25242214532872,5.22543859649123,5.89102564102564,5.70830479452055,100
"99",2009,11,5.03125,16,5.5,4.66666666666667,4.83333333333333,5.05555555555556,5,7,9,6,9,7,912,614,298,120,321,591,5.75893640350877,6.01335504885993,5.23473154362416,5.20583333333333,5.86760124610592,5.69991539763113,101
"100",2009,12,5.65,20,5.9,5.4,5,5.5625,5.70833333333333,10,10,4,8,12,932,624,308,124,329,603,5.75659871244635,6.01153846153846,5.2400974025974,5.1991935483871,5.86018237082067,5.70008291873964,102
"101",2010,1,5.55882352941176,17,5.55,5.57142857142857,5,4,5.65625,10,7,3,1,16,949,634,315,127,330,619,5.75305584826133,6.00425867507886,5.24746031746032,5.19448818897638,5.85454545454545,5.69894991922456,103
"102",2010,2,6.10416666666667,12,6.67857142857143,5.3,5.5,6.4375,5.9375,7,5,1,4,8,961,641,320,128,334,627,5.75744016649324,6.0116224648986,5.24828125,5.196875,5.86152694610778,5.70199362041468,104
"103",2010,3,5.6875,20,5.8125,5.5,5.875,5.8,5.65,12,8,4,5,15,981,653,328,132,339,642,5.75601427115189,6.00796324655436,5.25442073170732,5.21742424242424,5.86061946902655,5.70077881619938,105
"104",2010,4,5.35,10,5.91666666666667,4.5,4.5,5.5,5.3125,6,4,2,2,8,991,659,332,134,341,650,5.75191725529768,6.00713201820941,5.2453313253012,5.20671641791045,5.85850439882698,5.696,106
"105",2010,5,5.8875,8,6.01666666666667,5.5,5,6,5.87142857142857,6,2,1,1,7,999,665,334,135,342,657,5.753003003003,6.00721804511278,5.24685628742515,5.20518518518518,5.85891812865497,5.69786910197869,107
"106",2010,6,5.81818181818182,11,5.88888888888889,5.5,NA,6.66666666666667,5.5,9,2,0,3,8,1010,674,336,135,345,665,5.75371287128713,6.00563798219585,5.24836309523809,5.20518518518518,5.86594202898551,5.69548872180451,108
"107",2010,7,5.42857142857143,7,5.25,5.66666666666667,NA,5.5,5.4,4,3,0,2,5,1017,678,339,135,347,670,5.75147492625369,6.00117994100295,5.25206489675516,5.20518518518518,5.86383285302594,5.69328358208955,109
"108",2010,8,6,10,5.92857142857143,6.16666666666667,5.75,5.75,6.0625,7,3,2,2,8,1027,685,342,137,349,678,5.75389483933788,6.00043795620438,5.26008771929824,5.21313868613139,5.86318051575931,5.6976401179941,110
"109",2010,9,6.78571428571429,7,7.375,6,5,6.16666666666667,7.25,4,3,2,3,4,1034,689,345,139,352,682,5.76088007736944,6.00841799709724,5.26652173913043,5.21007194244604,5.86576704545455,5.70674486803519,111
"110",2010,10,5.6,5,5.5,5.75,5.75,6,5.33333333333333,3,2,2,2,3,1039,692,347,141,354,685,5.76010587102984,6.00621387283237,5.2693083573487,5.2177304964539,5.86652542372881,5.7051094890511,112
"111",2010,11,5.58333333333333,12,5.77777777777778,5,5,5.6,5.57142857142857,9,3,1,5,7,1051,701,350,142,359,692,5.75808753568031,6.00328102710414,5.267,5.21619718309859,5.86281337047354,5.70375722543353,113
"112",2010,12,5.43666666666667,15,6.47142857142857,4.53125,5.1875,7.16666666666667,5.00416666666667,7,8,4,3,12,1066,708,358,146,362,704,5.75356472795497,6.00790960451977,5.25055865921788,5.21541095890411,5.87361878453039,5.69183238636364,114
"113",2011,1,5.59047619047619,21,5.52857142857143,5.71428571428571,5,5.225,5.67647058823529,14,7,4,4,17,1087,722,365,150,366,721,5.75041398344066,5.99861495844875,5.25945205479452,5.20966666666667,5.86653005464481,5.69147018030513,115
"114",2011,2,6.05882352941176,17,6.2,5,5,6.3125,5.83333333333333,15,2,1,8,9,1104,737,367,151,374,730,5.75516304347826,6.00271370420624,5.25803814713896,5.20827814569536,5.87606951871658,5.69321917808219,116
"115",2011,3,5.665,20,6.12857142857143,4.58333333333333,5.66666666666667,6.45,5.46875,14,6,3,4,16,1124,751,373,154,378,746,5.75355871886121,6.00505992010652,5.24718498659517,5.21720779220779,5.88214285714286,5.68840482573727,117
"116",2011,4,4.91666666666667,12,5.57142857142857,4,5.5,4.5,5,7,5,2,2,10,1136,758,378,156,380,756,5.74471830985916,6.00105540897098,5.23068783068783,5.22083333333333,5.87486842105263,5.67929894179894,118
"117",2011,5,6.35714285714286,7,6.3,6.5,6,7.75,5.8,5,2,1,2,5,1143,763,380,157,382,761,5.74846894138233,6.00301441677589,5.23736842105263,5.22579617834395,5.88468586387435,5.68009198423128,119
"118",2011,6,5.11111111111111,9,5.33333333333333,5,4.33333333333333,4.5,5.6,3,6,3,4,5,1152,766,386,160,386,766,5.74348958333333,6.00039164490862,5.23367875647668,5.2090625,5.87033678756477,5.67956919060052,120
"119",2011,7,6.03076923076923,13,6.5,5.28,6,6.48,5.75,8,5,2,5,8,1165,774,391,162,391,774,5.74669527896996,6.00555555555556,5.23427109974424,5.21882716049383,5.87813299232737,5.68029715762274,121
"120",2011,8,5.83333333333333,12,6.07142857142857,5.5,NA,6,5.71428571428571,7,5,0,5,7,1177,781,396,162,396,781,5.74757858963467,6.00614596670935,5.23762626262626,5.21882716049383,5.87967171717172,5.68060179257362,122
"121",2011,9,5.43333333333333,15,6.625,5,4.625,5,5.5,4,11,4,2,13,1192,785,407,166,398,794,5.74362416107383,6.00929936305733,5.23120393120393,5.20451807228916,5.87525125628141,5.67764483627204,123
"122",2011,10,6.03571428571429,14,6.31818181818182,5,4.5,5.66666666666667,6.13636363636364,11,3,2,3,11,1206,796,410,168,401,805,5.74701492537314,6.01356783919598,5.22951219512195,5.19613095238095,5.87369077306733,5.68391304347826,124
"123",2011,11,6.0625,8,6.6,5.16666666666667,5,5,6.41666666666667,5,3,1,2,6,1214,801,413,169,403,811,5.74909390444811,6.01722846441948,5.22905569007264,5.19497041420118,5.86935483870968,5.68933415536375,125
"124",2011,12,6.08,15,6.16666666666667,5.95,6,5,6.24615384615385,9,6,1,2,13,1229,810,419,170,405,824,5.75313262815297,6.01888888888889,5.23937947494033,5.19970588235294,5.86506172839506,5.69811893203884,126
"125",2012,1,5.76,20,6.08571428571429,5,4.66666666666667,5.25,5.8875,14,6,3,4,16,1249,824,425,173,409,840,5.75324259407526,6.02002427184466,5.236,5.19046242774567,5.85904645476773,5.70172619047619,127
"126",2012,2,5.69230769230769,13,6.625,4.2,4.33333333333333,5.5,5.77777777777778,8,5,3,4,9,1262,832,430,176,413,849,5.75261489698891,6.02584134615385,5.22395348837209,5.17585227272727,5.85556900726392,5.70253239104829,128
"127",2012,3,5.53846153846154,13,5.5,5.57142857142857,5.375,5,5.58333333333333,6,7,4,1,12,1275,838,437,180,414,861,5.75043137254902,6.02207637231504,5.22951945080091,5.18027777777778,5.85350241545894,5.70087108013937,129
"128",2012,4,5.59615384615385,13,5.5,5.70833333333333,5.6875,5.4375,5.66666666666667,7,6,4,4,9,1288,845,443,184,418,870,5.74887422360249,6.01775147928994,5.23600451467268,5.19130434782609,5.84952153110048,5.70051724137931,130
"129",2012,5,5.92307692307692,13,6.18181818181818,4.5,3,5.41666666666667,6.35714285714286,11,2,1,6,7,1301,856,445,185,424,877,5.75061491160646,6.01985981308411,5.23269662921348,5.17945945945946,5.8433962264151,5.7057582668187,131
"130",2012,6,5.35,10,5.25,5.41666666666667,5.375,6,5.1875,4,6,4,2,8,1311,860,451,189,426,885,5.74755911517925,6.01627906976744,5.23514412416851,5.18359788359789,5.84413145539906,5.70107344632768,132
"131",2012,7,5.47222222222222,9,6,5.32142857142857,5.5,5.5,5.46875,2,7,2,1,8,1320,862,458,191,427,893,5.74568181818182,6.01624129930394,5.23646288209607,5.1869109947644,5.84332552693209,5.6989921612542,133
"132",2012,8,6.5,4,6,8,8,8,6,3,1,1,1,3,1324,865,459,192,428,896,5.74796072507553,6.01618497109827,5.24248366013072,5.2015625,5.84836448598131,5.7,134
"133",2012,9,6.13333333333333,9,5.9,8,5,5.8,6.4,8,1,1,4,5,1333,873,460,193,432,901,5.75056264066017,6.01512027491409,5.24847826086956,5.20051813471503,5.84791666666667,5.703884572697,135
"134",2012,10,5.35714285714286,7,6.125,4.33333333333333,4,5,5.625,4,3,2,3,4,1340,877,463,195,435,905,5.74850746268657,6.01562143671608,5.24254859611231,5.18820512820513,5.84206896551724,5.70353591160221,136
"135",2012,11,6.4,8,7.03333333333333,4.5,3,9.1,5.5,6,2,1,2,6,1348,883,465,196,437,911,5.75237388724036,6.02253680634202,5.23935483870968,5.17704081632653,5.85697940503433,5.70219538968167,137
"136",2012,12,5.54545454545455,22,5.75,5.375,5.66666666666667,5.6,5.52941176470588,10,12,6,5,17,1370,893,477,202,442,928,5.74905109489051,6.01948488241881,5.24276729559748,5.19158415841584,5.85407239819005,5.69903017241379,138
"137",2013,1,5.64285714285714,14,5.78571428571429,5.5,6.5,4,6.09090909090909,7,7,1,3,11,1384,900,484,203,445,939,5.74797687861272,6.01766666666667,5.24648760330578,5.19802955665025,5.84157303370787,5.70362087326944,139
"138",2013,2,5.2,15,5.18181818181818,5.25,5.25,9,4.92857142857143,11,4,4,1,14,1399,911,488,207,446,953,5.7421015010722,6.00757409440176,5.24651639344262,5.19903381642512,5.84865470852018,5.69223504721931,140
"139",2013,3,5.55294117647059,17,5.45,5.8,5.66666666666667,5.5,5.56428571428571,12,5,3,3,14,1416,923,493,210,449,967,5.73983050847458,6.00032502708559,5.25212981744422,5.20571428571429,5.84632516703786,5.69038262668046,141
"140",2013,4,5.70833333333333,12,5.94444444444444,5,5,5.5,5.75,9,3,2,2,10,1428,932,496,212,451,977,5.73956582633053,5.99978540772532,5.25060483870968,5.20377358490566,5.84478935698448,5.69099283520983,142
"141",2013,5,5.15789473684211,19,5.11538461538461,5.25,5.375,5.22222222222222,5.1,13,6,4,9,10,1447,945,502,216,460,987,5.73192812715964,5.98761904761905,5.25059760956175,5.20694444444445,5.83260869565217,5.68500506585613,143
"142",2013,6,5.77777777777778,9,6.5,4.33333333333333,4.33333333333333,6,5.71428571428571,6,3,3,2,7,1456,951,505,219,462,994,5.73221153846154,5.99085173501577,5.24514851485148,5.19497716894977,5.83333333333333,5.68521126760563,144
"143",2013,7,6.66666666666667,9,6.8,6.5,5,7.5,6.42857142857143,5,4,1,2,7,1465,956,509,220,464,1001,5.73795221843004,5.99508368200837,5.25500982318271,5.19409090909091,5.84051724137931,5.69040959040959,145
"144",2013,8,5.58333333333333,12,5.875,5,5,NA,5.58333333333333,8,4,4,0,12,1477,964,513,224,464,1013,5.73669600541639,5.99408713692946,5.25302144249513,5.190625,5.84051724137931,5.68914116485686,146
"145",2013,9,5.5,16,5.66666666666667,5.28571428571429,5.25,6.66666666666667,5.23076923076923,9,7,4,3,13,1493,973,520,228,467,1026,5.73415941058272,5.99105858170606,5.25346153846154,5.19166666666667,5.8458244111349,5.68333333333333,147
"146",2013,10,5.05769230769231,13,7.16666666666667,4.425,4.05,1.5,5.70454545454545,3,10,5,2,11,1506,976,530,233,469,1037,5.72832005312085,5.99467213114754,5.23783018867924,5.16716738197425,5.8272921108742,5.68355834136934,148
"147",2013,11,5.52,10,5.45,5.625,5,6.5,5.41111111111111,6,4,1,1,9,1516,982,534,234,470,1046,5.72694591029024,5.99134419551935,5.24073033707865,5.16645299145299,5.82872340425532,5.68121414913958,149
"148",2013,12,5.80555555555556,18,5.70833333333333,6,6.33333333333333,5.16666666666667,5.93333333333333,12,6,3,3,15,1534,994,540,237,473,1061,5.72786831812256,5.98792756539235,5.24916666666667,5.18122362869198,5.82452431289641,5.68477851083883,150
"149",2014,1,5.53181818181818,22,5.82352941176471,4.54,4.75,5.05555555555556,5.86153846153846,17,5,2,9,13,1556,1011,545,239,482,1074,5.72509640102828,5.98516320474777,5.24266055045871,5.17761506276151,5.81016597510374,5.68691806331471,151
"150",2014,2,5.25,12,5.8,4.85714285714286,4.5,3,5.45454545454545,5,7,2,1,11,1568,1016,552,241,483,1085,5.72146045918368,5.98425196850394,5.23777173913043,5.17199170124481,5.80434782608696,5.68456221198157,152
"151",2014,3,5.5625,8,5.5,5.66666666666667,6,6,5.41666666666667,5,3,2,2,6,1576,1021,555,243,485,1091,5.72065355329949,5.9818805093046,5.24009009009009,5.17880658436214,5.80515463917526,5.68308890925756,153
"152",2014,4,5.75,12,6,4.5,4,7,5.63636363636364,10,2,1,1,11,1588,1031,557,244,486,1102,5.72087531486146,5.98205625606207,5.23743267504488,5.17397540983607,5.80761316872428,5.68262250453721,154
"153",2014,5,5.66666666666667,9,6,5.25,5,5,6,5,4,2,3,6,1597,1036,561,246,489,1108,5.72056981840952,5.98214285714286,5.23752228163993,5.17256097560976,5.80265848670757,5.68434115523466,155
"154",2014,6,6.5,9,6.58333333333333,6.33333333333333,5,7,6.4375,6,3,1,1,8,1606,1042,564,247,490,1116,5.72493773349938,5.98560460652591,5.24335106382979,5.17186234817814,5.80510204081633,5.68974014336918,156
"155",2014,7,6.04545454545455,11,6.5,5.66666666666667,5.6,6,6.0625,5,6,5,3,8,1617,1047,570,252,493,1124,5.72711811997527,5.98806112702961,5.24780701754386,5.18035714285714,5.80628803245436,5.69239323843416,157
"156",2014,8,5.93333333333333,15,6.15384615384615,4.5,NA,4.33333333333333,6.33333333333333,13,2,0,3,12,1632,1060,572,252,496,1136,5.72901348039216,5.99009433962264,5.24519230769231,5.18035714285714,5.79737903225807,5.69916373239437,158
"157",2014,9,4.5,8,4,4.66666666666667,4.33333333333333,7,4.14285714285714,2,6,3,1,7,1640,1062,578,255,497,1143,5.72301829268293,5.98634651600753,5.23918685121107,5.17039215686275,5.79979879275654,5.68963254593176,159
"158",2014,10,5.05,10,5.4,4.7,4.5,4.5,5.1875,5,5,2,2,8,1650,1067,583,257,499,1151,5.7189393939394,5.98359887535145,5.23456260720412,5.16517509727627,5.79458917835671,5.68614248479583,160
"159",2014,11,5.57058823529412,17,6.05833333333333,4.4,5,6.06666666666667,5.46428571428571,12,5,4,3,14,1667,1079,588,261,502,1165,5.71742651469706,5.98443002780352,5.22746598639456,5.16264367816092,5.79621513944223,5.68347639484979,161
"160",2014,12,5.00833333333333,12,6,4.3,4.22,4.7,5.11111111111111,5,7,5,3,9,1679,1084,595,266,505,1174,5.71235854675402,5.98450184501845,5.21655462184874,5.14492481203008,5.78970297029703,5.67908858603067,162
"161",2015,1,5.16666666666667,21,5.20588235294118,5,5,5.16666666666667,5.16666666666667,17,4,3,9,12,1700,1101,599,269,514,1186,5.70561764705883,5.9724795640327,5.21510851419032,5.14330855018587,5.77879377431907,5.67390387858347,163
"162",2015,2,6.0625,16,6.34615384615385,4.83333333333333,4,5.5,6.19230769230769,13,3,1,3,13,1716,1114,602,270,517,1199,5.70894522144522,5.97684021543986,5.21320598006644,5.13907407407407,5.77717601547389,5.67952460383653,164
"163",2015,3,5.33333333333333,12,5.5,5.16666666666667,4.5,4.75,5.625,6,6,2,4,8,1728,1120,608,272,521,1207,5.70633680555556,5.97428571428571,5.21274671052632,5.134375,5.76928982725528,5.67916321458161,165
"164",2015,4,5.625,8,5.8,5.33333333333333,5,NA,5.625,5,3,1,0,8,1736,1125,611,273,521,1215,5.70596198156682,5.97351111111111,5.2133387888707,5.13388278388278,5.76928982725528,5.67880658436214,166
"165",2015,5,5.8,12,5.87272727272727,5,5,6.6,5.72727272727273,11,1,1,1,11,1748,1136,612,274,522,1226,5.70660755148742,5.9725352112676,5.21299019607843,5.13339416058394,5.77088122605364,5.67924143556281,167
"166",2015,6,4.72727272727273,11,5.33333333333333,4.5,4.75,5,4.7,3,8,4,1,10,1759,1139,620,278,523,1236,5.70048322910745,5.97085162423178,5.20379032258064,5.12787769784173,5.76940726577438,5.67131877022654,168
"167",2015,7,5.95333333333333,15,6.08888888888889,5.75,5,7.5,5.56666666666667,9,6,3,3,12,1774,1148,626,281,526,1248,5.70262119503946,5.97177700348432,5.20902555910543,5.12651245551602,5.77927756653992,5.6703125,169
"168",2015,8,5.34375,16,6.2,3.91666666666667,5,4,5.43333333333333,10,6,4,1,15,1790,1158,632,285,527,1263,5.69941340782123,5.97374784110535,5.19675632911392,5.12473684210526,5.77590132827325,5.66749802058591,170
"169",2015,9,6.185,12,6.122,6.5,6,6.53666666666667,5.83333333333333,10,2,1,6,6,1802,1168,634,286,533,1269,5.70264705882353,5.97501712328767,5.20086750788644,5.1277972027972,5.78446529080675,5.66828211189913,171
"170",2015,10,5.23636363636364,11,6.2,4.43333333333333,4.2,2.55,5.83333333333333,5,6,3,2,9,1813,1173,640,289,535,1278,5.69981798124655,5.97597612958227,5.193671875,5.1181660899654,5.7723738317757,5.66944444444445,172
"171",2015,11,5.82666666666667,15,6.03076923076923,4.5,4.5,5.5,5.87692307692308,13,2,2,2,13,1828,1186,642,291,537,1291,5.70085886214442,5.97657672849916,5.19151090342679,5.1139175257732,5.77135940409683,5.67153369481023,173
"172",2015,12,5.08181818181818,11,5,5.09,4.6,5.16666666666667,5.05,1,10,5,3,8,1839,1187,652,296,540,1299,5.69715606307776,5.97575400168492,5.18995398773006,5.10523648648649,5.768,5.66770592763664,174
"173",2016,1,5.45714285714286,14,5.4875,5.41666666666667,5.5,6.375,5.09,8,6,3,4,10,1853,1195,658,299,544,1309,5.69534268753373,5.97248535564854,5.19202127659574,5.10919732441472,5.77246323529412,5.66329258976318,175
"174",2016,2,6,8,6.08333333333333,5.75,NA,NA,6,6,2,0,0,8,1861,1201,660,299,544,1317,5.69665233745298,5.97303913405495,5.19371212121212,5.10919732441472,5.77246323529412,5.66533788914199,176
"175",2016,3,5,8,5.5,4.5,4.5,3.75,6.25,4,4,2,4,4,1869,1205,664,301,548,1321,5.69367041198502,5.97146887966805,5.18953313253012,5.10514950166113,5.75770072992701,5.66710825132475,177
"176",2016,4,5.65,10,5.65,NA,NA,7.25,5.25,10,0,0,2,8,1879,1215,664,301,550,1329,5.69343799893561,5.96882304526749,5.18953313253012,5.10514950166113,5.76312727272727,5.66459744168548,178
"177",2016,5,4.58333333333333,12,4.875,4,NA,3,4.9,8,4,0,2,10,1891,1223,668,301,552,1339,5.68639344262295,5.96166802943581,5.18241017964072,5.10514950166113,5.75311594202898,5.65888722927558,179
"178",2016,6,5.65625,16,5.67857142857143,5.5,6,6,5.60714285714286,14,2,1,2,14,1907,1237,670,302,554,1353,5.68614053487153,5.95846402586904,5.18335820895522,5.10811258278146,5.75400722021661,5.65835181079084,180
"179",2016,7,6.13333333333333,15,6.31818181818182,5.625,5,7,6.07142857142857,11,4,3,1,14,1922,1248,674,305,555,1367,5.68963059313216,5.96163461538461,5.18597922848665,5.10704918032787,5.75625225225225,5.66258229700073,181
"180",2016,8,5.33333333333333,6,5.5,5,6,NA,5.33333333333333,4,2,2,0,6,1928,1252,676,307,555,1373,5.68852178423237,5.96015974440895,5.18542899408284,5.1128664495114,5.75625225225225,5.66114348142753,182
"181",2016,9,5.07692307692308,13,5.1,5,5,3.5,5.36363636363636,10,3,3,2,11,1941,1262,679,310,557,1384,5.68442555383823,5.95334389857369,5.18460972017673,5.11177419354839,5.74815080789946,5.6587789017341,183
"182",2016,10,5.69230769230769,13,6.5,4.4,4,7,5.58333333333333,8,5,2,1,12,1954,1270,684,312,558,1396,5.68447799385875,5.9567874015748,5.17887426900585,5.10464743589744,5.75039426523297,5.65813037249283,184
"183",2016,11,6.48888888888889,9,7.48,5.25,6,7.25,5.88,5,4,1,4,5,1963,1275,688,313,562,1401,5.68816607233826,5.96276078431373,5.17928779069768,5.10750798722045,5.76106761565836,5.65892219842969,185
"184",2016,12,5.22986363636364,22,5.95972727272727,4.5,6.33333333333333,5.5,5.16983333333333,11,11,3,4,18,1985,1286,699,316,566,1419,5.68308664987406,5.96273483670295,5.16859799713877,5.11914556962025,5.75922261484099,5.65271811134602,186
"185",2017,1,5.13147619047619,21,5.04285714285714,5.30871428571429,5.36016666666667,5.33455555555556,4.97916666666667,14,7,6,9,12,2006,1300,706,322,575,1431,5.67731206380858,5.95282846153846,5.16998725212465,5.12363664596274,5.75257565217391,5.64706988120195,187
"186",2017,2,5,8,5.6,4,5,6,4.4,5,3,1,3,5,2014,1305,709,323,578,1436,5.67462164846078,5.95147662835249,5.16503667136813,5.12325386996904,5.75385986159169,5.64272771587744,188
"187",2017,3,5,15,5.77777777777778,3.83333333333333,4,5.75,4.72727272727273,9,6,1,4,11,2029,1314,715,324,582,1447,5.66963430261213,5.95028691019787,5.15386153846154,5.11978703703704,5.75383333333333,5.63576848652384,189
"188",2017,4,6.14285714285714,14,6.25,5.875,6.625,5.625,6.35,10,4,4,4,10,2043,1324,719,328,586,1457,5.67287714145864,5.95255060422961,5.15787343532684,5.13814329268293,5.75295392491467,5.64067055593685,190
"189",2017,5,6.03846153846154,13,5.86363636363636,7,NA,7,5.95833333333333,11,2,0,1,12,2056,1335,721,328,587,1469,5.67518871595331,5.95181797752809,5.16298335644938,5.13814329268293,5.75507836456559,5.64326548672566,191
"190",2017,6,5.64285714285714,14,5.81818181818182,5,4,6.5,5.5,11,3,1,2,12,2070,1346,724,329,589,1481,5.67497004830918,5.95072585438336,5.16230801104973,5.13468389057751,5.7576078098472,5.64210465901418,192
"191",2017,7,5.5,18,5.77272727272727,5.07142857142857,5,6.83333333333333,5.23333333333333,11,7,5,3,15,2088,1357,731,334,592,1496,5.67346168582376,5.94928297715549,5.16143775649795,5.13266766467066,5.76305912162162,5.63800601604278,193
"192",2017,8,6.02052631578947,19,6.09266666666667,5.75,5.5,6,6.03,15,4,2,6,13,2107,1372,735,336,598,1509,5.67659136212625,5.95085058309038,5.16464081632653,5.13485416666667,5.7654364548495,5.64138303512259,194
"193",2017,9,5.83333333333333,18,5.8,6,6,5,5.88235294117647,15,3,2,1,17,2125,1387,738,338,599,1526,5.67791905882353,5.94921917808219,5.16803658536586,5.13997337278107,5.76415859766277,5.64406749672346,195
"194",2017,10,6.05052631578947,19,6.5,5.28,6,6,6.06,12,7,2,3,16,2144,1399,745,340,602,1542,5.68122108208955,5.95394353109364,5.16908859060403,5.14503235294118,5.76533388704319,5.64838326848249,196
"195",2017,11,5.64705882352941,17,5.66666666666667,5.6,5.33333333333333,5.5,5.66666666666667,12,5,3,2,15,2161,1411,750,343,604,1557,5.68095233688107,5.95150035435861,5.17196133333333,5.14667930029155,5.76445529801324,5.6485594091201,197
"196",2017,12,5.49,20,5.86363636363636,5.03333333333333,5.04285714285714,4.5,5.91428571428571,11,9,7,6,14,2181,1422,759,350,610,1571,5.67920128381476,5.95082067510548,5.17031752305665,5.14460285714286,5.75201803278688,5.65092743475493,198
"197",2018,1,5.70652173913043,23,5.73684210526316,5.5625,4.375,6,5.6625,19,4,2,3,20,2204,1441,763,352,613,1591,5.67948638838476,5.94799930603747,5.17237352555701,5.14023011363637,5.75323164763458,5.65107291011942,199
"198",2018,2,6.29166666666667,12,6.77777777777778,4.83333333333333,5,5,6.40909090909091,9,3,1,1,11,2216,1450,766,353,614,1602,5.68280144404332,5.95314965517241,5.17104569190601,5.1398328611898,5.75200488599348,5.65627777777777,200
"199",2018,3,5.5,10,6,4.75,4.75,6,5.375,6,4,4,2,8,2226,1456,770,357,616,1610,5.68198023360288,5.95334271978022,5.16885844155844,5.1354649859944,5.75281006493506,5.6548801242236,201
"200",2018,4,5.38,21,5.52823529411765,4.75,NA,6,5.349,17,4,0,1,20,2247,1473,774,357,617,1630,5.67915798842902,5.94843652410047,5.16669379844961,5.1354649859944,5.75321069692058,5.65112699386503,202
"201",2018,5,5.59545454545455,22,6.16153846153846,4.77777777777778,4.28571428571429,5.25,5.67222222222222,13,9,7,4,18,2269,1486,783,364,621,1648,5.6783464081093,5.95030080753701,5.16222349936143,5.11912362637363,5.7499694041868,5.65135740291262,203
"202",2018,6,5.60714285714286,14,6.05555555555556,4.8,5.66666666666667,6.5,5.45833333333333,9,5,3,2,12,2283,1495,788,367,623,1660,5.67790976784932,5.95093444816053,5.15992512690356,5.12359945504087,5.7523772070626,5.64996204819277,204
"203",2018,7,6.3,20,6.54166666666667,5.9375,5.66666666666667,NA,6.3,12,8,3,0,20,2303,1507,796,370,623,1680,5.68331220147633,5.95563835434638,5.16773994974875,5.1280027027027,5.7523772070626,5.65770059523809,205
"204",2018,8,5.91666666666667,12,5.85714285714286,6,6,7,5.55555555555556,7,5,4,3,9,2315,1514,801,374,626,1689,5.68452181425486,5.95518295904888,5.17293508114857,5.13732887700535,5.75835623003195,5.65715630550621,206
"205",2018,9,6.5,7,7,5.25,6.5,NA,6.5,5,2,1,0,7,2322,1519,803,375,626,1696,5.68698018949182,5.95862211981567,5.17312702366127,5.14096266666667,5.75835623003195,5.6606350235849,207
"206",2018,10,4.16666666666667,3,4.75,3,NA,NA,4.16666666666667,2,1,0,0,3,2325,1521,804,375,626,1699,5.68501849462366,5.9570328731098,5.17042412935324,5.14096266666667,5.75835623003195,5.6579970570924,208
"207",2018,11,6.03333333333333,6,6.03333333333333,NA,NA,7,5.84,6,0,0,1,5,2331,1527,804,375,627,1704,5.68591505791506,5.95733267845449,5.17042412935324,5.14096266666667,5.760336523126,5.65853110328638,209
"208",2018,12,6.26875,16,6.29166666666667,6.2,7,7,6.22,12,4,1,1,15,2347,1539,808,376,628,1719,5.68988836812953,5.9599395711501,5.17552103960396,5.14590691489362,5.76231050955414,5.66343048283886,210
"209",2019,1,5.7688,25,5.77238095238095,5.75,5.75,6.25,5.448,21,4,2,10,15,2372,1560,812,378,638,1734,5.69072006745362,5.95741474358974,5.17835098522168,5.14910317460318,5.76995454545454,5.66156689734717,211
"210",2019,2,5.86153846153846,13,6.12,5,NA,5.85,5.86363636363636,10,3,0,2,11,2385,1570,815,378,640,1745,5.69165115303983,5.95845031847134,5.17769447852761,5.14910317460318,5.7702046875,5.66284068767908,212
"211",2019,3,5.88947368421053,19,5.80909090909091,6,6,6.6,5.63571428571429,11,8,4,5,14,2404,1581,823,382,645,1759,5.69321464226289,5.95741113219481,5.18568772782503,5.15801308900524,5.77663720930232,5.66262478681068,213
"212",2019,4,5.29166666666667,12,5.16666666666667,5.66666666666667,4,5.5,5.25,9,3,1,2,10,2416,1590,826,383,647,1769,5.6912201986755,5.95293522012579,5.18743462469734,5.15498955613577,5.77578207109737,5.66029225551158,214
"213",2019,5,6.02,10,6.52857142857143,4.83333333333333,NA,NA,6.02,7,3,0,0,10,2426,1597,829,383,647,1779,5.69257543281121,5.95545835942392,5.18615319662244,5.15498955613577,5.77578207109737,5.66231422147273,215
"214",2019,6,6.11151545454545,11,6.31809571428571,5.75,6,6,6.13629666666667,7,4,2,2,9,2437,1604,833,385,649,1788,5.69446642183012,5.95704094139651,5.18886074429772,5.15937922077922,5.77647303543914,5.66470003914988,216
"215",2019,7,6.25,12,6.3,6,6,8,6.09090909090909,10,2,1,1,11,2449,1614,835,386,650,1799,5.69718851367905,5.95916584262701,5.19080359281437,5.16155699481865,5.77989384615385,5.66730609783213,217
"216",2019,8,5.65384615384615,13,6.05555555555556,4.75,5,NA,5.65384615384615,9,4,3,0,13,2462,1623,839,389,650,1812,5.69695965475223,5.95970035120148,5.18870202622169,5.16031105398458,5.77989384615385,5.66720953090507,218
"217",2019,9,5.4,15,5.66666666666667,5,5,6,5.25,9,6,2,3,12,2477,1632,845,391,653,1824,5.69516135244247,5.95808435661765,5.18736213017752,5.15949104859335,5.78090505359877,5.66446473135965,219
"218",2019,10,5.25,18,5.92857142857143,4.81818181818182,5,7.5,4.96875,7,11,4,2,16,2495,1639,856,395,655,1840,5.69194976753507,5.95795830994509,5.18261799065421,5.15787594936709,5.78615419847328,5.65841503804347,220
"219",2019,11,6.06933333333333,15,6.86285714285714,5.375,6,7,6.00285714285714,7,8,2,1,14,2510,1646,864,397,656,1854,5.69420504780876,5.96180660388821,5.18439930555556,5.16211838790932,5.78800457317073,5.66101600323624,221
"220",2019,12,5.41666666666667,12,5.55555555555556,5,NA,NA,5.41666666666667,9,3,0,0,12,2522,1655,867,397,656,1866,5.69288448453608,5.9595973836858,5.18376124567474,5.16211838790932,5.78800457317073,5.65944462486602,222
"221",2020,1,5.89772727272727,22,6.01666666666667,5.64285714285714,5.875,4.5,5.96428571428571,15,7,4,1,21,2544,1670,874,401,657,1887,5.69465592374214,5.96010998203593,5.18743821510298,5.16922942643392,5.78604414003044,5.66283713301537,223
"222",2020,2,5.90909090909091,22,6,4,4,6.5,5.81578947368421,21,1,1,3,19,2566,1691,875,402,660,1906,5.69649441543258,5.96060536369012,5.18608114285714,5.16632089552239,5.78928939393939,5.66436184155299,224
"223",2020,3,6.35,10,6.27777777777778,7,NA,7.5,6.22222222222222,9,1,0,1,9,2576,1700,876,402,661,1915,5.69903131599379,5.96228451176471,5.18815182648402,5.16632089552239,5.79187745839637,5.66698363968668,225
"224",2020,4,6.3375,20,6.546875,5.5,6,7.625,6.19444444444444,16,4,1,2,18,2596,1716,880,403,663,1933,5.70395018104777,5.96773523892774,5.18956931818182,5.16838957816377,5.797407239819,5.67189532850491,226
"225",2020,5,5.82714285714286,14,6.04461538461538,3,NA,6.58,5.76923076923077,13,1,0,1,13,2610,1729,881,403,664,1946,5.70461098467433,5.96831328513592,5.18708399545971,5.16838957816377,5.79858584337349,5.67254556526207,227
"226",2020,6,6.28571428571429,14,6.45454545454545,5.66666666666667,3,NA,6.28571428571429,11,3,1,0,14,2624,1740,884,404,664,1960,5.70771138338415,5.97138716666667,5.18871153846154,5.16302227722772,5.79858584337349,5.67692534183673,228
"227",2020,7,5.83684210526316,19,5.98,5.3,NA,5.85,5.83529411764706,15,4,0,2,17,2643,1755,888,404,666,1977,5.70863967839576,5.97146078062678,5.18921283783784,5.16302227722772,5.79874024024024,5.67828713707638,229
"228",2020,8,6.19230769230769,13,5.8125,6.8,7,6,6.22727272727273,8,5,2,2,11,2656,1763,893,406,668,1988,5.71100702936747,5.97073946114577,5.19823180291154,5.17207142857143,5.79934281437126,5.68132478370221,230
"229",2020,9,5.23529411764706,17,5.30769230769231,5,4.5,5.5,5.17857142857143,13,4,2,3,14,2673,1776,897,408,671,2002,5.70798154508043,5.96588607545045,5.19734782608696,5.16877696078431,5.79800447093889,5.67780902597402,231
"230",2020,10,6.455,20,7.04615384615385,5.35714285714286,5.7,7.83333333333333,6.21176470588235,13,7,5,3,17,2693,1789,904,413,674,2019,5.7135293984404,5.97373598099497,5.19858517699115,5.17520823244552,5.80706379821958,5.68230493808816,232
"231",2020,11,5.85434782608696,23,6.03666666666667,5.5125,5.68333333333333,6,5.84772727272727,15,8,6,1,22,2716,1804,912,419,675,2041,5.71472189617084,5.9742592405765,5.20133881578948,5.18248448687351,5.80734962962963,5.68408803037726,233
"232",2020,12,6.47818181818182,22,6.60631578947368,5.66666666666667,5.5,5,6.54857142857143,19,3,2,1,21,2738,1823,915,421,676,2062,5.72085634404675,5.98084677454745,5.20286448087432,5.18399287410926,5.80615532544378,5.69289217749757,234
"233",2021,1,6.03260869565217,23,6.26785714285714,5.66666666666667,6.25,6,6.03571428571429,14,9,4,2,21,2761,1837,924,425,678,2083,5.72345333936979,5.98303411540555,5.20738203463204,5.19402588235294,5.80672713864307,5.69634837734037,235
"234",2021,2,6.06086956521739,23,6.4375,5.2,7.2,5.25,6.23157894736842,16,7,2,4,19,2784,1853,931,427,682,2102,5.72624090158046,5.98695826767404,5.20732653061225,5.20342154566745,5.80346187683284,5.7011863320647,236
"235",2021,3,5.58333333333333,12,5.9,4,NA,4.66666666666667,5.88888888888889,10,2,0,3,9,2796,1863,933,427,685,2111,5.72562756437768,5.98649150295223,5.20473847802787,5.20342154566745,5.79848321167883,5.70198657981999,237
"236",2021,4,6.53571428571429,14,7,5.7,6.25,NA,6.53571428571429,9,5,2,0,14,2810,1872,938,429,685,2125,5.72966358362989,5.99136413995727,5.20737846481877,5.2083006993007,5.79848321167883,5.70747937411765,238
"237",2021,5,6.15384615384615,13,6.5,5.6,NA,10,5.83333333333333,8,5,0,1,12,2823,1880,943,429,686,2137,5.7316169571378,5.99352854787234,5.20946023329799,5.2083006993007,5.80460787172011,5.70818608797379,239
"238",2021,6,5.88484818181818,11,6.455555,5.2,4.66666666666667,5,5.973333,6,5,3,1,10,2834,1886,948,432,687,2147,5.73221171489061,5.99499840933192,5.20941033755274,5.20453935185185,5.80343668122271,5.70942105263158,240
"239",2021,7,6,7,6.33333333333333,4,NA,5,6.4,6,1,0,2,5,2841,1892,949,432,689,2152,5.73287152411123,5.99607135306554,5.20813593256059,5.20453935185185,5.80110449927431,5.71102555762082,241
"240",2021,8,5.5625,16,6.45454545454545,3.6,NA,3.5,5.85714285714286,11,5,0,2,14,2857,1903,954,432,691,2166,5.73191739586979,5.99872149238045,5.19970754716981,5.20453935185185,5.79444428364689,5.71196999076639,242
"241",2021,9,5.26470588235294,17,5.30769230769231,5.125,5,4.75,5.33333333333333,13,4,1,2,15,2874,1916,958,433,693,2181,5.72915379262352,5.99403288100209,5.19939561586639,5.20406697459584,5.79143001443001,5.7093658872077,243
"242",2021,10,5.25,16,5.66666666666667,4.71428571428571,NA,5.25,5.25,9,7,0,4,12,2890,1925,965,433,697,2193,5.72650103806228,5.99250233766234,5.19587668393783,5.20406697459584,5.78832281205165,5.70685225718194,244
"243",2021,11,5.40833333333333,12,5.42857142857143,5.38,6.45,5.98,5,7,5,2,5,7,2902,1932,970,435,702,2200,5.72518538938663,5.99045910973085,5.19682577319588,5.20979540229885,5.78968803418803,5.70460318181818,245
"244",2021,12,5.77962962962963,27,6.26739130434783,2.975,4.35,5.09285714285714,6.02,23,4,4,7,20,2929,1955,974,439,709,2220,5.72568726527825,5.99371713554987,5.18770123203285,5.20196127562642,5.78280818053596,5.70744459459459,246
"245",2022,1,6.16,25,6.3,5.91111111111111,6.25,6.94,5.965,16,9,2,5,20,2954,1971,983,441,714,2240,5.72936289776574,5.99620345002537,5.19432451678535,5.20671428571429,5.79091176470588,5.70974419642857,247
"246",2022,2,5.93076923076923,13,6.31,4.66666666666667,3,5.36666666666667,6.1,10,3,1,3,10,2967,1981,986,442,717,2250,5.73024536568925,5.99778748107017,5.19271906693712,5.20172171945701,5.78913668061367,5.71147866666666,248
"247",2022,3,6.275,20,6.27777777777778,6.25,5.5,5.66666666666667,6.38235294117647,18,2,1,3,17,2987,1999,988,443,720,2267,5.73389286909943,6.00030865432716,5.19485931174089,5.20239503386005,5.78862638888889,5.71650948389942,249
"248",2022,4,6.15,14,6.41,5.5,5,6.5,6.09166666666667,10,4,2,2,12,3001,2009,992,445,722,2279,5.7358340553149,6.00234793429567,5.19608971774194,5.20148539325843,5.79059695290858,5.71848486178148,250
"249",2022,5,5.35555555555556,18,5.99,4.5625,4.25,6.5,5.28823529411765,10,8,4,1,17,3019,2019,1000,449,723,2296,5.73356674395495,6.0022867756315,5.191021,5.19300890868597,5.79157814661134,5.71529921602787,251
"250",2022,6,5.36666666666667,15,5.28571428571429,5.4375,5.25,5.33333333333333,5.375,7,8,2,3,12,3034,2026,1008,451,726,2308,5.73175280158207,5.99981095755183,5.19297718253968,5.19326164079823,5.78968457300275,5.71352989601386,252
"251",2022,7,5.90277777777778,18,6.20454545454545,5.42857142857143,5.5,5.75,5.921875,11,7,3,2,16,3052,2037,1015,454,728,2324,5.73276146788991,6.00091654393716,5.19460197044335,5.19528854625551,5.78957554945055,5.71496428571428,253
"252",2022,8,6,20,6.08333333333333,5.875,5,5,6.05263157894737,12,8,1,1,19,3072,2049,1023,455,729,2343,5.73450130208333,6.00139921913128,5.19992277614858,5.19485934065934,5.78849245541838,5.71770251813914,254
"253",2022,9,5.68461538461538,13,5.84285714285714,5.5,NA,7,5.44545454545455,7,6,0,2,11,3085,2056,1029,455,731,2354,5.73429108589951,6.00085943579767,5.20167249757046,5.19485934065934,5.79180711354309,5.71643033135089,255
"254",2022,10,6.06153846153846,13,6.11428571428571,6,5.5,6,6.08,7,6,2,3,10,3098,2063,1035,457,734,2364,5.7356642995481,6.00124430441105,5.20630048309179,5.19619474835886,5.79265803814714,5.71796827411167,256
"255",2022,11,5.5,12,5.4375,5.625,NA,6,5.4,8,4,0,2,10,3110,2071,1039,457,736,2374,5.73475498392283,5.9990666344761,5.20791241578441,5.19619474835886,5.7932214673913,5.71662889637742,257
"256",2022,12,5.32824083333333,24,5.95851866666667,4.27777777777778,4,4.25,5.42626272727273,15,9,2,2,22,3134,2086,1048,459,738,2396,5.7316419208679,5.99877506232023,5.19992461832061,5.1909825708061,5.78903929539295,5.71396276293823,258
