"","year","month","avg_rating","no_ratings","avg_rating_owned","avg_rating_not_owned","avg_rating_prev_owned","avg_rating_comment","avg_rating_no_comment","no_ratings_owned","no_ratings_not_owned","no_ratings_prev_owned","no_ratings_comment","no_ratings_no_comment","cum_no_ratings","cum_no_ratings_owned","cum_no_ratings_not_owned","cum_no_ratings_prev_owned","cum_no_ratings_comment","cum_no_ratings_no_comment","cum_avg_rating","cum_avg_rating_owned","cum_avg_rating_not_owned","cum_avg_rating_prev_owned","cum_avg_rating_comment","cum_avg_rating_no_comment","month_after_release"
"1",2005,5,8,2,8,8,NA,8,8,1,1,0,1,1,2,1,1,0,1,1,8,8,8,NA,8,8,-17
"2",2005,6,7.5,1,NA,7.5,NA,7.5,NA,0,1,0,1,0,3,1,2,0,2,1,7.83333333333333,8,7.75,NA,7.75,8,-16
"3",2006,9,9,1,9,NA,NA,NA,9,1,0,0,0,1,4,2,2,0,2,2,8.125,8.5,7.75,NA,7.75,8.5,-1
"4",2006,10,5,3,NA,5,8,2,6.5,0,3,1,1,2,7,2,5,1,3,4,6.78571428571429,8.5,6.1,8,5.83333333333333,7.5,0
"5",2006,11,7.2,10,7.42857142857143,6.66666666666667,NA,7.16666666666667,7.21428571428571,7,3,0,3,7,17,9,8,1,6,11,7.02941176470588,7.66666666666667,6.3125,8,6.5,7.31818181818182,1
"6",2006,12,6.75,4,7.5,6,NA,6,7,2,2,0,1,3,21,11,10,1,7,14,6.97619047619048,7.63636363636364,6.25,8,6.42857142857143,7.25,2
"7",2007,1,7.5,4,8,7,NA,7,7.66666666666667,2,2,0,1,3,25,13,12,1,8,17,7.06,7.69230769230769,6.375,8,6.5,7.32352941176471,3
"8",2007,2,6.9308825,4,NA,6.9308825,6,6.5,7.361765,0,4,1,2,2,29,13,16,2,10,19,7.04219068965517,7.69230769230769,6.513970625,7,6.5,7.32755421052632,4
"9",2007,3,7.66666666666667,3,8,7,NA,7.5,8,2,1,0,2,1,32,15,17,2,12,20,7.1007353125,7.73333333333333,6.54256058823529,7,6.66666666666667,7.3611765,5
"10",2007,4,6.86,5,7.075,6,NA,6.33333333333333,7.65,4,1,0,3,2,37,19,18,2,15,22,7.06820351351351,7.59473684210526,6.51241833333333,7,6.6,7.38743318181818,6
"11",2007,5,6.83333333333333,6,6.875,6.75,7.5,6.75,6.875,4,2,1,2,4,43,23,20,3,17,26,7.03543093023256,7.46956521739131,6.5361765,7.16666666666667,6.61764705882353,7.30859730769231,7
"12",2007,6,8,3,8,8,NA,8,8,1,2,0,1,2,46,24,22,3,18,28,7.09833760869565,7.49166666666667,6.66925136363636,7.16666666666667,6.69444444444444,7.35798321428572,8
"13",2007,7,7.2,5,8,7,NA,NA,7.2,1,4,0,0,5,51,25,26,3,18,33,7.10830450980392,7.512,6.72013576923077,7.16666666666667,6.69444444444444,7.33404636363636,9
"14",2007,8,7.11111111111111,9,8.2,5.75,4,7.75,6.6,5,4,1,4,5,60,30,30,4,22,38,7.1087255,7.62666666666667,6.59078433333333,6.375,6.88636363636364,7.23746131578948,10
"15",2007,9,6.94444444444444,18,7.2,6.625,7,6.7,7.03846153846154,10,8,2,5,13,78,40,38,6,27,51,7.07081448717949,7.52,6.59798763157895,6.58333333333333,6.85185185185185,7.18673588235294,11
"16",2007,10,7.01724137931035,29,7.37777777777778,6.42727272727273,7.05,7.34545454545455,6.81666666666667,18,11,4,11,18,107,58,49,10,38,69,7.0562946728972,7.47586206896552,6.55966387755102,6.77,6.99473684210526,7.09019608695652,12
"17",2007,11,6.9458,30,7.28333333333333,6.60826666666667,6.875,6.88082352941176,7.03076923076923,15,15,4,17,13,137,73,64,14,55,82,7.03209875912409,7.43630136986301,6.57105515625,6.8,6.95952727272727,7.08077475609756,13
"18",2007,12,6.54,25,7.1,5.7,6.75,5.88461538461539,7.25,15,10,2,13,12,162,88,74,16,68,94,6.95615759259259,7.37897727272727,6.453345,6.79375,6.75402941176471,7.10237797872341,14
"19",2008,1,6.83225806451613,31,7.28666666666667,6.40625,7.2,6.69166666666667,6.92105263157895,15,16,5,12,19,193,103,90,21,80,113,6.93625663212435,7.36553398058253,6.44497255555556,6.89047619047619,6.744675,7.0718896460177,15
"20",2008,2,6.55,22,6.6875,6.47142857142857,NA,6.6,6.53125,8,14,0,6,16,215,111,104,21,86,129,6.89673269767442,7.31666666666667,6.44853394230769,6.89047619047619,6.73458139534884,7.00483356589147,16
"21",2008,3,6.7551724137931,29,7.14117647058824,6.20833333333333,6.875,6.6,6.9,17,12,4,14,15,244,128,116,25,100,144,6.87990790983607,7.293359375,6.42368560344828,6.888,6.71574,6.99391340277778,17
"22",2008,4,6.84210526315789,19,7.5,5.9375,8,6.5,7.04166666666667,11,8,1,7,12,263,139,124,26,107,156,6.87717692015209,7.30971223021583,6.39231879032258,6.93076923076923,6.7016261682243,6.99758673076923,18
"23",2008,5,6.92941176470588,17,7.1,6.375,6.5,6.91111111111111,6.95,13,4,2,9,8,280,152,128,28,116,164,6.88034832142857,7.29177631578947,6.391777578125,6.9,6.71787931034483,6.99526542682927,19
"24",2008,6,6.79166666666667,18,6.9375,6.5,NA,7.21875,6.45,12,6,0,8,10,298,164,134,28,124,174,6.8749917114094,7.26585365853659,6.39662335820895,6.9,6.7501935483871,6.96392833333333,20
"25",2008,7,6.66818181818182,22,7.3,6.30714285714286,6.75714285714286,6.83076923076923,6.43333333333333,8,14,7,13,9,320,172,148,35,137,183,6.86077353125,7.26744186046512,6.38815898648649,6.87142857142857,6.75783941605839,6.93783349726776,21
"26",2008,8,6.66666666666667,30,7.06666666666667,6.4,6.66666666666667,6.8,6.58947368421053,12,18,6,11,19,350,184,166,41,148,202,6.8441358,7.25434782608696,6.38944295180723,6.84146341463415,6.76097297297297,6.90506698019802,22
"27",2008,9,7.184375,16,7.5,6.77857142857143,6.5,7.5,7.07916666666667,9,7,1,4,12,366,193,173,42,152,214,6.85900964480874,7.26580310880829,6.40518803468208,6.83333333333333,6.78042105263158,6.91482957943925,23
"28",2008,10,6.75,22,7.29166666666667,6.1,NA,6.65,6.83333333333333,12,10,0,10,12,388,205,183,42,162,226,6.85282868556701,7.26731707317073,6.38851109289617,6.83333333333333,6.77237037037037,6.91050234513274,24
"29",2008,11,7.00869565217391,23,7.29375,6.35714285714286,7.45,6.91428571428571,7.05,16,7,2,7,16,411,221,190,44,169,242,6.86155116788321,7.26923076923077,6.38735542105263,6.86136363636364,6.77824852071006,6.91972533057851,25
"30",2008,12,6.95,15,7.075,6.7,8,7,6.925,10,5,1,5,10,426,231,195,45,174,252,6.86466556338028,7.26082251082251,6.39537194871795,6.88666666666667,6.78462068965517,6.91993464285714,26
"31",2009,1,6.72096774193548,31,7.06875,6.35,6.28125,6.03125,6.96086956521739,16,15,8,8,23,457,247,210,53,182,275,6.85491800875273,7.24838056680162,6.3921310952381,6.79528301886792,6.75150549450549,6.92335829090909,27
"32",2009,2,6.36363636363636,22,6.5,6.22727272727273,6.5,6.64285714285714,6.23333333333333,11,11,3,7,15,479,258,221,56,189,290,6.83235392484342,7.21647286821706,6.38392547511312,6.77946428571429,6.74748148148148,6.88766734482759,28
"33",2009,3,6.7445,20,6.98777777777778,6.54545454545455,7,6.57142857142857,6.83769230769231,9,11,1,7,13,499,267,232,57,196,303,6.8288327254509,7.20876404494382,6.39158418103448,6.78333333333333,6.74119387755102,6.88552320132013,29
"34",2009,4,6.92934782608696,23,6.96666666666667,6.859375,NA,7.55357142857143,6.65625,15,8,0,7,16,522,282,240,57,203,319,6.83326155172414,7.1958865248227,6.40717720833333,6.78333333333333,6.76920689655172,6.87402360501567,30
"35",2009,5,6.67592592592593,27,7,6.375,7.0625,6.70833333333333,6.65,13,14,4,12,15,549,295,254,61,215,334,6.82552373406193,7.18725423728814,6.40540366141732,6.80163934426229,6.76580930232558,6.86396266467066,31
"36",2009,6,6.43384615384615,26,6.875,6.23777777777778,7,6.75,6.339,8,18,3,6,20,575,303,272,64,221,354,6.80781309565217,7.1790099009901,6.39431077205882,6.8109375,6.76538009049774,6.83430375706215,32
"37",2009,7,6.41666666666667,18,7,6.04545454545455,7,6,6.5,7,11,2,3,15,593,310,283,66,224,369,6.79594018549747,7.17496774193548,6.38075098939929,6.81666666666667,6.75512946428571,6.82071417344173,33
"38",2009,8,7.07368421052632,19,7.39166666666667,6.52857142857143,7.16666666666667,7.15,7.01818181818182,12,7,3,8,11,612,322,290,69,232,380,6.80456295751634,7.18304347826087,6.38431906896552,6.83188405797101,6.76874568965517,6.82643034210526,34
"39",2009,9,6.62380952380952,21,7.3,6.4125,7,6.66666666666667,6.61666666666667,5,16,3,3,18,633,327,306,72,235,398,6.79856639810426,7.18483180428135,6.38579258169935,6.83888888888889,6.76744255319149,6.81694354271357,35
"40",2009,10,6.67857142857143,14,6.92857142857143,6.42857142857143,NA,6.91666666666667,6.5,7,7,0,6,8,647,334,313,72,241,406,6.7959699072643,7.17946107784431,6.3867492971246,6.83888888888889,6.77115767634855,6.81069834975369,36
"41",2009,11,6.99090909090909,33,7.175,6.70769230769231,6.75,7.10714285714286,6.90526315789474,20,13,4,14,19,680,354,326,76,255,425,6.80543019117647,7.17920903954802,6.39954763803681,6.83421052631579,6.78960392156863,6.81492595294118,37
"42",2009,12,6.52941176470588,17,7,6.46666666666667,6,6.8,6.41666666666667,2,15,5,5,12,697,356,341,81,260,437,6.79869803443328,7.17820224719101,6.40250008797654,6.78271604938272,6.78980384615385,6.80398977116705,38
"43",2010,1,6.278,25,6.505,6.12666666666667,5.98,6.375,6.25952380952381,10,15,5,4,21,722,366,356,86,264,458,6.78066832409972,7.1598087431694,6.39087789325843,6.73604651162791,6.78351893939394,6.77902517467249,39
"44",2010,2,6.75,13,7.16666666666667,6.39285714285714,6,7.25,6.52777777777778,6,7,1,4,9,735,372,363,87,268,467,6.78012589115646,7.15991935483871,6.39091606060606,6.72758620689655,6.79048134328358,6.7741831477516,40
"45",2010,3,6.85227272727273,22,7.2,6.5625,7,7,6.80882352941176,10,12,1,5,17,757,382,375,88,273,484,6.78222262879789,7.16096858638744,6.39640674666667,6.73068181818182,6.79431868131868,6.7753998553719,41
"46",2010,4,6.11363636363636,22,6.85714285714286,5.76666666666667,NA,6.16666666666667,6.09375,7,15,0,6,16,779,389,390,88,279,500,6.76334086007702,7.15550128534704,6.37218597435897,6.73068181818182,6.78082078853047,6.75358706,42
"47",2010,5,6.31578947368421,19,7.125,6.1,7,7,6.1875,4,15,1,3,16,798,393,405,89,282,516,6.75268487468672,7.15519083969466,6.36210501234568,6.73370786516854,6.7831524822695,6.73603397286822,43
"48",2010,6,6.99473684210526,19,7.25,6.71111111111111,6.625,6.875,7.02666666666667,10,9,4,4,15,817,403,414,93,286,531,6.75831399020808,7.15754342431762,6.36969210144927,6.72903225806452,6.78443706293706,6.74424393596987,44
"49",2010,7,6.5,15,7.11111111111111,5.58333333333333,NA,8,6.125,9,6,0,3,12,832,412,420,93,289,543,6.75365688701923,7.15652912621359,6.3584584047619,6.72903225806452,6.7970553633218,6.73055898710865,45
"50",2010,8,6.0625,16,7,5.92857142857143,5.75,6.42857142857143,5.77777777777778,2,14,4,7,9,848,414,434,97,296,552,6.74061619103773,7.1557729468599,6.34459108294931,6.68865979381443,6.78834121621622,6.71502451086956,46
"51",2010,9,6.61538461538461,13,7,6.28571428571429,7.16666666666667,6.1,6.9375,6,7,3,5,8,861,420,441,100,301,560,6.73872535423926,7.15354761904762,6.34365653061224,6.703,6.77690697674419,6.71820273214286,47
"52",2010,10,6.79545454545455,22,7.58333333333333,6.25,6.5,6.6875,6.85714285714286,9,13,2,8,14,883,429,454,102,309,574,6.74013876557191,7.1625641025641,6.34097473568282,6.69901960784314,6.77459223300971,6.72159151567944,48
"53",2010,11,6.88409090909091,22,7.49642857142857,5.8125,6.33333333333333,7.28571428571429,6.69666666666667,14,8,3,7,15,905,443,462,105,316,589,6.74363815469613,7.1731151241535,6.33182365800866,6.68857142857143,6.78591455696203,6.72095675721562,49
"54",2010,12,6.77333333333333,15,7.26,5.8,6.5,7,6.73846153846154,10,5,2,2,13,920,453,467,107,318,602,6.74412231521739,7.17503311258278,6.32612961456103,6.68504672897196,6.78726100628931,6.72133476744186,50
"55",2011,1,6.6775,20,6.65625,6.69166666666667,6.95,6,6.846875,8,12,4,4,16,940,461,479,111,322,618,6.74270481914894,7.16603036876356,6.33528711899791,6.69459459459459,6.77748136645963,6.724585,51
"56",2011,2,6.5,14,6.6375,6.31666666666667,8,7,6.22222222222222,8,6,1,5,9,954,469,485,112,327,627,6.73914311320755,7.15701492537313,6.3350567628866,6.70625,6.78088379204893,6.71737405103668,52
"57",2011,3,6.54117647058824,17,6.90909090909091,5.86666666666667,6.5,6.28,6.65,11,6,1,5,12,971,480,491,113,332,639,6.73567716786818,7.15133333333333,6.32933305498982,6.70442477876106,6.77334036144578,6.71610881064163,53
"58",2011,4,7.03636363636364,11,7,7.05714285714286,7.7,7,7.04444444444444,4,7,2,2,9,982,484,498,115,334,648,6.73904534623218,7.1500826446281,6.33956331325301,6.72173913043478,6.77469760479042,6.72066902777778,54
"59",2011,5,6.886875,16,7.319,6.16666666666667,NA,7.54,6.59,10,6,0,5,11,998,494,504,115,339,659,6.74141536072144,7.1535020242915,6.33750501984127,6.72173913043478,6.78598525073746,6.71848790591806,55
"60",2011,6,6.35416666666667,12,6,6.425,7.5,5.125,6.6,2,10,2,2,10,1010,496,514,117,341,669,6.73681438613861,7.14885080645161,6.33920725680934,6.73504273504273,6.77624340175953,6.71671678624813,56
"61",2011,7,6.37692307692308,13,6.8625,5.6,5.33333333333333,6.78571428571429,5.9,8,5,3,7,6,1023,504,519,120,348,675,6.73224098729228,7.14430555555556,6.33208579961464,6.7,6.77643390804598,6.70945708148148,57
"62",2011,8,6.53235294117647,17,6.76,6.20714285714286,6.23333333333333,6.75,6.50333333333333,10,7,3,2,15,1040,514,526,123,350,690,6.72897358653846,7.13682879377432,6.3304230608365,6.68861788617886,6.77628285714286,6.70497613043478,58
"63",2011,9,6.35714285714286,7,6.9,5,5,7.25,6,5,2,1,2,5,1047,519,528,124,352,695,6.7264876122254,7.1345472061657,6.32538357954545,6.675,6.77897443181818,6.69990435971223,59
"64",2011,10,6.96666666666667,15,7.55555555555556,6.08333333333333,6.5,7,6.96428571428571,9,6,2,1,14,1062,528,534,126,353,709,6.72987997175141,7.14172348484848,6.32266391385768,6.67222222222222,6.77960056657224,6.70512486600846,60
"65",2011,11,6.79411764705882,17,7.55,5.71428571428571,5.66666666666667,5.8,7.20833333333333,10,7,3,5,12,1079,538,541,129,358,721,6.73089205746061,7.14931226765799,6.31479210720887,6.64883720930233,6.76591899441341,6.71350004160887,61
"66",2011,12,6.33333333333333,12,6.75,5.91666666666667,NA,7,6,6,6,0,4,8,1091,544,547,129,362,729,6.72651927589367,7.14490808823529,6.31042510054845,6.64883720930233,6.76850552486188,6.70567013717421,62
"67",2012,1,6.51875,16,7.18333333333333,6.12,6.05,7.2,6.36153846153846,6,10,4,3,13,1107,550,557,133,365,742,6.72351628726287,7.14532727272727,6.30700633752244,6.63082706766917,6.77205205479452,6.69964087601078,63
"68",2012,2,6.575,12,7.25,6.2375,6,6.23333333333333,6.68888888888889,4,8,1,3,9,1119,554,565,134,368,751,6.72192361930295,7.14608303249097,6.30602217699115,6.62611940298507,6.76766032608696,6.69951202396804,64
"69",2012,3,6.67857142857143,14,7.5,6.0625,6,6.33333333333333,6.77272727272727,6,8,1,3,11,1133,560,573,135,371,762,6.72138793468667,7.149875,6.30262221640489,6.62148148148148,6.76414824797844,6.70056893700787,65
"70",2012,4,6.63888888888889,9,6.9375,6.4,6,6.5,6.67857142857143,4,5,1,2,7,1142,564,578,136,373,769,6.7207377670753,7.14836879432624,6.30346458477509,6.61691176470588,6.76273190348525,6.70036869960988,66
"71",2012,5,6.31666666666667,6,6.43333333333333,6.2,5.75,NA,6.31666666666667,3,3,2,0,6,1148,567,581,138,373,775,6.71862589721254,7.14458553791887,6.30293034423408,6.60434782608696,6.76273190348525,6.6973981032258,67
"72",2012,6,6.53846153846154,13,7.33333333333333,5.85714285714286,6.375,6.6,6.5,6,7,4,5,8,1161,573,588,142,378,783,6.71660855297157,7.14656195462478,6.29762335034013,6.59788732394366,6.76057936507936,6.69538126436781,68
"73",2012,7,6.73555555555556,9,7.75,5.924,6,6.66666666666667,6.77,4,5,1,3,6,1170,577,593,143,381,789,6.7167542991453,7.1507452339688,6.29447306913996,6.59370629370629,6.75983989501312,6.69594870722433,69
"74",2012,8,7,8,7.16666666666667,6.5,NA,7.25,6.75,6,2,0,4,4,1178,583,595,143,385,793,6.71867786926995,7.15090909090909,6.29516391596638,6.59370629370629,6.76493246753247,6.69622134930643,70
"75",2012,9,6.11111111111111,9,6.25,5.83333333333333,5,5.16666666666667,6.58333333333333,6,3,2,3,6,1187,589,598,145,388,799,6.71407121314237,7.14173174872665,6.29284704013378,6.57172413793103,6.75257474226804,6.69537362953692,71
"76",2012,10,6.17071428571429,14,6.6,5.93222222222222,6.75,5.25,6.32416666666667,5,9,2,2,12,1201,594,607,147,390,811,6.70773732722731,7.13717171717172,6.28750004942339,6.57414965986395,6.74486923076923,6.68988104808878,72
"77",2012,11,6.35714285714286,7,7.66666666666667,5.375,6.25,6,6.41666666666667,3,4,2,1,6,1208,597,611,149,391,817,6.70570573675497,7.13983249581239,6.28152623567921,6.56979865771812,6.7429641943734,6.68787457772338,73
"78",2012,12,5.5,2,NA,5.5,NA,6,5,0,2,0,1,1,1210,597,613,149,392,818,6.70371283471074,7.13983249581239,6.27897639477977,6.56979865771812,6.74106887755102,6.68581116136919,74
"79",2013,1,6,7,6,6,6,NA,6,1,6,1,0,7,1217,598,619,150,392,825,6.69966518488085,7.13792642140468,6.27627226171244,6.566,6.74106887755102,6.67999215757576,75
"80",2013,2,6.95,10,6.9,7,7.25,6.91666666666667,7,5,5,2,6,4,1227,603,624,152,398,829,6.70170540342298,7.1359535655058,6.28207136217949,6.575,6.74371608040201,6.6815362243667,76
"81",2013,3,6.93636363636364,11,6.8,7.05,7.25,7,6.93,5,6,2,1,10,1238,608,630,154,399,839,6.70379041195477,7.13319078947368,6.28938496825397,6.58376623376623,6.74435839598997,6.68449765196663,77
"82",2013,4,6.31428571428571,7,7,6.2,6.6,6,6.36666666666667,1,6,2,1,6,1245,609,636,156,400,845,6.70160042570281,7.13297208538588,6.28854171383648,6.58397435897436,6.7424975,6.68224086390532,78
"83",2013,5,6.92307692307692,13,6.81818181818182,7.5,NA,7,6.88888888888889,11,2,0,4,9,1258,620,638,156,404,854,6.70388913354531,7.12738709677419,6.29233938871473,6.58397435897436,6.74504702970297,6.68441865339578,79
"84",2013,6,6.33333333333333,6,6.75,5.5,5.5,NA,6.33333333333333,4,2,2,0,6,1264,624,640,158,404,860,6.70213016613924,7.12496794871795,6.289863328125,6.57025316455696,6.74504702970297,6.68196922093023,80
"85",2013,7,5.58333333333333,6,7.16666666666667,4,4,4,5.9,3,3,1,1,5,1270,627,643,159,405,865,6.69684451181102,7.12516746411483,6.27917967340591,6.55408805031446,6.73826913580247,6.67744916763006,81
"86",2013,8,7.4,5,8.33333333333333,6,7,8.5,6.66666666666667,3,2,1,2,3,1275,630,645,160,407,868,6.69960198431373,7.13092063492063,6.278314,6.556875,6.74692628992629,6.67741190092166,82
"87",2013,9,6.24545454545455,11,6.24,6.25,5,5,6.52222222222222,5,6,1,2,9,1286,635,651,161,409,877,6.69571736391913,7.12390551181102,6.27805304147465,6.5472049689441,6.73838386308068,6.67581930444698,83
"88",2013,10,5.97727272727273,22,7,5.75,6.25,6.7,5.76470588235294,4,18,2,5,17,1308,639,669,163,414,894,6.68363343272171,7.12312989045383,6.26384533632287,6.54355828220859,6.73792028985507,6.65849388143176,84
"89",2013,11,6.41071428571429,14,7,6.08333333333333,NA,6.33333333333333,6.43181818181818,5,9,0,3,11,1322,644,678,163,417,905,6.68074321482602,7.12217391304348,6.26144915929203,6.54355828220859,6.73500959232614,6.65573870718232,85
"90",2013,12,6.5,7,6.66666666666667,6.375,NA,7.25,6.2,3,4,0,2,5,1329,647,682,163,419,910,6.67979121896163,7.12006182380216,6.26211514662756,6.54355828220859,6.73746778042959,6.65323464835165,86
"91",2014,1,6.89,10,7.5,6.28,7,7.05714285714286,6.5,5,5,1,7,3,1339,652,687,164,426,913,6.68136111277072,7.1229754601227,6.26224531295487,6.54634146341463,6.74272065727699,6.65273113910186,87
"92",2014,2,6.14285714285714,14,6.25,6.125,6.25,6.83333333333333,5.95454545454545,2,12,4,3,11,1353,654,699,168,429,924,6.67578900960828,7.12030581039755,6.2598891702432,6.53928571428571,6.74335431235431,6.6444194047619,88
"93",2014,3,6.84,10,7.06666666666667,6.5,7,7.45,6.6875,6,4,1,2,8,1363,660,703,169,431,932,6.67699378576669,7.11981818181818,6.2612553769559,6.54201183431953,6.74663341067285,6.64478919527897,89
"94",2014,4,6.60714285714286,7,7.41666666666667,6,6,5.5,7.05,3,4,1,2,5,1370,663,707,170,433,937,6.67663688321168,7.12116138763197,6.25977727015558,6.53882352941176,6.7408752886836,6.64695147278548,90
"95",2014,5,6.98571428571429,7,7.125,6.8,6,NA,6.98571428571429,4,3,1,0,7,1377,667,710,171,433,944,6.67820808278867,7.1211844077961,6.26205990140845,6.53567251461988,6.7408752886836,6.64946348516949,91
"96",2014,6,6.875,8,7.4,6,7,8,6.71428571428571,5,3,1,1,7,1385,672,713,172,434,951,6.67934478700361,7.12325892857143,6.26095726507713,6.53837209302326,6.74377649769585,6.64994062039958,92
"97",2014,7,6.6,10,6.33333333333333,6.71428571428571,7.5,8.16666666666667,5.92857142857143,3,7,3,3,7,1395,675,720,175,437,958,6.67877600716846,7.11974814814815,6.265364625,6.55485714285714,6.75354462242563,6.64466965553236,93
"98",2014,8,6.05555555555556,9,7.25,5.1,NA,7.4,5.67142857142857,4,5,0,2,7,1404,679,725,175,439,965,6.6747810042735,7.12051546391752,6.2573276275862,6.55485714285714,6.75648974943052,6.63760987564767,94
"99",2014,9,6.22142857142857,14,6.625,6.06,5.825,5.71666666666667,6.6,4,10,4,6,8,1418,683,735,179,445,973,6.67030502820874,7.11761346998536,6.25464289795918,6.53854748603352,6.74246966292135,6.63730064748201,95
"100",2014,10,6.25,16,6.4375,6.0625,6,6,6.33333333333333,8,8,2,4,12,1434,691,743,181,449,985,6.66561543235704,7.10973950795948,6.25257406460296,6.53259668508287,6.73585523385301,6.63359749238578,96
"101",2014,11,6.558,10,7.6,5.516,NA,7,6.50888888888889,5,5,0,1,9,1444,696,748,181,450,994,6.66487017313019,7.11326149425287,6.24765044117647,6.53259668508287,6.73644222222222,6.63246834004024,97
"102",2014,12,6,10,6.8,5.2,6.5,6.25,5.83333333333333,5,5,2,4,6,1454,701,753,183,454,1000,6.66029747592847,7.11102710413695,6.24069393094289,6.53224043715847,6.7321563876652,6.62767353,98
"103",2015,1,7.03,10,7.66,6.4,6,7.5,6.97777777777778,5,5,2,1,9,1464,706,758,185,455,1009,6.66282276639344,7.11491501416431,6.24174476253298,6.52648648648649,6.73384395604396,6.63079636273538,99
"104",2015,2,6.975,12,7.36666666666667,6.58333333333333,NA,6.25,7.12,6,6,0,2,10,1476,712,764,185,457,1019,6.66536079268293,7.11703651685393,6.24442739528796,6.52648648648649,6.73172647702407,6.63559718351325,100
"105",2015,3,6.88888888888889,9,8,6,5.66666666666667,6,7,4,5,3,1,8,1485,716,769,188,458,1027,6.66671550841751,7.12196927374302,6.24283814044213,6.51276595744681,6.7301288209607,6.63843576436222,101
"106",2015,4,6.17777777777778,9,7.53333333333333,5.5,5.75,7,6.075,3,6,2,1,8,1494,719,775,190,459,1035,6.66377010040161,7.12368567454798,6.23708713548387,6.50473684210526,6.73071677559913,6.63408070531401,102
"107",2015,5,6.36363636363636,11,6.8,6,5.5,5,6.66666666666667,5,6,2,2,9,1505,724,781,192,461,1044,6.66157643189369,7.12145027624309,6.2352657234315,6.49427083333333,6.72320824295011,6.63436161877394,103
"108",2015,6,5.96666666666667,9,6.86,4.85,NA,5,6.0875,5,4,0,1,8,1514,729,785,192,462,1052,6.65744552840159,7.11965706447188,6.22820704458598,6.49427083333333,6.71947835497836,6.63020297528517,104
"109",2015,7,6.4,8,6.5,6.34,NA,7,6.31428571428571,3,5,0,1,7,1522,732,790,192,463,1059,6.65609233245729,7.1171174863388,6.2289145949367,6.49427083333333,6.72008423326134,6.6281147592068,105
"110",2015,8,6.74,10,6.75,6.7375,6.66666666666667,6.6,6.88,2,8,3,5,5,1532,734,798,195,468,1064,6.65664003263708,7.11611716621253,6.23401319548872,6.49692307692308,6.71880128205128,6.62929843045112,106
"111",2015,9,6.61111111111111,9,8.33333333333333,5.75,5.75,6.75,6.5,3,6,2,4,5,1541,737,804,197,472,1069,6.65637412719014,7.12107191316146,6.23040115671641,6.48934010152284,6.7190656779661,6.62869366697848,107
"112",2015,10,6.55714285714286,7,6.98,5.5,NA,7.7,6.1,5,2,0,2,5,1548,742,806,197,474,1074,6.65592540697674,7.12012129380054,6.22858874689826,6.48934010152284,6.72320464135021,6.62623233705773,108
"113",2015,11,6.29583333333333,12,7.05,5.75714285714286,5.66666666666667,5.25,6.64444444444444,5,7,3,3,9,1560,747,813,200,477,1083,6.65315546794872,7.11965194109772,6.22452955719557,6.477,6.7139392033543,6.62638368421052,109
"114",2015,12,5.55,10,5.875,5.33333333333333,6,7,5.38888888888889,4,6,3,1,9,1570,751,819,203,478,1092,6.646129,7.11302263648469,6.21800064713064,6.46995073891626,6.71453765690377,6.61618455128205,110
"115",2016,1,6.59090909090909,11,7,6.35714285714286,7,6.16666666666667,6.75,4,7,1,3,8,1581,755,826,204,481,1100,6.64574480075901,7.1124238410596,6.21917981840193,6.47254901960784,6.71112058212058,6.61715775454545,111
"116",2016,2,6.5,5,6.5,6.5,NA,6,6.625,3,2,0,1,4,1586,758,828,204,482,1104,6.64528532786885,7.11,6.21985812801932,6.47254901960784,6.70964522821577,6.61718616847826,112
"117",2016,3,7.45,8,8.22,6.16666666666667,5.75,8.5,7.1,5,3,2,2,6,1594,763,831,206,484,1110,6.64932404642409,7.11727391874181,6.21966610108303,6.46553398058252,6.71704338842975,6.61979597297297,113
"118",2016,4,6.75,8,7.5,6.5,7,5.5,6.92857142857143,2,6,1,1,7,1602,765,837,207,485,1117,6.64982679775281,7.11827450980392,6.22167566308243,6.46811594202898,6.71453402061856,6.62173100268576,114
"119",2016,5,6.4625,8,7.5,5.84,NA,5.9,6.8,3,5,0,3,5,1610,768,842,207,488,1122,6.64889598136646,7.119765625,6.21940918052256,6.46811594202898,6.70952663934426,6.62252542780748,115
"120",2016,6,6.58333333333333,6,7,6.375,6.5,7,6.5,2,4,1,1,5,1616,770,846,208,489,1127,6.64865255569307,7.11945454545454,6.22014483451536,6.46826923076923,6.71012065439673,6.62198183673469,116
"121",2016,7,6.66666666666667,9,8.5,6.14285714285714,NA,7.75,6.35714285714286,2,7,0,2,7,1625,772,853,208,491,1134,6.64875232615385,7.1230310880829,6.21951058616647,6.46826923076923,6.71435641547862,6.62034702821869,117
"122",2016,8,6,4,6,6,NA,5,6.33333333333333,1,3,0,1,3,1629,773,856,208,492,1137,6.64715931860037,7.12157826649418,6.21874127336448,6.46826923076923,6.71087195121951,6.61958973614775,118
"123",2016,9,5.93636363636364,11,6.66666666666667,5.6625,2,6,5.93,3,8,1,1,10,1640,776,864,209,493,1147,6.64239178658537,7.11981958762887,6.2135908912037,6.44688995215311,6.70943002028398,6.61357761987794,119
"124",2016,10,7,7,7.75,6,5.5,8,6.6,4,3,2,2,5,1647,780,867,211,495,1152,6.64391167577413,7.12305128205128,6.21285182237601,6.43791469194313,6.71464444444444,6.61351868923611,120
"125",2016,11,6.5375,8,7.16,5.5,NA,7,6.38333333333333,5,3,0,2,6,1655,785,870,211,497,1158,6.64339729909365,7.12328662420382,6.21039371264367,6.43791469194313,6.71579275653924,6.61232601899827,121
"126",2016,12,6.9,7,7.5,6.45,6,6,7.05,3,4,1,1,6,1662,788,874,212,498,1164,6.64447805655836,7.12472081218274,6.21149030892448,6.43584905660377,6.71435542168675,6.61458207044673,122
"127",2017,1,6.1,5,6.83333333333333,5,7,6.5,5.83333333333333,3,2,1,2,3,1667,791,876,213,500,1167,6.6428449490102,7.12361567635904,6.20872434931507,6.43849765258216,6.713498,6.61257371893744,123
"128",2017,2,6.55769230769231,13,7,5.85,6.5,5.75,6.625,8,5,1,1,12,1680,799,881,214,501,1179,6.6421860297619,7.12237797246558,6.20668845629966,6.43878504672897,6.7115748502994,6.61270019508057,124
"129",2017,3,6,6,9,5.4,NA,6.5,5.5,1,5,0,3,3,1686,800,886,214,504,1182,6.63990067022538,7.124725,6.20213603837471,6.43878504672897,6.71031547619048,6.60987608291032,125
"130",2017,4,6.57142857142857,7,7.66666666666667,5.75,5.66666666666667,5.66666666666667,7.25,3,4,3,3,4,1693,803,890,217,507,1186,6.63961756054341,7.1267496886675,6.20010396629213,6.42811059907834,6.70414003944773,6.6120350168634,126
"131",2017,5,6.71428571428571,7,7.66666666666667,6,6,5,7,3,4,1,1,6,1700,806,894,218,508,1192,6.63992501764706,7.12875930521092,6.19920864653244,6.42614678899082,6.70078543307087,6.61398786073825,127
"132",2017,6,7.1,7,7.24,6.75,NA,8,6.74,5,2,0,2,5,1707,811,896,218,510,1197,6.64181167545401,7.12944512946979,6.20043809151785,6.42614678899082,6.70588039215686,6.61451422723475,128
"133",2017,7,7.25,4,7,7.33333333333333,NA,NA,7.25,1,3,0,0,4,1711,812,899,218,510,1201,6.64323350672122,7.12928571428571,6.20421860956618,6.42614678899082,6.70588039215686,6.61663074937552,129
"134",2017,8,7.33333333333333,3,8.5,5,NA,9,6.5,2,1,0,1,2,1714,814,900,218,511,1203,6.64444138273045,7.13265356265356,6.20288058888889,6.42614678899082,6.7103698630137,6.61643684954281,130
"135",2017,9,6.8,7,6.53333333333333,7,7,NA,6.8,3,4,1,0,7,1721,817,904,219,511,1210,6.64507410226612,7.13045287637699,6.2064076659292,6.42876712328767,6.7103698630137,6.61749878512396,131
"136",2017,10,6.43,10,6.88333333333333,5.75,NA,6.16666666666667,6.54285714285714,6,4,0,3,7,1731,823,908,219,514,1217,6.6438316175621,7.12865127582017,6.20439705947136,6.42876712328767,6.70719649805448,6.61706945768282,132
"137",2017,11,6.53846153846154,13,6.85714285714286,6.16666666666667,6,6.5,6.6,7,6,1,8,5,1744,830,914,220,522,1222,6.64304617545872,7.12636144578313,6.20414937636761,6.42681818181818,6.70402107279694,6.61699961538461,133
"138",2017,12,6.05,16,6.3,5.93636363636364,5.625,5.75,6.09285714285714,5,11,4,2,14,1760,835,925,224,524,1236,6.63765484659091,7.12141317365269,6.20096489729729,6.4125,6.70037977099237,6.61106272653721,134
"139",2018,1,6.83333333333333,6,6.8,7,NA,NA,6.83333333333333,5,1,0,0,6,1766,840,926,224,524,1242,6.63831966591166,7.1195,6.2018277861771,6.4125,6.70037977099237,6.61213649758454,135
"140",2018,2,6.60727272727273,11,6.96,6.31333333333333,6,7.33333333333333,6.335,5,6,2,3,8,1777,845,932,226,527,1250,6.63812747889702,7.11855621301775,6.20254563304721,6.40884955752212,6.70398292220114,6.610362824,136
"141",2018,3,5.85714285714286,7,7,5.4,6,5.33333333333333,6.25,2,5,2,3,4,1784,847,937,228,530,1254,6.63506307735426,7.11827626918536,6.19826310565635,6.40526315789474,6.69622452830189,6.60921334130781,137
"142",2018,4,6.7,8,6.84,6.46666666666667,NA,NA,6.7,5,3,0,0,8,1792,852,940,228,530,1262,6.63535297433036,7.11664319248826,6.19911971276595,6.40526315789474,6.69622452830189,6.60978885103011,138
"143",2018,5,5.78461538461538,13,6.2,5.525,NA,7.25,5.51818181818182,5,8,0,2,11,1805,857,948,228,532,1273,6.62922577839335,7.11129521586931,6.19343093881856,6.40526315789474,6.69830639097744,6.60035626865672,139
"144",2018,6,6,5,NA,6,6,6,6,0,5,2,2,3,1810,857,953,230,534,1276,6.62748758563536,7.11129521586931,6.19241608604407,6.40173913043478,6.69569101123596,6.59894477272727,140
"145",2018,7,6.9,5,7.16666666666667,6.5,6.5,6.75,7,3,2,1,2,3,1815,860,955,231,536,1279,6.62823830853994,7.11148837209302,6.19306024083769,6.4021645021645,6.69589365671642,6.59988548084441,141
"146",2018,8,6.44444444444444,9,7.75,5.4,NA,5,6.625,4,5,0,1,8,1824,864,960,231,537,1287,6.62733143092105,7.11444444444444,6.18892971875,6.4021645021645,6.6927355679702,6.60004159285159,142
"147",2018,9,5.76666666666667,6,NA,5.76666666666667,5.6,6,5.72,0,6,1,1,5,1830,864,966,232,538,1292,6.62450957923497,7.11444444444444,6.1863069668737,6.39870689655172,6.69144795539033,6.59663585913313,143
"148",2018,10,6.81666666666667,12,7.26666666666667,6.36666666666667,NA,7.55,6.67,6,6,0,2,10,1842,870,972,232,540,1302,6.62576141693811,7.11549425287356,6.18742029835391,6.39870689655172,6.69462777777778,6.59719933179724,144
"149",2018,11,6.52857142857143,7,7,6.45,6.25,NA,6.52857142857143,1,6,2,0,7,1849,871,978,234,540,1309,6.62539347214711,7.1153616532721,6.18903121676891,6.3974358974359,6.69462777777778,6.59683233766234,145
"150",2018,12,6.41428571428571,7,7,6.18,6,NA,6.41428571428571,2,5,1,0,7,1856,873,983,235,540,1316,6.62459726831897,7.11509736540664,6.18898527975585,6.39574468085106,6.69462777777778,6.5958613449848,146
"151",2019,1,7.025,8,7.64,6,NA,7.23333333333333,6.9,5,3,0,3,5,1864,878,986,235,543,1321,6.62631573497854,7.11808656036446,6.18841027383367,6.39574468085106,6.69760405156538,6.59701251324754,147
"152",2019,2,5.59166666666667,6,6.15,5.3125,6,4.75,6.0125,2,4,1,2,4,1870,880,990,236,545,1325,6.62299600534759,7.11588636363636,6.18487124242424,6.39406779661017,6.69045688073394,6.59524794716981,148
"153",2019,3,6.41428571428571,7,6.5,6.38,7,7,6.31666666666667,2,5,1,1,6,1877,882,995,237,546,1331,6.62221765050613,7.11448979591837,6.18585178894472,6.39662447257384,6.69102380952381,6.59399213373403,149
"154",2019,4,6.7,5,6.875,6,NA,NA,6.7,4,1,0,0,5,1882,886,996,237,546,1336,6.62242429861849,7.1134085778781,6.18566519076305,6.39662447257384,6.69102380952381,6.59438886976048,150
"155",2019,5,6.6,8,7.2,5.6,NA,8,6.13333333333333,5,3,0,2,6,1890,891,999,237,548,1342,6.62232938095238,7.11389450056117,6.18390643643643,6.39662447257384,6.69580109489051,6.59232751862891,151
"156",2019,6,6.125,8,7,5.6,5,6,6.14285714285714,3,5,1,1,7,1898,894,1004,238,549,1349,6.62023315595363,7.11351230425056,6.18099853585657,6.39075630252101,6.69453369763206,6.58999520385471,152
"157",2019,7,7.5,4,7.5,NA,NA,8,7.33333333333333,4,0,0,1,3,1902,898,1004,238,550,1352,6.6220833491062,7.11523385300668,6.18099853585657,6.39075630252101,6.69690727272727,6.59164462278106,153
"158",2019,8,6.0625,8,6.5,5.91666666666667,5.75,5.75,6.16666666666667,2,6,2,2,6,1910,900,1010,240,552,1358,6.61973954450262,7.11386666666667,6.17942824752475,6.38541666666667,6.69347644927536,6.58976695876289,154
"159",2019,9,6.58333333333333,6,7.5,6.125,6.5,7.33333333333333,5.83333333333333,2,4,2,3,3,1916,902,1014,242,555,1361,6.61962553757829,7.11472283813747,6.17921354043392,6.38636363636364,6.69693513513513,6.5880995811903,155
"160",2019,10,6.4125,8,6,7.1,7,4,6.75714285714286,5,3,1,1,7,1924,907,1017,243,556,1368,6.61876430873181,7.10857772877619,6.18192972468043,6.38888888888889,6.6920845323741,6.58896456871345,156
"161",2019,11,6.27272727272727,11,7.75,5.42857142857143,5,7.66666666666667,5.75,4,7,1,3,8,1935,911,1024,244,559,1376,6.61679717312661,7.11139407244786,6.17677981445312,6.38319672131147,6.69731484794275,6.58408686773256,157
"162",2019,12,7.275,8,7.55,7,6.5,7,7.31428571428571,4,4,2,1,7,1943,915,1028,246,560,1383,6.61950722079259,7.11331147540984,6.17998300583657,6.38414634146341,6.69785535714286,6.58778274041938,158
"163",2020,1,6.25,8,7.1,4.83333333333333,4.25,NA,6.25,5,3,2,0,8,1951,920,1031,248,560,1391,6.61799207073296,7.11323913043478,6.17606452958293,6.36693548387097,6.69785535714286,6.58584006470165,159
"164",2020,2,6.625,16,7.5,5.94444444444444,5,7.7,6.13636363636364,7,9,1,5,11,1967,927,1040,249,565,1402,6.6180490747331,7.11615965480043,6.174060125,6.36144578313253,6.70672389380531,6.5823135021398,160
"165",2020,3,6.22727272727273,11,6.25,6.2,6.33333333333333,NA,6.22727272727273,6,5,3,0,11,1978,933,1045,252,565,1413,6.61587589989889,7.11058949624866,6.17418423923445,6.36111111111111,6.70672389380531,6.57954956121727,161
"166",2020,4,6.93833333333333,6,7.1575,6.5,7,7,6.926,4,2,1,1,5,1984,937,1047,253,566,1418,6.61685107358871,7.11078975453575,6.17480661891117,6.36363636363636,6.70724204946996,6.58077117771509,162
"167",2020,5,6.44,5,7.06666666666667,5.5,NA,NA,6.44,3,2,0,0,5,1989,940,1049,253,566,1423,6.61640650075415,7.11064893617021,6.17352004766444,6.36363636363636,6.70724204946996,6.58027654954322,163
"168",2020,6,7.2,10,7.5,6,NA,8,6.85714285714286,8,2,0,3,7,1999,948,1051,253,569,1430,6.61932592796398,7.11393459915612,6.17318984776403,6.36363636363636,6.71405799648506,6.58163183916084,164
"169",2020,7,6.25,8,7,6,NA,6.5,6.16666666666667,2,6,0,2,6,2007,950,1057,253,571,1436,6.61785377678127,7.11369473684211,6.17220674550615,6.36363636363636,6.71330823117338,6.57989800139276,165
"170",2020,8,5.98,5,5.63333333333333,6.5,6,NA,5.98,3,2,1,0,5,2012,953,1059,254,571,1441,6.61626865308151,7.10903462749213,6.17282580736544,6.36220472440945,6.71330823117338,6.57781646773074,166
"171",2020,9,6,8,6.5,5.7,5,NA,6,3,5,1,0,8,2020,956,1064,255,571,1449,6.61382798514851,7.10712343096234,6.17060388157894,6.35686274509804,6.71330823117338,6.57462631469979,167
"172",2020,10,6.83928571428571,14,7.19444444444444,6.2,6.5,7,6.79545454545455,9,5,2,3,11,2034,965,1069,257,574,1460,6.61537980825959,7.1079378238342,6.17074137511693,6.3579766536965,6.71480662020906,6.5762900890411,168
"173",2020,11,7.50833333333333,12,7.875,6.775,NA,7.5,7.50909090909091,8,4,0,1,11,2046,973,1073,257,575,1471,6.62061707233627,7.11424460431655,6.17299397017707,6.3579766536965,6.71617217391304,6.5832654860639,169
"174",2020,12,6.73,10,8,5.88333333333333,NA,3,7.14444444444444,4,6,0,1,9,2056,977,1079,257,576,1480,6.62114909046693,7.11787103377687,6.17138325301204,6.3579766536965,6.70972048611111,6.58667806081081,170
"175",2021,1,6.16666666666667,6,NA,6.16666666666667,7.25,NA,6.16666666666667,0,6,2,0,6,2062,977,1085,259,576,1486,6.61982663918526,7.11787103377687,6.17135717050691,6.36486486486486,6.70972048611111,6.58498218707941,171
"176",2021,2,6.44285714285714,7,8.36666666666667,5,NA,8.8,5.5,3,4,0,2,5,2069,980,1089,259,578,1491,6.61922790236829,7.12169387755102,6.16705466483012,6.36486486486486,6.71695328719723,6.58134374916164,172
"177",2021,3,5.375,6,7.5,4.3125,4,6.25,5.2,2,4,1,1,5,2075,982,1093,260,579,1496,6.61563013493976,7.12246435845214,6.16026763952424,6.35576923076923,6.71614680483592,6.57672695855615,173
"178",2021,4,6.2,5,7,5,NA,7.5,5.33333333333333,3,2,0,2,3,2080,985,1095,260,581,1499,6.61463102403846,7.12209137055838,6.15814842922374,6.35576923076923,6.71884509466437,6.57423851234156,174
"179",2021,5,6.64,10,7,6.48571428571429,NA,7,6.6,3,7,0,1,9,2090,988,1102,260,582,1508,6.61475240669856,7.12172064777328,6.16022915607985,6.35576923076923,6.71932817869416,6.57439226127321,175
"180",2021,6,7.375,4,7.16666666666667,8,8,8,7.16666666666667,3,1,1,1,3,2094,991,1103,261,583,1511,6.61620464660936,7.12185671039354,6.16189712601994,6.36206896551724,6.72152487135506,6.57556818663137,176
"181",2021,7,7.2,6,7.425,6.75,NA,NA,7.2,4,2,0,0,6,2100,995,1105,261,583,1517,6.61787263333333,7.12307537688442,6.16296156561086,6.36206896551724,6.72152487135506,6.57803792353329,177
"182",2021,8,5.28571428571429,7,7,4,1,7,4.6,3,4,1,2,5,2107,998,1109,262,585,1522,6.61344685809207,7.12270541082164,6.15516008115419,6.34160305343511,6.72247692307692,6.57153977003942,178
"183",2021,9,7.04,5,7.5,6.73333333333333,NA,8,6.8,2,3,0,1,4,2112,1000,1112,262,586,1526,6.61445669034091,7.12346,6.15671990107913,6.34160305343511,6.72465699658703,6.57213861730013,179
"184",2021,10,6.26428571428571,14,7.11666666666667,5.625,4,6.23333333333333,6.27272727272727,6,8,1,3,11,2126,1006,1120,263,589,1537,6.61215076669802,7.12341948310139,6.15292190178571,6.33269961977186,6.7221544991511,6.56999579050098,180
"185",2021,11,7.125,4,7.16666666666667,7,7,7,7.25,3,1,1,2,2,2130,1009,1121,264,591,1539,6.61311386384977,7.12354806739346,6.15367754683318,6.33522727272727,6.72309475465313,6.57087948667966,181
"186",2021,12,6.33333333333333,6,7,6,6,9,5.8,2,4,2,1,5,2136,1011,1125,266,592,1544,6.61232796348315,7.12330365974283,6.15313113777778,6.33270676691729,6.72694087837838,6.56838311528497,182
"187",2022,1,6.28571428571429,7,6.33333333333333,6.25,7,7.5,5.8,3,4,1,2,5,2143,1014,1129,267,594,1549,6.61126109659356,7.12096646942801,6.153474340124,6.33520599250936,6.72954377104377,6.56590285990962,183
"188",2022,2,6.3,5,6.66666666666667,5.75,5,5,6.625,3,2,1,1,4,2148,1017,1131,268,595,1553,6.61053655959032,7.11962635201573,6.1527608576481,6.33022388059701,6.72663697478991,6.56605507405023,184
"189",2022,3,6.52818181818182,11,7,6.135,5,6.31,6.55,5,6,1,1,10,2159,1022,1137,269,596,1563,6.61011696618805,7.11904109589041,6.15266713280563,6.32527881040892,6.72593791946309,6.56595235444658,185
"190",2022,4,6.08333333333333,6,7,5.9,NA,NA,6.08333333333333,1,5,0,0,6,2165,1023,1142,269,596,1569,6.60865705773672,7.1189247311828,6.15156088441331,6.32527881040892,6.72593791946309,6.56410677501593,186
"191",2022,5,6.63888888888889,9,6.75,6.55,4,NA,6.63888888888889,4,5,1,0,9,2174,1027,1147,270,596,1578,6.6087822125115,7.11748782862707,6.15329775937227,6.31666666666666,6.72593791946309,6.56453328897338,187
"192",2022,6,6.9625,8,7.55,6.375,NA,7.05,6.875,4,4,0,4,4,2182,1031,1151,270,600,1582,6.61007906966086,7.11916585838991,6.15406822762815,6.31666666666666,6.72809833333333,6.56531828697851,188
"193",2022,7,6.75,6,7.5,6,7.5,6.33333333333333,7.16666666666667,3,3,1,3,3,2188,1034,1154,271,603,1585,6.61046276508227,7.12027079303675,6.15366770363951,6.3210332103321,6.72613432835821,6.56645648580442,189
"194",2022,8,6.94,10,6.66666666666667,7.05714285714286,6,6,7.04444444444444,3,7,1,1,9,2198,1037,1161,272,604,1594,6.61196202456779,7.11895853423337,6.15911501291989,6.31985294117647,6.7249321192053,6.56915528858218,190
"195",2022,9,7.38333333333333,6,7.46,7,NA,6,7.66,5,1,0,1,5,2204,1042,1162,272,605,1599,6.61406194646098,7.12059500959693,6.15983866609294,6.31985294117647,6.72373388429752,6.57256631019387,191
"196",2022,10,5.4,6,6.13333333333333,4.66666666666667,NA,6.13333333333333,4.66666666666667,3,3,0,3,3,2210,1045,1165,272,608,1602,6.61076585067873,7.11776076555024,6.15599358798283,6.31985294117647,6.72082072368421,6.56899720973783,192
"197",2022,11,6.38,5,6.63333333333333,6,NA,NA,6.38,3,2,0,0,5,2215,1048,1167,272,608,1607,6.61024493453725,7.11637404580153,6.15572624678663,6.31985294117647,6.72082072368421,6.5684091661481,193
"198",2022,12,7.16,7,7.624,6,3,6.31,7.5,5,2,1,2,5,2222,1053,1169,273,610,1612,6.61197683618362,7.11878442545109,6.15545982035928,6.30769230769231,6.7194737704918,6.57129871588089,194
