"","year","month","avg_rating","no_ratings","avg_rating_owned","avg_rating_not_owned","avg_rating_prev_owned","avg_rating_comment","avg_rating_no_comment","no_ratings_owned","no_ratings_not_owned","no_ratings_prev_owned","no_ratings_comment","no_ratings_no_comment","cum_no_ratings","cum_no_ratings_owned","cum_no_ratings_not_owned","cum_no_ratings_prev_owned","cum_no_ratings_comment","cum_no_ratings_no_comment","cum_avg_rating","cum_avg_rating_owned","cum_avg_rating_not_owned","cum_avg_rating_prev_owned","cum_avg_rating_comment","cum_avg_rating_no_comment","month_after_release"
"1",2005,5,6.5,1,NA,6.5,NA,NA,6.5,0,1,0,0,1,1,0,1,0,0,1,6.5,NA,6.5,NA,NA,6.5,-1
"2",2005,6,6.96153846153846,13,7.35714285714286,6.5,NA,6,7.38888888888889,7,6,0,4,9,14,7,7,0,4,10,6.92857142857143,7.35714285714286,6.5,NA,6,7.3,0
"3",2005,7,6.66666666666667,12,7.3,6.21428571428571,NA,6.375,6.8125,5,7,0,4,8,26,12,14,0,8,18,6.80769230769231,7.33333333333333,6.35714285714286,NA,6.1875,7.08333333333333,1
"4",2005,8,7.05612244897959,49,7.58,6.51041666666667,8,7,7.10185185185185,25,24,1,22,27,75,37,38,1,30,45,6.97,7.5,6.45394736842105,8,6.78333333333333,7.09444444444444,2
"5",2005,9,6.8695652173913,23,7.58333333333333,6.09090909090909,6.5,6.42857142857143,7.55555555555556,12,11,3,14,9,98,49,49,4,44,54,6.94642857142857,7.52040816326531,6.37244897959184,6.875,6.67045454545455,7.1712962962963,3
"6",2005,10,6.45652173913043,23,6.83333333333333,6.21428571428571,6,6.05555555555556,6.71428571428571,9,14,1,9,14,121,58,63,5,53,68,6.85330578512397,7.41379310344828,6.33730158730159,6.7,6.56603773584906,7.07720588235294,4
"7",2005,11,6.53225806451613,31,7.12142857142857,6.04705882352941,6.5,6.15384615384615,6.80555555555556,14,17,7,13,18,152,72,80,12,66,86,6.78782894736842,7.35694444444445,6.275625,6.58333333333333,6.48484848484848,7.0203488372093,5
"8",2005,12,6.68636363636364,22,7.15,6.3,7.75,6.45,6.88333333333333,10,12,2,10,12,174,82,92,14,76,98,6.775,7.33170731707317,6.27880434782609,6.75,6.48026315789474,7.00357142857143,6
"9",2006,1,7.14833333333333,30,7.39210526315789,6.72727272727273,7,7.25,7.08947368421053,19,11,3,11,19,204,101,103,17,87,117,6.82990196078431,7.34306930693069,6.32669902912621,6.79411764705882,6.57758620689655,7.01752136752137,7
"10",2006,2,6.84375,16,6.9,6.75,8,6.85714285714286,6.83333333333333,10,6,2,7,9,220,111,109,19,94,126,6.83090909090909,7.30315315315315,6.35,6.92105263157895,6.59840425531915,7.00436507936508,8
"11",2006,3,6.54090909090909,22,7.16666666666667,6.10769230769231,NA,6.44,6.625,9,13,0,10,12,242,120,122,19,104,138,6.80454545454545,7.29291666666667,6.32418032786885,6.92105263157895,6.58317307692308,6.9713768115942,9
"12",2006,4,6.62,20,7.3,5.94,7.5,6.53636363636364,6.72222222222222,10,10,2,11,9,262,130,132,21,115,147,6.79045801526718,7.29346153846154,6.29507575757576,6.97619047619048,6.57869565217391,6.95612244897959,10
"13",2006,5,6.11363636363636,22,6.11111111111111,6.11538461538461,6.33333333333333,6.07142857142857,6.13333333333333,9,13,3,7,15,284,139,145,24,122,162,6.73802816901409,7.21690647482014,6.27896551724138,6.89583333333333,6.54959016393443,6.87993827160494,11
"14",2006,6,6.725,20,7.27272727272727,6.05555555555556,6,6.41666666666667,6.85714285714286,11,9,1,6,14,304,150,154,25,128,176,6.73717105263158,7.221,6.26590909090909,6.86,6.543359375,6.878125,12
"15",2006,7,7.38888888888889,18,7.61538461538461,6.8,7,7.5,7.31818181818182,13,5,1,7,11,322,163,159,26,135,187,6.77360248447205,7.25245398773006,6.28270440251572,6.86538461538461,6.59296296296296,6.90401069518717,13
"16",2006,8,6.755,20,7.34444444444444,6.27272727272727,8,7,6.55454545454545,9,11,1,9,11,342,172,170,27,144,198,6.77251461988304,7.25726744186047,6.28205882352941,6.90740740740741,6.61840277777778,6.88459595959596,14
"17",2006,9,6.38333333333333,21,7.155,5.68181818181818,7,5.8125,6.73461538461538,10,11,1,8,13,363,182,181,28,152,211,6.75,7.25164835164835,6.24558011049724,6.91071428571429,6.57598684210526,6.87535545023697,15
"18",2006,10,7.27272727272727,11,7.16666666666667,7.4,NA,7.5,7.14285714285714,6,5,0,4,7,374,188,186,28,156,218,6.7653743315508,7.24893617021277,6.27661290322581,6.91071428571429,6.59967948717949,6.88394495412844,16
"19",2006,11,6.89473684210526,19,7.03846153846154,6.58333333333333,6,7.07142857142857,6.79166666666667,13,6,1,7,12,393,201,192,29,163,230,6.77162849872774,7.23532338308458,6.28619791666667,6.87931034482759,6.61993865030675,6.87913043478261,17
"20",2006,12,6.7421052631579,19,6.96666666666667,6.35714285714286,6.875,6.66666666666667,6.77692307692308,12,7,4,6,13,412,213,199,33,169,243,6.77026699029126,7.22018779342723,6.28869346733668,6.87878787878788,6.62159763313609,6.87366255144033,18
"21",2007,1,7.08148148148148,27,7.15882352941177,6.95,7.25,7.7,6.71764705882353,17,10,2,10,17,439,230,209,35,179,260,6.78940774487472,7.21565217391304,6.32033492822966,6.9,6.68184357541899,6.86346153846154,19
"22",2007,2,6.56725,14,7.16666666666667,6.1176875,6,6.2,6.77127777777778,6,8,3,5,9,453,236,217,38,184,269,6.78254194260486,7.21440677966102,6.31286405529954,6.82894736842105,6.66875,6.86037732342007,20
"23",2007,3,6.7625,16,6.82307692307692,6.5,6,6.8125,6.7125,13,3,2,8,8,469,249,220,40,192,277,6.78185820895522,7.19397590361446,6.31541590909091,6.7875,6.67473958333333,6.85610649819494,21
"24",2007,4,6.46428571428571,14,7.07142857142857,5.85714285714286,7,6.08333333333333,6.75,7,7,2,6,8,483,256,227,42,198,285,6.77265320910973,7.190625,6.30128414096916,6.79761904761905,6.65681818181818,6.85312807017544,22
"25",2007,5,6.74761904761905,21,6.98461538461538,6.3625,6.48,6.77142857142857,6.73571428571429,13,8,5,7,14,504,269,235,47,205,299,6.77161011904762,7.18066914498141,6.30336808510638,6.76382978723404,6.66073170731707,6.84763043478261,23
"26",2007,6,5.80833333333333,12,6.74,5.14285714285714,6.5,6,5.67142857142857,5,7,2,5,7,516,274,242,49,210,306,6.74920833333333,7.17262773722628,6.26979958677686,6.7530612244898,6.645,6.82072385620915,24
"27",2007,7,6.5,14,6.41666666666667,6.5625,6.5,6.64285714285714,6.35714285714286,6,8,2,7,7,530,280,250,51,217,313,6.74262547169811,7.15642857142857,6.279166,6.74313725490196,6.64493087557604,6.81035623003195,25
"28",2007,8,6.54545454545455,22,6.75,6.1875,7,6.57142857142857,6.53333333333333,14,8,1,7,15,552,294,258,52,224,328,6.73476721014493,7.13707482993197,6.27632364341085,6.74807692307692,6.64263392857143,6.7976875,26
"29",2007,9,6.53809523809524,21,6.94166666666667,6,7,6.2,6.64375,12,9,2,5,16,573,306,267,54,229,344,6.72755933682373,7.12941176470588,6.26700936329588,6.75740740740741,6.63296943231441,6.79052761627907,27
"30",2007,10,6.57777777777778,18,7.25,6.15,6,7.0125,6.23,7,11,1,8,10,591,313,278,55,237,354,6.72299746192893,7.13210862619808,6.26237949640288,6.74363636363636,6.6457805907173,6.77469350282486,28
"31",2007,11,6.32,30,6.75,5.82857142857143,6.35,6.32727272727273,6.31578947368421,16,14,5,11,19,621,329,292,60,248,373,6.70352898550725,7.11352583586626,6.24158047945205,6.71083333333333,6.63165322580645,6.75131769436997,29
"32",2007,12,6.15740740740741,27,6.14285714285714,6.17307692307692,6.5,6.32692307692308,6,14,13,2,13,14,648,343,305,62,261,387,6.68077391975309,7.07390670553936,6.2386606557377,6.70403225806452,6.61647509578544,6.72413824289406,30
"33",2008,1,6.35952380952381,21,6.825,5.42857142857143,5.5,6.06875,6.53846153846154,14,7,2,8,13,669,357,312,64,269,400,6.67068983557549,7.06414565826331,6.22048557692308,6.66640625,6.60018587360595,6.71810375,31
"34",2008,2,6.53571428571429,28,6.86363636363636,6.32352941176471,7.3,6.29166666666667,6.71875,11,17,5,12,16,697,368,329,69,281,416,6.66526757532281,7.05815217391304,6.22581003039514,6.71231884057971,6.58701067615658,6.71812860576923,32
"35",2008,3,6.61666666666667,18,6.78571428571429,6.50909090909091,7.275,6.97142857142857,6.39090909090909,7,11,4,7,11,715,375,340,73,288,427,6.66404405594406,7.05306666666667,6.234975,6.74315068493151,6.59635416666667,6.70969906323185,33
"36",2008,4,6.955,20,7.01538461538462,6.84285714285714,NA,6.81428571428571,7.03076923076923,13,7,0,7,13,735,388,347,73,295,440,6.6719612244898,7.05180412371134,6.24723775216138,6.74315068493151,6.60152542372881,6.71918522727273,34
"37",2008,5,6.16666666666667,6,7,2,NA,7,5.33333333333333,5,1,0,3,3,741,393,348,73,298,443,6.6678697705803,7.05114503816794,6.23503304597701,6.74315068493151,6.60553691275168,6.70980022573363,35
"38",2008,6,6.35909090909091,22,7.55,5.67857142857143,NA,6,6.60769230769231,8,14,0,9,13,763,401,362,73,307,456,6.65896657929227,7.06109725685786,6.21351243093923,6.74315068493151,6.58778501628665,6.70688925438597,36
"39",2008,7,6.33789473684211,19,7.06,5.91666666666667,5.95,6.14285714285714,6.884,7,12,10,14,5,782,408,374,83,321,461,6.65116560102302,7.06107843137255,6.20398796791444,6.64759036144578,6.5683800623053,6.70881019522777,37
"40",2008,8,6.62272727272727,22,6.9,6.22222222222222,6,6.55555555555556,6.66923076923077,13,9,5,9,13,804,421,383,88,330,474,6.65038743781095,7.05610451306413,6.20441644908616,6.61079545454545,6.5680303030303,6.7077246835443,38
"41",2008,9,6.5975,20,6.89,6.305,5.66666666666667,6.50714285714286,6.64615384615385,10,10,3,7,13,824,431,393,91,337,487,6.64910376213592,7.0522505800464,6.20697582697201,6.57967032967033,6.56676557863501,6.70608110882957,39
"42",2008,10,6.68421052631579,19,7.2,6.11111111111111,6,6.9,6.60714285714286,10,9,5,5,14,843,441,402,96,342,501,6.64989501779359,7.05560090702948,6.20482960199005,6.54947916666667,6.57163742690059,6.70331636726547,40
"43",2008,11,6.525,20,7.25,6.04166666666667,6.25,6.375,6.625,8,12,4,8,12,863,449,414,100,350,513,6.64700057937428,7.05906458797327,6.20010024154589,6.5375,6.56714285714286,6.70148440545809,41
"44",2008,12,6.23684210526316,19,6.7,5.72222222222222,6,6.3,6.21428571428571,10,9,2,5,14,882,459,423,102,355,527,6.63816496598639,7.05124183006536,6.18993262411348,6.52696078431373,6.56338028169014,6.68854174573055,42
"45",2009,1,6.64583333333333,12,6.95,6.42857142857143,6.16666666666667,6.16666666666667,7.125,5,7,3,6,6,894,464,430,105,361,533,6.63826789709172,7.05015086206897,6.19381744186046,6.51666666666667,6.55678670360111,6.69345497185741,43
"46",2009,2,6.43142857142857,35,6.91666666666667,6.17826086956522,5.4,6.3,6.484,12,23,5,10,25,929,476,453,110,371,558,6.63047524219591,7.04678571428571,6.19302759381898,6.46590909090909,6.54986522911051,6.68407078853047,44
"47",2009,3,6.69583333333333,24,7.05,6.44285714285714,6.57142857142857,6.7,6.69473684210526,10,14,7,5,19,953,486,467,117,376,577,6.63212119622246,7.04685185185185,6.20051713062098,6.47222222222222,6.55186170212766,6.68442201039861,45
"48",2009,4,6.51891891891892,37,7.02,6.33333333333333,6.5,6.6,6.50625,10,27,8,5,32,990,496,494,125,381,609,6.6278904040404,7.04631048387097,6.20777631578947,6.474,6.55249343832021,6.67505993431856,46
"49",2009,5,6.35294117647059,17,6.25,6.38461538461539,6,6,6.5,4,13,3,5,12,1007,500,507,128,386,621,6.62324875868918,7.03994,6.21231065088757,6.462890625,6.54533678756477,6.67167713365539,47
"50",2009,6,6.60555555555556,18,6.23333333333333,6.79166666666667,6.375,6.5,6.63571428571429,6,12,4,4,14,1025,506,519,132,390,635,6.62293804878049,7.03037549407115,6.22570616570327,6.46022727272727,6.54487179487179,6.6708842519685,48
"51",2009,7,7.01285714285714,14,6.85333333333333,7.3,7.5,7.46666666666667,6.88909090909091,9,5,3,3,11,1039,515,524,135,393,646,6.62819201154957,7.02728155339806,6.2359570610687,6.48333333333333,6.55190839694657,6.67459984520124,49
"52",2009,8,5.96111111111111,18,6.0375,5.9,6.5,6.08333333333333,5.9,8,10,2,6,12,1057,523,534,137,399,658,6.61683207190161,7.01214149139579,6.22966573033708,6.48357664233577,6.54486215538847,6.66047340425532,50
"53",2009,9,6.30769230769231,13,6.75,5.92857142857143,6.2,6.9,5.9375,6,7,5,5,8,1070,529,541,142,404,666,6.6130761682243,7.00916824196597,6.22576987060998,6.47359154929577,6.54925742574257,6.65178903903904,51
"54",2009,10,6.61176470588235,17,7,6.45,7,6.9,6.49166666666667,5,12,1,5,12,1087,534,553,143,409,678,6.61305565777369,7.00908239700374,6.2306356238698,6.47727272727273,6.55354523227384,6.64895501474926,52
"55",2009,11,6.345,40,6.78571428571429,6.10769230769231,6.5,6.58333333333333,6.30294117647059,14,26,11,6,34,1127,548,579,154,415,712,6.60354170363798,7.00337591240876,6.22511485319516,6.4788961038961,6.55397590361446,6.63243188202247,53
"56",2009,12,6.52826086956522,23,6.58125,6.5,6.5,6.46428571428571,6.55625,8,15,9,7,16,1150,556,594,163,422,728,6.60203608695652,6.99730215827338,6.2320563973064,6.48006134969325,6.55248815165877,6.63075755494505,54
"57",2010,1,6.675,24,6.75,6.62142857142857,6,6.66666666666667,6.67777777777778,10,14,4,6,18,1174,566,608,167,428,746,6.60352768313458,6.99293286219081,6.24102220394737,6.4685628742515,6.55408878504673,6.63189209115281,55
"58",2010,2,6.46923076923077,13,7.18,6.025,6.55,6.5,6.46,5,8,4,3,10,1187,571,616,171,431,756,6.60205686604886,6.99457092819615,6.23821672077922,6.47046783625731,6.55371229698376,6.62961838624339,56
"59",2010,3,6.33157894736842,19,6.83333333333333,5.88,5.4,6.25,6.36923076923077,9,10,5,6,13,1206,580,626,176,437,769,6.5977956053068,6.99206896551724,6.23249440894569,6.44005681818182,6.54954233409611,6.62521651495449,57
"60",2010,4,6.36363636363636,11,6.71428571428571,5.75,4.75,4.5,6.77777777777778,7,4,2,2,9,1217,587,630,178,439,778,6.59567912900575,6.98875638841567,6.22943095238095,6.42106741573034,6.54020501138952,6.62698136246787,58
"61",2010,5,6.63333333333333,15,7.0625,6.14285714285714,6.75,6.875,6.54545454545455,8,7,4,4,11,1232,595,637,182,443,789,6.59613758116883,6.98974789915966,6.22847959183673,6.4282967032967,6.54322799097065,6.62584474017744,59
"62",2010,6,6.19411764705882,17,6.5,5.98,6.46666666666667,6,6.22,7,10,6,2,15,1249,602,647,188,445,804,6.59066573258607,6.98405315614618,6.22463910355487,6.42952127659574,6.54078651685393,6.61827300995025,60
"63",2010,7,6.28333333333333,12,6.3,6.27142857142857,6,5.96666666666667,6.38888888888889,5,7,1,3,9,1261,607,654,189,448,813,6.58774107850912,6.97841845140033,6.22513990825688,6.42724867724868,6.53694196428571,6.61573370233702,61
"64",2010,8,6.49090909090909,11,7.5,6.1125,6,7.33333333333333,6.175,3,8,1,3,8,1272,610,662,190,451,821,6.58690369496855,6.98098360655738,6.22377870090634,6.425,6.54223946784922,6.61143909866017,62
"65",2010,9,6.33333333333333,9,6.2,6.5,7,7,6.14285714285714,5,4,1,2,7,1281,615,666,191,453,828,6.58512217017955,6.97463414634146,6.22543768768769,6.42801047120419,6.54426048565121,6.60747765700483,63
"66",2010,10,6.5875,16,7.725,6.20833333333333,NA,6.25,6.7,4,12,0,4,12,1297,619,678,191,457,840,6.58515150346954,6.9794830371567,6.22513495575221,6.42801047120419,6.54168490153173,6.6087994047619,64
"67",2010,11,6.01666666666667,24,6.53333333333333,5.70666666666667,5.8,5.7875,6.13125,9,15,5,8,16,1321,628,693,196,465,856,6.57482323996972,6.97308917197452,6.2139126984127,6.41198979591837,6.52870967741936,6.59987324766355,65
"68",2010,12,7.1,15,7.42857142857143,6.8125,6.25,6.7,7.3,7,8,2,5,10,1336,635,701,198,470,866,6.58071968562874,6.97811023622047,6.22074393723253,6.41035353535354,6.53053191489362,6.60795785219399,66
"69",2011,1,6.82142857142857,14,7.05555555555556,6.4,7,7,6.77272727272727,9,5,2,3,11,1350,644,706,200,473,877,6.58321592592593,6.97919254658385,6.22201345609065,6.41625,6.53350951374207,6.61002451539339,67
"70",2011,2,6.42647058823529,17,7.15,6.125,5.33333333333333,6.1,6.5625,5,12,3,5,12,1367,649,718,203,478,889,6.58126664228237,6.98050847457627,6.22039206128134,6.40024630541872,6.52897489539749,6.60938301462317,68
"71",2011,3,5.926,10,6.25333333333333,5.78571428571429,5.5,7,5.80666666666667,3,7,3,1,9,1377,652,725,206,479,898,6.57650798838054,6.97716257668712,6.21619517241379,6.3871359223301,6.52995824634656,6.60133797327394,69
"72",2011,4,6.98325,12,7.099875,6.75,NA,8,6.7799,8,4,0,2,10,1389,660,729,206,481,908,6.58002195824334,6.97865,6.21912414266118,6.3871359223301,6.53607068607069,6.6033045154185,70
"73",2011,5,6.36666666666667,12,6.7,6.12857142857143,6.75,5,6.49090909090909,5,7,2,1,11,1401,665,736,208,482,919,6.57819450392577,6.97655488721804,6.2182629076087,6.390625,6.53288381742739,6.60195919477693,71
"74",2011,6,6.55,12,7.36,5.97142857142857,5.56,5,6.69090909090909,5,7,5,1,11,1413,670,743,213,483,930,6.5779550601557,6.97941641791045,6.21593741588156,6.37112676056338,6.52971014492754,6.60301129032258,72
"75",2011,7,6.05555555555556,9,5.25,6.28571428571429,6.66666666666667,6,6.08333333333333,2,7,3,3,6,1422,672,750,216,486,936,6.57464873417721,6.97426934523809,6.21658866666667,6.37523148148148,6.52644032921811,6.59968002136752,73
"76",2011,8,7.00714285714286,14,7.51428571428571,6.5,6.5,6,7.41,7,7,2,4,10,1436,679,757,218,490,946,6.57886525069638,6.97983652430044,6.21920937912814,6.37637614678899,6.52214285714286,6.60824577167019,74
"77",2011,9,6.28571428571429,7,7,6,NA,7,6.16666666666667,2,5,0,1,6,1443,681,762,218,491,952,6.57744317394317,6.97989574155653,6.21777099737533,6.37637614678899,6.52311608961304,6.60546271008403,75
"78",2011,10,6.57142857142857,14,6.85714285714286,6.28571428571429,6,6.6,6.55555555555556,7,7,1,5,9,1457,688,769,219,496,961,6.5773853809197,6.97864680232558,6.21838946684005,6.37465753424657,6.52389112903226,6.60499531737773,76
"79",2011,11,6.7375,16,7.25714285714286,6.33333333333333,6.125,7.15,6.67857142857143,7,9,4,2,14,1473,695,778,223,498,975,6.57912457569586,6.98145179856115,6.21971915167095,6.37017937219731,6.52640562248996,6.60605179487179,77
"80",2011,12,6.25882352941176,17,6.6,5.875,6.5,5.56666666666667,6.40714285714286,9,8,2,3,14,1490,704,786,225,501,989,6.57547013422819,6.97657528409091,6.21621055979644,6.37133333333333,6.52065868263473,6.60323609706774,78
"81",2012,1,6.875,8,7.16666666666667,6.7,6.75,7.25,6.75,3,5,2,2,6,1498,707,791,227,503,995,6.57706975967957,6.97738189533239,6.21926864728192,6.37466960352423,6.52355864811133,6.60412110552764,79
"82",2012,2,7.03,10,7.5,6.56,6,7,7.0375,5,5,2,2,8,1508,712,796,229,505,1003,6.58007327586207,6.98105196629214,6.22140891959799,6.37139737991266,6.52544554455446,6.6075777666999,80
"83",2012,3,6.46666666666667,15,6.3125,6.64285714285714,6.6,7,6.38461538461539,8,7,3,2,13,1523,720,803,232,507,1016,6.57895633617859,6.97362361111111,6.22508281444583,6.37435344827586,6.52731755424063,6.6047249015748,81
"84",2012,4,6.85714285714286,7,7.5,6.375,6.16666666666667,7,6.83333333333333,3,4,3,1,6,1530,723,807,235,508,1022,6.58022908496732,6.97580774550484,6.2258258983891,6.37170212765957,6.52824803149606,6.60606702544031,82
"85",2012,5,6.1125,8,5.975,6.25,NA,4.5,6.65,4,4,0,2,6,1538,727,811,235,510,1028,6.57779616384915,6.97030123796424,6.22594512946979,6.37170212765957,6.52029411764706,6.60632344357977,83
"86",2012,6,6.5,7,6.625,6.33333333333333,5,6.66666666666667,6.375,4,3,1,3,4,1545,731,814,236,513,1032,6.57744368932039,6.96841176470588,6.22634090909091,6.36588983050847,6.52115009746589,6.60542684108527,84
"87",2012,7,6.81428571428571,14,7.33333333333333,6.425,6,6.6,6.93333333333333,6,8,3,5,9,1559,737,822,239,518,1041,6.57957055805003,6.97138263229308,6.22827433090024,6.36129707112971,6.5219111969112,6.60826176753122,85
"88",2012,8,6.6,11,7.25,6.22857142857143,5.86666666666667,6,6.94285714285714,4,7,3,4,7,1570,741,829,242,522,1048,6.57971369426751,6.97288663967611,6.22827683956574,6.3551652892562,6.51791187739464,6.61049666030534,86
"89",2012,9,6.68,5,6.95,6.5,6.75,NA,6.68,2,3,2,0,5,1575,743,832,244,522,1053,6.58003206349206,6.97282503364737,6.22925661057692,6.35840163934426,6.51791187739464,6.61082668566002,87
"90",2012,10,6.025,8,6.36666666666667,5,6,6.6,5.83333333333333,6,2,1,2,6,1583,749,834,245,524,1059,6.5772271004422,6.96796929238985,6.2263087529976,6.3569387755102,6.5182251908397,6.60642162417375,88
"91",2012,11,6.15,10,7.83333333333333,5.42857142857143,6,4.25,6.625,3,7,3,2,8,1593,752,841,248,526,1067,6.57454519774011,6.97142154255319,6.21966884661118,6.35262096774193,6.50960076045627,6.60656091846298,89
"92",2012,12,6.7,5,6.33333333333333,7.25,NA,7,6.625,3,2,0,1,4,1598,755,843,248,527,1071,6.57493773466833,6.96888609271523,6.22211328588375,6.35262096774193,6.51053130929791,6.60662978524743,90
"93",2013,1,5.7,13,5.6,5.7625,5.75,5.33333333333333,6.01428571428571,5,8,4,6,7,1611,760,851,252,533,1078,6.5678774053383,6.95988026315789,6.21779259694477,6.34305555555556,6.49727954971857,6.60278339517625,91
"94",2013,2,6.60714285714286,14,7.6,6.05555555555556,6.41666666666667,6.25,6.875,5,9,6,6,8,1625,765,860,258,539,1086,6.56821569230769,6.96406405228758,6.21609476744186,6.34476744186046,6.49452690166976,6.60478867403315,92
"95",2013,3,6.42857142857143,14,6.6,6,7,6.5,6.38888888888889,10,4,1,5,9,1639,775,864,259,544,1095,6.56702287980476,6.9593664516129,6.2150943287037,6.3472972972973,6.49457720588235,6.60301415525114,93
"96",2013,4,5.83333333333333,6,6.66666666666667,5,5,5,6.25,3,3,2,2,4,1645,778,867,261,546,1099,6.56434680851064,6.95823778920308,6.21088985005767,6.33697318007663,6.48910256410256,6.60172929936305,94
"97",2013,5,6.69,10,6.8625,6,5.5,6.7,6.6875,8,2,1,2,8,1655,786,869,262,548,1107,6.56510604229607,6.95726335877862,6.21040448791715,6.3337786259542,6.48987226277372,6.60234914182475,95
"98",2013,6,6.71428571428571,7,6.75,6.66666666666667,NA,NA,6.71428571428571,4,3,0,0,7,1662,790,872,262,548,1114,6.56573435619735,6.95621392405063,6.21197419724771,6.3337786259542,6.48987226277372,6.60305251346499,96
"99",2013,7,6.66078571428571,14,6.968875,6.25,NA,6.81275,6.6,8,6,0,4,10,1676,798,878,262,552,1124,6.56652834128878,6.95634085213032,6.2122340546697,6.3337786259542,6.49221195652174,6.60302535587188,97
"100",2013,8,6.5,6,6.5,6.5,6.33333333333333,6,6.6,2,4,3,1,5,1682,800,882,265,553,1129,6.56629102259215,6.9552,6.21353911564626,6.33377358490566,6.491321880651,6.6030119574845,98
"101",2013,9,5.8125,8,6,5.78571428571429,6,5.83333333333333,5.8,1,7,4,3,5,1690,801,889,269,556,1134,6.56272278106509,6.9540074906367,6.21017041619798,6.32881040892193,6.48777158273381,6.59947134038801,99
"102",2013,10,5.80666666666667,6,NA,5.80666666666667,5.16666666666667,5.78,5.83333333333333,0,6,3,3,3,1696,801,895,272,559,1137,6.56004805424528,6.9540074906367,6.20746536312849,6.31599264705882,6.48397316636852,6.59744986807388,100
"103",2013,11,6.13333333333333,15,6.75,5.42857142857143,5,6.66666666666667,6,8,7,1,3,12,1711,809,902,273,562,1149,6.55630713033314,6.95199011124845,6.20142073170732,6.31117216117216,6.48494839857651,6.59121018276762,101
"104",2013,12,6,7,6.75,5,6,7,5.6,4,3,1,2,5,1718,813,905,274,564,1154,6.5540404540163,6.9509963099631,6.19743812154696,6.31003649635036,6.48677482269504,6.58691551126516,102
"105",2014,1,6.22727272727273,11,6.5,5.9,5.66666666666667,6.5,6.16666666666667,6,5,3,2,9,1729,819,910,277,566,1163,6.55196153846154,6.94769230769231,6.19580384615385,6.30306859205776,6.48682155477032,6.58366337059329,103
"106",2014,2,7.30909090909091,11,7.35,6.9,NA,7.25,7.34285714285714,10,1,0,4,7,1740,829,911,277,570,1170,6.55674798850575,6.95254523522316,6.19657683863886,6.30306859205776,6.49217719298246,6.58820555555555,104
"107",2014,3,6.66666666666667,6,6.6,7,NA,NA,6.66666666666667,5,1,0,0,6,1746,834,912,277,570,1176,6.55712571592211,6.95043165467626,6.19745778508772,6.30306859205776,6.49217719298246,6.58860586734694,105
"108",2014,4,6.88888888888889,9,7.08333333333333,6.5,NA,6.5,7,6,3,0,2,7,1755,840,915,277,572,1183,6.55882706552706,6.95138095238095,6.19844972677596,6.30306859205776,6.49220454545455,6.59104015215553,106
"109",2014,5,5.33333333333333,9,6.5,5,6,6,5.14285714285714,2,7,3,2,7,1764,842,922,280,574,1190,6.55257454648526,6.95030878859857,6.18935086767896,6.29982142857143,6.49048954703833,6.58252142857143,107
"110",2014,6,6.45833333333333,6,6.9375,5.5,7,7,6.35,4,2,1,1,5,1770,846,924,281,575,1195,6.55225508474576,6.95024822695035,6.18785876623377,6.30231316725978,6.49137565217391,6.58154853556485,108
"111",2014,7,6.72307692307692,13,6.8,6.6,6.75,6.25,6.93333333333333,8,5,4,4,9,1783,854,929,285,579,1204,6.55350056085249,6.94884074941452,6.19007696447793,6.30859649122807,6.48970811744387,6.58417815614618,109
"112",2014,8,7.375,8,7.4,7.33333333333333,7.5,8,7.28571428571429,5,3,2,1,7,1791,859,932,287,580,1211,6.55717001675042,6.95146682188591,6.19375697424893,6.31689895470383,6.49231206896552,6.58823327828241,110
"113",2014,9,6.58571428571429,14,7.025,6,5.94,6.54,6.61111111111111,8,6,5,5,9,1805,867,938,292,585,1220,6.55739141274238,6.95214532871972,6.19251759061834,6.31044520547945,6.49271965811966,6.58840204918033,111
"114",2014,10,7,11,7.1,6.91666666666667,7.5,8.5,6.66666666666667,5,6,2,2,9,1816,872,944,294,587,1229,6.56007241189427,6.95299311926605,6.19712023305085,6.31853741496598,6.49955877342419,6.58897518307567,112
"115",2014,11,6.625,8,7.5,6.33333333333333,6.75,7.5,6.33333333333333,2,6,2,2,6,1824,874,950,296,589,1235,6.56035718201754,6.95424485125858,6.19798052631579,6.3214527027027,6.5029558573854,6.58773319838056,113
"116",2014,12,7.025,12,7.22222222222222,6.43333333333333,NA,7.1,7,9,3,0,3,9,1836,883,953,296,592,1244,6.56339406318083,6.95697621744054,6.19872140608604,6.3214527027027,6.50598141891892,6.59071583601286,114
"117",2015,1,6.22,15,6.75,5.16,5,4.5,6.48461538461538,10,5,2,2,13,1851,893,958,298,594,1257,6.56061129119395,6.95465845464725,6.19330010438413,6.31258389261745,6.49922727272727,6.58961853619729,115
"118",2015,2,6.2,5,6.5,6,5,6.5,6,2,3,1,2,3,1856,895,961,299,596,1260,6.55963981681034,6.95364245810056,6.19269667013528,6.30819397993311,6.49922986577181,6.58821468253968,116
"119",2015,3,6.53333333333333,15,6.75,6.38888888888889,6,6.08333333333333,6.83333333333333,6,9,4,6,9,1871,901,970,303,602,1269,6.5594289150187,6.95228634850166,6.19451701030928,6.30412541254125,6.49508471760797,6.58995311268715,117
"120",2015,4,6.35,10,6.66666666666667,6.21428571428571,6,6.5,6.3125,3,7,3,2,8,1881,904,977,306,604,1277,6.55831552365763,6.95133849557522,6.19465864892528,6.30114379084967,6.49510099337748,6.5882149569303,118
"121",2015,5,6.07,10,6.83333333333333,5.74285714285714,5,6,6.07777777777778,3,7,2,1,9,1891,907,984,308,605,1286,6.55573320994183,6.95094818081587,6.19144461382114,6.2926948051948,6.4942826446281,6.58464269051322,119
"122",2015,6,6.525,8,7.25,6.28333333333333,6.06666666666667,6.9,6.3,2,6,3,3,5,1899,909,990,311,608,1291,6.5556037388099,6.95160616061606,6.19200151515152,6.29051446945337,6.49628453947368,6.5835402788536,120
"123",2015,7,6.41666666666667,6,6,6.625,6.25,7,6.3,2,4,2,1,5,1905,911,994,313,609,1296,6.55516614173228,6.94951701427003,6.1937439637827,6.29025559105431,6.49711165845649,6.58244637345679,121
"124",2015,8,6.47888888888889,9,6.71833333333333,6,6,6,6.53875,6,3,1,1,8,1914,917,997,314,610,1304,6.55480747126437,6.94800436205016,6.19316098294885,6.28933121019108,6.49629672131148,6.58217829754601,122
"125",2015,9,6.67857142857143,14,6.875,6.41666666666667,7.5,6.4,6.83333333333333,8,6,2,5,9,1928,925,1003,316,615,1313,6.55570617219917,6.94737297297297,6.19449800598205,6.29699367088607,6.49551382113821,6.58389984767707,123
"126",2015,10,6.75,12,6.8125,6.625,6.75,6.33333333333333,6.88888888888889,8,4,2,3,9,1940,933,1007,318,618,1322,6.55690798969072,6.94621650589496,6.19620804369414,6.2998427672956,6.49472653721683,6.58597617246596,124
"127",2015,11,6.65,10,7.33333333333333,6.35714285714286,6.25,6.625,6.66666666666667,3,7,4,4,6,1950,936,1014,322,622,1328,6.55738538461538,6.94745726495726,6.19731903353057,6.29922360248447,6.49556430868167,6.5863407379518,125
"128",2015,12,6.8125,8,6.5,7.125,6.25,7,6.78571428571429,4,4,2,1,7,1958,940,1018,324,623,1335,6.55842773237998,6.94555319148936,6.2009641453831,6.29891975308642,6.49637399678973,6.58738614232209,126
"129",2016,1,6.25,9,6.25,6.25,6.375,6.125,6.35,3,6,4,4,5,1967,943,1024,328,627,1340,6.55701652262328,6.94334040296925,6.20125146484375,6.29984756097561,6.494004784689,6.58650037313433,127
"130",2016,2,6.16666666666667,3,5.5,6.5,NA,NA,6.16666666666667,1,2,0,0,3,1970,944,1026,328,627,1343,6.55642208121827,6.94181144067796,6.20183382066277,6.29984756097561,6.494004784689,6.5855625465376,128
"131",2016,3,6.86883333333333,6,7.23766666666667,6.5,6.5,7.3565,6.625,3,3,2,2,4,1976,947,1029,330,629,1347,6.55737069838057,6.94274868004224,6.20270310981535,6.3010606060606,6.49674721780604,6.58567965850037,129
"132",2016,4,6.8,10,7.14285714285714,6,6,7.5,6.625,7,3,2,2,8,1986,954,1032,332,631,1355,6.55859239677744,6.94421698113207,6.20211385658915,6.29924698795181,6.49992709984152,6.58591180811808,130
"133",2016,5,5.5,4,7,5,5,7,5,1,3,1,1,3,1990,955,1035,333,632,1358,6.55646457286432,6.94427539267016,6.19862946859903,6.29534534534534,6.50071835443038,6.58240832106038,131
"134",2016,6,6.12727272727273,11,6.48571428571429,5.5,4,6.35,6,7,4,2,4,7,2001,962,1039,335,636,1365,6.5541051974013,6.94093866943867,6.19593984600577,6.28164179104477,6.49977044025157,6.57942161172161,132
"135",2016,7,6.66666666666667,9,6.6,6.75,6.5,7.25,6.5,5,4,2,2,7,2010,967,1043,337,638,1372,6.5546092039801,6.93917580144777,6.19806471716203,6.28293768545994,6.50212225705329,6.57901639941691,133
"136",2016,8,6.4,5,7,6,6,7,6.25,2,3,2,1,4,2015,969,1046,339,639,1376,6.55422555831265,6.93930134158927,6.19749665391969,6.28126843657817,6.5029014084507,6.57805995639535,134
"137",2016,9,6.25,8,6.33333333333333,6.2,NA,6,6.33333333333333,3,5,0,2,6,2023,972,1051,339,641,1382,6.55302249134948,6.93743106995885,6.19750856327307,6.28126843657817,6.50133229329173,6.57699746743849,135
"138",2016,10,6.5,9,6.75,6.3,6.25,6.75,6.42857142857143,4,5,2,2,7,2032,976,1056,341,643,1389,6.55278764763779,6.93666290983606,6.19799384469697,6.28108504398827,6.50210575427683,6.57624946004319,136
"139",2016,11,7.02941176470588,17,7.36363636363636,6.41666666666667,5.875,7,7.04166666666667,11,6,4,5,12,2049,987,1062,345,648,1401,6.5567420693021,6.94142147922999,6.19922928436911,6.2763768115942,6.5059475308642,6.58023590292648,137
"140",2016,12,6.6,5,7.5,6,5,7,6.5,2,3,1,1,4,2054,989,1065,346,649,1405,6.55684737098345,6.94255106167846,6.19866807511737,6.27268786127167,6.50670878274268,6.58000747330961,138
"141",2017,1,6.66666666666667,6,7.5,6.25,5.75,6.5,6.7,2,4,2,1,5,2060,991,1069,348,650,1410,6.55716723300971,6.94367608476286,6.19886014967259,6.26968390804598,6.50669846153846,6.5804329787234,139
"142",2017,2,6.91111111111111,9,7.75,6.24,5.4,5.6,7.28571428571429,4,5,3,2,7,2069,995,1074,351,652,1417,6.55870686321895,6.9469175879397,6.19905167597765,6.26225071225071,6.50391717791411,6.58391707833451,140
"143",2017,3,6.62857142857143,7,6.975,6.16666666666667,6.75,NA,6.62857142857143,4,3,2,0,7,2076,999,1077,353,652,1424,6.55894243737958,6.94703003003003,6.19896146703807,6.26501416430595,6.50391717791411,6.58413658707865,141
"144",2017,4,6.81666666666667,9,6.93,6.675,NA,6.85,6.80714285714286,5,4,0,2,7,2085,1004,1081,353,654,1431,6.56005491606715,6.9469452191235,6.20072294172063,6.26501416430595,6.50497553516819,6.58522746331237,142
"145",2017,5,6.2,6,6.66666666666667,5.73333333333333,5.2,5.1,6.75,3,3,1,2,4,2091,1007,1084,354,656,1435,6.55902175992348,6.94611022840119,6.19942942804428,6.26200564971751,6.50069207317073,6.58568675958188,143
"146",2017,6,6.21428571428571,7,6.16666666666667,6.25,6,6.25,6.2,3,4,1,2,5,2098,1010,1088,355,658,1440,6.55787154432793,6.94379504950495,6.19961534926471,6.2612676056338,6.49993009118541,6.58434756944444,144
"147",2017,7,6.5,7,7.33333333333333,5.875,6.16666666666667,6.25,6.83333333333333,3,4,3,4,3,2105,1013,1092,358,662,1443,6.55767909738717,6.94494866732478,6.19842628205128,6.26047486033519,6.49841993957704,6.58486521136521,145
"148",2017,8,6.71428571428571,7,7.75,5.33333333333333,5.33333333333333,6.33333333333333,7,4,3,3,3,4,2112,1017,1095,361,665,1447,6.55819815340909,6.94811504424779,6.19605616438356,6.25277008310249,6.49767518796992,6.58601278507256,146
"149",2017,9,5.35,6,6.36666666666667,4.33333333333333,4,6.1,5.2,3,3,2,1,5,2118,1020,1098,363,666,1452,6.55477549575071,6.94640490196078,6.19096675774135,6.24035812672176,6.49707807807808,6.5812400137741,147
"150",2017,10,7.215,6,7.3225,7,NA,6.9,7.278,4,2,0,1,5,2124,1024,1100,363,667,1457,6.55664053672316,6.9478740234375,6.19243772727273,6.24035812672176,6.49768215892054,6.58363109128346,148
"151",2017,11,5.5,4,7,5,5,NA,5.5,1,3,2,0,4,2128,1025,1103,365,667,1461,6.55465437030075,6.94792487804878,6.18919446962829,6.23356164383561,6.49768215892054,6.58066427104722,149
"152",2017,12,6.4375,8,6.83333333333333,6.2,6,6,6.7,3,5,2,3,5,2136,1028,1108,367,670,1466,6.55421558988764,6.94759046692607,6.18924323104693,6.23228882833787,6.49545373134328,6.58107128240109,150
"153",2018,1,5.61111111111111,9,6.5,5.35714285714286,5,5,5.6875,2,7,1,1,8,2145,1030,1115,368,671,1474,6.55025850815851,6.9467213592233,6.18401928251121,6.2289402173913,6.49322503725782,6.57622150610583,151
"154",2018,2,5.66666666666667,3,6,5.5,6,6,5.5,1,2,1,1,2,2148,1031,1117,369,672,1476,6.54902444134078,6.94580310378273,6.1827945389436,6.22831978319783,6.49249107142857,6.57476321138211,152
"155",2018,3,6.35714285714286,7,7.16666666666667,5.75,5.5,3.5,7.5,3,4,2,2,5,2155,1034,1121,371,674,1481,6.54840116009281,6.94644390715667,6.18125022301516,6.2243935309973,6.48361127596439,6.57788690074274,153
"156",2018,4,6.66666666666667,9,6.8,6.5,6,6,6.75,5,4,1,1,8,2164,1039,1125,372,675,1489,6.54889302218115,6.94573917228104,6.18238355555556,6.22379032258064,6.48289481481481,6.57881161853593,154
"157",2018,5,5.91666666666667,6,6,5.875,6.75,6,5.9,2,4,2,1,5,2170,1041,1129,374,676,1494,6.54714493087558,6.94392219020173,6.18129450841453,6.22660427807486,6.48218047337278,6.57653982597055,155
"158",2018,6,6.58333333333333,6,6.16666666666667,7,NA,NA,6.58333333333333,3,3,0,0,6,2176,1044,1132,374,676,1500,6.54724471507353,6.94168869731801,6.18346422261484,6.22660427807486,6.48218047337278,6.576567,156
"159",2018,7,6.75,2,NA,6.75,6.75,NA,6.75,0,2,2,0,2,2178,1044,1134,376,676,1502,6.54743089990817,6.94168869731801,6.18446340388007,6.22938829787234,6.48218047337278,6.57679793608522,157
"160",2018,8,6.16666666666667,6,7,6,6.75,6.625,5.25,1,5,2,4,2,2184,1045,1139,378,680,1504,6.54638484432234,6.94174449760765,6.18365364354697,6.23214285714285,6.48302058823529,6.57503357712766,158
"161",2018,9,6.25,4,6.66666666666667,5,5,5,6.66666666666667,3,1,1,1,3,2188,1048,1140,379,681,1507,6.54584300731261,6.9409570610687,6.18261535087719,6.22889182058047,6.48084287812041,6.57521599203716,159
"162",2018,10,6.60714285714286,7,6.875,6.5,6.5,NA,6.60714285714286,2,5,1,0,7,2195,1050,1145,380,681,1514,6.54603849658314,6.94083142857143,6.18400131004367,6.22960526315789,6.48084287812041,6.57536360634082,160
"163",2018,11,6,4,5.5,6.5,NA,5,6.33333333333333,2,2,0,1,3,2199,1052,1147,380,682,1517,6.54504524783993,6.93809220532319,6.18455231037489,6.22960526315789,6.4786715542522,6.57488497033619,161
"164",2018,12,6.675,8,6.66,6.7,NA,6,6.77142857142857,5,3,0,1,7,2207,1057,1150,380,683,1524,6.54551631173539,6.93677672658467,6.18589695652174,6.22960526315789,6.47797071742313,6.57578772965879,162
"165",2019,1,6.45,10,6.66666666666667,6.125,5.66666666666667,6.33333333333333,6.5,6,4,3,3,7,2217,1063,1154,383,686,1531,6.54508547586829,6.93525211665099,6.18568587521664,6.22519582245431,6.47733819241982,6.57544121489222,163
"166",2019,2,4.3325,4,NA,4.3325,3.33,3.5,5.165,0,4,1,2,2,2221,1063,1158,384,688,1533,6.54110063034669,6.93525211665099,6.17928454231434,6.21765625,6.46868313953488,6.57360110893672,164
"167",2019,3,6,2,6,NA,NA,NA,6,2,0,0,0,2,2223,1065,1158,384,688,1535,6.54061381016644,6.93349577464789,6.17928454231434,6.21765625,6.46868313953488,6.57285374592834,165
"168",2019,4,6.7,1,NA,6.7,NA,NA,6.7,0,1,0,0,1,2224,1065,1159,384,688,1536,6.5406854766187,6.93349577464789,6.17973382226057,6.21765625,6.46868313953488,6.5729365234375,166
"169",2019,5,6.7,5,7.5,6.16666666666667,6.25,6,6.875,2,3,2,1,4,2229,1067,1162,386,689,1540,6.54104284432481,6.93455763823805,6.17970008605852,6.21782383419689,6.46800290275762,6.5737211038961,167
"170",2019,6,7.25,6,7.83333333333333,6.66666666666667,6,8.25,6.75,3,3,1,2,4,2235,1070,1165,387,691,1544,6.54294608501118,6.93707757009346,6.18095407725322,6.21726098191214,6.47316063675832,6.57417778497409,168
"171",2019,7,6,3,6,NA,NA,8,5,3,0,0,1,2,2238,1073,1165,387,692,1546,6.54221827524575,6.93445759552656,6.18095407725322,6.21726098191214,6.47536705202312,6.57214133247089,169
"172",2019,8,8.04285714285714,7,8.16,7.75,NA,8.1,8.02,5,2,0,2,5,2245,1078,1167,387,694,1551,6.54689732739421,6.94014192949907,6.18364310197087,6.21726098191214,6.48004899135447,6.57680883301096,170
"173",2019,9,5.9,5,7,5.16666666666667,NA,5,6.5,2,3,0,2,3,2250,1080,1170,387,696,1554,6.54545977777778,6.94025277777778,6.18103547008547,6.21726098191214,6.47579597701149,6.57666055341055,171
"174",2019,10,6.85714285714286,7,7.125,6.5,6,6.75,6.9,4,3,1,2,5,2257,1084,1173,388,698,1559,6.5464264510412,6.94093450184502,6.18185123614663,6.21670103092783,6.47658166189112,6.57769756254009,172
"175",2019,11,6.66666666666667,6,7,6,7,5,7,4,2,1,1,5,2263,1088,1175,389,699,1564,6.54674524966858,6.94115165441176,6.18154170212766,6.2187146529563,6.47446924177396,6.5790476342711,173
"176",2019,12,5,2,7,3,NA,NA,5,1,1,0,0,2,2265,1089,1176,389,699,1566,6.54537947019867,6.9412056932966,6.17883630952381,6.2187146529563,6.47446924177396,6.5770309706258,174
"177",2020,1,5.3,4,6.6,4,4,NA,5.3,2,2,2,0,4,2269,1091,1178,391,699,1570,6.54318400176289,6.94058020164986,6.17513709677419,6.20736572890025,6.47446924177396,6.57377738853503,175
"178",2020,2,7,8,6.9,7.16666666666667,7.25,7.5,6.92857142857143,5,3,2,1,7,2277,1096,1181,393,700,1577,6.54478897672376,6.9403950729927,6.17765580016935,6.21267175572519,6.47593428571428,6.5753522511097,176
"179",2020,3,6.125,6,6.125,6.125,5,7.875,5.25,2,4,1,2,4,2283,1098,1185,394,702,1581,6.54368572054314,6.93890983606557,6.17747805907173,6.20959390862944,6.47992022792023,6.57199905123339,177
"180",2020,4,6.26,5,6.65,6,6,NA,6.26,2,3,2,0,5,2288,1100,1188,396,702,1586,6.54306577797203,6.93838454545455,6.17702988215488,6.20853535353535,6.47992022792023,6.57101544766708,178
"181",2020,5,6.5,6,6.4,7,NA,6.66666666666667,6.33333333333333,5,1,0,3,3,2294,1105,1189,396,705,1589,6.54295313862249,6.93594841628959,6.1777220353238,6.20853535353535,6.48071489361702,6.57056670862177,179
"182",2020,6,6.04166666666667,6,7.08333333333333,5,6,NA,6.04166666666667,3,3,1,0,6,2300,1108,1192,397,705,1595,6.54164543478261,6.93634747292419,6.17475796979866,6.20801007556675,6.48071489361702,6.56857711598746,180
"183",2020,7,6.25714285714286,7,6,6.3,NA,NA,6.25714285714286,1,6,0,0,7,2307,1109,1198,397,705,1602,6.5407821846554,6.93550315599639,6.17538522537563,6.20801007556675,6.48071489361702,6.56721629213483,181
"184",2020,8,6,1,6,NA,NA,NA,6,1,0,0,0,1,2308,1110,1198,397,705,1603,6.54054787694974,6.93466036036036,6.17538522537563,6.20801007556675,6.48071489361702,6.56686244541484,182
"185",2020,9,6.7,8,7,6.4,6.6,6.3,6.83333333333333,4,4,1,2,6,2316,1114,1202,398,707,1609,6.54109866148532,6.93489497307002,6.17613269550749,6.20899497487437,6.48020367751061,6.56785612181479,183
"186",2020,10,6.5,8,6.6,6.33333333333333,NA,7,6.42857142857143,5,3,0,1,7,2324,1119,1205,398,708,1616,6.5409571858864,6.93339857015192,6.17652406639004,6.20899497487437,6.48093785310734,6.56725278465346,184
"187",2020,11,6.7,9,7.25,6.26,7,7.5,6.6,4,5,2,1,8,2333,1123,1210,400,709,1624,6.5415707243892,6.93452626892253,6.17686900826446,6.21295,6.48237517630465,6.56741410098522,185
"188",2020,12,7,6,7.5,6,NA,NA,7,4,2,0,0,6,2339,1127,1212,400,709,1630,6.54274668661821,6.93653327417924,6.17657714521452,6.21295,6.48237517630465,6.56900644171779,186
"189",2021,1,6.55714285714286,7,6.48333333333333,7,NA,6.45,6.6,6,1,0,2,5,2346,1133,1213,400,711,1635,6.54278964194373,6.9341332744925,6.17725597691673,6.21295,6.4822841068917,6.56910122324159,187
"190",2021,2,6.35,2,5.7,7,7,NA,6.35,1,1,1,0,2,2348,1134,1214,401,711,1637,6.54262542589438,6.93304497354497,6.17793369028007,6.21491271820449,6.4822841068917,6.56883353695785,188
"191",2021,3,6.05,5,7.25,5.75,4.5,6.5,5.75,1,4,2,2,3,2353,1135,1218,403,713,1640,6.54157862303442,6.93332422907489,6.17652832512315,6.20640198511166,6.48233380084151,6.5673356707317,189
"192",2021,4,5.33333333333333,6,4,5.6,5.5,5,5.66666666666667,1,5,2,3,3,2359,1136,1223,405,716,1643,6.53850551080966,6.93074207746479,6.17417130008177,6.20291358024691,6.47612290502793,6.56569111381619,190
"193",2021,5,7.5,3,7.5,NA,NA,8,7.25,3,0,0,1,2,2362,1139,1223,405,717,1645,6.5397267146486,6.93224143985953,6.17417130008177,6.20291358024691,6.47824825662482,6.56652310030395,191
"194",2021,6,8.5,1,8.5,NA,NA,NA,8.5,1,0,0,0,1,2363,1140,1223,405,717,1646,6.54055628438426,6.93361666666667,6.17417130008177,6.20291358024691,6.47824825662482,6.56769775212636,192
"195",2021,7,6.9,5,6.625,8,7.75,NA,6.9,4,1,2,0,5,2368,1144,1224,407,717,1651,6.54131524493243,6.93253758741259,6.17566299019608,6.21051597051597,6.47824825662482,6.56870411871593,193
"196",2021,8,5.4,5,5.5,5.33333333333333,5,NA,5.4,2,3,1,0,5,2373,1146,1227,408,717,1656,6.53891045090603,6.93003752181501,6.17360350448248,6.20754901960784,6.47824825662482,6.56517542270531,194
"197",2021,9,5.5,3,7.5,4.5,5,5.5,NA,1,2,1,3,0,2376,1147,1229,409,720,1656,6.53759869528619,6.93053443766347,6.17087998372661,6.20459657701711,6.47417222222222,6.56517542270531,195
"198",2021,10,5.75,4,NA,5.75,7,6.5,5.5,0,4,2,1,3,2380,1147,1233,411,721,1659,6.536275,6.93053443766347,6.16951459854015,6.20846715328467,6.4742080443828,6.56324924653405,196
"199",2021,11,6.82857142857143,7,6.78,6.95,6.95,6.725,6.96666666666667,5,2,2,4,3,2387,1152,1235,413,725,1662,6.53713217427733,6.92988107638889,6.17077854251012,6.21205811138014,6.47559172413793,6.5639774368231,197
"200",2021,12,5.5,7,6.75,5,5.5,6,5.3,2,5,2,2,5,2394,1154,1240,415,727,1667,6.53409962406015,6.92956932409012,6.16605766129032,6.20862650602409,6.47428335625859,6.56018626274745,198
"201",2022,1,6.88888888888889,9,7.14285714285714,6,6,6.5,7,7,2,1,2,7,2403,1161,1242,416,729,1674,6.53542842280483,6.93085529715762,6.16579025764895,6.208125,6.47435390946502,6.56202538829151,199
"202",2022,2,6.1,5,6.33333333333333,5.75,5.75,5,6.375,3,2,2,1,4,2408,1164,1244,418,730,1678,6.53452429401993,6.92931529209622,6.16512178456592,6.20593301435406,6.47233424657534,6.5615795589988,200
"203",2022,3,6.7975,4,7.5,6.095,NA,6.345,7.25,2,2,0,2,2,2412,1166,1246,418,732,1680,6.53496040630182,6.93029416809605,6.16500922953451,6.20593301435406,6.47198633879781,6.56239910714285,201
"204",2022,4,6.83333333333333,6,6.83333333333333,NA,NA,NA,6.83333333333333,6,0,0,0,6,2418,1172,1246,418,732,1686,6.53570078577337,6.92979778156996,6.16500922953451,6.20593301435406,6.47198633879781,6.56336328588374,202
"205",2022,5,7.05,4,8.1,6,NA,NA,7.05,2,2,0,0,4,2422,1174,1248,418,732,1690,6.53655016515277,6.93179131175468,6.16474479166667,6.20593301435406,6.47198633879781,6.56451508875739,203
"206",2022,6,6.41666666666667,6,6.5,6.25,6.5,6.66666666666667,6.16666666666667,4,2,1,3,3,2428,1178,1250,419,735,1693,6.53625391268534,6.93032512733446,6.1648812,6.20663484486873,6.47278095238095,6.56381010041346,204
"207",2022,7,6.625,4,7.5,4,4,7,6.5,3,1,1,1,3,2432,1181,1251,420,736,1696,6.53639987664474,6.93177222692633,6.16315067945644,6.20138095238095,6.47349728260869,6.56369722877358,205
"208",2022,8,7,10,7.35,6.76666666666667,6.8,7.5,6.875,4,6,2,2,8,2442,1185,1257,422,738,1704,6.53829832104832,6.93318396624472,6.16603142402546,6.20421800947867,6.47627913279133,6.56515874413145,206
"209",2022,9,5,1,5,NA,NA,NA,5,1,0,0,0,1,2443,1186,1257,422,738,1705,6.53766864510847,6.9315539629005,6.16603142402546,6.20421800947867,6.47627913279133,6.56424076246334,207
"210",2022,11,6.375,4,7,5.75,6.5,NA,6.375,2,2,1,0,4,2447,1188,1259,423,738,1709,6.53740273804659,6.93166919191919,6.16537053216839,6.20491725768321,6.47627913279133,6.56379783499122,209
"211",2022,12,6.66666666666667,3,NA,6.66666666666667,5,5,7.5,0,3,2,1,2,2450,1188,1262,425,739,1711,6.53756102040816,6.93166919191919,6.16656220285261,6.19924705882353,6.47428146143437,6.56489216832262,210
