"","year","month","avg_rating","no_ratings","avg_rating_owned","avg_rating_not_owned","avg_rating_prev_owned","avg_rating_comment","avg_rating_no_comment","no_ratings_owned","no_ratings_not_owned","no_ratings_prev_owned","no_ratings_comment","no_ratings_no_comment","cum_no_ratings","cum_no_ratings_owned","cum_no_ratings_not_owned","cum_no_ratings_prev_owned","cum_no_ratings_comment","cum_no_ratings_no_comment","cum_avg_rating","cum_avg_rating_owned","cum_avg_rating_not_owned","cum_avg_rating_prev_owned","cum_avg_rating_comment","cum_avg_rating_no_comment","month_after_release"
"1",2005,5,7,1,NA,7,NA,7,NA,0,1,0,1,0,1,0,1,0,1,0,7,NA,7,NA,7,NA,-1
"2",2005,6,7.19230769230769,13,7.19230769230769,NA,NA,6.66666666666667,7.64285714285714,13,0,0,6,7,14,13,1,0,7,7,7.17857142857143,7.19230769230769,7,NA,6.71428571428571,7.64285714285714,0
"3",2005,7,7.175,20,7.57692307692308,6.42857142857143,6,7.16666666666667,7.18181818181818,13,7,1,9,11,34,26,8,1,16,18,7.17647058823529,7.38461538461539,6.5,6,6.96875,7.36111111111111,1
"4",2005,8,7.34615384615385,26,7.61111111111111,6.75,7,7.22222222222222,7.625,18,8,3,18,8,60,44,16,4,34,26,7.25,7.47727272727273,6.625,6.75,7.10294117647059,7.44230769230769,2
"5",2005,9,6.53684210526316,19,7.25,5.74444444444444,6.83333333333333,6.68333333333333,6.28571428571429,10,9,3,12,7,79,54,25,7,46,33,7.07848101265823,7.43518518518519,6.308,6.78571428571429,6.99347826086956,7.1969696969697,3
"6",2005,10,7.190625,16,7.27777777777778,7.07857142857143,NA,7.09444444444444,7.31428571428571,9,7,0,9,7,95,63,32,7,55,40,7.09736842105263,7.41269841269841,6.4765625,6.78571428571429,7.01,7.2175,4
"7",2005,11,6.85714285714286,14,7.25,6.5625,7,7.04545454545455,6.16666666666667,6,8,1,11,3,109,69,40,8,66,43,7.06651376146789,7.39855072463768,6.49375,6.8125,7.01590909090909,7.14418604651163,5
"8",2005,12,7.4,20,7.6875,6.25,7,7.5,7.33333333333333,16,4,1,8,12,129,85,44,9,74,55,7.11821705426357,7.45294117647059,6.47159090909091,6.83333333333333,7.06824324324324,7.18545454545455,6
"9",2006,1,6.90625,16,7.86363636363636,4.8,6,7.25,6.5625,11,5,2,8,8,145,96,49,11,82,63,7.0948275862069,7.5,6.30102040816327,6.68181818181818,7.0859756097561,7.10634920634921,7
"10",2006,2,7.5,10,8.07142857142857,6.16666666666667,NA,6.875,7.91666666666667,7,3,0,4,6,155,103,52,11,86,69,7.12096774193548,7.53883495145631,6.29326923076923,6.68181818181818,7.07616279069767,7.1768115942029,8
"11",2006,3,7.14285714285714,21,7.29411764705882,6.5,7,7.8125,6.73076923076923,17,4,2,8,13,176,120,56,13,94,82,7.12357954545455,7.50416666666667,6.30803571428571,6.73076923076923,7.13882978723404,7.10609756097561,9
"12",2006,4,6.9375,16,7.33333333333333,5.75,6,6.8,7.16666666666667,12,4,1,10,6,192,132,60,14,104,88,7.10807291666667,7.48863636363636,6.27083333333333,6.67857142857143,7.10625,7.11022727272727,10
"13",2006,5,6.81818181818182,11,7.71428571428571,5.25,NA,7.2,6.5,7,4,0,5,6,203,139,64,14,109,94,7.0923645320197,7.5,6.20703125,6.67857142857143,7.1105504587156,7.07127659574468,11
"14",2006,6,7.10333333333333,15,7.4625,5.66666666666667,5,7.28571428571429,6.94375,12,3,1,7,8,218,151,67,15,116,102,7.09311926605505,7.49701986754967,6.18283582089552,6.56666666666667,7.12112068965517,7.06127450980392,12
"15",2006,7,7.22727272727273,22,7.42777777777778,6.325,7,7.38888888888889,7.11538461538461,18,4,1,9,13,240,169,71,16,125,115,7.10541666666667,7.4896449704142,6.19084507042254,6.59375,7.1404,7.06739130434783,13
"16",2006,8,6.79545454545455,11,6.96428571428571,6.5,6,7.08333333333333,6.6875,7,4,1,3,8,251,176,75,17,128,123,7.09183266932271,7.46875,6.20733333333333,6.55882352941176,7.1390625,7.04268292682927,14
"17",2006,9,7.30434782608696,23,7.55882352941176,6.58333333333333,6.5,6.95833333333333,7.68181818181818,17,6,1,12,11,274,193,81,18,140,134,7.10967153284671,7.47668393782383,6.23518518518518,6.55555555555556,7.12357142857143,7.09514925373134,15
"18",2006,10,7.11315789473684,38,7.38,6.6,7.16666666666667,7.41666666666667,6.84,25,13,3,18,20,312,218,94,21,158,154,7.11009615384615,7.46559633027523,6.28563829787234,6.64285714285714,7.15696202531646,7.06201298701299,16
"19",2006,11,7.39705882352941,34,7.55555555555556,6.78571428571429,7.33333333333333,7.28125,7.5,27,7,3,16,18,346,245,101,24,174,172,7.13829479768786,7.47551020408163,6.32029702970297,6.72916666666667,7.1683908045977,7.1078488372093,17
"20",2006,12,7.4078125,64,7.52156862745098,6.96153846153846,6.66666666666667,7.35714285714286,7.43255813953488,51,13,3,21,43,410,296,114,27,195,215,7.18036585365854,7.48344594594595,6.39342105263158,6.72222222222222,7.18871794871795,7.17279069767442,18
"21",2007,1,7.01415094339623,53,7.13690476190476,6.54545454545455,7,7.03409090909091,7,42,11,2,22,31,463,338,125,29,217,246,7.16133909287257,7.44038461538462,6.4068,6.74137931034483,7.17304147465438,7.1510162601626,19
"22",2007,2,7.2835335,40,7.66428571428571,6.39511166666667,6.83333333333333,7.14444444444444,7.39733363636364,28,12,3,18,22,503,366,137,32,235,268,7.17105634194831,7.45751366120219,6.40577620437956,6.75,7.17085106382979,7.17123634328358,20
"23",2007,3,7.27127659574468,47,7.484375,6.81666666666667,7.33333333333333,7.22083333333333,7.32391304347826,32,15,3,24,23,550,398,152,35,259,291,7.17962061818182,7.45967336683417,6.44632460526316,6.8,7.17548262548262,7.18330357388316,21
"24",2007,4,7.34210526315789,57,7.55681818181818,6.61538461538461,7,7.375,7.31818181818182,44,13,8,24,33,607,442,165,43,283,324,7.1948786490939,7.46934389140271,6.45964448484848,6.83720930232558,7.19240282685512,7.19704117283951,22
"25",2007,5,7.08163265306122,49,7.48275862068965,6.5,6.33333333333333,7.38888888888889,6.90322580645161,29,20,3,18,31,656,471,185,46,301,355,7.18641972560976,7.47016985138004,6.46400724324324,6.80434782608696,7.20415282392027,7.17138405633803,23
"26",2007,6,7.01162790697674,43,7.46774193548387,5.83333333333333,7,7.1875,6.90740740740741,31,12,2,16,27,699,502,197,48,317,382,7.17566715307582,7.47001992031872,6.42559055837563,6.8125,7.20331230283912,7.15272602094241,24
"27",2007,7,7.5,46,7.65714285714286,7,7.1,7.64583333333333,7.34090909090909,35,11,5,24,22,745,537,208,53,341,404,7.1956930738255,7.48221601489758,6.45596798076923,6.83962264150943,7.23445747800586,7.16297361386139,25
"28",2007,8,7.40144927536232,69,7.58,6.93157894736842,7.42857142857143,7.58333333333333,7.2030303030303,50,19,7,36,33,814,587,227,60,377,437,7.21313432432432,7.49054514480409,6.49577682819383,6.90833333333333,7.26777188328912,7.16599848970252,26
"29",2007,9,7.23875806451613,62,7.55007894736842,6.74583333333333,7.25,7.27126923076923,7.21527777777778,38,24,9,26,36,876,625,251,69,403,473,7.21494787671233,7.4941648,6.51968661354582,6.95289855072464,7.26799751861042,7.16974913319239,27
"30",2007,10,7.24290909090909,55,7.67105263157895,6.28588235294118,6.75,7.50260869565217,7.05625,38,17,4,23,32,931,663,268,73,426,505,7.2165997207304,7.50430316742081,6.50485574626866,6.94178082191781,7.28066431924883,7.16255710891089,28
"31",2007,11,7.32,71,7.63488888888889,6.775,6.83333333333333,7.42026315789474,7.20454545454545,45,26,6,38,33,1002,708,294,79,464,538,7.22392648702595,7.51260310734463,6.52874605442177,6.93354430379747,7.29209698275862,7.16513260223048,29
"32",2007,12,7.38607594936709,79,7.70454545454545,6.65625,6.625,7.67647058823529,7.16666666666667,55,24,8,34,45,1081,763,318,87,498,583,7.23577644773358,7.52643905635649,6.53836899371069,6.9051724137931,7.31833935742972,7.16525101200686,30
"33",2008,1,7.15263157894737,95,7.47761194029851,6.375,6.85,7.225,7.1,67,28,10,40,55,1176,830,346,97,538,638,7.22905981292517,7.52249759036145,6.52514838150289,6.89948453608247,7.31139962825279,7.15962592476489,31
"34",2008,2,7.2155737704918,61,7.50714285714286,6.57105263157895,6.625,7.1962962962963,7.23088235294118,42,19,8,27,34,1237,872,365,105,565,672,7.22839477768795,7.52175802752294,6.52753791780822,6.87857142857143,7.30589911504425,7.16323116071429,32
"35",2008,3,7.30820895522388,67,7.68170731707317,6.71923076923077,6.5,7.21379310344828,7.38026315789474,41,26,10,29,38,1304,913,391,115,594,710,7.2324956595092,7.5289408543264,6.54028475703325,6.84565217391304,7.30140235690236,7.17484695774648,33
"36",2008,4,7.17659574468085,47,7.42121212121212,6.6,6.25,7.05833333333333,7.3,33,14,4,24,23,1351,946,405,119,618,733,7.23055095484826,7.52518287526427,6.54234898765432,6.82563025210084,7.29196278317152,7.17877399727149,34
"37",2008,5,7.03921568627451,51,7.41212121212121,6.35555555555556,6.94,7.10714285714286,6.95652173913043,33,18,5,28,23,1402,979,423,124,646,756,7.22359082738944,7.52137180796731,6.53440033096927,6.83024193548387,7.2839520123839,7.17201235449735,35
"38",2008,6,7.222,50,7.3975,6.52,6.125,7.17727272727273,7.25714285714286,40,10,4,22,28,1452,1019,433,128,668,784,7.22353604683195,7.51650932286555,6.53406775981524,6.808203125,7.28043862275449,7.17505272959184,36
"39",2008,7,6.98416666666667,60,7.40263157894737,6.26136363636364,6.54545454545455,7.16666666666667,6.80166666666667,38,22,11,30,30,1512,1057,455,139,698,814,7.21403726190476,7.51241532639546,6.52088206593407,6.78741007194245,7.27554871060172,7.16129157248157,37
"40",2008,8,6.91363636363636,55,6.97222222222222,6.85714285714286,6.22222222222222,7.04761904761905,6.83088235294118,27,28,9,21,34,1567,1084,483,148,719,848,7.20349351627313,7.49896033210332,6.54037544513458,6.75304054054054,7.26889151599443,7.14804403301887,38
"41",2008,9,7.01694915254237,59,7.35294117647059,6.56,6.25,7.16666666666667,6.91428571428571,34,25,15,24,35,1626,1118,508,163,743,883,7.19672468634686,7.49451967799642,6.54134122047244,6.70674846625767,7.26558950201884,7.13877841449604,39
"42",2008,10,6.81794871794872,39,7.16153846153846,6.13076923076923,5.96666666666667,6.24736842105263,7.36,26,13,9,19,20,1665,1144,521,172,762,903,7.18785245645645,7.48695192307692,6.531096621881,6.66802325581395,7.24020078740157,7.14367811738649,40
"43",2008,11,7.47413461538462,52,7.66723684210526,6.95,6.75,7.335625,7.59285714285714,38,14,4,24,28,1717,1182,535,176,786,931,7.19652262085032,7.49274788494078,6.54205857943925,6.66988636363636,7.24311450381679,7.15718726100967,41
"44",2008,12,7.1,46,7.29333333333333,6.7375,6.725,7.15,7.06153846153846,30,16,8,20,26,1763,1212,551,184,806,957,7.19400416335791,7.48781188118812,6.54773382940109,6.67228260869565,7.24080397022332,7.15458865203762,42
"45",2009,1,7.16066216216216,74,7.53632692307692,6.27272727272727,6.68181818181818,7.08803846153846,7.2,52,22,11,26,48,1837,1264,573,195,832,1005,7.19266104518236,7.48980775316456,6.53717511343805,6.67282051282051,7.23603004807692,7.15675755223881,43
"46",2009,2,6.99452054794521,73,7.40222222222222,6.33928571428571,6.8125,7.36842105263158,6.86296296296296,45,28,8,19,54,1910,1309,601,203,851,1059,7.18508813612565,7.48679679144385,6.527955640599,6.67832512315271,7.23898589894242,7.14177652502361,44
"47",2009,3,7.08196721311475,61,7.42857142857143,6.61538461538461,6.16666666666667,7.18421052631579,7.03571428571429,35,26,6,19,42,1971,1344,627,209,870,1101,7.18189667174023,7.48528050595238,6.53158108452951,6.66363636363636,7.23778965517241,7.13773055404178,45
"48",2009,4,7.15932203389831,59,7.34285714285714,6.89166666666667,6.93333333333333,7.45,7.06888888888889,35,24,6,14,45,2030,1379,651,215,884,1146,7.18124056157635,7.48166569978245,6.54485612903226,6.67116279069767,7.24115045248869,7.13502734729494,46
"49",2009,5,7.37191780821918,73,7.64893617021277,6.87115384615385,6.3,7.37931034482759,7.36704545454545,47,26,5,29,44,2103,1426,677,220,913,1190,7.18785941036614,7.48717882187938,6.55738750369276,6.66272727272727,7.24553888280394,7.14360616806723,47
"50",2009,6,7.15890410958904,73,7.35918367346939,6.75,7.05555555555556,7.05384615384615,7.21702127659574,49,24,9,26,47,2176,1475,701,229,939,1237,7.18688802389706,7.48292677966102,6.56398194008559,6.67816593886463,7.24023109691161,7.14639558609539,48
"51",2009,7,7.36830985915493,71,7.72222222222222,6.75576923076923,7.44444444444444,7.29761904761905,7.398,45,26,9,21,50,2247,1520,727,238,960,1287,7.19262053404539,7.49001118421053,6.57084090784044,6.70714285714286,7.24148645833333,7.15617042735043,49
"52",2009,8,7.28,60,7.52702702702703,6.88260869565217,6.75,7.26470588235294,7.28604651162791,37,23,10,17,43,2307,1557,750,248,977,1330,7.19489308192458,7.49089081567116,6.58040178666667,6.70887096774194,7.24189048106448,7.16036942857143,50
"53",2009,9,7.13292682926829,82,7.4,6.79166666666667,6.5,7.23333333333333,7.09137931034483,46,36,14,24,58,2389,1603,786,262,1001,1388,7.19276615320218,7.48828259513412,6.59007804071247,6.69770992366412,7.24168531468531,7.15748655619597,51
"54",2009,10,7.11438356164384,73,7.35394736842105,6.85428571428571,7.22727272727273,7.3037037037037,7.00326086956522,38,35,11,27,46,2462,1641,821,273,1028,1434,7.19044205523964,7.4851718464351,6.60134146163215,6.71904761904762,7.24331420233463,7.15253928870293,52
"55",2009,11,6.89718309859155,71,7.52941176470588,6.31621621621622,6.6875,7.21428571428571,6.764,34,37,16,21,50,2533,1675,858,289,1049,1484,7.18222200552704,7.48606985074627,6.58904585081585,6.71730103806228,7.24273307912297,7.13944834231806,53
"56",2009,12,7.18150684931507,73,7.58928571428571,6.62903225806452,5.96428571428571,7.00967741935484,7.30833333333333,42,31,14,31,42,2606,1717,889,303,1080,1526,7.18220197237145,7.48859464181712,6.59044020247469,6.68250825082508,7.23604351851852,7.14409655307995,54
"57",2010,1,7.09272727272727,55,7.27666666666667,6.872,7.21428571428571,7.96,6.9,30,25,7,10,45,2661,1747,914,310,1090,1571,7.18035262683202,7.48495535203205,6.59814150984683,6.69451612903226,7.24268532110092,7.1371046085296,55
"58",2010,2,7.40512820512821,39,7.97142857142857,6.74444444444444,6.86,8.30909090909091,7.05,21,18,5,11,28,2700,1768,932,315,1101,1599,7.18359938518518,7.49073359728507,6.60096710300429,6.69714285714286,7.25333969118983,7.13557932457786,56
"59",2010,3,7.11630434782609,46,7.40217391304348,6.8304347826087,7.2375,7.42666666666667,6.96612903225806,23,23,8,15,31,2746,1791,955,323,1116,1630,7.18247208302986,7.48959631490787,6.60649354973822,6.71052631578947,7.25566935483871,7.13235665030675,57
"60",2010,4,7.60833333333333,42,7.948,7.10882352941176,7.75,7.63,7.5962962962963,25,17,2,15,27,2788,1816,972,325,1131,1657,7.1888874964132,7.49590693832599,6.6152791563786,6.71692307692308,7.26063395225464,7.13991631864816,58
"61",2010,5,6.86538461538461,26,7.45555555555556,6.55294117647059,5.8,6.56666666666667,6.955,9,17,5,6,20,2814,1825,989,330,1137,1677,7.18589848614072,7.49570794520548,6.61420762386249,6.7030303030303,7.25697185576077,7.13771099582588,59
"62",2010,6,7.64210526315789,38,8.10869565217391,6.92666666666667,7.16666666666667,7.88461538461539,7.516,23,15,3,13,25,2852,1848,1004,333,1150,1702,7.19197697755961,7.50333712121212,6.61887583665338,6.70720720720721,7.26406695652174,7.14326753231493,60
"63",2010,7,7.42636363636364,55,7.6265625,7.14782608695652,7.33333333333333,7.95454545454545,7.07424242424242,32,23,6,22,33,2907,1880,1027,339,1172,1735,7.1964115376677,7.50543457446808,6.63072185004868,6.71828908554572,7.27702815699659,7.14195466282421,61
"64",2010,8,7.212,50,7.56666666666667,6.68,6.6,7.31111111111111,7.15625,30,20,4,18,32,2957,1910,1047,343,1190,1767,7.19667512343591,7.50639633507853,6.63166317096466,6.71690962099125,7.27754369747899,7.1422135483871,62
"65",2010,9,7.12857142857143,42,7.66086956521739,6.48421052631579,6.25,7.3,7.03333333333333,23,19,12,15,27,2999,1933,1066,355,1205,1794,7.19572135378459,7.50823435075013,6.62903502814259,6.70112676056338,7.27782323651452,7.14057488294315,63
"66",2010,10,7.51847826086957,46,8.14464285714286,6.54444444444444,6.64285714285714,7.28125,7.645,28,18,7,16,30,3045,1961,1084,362,1221,1824,7.20059715599343,7.51732126466089,6.62763038745387,6.7,7.27786814086814,7.14887134868421,64
"67",2010,11,7.26274509803922,51,7.69142857142857,6.325,6.33333333333333,7.84,7.1219512195122,35,16,6,10,41,3096,1996,1100,368,1231,1865,7.20162091085271,7.52037424849699,6.62322849090909,6.69402173913044,7.28243460601137,7.148279538874,65
"68",2010,12,7.46736842105263,57,7.72764705882353,7.08260869565217,6.625,7.66666666666667,7.41422222222222,34,23,8,12,45,3153,2030,1123,376,1243,1910,7.20642509990485,7.52384581280788,6.63263699020481,6.69255319148936,7.28614400643604,7.15454520418848,66
"69",2011,1,6.96862745098039,51,7.4,6.58518518518519,6.6,7.50833333333333,6.8025641025641,24,27,5,12,39,3204,2054,1150,381,1255,1949,7.20263993133583,7.52239873417721,6.63152290434783,6.69133858267717,7.28826852589641,7.14750197024115,67
"70",2011,2,7.20714285714286,42,7.42916666666667,6.91111111111111,6.65,7.6,7.084375,24,18,6,10,32,3246,2078,1168,387,1265,1981,7.20269819470117,7.52132194417709,6.63583162671233,6.69069767441861,7.29073280632411,7.14648225138819,68
"71",2011,3,7.22241379310345,58,7.465,6.9625,6.30555555555556,7.09,7.26860465116279,30,28,9,15,43,3304,2108,1196,396,1280,2024,7.20304429176755,7.52052039848197,6.6434793812709,6.68194444444444,7.28838046875,7.14907674901186,69
"72",2011,4,7.05963333333333,30,7.65666666666667,6.4626,6.5,6.73857142857143,7.3405625,15,15,5,14,16,3334,2123,1211,401,1294,2040,7.20175385122975,7.52148233631653,6.64123892650702,6.67967581047382,7.28243199381762,7.15057859803922,70
"73",2011,5,7.32058823529412,34,7.45714285714286,7.1,7.66666666666667,7.25,7.34230769230769,21,13,3,8,26,3368,2144,1224,404,1302,2066,7.20295348574822,7.52085214552239,6.64611138888889,6.68700495049505,7.28223271889401,7.15299145208132,71
"74",2011,6,7.14166666666667,30,7.51315789473684,6.5,7.16666666666667,7.83333333333333,6.96875,19,11,3,6,24,3398,2163,1235,407,1308,2090,7.2024124014126,7.52078455848359,6.64480999190283,6.69054054054054,7.28476070336391,7.15087576076555,72
"75",2011,7,7.51734693877551,49,7.80689655172414,7.0975,6.85,7.20263157894737,7.71666666666667,29,20,5,19,30,3447,2192,1255,412,1327,2120,7.20688927763272,7.52456979927007,6.6520241752988,6.69247572815534,7.28358477769405,7.15888223584906,73
"76",2011,8,7.36538461538461,39,8.05,6.64473684210526,7.16666666666667,7.890625,7,20,19,3,16,23,3486,2212,1274,415,1343,2143,7.20866246127367,7.5293205244123,6.65191549450549,6.69590361445783,7.29081682799702,7.15717701353243,74
"77",2011,9,7.3875,40,7.88095238095238,6.84210526315789,6.98,7.7,7.2,21,19,5,15,25,3526,2233,1293,420,1358,2168,7.21069124787294,7.53262740707568,6.65471023975251,6.69928571428571,7.29533652430044,7.15767082103321,75
"78",2011,10,7.10714285714286,35,7.38636363636364,6.63461538461539,7.5,7.05,7.13,22,13,2,10,25,3561,2255,1306,422,1368,2193,7.20967350182533,7.53120044345898,6.6545102143951,6.70308056872038,7.29354312865497,7.15735537619699,76
"79",2011,11,7.78571428571429,35,8.44117647058824,7.16666666666667,7.4,8.18181818181818,7.60416666666667,17,18,5,11,24,3596,2272,1324,427,1379,2217,7.21528012791991,7.53800924295775,6.66147306646526,6.7112412177986,7.3006287164612,7.16219230491656,77
"80",2011,12,7.57692307692308,52,7.79310344827586,7.30434782608696,7.5,8,7.37142857142857,29,23,4,17,35,3648,2301,1347,431,1396,2252,7.22043512609649,7.54122425032595,6.67245014105419,6.71856148491879,7.30914541547278,7.16544420071048,78
"81",2012,1,7.18214285714286,56,7.61764705882353,6.50909090909091,6.6875,7.5,7.09545454545455,34,22,8,12,44,3704,2335,1369,439,1408,2296,7.21985619330454,7.54233704496788,6.66982493791088,6.71799544419134,7.31077201704545,7.16410293554007,79
"82",2012,2,7.39903846153846,52,7.6109375,7.06,7.1875,7.38157894736842,7.40909090909091,32,20,8,19,33,3756,2367,1389,447,1427,2329,7.22233688498403,7.54326446979299,6.67544300935925,6.72639821029083,7.31171478626489,7.1675742121082,80
"83",2012,3,7.60344827586207,58,7.76714285714286,7.35434782608696,7.5,7.89230769230769,7.52,35,23,7,13,45,3814,2402,1412,454,1440,2374,7.22813249606712,7.54652664446295,6.6865016572238,6.73832599118943,7.31695625,7.17425456613311,81
"84",2012,4,7.34032258064516,62,7.7375,6.91666666666667,6.6875,7.66666666666667,7.30535714285714,32,30,8,6,56,3876,2434,1442,462,1446,2430,7.22992707430341,7.54903738701725,6.691290110957,6.73744588744589,7.31840733056708,7.1772758600823,82
"85",2012,5,7.28545454545455,55,7.98965517241379,6.5,6.92857142857143,8.025,7.07906976744186,29,26,7,12,43,3931,2463,1468,469,1458,2473,7.23070397863139,7.55422533495737,6.68790213896458,6.74029850746269,7.32422290809328,7.17556827335221,83
"86",2012,6,7.641,50,7.76206896551724,7.47380952380952,7.33333333333333,7.93571428571429,7.52638888888889,29,21,3,14,36,3981,2492,1489,472,1472,2509,7.23585715649334,7.55664406099518,6.69898612491605,6.74406779661017,7.33003872282609,7.18060196891192,84
"87",2012,7,7.3256,50,7.66071428571429,6.89909090909091,7,7.26923076923077,7.34540540540541,28,22,7,13,37,4031,2520,1511,479,1485,2546,7.2369703150583,7.5578003968254,6.70189962938451,6.74780793319415,7.3295063973064,7.182996991359,85
"88",2012,8,7.57560975609756,41,8.014,6.890625,7.16666666666667,7,7.7375,25,16,3,9,32,4072,2545,1527,482,1494,2578,7.24037999508841,7.56228172888015,6.70387710543549,6.75041493775934,7.32752141900937,7.18987988363072,86
"89",2012,9,7.38979591836735,49,8.01206896551724,6.4875,6.16666666666667,7.4875,7.32241379310345,29,20,6,20,29,4121,2574,1547,488,1514,2607,7.24215659791313,7.56734926184926,6.70107972850679,6.74323770491803,7.32963474240423,7.19135417721519,87
"90",2012,10,7.15,59,7.61607142857143,6.72903225806452,7.2125,7.82272727272727,6.99583333333333,28,31,8,11,48,4180,2602,1578,496,1525,2655,7.24085582296651,7.56787355880092,6.70162885931559,6.7508064516129,7.33319147540984,7.18781933709981,88
"91",2012,11,7.05166666666667,60,7.6125,6.41071428571429,6.31428571428571,6.93571428571429,7.08695652173913,32,28,7,14,46,4240,2634,1606,503,1539,2701,7.23817861792453,7.56841571753986,6.69655687422167,6.74473161033797,7.32957569850552,7.18610156978897,89
"92",2012,12,7.25444444444444,45,7.64807692307692,6.71578947368421,8,7.65625,7.16756756756757,26,19,4,8,37,4285,2660,1625,507,1547,2738,7.23834943757293,7.56919436090225,6.69678174769231,6.75463510848126,7.33126502908856,7.18585111029949,90
"93",2013,1,7.43253968253968,63,7.63026315789474,7.132,7.25,7.42380952380952,7.43690476190476,38,25,6,21,42,4348,2698,1650,513,1568,2780,7.24116314167433,7.57005448480355,6.70337596363636,6.76042884990253,7.33250446428571,7.18964400719424,91
"94",2013,2,7.27916666666667,48,7.76190476190476,6.9037037037037,5.92857142857143,7.28571428571429,7.27804878048781,21,27,7,7,41,4396,2719,1677,520,1575,2821,7.24157810282074,7.57153622655388,6.70660127608825,6.74923076923077,7.33229650793651,7.19092886919532,92
"95",2013,3,7.18723404255319,47,8.065,6.53703703703704,6.5,8.46666666666667,6.74857142857143,20,27,9,12,35,4443,2739,1704,529,1587,2856,7.24100322754895,7.57513946695874,6.70391451877934,6.74499054820416,7.34087397605545,7.18550782212885,93
"96",2013,4,7.27428571428571,35,7.75,6.46923076923077,8,8.58333333333333,7.00344827586207,22,13,1,6,29,4478,2761,1717,530,1593,2885,7.24126336310853,7.57653277797899,6.70213764705882,6.74735849056604,7.34555367231638,7.18367776083189,94
"97",2013,5,7.50980392156863,51,7.84375,6.94736842105263,7.33333333333333,7.83333333333333,7.375,32,19,3,15,36,4529,2793,1736,533,1608,2921,7.24428733495253,7.57959434300035,6.70482162442396,6.75065666041276,7.35010385572139,7.18603572064361,95
"98",2013,6,7.58666666666667,45,7.93,6.9,7.08333333333333,7.55714285714286,7.59210526315789,30,15,6,7,38,4574,2823,1751,539,1615,2959,7.24765573677306,7.58331810131066,6.70649362649914,6.7543599257885,7.35100123839009,7.1912505373437,96
"99",2013,7,7.25094339622641,53,7.58214285714286,6.88,7,7.47142857142857,7.17179487179487,28,25,11,14,39,4627,2851,1776,550,1629,2998,7.24769339528852,7.58330655910207,6.70893600225225,6.75927272727273,7.35203621853898,7.19099744496331,97
"100",2013,8,7.40348837209302,43,7.64464285714286,6.95333333333333,7.33333333333333,7.96111111111111,7.25588235294118,28,15,3,9,34,4670,2879,1791,553,1638,3032,7.24912791006424,7.58390309135116,6.71098288107203,6.7623869801085,7.35538278388278,7.19172504617414,98
"101",2013,9,7.46810344827586,58,7.832,7.19242424242424,7.32307692307692,8.275,7.339,25,33,13,8,50,4728,2904,1824,566,1646,3082,7.25181415820643,7.58603891184573,6.71969316885965,6.77526501766785,7.35985236938032,7.19411432186892,99
"102",2013,10,7.43414634146342,41,7.74761904761905,7.105,7.25,7.56666666666667,7.37931034482759,21,20,4,12,29,4769,2925,1844,570,1658,3111,7.25338170266303,7.58719897435897,6.72387220173536,6.77859649122807,7.3613492159228,7.19584067502411,100
"103",2013,11,7.06888888888889,45,7.492,6.54,7.0625,7.40909090909091,6.95882352941176,25,20,4,11,34,4814,2950,1864,574,1669,3145,7.25165711258828,7.58639220338983,6.72189932403433,6.78057491289199,7.36166387058118,7.19327832750397,101
"104",2013,12,7.28518518518518,54,7.65925925925926,6.91111111111111,6.96153846153846,6.93333333333333,7.38571428571429,27,27,13,12,42,4868,2977,1891,587,1681,3187,7.25202903451109,7.58705307356399,6.72460092014807,6.78458262350937,7.35860618679357,7.19581435205522,102
"105",2014,1,7.3675,64,7.65055555555556,7.00357142857143,7.38888888888889,7.9625,7.16916666666667,36,28,9,16,48,4932,3013,1919,596,1697,3235,7.25352744120032,7.58781181546631,6.72867136008338,6.79370805369128,7.36429994107248,7.19541896136012,103
"106",2014,2,7.16666666666667,42,7.54545454545455,6.75,6.75,7.16666666666667,7.16666666666667,22,20,8,15,27,4974,3035,1939,604,1712,3262,7.25279399678327,7.58750477759472,6.72889135636926,6.79312913907285,7.36256834112149,7.19518097486205,104
"107",2014,3,7.06980769230769,52,7.56666666666667,6.39227272727273,6.45727272727273,7.41666666666667,6.96575,30,22,11,12,40,5026,3065,1961,615,1724,3302,7.2509007839236,7.58730081566068,6.72511491075982,6.78712195121951,7.36294489559165,7.19240167777105,105
"108",2014,4,7.10657894736842,38,7.56190476190476,6.54411764705882,6.9,7.7,6.89464285714286,21,17,10,10,28,5064,3086,1978,625,1734,3330,7.24981780015798,7.58712799740764,6.72355932254803,6.788928,7.36488869665513,7.189898,106
"109",2014,5,7.59117647058823,51,7.746875,7.32894736842105,7.16666666666667,7.57142857142857,7.59431818181818,32,19,3,7,44,5115,3118,1997,628,1741,3374,7.25322137634409,7.5887674791533,6.72931914872308,6.79073248407643,7.36571912693854,7.19517200355661,107
"110",2014,6,7.23816326530612,49,7.49357142857143,6.89761904761905,6.92857142857143,7.28,7.22142857142857,28,21,7,14,35,5164,3146,2018,635,1755,3409,7.25307849341596,7.58792021614748,6.73107053518335,6.79225196850394,7.36503532763533,7.19544157817542,108
"111",2014,7,7.165,40,7.75,6.2875,5.5,6.64285714285714,7.27575757575758,24,16,6,7,33,5204,3170,2034,641,1762,3442,7.25240148731745,7.58914731861198,6.72758128810226,6.78015600624025,7.36216628830874,7.19621160371877,109
"112",2014,8,7.55540540540541,37,7.77115384615385,7.04545454545455,7.08333333333333,7.6,7.53653846153846,26,11,6,11,26,5241,3196,2045,647,1773,3468,7.2545406105705,7.59062797246558,6.7292911198044,6.78296754250386,7.3636418499718,7.19876307381776,110
"113",2014,9,7.444,50,7.86875,6.68888888888889,7.0625,7.875,7.30789473684211,32,18,8,12,38,5291,3228,2063,655,1785,3506,7.256331003591,7.59338506815365,6.72893860397479,6.78638167938931,7.36707955182073,7.19994590416429,111
"114",2014,10,7.42021276595745,47,7.73387096774194,6.8125,6.6,8.25,7.29878048780488,31,16,5,6,41,5338,3259,2079,660,1791,3547,7.25777394904458,7.5947213869285,6.72958169312169,6.7849696969697,7.37003740926856,7.20108833944178,112
"115",2014,11,7.33958333333333,48,7.73448275862069,6.73684210526316,6.16666666666667,7.25384615384615,7.37142857142857,29,19,9,13,35,5386,3288,2098,669,1804,3582,7.25850303379131,7.59595407542579,6.72964744518589,6.77665171898356,7.36920011086474,7.20275274706868,113
"116",2014,12,7.06346153846154,52,7.42142857142857,6.64583333333333,6.71428571428571,7.03571428571429,7.07368421052632,28,24,7,14,38,5438,3316,2122,676,1818,3620,7.25663798087532,7.59448039806996,6.72869950047125,6.77600591715976,7.36663201320132,7.2013978839779,114
"117",2015,1,7.09375,64,7.55,6.69117647058824,6.84615384615385,6.92307692307692,7.13725490196078,30,34,13,13,51,5502,3346,2156,689,1831,3671,7.25474324609233,7.59408158995815,6.72810776437848,6.77732946298984,7.36348279628618,7.20050676654862,115
"118",2015,2,7.0734693877551,49,7.38275862068966,6.625,6.66666666666667,7.35,7.0025641025641,29,20,9,10,39,5551,3375,2176,698,1841,3710,7.2531430985408,7.59226577777777,6.72716008272059,6.77590257879656,7.36340956002173,7.19842596765499,116
"119",2015,3,7.55348837209302,43,7.82,7.18333333333333,6.48333333333333,7.90909090909091,7.43125,25,18,6,11,32,5594,3400,2194,704,1852,3742,7.25545179478012,7.59394029411764,6.73090261622607,6.77340909090909,7.36665064794816,7.20041698022448,117
"120",2015,4,7.26333333333333,45,7.66111111111111,6.66666666666667,6.66666666666667,7.235,7.27142857142857,27,18,6,10,35,5639,3427,2212,710,1862,3777,7.25551469054797,7.5944695068573,6.73037990054249,6.77250704225352,7.36594360902256,7.20107501720943,118
"121",2015,5,7.20833333333333,42,7.50434782608696,6.85,6.5,8.08333333333333,7.0625,23,19,2,6,36,5681,3450,2231,712,1868,3813,7.2551658757261,7.59386869565217,6.73139862841775,6.77174157303371,7.36824785867238,7.19976667715709,119
"122",2015,6,6.92159090909091,44,7.52391304347826,6.26190476190476,6.55,6.51666666666667,6.98552631578947,23,21,10,6,38,5725,3473,2252,722,1874,3851,7.25260215545852,7.59340541318744,6.72702057726465,6.7686703601108,7.36552134471718,7.19765264606596,120
"123",2015,7,7.00102040816327,49,7.39761904761905,6.70357142857143,6.65,6.7,7.07820512820513,21,28,10,10,39,5774,3494,2280,732,1884,3890,7.25046715275372,7.59222867773325,6.72673260526316,6.76704918032787,7.36198885350318,7.19645510025707,121
"124",2015,8,7.3,50,7.78846153846154,6.77083333333333,6.79545454545455,6.80555555555556,7.40853658536585,26,24,11,9,41,5824,3520,2304,743,1893,3931,7.25089240041209,7.59367812499999,6.72719198784722,6.76746971736204,7.35934337031167,7.19866709234292,122
"125",2015,9,7.17811363636364,44,7.35132142857143,6.875,6.66666666666667,7.06154545454545,7.2169696969697,28,16,6,11,33,5868,3548,2320,749,1904,3964,7.25034668370825,7.59176550169109,6.72821135344828,6.76666221628838,7.35762289915966,7.19881946014127,123
"126",2015,10,7.41363636363636,33,7.86111111111111,6.87666666666667,6.86666666666667,6.88571428571429,7.55576923076923,18,15,6,7,26,5901,3566,2335,755,1911,3990,7.25125984409422,7.59312507010656,6.72916502783726,6.76745695364238,7.35589429618001,7.20114544862155,124
"127",2015,11,6.99848484848485,66,7.2037037037037,6.85641025641026,6.8625,7.19,6.96428571428571,27,39,8,10,56,5967,3593,2374,763,1921,4046,7.24846394167924,7.59019871973281,6.73125540859309,6.76845347313237,7.35503071317022,7.19786711319822,125
"128",2015,12,7.58671875,64,8.0578947368421,6.89807692307692,6.92857142857143,7.175,7.68173076923077,38,26,7,12,52,6031,3631,2400,770,1933,4098,7.25205344718952,7.59509336270999,6.73306264166667,6.76990909090909,7.35391308846353,7.20400691556857,126
"129",2016,1,7.13125,56,7.54655172413793,6.68518518518519,6.5,6.5625,7.22604166666667,29,27,6,8,48,6087,3660,2427,776,1941,4146,7.25094206341383,7.59470874316939,6.73253001236094,6.76782216494845,7.35065121071613,7.20426202122528,127
"130",2016,2,7.14,40,7.85294117647059,6.61304347826087,5.8125,7.0625,7.159375,17,23,8,8,32,6127,3677,2450,784,1949,4178,7.25021778031663,7.59590263802012,6.73140830204081,6.75807397959183,7.34946844535659,7.20391822403064,128
"131",2016,3,7.0554347826087,46,7.60357142857143,6.20277777777778,6.34375,7.53,6.92361111111111,28,18,8,10,36,6173,3705,2468,792,1959,4214,7.24876629515633,7.59596059379217,6.72755281199352,6.75388888888889,7.35038999489535,7.20152357380161,129
"132",2016,4,6.93369565217391,46,7.43888888888889,6.21578947368421,6.58333333333333,7.01111111111111,6.91486486486486,27,19,6,9,37,6219,3732,2487,798,1968,4251,7.2464358160476,7.59482422293676,6.72364308001608,6.75260651629072,7.34883841463415,7.19902854387203,130
"133",2016,5,6.93877551020408,49,7.532,6.32083333333333,7.28571428571429,7.20833333333333,6.85135135135135,25,24,7,12,37,6268,3757,2511,805,1980,4288,7.24403068602425,7.59440617513973,6.71979304659498,6.75724223602484,7.34798686868687,7.19602853078358,131
"134",2016,6,7.22560526315789,38,7.43742307692308,6.76666666666667,6.5,6.6375,7.49703846153846,26,12,6,12,26,6306,3783,2523,811,1992,4314,7.2439196542975,7.5933272535025,6.7200159889021,6.75533908754624,7.34370682730924,7.19784268428373,132
"135",2016,7,7.29891304347826,46,7.67857142857143,6.70833333333333,6.08333333333333,7.23636363636364,7.31857142857143,28,18,6,11,35,6352,3811,2541,817,2003,4349,7.24431790617129,7.59395355549724,6.71993323101141,6.75040391676866,7.34311732401398,7.19881428834215,133
"136",2016,8,7.40135135135135,37,7.65526315789474,7.13333333333333,7.5,7.83333333333333,7.2625,19,18,7,9,28,6389,3830,2559,824,2012,4377,7.24522731882924,7.59425770234986,6.72284108636186,6.75677184466019,7.34531013916501,7.1992216906557,134
"137",2016,9,6.876,50,7.53333333333333,6.26923076923077,6.28571428571429,7.85,6.74318181818182,24,26,7,6,44,6439,3854,2585,831,2018,4421,7.24236020189471,7.59387830825116,6.7182786615087,6.75280385078219,7.346810703667,7.19468295408279,135
"138",2016,10,7.01440677966102,59,7.48181818181818,6.42115384615385,6.125,6.86,7.06704545454545,33,26,4,15,44,6498,3887,2611,835,2033,4465,7.24029044936904,7.59292693594031,6.7153199310609,6.74979640718563,7.34321888834235,7.19342516013438,136
"139",2016,11,7.1427027027027,37,7.52777777777778,6.77789473684211,6.6875,7.4375,7.06137931034483,18,19,8,8,29,6535,3905,2630,843,2041,4494,7.23973792501913,7.5926266325224,6.71577199239544,6.74920521945433,7.34358843704067,7.19257306186026,137
"140",2016,12,6.89871794871795,39,7.44705882352941,6.475,7.105,7.61111111111111,6.685,17,22,10,9,30,6574,3922,2652,853,2050,4524,7.2377148372376,7.59199566547679,6.71377463800905,6.75337631887456,7.34476292682927,7.18920719274978,138
"141",2017,1,7.47536231884058,69,7.81590909090909,6.876,6.70714285714286,7.33333333333333,7.50526315789474,44,25,14,12,57,6643,3966,2677,867,2062,4581,7.24018325154298,7.59447982854261,6.71528963018304,6.75262975778546,7.34469641125121,7.19313978170705,139
"142",2017,2,7.18681818181818,44,7.48076923076923,6.76222222222222,6.75,6.83333333333333,7.24263157894737,26,18,4,6,38,6687,3992,2695,871,2068,4619,7.23983211305518,7.59373922845691,6.71560309461967,6.75261768082663,7.34321276595745,7.19354694522624,140
"143",2017,3,7.10936170212766,47,7.675,6.27578947368421,6.8,7.555,7.01794871794872,28,19,5,8,39,6734,4020,2714,876,2076,4658,7.2389214939115,7.59430522388059,6.71252407516581,6.75288812785388,7.3440289017341,7.19207671532847,141
"144",2017,4,6.68575757575758,33,7.04933333333333,6.38277777777778,6.9,6.14142857142857,6.83230769230769,15,18,5,7,26,6767,4035,2732,881,2083,4684,7.23622393084085,7.59227930607187,6.71035151537335,6.75372304199773,7.33998751800288,7.19007970538001,142
"145",2017,5,7.14473684210526,38,7.625,6.61111111111111,6.75,7.66666666666667,7.046875,20,18,6,6,32,6805,4055,2750,887,2089,4716,7.23571305510654,7.59244069050554,6.70970194181818,6.75369785794814,7.34092580181905,7.18910800254453,143
"146",2017,6,7.20161290322581,31,7.55882352941176,6.76785714285714,6.78571428571429,6.625,7.28703703703704,17,14,7,4,27,6836,4072,2764,894,2093,4743,7.23555841720304,7.59230034381139,6.70999650506512,6.7539485458613,7.33955757286192,7.18966547332911,144
"147",2017,7,7.1,46,7.77631578947368,6.62407407407407,6.90625,7.75,6.98333333333333,19,27,8,7,39,6882,4091,2791,902,2100,4782,7.23465233071782,7.5931549743339,6.70916529559298,6.75529933481153,7.34092571428571,7.18798271434546,145
"148",2017,8,7.1311320754717,53,7.315,6.89130434782609,6.9375,7.44230769230769,7.03,30,23,8,13,40,6935,4121,2814,910,2113,4822,7.23386118817592,7.59113006551807,6.71065399431414,6.7569010989011,7.34154945575012,7.18667219825798,146
"149",2017,9,7.33295454545455,44,7.54259259259259,7,6.71428571428571,6.70909090909091,7.54090909090909,27,17,7,11,33,6979,4148,2831,917,2124,4855,7.2344859349477,7.59081412729026,6.71239150123631,6.75657579062159,7.33827401129943,7.1890799876416,147
"150",2017,10,7.00857142857143,35,6.96666666666667,7.04,6.46666666666667,6.85,7.02903225806452,15,20,6,4,31,7014,4163,2851,923,2128,4886,7.23335861705161,7.5885652173913,6.714689701859,6.75469122426869,7.33735620300752,7.18806453950061,148
"151",2017,11,7.14390243902439,41,7.70416666666667,6.35294117647059,6.91666666666667,7.8,6.93225806451613,24,17,6,10,31,7055,4187,2868,929,2138,4917,7.23283874415308,7.58922784810126,6.71254544630404,6.75573735199139,7.33952011225444,7.1864517673378,149
"152",2017,12,7.31162790697674,43,7.596,6.91666666666667,7.125,6.87777777777778,7.42647058823529,25,18,8,9,34,7098,4212,2886,937,2147,4951,7.23331605240913,7.58926804368471,6.71381855162855,6.75889007470651,7.33758453656264,7.18810004847505,150
"153",2018,1,7.27765957446809,47,7.51612903225806,6.815625,6.8,7.39285714285714,7.22878787878788,31,16,5,14,33,7145,4243,2902,942,2161,4984,7.23360774527642,7.5887336790007,6.71437985527223,6.75910828025478,7.3379426191578,7.18836945024077,151
"154",2018,2,7.22222222222222,36,7.8,6.57647058823529,7.075,7.2,7.225,19,17,4,4,32,7181,4262,2919,946,2165,5016,7.23355066703802,7.589675504458,6.71357668379582,6.76044397463002,7.33768775981524,7.18860313795853,152
"155",2018,3,6.37817857142857,28,7.136125,6.075,6.91666666666667,5.5,6.52454166666667,8,20,6,4,24,7209,4270,2939,952,2169,5040,7.23022837286725,7.58882576112412,6.70923114664852,6.76142857142857,7.33429875518672,7.18544094047619,153
"156",2018,4,7.11428571428571,35,7.40740740740741,6.125,6.33333333333333,7.33333333333333,7.06896551724138,27,8,3,6,29,7244,4297,2947,955,2175,5069,7.22966818608504,7.58768582732138,6.70764517814727,6.76008376963351,7.33429609195402,7.18477457881239,154
"157",2018,5,7.06323529411765,34,7.35769230769231,6.88095238095238,6.81818181818182,7,7.07678571428571,13,21,11,6,28,7278,4310,2968,966,2181,5097,7.22889067600989,7.58699211136891,6.70887140835579,6.76074534161491,7.33337643282898,7.18418134981361,155
"158",2018,6,6.690625,32,7.42777777777778,5.74285714285714,6.55,6.625,6.7125,18,14,8,8,24,7310,4328,2982,974,2189,5121,7.22653438303694,7.58632994454713,6.70433613011402,6.75901437371663,7.33078757423481,7.18197077523921,156
"159",2018,7,6.4525,20,7.47,5.435,6.5,6.98,6.27666666666667,10,10,2,5,15,7330,4338,2992,976,2194,5136,7.224422420191,7.58606177962194,6.70009369652406,6.75848360655738,7.32998814949863,7.17932677959501,157
"160",2018,8,7.01707317073171,41,7.35217391304348,6.58888888888889,6.6,7.36666666666667,6.95714285714286,23,18,6,6,35,7371,4361,3010,982,2200,5171,7.22326907339574,7.58482825040128,6.69942868438538,6.75751527494908,7.33008818181818,7.17782292399922,158
"161",2018,9,6.87173913043478,23,7.54230769230769,6,5,7.04285714285714,6.796875,13,10,3,7,16,7394,4374,3020,985,2207,5187,7.22217559372464,7.58470187471422,6.69711269536424,6.75216243654822,7.32917716357046,7.17664783882784,159
"162",2018,10,7.32916666666667,24,7.84615384615385,6.71818181818182,7,7.08333333333333,7.41111111111111,13,11,5,6,18,7418,4387,3031,990,2213,5205,7.22252174979779,7.58547663551401,6.6971891586935,6.75341414141414,7.32851061906914,7.17745866282421,160
"163",2018,11,7.56666666666667,24,7.76666666666667,7.23333333333333,7.16666666666667,7.5,7.5695652173913,15,9,3,1,23,7442,4402,3040,993,2214,5228,7.22363159634507,7.58609404815992,6.69877642763158,6.75466263846928,7.32858807588076,7.17918369166029,161
"164",2018,12,7.3448275862069,29,7.71052631578947,6.65,6.25,8,7.24,19,10,4,4,25,7471,4421,3050,997,2218,5253,7.22410203988757,7.58662881700972,6.69861650491803,6.75263791374122,7.32979891794409,7.17947312773653,162
"165",2019,1,7.25765957446808,47,7.54269230769231,6.90476190476191,6.64285714285714,7.31111111111111,7.245,26,21,7,9,38,7518,4447,3071,1004,2227,5291,7.22431183027401,7.58637193613672,6.70002616085965,6.75187250996016,7.32972339470139,7.17994374220374,163
"166",2019,2,7.30384615384615,26,7.65833333333333,7,7,6.7,7.44761904761905,12,14,8,5,21,7544,4459,3085,1012,2232,5312,7.22458594114528,7.58656559766763,6.70138746839546,6.75383399209486,7.32831272401434,7.18100194653614,164
"167",2019,3,6.54862068965517,29,7.30769230769231,5.931875,6.375,6.46153846153846,6.619375,13,16,8,13,16,7573,4472,3101,1020,2245,5328,7.22199740393504,7.5857549194991,6.69741707191229,6.75086274509804,7.32329354120267,7.17931537912913,165
"168",2019,4,6.98709677419355,31,7.5,6.175,6.25,6.8,7.02307692307692,19,12,2,5,26,7604,4491,3113,1022,2250,5354,7.22103976065229,7.58539211756847,6.69540325730806,6.74988258317025,7.32213066666666,7.17855665670526,166
"169",2019,5,6.82291666666667,24,7.09210526315789,5.8,NA,NA,6.82291666666667,19,5,0,0,24,7628,4510,3118,1022,2250,5378,7.21978714472994,7.58331396895787,6.69396739576652,6.74988258317025,7.32213066666666,7.17696956861286,167
"170",2019,6,6.95347826086957,23,7.776875,5.07142857142857,6.625,7.446,6.81666666666667,16,7,4,5,18,7651,4526,3125,1026,2255,5396,7.21898658214613,7.58399823243482,6.6903329088,6.74939571150097,7.32240532150776,7.17576766864344,168
"171",2019,7,7.29230769230769,26,7.47142857142857,7.08333333333333,7.41666666666667,7.6375,7.13888888888889,14,12,6,8,18,7677,4540,3137,1032,2263,5414,7.21923490165429,7.58365110132158,6.69183625757093,6.75327519379845,7.32351922227132,7.17564505725896,169
"172",2019,8,7.15692307692308,26,7.89727272727273,6.614,6.535,7.48142857142857,7.03736842105263,11,15,6,7,19,7703,4551,3152,1038,2270,5433,7.21902458003376,7.58440914084816,6.69146584390863,6.75201348747591,7.32400616740088,7.17516148352659,170
"173",2019,9,7.28125,16,8,6.5625,6,6.375,7.58333333333333,8,8,3,4,12,7719,4559,3160,1041,2274,5445,7.21915356134215,7.58513840754551,6.69113934810126,6.74984630163304,7.32233685136323,7.17606103581267,171
"174",2019,10,7.08333333333333,33,7.58823529411765,6.546875,6.75,7.25,7.06034482758621,17,16,4,4,29,7752,4576,3176,1045,2278,5474,7.21857537925697,7.58514991258741,6.69041257556675,6.74984688995215,7.322209833187,7.17544799780782,172
"175",2019,11,7.044,25,7.55555555555556,6.75625,7.1375,7.6625,6.75294117647059,9,16,8,8,17,7777,4585,3192,1053,2286,5491,7.21801418799023,7.58509182115594,6.6907425877193,6.75279202279202,7.32340069991251,7.17413992715352,173
"176",2019,12,6.75909090909091,22,7.31818181818182,6.2,6.625,6.92857142857143,6.68,11,11,4,7,15,7799,4596,3203,1057,2293,5506,7.2167196230286,7.58445300261096,6.68905724008742,6.75230842005676,7.32219537723506,7.17279374137305,174
"177",2020,1,7.18,35,7.60952380952381,6.53571428571429,7,7.41666666666667,7.13103448275862,21,14,4,6,29,7834,4617,3217,1061,2299,5535,7.21655557058974,7.58456703487113,6.6883899098539,6.75324222431668,7.32244193127446,7.17257494850948,175
"178",2020,2,6.63709677419355,31,7.64583333333333,6,6.7,7.8,6.41346153846154,12,19,5,5,26,7865,4629,3236,1066,2304,5561,7.21427162619199,7.58472585871678,6.68434806551298,6.75299249530957,7.32347829861111,7.16902577593958,176
"179",2020,3,6.96774193548387,31,7.32142857142857,6.67647058823529,5,7,6.96296296296296,14,17,4,4,27,7896,4643,3253,1070,2308,5588,7.21330374113475,7.58393194055567,6.68430689824777,6.74643925233645,7.32291767764298,7.16803012526843,177
"180",2020,4,6.76037037037037,27,7.50230769230769,6.07142857142857,7.5,8.17857142857143,6.264,13,14,2,7,20,7923,4656,3267,1072,2315,5608,7.21176023475956,7.58370403780068,6.68168054484236,6.74784514925373,7.32550496760259,7.16480605206847,178
"181",2020,5,7.22692307692308,26,7.84615384615385,6.60769230769231,6.15,8.07142857142857,6.91578947368421,13,13,6,7,19,7949,4669,3280,1078,2322,5627,7.21180983016732,7.58443478260869,6.68138729878049,6.74451762523191,7.32775366063738,7.16396522836325,179
"182",2020,6,7.10384615384615,26,7.5,6.64166666666667,6.75,6.125,7.28181818181818,14,12,2,4,22,7975,4683,3292,1080,2326,5649,7.21145784827586,7.58418236173393,6.681242509113,6.74452777777778,7.3256852966466,7.16442420605417,180
"183",2020,7,7.21111111111111,27,7.83529411764706,6.15,5.7,7.16,7.22272727272727,17,10,5,5,22,8002,4700,3302,1085,2331,5671,7.21145667833042,7.58509063829787,6.67963365838885,6.73971428571428,7.3253299013299,7.16465038617528,181
"184",2020,8,6.71785714285714,28,6.92941176470588,6.39090909090909,5.9,7.5,6.5875,17,11,5,4,24,8030,4717,3313,1090,2335,5695,7.20973553424658,7.58272758108967,6.67867501961968,6.7358623853211,7.32562912205567,7.16221814574188,182
"185",2020,9,7.2875,24,8.24166666666667,6.33333333333333,6.16666666666667,7.125,7.36875,12,12,3,8,16,8054,4729,3325,1093,2343,5711,7.20996726347157,7.58439966166208,6.67742867368421,6.73430009149131,7.32494408877507,7.16279676764139,183
"186",2020,10,7.42787863636364,22,7.43407388888889,7.4,7,7.33333333333333,7.44280684210526,18,4,2,3,19,8076,4747,3329,1095,2346,5730,7.21056088038633,7.58382964609227,6.67829688795434,6.73478538812785,7.32495481670929,7.1637252478185,184
"187",2020,11,6.94634146341463,41,7.05714285714286,6.83,7.425,6.76666666666667,6.996875,21,20,4,9,32,8117,4768,3349,1099,2355,5762,7.20922627448565,7.58150992659396,6.67920284861152,6.73729754322111,7.3228212314225,7.16279862374175,185
"188",2020,12,7.51428571428571,28,8.16153846153846,6.95333333333333,6.8,7.5,7.516,13,15,5,3,25,8145,4781,3364,1104,2358,5787,7.21027497483119,7.58308708010876,6.6804251902497,6.73758152173913,7.32304664970313,7.16432446345256,186
"189",2021,1,7.04651162790698,43,7.46,6.47222222222222,6.07142857142857,7.43333333333333,7.0175,25,18,7,3,40,8188,4806,3382,1111,2361,5827,7.20941495725452,7.58244680191427,6.67931707273802,6.73338433843384,7.32318678526048,7.16331657285052,187
"190",2021,2,6.92142857142857,28,7.62,6.11538461538461,5.58333333333333,7.5,6.87692307692308,15,13,6,2,26,8216,4821,3395,1117,2363,5853,7.20843350413827,7.5825636444721,6.67715768483063,6.72720680393912,7.32333643673296,7.16204436528276,188
"191",2021,3,7.58083333333333,18,7.45807692307692,7.9,7,7.61375,7.57142857142857,13,5,1,4,14,8234,4834,3400,1118,2367,5867,7.20924759169298,7.58222886429458,6.67895598235294,6.72745080500894,7.32382720743557,7.16302124936083,189
"192",2021,4,7.77764705882353,17,8.24727272727273,6.91666666666667,6,8.33333333333333,7.65857142857143,11,6,1,3,14,8251,4845,3406,1119,2370,5881,7.21041869712762,7.58373876780186,6.67937473282443,6.72680071492404,7.32510506329114,7.16420093011393,190
"193",2021,5,7.22652173913044,23,7.90055555555556,4.8,6,6.625,7.35315789473684,18,5,1,4,19,8274,4863,3411,1120,2374,5900,7.21046346023689,7.58491143944067,6.6766198592788,6.72615178571428,7.32392544229149,7.16480943559322,191
"194",2021,6,7.7375,24,8.08,7.16666666666667,6.75,7.74,7.73684210526316,15,9,2,5,19,8298,4878,3420,1122,2379,5919,7.21198778862377,7.58643385198852,6.67790945614035,6.72619429590018,7.32479991593106,7.16664566142929,192
"195",2021,7,6.99130434782609,23,7.26875,6.35714285714286,6.375,7.82,6.76111111111111,16,7,4,5,18,8321,4894,3427,1126,2384,5937,7.21137779954333,7.5853952451982,6.67725425736796,6.72494671403197,7.32583850671141,7.16541614788614,193
"196",2021,8,7,23,7.23333333333333,6.5625,6.5,6.4,7.16666666666667,15,8,2,5,18,8344,4909,3435,1128,2389,5955,7.21079514261745,7.58431948054593,6.67698699854439,6.72454787234043,7.32390079531184,7.16541992779177,194
"197",2021,9,6.83333333333333,9,6.9,6.75,NA,8,6.5,5,4,0,2,7,8353,4914,3439,1128,2391,5962,7.21038844367293,7.58362318477818,6.67707192207037,6.72454787234043,7.32446633207863,7.16463865649111,195
"198",2021,10,7.58,30,8.14117647058823,6.84615384615385,6.66666666666667,7.4875,7.61363636363636,17,13,6,8,22,8383,4931,3452,1134,2399,5984,7.21171116187523,7.58554539241533,6.67770867323291,6.72424162257496,7.3250100041684,7.16628938335561,196
"199",2021,11,6.93636363636364,22,7.58571428571429,6.63333333333333,5,7.125,6.89444444444444,7,15,3,4,18,8405,4938,3467,1137,2403,6002,7.2109904425937,7.58554563183475,6.67751668301125,6.71969217238346,7.32467707032875,7.16547412029323,197
"200",2021,12,7.18666666666667,30,7.47647058823529,6.80769230769231,9,7.68333333333333,7.0625,17,13,1,6,24,8435,4955,3480,1138,2409,6026,7.21090393242442,7.5851714086781,6.67800297126437,6.72169595782074,7.3255703611457,7.16506400099568,198
"201",2022,1,6.94222222222222,45,7.30227272727273,6.59782608695652,6.16666666666667,7.645,6.74142857142857,22,23,6,10,35,8480,4977,3503,1144,2419,6061,7.20947814504717,7.58392090214989,6.67747654581787,6.71878496503496,7.32689086399338,7.16261766540175,199
"202",2022,2,7.24230769230769,26,7.53333333333333,6.84545454545455,6.45,7.075,7.27272727272727,15,11,4,4,22,8506,4992,3514,1148,2423,6083,7.20957849400424,7.58376889623397,6.67800237336369,6.71784843205575,7.32647503095336,7.16301589182969,200
"203",2022,3,7.08947368421053,19,7.97272727272727,5.875,5,8.73333333333333,6.78125,11,8,2,3,16,8525,5003,3522,1150,2426,6099,7.20931081173021,7.58462409154507,6.67617840431573,6.71486086956522,7.32821475680132,7.16201437448762,201
"204",2022,4,7.29944444444444,18,7.50818181818182,6.97142857142857,6.91666666666667,8.218,6.94615384615385,11,7,3,5,13,8543,5014,3529,1153,2431,6112,7.20950072222873,7.58445638811328,6.67676405213941,6.71538594969644,7.33004483751542,7.16155524705497,202
"205",2022,5,7.01923076923077,26,7.34615384615385,6.69230769230769,6.8,5,7.1,13,13,5,1,25,8569,5027,3542,1158,2432,6137,7.20892340646517,7.58384012930177,6.67682110107284,6.71575129533679,7.32908675986842,7.16130449242301,203
"206",2022,6,7.01041666666667,24,7.609375,5.8125,4.5,6.85714285714286,7.07352941176471,16,8,2,7,17,8593,5043,3550,1160,2439,6154,7.20836898289306,7.58392114416022,6.67487333521126,6.71193103448276,7.32773226732267,7.1610620198245,204
"207",2022,7,7.70434782608696,23,7.73076923076923,7.67,6.5,6.91666666666667,7.98235294117647,13,10,2,6,17,8616,5056,3560,1162,2445,6171,7.20969297469824,7.58429872033227,6.67766863483146,6.71156626506024,7.32672351738241,7.16332452924971,205
"208",2022,8,6.28538461538461,26,7.16307692307692,5.40769230769231,5.65,7.08333333333333,6.046,13,13,2,6,20,8642,5069,3573,1164,2451,6191,7.20691213492247,7.58321845137108,6.67304795410019,6.70974226804124,7.32612770297837,7.1597150169601,206
"209",2022,9,7.59565217391304,23,7.635625,7.50428571428571,8,7.66714285714286,7.564375,16,7,1,7,16,8665,5085,3580,1165,2458,6207,7.20794398961339,7.58338334906588,6.67467327932961,6.71084978540772,7.32709886086249,7.16075812308683,207
"210",2022,10,6.98888888888889,18,6.4,7.36363636363636,7.5,8,6.92941176470588,7,11,3,1,17,8683,5092,3591,1168,2459,6224,7.20748988483243,7.58175654556166,6.67678372041214,6.71287671232877,7.32737250915006,7.16012623232648,208
"211",2022,11,7.28947368421053,19,8.04545454545454,6.25,7.33333333333333,8,7.25,11,8,3,1,18,8702,5103,3599,1171,2460,6242,7.20766888876121,7.58275609053498,6.67583504862461,6.71446626814688,7.32764593495935,7.16038540051265,209
"212",2022,12,7.2925,20,7.885,6.7,6,7.685,6.9,10,10,2,10,10,8722,5113,3609,1173,2470,6252,7.20786341091493,7.5833472188539,6.67590200609587,6.71324808184143,7.3290927125506,7.15996891714651,210
