"","year","month","avg_rating","no_ratings","avg_rating_owned","avg_rating_not_owned","avg_rating_prev_owned","avg_rating_comment","avg_rating_no_comment","no_ratings_owned","no_ratings_not_owned","no_ratings_prev_owned","no_ratings_comment","no_ratings_no_comment","cum_no_ratings","cum_no_ratings_owned","cum_no_ratings_not_owned","cum_no_ratings_prev_owned","cum_no_ratings_comment","cum_no_ratings_no_comment","cum_avg_rating","cum_avg_rating_owned","cum_avg_rating_not_owned","cum_avg_rating_prev_owned","cum_avg_rating_comment","cum_avg_rating_no_comment","month_after_release"
"1",2005,10,7.6,5,8,6,NA,7,8,4,1,0,2,3,5,4,1,0,2,3,7.6,8,6,NA,7,8,0
"2",2005,11,7.30434782608696,23,7.6,6.75,8,7.31818181818182,7.29166666666667,15,8,1,11,12,28,19,9,1,13,15,7.35714285714286,7.68421052631579,6.66666666666667,8,7.26923076923077,7.43333333333333,1
"3",2005,12,7.26666666666667,15,7.54545454545455,6.5,NA,7.35714285714286,7.1875,11,4,0,7,8,43,30,13,1,20,23,7.32558139534884,7.63333333333333,6.61538461538461,8,7.3,7.34782608695652,2
"4",2006,1,7.73529411764706,17,8,6.5,8.5,7.70833333333333,7.8,14,3,1,12,5,60,44,16,2,32,28,7.44166666666667,7.75,6.59375,8.25,7.453125,7.42857142857143,3
"5",2006,2,7.02083333333333,12,7.25,6.33333333333333,NA,6.85714285714286,7.25,9,3,0,7,5,72,53,19,2,39,33,7.37152777777778,7.66509433962264,6.55263157894737,8.25,7.34615384615385,7.40151515151515,4
"6",2006,3,7.2,15,7.92857142857143,6.5625,7.25,6.94444444444444,7.58333333333333,7,8,2,9,6,87,60,27,4,48,39,7.34195402298851,7.69583333333333,6.55555555555556,7.75,7.27083333333333,7.42948717948718,5
"7",2006,4,7.73076923076923,13,7.875,7.5,NA,8.2,7.4375,8,5,0,5,8,100,68,32,4,53,47,7.3925,7.71691176470588,6.703125,7.75,7.35849056603774,7.43085106382979,6
"8",2006,5,7.06666666666667,18,7.43333333333333,6.33333333333333,NA,7.36666666666667,6.91666666666667,12,6,0,6,12,118,80,38,4,59,59,7.34279661016949,7.674375,6.64473684210526,7.75,7.35932203389831,7.32627118644068,7
"9",2006,6,7.5,16,7.8,7,NA,7.65,7.25,10,6,0,10,6,134,90,44,4,69,65,7.3615671641791,7.68833333333333,6.69318181818182,7.75,7.40144927536232,7.31923076923077,8
"10",2006,7,6.7,9,7.16666666666667,6.46666666666667,NA,6.75,6.66,3,6,0,4,5,143,93,50,4,73,70,7.31993006993007,7.67150537634409,6.666,7.75,7.36575342465753,7.27214285714286,9
"11",2006,8,7.15346153846154,26,7.64214285714286,6.58333333333333,NA,7.14214285714286,7.16666666666667,14,12,0,14,12,169,107,62,4,87,82,7.29431952662722,7.66766355140187,6.65,7.75,7.32977011494253,7.25670731707317,10
"12",2006,9,7.385,20,7.58571428571429,6.91666666666667,8,7.42857142857143,7.36153846153846,14,6,1,7,13,189,121,68,5,94,95,7.30391534391534,7.65818181818182,6.67352941176471,7.8,7.33712765957447,7.27105263157895,11
"13",2006,10,7.25757575757576,33,7.63636363636364,6.5,7.5,7.19047619047619,7.375,22,11,2,21,12,222,143,79,7,115,107,7.29702702702703,7.65482517482518,6.64936708860759,7.71428571428571,7.31034782608696,7.28271028037383,12
"14",2006,11,7.29,30,7.52692307692308,5.75,NA,7.14166666666667,7.38888888888889,26,4,0,12,18,252,169,83,7,127,125,7.29619047619048,7.63514792899408,6.60602409638554,7.71428571428571,7.2944094488189,7.298,13
"15",2006,12,7.11290322580645,31,7.42105263157895,6.625,7.33333333333333,7.20833333333333,7.05263157894737,19,12,3,12,19,283,188,95,10,139,144,7.27611307420495,7.61351063829787,6.60842105263158,7.6,7.28697841726619,7.265625,14
"16",2007,1,7.421875,64,7.5531914893617,7.05882352941176,7.1,7.28125,7.46875,47,17,5,16,48,347,235,112,15,155,192,7.30299711815562,7.60144680851064,6.67678571428571,7.43333333333333,7.28638709677419,7.31640625,15
"17",2007,2,7.50750652173913,46,7.51470588235294,7.48710833333333,7.5,7.59375,7.46151,34,12,2,16,30,393,269,124,17,171,222,7.32693460559797,7.59048327137547,6.75520403225806,7.44117647058824,7.31514619883041,7.33601486486486,16
"18",2007,3,7.27097619047619,42,7.43727586206897,6.9,7,7.01652941176471,7.444,29,13,2,17,25,435,298,137,19,188,247,7.32153172413793,7.57557382550336,6.76894379562044,7.39473684210526,7.28814361702128,7.34694453441295,17
"19",2007,4,6.95555555555556,45,7.42592592592593,6.25,7.25,7,6.93333333333333,27,18,2,15,30,480,325,155,21,203,277,7.28722145833333,7.56314153846154,6.70867935483871,7.38095238095238,7.26685221674877,7.30214909747292,18
"20",2007,5,7.47777777777778,45,7.77272727272727,6.66666666666667,7,7.43478260869565,7.52272727272727,33,12,4,23,22,525,358,167,25,226,299,7.30355485714286,7.58246089385475,6.70566047904192,7.32,7.28394247787611,7.31837892976589,19
"21",2007,6,7.59583333333333,48,7.79310344827586,7.29473684210526,7,7.67894736842105,7.54137931034483,29,19,5,19,29,573,387,186,30,245,328,7.32803891797557,7.59824547803618,6.76583494623656,7.26666666666667,7.31457551020408,7.33809542682927,20
"22",2007,7,7.4125,40,7.6,6.85,7,7.13888888888889,7.63636363636364,30,10,3,18,22,613,417,196,33,263,350,7.33355024469821,7.59837170263789,6.77012908163265,7.24242424242424,7.30255133079848,7.35684371428571,21
"23",2007,8,7.314,50,7.64285714285714,6.54666666666667,5.925,7.26190476190476,7.35172413793103,35,15,4,21,29,663,452,211,37,284,379,7.33207586726998,7.60181637168142,6.75424312796209,7.1,7.29954577464789,7.35645197889182,22
"24",2007,9,7.32682926829268,41,7.49666666666667,6.86363636363636,8,7.15384615384615,7.40714285714286,30,11,1,13,28,704,482,222,38,297,407,7.3317703125,7.59527178423237,6.75966351351351,7.12368421052632,7.29316835016835,7.35993931203931,23
"25",2007,10,7.23529411764706,51,7.51515151515152,6.72222222222222,6.83333333333333,7.1875,7.25714285714286,33,18,3,16,35,755,515,240,41,313,442,7.32525337748344,7.59013786407767,6.75685541666667,7.10243902439024,7.28776677316294,7.35179932126697,24
"26",2007,11,7.35,57,7.58409090909091,6.55769230769231,6.125,7.01176470588235,7.49375,44,13,2,17,40,812,559,253,43,330,482,7.32699051724138,7.58966189624329,6.74662173913043,7.05697674418605,7.27354848484848,7.36357946058091,25
"27",2007,12,7.192,50,7.37428571428571,6.76666666666667,7.5,6.8,7.36,35,15,6,15,35,862,594,268,49,345,517,7.31916044083527,7.57697138047138,6.74774365671642,7.11122448979592,7.25295942028985,7.36333713733075,26
"28",2008,1,7.27558139534884,86,7.584375,6.37727272727273,8,7.1453125,7.35277777777778,64,22,1,32,54,948,658,290,50,377,571,7.31520706751055,7.5776914893617,6.71963896551724,7.129,7.24382228116711,7.36233852889667,27
"29",2008,2,6.96206896551724,58,7.66060606060606,6.04,6.66666666666667,6.875,7.05535714285714,33,25,9,30,28,1006,691,315,59,407,599,7.2948472166998,7.5816512301013,6.66569936507937,7.05847457627119,7.21663636363636,7.34798881469115,28
"30",2008,3,7.23145161290323,62,7.34555555555556,6.92941176470588,7.575,7.27413793103448,7.19393939393939,45,17,4,29,33,1068,736,332,63,436,632,7.29116694756554,7.5672160326087,6.67920271084337,7.09126984126984,7.22046100917431,7.33994509493671,29
"31",2008,4,7.13976744186047,43,7.43307692307692,6.69117647058824,7.375,7.31666666666667,7.045,26,17,6,15,28,1111,762,349,69,451,660,7.28530720072007,7.56263910761155,6.67978595988539,7.11594202898551,7.22366075388027,7.32743227272727,30
"32",2008,5,7.33916666666667,60,7.64078947368421,6.81818181818182,7.1,7.35588235294118,7.31730769230769,38,22,5,34,26,1171,800,371,74,485,686,7.28806686592656,7.56635125,6.68799272237197,7.11486486486486,7.23292989690722,7.32704854227405,31
"33",2008,6,7.50877192982456,57,7.90476190476191,6.4,7.125,7.85,7.32432432432432,42,15,4,20,37,1228,842,386,78,505,723,7.29831131921824,7.58323159144893,6.67680129533679,7.11538461538461,7.25736831683168,7.3269091286307,32
"34",2008,7,7.51851851851852,54,7.8,7,7,7.5625,7.48333333333333,35,19,8,24,30,1282,877,405,86,529,753,7.3075868174727,7.59188255416192,6.6919637037037,7.1046511627907,7.27121172022684,7.3331411686587,33
"35",2008,8,7.14408163265306,49,7.46428571428571,6.71714285714286,7.08333333333333,6.83333333333333,7.32451612903226,28,21,6,18,31,1331,905,426,92,547,784,7.30156746806912,7.58793480662984,6.69320492957746,7.10326086956522,7.25680255941499,7.33280012755102,34
"36",2008,9,7.32048387096774,62,7.65692307692308,6.75,6.77777777777778,7.37,7.28472222222222,39,23,9,26,36,1393,944,449,101,573,820,7.30240940416368,7.59078495762712,6.69611425389755,7.07425742574257,7.26193891797557,7.3306893902439,35
"37",2008,10,7.39130434782609,46,7.48387096774194,7.2,6.5,7.43333333333333,7.37096774193548,31,15,3,15,31,1439,975,464,104,588,851,7.3052510771369,7.58738564102564,6.7124036637931,7.05769230769231,7.26631122448979,7.33215663924794,36
"38",2008,11,7.56897959183673,49,7.65103448275862,7.45,7.65,8.01333333333333,7.23571428571429,29,20,8,21,28,1488,1004,484,112,609,879,7.31393568548387,7.58922410358566,6.74288285123967,7.1,7.29207060755336,7.32908452787258,37
"39",2008,12,7.47181818181818,55,7.72647058823529,7.05952380952381,7.02777777777778,7.58571428571429,7.40147058823529,34,21,9,21,34,1543,1038,505,121,630,913,7.31956338302009,7.59371965317919,6.7560500990099,7.09462809917355,7.30185873015873,7.33178017524644,38
"40",2009,1,7.5046875,64,7.65,7.10294117647059,7.5,7.22391304347826,7.66219512195122,47,17,5,23,41,1607,1085,522,126,653,954,7.32693609209708,7.59615760368664,6.76734731800766,7.11071428571429,7.29911332312404,7.34598039832285,39
"41",2009,2,6.955625,80,7.38125,6.53,5.9,7.14583333333333,6.87410714285714,40,40,9,24,56,1687,1125,562,135,677,1010,7.30932797866034,7.58851644444444,6.75045427046263,7.03,7.29367946824224,7.31981712871287,40
"42",2009,3,6.90818181818182,55,7.075,6.81285714285714,6.85714285714286,7.08333333333333,6.8593023255814,20,35,14,12,43,1742,1145,597,149,689,1053,7.29666262916188,7.57954672489083,6.75411273031826,7.01375838926175,7.29001596516691,7.30101168091168,41
"43",2009,4,7.06949152542373,59,7.43448275862069,6.71666666666667,7.33333333333333,7.1,7.05813953488372,29,30,3,16,43,1801,1174,627,152,705,1096,7.28922059966685,7.57596337308348,6.75232105263158,7.02006578947369,7.28570354609929,7.2914829379562,42
"44",2009,5,7.02203703703704,54,7.45321428571429,6.55769230769231,6.5,7.03846153846154,7.01682926829268,28,26,7,13,41,1855,1202,653,159,718,1137,7.28144274932615,7.57310399334443,6.74457166921899,6.99716981132076,7.28122701949861,7.28157897977133,43
"45",2009,6,7.37954545454545,44,7.7695652173913,6.95238095238095,6.91666666666667,7.18181818181818,7.44545454545455,23,21,6,11,33,1899,1225,674,165,729,1170,7.28371579778831,7.57679265306123,6.75104643916914,6.99424242424243,7.27972702331961,7.28620111111111,44
"46",2009,7,7.14818181818182,55,7.476,6.875,6.64285714285714,6.78571428571429,7.20104166666667,25,30,7,7,48,1954,1250,704,172,736,1218,7.27990087001024,7.5747768,6.75632855113636,6.97994186046512,7.27502853260869,7.28284507389162,45
"47",2009,8,7.31590909090909,44,7.58,6.96842105263158,6.5,7.68,7.12758620689655,25,19,3,15,29,1998,1275,723,175,751,1247,7.28069384384384,7.57487921568628,6.76190221300138,6.97171428571429,7.2831171770972,7.27923440256616,46
"48",2009,9,7.36101694915254,59,7.684375,6.97777777777778,6.6,7.63125,7.26046511627907,32,27,5,16,43,2057,1307,750,180,767,1290,7.28299771511911,7.57756006120888,6.76967373333333,6.96138888888889,7.29037940026076,7.27860875968992,47
"49",2009,10,7.30222222222222,45,7.70909090909091,6.91304347826087,7,7.35882352941176,7.26785714285714,22,23,3,17,28,2102,1329,773,183,784,1318,7.28340927687916,7.57973739653875,6.77393958602846,6.9620218579235,7.29186352040816,7.27838034901366,48
"50",2009,11,7.27246376811594,69,7.53529411764706,7.01714285714286,7.0625,7.6875,7.14716981132075,34,35,8,16,53,2171,1363,808,191,800,1371,7.28306140027637,7.57862876008804,6.78447438118812,6.96623036649215,7.29977625,7.27330802334063,49
"51",2009,12,7.2047619047619,63,7.57884615384615,6.94189189189189,6.53571428571429,6.76136363636364,7.44268292682927,26,37,14,22,41,2234,1389,845,205,822,1412,7.28085331244405,7.57863282937365,6.79136721893491,6.93682926829268,7.28536618004866,7.27822613314448,50
"52",2010,1,7.01370967741935,62,7.48387096774194,6.54354838709677,6.81666666666667,6.90384615384615,7.04285714285714,31,31,6,13,49,2296,1420,876,211,835,1461,7.27363950348432,7.57656408450704,6.78259737442922,6.93341232227488,7.27942634730539,7.27033216974675,51
"53",2010,2,6.95106382978723,47,7.38636363636364,6.568,7.5,6.99090909090909,6.93888888888889,22,25,3,11,36,2343,1442,901,214,846,1497,7.26716871532224,7.57366227461859,6.77664295227525,6.94135514018692,7.27567494089834,7.26236158984636,52
"54",2010,3,7.09555555555556,45,7.69,6.62,6.625,7.28125,6.99310344827586,20,25,4,16,29,2388,1462,926,218,862,1526,7.26393479899498,7.5752537619699,6.77241393088553,6.9355504587156,7.27577842227378,7.25724462647444,53
"55",2010,4,7.31794871794872,39,7.44090909090909,7.15882352941177,7.63333333333333,7.9125,7.16451612903226,22,17,3,8,31,2427,1484,943,221,870,1557,7.26480276060981,7.57326212938005,6.77937995758218,6.94502262443439,7.28163333333333,7.2553983943481,54
"56",2010,5,7.36842105263158,38,7.52083333333333,7.10714285714286,6,7.625,7.25,24,14,2,12,26,2465,1508,957,223,882,1583,7.26640012170385,7.57242771883289,6.78417481713689,6.93654708520179,7.28630498866213,7.25530972836386,55
"57",2010,6,7.34473684210526,38,7.63157894736842,7.05789473684211,7.125,7.38461538461539,7.324,19,19,4,13,25,2503,1527,976,227,895,1608,7.26758941270475,7.57316371971185,6.78950338114754,6.93986784140969,7.28773296089385,7.25637767412935,56
"58",2010,7,7.30294117647059,34,7.34736842105263,7.24666666666667,8,7.53333333333333,7.22,19,15,2,9,25,2537,1546,991,229,904,1633,7.26806318486401,7.57038874514877,6.79642310797175,6.94912663755459,7.29017809734513,7.25582075933864,57
"59",2010,8,7.09166666666667,48,7.6,6.49090909090909,7.51666666666667,7.21,7.06052631578947,26,22,6,10,38,2585,1572,1013,235,914,1671,7.26478773694391,7.57087849872774,6.78978805528134,6.9636170212766,7.28930087527352,7.25137959305805,58
"60",2010,9,6.60125,40,7.3375,6.11041666666667,5.375,6.11111111111111,6.74354838709677,16,24,8,9,31,2625,1588,1037,243,923,1702,7.25467668571429,7.56852707808564,6.77406489874638,6.91131687242798,7.27781256771398,7.24213002350176,59
"61",2010,10,7.22361111111111,36,7.35227272727273,7.02142857142857,8,6.8,7.38653846153846,22,14,2,10,26,2661,1610,1051,245,933,1728,7.25425640736565,7.56557204968944,6.77735994291151,6.92020408163265,7.27269131832797,7.24430283564815,60
"62",2010,11,7.12909090909091,55,7.5695652173913,6.8125,6.8,7.11538461538461,7.13333333333333,23,32,5,13,42,2716,1633,1083,250,946,1770,7.25172175994109,7.56562829148806,6.77839824561404,6.9178,7.27052959830867,7.24166966101695,61
"63",2010,12,7.26016949152542,59,7.6890625,6.75185185185185,6.12,7.28666666666667,7.25113636363636,32,27,5,15,44,2775,1665,1110,255,961,1814,7.25190136936937,7.5680006006006,6.77775252252252,6.9021568627451,7.27078147762747,7.24189928335171,62
"64",2011,1,7.28255813953488,43,7.62045454545455,6.92857142857143,6.91666666666667,6.5625,7.44714285714286,22,21,6,8,35,2818,1687,1131,261,969,1849,7.25236916252661,7.5686846473029,6.78055287356322,6.90249042145594,7.26493395252838,7.24578436992969,63
"65",2011,2,7.46739130434783,46,8.11538461538461,6.625,6.5625,7.825,7.36805555555556,26,20,8,10,36,2864,1713,1151,269,979,1885,7.25582273044693,7.57698248686515,6.77784995655951,6.89237918215613,7.27065474974464,7.24811952254642,64
"66",2011,3,7.1551724137931,29,7.47222222222222,6.63636363636364,6.6,7.34285714285714,7.09545454545455,18,11,5,7,22,2893,1731,1162,274,986,1907,7.25481379191151,7.57589312536106,6.77651058519793,6.88704379562044,7.27116734279919,7.246358311484,65
"67",2011,4,7.46428571428571,28,7.91666666666667,6.65,6.4,7.66666666666667,7.40909090909091,18,10,5,6,22,2921,1749,1172,279,992,1929,7.25682173913043,7.57940022870212,6.77543114334471,6.87831541218638,7.27355947580645,7.24821425609124,66
"68",2011,5,7.45641025641026,39,7.985,6.9,6.25,7.65384615384615,7.35769230769231,20,19,4,13,26,2960,1769,1191,283,1005,1955,7.2594514527027,7.58398586772188,6.77741838790932,6.86943462897527,7.27847860696517,7.24967023017903,67
"69",2011,6,7.16129032258065,31,7.42857142857143,6.94117647058824,6.66666666666667,7.04166666666667,7.23684210526316,14,17,6,12,19,2991,1783,1208,289,1017,1974,7.25843406887329,7.58276556365676,6.77972293046358,6.86522491349481,7.27568436578171,7.24954675785207,68
"70",2011,7,7.31818181818182,33,7.90625,6.76470588235294,6.91666666666667,7.45,7.26086956521739,16,17,6,10,23,3024,1799,1225,295,1027,1997,7.25908607804233,7.58564257921067,6.77951453061225,6.86627118644068,7.27738169425511,7.24967716574862,69
"71",2011,8,7.07105263157895,38,7.44090909090909,6.5625,5.94444444444444,7.01,7.09285714285714,22,16,9,10,28,3062,1821,1241,304,1037,2025,7.25675254735467,7.58389401427787,6.77671659951652,6.8389802631579,7.27480327868853,7.24750879012345,70
"72",2011,9,7.3,37,7.64444444444444,6.97368421052632,7.5,7.37272727272727,7.26923076923077,18,19,4,11,26,3099,1839,1260,308,1048,2051,7.25726889319135,7.58448667754214,6.77968674603175,6.84756493506494,7.27583110687023,7.24778415407118,71
"73",2011,10,6.84666666666667,45,7.5,6.48620689655172,7.21428571428571,6.93333333333333,6.80333333333333,16,29,7,15,30,3144,1855,1289,315,1063,2081,7.25139195292621,7.58375795148248,6.77308401861909,6.85571428571429,7.27099811853246,7.24137688611244,72
"74",2011,11,6.83281578947368,38,7.33333333333333,6.38235,7.1875,6.680875,6.87333333333333,18,20,4,8,30,3182,1873,1309,319,1071,2111,7.24639324324324,7.58135130806193,6.76711405653171,6.85987460815047,7.26659010270775,7.2361465182378,73
"75",2011,12,6.65428571428571,35,7.35,6.06842105263158,6.66666666666667,7.16,6.452,16,19,3,10,25,3217,1889,1328,322,1081,2136,7.23995129002176,7.57939174166226,6.75711769578313,6.85807453416149,7.26560407030527,7.22696877340824,74
"76",2012,1,7.08888888888889,45,7.76666666666667,6.63703703703704,7.0375,7.01,7.11142857142857,18,27,8,10,35,3262,1907,1355,330,1091,2171,7.23786735131821,7.58115941269009,6.75472494464945,6.86242424242424,7.26326122823098,7.2251060801474,75
"77",2012,2,7.34594594594595,37,7.5,7.14375,6.91666666666667,7.3,7.36296296296296,21,16,6,10,27,3299,1928,1371,336,1101,2198,7.2390795089421,7.58027541493776,6.75926498905908,6.86339285714286,7.26359491371481,7.22679949954504,76
"78",2012,3,7.49782608695652,23,7.609375,7.24285714285714,NA,7.5,7.49722222222222,16,7,0,5,18,3322,1944,1378,336,1106,2216,7.2408709512342,7.58051491769547,6.76172155297533,6.86339285714286,7.26466365280289,7.22899607400722,77
"79",2012,4,7.73958333333333,24,8.08928571428571,7.25,6.83333333333333,8.5,7.53947368421053,14,10,3,5,19,3346,1958,1388,339,1111,2235,7.24444808726838,7.58415270684372,6.7652394092219,6.86312684365782,7.27022322232223,7.23163548098434,78
"80",2012,5,7.26857142857143,35,7.66190476190476,6.67857142857143,6.83333333333333,8.0375,7.04074074074074,21,14,3,8,27,3381,1979,1402,342,1119,2262,7.24469781129843,7.58497776654876,6.7643739657632,6.86286549707602,7.27570866845398,7.22935689655172,79
"81",2012,6,7.34615384615385,26,7.84615384615385,6.84615384615385,6.7,7,7.5625,13,13,5,10,16,3407,1992,1415,347,1129,2278,7.24547205752862,7.58668222891566,6.76512530035336,6.86051873198847,7.27326660761736,7.23169679543459,80
"82",2012,7,7.36448275862069,29,7.56470588235294,7.08083333333333,6.5,7.7,7.29458333333333,17,12,4,5,24,3436,2009,1427,351,1134,2302,7.24647651338766,7.5864962667994,6.76778016818501,6.85641025641026,7.27514814814815,7.23235243266724,81
"83",2012,8,6.69,20,7.11,6.27,6,7.25,6.55,10,10,2,4,16,3456,2019,1437,353,1138,2318,7.24325616319444,7.5841362060426,6.764316144746,6.85155807365439,7.27505975395431,7.2276424935289,82
"84",2012,9,6.82307692307692,26,7.36666666666667,6.35714285714286,6.5,6.1,6.9952380952381,12,14,3,5,21,3482,2031,1451,356,1143,2339,7.24011869615164,7.58285130477597,6.76038752584425,6.84859550561798,7.26991951006124,7.2255559213339,83
"85",2012,10,7.19583333333333,36,7.48611111111111,6.90555555555556,7.18333333333333,7.11875,7.21785714285714,18,18,6,8,28,3518,2049,1469,362,1151,2367,7.23966552018192,7.58200146412884,6.7621663036079,6.85414364640884,7.26886880973067,7.22546485002112,84
"86",2012,11,7.01025641025641,39,7.14117647058824,6.90909090909091,7.71428571428571,7.10714285714286,6.956,17,22,7,14,25,3557,2066,1491,369,1165,2392,7.23715021085184,7.57837415295257,6.76433420523139,6.87046070460705,7.26692532188841,7.2226485367893,85
"87",2012,12,7.31428571428571,35,7.78947368421053,6.75,6.4,6.5,7.6875,19,16,5,11,24,3592,2085,1507,374,1176,2416,7.23790180957684,7.58029784172662,6.76418201725282,6.86417112299465,7.25975170068027,7.22726626655629,86
"88",2013,1,7.32142857142857,42,7.79166666666667,6.69444444444444,7,7.57777777777778,7.25151515151515,24,18,5,9,33,3634,2109,1525,379,1185,2449,7.23886717116125,7.58270317686107,6.7633588852459,6.86596306068602,7.2621670886076,7.22759301755819,87
"89",2013,2,7.07142857142857,14,7.33333333333333,6.875,5,NA,7.07142857142857,6,8,1,0,14,3648,2115,1533,380,1185,2463,7.23822458881579,7.58199574468085,6.76394148727984,6.86105263157895,7.2621670886076,7.2267053593179,88
"90",2013,3,6.86756756756757,37,7.36818181818182,6.13333333333333,6.9,7.13636363636364,6.75384615384615,22,15,5,11,26,3685,2137,1548,385,1196,2489,7.23450293080054,7.57979457182967,6.75783094315246,6.86155844155844,7.26101003344482,7.22176588991563,89
"91",2013,4,7.01029411764706,34,7.50833333333333,6.73863636363636,6.55,7.3,6.93518518518519,12,22,5,7,27,3719,2149,1570,390,1203,2516,7.23245315945146,7.57939553280596,6.75756197452229,6.8575641025641,7.26123690773068,7.21869050079491,90
"92",2013,5,7.26,35,7.36842105263158,7.13125,6.8,7.31818181818182,7.23333333333333,19,16,5,11,24,3754,2168,1586,395,1214,2540,7.2327099893447,7.57754658671587,6.76133184110971,6.85683544303798,7.2617528830313,7.21882885826771,91
"93",2013,6,6.828,25,7.09090909090909,6.62142857142857,7,7.66666666666667,6.56315789473684,11,14,3,6,19,3779,2179,1600,398,1220,2559,7.23003262767928,7.57508994951813,6.7601076875,6.85791457286432,7.26374426229509,7.21396064869089,92
"94",2013,7,7.19166666666667,24,7.78181818181818,6.69230769230769,7,7.825,6.875,11,13,5,8,16,3803,2190,1613,403,1228,2575,7.22979050749408,7.57612831050228,6.75956125232486,6.85967741935484,7.2674006514658,7.21185448543689,93
"95",2013,8,7.25,21,7.33928571428571,7.07142857142857,7.25,7.54166666666667,7.13333333333333,14,7,5,6,15,3824,2204,1620,408,1234,2590,7.22990149058577,7.57462386569873,6.7609088271605,6.86446078431373,7.26873419773096,7.21139972972973,94
"96",2013,9,7.244,25,7.66666666666667,6.85384615384615,7,6.91666666666667,7.34736842105263,12,13,3,6,19,3849,2216,1633,411,1240,2609,7.22999306313328,7.57512229241877,6.76164868340478,6.8654501216545,7.26703064516129,7.21238991950939,95
"97",2013,10,6.72777777777778,36,7.4875,6.12,5.66666666666667,6.5,6.76451612903226,16,20,3,5,31,3885,2232,1653,414,1245,2640,7.22533933075933,7.57449417562724,6.75388523895947,6.85676328502416,7.26395020080322,7.20713079545454,96
"98",2013,11,7.09230769230769,26,7.46666666666667,6.89411764705882,6.8,7.16666666666667,7.07,9,17,5,6,20,3911,2241,1670,419,1251,2660,7.22445494758374,7.57406113342258,6.75531275449102,6.85608591885442,7.26348361310952,7.2060997368421,97
"99",2013,12,7.10862068965517,29,7.5,6.83235294117647,6.73571428571429,7.07222222222222,7.125,12,17,7,9,20,3940,2253,1687,426,1260,2680,7.22360236040609,7.57366666666667,6.75608909306461,6.85410798122066,7.26211746031746,7.20549451492537,98
"100",2014,1,7.20222222222222,45,7.53076923076923,6.75263157894737,6.97777777777778,7.23214285714286,7.18870967741935,26,19,9,14,31,3985,2279,1706,435,1274,2711,7.22336092848181,7.57317727073278,6.75605058616647,6.85666666666667,7.26178806907379,7.20530258207303,99
"101",2014,2,7.20714285714286,35,7.46071428571429,7.03809523809524,6.5,7,7.25892857142857,14,21,2,7,28,4020,2293,1727,437,1281,2739,7.22321972636816,7.57249062363716,6.75948019687319,6.85503432494279,7.26035753317721,7.20585078495801,100
"102",2014,3,7.33,20,7.27142857142857,7.36153846153846,7.5,7.6,7.3,7,13,4,2,18,4040,2300,1740,441,1283,2757,7.22374834158416,7.57157434782609,6.76397833333333,6.8608843537415,7.26088698363212,7.20646546971345,101
"103",2014,4,7.12546875,32,7.66176470588235,6.51766666666667,6.5,6.5,7.50075,17,15,5,12,20,4072,2317,1755,446,1295,2777,7.22297600687623,7.57223608113941,6.76187310541311,6.85683856502242,7.2538362934363,7.2085849117753,102
"104",2014,5,7.092,25,7.48888888888889,6.86875,6.71428571428571,7.375,7.03809523809524,9,16,7,4,21,4097,2326,1771,453,1299,2798,7.22217678789358,7.5719135855546,6.76283867871259,6.8546357615894,7.25420939183988,7.20730532523231,103
"105",2014,6,7.3125,24,8.11111111111111,6.83333333333333,6.4,7.35714285714286,7.29411764705882,9,15,5,7,17,4121,2335,1786,458,1306,2815,7.22270281485076,7.57399186295503,6.76343073908175,6.84967248908297,7.25476110260337,7.20782959147424,104
"106",2014,7,7.34090909090909,22,7.89285714285714,6.375,6.66666666666667,7.9,7.17647058823529,14,8,3,5,17,4143,2349,1794,461,1311,2832,7.22333050929278,7.57589229459345,6.761698606466,6.84848156182213,7.25722196796339,7.20764134887005,105
"107",2014,8,7.44678571428571,28,7.70916666666667,7.25,7.1,7.66666666666667,7.4204,12,16,5,3,25,4171,2361,1810,466,1314,2857,7.22483056820906,7.57656967386701,6.76601508287293,6.85118025751073,7.25815677321157,7.209503080154,106
"108",2014,9,6.45535714285714,28,6.68846153846154,6.25333333333333,5.43333333333333,6.03333333333333,6.57045454545455,13,15,3,6,22,4199,2374,1825,469,1320,2879,7.21969952369612,7.57170640269587,6.76180126027397,6.84211087420043,7.2525893939394,7.20461976380687,107
"109",2014,10,7.65555555555556,27,7.82777777777778,7.31111111111111,7.125,8.34285714285714,7.415,18,9,4,7,20,4226,2392,1834,473,1327,2899,7.22248421675343,7.57363336120402,6.76449689203926,6.84450317124736,7.2583406179352,7.20607116246981,108
"110",2014,11,7.00769230769231,26,7.85,6.28571428571429,3,6.58333333333333,7.135,12,14,1,6,20,4252,2404,1848,474,1333,2919,7.22117081373471,7.57501289517471,6.76086975108225,6.83639240506329,7.2553023255814,7.20558420692018,109
"111",2014,12,7.06595744680851,47,7.67115384615385,6.31666666666667,6.44,6.715,7.16081081081081,26,21,5,10,37,4299,2430,1869,479,1343,2956,7.21947390090719,7.57604156378601,6.75587870518994,6.83225469728601,7.2512792256143,7.20502378213802,110
"112",2015,1,7.08108108108108,37,7.42105263157895,6.72222222222222,7.3,5.33333333333333,7.41935483870968,19,18,5,6,31,4336,2449,1887,484,1349,2987,7.21829296586716,7.57483911800735,6.75555765765766,6.8370867768595,7.24274870274278,7.20724817542685,111
"113",2015,2,7.16304347826087,23,7.52083333333333,6.77272727272727,7,7.625,7.11904761904762,12,11,1,2,21,4359,2461,1898,485,1351,3008,7.21800144528561,7.57457578220236,6.7556571654373,6.83742268041237,7.24331458179127,7.20663241356383,112
"114",2015,3,6.77391304347826,23,7.48181818181818,6.125,6.41666666666667,6,6.98888888888889,11,12,6,5,18,4382,2472,1910,491,1356,3026,7.21567053856686,7.57416302588997,6.75169492146597,6.83228105906314,7.23873008849558,7.20533717779246,113
"115",2015,4,6.81944444444444,18,7.5,6.275,NA,7.1,6.71153846153846,8,10,0,5,13,4400,2480,1920,491,1361,3039,7.21404961363636,7.57392379032258,6.74921213541667,6.83228105906314,7.23822042615724,7.20322484369858,114
"116",2015,5,7.28958333333333,24,7.655,7.02857142857143,6.7,7,7.36578947368421,10,14,5,5,19,4424,2490,1934,496,1366,3058,7.21445938065099,7.57424939759036,6.75123438469493,6.83094758064516,7.23734846266472,7.20423489208633,115
"117",2015,6,7.21904761904762,21,7.63181818181818,6.765,7,7.2,7.225,11,10,1,5,16,4445,2501,1944,497,1371,3074,7.21448105736783,7.57450259896042,6.75130519547325,6.83128772635815,7.23721225382933,7.20434297332466,116
"118",2015,7,7.0875,20,7.46363636363636,6.62777777777778,6,6.075,7.340625,11,9,3,4,16,4465,2512,1953,500,1375,3090,7.21391227323628,7.5740171178344,6.75073594470046,6.8263,7.23383127272728,7.2050486407767,117
"119",2015,8,7.43194444444444,36,8.17368421052632,6.60294117647059,6.66666666666667,7.86363636363636,7.242,19,17,6,11,25,4501,2531,1970,506,1386,3115,7.21565614307931,7.57851876728566,6.74946055837563,6.82440711462451,7.23882972582973,7.20534520064205,118
"120",2015,9,7.20454545454545,22,7.5625,7,6.5,6.5,7.36111111111111,8,14,4,4,18,4523,2539,1984,510,1390,3133,7.21560210037585,7.57846829460418,6.75122847782258,6.82186274509804,7.2367035971223,7.2062401212895,119
"121",2015,10,7.14583333333333,12,7.40625,6.625,7.25,7.1,7.17857142857143,8,4,2,5,7,4535,2547,1988,512,1395,3140,7.2154174862183,7.57792736552807,6.75097449698189,6.82353515625,7.23621362007169,7.20617843949044,120
"122",2015,11,6.77916666666667,24,7.26666666666667,6.29166666666667,6,6.8,6.77222222222222,12,12,2,6,18,4559,2559,2000,514,1401,3158,7.21312092564159,7.57646776084408,6.74821865,6.82033073929961,7.2343454675232,7.20370497150095,121
"123",2015,12,7.3046875,32,7.675,6.6875,6.1,7,7.36111111111111,20,12,5,5,27,4591,2579,2012,519,1406,3185,7.21375915922457,7.57723187281892,6.74785651093439,6.81339113680154,7.23351209103841,7.20503934065934,122
"124",2016,1,7.12758620689655,29,7.91666666666667,6.57058823529412,6.75,7.5625,6.96190476190476,12,17,4,8,21,4620,2591,2029,523,1414,3206,7.21321824675324,7.57880393670398,6.74637126663381,6.81290630975144,7.23537340876945,7.20344675608234,123
"125",2016,2,6.7,16,8.0625,6.24583333333333,5.91,7.06666666666667,6.48,4,12,5,6,10,4636,2595,2041,528,1420,3216,7.21144700172562,7.57954951830443,6.74342836844684,6.80435606060606,7.23466056338028,7.20119723258706,124
"126",2016,3,7.23387096774194,31,7.54166666666667,6.80769230769231,6,7.25,7.22826086956522,18,13,2,8,23,4667,2613,2054,530,1428,3239,7.21159595028926,7.57928855721393,6.74383510223953,6.80132075471698,7.23474649859944,7.20138941031182,125
"127",2016,4,7.2037037037037,27,7.83333333333333,6.7,6.4,8.66666666666667,7.02083333333333,12,15,5,3,24,4694,2625,2069,535,1431,3263,7.21155055389859,7.58044990476191,6.74351730304495,6.79757009345795,7.23774842767296,7.20006138522831,126
"128",2016,5,7.4203125,32,7.78461538461538,7.17105263157895,7.25,7.33333333333333,7.44038461538462,13,19,2,6,26,4726,2638,2088,537,1437,3289,7.2129640922556,7.58145602729341,6.74740771072797,6.79925512104283,7.23814752957551,7.201961173609,127
"129",2016,6,7.26034482758621,29,7.62368421052632,6.57,6.83333333333333,6.8125,7.332,19,10,3,4,25,4755,2657,2098,540,1441,3314,7.2132530599369,7.58175799774182,6.74656210676835,6.79944444444445,7.23696599583623,7.20294215449607,128
"130",2016,7,7.14285714285714,21,7.75555555555556,6.68333333333333,7.23333333333333,6.95,7.22,9,12,3,6,15,4776,2666,2110,543,1447,3329,7.21294353015075,7.5823447111778,6.74620251184834,6.80184162062615,7.23577608845888,7.20301901471913,129
"131",2016,8,6.875,26,7.08333333333333,6.59090909090909,6.57142857142857,7.29166666666667,6.75,15,11,7,6,20,4802,2681,2121,550,1453,3349,7.21111376509787,7.57955277881388,6.74539712399812,6.79890909090909,7.23600688231246,7.20031361600477,130
"132",2016,9,7.08064516129032,31,7.75,6.52941176470588,7.375,7,7.09615384615385,14,17,4,5,26,4833,2695,2138,554,1458,3375,7.21027690875232,7.58043821892393,6.7436797474275,6.80306859205776,7.2351975308642,7.1995112,131
"133",2016,10,7.6875,16,8.4375,6.9375,6.75,6,7.92857142857143,8,8,2,2,14,4849,2703,2146,556,1460,3389,7.21185157764487,7.5829748427673,6.7444022833178,6.80287769784173,7.23350547945206,7.20252295662437,132
"134",2016,11,7.0625,24,7.5,6.625,8,7,7.06818181818182,12,12,1,2,22,4873,2715,2158,557,1462,3411,7.21111600656679,7.58260810313076,6.74373832252085,6.80502692998205,7.23318604651163,7.20165649369686,133
"135",2016,12,7.02391304347826,23,7.45909090909091,6.625,6.75,7.71,6.83333333333333,11,12,2,5,18,4896,2726,2170,559,1467,3429,7.21023658088235,7.58210968451944,6.74308170506913,6.80483005366726,7.23481117927744,7.19972303878682,134
"136",2017,1,7.25302325581395,43,7.88636363636364,6.58952380952381,6.83333333333333,7.1,7.29939393939394,22,21,6,10,33,4939,2748,2191,565,1477,3462,7.21060909090909,7.58454548762737,6.74160990415336,6.80513274336283,7.23389844278944,7.20067310803004,135
"137",2017,2,6.9768,25,7.80153846153846,6.08333333333333,6.5,8.084,6.7,13,12,4,5,20,4964,2761,2203,569,1482,3482,7.20943156728444,7.58556718580225,6.73802419428053,6.80298769771529,7.2367665317139,7.19779732912119,136
"138",2017,3,6.93055555555556,18,7.09090909090909,6.67857142857143,7,7.125,6.875,11,7,2,4,14,4982,2772,2210,571,1486,3496,7.20842398635086,7.58360425685426,6.73783588235294,6.80367775831874,7.23646567967699,7.19650466247139,137
"139",2017,4,7.6875,24,8,7.375,7,7.4,7.76315789473684,12,12,1,5,19,5006,2784,2222,572,1491,3515,7.21072079504594,7.58539906609195,6.74127691269127,6.80402097902098,7.23701408450704,7.19956765291607,138
"140",2017,5,6.9525,20,7.52727272727273,6.25,7.75,7.33333333333333,6.88529411764706,11,9,2,3,17,5026,2795,2231,574,1494,3532,7.20969325507361,7.58517030411449,6.73929506947557,6.80731707317073,7.23720749665328,7.19805501132503,139
"141",2017,6,6.91428571428571,21,7.88571428571429,6.42857142857143,6.5,7.26,6.80625,7,14,3,5,16,5047,2802,2245,577,1499,3548,7.20846409748365,7.58592112776588,6.73735737193764,6.80571923743501,7.23728352234823,7.19628813416009,140
"142",2017,7,7.37931034482759,29,8.03846153846154,6.84375,6.83333333333333,7.5,7.34782608695652,13,16,3,6,23,5076,2815,2261,580,1505,3571,7.20944016942474,7.58801101243339,6.73811026094648,6.80586206896552,7.23833089700997,7.19726415569868,141
"143",2017,8,7.27619047619048,21,7.85714285714286,6.98571428571429,7,6,7.41052631578947,7,14,2,2,19,5097,2822,2275,582,1507,3590,7.20971518540317,7.5886785967399,6.73963397802198,6.80652920962199,7.23668745852688,7.19839284122562,142
"144",2017,9,7.20769230769231,26,7.27857142857143,7.125,7,6.92,7.27619047619048,14,12,5,5,21,5123,2836,2287,587,1512,3611,7.20970491899277,7.58714774330042,6.74165601224311,6.80817717206133,7.23564021164021,7.19884527831625,143
"145",2017,10,7.132,25,7.29230769230769,6.95833333333333,NA,7.275,7.1047619047619,13,12,0,4,21,5148,2849,2299,587,1516,3632,7.20932756410256,7.58580238680239,6.74278699434537,6.80817717206133,7.23574406332454,7.19830129405286,144
"146",2017,11,6.70434782608696,23,7.27,6.26923076923077,6.2,6.375,6.77368421052632,10,13,5,4,19,5171,2859,2312,592,1520,3651,7.20708147360278,7.58469779643232,6.74012426470588,6.80304054054054,7.23347894736842,7.19609156395508,145
"147",2017,12,7.175,28,7.61,6.93333333333333,6.83333333333333,7.25,7.1625,10,18,6,4,24,5199,2869,2330,598,1524,3675,7.20690869397961,7.58478598814918,6.74161686695279,6.80334448160535,7.23352230971129,7.19587219047619,146
"148",2018,1,7.20714285714286,21,7.845,6.62727272727273,6.5,7.28333333333333,7.15,10,11,2,9,12,5220,2879,2341,600,1533,3687,7.20690963601532,7.58568982285516,6.74107958137548,6.80233333333333,7.23381474233529,7.19572289123949,147
"149",2018,2,6.92857142857143,21,7.23076923076923,6.4375,6.66666666666667,6.875,6.94117647058824,13,8,3,4,17,5241,2892,2349,603,1537,3704,7.20579437130318,7.58409439834025,6.74004567901234,6.8016583747927,7.23288093689005,7.19455461663067,148
"150",2018,3,6.88571428571429,21,7.625,6.43076923076923,6,6.25,7.03529411764706,8,13,3,4,17,5262,2900,2362,606,1541,3721,7.20451697073356,7.58420724137931,6.73834348010161,6.7976897689769,7.23032965606749,7.19382700886858,149
"151",2018,4,6.7868,25,7.31214285714286,6.11818181818182,6,5.53333333333333,6.95772727272727,14,11,2,3,22,5287,2914,2373,608,1544,3743,7.20254176281445,7.58290013726836,6.73546873156342,6.79506578947368,7.22703238341969,7.19243930002671,150
"152",2018,5,7.07263157894737,19,7.48666666666667,6.7,5.66666666666667,7.2,7.02714285714286,9,10,3,5,14,5306,2923,2383,611,1549,3757,7.20207657369016,7.58260383167978,6.73531989089383,6.78952536824877,7.22694512588767,7.19182334309289,151
"153",2018,6,7.09523809523809,21,7.95,6.31818181818182,7,8.1,6.78125,10,11,4,5,16,5327,2933,2394,615,1554,3773,7.20165539703397,7.58385646096147,6.73340321637427,6.79089430894309,7.22975418275418,7.19008224224755,152
"154",2018,7,6.92272727272727,22,7.41666666666667,6.33,7.075,6.93333333333333,6.92105263157895,12,10,4,3,19,5349,2945,2404,619,1557,3792,7.20050818844644,7.58317521222411,6.73172516638935,6.79273021001615,7.22918304431599,7.18873425632911,153
"155",2018,8,6.93333333333333,21,7.66666666666667,5.95555555555556,6,6.6,6.95,12,9,1,1,20,5370,2957,2413,620,1558,3812,7.19946337057728,7.58351403449442,6.72883021135516,6.79145161290323,7.22877920410783,7.18748171563484,154
"156",2018,9,6.59090909090909,11,6.91666666666667,6.2,6,7.33333333333333,6.3125,6,5,1,3,8,5381,2963,2418,621,1561,3820,7.19821934584649,7.58216368545393,6.72773668320926,6.79017713365539,7.2289801409353,7.18564929319372,155
"157",2018,10,7.26388888888889,18,7.93181818181818,6.21428571428571,6.5,7.9,7.01923076923077,11,7,3,5,13,5399,2974,2425,624,1566,3833,7.19843828486756,7.5834569603228,6.72625455670103,6.78878205128205,7.23112260536399,7.18508486824941,156
"158",2018,11,7.15222222222222,18,6.89142857142857,7.31818181818182,6.75,7.5,7.10875,7,11,6,2,16,5417,2981,2436,630,1568,3849,7.19828471478678,7.58183193559208,6.72892746305419,6.7884126984127,7.23146556122449,7.18476755001299,157
"159",2018,12,7.14068965517241,29,7.454,6.44444444444444,7,5.625,7.3832,20,9,1,4,25,5446,3001,2445,631,1572,3874,7.19797802056555,7.58098000666445,6.72788028629857,6.78874801901743,7.22737786259542,7.18604808982963,158
"160",2019,1,6.56730769230769,26,6.71428571428571,6.51315789473684,6.125,5.7,6.77380952380952,7,19,6,5,21,5472,3008,2464,637,1577,3895,7.19498141447368,7.57896309840426,6.72622455357143,6.78249607535322,7.2225351934052,7.18382549422336,159
"161",2019,2,7.39583333333333,24,7.86363636363636,7,7,8.56666666666667,7.22857142857143,11,13,1,3,21,5496,3019,2477,638,1580,3916,7.19585849708879,7.58000033123551,6.72766140492531,6.78283699059561,7.22508734177215,7.1840654494382,160
"162",2019,3,6.74130434782609,23,7.47916666666667,5.93636363636364,6.25,6,6.8525,12,11,4,3,20,5519,3031,2488,642,1583,3936,7.19396417829317,7.579601121742,6.72416290192926,6.77951713395639,7.2227656348705,7.18238066565041,161
"163",2019,4,6.625,12,7.08333333333333,6.16666666666667,NA,7,6.55,6,6,0,2,10,5531,3037,2494,642,1585,3946,7.19272975953715,7.57862067830096,6.72282169206095,6.77951713395639,7.22248454258675,7.18077807906741,162
"164",2019,5,6.72941176470588,17,7.48571428571429,6.2,7,7,6.69333333333333,7,10,1,2,15,5548,3044,2504,643,1587,3961,7.19131007570295,7.57840703022339,6.72073374600639,6.7798600311042,7.22220415879017,7.17893216359505,163
"165",2019,6,7.09473684210526,19,7.61818181818182,6.375,6.5,7.8,6.84285714285714,11,8,2,5,14,5567,3055,2512,645,1592,3975,7.1909804742231,7.57855024549918,6.71963268312102,6.77899224806202,7.22401884422111,7.17774850314465,164
"166",2019,7,7.032,25,7.38235294117647,6.2875,6.075,7.325,6.97619047619048,17,8,4,4,21,5592,3072,2520,649,1596,3996,7.19026972460658,7.57746451822917,6.71826083333333,6.77465331278891,7.22427192982456,7.17668926426426,165
"167",2019,8,6.79533333333333,30,7.23294117647059,6.22307692307692,5.85,7.04444444444444,6.68857142857143,17,13,4,9,21,5622,3089,2533,653,1605,4017,7.18816227321238,7.57556846876012,6.71571942360837,6.76898928024502,7.22326355140187,7.17413749066467,166
"168",2019,9,6.9195652173913,23,7.16666666666667,6.65,6,6.175,7.31666666666667,12,11,4,8,15,5645,3101,2544,657,1613,4032,7.18706790079716,7.57398613350532,6.71543525943396,6.76430745814307,7.21806447613143,7.17466773313492,167
"169",2019,10,6.96,17,7.28888888888889,6.59,6.83333333333333,7,6.95466666666667,9,8,3,2,15,5662,3110,2552,660,1615,4047,7.18638613564111,7.57316109324759,6.71504204545455,6.76462121212121,7.21779442724458,7.17385231035335,168
"170",2019,11,7.02857142857143,21,7.27777777777778,6.84166666666667,NA,6.83333333333333,7.06111111111111,9,12,0,3,18,5683,3119,2564,660,1618,4065,7.18580297378145,7.57230875280539,6.7156346723869,6.76462121212121,7.21708158220025,7.17335308733087,169
"171",2019,12,6.33333333333333,15,6.85,5.3,5,6,6.38461538461539,10,5,1,2,13,5698,3129,2569,661,1620,4078,7.18355884520884,7.57000031959092,6.71287944725574,6.76195158850227,7.21557901234568,7.17083871996076,170
"172",2020,1,7.046875,32,7.33333333333333,6.5,6.25,6.94444444444444,7.08695652173913,21,11,4,9,23,5730,3150,2580,665,1629,4101,7.1827955148342,7.56842253968254,6.71197182170543,6.75887218045113,7.21408103130755,7.17036827603023,171
"173",2020,2,7.01285714285714,14,7.338,6.2,6.3,6.3,7.06769230769231,10,4,1,1,13,5744,3160,2584,666,1630,4114,7.18238131963788,7.56769335443038,6.71117929566564,6.75818318318318,7.21352024539877,7.17004382596013,172
"174",2020,3,7.055,20,7.5,6.61,NA,6.55,7.11111111111111,10,10,0,2,18,5764,3170,2594,666,1632,4132,7.18193933032616,7.56747981072555,6.71078924441018,6.75818318318318,7.21270710784314,7.16978710067764,173
"175",2020,4,7.23636363636364,11,7.4,6.5,NA,7.86666666666667,7,9,2,0,3,8,5775,3179,2596,666,1635,4140,7.18204299567099,7.56700566215791,6.71062684899846,6.75818318318318,7.21390703363914,7.16945900966183,174
"176",2020,5,7.1,23,7.37857142857143,6.66666666666667,6.66666666666667,6.95,7.14166666666667,14,9,3,5,18,5798,3193,2605,669,1640,4158,7.18171754053122,7.56617945505794,6.71047497120921,6.75777279521674,7.21310243902439,7.16933869648869,175
"177",2020,6,7.43636363636364,11,7.82857142857143,6.75,7,7.125,7.61428571428571,7,4,3,4,7,5809,3200,2609,672,1644,4165,7.18219974178,7.5667534375,6.7105355691836,6.75885416666667,7.21288807785888,7.17008650660264,176
"178",2020,7,6.83333333333333,12,8.66666666666667,6.22222222222222,6,7.33333333333333,6.66666666666667,3,9,3,3,9,5821,3203,2618,675,1647,4174,7.18148055316956,7.56778364033718,6.70885687547746,6.75548148148148,7.21310746812386,7.16900103018687,177
"179",2020,8,7.24444444444444,9,7.53333333333333,6.66666666666667,7,7.5,7.17142857142857,6,3,1,2,7,5830,3209,2621,676,1649,4181,7.18157775300171,7.56771922717357,6.70880858450973,6.75584319526627,7.21345542753184,7.169005094475,178
"180",2020,9,6.71875,16,7.22222222222222,6.07142857142857,6.375,7.16666666666667,6.61538461538461,9,7,4,3,13,5846,3218,2628,680,1652,4194,7.18031103318508,7.56675295214419,6.70711084474886,6.75360294117647,7.21337046004843,7.16728905579399,179
"181",2020,10,7.334375,16,7.625,7.04375,6.33333333333333,7,7.38214285714286,8,8,3,2,14,5862,3226,2636,683,1654,4208,7.18073154213579,7.56689739615623,6.70813251138088,6.75175695461201,7.21311245465538,7.16800387357414,180
"182",2020,11,6.74115,20,7.27777777777778,6.30209090909091,6,6.8646,6.7,9,11,2,5,15,5882,3235,2647,685,1659,4223,7.17923687521251,7.56609304482226,6.70644514544768,6.74956204379562,7.21206208559373,7.16634153445418,181
"183",2020,12,7.13333333333333,15,7.25,7,6.25,6.5,7.23076923076923,8,7,2,2,13,5897,3243,2654,687,1661,4236,7.17912011192131,7.56531329016343,6.70721940467219,6.7481077147016,7.21120469596629,7.16653925873465,182
"184",2021,1,6.03571428571429,14,7,5.3125,5,6,6.03846153846154,6,8,1,1,13,5911,3249,2662,688,1662,4249,7.17641199458636,7.56426931363497,6.70302791134485,6.74556686046512,7.21047593261131,7.16308785596611,183
"185",2021,2,7.12470588235294,17,7.39833333333333,6.468,4,8.3,6.968,12,5,1,2,15,5928,3261,2667,689,1664,4264,7.1762637145749,7.56365869365225,6.70258728908886,6.74158200290276,7.21178545673077,7.16240157129456,184
"186",2021,3,6.36376923076923,13,7.18333333333333,5.66128571428571,5.76966666666667,5.33633333333333,6.672,6,7,3,3,10,5941,3267,2674,692,1667,4274,7.1744858273018,7.56296020814203,6.69986136873598,6.73736849710983,7.20841031793641,7.16125416471689,185
"187",2021,4,6.36363636363636,11,7.2,5.66666666666667,7,7,6.3,5,6,1,1,10,5952,3272,2680,693,1668,4284,7.17298728158602,7.56240556234719,6.69754824626866,6.73774747474747,7.20828537170264,7.159243767507,186
"188",2021,5,6.93307692307692,13,7.55375,5.94,5.6,6.475,7.13666666666667,8,5,2,4,9,5965,3280,2685,695,1672,4293,7.17246442581726,7.56238445121951,6.69613754189944,6.73447338129496,7.20653110047847,7.1591964360587,187
"189",2021,6,7.125,12,8.3125,4.75,NA,6.83333333333333,7.22222222222222,8,4,0,3,9,5977,3288,2689,695,1675,4302,7.1723691316714,7.56420954987835,6.69324258088509,6.73447338129496,7.20586268656716,7.15932828916783,188
"190",2021,7,7.11764705882353,17,8,6.33333333333333,5,6,7.26666666666667,8,9,1,2,15,5994,3296,2698,696,1677,4317,7.17221393059726,7.56526729368932,6.69204199406968,6.73198132183908,7.20442456768038,7.15970125086866,189
"191",2021,8,6.875,12,7.3125,6,NA,NA,6.875,8,4,0,0,12,6006,3304,2702,696,1677,4329,7.17162009657009,7.56465526634383,6.69101750555144,6.73198132183908,7.20442456768038,7.15891205821206,190
"192",2021,9,6.55,10,6.875,6.33333333333333,NA,6.5,6.5625,4,6,0,2,8,6016,3308,2708,696,1679,4337,7.17058681848404,7.56382134220073,6.690225,6.73198132183908,7.2035854675402,7.1578119206825,191
"193",2021,10,6.88461538461539,13,7.625,5.7,5.25,6.5,7,8,5,2,3,10,6029,3316,2713,698,1682,4347,7.16997019406203,7.5639689384801,6.68840003685956,6.72773495702006,7.2023305588585,7.15744888428801,192
"194",2021,11,6.88888888888889,18,7.10714285714286,6.125,5.5,7.5,6.58333333333333,14,4,2,6,12,6047,3330,2717,700,1688,4359,7.16913350421696,7.56204834834835,6.68757059256533,6.72422714285714,7.20338862559242,7.15586838724478,193
"195",2021,12,6.85625,16,7.2125,6.5,NA,5,6.98,8,8,0,1,15,6063,3338,2725,700,1689,4374,7.16830781791192,7.56121060515279,6.6870199266055,6.72422714285714,7.20208407341622,7.15526527206218,194
"196",2022,1,6.43181818181818,22,6.91666666666667,5.85,6,7.25,6.35,12,10,1,2,20,6085,3350,2735,701,1691,4394,7.1656450780608,7.55890179104478,6.68395952468007,6.7231940085592,7.20214074512123,7.15159997724169,195
"197",2022,2,7.07647058823529,17,6.9375,7.2,6,6.6,7.275,8,9,3,5,12,6102,3358,2744,704,1696,4406,7.16539664044575,7.55742138177487,6.68565207725948,6.72011221590909,7.20036556603774,7.15193606445756,196
"198",2022,3,6.75,17,7.64,5.47857142857143,5.5,5.35,6.8375,10,7,2,1,16,6119,3368,2751,706,1697,4422,7.16424257231574,7.55766656769596,6.68258062522719,6.71665580736544,7.19927519151444,7.15079834916327,197
"199",2022,4,6.92777777777778,18,7.66666666666667,6.18888888888889,5,7,6.90714285714286,9,9,2,4,14,6137,3377,2760,708,1701,4436,7.16354901417631,7.55795706248149,6.68097076086956,6.71180649717514,7.19880658436214,7.15002937330929,198
"200",2022,5,6.96875,16,7.42857142857143,6.61111111111111,NA,7.33333333333333,6.88461538461539,7,9,0,3,13,6153,3384,2769,708,1704,4449,7.16304246708922,7.55768942080378,6.68074369808595,6.71180649717514,7.19904342723005,7.14925383232187,199
"201",2022,6,6.97692307692308,13,7.525,6.1,6.75,7.25,6.92727272727273,8,5,2,2,11,6166,3392,2774,710,1706,4460,7.16265006487187,7.55761232311321,6.67969693583273,6.71191408450704,7.19910316529895,7.14870634529148,200
"202",2022,7,7.08888888888889,18,7.55,6.85833333333333,NA,9,6.97647058823529,6,12,0,1,17,6184,3398,2786,710,1707,4477,7.16243536545925,7.55759888169511,6.68046636755205,6.71191408450704,7.20015817223199,7.14805233415233,201
"203",2022,8,7.45714285714286,14,7.48888888888889,7.4,8,7.33333333333333,7.49090909090909,9,5,1,3,11,6198,3407,2791,711,1710,4488,7.16310104872539,7.55741737599061,6.6817553923325,6.71372573839662,7.2003918128655,7.14889266934046,202
"204",2022,9,6.98355533333333,15,7.125,6.41777666666667,NA,7,6.97944416666667,12,3,0,3,12,6213,3419,2794,711,1713,4500,7.16266757283116,7.5558996782685,6.68147195060845,6.71372573839662,7.20004086398132,7.14844080666666,203
"205",2022,10,6.64782608695652,23,7.35833333333333,5.87272727272727,NA,5.65714285714286,7.08125,12,11,0,7,16,6236,3431,2805,711,1720,4516,7.16076870269403,7.55520868551443,6.67830040285205,6.71372573839662,7.19376162790698,7.14820275243578,204
"206",2022,11,6.639,10,7.065,6,4,7,6.59888888888889,6,4,1,1,9,6246,3437,2809,712,1721,4525,7.1599333381364,7.55435292406168,6.67733450694197,6.7099143258427,7.19364904125509,7.14711019447514,205
"207",2022,12,6.9975,18,7.3425,6.56625,6.2575,6.305,7.34375,10,8,4,6,12,6264,3447,2817,716,1727,4537,7.1594665756705,7.55373832317958,6.67701903798367,6.70738687150838,7.19056166763173,7.14763029094115,206
