"","year","month","avg_rating","no_ratings","avg_rating_owned","avg_rating_not_owned","avg_rating_prev_owned","avg_rating_comment","avg_rating_no_comment","no_ratings_owned","no_ratings_not_owned","no_ratings_prev_owned","no_ratings_comment","no_ratings_no_comment","cum_no_ratings","cum_no_ratings_owned","cum_no_ratings_not_owned","cum_no_ratings_prev_owned","cum_no_ratings_comment","cum_no_ratings_no_comment","cum_avg_rating","cum_avg_rating_owned","cum_avg_rating_not_owned","cum_avg_rating_prev_owned","cum_avg_rating_comment","cum_avg_rating_no_comment","month_after_release"
"1",2001,7,7,1,7,NA,NA,NA,7,1,0,0,0,1,1,1,0,0,0,1,7,7,NA,NA,NA,7,0
"2",2001,10,6,2,7,5,NA,NA,6,1,1,0,0,2,3,2,1,0,0,3,6.33333333333333,7,5,NA,NA,6.33333333333333,3
"3",2001,12,8.66666666666667,3,8,10,NA,8,9,2,1,0,1,2,6,4,2,0,1,5,7.5,7.5,7.5,NA,8,7.4,5
"4",2002,1,6,1,6,NA,NA,NA,6,1,0,0,0,1,7,5,2,0,1,6,7.28571428571429,7.2,7.5,NA,8,7.16666666666667,6
"5",2002,3,6,2,6,6,NA,NA,6,1,1,0,0,2,9,6,3,0,1,8,7,7,7,NA,8,6.875,8
"6",2002,5,7,2,7,NA,NA,7,NA,2,0,0,2,0,11,8,3,0,3,8,7,7,7,NA,7.33333333333333,6.875,10
"7",2002,6,6,1,6,NA,NA,NA,6,1,0,0,0,1,12,9,3,0,3,9,6.91666666666667,6.88888888888889,7,NA,7.33333333333333,6.77777777777778,11
"8",2002,7,6,1,6,NA,NA,NA,6,1,0,0,0,1,13,10,3,0,3,10,6.84615384615385,6.8,7,NA,7.33333333333333,6.7,12
"9",2002,8,8.33333333333333,3,8,9,NA,NA,8.33333333333333,2,1,0,0,3,16,12,4,0,3,13,7.125,7,7.5,NA,7.33333333333333,7.07692307692308,13
"10",2002,9,7,1,7,NA,NA,NA,7,1,0,0,0,1,17,13,4,0,3,14,7.11764705882353,7,7.5,NA,7.33333333333333,7.07142857142857,14
"11",2002,10,7.5,2,7.5,NA,NA,7.5,NA,2,0,0,2,0,19,15,4,0,5,14,7.15789473684211,7.06666666666667,7.5,NA,7.4,7.07142857142857,15
"12",2002,12,7,2,NA,7,NA,6,8,0,2,0,1,1,21,15,6,0,6,15,7.14285714285714,7.06666666666667,7.33333333333333,NA,7.16666666666667,7.13333333333333,17
"13",2003,1,6.66666666666667,3,7,6,NA,6,7,2,1,0,1,2,24,17,7,0,7,17,7.08333333333333,7.05882352941176,7.14285714285714,NA,7,7.11764705882353,18
"14",2003,2,8.33333333333333,3,8.5,8,NA,8.5,8,2,1,0,2,1,27,19,8,0,9,18,7.22222222222222,7.21052631578947,7.25,NA,7.33333333333333,7.16666666666667,19
"15",2003,3,7.66666666666667,3,7.5,8,NA,7.5,8,2,1,0,2,1,30,21,9,0,11,19,7.26666666666667,7.23809523809524,7.33333333333333,NA,7.36363636363636,7.21052631578947,20
"16",2003,5,6.125,6,6.15,6,NA,5.5,6.4375,5,1,0,2,4,36,26,10,0,13,23,7.07638888888889,7.02884615384615,7.2,NA,7.07692307692308,7.07608695652174,22
"17",2003,6,5.66666666666667,3,NA,5.66666666666667,NA,5.5,6,0,3,0,2,1,39,26,13,0,15,24,6.96794871794872,7.02884615384615,6.84615384615385,NA,6.86666666666667,7.03125,23
"18",2003,7,7.35714285714286,14,7.45454545454545,7,NA,7.33333333333333,7.375,11,3,0,6,8,53,37,16,0,21,32,7.07075471698113,7.15540540540541,6.875,NA,7,7.1171875,24
"19",2003,8,4.5,2,4.5,NA,NA,2,7,2,0,0,1,1,55,39,16,0,22,33,6.97727272727273,7.01923076923077,6.875,NA,6.77272727272727,7.11363636363636,25
"20",2003,9,5.83333333333333,6,5,6,NA,7,5.6,1,5,0,1,5,61,40,21,0,23,38,6.86475409836066,6.96875,6.66666666666667,NA,6.78260869565217,6.91447368421053,26
"21",2003,10,7.25,2,7,7.5,NA,7.5,7,1,1,0,1,1,63,41,22,0,24,39,6.87698412698413,6.96951219512195,6.70454545454545,NA,6.8125,6.91666666666667,27
"22",2003,11,7.33333333333333,3,7.5,7,7,7,8,2,1,1,2,1,66,43,23,1,26,40,6.89772727272727,6.99418604651163,6.71739130434783,7,6.82692307692308,6.94375,28
"23",2003,12,5,4,NA,5,NA,5,5,0,4,0,1,3,70,43,27,1,27,43,6.78928571428571,6.99418604651163,6.46296296296296,7,6.75925925925926,6.80813953488372,29
"24",2004,1,7.4,5,7,9,NA,7.4,NA,4,1,0,5,0,75,47,28,1,32,43,6.83,6.99468085106383,6.55357142857143,7,6.859375,6.80813953488372,30
"25",2004,2,6,1,6,NA,NA,NA,6,1,0,0,0,1,76,48,28,1,32,44,6.81907894736842,6.97395833333333,6.55357142857143,7,6.859375,6.78977272727273,31
"26",2004,3,5,1,5,NA,NA,NA,5,1,0,0,0,1,77,49,28,1,32,45,6.79545454545455,6.93367346938776,6.55357142857143,7,6.859375,6.75,32
"27",2004,4,7,4,7,NA,NA,7.33333333333333,6,4,0,0,3,1,81,53,28,1,35,46,6.80555555555556,6.93867924528302,6.55357142857143,7,6.9,6.73369565217391,33
"28",2004,5,6.5,2,8,5,NA,6.5,NA,1,1,0,2,0,83,54,29,1,37,46,6.79819277108434,6.95833333333333,6.5,7,6.87837837837838,6.73369565217391,34
"29",2004,6,7.33333333333333,3,7.33333333333333,NA,NA,8,6,3,0,0,2,1,86,57,29,1,39,47,6.81686046511628,6.9780701754386,6.5,7,6.93589743589744,6.71808510638298,35
"30",2004,7,6.4,5,6.4,NA,NA,6.5,6.33333333333333,5,0,0,2,3,91,62,29,1,41,50,6.79395604395604,6.93145161290323,6.5,7,6.91463414634146,6.695,36
"31",2004,8,7,2,7,NA,NA,8,6,2,0,0,1,1,93,64,29,1,42,51,6.79838709677419,6.93359375,6.5,7,6.94047619047619,6.68137254901961,37
"32",2004,9,6.66666666666667,3,7,6,NA,6,7,2,1,0,1,2,96,66,30,1,43,53,6.79427083333333,6.93560606060606,6.48333333333333,7,6.91860465116279,6.69339622641509,38
"33",2004,10,7.25,6,7.125,7.5,NA,7.5,6,4,2,0,5,1,102,70,32,1,48,54,6.82107843137255,6.94642857142857,6.546875,7,6.97916666666667,6.68055555555556,39
"34",2004,11,6.65384615384615,13,6.88888888888889,6.125,NA,6.625,6.66666666666667,9,4,0,4,9,115,79,36,1,52,63,6.80217391304348,6.93987341772152,6.5,7,6.95192307692308,6.67857142857143,40
"35",2004,12,7.4,5,7.4,NA,NA,NA,7.4,5,0,0,0,5,120,84,36,1,52,68,6.82708333333333,6.96726190476191,6.5,7,6.95192307692308,6.73161764705882,41
"36",2005,1,7.27777777777778,9,7.33333333333333,7.16666666666667,NA,6.6,8.125,6,3,0,5,4,129,90,39,1,57,72,6.85852713178295,6.99166666666667,6.55128205128205,7,6.92105263157895,6.80902777777778,42
"37",2005,2,5.75,4,6.33333333333333,4,NA,5,6.5,3,1,0,2,2,133,93,40,1,59,74,6.82518796992481,6.97043010752688,6.4875,7,6.85593220338983,6.80067567567568,43
"38",2005,3,6.35,8,6.76,5.66666666666667,6.5,5,6.8,5,3,2,2,6,141,98,43,3,61,80,6.79822695035461,6.95969387755102,6.43023255813953,6.66666666666667,6.79508196721311,6.800625,44
"39",2005,4,8,4,7.33333333333333,10,10,8,8,3,1,1,2,2,145,101,44,4,63,82,6.83137931034483,6.97079207920792,6.51136363636364,7.5,6.83333333333333,6.82987804878049,45
"40",2005,5,5.75,4,5.75,NA,NA,5.5,6,4,0,0,2,2,149,105,44,4,65,84,6.80234899328859,6.92428571428571,6.51136363636364,7.5,6.79230769230769,6.81011904761905,46
"41",2005,6,5.75,4,5.75,NA,NA,6.33333333333333,4,4,0,0,3,1,153,109,44,4,68,85,6.77483660130719,6.88119266055046,6.51136363636364,7.5,6.77205882352941,6.77705882352941,47
"42",2005,7,7.5,10,7.55555555555556,7,NA,6.5,7.75,9,1,0,2,8,163,118,45,4,70,93,6.81932515337423,6.93262711864407,6.52222222222222,7.5,6.76428571428571,6.86075268817204,48
"43",2005,8,5.4,5,5.33333333333333,5.5,NA,4.5,6,3,2,0,2,3,168,121,47,4,72,96,6.77708333333333,6.89297520661157,6.47872340425532,7.5,6.70138888888889,6.83385416666667,49
"44",2005,9,6.84722222222222,9,7.16071428571429,5.75,NA,6,6.953125,7,2,0,1,8,177,128,49,4,73,104,6.78064971751412,6.9076171875,6.44897959183673,7.5,6.69178082191781,6.84302884615385,50
"45",2005,10,7.125,8,6.6,8,8,7.6,6.33333333333333,5,3,1,5,3,185,133,52,5,78,107,6.79554054054054,6.89605263157895,6.53846153846154,7.6,6.75,6.82873831775701,51
"46",2005,11,7.5,2,7,8,NA,8,7,1,1,0,1,1,187,134,53,5,79,108,6.80307486631016,6.89682835820896,6.56603773584906,7.6,6.76582278481013,6.83032407407407,52
"47",2005,12,7.27777777777778,9,7.75,6.33333333333333,6,7.5,7.16666666666667,6,3,1,3,6,196,140,56,6,82,114,6.82487244897959,6.93339285714286,6.55357142857143,7.33333333333333,6.79268292682927,6.84802631578947,53
"48",2006,1,6.45454545454545,11,6.71428571428571,6,8,7,5.8,7,4,1,6,5,207,147,60,7,88,119,6.80519323671498,6.92295918367347,6.51666666666667,7.42857142857143,6.80681818181818,6.80399159663865,54
"49",2006,2,7.22222222222222,9,7.25,7,NA,6.5,7.8,8,1,0,4,5,216,155,61,7,92,124,6.82256944444444,6.93983870967742,6.52459016393443,7.42857142857143,6.79347826086957,6.84415322580645,55
"50",2006,3,7.625,4,8,6.5,NA,6.5,8,3,1,0,1,3,220,158,62,7,93,127,6.83715909090909,6.95996835443038,6.5241935483871,7.42857142857143,6.79032258064516,6.87145669291339,56
"51",2006,4,6.5,8,7,6.33333333333333,NA,6.5,6.5,2,6,0,6,2,228,160,68,7,99,129,6.82532894736842,6.96046875,6.50735294117647,7.42857142857143,6.77272727272727,6.8656976744186,57
"52",2006,5,6.25,6,7.5,5,NA,5.75,6.5,3,3,0,2,4,234,163,71,7,101,133,6.81057692307692,6.97039877300613,6.44366197183099,7.42857142857143,6.75247524752475,6.8546992481203,58
"53",2006,6,5.91666666666667,6,5.625,6.5,NA,6.5,5.625,4,2,0,2,4,240,167,73,7,103,137,6.78822916666667,6.93817365269461,6.44520547945205,7.42857142857143,6.74757281553398,6.81879562043796,59
"54",2006,7,7.1875,8,7.1875,NA,NA,7.16666666666667,7.2,8,0,0,3,5,248,175,73,7,106,142,6.80110887096774,6.94957142857143,6.44520547945205,7.42857142857143,6.75943396226415,6.83221830985915,60
"55",2006,8,7.5,7,7.75,6,NA,7.625,7.33333333333333,6,1,0,4,3,255,181,74,7,110,145,6.82029411764706,6.97610497237569,6.43918918918919,7.42857142857143,6.79090909090909,6.84258620689655,61
"56",2006,9,6.57142857142857,14,6.625,6.55,6.33333333333333,6.41666666666667,6.6875,4,10,3,6,8,269,185,84,10,116,153,6.80734200743494,6.96851351351351,6.45238095238095,7.1,6.77155172413793,6.83447712418301,62
"57",2006,10,6.59,10,6.7,6.33333333333333,8,6.28,6.9,7,3,1,5,5,279,192,87,11,121,158,6.79955197132617,6.95872395833333,6.44827586206897,7.18181818181818,6.75123966942149,6.83655063291139,63
"58",2006,11,6.25,4,7.5,5,NA,6,6.33333333333333,2,2,0,1,3,283,194,89,11,122,161,6.79178445229682,6.96430412371134,6.41573033707865,7.18181818181818,6.74508196721311,6.82717391304348,64
"59",2006,12,6.2,10,6.375,5.5,NA,6,6.28571428571429,8,2,0,3,7,293,202,91,11,125,168,6.77158703071672,6.94096534653465,6.3956043956044,7.18181818181818,6.7272,6.80461309523809,65
"60",2007,1,6.61764705882353,17,6.77272727272727,6.33333333333333,5,6.75,6.5,11,6,1,8,9,310,213,97,12,133,177,6.76314516129032,6.93227699530516,6.39175257731959,7,6.72857142857143,6.78912429378531,66
"61",2007,2,6.43311235294118,17,6.26923076923077,6.9657275,8,7.25,6.18176230769231,13,4,1,4,13,327,226,101,13,137,190,6.74598749235474,6.89413716814159,6.41448425742574,7.07692307692308,6.74379562043796,6.74756794736842,67
"62",2007,3,6.4375,8,6.4,6.5,NA,6.625,6.25,5,3,0,4,4,335,231,104,13,141,194,6.73862062686567,6.88344155844156,6.41695105769231,7.07692307692308,6.74042553191489,6.73730881443299,68
"63",2007,4,6.70833333333333,12,7.35714285714286,5.8,6,6.25,7.16666666666667,7,5,1,6,6,347,238,109,14,147,200,6.73757322766571,6.89737394957983,6.38865055045872,7,6.72040816326531,6.75018955,69
"64",2007,5,7.30769230769231,13,7.14285714285714,7.5,7,7.85714285714286,6.66666666666667,7,6,2,7,6,360,245,115,16,154,206,6.75816086111111,6.90438775510204,6.446634,7,6.77207792207792,6.74775684466019,70
"65",2007,6,6.57142857142857,7,6.375,6.83333333333333,7,7.16666666666667,6.125,4,3,1,3,4,367,249,118,17,157,210,6.75459920980926,6.89588353413655,6.45646533898305,7,6.77961783439491,6.73589480952381,71
"66",2007,7,6.125,8,6.28571428571429,5,NA,5.9,6.5,7,1,0,5,3,375,256,119,17,162,213,6.74116776,6.87919921875,6.44422613445378,7,6.75246913580247,6.73257234741784,72
"67",2007,8,7.65,11,7.615,8,NA,7.08333333333333,7.8625,10,1,0,3,8,386,266,120,17,165,221,6.76706712435233,6.90686090225564,6.45719091666667,7,6.75848484848485,6.77347470588235,73
"68",2007,9,8,4,8.33333333333333,7,7,8.5,7.5,3,1,1,2,2,390,269,121,18,167,223,6.77971258974359,6.92276951672862,6.46167694214876,7,6.77934131736527,6.77999062780269,74
"69",2007,10,6.65083333333333,12,7.07285714285714,6.06,7,7.83666666666667,6.25555555555556,7,5,1,3,9,402,276,126,19,170,232,6.77586544776119,6.92657608695652,6.44573738095238,7,6.798,6.7596461637931,75
"70",2007,11,6.05555555555556,9,6.1875,5,NA,6.375,5.8,8,1,0,4,5,411,284,127,19,174,237,6.76009223844282,6.90575704225352,6.43435362204724,7,6.78827586206897,6.73940046413502,76
"71",2007,12,6.97619047619048,21,7.29166666666667,6.55555555555556,NA,6.44444444444444,7.375,12,9,0,9,12,432,296,136,19,183,249,6.77059701388889,6.92140202702703,6.44237433823529,7,6.77136612021858,6.77003176706827,77
"72",2008,1,6.77777777777778,27,6.87058823529412,6.62,8,6.79375,6.75454545454545,17,10,1,16,11,459,313,146,20,199,260,6.7710194117647,6.91864217252396,6.45454047945206,7.05,6.77316582914573,6.76937657692308,78
"73",2008,2,6.94444444444444,18,7.35714285714286,5.5,6,7.25,6.79166666666667,14,4,1,6,12,477,327,150,21,205,272,6.77756375262054,6.93741590214067,6.42908606666667,7,6.78712195121951,6.77035996323529,79
"74",2008,3,7.22222222222222,9,7.625,4,NA,8.25,6.4,8,1,0,4,5,486,335,151,21,209,277,6.78579816872428,6.95383582089552,6.41299940397351,7,6.81511961722488,6.76367476534296,80
"75",2008,4,6.33333333333333,6,6.4,6,NA,6.5,6.25,5,1,0,2,4,492,340,152,21,211,281,6.78028030487805,6.94569117647059,6.41028230263158,7,6.8121327014218,6.75636266903915,81
"76",2008,5,6.55384615384615,13,6.78333333333333,6.35714285714286,5,6.33333333333333,6.74285714285714,6,7,1,6,7,505,346,159,22,217,288,6.77445130693069,6.94287572254335,6.40794283018868,6.90909090909091,6.79889400921659,6.75603440972222,82
"77",2008,6,7,5,7.33333333333333,6.5,NA,7,7,3,2,0,2,3,510,349,161,22,219,291,6.77666256862745,6.94623209169055,6.40908639751553,6.90909090909091,6.80073059360731,6.75854951890034,83
"78",2008,7,6.67142857142857,14,7.77142857142857,5.57142857142857,5.5,6.175,7.33333333333333,7,7,3,8,6,524,356,168,25,227,297,6.77385097328244,6.96245786516854,6.37418398809524,6.74,6.77867841409692,6.77016131313131,84
"79",2008,8,5.65384615384615,13,6.21428571428571,5,4.66666666666667,5,5.94444444444444,7,6,3,4,9,537,363,174,28,231,306,6.74673726256983,6.9480303030303,6.32679833333333,6.51785714285714,6.74787878787879,6.74587552287582,85
"80",2008,9,7.34545454545455,11,7.075,7.5,7,7.625,7.18571428571429,4,7,4,4,7,548,367,181,32,235,313,6.75875531021898,6.94941416893733,6.37217077348066,6.578125,6.7628085106383,6.75571217252396,86
"81",2008,10,6,4,6.33333333333333,5,NA,6,6,3,1,0,2,2,552,370,182,32,237,315,6.75325708333333,6.94441891891892,6.36463137362637,6.578125,6.75637130801688,6.750914,87
"82",2008,11,6.82352941176471,17,7.23076923076923,5.5,5.5,7,6.72727272727273,13,4,2,6,11,569,383,186,34,243,326,6.75535660808436,6.95413838120105,6.34603715053763,6.51470588235294,6.76238683127572,6.75011628834356,88
"83",2008,12,5.96428571428571,14,6.5,5.42857142857143,5.75,4.5,6.20833333333333,7,7,4,2,12,583,390,193,38,245,338,6.73636005145798,6.94598717948718,6.31276119170984,6.43421052631579,6.74391836734694,6.73088139053254,89
"84",2009,1,6.97619047619048,21,7.14285714285714,6.64285714285714,6,6.25,7.42307692307692,14,7,1,8,13,604,404,200,39,253,351,6.74469852649007,6.9528094059406,6.32431455,6.42307692307692,6.72830039525692,6.75651826210826,90
"85",2009,2,5.84,20,6.54166666666667,4.7875,4.575,5.26,6.03333333333333,12,8,4,5,15,624,416,208,43,258,366,6.71570177884615,6.94094951923077,6.26520629807692,6.25116279069767,6.69984496124031,6.72687953551913,91
"86",2009,3,7.37692307692308,13,7.61111111111111,6.85,NA,7.66666666666667,7.29,9,4,0,3,10,637,425,212,43,261,376,6.72919609105181,6.95514117647059,6.27624014150943,6.25116279069767,6.71095785440613,6.74185614361702,92
"87",2009,4,6.66666666666667,18,7.25,6.375,5.75,6.5,6.77272727272727,6,12,4,7,11,655,431,224,47,268,387,6.72747772519084,6.95924593967518,6.28153084821429,6.20851063829787,6.70544776119403,6.74273361757106,93
"88",2009,5,6.63888888888889,18,6.3,6.91,6.525,6.675,6.61,8,10,4,8,10,673,439,234,51,276,397,6.72510833580981,6.94723234624146,6.3083885042735,6.23333333333333,6.70456521739131,6.73939020151133,94
"89",2009,6,7.04166666666667,12,7.5,6.8125,5.66666666666667,6.91666666666667,7.16666666666667,4,8,3,6,6,685,443,242,54,282,403,6.73065388321168,6.95222347629797,6.32505334710744,6.20185185185185,6.7090780141844,6.74575163771712,95
"90",2009,7,6.77647058823529,17,6.72,6.85714285714286,6,6.9,6.725,10,7,2,5,12,702,453,249,56,287,415,6.7317634045584,6.94709713024283,6.34001168674699,6.19464285714286,6.71240418118467,6.74515159036144,96
"91",2009,8,7.325,10,8.4375,6.58333333333333,6.875,7.9375,6.91666666666667,4,6,4,4,6,712,457,255,60,291,421,6.74009537921348,6.96014223194748,6.34573690196078,6.24,6.7292439862543,6.74759598574822,97
"92",2009,9,6.71666666666667,12,6.62222222222222,7,5.5,5.53333333333333,7.11111111111111,9,3,2,3,9,724,466,258,62,294,430,6.73970705801105,6.95361587982833,6.3533446124031,6.21612903225807,6.71704081632653,6.75520444186046,98
"93",2009,10,6.8,10,7,6.66666666666667,6,6.66666666666667,6.85714285714286,4,6,2,3,7,734,470,264,64,297,437,6.74052848773842,6.95401063829787,6.36046556818182,6.209375,6.71653198653199,6.75683732265446,99
"94",2009,11,6.47857142857143,14,6.33333333333333,6.5875,6.64,6.75,6.275,6,8,5,6,8,748,476,272,69,303,445,6.73562554812834,6.94618697478992,6.36714305147059,6.24057971014493,6.71719471947195,6.74817507865168,100
"95",2009,12,6.65625,32,6.63157894736842,6.69230769230769,6.5,7.23076923076923,6.26315789473684,19,13,4,13,19,780,495,285,73,316,464,6.73236911538462,6.93411111111111,6.38197512280702,6.25479452054795,6.73832278481013,6.7283144612069,101
"96",2010,1,6.52380952380952,21,7.22222222222222,6,6,7,6.33333333333333,9,12,2,6,15,801,504,297,75,322,479,6.72690126092384,6.93925595238095,6.36654178451179,6.248,6.74319875776398,6.71594553235908,102
"97",2010,2,6.42857142857143,7,6.2,7,7,7,6,5,2,1,3,4,808,509,299,76,325,483,6.72431672029703,6.93199410609037,6.3707789632107,6.25789473684211,6.74556923076923,6.71001637681159,103
"98",2010,3,6.55555555555556,9,6.5,6.75,NA,7.75,5.6,7,2,0,4,5,817,516,301,76,329,488,6.7224576621787,6.92613372093023,6.37329870431894,6.25789473684211,6.7577811550152,6.69864325819672,104
"99",2010,4,6.87,20,7.20714285714286,6.08333333333333,5.83333333333333,7.11666666666667,6.5,14,6,3,12,8,837,530,307,79,341,496,6.72598316606929,6.93355660377359,6.3676316286645,6.24177215189873,6.77041055718475,6.69543933467742,105
"100",2010,5,6.92857142857143,14,7.45,5.625,5.5,6.75,7.0625,10,4,1,6,8,851,540,311,80,347,504,6.72931599294947,6.94312037037037,6.35808009646302,6.2325,6.77005763688761,6.70126569444444,106
"101",2010,6,6.61111111111111,9,7.25,5.33333333333333,NA,6.5,6.7,6,3,0,4,5,860,546,314,80,351,509,6.72807896511628,6.94649267399267,6.34828952229299,6.2325,6.76698005698006,6.70125326129666,107
"102",2010,7,8,6,7.9,8.5,8.5,7.66666666666667,8.33333333333333,5,1,1,3,3,866,551,315,81,354,512,6.73689135103926,6.95514519056261,6.35512034920635,6.26049382716049,6.77460451977401,6.71081623046875,108
"103",2010,8,6.33333333333333,12,6,7.33333333333333,10,6,6.36363636363636,9,3,1,1,11,878,560,318,82,355,523,6.73137575170843,6.93979464285714,6.36434877358491,6.30609756097561,6.77242253521127,6.70351416826004,109
"104",2010,9,7.47222222222222,9,8,6.8125,6,NA,7.47222222222222,5,4,1,0,9,887,565,322,83,355,532,6.73889279594137,6.94917699115044,6.36991586956522,6.30240963855422,6.77242253521127,6.71651862781955,110
"105",2010,10,6.1,10,7.875,4.91666666666667,NA,5.83333333333333,6.21428571428571,4,6,0,3,7,897,569,328,83,358,539,6.73177024526198,6.95568541300527,6.34333204268293,6.30240963855422,6.7645530726257,6.70999612244898,111
"106",2010,11,6.5,14,6.85714285714286,6.14285714285714,NA,7,6,7,7,0,7,7,911,576,335,83,365,546,6.72820846322722,6.95448784722222,6.33914301492538,6.30240963855422,6.76906849315069,6.70089360805861,112
"107",2010,12,6.67222222222222,18,6.67777777777778,6.66666666666667,6.16666666666667,6.95555555555556,6.38888888888889,9,9,3,9,9,929,585,344,86,374,555,6.72712369214209,6.95023076923077,6.34771194767442,6.29767441860465,6.77355614973262,6.69583407207207,113
"108",2011,1,6.46666666666667,15,6.45454545454545,6.5,5.5,5,6.57142857142857,11,4,2,1,14,944,596,348,88,375,569,6.72298507415254,6.9410822147651,6.34946238505747,6.27954545454546,6.76882666666667,6.69277312829525,114
"109",2011,2,6.9375,16,7.5,6,6.5,8.25,6.5,10,6,2,4,12,960,606,354,90,379,581,6.72656032291667,6.95030528052805,6.34353929378531,6.28444444444444,6.78445910290238,6.68879158347676,115
"110",2011,3,7.34230769230769,13,7.795,5.83333333333333,5,7.19,7.4375,10,3,1,5,8,973,616,357,91,384,589,6.73478716341213,6.96401785714286,6.3392518487395,6.27032967032967,6.78973958333333,6.69896079796265,116
"111",2011,4,6.535,10,6.53571428571429,6.53333333333333,7.6,8.2,5.82142857142857,7,3,1,3,7,983,623,360,92,387,596,6.73275474059003,6.95920545746388,6.34086919444445,6.28478260869565,6.80067183462532,6.68865421140939,117
"112",2011,5,7.09090909090909,11,7,7.5,6,6.75,7.28571428571429,9,2,1,4,7,994,632,362,93,391,603,6.7367182193159,6.95978639240506,6.3472732320442,6.28172043010753,6.80015345268542,6.69558525704809,118
"113",2011,6,7.41666666666667,6,7.41666666666667,NA,NA,8.16666666666667,6.66666666666667,6,0,0,3,3,1000,638,362,93,394,606,6.74079791,6.96408307210031,6.3472732320442,6.28172043010753,6.81055837563452,6.69544209570957,119
"114",2011,7,6.8,10,6.66666666666667,7,9,7.4,6.2,6,4,1,5,5,1010,644,366,94,399,611,6.74138406930693,6.96131211180124,6.3544068579235,6.31063829787234,6.81794486215539,6.69138774140753,120
"115",2011,8,6.74545454545455,11,7.41666666666667,5.94,4,4,7.02,6,5,1,1,10,1021,650,371,95,400,621,6.74142792360431,6.96551538461538,6.34882185983828,6.28631578947368,6.8109,6.69667940418679,121
"116",2011,9,6.83333333333333,6,7,6.5,NA,7,6.8,4,2,0,1,5,1027,654,373,95,401,626,6.74196485881207,6.96572629969419,6.34963246648794,6.28631578947368,6.81137157107232,6.6975046485623,122
"117",2011,10,7.4375,8,7.5,7.33333333333333,6.5,7.66666666666667,7.3,5,3,2,3,5,1035,659,376,97,404,631,6.74734097584541,6.96977996965099,6.35748114361702,6.29072164948454,6.81772277227723,6.70227877971474,123
"118",2011,11,6.96153846153846,13,7.5,6.5,8,8.83333333333333,6.4,6,7,1,3,10,1048,665,383,98,407,641,6.74999800572519,6.97456390977444,6.36008592689295,6.30816326530612,6.83257985257985,6.69756304212168,124
"119",2011,12,7.04705882352941,17,7.5,5.96,NA,7.5,6.98666666666667,12,5,0,2,15,1065,677,388,98,409,656,6.75473982159624,6.98387740029542,6.35493018041237,6.30816326530612,6.8358435207824,6.70417364329268,125
"120",2012,1,7,16,7.1,6.83333333333333,6,7.33333333333333,6.92307692307692,10,6,1,3,13,1081,687,394,99,412,669,6.75836994449584,6.98556768558952,6.36221550761421,6.30505050505051,6.83946601941748,6.70842736920777,126
"121",2012,2,7.1375,8,8.42,5,6,6.6,8.03333333333333,5,3,1,5,3,1089,692,397,100,417,672,6.76115510560147,6.99593208092486,6.35192168765743,6.302,6.83659472422062,6.71434212797619,127
"122",2012,3,6.74285714285714,7,7.23333333333333,6.375,5.75,5.5,6.95,3,4,2,1,6,1096,695,401,102,418,678,6.7610382390511,6.99695683453237,6.35215189526185,6.29117647058824,6.8333971291866,6.71642759587021,128
"123",2012,4,7.30769230769231,13,7.4,7,7,7.33333333333333,7.28571428571429,10,3,4,6,7,1109,705,404,106,424,685,6.76744626690712,7.00267375886525,6.35696264851485,6.31792452830189,6.84047169811321,6.72224512408759,129
"124",2012,5,6.925,16,7.23,6.41666666666667,6.125,6.33333333333333,7.28,10,6,4,6,10,1125,715,410,110,430,695,6.76968703111111,7.00585314685315,6.35783636585366,6.31090909090909,6.83339534883721,6.73027037410072,130
"125",2012,6,6.95833333333333,12,7.04545454545455,6,NA,7.7,6.42857142857143,11,1,0,5,7,1137,726,411,110,435,702,6.77167802110818,7.00645316804408,6.35696571776156,6.31090909090909,6.84335632183908,6.72726198005698,131
"126",2012,7,6.8,11,7.1875,5.76666666666667,4,6.6,6.96666666666667,8,3,1,5,6,1148,734,414,111,440,708,6.7719493989547,7.00842643051771,6.3526881884058,6.29009009009009,6.84059090909091,6.72929083333333,132
"127",2012,8,6.53333333333333,12,7.07142857142857,5.78,6.2,5.25,6.79,7,5,2,2,10,1160,741,419,113,442,718,6.76948095689655,7.00902159244265,6.34585420047733,6.28849557522124,6.83339366515837,6.73013636490251,133
"128",2012,9,7.08888888888889,9,7.8,5.66666666666667,NA,7.25,6.96,6,3,0,4,5,1169,747,422,113,446,723,6.7719400427716,7.01537483266399,6.34102585308057,6.28849557522124,6.83713004484305,6.73172601659751,134
"129",2012,10,6.2,5,6.5,5,NA,NA,6.2,4,1,0,0,5,1174,751,423,113,446,728,6.76950418228279,7.01262982689747,6.33785557919622,6.28849557522124,6.83713004484305,6.7280740521978,135
"130",2012,11,6.32142857142857,14,7.21428571428571,5.42857142857143,5.25,7,6.05,7,7,4,4,10,1188,758,430,117,450,738,6.76422382996633,7.01449208443272,6.32305327906977,6.25299145299145,6.83857777777778,6.71888605691057,136
"131",2012,12,6.71428571428571,14,6.8125,6.58333333333333,NA,NA,6.71428571428571,8,6,0,0,14,1202,766,436,117,450,752,6.76364218801997,7.01238250652742,6.3266351146789,6.25299145299145,6.83857777777778,6.71880041223404,137
"132",2013,1,6.625,16,6.90909090909091,6,4,7.2,6.36363636363636,11,5,1,5,11,1218,777,441,118,455,763,6.76182094417077,7.01092020592021,6.32293176870748,6.23389830508475,6.84254945054945,6.71368009174312,138
"133",2013,2,6.5,13,6.72222222222222,6,6.5,6.83333333333333,6.4,9,4,2,3,10,1231,786,445,120,458,773,6.75905597887896,7.00761450381679,6.32002901123596,6.23833333333333,6.84248908296943,6.70962213454075,139
"134",2013,3,6.52083333333333,12,6.63888888888889,6.16666666666667,6,6.08333333333333,6.66666666666667,9,3,1,3,9,1243,795,448,121,461,782,6.75675616251006,7.00344025157233,6.31900203125,6.23636363636364,6.83754880694143,6.70912776214834,140
"135",2013,4,6.1,10,6.6,5.6,5,8,5.88888888888889,5,5,1,1,9,1253,800,453,122,462,791,6.75151469273743,7.00091875,6.31106602649007,6.22622950819672,6.84006493506494,6.69979508217446,141
"136",2013,5,6.7375,8,6.7375,NA,NA,7.3,6.4,8,0,0,3,5,1261,808,453,122,465,796,6.75142578112609,6.99831064356436,6.31106602649007,6.22622950819672,6.84303225806452,6.69791194723618,142
"137",2013,6,6.77272727272727,11,6.6875,7,7,8,6.65,8,3,3,1,10,1272,816,456,125,466,806,6.75160999213836,6.99526348039216,6.31559848684211,6.2448,6.84551502145923,6.69731750620347,143
"138",2013,7,6.66666666666667,9,6.4,7,NA,7.5,6.42857142857143,5,4,0,2,7,1281,821,460,125,468,813,6.75101320062451,6.99163824604141,6.32154980434783,6.2448,6.84831196581197,6.69500357933579,144
"139",2013,8,6.33333333333333,9,6.25,7,NA,8,6.125,8,1,0,1,8,1290,829,461,125,469,821,6.74809915503876,6.98448130277443,6.32302149674621,6.2448,6.85076759061834,6.68944934226553,145
"140",2013,9,5.88888888888889,9,5.91666666666667,5.83333333333333,4,6,5.875,6,3,1,1,8,1299,835,464,126,470,829,6.74214619707467,6.97680838323353,6.31985540948276,6.22698412698413,6.84895744680851,6.68158975874548,146
"141",2013,10,7.14285714285714,7,7.25,7,7,6,7.33333333333333,4,3,1,1,6,1306,839,467,127,471,835,6.74429395865237,6.97811084624553,6.32422464668094,6.23307086614173,6.84715498938429,6.68627294610778,147
"142",2013,11,7,11,7.54285714285714,6.05,7.2,7.1,6.97777777777778,7,4,1,2,9,1317,846,471,128,473,844,6.74642969627942,6.98278368794326,6.32189577494692,6.240625,6.84822410147992,6.68938140995261,148
"143",2013,12,6.97857142857143,14,7.25,6.61666666666667,5.9,6.06666666666667,7.22727272727273,8,6,3,3,11,1331,854,477,131,476,855,6.74887145755071,6.9852868852459,6.32560358490566,6.23282442748092,6.84329831932773,6.69630164912281,149
"144",2014,1,6.21428571428571,21,6.375,5.7,1,6.5,6.18421052631579,16,5,1,2,19,1352,870,482,132,478,874,6.74056798076923,6.97406321839081,6.31911392116183,6.19318181818182,6.84186192468619,6.68516923340961,150
"145",2014,2,7.03333333333333,15,7.125,6.66666666666667,5,6,7.19230769230769,12,3,1,2,13,1367,882,485,133,480,887,6.74378047549378,6.97611678004535,6.32126373195876,6.18421052631579,6.83835416666667,6.69260192784667,151
"146",2014,3,6.89285714285714,14,7.22222222222222,6.3,6.5,7.16666666666667,6.81818181818182,9,5,3,3,11,1381,891,490,136,483,898,6.74529175235337,6.97860269360269,6.32104675510204,6.19117647058824,6.8403933747412,6.69414021158129,152
"147",2014,4,6.86,10,6.8,6.92,6.25,6.25,7.0125,5,5,2,2,8,1391,896,495,138,485,906,6.74611639827462,6.97760602678571,6.32709678787879,6.19202898550725,6.8379587628866,6.69695133554084,153
"148",2014,5,7.09090909090909,11,7.05555555555556,7.25,8,7.75,6.94444444444444,9,2,1,2,9,1402,905,497,139,487,915,6.74882161911555,6.97838121546961,6.33081068410463,6.20503597122302,6.84170431211499,6.69938569398907,154
"149",2014,6,6.72916666666667,12,6.425,8.25,7.75,7,6.675,10,2,2,2,10,1414,915,499,141,489,925,6.74865481612447,6.97233333333333,6.3385028256513,6.22695035460993,6.84235173824131,6.69912206486487,155
"150",2014,7,6.63636363636364,11,6.85714285714286,6.25,9,7,6.6,7,4,1,1,10,1425,922,503,142,490,935,6.74778800701754,6.97145878524946,6.33779902584493,6.24647887323944,6.84267346938775,6.69806193582888,156
"151",2014,8,7.075,20,7.20588235294118,6.33333333333333,7,7.25,7.03125,17,3,1,4,16,1445,939,506,143,494,951,6.75231689273356,6.97570287539936,6.33777254940712,6.25174825174825,6.84597165991903,6.70366762355415,157
"152",2014,9,6.6375,16,6.7,6.5,NA,7.2,6.38181818181818,11,5,0,5,11,1461,950,511,143,499,962,6.75105948665298,6.97251052631579,6.33935990215264,6.25174825174825,6.84951903807615,6.69998743243243,158
"153",2014,10,6.78947368421053,19,7.0625,5.33333333333333,5.33333333333333,6.75,6.8,16,3,3,4,15,1480,966,514,146,503,977,6.75155264189189,6.97400103519669,6.33348815175097,6.23287671232877,6.84872763419483,6.70152293756397,159
"154",2014,11,6.8695652173913,23,7,6.7,6.5,7.375,6.76315789473684,13,10,2,4,19,1503,979,524,148,507,996,6.75335855622089,6.97434627170582,6.34048265267176,6.23648648648649,6.85287968441815,6.70269870481928,160
"155",2014,12,6.66666666666667,18,7.06153846153846,5.64,5.4,6.875,6.60714285714286,13,5,3,4,14,1521,992,529,151,511,1010,6.75233261669954,6.97548891129032,6.33386183364839,6.21986754966888,6.85305283757338,6.70137416831683,161
"156",2015,1,6.79054054054054,37,7,6.56944444444444,6.6,7.25,6.62037037037037,19,18,8,10,27,1558,1011,547,159,521,1037,6.75323999358152,6.97594955489614,6.34161409506399,6.23899371069182,6.86067178502879,6.69926510125362,162
"157",2015,2,6.54666666666667,15,6.68181818181818,6.175,5.9,7,6.32,11,4,3,5,10,1573,1022,551,162,526,1047,6.75127012714558,6.97278375733855,6.3404045553539,6.23271604938272,6.86199619771863,6.69564270296084,163
"158",2015,3,7.04,15,7.175,6.5,6,6,7.3,12,3,1,3,12,1588,1034,554,163,529,1059,6.75399742443325,6.97513056092843,6.34126879061372,6.23128834355828,6.85710775047259,6.70249094428706,164
"159",2015,4,6.89047619047619,21,7.05384615384615,6.625,6.5,6.64,6.96875,13,8,1,5,16,1609,1047,562,164,534,1075,6.75577868862648,6.97610792741165,6.34530766903915,6.23292682926829,6.85507490636704,6.70645386976744,165
"160",2015,5,7.04166666666667,12,7.1,6.75,6,7,7.05555555555556,10,2,1,3,9,1621,1057,564,165,537,1084,6.75789507094386,6.97728003784295,6.34674274822695,6.23151515151515,6.85588454376164,6.70935231549816,166
"161",2015,6,6.21111111111111,9,7.33333333333333,5.65,5.33333333333333,5,6.3625,3,6,3,1,8,1630,1060,570,168,538,1092,6.75487601840491,6.97828773584906,6.33940861403509,6.21547619047619,6.85243494423792,6.70681127289377,167
"162",2015,7,6.82105263157895,19,7.1,5.33333333333333,NA,7,6.7875,16,3,0,3,16,1649,1076,573,168,541,1108,6.75563851425106,6.98009758364312,6.33414120418848,6.21547619047619,6.85325323475046,6.70797645306859,168
"163",2015,8,6.47647058823529,17,6.63636363636364,6.18333333333333,5,6.5,6.47333333333333,11,6,1,2,15,1666,1087,579,169,543,1123,6.75278986194478,6.97661913523459,6.3325784283247,6.20828402366864,6.85195211786372,6.70484230632235,169
"164",2015,9,6.75,14,7.05555555555556,6.2,6.25,3,7.03846153846154,9,5,2,1,13,1680,1096,584,171,544,1136,6.75276661309524,6.97726733576642,6.3314433390411,6.20877192982456,6.84487132352941,6.70866013204225,170
"165",2015,10,7.17142857142857,7,7.64,6,7,6.73333333333333,7.5,5,2,1,3,4,1687,1101,586,172,547,1140,6.75450379964434,6.9802770208901,6.3303121331058,6.21337209302326,6.84425959780621,6.7114367631579,171
"166",2015,11,6.67647058823529,17,7.45833333333333,4.8,5,8,6.59375,12,5,2,1,16,1704,1113,591,174,548,1156,6.75372529929578,6.98543126684636,6.31736532994924,6.19942528735632,6.84636861313869,6.70980788062284,172
"167",2015,12,6.42222222222222,27,6.56428571428571,6.26923076923077,6.08333333333333,5.8,6.56363636363636,14,13,6,5,22,1731,1127,604,180,553,1178,6.74855454072791,6.98019964507542,6.31632932119205,6.19555555555556,6.83690777576853,6.70707802207131,173
"168",2016,1,6.8364347826087,23,6.9125,6.66257142857143,7.9095,6.16257142857143,7.13125,16,7,4,7,16,1754,1143,611,184,560,1194,6.74970690421893,6.97925196850394,6.32029608837971,6.23281521739131,6.82847857142857,6.71276206867672,174
"169",2016,2,6.86296296296296,27,7.17368421052632,6.125,5.5,7.57142857142857,6.615,19,8,1,7,20,1781,1162,619,185,567,1214,6.75142386861314,6.98243115318417,6.31777206785137,6.22885405405405,6.83765079365079,6.71115149093905,175
"170",2016,3,7.26666666666667,21,7.36666666666667,6.66666666666667,8,7.83333333333333,7.17222222222222,18,3,1,3,18,1802,1180,622,186,570,1232,6.75742836293008,6.98829237288136,6.3194548392283,6.23837634408602,6.84289122807017,6.71788791396104,176
"171",2016,4,6.88230769230769,13,7.26714285714286,6.43333333333333,6.75,7.5,6.697,7,6,2,3,10,1815,1187,628,188,573,1242,6.758322815427,6.98993681550127,6.32054285031847,6.24381914893617,6.84633158813263,6.71771973429952,177
"172",2016,5,6.8625,16,6.95454545454545,6.66,6,7,6.83076923076923,11,5,2,3,13,1831,1198,633,190,576,1255,6.75923315674495,6.98961185308848,6.3232241864139,6.24125263157895,6.84713194444444,6.71889076494024,178
"173",2016,6,6.03846153846154,13,7.28571428571429,4.58333333333333,NA,5,6.125,7,6,0,1,12,1844,1205,639,190,577,1267,6.75415179501085,6.99133195020747,6.30688718309859,6.24125263157895,6.84393067590988,6.71326591160221,179
"174",2016,7,7.11380952380952,21,7.5,6.82416666666667,5.875,7.875,6.93470588235294,9,12,4,4,17,1865,1214,651,194,581,1284,6.75820156032172,6.99510296540363,6.31642228878648,6.23370103092784,6.85102925989673,6.71619774922118,180
"175",2016,8,6.81818181818182,22,7.46428571428571,5.6875,NA,6.25,6.875,14,8,0,2,20,1887,1228,659,194,583,1304,6.75890085320615,7.0004519543974,6.30878742033384,6.23370103092784,6.84896740994854,6.71863336656442,181
"176",2016,9,6.73809523809524,21,6.92857142857143,6.35714285714286,5.66666666666667,7.08333333333333,6.6,14,7,3,6,15,1908,1242,666,197,589,1319,6.758671860587,6.99964170692432,6.30929566066066,6.22506598984772,6.85135483870968,6.71728423805914,182
"177",2016,10,6.75,16,7.20833333333333,5.375,4.75,7.5,6.57692307692308,12,4,2,3,13,1924,1254,670,199,592,1332,6.75859974532225,7.00163875598086,6.3037177761194,6.21024120603015,6.85464189189189,6.71591434684685,183
"178",2016,11,6.1875,16,6.3,6,7,6.5,6.14285714285714,10,6,2,2,14,1940,1264,676,201,594,1346,6.7538896443299,6.9960878164557,6.30102205621302,6.21809950248756,6.85344781144781,6.70995387072808,184
"179",2016,12,6.72884615384615,26,6.9125,6.11666666666667,5.23333333333333,6,6.82391304347826,20,6,3,3,23,1966,1284,682,204,597,1369,6.75355844862665,6.99478582554517,6.29940016129032,6.20361764705882,6.84915912897822,6.7118684514244,185
"180",2017,1,6.9051724137931,29,7.03947368421053,6.65,6.125,8,6.67708333333333,19,10,4,5,24,1995,1303,692,208,602,1393,6.75576236090226,6.99543745203377,6.30446663294798,6.20210576923077,6.85871760797342,6.71126913854989,186
"181",2017,2,6.65625,16,7.4,5.41666666666667,5.5,6.5,6.72727272727273,10,6,4,5,11,2011,1313,698,212,607,1404,6.75497061660865,6.99851865955826,6.29683511461318,6.18885849056604,6.85576276771005,6.71139452279202,187
"182",2017,3,7.00952380952381,21,7.01052631578947,7,NA,7.14,6.96875,19,2,0,5,16,2032,1332,700,212,612,1420,6.75760133366142,6.99868993993994,6.29884415714286,6.18885849056604,6.85808496732026,6.7142943028169,188
"183",2017,4,6.92222222222222,18,7.18571428571429,6,5.5,5.33333333333333,7.24,14,4,2,3,15,2050,1346,704,214,615,1435,6.75904678536585,7.0006352154532,6.29714617897727,6.18242056074766,6.85064715447154,6.71978948432056,189
"184",2017,5,7.01315789473684,19,7.015625,7,NA,6.75,7.04411764705882,16,3,0,2,17,2069,1362,707,214,617,1452,6.76138033349444,7.00081130690162,6.30012858557284,6.18242056074766,6.8503209076175,6.72358671487603,190
"185",2017,6,7.07666666666667,15,7.37727272727273,6.25,3,6.1625,7.40909090909091,11,4,1,4,11,2084,1373,711,215,621,1463,6.76364966890595,7.00382738528769,6.29984656821378,6.16761860465116,6.84589049919484,6.72874088174983,191
"186",2017,7,6.98965517241379,29,7.2,6.69166666666667,6.825,7.02857142857143,6.97727272727273,17,12,4,7,22,2113,1390,723,219,628,1485,6.76675149550402,7.00622661870504,6.30634980636238,6.17962557077626,6.84792675159235,6.73242283501684,192
"187",2017,8,6.80588235294118,17,7.10909090909091,6.25,5.5,6.75,6.81333333333333,11,6,3,2,15,2130,1401,729,222,630,1500,6.76706380751174,7.00703426124197,6.30588602194788,6.17044144144144,6.84761587301587,6.73323194,193
"188",2017,9,6,15,6.45,5.1,4,5.91666666666667,6.05555555555556,10,5,2,6,9,2145,1411,734,224,636,1509,6.76169972494173,7.00308646350107,6.29767153950954,6.1510625,6.83883333333333,6.72919013253811,194
"189",2017,10,7.13157894736842,19,7.45,6.77777777777778,7,7.33333333333333,7.03846153846154,10,9,2,6,13,2164,1421,743,226,642,1522,6.76494727818854,7.0062315270936,6.30348709286676,6.15857522123894,6.84345482866043,6.73183174113009,195
"190",2017,11,7.21052631578947,19,7.39285714285714,6.7,6.75,7.25,7.2,14,5,2,4,15,2183,1435,748,228,646,1537,6.76882542830967,7.01000348432056,6.30613758021391,6.16376315789474,6.84597213622291,6.73640072218608,196
"191",2017,12,7.3125,24,7.44444444444444,6.91666666666667,7.625,8.33333333333333,7.16666666666667,18,6,4,3,21,2207,1453,754,232,649,1558,6.77473761214318,7.01538540949759,6.31099590185677,6.18895689655172,6.85284745762712,6.74220019897304,197
"192",2018,1,7.42592592592593,27,7.54761904761905,7,6.75,7,7.5,21,6,2,4,23,2234,1474,760,234,653,1581,6.78260783795882,7.02296811397558,6.31643540789474,6.19375213675214,6.85374885145482,6.75322448450348,198
"193",2018,2,6.71333333333333,15,7.275,6.07142857142857,6.16666666666667,7.6,6.27,8,7,3,5,10,2249,1482,767,237,658,1591,6.78214580257893,7.02432860998651,6.31419936114733,6.19340928270042,6.85941945288753,6.75018724701446,199
"194",2018,3,6.69565217391304,23,7.3,5.5625,6,6.08333333333333,6.91176470588235,15,8,2,6,17,2272,1497,775,239,664,1608,6.7812702068662,7.0270908483634,6.30643988387097,6.19179079497908,6.85240662650602,6.75189546641791,200
"195",2018,4,7.5,15,7.57692307692308,7,NA,8,7.31818181818182,13,2,0,4,11,2287,1510,777,239,668,1619,6.78598421950153,7.03182450331126,6.30822510939511,6.19179079497908,6.85927844311377,6.75574299567635,201
"196",2018,5,6.32,13,6.516,5.66666666666667,5,5.6,6.536,10,3,1,3,10,2300,1520,780,240,671,1629,6.78335039565218,7.02843092105263,6.30575757692308,6.186825,6.85364828614009,6.75439405156538,202
"197",2018,6,7.41521052631579,19,7.6180625,6.33333333333333,8,8.25,7.1926,16,3,1,4,15,2319,1536,783,241,675,1644,6.78852734368262,7.03457291666667,6.3058632311622,6.19434854771784,6.86192296296296,6.7583922810219,203
"198",2018,7,7.3,15,7.59090909090909,6.5,5.75,8.5,7.11538461538461,11,4,2,2,13,2334,1547,787,243,677,1657,6.79181444301628,7.0385287653523,6.30684994917408,6.19069135802469,6.86676218611521,6.76119306578153,204
"199",2018,8,7.25502666666667,21,7.56581230769231,6.75,7.5,7.66666666666667,7.09037066666667,13,8,2,6,15,2355,1560,795,245,683,1672,6.79594499787686,7.0429227948718,6.31130932075472,6.20137959183674,6.87378916544656,6.76414621411483,205
"200",2018,9,6.69285714285714,14,6.74615384615385,6,NA,7.73333333333333,6.40909090909091,13,1,0,3,11,2369,1573,796,245,686,1683,6.79533578303082,7.04047015893198,6.31091822864322,6.20137959183674,6.87754810495627,6.76182559120618,206
"201",2018,10,7.5,8,7.57142857142857,7,NA,NA,7.5,7,1,0,0,8,2377,1580,797,245,686,1691,6.79770739167017,7.04282250632912,6.31178282308658,6.20137959183674,6.87754810495627,6.7653178415139,207
"202",2018,11,6.57692307692308,13,6.88888888888889,5.875,6.5,6.5,6.59090909090909,9,4,1,2,11,2390,1589,801,246,688,1702,6.79650647280335,7.04195063561989,6.30960163545568,6.20259349593496,6.87645058139535,6.76419064042303,208
"203",2018,12,6.63235294117647,17,7.15909090909091,5.66666666666667,3,5,6.734375,11,6,1,1,16,2407,1600,807,247,689,1718,6.79534710012464,7.042755975,6.30482144981413,6.18962753036437,6.87372714078374,6.76391296274738,209
"204",2019,1,7.675,20,7.67647058823529,7.66666666666667,NA,7.75,7.64285714285714,17,3,0,6,14,2427,1617,810,247,695,1732,6.80259599093531,7.04941840445269,6.30986532098766,6.18962753036437,6.88129208633093,6.77101759237875,210
"205",2019,2,7.53846153846154,13,7.66666666666667,6,6,6,7.66666666666667,12,1,1,1,12,2440,1629,811,248,696,1744,6.80651658606558,7.05396535297729,6.30948324290999,6.18886290322581,6.88002586206896,6.77718031536697,211
"206",2019,3,6.73529411764706,17,6.90833333333333,6.32,4.5,7.3125,6.22222222222222,12,5,2,8,9,2457,1641,816,250,704,1753,6.8060237973138,7.05290040219379,6.30954768382353,6.175352,6.88494034090909,6.7743311294923,212
"207",2019,4,6.97083333333333,12,6.93,7,7,6.16666666666667,7.775,5,7,5,6,6,2469,1646,823,255,710,1759,6.80682481571487,7.05252707168894,6.31542030376671,6.19152156862745,6.87887042253521,6.77774444002274,213
"208",2019,5,7.18,15,7.375,6.4,6.6,7.56666666666667,7.08333333333333,12,3,2,3,12,2484,1658,826,257,713,1771,6.80907828904992,7.054861013269,6.31572749394673,6.19470038910506,6.88176437587657,6.77981505928854,214
"209",2019,6,6.85625,16,7.01538461538462,6.16666666666667,NA,6.9,6.84615384615385,13,3,0,3,13,2500,1671,829,257,716,1784,6.809380188,7.05455389587074,6.31518806996381,6.19470038910506,6.8818407821229,6.78029846973094,215
"210",2019,7,7.8,11,7.78,8,NA,7,8.1,10,1,0,3,8,2511,1681,830,257,719,1792,6.81371982078853,7.05886945865556,6.31721796385542,6.19470038910506,6.88233379694019,6.78618999441964,216
"211",2019,8,6.71507928571429,14,6.77638875,6.63333333333333,5.9,4.8,6.86239307692308,8,6,2,1,13,2525,1689,836,259,720,1805,6.8131729029703,7.05753148016578,6.31948673444976,6.19242471042471,6.87944166666666,6.78673882548477,217
"212",2019,9,6.48461538461538,13,6.92222222222222,5.5,5,7,6.39090909090909,9,4,2,2,11,2538,1698,840,261,722,1816,6.81148998423956,7.05681429328622,6.31558441666667,6.18328735632184,6.87977562326869,6.7843411784141,218
"213",2019,10,6.5,13,7.35714285714286,5.5,NA,6,6.59090909090909,7,6,0,2,11,2551,1705,846,261,724,1827,6.80990261858095,7.05804731378299,6.30980013002364,6.18328735632184,6.8773453038674,6.78317656267105,219
"214",2019,11,7.42857142857143,7,7.42857142857143,NA,NA,6.25,7.9,7,0,0,2,5,2558,1712,846,261,726,1832,6.81159561376075,7.05956230724299,6.30980013002364,6.18328735632184,6.8756170798898,6.78622466157205,220
"215",2019,12,7.375,16,7.70833333333333,6.375,NA,8.75,7.17857142857143,12,4,0,2,14,2574,1724,850,261,728,1846,6.81509773892774,7.06407811484919,6.31010695294118,6.18328735632184,6.88076648351648,6.78920020585049,221
"216",2020,1,7.20876558823529,34,7.66641047619048,6.46949307692308,6.4,8.18842857142857,6.95477888888889,21,13,5,7,27,2608,1745,863,266,735,1873,6.82022991180982,7.07132681375358,6.31250790266512,6.18736090225564,6.89322040816326,6.79158708489055,222
"217",2020,2,6.16666666666667,9,6.58333333333333,5.33333333333333,5.5,7,6.0625,6,3,2,1,8,2617,1751,866,268,736,1881,6.81798227359572,7.06965464877213,6.30911584295612,6.18223134328358,6.89336548913043,6.78848623604466,223
"218",2020,3,7.01363636363636,22,7.05066666666667,6.93428571428571,8,7.785,6.84222222222222,15,7,2,4,18,2639,1766,873,270,740,1899,6.81961334217507,7.06949336919592,6.31412865979382,6.1956962962963,6.89818513513513,6.7889955818852,224
"219",2020,4,7.32071428571429,14,7.49875,7.08333333333333,6.5,6.66666666666667,7.49909090909091,8,6,2,3,11,2653,1774,879,272,743,1910,6.82225767433095,7.07142913754228,6.3193792036405,6.19793382352941,6.89725033647375,6.79308513612565,225
"220",2020,5,6.98266666666667,15,7.395,5.33333333333333,6,9,6.83857142857143,12,3,1,1,14,2668,1786,882,273,744,1924,6.82315952398801,7.07360318589026,6.31602530612245,6.19720879120879,6.90007661290322,6.79341611746362,226
"221",2020,6,6.92272727272727,22,7.1125,6.41666666666667,7,7.25,6.73571428571429,16,6,1,8,14,2690,1802,888,274,752,1938,6.82397383271376,7.07394855160932,6.31670531531532,6.20013868613139,6.90379920212766,6.79299928276574,227
"222",2020,7,7,10,7,7,7,6.5,7.21428571428571,7,3,2,3,7,2700,1809,891,276,755,1945,6.82462578148148,7.07366240464345,6.31900597081931,6.2059347826087,6.90219470198675,6.79451548071979,228
"223",2020,8,6.74666666666667,15,6.8,6.68571428571429,5,NA,6.74666666666667,8,7,1,0,15,2715,1817,898,277,755,1960,6.82419506813997,7.07245750687947,6.32186449888642,6.20158122743682,6.90219470198675,6.79414929081633,229
"224",2020,9,6.50714285714286,14,7.11111111111111,5.42,5,7,6.46923076923077,9,5,1,1,13,2729,1826,903,278,756,1973,6.8225685635764,7.0726480230011,6.316870786268,6.19725899280576,6.90232407407407,6.7920084186518,230
"225",2020,10,6.58461538461538,13,6.66,6.33333333333333,6,5.9,7.0125,10,3,2,5,8,2742,1836,906,280,761,1981,6.82144041210795,7.07040048474946,6.31692529801325,6.19585,6.89573850197109,6.79289884401817,231
"226",2020,11,6.62173913043478,23,6.91428571428571,6.16666666666667,NA,7.7,6.46,14,9,0,3,20,2765,1850,915,280,764,2001,6.81977924412297,7.06921907567568,6.3154473442623,6.19585,6.89889659685864,6.78957151924038,232
"227",2020,12,7.30066666666667,30,7.50105263157895,6.95454545454545,7,6.66666666666667,7.37111111111111,19,11,1,3,27,2795,1869,926,281,767,2028,6.82494082647585,7.07360903691814,6.3230392224622,6.19871174377224,6.89798826597131,6.79731391025641,233
"228",2021,1,6.90476190476191,21,6.96875,6.7,6,5.5,7.05263157894737,16,5,3,2,19,2816,1885,931,284,769,2047,6.82553608309659,7.0727189867374,6.32506371643394,6.19661267605634,6.89435240572171,6.79968373717636,234
"229",2021,2,6.77272727272727,11,6.4,7.08333333333333,NA,5.5,6.9,5,6,0,1,10,2827,1890,937,284,770,2057,6.82533060134418,7.07093930687831,6.32991923159018,6.19661267605634,6.89254155844156,6.80017141954302,235
"230",2021,3,6.40909090909091,11,6.38888888888889,6.5,6,5.5,6.92857142857143,9,2,1,4,7,2838,1899,939,285,774,2064,6.82371726920367,7.06770684044234,6.33028149094782,6.19592280701754,6.88534496124031,6.80060688468992,236
"231",2021,4,7.275,10,7.19444444444444,8,NA,NA,7.275,9,1,0,0,10,2848,1908,940,285,774,2074,6.82530182935393,7.06830465932914,6.33205778723404,6.19592280701754,6.88534496124031,6.80289421890068,237
"232",2021,5,6.07142857142857,7,6.07142857142857,NA,NA,NA,6.07142857142857,7,0,0,0,7,2855,1915,940,285,774,2081,6.82345345359019,7.06466072584856,6.33205778723404,6.19592280701754,6.88534496124031,6.80043373858722,238
"233",2021,6,7.23076923076923,13,7.27272727272727,7,7,6,7.33333333333333,11,2,2,1,12,2868,1926,942,287,775,2093,6.82529972454672,7.06584906022845,6.33347592356688,6.20152613240418,6.88420258064516,6.80348906354515,239
"234",2021,7,6.69230769230769,13,6.5,6.77777777777778,8,6.5,6.77777777777778,4,9,1,4,9,2881,1930,951,288,779,2102,6.82469962165915,7.06467631606218,6.33768067297582,6.20777083333333,6.8822297817715,6.80337897716461,240
"235",2021,8,6.5,13,6.8125,6,NA,5.5,6.68181818181818,8,5,0,2,11,2894,1938,956,288,781,2113,6.82324105390463,7.06363534055728,6.33591456066946,6.20777083333333,6.87869014084507,6.80274614765736,241
"236",2021,9,6.31428571428571,7,6.75,5.73333333333333,3,5,6.53333333333333,4,3,1,1,6,2901,1942,959,289,782,2119,6.822012964495,7.06298933573635,6.33402953076121,6.19667128027682,6.87628772378516,6.80198329872582,242
"237",2021,10,6.75238071428571,14,6.6277775,7.5,NA,6,6.8777775,12,2,0,2,12,2915,1954,961,289,784,2131,6.82167853859348,7.06031659160696,6.33645610822061,6.19667128027682,6.87405229591837,6.80241010793055,243
"238",2021,11,6.21333333333333,15,7.16666666666667,4.78333333333333,4,8.5,5.86153846153846,9,6,1,2,13,2930,1963,967,290,786,2144,6.81856414334471,7.06080418746816,6.32681935884178,6.18909655172414,6.87818956743002,6.79670519589552,244
"239",2021,12,6.51428571428571,28,6.72272727272727,5.75,5.83333333333333,6.08333333333333,6.63181818181818,22,6,3,6,22,2958,1985,973,293,792,2166,6.815683887762,7.05705723929471,6.3232624049332,6.18545392491468,6.87216792929293,6.7950304432133,245
"240",2022,1,6.4258064516129,31,6.368,6.66666666666667,6.75,7.875,6.21111111111111,25,6,4,4,27,2989,2010,979,297,796,2193,6.81164032786886,7.04848687562189,6.32536702757916,6.19305723905724,6.87720728643216,6.78784128590971,246
"241",2022,2,6.6952380952381,21,6.84375,6.22,8,5.06,7.20625,16,5,1,5,16,3010,2026,984,298,801,2209,6.8108282192691,7.04687,6.32483162601626,6.19912080536913,6.86586392009987,6.7908718605704,247
"242",2022,3,7.09444444444444,18,7.36153846153846,6.4,NA,8,6.98125,13,5,0,2,16,3028,2039,989,298,803,2225,6.81251418097755,7.04887622363904,6.32521164812943,6.19912080536913,6.86868866749689,6.79224087191011,248
"243",2022,4,6.96666666666667,21,7.31818181818182,6.58,4.25,6.5,7.07647058823529,11,10,2,4,17,3049,2050,999,300,807,2242,6.81357590685471,7.05032127804878,6.32776208208208,6.18612666666667,6.86686121437422,6.79439604817128,249
"244",2022,5,7,11,7.22222222222222,6,NA,6.8,7.16666666666667,9,2,0,5,6,3060,2059,1001,300,812,2248,6.81424605882353,7.05107266634289,6.32710721278722,6.18612666666667,6.86644950738916,6.79538965302491,250
"245",2022,6,6.34375,16,6.53846153846154,5.5,6,NA,6.34375,13,3,1,0,16,3076,2072,1004,301,812,2264,6.81179874512354,7.04785647683398,6.32463577689243,6.18550830564784,6.86644950738916,6.79219785335689,251
"246",2022,7,7.00714285714286,14,7.00769230769231,7,NA,7.83333333333333,6.78181818181818,13,1,0,3,11,3090,2085,1005,301,815,2275,6.81268379935275,7.04760605275779,6.32530778109453,6.18550830564784,6.87000858895705,6.79214766593407,252
"247",2022,8,7.12380952380952,21,6.97647058823529,7.75,NA,7.5,7.08421052631579,17,4,0,2,19,3111,2102,1009,301,817,2294,6.81478397299904,7.04703074215033,6.3309557185332,6.18550830564784,6.87155079559363,6.7945666695728,253
"248",2022,9,6.7635,12,6.80775,6.675,NA,9,6.56018181818182,8,4,0,1,11,3123,2110,1013,301,818,2305,6.81458691642651,7.04612351658768,6.33231423494571,6.18550830564784,6.87415281173594,6.79344813015185,254
"249",2022,10,6.379,12,6.58333333333333,6.17466666666667,4.048,NA,6.379,6,6,1,0,12,3135,2116,1019,302,818,2317,6.81291959808613,7.04481125708885,6.33138598626104,6.17843046357616,6.87415281173594,6.7913016573155,255
"250",2022,11,7.53888888888889,9,7.525,7.55,7,8.55,7.25,4,5,1,2,7,3144,2120,1024,303,820,2324,6.81499775445293,7.04571727358491,6.33733625,6.18114191419142,6.87824024390244,6.79268327882961,256
"251",2022,12,6.8804347826087,23,6.8125,7.03571428571429,6.41666666666667,5.25,7.03571428571429,16,7,3,2,21,3167,2136,1031,306,822,2345,6.81547298389643,7.04397032771536,6.34207790494666,6.18345098039216,6.87427858880779,6.79485967590619,257
