"","year","month","avg_rating","no_ratings","avg_rating_owned","avg_rating_not_owned","avg_rating_prev_owned","avg_rating_comment","avg_rating_no_comment","no_ratings_owned","no_ratings_not_owned","no_ratings_prev_owned","no_ratings_comment","no_ratings_no_comment","cum_no_ratings","cum_no_ratings_owned","cum_no_ratings_not_owned","cum_no_ratings_prev_owned","cum_no_ratings_comment","cum_no_ratings_no_comment","cum_avg_rating","cum_avg_rating_owned","cum_avg_rating_not_owned","cum_avg_rating_prev_owned","cum_avg_rating_comment","cum_avg_rating_no_comment","month_after_release"
"1",2005,3,3,1,3,NA,NA,NA,3,1,0,0,0,1,1,1,0,0,0,1,3,3,NA,NA,NA,3,-5
"2",2005,4,6,3,6.5,5,5,5,6.5,2,1,1,1,2,4,3,1,1,1,3,5.25,5.33333333333333,5,5,5,5.33333333333333,-4
"3",2005,5,6,2,NA,6,NA,6,6,0,2,0,1,1,6,3,3,1,2,4,5.5,5.33333333333333,5.66666666666667,5,5.5,5.5,-3
"4",2005,6,6.9,2,6.9,NA,NA,7,6.8,2,0,0,1,1,8,5,3,1,3,5,5.85,5.96,5.66666666666667,5,6,5.76,-2
"5",2005,7,8,2,8,NA,NA,7,9,2,0,0,1,1,10,7,3,1,4,6,6.28,6.54285714285714,5.66666666666667,5,6.25,6.3,-1
"6",2005,8,6.94444444444444,18,7.35,6.4375,7.16666666666667,6.65,7.3125,10,8,3,10,8,28,17,11,4,14,14,6.70714285714286,7.01764705882353,6.22727272727273,6.625,6.53571428571429,6.87857142857143,0
"7",2005,9,6.55,12,6.67777777777778,6.16666666666667,NA,6.4375,6.775,9,3,0,8,4,40,26,14,4,22,18,6.66,6.9,6.21428571428571,6.625,6.5,6.85555555555556,1
"8",2005,10,7.13888888888889,18,7.46153846153846,6.3,NA,7.07692307692308,7.3,13,5,0,13,5,58,39,19,4,35,23,6.80862068965517,7.08717948717949,6.23684210526316,6.625,6.71428571428571,6.95217391304348,2
"9",2005,11,7.03125,16,7.55555555555556,6.35714285714286,NA,6.8,7.41666666666667,9,7,0,10,6,74,48,26,4,45,29,6.85675675675676,7.175,6.26923076923077,6.625,6.73333333333333,7.04827586206897,3
"10",2005,12,6.93421052631579,19,6.98333333333333,6.75,6.8,7.5,6.67307692307692,15,4,2,6,13,93,63,30,6,51,42,6.87258064516129,7.12936507936508,6.33333333333333,6.68333333333333,6.82352941176471,6.93214285714286,4
"11",2006,1,7.11666666666667,15,7.125,7,7,7.04166666666667,7.16666666666667,14,1,1,6,9,108,77,31,7,57,51,6.90648148148148,7.12857142857143,6.35483870967742,6.72857142857143,6.84649122807018,6.97352941176471,5
"12",2006,2,7.03571428571429,14,7.25,6.5,7.5,7.5,6.6875,10,4,1,6,8,122,87,35,8,63,59,6.92131147540984,7.14252873563218,6.37142857142857,6.825,6.90873015873016,6.93474576271186,6
"13",2006,3,6.69444444444444,18,7.125,5.83333333333333,5.33333333333333,6.79166666666667,6.5,12,6,3,12,6,140,99,41,11,75,65,6.89214285714286,7.14040404040404,6.29268292682927,6.41818181818182,6.89,6.89461538461538,7
"14",2006,4,6.72727272727273,11,6.8,6.66666666666667,7,7,6.57142857142857,5,6,2,4,7,151,104,47,13,79,72,6.88013245033113,7.12403846153846,6.34042553191489,6.50769230769231,6.89556962025316,6.86319444444444,8
"15",2006,5,7.44444444444444,9,7.85714285714286,6,NA,7,7.8,7,2,0,4,5,160,111,49,13,83,77,6.911875,7.17027027027027,6.3265306122449,6.50769230769231,6.90060240963855,6.92402597402597,9
"16",2006,6,7.17058823529412,17,7.37857142857143,6.2,NA,7.12857142857143,7.2,14,3,0,7,10,177,125,52,13,90,87,6.93672316384181,7.1936,6.31923076923077,6.50769230769231,6.91833333333333,6.95574712643678,10
"17",2006,7,6.83333333333333,21,7.13333333333333,6.08333333333333,6.33333333333333,6.25,7.19230769230769,15,6,3,8,13,198,140,58,16,98,100,6.92575757575758,7.18714285714286,6.2948275862069,6.475,6.86377551020408,6.9865,11
"18",2006,8,7.10769230769231,13,7.25,6.63333333333333,7.9,7.38,6.9375,10,3,1,5,8,211,150,61,17,103,108,6.93696682464455,7.19133333333333,6.31147540983607,6.55882352941176,6.88883495145631,6.98287037037037,12
"19",2006,9,6.76,25,7.07142857142857,6.36363636363636,7.5,6.625,6.82352941176471,14,11,2,8,17,236,164,72,19,111,125,6.91822033898305,7.18109756097561,6.31944444444444,6.65789473684211,6.86981981981982,6.9612,13
"20",2006,10,6.91666666666667,21,7.01470588235294,6.5,NA,6.9375,6.88888888888889,17,4,0,12,9,257,181,76,19,123,134,6.91809338521401,7.16546961325967,6.32894736842105,6.65789473684211,6.87642276422764,6.95634328358209,14
"21",2006,11,6.96307692307692,13,7.3775,6.3,7,7,6.95636363636364,8,5,2,2,11,270,189,81,21,125,145,6.92025925925926,7.17444444444444,6.32716049382716,6.69047619047619,6.8784,6.95634482758621,15
"22",2006,12,6.688,25,6.79375,6.5,6.5,6.74285714285714,6.66666666666667,16,9,4,7,18,295,205,90,25,132,163,6.90057627118644,7.14473170731707,6.34444444444444,6.66,6.87121212121212,6.92435582822086,16
"23",2007,1,6.71891891891892,37,7.50454545454545,5.56666666666667,6,6.88888888888889,6.55789473684211,22,15,1,18,19,332,227,105,26,150,182,6.88033132530121,7.17960352422907,6.23333333333333,6.63461538461539,6.87333333333333,6.8860989010989,17
"24",2007,2,6.57609,17,6.8,6.37705888888889,7,6.71111111111111,6.42419125,8,9,3,9,8,349,235,114,29,159,190,6.86551154727794,7.16668085106383,6.2446800877193,6.67241379310345,6.86415094339623,6.86665015789474,18
"25",2007,3,6.74583333333333,24,6.84375,6.55,7.33333333333333,6.4,7.03846153846154,16,8,3,11,13,373,251,122,32,170,203,6.85781107238606,7.14609561752988,6.26470106557377,6.734375,6.83411764705882,6.87765285714286,19
"26",2007,4,7.09545454545455,22,7.16666666666667,6.94285714285714,7,7.18,7.025,15,7,2,10,12,395,266,129,34,180,215,6.87104691139241,7.14725563909774,6.30150023255814,6.75,6.85333333333333,6.88587688372093,20
"27",2007,5,6.84375,16,6.57142857142857,7.05555555555556,7.33333333333333,7.14285714285714,6.61111111111111,7,9,3,7,9,411,273,138,37,187,224,6.86998425790754,7.13249084249084,6.35067775362319,6.7972972972973,6.86417112299465,6.8748371875,21
"28",2007,6,7.08571428571429,21,6.90909090909091,7.28,7.8,6.8,7.175,11,10,1,5,16,432,284,148,38,192,240,6.88047113425926,7.12383802816901,6.4134697972973,6.82368421052632,6.8625,6.89484804166667,22
"29",2007,7,6.36111111111111,18,6.33333333333333,6.41666666666667,7,7,6.04166666666667,12,6,1,6,12,450,296,154,39,198,252,6.85969673333333,7.09179054054054,6.41359435064935,6.82820512820513,6.86666666666667,6.85422035714286,23
"30",2007,8,6.625,16,6.6,6.66666666666667,6.66666666666667,6.54545454545455,6.8,10,6,3,11,5,466,306,160,42,209,257,6.85163847639485,7.07571895424837,6.4230845625,6.81666666666667,6.84976076555024,6.85316548638132,24
"31",2007,9,6.625,24,7.33333333333333,5.91666666666667,6.5,6.15,6.96428571428571,12,12,3,10,14,490,318,172,45,219,271,6.84053781632653,7.08544025157233,6.38775308139535,6.79555555555556,6.81780821917808,6.85890601476015,25
"32",2007,10,6.88695652173913,23,7.20714285714286,6.38888888888889,6.25,6.9375,6.86,14,9,4,8,15,513,332,181,49,227,286,6.8426189668616,7.09057228915663,6.38780955801105,6.75102040816327,6.82202643171806,6.85896339160839,26
"33",2007,11,6.78125,32,7.21875,6.34375,6.625,7.16666666666667,6.55,16,16,4,12,20,545,348,197,53,239,306,6.83901565137615,7.09646551724138,6.38423111675127,6.74150943396226,6.83933054393306,6.83876970588235,27
"34",2007,12,6.18461538461538,39,6.72608695652174,5.40625,5.5,5.95,6.34782608695652,23,16,3,16,23,584,371,213,56,255,329,6.79531426369863,7.07350404312668,6.31076774647887,6.675,6.78352941176471,6.80444841945289,28
"35",2008,1,6.634375,32,6.89,6.20833333333333,6.625,6.36666666666667,6.73913043478261,20,12,4,9,23,616,391,225,60,264,352,6.78695378246753,7.06411764705882,6.30530457777778,6.67166666666667,6.76931818181818,6.80018048295454,29
"36",2008,2,7.09210526315789,19,7.18333333333333,6.75,7,6.41666666666667,7.40384615384615,15,4,2,6,13,635,406,229,62,270,365,6.7960842992126,7.06852216748768,6.31307218340611,6.68225806451613,6.76148148148148,6.82168090410959,30
"37",2008,3,6.11607142857143,28,6.77272727272727,5.69117647058824,6.66666666666667,5.92307692307692,6.28333333333333,11,17,3,13,15,663,417,246,65,283,380,6.76736580693816,7.06071942446043,6.2700956504065,6.68153846153846,6.72296819787986,6.80043034210526,31
"38",2008,4,6.8,19,6.85555555555556,6.75,7,6.8125,6.79090909090909,9,10,3,8,11,682,426,256,68,291,391,6.76827497067449,7.05638497652582,6.2888419140625,6.69558823529412,6.7254295532646,6.80016248081841,32
"39",2008,5,6.9625,20,7.5625,6.0625,6.25,7.15909090909091,6.72222222222222,12,8,2,11,9,702,438,264,70,302,400,6.77380844729345,7.07025114155251,6.28198306818182,6.68285714285714,6.74122516556291,6.798408825,33
"40",2008,6,6.68947368421053,19,7.21538461538462,5.55,6.6,6.73,6.64444444444444,13,6,3,10,9,721,451,270,73,312,409,6.7715860332871,7.07443458980044,6.26571677777778,6.67945205479452,6.74086538461539,6.79502085574572,34
"41",2008,7,6.64583333333333,24,6.97272727272727,6.36923076923077,6.63333333333333,6.73076923076923,6.54545454545455,11,13,6,13,11,745,462,283,79,325,420,6.76753493959732,7.07201298701299,6.27047183745583,6.67594936708861,6.74046153846154,6.78848459523809,35
"42",2008,8,6.5088,25,7,6.12285714285714,5.5,6.16666666666667,6.70125,11,14,8,9,16,770,473,297,87,334,436,6.75913445454546,7.07033826638478,6.26351356902357,6.56781609195402,6.725,6.78528332568807,36
"43",2008,9,6.125,16,6.9,5.77272727272727,5.1,6.22222222222222,6,5,11,5,9,7,786,478,308,92,343,443,6.74622586513995,7.06855648535565,6.24598548701299,6.48804347826087,6.71180758017493,6.77287478555305,37
"44",2008,10,6.60769230769231,26,6.98571428571429,6.16666666666667,5.8,6.6,6.6125,14,12,5,10,16,812,492,320,97,353,459,6.74179006157636,7.06619918699187,6.24301103125,6.45257731958763,6.7086402266289,6.76728437908497,38
"45",2008,11,6.54090909090909,22,6.96,6.19166666666667,6.13333333333333,6.76666666666667,6.38461538461539,10,12,6,9,13,834,502,332,103,362,472,6.73649104316547,7.06408366533865,6.24115521084337,6.43398058252427,6.71008287292818,6.75674476694915,39
"46",2008,12,6.7375,24,7.37,6.28571428571429,5.94444444444444,6.61111111111111,6.81333333333333,10,14,9,9,15,858,512,346,112,371,487,6.73651926573427,7.07005859375,6.24295817919075,6.39464285714286,6.70768194070081,6.7584877412731,40
"47",2009,1,7.1,28,7.29,6.625,6.375,7.25,6.9875,20,8,4,12,16,886,532,354,116,383,503,6.74800624153499,7.07832706766917,6.25159189265537,6.39396551724138,6.72467362924282,6.76577242544732,41
"48",2009,2,6.34375,40,6.95,5.98,5.66666666666667,6.77777777777778,6.21774193548387,15,25,12,9,31,926,547,379,128,392,534,6.73054376889849,7.07480804387569,6.23367686015831,6.32578125,6.72589285714286,6.73395792134831,42
"49",2009,3,6.77916666666667,36,7.44736842105263,6.03235294117647,6,6.68181818181818,6.822,19,17,7,11,25,962,566,396,135,403,559,6.73236333679834,7.08731448763251,6.22503416666667,6.30888888888889,6.72468982630273,6.73789540250447,43
"50",2009,4,6.67571428571429,35,7.29615384615385,6.30909090909091,5.725,6.97777777777778,6.57115384615385,13,22,8,9,26,997,579,418,143,412,585,6.73037465396189,7.09200345423143,6.22945820574163,6.27622377622378,6.73021844660194,6.73048466666667,44
"51",2009,5,6.54333333333333,30,6.93684210526316,5.86363636363636,5,6.48181818181818,6.57894736842105,19,11,3,11,19,1027,598,429,146,423,604,6.72491093476144,7.08707357859532,6.22007815850816,6.25,6.72375886524823,6.72571776490066,45
"52",2009,6,6.62592592592593,27,6.76666666666667,6.45,7.18,7.15555555555556,6.36111111111111,15,12,5,9,18,1054,613,441,151,432,622,6.72237526565465,7.07923327895596,6.22633453514739,6.28079470198675,6.73275462962963,6.71516644694534,46
"53",2009,7,6.38,25,6.92857142857143,5.68181818181818,6.0625,5.66666666666667,6.78125,14,11,8,9,16,1079,627,452,159,441,638,6.71444256719184,7.0758692185008,6.21308303097345,6.26981132075472,6.71099773242631,6.71682371473354,47
"54",2009,8,6.53055555555556,18,6.83333333333333,6.37916666666667,6.92,7.01666666666667,6.2875,6,12,5,6,12,1097,633,464,164,447,650,6.71142527803099,7.07357030015798,6.21737829741379,6.28963414634146,6.71510067114094,6.70889773846154,48
"55",2009,9,6.292,25,7.09090909090909,5.66428571428571,5.2,6.33333333333333,6.26875,11,14,5,9,16,1122,644,478,169,456,666,6.70207979500891,7.07386645962733,6.2011789330544,6.25739644970414,6.70756578947369,6.69832361861862,49
"56",2009,10,6.72307692307692,26,7.20625,5.95,5.83333333333333,6.5,6.80526315789474,16,10,6,7,19,1148,660,488,175,463,685,6.70255533972125,7.07707575757576,6.19603182377049,6.24285714285714,6.70442764578834,6.70128982481752,50
"57",2009,11,6.54516129032258,31,6.82692307692308,6.34166666666667,6.14285714285714,6.75,6.46136363636364,13,18,7,9,22,1179,673,506,182,472,707,6.69841690415606,7.07224368499257,6.20121250988143,6.23901098901099,6.70529661016949,6.69382394625177,51
"58",2009,12,6.65185185185185,27,7.03846153846154,6.29285714285714,5.75,6.9625,6.52105263157895,13,14,4,8,19,1206,686,520,186,480,726,6.69737440298508,7.07160349854228,6.20367986538462,6.22849462365591,6.70958333333333,6.68930238292011,52
"59",2010,1,6.24705882352941,34,6.74285714285714,5.9,6.8125,5.8125,6.38076923076923,14,20,8,8,26,1240,700,540,194,488,752,6.68502704032258,7.06502857142857,6.19243246296297,6.25257731958763,6.69487704918033,6.67863501329787,53
"60",2010,2,7.04761904761905,21,7.125,6.94444444444444,6.83333333333333,7.625,6.91176470588235,12,9,3,4,17,1261,712,549,197,492,769,6.6910654480571,7.0660393258427,6.20476052823315,6.26142131979695,6.70243902439024,6.68378872561768,54
"61",2010,3,6.72608695652174,23,6.84230769230769,6.575,7.04166666666667,7.24285714285714,6.5,13,10,6,7,16,1284,725,559,203,499,785,6.69169278037383,7.0620275862069,6.2113837745975,6.28448275862069,6.71002004008016,6.6800427133758,55
"62",2010,4,6.625,16,7.05,5.91666666666667,NA,7.25,6.41666666666667,10,6,0,4,12,1300,735,565,203,503,797,6.69087194615385,7.06186394557823,6.20825403539823,6.28448275862069,6.71431411530815,6.67607720200753,56
"63",2010,5,6.95416666666667,24,7.27272727272727,6.68461538461538,6.5,7.36363636363636,6.60769230769231,11,13,4,11,13,1324,746,578,207,514,810,6.69564466012085,7.06497319034853,6.2189680449827,6.28864734299517,6.72821011673152,6.67497966666666,57
"64",2010,6,6.40909090909091,11,6.8,6.08333333333333,7,6.1,6.66666666666667,5,6,1,5,6,1335,751,584,208,519,816,6.69328354307116,7.06320905459387,6.21757453767124,6.29206730769231,6.72215799614644,6.67491854166667,58
"65",2010,7,6.84210526315789,19,7.25,6.14285714285714,5.66666666666667,6.5,7.09090909090909,12,7,3,8,11,1354,763,591,211,527,827,6.69537188330872,7.06614678899083,6.21668956006768,6.28317535545024,6.71878557874763,6.68045166868198,59
"66",2010,8,6.65454545454545,22,6.85,6.3125,6.16666666666667,5.66666666666667,6.81052631578947,14,8,3,3,19,1376,777,599,214,530,846,6.69471913517442,7.06225225225225,6.21796916527546,6.28154205607477,6.71283018867925,6.68337296690307,60
"67",2010,9,6.50294117647059,17,7.06111111111111,5.875,NA,6.5,6.50454545454545,9,8,0,6,11,1393,786,607,214,536,857,6.69237870064609,7.06223918575064,6.2134489785832,6.28154205607477,6.71044776119403,6.68107763127188,61
"68",2010,10,6.88888888888889,18,7.625,6.3,7.5,7.3125,6.55,8,10,3,8,10,1411,794,617,217,544,867,6.69488556343019,7.06790931989924,6.21485175040519,6.29838709677419,6.71930147058824,6.67956577854671,62
"69",2010,11,6.44230769230769,26,6.95,6.125,6.14285714285714,6.5,6.41176470588235,10,16,7,9,17,1437,804,633,224,553,884,6.69031560890745,7.06644278606965,6.21258061611375,6.29352678571428,6.71573236889693,6.67441575791855,63
"70",2010,12,6.18181818181818,33,6.86842105263158,5.25,5.42857142857143,5.22727272727273,6.65909090909091,19,14,7,11,22,1470,823,647,231,564,906,6.67890036054422,7.06187120291616,6.19175197836167,6.26731601731602,6.68670212765957,6.67404363134658,64
"71",2011,1,6.21111111111111,18,6.45,5.9125,4.4,6.21666666666667,6.20833333333333,10,8,2,6,12,1488,833,655,233,570,918,6.67324161962366,7.05452581032413,6.18834126717557,6.25128755364807,6.68175438596491,6.66795591503268,65
"72",2011,2,6.8096,25,7.83090909090909,6.00714285714286,4.5,6.828,6.805,11,14,2,5,20,1513,844,669,235,575,938,6.67549473231989,7.06464454976303,6.18454937219731,6.2363829787234,6.68302608695652,6.67087796375266,66
"73",2011,3,6.64705882352941,17,6.81818181818182,6.33333333333333,6.625,6.33333333333333,6.81818181818182,11,6,4,6,11,1530,855,675,239,581,949,6.67517877777778,7.06147368421053,6.1858718962963,6.2428870292887,6.6794148020654,6.67258538461538,67
"74",2011,4,6.59615384615385,13,6.77777777777778,6.1875,NA,6.5,6.61363636363636,9,4,0,2,11,1543,864,679,239,583,960,6.67451298120544,7.05851851851852,6.18588148748159,6.2428870292887,6.67879931389365,6.67190992708333,68
"75",2011,5,6.58,25,7.16666666666667,6.03846153846154,5.66666666666667,6.64285714285714,6.55555555555556,12,13,3,7,18,1568,876,692,242,590,978,6.67300607780612,7.06,6.18311203757226,6.23574380165289,6.67837288135593,6.66976843558282,69
"76",2011,6,6.69230769230769,13,7,6.2,6,6.83333333333333,6.65,8,5,2,3,10,1581,884,697,244,593,988,6.67316478810879,7.05945701357466,6.18323318507891,6.23381147540984,6.6791568296796,6.66956835020243,70
"77",2011,7,6.65277777777778,18,7.175,6,6.25,5.75,7.10416666666667,10,8,4,6,12,1599,894,705,248,599,1000,6.67293529080675,7.06074944071588,6.18115394326241,6.23407258064516,6.66984974958264,6.67478353,71
"78",2011,8,6.934375,16,7.6875,6.18125,6.29,7.21666666666667,6.57142857142857,8,8,5,9,7,1615,902,713,253,608,1007,6.67552540557276,7.06630820399113,6.18115502103787,6.23517786561265,6.67794407894737,6.67406507447865,72
"79",2011,9,6.2375,8,6.83333333333333,5.88,6.33333333333333,6.5,6.15,3,5,3,2,6,1623,905,718,256,610,1013,6.67336631546519,7.06553591160221,6.17905784122563,6.236328125,6.67736065573771,6.67096103652517,73
"80",2011,10,6.19210526315789,19,6.45,5.90555555555556,5.66666666666667,5.9125,6.26666666666667,10,9,6,4,15,1642,915,727,262,614,1028,6.66779752131547,7.0588087431694,6.17567198074278,6.22328244274809,6.67237785016287,6.66506179961089,74
"81",2011,11,6.70833333333333,12,7.41666666666667,6,6.66666666666667,7.5,6.55,6,6,3,2,10,1654,921,733,265,616,1038,6.66809161426844,7.06114006514658,6.17423401091405,6.22830188679245,6.67506493506494,6.6639533044316,75
"82",2011,12,6.77631578947368,19,7.1,6.41666666666667,6.41666666666667,7.46875,6.27272727272727,10,9,6,8,11,1673,931,742,271,624,1049,6.6693206993425,7.0615574650913,6.17717456873315,6.23247232472325,6.68524038461539,6.65985083889418,76
"83",2012,1,6.35,27,6.96944444444444,5.11111111111111,5.33333333333333,6.38888888888889,6.33055555555556,18,9,3,9,18,1700,949,751,274,633,1067,6.66424913529412,7.05981032665964,6.16439884154461,6.22262773722628,6.68102685624013,6.65429571696345,77
"84",2012,2,6.75,14,7.75,6,5.8,5.75,7.15,6,8,5,4,10,1714,955,759,279,637,1077,6.66494955075846,7.06414659685864,6.16266604743083,6.21505376344086,6.67518053375196,6.65889835654596,78
"85",2012,3,6.16666666666667,12,6.75,5.875,5.71428571428571,6,6.18181818181818,4,8,7,1,11,1726,959,767,286,638,1088,6.6614852433372,7.06283628779979,6.15966561929596,6.2027972027972,6.67412225705329,6.65407493566176,79
"86",2012,4,6.58,15,7.14444444444444,5.73333333333333,6.75,6.375,6.65454545454545,9,6,2,4,11,1741,968,773,288,642,1099,6.66078318782309,7.06359504132231,6.15635644243208,6.20659722222222,6.67225856697819,6.65407964513194,80
"87",2012,5,6.98214285714286,14,7.17857142857143,6.78571428571429,6.625,6.89285714285714,7.07142857142857,7,7,4,7,7,1755,975,780,292,649,1106,6.66334674074074,7.06442051282051,6.16200452564103,6.21232876712329,6.67463790446841,6.65672109403255,81
"88",2012,6,6.9375,8,7.3,6.33333333333333,NA,7.25,6.83333333333333,5,3,0,2,6,1763,980,783,292,651,1112,6.66459077141237,7.06562244897959,6.16266095785441,6.21232876712329,6.67640552995392,6.65767403776978,82
"89",2012,7,6.725,12,7.16666666666667,6.28333333333333,6,7.25,6.62,6,6,1,2,10,1775,986,789,293,653,1122,6.66499917183099,7.06623732251521,6.16357861850444,6.21160409556314,6.67816232771822,6.65733826203208,83
"90",2012,8,6.34375,8,7.2,4.91666666666667,3,6,6.55,5,3,1,3,5,1783,991,792,294,656,1127,6.66355778463264,7.066912209889,6.15885546717172,6.20068027210884,6.67506097560976,6.65686204968944,84
"91",2012,9,7,9,7.08333333333333,6.83333333333333,7,7.375,6.7,6,3,1,4,5,1792,997,795,295,660,1132,6.66524750558036,7.0670110330993,6.16140066666667,6.20338983050847,6.67930303030303,6.65705258833922,85
"92",2012,10,6.85454545454545,22,7.23333333333333,6.4,6.66666666666667,7.1,6.32857142857143,12,10,6,15,7,1814,1009,805,301,675,1139,6.66754329106946,7.06898909811695,6.16436463354037,6.21262458471761,6.68865185185185,6.65503382791923,86
"93",2012,11,6.57894736842105,19,6.95,6.16666666666667,6,6.9,6.46428571428571,10,9,3,5,14,1833,1019,814,304,680,1153,6.6666249481724,7.06782139352306,6.16439008599509,6.21052631578947,6.69020588235294,6.65271771899393,87
"94",2012,12,6.645,20,6.87142857142857,6.11666666666667,6.5,6.64285714285714,6.64615384615385,14,6,2,7,13,1853,1033,820,306,687,1166,6.66639154344306,7.06515972894482,6.1640408902439,6.21241830065359,6.68972343522562,6.65264453687821,88
"95",2013,1,6.7421052631579,19,7.34166666666667,5.71428571428571,5.5,7.15,6.63333333333333,12,7,2,4,15,1872,1045,827,308,691,1181,6.66716000534188,7.06833492822967,6.16023401451028,6.20779220779221,6.69238784370478,6.65239926333615,89
"96",2013,2,6.69333333333333,15,7.08125,6.25,6.75,6.32142857142857,7.01875,8,7,3,7,8,1887,1053,834,311,698,1189,6.66736806041335,7.06843304843305,6.16098744604317,6.21302250803858,6.6886676217765,6.65486419680404,90
"97",2013,3,7.1625,16,7.66666666666667,6.86,6.65714285714286,7.5,7.08461538461538,6,10,7,3,13,1903,1059,844,318,701,1202,6.67153101944298,7.07182247403211,6.16926958530806,6.22279874213836,6.69213980028531,6.65951208818635,91
"98",2013,4,7.45833333333333,12,7.92857142857143,6.8,5.5,6.75,7.8125,7,5,2,4,8,1915,1066,849,320,705,1210,6.67646137336815,7.07744840525328,6.17298413427562,6.21828125,6.69246808510638,6.66713514876033,92
"99",2013,5,6.7875,16,7.325,6.25,7,7.1,6.6,8,8,1,6,10,1931,1074,857,321,711,1220,6.67738142413257,7.07929236499069,6.17370306884481,6.22071651090343,6.69590717299578,6.66658486065574,93
"100",2013,6,6.04,5,7.1,5.33333333333333,7,NA,6.04,2,3,1,0,5,1936,1076,860,322,711,1225,6.67573529442149,7.07933085501859,6.17077154651163,6.22313664596273,6.69590717299578,6.66402737142857,94
"101",2013,7,6.725,12,7.07142857142857,6.24,6,6.16666666666667,6.91111111111111,7,5,1,3,9,1948,1083,865,323,714,1234,6.67603877310062,7.07927977839335,6.17117171098266,6.22244582043344,6.69368347338936,6.66582944084279,95
"102",2013,8,6.54642857142857,14,7,5.94166666666667,6.725,6.78,6.41666666666667,8,6,4,5,9,1962,1091,871,327,719,1243,6.67511392966361,7.07869844179652,6.1695907347876,6.22859327217125,6.69428372739917,6.66402536604988,96
"103",2013,9,5.77272727272727,11,6.125,5.57142857142857,6.25,5.66666666666667,5.8125,4,7,4,3,8,1973,1095,878,331,722,1251,6.6700828839331,7.07521461187215,6.1648217881549,6.22885196374622,6.69001385041551,6.65857996003197,97
"104",2013,10,6.1,15,6.94444444444444,4.83333333333333,4.8,6.375,6,9,6,5,4,11,1988,1104,884,336,726,1262,6.66578145372233,7.07414855072464,6.15578453619909,6.20758928571429,6.6882782369146,6.65283956418383,98
"105",2013,11,6.58333333333333,18,6.875,6.35,6.5,7,6.55882352941176,8,10,4,1,17,2006,1112,894,340,727,1279,6.66504164007976,7.07271582733813,6.15795696868009,6.21102941176471,6.68870701513067,6.65158993745113,99
"106",2013,12,6.76,15,7.16666666666667,6.15,6.18,7,6.4,9,6,5,9,6,2021,1121,900,345,736,1285,6.66574642751113,7.07347011596789,6.15790392222222,6.21057971014493,6.69251358695652,6.65041519844358,100
"107",2014,1,6.83823529411765,17,6.90384615384615,6.625,7,7.04166666666667,6.72727272727273,13,4,1,6,11,2038,1134,904,346,742,1296,6.66718524533857,7.07152557319224,6.15997071902655,6.2128612716763,6.69533692722372,6.65106753858025,101
"108",2014,2,6.97058823529412,17,7.13636363636364,6.66666666666667,6.33333333333333,7.22222222222222,6.6875,11,6,3,9,8,2055,1145,910,349,751,1304,6.66969514841849,7.07214847161572,6.16331157142857,6.21389684813754,6.70165113182424,6.6512910506135,102
"109",2014,3,7.07727272727273,11,7.15714285714286,6.9375,7,7.5,6.98333333333333,7,4,1,2,9,2066,1152,914,350,753,1313,6.67186521297193,7.07266493055556,6.16669970459519,6.21614285714286,6.70377158034529,6.65356704493526,103
"110",2014,4,6.6,10,6.83333333333333,6.25,6,7.5,6.375,6,4,1,2,8,2076,1158,918,351,755,1321,6.67151904142582,7.07142487046632,6.16706266884532,6.21552706552707,6.70588079470199,6.65188003785011,104
"111",2014,5,7.54444444444444,9,7.71428571428571,6.95,6.95,NA,7.54444444444444,7,2,2,0,9,2085,1165,920,353,755,1330,6.6752870647482,7.07528755364807,6.16876470652174,6.21968838526912,6.70588079470199,6.65791994736842,105
"112",2014,6,6.69,10,6.98,6.4,6,6.5,6.7375,5,5,3,2,8,2095,1170,925,356,757,1338,6.67535729355609,7.07488034188034,6.17001462702703,6.21783707865169,6.70533685601057,6.65839576233184,106
"113",2014,7,6.85714285714286,7,7.5,6.6,5.5,6,7,2,5,2,1,6,2102,1172,930,358,758,1344,6.67596266888677,7.07560580204778,6.17232637634409,6.21382681564246,6.70440633245383,6.65992078125,107
"114",2014,8,7.46666666666667,9,7.83333333333333,6.73333333333333,NA,6.73333333333333,7.83333333333333,6,3,0,3,6,2111,1178,933,358,761,1350,6.67933374230223,7.07946519524618,6.17413025723473,6.21382681564246,6.70452036793693,6.66513594814815,108
"115",2014,9,6.29166666666667,12,6.5,6.25,5.875,6,6.5,2,10,4,5,7,2123,1180,943,362,766,1357,6.67714250117758,7.07848305084746,6.17493481442206,6.21008287292818,6.69992167101828,6.66428410464259,109
"116",2014,10,6.72285714285714,14,7.18666666666667,6.375,6.5,6.824,6.66666666666667,6,8,4,5,9,2137,1186,951,366,771,1366,6.6774419887693,7.07903035413153,6.17661780231335,6.21325136612022,6.70072632944228,6.66429980234261,110
"117",2014,11,6.52307692307692,13,7.43333333333333,5.74285714285714,6,7.05,6.42727272727273,6,7,1,2,11,2150,1192,958,367,773,1377,6.67650861860465,7.08081375838926,6.1734483611691,6.21267029972752,6.70163001293661,6.66240633986928,111
"118",2014,12,6.83272727272727,11,7.23714285714286,6.125,7,7.12,6.725,7,4,2,3,8,2161,1199,962,369,776,1385,6.67730380842203,7.08172643869892,6.17324691268191,6.21693766937669,6.70324742268041,6.66276789169675,112
"119",2015,1,6.93846153846154,13,7.03333333333333,6.85714285714286,8,7.75,6.79090909090909,6,7,3,2,11,2174,1205,969,372,778,1396,6.67886546918123,7.08148547717842,6.1781873374613,6.23131720430108,6.7059383033419,6.66377760028653,113
"120",2015,2,6.89923076923077,13,8,5.615,5.938,9,6.72416666666667,7,6,5,1,12,2187,1212,975,377,779,1408,6.68017536808413,7.0867904290429,6.17472156923077,6.22742705570292,6.70888318356868,6.66429227982954,114
"121",2015,3,7.75,6,8.25,6.75,NA,7,7.9,4,2,0,1,5,2193,1216,977,377,780,1413,6.68310238486092,7.09061677631579,6.17589921187308,6.22742705570292,6.70925641025641,6.66866491861288,115
"122",2015,4,6.5,10,7.16666666666667,5.5,5.5,6.6,6.4,6,4,4,5,5,2203,1222,981,381,785,1418,6.68227123467998,7.09099018003273,6.17314325178389,6.21979002624672,6.70856050955414,6.66771758110014,116
"123",2015,5,6.42857142857143,7,7,6,6.5,7,6.33333333333333,3,4,2,1,6,2210,1225,985,383,786,1424,6.68146766063349,7.09076734693878,6.17244013197969,6.22125326370757,6.70893129770992,6.66630865870787,117
"124",2015,6,6.25,8,8,4.5,5.5,7,6,4,4,2,2,6,2218,1229,989,385,788,1430,6.67991142019838,7.09372660699756,6.16567596562184,6.21750649350649,6.70967005076142,6.66351295804196,118
"125",2015,7,7.0625,4,7.5,6.625,NA,6.75,8,2,2,0,3,1,2222,1231,991,385,791,1431,6.68060014851485,7.09438667749797,6.16660295660948,6.21750649350649,6.70982300884956,6.66444691125087,119
"126",2015,8,6.52727272727273,11,7.13333333333333,5.8,5.75,6.125,6.75714285714286,6,5,4,4,7,2233,1237,996,389,795,1438,6.67984484102105,7.09457558609539,6.16476258032128,6.21269922879177,6.70688050314465,6.66489814325452,120
"127",2015,9,6.81,10,7.4,6.41666666666667,7,NA,6.81,4,6,2,0,10,2243,1241,1002,391,795,1448,6.68042511368703,7.09556003223207,6.16627098802395,6.216726342711,6.70688050314465,6.66590022790055,121
"128",2015,10,6.52857142857143,7,6.7,5.5,5.5,NA,6.52857142857143,6,1,1,0,7,2250,1247,1003,392,795,1455,6.67995268,7.09365677626303,6.16560670987039,6.21489795918367,6.70688050314465,6.6652395395189,122
"129",2015,11,7.25,6,7.83333333333333,6.66666666666667,NA,7,7.3,3,3,0,1,5,2256,1250,1006,392,796,1460,6.68146876329787,7.095432,6.16710092445328,6.21489795918367,6.70724874371859,6.66741337671233,123
"130",2015,12,7,13,7.3125,6.5,6.5,7,7,8,5,1,1,12,2269,1258,1011,393,797,1472,6.68329375495813,7.09681240063593,6.16874730959446,6.21562340966921,6.70761606022585,6.67012468070652,124
"131",2016,1,6.45,14,6.97142857142857,5.92857142857143,6.5,6.5,6.44615384615385,7,7,2,1,13,2283,1265,1018,395,798,1485,6.68186313184407,7.0961185770751,6.16709580550098,6.21706329113924,6.70735588972431,6.66816399326599,125
"132",2016,2,6.38461538461539,13,7.5,5.42857142857143,5.33333333333333,6.5,6.33333333333333,6,7,3,4,9,2296,1271,1025,398,802,1494,6.68018010888502,7.09802517702596,6.16205222439024,6.21040201005025,6.7063216957606,6.66614694109772,126
"133",2016,3,6.64166666666667,12,7,6.38571428571429,5.875,7.5,6.47,5,7,4,2,10,2308,1276,1032,402,804,1504,6.67997986568458,7.09764106583072,6.1635693120155,6.20706467661692,6.7082960199005,6.66484277260638,127
"134",2016,4,7.03125,8,7.17857142857143,6,6,9,6.75,7,1,1,1,7,2316,1283,1033,403,805,1511,6.68119323402418,7.09808261886204,6.16341096805421,6.20655086848635,6.71114285714286,6.66523727994706,128
"135",2016,5,6.73333333333333,9,7.15714285714286,5.25,NA,6.7,6.75,7,2,0,3,6,2325,1290,1035,403,808,1517,6.68139506666667,7.09840310077519,6.16164592270531,6.20655086848635,6.71110148514852,6.6655725313118,129
"136",2016,6,7.35454545454545,11,7.4875,7,7,8.9,7.2,8,3,1,1,10,2336,1298,1038,404,809,1527,6.68456486729452,7.10080123266564,6.16406891136801,6.20851485148515,6.71380716934487,6.669072383759,130
"137",2016,7,6.70833333333333,12,6.85,6,9,6.2,7.07142857142857,10,2,1,5,7,2348,1308,1040,405,814,1534,6.68468634156729,7.09888379204893,6.16375339423077,6.21540740740741,6.71065110565111,6.67090842894394,131
"138",2016,8,6.6375,8,6.51666666666667,7,7,7,6.58571428571429,6,2,2,1,7,2356,1314,1042,407,815,1541,6.68452611629881,7.09622526636225,6.16535847408829,6.2192628992629,6.71100613496933,6.67052143413368,132
"139",2016,9,6.9,10,7.16666666666667,6.5,6.5,8.5,6.5,6,4,2,2,8,2366,1320,1046,409,817,1549,6.68543682586644,7.09654545454545,6.16663817399617,6.22063569682152,6.71538555691555,6.66964075532602,133
"140",2016,10,7.43333333333333,15,7.75,6.8,6.5,7.6875,7.14285714285714,10,5,4,8,7,2381,1330,1051,413,825,1556,6.69014847963041,7.10145864661654,6.1696513130352,6.22334140435835,6.72481212121212,6.67176962082262,134
"141",2016,11,7.12230769230769,13,7.76125,6.1,6.83333333333333,8.16666666666667,6.809,8,5,3,3,10,2394,1338,1056,416,828,1566,6.69249520885547,7.10540358744395,6.16932152462121,6.22774038461539,6.73003623188406,6.67264593231162,135
"142",2016,12,5.83333333333333,12,7.25,5.125,5,6,5.81818181818182,4,8,4,1,11,2406,1342,1064,420,829,1577,6.68821011221945,7.1058345752608,6.1614694830827,6.21604761904762,6.72915560916767,6.6666858148383,136
"143",2017,1,6.90277777777778,18,7.43181818181818,6.07142857142857,8,7.5,6.67307692307692,11,7,3,5,13,2424,1353,1071,423,834,1590,6.68980343646865,7.10848484848485,6.16088098039216,6.22869976359338,6.73377697841727,6.66673806918239,137
"144",2017,2,7,12,6.90909090909091,8,NA,8.5,6.86363636363636,11,1,0,1,11,2436,1364,1072,423,835,1601,6.69133149835797,7.10687683284458,6.16259657649254,6.22869976359338,6.73589221556886,6.66809089943785,138
"145",2017,3,6.5,12,7.33333333333333,5.66666666666667,5.125,4.5,6.9,6,6,4,2,10,2448,1370,1078,427,837,1611,6.69039359885621,7.10786861313869,6.1598362987013,6.21836065573771,6.73054958183991,6.66953043451273,139
"146",2017,4,6.3,10,6.33333333333333,6.28571428571429,7,7,6.22222222222222,3,7,2,1,9,2458,1373,1085,429,838,1620,6.68880534174125,7.10617625637291,6.16064841474654,6.22200466200466,6.73087112171838,6.66704538888889,140
"147",2017,5,7.13076923076923,13,7.67142857142857,6.5,6.25,6,7.33636363636364,7,6,2,2,11,2471,1380,1091,431,840,1631,6.69113052610279,7.10904347826087,6.16251469294225,6.22213457076566,6.72913095238095,6.67155949110975,141
"148",2017,6,6.36363636363636,11,6.5,6.28571428571429,5,5.33333333333333,6.75,4,7,1,3,8,2482,1384,1098,432,843,1639,6.68967910153103,7.10728323699422,6.16330011839708,6.21930555555556,6.72416370106762,6.67194236119585,142
"149",2017,7,7,12,7.25,6.5,7,7.33333333333333,6.88888888888889,8,4,1,3,9,2494,1392,1102,433,846,1648,6.69117222534082,7.10810344827586,6.16452225952813,6.22110854503464,6.72632387706856,6.67312714199029,143
"150",2017,8,7.05,5,7.3125,6,NA,NA,7.05,4,1,0,0,5,2499,1396,1103,433,846,1653,6.69189016806723,7.10868911174785,6.16437310063463,6.22110854503464,6.72632387706856,6.67426710828796,144
"151",2017,9,6.775,8,6.73333333333333,6.8,6.5,6.85,6.75,3,5,2,2,6,2507,1399,1108,435,848,1659,6.69215537694456,7.10788420300215,6.16724145306859,6.2223908045977,6.72661556603774,6.6745410066305,145
"152",2017,10,6.335,12,6.41666666666667,6.25333333333333,7.26,NA,6.335,6,6,2,0,12,2519,1405,1114,437,848,1671,6.69045396188964,7.10493238434164,6.16770514362657,6.22713958810069,6.72661556603774,6.67210265110712,146
"153",2017,11,7.80357142857143,14,8.18181818181818,6.41666666666667,NA,9.25,7.225,11,3,0,4,10,2533,1416,1117,437,852,1681,6.69660621002764,7.11329802259887,6.16837379588183,6.22713958810069,6.73846244131455,6.67539174895895,147
"154",2017,12,6.86363636363636,11,7.28571428571429,6.125,6.25,6.91666666666667,6.8,7,4,2,6,5,2544,1423,1121,439,858,1686,6.69732843160378,7.11414617006325,6.16821902765388,6.2272437357631,6.73970862470862,6.67576128706999,148
"155",2018,1,6.69230769230769,13,6.75,6.6,7,6.83333333333333,6.65,8,5,1,3,10,2557,1431,1126,440,861,1696,6.69730290574893,7.11211041229909,6.17013634991119,6.229,6.74003484320558,6.67560939268868,149
"156",2018,2,7,6,7.375,6.25,6.5,6.5,7.1,4,2,1,1,5,2563,1435,1128,441,862,1701,6.69801152165431,7.11284320557491,6.17027795212766,6.22961451247166,6.73975638051044,6.67685686654909,150
"157",2018,3,7.01111111111111,9,7.72,6.125,6.75,NA,7.01111111111111,5,4,2,0,9,2572,1440,1132,443,862,1710,6.69910712674961,7.11495138888889,6.17011795936396,6.23196388261851,6.73975638051044,6.67861609941521,151
"158",2018,4,6.34,5,7.5,5.56666666666667,6,7,6.175,2,3,1,1,4,2577,1442,1135,444,863,1714,6.69841037252619,7.11548543689321,6.1685229339207,6.23144144144144,6.74005793742758,6.67744079929988,152
"159",2018,5,6.53333333333333,9,6.95,6.2,6.5,6.825,6.3,4,5,2,4,5,2586,1446,1140,446,867,1719,6.69783585846868,7.11502766251729,6.16866099122807,6.23264573991031,6.74044982698962,6.67634294938918,153
"160",2018,6,7.64285714285714,7,8.125,7,7,8.25,7.4,4,3,1,2,5,2593,1450,1143,447,869,1724,6.7003870150405,7.11781379310345,6.17084298337708,6.23436241610738,6.74392405063291,6.67844172273782,154
"161",2018,7,6.3,8,7.13333333333333,5.8,5.33333333333333,8,6.05714285714286,3,5,3,1,7,2601,1453,1148,450,870,1731,6.69915552864283,7.11784583620096,6.16922781358885,6.22835555555556,6.74536781609195,6.67592924898902,155
"162",2018,8,7,10,8.3,5.7,6,9,6.77777777777778,5,5,1,1,9,2611,1458,1153,451,871,1740,6.70030774798928,7.12189986282579,6.1671930008673,6.22784922394679,6.74795637198622,6.67645605172414,156
"163",2018,9,7.33333333333333,6,7.6,6,6,NA,7.33333333333333,5,1,1,0,6,2617,1463,1154,452,871,1746,6.70175908674054,7.12353383458647,6.16704811958405,6.22734513274336,6.74795637198622,6.67871336197022,157
"164",2018,10,7.41818181818182,11,7.78571428571429,6.775,6.5,8.03333333333333,7.1875,7,4,2,3,8,2628,1470,1158,454,874,1754,6.70475781202435,7.12668707482993,6.16914812607945,6.22854625550661,6.75236842105263,6.68103393956671,158
"165",2018,11,6.77272727272727,11,7,6.72222222222222,6.7,NA,6.77272727272727,2,9,5,0,11,2639,1472,1167,459,874,1765,6.7050411254263,7.12651494565217,6.173413479006,6.23368191721133,6.75236842105263,6.68160539943343,159
"166",2018,12,6.8375,8,7.73333333333333,6.3,5.5,7.7,6.71428571428571,3,5,1,1,7,2647,1475,1172,460,875,1772,6.70544145447677,7.12774915254237,6.17395352389079,6.23208695652174,6.75345142857143,6.68173449774267,160
"167",2019,1,6.4,5,6.4,NA,NA,NA,6.4,5,0,0,0,5,2652,1480,1172,460,875,1777,6.70486558446456,7.12529054054054,6.17395352389079,6.23208695652174,6.75345142857143,6.68094177265054,161
"168",2019,2,6.85454545454545,11,6.98571428571429,6.625,5.33333333333333,8.2,6.55555555555556,7,4,3,2,9,2663,1487,1176,463,877,1786,6.70548386406309,7.12463349024882,6.17548769557823,6.22626349892009,6.75675028506271,6.68030992721165,162
"169",2019,3,6.929875,8,7.60975,6.25,6.66666666666667,6.66666666666667,7.0878,4,4,3,3,5,2671,1491,1180,466,880,1791,6.70615594533883,7.12593494299128,6.17574027966102,6.22909871244635,6.75644318181818,6.68144753210497,163
"170",2019,4,7.01,10,8,6.58571428571429,6.33333333333333,7.33333333333333,6.87142857142857,3,7,3,3,7,2681,1494,1187,469,883,1798,6.7072892689295,7.12769009370817,6.17815798652064,6.22976545842218,6.75840317100793,6.68218716907675,164
"171",2019,5,6.81428571428571,7,7.125,6.4,NA,7.1,6.7,4,3,0,2,5,2688,1498,1190,469,885,1803,6.70756790550595,7.1276829105474,6.17871725210084,6.22976545842218,6.75917514124294,6.68223656683306,165
"172",2019,6,7.58333333333333,12,7.78571428571429,7.3,7.375,8,7.375,7,5,4,4,8,2700,1505,1195,473,889,1811,6.7114601962963,7.13074352159469,6.18340881171548,6.23945031712474,6.7647581552306,6.68529681391497,166
"173",2019,7,6.675,6,6.5625,6.9,NA,7,6.61,4,2,0,1,5,2706,1509,1197,473,890,1816,6.71137935328899,7.12923724320742,6.18460612364244,6.23945031712474,6.76502247191011,6.68508949889868,167
"174",2019,8,6.8125,8,7.1,6.33333333333333,7,6,7.08333333333333,5,3,2,2,6,2714,1514,1200,475,892,1822,6.71167742446573,7.12914068692206,6.18497794166667,6.24265263157895,6.76330717488789,6.68640094950604,168
"175",2019,9,7.98666666666667,6,8.084,7.5,NA,8,7.984,5,1,0,1,5,2720,1519,1201,475,893,1827,6.71448990073529,7.13228373930217,6.18607288093256,6.24265263157895,6.76469204927212,6.68995212370006,169
"176",2019,10,6.94375,8,7.35,6.26666666666667,6,6,7.25833333333333,5,3,1,2,6,2728,1524,1204,476,895,1833,6.71516221774194,7.13299803149606,6.18627369601329,6.24214285714286,6.76298324022346,6.69181261865794,170
"177",2019,11,7.45,10,7.78571428571429,6.66666666666667,6.66666666666667,7.66666666666667,7.35714285714286,7,3,3,3,7,2738,1531,1207,479,898,1840,6.71784606647188,7.13598236446767,6.18746771333886,6.24480167014614,6.76600222717149,6.69434376630435,171
"178",2019,12,7.53571428571429,14,7.8125,7.16666666666667,6,6.75,7.85,8,6,1,4,10,2752,1539,1213,480,902,1850,6.72200673328488,7.13949902534113,6.19231123660346,6.24429166666667,6.76593126385809,6.70059055675676,172
"179",2020,1,6.6,5,8,4.5,4.5,8.5,5.33333333333333,3,2,2,2,3,2757,1542,1215,482,904,1853,6.72178546608633,7.14117315175097,6.18952553909465,6.23705394190871,6.76976769911504,6.69837697247706,173
"180",2020,2,6.575,8,6.33333333333333,6.72,6.5,NA,6.575,3,5,2,0,8,2765,1545,1220,484,904,1861,6.72136077034358,7.13960453074434,6.1916996147541,6.23814049586777,6.76976769911504,6.69784660397636,174
"181",2020,3,6.77272727272727,11,6.9375,6.33333333333333,5.5,6,6.85,8,3,2,1,10,2776,1553,1223,486,905,1871,6.72156431195965,7.13856342562782,6.19204704006541,6.23510288065844,6.76891712707182,6.69865982362373,175
"182",2020,4,7.21428571428571,7,7.21428571428571,NA,NA,8,6.625,7,0,0,3,4,2783,1560,1223,486,908,1875,6.72280363995688,7.13890320512821,6.19204704006541,6.23510288065844,6.7729845814978,6.69850268266667,176
"183",2020,5,6.92,5,7.2,6.5,6.5,8.3,6,3,2,2,2,3,2788,1563,1225,488,910,1878,6.72315729196557,7.1390204734485,6.19254982040816,6.23618852459016,6.77634065934066,6.69738686368477,177
"184",2020,6,7.975,8,8.13333333333333,7.5,6,8,7.96,6,2,1,3,5,2796,1569,1227,489,913,1883,6.72673910228898,7.14282281708094,6.19468095354523,6.23570552147239,6.78036144578313,6.70073952734997,178
"185",2020,7,6.8,14,6.91111111111111,6.6,6,6.61666666666667,6.9375,9,5,3,6,8,2810,1578,1232,492,919,1891,6.72710410320285,7.14150126742712,6.19632591720779,6.23426829268293,6.77929270946681,6.7017411581174,179
"186",2020,8,7.04615384615385,13,7.5,6.51666666666667,6.5,7.83333333333333,6.81,7,6,2,3,10,2823,1585,1238,494,922,1901,6.72857333687566,7.14308454258675,6.19787845718902,6.23534412955466,6.78272234273319,6.70231064176749,180
"187",2020,9,6.6,5,6.75,6,NA,7,6.5,4,1,0,1,4,2828,1589,1239,494,923,1905,6.72834601485148,7.1420950283197,6.19771874899112,6.23534412955466,6.78295774647887,6.70188584251969,181
"188",2020,10,7,10,7.2,6.8,NA,7,7,5,5,0,2,8,2838,1594,1244,494,925,1913,6.72930321705426,7.14227666248432,6.20013949356913,6.23534412955466,6.78342702702703,6.7031325300575,182
"189",2020,11,7.16666666666667,9,8.25,6.3,6,7,7.1875,4,5,1,1,8,2847,1598,1249,495,926,1921,6.73068582016157,7.145049436796,6.20053925540432,6.23486868686869,6.78366090712743,6.70514967725143,183
"190",2020,12,7.13636363636364,11,7.5,6.83333333333333,6,7,7.15,5,6,1,1,10,2858,1603,1255,496,927,1931,6.7322472113366,7.14615658140986,6.20356456573705,6.23439516129032,6.78389428263215,6.70745340756085,184
"191",2021,1,6.68823529411765,17,7.34545454545455,5.48333333333333,6,6.4,6.80833333333333,11,6,2,5,12,2875,1614,1261,498,932,1943,6.73198696695652,7.14751486988848,6.20013761300555,6.23345381526104,6.7818347639485,6.70807644364385,185
"192",2021,2,6.46363636363636,11,7,5.525,NA,6.5,6.45555555555556,7,4,0,2,9,2886,1621,1265,498,934,1952,6.73096414760915,7.14687785317705,6.19800279051383,6.23345381526104,6.7812312633833,6.7069121567623,186
"193",2021,3,6.97058823529412,17,7.55,6.14285714285714,6,6,7.17857142857143,10,7,1,3,14,2903,1631,1272,499,937,1966,6.73236738890802,7.14934947884733,6.19769931603774,6.23298597194389,6.77872998932764,6.71027086978637,187
"194",2021,4,5.625,8,7,5.42857142857143,6,4,5.85714285714286,1,7,1,1,7,2911,1632,1279,500,938,1973,6.72932412572999,7.14925796568628,6.19348985926505,6.23252,6.77576759061834,6.7072440598074,188
"195",2021,5,7.25,8,7.25,7.25,7,9,7,4,4,1,1,7,2919,1636,1283,501,939,1980,6.73075112367249,7.14950427872861,6.19678373343726,6.23405189620759,6.77813631522897,6.70827905555556,189
"196",2021,6,7,4,7.33333333333333,6,NA,5.5,8.5,3,1,0,2,2,2923,1639,1284,501,941,1982,6.73111957919945,7.14984075655888,6.19663047507788,6.23405189620759,6.77541976620616,6.71008704843592,190
"197",2021,7,6.87727272727273,11,6.85,7,7,7.88333333333333,6.5,9,2,1,3,8,2934,1648,1286,502,944,1990,6.73166752897069,7.14820327669903,6.19787988335925,6.23557768924303,6.7789406779661,6.70924247738694,191
"198",2021,8,6.87,10,7.54,6.2,NA,6.675,7,5,5,0,4,6,2944,1653,1291,502,948,1996,6.73213740828804,7.14938838475499,6.19788809450039,6.23557768924303,6.77850210970464,6.71011649799599,192
"199",2021,9,7.06,5,7.16666666666667,6.9,6.9,6.8,7.125,3,2,2,1,4,2949,1656,1293,504,949,2000,6.73269329603255,7.14941968599034,6.19897411446249,6.23821428571429,6.77852476290832,6.710946265,193
"200",2021,10,6.1875,8,5.83333333333333,6.4,6,6.5,6,3,5,3,3,5,2957,1659,1298,507,952,2005,6.73121830571525,7.14703978300181,6.19974848228043,6.23680473372781,6.77764705882353,6.70917333167082,194
"201",2021,11,8,3,9,6,NA,NA,8,2,1,0,0,3,2960,1661,1299,507,952,2008,6.73250423310811,7.14927092113185,6.1995947113164,6.23680473372781,6.77764705882353,6.71110185756972,195
"202",2021,12,7.15380928571429,14,8.23166625,5.71666666666667,5.075,4.76666666666667,7.80484818181818,8,6,4,3,11,2974,1669,1305,511,955,2019,6.73448751176866,7.15445915518275,6.19737435249042,6.22771037181996,6.77132984293194,6.71706085190689,196
"203",2022,1,5.94444444444444,9,6.83333333333333,5.5,5.5,5,6.0625,3,6,2,1,8,2983,1672,1311,513,956,2027,6.73210387529333,7.15388297248804,6.1941827078566,6.22487329434698,6.7694769874477,6.71447748396645,197
"204",2022,2,7.50769230769231,13,7.41818181818182,8,NA,8,7.41818181818182,11,2,0,2,11,2996,1683,1313,513,958,2038,6.73546924566088,7.15561041592395,6.19693338156893,6.22487329434698,6.77204592901879,6.71827569185476,198
"205",2022,3,6.98153846153846,13,7.48333333333333,6.55142857142857,6.715,7.3075,6.83666666666667,6,7,2,4,9,3009,1689,1320,515,962,2047,6.73653235626454,7.15677461811723,6.19881328030303,6.22677669902913,6.77427234927235,6.71879621885687,199
"206",2022,4,6.5,10,6.3,6.7,NA,5,6.66666666666667,5,5,0,1,9,3019,1694,1325,515,963,2056,6.73574887711162,7.15424576741441,6.20070455094339,6.22677669902913,6.77242990654206,6.71856802529183,200
"207",2022,5,6.68,15,7.15454545454545,5.375,NA,5.75,6.82307692307692,11,4,0,2,13,3034,1705,1329,515,965,2069,6.73547325642716,7.15424770087977,6.19821936042137,6.22677669902913,6.77031088082902,6.71922467858869,201
"208",2022,6,7.3,7,7.43333333333333,6.5,NA,NA,7.3,6,1,0,0,7,3041,1711,1330,515,965,2076,6.73677272607695,7.15522637638808,6.19844626315789,6.22677669902913,6.77031088082902,6.72118297687862,202
"209",2022,7,7.17,10,7.74,6.6,NA,6.9,7.28571428571429,5,5,0,3,7,3051,1716,1335,515,968,2083,6.73819267781055,7.15693026223776,6.19995020973783,6.22677669902913,6.77071280991736,6.7230801056169,203
"210",2022,8,7.225,12,7.2,7.24285714285714,NA,8.5,6.97,5,7,0,2,10,3063,1721,1342,515,970,2093,6.74009985634998,7.15705539221383,6.20539011177347,6.22677669902913,6.77427835051546,6.72425984710941,204
"211",2022,9,7.01111111111111,9,6.9,7.1,6.83333333333333,7.4,6.81666666666667,4,5,3,3,6,3072,1725,1347,518,973,2099,6.74089383463541,7.15645932173913,6.20871086117298,6.23028957528958,6.7762076053443,6.72452399237732,205
"212",2022,10,7.07692307692308,13,7.125,7,NA,7.125,7.05555555555556,8,5,0,4,9,3085,1733,1352,518,977,2108,6.74230984116693,7.15631409694172,6.21163722633136,6.23028957528958,6.77763561924258,6.72593731499051,206
"213",2022,11,6.525,10,6.08333333333333,6.71428571428571,6,6,6.58333333333333,3,7,1,1,9,3095,1736,1359,519,978,2117,6.7416077092084,7.15445986751152,6.21422629139073,6.22984585741811,6.77684049079754,6.72533106282475,207
"214",2022,12,6.99,10,7.38,6.6,NA,NA,6.99,5,5,0,0,10,3105,1741,1364,519,978,2127,6.74240768438003,7.15510759908099,6.21564041788856,6.22984585741811,6.77684049079754,6.7265753925717,208
