"","year","month","avg_rating","no_ratings","avg_rating_owned","avg_rating_not_owned","avg_rating_prev_owned","avg_rating_comment","avg_rating_no_comment","no_ratings_owned","no_ratings_not_owned","no_ratings_prev_owned","no_ratings_comment","no_ratings_no_comment","cum_no_ratings","cum_no_ratings_owned","cum_no_ratings_not_owned","cum_no_ratings_prev_owned","cum_no_ratings_comment","cum_no_ratings_no_comment","cum_avg_rating","cum_avg_rating_owned","cum_avg_rating_not_owned","cum_avg_rating_prev_owned","cum_avg_rating_comment","cum_avg_rating_no_comment","month_after_release"
"1",2005,2,7,2,NA,7,NA,7,7,0,2,0,1,1,2,0,2,0,1,1,7,NA,7,NA,7,7,-1
"2",2005,3,6.6,15,7.5,6.375,NA,6.22222222222222,7.16666666666667,3,12,0,9,6,17,3,14,0,10,7,6.64705882352941,7.5,6.46428571428571,NA,6.3,7.14285714285714,0
"3",2005,4,6.35,10,6.5,6.25,NA,7.5,6.22222222222222,4,6,0,1,9,27,7,20,0,11,16,6.53703703703704,6.92857142857143,6.4,NA,6.40909090909091,6.625,1
"4",2005,5,6.375,12,7.5,5.57142857142857,7,5.75,6.6875,5,7,1,4,8,39,12,27,1,15,24,6.48717948717949,7.16666666666667,6.18518518518519,7,6.23333333333333,6.64583333333333,2
"5",2005,6,6.68235294117647,17,7.01,6.21428571428571,6,7.23333333333333,6.0625,10,7,1,9,8,56,22,34,2,24,32,6.54642857142857,7.09545454545454,6.19117647058824,6.5,6.60833333333333,6.5,3
"6",2005,7,7.22222222222222,9,8.2,6,NA,7.9,6.375,5,4,0,5,4,65,27,38,2,29,36,6.64,7.3,6.17105263157895,6.5,6.83103448275862,6.48611111111111,4
"7",2005,8,6.60833333333333,12,7.21666666666667,6,6,5.33333333333333,7.03333333333333,6,6,1,3,9,77,33,44,3,32,45,6.63506493506494,7.28484848484848,6.14772727272727,6.33333333333333,6.690625,6.59555555555556,5
"8",2005,9,7.41176470588235,17,8,6.57142857142857,6,7.53846153846154,7,10,7,1,13,4,94,43,51,4,45,49,6.77553191489362,7.45116279069767,6.20588235294118,6.25,6.93555555555556,6.62857142857143,6
"9",2005,10,7.40625,16,7.66666666666667,6.625,5,7.5,7,12,4,1,13,3,110,55,55,5,58,52,6.86727272727273,7.49818181818182,6.23636363636364,6,7.06206896551724,6.65,7
"10",2005,11,6.52173913043478,23,6.85294117647059,5.58333333333333,7,7.07142857142857,6.28125,17,6,1,7,16,133,72,61,6,65,68,6.80751879699248,7.34583333333333,6.17213114754098,6.16666666666667,7.06307692307692,6.56323529411765,8
"11",2005,12,7.21052631578947,19,7.54545454545455,6.75,NA,7.22727272727273,7.1875,11,8,0,11,8,152,83,69,6,76,76,6.85789473684211,7.37228915662651,6.23913043478261,6.16666666666667,7.08684210526316,6.62894736842105,9
"12",2006,1,6.74,25,7.31818181818182,6.28571428571429,6.33333333333333,6.70833333333333,6.76923076923077,11,14,3,12,13,177,94,83,9,88,89,6.84124293785311,7.36595744680851,6.24698795180723,6.22222222222222,7.03522727272727,6.64943820224719,10
"13",2006,2,6.92,25,7.53571428571429,6.13636363636364,7,6.94117647058824,6.875,14,11,1,17,8,202,108,94,10,105,97,6.8509900990099,7.38796296296296,6.23404255319149,6.3,7.02,6.6680412371134,11
"14",2006,3,7.12692307692308,26,7.45333333333333,6.68181818181818,6.33333333333333,7.33333333333333,7.01764705882353,15,11,3,9,17,228,123,105,13,114,114,6.88245614035088,7.39593495934959,6.28095238095238,6.30769230769231,7.04473684210526,6.72017543859649,12
"15",2006,4,6.78448275862069,29,7.0125,6.27777777777778,7.5,6.98076923076923,6.625,20,9,2,13,16,257,143,114,15,127,130,6.87140077821012,7.34230769230769,6.28070175438596,6.46666666666667,7.03818897637795,6.70846153846154,13
"16",2006,5,6.96,20,7.20833333333333,6.5875,7,6.86363636363636,7.07777777777778,12,8,1,11,9,277,155,122,16,138,139,6.87779783393502,7.33193548387097,6.30081967213115,6.5,7.02427536231884,6.73237410071942,14
"17",2006,6,6.40625,16,6.94444444444444,5.71428571428571,NA,6.3,6.45454545454545,9,7,0,5,11,293,164,129,16,143,150,6.85204778156997,7.31067073170732,6.26899224806202,6.5,6.99895104895105,6.712,15
"18",2006,7,6.66818181818182,22,6.92857142857143,6.2125,5.5,7.11111111111111,6.36153846153846,14,8,2,9,13,315,178,137,18,152,163,6.83920634920635,7.28061797752809,6.26569343065693,6.38888888888889,7.00559210526316,6.6840490797546,16
"19",2006,8,6.988,25,7.54666666666667,6.15,7,6.92727272727273,7.03571428571429,15,10,1,11,14,340,193,147,19,163,177,6.85014705882353,7.30129533678756,6.2578231292517,6.42105263157895,7.00030674846626,6.71186440677966,17
"20",2006,9,6.8,26,7.01666666666667,6.3125,NA,7.04545454545455,6.62,18,8,0,11,15,366,211,155,19,174,192,6.84658469945355,7.27701421800948,6.26064516129032,6.42105263157895,7.00316091954023,6.7046875,18
"21",2006,10,6.64347826086957,23,6.96875,5.9,NA,7.25,6.32,16,7,0,8,15,389,227,162,19,182,207,6.83457583547558,7.25528634361233,6.24506172839506,6.42105263157895,7.01401098901099,6.6768115942029,19
"22",2006,11,6.445,20,6.99230769230769,5.42857142857143,7,6.24,6.65,13,7,1,10,10,409,240,169,20,192,217,6.81552567237164,7.24104166666667,6.2112426035503,6.45,6.97369791666667,6.67557603686636,20
"23",2006,12,7.42058823529412,34,7.83333333333333,6.43,6.8,8.04705882352941,6.79411764705882,24,10,1,17,17,443,264,179,21,209,234,6.86196388261851,7.29488636363636,6.22346368715084,6.46666666666667,7.061004784689,6.68418803418803,21
"24",2007,1,6.87777777777778,63,7.14634146341463,6.37727272727273,NA,6.86206896551724,6.89117647058824,41,22,0,29,34,506,305,201,21,238,268,6.86393280632411,7.27491803278688,6.24029850746269,6.46666666666667,7.03676470588235,6.71044776119403,22
"25",2007,2,6.75051928571429,42,7.22727272727273,6.2260905,NA,7.08333333333333,6.50090875,22,20,0,18,24,548,327,221,21,256,292,6.85524052919708,7.2717125382263,6.23901271493213,6.46666666666667,7.0400390625,6.69322537671233,23
"26",2007,3,6.85609756097561,41,7.24347826086957,6.36111111111111,NA,6.84375,6.864,23,18,0,16,25,589,350,239,21,272,317,6.85530018675722,7.26985714285714,6.24820841004184,6.46666666666667,7.02849264705882,6.70669340694006,24
"27",2007,4,6.69024390243902,41,6.95555555555556,6.17857142857143,7,7.02941176470588,6.45,27,14,1,17,24,630,377,253,22,289,341,6.84455842857143,7.2473474801061,6.24435498023715,6.49090909090909,7.02854671280277,6.68862700879765,25
"28",2007,5,6.73295454545455,44,7.17727272727273,6.28863636363636,6.5,7.09038461538462,6.21666666666667,22,22,3,26,18,674,399,275,25,315,359,6.83727271513353,7.24348370927318,6.24789749090909,6.492,7.03365079365079,6.66496325905293,26
"29",2007,6,6.8037037037037,54,7.35,6.36666666666667,7.25,6.65714285714286,6.96153846153846,24,30,4,28,26,728,423,305,29,343,385,6.83478270604396,7.24952718676123,6.25957970491803,6.59655172413793,7.00291545189504,6.68499171428571,27
"30",2007,7,6.77019230769231,52,7.31428571428571,6.13541666666667,5.5,6.45869565217391,7.01724137931035,28,24,4,23,29,780,451,329,33,366,414,6.83047667948718,7.25354767184036,6.25052221884499,6.46363636363636,6.96871584699454,6.70826524154589,28
"31",2007,8,6.86415094339623,53,7.24333333333333,6.3695652173913,6.66666666666667,6.8875,6.8448275862069,30,23,3,24,29,833,481,352,36,390,443,6.83261921968788,7.2529106029106,6.25830059659091,6.48055555555556,6.96371794871795,6.71720498871332,29
"32",2007,9,6.83611111111111,36,7.04166666666667,6.425,6,6.9,6.79545454545455,24,12,1,14,22,869,505,364,37,404,465,6.83276387802071,7.24287128712871,6.26379618131868,6.46756756756757,6.9615099009901,6.72090711827957,30
"33",2007,10,6.6,47,6.95652173913043,6.25833333333333,6.33333333333333,7.04,6.39375,23,24,3,15,32,916,528,388,40,419,497,6.82082075327511,7.23039772727273,6.26345827319588,6.4575,6.96431980906921,6.69984267605634,31
"34",2007,11,6.91458333333333,48,7.32173913043478,6.54,NA,7,6.84230769230769,23,25,0,22,26,964,551,413,40,441,523,6.82548942946058,7.23421052631579,6.28019808716707,6.4575,6.96609977324263,6.70692506692161,32
"35",2007,12,6.82308108108108,74,7.18442105263158,6.44166666666667,6,6.82328205128205,6.82285714285714,38,36,3,39,35,1038,589,449,43,480,558,6.82531773603083,7.23099830220713,6.29314434298441,6.42558139534884,6.95449583333333,6.7141967921147,33
"36",2008,1,7.02022471910112,89,7.2695652173913,6.75348837209302,6.8,6.87435897435897,7.134,46,43,5,39,50,1127,635,492,48,519,608,6.84070968056788,7.23379212598425,6.33337766260163,6.46458333333333,6.94847398843931,6.74872008223684,34
"37",2008,2,7.10714285714286,56,7.32258064516129,6.84,7,7.53571428571429,6.67857142857143,31,25,2,28,28,1183,666,517,50,547,636,6.85332190194421,7.23792492492493,6.35787584139265,6.486,6.97853382084095,6.74563177672956,35
"38",2008,3,6.72314814814815,54,7.00416666666667,6.49833333333333,6.975,6.85,6.576,24,30,4,29,25,1237,690,547,54,576,661,6.84763929668553,7.22979420289855,6.3655791773309,6.52222222222222,6.9720625,6.73921605143722,36
"39",2008,4,6.86501428571429,70,7.18783783783784,6.50306060606061,8,7.00744444444444,6.77558139534884,37,33,3,27,43,1307,727,580,57,603,704,6.84856986228003,7.22765887207703,6.37340139655172,6.6,6.97364676616916,6.74143723011364,37
"40",2008,5,6.69519230769231,52,6.97424242424242,6.21052631578947,6,7.05,6.50735294117647,33,19,2,18,34,1359,760,599,59,621,738,6.84270111111111,7.21665526315789,6.36823507512521,6.57966101694915,6.97585990338164,6.73065285907859,38
"41",2008,6,7.1890625,32,7.2525,7.08333333333333,NA,7.2275,7.125,20,12,0,20,12,1391,780,611,59,641,750,6.85066916606758,7.21757435897436,6.38227955810147,6.57966101694915,6.98371138845554,6.73696241333333,39
"42",2008,7,6.89,65,7.21969696969697,6.55,6.625,6.90972222222222,6.86551724137931,33,32,4,36,29,1456,813,643,63,677,779,6.85242500686813,7.21766051660517,6.39062645412131,6.58253968253968,6.97977695716396,6.74174815147625,40
"43",2008,8,6.91134020618557,97,7.17017543859649,6.5425,7,7.07307692307692,6.72444444444444,57,40,5,52,45,1553,870,683,68,729,824,6.85610483580167,7.21454942528736,6.39952095168375,6.61323529411765,6.98643209876543,6.74080316747573,41
"44",2008,9,6.87867647058824,68,7.11153846153846,6.121875,5.7,6.82894736842105,6.94166666666667,52,16,5,38,30,1621,922,699,73,767,854,6.85705170265268,7.20873969631236,6.3931656795422,6.55068493150685,6.978629726206,6.74785926229508,42
"45",2008,10,6.58466666666667,75,6.75588235294118,6.44268292682927,5.81818181818182,6.88571428571429,6.40531914893617,34,41,11,28,47,1696,956,740,84,795,901,6.84500637382075,7.19263389121339,6.3959092027027,6.4547619047619,6.9753572327044,6.72999091009989,43
"46",2008,11,7.02386363636364,88,7.23725490196078,6.72972972972973,6.35,6.93846153846154,7.09183673469388,51,37,10,39,49,1784,1007,777,94,834,950,6.8538289293722,7.19489374379345,6.41180541827542,6.4436170212766,6.97363189448441,6.74865453684211,44
"47",2008,12,6.54,80,6.73725490196078,6.19310344827586,5.38333333333333,6.67241379310345,6.46470588235294,51,29,6,29,51,1864,1058,806,100,863,1001,6.84035987660944,7.1728336483932,6.40393648883375,6.38,6.96350984936269,6.73418762237762,45
"48",2009,1,6.69,100,7.01379310344828,6.24285714285714,5.90909090909091,6.61707317073171,6.7406779661017,58,42,11,41,59,1964,1116,848,111,904,1060,6.83270407841141,7.16456810035842,6.39595850235849,6.33333333333333,6.94779756637168,6.73454887735849,46
"49",2009,2,6.85809523809524,105,7.04181818181818,6.656,7.2,6.95952380952381,6.79047619047619,55,50,5,42,63,2069,1171,898,116,946,1123,6.83399265828903,7.15880273270709,6.41043742761693,6.37068965517241,6.94831818181818,6.73768638468388,47
"50",2009,3,6.67191011235955,89,7,6.36521739130435,5.9375,6.59473684210526,6.69285714285714,43,46,8,19,70,2158,1214,944,124,965,1193,6.82730806765524,7.15317792421746,6.40823390889831,6.34274193548387,6.94135647668394,6.73505600167645,48
"51",2009,4,6.63198198198198,111,6.88627450980392,6.41583333333333,6.2375,6.49615384615385,6.67352941176471,51,60,8,26,85,2269,1265,1004,132,991,1278,6.81775267078008,7.14241739130435,6.40868805776892,6.33636363636364,6.92967608476287,6.73096385758998,49
"52",2009,5,6.77966292134831,89,7.02345454545455,6.38529411764706,5.5,6.54615384615385,6.9618,55,34,9,39,50,2358,1320,1038,141,1030,1328,6.81631501696353,7.13746060606061,6.4079217822736,6.28297872340426,6.91515436893204,6.73965497740964,50
"53",2009,6,6.75625,80,7.17948717948718,6.35365853658537,5.82307692307692,6.9962962962963,6.63396226415094,39,41,13,27,53,2438,1359,1079,154,1057,1381,6.81434405660377,7.13866666666667,6.40585987951807,6.24415584415584,6.9172270577105,6.7355987038378,51
"54",2009,7,6.99121621621622,74,7.19204545454545,6.69666666666667,6.625,7.02083333333333,6.977,44,30,4,24,50,2512,1403,1109,158,1081,1431,6.81955446257962,7.14034069850321,6.41372660955816,6.25379746835443,6.91952728954672,6.74403341020266,52
"55",2009,8,6.79418604651163,86,7.156,6.29166666666667,6.33333333333333,7.11621621621622,6.55102040816327,50,36,9,37,49,2598,1453,1145,167,1118,1480,6.81871470746728,7.140879559532,6.40988891703057,6.25808383233533,6.9260366726297,6.73764311486487,53
"56",2009,9,6.87244897959184,98,7.10740740740741,6.58409090909091,6.2,6.77941176470588,6.921875,54,44,10,34,64,2696,1507,1189,177,1152,1544,6.82066795623145,7.1396801592568,6.41633541631623,6.25480225988701,6.92170920138889,6.74527966968912,54
"57",2009,10,6.635,90,6.74791666666667,6.50595238095238,6.1875,6.63166666666667,6.63666666666667,48,42,8,30,60,2786,1555,1231,185,1182,1604,6.81467006819813,7.12758713826367,6.41939302193339,6.25189189189189,6.91434771573604,6.74121683915212,55
"58",2009,11,6.73289719626168,107,7.07245901639344,6.28260869565217,5.8,7.01027777777778,6.59225352112676,61,46,10,36,71,2893,1616,1277,195,1218,1675,6.81164563083304,7.12550618811881,6.41446578700078,6.22871794871795,6.91718308702792,6.73490257313433,56
"59",2009,12,6.79826086956522,115,7.28461538461538,6.166,6.5,6.75,6.82115384615385,65,50,16,37,78,3008,1681,1327,211,1255,1753,6.81113391289893,7.13165853658537,6.40510385079126,6.24928909952607,6.91225418326693,6.73874033656589,57
"60",2010,1,6.65625,128,7.02279411764706,6.24083333333333,6.16666666666667,6.90487804878049,6.53908045977011,68,60,12,41,87,3136,1749,1387,223,1296,1840,6.80481212053571,7.12742595769011,6.3979977000721,6.24484304932736,6.91202083333333,6.72929989673913,58
"61",2010,2,6.69634146341463,82,6.96904761904762,6.41,6.25,6.84,6.63333333333333,42,40,8,25,57,3218,1791,1427,231,1321,1897,6.8020481075202,7.12371189279732,6.398334134548,6.24502164502165,6.91065783497351,6.72641634686347,59
"62",2010,3,6.71566265060241,83,7.07674418604651,6.3275,6.45833333333333,6.125,6.9031746031746,43,40,12,20,63,3301,1834,1467,243,1341,1960,6.79987604059376,7.1226106870229,6.39640273346967,6.25555555555556,6.89894034302759,6.7320978622449,60
"63",2010,4,6.78355263157895,76,6.95652173913043,6.51833333333333,6.4,6.84375,6.75576923076923,46,30,5,24,52,3377,1880,1497,248,1365,2012,6.79950867930115,7.11854680851064,6.39884623246493,6.25846774193548,6.89796996336996,6.7327096471173,61
"64",2010,5,6.80076923076923,65,6.92,6.61,6.83333333333333,6.76785714285714,6.80980392156863,40,25,3,14,51,3442,1920,1522,251,1379,2063,6.79953248402092,7.11441041666667,6.40231459264126,6.26533864541833,6.89664902102973,6.73461551623849,62
"65",2010,6,6.82394366197183,71,7.25609756097561,6.23333333333333,6.38888888888889,6.46428571428571,6.91228070175439,41,30,9,14,57,3513,1961,1552,260,1393,2120,6.80002584970111,7.11737276899541,6.39904820231959,6.26961538461538,6.89230366116296,6.73939236320755,63
"66",2010,7,6.74779411764706,68,6.93690476190476,6.44230769230769,6.375,6.88095238095238,6.68829787234043,42,26,4,21,47,3581,2003,1578,264,1414,2167,6.79903401563809,7.11358861707439,6.39976096958175,6.27121212121212,6.89213507779349,6.73828417628057,64
"67",2010,8,6.60793650793651,63,7.16176470588235,5.95862068965517,5.83333333333333,6.38260869565217,6.7375,34,29,6,23,40,3644,2037,1607,270,1437,2207,6.79573018935236,7.11439273441335,6.39180013067828,6.26148148148148,6.8839798190675,6.7382699637517,65
"68",2010,9,6.43373134328358,67,6.89457142857143,5.9296875,6.01666666666667,6.70833333333333,6.33285714285714,35,32,15,18,49,3711,2072,1639,285,1455,2256,6.78919450552412,7.11067953667954,6.38277779743746,6.24859649122807,6.88180687285223,6.72946445478723,66
"69",2010,10,6.73455882352941,68,6.89305555555556,6.55625,6.625,6.94444444444444,6.659,36,32,8,18,50,3779,2108,1671,293,1473,2306,6.78821138131781,7.10696299810247,6.38609982645123,6.25887372013652,6.88257230142566,6.72793660450997,67
"70",2010,11,6.83861386138614,101,7.14915254237288,6.40238095238095,5.72222222222222,6.57,6.95211267605634,59,42,9,30,71,3880,2167,1713,302,1503,2377,6.78952340463917,7.1081116751269,6.38649901342674,6.24288079470199,6.87633333333333,6.73463265039966,68
"71",2010,12,6.76388888888889,90,7.06481481481481,6.3125,6.14285714285714,6.77777777777778,6.75793650793651,54,36,7,27,63,3970,2221,1749,309,1530,2440,6.78894226952141,7.10705898244034,6.38497587764437,6.24061488673139,6.87459411764706,6.73523434836066,69
"72",2011,1,6.75066981132075,106,7.06279166666667,6.08970588235294,6.33333333333333,6.89722222222222,6.6753,72,34,6,36,70,4076,2293,1783,315,1566,2510,6.78794696025515,7.10566899258613,6.37934537857543,6.24238095238095,6.87511430395913,6.73356287250996,70
"73",2011,2,6.57535714285714,84,6.9646,6.00294117647059,6.14285714285714,6.82857142857143,6.49095238095238,50,34,7,21,63,4160,2343,1817,322,1587,2573,6.78365428125,7.10265855740504,6.37230204182719,6.24021739130435,6.87449842470069,6.72762254566654,71
"74",2011,3,6.62455696202532,79,6.912,6.24411764705882,5.97142857142857,6.7685,6.57576271186441,45,34,7,20,59,4239,2388,1851,329,1607,2632,6.78068926869545,7.09906574539363,6.36994749324689,6.23449848024316,6.87317921593031,6.72421839285714,72
"75",2011,4,6.82909090909091,55,7.22926829268293,5.65714285714286,6.5,7.1375,6.7025641025641,41,14,2,16,39,4294,2429,1865,331,1623,2671,6.7813092244993,7.10126348291478,6.36459668096515,6.23610271903323,6.87578496611214,6.72390221265444,73
"76",2011,5,6.87417910447761,67,7.38407407407407,6.53,6.40909090909091,7.06666666666667,6.81865384615385,27,40,11,15,52,4361,2456,1905,342,1638,2723,6.78273602614079,7.10437255700326,6.36806971653543,6.24166666666667,6.87753296703297,6.72571164524422,74
"77",2011,6,6.44339622641509,53,6.71724137931034,6.1125,6.3,6.59444444444444,6.36571428571429,29,24,5,18,35,4414,2485,1929,347,1656,2758,6.77866148844585,7.09985472837022,6.36489,6.24250720461095,6.8744559178744,6.72114315083394,75
"78",2011,7,6.77822580645161,62,6.90625,6.54545454545455,6.625,6.875,6.73214285714286,40,22,4,20,42,4476,2525,1951,351,1676,2800,6.77865545352994,7.09678772277228,6.36692609431061,6.2468660968661,6.87446241050119,6.72130814642857,76
"79",2011,8,6.70357142857143,70,7.05897435897436,6.25645161290323,5.7,6.90625,6.64351851851852,39,31,10,16,54,4546,2564,1982,361,1692,2854,6.7774992982842,7.09621255850234,6.36519818869828,6.23171745152355,6.87476300236407,6.71983630343378,77
"80",2011,9,6.58245614035088,57,7.07407407407407,6.14,6.0625,6.43157894736842,6.65789473684211,27,30,8,19,38,4603,2591,2012,369,1711,2892,6.77508403432544,7.0959818602856,6.36184036282306,6.22804878048781,6.86984161309176,6.71902241009682,78
"81",2011,10,6.52808219178082,73,6.93088235294118,6.17692307692308,5.72727272727273,6.29736842105263,6.60925925925926,34,39,11,19,54,4676,2625,2051,380,1730,2946,6.77122793199316,7.09384342857143,6.35832413944417,6.21355263157895,6.86355433526012,6.71701045824847,79
"82",2011,11,6.7041095890411,73,7.085,6.24242424242424,5.6,7.16,6.58620689655172,40,33,5,15,58,4749,2665,2084,385,1745,3004,6.77019621183407,7.09371069418387,6.35648887236084,6.20558441558442,6.86610257879656,6.71448495672437,80
"83",2011,12,6.7327380952381,84,6.99468085106383,6.4,6.1625,6.47826086956522,6.82868852459016,47,37,8,23,61,4833,2712,2121,393,1768,3065,6.76954517070143,7.09199446902655,6.35724790664781,6.20470737913486,6.86105712669683,6.71675784991843,81
"84",2012,1,6.83049586776859,121,7.18472222222222,6.31,5.84,6.88518518518519,6.81478723404255,72,49,5,27,94,4954,2784,2170,398,1795,3159,6.77103387363746,7.09439260057471,6.35618101843318,6.2001256281407,6.86142005571031,6.71967483697373,82
"85",2012,2,6.79529411764706,51,7.06875,6.33473684210526,6,6.97857142857143,6.72594594594595,32,19,5,14,37,5005,2816,2189,403,1809,3196,6.77128108091908,7.09410120738636,6.35599488807675,6.19764267990075,6.86232669983416,6.71974743742178,83
"86",2012,3,6.83561403508772,57,7.06,6.52708333333333,6.4,7.07777777777778,6.79020833333333,33,24,5,9,48,5062,2849,2213,408,1818,3244,6.77200549387594,7.09370621270621,6.35785034342521,6.20012254901961,6.86339328932893,6.72079001541307,84
"87",2012,4,6.59692307692308,65,6.84,6.208,6.06363636363636,6.92307692307692,6.51538461538462,40,25,11,13,52,5127,2889,2238,419,1831,3296,6.76978580261361,7.09019349255798,6.35617641197498,6.19653937947494,6.86381703986893,6.71754939623786,85
"88",2012,5,6.85094339622642,53,7.16363636363636,6.335,5.8,6.87391304347826,6.83333333333333,33,20,5,23,30,5180,2922,2258,424,1854,3326,6.77061617953668,7.09102292950034,6.35598884410983,6.19186320754717,6.86394228694714,6.71859374924835,86
"89",2012,6,6.87019230769231,52,7.10714285714286,6.38235294117647,6.3,6.88888888888889,6.86029411764706,35,17,5,18,34,5232,2957,2275,429,1872,3360,6.77160585053517,7.09121373013189,6.35618585054945,6.19312354312354,6.86418215811966,6.72002762202381,87
"90",2012,7,6.90603773584906,53,7.29285714285714,6.4728,5.5,7.18,6.7978947368421,28,25,8,15,38,5285,2985,2300,437,1887,3398,6.77295398486282,7.09310519262982,6.35745339565217,6.1804347826087,6.86669263381028,6.72089841377281,88
"91",2012,8,6.79406779661017,59,7.025,6.48,6.51666666666667,6.66363636363636,6.82395833333333,34,25,12,11,48,5344,3019,2325,449,1898,3446,6.77318709019461,7.09233819145412,6.35877110107527,6.18942093541203,6.8655158061117,6.72233395531051,89
"92",2012,9,6.78421052631579,57,7.04411764705882,6.4,6.33333333333333,6.625,6.84634146341463,34,23,3,16,41,5401,3053,2348,452,1914,3487,6.77330342714312,7.09180117916803,6.35917496166951,6.19037610619469,6.8635052246604,6.72379203039862,90
"93",2012,10,6.81706349206349,63,7.37142857142857,6.12410714285714,7.1,7.18522727272727,6.61951219512195,35,28,10,22,41,5464,3088,2376,462,1936,3528,6.77380798133235,7.09497053108808,6.35640480218855,6.21006493506494,6.8671611570248,6.72258016156463,91
"94",2012,11,6.75579710144928,69,6.90113636363636,6.5,6.66666666666667,6.76470588235294,6.75288461538462,44,25,3,17,52,5533,3132,2401,465,1953,3580,6.77358337429965,7.09224744572158,6.35789996251562,6.21301075268817,6.86626932923707,6.72302033798883,92
"95",2012,12,6.76582278481013,79,7,6.38333333333333,6.5,7.33333333333333,6.5983606557377,49,30,9,18,61,5612,3181,2431,474,1971,3641,6.77347412865288,7.09082646966363,6.35821382558618,6.21845991561181,6.87053475393202,6.72093183466081,93
"96",2013,1,7.02745098039216,102,7.32338709677419,6.56875,6.55,7.228125,6.93571428571429,62,40,10,32,70,5714,3243,2471,484,2003,3711,6.7780078421421,7.0952725871107,6.36162193848644,6.22530991735537,6.87624762855717,6.72498324171382,94
"97",2013,2,6.61129032258065,62,6.97666666666667,6.26875,6.24,6.27857142857143,6.70833333333333,30,32,10,14,48,5776,3273,2503,494,2017,3759,6.77621828427978,7.09418545676749,6.36043460247703,6.22560728744939,6.87209915716411,6.72477063314711,95
"98",2013,3,6.84186046511628,86,7.20681818181818,6.45952380952381,6.25384615384615,6.82592592592593,6.84915254237288,44,42,13,27,59,5862,3317,2545,507,2044,3818,6.77718130501535,7.09567952969551,6.36206986640472,6.22633136094675,6.87148923679061,6.72669272132006,96
"99",2013,4,6.89196428571429,56,7.07,6.59523809523809,6.66666666666667,7.2875,6.73375,35,21,9,16,40,5918,3352,2566,516,2060,3858,6.77826745691112,7.09541139618138,6.36397810210445,6.23401162790698,6.87472038834952,6.72676589165371,97
"100",2013,5,6.76881578947368,76,7.0019512195122,6.49571428571429,6.85,7.09904761904762,6.64272727272727,41,35,10,21,55,5994,3393,2601,526,2081,3913,6.77814761594928,7.09428205128205,6.36575079200308,6.24572243346008,6.87698414223931,6.72558466905188,98
"101",2013,6,6.72533333333333,75,7.12093023255814,6.19375,5.5,7.01538461538462,6.66451612903226,43,32,6,13,62,6069,3436,2633,532,2094,3975,6.77749494315373,7.09461554132713,6.36366039118876,6.23731203007519,6.87784336198663,6.72463215345912,99
"102",2013,7,6.90821917808219,73,7.18809523809524,6.52903225806452,6.5,6.97333333333333,6.89137931034483,42,31,7,15,58,6142,3478,2664,539,2109,4033,6.77904865027678,7.0957443933295,6.36558476351352,6.24072356215213,6.87852252252252,6.72703020332259,100
"103",2013,8,6.53870967741936,62,6.885,5.90909090909091,5.5,6.91176470588235,6.39777777777778,40,22,8,17,45,6204,3518,2686,547,2126,4078,6.7766468101225,7.09334820920978,6.36184579672376,6.22989031078611,6.87878833490123,6.72339696174596,101
"104",2013,9,6.69354838709677,62,6.88157894736842,6.39583333333333,7,6.11538461538461,6.8469387755102,38,24,6,13,49,6266,3556,2710,553,2139,4127,6.77582457867858,7.09108520809899,6.36214679335794,6.23824593128391,6.87414866760168,6.72486377756239,102
"105",2013,10,6.83493150684932,73,6.98125,6.65757575757576,6.07142857142857,7,6.76826923076923,40,33,7,21,52,6339,3596,2743,560,2160,4179,6.77650525477204,7.08986345939933,6.36570098796938,6.23616071428571,6.87537222222222,6.7254038789184,103
"106",2013,11,6.805,80,7.08048780487805,6.51538461538462,6.86,6.83333333333333,6.79677419354839,41,39,10,18,62,6419,3637,2782,570,2178,4241,6.77686038479514,7.08975776739071,6.36779935657801,6.24710526315789,6.87502479338843,6.7264472553643,104
"107",2013,12,6.90076923076923,65,7.20405405405405,6.5,6.5,7.07142857142857,6.85392156862745,37,28,7,14,51,6484,3674,2810,577,2192,4292,6.77810253084516,7.09090881872619,6.36911665836299,6.2501733102253,6.87627919708029,6.72796197809879,105
"108",2014,1,6.67782258064516,124,6.94071428571429,6.33703703703704,6.19411764705882,6.74107142857143,6.659375,70,54,17,28,96,6608,3744,2864,594,2220,4388,6.77622076422518,7.08810069444444,6.3685118051676,6.24856902356902,6.87457387387388,6.72646144257065,106
"109",2014,2,6.75862068965517,87,7.140625,6.28846153846154,5.41666666666667,6.9725,6.69477611940299,48,39,6,20,67,6695,3792,2903,600,2240,4455,6.77599205526512,7.08876555907173,6.36743637960731,6.24025,6.87544821428572,6.72598491806959,107
"110",2014,3,6.90873015873016,63,7.25,6.42307692307692,6.15,6.47647058823529,7.06847826086956,37,26,10,17,46,6758,3829,2929,610,2257,4501,6.77722947765611,7.09032358318099,6.3679302867873,6.23877049180328,6.87244306601684,6.7294851832926,108
"111",2014,4,6.922,50,6.87647058823529,7.01875,7.63333333333333,6.68461538461538,7.00540540540541,34,16,3,13,37,6808,3863,2945,613,2270,4538,6.77829271592244,7.08844136681336,6.37146614940578,6.24559543230016,6.87136740088106,6.73173486337594,109
"112",2014,5,6.90214285714286,70,7.08181818181818,6.59807692307692,6.83333333333333,7.03571428571429,6.86875,44,26,6,14,56,6878,3907,2971,619,2284,4594,6.77955318551905,7.08836677757871,6.37344927970381,6.25129240710824,6.87237478108582,6.73340505224206,110
"113",2014,6,7.04316666666667,60,7.24869565217391,6.36785714285714,6.33333333333333,7.32631578947368,6.9119512195122,46,14,3,19,41,6938,3953,2985,622,2303,4635,6.78183292159123,7.0902324816595,6.3734230519263,6.25168810289389,6.87611984368216,6.73498442502697,111
"114",2014,7,7.01369863013699,73,7.25510204081633,6.52083333333333,6.41666666666667,7.225,6.93396226415094,49,24,6,20,53,7011,4002,3009,628,2323,4688,6.78424715589787,7.09225112443778,6.3745988069126,6.25326433121019,6.87912354713732,6.73723396117748,112
"115",2014,8,7.045,70,7.08452380952381,6.98571428571429,6.66666666666667,7.41764705882353,6.92547169811321,42,28,6,17,53,7081,4044,3037,634,2340,4741,6.78682485665866,7.09217087042532,6.38023306223247,6.25717665615142,6.8830358974359,6.73933828517191,113
"116",2014,9,6.87987951807229,83,7.2286,6.35151515151515,6.8,7.16941176470588,6.80530303030303,50,33,5,17,66,7164,4094,3070,639,2357,4807,6.78790296063651,7.09383707865168,6.37992436807818,6.26142410015649,6.88510140008485,6.74024397961307,114
"117",2014,10,6.66619718309859,71,6.92325581395349,6.27142857142857,6.6,6.9,6.58679245283019,43,28,4,18,53,7235,4137,3098,643,2375,4860,6.78670861230131,7.09206405607928,6.3789437734022,6.26353032659409,6.88521431578947,6.73857053703704,115
"118",2014,11,6.61280487804878,82,7.1,5.8515625,5.98888888888889,6.52941176470588,6.63461538461539,50,32,9,17,65,7317,4187,3130,652,2392,4925,6.78475971163045,7.09215882493432,6.37355201597444,6.25973926380368,6.8826856187291,6.73719854010152,116
"119",2014,12,7.00898876404494,89,7.18730158730159,6.57692307692308,6.16666666666667,7.19,6.91694915254237,63,26,9,30,59,7406,4250,3156,661,2422,4984,6.78745433567378,7.09356917647059,6.37522744296578,6.25847201210288,6.8864921552436,6.7393264065008,117
"120",2015,1,6.7390625,96,7.08055555555556,6.3,6.03125,6.78846153846154,6.72071428571429,54,42,16,26,70,7502,4304,3198,677,2448,5054,6.78683508531058,7.09340590148699,6.37423946529081,6.25310192023634,6.88545098039216,6.73906862089434,118
"121",2015,2,6.96056338028169,71,7.20810810810811,6.69117647058824,6.85714285714286,7.05625,6.93272727272727,37,34,7,16,55,7573,4341,3232,684,2464,5109,6.78846385976495,7.09438355217692,6.37757357982673,6.25928362573099,6.88656006493507,6.74115341749853,119
"122",2015,3,6.848125,80,7.26704545454545,6.33611111111111,5.64444444444444,7.253125,6.746875,44,36,9,16,64,7653,4385,3268,693,2480,5173,6.78908752254018,7.09611607753706,6.37711683292534,6.2512987012987,6.888925,6.74122420452349,120
"123",2015,4,6.74220779220779,77,7.16224489795918,6.00714285714286,5.83333333333333,7.41538461538462,6.60546875,49,28,6,13,64,7730,4434,3296,699,2493,5237,6.78862054463131,7.09684686513306,6.37397385012136,6.24771101573677,6.89167027677497,6.73956517280886,121
"124",2015,5,6.71805555555556,72,7.10757575757576,6.38846153846154,6.22222222222222,6.97916666666667,6.66583333333333,33,39,9,12,60,7802,4467,3335,708,2505,5297,6.78796934247629,7.09692612491605,6.37414327136432,6.24738700564972,6.89208942115769,6.73873,122
"125",2015,6,6.94912280701754,57,7.25945945945946,6.375,6.35714285714286,7.125,6.88048780487805,37,20,7,16,41,7859,4504,3355,715,2521,5338,6.78913816134368,7.09826132326821,6.37414837853949,6.24846153846154,6.89356763189211,6.73981881041589,123
"126",2015,7,6.78727272727273,88,6.95518518518519,6.52058823529412,6.875,6.734375,6.79902777777778,54,34,8,16,72,7947,4558,3389,723,2537,5410,6.78911750471876,7.09656625713032,6.37561753024491,6.25539419087137,6.89256365786362,6.74060680406654,124
"127",2015,8,6.8702380952381,84,7.08363636363636,6.46551724137931,6.00416666666667,6.85588235294118,6.87388059701493,55,29,12,17,67,8031,4613,3418,735,2554,5477,6.78996598306562,7.09641209624973,6.37638028379169,6.2512925170068,6.89231949882538,6.74223713894468,125
"128",2015,9,6.84102941176471,68,7.19722222222222,6.4403125,5.85,7.09117647058823,6.75764705882353,36,32,9,17,51,8099,4649,3450,744,2571,5528,6.79039471663168,7.09719272961927,6.37697327826087,6.24643817204301,6.89363438350837,6.74237930716353,126
"129",2015,10,6.86,73,7.16208333333333,6.28,6,6.7775,6.88315789473684,48,25,5,16,57,8172,4697,3475,749,2587,5585,6.79101649657366,7.09785586544603,6.37627562877698,6.24479305740988,6.89291611905682,6.74381608057296,127
"130",2015,11,6.576,100,6.96896551724138,6.03333333333333,6.39166666666667,6.67037037037037,6.54109589041096,58,42,12,27,73,8272,4755,3517,761,2614,5658,6.78841716755319,7.09628370136698,6.37218021324993,6.24710906701708,6.89061744452946,6.74120056733828,128
"131",2015,12,6.75838383838384,99,6.8559375,6.58,6.53846153846154,6.83878787878788,6.71818181818182,64,35,13,33,66,8371,4819,3552,774,2647,5724,6.78806197706367,7.09309172027392,6.37422798704955,6.25200258397933,6.88997128825085,6.74093515199161,129
"132",2016,1,6.79310134615385,104,7.16727272727273,6.37311306122449,5.95,6.64347826086957,6.83558691358025,55,49,10,23,81,8475,4874,3601,784,2670,5805,6.78812381710914,7.0939288059089,6.37421281588448,6.24815051020408,6.88784794007491,6.74225587424634,130
"133",2016,2,6.812,75,7.10196078431373,6.19583333333333,6.33333333333333,7.07894736842105,6.72142857142857,51,24,6,19,56,8550,4925,3625,790,2689,5861,6.78833325730994,7.09401197969543,6.37303182068966,6.24879746835443,6.8891982149498,6.74205687595973,131
"134",2016,3,6.78736263736264,91,7.12407407407407,6.29594594594595,6.5,7.14705882352941,6.70472972972973,54,37,11,17,74,8641,4979,3662,801,2706,5935,6.78832303552829,7.09433801968266,6.37225296286183,6.25224719101124,6.89081818181818,6.74159146588037,132
"135",2016,4,6.89462809917355,121,7.19133333333333,6.41086956521739,6.11333333333333,6.52291666666667,6.98659793814433,75,46,15,24,97,8762,5054,3708,816,2730,6032,6.78979106939055,7.0957774040364,6.3727320253506,6.24969362745098,6.88758388278388,6.74553139091512,133
"136",2016,5,6.89147727272727,88,7.08135593220339,6.5051724137931,6.20833333333333,6.71176470588235,6.93450704225352,59,29,6,17,71,8850,5113,3737,822,2747,6103,6.79080218644068,7.09561099159006,6.37375979395237,6.24939172749392,6.88649581361485,6.74772986236277,134
"137",2016,6,6.93110674157303,89,7.14124545454545,6.59117647058823,6.25714285714286,6.81256666666667,6.95513513513514,55,34,7,15,74,8939,5168,3771,829,2762,6177,6.79219911063877,7.09609665247678,6.37572006099178,6.24945717732207,6.88609431571325,6.75021456208515,135
"138",2016,7,6.84405940594059,101,7.16792452830189,6.48645833333333,6.025,7.02083333333333,6.82022471910112,53,48,12,12,89,9040,5221,3819,841,2774,6266,6.79277852323009,7.09682579965524,6.37711190102121,6.24625445897741,6.88667718096611,6.75120896105969,136
"139",2016,8,6.76011235955056,89,7.06862745098039,6.34605263157895,6.60416666666667,6.55714285714286,6.798,51,38,12,14,75,9129,5272,3857,853,2788,6341,6.79246005586592,7.09655301593323,6.37680589836661,6.25128956623681,6.88502241750359,6.75176239552121,137
"140",2016,9,6.89339622641509,106,7.2375,6.36904761904762,6.43636363636364,6.89090909090909,6.89404761904762,64,42,11,22,84,9235,5336,3899,864,2810,6425,6.79361860855441,7.09824353448276,6.3767223262375,6.25364583333333,6.88506850533808,6.75362262256809,138
"141",2016,10,6.95872340425532,141,7.21610526315789,6.42717391304348,6.995,7.14571428571429,6.91238938053097,95,46,10,28,113,9376,5431,3945,874,2838,6538,6.79610151983788,7.10030519241392,6.37731060836502,6.26212814645309,6.88764006342495,6.75636667941266,139
"142",2016,11,6.94526315789474,152,7.1173,6.61442307692308,6.675,6.926,6.94905511811024,100,52,10,25,127,9528,5531,3997,884,2863,6665,6.79848109256927,7.1006124570602,6.38039538403803,6.26679864253394,6.8879750261963,6.76003831207802,140
"143",2016,12,6.89751773049645,141,7.16927710843374,6.50862068965517,6.56111111111111,7.46818181818182,6.72314814814815,83,58,18,33,108,9669,5614,4055,902,2896,6773,6.79992531285551,7.10162762736017,6.38222943279902,6.27267184035477,6.89458649861879,6.75945007382253,141
"144",2017,1,6.81488764044944,178,7.06111111111111,6.435,6.25,6.625,6.85033333333333,108,70,16,28,150,9847,5722,4125,918,2924,6923,6.80019578044074,7.10086289758825,6.38312493333334,6.27227668845316,6.89200495896033,6.76141923299148,142
"145",2017,2,6.95285714285714,126,7.19590361445783,6.48372093023256,6.36666666666667,6.86842105263158,6.96785046728972,83,43,15,19,107,9973,5805,4168,933,2943,7030,6.80212452120726,7.102221791559,6.38416275191939,6.27379421221865,6.89185270132518,6.76456121621622,143
"146",2017,3,7.03328125,128,7.31871794871795,6.588,6.53846153846154,7.13636363636364,7.01188679245283,78,50,13,22,106,10101,5883,4218,946,2965,7136,6.80505374220374,7.10509221485636,6.38657903034614,6.27743128964059,6.89366694772344,6.76823505465247,144
"147",2017,4,6.89115384615385,130,7.14857142857143,6.59083333333333,6.55384615384615,7.02758620689655,6.8519801980198,70,60,13,29,101,10231,5953,4278,959,2994,7237,6.80614777147884,7.10560347723837,6.38944374707808,6.28117831074035,6.89496409485638,6.76940380682603,145
"148",2017,5,6.8908938547486,179,7.505,6.34789473684211,5.79230769230769,6.95485714285714,6.87534722222222,84,95,13,35,144,10410,6037,4373,972,3029,7381,6.8076049807877,7.11116075865496,6.38854112737252,6.27463991769547,6.89565615714757,6.77147071535022,146
"149",2017,6,6.81788321167883,137,7.23986486486486,6.32222222222222,6.66666666666667,7,6.78675213675214,74,63,9,20,117,10547,6111,4436,981,3049,7498,6.8077384896179,7.11271927671412,6.38759926735798,6.27823649337411,6.89634060347655,6.77170916911176,147
"150",2017,7,6.97957142857143,140,7.311875,6.5365,6.31818181818182,7.31521739130435,6.91358974358974,80,60,11,23,117,10687,6191,4496,992,3072,7615,6.8099895059418,7.11529276368922,6.38958637677936,6.27867943548387,6.89947672526042,6.77388908076165,148
"151",2017,8,6.73645833333333,144,7.04602272727273,6.25,6,7.1,6.70932835820896,88,56,13,10,134,10831,6279,4552,1005,3082,7749,6.80901189640845,7.11432194616977,6.38786914543058,6.27507462686567,6.90012735236859,6.77277266098852,149
"152",2017,9,6.96540740740741,135,7.312875,6.46,7,7.07307692307692,6.9397247706422,80,55,7,26,109,10966,6359,4607,1012,3108,7858,6.8109372469451,7.11681986161346,6.38873026915564,6.28008893280632,6.90157416344916,6.77508848943752,150
"153",2017,10,6.93897637795276,127,7.21283783783784,6.55660377358491,6.9,6.93333333333333,6.94009433962264,74,53,10,21,106,11093,6433,4660,1022,3129,7964,6.81240312359145,7.11792437431991,6.39063956008584,6.28615459882583,6.90178731224033,6.77728469989955,151
"154",2017,11,6.96375925925926,108,7.36071875,6.38636363636364,6.44444444444444,6.91875,6.97158695652174,64,44,9,16,92,11201,6497,4704,1031,3145,8056,6.81386249888403,7.1203160689549,6.39059956420068,6.28753637245393,6.90187360890302,6.77950364324727,152
"155",2017,12,6.80785714285714,140,7.20379746835443,6.29508196721311,6.5,6.93076923076923,6.77982456140351,79,61,13,26,114,11341,6576,4765,1044,3171,8170,6.81378836522352,7.12131896289538,6.38937677859392,6.29018199233717,6.9021105329549,6.77950812117503,153
"156",2018,1,6.75183084577114,201,7.06875,6.28232098765432,6.2,6.85995238095238,6.72327044025157,120,81,20,42,159,11542,6696,4846,1064,3213,8329,6.81270939611852,7.12037686678614,6.38758736070987,6.28848684210526,6.90155944600062,6.77843454796494,154
"157",2018,2,6.75661764705882,136,7.08072289156626,6.24905660377359,6.35714285714286,6.98,6.70630630630631,83,53,7,25,111,11678,6779,4899,1071,3238,8440,6.81205616115773,7.11989135565717,6.38608866095122,6.28893557422969,6.9021650710315,6.77748594194313,155
"158",2018,3,6.53763636363636,110,6.87734375,6.065,6.11428571428571,6.75,6.4932967032967,64,46,7,19,91,11788,6843,4945,1078,3257,8531,6.80949540634543,7.11762289931317,6.38310178968655,6.28780148423006,6.90127740251765,6.77445450123081,156
"159",2018,4,6.84924812030075,133,7.28835616438356,6.315,6.475,6.9875,6.81880733944954,73,60,12,24,109,11921,6916,5005,1090,3281,8640,6.80993891871487,7.11942502891845,6.38228538461539,6.2898623853211,6.90190810728437,6.77501404513889,157
"160",2018,5,6.91119190909091,110,7.17268656716418,6.50374674418605,6.55555555555556,7.02,6.9003111,67,43,9,10,100,12031,6983,5048,1099,3291,8740,6.81086467957775,7.11993605900043,6.38332001980983,6.29203821656051,6.90226694013978,6.77644764988558,158
"161",2018,6,6.93589509259259,108,7.22926470588235,6.43716675,6.40787909090909,6.81266666666667,6.95577064516129,68,40,11,15,93,12139,7051,5088,1110,3306,8833,6.81197706812752,7.1209904268898,6.38374334316038,6.29318618918919,6.90186040532365,6.7783356877618,159
"162",2018,7,6.84322916666667,96,7.28839285714286,6.22,5.78571428571429,7.25,6.7,56,40,7,25,71,12235,7107,5128,1117,3331,8904,6.81222228279526,7.12230948360771,6.38246609399376,6.29000597135184,6.90447328129691,6.7777110433513,160
"163",2018,8,6.68198198198198,111,7.08507462686567,6.06818181818182,6.5,7.04285714285714,6.6298969072165,67,44,8,14,97,12346,7174,5172,1125,3345,9001,6.81105132269561,7.12196173682743,6.37979236852282,6.29149926222222,6.90505246636771,6.77611811243195,161
"164",2018,9,6.88647505747126,87,7.26022727272727,6.50403093023256,6.225,6.97058823529412,6.86604757142857,44,43,12,17,70,12433,7218,5215,1137,3362,9071,6.81157910078018,7.12280458575783,6.38081677085331,6.2907974230431,6.90538384889946,6.77681208907508,162
"165",2018,10,6.98632,125,7.216125,6.57777777777778,6.33333333333333,7.28260869565217,6.91950980392157,80,45,6,23,102,12558,7298,5260,1143,3385,9173,6.81331843924191,7.12382755549465,6.38250179847909,6.29102070866142,6.90794697193501,6.77839882917257,163
"166",2018,11,6.86226365671642,134,7.14633328571429,6.5515625,5.775,7.37407407407407,6.73311523364486,70,64,12,27,107,12692,7368,5324,1155,3412,9280,6.81383519461077,7.12404137214983,6.38453408339594,6.28565945454546,6.91163555099648,6.77787670150862,164
"167",2018,12,6.92272727272727,132,7.16931818181818,6.42954545454545,6.27777777777778,6.73333333333333,6.96481481481482,88,44,9,24,108,12824,7456,5368,1164,3436,9388,6.81495604257642,7.12457575509656,6.38490302906111,6.28559851374571,6.9103901338766,6.78002724648488,165
"168",2019,1,6.91267123287671,146,7.13913043478261,6.52685185185185,5.9,7.53181818181818,6.80282258064516,92,54,10,22,124,12970,7548,5422,1174,3458,9512,6.81605599768697,7.12475315712771,6.386316757654,6.28231402896082,6.91434369577791,6.78032441021867,166
"169",2019,2,6.76942148760331,121,7.0453125,6.45964912280702,6.36363636363636,6.80526315789474,6.76274509803922,64,57,11,19,102,13091,7612,5479,1185,3477,9614,6.81562495531281,7.12408523778245,6.38707966052199,6.28306891983123,6.91374762726488,6.78013790201789,167
"170",2019,3,6.83689393939394,132,7.00841463414634,6.5556,6.79333333333333,7.04090909090909,6.79609090909091,82,50,9,22,110,13223,7694,5529,1194,3499,9724,6.8158372752023,7.12285246035872,6.38860362814252,6.28691513400335,6.91454715633038,6.78031836589881,168
"171",2019,4,6.8344537815126,119,7.24583333333333,6.20425531914894,6.25,7.24444444444444,6.76138613861386,72,47,8,18,101,13342,7766,5576,1202,3517,9825,6.81600331959226,7.1239926384239,6.38704975968436,6.28666944259568,6.91623557008814,6.78012374452926,169
"172",2019,5,6.75977777777778,90,7.12730769230769,6.25684210526316,6,6.95,6.736,52,38,3,10,80,13432,7818,5614,1205,3527,9905,6.81562658502084,7.12401468789972,6.38616841111507,6.28595574273859,6.91633130138928,6.77976736900555,170
"173",2019,6,6.68194915254237,118,7.11058823529412,6.099,6.02777777777778,7.14285714285714,6.61990384615385,68,50,9,14,104,13550,7886,5664,1214,3541,10009,6.81446245682657,7.12389891326401,6.38363337923729,6.28404173805601,6.91722691330133,6.77810628334499,171
"174",2019,7,6.80967741935484,93,7.11147540983607,6.234375,5.83333333333333,6.70625,6.83116883116883,61,32,6,16,77,13643,7947,5696,1220,3557,10086,6.81442983874514,7.12380355228388,6.38279484901685,6.28182513934426,6.91627790272702,6.77851138112235,172
"175",2019,8,6.495,102,6.83619047619048,5.94384615384615,6,6.65882352941177,6.46223529411765,63,39,13,17,85,13745,8010,5735,1233,3574,10171,6.81205938814114,7.12154142696629,6.37980984481255,6.27885374695864,6.91505330162283,6.77586823222889,173
"176",2019,9,6.95391304347826,115,7.23835616438356,6.45952380952381,6.3,7.74705882352941,6.81632653061224,73,42,5,17,98,13860,8083,5777,1238,3591,10269,6.81323638455988,7.12259641593468,6.3803893820322,6.27893915185784,6.91899206349206,6.77625433732593,174
"177",2019,10,6.77756730769231,104,6.91616666666667,6.53684210526316,5.8,6.71818181818182,6.78459139784946,66,38,5,11,93,13964,8149,5815,1243,3602,10362,6.81297073116585,7.1209245097558,6.38141177300086,6.27701260659694,6.91837881732371,6.77632916328894,175
"178",2019,11,6.86802919708029,137,7.09407407407407,6.54107142857143,6.61111111111111,7.175,6.78917431192661,81,56,9,28,109,14101,8230,5871,1252,3630,10471,6.81350565846394,7.12066024665857,6.38293467211719,6.27941427316294,6.92035826446281,6.77646287747111,176
"179",2019,12,6.68859259259259,135,7.17230769230769,6.23942857142857,6.0625,6.93809523809524,6.64263157894737,65,70,16,21,114,14236,8295,5941,1268,3651,10585,6.81232110775499,7.12106495840868,6.38124380743983,6.27667718454259,6.92046028485347,6.77502152007558,177
"180",2020,1,7.12807874371859,199,7.30201477876106,6.89953488372093,6.39947368421053,7.35684090909091,7.06313980645161,113,86,19,44,155,14435,8408,6027,1287,3695,10740,6.81667412261863,7.12349684823977,6.3886393661855,6.27849003108003,6.92565669824087,6.77917965176909,178
"181",2020,2,6.762265625,128,7.11876712328767,6.28909090909091,6.04444444444444,6.8,6.75527777777778,73,55,9,20,108,14563,8481,6082,1296,3715,10848,6.81619590468997,7.12345613724797,6.3877391417297,6.27686471450617,6.9249802153432,6.77894169063422,179
"182",2020,3,6.81723623853211,109,6.96358606557377,6.63125,6.5,7.092,6.73546130952381,61,48,8,25,84,14672,8542,6130,1304,3740,10932,6.81620363345147,7.12231447553266,6.38964591517129,6.27823364263804,6.92609665775401,6.77860759330406,180
"183",2020,4,6.80877309090909,165,7.21337873239437,6.50316670212766,5.98333333333333,6.58185185185185,6.85317072463768,71,94,12,27,138,14837,8613,6224,1316,3767,11070,6.81612099952821,7.12306515035411,6.39136040006427,6.27554458206687,6.92362928059464,6.7795371065944,181
"184",2020,5,6.68791977443609,133,6.94375,6.45062797101449,6.33333333333333,6.64969681818182,6.6954954954955,64,69,3,22,111,14970,8677,6293,1319,3789,11181,6.81498200400801,7.12174255387807,6.39201024312729,6.2756760197119,6.92203875164951,6.77870277882122,182
"185",2020,6,6.95501621359223,103,7.30467842105263,6.52173913043478,6.58333333333333,7.06666666666667,6.93137258823529,57,46,6,18,85,15073,8734,6339,1325,3807,11266,6.81593891527897,7.12293643347836,6.39295164221486,6.27706918490566,6.92272257157867,6.77985464583703,183
"186",2020,7,6.98157894736842,114,7.29677419354839,6.60576923076923,6.35714285714286,7.2304347826087,6.91868131868132,62,52,7,23,91,15187,8796,6391,1332,3830,11357,6.81718227892276,7.12416175648022,6.39468322015334,6.27748999249249,6.92457045169713,6.78096701945937,184
"187",2020,8,6.89810606060606,132,7.26830985915493,6.4672131147541,6.27777777777778,6.784,6.92476635514019,71,61,9,25,107,15319,8867,6452,1341,3855,11464,6.81787957895424,7.12531598173001,6.39536894916305,6.27749192393736,6.92365884046693,6.78230918004187,185
"188",2020,9,6.93915094339623,106,7.29083333333333,6.4804347826087,6.375,7.35,6.81234567901235,60,46,4,25,81,15425,8927,6498,1345,3880,11545,6.81871295105348,7.12642845412793,6.39597113881194,6.27778191078067,6.92640588402062,6.78251991684712,186
"189",2020,10,6.86862595419847,131,7.27208333333333,6.37627118644068,5.42857142857143,6.48142857142857,6.94254545454545,72,59,7,21,110,15556,8999,6557,1352,3901,11655,6.81913327783492,7.12759382264696,6.395793878298,6.27338511094675,6.92401046654704,6.78403023938224,187
"190",2020,11,6.69154696132597,181,7.15666666666667,6.23153846153846,6.09153846153846,6.70166666666667,6.68953642384106,90,91,13,30,151,15737,9089,6648,1365,3931,11806,6.81766583656351,7.1278817042579,6.39354549638989,6.27165323809524,6.92231361740015,6.78282165339658,188
"191",2020,12,6.74378881987578,161,7.03636363636364,6.39109589041096,6.15909090909091,6.66176470588235,6.75347222222222,88,73,11,17,144,15898,9177,6721,1376,3948,11950,6.81691767958234,7.12700412008282,6.39351889004613,6.27075339389535,6.92119169959473,6.78246798661088,189
"192",2021,1,6.6441116751269,197,6.86165137614679,6.37465909090909,6.15153846153846,6.51666666666667,6.67260869565217,109,88,13,36,161,16095,9286,6809,1389,3984,12111,6.81480256415036,7.12388938294206,6.39327514466148,6.26963763138949,6.91753635291165,6.78100755016101,190
"193",2021,2,6.69927536231884,138,6.9241935483871,6.51578947368421,5.95454545454545,5.67857142857143,6.81451612903226,62,76,11,14,124,16233,9348,6885,1400,3998,12235,6.81382044415696,7.12256491335045,6.3946275177923,6.26716190714286,6.9131978064032,6.78134715488353,191
"194",2021,3,6.91589721804511,133,7.24397579710145,6.5621875,6.83333333333333,7.00754166666667,6.89571862385321,69,64,6,24,109,16366,9417,6949,1406,4022,12344,6.81464998166931,7.12345451205267,6.39617073823572,6.26957800142248,6.91376077324714,6.7823570779326,192
"195",2021,4,6.58104347826087,115,6.90953846153846,6.154,7,6.66315789473684,6.56479166666667,65,50,4,19,96,16481,9482,6999,1410,4041,12440,6.81301993811055,7.1219880974478,6.39444070010002,6.27165012056738,6.91258248700817,6.78067811655949,193
"196",2021,5,6.82961832061069,131,7.15527777777778,6.43220338983051,6.66666666666667,6.83125,6.82939130434783,72,59,9,16,115,16612,9554,7058,1419,4057,12555,6.81315083072478,7.12223897215826,6.39475637007651,6.27415551092319,6.91226172787774,6.78112431461569,194
"197",2021,6,7.04773195876289,97,7.355,6.54945945945946,5.6,6.8,7.0930487804878,60,37,5,15,82,16709,9614,7095,1424,4072,12637,6.81451263390987,7.12369161015186,6.39556313742072,6.27178839185393,6.91184819007858,6.78314835562238,195
"198",2021,7,6.647,120,7.07666666666667,6.21733333333333,6,7.16666666666667,6.58925925925926,60,60,12,12,108,16829,9674,7155,1436,4084,12745,6.81331817695644,7.12339995244987,6.39406854786863,6.26951717966574,6.91259692213516,6.78150535661044,196
"199",2021,8,6.74512908450704,142,7.21527773809524,6.06422413793103,6.13541666666667,6.46826086956522,6.79864142857143,84,58,12,23,119,16971,9758,7213,1448,4107,12864,6.81274762418243,7.12419086595614,6.39141625675863,6.26840584944751,6.91010855368882,6.78166387593284,197
"200",2021,9,7.11272881355932,118,7.45140845070423,6.60110638297872,6.4,7.03076923076923,7.12287619047619,71,47,5,13,105,17089,9829,7260,1453,4120,12969,6.81481900228217,7.12655452945366,6.39277375482094,6.26885868547832,6.91048927912621,6.78442640912946,198
"201",2021,10,7.00992125984252,127,7.36211267605634,6.56339285714286,6.57857142857143,7.37058823529412,6.95418181818182,71,56,7,17,110,17216,9900,7316,1460,4137,13079,6.81625824407528,7.12824388585859,6.39407975123018,6.27034360958904,6.91237994440416,6.7858541249331,199
"202",2021,11,6.98310344827586,145,7.41388888888889,6.55821917808219,5.95833333333333,6.94259259259259,6.99237288135593,72,73,6,27,118,17361,9972,7389,1466,4164,13197,6.81765174413916,7.13030630465303,6.39570137501692,6.26906662346521,6.91257584774256,6.78770069712814,200
"203",2021,12,6.67011545454545,154,7.09402119047619,6.16142857142857,5.66666666666667,6.55952380952381,6.68757729323308,84,70,9,21,133,17515,10056,7459,1475,4185,13330,6.81635453668284,7.13000320704057,6.39350281002816,6.26539096271186,6.910804260454,6.78670171642911,201
"204",2022,1,6.68213700440529,227,7.14522125984252,6.09402,6,6.83823529411765,6.6546378238342,127,100,12,34,193,17742,10183,7559,1487,4219,13523,6.81463729060985,7.13019300304429,6.38954087313137,6.26324927370545,6.91021944299597,6.78481690305406,202
"205",2022,2,6.81734693877551,147,7.36842105263158,6.22746478873239,5.68,6.96666666666667,6.79246031746032,76,71,10,21,126,17889,10259,7630,1497,4240,13649,6.81465955671083,7.13195782727362,6.38803269462648,6.25935315297261,6.91049901650943,6.78488746281779,203
"206",2022,3,6.81872262773723,137,7.0997619047619,6.57945945945946,7,6.82117647058824,6.818375,63,74,1,17,120,18026,10322,7704,1498,4257,13769,6.81469043659159,7.13176132048053,6.38987142523365,6.25984757676903,6.91014231383603,6.78517931440192,204
"207",2022,4,6.71335616438356,146,7.00238095238095,6.32177419354839,6.5,6.75294117647059,6.70813953488372,84,62,6,17,129,18172,10406,7766,1504,4274,13898,6.81387628274268,7.130716927734,6.38932776976565,6.26080563164894,6.90951704024333,6.78446423801986,205
"208",2022,5,6.9324025974026,154,7.40326086956522,6.23370967741935,6,6.9395,6.93134328358209,92,62,6,20,134,18326,10498,7828,1510,4294,14032,6.8148723021936,7.13310538674033,6.38809522994379,6.25976931788079,6.90965669073125,6.78586687428735,206
"209",2022,6,6.905625,144,7.2072619047619,6.48333333333333,6.61,7.58333333333333,6.80880952380952,84,60,6,18,126,18470,10582,7888,1516,4312,14158,6.81557984894423,7.13369404176904,6.38881965770791,6.26115545514512,6.91246888450835,6.78607105382117,207
"210",2022,7,7.09649305555556,144,7.5146,6.64202898550725,5.86363636363636,7.32173913043478,7.05367768595041,75,69,11,23,121,18614,10657,7957,1527,4335,14279,6.81775302514236,7.13637471614901,6.39101539022245,6.25829185985593,6.91464032987313,6.78833874781147,208
"211",2022,8,6.87354430379747,158,7.132,6.48380952380952,6.42857142857143,6.65952380952381,6.9063503649635,95,63,7,21,137,18772,10752,8020,1534,4356,14416,6.81822260867249,7.13633606305804,6.39174432169576,6.25906888526727,6.91341042929293,6.78946025110988,209
"212",2022,9,6.93237692307692,130,7.19372,6.576,6.45,6.78645,6.95890909090909,75,55,10,20,110,18902,10827,8075,1544,4376,14526,6.81900771399852,7.13673356885564,6.39299931393189,6.26030548575129,6.9128301713894,6.79074342420488,210
"213",2022,10,6.89509090909091,165,7.18778947368421,6.49785714285714,6.22222222222222,7.1696,6.84607142857143,95,70,9,25,140,19067,10922,8145,1553,4401,14666,6.81966611475324,7.13717765519136,6.39390048618785,6.26008478428847,6.91428875937287,6.79127157916269,211
"214",2022,11,6.93965909090909,176,7.40840909090909,6.47090909090909,6.55,6.85555555555556,6.94924050632911,88,88,10,18,158,19243,11010,8233,1563,4419,14824,6.82076359247518,7.13934553587648,6.3947236074335,6.2619396481126,6.91404952025345,6.7929552738802,212
"215",2022,12,6.94875,208,7.13094827586207,6.71902173913043,6.05555555555556,7.1904,6.91573770491803,116,92,9,25,183,19451,11126,8325,1572,4444,15007,6.82213221993728,7.13925798579903,6.39830744264265,6.26075805979644,6.91560414716472,6.79445252082362,213
