"","year","month","avg_rating","no_ratings","avg_rating_owned","avg_rating_not_owned","avg_rating_prev_owned","avg_rating_comment","avg_rating_no_comment","no_ratings_owned","no_ratings_not_owned","no_ratings_prev_owned","no_ratings_comment","no_ratings_no_comment","cum_no_ratings","cum_no_ratings_owned","cum_no_ratings_not_owned","cum_no_ratings_prev_owned","cum_no_ratings_comment","cum_no_ratings_no_comment","cum_avg_rating","cum_avg_rating_owned","cum_avg_rating_not_owned","cum_avg_rating_prev_owned","cum_avg_rating_comment","cum_avg_rating_no_comment","month_after_release"
"1",2005,3,7.5,4,7.66666666666667,7,NA,8,7.33333333333333,3,1,0,1,3,4,3,1,0,1,3,7.5,7.66666666666667,7,NA,8,7.33333333333333,0
"2",2005,4,5.40909090909091,11,7,5.05555555555556,8,5.08333333333333,5.8,2,9,1,6,5,15,5,10,1,7,8,5.96666666666667,7.4,5.25,8,5.5,6.375,1
"3",2005,5,6.31818181818182,11,6.71428571428571,5.625,NA,6.08333333333333,6.6,7,4,0,6,5,26,12,14,1,13,13,6.11538461538461,7,5.35714285714286,8,5.76923076923077,6.46153846153846,2
"4",2005,6,6.25,14,6.77272727272727,4.33333333333333,NA,5.3,6.77777777777778,11,3,0,5,9,40,23,17,1,18,22,6.1625,6.89130434782609,5.17647058823529,8,5.63888888888889,6.59090909090909,3
"5",2005,7,6.49090909090909,22,6.88666666666667,5.64285714285714,6,6.35,6.60833333333333,15,7,1,10,12,62,38,24,2,28,34,6.27903225806452,6.88947368421053,5.3125,7,5.89285714285714,6.59705882352941,4
"6",2005,8,6.7,20,7.19230769230769,5.78571428571429,NA,6.71428571428571,6.66666666666667,13,7,0,14,6,82,51,31,2,42,40,6.38170731707317,6.96666666666667,5.41935483870968,7,6.16666666666667,6.6075,5
"7",2005,9,6.5,5,6.875,5,NA,6,7.25,4,1,0,3,2,87,55,32,2,45,42,6.38850574712644,6.96,5.40625,7,6.15555555555556,6.63809523809524,6
"8",2005,10,6.77777777777778,18,7.54545454545455,5.57142857142857,5,6.41666666666667,7.5,11,7,1,12,6,105,66,39,3,57,48,6.4552380952381,7.05757575757576,5.43589743589744,6.33333333333333,6.21052631578947,6.74583333333333,7
"9",2005,11,5.85714285714286,14,6.25,5.33333333333333,NA,5.83333333333333,5.875,8,6,0,6,8,119,74,45,3,63,56,6.38487394957983,6.97027027027027,5.42222222222222,6.33333333333333,6.17460317460317,6.62142857142857,8
"10",2005,12,6.23809523809524,21,7.18181818181818,5.2,NA,5.42307692307692,7.5625,11,10,0,13,8,140,85,55,3,76,64,6.36285714285714,6.99764705882353,5.38181818181818,6.33333333333333,6.04605263157895,6.7390625,9
"11",2006,1,6.73809523809524,21,6.91176470588235,6,5,6.84615384615385,6.5625,17,4,1,13,8,161,102,59,4,89,72,6.41180124223602,6.98333333333333,5.42372881355932,6,6.16292134831461,6.71944444444444,10
"12",2006,2,6.20588235294118,17,7.07142857142857,5.6,8,6.125,6.4,7,10,1,12,5,178,109,69,5,101,77,6.39213483146067,6.98899082568807,5.44927536231884,6.4,6.15841584158416,6.6987012987013,11
"13",2006,3,6.7,20,7.13333333333333,5.4,NA,6.70833333333333,6.6875,15,5,0,12,8,198,124,74,5,113,85,6.42323232323232,7.00645161290323,5.44594594594595,6.4,6.21681415929203,6.69764705882353,12
"14",2006,4,6.59090909090909,22,6.875,5.83333333333333,6,6.45454545454545,6.72727272727273,16,6,1,11,11,220,140,80,6,124,96,6.44,6.99142857142857,5.475,6.33333333333333,6.23790322580645,6.70104166666667,13
"15",2006,5,6.79166666666667,12,7.11111111111111,5.83333333333333,NA,5.66666666666667,7.91666666666667,9,3,0,6,6,232,149,83,6,130,102,6.45818965517241,6.99865771812081,5.48795180722892,6.33333333333333,6.21153846153846,6.77254901960784,14
"16",2006,6,6.45214285714286,14,6.79125,6,NA,6.5,6.41625,8,6,0,6,8,246,157,89,6,136,110,6.45784552845528,6.98808917197452,5.52247191011236,6.33333333333333,6.22426470588235,6.74663636363636,15
"17",2006,7,6.39473684210526,19,7,5.95454545454545,6,6.28571428571429,6.45833333333333,8,11,1,7,12,265,165,100,7,143,122,6.45332075471698,6.98866666666667,5.57,6.28571428571429,6.22727272727273,6.71827868852459,16
"18",2006,8,6.35,10,6.78571428571429,5.33333333333333,8,6.375,6.33333333333333,7,3,1,4,6,275,172,103,8,147,128,6.44956363636364,6.98040697674419,5.5631067961165,6.5,6.2312925170068,6.700234375,17
"19",2006,9,6.36666666666667,15,7.05555555555556,5.33333333333333,5,6,6.5,9,6,1,4,11,290,181,109,9,151,139,6.44527586206896,6.98414364640884,5.55045871559633,6.33333333333333,6.22516556291391,6.68438848920863,18
"20",2006,10,6.3,25,6.71875,5.55555555555556,6.66666666666667,6.69230769230769,5.875,16,9,3,13,12,315,197,118,12,164,151,6.43374603174603,6.96258883248731,5.55084745762712,6.41666666666667,6.26219512195122,6.62006622516556,19
"21",2006,11,7.06315789473684,19,7.3,6.4,NA,7.14,7.03571428571429,14,5,0,5,14,334,211,123,12,169,165,6.46955089820359,6.98497630331754,5.58536585365854,6.41666666666667,6.28816568047337,6.65533333333333,20
"22",2006,12,6.21219512195122,41,7.24782608695652,4.88888888888889,3.5,6.5875,5.972,23,18,2,16,25,375,234,141,14,185,190,6.44141333333333,7.01081196581197,5.49645390070922,6,6.31405405405406,6.56542105263158,21
"23",2007,1,6.58139534883721,43,6.78,6.30555555555556,NA,5.97692307692308,6.84333333333333,25,18,0,13,30,418,259,159,14,198,220,6.45581339712918,6.98853281853282,5.58805031446541,6,6.29191919191919,6.60331818181818,22
"24",2007,2,6.20048703703704,27,6.6875,5.49210454545455,5,6.2,6.20077352941176,16,11,1,10,17,445,275,170,15,208,237,6.44032168539326,6.97101818181818,5.58184205882353,5.93333333333333,6.2875,6.57444367088608,23
"25",2007,3,6.30434782608696,23,6.75,5.81818181818182,NA,6.21428571428571,6.44444444444444,12,11,0,14,9,468,287,181,15,222,246,6.43363920940171,6.96177700348432,5.59620524861879,5.93333333333333,6.28288288288288,6.56968760162602,24
"26",2007,4,6.27727272727273,22,7.09166666666667,5.3,NA,5.88888888888889,6.54615384615385,12,10,0,9,13,490,299,191,15,231,259,6.42661867346939,6.96698996655518,5.58069712041885,5.93333333333333,6.26753246753247,6.56850637065637,25
"27",2007,5,6.38461538461539,26,6.83333333333333,5.375,NA,6.45454545454545,6.33333333333333,18,8,0,11,15,516,317,199,15,242,274,6.42450222868217,6.95940063091483,5.57242788944724,5.93333333333333,6.27603305785124,6.55563193430657,26
"28",2007,6,6.79565217391304,23,6.97058823529412,6.3,NA,7.42857142857143,6.51875,17,6,0,7,16,539,334,205,15,249,290,6.44033979591837,6.95997005988024,5.59372268292683,5.93333333333333,6.30843373493976,6.55359706896552,27
"29",2007,7,6.45454545454545,22,6.88461538461539,5.83333333333333,NA,6.16666666666667,6.65384615384615,13,9,0,9,13,561,347,214,15,258,303,6.44089688057041,6.9571469740634,5.60379976635514,5.93333333333333,6.30348837209302,6.55789818481848,28
"30",2007,8,6.49090909090909,22,7.2,5.25,NA,6.33333333333333,6.6,14,8,0,9,13,583,361,222,15,267,316,6.44278413379074,6.96656509695291,5.59105022522523,5.93333333333333,6.30449438202247,6.55963022151899,29
"31",2007,9,6.32692307692308,26,6.55263157894737,5.71428571428571,6,6.34375,6.3,19,7,1,16,10,609,380,229,16,283,326,6.43783768472906,6.94586842105263,5.5948172489083,5.9375,6.30671378091873,6.55166610429448,30
"32",2007,10,6.85555555555556,36,7.092,6.31818181818182,7.5,6.07142857142857,7.0448275862069,25,11,2,7,29,645,405,240,18,290,355,6.46115217054263,6.95488888888889,5.62797145833333,6.11111111111111,6.30103448275862,6.59195253521127,31
"33",2007,11,6.51111111111111,45,6.72857142857143,6.15294117647059,7,7.05384615384615,6.290625,28,17,5,13,32,690,433,257,23,303,387,6.46441036231884,6.94025404157044,5.66269708171206,6.30434782608696,6.33333333333333,6.56703656330749,32
"34",2007,12,6.45869565217391,46,6.85333333333333,5.71875,6.875,6.19444444444444,6.62857142857143,30,16,4,18,28,736,463,273,27,321,415,6.46405319293478,6.93462203023758,5.66598223443224,6.38888888888889,6.32554517133956,6.57118831325301,33
"35",2008,1,6.48648648648649,37,7.09523809523809,5.6875,6,5.86666666666667,6.90909090909091,21,16,1,15,22,773,484,289,28,336,437,6.46512697283312,6.94159090909091,5.66717352941177,6.375,6.30505952380952,6.58819942791762,34
"36",2008,2,6.78387096774194,31,7.13636363636364,5.92222222222222,7.5,6.5,6.94,22,9,1,11,20,804,506,298,29,347,457,6.47741685323383,6.95005928853755,5.67487634228188,6.41379310344828,6.31123919308357,6.6035955142232,35
"37",2008,3,6.521875,32,6.46521739130435,6.66666666666667,7,6.02,6.75,23,9,1,10,22,836,529,307,30,357,479,6.47911860047847,6.92897920604915,5.7039516286645,6.43333333333333,6.303081232493,6.61031972860125,36
"38",2008,4,6.33783783783784,37,6.81818181818182,5.63333333333333,5.5,6.60714285714286,6.17391304347826,22,15,2,14,23,873,551,322,32,371,502,6.47313075601375,6.924555353902,5.70066195652174,6.375,6.31455525606469,6.590325,37
"39",2008,5,6.6,23,6.62105263157895,6.5,NA,6.83333333333333,6.45,19,4,0,9,14,896,570,326,32,380,516,6.47638744419643,6.91443859649123,5.71046978527607,6.375,6.32684210526316,6.58651773255814,38
"40",2008,6,6.56764705882353,34,6.7047619047619,6.34615384615385,9,6.48,6.60416666666667,21,13,1,10,24,930,591,339,33,390,540,6.4797238172043,6.90698815566836,5.73484705014749,6.45454545454545,6.33076923076923,6.58730212962963,39
"41",2008,7,6.38055555555556,36,6.83478260869565,5.57692307692308,5,6.04666666666667,6.61904761904762,23,13,1,15,21,966,614,352,34,405,561,6.47602810559006,6.90428338762215,5.72901463068182,6.41176470588235,6.32024691358025,6.58849046345811,40
"42",2008,8,6.26744186046512,43,6.98148148148148,5.0625,4.77777777777778,5.5,6.875,27,16,9,19,24,1009,641,368,43,424,585,6.46713889990089,6.90753510140406,5.70003573369565,6.06976744186047,6.28349056603774,6.6002447008547,41
"43",2008,9,6.86222222222222,45,6.96538461538462,6.72105263157895,7.375,6.74666666666667,6.92,26,19,4,15,30,1054,667,387,47,439,615,6.48400678368121,6.90979010494753,5.75016317829457,6.18085106382979,6.29931662870159,6.6158425203252,42
"44",2008,10,6.5962962962963,27,6.53157894736842,6.75,6.25,6.4,6.64090909090909,19,8,4,5,22,1081,686,395,51,444,637,6.48681142460685,6.89931486880467,5.77041303797468,6.18627450980392,6.30045045045045,6.61670824175824,43
"45",2008,11,6.4875,40,6.95,6.025,6.375,6.60714285714286,6.42307692307692,20,20,4,14,26,1121,706,415,55,458,663,6.48683599464764,6.9007507082153,5.78268228915663,6.2,6.30982532751092,6.60911485671192,44
"46",2008,12,6.35384615384615,39,6.8,5.55714285714286,5.2,7,6.2125,25,14,4,7,32,1160,731,429,59,465,695,6.48236478448276,6.89730506155951,5.77532202797203,6.13220338983051,6.32021505376344,6.59085345323741,45
"47",2009,1,6.44772727272727,44,6.853125,5.36666666666667,4.5,6.4375,6.45,32,12,2,8,36,1204,763,441,61,473,731,6.48109896179402,6.89545216251638,5.76420215419501,6.07868852459016,6.32219873150106,6.58391675786594,46
"48",2009,2,6.11458333333333,48,6.69565217391304,5.58,7,5.88461538461539,6.2,23,25,1,13,35,1252,786,466,62,486,766,6.46704724440895,6.88960559796438,5.75432006437768,6.09354838709677,6.31049382716049,6.5663748694517,47
"49",2009,3,6.20816326530612,49,6.67857142857143,5.58095238095238,5.8,6.31818181818182,6.17631578947368,28,21,4,11,38,1301,814,487,66,497,804,6.45729681014604,6.88234643734644,5.74684425051335,6.07575757575758,6.31066398390342,6.54793924129353,48
"50",2009,4,6.49607843137255,51,6.85483870967742,5.94,6,6.28666666666667,6.58333333333333,31,20,4,15,36,1352,845,507,70,512,840,6.45875972633136,6.88133727810651,5.75446380670611,6.07142857142857,6.3099609375,6.54945613095238,49
"51",2009,5,6.69661016949153,59,6.92727272727273,6.40384615384615,6,6.67142857142857,6.70444444444444,33,26,1,14,45,1411,878,533,71,526,885,6.4687052799433,6.88306378132119,5.78614099437148,6.07042253521127,6.31958174904943,6.55733689265537,50
"52",2009,6,6.43695652173913,46,6.792,6.01428571428571,6.83333333333333,5.83333333333333,6.65,25,21,3,12,34,1457,903,554,74,538,919,6.46770291695264,6.88054263565892,5.79478907942238,6.10135135135135,6.30873605947955,6.56076512513602,51
"53",2009,7,6.75181818181818,55,6.846875,6.6195652173913,6.85714285714286,6.29666666666667,6.9225,32,23,7,15,40,1512,935,577,81,553,959,6.47803779761905,6.87939037433155,5.8276657712305,6.16666666666667,6.30840867992767,6.5758531282586,52
"54",2009,8,6.95267857142857,56,7.09393939393939,6.75,7,6.69444444444444,7.075,33,23,6,18,38,1568,968,600,87,571,997,6.49498925382653,6.88670454545455,5.86302191666667,6.22413793103448,6.32057793345009,6.59487778335005,53
"55",2009,9,6.41363636363636,44,6.52413793103448,6.2,6.5,6.125,6.521875,29,15,4,12,32,1612,997,615,91,583,1029,6.49276870347395,6.87615847542628,5.87124089430894,6.23626373626374,6.31655231560892,6.59260753158406,54
"56",2009,10,6.46759259259259,54,6.86911764705882,5.785,5,6.29411764705882,6.5472972972973,34,20,2,17,37,1666,1031,635,93,600,1066,6.49195267106843,6.87592628516004,5.86852464566929,6.20967741935484,6.31591666666667,6.59103484990619,55
"57",2009,11,6.66119402985075,67,6.99487179487179,6.19642857142857,6.83333333333333,6.56666666666667,6.68846153846154,39,28,3,15,52,1733,1070,663,96,615,1118,6.49849575879977,6.88026168224299,5.88237277526395,6.22916666666667,6.3220325203252,6.59556632379249,56
"58",2009,12,6.64897959183673,49,6.775,6.41176470588235,6.41666666666667,6.66666666666667,6.64651162790698,32,17,6,6,43,1782,1102,680,102,621,1161,6.50263364197531,6.87720508166969,5.89560757352941,6.24019607843137,6.32536231884058,6.59745318690784,57
"59",2010,1,6.38358208955224,67,6.65789473684211,6.02413793103448,5.77777777777778,6.38888888888889,6.38163265306122,38,29,9,18,49,1849,1140,709,111,639,1210,6.49831971335857,6.86989473684211,5.90086480959097,6.2027027027027,6.32715179968701,6.58871334710744,58
"60",2010,2,6.7172131147541,61,7.18918918918919,5.98958333333333,6.5,6.625,6.75,37,24,3,16,45,1910,1177,733,114,655,1255,6.50531054973822,6.87993203058624,5.90376964529332,6.21052631578947,6.33442748091603,6.59449653386454,59
"61",2010,3,6.31612903225806,31,6.69444444444444,5.79230769230769,6.33333333333333,6.62,6.25769230769231,18,13,3,5,26,1941,1195,746,117,660,1281,6.50228910355487,6.87713807531381,5.90182727882038,6.21367521367521,6.33659090909091,6.58766053864169,60
"62",2010,4,6.13939393939394,33,6.65294117647059,5.59375,6.16666666666667,5.725,6.272,17,16,3,8,25,1974,1212,762,120,668,1306,6.49622246707194,6.87399339933994,5.89535846456693,6.2125,6.32926646706587,6.58161803215927,61
"63",2010,5,6.65243902439024,41,6.98518518518518,6.01071428571429,6.5,7.04642857142857,6.44814814814815,27,14,2,14,27,2015,1239,776,122,682,1333,6.49940106699752,6.87641646489104,5.89743962628866,6.2172131147541,6.34398826979472,6.57891459114779,62
"64",2010,6,6.88783783783784,37,7.02708333333333,6.63076923076923,7.16666666666667,7.06363636363636,6.81346153846154,24,13,3,11,26,2052,1263,789,125,693,1359,6.50640504385965,6.87927949327,5.90952237008872,6.24,6.35541125541125,6.58340187637969,63
"65",2010,7,6.01764705882353,34,6.64705882352941,5.38823529411765,5.525,5.83333333333333,6.05714285714286,17,17,4,6,28,2086,1280,806,129,699,1387,6.49843871045062,6.8761953125,5.89852748138958,6.21782945736434,6.35092989985694,6.57277804614275,64
"66",2010,8,6.23023255813953,43,6.61428571428571,5.86363636363636,6.375,5.5,6.34864864864865,21,22,4,6,37,2129,1301,828,133,705,1424,6.49302167684359,6.87196771714066,5.89760042270531,6.22255639097744,6.34368794326241,6.56695445926966,65
"67",2010,9,6.11764705882353,34,6.38888888888889,5.8125,6.25,6,6.14285714285714,18,16,4,6,28,2163,1319,844,137,711,1452,6.48712119741101,6.8653752843063,5.89598714454976,6.22335766423358,6.3407876230661,6.55877627410468,66
"68",2010,10,6.95918367346939,49,7.09090909090909,6.6875,7.2,7.03947368421053,6.90833333333333,33,16,5,19,30,2212,1352,860,142,730,1482,6.49757827757685,6.8708801775148,5.91071296511628,6.25774647887324,6.35897260273973,6.56585232793522,67
"69",2010,11,6.37058823529412,51,6.64193548387097,5.95,6,5.83333333333333,6.44222222222222,31,20,3,6,45,2263,1383,880,145,736,1527,6.49471637207247,6.86574837310195,5.91160585227273,6.25241379310345,6.3546875,6.56220900458415,68
"70",2010,12,6.59583333333333,48,6.87272727272727,5.98666666666667,7.75,6.83333333333333,6.56190476190476,33,15,2,6,42,2311,1416,895,147,742,1569,6.49681659454782,6.86591101694915,5.9128638547486,6.27278911564626,6.35855795148248,6.56220086042065,69
"71",2011,1,6.3864406779661,59,6.80625,5.88888888888889,6.75,6.81666666666667,6.27659574468085,32,27,4,12,47,2370,1448,922,151,754,1616,6.49406883966245,6.86459254143647,5.91216176789588,6.28543046357616,6.36584880636605,6.5538942759901,70
"72",2011,2,6.404,50,6.83939393939394,5.55882352941176,6,6.33333333333333,6.43428571428571,33,17,3,15,35,2420,1481,939,154,769,1651,6.49220791322314,6.86403106009453,5.9057648029819,6.27987012987013,6.36521456436931,6.55135866141732,71
"73",2011,3,6.756,25,6.70769230769231,6.80833333333333,7,6.8125,6.72941176470588,13,12,2,8,17,2445,1494,951,156,777,1668,6.49490517382413,6.86267068273093,5.91715368033649,6.28910256410257,6.36981981981982,6.55317335131895,72
"74",2011,4,6.45,36,6.86,5.9375,5.5,6.38571428571429,6.46551724137931,20,16,4,7,29,2481,1514,967,160,784,1697,6.4942535872632,6.86263540290621,5.91749033092037,6.269375,6.36996173469388,6.55167539776075,73
"75",2011,5,6.48648648648649,37,6.85238095238095,6.00625,6.5,6.66666666666667,6.45161290322581,21,16,2,6,31,2518,1535,983,162,790,1728,6.4941394559174,6.86249511400652,5.91893504577823,6.27222222222222,6.37221518987342,6.54988029513889,74
"76",2011,6,6.24615384615385,26,6.5625,5.74,5.66666666666667,6.28571428571429,6.23157894736842,16,10,3,7,19,2544,1551,993,165,797,1747,6.49160501179245,6.8594003868472,5.917133081571,6.26121212121212,6.37145545796738,6.5464185174585,75
"77",2011,7,6.31081081081081,37,6.65909090909091,5.8,5.25,6.33333333333333,6.30882352941176,22,15,6,3,34,2581,1573,1008,171,800,1781,6.4890132313057,6.85659885568977,5.91539002976191,6.22573099415205,6.3713125,6.54188273441887,76
"78",2011,8,6.13548387096774,31,6.61666666666667,5.46923076923077,6.16666666666667,5.27142857142857,6.3875,18,13,3,7,24,2612,1591,1021,174,807,1805,6.48481743874426,6.85388434946575,5.90970925563173,6.22471264367816,6.36177199504337,6.53983,77
"79",2011,9,6.39298245614035,57,6.81034482758621,5.96071428571429,5.7,6.62,6.31190476190476,29,28,4,15,42,2669,1620,1049,178,822,1847,6.48285618209067,6.85310493827161,5.91107068636797,6.21292134831461,6.36648418491484,6.53464707634001,78
"80",2011,10,6.4875,48,6.7258064516129,6.05294117647059,6,6.6,6.45789473684211,31,17,3,10,38,2717,1651,1066,181,832,1885,6.48293822230401,6.85071471835252,5.91333316135084,6.20939226519337,6.36929086538461,6.53309981432361,79
"81",2011,11,6.51555555555556,45,6.97727272727273,6.07391304347826,6.85714285714286,6.32857142857143,6.55,22,23,7,7,38,2762,1673,1089,188,839,1923,6.48346964156409,6.85237895995218,5.91672465564738,6.23351063829787,6.36895113230036,6.53343377535101,80
"82",2011,12,6.44651162790698,43,6.66764705882353,5.61111111111111,6,6,6.58181818181818,34,9,1,10,33,2805,1707,1098,189,849,1956,6.48290308377897,6.84869947275923,5.91421962659381,6.23227513227513,6.36460541813899,6.53425007668712,81
"83",2012,1,6.53384615384615,65,6.79142857142857,6.23333333333333,6.6,6.63636363636364,6.51296296296296,35,30,5,11,54,2870,1742,1128,194,860,2010,6.4840568466899,6.8475487944891,5.92270669326241,6.24175257731959,6.36808139534884,6.5336781840796,82
"84",2012,2,6.58636363636364,44,6.7551724137931,6.26,6.8,7.18,6.51025641025641,29,15,5,5,39,2914,1771,1143,199,865,2049,6.48560163006177,6.84603613777527,5.92713311461067,6.25577889447236,6.37277456647399,6.53323238164959,83
"85",2012,3,6.86024390243902,41,7.01038461538462,6.6,6,6.5625,6.93242424242424,26,15,3,8,33,2955,1797,1158,202,873,2082,6.49079971235195,6.84841402337229,5.93584900690846,6.2519801980198,6.37451317296678,6.53955963016331,84
"86",2012,4,6.90606060606061,33,6.83636363636364,7.04545454545455,6.4,6.375,7.076,22,11,5,8,25,2988,1819,1169,207,881,2107,6.4953859270415,6.84826827927433,5.94629011976048,6.25555555555556,6.37451759364359,6.54592460844803,85
"87",2012,5,6.54210526315789,38,6.97619047619048,6.00588235294118,7.24,6.15,6.615625,21,17,5,6,32,3026,1840,1186,212,887,2139,6.49597262062129,6.84972826086957,5.94714430860034,6.27877358490566,6.37299887260428,6.54696734455353,86
"88",2012,6,6.41195652173913,46,6.90555555555556,5.71052631578947,5,7.1,6.16911764705882,27,19,4,12,34,3072,1867,1205,216,899,2173,6.49471456705729,6.85053561863953,5.94341340248963,6.25509259259259,6.38270300333704,6.54105529222273,87
"89",2012,7,7.05241379310345,29,7.4,6.28,6.5,6.83333333333333,7.1095652173913,20,9,2,6,23,3101,1887,1214,218,905,2196,6.49993007094486,6.85635930047695,5.94590869028007,6.25733944954129,6.38569060773481,6.54700963114754,88
"90",2012,8,6.659375,32,6.85,5.83333333333333,6,6.58333333333333,6.67692307692308,26,6,2,6,26,3133,1913,1220,220,911,2222,6.50155861793808,6.85627286983795,5.94535504098361,6.255,6.38699231613611,6.54852977047705,89
"91",2012,9,6.48387096774194,31,6.80952380952381,5.8,5,6.35,6.54761904761905,21,10,3,10,21,3164,1934,1230,223,921,2243,6.50138531921619,6.85576525336091,5.94417329268293,6.23811659192825,6.38659066232356,6.54852124386982,90
"92",2012,10,6.93333333333333,30,7.225,6.35,6.75,7.1,6.9,20,10,2,5,25,3194,1954,1240,225,926,2268,6.50544243894803,6.85954452405323,5.94744608870968,6.24266666666667,6.39044276457883,6.55239556878307,91
"93",2012,11,6.61630434782609,46,7.04038461538462,6.065,5.7,6.35,6.69027777777778,26,20,5,10,36,3240,1980,1260,230,936,2304,6.50701640432099,6.86191919191919,5.94931202380952,6.23086956521739,6.39001068376068,6.55454997829861,92
"94",2012,12,6.67777777777778,45,6.83823529411765,6.18181818181818,6.5,7.08333333333333,6.61538461538461,34,11,2,6,39,3285,2014,1271,232,942,2343,6.50935560121766,6.86151936444886,5.95132427222659,6.23318965517241,6.39442675159235,6.55556259069569,93
"95",2013,1,6.77765957446809,47,7.05882352941176,6.04230769230769,4.5,5.85714285714286,6.93875,34,13,2,7,40,3332,2048,1284,234,949,2383,6.51314020108043,6.864794921875,5.95224544392523,6.21837606837607,6.3904636459431,6.56199460763743,94
"96",2013,2,6.638,45,6.93258064516129,5.98571428571429,6.125,6.83333333333333,6.60794871794872,31,14,4,6,39,3377,2079,1298,238,955,2422,6.51480401243708,6.86580567580568,5.95260643297381,6.21680672268908,6.39324607329843,6.56273457886045,95
"97",2013,3,6.1575,40,6.39615384615385,5.71428571428571,7,6.8,6.08611111111111,26,14,1,4,36,3417,2105,1312,239,959,2458,6.51062134913667,6.86000475059383,5.95006337652439,6.22008368200837,6.39494264859228,6.55575392595606,96
"98",2013,4,6.58269230769231,52,6.82162162162162,5.99333333333333,6.5,7.18,6.44047619047619,37,15,2,10,42,3469,2142,1327,241,969,2500,6.51170168636495,6.85934173669468,5.95055248681236,6.22240663900415,6.40304437564499,6.55381726,97
"99",2013,5,6.48783783783784,37,6.722,6,5.5,5.20833333333333,6.73548387096774,25,12,3,6,31,3506,2167,1339,244,975,2531,6.51144984312607,6.8577572681126,5.95099563106796,6.21352459016394,6.39569230769231,6.55604233504544,98
"100",2013,6,6.72571428571429,35,7.2,5.54,5.66666666666667,7.66666666666667,6.53103448275862,25,10,3,6,29,3541,2192,1349,247,981,2560,6.51356767862186,6.86166058394161,5.94794896219422,6.20688259109312,6.40346585117227,6.55575904296875,99
"101",2013,7,6.34666666666667,30,6.89166666666667,5.98333333333333,6.5,6.9,6.236,12,18,4,5,25,3571,2204,1367,251,986,2585,6.51216554186503,6.86182395644283,5.94841488661302,6.21155378486056,6.40598377281947,6.55266659574468,100
"102",2013,8,5.89655172413793,29,6.25,5.31818181818182,5,4.83333333333333,6.17391304347826,18,11,3,6,23,3600,2222,1378,254,992,2608,6.50720643055556,6.85686768676868,5.94338399854862,6.19724409448819,6.39647177419355,6.54932636119632,101
"103",2013,9,6.41463414634146,41,6.88095238095238,5.925,5,5.5,6.57142857142857,21,20,1,6,35,3641,2243,1398,255,998,2643,6.5061640071409,6.85709317877842,5.94312099427754,6.19254901960784,6.39108216432866,6.54961905032161,102
"104",2013,10,6.84885714285714,35,6.90384615384615,6.69,7.33333333333333,6.73727272727273,6.9,26,9,3,11,24,3676,2269,1407,258,1009,2667,6.50942686343852,6.85762891141472,5.94789847192608,6.20581395348837,6.39485629335976,6.55277208473941,103
"105",2013,11,6.6859649122807,57,7.08181818181818,6.14166666666667,5.83333333333333,6.8625,6.65714285714286,33,24,3,8,49,3733,2302,1431,261,1017,2716,6.51212246182695,6.86084274543875,5.95114825296995,6.20153256704981,6.398534906588,6.55465506259205,104
"106",2013,12,6.631,50,6.71621621621622,6.38846153846154,6.66666666666667,6.35714285714286,6.67558139534884,37,13,3,7,43,3783,2339,1444,264,1024,2759,6.51369366904573,6.8585549380077,5.95508528393352,6.20681818181818,6.398251953125,6.55653974266039,105
"107",2014,1,6.34803921568627,51,6.68518518518519,5.96875,7,6.5,6.30625,27,24,2,11,40,3834,2366,1468,266,1035,2799,6.51149012780386,6.85657650042266,5.9553086852861,6.21278195488722,6.39933333333333,6.55296289746338,106
"108",2014,2,6.55806451612903,31,7.07777777777778,5.83846153846154,5.93333333333333,5.6,6.7,18,13,9,4,27,3865,2384,1481,275,1039,2826,6.51186368693402,6.8582466442953,5.95428301823092,6.20363636363636,6.39625601539942,6.55436771054494,107
"109",2014,3,6.64864864864865,37,6.812,6.30833333333333,5,7.025,6.6030303030303,25,12,1,4,33,3902,2409,1493,276,1043,2859,6.51316072526909,6.85776670817767,5.95712870060281,6.19927536231884,6.39866730584851,6.55492939839105,108
"110",2014,4,6.66040277777778,36,6.74444444444444,6.57636111111111,6.9,6.36666666666667,6.71915,18,18,5,6,30,3938,2427,1511,281,1049,2889,6.51450676739462,6.85692624639473,5.96450539377895,6.21174377224199,6.39848427073403,6.55663470058844,109
"111",2014,5,6.51521739130435,46,6.725,6.03571428571429,6.68,6.36,6.53414634146341,32,14,5,5,41,3984,2459,1525,286,1054,2930,6.51451497238956,6.85520943472957,5.9651591147541,6.21993006993007,6.39830170777988,6.55632001706485,110
"112",2014,6,6.52105263157895,19,6.66,6,NA,NA,6.52105263157895,15,4,0,0,19,4003,2474,1529,286,1054,2949,6.51454600299775,6.854025869038,5.96525026160889,6.21993006993007,6.39830170777988,6.55609279416752,111
"113",2014,7,6.69703703703704,27,7.44333333333333,6.1,6.1,7.08,6.6304347826087,12,15,5,4,23,4030,2486,1544,291,1058,2972,6.51576864764268,6.85687047465809,5.96655935880829,6.21786941580756,6.40087901701323,6.55666811911171,112
"114",2014,8,6.62314285714286,35,7.08555555555556,5.0625,7.2,7.235,6.49655172413793,27,8,2,6,29,4065,2513,1552,293,1064,3001,6.51669314883149,6.85932749701552,5.96189925902062,6.22457337883959,6.40558270676692,6.55608718760414,113
"115",2014,9,6.25243902439024,41,6.62083333333333,5.73235294117647,5.725,5.825,6.29864864864865,24,17,6,4,37,4106,2537,1569,299,1068,3038,6.51405446906965,6.85707134410722,5.95941214149139,6.21454849498328,6.40340823970037,6.55295182685978,114
"116",2014,10,6.60958333333333,48,6.99225806451613,5.91176470588235,5.5,6.3125,6.758125,31,17,4,16,32,4154,2568,1586,303,1084,3070,6.51515831728455,6.85870327102804,5.9589014186633,6.20511551155116,6.4020664206642,6.55509043973942,115
"117",2014,11,6.4525,40,7.02857142857143,5.81578947368421,5.83333333333333,6.2,6.48857142857143,21,19,3,5,35,4194,2589,1605,306,1089,3105,6.51456071769194,6.86008111239861,5.95720725856698,6.20147058823529,6.40113865932048,6.55434062801933,116
"118",2014,12,6.27659574468085,47,6.76451612903226,5.33125,6.66666666666667,6.07142857142857,6.3125,31,16,3,7,40,4241,2620,1621,309,1096,3145,6.51192352039613,6.85895038167939,5.95102877853177,6.20598705501618,6.39903284671533,6.55126475357711,117
"119",2015,1,6.34098360655738,61,6.63809523809524,5.68421052631579,6.3,7.07142857142857,6.2462962962963,42,19,4,7,54,4302,2662,1640,313,1103,3199,6.50949968619247,6.85546581517656,5.94793759146341,6.20718849840256,6.40330009066183,6.54611680212567,118
"120",2015,2,6.51,30,6.91111111111111,5.90833333333333,5.375,6.8,6.40454545454545,18,12,4,8,22,4332,2680,1652,317,1111,3221,6.50950315096953,6.85583955223881,5.94764990920097,6.19668769716088,6.40615661566156,6.54514984476871,119
"121",2015,3,6.23586956521739,46,6.60416666666667,5.83409090909091,5.5,5.9375,6.29868421052632,24,22,4,8,38,4378,2704,1674,321,1119,3259,6.50662806075834,6.85360576923077,5.94615749701314,6.1880062305296,6.40280607685433,6.54227605093587,120
"122",2015,4,6.37573529411765,68,6.92560975609756,5.54074074074074,5.25,5.94117647058824,6.52058823529412,41,27,4,17,51,4446,2745,1701,325,1136,3310,6.50462610211426,6.85468123861567,5.93972231040564,6.17646153846154,6.39589788732394,6.54194188821752,121
"123",2015,5,6.34814814814815,54,6.9030303030303,5.47619047619048,4.875,5.98461538461538,6.46341463414634,33,21,4,13,41,4500,2778,1722,329,1149,3351,6.50274836666667,6.85525557955364,5.93406948315912,6.16063829787234,6.39124456048738,6.54098109519547,122
"124",2015,6,6.20588235294118,34,6.54761904761905,5.65384615384615,6.25,4.75,6.4,21,13,4,4,30,4534,2799,1735,333,1153,3381,6.50052219894133,6.85294748124331,5.93196982708934,6.16171171171171,6.38555073720728,6.53973015380065,123
"125",2015,7,6.47023809523809,42,6.63409090909091,6.29,6.475,6.46923076923077,6.47068965517241,22,20,4,13,29,4576,2821,1755,337,1166,3410,6.5002442416958,6.85124069478909,5.93604994301994,6.16543026706231,6.38648370497427,6.5391430058651,124
"126",2015,8,6.77307692307692,39,6.94375,6.5,6.6,6.91666666666667,6.73,24,15,5,9,30,4615,2845,1770,342,1175,3440,6.50254986998916,6.85202108963094,5.94082918079096,6.17178362573099,6.39054468085106,6.54080745639535,125
"127",2015,9,6.67297297297297,37,7.12083333333333,5.84615384615385,5,6.1,6.74242424242424,24,13,2,4,33,4652,2869,1783,344,1179,3473,6.50390534178848,6.8542697804113,5.94013889512058,6.16497093023256,6.38955894826124,6.54272319320472,126
"128",2015,10,6.35946428571429,56,6.59761904761905,5.645,4,6.42857142857143,6.33642857142857,42,14,1,14,42,4708,2911,1797,345,1193,3515,6.50218726635514,6.85056681552732,5.93783953811909,6.15869565217391,6.39001676445934,6.54025822190612,127
"129",2015,11,6.725,52,6.86571428571429,6.43529411764706,7.5,6.57142857142857,6.74888888888889,35,17,2,7,45,4760,2946,1814,347,1200,3560,6.50462135504202,6.85074677528853,5.94250146085998,6.1664265129683,6.391075,6.54289540730337,128
"130",2015,12,6.62936507936508,63,7.28484848484849,5.90833333333333,6.33125,7.14285714285714,6.56517857142857,33,30,8,7,56,4823,2979,1844,355,1207,3616,6.50625080862534,6.85555555555556,5.9419455802603,6.17014084507042,6.39543496271748,6.5432405005531,129
"131",2016,1,6.65510204081633,49,6.89032258064516,6.25,6.5,6.71428571428571,6.6452380952381,31,18,2,7,42,4872,3010,1862,357,1214,3658,6.50774787561576,6.85591362126246,5.94492354994629,6.17198879551821,6.39727347611202,6.54441160470203,130
"132",2016,2,6.35263157894737,38,6.855,5.79444444444444,5,6.56,6.27857142857143,20,18,3,10,28,4910,3030,1880,360,1224,3686,6.50654738289206,6.85590759075908,5.94348279255319,6.16222222222222,6.39860294117647,6.54239220021704,131
"133",2016,3,6.55918367346939,49,7,5.92,5.91666666666667,6.83333333333333,6.4975,29,20,6,9,40,4959,3059,1900,366,1233,3726,6.50706748336358,6.85727361882969,5.94323560526316,6.15819672131147,6.40177615571776,6.54191026570049,132
"134",2016,4,6.34521739130435,46,6.7515625,5.41642857142857,NA,6.58333333333333,6.32860465116279,32,14,0,3,43,5005,3091,1914,366,1236,3769,6.50557995004995,6.85617923002265,5.93938226227795,6.15819672131147,6.40221682847896,6.53947669143009,133
"135",2016,5,6.18867924528302,53,6.75806451612903,5.38636363636364,4.91666666666667,5.0625,6.38888888888889,31,22,6,8,45,5058,3122,1936,372,1244,3814,6.50225932186635,6.85520499679693,5.93309795971074,6.13817204301075,6.39360128617363,6.53769996067121,134
"136",2016,6,6.59339622641509,53,6.77903225806452,6.33181818181818,6.76666666666667,6.59,6.59418604651163,31,22,6,10,43,5111,3153,1958,378,1254,3857,6.50320439248679,6.85445607358072,5.93757796220633,6.14814814814815,6.39516746411483,6.53832969924812,135
"137",2016,7,6.48367647058824,68,6.92342105263158,5.92666666666667,6.4375,5.8125,6.57316666666667,38,30,8,8,60,5179,3191,1988,386,1262,3917,6.50294799189033,6.85527734252586,5.93741330482897,6.15414507772021,6.39147385103011,6.53886332652541,136
"138",2016,8,6.63796296296296,54,6.765,6.47916666666667,6.5,6.8,6.60555555555556,30,24,7,9,45,5233,3221,2012,393,1271,3962,6.50434122874068,6.8544365104005,5.94387557157057,6.16030534351145,6.3943666404406,6.53962081019687,137
"139",2016,9,6.39672131147541,61,6.85714285714286,5.77692307692308,5.5,6.9875,6.30754716981132,35,26,2,8,53,5294,3256,2038,395,1279,4015,6.50310118058179,6.85446560196561,5.94174565750736,6.15696202531645,6.39807662236122,6.53655732254048,138
"140",2016,10,6.88615384615385,65,7.07333333333333,6.465,6.625,6.20909090909091,7.02407407407407,45,20,4,11,54,5359,3301,2058,399,1290,4069,6.50774727561112,6.85744925780067,5.94683073372206,6.16165413533834,6.39646511627907,6.54302719341362,139
"141",2016,11,6.568,75,6.86530612244898,6.00769230769231,7.5,6.58,6.565,49,26,2,15,60,5434,3350,2084,401,1305,4129,6.50857888295914,6.85756417910448,5.94759004318618,6.16832917705736,6.39857471264368,6.54334648825382,140
"142",2016,12,6.73552631578947,76,6.89272727272727,6.32380952380952,6.75,6.5,6.80338983050847,55,21,4,17,59,5510,3405,2105,405,1322,4188,6.51170919237749,6.85813215859031,5.95134330166271,6.17407407407407,6.39987897125567,6.54700994508119,141
"143",2017,1,6.6571,100,6.9388,5.812,4.66666666666667,6.4,6.69895348837209,75,25,3,14,86,5610,3480,2130,408,1336,4274,6.514300828877,6.85987068965518,5.94970781690141,6.16299019607843,6.39988023952096,6.55006730229294,142
"144",2017,2,6.81481481481481,54,7.15277777777778,6.13888888888889,6,7.46666666666667,6.77647058823529,36,18,8,3,51,5664,3516,2148,416,1339,4325,6.51716589865819,6.86286973833903,5.95129313314711,6.15985576923077,6.40227035100822,6.55273702890174,143
"145",2017,3,6.65231884057971,69,7.09210526315789,6.11322580645161,5.35714285714286,7.6875,6.51655737704918,38,31,7,8,61,5733,3554,2179,423,1347,4386,6.51879254317111,6.86532076533484,5.95359690224874,6.14657210401891,6.40990348923534,6.55223384632923,144
"146",2017,4,6.40545454545455,55,6.58064516129032,6.17916666666667,6.125,7.5,6.34230769230769,31,24,4,3,52,5788,3585,2203,427,1350,4438,6.51771555805114,6.86285913528592,5.9560543123014,6.1463700234192,6.41232592592593,6.54977414375845,145
"147",2017,5,6.62307692307692,65,6.955,6.092,6.33333333333333,6.65555555555556,6.61785714285714,40,25,3,9,56,5853,3625,2228,430,1359,4494,6.51888563984282,6.86387586206897,5.95757973518851,6.14767441860465,6.41393671817513,6.55062253004006,146
"148",2017,6,6.60188679245283,53,6.78787878787879,6.295,5.5,6.41666666666667,6.62553191489362,33,20,2,6,47,5906,3658,2248,432,1365,4541,6.51963048594649,6.86319026790596,5.96058169483985,6.14467592592592,6.41394871794872,6.55139785289584,147
"149",2017,7,6.71071428571429,56,7.18,5.92857142857143,6.66666666666667,7.125,6.64166666666667,35,21,3,8,48,5962,3693,2269,435,1373,4589,6.52142530191211,6.86619279718386,5.96028543411194,6.14827586206896,6.41809176984705,6.55234204619743,148
"150",2017,8,6.728125,48,6.90405405405405,6.13636363636364,7,6.99444444444444,6.66666666666667,37,11,4,9,39,6010,3730,2280,439,1382,4628,6.52307614808652,6.86656836461126,5.96113493421052,6.15603644646925,6.42184515195369,6.55330545592049,149
"151",2017,9,6.47472727272727,55,6.83714285714286,5.8405,6.625,6.14285714285714,6.523125,35,20,4,7,48,6065,3765,2300,443,1389,4676,6.52263769991756,6.86629482071714,5.96008593478261,6.16027088036117,6.42043916486681,6.55299564798974,150
"152",2017,10,6.30872727272727,55,6.82108108108108,5.25555555555556,6,6,6.32653846153846,37,18,1,3,52,6120,3802,2318,444,1392,4728,6.52071530228758,6.86585481325618,5.95461503451251,6.15990990990991,6.41953304597701,6.55050500211506,151
"153",2017,11,6.56376811594203,69,6.77111111111111,6.175,6.22222222222222,5.5,6.68387096774194,45,24,9,7,62,6189,3847,2342,453,1399,4790,6.5211952900307,6.86474655575774,5.95687346285226,6.16114790286976,6.41493209435311,6.55223124217119,152
"154",2017,12,6.702,50,7.1,5.92941176470588,6.05,6.125,6.75217391304348,33,17,2,4,46,6239,3880,2359,455,1403,4836,6.52264427792916,6.86674742268042,5.95667556167867,6.16065934065934,6.41410548823949,6.5541330955335,153
"155",2018,1,6.60178571428571,84,6.76290322580645,6.14772727272727,5.6625,6.75,6.57214285714286,62,22,8,14,70,6323,3942,2381,463,1417,4906,6.52369565870631,6.86511415525114,5.95844084418311,6.15205183585313,6.41742413549753,6.55439006318794,154
"156",2018,2,7.06923076923077,65,7.03333333333333,7.15,6.66666666666667,6.5,7.08730158730159,45,20,3,2,63,6388,3987,2401,466,1419,4969,6.52924665779587,6.86701279157261,5.96836636817992,6.15536480686695,6.41754052149401,6.56114663916281,155
"157",2018,3,6.59375,64,6.96279069767442,5.83809523809524,6,6.03636363636364,6.70943396226415,43,21,1,11,53,6452,4030,2422,467,1430,5022,6.52988649256045,6.8680347394541,5.96723684971098,6.15503211991435,6.41460839160839,6.56271159896456,156
"158",2018,4,6.40789473684211,57,6.72096774193548,6.03461538461538,6.16,6.21,6.45,31,26,5,10,47,6509,4061,2448,472,1440,5069,6.52881819787986,6.86691209061808,5.96795247140523,6.15508474576271,6.4131875,6.56166653186033,157
"159",2018,5,6.67692307692308,65,6.93947368421053,6.30740740740741,6.75714285714286,7.22727272727273,6.56481481481481,38,27,7,11,54,6574,4099,2475,479,1451,5123,6.53028257529662,6.86758477677483,5.97165561616161,6.16388308977035,6.41935906271537,6.56169971696272,158
"160",2018,6,6.58161290322581,31,6.851875,6.29333333333333,6,6.1875,6.64,16,15,2,4,27,6605,4115,2490,481,1455,5150,6.53052348978047,6.86752369380316,5.97359343373494,6.16320166320166,6.41872164948454,6.56211022330097,159
"161",2018,7,6.688,50,7.35161290322581,5.60526315789474,5.6,7.87142857142857,6.4953488372093,31,19,5,7,43,6655,4146,2509,486,1462,5193,6.53170663410969,6.87114327062229,5.97080416500598,6.15740740740741,6.42567715458276,6.56155741382631,160
"162",2018,8,6.69,55,7.11756756756757,5.81111111111111,6,7.10555555555556,6.60869565217391,37,18,2,9,46,6710,4183,2527,488,1471,5239,6.53300412071535,6.87332297394215,5.96966666007123,6.15676229508197,6.42983684568321,6.56197130177515,161
"163",2018,9,6.48804347826087,46,6.53709677419355,6.38666666666667,6.6,6.9,6.4593023255814,31,15,3,3,43,6756,4214,2542,491,1474,5282,6.53269799437537,6.87084954912198,5.97212732100708,6.15947046843177,6.43079375848033,6.56113548845135,162
"164",2018,10,6.85928571428571,56,7.37485714285714,6,5.875,7.475,6.69136363636364,35,21,4,12,44,6812,4249,2563,495,1486,5326,6.53538280240752,6.87500117674747,5.97235569644947,6.15717171717172,6.43922611036339,6.56221134998123,163
"165",2018,11,6.32272727272727,66,6.64615384615385,5.85555555555556,7,6.19230769230769,6.35471698113208,39,27,2,13,53,6878,4288,2590,497,1499,5379,6.53334219976738,6.87291977611941,5.97113808880309,6.16056338028169,6.43708472314877,6.56016688046105,164
"166",2018,12,6.55867924528302,53,6.839375,6.13095238095238,6.525,7.64285714285714,6.39369565217391,32,21,6,7,46,6931,4320,2611,503,1506,5425,6.53353594719377,6.8726712962963,5.97242345844504,6.16491053677932,6.44268924302789,6.55875532718894,165
"167",2019,1,6.52585858585859,99,6.93476923076923,5.74411764705882,4.66666666666667,6.64615384615385,6.50767441860465,65,34,6,13,86,7030,4385,2645,509,1519,5511,6.53342783072546,6.87359179019385,5.96948871455576,6.14724950884086,6.44443054641211,6.55795820177826,166
"168",2019,2,6.90232142857143,56,7.00066666666667,6.5,5,6.3625,6.99229166666667,45,11,1,8,48,7086,4430,2656,510,1527,5559,6.53634316257409,6.87488261851016,5.97168586219879,6.145,6.4440013097577,6.56170851771902,167
"169",2019,3,6.54830985915493,71,6.98955555555556,5.78461538461538,4.33333333333333,6.07272727272727,6.6355,45,26,3,11,60,7157,4475,2682,513,1538,5619,6.53646187648456,6.87603575418995,5.96987235272185,6.13440545808967,6.44134590377113,6.56249646734295,168
"170",2019,4,6.41317073170732,41,6.76689655172414,5.55833333333333,6,6,6.43435897435897,29,12,1,2,39,7198,4504,2694,514,1540,5658,6.53575960683523,6.87533303730018,5.96803921677802,6.1341439688716,6.44077272727273,6.56161322905621,169
"171",2019,5,6.5485555,60,6.66891891891892,6.35492739130435,5.85714285714286,5.64285714285714,6.66817603773585,37,23,7,7,53,7258,4541,2717,521,1547,5711,6.535865387159,6.87365117815459,5.97131430990062,6.13042226487524,6.43716224951519,6.56260216774646,170
"172",2019,6,6.7819696969697,66,7.23361111111111,6.24,6.18,6.71666666666667,6.7885,36,30,5,6,60,7324,4577,2747,526,1553,5771,6.5380831485527,6.8764824120603,5.97424862759374,6.13089353612167,6.43824211204121,6.56495078495928,171
"173",2019,7,6.73255813953488,43,7.06333333333333,5.96923076923077,6.5,6.6,6.75,30,13,2,5,38,7367,4607,2760,528,1558,5809,6.53921826795168,6.87769915346213,5.97422499275362,6.13229166666667,6.43876123234917,6.56616129798589,172
"174",2019,8,6.54266666666667,75,6.80196078431373,5.99166666666667,6.21428571428571,6.33333333333333,6.57121212121212,51,24,7,9,66,7442,4658,2784,535,1567,5875,6.53925302069336,6.87686990124517,5.97437535201149,6.13336448598131,6.43815571155073,6.56621803914894,173
"175",2019,9,6.53095242857143,70,6.85481488888889,5.948,6.5,6.5,6.53439158730159,45,25,1,7,63,7512,4703,2809,536,1574,5938,6.53917567225772,6.87665887093345,5.97414061231755,6.13404850746269,6.43843074968234,6.56588037217919,174
"176",2019,10,6.82141393442623,61,7.22729166666667,5.92421052631579,6.31666666666667,6.77,6.83149509803922,42,19,3,10,51,7573,4745,2828,539,1584,5989,6.54144908226595,6.87976246996839,5.97380515558699,6.13506493506494,6.44052398989899,6.56814224411421,175
"177",2019,11,6.62313432835821,67,6.69117647058824,6.40625,6.5,6.5,6.6375,51,16,5,7,60,7640,4796,2844,544,1591,6049,6.54216543193717,6.87775707256047,5.97623803797468,6.13841911764706,6.44078566939032,6.5688302033394,176
"178",2019,12,6.34084507042254,71,6.61304347826087,5.84,5.4,5.5,6.44761904761905,46,25,5,8,63,7711,4842,2869,549,1599,6112,6.54031174944884,6.87524223874432,5.97505088184036,6.13169398907104,6.43607879924953,6.56758080824607,177
"179",2020,1,6.54089215686275,102,6.92792537313433,5.8,5.125,6.22182352941176,6.60470588235294,67,35,4,17,85,7813,4909,2904,553,1616,6197,6.54031932676309,6.87596127928295,5.97294110881543,6.1244122965642,6.43382487623763,6.56809002743263,178
"180",2020,2,6.3335253125,64,6.7566405,5.62833333333333,6,5.75,6.39389,40,24,4,6,58,7877,4949,2928,557,1622,6255,6.53863914180526,6.8749968761366,5.97011645491803,6.12351885098743,6.43129531442663,6.56647474340528,179
"181",2020,3,6.48670136363636,66,6.74867365853659,6.0570668,5.48333333333333,5.23333333333333,6.61203816666667,41,25,6,6,60,7943,4990,2953,563,1628,6315,6.53820758025935,6.8739589498998,5.97085257365391,6.11669626998224,6.42688022113022,6.56690765003959,180
"182",2020,4,6.49423076923077,52,6.77567567567568,5.8,7,5.41666666666667,6.63478260869565,37,15,1,6,46,7995,5027,2968,564,1634,6361,6.53792155222014,6.87323555997613,5.96998910040431,6.11826241134752,6.42317074663403,6.56739849237541,181
"183",2020,5,6.65144927536232,69,6.85877192982456,5.66666666666667,5.75,7.15,6.56694915254237,57,12,2,10,59,8064,5084,2980,566,1644,6420,6.53889295758928,6.87307339889851,5.96876766778523,6.11696113074205,6.42759184914842,6.56739436292835,182
"184",2020,6,7.09148936170213,47,7.24253971428571,6.65092583333333,6.5,6.92,7.11190476190476,35,12,2,5,42,8111,5119,2992,568,1649,6462,6.54209503267168,6.87559954092596,5.97150359625668,6.11830985915493,6.42908489993936,6.57093342773135,183
"185",2020,7,6.82857142857143,49,7.04705882352941,6.33333333333333,6.5,7,6.82127659574468,34,15,3,2,47,8160,5153,3007,571,1651,6509,6.54381529534314,6.87673084610906,5.97330853342201,6.12031523642732,6.42977649909146,6.57274109847903,184
"186",2020,8,6.52222227272727,66,6.67101456521739,6.18,6.14285714285714,6,6.5744445,46,20,7,6,60,8226,5199,3027,578,1657,6569,6.54364204716752,6.8749106982112,5.97467418566237,6.12058823529412,6.42822027761014,6.57275665702542,185
"187",2020,9,6.77917045454545,44,6.88656451612903,6.52307692307692,6.9,6,6.90219736842105,31,13,2,6,38,8270,5230,3040,580,1663,6607,6.54489516082225,6.87497977437859,5.97701932894737,6.12327586206897,6.42667528562838,6.5746514272741,186
"188",2020,10,6.785,68,6.95673469387755,6.34210526315789,6,7.27777777777778,6.70983050847458,49,19,1,9,59,8338,5279,3059,581,1672,6666,6.54685331974094,6.87573862852813,5.97928694344557,6.12306368330465,6.43125657894737,6.57584788178818,187
"189",2020,11,6.6796875,64,6.81632653061224,6.23333333333333,8,7.5,6.625,49,15,1,4,60,8402,5328,3074,582,1676,6726,6.5478651487741,6.87519223348349,5.9805265972674,6.12628865979381,6.43380727923628,6.57628634849836,188
"190",2020,12,6.58235294117647,68,6.74166666666667,6.2,5.5,7.5,6.525,48,20,2,4,64,8470,5376,3094,584,1680,6790,6.5481420283353,6.87400004092262,5.98194530058177,6.12414383561644,6.43634583333333,6.57580294256259,189
"191",2021,1,6.7433002970297,101,7.00735038461538,5.84782608695652,5.8,7.0875,6.71369172043011,78,23,5,8,93,8571,5454,3117,589,1688,6883,6.55044175825458,6.87590714154749,5.98095564966314,6.1213921901528,6.43943187203792,6.57766603370623,190
"192",2021,2,6.74263888888889,72,6.87907407407407,6.33333333333333,5.7,7.70454545454545,6.56918032786885,54,18,5,11,61,8643,5508,3135,594,1699,6944,6.55204284507694,6.87593818990559,5.9829788708134,6.11784511784512,6.44762271924662,6.57759149049539,191
"193",2021,3,7.01306327586207,58,7.19821146341463,6.56652941176471,6.66666666666667,5.72183333333333,7.16205134615385,41,17,3,6,52,8701,5549,3152,597,1705,6996,6.55511596138375,6.87831937646423,5.9861261928934,6.12060301507538,6.44506862170088,6.58193567467124,192
"194",2021,4,6.87294865384615,52,6.92422756097561,6.68181818181818,7,6.66666666666667,6.88557816326531,41,11,2,3,49,8753,5590,3163,599,1708,7045,6.55700414829201,6.87865609123435,5.98854560859943,6.12353923205342,6.44545784543326,6.58404759545777,193
"195",2021,5,6.5859375,64,6.73404255319149,6.17647058823529,6,6.25,6.60833333333333,47,17,4,4,60,8817,5637,3180,603,1712,7105,6.55721416695021,6.87745033705872,5.98955023899371,6.12271973466003,6.4450011682243,6.58425268261787,194
"196",2021,6,6.59130434782609,46,6.9969696969697,5.56153846153846,2.75,6.75,6.55789473684211,33,13,2,8,38,8863,5670,3193,605,1720,7143,6.55739109895069,6.87814595238095,5.98780762918885,6.11157024793389,6.44641976744186,6.58411246115078,195
"197",2021,7,6.79803921568627,51,7.19142857142857,5.9375,6.25,6.7,6.8219512195122,35,16,4,10,41,8914,5705,3209,609,1730,7184,6.55876792797846,6.88006793163891,5.98755679650981,6.11247947454844,6.44788554913295,6.58546983713808,196
"198",2021,8,6.82135593220339,59,6.96976744186046,6.4225,6.98666666666667,6.972,6.80740740740741,43,16,3,5,54,8973,5748,3225,612,1735,7238,6.56049451799844,6.88073896137787,5.98971465426356,6.11676470588235,6.44939596541787,6.58712563000829,197
"199",2021,9,6.66,65,6.74791666666667,6.41176470588235,6,6.23333333333333,6.75660377358491,48,17,3,12,53,9038,5796,3242,615,1747,7291,6.56121014715645,6.87963898378192,5.99192774830351,6.11619512195122,6.4479118488838,6.58835760663832,198
"200",2021,10,6.82881355932203,59,6.98695652173913,6.26923076923077,3.5,7.25,6.79818181818182,46,13,2,4,55,9097,5842,3255,617,1751,7346,6.56294573046059,6.88048400376583,5.99303525652842,6.10771474878444,6.44974414620217,6.58992857473455,199
"201",2021,11,6.62191780821918,73,6.86851851851852,5.92105263157895,4.66666666666667,6.8,6.60882352941176,54,19,3,5,68,9170,5896,3274,620,1756,7414,6.56341519193021,6.88037441485753,5.99261751985339,6.10074193548387,6.45074145785877,6.5901018761802,200
"202",2021,12,6.56789112244898,98,6.76878787878788,6.1535415625,6.38888888888889,7.07777777777778,6.5163295505618,66,32,9,9,89,9268,5962,3306,629,1765,7503,6.56346252050065,6.87913913955049,5.99417516333938,6.10486486486486,6.4539388101983,6.58922679461549,201
"203",2022,1,6.7216333,100,6.883291625,6.075,7,6.4,6.75737033333333,80,20,1,10,90,9368,6042,3326,630,1775,7593,6.56515093616567,6.87919412115194,5.99466118159952,6.10628571428571,6.45363492957747,6.59121980376663,202
"204",2022,2,6.69809519480519,77,6.79222215686274,6.51346153846154,5.25,5.75,6.80801927536232,51,26,4,8,69,9445,6093,3352,634,1783,7662,6.56623475913182,6.87846614311505,5.99868528937947,6.1008832807571,6.45047784632642,6.59317218741843,203
"205",2022,3,6.6424201369863,73,6.95729166666667,6.0378668,6,6.21,6.70322921875,48,25,2,9,64,9518,6141,3377,636,1792,7726,6.56681907648666,6.8790822683602,5.99897535090317,6.10056603773585,6.44927008928572,6.59408386875485,204
"206",2022,4,6.54974358974359,78,6.69038461538462,6.26846153846154,7,5.73333333333333,6.61777777777778,52,26,1,6,72,9596,6193,3403,637,1798,7798,6.56668028032514,6.87749785402874,6.00103431090214,6.10197802197802,6.44688097886541,6.59430263785586,205
"207",2022,5,6.73276923076923,65,7.0854347826087,5.87894736842105,5.75,6.95909090909091,6.68666666666667,46,19,4,11,54,9661,6239,3422,641,1809,7852,6.56779774039954,6.87903096810386,6.0003564465225,6.09978159126365,6.44999557766722,6.59493784640856,206
"208",2022,6,6.52651515151515,66,6.78645833333333,5.83333333333333,4.83333333333333,7,6.44196428571429,48,18,6,10,56,9727,6287,3440,647,1819,7908,6.56751762825126,6.87832419436933,5.99948248837209,6.0880370942813,6.4530192413414,6.59385457384927,207
"209",2022,7,6.51965517241379,58,7.01777777777778,5.70454545454545,5.25,7,6.4428,36,22,2,8,50,9785,6323,3462,649,1827,7958,6.56723392641799,6.87911817333544,5.99760824956672,6.08545454545455,6.45541434044882,6.59290550012566,208
"210",2022,8,6.81585074626866,67,7.18876923076923,6.29642857142857,6,7.454,6.7859375,39,28,4,3,64,9852,6362,3490,653,1830,8022,6.56892468229801,6.88101638006916,6.00000566189112,6.08493108728943,6.45705136612022,6.59444552106707,209
"211",2022,9,6.56417910447761,67,6.86585365853659,6.08846153846154,6,6.26,6.61754385964912,41,26,2,10,57,9919,6403,3516,655,1840,8079,6.56889262728098,6.8809192893956,6.00065977246871,6.08467175572519,6.45598043478261,6.59460848743656,210
"212",2022,10,6.87710843373494,83,7.04444444444444,6.35,7,6.275,6.97887323943662,63,20,1,12,71,10002,6466,3536,656,1852,8150,6.57145030693861,6.88251255954222,6.00263567873303,6.08606707317073,6.45480777537797,6.59795606993865,211
"213",2022,11,6.66086956521739,92,6.84769230769231,6.21111111111111,3,7.12142857142857,6.57820512820513,65,27,1,14,78,10094,6531,3563,657,1866,8228,6.57226530315039,6.88216600979942,6.00421548133595,6.0813698630137,6.45980921757771,6.59776883446767,212
"214",2022,12,6.70117647058824,85,6.86666666666667,6.41290322580645,5.5,6.9,6.67466666666667,54,31,1,10,75,10179,6585,3594,658,1876,8303,6.57334177915316,6.88203890812453,6.00774061213133,6.08048632218845,6.46215565031983,6.59846344333373,213
