"","year","month","avg_rating","no_ratings","avg_rating_owned","avg_rating_not_owned","avg_rating_prev_owned","avg_rating_comment","avg_rating_no_comment","no_ratings_owned","no_ratings_not_owned","no_ratings_prev_owned","no_ratings_comment","no_ratings_no_comment","cum_no_ratings","cum_no_ratings_owned","cum_no_ratings_not_owned","cum_no_ratings_prev_owned","cum_no_ratings_comment","cum_no_ratings_no_comment","cum_avg_rating","cum_avg_rating_owned","cum_avg_rating_not_owned","cum_avg_rating_prev_owned","cum_avg_rating_comment","cum_avg_rating_no_comment","month_after_release"
"1",2005,3,7,2,7,NA,NA,7,NA,2,0,0,2,0,2,2,0,0,2,0,7,7,NA,NA,7,NA,-1
"2",2005,4,6.27777777777778,18,7.58333333333333,5.625,5.5,5.75,6.9375,6,12,2,10,8,20,8,12,2,12,8,6.35,7.4375,5.625,5.5,5.95833333333333,6.9375,0
"3",2005,5,7.304,20,7.96769230769231,6.07142857142857,NA,6.8,7.808,13,7,0,10,10,40,21,19,2,22,18,6.827,7.76571428571429,5.78947368421053,5.5,6.34090909090909,7.42111111111111,1
"4",2005,6,7.04736842105263,19,7.37777777777778,6.75,NA,6.98888888888889,7.1,9,10,0,9,10,59,30,29,2,31,28,6.89796610169492,7.64933333333333,6.12068965517241,5.5,6.52903225806452,7.30642857142857,2
"5",2005,7,7.22666666666667,21,8.11222222222222,6.5625,NA,6.58333333333333,7.70916666666667,9,12,0,9,12,80,39,41,2,40,40,6.98425,7.75615384615385,6.25,5.5,6.54125,7.42725,3
"6",2005,8,7.48181818181818,11,7.75,7.16,NA,8.45,6.92857142857143,6,5,0,4,7,91,45,46,2,44,47,7.0443956043956,7.75533333333333,6.34891304347826,5.5,6.71477272727273,7.35297872340425,4
"7",2005,9,7.903125,16,8.1875,7.61875,NA,7.595,8.41666666666667,8,8,0,10,6,107,53,54,2,54,53,7.17280373831776,7.82056603773585,6.53703703703704,5.5,6.87777777777778,7.47339622641509,5
"8",2005,10,6.89130434782609,23,7.83333333333333,5.86363636363636,NA,6.80769230769231,7,12,11,0,13,10,130,65,65,2,67,63,7.123,7.82292307692308,6.42307692307692,5.5,6.86417910447761,7.39825396825397,6
"9",2005,11,6.64583333333333,24,7.65,5.92857142857143,7,6.61111111111111,6.66666666666667,10,14,1,9,15,154,75,79,3,76,78,7.04863636363636,7.79986666666667,6.33544303797468,6,6.83421052631579,7.2575641025641,7
"10",2005,12,7.64130434782609,23,7.75,7.5,7.25,7.78571428571429,7.578125,13,10,2,7,16,177,88,89,5,83,94,7.12564971751412,7.7925,6.46629213483146,6.5,6.9144578313253,7.31212765957447,8
"11",2006,1,7.13541666666667,24,7.59090909090909,6.75,6.75,7.075,7.17857142857143,11,13,3,10,14,201,99,102,8,93,108,7.12681592039801,7.77010101010101,6.50245098039216,6.59375,6.93172043010753,7.29481481481481,9
"12",2006,2,6.85333333333333,15,7.7,6.43,5.5,6.45,7,5,10,1,4,11,216,104,112,9,97,119,7.10782407407407,7.76673076923077,6.49598214285714,6.47222222222222,6.91185567010309,7.26756302521008,10
"13",2006,3,7.02777777777778,18,7.45,6.5,NA,7,7.03571428571429,10,8,0,4,14,234,114,120,9,101,133,7.10166666666667,7.73894736842105,6.49625,6.47222222222222,6.91534653465347,7.24315789473684,11
"14",2006,4,7.25,8,8,7,7.25,7.125,7.375,2,6,2,4,4,242,116,126,11,105,137,7.10657024793388,7.74344827586207,6.52023809523809,6.61363636363636,6.92333333333333,7.24700729927007,12
"15",2006,5,7.10714285714286,14,7.16666666666667,7.0625,8,7.125,7.1,6,8,1,4,10,256,122,134,12,109,147,7.1066015625,7.71508196721311,6.55261194029851,6.72916666666667,6.93073394495413,7.23700680272109,13
"16",2006,6,7.085,12,7.05777777777778,7.16666666666667,NA,7,7.17,9,3,0,6,6,268,131,137,12,115,153,7.10563432835821,7.66992366412214,6.56605839416058,6.72916666666667,6.93434782608696,7.23437908496732,14
"17",2006,7,6.69444444444444,27,7.3125,6.2,10,6.45,7,12,15,1,15,12,295,143,152,13,130,165,7.068,7.63993006993007,6.52993421052632,6.98076923076923,6.87846153846154,7.21733333333333,15
"18",2006,8,6.45833333333333,12,7.5,5.71428571428571,7,6,7.375,5,7,2,8,4,307,148,159,15,138,169,7.04416938110749,7.6352027027027,6.4940251572327,6.98333333333333,6.82753623188406,7.2210650887574,16
"19",2006,9,7.5,18,7.75,7,7.5,7.57142857142857,7.45454545454545,12,6,2,7,11,325,160,165,17,145,180,7.06941538461538,7.6438125,6.51242424242424,7.04411764705882,6.86344827586207,7.23533333333333,17
"20",2006,10,7,21,7.61111111111111,6.54166666666667,8,6.72727272727273,7.3,9,12,1,11,10,346,169,177,18,156,190,7.06520231213873,7.64207100591716,6.51440677966102,7.09722222222222,6.85384615384615,7.23873684210526,18
"21",2006,11,6.655,20,7.18888888888889,6.21818181818182,NA,6.575,6.70833333333333,9,11,0,8,12,366,178,188,18,164,202,7.0427868852459,7.61915730337079,6.49707446808511,7.09722222222222,6.84024390243902,7.20722772277228,19
"22",2006,12,6.98888888888889,27,7.34666666666667,6.54166666666667,7,7.38571428571429,6.85,15,12,1,7,20,393,193,200,19,171,222,7.03908396946565,7.5979792746114,6.49975,7.09210526315789,6.8625730994152,7.17504504504504,20
"23",2007,1,7.04827586206897,29,7.67142857142857,6.46666666666667,7,7,7.08235294117647,14,15,3,12,17,422,207,215,22,183,239,7.03971563981043,7.60294685990338,6.49744186046512,7.07954545454545,6.87158469945355,7.16845188284519,21
"24",2007,2,6.80595,21,7.66666666666667,6.1604125,7,6.78571428571429,6.81606785714286,9,12,1,7,14,443,216,227,23,190,253,7.0286341986456,7.60560185185185,6.47962533039648,7.07608695652174,6.86842105263158,7.1489523715415,22
"25",2007,3,6.98333333333333,24,7.17647058823529,6.51428571428571,NA,7.28888888888889,6.8,17,7,0,9,15,467,233,234,23,199,268,7.02630610278373,7.57429184549356,6.48066217948718,7.07608695652174,6.88743718592965,7.12942145522388,23
"26",2007,4,7.47826086956522,23,7.93333333333333,6.625,NA,6.88888888888889,7.85714285714286,15,8,0,9,14,490,248,242,23,208,282,7.04752030612245,7.59600806451613,6.48543367768595,7.07608695652174,6.8875,7.16554946808511,24
"27",2007,5,6.64259259259259,27,6.98529411764706,6.06,7,5.91818181818182,7.140625,17,10,2,11,16,517,265,252,25,219,298,7.02637321083172,7.55683018867925,6.46855138888889,7.07,6.83881278538813,7.16421124161074,25
"28",2007,6,7.19772727272727,22,7.56785714285714,6.55,9.1,7.71666666666667,6.83846153846154,14,8,1,9,13,539,279,260,26,228,311,7.0333672541744,7.5573835125448,6.4710575,7.14807692307692,6.8734649122807,7.15059469453376,26
"29",2007,7,6.68571428571429,28,7.81818181818182,5.95294117647059,7,6.86428571428571,6.50714285714286,11,17,2,14,14,567,290,277,28,242,325,7.01619920634921,7.56727586206897,6.43925974729242,7.1375,6.87293388429752,7.12287676923077,27
"30",2007,8,6.93333333333333,18,7,6.82857142857143,NA,7.26,6.80769230769231,11,7,0,5,13,585,301,284,28,247,338,7.01364948717949,7.54654485049834,6.44885545774648,7.1375,6.88076923076923,7.11075428994083,28
"31",2007,9,7.15434782608696,23,7.59583333333333,6.67272727272727,6.24,7.33333333333333,6.95909090909091,12,11,5,12,11,608,313,295,33,259,349,7.01897195723684,7.54843450479233,6.45720322033898,7.00151515151515,6.90173745173745,7.10597406876791,29
"32",2007,10,6.78965517241379,29,7.34,6.5,6,6.54444444444444,6.9,10,19,1,9,20,637,323,314,34,268,369,7.00853210361067,7.54198142414861,6.45979283439491,6.97205882352941,6.88973880597015,7.09481016260163,30
"33",2007,11,5.97285714285714,35,7.16666666666667,5.35,7,6.75416666666667,5.56521739130435,12,23,1,12,23,672,335,337,35,280,392,6.95459069940476,7.52853731343284,6.38405029673591,6.97285714285714,6.88392857142857,7.00506364795918,31
"34",2007,12,6.94027027027027,37,7.70588235294118,6.2895,8,6.639,7.05185185185185,17,20,2,10,27,709,352,357,37,290,419,6.95384337094499,7.53710227272727,6.37875336134454,7.02837837837838,6.87548275862069,7.00807863961814,32
"35",2008,1,7.18666666666667,30,7.28666666666667,7.08666666666667,NA,7.22727272727273,7.16315789473684,15,15,0,11,19,739,367,372,37,301,438,6.9632949255751,7.52686648501363,6.40729825268817,7.02837837837838,6.88833887043189,7.01480582191781,33
"36",2008,2,7.025,20,7.25,6.8,7,6.3,7.26666666666667,10,10,1,5,15,759,377,382,38,306,453,6.96492088274045,7.5195225464191,6.41757840314136,7.02763157894737,6.87872549019608,7.02314558498896,34
"37",2008,3,7.66071428571429,28,7.92380952380952,6.87142857142857,7.03333333333333,7.49090909090909,7.77058823529412,21,7,3,11,17,787,398,389,41,317,470,6.98967592121982,7.54085427135679,6.42574537275064,7.02804878048781,6.89996845425867,7.05018074468085,35
"38",2008,4,7.15384615384615,39,7.5,6.75,6,6.27272727272727,7.5,21,18,3,11,28,826,419,407,44,328,498,6.99742730024213,7.53880668257757,6.44008587223587,6.95795454545455,6.87893292682927,7.0754717871486,36
"39",2008,5,7.22,25,7.66666666666667,6.80769230769231,NA,7.4375,7.11764705882353,12,13,0,8,17,851,431,420,44,336,515,7.00396586368978,7.54236658932715,6.45146416666667,6.95795454545455,6.89223214285714,7.07686398058252,37
"40",2008,6,7.61433333333333,24,8.21107692307692,6.90909090909091,6,8.05314285714286,7,13,11,1,14,10,875,444,431,45,350,525,7.02070737142857,7.56194594594595,6.46314373549884,6.93666666666667,6.93866857142857,7.07539990476191,38
"41",2008,7,7.04,30,7.48125,6.53571428571429,6.28571428571429,6.96428571428571,7.10625,16,14,7,14,16,905,460,445,52,364,541,7.02134690607735,7.55913913043478,6.46542685393259,6.84903846153846,6.93965384615385,7.07631229205176,39
"42",2008,8,7.46833333333333,30,7.97,6.96666666666667,6.5,7.46,7.47,15,15,3,5,25,935,475,460,55,369,566,7.03568871657754,7.57211368421053,6.48177163043478,6.83,6.94670460704607,7.09370132508834,40
"43",2008,9,6.8551724137931,29,7.19230769230769,6.58125,6.375,6.65384615384615,7.01875,13,16,4,13,16,964,488,476,59,382,582,7.03025824688797,7.56199590163935,6.48511544117647,6.79915254237288,6.93673821989529,7.09164080756014,41
"44",2008,10,6.94393939393939,33,7.42916666666667,6.66666666666667,5.94444444444444,6.61538461538461,7.1575,12,21,9,13,20,997,500,497,68,395,602,7.02740115346038,7.558808,6.49278661971831,6.68602941176471,6.92616202531646,7.09382882059801,42
"45",2008,11,7.3203125,32,7.96428571428571,6.81944444444444,7.2,7.16666666666667,7.3804347826087,14,18,5,9,23,1029,514,515,73,404,625,7.03651015549077,7.56985214007782,6.50420378640777,6.72123287671233,6.9315198019802,7.10437592,43
"46",2008,12,7.03103448275862,29,7.31578947368421,6.49,6,6.92,7.08947368421053,19,10,5,10,19,1058,533,525,78,414,644,7.03636006616257,7.56079549718574,6.50393323809524,6.675,6.93124154589372,7.10393625776397,44
"47",2009,1,6.86125,40,7.06111111111111,6.44615384615385,5.25,7.57777777777778,6.65322580645161,27,13,2,9,31,1098,560,538,80,423,675,7.0299808287796,7.53670357142857,6.50253708178439,6.639375,6.94499763593381,7.08323696296296,45
"48",2009,2,6.55384615384615,65,7.36875,6.28775510204082,6.66666666666667,6.36,6.612,16,49,9,15,50,1163,576,587,89,438,725,7.00336969045572,7.53203819444445,6.48460809199319,6.64213483146067,6.92496347031963,7.05073786206897,46
"49",2009,3,7.025,50,7.69782608695652,6.45185185185185,6.5,7.04545454545455,7.01923076923077,23,27,4,11,39,1213,599,614,93,449,764,7.00426129431162,7.5384040066778,6.48316767100977,6.63602150537634,6.92791536748329,7.04912951570681,47
"50",2009,4,6.88606557377049,61,7.468,6.48194444444444,6.25,6.66666666666667,6.93979591836735,25,36,4,12,49,1274,624,650,97,461,813,6.99860200156986,7.53558333333333,6.48309992307692,6.62010309278351,6.92111496746204,7.04253991389914,48
"51",2009,5,6.9725,40,7.67692307692308,6.63333333333333,6.5,7.45833333333333,6.76428571428571,13,27,4,12,28,1314,637,677,101,473,841,6.99780742009132,7.53846781789639,6.48909150664697,6.61534653465347,6.93474418604651,7.03327580261593,49
"52",2009,6,6.729,50,7.41176470588235,6.37727272727273,6.10714285714286,6.8,6.70405405405405,17,33,7,13,37,1364,654,710,108,486,878,6.98795377565982,7.53517431192661,6.48389429577465,6.58240740740741,6.93113991769547,7.01940199316629,50
"53",2009,7,6.81829268292683,41,7.30882352941176,6.47083333333333,6.5625,6.94,6.74807692307692,17,24,8,15,26,1405,671,734,116,501,904,6.9830028113879,7.52943964232489,6.48346723433243,6.58103448275862,6.93140518962076,7.0115983960177,51
"54",2009,8,7.15151515151515,33,7.36666666666667,6.97222222222222,6.5,6,7.40740740740741,15,18,4,6,27,1438,686,752,120,507,931,6.98686992350487,7.5258804664723,6.49516615691489,6.57833333333333,6.92038264299803,7.02307728249194,52
"55",2009,9,6.975,32,7.58928571428571,6.49722222222222,6.5,7.60714285714286,6.798,14,18,5,7,25,1470,700,770,125,514,956,6.98661153061224,7.52714857142857,6.49521422077922,6.5752,6.92973540856031,7.01719137029289,53
"56",2009,10,6.92021276595745,47,7.425,6.65967741935484,6.9,6.87916666666667,6.93428571428571,16,31,6,12,35,1517,716,801,131,526,991,6.98455435069215,7.52486592178771,6.50157921348315,6.59007633587786,6.92858174904943,7.01426331987891,54
"57",2009,11,6.95714285714286,49,7.15294117647059,6.853125,6.75,6.58823529411765,7.153125,17,32,8,17,32,1566,733,833,139,543,1023,6.98369664750958,7.51624010914052,6.51508397358944,6.59928057553957,6.91792633517495,7.01860698924731,55
"58",2009,12,7.08048780487805,41,7.54,6.81538461538462,6.75,7.20833333333333,7.02758620689655,15,26,8,12,29,1607,748,859,147,555,1052,6.98616611698818,7.51671657754011,6.52417339930151,6.60748299319728,6.9242054054054,7.01885451520913,56
"59",2010,1,6.81637931034483,58,7.70384615384615,6.0953125,6.6,7.29166666666667,6.69239130434783,26,32,7,12,46,1665,774,891,154,567,1098,6.98025162162162,7.52300258397933,6.50877098765432,6.60714285714286,6.9319823633157,7.00517755009107,57
"60",2010,2,6.946875,32,7.44166666666667,6.65,5.66666666666667,7,6.92916666666667,12,20,3,8,24,1697,786,911,157,575,1122,6.97962224513848,7.52176081424937,6.51187151481888,6.58917197452229,6.93292869565217,7.00355164884135,58
"61",2010,3,7.38928571428571,28,7.79444444444444,6.66,7.125,7.75,7.36153846153846,18,10,4,2,26,1725,804,921,161,577,1148,6.98627185507246,7.52786567164179,6.51347985884908,6.60248447204969,6.93576083188908,7.0116593641115,59
"62",2010,4,7.03888888888889,27,7.4,6.95681818181818,6.8,6.625,7.11086956521739,5,22,5,4,23,1752,809,943,166,581,1171,6.98708273401826,7.52707540173053,6.52382285259809,6.60843373493976,6.93362134251291,7.01360798462852,60
"63",2010,5,6.75,25,7.25,6.41666666666667,6.375,6.65625,6.79411764705882,10,15,4,8,17,1777,819,958,170,589,1188,6.98374729881823,7.52369230769231,6.52214504175365,6.60294117647059,6.92985398981324,7.01046712962963,61
"64",2010,6,7.18571428571429,28,7.58888888888889,6.99473684210526,6.5,7,7.208,9,19,5,3,25,1805,828,977,175,592,1213,6.98688030470914,7.52440096618358,6.53133567041965,6.6,6.93020945945946,7.01453829348722,62
"65",2010,7,6.82631578947368,19,7.25,6.51818181818182,7.5,7.6,6.55,8,11,1,5,14,1824,836,988,176,597,1227,6.98520775767544,7.52177511961723,6.53118922064777,6.60511363636364,6.93581909547739,7.00923793806031,63
"66",2010,8,6.59354838709677,31,7.49285714285714,5.85294117647059,4,6.625,6.58260869565217,14,17,1,8,23,1855,850,1005,177,605,1250,6.97866250673854,7.52129882352941,6.51971636815921,6.59039548022599,6.93170909090909,7.00138796,64
"67",2010,9,6.42380952380952,21,6.87142857142857,6.2,6.6,6.5,6.41578947368421,7,14,3,2,19,1876,857,1019,180,607,1269,6.97245146588486,7.51599066511085,6.51532379784102,6.59055555555556,6.93028665568369,6.99262013396375,65
"68",2010,10,6.99761904761905,42,7.70714285714286,6.64285714285714,6.71428571428571,6.59166666666667,7.16,14,28,7,12,30,1918,871,1047,187,619,1299,6.97300258081335,7.51906314580942,6.51873443170965,6.5951871657754,6.92372213247173,6.99648571978445,66
"69",2010,11,7.06285714285714,35,7.25,6.96521739130435,6,7.25,7.03870967741936,12,23,1,4,31,1953,883,1070,188,623,1330,6.97461287762417,7.51540656851642,6.52833172897196,6.59202127659574,6.92581701444623,6.99746988721804,67
"70",2010,12,6.71052631578947,19,7.33333333333333,6.42307692307692,7.5,7.75,6.43333333333333,6,13,2,4,15,1972,889,1083,190,627,1345,6.97206843306288,7.51417772778403,6.52706828254848,6.60157894736842,6.93107496012759,6.99117840148699,68
"71",2011,1,7.08772727272727,44,7.77777777777778,6.61,6.8,7.58333333333333,7.00947368421053,18,26,3,6,38,2016,907,1109,193,633,1383,6.97459273313492,7.51940904079383,6.52901257889991,6.60466321243523,6.93725750394945,6.99168109182936,69
"72",2011,2,6.84791666666667,24,7.46,6.41071428571429,6.75,7.21428571428571,6.69705882352941,10,14,4,7,17,2040,917,1123,197,640,1400,6.97310242647059,7.51876117775355,6.52753780053428,6.60761421319797,6.9402875,6.98810353571429,70
"73",2011,3,6.4297619047619,42,7.22,5.99074074074074,5.21428571428571,6,6.50138888888889,15,27,7,6,36,2082,932,1150,204,646,1436,6.96214166666667,7.51395278969957,6.51493473913044,6.55980392156863,6.93155417956656,6.97590177576602,71
"74",2011,4,6.75185185185185,27,7.42857142857143,6.02307692307692,6.4,8.66666666666667,6.5125,14,13,2,3,24,2109,946,1163,206,649,1460,6.95944947842579,7.51268921775899,6.50943675838349,6.55825242718447,6.93957473035439,6.96828421232877,72
"75",2011,5,7.01818181818182,22,7.58333333333333,6.80625,7,7.75,6.85555555555556,6,16,3,4,18,2131,952,1179,209,653,1478,6.96005581886438,7.51313445378152,6.51346475826972,6.56459330143541,6.94453905053599,6.96691133288227,73
"76",2011,6,6.83695652173913,23,7.375,6.55,6.375,6.75,6.86764705882353,8,15,4,6,17,2154,960,1194,213,659,1495,6.95874138811513,7.51198333333334,6.51392374371859,6.56103286384977,6.94276783004552,6.96578257525084,74
"77",2011,7,7.525,20,7.80666666666667,6.68,NA,8.66,7.14666666666667,15,5,0,5,15,2174,975,1199,213,664,1510,6.96395075896964,7.51651692307693,6.51461630525438,6.56103286384977,6.95569879518072,6.96757943708609,75
"78",2011,8,6.784,25,7.71428571428571,6.42222222222222,6.58333333333333,6.33333333333333,6.84545454545455,7,18,6,3,22,2199,982,1217,219,667,1532,6.96190493406094,7.5179266802444,6.51324975349219,6.56164383561644,6.95289955022489,6.96582568537859,76
"79",2011,9,7.21095238095238,21,7.66666666666667,6.86916666666667,7,7.715,7.15789473684211,9,12,4,2,19,2220,991,1229,223,669,1551,6.96426078828829,7.5192774974773,6.51672493897478,6.5695067264574,6.955177877429,6.96817856221792,77
"80",2011,10,6.7875,32,7.57142857142857,6.17777777777778,6.2,7.24,6.7037037037037,14,18,7,5,27,2252,1005,1247,230,674,1578,6.96174908969805,7.52000398009951,6.51183235765838,6.55826086956522,6.95729080118694,6.9636533269962,78
"81",2011,11,6.38636363636364,22,6.95,5.91666666666667,5.8,5,6.69444444444444,10,12,3,4,18,2274,1015,1259,233,678,1596,6.95618247581354,7.5143881773399,6.50615961080223,6.54849785407725,6.94574336283186,6.96061713659148,79
"82",2011,12,6.932,25,7.15,6.73076923076923,6.33333333333333,6.85714285714286,6.96111111111111,12,13,3,7,18,2299,1027,1272,236,685,1614,6.95591950848195,7.51013047711782,6.50845514937107,6.54576271186441,6.94483795620438,6.96062264560099,80
"83",2012,1,7.42906976744186,43,7.92045454545455,6.91428571428571,6.6,7.99166666666667,7.33783783783784,22,21,5,6,37,2342,1049,1293,241,691,1651,6.96460672502135,7.51873593898952,6.51504636504254,6.54688796680498,6.95392764109986,6.96907628709873,81
"84",2012,2,7.4,30,7.91176470588235,6.73076923076923,7.375,7.65,7.275,17,13,4,10,20,2372,1066,1306,245,701,1671,6.97011338532884,7.52500375234522,6.51719368300153,6.56040816326531,6.96385734664765,6.97273785158588,82
"85",2012,3,6.896875,32,7.7,6.18823529411765,6.125,6.05,6.95333333333333,15,17,4,2,30,2404,1081,1323,249,703,1701,6.96913849833611,7.52743200740056,6.51296670445956,6.55341365461847,6.96125746799431,6.9723956202234,83
"86",2012,4,6.76842105263158,19,7.025,6.58181818181818,6,NA,6.76842105263158,8,11,1,0,19,2423,1089,1334,250,703,1720,6.96756456871647,7.52374104683196,6.51353444527736,6.5512,6.96125746799431,6.9701424127907,84
"87",2012,5,7.12631578947368,19,7.625,6.76363636363636,6.83333333333333,7.3,7.06428571428571,8,11,3,5,14,2442,1097,1345,253,708,1734,6.96879973382473,7.52447948951687,6.51557988847584,6.55454545454546,6.96364971751412,6.97090250865052,85
"88",2012,6,6.84375,16,7.125,6.5625,6.375,6,6.96428571428571,8,8,4,2,14,2458,1105,1353,257,710,1748,6.96798574043938,7.52158733031674,6.51585731707317,6.55175097276265,6.96093521126761,6.97084951372998,86
"89",2012,7,6.8595,20,7.3,6.49909090909091,5,7.25,6.81611111111111,9,11,1,2,18,2478,1114,1364,258,712,1766,6.96711014931396,7.51979712746858,6.51572210410557,6.54573643410853,6.96174719101124,6.96927233861835,87
"90",2012,8,6.8685,20,7.23857142857143,6.66923076923077,6.38571428571429,7.53333333333333,6.58357142857143,7,13,7,6,14,2498,1121,1377,265,718,1780,6.96632063650921,7.51804103479037,6.51717135076253,6.54150943396226,6.96652367688022,6.96623873595506,88
"91",2012,9,7.15625,16,7.125,7.16666666666667,6.83333333333333,7.5,7.07692307692308,4,12,3,3,13,2514,1125,1389,268,721,1793,6.96752941527446,7.51664355555556,6.52278254139669,6.54477611940299,6.96874341192788,6.9670412437256,89
"92",2012,10,6.9695652173913,23,7.1875,6.85333333333333,6.75,7.33333333333333,6.84117647058823,8,15,2,6,17,2537,1133,1404,270,727,1810,6.96754787150177,7.51431950573699,6.52631406695157,6.5462962962963,6.97175240715268,6.96585908839779,90
"93",2012,11,7.45263157894737,38,7.8,6.85714285714286,7.25,7.5,7.44375,24,14,4,6,32,2575,1157,1418,274,733,1842,6.97470638834951,7.52024546240277,6.5295803596615,6.55656934306569,6.97607639836289,6.97416121064061,91
"94",2012,12,7.27083333333333,24,7.40909090909091,7.15384615384615,7,6.8,7.39473684210526,11,13,4,5,19,2599,1168,1431,278,738,1861,6.97744091958445,7.51919863013699,6.53525153738645,6.56294964028777,6.97488346883469,6.97845510478238,92
"95",2013,1,7.20882352941176,34,7.57368421052632,6.74666666666667,6.5,6.6,7.31379310344828,19,15,2,5,29,2633,1187,1446,280,743,1890,6.98042876946449,7.52007076663859,6.53744464038728,6.5625,6.97236069986541,6.9836005026455,93
"96",2013,2,6.56875,24,7.59285714285714,6.14705882352941,6,6.7,6.53421052631579,7,17,2,5,19,2657,1194,1463,282,748,1909,6.97671018065487,7.52049748743719,6.53290837320574,6.55851063829787,6.97054010695187,6.97912778941854,94
"97",2013,3,7.13666666666667,30,7.175,7.11111111111111,NA,7.66666666666667,7.07777777777778,12,18,0,3,27,2687,1206,1481,282,751,1936,6.97849607368813,7.51705970149254,6.53993582039163,6.55851063829787,6.97332090545939,6.98050358987603,95
"98",2013,4,6.78823529411765,17,7.43333333333333,6.43636363636364,7,7.225,6.65384615384615,6,11,2,4,13,2704,1212,1492,284,755,1949,6.97729990754438,7.51664521452146,6.53917221849866,6.56161971830986,6.97465430463576,6.97832475628528,96
"99",2013,5,7.52592592592593,27,7.85294117647059,6.97,7.01666666666667,7.33333333333333,7.55,17,10,6,3,24,2731,1229,1502,290,758,1973,6.98272389234712,7.5212969894223,6.5420405792277,6.57103448275862,6.97607387862797,6.98527873796249,97
"100",2013,6,6.975,12,7.3,6.8125,8,6,7.06363636363636,4,8,1,1,11,2743,1233,1510,291,759,1984,6.98269010207802,7.5205790754258,6.54347347682119,6.57594501718213,6.97478787878788,6.98571318044355,98
"101",2013,7,6.78928571428571,28,7.47916666666667,6.271875,5.875,6.84375,6.7675,12,16,8,8,20,2771,1245,1526,299,767,2004,6.98073581739444,7.52017991967872,6.5406257863696,6.55719063545151,6.97342112125163,6.98353540419162,99
"102",2013,8,7.10714285714286,14,7.71428571428571,6.5,6.875,7.625,6.9,7,7,4,4,10,2785,1252,1533,303,771,2014,6.98137125673249,7.52126517571885,6.54044028049576,6.56138613861386,6.97680155642023,6.9831206305859,100
"103",2013,9,7.075,36,7.87368421052632,6.18235294117647,7,5.85,7.425,19,17,1,8,28,2821,1271,1550,304,779,2042,6.98256609358383,7.52653343823761,6.53651287096774,6.56282894736842,6.9652297817715,6.98917970127326,101
"104",2013,10,6.72173913043478,23,7.59166666666667,5.77272727272727,5.33333333333333,6,6.87368421052632,12,11,3,4,19,2844,1283,1561,307,783,2061,6.98045673347398,7.52714263445051,6.53113065342729,6.55081433224756,6.96029885057471,6.98811496846191,102
"105",2013,11,6.925,36,7.75,6.1,7.16,7.66666666666667,6.85757575757576,18,18,5,3,33,2880,1301,1579,312,786,2094,6.97976352430555,7.53022598001538,6.52621592780241,6.56057692307692,6.96299491094148,6.98605776026743,103
"106",2013,12,6.85,28,7.15,6.68333333333333,6.52857142857143,6.16666666666667,6.932,10,18,7,3,25,2908,1311,1597,319,789,2119,6.97851408184319,7.52732570556827,6.52798681903569,6.55987460815047,6.9599670468948,6.98541998584238,104
"107",2014,1,6.71176470588235,34,7.425,6.32272727272727,5.75,6.01666666666667,6.86071428571429,12,22,6,6,28,2942,1323,1619,325,795,2147,6.97543132222977,7.52639758125473,6.52519762198888,6.54492307692308,6.95284779874214,6.98379364229157,105
"108",2014,2,6.93333333333333,27,7.08,6.75,6.5,8.1,6.66818181818182,15,12,4,5,22,2969,1338,1631,329,800,2169,6.97504848433816,7.52139312406578,6.52685159411404,6.54437689969605,6.9600175,6.98059241585984,106
"109",2014,3,7.3948275862069,29,7.7225,6.66666666666667,6.66666666666667,7.94375,7.18571428571429,20,9,3,8,21,2998,1358,1640,332,808,2190,6.97910905603736,7.52435493372607,6.52761887195122,6.54548192771084,6.96975742574257,6.98255933789954,107
"110",2014,4,6.33333333333333,15,6.83333333333333,6,7,6.5,6.30769230769231,6,9,2,2,13,3013,1364,1649,334,810,2203,6.9758941088616,7.52131524926687,6.52473920557914,6.54820359281437,6.9685975308642,6.97857691783931,108
"111",2014,5,7.20307692307692,26,7.73076923076923,6.67538461538462,6.66333333333333,8,6.964,13,13,3,6,20,3039,1377,1662,337,816,2223,6.97783775913129,7.52329266521424,6.52591753910951,6.54922848664688,6.97618137254902,6.97844577147998,109
"112",2014,6,6.93333333333333,12,7.73333333333333,6.66666666666667,6.33333333333333,6.975,6.9125,3,9,3,4,8,3051,1380,1671,340,820,2231,6.97766271714192,7.52374927536233,6.52667561340515,6.54732352941177,6.9761756097561,6.97820930076199,110
"113",2014,7,7.1,10,7.2,7,7,6,7.22222222222222,5,5,1,1,9,3061,1385,1676,341,821,2240,6.97806238157465,7.52258050541517,6.52808767899762,6.54865102639296,6.97498660170524,6.97918970982143,111
"114",2014,8,7.29333333333333,15,7.8,6.53333333333333,NA,7.375,7.2,9,6,0,8,7,3076,1394,1682,341,829,2247,6.97959978868661,7.52437159253946,6.52810639120095,6.54865102639296,6.97884680337756,6.97987759234535,112
"115",2014,9,6.98571428571429,28,7.6125,6.735,7.5,6.76,7.03478260869565,8,20,3,5,23,3104,1402,1702,344,834,2270,6.97965494523196,7.52487446504994,6.53053757344301,6.55694767441861,6.97753477218225,6.98043389867841,113
"116",2014,10,6.68095238095238,21,7.91428571428571,6.06428571428571,7,7.5,6.59473684210526,7,14,1,2,19,3125,1409,1716,345,836,2289,6.977647664,7.52680908445707,6.52673365384616,6.55823188405797,6.97878468899522,6.97723239405854,114
"117",2014,11,7.28918918918919,37,7.63571428571429,7.07826086956522,6.94,7.41818181818182,7.23461538461538,14,23,5,11,26,3162,1423,1739,350,847,2315,6.98129315306768,7.52788053408293,6.53402814836113,6.56368571428571,6.98449114521842,6.98012308855292,115
"118",2014,12,7.09722222222222,18,7.6875,5.91666666666667,6.8,7.575,6.96071428571429,12,6,1,4,14,3180,1435,1745,351,851,2329,6.98194935534591,7.52921533101046,6.53190541547278,6.56435897435898,6.98726674500588,6.98000641906398,116
"119",2015,1,7.31714285714286,35,7.36875,7.27368421052632,7.6,7.55,7.28709677419355,16,19,5,4,31,3215,1451,1764,356,855,2360,6.98559842923795,7.52744589937974,6.53989509637189,6.57890449438202,6.98989941520468,6.98404023305085,117
"120",2015,2,7.032,25,7.75,6.36923076923077,7.33333333333333,7.6,6.89,12,13,3,5,20,3240,1463,1777,359,860,2380,6.98595646604938,7.52927136021873,6.53864656724817,6.58520891364903,6.99344651162791,6.9832499789916,118
"121",2015,3,7.4421724137931,29,7.55714285714286,7.40559090909091,6.72433333333333,6.8365,7.48703703703704,7,22,3,2,27,3269,1470,1799,362,862,2407,6.99000365555215,7.52940408163266,6.54924844357977,6.58636187845304,6.99308236658933,6.98890110095555,119
"122",2015,4,7.376,35,7.73181818181818,6.77384615384615,8.5,7.45,7.36068965517241,22,13,2,6,29,3304,1492,1812,364,868,2436,6.99409259987893,7.53238873994639,6.55085979580574,6.59687637362637,6.99624078341014,6.99332715517241,120
"123",2015,5,7.25166666666667,30,7.39,6.975,6.83333333333333,7,7.302,20,10,3,5,25,3334,1512,1822,367,873,2461,6.99641030293941,7.5305052910053,6.55318767837541,6.59880926430518,6.99626231386025,6.99646279967493,121
"124",2015,6,7.341,20,7.68181818181818,6.92444444444444,6.664,7.864,7.16666666666667,11,9,5,5,15,3354,1523,1831,372,878,2476,6.99846510137149,7.53159816152331,6.55501253413436,6.59968548387097,7.00120387243736,6.99749392164782,122
"125",2015,7,7.22307692307692,26,7.8,6.8,6.83333333333333,7.08333333333333,7.265,11,15,3,6,20,3380,1534,1846,375,884,2496,7.00019288461538,7.53352281616689,6.55700322318527,6.60155466666667,7.00176131221719,6.99963739983974,123
"126",2015,8,6.94558823529412,34,7.3125,6.61944444444444,6.9375,7.05,6.92758620689655,16,18,4,5,29,3414,1550,1864,379,889,2525,6.99964907732864,7.53124129032259,6.55760619635193,6.60510026385224,7.00203262092238,6.99880988118812,124
"127",2015,9,7.18289473684211,38,7.95588235294118,6.55714285714286,6.5,6.69444444444444,7.33448275862069,17,21,5,9,29,3452,1567,1885,384,898,2554,7.00166626593279,7.53584811742183,6.55760103448276,6.60373177083333,6.99894988864142,7.00262135865309,125
"128",2015,10,7.17625,40,7.82647058823529,6.69565217391304,6,6.8125,7.2671875,17,23,2,8,32,3492,1584,1908,386,906,2586,7.00366607961054,7.53896717171718,6.55926517295598,6.60060362694301,6.99730353200883,7.00589518561485,126
"129",2015,11,6.91366666666667,45,7.3946875,6.64827586206897,6.66666666666667,7.30375,6.87560975609756,16,29,3,4,41,3537,1600,1937,389,910,2627,7.00252104891151,7.537524375,6.56059780588539,6.60111311053985,6.99865054945055,7.00386180053293,127
"130",2015,12,7.40255813953488,43,7.5047619047619,7.305,8.05,7.38714285714286,7.40555555555556,21,22,4,7,36,3580,1621,1959,393,917,2663,7.00732596368715,7.53709993830969,6.56895760592139,6.61586005089058,7.00161613958561,7.00929213293278,128
"131",2016,1,6.95681818181818,44,7.64090909090909,6.27272727272727,6.35714285714286,7.25714285714286,6.9,22,22,7,7,37,3624,1643,1981,400,924,2700,7.00671273454746,7.53848995739501,6.56566781928319,6.6113325,7.00355194805195,7.00779442592593,129
"132",2016,2,7.23484848484848,33,7.76428571428571,6.84473684210526,6.63125,7.75,7.16379310344828,14,19,8,4,29,3657,1657,2000,408,928,2729,7.0087713836478,7.54039770669886,6.568318975,6.61172303921569,7.00676939655172,7.00945216196409,130
"133",2016,3,6.93,40,7.703125,6.41458333333333,6.83333333333333,7.1875,6.865625,16,24,3,8,32,3697,1673,2024,411,936,2761,7.00791911008926,7.5419539748954,6.56649602272727,6.61334063260341,7.0083141025641,7.007785204636,131
"134",2016,4,7.27485714285714,35,7.60227272727273,6.72076923076923,6,6.92,7.334,22,13,1,5,30,3732,1695,2037,412,941,2791,7.01042254823151,7.54273687315635,6.56748058419244,6.61185194174757,7.00784484590861,7.011291633823,132
"135",2016,5,7.3,31,7.83571428571429,6.85882352941176,7.05714285714286,8.25,7.072,14,17,7,6,25,3763,1709,2054,419,947,2816,7.01280811852245,7.54513692217672,6.56989189386563,6.61929116945107,7.01571488912355,7.01183059303977,133
"136",2016,6,7.19565217391304,23,8.13076923076923,5.98,5.9,5.16666666666667,7.5,13,10,2,3,20,3786,1722,2064,421,950,2836,7.01391889857369,7.5495580720093,6.56703389050388,6.61587410926366,7.00987578947368,7.01527325458392,134
"137",2016,7,6.41818181818182,33,7.11538461538461,5.965,6.3,6.375,6.432,13,20,5,8,25,3819,1735,2084,426,958,2861,7.00877113118617,7.54630489913545,6.56125621401152,6.61216666666667,7.00457411273486,7.01017649423279,135
"138",2016,8,6.84347826086957,23,7.55,6.3,5.75,5.16666666666667,7.095,10,13,2,3,20,3842,1745,2097,428,961,2881,7.00778161114003,7.54632607449857,6.55963659990463,6.60813785046729,6.99883662851197,7.01076534189518,136
"139",2016,9,7.21333333333333,30,7.78571428571429,6.7125,7,7.64285714285714,7.08260869565217,14,16,3,7,23,3872,1759,2113,431,968,2904,7.00937421229339,7.54823138146675,6.56079410790346,6.61086542923434,7.00349380165289,7.01133434917355,137
"140",2016,10,7.0075,40,7.475,6.80714285714286,7.07142857142857,7.3,6.975,12,28,7,4,36,3912,1771,2141,438,972,2940,7.00935504856851,7.54773517786562,6.56401585707613,6.61822602739726,7.00471399176955,7.01088943877551,138
"141",2016,11,6.81333333333333,30,7.61538461538461,6.2,7.3,7.125,6.76538461538462,13,17,1,4,26,3942,1784,2158,439,976,2966,7.00786325469305,7.54822813901346,6.56114826227989,6.61977904328018,7.00520696721312,7.00873733985165,139
"142",2016,12,7.17424242424242,33,8.08333333333333,6.41666666666667,7,7.1875,7.17241379310345,15,18,1,4,29,3975,1799,2176,440,980,2995,7.00924451572327,7.55268982768205,6.55995310202206,6.62064318181818,7.00595102040816,7.0103221869783,140
"143",2017,1,6.72446808510638,47,7.00588235294118,6.565,6.225,6.875,6.71046511627907,17,30,6,4,43,4022,1816,2206,446,984,3038,7.00591669567379,7.5475710352423,6.56002173617407,6.61532062780269,7.00541869918699,7.00607799539171,141
"144",2017,2,6.92,29,7.18428571428571,6.67333333333333,6.33333333333333,5.5,7.08384615384615,14,15,3,3,26,4051,1830,2221,449,987,3064,7.00530164156998,7.54479180327869,6.5607870103557,6.61343652561247,7.00084295845998,7.00673790796345,142
"145",2017,3,6.53142857142857,35,7.5,5.88571428571429,5.75,7,6.47096774193548,14,21,4,4,31,4086,1844,2242,453,991,3095,7.00124252325012,7.54445173535792,6.55446384924175,6.60581236203091,7.00083955600404,7.00137155088853,143
"146",2017,4,7.17,24,7.18181818181818,7.16,6.59,7.5,7.104,11,13,2,4,20,4110,1855,2255,455,995,3115,7.00222796836983,7.5423013477089,6.55795474501109,6.60574285714286,7.00284623115578,7.00203048154093,144
"147",2017,5,6.94516129032258,31,7.71428571428571,6.31176470588235,6,7.25,6.92413793103448,14,17,3,2,29,4141,1869,2272,458,997,3144,7.00180076068582,7.54358962011772,6.5561126540493,6.60177510917031,7.00334202607823,7.00131200699746,145
"148",2017,6,7.06521739130435,23,7.65384615384615,6.3,7,7.5,6.97368421052632,13,10,2,4,19,4164,1882,2282,460,1001,3163,7.00215104466859,7.54435122210415,6.55499033742331,6.60350652173913,7.00532667332667,7.00114604805564,146
"149",2017,7,6.41052631578947,38,7.36,5.79130434782609,6.95,6.1,6.45757575757576,15,23,4,5,33,4202,1897,2305,464,1006,3196,6.99680079723941,7.54289351607802,6.54737004338395,6.60649353448276,7.00082703777336,6.99553346370463,147
"150",2017,8,7.11071428571429,28,7.53846153846154,6.74,6.5,7.125,7.10833333333333,13,15,3,4,24,4230,1910,2320,467,1010,3220,6.99755483451536,7.54286335078535,6.54861549568966,6.60580942184154,7.00131881188119,6.99637420807453,148
"151",2017,9,6.90454545454545,22,7.7,6.10909090909091,7.5,6.5,6.99444444444444,11,11,2,4,18,4252,1921,2331,469,1014,3238,6.99707360065851,7.54376314419574,6.54654137709138,6.60962260127932,6.99934122287968,6.99636348054355,149
"152",2017,10,6.9952380952381,42,7.56666666666667,6.42380952380952,6.96666666666667,6.9,7.00526315789474,21,21,3,4,38,4294,1942,2352,472,1018,3276,6.997055647415,7.54401081359424,6.54544555697279,6.61189194915254,6.99895088408644,6.99646671245421,150
"153",2017,11,6.94161290322581,31,7.47142857142857,6.50529411764706,6,7.098,6.91153846153846,14,17,3,5,26,4325,1956,2369,475,1023,3302,6.99665825433526,7.54349130879346,6.54515742929506,6.60802736842105,6.99943499511241,6.99579798606905,151
"154",2017,12,6.93225806451613,31,7.23846153846154,6.71111111111111,6.33333333333333,6.75,6.95925925925926,13,18,3,4,27,4356,1969,2387,478,1027,3329,6.9961999426079,7.54147739969528,6.54640886049434,6.60630334728034,6.99846348588121,6.99550163712827,152
"155",2018,1,7.01818181818182,22,7.7,6.7,7.33333333333333,6.96666666666667,7.02631578947368,7,15,3,3,19,4378,1976,2402,481,1030,3348,6.9963104042942,7.54203896761134,6.54736800582848,6.61083783783784,6.99837087378641,6.9956765083632,153
"156",2018,2,7.16,35,7.73529411764706,6.61666666666667,6.8,7.11111111111111,7.17692307692308,17,18,5,9,26,4413,1993,2420,486,1039,3374,6.99760864491276,7.54368740592073,6.54788345041322,6.61278395061728,6.99934744947064,6.99707319205691,154
"157",2018,3,7.5275,20,7.74090909090909,7.26666666666667,7,6.41666666666667,7.72352941176471,11,9,1,3,17,4433,2004,2429,487,1042,3391,6.99999931197834,7.54476996007985,6.55054670646357,6.61357905544148,6.99766986564299,7.00071511353583,155
"158",2018,4,7.184,25,7.71428571428571,6.97777777777778,6.5,5.5,7.3304347826087,7,18,2,2,23,4458,2011,2447,489,1044,3414,7.00103116868551,7.54536001989061,6.55368939517777,6.6131145194274,6.99480076628353,7.00293642355009,156
"159",2018,5,6.95,24,7.41428571428571,6.3,7,7.75,6.87727272727273,14,10,3,2,22,4482,2025,2457,492,1046,3436,7.00075790941544,7.5444538271605,6.55265687830688,6.61547357723577,6.9962447418738,7.00213182479627,157
"160",2018,6,7.25,18,7.5,6.85714285714286,8,7.33333333333333,7.23333333333333,11,7,1,3,15,4500,2036,2464,493,1049,3451,7.00175487777778,7.54421365422397,6.55352189529221,6.61828194726166,6.99720877025739,7.00313675746161,158
"161",2018,7,7.52166666666667,18,8.5,6.89909090909091,8,8.95,7.343125,7,11,2,2,16,4518,2043,2475,495,1051,3467,7.0038262394865,7.54748849730789,6.55505775757576,6.62386464646465,7.00092483349191,7.00470578309778,159
"162",2018,8,6.5551724137931,29,6.61818181818182,6.51666666666667,6.875,6,6.575,11,18,4,1,28,4547,2054,2493,499,1052,3495,7.00096480096767,7.54251168451802,6.55478056558363,6.62587775551102,6.99997338403042,7.00126321888412,160
"163",2018,9,6.47272727272727,22,7.4,6.2,NA,6.8,6.44,5,17,0,2,20,4569,2059,2510,499,1054,3515,6.99842130663165,7.54216561437591,6.55237766932271,6.62587775551102,6.99959392789374,6.99806968705548,161
"164",2018,10,6.89032258064516,31,7.69230769230769,6.31111111111111,7,7.66666666666667,6.80714285714286,13,18,3,3,28,4600,2072,2528,502,1057,3543,6.99769281521739,7.54310762548263,6.5506597903481,6.62811354581673,7.00148722800379,6.99656081004798,162
"165",2018,11,7,17,7.77142857142857,6.46,7,6.75,7.03333333333333,7,10,2,2,15,4617,2079,2538,504,1059,3558,6.9977013103747,7.54387638287639,6.55030258077226,6.62958928571429,7.00101227573182,6.99671583754918,163
"166",2018,12,6.88,25,8.04166666666667,5.80769230769231,5.83333333333333,8.16666666666667,6.70454545454545,12,13,6,3,22,4642,2091,2551,510,1062,3580,6.99706741706161,7.54673314203731,6.54651820854567,6.62022156862745,7.00430508474576,6.99492037709497,164
"167",2019,1,6.58235294117647,17,7.44444444444444,5.6125,6.4,6.5,6.5875,9,8,1,1,16,4659,2100,2559,511,1063,3596,6.99555418544752,7.54629476190477,6.54359826103947,6.61979060665362,7.00383066792098,6.99310760567297,165
"168",2019,2,6.77833333333333,30,7,6.63055555555556,6.6,6.5,6.9175,12,18,5,10,20,4689,2112,2577,516,1073,3616,6.99416441671998,7.54319081439394,6.54420564610011,6.6195988372093,6.99913513513514,6.99268942201327,166
"169",2019,3,7.00333333333333,30,7.30769230769231,6.77058823529412,6,7.1,6.984,13,17,5,5,25,4719,2125,2594,521,1078,3641,6.9942227060818,7.54175011764706,6.54568926368543,6.61365259117083,6.99960296846011,6.99262975830816,167
"170",2019,4,7.05882352941176,34,7.29166666666667,6.93181818181818,6,7.875,6.95,12,22,1,4,30,4753,2137,2616,522,1082,3671,6.99468482011361,7.54034581188582,6.54893652522936,6.61247701149425,7.00283918669131,6.99228138109507,168
"171",2019,5,6.64791666666667,24,6.94166666666667,6.35416666666667,6.4375,NA,6.64791666666667,12,12,4,0,24,4777,2149,2628,526,1082,3695,6.99294263135859,7.53700279199628,6.54804716514459,6.6111463878327,7.00283918669131,6.99004464140731,169
"172",2019,6,7.01176470588235,17,7.57777777777778,6.375,6.5,7,7.0125,9,8,2,1,16,4794,2158,2636,528,1083,3711,6.99300937630371,7.53717284522707,6.54752198406677,6.61072537878788,7.00283656509695,6.99014145782808,170
"173",2019,7,6.845,30,7.29615384615385,6.5,6.91666666666667,6.8125,6.85,13,17,6,4,26,4824,2171,2653,534,1087,3737,6.99208891998341,7.5357296176877,6.54721747078779,6.61416292134832,7.00213615455382,6.98916643029168,171
"174",2019,8,6.31666666666667,30,6.83,6.06,6.66666666666667,7,6.26785714285714,10,20,3,2,28,4854,2181,2673,537,1089,3765,6.98791449320148,7.53249381017882,6.54357199775533,6.61445623836127,7.00213223140496,6.98380211155378,172
"175",2019,9,6.85384615384615,26,7.57,6.40625,6,NA,6.85384615384615,10,16,2,0,26,4880,2191,2689,539,1089,3791,6.98720019467213,7.53266499315381,6.54275490888806,6.61217625231911,7.00213223140496,6.9829108282775,173
"176",2019,10,6.89583333333333,24,7.67777777777778,6.42666666666667,5.83333333333333,6.5,6.93181818181818,9,15,3,2,22,4904,2200,2704,542,1091,3813,6.98675304853181,7.53325863636364,6.54211092825444,6.60786531365314,7.00121173235564,6.98261603724102,174
"177",2019,11,7.05052371428571,35,6.96153846153846,7.10310590909091,6.8,7.6875,6.86179,13,22,6,8,27,4939,2213,2726,548,1099,3840,6.98720495646892,7.52990013556259,6.54663840058694,6.60996897810219,7.00620746132848,6.98176647916666,175
"178",2019,12,7.48275862068965,29,7.70882352941176,7.1625,6.6,7.7875,7.36666666666667,17,12,3,8,21,4968,2230,2738,551,1107,3861,6.99009768115942,7.53126412556054,6.54933757487217,6.60991470054447,7.01185365853659,6.98385995337995,176
"179",2020,1,6.824365,42,7.17196058823529,6.588,5.33333333333333,7.125,6.75362735294118,17,25,3,8,34,5010,2247,2763,554,1115,3895,6.98870830538922,7.52854576323988,6.54968739775606,6.60300180505415,7.01266547085202,6.98185022079589,177
"180",2020,2,7.15,35,7.7,6.78333333333333,6.2,7.87142857142857,6.96964285714286,14,21,4,7,28,5045,2261,2784,558,1122,3923,6.9898272765114,7.52960739938081,6.55144981321839,6.60011290322581,7.01802317290553,6.98176309202141,178
"181",2020,3,6.67894736842105,19,6.8975,6.48225,4.16125,5.5,6.81764705882353,9,10,2,2,17,5064,2270,2794,560,1124,3940,6.98866086295418,7.52710124669604,6.55120214030064,6.59140267857143,7.01532206405694,6.98105497715736,179
"182",2020,4,6.77941176470588,17,7.17142857142857,6.505,6,8,6.703125,7,10,3,1,16,5081,2277,2804,563,1125,3956,6.98796075772486,7.5260078304787,6.55103736804565,6.5882513321492,7.01619733333333,6.97993089231547,180
"183",2020,5,6.636,25,6.85,6.49333333333333,6.45,NA,6.636,10,15,2,0,25,5106,2287,2819,565,1125,3981,6.98623748726988,7.52305195889812,6.55073032280951,6.58776194690266,7.01619733333333,6.97777106505903,181
"184",2020,6,6.98571428571429,21,7.32307692307692,6.4375,6,6.5,7.03684210526316,13,8,1,2,19,5127,2300,2827,566,1127,4000,6.9862353442559,7.52192166521739,6.55040989741776,6.58672349823322,7.01528127772848,6.9780516525,182
"185",2020,7,7.05185185185185,27,7.68181818181818,6.61875,5.83333333333333,7.98333333333333,6.78571428571429,11,16,3,6,21,5154,2311,2843,569,1133,4021,6.98657908614668,7.52268274772826,6.55079450580373,6.58275131810193,7.02040776699029,6.97704715493658,183
"186",2020,8,7,24,7,7,6.875,7,7,8,16,4,6,18,5178,2319,2859,573,1139,4039,6.98664129200463,7.52087961621389,6.55330842252536,6.58479144851658,7.02030026338894,6.97714944540728,184
"187",2020,9,6.775,24,6.85833333333333,6.69166666666667,7,7.93333333333333,6.60952380952381,12,12,2,3,21,5202,2331,2871,575,1142,4060,6.98566486159169,7.51746882453883,6.55388672239638,6.58623565217391,7.02269877408056,6.97524793349754,185
"188",2020,10,6.76086956521739,23,7.53636363636364,6.05,6.4,7,6.75,11,12,4,1,22,5225,2342,2883,579,1143,4082,6.98467533205741,7.51755757045261,6.55178937911897,6.58494905008636,7.02267891513561,6.97403395639392,186
"189",2020,11,6.9375,28,7.525,6.61111111111111,6.5,6.875,6.94791666666667,10,18,6,4,24,5253,2352,2901,585,1147,4106,6.98442387397677,7.51758921343538,6.55215745604964,6.58407777777778,7.02216390584133,6.97388129810034,187
"190",2020,12,6.98148148148148,27,7.28125,6.54545454545455,6.66666666666667,6.5,7.04166666666667,16,11,3,3,24,5280,2368,2912,588,1150,4130,6.98440882765151,7.51599232685811,6.55213213598901,6.58449914965987,7.02080173913044,6.97427520823245,188
"191",2021,1,7.43809523809524,21,7.68125,6.66,NA,7.95,7.38421052631579,16,5,0,2,19,5301,2384,2917,588,1152,4149,6.98620611394076,7.51710143875839,6.55231703119643,6.58449914965987,7.02241493055556,6.97615247288503,189
"192",2021,2,6.68387096774194,31,7.41666666666667,6.22105263157895,7,8,6.59310344827586,12,19,1,2,29,5332,2396,2936,589,1154,4178,6.98444835146286,7.51659842654424,6.55017329019073,6.58520458404075,7.02410918544194,6.97349368358066,190
"193",2021,3,6.88833333333333,30,7.4,6.21923076923077,5.8,7.33571428571429,6.75217391304348,17,13,5,7,23,5362,2413,2949,594,1161,4201,6.98391059492726,7.51577697057605,6.54871440488301,6.57859511784512,7.0259879414298,6.97228198286122,191
"194",2021,4,6.55,20,6.625,6.5,6.75,7.875,6.21875,8,12,4,4,16,5382,2421,2961,598,1165,4217,6.98229814381271,7.51283346964065,6.54851698074974,6.57974163879599,7.02890300429185,6.96942295707849,192
"195",2021,5,6.425,20,7.5,5.96428571428571,6,7,6.39473684210526,6,14,3,1,19,5402,2427,2975,601,1166,4236,6.9802348407997,7.51280174289246,6.54576765714286,6.57684775374376,7.0288782161235,6.9668452809254,193
"196",2021,6,7.40625,16,8.28571428571429,6.72222222222222,7,8.5,7.25,7,9,1,2,14,5418,2434,2984,602,1168,4250,6.98149291435954,7.51502458093673,6.54629985924933,6.57755066445183,7.03139726027397,6.96777802588235,194
"197",2021,7,7.26875,24,7.745,6.92857142857143,6.25,6.725,7.3775,10,14,2,4,20,5442,2444,2998,604,1172,4270,6.98275975927967,7.51596556055647,6.54808498332221,6.57646605960265,7.03035153583618,6.96969709836065,195
"198",2021,8,7.08421052631579,19,7.22857142857143,7,6.25,4,7.25555555555556,7,12,2,1,18,5461,2451,3010,606,1173,4288,6.98311272843801,7.51514476948185,6.54988663787375,6.57538861386139,7.02776811594203,6.97089706389925,196
"199",2021,9,7.33333333333333,33,7.92857142857143,6.29166666666667,NA,7.25,7.3448275862069,21,12,0,4,29,5494,2472,3022,606,1177,4317,6.98521634692391,7.51865688915858,6.5488612772998,6.57538861386139,7.02852336448598,6.97340899003938,197
"200",2021,10,6.59473684210526,19,6.86,6.5,6.5,6.66666666666667,6.58125,5,14,6,3,16,5513,2477,3036,612,1180,4333,6.98387059858516,7.51732734356076,6.54863596179183,6.57464950980392,7.02760338983051,6.97196090699284,198
"201",2021,11,6.94117647058824,17,7.16666666666667,6.81818181818182,6.66666666666667,7,6.92857142857143,6,11,3,3,14,5530,2483,3047,615,1183,4347,6.98373935081374,7.51647999597262,6.54960905152609,6.57509837398374,7.02753338968724,6.9718211663216,199
"202",2021,12,6.85620689655172,29,7.226875,6.4,5,6.5,6.86892857142857,16,13,2,1,28,5559,2499,3060,617,1184,4375,6.98307404389278,7.51462578231293,6.54897345751634,6.56999270664506,7.02708783783784,6.97116265371428,200
"203",2022,1,6.85625,48,6.94347826086956,6.776,6.53,6.08571428571429,6.98780487804878,23,25,10,7,41,5607,2522,3085,627,1191,4416,6.98198833779204,7.50941706185567,6.55081321880065,6.56935486443381,7.02155499580185,6.97131716711956,201
"204",2022,2,7.16785714285714,28,7.44545454545455,6.98823529411765,7,7.16666666666667,7.16818181818182,11,17,3,6,22,5635,2533,3102,630,1197,4438,6.98291190949423,7.50913929332807,6.55321043842682,6.57140555555556,7.02228237259816,6.97229306219017,202
"205",2022,3,6.76555555555556,27,7.18888888888889,6.55388888888889,5.75,6.124,6.91136363636364,9,18,4,5,22,5662,2542,3120,634,1202,4460,6.98187541681384,7.50800544059796,6.5532143525641,6.56622318611987,7.01854575707155,6.97199251345291,203
"206",2022,4,6.82,20,6.86666666666667,6.75,7,7.66666666666667,6.67058823529412,12,8,1,3,17,5682,2554,3128,635,1205,4477,6.98130563357972,7.50499210258419,6.55371764066496,6.5669062992126,7.02015933609959,6.97084802546348,204
"207",2022,5,6.86515151515152,33,7.30714285714286,6.53947368421053,6.75,6.86,6.86607142857143,14,19,2,5,28,5715,2568,3147,637,1210,4505,6.98063492738407,7.5039134852025,6.55363164283444,6.56748116169545,7.01949752066116,6.97019680577136,205
"208",2022,6,6.66,25,7.0625,6.47058823529412,6.83333333333333,7.25,6.60869565217391,8,17,3,2,23,5740,2576,3164,640,1212,4528,6.97923843379791,7.50254263586957,6.5531854551201,6.56872734375,7.01987788778878,6.96836055874558,206
"209",2022,7,7.40909090909091,33,8.11538461538461,6.95,8,8.5,7.33870967741935,13,20,1,2,31,5773,2589,3184,641,1214,4559,6.98169558461805,7.50561986481267,6.55567800879397,6.57096021840874,7.02231630971993,6.97087883527089,207
"210",2022,8,7.40625,16,7.31111111111111,7.52857142857143,7.1,8,7.26923076923077,9,7,2,3,13,5789,2598,3191,643,1217,4572,6.98286899464501,7.5049460469592,6.55781221560639,6.57260575427683,7.02472637633525,6.97172716754156,208
"211",2022,9,6.9304347826087,23,7.64166666666667,6.15454545454545,6.8,7.96666666666667,6.56470588235294,12,11,1,6,17,5812,2610,3202,644,1223,4589,6.98266149518238,7.50557464750958,6.55642685196752,6.57295885093168,7.02934750613246,6.97021935280017,209
"212",2022,10,6.75615384615385,26,7.08285714285714,6.375,5.5,NA,6.75615384615385,14,12,2,0,26,5838,2624,3214,646,1223,4615,6.98165272524837,7.50331929496952,6.55574946484132,6.56963699690403,7.02934750613246,6.96901334994583,210
"213",2022,11,6.75909090909091,22,7.46,6.175,5.5,4,7.035,10,12,2,2,20,5860,2634,3226,648,1225,4635,6.98081716894198,7.50315483295369,6.55433316181029,6.56633564814815,7.02440163265306,6.96929808198489,211
"214",2022,12,7.132,25,7.87,6.64,6.33333333333333,7.34,7.08,10,15,3,5,20,5885,2644,3241,651,1230,4655,6.98145940696686,7.504542295764,6.55472964517124,6.56526190476191,7.02568455284553,6.96977370784103,212
