"","year","month","avg_rating","no_ratings","avg_rating_owned","avg_rating_not_owned","avg_rating_prev_owned","avg_rating_comment","avg_rating_no_comment","no_ratings_owned","no_ratings_not_owned","no_ratings_prev_owned","no_ratings_comment","no_ratings_no_comment","cum_no_ratings","cum_no_ratings_owned","cum_no_ratings_not_owned","cum_no_ratings_prev_owned","cum_no_ratings_comment","cum_no_ratings_no_comment","cum_avg_rating","cum_avg_rating_owned","cum_avg_rating_not_owned","cum_avg_rating_prev_owned","cum_avg_rating_comment","cum_avg_rating_no_comment","month_after_release"
"1",2005,6,10,1,NA,10,NA,10,NA,0,1,0,1,0,1,0,1,0,1,0,10,NA,10,NA,10,NA,-1
"2",2005,7,7.5203125,64,8.37619047619048,5.88636363636364,7.75,7.21212121212121,7.84838709677419,42,22,2,33,31,65,42,23,2,34,31,7.55846153846154,8.37619047619048,6.06521739130435,7.75,7.29411764705882,7.84838709677419,0
"3",2005,8,7.70657894736842,38,8.03148148148148,6.90909090909091,8,7.95909090909091,7.359375,27,11,2,22,16,103,69,34,4,56,47,7.61310679611651,8.24130434782609,6.33823529411765,7.875,7.55535714285714,7.68191489361702,1
"4",2005,9,7.04411764705882,34,7.75,6.25,7,6.46428571428571,7.45,18,16,2,14,20,137,87,50,6,70,67,7.47189781021898,8.13965517241379,6.31,7.58333333333333,7.33714285714286,7.61268656716418,2
"5",2005,10,7.3625,32,8.02857142857143,6.09090909090909,8,7.12352941176471,7.63333333333333,21,11,1,17,15,169,108,61,7,87,82,7.45118343195266,8.11805555555556,6.27049180327869,7.64285714285714,7.29540229885058,7.61646341463415,3
"6",2005,11,7.48484848484848,33,8.1,6.97222222222222,7,7.57142857142857,7.42105263157895,15,18,6,14,19,202,123,79,13,101,101,7.45668316831683,8.11585365853659,6.43037974683544,7.34615384615385,7.33366336633663,7.57970297029703,4
"7",2005,12,7.37647058823529,34,7.89583333333333,6.13,8,7.23333333333333,7.48947368421053,24,10,1,15,19,236,147,89,14,116,120,7.44512711864407,8.07993197278912,6.39662921348315,7.39285714285714,7.32068965517241,7.56541666666667,5
"8",2006,1,7.76666666666667,54,8.07777777777778,7.14444444444444,6,7.68095238095238,7.82121212121212,36,18,2,21,33,290,183,107,16,137,153,7.505,8.07950819672131,6.52242990654206,7.21875,7.37591240875912,7.62058823529412,6
"9",2006,2,7.74864864864865,37,8.13214285714286,6.55555555555556,6,7.34375,8.05714285714286,28,9,1,16,21,327,211,116,17,153,174,7.53256880733945,8.08649289099526,6.525,7.14705882352941,7.37254901960784,7.67327586206896,7
"10",2006,3,7.7375,48,8.15526315789474,6.15,6.75,7.4952380952381,7.92592592592593,38,10,2,21,27,375,249,126,19,174,201,7.5588,8.09698795180723,6.4952380952381,7.10526315789474,7.38735632183908,7.70721393034826,8
"11",2006,4,8.32608695652174,23,8.36842105263158,8.125,9,8.55,8.15384615384615,19,4,1,10,13,398,268,130,20,184,214,7.60314070351759,8.11623134328358,6.54538461538462,7.2,7.45054347826087,7.73434579439252,9
"12",2006,5,7.81,40,7.86666666666667,7.64,8.13333333333333,7.45714285714286,8,30,10,3,14,26,438,298,140,23,198,240,7.62203196347032,8.09110738255034,6.62357142857143,7.32173913043478,7.4510101010101,7.763125,10
"13",2006,6,6.98777777777778,45,7.46379310344828,6.125,6.5,6.95833333333333,7.00740740740741,29,16,3,18,27,483,327,156,26,216,267,7.56293995859213,8.03547400611621,6.5724358974359,7.22692307692308,7.4099537037037,7.68670411985019,11
"14",2006,7,7.14915254237288,59,7.96341463414634,5.29444444444444,7.375,7.16071428571429,7.13870967741935,41,18,4,28,31,542,368,174,30,244,298,7.51789667896679,8.02744565217391,6.44022988505747,7.24666666666667,7.38135245901639,7.62969798657718,12
"15",2006,8,7.505,40,8.04761904761905,6.90526315789474,8,7.40714285714286,7.55769230769231,21,19,2,14,26,582,389,193,32,258,324,7.51701030927835,8.02853470437018,6.4860103626943,7.29375,7.3827519379845,7.62391975308642,13
"16",2006,9,7.5425,40,8.15,6.41428571428571,9,7.05833333333333,7.75,26,14,2,12,28,622,415,207,34,270,352,7.51864951768489,8.03614457831325,6.48115942028985,7.39411764705882,7.36833333333333,7.63394886363636,14
"17",2006,10,7.17142857142857,35,7.275,7.03333333333333,7.75,7,7.26086956521739,20,15,4,12,23,657,435,222,38,282,375,7.50015220700152,8.00114942528736,6.51846846846847,7.43157894736842,7.35265957446809,7.61106666666667,15
"18",2006,11,6.77954545454545,44,7.19642857142857,6.05,6.66666666666667,7,6.696875,28,16,3,12,32,701,463,238,41,294,407,7.4549215406562,7.9524838012959,6.48697478991597,7.37560975609756,7.33826530612245,7.53918918918919,16
"19",2006,12,8.00606060606061,66,8.328,7,7.33333333333333,7.69318181818182,8.1625,50,16,3,22,44,767,513,254,44,316,451,7.50234680573663,7.98908382066277,6.51929133858268,7.37272727272727,7.36297468354431,7.6,17
"20",2007,1,7.41122448979592,98,7.9828125,6.33529411764706,7.75,7.28918918918919,7.48524590163934,64,34,4,37,61,865,577,288,48,353,512,7.49202312138728,7.98838821490468,6.49756944444444,7.40416666666667,7.35524079320113,7.586328125,18
"21",2007,2,7.73930487804878,82,8.10508474576271,6.801,7.8,7.60344827586207,7.81364150943396,59,23,5,29,53,947,636,311,53,382,565,7.51343505807814,7.99921383647799,6.52000964630225,7.44150943396226,7.37408376963351,7.60765132743363,19
"22",2007,3,7.3828125,64,8.1925,6.03333333333333,6.15,7.04545454545455,7.55952380952381,40,24,2,22,42,1011,676,335,55,404,607,7.50516617210682,8.01065088757396,6.48514328358209,7.39454545454545,7.35618811881188,7.60432125205931,20
"23",2007,4,7.33606557377049,61,7.78048780487805,6.425,8.5,6.93,7.53414634146341,41,20,3,20,41,1072,717,355,58,424,648,7.49554384328358,7.99748953974895,6.48175492957746,7.45172413793103,7.33608490566038,7.59988117283951,21
"24",2007,5,7.55185185185185,81,8.06981132075472,6.57142857142857,7.66666666666667,7.49,7.57213114754098,53,28,3,20,61,1153,770,383,61,444,709,7.49949956634865,8.00246753246753,6.48831070496083,7.46229508196721,7.34301801801802,7.59749365303244,22
"25",2007,6,7.64873417721519,79,8.00446428571429,6.78260869565217,9.5,7.86290322580645,7.51041666666667,56,23,2,31,48,1232,826,406,63,475,757,7.50906899350649,8.00260290556901,6.50498275862069,7.52698412698413,7.37694736842105,7.59197225891678,23
"26",2007,7,7.6486301369863,73,7.95943396226415,6.825,7.625,7.75,7.59255319148936,53,20,4,26,47,1305,879,426,67,501,804,7.51687586206897,8,6.52000704225352,7.53283582089552,7.39630738522954,7.59200621890547,24
"27",2007,8,7.69719101123596,89,8.1375,6.57,6.25,7.52105263157895,7.82843137254902,64,25,8,38,51,1394,943,451,75,539,855,7.52838809182209,8.00933191940615,6.52277827050998,7.396,7.40510204081633,7.60610877192982,25
"28",2007,9,7.66686746987952,83,8.06612903225806,6.48809523809524,7.5,7.33,7.81206896551724,62,21,4,25,58,1477,1005,472,79,564,913,7.53616993906567,8.01283582089552,6.52123516949152,7.40126582278481,7.40177304964539,7.61919277108434,26
"29",2007,10,7.34967032967033,91,8.12409836065574,5.775,7.65,7.3453125,7.35203389830509,61,30,5,32,59,1568,1066,502,84,596,972,7.52534630102041,8.01920262664165,6.47663944223108,7.41607142857143,7.39874161073826,7.60297633744856,27
"30",2007,11,7.54795081967213,122,8.13289473684211,6.58152173913043,7.04166666666667,7.32040816326531,7.70068493150685,76,46,6,49,73,1690,1142,548,90,645,1045,7.52697810650888,8.02676882661996,6.48544343065693,7.39111111111111,7.39279069767442,7.6098019138756,28
"31",2007,12,7.62733333333333,150,8.00343137254902,6.828125,7.22222222222222,7.42959183673469,7.72326732673267,102,48,9,49,101,1840,1244,596,99,694,1146,7.53515923913043,8.02485530546624,6.51304194630872,7.37575757575758,7.39538904899136,7.61980191972077,29
"32",2008,1,7.56598639455782,147,7.98787878787879,6.69583333333333,7.48888888888889,7.43606557377049,7.65813953488372,99,48,9,61,86,1987,1343,644,108,755,1232,7.53743985908405,8.02212956068503,6.52666614906832,7.38518518518519,7.39867549668874,7.62247808441558,30
"33",2008,2,7.76130434782609,115,8.1513698630137,7.08333333333333,7.35,7.54342105263158,7.86883116883117,73,42,10,38,77,2102,1416,686,118,793,1309,7.54968744053283,8.02879237288135,6.56074781341108,7.38220338983051,7.40561160151324,7.63696944232238,31
"34",2008,3,7.64574468085106,141,8.1813829787234,6.57446808510638,7.5,7.48611111111111,7.7448275862069,94,47,4,54,87,2243,1510,733,122,847,1396,7.55572581364244,8.03829139072847,6.5616275579809,7.38606557377049,7.41074380165289,7.64369126074499,32
"35",2008,4,7.75164655172414,116,8.28571428571429,6.69720512820513,7.1,7.74713157894737,7.75384615384615,77,39,10,38,78,2359,1587,772,132,885,1474,7.56535989826197,8.05029615626969,6.56847668393782,7.36439393939394,7.42518757062147,7.64952035278155,33
"36",2008,5,7.81345132743363,113,8.54756756756757,6.42051282051282,7.2,7.33944444444444,8.03506493506494,74,39,10,36,77,2472,1661,811,142,921,1551,7.57670064724919,8.07245033112583,6.56136128236745,7.35281690140845,7.42183604777416,7.66866086395874,34
"37",2008,6,7.97008547008547,117,8.29120879120879,6.84615384615385,6.95,8.00531914893617,7.94642857142857,91,26,10,47,70,2589,1752,837,152,968,1621,7.59447817690228,8.08381278538813,6.57020788530466,7.32631578947368,7.45016632231405,7.68065576804442,35
"38",2008,7,7.53933333333333,135,7.84902173913043,6.87674418604651,5.4,7.31760869565217,7.65393258426966,92,43,10,46,89,2724,1844,880,162,1014,1710,7.59174522760646,8.07209869848156,6.58518636363636,7.20740740740741,7.44415285996055,7.6792649122807,36
"39",2008,8,7.49087591240876,137,8.3379746835443,6.33706896551724,6.57,7.2,7.5985,79,58,20,37,100,2861,1923,938,182,1051,1810,7.5869150646627,8.08302132085283,6.56984434968017,7.13736263736264,7.43555756422455,7.67480276243094,37
"40",2008,9,7.79,100,8.36803278688525,6.88589743589744,7.09090909090909,7.67333333333333,7.84,61,39,11,30,70,2961,1984,977,193,1081,1880,7.59377372509287,8.09178427419355,6.58246059365404,7.13471502590674,7.44215633672525,7.68095372340426,38
"41",2008,10,7.79782608695652,115,8.17,7.1,7.18181818181818,7.68863636363636,7.86549295774648,75,40,11,44,71,3076,2059,1017,204,1125,1951,7.60140247074122,8.09463331714425,6.60281612586037,7.13725490196078,7.45179644444444,7.68766940030753,39
"42",2008,11,7.45048076923077,104,8.28189655172414,6.40217391304348,5.95454545454545,7.25161290322581,7.53493150684931,58,46,11,31,73,3180,2117,1063,215,1156,2024,7.59646666666667,8.09976381672178,6.59413358419567,7.07674418604651,7.44642820069204,7.68216057312253,40
"43",2008,12,7.44724409448819,127,8.13461538461539,6.3530612244898,6.11764705882353,7.12,7.57173913043478,78,49,17,35,92,3307,2195,1112,232,1191,2116,7.59073601451466,8.10100227790433,6.58351079136691,7.00646551724138,7.43683543240974,7.67735964083176,41
"44",2009,1,7.60410628019324,207,8.06423076923077,6.82727272727273,6.59615384615385,7.57833333333333,7.61462585034014,130,77,26,60,147,3514,2325,1189,258,1251,2263,7.59152361980649,8.09894623655914,6.59929688814129,6.96511627906977,7.44362190247802,7.67328457799381,42
"45",2009,2,7.23928909952607,211,8.30777777777778,6.11893203883495,6.30555555555556,7.17576923076923,7.26006289308176,108,103,18,52,159,3725,2433,1292,276,1303,2422,7.57157154362416,8.10821619399918,6.56100154798762,6.92210144927536,7.43293246354566,7.64615730800991,43
"46",2009,3,7.58309523809524,210,8.19330357142857,6.88571428571429,6.84166666666667,7.74444444444444,7.53909090909091,112,98,24,45,165,3935,2545,1390,300,1348,2587,7.57218653113088,8.11196070726916,6.58389496402877,6.91566666666667,7.44333160237389,7.63932856590645,44
"47",2009,4,7.49522471910112,178,8.15860215053763,6.76941176470588,6.89583333333333,7.24895833333333,7.58615384615385,93,85,24,48,130,4113,2638,1475,324,1396,2717,7.56885582300024,8.11360500379075,6.59458576271186,6.9141975308642,7.43664828080229,7.63678432094222,45
"48",2009,5,7.55536945812808,203,7.91271929824561,7.0976404494382,5.98823529411765,7.23888888888889,7.64550632911392,114,89,17,45,158,4316,2752,1564,341,1441,2875,7.56822150139018,8.10528343023256,6.62321227621483,6.86803519061584,7.43047258848022,7.63726365217391,46
"49",2009,6,7.5224043715847,183,8.18823529411765,6.68395061728395,6.965,7.01694915254237,7.76290322580645,102,81,20,59,124,4499,2854,1645,361,1500,2999,7.56635785730162,8.10824807288017,6.62620303951368,6.87340720221607,7.41420733333333,7.64245848616205,47
"50",2009,7,7.76155913978495,186,8.24774774774775,7.042,6.9,7.42745098039216,7.88777777777778,111,75,16,51,135,4685,2965,1720,377,1551,3134,7.5741075773746,8.11347048903879,6.64433372093023,6.87453580901857,7.41464281108962,7.65302584556477,48
"51",2009,8,7.56321243523316,193,8.02571428571428,7.01136363636364,7.14137931034483,7.54074074074074,7.57194244604317,105,88,29,54,139,4878,3070,1808,406,1605,3273,7.57367650676507,8.1104690553746,6.66219800884956,6.8935960591133,7.41888535825545,7.64958234036053,49
"52",2009,9,7.4155230125523,239,8.09883720930233,6.61418181818182,6.671875,6.79621212121212,7.65179190751445,129,110,32,66,173,5117,3199,1918,438,1671,3446,7.56628962282587,8.11,6.65944421272158,6.87739726027397,7.39429144225015,7.64969326755659,50
"53",2009,10,7.42873873873874,222,7.95361344537815,6.82233009708738,6.81379310344828,7.25740740740741,7.48380952380952,119,103,29,54,168,5339,3318,2021,467,1725,3614,7.56057014422176,8.10439119951779,6.66774567046017,6.87344753747323,7.39000637681159,7.64198201438849,51
"54",2009,11,7.518,200,8.17117117117117,6.70337078651685,6.57407407407407,6.94897959183673,7.70264900662252,111,89,27,49,151,5539,3429,2110,494,1774,3765,7.55903303845459,8.10655293088364,6.66924834123223,6.85708502024292,7.37782468996618,7.64441513944223,52
"55",2009,12,7.44586859848485,264,8.05542364285714,6.75766129032258,6.935,7.23923076923077,7.51336336683417,140,124,30,65,199,5803,3569,2234,524,1839,3964,7.55388476822333,8.1045472989633,6.6741557743957,6.86154580152672,7.37292604676454,7.63783610242179,53
"56",2010,1,7.41068965517241,290,8.18169934640523,6.54963503649635,6.65609756097561,7.50238095238095,7.3852422907489,153,137,41,63,227,6093,3722,2371,565,1902,4191,7.54706931068439,8.10771878291242,6.66696077604386,6.84663716814159,7.37721398527865,7.62415469100453,54
"57",2010,2,7.44553990610329,213,8.13492063492063,6.44712643678161,6.776,7.18703703703704,7.53333333333333,126,87,25,54,159,6306,3848,2458,590,1956,4350,7.54363991595306,8.10860948804574,6.65917982099268,6.84364406779661,7.37196370143149,7.6208350137931,55
"58",2010,3,7.52692307692308,182,8.04770642201835,6.74931506849315,7.64705882352941,7.47045454545455,7.54492753623188,109,73,17,44,138,6488,3957,2531,607,2000,4488,7.54317097872996,8.10693184483195,6.66177953378111,6.8661449752883,7.3741305,7.61850096033868,56
"59",2010,4,7.54039735099338,151,7.953,6.73137254901961,7.13076923076923,7.11842105263158,7.68230088495575,100,51,13,38,113,6639,4057,2582,620,2038,4601,7.54310789426118,8.10313761646537,6.66315414407436,6.8716935483871,7.36936261040235,7.62006787872201,57
"60",2010,5,7.611875,160,8.23433734939759,6.94090909090909,6.94772727272727,7.10555555555556,7.75887096774194,83,77,22,36,124,6799,4140,2659,642,2074,4725,7.54472618179144,8.10576794927537,6.67119744264761,6.87429906542056,7.36478351012536,7.62371054179894,58
"61",2010,6,7.35180722891566,166,7.94660194174757,6.37936507936508,6.05,6.68913043478261,7.60583333333333,103,63,20,46,120,6965,4243,2722,662,2120,4845,7.54012825699928,8.10190415036531,6.66444305657605,6.84939577039275,7.35012311320755,7.6232677626419,59
"62",2010,7,7.56897590361446,166,8.11039603960396,6.72769230769231,6.7,7.18673469387755,7.72905982905983,101,65,14,49,117,7131,4344,2787,676,2169,4962,7.54079979105315,8.10210159069982,6.66591819160387,6.84630177514793,7.34643199631166,7.62576225513905,60
"63",2010,8,7.56038961038961,154,8.26666666666667,6.48360655737705,7.1875,7.125,7.71315789473684,93,61,16,40,114,7285,4437,2848,692,2209,5076,7.54121390665752,8.10555089249493,6.66201334269663,6.85419075144509,7.34242236306021,7.62772504137116,61
"64",2010,9,7.65529069767442,172,8.24485714285714,6.73134328358209,7.26666666666667,7.43827586206897,7.6993006993007,105,67,15,29,143,7457,4542,2915,707,2238,5219,7.543845153547,8.10877131439895,6.66360686106346,6.86294200848656,7.34366443252904,7.62968620616976,62
"65",2010,10,7.31130952380952,168,7.96141304347826,6.52434210526316,6.26944444444444,7.117,7.39364406779661,92,76,18,50,118,7625,4634,2991,725,2288,5337,7.53872174557377,8.10584577255072,6.66006820461384,6.84820689655173,7.3387111013986,7.62446736181375,63
"66",2010,11,7.52973568281938,227,8.00215827338129,6.78352272727273,6.8125,7.29895833333333,7.59162011173184,139,88,20,48,179,7852,4773,3079,745,2336,5516,7.53846196001019,8.10282617012362,6.66359662227996,6.84724832214765,7.33789426369863,7.62340143401015,64
"67",2010,12,7.41887966804979,241,7.94864864864865,6.5758064516129,6.88571428571429,7.43859649122807,7.41277173913043,148,93,35,57,184,8093,4921,3172,780,2393,5700,7.53490094031879,8.09818925218452,6.66102269861286,6.84897435897436,7.34029293773506,7.61660215964912,65
"68",2011,1,7.55709923664122,262,8.10766871165644,6.65060606060606,6.87068965517241,7.63728813559322,7.53379310344828,163,99,29,59,203,8355,5084,3271,809,2452,5903,7.5355970448833,8.09849317663258,6.66070742892082,6.84975278121137,7.34743923327895,7.61375441470439,66
"69",2011,2,7.45516666666667,228,8.06698571428571,6.48181818181818,5.835,7.1637619047619,7.52096774193548,140,88,20,42,186,8583,5224,3359,829,2494,6089,7.53346048118373,8.09764879594181,6.65602083953558,6.82527141133896,7.34434603047313,7.61092007061915,67
"70",2011,3,7.45608407079646,226,8.07933884297521,6.73785714285714,6.89285714285714,7.30416666666667,7.49705056179775,121,105,28,48,178,8809,5345,3464,857,2542,6267,7.531475344534,8.09723429560337,6.65850144341801,6.82747957992999,7.34358733280881,7.60768586404978,68
"71",2011,4,7.41015228426396,197,8.06776859504132,6.36315789473684,6.66538461538462,7.2525,7.45031847133758,121,76,26,40,157,9006,5466,3540,883,2582,6424,7.52882148678659,8.09658201792902,6.65216073446328,6.82270668176671,7.34217621998451,7.60383986768368,69
"72",2011,5,7.20054048648649,185,8.0197915625,6.31685393258427,6.552,7.17096774193548,7.20649344155844,96,89,25,31,154,9191,5562,3629,908,2613,6578,7.52221371994342,8.09525661632506,6.64393744833287,6.81525330396476,7.34014504401071,7.59453744299179,70
"73",2011,6,7.42106741573034,178,8.1125,6.53461538461538,7.09090909090909,7.45652173913043,7.40871212121212,100,78,33,46,132,9369,5662,3707,941,2659,6710,7.52029205891771,8.09556116213352,6.6416371729161,6.82492029755579,7.34215833019932,7.5908818628912,71
"74",2011,7,7.57813471502591,193,8.21820512820513,6.59276315789474,6.41666666666667,7.515625,7.59055900621118,117,76,24,32,161,9562,5779,3783,965,2691,6871,7.52145955866973,8.09804417719329,6.64065530002643,6.81476683937824,7.34422110739502,7.59087429777325,72
"75",2011,8,7.45619834710744,242,8.06762589928057,6.63106796116505,6.72692307692308,7.48846153846154,7.44736842105263,139,103,26,52,190,9804,5918,3886,991,2743,7061,7.51984866381069,8.09732972287935,6.64040118373649,6.81246215943492,7.34695552314983,7.58701278855686,73
"76",2011,9,7.61914893617021,188,8.24132231404959,6.4955223880597,7.09444444444444,7.3,7.68709677419355,121,67,18,33,155,9992,6039,3953,1009,2776,7216,7.52171700360288,8.10021482033449,6.63794561092841,6.81749256689792,7.34639733429395,7.58916259700665,74
"77",2011,10,7.44398340248963,241,8.24595588235294,6.4052380952381,6.71875,6.94385964912281,7.59891304347826,136,105,32,57,184,10233,6175,4058,1041,2833,7400,7.51988627968338,8.10342466396761,6.63192434696895,6.81445725264169,7.33829827038475,7.58940504054054,75
"78",2011,11,7.31438356164384,219,7.94365079365079,6.46182795698925,6.76190476190476,7.39468085106383,7.29244186046512,126,93,21,47,172,10452,6301,4151,1062,2880,7572,7.51558039609644,8.10022969369941,6.62811346663455,6.81341807909605,7.33921840277778,7.58265944268357,76
"79",2011,12,7.29722222222222,252,7.95704225352113,6.44545454545455,6.52083333333333,6.95454545454545,7.39289340101523,142,110,24,55,197,10704,6443,4261,1086,2935,7769,7.51043967675635,8.09707392519013,6.62339802863178,6.80695211786372,7.33200988074957,7.57784750933196,77
"80",2012,1,7.34985714285714,343,7.9935618556701,6.51174496644295,6.61111111111111,6.99092424242424,7.43537906137184,194,149,36,66,277,11047,6637,4410,1122,3001,8046,7.50545372499321,8.09404825975591,6.61962562358276,6.80066844919786,7.32450849716761,7.57294274173502,78
"81",2012,2,7.55189075630252,238,8.15190839694657,6.81728971962617,6.86585365853659,7.44074074074074,7.58451086956522,131,107,41,54,184,11285,6768,4517,1163,3055,8230,7.50643307930882,8.09516818853428,6.62430794775293,6.80296646603611,7.32656301145663,7.57320137302551,79
"82",2012,3,7.51869158878505,214,8.09496402877698,6.45066666666667,6.42,7.13333333333333,7.61279069767442,139,75,25,42,172,11499,6907,4592,1188,3097,8402,7.50666121401861,8.09516407991892,6.6214719076655,6.79490740740741,7.32394252502421,7.57401181861461,80
"83",2012,4,7.4904845814978,227,7.98973684210526,6.47866666666667,6.70416666666667,7.69772727272727,7.44065573770492,152,75,24,44,183,11726,7059,4667,1212,3141,8585,7.50634805560293,8.09289393681824,6.61917698735804,6.79311056105611,7.32917860553964,7.57116916715201,81
"84",2012,5,7.21827411167513,197,7.84214876033058,6.225,6.56818181818182,6.83333333333333,7.29573170731707,121,76,22,33,164,11923,7180,4743,1234,3174,8749,7.50158829992451,8.08866828690807,6.61286084756483,6.78910048622366,7.32402331442974,7.56600609212481,82
"85",2012,6,7.2796875,192,7.82782608695652,6.46103896103896,6.23913043478261,6.72413793103448,7.37852760736196,115,77,23,29,163,12115,7295,4820,1257,3203,8912,7.49807158893933,8.08455631254283,6.61043547717842,6.77903739061257,7.31859194505151,7.56257712073608,83
"86",2012,7,7.35274509803922,204,7.89916666666667,6.57214285714286,6.96153846153846,7.14772727272727,7.409125,120,84,26,44,160,12319,7415,4904,1283,3247,9072,7.49566501339394,8.08155607552258,6.60977956769984,6.78273577552611,7.31627656298121,7.55987073412698,84
"87",2012,8,7.63856435643564,202,8.12312,6.85194805194805,7.3,7.72142857142857,7.6168125,125,77,17,42,160,12521,7540,4981,1300,3289,9232,7.49797039373852,8.08224513262599,6.61352318811484,6.7895,7.32145028884159,7.56085759315424,85
"88",2012,9,7.41818181818182,187,7.95181818181818,6.65584415584416,6.81818181818182,7.48611111111111,7.40198675496689,110,77,22,36,151,12708,7650,5058,1322,3325,9383,7.49679629367328,8.0803697124183,6.61416745749308,6.78997730711044,7.32323308270677,7.55830089523606,86
"89",2012,10,7.11774891774892,231,7.76653846153846,6.28267326732673,6.58421052631579,6.64385964912281,7.27298850574713,130,101,38,57,174,12939,7780,5159,1360,3382,9557,7.49002915990417,8.07512574550128,6.6076776507075,6.78422794117647,7.3117829686576,7.55310634090196,87
"90",2012,11,7.48817796610169,236,7.99573333333333,6.60290697674419,6.766,7.74395833333333,7.42287234042553,150,86,25,48,188,13175,7930,5245,1385,3430,9745,7.489996,8.07362399747793,6.60759942802669,6.78389891696751,7.31783090379009,7.55059387378142,88
"91",2012,12,7.46155378486056,251,7.9737012987013,6.64845360824742,6.93055555555556,7.22788461538462,7.52261306532663,154,97,36,52,199,13426,8084,5342,1421,3482,9944,7.48946427081782,8.07172047253834,6.60834125795582,6.78761435608726,7.31648765077541,7.55003391995173,89
"92",2013,1,7.60538258575198,379,8.11376518218623,6.65409090909091,7.12613636363636,7.4222972972973,7.64980327868852,247,132,44,74,305,13805,8331,5474,1465,3556,10249,7.49264667149584,8.07296702676749,6.60944446474242,6.79778156996587,7.31868953880765,7.55300295638599,90
"93",2013,2,7.43481781376518,247,8.03687943262411,6.63396226415094,6.53142857142857,7.40816326530612,7.44141414141414,141,106,35,49,198,14052,8472,5580,1500,3605,10447,7.49163018075719,8.07236641879131,6.60991021505376,6.79156666666667,7.31990568654646,7.55088803484254,91
"94",2013,3,7.67309349593496,246,8.20917808219178,6.89041,6.61896551724138,7.1921568627451,7.79887692307692,146,100,29,51,195,14298,8618,5680,1529,3656,10642,7.49475229402714,8.07468418426549,6.61484859154929,6.78829300196207,7.31812363238512,7.55543208983274,92
"95",2013,4,7.65781746031746,252,8.0508,7.07990196078431,7.25892857142857,7.65530612244898,7.6584236453202,150,102,28,49,203,14550,8768,5782,1557,3705,10845,7.49757651546392,8.07427558166058,6.62305257696299,6.79675658317277,7.32258299595141,7.55735991701245,93
"96",2013,5,7.309375,208,7.86753731343284,6.29864864864865,6.4375,6.51351351351351,7.48157894736842,134,74,24,37,171,14758,8902,5856,1581,3742,11016,7.49492399376609,8.07116359245113,6.61895321038251,6.79130297280203,7.31458311063602,7.55618357843137,94
"97",2013,6,7.54375,208,8.09514925373134,6.54527027027027,6.99,7.03913043478261,7.68703703703704,134,74,25,46,162,14966,9036,5930,1606,3788,11178,7.49560258586129,8.07151928950863,6.61803372681281,6.79439601494396,7.31123812038015,7.55808000536769,95
"98",2013,7,7.40829787234043,235,8.10955882352941,6.44494949494949,7.01851851851852,7.50405405405405,7.39040404040404,136,99,27,37,198,15201,9172,6029,1633,3825,11376,7.49425289783567,8.07208332969908,6.61519157405871,6.79810165339865,7.31310326797385,7.55516159458509,96
"99",2013,8,7.39014869888476,269,7.93069620253165,6.62072072072072,6.95384615384615,7.36339285714286,7.39718309859155,158,111,39,56,213,15470,9330,6140,1672,3881,11589,7.49244268261151,8.06968899249731,6.61529153094462,6.80173444976077,7.31382891007472,7.55225802916559,97
"100",2013,9,7.44347826086956,253,7.90816326530612,6.79905660377359,6.93333333333333,7.16176470588235,7.48721461187215,147,106,30,34,219,15723,9477,6246,1702,3915,11808,7.49165479234243,8.06718352854278,6.61841018251681,6.80405405405406,7.31250830140485,7.5510516852981,98
"101",2013,10,7.04549180327869,244,7.63876811594203,6.27311320754717,5.94444444444444,6.6063829787234,7.1502538071066,138,106,27,47,197,15967,9615,6352,1729,3962,12005,7.48483674453561,8.06103466458658,6.61264798488665,6.79063042220937,7.30413175164058,7.5444746605581,99
"102",2013,11,7.11127819548872,266,7.89931034482759,6.16694214876033,6.11136363636364,6.81636363636364,7.18815165876777,145,121,44,55,211,16233,9760,6473,1773,4017,12216,7.47871547465041,8.05863199795081,6.60431639116329,6.77377326565144,7.29745332337565,7.53832009659463,100
"103",2013,12,7.18856209150327,306,7.67891891891892,6.43884297520661,6.6,7.12033898305085,7.20485829959514,185,121,36,59,247,16539,9945,6594,1809,4076,12463,7.47334713706996,8.05156845651081,6.60127995147103,6.77031509121062,7.29488959764475,7.53171132953543,101
"104",2014,1,7.24184149184149,429,7.83385214007782,6.35726744186046,6.68253968253968,6.95952380952381,7.29043715846995,257,172,63,63,366,16968,10202,6766,1872,4139,12829,7.46749400636492,8.04608393452264,6.59507685486254,6.76736111111111,7.28978497221551,7.52482799126978,102
"105",2014,2,7.0820202020202,297,7.61152542372881,6.301,6.11805555555556,6.26,7.24842105263158,177,120,36,50,247,17265,10379,6886,1908,4189,13076,7.4608629192007,8.03867311879757,6.58995207667731,6.75511006289308,7.27749343518739,7.51960678342001,103
"106",2014,3,7.19899613899614,259,7.78544303797468,6.28158415841584,6.19863636363636,7.22058823529412,7.19370192307692,158,101,44,51,208,17524,10537,6987,1952,4240,13284,7.45699259872175,8.03487598937079,6.58549448976671,6.74256659836066,7.27680896226415,7.51450378651009,104
"107",2014,4,7.07014563106796,206,7.76946902654867,6.22043010752688,6.56451612903226,6.56341463414634,7.19606060606061,113,93,31,41,165,17730,10650,7080,1983,4281,13449,7.45249793006204,8.0320599342723,6.58069915254237,6.73978315683308,7.26997664097173,7.51059694401071,105
"108",2014,5,7.3215,200,7.81622807017544,6.6656976744186,6.72413793103448,7.24489795918367,7.34635761589404,114,86,29,49,151,17930,10764,7166,2012,4330,13600,7.45103671500279,8.02977408955778,6.58171922969578,6.73955765407555,7.26969284064665,7.50877340441177,106
"109",2014,6,7.28663101604278,187,7.81153846153846,6.6289156626506,6.53181818181818,6.77941176470588,7.39934640522876,104,83,22,34,153,18117,10868,7249,2034,4364,13753,7.44933975271844,8.02768571034229,6.58225962201683,6.73731071779745,7.26587305224564,7.50755604595361,107
"110",2014,7,6.94560975609756,205,7.59391304347826,6.11722222222222,6.63333333333333,6.43414634146342,7.0734756097561,115,90,30,41,164,18322,10983,7339,2064,4405,13917,7.44370365134811,8.02314379495584,6.57655675160103,6.73579941860465,7.25813166855845,7.50244077746641,108
"111",2014,8,6.9175,248,7.65863309352518,5.97238532110092,5.95833333333333,6.76754385964912,6.96225130890052,139,109,48,57,191,18570,11122,7448,2112,4462,14108,7.43667626817448,8.01858823053407,6.56771482277121,6.71812973484849,7.25186463469296,7.49512746668557,109
"112",2014,9,7.06036269430052,193,7.85630630630631,5.98292682926829,5.9,6.76571428571429,7.1256329113924,111,82,38,35,158,18763,11233,7530,2150,4497,14266,7.43280543090124,8.01698462565654,6.56134661354581,6.70366976744186,7.24808094285079,7.49103520958923,110
"113",2014,10,7.07619266055046,218,7.62015748031496,6.31703296703297,6.52241379310345,6.6327027027027,7.16685082872928,127,91,29,37,181,18981,11360,7621,2179,4534,14447,7.42870967283073,8.01254826584507,6.55842933998163,6.70125745754934,7.24305910895456,7.48697364850834,111
"114",2014,11,7.03090047393365,211,7.54070796460177,6.4430612244898,6.63157894736842,6.80263157894737,7.08104046242775,113,98,38,38,173,19192,11473,7719,2217,4572,14620,7.42433609316382,8.00790101106946,6.55696463272444,6.70006314839874,7.23939851268591,7.48217019835842,112
"115",2014,12,7.2596,250,7.76528662420382,6.40591397849462,6.49,7.19615384615385,7.27626262626263,157,93,30,52,198,19442,11630,7812,2247,4624,14818,7.42221779137949,8.00462582115219,6.55516641065028,6.6972585669782,7.23891219723183,7.47941883520043,113
"116",2015,1,6.95616045845272,349,7.55357142857143,6.05359712230216,5.89607843137255,6.49647887323944,7.07356115107914,210,139,51,71,278,19791,11840,7951,2298,4695,15096,7.41399920671012,7.99662570101351,6.54639793736637,6.67947780678851,7.22768477103301,7.47194477344992,114
"117",2015,2,7.01814671814672,259,7.65652173913043,6.2900826446281,6.24468085106383,6.90204081632653,7.0452380952381,138,121,47,49,210,20050,11978,8072,2345,4744,15306,7.40888570074813,7.99270732175655,6.54255574826561,6.67076332622602,7.22432124789207,7.46609031098916,115
"118",2015,3,7.1117903930131,229,7.79236111111111,5.95882352941176,6.56153846153846,7.00645161290323,7.12828282828283,144,85,26,31,198,20279,12122,8157,2371,4775,15504,7.40553076088565,7.99032736347137,6.53647296800294,6.66956558414171,7.22290680628272,7.46177620614035,116
"119",2015,4,6.95272277227723,202,7.44708333333333,6.22926829268293,6.33235294117647,6.19,7.08575581395349,120,82,34,30,172,20481,12242,8239,2405,4805,15676,7.40106480640594,7.98500231171377,6.53341546304163,6.66479833679834,7.21645785639958,7.45765044016331,117
"120",2015,5,7.36497326203209,187,7.90924369747899,6.4125,7.06190476190476,6.85322580645161,7.46666666666667,119,68,21,31,156,20668,12361,8307,2426,4836,15832,7.40073825720922,7.9842729795324,6.53242566510172,6.66823577906018,7.21412944582299,7.45773928120263,118
"121",2015,6,6.99788732394366,142,7.63333333333333,6.3972602739726,6.51666666666667,6.87931034482759,7.0283185840708,69,73,30,29,113,20810,12430,8380,2456,4865,15945,7.39798934646805,7.98232488334674,6.53124821002386,6.66638436482085,7.21213360739979,7.45469603637504,119
"122",2015,7,7.05192118226601,203,7.51142857142857,6.3,6.32307692307692,6.48216216216216,7.1789156626506,126,77,26,37,166,21013,12556,8457,2482,4902,16111,7.3946460905154,7.97759941860465,6.52914272200544,6.66278807413376,7.20662382700938,7.45185452796226,120
"123",2015,8,7.03615023474178,213,7.64736842105263,6.02,5.94814814814815,6.828125,7.07292817679558,133,80,27,32,181,21226,12689,8537,2509,4934,16292,7.39104863375106,7.97413809598865,6.5243715590957,6.65509764846553,7.20416903121199,7.44764475202553,121
"124",2015,9,7.14016483516484,182,7.70300970873786,6.40632911392405,6.58095238095238,6.86322580645161,7.19701986754967,103,79,21,31,151,21408,12792,8616,2530,4965,16443,7.38891574644993,7.97195499530957,6.52328922934076,6.65448221343874,7.20204028197381,7.44534320379493,122
"125",2015,10,7.10818181818182,220,7.56928571428571,6.30125,6.5,6.80089285714286,7.21310975609756,140,80,28,56,164,21628,12932,8696,2558,5021,16607,7.38606012113927,7.96759575471698,6.52124655013799,6.65279124315872,7.19756622186815,7.44304981634251,123
"126",2015,11,7.0551867219917,241,7.65744680851064,6.206,6.38157894736842,7.05128205128205,7.05594059405941,141,100,38,39,202,21869,13073,8796,2596,5060,16809,7.38241384151082,7.96425061577296,6.51766257389722,6.64882126348228,7.19643873517786,7.43839778095068,124
"127",2015,12,7.00697211155379,251,7.71433823529412,6.1704347826087,6.10810810810811,7.00694444444444,7.00697674418605,136,115,37,36,215,22120,13209,8911,2633,5096,17024,7.37815363019892,7.96167751533045,6.51318146111547,6.64122293961261,7.19510007849293,7.43294926574248,125
"128",2016,1,7.12781144781145,297,7.63613636363636,6.38842975206612,6.43846153846154,7.33,7.08688259109312,176,121,39,50,247,22417,13385,9032,2672,5146,17271,7.37483687826204,7.95739695928278,6.51151018600531,6.63826347305389,7.19641080450835,7.42800001737016,126
"129",2016,2,7.08010752688172,186,7.70384615384615,6.2890243902439,6.16666666666667,6.84615384615385,7.118125,104,82,24,26,160,22603,13489,9114,2696,5172,17431,7.37241155156395,7.95544208614426,6.5095084485407,6.63406528189911,7.19465003866976,7.42515565945729,127
"130",2016,3,6.99596153846154,208,7.61875,6.269375,5.96545454545455,6.81586206896552,7.02513966480447,112,96,33,29,179,22811,13601,9210,2729,5201,17610,7.36897892683355,7.95266953165208,6.50700542888165,6.62598021253206,7.19253797346664,7.42108962521295,128
"131",2016,4,7.1546,250,7.89066666666667,6.0505,5.771875,6.40365853658537,7.30191387559809,150,100,32,41,209,23061,13751,9310,2761,5242,17819,7.36665488487056,7.95199318595011,6.50210204081632,6.61608113002535,7.18636779855017,7.41969180649868,129
"132",2016,5,7.32076923076923,260,7.73373493975904,6.59148936170213,6.26785714285714,6.79347826086957,7.43411214953271,166,94,28,46,214,23321,13917,9404,2789,5288,18033,7.36614331718194,7.94938983257886,6.50299553381539,6.61258515596988,7.18295007564296,7.41986293461986,130
"133",2016,6,7.34135964912281,228,7.7955033557047,6.48481012658228,5.5,7.32432432432432,7.34465968586387,149,79,23,37,191,23549,14066,9483,2812,5325,18224,7.36590336320014,7.94775972557941,6.50284403669724,6.60348506401138,7.18393239436619,7.41907475307287,131
"134",2016,7,6.94586614173228,254,7.57649006622517,6.02135922330097,6.09722222222222,6.81590909090909,6.97309523809524,151,103,36,44,210,23803,14217,9586,2848,5369,18434,7.36142117800277,7.9438164380671,6.49767056123513,6.5970856741573,7.18091637176383,7.41399415753499,132
"135",2016,8,7.20511182108626,313,7.63886010362694,6.5075,6.58333333333333,7.08153846153846,7.2375,193,120,30,65,248,24116,14410,9706,2878,5434,18682,7.35939244899652,7.93973201249132,6.49779208736863,6.59694232105629,7.17972764078027,7.41165123113157,133
"136",2016,9,7.02272727272727,253,7.58071895424837,6.169,6.38064516129032,7.40769230769231,6.95257009345794,153,100,31,39,214,24369,14563,9806,2909,5473,18896,7.35589717674094,7.93596019364142,6.49443911890679,6.59463733241664,7.18135209208843,7.406452069221,134
"137",2016,10,7.16048387096774,310,7.81878453038674,6.23682170542636,6.14705882352941,7.02,7.1875,181,129,34,50,260,24679,14744,9935,2943,5523,19156,7.35344253413834,7.93452172409115,6.49109411172622,6.58946653075094,7.17989136338946,7.40348028294007,135
"138",2016,11,7.03725806451613,310,7.5782722513089,6.16890756302521,6.24571428571429,7.02,7.04018867924528,191,119,35,45,265,24989,14935,10054,2978,5568,19421,7.34952012085318,7.92996573819886,6.48728068430475,6.58542646071189,7.17859913793103,7.39852316049637,136
"139",2016,12,7.10786516853933,267,7.55895953757225,6.27765957446809,6.14305555555556,7.15673076923077,7.09604651162791,173,94,36,52,215,25256,15108,10148,3014,5620,19636,7.3469654062401,7.92571738813873,6.48533898305084,6.58014266755143,7.17839679715302,7.39521125993074,137
"140",2017,1,7.00064564564565,333,7.62227979274611,6.14367857142857,6.25954545454545,6.10380434782609,7.14439024390244,193,140,55,46,287,25589,15301,10288,3069,5666,19923,7.34245860721404,7.92188996144043,6.48068963841368,6.5743971977843,7.16967260854218,7.39159806756011,138
"141",2017,2,7.16211538461538,312,7.63877005347594,6.44904,6.58888888888889,6.91025641025641,7.19809523809524,187,125,45,39,273,25901,15488,10413,3114,5705,20196,7.34028621674839,7.91847161027892,6.48030970901757,6.57460661528581,7.16789921121823,7.3889823876015,139
"142",2017,3,7.12294573643411,258,7.663125,6.24102040816327,6.654,6.90279069767442,7.16697674418605,160,98,30,43,215,26159,15648,10511,3144,5748,20411,7.33814263924462,7.91586070424335,6.47807867947864,6.57536418575064,7.16591597077244,7.38664388320023,140
"143",2017,4,6.96181102362205,254,7.51785714285714,6.27894736842105,6.26470588235294,6.69117647058824,7.00363636363636,140,114,34,34,220,26413,15788,10625,3178,5782,20631,7.33452365501836,7.91233140993159,6.47594211764706,6.57204059156702,7.16312435143549,7.38255965779652,141
"144",2017,5,6.97941634241245,257,7.41476470588235,6.12873563218391,6.04444444444444,6.734375,7.01426666666667,170,87,27,32,225,26670,15958,10712,3205,5814,20856,7.331101736033,7.90703084973054,6.47312219940254,6.56759594383775,7.16076453388373,7.37858641637898,142
"145",2017,6,7.13600896860987,223,7.6775,6.35054945054945,6.01538461538462,6.60333333333333,7.24891304347826,132,91,26,39,184,26893,16090,10803,3231,5853,21040,7.32948400327223,7.90514781230578,6.4720896973063,6.56315227483751,7.15705023065095,7.37745239068441,143
"146",2017,7,7.0018137254902,204,7.50232558139535,6.14093333333333,6.63636363636364,6.41935483870968,7.10618497109827,129,75,22,31,173,27097,16219,10878,3253,5884,21213,7.32701713473816,7.90194391146186,6.46980649016363,6.56364740239779,7.15316366417403,7.37524010276717,144
"147",2017,8,7.10215517241379,232,7.60138888888889,6.28522727272727,6.25,6.93714285714286,7.13147208121827,144,88,34,35,197,27329,16363,10966,3287,5919,21410,7.32510824764902,7.89929892440261,6.46832527813241,6.56040310313356,7.15188629836121,7.37299711816908,145
"148",2017,9,6.87459349593496,246,7.48088235294118,6.125,6.08048780487805,7.01428571428571,6.85142180094787,136,110,41,35,211,27575,16499,11076,3328,5954,21621,7.32108914959202,7.89584994848172,6.46491558324305,6.55449068509616,7.15107742693987,7.36790704870265,146
"149",2017,10,7.04668016194332,247,7.53184931506849,6.34534653465347,6.28961538461538,6.81184210526316,7.08937799043062,146,101,26,38,209,27822,16645,11177,3354,5992,21830,7.31865298325066,7.89265715229799,6.46383510781068,6.5524373881932,7.14892606809079,7.36524041685753,147
"150",2017,11,7.07021052631579,285,7.61648351648352,6.10495145631068,6.28472222222222,7.11842105263158,7.06279352226721,182,103,36,38,247,28107,16827,11280,3390,6030,22077,7.3161338207564,7.88967007190824,6.46055806737588,6.54959439528024,7.14873383084577,7.36185660642297,148
"151",2017,12,7.14875,232,7.64051094890511,6.43957894736842,6.25833333333333,6.6484375,7.2288,137,95,24,32,200,28339,16964,11375,3414,6062,22277,7.31476351670842,7.8876578813959,6.46038285714285,6.54754686584652,7.14609287363906,7.36066204156753,149
"152",2018,1,7.02658192090396,354,7.42757009345794,6.41364285714286,6.49146341463415,6.59722222222222,7.07518867924528,214,140,41,36,318,28693,17178,11515,3455,6098,22595,7.31120807514028,7.88192620211899,6.45981458966565,6.54688133140376,7.14285257461463,7.35664431511396,150
"153",2018,2,7.31981566820277,217,7.77132867132867,6.4472972972973,6.64117647058824,6.53125,7.45621621621622,143,74,17,32,185,28910,17321,11589,3472,6130,22780,7.31127268419232,7.88101312279891,6.45973466217965,6.54734302995392,7.13965986949429,7.35745295434591,151
"154",2018,3,7.19800947867299,211,7.63360294117647,6.40813333333333,6.54761904761905,6.75161290322581,7.27488888888889,136,75,21,31,180,29121,17457,11664,3493,6161,22960,7.3104520208784,7.87908565618376,6.45940286351166,6.54734468937876,7.13770735270248,7.3568056750871,152
"155",2018,4,7.03504807692308,208,7.53284671532847,6.07450704225352,6.15428571428571,6.53035714285714,7.11355555555556,137,71,21,28,180,29329,17594,11735,3514,6189,23140,7.30849886801459,7.87638958167557,6.45707413719642,6.54499573136028,7.13495960575214,7.35491349611063,153
"156",2018,5,7.0447971957672,189,7.49757009345794,6.45398378048781,6.42142857142857,6,7.18955825301205,107,82,28,23,166,29518,17701,11817,3542,6212,23306,7.30681041974388,7.8740996723349,6.45705269273081,6.54401891586674,7.13075740502254,7.35373573200034,154
"157",2018,6,7.0906201744186,172,7.442738125,6.43333333333333,6.63333333333333,6.80357142857143,7.14643520833333,112,60,15,28,144,29690,17813,11877,3557,6240,23450,7.30555798720108,7.87138746814124,6.45693286772754,6.54439555805454,7.12928926282051,7.35246275650319,155
"158",2018,7,6.94447674418605,172,7.57475247524753,6.04788732394366,5.75,7.34516129032258,6.8563829787234,101,71,26,31,141,29862,17914,11948,3583,6271,23591,7.30347822115063,7.86971502567824,6.45450214847673,6.53863103544516,7.13035640248764,7.34949775931499,156
"159",2018,8,6.85213433673469,196,7.34015148760331,6.0648,5.985,6.48857142857143,6.93116975155279,121,75,16,35,161,30058,18035,12023,3599,6306,23752,7.30053513107991,7.86616209037981,6.45207116942527,6.53616976938039,7.12679432286711,7.34666217455372,157
"160",2018,9,7.20857954545455,176,7.79087378640777,6.38698630136986,6.02777777777778,6.97727272727273,7.24162337662338,103,73,18,22,154,30234,18138,12096,3617,6328,23906,7.29999983363101,7.86573455176976,6.45167837880291,6.53363975670445,7.126274494311,7.34598552539111,158
"161",2018,10,7.16414285714286,210,7.66203389830508,6.52554347826087,6.34027777777778,7.49230769230769,7.11777173913043,118,92,36,26,184,30444,18256,12188,3653,6354,24090,7.29906270430955,7.86441790644172,6.45223594273055,6.53173419107583,7.12777226943657,7.34424242299709,159
"162",2018,11,7.10619047619048,210,7.62131782945736,6.2858024691358,6.36785714285714,6.94761904761905,7.14583333333333,129,81,28,42,168,30654,18385,12269,3681,6396,24258,7.29774140307953,7.86271217296709,6.45113714809683,6.53048763922847,7.12658927454659,7.34286833085992,160
"163",2018,12,6.86120192307692,208,7.48688524590164,5.97360465116279,5.8,7.09459459459459,6.81070175438597,122,86,20,37,171,30862,18507,12355,3701,6433,24429,7.29479926673579,7.86023468417355,6.44781316632942,6.52654012429073,7.12640525415825,7.33914323017724,161
"164",2019,1,6.9021978021978,273,7.39429447852761,6.173,5.9555,6.53125,6.95145228215768,163,110,40,32,241,31135,18670,12465,3741,6465,24670,7.29135683218243,7.85616675415104,6.44538802005615,6.52043437583534,7.12345939675174,7.33535589663559,162
"165",2019,2,7.018873,210,7.52770664,6.27058823529412,6.03478260869565,6.871875,7.04529960674157,125,85,23,32,178,31345,18795,12550,3764,6497,24848,7.28953129047695,7.85398226283586,6.44420411713147,6.51746679064825,7.12222025550254,7.33327806262073,163
"166",2019,3,6.94631443298969,194,7.53452,5.88072463768116,6.06923076923077,6.696,6.98334319526627,125,69,26,25,169,31539,18920,12619,3790,6522,25017,7.28742012429056,7.85187165063425,6.44112304223789,6.51439182058048,7.12058647654094,7.33091411040492,164
"167",2019,4,7.33037974683544,158,7.84705882352941,6.38928571428571,5.66111111111111,7.34761904761905,7.32773722627737,102,56,18,21,137,31697,19022,12675,3808,6543,25154,7.2876342650724,7.85184584323415,6.440894017357,6.51035845588236,7.12131514595751,7.33089680766478,165
"168",2019,5,7.01744047619048,168,7.59622641509434,6.02790322580645,5.6932,6.23206896551724,7.18129496402878,106,62,25,29,139,31865,19128,12737,3833,6572,25293,7.28620973795701,7.8504292989335,6.43888369867315,6.50502869814767,7.1173912051126,7.33007465701973,166
"169",2019,6,7.03942857142857,140,7.48352941176471,6.35309090909091,6.36521739130435,6.725,7.06890625,85,55,23,12,128,32005,19213,12792,3856,6584,25421,7.28513023902515,7.84880610159787,6.43851482723577,6.50419476141079,7.1166760328068,7.32875961999921,167
"170",2019,7,7.07956880597015,201,7.377641,6.53380281690141,6.38285714285714,6.89310344827586,7.11100773255814,130,71,35,29,172,32206,19343,12863,3891,6613,25593,7.28384731509656,7.84563950576436,6.43904078908497,6.5031033153431,7.11569559957659,7.32729619935138,168
"171",2019,8,6.77865994974874,199,7.34159292035398,6.03899220930233,5.82884043478261,7.07407407407407,6.73228680232558,113,86,23,27,172,32405,19456,12949,3914,6640,25765,7.28074494553309,7.84271201480263,6.43638389064792,6.49914111650486,7.11552635542169,7.32332408150592,169
"172",2019,9,7.0128947368421,190,7.57409090909091,6.24125,6.46071428571429,7.14444444444444,6.99110429447853,110,80,28,27,163,32595,19566,13029,3942,6667,25928,7.27918361589201,7.84120182766022,6.43518573950418,6.4988681709792,7.11564346782661,7.3212355353286,170
"173",2019,10,7.0072972972973,185,7.55,6.17465753424658,5.75,7.16666666666667,6.98354037267081,112,73,23,24,161,32780,19678,13102,3965,6691,26089,7.27764917510677,7.8395444130501,6.43373416272324,6.49452416897857,7.11582648333582,7.31915155659473,171
"174",2019,11,6.93359261111111,180,7.40577383928571,6.15588235294118,6.02068965517241,7.04782608695652,6.91685777070064,112,68,29,23,157,32960,19790,13170,3994,6714,26246,7.27577022542476,7.83708952147549,6.43229954441913,6.4910837080621,7.11559353589514,7.31674508991846,172
"175",2019,12,6.85996806818182,176,7.34,6.32210096385542,6,6.14782608695652,6.96702209150327,93,83,20,23,153,33136,19883,13253,4014,6737,26399,7.27356171565669,7.83476445355328,6.43160940013582,6.48863685351271,7.11228959477512,7.31471820940187,173
"176",2020,1,6.96712454212454,273,7.54091176470588,6.02009708737864,5.922,6.65014705882353,7.01221757322176,170,103,35,34,239,33409,20053,13356,4049,6771,26638,7.27105767936783,7.83227330723582,6.42843586253369,6.48373878241541,7.10996898537882,7.31200412981455,174
"177",2020,2,7.160625,208,7.60773109243697,6.56280898876405,6.192,7.08,7.16920212765957,119,89,25,20,188,33617,20172,13445,4074,6791,26826,7.27037439420531,7.83094867291295,6.42932535366307,6.48194853460972,7.10988072448829,7.31100335532692,175
"178",2020,3,7.0417162585034,147,7.59266252747253,6.14642857142857,6.15,6.46666666666667,7.12195573643411,91,56,22,18,129,33764,20263,13501,4096,6809,26955,7.26937887394858,7.82987854315748,6.42815194281905,6.48016560791016,7.10818034953738,7.31009861992209,176
"179",2020,4,7.05294117647059,170,7.66846846846847,5.89491525423729,5.04,6.76764705882353,7.08464052287582,111,59,20,17,153,33934,20374,13560,4116,6826,27108,7.26829458065657,7.82899916167664,6.42583181268436,6.4731677186589,7.10733225900967,7.30882611406227,177
"180",2020,5,6.98717105263158,152,7.5061797752809,6.25396825396825,6.18269230769231,7.06458333333333,6.97265625,89,63,26,24,128,34086,20463,13623,4142,6850,27236,7.26704096403215,7.82759511899526,6.42503702415033,6.47134435779817,7.10718248175183,7.3072462292554,178
"181",2020,6,7.20124679389313,131,7.55345524390244,6.61183673469388,7.07142857142857,7.3675,7.17129126126126,82,49,14,20,111,34217,20545,13672,4156,6870,27347,7.2667890706374,7.82650096130445,6.42570650819192,6.47336581568816,7.1079403202329,7.30669439536329,179
"182",2020,7,7.06870503597122,139,7.50978260869565,6.20531914893617,6.43666666666667,7.23833333333333,7.02201834862385,92,47,15,30,109,34356,20637,13719,4171,6900,27456,7.26598764786355,7.82508902699035,6.42495148188643,6.47323383601055,7.10850724637681,7.30556423477564,180
"183",2020,8,7.06811496551724,145,7.72962962962963,6.23088546875,5.7421052631579,6.54444444444444,7.14233598425197,81,64,19,18,127,34501,20718,13783,4190,6918,27583,7.26515603315846,7.82471581475046,6.42405035551041,6.46991845584726,7.10703960682278,7.30481268534967,181
"184",2020,9,6.91958333333333,144,7.58802325581395,5.92844827586207,6.61666666666667,6.75,6.95016393442623,86,58,15,22,122,34645,20804,13841,4205,6940,27705,7.26371967960745,7.82373737021726,6.42197356043638,6.47044193341261,7.10590778097983,7.30325097635806,182
"185",2020,10,7.00295302013423,149,7.59903614457831,6.25333333333333,6.15833333333333,7.43928571428571,6.90198347107438,83,66,24,28,121,34794,20887,13907,4229,6968,27826,7.26260298614704,7.82284446066931,6.42117322571367,6.46867068574131,7.10724741676234,7.30150608423776,183
"186",2020,11,7.05851063829787,188,7.5304347826087,6.31506849315068,6.72,6.5,7.12874251497006,115,73,25,21,167,34982,21002,13980,4254,6989,27993,7.26150615459379,7.82124332206456,6.42061917381974,6.47014770333804,7.10542280726857,7.30047541528239,184
"187",2020,12,6.99708202247191,178,7.69073272727273,5.875,5.625,6.695,7.03532025316456,110,68,20,20,158,35160,21112,14048,4274,7009,28151,7.26016748862344,7.8205633218075,6.41797807873007,6.46619287084698,7.10425167641604,7.29898720826969,185
"188",2021,1,7.13729064039409,203,7.59767605633803,6.0655737704918,5.78947368421053,7.4,7.09173410404624,142,61,19,30,173,35363,21254,14109,4293,7039,28324,7.25946211859853,7.81907419074057,6.41645446523495,6.46319784067086,7.10551214661174,7.29772132820223,186
"189",2021,2,6.91697530864197,162,7.5835,5.84193548387097,5.66666666666667,6.67916666666667,6.95833333333333,100,62,24,24,138,35525,21354,14171,4317,7063,28462,7.25790032090077,7.81797100543224,6.41394086867546,6.45876959230948,7.10406342913776,7.29607578174408,187
"190",2021,3,7.06756779527559,127,7.57428571428571,6.44528263157895,6.1885,7.18421052631579,7.04704731481482,70,57,20,19,108,35652,21424,14228,4337,7082,28570,7.2572223159991,7.81717479695668,6.41406642957548,6.45752324878949,7.10427845241458,7.29513440707035,188
"191",2021,4,7.29131311111111,135,7.91310779069767,6.2,6.03125,7.14705882352941,7.31209550847458,86,49,16,17,118,35787,21510,14277,4353,7099,28688,7.25735091737223,7.81755835053463,6.41333173355747,6.45595642775098,7.10438089871813,7.29520417177914,189
"192",2021,5,7.06640625,128,7.51807228915663,6.23333333333333,6.17857142857143,6.17,7.23240740740741,83,45,14,20,108,35915,21593,14322,4367,7119,28796,7.25667039621328,7.81640717454731,6.41276617511521,6.45506716968171,7.10175586458773,7.29496865120155,190
"193",2021,6,7.36496223300971,103,7.67441075757576,6.81297297297297,7.03454545454545,6.47777777777778,7.44990542553191,66,37,11,9,94,36018,21659,14359,4378,7128,28890,7.25698007635071,7.81597447850778,6.41379742043318,6.45652314527182,7.10096801346802,7.29547277223953,191
"194",2021,7,7.09152935779816,109,7.60703125,6.35837111111111,5.74746153846154,7.17370555555556,7.07527472527473,64,45,13,18,91,36127,21723,14404,4391,7146,28981,7.25648088936252,7.81535889287851,6.4136242613163,6.4544238966067,7.10115123145816,7.29478135295538,192
"195",2021,8,6.9822695035461,141,7.49425287356322,6.15740740740741,5.95925925925926,6.98,6.98264462809917,87,54,27,20,121,36268,21810,14458,4418,7166,29102,7.25541483098048,7.81407800229253,6.41266730253147,6.45139776595745,7.10081310354452,7.29348355405127,193
"196",2021,9,7.02782608695652,115,7.37605633802817,6.46590909090909,6.31818181818182,6.15,7.19072164948454,71,44,11,18,97,36383,21881,14502,4429,7184,29199,7.25469546464008,7.81265669896257,6.4128288415391,6.45106690675096,7.09843077672606,7.29314217575944,194
"197",2021,10,6.80116666666667,120,7.33134328358209,6.13094339622642,5.436,6.43,6.86666666666667,67,53,15,18,102,36503,21948,14555,4444,7202,29301,7.25320453359998,7.81118740796428,6.41180239505324,6.44764071332134,7.09676016384338,7.29165756765981,195
"198",2021,11,6.99788732394366,142,7.41333333333333,6.39620689655172,6.30952380952381,6.54454545454545,7.081,84,58,21,22,120,36645,22032,14613,4465,7224,29421,7.25221517505799,7.80967053513072,6.41174049544925,6.44699111534155,7.09507844684386,7.29079835457666,196
"199",2021,12,6.86751445086705,173,7.38754716981132,6.04477611940298,5.9,6.34166666666667,6.95221476510067,106,67,25,24,149,36818,22138,14680,4490,7248,29570,7.2504075476669,7.80764934637275,6.41006565803814,6.4439455077951,7.09258370584989,7.28909226885357,197
"200",2022,1,7.09182711864407,236,7.67142702702703,6.11704545454545,5.78846153846154,7.12136363636364,7.08879065420561,148,88,26,22,214,37054,22286,14768,4516,7270,29784,7.24939753575862,7.8067447020551,6.40831960048754,6.44017168511958,7.09267079779918,7.28765308857104,198
"201",2022,2,7.19107142857143,168,7.81443298969072,6.33943661971831,6.12083333333333,7.05384615384615,7.20258064516129,97,71,24,13,155,37222,22383,14839,4540,7283,29939,7.2491342832196,7.8067780203726,6.40799001684749,6.43848355286344,7.092601496636,7.28721265205919,199
"202",2022,3,7.18610169491525,118,7.68986301369863,6.36888888888889,6.1875,5.62,7.33111111111111,73,45,8,10,108,37340,22456,14884,4548,7293,30047,7.24893509078736,7.80639795288564,6.40787179924751,6.43804206904134,7.09058229809406,7.28737043931174,200
"203",2022,4,7.30474074074074,135,7.72886363636364,6.51063829787234,6.96153846153846,7.83047619047619,7.20789473684211,88,47,13,21,114,37475,22544,14931,4561,7314,30161,7.2491361251501,7.80609529941448,6.40819528899605,6.43953416575313,7.09270668580804,7.28707004376513,201
"204",2022,5,7.11472,125,7.66285714285714,6.41709090909091,6.11764705882353,7.46,7.0284,70,55,17,25,100,37600,22614,14986,4578,7339,30261,7.24868926303192,7.80565191606969,6.40822793674096,6.43833886631717,7.09395785529364,7.28621524701761,202
"205",2022,6,6.85966981132075,106,7.39166666666667,6.24081632653061,5.86923076923077,6.92857142857143,6.8491847826087,57,49,13,14,92,37706,22671,15035,4591,7353,30353,7.24759564233809,7.80461106391425,6.40768233189225,6.43672736440863,7.09364296205631,7.28489060685929,203
"206",2022,7,7.4072,125,8.05064935064935,6.375,5.86363636363636,8.55866666666667,7.25018181818182,77,48,11,15,110,37831,22748,15083,4602,7368,30463,7.24812300203537,7.80544388209952,6.40757832394086,6.43535752498914,7.09662550217155,7.28476527558021,204
"207",2022,8,6.968,125,7.55,6.06530612244898,6.05384615384615,6.93333333333333,6.97272727272727,76,49,13,15,110,37956,22824,15132,4615,7383,30573,7.24720047660449,7.80459329784437,6.40646998810468,6.43428284507043,7.09629374238115,7.28364257972721,205
"208",2022,9,6.97803924369748,119,7.40140845070423,6.351805625,5.86363636363636,7.2125,6.94161815533981,71,48,11,16,103,38075,22895,15180,4626,7399,30676,7.24635923729481,7.8033429757589,6.40629713636364,6.43292592520536,7.09654503311258,7.28249417329508,206
"209",2022,10,7.12001587301587,126,7.43875,6.56569565217391,6.69013333333333,7.3575,7.07520754716981,80,46,15,20,106,38201,22975,15226,4641,7419,30782,7.24594251354677,7.80207344635473,6.40677870287666,6.43375723550959,7.09724851058094,7.28178036709765,207
"210",2022,11,7.18671052631579,152,7.73597701149425,6.45153846153846,6.12777777777778,7.57352941176471,7.138,87,65,18,17,135,38353,23062,15291,4659,7436,30917,7.24570776627643,7.80182410155234,6.40696897063632,6.43257508692853,7.09833737224314,7.28115254584856,208
"211",2022,12,6.88870967741935,124,7.55641791044776,6.10385964912281,6.50105263157895,6.62,6.94038461538462,67,57,19,20,104,38477,23129,15348,4678,7456,31021,7.24455726693869,7.80111320982316,6.40584327143602,6.4328532129115,7.09705427843348,7.28001009832049,209
