"","year","month","avg_rating","no_ratings","avg_rating_owned","avg_rating_not_owned","avg_rating_prev_owned","avg_rating_comment","avg_rating_no_comment","no_ratings_owned","no_ratings_not_owned","no_ratings_prev_owned","no_ratings_comment","no_ratings_no_comment","cum_no_ratings","cum_no_ratings_owned","cum_no_ratings_not_owned","cum_no_ratings_prev_owned","cum_no_ratings_comment","cum_no_ratings_no_comment","cum_avg_rating","cum_avg_rating_owned","cum_avg_rating_not_owned","cum_avg_rating_prev_owned","cum_avg_rating_comment","cum_avg_rating_no_comment","month_after_release"
"1",2001,5,6,2,6,6,NA,6,6,1,1,0,1,1,2,1,1,0,1,1,6,6,6,NA,6,6,0
"2",2001,6,8,7,8.66666666666667,4,NA,8,8,6,1,0,3,4,9,7,2,0,4,5,7.55555555555556,8.28571428571429,5,NA,7.5,7.6,1
"3",2001,7,7.7,5,7.75,7.5,NA,9,7.375,4,1,0,1,4,14,11,3,0,5,9,7.60714285714286,8.09090909090909,5.83333333333333,NA,7.8,7.5,2
"4",2001,8,7.25,8,7.2,7.33333333333333,7,NA,7.25,5,3,1,0,8,22,16,6,1,5,17,7.47727272727273,7.8125,6.58333333333333,7,7.8,7.38235294117647,3
"5",2001,9,7.66666666666667,6,9.33333333333333,6,NA,3,8.6,3,3,0,1,5,28,19,9,1,6,22,7.51785714285714,8.05263157894737,6.38888888888889,7,7,7.65909090909091,4
"6",2001,10,7,4,7,7,NA,7,7,3,1,0,1,3,32,22,10,1,7,25,7.453125,7.90909090909091,6.45,7,7,7.58,5
"7",2001,11,8,7,8.16666666666667,7,NA,7.33333333333333,8.5,6,1,0,3,4,39,28,11,1,10,29,7.55128205128205,7.96428571428571,6.5,7,7.1,7.70689655172414,6
"8",2001,12,7.125,8,7.8,6,NA,5,7.42857142857143,5,3,0,1,7,47,33,14,1,11,36,7.47872340425532,7.93939393939394,6.39285714285714,7,6.90909090909091,7.65277777777778,7
"9",2002,2,7.14285714285714,7,7.16666666666667,7,NA,7,7.25,6,1,0,3,4,54,39,15,1,14,40,7.43518518518519,7.82051282051282,6.43333333333333,7,6.92857142857143,7.6125,9
"10",2002,3,9,3,9,NA,NA,10,8.5,3,0,0,1,2,57,42,15,1,15,42,7.51754385964912,7.90476190476191,6.43333333333333,7,7.13333333333333,7.65476190476191,10
"11",2002,4,7.33333333333333,3,7.33333333333333,NA,NA,7,7.5,3,0,0,1,2,60,45,15,1,16,44,7.50833333333333,7.86666666666667,6.43333333333333,7,7.125,7.64772727272727,11
"12",2002,5,6.5,6,6.8,5,NA,5,6.8,5,1,0,1,5,66,50,16,1,17,49,7.41666666666667,7.76,6.34375,7,7,7.56122448979592,12
"13",2002,6,6.125,8,6.83333333333333,4,NA,6,6.14285714285714,6,2,0,1,7,74,56,18,1,18,56,7.27702702702703,7.66071428571429,6.08333333333333,7,6.94444444444444,7.38392857142857,13
"14",2002,7,7,4,7,7,NA,7,7,3,1,0,1,3,78,59,19,1,19,59,7.26282051282051,7.6271186440678,6.13157894736842,7,6.94736842105263,7.36440677966102,14
"15",2002,8,7.42857142857143,14,7.83333333333333,5,NA,7.33333333333333,7.45454545454545,12,2,0,3,11,92,71,21,1,22,70,7.28804347826087,7.66197183098592,6.02380952380952,7,7,7.37857142857143,15
"16",2002,9,7.22727272727273,11,8.71428571428571,4.625,NA,6,7.5,7,4,0,2,9,103,78,25,1,24,79,7.28155339805825,7.75641025641026,5.8,7,6.91666666666667,7.39240506329114,16
"17",2002,10,8.4,5,8.4,NA,NA,NA,8.4,5,0,0,0,5,108,83,25,1,24,84,7.33333333333333,7.79518072289157,5.8,7,6.91666666666667,7.45238095238095,17
"18",2002,11,7.75833333333333,12,7.61,8.5,8,9.22,6.71428571428571,10,2,1,5,7,120,93,27,2,29,91,7.37583333333333,7.7752688172043,6,7.5,7.31379310344828,7.3956043956044,18
"19",2002,12,7,10,7.66666666666667,6,7,7.33333333333333,6.85714285714286,6,4,1,3,7,130,99,31,3,32,98,7.34692307692308,7.76868686868687,6,7.33333333333333,7.315625,7.35714285714286,19
"20",2003,1,8.14705882352941,17,8.63636363636364,7.25,6,7.75,8.26923076923077,11,6,1,4,13,147,110,37,4,36,111,7.43945578231292,7.85545454545455,6.2027027027027,7,7.36388888888889,7.46396396396396,20
"21",2003,2,6.95454545454545,11,7.05,6,NA,6.66666666666667,7.0625,10,1,0,3,8,158,120,38,4,39,119,7.40569620253164,7.78833333333333,6.19736842105263,7,7.31025641025641,7.43697478991597,21
"22",2003,3,7.9375,8,8.58333333333333,6,NA,8,7.75,6,2,0,6,2,166,126,40,4,45,121,7.43132530120482,7.82619047619048,6.1875,7,7.40222222222222,7.44214876033058,22
"23",2003,4,7.07692307692308,13,7.15,6.83333333333333,NA,7.75,6.95454545454545,10,3,0,2,11,179,136,43,4,47,132,7.40558659217877,7.77647058823529,6.23255813953488,7,7.41702127659575,7.40151515151515,23
"24",2003,5,6.975,20,7.16666666666667,6.4,NA,6.4,7.55,15,5,0,10,10,199,151,48,4,57,142,7.36231155778894,7.7158940397351,6.25,7,7.23859649122807,7.41197183098592,24
"25",2003,6,6.78421052631579,19,7.325,5.85714285714286,NA,6.44444444444444,7.09,12,7,0,9,10,218,163,55,4,66,152,7.31192660550459,7.68711656441718,6.2,7,7.13030303030303,7.39078947368421,25
"26",2003,7,7.25961538461539,52,7.66666666666667,6.34375,NA,7.34375,7.22222222222222,36,16,0,16,36,270,199,71,4,82,188,7.30185185185185,7.68341708542714,6.23239436619718,7,7.1719512195122,7.35851063829787,26
"27",2003,8,7.33333333333333,21,7.875,5.6,NA,8.71428571428571,6.64285714285714,16,5,0,7,14,291,215,76,4,89,202,7.30412371134021,7.69767441860465,6.19078947368421,7,7.29325842696629,7.30891089108911,27
"28",2003,9,6.84615384615385,13,8,5,NA,6.4,7.125,8,5,0,5,8,304,223,81,4,94,210,7.28453947368421,7.7085201793722,6.11728395061728,7,7.24574468085106,7.30190476190476,28
"29",2003,10,6.69,10,7.3625,4,NA,6.6125,7,8,2,0,8,2,314,231,83,4,102,212,7.2656050955414,7.6965367965368,6.06626506024096,7,7.19607843137255,7.29905660377359,29
"30",2003,11,7.2,5,7.5,6,NA,7.25,7,4,1,0,4,1,319,235,84,4,106,213,7.26457680250784,7.6931914893617,6.06547619047619,7,7.19811320754717,7.29765258215962,30
"31",2003,12,7.21428571428571,14,7.83333333333333,6.75,9,6,7.88888888888889,6,8,2,5,9,333,241,92,6,111,222,7.26246246246246,7.69668049792531,6.125,7.66666666666667,7.14414414414414,7.32162162162162,31
"32",2004,1,7.30434782608696,23,7.5625,6.71428571428571,6,7.75,7.06666666666667,16,7,1,8,15,356,257,99,7,119,237,7.26516853932584,7.68832684824903,6.16666666666667,7.42857142857143,7.18487394957983,7.30548523206751,32
"33",2004,2,7.53409090909091,22,7.76388888888889,6.5,7.5,7.08333333333333,7.703125,18,4,2,6,16,378,275,103,9,125,253,7.28082010582011,7.69327272727273,6.17961165048544,7.44444444444444,7.18,7.33063241106719,33
"34",2004,3,7.71666666666667,18,7.79333333333333,7.33333333333333,NA,7.3,8.2375,15,3,0,10,8,396,290,106,9,135,261,7.30063131313131,7.69844827586207,6.2122641509434,7.44444444444444,7.18888888888889,7.35842911877395,34
"35",2004,4,7.4375,16,7.81818181818182,6.6,6.33333333333333,7.5,7.41666666666667,11,5,3,4,12,412,301,111,12,139,273,7.30594660194175,7.70282392026578,6.22972972972973,7.16666666666667,7.19784172661871,7.36098901098901,35
"36",2004,5,6.25,8,7.5,5,NA,5.75,6.75,4,4,0,4,4,420,305,115,12,143,277,7.28583333333333,7.70016393442623,6.18695652173913,7.16666666666667,7.15734265734266,7.35216606498195,36
"37",2004,6,6.31818181818182,11,7.1,5.66666666666667,NA,5.625,6.71428571428571,5,6,0,4,7,431,310,121,12,147,284,7.26113689095128,7.69048387096774,6.16115702479339,7.16666666666667,7.1156462585034,7.33644366197183,37
"38",2004,7,6.75,16,7,6.2,NA,6.36363636363636,7.6,11,5,0,11,5,447,321,126,12,158,289,7.24284116331096,7.66682242990654,6.16269841269841,7.16666666666667,7.06329113924051,7.34100346020761,38
"39",2004,8,7.15909090909091,22,7.625,6.6,NA,7.03846153846154,7.33333333333333,12,10,0,13,9,469,333,136,12,171,298,7.23891257995736,7.66531531531532,6.19485294117647,7.16666666666667,7.06140350877193,7.34077181208054,39
"40",2004,9,6.95652173913043,23,7.46428571428571,6.16666666666667,4.5,6.77777777777778,7.07142857142857,14,9,2,9,14,492,347,145,14,180,312,7.22571138211382,7.65720461095101,6.19310344827586,6.78571428571429,7.04722222222222,7.3286858974359,40
"41",2004,10,7.44117647058824,17,7.68181818181818,7,9,7.3125,7.55555555555556,11,6,1,8,9,509,358,151,15,188,321,7.23290766208252,7.65796089385475,6.22516556291391,6.93333333333333,7.05851063829787,7.33504672897196,41
"42",2004,11,6.79545454545455,22,7.625,5.8,7.5,6.91666666666667,6.65,12,10,2,12,10,531,370,161,17,200,331,7.21478342749529,7.65689189189189,6.19875776397516,7,7.05,7.31435045317221,42
"43",2004,12,6.42857142857143,14,7.25,5.33333333333333,NA,6.78571428571429,6.07142857142857,8,6,0,7,7,545,378,167,17,207,338,7.1945871559633,7.64828042328042,6.16766467065868,7,7.04106280193237,7.28860946745562,43
"44",2005,1,7.24473684210526,38,7.51071428571429,6.5,NA,7.21875,7.26363636363636,28,10,0,16,22,583,406,177,17,223,360,7.19785591766724,7.63879310344828,6.1864406779661,7,7.05381165919283,7.28708333333333,44
"45",2005,2,7.85714285714286,28,8.32352941176471,7.13636363636364,7,8.05882352941176,7.54545454545455,17,11,2,17,11,611,423,188,19,240,371,7.22806873977087,7.66631205673759,6.24202127659574,7,7.125,7.29474393530997,45
"46",2005,3,7.51818181818182,22,8,6.94,10,8.05,7.21428571428571,12,10,1,8,14,633,435,198,20,248,385,7.23815165876777,7.67551724137931,6.27727272727273,7.15,7.15483870967742,7.29181818181818,46
"47",2005,4,7.19444444444444,18,7.83333333333333,5.91666666666667,6.16666666666667,7.5,6.8125,12,6,3,10,8,651,447,204,23,258,393,7.23694316436252,7.67975391498882,6.26666666666667,7.02173913043478,7.16821705426357,7.28206106870229,47
"48",2005,5,6.72,25,8,4.8,NA,6.42307692307692,7.04166666666667,15,10,0,13,12,676,462,214,23,271,405,7.21782544378698,7.69015151515152,6.1981308411215,7.02173913043478,7.13247232472325,7.27493827160494,48
"49",2005,6,8,11,8,8,NA,8.25,7.7,10,1,0,6,5,687,472,215,23,277,410,7.23034934497817,7.69671610169492,6.20651162790698,7.02173913043478,7.15667870036101,7.28012195121951,49
"50",2005,7,6.44444444444444,18,6.92307692307692,5.2,4,6.75,6.0625,13,5,1,10,8,705,485,220,24,287,418,7.21028368794326,7.6759793814433,6.18363636363636,6.89583333333333,7.14250871080139,7.25681818181818,50
"51",2005,8,6.76190476190476,21,7.31818181818182,6.15,NA,5.94444444444444,7.375,11,10,0,9,12,726,496,230,24,296,430,7.19731404958678,7.66804435483871,6.18217391304348,6.89583333333333,7.10608108108108,7.26011627906977,51
"52",2005,9,7.28,25,7.66666666666667,6.7,7,7.625,6.96153846153846,15,10,4,12,13,751,511,240,28,308,443,7.20006657789614,7.66800391389433,6.20375,6.91071428571429,7.1262987012987,7.25135440180587,52
"53",2005,10,7.41363636363636,22,7.70833333333333,7.06,NA,7.54,7.14285714285714,12,10,0,15,7,773,523,250,28,323,450,7.20614489003881,7.6689292543021,6.238,6.91071428571429,7.14551083591331,7.24966666666667,53
"54",2005,11,7.35869565217391,23,7.41666666666667,7.25,7.33333333333333,7.19444444444444,7.46428571428571,15,8,3,9,14,796,538,258,31,332,464,7.2105527638191,7.66189591078067,6.26937984496124,6.95161290322581,7.14683734939759,7.25614224137931,54
"55",2005,12,6.57692307692308,26,7.36666666666667,5.5,4.5,7.16666666666667,6.26470588235294,15,11,2,9,17,822,553,269,33,341,481,7.19051094890511,7.65388788426763,6.23791821561338,6.8030303030303,7.14736070381232,7.22110187110187,55
"56",2006,1,7.48387096774194,31,7.95,6.63636363636364,7,7.57692307692308,7.41666666666667,20,11,1,13,18,853,573,280,34,354,499,7.20117233294256,7.66422338568935,6.25357142857143,6.80882352941176,7.16313559322034,7.22815631262525,56
"57",2006,2,6.75,16,6.91666666666667,6.25,7,6.77777777777778,6.71428571428571,12,4,1,9,7,869,585,284,35,363,506,7.19286536248562,7.64888888888889,6.25352112676056,6.81428571428571,7.15358126721763,7.22104743083004,57
"58",2006,3,6.89393939393939,33,6.875,6.94444444444444,8,7.25,6.55882352941176,24,9,1,16,17,902,609,293,36,379,523,7.18192904656319,7.6183908045977,6.27474402730375,6.84722222222222,7.15765171503958,7.19952198852773,58
"59",2006,4,4.78571428571429,14,5.92857142857143,3.64285714285714,NA,2.375,5.75,7,7,0,4,10,916,616,300,36,383,533,7.1453056768559,7.59918831168831,6.21333333333333,6.84722222222222,7.10770234986945,7.17232645403377,59
"60",2006,5,7.52272727272727,22,7.83333333333333,6.85714285714286,6,7.375,7.7,15,7,1,12,10,938,631,307,37,395,543,7.15415778251599,7.60475435816165,6.22801302931596,6.82432432432432,7.11582278481013,7.18204419889503,60
"61",2006,6,7.025,20,7.77272727272727,6.11111111111111,6,7.1,6.95,11,9,1,10,10,958,642,316,38,405,553,7.15146137787056,7.60763239875389,6.2246835443038,6.80263157894737,7.11543209876543,7.17784810126582,61
"62",2006,7,6.94285714285714,21,7.55714285714286,5.71428571428571,NA,7.23,6.68181818181818,14,7,0,10,11,979,656,323,38,415,564,7.14698672114403,7.60655487804878,6.21362229102167,6.80263157894737,7.11819277108434,7.16817375886525,62
"63",2006,8,6.78571428571429,21,7.23076923076923,6.0625,NA,6.3125,7.07692307692308,13,8,0,8,13,1000,669,331,38,423,577,7.1394,7.59925261584455,6.20996978851964,6.80263157894737,7.10295508274232,7.16611785095321,63
"64",2006,9,6.84375,32,7.42105263157895,6,7.5,6.96428571428571,6.75,19,13,2,14,18,1032,688,344,40,437,595,7.13023255813954,7.59433139534884,6.20203488372093,6.8375,7.09851258581236,7.15352941176471,64
"65",2006,10,6.52727272727273,33,7.23529411764706,5.775,4.83333333333333,6.17857142857143,6.78421052631579,17,16,3,14,19,1065,705,360,43,451,614,7.11154929577465,7.58567375886525,6.18305555555556,6.69767441860465,7.069955654102,7.1421009771987,65
"66",2006,11,7.15789473684211,19,6.92307692307692,7.66666666666667,7,6.875,7.36363636363636,13,6,2,8,11,1084,718,366,45,459,625,7.11236162361624,7.57367688022284,6.20737704918033,6.71111111111111,7.06655773420479,7.146,66
"67",2006,12,7.45135135135135,37,7.82272727272727,6.90666666666667,6.66666666666667,7.70666666666667,7.27727272727273,22,15,3,15,22,1121,740,381,48,474,647,7.1235504014273,7.58108108108108,6.23490813648294,6.70833333333333,7.08681434599156,7.15046367851623,67
"68",2007,1,7.06976744186047,43,7.375,6.68421052631579,NA,6.88888888888889,7.2,24,19,0,18,25,1164,764,400,48,492,672,7.12156357388316,7.57460732984293,6.25625,6.70833333333333,7.07957317073171,7.15230654761905,68
"69",2007,2,6.78095620689655,29,7.28947368421053,5.814773,8,7.3125,6.57846333333333,19,10,1,8,21,1193,783,410,49,500,693,7.11328393126572,7.56768837803321,6.24548226829268,6.73469387755102,7.0833,7.13491735930736,69
"70",2007,3,6.33478260869565,23,6.55833333333333,6.09090909090909,6.5,5.57142857142857,6.66875,12,11,2,7,16,1216,795,421,51,507,709,7.09855898848684,7.55245283018868,6.2414435391924,6.72549019607843,7.06242603550296,7.12439736248237,70
"71",2007,4,6.72083333333333,24,6.89285714285714,6.48,6.65,7.2875,6.4375,14,10,2,8,16,1240,809,431,53,515,725,7.09124816935484,7.54103831891224,6.24697849187935,6.72264150943396,7.06592233009709,7.10923824827586,71
"72",2007,5,6.6875,20,7.15909090909091,6.11111111111111,7,7.2,6.51666666666667,11,9,1,5,15,1260,820,440,54,520,740,7.08483946825397,7.53591463414634,6.24419938636364,6.72777777777778,7.06721153846154,7.09722666216216,72
"73",2007,6,7.00714285714286,35,7.13636363636364,6.78846153846154,7,6.71153846153846,7.18181818181818,22,13,3,13,22,1295,842,453,57,533,762,7.08273955984556,7.52547505938242,6.25981838852097,6.7421052631579,7.05853658536585,7.09966893700787,73
"74",2007,7,6.97333333333333,30,7.47857142857143,6.53125,5,5.3125,7.57727272727273,14,16,1,8,22,1325,856,469,58,541,784,7.08026243773585,7.52470794392523,6.26907831556503,6.71206896551724,7.03271719038817,7.11307108418367,74
"75",2007,8,7.40740740740741,27,7.64705882352941,7,NA,7.94444444444444,7.13888888888889,17,10,0,9,18,1352,873,479,58,550,802,7.08679565828403,7.52709049255441,6.28433764091858,6.71206896551724,7.04763636363637,7.1136505361596,75
"76",2007,9,6.52,25,7.32352941176471,4.8125,NA,6.07142857142857,7.09090909090909,17,8,0,14,11,1377,890,487,58,564,813,7.07650525054466,7.52320224719101,6.26015960985626,6.71206896551724,7.02340425531915,7.11334284132841,76
"77",2007,10,7.05344827586207,29,7.34615384615385,6.815625,NA,7.50454545454545,6.77777777777778,13,16,0,11,18,1406,903,503,58,575,831,7.0760296799431,7.52065337763012,6.27782848906561,6.71206896551724,7.03260869565218,7.10607428399519,77
"78",2007,11,7.17111111111111,45,7.45833333333333,6.84285714285714,7.16666666666667,7.44444444444444,6.98888888888889,24,21,3,18,27,1451,927,524,61,593,858,7.07897844934528,7.51903991370011,6.30047276717557,6.7344262295082,7.04510961214165,7.10238663170163,78
"79",2007,12,6.97804878048781,41,7.65652173913043,6.11111111111111,8,7.32941176470588,6.72916666666667,23,18,3,17,24,1492,950,542,64,610,882,7.07620491286863,7.52236842105263,6.29418400369004,6.79375,7.05303278688525,7.09223098639456,79
"80",2008,1,6.89818181818182,55,7.81785714285714,5.94444444444444,7,6.536,7.2,28,27,4,25,30,1547,978,569,68,635,912,7.06987571428571,7.5308282208589,6.27758827768014,6.80588235294118,7.03267716535433,7.09577601973684,80
"81",2008,2,7.16176470588235,34,7.69444444444444,6.5625,6.5,7,7.28947368421053,18,16,3,15,19,1581,996,585,71,650,931,7.07185182163188,7.53378514056225,6.28538073504274,6.79295774647887,7.03192307692308,7.09972903329753,81
"82",2008,3,6.59428571428571,35,7.36923076923077,6.13636363636364,6,6.94166666666667,6.41304347826087,13,22,1,12,23,1616,1009,607,72,662,954,7.06150849628713,7.5316650148662,6.27997978583196,6.78194444444444,7.03028700906345,7.083173721174,82
"83",2008,4,6.11666666666667,24,6.73571428571429,5.25,NA,6.02307692307692,6.22727272727273,14,10,0,13,11,1640,1023,617,72,675,965,7.04768154268293,7.52077223851417,6.26328643435981,6.78194444444444,7.01088888888889,7.07341733678756,83
"84",2008,5,6.875,24,7.40909090909091,6.42307692307692,7.5,6.18181818181818,7.46153846153846,11,13,2,11,13,1664,1034,630,74,686,978,7.04519094350962,7.51958413926499,6.2665836984127,6.80135135135135,6.99759475218659,7.07857641104294,84
"85",2008,6,7.03,20,7.68571428571429,5.5,5,7.72222222222222,6.46363636363636,14,6,2,9,11,1684,1048,636,76,695,989,7.04501052850356,7.5218034351145,6.25935177672956,6.75394736842105,7.00697841726619,7.07173683518706,85
"86",2008,7,6.49921052631579,38,7.28789473684211,5.71052631578947,4.9375,6.098,6.76086956521739,19,19,8,15,23,1722,1067,655,84,710,1012,7.03296616144019,7.51763823805061,6.24343164885496,6.58095238095238,6.98777464788733,7.06467166996047,86
"87",2008,8,7.35161290322581,31,7.875,6.79333333333333,7.125,7.36363636363636,7.345,16,15,8,11,20,1753,1083,670,92,721,1032,7.03860110096977,7.52291782086796,6.25574288059702,6.62826086956522,6.99350901525659,7.07010438953488,87
"88",2008,9,6.84210526315789,19,7.88888888888889,5.9,5.6,7.22222222222222,6.5,9,10,5,9,10,1772,1092,680,97,730,1042,7.03649420428894,7.52593406593407,6.25051136764706,6.57525773195876,6.99632876712329,7.06463313819578,88
"89",2008,10,6.92666666666667,30,7.91428571428571,6.0625,6.1,7.25454545454545,6.73684210526316,14,16,5,11,19,1802,1106,696,102,741,1061,7.03466577691454,7.53084990958409,6.24618926724138,6.55196078431373,7.00016194331984,7.05876317624882,89
"90",2008,11,7.17777777777778,45,7.47619047619048,6.91666666666667,6.59090909090909,7.23529411764706,7.14285714285714,21,24,11,17,28,1847,1127,720,113,758,1089,7.03815253383866,7.5298314108252,6.26853851388889,6.55575221238938,7.00543535620053,7.06092537190083,90
"91",2008,12,7.26363636363636,44,7.42352941176471,7.16296296296296,7,7.52352941176471,7.1,17,27,4,17,27,1891,1144,747,117,775,1116,7.04339911686938,7.52825174825175,6.30086710843374,6.57094017094017,7.0168,7.06187072580645,91
"92",2009,1,6.98333333333333,42,7.84210526315789,6.27391304347826,5.57142857142857,7.32,6.7962962962963,19,23,7,15,27,1933,1163,770,124,790,1143,7.04209401448526,7.53337919174549,6.30006198701299,6.51451612903226,7.02255696202532,7.05559731408574,92
"93",2009,2,6.71746031746032,63,7.4695652173913,6.285,6.08823529411765,6.86538461538461,6.61351351351351,23,40,17,26,37,1996,1186,810,141,816,1180,7.03184756012024,7.53214165261383,6.29931818518519,6.46312056737589,7.01754901960784,7.04173536440678,93
"94",2009,3,6.81521739130435,46,7.39285714285714,6.5625,6.55555555555556,6.66666666666667,6.88709677419355,14,32,9,15,31,2042,1200,842,150,831,1211,7.02696754652302,7.53051666666667,6.30932034441805,6.46866666666667,7.01121540312876,7.03777682080925,94
"95",2009,4,6.76,35,6.61538461538461,6.84545454545455,7,6.36363636363636,6.94166666666667,13,22,7,11,24,2077,1213,864,157,842,1235,7.02246881559942,7.52070898598516,6.32297190972222,6.49235668789809,7.00275534441805,7.03590909311741,95
"96",2009,5,6.88518518518519,54,7.61875,6.57631578947368,6.16666666666667,6.66551724137931,7.14,16,38,6,29,25,2131,1229,902,163,871,1260,7.01899001877053,7.5219853539463,6.33364493348115,6.48036809815951,6.99152698048221,7.03797438888889,96
"97",2009,6,7.475,20,8.35714285714286,7,6.5,8.21428571428571,7.07692307692308,7,13,2,7,13,2151,1236,915,165,878,1273,7.02323,7.52671521035599,6.34311227322404,6.48060606060606,7.00127562642369,7.038372136685,97
"98",2009,7,6.275,28,7.18888888888889,5.84210526315789,5.75,5.66,6.61666666666667,9,19,4,10,18,2179,1245,934,169,888,1291,7.01361529600734,7.52427309236948,6.33292048179872,6.46331360946746,6.98617117117117,7.03249243222308,98
"99",2009,8,7.16379310344828,29,7.25,7.13095238095238,6.6875,7.44642857142857,6.9,8,21,8,14,15,2208,1253,955,177,902,1306,7.01558774003623,7.52252194732642,6.35046882722513,6.47344632768362,6.99331485587583,7.03097069678407,99
"100",2009,9,7.72,25,7.61111111111111,7.78125,7.8,8.5625,7.32352941176471,9,16,5,8,17,2233,1262,971,182,910,1323,7.02347412897447,7.52315372424723,6.37404503604531,6.50989010989011,7.00710989010989,7.03472995464853,100
"101",2009,10,6.42857142857143,21,7.16666666666667,6.13333333333333,5.83333333333333,7,6.14285714285714,6,15,6,7,14,2254,1268,986,188,917,1337,7.01793155723159,7.52146687697161,6.37038309330629,6.48829787234043,7.00705561613959,7.0253909723261,101
"102",2009,11,7.17407407407407,27,8.17142857142857,6.825,8,7.47272727272727,6.96875,7,20,3,11,16,2281,1275,1006,191,928,1353,7.01977980271811,7.52503529411765,6.3794212027833,6.51204188481675,7.01257543103448,7.02472116038433,102
"103",2009,12,6.74285714285714,28,7.75555555555556,6.26315789473684,7,6.7,6.75217391304348,9,19,5,5,23,2309,1284,1025,196,933,1376,7.01642171069727,7.52665109034268,6.37726607804878,6.52448979591837,7.01090032154341,7.02016550145349,103
"104",2010,1,7.125,24,6.88461538461539,7.40909090909091,6.8,6.83333333333333,7.3,13,11,5,9,15,2333,1297,1036,201,942,1391,7.01753867552508,7.52021588280648,6.38822174710425,6.53134328358209,7.00920382165605,7.02318312724658,104
"105",2010,2,6.76923076923077,13,7.57142857142857,5.83333333333333,7,6.66666666666667,6.8,7,6,1,3,10,2346,1304,1042,202,945,1401,7.01616271526002,7.52049079754601,6.38502661228407,6.53366336633663,7.0081164021164,7.02159009992862,105
"106",2010,3,6.34615384615385,13,7.2,5.8125,6.5,6.3,6.375,5,8,1,5,8,2359,1309,1050,203,950,1409,7.01247042390844,7.51926661573721,6.38066450476191,6.53349753694581,7.00438947368421,7.01791889992903,106
"107",2010,4,6.09375,16,6.58333333333333,5.8,5.5,7,5.88461538461539,6,10,4,3,13,2375,1315,1060,207,953,1422,7.00628114947368,7.51499619771863,6.37518653773585,6.51352657004831,7.00437565582372,7.00755817862166,107
"108",2010,5,6.275,12,7,6.20909090909091,7.6,7.43333333333333,5.88888888888889,1,11,3,3,9,2387,1316,1071,210,956,1431,7.00260483033096,7.51460486322189,6.37348060690943,6.52904761904762,7.00572175732218,7.00052252271139,108
"109",2010,6,6.93571428571429,14,7.625,6.66,NA,7.33333333333333,6.6375,4,10,0,6,8,2401,1320,1081,210,962,1439,7.00221479800083,7.5149393939394,6.37613111008326,6.52904761904762,7.00776507276507,6.99850432939541,109
"110",2010,7,5.17857142857143,14,7.33333333333333,4.59090909090909,3.8,2,5.70833333333333,3,11,5,2,12,2415,1323,1092,215,964,1451,6.99164295238095,7.5145275888133,6.35814810439561,6.46558139534884,6.9973755186722,6.98783441075121,110
"111",2010,8,7.67368421052632,19,8.45,6.81111111111111,NA,8,7.55714285714286,10,9,0,5,14,2434,1333,1101,215,969,1465,6.99696702136401,7.52154538634659,6.36185079927339,6.46558139534884,7.00254901960785,6.99327490102389,111
"112",2010,9,7.0125,16,7.37,6.41666666666667,6,7.525,6.5,10,6,1,8,8,2450,1343,1107,216,977,1473,6.99706846122449,7.52041697691735,6.36214790424571,6.46342592592593,7.00682702149437,6.99059587915818,112
"113",2010,10,6.63333333333333,15,7,6.3125,6.16666666666667,7.25,6.40909090909091,7,8,3,4,11,2465,1350,1115,219,981,1484,6.99485506288032,7.51771851851852,6.36179168609866,6.45936073059361,7.00781855249745,6.98628553234501,113
"114",2010,11,6.57931034482759,29,6.67272727272727,6.52222222222222,7,5.48571428571429,6.92727272727273,11,18,2,7,22,2494,1361,1133,221,988,1506,6.99002314755413,7.51088905216753,6.36434045013239,6.46425339366516,6.99703441295547,6.98542345949535,114
"115",2010,12,8.22222222222222,9,8,8.5,10,7.8,8.75,5,4,1,5,4,2503,1366,1137,222,993,1510,6.994453747503,7.51267935578331,6.371853764292,6.48018018018018,7.0010775427996,6.99009783443709,115
"116",2011,1,6.14285714285714,14,7.14285714285714,5.14285714285714,4,5,6.6,7,7,1,4,10,2517,1373,1144,223,997,1520,6.98971701628923,7.5107938820102,6.36433368006993,6.46905829596413,6.99304914744233,6.98753140131579,116
"117",2011,2,7.325,16,9.14285714285714,5.91111111111111,NA,7.4,7.29090909090909,7,9,0,5,11,2533,1380,1153,223,1002,1531,6.99183487169364,7.51907246376812,6.36079594969644,6.46905829596413,6.99507984031936,6.98971112344873,117
"118",2011,3,6.53529411764706,17,7.5,6.23846153846154,6.5,6.4,6.59166666666667,4,13,4,5,12,2550,1384,1166,227,1007,1543,6.98879126666667,7.51901734104047,6.35943201543739,6.46960352422908,6.99212512413108,6.98661550874919,118
"119",2011,4,7,8,7.25,6.75,NA,7.25,6.91666666666667,4,4,0,2,6,2558,1388,1170,227,1009,1549,6.9888263213448,7.51824207492796,6.36076729059829,6.46960352422908,6.99263627353816,6.98634456423499,119
"120",2011,5,7.53846153846154,13,8,7,NA,7,7.63636363636364,7,6,0,2,11,2571,1395,1176,227,1011,1560,6.99160549591598,7.52065949820789,6.36402868197279,6.46960352422908,6.99265084075173,6.99092803205128,120
"121",2011,6,6.26,10,7.5,5.95,7,4,6.51111111111111,2,8,2,1,9,2581,1397,1184,229,1012,1569,6.98877091437427,7.52062992125984,6.36123119087838,6.47423580786026,6.98969367588933,6.98817573613767,121
"122",2011,7,6.75,4,6.5,7,7,6.5,7,2,2,1,2,2,2585,1399,1186,230,1014,1571,6.98840144294004,7.51917083631165,6.36230837268128,6.47652173913044,6.98872781065089,6.98819078930617,122
"123",2011,8,6.42307692307692,13,7.26,5.9,NA,7,6.31818181818182,5,8,0,2,11,2598,1404,1194,230,1016,1582,6.9855726443418,7.51824786324786,6.35921082914573,6.47652173913044,6.98875,6.98353206700379,123
"124",2011,9,6.45454545454545,11,7.08333333333333,5.7,5,6.125,6.64285714285714,6,5,2,4,7,2609,1410,1199,232,1020,1589,6.98333374089689,7.51639716312057,6.3564618265221,6.46379310344828,6.98536274509804,6.98203129641284,124
"125",2011,10,5.89821428571429,14,6.64375,5.6,6,6.7875,5.75,4,10,2,2,12,2623,1414,1209,234,1022,1601,6.97754202439954,7.51392857142857,6.35020490488007,6.45982905982906,6.98497553816047,6.97279683322923,125
"126",2011,11,7.18333333333333,12,8.375,6.5875,6.74,7.2,7.16666666666667,4,8,5,6,6,2635,1418,1217,239,1028,1607,6.97847921442125,7.51635754583921,6.35176477403451,6.46569037656904,6.98623054474708,6.97352067828251,126
"127",2011,12,6.68421052631579,19,7,6.57142857142857,6.25,6.16666666666667,6.78125,5,14,2,3,16,2654,1423,1231,241,1031,1623,6.97637254333082,7.51454321855236,6.354262981316,6.46390041493776,6.98384578079535,6.97162521873075,127
"128",2012,1,7.06315789473684,19,7.5625,6.7,6.56666666666667,7.4,6.94285714285714,8,11,3,5,14,2673,1431,1242,244,1036,1637,6.97698942386831,7.51481132075472,6.35732506441224,6.46516393442623,6.98585424710425,6.97137918753818,128
"129",2012,2,6.61333333333333,15,7.375,6.33636363636364,6.5,4.75,6.9,4,11,2,2,13,2688,1435,1253,246,1038,1650,6.97496009300595,7.51442160278746,6.35714104549082,6.46544715447155,6.98154624277457,6.97081680606061,129
"130",2012,3,6.63636363636364,11,6.85714285714286,6.25,NA,6.75,6.57142857142857,7,4,0,4,7,2699,1442,1257,246,1042,1657,6.97358011485735,7.51123092926491,6.35680010342085,6.46544715447155,6.98065738963532,6.9691295896198,130
"131",2012,4,6.86666666666667,15,7.91666666666667,6.16666666666667,7.5,6,7.44444444444444,6,9,1,6,9,2714,1448,1266,247,1048,1666,6.97298921518054,7.51291091160221,6.35544844391785,6.46963562753037,6.9750429389313,6.97169731692677,131
"132",2012,5,7.625,10,7.3,7.95,NA,8.5,7.40625,5,5,0,2,8,2724,1453,1271,247,1050,1674,6.97538279368576,7.51217825189264,6.36172126671912,6.46963562753037,6.97794761904762,6.97377403225807,132
"133",2012,6,7.16666666666667,3,NA,7.16666666666667,NA,7,7.25,0,3,0,1,2,2727,1453,1274,247,1051,1676,6.97559322698937,7.51217825189264,6.36361674254317,6.46963562753037,6.97796860133207,6.9741036575179,133
"134",2012,7,6.41933333333333,15,7.0375,5.71285714285714,NA,6,6.57181818181818,8,7,0,4,11,2742,1461,1281,247,1055,1687,6.9725502297593,7.50957905544148,6.36006067915691,6.46963562753037,6.97426066350711,6.97148057498518,134
"135",2012,8,6.94545454545455,11,7.6,6.57142857142857,5.33333333333333,8.46666666666667,6.375,4,7,3,3,8,2753,1465,1288,250,1058,1695,6.97244196512895,7.50982593856655,6.36120941770187,6.456,6.97849243856333,6.96866532743363,135
"136",2012,9,7.59,10,8.41428571428571,5.66666666666667,6,6.33333333333333,8.12857142857143,7,3,1,3,7,2763,1472,1291,251,1061,1702,6.97467706478466,7.51412703804348,6.35959545313711,6.45418326693227,6.97666823751178,6.97343579905993,136
"137",2012,10,7.08333333333333,6,NA,7.08333333333333,NA,7,7.1,0,6,0,1,5,2769,1472,1297,251,1062,1707,6.97491250631997,7.51412703804348,6.36294350809561,6.45418326693227,6.97669020715631,6.9738065202109,137
"138",2012,11,6.25,8,6.6,5.66666666666667,NA,6,6.28571428571429,5,3,0,1,7,2777,1477,1300,251,1063,1714,6.9728241735686,7.51103249830738,6.36133671538462,6.45418326693227,6.97577140169332,6.97099634189032,138
"139",2012,12,8.1,8,8,8.26666666666667,9,10,7.46666666666667,5,3,2,2,6,2785,1482,1303,253,1065,1720,6.97606202154399,7.51268218623482,6.36572350729087,6.47430830039526,6.98145070422535,6.97272542441861,139
"140",2013,1,6.75,26,7.64285714285714,6.42105263157895,6.66666666666667,6.83333333333333,6.70588235294118,7,19,6,9,17,2811,1489,1322,259,1074,1737,6.97397108858058,7.51329415715245,6.3665187065053,6.47876447876448,6.98020949720671,6.97011383419689,140
"141",2013,2,6.5,16,8.2,5.72727272727273,9,6.57142857142857,6.44444444444444,5,11,1,7,9,2827,1494,1333,260,1081,1746,6.97128854969933,7.51559236947791,6.3612436084021,6.48846153846154,6.97756244218317,6.96740419816724,141
"142",2013,3,6.425,8,6.7,6.33333333333333,6,6.33333333333333,6.48,2,6,1,3,5,2835,1496,1339,261,1084,1751,6.969746994709,7.51450200534759,6.36111854368932,6.48659003831418,6.9757795202952,6.9660124100514,142
"143",2013,4,6.75,14,7,6.65,8,7.25,6.55,4,10,1,4,10,2849,1500,1349,262,1088,1761,6.96866715689716,7.51313,6.3632599925871,6.49236641221374,6.97678768382353,6.96365004542873,143
"144",2013,5,6.77777777777778,9,6,7.16666666666667,7,6,6.875,3,6,1,1,8,2858,1503,1355,263,1089,1769,6.96806603568929,7.51010978043912,6.36681751291513,6.49429657794677,6.97589072543618,6.96324914075749,144
"145",2013,6,7.4,17,7.6,7.11428571428571,NA,7.04285714285714,7.65,10,7,0,7,10,2875,1513,1362,263,1096,1779,6.97062008,7.51070389953734,6.37065912628488,6.49429657794677,6.97631843065694,6.967109460371,145
"146",2013,7,6.75,8,10,6.28571428571429,7,8,6.57142857142857,1,7,1,1,7,2883,1514,1369,264,1097,1786,6.97000788414846,7.51234808454425,6.37022478451425,6.49621212121212,6.9772515952598,6.96555863941769,146
"147",2013,8,7.25,11,7.63888888888889,5.5,7,7,7.39285714285714,9,2,1,4,7,2894,1523,1371,265,1101,1793,6.97107212508639,7.51309586342745,6.36895530999271,6.49811320754717,6.97733424159855,6.96722684327942,147
"148",2013,9,5.5,12,5.5,5.5,6,7,5.2,2,10,1,2,10,2906,1525,1381,266,1103,1803,6.96499749827942,7.51045573770492,6.36266309196235,6.49624060150376,6.97737533998187,6.95742525235718,148
"149",2013,10,6.34615384615385,13,6.8125,5.6,NA,5,6.59090909090909,8,5,0,2,11,2919,1533,1386,266,1105,1814,6.96224142857143,7.50681343770385,6.35991178210678,6.49624060150376,6.9737963800905,6.95520271775083,149
"150",2013,11,6.54166666666667,12,7.66666666666667,6.16666666666667,6.5,6,6.59090909090909,3,9,2,1,11,2931,1536,1395,268,1106,1825,6.96051952575913,7.50712565104167,6.35866503942652,6.49626865671642,6.97291591320073,6.95300697534247,150
"151",2013,12,7.27272727272727,11,7,7.6,8.5,5,7.77777777777778,6,5,2,2,9,2942,1542,1400,270,1108,1834,6.96168685588035,7.50515239948119,6.36309837857143,6.51111111111111,6.9693546931408,6.95705437840785,151
"152",2014,1,6.66666666666667,12,6.5,6.75,5,8.5,6.3,4,8,1,2,10,2954,1546,1408,271,1110,1844,6.96048839878131,7.50255174644243,6.36529668323864,6.50553505535055,6.97211261261261,6.95349117678959,152
"153",2014,2,6.71666666666667,18,7.4875,6.1,9,5.4,7.22307692307692,8,10,3,5,13,2972,1554,1418,274,1115,1857,6.95901168573351,7.50247425997426,6.36342576163611,6.53284671532847,6.96506278026906,6.95537842218632,153
"154",2014,3,6.79166666666667,12,7.5,6.55555555555556,6.5,7.2,6.5,3,9,1,5,7,2984,1557,1427,275,1120,1864,6.95833871648794,7.502469492614,6.36463751226349,6.53272727272727,6.96611160714286,6.95366831008584,154
"155",2014,4,6.53571428571429,14,8.5,5.75,6.5,6.33333333333333,6.59090909090909,4,10,2,3,11,2998,1561,1437,277,1123,1875,6.95636515343563,7.50502562459962,6.36036028531663,6.53249097472924,6.96442119323242,6.95154012266667,155
"156",2014,5,6.83333333333333,12,9,6.4,6,6,6.90909090909091,2,10,1,1,11,3010,1563,1447,278,1124,1886,6.95587466112957,7.50693857965451,6.36063422944022,6.53057553956835,6.96356316725979,6.9512925397667,156
"157",2014,6,6.78571428571429,7,7,6.75,6,7,6.625,1,6,1,3,4,3017,1564,1453,279,1127,1890,6.95547985747431,7.50661445012788,6.36224207157605,6.52867383512545,6.96366015971606,6.95060197354497,157
"158",2014,7,6.31,10,6.65,6.08333333333333,7,7.3,6.0625,4,6,3,2,8,3027,1568,1459,282,1129,1898,6.95334744962009,7.50442920918367,6.36109508567512,6.53368794326241,6.96425597874225,6.94685865648051,158
"159",2014,8,7.33333333333333,6,7,7.5,7,7,7.66666666666667,2,4,1,3,3,3033,1570,1463,283,1132,1901,6.95409915265414,7.50378662420382,6.3642089747095,6.53533568904594,6.96435070671378,6.94799459758022,159
"160",2014,9,6.1,5,NA,6.1,5.16666666666667,4.5,7.16666666666667,0,5,3,2,3,3038,1570,1468,286,1134,1904,6.95269345951284,7.50378662420382,6.36330908038147,6.52097902097902,6.96000440917108,6.94833914390756,160
"161",2014,10,5.6875,8,8.33333333333333,4.1,5.75,3.75,6.33333333333333,3,5,2,2,6,3046,1573,1473,288,1136,1910,6.94937056139199,7.5053687221869,6.35562642905635,6.515625,6.95435299295775,6.94640718848168,161
"162",2014,11,5.88461538461539,13,7.125,5.33333333333333,7,7,5.79166666666667,4,9,1,1,12,3059,1577,1482,289,1137,1922,6.94484561294541,7.50440393151554,6.34941817139001,6.51730103806228,6.95439313984169,6.93919757023933,162
"163",2014,12,5.59166666666667,12,8.25,4.2625,7.1,6.2625,4.25,4,8,1,8,4,3071,1581,1490,290,1145,1926,6.93955803647021,7.50629032258065,6.33821324161074,6.51931034482759,6.94955895196507,6.93361252855659,163
"164",2015,1,6.54166666666667,12,6.92857142857143,6,NA,6,6.65,7,5,0,2,10,3083,1588,1495,290,1147,1936,6.93800931884528,7.50374370277078,6.33708209364549,6.51931034482759,6.94790322580645,6.93214758780992,164
"165",2015,2,6.18888888888889,9,7,5.78333333333333,6,2,6.7125,3,6,1,1,8,3092,1591,1501,291,1148,1944,6.93582882600259,7.50279384035198,6.33486857428381,6.51752577319588,6.94359320557492,6.93124368827161,165
"166",2015,3,7.08833333333333,12,7.33333333333333,6.84333333333333,7,7.43,7.02,6,6,1,2,10,3104,1597,1507,292,1150,1954,6.93641840528351,7.50215716969318,6.33689298606503,6.51917808219178,6.94443913043479,6.93169791709314,166
"167",2015,4,6.27777777777778,9,7.33333333333333,5.75,6.5,5,6.64285714285714,3,6,1,2,7,3113,1600,1513,293,1152,1961,6.93451420815933,7.501840625,6.3345655849306,6.51911262798635,6.94106336805556,6.93066686894442,167
"168",2015,5,7.22727272727273,11,8.75,5.4,6.5,7.16666666666667,7.25,6,5,2,3,8,3124,1606,1518,295,1155,1969,6.93554504801537,7.50650373599004,6.33148730566535,6.51898305084746,6.94164935064935,6.93196431183342,168
"169",2015,6,6.8125,8,6.5,7.75,7,4,7.21428571428571,6,2,1,1,7,3132,1612,1520,296,1156,1976,6.93523075670498,7.50275744416874,6.33335376973684,6.52060810810811,6.93910467128028,6.93296443825911,169
"170",2015,7,7.25,4,8.5,6,7,NA,7.25,2,2,1,0,4,3136,1614,1522,297,1156,1980,6.93563224808674,7.50399318463445,6.33291572273325,6.52222222222222,6.93910467128028,6.93360491414141,170
"171",2015,8,8,7,8.75,7,9,10,7.2,4,3,1,2,5,3143,1618,1525,298,1158,1985,6.93800277760102,7.50707354758962,6.33422801967213,6.53053691275168,6.94439119170985,6.93427593450882,171
"172",2015,9,6.3125,8,6.5,6.25,7,7.16666666666667,5.8,2,6,1,3,5,3151,1620,1531,299,1161,1990,6.9364147032688,7.50583024691358,6.33389792945787,6.53210702341137,6.94496554694229,6.93142599497487,172
"173",2015,10,6.20833333333333,12,5,6.45,6.33333333333333,6.5,6.15,2,10,3,2,10,3163,1622,1541,302,1163,2000,6.93365245969017,7.50274044389642,6.33465134977288,6.53013245033113,6.94420034393809,6.927518865,173
"174",2015,11,6.84285714285714,14,7.54285714285714,6.14285714285714,7,7,6.81666666666667,7,7,1,2,12,3177,1629,1548,303,1165,2012,6.93325235442241,7.50291282995703,6.33378406330749,6.53168316831683,6.94429613733906,6.92685771868787,174
"175",2015,12,5.84615384615385,13,6.75,5.44444444444444,5,6,5.81818181818182,4,9,2,2,11,3190,1633,1557,305,1167,2023,6.92882217241379,7.5010685854256,6.32864337186898,6.52163934426229,6.94267780634105,6.92082932773109,175
"176",2016,1,7.71666666666667,12,7.28571428571429,8.32,10,9,7.46,7,5,1,2,10,3202,1640,1562,306,1169,2033,6.93177474391006,7.5001493902439,6.33501775288092,6.53300653594771,6.94619760479042,6.92348142154452,176
"177",2016,2,6.82777777777778,18,6.9875,6.7,3,6.33333333333333,6.92666666666667,8,10,1,3,15,3220,1648,1572,307,1172,2048,6.93119339440994,7.49766080097087,6.33733952290076,6.5214983713355,6.94462883959045,6.92350475097656,177
"178",2016,3,6.78571428571429,14,7.42857142857143,6.14285714285714,4,5.83333333333333,7.04545454545455,7,7,1,3,11,3234,1655,1579,308,1175,2059,6.93056361471862,7.49736858006042,6.33647734642179,6.51331168831169,6.9417914893617,6.92415625546382,178
"179",2016,4,5.81818181818182,11,6.4,5.33333333333333,NA,7,5.375,5,6,0,3,8,3245,1660,1585,308,1178,2067,6.92679282896764,7.49406325301205,6.33267995583596,6.51331168831169,6.94193972835314,6.91816048863087,179
"180",2016,5,7.3,10,7.2,7.4,NA,8.5,7,5,5,0,2,8,3255,1665,1590,308,1180,2075,6.92793939477727,7.49318018018018,6.3360363081761,6.51331168831169,6.94458050847458,6.91847601445783,180
"181",2016,6,6.86363636363636,11,7,6.625,7,7,6.83333333333333,7,4,2,2,9,3266,1672,1594,310,1182,2084,6.92772281996326,7.49111543062201,6.33676143663739,6.51645161290323,6.94467428087987,6.91810831573896,181
"182",2016,7,6.36,5,5,7.26666666666667,6,7.4,5.66666666666667,2,3,1,2,3,3271,1674,1597,311,1184,2087,6.92685500764292,7.48813918757467,6.33850828428303,6.51479099678457,6.94544341216216,6.91630940584571,182
"183",2016,8,7.2,10,7.66666666666667,6.5,NA,8.2,6.2,6,4,0,5,5,3281,1680,1601,311,1189,2092,6.92768751295337,7.48877678571429,6.33891176139913,6.51479099678457,6.95071909167368,6.91459738527725,183
"184",2016,9,7.1,5,6.5,7.5,10,4.5,7.75,2,3,1,1,4,3286,1682,1604,312,1190,2096,6.92794970480828,7.48760107015458,6.34108337281796,6.52596153846154,6.94865966386555,6.91619166507634,184
"185",2016,10,6.625,8,6.75,6.5,7,6,6.71428571428571,4,4,1,1,7,3294,1686,1608,313,1191,2103,6.9272139435337,7.48585112692764,6.34147868781095,6.52747603833866,6.94786314021831,6.91551960532573,185
"186",2016,11,6.25,16,6.875,5.625,6,6.5,6.16666666666667,8,8,1,4,12,3310,1694,1616,314,1195,2115,6.92394040181269,7.48296635182999,6.33793176361386,6.52579617834395,6.9463640167364,6.91127079432624,186
"187",2016,12,6.80769230769231,13,7.25,6.1,6,8,6.59090909090909,8,5,3,2,11,3323,1702,1621,317,1197,2126,6.92348562443575,7.48187132784959,6.33719785934608,6.52082018927445,6.94812447786132,6.90961323142051,187
"188",2017,1,7.55882352941176,17,7.65,7.42857142857143,7,8,7.46428571428571,10,7,1,3,14,3340,1712,1628,318,1200,2140,6.92671938023952,7.48285338785047,6.341890497543,6.52232704402516,6.95075416666667,6.91324192990654,188
"189",2017,2,7.1,12,7,7.24,NA,7.5,6.9,7,5,0,4,8,3352,1719,1633,318,1204,2148,6.92733971658711,7.48088714368819,6.34464037354562,6.52232704402516,6.95257890365449,6.91319261173184,189
"190",2017,3,6.98461538461538,13,7.66666666666667,6.4,6.5,5.75,7.53333333333333,6,7,2,4,9,3365,1725,1640,320,1208,2157,6.92756098959881,7.48153333333333,6.34487666463415,6.5221875,6.94859685430464,6.91578012517385,190
"191",2017,4,7.04166666666667,12,7.21428571428571,6.8,8,6.66666666666667,7.16666666666667,7,5,1,3,9,3377,1732,1645,321,1211,2166,6.92796645839503,7.48045323325635,6.34626001823708,6.52679127725857,6.94789843104872,6.9168225900277,191
"192",2017,5,6.07142857142857,14,7.4,5.33333333333333,6,8,5.75,5,9,1,2,12,3391,1737,1654,322,1213,2178,6.92443017693896,7.48022164651698,6.34074832527207,6.52515527950311,6.9496331409728,6.910393815427,192
"193",2017,6,8,6,8.75,6.5,NA,9,7.5,4,2,0,2,4,3397,1741,1656,322,1215,2182,6.92632991757433,7.48313900057438,6.34094065821256,6.52515527950311,6.95300823045268,6.9114746700275,193
"194",2017,7,7.04545454545455,11,7.5,6.78571428571429,9.5,9,6.3125,4,7,2,3,8,3408,1745,1663,324,1218,2190,6.92671441607981,7.4831776504298,6.34281282621768,6.54351851851852,6.95805008210181,6.9092866347032,194
"195",2017,8,5.625,8,6.66666666666667,5,NA,8,4.83333333333333,3,5,0,2,6,3416,1748,1668,324,1220,2196,6.92366590456675,7.48177631578947,6.33878760791367,6.54351851851852,6.95975819672131,6.90361463114754,195
"196",2017,9,5.9,10,6.1,5.7,NA,4.75,6.1875,5,5,0,2,8,3426,1753,1673,324,1222,2204,6.92067797139521,7.47783513976041,6.33687849970114,6.54351851851852,6.95614157119476,6.90101530399274,196
"197",2017,10,6.3125,8,5.75,6.5,NA,NA,6.3125,2,6,0,0,8,3434,1755,1679,324,1222,2212,6.91926113278975,7.4758660968661,6.33746142346635,6.54351851851852,6.95614157119476,6.89888685804702,197
"198",2017,11,6,8,6,6,NA,7,5.85714285714286,2,6,0,1,7,3442,1757,1685,324,1223,2219,6.91712455839628,7.47418611269209,6.33625978041543,6.54351851851852,6.95617743254293,6.89560059936909,198
"199",2017,12,6.5,10,7.08333333333333,5.625,6,7,6.44444444444444,6,4,1,1,9,3452,1763,1689,325,1224,2228,6.91591620220162,7.47285592739648,6.3345753285968,6.54184615384615,6.95621323529412,6.89377815529623,199
"200",2018,1,6.83333333333333,15,7.92857142857143,5.875,8,8.75,6.53846153846154,7,8,2,2,13,3467,1770,1697,327,1226,2241,6.91555890683588,7.4746581920904,6.33240879787861,6.55076452599388,6.95913947797716,6.89171697010263,200
"201",2018,2,7.55555555555556,9,8.28571428571429,5,NA,8.33333333333333,7.16666666666667,7,2,0,3,6,3476,1777,1699,327,1229,2247,6.91721597525892,7.47785312324142,6.33084033549147,6.55076452599388,6.96249389747763,6.8924511481976,201
"202",2018,3,7.1875,8,7.25,7.125,9,8.5,7,4,4,1,1,7,3484,1781,1703,328,1230,2254,6.91783660447761,7.47734138124649,6.33270565472695,6.55823170731707,6.96374390243903,6.89278515084295,202
"203",2018,4,5.875,4,6.83333333333333,3,NA,5.5,6,3,1,0,1,3,3488,1784,1704,328,1231,2257,6.91664069094037,7.47625840807175,6.3307498415493,6.55823170731707,6.96255483346873,6.89159846256092,203
"204",2018,5,6.14285714285714,7,7.16666666666667,5.375,6,5.16666666666667,6.875,3,4,1,3,4,3495,1787,1708,329,1234,2261,6.91509090987125,7.47573866815893,6.32851155152225,6.5565349544073,6.95818881685576,6.89156909774436,204
"205",2018,6,6.5,7,8.25,5.8,NA,8.25,5.8,2,5,0,2,5,3502,1789,1713,329,1236,2266,6.91426120217019,7.47660424818334,6.32696890251022,6.5565349544073,6.96027912621359,6.88916051632833,205
"206",2018,7,6.75,8,7.66666666666667,6.2,NA,1.5,7.5,3,5,0,1,7,3510,1792,1718,329,1237,2273,6.91388681766382,7.47692243303571,6.32659937718277,6.5565349544073,6.95586499595797,6.89104167619886,206
"207",2018,8,6.76666666666667,12,6,7.15,10,8,6.52,4,8,1,2,10,3522,1796,1726,330,1239,2283,6.91338521578649,7.47363307349666,6.33041583429896,6.5669696969697,6.95755044390638,6.88941643889619,207
"208",2018,9,7.6,5,9,5.5,NA,7.5,7.66666666666667,3,2,0,2,3,3527,1799,1728,330,1241,2286,6.91435858519989,7.47617843246248,6.32945470486111,6.5669696969697,6.95842465753425,6.89043645231846,208
"209",2018,10,7.42857142857143,7,7.1,8.25,NA,8,7.2,5,2,0,2,5,3534,1804,1730,330,1243,2291,6.91537711658178,7.47513580931264,6.33167498843931,6.5669696969697,6.96010056315366,6.89111206023571,209
"210",2018,11,7.375,8,8.33333333333333,6.8,3,7,7.42857142857143,3,5,1,1,7,3542,1807,1735,331,1244,2298,6.9164152258611,7.47656059767571,6.33302462824208,6.55619335347432,6.96013263665595,6.89274922976501,210
"211",2018,12,7.12727272727273,11,7.425,6.33333333333333,NA,6.8,7.25,8,3,0,3,8,3553,1815,1738,331,1247,2306,6.91706803546299,7.47633333333333,6.33302516110472,6.55619335347432,6.95974739374499,6.89398860797919,211
"212",2019,1,7.55555555555556,9,7.83333333333333,7,9,NA,7.55555555555556,6,3,1,0,9,3562,1821,1741,332,1247,2315,6.91868128298709,7.47750961010434,6.3341744572085,6.56355421686747,6.95974739374499,6.89656057451404,212
"213",2019,2,7.35714285714286,7,7.5,7.3,7,8,7.25,2,5,1,1,6,3569,1823,1746,333,1248,2321,6.91954125245167,7.47753428414701,6.33694028064147,6.56486486486487,6.96058092948718,6.89747424816889,213
"214",2019,3,6.14285714285714,7,8.5,5.2,NA,7,6,2,5,0,1,6,3576,1825,1751,333,1249,2327,6.91802089765101,7.47865479452055,6.33369373500857,6.56486486486487,6.960612489992,6.89516017619252,214
"215",2019,4,7,5,8,5.5,NA,8,6.75,3,2,0,1,4,3581,1828,1753,333,1250,2331,6.91813536163083,7.47951039387309,6.33274257273246,6.56486486486487,6.961444,6.89491108108108,215
"216",2019,5,7.3,10,7.28571428571429,7.33333333333333,7,6.66666666666667,7.57142857142857,7,3,2,3,7,3591,1835,1756,335,1253,2338,6.91919875522139,7.47877111716621,6.33445201025057,6.56746268656717,6.9607382282522,6.89693658254919,216
"217",2019,6,7,6,6,7.2,10,NA,7,1,5,1,0,6,3597,1836,1761,336,1253,2344,6.91933353628023,7.47796568627451,6.33690955706985,6.57767857142857,6.9607382282522,6.89720039675768,217
"218",2019,7,7.375,8,7.66666666666667,7.2,8,8,7.16666666666667,3,5,1,2,6,3605,1839,1766,337,1255,2350,6.92034472399445,7.47827351821642,6.33935318799547,6.58189910979229,6.96239442231076,6.89788839574468,218
"219",2019,8,4.93636363636364,11,6.2,4.21428571428571,NA,6.33333333333333,4.4125,4,7,0,3,8,3616,1843,1773,337,1258,2358,6.91430938329646,7.4754991861096,6.33096318668923,6.58189910979229,6.96089427662957,6.88945620441052,219
"220",2019,9,5.55555555555556,9,7.75,4.92857142857143,6,4,5.75,2,7,2,1,8,3625,1845,1780,339,1259,2366,6.91093592551724,7.47579674796748,6.32544816292135,6.57846607669617,6.95854249404289,6.88560343617921,220
"221",2019,10,8,5,9.33333333333333,6,NA,9,7.75,3,2,0,1,4,3630,1848,1782,339,1260,2370,6.91243601377411,7.47881222943723,6.32508290123457,6.57846607669617,6.9601626984127,6.88706233333333,221
"222",2019,11,6.40833333333333,12,7,5.81666666666667,NA,6,6.44545454545455,6,6,0,1,11,3642,1854,1788,339,1261,2381,6.9107750494234,7.47726267529666,6.3233768064877,6.57846607669617,6.95940126883426,6.88502214615708,222
"223",2019,12,6.92857142857143,7,8.16666666666667,6,2,4.5,7.9,3,4,1,2,5,3649,1857,1792,340,1263,2386,6.91080918881886,7.47837641357027,6.32265498325893,6.565,6.95550673000792,6.88714909052808,223
"224",2020,1,6.575,16,7.06363636363636,5.5,NA,6.375,6.64166666666667,11,5,0,4,12,3665,1868,1797,340,1267,2398,6.90934317326057,7.47593415417559,6.32036601558153,6.565,6.95367403314917,6.88592065471226,224
"225",2020,2,7.22727272727273,11,7.5,6.9,7.25,6,7.35,6,5,2,1,10,3676,1874,1802,342,1268,2408,6.91029454026116,7.47601120597652,6.32197432297447,6.56900584795322,6.95292192429022,6.88784789451827,225
"226",2020,3,6.1875,8,6.75,5.625,NA,6.5,6.08333333333333,4,4,0,2,6,3684,1878,1806,342,1270,2414,6.90872495385451,7.47446485623003,6.32043063676634,6.56900584795322,6.95220866141732,6.88584827257664,226
"227",2020,4,7.375,8,8,7,6.5,10,7,3,5,2,1,7,3692,1881,1811,344,1271,2421,6.90973530065006,7.47530303030303,6.32230686361127,6.56860465116279,6.95460660896932,6.88617832713755,227
"228",2020,5,7.625,4,8.75,6.5,5,7,8.25,2,2,1,2,2,3696,1883,1813,345,1273,2423,6.91050939664502,7.47665693043017,6.32250288472146,6.56405797101449,6.95467792615868,6.88730405695419,228
"229",2020,6,6.55555555555556,9,7.5,5.8,NA,9,6.25,4,5,0,1,8,3705,1887,1818,345,1274,2431,6.90964716059379,7.47670641229465,6.32106585808581,6.56405797101449,6.95628335949765,6.88520679967092,229
"230",2020,7,7.08333333333333,6,7.375,6.5,NA,5.25,8,4,2,0,2,4,3711,1891,1820,345,1276,2435,6.90992797898141,7.47649127445796,6.32126248901099,6.56405797101449,6.95360893416928,6.88703808213552,230
"231",2020,8,5.4,5,NA,5.4,5,NA,5.4,0,5,1,0,5,3716,1891,1825,346,1276,2440,6.90789632131324,7.47649127445796,6.31873848219178,6.55953757225434,6.95360893416928,6.88399087295082,231
"232",2020,9,6.9375,8,8,6.3,8.5,8,6.3,3,5,1,3,5,3724,1894,1830,347,1279,2445,6.90795991675618,7.47732048574446,6.31868728415301,6.56512968299712,6.95606333072713,6.88279661758691,232
"233",2020,10,8,3,8,8,NA,NA,8,1,2,0,0,3,3727,1895,1832,347,1279,2448,6.90883894016635,7.4775963060686,6.32052277838428,6.56512968299712,6.95606333072713,6.88416573937909,233
"234",2020,11,6.73076923076923,13,5.86666666666667,6.99,9,9,6.54166666666667,3,10,1,1,12,3740,1898,1842,348,1280,2460,6.90821998128342,7.47505005268704,6.32415729098806,6.57212643678161,6.95766015625,6.88249501219512,234
"235",2020,12,7.90769230769231,13,8.13333333333333,7.71428571428571,7.25,8.93333333333333,7.6,6,7,4,3,10,3753,1904,1849,352,1283,2470,6.91168204902745,7.47712447478992,6.32942008112493,6.57982954545455,6.96227981293843,6.88539989068826,235
"236",2021,1,7.23076923076923,13,7.2,7.25,7.5,6.4,7.75,5,8,2,5,8,3766,1909,1857,354,1288,2478,6.91278351832183,7.47639863803038,6.33338596122779,6.58502824858757,6.96009704968944,6.88819117433414,236
"237",2021,2,6.57142857142857,7,8.66666666666667,5,6,NA,6.57142857142857,3,4,1,0,7,3773,1912,1861,355,1288,2485,6.91215020673204,7.47826621338912,6.33052000537346,6.58338028169014,6.96009704968944,6.88729888531187,237
"238",2021,3,7.45,10,7.2,7.7,NA,10,7.16666666666667,5,5,0,1,9,3783,1917,1866,355,1289,2494,6.91357196140629,7.47754042775169,6.3341895659164,6.58338028169014,6.96245539177657,6.88830702886929,238
"239",2021,4,6.025,4,6,6.03333333333333,NA,NA,6.025,1,3,0,0,4,3787,1918,1869,355,1289,2498,6.91263341167151,7.4767700729927,6.3337066506153,6.58338028169014,6.96245539177657,6.88692463170536,239
"240",2021,5,6.66666666666667,6,7.5,6.25,9,5,7,2,4,1,1,5,3793,1920,1873,356,1290,2503,6.91224432639072,7.47679427083333,6.33352788574479,6.59016853932584,6.96093410852713,6.88715051138634,240
"241",2021,6,7.4,5,6.75,10,10,4.5,9.33333333333333,4,1,1,2,3,3798,1924,1874,357,1292,2506,6.9128864481306,7.47528326403326,6.3354843810032,6.59971988795518,6.9571246130031,6.89007890263368,241
"242",2021,7,8.25,4,9.5,7,6,NA,8.25,2,2,1,0,4,3802,1926,1876,358,1292,2510,6.91429319568648,7.47738577362409,6.33619281982943,6.59804469273743,6.9571246130031,6.89224610756972,242
"243",2021,8,7.06,10,7.75,6.6,6.8,6.26666666666667,7.4,4,6,1,3,7,3812,1930,1882,359,1295,2517,6.91467542759706,7.47795077720207,6.3370338629118,6.59860724233983,6.9555250965251,6.89365821613031,243
"244",2021,9,6.63636363636364,11,6.4,6.83333333333333,NA,5,6.8,5,6,0,1,10,3823,1935,1888,359,1296,2527,6.91387463510332,7.475165374677,6.33861108580509,6.59860724233983,6.9540162037037,6.89328758607044,244
"245",2021,10,5.375,4,6,5.16666666666667,NA,8,2.75,1,3,0,2,2,3827,1936,1891,359,1298,2529,6.91226619545336,7.47440340909091,6.33675184029614,6.59860724233983,6.95562788906009,6.89001096480822,245
"246",2021,11,6.5,9,7,5.875,NA,8,6.3125,5,4,0,1,8,3836,1941,1895,359,1299,2537,6.91129893899896,7.47318134981968,6.33577716622691,6.59860724233983,6.95643187066975,6.8881898817501,246
"247",2021,12,6.5,11,8.5,5.75,NA,NA,6.5,3,8,0,0,11,3847,1944,1903,359,1299,2548,6.91012288276579,7.47476594650206,6.33331462427746,6.59860724233983,6.95643187066975,6.88651402276295,247
"248",2022,1,7.28125,16,7.4,7.08333333333333,NA,NA,7.28125,10,6,0,0,16,3863,1954,1909,359,1299,2564,6.91166003882993,7.47438331627431,6.33567193818753,6.59860724233983,6.95643187066975,6.88897727379095,248
"249",2022,2,7.5,6,7.66666666666667,7.33333333333333,NA,8,7.25,3,3,0,2,4,3869,1957,1912,359,1301,2568,6.91257242956836,7.47467807869188,6.33723730648536,6.59860724233983,6.95803612605688,6.88953961448598,249
"250",2022,3,7.77777777777778,9,9.33333333333333,7,6.66666666666667,NA,7.77777777777778,3,6,3,0,9,3878,1960,1918,362,1301,2577,6.91458038421867,7.47752295918367,6.3393105995829,6.59917127071823,6.95803612605688,6.89264172681412,250
"251",2022,4,6.75,6,8.5,5,NA,8.25,6,3,3,0,2,4,3884,1963,1921,362,1303,2581,6.91432614057673,7.47908558329088,6.33721901613743,6.59917127071823,6.96001918649271,6.89125832235568,251
"252",2022,5,6.77777777777778,18,7.4,6,7,6,7.07692307692308,10,8,3,5,13,3902,1973,1929,365,1308,2594,6.91369624038954,7.4786847440446,6.33582049248315,6.60246575342466,6.95634938837921,6.89218879336931,252
"253",2022,6,9,1,9,NA,NA,9,NA,1,0,0,1,0,3903,1974,1929,365,1309,2594,6.91423077888804,7.47945542046606,6.33582049248315,6.60246575342466,6.95791061879297,6.89218879336931,253
"254",2022,7,5,1,5,NA,NA,NA,5,1,0,0,0,1,3904,1975,1929,365,1309,2595,6.91374045338115,7.4782,6.33582049248315,6.60246575342466,6.95791061879297,6.89145962620424,254
"255",2022,8,8.33333333333333,6,NA,8.33333333333333,NA,8,8.66666666666667,0,6,0,3,3,3910,1975,1935,365,1312,2598,6.91591885677749,7.4782,6.34201433074935,6.60246575342466,6.96029344512195,6.89350951886066,255
"256",2022,9,7.69,8,7.875,7.505,5.02,9.5,7.08666666666667,4,4,1,2,6,3918,1979,1939,366,1314,2604,6.91749942062277,7.47900202122284,6.34441347601857,6.59814207650273,6.96415905631659,6.89395458141321,256
"257",2022,10,7.5,6,8,7,NA,NA,7.5,3,3,0,0,6,3924,1982,1942,366,1314,2610,6.91839009429154,7.47979061553986,6.34542622554068,6.59814207650273,6.96415905631659,6.89534778927203,257
"258",2022,11,6.57142857142857,7,7.625,5.16666666666667,NA,NA,6.57142857142857,4,3,0,0,7,3931,1986,1945,366,1314,2617,6.91777225387942,7.480083081571,6.3436080874036,6.59814207650273,6.96415905631659,6.89448136415743,258
"259",2022,12,5.31666666666667,6,4,5.58,8.5,8,4.78,1,5,2,1,5,3937,1987,1950,368,1315,2622,6.91533216408433,7.47833165576246,6.34165011794872,6.60847826086957,6.96494676806084,6.89044917238749,259
