"","year","month","avg_rating","no_ratings","avg_rating_owned","avg_rating_not_owned","avg_rating_prev_owned","avg_rating_comment","avg_rating_no_comment","no_ratings_owned","no_ratings_not_owned","no_ratings_prev_owned","no_ratings_comment","no_ratings_no_comment","cum_no_ratings","cum_no_ratings_owned","cum_no_ratings_not_owned","cum_no_ratings_prev_owned","cum_no_ratings_comment","cum_no_ratings_no_comment","cum_avg_rating","cum_avg_rating_owned","cum_avg_rating_not_owned","cum_avg_rating_prev_owned","cum_avg_rating_comment","cum_avg_rating_no_comment","month_after_release"
"1",2001,6,6,1,6,NA,NA,NA,6,1,0,0,0,1,1,1,0,0,0,1,6,6,NA,NA,NA,6,1
"2",2001,7,7,1,7,NA,NA,7,NA,1,0,0,1,0,2,2,0,0,1,1,6.5,6.5,NA,NA,7,6,2
"3",2001,8,5.66666666666667,3,5.5,6,NA,NA,5.66666666666667,2,1,0,0,3,5,4,1,0,1,4,6,6,6,NA,7,5.75,3
"4",2001,10,8.25,2,8.25,NA,NA,8.25,NA,2,0,0,2,0,7,6,1,0,3,4,6.64285714285714,6.75,6,NA,7.83333333333333,5.75,5
"5",2001,11,7.5,2,9,6,NA,NA,7.5,1,1,0,0,2,9,7,2,0,3,6,6.83333333333333,7.07142857142857,6,NA,7.83333333333333,6.33333333333333,6
"6",2002,1,7,3,8,6.5,NA,6.5,8,1,2,0,2,1,12,8,4,0,5,7,6.875,7.1875,6.25,NA,7.3,6.57142857142857,8
"7",2002,4,4,1,NA,4,4,NA,4,0,1,1,0,1,13,8,5,1,5,8,6.65384615384615,7.1875,5.8,4,7.3,6.25,11
"8",2002,5,5,1,NA,5,NA,NA,5,0,1,0,0,1,14,8,6,1,5,9,6.53571428571429,7.1875,5.66666666666667,4,7.3,6.11111111111111,12
"9",2002,6,5,1,5,NA,NA,NA,5,1,0,0,0,1,15,9,6,1,5,10,6.43333333333333,6.94444444444444,5.66666666666667,4,7.3,6,13
"10",2002,7,8,2,8,NA,NA,NA,8,2,0,0,0,2,17,11,6,1,5,12,6.61764705882353,7.13636363636364,5.66666666666667,4,7.3,6.33333333333333,14
"11",2002,8,6.6,5,6.6,NA,NA,7.33333333333333,5.5,5,0,0,3,2,22,16,6,1,8,14,6.61363636363636,6.96875,5.66666666666667,4,7.3125,6.21428571428571,15
"12",2002,9,7,1,NA,7,NA,NA,7,0,1,0,0,1,23,16,7,1,8,15,6.6304347826087,6.96875,5.85714285714286,4,7.3125,6.26666666666667,16
"13",2002,11,8.5,2,8.5,NA,NA,8.5,NA,2,0,0,2,0,25,18,7,1,10,15,6.78,7.13888888888889,5.85714285714286,4,7.55,6.26666666666667,18
"14",2003,1,7.5,4,7.33333333333333,8,NA,NA,7.5,3,1,0,0,4,29,21,8,1,10,19,6.87931034482759,7.16666666666667,6.125,4,7.55,6.52631578947368,20
"15",2003,2,7.6875,8,7.66666666666667,7.75,7.75,7.9,7.33333333333333,6,2,2,5,3,37,27,10,3,15,22,7.05405405405405,7.27777777777778,6.45,6.5,7.66666666666667,6.63636363636364,21
"16",2003,3,8.33333333333333,3,8.33333333333333,NA,NA,8.5,8,3,0,0,2,1,40,30,10,3,17,23,7.15,7.38333333333333,6.45,6.5,7.76470588235294,6.69565217391304,22
"17",2003,4,7.33333333333333,3,8,6,NA,9,6.5,2,1,0,1,2,43,32,11,3,18,25,7.16279069767442,7.421875,6.40909090909091,6.5,7.83333333333333,6.68,23
"18",2003,5,8.25,4,8.25,NA,NA,8,8.5,4,0,0,2,2,47,36,11,3,20,27,7.25531914893617,7.51388888888889,6.40909090909091,6.5,7.85,6.81481481481481,24
"19",2003,6,5.57142857142857,7,5.8,5,6,5,6,5,2,1,3,4,54,41,13,4,23,31,7.03703703703704,7.30487804878049,6.19230769230769,6.375,7.47826086956522,6.70967741935484,25
"20",2003,7,6.54166666666667,12,6.55555555555556,6.5,7,6.2,6.78571428571429,9,3,1,5,7,66,50,16,5,28,38,6.9469696969697,7.17,6.25,6.5,7.25,6.72368421052632,26
"21",2003,8,6.2,5,7.5,5.33333333333333,4,5.5,6.66666666666667,2,3,2,2,3,71,52,19,7,30,41,6.8943661971831,7.18269230769231,6.10526315789474,5.78571428571429,7.13333333333333,6.71951219512195,27
"22",2003,9,6.25,4,6,7,NA,NA,6.25,3,1,0,0,4,75,55,20,7,30,45,6.86,7.11818181818182,6.15,5.78571428571429,7.13333333333333,6.67777777777778,28
"23",2003,10,8.66666666666667,3,9.5,7,NA,8.66666666666667,NA,2,1,0,3,0,78,57,21,7,33,45,6.92948717948718,7.20175438596491,6.19047619047619,5.78571428571429,7.27272727272727,6.67777777777778,29
"24",2003,11,8,3,7.5,9,NA,9,6,2,1,0,2,1,81,59,22,7,35,46,6.96913580246914,7.21186440677966,6.31818181818182,5.78571428571429,7.37142857142857,6.66304347826087,30
"25",2003,12,6.64285714285714,7,6.64285714285714,NA,NA,7,6.5,7,0,0,2,5,88,66,22,7,37,51,6.94318181818182,7.15151515151515,6.31818181818182,5.78571428571429,7.35135135135135,6.64705882352941,31
"26",2004,1,7,4,8,4,NA,7,7,3,1,0,1,3,92,69,23,7,38,54,6.94565217391304,7.18840579710145,6.21739130434783,5.78571428571429,7.34210526315789,6.66666666666667,32
"27",2004,2,6.14285714285714,7,6.14285714285714,NA,NA,6,6.2,7,0,0,2,5,99,76,23,7,40,59,6.88888888888889,7.09210526315789,6.21739130434783,5.78571428571429,7.275,6.6271186440678,33
"28",2004,3,7.46,10,7.46,NA,NA,7.66666666666667,7.37142857142857,10,0,0,3,7,109,86,23,7,43,66,6.94128440366972,7.13488372093023,6.21739130434783,5.78571428571429,7.30232558139535,6.70606060606061,34
"29",2004,4,6,1,6,NA,NA,NA,6,1,0,0,0,1,110,87,23,7,43,67,6.93272727272727,7.12183908045977,6.21739130434783,5.78571428571429,7.30232558139535,6.6955223880597,35
"30",2004,5,7,2,7,NA,NA,NA,7,2,0,0,0,2,112,89,23,7,43,69,6.93392857142857,7.11910112359551,6.21739130434783,5.78571428571429,7.30232558139535,6.70434782608696,36
"31",2004,6,7.4,5,7.5,7,NA,10,6.75,4,1,0,1,4,117,93,24,7,44,73,6.95384615384615,7.13548387096774,6.25,5.78571428571429,7.36363636363636,6.70684931506849,37
"32",2004,7,7.6,5,7.6,NA,NA,8.66666666666667,6,5,0,0,3,2,122,98,24,7,47,75,6.98032786885246,7.15918367346939,6.25,5.78571428571429,7.4468085106383,6.688,38
"33",2004,8,7.6,5,7.75,7,7,8,7.5,4,1,1,1,4,127,102,25,8,48,79,7.00472440944882,7.18235294117647,6.28,5.9375,7.45833333333333,6.72911392405063,39
"34",2004,9,7.875,8,7.71428571428571,9,NA,8.5,6,7,1,0,6,2,135,109,26,8,54,81,7.0562962962963,7.21651376146789,6.38461538461539,5.9375,7.57407407407407,6.71111111111111,40
"35",2004,10,7.09090909090909,11,7.09090909090909,NA,NA,8.5,6.28571428571429,11,0,0,4,7,146,120,26,8,58,88,7.05890410958904,7.205,6.38461538461539,5.9375,7.63793103448276,6.67727272727273,41
"36",2004,11,6.88888888888889,9,7.375,3,3,7.4,6.25,8,1,1,5,4,155,128,27,9,63,92,7.04903225806452,7.215625,6.25925925925926,5.61111111111111,7.61904761904762,6.65869565217391,42
"37",2004,12,7.39285714285714,7,7.39285714285714,NA,NA,7.66666666666667,7.1875,7,0,0,3,4,162,135,27,9,66,96,7.06388888888889,7.22481481481482,6.25925925925926,5.61111111111111,7.62121212121212,6.68072916666667,43
"38",2005,1,7.54545454545455,11,8.25,5.66666666666667,NA,7.71428571428571,7.25,8,3,0,7,4,173,143,30,9,73,100,7.09450867052023,7.28216783216783,6.2,5.61111111111111,7.63013698630137,6.7035,44
"39",2005,2,7.25,8,7.5,6.5,7,7.16666666666667,7.3,6,2,1,3,5,181,149,32,10,76,105,7.10138121546961,7.29093959731544,6.21875,5.75,7.61184210526316,6.73190476190476,45
"40",2005,3,6.9375,8,7.58333333333333,5,7,6,8.5,6,2,1,5,3,189,155,34,11,81,108,7.09444444444444,7.30225806451613,6.14705882352941,5.86363636363636,7.51234567901235,6.78101851851852,46
"41",2005,4,7,9,7.14285714285714,6.5,7,7.66666666666667,6.66666666666667,7,2,1,3,6,198,162,36,12,84,114,7.09015151515151,7.29537037037037,6.16666666666667,5.95833333333333,7.51785714285714,6.775,47
"42",2005,5,6.14285714285714,7,7,5,7,5.8,7,4,3,1,5,2,205,166,39,13,89,116,7.05780487804878,7.28825301204819,6.07692307692308,6.03846153846154,7.42134831460674,6.77887931034483,48
"43",2005,6,7.57777777777778,9,7.6,7.5,7,7.375,7.74,7,2,1,4,5,214,173,41,14,93,121,7.07967289719626,7.30086705202312,6.14634146341463,6.10714285714286,7.41935483870968,6.81859504132231,49
"44",2005,7,7.38888888888889,9,7.38888888888889,NA,NA,8.5,6.83333333333333,9,0,0,3,6,223,182,41,14,96,127,7.09215246636771,7.30521978021978,6.14634146341463,6.10714285714286,7.453125,6.81929133858268,50
"45",2005,8,7.41666666666667,6,7.9,5,5,7.83333333333333,7,5,1,1,3,3,229,187,42,15,99,130,7.10065502183406,7.32112299465241,6.11904761904762,6.03333333333333,7.46464646464646,6.82346153846154,51
"46",2005,9,5.7,5,7.16666666666667,3.5,4,4.83333333333333,7,3,2,1,3,2,234,190,44,16,102,132,7.0707264957265,7.31868421052632,6,5.90625,7.38725490196078,6.82613636363636,52
"47",2005,10,6.77272727272727,11,7.38888888888889,4,5,6.25,7.4,9,2,1,6,5,245,199,46,17,108,137,7.05734693877551,7.32185929648241,5.91304347826087,5.85294117647059,7.32407407407407,6.8470802919708,53
"48",2005,11,7.08333333333333,6,7.08333333333333,NA,NA,5.5,7.875,6,0,0,2,4,251,205,46,17,110,141,7.05796812749004,7.31487804878049,5.91304347826087,5.85294117647059,7.29090909090909,6.87624113475177,54
"49",2005,12,7.65833333333333,12,7.59,8,9,8.25,7.3625,10,2,1,4,8,263,215,48,18,114,149,7.08536121673004,7.32767441860465,6,6.02777777777778,7.32456140350877,6.90234899328859,55
"50",2006,1,8.08333333333333,6,8.5,7.25,8,8.16666666666667,8,4,2,1,3,3,269,219,50,19,117,152,7.10762081784387,7.34908675799087,6.05,6.13157894736842,7.34615384615385,6.92401315789474,56
"51",2006,2,6.92857142857143,7,7.2,6.25,5,7.5,6.7,5,2,1,2,5,276,224,52,20,119,157,7.10307971014493,7.34575892857143,6.05769230769231,6.075,7.34873949579832,6.91687898089172,57
"52",2006,3,6.625,12,6.86363636363636,4,NA,6.08333333333333,7.16666666666667,11,1,0,6,6,288,235,53,20,125,163,7.08315972222222,7.3231914893617,6.0188679245283,6.075,7.288,6.9260736196319,58
"53",2006,4,7.8375,8,7.81428571428571,8,8,8,7.78333333333333,7,1,1,2,6,296,242,54,21,127,169,7.1035472972973,7.33739669421488,6.05555555555556,6.16666666666667,7.2992125984252,6.95650887573965,59
"54",2006,5,7.625,12,7.77272727272727,6,NA,7.66666666666667,7.61111111111111,11,1,0,3,9,308,253,55,21,130,178,7.12386363636364,7.35632411067194,6.05454545454545,6.16666666666667,7.30769230769231,6.98960674157303,60
"55",2006,6,7.65,10,7.65,NA,NA,8.5,7.08333333333333,10,0,0,4,6,318,263,55,21,134,184,7.14040880503145,7.36749049429658,6.05454545454545,6.16666666666667,7.34328358208955,6.99266304347826,61
"56",2006,7,7.71428571428571,7,8,7,8,7.8,7.5,5,2,1,5,2,325,268,57,22,139,186,7.15276923076923,7.37929104477612,6.08771929824561,6.25,7.35971223021583,6.99811827956989,62
"57",2006,8,6.91666666666667,12,7.22222222222222,6,6.5,7.75,6.75,9,3,2,2,10,337,277,60,24,141,196,7.14436201780415,7.37418772563177,6.08333333333333,6.27083333333333,7.36524822695035,6.98545918367347,63
"58",2006,9,7.42857142857143,7,7.66666666666667,6,NA,7.66666666666667,7.25,6,1,0,3,4,344,283,61,24,144,200,7.15014534883721,7.38038869257951,6.08196721311475,6.27083333333333,7.37152777777778,6.99075,64
"59",2006,10,7,5,8,5.5,7,NA,7,3,2,1,0,5,349,286,63,25,144,205,7.14799426934097,7.38688811188811,6.06349206349206,6.3,7.37152777777778,6.9909756097561,65
"60",2006,11,7,6,7.75,5.5,6,10,6.4,4,2,1,1,5,355,290,65,26,145,210,7.14549295774648,7.39189655172414,6.04615384615385,6.28846153846154,7.38965517241379,6.97690476190476,66
"61",2006,12,6.9,10,6.9,NA,NA,7.6,6.2,10,0,0,5,5,365,300,65,26,150,215,7.13876712328767,7.3755,6.04615384615385,6.28846153846154,7.39666666666667,6.95883720930233,67
"62",2007,1,7.9,19,7.95,7,7,8.125,7.73636363636364,18,1,1,8,11,384,318,66,27,158,226,7.17643229166667,7.40801886792453,6.06060606060606,6.31481481481481,7.43354430379747,6.9966814159292,68
"63",2007,2,7.87617916666667,12,8.03,7.107075,NA,8.62,7.34487857142857,10,2,0,5,7,396,328,68,27,163,233,7.19763674242424,7.42698170731707,6.09138455882353,6.31481481481481,7.46993865030675,7.00714227467811,69
"64",2007,3,7.46153846153846,13,7.58333333333333,6,6,8.16666666666667,6.85714285714286,12,1,1,6,7,409,340,69,28,169,240,7.20602481662592,7.4325,6.09006014492754,6.30357142857143,7.49467455621302,7.00276729166667,70
"65",2007,4,7.9,5,8.125,7,7,8,7.75,4,1,1,3,2,414,344,70,29,172,242,7.21440615942029,7.4405523255814,6.10305928571429,6.32758620689655,7.50348837209302,7.00894276859504,71
"66",2007,5,6.31428571428571,7,6.55,6,NA,5.5,6.64,4,3,0,2,5,421,348,73,29,174,247,7.19943978622328,7.43031609195402,6.09882397260274,6.32758620689655,7.48045977011494,7.00147429149798,72
"67",2007,6,7.60714285714286,14,7.75,7.41666666666667,7.125,7.92857142857143,7.28571428571429,8,6,4,7,7,435,356,79,33,181,254,7.21256126436782,7.4375,6.19891329113924,6.42424242424242,7.49779005524862,7.00930767716535,73
"68",2007,7,6.82222222222222,9,6.8,7,7,6,7.23333333333333,8,1,1,3,6,444,364,80,34,184,260,7.20464898648649,7.42348901098901,6.208926875,6.44117647058824,7.47336956521739,7.0144775,74
"69",2007,8,7.375,8,8,5.5,6,8,6.33333333333333,6,2,1,5,3,452,370,82,35,189,263,7.20766404867257,7.43283783783784,6.19163597560976,6.42857142857143,7.48730158730159,7.00670779467681,75
"70",2007,9,6.93666666666667,6,6.93666666666667,NA,NA,7.81,6.5,6,0,0,2,4,458,376,82,35,191,267,7.20411386462882,7.42492021276596,6.19163597560976,6.42857142857143,7.49068062827225,6.99911666666667,76
"71",2007,10,6.875,12,6.86363636363636,7,NA,6.125,7.25,11,1,0,4,8,470,387,83,35,195,275,7.19571095744681,7.40896640826873,6.20137530120482,6.42857142857143,7.46266666666667,7.00641509090909,77
"72",2007,11,6.67647058823529,17,7.34615384615385,4.5,4,7.42857142857143,6.15,13,4,1,7,10,487,400,87,36,202,285,7.17758552361396,7.406925,6.12315114942529,6.36111111111111,7.46148514851485,6.97636543859649,78
"73",2007,12,7.76666666666667,15,7.75,8,8,7.66666666666667,7.79166666666667,14,1,1,3,12,502,414,88,37,205,297,7.1951875498008,7.41852657004831,6.14447897727273,6.40540540540541,7.46448780487805,7.0093069023569,79
"74",2008,1,6.865,20,6.95,6.66666666666667,6,6.7875,6.91666666666667,14,6,1,8,12,522,428,94,38,213,309,7.18253668582375,7.40320093457944,6.17781010638298,6.39473684210526,7.43906103286385,7.00570922330097,80
"75",2008,2,7.03571428571429,14,7.31818181818182,6,6,7.4,6.83333333333333,11,3,1,5,9,536,439,97,39,218,318,7.17870177238806,7.40107061503417,6.17231082474227,6.38461538461539,7.43816513761468,7.00083066037736,81
"76",2008,3,7.42857142857143,7,7.4,7.5,8,7.33333333333333,7.5,5,2,1,3,4,543,444,99,40,221,322,7.1819229281768,7.40105855855856,6.19913282828283,6.425,7.43674208144796,7.00703152173913,82
"77",2008,4,7.53571428571429,14,7.77272727272727,6.66666666666667,6.5,7.8,7.38888888888889,11,3,2,5,9,557,455,102,42,226,331,7.19081535008977,7.41004395604396,6.21288382352941,6.42857142857143,7.44477876106195,7.01741435045317,83
"78",2008,5,7.1,12,7.10909090909091,7,7,7.54,6.78571428571429,11,1,1,5,7,569,466,103,43,231,338,7.18890008787346,7.40293991416309,6.22052572815534,6.44186046511628,7.44683982683983,7.01261582840237,84
"79",2008,6,7.31818181818182,11,7.25,7.4,7.4,7,7.35,6,5,5,1,10,580,472,108,48,232,348,7.19135198275862,7.40099576271186,6.27513101851852,6.54166666666667,7.44491379310345,7.02231077586207,85
"80",2008,7,6.73333333333333,15,7.75,6.05555555555556,6.0625,6.625,7.16666666666667,6,9,8,12,3,595,478,117,56,244,351,7.17980529411765,7.40537656903766,6.2582405982906,6.47321428571429,7.40459016393443,7.02354458689459,86
"81",2008,8,7.11111111111111,9,7.125,7,8,7.66666666666667,6.83333333333333,8,1,1,3,6,604,486,118,57,247,357,7.17878170529801,7.40076131687243,6.26452669491525,6.5,7.40777327935223,7.02034775910364,87
"82",2008,9,6.81818181818182,11,7.2,6.5,6.8,7.14285714285714,6.25,5,6,5,7,4,615,491,124,62,254,361,7.17233195121951,7.39871690427699,6.27592056451613,6.5241935483871,7.40047244094488,7.0118120498615,88
"83",2008,10,6.40625,16,7.5625,5.25,4,4.83333333333333,7.35,8,8,3,6,10,631,499,132,65,260,371,7.15290673534073,7.40134268537074,6.21374356060606,6.40769230769231,7.34123076923077,7.02092762803234,89
"84",2008,11,7.35,10,7.44444444444444,6.5,NA,9,6.64285714285714,9,1,0,3,7,641,508,133,65,263,378,7.15598151326053,7.4021062992126,6.21589586466165,6.40769230769231,7.36015209125475,7.01392632275132,90
"85",2008,12,6.54166666666667,18,6.91666666666667,5.79166666666667,5.79166666666667,7.16666666666667,6.41666666666667,12,6,6,3,15,659,520,139,71,266,393,7.13920204855842,7.39090384615385,6.19758381294964,6.3556338028169,7.35796992481203,6.99113015267176,91
"86",2009,1,7.06666666666667,15,7.22222222222222,6.83333333333333,6.83333333333333,7.66666666666667,6.91666666666667,9,6,6,3,12,674,529,145,77,269,405,7.13758775964392,7.38803402646503,6.22389068965517,6.39285714285714,7.3614126394052,6.98892382716049,92
"87",2009,2,7.54210526315789,19,7.95625,5.33333333333333,7,8.25,7.35333333333333,16,3,1,4,15,693,545,148,78,273,420,7.14867842712843,7.40471559633028,6.20583885135135,6.40064102564103,7.37443223443223,7.00193845238095,93
"88",2009,3,6.59090909090909,11,7.1,6.16666666666667,6.16666666666667,7,6.4375,5,6,6,3,8,704,550,154,84,276,428,7.13996328125,7.40194545454546,6.20431266233766,6.38392857142857,7.37036231884058,6.99138820093458,94
"89",2009,4,7.63571428571429,14,7.8625,7.33333333333333,7.75,8.05714285714286,7.21428571428571,8,6,4,7,7,718,558,160,88,283,435,7.14962973537604,7.40854838709677,6.2466509375,6.44602272727273,7.38734982332155,6.99497505747126,95
"90",2009,5,6.93333333333333,18,7.61818181818182,5.85714285714286,5.83333333333333,6.55555555555556,7.31111111111111,11,7,6,9,9,736,569,167,94,292,444,7.14433987771739,7.41260105448155,6.23032425149701,6.40691489361702,7.36171232876712,7.00138322072072,96
"91",2009,6,6.92857142857143,14,6.8,7.25,6.33333333333333,7.25,6.8,10,4,3,4,10,750,579,171,97,296,454,7.1403122,7.4020207253886,6.25417631578947,6.40463917525773,7.3602027027027,6.99694746696035,97
"92",2009,7,6.98461538461538,13,7.08,6.66666666666667,6.5,7.45,6.77777777777778,10,3,2,4,9,763,589,174,99,300,463,7.13765943643512,7.39655348047538,6.2612882183908,6.40656565656566,7.3614,6.99268714902808,98
"93",2009,8,7.15384615384615,13,7.33333333333333,6.75,6.75,7.2,7.125,9,4,4,5,8,776,598,178,103,305,471,7.1379306056701,7.39560200668896,6.27227050561798,6.41990291262136,7.35875409836065,6.99493450106157,99
"94",2009,9,7.64285714285714,14,7.66666666666667,7.6,7.6,7.2,7.88888888888889,9,5,5,5,9,790,607,183,108,310,480,7.14687867088608,7.39962108731466,6.30854726775956,6.47453703703704,7.3561935483871,7.01169614583333,100
"95",2009,10,7.54583333333333,24,7.68947368421053,7,7,7.9,7.42777777777778,19,5,5,6,18,814,626,188,113,316,498,7.15864146191646,7.40841853035144,6.32693696808511,6.49778761061947,7.36651898734177,7.02673524096386,101
"96",2009,11,6.5,15,6.4375,6.57142857142857,6.33333333333333,7.28571428571429,5.8125,8,7,6,7,8,829,634,195,119,323,506,7.14672394451146,7.39616719242902,6.33571358974359,6.48949579831933,7.36476780185758,7.0075378458498,102
"97",2009,12,7.07142857142857,14,7.11111111111111,7,7,6.66666666666667,7.18181818181818,9,5,4,3,11,843,643,200,123,326,517,7.14547348754448,7.39217729393468,6.35232075,6.50609756097561,7.35834355828221,7.01124593810445,103
"98",2010,1,7.36666666666667,15,7.31818181818182,7.5,6,6.7,7.7,11,4,2,5,10,858,654,204,125,331,527,7.1493405011655,7.39093272171254,6.37482426470588,6.498,7.34839879154078,7.02431527514232,104
"99",2010,2,6.96428571428571,14,7.22222222222222,6.5,5.5,6,7.125,9,5,2,2,12,872,663,209,127,333,539,7.1463694380734,7.38864253393665,6.37781889952153,6.48228346456693,7.3403003003003,7.02655686456401,105
"100",2010,3,7.91176470588235,17,8.07692307692308,7.375,8.5,8.8,7.54166666666667,13,4,1,5,12,889,676,213,128,338,551,7.16100579302587,7.40187869822485,6.39654530516432,6.498046875,7.36189349112426,7.03777522686025,106
"101",2010,4,7.46153846153846,13,8.0625,6.5,8,8.16666666666667,7.25,8,5,3,3,10,902,684,218,131,341,561,7.16533719512195,7.4096052631579,6.39891811926605,6.5324427480916,7.36897360703812,7.04155819964349,107
"102",2010,5,7.5,8,8.14285714285714,3,3,9,7,7,1,1,2,6,910,691,219,132,343,567,7.16827928571429,7.41703328509407,6.38339794520548,6.50568181818182,7.37848396501458,7.0411184303351,108
"103",2010,6,8.3125,8,8.5,8,8.75,9,8.08333333333333,5,3,2,2,6,918,696,222,134,345,573,7.178250708061,7.42481321839081,6.40524391891892,6.53917910447761,7.38788405797101,7.05203167539267,109
"104",2010,7,8.16666666666667,6,8.4,7,7,8.5,8,5,1,1,2,4,924,701,223,135,347,577,7.18466899350649,7.43176890156919,6.40791098654709,6.54259259259259,7.3942939481268,7.05860337954939,110
"105",2010,8,7.58333333333333,6,8,7.16666666666667,7,9,7.3,3,3,1,1,5,930,704,226,136,348,582,7.18724102150538,7.43419034090909,6.41798296460177,6.54595588235294,7.39890804597701,7.06067723367698,111
"106",2010,9,6.98571428571429,7,7.18,6.5,6.5,7.95,6.6,5,2,2,2,5,937,709,228,138,350,587,7.18573548559232,7.43239774330042,6.4187024122807,6.54528985507246,7.40205714285714,7.05675323679727,112
"107",2010,10,7.6,5,7.66666666666667,7.5,7,8,7.5,3,2,1,1,4,942,712,230,139,351,591,7.1879343418259,7.43338483146067,6.428105,6.54856115107914,7.40376068376068,7.05975321489002,113
"108",2010,11,7.94444444444444,9,8.0625,7,7,8.6,7.125,8,1,1,5,4,951,720,231,140,356,595,7.19509374342797,7.440375,6.43058073593074,6.55178571428571,7.42056179775281,7.0601918487395,114
"109",2010,12,7,8,7.33333333333333,6,7,3,7.57142857142857,6,2,1,1,7,959,726,233,141,357,602,7.19346626694473,7.43949035812672,6.4268847639485,6.55496453900709,7.40817927170868,7.06613646179402,115
"110",2011,1,7.525,12,7.475,7.625,7.875,7.3,7.75,8,4,4,6,6,971,734,237,145,363,608,7.19756349124614,7.43987738419619,6.44710611814346,6.59137931034483,7.406391184573,7.07288511513158,116
"111",2011,2,8,11,8.22222222222222,7,8,9,7.77777777777778,9,2,1,2,9,982,743,239,146,365,617,7.20655208757638,7.44935397039031,6.45173284518828,6.60102739726027,7.41512328767123,7.08316717990276,117
"112",2011,3,7.95833333333333,12,8.11111111111111,7.5,5,9.66666666666667,7.38888888888889,9,3,1,3,9,994,752,242,147,368,626,7.21562791750503,7.45727393617021,6.46472789256198,6.59013605442177,7.43347826086957,7.0875625399361,118
"113",2011,4,7.26923076923077,13,7.31818181818182,7,8,7.6,7.0625,11,2,1,5,8,1007,763,244,148,373,634,7.21631991062562,7.45526867627785,6.46911536885246,6.59966216216216,7.43571045576407,7.08724629337539,119
"114",2011,5,8.0625,8,8.25,7.5,7.5,9,7.92857142857143,6,2,2,1,7,1015,769,246,150,374,641,7.22298931034483,7.46146944083225,6.47749654471545,6.61166666666667,7.43989304812834,7.09643393135725,120
"115",2011,6,6.75,4,8.5,5,5,8,6.33333333333333,2,2,2,1,3,1019,771,248,152,375,644,7.22113263002944,7.46416342412451,6.46558125,6.59046052631579,7.44138666666667,7.09287911490683,121
"116",2011,7,7.5,8,7.5,NA,NA,10,7.14285714285714,8,0,0,1,7,1027,779,248,152,376,651,7.22330491723466,7.46453145057766,6.46558125,6.59046052631579,7.4481914893617,7.09341651305684,122
"117",2011,8,8.22222222222222,9,8.5,7.66666666666667,8,7.66666666666667,8.5,6,3,3,3,6,1036,785,251,155,379,657,7.23198277027027,7.47244585987261,6.47993685258964,6.61774193548387,7.44992084432718,7.10626202435312,123
"118",2011,9,6.6875,8,7.2,5.83333333333333,6.25,6.375,7,5,3,2,4,4,1044,790,254,157,383,661,7.22781048850575,7.47072151898734,6.47229980314961,6.61305732484076,7.43869451697128,7.10561898638427,124
"119",2011,10,7.5,6,7.33333333333333,7.66666666666667,7.5,7,7.6,3,3,2,1,5,1050,793,257,159,384,666,7.22936585714286,7.47020176544767,6.48624182879377,6.62421383647799,7.43755208333333,7.10933055555556,125
"120",2011,11,7.6625,8,7.6625,NA,NA,7.43333333333333,7.8,8,0,0,3,5,1058,801,257,159,387,671,7.23264097353497,7.47212234706617,6.48624182879377,6.62421383647799,7.43751937984496,7.11447712369598,126
"121",2011,12,8,9,8,NA,NA,8.33333333333333,7.83333333333333,9,0,0,3,6,1067,810,257,159,390,677,7.23911354264292,7.47798765432099,6.48624182879377,6.62421383647799,7.44441025641026,7.12084807976366,127
"122",2012,1,7.24,10,7.68333333333333,6.575,7.75,8.36666666666667,6.75714285714286,6,4,2,3,7,1077,816,261,161,393,684,7.23912177344475,7.47949754901961,6.48760210727969,6.63819875776398,7.45145038167939,7.1171259502924,128
"123",2012,2,7.58125,16,7.63,7.5,7.625,7.7,7.52727272727273,10,6,4,5,11,1093,826,267,165,398,695,7.24413005489479,7.4813196125908,6.51035262172285,6.66212121212121,7.45457286432161,7.12361748201439,129
"124",2012,3,8.66666666666667,6,8.66666666666667,NA,NA,7,9,6,0,0,1,5,1099,832,267,165,399,700,7.25189640582348,7.48986778846154,6.51035262172285,6.66212121212121,7.4534335839599,7.13702021428572,130
"125",2012,4,7.24615384615385,13,7.675,6.56,6.5,6,7.35,8,5,2,1,12,1112,840,272,167,400,712,7.25182927158273,7.49163095238095,6.51126525735294,6.66017964071856,7.4498,7.14060976123596,131
"126",2012,5,7.78571428571429,7,7.75,8,8,8,7.75,6,1,1,1,6,1119,846,273,168,401,718,7.25516903485255,7.493463356974,6.5167184981685,6.66815476190476,7.45117206982544,7.14570215877437,132
"127",2012,6,6.5,8,6.2,7,6.5,6.33333333333333,6.6,5,3,2,3,5,1127,851,276,170,404,723,7.24980847382431,7.48586368977673,6.52197155797101,6.66617647058824,7.44287128712871,7.14192828492393,133
"128",2012,7,7.806,10,8.08333333333333,7.39,7.3,7.56,8.052,6,4,1,5,5,1137,857,280,171,409,728,7.25470021987687,7.49004667444574,6.53437196428571,6.66988304093567,7.44430317848411,7.14817877747253,134
"129",2012,8,7.90909090909091,11,8.1,6,NA,6,8.1,10,1,0,1,10,1148,867,281,171,410,738,7.26097051393728,7.49708189158016,6.53247028469751,6.66988304093567,7.44078048780488,7.16107608401084,135
"130",2012,9,7.6875,8,7.5,8,8.5,7,7.78571428571429,5,3,2,1,7,1156,872,284,173,411,745,7.26392227508651,7.49709862385321,6.54797235915493,6.69104046242775,7.43970802919708,7.16694516778524,136
"131",2012,10,7.64285714285714,7,7.75,7,7,7.5,7.7,6,1,1,2,5,1163,878,285,174,413,750,7.26620305245056,7.49882687927107,6.54955842105263,6.69281609195402,7.44,7.17049886666667,137
"132",2012,11,7.43333333333333,9,8.18,6.5,7.66666666666667,NA,7.43333333333333,5,4,3,0,9,1172,883,289,177,413,759,7.26748647610922,7.50268403171008,6.54887249134948,6.7093220338983,7.44,7.17361548089592,138
"133",2012,12,6.85714285714286,7,7.6,5,5,8,6.66666666666667,5,2,2,1,6,1179,888,291,179,414,765,7.26505016963528,7.50323198198198,6.53822731958763,6.69022346368715,7.44135265700483,7.16963941176471,139
"134",2013,1,8.266,10,8.38,8,8,8.165,8.33333333333333,7,3,2,4,6,1189,895,294,181,418,771,7.27346858704794,7.51008938547486,6.55314336734694,6.70469613259668,7.44827751196172,7.17869539559014,140
"135",2013,2,7.92307692307692,13,8.38888888888889,6.875,7.66666666666667,7.125,8.27777777777778,9,4,3,4,9,1202,904,298,184,422,780,7.28049430116473,7.51883849557522,6.55746359060403,6.72038043478261,7.44521327014218,7.19137711538462,141
"136",2013,3,7.25,6,7.75,7,7.33333333333333,8,7.1,2,4,3,1,5,1208,906,302,187,423,785,7.28034283940397,7.51934878587197,6.563325,6.73021390374331,7.44652482269504,7.1907950955414,142
"137",2013,4,6.72727272727273,11,6.85714285714286,6.5,5.33333333333333,7.66666666666667,6.375,7,4,3,3,8,1219,913,306,190,426,793,7.27535205086136,7.51427163198248,6.56249722222222,6.70815789473684,7.44807511737089,7.18256513240858,143
"138",2013,5,8.1875,8,8.35714285714286,7,7,8,8.3,7,1,1,3,5,1227,920,307,191,429,798,7.28129922575387,7.5206847826087,6.56392231270358,6.70968586387435,7.45193473193473,7.18956660401003,144
"139",2013,6,7.39545454545455,11,7.29166666666667,7.52,7.75,8.66666666666667,6.91875,6,5,4,3,8,1238,926,312,195,432,806,7.28231352988692,7.51920086393089,6.57924407051282,6.73102564102564,7.46037037037037,7.18687859801489,145
"140",2013,7,7.15,10,7.22222222222222,6.5,6.5,6.75,7.41666666666667,9,1,1,4,6,1248,935,313,196,436,812,7.28125332532051,7.51634224598931,6.57899089456869,6.72984693877551,7.45385321100917,7.18857653940887,146
"141",2013,8,7.8,10,8.11111111111111,5,5,7.33333333333333,8,9,1,1,3,7,1258,944,314,197,439,819,7.28537690779014,7.52201271186441,6.5739622611465,6.72106598984772,7.45302961275626,7.19551178266178,147
"142",2013,9,7.16666666666667,6,7,8,NA,7.33333333333333,7,5,1,0,3,3,1264,949,315,197,442,822,7.28481340981013,7.51926238145416,6.57848936507937,6.72106598984772,7.45221719457014,7.19479823600973,148
"143",2013,10,7.9,10,8.5,5.5,6,9.5,7.5,8,2,1,2,8,1274,957,317,198,444,830,7.2896421899529,7.52746081504702,6.57168501577287,6.71742424242424,7.46144144144144,7.19773993975904,149
"144",2013,11,7.50909090909091,11,7.84444444444444,6,6,6.48571428571429,9.3,9,2,1,7,4,1285,966,319,199,451,834,7.29152073929961,7.53041407867495,6.56810078369906,6.71381909547739,7.44629711751663,7.20782272182254,150
"145",2013,12,7.66666666666667,9,8.25,7.2,7.33333333333333,10,7.375,4,5,3,1,8,1294,970,324,202,452,842,7.29412994590417,7.53338144329897,6.57785231481482,6.7230198019802,7.45194690265487,7.20941110451306,151
"146",2014,1,7.58333333333333,12,7.45454545454545,9,NA,8,7.375,11,1,0,4,8,1306,981,325,202,456,850,7.29678725114855,7.53249745158002,6.58530507692308,6.7230198019802,7.45675438596491,7.21096958823529,152
"147",2014,2,6.6,5,7.33333333333333,5.5,5.5,7.4,6.4,3,2,2,1,4,1311,984,327,204,457,854,7.29412978642258,7.53189024390244,6.57866712538226,6.71102941176471,7.45663019693654,7.20717113583138,153
"148",2014,3,7.65,8,8.64,6,6,7.6,7.66666666666667,5,3,3,2,6,1319,989,330,207,459,860,7.29628821076573,7.53749241658241,6.57340651515152,6.70072463768116,7.45725490196078,7.21037691860465,154
"149",2014,4,6.975,8,7.4,6.26666666666667,6.4,5.93333333333333,7.6,5,3,2,3,5,1327,994,333,209,462,865,7.29435128108515,7.53680080482897,6.57064309309309,6.69784688995215,7.44735930735931,7.21262907514451,155
"150",2014,5,7.83333333333333,6,8.75,6,7.5,8.5,7.5,4,2,2,2,4,1333,998,335,211,464,869,7.29677730682671,7.54166332665331,6.56723626865672,6.70545023696682,7.45189655172414,7.21395184119678,156
"151",2014,6,7,6,8,6,7,6,7.2,3,3,2,1,5,1339,1001,338,213,465,874,7.29544746079164,7.54303696303696,6.56220162721894,6.70821596244131,7.44877419354839,7.21387202517163,157
"152",2014,7,7.83333333333333,3,7.5,8.5,8.5,8.5,7.5,2,1,1,1,2,1342,1003,339,214,466,876,7.29664988822653,7.54295114656032,6.56791784660767,6.71658878504673,7.45103004291846,7.21452528538813,158
"153",2014,8,8.1,9,8.41428571428571,7,7,8.63333333333333,7.83333333333333,7,2,2,3,6,1351,1010,341,216,469,882,7.30200159141377,7.5489900990099,6.57045205278592,6.71921296296296,7.45859275053305,7.21873486394558,159
"154",2014,9,7.775,12,7.75454545454545,8,8,8,7.6625,11,1,1,4,8,1363,1021,342,217,473,890,7.30616592076302,7.55120470127326,6.57463201754386,6.72511520737327,7.46317124735729,7.22272376404494,160
"155",2014,10,6.7875,8,7.2,6.1,6.1,6.6,6.9,5,3,3,3,5,1371,1026,345,220,476,895,7.30313942377826,7.54949317738792,6.5705047826087,6.71659090909091,7.45773109243698,7.22092083798883,161
"156",2014,11,8.125,8,8.33333333333333,7.5,7.5,8.25,8,6,2,2,4,4,1379,1032,347,222,480,899,7.30790728788977,7.5540503875969,6.5758621037464,6.72364864864865,7.46433333333333,7.22438726362625,162
"157",2014,12,6.40769230769231,13,7.7125,4.32,5.86666666666667,5.05,6.65454545454545,8,5,3,2,11,1392,1040,352,225,482,910,7.29950010775862,7.55526923076923,6.54381860795455,6.71222222222222,7.4543153526971,7.21749906593407,163
"158",2015,1,8.15384615384615,13,8.33333333333333,7.75,8.75,7.66666666666667,8.3,9,4,4,3,10,1405,1049,356,229,485,920,7.30740508896797,7.5619447092469,6.55737120786517,6.74781659388646,7.45562886597938,7.22926538043478,164
"159",2015,2,6.96875,8,7.33333333333333,6.75,7.1875,5,7.25,3,5,4,1,7,1413,1052,361,233,486,927,7.30548772116065,7.5612927756654,6.5600391966759,6.75536480686695,7.45057613168724,7.22942195253506,165
"160",2015,3,8.25,4,8.25,NA,NA,NA,8.25,4,0,0,0,4,1417,1056,361,233,486,931,7.30815395201129,7.56390151515152,6.5600391966759,6.75536480686695,7.45057613168724,7.23380682062299,166
"161",2015,4,7.61111111111111,9,7.92857142857143,6.5,6.5,8,7.5,7,2,2,2,7,1426,1063,363,235,488,938,7.31006602384292,7.56630291627469,6.55970840220386,6.7531914893617,7.45282786885246,7.23579333688699,167
"162",2015,5,7.83333333333333,3,8.5,6.5,6.5,8,7.75,2,1,1,1,2,1429,1065,364,236,489,940,7.31116455563331,7.56805633802817,6.55954436813187,6.7521186440678,7.45394683026585,7.23688739361702,168
"163",2015,6,8.33333333333333,3,9,7,NA,9,7,2,1,0,2,1,1432,1067,365,236,491,941,7.31330597067039,7.57074039362699,6.56075109589041,6.7521186440678,7.46024439918534,7.23663565356004,169
"164",2015,7,7.43333333333333,9,7.66666666666667,6.96666666666667,7,7.33333333333333,7.63333333333333,6,3,2,6,3,1441,1073,368,238,497,944,7.31405562109646,7.57127679403542,6.56406019021739,6.75420168067227,7.45871227364185,7.23789634533898,170
"165",2015,8,8.16666666666667,12,7.9,9.5,9,8.33333333333333,8.11111111111111,10,2,1,3,9,1453,1083,370,239,500,953,7.32109714384033,7.57431209602955,6.57993013513514,6.76359832635983,7.46396,7.24614286463799,171
"166",2015,9,7.125,4,6.66666666666667,8.5,8.5,NA,7.125,3,1,1,0,4,1457,1086,371,240,500,957,7.32055878517502,7.57180478821363,6.58510552560647,6.77083333333333,7.46396,7.24563652037618,172
"167",2015,10,7.28571428571429,7,7.28571428571429,NA,NA,8,7,7,0,0,2,5,1464,1093,371,240,502,962,7.32039217896175,7.5699725526075,6.58510552560647,6.77083333333333,7.46609561752988,7.24435982328482,173
"168",2015,11,8.9375,8,8.78571428571429,10,10,9,8.9,7,1,1,3,5,1472,1100,372,241,505,967,7.32918080842391,7.57770909090909,6.59428534946237,6.78423236514523,7.47520792079208,7.25292052740434,174
"169",2015,12,6.77777777777778,9,8.16666666666667,4,6,7.33333333333333,6.5,6,3,1,3,6,1481,1106,375,242,508,973,7.32582994598244,7.58090415913201,6.57353106666667,6.78099173553719,7.47437007874016,7.24827764645427,175
"170",2016,1,7.40625,16,7.63636363636364,6.9,7,8.25,7.125,11,5,3,4,12,1497,1117,380,245,512,985,7.32668947895791,7.5814503133393,6.57782671052632,6.78367346938775,7.4804296875,7.24677578680203,176
"171",2016,2,7.75,8,7.85714285714286,7,NA,7,7.85714285714286,7,1,0,1,7,1505,1124,381,245,513,992,7.32893963455149,7.58316725978648,6.57893477690289,6.78367346938775,7.47949317738791,7.2510828125,177
"172",2016,3,6.875,10,7.70833333333333,5.625,5,5.625,7.70833333333333,6,4,3,4,6,1515,1130,385,248,517,998,7.32594333333333,7.58383185840708,6.56902376623377,6.76209677419355,7.46514506769826,7.25383181362726,178
"173",2016,4,7.875,12,8.25,7.125,7,10,7.68181818181818,8,4,3,1,11,1527,1138,389,251,518,1009,7.33025812049771,7.58851493848858,6.57474074550129,6.76494023904382,7.47003861003861,7.25849767096135,179
"174",2016,5,7.66666666666667,9,8,6.5,4,10,7.375,7,2,1,1,8,1536,1145,391,252,519,1017,7.33222926432292,7.59103056768559,6.5743584398977,6.75396825396825,7.47491329479769,7.25941411012783,180
"175",2016,6,7.55,10,7.8125,6.5,7,8.2,6.9,8,2,1,5,5,1546,1153,393,253,524,1022,7.33363787192755,7.59256721595837,6.57398002544529,6.75494071146245,7.4818320610687,7.25765572407045,181
"176",2016,7,7.5,9,7.5625,7,8,7.625,7.4,8,1,1,4,5,1555,1161,394,254,528,1027,7.33460073954984,7.59236003445306,6.57506129441624,6.75984251968504,7.48291666666667,7.25834873417722,182
"177",2016,8,7.65454545454545,11,8,6.73333333333333,8,8,7.525,8,3,1,3,8,1566,1169,397,255,531,1035,7.33684811621967,7.5951497005988,6.57625730478589,6.76470588235294,7.48583804143126,7.26040980676329,183
"178",2016,9,8.42857142857143,7,8.42857142857143,NA,NA,10,7.8,7,0,0,2,5,1573,1176,397,255,533,1040,7.34170638906548,7.60011054421769,6.57625730478589,6.76470588235294,7.49527204502814,7.26300399038462,184
"179",2016,10,9.05,10,9.27777777777778,7,7,9.66666666666667,8.78571428571429,9,1,1,3,7,1583,1185,398,256,536,1047,7.352497883765,7.61285232067511,6.57732198492462,6.765625,7.50742537313433,7.27318447946514,185
"180",2016,11,8.25,8,8.33333333333333,8,7,NA,8.25,6,2,1,0,8,1591,1191,400,257,536,1055,7.35701077938403,7.6164819479429,6.584435375,6.76653696498054,7.50742537313433,7.28059161137441,186
"181",2016,12,7.80769230769231,13,8.25,6.33333333333333,6.5,8.025,7.71111111111111,10,3,2,4,9,1604,1201,403,259,540,1064,7.36066343516209,7.6217568692756,6.58256612903226,6.76447876447876,7.51125925925926,7.28423322368421,187
"182",2017,1,8.5,11,9.0625,7,5.5,5.5,9.16666666666667,8,3,2,2,9,1615,1209,406,261,542,1073,7.36842362229102,7.63129032258064,6.58565061576355,6.75478927203065,7.50383763837638,7.30002250698975,188
"183",2017,2,8.125,8,8.28571428571429,7,7,7.33333333333333,8.6,7,1,1,3,5,1623,1216,407,262,545,1078,7.37215289587184,7.63505756578947,6.58666867321867,6.75572519083969,7.50289908256881,7.30605208719852,189
"184",2017,3,8.07142857142857,7,8.75,4,4,8.83333333333333,7.5,6,1,1,3,4,1630,1222,408,263,548,1082,7.3751559202454,7.64053191489362,6.58032879901961,6.74524714828897,7.51018248175182,7.30676908502773,190
"185",2017,4,7.35714285714286,7,7.3,7.5,8,NA,7.35714285714286,5,2,1,0,7,1637,1227,410,264,548,1089,7.37507889431888,7.63914425427873,6.584815,6.75,7.51018248175182,7.30709288337925,191
"186",2017,5,8.2175,8,8.32,7.5,7.5,7.24,8.35714285714286,7,1,1,1,7,1645,1234,411,265,549,1096,7.37917577507599,7.64300648298217,6.58704172749392,6.75283018867924,7.50969034608379,7.31379940693431,192
"187",2017,6,7.30769230769231,13,7.25,8,8,8,7.18181818181818,12,1,1,2,11,1658,1246,412,266,551,1107,7.37861528950543,7.63922150882825,6.59047123786408,6.75751879699248,7.51147005444646,7.3124879403794,193
"188",2017,7,8.35714285714286,14,8.54545454545454,7.66666666666667,8,8.75,8.2,11,3,1,4,10,1672,1257,415,267,555,1117,7.38680870215311,7.64715194908512,6.59825096385542,6.76217228464419,7.5203963963964,7.32043343777977,194
"189",2017,8,7,5,7.25,6,6,6,7.25,4,1,1,1,4,1677,1261,416,268,556,1121,7.38565542635659,7.64589214908802,6.59681286057692,6.75932835820895,7.5176618705036,7.32018211418377,195
"190",2017,9,7.62727272727273,11,7.85714285714286,7.225,7.63333333333333,5,7.89,7,4,3,1,10,1688,1268,420,271,557,1131,7.38722994668246,7.64705835962145,6.6027955952381,6.7690036900369,7.51314183123878,7.32522029177719,196
"191",2017,10,7.72727272727273,11,8.21428571428571,6.875,6.83333333333333,8,7.57142857142857,7,4,3,4,7,1699,1275,424,274,561,1138,7.38943151854032,7.65017254901961,6.60536356132076,6.76970802919708,7.51661319073084,7.32673475395431,197
"192",2017,11,8.42857142857143,14,8.63636363636364,7.66666666666667,7,9.28571428571429,7.57142857142857,11,3,2,7,7,1713,1286,427,276,568,1145,7.39792419731465,7.65860808709176,6.6128200234192,6.7713768115942,7.53841549295775,7.32823069868996,198
"193",2017,12,7.75,10,7.75,NA,NA,6.625,8.5,10,0,0,4,6,1723,1296,427,276,572,1151,7.3999675856065,7.65931327160494,6.6128200234192,6.7713768115942,7.53202797202797,7.33433896611642,199
"194",2018,1,8.21153846153846,13,8.33333333333333,6.75,6.75,8.1875,8.22222222222222,12,1,1,4,9,1736,1308,428,277,576,1160,7.40604501728111,7.66549694189602,6.61314053738318,6.77129963898917,7.53657986111111,7.34122771551724,200
"195",2018,2,8.07142857142857,14,8.18181818181818,7.66666666666667,7.66666666666667,10,7.75,11,3,3,2,12,1750,1319,431,280,578,1172,7.41136808571428,7.66980288097043,6.62047366589327,6.78089285714286,7.54510380622837,7.34541309726962,201
"196",2018,3,8.625,8,8.625,NA,NA,8,8.71428571428571,8,0,0,1,7,1758,1327,431,280,579,1179,7.41689087030717,7.67556141672946,6.62047366589327,6.78089285714286,7.54588946459413,7.35354041560645,202
"197",2018,4,8,8,8.16666666666667,7.5,6,8,8,6,2,1,2,6,1766,1333,433,281,581,1185,7.4195323612684,7.67777194298575,6.62453614318707,6.77811387900356,7.54745266781411,7.35681362869198,203
"198",2018,5,6.77777777777778,9,7.5,5.33333333333333,6.5,6,7.16666666666667,6,3,2,3,6,1775,1339,436,283,584,1191,7.4162783943662,7.67697535474234,6.61565172018349,6.77614840989399,7.53950342465753,7.35585570948783,204
"199",2018,6,7.71428571428571,7,7.6,8,8,9,7.2,5,2,2,2,5,1782,1344,438,285,586,1196,7.41744901795735,7.67668898809524,6.62197294520548,6.78473684210526,7.54448805460751,7.35520413879599,205
"200",2018,7,7.25,9,7.33333333333333,7.08333333333333,7.08333333333333,7.08333333333333,7.33333333333333,6,3,3,3,6,1791,1350,441,288,589,1202,7.41660756560581,7.67516296296296,6.62511145124717,6.78784722222222,7.54213921901528,7.35509496672213,206
"201",2018,8,7.5,5,7.875,6,6,NA,7.5,4,1,1,0,5,1796,1354,442,289,589,1207,7.41683972717149,7.67575332348597,6.6236971719457,6.78512110726644,7.54213921901528,7.35569523612262,207
"202",2018,9,7.5,8,8.28571428571429,2,NA,2,8.28571428571429,7,1,0,1,7,1804,1361,443,289,590,1214,7.41720850886918,7.67889052167524,6.61325993227991,6.78512110726644,7.53274576271186,7.36105778418451,208
"203",2018,10,7.25,8,7.6,6.66666666666667,6,5.5,7.83333333333333,5,3,1,2,6,1812,1366,446,290,592,1220,7.41647028145695,7.67860175695461,6.61361917040359,6.78241379310345,7.52587837837838,7.36338045081967,209
"204",2018,11,7.625,8,8.2,6.66666666666667,6.5,8.5,7.33333333333333,5,3,2,2,6,1820,1371,449,292,594,1226,7.41738689560439,7.68050328227571,6.61397360801782,6.7804794520548,7.52915824915825,7.36323340130506,210
"205",2018,12,7.20769230769231,13,7.42,6.5,7,7,7.3,10,3,1,4,9,1833,1381,452,293,598,1235,7.41589969994544,7.6786169442433,6.6132171460177,6.78122866894198,7.52561872909699,7.36277259109312,211
"206",2019,1,7.73333333333333,15,8.2,6.8,7.66666666666667,7.25,7.90909090909091,10,5,3,4,11,1848,1391,457,296,602,1246,7.41847627164502,7.68236520488857,6.61526072210066,6.7902027027027,7.52378737541528,7.36759562600321,212
"207",2019,2,7.77777777777778,9,9,5.33333333333333,5.33333333333333,NA,7.77777777777778,6,3,3,0,9,1857,1397,460,299,602,1255,7.420217635972,7.68802433786686,6.60690032608696,6.77558528428094,7.52378737541528,7.37053717131474,213
"208",2019,3,7.5,12,7.9375,6.625,6.16666666666667,7.875,7.3125,8,4,3,4,8,1869,1405,464,302,606,1263,7.42072988228999,7.68944483985765,6.60705635775862,6.76953642384106,7.52610561056106,7.37016955661124,214
"209",2019,4,8,6,8.66666666666667,7.33333333333333,8,7,8.5,3,3,2,2,4,1875,1408,467,304,608,1267,7.42258354666667,7.69152698863636,6.61172194860814,6.77763157894737,7.524375,7.3737365035517,215
"210",2019,5,7.5,8,7.8,7,6.5,8,7.33333333333333,5,3,2,2,6,1883,1413,470,306,610,1273,7.4229124535316,7.69191082802548,6.61420031914894,6.77581699346405,7.52593442622951,7.37354607227023,216
"211",2019,6,7.13636363636364,11,7.13636363636364,NA,NA,6.6,7.58333333333333,11,0,0,5,6,1894,1424,470,306,615,1279,7.4212482312566,7.68761938202247,6.61420031914894,6.77581699346405,7.51840650406504,7.37453021892103,217
"212",2019,7,7.31818181818182,11,7.6875,6.33333333333333,6.33333333333333,7.33333333333333,7.3125,8,3,3,3,8,1905,1432,473,309,618,1287,7.42065309711286,7.6876187150838,6.6124189217759,6.77152103559871,7.51750809061489,7.37414463869464,218
"213",2019,8,7.27272727272727,11,7.42857142857143,7,6.66666666666667,7.75,7.16666666666667,7,4,3,2,9,1916,1439,477,312,620,1296,7.41980383611691,7.68635858234885,6.61566907756813,6.77051282051282,7.51825806451613,7.37270381944445,219
"214",2019,9,8.58636363636364,11,8.745,7,7,9.66666666666667,7.29,10,1,1,6,5,1927,1449,478,313,626,1301,7.42646297353399,7.69366459627329,6.61647311715481,6.77124600638978,7.53884984025559,7.37238597232898,220
"215",2019,10,6.92777777777778,9,8.47,5,5,5.66666666666667,7.55833333333333,5,4,3,3,6,1936,1454,482,316,629,1307,7.42414470557851,7.69633425034388,6.60305840248963,6.75443037974684,7.52992050874404,7.3732395944912,221
"216",2019,11,8.55851888888889,9,8.55851888888889,NA,NA,8.25,8.64666714285714,9,0,0,2,7,1945,1463,482,316,631,1314,7.4293937377892,7.70163818865345,6.60305840248963,6.75443037974684,7.5322028526149,7.38002345509894,222
"217",2019,12,8.16,5,8,8.4,8.4,8.26666666666667,8,3,2,2,3,2,1950,1466,484,318,634,1316,7.43126708717949,7.70224875170532,6.61048378099174,6.76477987421384,7.53567823343849,7.38096566869301,223
"218",2020,1,7.61764705882353,17,7.25,8.5,9.25,5.66666666666667,8.03571428571429,12,5,2,3,14,1967,1478,489,320,637,1330,7.43287789527199,7.69857690798376,6.62980398773006,6.7803125,7.5268759811617,7.3878577593985,224
"219",2020,2,8,11,8.11111111111111,7.5,6,8.66666666666667,7.75,9,2,1,3,8,1978,1487,491,321,640,1338,7.43603175935288,7.70107375252186,6.63334857433809,6.7778816199377,7.53221875,7.39002303437967,225
"220",2020,3,7.76666666666667,9,8.2375,4,4,6.63333333333333,8.33333333333333,8,1,1,3,6,1987,1495,492,322,643,1344,7.43752935078007,7.70394426086956,6.6279962398374,6.76925465838509,7.52802488335925,7.39423424107143,226
"221",2020,4,6.90909090909091,11,8,6.28571428571429,8,7,6.875,4,7,2,3,8,1998,1499,499,324,646,1352,7.43462003003003,7.70473426951301,6.62319468937876,6.77685185185185,7.52557275541796,7.39116184911243,227
"222",2020,5,7.77647058823529,17,8.13076923076923,6.625,6.625,7.41666666666667,7.97272727272727,13,4,4,6,11,2015,1512,503,328,652,1363,7.43750412903226,7.70839726851852,6.62320904572565,6.775,7.52457055214724,7.39585533382245,228
"223",2020,6,8.11538461538461,13,8.22222222222222,7.875,9,9.4,7.3125,9,4,2,5,8,2028,1521,507,330,657,1371,7.44184951676529,7.71143765285996,6.63308510848126,6.78848484848485,7.53884322678843,7.39536894237783,229
"224",2020,7,7.27941176470588,17,8.43181818181818,5.16666666666667,4.8,7.125,7.36363636363636,11,6,5,6,11,2045,1532,513,335,663,1382,7.44049917848411,7.71661009791123,6.61593401559454,6.75880597014925,7.53509803921569,7.39511636758321,230
"225",2020,8,7.28571428571429,7,7,8,8,8,6.75,5,2,1,3,4,2052,1537,515,336,666,1386,7.43997115984405,7.71427890045543,6.62130902912621,6.7625,7.53719219219219,7.39325455988456,231
"226",2020,9,8.6875,8,8.91666666666667,8,7,8.3,9.33333333333333,6,2,1,5,3,2060,1543,517,337,671,1389,7.44481593203883,7.71895441996111,6.62664245647969,6.76320474777448,7.54287630402384,7.39744479481642,232
"227",2020,10,7.72727272727273,11,7.875,7.33333333333333,9,8.3,7.25,8,3,1,5,6,2071,1551,520,338,676,1395,7.44631618541767,7.7197592972276,6.63071951923077,6.7698224852071,7.54847633136095,7.39681062365592,233
"228",2020,11,8.45454545454546,11,8.55555555555556,8,8,7,8.6,9,2,2,1,10,2082,1560,522,340,677,1405,7.4516430451489,7.72458119871795,6.6359658045977,6.77705882352941,7.54766617429837,7.40537424911032,234
"229",2020,12,8.54,10,8.44444444444444,9.4,9.4,9.2,8.375,9,1,1,2,8,2092,1569,523,341,679,1413,7.45684551625239,7.72871043339707,6.64125076481836,6.78475073313783,7.55253313696613,7.41086399150743,235
"230",2021,1,8,16,7.72727272727273,8.6,9.25,8.5,7.83333333333333,11,5,4,4,12,2108,1580,528,345,683,1425,7.46096813092979,7.72870042405063,6.65979952651515,6.81333333333333,7.55808199121523,7.41442162807018,236
"231",2021,2,7.33333333333333,3,10,6,6,10,6,1,2,2,1,2,2111,1581,530,347,684,1427,7.46078674561819,7.73013704617331,6.65730971698113,6.80864553314121,7.56165204678362,7.4124392571829,237
"232",2021,3,6.85714285714286,7,7.8,4.5,4.5,8,6.4,5,2,2,2,5,2118,1586,532,349,686,1432,7.45879169971671,7.73035729508197,6.64919953007519,6.79541547277937,7.56293002915452,7.40890420391062,238
"233",2021,4,7.25,8,8.08333333333333,4.75,6.5,NA,7.25,6,2,1,0,8,2126,1592,534,350,686,1440,7.45800603010348,7.73168760678392,6.64208642322097,6.79457142857143,7.56293002915452,7.40802140277778,239
"234",2021,5,6.7,5,7.5,5.5,7,8,6.375,3,2,1,1,4,2131,1595,536,351,687,1444,7.45622750821211,7.731251830721,6.63782490671642,6.7951566951567,7.56356622998544,7.40515984764543,240
"235",2021,6,8.4375,8,8.35714285714286,9,NA,9,8.25,7,1,0,2,6,2139,1602,537,351,689,1450,7.4598975315568,7.73398668539326,6.64222374301676,6.7951566951567,7.5677358490566,7.40865573793104,241
"236",2021,7,7.5,8,8.42857142857143,1,10,10,6.66666666666667,7,1,1,2,6,2147,1609,538,352,691,1456,7.46004695854681,7.73700849596022,6.63173633828996,6.80426136363636,7.57477568740955,7.40559809065934,242
"237",2021,8,7.55,10,7.875,6.25,6.25,8,7.4375,8,2,2,2,8,2157,1617,540,354,693,1464,7.46046398701901,7.73769119975263,6.6303225,6.80112994350283,7.57600288600289,7.40577241803279,243
"238",2021,9,7.5625,8,8.21428571428571,3,NA,6,8.08333333333333,7,1,0,2,6,2165,1624,541,354,695,1470,7.46084102540416,7.7397454864532,6.62361210720887,6.80112994350283,7.57146762589928,7.40853797278912,244
"239",2021,10,7.50769230769231,13,8.1,6.56,6.56,7.63333333333333,7.4,8,5,5,6,7,2178,1632,546,359,701,1477,7.46112067033976,7.74151143995098,6.62302957875458,6.79777158774373,7.57199714693295,7.4084975084631,245
"240",2021,11,8.22857142857143,7,8.1,9,NA,8,8.32,6,1,0,2,5,2185,1638,547,359,703,1482,7.46357932265446,7.74282458485959,6.62737504570384,6.79777158774373,7.57321479374111,7.41157275303644,246
"241",2021,12,7.75,10,8.0625,6.5,7.33333333333333,7.25,7.875,8,2,3,2,8,2195,1646,549,362,705,1490,7.46488420045558,7.74437829283111,6.62691102003643,6.80220994475138,7.57229787234042,7.41406095302014,247
"242",2022,1,7.96470588235294,17,8.03076923076923,7.75,8,8.33333333333333,7.88571428571429,13,4,3,3,14,2212,1659,553,365,708,1504,7.46872550632911,7.74662246534057,6.63503462929476,6.81205479452055,7.57552259887006,7.41845134308511,248
"243",2022,2,8.71428571428571,7,9,8.33333333333333,8,10,8.5,4,3,1,1,6,2219,1663,556,366,709,1510,7.4726547183416,7.74963720384847,6.64419811151079,6.81530054644809,7.57894217207334,7.42274888741722,249
"244",2022,3,7.71666666666667,6,8.575,6,6,7,7.86,4,2,2,1,5,2225,1667,558,368,710,1515,7.47331272808989,7.75161767846431,6.64188915770609,6.81086956521739,7.57812676056338,7.42419196039604,250
"245",2022,4,7.5,12,9.14285714285714,5.2,6,5,7.72727272727273,7,5,3,1,11,2237,1674,563,371,711,1526,7.47345588734913,7.75743528673835,6.62908374777975,6.80431266846361,7.57450070323488,7.42637668414155,251
"246",2022,5,7.45,10,7.75,7,6,7.83333333333333,7.28571428571429,6,4,1,3,7,2247,1680,567,372,714,1533,7.47335149977748,7.75740873214286,6.63170044091711,6.80215053763441,7.57558823529412,7.4257343900848,252
"247",2022,6,7.96,8,9.004,6.22,9,NA,7.96,5,3,1,0,8,2255,1685,570,373,714,1541,7.47507796895787,7.76110781602374,6.62953359649123,6.80804289544236,7.57558823529412,7.42850799480857,253
"248",2022,7,8.04,5,7.9,8.25,8,8,8.05,3,2,1,1,4,2260,1688,572,374,715,1545,7.47632779646018,7.76135466232228,6.63519956293706,6.81122994652407,7.57618181818182,7.43011703559871,254
"249",2022,8,8.58571428571429,14,8.51666666666667,9,NA,7.2,8.69230769230769,12,2,0,1,13,2274,1700,574,374,716,1558,7.48315779243624,7.76668627647059,6.64343928571429,6.81122994652407,7.575656424581,7.44064879332478,255
"250",2022,9,8.66666666666667,6,8.75,8.5,NA,10,8.4,4,2,0,1,5,2280,1704,576,374,717,1563,7.48627228947368,7.76899452464789,6.64988567708333,6.81122994652407,7.57903765690376,7.44371773512476,256
"251",2022,10,8.11363636363636,11,8.25,7.5,7.5,7.33333333333333,8.40625,9,2,2,3,8,2291,1713,578,376,720,1571,7.48928451331296,7.77152169877408,6.65282724913495,6.81489361702128,7.57801388888889,7.44861923615532,257
"252",2022,11,8.23076923076923,13,8.5,7.33333333333333,6,6,8.41666666666667,10,3,1,1,12,2304,1723,581,377,721,1583,7.49346823784722,7.77574966337783,6.65634104991394,6.81273209549072,7.57582524271845,7.45595756159191,258
"253",2022,12,7.275,12,7.6,6.625,7,6.9,7.35,8,4,1,2,10,2316,1731,585,378,723,1593,7.49233627806563,7.77493741767764,6.65612675213675,6.81322751322752,7.57395573997234,7.4552924168236,259
