"","year","month","avg_rating","no_ratings","avg_rating_owned","avg_rating_not_owned","avg_rating_prev_owned","avg_rating_comment","avg_rating_no_comment","no_ratings_owned","no_ratings_not_owned","no_ratings_prev_owned","no_ratings_comment","no_ratings_no_comment","cum_no_ratings","cum_no_ratings_owned","cum_no_ratings_not_owned","cum_no_ratings_prev_owned","cum_no_ratings_comment","cum_no_ratings_no_comment","cum_avg_rating","cum_avg_rating_owned","cum_avg_rating_not_owned","cum_avg_rating_prev_owned","cum_avg_rating_comment","cum_avg_rating_no_comment","month_after_release"
"1",2001,8,7.2,5,8,6,NA,8,6.66666666666667,3,2,0,2,3,5,3,2,0,2,3,7.2,8,6,NA,8,6.66666666666667,0
"2",2001,9,6,1,6,NA,NA,6,NA,1,0,0,1,0,6,4,2,0,3,3,7,7.5,6,NA,7.33333333333333,6.66666666666667,1
"3",2001,11,8,1,8,NA,NA,8,NA,1,0,0,1,0,7,5,2,0,4,3,7.14285714285714,7.6,6,NA,7.5,6.66666666666667,3
"4",2002,1,7,2,7,NA,NA,NA,7,2,0,0,0,2,9,7,2,0,4,5,7.11111111111111,7.42857142857143,6,NA,7.5,6.8,5
"5",2002,3,8.5,2,8.5,NA,NA,8,9,2,0,0,1,1,11,9,2,0,5,6,7.36363636363636,7.66666666666667,6,NA,7.6,7.16666666666667,7
"6",2002,5,8,2,8,NA,NA,NA,8,2,0,0,0,2,13,11,2,0,5,8,7.46153846153846,7.72727272727273,6,NA,7.6,7.375,9
"7",2002,6,9,1,9,NA,NA,NA,9,1,0,0,0,1,14,12,2,0,5,9,7.57142857142857,7.83333333333333,6,NA,7.6,7.55555555555556,10
"8",2002,7,7,2,6,8,NA,8,6,1,1,0,1,1,16,13,3,0,6,10,7.5,7.69230769230769,6.66666666666667,NA,7.66666666666667,7.4,11
"9",2002,8,9,1,9,NA,NA,NA,9,1,0,0,0,1,17,14,3,0,6,11,7.58823529411765,7.78571428571429,6.66666666666667,NA,7.66666666666667,7.54545454545455,12
"10",2002,9,8,2,8,NA,NA,8,8,2,0,0,1,1,19,16,3,0,7,12,7.63157894736842,7.8125,6.66666666666667,NA,7.71428571428571,7.58333333333333,13
"11",2002,10,10,1,10,NA,NA,10,NA,1,0,0,1,0,20,17,3,0,8,12,7.75,7.94117647058824,6.66666666666667,NA,8,7.58333333333333,14
"12",2002,11,9,1,9,NA,NA,9,NA,1,0,0,1,0,21,18,3,0,9,12,7.80952380952381,8,6.66666666666667,NA,8.11111111111111,7.58333333333333,15
"13",2002,12,8,1,NA,8,NA,NA,8,0,1,0,0,1,22,18,4,0,9,13,7.81818181818182,8,7,NA,8.11111111111111,7.61538461538461,16
"14",2003,1,5.5,2,5.5,NA,NA,NA,5.5,2,0,0,0,2,24,20,4,0,9,15,7.625,7.75,7,NA,8.11111111111111,7.33333333333333,17
"15",2003,2,6,2,6,NA,NA,NA,6,2,0,0,0,2,26,22,4,0,9,17,7.5,7.59090909090909,7,NA,8.11111111111111,7.17647058823529,18
"16",2003,3,6.33333333333333,3,6,7,NA,5,7,2,1,0,1,2,29,24,5,0,10,19,7.37931034482759,7.45833333333333,7,NA,7.8,7.15789473684211,19
"17",2003,4,7.5,2,9,6,NA,NA,7.5,1,1,0,0,2,31,25,6,0,10,21,7.38709677419355,7.52,6.83333333333333,NA,7.8,7.19047619047619,20
"18",2003,5,8,1,8,NA,NA,8,NA,1,0,0,1,0,32,26,6,0,11,21,7.40625,7.53846153846154,6.83333333333333,NA,7.81818181818182,7.19047619047619,21
"19",2003,6,9,1,9,NA,NA,NA,9,1,0,0,0,1,33,27,6,0,11,22,7.45454545454545,7.59259259259259,6.83333333333333,NA,7.81818181818182,7.27272727272727,22
"20",2003,7,6.55,8,7.2,5.46666666666667,6,7.25,5.85,5,3,1,4,4,41,32,9,1,15,26,7.2780487804878,7.53125,6.37777777777778,6,7.66666666666667,7.05384615384615,23
"21",2003,8,7,2,7,7,NA,NA,7,1,1,0,0,2,43,33,10,1,15,28,7.26511627906977,7.51515151515152,6.44,6,7.66666666666667,7.05,24
"22",2003,9,8.66666666666667,3,8.66666666666667,NA,NA,10,8,3,0,0,1,2,46,36,10,1,16,30,7.35652173913043,7.61111111111111,6.44,6,7.8125,7.11333333333333,25
"23",2003,10,5.25,4,5.25,NA,NA,3,6,4,0,0,1,3,50,40,10,1,17,33,7.188,7.375,6.44,6,7.52941176470588,7.01212121212121,26
"24",2003,12,8.4,5,8.25,9,NA,9.5,7.66666666666667,4,1,0,2,3,55,44,11,1,19,36,7.29818181818182,7.45454545454545,6.67272727272727,6,7.73684210526316,7.06666666666667,28
"25",2004,1,7.5,4,8,6,NA,6,8,3,1,0,1,3,59,47,12,1,20,39,7.31186440677966,7.48936170212766,6.61666666666667,6,7.65,7.13846153846154,29
"26",2004,2,7.33333333333333,3,8,6,6,6,8,2,1,1,1,2,62,49,13,2,21,41,7.31290322580645,7.51020408163265,6.56923076923077,6,7.57142857142857,7.18048780487805,30
"27",2004,3,8.25,4,8.25,NA,NA,8,9,4,0,0,3,1,66,53,13,2,24,42,7.36969696969697,7.56603773584906,6.56923076923077,6,7.625,7.22380952380952,31
"28",2004,4,7,5,7,NA,NA,7.25,6,5,0,0,4,1,71,58,13,2,28,43,7.34366197183099,7.51724137931035,6.56923076923077,6,7.57142857142857,7.1953488372093,32
"29",2004,5,7.5,4,7.5,NA,NA,8.5,6.5,4,0,0,2,2,75,62,13,2,30,45,7.352,7.51612903225806,6.56923076923077,6,7.63333333333333,7.16444444444444,33
"30",2004,6,5,1,NA,5,NA,NA,5,0,1,0,0,1,76,62,14,2,30,46,7.32105263157895,7.51612903225806,6.45714285714286,6,7.63333333333333,7.11739130434783,34
"31",2004,7,7,5,8,6.33333333333333,NA,6,7.25,2,3,0,1,4,81,64,17,2,31,50,7.30123456790123,7.53125,6.43529411764706,6,7.58064516129032,7.128,35
"32",2004,8,7.25,4,6.66666666666667,9,9,7,7.33333333333333,3,1,1,1,3,85,67,18,3,32,53,7.29882352941176,7.49253731343284,6.57777777777778,7,7.5625,7.13962264150943,36
"33",2004,9,7.5,8,7.83333333333333,6.5,3,6.8,8.66666666666667,6,2,1,5,3,93,73,20,4,37,56,7.31612903225806,7.52054794520548,6.57,6,7.45945945945946,7.22142857142857,37
"34",2004,10,7.75,4,7.5,8,9,8.33333333333333,6,2,2,1,3,1,97,75,22,5,40,57,7.3340206185567,7.52,6.7,6.6,7.525,7.2,38
"35",2004,11,9,4,9,9,9,9,NA,2,2,1,4,0,101,77,24,6,44,57,7.4,7.55844155844156,6.89166666666667,7,7.65909090909091,7.2,39
"36",2004,12,7,7,6.75,7.33333333333333,7,7.5,6.8,4,3,1,2,5,108,81,27,7,46,62,7.37407407407407,7.51851851851852,6.94074074074074,7,7.65217391304348,7.16774193548387,40
"37",2005,1,8.15,10,8.125,8.25,NA,7.83333333333333,8.28571428571429,8,2,0,3,7,118,89,29,7,49,69,7.43983050847458,7.57303370786517,7.03103448275862,7,7.66326530612245,7.28115942028986,41
"38",2005,2,9,3,9,NA,NA,8,9.5,3,0,0,1,2,121,92,29,7,50,71,7.47851239669421,7.6195652173913,7.03103448275862,7,7.67,7.34366197183099,42
"39",2005,3,7.5,4,7.5,NA,NA,7.5,7.5,4,0,0,2,2,125,96,29,7,52,73,7.4792,7.61458333333333,7.03103448275862,7,7.66346153846154,7.34794520547945,43
"40",2005,4,7.8,5,8,7,7,8,7.75,4,1,1,1,4,130,100,30,8,53,77,7.49153846153846,7.63,7.03,7,7.66981132075472,7.36883116883117,44
"41",2005,5,8,7,8.2,7.5,NA,8.5,7.8,5,2,0,2,5,137,105,32,8,55,82,7.51751824817518,7.65714285714286,7.059375,7,7.7,7.39512195121951,45
"42",2005,6,8.38333333333333,6,8.26,9,9,8.1,8.66666666666667,5,1,1,3,3,143,110,33,9,58,85,7.55384615384615,7.68454545454545,7.11818181818182,7.22222222222222,7.72068965517241,7.44,46
"43",2005,7,7.33333333333333,6,7.33333333333333,NA,NA,5,7.8,6,0,0,1,5,149,116,33,9,59,90,7.54496644295302,7.66637931034483,7.11818181818182,7.22222222222222,7.67457627118644,7.46,47
"44",2005,8,8.21428571428571,7,8.5,8.1,NA,8.625,7.66666666666667,2,5,0,4,3,156,118,38,9,63,93,7.575,7.68050847457627,7.24736842105263,7.22222222222222,7.73492063492063,7.46666666666667,48
"45",2005,9,7.3,5,7.33333333333333,7.25,8.5,8.5,7,3,2,1,1,4,161,121,40,10,64,97,7.56645962732919,7.67190082644628,7.2475,7.35,7.746875,7.44742268041237,49
"46",2005,10,7,1,7,NA,NA,7,NA,1,0,0,1,0,162,122,40,10,65,97,7.56296296296296,7.66639344262295,7.2475,7.35,7.73538461538462,7.44742268041237,50
"47",2005,11,7.6,5,8,7,6,6,8,3,2,1,1,4,167,125,42,11,66,101,7.56407185628743,7.6744,7.23571428571428,7.22727272727273,7.70909090909091,7.46930693069307,51
"48",2005,12,7.28571428571429,7,7.4,7,NA,7.25,7.33333333333333,5,2,0,4,3,174,130,44,11,70,104,7.55287356321839,7.66384615384615,7.225,7.22727272727273,7.68285714285714,7.46538461538462,52
"49",2006,1,6,8,7.5,5.5,NA,6,6,2,6,0,4,4,182,132,50,11,74,108,7.48461538461538,7.66136363636364,7.018,7.22727272727273,7.59189189189189,7.41111111111111,53
"50",2006,2,7.16666666666667,3,7.25,7,NA,7.25,7,2,1,0,2,1,185,134,51,11,76,109,7.47945945945946,7.65522388059701,7.01764705882353,7.22727272727273,7.5828947368421,7.40733944954128,54
"51",2006,3,6.5,2,6.5,NA,NA,6,7,2,0,0,1,1,187,136,51,11,77,110,7.46898395721925,7.63823529411765,7.01764705882353,7.22727272727273,7.56233766233766,7.40363636363636,55
"52",2006,4,8,2,8,NA,NA,8,NA,2,0,0,2,0,189,138,51,11,79,110,7.47460317460317,7.64347826086957,7.01764705882353,7.22727272727273,7.57341772151899,7.40363636363636,56
"53",2006,5,8.1,5,8.1,NA,NA,7.25,8.66666666666667,5,0,0,2,3,194,143,51,11,81,113,7.49072164948454,7.65944055944056,7.01764705882353,7.22727272727273,7.56543209876543,7.43716814159292,57
"54",2006,6,7.88333333333333,6,8.2,7.25,NA,9,7.66,4,2,0,1,5,200,147,53,11,82,118,7.5025,7.67414965986394,7.02641509433962,7.22727272727273,7.58292682926829,7.44661016949152,58
"55",2006,7,6.64285714285714,7,6.9,6,NA,7.25,5.83333333333333,5,2,0,4,3,207,152,55,11,86,121,7.47342995169082,7.64868421052631,6.98909090909091,7.22727272727273,7.56744186046512,7.40661157024793,59
"56",2006,8,6.88888888888889,9,8.8,4.5,6,6.5,7.2,5,4,1,4,5,216,157,59,12,90,126,7.44907407407407,7.68535031847134,6.82033898305085,7.125,7.52,7.3984126984127,60
"57",2006,9,7,5,7,7,NA,7,7,4,1,0,2,3,221,161,60,12,92,129,7.43891402714932,7.66832298136646,6.82333333333333,7.125,7.50869565217391,7.3891472868217,61
"58",2006,10,7.6,5,8,6,NA,10,7,4,1,0,1,4,226,165,61,12,93,133,7.44247787610619,7.67636363636364,6.80983606557377,7.125,7.53548387096774,7.37744360902256,62
"59",2006,11,6.33333333333333,3,6.33333333333333,NA,NA,6.33333333333333,NA,3,0,0,3,0,229,168,61,12,96,133,7.42794759825327,7.65238095238095,6.80983606557377,7.125,7.49791666666667,7.37744360902256,63
"60",2006,12,7.66666666666667,9,8.41666666666667,6.16666666666667,NA,6.5,7.8125,6,3,0,1,8,238,174,64,12,97,141,7.43697478991597,7.67873563218391,6.7796875,7.125,7.48762886597938,7.40212765957447,64
"61",2007,1,7.75,12,7.75,NA,7,8.66666666666667,7.44444444444444,12,0,1,3,9,250,186,64,13,100,150,7.452,7.68333333333333,6.7796875,7.11538461538461,7.523,7.40466666666667,65
"62",2007,2,8.50442428571429,7,9.12,6.965485,NA,7.36666666666667,9.3577425,5,2,0,3,4,257,191,66,13,103,154,7.48066525291829,7.72094240837696,6.78531772727273,7.11538461538461,7.51844660194175,7.45539590909091,66
"63",2007,3,7.25,4,8,7,NA,8,7,1,3,0,1,3,261,192,69,13,104,157,7.4771301532567,7.72239583333333,6.79465173913043,7.11538461538461,7.52307692307692,7.44669407643312,67
"64",2007,4,7.88461538461539,13,7.95454545454545,7.5,9,8,7.75,11,2,1,7,6,274,203,71,14,111,163,7.49646339416058,7.73497536945813,6.81452070422535,7.25,7.55315315315315,7.45785871165644,68
"65",2007,5,7.27777777777778,9,6.66666666666667,8.5,NA,8.66666666666667,6.58333333333333,6,3,0,3,6,283,209,74,14,114,169,7.48950872791519,7.70430622009569,6.88285094594595,7.25,7.58245614035088,7.42681047337278,69
"66",2007,6,7.35,10,8,5.83333333333333,NA,6.5,7.91666666666667,7,3,0,4,6,293,216,77,14,118,175,7.48474733788396,7.71388888888889,6.84196064935065,7.25,7.54576271186441,7.44360554285714,70
"67",2007,7,8.16666666666667,9,8.1875,8,NA,6.5,8.64285714285714,8,1,0,2,7,302,224,78,14,120,182,7.50506943708609,7.73080357142857,6.85680730769231,7.25,7.52833333333333,7.4897306043956,71
"68",2007,8,6.66666666666667,9,7.2,6,4,5.66666666666667,7.16666666666667,5,4,1,3,6,311,229,82,15,123,188,7.48080697749196,7.71921397379913,6.81501182926829,7.03333333333333,7.48292682926829,7.47942005319149,72
"69",2007,9,7.22222222222222,9,7.25,7,NA,4,7.625,8,1,0,1,8,320,237,83,15,124,196,7.47353428125,7.70337552742616,6.81724060240964,7.03333333333333,7.45483870967742,7.48536209183673,73
"70",2007,10,7.9,10,7.875,8,8,8.5,7.5,8,2,1,4,6,330,245,85,16,128,202,7.48645748484848,7.70897959183673,6.84507023529412,7.09375,7.4875,7.48579688118812,74
"71",2007,11,7.11111111111111,9,7.4,6.75,7,6,7.25,5,4,2,1,8,339,250,89,18,129,210,7.47649253687316,7.7028,6.84079741573034,7.08333333333333,7.47596899224806,7.47681414285714,75
"72",2007,12,7.792,10,7.70285714285714,8,8.5,8.66666666666667,7.41714285714286,7,3,2,3,7,349,257,92,20,132,217,7.48553286532951,7.70280155642023,6.8785975,7.225,7.5030303030303,7.47488926267281,76
"73",2008,1,7.63157894736842,19,7.76470588235294,6.5,7,7.94444444444444,7.35,17,2,1,9,10,368,274,94,21,141,227,7.49307328804348,7.70664233576642,6.87054223404255,7.21428571428571,7.53120567375887,7.46938753303965,77
"74",2008,2,7.03125,16,7.5,6.92307692307692,6.66666666666667,6.5625,7.5,3,13,3,8,8,384,277,107,24,149,235,7.47383065104167,7.70440433212996,6.87692495327103,7.14583333333333,7.47919463087248,7.47042965957447,78
"75",2008,3,7.33333333333333,6,8,6.66666666666667,7,6,7.6,3,3,2,1,5,390,280,110,26,150,240,7.47166915384615,7.70757142857143,6.87119063636364,7.13461538461539,7.46933333333333,7.47312904166667,79
"76",2008,4,7.33333333333333,12,7.94444444444444,5.5,4,7.5,7.25,9,3,1,4,8,402,289,113,27,154,248,7.46753972636816,7.71494809688581,6.83478734513274,7.01851851851852,7.47012987012987,7.46593133064516,80
"77",2008,5,8.22142857142857,14,7.925,10,NA,8,8.34444444444444,12,2,0,5,9,416,301,115,27,159,257,7.49291098557692,7.72332225913621,6.88983452173913,7.01851851851852,7.48679245283019,7.49669638132296,81
"78",2008,6,8.16666666666667,6,8.75,7,NA,10,7.25,4,2,0,2,4,422,305,117,27,161,261,7.50249045023697,7.7367868852459,6.89171769230769,7.01851851851852,7.51801242236025,7.49291559386973,82
"79",2008,7,6,9,6,6,5.66666666666667,5,6.28571428571429,5,4,3,2,7,431,310,121,30,163,268,7.47111593967517,7.70877419354839,6.8622394214876,6.88333333333333,7.48711656441718,7.46138421641791,83
"80",2008,8,6.88888888888889,9,7.83333333333333,5,5,6,7.14285714285714,6,3,2,2,7,440,316,124,32,165,275,7.45920675,7.71113924050633,6.81718524193548,6.765625,7.46909090909091,7.45327625454545,84
"81",2008,9,7.64285714285714,7,7.4,8.25,8,8.16666666666667,7.25,5,2,1,3,4,447,321,126,33,168,279,7.46208270693512,7.70629283489096,6.83992833333333,6.8030303030303,7.48154761904762,7.45036189964158,85
"82",2008,10,6.33333333333333,6,7,5,NA,5.66666666666667,7,4,2,0,3,3,453,325,128,33,171,282,7.44713238410596,7.6976,6.811179453125,6.8030303030303,7.44970760233918,7.44557081560284,86
"83",2008,11,6.66666666666667,3,NA,6.66666666666667,7,6,7,0,3,2,1,2,456,325,131,35,172,284,7.44199774122807,7.6976,6.80787,6.81428571428571,7.44127906976744,7.44243299295775,87
"84",2008,12,7.46428571428571,14,7.64285714285714,7.28571428571429,8.25,6.5,7.625,7,7,4,2,12,470,332,138,39,174,296,7.44266163829787,7.69644578313253,6.83210847826087,6.96153846153846,7.43045977011494,7.44983435810811,88
"85",2009,1,6.95,10,7.25,6.75,6.375,6.8,7.1,4,6,4,5,5,480,336,144,43,179,301,7.43239785416667,7.69113095238095,6.82868729166667,6.90697674418605,7.41284916201117,7.44402315614618,89
"86",2009,2,7.28666666666667,15,7.68571428571429,6.9375,7,NA,7.28666666666667,7,8,3,0,15,495,343,152,46,179,316,7.42798175757576,7.69102040816326,6.83441427631579,6.91304347826087,7.41284916201117,7.43655370253165,90
"87",2009,3,6.875,16,8,6.2,6,6.75,6.91666666666667,6,10,3,4,12,511,349,162,49,183,328,7.41066726027397,7.6963323782235,6.79525290123457,6.85714285714286,7.39836065573771,7.41753344512195,91
"88",2009,4,6.8,20,7.11111111111111,6.54545454545455,6.2,6.71428571428571,6.84615384615385,9,11,5,7,13,531,358,173,54,190,341,7.38766661016949,7.68162011173184,6.77936976878613,6.7962962962963,7.37315789473684,7.39575064516129,92
"89",2009,5,7.75714285714286,21,7.88461538461539,7.55,8.33333333333333,7.25,7.87647058823529,13,8,3,4,17,552,371,181,57,194,358,7.40172277173913,7.68873315363881,6.81343077348066,6.87719298245614,7.37061855670103,7.41857812849162,93
"90",2009,6,7.08823529411765,17,7.375,6.83333333333333,8.25,8.16666666666667,6.85714285714286,8,9,2,3,14,569,379,190,59,197,372,7.39235671353251,7.68211081794195,6.81437352631579,6.92372881355932,7.38274111675127,7.39744884408602,94
"91",2009,7,7.35263157894737,19,8.08571428571429,6.925,6.75,6.66666666666667,7.48125,7,12,4,3,16,588,386,202,63,200,388,7.39107307823129,7.68943005181347,6.8209453960396,6.91269841269841,7.372,7.40090456185567,95
"92",2009,8,7.92307692307692,13,8.16666666666667,7.375,NA,8.16666666666667,7.85,9,4,0,3,10,601,395,206,63,203,398,7.40258064891847,7.70030379746835,6.83170373786408,6.91269841269841,7.38374384236453,7.41218836683417,96
"93",2009,9,7.83333333333333,24,9.04166666666667,6.625,6.5,7.8,7.84210526315789,12,12,5,5,19,625,407,218,68,208,417,7.419121552,7.73985257985258,6.82032555045872,6.88235294117647,7.39375,7.43177690647482,97
"94",2009,10,6.975,24,7.55,6.6875,6.25,7.04444444444444,6.93333333333333,8,16,4,9,15,649,415,234,72,217,432,7.40269795069337,7.73619277108434,6.81124346153846,6.84722222222222,7.37926267281106,7.41446983796296,98
"95",2009,11,6.05263157894737,19,7.875,4.72727272727273,7,6.85714285714286,5.58333333333333,8,11,1,7,12,668,423,245,73,224,444,7.36429785928144,7.73881796690307,6.71767742857143,6.84931506849315,7.36294642857143,7.36497966216216,99
"96",2009,12,6.75333333333333,15,8.20909090909091,2.75,NA,6.33333333333333,6.85833333333333,11,4,0,3,12,683,434,249,73,227,456,7.35087989751098,7.75073732718894,6.65393963855422,6.84931506849315,7.34933920704846,7.35164686403509,100
"97",2010,1,7.4375,16,8.5,7.08333333333333,6.4,7.5,7.42857142857143,4,12,5,2,14,699,438,261,78,229,470,7.35286261802575,7.7575799086758,6.67368187739464,6.82051282051282,7.35065502183406,7.35393823404255,101
"98",2010,2,7.71875,16,7.96153846153846,6.66666666666667,9,4,8.25,13,3,2,2,14,715,451,264,80,231,484,7.36105030769231,7.76345898004435,6.67360215909091,6.875,7.32164502164502,7.37985737603306,102
"99",2010,3,7.71666666666667,12,7.62222222222222,8,10,6.75,7.91,9,3,1,2,10,727,460,267,81,233,494,7.36692017881706,7.76069565217391,6.68850550561798,6.91358024691358,7.31673819742489,7.39058900809717,103
"100",2010,4,6.9,5,7.66666666666667,5.75,NA,7,6.875,3,2,0,1,4,732,463,269,81,234,498,7.36373083333333,7.76008639308855,6.68152776951673,6.91358024691358,7.31538461538462,7.38644773092369,104
"101",2010,5,7.67,10,8.25,6.8,7.5,7.23333333333333,7.85714285714286,6,4,2,3,7,742,469,273,83,237,505,7.36785845013477,7.7663539445629,6.68326362637363,6.92771084337349,7.31434599156118,7.39297221782178,105
"102",2010,6,6.5625,8,6.33333333333333,6.7,6.5,6,6.64285714285714,3,5,1,1,7,750,472,278,84,238,512,7.35926796,7.75724576271186,6.68356464028777,6.92261904761905,7.30882352941177,7.38271673828125,106
"103",2010,7,7.03636363636364,11,6.925,7.33333333333333,7.5,7.5,6.93333333333333,8,3,1,2,9,761,480,281,85,240,521,7.35460048620237,7.743375,6.69050167259786,6.92941176470588,7.31041666666667,7.37495387715931,107
"104",2010,8,8.25,8,8.57142857142857,6,6,9.5,7.83333333333333,7,1,1,2,6,769,487,282,86,242,527,7.36391543563069,7.7552772073922,6.68805308510638,6.91860465116279,7.32851239669422,7.38017261859583,108
"105",2010,9,7.27272727272727,11,7.83333333333333,6.6,NA,8.5,7,6,5,0,2,9,780,493,287,86,244,536,7.36262944871795,7.75622718052738,6.68651905923345,6.91860465116279,7.33811475409836,7.37378912313433,109
"106",2010,10,7,9,8.5,6.57142857142857,5.75,7,7,2,7,2,1,8,789,495,294,88,245,544,7.35849299112801,7.75923232323232,6.68377880952381,6.89204545454545,7.33673469387755,7.36829222426471,110
"107",2010,11,7.67647058823529,17,7.66666666666667,7.6875,8,8.08333333333333,7.45454545454545,9,8,6,6,11,806,504,302,94,251,555,7.3651997146402,7.75757936507937,6.71036745033113,6.96276595744681,7.35458167330677,7.37000174774775,111
"108",2010,12,7.41857142857143,14,8.09555555555556,6.2,6.5,8.5,7.23833333333333,9,5,2,2,12,820,513,307,96,253,567,7.36611093902439,7.76350877192982,6.70205527687296,6.953125,7.36363636363636,7.36721511463845,112
"109",2011,1,7.36842105263158,19,7.90909090909091,6.625,7.33333333333333,7,7.58333333333333,11,8,3,7,12,839,524,315,99,260,579,7.36616325387366,7.76656488549618,6.70009831746032,6.96464646464646,7.35384615384615,7.37169424870466,113
"110",2011,2,7.56,10,8.25,6.525,7,8.16666666666667,7.3,6,4,2,3,7,849,530,319,101,263,586,7.36844637220259,7.77203773584906,6.69790272727273,6.96534653465347,7.36311787072243,7.37083783276451,114
"111",2011,3,7.61526315789474,19,8.55555555555556,6.769,7.75,8.738,7.21428571428571,9,10,4,5,14,868,539,329,105,268,600,7.3738490437788,7.78512059369202,6.70006373860182,6.9952380952381,7.38876865671642,7.36718495,115
"112",2011,4,7.46666666666667,15,8.33333333333333,6.88888888888889,7.66666666666667,6.7,7.85,6,9,3,5,10,883,545,338,108,273,610,7.37542578708947,7.79115596330275,6.70509162721893,7.01388888888889,7.37615384615385,7.37509995081967,116
"113",2011,5,7.74615384615385,13,8.3,6.5,6,8.2,7.70833333333333,9,4,2,1,12,896,554,342,110,274,622,7.38080465401786,7.79942238267148,6.70269289473684,6.99545454545455,7.37916058394161,7.38152889067524,117
"114",2011,6,7.58461538461538,13,8.72857142857143,6.25,6,8.4,7.22222222222222,7,6,2,4,9,909,561,348,112,278,631,7.38371943894389,7.81101604278075,6.69488784482759,6.97767857142857,7.39384892086331,7.37925668779715,118
"115",2011,7,7.93,10,8.225,6.75,6.75,7.45,8.25,8,2,2,4,6,919,569,350,114,282,637,7.38966373231774,7.81683655536028,6.69520277142857,6.97368421052632,7.39464539007092,7.38745835164835,119
"116",2011,8,6.83333333333333,6,6.75,7,NA,NA,6.83333333333333,4,2,0,0,6,925,573,352,114,282,643,7.3860551027027,7.80938917975567,6.69693457386364,6.97368421052632,7.39464539007092,7.38228766718507,120
"117",2011,9,7,11,7,7,7,6.75,7.05555555555556,3,8,3,2,9,936,576,360,117,284,652,7.38151813034188,7.80517361111111,6.70366936111111,6.97435897435897,7.39010563380282,7.37777756134969,121
"118",2011,10,7.61111111111111,9,7.57142857142857,7.75,6.5,7.83333333333333,7.5,7,2,1,3,6,945,583,362,118,287,658,7.38370473015873,7.80236706689537,6.70945019337016,6.97033898305085,7.39473867595819,7.37889205167173,122
"119",2011,11,7.76666666666667,15,8.4,6.5,8,7.75,7.76923076923077,10,5,1,2,13,960,593,367,119,289,671,7.38968851041667,7.81244519392917,6.70659664850136,6.97899159663866,7.39719723183391,7.38645450074516,123
"120",2011,12,8.10294117647059,17,8.41666666666667,7.35,7.25,8.08333333333333,8.11363636363636,12,5,2,6,11,977,605,372,121,295,682,7.40209925281474,7.82442975206612,6.71524454301075,6.98347107438016,7.41115254237288,7.39818324046921,124
"121",2012,1,7.25238095238095,21,7.8125,6.90769230769231,9,9,6.84117647058823,8,13,2,4,17,998,613,385,123,299,699,7.39894886773547,7.82427406199021,6.72174277922078,7.01626016260163,7.43240802675585,7.38463658082976,125
"122",2012,2,7.66666666666667,12,8.92857142857143,5.9,7.5,6.875,8.0625,7,5,3,4,8,1010,620,390,126,303,707,7.40212967326733,7.83674193548387,6.71120761538462,7.02777777777778,7.4250495049505,7.39230688826026,126
"123",2012,3,7.22222222222222,9,8.75,6,10,9,7,4,5,1,1,8,1019,624,395,127,304,715,7.40054069676153,7.84259615384615,6.70220498734177,7.0511811023622,7.4302302631579,7.38791744055944,127
"124",2012,4,7.625,12,7.75,7.375,7,NA,7.625,8,4,2,0,12,1031,632,399,129,304,727,7.40315322017459,7.84142405063291,6.70894979949875,7.05038759689922,7.4302302631579,7.39183077028886,128
"125",2012,5,7.77,10,8.07142857142857,7.06666666666667,NA,NA,7.77,7,3,0,0,10,1041,639,402,129,304,737,7.40667720461095,7.84394366197183,6.71161932835821,7.05038759689922,7.4302302631579,7.39696196743555,129
"126",2012,6,7.33333333333333,6,8.66666666666667,6,7,8.33333333333333,6.33333333333333,3,3,1,3,3,1047,642,405,130,307,740,7.40625689589303,7.84778816199377,6.70634807407407,7.05,7.43905537459284,7.39264995945946,130
"127",2012,7,7.39666666666667,6,9.5,6.345,6,7.5,7.345,2,4,1,2,4,1053,644,409,131,309,744,7.40620225071225,7.85291925465839,6.70281410757946,7.04198473282443,7.4394498381877,7.39239377688172,131
"128",2012,8,8.25,8,8.66666666666667,7,NA,8.6,7.66666666666667,6,2,0,5,3,1061,650,411,131,314,747,7.412564533459,7.86043076923077,6.7042602676399,7.04198473282443,7.45792993630573,7.39349527443106,132
"129",2012,9,7.4,5,8,6.5,NA,7,7.66666666666667,3,2,0,2,3,1066,653,413,131,316,750,7.41250560037523,7.8610719754977,6.70327111380145,7.04198473282443,7.45503164556962,7.39458796,133
"130",2012,10,7.8,5,9.5,6.66666666666667,NA,8.5,7.33333333333333,2,3,0,2,3,1071,655,416,131,318,753,7.41431463118581,7.86607633587786,6.70300713942308,7.04198473282443,7.46160377358491,7.39434391766268,134
"131",2012,11,7.07272727272727,11,8.66666666666667,5.16,NA,10,6.78,6,5,0,1,10,1082,661,421,131,319,763,7.41084193160813,7.87334341906203,6.68468163895487,7.04198473282443,7.46956112852665,7.38629222804718,135
"132",2012,12,7.81818181818182,11,8.28571428571429,7,7,9,7.375,7,4,4,3,8,1093,668,425,135,322,771,7.41494141811528,7.87766467065868,6.68764934117647,7.04074074074074,7.4838198757764,7.38617505836576,136
"133",2013,1,7.58333333333333,18,7.66666666666667,7.41666666666667,7.5,6.5,7.71875,12,6,4,2,16,1111,680,431,139,324,787,7.417669639964,7.87394117647059,6.69779807424594,7.05395683453237,7.47774691358025,7.39293642947904,137
"134",2013,2,7.87142857142857,7,10,7.51666666666667,NA,7.5,7.93333333333333,1,6,0,1,6,1118,681,437,139,325,793,7.42051070661896,7.87706314243759,6.70904112128146,7.05395683453237,7.47781538461539,7.39702518284994,138
"135",2013,3,7.46153846153846,13,8.16666666666667,6.85714285714286,7.33333333333333,9,7.33333333333333,6,7,3,1,12,1131,687,444,142,326,805,7.42098229000884,7.87959243085881,6.71137605855856,7.05985915492958,7.48248466257669,7.39607573913044,139
"136",2013,4,7.39285714285714,14,7.55,7,9,9,7.26923076923077,10,4,1,1,13,1145,697,448,143,327,818,7.42063840174673,7.87486370157819,6.71395305803571,7.07342657342657,7.487125382263,7.39405986552567,140
"137",2013,5,8.18181818181818,11,8,8.5,7,8.5,8.11111111111111,7,4,1,2,9,1156,704,452,144,329,827,7.42788146193772,7.87610795454546,6.72975878318584,7.07291666666667,7.49328267477204,7.40186332527207,141
"138",2013,6,7.51904761904762,21,7.78333333333333,7.16666666666667,7,8.3,7.275,12,9,1,5,16,1177,716,461,145,334,843,7.42950804587935,7.8745530726257,6.73828843817787,7.07241379310345,7.50535928143713,7.39945548042705,142
"139",2013,7,7.59090909090909,11,7.66666666666667,7.5,NA,7,7.72222222222222,6,5,0,2,9,1188,722,466,145,336,852,7.4310025,7.87282548476454,6.74646130901288,7.07241379310345,7.50235119047619,7.40286498826291,143
"140",2013,8,8,12,8.375,7.25,NA,7,8.09090909090909,8,4,0,1,11,1200,730,470,145,337,863,7.436692475,7.87832876712329,6.75074674468085,7.07241379310345,7.50086053412463,7.4116349594438,144
"141",2013,9,7.39375,16,7.75555555555556,6.92857142857143,5.75,7,7.42,9,7,2,1,15,1216,739,477,147,338,878,7.43612744243421,7.87683355886333,6.7533563312369,7.05442176870748,7.49937869822485,7.41177787015945,145
"142",2013,10,8.07894736842105,19,8.1,8.05555555555556,8,8.75,7.9,10,9,6,4,15,1235,749,486,153,342,893,7.44601697975708,7.87981308411215,6.77747113168724,7.09150326797386,7.51400584795322,7.41997868980963,146
"143",2013,11,7.225,20,7.9,6.55,5.5,6.5,7.30555555555556,10,10,2,2,18,1255,759,496,155,344,911,7.44249479681275,7.8800790513834,6.77288502016129,7.07096774193548,7.50811046511628,7.41771785949506,147
"144",2013,12,7.25,10,7.625,5.75,5,7,7.3125,8,2,1,2,8,1265,767,498,156,346,919,7.44097309881423,7.8774185136897,6.76877704819277,7.05769230769231,7.50517341040463,7.41680192600653,148
"145",2014,1,8.04791666666667,24,8.675,6.16666666666667,NA,8.03,8.05263157894737,18,6,0,5,19,1289,785,504,156,351,938,7.45227383242824,7.89570700636943,6.76160906746032,7.05769230769231,7.51264957264957,7.42968120469083,149
"146",2014,2,7.85,15,8.33333333333333,7.125,6.9375,7.875,7.83333333333333,9,6,4,6,9,1304,794,510,160,357,947,7.45684890337423,7.90066750629723,6.76588425490196,7.0546875,7.51873949579832,7.43351739176346,150
"147",2014,3,7.82727272727273,11,8.22857142857143,7.125,NA,7.5,7.9,7,4,0,2,9,1315,801,514,160,359,956,7.45994750570342,7.90353308364544,6.76867892996109,7.0546875,7.51863509749304,7.43790896443515,151
"148",2014,4,7.70833333333333,12,8.2,7.35714285714286,7.83333333333333,NA,7.70833333333333,5,7,3,0,12,1327,806,521,163,359,968,7.46219364732479,7.90537220843673,6.77658535508637,7.06901840490798,7.51863509749304,7.44126133264463,152
"149",2014,5,6.64285714285714,7,6.5,6.75,NA,7,6.58333333333333,3,4,0,1,6,1334,809,525,163,360,974,7.45789428035982,7.90016069221261,6.7763828,7.06901840490798,7.51719444444445,7.43597635523614,153
"150",2014,6,6.71428571428571,7,7.4,5,6,8,6.5,5,2,1,1,6,1341,814,527,164,361,980,7.45401265473527,7.89708845208845,6.76964130929791,7.0625,7.51853185595568,7.4302458877551,154
"151",2014,7,6.6,5,7.33333333333333,5.5,6,NA,6.6,3,2,1,0,5,1346,817,529,165,361,985,7.45084024517088,7.89501835985312,6.76484115311909,7.05606060606061,7.51853185595568,7.42603144162437,155
"152",2014,8,7.07142857142857,7,6.5,7.3,6.66666666666667,NA,7.07142857142857,2,5,3,0,7,1353,819,534,168,361,992,7.44887728750924,7.89161172161172,6.76985200374532,7.04910714285714,7.51853185595568,7.42352920362903,156
"153",2014,9,6.64285714285714,14,7.75,5.16666666666667,4,6.66666666666667,6.63636363636364,8,6,1,3,11,1367,827,540,169,364,1003,7.44062250914411,7.89024183796856,6.75203883333333,7.0310650887574,7.51151098901099,7.41489628115653,157
"154",2014,10,7.62,10,7.33333333333333,8.05,8.5,7,7.68888888888889,6,4,2,1,9,1377,833,544,171,365,1012,7.44192517792302,7.88623049219688,6.76158266544117,7.04824561403509,7.5101095890411,7.4173329743083,158
"155",2014,11,7.13076923076923,13,8.5,5.95714285714286,6.7,8.35,6.90909090909091,6,7,1,2,11,1390,839,551,172,367,1023,7.43901508633094,7.89061978545888,6.75136292196007,7.04622093023256,7.51468664850136,7.4118680058651,159
"156",2014,12,7.58333333333333,12,7.66666666666667,7.33333333333333,10,6,7.72727272727273,9,3,1,1,11,1402,848,554,173,368,1034,7.44025033523538,7.8882429245283,6.75451438628159,7.06329479768786,7.51057065217391,7.41522337524178,160
"157",2015,1,6.70588235294118,17,7.5,6,6,7.33333333333333,6.36363636363636,8,9,3,6,11,1419,856,563,176,374,1045,7.43145241014799,7.88461448598131,6.74245287744227,7.04517045454546,7.50772727272727,7.40415403827751,161
"158",2015,2,7.23529411764706,17,7.25,7.23076923076923,7.5,NA,7.23529411764706,4,13,5,0,17,1436,860,576,181,374,1062,7.42913020194986,7.88166279069767,6.75347390625,7.05773480662983,7.50772727272727,7.40145100753296,162
"159",2015,3,7.0625,8,7.66666666666667,6.7,6.5,7,7.07142857142857,3,5,1,1,7,1444,863,581,182,375,1069,7.42709900969529,7.88091541135574,6.75301371772805,7.05467032967033,7.50637333333333,7.39928996258185,163
"160",2015,4,7.00952380952381,21,7.3375,6.80769230769231,8.33333333333333,6.5,7.16875,8,13,3,5,16,1465,871,594,185,380,1085,7.42111329010239,7.8759242250287,6.75421038720539,7.07540540540541,7.49313157894737,7.39589029493088,164
"161",2015,5,6.77,10,7.6,5.94,5.83333333333333,8,6.4625,5,5,3,2,8,1475,876,599,188,382,1093,7.41669896271187,7.87434931506849,6.74741397328881,7.05558510638298,7.49578534031414,7.38905852698994,165
"162",2015,6,6.96153846153846,13,7.4,6.6875,6.83333333333333,6,7.04166666666667,5,8,3,1,12,1488,881,607,191,383,1105,7.41272242607527,7.8716572077185,6.74662433278418,7.0520942408377,7.49187989556136,7.38528594570136,166
"163",2015,7,6.88888888888889,9,7.2,6.5,5.5,8,6.57142857142857,5,4,2,2,7,1497,886,611,193,385,1112,7.40957312625251,7.86786681715576,6.74500977086743,7.0360103626943,7.49451948051948,7.38016274280576,167
"164",2015,8,8.05,10,8.41666666666667,7.5,6,8.25,8,6,4,1,2,8,1507,892,615,194,387,1120,7.41382280690113,7.87155829596413,6.74992027642276,7.03067010309278,7.49842377260982,7.38459015178571,168
"165",2015,9,6.97,10,7.5,6.61666666666667,6.9,4.95,7.475,4,6,1,2,8,1517,896,621,195,389,1128,7.41089714568227,7.86989955357143,6.74863280193237,7.03,7.48532133676093,7.38523135638298,169
"166",2015,10,7.84615384615385,13,7.92857142857143,7.75,7,6.75,8.04545454545454,7,6,1,2,11,1530,903,627,196,391,1139,7.41459540522876,7.87035437430786,6.75821526315789,7.02984693877551,7.48156010230179,7.39160752414399,170
"167",2015,11,7.5,10,8.25,7,NA,9,7.33333333333333,4,6,0,1,9,1540,907,633,196,392,1148,7.41514998051948,7.87202866593164,6.76050706161137,7.02984693877551,7.48543367346939,7.39115067073171,171
"168",2015,12,7.37333333333333,15,7.48333333333333,7.3,7.95,8,7.21666666666667,6,9,2,3,12,1555,913,642,198,395,1160,7.41474660450161,7.86947426067908,6.76807004672897,7.03914141414142,7.4893417721519,7.3893456637931,172
"169",2016,1,7.38888888888889,18,7.625,7.2,6.5,7,7.41176470588235,8,10,1,1,17,1573,921,652,199,396,1177,7.41445071201526,7.86735070575461,6.7746947392638,7.03643216080402,7.48810606060606,7.38966947323704,173
"170",2016,2,7.82142857142857,7,8.4375,7,NA,10,7.45833333333333,4,3,0,1,6,1580,925,655,199,397,1183,7.41625377848101,7.86981621621622,6.77572667175572,7.03643216080402,7.49443324937028,7.39001772612003,174
"171",2016,3,6.67857142857143,14,7.66666666666667,5.9375,7.125,8.5,6.375,6,8,4,2,12,1594,931,663,203,399,1195,7.40977476160602,7.86850698174006,6.76561232277526,7.03817733990148,7.49947368421053,7.37982507949791,175
"172",2016,4,7.375,16,7.42857142857143,7.33333333333333,6.375,5,7.53333333333333,7,9,4,1,15,1610,938,672,207,400,1210,7.40942917391305,7.86522388059702,6.77321572916667,7.02536231884058,7.493225,7.38172807438017,176
"173",2016,5,7.80769230769231,26,7.80555555555556,7.8125,7.83333333333333,7.91666666666667,7.775,18,8,3,6,20,1636,956,680,210,406,1230,7.41575853911981,7.86410041841004,6.78544260294118,7.03690476190476,7.49948275862069,7.3881227398374,177
"174",2016,6,7.88888888888889,18,8.23076923076923,7,7,7.16666666666667,8.03333333333333,13,5,3,3,15,1654,969,685,213,409,1245,7.42090747883918,7.86901960784314,6.78700871532847,7.03638497652582,7.49704156479218,7.39589636144578,178
"175",2016,7,7.3,15,7.4375,7.14285714285714,NA,7,7.34615384615385,8,7,0,2,13,1669,977,692,213,411,1258,7.41982083283403,7.86548618219038,6.79060833815029,7.03638497652582,7.49462287104623,7.3953823290938,179
"176",2016,8,7.16666666666667,12,7.85714285714286,6.2,8.5,8,7,7,5,2,2,10,1681,984,697,215,413,1268,7.41801366448543,7.86542682926829,6.78637154949785,7.05,7.49707021791768,7.39226417192429,180
"177",2016,9,7.85714285714286,14,8.57142857142857,7.14285714285714,10,10,7.5,7,7,2,2,12,1695,991,704,217,415,1280,7.42164069026549,7.8704137235116,6.78991615056818,7.07718894009217,7.50913253012048,7.3932741953125,181
"178",2016,10,6.56875,16,7.78888888888889,5,4,6.33333333333333,6.62307692307692,9,7,1,3,13,1711,1000,711,218,418,1293,7.4136650905903,7.86968,6.77229390998593,7.06307339449541,7.50069377990431,7.38553052590874,182
"179",2016,11,7.83846153846154,13,8.41428571428571,7.16666666666667,7.25,NA,7.83846153846154,7,6,2,0,13,1724,1007,717,220,418,1306,7.41686831206497,7.87346573982125,6.77559410041841,7.06477272727273,7.50069377990431,7.39003902756508,183
"180",2016,12,7.64117647058824,17,7.72727272727273,7.48333333333333,10,6.725,7.92307692307692,11,6,1,4,13,1741,1018,723,221,422,1319,7.41905856978748,7.87188605108055,6.78146745504841,7.07805429864253,7.49334123222749,7.39529262319939,184
"181",2017,1,7.996875,16,8.15,7.74166666666667,8,NA,7.996875,10,6,1,0,16,1757,1028,729,222,422,1335,7.42432041548094,7.87459143968872,6.78937032921811,7.08220720720721,7.49334123222749,7.40250259925094,185
"182",2017,2,8,15,7.88888888888889,8.16666666666667,8.75,NA,8,9,6,4,0,15,1772,1037,735,226,422,1350,7.4291935496614,7.87471552555448,6.80061356462585,7.11172566371682,7.49334123222749,7.40914145925926,186
"183",2017,3,7.65384615384615,13,8.3,5.5,6,8.25,7.38888888888889,10,3,2,4,9,1785,1047,738,228,426,1359,7.43082967507003,7.87877745940783,6.79532651761517,7.10197368421053,7.50044600938967,7.40900733627667,187
"184",2017,4,7.44444444444444,9,7.33333333333333,7.66666666666667,9,8,7.28571428571429,6,3,1,2,7,1794,1053,741,229,428,1366,7.43089797658863,7.87566951566952,6.79885421052631,7.11026200873363,7.50278037383178,7.40837552708638,188
"185",2017,5,7.16875,16,7.37,6.83333333333333,7.5,6,7.33571428571429,10,6,2,2,14,1810,1063,747,231,430,1380,7.42858064640884,7.87091251175917,6.79913115127175,7.11363636363636,7.49579069767442,7.40763838405797,189
"186",2017,6,7.8,10,7.71428571428571,8,NA,7,7.88888888888889,7,3,0,1,9,1820,1070,750,231,431,1389,7.43062141208791,7.86988785046729,6.80393462666667,7.11363636363636,7.4946403712297,7.41075663786897,190
"187",2017,7,7.80714285714286,14,8.1625,7.33333333333333,10,9.33333333333333,7.39090909090909,8,6,1,3,11,1834,1078,756,232,434,1400,7.43349562159215,7.87205936920223,6.8081362037037,7.1260775862069,7.50735023041475,7.41060069285714,191
"188",2017,8,7.40909090909091,11,8.1,6.83333333333333,8,6,7.55,5,6,2,1,10,1845,1083,762,234,435,1410,7.43335011924119,7.87311172668513,6.80833460629921,7.13354700854701,7.50388505747127,7.41158934042553,192
"189",2017,9,7.13571428571429,14,7,7.2375,7,7,7.17272727272727,6,8,2,3,11,1859,1089,770,236,438,1421,7.43110864443249,7.86830119375574,6.81279346753247,7.13241525423729,7.50043378995434,7.4097403026038,193
"190",2017,10,6.41666666666667,12,9,5.55555555555556,5.83333333333333,6.5,6.4,3,9,3,2,10,1871,1092,779,239,440,1431,7.42460233564939,7.87141025641026,6.79826825417201,7.11610878661088,7.49588636363637,7.4026841160028,194
"191",2017,11,8.27272727272727,11,8.66666666666667,7.8,7.5,8.5,8.22222222222222,6,5,2,2,9,1882,1098,784,241,442,1440,7.42955949521786,7.87575591985428,6.80465684948979,7.11929460580913,7.50042986425339,7.40780622916667,195
"192",2017,12,6.92307692307692,13,7.42857142857143,6.33333333333333,3,8,6.83333333333333,7,6,1,1,12,1895,1105,790,242,443,1452,7.42608494459103,7.87292307692308,6.80107717721519,7.10227272727273,7.50155756207675,7.40305851928375,196
"193",2018,1,7.81578947368421,19,8.04545454545454,7.5,7.5,6.25,8,11,8,4,2,17,1914,1116,798,246,445,1469,7.42995348484849,7.87462365591398,6.80808392230576,7.10873983739837,7.49593258426966,7.40996662355344,197
"194",2018,2,7.41666666666667,12,7.41666666666667,NA,NA,6,7.54545454545455,12,0,0,1,11,1926,1128,798,246,446,1480,7.42987070093458,7.86975177304965,6.80808392230576,7.10873983739837,7.49257847533632,7.41097362837838,198
"195",2018,3,7.55,10,7.85714285714286,6.83333333333333,7.75,8.16666666666667,7.28571428571429,7,3,2,3,7,1936,1135,801,248,449,1487,7.4304912035124,7.86967400881057,6.80817848938826,7.11391129032258,7.49708240534521,7.41038397444519,199
"196",2018,4,8.64285714285714,14,8.875,8.33333333333333,8,NA,8.64285714285714,8,6,2,0,14,1950,1143,807,250,449,1501,7.43919536923077,7.8767104111986,6.81951793060719,7.121,7.49708240534521,7.42187939373751,200
"197",2018,5,7.20363636363636,11,8.5,4.935,2,7.25,7.19333333333333,7,4,1,2,9,1961,1150,811,251,451,1510,7.43787402855686,7.88050434782609,6.81022314426634,7.10059760956175,7.4959866962306,7.4205171986755,201
"198",2018,6,6.75,4,6.33333333333333,8,8,6,7,3,1,1,1,3,1965,1153,812,252,452,1513,7.43647377608143,7.87647875108413,6.81168838669951,7.10416666666667,7.49267699115044,7.41968339061467,202
"199",2018,7,6.66666666666667,9,7.25,6.5,7.66666666666667,8,6.5,2,7,3,1,8,1974,1155,819,255,453,1521,7.43296401722391,7.87539393939394,6.80902438339438,7.11078431372549,7.49379690949227,7.41484613412229,203
"200",2018,8,7.40909090909091,11,7.83333333333333,5.5,NA,NA,7.40909090909091,9,2,0,0,11,1985,1164,821,255,453,1532,7.43283172292192,7.87506872852234,6.80583552984165,7.11078431372549,7.49379690949227,7.41480481070496,204
"201",2018,9,7.5,8,8.2,6.33333333333333,9,9,7.28571428571429,5,3,1,1,7,1993,1169,824,256,454,1539,7.43310133968891,7.87645851154833,6.80411525485437,7.1181640625,7.49711453744493,7.41421765432099,205
"202",2018,10,6.44444444444444,9,7,6.16666666666667,6.75,8.33333333333333,5.5,3,6,4,3,6,2002,1172,830,260,457,1545,7.42865682817183,7.87421501706485,6.79950719277108,7.1125,7.50260393873085,7.40678379935275,206
"203",2018,11,6.99621,10,7.66666666666667,5.990525,NA,7.5,6.8702625,6,4,0,2,8,2012,1178,834,260,459,1553,7.42650749005964,7.87315789473684,6.79562718225419,7.1125,7.50259259259259,7.40402000643915,207
"204",2018,12,7.99230769230769,13,7.99,8,NA,8,7.99166666666667,10,3,0,1,12,2025,1188,837,260,460,1565,7.43013978765432,7.87414141414141,6.7999439307049,7.1125,7.50367391304348,7.40852592332268,208
"205",2019,1,6.65384615384615,13,7.6875,5,6.5,7,6.625,8,5,2,1,12,2038,1196,842,262,461,1577,7.42518796368989,7.87289297658863,6.78925542755344,7.10782442748092,7.50258134490239,7.40256377298668,209
"206",2019,2,7.5625,8,8.1,6.66666666666667,NA,10,7.21428571428571,5,3,0,1,7,2046,1201,845,262,462,1584,7.42572486314761,7.87383846794338,6.78882020118343,7.10782442748092,7.50798701298701,7.40173173611111,210
"207",2019,3,7.80555555555556,9,8.08333333333333,7.66666666666667,7,7,7.90625,3,6,3,1,8,2055,1204,851,265,463,1592,7.42738835523115,7.87436046511628,6.79500948296122,7.10660377358491,7.5068898488121,7.40426700376884,211
"208",2019,4,7.375,8,7.2,7.66666666666667,NA,7,7.5,5,3,0,2,6,2063,1209,854,265,465,1598,7.42718520116336,7.87157154673284,6.79807151053864,7.10660377358491,7.50470967741936,7.40462645181477,212
"209",2019,5,7.9375,8,8.7,6.66666666666667,4,8.625,7.25,5,3,1,4,4,2071,1214,857,266,469,1602,7.42915647996137,7.87498352553542,6.79761151691948,7.09492481203008,7.51426439232409,7.40424036828964,213
"210",2019,6,7.2,10,6.66666666666667,8,9,9,7,6,4,1,1,9,2081,1220,861,267,470,1611,7.428055295531,7.86904098360656,6.8031975261324,7.10205992509363,7.51742553191489,7.40198204220981,214
"211",2019,7,7.7775,8,7.70333333333333,8,7,6.22,8,6,2,1,1,7,2089,1226,863,268,471,1618,7.42939352321685,7.86823001631321,6.80597111239861,7.10167910447761,7.51467091295117,7.4045692645241,215
"212",2019,8,6.91538461538462,13,6.75,6.98888888888889,6.96666666666667,NA,6.91538461538462,4,9,3,0,13,2102,1230,872,271,471,1631,7.42621459086584,7.86459349593496,6.80785902522936,7.10018450184502,7.51467091295117,7.40067018393624,216
"213",2019,9,7.25,16,8.33333333333333,5.85714285714286,6.5,NA,7.25,9,7,2,0,16,2118,1239,879,273,471,1647,7.42488341359774,7.867998385795,6.80028790671217,7.09578754578755,7.51467091295117,7.39920647844566,217
"214",2019,10,7.338375,8,7.52957142857143,6,NA,6.90233333333333,7.6,7,1,0,3,5,2126,1246,880,273,474,1652,7.42455788805268,7.86609711075441,6.79937848863636,7.09578754578755,7.51079535864979,7.39981420702179,218
"215",2019,11,7.89090909090909,11,7.91666666666667,7.86,8.43333333333333,8.375,7.61428571428571,6,5,3,4,7,2137,1252,885,276,478,1659,7.42695838558727,7.86633945686901,6.80537070056497,7.11032608695652,7.51802719665272,7.40071915009042,219
"216",2019,12,7.34375,8,7.33333333333333,7.35,7.75,7.75,7.20833333333333,3,5,2,2,6,2145,1255,890,278,480,1665,7.42664805128205,7.86506533864542,6.80843041573034,7.11492805755396,7.51899375,7.40002586786787,220
"217",2020,1,7.73333333333333,15,8.75,6.57142857142857,7.25,8.25,7.54545454545455,8,7,4,4,11,2160,1263,897,282,484,1676,7.42877781018519,7.87067062549485,6.80658090301003,7.11684397163121,7.52503512396694,7.40098035202864,221
"218",2020,2,8.37857142857143,14,8.25454545454545,8.83333333333333,10,7.825,8.6,11,3,1,4,10,2174,1274,900,283,488,1686,7.43489423643054,7.87398508634223,6.81333674444444,7.12703180212014,7.52749385245902,7.40809197508897,222
"219",2020,3,7.84615384615385,13,8.66666666666667,6,10,10,7.66666666666667,9,4,1,1,12,2187,1283,904,284,489,1698,7.4373388523091,7.87954559625877,6.80973790929203,7.13714788732394,7.53255010224949,7.40991935806832,223
"220",2020,4,8.3,10,8.5,7.5,8,9.5,8,8,2,1,2,8,2197,1291,906,285,491,1706,7.44126539371871,7.8833903950426,6.81126166666666,7.14017543859649,7.54056415478615,7.41268644196952,224
"221",2020,5,8.66666666666667,9,8.83333333333333,8.33333333333333,10,7,8.875,6,3,1,1,8,2206,1297,909,286,492,1714,7.44626476427924,7.88778488820355,6.81628500550055,7.15017482517483,7.53946544715447,7.41951170945157,225
"222",2020,6,7.6,5,8.5,7,7,NA,7.6,2,3,3,0,5,2211,1299,912,289,492,1719,7.44661242424242,7.88872748267898,6.81688933114035,7.14861591695502,7.53946544715447,7.42003668993601,226
"223",2020,7,7.6375,8,9.25,6.025,NA,9.5,7.01666666666667,4,4,0,2,6,2219,1303,916,289,494,1725,7.44730061739522,7.89290636991558,6.81343129912664,7.14861591695502,7.5474028340081,7.41863366376812,227
"224",2020,8,8.44833375,8,8.65523857142857,7,NA,NA,8.44833375,7,1,0,0,8,2227,1310,917,289,494,1733,7.45089660529861,7.89697990076336,6.81363475463468,7.14861591695502,7.5474028340081,7.42338703981535,228
"225",2020,9,8,9,8.42857142857143,6.5,6,9,7.5,7,2,1,3,6,2236,1317,919,290,497,1739,7.45310677101968,7.8998053682612,6.81295219804135,7.14465517241379,7.55617102615694,7.42365137435308,229
"226",2020,10,7,5,8,5.5,7,7.75,4,3,2,1,4,1,2241,1320,921,291,501,1740,7.45209582329317,7.90003308333333,6.81010105320304,7.14415807560137,7.55771856287425,7.42168375862069,230
"227",2020,11,7.99285714285714,14,8.17272727272727,7.33333333333333,8,10,7.83846153846154,11,3,2,1,13,2255,1331,924,293,502,1753,7.45545309977827,7.90228675432006,6.81179985930736,7.15,7.56258366533865,7.4247745236737,231
"228",2020,12,8.15384615384615,13,8.3,7.66666666666667,8,8.75,7.88888888888889,10,3,1,4,9,2268,1341,927,294,506,1762,7.4594562345679,7.90525255033557,6.81456641855447,7.15289115646258,7.57197035573123,7.42714514188422,232
"229",2021,1,8,14,8,8,8,5,8.23076923076923,10,4,1,1,13,2282,1351,931,295,507,1775,7.46277245398773,7.90595386380459,6.81965958109559,7.15576271186441,7.56689743589744,7.43303083943662,233
"230",2021,2,7.1,5,7.83333333333333,6,NA,NA,7.1,3,2,0,0,5,2287,1354,933,295,507,1780,7.46197933537385,7.90579296159527,6.81790254019292,7.15576271186441,7.56689743589744,7.43209535955056,234
"231",2021,3,8.26923076923077,13,9.21428571428571,7.16666666666667,4,NA,8.26923076923077,7,6,1,0,13,2300,1361,939,296,507,1793,7.46654206086957,7.91252290227774,6.82013106496272,7.14510135135135,7.56689743589744,7.43816494143893,235
"232",2021,4,8.25,10,8.8125,6,9,8.83333333333333,8,8,2,1,3,7,2310,1369,941,297,510,1800,7.46993365367965,7.91778208181154,6.81838795961743,7.1513468013468,7.57434705882353,7.44034985555556,236
"233",2021,5,7.14285714285714,7,8.5,6.6,5.5,NA,7.14285714285714,2,5,2,0,7,2317,1371,946,299,510,1807,7.46894550712128,7.91863141502553,6.81723368921776,7.14030100334448,7.57434705882353,7.43919742114001,237
"234",2021,6,8.28571428571429,7,8.33333333333333,8,NA,8.83333333333333,7.875,6,1,0,3,4,2324,1377,947,299,513,1811,7.47140565404475,7.92043839506173,6.81848265047518,7.14030100334448,7.58170955165692,7.44015998895638,238
"235",2021,7,7.79,10,8.7,5.66666666666667,8,8.225,7.5,7,3,1,4,6,2334,1384,950,300,517,1817,7.47277066838046,7.92438126445087,6.8148453368421,7.14316666666667,7.58668665377176,7.44035758943313,239
"236",2021,8,8.165,8,9.31,7.78333333333333,10,9.31,7.78333333333333,2,6,1,2,6,2342,1386,956,301,519,1823,7.47513524338173,7.92638071428571,6.82092371338912,7.15265780730897,7.59332755298651,7.44148641799232,240
"237",2021,9,6.92307692307692,13,8.5,5.57142857142857,NA,7,6.9,6,7,0,3,10,2355,1392,963,301,522,1833,7.47208778768578,7.9288532112069,6.81184119418484,7.15265780730897,7.58991762452107,7.43853231860338,241
"238",2021,10,7.92857142857143,7,8.375,7.33333333333333,9,9.5,7.3,4,3,1,2,5,2362,1396,966,302,524,1838,7.47344061812024,7.93013156876791,6.81346073498965,7.15877483443709,7.59720801526718,7.4381554624592,242
"239",2021,11,8.91666666666667,6,9.375,8,9,8.75,9,4,2,1,2,4,2368,1400,968,303,526,1842,7.47709744087838,7.93425976428571,6.81591226239669,7.16485148514851,7.60159125475285,7.44154709011944,243
"240",2021,12,8.05,10,8.57142857142857,6.83333333333333,7,9,7.94444444444444,7,3,1,1,9,2378,1407,971,304,527,1851,7.47950661900757,7.9374297583511,6.81596608650875,7.16430921052631,7.60424478178368,7.44399229605619,244
"241",2022,1,7.5864,25,8.03882352941176,6.625,7,8.5,7.50695652173913,17,8,3,2,23,2403,1424,979,307,529,1874,7.48061870162297,7.93864021769663,6.81440558733401,7.16270358306189,7.60763137996219,7.44476506937033,245
"242",2022,2,8.8375,8,9.2,8.23333333333333,NA,9.5,8.61666666666667,5,3,0,2,6,2411,1429,982,307,531,1880,7.48512100373289,7.94305365290413,6.81874039714867,7.16270358306189,7.61475894538606,7.44850518085106,246
"243",2022,3,7.46666666666667,12,7.6,7.37142857142857,7,8.3,7.3,5,7,1,2,10,2423,1434,989,308,533,1890,7.48502960792406,7.94185751046025,6.82265224469161,7.16217532467532,7.61733020637899,7.44771943915344,247
"244",2022,4,10,4,10,10,10,10,10,2,2,1,1,3,2427,1436,991,309,534,1893,7.48917459414916,7.94472400417827,6.8290646518668,7.17135922330097,7.62179213483146,7.45176425779187,248
"245",2022,5,6.42857142857143,7,7.75,4.66666666666667,NA,NA,6.42857142857143,4,3,0,0,7,2434,1440,994,309,534,1900,7.48612437962202,7.94418310416667,6.82253829979879,7.17135922330097,7.62179213483146,7.4479946,249
"246",2022,6,6.72222222222222,9,7.75,5.9,7.5,NA,6.72222222222222,4,5,1,0,9,2443,1444,999,310,534,1909,7.48331016782644,7.94364520083102,6.81792099099099,7.17241935483871,7.62179213483146,7.44457293871137,250
"247",2022,7,6.35714285714286,7,7.375,5,NA,NA,6.35714285714286,4,3,0,0,7,2450,1448,1002,310,534,1916,7.48009254693878,7.94207435773481,6.81247811377245,7.17241935483871,7.62179213483146,7.44060007306889,251
"248",2022,8,7.5,4,8.5,6.5,NA,7,7.66666666666667,2,2,0,1,3,2454,1450,1004,310,535,1919,7.48012499592502,7.94284391034483,6.81185564741036,7.17241935483871,7.62062990654206,7.44095348619073,252
"249",2022,9,8.2,5,8,8.33333333333333,NA,NA,8.2,2,3,0,0,5,2459,1452,1007,310,535,1924,7.48158875152501,7.94292263774105,6.81638835153922,7.17241935483871,7.62062990654206,7.44292606029106,253
"250",2022,10,6.69285714285714,14,7.60909090909091,3.33333333333333,NA,6.56666666666667,6.72727272727273,11,3,0,3,11,2473,1463,1010,310,538,1935,7.47712363121715,7.94041262474368,6.80604264356435,7.17241935483871,7.61475278810409,7.43885774677003,254
"251",2022,11,7.77777777777778,9,8.5,7.57142857142857,8,NA,7.77777777777778,2,7,1,0,9,2482,1465,1017,311,538,1944,7.47821383561644,7.9411765665529,6.81131078662733,7.17508038585209,7.61475278810409,7.44042682098766,255
"252",2022,12,8,3,8.5,7,NA,NA,8,2,1,0,0,3,2485,1467,1018,311,538,1947,7.47884375855131,7.94193842535787,6.81149613948919,7.17508038585209,7.61475278810409,7.44128902927581,256
