"","year","month","avg_rating","no_ratings","avg_rating_owned","avg_rating_not_owned","avg_rating_prev_owned","avg_rating_comment","avg_rating_no_comment","no_ratings_owned","no_ratings_not_owned","no_ratings_prev_owned","no_ratings_comment","no_ratings_no_comment","cum_no_ratings","cum_no_ratings_owned","cum_no_ratings_not_owned","cum_no_ratings_prev_owned","cum_no_ratings_comment","cum_no_ratings_no_comment","cum_avg_rating","cum_avg_rating_owned","cum_avg_rating_not_owned","cum_avg_rating_prev_owned","cum_avg_rating_comment","cum_avg_rating_no_comment","month_after_release"
"1",2005,4,6.66666666666667,3,NA,6.66666666666667,NA,7,6,0,3,0,2,1,3,0,3,0,2,1,6.66666666666667,NA,6.66666666666667,NA,7,6,-2
"2",2005,5,5,2,NA,5,NA,NA,5,0,2,0,0,2,5,0,5,0,2,3,6,NA,6,NA,7,5.33333333333333,-1
"3",2005,6,6.7,5,6.66666666666667,6.75,NA,6.375,8,3,2,0,4,1,10,3,7,0,6,4,6.35,6.66666666666667,6.21428571428571,NA,6.58333333333333,6,0
"4",2005,7,7.30769230769231,13,8,6.875,NA,7.25,7.35714285714286,5,8,0,6,7,23,8,15,0,12,11,6.89130434782609,7.5,6.56666666666667,NA,6.91666666666667,6.86363636363636,1
"5",2005,8,6.9875,8,7.725,6.25,9,6.98,7,4,4,1,5,3,31,12,19,1,17,14,6.91612903225806,7.575,6.5,9,6.93529411764706,6.89285714285714,2
"6",2005,9,6.33333333333333,9,6.5,6.2,7,7,6.14285714285714,4,5,1,2,7,40,16,24,2,19,21,6.785,7.30625,6.4375,8,6.9421052631579,6.64285714285714,3
"7",2005,10,7,9,7.4,6.5,6.5,6.66666666666667,7.16666666666667,5,4,2,3,6,49,21,28,4,22,27,6.82448979591837,7.32857142857143,6.44642857142857,7.25,6.90454545454546,6.75925925925926,4
"8",2005,11,6.83333333333333,21,7.29166666666667,6.22222222222222,NA,6.54545454545455,7.15,12,9,0,11,10,70,33,37,4,33,37,6.82714285714286,7.31515151515152,6.39189189189189,7.25,6.78484848484849,6.86486486486486,5
"9",2005,12,7.07142857142857,7,7.58333333333333,4,NA,7.25,7,6,1,0,2,5,77,39,38,4,35,42,6.84935064935065,7.35641025641026,6.32894736842105,7.25,6.81142857142857,6.88095238095238,6
"10",2006,1,6.41666666666667,12,7.875,5.6875,4,4.875,7.1875,4,8,1,4,8,89,43,46,5,39,50,6.79101123595506,7.4046511627907,6.21739130434783,6.6,6.61282051282051,6.93,7
"11",2006,2,7.16666666666667,9,7.64285714285714,5.5,NA,7.3,7,7,2,0,5,4,98,50,48,5,44,54,6.82551020408163,7.438,6.1875,6.6,6.69090909090909,6.93518518518519,8
"12",2006,3,6.64285714285714,7,7.66666666666667,5.875,7,6.125,7.33333333333333,3,4,1,4,3,105,53,52,6,48,57,6.81333333333333,7.45094339622641,6.16346153846154,6.66666666666667,6.64375,6.95614035087719,9
"13",2006,4,6.5,9,7.25,5.9,NA,6.5,6.5,4,5,0,4,5,114,57,57,6,52,62,6.78859649122807,7.43684210526316,6.14035087719298,6.66666666666667,6.63269230769231,6.91935483870968,10
"14",2006,5,7,4,7,7,NA,7,7,3,1,0,2,2,118,60,58,6,54,64,6.79576271186441,7.415,6.1551724137931,6.66666666666667,6.6462962962963,6.921875,11
"15",2006,6,5.375,4,7.25,3.5,NA,4.33333333333333,8.5,2,2,0,3,1,122,62,60,6,57,65,6.74918032786885,7.40967741935484,6.06666666666667,6.66666666666667,6.52456140350877,6.94615384615385,12
"16",2006,7,6.96666666666667,27,7.375,6.37272727272727,NA,7.30666666666667,6.54166666666667,16,11,0,15,12,149,78,71,6,72,77,6.78859060402685,7.4025641025641,6.11408450704225,6.66666666666667,6.6875,6.88311688311688,13
"17",2006,8,6.58,25,7.14285714285714,5.86363636363636,NA,6.34375,7,14,11,0,16,9,174,92,82,6,88,86,6.75862068965517,7.36304347826087,6.08048780487805,6.66666666666667,6.625,6.8953488372093,14
"18",2006,9,7.04545454545455,22,7.35,6.79166666666667,7.83333333333333,6.77777777777778,7.23076923076923,10,12,3,9,13,196,102,94,9,97,99,6.79081632653061,7.36176470588235,6.17127659574468,7.05555555555556,6.63917525773196,6.93939393939394,15
"19",2006,10,6.84,20,7.14285714285714,6.67692307692308,6.5,6.98,6.7,7,13,2,10,10,216,109,107,11,107,109,6.79537037037037,7.34770642201835,6.23271028037383,6.95454545454545,6.67102803738318,6.91743119266055,16
"20",2006,11,6.40740740740741,27,6.70833333333333,6.16666666666667,7,6.13636363636364,6.59375,12,15,2,11,16,243,121,122,13,118,125,6.7522633744856,7.28429752066116,6.22459016393443,6.96153846153846,6.62118644067797,6.876,17
"21",2006,12,6.90625,16,6.9375,6.875,6.5,6.66666666666667,7.05,8,8,3,6,10,259,129,130,16,124,135,6.76177606177606,7.26279069767442,6.26461538461538,6.875,6.62338709677419,6.88888888888889,18
"22",2007,1,6.72307692307692,26,7.10714285714286,6.275,6.33333333333333,6.4375,6.85,14,12,3,8,18,285,143,142,19,132,153,6.75824561403509,7.24755244755245,6.26549295774648,6.78947368421053,6.61212121212121,6.8843137254902,19
"23",2007,2,6.92902941176471,17,7.375,6.53261111111111,7.5,6.64285714285714,7.12935,8,9,1,7,10,302,151,151,20,139,163,6.76785927152318,7.25430463576159,6.28141390728477,6.825,6.6136690647482,6.89934662576687,20
"24",2007,3,5.97727272727273,22,6.9,5.20833333333333,NA,5.65384615384615,6.44444444444444,10,12,0,13,9,324,161,163,20,152,172,6.7141774691358,7.23229813664596,6.20241411042945,6.825,6.53157894736842,6.87554360465116,21
"25",2007,4,6.47368421052632,19,7,6.09090909090909,4.5,6.2,6.57142857142857,8,11,2,5,14,343,169,174,22,157,186,6.7008556851312,7.22130177514793,6.19536494252874,6.61363636363636,6.52101910828025,6.85265322580645,22
"26",2007,5,6.53571428571429,14,7,6.07142857142857,7,5.66666666666667,7.1875,7,7,1,6,8,357,176,181,23,163,194,6.69437955182073,7.2125,6.19057182320442,6.6304347826087,6.48957055214724,6.86646134020619,23
"27",2007,6,6.55714285714286,21,6.92857142857143,6.37142857142857,6.75,6.5,6.58571428571429,7,14,4,7,14,378,183,195,27,170,208,6.68675529100529,7.2016393442623,6.20355641025641,6.64814814814815,6.49,6.84756490384615,24
"28",2007,7,6.516875,16,6.87444444444444,6.05714285714286,6.35,6.00222222222222,7.17857142857143,9,7,4,9,7,394,192,202,31,179,215,6.67985659898477,7.18630208333333,6.19848267326733,6.60967741935484,6.4654748603352,6.85834186046512,25
"29",2007,8,6.41875,16,7.33636363636364,4.4,6,6.2,6.55,11,5,1,6,10,410,203,207,32,185,225,6.66966707317073,7.19443349753695,6.15504106280193,6.590625,6.45686486486487,6.84463777777778,26
"30",2007,9,6.34563157894737,19,6.72,5.92966666666667,NA,6.40957142857143,6.30833333333333,10,9,0,7,12,429,213,216,32,192,237,6.65531585081585,7.17215962441315,6.14565046296296,6.590625,6.455140625,6.81748312236287,27
"31",2007,10,6.58695652173913,23,6.79166666666667,6.36363636363636,6,6.2,6.69444444444444,12,11,3,5,18,452,225,227,35,197,255,6.65183738938053,7.15186666666667,6.15621365638767,6.54,6.44866497461929,6.80879803921569,28
"32",2007,11,6.97916666666667,24,7.16666666666667,6.66666666666667,5,7,6.96153846153846,15,9,1,11,13,476,240,236,36,208,268,6.66834138655462,7.15279166666667,6.17568008474576,6.49722222222222,6.47782211538462,6.81620708955224,29
"33",2007,12,6.32142857142857,28,7,5.64285714285714,6.33333333333333,5.60714285714286,7.03571428571429,14,14,3,14,14,504,254,250,39,222,282,6.64906845238095,7.14437007874016,6.145842,6.48461538461538,6.42291441441442,6.82710460992908,30
"34",2008,1,7.184375,32,7.1,7.34545454545455,7.5,7.28125,7.0875,21,11,4,16,16,536,275,261,43,238,298,6.68102705223881,7.14098181818182,6.19640038314176,6.57906976744186,6.48061764705882,6.8410855704698,31
"35",2008,2,7.0375,16,7.28888888888889,6.71428571428571,8.5,6.83333333333333,7.3,9,7,1,9,7,552,284,268,44,247,305,6.69135960144927,7.14566901408451,6.20992723880597,6.62272727272727,6.49346963562753,6.85161803278689,32
"36",2008,3,7.05625,16,7.6875,6.425,7.7,6.99166666666667,7.25,8,8,2,12,4,568,292,276,46,259,309,6.70163820422535,7.16051369863014,6.21616123188406,6.6695652173913,6.51655212355212,6.85677508090615,33
"37",2008,4,6.21,20,6.8375,5.79166666666667,6.66666666666667,6.51666666666667,5.75,8,12,3,12,8,588,300,288,49,271,317,6.68491581632653,7.1519,6.19847395833333,6.66938775510204,6.51655719557196,6.82884384858044,34
"38",2008,5,6.84,20,6.95454545454545,6.7,6.9,7.11428571428571,6.69230769230769,11,9,2,7,13,608,311,297,51,278,330,6.69001726973684,7.14491961414791,6.21367171717172,6.67843137254902,6.53160791366907,6.82346515151515,35
"39",2008,6,6.40909090909091,11,7,6.1875,6.3,6,6.5625,3,8,5,3,8,619,314,305,56,281,338,6.68502504038772,7.14353503184713,6.21298524590164,6.64464285714286,6.52593238434164,6.81728846153846,36
"40",2008,7,6.26818181818182,22,6.675,6.03571428571429,6.27777777777778,6.03333333333333,6.55,8,14,9,12,10,641,322,319,65,293,348,6.67071840873635,7.13189440993789,6.20520532915361,6.59384615384615,6.50575767918089,6.80960775862069,37
"41",2008,8,6.13888888888889,18,6.77777777777778,5.5,5.5,6.04545454545455,6.28571428571429,9,9,3,11,7,659,331,328,68,304,355,6.65619195751138,7.12226586102719,6.18585518292683,6.54558823529412,6.48910197368421,6.79927746478873,38
"42",2008,9,6.5525,20,6.855,6.25,5.8,6.8125,6.37916666666667,10,10,5,8,12,679,341,338,73,312,367,6.65313770250368,7.11442815249267,6.18775295857988,6.49452054794521,6.49739423076923,6.78554087193461,39
"43",2008,10,6.69117647058824,17,6.55,6.89285714285714,7.75,6.07142857142857,7.125,10,7,3,7,10,696,351,345,76,319,377,6.65406681034483,7.09834757834758,6.20205942028986,6.54407894736842,6.48804702194357,6.7945450928382,40
"44",2008,11,6.8,18,7.4875,6.25,5.75,6.16666666666667,6.92666666666667,8,10,4,3,15,714,359,355,80,322,392,6.65774579831933,7.10701949860724,6.20340985915493,6.504375,6.48505279503106,6.79960076530612,41
"45",2008,12,6.18260869565217,23,6.45384615384615,5.83,5.075,6.47857142857143,5.72222222222222,13,10,4,14,9,737,372,365,84,336,401,6.64291791044776,7.0841935483871,6.1931794520548,6.43630952380952,6.48478273809524,6.77542019950125,42
"46",2009,1,6.12758620689655,29,6.34615384615385,5.95,6.4,6.13636363636364,6.12222222222222,13,16,5,11,18,766,385,381,89,347,419,6.62340796344647,7.05927272727273,6.18296719160105,6.43426966292135,6.47373775216138,6.74735918854415,43
"47",2009,2,6.4,25,6.57692307692308,6.20833333333333,7.5,6.5,6.36842105263158,13,12,3,6,19,791,398,393,92,353,438,6.61634702907712,7.0435175879397,6.1837417302799,6.46902173913043,6.47418413597734,6.73092123287671,44
"48",2009,3,6.04761904761905,21,6.75,5.61538461538461,5,5.375,6.46153846153846,8,13,2,8,13,812,406,406,94,361,451,6.60163854679803,7.03773399014778,6.16554310344828,6.43776595744681,6.44982548476454,6.72315631929047,45
"49",2009,4,6.56,35,7.12307692307692,6.22727272727273,5.94444444444444,6.09166666666667,6.80434782608696,13,22,9,12,23,847,419,428,103,373,474,6.59991794569067,7.04038186157518,6.16871612149533,6.39466019417476,6.43830294906166,6.72709599156118,46
"50",2009,5,6.59375,16,7.5,6.18181818181818,5.75,7,6.5,5,11,4,3,13,863,424,439,107,376,487,6.59980359212051,7.04580188679245,6.1690444191344,6.37056074766355,6.44278457446808,6.72103388090349,47
"51",2009,6,6.63333333333333,24,6.95,6.31666666666667,6,7.33333333333333,6.4,12,12,2,6,18,887,436,451,109,382,505,6.60071082299887,7.04316513761468,6.17297228381375,6.36376146788991,6.4567722513089,6.70959108910891,48
"52",2009,7,6.66071428571429,28,7.375,6.375,5.5,6.5,6.75,8,20,8,10,18,915,444,471,117,392,523,6.60254699453552,7.04914414414414,6.18155095541401,6.30470085470085,6.457875,6.71098183556405,49
"53",2009,8,6.39583333333333,24,7.3125,5.9375,5.91666666666667,4.875,6.7,8,16,6,4,20,939,452,487,123,396,543,6.59726357827476,7.05380530973451,6.17353285420945,6.28577235772358,6.44188636363636,6.7105773480663,50
"54",2009,9,6.2,23,6.63636363636364,5.8,6,6.16666666666667,6.22142857142857,11,12,1,9,14,962,463,499,124,405,557,6.58776559251559,7.04388768898488,6.1645501002004,6.28346774193548,6.43577037037037,6.69828276481149,51
"55",2009,10,6.53703703703704,27,7.29,6.09411764705882,6.16666666666667,6.34,6.65294117647059,10,17,6,10,17,989,473,516,130,415,574,6.58638068756319,7.04909090909091,6.16222965116279,6.27807692307692,6.43346265060241,6.69693989547038,52
"56",2009,11,6.425,32,6.82352941176471,5.97333333333333,5.6,6.4,6.43333333333333,17,15,6,8,24,1021,490,531,136,423,598,6.58132272282076,7.04126530612245,6.15689359698682,6.24816176470588,6.43282978723404,6.68636036789298,53
"57",2009,12,6.37083333333333,24,7.14444444444444,5.90666666666667,5,4.75,6.91111111111111,9,15,2,6,18,1045,499,546,138,429,616,6.57648851674641,7.04312625250501,6.15001923076923,6.23007246376812,6.40929370629371,6.69292775974026,54
"58",2010,1,6.05,24,6.4,5.8,6.5,6.36666666666667,5.94444444444444,10,14,7,6,18,1069,509,560,145,435,634,6.56466838166511,7.03049115913556,6.14126875,6.24310344827586,6.40870574712644,6.67167744479495,55
"59",2010,2,6.71666666666667,18,7.4,5.8625,6.16666666666667,6.9,6.64615384615385,10,8,3,5,13,1087,519,568,148,440,647,6.5671853725851,7.03761078998073,6.13734242957746,6.24155405405405,6.41428863636363,6.67116460587326,56
"60",2010,3,6.96153846153846,13,7.1,6.875,6.33333333333333,6.875,7,5,8,3,4,9,1100,524,576,151,444,656,6.57184590909091,7.03820610687023,6.14758767361111,6.24337748344371,6.41843918918919,6.67567606707317,57
"61",2010,4,7.18181818181818,11,7.625,6,NA,6,7.3,8,3,0,1,10,1111,532,579,151,445,666,6.57788523852385,7.04703007518797,6.14682297063903,6.24337748344371,6.41749887640449,6.6850503003003,58
"62",2010,5,6.02777777777778,18,6.875,5.78571428571429,5.5,5.5,6.36363636363636,4,14,2,7,11,1129,536,593,153,452,677,6.56911470327724,7.04574626865672,6.1382976391231,6.23366013071895,6.40328982300885,6.67982791728213,59
"63",2010,6,6.49333333333333,15,7.57142857142857,5.55,5.56666666666667,6,6.925,7,8,6,7,8,1144,543,601,159,459,685,6.56812106643356,7.05252302025783,6.13046672212978,6.20849056603774,6.3971394335512,6.68269124087591,60
"64",2010,7,5.96538461538462,13,7.31,5.125,4.75,2,6.29583333333333,5,8,4,1,12,1157,548,609,163,460,697,6.56134874675886,7.05487226277372,6.11725862068965,6.17269938650307,6.38758043478261,6.67603084648493,61
"65",2010,8,6.74117647058824,17,7.33,5.9,6.9,6.0125,7.38888888888889,10,7,5,8,9,1174,558,616,168,468,706,6.56395272572402,7.05980286738351,6.11478977272727,6.19434523809524,6.3811688034188,6.68511827195467,62
"66",2010,9,5.46153846153846,13,5.41666666666667,5.5,6.75,4.5,6.0625,6,7,2,5,8,1187,564,623,170,473,714,6.55187910699242,7.04232269503546,6.10788202247191,6.20088235294118,6.36128329809725,6.67814215686274,63
"67",2010,10,6.85217391304348,23,6.60714285714286,7.23333333333333,6.75,6.5,7.00625,14,9,4,7,16,1210,578,632,174,480,730,6.55758719008264,7.03178200692042,6.12390901898734,6.21350574712644,6.36330625,6.68533356164384,64
"68",2010,11,5.88,20,6.75,5.6625,5.4,4.33333333333333,6.54285714285714,4,16,5,6,14,1230,582,648,179,486,744,6.54656951219512,7.02984536082474,6.1125162037037,6.19078212290503,6.33824485596708,6.68265255376344,65
"69",2010,12,6.51666666666667,15,7,6.44230769230769,6,8,6.28846153846154,2,13,1,2,13,1245,584,661,180,488,757,6.54620923694779,7.02974315068493,6.11900226928895,6.18972222222222,6.34505532786885,6.67588309114927,66
"70",2011,1,6.16666666666667,18,6.57777777777778,5.75555555555556,5.33333333333333,6.375,6,9,9,3,8,10,1263,593,670,183,496,767,6.54080007917656,7.02288364249578,6.11412014925373,6.17568306010929,6.34553830645161,6.66707105606258,67
"71",2011,2,6.35789473684211,19,7,6.2375,6.1,6.3,6.39166666666667,3,16,5,7,12,1282,596,686,188,503,779,6.53808931357254,7.02276845637584,6.11699781341108,6.17367021276596,6.34490457256461,6.66282862644416,68
"72",2011,3,5.66666666666667,15,6.83333333333333,5.375,5,5.1,5.95,3,12,6,5,10,1297,599,698,194,508,789,6.52801117964534,7.02181969949917,6.10424140401146,6.13737113402062,6.33265157480315,6.65379404309252,69
"73",2011,4,7.2,5,7.66666666666667,6.5,NA,9,6.75,3,2,0,1,4,1302,602,700,194,509,793,6.53059178187404,7.02503322259136,6.10537214285714,6.13737113402062,6.33789194499017,6.65427931904161,70
"74",2011,5,5.95714285714286,7,6.925,4.66666666666667,5,NA,5.95714285714286,4,3,1,0,7,1309,606,703,195,509,800,6.52752521008403,7.02437293729373,6.09923257467994,6.13153846153846,6.33789194499017,6.648179375,71
"75",2011,6,5.9,7,6.5,5.66,6,5.825,6,2,5,3,4,3,1316,608,708,198,513,803,6.5241873100304,7.02264802631579,6.09613064971751,6.12954545454545,6.33389278752437,6.64575778331258,72
"76",2011,7,5.53125,8,6.33333333333333,5.05,5.875,4.25,5.95833333333333,3,5,2,2,6,1324,611,713,200,515,809,6.51818768882175,7.01926350245499,6.08879453015428,6.127,6.3258,6.64065945611866,73
"77",2011,8,6.74166666666667,12,7.375,6.425,7.8,7.725,6.25,4,8,2,4,8,1336,615,721,202,519,817,6.52019498502994,7.02157723577236,6.09252496532593,6.14356435643564,6.3365838150289,6.63683414932681,74
"78",2011,9,5.80263157894737,19,7.26,5.28214285714286,5.9375,6.13333333333333,5.65,5,14,4,6,13,1355,620,735,206,525,830,6.5101332103321,7.0235,6.07708911564626,6.13956310679612,6.33426095238095,6.62137771084337,75
"79",2011,10,6.73,20,7.37,6.09,5,6.63333333333333,6.74705882352941,10,10,3,3,17,1375,630,745,209,528,847,6.51333127272727,7.029,6.07726241610738,6.12320574162679,6.33596022727273,6.62390023612751,76
"80",2011,11,6.38181818181818,11,6.25,6.45714285714286,6.85,6.14,6.58333333333333,4,7,2,5,6,1386,634,752,211,533,853,6.51228751803752,7.02408517350158,6.08079853723404,6.13009478672986,6.33412195121951,6.62361488862837,77
"81",2011,12,6.06578947368421,19,6.75,5.125,5,5.875,6.15384615384615,11,8,2,6,13,1405,645,760,213,539,866,6.50624946619217,7.01941085271318,6.0707375,6.11948356807512,6.32901113172542,6.6165629330254,78
"82",2012,1,6.11538461538461,13,6.375,5.7,6.25,7.5,5.86363636363636,8,5,2,2,11,1418,653,765,215,541,877,6.50266607898449,7.01151607963247,6.06831437908496,6.1206976744186,6.33334011090573,6.60711915621437,79
"83",2012,2,6.57142857142857,14,7.15714285714286,5.98571428571429,6.16666666666667,6,6.88888888888889,7,7,3,5,9,1432,660,772,218,546,886,6.50333833798883,7.01306060606061,6.06756541450777,6.12133027522936,6.33028754578755,6.60998137697517,80
"84",2012,3,6,8,5.83333333333333,6.5,6.5,5.5,6.07142857142857,6,2,2,1,7,1440,666,774,220,547,893,6.50054201388889,7.00243243243243,6.06868281653746,6.12477272727273,6.32876965265082,6.60575979843225,81
"85",2012,4,6.45454545454545,11,6.5,6.4,6,7,6.14285714285714,6,5,2,4,7,1451,672,779,222,551,900,6.5001933149552,6.99794642857143,6.07080937098844,6.12364864864865,6.33364246823956,6.60215944444444,82
"86",2012,5,6.54545454545455,11,6.36666666666667,6.76,6.93333333333333,6.16666666666667,6.6875,6,5,3,3,8,1462,678,784,225,554,908,6.50053385772914,6.9923598820059,6.07520471938775,6.13444444444444,6.33273826714801,6.60291134361233,83
"87",2012,6,6.36363636363636,11,7.07142857142857,5.125,6.75,4.33333333333333,7.125,7,4,2,3,8,1473,685,788,227,557,916,6.49951154107264,6.99316788321168,6.07038134517766,6.13986784140969,6.32196947935368,6.607471069869,84
"88",2012,7,6.39111111111111,9,7,5.63,NA,9,6.065,5,4,0,1,8,1482,690,792,227,558,924,6.4988532388664,6.99321739130435,6.06815719696969,6.13986784140969,6.3267688172043,6.60277435064935,85
"89",2012,8,6.13636363636364,11,6.1,6.16666666666667,6,6.5,6,5,6,2,3,8,1493,695,798,229,561,932,6.49618251841929,6.98679136690648,6.06889786967418,6.13864628820961,6.32769518716577,6.59760032188841,86
"90",2012,9,8.08333333333333,12,8.14285714285714,8,8,8,8.1,7,5,1,2,10,1505,702,803,230,563,942,6.50883754152824,6.99831908831909,6.08092216687422,6.14673913043478,6.33363587921847,6.61354936305732,87
"91",2012,10,6.11538461538461,13,7,5.95454545454545,5,5.75,6.18181818181818,2,11,3,2,11,1518,704,814,233,565,953,6.50546805006588,6.99832386363636,6.07921437346437,6.13197424892704,6.33156991150442,6.60856610703043,88
"92",2012,11,5.84285714285714,7,6,5.725,NA,5.95,5.8,3,4,0,2,5,1525,707,818,233,567,958,6.50242655737705,6.99408769448373,6.07748227383863,6.13197424892704,6.33022398589065,6.60434603340292,89
"93",2012,12,6.46176470588235,17,6.8,6.225,6.5625,5.75,6.68076923076923,7,10,4,4,13,1542,714,828,237,571,971,6.50197827496758,6.99218487394958,6.07926388888889,6.13924050632911,6.32615936952714,6.60536920700309,90
"94",2013,1,6.52777777777778,9,6.79166666666667,6,NA,7.125,6.35714285714286,6,3,0,2,7,1551,720,831,237,573,978,6.50212798194713,6.99051388888889,6.07897773766546,6.13924050632911,6.32894764397906,6.60359253578732,91
"95",2013,2,6.25,8,7,5.8,5.33333333333333,NA,6.25,3,5,3,0,8,1559,723,836,240,573,986,6.50083418858243,6.99055325034578,6.07730921052631,6.12916666666667,6.32894764397906,6.60072363083164,92
"96",2013,3,6.12,10,6.95714285714286,4.16666666666667,4,4.7,7.54,7,3,1,5,5,1569,730,839,241,578,991,6.49840694710007,6.99023287671233,6.07047735399285,6.12033195020747,6.31485640138408,6.60546266397578,93
"97",2013,4,6.11666666666667,6,6.5,5.35,6,7,5.675,4,2,1,2,4,1575,734,841,242,580,995,6.4969526984127,6.98756130790191,6.06876397146254,6.1198347107438,6.31721896551724,6.60172211055276,94
"98",2013,5,6.31818181818182,11,6.5375,5.73333333333333,NA,6.8,6.21111111111111,8,3,0,2,9,1586,742,844,242,582,1004,6.49571279949559,6.98270889487871,6.06757168246445,6.1198347107438,6.31887800687285,6.59822061752988,95
"99",2013,6,6.3125,8,6.9,5.33333333333333,NA,7.5,5.91666666666667,5,3,0,2,6,1594,747,847,242,584,1010,6.49479328732748,6.98215528781794,6.06497107438016,6.1198347107438,6.32292294520548,6.59417178217822,96
"100",2013,7,6.375,8,6.2,6.66666666666667,8,NA,6.375,5,3,1,0,8,1602,752,850,243,584,1018,6.49419506866417,6.97695478723404,6.06709470588235,6.1275720164609,6.32292294520548,6.59244941060904,97
"101",2013,8,6.5,6,6.16666666666667,6.83333333333333,4,6,6.6,3,3,1,1,5,1608,755,853,244,585,1023,6.49421672885572,6.97373509933775,6.06978956623681,6.11885245901639,6.32237094017094,6.59248631476051,98
"102",2013,9,5.58333333333333,6,7.75,4.5,4.33333333333333,5.5,5.66666666666667,2,4,3,3,3,1614,757,857,247,588,1026,6.49083054522925,6.97578599735799,6.0624626604434,6.09716599190283,6.31817517006803,6.58977923976608,99
"103",2013,10,6.50777777777778,9,7.11666666666667,5.29,5.87,7.5,6.22428571428571,6,3,1,2,7,1623,763,860,248,590,1033,6.49092452248922,6.97689384010485,6.05976802325581,6.09625,6.3221813559322,6.58730251694095,100
"104",2013,11,6.75,8,7,6.6,6.33333333333333,6.5,6.83333333333333,3,5,3,2,6,1631,766,865,251,592,1039,6.49219527896996,6.97698433420366,6.06289075144508,6.09908366533864,6.32278209459459,6.58872329162656,101
"105",2013,12,6.2775,12,6.66666666666667,5.88833333333333,6,5.94333333333333,6.38888888888889,6,6,1,3,9,1643,772,871,252,595,1048,6.49062720632989,6.9745725388601,6.06168828932261,6.09869047619047,6.32086890756302,6.58700715648855,102
"106",2014,1,6.11764705882353,17,5.83333333333333,6.4375,6.5,5.83333333333333,6.17857142857143,9,8,3,3,14,1660,781,879,255,598,1062,6.48680753012048,6.96142125480154,6.06510864618885,6.10341176470588,6.31842307692308,6.58162288135593,103
"107",2014,2,6.32142857142857,7,6.85,6.23333333333333,6.5,6.4,6.30833333333333,1,6,1,1,6,1667,782,885,256,599,1068,6.48611307738452,6.96127877237852,6.06624915254237,6.1049609375,6.3185592654424,6.58008754681648,104
"108",2014,3,6.35,7,5.16666666666667,7.2375,7,5.16666666666667,7.2375,3,4,1,3,4,1674,785,889,257,602,1072,6.48554390681004,6.95442038216561,6.07151912260967,6.10844357976654,6.31281893687708,6.58254057835821,105
"109",2014,4,6.9375,8,7.3,6.33333333333333,7,6,7.07142857142857,5,3,1,1,7,1682,790,892,258,603,1079,6.4876935196195,6.95660759493671,6.07239966367713,6.1118992248062,6.31230016583748,6.58571223354958,106
"110",2014,5,5.8125,8,6.83333333333333,5.2,5.5,7.5,5.25,3,5,2,2,6,1690,793,897,260,605,1085,6.48449733727811,6.95614123581337,6.06753678929766,6.10719230769231,6.31622644628099,6.57832580645161,107
"111",2014,6,7.325,4,7.83333333333333,5.8,NA,NA,7.325,3,1,0,0,4,1694,796,898,260,605,1089,6.48648199527745,6.95944723618091,6.06723886414253,6.10719230769231,6.31622644628099,6.58106841138659,108
"112",2014,7,6.775,4,5,7.36666666666667,7.8,5,7.36666666666667,1,3,1,1,3,1698,797,901,261,606,1092,6.48716166077739,6.9569887076537,6.07156548279689,6.11367816091954,6.31405445544554,6.58322664835165,109
"113",2014,8,5.85714285714286,7,6.8,3.5,1,1,6.66666666666667,5,2,1,1,6,1705,802,903,262,607,1098,6.48457507331378,6.95600997506235,6.06586987818383,6.09416030534351,6.30529983525535,6.58368260473588,110
"114",2014,9,6.33,10,6.26666666666667,6.35714285714286,5.7,5.5,6.68571428571429,3,7,5,3,7,1715,805,910,267,610,1105,6.48367376093295,6.95344099378882,6.06811043956044,6.08677902621723,6.30133934426229,6.58432895927602,111
"115",2014,10,6.475,10,7.4375,5.83333333333333,6,NA,6.475,4,6,1,0,10,1725,809,916,268,610,1115,6.48362347826087,6.95583436341162,6.06657259825327,6.0864552238806,6.30133934426229,6.58334843049327,112
"116",2014,11,6.08333333333333,12,6.8,5.57142857142857,4.66666666666667,5.5,6.2,5,7,3,2,10,1737,814,923,271,612,1125,6.48085808865861,6.95487714987715,6.06281744312026,6.07073800738007,6.29872058823529,6.57994088888889,113
"117",2014,12,6.13333333333333,12,7,5.26666666666667,5.1,6.58571428571429,5.5,6,6,1,7,5,1749,820,929,272,619,1130,6.47847369925672,6.95520731707317,6.05767545748116,6.06716911764706,6.30196607431341,6.57516238938053,114
"118",2015,1,7.22857142857143,7,7.125,7.36666666666667,7.45,6,7.43333333333333,4,3,2,1,6,1756,824,932,274,620,1136,6.48146383826879,6.95603155339806,6.06188894849785,6.07726277372263,6.30147903225806,6.57969498239437,115
"119",2015,2,5.81818181818182,11,6.66666666666667,5.5,4.66666666666667,6,5.8,3,8,3,1,10,1767,827,940,277,621,1146,6.47733474816073,6.95498186215236,6.05710691489361,6.06198555956679,6.30099355877617,6.57289136125654,116
"120",2015,3,6.9375,8,7.1,6.66666666666667,NA,8,6.58333333333333,5,3,0,2,6,1775,832,943,277,623,1152,6.47940873239437,6.95585336538462,6.05904612937433,6.06198555956679,6.30644783306581,6.57294574652778,117
"121",2015,4,7.22285714285714,7,7.712,6,NA,6,7.42666666666667,5,2,0,1,6,1782,837,945,277,624,1158,6.48232912457913,6.96037037037037,6.05892116402116,6.06198555956679,6.30595673076923,6.57736917098446,118
"122",2015,5,7.05769230769231,13,7.67857142857143,6.33333333333333,6.25,7,7.06818181818182,7,6,2,2,11,1795,844,951,279,626,1169,6.48649610027855,6.96632701421801,6.06065247108307,6.06333333333333,6.30817412140575,6.5819875962361,119
"123",2015,6,5.786,10,6.59333333333333,4.575,3,7,5.65111111111111,6,4,1,1,9,1805,850,955,280,627,1178,6.48261523545707,6.96369411764706,6.05442984293193,6.05239285714286,6.30927751196172,6.57487563667233,120
"124",2015,7,5.8,8,6.7,5.5,6,6,5.77142857142857,2,6,1,1,7,1813,852,961,281,628,1185,6.47960314396029,6.96307511737089,6.05096826222684,6.05220640569395,6.30878503184713,6.57012953586498,121
"125",2015,8,6.11571428571429,7,6.66666666666667,5.7025,5,NA,6.11571428571429,3,4,1,0,7,1820,855,965,282,628,1192,6.47820357142857,6.9620350877193,6.04952383419689,6.04847517730496,6.30878503184713,6.56746098993289,122
"126",2015,9,6.83333333333333,6,7,6.66666666666667,4,NA,6.83333333333333,3,3,1,0,6,1826,858,968,283,628,1198,6.47937048192771,6.96216783216783,6.05143646694215,6.04123674911661,6.30878503184713,6.56879257095159,123
"127",2015,10,5.42857142857143,7,6.5,4,6,5.66666666666667,5.25,4,3,1,3,4,1833,862,971,284,631,1202,6.47535761047463,6.96002320185615,6.04509835221421,6.04109154929577,6.30573217115689,6.56440391014975,124
"128",2015,11,6.1875,8,7.25,5.125,6.5,6.5,6.14285714285714,4,4,1,1,7,1841,866,975,285,632,1209,6.47410673546985,6.96136258660508,6.04132358974359,6.04270175438596,6.30603955696202,6.56196319272126,125
"129",2015,12,6.38888888888889,9,6.66666666666667,6.25,5.33333333333333,6.33333333333333,6.41666666666667,3,6,3,3,6,1850,869,981,288,635,1215,6.47369216216216,6.96034522439586,6.0425998980632,6.0353125,6.30616850393701,6.56124567901235,126
"130",2016,1,6.25,8,7.33333333333333,5.6,5,5.375,7.125,3,5,3,4,4,1858,872,986,291,639,1219,6.47272900968784,6.96162844036697,6.04035547667343,6.02463917525773,6.30033959311424,6.56309557013946,127
"131",2016,2,6.40909090909091,11,6.78571428571429,5.75,5,6,6.45,7,4,2,1,10,1869,879,990,293,640,1229,6.47235446762975,6.96022753128555,6.03918232323232,6.01764505119454,6.2998703125,6.5621753458096,128
"132",2016,3,6.72222222222222,9,7,6.375,NA,7,6.6875,5,4,0,1,8,1878,884,994,293,641,1237,6.47355191693291,6.96045248868778,6.04053370221328,6.01764505119454,6.30096255850234,6.56298585286985,129
"133",2016,4,5.8,5,5.75,6,NA,NA,5.8,4,1,0,0,5,1883,888,995,293,641,1242,6.471763409453,6.955,6.04049296482412,6.01764505119454,6.30096255850234,6.55991425120773,130
"134",2016,5,6.35714285714286,7,6.875,5.66666666666667,NA,NA,6.35714285714286,4,3,0,0,7,1890,892,998,293,641,1249,6.47133888888889,6.95464125560538,6.03936923847695,6.01764505119454,6.30096255850234,6.55877782225781,131
"135",2016,6,6.27777777777778,9,6.75,5.9,4.33333333333333,2,6.8125,4,5,3,1,8,1899,896,1003,296,642,1257,6.4704215376514,6.95372767857143,6.03867447657029,6.00057432432432,6.29426323987539,6.56039260143198,132
"136",2016,7,7.33333333333333,3,7,7.5,NA,NA,7.33333333333333,1,2,0,0,3,1902,897,1005,296,642,1260,6.47178259726604,6.95377926421405,6.04158258706468,6.00057432432432,6.29426323987539,6.56223293650794,133
"137",2016,8,6.6,2,7.2,6,NA,7.2,6,1,1,0,1,1,1904,898,1006,296,643,1261,6.47191727941177,6.95405345211582,6.04154125248509,6.00057432432432,6.29567185069984,6.56178707375099,134
"138",2016,9,6.05555555555556,9,6.5,5.92857142857143,5.125,NA,6.05555555555556,2,7,4,0,9,1913,900,1013,300,643,1270,6.46995844223733,6.95304444444445,6.04076061204343,5.9889,6.29567185069984,6.55819960629921,135
"139",2016,10,5.64444444444444,9,5.96666666666667,5,6,7.5,5.11428571428571,6,3,1,2,7,1922,906,1016,301,645,1277,6.46609287200833,6.94651214128035,6.0376875,5.98893687707641,6.29940620155039,6.55028465152702,136
"140",2016,11,6.16666666666667,9,6.41666666666667,5.66666666666667,4,6.5,5.9,6,3,1,4,5,1931,912,1019,302,649,1282,6.46469730709477,6.94302631578948,6.03659519136408,5.98235099337748,6.30064252696456,6.5477484399376,137
"141",2016,12,6.21428571428571,7,7.16666666666667,5.5,4,3,6.75,3,4,1,1,6,1938,915,1023,303,650,1288,6.46379282765738,6.94375956284153,6.03449706744868,5.97580858085808,6.29556461538461,6.54869060559006,138
"142",2017,1,5.28571428571429,7,7,5,3,2,5.83333333333333,1,6,2,1,6,1945,916,1029,305,651,1294,6.4595529562982,6.94382096069869,6.02846501457726,5.95629508196721,6.28896620583717,6.54537364760433,139
"143",2017,2,7.83333333333333,3,7.83333333333333,NA,NA,NA,7.83333333333333,3,0,0,0,3,1948,919,1029,305,651,1297,6.46166863449692,6.9467247007617,6.02846501457726,5.95629508196721,6.28896620583717,6.54835273708558,140
"144",2017,3,7.25,4,8,6.5,NA,NA,7.25,2,2,0,0,4,1952,921,1031,305,651,1301,6.46328406762295,6.94901194353963,6.02937972841901,5.95629508196721,6.28896620583717,6.55050999231361,141
"145",2017,4,7.11111111111111,9,7.83333333333333,5.66666666666667,5.5,5.5,7.57142857142857,6,3,2,2,7,1961,927,1034,307,653,1308,6.46625726670066,6.95473570658037,6.02832736943907,5.95332247557003,6.28654977029097,6.55597362385321,142
"146",2017,5,5.83,10,6.46666666666667,4.875,5,6,5.7875,6,4,1,2,8,1971,933,1038,308,655,1316,6.46302917300863,6.95159699892819,6.02388294797688,5.95022727272727,6.28567480916031,6.55130205167173,143
"147",2017,6,6.125,8,9,5.71428571428571,5.5,4.5,6.66666666666667,1,7,2,2,6,1979,934,1045,310,657,1322,6.46166270843861,6.95379014989294,6.02180909090909,5.94732258064516,6.28023896499239,6.5518256429652,144
"148",2017,7,7.025,4,8,6.7,7,7.1,7,1,3,1,1,3,1983,935,1048,311,658,1325,6.46279904185578,6.95490909090909,6.02375047709924,5.95070739549839,6.28148480243161,6.55284037735849,145
"149",2017,8,6.36363636363636,11,5.66666666666667,6.625,NA,NA,6.36363636363636,3,8,0,0,11,1994,938,1056,311,658,1336,6.46225200601805,6.95078891257996,6.02830539772727,5.95070739549839,6.28148480243161,6.55128255988024,146
"150",2017,9,5.78571428571429,7,6.25,5.6,NA,NA,5.78571428571429,2,5,0,0,7,2001,940,1061,311,658,1343,6.45988530734633,6.94929787234043,6.02628699340245,5.95070739549839,6.28148480243161,6.54729225614296,147
"151",2017,10,6.52857142857143,7,6.9,6.25,5,5.5,6.94,3,4,1,2,5,2008,943,1065,312,660,1348,6.46012475099602,6.94914103923648,6.02712723004695,5.94766025641025,6.27911666666667,6.54874888724036,148
"152",2017,11,7.63636363636364,11,8.57142857142857,6,7,7.75,7.61111111111111,7,4,1,2,9,2019,950,1069,313,662,1357,6.46653318474492,6.96109473684211,6.02702572497661,5.95102236421725,6.28356042296073,6.5557947678703,149
"153",2017,12,7.25,4,7.5,7,NA,7,7.33333333333333,2,2,0,1,3,2023,952,1071,313,663,1360,6.46808230350964,6.9622268907563,6.02884267040149,5.95102236421725,6.28464102564103,6.55750992647059,150
"154",2018,1,6.4,12,6.33333333333333,6.46666666666667,7.33333333333333,6.66666666666667,6.31111111111111,6,6,3,3,9,2035,958,1077,316,666,1369,6.46768083538084,6.95828810020877,6.03128180129991,5.96414556962025,6.28636186186186,6.55589006574142,151
"155",2018,2,7.71428571428571,7,7.66666666666667,8,NA,NA,7.71428571428571,6,1,0,0,7,2042,964,1078,316,666,1376,6.4719542115573,6.96269709543569,6.03310807050093,5.96414556962025,6.28636186186186,6.56178306686047,152
"156",2018,3,5.7,15,7.5,5.25,8,4.66666666666667,5.95833333333333,3,12,1,3,12,2057,967,1090,317,669,1388,6.46632498784638,6.96436401240952,6.02448669724771,5.97056782334385,6.27909865470852,6.5565659221902,153
"157",2018,4,6.66666666666667,6,6.83333333333333,6.5,6.25,6,6.8,3,3,2,1,5,2063,970,1093,319,670,1393,6.46690765874939,6.9639587628866,6.02579185727356,5.9723197492163,6.27868208955224,6.55743969849246,154
"158",2018,5,6.8,5,7.5,4,NA,NA,6.8,4,1,0,0,5,2068,974,1094,319,670,1398,6.46771300773694,6.96616016427105,6.02394012797075,5.9723197492163,6.27868208955224,6.55830722460658,155
"159",2018,6,6.75,2,7,6.5,6.5,7,6.5,1,1,1,1,1,2070,975,1095,320,671,1399,6.46798574879227,6.96619487179487,6.02437488584475,5.97396875,6.27975707898659,6.55826554681916,156
"160",2018,7,6.89,10,7,6.63333333333333,6.75,6,7.1125,7,3,2,2,8,2080,982,1098,322,673,1407,6.47001466346154,6.96643584521385,6.02603870673953,5.97878881987577,6.27892570579495,6.56141684434968,157
"161",2018,8,6.855,12,7.2825,6,6.5,6.33,6.96,8,4,2,2,10,2092,990,1102,324,675,1417,6.47222299235182,6.9689898989899,6.02594419237749,5.9820061728395,6.27907703703704,6.56422971065632,158
"162",2018,9,7.56666666666667,9,7.75,7.2,7.5,7.3,7.64285714285714,6,3,2,2,7,2101,996,1105,326,677,1424,6.47691123274631,6.97369477911647,6.02913167420814,5.9913190184049,6.28209305760709,6.56953195224719,159
"163",2018,10,6.42526315789474,19,6.93428571428571,5,5.75,6.5,6.41647058823529,14,5,4,2,17,2120,1010,1110,330,679,1441,6.4764483490566,6.97314851485149,6.02449594594594,5.98839393939394,6.28273490427099,6.56772623178348,160
"164",2018,11,7.23181818181818,22,7.29473684210526,6.83333333333333,6.5,7.6,7.12352941176471,19,3,1,5,17,2142,1029,1113,331,684,1458,6.48420658263305,6.97908649173956,6.02667610062893,5.98993957703927,6.29236403508772,6.57420679012346,161
"165",2018,12,6.62454545454545,11,7.4,5.97833333333333,6.125,4.835,7.02222222222222,5,6,4,2,9,2153,1034,1119,335,686,1467,6.48492359498375,6.98112185686654,6.02641689008043,5.99155223880597,6.28811516034986,6.57695535105658,162
"166",2019,1,7.32,15,7.61818181818182,6.5,7,7.5,7.30714285714286,11,4,3,1,14,2168,1045,1123,338,687,1481,6.49070133763838,6.98782775119617,6.02810373998219,6.00050295857988,6.28987918486172,6.58385786630655,163
"167",2019,2,6.8,11,7.11428571428571,6.25,NA,6.26666666666667,7,7,4,0,3,8,2179,1052,1127,338,690,1489,6.49226273519963,6.98866920152092,6.02889130434782,6.00050295857988,6.28977826086957,6.58609368703828,164
"168",2019,3,6.43846153846154,13,6.52222222222222,6.25,6.5,7.33333333333333,6.17,9,4,2,3,10,2192,1061,1131,340,693,1499,6.49194365875912,6.98471253534402,6.0296732979664,6.00344117647058,6.29429581529582,6.58331787858573,165
"169",2019,4,6.725,12,7.38571428571429,5.8,5.66666666666667,NA,6.725,7,5,3,0,12,2204,1068,1136,343,693,1511,6.49321256805808,6.98734082397004,6.02866241197183,6.00049562682215,6.29429581529582,6.5844430840503,166
"170",2019,5,6.62222222222222,9,6.93333333333333,6,7,9,6.325,6,3,1,1,8,2213,1074,1139,344,694,1519,6.49373723452327,6.98703910614525,6.02858691834943,6.00340116279069,6.29819452449568,6.58307669519421,167
"171",2019,6,6.60833333333333,12,6.61818181818182,6.5,6.5,6.66666666666667,6.58888888888889,11,1,1,3,9,2225,1085,1140,345,697,1528,6.49435528089888,6.98329953917051,6.02900043859649,6.00484057971014,6.29978048780488,6.58311092931937,168
"172",2019,7,6.53571428571429,14,6.55555555555556,6.5,6.5,NA,6.53571428571429,9,5,2,0,14,2239,1094,1145,347,697,1542,6.49461389012952,6.97978062157221,6.03105720524017,6.00769452449567,6.29978048780488,6.58268060959793,169
"173",2019,8,6.54615384615385,13,6.46363636363636,7,NA,4,6.75833333333333,11,2,0,1,12,2252,1105,1147,347,698,1554,6.49491141207815,6.97464253393665,6.03274673060157,6.00769452449567,6.29648567335244,6.584037001287,170
"174",2019,9,7.5625,8,7.5,8,NA,9,7.35714285714286,7,1,0,1,7,2260,1112,1148,347,699,1561,6.49869048672566,6.97794964028777,6.03446036585366,6.00769452449567,6.30035336194564,6.58750384368994,171
"175",2019,10,6.77857142857143,14,7.29,5.5,5,5,6.91538461538462,10,4,1,1,13,2274,1122,1152,348,700,1574,6.5004135883905,6.98073083778966,6.03260460069444,6.00479885057471,6.29849571428572,6.59021188055909,172
"176",2019,11,6.15384615384615,13,6.14285714285714,6.16666666666667,6.5,6,6.16666666666667,7,6,2,1,12,2287,1129,1158,350,701,1586,6.49844359422825,6.9755358724535,6.03329922279793,6.00762857142857,6.29806990014265,6.58700725094578,173
"177",2019,12,7.09,10,7.42857142857143,6.3,5.5,NA,7.09,7,3,1,0,10,2297,1136,1161,351,701,1596,6.50101893774488,6.97832746478873,6.03398837209302,6.00618233618233,6.29806990014265,6.59015883458647,174
"178",2020,1,6.84615384615385,13,7.4375,5.9,6.16666666666667,NA,6.84615384615385,8,5,3,0,13,2310,1144,1166,354,701,1609,6.50296125541125,6.98153846153846,6.03341380789022,6.00754237288135,6.29806990014265,6.59222715972654,175
"179",2020,2,7.66666666666667,9,7.57142857142857,8,NA,NA,7.66666666666667,7,2,0,0,9,2319,1151,1168,354,701,1618,6.50747757654161,6.98512597741095,6.03678125,6.00754237288135,6.29806990014265,6.59820364647713,176
"180",2020,3,8,4,8,NA,NA,6,8.66666666666667,4,0,0,1,3,2323,1155,1168,354,702,1621,6.51004756780026,6.9886406926407,6.03678125,6.00754237288135,6.2976452991453,6.60203177051203,177
"181",2020,4,6.75,4,9,6,6,NA,6.75,1,3,3,0,4,2327,1156,1171,357,702,1625,6.51046003437903,6.99038062283737,6.03668701964133,6.00747899159663,6.2976452991453,6.602396,178
"182",2020,5,6.25,4,6.66666666666667,5,NA,NA,6.25,3,1,0,0,4,2331,1159,1172,357,702,1629,6.51001308451308,6.9895427092321,6.03580247440273,6.00747899159663,6.2976452991453,6.6015306936771,179
"183",2020,6,6.75,4,7,6.5,7,NA,6.75,2,2,1,0,4,2335,1161,1174,358,702,1633,6.51042419700214,6.98956072351421,6.03659327086882,6.01025139664804,6.2976452991453,6.60189436619718,180
"184",2020,7,6.95,4,6.95,NA,NA,NA,6.95,4,0,0,0,4,2339,1165,1174,358,702,1637,6.51117592988457,6.98942489270387,6.03659327086882,6.01025139664804,6.2976452991453,6.60274496029322,181
"185",2020,8,7.1625,8,7.1625,NA,NA,7,7.325,8,0,0,4,4,2347,1173,1174,358,706,1641,6.51339603749467,6.9906052855925,6.03659327086882,6.01025139664804,6.30162464589235,6.6045054844607,182
"186",2020,9,6.25,8,7.33333333333333,5.6,6,5.5,6.5,3,5,1,2,6,2355,1176,1179,359,708,1647,6.51250127388535,6.99147959183674,6.0347417302799,6.01022284122562,6.29936016949153,6.6041247723133,183
"187",2020,10,6.86363636363636,11,7.2,6.58333333333333,5.5,8,6.75,5,6,3,1,10,2366,1181,1185,362,709,1657,6.51413377007608,6.99236240474175,6.0375194092827,6.00599447513812,6.30175881523272,6.60500512975257,184
"188",2020,11,6.25833333333333,12,6.71428571428571,5.62,5.36666666666667,6,6.31,7,5,3,2,10,2378,1188,1190,365,711,1667,6.5128429352397,6.99072390572391,6.03576512605042,6.00073972602739,6.3009099859353,6.60323545290942,185
"189",2020,12,7,13,7.375,6.4,8,NA,7,8,5,1,0,13,2391,1196,1195,366,711,1680,6.51549163529904,6.99329431438127,6.03728912133891,6.00620218579235,6.3009099859353,6.60630565476191,186
"190",2021,1,5.71777777777778,9,6.192,5.125,4.5,NA,5.71777777777778,5,4,1,0,9,2400,1201,1199,367,711,1689,6.51250020833333,6.98995836802665,6.03424562135113,6.00209809264305,6.3009099859353,6.60157104795737,187
"191",2021,2,6.40909090909091,11,6,7.125,6.76666666666667,NA,6.40909090909091,7,4,3,0,11,2411,1208,1203,370,711,1700,6.51202841144753,6.98422185430464,6.03787240232751,6.00829729729729,6.3009099859353,6.60032558823529,188
"192",2021,3,6.48575,8,7.2,5.29533333333333,4.943,5.962,6.8,5,3,2,3,5,2419,1213,1206,372,714,1705,6.51194150475403,6.98511129431163,6.03602529021559,6.00256989247312,6.29948599439776,6.60091114369501,189
"193",2021,4,6.78571428571429,7,6.91666666666667,6,6,NA,6.78571428571429,6,1,1,0,7,2426,1219,1207,373,714,1712,6.51273145094806,6.98477440525021,6.03599544324772,6.00256300268096,6.29948599439776,6.60166676401869,190
"194",2021,5,6.14285714285714,7,7,6,6.66666666666667,NA,6.14285714285714,1,6,3,0,7,2433,1220,1213,376,714,1719,6.51166728318948,6.9847868852459,6.03581739488871,6.00786170212766,6.29948599439776,6.59979842931937,191
"195",2021,6,7.5,2,7.5,NA,NA,NA,7.5,2,0,0,0,2,2435,1222,1213,376,714,1721,6.51247905544148,6.98563011456629,6.03581739488871,6.00786170212766,6.29948599439776,6.60084456711214,192
"196",2021,7,6.58333333333333,6,7,5.75,6.5,6.5,6.6,4,2,1,1,5,2441,1226,1215,377,715,1726,6.51265321589512,6.98567699836868,6.03534691358025,6.00916710875331,6.29976643356644,6.60084212050985,193
"197",2021,8,6.375,8,6.375,6.375,6.5,6.33333333333333,6.4,4,4,1,3,5,2449,1230,1219,378,718,1731,6.5122035524704,6.98369105691057,6.0364614438064,6.0104656084656,6.29990668523677,6.60026198729058,194
"198",2021,9,5.6875,8,6.33333333333333,5.3,6,4.25,6.16666666666667,3,5,2,2,6,2457,1233,1224,380,720,1737,6.50951831501831,6.98210867802109,6.03345302287582,6.01041052631579,6.2942125,6.59876424870466,195
"199",2021,10,6.2,5,6.5,5,NA,5,6.5,4,1,0,1,4,2462,1237,1225,380,721,1741,6.50888972380179,6.9805497170574,6.0326093877551,6.01041052631579,6.29241747572816,6.59853733486502,196
"200",2021,11,6.53333333333333,9,6.88333333333333,5.83333333333333,5.83333333333333,6,6.6,6,3,3,1,8,2471,1243,1228,383,722,1749,6.50897875354107,6.98008045052293,6.03212255700326,6.00902349869451,6.29201246537396,6.59854402515723,197
"201",2021,12,7.9375,8,8.9,6.33333333333333,NA,7.5,8.2,5,3,0,3,5,2479,1248,1231,383,725,1754,6.51358874546188,6.98777243589744,6.03285662063363,6.00902349869451,6.29701103448276,6.60310917901938,198
"202",2022,1,6.50482380952381,21,7.02152142857143,5.47142857142857,5,8,6.430065,14,7,1,1,20,2500,1262,1238,384,726,1774,6.51351512,6.98814683042789,6.02968214862682,6.00639583333333,6.2993567493113,6.60115828635851,199
"203",2022,2,6.38461538461539,13,6.27272727272727,7,7,5.5,6.54545454545455,11,2,1,2,11,2513,1273,1240,385,728,1785,6.51284830879427,6.98196488609584,6.03124717741936,6.00897662337662,6.29716071428572,6.6008150140056,200
"204",2022,3,6.695,10,6.86,6.53,8,4.75,6.91111111111111,5,5,1,1,9,2523,1278,1245,386,729,1794,6.51357027348395,6.98148771517997,6.03325020080321,6.0141347150259,6.29503840877915,6.60237168338907,201
"205",2022,4,6.375,8,6.6,6,7,6.5,6.33333333333333,5,3,1,2,6,2531,1283,1248,387,731,1800,6.51313227973133,6.9800010132502,6.0331702724359,6.01668217054263,6.29559917920657,6.60147488888889,202
"206",2022,5,7.07142857142857,7,7,7.16666666666667,6,NA,7.07142857142857,4,3,1,0,7,2538,1287,1251,388,731,1807,6.51467210401891,6.98006317016317,6.03588848920863,6.01663917525773,6.29559917920657,6.60329540675152,203
"207",2022,6,6.66666666666667,6,7.33333333333333,6,6,7,6.5,3,3,1,2,4,2544,1290,1254,389,733,1811,6.515030581761,6.98088472868217,6.03580263157895,6.01659640102827,6.29752114597545,6.60306725565986,204
"208",2022,7,6.87142857142857,7,6.775,7,NA,6.2,6.98333333333333,4,3,0,1,6,2551,1294,1257,389,734,1817,6.51600854566836,6.98024829984544,6.03810381861575,6.01659640102827,6.29738828337875,6.60432294991745,205
"209",2022,8,5.8375,8,6.425,5.25,4.5,5,5.95714285714286,4,4,2,1,7,2559,1298,1261,391,735,1824,6.51388737788198,6.97853721109399,6.03560388580492,6.0088388746803,6.2956231292517,6.60183925438597,206
"210",2022,9,5.61666666666667,6,5,5.74,5,6.23333333333333,5,1,5,3,3,3,2565,1299,1266,394,738,1827,6.5117886159844,6.97701408775982,6.03443641390206,6.00115736040609,6.29536991869919,6.59920897646415,207
"211",2022,10,6.125,4,6,6.25,6,NA,6.125,2,2,1,0,4,2569,1301,1268,395,738,1831,6.5111863760218,6.97551214450423,6.03477641955836,6.00115443037974,6.29536991869919,6.59817302020754,208
"212",2022,11,7.16666666666667,9,7.58333333333333,6.33333333333333,6.33333333333333,6.66666666666667,7.41666666666667,6,3,3,3,6,2578,1307,1271,398,741,1837,6.5134747090768,6.97830244835501,6.03548111723053,6.00365829145728,6.29687314439946,6.60084637996734,209
"213",2022,12,6.75,6,7.5,6,6,NA,6.75,3,3,1,0,6,2584,1310,1274,399,741,1843,6.51402391640867,6.97949717557252,6.035397566719,6.00364912280701,6.29687314439946,6.60133195876289,210
