"","year","month","avg_rating","no_ratings","avg_rating_owned","avg_rating_not_owned","avg_rating_prev_owned","avg_rating_comment","avg_rating_no_comment","no_ratings_owned","no_ratings_not_owned","no_ratings_prev_owned","no_ratings_comment","no_ratings_no_comment","cum_no_ratings","cum_no_ratings_owned","cum_no_ratings_not_owned","cum_no_ratings_prev_owned","cum_no_ratings_comment","cum_no_ratings_no_comment","cum_avg_rating","cum_avg_rating_owned","cum_avg_rating_not_owned","cum_avg_rating_prev_owned","cum_avg_rating_comment","cum_avg_rating_no_comment","month_after_release"
"1",2001,6,7,2,9,5,NA,NA,7,1,1,0,0,2,2,1,1,0,0,2,7,9,5,NA,NA,7,0
"2",2001,7,10,1,10,NA,NA,10,NA,1,0,0,1,0,3,2,1,0,1,2,8,9.5,5,NA,10,7,1
"3",2001,8,6.33333333333333,3,NA,6.33333333333333,7,6.5,6,0,3,1,2,1,6,2,4,1,3,3,7.16666666666667,9.5,6,7,7.66666666666667,6.66666666666667,2
"4",2001,9,4,1,NA,4,NA,4,NA,0,1,0,1,0,7,2,5,1,4,3,6.71428571428571,9.5,5.6,7,6.75,6.66666666666667,3
"5",2001,10,5.66666666666667,3,5.5,6,NA,6,5.5,2,1,0,1,2,10,4,6,1,5,5,6.4,7.5,5.66666666666667,7,6.6,6.2,4
"6",2001,11,6,4,6,6,NA,5.5,6.5,1,3,0,2,2,14,5,9,1,7,7,6.28571428571429,7.2,5.77777777777778,7,6.28571428571429,6.28571428571429,5
"7",2001,12,7,2,7,NA,NA,8,6,2,0,0,1,1,16,7,9,1,8,8,6.375,7.14285714285714,5.77777777777778,7,6.5,6.25,6
"8",2002,1,7.66666666666667,3,NA,7.66666666666667,NA,7.5,8,0,3,0,2,1,19,7,12,1,10,9,6.57894736842105,7.14285714285714,6.25,7,6.7,6.44444444444444,7
"9",2002,2,4,1,4,NA,NA,NA,4,1,0,0,0,1,20,8,12,1,10,10,6.45,6.75,6.25,7,6.7,6.2,8
"10",2002,3,6.75,4,6.75,NA,NA,NA,6.75,4,0,0,0,4,24,12,12,1,10,14,6.5,6.75,6.25,7,6.7,6.35714285714286,9
"11",2002,4,7,1,7,NA,NA,NA,7,1,0,0,0,1,25,13,12,1,10,15,6.52,6.76923076923077,6.25,7,6.7,6.4,10
"12",2002,5,6,1,6,NA,NA,6,NA,1,0,0,1,0,26,14,12,1,11,15,6.5,6.71428571428571,6.25,7,6.63636363636364,6.4,11
"13",2002,6,5.33333333333333,3,5.33333333333333,NA,NA,6,5,3,0,0,1,2,29,17,12,1,12,17,6.37931034482759,6.47058823529412,6.25,7,6.58333333333333,6.23529411764706,12
"14",2002,7,7.33333333333333,3,8,6,6,NA,7.33333333333333,2,1,1,0,3,32,19,13,2,12,20,6.46875,6.63157894736842,6.23076923076923,6.5,6.58333333333333,6.4,13
"15",2002,8,7.4,5,7,7.5,NA,6.5,8,1,4,0,2,3,37,20,17,2,14,23,6.59459459459459,6.65,6.52941176470588,6.5,6.57142857142857,6.60869565217391,14
"16",2002,9,7.28571428571429,7,7.2,7.5,NA,7,7.5,5,2,0,3,4,44,25,19,2,17,27,6.70454545454545,6.76,6.63157894736842,6.5,6.64705882352941,6.74074074074074,15
"17",2002,10,6,6,7.75,2.5,NA,6.33333333333333,5.66666666666667,4,2,0,3,3,50,29,21,2,20,30,6.62,6.89655172413793,6.23809523809524,6.5,6.6,6.63333333333333,16
"18",2002,11,7.4,5,8.25,4,NA,9,6.33333333333333,4,1,0,2,3,55,33,22,2,22,33,6.69090909090909,7.06060606060606,6.13636363636364,6.5,6.81818181818182,6.60606060606061,17
"19",2002,12,6.875,8,7.16666666666667,6,NA,7,6.8,6,2,0,3,5,63,39,24,2,25,38,6.71428571428571,7.07692307692308,6.125,6.5,6.84,6.63157894736842,18
"20",2003,1,5.92857142857143,7,5.66666666666667,6.125,NA,5.5,6,3,4,0,1,6,70,42,28,2,26,44,6.63571428571429,6.97619047619048,6.125,6.5,6.78846153846154,6.54545454545455,19
"21",2003,2,5.8,5,5.66666666666667,6,NA,5.5,6,3,2,0,2,3,75,45,30,2,28,47,6.58,6.88888888888889,6.11666666666667,6.5,6.69642857142857,6.51063829787234,20
"22",2003,3,6.4,5,8,5.33333333333333,4,6,6.66666666666667,2,3,1,2,3,80,47,33,3,30,50,6.56875,6.93617021276596,6.04545454545455,5.66666666666667,6.65,6.52,21
"23",2003,4,6,1,6,NA,NA,NA,6,1,0,0,0,1,81,48,33,3,30,51,6.56172839506173,6.91666666666667,6.04545454545455,5.66666666666667,6.65,6.50980392156863,22
"24",2003,5,6.3,10,6.8,5.8,NA,6.16666666666667,6.5,5,5,0,6,4,91,53,38,3,36,55,6.53296703296703,6.90566037735849,6.01315789473684,5.66666666666667,6.56944444444444,6.50909090909091,23
"25",2003,6,6.33333333333333,6,5.75,7.5,NA,5.25,8.5,4,2,0,4,2,97,57,40,3,40,57,6.52061855670103,6.82456140350877,6.0875,5.66666666666667,6.4375,6.57894736842105,24
"26",2003,7,6.43548387096774,31,6.5,6.38888888888889,6.5,6.72222222222222,6.31818181818182,13,18,2,9,22,128,70,58,5,49,79,6.5,6.76428571428571,6.18103448275862,6,6.48979591836735,6.50632911392405,25
"27",2003,8,7.1,10,8.2,6,6,5.33333333333333,7.85714285714286,5,5,1,3,7,138,75,63,6,52,86,6.54347826086957,6.86,6.16666666666667,6,6.42307692307692,6.61627906976744,26
"28",2003,9,6.04545454545455,11,5.9375,6.33333333333333,7,6.5,5.78571428571429,8,3,1,4,7,149,83,66,7,56,93,6.50671140939597,6.7710843373494,6.17424242424242,6.14285714285714,6.42857142857143,6.55376344086022,27
"29",2003,10,7,5,7,7,NA,7.33333333333333,6.5,2,3,0,3,2,154,85,69,7,59,95,6.52272727272727,6.77647058823529,6.21014492753623,6.14285714285714,6.47457627118644,6.55263157894737,28
"30",2003,11,8,1,8,NA,NA,8,NA,1,0,0,1,0,155,86,69,7,60,95,6.53225806451613,6.7906976744186,6.21014492753623,6.14285714285714,6.5,6.55263157894737,29
"31",2003,12,6,5,6.66666666666667,5,NA,NA,6,3,2,0,0,5,160,89,71,7,60,100,6.515625,6.78651685393258,6.17605633802817,6.14285714285714,6.5,6.525,30
"32",2004,1,5.5,4,6,5,NA,5,5.66666666666667,2,2,0,1,3,164,91,73,7,61,103,6.49085365853659,6.76923076923077,6.14383561643836,6.14285714285714,6.47540983606557,6.5,31
"33",2004,2,7,7,6.8,7.5,7,6,7.16666666666667,5,2,1,1,6,171,96,75,8,62,109,6.51169590643275,6.77083333333333,6.18,6.25,6.46774193548387,6.53669724770642,32
"34",2004,3,7.125,8,8.2,5.33333333333333,8,7,7.14285714285714,5,3,1,1,7,179,101,78,9,63,116,6.5391061452514,6.84158415841584,6.1474358974359,6.44444444444444,6.47619047619048,6.57327586206897,33
"35",2004,4,6,8,6.16666666666667,5.5,NA,6.25,5.75,6,2,0,4,4,187,107,80,9,67,120,6.51604278074866,6.80373831775701,6.13125,6.44444444444444,6.46268656716418,6.54583333333333,34
"36",2004,5,6.21428571428571,7,6.25,6,NA,6.83333333333333,5.75,6,1,0,3,4,194,113,81,9,70,124,6.50515463917526,6.77433628318584,6.12962962962963,6.44444444444444,6.47857142857143,6.52016129032258,35
"37",2004,6,6.6875,8,7,6.375,9,6.375,7,4,4,1,4,4,202,117,85,10,74,128,6.51237623762376,6.78205128205128,6.14117647058824,6.7,6.47297297297297,6.53515625,36
"38",2004,7,6,8,5.83333333333333,6.5,NA,6.33333333333333,5,6,2,0,6,2,210,123,87,10,80,130,6.49285714285714,6.73577235772358,6.14942528735632,6.7,6.4625,6.51153846153846,37
"39",2004,8,6.5,5,6.5,NA,NA,7.5,5,5,0,0,3,2,215,128,87,10,83,132,6.49302325581395,6.7265625,6.14942528735632,6.7,6.5,6.48863636363636,38
"40",2004,9,5.5,9,5.25,6,NA,3.5,6.5,6,3,0,3,6,224,134,90,10,86,138,6.453125,6.66044776119403,6.14444444444444,6.7,6.3953488372093,6.48913043478261,39
"41",2004,10,6.55,10,6.55,NA,NA,7.25,5.5,10,0,0,6,4,234,144,90,10,92,142,6.45726495726496,6.65277777777778,6.14444444444444,6.7,6.45108695652174,6.4612676056338,40
"42",2004,11,7,7,7.75,6,6,7,7,4,3,2,3,4,241,148,93,12,95,146,6.47302904564315,6.68243243243243,6.13978494623656,6.58333333333333,6.46842105263158,6.47602739726027,41
"43",2004,12,7.92857142857143,7,8.41666666666667,5,NA,7.92857142857143,NA,6,1,0,7,0,248,154,94,12,102,146,6.51411290322581,6.75,6.12765957446809,6.58333333333333,6.56862745098039,6.47602739726027,42
"44",2005,1,7.09358333333333,12,7.45811111111111,6,7,7.16042857142857,7,9,3,1,7,5,260,163,97,13,109,151,6.54085769230769,6.7890981595092,6.12371134020619,6.61538461538461,6.60663302752294,6.49337748344371,43
"45",2005,2,6,19,6.30769230769231,5.33333333333333,5.5,6.66666666666667,5.69230769230769,13,6,2,6,13,279,176,103,15,115,164,6.50402508960573,6.75353977272727,6.07766990291262,6.46666666666667,6.6097652173913,6.42987804878049,44
"46",2005,3,6.11666666666667,12,6.075,6.1375,7.36666666666667,6.8,5.62857142857143,4,8,3,5,7,291,180,111,18,120,171,6.48805154639175,6.73846111111111,6.08198198198198,6.61666666666667,6.61769166666667,6.39707602339181,45
"47",2005,4,7.5,2,8,7,NA,NA,7.5,1,1,0,0,2,293,181,112,18,120,173,6.4949590443686,6.74543093922652,6.09017857142857,6.61666666666667,6.61769166666667,6.40982658959538,46
"48",2005,5,6.025,8,6.33333333333333,5.84,NA,6.25,5.8,3,5,0,4,4,301,184,117,18,124,177,6.48246843853821,6.73871195652174,6.07948717948718,6.61666666666667,6.60583064516129,6.39604519774011,47
"49",2005,6,5.72222222222222,9,5.4,6.125,6,5.125,6.2,5,4,1,4,5,310,189,121,19,128,182,6.46039677419355,6.7032962962963,6.08099173553719,6.58421052631579,6.5595546875,6.39065934065934,48
"50",2005,7,6.93333333333333,15,7.25,5.66666666666667,NA,7,6.88888888888889,12,3,0,6,9,325,201,124,19,134,191,6.48222461538461,6.73593532338308,6.07096774193548,6.58421052631579,6.57927611940299,6.41413612565445,49
"51",2005,8,6.46666666666667,15,7.22222222222222,5.33333333333333,7,6.57142857142857,6.375,9,6,1,7,8,340,210,130,20,141,199,6.48153823529412,6.75677619047619,6.03692307692308,6.605,6.5788865248227,6.41256281407035,50
"52",2005,9,7,12,7.22222222222222,6.33333333333333,NA,6.83333333333333,7.16666666666667,9,3,0,6,6,352,219,133,20,147,205,6.49921306818182,6.77590410958904,6.04360902255639,6.605,6.58927210884354,6.43463414634146,51
"53",2005,10,5.86363636363636,11,5.91666666666667,5.8,NA,6.08333333333333,5.6,6,5,0,6,5,363,225,138,20,153,210,6.47995316804408,6.75299111111111,6.03478260869565,6.605,6.56943137254902,6.41476190476191,52
"54",2005,11,5.91666666666667,12,6.5,4.75,5,6.4,5.57142857142857,8,4,1,5,7,375,233,142,21,158,217,6.461928,6.74430472103004,5.99859154929578,6.52857142857143,6.56406962025317,6.38755760368664,53
"55",2005,12,7.23333333333333,15,7.64285714285714,6.875,5.5,6.4,7.65,7,8,1,5,10,390,240,150,22,163,227,6.49159743589744,6.7705125,6.04533333333333,6.48181818181818,6.55903680981595,6.4431718061674,54
"56",2006,1,5.5,14,6.1,4,NA,5.55555555555556,5.4,10,4,0,9,5,404,250,154,22,172,232,6.45723514851485,6.743692,5.99220779220779,6.48181818181818,6.50652906976744,6.42068965517241,55
"57",2006,2,6.61764705882353,17,7.31818181818182,5.33333333333333,NA,6.57142857142857,6.65,11,6,0,7,10,421,261,160,22,179,242,6.46371258907363,6.76790421455939,5.9675,6.48181818181818,6.50906703910615,6.4301652892562,56
"58",2006,3,6.79166666666667,12,7.27777777777778,5.33333333333333,5,8,6.55,9,3,1,2,10,433,270,163,23,181,252,6.47280138568129,6.7849,5.9558282208589,6.41739130434783,6.52554143646409,6.43492063492064,57
"59",2006,4,6.83333333333333,9,7.25,6,NA,7.33333333333333,6.58333333333333,6,3,0,3,6,442,276,166,23,184,258,6.48014253393665,6.79501086956522,5.9566265060241,6.41739130434783,6.53871195652174,6.43837209302326,58
"60",2006,5,6.6625,8,7.46,5.33333333333333,NA,5.93333333333333,7.1,5,3,0,3,5,450,281,169,23,187,263,6.48338444444444,6.80684341637011,5.94556213017751,6.41739130434783,6.529,6.45095057034221,59
"61",2006,6,6.76923076923077,13,6.66666666666667,6.85714285714286,NA,7.5,6.63636363636364,6,7,0,2,11,463,287,176,23,189,274,6.49141036717063,6.80391289198606,5.98181818181818,6.41739130434783,6.53927513227513,6.45839416058394,60
"62",2006,7,6.52631578947368,19,7.5,5.44444444444444,5,7,6.25,10,9,1,7,12,482,297,185,24,196,286,6.49278630705394,6.82735016835017,5.95567567567568,6.35833333333333,6.55572959183673,6.44965034965035,61
"63",2006,8,5.7,10,6.14285714285714,4.66666666666667,NA,6,5.5,7,3,0,4,6,492,304,188,24,200,292,6.47667276422764,6.81158881578947,5.93510638297872,6.35833333333333,6.544615,6.43013698630137,62
"64",2006,9,7.11111111111111,9,6.83333333333333,7.66666666666667,9,7.58333333333333,6.16666666666667,6,3,1,6,3,501,310,191,25,206,295,6.48806986027944,6.81200967741936,5.96230366492147,6.464,6.57486893203883,6.42745762711865,63
"65",2006,10,7.2375,8,7.65,6,NA,NA,7.2375,6,2,0,0,8,509,316,193,25,206,303,6.49984872298625,6.82792088607595,5.96269430051813,6.464,6.57486893203883,6.44884488448845,64
"66",2006,11,5.89333333333333,15,6.83333333333333,5.26666666666667,6.25,5.66666666666667,6.04444444444444,6,9,2,6,9,524,322,202,27,212,312,6.48248664122137,6.82802173913044,5.93168316831683,6.44814814814815,6.54916509433962,6.43717948717949,65
"67",2006,12,6.24,25,6.57692307692308,5.875,NA,6.33333333333333,6.21052631578947,13,12,0,6,19,549,335,214,27,218,331,6.47144444444444,6.8182776119403,5.9285046728972,6.44814814814815,6.5432247706422,6.42416918429003,66
"68",2007,1,6.285,30,6.22631578947368,6.38636363636364,5,6.16666666666667,6.36388888888889,19,11,1,12,18,579,354,225,28,230,349,6.46178411053541,6.78650564971752,5.95088888888889,6.39642857142857,6.52357826086957,6.42106017191977,67
"69",2007,2,5.74135470588235,17,5.94444444444444,5.51287875,6,5.41111111111111,6.11287875,9,8,1,9,8,596,363,233,29,239,357,6.44123494966443,6.76562809917356,5.93584991416309,6.38275862068966,6.48168619246862,6.41415414565827,68
"70",2007,3,6.03,20,6,6.06,6.05,7,5.61428571428571,10,10,2,6,14,616,373,243,31,245,371,6.42788316558442,6.74510187667561,5.94095897119342,6.36129032258065,6.49437959183673,6.38397043126685,69
"71",2007,4,6.27272727272727,11,6.3125,6.16666666666667,NA,6.7,5.91666666666667,8,3,0,5,6,627,381,246,31,250,377,6.4251611323764,6.73601837270341,5.94371150406504,6.36129032258065,6.498492,6.37653323607427,70
"72",2007,5,5.8,10,5.66666666666667,6,NA,5.4,6.2,6,4,0,5,5,637,387,250,31,255,382,6.41534698587127,6.71943927648579,5.94461212,6.36129032258065,6.47695294117647,6.37422259162304,71
"73",2007,6,6.57142857142857,7,7,5.5,NA,6,6.8,5,2,0,2,5,644,392,252,31,257,387,6.41704352484472,6.72301785714286,5.94108345238095,6.36129032258065,6.47324124513619,6.37972359173127,72
"74",2007,7,6.59090909090909,11,7,6.1,6.16666666666667,6.125,6.85714285714286,6,5,3,4,7,655,398,257,34,261,394,6.41996340458015,6.72719346733669,5.94417521400778,6.34411764705882,6.46790421455939,6.38820565989848,73
"75",2007,8,6.73214285714286,28,6.71428571428571,6.78571428571429,7,6.91666666666667,6.59375,21,7,1,12,16,683,419,264,35,273,410,6.4327613909224,6.72654653937948,5.96648875,6.36285714285714,6.48763003663004,6.39622690243903,74
"76",2007,9,6.72222222222222,18,6.88888888888889,6.55555555555556,7.5,7.08333333333333,6.54166666666667,9,9,1,6,12,701,428,273,36,279,422,6.44019405135521,6.72996028037383,5.98590853479853,6.39444444444444,6.50044086021505,6.40036263033176,75
"77",2007,10,6.75909090909091,22,7.08333333333333,6.37,6,6.61111111111111,6.86153846153846,12,10,2,9,13,723,440,283,38,288,435,6.44989769017981,6.73959772727273,5.99948067137809,6.37368421052631,6.50389930555556,6.41414489655173,76
"78",2007,11,6.47058823529412,17,6.625,6.1,7,6.66666666666667,6.42857142857143,12,5,2,3,14,740,452,288,40,291,449,6.45037301351351,6.73655530973451,6.00122579861111,6.405,6.50557731958763,6.41459472160357,77
"79",2007,12,7.1125,40,7.2741935483871,6.55555555555556,NA,7.29411764705882,6.97826086956522,31,9,0,17,23,780,483,297,40,308,472,6.48432824358974,6.77106211180124,6.01802367003367,6.405,6.54910064935065,6.44206150423729,78
"80",2008,1,5.671875,32,5.88636363636364,5.2,NA,5.39473684210526,6.07692307692308,22,10,0,19,13,812,505,307,40,327,485,6.4523103817734,6.73252079207921,5.99137794788274,6.405,6.48202752293578,6.4322742886598,79
"81",2008,2,6.15789473684211,19,6.21428571428571,6,NA,6.1,6.375,14,5,0,15,4,831,519,312,40,342,489,6.44557885679904,6.71854142581888,5.99151612179487,6.405,6.46527192982456,6.43180578732107,80
"82",2008,3,6.15789473684211,19,5.9,6.44444444444444,6.5,5.875,6.36363636363636,10,9,2,8,11,850,529,321,42,350,500,6.43914827058824,6.70306805293006,6.00421504672897,6.40952380952381,6.45178,6.43030606,81
"83",2008,4,6.07142857142857,14,6.61111111111111,5.1,NA,6.42857142857143,5.71428571428571,9,5,0,7,7,864,538,326,42,357,507,6.43318984953704,6.70152973977695,5.99034671779141,6.40952380952381,6.45132492997199,6.42042017751479,82
"84",2008,5,5.74285714285714,14,6.04444444444444,5.2,NA,5.3,6.33333333333333,9,5,0,8,6,878,547,331,42,365,513,6.42218226651481,6.69071846435101,5.97840794561934,6.40952380952381,6.4260904109589,6.41940161793373,83
"85",2008,6,6.85294117647059,17,7.54545454545455,5.58333333333333,7,6.1875,7.44444444444444,11,6,1,8,9,895,558,337,43,373,522,6.43036427932961,6.70756810035842,5.97137397626113,6.42325581395349,6.42097319034853,6.43707477011494,84
"86",2008,7,5.94117647058824,17,6.11111111111111,5.75,5.5,5.5,6.125,9,8,4,5,12,912,567,345,47,378,534,6.42124564692982,6.69810052910053,5.96624066666667,6.34468085106383,6.40879100529101,6.43006185393259,85
"87",2008,8,6.23076923076923,26,6.53571428571429,5.875,5.35714285714286,6.08333333333333,6.35714285714286,14,12,7,12,14,938,581,357,54,390,548,6.41596591684435,6.69418760757315,5.9631737535014,6.21666666666667,6.39877692307692,6.42819895985402,86
"88",2008,9,6.61666666666667,15,7.125,6.03571428571429,5.5625,7.54166666666667,6,8,7,4,6,9,953,589,364,58,396,557,6.4191249003148,6.70003904923599,5.96456876373626,6.17155172413793,6.41609343434344,6.42128012567325,87
"89",2008,10,6.54166666666667,12,7.33333333333333,5.75,5.75,6.58333333333333,6.5,6,6,2,6,6,965,595,370,60,402,563,6.4206487357513,6.70642521008403,5.96108927027027,6.1575,6.41858955223881,6.42211905861457,88
"90",2008,11,6.30227272727273,22,6.975,5.125,5.25,5.93888888888889,6.55384615384615,14,8,4,9,13,987,609,378,64,411,576,6.4180101621074,6.71259934318555,5.94339425925926,6.10078125,6.40808515815085,6.42509206597222,89
"91",2008,12,6.37307692307692,26,6.44666666666667,6.27272727272727,6,6.31111111111111,6.40588235294118,15,11,4,9,17,1013,624,389,68,420,593,6.41685689042448,6.70620673076923,5.95270701799486,6.09485294117647,6.40600714285714,6.42454136593592,90
"92",2009,1,6.65,30,7.17647058823529,5.96153846153846,5.9,6.80769230769231,6.52941176470588,17,13,5,13,17,1043,641,402,73,433,610,6.42356282837967,6.71867862714509,5.9529926119403,6.08150684931507,6.41806697459584,6.42746398360656,91
"93",2009,2,6.15,34,6.68235294117647,5.61764705882353,5,6.07692307692308,6.1952380952381,17,17,5,13,21,1077,658,419,78,446,631,6.41492667595172,6.71774012158055,5.93938670644391,6.01217948717949,6.40812331838565,6.41973538827258,92
"94",2009,3,6.07619047619048,21,6.14545454545455,6,6,6.5,5.97647058823529,11,10,2,4,17,1098,669,429,80,450,648,6.4084481147541,6.70833034379671,5.9407996037296,6.011875,6.40894,6.40810652777778,93
"95",2009,4,6.37931034482759,29,6.6875,6,4.33333333333333,6.20769230769231,6.51875,16,13,3,13,16,1127,685,442,83,463,664,6.4076983407276,6.70784379562044,5.9425407918552,5.95120481927711,6.40328941684665,6.41077263554217,94
"96",2009,5,5.67647058823529,17,5.41666666666667,5.81818181818182,6,5,6.15,6,11,2,7,10,1144,691,453,85,470,674,6.39683219405594,6.69663241678727,5.93952103752759,5.95235294117647,6.38238936170213,6.40690360534125,95
"97",2009,6,6.11904761904762,21,6.26923076923077,5.875,5,5.78571428571429,6.28571428571429,13,8,1,7,14,1165,704,461,86,477,688,6.39182491845494,6.68874005681818,5.93840136659436,5.94127906976744,6.37363312368973,6.40443754360465,96
"98",2009,7,5.69047619047619,21,6.30769230769231,4.6875,NA,5.4375,5.84615384615385,13,8,0,8,13,1186,717,469,86,485,701,6.37940643338954,6.68183124128313,5.91706402985075,5.94127906976744,6.35819175257732,6.3940842082739,97
"99",2009,8,6.02055555555556,18,6.05875,5.99,5.66666666666667,5.91666666666667,6.0725,8,10,3,6,12,1204,725,479,89,491,713,6.37404155315615,6.67495586206897,5.91858670146138,5.93202247191011,6.35279633401222,6.3886718513324,98
"100",2009,9,6.15882352941177,17,6.42857142857143,5.97,6.3,5.6,6.39166666666667,7,10,5,5,12,1221,732,489,94,496,725,6.37104506961507,6.67259972677596,5.91963809815951,5.95159574468085,6.34520766129032,6.38872142068966,99
"101",2009,10,6.5,18,6.83333333333333,5.83333333333333,6.5,6.64285714285714,6.40909090909091,12,6,2,7,11,1239,744,495,96,503,736,6.37291850686037,6.67519220430108,5.91859197979798,5.96302083333333,6.34934990059642,6.38902585597826,100
"102",2009,11,6.89473684210526,19,7.1,6.66666666666667,6.5,6.25,7.19230769230769,10,9,4,6,13,1258,754,504,100,509,749,6.38079970588235,6.68082625994695,5.93195045634921,5.9845,6.34817878192534,6.40296799732977,101
"103",2009,12,6.25735294117647,34,6.53409090909091,5.75,6,6.63235294117647,5.88235294117647,22,12,1,17,17,1292,776,516,101,526,766,6.37755110681115,6.6766662371134,5.9277190503876,5.98465346534653,6.35736311787072,6.3914138772846,102
"104",2010,1,6.56666666666667,30,6.59375,6.53571428571429,6.33333333333333,6.66666666666667,6.54166666666667,16,14,3,6,24,1322,792,530,104,532,790,6.38184268532526,6.67499116161616,5.94377930188679,5.99471153846154,6.3608515037594,6.39597851898734,103
"105",2010,2,6,19,6.14285714285714,5.91666666666667,5.625,5.75,6.06666666666667,7,12,4,4,15,1341,799,542,108,536,805,6.37643253542133,6.67032916145182,5.94317902214022,5.98101851851852,6.35629291044776,6.38984227329193,104
"106",2010,3,6.66923076923077,26,7.2,5.66666666666667,5.5,6.57142857142857,6.70526315789474,17,9,4,7,19,1367,816,551,112,543,824,6.38200148500366,6.68136397058824,5.93866248638838,5.96383928571429,6.35906629834254,6.3971153276699,105
"107",2010,4,6.46666666666667,15,7,5,NA,5.83333333333333,6.88888888888889,11,4,0,6,9,1382,827,555,112,549,833,6.38292042691751,6.68560217654172,5.93189735135135,5.96383928571429,6.35332058287796,6.40242860744298,106
"108",2010,5,6.61214285714286,14,6.50875,6.75,7.16666666666667,6.4,6.73,8,6,3,5,9,1396,835,561,115,554,842,6.38521921919771,6.68390778443114,5.94064711229947,5.99521739130435,6.35374187725632,6.40592996437055,107
"109",2010,6,5.88125,16,6.27272727272727,5.02,3,6.5,5.79285714285714,11,5,1,2,14,1412,846,566,116,556,856,6.37950851983003,6.67856146572104,5.93251418727915,5.96939655172414,6.35426798561151,6.39590307242991,108
"110",2010,7,6.34375,16,6.41666666666667,6.3,6.66666666666667,6.375,6.33333333333333,6,10,6,4,12,1428,852,576,122,560,868,6.37910786414566,6.67671713615024,5.93889414930555,6.00368852459016,6.35441607142857,6.39503805299539,109
"111",2010,8,5.92857142857143,21,6.2,5.68181818181818,5.875,6.125,5.88235294117647,10,11,4,4,17,1449,862,587,126,564,885,6.37257835058661,6.671186774942,5.9340767120954,5.99960317460317,6.3527890070922,6.38518986440678,110
"112",2010,9,5.64583333333333,12,5.625,5.65625,6,NA,5.64583333333333,4,8,1,0,12,1461,866,595,127,564,897,6.36660919233402,6.6663545034642,5.93034122689076,5.9996062992126,6.3527890070922,6.37529880713489,111
"113",2010,10,6.27777777777778,18,6.125,6.4,5,6.57142857142857,6.09090909090909,8,10,2,7,11,1479,874,605,129,571,908,6.36552807978364,6.66139931350115,5.93810418181818,5.98410852713178,6.35546935201401,6.37185355726872,112
"114",2010,11,6.625,20,6.78571428571429,6.53846153846154,6.66666666666667,6.64285714285714,6.61538461538461,7,13,3,7,13,1499,881,618,132,578,921,6.36899001334223,6.66238706015891,5.95073305825243,5.99962121212121,6.35894982698962,6.37529102062975,113
"115",2010,12,6.11290322580645,31,6,6.31818181818182,4.83333333333333,6.16666666666667,6.09090909090909,20,11,3,9,22,1530,901,629,135,587,943,6.36380132679739,6.64768368479467,5.95715903020668,5.9737037037037,6.35600170357751,6.36865644750795,114
"116",2011,1,6.86724137931034,29,7.00652173913043,6.33333333333333,6.25,7.3125,6.69761904761905,23,6,4,8,21,1559,924,635,139,595,964,6.37316615137909,6.6566158008658,5.96071343307087,5.98165467625899,6.36886218487395,6.37582264522822,115
"117",2011,2,6.23611111111111,18,6.625,5.45833333333333,5.75,5.55,6.5,12,6,1,5,13,1577,936,641,140,600,977,6.37160179454661,6.65621047008547,5.95601096723869,5.98,6.36203833333333,6.37747495394063,116
"118",2011,3,6.2104347826087,23,6.58,5.73,5,6.2,6.21333333333333,13,10,2,5,18,1600,949,651,142,605,995,6.36928501875,6.6551664910432,5.95253921658986,5.96619718309859,6.36069917355372,6.37450555778894,117
"119",2011,4,6.23636363636364,22,6.83333333333333,4.95714285714286,7.7,6.81428571428571,5.96666666666667,15,7,1,7,15,1622,964,658,143,612,1010,6.36748213933416,6.6579387966805,5.94194989361702,5.97832167832168,6.36588725490196,6.36844854455446,118
"120",2011,5,6.23529411764706,17,6.45454545454545,5.83333333333333,6,6,6.30769230769231,11,6,2,4,13,1639,975,664,145,616,1023,6.36611106162294,6.6556441025641,5.9409684186747,5.97862068965517,6.36351136363636,6.36767647116325,119
"121",2011,6,6.58947368421053,19,6.975,5.92857142857143,6.66666666666667,6.5,6.60625,12,7,3,3,16,1658,987,671,148,619,1039,6.36867070566948,6.65952684903749,5.94083909090909,5.99256756756757,6.36417285945073,6.37135036573628,120
"122",2011,7,6.015625,16,6.46428571428571,5.66666666666667,NA,6.375,5.89583333333333,7,9,0,4,12,1674,994,680,148,623,1051,6.36529631421744,6.65815191146881,5.93721033823529,5.99256756756757,6.36424237560193,6.36592105613701,121
"123",2011,8,6.11363636363636,11,6.65,5.66666666666667,3,5.75,6.32142857142857,5,6,1,4,7,1685,999,686,149,627,1058,6.36365343026706,6.65811111111111,5.93484406705539,5.97248322147651,6.36032376395534,6.36562668241966,122
"124",2011,9,6.82142857142857,14,6.68181818181818,7.33333333333333,6.5,6.375,7,11,3,1,4,10,1699,1010,689,150,631,1068,6.36742556209535,6.65836930693069,5.94093328011611,5.976,6.36041679873217,6.37156650749064,123
"125",2011,10,6.62857142857143,14,6.70909090909091,6.33333333333333,NA,6.83333333333333,6.57272727272727,11,3,0,3,11,1713,1021,692,150,634,1079,6.36955985405721,6.65891576885407,5.94263443641618,5.976,6.36265457413249,6.37361726598702,124
"126",2011,11,5.82272727272727,22,6.71428571428571,5.40666666666667,5.775,5.58571428571429,5.93333333333333,7,15,4,7,15,1735,1028,707,154,641,1094,6.36262595389049,6.65929280155642,5.93126312588402,5.97077922077922,6.35417004680187,6.36758046617916,125
"127",2011,12,6.32222222222222,27,6.61333333333333,5.95833333333333,7,6.28571428571429,6.335,15,12,1,7,20,1762,1043,719,155,648,1114,6.36200682746879,6.65863183125599,5.93171492350487,5.97741935483871,6.35343055555555,6.36699553859964,126
"128",2012,1,6.13059375,32,6.09395,6.19166666666667,6,6.63333333333333,6.01457692307692,20,12,3,6,26,1794,1063,731,158,654,1140,6.35787905797102,6.64800752587018,5.93598225718194,5.97784810126582,6.35599847094801,6.35895792105263,127
"129",2012,2,6.11904761904762,21,6.24666666666667,5.8,4.5,6.95,5.78666666666667,15,6,1,6,15,1815,1078,737,159,660,1155,6.35511571900826,6.64242300556586,5.93487521031208,5.9685534591195,6.36139848484848,6.35152556709957,128
"130",2012,3,6.11538461538461,13,6.4375,5.6,NA,6,6.21428571428571,8,5,0,6,7,1828,1086,742,159,666,1162,6.35341084792123,6.64091344383057,5.93261863881402,5.9685534591195,6.35814264264264,6.35069882099828,129
"131",2012,4,7.04166666666667,12,7.0625,7,7,6.75,7.1875,8,4,2,4,8,1840,1094,746,161,670,1170,6.35789947282609,6.64399634369287,5.93834186327078,5.98136645962733,6.36048208955224,6.35642053846154,130
"132",2012,5,6.30526315789474,19,6.20833333333333,6.47142857142857,5.9,5.96,6.42857142857143,12,7,2,5,14,1859,1106,753,163,675,1184,6.35736150080689,6.63926943942134,5.94329751660027,5.98036809815951,6.35751555555555,6.35727367398649,131
"133",2012,6,6.45,16,6.9,5.7,6.25,6.16666666666667,6.51538461538462,10,6,2,3,13,1875,1116,759,165,678,1197,6.358152016,6.64160573476703,5.94137421607378,5.98363636363636,6.35667109144543,6.35899083542189,132
"134",2012,7,6.98625,8,8,6.378,6.5,6,7.315,3,5,2,2,6,1883,1119,764,167,680,1203,6.36082051513542,6.64524754244862,5.94423171465969,5.98982035928144,6.35562205882353,6.36375896093101,133
"135",2012,8,6.56578947368421,19,6.88333333333333,6.41923076923077,6.71666666666667,6.925,6.47,6,13,6,4,15,1902,1125,777,173,684,1218,6.36286804942166,6.64651733333333,5.95217893178893,6.01502890173411,6.35895175438596,6.36506734811166,134
"136",2012,9,6.38235294117647,17,6.97777777777778,5.7125,2,6.41666666666667,6.36363636363636,9,8,1,6,11,1919,1134,785,174,690,1229,6.36304066180302,6.64914638447972,5.94973634394905,5.99195402298851,6.3594536231884,6.36505454027665,135
"137",2012,10,6.8,15,6.875,6.5,7,7,6.78571428571429,12,3,1,1,14,1934,1146,788,175,691,1243,6.36642969493278,6.65151134380454,5.95183125634518,5.99771428571429,6.36038060781476,6.369792461786,136
"138",2012,11,6.04666666666667,15,6.11111111111111,5.95,6,6.94,5.6,9,6,1,5,10,1949,1155,794,176,696,1253,6.36396871729092,6.64730043290043,5.95181741813602,5.99772727272727,6.36454454022988,6.36364886671987,137
"139",2012,12,6.63461538461539,26,6.78235294117647,6.35555555555556,6.5,6.57142857142857,6.65789473684211,17,9,4,7,19,1975,1172,803,180,703,1272,6.36753166075949,6.64925938566553,5.95634250311333,6.00888888888889,6.36660455192034,6.36804404874214,138
"140",2013,1,6.5025641025641,39,7.14090909090909,5.67647058823529,5,6.71428571428571,6.45625,22,17,6,7,32,2014,1194,820,186,710,1304,6.37014648957299,6.65831825795645,5.95054028048781,5.97634408602151,6.3700323943662,6.37020861196319,139
"141",2013,2,5.90476190476191,21,6.38461538461539,5.125,6,6.22222222222222,5.66666666666667,13,8,4,9,12,2035,1207,828,190,719,1316,6.365343995086,6.65537033968517,5.94256404589372,5.97684210526316,6.36818219749652,6.36379333586626,140
"142",2013,3,5.79545454545455,22,5.78571428571429,5.8125,NA,6,5.75,14,8,0,4,18,2057,1221,836,190,723,1334,6.35924892075839,6.64539885339885,5.9413194138756,5.97684210526316,6.36614522821577,6.35551126686657,141
"143",2013,4,6.37916666666667,24,6.56111111111111,5.83333333333333,5.33333333333333,6.875,6.28,18,6,3,4,20,2081,1239,842,193,727,1354,6.35947863046612,6.64417433414044,5.94054991686461,5.96683937823834,6.36894497936726,6.35439588626292,142
"144",2013,5,6.79411764705882,17,6.70833333333333,7,6.5,6.625,6.84615384615385,12,5,2,4,13,2098,1251,847,195,731,1367,6.36300049094376,6.64478976818545,5.94680404958678,5.97230769230769,6.37034610123119,6.35907244330651,143
"145",2013,6,6.25,14,5.8125,6.83333333333333,NA,6,6.29166666666667,8,6,0,2,12,2112,1259,853,195,733,1379,6.36225143465909,6.63950119142176,5.95303989449004,5.97230769230769,6.36933560709413,6.35848588107324,144
"146",2013,7,6.54375,16,6.72727272727273,6.14,NA,8,6.44666666666667,11,5,0,1,15,2128,1270,858,195,734,1394,6.36361608552632,6.64026141732284,5.95412940559441,5.97230769230769,6.37155722070845,6.35943474175036,145
"147",2013,8,6.59565217391304,23,6.45294117647059,7,7.33333333333333,6.66666666666667,6.585,17,6,3,3,20,2151,1287,864,198,737,1414,6.36609717805672,6.6377871017871,5.96139239583333,5.99292929292929,6.37275848032564,6.3626251980198,146
"148",2013,9,6.63888888888889,18,6.55,6.75,6.25,7.3,6.38461538461539,10,8,2,5,13,2169,1297,872,200,742,1427,6.36836100968188,6.63711025443331,5.96862732798165,5.9955,6.37900673854447,6.36282552908199,147
"149",2013,10,5.79473684210526,19,6.25833333333333,5,5.2,6.01428571428571,5.66666666666667,12,7,5,7,12,2188,1309,879,205,749,1439,6.36337981261426,6.63363789152025,5.96091357224118,5.97609756097561,6.37559813084112,6.35702017373176,148
"150",2013,11,6.58333333333333,27,6.8125,6.25,4,7.1,6.46590909090909,16,11,1,5,22,2215,1325,890,206,754,1461,6.36606096162528,6.63579773584906,5.9644865505618,5.96650485436893,6.38040185676392,6.35865984257358,149
"151",2013,12,5.95454545454545,33,6.5,5.21428571428571,3.75,5.875,5.98,19,14,4,8,25,2248,1344,904,210,762,1486,6.36002003113879,6.63387797619048,5.9528683960177,5.92428571428572,6.37509580052493,6.35228938761777,150
"152",2014,1,6.5,43,6.74074074074074,6.09375,6.33333333333333,6.11111111111111,6.60294117647059,27,16,3,9,34,2291,1371,920,213,771,1520,6.36264732867743,6.63598249452954,5.95531851086957,5.93004694835681,6.37201426718547,6.35789607236842,151
"153",2014,2,6.375,28,6.76666666666667,5.92307692307692,5.75,5.4,6.58695652173913,15,13,4,5,23,2319,1386,933,217,776,1543,6.36279647692971,6.63739682539683,5.95486927116827,5.92672811059908,6.36575128865979,6.3613104536617,152
"154",2014,3,6.65,30,7.13157894736842,5.81818181818182,6.2,8.375,6.38461538461539,19,11,5,4,26,2349,1405,944,222,780,1569,6.3664644657301,6.64407971530249,5.95327651483051,5.93288288288288,6.37605512820513,6.36169664117272,153
"155",2014,4,6.51434782608696,23,6.37333333333333,6.77875,6,5.5,6.61095238095238,15,8,1,2,21,2372,1420,952,223,782,1590,6.36789841062395,6.64121971830986,5.96021326680672,5.93318385650224,6.37381457800511,6.36498869811321,154
"156",2014,5,6.20588235294118,17,6.22727272727273,6.16666666666667,6,6,6.23333333333333,11,6,1,2,15,2389,1431,958,224,784,1605,6.36674551276685,6.63803773584906,5.96150629436326,5.93348214285714,6.37286096938775,6.3637582741433,155
"157",2014,6,6.52,25,6.69444444444444,6.07142857142857,5.33333333333333,6.2,6.6,18,7,3,5,20,2414,1449,965,227,789,1625,6.36833265534383,6.63873844030366,5.96230365803109,5.92555066079295,6.37176552598225,6.36666586461539,156
"158",2014,7,6.47666666666667,30,6.715,6,6.625,6,6.55,20,10,4,4,26,2444,1469,975,231,793,1651,6.36966245090016,6.63977671885637,5.96269028717949,5.93766233766234,6.36989029003783,6.36955301635373,157
"159",2014,8,6.17391304347826,23,6.33333333333333,5.875,7,5.25,6.36842105263158,15,8,3,4,19,2467,1484,983,234,797,1670,6.36783746655857,6.63667924528302,5.96197663275687,5.95128205128205,6.36426976160602,6.36954013772455,158
"160",2014,9,6.3125,16,6.36363636363636,6.2,7,6.83333333333333,6,11,5,1,6,10,2483,1495,988,235,803,1680,6.36748088199758,6.63467023411371,5.96318120445344,5.95574468085106,6.36777459526775,6.36734049404762,159
"161",2014,10,5.84375,16,6.15,5.33333333333333,6,4.33333333333333,6.19230769230769,10,6,5,3,13,2499,1505,994,240,806,1693,6.36412766306523,6.63144983388704,5.95937930583501,5.95666666666667,6.36020223325062,6.3659964737153,160
"162",2014,11,6.36363636363636,22,6.95454545454545,5.77272727272727,6.5,6.375,6.36111111111111,11,11,1,4,18,2521,1516,1005,241,810,1711,6.36412337564459,6.63379419525066,5.95733634825871,5.95892116182573,6.36027530864197,6.36594507890123,161
"163",2014,12,6.41551724137931,29,7.059375,5.62307692307692,5.94285714285714,6.35,6.43260869565217,16,13,7,6,23,2550,1532,1018,248,816,1734,6.36470785490196,6.63823890339426,5.95306780943026,5.95846774193548,6.36019975490196,6.36682931372549,162
"164",2015,1,6.41818181818182,33,6.68695652173913,5.8,7,6.625,6.38965517241379,23,10,2,4,29,2583,1555,1028,250,820,1763,6.3653910298103,6.63895948553055,5.9515788229572,5.9668,6.36149146341463,6.36720478162224,163
"165",2015,2,6.54761904761905,42,6.56666666666667,6.5,5.66666666666667,6.9,6.5,30,12,3,5,37,2625,1585,1040,253,825,1800,6.36830667809524,6.63759116719243,5.95790675961538,5.96324110671937,6.36475515151515,6.36993446111111,164
"166",2015,3,5.90384615384615,26,6.34375,5.2,5.5,5.5,5.97727272727273,16,10,4,4,22,2651,1601,1050,257,829,1822,6.36375142587703,6.6346545908807,5.9506886,5.95603112840467,6.36058262967431,6.36519321075741,165
"167",2015,4,6.03703703703704,27,6.28125,5.68181818181818,6.5,5.3,6.20454545454545,16,11,3,5,22,2678,1617,1061,260,834,1844,6.36045744212099,6.63115769944342,5.94790106503299,5.96230769230769,6.3542242206235,6.36327658893709,166
"168",2015,5,6.55769230769231,26,6.83333333333333,5.4,2,6.375,6.59090909090909,21,5,1,4,22,2704,1638,1066,261,838,1866,6.36235393121302,6.6337496947497,5.94533117260788,5.94712643678161,6.35432338902148,6.36596035905681,167
"169",2015,6,6.468,25,6.64210526315789,5.91666666666667,5.5,6.5,6.46521739130435,19,6,1,2,23,2729,1657,1072,262,840,1889,6.36332174056431,6.63384550392275,5.9451707369403,5.94541984732824,6.35467023809524,6.36716888830069,168
"170",2015,7,6.38333333333333,30,6.80555555555556,5.75,6.16666666666667,6.78571428571429,6.26086956521739,18,12,3,7,23,2759,1675,1084,265,847,1912,6.3635393367162,6.63569074626866,5.94301017527675,5.94792452830189,6.35823258559622,6.36589018305439,169
"171",2015,8,6.16206896551724,29,6.34375,5.93846153846154,5,6.33333333333333,6.14230769230769,16,13,3,3,26,2788,1691,1097,268,850,1938,6.36144369799139,6.63292844470728,5.94295627164995,5.93731343283582,6.35814470588235,6.36289062435501,170
"172",2015,9,6.94705882352941,34,7.15555555555556,6.14285714285714,7,5.66666666666667,7.07096774193548,27,7,3,3,31,2822,1718,1104,271,853,1969,6.36849930191354,6.64114202561118,5.94422375905797,5.94907749077491,6.35571277842907,6.3740386135094,171
"173",2015,10,6.42962962962963,27,6.8,6.08571428571429,6.12857142857143,6.15,6.50952380952381,13,14,7,6,21,2849,1731,1118,278,859,1990,6.36907863460863,6.64233506643559,5.94599555456172,5.95359712230216,6.35427590221187,6.37546835678392,172
"174",2015,11,6.51153846153846,26,6.78235294117647,6,6.5,6.25,6.55909090909091,17,9,2,4,22,2875,1748,1127,280,863,2012,6.37036696695652,6.64369679633867,5.94642682342502,5.9575,6.35379258400927,6.37747615805169,173
"175",2015,12,6.4375,44,6.87,5.86842105263158,5.625,6.375,6.45138888888889,25,19,8,8,36,2919,1773,1146,288,871,2048,6.37137890715999,6.64688776085731,5.94513353403141,5.94826388888889,6.35398737083812,6.37877540527344,174
"176",2016,1,6.34981481481482,54,6.77342105263158,5.34375,5,7.21428571428571,6.22106382978723,38,16,2,7,47,2973,1811,1162,290,878,2095,6.37098722838883,6.64954279403644,5.93685286574871,5.94172413793104,6.36084624145786,6.37523724582339,175
"177",2016,2,6.20357142857143,28,6.27142857142857,6,6,7.25,6.02916666666667,21,7,3,4,24,3001,1832,1169,293,882,2119,6.36942520159947,6.64520851528384,5.93723099230111,5.94232081911263,6.36487868480726,6.37131761680038,176
"178",2016,3,6.75862068965517,29,7.22222222222222,6,6.16666666666667,6.2,6.875,18,11,6,5,24,3030,1850,1180,299,887,2143,6.37315017491749,6.6508227027027,5.93781612711864,5.94682274247492,6.36394926719278,6.37695848343444,177
"179",2016,4,6.57407407407407,27,6.91666666666667,5.88888888888889,5.8125,6.21428571428571,6.7,18,9,4,7,20,3057,1868,1189,303,894,2163,6.37492477265293,6.65338436830835,5.93744577796468,5.9450495049505,6.3627774049217,6.37994546000925,178
"180",2016,5,6.70588235294118,34,7.08333333333333,5.8,5.66666666666667,6.92857142857143,6.64814814814815,24,10,3,7,27,3091,1892,1199,306,901,2190,6.37856519896474,6.65883826638478,5.936299441201,5.94232026143791,6.36717314095449,6.38325206849315,179
"181",2016,6,6.36428571428571,35,6.65217391304348,5.8125,5.5,6.625,6.28703703703704,23,12,2,8,27,3126,1915,1211,308,909,2217,6.37840531989763,6.65875822454308,5.93507269199009,5.93944805194805,6.36944224422442,6.3820803022102,180
"182",2016,7,6.28302325581395,43,6.62785714285714,5.63933333333333,4,6.5,6.24083333333333,28,15,1,7,36,3169,1943,1226,309,916,2253,6.37711108551593,6.65831291816778,5.93145434747145,5.9331715210356,6.37043995633188,6.37982335996449,181
"183",2016,8,6.56153846153846,39,6.60967741935484,6.375,6.5,6.14285714285714,6.653125,31,8,2,7,32,3208,1974,1234,311,923,2285,6.37935318890274,6.65754913880446,5.93432984602917,5.93681672025724,6.36871397616468,6.38365077899344,182
"184",2016,9,6.18888888888889,36,6.43461538461538,5.55,5.16666666666667,6.42857142857143,6.13103448275862,26,10,3,7,29,3244,2000,1244,314,930,2314,6.37723952836005,6.654651,5.9312403778135,5.92945859872612,6.36916451612903,6.38048488764045,183
"185",2016,10,6.30714285714286,35,6.48684210526316,6.09375,6.25,6.41666666666667,6.28448275862069,19,16,4,6,29,3279,2019,1260,318,936,2343,6.37649131747484,6.65307181773155,5.93330399206349,5.93349056603774,6.36946901709402,6.37929664105847,184
"186",2016,11,7.01428571428571,35,7.10869565217391,6.83333333333333,7.5,6.75,7.06896551724138,23,12,2,6,29,3314,2042,1272,320,942,2372,6.38322722691611,6.65820372184133,5.94179483490566,5.94328125,6.37189278131635,6.38772851180439,185
"187",2016,12,6.4046511627907,43,6.808,5.84444444444444,5.9625,6.4,6.40571428571429,25,18,8,8,35,3357,2067,1290,328,950,2407,6.38350164730414,6.66001548137397,5.94043645736434,5.94375,6.37212947368421,6.3879900415455,186
"188",2017,1,6.21111111111111,54,6.54285714285714,5.6,6.25,7.41666666666667,6.06041666666667,35,19,8,6,48,3411,2102,1309,336,956,2455,6.380772509528,6.65806470028544,5.93549505729565,5.95104166666667,6.37868514644351,6.38158534826884,187
"189",2017,2,6.38235294117647,34,6.86363636363636,5.5,4.5,5.5,6.5,22,12,4,4,30,3445,2124,1321,340,960,2485,6.38078810740203,6.66019397363465,5.93153900832702,5.9339705882353,6.37502395833333,6.38301490140845,188
"190",2017,3,6.43157894736842,38,6.74583333333333,5.89285714285714,5.8,7.5,6.34,24,14,5,3,35,3483,2148,1335,345,963,2520,6.38134224231984,6.66115083798883,5.93113335580524,5.93202898550725,6.37852855659398,6.38241747222222,189
"191",2017,4,7.01428571428571,28,7.37,6.125,5.66666666666667,7.25,6.95,20,8,3,6,22,3511,2168,1343,348,969,2542,6.38638992594703,6.66769003690037,5.932288183172,5.92974137931035,6.38392466460268,6.38732967348545,190
"192",2017,5,6.58518518518519,27,6.73888888888889,6.27777777777778,5.9,8.25,6.452,18,9,5,2,25,3538,2186,1352,353,971,2567,6.38790701808932,6.66827630375114,5.93458803994083,5.92932011331445,6.38776828012358,6.38795949746786,191
"193",2017,6,6.33548387096774,31,7.17647058823529,5.31428571428571,5.4,6.04444444444444,6.45454545454545,17,14,5,9,22,3569,2203,1366,358,980,2589,6.38745167553937,6.67219791193827,5.92823062225476,5.92192737430168,6.38461530612245,6.38852531093086,192
"194",2017,7,6.6202380952381,42,6.72931034482759,6.37692307692308,6.75,6.91666666666667,6.57083333333333,29,13,4,6,36,3611,2232,1379,362,986,2625,6.39015924397674,6.67293996415771,5.93246050036258,5.9310773480663,6.38785294117647,6.3910255352381,193
"195",2017,8,6.74255319148936,47,6.97,6.34117647058823,5.125,6.83333333333333,6.72926829268293,30,17,4,6,41,3658,2262,1396,366,992,2666,6.39468699562603,6.67687975243148,5.93743770057307,5.92226775956284,6.39054737903226,6.39622731807952,194
"196",2017,9,7,28,7.14285714285714,6.57142857142857,6.375,7.25,6.93181818181818,21,7,4,6,22,3686,2283,1403,370,998,2688,6.39928514107434,6.68116600963644,5.9406008766928,5.92716216216217,6.39571442885771,6.40061087425596,195
"197",2017,10,6.4916,50,6.66611111111111,6.04285714285714,5.44285714285714,6.8225,6.42857142857143,36,14,7,8,42,3736,2319,1417,377,1006,2730,6.40052061830835,6.68093229840448,5.94161117148906,5.91816976127321,6.3991083499006,6.40104103663004,196
"198",2017,11,6.43260869565217,46,6.74285714285714,5.95,5.6,6,6.4975,28,18,5,6,40,3782,2347,1435,382,1012,2770,6.40091090163935,6.68167106945036,5.94171639721254,5.9140052356021,6.39674209486166,6.40243394584838,197
"199",2017,12,6.65098039215686,51,6.9,6.15294117647059,7.66666666666667,7.1,6.60217391304348,34,17,3,5,46,3833,2381,1452,385,1017,2816,6.40423820245239,6.68478874422511,5.94418941460055,5.92766233766234,6.40019960668633,6.40569674360796,198
"200",2018,1,6.54081632653061,49,6.75,6.06666666666667,6.4,5.5,6.775,34,15,5,9,40,3882,2415,1467,390,1026,2856,6.40596214064915,6.68570683229814,5.94544173824131,5.93371794871795,6.39230311890838,6.41086905812325,199
"201",2018,2,6.41,35,6.68125,5.81818181818182,5.5,5.85714285714286,6.54821428571429,24,11,2,7,28,3917,2439,1478,392,1033,2884,6.40599822057697,6.68566297662977,5.94449460757781,5.93150510204082,6.38867666989351,6.41220250693482,200
"202",2018,3,6.18823529411765,34,6.99411764705882,5.38235294117647,5.25,5.85,6.29230769230769,17,17,6,8,26,3951,2456,1495,398,1041,2910,6.40412427992913,6.6877980456026,5.93810236120401,5.9212311557789,6.38453698366955,6.41113128178694,201
"203",2018,4,6.57685613636364,44,7.19932111111111,5.58823529411765,5.66666666666667,5.3325,6.77333342105263,27,17,3,6,38,3995,2483,1512,401,1047,2948,6.40602670838548,6.69336031816351,5.93416867063492,5.91932668329177,6.37850811843362,6.41580010176391,202
"204",2018,5,6.44527777777778,36,6.58826086956522,6.19230769230769,6,6.625,6.4228125,23,13,2,4,32,4031,2506,1525,403,1051,2980,6.40637725130241,6.69239571827613,5.9363692,5.9197270471464,6.37944624167459,6.41587540268457,203
"205",2018,6,6.75351861111111,36,7.42507952380952,5.81333333333333,5,5.2625,7.17952392857143,21,15,4,8,28,4067,2527,1540,407,1059,3008,6.40945005409393,6.69848450336367,5.9351707987013,5.91068796068796,6.37100849858357,6.4229838331117,204
"206",2018,7,6.54814814814815,27,7.3,5.45454545454545,6.25,NA,6.54814814814815,16,11,4,0,27,4094,2543,1551,411,1059,3035,6.4103647703957,6.70226910735352,5.93176210831722,5.9139902676399,6.37100849858357,6.42409732125206,205
"207",2018,8,6.83188391304348,23,7.008333125,6.42857142857143,NA,7.75,6.63859631578947,16,7,0,4,19,4117,2559,1558,411,1063,3054,6.41271962594122,6.70418275498241,5.93399424261874,5.9139902676399,6.37619755409219,6.42543179436804,206
"208",2018,9,6.76551724137931,29,7.3,5.75,6.5,7.64,6.58333333333333,19,10,3,5,24,4146,2578,1568,414,1068,3078,6.41518733719248,6.70857396043444,5.93282080994898,5.91823671497585,6.38211423220974,6.42666299545159,207
"209",2018,10,6.84583333333333,24,7.01578947368421,6.2,NA,8.075,6.6,19,5,0,4,20,4170,2597,1573,414,1072,3098,6.41766587529976,6.71082159029649,5.93367007628735,5.91823671497585,6.38843097014925,6.42778202065849,208
"210",2018,11,6.58047619047619,42,6.66086956521739,6.48315789473684,6.625,6.25,6.61526315789474,23,19,4,4,38,4212,2620,1592,418,1076,3136,6.41928933998101,6.71038308015267,5.9402280339196,5.925,6.38791635687732,6.43005379464286,209
"211",2018,12,6.43045454545455,44,6.57826086956522,6.26857142857143,5.23,6.55454545454545,6.38909090909091,23,21,5,11,33,4256,2643,1613,423,1087,3169,6.41940476973684,6.70923332198259,5.9445028084315,5.91678486997636,6.38960257589696,6.42962723256548,210
"212",2019,1,6.64046907407407,54,6.98552128205128,5.74333333333333,5.16666666666667,6.31171428571429,6.68943255319149,39,15,6,7,47,4310,2682,1628,429,1094,3216,6.4221744849188,6.71325093214019,5.94264928132678,5.90629370629371,6.3891042047532,6.43342413868159,211
"213",2019,2,6.53225806451613,31,6.60526315789474,6.41666666666667,7,7.08333333333333,6.4,19,12,3,6,25,4341,2701,1640,432,1100,3241,6.42296061506566,6.7124912995187,5.94611770121951,5.91388888888889,6.39289090909091,6.43316631595187,212
"214",2019,3,6.521875,32,6.78571428571429,6.01818181818182,7,7.41666666666667,6.31538461538462,21,11,2,6,26,4373,2722,1651,434,1106,3267,6.42368443402699,6.71305620867009,5.94659783767414,5.91889400921659,6.39844484629295,6.43222896541169,213
"215",2019,4,6.57692307692308,26,6.92307692307692,6.23076923076923,6,7.16666666666667,6.4,13,13,4,6,20,4399,2735,1664,438,1112,3287,6.42459014094113,6.71405447897623,5.94881792668269,5.91963470319635,6.40258992805755,6.43203286583511,214
"216",2019,5,6.38095238095238,21,6.57142857142857,6,3.5,5.25,6.5,14,7,2,2,19,4420,2749,1671,440,1114,3306,6.4243828122172,6.71332811931611,5.94903233393178,5.90863636363637,6.40052064631957,6.4324234815487,215
"217",2019,6,6.05,26,6.57647058823529,5.05555555555556,5.75,6,6.05909090909091,17,9,4,4,22,4446,2766,1680,444,1118,3328,6.42219343904634,6.71248698481562,5.94424585119048,5.90720720720721,6.39908765652952,6.42995553786058,216
"218",2019,7,6.52291666666667,24,6.73947368421053,5.7,6.5,7.33333333333333,6.40714285714286,19,5,1,3,21,4470,2785,1685,445,1121,3349,6.42273423489933,6.7126710951526,5.94352108605341,5.9085393258427,6.40158786797502,6.42981249029561,217
"219",2019,8,6.20177766666667,30,6.71682523809524,5,3.75,4.5,6.39086407407407,21,9,2,3,27,4500,2806,1694,447,1124,3376,6.42126119111111,6.71270218460442,5.93850828217237,5.89888143176734,6.39651245551601,6.42950099526066,218
"220",2019,9,6.72105263157895,19,6.98125,5.33333333333333,NA,7.25,6.58,16,3,0,4,15,4519,2822,1697,447,1128,3391,6.42252165523346,6.71422478029766,5.93743843842074,5.89888143176734,6.3995390070922,6.43016672368033,219
"221",2019,10,6.39285714285714,35,6.29464285714286,6.78571428571429,6,6.3,6.40833333333333,28,7,1,5,30,4554,2850,1704,448,1133,3421,6.42229366710584,6.71010257192982,5.94092313967136,5.89910714285715,6.39909973521624,6.42997525869629,220
"222",2019,11,6.03823529411765,34,6.51428571428571,5.26923076923077,6.25,6.47142857142857,5.92592592592593,21,13,2,7,27,4588,2871,1717,450,1140,3448,6.41944755013078,6.70867026471612,5.93583752475248,5.90066666666667,6.39954385964912,6.42602823665893,221
"223",2019,12,6.54150943396226,53,6.73888888888889,6.12352941176471,5,7.16666666666667,6.46170212765957,36,17,6,6,47,4641,2907,1734,456,1146,3495,6.42084149105796,6.70904448916408,5.93767764129181,5.88881578947369,6.40356020942408,6.4265079713877,222
"224",2020,1,6.76428571428571,63,7.05,6.15,7,6.5,6.80833333333333,43,20,1,9,54,4704,2950,1754,457,1155,3549,6.42544119047619,6.71401434915254,5.94009864880274,5.89124726477024,6.40431168831169,6.43231765567766,223
"225",2020,2,6.75971428571429,35,7.14714285714286,6.17857142857143,5.5,7.35714285714286,6.61035714285714,21,14,3,7,28,4739,2971,1768,460,1162,3577,6.42790997256806,6.71707584315045,5.94198700791855,5.88869565217392,6.41005163511188,6.4337113111546,224
"226",2020,3,6.53333333333333,33,6.52608695652174,6.55,4.5,6.22857142857143,6.61538461538461,23,10,2,7,26,4772,2994,1778,462,1169,3603,6.4286390108969,6.71560866065464,5.94540665354331,5.88268398268398,6.40896492728828,6.43502230363586,225
"227",2020,4,7.01565217391304,46,6.96,7.14285714285714,5.25,8.0875,6.79,32,14,4,8,38,4818,3026,1792,466,1177,3641,6.43424353673724,6.71819310310641,5.95476173549107,5.87725321888412,6.4203738317757,6.43872709695139,226
"228",2020,5,6.34944444444444,36,6.4872,6.03636363636364,5.5,6.49,6.29538461538462,25,11,2,10,26,4854,3051,1803,468,1187,3667,6.43361461887104,6.71630033759423,5.95525958402662,5.87564102564103,6.42096040438079,6.43771076083993,227
"229",2020,6,6.76290322580645,31,6.81190476190476,6.66,5.66666666666667,6.42857142857143,6.86041666666667,21,10,3,7,24,4885,3072,1813,471,1194,3691,6.43570427021495,6.71695388346354,5.95914673469388,5.87430997876858,6.42100502512563,6.44045932267678,228
"230",2020,7,6.72333333333333,30,6.9,6.2375,7.75,6.5,6.73103448275862,22,8,2,1,29,4915,3094,1821,473,1195,3720,6.43745989013225,6.71825543956044,5.96036959362987,5.88224101479916,6.42107112970711,6.44272455913979,229
"231",2020,8,6.53214285714286,28,6.96,6.03846153846154,4.33333333333333,8.5,6.38076923076923,15,13,3,2,26,4943,3109,1834,476,1197,3746,6.43799622901073,6.71942178513991,5.96092313522356,5.87247899159664,6.42454469507101,6.44229454351308,230
"232",2020,9,6.640625,32,7.11764705882353,6.1,5.9,6.75,6.625,17,15,5,4,28,4975,3126,1849,481,1201,3774,6.43929956984925,6.72158743761996,5.96205139534884,5.87276507276508,6.42562864279767,6.44365006889242,231
"233",2020,10,5.98076923076923,26,6.05882352941176,5.83333333333333,5.58333333333333,6,5.97916666666667,17,9,6,2,24,5001,3143,1858,487,1203,3798,6.43691568886223,6.71800265033407,5.96142789558665,5.86919917864477,6.42492103075644,6.44071494470774,232
"234",2020,11,6.44314285714286,35,6.7404,5.7,6,7.5,6.37909090909091,25,10,3,2,33,5036,3168,1868,490,1205,3831,6.43695896743448,6.71817939709596,5.96002838865096,5.87,6.42670539419087,6.44018411902898,233
"235",2020,12,6.9354,50,7.01142857142857,6.83863636363636,2.75,8.63333333333333,6.82702127659574,28,22,1,3,47,5086,3196,1890,491,1208,3878,6.44185909555643,6.7207485387985,5.97025557142857,5.86364562118126,6.43218543046357,6.44487244971635,234
"236",2021,1,6.78111117647059,51,6.87639648648649,6.52928571428571,NA,8.35714285714286,6.53037886363636,37,14,0,7,44,5137,3233,1904,491,1215,3922,6.44522718123419,6.72252984843798,5.97436608718488,5.86364562118126,6.44327572016461,6.44583172616013,235
"237",2021,2,6.58590909090909,44,6.62193548387097,6.5,5.66666666666667,5.5,6.6945,31,13,3,4,40,5181,3264,1917,494,1219,3962,6.44642193205945,6.72157444852941,5.97793063641106,5.86244939271255,6.44018047579983,6.44834225896012,236
"238",2021,3,6.31,40,6.2875,6.4,4.85,7.33333333333333,6.12941176470588,32,8,2,6,34,5221,3296,1925,496,1225,3996,6.4453767534955,6.71736013349514,5.97968469090909,5.85836693548387,6.44455510204081,6.44562863613614,237
"239",2021,4,6.98529411764706,34,7.08333333333333,6.75,6.75,7.2,6.92962962962963,24,10,2,7,27,5255,3320,1935,498,1232,4023,6.4488700342531,6.72000572289156,5.98366564857881,5.86194779116466,6.4488474025974,6.44887696495153,238
"240",2021,5,7.1112,25,7.08052631578947,7.20833333333333,8,7.125,7.10857142857143,19,6,1,4,21,5280,3339,1941,499,1236,4044,6.45200606628788,6.72205720275531,5.98745132921175,5.86623246492986,6.4510355987055,6.45230267804155,239
"241",2021,6,6.6,29,6.9625,6.15384615384615,6,6.3,6.6625,16,13,3,5,24,5309,3355,1954,502,1241,4068,6.45281447165192,6.72320387481371,5.98855835721597,5.86703187250996,6.45042707493956,6.45354278023599,240
"242",2021,7,7.032,25,7.48181818181818,6.67857142857143,6.83333333333333,7.16666666666667,7.01363636363636,11,14,3,3,22,5334,3366,1968,505,1244,4090,6.45552906449194,6.72568300653595,5.99346698678862,5.87277227722772,6.45215434083601,6.45655550855746,241
"243",2021,8,6.12590485714286,35,6.22527791666667,5.90909090909091,5,4.5,6.22444454545455,24,11,2,2,33,5369,3390,1979,507,1246,4123,6.45338027565655,6.72214031563422,5.99299799393633,5.86932938856016,6.44902086677367,6.45469772010672,242
"244",2021,9,6.82954545454545,22,7.30357142857143,6,5,6.83333333333333,6.82894736842105,14,8,1,3,19,5391,3404,1987,508,1249,4142,6.45491535893156,6.72453163043478,5.99302618520383,5.86761811023622,6.44994395516413,6.45641446161275,243
"245",2021,10,6.61103448275862,29,6.90111111111111,6.13636363636364,NA,8.07333333333333,6.44230769230769,18,11,0,3,26,5420,3422,1998,508,1252,4168,6.45575068265683,6.72546045295149,5.99381533033033,5.86761811023622,6.45383386581469,6.45632646353167,244
"246",2021,11,6.0075,40,6.36785714285714,5.16666666666667,5,5.75,6.071875,28,12,3,8,32,5460,3450,2010,511,1260,4200,6.4524667948718,6.72255816521739,5.98887712935324,5.86252446183953,6.44936507936508,6.45339730952381,245
"247",2021,12,6.41,42,6.38923076923077,6.44375,5.5,6.82,6.35459459459459,26,16,6,5,37,5502,3476,2026,517,1265,4237,6.45214262086515,6.72006492232451,5.99246941263574,5.85831721470019,6.45083003952569,6.45253450554638,246
"248",2022,1,6.42761909090909,77,6.54248069767442,6.28235294117647,5.65714285714286,6.5,6.42365301369863,43,34,7,4,73,5579,3519,2060,524,1269,4310,6.45180415307403,6.71789495311168,5.99725389805825,5.85562977099237,6.45098502758077,6.45204532946636,247
"249",2022,2,6.88175,40,6.86185185185185,6.92307692307692,6.5,6.714,6.90571428571429,27,13,2,5,35,5619,3546,2073,526,1274,4345,6.4548648104645,6.71899107163,6.00305983116257,5.85807984790875,6.45201726844584,6.45569973993096,248
"250",2022,3,6.81280487804878,41,6.81693548387097,6.8,7,7.33333333333333,6.72357142857143,31,10,3,6,35,5660,3577,2083,529,1280,4380,6.45745766254417,6.71983990494828,6.00688575612098,5.86455576559546,6.4561484375,6.45784026712329,249
"251",2022,4,6.35,27,6.69,5.37857142857143,4.7,8,6.06304347826087,20,7,2,4,23,5687,3597,2090,531,1284,4403,6.45694748901003,6.71967398943564,6.00478135406699,5.86016949152543,6.46095794392523,6.45577796275267,250
"252",2022,5,6.88064516129032,31,7.10454545454545,6.33333333333333,6.5,6.65,6.936,22,9,2,6,25,5718,3619,2099,533,1290,4428,6.45924455578874,6.72201363360044,6.00619010481182,5.8625703564728,6.46183720930232,6.45848924345077,251
"253",2022,6,6.38632352941177,34,6.67229166666667,5.7,5,6,6.43783333333333,24,10,3,4,30,5752,3643,2109,536,1294,4458,6.45881352051461,6.72168606642876,6.00473827880512,5.85774253731343,6.46040958268933,6.45835024001795,252
"254",2022,7,6.56433333333333,30,6.92523809523809,5.72222222222222,5.16666666666667,6.4,6.5972,21,9,3,5,25,5782,3664,2118,539,1299,4483,6.45936101176064,6.72285271288209,6.00353778564684,5.85389610389611,6.46017705927636,6.45912455275485,253
"255",2022,8,6.42666666666667,30,6.7,5.88,4.75,5.71428571428571,6.64347826086957,20,10,2,7,23,5812,3684,2128,541,1306,4506,6.45919225223676,6.72272864820847,6.00295725093985,5.84981515711645,6.45617917304747,6.46006555037728,254
"256",2022,9,6.06,25,6.23333333333333,5.8,5.5,5.66666666666667,6.18421052631579,15,10,6,6,19,5837,3699,2138,547,1312,4525,6.45748250299812,6.7207440767775,6.00200796538822,5.84597806215722,6.45256859756097,6.4589072640884,255
"257",2022,10,6.59230769230769,26,6.78333333333333,6.33181818181818,6,7.28,6.42857142857143,15,11,1,5,21,5863,3714,2149,548,1317,4546,6.45808039740748,6.72099686052773,6.00369615169847,5.84625912408759,6.4557099468489,6.45876712934448,256
"258",2022,11,6.81538461538462,39,6.80740740740741,6.83333333333333,6.5,7.175,6.77428571428571,27,12,2,4,35,5902,3741,2161,550,1321,4581,6.46044143849543,6.72162051323175,6.00830311429894,5.84863636363637,6.45788796366389,6.46117777122899,257
"259",2022,12,6.60135135135135,37,6.60576923076923,6.59090909090909,5.75,5.66666666666667,6.68382352941176,26,11,4,3,34,5939,3767,2172,554,1324,4615,6.46131930796431,6.72082090257499,6.01125369705341,5.84792418772563,6.45609516616314,6.46281806500542,258
