"","year","month","avg_rating","no_ratings","avg_rating_owned","avg_rating_not_owned","avg_rating_prev_owned","avg_rating_comment","avg_rating_no_comment","no_ratings_owned","no_ratings_not_owned","no_ratings_prev_owned","no_ratings_comment","no_ratings_no_comment","cum_no_ratings","cum_no_ratings_owned","cum_no_ratings_not_owned","cum_no_ratings_prev_owned","cum_no_ratings_comment","cum_no_ratings_no_comment","cum_avg_rating","cum_avg_rating_owned","cum_avg_rating_not_owned","cum_avg_rating_prev_owned","cum_avg_rating_comment","cum_avg_rating_no_comment","month_after_release"
"1",2005,7,7,2,9,5,NA,9,5,1,1,0,1,1,2,1,1,0,1,1,7,9,5,NA,9,5,-3
"2",2005,8,5.5,2,NA,5.5,5,6,5,0,2,1,1,1,4,1,3,1,2,2,6.25,9,5.33333333333333,5,7.5,5,-2
"3",2005,9,5,2,NA,5,6,6,4,0,2,1,1,1,6,1,5,2,3,3,5.83333333333333,9,5.2,5.5,7,4.66666666666667,-1
"4",2005,10,6.2,5,7,5.66666666666667,7,7,5.66666666666667,2,3,1,2,3,11,3,8,3,5,6,6,7.66666666666667,5.375,6,7,5.16666666666667,0
"5",2005,11,6.69333333333333,15,7.66666666666667,6.04444444444444,6,6.71111111111111,6.66666666666667,6,9,2,9,6,26,9,17,5,14,12,6.4,7.66666666666667,5.72941176470588,6,6.81428571428571,5.91666666666667,1
"6",2005,12,6.70588235294118,17,6.75,6.66666666666667,7,7.75,6.38461538461539,8,9,1,4,13,43,17,26,6,18,25,6.52093023255814,7.23529411764706,6.05384615384615,6.16666666666667,7.02222222222222,6.16,2
"7",2006,1,6.57894736842105,19,8,5.75,7,6.53846153846154,6.66666666666667,7,12,1,13,6,62,24,38,7,31,31,6.53870967741935,7.45833333333333,5.95789473684211,6.28571428571429,6.81935483870968,6.25806451612903,3
"8",2006,2,7.10714285714286,14,7.78571428571429,6.42857142857143,6.5,7.21428571428571,7,7,7,1,7,7,76,31,45,8,38,38,6.64342105263158,7.53225806451613,6.03111111111111,6.3125,6.89210526315789,6.39473684210526,4
"9",2006,3,6.75,16,7.78571428571429,5.94444444444444,6,6.83333333333333,6.64285714285714,7,9,2,9,7,92,38,54,10,47,45,6.66195652173913,7.57894736842105,6.01666666666667,6.25,6.88085106382979,6.43333333333333,5
"10",2006,4,7.36363636363636,11,8.4,6.5,5.5,7.5,7.2,5,6,2,6,5,103,43,60,12,53,50,6.73689320388349,7.67441860465116,6.065,6.125,6.95094339622641,6.51,6
"11",2006,5,7.31818181818182,11,8.08333333333333,6.4,7,8,6.92857142857143,6,5,1,4,7,114,49,65,13,57,57,6.79298245614035,7.72448979591837,6.09076923076923,6.19230769230769,7.02456140350877,6.56140350877193,7
"12",2006,6,6.97692307692308,13,7.6,6.25,6,7.12,6.5,7,6,1,10,3,127,56,71,14,67,60,6.81181102362205,7.70892857142857,6.10422535211268,6.17857142857143,7.03880597014925,6.55833333333333,8
"13",2006,7,7.04117647058824,17,7.9625,6.22222222222222,NA,6.92,7.21428571428571,8,9,0,10,7,144,64,80,14,77,67,6.83888888888889,7.740625,6.1175,6.17857142857143,7.02337662337662,6.62686567164179,9
"14",2006,8,6.57692307692308,13,6.875,6.44444444444444,9,5.875,6.88888888888889,4,9,1,4,9,157,68,89,15,81,76,6.8171974522293,7.68970588235294,6.15056179775281,6.36666666666667,6.96666666666667,6.65789473684211,10
"15",2006,9,7.46315789473684,19,8.33,6.5,8,6.53333333333333,8.3,10,9,2,9,10,176,78,98,17,90,86,6.88693181818182,7.77179487179487,6.18265306122449,6.55882352941176,6.92333333333333,6.84883720930233,11
"16",2006,10,7.03333333333333,15,8,6.79166666666667,8,7.5625,6.42857142857143,3,12,1,8,7,191,81,110,18,98,93,6.89842931937173,7.78024691358025,6.24909090909091,6.63888888888889,6.97551020408163,6.81720430107527,12
"17",2006,11,7.41111111111111,18,7.4,7.425,7.3,7.48333333333333,7.375,10,8,3,6,12,209,91,118,21,104,105,6.94258373205742,7.73846153846154,6.32881355932203,6.73333333333333,7.00480769230769,6.88095238095238,13
"18",2006,12,6.44444444444444,27,7.29166666666667,5.76666666666667,6,7,5.92857142857143,12,15,3,13,14,236,103,133,24,117,119,6.88559322033898,7.68640776699029,6.26541353383459,6.64166666666667,7.0042735042735,6.76890756302521,14
"19",2007,1,6.90909090909091,22,7.38461538461539,6.22222222222222,7,6.66666666666667,7.07692307692308,13,9,1,9,13,258,116,142,25,126,132,6.88759689922481,7.65258620689655,6.26267605633803,6.656,6.98015873015873,6.79924242424242,15
"20",2007,2,6.38761714285714,14,6.7,6.21407111111111,NA,5.4,6.93629333333333,5,9,0,5,9,272,121,151,25,131,141,6.86186264705882,7.61322314049587,6.25977907284768,6.656,6.91984732824427,6.80799035460993,16
"21",2007,3,7.01875,16,7.55555555555556,6.32857142857143,7,7.275,6.93333333333333,9,7,1,4,12,288,130,158,26,135,153,6.87057861111111,7.60923076923077,6.26282683544304,6.66923076923077,6.93037037037037,6.81782117647059,17
"22",2007,4,6.95833333333333,12,8.3,6,7,6.625,7.125,5,7,2,4,8,300,135,165,28,139,161,6.8740888,7.63481481481481,6.25167660606061,6.69285714285714,6.92158273381295,6.83308472049689,18
"23",2007,5,6.82941176470588,17,8.16666666666667,6.1,7,6.66666666666667,6.91818181818182,6,11,1,6,11,317,141,176,29,145,172,6.87169287066246,7.65744680851064,6.24219681818182,6.70344827586207,6.91103448275862,6.83852697674418,19
"24",2007,6,6.59523809523809,21,8,4.72222222222222,5,6.55555555555556,6.625,12,9,2,9,12,338,153,185,31,154,184,6.85451668639053,7.68431372549019,6.16825210810811,6.59354838709677,6.89025974025974,6.82460130434783,20
"25",2007,7,6.62666666666667,15,7.33333333333333,6.45,6,7.5,6.49230769230769,3,12,2,2,13,353,156,197,33,156,197,6.84483467422096,7.6775641025641,6.18541441624366,6.55757575757576,6.89807692307692,6.80267329949239,21
"26",2007,8,6.8,25,7.65,6.23333333333333,7,5.94444444444444,7.28125,10,15,1,9,16,378,166,212,34,165,213,6.84186941798942,7.67590361445783,6.18880490566038,6.57058823529412,6.84606060606061,6.83862272300469,22
"27",2007,9,6.788,25,7.93636363636364,5.88571428571429,NA,7.4,6.55,11,14,0,7,18,403,177,226,34,172,231,6.8385276426799,7.69209039548022,6.17002938053097,6.57058823529412,6.86860465116279,6.81613264069264,23
"28",2007,10,6.87837837837838,37,7.63888888888889,6.15789473684211,7.25,7.45454545454545,6.63461538461539,18,19,4,11,26,440,195,245,38,183,257,6.84187872727273,7.68717948717949,6.16908832653061,6.64210526315789,6.90382513661202,6.79776902723735,24
"29",2007,11,6.8671875,32,7.328125,6.40625,7,6.81818181818182,6.89285714285714,16,16,3,11,21,472,211,261,41,194,278,6.84359457627119,7.65995260663507,6.18362697318008,6.66829268292683,6.89896907216495,6.80495194244604,25
"30",2007,12,6.70689655172414,29,8,5.5,5.5,6.875,6.58823529411765,14,15,2,12,17,501,225,276,43,206,295,6.83568191616766,7.68111111111111,6.14647333333333,6.61395348837209,6.89757281553398,6.79246318644068,26
"31",2008,1,7.07307692307692,39,7.61136363636364,6.37647058823529,7.13333333333333,6.89411764705882,7.21136363636364,22,17,3,17,22,540,247,293,46,223,317,6.85282711111111,7.6748987854251,6.15981788395904,6.64782608695652,6.89730941704036,6.82153514195583,27
"32",2008,2,6.42592592592593,27,7.4375,6,6.75,5.71428571428571,6.675,8,19,2,7,20,567,255,312,48,230,337,6.83249848324515,7.66745098039216,6.15008538461539,6.65208333333333,6.86130434782609,6.81283869436202,28
"33",2008,3,6.63478260869565,23,7.3,6.12307692307692,5.83333333333333,6.3,6.78125,10,13,3,7,16,590,265,325,51,237,353,6.82479091525424,7.65358490566038,6.14900504615385,6.60392156862745,6.84472573839662,6.8114069121813,29
"34",2008,4,6.63,25,7.92857142857143,6.125,6.5,7.1,6.5125,7,18,3,5,20,615,272,343,54,242,373,6.81687258536585,7.66066176470588,6.14774530612245,6.59814814814815,6.85,6.79537973190348,30
"35",2008,5,6.37115384615385,26,7.07666666666667,5.40909090909091,6,6.28846153846154,6.45384615384615,15,11,2,13,13,641,287,354,56,255,386,6.7987935101404,7.6301393728223,6.12479276836158,6.57678571428571,6.82137254901961,6.78387730569948,31
"36",2008,6,7.02413793103448,29,7.32307692307692,6.78125,6.66666666666667,7.19230769230769,6.8875,13,16,3,13,16,670,300,370,59,268,402,6.8085472238806,7.61683333333333,6.15318010810811,6.58135593220339,6.83936567164179,6.7880015920398,32
"37",2008,7,6.48173913043478,23,6.79818181818182,6.19166666666667,6.5,6.59,6.36363636363636,11,12,2,12,11,693,311,382,61,280,413,6.79770077922078,7.58787781350482,6.15438910994764,6.57868852459016,6.82867857142857,6.77669888619855,33
"38",2008,8,6.64090909090909,22,6.6,6.65294117647059,6.33333333333333,6.5,6.72142857142857,5,17,3,8,14,715,316,399,64,288,427,6.79287641958042,7.57224683544304,6.17563067669173,6.5671875,6.81954861111111,6.77488674473068,34
"39",2008,9,6.855,20,7.6875,6.3,6,7.02,6.8,8,12,3,5,15,735,324,411,67,293,442,6.79456685714286,7.57509259259259,6.17926189781022,6.54179104477612,6.82296928327645,6.77573900452489,35
"40",2008,10,6.55571428571429,35,7.05384615384615,6.26136363636364,6.16666666666667,6.40909090909091,6.62291666666667,13,22,6,11,24,770,337,433,73,304,466,6.78370992207792,7.55498516320475,6.18343334872979,6.51095890410959,6.80799342105263,6.76786832618026,36
"41",2008,11,7.04761904761905,21,8.41666666666667,6.5,6.4,7.40909090909091,6.65,6,15,5,11,10,791,343,448,78,315,476,6.79071635903919,7.5700583090379,6.19403267857143,6.50384615384615,6.82898412698413,6.76539210084033,37
"42",2008,12,7.6,20,8,6.66666666666667,8,7.83333333333333,7.55882352941176,14,6,1,3,17,811,357,454,79,318,493,6.81067403205919,7.586918767507,6.20027894273128,6.52278481012658,6.83845911949685,6.79275180527383,38
"43",2009,1,6.48214285714286,28,6.91666666666667,6.15625,6.75,7.29166666666667,5.875,12,16,4,12,16,839,369,470,83,330,509,6.79970994040524,7.56512195121951,6.19878008510638,6.53373493975904,6.85493939393939,6.76390302554027,39
"44",2009,2,6.32244897959184,49,6.97647058823529,5.975,6.075,6.16666666666667,6.37297297297297,17,32,8,12,37,888,386,502,91,342,546,6.77337459459459,7.53919689119171,6.18451521912351,6.49340659340659,6.83078947368421,6.73741142857143,40
"45",2009,3,6.62857142857143,28,7.625,6.23,5.8,6.75,6.59545454545455,8,20,5,6,22,916,394,522,96,348,568,6.76894829694323,7.54093908629442,6.18625793103448,6.45729166666667,6.82939655172414,6.73191309859155,41
"46",2009,4,6.45428571428571,35,7.9375,6.01481481481482,6.4,6.26923076923077,6.56363636363636,8,27,5,13,22,951,402,549,101,361,590,6.75736765509989,7.54883084577114,6.17782630236794,6.45445544554455,6.8092243767313,6.72563837288135,42
"47",2009,5,6.36341463414634,41,7.43333333333333,5.74615384615385,6.35714285714286,6.86666666666667,6.07307692307692,15,26,7,15,26,992,417,575,108,376,616,6.74108532258064,7.5446762589928,6.1583072,6.44814814814815,6.81151595744681,6.69809519480519,43
"48",2009,6,6.32424242424242,33,7.05555555555556,6.05,6.22222222222222,6.2,6.34642857142857,9,24,9,5,28,1025,426,599,117,381,644,6.72766501463415,7.53434272300469,6.15396767946578,6.43076923076923,6.80349081364829,6.68280534161491,44
"49",2009,7,6.74102564102564,39,7.65625,6.10434782608696,7.075,6.53,6.81379310344828,16,23,4,10,29,1064,442,622,121,391,673,6.7281547368421,7.5387556561086,6.15213286173633,6.45206611570248,6.79649616368286,6.68844968796434,45
"50",2009,8,6.75909090909091,22,7.625,6.26428571428571,6.3,7.25,6.65,8,14,5,4,18,1086,450,636,126,395,691,6.72878143646409,7.54028888888889,6.15460163522013,6.44603174603175,6.80108860759494,6.68744810419681,46
"51",2009,9,6.43833333333333,30,7.28571428571429,6.1804347826087,6.58333333333333,5.55555555555556,6.81666666666667,7,23,12,9,21,1116,457,659,138,404,712,6.72097369175627,7.53638949671772,6.15550324734446,6.45797101449275,6.77334158415842,6.69125932584269,47
"52",2009,10,6.45714285714286,35,7.875,6.03703703703704,6.07142857142857,5.7,6.76,8,27,7,10,25,1151,465,686,145,414,737,6.71295103388358,7.54221505376344,6.15084058309038,6.43931034482759,6.7474154589372,6.6935910990502,48
"53",2009,11,6.49102564102564,39,7.31818181818182,6.16607142857143,6.64444444444444,7,6.3796875,11,28,9,7,32,1190,476,714,154,421,769,6.70567784873949,7.53703781512605,6.15143787114846,6.4512987012987,6.75161520190024,6.68052879063719,49
"54",2009,12,7,32,7.15,6.93181818181818,6.75,7.125,6.925,10,22,8,12,20,1222,486,736,162,433,789,6.7133851391162,7.52907407407407,6.17476445652174,6.46604938271605,6.76196304849884,6.68672577946768,50
"55",2010,1,6.49193548387097,31,6.79166666666667,6.30263157894737,6.5,5.94444444444444,6.71590909090909,12,19,4,9,22,1253,498,755,166,442,811,6.7079063367917,7.51130522088353,6.17798230463576,6.46686746987952,6.74531674208145,6.6875174352651,51
"56",2010,2,6.38095238095238,21,7.14285714285714,6,6,5.75,6.52941176470588,7,14,4,4,17,1274,505,769,170,446,828,6.70251698587127,7.50619801980198,6.17474205461639,6.45588235294118,6.73639013452915,6.68427130434782,52
"57",2010,3,7.33106,20,8.22727272727273,6.23568888888889,3,8,7.163825,11,9,1,4,16,1294,516,778,171,450,844,6.71223171561051,7.52156976744186,6.17544709511568,6.43567251461988,6.74762222222222,6.69336236966824,53
"58",2010,4,6.97826086956522,23,7.83333333333333,6.67647058823529,7,7,6.97619047619048,6,17,3,2,21,1317,522,795,174,452,865,6.7168776309795,7.52515325670498,6.18616080503145,6.44540229885058,6.7487389380531,6.700228716763,54
"59",2010,5,7.08,10,8.33333333333333,6.54285714285714,6.575,8,6.85,3,7,4,2,8,1327,525,802,178,454,873,6.71961404672193,7.52977142857143,6.18927411471322,6.44831460674157,6.75425110132159,6.70160119129438,55
"60",2010,6,6.61764705882353,17,7.64285714285714,5.9,5.83333333333333,6.14285714285714,6.95,7,10,3,7,10,1344,532,812,181,461,883,6.71832428571428,7.53125939849624,6.18571162561576,6.43812154696133,6.74496746203905,6.70441431483578,56
"61",2010,7,6.941,13,7.9,6.341625,6.75,6.911,6.95,5,8,2,3,10,1357,537,820,183,464,893,6.72045750921149,7.53469273743017,6.18723273170732,6.44153005464481,6.74604094827586,6.70716443449048,57
"62",2010,8,6.86,20,7.05,6.67,4.5,7.33333333333333,6.77647058823529,10,10,2,3,17,1377,547,830,185,467,910,6.72248427015251,7.52583180987203,6.19304920481928,6.42054054054054,6.74981370449679,6.70845916483516,58
"63",2010,9,6.665,20,7.28571428571429,6.33076923076923,7.66666666666667,6,6.78235294117647,7,13,3,3,17,1397,554,843,188,470,927,6.7216613027917,7.52279783393502,6.19517300118624,6.44042553191489,6.74502765957447,6.70981428263214,59
"64",2010,10,7.05,30,7.44230769230769,6.75,6,7.26,6.945,13,17,2,10,20,1427,567,860,190,480,947,6.72856400840925,7.52095238095238,6.20614051162791,6.43578947368421,6.75575625,6.71478124604012,60
"65",2010,11,6.71351351351351,37,7.42857142857143,6.27826086956522,7.5,6.62727272727273,6.75,14,23,2,11,26,1464,581,883,192,491,973,6.72818363387978,7.51872633390706,6.20801907134768,6.446875,6.75287780040733,6.71572234326824,61
"66",2010,12,6.484375,32,6.8,6.34090909090909,6.4375,6.5,6.47916666666667,10,22,8,8,24,1496,591,905,200,499,997,6.72296847593583,7.50656514382403,6.21124954696133,6.4465,6.74882364729459,6.71002792377131,62
"67",2011,1,6.70666666666667,15,7.3,6.41,5.5,6.75,6.69090909090909,5,10,2,4,11,1511,596,915,202,503,1008,6.72280664460622,7.5048322147651,6.21342168306011,6.43712871287129,6.74883300198807,6.70981928571428,63
"68",2011,2,6.44761904761905,21,7.65,5.96666666666667,5.33333333333333,5.66666666666667,6.57777777777778,6,15,3,3,18,1532,602,930,205,506,1026,6.71903449086162,7.50627906976744,6.20944176344086,6.4209756097561,6.74241699604743,6.70750276803119,64
"69",2011,3,7.128,25,7.85,6.64666666666667,6.86666666666667,5.66666666666667,7.32727272727273,10,15,6,3,22,1557,612,945,211,509,1048,6.72560105330764,7.5118954248366,6.21638184126984,6.43364928909953,6.73607662082515,6.72051320610687,65
"70",2011,4,6.25,21,6.875,5.86538461538461,6.25,5.4,6.515625,8,13,2,5,16,1578,620,958,213,514,1064,6.7192717617237,7.50367741935484,6.2116188308977,6.43192488262911,6.72307976653696,6.71743218045113,66
"71",2011,5,6.47948148148148,27,7.4292,6.26363636363636,6.18333333333333,6.325,6.54452631578947,5,22,6,8,19,1605,625,980,219,522,1083,6.71523790654206,7.5030816,6.21278657142857,6.42511415525114,6.71697892720306,6.71439874422899,67
"72",2011,6,7.045,20,8.06666666666667,6.60714285714286,7,6.625,7.15,6,14,3,4,16,1625,631,994,222,526,1099,6.71929651692308,7.50844057052298,6.21834088531187,6.43288288288288,6.71627946768061,6.7207405277525,68
"73",2011,7,6.88888888888889,18,7.28571428571429,6.63636363636364,8,7.25,6.78571428571429,7,11,2,4,14,1643,638,1005,224,530,1113,6.72115449786975,7.50599686520376,6.22291625870647,6.446875,6.72030754716981,6.72155780772686,69
"74",2011,8,6.79473684210526,19,7.54,6.52857142857143,6.75,6.8,6.79411764705882,5,14,4,2,17,1662,643,1019,228,532,1130,6.72199569193742,7.50626127527216,6.22711564278705,6.45219298245614,6.72060714285714,6.7226494159292,70
"75",2011,9,6.56666666666667,15,8.5,5.6,7,10,6.32142857142857,5,10,1,1,14,1677,648,1029,229,533,1144,6.72060634466309,7.51392901234568,6.2210212244898,6.45458515283843,6.72675984990619,6.71773937062937,71
"76",2011,10,6.425,20,7.58333333333333,5.92857142857143,6,7,6.32352941176471,6,14,5,3,17,1697,654,1043,234,536,1161,6.7171224749558,7.51456574923547,6.21709572387344,6.44487179487179,6.72828917910448,6.71196713178294,72
"77",2011,11,6.825,20,6.75,6.875,7.5,6.25,7.07142857142857,8,12,2,6,14,1717,662,1055,236,542,1175,6.71837905649388,7.50532628398791,6.22457899526066,6.45381355932203,6.72299446494465,6.71625007659574,73
"78",2011,12,7.2125,16,7,7.30909090909091,6.96666666666667,7.31666666666667,7.15,5,11,3,6,10,1733,667,1066,239,548,1185,6.72294105020196,7.50153823088456,6.23577001876173,6.46025104602511,6.72949452554745,6.71991041350211,74
"79",2012,1,6.76129032258065,31,6.83333333333333,6.744,6.25,7.525,6.64814814814815,6,25,4,4,27,1764,673,1091,243,552,1212,6.72361498866213,7.4955809806835,6.24741598533456,6.45679012345679,6.73525905797101,6.71831174917492,75
"80",2012,2,6.674,25,7.55,6.09,6,7.75,6.5804347826087,10,15,1,2,23,1789,683,1106,244,554,1235,6.72292165455562,7.49637774524158,6.24528104882459,6.45491803278689,6.73892238267148,6.715744,76
"81",2012,3,6.11875,16,7.31666666666667,5.4,4,4.225,6.75,6,10,1,4,12,1805,689,1116,245,558,1247,6.71756611634349,7.49481277213352,6.23770684587814,6.44489795918367,6.72090143369176,6.71607364875701,77
"82",2012,4,6.47727272727273,22,7.25,5.83333333333333,7.5,6.6,6.44117647058824,10,12,2,5,17,1827,699,1128,247,563,1264,6.71467259989053,7.4913104434907,6.233405,6.45344129554656,6.71982770870337,6.7123764556962,78
"83",2012,5,6.37941176470588,17,6.72857142857143,6.135,5,5.7,6.525,7,10,1,3,14,1844,706,1138,248,566,1278,6.71158180043384,7.4837478753541,6.23254028119508,6.44758064516129,6.7144222614841,6.71032381846635,79
"84",2012,6,6.75,8,8,6.33333333333333,3,7.5,6.5,2,6,1,2,6,1852,708,1144,249,568,1284,6.7117477537797,7.48520621468926,6.23306891608392,6.43373493975904,6.71718838028169,6.70934099688473,80
"85",2012,7,6.89894736842105,19,7.3,6.71384615384615,NA,7.075,6.852,6,13,0,4,15,1871,714,1157,249,572,1299,6.71364876536611,7.48364985994398,6.23847090751945,6.43373493975904,6.71969055944056,6.71098832948422,81
"86",2012,8,6.375,16,7.875,5.875,7,6.75,6.32142857142857,4,12,1,2,14,1887,718,1169,250,574,1313,6.71077733969263,7.48583008356546,6.23473981180496,6.436,6.71979616724739,6.70683460776847,82
"87",2012,9,6.5275,20,7.2,5.97727272727273,6.33333333333333,5.625,6.91428571428571,9,11,3,6,14,1907,727,1180,253,580,1327,6.70885518615627,7.48229160935351,6.23233969491525,6.43478260869565,6.70847068965517,6.70902324039186,83
"88",2012,10,6.35,14,6.925,5.58333333333333,6,6.1,6.45,8,6,1,4,10,1921,735,1186,254,584,1337,6.70623989588756,7.47622585034013,6.22905635750422,6.43307086614173,6.70430308219178,6.70708589379207,84
"89",2012,11,6.33125,16,6.4,6.3,6.875,6.66666666666667,6.25384615384615,5,11,4,3,13,1937,740,1197,258,587,1350,6.70314240578214,7.46895405405405,6.22970830409357,6.43992248062016,6.70411073253833,6.70272136296296,85
"90",2012,12,6.78928571428571,14,7.08125,6.4,6,7.5375,6.49,8,6,1,4,10,1951,748,1203,259,591,1360,6.70376055356227,7.46480748663101,6.23055763923525,6.43822393822394,6.70975126903553,6.70115723529412,86
"91",2013,1,7.25555555555556,18,7.9,6.84545454545455,6.5,7.45,7.2,7,11,2,4,14,1969,755,1214,261,595,1374,6.70880489588624,7.46884238410596,6.23612919275124,6.43869731800766,6.71472773109244,6.70624005822416,87
"92",2013,2,6.56666666666667,15,7.11111111111111,5.75,5,6,6.65384615384615,9,6,1,2,13,1984,764,1220,262,597,1387,6.70773026209677,7.46462827225131,6.23373839344262,6.43320610687023,6.71233333333333,6.70574898341745,88
"93",2013,3,6.83333333333333,15,7.375,6.63636363636364,8,7.5,6.5,4,11,1,5,10,1999,768,1231,263,602,1397,6.70867275637819,7.46416145833333,6.23733618196588,6.43916349809886,6.71887541528239,6.70427619183965,89
"94",2013,4,7.11111111111111,9,7.8,6.25,6,7,7.125,5,4,1,1,8,2008,773,1235,264,603,1405,6.71047651394422,7.46633376455368,6.23737719838057,6.4375,6.7193416252073,6.70667177224199,90
"95",2013,5,6.78333333333333,12,7.375,6.4875,7,6.75,6.8,4,8,1,4,8,2020,777,1243,265,607,1413,6.71090932673267,7.46586357786358,6.23898699919549,6.43962264150943,6.71954365733114,6.70720016985138,91
"96",2013,6,5.6875,16,7.5,5.42857142857143,5,5.5,5.71428571428571,2,14,2,2,14,2036,779,1257,267,609,1427,6.7028668172888,7.46595121951219,6.22996089101034,6.42883895131086,6.71553858784893,6.69745889278206,92
"97",2013,7,6.47222222222222,18,8,6.16666666666667,7.5,7.75,6.3125,3,15,2,2,16,2054,782,1272,269,611,1443,6.70084558909445,7.468,6.22921449685535,6.4368029739777,6.71892471358429,6.69319046431046,93
"98",2013,8,6.33333333333333,6,7,6,5.5,NA,6.33333333333333,2,4,2,0,6,2060,784,1276,271,611,1449,6.69977516504854,7.46680612244898,6.22849595611285,6.42988929889299,6.71892471358429,6.6917003726708,94
"99",2013,9,5.95,10,6.91666666666667,4.5,4.33333333333333,5.5,6.0625,6,4,3,2,8,2070,790,1280,274,613,1457,6.69615306280193,7.46262784810126,6.22309440625,6.40693430656934,6.71494779771615,6.68824560054907,95
"100",2013,10,6.71428571428571,7,6.6,6.8,NA,NA,6.71428571428571,3,4,0,0,7,2077,793,1284,274,613,1464,6.69621417428984,7.45936443883985,6.22489161993769,6.40693430656934,6.71494779771615,6.68837010928961,96
"101",2013,11,6.36666666666667,15,8,5.55,8.5,6.66666666666667,6.29166666666667,5,10,1,3,12,2092,798,1294,275,616,1476,6.69385126195029,7.46275187969925,6.21967607418856,6.41454545454545,6.71471266233766,6.68514487804878,97
"102",2013,12,6.3,20,7.5,5.5,6.8,5.5625,6.79166666666667,8,12,5,8,12,2112,806,1306,280,624,1488,6.69012160984848,7.46312158808933,6.21306343032159,6.42142857142857,6.69994070512821,6.68600392473118,98
"103",2014,1,6.40588235294118,17,6.75,6.1,NA,6.625,6.33846153846154,8,9,0,4,13,2129,814,1315,280,628,1501,6.68785196806012,7.45611302211302,6.2122896121673,6.42142857142857,6.69946337579618,6.68299389740173,99
"104",2014,2,6.67857142857143,14,6.75,6.65,6.5,6.5,6.72727272727273,4,10,1,3,11,2143,818,1325,281,631,1512,6.68779133924405,7.45266014669926,6.21559308679245,6.42170818505338,6.69851505546751,6.68331603174603,100
"105",2014,3,6.5,12,7.16666666666667,5.83333333333333,5,6.6,6.42857142857143,6,6,1,5,7,2155,824,1331,282,636,1519,6.68674563341067,7.45057766990291,6.21386990232908,6.41666666666667,6.69774056603774,6.68214209348255,101
"106",2014,4,6.74285714285714,7,6.5,6.78333333333333,7,6.75,6.74,1,6,2,2,5,2162,825,1337,284,638,1524,6.6869273080481,7.44942545454545,6.21642545998504,6.42077464788732,6.69790438871473,6.6823319160105,102
"107",2014,5,5.40142857142857,7,7,5.135,6,NA,5.40142857142857,1,6,1,0,7,2169,826,1343,285,638,1531,6.68277862609497,7.4488813559322,6.21159407297096,6.41929824561403,6.69790438871473,6.67647540169823,103
"108",2014,6,6.78571428571429,7,8,5.875,6,7.33333333333333,6.375,3,4,1,3,4,2176,829,1347,286,641,1535,6.68310976102941,7.45087575392038,6.21059453600594,6.41783216783217,6.70087831513261,6.6756897980456,104
"109",2014,7,6.5,5,7,6.16666666666667,5.5,7,6.375,2,3,1,1,4,2181,831,1350,287,642,1539,6.68268997707473,7.44979061371841,6.21049691851852,6.41463414634146,6.70134423676013,6.67490827810266,105
"110",2014,8,6.83333333333333,15,6.78571428571429,6.875,6.75,6.5,6.88461538461539,7,8,4,2,13,2196,838,1358,291,644,1552,6.68371896174863,7.44424343675417,6.21441151693667,6.4192439862543,6.70071894409938,6.67666484536082,106
"111",2014,9,6.54166666666667,6,6.58333333333333,6.5,7,4,7.05,3,3,1,1,5,2202,841,1361,292,645,1557,6.68333189827429,7.4411724137931,6.2150410286554,6.42123287671233,6.69653178294574,6.67786373795761,107
"112",2014,10,6.33636363636364,11,7.61666666666667,4.8,6,6.1,6.38888888888889,6,5,2,2,9,2213,847,1366,294,647,1566,6.68160724807953,7.44241558441558,6.209861522694,6.41836734693877,6.69468778979907,6.67620296296296,108
"113",2014,11,6.65384615384615,13,8.1,5.75,6,9,6.45833333333333,5,8,1,1,12,2226,852,1374,295,648,1578,6.6814451212938,7.44627464788732,6.20718401746725,6.41694915254237,6.69824537037037,6.67454615969582,109
"114",2014,12,6.01428571428571,7,NA,6.01428571428571,5.23333333333333,5.85,6.08,0,7,3,2,5,2233,852,1381,298,650,1583,6.6793537124944,7.44627464788732,6.20620625633599,6.40503355704698,6.69563538461539,6.67266825015793,110
"115",2015,1,7.12941176470588,17,7.61666666666667,6.86363636363636,7.25,7,7.15714285714286,6,11,4,3,14,2250,858,1392,302,653,1597,6.68275415111111,7.4474662004662,6.21140146551724,6.41622516556291,6.6970336906585,6.67691536631183,111
"116",2015,2,7,12,7.5,6.75,6.5,7,7,4,8,3,2,10,2262,862,1400,305,655,1607,6.68443715296198,7.44770997679814,6.21447917142857,6.41704918032787,6.69795877862595,6.67892584940883,112
"117",2015,3,6.91666666666667,12,7.375,6.6875,NA,NA,6.91666666666667,4,8,0,0,12,2274,866,1408,305,655,1619,6.68566263852243,7.44737413394919,6.21716678977273,6.41704918032787,6.69795877862595,6.68068798023471,113
"118",2015,4,6.71111111111111,9,7.5,6.48571428571429,4,6.33333333333333,6.9,2,7,1,3,6,2283,868,1415,306,658,1625,6.68576296101621,7.44749539170507,6.21849529328622,6.40915032679739,6.69629635258359,6.68149774769231,114
"119",2015,5,6.4,7,6.525,6.23333333333333,6,6.5,6.36,4,3,1,2,5,2290,872,1418,307,660,1630,6.68488944978166,7.44326376146789,6.2185266854725,6.40781758957655,6.69570151515152,6.68051155828221,115
"120",2015,6,5.16666666666667,6,NA,5.16666666666667,4,NA,5.16666666666667,0,6,1,0,6,2296,872,1424,308,660,1636,6.68092196864111,7.44326376146789,6.21409469101124,6.4,6.69570151515152,6.6749595599022,116
"121",2015,7,6.34090909090909,11,7.4375,5.71428571428571,NA,8.875,5.77777777777778,4,7,0,2,9,2307,876,1431,308,662,1645,6.67930075422627,7.44323744292237,6.21164978336827,6.4,6.70228549848943,6.67005096656535,117
"122",2015,8,6.85,8,8.75,6.21666666666667,NA,9,6.54285714285714,2,6,0,1,7,2315,878,1437,308,663,1652,6.67989064362851,7.44621412300683,6.21167073068894,6.4,6.70575113122172,6.66951200968523,118
"123",2015,9,5.875,4,5,6.16666666666667,NA,NA,5.875,1,3,0,0,4,2319,879,1440,308,663,1656,6.67850230271669,7.44343117178612,6.21157697222222,6.4,6.70575113122172,6.66759289855072,119
"124",2015,10,6.575,8,6.25,6.9,6,6.5,6.6,4,4,1,2,6,2327,883,1444,309,665,1662,6.67814647185217,7.43802491506229,6.21348396121884,6.39870550161812,6.70513233082707,6.66734888086642,120
"125",2015,11,5.82727272727273,11,6.86666666666667,5.4375,NA,6,5.78888888888889,3,8,0,2,9,2338,886,1452,309,667,1671,6.67414321642429,7.43609029345372,6.20920856749311,6.39870550161812,6.7030179910045,6.66261749850389,121
"126",2015,12,6.24545454545455,11,8,6.07,5.23333333333333,5,6.37,1,10,3,1,10,2349,887,1462,312,668,1681,6.67213573435504,7.43672604284104,6.20825638850889,6.3875,6.70046856287425,6.66087676383105,122
"127",2016,1,7.50833333333333,12,7.6875,7.15,7.6,7.625,7.45,8,4,1,4,8,2361,895,1466,313,672,1689,6.67638578568403,7.43896759776536,6.21082594815825,6.39137380191693,6.70597172619048,6.66461447010065,123
"128",2016,2,6.1875,8,7.25,5.125,2,5,6.58333333333333,4,4,1,2,6,2369,899,1470,314,674,1695,6.67473484170536,7.43812680756396,6.20787131972789,6.37738853503185,6.70090949554896,6.66432674926253,124
"129",2016,3,6.43,10,7.125,5.96666666666667,5.5,6.93333333333333,6.21428571428571,4,6,2,3,7,2379,903,1476,316,677,1702,6.67370611181168,7.43673975636766,6.20689081300813,6.37183544303798,6.70193943870015,6.66247581668625,125
"130",2016,4,6.38571428571429,14,6.48333333333333,6.3125,6,7,6.33846153846154,6,8,1,1,13,2393,909,1484,317,678,1715,6.67202124529879,7.43044664466446,6.20746013477089,6.37066246056782,6.7023790560472,6.66001973177842,126
"131",2016,5,5.66666666666667,9,5,5.75,6,3,6,1,8,1,1,8,2402,910,1492,318,679,1723,6.66825430474604,7.42777582417582,6.20500726541555,6.36949685534591,6.6969263622975,6.65695521764364,127
"132",2016,6,6.695,10,7.125,6.40833333333333,6,6,6.77222222222222,4,6,1,1,9,2412,914,1498,319,680,1732,6.6683651907131,7.42645076586433,6.20582165554072,6.36833855799373,6.69590147058824,6.65755418013857,128
"133",2016,7,6.28571428571429,14,6.6,6.11111111111111,7,7.5,6.08333333333333,5,9,3,2,12,2426,919,1507,322,682,1744,6.66615698268755,7.42195429815016,6.20525603185136,6.37422360248447,6.69825953079179,6.65360311926605,129
"134",2016,8,6,5,6.5,5.66666666666667,8,4,6.5,2,3,1,1,4,2431,921,1510,323,683,1748,6.66478685314685,7.41995222584147,6.20418598675497,6.37925696594427,6.69430893118595,6.65325162471396,130
"135",2016,9,6.64545454545455,11,9,5.7625,NA,4.7,7.375,3,8,0,3,8,2442,924,1518,323,686,1756,6.66469977067977,7.42508225108225,6.20185826086957,6.37925696594427,6.68558746355685,6.65653977220957,131
"136",2016,10,7.27777777777778,9,7.35714285714286,7,NA,7.5,7.25,7,2,0,1,8,2451,931,1520,323,687,1764,6.6669509751122,7.42457142857143,6.20290844736842,6.37925696594427,6.68677292576419,6.65923120181406,132
"137",2016,11,5.97692307692308,13,6.43333333333333,5.84,6,6.8,5.90833333333333,3,10,1,1,12,2464,934,1530,324,688,1776,6.66331040584415,7.42138758029978,6.20053649673203,6.37808641975309,6.6869375,6.65415756756757,133
"138",2016,12,5.08333333333333,6,5.5,4.66666666666667,NA,9,4.3,3,3,0,1,5,2470,937,1533,324,689,1781,6.6594724048583,7.41523585912486,6.19753479452055,6.37808641975309,6.69029462989841,6.64754847838293,134
"139",2017,1,5.91,10,6.6,5.61428571428571,5,6.15,5.85,3,7,1,2,8,2480,940,1540,325,691,1789,6.65645033870968,7.41263404255319,6.19488366233766,6.37384615384615,6.68873082489146,6.6439820234768,135
"140",2017,2,6.02941176470588,17,7,5.35,6,6.16666666666667,5.95454545454545,7,10,2,6,11,2497,947,1550,327,697,1800,6.65218135362435,7.40958394931362,6.1894328,6.37155963302752,6.68423672883788,6.6397688,136
"141",2017,3,6.97777777777778,9,7.95,6.2,6,9,6.725,4,5,4,1,8,2506,951,1555,331,698,1808,6.6533506943336,7.41185699263933,6.18946677813505,6.36706948640484,6.68755444126075,6.64014592920354,137
"142",2017,4,6.38571428571429,7,7.16666666666667,5.8,6.7,6.85,6.2,3,4,1,2,5,2513,954,1559,332,700,1813,6.65260518901711,7.41108595387841,6.18846750481078,6.36807228915663,6.68801857142857,6.63893206839492,138
"143",2017,5,6.78571428571429,7,7.625,5.66666666666667,6,6.83333333333333,6.75,4,3,1,3,4,2520,958,1562,333,703,1817,6.65297493650793,7.41197912317328,6.18746532650448,6.36696696696697,6.6886386913229,6.6391765767749,139
"144",2017,6,5.66666666666667,6,5.375,6.25,NA,NA,5.66666666666667,4,2,0,0,6,2526,962,1564,333,703,1823,6.65063216152019,7.40350935550935,6.18754529411765,6.36696696696697,6.6886386913229,6.63597577619309,140
"145",2017,7,6.09090909090909,11,6.5,5.375,5.5,6,6.11111111111111,7,4,2,2,9,2537,969,1568,335,705,1832,6.64820529759558,7.39698245614035,6.1854724744898,6.36179104477612,6.68668510638298,6.63339729257642,141
"146",2017,8,5.18181818181818,11,6.375,4.5,NA,8.5,4.85,4,7,0,1,10,2548,973,1575,335,706,1842,6.64187474097331,7.39278108941418,6.17798148571429,6.36179104477612,6.68925354107649,6.62371543973941,142
"147",2017,9,6.16875,8,6.25,6.14166666666667,7,7,6.05,2,6,1,1,7,2556,975,1581,336,707,1849,6.64039391236307,7.39043692307692,6.1778436685642,6.36369047619048,6.68969306930693,6.62154345051379,143
"148",2017,10,7.0625,8,7.875,6.25,NA,7.5,6.91666666666667,4,4,0,2,6,2564,979,1585,336,709,1855,6.64171093603744,7.39241675178754,6.17802576656152,6.36369047619048,6.69197884344147,6.62249802695418,144
"149",2017,11,6.43888888888889,9,7.4,6.16428571428571,5.75,6,6.49375,2,7,4,1,8,2573,981,1592,340,710,1863,6.6410014924213,7.39243221202854,6.17796535175879,6.35647058823529,6.69100422535211,6.62194516371444,145
"150",2017,12,6.16666666666667,15,7.5,5.68181818181818,5,6.66666666666667,6.04166666666667,4,11,4,3,12,2588,985,1603,344,713,1875,6.63825225656878,7.39286903553299,6.17456072364317,6.34069767441861,6.69090182328191,6.61823138133333,146
"151",2018,1,6.625,8,8,6.42857142857143,NA,7,6.57142857142857,1,7,0,1,7,2596,986,1610,344,714,1882,6.63821141756548,7.39348478701825,6.17566511801242,6.34069767441861,6.69133473389356,6.61805730074389,147
"152",2018,2,7,9,7.75,6.4,NA,NA,7,4,5,0,0,9,2605,990,1615,344,714,1891,6.63946135892514,7.39492525252525,6.17635965325077,6.34069767441861,6.69133473389356,6.61987511369645,148
"153",2018,3,5.44444444444444,9,5.33333333333333,5.5,5,6,5.28571428571429,3,6,2,2,7,2614,993,1621,346,716,1898,6.63534691660291,7.38869687814703,6.17385616286243,6.33294797687861,6.68940363128492,6.61495460484721,149
"154",2018,4,6.9125,8,8.1,6.2,4,8.15,6.5,3,5,1,2,6,2622,996,1626,347,718,1904,6.63619254004576,7.39083935742972,6.17393655596556,6.32622478386167,6.6934721448468,6.61459235294117,150
"155",2018,5,6.8,3,9,5.7,NA,NA,6.8,1,2,0,0,3,2625,997,1628,347,718,1907,6.63637974857143,7.39245336008024,6.17335432432433,6.32622478386167,6.6934721448468,6.61488402726796,151
"156",2018,6,6.5,5,6.66666666666667,6.25,7,NA,6.5,3,2,1,0,5,2630,1000,1630,348,718,1912,6.63612047148289,7.390276,6.17344836809816,6.32816091954023,6.6934721448468,6.61458359832636,152
"157",2018,7,7,4,8,6,7,7,7,2,2,1,1,3,2634,1002,1632,349,719,1915,6.63667305998481,7.39149301397206,6.17323580882353,6.33008595988539,6.69389847009736,6.61518738381201,153
"158",2018,8,5.925,8,7.5,5.4,5.35,NA,5.925,2,6,4,0,8,2642,1004,1638,353,719,1923,6.63451810749432,7.39170916334661,6.17040344322344,6.31898016997167,6.69389847009736,6.61231608944358,154
"159",2018,9,6.33333333333333,3,NA,6.33333333333333,NA,6.5,6,0,3,0,2,1,2645,1004,1641,353,721,1924,6.63417649905482,7.39170916334661,6.17070130408288,6.31898016997167,6.69336061026352,6.61199783783784,155
"160",2018,10,6.31111111111111,9,7.16,5.25,6,6.33333333333333,6.3,5,4,2,3,6,2654,1009,1645,355,724,1930,6.63308094951017,7.39056095143707,6.16846251671733,6.31718309859155,6.69186878453039,6.61102789637305,156
"161",2018,11,6,12,7.125,5.4375,NA,5.5,6.1,4,8,0,2,10,2666,1013,1653,355,726,1940,6.63023137284321,7.38951233958539,6.16492488808228,6.31718309859155,6.68858539944904,6.60839373195876,157
"162",2018,12,6.9,10,7.5,6.5,9,8,6.77777777777778,4,6,1,1,9,2676,1017,1659,356,727,1949,6.63123947683109,7.38994690265487,6.16613673297167,6.3247191011236,6.69038927097662,6.60917590559261,158
"163",2019,1,7.1,8,7.2,6.93333333333333,NA,7,7.11428571428571,5,3,0,1,7,2684,1022,1662,356,728,1956,6.63263667660209,7.38901761252446,6.16752156438026,6.3247191011236,6.69081456043956,6.61098355828221,159
"164",2019,2,7.5425,8,9.335,5.75,NA,4,8.04857142857143,4,4,0,1,7,2692,1026,1666,356,729,1963,6.6353405794948,7.39660428849902,6.16651911164466,6.3247191011236,6.68712345679013,6.61610995415181,160
"165",2019,3,6.31428571428571,7,7.04,4.5,NA,5,6.84,5,2,0,2,5,2699,1031,1668,356,731,1968,6.63450790663209,7.39487487875849,6.16452088729017,6.3247191011236,6.68250752393981,6.6166787804878,161
"166",2019,4,6.71428571428571,7,7.5,6.58333333333333,6.5,5,7,1,6,1,1,6,2706,1032,1674,357,732,1974,6.63471427937916,7.39497674418605,6.16602200716846,6.32521008403361,6.68020901639344,6.6178438905775,162
"167",2019,5,6.9,5,7.5,6.5,6,9,6.375,2,3,1,1,4,2711,1034,1677,358,733,1978,6.63520355588344,7.39517988394584,6.16661946332737,6.32430167597765,6.68337380627558,6.6173528008089,163
"168",2019,6,6.4,5,6,6.66666666666667,NA,6.9,6.275,2,3,0,1,4,2716,1036,1680,358,734,1982,6.63477055964654,7.39248648648649,6.16751240476191,6.32430167597765,6.6836689373297,6.61666187689203,164
"169",2019,7,6.91666666666667,6,7.625,5.5,7,8,6.7,4,2,1,1,5,2722,1040,1682,359,735,1987,6.63539193240264,7.39338076923077,6.16671869203329,6.32618384401114,6.68545986394558,6.61687158530448,165
"170",2019,8,7,4,7,7,NA,NA,7,1,3,0,0,4,2726,1041,1685,359,735,1991,6.63592694057227,7.39300288184438,6.16820227893175,6.32618384401114,6.68545986394558,6.61764130587644,166
"171",2019,9,6.5,8,6.58333333333333,6.25,6,7.25,6.25,6,2,1,2,6,2734,1047,1687,360,737,1997,6.6355292026335,7.3883629417383,6.16829925311203,6.32527777777778,6.68699185888738,6.61653672508763,167
"172",2019,10,6.7375,8,6.66666666666667,6.95,NA,8,6.55714285714286,6,2,0,1,7,2742,1053,1689,360,738,2004,6.63582671043034,7.38425071225071,6.16922489046773,6.32527777777778,6.68877100271003,6.61632926147704,168
"173",2019,11,6.35714285714286,7,7.16666666666667,5.75,6.5,7.25,6,3,4,2,2,5,2749,1056,1693,362,740,2009,6.63511707530011,7.38363257575757,6.16823440047253,6.32624309392265,6.69028783783784,6.61479534096565,169
"174",2019,12,6.07142857142857,7,8.25,5.2,6,7,5.91666666666667,2,5,2,1,6,2756,1058,1698,364,741,2015,6.63368535558781,7.38527032136106,6.16538329799764,6.32445054945055,6.69070580296896,6.6127165459057,170
"175",2020,1,6.5,14,7.4,6,6,2,6.84615384615385,5,9,1,1,13,2770,1063,1707,365,742,2028,6.63300968953069,7.38533960489181,6.16451132981839,6.32356164383562,6.68438409703504,6.61421293885601,171
"176",2020,2,6.41545454545455,11,7.108,5.83833333333333,6.56666666666667,NA,6.41545454545455,5,6,3,0,11,2781,1068,1713,368,742,2039,6.63214916936354,7.38404119850187,6.16336884997081,6.32554347826087,6.68438409703504,6.61314067680235,172
"177",2020,3,5.80669117647059,17,7,5.43951923076923,5.9284375,5,5.91425,4,13,4,2,15,2798,1072,1726,372,744,2054,6.62713387776983,7.38260820895522,6.15791691193511,6.32127352150538,6.6798561827957,6.60803680136319,173
"178",2020,4,7,4,8,6.66666666666667,6.66666666666667,NA,7,1,3,3,0,4,2802,1073,1729,375,744,2058,6.62766616345467,7.38318359739049,6.15879964719491,6.32403666666667,6.6798561827957,6.60879863459669,174
"179",2020,5,7.125,4,7.5,6.75,NA,8,6.83333333333333,2,2,0,1,3,2806,1075,1731,375,745,2061,6.62837512116892,7.38340093023256,6.15948272097054,6.32403666666667,6.68162818791946,6.60912546821931,175
"180",2020,6,6.08333333333333,6,6.1,6,NA,6,6.1,5,1,0,1,5,2812,1080,1732,375,746,2066,6.62721215860597,7.37745925925926,6.1593906408776,6.32403666666667,6.6807144772118,6.60789331558567,176
"181",2020,7,6.375,4,NA,6.375,7,6,6.5,0,4,1,1,3,2816,1080,1736,376,747,2069,6.62685390269886,7.37745925925926,6.15988743663595,6.32583444148936,6.67980321285141,6.60773687288545,177
"182",2020,8,7.11111111111111,9,7.2,7,7.33333333333333,6.5,7.28571428571429,5,4,3,2,7,2825,1085,1740,379,749,2076,6.62839666902655,7.37664147465438,6.16181872988506,6.33380936675462,6.67932309746329,6.6100229238921,178
"183",2020,9,7.5,4,8.5,6.5,NA,NA,7.5,2,2,0,0,4,2829,1087,1742,379,749,2080,6.62962905266879,7.37870837166513,6.16220699770379,6.33380936675462,6.67932309746329,6.61173441826923,179
"184",2020,10,6.4,5,7.5,5.66666666666667,NA,NA,6.4,2,3,0,0,5,2834,1089,1745,379,749,2085,6.62922392025406,7.37893112947658,6.16135506590258,6.33380936675462,6.67932309746329,6.6112266618705,180
"185",2020,11,6,11,6.8,5.33333333333333,5,7,5.9,5,6,1,1,10,2845,1094,1751,380,750,2095,6.6267910685413,7.37628519195612,6.15851775556825,6.33029934210526,6.67975066666667,6.60783178520286,181
"186",2020,12,6,3,6.5,5,NA,5,6.5,2,1,0,1,2,2848,1096,1752,380,751,2097,6.62613082514045,7.37468613138686,6.15785650114155,6.33029934210526,6.67751398135819,6.60772894134478,182
"187",2021,1,6.15909090909091,11,7.4,5.125,6.875,8.5,5.63888888888889,5,6,2,2,9,2859,1101,1758,382,753,2106,6.62433388947184,7.37480108991826,6.15433139362912,6.33315117801047,6.68235458167331,6.60358859924026,183
"188",2021,2,7.21428571428571,7,7.625,6.66666666666667,7.5,7.5,7.16666666666667,4,3,2,1,6,2866,1105,1761,384,754,2112,6.62577480460572,7.37570678733032,6.15520419647927,6.339228515625,6.68343899204244,6.60518825284091,184
"189",2021,3,7.15,2,7.15,NA,NA,NA,7.15,2,0,0,0,2,2868,1107,1761,384,754,2114,6.62614037308229,7.3752990063234,6.15520419647927,6.339228515625,6.68343899204244,6.60570368495742,185
"190",2021,4,6.5,4,6.5,6.5,8,NA,6.5,1,3,1,0,4,2872,1108,1764,385,754,2118,6.62596469011142,7.37450902527076,6.15579058390023,6.34354220779221,6.68343899204244,6.60550405571293,186
"191",2021,5,6.33333333333333,6,6.5,6,NA,NA,6.33333333333333,4,2,0,0,6,2878,1112,1766,385,754,2124,6.62535461779013,7.37136330935252,6.15561415062288,6.34354220779221,6.68343899204244,6.6047352118644,187
"192",2021,6,7,2,7,7,NA,NA,7,1,1,0,0,2,2880,1113,1767,385,754,2126,6.62561478819444,7.37102964959569,6.15609201471421,6.34354220779221,6.68343899204244,6.60510705079962,188
"193",2021,7,6.73708375,8,6.98523857142857,5,5,5,6.98523857142857,7,1,1,1,7,2888,1120,1768,386,755,2133,6.62592356648199,7.36861845535714,6.15543811651584,6.34006152849741,6.68120927152318,6.60635455227379,189
"194",2021,8,5.83333333333333,3,6,5.75,6,5.83333333333333,NA,1,2,1,3,0,2891,1121,1770,387,758,2133,6.62510109304739,7.3673975646744,6.15497999435028,6.33918281653747,6.67785356200528,6.60635455227379,190
"195",2021,9,7.08333333333333,6,6.25,7.5,NA,NA,7.08333333333333,2,4,0,0,6,2897,1123,1774,387,758,2139,6.62605014152571,7.36540754229742,6.15801273393461,6.33918281653747,6.67785356200528,6.60769250116877,191
"196",2021,10,7.5,2,7.5,NA,NA,NA,7.5,2,0,0,0,2,2899,1125,1774,387,758,2141,6.62665307347361,7.36564681777778,6.15801273393461,6.33918281653747,6.67785356200528,6.60852604390471,192
"197",2021,11,5.91666666666667,6,7.16666666666667,4.66666666666667,NA,NA,5.91666666666667,3,3,0,0,6,2905,1128,1777,387,758,2147,6.62518666437177,7.36511761524823,6.15549498593135,6.33918281653747,6.67785356200528,6.606592575687,193
"198",2021,12,7.5,4,7,9,NA,7,7.66666666666667,3,1,0,1,3,2909,1131,1778,387,759,2150,6.62638957029907,7.36414913351017,6.1570948200225,6.33918281653747,6.67827799736496,6.60807174883721,194
"199",2022,1,6.32583333333333,12,6.735,5.91666666666667,5.66666666666667,5.5,6.491,6,6,3,2,10,2921,1137,1784,390,761,2160,6.62515483053749,7.36082908531222,6.15628620515695,6.33400961538462,6.67518134034166,6.60752975,195
"200",2022,2,7.75,4,7.66666666666667,8,NA,9,7.33333333333333,3,1,0,1,3,2925,1140,1785,390,762,2163,6.62669308034188,7.36163392105263,6.15731909803922,6.33400961538462,6.67823228346457,6.6085364123902,196
"201",2022,3,5.98,9,7,4.705,NA,6,5.97,5,4,0,3,6,2934,1145,1789,390,765,2169,6.62470935923653,7.36005473362445,6.15407187814422,6.33400961538462,6.67557254901961,6.60677005993545,197
"202",2022,4,7.862,5,7.93666666666667,7.75,8.5,7.77,8,3,2,1,3,2,2939,1148,1791,391,768,2171,6.62681431099013,7.36156155923345,6.1558540424344,6.33954923273657,6.67984765625,6.60805355135882,198
"203",2022,5,5.96875,8,7.4375,4.5,4,7.75,5.71428571428571,4,4,1,1,7,2947,1152,1795,392,769,2178,6.625027913132,7.361825234375,6.15216411699164,6.33358099489796,6.68123927178154,6.60518101928374,199
"204",2022,6,6.8,5,7.5,4,NA,4,7.5,4,1,0,1,4,2952,1156,1796,392,770,2182,6.62532427506775,7.36230334775086,6.15096580734967,6.33358099489796,6.67775714285714,6.60682138405133,200
"205",2022,7,4.5,4,NA,4.5,NA,NA,4.5,0,4,0,0,4,2956,1156,1800,392,770,2186,6.62244832882273,7.36230334775086,6.14729699444444,6.33358099489796,6.67775714285714,6.60296626715462,201
"206",2022,8,6.7375,8,7.525,5.95,6,8.2,6.25,4,4,1,2,6,2964,1160,1804,393,772,2192,6.62275885964912,7.36286437068965,6.14685952882483,6.33273218829517,6.68170077720207,6.60200011861314,202
"207",2022,9,7.52,5,7.52,NA,NA,8,7.4,5,0,0,1,4,2969,1165,1804,393,773,2196,6.62426987537891,7.36353877253219,6.14685952882483,6.33273218829517,6.68340620957309,6.60345367030965,203
"208",2022,10,7.03703666666667,9,7,7.066666,5,7,7.04166625,4,5,1,1,8,2978,1169,1809,394,774,2204,6.62551732370718,7.36229484174508,6.1494018352681,6.32934961928934,6.68381524547804,6.60504427858439,204
"209",2022,11,6.75,8,8,6.33333333333333,6,7,6.66666666666667,2,6,1,2,6,2986,1171,1815,395,776,2210,6.62585083389149,7.36338400512382,6.15000987327824,6.32851582278481,6.68463015463918,6.60521157918552,205
"210",2022,12,6.61428571428571,7,5,6.88333333333333,8,6,6.71666666666667,1,6,1,1,6,2993,1172,1821,396,777,2216,6.6258237854995,7.36136746587031,6.15242609555189,6.33273674242424,6.68374903474904,6.60551335288808,206
