"","year","month","avg_rating","no_ratings","avg_rating_owned","avg_rating_not_owned","avg_rating_prev_owned","avg_rating_comment","avg_rating_no_comment","no_ratings_owned","no_ratings_not_owned","no_ratings_prev_owned","no_ratings_comment","no_ratings_no_comment","cum_no_ratings","cum_no_ratings_owned","cum_no_ratings_not_owned","cum_no_ratings_prev_owned","cum_no_ratings_comment","cum_no_ratings_no_comment","cum_avg_rating","cum_avg_rating_owned","cum_avg_rating_not_owned","cum_avg_rating_prev_owned","cum_avg_rating_comment","cum_avg_rating_no_comment","month_after_release"
"1",2005,7,8.25,2,8.25,NA,NA,8.25,NA,2,0,0,2,0,2,2,0,0,2,0,8.25,8.25,NA,NA,8.25,NA,-5
"2",2005,8,6.875,4,7,6.75,7,7.16666666666667,6,2,2,1,3,1,6,4,2,1,5,1,7.33333333333333,7.625,6.75,7,7.6,6,-4
"3",2005,9,7.8,5,7.75,8,NA,7,8,4,1,0,1,4,11,8,3,1,6,5,7.54545454545455,7.6875,7.16666666666667,7,7.5,7.6,-3
"4",2005,10,8.5,2,7,10,NA,7,10,1,1,0,1,1,13,9,4,1,7,6,7.69230769230769,7.61111111111111,7.875,7,7.42857142857143,8,-2
"5",2005,11,7,1,7,NA,NA,NA,7,1,0,0,0,1,14,10,4,1,7,7,7.64285714285714,7.55,7.875,7,7.42857142857143,7.85714285714286,-1
"6",2005,12,7,8,7,NA,NA,NA,7,8,0,0,0,8,22,18,4,1,7,15,7.40909090909091,7.30555555555556,7.875,7,7.42857142857143,7.4,0
"7",2006,1,6.46153846153846,13,6.44444444444444,6.5,6,6.25,6.55555555555556,9,4,1,4,9,35,27,8,2,11,24,7.05714285714286,7.01851851851852,7.1875,6.5,7,7.08333333333333,1
"8",2006,2,6.33333333333333,6,7.2,2,NA,7,6.2,5,1,0,1,5,41,32,9,2,12,29,6.95121951219512,7.046875,6.61111111111111,6.5,7,6.93103448275862,2
"9",2006,3,6.7,4,6.7,NA,NA,NA,6.7,4,0,0,0,4,45,36,9,2,12,33,6.92888888888889,7.00833333333333,6.61111111111111,6.5,7,6.9030303030303,3
"10",2006,4,6.71428571428571,7,6.91666666666667,5.5,NA,5.5,7.2,6,1,0,2,5,52,42,10,2,14,38,6.9,6.9952380952381,6.5,6.5,6.78571428571429,6.9421052631579,4
"11",2006,5,7,6,7.375,6.25,NA,6.75,7.5,4,2,0,4,2,58,46,12,2,18,40,6.91034482758621,7.02826086956522,6.45833333333333,6.5,6.77777777777778,6.97,5
"12",2006,6,5.33333333333333,6,5.66666666666667,5,4.5,3.5,6.25,3,3,2,2,4,64,49,15,4,20,44,6.7625,6.94489795918367,6.16666666666667,5.5,6.45,6.90454545454546,6
"13",2006,7,7.33333333333333,3,7.5,7,NA,5,8.5,2,1,0,1,2,67,51,16,4,21,46,6.78805970149254,6.96666666666667,6.21875,5.5,6.38095238095238,6.97391304347826,7
"14",2006,8,6.33333333333333,6,7.25,4.5,NA,6,6.4,4,2,0,1,5,73,55,18,4,22,51,6.75068493150685,6.98727272727273,6.02777777777778,5.5,6.36363636363636,6.91764705882353,8
"15",2006,9,7.4,5,7.75,6,6,NA,7.4,4,1,1,0,5,78,59,19,5,22,56,6.79230769230769,7.03898305084746,6.02631578947368,5.6,6.36363636363636,6.96071428571429,9
"16",2006,11,6,3,6,NA,NA,5,6.5,3,0,0,1,2,81,62,19,5,23,58,6.76296296296296,6.98870967741936,6.02631578947368,5.6,6.30434782608696,6.9448275862069,11
"17",2006,12,7.33333333333333,3,7,8,NA,7,8,2,1,0,2,1,84,64,20,5,25,59,6.78333333333333,6.9890625,6.125,5.6,6.36,6.96271186440678,12
"18",2007,1,5.875,4,6.16666666666667,5,NA,NA,5.875,3,1,0,0,4,88,67,21,5,25,63,6.74204545454545,6.95223880597015,6.07142857142857,5.6,6.36,6.89365079365079,13
"19",2007,2,5.95121125,8,6.5,5.4024225,NA,5.5,6.101615,4,4,0,2,6,96,71,25,5,27,69,6.67614260416667,6.92676056338028,5.9643876,5.6,6.2962962962963,6.82477811594203,14
"20",2007,3,6.2,10,7,5.66666666666667,6.25,5.5,6.66666666666667,4,6,4,4,6,106,75,31,9,31,75,6.63122349056604,6.93066666666667,5.90676419354839,5.88888888888889,6.19354838709677,6.8121292,15
"21",2007,4,6.54545454545455,11,6.77777777777778,5.5,NA,6.25,6.71428571428571,9,2,0,4,7,117,84,33,9,35,82,6.62315974358974,6.91428571428571,5.88211181818182,5.88888888888889,6.2,6.80377670731707,16
"22",2007,6,6.33333333333333,9,7.33333333333333,4.33333333333333,NA,1,7,6,3,0,1,8,126,90,36,9,36,90,6.60245785714286,6.94222222222222,5.75304694444444,5.88888888888889,6.05555555555556,6.82121877777778,18
"23",2007,7,7.46875,8,7.79166666666667,6.5,NA,7.375,7.5,6,2,0,2,6,134,96,38,9,38,96,6.65417679104478,6.9953125,5.79236026315789,5.88888888888889,6.125,6.86364260416667,19
"24",2007,8,6.18181818181818,11,7.42857142857143,4,NA,6.5,6,7,4,0,4,7,145,103,42,9,42,103,6.61834268965517,7.0247572815534,5.62165928571429,5.88888888888889,6.16071428571429,6.80494844660194,20
"25",2007,9,6.5,4,6.5,6.5,NA,NA,6.5,2,2,0,0,4,149,105,44,9,42,107,6.61516570469799,7.0147619047619,5.66158386363636,5.88888888888889,6.16071428571429,6.7935485046729,21
"26",2007,10,6.38636363636364,11,6.8125,5.25,NA,6.1875,6.5,8,3,0,4,7,160,113,47,9,46,114,6.5994355625,7.00044247787611,5.63531255319149,5.88888888888889,6.16304347826087,6.77552359649123,22
"27",2007,11,5.25,10,5.8125,3,4,NA,5.25,8,2,1,0,10,170,121,49,10,46,124,6.520057,6.92190082644628,5.5277487755102,5.7,6.16304347826087,6.6524975,23
"28",2007,12,6,7,5.83333333333333,7,NA,5,6.16666666666667,6,1,0,1,6,177,127,50,10,47,130,6.4994897740113,6.87047244094488,5.5571938,5.7,6.13829787234043,6.63007453846154,24
"29",2008,1,6.43333333333333,15,6.875,5.92857142857143,7.33333333333333,5.83333333333333,6.58333333333333,8,7,3,3,12,192,135,57,13,50,142,6.49432130208333,6.87074074074074,5.60280157894737,6.07692307692308,6.12,6.62612457746479,25
"30",2008,2,6.45,10,7.1875,3.5,NA,5.75,7.5,8,2,0,6,4,202,143,59,13,56,146,6.49212717821782,6.88846153846154,5.53152016949152,6.07692307692308,6.08035714285714,6.65006636986301,26
"31",2008,3,5.87466666666667,15,6.562,4.5,6,4.4,6.612,10,5,1,5,10,217,153,64,14,61,156,6.44944557603687,6.86712418300654,5.45093265625,6.07142857142857,5.94262295081967,6.64762621794872,27
"32",2008,4,6.5,8,6.85714285714286,4,NA,5.16666666666667,7.3,7,1,0,3,5,225,160,65,14,64,161,6.45124306666667,6.8666875,5.42861061538461,6.07142857142857,5.90625,6.66788627329193,28
"33",2008,5,7,7,7,7,NA,6,7.16666666666667,6,1,0,1,6,232,166,66,14,65,167,6.46780038793103,6.87150602409639,5.45241954545454,6.07142857142857,5.90769230769231,6.68580652694611,29
"34",2008,6,6.25,4,6.66666666666667,5,NA,NA,6.25,3,1,0,0,4,236,169,67,14,65,171,6.4641088559322,6.86786982248521,5.44566701492537,6.07142857142857,5.90769230769231,6.67561222222222,30
"35",2008,7,6.25,12,6.6,4.5,NA,5,6.36363636363636,10,2,0,1,11,248,179,69,14,66,182,6.45374875,6.85290502793296,5.41825637681159,6.07142857142857,5.89393939393939,6.65675653846154,31
"36",2008,8,6.11,10,6.72857142857143,4.66666666666667,NA,NA,6.11,7,3,0,0,10,258,186,72,14,66,192,6.44042515503876,6.84822580645161,5.38694013888889,6.07142857142857,5.89393939393939,6.62827963541667,32
"37",2008,9,6,7,6.75,5,NA,8,5.66666666666667,4,3,0,1,6,265,190,75,14,67,198,6.42879128301887,6.84615789473684,5.37146253333333,6.07142857142857,5.92537313432836,6.59913984848485,33
"38",2008,10,6.24615384615385,13,6.15,6.4,6,6.31428571428571,6.16666666666667,8,5,2,7,6,278,198,80,16,74,204,6.42025068345324,6.8180303030303,5.435746125,6.0625,5.96216216216216,6.58642004901961,34
"39",2008,11,6.6875,8,7.875,5.5,5,5,6.92857142857143,4,4,1,1,7,286,202,84,17,75,211,6.42772618881119,6.8389603960396,5.43880583333333,6,5.94933333333333,6.59777104265403,35
"40",2008,12,5.91666666666667,12,6.5,4.75,5.5,6.6,5.42857142857143,8,4,3,5,7,298,210,88,20,80,218,6.40714661073825,6.82604761904762,5.40749647727273,5.925,5.99,6.56022793577982,36
"41",2009,1,6.5,14,6.8,5.75,6.33333333333333,6.5,6.5,10,4,3,3,11,312,220,92,23,83,229,6.41131310897436,6.82486363636364,5.42238793478261,5.97826086956522,6.00843373493976,6.55733489082969,37
"42",2009,2,5.99333333333333,15,6.21428571428571,5.8,5.83333333333333,6,5.99230769230769,7,8,3,2,13,327,227,100,26,85,242,6.39213972477064,6.80603524229075,5.4525969,5.96153846153846,6.00823529411765,6.52698219008265,38
"43",2009,3,5.99473684210526,19,6.27777777777778,5.74,7,6,5.99411764705882,9,10,3,2,17,346,236,110,29,87,259,6.37031702312139,6.78588983050847,5.47872445454545,6.06896551724138,6.00804597701149,6.49200652509653,39
"44",2009,4,6.29411764705882,17,7.3125,5.38888888888889,5.5,7,6.25,8,9,3,1,16,363,244,119,32,88,275,6.36674845730027,6.80315573770492,5.47193016806723,6.015625,6.01931818181818,6.47792614545455,40
"45",2009,5,5.125,10,6.0625,4.5,6,4.66666666666667,5.32142857142857,4,6,3,3,7,373,248,125,35,91,282,6.33345761394102,6.79120967741935,5.42527752,6.01428571428571,5.97472527472527,6.44921875886525,41
"46",2009,6,7,14,7,7,NA,NA,7,11,3,0,0,14,387,259,128,35,91,296,6.35757025839793,6.80007722007722,5.462185078125,6.01428571428571,5.97472527472527,6.47526922297297,42
"47",2009,7,5.82142857142857,14,6.25,4.75,NA,5,5.95833333333333,10,4,0,2,12,401,269,132,35,93,308,6.33885209476309,6.7796282527881,5.44060371212121,6.01428571428571,5.95376344086022,6.45512886363636,43
"48",2009,8,6.42857142857143,14,6.65,5.875,5.5,6,6.46153846153846,10,4,1,1,13,415,279,136,36,94,321,6.34187877108434,6.77498207885305,5.45338007352941,6,5.95425531914894,6.4553884423676,44
"49",2009,9,4.93333333333333,15,5.4,4.7,5.4,5,4.90909090909091,5,10,5,4,11,430,284,146,41,98,332,6.29274346511628,6.75077464788732,5.40177869863014,5.92682926829268,5.91530612244898,6.40415569277108,45
"50",2009,10,6.33333333333333,15,7.07142857142857,5.6875,5.5,4.5,6.61538461538461,7,8,5,2,13,445,291,154,46,100,345,6.29411166292135,6.75848797250859,5.41662136363636,5.8804347826087,5.887,6.41211504347826,46
"51",2009,11,6.09090909090909,11,6.42857142857143,5.5,NA,6.5,6.05,7,4,0,1,10,456,298,158,46,101,355,6.28920984649123,6.75073825503356,5.41873221518987,5.8804347826087,5.89306930693069,6.40191461971831,47
"52",2009,12,5.83888888888889,18,6.12857142857143,4.825,4.65,3.3,5.98823529411765,14,4,2,1,17,474,312,162,48,102,372,6.27210905063291,6.72282051282051,5.40407216049383,5.82916666666667,5.86764705882353,6.38300991935484,48
"53",2010,1,5.59166666666667,12,5.6375,5.5,6,NA,5.59166666666667,8,4,2,0,12,486,320,166,50,102,384,6.25530800411523,6.6956875,5.40638367469879,5.836,5.86764705882353,6.35828044270833,49
"54",2010,2,6.06666666666667,12,6.725,4.75,2,5.75,6.225,8,4,1,4,8,498,328,170,51,106,392,6.25076242971887,6.69640243902439,5.39093935294118,5.76078431372549,5.86320754716981,6.35556043367347,50
"55",2010,3,6.5,15,7.40909090909091,4,4.5,3.75,6.92307692307692,11,4,1,2,13,513,339,174,52,108,405,6.25805007797271,6.71952802359882,5.35896373563218,5.73653846153846,5.82407407407407,6.37377701234568,51
"56",2010,4,7.625,8,7.625,NA,NA,8,7.4,8,0,0,3,5,521,347,174,52,111,410,6.27903971209213,6.74040345821326,5.35896373563218,5.73653846153846,5.88288288288288,6.38629192682927,52
"57",2010,5,6.11538461538461,13,6,6.5,5,NA,6.11538461538461,10,3,1,0,13,534,357,177,53,111,423,6.27505559925094,6.71966386554622,5.37830333333333,5.72264150943396,5.88288288288288,6.37796617021277,53
"58",2010,6,6.64285714285714,7,6.9,6,6,5.5,7.5,5,2,2,3,4,541,362,179,55,114,427,6.27981458410351,6.7221546961326,5.38524966480447,5.73272727272727,5.87280701754386,6.38847702576112,54
"59",2010,7,6.42727272727273,11,6.63333333333333,5.5,5.5,6,6.47,9,2,2,1,10,552,371,181,57,115,437,6.2827530615942,6.72,5.38651762430939,5.72456140350877,5.87391304347826,6.39034254004577,55
"60",2010,8,4.6875,8,9,4.07142857142857,3.5,NA,4.6875,1,7,2,0,8,560,372,188,59,115,445,6.25996373214286,6.72612903225807,5.33755154255319,5.64915254237288,5.87391304347826,6.35972964044944,56
"61",2010,9,5.68181818181818,11,6.3,5.16666666666667,5,3.5,6.16666666666667,5,6,1,2,9,571,377,194,60,117,454,6.24882607705779,6.7204774535809,5.33226644329897,5.63833333333333,5.83333333333333,6.35590240088106,57
"62",2010,10,5.35,10,6,4.7,5,3,5.61111111111111,5,5,2,1,9,581,382,199,62,118,463,6.23335574870912,6.71104712041885,5.31638035175879,5.61774193548387,5.80932203389831,6.34142481641469,58
"63",2010,11,5.79166666666667,12,6,5.6875,5.66666666666667,4.5,6.4375,4,8,3,4,8,593,386,207,65,122,471,6.22441768971332,6.70367875647668,5.33072314009662,5.62,5.76639344262295,6.34305666666667,59
"64",2010,12,6.61764705882353,17,6.84615384615385,5.875,6,5.5,6.76666666666667,13,4,1,2,15,610,399,211,66,124,486,6.23537654098361,6.70832080200501,5.34104118483412,5.62575757575758,5.76209677419355,6.35613104938272,60
"65",2011,1,6.01818181818182,22,6.36875,5.08333333333333,5.5,4.5,6.17,16,6,3,2,20,632,415,217,69,126,506,6.22781596518987,6.69522891566265,5.33391562211981,5.62028985507246,5.74206349206349,6.34877409090909,61
"66",2011,2,7.07692307692308,13,7.22222222222222,6.75,6,7.25,7.04545454545455,9,4,3,2,11,645,424,221,72,128,517,6.24492975193798,6.70641509433962,5.35954610859728,5.63611111111111,5.765625,6.36359707930368,62
"67",2011,3,6.245125,16,7.658,4.42857142857143,4.5,3.25,6.673,9,7,3,2,14,661,433,228,75,130,531,6.24493447806354,6.72619399538106,5.33096355263158,5.59066666666667,5.72692307692308,6.37175459510358,63
"68",2011,4,5.2125,16,6.08333333333333,4.69,4.81666666666667,5,5.22666666666667,6,10,6,1,15,677,439,238,81,131,546,6.22053425406204,6.71740774487472,5.30403231092437,5.53333333333333,5.72137404580153,6.34029613553114,64
"69",2011,5,5.11111111111111,9,6.66666666666667,4.33333333333333,5.5,5.33333333333333,5,3,6,2,3,6,686,442,244,83,134,552,6.20597913994169,6.71706334841629,5.28016266393443,5.53253012048193,5.71268656716418,6.32572769927536,65
"70",2011,6,5.42307692307692,13,6.28571428571429,4.41666666666667,6,6,5.375,7,6,1,1,12,699,449,250,84,135,564,6.1914187267525,6.71033853006682,5.25943876,5.53809523809524,5.71481481481482,6.30549945035461,66
"71",2011,7,5.95,6,6,5.925,4,NA,5.95,2,4,2,0,6,705,451,254,86,135,570,6.18936409929078,6.70718847006652,5.26992003937008,5.50232558139535,5.71481481481482,6.30175735087719,67
"72",2011,8,5.81111111111111,9,6.18571428571429,4.5,NA,4,6.0375,7,2,0,1,8,714,458,256,86,136,578,6.18459620448179,6.69921834061136,5.2639050390625,5.50232558139535,5.70220588235294,6.29809980968858,68
"73",2011,9,5.94166666666667,12,5.875,6.075,6.26666666666667,5,6.02727272727273,8,4,3,1,11,726,466,260,89,137,589,6.18058084022038,6.6850686695279,5.27638342307692,5.52808988764045,5.6970802919708,6.29304191850594,69
"74",2011,10,5.15,10,5.75,4.25,4,3.66666666666667,5.78571428571429,6,4,3,3,7,736,472,264,92,140,596,6.16657838315217,6.67318220338983,5.26083215909091,5.47826086956522,5.65357142857143,6.28708337248322,70
"75",2011,11,5.22222222222222,18,5.70833333333333,4.25,5,4.33333333333333,5.4,12,6,1,3,15,754,484,270,93,143,611,6.14403407161804,6.64926033057851,5.23836922222222,5.47311827956989,5.62587412587413,6.26530554828151,71
"76",2011,12,5.4,10,5.625,5.25,6.25,NA,5.4,4,6,2,0,10,764,488,276,95,143,621,6.13429540575916,6.64086475409836,5.23862206521739,5.48947368421053,5.62587412587413,6.25137148148148,72
"77",2012,1,5.40625,16,6.58333333333333,4.7,5.14285714285714,6.5,5.25,6,10,7,2,14,780,494,286,102,145,635,6.11936114102564,6.64016599190284,5.21978912587412,5.4656862745098,5.63793103448276,6.229294,73
"78",2012,2,5.79166666666667,12,6,5.6875,5.33333333333333,NA,5.79166666666667,4,8,6,0,12,792,498,294,108,145,647,6.11439607323232,6.63502409638554,5.23251595238095,5.45833333333333,5.63793103448276,6.22117726429676,74
"79",2012,3,5.54615384615385,13,5.59166666666667,5,5,4,6.01,12,1,1,3,10,805,510,295,109,148,657,6.10521949068323,6.61047450980392,5.23172776271186,5.45412844036697,5.60472972972973,6.21796299847793,75
"80",2012,4,5.64285714285714,14,5.72727272727273,5.33333333333333,5.33333333333333,NA,5.64285714285714,11,3,3,0,14,819,521,298,112,148,671,6.09731586080586,6.59182725527831,5.23275063758389,5.45089285714286,5.60472972972973,6.2059637704918,76
"81",2012,5,6.56818181818182,22,6.72727272727273,6.40909090909091,6.375,6.83333333333333,6.52631578947368,11,11,4,3,19,841,532,309,116,151,690,6.10963340071344,6.59462781954887,5.27462682847896,5.48275862068966,5.62913907284768,6.21478505797101,77
"82",2012,6,6.26315789473684,19,6.5,5.75,5.5,5.5,6.35294117647059,13,6,5,2,17,860,545,315,121,153,707,6.11302522093023,6.59237064220184,5.28368155555555,5.48347107438017,5.62745098039216,6.21810705799151,78
"83",2012,7,6.14818181818182,11,6.0625,6.37666666666667,6.5,6.83333333333333,5.89125,8,3,2,3,8,871,553,318,123,156,715,6.11346921928817,6.58470524412297,5.29399273584906,5.5,5.65064102564103,6.21444991608392,79
"84",2012,8,6.26666666666667,21,6.04285714285714,6.71428571428571,7.83333333333333,6.16666666666667,6.28333333333333,14,7,3,3,18,892,567,325,126,159,733,6.11707588565022,6.57132627865961,5.32458366153846,5.55555555555556,5.66037735849057,6.21614145975443,80
"85",2012,9,6.22222222222222,9,6.5,5.66666666666667,6,6,6.25,6,3,1,1,8,901,573,328,127,160,741,6.11812618201998,6.57057940663176,5.32771246951219,5.55905511811024,5.6625,6.21650700404858,81
"86",2012,10,5.92857142857143,14,6.8125,4.75,3.75,5.5,6,8,6,4,2,12,915,581,334,131,162,753,6.11522589071038,6.57391049913942,5.3173344011976,5.50381679389313,5.66049382716049,6.21305669322709,82
"87",2012,11,6.15384615384615,13,6.375,5.8,5.66666666666667,6,6.16666666666667,8,5,3,1,12,928,589,339,134,163,765,6.11576690732759,6.57120882852292,5.32445336283186,5.50746268656717,5.66257668711657,6.21232900653595,83
"88",2012,12,6.1,10,6.5,5.5,5.66666666666667,6,6.11111111111111,6,4,3,1,9,938,595,343,137,164,774,6.11559881663113,6.57049075630252,5.32650055393586,5.51094890510949,5.66463414634146,6.21115205426357,84
"89",2013,1,6.44736842105263,19,6.26470588235294,8,6,8,6.36111111111111,17,2,1,1,18,957,612,345,138,165,792,6.12218567398119,6.56199673202614,5.34199910144927,5.51449275362319,5.67878787878788,6.21456021464646,85
"90",2013,2,6.1875,24,6.73333333333333,5.27777777777778,5.75,6.5,6.14285714285714,15,9,6,3,21,981,627,354,144,168,813,6.12378357798165,6.56609569377991,5.3403663559322,5.52430555555556,5.69345238095238,6.21270810578106,86
"91",2013,3,6.51785714285714,14,7.54166666666667,5.75,6.5,4,6.9375,6,8,4,2,12,995,633,362,148,170,825,6.12932833165829,6.57534281200632,5.34941903314917,5.55067567567568,5.67352941176471,6.22325053333333,87
"92",2013,4,6.45833333333333,12,6.59090909090909,5,5,6,6.5,11,1,1,1,11,1007,644,363,149,171,836,6.13324894736842,6.57560869565218,5.34845644628099,5.54697986577181,5.67543859649123,6.22689197368421,88
"93",2013,5,5.9,15,5.95454545454545,5.75,5.5,5,6.125,11,4,1,3,12,1022,655,367,150,174,848,6.12982552837573,6.5651786259542,5.35283294277929,5.54666666666667,5.66379310344827,6.22545010613208,89
"94",2013,6,5.81818181818182,11,6.2,2,NA,NA,5.81818181818182,10,1,0,0,11,1033,665,368,150,174,859,6.12650696030978,6.55968721804511,5.34372198369565,5.54666666666667,5.66379310344827,6.22023479627474,90
"95",2013,7,5.55263157894737,19,6.04545454545455,4.875,5,5,5.58333333333333,11,8,4,1,18,1052,676,376,154,175,877,6.11614229087453,6.55131952662722,5.33374917553191,5.53246753246753,5.66,6.20716270239453,91
"96",2013,8,6.53846153846154,26,7.125,5.6,5,3.5,6.79166666666667,16,10,6,2,24,1078,692,386,160,177,901,6.12632809833024,6.5645838150289,5.34064686528497,5.5125,5.63559322033898,6.22273217536071,92
"97",2013,9,5.00588235294118,17,6.15,3.37142857142857,2,3.83333333333333,5.25714285714286,10,7,1,3,14,1095,702,393,161,180,915,6.10893305022831,6.55867806267806,5.3055717302799,5.49068322981367,5.60555555555556,6.20795813114754,93
"98",2013,10,5.22222222222222,9,5.42857142857143,4.5,5,6.5,4.85714285714286,7,2,1,2,7,1104,709,395,162,182,922,6.10170442934783,6.54752045133992,5.30149288607595,5.48765432098766,5.61538461538461,6.19770248373102,94
"99",2013,11,5.8,18,6.45,4.5,4,4.5,5.9625,12,6,1,2,16,1122,721,401,163,184,938,6.0968642513369,6.54589736477115,5.28950047381546,5.47852760736196,5.60326086956522,6.1936905010661,95
"100",2013,12,6.31724137931035,29,6.43809523809524,6,3.66666666666667,7.5,6.18076923076923,21,8,3,3,26,1151,742,409,166,187,964,6.1024167593397,6.54284636118598,5.30339777506112,5.44578313253012,5.63368983957219,6.19334200207469,96
"101",2014,1,6.45,20,6.89285714285714,5.41666666666667,4.83333333333333,10,6.26315789473684,14,6,3,1,19,1171,756,415,169,188,983,6.10835327924851,6.54932804232804,5.30503539759036,5.43491124260355,5.65691489361702,6.19469144455748,97
"102",2014,2,5.8741935483871,31,6.85714285714286,3.81,3.72857142857143,4.5,6.07777777777778,21,10,7,4,27,1202,777,425,176,192,1010,6.10231421797005,6.55764736164736,5.26985809411765,5.36704545454546,5.6328125,6.19156602970297,98
"103",2014,3,5.97368421052632,19,6.02941176470588,5.5,5.5,3.5,6.26470588235294,17,2,2,2,17,1221,794,427,178,194,1027,6.10031260442261,6.54633753148615,5.27093604215457,5.3685393258427,5.61082474226804,6.19277671859786,99
"104",2014,4,5.94736842105263,19,6.05555555555556,4,NA,5,6.05882352941176,18,1,0,2,17,1240,812,428,178,196,1044,6.09796910483871,6.53545812807882,5.26796656542056,5.3685393258427,5.60459183673469,6.19059548850575,100
"105",2014,5,5.775,16,5.84444444444444,5.68571428571429,6.25,6.2,5.71428571428571,9,7,2,2,14,1256,821,435,180,198,1058,6.09385484872611,6.52788306942753,5.27468894252874,5.37833333333333,5.61060606060606,6.18429271266541,101
"106",2014,6,5.27777777777778,9,5.91666666666667,4,2,NA,5.27777777777778,6,3,1,0,9,1265,827,438,181,198,1067,6.08804876679842,6.52344860943168,5.26595819634703,5.35966850828729,5.61060606060606,6.17664638238051,102
"107",2014,7,5.36578947368421,19,5.85,5.01363636363636,5.88333333333333,3.2,5.771875,8,11,3,3,16,1284,835,449,184,201,1083,6.07736112928349,6.51699640718563,5.25977659242762,5.36820652173913,5.57462686567164,6.17066638042475,103
"108",2014,8,6.02272727272727,22,6.35714285714286,5.4375,4.625,6.33333333333333,5.97368421052632,14,8,4,3,19,1306,849,457,188,204,1102,6.07644080398162,6.51436042402827,5.26288772428884,5.35239361702128,5.58578431372549,6.16727013611615,104
"109",2014,9,6,16,6.27272727272727,5.4,5,5,6.23076923076923,11,5,2,3,13,1322,860,462,190,207,1115,6.0755156505295,6.51126976744186,5.26437162337662,5.34868421052632,5.57729468599034,6.16801048430493,105
"110",2014,10,6.05882352941176,17,6.125,5,NA,6.66666666666667,5.92857142857143,16,1,0,3,14,1339,876,463,190,210,1129,6.07530372666169,6.50421461187215,5.26380062634989,5.34868421052632,5.59285714285714,6.16504135518158,106
"111",2014,11,5.19333333333333,15,5.49,4.6,5.33333333333333,1,5.49285714285714,10,5,3,1,14,1354,886,468,193,211,1143,6.06553300590842,6.49276749435666,5.25670873931624,5.34844559585492,5.57109004739336,6.15680812773403,107
"112",2014,12,6.3,14,6.8,5.4,5.5,7.9,6.17692307692308,9,5,2,1,13,1368,895,473,195,212,1156,6.06793252192983,6.49585698324022,5.25822344608879,5.35,5.58207547169811,6.15703433391004,108
"113",2015,1,6.10294117647059,34,6.26,5.66666666666667,4.6,5.9,6.13793103448276,25,9,5,5,29,1402,920,482,200,217,1185,6.0687815192582,6.48944782608696,5.26584997925311,5.33125,5.58940092165899,6.15656682700422,109
"114",2015,2,5.71818181818182,22,5.7,5.75,4.66666666666667,2,5.8952380952381,14,8,3,1,21,1424,934,490,203,218,1206,6.0633649508427,6.47761456102784,5.27375446938775,5.32142857142857,5.57293577981651,6.15201632669984,110
"115",2015,3,5.33928571428571,28,6,4.57692307692308,5.25,4.66666666666667,5.42,15,13,4,3,25,1452,949,503,207,221,1231,6.04940199035813,6.47006533192835,5.25574491053678,5.32004830917874,5.5606334841629,6.13715003249391,111
"116",2015,4,6.26470588235294,17,6.55,5.85714285714286,6.66666666666667,5.5,6.36666666666667,10,7,3,2,15,1469,959,510,210,223,1246,6.05189359428182,6.47089885297185,5.26399939215686,5.33928571428572,5.56008968609865,6.13991307383628,112
"117",2015,5,4.75,12,5.55555555555556,2.33333333333333,2.33333333333333,4,4.81818181818182,9,3,3,1,11,1481,968,513,213,224,1257,6.04134482781904,6.46238842975207,5.24686099415205,5.29694835680751,5.553125,6.12834661097852,113
"118",2015,6,6.01666666666667,12,6.02,6,5,6.33333333333333,5.91111111111111,10,2,1,3,9,1493,978,515,214,227,1266,6.04114647689216,6.45786503067485,5.24978580582524,5.29556074766355,5.56343612334802,6.12680228278041,114
"119",2015,7,5.39473684210526,19,6.20833333333333,4,5,6,5.32352941176471,12,7,3,2,17,1512,990,522,217,229,1283,6.03302360449736,6.4548404040404,5.23302622605364,5.29147465437788,5.56724890829694,6.11615876071707,115
"120",2015,8,6.0875,28,6.55277777777778,5.25,4.9,5.45833333333333,6.25909090909091,18,10,5,6,22,1540,1008,532,222,235,1305,6.03401408441559,6.45658928571429,5.23334528195489,5.28265765765766,5.56446808510638,6.11856834482759,116
"121",2015,9,5.70454545454545,22,5.875,5.25,5,4.75,5.8,16,6,2,2,20,1562,1024,538,224,237,1325,6.02937368117798,6.447501953125,5.23353102230483,5.28013392857143,5.55759493670886,6.11375976603774,117
"122",2015,10,5.64705882352941,17,6.3,4.71428571428571,4.66666666666667,5.75,5.61538461538461,10,7,3,4,13,1579,1034,545,227,241,1338,6.02525756174794,6.4460754352031,5.22686181651376,5.27202643171806,5.56078838174274,6.10891755605381,118
"123",2015,11,5.57826086956522,23,6.19230769230769,4.78,4.4,6,5.55909090909091,13,10,6,1,22,1602,1047,555,233,242,1360,6.0188400062422,6.44292454632283,5.21881025225225,5.24957081545065,5.56260330578512,6.10002330147059,119
"124",2015,12,4.72727272727273,22,5.28571428571429,3.75,3.83333333333333,4.42857142857143,4.86666666666667,14,8,6,7,15,1624,1061,563,239,249,1375,6.00134340517241,6.42765504241282,5.19793905861457,5.21401673640167,5.53072289156627,6.08656850181818,120
"125",2016,1,5.23214285714286,28,5.83333333333333,4.15,4.08333333333333,4.1,5.47826086956522,18,10,6,5,23,1652,1079,573,245,254,1398,5.98830610774819,6.41774050046339,5.17965041884817,5.18632653061225,5.50255905511811,6.07656057939914,121
"126",2016,2,6.25,12,6.3125,6.125,5.83333333333333,6.25,6.25,8,4,3,2,10,1664,1087,577,248,256,1408,5.99019332331731,6.41696596136155,5.18620396880416,5.19415322580645,5.5083984375,6.07779239346591,122
"127",2016,3,5.76923076923077,13,6.75,4.2,4,4.66666666666667,6.1,8,5,4,3,10,1677,1095,582,252,259,1418,5.98848043530113,6.41939908675799,5.17773142611684,5.17519841269841,5.49864864864865,6.07794900564175,123
"128",2016,4,5.41666666666667,24,5.77777777777778,4.33333333333333,4,NA,5.41666666666667,18,6,4,0,24,1701,1113,588,256,259,1442,5.98041251616696,6.40902246181492,5.16911511904762,5.1568359375,5.49864864864865,6.06694291955617,124
"129",2016,5,5.58695652173913,23,6.16666666666667,4.5,4.75,3,5.975,15,8,4,3,20,1724,1128,596,260,262,1462,5.97516339327146,6.40579964539007,5.16013370805369,5.15057692307692,5.47003816793893,6.0656851504788,125
"130",2016,6,6.40084615384615,13,6.45454545454545,6.1055,6.1055,8,6.26758333333333,11,2,2,1,12,1737,1139,598,262,263,1474,5.9783492746114,6.40627041264267,5.16329546822743,5.15786641221374,5.47965779467681,6.06732882632293,126
"131",2016,7,5.66666666666667,15,6.25,5.27777777777778,5.25,5.5,5.69230769230769,6,9,2,2,13,1752,1145,607,264,265,1487,5.97568075913242,6.40545152838428,5.16499289950577,5.1585643939394,5.47981132075472,6.06405022864828,127
"132",2016,8,5.07222222222222,18,5.95,4.19444444444444,4.2,5.57142857142857,4.75454545454545,9,9,5,7,11,1770,1154,616,269,272,1498,5.96649304519774,6.40189948006933,5.15081280844156,5.14074721189591,5.48216911764706,6.05443437249666,128
"133",2016,9,5.37647058823529,17,6.19,4.21428571428571,4.1,5,5.4,10,7,5,1,16,1787,1164,623,274,273,1514,5.96088007274762,6.40007903780069,5.14029003210273,5.12175547445256,5.48040293040293,6.04751828929987,129
"134",2016,10,5.40476190476191,21,6,3.91666666666667,4.5,2.25,5.73684210526316,15,6,3,2,19,1808,1179,629,277,275,1533,5.95442073561947,6.39498897370653,5.1286179491256,5.11502166064982,5.45690909090909,6.04366776908023,130
"135",2016,11,5.44444444444444,18,6.09090909090909,4.42857142857143,5,NA,5.44444444444444,11,7,1,0,18,1826,1190,636,278,275,1551,5.94939358707557,6.39217815126051,5.1209130345912,5.11460791366907,5.45690909090909,6.03671353320438,131
"136",2016,12,5.42307692307692,13,6.375,3.9,4.16666666666667,5.5,5.41666666666667,8,5,3,1,12,1839,1198,641,281,276,1563,5.94567302338227,6.39206343906511,5.11138953198128,5.10448754448399,5.45706521739131,6.03195309660908,132
"137",2017,1,5.69,20,6.11538461538461,4.9,4.66666666666667,3.43333333333333,6.08823529411765,13,7,3,3,17,1859,1211,648,284,279,1580,5.94292237224314,6.38909331131297,5.10910600308642,5.09986267605634,5.43530465949821,6.03255866455696,133
"138",2017,2,6.06521739130435,23,6.30952380952381,3.5,4,10,5.88636363636364,21,2,3,1,22,1882,1232,650,287,280,1602,5.94441694473964,6.38773701298702,5.10415490769231,5.08836585365854,5.45160714285714,6.03055099250936,134
"139",2017,3,6.5,20,6.6,6.2,7,7.33333333333333,6.35294117647059,15,5,1,3,17,1902,1247,655,288,283,1619,5.95025903785489,6.39029029671211,5.11252013740458,5.09500347222222,5.47155477031802,6.03393618900556,135
"140",2017,4,5.76470588235294,17,5.85714285714286,5.33333333333333,5.5,5.5,5.8,14,3,1,2,15,1919,1261,658,289,285,1634,5.94861526315789,6.38437113402062,5.11352688449848,5.09640484429066,5.47175438596491,6.03178867197062,136
"141",2017,5,5.78888888888889,18,5.85714285714286,5.55,5.66666666666667,6,5.77647058823529,14,4,3,1,17,1937,1275,662,292,286,1651,5.94713097057305,6.37858196078432,5.11616418429003,5.10226369863014,5.4736013986014,6.02915971532405,137
"142",2017,6,5.375,12,5.75,4.625,4,4,5.5,8,4,1,1,11,1949,1283,666,293,287,1662,5.94360835813238,6.37466250974279,5.11321424924925,5.09850170648464,5.4684668989547,6.02565745487365,138
"143",2017,7,4.70833333333333,12,6,3.41666666666667,6,NA,4.70833333333333,6,6,1,0,12,1961,1289,672,294,287,1674,5.93604930647629,6.37291854150504,5.09806650297619,5.10156802721089,5.4684668989547,6.01621427120669,139
"144",2017,8,5.41176470588235,17,5.95,4.64285714285714,4.3,4.6,5.75,10,7,5,5,12,1978,1299,679,299,292,1686,5.93154332153691,6.36966281755196,5.09337362297496,5.08816387959866,5.45359589041096,6.01431950771056,140
"145",2017,9,5.22727272727273,22,5.43333333333333,4.78571428571429,5.33333333333333,5.66666666666667,5.15789473684211,15,7,3,3,19,2000,1314,686,302,295,1705,5.923796345,6.35897412480974,5.09023424198251,5.09059933774835,5.45576271186441,6.004775771261,141
"146",2017,10,5.66666666666667,18,6.36363636363636,4.57142857142857,4,4.5,5.8125,11,7,3,2,16,2018,1325,693,305,297,1721,5.92150281962339,6.35901283018868,5.08499378066378,5.07987213114754,5.4493265993266,6.00298819872167,142
"147",2017,11,4.91176470588235,17,5.45833333333333,3.6,4.5,4.5,4.96666666666667,12,5,2,2,15,2035,1337,698,307,299,1736,5.91306766093366,6.35092894540015,5.07435628939828,5.07609446254072,5.44297658862876,5.99403380760369,143
"148",2017,12,5.73809523809524,21,6.25,5.05555555555556,5,5,5.775,12,9,3,1,20,2056,1349,707,310,300,1756,5.91128049124514,6.35003113417346,5.07411695898161,5.07535806451613,5.4415,5.99153911731207,144
"149",2018,1,6.075,20,6.46875,4.5,3,7,6.02631578947368,16,4,2,1,19,2076,1365,711,312,301,1775,5.9128577504817,6.35142271062271,5.0708870464135,5.06205448717949,5.44667774086379,5.99191137464789,145
"150",2018,2,6.29583333333333,12,6.95,4.33333333333333,5,NA,6.29583333333333,9,3,2,0,12,2088,1374,714,314,301,1787,5.91505875957854,6.35534352256186,5.06778808123249,5.06165923566879,5.44667774086379,5.99395226077224,146
"151",2018,3,4.95833333333333,18,5.91666666666667,4,6,2.5,5.265625,9,9,3,2,16,2106,1383,723,317,303,1803,5.90688161918329,6.35248879248012,5.05449611341632,5.07053943217666,5.42722772277228,5.98748901275652,147
"152",2018,4,5.84571428571429,21,5.84,5.85714285714286,4.5,3,5.988,14,7,2,1,20,2127,1397,730,319,304,1823,5.90627771039022,6.34735289906944,5.0621927260274,5.06696238244514,5.41924342105263,5.98749461876028,148
"153",2018,5,5.47058823529412,17,6.03846153846154,3.625,4.5,7.125,4.96153846153846,13,4,2,4,13,2144,1410,734,321,308,1836,5.90282308302239,6.34450496453901,5.05436061307902,5.06342990654206,5.4413961038961,5.98023022331155,149
"154",2018,6,5.3,10,5.77777777777778,1,NA,NA,5.3,9,1,0,0,10,2154,1419,735,321,308,1846,5.90002446146704,6.34091050035236,5.04884447619048,5.06342990654206,5.4413961038961,5.97654533586132,150
"155",2018,7,4.98461538461538,13,5.76,4.5,4.16666666666667,4.6,5.1,5,8,6,3,10,2167,1424,743,327,311,1856,5.89453285186894,6.33887078651686,5.04293497981157,5.0469755351682,5.43327974276527,5.9718225700431,151
"156",2018,8,6.14583333333333,24,6.66666666666667,4.58333333333333,4.125,5,6.19565217391304,18,6,4,1,23,2191,1442,749,331,312,1879,5.89728557279781,6.3429625520111,5.0392532576769,5.03583383685801,5.43189102564102,5.974562368281,152
"157",2018,9,5.59090909090909,11,5.22222222222222,7.25,NA,5,5.8125,9,2,0,3,8,2202,1451,751,331,315,1887,5.89575508174387,6.33601102687802,5.04514073235686,5.03583383685801,5.42777777777778,5.97387529941706,153
"158",2018,10,5.62,10,5.66666666666667,5.55,5.4,4.5,5.9,6,4,3,2,8,2212,1457,755,334,317,1895,5.89450844936709,6.33325463280714,5.04781548344371,5.03910479041916,5.42192429022082,5.97356342480211,154
"159",2018,11,5.33736842105263,19,5.72384615384615,4.5,4,7,5.245,13,6,4,1,18,2231,1470,761,338,318,1913,5.88976364410578,6.32786530612245,5.04349630749014,5.02680769230769,5.42688679245283,5.9667081495034,155
"160",2018,12,6.11666666666667,24,6.27777777777778,5.63333333333333,5.76666666666667,6.5,6.08181818181818,18,6,3,2,22,2255,1488,767,341,320,1935,5.89217857649667,6.32725940860215,5.04811041720991,5.03331671554252,5.43359375,5.96801689405685,156
"161",2019,1,5.29545454545455,22,5.89285714285714,4.25,4.875,5.25,5.3,14,8,4,2,20,2277,1502,775,345,322,1955,5.88641312692139,6.3232103861518,5.03987185806452,5.03148115942029,5.43245341614907,5.96118296163683,157
"162",2019,2,7,5,8.33333333333333,5,NA,NA,7,3,2,0,0,5,2282,1505,777,345,322,1960,5.88885306310254,6.32721727574751,5.03976922779923,5.03148115942029,5.43245341614907,5.96383300510204,158
"163",2019,3,6.06666666666667,15,6.15384615384615,5.5,5.5,5.5,6.27272727272727,13,2,2,4,11,2297,1518,779,347,326,1971,5.89001423160644,6.3257325428195,5.04095082156611,5.03418155619597,5.43328220858896,5.965556920345,159
"164",2019,4,6.40384615384615,13,7,5.0625,NA,4,6.60416666666667,9,4,0,1,12,2310,1527,783,347,327,1983,5.89290592640693,6.32970661427636,5.04106090676884,5.03418155619597,5.42889908256881,5.96942142713061,160
"165",2019,5,5.96428571428571,7,7.25,4.25,4.375,5,6.125,4,3,2,1,6,2317,1531,786,349,328,1989,5.8931215753129,6.3321110385369,5.03804159033079,5.03040401146132,5.42759146341463,5.96989074409251,161
"166",2019,6,5.75,10,5.6875,6,NA,NA,5.75,8,2,0,0,10,2327,1539,788,349,328,1999,5.89250652771809,6.32876023391813,5.04048310913706,5.03040401146132,5.42759146341463,5.96879074037018,162
"167",2019,7,5.625,8,5.4,6,6.5,NA,5.625,5,3,2,0,8,2335,1544,791,351,328,2007,5.89159001713062,6.32575259067358,5.04412223767383,5.03877777777778,5.42759146341463,5.96742037369208,163
"168",2019,8,5.82352941176471,17,6.25,4.8,7,7,5.75,12,5,1,1,16,2352,1556,796,352,329,2023,5.89109808248299,6.32516838046273,5.04258880653266,5.04434943181818,5.43237082066869,5.96570078596144,164
"169",2019,9,5.15,10,5.5625,3.5,5,NA,5.15,8,2,1,0,10,2362,1564,798,353,329,2033,5.88796049534293,6.32126726342711,5.03872266917293,5.04422379603399,5.43237082066869,5.96168848499754,165
"170",2019,10,5.7,10,6.1,5.3,5.5,6,5.66666666666667,5,5,3,1,9,2372,1569,803,356,330,2042,5.88716808178752,6.3205621414914,5.0403495516812,5.04806460674157,5.43409090909091,5.96038819294809,166
"171",2019,11,5.83697,11,6.02296333333333,5,7,5.35,5.94518555555556,9,2,1,2,9,2383,1578,805,357,332,2051,5.8869363659253,6.31886480988593,5.04024930434783,5.05353221288515,5.4335843373494,5.9603214822038,167
"172",2019,12,6.13333333333333,15,6.27272727272727,5.75,5,NA,6.13333333333333,11,4,1,0,15,2398,1589,809,358,332,2066,5.88847763135947,6.3185454185022,5.04375857849196,5.05338268156425,5.4335843373494,5.96157761858664,168
"173",2020,1,6,17,6.54545454545455,5,4,5.83333333333333,6.03571428571429,11,6,3,3,14,2415,1600,815,361,335,2080,5.88926267494824,6.32010541875,5.04343642944785,5.04462880886427,5.43716417910448,5.96207661538462,169
"174",2020,2,5.925,20,6.19230769230769,5.42857142857143,5.4,6.66666666666667,5.79411764705882,13,7,5,3,17,2435,1613,822,366,338,2097,5.88955620533881,6.31907543087415,5.04671616788321,5.04948360655738,5.44807692307692,5.96071500238436,170
"175",2020,3,5.83333333333333,9,6.0625,4,4,7,5.6875,8,1,1,1,8,2444,1621,823,367,339,2105,5.88934916530278,6.31780917334978,5.04544433778858,5.04662397820164,5.45265486725664,5.95967665558195,171
"176",2020,4,6.811205,14,7.285687,5.625,5.25,6,6.87360538461538,10,4,2,1,13,2458,1631,827,369,340,2118,5.89459976810415,6.3237434334764,5.04824750906892,5.04772628726287,5.45426470588235,5.96528622757318,172
"177",2020,5,6.04166666666667,12,6.5,4.66666666666667,5,5.5,6.09090909090909,9,3,1,1,11,2470,1640,830,370,341,2129,5.89531426315789,6.32471069512195,5.04686830120482,5.0475972972973,5.45439882697947,5.96593528886801,173
"178",2020,6,5.66666666666667,6,6,4,4,7,5.4,5,1,1,1,5,2476,1645,831,371,342,2134,5.89476018982229,6.3237237325228,5.04560853188929,5.04477358490566,5.45891812865497,5.96460929240862,174
"179",2020,7,5.30769230769231,13,5.88888888888889,4,6,9,5,9,4,1,1,12,2489,1654,835,372,343,2146,5.89169394535958,6.32135764207981,5.04059962874251,5.04734139784946,5.46924198250729,5.95921539142591,175
"180",2020,8,5.16666666666667,12,5.44444444444444,4.33333333333333,3.5,6.5,4.9,9,3,2,2,10,2501,1663,838,374,345,2156,5.88821520591763,6.31661187011425,5.03806764916468,5.03906684491979,5.47521739130435,5.95430251855288,176
"181",2020,9,5.13636363636364,11,5.5,4.83333333333333,5.125,5.5,5.1,5,6,4,1,10,2512,1668,844,378,346,2166,5.88492286226115,6.31416399280576,5.03661219194313,5.03997619047619,5.47528901734104,5.95035837026778,177
"182",2020,10,6.375,8,6.5,6,6,NA,6.375,6,2,1,0,8,2520,1674,846,379,346,2174,5.88647866269841,6.31483007168459,5.03888970449173,5.0425092348285,5.47528901734104,5.95192098896044,178
"183",2020,11,5.1,10,5.5,3.5,5,6,5,8,2,1,1,9,2530,1682,848,380,347,2183,5.8833700513834,6.31095454221165,5.03526024764151,5.04239736842105,5.47680115273775,5.94799644067797,179
"184",2020,12,5.6625,8,5.325,6,6,6.5,5.38333333333333,4,4,4,2,6,2538,1686,852,384,349,2189,5.88267384948778,6.30861538552788,5.03978954225352,5.05237239583333,5.48266475644699,5.94644871174052,180
"185",2021,1,5.61904761904762,21,6.02941176470588,3.875,4.5,6.25,5.47058823529412,17,4,3,4,17,2559,1703,856,387,353,2206,5.88051044548652,6.30582826776277,5.03434660046729,5.04809043927649,5.49135977337111,5.94278160924751,181
"186",2021,2,5.7,10,5.625,6,6,NA,5.7,8,2,2,0,10,2569,1711,858,389,353,2216,5.8798077968081,6.30264496785506,5.03659754079254,5.05298457583548,5.49135977337111,5.94168602436823,182
"187",2021,3,6.13636363636364,11,6.5625,5,5,7.5,5.83333333333333,8,3,3,2,9,2580,1719,861,392,355,2225,5.88090163953488,6.30385429901105,5.0364700232288,5.05257908163265,5.50267605633803,5.94124774382022,183
"188",2021,4,5.5,9,5.6875,4,4,NA,5.5,8,1,1,0,9,2589,1727,862,393,355,2234,5.87957753186558,6.30099915460336,5.03526762180974,5.04990076335878,5.50267605633803,5.93947011190689,184
"189",2021,5,6.15,10,5.66666666666667,6.875,5.5,NA,6.15,6,4,1,0,10,2599,1733,866,394,355,2244,5.88061801846864,6.29880296595499,5.04376523094688,5.05104314720812,5.50267605633803,5.94040830213904,185
"190",2021,6,5.91666666666667,6,5.91666666666667,NA,NA,NA,5.91666666666667,6,0,0,0,6,2605,1739,866,394,355,2250,5.88070104798464,6.29748449683726,5.04376523094688,5.05104314720812,5.50267605633803,5.94034499111111,186
"191",2021,7,5,6,5.4,3,3,NA,5,5,1,1,0,6,2611,1744,867,395,355,2256,5.8786772232861,6.29491143348624,5.04140794694348,5.04585063291139,5.50267605633803,5.93784407358156,187
"192",2021,8,5.5625,16,5.54545454545455,5.6,6,4,5.78571428571429,11,5,3,2,14,2627,1755,872,398,357,2270,5.87675151503616,6.29021398290598,5.04461088302752,5.05304271356784,5.49425770308123,5.93690582819383,188
"193",2021,9,5.44444444444444,9,6,3.5,3.5,NA,5.44444444444444,7,2,2,0,9,2636,1762,874,400,357,2279,5.87527550455235,6.28906103291714,5.04107630434783,5.0452775,5.49425770308123,5.93496104870557,189
"194",2021,10,5.045926,15,5.85714285714286,4.33611125,4,NA,5.045926,7,8,1,0,15,2651,1769,882,401,357,2294,5.87058284420973,6.28735191633691,5.03468206349206,5.04267082294264,5.49425770308123,5.92914782911944,190
"195",2021,11,5.31818181818182,11,5.25,5.4,5,NA,5.31818181818182,6,5,1,0,11,2662,1775,887,402,357,2305,5.86830019534185,6.28384537464789,5.03674135287486,5.04256467661692,5.49425770308123,5.92623215618221,191
"196",2021,12,6.05583333333333,12,7.19666666666667,4.915,5,5.5,6.10636363636364,6,6,2,1,11,2674,1781,893,404,358,2316,5.86914178010471,6.28692057271196,5.0359233818589,5.04235396039604,5.49427374301676,5.92708770293609,192
"197",2022,1,5.61764705882353,17,6.20833333333333,4.2,3,NA,5.61764705882353,12,5,1,0,17,2691,1793,898,405,358,2333,5.86755299888517,6.28639461238148,5.03126902004454,5.03731111111111,5.49427374301676,5.92483288469781,193
"198",2022,2,4.96,10,5.95,1,1,1,5.4,8,2,1,1,9,2701,1801,900,406,359,2342,5.86419293594965,6.28490035535813,5.02231064444444,5.02736699507389,5.48175487465181,5.9228160204953,194
"199",2022,3,5.47058823529412,17,5.5,5.33333333333333,5,6.5,5.33333333333333,14,3,2,2,15,2718,1815,903,408,361,2357,5.86173109639441,6.27884602754821,5.02334394241417,5.02723284313725,5.48739612188366,5.91906453966907,195
"200",2022,4,6.57142857142857,7,6.57142857142857,NA,NA,NA,6.57142857142857,7,0,0,0,7,2725,1822,903,408,361,2364,5.86355417247706,6.27997010976948,5.02334394241417,5.02723284313725,5.48739612188366,5.92099624365482,196
"201",2022,5,5.3125,8,5.35714285714286,5,NA,5,5.35714285714286,7,1,0,1,7,2733,1829,904,408,362,2371,5.86194113428467,6.27643823947512,5.02331811946903,5.02723284313725,5.48604972375691,5.91933155630535,197
"202",2022,6,5.5625,8,7.625,3.5,NA,NA,5.5625,4,4,0,0,8,2741,1833,908,408,362,2379,5.86106717256475,6.27938109110747,5.01660746696035,5.02723284313725,5.48604972375691,5.91813161832703,198
"203",2022,7,6.33333333333333,12,6.5,5.5,NA,NA,6.33333333333333,10,2,0,0,12,2753,1843,910,408,362,2391,5.863125724664,6.28057815518177,5.01766986813187,5.02723284313725,5.48604972375691,5.92021544123797,199
"204",2022,8,6,9,6,6,NA,NA,6,7,2,0,0,9,2762,1850,912,408,362,2400,5.86357173062998,6.27951650810811,5.01982410087719,5.02723284313725,5.48604972375691,5.92051463333333,200
"205",2022,9,5.42857142857143,7,5.5,5,NA,NA,5.42857142857143,6,1,0,0,7,2769,1856,913,408,362,2407,5.86247205489346,6.27699651939655,5.01980238773275,5.02723284313725,5.48604972375691,5.91908397174906,201
"206",2022,10,5.83333333333333,6,6,5,NA,5,6,5,1,0,1,5,2775,1861,914,408,363,2412,5.86240905225225,6.27625230521225,5.01978072210066,5.02723284313725,5.48471074380165,5.91925170812603,202
"207",2022,11,6.99090909090909,11,7.1125,6.66666666666667,6,NA,6.99090909090909,8,3,1,0,11,2786,1869,917,409,363,2423,5.86686472361809,6.27983174959872,5.02516857142857,5.02961124694377,5.48471074380165,5.92411684688403,203
"208",2022,12,4.8,5,4.33333333333333,5.5,5.5,3,5.25,3,2,2,1,4,2791,1872,919,411,364,2427,5.86495346470799,6.27671236111111,5.02620193688792,5.031900243309,5.47788461538462,5.92300581788216,204
