"","year","month","avg_rating","no_ratings","avg_rating_owned","avg_rating_not_owned","avg_rating_prev_owned","avg_rating_comment","avg_rating_no_comment","no_ratings_owned","no_ratings_not_owned","no_ratings_prev_owned","no_ratings_comment","no_ratings_no_comment","cum_no_ratings","cum_no_ratings_owned","cum_no_ratings_not_owned","cum_no_ratings_prev_owned","cum_no_ratings_comment","cum_no_ratings_no_comment","cum_avg_rating","cum_avg_rating_owned","cum_avg_rating_not_owned","cum_avg_rating_prev_owned","cum_avg_rating_comment","cum_avg_rating_no_comment","month_after_release"
"1",2005,7,2,1,NA,2,NA,2,NA,0,1,0,1,0,1,0,1,0,1,0,2,NA,2,NA,2,NA,-3
"2",2005,8,8,2,NA,8,NA,NA,8,0,2,0,0,2,3,0,3,0,1,2,6,NA,6,NA,2,8,-2
"3",2005,9,9,1,9,NA,NA,9,NA,1,0,0,1,0,4,1,3,0,2,2,6.75,9,6,NA,5.5,8,-1
"4",2005,10,5.975,12,7.9,5.33333333333333,6,5.4625,7,3,9,1,8,4,16,4,12,1,10,6,6.16875,8.175,5.5,6,5.47,7.33333333333333,0
"5",2005,11,6.5,11,7.75,5,6,7,6.08333333333333,6,5,1,5,6,27,10,17,2,15,12,6.3037037037037,7.92,5.35294117647059,6,5.98,6.70833333333333,1
"6",2005,12,6.10526315789474,19,6.22222222222222,6,NA,5.625,6.45454545454545,9,10,0,8,11,46,19,27,2,23,23,6.22173913043478,7.11578947368421,5.59259259259259,6,5.85652173913043,6.58695652173913,2
"7",2006,1,6.853125,32,6.85454545454545,6.85,NA,6.72352941176471,7,22,10,0,17,15,78,41,37,2,40,38,6.48076923076923,6.97560975609756,5.93243243243243,6,6.225,6.75,3
"8",2006,2,5.8681,10,6.8362,4.9,NA,5.69683333333333,6.125,5,5,0,6,4,88,46,42,2,46,42,6.41114772727273,6.96045652173913,5.80952380952381,6,6.15610869565217,6.69047619047619,4
"9",2006,3,6.23235294117647,17,6.86666666666667,5.88636363636364,7,6.05555555555556,6.43125,6,11,1,9,8,105,52,53,3,55,50,6.3822,6.94963461538461,5.82547169811321,6.33333333333333,6.13965454545454,6.649,5
"10",2006,4,6.31521739130435,23,7.35,5.51923076923077,NA,5.52777777777778,6.82142857142857,10,13,0,9,14,128,62,66,3,64,64,6.3701640625,7.01420967741935,5.76515151515152,6.33333333333333,6.053609375,6.68671875,6
"11",2006,5,6.75,24,7.05555555555556,5.83333333333333,NA,6.5,6.875,18,6,0,8,16,152,80,72,3,72,80,6.43013815789474,7.0235125,5.77083333333333,6.33333333333333,6.10320833333333,6.724375,7
"12",2006,6,6.77272727272727,22,7.85714285714286,6.26666666666667,7,6.53846153846154,7.11111111111111,7,15,3,13,9,174,87,87,6,85,89,6.47345402298851,7.09058620689655,5.85632183908046,6.66666666666667,6.16977647058824,6.76348314606742,8
"13",2006,7,6.2,30,6.70588235294118,5.53846153846154,7,6.20833333333333,6.19444444444444,17,13,1,12,18,204,104,100,7,97,107,6.43324019607843,7.02770192307692,5.815,6.71428571428571,6.17454639175258,6.6677570093458,9
"14",2006,8,6.44736842105263,19,6.83333333333333,5,NA,5.25,7.31818181818182,15,4,0,8,11,223,119,104,7,105,118,6.43444394618834,7.00320168067227,5.78365384615385,6.71428571428571,6.10410476190476,6.72838983050848,10
"15",2006,9,6.05555555555556,27,6.44444444444444,5.86111111111111,6,6.1,6,9,18,5,15,12,250,128,122,12,120,130,6.393524,6.9639140625,5.79508196721311,6.41666666666667,6.10359166666667,6.66115384615385,11
"16",2006,10,7.19444444444444,18,7.46153846153846,6.5,NA,7,7.4375,13,5,0,10,8,268,141,127,12,130,138,6.4473171641791,7.00979432624113,5.82283464566929,6.41666666666667,6.17254615384615,6.70615942028986,12
"17",2006,11,6.5695652173913,23,7.08333333333333,6.00909090909091,7,6.4,6.83333333333333,12,11,3,14,9,291,153,138,15,144,147,6.4569793814433,7.01556209150327,5.83768115942029,6.53333333333333,6.19465972222222,6.71394557823129,13
"18",2006,12,6.59459459459459,37,7.075,6.02941176470588,5.83333333333333,6.425,6.79411764705882,20,17,3,20,17,328,173,155,18,164,164,6.47250304878049,7.02243352601156,5.85870967741935,6.41666666666667,6.22275,6.72225609756098,14
"19",2007,1,6.56923076923077,52,7.04230769230769,6.09615384615385,6.1,6.43529411764706,6.63428571428571,26,26,5,17,35,380,199,181,23,181,199,6.48573947368421,7.02503015075377,5.89281767955801,6.34782608695652,6.24271270718232,6.70678391959799,15
"20",2007,2,6.38545352941177,68,6.79473684210526,5.867028,6,6.28378378378378,6.50680129032258,38,30,5,37,31,448,237,211,28,218,230,6.4705175,6.98810548523207,5.88915090047393,6.28571428571429,6.24968348623853,6.67982973913043,16
"21",2007,3,6.44651162790698,43,6.890625,5.15454545454545,6,6.33333333333333,6.47647058823529,32,11,1,9,34,491,269,222,29,227,264,6.46841515274949,6.9765092936803,5.85275153153153,6.27586206896552,6.253,6.65363954545455,17
"22",2007,4,6.37745098039216,51,6.43181818181818,6.27777777777778,7,6.51086956521739,6.26785714285714,33,18,2,23,28,542,302,240,31,250,292,6.45985579335793,6.91699006622516,5.8846285,6.32258064516129,6.276724,6.61664671232877,18
"23",2007,5,6.46666666666667,39,6.71666666666667,6.06666666666667,5.66666666666667,6.12857142857143,6.656,24,15,3,14,25,581,326,255,34,264,317,6.46031297762478,6.90224233128834,5.89533662745098,6.26470588235294,6.26886742424243,6.61975028391167,19
"24",2007,6,6.54242424242424,33,6.86842105263158,6.1,5.5,6.46666666666667,6.63333333333333,19,14,2,18,15,614,345,269,36,282,332,6.4647261237785,6.90037971014493,5.9059882527881,6.22222222222222,6.28149290780142,6.62036397590362,20
"25",2007,7,6.65,22,6.92857142857143,6.1625,7.4,6.7,6.60833333333333,14,8,2,10,12,636,359,277,38,292,344,6.47113496855346,6.9014791086351,5.91339653429603,6.28421052631579,6.29582534246575,6.61994430232558,21
"26",2007,8,6.89473684210526,19,7.11538461538461,6.41666666666667,NA,6.58333333333333,7.03846153846154,13,6,0,6,13,655,372,283,38,298,357,6.48342265648855,6.90895430107527,5.92406657243816,6.28421052631579,6.30161409395973,6.63518442577031,22
"27",2007,9,6.93263888888889,36,7.45789473684211,6.34558823529412,5.9,6.725,7.08095238095238,19,17,2,15,21,691,391,300,40,313,378,6.50682610709117,6.93562915601023,5.9479528,6.265,6.32190415335463,6.65994931216931,23
"28",2007,10,6.34369565217391,46,6.82545454545455,5.90208333333333,5.875,6.2064,6.50714285714286,22,24,6,25,21,737,413,324,46,338,399,6.49664428765265,6.9297602905569,5.9445550617284,6.21413043478261,6.31336094674556,6.65190686716792,24
"29",2007,11,6.63913043478261,46,7.1551724137931,5.75882352941176,5,5.95833333333333,6.87941176470588,29,17,1,12,34,783,442,341,47,350,433,6.50501512132822,6.94454977375565,5.93529571847507,6.18829787234043,6.30118857142857,6.66977099307159,25
"30",2007,12,6.72307692307692,52,6.95333333333333,6.40909090909091,6.5,6.5551724137931,6.93478260869565,30,22,1,29,23,835,472,363,48,379,456,6.51859501796407,6.94510805084746,5.9640105785124,6.19479166666667,6.32062269129288,6.68313780701754,26
"31",2008,1,7.02857142857143,63,7.46428571428571,6.15714285714286,6.66666666666667,7.26785714285714,6.83714285714286,42,21,3,28,35,898,514,384,51,407,491,6.55437287305122,6.98753112840467,5.9745725,6.22254901960784,6.3857886977887,6.69411576374746,27
"32",2008,2,6.47023809523809,42,7,5.8875,4.6875,6.27941176470588,6.6,22,20,4,17,25,940,536,404,55,424,516,6.55061365957447,6.98804291044776,5.97026198019802,6.11090909090909,6.38152358490566,6.68955589147287,28
"33",2008,3,6.47090909090909,55,6.70555555555556,6.02631578947368,6,6.12068965517241,6.86153846153846,36,19,2,29,26,995,572,423,57,453,542,6.54620787939698,6.97026398601398,5.97277976359338,6.10701754385965,6.36482560706402,6.69780597785978,29
"34",2008,4,6.63709677419355,31,6.73684210526316,6.47916666666667,6.875,6.26785714285714,6.94117647058824,19,12,2,14,17,1026,591,435,59,467,559,6.54895403508772,6.96275972927242,5.98674905747126,6.13305084745763,6.36191862955032,6.70520722719141,30
"35",2008,5,6.49146341463415,41,6.6025,6.38571428571429,6.16666666666667,6.44705882352941,6.52291666666667,20,21,3,17,24,1067,611,456,62,484,583,6.54674492970946,6.95096726677578,6.00512245614035,6.13467741935484,6.36490909090909,6.69770298456261,31
"36",2008,6,6.24594594594595,37,6.86111111111111,5.66315789473684,6,6.61363636363636,5.70666666666667,18,19,2,22,15,1104,629,475,64,506,598,6.53666380434783,6.94839586645469,5.99144387368421,6.13046875,6.3757233201581,6.67284421404682,32
"37",2008,7,6.31081081081081,37,6.80952380952381,5.65625,5.5,6.15625,6.42857142857143,21,16,3,16,21,1141,650,491,67,522,619,6.52933991235758,6.94390923076923,5.98052105906314,6.10223880597015,6.36899616858238,6.66455709208401,33
"38",2008,8,6.39787234042553,47,6.71612903225806,5.78125,5.64285714285714,6.97727272727273,6.22083333333333,31,16,7,11,36,1188,681,507,74,533,655,6.52413875420875,6.93354038179148,5.9742324260355,6.05878378378378,6.38154971857411,6.64016922137405,34
"39",2008,9,6.42888888888889,45,6.925,6.032,5.78571428571429,6.10526315789474,6.66538461538462,20,25,7,19,26,1233,701,532,81,552,681,6.52066248175182,6.93329671897289,5.97694706766917,6.03518518518518,6.37203985507246,6.64113192364171,35
"40",2008,10,6.20975609756098,41,6.87777777777778,5.68695652173913,5.5,5.725,6.52,18,23,5,16,25,1274,719,555,86,568,706,6.51065686028257,6.93190681502086,5.96492944144144,6.00406976744186,6.35381338028169,6.63684254957507,36
"41",2008,11,6.46046511627907,43,6.95454545454546,5.94285714285714,5.25,6.02,6.69642857142857,22,21,6,15,28,1317,741,576,92,583,734,6.50901810174639,6.93257894736842,5.96412472222222,5.95489130434783,6.34522469982847,6.63911558583106,37
"42",2008,12,6.40961538461538,52,6.77777777777778,6.012,5.7,7.25,6.20952380952381,27,25,10,10,42,1369,768,601,102,593,776,6.50524239590942,6.92713671875,5.9661162063228,5.92990196078431,6.36048229342327,6.61586448453608,38
"43",2009,1,6.63787878787879,66,6.87159090909091,6.17045454545455,6.17777777777778,6.42083333333333,6.76190476190476,44,22,9,24,42,1435,812,623,111,617,818,6.5113427456446,6.92412684729064,5.97333200642055,5.95,6.36282982171799,6.62336288508558,39
"44",2009,2,6.43469387755102,49,7.30416666666667,5.6,5.5,6.22,6.52941176470588,24,25,4,15,34,1484,836,648,115,632,852,6.50881188679245,6.93503708133971,5.9589287654321,5.93434782608696,6.35943987341772,6.61961366197183,40
"45",2009,3,6.59302325581395,43,7.10434782608696,6.005,7,6.52941176470588,6.63461538461539,23,20,4,17,26,1527,859,668,119,649,878,6.51118326129666,6.93957043073341,5.96030814371258,5.97016806722689,6.36389214175655,6.62005790432802,41
"46",2009,4,6.58809523809524,63,7.05555555555556,6.2375,6.3625,6.56428571428571,6.59489795918367,27,36,8,14,49,1590,886,704,127,663,927,6.51423071698113,6.94310496613995,5.97448272727273,5.99488188976378,6.36812368024133,6.61872798274002,42
"47",2009,5,6.65471698113208,53,7.02083333333333,6.35172413793103,6.2,6.43333333333333,6.7421052631579,24,29,5,15,38,1643,910,733,132,678,965,6.51876253195374,6.94515494505494,5.98940769440655,6.00265151515151,6.36956637168141,6.6235863626943,43
"48",2009,6,6.47906976744186,43,6.89565217391304,6,5.63333333333333,6.30769230769231,6.55333333333333,23,20,3,13,30,1686,933,753,135,691,995,6.51775020166073,6.94393461950697,5.98968903054449,5.99444444444444,6.3684023154848,6.62146818090452,44
"49",2009,7,6.111,50,6.60769230769231,5.57291666666667,5.36111111111111,5.73214285714286,6.25833333333333,26,24,9,14,36,1736,959,777,144,705,1031,6.50603504608295,6.93481856100104,5.97681575289575,5.95486111111111,6.35576737588652,6.60878839961203,45
"50",2009,8,6.30208333333333,48,6.84210526315789,5.94827586206897,6.16666666666667,6.7,6.19736842105263,19,29,9,10,38,1784,978,806,153,715,1069,6.50054755605381,6.93301738241309,5.97578888337469,5.96732026143791,6.36058181818182,6.59416355472404,46
"51",2009,9,6.61666666666667,48,7.32272727272727,6.01923076923077,5.8125,6.44736842105263,6.72758620689655,22,26,8,19,29,1832,1000,832,161,734,1098,6.50358997816594,6.941591,5.97714644230769,5.95962732919255,6.36282833787466,6.59768746812386,47
"52",2009,10,6.52195121951219,41,7.040625,6.19,6.05,6.35769230769231,6.59821428571429,16,25,5,13,28,1873,1016,857,166,747,1126,6.5039919060331,6.94315059055118,5.98335570595099,5.96234939759036,6.36273895582329,6.59770056838366,48
"53",2009,11,6.42372881355932,59,6.97619047619048,6.11842105263158,5.5,5.89285714285714,6.58888888888889,21,38,7,14,45,1932,1037,895,173,761,1171,6.50154080745341,6.94381967213115,5.98909032402235,5.94364161849711,6.35409461235217,6.5973619470538,49
"54",2009,12,6.38161764705882,68,7.20694444444444,5.453125,4.83333333333333,6.46590909090909,6.34130434782609,36,32,6,22,46,2000,1073,927,179,783,1217,6.49746342,6.9526477166822,5.97058882416397,5.90642458100559,6.35723627075351,6.5876835168447,50
"55",2010,1,6.31578947368421,76,6.959375,5.84772727272727,5.68333333333333,5.81521739130435,6.53301886792453,32,44,18,23,53,2076,1105,971,197,806,1270,6.4908125433526,6.95284253393665,5.96502146240989,5.88604060913706,6.34176923076923,6.58540223622047,51
"56",2010,2,6.63617021276596,47,7.40909090909091,5.956,5.41666666666667,6.53125,6.69032258064516,22,25,6,16,31,2123,1127,996,203,822,1301,6.49403054168629,6.96174889086069,5.96479502008032,5.87216748768473,6.34545742092457,6.58790225980015,52
"57",2010,3,6.26875,48,6.77894736842105,5.93448275862069,6.28571428571429,5.15384615384615,6.68285714285714,19,29,7,13,35,2171,1146,1025,210,835,1336,6.48904967296177,6.95871815008726,5.96393740487805,5.88595238095238,6.32690538922156,6.5903898502994,53
"58",2010,4,6.5109756097561,41,6.89090909090909,6.07105263157895,5.9,6.47857142857143,6.52777777777778,22,19,4,14,27,2212,1168,1044,214,849,1363,6.48945607594937,6.95744092465753,5.96588681992337,5.88621495327103,6.32940636042403,6.58914955245781,54
"59",2010,5,6.39591836734694,49,6.61666666666667,6.04736842105263,6.125,6.70588235294118,6.23125,30,19,4,17,32,2261,1198,1063,218,866,1395,6.4874289429456,6.94890734557596,5.9673432173095,5.89059633027523,6.33679676674365,6.5809396702509,55
"60",2010,6,6.44307692307692,65,6.88918918918919,5.85357142857143,5.5,6,6.65454545454545,37,28,7,21,44,2326,1235,1091,225,887,1439,6.48618952708512,6.94711821862348,5.96442331805683,5.87844444444444,6.3288229988726,6.58319029881862,56
"61",2010,7,6.18928571428571,56,6.55652173913044,5.93333333333333,5.54545454545455,6.75454545454545,6.05111111111111,23,33,11,11,45,2382,1258,1124,236,898,1484,6.47920942065491,6.93997694753577,5.96351053380783,5.86292372881356,6.33403786191537,6.56705582210243,57
"62",2010,8,6.49555555555556,45,6.71428571428571,6.13529411764706,5.8,6.02857142857143,6.70645161290323,28,17,5,14,31,2427,1286,1141,241,912,1515,6.47951250103008,6.93506298600311,5.96606997370727,5.86161825726141,6.32934868421052,6.56990814521452,58
"63",2010,9,6.64634146341463,41,6.97222222222222,6.39130434782609,6.6,6.75,6.62857142857143,18,23,5,6,35,2468,1304,1164,246,918,1550,6.48228397082658,6.9355759202454,5.97447237113402,5.87662601626016,6.33209803921568,6.5712328,59
"64",2010,10,6.64222222222222,45,7.01379310344828,5.96875,5.5,6.21538461538462,6.815625,29,16,3,13,32,2513,1333,1180,249,931,1582,6.48514796657381,6.93727756939235,5.97439477966102,5.87208835341365,6.33046831364124,6.57617625790139,60
"65",2010,11,6.41796875,64,7.0258064516129,5.8469696969697,5.9,6.2125,6.51136363636364,31,33,5,20,44,2577,1364,1213,254,951,1626,6.48347956538611,6.93928958944281,5.97092814509481,5.87263779527559,6.32798738170347,6.57442241082411,61
"66",2010,12,6.29634146341463,82,6.78297872340426,5.64285714285714,5.72857142857143,5.90476190476191,6.43114754098361,47,35,14,21,61,2659,1411,1248,268,972,1687,6.477708476871,6.93408291991495,5.96172743589744,5.86511194029851,6.31884362139917,6.56924175459395,62
"67",2011,1,6.4969696969697,66,6.8625,6.15294117647059,6.36666666666667,6.45833333333333,6.50555555555556,32,34,9,12,54,2725,1443,1282,277,984,1741,6.47817498715596,6.93249549549549,5.96679862714509,5.88140794223827,6.32054471544715,6.56726642159678,63
"68",2011,2,6.51203703703704,54,6.88088235294118,5.885,6.33333333333333,5.96071428571429,6.705,34,20,3,14,40,2779,1477,1302,280,998,1781,6.47883297589061,6.93130737982397,5.96554211981567,5.88625,6.31549699398797,6.57035982032566,64
"69",2011,3,6.71857142857143,49,7.0224,6.40208333333333,6.25,6.83333333333333,6.70255813953488,25,24,2,6,43,2828,1502,1326,282,1004,1824,6.48298685997171,6.93282356857523,5.97344331825038,5.88882978723404,6.31859163346613,6.5734763377193,65
"70",2011,4,6.828125,32,7.27380952380952,5.97727272727273,5.875,7.39285714285714,6.67,21,11,4,7,25,2860,1523,1337,286,1011,1849,6.48684854545454,6.9375252790545,5.97347482423336,5.88863636363636,6.3260296735905,6.57478141698215,66
"71",2011,5,6.43,30,7.02857142857143,5.90625,4.83333333333333,6.86666666666667,6.24285714285714,14,16,3,9,21,2890,1537,1353,289,1020,1870,6.48625842214533,6.93835458685751,5.97267985218034,5.87768166089965,6.3308,6.57105392513369,67
"72",2011,6,6.61029411764706,34,6.89285714285714,6.15384615384615,6.5,6.25,6.6875,21,13,4,6,28,2924,1558,1366,293,1026,1898,6.48770069767442,6.93774133504493,5.97440398243045,5.88617747440273,6.33032748538012,6.57277178082192,68
"73",2011,7,6.23125,32,6.89285714285714,5.71666666666667,5.6125,5.94545454545455,6.38095238095238,14,18,8,11,21,2956,1572,1384,301,1037,1919,6.48492450608931,6.93734160305343,5.97105190751445,5.87890365448505,6.32624493731919,6.57067266284523,69
"74",2011,8,6.54054054054054,37,7.20909090909091,5.56,7,6.69230769230769,6.45833333333333,22,15,1,13,24,2993,1594,1399,302,1050,1943,6.48561204143,6.9410922208281,5.96664463187991,5.88261589403974,6.33077714285714,6.56928504374678,70
"75",2011,9,6.1047619047619,42,6.34090909090909,5.845,5.3,5.99333333333333,6.16666666666667,22,20,5,15,27,3035,1616,1419,307,1065,1970,6.4803416276771,6.93292141089109,5.96493011980268,5.87312703583062,6.32602441314554,6.56376692385787,71
"76",2011,10,6.51463414634146,41,6.45555555555556,6.62857142857143,6.75,6.5,6.51935483870968,27,14,4,10,31,3076,1643,1433,311,1075,2001,6.48079871261378,6.92507668898357,5.97141370551291,5.88440514469453,6.32764279069767,6.56307888055972,72
"77",2011,11,6.79230769230769,52,7.28888888888889,6.256,5.8,7.13571428571429,6.66578947368421,27,25,5,14,38,3128,1670,1458,316,1089,2039,6.48597725063938,6.93095868263473,5.9762934430727,5.88306962025316,6.33803122130395,6.56499305541932,73
"78",2011,12,6.34821428571429,56,7.12962962962963,5.62068965517241,6,6.3,6.375,27,29,7,20,36,3184,1697,1487,323,1109,2075,6.4835542839196,6.93411962286388,5.96935833221251,5.88560371517028,6.33734535617673,6.56169679036144,74
"79",2012,1,6.56911764705882,68,7.02763157894737,5.98833333333333,6.80833333333333,6.21666666666667,6.64464285714286,38,30,6,12,56,3252,1735,1517,329,1121,2131,6.48534343173432,6.93616772334294,5.96973357943309,5.90243161094225,6.33605352363961,6.56387650868137,75
"80",2012,2,6.1875,48,6.856,5.46086956521739,6,6.01153846153846,6.25285714285714,25,23,5,13,35,3300,1760,1540,334,1134,2166,6.48101116363636,6.93502897727272,5.96213366233766,5.90389221556886,6.33233333333333,6.5588508033241,76
"81",2012,3,6.61388888888889,36,7.05882352941176,6.21578947368421,6,6.2,6.69666666666667,17,19,3,6,30,3336,1777,1559,337,1140,2196,6.48244509592326,6.93621328081035,5.96522504169339,5.90474777448071,6.33163684210526,6.56073353369763,77
"82",2012,4,6.25,46,6.67391304347826,5.82608695652174,5,6.05555555555556,6.2972972972973,23,23,1,9,37,3382,1800,1582,338,1149,2233,6.47928351271437,6.93286166666666,5.9632021744627,5.90207100591716,6.32947432550043,6.55636849081952,78
"83",2012,5,6.82574257425743,101,7.23125,6.12432432432432,6.5,6.59583333333333,6.8974025974026,64,37,9,24,77,3483,1864,1619,347,1173,2310,6.48933012919897,6.94310675965665,5.9668843977764,5.91757925072046,6.33492412617221,6.56773629437229,79
"84",2012,6,6.90915841584158,101,7.23088235294118,6.24621212121212,5.95833333333333,6.785,6.95,68,33,9,25,76,3584,1932,1652,356,1198,2386,6.50116122767857,6.95323550724637,5.97246418886198,5.9186095505618,6.344316360601,6.57991233864208,80
"85",2012,7,7.02191666666667,120,7.33066666666667,6.50733333333333,6.5,6.91071428571429,7.05576086956522,75,45,9,28,92,3704,2007,1697,365,1226,2478,6.51803235421166,6.96733981066268,5.98664751915144,5.93294520547945,6.35725203915171,6.597579031477,81
"86",2012,8,6.91847826086957,92,7.37068965517241,6.14705882352941,6.21428571428571,6.925,6.91666666666667,58,34,7,20,72,3796,2065,1731,372,1246,2550,6.52773757639621,6.97866876513317,5.98979829000578,5.93823924731183,6.36636516853932,6.60658856470588,82
"87",2012,9,7.09770114942529,87,7.44528301886792,6.55588235294118,6.23076923076923,6.77941176470588,7.175,53,34,13,17,70,3883,2118,1765,385,1263,2620,6.54050781354623,6.99034513692162,6.00070302549575,5.94811688311688,6.37192478226445,6.62177512977099,83
"88",2012,10,6.79953271028037,107,7.27720588235294,5.96666666666667,6.32,6.93333333333333,6.77247191011236,68,39,10,18,89,3990,2186,1804,395,1281,2709,6.54745409523809,6.99926852698993,5.99996720620842,5.95753164556962,6.37981342701015,6.62672603912883,84
"89",2012,11,6.67448979591837,98,7.02608695652174,5.83793103448276,5.3,6.20909090909091,6.80921052631579,69,29,5,22,76,4088,2255,1833,400,1303,2785,6.55049947162427,7.00008913525499,5.99740362247681,5.9493125,6.37693092862625,6.63170586714542,85
"90",2012,12,6.58072727272727,110,6.95173333333333,5.78571428571429,5.75,6.06206896551724,6.76641975308642,75,35,12,29,81,4198,2330,1868,412,1332,2866,6.55129152929967,6.99853261802575,5.99343728051392,5.9435072815534,6.37007582582583,6.63551320307048,86
"91",2013,1,6.90227272727273,176,7.22045454545455,6.3719696969697,6.44615384615385,6.95595238095238,6.88544776119403,110,66,13,42,134,4374,2440,1934,425,1374,3000,6.56541422953818,7.00853729508196,6.00635513960703,5.95888235294118,6.3879847161572,6.64667694666667,87
"92",2013,2,6.89532710280374,107,7.20461538461538,6.41666666666667,6.6,6.63571428571429,6.9873417721519,65,42,10,28,79,4481,2505,1976,435,1402,3079,6.57329208658781,7.0136251497006,6.01507633603239,5.97362068965517,6.39293223965763,6.65541761610913,88
"93",2013,3,6.82298387096774,124,7.32651515151515,6.25,5.75,6.90384615384615,6.8015306122449,66,58,14,26,98,4605,2571,2034,449,1428,3177,6.58001560043431,7.02165733177752,6.02177524090462,5.96664810690423,6.40223459383753,6.65992472143532,89
"94",2013,4,6.84508196721311,122,6.94512195121951,6.64,6.875,6.675,6.87843137254902,82,40,8,20,102,4727,2653,2074,457,1448,3279,6.58685674635075,7.01929174519412,6.03369857280617,5.98254923413567,6.4060020718232,6.66672181762732,90
"95",2013,5,6.75778761061947,113,7.13892307692308,6.24166666666667,6.60714285714286,6.65857142857143,6.7804347826087,65,48,14,21,92,4840,2718,2122,471,1469,3371,6.5908474876033,7.02215268579838,6.03840284637135,6.00111464968153,6.40961266167461,6.66982522693563,91
"96",2013,6,6.8948275862069,116,7.27112676056338,6.30111111111111,6.41666666666667,6.97352941176471,6.88131313131313,71,45,12,17,99,4956,2789,2167,483,1486,3470,6.59796243744955,7.02849085693797,6.04385825565297,6.01143892339545,6.41606393001346,6.67585903170029,92
"97",2013,7,6.67480916030534,131,6.98108108108108,6.27719298245614,6.14736842105263,6.30714285714286,6.745,74,57,19,21,110,5087,2863,2224,502,1507,3580,6.59994138785138,7.02726545581557,6.04983850719424,6.01658366533865,6.41454611811546,6.67798347486033,93
"98",2013,8,6.9113475177305,141,7.23684210526316,6.23913043478261,6.4,6.25862068965517,7.08035714285714,95,46,10,29,112,5228,2958,2270,512,1536,3692,6.60834006120887,7.03399628127113,6.05367437885462,6.024072265625,6.41160221354167,6.69018982665222,94
"99",2013,9,6.97231404958678,121,7.28092105263158,6.45111111111111,6.5,6.82142857142857,7.004,76,45,15,21,100,5349,3034,2315,527,1557,3792,6.61657353524023,7.0401816084377,6.06139993088553,6.03761859582543,6.41712973667309,6.69846541139241,95
"100",2013,10,6.79579831932773,119,6.97777777777778,6.40789473684211,5.9,6.81481481481481,6.79021739130435,81,38,10,27,92,5468,3115,2353,537,1584,3884,6.62047400146306,7.03855890850722,6.06699568210794,6.03505586592179,6.42390845959596,6.70063873326468,96
"101",2013,11,6.68110855263158,152,7.18433734939759,6.07577536231884,6.424,5.97368421052632,6.91691666666667,83,69,20,38,114,5620,3198,2422,557,1622,3998,6.62211393950178,7.04234240150093,6.06724580511973,6.04902154398564,6.41336066584463,6.70680573786893,97
"102",2013,12,6.90579268292683,164,7.19476190476191,6.39152542372881,6.65454545454545,6.83055555555556,6.926953125,105,59,11,36,128,5784,3303,2481,568,1658,4126,6.63015738934993,7.04718770814411,6.07495741233373,6.06074823943662,6.42241917973462,6.7136353223461,98
"103",2014,1,6.77101167315175,257,7.05145348837209,6.20352941176471,6.43478260869565,6.575,6.80714285714286,172,85,23,40,217,6041,3475,2566,591,1698,4343,6.63614970038073,7.04739884892086,6.07921642244739,6.07530456852792,6.42601354534747,6.71830746949114,99
"104",2014,2,6.7562874251497,167,6.96592920353982,6.31759259259259,6.5,6.58695652173913,6.78333333333333,113,54,14,23,144,6208,3588,2620,605,1721,4487,6.63938149806701,7.04483305462653,6.08412951908397,6.08513223140496,6.42816443927949,6.72039432583018,100
"105",2014,3,7.05037593984962,133,7.27098765432099,6.70673076923077,6.9,7.13636363636364,7.03333333333333,81,52,14,22,111,6341,3669,2672,619,1743,4598,6.64800194606529,7.04982583810302,6.09624601047904,6.10356219709209,6.43710327022375,6.72794896476729,101
"106",2014,4,6.78532934131737,167,7.04059405940594,6.39469696969697,6.23076923076923,6.12068965517241,6.925,101,66,13,29,138,6508,3770,2738,632,1772,4736,6.65152586662569,7.04957851458886,6.10344022644266,6.10617879746836,6.43192494356659,6.73369073902027,102
"107",2014,5,6.85416666666667,144,7.22849462365591,6.17156862745098,6.1875,6.41666666666667,6.91666666666667,93,51,12,18,126,6652,3863,2789,644,1790,4862,6.65591255862898,7.05388584002071,6.10468603083542,6.10769409937888,6.43177150837989,6.73843260798026,103
"108",2014,6,6.78448275862069,116,7.13,6.34411764705882,6.33157894736842,6.79791666666667,6.78097826086957,65,51,19,24,92,6768,3928,2840,663,1814,4954,6.65811618498818,7.05514536659878,6.10898568309859,6.11411010558069,6.4366157662624,6.73922271699637,104
"109",2014,7,6.88366666666667,150,7.31797752808989,6.25,5.89285714285714,6.64473684210526,6.91832061068702,89,61,14,19,131,6918,4017,2901,677,1833,5085,6.66300669846776,7.06096863330844,6.11195082385384,6.10953471196455,6.43877304964539,6.74383664503442,105
"110",2014,8,6.59575418994413,179,6.84025210084034,6.11083333333333,6.20454545454545,6.6256,6.59090909090909,119,60,11,25,154,7097,4136,2961,688,1858,5239,6.66131046075807,7.05461823017408,6.11192817966903,6.11105377906977,6.44128686759957,6.73934135140294,106
"111",2014,9,6.70674603174603,126,7.16304347826087,6.15438596491228,6.76923076923077,7.044,6.62326732673267,69,57,13,25,101,7223,4205,3018,701,1883,5340,6.6621030513637,7.05639738406659,6.11273006626905,6.12325962910128,6.44928890069039,6.73714594382023,107
"112",2014,10,6.69235668789809,157,6.98117647058824,6.35138888888889,6.26363636363636,6.6125,6.7128,85,72,22,32,125,7380,4290,3090,723,1915,5465,6.66274665853659,7.05490699300699,6.11829104854369,6.12753112033195,6.45201618798956,6.73658908325709,108
"113",2014,11,6.8144099378882,161,7.01833333333333,6.46186440677966,6.1625,6.78566666666667,6.82099236641221,102,59,16,30,131,7541,4392,3149,739,1945,5596,6.6659846625116,7.05405760473588,6.12472827564306,6.12828822733424,6.45716246786632,6.73856492852037,109
"114",2014,12,6.78201219512195,164,7.01323529411765,6.40161290322581,6.1,6.75652173913043,6.78617021276596,102,62,15,23,141,7705,4494,3211,754,1968,5737,6.66845429461389,7.05313106364041,6.13007453752725,6.12772546419098,6.46066107723577,6.73973493812097,110
"115",2015,1,6.73798387096774,248,7.18714285714286,6.00212765957447,5.4375,6.60897435897436,6.76205741626794,154,94,8,39,209,7953,4648,3305,762,2007,5946,6.67062244939017,7.05757121342513,6.12643550378215,6.12047900262467,6.46354309915296,6.74051956609485,111
"116",2015,2,6.72197452229299,157,6.86157407407407,6.41428571428571,6.72222222222222,6.63103448275862,6.742578125,108,49,9,29,128,8110,4756,3354,771,2036,6074,6.67161656473489,7.05312047939445,6.13064082886106,6.12750324254215,6.46592878192534,6.74056294698716,112
"117",2015,3,6.65868055555556,144,7.04827586206897,6.0640350877193,6.55555555555556,6.80357142857143,6.62370689655172,87,57,9,28,116,8254,4843,3411,780,2064,6190,6.67139088199661,7.0530334503407,6.129527804163,6.13244230769231,6.47050920542635,6.73837307592892,113
"118",2015,4,6.59570552147239,163,6.94207920792079,6.03145161290323,6.25294117647059,6.22424242424242,6.69,101,62,17,33,130,8417,4944,3473,797,2097,6320,6.66992519187359,7.05076678802589,6.12777694788367,6.13501254705144,6.46663376251788,6.73737806012658,114
"119",2015,5,6.89212142857143,140,7.07937647058823,6.60272727272727,6.9,6.925,6.88390178571429,85,55,11,28,112,8557,5029,3528,808,2125,6432,6.67356051653617,7.05125034798171,6.13518121882086,6.14542698019802,6.4726734117647,6.73992946828358,115
"120",2015,6,6.655,120,6.956,6.15333333333333,6.46153846153846,6.70588235294118,6.64660194174757,75,45,13,17,103,8677,5104,3573,821,2142,6535,6.6733038308171,7.04985070532915,6.13540983487266,6.15043239951279,6.47452427637722,6.73845850650344,116
"121",2015,7,6.65766871165644,163,7.09708737864078,5.90333333333333,5.84615384615385,6.73333333333333,6.64827586206897,103,60,13,18,145,8840,5207,3633,834,2160,6680,6.67301553619909,7.05078509698483,6.13157702725021,6.14568944844125,6.47668101851852,6.7365009491018,117
"122",2015,8,6.58257575757576,198,6.86468253968254,6.08888888888889,6.17391304347826,6.43125,6.62088607594937,126,72,23,40,158,9038,5333,3705,857,2200,6838,6.6710342265988,7.04638814925933,6.13074746018894,6.14644690781797,6.475855,6.73382953202691,118
"123",2015,9,6.72469512195122,164,7.16057692307692,5.96916666666667,5.640625,6.79166666666667,6.705859375,104,60,16,36,128,9202,5437,3765,873,2236,6966,6.67199058248207,7.04857237447121,6.12817246746348,6.13717640320733,6.48093962432916,6.73331558139535,119
"124",2015,10,6.48271604938272,162,6.69032258064516,6.20289855072464,6.3,6.58793103448276,6.45977443609023,93,69,15,29,133,9364,5530,3834,888,2265,7099,6.66871607646305,7.04254755877034,6.12951730307773,6.1399268018018,6.48230949227373,6.72819077898296,120
"125",2015,11,6.45204081632653,196,6.75701754385965,6.02804878048781,5.75,5.96944444444444,6.560625,114,82,16,36,160,9560,5644,3916,904,2301,7259,6.66427378033473,7.03678029766123,6.12739257916241,6.13302544247788,6.47428552803129,6.72449736051798,121
"126",2015,12,6.70237154150198,253,6.90350318471338,6.3734375,6.56818181818182,6.73529411764706,6.6972602739726,157,96,22,34,219,9813,5801,4012,926,2335,7478,6.66525602160399,7.03317324599207,6.13327999501496,6.14336393088553,6.47808608137045,6.72369969778015,122
"127",2016,1,6.85546875,256,7.09926380368098,6.42817204301075,6.06363636363636,6.35645161290323,6.92422222222222,163,93,22,31,225,10069,5964,4105,948,2366,7703,6.67009209852021,7.03497954393025,6.13996086236297,6.14151371308017,6.47649239222316,6.72955684019213,123
"128",2016,2,6.74189189189189,185,7.12366071428571,6.15616438356164,6.26923076923077,6.42142857142857,6.79904458598726,112,73,13,28,157,10254,6076,4178,961,2394,7860,6.67138749171055,7.0366142198815,6.1402439779799,6.14324141519251,6.47584837092732,6.73094482697201,124
"129",2016,3,6.71294416243655,197,7.00175438596491,6.31626506024096,6.34,6.51935483870968,6.74909638554217,114,83,20,31,166,10451,6190,4261,981,2425,8026,6.67217082958568,7.03597221324717,6.14367269185637,6.14725280326198,6.47640453608247,6.73132025168203,125
"130",2016,4,6.71529126213592,206,7.11610169491525,6.17784090909091,6.055,6.56818181818182,6.73288043478261,118,88,20,22,184,10657,6308,4349,1001,2447,8210,6.67300434831566,7.03747114774889,6.14436406990113,6.14540959040959,6.47722966898242,6.73135521802679,126
"131",2016,5,6.8561320754717,212,7.12484615384615,6.43012195121951,5.86666666666667,6.95961538461538,6.84166666666667,130,82,15,26,186,10869,6438,4431,1016,2473,8396,6.67657625724538,7.03923547685616,6.14965229970661,6.14129429133858,6.48230125353821,6.73379899237732,127
"132",2016,6,6.75300925925926,216,7.037890625,6.33863636363636,6.275,6.86363636363636,6.73306010928962,128,88,10,33,183,11085,6566,4519,1026,2506,8579,6.67806561479477,7.03920925982333,6.153332449657,6.14259746588694,6.48732282521947,6.73378323114582,128
"133",2016,7,6.69896373056995,193,7.07565217391304,6.14358974358974,6.25,6.79193548387097,6.68117283950617,115,78,10,31,162,11278,6681,4597,1036,2537,8741,6.67842324348288,7.03983655141446,6.15316713943877,6.14363416988417,6.49104493496255,6.73280818441826,129
"134",2016,8,6.7625,264,7.06339285714286,6.2359375,6.39230769230769,6.675,6.7728813559322,168,96,26,28,236,11542,6849,4693,1062,2565,8977,6.68034632992549,7.04041436706088,6.15486028979331,6.14972222222222,6.49305302144249,6.73386168430433,130
"135",2016,9,6.56385869565217,184,6.98105263157895,6.1185393258427,6.04166666666667,6.33148148148148,6.60382165605096,95,89,12,27,157,11726,6944,4782,1074,2592,9134,6.67851844959918,7.03960224654378,6.15418430363865,6.14851489757914,6.4913699845679,6.7316264878476,131
"136",2016,10,6.80446927374302,179,7.07894736842105,6.32307692307692,5.41666666666667,6.52903225806452,6.86216216216216,114,65,12,31,148,11905,7058,4847,1086,2623,9282,6.68041220831583,7.04023774440351,6.15644921394677,6.14042817679558,6.49181509721693,6.73370785822021,132
"137",2016,11,6.82079207920792,202,7.065625,6.3972972972973,5.95833333333333,6.85769230769231,6.81534090909091,128,74,12,26,176,12107,7186,4921,1098,2649,9458,6.68275438506649,7.04068995268578,6.16007098963625,6.13843806921676,6.49540619101548,6.73522693381264,133
"138",2016,12,6.59460093896714,213,6.86455223880597,6.13670886075949,6.38181818181818,6.72916666666667,6.57751322751323,134,79,22,24,189,12320,7320,5000,1120,2673,9647,6.68123030357143,7.03746557377049,6.159701868,6.14321875,6.49750505050505,6.73213707266508,134
"139",2017,1,6.78904761904762,336,7.18561320754717,6.11104838709677,5.82758620689655,6.57159090909091,6.82181506849315,212,124,29,44,292,12656,7532,5124,1149,2717,9939,6.68409271017699,7.04163542219862,6.15852446135831,6.13525239338555,6.49870482149429,6.7347717416239,135
"140",2017,2,6.66208530805687,211,6.9030303030303,6.25949367088608,6.30769230769231,6.31818181818182,6.7021164021164,132,79,13,22,189,12867,7664,5203,1162,2739,10128,6.68373182093728,7.03924817327766,6.16005753219297,6.13718158347676,6.49725483753195,6.73416235584518,136
"141",2017,3,6.74165957446808,235,6.97267605633803,6.3889247311828,6.21818181818182,6.63783783783784,6.76106060606061,142,93,22,37,198,13102,7806,5296,1184,2776,10326,6.68477082430163,7.03803715090955,6.16407653700906,6.13868665540541,6.49912860230547,6.73467812705791,137
"142",2017,4,6.76045454545455,220,7.0952,6.32,5.5625,6.33333333333333,6.81275510204082,125,95,16,24,196,13322,7931,5391,1200,2800,10522,6.68602066806785,7.03893809103518,6.16682421443146,6.13100416666667,6.4977075,6.73613251663182,138
"143",2017,5,6.62328767123288,219,6.89666666666667,6.29191919191919,5.68125,6.77272727272727,6.60659898477157,120,99,16,22,197,13541,8051,5490,1216,2822,10719,6.68500608079167,7.03681753819401,6.16908002550091,6.12508634868421,6.49985152374203,6.733751874242,139
"144",2017,6,6.77031914893617,188,7.09269565217391,6.26246575342466,5.85,6.65227272727273,6.78596385542169,115,73,8,22,166,13729,8166,5563,1224,2844,10885,6.68617432733629,7.03760445750673,6.1703054718677,6.12328839869281,6.5010305907173,6.73454812494258,140
"145",2017,7,6.74165919282511,223,7.13106060606061,6.17681318681319,6.52777777777778,6.42083333333333,6.78035175879397,132,91,18,24,199,13952,8298,5654,1242,2868,11084,6.68706116255734,7.03909110629067,6.17041021223912,6.12915056360709,6.50035948396095,6.73537047455792,141
"146",2017,8,6.67343220338983,236,7.10740740740741,6.09336633663366,5.82857142857143,6.31463414634146,6.74887179487179,135,101,21,41,195,14188,8433,5755,1263,2909,11279,6.68683446151677,7.04018475038539,6.16905809556907,6.12415281076801,6.49774183568236,6.73560389573544,142
"147",2017,9,6.75803571428571,224,7.08984375,6.315625,6.17058823529412,6.625,6.77107843137255,128,96,17,20,204,14412,8561,5851,1280,2929,11483,6.68794111434915,7.04092722812755,6.17146288497693,6.12476953125,6.49861078866507,6.73623411477837,143
"148",2017,10,6.4196803652968,219,6.7192,6.0213829787234,5.745,6.85333333333333,6.34274193548387,125,94,18,33,186,14631,8686,5945,1298,2962,11669,6.68392572893172,7.03629725995855,6.16908988057191,6.1195030816641,6.50256279540851,6.72996197960408,144
"149",2017,11,6.51911764705882,238,6.96614173228346,6.00765765765766,6.10714285714286,5.92608695652174,6.58255813953488,127,111,28,23,215,14869,8813,6056,1326,2985,11884,6.6812877355572,7.03528628162941,6.1661310006605,6.11924208144796,6.49812093802345,6.72729521541568,145
"150",2017,12,6.68600408163265,245,7.147,6.03970588235294,6.17647058823529,6.47002777777778,6.72320574162679,143,102,17,36,209,15114,8956,6158,1343,3021,12093,6.68136418816991,7.03707000893256,6.16403691783047,6.11996649292628,6.49778616352201,6.72722453816257,146
"151",2018,1,6.71629153605016,319,7.03404651162791,6.05939423076923,6.06818181818182,6.42222222222222,6.76458759124088,215,104,22,45,274,15433,9171,6262,1365,3066,12367,6.68208613620164,7.03699912768509,6.16229900031939,6.11913186813187,6.4966771037182,6.72805234414167,147
"152",2018,2,6.81727272727273,209,7.11711111111111,6.27027027027027,5.6,6.828,6.8158152173913,135,74,15,25,184,15642,9306,6336,1380,3091,12551,6.68389242679964,7.03816129378895,6.16356002840909,6.11348913043478,6.49935684244581,6.72933896422596,148
"153",2018,3,6.68013375,216,6.96828596899225,6.25287356321839,5.92857142857143,6.43891891891892,6.72999379888268,129,87,14,37,179,15858,9435,6423,1394,3128,12730,6.68384123029386,7.03720592368839,6.16476978670403,6.11163199426112,6.49864194373401,6.72934817203456,149
"154",2018,4,6.51130208333333,192,6.93,6.03677777777778,5.64705882352941,6.22483870967742,6.56645962732919,102,90,17,31,161,16050,9537,6513,1411,3159,12891,6.6817772105919,7.03605933626926,6.16300112697682,6.10603472714387,6.49595504906616,6.72731380265301,150
"155",2018,5,6.72535519125683,183,6.92367924528302,6.45233766233766,6.67533333333333,6.70925925925926,6.72814102564103,106,77,15,27,156,16233,9643,6590,1426,3186,13047,6.68226847964024,7.03482400601472,6.16638184218513,6.11202314165498,6.49776271186441,6.7273236935694,151
"156",2018,6,6.59059045714286,175,6.93221153846154,6.09018774647887,6.12121181818182,6.1935,6.64182793548387,104,71,11,20,155,16408,9747,6661,1437,3206,13202,6.68129068503169,7.03372913614445,6.16556968473202,6.11209347947112,6.49586462882096,6.72631991819421,152
"157",2018,7,6.76070652173913,184,7.10866071428571,6.21944444444444,5.97368421052632,6.68333333333333,6.77067484662577,112,72,19,21,163,16592,9859,6733,1456,3227,13365,6.68217138138862,7.0345803722487,6.16614579979207,6.11028731456044,6.49708459869848,6.72686087242798,153
"158",2018,8,6.51340782122905,179,6.878,6.05189873417722,6.41538461538462,5.73333333333333,6.6341935483871,100,79,13,24,155,16771,9959,6812,1469,3251,13520,6.68037013654522,7.03300812230143,6.16482085584263,6.11298729067393,6.49144632420793,6.72579848816568,154
"159",2018,9,6.63212765957447,141,6.94320987654321,6.21216666666667,5.81,6.54285714285714,6.64196850393701,81,60,10,14,127,16912,10040,6872,1479,3265,13647,6.67996792573321,7.03228365438247,6.16523423603027,6.11093869506423,6.49166676875957,6.72501836007914,155
"160",2018,10,6.60097295336788,193,7.02226122807018,5.99303797468354,5.79411764705882,6.45925925925926,6.62402277108434,114,79,17,27,166,17105,10154,6951,1496,3292,13813,6.67907660567085,7.03217113157376,6.16327717882319,6.10733845588235,6.49140097205346,6.7238046289727,156
"161",2018,11,6.43387254901961,204,6.97598214285714,5.77391304347826,4.96190476190476,6.36,6.44418994413408,112,92,21,25,179,17309,10266,7043,1517,3317,13992,6.67618668553931,7.03155812098188,6.15819106488712,6.09148208965063,6.49041061199879,6.7202275114351,157
"162",2018,12,6.69159739130435,207,6.98331108333333,6.28923367816092,6.45833333333333,7.04285714285714,6.63665173184358,120,87,12,28,179,17516,10386,7130,1529,3345,14171,6.67636880566339,7.03100067398421,6.15979004207574,6.09436123610203,6.49503497757847,6.71917182979324,158
"163",2019,1,6.75432727272727,275,7.1168125,6.25,5.89230769230769,6.89166666666667,6.73364016736402,160,115,13,36,239,17791,10546,7245,1542,3381,14410,6.67757382946433,7.03230257917694,6.16122194616977,6.09265780155642,6.49925820763088,6.71941179736294,159
"164",2019,2,6.52358974358974,195,6.81633663366337,6.20904255319149,5.58695652173913,6.09047619047619,6.57586206896552,101,94,23,21,174,17986,10647,7339,1565,3402,14584,6.6759043700656,7.03025387433079,6.16183444610983,6.08522576996805,6.49673486184597,6.71769912232583,160
"165",2019,3,6.72862745098039,204,7.16051724137931,6.15931818181818,6.09166666666667,6.3047619047619,6.77726775956284,116,88,12,21,183,18190,10763,7427,1577,3423,14767,6.67649565695437,7.03165780916101,6.16180463174903,6.08527478123018,6.495557113643,6.71843732647118,161
"166",2019,4,6.58721649484536,194,7.00019801980198,6.13870967741935,5.93333333333333,6.7,6.56493827160494,101,93,15,32,162,18384,10864,7520,1592,3455,14929,6.67555352480418,7.03136533505154,6.16151901595745,6.08384317211055,6.4974506512301,6.71677165248844,162
"167",2019,5,6.63321359281437,167,7.07194142857143,6.10789473684211,5.89285714285714,6.1,6.72708922535211,91,76,14,25,142,18551,10955,7596,1606,3480,15071,6.67517237183979,7.03170238886353,6.16098249078463,6.08217828767123,6.49459540229885,6.71686886537058,163
"168",2019,6,6.6413541875,160,7.09863948979592,5.91854838709677,5.41818181818182,6.37368421052632,6.67742319148936,98,62,11,19,141,18711,11053,7658,1617,3499,15212,6.67488318849874,7.03229587804216,6.15901971794202,6.07766130488559,6.49393883966848,6.71650324349198,164
"169",2019,7,6.64142011834319,169,7.06663265306122,6.05450704225352,5.552,6.666,6.63715277777778,98,71,15,25,144,18880,11151,7729,1632,3524,15356,6.67458365148305,7.03259764505425,6.15805964549101,6.07282985906863,6.49515947786606,6.71575913909872,165
"170",2019,8,6.6907027027027,185,6.95894736842105,6.26,5.63636363636364,6.52083333333333,6.7160248447205,114,71,11,24,161,19065,11265,7800,1643,3548,15517,6.67474006504065,7.03185231602308,6.15898756410257,6.06990768715764,6.49533314543405,6.71576189598505,166
"171",2019,9,6.55696202531646,158,7.1,6.16739130434783,5.75,7.10714285714286,6.50347222222222,66,92,6,14,144,19223,11331,7892,1649,3562,15661,6.67377200957186,7.03224925778837,6.15908552965028,6.0687436810188,6.49773778775968,6.71380993167741,167
"172",2019,10,6.81268117977528,178,7.25570052083333,6.2940243902439,6.13636363636364,6.70116666666667,6.8252265625,96,82,11,18,160,19401,11427,7974,1660,3580,15821,6.67504647131591,7.03412650651965,6.16047316277903,6.06919176506024,6.49876061452514,6.71493670374818,168
"173",2019,11,6.95005291005291,189,7.19380530973451,6.58763157894737,6.1875,6.59230769230769,6.97647727272727,113,76,8,13,176,19590,11540,8050,1668,3593,15997,6.67769967279224,7.03569008578856,6.16450596273292,6.06975919064748,6.49909908154745,6.71781418953554,169
"174",2019,12,6.74857029166667,240,7.01945309210526,6.28068181818182,5.77777777777778,6.04230769230769,6.83437789719626,152,88,9,26,214,19830,11692,8138,1677,3619,16211,6.67855741099344,7.03547899931577,6.1657622265913,6.06819220632081,6.49581735285991,6.7193529368947,170
"175",2020,1,6.71826364261168,291,7.09411772727273,6.14304347826087,5.25,6.88157894736842,6.69373407114625,176,115,16,38,253,20121,11868,8253,1693,3657,16464,6.67913166244222,7.03634859959555,6.16544565612505,6.06045973419965,6.49982581350834,6.71895925534499,171
"176",2020,2,6.71821428571429,238,6.96912587412587,6.34052631578947,6.11111111111111,6.49705882352941,6.75507352941176,143,95,9,34,204,20359,12011,8348,1702,3691,16668,6.679588544624,7.03554826242611,6.16743806899856,6.06072757344301,6.49980032511515,6.7194012586993,172
"177",2020,3,6.57018128654971,171,6.91654545454545,5.94559016393443,6.07142857142857,6.485,6.58146357615894,110,61,7,20,151,20530,12121,8409,1709,3711,16819,6.67867726156843,7.03446829304513,6.16582875490546,6.06077140433002,6.49972056049582,6.71816286223913,173
"178",2020,4,6.62660085526316,152,7.07090530864197,6.11971830985915,5.85714285714286,6.61842105263158,6.62776939849624,81,71,14,19,133,20682,12202,8480,1723,3730,16952,6.67829453196016,7.03471017128339,6.16544268867925,6.05911684852002,6.50032520107239,6.71745366387447,174
"179",2020,5,6.67978571428571,140,6.97142857142857,6.24232142857143,6.61888888888889,6.15,6.76808333333333,84,56,9,20,120,20822,12286,8536,1732,3750,17072,6.67830455815964,7.03427751180205,6.16594704779756,6.06202559468822,6.4984568,6.71780954252577,175
"180",2020,6,6.68477539007092,141,7.05265147727273,6.07396226415094,6.09090909090909,6.18,6.7448676984127,88,53,11,15,126,20963,12374,8589,1743,3765,17198,6.67834808185851,7.03440818167125,6.16537943881709,6.06220787722318,6.49718804780877,6.71800778230027,176
"181",2020,7,6.70615942028985,138,7.20333333333333,6.11428571428571,6.20833333333333,7.16363636363636,6.66653543307087,75,63,12,11,127,21101,12449,8652,1755,3776,17325,6.67852996730013,7.03542588481002,6.16500739713361,6.06320702564103,6.49912950211864,6.71763046695527,177
"182",2020,8,6.71325254545455,165,6.95688476635514,6.26379310344828,5.85,6.66470588235294,6.71882885135135,107,58,10,17,148,21266,12556,8710,1765,3793,17473,6.67879937505878,7.0347565713603,6.16566521239954,6.06199905382436,6.49987160558924,6.71764061752418,178
"183",2020,9,6.4741610738255,149,6.89941860465116,5.89365079365079,5.88888888888889,5.83333333333333,6.53029197080292,86,63,9,12,137,21415,12642,8773,1774,3805,17610,6.67737555498482,7.03383590492011,6.16371184315514,6.06112081736189,6.49776951379763,6.71618310675752,179
"184",2020,10,6.45880952380952,168,6.95431818181818,5.91375,5.5,6.56521739130435,6.44193103448276,88,80,17,23,145,21583,12730,8853,1791,3828,17755,6.67567425798082,7.03328621445405,6.16145306675703,6.05579471245114,6.49817476489028,6.71394336862855,180
"185",2020,11,6.53213953488372,215,6.73526717557252,6.21535714285714,5.8525,6.85,6.49953846153846,131,84,16,20,195,21798,12861,8937,1807,3848,17950,6.67425853335168,7.03025064225177,6.16195971802618,6.05399464858882,6.50000337837838,6.71161417883008,181
"186",2020,12,6.51979310344828,203,6.85928695652174,6.07613636363636,5.85555555555556,7.04860869565217,6.45222222222222,115,88,18,23,180,22001,12976,9025,1825,3871,18130,6.6728333034862,7.02873547395191,6.16112288088643,6.05203744109589,6.50326298114182,6.70903885879757,182
"187",2021,1,6.76519853333333,225,7.06892395973154,6.16973684210526,5.59090909090909,7.17819230769231,6.71123954773869,149,76,11,26,199,22226,13125,9101,1836,3897,18329,6.67376834248178,7.02919170895238,6.16119481375673,6.04927468954248,6.50776597382602,6.70906275192318,183
"188",2021,2,6.4527397260274,146,6.82716049382716,5.98615384615385,5.83333333333333,6.55789473684211,6.43700787401575,81,65,12,19,127,22372,13206,9166,1848,3916,18456,6.67232590649025,7.02795253521127,6.15995352389265,6.04787247294372,6.50800919305414,6.70719067945383,184
"189",2021,3,6.61974522292994,157,6.9752688172043,6.103125,6.22142857142857,6.88260869565217,6.57462686567164,93,64,14,23,134,22529,13299,9230,1862,3939,18590,6.67195948244485,7.02758411760283,6.15955947995666,6.04917740601504,6.51019649657273,6.70623513609467,185
"190",2021,4,6.73066664,125,7.12606833333333,6.07446808510638,5.92857142857143,6.64666666666667,6.74212118181818,78,47,7,15,110,22654,13377,9277,1869,3954,18700,6.67228341617374,7.02815836958959,6.15912838202005,6.04872569823435,6.51071421345473,6.70644623048128,186
"191",2021,5,6.62529801324503,151,6.88132653061225,6.15188679245283,5.83333333333333,7.16666666666667,6.57856115107914,98,53,12,12,139,22805,13475,9330,1881,3966,18839,6.67197230914273,7.02709050166976,6.1590872454448,6.04735158426369,6.51269894099849,6.7055026545995,187
"192",2021,6,6.64881944444444,144,7.03326086956522,5.96865384615385,5.29166666666667,6.68689655172414,6.63921739130435,92,52,12,29,115,22949,13567,9382,1893,3995,18954,6.67182702993594,7.02713234392275,6.15803176295033,6.04256118858954,6.5139634543179,6.70510048063733,188
"193",2021,7,6.7640522875817,153,7.03186813186813,6.37096774193548,5.1,6.25833333333333,6.80709219858156,91,62,10,12,141,23102,13658,9444,1903,4007,19095,6.67243781966929,7.02716389734954,6.15942969080898,6.03760816079874,6.51319790366858,6.70585360094265,189
"194",2021,8,6.60954285714286,175,7.01157894736842,5.85819672131148,5.59642857142857,6.44375,6.6358940397351,114,61,14,24,151,23277,13772,9505,1917,4031,19246,6.67196496584611,7.02703489035725,6.15749647553919,6.03438619196661,6.51278442073927,6.70530471318715,190
"195",2021,9,6.61973154362416,149,6.99505376344086,5.99642857142857,5.92222222222222,6.47142857142857,6.6440625,93,56,9,21,128,23426,13865,9561,1926,4052,19374,6.67163273755656,7.02682037576632,6.15655308022173,6.03386206126687,6.51257008884501,6.70490009858573,191
"196",2021,10,6.74340633136095,169,7.18517734042553,6.18972,5.82045,6.49389285714286,6.79295510638298,94,75,20,28,141,23595,13959,9636,1946,4080,19515,6.67214681839372,7.02788675263271,6.15681122872561,6.03166872045221,6.51244191176471,6.70553631462977,192
"197",2021,11,6.67683005882353,170,7.05396672897196,6.03629634920635,5.88571428571429,6.94444444444444,6.64513888157895,107,63,7,18,152,23765,14066,9699,1953,4098,19667,6.67218031937723,7.02808514289776,6.15602842251779,6.03114558627752,6.51433943387018,6.705069522042,193
"198",2021,12,6.37097627615063,239,6.78839241134752,5.77040816326531,5.89285714285714,6.07575757575758,6.41826859223301,141,98,14,33,206,24004,14207,9797,1967,4131,19873,6.66918132894517,7.02570626803688,6.1521710390936,6.03016132689375,6.51083587509078,6.70209659437428,194
"199",2022,1,6.61232498432602,319,6.87559459459459,6.24885574626866,5.41818181818182,6.376,6.6324206462585,185,134,22,25,294,24323,14392,9931,1989,4156,20167,6.66843564897422,7.02377667801556,6.15347561574867,6.02339232277526,6.51002478344562,6.70108083949025,195
"200",2022,2,6.6410502283105,219,6.89810810810811,6.37685185185185,5.8,6.72826086956522,6.63081632653061,111,108,10,23,196,24542,14503,10039,1999,4179,20363,6.66819127577215,7.02281486244225,6.15587870704254,6.0222748024012,6.51122589136157,6.70040452241811,196
"201",2022,3,6.72217801136364,176,6.89700302752294,6.43776119402985,6.4,6.61666666666667,6.73419829113924,109,67,10,18,158,24718,14612,10106,2009,4197,20521,6.66857567845295,7.0218763536819,6.15774751038987,6.02415496764559,6.5116781034072,6.70066471516982,197
"202",2022,4,6.72977064220184,218,7.02648275862069,6.14041095890411,5.78333333333333,6.2,6.78328282828283,145,73,12,20,198,24936,14757,10179,2021,4217,20719,6.66911066811036,7.0219216155045,6.15762317909421,6.02272505195448,6.51019990514584,6.70145425068777,198
"203",2022,5,6.60422641509434,159,7.098125,6.10407594936709,5.16666666666667,6.69047619047619,6.59110144927536,80,79,9,21,138,25095,14837,10258,2030,4238,20857,6.6686995664475,7.02233249848352,6.1572107954767,6.01892971921182,6.51109320434167,6.70072410317879,199
"204",2022,6,6.55302197802198,182,6.86570247933884,5.9327868852459,5.3,6.55909090909091,6.5521875,121,61,7,22,160,25277,14958,10319,2037,4260,21017,6.66786666218301,7.02106546864554,6.15588413024518,6.01645917034855,6.51134107981221,6.69959331112908,200
"205",2022,7,6.56043956043956,182,6.91585858585859,6.13650602409639,5.9,6.37222222222222,6.58109756097561,99,83,13,18,164,25459,15057,10402,2050,4278,21181,6.66709869280019,7.02037373181908,6.15572950778697,6.01572064878049,6.51075572697522,6.6986758236155,201
"206",2022,8,6.55119760479042,167,6.73031914893617,6.32054794520548,5.8875,6.69285714285714,6.53823529411765,94,73,8,14,153,25626,15151,10475,2058,4292,21334,6.66634338640443,7.01857417200184,6.15687812315036,6.01522222060253,6.51134972041006,6.69752520014999,202
"207",2022,9,6.71542857142857,175,7.21792452830189,5.94347826086956,5.05555555555556,6.13333333333333,6.77,106,69,9,15,160,25801,15257,10544,2067,4307,21494,6.66667631564668,7.01995918463656,6.1554816331563,6.01104370101597,6.51003320176457,6.69806469805527,203
"208",2022,10,6.77828341317365,167,7.04176278846154,6.34333333333333,5.46666666666667,6.50714285714286,6.81728308219178,104,63,6,21,146,25968,15361,10607,2073,4328,21640,6.66739405999692,7.02010680359351,6.15659737343264,6.00946808007718,6.51001917744917,6.69886903650647,204
"209",2022,11,6.58629411764706,170,6.95385416666667,6.10945945945946,4.96818181818182,6.38529411764706,6.60862745098039,96,74,11,17,153,26138,15457,10681,2084,4345,21793,6.66686659078736,7.01969532315456,6.15627079299691,6.00397184740883,6.50953118527043,6.69823548616528,205
"210",2022,12,6.57454545454545,187,6.76809090909091,6.29805194805195,5.775,6.53846153846154,6.58037267080745,110,77,12,26,161,26325,15567,10758,2096,4371,21954,6.66621078632479,7.01791742853472,6.15728558654025,6.0026609398855,6.50970327156257,6.69737113737815,206
