"","year","month","avg_rating","no_ratings","avg_rating_owned","avg_rating_not_owned","avg_rating_prev_owned","avg_rating_comment","avg_rating_no_comment","no_ratings_owned","no_ratings_not_owned","no_ratings_prev_owned","no_ratings_comment","no_ratings_no_comment","cum_no_ratings","cum_no_ratings_owned","cum_no_ratings_not_owned","cum_no_ratings_prev_owned","cum_no_ratings_comment","cum_no_ratings_no_comment","cum_avg_rating","cum_avg_rating_owned","cum_avg_rating_not_owned","cum_avg_rating_prev_owned","cum_avg_rating_comment","cum_avg_rating_no_comment","month_after_release"
"1",2005,8,6.66666666666667,3,7,6.5,NA,6.5,7,1,2,0,2,1,3,1,2,0,2,1,6.66666666666667,7,6.5,NA,6.5,7,0
"2",2005,9,6.11111111111111,9,8,5.16666666666667,NA,6.16666666666667,6,3,6,0,6,3,12,4,8,0,8,4,6.25,7.75,5.5,NA,6.25,6.25,1
"3",2005,10,6.65789473684211,19,7.22222222222222,6.15,8,6.76923076923077,6.41666666666667,9,10,1,13,6,31,13,18,1,21,10,6.5,7.38461538461539,5.86111111111111,8,6.57142857142857,6.35,2
"4",2005,11,6.39473684210526,19,6.95454545454545,5.625,6.75,6.45,6.33333333333333,11,8,2,10,9,50,24,26,3,31,19,6.46,7.1875,5.78846153846154,7.16666666666667,6.53225806451613,6.34210526315789,3
"5",2005,12,6.41666666666667,24,6.95,6.03571428571429,6.33333333333333,6.34375,6.5625,10,14,3,16,8,74,34,40,6,47,27,6.44594594594595,7.11764705882353,5.875,6.75,6.46808510638298,6.40740740740741,4
"6",2006,1,6.85714285714286,28,7.10526315789474,6.33333333333333,6.5,6.72222222222222,6.92105263157895,19,9,2,9,19,102,53,49,8,56,46,6.55882352941176,7.11320754716981,5.95918367346939,6.6875,6.50892857142857,6.6195652173913,5
"7",2006,2,6.55882352941176,17,7.08333333333333,5.3,6,6.41666666666667,6.9,12,5,1,12,5,119,65,54,9,68,51,6.55882352941176,7.10769230769231,5.89814814814815,6.61111111111111,6.49264705882353,6.64705882352941,6
"8",2006,3,7.10833333333333,18,7.475,6.375,NA,6.82272727272727,7.55714285714286,12,6,0,11,7,137,77,60,9,79,58,6.63102189781022,7.16493506493507,5.94583333333333,6.61111111111111,6.53860759493671,6.75689655172414,7
"9",2006,4,6.60925925925926,27,6.96333333333333,6.16666666666667,5,6.6625,6.56666666666667,15,12,1,12,15,164,92,72,10,91,73,6.62743902439024,7.13206521739131,5.98263888888889,6.45,6.55494505494505,6.71780821917808,8
"10",2006,5,6,13,6.66666666666667,5.42857142857143,7,6.66666666666667,5.42857142857143,6,7,1,6,7,177,98,79,11,97,80,6.58135593220339,7.10357142857143,5.93354430379747,6.5,6.56185567010309,6.605,9
"11",2006,6,6.71875,16,7.04545454545455,6,7,6,6.95833333333333,11,5,2,4,12,193,109,84,13,101,92,6.59274611398964,7.09770642201835,5.9375,6.57692307692308,6.53960396039604,6.65108695652174,10
"12",2006,7,6.78571428571429,21,7.08333333333333,6.38888888888889,7,6.68181818181818,6.9,12,9,2,11,10,214,121,93,15,112,102,6.61168224299065,7.09628099173554,5.98118279569892,6.63333333333333,6.55357142857143,6.67549019607843,11
"13",2006,8,6.74090909090909,22,6.98571428571429,6.3125,NA,6.58,6.875,14,8,0,10,12,236,135,101,15,122,114,6.62372881355932,7.08481481481482,6.00742574257426,6.63333333333333,6.55573770491803,6.69649122807018,12
"14",2006,9,6.69444444444444,18,7,6.08333333333333,NA,6.9,6.4375,12,6,0,10,8,254,147,107,15,132,122,6.62874015748032,7.07789115646259,6.01168224299065,6.63333333333333,6.58181818181818,6.67950819672131,13
"15",2006,10,6.39130434782609,23,6.75,5.83333333333333,NA,6.36363636363636,6.41666666666667,14,9,0,11,12,277,161,116,15,143,134,6.60902527075812,7.04937888198758,5.99784482758621,6.63333333333333,6.56503496503496,6.65597014925373,14
"16",2006,11,6.23333333333333,15,6.64285714285714,5.875,8,6.27777777777778,6.16666666666667,7,8,1,9,6,292,168,124,16,152,140,6.58972602739726,7.03244047619048,5.98991935483871,6.71875,6.54802631578947,6.635,15
"17",2006,12,6.76944444444444,18,7.04166666666667,6.225,6.35,7.1,6.64230769230769,12,6,1,5,13,310,180,130,17,157,153,6.60016129032258,7.03305555555556,6.00076923076923,6.69705882352941,6.5656050955414,6.63562091503268,16
"18",2007,1,6.24827586206897,29,6.62666666666667,5.84285714285714,NA,6.41538461538462,6.1125,15,14,0,13,16,339,195,144,17,170,169,6.57005899705015,7.00179487179487,5.98541666666667,6.69705882352941,6.55411764705882,6.58609467455621,17
"19",2007,2,6.58667052631579,19,6.77272727272727,6.3308425,6.33333333333333,6.85714285714286,6.428895,11,8,3,7,12,358,206,152,20,177,181,6.57094061452514,6.98956310679612,6.00359697368421,6.6425,6.56610169491526,6.57567259668508,18
"20",2007,3,6.88235294117647,17,7.27272727272727,6.16666666666667,NA,7.36363636363636,6,11,6,0,11,6,375,217,158,20,188,187,6.58505797333333,7.00391705069124,6.00978949367089,6.6425,6.61276595744681,6.55720181818182,19
"21",2007,4,7.13636363636364,11,7.38888888888889,6,NA,7.41666666666667,6.8,9,2,0,6,5,386,226,160,20,194,192,6.60076875647668,7.01924778761062,6.009667125,6.6425,6.63762886597938,6.5635246875,20
"22",2007,5,7.15909090909091,11,7.25,7,7,7.08333333333333,7.25,7,4,1,6,5,397,233,164,21,200,197,6.61623863979849,7.02618025751073,6.03382158536585,6.65952380952381,6.651,6.58094791878173,21
"23",2007,6,6.71764705882353,17,6.91666666666667,6.24,NA,6.45454545454545,7.2,12,5,0,11,6,414,245,169,21,211,203,6.62040275362319,7.02081632653061,6.03992153846154,6.65952380952381,6.64075829383886,6.59924502463054,22
"24",2007,7,6.36875,16,6.83333333333333,6.09,NA,6.21428571428571,6.48888888888889,6,10,0,7,9,430,251,179,21,218,212,6.61103893023256,7.01633466135458,6.04271921787709,6.65952380952381,6.62706422018349,6.59456009433962,23
"25",2007,8,6.66666666666667,24,6.92307692307692,6.36363636363636,6.4,6.5,6.76666666666667,13,11,5,9,15,454,264,190,26,227,227,6.61397960352423,7.01174242424243,6.06129863157895,6.60961538461538,6.62202643171806,6.6059327753304,24
"26",2007,9,5.91666666666667,18,6.08333333333333,5.83333333333333,6.5,4.875,6.21428571428571,6,12,2,4,14,472,270,202,28,231,241,6.58738716101695,6.99111111111111,6.04775613861386,6.60178571428571,6.59177489177489,6.58318149377593,25
"27",2007,10,6.51052631578947,19,6.68888888888889,6.35,NA,6.41666666666667,6.55384615384615,9,10,0,6,13,491,279,212,28,237,254,6.58441291242363,6.98136200716846,6.0620129245283,6.60178571428571,6.5873417721519,6.58168007874016,26
"28",2007,11,6.45454545454545,22,6.8,5.95555555555556,7,6.7625,6.27857142857143,13,9,1,8,14,513,292,221,29,245,268,6.57884354775828,6.97328767123288,6.05767755656109,6.61551724137931,6.5930612244898,6.56584604477612,27
"29",2007,12,6.478,25,7.01923076923077,5.89166666666667,NA,5.975,6.81333333333333,13,12,0,10,15,538,305,233,29,255,283,6.57415750929368,6.97524590163935,6.04912763948498,6.61551724137931,6.56882352941177,6.57896374558304,28
"30",2008,1,6.43529411764706,34,6.8952380952381,5.69230769230769,7,6.18666666666667,6.63157894736842,21,13,1,15,19,572,326,246,30,270,302,6.56590339160839,6.97009202453988,6.03027130081301,6.62833333333333,6.54759259259259,6.58227397350993,29
"31",2008,2,6.82631578947368,19,7.52,6.05555555555556,6.75,6.87,6.77777777777778,10,9,4,10,9,591,336,255,34,280,311,6.57427536379019,6.98645833333333,6.03116368627451,6.64264705882353,6.55910714285714,6.58793163987138,30
"32",2008,3,6.3,23,6.67857142857143,5.71111111111111,5,6.32222222222222,6.28571428571429,14,9,1,9,14,614,350,264,35,289,325,6.56400120521173,6.97414285714286,6.0202528030303,6.59571428571429,6.55173010380623,6.57491304615385,31
"33",2008,4,5.89285714285714,14,6.25,5.75,6,5.16666666666667,6.4375,4,10,3,6,8,628,354,274,38,295,333,6.54903939490446,6.9659604519774,6.0103895620438,6.54868421052632,6.5235593220339,6.57161183183183,32
"34",2008,5,6.5125,16,6.9,6.33636363636364,6.73333333333333,6.3125,6.7125,5,11,3,8,8,644,359,285,41,303,341,6.54813158385093,6.96504178272981,6.02297101754386,6.56219512195122,6.51798679867987,6.57491712609971,33
"35",2008,6,6.58823529411765,17,7.20833333333333,5.1,6,6.4,6.66666666666667,12,5,1,5,12,661,371,290,42,308,353,6.54916299546142,6.97291105121294,6.00705772413793,6.54880952380952,6.51607142857143,6.57803609065156,34
"36",2008,7,6.41473684210526,19,6.91666666666667,6.18307692307692,6.47,5.83333333333333,6.68307692307692,6,13,4,6,13,680,377,303,46,314,366,6.54540697058823,6.97201591511936,6.0146097029703,6.54195652173913,6.50302547770701,6.58176704918033,35
"37",2008,8,6.6,25,6.40666666666667,6.89,7.05,6.42857142857143,6.66666666666667,15,10,2,7,18,705,392,313,48,321,384,6.54734289361702,6.95038265306122,6.04257744408946,6.563125,6.50140186915888,6.58574671875,36
"38",2008,9,6,24,6.5,5.7,5.28571428571429,6.05,5.96428571428571,9,15,7,10,14,729,401,328,55,331,398,6.5293233744856,6.94027431421446,6.02691079268293,6.40054545454545,6.48776435045317,6.56388628140703,37
"39",2008,10,6.37794117647059,34,6.54411764705882,6.21176470588235,6.52,6.4375,6.34545454545455,17,17,5,12,22,763,418,345,60,343,420,6.52257764089122,6.92416267942584,6.03601953623188,6.4105,6.48600583090379,6.55244461904762,38
"40",2008,11,6.37209302325581,43,6.95,6.09310344827586,5.5,6.14375,6.50740740740741,14,29,2,16,27,806,432,374,62,359,447,6.51454930521092,6.925,6.040445828877,6.38112903225806,6.47075208913649,6.54972425055928,39
"41",2008,12,6.10526315789474,19,6.59090909090909,5.4375,5.2,6.35,5.83333333333333,11,8,5,10,9,825,443,382,67,369,456,6.50512332121212,6.91670428893905,6.02781869109948,6.29298507462687,6.46747967479675,6.53558495614035,40
"42",2009,1,6.32121212121212,33,6.85263157894737,5.6,5.83333333333333,5.94117647058824,6.725,19,14,3,17,16,858,462,396,70,386,472,6.49804981351981,6.91406926406926,6.01269378787879,6.27328571428571,6.44430051813472,6.54200580508475,41
"43",2009,2,6.30857142857143,35,6.71923076923077,6.06590909090909,6.25,6.485,6.238,13,22,4,10,25,893,475,418,74,396,497,6.49062344904815,6.90873684210526,6.01549459330143,6.27202702702703,6.44532828282829,6.52671376257545,42
"44",2009,3,6.11636363636364,55,6.575,5.85428571428571,6,6.28947368421053,6.025,20,35,4,19,36,948,495,453,78,415,533,6.46891006329114,6.89525252525253,6.0030391611479,6.25807692307692,6.43819277108434,6.4928269043152,43
"45",2009,4,6.40540540540541,37,6.57142857142857,6.30434782608696,6.75,6.58333333333333,6.32,14,23,4,12,25,985,509,476,82,427,558,6.46652460913706,6.88634577603143,6.01759819327731,6.28207317073171,6.44227166276347,6.48508376344086,44
"46",2009,5,6.21794871794872,39,6.9375,5.71739130434783,6,6.25,6.20689655172414,16,23,3,10,29,1024,525,499,85,437,587,6.45705736328125,6.88790476190476,6.00376100200401,6.27211764705882,6.43787185354691,6.4713402725724,45
"47",2009,6,6.71551724137931,29,6.94230769230769,6.53125,6.5,6.52272727272727,6.83333333333333,13,16,3,11,18,1053,538,515,88,448,605,6.46417544159544,6.88921933085502,6.02014900970874,6.27988636363636,6.43995535714286,6.48211031404959,46
"48",2009,7,6.22439024390244,41,6.74375,5.892,5.6,6.31,6.19677419354839,16,25,3,10,31,1094,554,540,91,458,636,6.455188976234,6.88501805054152,6.01421618518518,6.25747252747253,6.43711790393013,6.46820242138365,47
"49",2009,8,6.56410256410256,39,7.02380952380952,6.02777777777778,6.16666666666667,6.5,6.57575757575758,21,18,3,6,33,1133,575,558,94,464,669,6.45893798764342,6.89008695652174,6.01465365591398,6.25457446808511,6.43793103448276,6.47350783258595,48
"50",2009,9,6.30441176470588,34,6.53529411764706,6.07352941176471,6.46428571428571,6.66153846153846,6.08333333333333,17,17,7,13,21,1167,592,575,101,477,690,6.45443593830334,6.87989864864865,6.01639433043478,6.26910891089109,6.44402515723271,6.46163295652174,49
"51",2009,10,6.53048780487805,41,6.875,6.20238095238095,6,6.35,6.63461538461539,20,21,1,15,26,1208,612,596,102,492,716,6.45701716887417,6.8797385620915,6.02294755033557,6.26647058823529,6.44115853658537,6.46791444134078,50
"52",2009,11,5.85833333333333,30,6.65,5.4625,5,6.65625,5.56818181818182,10,20,1,8,22,1238,622,616,103,500,738,6.44250948303716,6.87604501607717,6.0047512012987,6.25417475728155,6.4446,6.44109314363144,51
"53",2009,12,6.63815789473684,38,6.93823529411765,6.3952380952381,5.5,5.92,6.89464285714286,17,21,6,10,28,1276,639,637,109,510,766,6.4483360031348,6.87769953051643,6.0176243956044,6.21266055045872,6.4343137254902,6.4576719843342,52
"54",2010,1,6.24761904761905,42,6.65714285714286,5.83809523809524,5.95,6.1,6.31379310344828,21,21,4,13,29,1318,660,658,113,523,795,6.44193986342944,6.87068181818182,6.01189474164134,6.20336283185841,6.42600382409178,6.45242357232704,53
"55",2010,2,7.13095238095238,21,7.40384615384615,6.6875,NA,7.5,6.98333333333333,13,8,0,6,15,1339,673,666,113,529,810,6.4527458849888,6.88098068350669,6.02001012012012,6.20336283185841,6.43818525519849,6.4622552345679,54
"56",2010,3,6.38695652173913,23,6.83846153846154,5.8,NA,5.5,6.47142857142857,13,10,0,2,21,1362,686,676,113,531,831,6.45163490455213,6.8801749271137,6.01675553254438,6.20336283185841,6.4346516007533,6.46248705174489,55
"57",2010,4,6.79347826086957,23,7.43,5.6,6,6.98181818181818,6.62083333333333,15,8,1,11,12,1385,701,684,114,542,843,6.45731172563177,6.89194008559201,6.01188119883041,6.20157894736842,6.44575645756458,6.46474109134045,56
"58",2010,5,6.6304347826087,23,7.18181818181818,6.125,6.33333333333333,6.57142857142857,6.65625,11,12,3,7,16,1408,712,696,117,549,859,6.46013973011364,6.89641853932584,6.01383152298851,6.20495726495726,6.44735883424408,6.46830819557625,57
"59",2010,6,6.4,21,6.69333333333333,5.66666666666667,5.33333333333333,6.06666666666667,6.53333333333333,15,6,3,6,15,1429,727,702,120,555,874,6.45925594121763,6.89222833562586,6.0108643019943,6.18316666666667,6.44324324324324,6.46942418764302,58
"60",2010,7,5.99230769230769,26,6.5,5.62,6,6.25,5.915,11,15,3,6,20,1455,738,717,123,561,894,6.45091184879725,6.88638211382114,6.00268722454672,6.17869918699187,6.44117647058824,6.45702096196868,59
"61",2010,8,6.28888888888889,27,6.40555555555556,6.05555555555556,6,6.47142857142857,6.225,18,9,1,7,20,1482,756,726,124,568,914,6.44796001349528,6.87493386243386,6.00334261707989,6.17725806451613,6.44154929577465,6.45194391684901,60
"62",2010,9,6.22592592592593,27,6.70454545454545,5.896875,6.14285714285714,6.16666666666667,6.24285714285714,11,16,7,6,21,1509,767,742,131,574,935,6.44398723658052,6.87249022164276,6.00104681940701,6.17541984732824,6.43867595818816,6.44724785026738,61
"63",2010,10,6.26428571428571,28,6.60769230769231,5.96666666666667,6.2,6.5,6.18571428571429,13,15,5,7,21,1537,780,757,136,581,956,6.44071355888094,6.86807692307692,6.00036557463672,6.17632352941176,6.43941480206541,6.44150286610879,62
"64",2010,11,6.45,30,6.86428571428571,6.0875,6.25,6.4375,6.45454545454545,14,16,4,8,22,1567,794,773,140,589,978,6.44089134652202,6.86801007556675,6.00216913324709,6.17842857142857,6.43938879456706,6.44179625766871,63
"65",2010,12,6.4125,32,6.75,6.075,6.5,6,6.55,16,16,3,8,24,1599,810,789,143,597,1002,6.4403231644778,6.86567901234568,6.00364605830165,6.18517482517482,6.43350083752094,6.44438796407186,64
"66",2011,1,6.64037037037037,27,6.799375,6.40909090909091,6.75,6.598,6.65,16,11,2,5,22,1626,826,800,145,602,1024,6.44364498154982,6.86439467312349,6.009220925,6.19296551724138,6.43486710963455,6.44880541015625,65
"67",2011,2,6.69444444444444,27,6.79545454545455,6.625,6.325,6.05,6.84090909090909,11,16,4,5,22,1653,837,816,149,607,1046,6.44774152450091,6.86348864994026,6.0212950245098,6.19651006711409,6.43169686985173,6.45705233269598,66
"68",2011,3,6.39928571428571,28,6.83461538461538,6.022,5.515,6.42166666666667,6.39318181818182,13,15,2,6,22,1681,850,831,151,613,1068,6.44693440809042,6.86304705882353,6.02130774969916,6.18748344370861,6.43159869494291,6.45573664794007,67
"69",2011,4,6.79285714285714,21,7.32142857142857,6.52857142857143,6,7.25,6.71666666666667,7,14,1,3,18,1702,857,845,152,616,1086,6.45120254994124,6.86679113185531,6.02971211834319,6.18625,6.43558441558442,6.46006145488029,68
"70",2011,5,6.49677419354839,31,6.85294117647059,6.06428571428571,6.25,6,6.57037037037037,17,14,2,4,27,1733,874,859,154,620,1113,6.45201773802654,6.86652173913043,6.03027559953434,6.18707792207792,6.43277419354839,6.46273741239892,69
"71",2011,6,6.57894736842105,19,6.88888888888889,6.3,6.33333333333333,6.55555555555556,6.6,9,10,3,9,10,1752,883,869,157,629,1123,6.45339425799087,6.86674971687429,6.03337944764097,6.18987261146497,6.43453100158983,6.46395969723954,70
"72",2011,7,6.52631578947368,19,7.2,5.77777777777778,6,6,6.83333333333333,10,9,1,7,12,1771,893,878,158,636,1135,6.45417658949746,6.87048152295633,6.03075938496583,6.18867088607595,6.42974842767296,6.46786496916299,71
"73",2011,8,6.59624285714286,21,6.73239230769231,6.375,6.33333333333333,6.5,6.60637368421053,13,8,3,2,19,1792,906,886,161,638,1154,6.45584142857143,6.86850011037528,6.0338676523702,6.19136645962733,6.42996865203762,6.47014544194107,72
"74",2011,9,6.33,30,6.61176470588235,5.96153846153846,4,6.72222222222222,6.16190476190476,17,13,1,9,21,1822,923,899,162,647,1175,6.45376939626784,6.86377150595883,6.0328217352614,6.17783950617284,6.43403400309119,6.46463645957447,73
"75",2011,10,6.65238095238095,21,7.33636363636364,5.9,6,6.7125,6.61538461538461,11,10,1,8,13,1843,934,909,163,655,1188,6.45603246880087,6.86933736616702,6.031360550055,6.17674846625767,6.43743511450382,6.46628606060606,74
"76",2011,11,6.20967741935484,31,6.53333333333333,5.90625,5.66666666666667,5.6,6.32692307692308,15,16,9,5,26,1874,949,925,172,660,1214,6.45195722518677,6.86402644889357,6.02919647567567,6.15005813953488,6.43109090909091,6.46330135090609,75
"77",2011,12,6.655,20,6.50714285714286,7,5,6.4,6.74,14,6,1,5,15,1894,963,931,173,665,1229,6.45410128827877,6.85883811007269,6.03545299677766,6.14341040462428,6.43085714285715,6.46667847030105,76
"78",2012,1,5.95789473684211,19,6.41666666666667,5.74615384615385,5,4,6.325,6,13,3,3,16,1913,969,944,176,668,1245,6.44917294302143,6.85610020639835,6.03146900423729,6.12392045454545,6.41994011976048,6.46485770281124,77
"79",2012,2,6.55217391304348,23,6.85,6.32307692307692,6.33333333333333,6.16666666666667,6.8,10,13,3,9,14,1936,979,957,179,677,1259,6.45039661157025,6.85603789581205,6.03543024033438,6.12743016759776,6.41657311669129,6.4685844638602,78
"80",2012,3,6.73913043478261,23,6.93571428571429,6.43333333333333,6,7.0375,6.67631578947368,14,9,2,4,19,1959,993,966,181,681,1278,6.45378654415518,6.8571612286002,6.03913741200828,6.12602209944751,6.42022026431718,6.47167280125195,79
"81",2012,4,6.64444444444444,18,6.86,6.375,NA,6.33333333333333,6.70666666666667,10,8,0,3,15,1977,1003,974,181,684,1293,6.45552242792109,6.85718953140578,6.04189603696098,6.12602209944751,6.41983918128655,6.47439894818252,80
"82",2012,5,6.37666666666667,15,6.31875,6.44285714285714,NA,5.8875,6.55454545454545,8,7,0,4,11,1992,1011,981,181,688,1304,6.45492863453815,6.85292888229476,6.04475712538226,6.12602209944751,6.41674418604651,6.47507503067484,81
"83",2012,6,6.9,12,7.4,6.54285714285714,7.16666666666667,7,6.88,5,7,3,2,10,2004,1016,988,184,690,1314,6.45759373253493,6.85562116141732,6.04828617408907,6.14298913043478,6.4184347826087,6.47815665144596,82
"84",2012,7,6.6895,20,7,6.31,6.66666666666667,7.625,6.455625,11,9,3,4,16,2024,1027,997,187,694,1330,6.45988529644269,6.85716757546251,6.05064868605817,6.15139037433155,6.42538904899136,6.47788559398496,83
"85",2012,8,6.51363636363636,22,6.83,6.25,5.5,7,6.43684210526316,10,12,3,3,19,2046,1037,1009,190,697,1349,6.46046326490714,6.8569055930569,6.05301956392468,6.14110526315789,6.42786226685796,6.47730751667902,84
"86",2012,9,6.39,10,7.225,5.83333333333333,6,7.13333333333333,6.07142857142857,4,6,2,3,7,2056,1041,1015,192,700,1356,6.46012054474708,6.8583199807877,6.05172092610837,6.13963541666666,6.43088571428572,6.47521227138643,85
"87",2012,10,6.34444444444444,18,7.07777777777778,5.61111111111111,6,7.6,5.98571428571429,9,9,2,4,14,2074,1050,1024,194,704,1370,6.45911660559306,6.86020104761905,6.04784837890625,6.13819587628866,6.43752840909091,6.47021010218978,86
"88",2012,11,6.61538461538461,13,6.88888888888889,6,NA,6.75,6.59090909090909,9,4,0,2,11,2087,1059,1028,194,706,1381,6.46009000479157,6.8604448536355,6.04766219844358,6.13819587628866,6.43841359773371,6.47117149891383,87
"89",2012,12,6.5275,20,7.29545454545455,5.58888888888889,6.1,6.34166666666667,6.60714285714286,11,9,3,6,14,2107,1070,1037,197,712,1395,6.46072987185572,6.86491691588785,6.04368055930569,6.13761421319797,6.43759831460674,6.4725360860215,88
"90",2013,1,6.43181818181818,22,7,5.95833333333333,5.6,6.5,6.39285714285714,10,12,5,8,14,2129,1080,1049,202,720,1409,6.46043111319868,6.86616768518518,6.04270423260248,6.12430693069307,6.43829166666667,6.47174438608942,89
"91",2013,2,6.45238095238095,21,7.05555555555556,6,6.5,7.25,6.36842105263158,9,12,2,2,19,2150,1089,1061,204,722,1428,6.46035248372093,6.86773287419651,6.04222124410933,6.12799019607843,6.44054016620499,6.47036963585434,90
"92",2013,3,6.58333333333333,18,7.61111111111111,5.55555555555556,6.75,6.66666666666667,6.56666666666667,9,9,2,3,15,2168,1098,1070,206,725,1443,6.46137354243542,6.87382613843351,6.03812779439252,6.13402912621359,6.44147586206897,6.47137064449064,91
"93",2013,4,6.69411764705882,17,6.83333333333333,6.36,5,6.66666666666667,6.70909090909091,12,5,1,6,11,2185,1110,1075,207,731,1454,6.46318436613272,6.87338837837838,6.0396248744186,6.12855072463768,6.44332421340629,6.4731690784044,92
"94",2013,5,6.46153846153846,13,6.6,6.375,6.75,NA,6.46153846153846,5,8,2,0,13,2198,1115,1083,209,731,1467,6.46317463148317,6.87216242152466,6.04210225300092,6.1344976076555,6.44332421340629,6.47306601226993,93
"95",2013,6,6.8,23,6.5625,6.92666666666667,6.75,6.75,6.81052631578947,8,15,4,4,19,2221,1123,1098,213,735,1486,6.46666269248086,6.86995645592164,6.05418646630237,6.14605633802817,6.44499319727891,6.47738078061911,94
"96",2013,7,6.35055555555556,18,7.081,5.4375,5,7.03875,5.8,10,8,2,8,10,2239,1133,1106,215,743,1496,6.46572927199643,6.87181915269197,6.04972580470163,6.13539534883721,6.4513862718708,6.47285283422459,95
"97",2013,8,5.95,10,6,5.83333333333333,5,5.5,6.0625,7,3,1,2,8,2249,1140,1109,216,745,1504,6.46343612272121,6.86646587719298,6.04914043282236,6.13013888888889,6.4488322147651,6.47067010638297,96
"98",2013,9,6.71428571428571,7,7.33333333333333,3,NA,6.33333333333333,7,6,1,0,3,4,2256,1146,1110,216,748,1508,6.46421446808511,6.86891020942408,6.04639345945946,6.13013888888889,6.44836898395722,6.47207416445623,97
"99",2013,10,6.54545454545455,22,7,6,6,6.78571428571429,6.43333333333333,12,10,2,7,15,2278,1158,1120,218,755,1523,6.46499905179982,6.87026865284974,6.04597923214286,6.12894495412844,6.45149668874172,6.4716926066973,98
"100",2013,11,5.45833333333333,12,5.75,5.16666666666667,5,5,5.5,6,6,1,1,11,2290,1164,1126,219,756,1534,6.45972394759825,6.86449407216495,6.04129373001776,6.1237899543379,6.44957671957672,6.46472479791395,99
"101",2013,12,6.46190476190476,21,6.72,6.22727272727273,5,6.075,6.7,10,11,2,8,13,2311,1174,1137,221,764,1547,6.45974376460407,6.8632632879046,6.04309299912049,6.11361990950226,6.44565445026178,6.46670190045248,100
"102",2014,1,6.24761904761905,21,6.43846153846154,5.9375,6,6.45,6.22631578947368,13,8,4,2,19,2332,1187,1145,225,766,1566,6.45783355060034,6.85861086773378,6.04235523144105,6.1116,6.44566579634465,6.46378533844189,101
"103",2014,2,6.32,15,6.16666666666667,6.55,NA,6.5,6.25454545454545,9,6,0,4,11,2347,1196,1151,225,770,1577,6.45695263740946,6.85340392976588,6.04500151172893,6.1116,6.44594805194805,6.46232583386176,102
"104",2014,3,7.3,10,7.5,7.1,8,NA,7.3,5,5,1,0,10,2357,1201,1156,226,770,1587,6.46052941875265,6.85609583680266,6.04956465397924,6.11995575221239,6.44594805194805,6.46760418399495,103
"105",2014,4,6.62181818181818,11,6.96,6.42857142857143,6.5,6,6.684,4,7,2,1,10,2368,1205,1163,228,771,1597,6.46127864864865,6.85644074688796,6.05184586414445,6.12328947368421,6.44536964980545,6.46895919849718,104
"106",2014,5,6.82692307692308,13,7,6.67857142857143,6,NA,6.82692307692308,6,7,1,0,13,2381,1211,1170,229,771,1610,6.46327502729945,6.85715202312139,6.0555955042735,6.12275109170305,6.44536964980545,6.47184959006211,105
"107",2014,6,6.0625,8,6,6.07142857142857,5.75,NA,6.0625,1,7,2,0,8,2389,1212,1177,231,771,1618,6.46193295939724,6.8564448019802,6.05568966864911,6.11952380952381,6.44536964980545,6.4698256118665,106
"108",2014,7,6.4,10,6.4,6.4,7,6.25,6.5,5,5,1,4,6,2399,1217,1182,232,775,1624,6.46167479783243,6.85456951520131,6.05714614213198,6.12331896551724,6.44436129032258,6.46993709359606,107
"109",2014,8,6.5047619047619,21,6.95,6.1,7,6.8,6.43529411764706,10,11,1,4,17,2420,1227,1193,233,779,1641,6.46204869421488,6.85534726976365,6.05754127409891,6.12708154506438,6.44618741976894,6.4695782084095,108
"110",2014,9,6.86470588235294,17,7.525,6.27777777777778,6.4,6.44,7.04166666666667,8,9,5,5,12,2437,1235,1202,238,784,1653,6.46485754616332,6.85968510121457,6.05919029950083,6.13281512605042,6.44614795918367,6.47373130066545,109
"111",2014,10,6.73125,16,7.12,6.08333333333333,7.5,6.875,6.68333333333333,10,6,1,4,12,2453,1245,1208,239,788,1665,6.46659512433755,6.86177598393574,6.05931021523179,6.13853556485356,6.44832487309645,6.47524194594594,110
"112",2014,11,6.415,20,7.16666666666667,6.09285714285714,5.83333333333333,5.5,6.51666666666667,6,14,3,2,18,2473,1251,1222,242,790,1683,6.46617785685402,6.86323828936851,6.05969454991817,6.1347520661157,6.44592405063291,6.47568499108734,111
"113",2014,12,6.28,20,6.73076923076923,5.44285714285714,6.86666666666667,6.62,6.16666666666667,13,7,3,5,15,2493,1264,1229,245,795,1698,6.46468425190534,6.86187587025316,6.05618123677787,6.14371428571428,6.44701886792453,6.47295514723203,112
"114",2015,1,6.77333333333333,30,7.325,6.14285714285714,6.875,6.66666666666667,6.8,16,14,4,6,24,2523,1280,1243,249,801,1722,6.46835427665478,6.867664921875,6.05715747385358,6.15546184738956,6.44866416978777,6.47751326364692,113
"115",2015,2,7.11538461538461,13,7.31818181818182,6,NA,7.25,7.05555555555556,11,2,0,4,9,2536,1291,1245,249,805,1731,6.47167107255521,6.87150356312936,6.05706565461847,6.15546184738956,6.45264596273292,6.48051868284228,114
"116",2015,3,6.75333333333333,15,6.95454545454545,6.2,NA,6,7.02727272727273,11,4,0,4,11,2551,1302,1249,249,809,1742,6.47332725989808,6.87220514592934,6.05752341072858,6.15546184738956,6.45040791100124,6.4839712055109,115
"117",2015,4,6.15,19,6.50833333333333,5.53571428571429,5.3,6.375,6.04615384615385,12,7,5,6,13,2570,1314,1256,254,815,1755,6.47093690272373,6.86888211567732,6.0546152388535,6.13862204724409,6.4498527607362,6.48072811396011,116
"118",2015,5,5.8,22,6.29,5.39166666666667,6,5,5.97777777777778,10,12,1,4,18,2592,1324,1268,255,819,1773,6.46524222222222,6.86450989425982,6.04834127760252,6.13807843137255,6.44277167277167,6.47562201917653,117
"119",2015,6,6.248,25,6.39166666666667,6.11538461538461,4.66666666666667,6.35,6.22857142857143,12,13,3,4,21,2617,1336,1281,258,823,1794,6.46316692395873,6.8602627994012,6.04902165495706,6.12096899224806,6.44232077764277,6.47273012263099,118
"120",2015,7,6.68260869565217,23,6.835,5.66666666666667,5.5,6.6,6.70555555555556,20,3,2,5,18,2640,1356,1284,260,828,1812,6.46507872727273,6.85989019174041,6.04812830218069,6.11619230769231,6.4432729468599,6.47504295805739,119
"121",2015,8,6.31304347826087,23,6.67,6.03846153846154,6.75,6.25,6.31904761904762,10,13,4,2,21,2663,1366,1297,264,830,1833,6.46376561772437,6.85850007320644,6.04803141094834,6.12579545454545,6.44280722891566,6.47325577741407,120
"122",2015,9,6.93157894736842,19,6.93333333333333,6.92857142857143,6,6.7,7.01428571428571,12,7,1,5,14,2682,1378,1304,265,835,1847,6.46707973154362,6.85915174165457,6.05275823619632,6.12532075471698,6.44434730538922,6.47735670817542,121
"123",2015,10,6.40833333333333,24,7.375,5.925,5.93333333333333,6.33333333333333,6.41904761904762,8,16,3,3,21,2706,1386,1320,268,838,1868,6.46655869918699,6.86212922077922,6.05120965151515,6.12317164179104,6.44394988066826,6.47670119914347,122
"124",2015,11,6.535,30,7.1125,5.875,5.5,5.8125,6.79772727272727,16,14,5,8,22,2736,1402,1334,273,846,1890,6.46730915204678,6.8649865192582,6.04936037481259,6.11175824175824,6.43797872340426,6.48043801058201,123
"125",2015,12,6.79333333333333,15,7.34285714285714,6.3125,6.33333333333333,6.58,6.9,7,8,3,5,10,2751,1409,1342,276,851,1900,6.46908681933842,6.86736061036196,6.05092901639344,6.11416666666666,6.43881316098707,6.48264623157894,124
"126",2016,1,6.62551351351351,37,7.22927272727273,5.74,6.75,7.33333333333333,6.398,22,15,2,9,28,2788,1431,1357,278,860,1928,6.47116278335725,6.87292459818309,6.04749207074429,6.11874100719424,6.44817441860465,6.48141692946058,125
"127",2016,2,6.89411764705882,17,6.92,6.85714285714286,6.5,7,6.88,10,7,2,2,15,2805,1441,1364,280,862,1943,6.47372614616756,6.87325128383068,6.05164717008798,6.12146428571428,6.44945475638051,6.48449399897066,126
"128",2016,3,6.14285714285714,21,6.45,5.86363636363636,6,6.66666666666667,6.05555555555556,10,11,3,3,18,2826,1451,1375,283,865,1961,6.47126745930644,6.87033432115782,6.05014308363636,6.12017667844523,6.45020809248555,6.48055677715451,127
"129",2016,4,6.5,17,6.9375,6.11111111111111,6,6.33333333333333,6.53571428571429,8,9,3,3,14,2843,1459,1384,286,868,1975,6.47143926837847,6.87070260452365,6.05053955202312,6.11891608391608,6.44980414746544,6.4809477670886,128
"130",2016,5,6.6304347826087,23,6.6875,6.5,7.16666666666667,7.07142857142857,6.4375,16,7,3,7,16,2866,1475,1391,289,875,1991,6.47271522679693,6.8687153220339,6.05280139468009,6.12979238754325,6.45477714285714,6.48059861376193,129
"131",2016,6,6.80555555555556,18,7.31818181818182,6,5.5,6.6,6.88461538461539,11,7,2,5,13,2884,1486,1398,291,880,2004,6.47479259361997,6.87204246298789,6.05253701001431,6.12546391752577,6.45560227272727,6.48321948103792,130
"132",2016,7,6.79545454545455,22,7.35714285714286,5.8125,6.5,6.91666666666667,6.75,14,8,2,6,16,2906,1500,1406,293,886,2020,6.47722017894012,6.87657006666667,6.05117122332859,6.1280204778157,6.45872460496614,6.4853325940594,131
"133",2016,8,6.03333333333333,15,6.875,5.07142857142857,4.66666666666667,7,5.88461538461539,8,7,3,2,13,2921,1508,1413,296,888,2033,6.47494071893187,6.87656173740053,6.04631757961784,6.11320945945946,6.45994369369369,6.48149131333005,132
"134",2016,9,6.41052631578947,19,6.48333333333333,6.28571428571429,6.5,6.83333333333333,6.33125,12,7,2,3,16,2940,1520,1420,298,891,2049,6.47452443537415,6.87345730263158,6.04749770422535,6.11580536912751,6.46120089786757,6.48031812591508,133
"135",2016,10,6.64583333333333,24,6.9,6.22222222222222,6.75,6.91666666666667,6.55555555555556,15,9,2,6,18,2964,1535,1429,300,897,2067,6.47591155195682,6.87371667752443,6.04859813855843,6.12003333333333,6.4642474916388,6.48097331398161,134
"136",2016,11,6.225,16,6.5,5.76666666666667,7,6.5,6.20666666666667,10,6,1,1,15,2980,1545,1435,301,898,2082,6.47456437583893,6.87129779935275,6.04741933101045,6.12295681063123,6.46428730512249,6.47899704130643,135
"137",2016,12,6.56470588235294,17,6.85,6.15714285714286,6,7.5,6.44,10,7,2,2,15,2997,1555,1442,303,900,2097,6.47507568902235,6.87116083601286,6.04795196948683,6.12214521452145,6.46658888888889,6.47871809251311,136
"138",2017,1,6.02586206896552,29,6.53846153846154,5.609375,5.125,5.25,6.22826086956522,13,16,4,6,23,3026,1568,1458,307,906,2120,6.47077060145406,6.8684024872449,6.04313905349794,6.10915309446254,6.45853200883002,6.47600086792453,137
"139",2017,2,7.10952380952381,21,7.33125,6.4,NA,6.9,7.175,16,5,0,5,16,3047,1584,1463,307,911,2136,6.47517290449622,6.87307771464646,6.04435867395762,6.10915309446254,6.46095499451153,6.4812368164794,138
"140",2017,3,6,10,6.8,5.2,NA,7,5.88888888888889,5,5,0,1,9,3057,1589,1468,307,912,2145,6.4736185279686,6.8728477658905,6.04148279291553,6.10915309446254,6.46154605263158,6.47875144055944,139
"141",2017,4,6.6,8,7,6.46666666666667,NA,7,6.46666666666667,2,6,0,2,6,3065,1591,1474,307,914,2151,6.47394839804241,6.8730076052797,6.04321352781547,6.10915309446254,6.46272428884026,6.47871773128777,140
"142",2017,5,6.03684210526316,19,6.22222222222222,5.87,5.86666666666667,6.2,6.00625,9,10,3,3,16,3084,1600,1484,310,917,2167,6.47125546044098,6.8693469375,6.04204632075472,6.1068064516129,6.46186477644493,6.47522927549607,141
"143",2017,6,6.82142857142857,14,6.5,7.0625,6,6.5,6.875,6,8,1,2,12,3098,1606,1492,311,919,2179,6.47283790832795,6.86796706102117,6.04751792225201,6.10646302250804,6.46194776931447,6.47743085819183,142
"144",2017,7,5.9,10,5.83333333333333,6,7,NA,5.9,6,4,1,0,10,3108,1612,1496,312,919,2189,6.4709948005148,6.86411606699752,6.04739086898396,6.10932692307692,6.46194776931447,6.4747929830973,143
"145",2017,8,6.55263157894737,19,6.84615384615385,5.91666666666667,NA,6,6.58333333333333,13,6,0,1,18,3127,1625,1502,312,920,2207,6.47149083466581,6.86397236923077,6.04686866844208,6.10932692307692,6.46144565217391,6.47567822383325,144
"146",2017,9,6.33571428571429,14,6.775,5.75,6,10,6.05384615384615,8,6,1,1,13,3141,1633,1508,313,921,2220,6.47088565425024,6.86353649724434,6.0456874933687,6.10897763578275,6.46528773072747,6.47320803603603,145
"147",2017,10,6.22333333333333,18,6.25,6.21,5.50666666666667,5.8,6.38615384615385,6,12,3,5,13,3159,1639,1520,316,926,2233,6.4694750997151,6.86129048200122,6.04698469736842,6.10325949367089,6.46169546436285,6.47270122704881,146
"148",2017,11,6.6625,16,7,6.4,6.5,6.76,6.61818181818182,7,9,2,5,11,3175,1646,1529,318,931,2244,6.47044782362205,6.86188037667072,6.04906261608895,6.10575471698113,6.46329752953813,6.47341436720142,147
"149",2017,12,5.946,15,6.66666666666667,5.46555555555556,6.9,6.5,5.8075,6,9,2,3,12,3190,1652,1538,320,934,2256,6.46798176802508,6.86117136803874,6.04564807542263,6.11071875,6.46341541755889,6.46987226950354,148
"150",2018,1,5.89,25,6.53846153846154,5.1875,5,5.6,5.9625,13,12,2,5,20,3215,1665,1550,322,939,2276,6.46348735303266,6.85865171171171,6.0390043483871,6.1038198757764,6.4588178913738,6.46541381370826,149
"151",2018,2,6.68181818181818,11,6.5,6.9,7,6,6.75,6,5,1,1,10,3226,1671,1555,323,940,2286,6.46423181649101,6.85736391382406,6.04177282315113,6.10659442724458,6.45832978723404,6.46665872265967,150
"152",2018,3,5.98,10,6.36,5.6,5.33333333333333,8,5.75555555555556,5,5,3,1,9,3236,1676,1560,326,941,2295,6.46273542645241,6.85588013126492,6.04035688461539,6.09947852760736,6.45996811902232,6.46387008278867,151
"153",2018,4,6.23529411764706,17,5.78571428571429,6.55,6.5,5.5,6.33333333333333,7,10,2,2,15,3253,1683,1570,328,943,2310,6.46154683061789,6.85142905525847,6.04360301910828,6.10192073170731,6.45793213149523,6.46302244155844,152
"154",2018,5,6.03571428571429,14,6.45,5,5,6,6.03846153846154,10,4,1,1,13,3267,1693,1574,329,944,2323,6.45972202020202,6.84905794447726,6.04095091486658,6.09857142857143,6.45744703389831,6.46064650882479,153
"155",2018,6,6.85714285714286,7,7.5,6,5.5,6,7.2,4,3,2,2,5,3274,1697,1577,331,946,2328,6.46057172877214,6.85059228049499,6.04087301204819,6.09495468277945,6.4564799154334,6.46223446735395,154
"156",2018,7,6.33333333333333,9,6.42857142857143,6,6,6.33333333333333,6.33333333333333,7,2,1,6,3,3283,1704,1579,332,952,2331,6.46022291806275,6.84885862676056,6.04082124129196,6.09466867469879,6.45570378151261,6.46206857142857,155
"157",2018,8,5.7,10,6,5.5,NA,6,5.66666666666667,4,6,0,1,9,3293,1708,1585,332,953,2340,6.45791431521409,6.84687066744731,6.03877396845426,6.09466867469879,6.45522560335782,6.45900933333333,156
"158",2018,9,6.13333333333333,15,7.33333333333333,5.83333333333333,5.5,6.5,6,3,12,4,4,11,3308,1711,1597,336,957,2351,6.45644251511487,6.84772361192285,6.03723026925485,6.08758928571428,6.45541274817137,6.45686169289664,157
"159",2018,10,5.66111111111111,18,6.35714285714286,5.21818181818182,3.5,4.66666666666667,5.86,7,11,2,3,15,3326,1718,1608,338,960,2366,6.45213825616356,6.84572473806752,6.03162732587065,6.07227810650887,6.44982291666667,6.45307770076078,158
"160",2018,11,6.22727272727273,22,6.85714285714286,5.125,6,7.2,5.94117647058824,14,8,3,5,17,3348,1732,1616,341,965,2383,6.45066064516129,6.84581703233256,6.02713907178218,6.071642228739,6.45370984455959,6.44942586655476,159
"161",2018,12,6.36363636363636,11,6.5,6.2,7,6.33333333333333,6.375,6,5,1,3,8,3359,1738,1621,342,968,2391,6.45037565942245,6.84462318757192,6.02767226403455,6.0743567251462,6.4533367768595,6.44917684650773,160
"162",2019,1,6.31875,16,6.83333333333333,5.65714285714286,5,6.25,6.32857142857143,9,7,2,2,14,3375,1747,1628,344,970,2405,6.44975165629629,6.84456502575844,6.02607907862408,6.06811046511628,6.4529175257732,6.44847477754677,161
"163",2019,2,6.275,12,5.9,6.54285714285714,6.9,5.4,6.45,5,7,2,2,10,3387,1752,1635,346,972,2415,6.44913251845291,6.84186934931507,6.02829158409786,6.07291907514451,6.45075102880659,6.4484810931677,162
"164",2019,3,6.47,10,7.03333333333333,5.625,6,7.4,6.07142857142857,6,4,1,3,7,3397,1758,1639,347,975,2422,6.44919394760082,6.84252281001138,6.02730734594265,6.07270893371758,6.4536717948718,6.44739134599504,163
"165",2019,4,6.25625,16,6.65,6.02,6,6.25,6.25714285714286,6,10,2,2,14,3413,1764,1649,349,977,2436,6.44828943451509,6.84186797052154,6.02726303214069,6.07229226361031,6.4532548618219,6.4462979638752,164
"166",2019,5,6.19,10,6.225,6.16666666666667,7,6.9,6.11111111111111,4,6,2,1,9,3423,1768,1655,351,978,2445,6.44753486415425,6.84047234162896,6.02776842296073,6.07757834757835,6.45371165644172,6.44506414723926,165
"167",2019,6,5.75,8,6.25,5.25,6,6,5.71428571428571,4,4,1,1,7,3431,1772,1659,352,979,2452,6.44590843485864,6.8391394469526,6.02589315250151,6.07735795454545,6.4532482124617,6.44297791190864,166
"168",2019,7,6.3,10,7,5.83333333333333,6.5,NA,6.3,4,6,2,0,10,3441,1776,1665,354,979,2462,6.44548440569602,6.8395017454955,6.02519924324324,6.07974576271186,6.4532482124617,6.44239717303005,167
"169",2019,8,6.35,14,6.7375,5.83333333333333,6,8,6.22307692307692,8,6,2,1,13,3455,1784,1671,356,980,2475,6.4450974934877,6.83904433856502,6.02451031717535,6.07929775280899,6.45482653061225,6.44124518787879,168
"170",2019,9,6.81818181818182,11,7.25,5.66666666666667,6,7.5,6.42857142857143,8,3,1,4,7,3466,1792,1674,357,984,2482,6.44628154645124,6.84087896205357,6.02386902031064,6.0790756302521,6.45907520325203,6.44120944399678,169
"171",2019,10,5.80397727272727,11,5.96875,5.66666666666667,NA,5.33333333333333,5.98046875,5,6,0,3,8,3477,1797,1680,357,987,2490,6.44424952257693,6.83845233722871,6.02259329761905,6.0790756302521,6.45565349544073,6.43972915261044,170
"172",2019,11,6.68181818181818,11,6.83333333333333,6.5,5,7.33333333333333,6.4375,6,5,1,3,8,3488,1803,1685,358,990,2498,6.44499873566514,6.83843530227399,6.0240099347181,6.07606145251397,6.45831313131313,6.43972201361089,171
"173",2019,12,6.25,6,6.125,6.5,NA,NA,6.25,4,2,0,0,6,3494,1807,1687,358,990,2504,6.4446638780767,6.8368560320974,6.02457423829283,6.07606145251397,6.45831313131313,6.43926740814696,172
"174",2020,1,6.24722222222222,18,6.22222222222222,6.27222222222222,5.5,NA,6.24722222222222,9,9,1,0,18,3512,1816,1696,359,990,2522,6.4436519333713,6.83380993942731,6.02588840801887,6.07445682451253,6.45831313131313,6.4378967446471,173
"175",2020,2,6.99,10,7.6,6.38,6.9,6.9,7,5,5,1,1,9,3522,1821,1701,360,991,2531,6.44520317717206,6.83591370126304,6.02692930041152,6.07675,6.45875882946519,6.43989553141051,174
"176",2020,3,6.58823529411765,17,6.91666666666667,5.8,6,6.83333333333333,6.53571428571429,12,5,1,3,14,3539,1833,1706,361,994,2545,6.44589024865781,6.83644236224768,6.02626420867527,6.07653739612188,6.4598893360161,6.44042262868369,175
"177",2020,4,6.56363636363636,11,7.66666666666667,5.24,5.8,NA,6.56363636363636,6,5,4,0,11,3550,1839,1711,365,994,2556,6.44625509577465,6.83915108754758,6.02396653419053,6.07350684931507,6.4598893360161,6.44095289123631,176
"178",2020,5,6.33333333333333,9,6.41666666666667,6.16666666666667,NA,6.75,6,6,3,0,4,5,3559,1845,1714,365,998,2561,6.4459695391964,6.83777715447154,6.02421630105018,6.07350684931507,6.46105210420842,6.4400919914096,177
"179",2020,6,5.77777777777778,9,5.6,6,7,6,5.75,5,4,1,1,8,3568,1850,1718,366,999,2569,6.4442840779148,6.83443181081081,6.0241599185099,6.07603825136612,6.46059059059059,6.4379430089529,178
"180",2020,7,6.40714285714286,14,6.54285714285714,6.27142857142857,6.375,6.26666666666667,6.44545454545455,7,7,4,3,11,3582,1857,1725,370,1002,2580,6.44413891401452,6.83333271405493,6.02516332753623,6.07927027027027,6.46000998003992,6.43797503488372,179
"181",2020,8,7.15833333333333,12,7.1,7.33333333333333,NA,8.45,6.9,9,3,0,2,10,3594,1866,1728,370,1004,2590,6.44652353644964,6.83461889067524,6.02743445601852,6.07927027027027,6.46397410358566,6.43975891505791,180
"182",2020,9,6.3,19,6.4625,6.18181818181818,5,5.33333333333333,6.48125,8,11,3,3,16,3613,1874,1739,373,1007,2606,6.44575300027678,6.8330303361793,6.02841100632548,6.07058981233244,6.46060575968222,6.44001365694551,181
"183",2020,10,6.81818181818182,11,6.91666666666667,6.7,6,NA,6.81818181818182,6,5,1,0,11,3624,1880,1744,374,1007,2617,6.44688344094923,6.8332972606383,6.03033643348624,6.07040106951872,6.46060575968222,6.44160320596102,182
"184",2020,11,5.4375,8,5.25,5.625,5.75,NA,5.4375,4,4,2,0,8,3632,1884,1748,376,1007,2625,6.44466012940529,6.82993569532909,6.02940889016019,6.06869680851064,6.46060575968222,6.43854308190476,183
"185",2020,12,6.41428571428571,14,6.93,5.125,4.75,6.5,6.40769230769231,10,4,2,1,13,3646,1894,1752,378,1008,2638,6.44454349698299,6.83046401795143,6.02734402968037,6.06171957671958,6.46064484126984,6.43839105003791,184
"186",2021,1,6.82058823529412,17,7.25,5.79,5.625,6.5,6.91923076923077,12,5,2,4,13,3663,1906,1757,380,1012,2651,6.44628872235872,6.83310537775446,6.02666860557769,6.05942105263158,6.46080039525692,6.44074899660505,185
"187",2021,2,6.72142857142857,14,6.76,6.625,6.25,5,7.00833333333333,10,4,2,2,12,3677,1916,1761,382,1014,2663,6.44733630405222,6.8327238256785,6.02802767745599,6.06041884816754,6.4579191321499,6.44330664288396,186
"188",2021,3,6.21666666666667,12,6.5,5.82,6,6,6.26,7,5,2,2,10,3689,1923,1766,384,1016,2673,6.44658595554351,6.8315126625065,6.02743869762175,6.06010416666667,6.45701771653543,6.44262087167976,187
"189",2021,4,7.1,5,7.66666666666667,6.25,6,6,7.375,3,2,1,1,4,3694,1926,1768,385,1017,2677,6.44747038170005,6.83281352544133,6.02769046380091,6.05994805194805,6.45656833824975,6.44401404183788,188
"190",2021,5,6.27272727272727,11,6.5,6,6.16666666666667,8,6.1,6,5,3,1,10,3705,1932,1773,388,1018,2687,6.44695157624831,6.83177994306418,6.02761237450649,6.06077319587629,6.45808447937132,6.44273375139561,189
"191",2021,6,6.64285714285714,14,6.9,6,4,7,6.61538461538461,10,4,1,1,13,3719,1942,1777,389,1019,2700,6.44768905350901,6.83213123069001,6.02755021947102,6.05547557840617,6.45861629048086,6.44356503333333,190
"192",2021,7,6.72222222222222,9,6.72222222222222,NA,NA,8,6.5625,9,0,0,1,8,3728,1951,1777,389,1020,2708,6.44835182135193,6.83162421834956,6.02755021947102,6.05547557840617,6.46012745098039,6.44391639217134,191
"193",2021,8,5.84285714285714,14,6.55,5.3125,6.25,5.325,6.05,6,8,2,4,10,3742,1957,1785,391,1024,2718,6.44608647514698,6.83076078180889,6.02434551260504,6.05647058823529,6.455693359375,6.44246710448859,192
"194",2021,9,6.70833333333333,12,6.78571428571429,6.6,8,5.66666666666667,7.05555555555556,7,5,1,3,9,3754,1964,1790,392,1027,2727,6.44692477091103,6.83060022912424,6.02595348603352,6.06142857142857,6.45338851022395,6.44449049871654,193
"195",2021,10,6.35142857142857,7,6.24,6.5,6,NA,6.35142857142857,4,3,1,0,7,3761,1968,1793,393,1027,2734,6.44674703270407,6.82939982215447,6.02674664807585,6.06127226463104,6.45338851022395,6.44425222750548,194
"196",2021,11,5.95,12,6.75,5.55,5.5,6,5.94545454545455,4,8,2,1,11,3773,1972,1801,395,1028,2745,6.4451671322555,6.82923876774848,6.02462895058301,6.05843037974683,6.45294747081712,6.44225340255009,195
"197",2021,12,6.27272727272727,11,7.5,5.57142857142857,6.5,NA,6.27272727272727,4,7,2,0,11,3784,1976,1808,397,1028,2756,6.44466585359408,6.8305965840081,6.02287430309735,6.06065491183879,6.45294747081712,6.44157677431059,196
"198",2022,1,6.28629611111111,18,6.55939363636364,5.85714285714286,5.5,6,6.30313705882353,11,7,2,1,17,3802,1987,1815,399,1029,2773,6.44391607574961,6.82909520885757,6.0222351184573,6.05784461152882,6.45250728862974,6.44072806346917,197
"199",2022,2,6.75,12,7,6,5,6.8,6.71428571428571,9,3,1,5,7,3814,1996,1818,400,1034,2780,6.44487910854746,6.82986582164329,6.02219842684269,6.0552,6.45418762088975,6.44141687769784,198
"200",2022,3,6.625,16,6.54545454545455,6.8,7,6.16666666666667,6.9,11,5,2,6,10,3830,2007,1823,402,1040,2790,6.44563157180157,6.82830701544594,6.02433172792101,6.05990049751244,6.45252884615385,6.44306054480287,199
"201",2022,4,7.05166666666667,18,7.57555555555556,6.52777777777778,6.375,6.7325,7.14285714285714,9,9,2,4,14,3848,2016,1832,404,1044,2804,6.44846645530146,6.83164294642857,6.02680498908297,6.0614603960396,6.45360153256705,6.4465545363766,200
"202",2022,5,6.25,8,6.83333333333333,5.9,5.5,7.25,5.91666666666667,3,5,2,2,6,3856,2019,1837,406,1046,2810,6.44805469917012,6.8316454581476,6.02645984757757,6.05869458128079,6.45512428298279,6.44542310320285,201
"203",2022,6,6.47,15,7.25833333333333,5.94444444444444,5.33333333333333,6.75,6.4,6,9,3,3,12,3871,2025,1846,409,1049,2822,6.4481397365022,6.83290971851852,6.02605998916577,6.05337408312958,6.45596758817922,6.44522995038979,202
"204",2022,7,6.37692307692308,13,6.84285714285714,5.83333333333333,5,6.25,6.4,7,6,1,2,11,3884,2032,1852,410,1051,2833,6.44790136972194,6.83294398622047,6.02543560475162,6.05080487804878,6.45557564224548,6.44505433109778,203
"205",2022,8,6.64428571428571,14,6.36363636363636,7.67333333333333,NA,7.875,6.152,11,3,0,4,10,3898,2043,1855,410,1055,2843,6.44860670087224,6.83041712187959,6.02810066846361,6.05080487804878,6.46095734597156,6.44402353851565,204
"206",2022,9,6.73684210526316,19,6.95833333333333,6.35714285714286,7,6.5,6.76470588235294,12,7,1,2,17,3917,2055,1862,411,1057,2860,6.45000483022721,6.83116407785888,6.02933766917293,6.05311435523114,6.4610312204352,6.44592969230769,205
"207",2022,10,6.69857142857143,14,6.92166666666667,6.53125,4,NA,6.69857142857143,6,8,1,0,14,3931,2061,1870,412,1057,2874,6.4508900839481,6.83142754973314,6.03148488770054,6.04813106796116,6.4610312204352,6.44716037578288,206
"208",2022,11,6.66666666666667,12,6.75,6.25,6.25,6.66666666666667,6.66666666666667,10,2,2,3,9,3943,2071,1872,414,1060,2883,6.45154677149379,6.83103436986963,6.0317183440171,6.04910628019324,6.46161320754717,6.44784561914672,207
"209",2022,12,7.04411764705882,17,6.97727272727273,7.16666666666667,NA,6.91666666666667,7.07142857142857,11,6,0,3,14,3960,2082,1878,414,1063,2897,6.45409063636364,6.83180700288184,6.03534437699681,6.04910628019324,6.46289746001882,6.45085913703831,208
