"","year","month","avg_rating","no_ratings","avg_rating_owned","avg_rating_not_owned","avg_rating_prev_owned","avg_rating_comment","avg_rating_no_comment","no_ratings_owned","no_ratings_not_owned","no_ratings_prev_owned","no_ratings_comment","no_ratings_no_comment","cum_no_ratings","cum_no_ratings_owned","cum_no_ratings_not_owned","cum_no_ratings_prev_owned","cum_no_ratings_comment","cum_no_ratings_no_comment","cum_avg_rating","cum_avg_rating_owned","cum_avg_rating_not_owned","cum_avg_rating_prev_owned","cum_avg_rating_comment","cum_avg_rating_no_comment","month_after_release"
"1",2001,6,6.71428571428571,7,7,5,NA,5.5,7.2,6,1,0,2,5,7,6,1,0,2,5,6.71428571428571,7,5,NA,5.5,7.2,1
"2",2001,7,9,2,9,NA,NA,9,NA,2,0,0,2,0,9,8,1,0,4,5,7.22222222222222,7.5,5,NA,7.25,7.2,2
"3",2001,8,8.2,5,9.25,4,4,10,7.75,4,1,1,1,4,14,12,2,1,5,9,7.57142857142857,8.08333333333333,4.5,4,7.8,7.44444444444444,3
"4",2001,9,8.22222222222222,9,8,9,NA,NA,8.22222222222222,7,2,0,0,9,23,19,4,1,5,18,7.82608695652174,8.05263157894737,6.75,4,7.8,7.83333333333333,4
"5",2001,10,8.5,2,8.5,NA,NA,8.5,NA,2,0,0,2,0,25,21,4,1,7,18,7.88,8.09523809523809,6.75,4,8,7.83333333333333,5
"6",2001,11,7.5,10,8.25,4.5,NA,NA,7.5,8,2,0,0,10,35,29,6,1,7,28,7.77142857142857,8.13793103448276,6,4,8,7.71428571428571,6
"7",2001,12,9.33333333333333,3,9.33333333333333,NA,NA,NA,9.33333333333333,3,0,0,0,3,38,32,6,1,7,31,7.89473684210526,8.25,6,4,8,7.87096774193548,7
"8",2002,1,7.77777777777778,9,7.85714285714286,7.5,NA,8.33333333333333,7.5,7,2,0,3,6,47,39,8,1,10,37,7.87234042553191,8.17948717948718,6.375,4,8.1,7.81081081081081,8
"9",2002,2,6.16666666666667,3,6.16666666666667,NA,NA,6.25,6,3,0,0,2,1,50,42,8,1,12,38,7.77,8.03571428571429,6.375,4,7.79166666666667,7.76315789473684,9
"10",2002,3,7.57142857142857,7,7.16666666666667,10,NA,10,5.75,6,1,0,3,4,57,48,9,1,15,42,7.74561403508772,7.92708333333333,6.77777777777778,4,8.23333333333333,7.57142857142857,10
"11",2002,4,6.16666666666667,6,6.16666666666667,NA,NA,6.5,6,6,0,0,2,4,63,54,9,1,17,46,7.59523809523809,7.73148148148148,6.77777777777778,4,8.02941176470588,7.43478260869565,11
"12",2002,5,6.16666666666667,6,7.66666666666667,4.66666666666667,6,5.66666666666667,6.66666666666667,3,3,1,3,3,69,57,12,2,20,49,7.47101449275362,7.7280701754386,6.25,5,7.675,7.38775510204082,12
"13",2002,6,7.33333333333333,9,7.33333333333333,NA,NA,8.75,6.92857142857143,9,0,0,2,7,78,66,12,2,22,56,7.45512820512821,7.67424242424242,6.25,5,7.77272727272727,7.33035714285714,13
"14",2002,7,7.91666666666667,12,8,7,7,8.5,7.8,11,1,1,2,10,90,77,13,3,24,66,7.51666666666667,7.72077922077922,6.30769230769231,5.66666666666667,7.83333333333333,7.40151515151515,14
"15",2002,8,8.2,15,8.2,NA,NA,8,8.23076923076923,15,0,0,2,13,105,92,13,3,26,79,7.61428571428571,7.79891304347826,6.30769230769231,5.66666666666667,7.84615384615385,7.5379746835443,15
"16",2002,9,8.75,4,8.75,NA,NA,7.5,10,4,0,0,2,2,109,96,13,3,28,81,7.65596330275229,7.83854166666667,6.30769230769231,5.66666666666667,7.82142857142857,7.59876543209877,16
"17",2002,10,7.77777777777778,9,8.42857142857143,5.5,NA,8,7.6,7,2,0,4,5,118,103,15,3,32,86,7.66525423728814,7.87864077669903,6.2,5.66666666666667,7.84375,7.59883720930233,17
"18",2002,11,6.72222222222222,9,7,5.75,NA,5.7,8,7,2,0,5,4,127,110,17,3,37,90,7.59842519685039,7.82272727272727,6.14705882352941,5.66666666666667,7.55405405405405,7.61666666666667,18
"19",2002,12,7.22222222222222,9,7.22222222222222,NA,NA,6.5,7.42857142857143,9,0,0,2,7,136,119,17,3,39,97,7.57352941176471,7.77731092436975,6.14705882352941,5.66666666666667,7.5,7.60309278350515,19
"20",2003,1,7.73529411764706,17,7.93333333333333,6.25,NA,7.25,7.8,15,2,0,2,15,153,134,19,3,41,112,7.59150326797386,7.79477611940298,6.15789473684211,5.66666666666667,7.48780487804878,7.62946428571429,20
"21",2003,2,7.64705882352941,17,7.75,6,NA,9.33333333333333,7.28571428571429,16,1,0,3,14,170,150,20,3,44,126,7.59705882352941,7.79,6.15,5.66666666666667,7.61363636363636,7.59126984126984,21
"22",2003,3,7.92307692307692,13,8.08333333333333,6,NA,6.25,8.66666666666667,12,1,0,4,9,183,162,21,3,48,135,7.62021857923497,7.81172839506173,6.14285714285714,5.66666666666667,7.5,7.66296296296296,22
"23",2003,4,7,14,7.16666666666667,6,NA,7.625,6.16666666666667,12,2,0,8,6,197,174,23,3,56,141,7.5761421319797,7.76724137931035,6.1304347826087,5.66666666666667,7.51785714285714,7.59929078014184,23
"24",2003,5,6.17391304347826,23,6.4375,5.57142857142857,NA,6.14285714285714,6.22222222222222,16,7,0,14,9,220,190,30,3,70,150,7.42954545454545,7.65526315789474,6,5.66666666666667,7.24285714285714,7.51666666666667,24
"25",2003,6,7.14285714285714,21,7.14285714285714,7.14285714285714,4,8.22222222222222,6.33333333333333,14,7,1,9,12,241,204,37,4,79,162,7.4045643153527,7.62009803921569,6.21621621621622,5.25,7.35443037974684,7.42901234567901,25
"26",2003,7,6.84926470588235,68,7.08,6.20833333333333,NA,7.54761904761905,6.53723404255319,50,18,0,21,47,309,254,55,4,100,209,7.28236245954693,7.51377952755906,6.21363636363636,5.25,7.395,7.22846889952153,26
"27",2003,8,6.56818181818182,22,7,5.41666666666667,NA,6.07142857142857,6.8,16,6,0,7,15,331,270,61,4,107,224,7.23489425981873,7.48333333333333,6.13524590163934,5.25,7.30841121495327,7.19977678571429,27
"28",2003,9,7.71739130434783,23,7.66666666666667,8.25,NA,8.16666666666667,7.55882352941176,21,2,0,6,17,354,291,63,4,113,241,7.26624293785311,7.49656357388316,6.20238095238095,5.25,7.35398230088496,7.22510373443983,28
"29",2003,10,7.06666666666667,15,7.18181818181818,6.75,NA,6.83333333333333,7.22222222222222,11,4,0,6,9,369,302,67,4,119,250,7.25813008130081,7.48509933774834,6.23507462686567,5.25,7.32773109243697,7.225,29
"30",2003,11,7.1,5,7.1,NA,NA,7.66666666666667,6.25,5,0,0,3,2,374,307,67,4,122,252,7.25601604278075,7.47882736156352,6.23507462686567,5.25,7.33606557377049,7.21726190476191,30
"31",2003,12,7.2962962962963,27,7.2962962962963,NA,NA,7.25,7.33333333333333,27,0,0,12,15,401,334,67,4,134,267,7.25872817955112,7.46407185628743,6.23507462686567,5.25,7.32835820895522,7.22378277153558,31
"32",2004,1,6.77777777777778,27,6.79545454545455,6.7,NA,6.11111111111111,7.11111111111111,22,5,0,9,18,428,356,72,4,143,285,7.22838785046729,7.42275280898876,6.26736111111111,5.25,7.25174825174825,7.21666666666667,32
"33",2004,2,7.303125,32,7.31071428571429,7.25,NA,7.18181818181818,7.36666666666667,28,4,0,11,21,460,384,76,4,154,306,7.23358695652174,7.41458333333333,6.31907894736842,5.25,7.24675324675325,7.22696078431373,33
"34",2004,3,7.25,24,7.38095238095238,6.33333333333333,NA,7,7.42857142857143,21,3,0,10,14,484,405,79,4,164,320,7.23440082644628,7.41283950617284,6.31962025316456,5.25,7.23170731707317,7.23578125,34
"35",2004,4,7.42,25,7.60416666666667,3,NA,7.85714285714286,7.25,24,1,0,7,18,509,429,80,4,171,338,7.24351669941061,7.42354312354312,6.278125,5.25,7.25730994152047,7.23653846153846,35
"36",2004,5,6.95238095238095,21,6.84210526315789,8,7,6.14285714285714,7.35714285714286,19,2,1,7,14,530,448,82,5,178,352,7.23198113207547,7.39888392857143,6.32012195121951,5.6,7.21348314606742,7.24133522727273,36
"37",2004,6,6.6,25,6.47368421052632,7,NA,6.28571428571429,6.72222222222222,19,6,0,7,18,555,467,88,5,185,370,7.20351351351351,7.36124197002141,6.36647727272727,5.6,7.17837837837838,7.21608108108108,37
"38",2004,7,7.3,20,7.27777777777778,7.5,6,7.66666666666667,7,18,2,1,9,11,575,485,90,6,194,381,7.20686956521739,7.35814432989691,6.39166666666667,5.66666666666667,7.20103092783505,7.20984251968504,38
"39",2004,8,6.92105263157895,19,7.34375,4.66666666666667,NA,6.875,7,16,3,0,12,7,594,501,93,6,206,388,7.19772727272727,7.35768463073852,6.33602150537634,5.66666666666667,7.18203883495146,7.20605670103093,39
"40",2004,9,7.09090909090909,33,7.23333333333333,5.66666666666667,6,6.6875,7.47058823529412,30,3,1,16,17,627,531,96,7,222,405,7.19210526315789,7.35065913370998,6.31510416666667,5.71428571428571,7.1463963963964,7.21716049382716,40
"41",2004,10,6.97727272727273,44,7.10810810810811,6.28571428571429,5.5,6.81578947368421,7.1,37,7,2,19,25,671,568,103,9,241,430,7.17801788375559,7.33485915492958,6.31310679611651,5.66666666666667,7.12033195020747,7.2103488372093,41
"42",2004,11,7.275,40,7.47222222222222,5.5,NA,7.70588235294118,6.95652173913043,36,4,0,17,23,711,604,107,9,258,453,7.18347398030942,7.34304635761589,6.28271028037383,5.66666666666667,7.15891472868217,7.19746136865342,42
"43",2004,12,7.15116279069767,43,7.51470588235294,5.77777777777778,4.5,7.54761904761905,6.77272727272727,34,9,2,21,22,754,638,116,11,279,475,7.18163129973475,7.35219435736677,6.24353448275862,5.45454545454545,7.18817204301075,7.17778947368421,43
"44",2005,1,7.36818181818182,77,7.47142857142857,6.33571428571429,NA,7.66071428571429,7.20102040816327,70,7,0,28,49,831,708,123,11,307,524,7.19891696750903,7.36398305084746,6.24878048780488,5.45454545454545,7.23127035830619,7.17996183206107,44
"45",2005,2,7.11052631578947,57,7.166,6.71428571428571,6,7.234375,6.952,50,7,1,32,25,888,758,130,12,339,549,7.19324324324324,7.3509234828496,6.27384615384616,5.5,7.23156342182891,7.1695810564663,45
"46",2005,3,7.15686274509804,51,7.45897435897436,6.175,6,7.08965517241379,7.24545454545455,39,12,1,29,22,939,797,142,13,368,571,7.1912673056443,7.35621079046424,6.26549295774648,5.53846153846154,7.22038043478261,7.17250437828371,46
"47",2005,4,7.04605263157895,38,6.97727272727273,7.5,NA,7.05434782608696,7.03333333333333,33,5,0,23,15,977,830,147,13,391,586,7.18561924257932,7.34114457831325,6.30748299319728,5.53846153846154,7.21061381074169,7.16894197952218,47
"48",2005,5,7.55966666666667,30,7.63535714285714,6.5,7,8.13333333333333,7.41625,28,2,1,6,24,1007,858,149,14,397,610,7.19676266137041,7.35074592074592,6.31006711409396,5.64285714285714,7.22455919395466,7.17867213114754,48
"49",2005,6,7.17057142857143,35,7.089,7.66,NA,7.15705882352941,7.18333333333333,30,5,0,17,18,1042,888,154,14,414,628,7.19588291746641,7.34190315315315,6.35389610389611,5.64285714285714,7.22178743961353,7.17880573248408,49
"50",2005,7,7.03275862068966,58,7.038,7,4,7.29666666666667,6.75,50,8,1,30,28,1100,938,162,15,444,656,7.18728181818182,7.32570362473347,6.3858024691358,5.53333333333333,7.22684684684685,7.16050304878049,50
"51",2005,8,7.15915492957746,71,7.41746031746032,5.125,5,7.13888888888889,7.18,63,8,1,36,35,1171,1001,170,16,480,691,7.18557643040137,7.33147852147852,6.3264705882353,5.5,7.22025,7.16149059334298,51
"52",2005,9,7.43292682926829,41,7.67361111111111,5.7,7,7.34375,7.49,36,5,1,16,25,1212,1037,175,17,496,716,7.19394389438944,7.34335583413693,6.30857142857143,5.58823529411765,7.22423387096774,7.17296089385475,52
"53",2005,10,6.82017543859649,57,7.095,4.85714285714286,5,7.0546875,6.52,50,7,1,32,25,1269,1087,182,18,528,741,7.17715524034673,7.33193192272309,6.25274725274725,5.55555555555556,7.21395833333333,7.15093117408907,53
"54",2005,11,7.140625,64,7.34615384615385,6.25,NA,7.10714285714286,7.16666666666667,52,12,0,28,36,1333,1139,194,18,556,777,7.17540135033758,7.33258121158911,6.25257731958763,5.55555555555556,7.20857913669065,7.15166023166023,54
"55",2005,12,6.91666666666667,72,7.13333333333333,5.83333333333333,7,6.52173913043478,7.10204081632653,60,12,1,23,49,1405,1199,206,19,579,826,7.16214234875445,7.3226105087573,6.22815533980583,5.63157894736842,7.18129533678757,7.14871670702179,55
"56",2006,1,7.0546875,64,7.14912280701754,6.28571428571429,NA,7.17857142857143,6.95833333333333,57,7,0,28,36,1469,1256,213,19,607,862,7.15746085772634,7.3147372611465,6.23004694835681,5.63157894736842,7.18116968698517,7.1407656612529,56
"57",2006,2,7.25,51,7.35795454545455,6.57142857142857,NA,7.6875,6.96774193548387,44,7,0,20,31,1520,1300,220,19,627,893,7.16056578947368,7.3162,6.24090909090909,5.63157894736842,7.19732057416268,7.13475923852184,57
"58",2006,3,6.72203703703704,54,6.8365306122449,5.6,3,6.75,6.70805555555556,49,5,1,18,36,1574,1349,225,20,645,929,7.1455209656925,7.29877687175686,6.22666666666667,5.5,7.18483720930233,7.11822389666308,58
"59",2006,4,7.23529411764706,34,7.5,5.25,8,7.16666666666667,7.3125,30,4,1,18,16,1608,1379,229,21,663,945,7.14741915422886,7.30315445975344,6.20960698689956,5.61904761904762,7.18434389140272,7.12151322751323,59
"60",2006,5,7.40322580645161,31,7.31666666666667,10,NA,7.47222222222222,7.30769230769231,30,1,0,18,13,1639,1409,230,21,681,958,7.15225747406955,7.30344215755855,6.22608695652174,5.61904761904762,7.191953010279,7.12403966597077,60
"61",2006,6,6.85066666666667,45,7.00777777777778,6.22222222222222,6,6.10526315789474,7.39538461538462,36,9,1,19,26,1684,1445,239,22,700,984,7.14419833729216,7.29607612456747,6.22594142259414,5.63636363636364,7.16245714285714,7.1312093495935,61
"62",2006,7,7.26119402985075,67,7.46666666666667,5.5,NA,6.95454545454545,7.41111111111111,60,7,0,22,45,1751,1505,246,22,722,1029,7.14867504283267,7.30287707641196,6.20528455284553,5.63636363636364,7.15612188365651,7.14344995140913,62
"63",2006,8,7.35576923076923,52,7.39024390243902,7.22727272727273,6.5,7.4375,7.31944444444444,41,11,1,16,36,1803,1546,257,23,738,1065,7.15464780920688,7.30519404915912,6.24902723735409,5.67391304347826,7.16222222222222,7.14939906103286,63
"64",2006,9,7.04754098360656,61,7.19411764705882,6.3,NA,6.79545454545455,7.18974358974359,51,10,0,22,39,1864,1597,267,23,760,1104,7.15114270386266,7.30164683782091,6.25093632958802,5.67391304347826,7.1516052631579,7.15082427536232,64
"65",2006,10,7.27417910447761,67,7.43741379310345,6.22222222222222,NA,7.60714285714286,7.03512820512821,58,9,0,28,39,1931,1655,276,23,788,1143,7.15541170378043,7.30640483383686,6.25,5.67391304347826,7.16779187817259,7.14687664041995,65
"66",2006,11,7.495,60,7.55294117647059,7.16666666666667,5.5,7.22608695652174,7.66216216216216,51,9,2,23,37,1991,1706,285,25,811,1180,7.16564540431944,7.31377491207503,6.27894736842105,5.66,7.16944512946979,7.16303389830508,66
"67",2006,12,6.88294117647059,85,6.96688311688312,6.075,4,6.52222222222222,7.05086206896552,77,8,1,27,58,2076,1783,293,26,838,1238,7.15407032755299,7.29879416713404,6.27337883959044,5.59615384615385,7.14859188544153,7.15777867528271,67
"68",2007,1,7.02616822429907,107,7.24494382022472,5.94444444444444,4.5,7.31944444444444,6.87746478873239,89,18,2,36,71,2183,1872,311,28,874,1309,7.14780119102153,7.29623397435897,6.25434083601286,5.51785714285714,7.15562929061785,7.14257448433919,68
"69",2007,2,6.79993142857143,91,7.11917808219178,5.50520888888889,6,7.02,6.66238857142857,73,18,3,35,56,2274,1945,329,31,909,1365,7.13388028144239,7.28958868894602,6.21335489361702,5.56451612903226,7.15040704070407,7.12287454945055,69
"70",2007,3,6.82647887323944,71,6.93737704918033,6.15,6,6.5,6.98291666666667,61,10,1,23,48,2345,2006,339,32,932,1413,7.12457303198294,7.27887836490529,6.21148601769912,5.578125,7.13435622317597,7.11812014154282,70
"71",2007,4,7.29113924050633,79,7.28571428571429,7.3125,6.5,7.07142857142857,7.41176470588235,63,16,2,28,51,2424,2069,355,34,960,1464,7.13000155115512,7.27908651522475,6.26110918309859,5.63235294117647,7.13252083333333,7.12834956284153,71
"72",2007,5,7.09615384615385,78,7.23529411764706,6.15,5,7.01785714285714,7.14,68,10,1,28,50,2502,2137,365,35,988,1514,7.12894634692246,7.2776930276088,6.25806509589041,5.61428571428571,7.12927125506073,7.12873431968296,72
"73",2007,6,7.37394366197183,71,7.50916666666667,6.63636363636364,8,7.62666666666667,7.1890243902439,60,11,1,30,41,2573,2197,376,36,1018,1555,7.13570686358336,7.28401456531634,6.26913234042553,5.68055555555556,7.14392927308448,7.13032396141479,73
"74",2007,7,7.35185185185185,81,7.45,6.72727272727273,5.5,7.10344827586207,7.49038461538461,70,11,2,29,52,2654,2267,387,38,1047,1607,7.14230360211002,7.28913983237759,6.28215441860465,5.67105263157895,7.14280802292264,7.14197495955196,74
"75",2007,8,7.17049180327869,61,7.32156862745098,6.4,6,7.32608695652174,7.07631578947368,51,10,3,23,38,2715,2318,397,41,1070,1645,7.1429369281768,7.28985332182917,6.28512282115869,5.69512195121951,7.1467476635514,7.14045821276596,75
"76",2007,9,6.8135593220339,59,6.95555555555556,6.35714285714286,NA,6.45714285714286,6.92444444444444,45,14,0,14,45,2774,2363,411,41,1084,1690,7.13593142033165,7.2834870926788,6.28757605839416,5.69512195121951,7.13784132841328,7.13470636686391,76
"77",2007,10,7.09527559055118,127,7.35660377358491,5.77619047619048,4.775,7.01333333333333,7.14024390243902,106,21,4,45,82,2901,2469,432,45,1129,1772,7.1341515891072,7.28662616443905,6.26271703703704,5.61333333333333,7.13287865367582,7.13496261851016,77
"78",2007,11,6.83867924528302,106,6.9875,6.11111111111111,5.5,6.53111111111111,7.0655737704918,88,18,4,45,61,3007,2557,450,49,1174,1833,7.12373586963751,7.27633163863903,6.2566528,5.60408163265306,7.10981260647359,7.13265344244408,78
"79",2007,12,6.99275362318841,138,7.2212389380531,5.96,6.5,6.925,7.04487179487179,113,25,2,60,78,3145,2670,475,51,1234,1911,7.11798847694754,7.274,6.24103949473684,5.63921568627451,7.1008265802269,7.12907051805337,79
"80",2008,1,6.88824074074074,162,7.10526515151515,5.93333333333333,4,6.45254385964912,7.1247619047619,132,30,1,57,105,3307,2802,505,52,1291,2016,7.10673382521923,7.26605103497502,6.22275992079208,5.60769230769231,7.07220371804802,7.12884611111111,80
"81",2008,2,7.13761467889908,109,7.23469387755102,6.27272727272727,7.25,6.93170731707317,7.26176470588235,98,11,2,41,68,3416,2900,516,54,1332,2084,7.10771919203747,7.26499137931035,6.22382511627907,5.66851851851852,7.06787912912913,7.13318318618042,81
"82",2008,3,7.26887755102041,98,7.47440476190476,6.03571428571429,7,7.22926829268293,7.29736842105263,84,14,1,41,57,3514,2984,530,55,1373,2141,7.11221364826409,7.27088639410188,6.2188561509434,5.69272727272727,7.07269847050255,7.13755430172816,82
"83",2008,4,7.22134146341463,82,7.26666666666667,6.98076923076923,6.8125,6.59259259259259,7.53,69,13,4,27,55,3596,3053,543,59,1400,2196,7.11470210233593,7.2707910252211,6.23709716390424,5.76864406779661,7.06343928571429,7.1473833151184,83
"84",2008,5,6.93936170212766,94,6.93734939759036,6.95454545454545,10,6.78571428571429,7.03050847457627,83,11,1,35,59,3690,3136,554,60,1435,2255,7.11023543631436,7.26196588010204,6.25134252707581,5.83916666666667,7.05666550522648,7.1443253924612,84
"85",2008,6,7.22631578947368,76,7.65862068965517,5.83333333333333,6,7.484375,7.03863636363636,58,18,2,32,44,3766,3194,572,62,1467,2299,7.1125780031864,7.26916875391359,6.23818839160839,5.84435483870968,7.06599522835719,7.14230263592866,85
"86",2008,7,6.8535,100,7.07133333333333,6.2,5.35,6.76612903225806,6.89275362318841,75,25,10,31,69,3866,3269,597,72,1498,2368,7.10587655457838,7.26462985622515,6.23658921273032,5.77569444444444,7.05978971962617,7.13503114864865,86
"87",2008,8,7.09905660377358,106,7.54320987654321,5.66,5.14285714285714,6.63333333333333,7.28289473684211,81,25,7,30,76,3972,3350,622,79,1528,2444,7.10569455186304,7.27136567164179,6.21341440514469,5.71962025316456,7.05141688481675,7.139629198036,87
"88",2008,9,6.95833333333333,66,7.32386363636364,6.22727272727273,6,7.03846153846154,6.90625,44,22,5,26,40,4038,3394,644,84,1554,2484,7.10328597325409,7.27204625810254,6.21388782608696,5.73630952380952,7.05120012870013,7.13587107890499,88
"89",2008,10,7.11463414634146,82,7.30882352941176,6.17142857142857,6.66666666666667,7.28846153846154,7.03392857142857,68,14,3,26,56,4120,3462,658,87,1580,2540,7.10351183495146,7.27276863084922,6.21298443768997,5.7683908045977,7.05510443037975,7.13362352755905,89
"90",2008,11,6.83723404255319,94,7.00277777777778,6.29545454545455,6.5,6.51428571428571,6.97424242424242,72,22,2,28,66,4214,3534,680,89,1608,2606,7.09757208353109,7.26726796830787,6.2156525882353,5.78483146067416,7.04568718905473,7.12958701458173,90
"91",2008,12,7.12652173913043,115,7.31774193548387,6.31818181818182,7.25,7.01744186046512,7.19166666666667,93,22,6,43,72,4329,3627,702,95,1651,2678,7.09834113190113,7.26856217259443,6.21886575498576,5.87736842105263,7.04495154451847,7.13125607169529,91
"92",2009,1,7.05096385542169,166,7.12909090909091,6.56521739130435,6.5,6.9945652173913,7.07258333333333,143,23,8,46,120,4495,3770,725,103,1697,2798,7.09659149276974,7.26327188328913,6.22985346206897,5.92572815533981,7.04358573954037,7.12873972837741,92
"93",2009,2,6.95997340425532,188,7.1547520661157,6.60820895522388,5.875,6.90792682926829,6.97448979591837,121,67,8,41,147,4683,3891,792,111,1738,2945,7.0911069314542,7.25989719866358,6.26186080808081,5.92207207207207,7.04038550057537,7.12104032597623,93
"94",2009,3,7.27151898734177,158,7.44033613445378,6.75641025641026,4.4,7.24242424242424,7.2792,119,39,5,33,125,4841,4010,831,116,1771,3070,7.09699519933898,7.26525187032419,6.28507070998797,5.85646551724138,7.04415019762846,7.12748005211726,94
"95",2009,4,6.75379310344828,145,7.02708333333333,6.21836734693878,5.8125,6.25952380952381,6.95533980582524,96,49,8,42,103,4986,4106,880,124,1813,3173,7.08701439229844,7.25968339016074,6.28135654545455,5.85362903225807,7.02597352454495,7.12189213993066,95
"96",2009,5,6.72479338842975,121,7.07901234567901,6.0075,4.66666666666667,6.73333333333333,6.72197802197802,81,40,6,30,91,5107,4187,920,130,1843,3264,7.07843230076366,7.25618820157631,6.26944973913044,5.79884615384615,7.02120998372219,7.11074257352941,96
"97",2009,6,7.0132792,125,7.25804597701149,6.45289210526316,4,6.605,7.14220947368421,87,38,2,30,95,5232,4274,958,132,1873,3359,7.07687569954128,7.25622601778194,6.27672615866388,5.77159090909091,7.01454351308062,7.11163252753796,97
"98",2009,7,7.14214285714286,140,7.28564356435644,6.77051282051282,6.01875,7.125,7.14642857142857,101,39,8,28,112,5372,4375,997,140,1901,3471,7.07857663067759,7.25690514285714,6.29604178535607,5.78571428571429,7.01617043661231,7.11275530394699,98
"99",2009,8,6.95252525252525,99,6.77571428571429,7.37931034482759,6.525,6.43846153846154,7.13561643835616,70,29,4,26,73,5471,4445,1026,144,1927,3544,7.07629567903491,7.24932733408324,6.32666048732944,5.80625,7.00837571354437,7.1132262020316,99
"100",2009,9,7.11194690265487,113,7.34718309859155,6.71428571428571,6.35714285714286,6.66666666666667,7.32012987012987,71,42,7,36,77,5584,4516,1068,151,1963,3621,7.07701713108883,7.25086581045173,6.34190417602996,5.8317880794702,7.002109016811,7.11762597624966,100
"101",2009,10,7.24554794520548,146,7.36584158415842,6.97555555555556,6.56666666666667,6.72857142857143,7.40855855855856,101,45,6,35,111,5730,4617,1113,157,1998,3732,7.08131128446771,7.2533809833225,6.36752350404313,5.85987261146497,6.99731731731732,7.12627911575563,101
"102",2009,11,7.16190476190476,126,7.28387096774194,6.81818181818182,5.2,6.31818181818182,7.34038461538462,93,33,5,22,104,5856,4710,1146,162,2020,3836,7.08304536543716,7.253983014862,6.38050057591623,5.83950617283951,6.98992079207921,7.13208385297185,102
"103",2009,12,7.34053571428571,168,7.42173913043478,7.16433962264151,7.5,7.5,7.30726618705036,115,53,4,29,139,6024,4825,1199,166,2049,3975,7.09022637118194,7.25798134715026,6.41514900750626,5.87951807228916,6.99714006832601,7.13820972578616,103
"104",2010,1,7.12734806629834,181,7.32022900763359,6.622,6.57142857142857,6.95810810810811,7.17083333333333,131,50,7,37,144,6205,4956,1249,173,2086,4119,7.09130921192587,7.25962671509282,6.42342967173739,5.90751445086705,6.99644774688399,7.13935024520515,104
"105",2010,2,6.9208,125,7.27078651685393,6.05555555555556,5.33333333333333,6.70454545454545,6.96699029126214,89,36,6,22,103,6330,5045,1285,179,2108,4222,7.08794212638231,7.2598235877106,6.41312347081712,5.88826815642458,6.99340132827324,7.13514534817622,105
"106",2010,3,6.94931007751938,129,7.24401111111111,6.26923076923077,6.5,6.81666666666667,6.98442156862745,90,39,10,27,102,6459,5135,1324,189,2135,4324,7.08517334881561,7.2595464459591,6.40888493957704,5.92063492063492,6.9911662763466,7.13158988436633,106
"107",2010,4,7.18125,88,7.45294117647059,6.2575,4,6.25588235294118,7.40281690140845,68,20,1,17,71,6547,5203,1344,190,2152,4395,7.0864647411028,7.26207399577167,6.4066321875,5.91052631578947,6.98535780669145,7.13597148122867,107
"108",2010,5,6.89634146341463,82,7.21212121212121,5.59375,6,6.65,6.9758064516129,66,16,2,20,62,6629,5269,1360,192,2172,4457,7.08411293709459,7.26144828240653,6.39706886764706,5.91145833333333,6.98226979742173,7.13374347318824,108
"109",2010,6,7.20285714285714,70,7.34909090909091,6.66666666666667,5.83333333333333,7.5,7.13508771929825,55,15,3,13,57,6699,5324,1375,195,2185,4514,7.08535373339304,7.26235368144252,6.40000993454546,5.91025641025641,6.98535011441648,7.13376044749668,109
"110",2010,7,7.08618556701031,97,7.43714285714286,6.1762962962963,6.25,7.16666666666667,7.06784810126582,70,27,4,18,79,6796,5394,1402,199,2203,4593,7.08536560623897,7.2646219873934,6.39570161198288,5.91708542713568,6.98683159328189,7.13262674940126,110
"111",2010,8,7.28483146067416,89,7.484375,6.774,7.5,7.572,7.17265625,64,25,4,25,64,6885,5458,1427,203,2228,4657,7.08794403195352,7.26719879076585,6.40232912403644,5.94827586206897,6.99339766606822,7.13317686493451,111
"112",2010,9,7.12951807228916,83,7.29918032786885,6.65909090909091,5.5,6.45238095238095,7.35887096774194,61,22,5,21,62,6968,5519,1449,208,2249,4719,7.08843924512055,7.26755227396267,6.40622750862664,5.9375,6.98834593152512,7.13614211909303,112
"113",2010,10,7.13888888888889,72,7.55208333333333,6.3125,5.83333333333333,7.125,7.14285714285714,48,24,6,16,56,7040,5567,1473,214,2265,4775,7.08895520738636,7.27000556852883,6.40470038017651,5.93457943925234,6.98931125827814,7.13622087120419,113
"114",2010,11,6.84596774193548,124,7.14177215189873,6.32666666666667,5.64285714285714,6.28846153846154,6.99387755102041,79,45,7,26,98,7164,5646,1518,221,2291,4873,7.08474939419319,7.26821130003542,6.40238712779974,5.92533936651584,6.98135748581405,7.13335823106916,114
"115",2010,12,7.35338345864662,133,7.59684210526316,6.74473684210526,5.4,7.22272727272727,7.37927927927928,95,38,7,22,111,7297,5741,1556,228,2313,4984,7.08964569823215,7.27364936422226,6.41074785347044,5.90921052631579,6.9836532641591,7.1388352046549,115
"116",2011,1,7.20222929936306,157,7.36709401709402,6.72,5.26666666666667,7.30714285714286,7.17213114754098,117,40,3,35,122,7454,5858,1596,231,2348,5106,7.09201699221894,7.27551570501878,6.41849853383459,5.9008658008658,6.98847529812606,7.13963075989033,116
"117",2011,2,7.15955882352941,136,7.5020618556701,6.30769230769231,5.41666666666667,7.51612903225806,7.05428571428571,97,39,6,31,105,7590,5955,1635,237,2379,5211,7.09322722793149,7.27920587741394,6.41585544954128,5.88860759493671,6.99535098781,7.13791108424487,117
"118",2011,3,7.10770992366412,131,7.42670212765957,6.2972972972973,5.6,6.6575,7.23009708737864,94,37,5,28,103,7721,6049,1672,242,2407,5314,7.0934729516902,7.28149793354273,6.41323185406699,5.88264462809917,6.99142085583714,7.13969790365073,118
"119",2011,4,7.40857142857143,91,7.61959459459459,6.49,2,7.5875,7.32904761904762,74,17,1,28,63,7812,6123,1689,243,2435,5377,7.09714345366103,7.28558402743753,6.41400453522795,5.86666666666667,6.99827515400411,7.14191643295518,119
"120",2011,5,6.88072289156626,83,7.06923076923077,6.56451612903226,6.0625,7.0625,6.83731343283582,52,31,8,16,67,7895,6175,1720,251,2451,5444,7.0948682279924,7.28376210526316,6.41671724418605,5.87290836653386,6.99869441044472,7.13816764511389,120
"121",2011,6,7.08395061728395,81,7.20925925925926,6.83333333333333,6.21428571428571,7.33333333333333,6.97894736842105,54,27,7,24,57,7976,6229,1747,258,2475,5501,7.09475735456369,7.28311623053459,6.42315607326846,5.88217054263566,7.00193939393939,7.13651784402836,121
"122",2011,7,7.04222222222222,90,7.02535211267606,7.10526315789474,6,6.26086956521739,7.31044776119403,71,19,3,23,67,8066,6300,1766,261,2498,5568,7.09417117034466,7.28021126984127,6.43049471121178,5.88352490421456,6.9951160928743,7.13861075071839,122
"123",2011,8,7.50695652173913,115,7.67340425531915,6.76190476190476,5.5,7.30434782608696,7.55760869565217,94,21,2,23,92,8181,6394,1787,263,2521,5660,7.09997367803447,7.28599171097904,6.4343892893117,5.88060836501901,6.99793732645775,7.1454213180212,123
"124",2011,9,7.13404255319149,94,7.29230769230769,6.77931034482759,5.38,6.72727272727273,7.25833333333333,65,29,5,22,72,8275,6459,1816,268,2543,5732,7.10036068398792,7.28605527171389,6.43989738986784,5.87126865671642,6.99559575304758,7.14683961270063,124
"125",2011,10,7.35655737704918,122,7.61904761904762,6.77631578947368,7.5,6.925,7.44117647058824,84,38,4,20,102,8397,6543,1854,272,2563,5834,7.10408296534477,7.29033027663151,6.44679269687163,5.89522058823529,6.99504486929379,7.15198571477546,125
"126",2011,11,7.07985611510791,139,7.29010416666667,6.61046511627907,6,7.08125,7.07943925233645,96,43,4,32,107,8536,6639,1897,276,2595,5941,7.10368845595127,7.29032700707938,6.45050272008434,5.89673913043478,6.99610789980732,7.15067912136004,126
"127",2011,12,7.06176470588235,153,7.20280373831776,6.73369565217391,4.375,7.29333333333333,7.00528455284553,107,46,8,30,123,8689,6746,1943,284,2625,6064,7.10295024283577,7.28893877853543,6.45720723623263,5.85387323943662,6.99950476190476,7.14772999010554,127
"128",2012,1,7.29625,160,7.65090909090909,6.516,6.25,7.675,7.2015625,110,50,8,32,128,8849,6856,1993,292,2657,6192,7.10644532263533,7.29474635355892,6.45868221776217,5.86472602739726,7.00764019570944,7.14884280684755,128
"129",2012,2,7.34761904761905,126,7.488,6.80769230769231,6.25,7.25,7.36603773584906,100,26,4,20,106,8975,6956,2019,296,2677,6298,7.10983115988858,7.29752458309373,6.46317665180783,5.86993243243243,7.00945087784833,7.15249835820896,129
"130",2012,3,7.30792079207921,101,7.48860759493671,6.65909090909091,NA,6.9375,7.37764705882353,79,22,0,16,85,9076,7035,2041,296,2693,6383,7.11203555090348,7.29967036247335,6.46528841744243,5.86993243243243,7.0090233939844,7.15549657841141,130
"131",2012,4,7.59278846153846,104,7.78409090909091,7.26052631578947,7.75,7.48863636363636,7.62073170731707,66,38,4,22,82,9180,7101,2079,300,2715,6465,7.11748198910675,7.30417279256443,6.47982379028379,5.895,7.01290976058932,7.16139747254447,131
"132",2012,5,7.11588785046729,107,7.36866666666667,6.5234375,5.6,6.70588235294118,7.19333333333333,75,32,5,17,90,9287,7176,2111,305,2732,6555,7.11746362226769,7.30484685061315,6.4804849171009,5.89016393442623,7.01099926793558,7.16183595118231,132
"133",2012,6,7.06344086021505,93,7.29315068493151,6.225,6.07142857142857,7.20625,7.03376623376623,73,20,7,16,77,9380,7249,2131,312,2748,6632,7.1169280021322,7.30472906607808,6.47808712341624,5.89423076923077,7.01213609898107,7.16034901387214,133
"134",2012,7,7.26323529411765,102,7.49662162162162,6.64642857142857,5.16666666666667,5.675,7.65060975609756,74,28,6,20,82,9482,7323,2159,318,2768,6714,7.11850186247627,7.30666816878328,6.4802703381195,5.88050314465409,7.00247471098266,7.16633670837057,134
"135",2012,8,7.14166666666667,108,7.4126582278481,6.40344827586207,8,7.58947368421053,7.04606741573034,79,29,3,19,89,9590,7402,2188,321,2787,6803,7.11876273826903,7.30779937854634,6.4792521297989,5.90031152647975,7.00647649802655,7.16476328972512,135
"136",2012,9,7.19108910891089,101,7.49186046511628,5.46666666666667,6,7.27777777777778,7.15945945945946,86,15,1,27,74,9691,7488,2203,322,2814,6877,7.11951652667424,7.30991332799145,6.47235753971857,5.90062111801242,7.00907960199005,7.16470621782754,136
"137",2012,10,7.09957627118644,118,7.36486486486486,6.65340909090909,6.35,7.175,7.08418367346939,74,44,10,20,98,9809,7562,2247,332,2834,6975,7.11927665001529,7.3104510711452,6.47590283044059,5.91415662650602,7.01025052928722,7.16357486164875,137
"138",2012,11,7.29587755102041,147,7.47820869565217,6.640625,5.42857142857143,7.25587878787879,7.30745614035088,115,32,7,33,114,9956,7677,2279,339,2867,7089,7.12188415628767,7.31296404845643,6.47821573497148,5.90412979351032,7.01307778165329,7.16588865284243,138
"139",2012,12,7.41870229007634,131,7.64183673469388,6.75606060606061,6.03571428571429,7.56296296296296,7.38125,98,33,7,27,104,10087,7775,2312,346,2894,7193,7.12573893724596,7.31710932475884,6.48218151384083,5.90679190751445,7.01820801658604,7.16900245516475,139
"140",2013,1,7.10722222222222,180,7.30157480314961,6.64150943396226,6.28571428571429,7.72631578947368,6.94154929577465,127,53,7,38,142,10267,7902,2365,353,2932,7335,7.12541430408104,7.31685965578335,6.48575207610994,5.9143059490085,7.02738540245566,7.16459913565099,140
"141",2013,2,7.017,125,7.26196808510638,6.2741935483871,5.375,6.85,7.06085858585859,94,31,4,26,99,10392,7996,2396,357,2958,7434,7.12411024441879,7.31621435717859,6.48301488313857,5.90826330532213,7.02582623394185,7.16321760290557,141
"142",2013,3,7.08490566037736,106,7.17272727272727,6.85172413793103,6,7.37368421052632,7.02183908045977,77,29,5,19,87,10498,8073,2425,362,2977,7521,7.12371438940751,7.31484578223709,6.48742418969072,5.90953038674033,7.02804635539133,7.16158219119798,142
"143",2013,4,7.19051724137931,116,7.27125,7.01111111111111,7.75,7.06666666666667,7.20891089108911,80,36,4,15,101,10614,8153,2461,366,2992,7622,7.12444447522141,7.31441800564209,6.49508478667209,5.92964480874317,7.02823997326203,7.16220934925217,143
"144",2013,5,7.35394495412844,109,7.63878048780488,6.48888888888889,5.7,7.55851851851852,7.28658536585366,82,27,2,27,82,10723,8235,2488,368,3019,7704,7.12677736267836,7.31764784456588,6.49501754823151,5.92839673913043,7.03298244451805,7.16353318535826,144
"145",2013,6,7.71236559139785,93,7.7731884057971,7.5375,5.9,7.97352941176471,7.65394736842105,69,24,1,17,76,10816,8304,2512,369,3036,7780,7.13181246856509,7.32143304431599,6.50497757165605,5.92831978319783,7.0382490118577,7.16832386375321,145
"146",2013,7,7.13606557377049,122,7.37916666666667,6.59868421052632,6.65,7.34393939393939,7.05898876404494,84,38,5,33,89,10938,8388,2550,374,3069,7869,7.13185990674712,7.32201120648545,6.50637398431373,5.9379679144385,7.04153600521342,7.16708726140552,146
"147",2013,8,7.13548387096774,124,7.22758620689655,6.91891891891892,5.9,7.06944444444444,7.14669811320755,87,37,10,18,106,11062,8475,2587,384,3087,7975,7.13190052974146,7.3210418879056,6.51227431774256,5.93697916666666,7.04169873663751,7.16681625830721,147
"148",2013,9,7.04128787878788,132,7.16588235294118,6.81595744680851,6.31428571428571,7.01153846153846,7.04858490566038,85,47,7,26,106,11194,8560,2634,391,3113,8081,7.13083202251206,7.3195011682243,6.51769311313592,5.94373401534527,7.04144683584966,7.16526539537186,148
"149",2013,10,7.21023622047244,127,7.45473684210526,6.484375,6,7.69565217391304,7.10288461538462,95,32,3,23,104,11321,8655,2666,394,3136,8185,7.13172278597297,7.32098555748122,6.51729319579895,5.94416243654822,7.04624489795918,7.16447277458766,149
"150",2013,11,7.22091503267974,153,7.55925925925926,6.40888888888889,6.21428571428571,7.4695652173913,7.17692307692308,108,45,7,23,130,11474,8763,2711,401,3159,8315,7.13291211957469,7.32392217277188,6.51549378827001,5.94887780548628,7.04932700221589,7.16466742754059,150
"151",2013,12,7.32647058823529,136,7.553,6.69722222222222,6.375,7.5741935483871,7.25333333333333,100,36,8,31,105,11610,8863,2747,409,3190,8420,7.13517947114557,7.32650682613111,6.51787537677466,5.95721271393643,7.05442758620689,7.16577311876485,151
"152",2014,1,7.23989898989899,198,7.41285714285714,6.82241379310345,6.6,7.13783783783784,7.26335403726708,140,58,10,37,161,11808,9003,2805,419,3227,8581,7.13693543868564,7.32784960568699,6.52417242780749,5.97255369928401,7.05538394793926,7.16760396923436,152
"153",2014,2,6.86029411764706,170,7.04807692307692,6.25,5.5,6.725,6.88928571428571,130,40,2,30,140,11978,9133,2845,421,3257,8721,7.13300915511772,7.3238672944268,6.52031763093146,5.97030878859857,7.05234080442124,7.16313606925811,153
"154",2014,3,7.31223647540984,122,7.62465430107527,6.31034482758621,5.1,8.13333333333333,7.19712943925234,93,29,5,15,107,12100,9226,2874,426,3272,8828,7.13481624049587,7.32689929004986,6.51819890744607,5.96009389671361,7.05729645476772,7.16354808676937,154
"155",2014,4,7.1758064516129,124,7.30238095238095,6.91,3,6.97142857142857,7.20181818181818,84,40,2,14,110,12224,9310,2914,428,3286,8938,7.13523204433901,7.32667807196563,6.52357709677419,5.94626168224299,7.05693061472915,7.16401907697472,155
"156",2014,5,7.18831775700935,107,7.392,6.7109375,7.35714285714286,6.93333333333333,7.22989130434783,75,32,7,15,92,12331,9385,2946,435,3301,9030,7.13569268591355,7.32720009057006,6.52561224032587,5.96896551724138,7.05636897909724,7.16469020044297,156
"157",2014,6,7.11607105263158,114,7.3361987654321,6.57575757575758,6.55555555555556,6.6125,7.19828673469388,81,33,9,16,98,12445,9466,2979,444,3317,9128,7.13551294576135,7.3272770916966,6.52616772742531,5.98085585585585,7.05422791679228,7.16505089943033,157
"158",2014,7,6.94888888888889,162,7.39291666666667,6.3030303030303,6.64285714285714,6.7304347826087,6.98503597122302,96,66,7,23,139,12607,9562,3045,451,3340,9267,7.13311482589038,7.32793609600502,6.52133125123153,5.99113082039911,7.05199820359281,7.16235077263408,158
"159",2014,8,6.9202362992126,127,7.30315789473684,5.7834378125,4.66666666666667,7.02083375,6.89679611650485,95,32,6,24,103,12734,9657,3077,457,3364,9370,7.13099172451704,7.32769234234234,6.51365735131622,5.97374179431072,7.05177586504161,7.15943165528282,159
"160",2014,9,6.73863636363636,132,6.90520833333333,6.29444444444444,5.28571428571429,6.55,6.77232142857143,96,36,7,20,112,12866,9753,3113,464,3384,9482,7.12696631587129,7.32353377934994,6.51112228397045,5.96336206896552,7.04881028664302,7.15485916578781,160
"161",2014,10,6.9737037037037,135,7.43197674418605,6.16938775510204,5.75,8.12857142857143,6.7609649122807,86,49,4,21,114,13001,9839,3162,468,3405,9596,7.12537486501039,7.32448164955788,6.50582658760278,5.96153846153846,7.05546960646108,7.15017972175907,161
"162",2014,11,6.95975712230216,139,7.36029818181818,6.26862745098039,5.13333333333333,6.43703703703704,7.08577,88,51,9,27,112,13140,9927,3213,477,3432,9708,7.12362289649924,7.32479915281555,6.50206152194211,5.94591194968553,7.05060431526806,7.14943663473424,162
"163",2014,12,6.99810126582279,158,7.52314814814815,5.864,5.88333333333333,7.56521739130435,6.90148148148148,108,50,6,23,135,13298,10035,3263,483,3455,9843,7.12213151300948,7.32693385052317,6.49228429972418,5.94513457556936,7.05403010419681,7.14603584781063,163
"164",2015,1,7.16233480176211,227,7.35411392405063,6.7231884057971,5.88888888888889,7.43714285714286,7.11223958333333,158,69,9,35,192,13525,10193,3332,492,3490,10035,7.12280627430684,7.32735516432846,6.49706592737095,5.94410569105691,7.05787220916905,7.14538922272048,164
"165",2015,2,7.17269938650307,163,7.50221238938053,6.428,6.44444444444444,7.41,7.13951048951049,113,50,9,20,143,13688,10306,3382,501,3510,10178,7.12340041350088,7.32927238404812,6.49604484624483,5.95309381237525,7.05987863532763,7.14530662703871,165
"166",2015,3,6.93657718120805,149,7.18484848484848,6.445,5.5,7.73333333333333,6.82709923664122,99,50,4,18,131,13837,10405,3432,505,3528,10309,7.12138865794609,7.3278982402691,6.49530118589744,5.94950495049505,7.0633146286848,7.14126305655253,166
"167",2015,4,6.92080536912752,149,7.13578947368421,6.54259259259259,5.91666666666667,6.69,6.97899159663866,95,54,6,30,119,13986,10500,3486,511,3558,10428,7.11925174174174,7.32616011333333,6.49603375502008,5.94911937377691,7.060166950534,7.13941128212505,167
"168",2015,5,7.08604651162791,129,7.42365591397849,6.21388888888889,6.66666666666667,7.26086956521739,7.04811320754717,93,36,3,23,106,14115,10593,3522,514,3581,10534,7.11894827205101,7.32701606627017,6.49314982112436,5.95330739299611,7.06145602066461,7.13849258116575,168
"169",2015,6,6.85097087378641,103,7.28636363636364,6.07432432432432,5.16666666666667,7.30714285714286,6.77921348314607,66,37,3,14,89,14218,10659,3559,517,3595,10623,7.11700695315797,7.32676434843794,6.48879563641472,5.94874274661509,7.06241279833101,7.13548252376918,169
"170",2015,7,6.96811023622047,127,7.43333333333333,5.95625,6.625,6.79230769230769,6.98815789473684,87,40,2,13,114,14345,10746,3599,519,3608,10737,7.11568873196236,7.32762713474781,6.48287681856071,5.95134874759152,7.06143958148558,7.13391830585825,170
"171",2015,8,6.81641791044776,134,6.979,6.33823529411765,5,6.34090909090909,6.90982142857143,100,34,2,22,112,14479,10846,3633,521,3630,10849,7.11291904551419,7.32441279642264,6.48152316818057,5.94769673704414,7.05707273002754,7.13160483454696,171
"172",2015,9,7.18978102189781,137,7.537,6.25135135135135,6.8,7.08620689655172,7.21759259259259,100,37,5,29,108,14616,10946,3670,526,3659,10957,7.11363949507389,7.32635494153115,6.47920263487739,5.95579847908745,7.0573036376059,7.13245239116547,172
"173",2015,10,6.85541666666667,120,7.06204819277108,6.39189189189189,4.83333333333333,6.5625,6.90048076923077,83,37,6,16,104,14736,11029,3707,532,3675,11061,7.11153670331162,7.32436587088584,6.47833117615322,5.94313909774436,7.05514939047618,7.13027130006329,173
"174",2015,11,7.15354609929078,141,7.49838709677419,6.48541666666667,8,7.89285714285714,7.07204724409449,93,48,2,14,127,14877,11122,3755,534,3689,11188,7.11193485648988,7.32582100251753,6.47842174966711,5.95084269662921,7.05832854703171,7.12961037272077,174
"175",2015,12,7.03103092783505,194,7.33264285714286,6.24907407407407,5.5,7.22615384615385,6.98193548387097,140,54,3,39,155,15071,11262,3809,537,3728,11343,7.11089342843872,7.3259058062511,6.47517029929115,5.94832402234637,7.06008423015021,7.12759242263951,175
"176",2016,1,7.20767441860465,215,7.42980132450331,6.68359375,6.61666666666667,7.39130434782609,7.18567708333333,151,64,9,23,192,15286,11413,3873,546,3751,11535,7.11225466832396,7.32728039866818,6.47861442550994,5.95934065934066,7.06211517195414,7.1285592414391,176
"177",2016,2,6.96092715231788,151,7.02752293577982,6.78809523809524,6.75,6.65909090909091,7.01240310077519,109,42,4,22,129,15437,11522,3915,550,3773,11664,7.11077442896936,7.32444464415899,6.48193452618135,5.96509090909091,7.05976517625231,7.12727459276406,177
"178",2016,3,6.93138686131387,137,7.20659340659341,6.38695652173913,4.2,6.17647058823529,7.03833333333333,91,46,5,17,120,15574,11613,3961,555,3790,11784,7.10919640811609,7.32352115646258,6.48083152486746,5.94918918918919,7.05580316886543,7.12636887729124,178
"179",2016,4,7.07298657718121,149,7.16283783783784,6.81052631578947,6.44444444444444,6.72631578947368,7.12365384615385,111,38,9,19,130,15723,11724,3999,564,3809,11914,7.10885326337213,7.32199984561583,6.48396440860215,5.95709219858156,7.05415962457337,7.12633925214034,179
"180",2016,5,7.19060402684564,149,7.50740740740741,6.35609756097561,5.90909090909091,7.04761904761905,7.2140625,108,41,11,21,128,15872,11832,4040,575,3830,12042,7.10962070690524,7.32369220672751,6.48266675,5.95617391304348,7.05412376240208,7.12727170320545,180
"181",2016,6,7.16830065359477,153,7.52368421052632,6.12948717948718,4.8,7.6125,7.08565891472868,114,39,5,24,129,16025,11946,4079,580,3854,12171,7.11018095850234,7.32560071906914,6.47928994116205,5.94620689655172,7.05760093668915,7.12683065072714,181
"182",2016,7,7.306,155,7.56695238095238,6.758,7.5,7.23576923076923,7.32015503875969,105,50,6,26,129,16180,12051,4129,586,3880,12300,7.11205685166873,7.32770360882914,6.48266497214822,5.96211604095563,7.05879484793814,7.12885819918699,182
"183",2016,8,6.95090909090909,165,7.04809160305344,6.57647058823529,5,7.075,6.93379310344828,131,34,6,20,145,16345,12182,4163,592,3900,12445,7.11043009238299,7.32469678131669,6.48343110016815,5.95236486486486,7.05887795128205,7.12658544395339,183
"184",2016,9,7.26294117647059,170,7.59285714285714,6.31818181818182,6.78571428571429,7.7,7.21753246753247,126,44,7,16,154,16515,12308,4207,599,3916,12599,7.11199999152286,7.32744200438739,6.48170279771809,5.96210350584307,7.06149744892747,7.12769710691325,184
"185",2016,10,7.026875,160,7.38429752066116,5.91794871794872,5.71428571428571,6.5,7.12444444444444,121,39,7,25,135,16675,12429,4246,606,3941,12734,7.1111832,7.32799550969506,6.47652465143665,5.95924092409241,7.05793555189038,7.12766262368462,185
"186",2016,11,6.99738562091503,153,7.14414414414414,6.60952380952381,7.33333333333333,7.11363636363636,6.97786259541985,111,42,3,22,131,16828,12540,4288,609,3963,12865,7.11014855360114,7.32636811722488,6.47782734841418,5.96600985221675,7.05824476659096,7.12613726000777,186
"187",2016,12,7.08975263157895,190,7.42592086330935,6.17352941176471,6.16363636363636,7.58333333333333,6.99720625,139,51,11,30,160,17018,12679,4339,620,3993,13025,7.10992084028675,7.32745951494597,6.47425067296612,5.96951612903226,7.06218983471074,7.12455346257198,187
"188",2017,1,7.06526506024096,249,7.35862068965517,6.38468,5.98190909090909,7.21003333333333,7.04543378995434,174,75,11,30,219,17267,12853,4414,631,4023,13244,7.10927687843864,7.32788136543997,6.47272874263706,5.96973217115689,7.06329232165051,7.12324515629719,188
"189",2017,2,6.91544117647059,204,7.20137931034483,6.21271186440678,6.25,7.19285714285714,6.85798816568047,145,59,9,35,169,17471,12998,4473,640,4058,13413,7.10701355732356,7.32647016387136,6.46929905432595,5.9736734375,7.06440981025135,7.11990299336465,189
"190",2017,3,7.16882051282051,195,7.51159420289855,6.33894736842105,5.64666666666667,7.51909090909091,7.1242774566474,138,57,9,22,173,17666,13136,4530,649,4080,13586,7.10769579191667,7.32841498096833,6.46765886754967,5.96913867488444,7.06686152205882,7.11995869645223,190
"191",2017,4,7.02880681818182,176,7.2168253968254,6.555,5.11111111111111,6.55555555555556,7.08272151898734,126,50,9,18,158,17842,13262,4580,658,4098,13744,7.10691760228674,7.32735478736238,6.46861237336244,5.95740273556231,7.06461566861883,7.11953062063446,191
"192",2017,5,7.13712568306011,183,7.42642647058824,6.3,7,7.575,7.08339877300614,136,47,5,20,163,18025,13398,4627,663,4118,13907,7.10722429181692,7.32836044111061,6.4668996477199,5.96526546003016,7.06709446576007,7.11910712950313,192
"193",2017,6,7.20883720930233,172,7.4253488372093,6.5593023255814,7.6,7.56029411764706,7.12224637681159,129,43,5,34,138,18197,13527,4670,668,4152,14045,7.10818474803539,7.32928536926147,6.46775046466809,5.97750149700599,7.07113319123314,7.1191379743681,193
"194",2017,7,7.19162436548223,197,7.40912162162162,6.53469387755102,5.91666666666667,7.28846153846154,7.17690058479532,148,49,6,26,171,18394,13675,4719,674,4178,14216,7.10907838751767,7.33014941060329,6.46844557533375,5.97695994065282,7.07248564145524,7.1198327834834,194
"195",2017,8,7.3362441314554,213,7.55148648648649,6.84615384615385,6.5,7.48076923076923,7.31614973262032,148,65,8,26,187,18607,13823,4784,682,4204,14403,7.11167882302359,7.33251922086377,6.47357748118729,5.98309530791789,7.07501070647002,7.12238164618482,195
"196",2017,9,7.44141361256545,191,7.75036496350365,6.65759259259259,6.22857142857143,7.78571428571429,7.39888235294118,137,54,7,21,170,18798,13960,4838,689,4225,14573,7.11502914458985,7.33661985601719,6.47563139107069,5.98558925979681,7.07854319763313,7.12560713991628,196
"197",2017,10,6.97540540540541,185,7.23412698412698,6.4228813559322,6,7.15357142857143,6.94363057324841,126,59,7,28,157,18983,14086,4897,696,4253,14730,7.1136684328083,7.33570305196649,6.47499584847866,5.9857341954023,7.07903715259816,7.12366753903598,197
"198",2017,11,6.78362755102041,196,6.96335766423358,6.36628813559322,5.62,7.3,6.72494886363636,137,59,5,20,176,19179,14223,4956,701,4273,14906,7.1102955764117,7.33211651479997,6.47370170903955,5.98312553495007,7.08007138076292,7.11895973768952,198
"199",2017,12,7.21935185185185,216,7.49313725490196,6.55444444444444,5.42857142857143,7.25652173913043,7.21492227979275,153,63,7,23,193,19395,14376,5019,708,4296,15099,7.11151012425883,7.33383021633277,6.47471521617852,5.97764265536723,7.08101606378025,7.12018636002384,199
"200",2018,1,7.20925746268657,268,7.42358421052632,6.68717948717949,6.07142857142857,7.06818181818182,7.22906808510638,190,78,7,33,235,19663,14566,5097,715,4329,15334,7.11284238722474,7.33500097418646,6.47796658230332,5.97856083916084,7.08091822822822,7.12185501826007,200
"201",2018,2,7.033125,192,7.30204724409449,6.50769230769231,5.66666666666667,7.16666666666667,7.01127272727273,127,65,9,27,165,19855,14693,5162,724,4356,15499,7.11207151145807,7.33471613625535,6.47834088919024,5.97468370165746,7.08144972681359,7.12067777598555,201
"202",2018,3,7.27331658291457,199,7.43965517241379,6.82666666666667,7.36363636363636,7.45416666666667,7.23337423312883,145,54,11,36,163,20054,14838,5216,735,4392,15662,7.11367157973472,7.33574162218627,6.4819470226227,5.99547074829932,7.08450478369763,7.12185064806538,202
"203",2018,4,7.0403488372093,172,7.44111111111111,6.3640625,6.16666666666667,7.48823529411765,6.99122580645161,108,64,15,17,155,20226,14946,5280,750,4409,15817,7.11304805003461,7.33650302355145,6.48051811931818,5.99889466666667,7.08606146745293,7.12057057912373,203
"204",2018,5,6.88476510067114,149,7.13038834951456,6.33478260869565,4.92857142857143,7.1,6.86067164179105,103,46,7,15,134,20375,15049,5326,757,4424,15951,7.11137864343558,7.33509231111701,6.47925941982726,5.98899735799207,7.08610872739602,7.11838723904457,204
"205",2018,6,7.17730434782609,115,7.54592105263158,6.45897435897436,5.55,7.03235294117647,7.20244897959184,76,39,8,17,98,20490,15125,5365,765,4441,16049,7.11174865104929,7.33615168198347,6.47911196085741,5.98440653594771,7.08590295203782,7.11890054520531,205
"206",2018,7,7.15827586206897,145,7.52809523809524,6.1875,5.78571428571429,7.73333333333333,7.09192307692308,105,40,7,15,130,20635,15230,5405,772,4456,16179,7.11207559292464,7.3374749960604,6.47695387049029,5.98260492227979,7.08808236310592,7.11868377835466,206
"207",2018,8,7.08126404494382,178,7.39729323308271,6.14722222222222,5.3125,7.21791666666667,7.05996753246753,133,45,10,24,154,20813,15363,5450,782,4480,16333,7.11181208187191,7.33799285230749,6.47423131559633,5.9740358056266,7.08877790401785,7.11813015673789,207
"208",2018,9,7.14137931034483,145,7.38,6.61111111111111,5.83333333333333,6.95,7.16511627906977,100,45,6,16,129,20958,15463,5495,788,4496,16462,7.1120166456723,7.33826451464786,6.47535226023658,5.97296446700507,7.0882840324733,7.11849835074717,208
"209",2018,10,7.20415172043011,186,7.49062763358779,6.52181818181818,6.41666666666667,7.53703703703704,7.14762402515723,131,55,6,27,159,21144,15594,5550,794,4523,16621,7.11282714150586,7.33954446646145,6.47581273333333,5.97631738035264,7.09096285872208,7.11877697310631,209
"210",2018,11,7.04791946308725,149,7.34989898989899,6.45,6.755,6.97857142857143,7.06396694214876,99,50,8,28,121,21293,15693,5600,802,4551,16742,7.11237294322078,7.3396097884407,6.4755822625,5.98408478802992,7.09027137112722,7.11838084279059,210
"211",2018,12,7.29487179487179,195,7.53284671532847,6.73275862068965,6.1875,6.80952380952381,7.35344827586207,137,58,8,21,174,21488,15830,5658,810,4572,16916,7.1140290897245,7.3412821484523,6.47821857016614,5.98609382716049,7.08898184820647,7.12079877453299,211
"212",2019,1,7.19929901287554,233,7.41846962264151,6.72837837837838,6.14285714285714,7.68076923076923,7.13882449275362,159,74,7,26,207,21721,15989,5732,817,4598,17123,7.11494377560886,7.34204972668709,6.48144812805304,5.98743696450428,7.09232818834275,7.12101668749635,212
"213",2019,2,7.12596685082873,181,7.33947368421053,6.76268656716418,6.1875,6.96739130434783,7.14905063291139,114,67,8,23,158,21902,16103,5799,825,4621,17281,7.11503487124464,7.34203148978451,6.48469747715123,5.98937696969697,7.09170634278294,7.12127300156241,213
"214",2019,3,7.04896373056995,193,7.21992125984252,6.72,5.875,6.59227272727273,7.10771929824561,127,66,4,22,171,22095,16230,5865,829,4643,17452,7.11445773930754,7.34107597535428,6.4873453827792,5.98882509047044,7.08933986861942,7.12114019825808,214
"215",2019,4,7.18857142857143,175,7.41626016260163,6.65,6.5,7.475,7.16748466257669,123,52,6,12,163,22270,16353,5917,835,4655,17615,7.1150401324652,7.34164147740475,6.48877483015041,5.99249820359281,7.09033405155746,7.12156904569969,215
"216",2019,5,7.18292682926829,164,7.38468468468468,6.76037735849057,5.47142857142857,7.26666666666667,7.16642335766423,111,53,7,27,137,22434,16464,5970,842,4682,17752,7.11553640679326,7.34193167395529,6.49118604187605,5.98816627078385,7.09135092054677,7.12191520617395,216
"217",2019,6,7.34037974683544,158,7.59527272727273,6.75625,6.5,7.34090909090909,7.34029411764706,110,48,8,22,136,22592,16574,6018,850,4704,17888,7.11710887703612,7.34361307348859,6.49330021103357,5.99298352941176,7.09251807185373,7.12357551095707,217
"218",2019,7,7.1012972972973,185,7.495,6.33888888888889,6.25,7.87222222222222,7.01820359281437,122,63,8,18,167,22777,16696,6081,858,4722,18055,7.11698045177152,7.34471927886918,6.49170048840651,5.99537995337995,7.09549026048284,7.12260087178067,218
"219",2019,8,6.9987619047619,210,7.39856115107914,6.21605633802817,5.21666666666667,7.03428571428571,6.99165714285714,139,71,12,35,175,22987,16835,6152,870,4757,18230,7.11590045460478,7.34516383011582,6.4885192896619,5.98463908045977,7.09503994324153,7.12134386944597,219
"220",2019,9,7.22461077844311,167,7.72084905660377,6.36229508196721,5.36,8.10454545454546,7.09110344827586,106,61,5,22,145,23154,16941,6213,875,4779,18375,7.11668453614926,7.34751449619266,6.48728000482859,5.98106971428571,7.09968717514124,7.12110523755102,220
"221",2019,10,7.16327272727273,176,7.32137190082645,6.81545454545455,6.5,6.95591304347826,7.19444444444444,121,55,8,23,153,23330,17062,6268,883,4802,18528,7.11703599442778,7.34732909858164,6.49015964741544,5.98577123442809,7.09899854435651,7.12171085600173,221
"222",2019,11,7.134255,200,7.57465,6.10666666666667,3.66666666666667,7.364,7.10143428571429,140,60,6,25,175,23530,17202,6328,889,4827,18703,7.11718235231619,7.34917916986396,6.48652349399494,5.97011923509561,7.10037103998342,7.12152113243865,222
"223",2019,12,7.18629151515151,231,7.44798358024691,6.57188405797101,6.54166666666667,7.91785714285714,7.08538591133005,162,69,12,28,203,23761,17364,6397,901,4855,18906,7.11785421867766,7.35010098018889,6.48744421916523,5.97773140954495,7.10508568692069,7.1211331365704,223
"224",2020,1,7.05078431372549,306,7.32076555023923,6.46907216494845,5.6,6.77323529411765,7.08547794117647,209,97,14,34,272,24067,17573,6494,915,4889,19178,7.11700145801305,7.34975208672395,6.48716979827533,5.97195191256831,7.1027778707302,7.12062744186047,224
"225",2020,2,7.36092857142857,210,7.46546979865772,7.1055737704918,7.33333333333333,7.2256,7.37921621621622,149,61,6,25,185,24277,17722,6555,921,4914,19363,7.11911146723236,7.35072499830718,6.49292458733791,5.98082084690554,7.10340272893772,7.1230980777772,225
"226",2020,3,7.24741882051282,195,7.32601854166667,7.02549019607843,6.21428571428571,7.1969696969697,7.25769549382716,144,51,7,33,162,24472,17866,6606,928,4947,19525,7.12013385746976,7.35052586421135,6.49703612927642,5.98258189655172,7.10402688700221,7.12421483994878,226
"227",2020,4,7.13252826271186,236,7.43837166666667,6.2741935483871,6.26470588235294,7.22452380952381,7.11261170103093,174,62,17,42,194,24708,18040,6668,945,4989,19719,7.12025224340295,7.35137315742793,6.49496410767847,5.98765714285714,7.10504129284425,7.12410068563315,227
"228",2020,5,7.19346590909091,176,7.47293577981651,6.73880597014925,6.65,7.87037037037037,7.07080536912752,109,67,6,27,149,24884,18149,6735,951,5016,19868,7.12077007032631,7.35210324315389,6.49738985449146,5.99183596214511,7.10916088716108,7.12370099758405,228
"229",2020,6,7.22365384615385,208,7.49310344827586,6.60349206349206,6.66666666666667,7.10416666666667,7.23923913043478,145,63,3,24,184,25092,18294,6798,954,5040,20052,7.1216229248366,7.35322082431398,6.49837314945572,5.99395807127882,7.10913710515872,7.12476119190106,229
"230",2020,7,7.22238095238095,210,7.51666666666667,6.53571428571429,6.4,8.162,7.09540540540541,147,63,5,25,185,25302,18441,6861,959,5065,20237,7.12245919018259,7.35452371129548,6.49871602827576,5.99607507820646,7.11433386179664,7.1244928309532,230
"231",2020,8,7.2798275862069,232,7.65421383647799,6.46438356164384,6.2,7.48275862068965,7.25083743842365,159,73,10,29,203,25534,18600,6934,969,5094,20440,7.12388902757108,7.35708557849462,6.49835458177098,5.99817956656347,7.11643129367883,7.12574762328767,231
"232",2020,9,7.20129464285714,224,7.36006756756757,6.89210526315789,5.54,7.18888888888889,7.20441340782123,148,76,10,45,179,25758,18748,7010,979,5139,20619,7.12456217214069,7.35710911883934,6.50262349072753,5.99349948927477,7.11706577349678,7.12643054561327,232
"233",2020,10,7.14353118721461,219,7.45659953020134,6.47714285714286,5.5,7.23333333333333,7.12927687830688,149,70,11,30,189,25977,18897,7080,990,5169,20808,7.12472209108057,7.35789358575435,6.50237156355932,5.98801616161616,7.11774057070999,7.12645639898116,233
"234",2020,11,7.26150159744409,313,7.51525423728814,6.48376623376623,5.85,7.85,7.19911660777385,236,77,10,30,283,26290,19133,7157,1000,5199,21091,7.12635054241156,7.35983458370354,6.50217139443901,5.986636,7.12196595691478,7.12743135697691,234
"235",2020,12,7.49474546174142,379,7.74418313207547,6.91491228070175,5.75384615384615,7.42889777777778,7.50361715568862,265,114,13,45,334,26669,19398,7271,1013,5244,21425,7.131585897109,7.36508524693267,6.50864264475313,5.98364856860809,7.12459981121281,7.13329581703617,235
"236",2021,1,7.25577776190476,420,7.37094477707006,6.91462264150943,6.58636363636364,6.65829268292683,7.32041335092348,314,106,11,41,379,27089,19712,7377,1024,5285,21804,7.13351142345601,7.36517858563311,6.51447616510777,5.990123046875,7.12098229139072,7.13654831865713,236
"237",2021,2,7.45176870748299,294,7.63326829268293,7.03370786516854,6.54545454545455,7.64716981132075,7.40879668049793,205,89,11,53,241,27383,19917,7466,1035,5338,22045,7.13692842091809,7.36793795651955,6.52066577417627,5.99602512077295,7.12620670850505,7.13952458788841,237
"238",2021,3,7.61415345238095,252,8.00690337278107,6.8144578313253,5.75,7.55333333333333,7.62237238738739,169,83,10,30,222,27635,20086,7549,1045,5368,22267,7.1412801744165,7.3733140968834,6.52389596900252,5.99367081339713,7.12859377980625,7.14433853729735,238
"239",2021,4,7.41642066420664,271,7.60082872928177,7.04555555555556,6.22222222222222,7.53378378378378,7.39786324786325,181,90,9,37,234,27906,20267,7639,1054,5405,22501,7.1439521113739,7.37534597868456,6.53004197800759,5.99562239089184,7.1313675134135,7.14697507710768,239
"240",2021,5,7.38397683397683,259,7.65114285714286,6.82738095238095,6.96153846153846,7.65344827586207,7.35,175,84,13,29,230,28165,20442,7723,1067,5434,22731,7.14615933321498,7.37770702230701,6.53327601579697,6.0073908153702,7.1341537375782,7.1490293524262,240
"241",2021,6,7.27054260465116,215,7.40461843373494,6.81632653061224,7.5,7.35185185185185,7.25886521276596,166,49,11,27,188,28380,20608,7772,1078,5461,22919,7.14710163072586,7.37792379706909,6.53506055970149,6.02262152133581,7.13523006958432,7.14993031414983,241
"242",2021,7,7.3052422907489,227,7.5896,6.7512987012987,5.4,6.99310344827586,7.3509595959596,150,77,5,29,198,28607,20758,7849,1083,5490,23117,7.14835649596253,7.37945339676269,6.53718189196076,6.01974699907664,7.13447930965391,7.15165215512393,242
"243",2021,8,7.31631355932203,236,7.63137931034483,6.81428571428571,6.45454545454545,6.8,7.37748815165877,145,91,11,25,211,28843,20903,7940,1094,5515,23328,7.14973075893631,7.38120095727885,6.54035776700252,6.02411882998172,7.1329630843155,7.15369482467421,243
"244",2021,9,7.55679611650485,206,7.94822695035461,6.70769230769231,6.44444444444444,7.26666666666667,7.59505494505494,141,65,9,24,182,29049,21044,8005,1103,5539,23510,7.15261744913767,7.38500017154533,6.54171651093067,6.02754850407978,7.13354241018234,7.15711156401531,244
"245",2021,10,7.2146694214876,242,7.61552795031056,6.4179012345679,6.09090909090909,6.79354838709677,7.27654028436019,161,81,11,31,211,29291,21205,8086,1114,5570,23721,7.15313011778362,7.38675046498467,6.54047621444472,6.02817414721723,7.13165016337522,7.15817389106699,245
"246",2021,11,7.37028937728938,273,7.48416111111111,7.14989247311828,7.0625,6.88457692307692,7.42141700404858,180,93,8,26,247,29564,21385,8179,1122,5596,23968,7.15513541063456,7.38757038157587,6.54740563271794,6.03554901960784,7.13050221765546,7.16088671854139,246
"247",2021,12,7.16637886627907,344,7.44153305785124,6.51356205882353,5.97916666666667,6.92596296296296,7.18685593059937,242,102,12,27,317,29908,21627,8281,1134,5623,24285,7.15526473217868,7.3881742086281,6.54698876947229,6.03495238095238,7.12952008002845,7.16122570310891,247
"248",2022,1,7.42181041666667,480,7.66957657657658,6.86054421768707,5.96428571428571,7.80131578947368,7.38918325791855,333,147,14,38,442,30388,21960,8428,1148,5661,24727,7.1594750102014,7.39244137568306,6.55245775984813,6.03409059233449,7.13402957251368,7.16530048934363,248
"249",2022,2,7.13610561056106,303,7.42507614213198,6.59905660377358,5.5,7.04138888888889,7.14887640449438,197,106,10,36,267,30691,22157,8534,1158,5697,24994,7.15924429344108,7.39273153450376,6.55303655964378,6.02947841105354,7.13344416535018,7.16512503800912,249
"250",2022,3,7.45898916967509,277,7.66725,6.91805194805195,7.07142857142857,7.8962962962963,7.41176,200,77,7,27,250,30968,22357,8611,1165,5724,25244,7.16192542656936,7.39518730643646,6.5563005458135,6.03573905579399,7.13704252445841,7.16756754872445,250
"251",2022,4,7.28991935483871,248,7.48901734104046,6.83066666666667,6.16666666666667,6.88333333333333,7.34587155963303,173,75,6,30,218,31216,22530,8686,1171,5754,25462,7.1629422927345,7.39590779449622,6.55866958323739,6.03640990606319,7.13571974452554,7.16909414814233,251
"252",2022,5,7.12566545454545,275,7.46567045454545,6.52121212121212,6.34615384615385,7.0921935483871,7.12991803278689,176,99,13,31,244,31491,22706,8785,1184,5785,25706,7.1626167670128,7.39644854267594,6.55824746727376,6.03981081081081,7.13548650129645,7.16872229051583,252
"253",2022,6,7.20467391304348,230,7.2475,7.124375,6.83333333333333,6.64264705882353,7.30216836734694,150,80,9,34,196,31721,22856,8865,1193,5819,25902,7.16292171148451,7.39547101898845,6.56335634517766,6.04579715004191,7.13260687575184,7.16973207474326,253
"254",2022,7,7.4448450929368,269,7.56553732240437,7.18802325581395,6.41666666666667,7.18912263157895,7.46428,183,86,12,19,250,31990,23039,8951,1205,5838,26152,7.16529237074086,7.39682186466426,6.56935806055189,6.04949045643153,7.13279080849605,7.17254780513919,254
"255",2022,8,7.48940438871473,319,7.74817733990148,7.03655172413793,6.794,7.37432432432432,7.50450354609929,203,116,10,37,282,32309,23242,9067,1215,5875,26434,7.16849246154323,7.39989066947767,6.57533517150105,6.05561810699588,7.13431195574467,7.17608913520466,255
"256",2022,9,7.16966101694915,118,7.49742857142857,6.69166666666667,5.66666666666667,6.69466666666667,7.23883495145631,70,48,6,15,103,32427,23312,9115,1221,5890,26537,7.16849671384957,7.40018355096088,6.57594777838727,6.0537067977068,7.13319231578947,7.17633267513283,256
"257",2022,10,9,1,9,NA,NA,9,NA,1,0,0,1,0,32428,23313,9115,1221,5891,26537,7.1685531929197,7.40025217432334,6.57594777838727,6.0537067977068,7.13350920726531,7.17633267513283,257
"258",2022,11,6,2,8,4,NA,8,4,1,1,0,1,1,32430,23314,9116,1221,5892,26538,7.16848112673451,7.40027789911641,6.57566520403686,6.0537067977068,7.13365626951798,7.17621298515336,258
"259",2022,12,7.40056439153439,189,7.68274361538462,6.77881355932203,6.28571428571429,7.0304347826087,7.45184740963855,130,59,7,23,166,32619,23444,9175,1228,5915,26704,7.16982585640271,7.40184420789967,6.57697155313351,6.05502931596091,7.13325490109889,7.17792641065009,259
