"","year","month","avg_rating","no_ratings","avg_rating_owned","avg_rating_not_owned","avg_rating_prev_owned","avg_rating_comment","avg_rating_no_comment","no_ratings_owned","no_ratings_not_owned","no_ratings_prev_owned","no_ratings_comment","no_ratings_no_comment","cum_no_ratings","cum_no_ratings_owned","cum_no_ratings_not_owned","cum_no_ratings_prev_owned","cum_no_ratings_comment","cum_no_ratings_no_comment","cum_avg_rating","cum_avg_rating_owned","cum_avg_rating_not_owned","cum_avg_rating_prev_owned","cum_avg_rating_comment","cum_avg_rating_no_comment","month_after_release"
"1",2005,8,9,1,NA,9,9,9,NA,0,1,1,1,0,1,0,1,1,1,0,9,NA,9,9,9,NA,-2
"2",2005,9,8,1,8,NA,NA,NA,8,1,0,0,0,1,2,1,1,1,1,1,8.5,8,9,9,9,8,-1
"3",2005,10,7.66666666666667,3,7.5,8,8,NA,7.66666666666667,2,1,1,0,3,5,3,2,2,1,4,8,7.66666666666667,8.5,8.5,9,7.75,0
"4",2005,11,7.66216216216216,37,7.97916666666667,7.07692307692308,8.33333333333333,7.92857142857143,7.5,24,13,3,14,23,42,27,15,5,15,27,7.70238095238095,7.94444444444444,7.26666666666667,8.4,8,7.53703703703704,1
"5",2005,12,8.12162162162162,37,8.55769230769231,7.09090909090909,7.83333333333333,8.20588235294118,8.05,26,11,6,17,20,79,53,26,11,32,47,7.89873417721519,8.24528301886792,7.19230769230769,8.09090909090909,8.109375,7.75531914893617,2
"6",2006,1,7.26824561403509,57,8.06189189189189,5.8,6.33333333333333,7.1340625,7.44,37,20,3,32,25,136,90,46,14,64,72,7.63448529411765,8.16988888888889,6.58695652173913,7.71428571428572,7.62171875,7.64583333333333,3
"7",2006,2,7.48055555555556,36,7.93478260869565,6.67692307692308,7.83333333333333,7.18666666666667,7.69047619047619,23,13,3,15,21,172,113,59,17,79,93,7.60226744186046,8.12203539823009,6.60677966101695,7.73529411764706,7.53911392405063,7.65591397849462,4
"8",2006,3,7.4,25,7.71875,6.83333333333333,7.5,7.6875,7.26470588235294,16,9,2,8,17,197,129,68,19,87,110,7.57659898477157,8.07201550387597,6.63676470588235,7.71052631578947,7.55275862068965,7.59545454545455,5
"9",2006,4,7.74,25,7.97368421052632,7,8,7.92307692307692,7.54166666666667,19,6,1,13,12,222,148,74,20,100,122,7.595,8.05939189189189,6.66621621621622,7.725,7.6009,7.59016393442623,6
"10",2006,5,7.20740740740741,27,7.53529411764706,6.65,7,6.94,7.36470588235294,17,10,1,10,17,249,165,84,21,110,139,7.5529718875502,8.00539393939394,6.66428571428571,7.69047619047619,7.54081818181818,7.56258992805755,7
"11",2006,6,7.64285714285714,28,8.36111111111111,6.35,NA,7.34166666666667,7.86875,18,10,0,12,16,277,183,94,21,122,155,7.56205776173285,8.0403825136612,6.63085106382979,7.69047619047619,7.52122950819672,7.5941935483871,8
"12",2006,7,7.18333333333333,30,7.60454545454545,6.025,7.5,6.97058823529412,7.46153846153846,22,8,2,17,13,307,205,102,23,139,168,7.52504885993485,7.99360975609756,6.58333333333333,7.67391304347826,7.45388489208633,7.58392857142857,9
"13",2006,8,7.83333333333333,24,8.17647058823529,7,9,8.0625,7.71875,17,7,1,8,16,331,222,109,24,147,184,7.54740181268882,8.00761261261261,6.61009174311927,7.72916666666667,7.48700680272109,7.59565217391304,10
"14",2006,9,7.14736842105263,19,6.92222222222222,7.35,7.25,7.25,6.97142857142857,9,10,2,12,7,350,231,119,26,159,191,7.52568571428571,7.96532467532467,6.67226890756303,7.69230769230769,7.46911949685535,7.57277486910995,11
"15",2006,10,7.70689655172414,29,8.08823529411765,7.16666666666667,7.66666666666667,7.75,7.67647058823529,17,12,3,12,17,379,248,131,29,171,208,7.53955145118733,7.97375,6.7175572519084,7.68965517241379,7.48883040935672,7.58125,12
"16",2006,11,7.52631578947368,38,7.67241379310345,7.05555555555556,6.33333333333333,7.62142857142857,7.47083333333333,29,9,3,14,24,417,277,140,32,185,232,7.53834532374101,7.94220216606498,6.73928571428571,7.5625,7.49886486486486,7.5698275862069,13
"17",2006,12,7.70125,40,7.79166666666667,7.565625,7.3,7.28571428571429,7.925,24,16,5,14,26,457,301,156,37,199,258,7.55260393873085,7.93019933554817,6.82403846153846,7.52702702702703,7.48386934673367,7.60562015503876,14
"18",2007,1,7.56770833333333,48,7.875,7.1375,7,7.203125,7.75,28,20,3,16,32,505,329,176,40,215,290,7.5540396039604,7.92550151975684,6.85965909090909,7.4875,7.46297674418605,7.62155172413793,15
"19",2007,2,7.34348211538462,52,7.621875,6.8980535,6.92857142857143,6.61875,7.66558527777778,32,20,7,16,36,557,361,196,47,231,326,7.53438253141831,7.89858725761773,6.8635768877551,7.40425531914894,7.40450216450216,7.62641432515337,16
"20",2007,3,7.50545454545455,55,8.08857142857143,6.485,6.9,7.25909090909091,7.66969696969697,35,20,3,22,33,612,396,216,50,253,359,7.53178279411765,7.91537878787879,6.82852347222222,7.374,7.39185770750988,7.63039295264624,17
"21",2007,4,7.1936170212766,47,7.68888888888889,6.525,7.5,7.175,7.20322580645161,27,20,2,16,31,659,423,236,52,269,390,7.50766474962064,7.9009219858156,6.8028011440678,7.37884615384615,7.37895910780669,7.59643864102564,18
"22",2007,5,7.39622641509434,53,7.83333333333333,6.82608695652174,7.125,6.97368421052632,7.63235294117647,30,23,4,19,34,712,453,259,56,288,424,7.49936948033708,7.89644591611479,6.804868996139,7.36071428571429,7.35222222222222,7.59931856132075,19
"23",2007,6,7.61944444444444,36,7.73076923076923,7.33,8.5,7.73809523809524,7.45333333333333,26,10,3,21,15,748,479,269,59,309,439,7.50514848930481,7.88745302713987,6.82439059479554,7.41864406779661,7.37844660194175,7.59433045558087,20
"24",2007,7,7.4452380952381,42,7.82608695652174,6.98421052631579,7.58333333333333,6.90909090909091,7.63548387096774,23,19,6,11,31,790,502,288,65,320,470,7.50196337974684,7.88464143426295,6.83493427083333,7.43384615384615,7.3623125,7.59704482978723,21
"25",2007,8,7.35833333333333,60,7.96341463414634,6.05263157894737,7.75,7.15789473684211,7.45121951219512,41,19,2,19,41,850,543,307,67,339,511,7.4918247882353,7.89058931860037,6.78651814332247,7.44328358208955,7.35085545722714,7.58534455968689,22
"26",2007,9,7.82244897959184,49,8.23055555555556,6.69230769230769,7,7.44117647058824,8.025,36,13,4,17,32,899,579,320,71,356,543,7.50984546162403,7.91172711571675,6.78269084375,7.41830985915493,7.35516853932584,7.61125427255985,23
"27",2007,10,7.40845070422535,71,7.65263157894737,7.12727272727273,7.64285714285714,7.40416666666667,7.41063829787234,38,33,7,24,47,970,617,353,78,380,590,7.50242378350516,7.8957698541329,6.81490388101983,7.43846153846154,7.35826315789474,7.595273,24
"28",2007,11,7.41186440677966,59,8.05882352941176,6.532,8,7.45714285714286,7.37096774193548,34,25,4,28,31,1029,651,378,82,408,621,7.49723136054422,7.90428571428571,6.79619330687831,7.46585365853659,7.36504901960784,7.58407579710145,25
"29",2007,12,7.28433734939759,83,7.72909090909091,6.41071428571429,7.2,7.38846153846154,7.23684210526316,55,28,5,26,57,1112,706,406,87,434,678,7.48134089028777,7.89063739376771,6.76960854679803,7.45057471264368,7.36645161290323,7.5548835840708,26
"30",2008,1,7.24459459459459,74,7.79111111111111,6.39655172413793,9,6.67647058823529,7.4140350877193,45,29,1,17,57,1186,751,435,88,451,735,7.4665691989882,7.88467376830892,6.74473809195402,7.46818181818182,7.34044345898004,7.54396063945578,27
"31",2008,2,7.4,59,8.4,6.36551724137931,6.8,7,7.53636363636364,30,29,5,15,44,1245,781,464,93,466,779,7.46341451405623,7.90446862996159,6.7210367887931,7.43225806451613,7.32948497854077,7.54353154043646,28
"32",2008,3,7.7406779661017,59,8.17714285714286,7.10416666666667,7.35714285714286,7.89583333333333,7.63428571428571,35,24,7,24,35,1304,816,488,100,490,814,7.4759594095092,7.91616421568628,6.73987924180328,7.427,7.35722448979592,7.54743374692875,29
"33",2008,4,7.7031746031746,63,7.995,7.19565217391304,8.33333333333333,7.50645161290323,7.89375,40,23,3,31,32,1367,856,511,103,521,846,7.48643092172641,7.91984813084112,6.76039348336595,7.45339805825243,7.36610364683301,7.56053317966903,30
"34",2008,5,7.78571428571429,77,7.8125,7.74137931034483,8.5,7.64,7.85576923076923,48,29,7,25,52,1444,904,540,110,546,898,7.50238993767313,7.9141482300885,6.81307605555556,7.52,7.37864468864469,7.57762925389755,31
"35",2008,6,7.68363636363636,55,8,6.84,7.5,6.98095238095238,8.11764705882353,40,15,2,21,34,1499,944,555,112,567,932,7.50904007338226,7.91778601694915,6.81380372972973,7.51964285714286,7.36391534391534,7.59732947424893,32
"36",2008,7,7.8734375,64,8.21190476190476,7.22727272727273,7.57142857142857,7.41111111111111,8.05434782608696,42,22,7,18,46,1563,986,577,119,585,978,7.52396101727447,7.93031440162272,6.82956857885615,7.52268907563025,7.36536752136752,7.61882522494888,33
"37",2008,8,7.70983606557377,61,8.11538461538461,6.99090909090909,7.42857142857143,7.54166666666667,7.75102040816327,39,22,7,12,49,1624,1025,599,126,597,1027,7.5309427770936,7.93735609756098,6.83549427378965,7.51746031746032,7.36891122278057,7.62513249269718,34
"38",2008,9,7.24827586206897,58,7.72413793103448,6.77241379310345,6.7,7.28125,7.23571428571429,29,29,10,16,42,1682,1054,628,136,613,1069,7.52119564209275,7.93148956356736,6.83258132165605,7.45735294117647,7.36662316476346,7.60983261927035,35
"39",2008,10,7.18888888888889,45,7.32258064516129,6.89285714285714,6.5,6.94736842105263,7.36538461538461,31,14,7,19,26,1727,1085,642,143,632,1095,7.51253680949624,7.91409216589862,6.83389574766355,7.41048951048951,7.35401898734177,7.60402837442923,36
"40",2008,11,7.60425531914894,47,8.01666666666667,7.17391304347826,6.83333333333333,7.32352941176471,7.76333333333333,24,23,6,17,30,1774,1109,665,149,649,1125,7.51496678128523,7.91631199278629,6.8456557443609,7.38724832214765,7.35322033898305,7.60827650666667,37
"41",2008,12,7.52118644067797,59,7.90277777777778,6.92391304347826,6.57142857142857,6.36538461538461,7.84782608695652,36,23,7,13,46,1833,1145,688,156,662,1171,7.5151669776323,7.9158864628821,6.84827190406977,7.35064102564103,7.33382175226586,7.61768665243382,38
"42",2009,1,7.67715909090909,88,8.08578125,6.5875,7,7.75666666666667,7.63603448275862,64,24,6,30,58,1921,1209,712,162,692,1229,7.52258775117126,7.92488006617039,6.83948183988764,7.33765432098765,7.35215317919075,7.61855253864931,39
"43",2009,2,7.19636363636364,110,7.67719298245614,6.67924528301887,6.42857142857143,7.27083333333333,7.17558139534884,57,53,7,24,86,2031,1266,765,169,716,1315,7.50491928606598,7.91372827804107,6.82838048366013,7.3,7.34942737430168,7.58958256273764,40
"44",2009,3,7.36033333333333,105,7.82094339622641,6.89086538461538,7,7.37774193548387,7.35304054054054,53,52,11,31,74,2136,1319,817,180,747,1389,7.49781183052434,7.91,6.83235749082007,7.28166666666667,7.35060240963855,7.57698061195105,41
"45",2009,4,7.67078651685393,89,7.96862745098039,7.27105263157895,7.625,7.67241379310345,7.67,51,38,8,29,60,2225,1370,855,188,776,1449,7.50473081797753,7.91218248175183,6.85185505263158,7.29627659574468,7.36262886597938,7.58083234644583,42
"46",2009,5,7.26346153846154,104,7.70769230769231,6.81923076923077,7.21875,7.06153846153846,7.33076923076923,52,52,16,26,78,2329,1422,907,204,802,1527,7.49395709317304,7.90470464135021,6.84998464167585,7.29019607843137,7.35286783042394,7.56805898493779,43
"47",2009,6,7.46913580246914,81,7.91489361702128,6.85294117647059,6.78571428571429,7.46666666666667,7.46969696969697,47,34,7,15,66,2410,1469,941,211,817,1593,7.49312285062241,7.90503063308373,6.85009146652497,7.27345971563981,7.35495716034272,7.5639837225361,44
"48",2009,7,7.28647058823529,85,7.59886363636364,6.95121951219512,7.45833333333333,7.28846153846154,7.28559322033898,44,41,12,26,59,2495,1513,982,223,843,1652,7.48608259318637,7.89612690019828,6.85431371690428,7.28340807174888,7.35290628706999,7.55404120460049,45
"49",2009,8,7.35761904761905,105,7.79074074074074,6.89901960784314,7.02142857142857,7.14285714285714,7.41130952380952,54,51,14,21,84,2600,1567,1033,237,864,1736,7.48089464230769,7.8924952137843,6.85652088092933,7.26793248945148,7.34780092592593,7.54713483294931,46
"50",2009,9,7.68809523809524,105,7.93454545454545,7.417,7.28571428571429,7.2952380952381,7.78630952380952,55,50,14,21,84,2705,1622,1083,251,885,1820,7.48893754898336,7.89392108508015,6.88239710987996,7.26892430278884,7.34655367231638,7.55817366483516,47
"51",2009,10,7.46293103448276,116,7.76315789473684,7.1728813559322,7.40416666666667,7.02173913043478,7.57204301075269,57,59,24,23,93,2821,1679,1142,275,908,1913,7.48786815668203,7.88948183442525,6.89740461471103,7.28072727272727,7.33832599118943,7.55884791949817,48
"52",2009,11,7.40858585858586,99,7.92244897959184,6.905,6.22222222222222,7.10869565217391,7.49934210526316,49,50,9,23,76,2920,1728,1192,284,931,1989,7.4851801609589,7.89041666666667,6.89772321308725,7.24718309859155,7.33265306122449,7.55657419306184,49
"53",2009,12,7.69454545454545,110,7.99642857142857,7.38148148148148,7.55294117647059,7.40384615384615,7.78452380952381,56,54,17,26,84,3030,1784,1246,301,957,2073,7.49278088118812,7.89374439461883,6.91868865971108,7.26445182724252,7.33458725182863,7.56581093584178,50
"54",2010,1,7.48283333333333,150,8.08140243902439,6.76102941176471,7.03333333333333,7.9125,7.37541666666667,82,68,21,30,120,3180,1866,1314,322,987,2193,7.4923116572327,7.90199088960343,6.91052973363775,7.24937888198758,7.35215298885512,7.55539264477884,51
"55",2010,2,7.27010752688172,93,7.75520833333333,6.75266666666667,6.83333333333333,7.59615384615385,7.217125,48,45,12,13,80,3273,1914,1359,334,1000,2273,7.48599788267644,7.89830982236155,6.90530247976453,7.23443113772455,7.355325,7.54348705235372,52
"56",2010,3,7.50625,104,7.98818181818182,6.96530612244898,7.6875,7.325,7.560625,55,49,8,24,80,3377,1969,1408,342,1024,2353,7.48662157832396,7.90082021330625,6.90739067471591,7.24502923976608,7.3546142578125,7.5440697280068,53
"57",2010,4,7.64302325581395,86,8.00740740740741,7.028125,7.3,7.06086956521739,7.85555555555556,54,32,5,23,63,3463,2023,1440,347,1047,2416,7.49050565116951,7.90366534849234,6.91007365972222,7.24582132564841,7.34816141356256,7.55219208195364,54
"58",2010,5,7.51397701149425,87,7.86359183673469,7.06315789473684,6.5625,6.83623529411765,7.67857142857143,49,38,8,17,70,3550,2072,1478,355,1064,2486,7.49108086478873,7.90271766409266,6.91400951962111,7.23042253521127,7.33998214285714,7.5557506315366,55
"59",2010,6,7.56219512195122,82,8.02666666666667,6.9972972972973,7.5,7.06,7.7241935483871,45,37,6,20,62,3632,2117,1515,361,1084,2548,7.49268641795154,7.90535238545111,6.91604361056106,7.23490304709141,7.33481642066421,7.55984932103611,56
"60",2010,7,7.29545454545455,77,7.59239130434783,6.85483870967742,7,7.17105263157895,7.33620689655172,46,31,11,19,58,3709,2163,1546,372,1103,2606,7.48859182259369,7.89869671752196,6.9148163454075,7.22795698924731,7.33199546690843,7.55487186108979,57
"61",2010,8,7.22990476190476,105,7.80847457627119,6.48782608695652,7.11666666666667,7,7.30175,59,46,15,25,80,3814,2222,1592,387,1128,2686,7.48147012847404,7.89630108010801,6.90247868718593,7.22364341085271,7.32463741134752,7.5473328629933,58
"62",2010,9,7.65649350649351,77,8.10851063829787,6.94833333333333,7.48571428571429,7.48666666666667,7.69758064516129,47,30,7,15,62,3891,2269,1622,394,1143,2748,7.48493371112824,7.90069678272367,6.90332680024661,7.22829949238579,7.32676377952756,7.55072273289665,59
"63",2010,10,7.56682242990654,107,8.32909090909091,6.76057692307692,7.17307692307692,7.72222222222222,7.53539325842697,55,52,13,18,89,3998,2324,1674,407,1161,2837,7.48712533016508,7.9108351979346,6.89889251493429,7.22653562653563,7.33289491817399,7.55024182939725,60
"64",2010,11,7.29909090909091,110,7.84838709677419,6.58958333333333,6.94444444444444,7.04166666666667,7.37093023255814,62,48,18,24,86,4108,2386,1722,425,1185,2923,7.48209032862707,7.90921248952221,6.8902706562137,7.21458823529412,7.32699662447257,7.54496615463565,61
"65",2010,12,7.39182352941176,102,7.79932,7,7.5,6.67368421052632,7.55621686746988,50,52,17,19,83,4210,2436,1774,442,1204,3006,7.47990334204276,7.90695689655172,6.89348707440812,7.22556561085973,7.31668687707641,7.54527680306055,62
"66",2011,1,7.73430769230769,130,8.06760563380282,7.33322033898305,7.20833333333333,7.55555555555556,7.78116504854369,71,59,24,27,103,4340,2507,1833,466,1231,3109,7.48752374884793,7.9115065815716,6.90764106382979,7.22467811158798,7.32192607636068,7.55309169186234,63
"67",2011,2,7.55940594059406,101,7.82363636363636,7.24347826086957,7.33076923076923,7.59583333333333,7.54805194805195,55,46,13,24,77,4441,2562,1879,479,1255,3186,7.48915853861743,7.90962021857923,6.91586273017563,7.22755741127349,7.32716414342629,7.55296989014438,64
"68",2011,3,7.31145631067961,103,7.796,6.85433962264151,6.91428571428571,7.595625,7.25919540229885,50,53,14,16,87,4544,2612,1932,493,1271,3273,7.48513051716549,7.90744525267994,6.91417498447205,7.21866125760649,7.3305436664044,7.54516103574702,65
"69",2011,4,7.40860215053763,93,7.78888888888889,6.88205128205128,7.08333333333333,7.13478260869565,7.49857142857143,54,39,9,23,70,4637,2666,1971,502,1294,3343,7.48359565883114,7.90504388597149,6.91353935565703,7.21623505976096,7.32706414219474,7.54418548309901,66
"70",2011,5,7.6504854368932,103,7.90645161290323,7.26341463414634,7.25,7.40384615384615,7.73376623376623,62,41,12,26,77,4740,2728,2012,514,1320,3420,7.48722216666667,7.90507587976539,6.92066902087475,7.2170233463035,7.32857651515151,7.54845382163743,67
"71",2011,6,7.45581395348837,86,7.88095238095238,7.05,7.21428571428571,7.33333333333333,7.47567567567568,42,44,14,12,74,4826,2770,2056,528,1332,3494,7.4866624678823,7.90471010830325,6.92343680447471,7.21695075757576,7.32861936936937,7.54691244132799,68
"72",2011,7,7.53719101123596,89,7.62283018867925,7.41111111111111,7.5,7.23681818181818,7.63582089552239,53,36,10,22,67,4915,2823,2092,538,1354,3561,7.48757743031536,7.89941799504073,6.93182890535373,7.22221189591078,7.32712776957164,7.5485852485257,69
"73",2011,8,7.5765,100,8.1188679245283,6.96489361702128,7.6,7.64285714285714,7.55886075949367,53,47,10,21,79,5015,2876,2139,548,1375,3640,7.48935056231306,7.90346210013908,6.93255543244507,7.22910583941606,7.33194981818182,7.54880826098901,70
"74",2011,9,7.53465909090909,88,8.1890243902439,6.96382978723404,7.15625,7.32352941176471,7.58521126760563,41,47,16,17,71,5103,2917,2186,564,1392,3711,7.49013189692338,7.90747583133356,6.93322784537969,7.2270390070922,7.33184698275862,7.54950473457289,71
"75",2011,10,7.42409090909091,110,8.08538461538462,6.46888888888889,6.67333333333333,6.812,7.60411764705882,65,45,15,25,85,5213,2982,2231,579,1417,3796,7.48873835986956,7.91135378940308,6.92386197669207,7.21269430051814,7.32267537050106,7.55072762644889,72
"76",2011,11,7.11941747572815,103,7.63425925925926,6.55204081632653,6.79166666666667,6.61363636363636,7.25679012345679,54,49,12,22,81,5316,3036,2280,591,1439,3877,7.48158259405568,7.90642523056653,6.91587108333333,7.20414551607445,7.31183530229326,7.54458655403663,73
"77",2011,12,7.63011363636364,88,8.27209302325581,7.01666666666667,6.75,7.90277777777778,7.56,43,45,13,18,70,5404,3079,2325,604,1457,3947,7.48400130829016,7.91153199090614,6.9178219655914,7.19437086092715,7.31913589567604,7.54485991132506,74
"78",2012,1,7.25376712328767,146,7.66315789473684,6.80928571428571,7.192,7.18076923076923,7.26958333333333,76,70,25,26,120,5550,3155,2395,629,1483,4067,7.4779446972973,7.90554896988906,6.91464971607516,7.19427662957075,7.31671004720162,7.53673766166708,75
"79",2012,2,7.11253012048193,83,7.6704347826087,6.41891891891892,7,6.95238095238095,7.16677419354839,46,37,12,21,62,5633,3201,2432,641,1504,4129,7.47256045979052,7.90217025929397,6.90710775904605,7.19063962558502,7.31162300531915,7.53118238556551,76
"80",2012,3,7.34489795918367,49,7.70344827586207,6.825,7.25,7.27777777777778,7.36,29,20,8,9,40,5682,3230,2452,649,1513,4169,7.47145953361492,7.90038606811145,6.90643803833605,7.19137134052388,7.31142167878387,7.52953995442552,77
"81",2012,4,7.42375,80,7.66458333333333,7.0625,7.47692307692308,7.29333333333333,7.45384615384615,48,32,13,15,65,5762,3278,2484,662,1528,4234,7.47079713120444,7.8969331909701,6.90844849838969,7.19697885196375,7.31124410994764,7.52837790977799,78
"82",2012,5,7.43875,80,7.97391304347826,6.71470588235294,7.41666666666667,6.41666666666667,7.56830985915493,46,34,6,9,71,5842,3324,2518,668,1537,4305,7.47035827969873,7.89799849578821,6.9058324344718,7.19895209580838,7.30600585556278,7.529036485482,79
"83",2012,6,7.40483870967742,62,7.63421052631579,7.04166666666667,7.16666666666667,6.65,7.55,38,24,6,10,52,5904,3362,2542,674,1547,4357,7.4696702354336,7.89501695419393,6.90711489771833,7.1986646884273,7.30176535229476,7.52928668120266,80
"84",2012,7,7.26270588235294,85,7.92307692307692,6.70282608695652,6.91333333333333,7.112,7.3255,39,46,15,25,60,5989,3401,2588,689,1572,4417,7.4667328552346,7.89533872390473,6.90348379829985,7.19245283018868,7.29874745547074,7.52651846728549,81
"85",2012,8,6.9318,100,7.28888888888889,6.63963636363636,7.05357142857143,6.79,6.97906666666667,45,55,14,25,75,6089,3446,2643,703,1597,4492,7.45794762194121,7.88741932675566,6.89799321604238,7.18968705547653,7.29078334376957,7.51737802092609,82
"86",2012,9,7.31692307692308,65,7.86666666666667,6.84571428571429,7.11538461538461,7.04666666666667,7.398,30,35,13,15,50,6154,3476,2678,716,1612,4542,7.45645808742281,7.88724021864212,6.89730995892457,7.18833798882682,7.28851178660049,7.51606386393659,83
"87",2012,10,7.29444444444444,90,7.93333333333333,6.65555555555556,6.36111111111111,7.39545454545455,7.26176470588235,45,45,18,22,68,6244,3521,2723,734,1634,4610,7.45412284913517,7.88782930985515,6.89331475211164,7.16805177111717,7.28995165238678,7.51231281344903,84
"88",2012,11,7.51348314606742,89,8.1945652173913,6.78488372093023,7.48181818181818,7.84666666666667,7.44594594594595,46,43,11,15,74,6333,3567,2766,745,1649,4684,7.45495706142428,7.89178497336697,6.89162909255242,7.17268456375839,7.29501576713159,7.51126431895816,85
"89",2012,12,7.1855421686747,83,7.74897959183673,6.37352941176471,6,6.5,7.3890625,49,34,6,19,64,6416,3616,2800,751,1668,4748,7.45147180018703,7.8898498340708,6.88533788214286,7.1633155792277,7.28595983213429,7.50961711668071,86
"90",2013,1,7.10596321100917,109,7.51640609375,6.52222222222222,6.325,6.9625,7.13064505376344,64,45,12,16,93,6525,3680,2845,763,1684,4841,7.44570008582375,7.88335516032609,6.87959440070299,7.15013106159895,7.28288657957245,7.50233671968602,87
"91",2013,2,6.94505494505495,91,7.45641025641026,6.56153846153846,6.73,6.815,6.98169014084507,39,52,10,20,71,6616,3719,2897,773,1704,4912,7.43881394498186,7.87887792148427,6.87388542285123,7.14469598965071,7.27739495305164,7.49481108713355,88
"92",2013,3,7.2169014084507,71,7.60789473684211,6.76666666666667,6.59090909090909,6.93333333333333,7.31320754716981,38,33,11,18,53,6687,3757,2930,784,1722,4965,7.43645776282339,7.87613707479372,6.87267783959044,7.13692602040816,7.27379849012776,7.49287251963746,89
"93",2013,4,7.08412698412698,63,7.695,6.52878787878788,6.4,6.83333333333333,7.11052631578947,30,33,10,6,57,6750,3787,2963,794,1728,5022,7.43316934222222,7.87470213625561,6.86884781302734,7.12764483627204,7.27226909722222,7.48853286738351,90
"94",2013,5,6.95454545454545,55,7.75862068965517,6.05769230769231,6.06666666666667,5.81818181818182,7.23863636363636,29,26,15,11,44,6805,3816,2989,809,1739,5066,7.42930096399706,7.87381996593291,6.86179192706591,7.10797280593325,7.2630713053479,7.48636242795105,91
"95",2013,6,6.73859649122807,57,7.14074074074074,6.37666666666667,6.38888888888889,6.52666666666667,6.81428571428571,27,30,9,15,42,6862,3843,3019,818,1754,5108,7.42356354707082,7.86866952641166,6.85697120569725,7.10006112469438,7.25677366020524,7.48083634690681,92
"96",2013,7,7.08358208955224,67,7.73488372093023,5.91666666666667,5.75,6,7.23050847457627,43,24,4,8,59,6929,3886,3043,822,1762,5167,7.42027609467456,7.86718913793103,6.84955506736773,7.09349148418492,7.2510675368899,7.47797794851945,93
"97",2013,8,7.33240740740741,54,7.96923076923077,6.74107142857143,6.1875,6.7,7.47613636363636,26,28,12,10,44,6983,3912,3071,834,1772,5211,7.41959660031505,7.8678673287321,6.84856596222729,7.08045563549161,7.24795767494356,7.47796239877183,94
"98",2013,9,7.20422535211268,71,7.66666666666667,6.640625,6.5,7.41666666666667,7.16101694915254,39,32,10,12,59,7054,3951,3103,844,1784,5270,7.41742884320953,7.86588129334346,6.84642155011279,7.07357819905213,7.24909248878923,7.47441405313093,95
"99",2013,10,6.87096774193548,62,7.45945945945946,6,6.25,6.22222222222222,6.9811320754717,37,25,6,9,53,7116,3988,3128,850,1793,5323,7.41266765879708,7.86211057923771,6.83965667199489,7.06776470588235,7.24393809258226,7.46950254743566,96
"100",2013,11,6.93544303797468,79,7.72564102564103,6.165,6.45833333333333,6.53333333333333,7.0296875,39,40,12,15,64,7195,4027,3168,862,1808,5387,7.40742780542043,7.86078892227464,6.83113827967172,7.0592807424594,7.23804258849557,7.4642773454613,97
"101",2013,12,7.16739130434783,69,7.73076923076923,6.435,6.33928571428571,6.73846153846154,7.26696428571429,39,30,14,13,56,7264,4066,3198,876,1821,5443,7.40514772301762,7.85954180767339,6.82742216072545,7.04777397260274,7.23447611202636,7.4622473011207,98
"102",2014,1,7.15210526315789,95,7.24411764705882,7.04545454545455,7.00833333333333,7.1875,7.14493670886076,51,44,12,16,79,7359,4117,3242,888,1837,5522,7.40188110612855,7.85191814185086,6.83038126773596,7.04724099099099,7.2340669569951,7.45770772546179,99
"103",2014,2,7.11916666666667,60,7.39285714285714,6.736,6.75555555555556,6.42857142857143,7.32934782608696,35,25,9,14,46,7419,4152,3267,897,1851,5568,7.39959469739857,7.84804840799614,6.82965903581267,7.0443143812709,7.22797460831983,7.4566472808908,100
"104",2014,3,7.4,48,7.76923076923077,6.96363636363636,7.5,7.40909090909091,7.3972972972973,26,22,6,11,37,7467,4178,3289,903,1862,5605,7.39959730279898,7.84755792005744,6.83055520522955,7.04734219269103,7.22904457572503,7.45625549687779,101
"105",2014,4,7.13979591836735,49,7.39090909090909,6.621875,7,7.07142857142857,7.15119047619048,33,16,3,7,42,7516,4211,3305,906,1869,5647,7.39790354709952,7.84397933744954,6.82954495310136,7.04718543046358,7.22845425361156,7.45398655215158,102
"106",2014,5,6.93269230769231,52,7.55357142857143,6.20833333333333,6.125,5.625,7.17045454545455,28,24,8,8,44,7568,4239,3329,914,1877,5691,7.39470706395349,7.84206109695683,6.82506640732953,7.03911378555799,7.22162013851891,7.4517944227728,103
"107",2014,6,6.54242424242424,33,6.92777777777778,6.08,5.83333333333333,6.53333333333333,6.54444444444444,18,15,6,6,27,7601,4257,3344,920,1883,5718,7.3910068490988,7.83819520554381,6.82172430322967,7.03125,7.21942697822623,7.44750997901364,104
"108",2014,7,7.44186046511628,43,7.82692307692308,6.85294117647059,7.66666666666667,7.25,7.46153846153846,26,17,3,4,39,7644,4283,3361,923,1887,5757,7.39129291732077,7.83812677795937,6.82188219875037,7.03331527627302,7.21949178590355,7.44760501302762,105
"109",2014,8,7.1626,50,7.8332,6.492,6.5625,6.7875,7.23404761904762,25,25,8,8,42,7694,4308,3386,931,1895,5799,7.38980674031713,7.83809818709378,6.81944656526875,7.02926960257787,7.21766807387863,7.44605829625797,106
"110",2014,9,7.3890243902439,41,7.935,6.86904761904762,7.24,6.5,7.54142857142857,20,21,5,6,35,7735,4328,3407,936,1901,5834,7.38980259340659,7.83854597735674,6.81975229527444,7.0303952991453,7.21540294581799,7.44663045251971,107
"111",2014,10,7.20806451612903,62,7.43939393939394,6.9448275862069,6.99090909090909,6.6,7.29814814814815,33,29,11,8,54,7797,4361,3436,947,1909,5888,7.38835745286649,7.83552556523733,6.82080793655413,7.02993664202746,7.21282399161865,7.44526869225543,108
"112",2014,11,7.14444444444444,63,7.54666666666667,6.77878787878788,7.29333333333333,7.03333333333333,7.17058823529412,30,33,15,12,51,7860,4391,3469,962,1921,5939,7.38640242493639,7.83355203598269,6.82040820697607,7.03404365904366,7.2117027589797,7.44290992759723,109
"113",2014,12,6.96122448979592,49,7.18888888888889,6.68181818181818,7.41666666666667,6.71428571428571,7.00238095238095,27,22,6,7,42,7909,4418,3491,968,1928,5981,7.38376824630168,7.8296122657311,6.81953482383271,7.0364152892562,7.20989678423236,7.43981642869085,110
"114",2015,1,7.03355263157895,76,7.7515625,6.51136363636364,6.61111111111111,6.76071428571429,7.09516129032258,32,44,9,14,62,7985,4450,3535,977,1942,6043,7.38043494802755,7.82905100898876,6.81569902970297,7.03249744114637,7.20665859938208,7.43628033427105,111
"115",2015,2,7.20543859649123,57,7.737,6.61481481481481,5.92857142857143,7.84428571428571,7.116,30,27,7,7,50,8042,4480,3562,984,1949,6093,7.37919461079333,7.82843459598214,6.81417632509826,7.02464430894309,7.20894869163673,7.43365206958805,112
"116",2015,3,7.00760869565217,46,7.38,6.56428571428571,6.90625,6.25,7.14358974358974,25,21,8,7,39,8088,4505,3583,992,1956,6132,7.3770812388724,7.82594605771365,6.81271171364778,7.02368951612903,7.20551687116564,7.43180725048923,113
"117",2015,4,6.88684210526316,57,7.4140625,6.212,5.97777777777778,5.4,7.02980769230769,32,25,9,5,52,8145,4537,3608,1001,1961,6184,7.37365046777164,7.82304099404893,6.80854935421286,7.01428571428571,7.20091330953595,7.42842691785252,114
"118",2015,5,7.10159090909091,44,7.88636363636364,6.31681818181818,6.6225,6.68181818181818,7.24151515151515,22,22,12,11,33,8189,4559,3630,1013,1972,6217,7.3721886750519,7.82334656503619,6.80556916528926,7.00964461994077,7.1980177484787,7.4274347852662,115
"119",2015,6,6.83307692307692,39,7.47166666666667,6.28571428571429,6.07142857142857,6.61285714285714,6.88125,18,21,7,7,32,8228,4577,3651,1020,1979,6249,7.36963333252309,7.82196351103343,6.80257903861956,7.00320588235294,7.19594795351187,7.42463787165946,116
"120",2015,7,7.34137931034483,29,7.72666666666667,6.92857142857143,6.16666666666667,7.56666666666667,7.28260869565217,15,14,3,6,23,8257,4592,3665,1023,1985,6272,7.36953409955189,7.82165221907665,6.80306031923602,7.00075268817204,7.1970685138539,7.42411703762755,117
"121",2015,8,7.43555555555556,45,7.86538461538461,6.84736842105263,6.75,7.4,7.44,26,19,6,5,40,8302,4618,3684,1029,1990,6312,7.36989196097326,7.82189843871806,6.80328883550489,6.99929057337221,7.1975783919598,7.42421769011407,118
"122",2015,9,7.5,31,8.05384615384615,7.1,7.46,7.5,7.5,13,18,5,4,27,8333,4631,3702,1034,1994,6339,7.37037598223929,7.82254955517167,6.80473151539708,7.00151837524178,7.19818505516549,7.42454047326076,119
"123",2015,10,6.87777777777778,54,7.25405405405405,6.05882352941176,7.1,6.38888888888889,7.12222222222222,37,17,5,18,36,8387,4668,3719,1039,2012,6375,7.36720437105043,7.81804348543273,6.80132187953751,7.00199230028874,7.19094483101391,7.42283326431372,120
"124",2015,11,7.00294117647059,51,7.65,6.51206896551724,7.11111111111111,7.40625,6.92790697674419,22,29,9,8,43,8438,4690,3748,1048,2020,6418,7.36500273287509,7.8172552217484,6.79908379669157,7.00292938931298,7.19179752475247,7.41951730445621,121
"125",2015,12,6.975,58,7.66,6.45606060606061,6.25,6.925,6.98541666666667,25,33,6,10,48,8496,4715,3781,1054,2030,6466,7.36234028483992,7.81642141887593,6.79608994181433,6.99864326375712,7.19048325123152,7.41629478193628,122
"126",2016,1,7.02068965517241,58,7.21142857142857,6.7304347826087,7.33333333333333,6.33333333333333,7.1,35,23,9,6,52,8554,4750,3804,1063,2036,6518,7.36002373860182,7.8119635768421,6.79569297318612,7.00147695202258,7.1879572691552,7.41377141147591,123
"127",2016,2,6.94666666666667,45,7.37857142857143,6.56875,6.2,5.35,7.14625,21,24,7,5,40,8599,4771,3828,1070,2041,6558,7.35786057215955,7.81005596101446,6.79427013322884,6.99623364485981,7.18345467907888,7.41213968587984,124
"128",2016,3,7.09347826086957,46,7.45384615384615,6.625,6.5,6.875,7.11428571428571,26,20,9,4,42,8645,4797,3848,1079,2045,6600,7.35645379525737,7.80812528455284,6.7933903508316,6.99209453197405,7.18285134474327,7.41024425151515,125
"129",2016,4,7.08163265306122,49,7.51470588235294,6.1,5.3,5.77777777777778,7.375,34,15,5,9,40,8694,4831,3863,1084,2054,6640,7.35490488382793,7.80606023390602,6.79069792130468,6.98428966789668,7.17669474196689,7.41003193674699,126
"130",2016,5,7.47674418604651,43,7.72916666666667,7.15789473684211,7.05555555555556,7.375,7.48717948717949,24,19,9,4,39,8737,4855,3882,1093,2058,6679,7.35550452786998,7.8056801215242,6.7924951236476,6.98487648673376,7.17708017492711,7.41048241652942,127
"131",2016,6,7.34375,48,7.64285714285714,6.925,6.58333333333333,7.91666666666667,7.26190476190476,28,20,6,6,42,8785,4883,3902,1099,2064,6721,7.35544030278884,7.80474646528773,6.79317428754485,6.98268425841674,7.17923013565891,7.40955394435352,128
"132",2016,7,7.17,50,7.33448275862069,6.94285714285714,7.875,6.9,7.2,29,21,4,5,45,8835,4912,3923,1103,2069,6766,7.35439083870968,7.80197007125407,6.79397554677543,6.9859202175884,7.17855534074432,7.40816022169672,129
"133",2016,8,7.11057692307692,52,7.64583333333333,6.65178571428571,7.04545454545455,6.9375,7.1625,24,28,11,12,40,8887,4936,3951,1114,2081,6806,7.35296422414763,7.80121089748784,6.79296787395596,6.98650807899461,7.17716530514176,7.40671643549809,130
"134",2016,9,6.868,50,7.41875,5.88888888888889,6.4,6.25,6.95227272727273,32,18,5,6,44,8937,4968,3969,1119,2087,6850,7.35025098578941,7.79874738123993,6.78886774250441,6.98388739946381,7.17449976042166,7.4037973810219,131
"135",2016,10,7.25714285714286,49,7.48148148148148,6.98181818181818,6.83333333333333,7.08333333333333,7.31351351351351,27,22,6,12,37,8986,4995,3991,1125,2099,6887,7.34974327398175,7.79703243043043,6.7899313630669,6.98308444444444,7.17397856121963,7.40331233628575,132
"136",2016,11,7.15094339622642,53,7.62121212121212,6.375,7,7.5,7.1063829787234,33,20,6,6,47,9039,5028,4011,1131,2105,6934,7.3485776147804,7.79587847852028,6.78786239591124,6.9831741821397,7.17490783847981,7.40129969137583,133
"137",2016,12,7.1875,56,7.55,6.76923076923077,7.33333333333333,8.16666666666667,7.07,30,26,9,6,50,9095,5058,4037,1140,2111,6984,7.34758582297966,7.79442012455516,6.78774240029725,6.98593859649123,7.17772666982473,7.39892784364261,134
"138",2017,1,6.98271604938272,81,7.20232558139535,6.73421052631579,7.1,7.23076923076923,6.93529411764706,43,38,14,13,68,9176,5101,4075,1154,2124,7052,7.34436498038361,7.78942893354244,6.78724320736196,6.98732235701906,7.17805131826742,7.39445718377765,135
"139",2017,2,7.26808510638298,47,7.58965517241379,6.75,6,6,7.45365853658537,29,18,2,6,41,9223,5130,4093,1156,2130,7093,7.34397626152011,7.78829960818713,6.78707942096262,6.98561418685121,7.17473286384976,7.39479938812914,136
"140",2017,3,7.12037037037037,54,7.46428571428571,6.75,7.0625,5.8,7.42045454545455,28,26,8,10,44,9277,5158,4119,1164,2140,7137,7.34267468578204,7.78654071151609,6.78684536780772,6.98614261168385,7.16830887850467,7.39495755359394,137
"141",2017,4,7.30581395348837,43,7.62045454545455,6.97619047619048,6.6,8.33333333333333,7.22875,22,21,5,3,40,9320,5180,4140,1169,2143,7177,7.34250462017167,7.78583532625482,6.78780581400966,6.98449101796407,7.16993980401306,7.39403121917235,138
"142",2017,5,7.155,56,7.54666666666667,6.45,6.5625,7.72333333333333,7,36,20,8,12,44,9376,5216,4160,1177,2155,7221,7.34138471203072,7.78418462231595,6.78618174759615,6.98162276975361,7.17302134570765,7.3916302534275,139
"143",2017,6,7.025,42,7.356,6.53823529411765,7.35833333333333,8.4,6.83918918918919,25,17,6,5,37,9418,5241,4177,1183,2160,7258,7.33997377999575,7.78214214653692,6.78517262868087,6.98353338968723,7.17586157407407,7.38881400661339,140
"144",2017,7,7.03888888888889,36,7.66190476190476,6.16666666666667,5.4,6.675,7.14285714285714,21,15,5,8,28,9454,5262,4192,1188,2168,7286,7.33882727522742,7.78166229380464,6.78295946326336,6.97686868686869,7.17401337638376,7.38786879769421,141
"145",2017,8,7.06206896551724,58,7.57878787878788,6.38,5.25,7,7.072,33,25,4,8,50,9512,5295,4217,1192,2176,7336,7.33713972455845,7.78039792067989,6.78057056438226,6.97107382550335,7.17337362132353,7.38571592966194,142
"146",2017,9,7.17272727272727,44,7.29642857142857,6.95625,6.57142857142857,8,7.13333333333333,28,16,7,2,42,9556,5323,4233,1199,2178,7378,7.3363826977815,7.777852149164,6.78123460193716,6.96874061718098,7.17413269054178,7.38427921658986,143
"147",2017,10,7.04285714285714,35,7.23809523809524,6.75,5.75,6.57142857142857,7.16071428571429,21,14,4,7,28,9591,5344,4247,1203,2185,7406,7.33531154832656,7.77573109842814,6.78113163880386,6.96468827930174,7.17220183066361,7.3834339805563,144
"148",2017,11,7.16769230769231,65,7.56470588235294,6.73225806451613,6.89285714285714,6.33333333333333,7.30178571428571,34,31,14,9,56,9656,5378,4278,1217,2194,7462,7.33418320836785,7.77439698586835,6.78077748246844,6.96386195562859,7.16876071103008,7.38282123559367,145
"149",2017,12,6.7393023255814,43,7.47782608695652,5.89,5.34285714285714,5.76666666666667,7.1158064516129,23,20,14,12,31,9699,5401,4298,1231,2206,7493,7.33154583565316,7.77313404739863,6.77663240344346,6.94542648253452,7.16113372620127,7.38171654344054,146
"150",2018,1,7.05657894736842,76,7.54222222222222,6.35161290322581,6.40909090909091,6.90909090909091,7.08153846153846,45,31,11,11,65,9775,5446,4329,1242,2217,7558,7.32940798567775,7.77122603562247,6.77358883575884,6.94067632850241,7.15988317546233,7.37913496427626,147
"151",2018,2,7.0375,40,7.45238095238095,6.57894736842105,6.71818181818182,7.1,7.01379310344828,21,19,11,11,29,9815,5467,4348,1253,2228,7587,7.32821834538971,7.77000127858057,6.77273828656854,6.93872306464485,7.15958752244165,7.37773850797416,148
"152",2018,3,6.84547368421053,38,7.5314,6.08333333333333,5,5.9375,7.0876,20,18,6,8,30,9853,5487,4366,1259,2236,7617,7.32635654724449,7.7691315819209,6.76989603069171,6.9294837172359,7.15521511627907,7.376595780491,149
"153",2018,4,7.07628571428571,35,7.3468,6.4,6.66666666666667,7.20833333333333,7.04896551724138,25,10,3,6,29,9888,5512,4376,1262,2242,7646,7.3254713855178,7.76721607220609,6.76905074725777,6.9288589540412,7.15535727029438,7.37535313366466,150
"154",2018,5,6.51351351351351,37,7.26666666666667,6,7.1,5.85714285714286,6.66666666666667,15,22,5,7,30,9925,5527,4398,1267,2249,7676,7.32244443929471,7.76585760629636,6.76520374488404,6.92953433307024,7.15131658514895,7.3725833845753,151
"155",2018,6,6.58333333333333,24,7.53846153846154,5.45454545454545,5.33333333333333,6.25,6.65,13,11,3,4,20,9949,5540,4409,1270,2253,7696,7.32066147954568,7.76532400541516,6.76193378770696,6.92576377952756,7.14971637816245,7.37070556912682,152
"156",2018,7,7.39045965517241,29,8.39259222222222,6.9395,6.33333333333333,6,7.49345666666667,9,20,3,2,27,9978,5549,4429,1273,2255,7723,7.32086434054921,7.7663413804289,6.76273562203658,6.92436763550668,7.14869667405765,7.37113471319435,153
"157",2018,8,7,29,7.58333333333333,6.58823529411765,6.92857142857143,6.3,7.14583333333333,12,17,7,5,24,10007,5561,4446,1280,2260,7747,7.3199344848606,7.76594647005934,6.76206839181287,6.924390625,7.14681902654867,7.37043673551052,154
"158",2018,9,7.46153846153846,26,7.6,7.27272727272727,7.5,6.66666666666667,7.56521739130435,15,11,4,3,23,10033,5576,4457,1284,2263,7770,7.32030144423403,7.76550005738881,6.76332871213821,6.92618380062305,7.14618250110473,7.3710133063063,155
"159",2018,10,7.05870967741935,31,7.53904761904762,6.05,7.5,7.9,6.93407407407407,21,10,2,4,27,10064,5597,4467,1286,2267,7797,7.31949566673291,7.76465040557441,6.76173182672935,6.92707620528771,7.14751257168063,7.36950024240092,156
"160",2018,11,7.1707575,44,7.75,6.83976178571429,6.43047571428571,7,7.19264948717949,16,28,7,5,39,10108,5613,4495,1293,2272,7836,7.31884821131777,7.76460864421878,6.7622178865406,6.9243877262181,7.14718794014084,7.36862005104645,157
"161",2018,12,6.99586206896552,29,7.10714285714286,6.892,7,7,6.995,14,15,4,5,24,10137,5627,4510,1297,2277,7860,7.31792421031864,7.76297286653634,6.76264953436807,6.92462091750193,7.14686473429952,7.3674792264631,158
"162",2019,1,6.88222222222222,45,7.71363636363636,6.08695652173913,6.25,7.2,6.8425,22,23,4,5,40,10182,5649,4533,1301,2282,7900,7.31599859752504,7.76278072579217,6.75922113390691,6.92254675634127,7.14698115687993,7.36482110379747,159
"163",2019,2,6.86153846153846,26,7.575,6.25,6.8,5.725,7.06818181818182,12,14,5,4,22,10208,5661,4547,1306,2286,7922,7.31484107758621,7.76238267443914,6.7576532658896,6.92207758805513,7.14449300087489,7.36399731380964,160
"164",2019,3,6.66111111111111,36,6.9,6.47,7.2,6.38,6.70645161290323,16,20,5,5,31,10244,5677,4567,1311,2291,7953,7.31254370558376,7.75995214373789,6.75639356251369,6.92313755148741,7.14282453077259,7.3614342663146,161
"165",2019,4,6.78157894736842,38,7.0304347826087,6.4,7.16666666666667,7.45,6.65625,23,15,3,6,32,10282,5700,4582,1314,2297,7985,7.31058137716398,7.75700847719298,6.75522684417285,6.92369355403348,7.14362690465825,7.35860823043206,162
"166",2019,5,7.10810810810811,37,7.5,6.73684210526316,6.9,7.33333333333333,7.08823529411765,18,19,5,3,34,10319,5718,4601,1319,2300,8019,7.30985538521174,7.75619942637285,6.75515092371224,6.92360373768006,7.14387434782609,7.35746186806335,163
"167",2019,6,7.25892857142857,28,7.25,7.26666666666667,6.6,6.875,7.28846153846154,13,15,5,2,26,10347,5731,4616,1324,2302,8045,7.30971757224316,7.75505118129471,6.75681312824957,6.92238166918429,7.14364074717637,7.35723887134866,164
"168",2019,7,7.37096774193548,31,7.54166666666667,6.78571428571429,6.33333333333333,5,7.53448275862069,24,7,3,2,29,10378,5755,4623,1327,2304,8074,7.30990053189439,7.75416130668983,6.75685688946572,6.92104998492841,7.14177994791666,7.35787549170176,165
"169",2019,8,7.39142857142857,35,8.26315789473684,6.35625,5.4,8,7.334375,19,16,5,3,32,10413,5774,4639,1332,2307,8106,7.31017456256602,7.75583621752684,6.75547518861824,6.91534033783784,7.14289596879064,7.3577827189736,166
"170",2019,9,6.85483870967742,31,7.26666666666667,6.46875,6.58333333333333,6,6.88333333333333,15,16,9,1,30,10444,5789,4655,1341,2308,8136,7.30882302949062,7.75456871998618,6.75448966702471,6.91311210290828,7.14240077989601,7.35603327433628,167
"171",2019,10,6.71212121212121,33,6.94117647058824,6.46875,6.5,6.5,6.75925925925926,17,16,5,6,27,10477,5806,4671,1346,2314,8163,7.30694356399733,7.7521871029969,6.75351089702419,6.91157751114413,7.14073509075194,7.35405938012985,168
"172",2019,11,7.02916666666667,24,7.24166666666667,6.81666666666667,6.7,7.58,6.88421052631579,12,12,4,5,19,10501,5818,4683,1350,2319,8182,7.30630870583754,7.7511341216913,6.75367273115524,6.91095061481481,7.1416821905994,7.35296831092642,169
"173",2019,12,6.69285714285714,35,7.2,6.01666666666667,6.6875,6.40625,6.77777777777778,20,15,4,8,27,10536,5838,4698,1354,2327,8209,7.30427085421412,7.74924602946214,6.75131958280119,6.91029049483013,7.13915384615385,7.35107646729199,170
"174",2020,1,6.955,50,7.60344827586207,6.05952380952381,6.71428571428571,7.28571428571429,6.90116279069767,29,21,7,7,43,10586,5867,4719,1361,2334,8252,7.3026211713584,7.74852536560422,6.74824102564103,6.90928238795003,7.13959340188517,7.34873203102278,171
"175",2020,2,7.409,50,8.08620689655172,6.47380952380952,5.66666666666667,7.6,7.37790697674419,29,21,3,7,43,10636,5896,4740,1364,2341,8295,7.30312125987213,7.75018628222523,6.74702518987342,6.90654936217009,7.14097009824861,7.34888326943942,172
"176",2020,3,7.090625,32,7.30666666666667,6.9,NA,6.33333333333333,7.16896551724138,15,17,0,3,29,10668,5911,4757,1364,2344,8324,7.30248385076865,7.74906078836068,6.74757187302922,6.90654936217009,7.1399364334471,7.34825645362806,173
"177",2020,4,6.98214285714286,28,7.15789473684211,6.61111111111111,5.7,6.6,7.06521739130435,19,9,5,5,23,10696,5930,4766,1369,2349,8347,7.3016452617801,7.74716666441821,6.74731418380193,6.90214268078889,7.1387871434653,7.34747654486642,174
"178",2020,5,6.59411764705882,34,7.04375,6.19444444444444,6,6.3,6.6448275862069,16,18,5,5,29,10730,5946,4784,1374,2354,8376,7.29940332898415,7.74527385132862,6.74523398829432,6.89885977438137,7.13700552251487,7.34504378223495,175
"179",2020,6,7.34,20,7.35,7.33333333333333,8.4,6.33333333333333,7.51764705882353,8,12,5,3,17,10750,5954,4796,1379,2357,8393,7.29947885767442,7.74474274773261,6.74670546288574,6.90430263234227,7.13598260500636,7.34539338972953,176
"180",2020,7,7.015,20,7.60833333333333,6.125,6.5,7.5,6.92941176470588,12,8,4,3,17,10770,5966,4804,1383,2360,8410,7.29895057753017,7.74446837412001,6.7456701498751,6.90313328271873,7.13644533898305,7.34455252318668,177
"181",2020,8,6.97925,24,7.68461538461538,6.14563636363636,6.75,7.5,6.8751,13,11,2,4,20,10794,5979,4815,1385,2364,8430,7.29823973689086,7.7443382371634,6.74429935617861,6.90291215162455,7.13706049069374,7.34343875682088,178
"182",2020,9,6.84210526315789,38,7.27272727272727,6.25,6.33333333333333,6,7,22,16,3,6,32,10832,6001,4831,1388,2370,8462,7.2966395605613,7.74260928511914,6.7426622645415,6.90168107348703,7.13418185654008,7.34214000472701,179
"183",2020,10,7.27333333333333,30,8.01111111111111,6.16666666666667,6.4,6.925,7.32692307692308,18,12,5,4,26,10862,6019,4843,1393,2374,8488,7.29657519057264,7.7434122478817,6.74123506091266,6.89988035175879,7.13382940185341,7.34209339302545,180
"184",2020,11,7.28425531914894,47,7.9744,6.5,6.3,6.625,7.34558139534884,25,22,5,4,43,10909,6044,4865,1398,2378,8531,7.2965221120176,7.74436769027134,6.74014417266187,6.89773485693848,7.13297350714886,7.34211097409448,181
"185",2020,12,7.41282051282051,39,7.75454545454545,6.97058823529412,7.4,6.5,7.46216216216216,22,17,5,2,37,10948,6066,4882,1403,2380,8568,7.29693640116916,7.74440460270359,6.74094662023761,6.8995248253742,7.13244159663865,7.34262940242764,182
"186",2021,1,7.35526315789474,38,7.66666666666667,6.97058823529412,6.6,7.5,7.32258064516129,21,17,5,7,31,10986,6087,4899,1408,2387,8599,7.2971381503732,7.74413640873993,6.7417434986732,6.898461171875,7.13351948051948,7.34255712524712,183
"187",2021,2,7.22115384615385,26,8,6.734375,6.875,6,7.27,10,16,4,1,25,11012,6097,4915,1412,2388,8624,7.29695874682165,7.74455606363785,6.74171951169888,6.89839470963173,7.13304480737018,7.3423467903525,184
"188",2021,3,7.1098668,25,7.49230769230769,6.69555583333333,7.04285714285714,6.95,7.12376826086957,13,12,7,2,23,11037,6110,4927,1419,2390,8647,7.29653496330524,7.74401936497545,6.741607077329,6.89910735024665,7.13289163179916,7.3417653972476,185
"189",2021,4,7.26549029411765,34,8.005,6.20904785714286,6,6.2,7.44919551724138,20,14,4,5,29,11071,6130,4941,1423,2395,8676,7.296439622437,7.74487085154975,6.74009810564663,6.89657999297259,7.13094405010438,7.34212448824343,186
"190",2021,5,7.04642857142857,28,7.35833333333333,6.8125,7.375,7,7.04814814814815,12,16,8,1,27,11099,6142,4957,1431,2396,8703,7.29580890710875,7.74411564962553,6.74033180149284,6.89925459818309,7.13088939899833,7.3412124623693,187
"191",2021,6,7.375,20,8.125,6.875,7.21428571428571,7.33333333333333,7.38235294117647,8,12,7,3,17,11119,6150,4969,1438,2399,8720,7.29595134994154,7.74461110894309,6.74065702153351,6.90078812934631,7.13114255939975,7.34129266743119,188
"192",2021,7,7.14705882352941,17,7.6875,6.66666666666667,7.125,8,7.09375,8,9,4,1,16,11136,6158,4978,1442,2400,8736,7.29572405352011,7.74453691458265,6.74052325030133,6.90141007628294,7.13150458333333,7.34083929258242,189
"193",2021,8,6.93333333333333,33,7.67647058823529,6.14375,6.075,6.75,6.97407407407407,17,16,4,6,27,11169,6175,4994,1446,2406,8763,7.29465333154266,7.74434952550607,6.73861128153785,6.89912401798063,7.1305532003325,7.33970923884514,190
"194",2021,9,7.3,23,8.14615384615385,6.2,8.66666666666667,8.2,7.05,13,10,3,5,18,11192,6188,5004,1449,2411,8781,7.29466431915654,7.74519365223012,6.73753492006395,6.90278352657004,7.13277104935711,7.33911536954789,191
"195",2021,10,6.984375,32,7.35294117647059,6.56666666666667,6.07142857142857,7,6.98333333333333,17,15,7,2,30,11224,6205,5019,1456,2413,8811,7.29377967391304,7.74411898791297,6.73702425582786,6.89878662774725,7.13266100290095,7.33790399046646,192
"196",2021,11,7.22,25,7.46153846153846,6.95833333333333,7,6.16666666666667,7.36363636363636,13,12,4,3,22,11249,6218,5031,1460,2416,8833,7.29361570450707,7.74352819556127,6.73755212482608,6.89906392465753,7.13146150662252,7.33796808105966,193
"197",2021,12,6.89166666666667,36,7.39473684210526,6.32941176470588,6.4,7.25,6.78928571428571,19,17,5,8,28,11285,6237,5048,1465,2424,8861,7.29233345680106,7.74246565977232,6.73617764263075,6.89736063481228,7.13185272277228,7.33623429184065,194
"198",2022,1,7.07903225806452,62,7.47586206896552,6.73030303030303,6.5,7.71666666666667,7.01071428571429,29,33,9,6,56,11347,6266,5081,1474,2430,8917,7.29116797920155,7.74123177784871,6.73613948828971,6.89493441655359,7.13329670781893,7.33418998093529,195
"199",2022,2,7.46666666666667,27,7.75,7.16153846153846,7.43333333333333,6.16666666666667,7.62916666666667,14,13,6,3,24,11374,6280,5094,1480,2433,8941,7.29158458413926,7.74125132484076,6.73722511582254,6.89711711486486,7.13210480887793,7.33498177608768,196
"200",2022,3,7.05172413793103,29,7.47222222222222,6.36363636363636,6.625,7,7.0625,18,11,4,5,24,11403,6298,5105,1484,2438,8965,7.29097457335789,7.74048242616704,6.73642012536729,6.89638364555256,7.1318338802297,7.3342523212493,197
"201",2022,4,7.5625,32,8.16666666666667,7.02941176470588,6.3,6,7.61290322580645,15,17,5,1,31,11435,6313,5122,1489,2439,8996,7.29173441714036,7.74149506098527,6.73739256930886,6.89438101410342,7.13136982369824,7.33521254557581,198
"202",2022,5,7.49310344827586,29,8.09375,6.75384615384615,7.1,7.5,7.49259259259259,16,13,5,2,27,11464,6329,5135,1494,2441,9023,7.29224381193301,7.74238557750039,6.73743422395326,6.89506916331994,7.1316718557968,7.33568348221212,199
"203",2022,6,6.735,20,7.6,6.44666666666667,6.45,5,6.82631578947368,5,15,6,1,19,11484,6334,5150,1500,2442,9042,7.2912733420411,7.7422731796653,6.73658732815534,6.89328888666666,7.13079893529894,7.33461314532183,200
"204",2022,7,7.515,20,7.8,7.0875,7,7.525,7.5125,12,8,1,4,16,11504,6346,5158,1501,2446,9058,7.29166229659249,7.74238233848093,6.73713158976347,6.89335998001332,7.13144358135732,7.33492736365644,201
"205",2022,8,6.69230769230769,26,7.125,6.32142857142857,6.25,6.83333333333333,6.67391304347826,12,14,2,3,23,11530,6358,5172,1503,2449,9081,7.29031075975715,7.74121709971689,6.73600633023975,6.89250387890885,7.13107839934667,7.33325317255809,202
"206",2022,9,6.80986125,24,7.34128230769231,6.18181818181818,6,6.5,6.83803045454545,13,11,4,2,22,11554,6371,5183,1507,2451,9103,7.2893127687381,7.74040103437451,6.73483016399768,6.89013492368945,7.13056344349245,7.33205632538723,203
"207",2022,10,6.85185185185185,27,7.4,6.16666666666667,7,4.66666666666667,7.125,15,12,4,3,24,11581,6386,5195,1511,2454,9127,7.28829287021846,7.73960147040401,6.73351775553417,6.89042576439444,7.12755134474328,7.33151185822285,204
"208",2022,11,6.96875,16,8.21428571428571,6,7,7,6.95833333333333,7,9,5,4,12,11597,6393,5204,1516,2458,9139,7.28785200741571,7.7401212247771,6.73224918139892,6.89078715699208,7.12734377542718,7.33102185468869,205
"209",2022,12,6.84782608695652,23,6.64,7.00769230769231,6.9,8.1,6.79090909090909,10,13,5,1,22,11620,6403,5217,1521,2459,9161,7.28698104388984,7.73840309073872,6.73293554533257,6.89081744247206,7.12773932492883,7.32972478222901,206
