"","year","month","avg_rating","no_ratings","avg_rating_owned","avg_rating_not_owned","avg_rating_prev_owned","avg_rating_comment","avg_rating_no_comment","no_ratings_owned","no_ratings_not_owned","no_ratings_prev_owned","no_ratings_comment","no_ratings_no_comment","cum_no_ratings","cum_no_ratings_owned","cum_no_ratings_not_owned","cum_no_ratings_prev_owned","cum_no_ratings_comment","cum_no_ratings_no_comment","cum_avg_rating","cum_avg_rating_owned","cum_avg_rating_not_owned","cum_avg_rating_prev_owned","cum_avg_rating_comment","cum_avg_rating_no_comment","month_after_release"
"1",2005,11,7,1,7,NA,NA,7,NA,1,0,0,1,0,1,1,0,0,1,0,7,7,NA,NA,7,NA,-1
"2",2005,12,7.68409090909091,44,8.25666666666667,6.45714285714286,7.5,7.2,8.052,30,14,2,19,25,45,31,14,2,20,25,7.66888888888889,8.21612903225806,6.45714285714286,7.5,7.19,8.052,0
"3",2006,1,7.10789473684211,57,7.88783783783784,5.665,6.75,6.7765625,7.532,37,20,2,32,25,102,68,34,4,52,50,7.35539215686275,8.0375,5.99117647058824,7.125,6.93557692307692,7.792,1
"4",2006,2,6.925,24,7.55384615384615,6.18181818181818,8,5.83636363636364,7.84615384615385,13,11,1,11,13,126,81,45,5,63,63,7.2734126984127,7.95987654320988,6.03777777777778,7.3,6.74365079365079,7.8031746031746,2
"5",2006,3,7.27333333333333,15,7.6,6.375,NA,7.83333333333333,7.13333333333333,11,4,0,3,12,141,92,49,5,66,75,7.27340425531915,7.91684782608696,6.06530612244898,7.3,6.79318181818182,7.696,3
"6",2006,4,7.18181818181818,22,7.64705882352941,5.6,8,6.41666666666667,7.46875,17,5,1,6,16,163,109,54,6,72,91,7.26104294478528,7.87477064220183,6.02222222222222,7.41666666666667,6.76180555555556,7.65604395604396,4
"7",2006,5,5.9,25,7.25,5,7,5.125,6.26470588235294,10,15,1,8,17,188,119,69,7,80,108,7.08005319148936,7.82226890756303,5.8,7.35714285714286,6.598125,7.43703703703704,5
"8",2006,6,6.36470588235294,17,7.57777777777778,5,6,5.78333333333333,6.68181818181818,9,8,1,6,11,205,128,77,8,86,119,7.02073170731707,7.805078125,5.71688311688312,7.1875,6.54127906976744,7.3672268907563,6
"9",2006,7,7.21428571428571,14,7.6,6.25,NA,7.5,6.92857142857143,10,4,0,7,7,219,138,81,8,93,126,7.03310502283105,7.79021739130435,5.74320987654321,7.1875,6.61344086021505,7.34285714285714,7
"10",2006,8,6.34,25,7.21428571428571,5.22727272727273,6.5,5.58333333333333,7.03846153846154,14,11,1,12,13,244,152,92,9,105,139,6.96209016393443,7.73717105263158,5.68152173913044,7.11111111111111,6.49571428571429,7.31438848920863,8
"11",2006,9,7.14666666666667,15,7.72,6,NA,5.75,7.65454545454545,10,5,0,4,11,259,162,97,9,109,150,6.97277992277992,7.73611111111111,5.6979381443299,7.11111111111111,6.46834862385321,7.33933333333333,9
"12",2006,10,7.02631578947368,19,7.34615384615385,6.33333333333333,7,6.625,7.31818181818182,13,6,1,8,11,278,175,103,10,117,161,6.97643884892086,7.70714285714286,5.73495145631068,7.1,6.47905982905983,7.33788819875776,10
"13",2006,11,6.86,25,7.30769230769231,6.375,6,6.61111111111111,7,13,12,4,9,16,303,188,115,14,126,177,6.96683168316832,7.67952127659575,5.80173913043478,6.78571428571429,6.48849206349206,7.30734463276836,11
"14",2006,12,6.82857142857143,35,7.52941176470588,6.16666666666667,7.3,7.15,6.7,17,18,5,10,25,338,205,133,19,136,202,6.95251479289941,7.66707317073171,5.85112781954887,6.92105263157895,6.53713235294118,7.23217821782178,12
"15",2007,1,6.74090909090909,33,7.68333333333333,5.61,8.125,6.51666666666667,6.825,18,15,2,9,24,371,223,148,21,145,226,6.93369272237197,7.66838565022422,5.82668918918919,7.03571428571429,6.53586206896552,7.18893805309735,13
"16",2007,2,6.9891984,25,7.80769230769231,6.10249666666667,6,7.27777777777778,6.8268725,13,12,1,9,16,396,236,160,22,154,242,6.93719686868687,7.6760593220339,5.84737475,6.98863636363636,6.57922077922078,7.16499983471074,14
"17",2007,3,6.94545454545455,22,7.45,6.0625,7.75,7.20833333333333,6.63,14,8,2,12,10,418,250,168,24,166,252,6.93763148325359,7.6634,5.85761880952381,7.05208333333333,6.62469879518072,7.14376968253968,15
"18",2007,4,6.81818181818182,22,7.23076923076923,6.22222222222222,5,5.85714285714286,7.26666666666667,13,9,1,7,15,440,263,177,25,173,267,6.931659,7.64201520912548,5.87615796610169,6.97,6.59364161849711,7.15067400749064,16
"19",2007,5,6.52272727272727,22,6.95454545454545,6.09090909090909,7,5.83333333333333,6.78125,11,11,3,6,16,462,274,188,28,179,283,6.91218606060606,7.61441605839416,5.88872319148936,6.97321428571429,6.568156424581,7.12978784452297,17
"20",2007,6,6.76785714285714,28,7.5,5.22222222222222,6.75,6.13636363636364,7.17647058823529,19,9,2,11,17,490,293,197,30,190,300,6.90393869387755,7.60699658703072,5.85827390862944,6.95833333333333,6.54315789473684,7.1324332,18
"21",2007,7,7.0125,32,7.63157894736842,6.10769230769231,8,6.30909090909091,7.38095238095238,19,13,1,11,21,522,312,210,31,201,321,6.91059379310345,7.60849358974359,5.8737140952381,6.99193548387097,6.53034825870647,7.14869146417445,19
"22",2007,8,6.96153846153846,39,7.68181818181818,6.02941176470588,6.5,6.17857142857143,7.4,22,17,2,14,25,561,334,227,33,215,346,6.91413540106952,7.61332335329341,5.88537427312775,6.96212121212121,6.50744186046512,7.16684959537572,20
"23",2007,9,6.31481481481481,27,7.36111111111111,4.22222222222222,7.25,6.875,5.86666666666667,18,9,2,12,15,588,352,236,35,227,361,6.88661557823129,7.60042613636364,5.82194898305085,6.97857142857143,6.52687224669604,7.11282537396122,21
"24",2007,10,7.12432432432432,37,7.23333333333333,6.92307692307692,10,7.675,6.86,24,13,1,12,25,625,376,249,36,239,386,6.900687936,7.57699468085106,5.87943759036145,7.0625,6.58451882845188,7.09645067357513,22
"25",2007,11,6.42093023255814,43,6.71818181818182,6.10952380952381,7.75,6.09166666666667,6.54838709677419,22,21,4,12,31,668,398,270,40,251,417,6.86980532934132,7.52952261306533,5.89733318518519,7.13125,6.5609561752988,7.0557073381295,23
"26",2007,12,7.14761904761905,42,7.608,6.47058823529412,6.375,6.86363636363636,7.24838709677419,25,17,4,11,31,710,423,287,44,262,448,6.88623938028169,7.53416075650118,5.93128905923345,7.0625,6.5736641221374,7.06904008928571,24
"27",2008,1,7.2375,56,7.6972972972973,6.34210526315789,6.5,6.81730769230769,7.60166666666667,37,19,4,26,30,766,460,306,48,288,478,6.9119190078329,7.54728260869565,5.95679725490196,7.015625,6.59565972222222,7.10246853556485,25
"28",2008,2,7.28333333333333,30,7.61904761904762,6.5,6,6.5,7.61904761904762,21,9,2,9,21,796,481,315,50,297,499,6.92591703517588,7.5504158004158,5.97231733333333,6.975,6.59276094276094,7.12420833667335,26
"29",2008,3,6.94444444444444,36,7.27777777777778,6.61111111111111,7.5,6.7,7.1,18,18,2,14,22,832,499,333,52,311,521,6.92671870192308,7.54058116232465,6.00684672672673,6.99519230769231,6.5975884244373,7.12318610364683,27
"30",2008,4,7.20967741935484,31,7.52941176470588,6.82142857142857,6.78571428571429,7.13636363636364,7.25,17,14,7,11,20,863,516,347,59,322,541,6.93688292004635,7.54021317829457,6.03971170028818,6.97033898305085,6.61599378881988,7.12787423290203,28
"31",2008,5,6.55909090909091,22,6.75333333333333,6.14285714285714,4,5.88888888888889,7.02307692307692,15,7,1,9,13,885,531,354,60,331,554,6.92749148022599,7.51798493408663,6.04175129943503,6.92083333333333,6.59622356495468,7.12541509025271,29
"32",2008,6,7.08947368421053,19,7.51818181818182,6.5,6.5,6.81428571428571,7.25,11,8,2,7,12,904,542,362,62,338,566,6.93089597345133,7.5179889298893,6.05187834254144,6.90725806451613,6.60073964497041,7.12805646643109,30
"33",2008,7,6.89166666666667,30,7.30263157894737,6.18181818181818,5,6.52083333333333,7.13888888888889,19,11,3,12,18,934,561,373,65,350,584,6.92963593147752,7.51069518716578,6.05571034852547,6.81923076923077,6.598,7.12839034246575,31
"34",2008,8,6.78625,40,7.1625,6.41,6,6.67857142857143,6.84423076923077,20,20,4,14,26,974,581,393,69,364,610,6.92374739219713,7.4987091222031,6.0737403562341,6.77173913043478,6.6010989010989,7.11627862295082,32
"35",2008,9,6.26153846153846,26,6.88,5.875,5.875,6.23333333333333,6.28571428571429,10,16,8,12,14,1000,591,409,77,376,624,6.90652996,7.48824027072758,6.06596567237164,6.67857142857143,6.58936170212766,7.09764416666667,33
"36",2008,10,6.25,20,6.44444444444444,6.09090909090909,6,6.25,6.25,9,11,3,4,16,1020,600,420,80,380,640,6.89365682352941,7.47258333333333,6.06661895238095,6.653125,6.58578947368421,7.0764530625,34
"37",2008,11,6.50967741935484,31,7.2,6.13,7.07142857142857,5.8,6.8,11,20,7,9,22,1051,611,440,87,389,662,6.88233107516651,7.4676759410802,6.06949990909091,6.6867816091954,6.56760925449871,7.06726580060423,35
"38",2008,12,7.08275862068966,29,7.71875,6.3,5.66666666666667,6.16666666666667,7.18846153846154,16,13,3,3,26,1080,627,453,90,392,688,6.88771292592593,7.47408293460925,6.07611470198675,6.65277777777778,6.56454081632653,7.07184587209302,36
"39",2009,1,6.446,50,7.31923076923077,5.5,5.78125,6.33333333333333,6.49428571428571,26,24,8,15,35,1130,653,477,98,407,723,6.86816810619469,7.46791730474732,6.04712779874214,6.58163265306122,6.55601965601966,7.04388652835408,37
"40",2009,2,6.40681818181818,44,6.77272727272727,6.04090909090909,6.4,6.45454545454545,6.39090909090909,22,22,7,11,33,1174,675,499,105,418,756,6.85087730834753,7.44525925925926,6.04685362725451,6.56952380952381,6.55334928229665,7.01538354497354,38
"41",2009,3,6.47804878048781,41,6.85,6.28518518518518,7.16666666666667,5.94285714285714,6.75555555555556,14,27,3,14,27,1215,689,526,108,432,783,6.83829626337449,7.43316400580551,6.05908737642585,6.58611111111111,6.53356481481481,7.00642395913154,39
"42",2009,4,6.51515151515152,33,6.96428571428571,6.18421052631579,5.66666666666667,6.25,6.57407407407407,14,19,3,6,27,1248,703,545,111,438,810,6.82975157051282,7.42382645803698,6.06344946788991,6.56126126126126,6.5296803652968,6.99201229629629,40
"43",2009,5,6.66976744186046,43,7.359375,6.26111111111111,6.15,6.05,6.83382352941176,16,27,8,9,34,1291,719,572,119,447,844,6.82442289697908,7.42239221140473,6.07277965034965,6.53361344537815,6.52002237136465,6.98563976303317,41
"44",2009,6,6.85365853658537,41,7.5,6.51851851851852,6.14285714285714,6.55555555555556,6.9375,14,27,7,9,32,1332,733,599,126,456,876,6.82532279279279,7.42387448840382,6.09287138564274,6.51190476190476,6.52072368421052,6.98388123287671,42
"45",2009,7,6.51282051282051,39,6.725,6.28947368421053,6.33333333333333,5.95,6.70689655172414,20,19,6,10,29,1371,753,618,132,466,905,6.81643323121809,7.40531208499336,6.09891579288026,6.50378787878788,6.50847639484978,6.97500548066298,43
"46",2009,8,6.36931818181818,44,6.65789473684211,6.15,5.33333333333333,5.45454545454545,6.67424242424242,19,25,6,11,33,1415,772,643,138,477,938,6.80253000706714,7.3869170984456,6.10090195956454,6.45289855072464,6.48417190775681,6.96442426439232,44
"47",2009,9,6.5,34,7.58823529411765,5.41176470588235,5.28571428571429,5,6.82142857142857,17,17,7,6,28,1449,789,660,145,483,966,6.79543130434783,7.39125475285171,6.08315145454546,6.39655172413793,6.46573498964803,6.96027946169772,45
"48",2009,10,5.88292682926829,41,6.6,5.05263157894737,5.16666666666667,4.58333333333333,6.10571428571429,22,19,6,6,35,1490,811,679,151,489,1001,6.77032212080537,7.36979038224414,6.05431511045655,6.3476821192053,6.44263803680981,6.93039956043956,46
"49",2009,11,6.14864864864865,37,6.29411764705882,6.025,6.125,4.9375,6.48275862068965,17,20,4,8,29,1527,828,699,155,497,1030,6.75525865094957,7.34770531400966,6.05347633762518,6.34193548387097,6.41841046277666,6.9177960776699,47
"50",2009,12,6.46477272727273,44,7.082,5.65263157894737,6.6625,5.94090909090909,6.63939393939394,25,19,8,11,33,1571,853,718,163,508,1063,6.74712282622533,7.33991793669402,6.04286902506964,6.35766871165644,6.40807086614173,6.90915330197554,48
"51",2010,1,6.14722222222222,36,6.98666666666667,5.54761904761905,4.85714285714286,5.45,6.41538461538462,15,21,7,10,26,1607,868,739,170,518,1089,6.73368385812072,7.3338133640553,6.02879561569689,6.29588235294118,6.38957528957529,6.89736451790634,49
"52",2010,2,5.44444444444444,36,6.86111111111111,4.02777777777778,4.66666666666667,6.1,5.19230769230769,18,18,6,10,26,1643,886,757,176,528,1115,6.7054351552039,7.32420993227991,5.98121527080581,6.24034090909091,6.38409090909091,6.85760534529148,50
"53",2010,3,6.26,40,6.74090909090909,5.67222222222222,6.46,6.375,6.23125,22,18,10,8,32,1683,908,775,186,536,1147,6.6948484610814,7.31007709251101,5.97403865806452,6.25215053763441,6.3839552238806,6.84013074106364,51
"54",2010,4,6.55769230769231,26,7.17857142857143,5.83333333333333,5.66666666666667,6,6.6304347826087,14,12,3,3,23,1709,922,787,189,539,1170,6.69276182562902,7.30808026030369,5.97189321473952,6.24285714285714,6.38181818181818,6.83600851282051,52
"55",2010,5,6.76363636363636,22,6.125,6.90555555555556,7.26,7,6.74,4,18,5,2,20,1731,926,805,194,541,1190,6.69366259965338,7.30296976241901,5.99277013664596,6.26907216494845,6.38410351201479,6.83439492436975,53
"56",2010,6,6.47222222222222,27,6.7625,5.64285714285714,4.2,6.0625,6.64473684210526,20,7,5,8,19,1758,946,812,199,549,1209,6.69026163822526,7.29154334038055,5.9897536453202,6.21708542713568,6.37941712204007,6.83141435897436,54
"57",2010,7,5.85714285714286,28,6.5,5.44117647058824,5.8,5.83333333333333,5.86363636363636,11,17,5,6,22,1786,957,829,204,555,1231,6.67720042553191,7.28244514106583,5.97850417370326,6.20686274509804,6.37351351351351,6.81411857026807,55
"58",2010,8,6.12903225806452,31,6.59375,5.63333333333333,7,5.66666666666667,6.24,16,15,4,6,25,1817,973,844,208,561,1256,6.66784807925151,7.27112024665982,5.97236962085308,6.22211538461538,6.36595365418895,6.80269105095541,56
"59",2010,9,6.48289473684211,38,6.77727272727273,6.078125,6.66666666666667,6.9,6.37166666666667,22,16,6,8,30,1855,995,860,214,569,1286,6.66405927762803,7.26020100502513,5.9743371627907,6.23457943925234,6.37346221441125,6.79263604976672,57
"60",2010,10,6.28888888888889,27,6.6,5.66666666666667,7,3,6.41538461538462,18,9,4,1,26,1882,1013,869,218,570,1312,6.65867691817216,7.24846989141165,5.97115070195627,6.24862385321101,6.36754385964912,6.7851600304878,58
"61",2010,11,6.27272727272727,33,7,5.66666666666667,6,6.6,6.21428571428571,15,18,7,5,28,1915,1028,887,225,575,1340,6.65202608877285,7.24484435797665,5.96497177001127,6.24088888888889,6.3695652173913,6.77323131343283,59
"62",2010,12,6.30833333333333,54,6.734375,5.68863636363636,5.75,6.375,6.29673913043478,32,22,8,8,46,1969,1060,909,233,583,1386,6.64260028440833,7.22943396226415,5.95828378437844,6.22403433476395,6.36963979416809,6.757416998557,60
"63",2011,1,5.93333333333333,42,6.375,5.53181818181818,6.75,6.04545454545455,5.89354838709677,20,22,8,11,31,2011,1080,931,241,594,1417,6.62778715067131,7.21361111111111,5.94820618689581,6.24149377593361,6.36363636363636,6.73851796753705,61
"64",2011,2,6.53333333333333,42,7.32,6.0962962962963,7,5.85714285714286,6.66857142857143,15,27,7,7,35,2053,1095,958,248,601,1452,6.62585482708232,7.21506849315069,5.95237991649269,6.26290322580645,6.35773710482529,6.73683192837465,62
"65",2011,3,6.41142857142857,35,6.76470588235294,6.07777777777778,5.71428571428571,6.625,6.38387096774194,17,18,7,4,31,2088,1112,976,255,605,1483,6.62226051724138,7.20818345323741,5.95469258196721,6.2478431372549,6.3595041322314,6.72945378287255,63
"66",2011,4,6.51612903225806,31,7.21875,5.76666666666667,6.3,7.125,6.30434782608696,16,15,5,8,23,2119,1128,991,260,613,1506,6.62070786219915,7.20833333333333,5.95184657921292,6.24884615384615,6.3694942903752,6.72296146082337,64
"67",2011,5,6.32758620689655,29,6.89285714285714,5.8,5.8,6,6.43181818181818,14,15,5,7,22,2148,1142,1006,265,620,1528,6.61675044692737,7.20446584938704,5.94958246520875,6.24037735849057,6.36532258064516,6.71876960732984,65
"68",2011,6,6.6,25,6.9,6.15,6.5,7,6.54545454545455,15,10,5,3,22,2173,1157,1016,270,623,1550,6.61655773584906,7.20051858254105,5.95155507874016,6.24518518518518,6.36837881219904,6.7163096516129,66
"69",2011,7,6.96739130434783,23,7.56666666666667,5.84375,5.5,6.66666666666667,7.07352941176471,15,8,2,6,17,2196,1172,1024,272,629,1567,6.62023222222222,7.205204778157,5.9507128515625,6.23970588235294,6.37122416534181,6.72018504148053,67
"70",2011,8,6.3125,32,6.23333333333333,6.38235294117647,5.75,6.0625,6.39583333333333,15,17,2,8,24,2228,1187,1041,274,637,1591,6.61581236983842,7.19292333614153,5.95776172910663,6.23613138686131,6.36734693877551,6.71529224387178,68
"71",2011,9,6.125,24,6.6,5.78571428571429,6.09090909090909,4.66666666666667,6.33333333333333,10,14,11,3,21,2252,1197,1055,285,640,1612,6.61058168738899,7.18796992481203,5.95547863507109,6.23052631578947,6.359375,6.71031635235732,69
"72",2011,10,6.412,25,6.65333333333333,6.05,5.75,6.5,6.3952380952381,15,10,4,4,21,2277,1212,1065,289,644,1633,6.60840138779095,7.18135313531353,5.95636615962441,6.22387543252595,6.36024844720497,6.70626451928965,70
"73",2011,11,5.92916666666667,36,6.97380952380952,4.46666666666667,6,4.875,6.23035714285714,21,15,3,8,28,2313,1233,1080,292,652,1661,6.59782964115867,7.17781832927818,5.93567588888889,6.22157534246575,6.3420245398773,6.6982419987959,71
"74",2011,12,6.48055555555556,36,6.69230769230769,5.93,6.25,6.21428571428571,6.5448275862069,26,10,4,7,29,2349,1259,1090,296,659,1690,6.59603233716475,7.16779189833201,5.93562381651376,6.22195945945946,6.34066767830046,6.69560944378698,72
"75",2012,1,6.42,35,6.52380952380952,6.26428571428571,5.5,5.9,6.50666666666667,21,14,3,5,30,2384,1280,1104,299,664,1720,6.59344796979866,7.1572265625,5.93979163043478,6.21471571906354,6.33734939759036,6.69231393023256,73
"76",2012,2,6.29558823529412,34,6.98529411764706,5.60588235294118,6.32857142857143,5.47142857142857,6.50925925925926,17,17,7,7,27,2418,1297,1121,306,671,1747,6.58925970223325,7.15497301464919,5.93472788581624,6.21732026143791,6.32831594634873,6.6894848082427,74
"77",2012,3,6.34032258064516,31,6.97058823529412,5.575,6.22142857142857,6.4,6.32291666666667,17,14,7,7,24,2449,1314,1135,313,678,1771,6.58610859942834,7.15258751902588,5.93029071365639,6.21741214057508,6.32905604719764,6.68451719932242,75
"78",2012,4,6.45714285714286,28,6.59565217391304,5.82,6,7.2,6.29565217391304,23,5,1,5,23,2477,1337,1140,314,683,1794,6.58465077109406,7.14300673148841,5.92980698245614,6.21671974522293,6.33543191800879,6.67953175027871,76
"79",2012,5,6.41428571428571,21,6.90714285714286,5.42857142857143,6.2,6,6.51176470588235,14,7,5,4,17,2498,1351,1147,319,687,1811,6.58321855884708,7.14056254626203,5.92674800348736,6.21645768025078,6.3334788937409,6.67795690778575,77
"80",2012,6,6.22222222222222,27,6.66666666666667,5.66666666666667,5,5.25,6.5,15,12,3,6,21,2525,1366,1159,322,693,1832,6.5793584,7.13535871156662,5.92405518550474,6.20512422360248,6.32409812409812,6.67591700873362,78
"81",2012,7,6.26652173913044,23,6.875,5.60272727272727,6,6,6.36058823529412,12,11,2,6,17,2548,1378,1170,324,699,1849,6.57653452119309,7.13309143686502,5.92103415384615,6.20385802469136,6.32131616595136,6.67301782585181,79
"82",2012,8,6.69722222222222,36,7.15789473684211,6.18235294117647,5.71428571428571,6.38888888888889,6.8,19,17,7,9,27,2584,1397,1187,331,708,1876,6.57821592879257,7.13342877594846,5.92477671440607,6.19350453172205,6.32217514124294,6.67484539445629,80
"83",2012,9,6.77777777777778,27,7.125,6.27272727272727,6.66666666666667,7,6.73913043478261,16,11,6,4,23,2611,1413,1198,337,712,1899,6.58027957104557,7.13333333333333,5.92797158597663,6.20192878338279,6.32598314606742,6.67562399157451,81
"84",2012,10,6.79,20,7.23333333333333,5.46,5,7.3,6.62,15,5,1,5,15,2631,1428,1203,338,717,1914,6.58187379703535,7.1343837535014,5.92602656691604,6.19837278106509,6.33277545327755,6.67518806687565,82
"85",2012,11,6.20125,40,6.31666666666667,5.96153846153846,6,5.03333333333333,6.54032258064516,27,13,5,9,31,2671,1455,1216,343,726,1945,6.57617370273306,7.11920962199313,5.92640621710526,6.19548104956268,6.31666666666667,6.67303853984576,83
"86",2012,12,6.66551724137931,29,6.93684210526316,6.15,6.5,6.5,6.70869565217391,19,10,5,6,23,2700,1474,1226,348,732,1968,6.57713331851852,7.11685888738128,5.92822998368679,6.19985632183908,6.3181693989071,6.67345526422764,84
"87",2013,1,6.21842105263158,38,7.05652173913044,4.93333333333333,6.2,6.5,6.15483870967742,23,15,5,7,31,2738,1497,1241,353,739,1999,6.57215484295106,7.11593186372745,5.91620464141821,6.19985835694051,6.31989174560217,6.66541268634317,85
"88",2013,2,6.36666666666667,21,6.55,6,7,6,6.385,14,7,1,1,20,2759,1511,1248,354,740,2019,6.57059077926785,7.11068828590338,5.9166746474359,6.2021186440678,6.31945945945946,6.66263494799405,86
"89",2013,3,6.73939393939394,33,6.925,6.45384615384615,5.83333333333333,7.66666666666667,6.64666666666667,20,13,6,3,30,2792,1531,1261,360,743,2049,6.57258594555874,7.10826257348138,5.92221249801745,6.19597222222222,6.32489905787349,6.66240115178135,87
"90",2013,4,6.6875,24,7.09444444444444,5.46666666666667,6.25,6.11666666666667,6.87777777777778,18,6,2,6,18,2816,1549,1267,362,749,2067,6.57356532670454,7.10810200129116,5.92005521704814,6.19627071823204,6.32323097463284,6.66427671020803,88
"91",2013,5,7.17307692307692,26,7.5,6.72727272727273,7.16666666666667,7.75,7,15,11,6,6,20,2842,1564,1278,368,755,2087,6.57904995073891,7.11186061381074,5.92700309859155,6.21209239130435,6.33456953642384,6.66749399137518,89
"92",2013,6,6.4,24,6.31875,6.5625,7,7,6.34545454545455,16,8,3,2,22,2866,1580,1286,371,757,2109,6.57755057920446,7.10382911392405,5.93095642301711,6.21846361185984,6.33632760898283,6.66413464201043,90
"93",2013,7,5.925,22,6.83461538461538,4.61111111111111,4.5,5,6.0175,13,9,2,2,20,2888,1593,1295,373,759,2129,6.57257962603878,7.10163214061519,5.92178375289575,6.20924932975871,6.33280632411067,6.6580601033349,91
"94",2013,8,6.94827586206897,29,7.38636363636364,5.57142857142857,6.33333333333333,7.4,6.85416666666667,22,7,3,5,24,2917,1615,1302,376,764,2153,6.57631469317792,7.10551083591331,5.91990012288786,6.21023936170213,6.33979057591623,6.66024614955875,92
"95",2013,9,6.25,18,6.45454545454545,5.92857142857143,NA,5.91666666666667,6.41666666666667,11,7,0,6,12,2935,1626,1309,376,770,2165,6.57431344463373,7.10110701107011,5.91994649350649,6.21023936170213,6.33649350649351,6.65889605542725,93
"96",2013,10,6.176,25,6.89333333333333,5.1,4.5,5.225,6.35714285714286,15,10,4,4,21,2960,1641,1319,380,774,2186,6.57094931081081,7.09920780012188,5.91373006823351,6.19223684210526,6.33074935400517,6.65599723696249,94
"97",2013,11,6.68625,40,7.20454545454545,6.05277777777778,6.21875,6.83333333333333,6.66029411764706,22,18,8,6,34,3000,1663,1337,388,780,2220,6.57248665333333,7.1006013229104,5.91560206432311,6.19278350515464,6.33461538461538,6.65606304504504,95
"98",2013,12,7.04038461538462,26,7.25263157894737,6.46428571428571,6.625,6.71428571428571,7.16052631578947,19,7,4,7,19,3026,1682,1344,392,787,2239,6.57650692663582,7.10231866825208,5.91845979166667,6.19719387755102,6.33799237611182,6.66034388566324,96
"99",2014,1,6.06,33,6.59428571428571,5.125,5.25,6.9725,5.768,21,12,6,8,25,3059,1703,1356,398,795,2264,6.57093493298463,7.09605402231356,5.91143802359882,6.18291457286432,6.34437735849057,6.65049026501767,97
"100",2014,2,6.95652173913043,23,7.17857142857143,6.61111111111111,6.9,6.5,7.05263157894737,14,9,5,4,19,3082,1717,1365,403,799,2283,6.57381244646333,7.0967268491555,5.91605125274725,6.19181141439206,6.34515644555695,6.65383703898379,98
"101",2014,3,7,22,7.32352941176471,5.9,4.5,6.5,7.05,17,5,2,2,20,3104,1734,1370,405,801,2303,6.5768331056701,7.09895040369089,5.91599267153285,6.18345679012346,6.34554307116105,6.65727744680851,99
"102",2014,4,6.41176470588235,17,6.20833333333333,6.9,6.5,5.66666666666667,6.57142857142857,12,5,3,3,14,3121,1746,1375,408,804,2317,6.57593398269785,7.09282932416953,5.91957088,6.18578431372549,6.34300995024876,6.65675872248597,100
"103",2014,5,6.97,20,7.27272727272727,6.6,7.25,7.25,6.93888888888889,11,9,4,2,18,3141,1757,1384,412,806,2335,6.57844315822986,7.09395560614684,5.92399563583815,6.19611650485437,6.34526054590571,6.65893360171306,101
"104",2014,6,6.91875,16,7.20769230769231,5.66666666666667,7,NA,6.91875,13,3,1,0,16,3157,1770,1387,413,806,2351,6.58016786822933,7.09479096045198,5.92343904830569,6.19806295399516,6.34526054590571,6.66070181199489,102
"105",2014,7,6.19444444444444,18,6.75,5.5,5.5,7,6.09375,10,8,4,2,16,3175,1780,1395,417,808,2367,6.57798108976378,7.09285393258427,5.92101072401434,6.19136690647482,6.34688118811881,6.65686943810731,103
"106",2014,8,6.57647058823529,17,6.70909090909091,6.33333333333333,6.33333333333333,7.5,6.45333333333333,11,6,3,2,15,3192,1791,1401,420,810,2382,6.57797304511278,7.09049692908989,5.92277655960028,6.19238095238095,6.34972839506173,6.65558772460117,104
"107",2014,9,6.7275,20,7.27307692307692,5.71428571428571,6,6.6,6.75,13,7,2,3,17,3212,1804,1408,422,813,2399,6.57890409713574,7.09181263858093,5.92174002840909,6.1914691943128,6.35065190651907,6.65625675698207,105
"108",2014,10,6.43333333333333,30,7.02142857142857,5.91875,6.4,7.2,6.28,14,16,8,5,25,3242,1818,1424,430,818,2424,6.57755705120296,7.09127062706271,5.92170643258427,6.1953488372093,6.3558435207824,6.65237622112211,106
"109",2014,11,6.805,20,7.25714285714286,5.75,5,8,6.7421052631579,14,6,1,1,19,3262,1832,1430,431,819,2443,6.57895155119558,7.09253820960699,5.92098598601399,6.19257540603248,6.35785103785104,6.65307407286123,107
"110",2014,12,6.98,20,7.77777777777778,6.32727272727273,5.72,7.02,6.96666666666667,9,11,5,5,15,3282,1841,1441,436,824,2458,6.58139547836685,7.09588810429115,5.92408741151978,6.18715596330275,6.36186893203884,6.65498777868185,108
"111",2015,1,6.95925925925926,27,7.52666666666667,6.25,7.33333333333333,7.73333333333333,6.73809523809524,15,12,6,6,21,3309,1856,1453,442,830,2479,6.58447868238138,7.09936961206896,5.92677905024088,6.2027149321267,6.37178313253012,6.65569179507866,109
"112",2015,2,6.45384615384615,26,6.85,5.5625,6.5,4,6.552,18,8,2,1,25,3335,1874,1461,444,831,2504,6.58346025787106,7.09697438633938,5.92478436687201,6.20405405405405,6.36892900120337,6.65465653354632,110
"113",2015,3,6.64210526315789,19,6.76666666666667,6.42857142857143,7.375,6.75,6.59230769230769,12,7,4,6,13,3354,1886,1468,448,837,2517,6.58379247465712,7.09487274655355,5.92718662125341,6.21450892857143,6.37166069295102,6.65433450933651,111
"114",2015,4,6.5304347826087,23,6.3875,6.85714285714286,7,5,6.6,16,7,3,1,22,3377,1902,1475,451,838,2539,6.58342906721942,7.0889221871714,5.93159997288136,6.21973392461197,6.37002386634845,6.65386371012209,112
"115",2015,5,6.46285714285714,21,6.46571428571429,6.45714285714286,6.66666666666667,6.94,6.31375,14,7,3,5,16,3398,1916,1482,454,843,2555,6.58268391995291,7.08436847599165,5.93408229419703,6.2226872246696,6.37340450771056,6.65173383953033,113
"116",2015,6,6.675,16,7.75714285714286,5.83333333333333,5.375,6.66666666666667,6.67692307692308,7,9,4,3,13,3414,1923,1491,458,846,2568,6.58311656707674,7.08681747269891,5.93347415157612,6.21528384279476,6.37444444444444,6.65186135514019,114
"117",2015,7,6.83571428571429,14,6.78888888888889,6.92,7.5,7,6.82307692307692,9,5,2,1,13,3428,1932,1496,460,847,2581,6.58414817969661,7.08542960662526,5.93677136363636,6.22086956521739,6.37518299881936,6.65272373498644,115
"118",2015,8,6.71739130434783,23,6.96666666666667,6.25,7.25,6.21428571428571,6.9375,15,8,2,7,16,3451,1947,1504,462,854,2597,6.58503620979426,7.08451463790447,5.93843747340426,6.22532467532467,6.37386416861827,6.65447822872545,116
"119",2015,9,6.88157894736842,19,7.11111111111111,6.675,6.95833333333333,8,6.75,9,10,6,2,17,3470,1956,1514,468,856,2614,6.58665993083573,7.08463701431493,5.94330248348745,6.23472222222222,6.37766355140187,6.65509944912012,117
"120",2015,10,6.94736842105263,19,6.82142857142857,7.3,6.875,7.16666666666667,6.90625,14,5,4,3,16,3489,1970,1519,472,859,2630,6.58862423617082,7.08276649746193,5.94776824226465,6.24014830508474,6.3804190919674,6.65662736121673,118
"121",2015,11,6.60263157894737,19,6.85,6.32777777777778,7,6,6.63611111111111,10,9,2,1,18,3508,1980,1528,474,860,2648,6.58870010262258,7.08159090909091,5.95000651832461,6.24335443037975,6.37997674418605,6.65648790030211,119
"122",2015,12,7.34166666666667,24,7.70666666666667,6.73333333333333,7.18,7.625,7.285,15,9,5,4,20,3532,1995,1537,479,864,2668,6.59381652321631,7.08629072681704,5.95459333767079,6.25313152400835,6.38574074074074,6.66119938530735,120
"123",2016,1,6.5,32,6.66666666666667,6.35294117647059,6.5,6.5,6.5,15,17,8,2,30,3564,2010,1554,487,866,2698,6.59297417508417,7.0831592039801,5.95895106821107,6.25718685831622,6.38600461893764,6.65940695329874,121
"124",2016,2,7.03846153846154,26,7.35,6.3375,6.1,6.83333333333333,7.06521739130435,18,8,5,3,23,3590,2028,1562,492,869,2721,6.596200545961,7.08552761341223,5.96088985915493,6.25558943089431,6.38754890678941,6.66283717750827,122
"125",2016,3,6.23809523809524,21,8.3,5.59375,5.3,3.66666666666667,6.66666666666667,5,16,5,3,18,3611,2033,1578,497,872,2739,6.59411796178344,7.0885145105755,5.95716727503169,6.24597585513078,6.3781880733945,6.66286234392114,123
"126",2016,4,6.99130434782609,23,6.94,7.33333333333333,NA,6.625,7.06842105263158,20,3,0,4,19,3634,2053,1581,497,876,2758,6.59663179966978,7.08706770579639,5.95977859582543,6.24597585513078,6.37931506849315,6.66565625815809,124
"127",2016,5,7.125,32,7.69444444444444,6.39285714285714,4.875,8.66666666666667,6.96551724137931,18,14,4,3,29,3666,2071,1595,501,879,2787,6.60124385160938,7.09234669241912,5.96357991222571,6.23502994011976,6.38712172923777,6.66877644779333,125
"128",2016,6,6.31666666666667,36,6.89583333333333,5.15833333333333,5.5,6.39,6.28846153846154,24,12,4,10,26,3702,2095,1607,505,889,2813,6.59847648838466,7.09009546539379,5.957566869944,6.22920792079208,6.38715410573678,6.66526127266264,126
"129",2016,7,6.82692307692308,26,7.10526315789474,6.07142857142857,7,8,6.72916666666667,19,7,2,2,24,3728,2114,1614,507,891,2837,6.60006973175966,7.09023178807947,5.95806069392813,6.23224852071006,6.39077441077441,6.6658018893197,127
"130",2016,8,6.64857142857143,35,7.2875,5.25454545454545,5.5,6.76666666666667,6.62413793103448,24,11,4,6,29,3763,2138,1625,511,897,2866,6.60052085038533,7.09244621141253,5.95329843692308,6.22651663405088,6.39328874024526,6.66538030704815,128
"131",2016,9,6.5,32,6.875,5.875,5.58333333333333,7.83333333333333,6.19230769230769,20,12,6,6,26,3795,2158,1637,517,903,2892,6.59967324374176,7.09043095458758,5.95272447159438,6.21905222437137,6.40285714285714,6.66112723374827,129
"132",2016,10,6.5875,32,7.13888888888889,5.87857142857143,6.03333333333333,7.5,6.52666666666667,18,14,9,2,30,3827,2176,1651,526,905,2922,6.59957145544813,7.09083180147059,5.95209567534827,6.21587452471483,6.4052817679558,6.65974673511294,130
"133",2016,11,6.3241935483871,31,6.57045454545455,5.72222222222222,7,6.5,6.29814814814815,22,9,2,4,27,3858,2198,1660,528,909,2949,6.59735872472784,7.08562329390355,5.95084937349398,6.2188446969697,6.40569856985699,6.65643606646321,131
"134",2016,12,7.33076923076923,26,7.9,6.55454545454545,7.33333333333333,7.9,7.1952380952381,15,11,3,5,21,3884,2213,1671,531,914,2970,6.60226826982492,7.09114324446453,5.95482343506882,6.22514124293785,6.41387308533917,6.66024577777778,132
"135",2017,1,6.55490196078431,51,7.04545454545455,5.65555555555556,6,7.5,6.45217391304348,33,18,8,5,46,3935,2246,1689,539,919,3016,6.60165437357052,7.09047195013357,5.95163407933689,6.22179962894249,6.41978237214363,6.65707226790451,133
"136",2017,2,6.31818181818182,33,6.95652173913043,4.85,5,5.125,6.48275862068965,23,10,4,4,29,3968,2269,1699,543,923,3045,6.59929686491935,7.08911414720141,5.94515006474397,6.21279926335175,6.41417118093174,6.65541213793103,134
"137",2017,3,6.52285714285714,35,7.112,5.05,5.75,8,6.33225806451613,25,10,4,4,31,4003,2294,1709,547,927,3076,6.59862851861104,7.08936355710549,5.9399122059684,6.20941499085923,6.42101402373247,6.65215538361508,135
"138",2017,4,6.21428571428571,21,7.1,5.40909090909091,5.5,7.33333333333333,6.02777777777778,10,11,2,3,18,4024,2304,1720,549,930,3094,6.59662275347912,7.08940972222222,5.93651741860465,6.2068306010929,6.42395698924731,6.64852293471234,136
"139",2017,5,6.83658536585366,41,6.94516129032258,6.5,6,7.74,6.71111111111111,31,10,5,5,36,4065,2335,1730,554,935,3130,6.5990430405904,7.08749464668094,5.9397745433526,6.20496389891697,6.43099465240642,6.64924279872204,137
"140",2017,6,7.26315789473684,19,7.4,6.75,NA,6,7.33333333333333,15,4,0,1,18,4084,2350,1734,554,936,3148,6.60213270323212,7.08948936170213,5.94164357554787,6.20496389891697,6.43053418803419,6.65315437102922,138
"141",2017,7,6.575,32,7.4952380952381,4.81818181818182,4.975,6.33333333333333,6.6,21,11,4,3,29,4116,2371,1745,558,939,3177,6.60192175898931,7.09308308730493,5.93456158166189,6.19614695340502,6.43022364217252,6.65266917217501,139
"142",2017,8,6.30277777777778,36,6.64814814814815,5.26666666666667,3.5,7,6.10357142857143,27,9,2,8,28,4152,2398,1754,560,947,3205,6.59932802504817,7.08807339449541,5.9311345267959,6.18651785714286,6.43503695881732,6.64787206240249,140
"143",2017,9,6.7,25,7.03333333333333,6.2,6.25,6.5,6.71739130434783,15,10,2,2,23,4177,2413,1764,562,949,3228,6.59993056260474,7.08773311230833,5.93265870748299,6.18674377224199,6.43517386722866,6.64836739776951,141
"144",2017,10,6.57058823529412,34,7.07,5.85714285714286,6.83333333333333,6.3,6.5875,20,14,6,2,32,4211,2433,1778,568,951,3260,6.59969364996438,7.08758734073161,5.93206409448819,6.19357394366197,6.43488958990536,6.64776992638037,142
"145",2017,11,6.8974358974359,39,7.25,5.72222222222222,5.8,6.35714285714286,7.015625,30,9,5,7,32,4250,2463,1787,573,958,3292,6.60242587294118,7.08956557044255,5.93100725237829,6.19013961605585,6.43432150313152,6.65134567436209,143
"146",2017,12,7.125,32,7.47368421052632,6.61538461538461,6.9,6.25,7.32692307692308,19,13,5,6,26,4282,2482,1800,578,964,3318,6.60633114432508,7.0925060435133,5.93594997777778,6.19628027681661,6.43317427385892,6.65663952983725,144
"147",2018,1,7.06590909090909,44,7.53103448275862,6.16666666666667,5.875,7.75,6.91388888888889,29,15,4,8,36,4326,2511,1815,582,972,3354,6.61100553860379,7.09757068896854,5.93785672727273,6.19407216494846,6.44401234567901,6.65940070363745,145
"148",2018,2,7.14,30,7.55714285714286,6.16666666666667,5,9,7.00714285714286,21,9,3,2,28,4356,2532,1824,585,974,3382,6.61464875114784,7.10138230647709,5.93898572368421,6.18794871794872,6.44926078028747,6.66227970431697,146
"149",2018,3,6.48181818181818,22,7.05454545454545,5.90909090909091,5.71428571428571,6,6.58888888888889,11,11,7,4,18,4378,2543,1835,592,978,3400,6.6139812608497,7.10117970900511,5.93880651771117,6.18234797297298,6.44742331288344,6.66189116470588,147
"150",2018,4,5.94,18,6.5,4.82,5.14,3,6.3075,12,6,3,2,16,4396,2555,1841,595,980,3416,6.61122155595996,7.09835616438356,5.93516021727322,6.17709243697479,6.44038775510204,6.6602312529274,148
"151",2018,5,6.63846153846154,26,7.14,5.95454545454545,6.75,4.5,7.28,15,11,4,6,20,4422,2570,1852,599,986,3436,6.61138171867933,7.09859922178988,5.93527535637149,6.18091819699499,6.42858012170385,6.66383875436554,149
"152",2018,6,7.50833333333333,12,8,6.03333333333333,9.1,7,7.61,9,3,1,2,10,4434,2579,1855,600,988,3446,6.61380919260261,7.10174486234975,5.93543394070081,6.18578333333333,6.42973684210526,6.66658443412652,150
"153",2018,7,7.48,31,7.96555555555556,6.80769230769231,7.33333333333333,8,7.3552,18,13,3,6,25,4465,2597,1868,603,994,3471,6.6198230593505,7.10773199845976,5.94150426124197,6.19149253731343,6.4392152917505,6.67154421204264,151
"154",2018,8,7.21,20,7.88461538461539,5.95714285714286,6,7.125,7.23125,13,7,4,4,16,4485,2610,1875,607,998,3487,6.62245484057971,7.11160153256705,5.94156264533333,6.19023064250412,6.44196392785571,6.67411240607972,152
"155",2018,9,7.3,16,7.68888888888889,6.8,7.5,6.5,7.66363636363636,9,7,1,5,11,4501,2619,1882,608,1003,3498,6.62486335481004,7.11358533791523,5.94475555791711,6.19238486842105,6.44225324027916,6.67722411663808,153
"156",2018,10,7.24193548387097,31,7.725,6.36363636363636,6.33333333333333,7.64285714285714,7.125,20,11,6,7,24,4532,2639,1893,614,1010,3522,6.62908428067079,7.11821902235695,5.94718962493397,6.19376221498371,6.45057425742574,6.68027540034071,154
"157",2018,11,6.98,25,7.51666666666667,5.6,5.85,7,6.97916666666667,18,7,2,1,24,4557,2657,1900,616,1011,3546,6.63100942725477,7.12091832894242,5.94591050526316,6.1926461038961,6.45111770524233,6.68229835307388,155
"158",2018,12,7.15555555555556,18,7.90909090909091,5.97142857142857,3.5,8.26666666666667,6.93333333333333,11,7,2,3,15,4575,2668,1907,618,1014,3561,6.63307321530055,7.12416791604198,5.94600417409544,6.18393203883495,6.45648915187377,6.68335578770008,156
"159",2019,1,6.605,40,7.008,5.93333333333333,6.14285714285714,6.75,6.58888888888889,25,15,7,4,36,4615,2693,1922,625,1018,3597,6.63282989382449,7.12308949127367,5.94590528616025,6.183472,6.45764243614931,6.68241033083125,157
"160",2019,2,7.09932857142857,14,7.53906,6,NA,7,7.10696923076923,10,4,0,1,13,4629,2703,1926,625,1019,3610,6.63424077770577,7.12462841287458,5.94601763239876,6.183472,6.45817468105986,6.6839392132964,158
"161",2019,3,6.71153846153846,26,7.09375,6.1,5,7.6,6.5,16,10,1,5,21,4655,2719,1936,626,1024,3631,6.63467251557465,7.12444670834866,5.94681299586777,6.18158146964856,6.46375,6.68287539520793,159
"162",2019,4,6.55153846153846,26,7.00823529411765,5.68888888888889,5.2,6.66666666666667,6.53652173913043,17,9,5,3,23,4681,2736,1945,631,1027,3654,6.63421075838496,7.12372463450292,5.94561951670951,6.17380348652932,6.46434274586173,6.68195417624521,160
"163",2019,5,6.12222222222222,18,6.81818181818182,5.02857142857143,5.05,4.8,6.5,11,7,4,4,14,4699,2747,1952,635,1031,3668,6.63224953394339,7.12250112850382,5.94233092213115,6.16672440944882,6.45788554801164,6.68125969465649,161
"164",2019,6,6.15538461538462,13,6.86,5.33333333333333,5.5,6,6.16833333333333,7,6,2,1,12,4712,2754,1958,637,1032,3680,6.6309339049236,7.12183391430646,5.94046473953013,6.16463108320251,6.45744186046512,6.67958710869565,162
"165",2019,7,7.48793666666667,21,8.01451,5.25,3,6.5,7.59193,17,4,2,2,19,4733,2771,1962,639,1034,3699,6.63473636805409,7.12731045470949,5.93905706422018,6.15472613458529,6.45752417794971,6.6842733792917,163
"166",2019,8,6.844,25,7.23333333333333,6.26,NA,6.7,6.88,15,10,0,5,20,4758,2786,1972,639,1039,3719,6.63583590374107,7.12788128858579,5.94068456389452,6.15472613458529,6.45869104908566,6.68532595590212,164
"167",2019,9,7.07758620689655,29,7.54166666666667,6.31818181818182,6.2,7.21428571428571,7.03409090909091,18,11,5,7,22,4787,2804,1983,644,1046,3741,6.63851205974514,7.130537542796,5.94277859808371,6.15507763975155,6.46374760994264,6.68737696605185,165
"168",2019,10,7.25674227272727,22,7.556145625,6.45833333333333,6.5,6.5,7.3324165,16,6,2,2,20,4809,2820,1989,646,1048,3761,6.64134031191516,7.13295234042553,5.94433381598794,6.15614551083591,6.46381679389313,6.69080711512895,166
"169",2019,11,6.7034,25,7.7553125,4.83333333333333,4,7.375,6.57547619047619,16,9,2,4,21,4834,2836,1998,648,1052,3782,6.64166126603227,7.13646354019746,5.93932930930931,6.14949074074074,6.46728136882129,6.69016672659968,167
"170",2019,12,6.88888888888889,18,7.10714285714286,6.125,NA,7.5,6.8125,14,4,0,2,16,4852,2850,2002,648,1054,3798,6.64257843363561,7.13631950877193,5.93970027972028,6.14949074074074,6.46924098671727,6.69068208530805,168
"171",2020,1,6.75609756097561,41,7.25,5.40909090909091,5.8,5.7,6.90277777777778,30,11,5,5,36,4893,2880,2013,653,1059,3834,6.64352964643368,7.13750368055555,5.93680077496274,6.14681470137825,6.46560906515581,6.69267359415753,169
"172",2020,2,6.72413793103448,29,7.67647058823529,5.375,6.25,7,6.68,17,12,2,4,25,4922,2897,2025,655,1063,3859,6.64400458350264,7.14066641353124,5.93347158518519,6.14712977099237,6.46761994355597,6.69259149002332,170
"173",2020,3,6.51851851851852,27,7.16666666666667,5.70833333333333,5.625,5.25,6.62,15,12,4,2,25,4949,2912,2037,659,1065,3884,6.64331997575268,7.14080034340659,5.93214529209622,6.14396054628225,6.46533333333333,6.6921242430484,171
"174",2020,4,6.99307692307692,26,7.57625,6.06,6.16666666666667,8,6.86173913043478,16,10,6,3,23,4975,2928,2047,665,1068,3907,6.64514785125628,7.14317984972678,5.93276988764045,6.14416541353383,6.46964419475655,6.69312274379319,172
"175",2020,5,7.04761904761905,21,7.53333333333333,5.83333333333333,4,7.66666666666667,6.94444444444444,15,6,2,3,18,4996,2943,2053,667,1071,3925,6.64683958366694,7.14516839959225,5.93247927910375,6.13773613193403,6.47299719887955,6.69427530191083,173
"176",2020,6,7.09615384615385,26,7.20588235294118,6.88888888888889,6,6,7.14,17,9,3,1,25,5022,2960,2062,670,1072,3950,6.64916578255675,7.14551709459459,5.93665371483996,6.13711940298508,6.47255597014925,6.69709634430379,174
"177",2020,7,7.18181818181818,22,7.76923076923077,6.33333333333333,6.4,6.75,7.225,13,9,5,2,20,5044,2973,2071,675,1074,3970,6.65148900872324,7.14824439959637,5.93837757605022,6.13906666666667,6.47307262569832,6.69975580856423,175
"178",2020,8,6.10615384615385,26,6.52166666666667,5.75,5,6,6.12545454545455,12,14,5,4,22,5070,2985,2085,680,1078,3992,6.64869241814596,7.14572549413735,5.93711269064748,6.13069117647059,6.4713172541744,6.69659082164328,176
"179",2020,9,7.04166666666667,24,7.64705882352941,5.57142857142857,8,7.28571428571429,6.94117647058824,17,7,1,7,17,5094,3002,2092,681,1085,4009,6.6505438869258,7.14856449033977,5.93588908221798,6.13343612334802,6.47657142857143,6.69762797705163,177
"180",2020,10,6.84,25,7.53333333333333,5.8,5.2,9,6.75,15,10,5,1,24,5119,3017,2102,686,1086,4033,6.65146914631764,7.15047749419954,5.93524260704091,6.12663265306123,6.47889502762431,6.69793963798661,178
"181",2020,11,7.37931034482759,29,7.525,7.05555555555556,7.125,7.375,7.38,20,9,4,4,25,5148,3037,2111,690,1090,4058,6.65556926184926,7.15294389199868,5.94001892941734,6.13242028985507,6.48218348623853,6.70214158698866,179
"182",2020,12,7.57407407407407,27,7.83333333333333,7.05555555555556,7,8.25,7.38095238095238,18,9,4,6,21,5175,3055,2120,694,1096,4079,6.66036146086957,7.15695273322422,5.94475469811321,6.13742074927954,6.49186131386861,6.70563632262809,180
"183",2021,1,7.69375,32,7.73103448275862,7.33333333333333,7.33333333333333,8.75,7.62333333333333,29,3,3,2,30,5207,3084,2123,697,1098,4109,6.66671222584982,7.16235103761349,5.94671689119171,6.1425681492109,6.49597449908925,6.71233647116086,181
"184",2021,2,6.93055555555556,18,7.77777777777778,6.08333333333333,6.41666666666667,8,6.86764705882353,9,9,3,1,17,5225,3093,2132,700,1099,4126,6.66762115980861,7.16414180407371,5.94729360225141,6.14374285714286,6.49734303912648,6.71297638390693,182
"185",2021,3,7.64583333333333,24,7.69047619047619,7.33333333333333,7.5,7,7.70454545454545,21,3,2,2,22,5249,3114,2135,702,1101,4148,6.67209383882644,7.16769126525369,5.94924119906323,6.14760683760684,6.49825613079019,6.71823542912247,183
"186",2021,4,7.2,22,7.45714285714286,6.75,6,7.5,7.17,14,8,2,2,20,5271,3128,2143,704,1103,4168,6.67429720356669,7.16898676470588,5.95223049930005,6.1471875,6.5000725294651,6.72040320537428,184
"187",2021,5,6.86111111111111,18,7.77777777777778,5.94444444444444,6.21428571428571,7.1,6.76923076923077,9,9,7,5,13,5289,3137,2152,711,1108,4181,6.67493298544148,7.17073337583679,5.95219793680298,6.14784810126582,6.5027797833935,6.72055502511361,185
"188",2021,6,6.39285714285714,14,6.72727272727273,5.16666666666667,4.75,5.5,6.54166666666667,11,3,2,2,12,5303,3148,2155,713,1110,4193,6.67418830096172,7.16918379923761,5.95110438979119,6.1439270687237,6.50097297297297,6.7200430622466,186
"189",2021,7,6.55,12,6.83333333333333,5.7,6.6,5.86666666666667,6.77777777777778,9,3,1,3,9,5315,3157,2158,714,1113,4202,6.67390791345249,7.16822635413367,5.95075531047266,6.14456582633053,6.4992632524708,6.72016672060923,187
"190",2021,8,6.925,16,7.4,6.13333333333333,6.9,8,6.43636363636364,10,6,2,5,11,5331,3167,2164,716,1118,4213,6.67466151941475,7.16895819387433,5.95126153419594,6.14667597765363,6.50597495527728,6.71942572038927,188
"191",2021,9,7.44444444444444,18,8.05,6.6875,6.7,7.9,7.26923076923077,10,8,5,5,13,5349,3177,2172,721,1123,4226,6.67725192746308,7.17173138180674,5.95397327808472,6.15051317614425,6.51218165627783,6.72111702792238,189
"192",2021,10,7.005,18,7.61111111111111,6.39888888888889,5.9,6.25,7.099375,9,9,5,2,16,5367,3186,2181,726,1125,4242,6.67835113843861,7.17297256748274,5.9558092434663,6.14878787878788,6.51171555555556,6.72254374351721,190
"193",2021,11,6,13,6.28571428571429,5.66666666666667,5.5,4,6.16666666666667,7,6,2,1,12,5380,3193,2187,728,1126,4254,6.676712,7.17102743501409,5.95501598536809,6.1470054945055,6.50948490230906,6.72097568406206,191
"194",2021,12,6.6875,24,6.875,5.75,5.5,6.75,6.675,20,4,2,4,20,5404,3213,2191,730,1130,4274,6.67675991117691,7.16918474945534,5.95464169785486,6.14523287671233,6.51033628318584,6.72076054281703,192
"195",2022,1,6.73571428571429,35,7.28571428571429,5.91071428571429,6.1,7.8,6.55833333333333,21,14,5,5,30,5439,3234,2205,735,1135,4304,6.67713928295643,7.16994143475572,5.9543627936508,6.14492517006803,6.51601762114538,6.71962838289963,193
"196",2022,2,6.74821428571429,28,7.29411764705882,5.90454545454545,5.2,7.16666666666667,6.698,17,11,5,3,25,5467,3251,2216,740,1138,4329,6.67750330345711,7.17059077207013,5.95411550541516,6.13854054054054,6.51773286467487,6.71950347886348,194
"197",2022,3,7.305,20,7.6625,5.875,6,8.33333333333333,7.12352941176471,16,4,1,3,17,5487,3267,2220,741,1141,4346,6.67979051576453,7.17299987756351,5.95397295495496,6.13835357624832,6.52250657318142,6.72108388403129,195
"198",2022,4,7.91136363636364,22,8.1125,7.375,NA,NA,7.91136363636364,16,6,0,0,22,5509,3283,2226,741,1141,4368,6.68470876021057,7.17757861711849,5.9578032165319,6.13835357624832,6.52250657318142,6.72707888278388,196
"199",2022,5,6.47222222222222,18,6.33333333333333,6.75,7.25,6.5,6.46428571428571,12,6,2,4,14,5527,3295,2232,743,1145,4382,6.68401674687896,7.17450397572079,5.95993277777778,6.14134589502019,6.52242794759825,6.72623928799635,197
"200",2022,6,7.25875,16,7.84166666666667,5.51,NA,7.02,7.36727272727273,12,4,0,5,11,5543,3307,2236,743,1150,4393,6.68567572794516,7.17692488660417,5.95912788908766,6.14134589502019,6.52459130434783,6.72784442522194,198
"201",2022,7,6.88235294117647,17,7.57142857142857,3.66666666666667,4,6.875,6.88461538461539,14,3,1,4,13,5560,3321,2239,744,1154,4406,6.68627707913669,7.17858795543511,5.95605625725771,6.13846774193549,6.52580589254766,6.72830698138901,199
"202",2022,8,7.295,20,7.18571428571429,7.55,7.45,8.16666666666667,7.14117647058824,14,6,4,3,17,5580,3335,2245,748,1157,4423,6.68845888172043,7.17861787106447,5.96031624053452,6.14548128342246,6.53006050129646,6.72989386389328,200
"203",2022,9,7.35714285714286,14,8,6.2,7,1,7.84615384615385,9,5,1,1,13,5594,3344,2250,749,1158,4436,6.69013238469789,7.18082852870813,5.96084887111111,6.14662216288385,6.52528497409327,6.73316513976555,201
"204",2022,10,6.77466666666667,15,8.724,5.8,6.66666666666667,6,7.05636363636364,5,10,3,4,11,5609,3349,2260,752,1162,4447,6.69035845248708,7.18313245744998,5.96013715044248,6.14869680851064,6.52347676419966,6.73396459635709,202
"205",2022,11,6.945,20,7.38571428571429,5.91666666666667,7.5,7.875,6.7125,14,6,2,4,16,5629,3363,2266,754,1166,4463,6.69126320127909,7.18397579542075,5.96002204766108,6.15228116710876,6.52811320754717,6.73388764508178,203
"206",2022,12,7.05769230769231,26,7.47368421052632,5.92857142857143,5.66666666666667,8.125,6.86363636363636,19,7,3,4,22,5655,3382,2273,757,1170,4485,6.69294793280283,7.18560337078652,5.95992519137704,6.15035667107002,6.53357264957265,6.73452409364548,204
