"","year","month","avg_rating","no_ratings","avg_rating_owned","avg_rating_not_owned","avg_rating_prev_owned","avg_rating_comment","avg_rating_no_comment","no_ratings_owned","no_ratings_not_owned","no_ratings_prev_owned","no_ratings_comment","no_ratings_no_comment","cum_no_ratings","cum_no_ratings_owned","cum_no_ratings_not_owned","cum_no_ratings_prev_owned","cum_no_ratings_comment","cum_no_ratings_no_comment","cum_avg_rating","cum_avg_rating_owned","cum_avg_rating_not_owned","cum_avg_rating_prev_owned","cum_avg_rating_comment","cum_avg_rating_no_comment","month_after_release"
"1",2001,6,10,1,10,NA,NA,10,NA,1,0,0,1,0,1,1,0,0,1,0,10,10,NA,NA,10,NA,1
"2",2001,8,6,1,NA,6,6,NA,6,0,1,1,0,1,2,1,1,1,1,1,8,10,6,6,10,6,3
"3",2001,9,6.5,2,6.5,NA,NA,NA,6.5,2,0,0,0,2,4,3,1,1,1,3,7.25,7.66666666666667,6,6,10,6.33333333333333,4
"4",2002,2,5.5,2,5.5,NA,NA,4,7,2,0,0,1,1,6,5,1,1,2,4,6.66666666666667,6.8,6,6,7,6.5,9
"5",2002,3,8.25,4,8.25,NA,NA,NA,8.25,4,0,0,0,4,10,9,1,1,2,8,7.3,7.44444444444444,6,6,7,7.375,10
"6",2002,4,6.83333333333333,3,7,6.5,NA,7.25,6,2,1,0,2,1,13,11,2,1,4,9,7.19230769230769,7.36363636363636,6.25,6,7.125,7.22222222222222,11
"7",2002,6,6.5,2,6.5,NA,NA,NA,6.5,2,0,0,0,2,15,13,2,1,4,11,7.1,7.23076923076923,6.25,6,7.125,7.09090909090909,13
"8",2002,7,6.5,2,6.5,NA,NA,NA,6.5,2,0,0,0,2,17,15,2,1,4,13,7.02941176470588,7.13333333333333,6.25,6,7.125,7,14
"9",2002,10,6,4,9,5,NA,7,5,1,3,0,2,2,21,16,5,1,6,15,6.83333333333333,7.25,5.5,6,7.08333333333333,6.73333333333333,17
"10",2002,11,7,3,7.5,6,NA,6.5,8,2,1,0,2,1,24,18,6,1,8,16,6.85416666666667,7.27777777777778,5.58333333333333,6,6.9375,6.8125,18
"11",2002,12,8,2,8,NA,NA,NA,8,2,0,0,0,2,26,20,6,1,8,18,6.94230769230769,7.35,5.58333333333333,6,6.9375,6.94444444444444,19
"12",2003,1,7,2,7,NA,NA,7,7,2,0,0,1,1,28,22,6,1,9,19,6.94642857142857,7.31818181818182,5.58333333333333,6,6.94444444444444,6.94736842105263,20
"13",2003,2,7,2,NA,7,NA,6,8,0,2,0,1,1,30,22,8,1,10,20,6.95,7.31818181818182,5.9375,6,6.85,7,21
"14",2003,3,8.5,2,8.5,NA,NA,8.5,NA,2,0,0,2,0,32,24,8,1,12,20,7.046875,7.41666666666667,5.9375,6,7.125,7,22
"15",2003,4,7.66666666666667,3,8.5,6,NA,8,7.5,2,1,0,1,2,35,26,9,1,13,22,7.1,7.5,5.94444444444444,6,7.19230769230769,7.04545454545455,23
"16",2003,5,7.66666666666667,3,9,7,NA,9,7,1,2,0,1,2,38,27,11,1,14,24,7.14473684210526,7.55555555555556,6.13636363636364,6,7.32142857142857,7.04166666666667,24
"17",2003,6,7.25,2,7.25,NA,NA,7.25,NA,2,0,0,2,0,40,29,11,1,16,24,7.15,7.53448275862069,6.13636363636364,6,7.3125,7.04166666666667,25
"18",2003,7,7.58333333333333,12,8.375,6,NA,8.8,6.71428571428571,8,4,0,5,7,52,37,15,1,21,31,7.25,7.71621621621622,6.1,6,7.66666666666667,6.96774193548387,26
"19",2003,8,7.71428571428571,7,8,7,NA,7.66666666666667,7.75,5,2,0,3,4,59,42,17,1,24,35,7.30508474576271,7.75,6.20588235294118,6,7.66666666666667,7.05714285714286,27
"20",2003,9,7,5,6.5,9,9,NA,7,4,1,1,0,5,64,46,18,2,24,40,7.28125,7.64130434782609,6.36111111111111,7.5,7.66666666666667,7.05,28
"21",2003,10,6.5,2,6.5,NA,NA,NA,6.5,2,0,0,0,2,66,48,18,2,24,42,7.25757575757576,7.59375,6.36111111111111,7.5,7.66666666666667,7.02380952380952,29
"22",2003,11,7.5,2,7,8,8,8,7,1,1,1,1,1,68,49,19,3,25,43,7.26470588235294,7.58163265306122,6.44736842105263,7.66666666666667,7.68,7.02325581395349,30
"23",2003,12,7.66666666666667,3,8.5,6,NA,NA,7.66666666666667,2,1,0,0,3,71,51,20,3,25,46,7.28169014084507,7.61764705882353,6.425,7.66666666666667,7.68,7.06521739130435,31
"24",2004,1,6.75,3,6.75,NA,NA,9,5.625,3,0,0,1,2,74,54,20,3,26,48,7.26013513513514,7.56944444444444,6.425,7.66666666666667,7.73076923076923,7.00520833333333,32
"25",2004,2,6.83333333333333,3,7,6.75,NA,7,6.75,1,2,0,1,2,77,55,22,3,27,50,7.24350649350649,7.55909090909091,6.45454545454545,7.66666666666667,7.7037037037037,6.995,33
"26",2004,3,7.57142857142857,7,8,6.5,7,7,7.66666666666667,5,2,1,1,6,84,60,24,4,28,56,7.27083333333333,7.59583333333333,6.45833333333333,7.5,7.67857142857143,7.06696428571429,34
"27",2004,4,7,2,7,NA,NA,NA,7,2,0,0,0,2,86,62,24,4,28,58,7.26453488372093,7.57661290322581,6.45833333333333,7.5,7.67857142857143,7.06465517241379,35
"28",2004,5,6,1,NA,6,NA,NA,6,0,1,0,0,1,87,62,25,4,28,59,7.25,7.57661290322581,6.44,7.5,7.67857142857143,7.04661016949153,36
"29",2004,6,8.5,2,8.5,NA,NA,8.5,NA,2,0,0,2,0,89,64,25,4,30,59,7.27808988764045,7.60546875,6.44,7.5,7.73333333333333,7.04661016949153,37
"30",2004,7,7.6,2,7.6,NA,NA,7,8.2,2,0,0,1,1,91,66,25,4,31,60,7.28516483516484,7.60530303030303,6.44,7.5,7.70967741935484,7.06583333333333,38
"31",2004,8,8,1,8,NA,NA,NA,8,1,0,0,0,1,92,67,25,4,31,61,7.2929347826087,7.61119402985075,6.44,7.5,7.70967741935484,7.08114754098361,39
"32",2004,9,8.14285714285714,7,8.2,8,NA,NA,8.14285714285714,5,2,0,0,7,99,72,27,4,31,68,7.3530303030303,7.65208333333333,6.55555555555556,7.5,7.70967741935484,7.19044117647059,40
"33",2004,10,7.33333333333333,3,7.33333333333333,NA,NA,7,7.5,3,0,0,1,2,102,75,27,4,32,70,7.35245098039216,7.63933333333333,6.55555555555556,7.5,7.6875,7.19928571428571,41
"34",2004,11,8.375,4,8.16666666666667,9,NA,8.375,NA,3,1,0,4,0,106,78,28,4,36,70,7.39103773584906,7.65961538461539,6.64285714285714,7.5,7.76388888888889,7.19928571428571,42
"35",2004,12,6,3,NA,6,NA,7,4,0,3,0,2,1,109,78,31,4,38,71,7.35275229357798,7.65961538461539,6.58064516129032,7.5,7.72368421052632,7.15422535211268,43
"36",2005,1,7,3,7,NA,NA,7,7,3,0,0,1,2,112,81,31,4,39,73,7.34330357142857,7.63518518518519,6.58064516129032,7.5,7.70512820512821,7.15,44
"37",2005,2,7.625,8,7.8,7.33333333333333,NA,7.66666666666667,7.6,5,3,0,3,5,120,86,34,4,42,78,7.36208333333333,7.64476744186047,6.64705882352941,7.5,7.70238095238095,7.17884615384615,45
"38",2005,3,7.18181818181818,11,7.57142857142857,6.5,7,7.2,7.16666666666667,7,4,1,5,6,131,93,38,5,47,84,7.3469465648855,7.63924731182796,6.63157894736842,7.4,7.64893617021277,7.17797619047619,46
"39",2005,4,7.2875,24,7.54615384615385,6.98181818181818,8,7.23846153846154,7.34545454545455,13,11,2,13,11,155,106,49,7,60,95,7.33774193548387,7.62783018867925,6.71020408163265,7.57142857142857,7.56,7.19736842105263,47
"40",2005,5,7.36787878787879,33,7.6456,6.5,6.5,7.37142857142857,7.36526315789474,25,8,1,14,19,188,131,57,8,74,114,7.34303191489362,7.6312213740458,6.68070175438597,7.4375,7.52432432432432,7.22535087719298,48
"41",2005,6,7.41346153846154,26,7.55434782608696,6.33333333333333,6,7.35,7.453125,23,3,1,10,16,214,154,60,9,84,130,7.35158878504673,7.61974025974026,6.66333333333333,7.27777777777778,7.50357142857143,7.25338461538462,49
"42",2005,7,7.71666666666667,18,7.76,7.5,NA,8,7.15,15,3,0,12,6,232,169,63,9,96,136,7.37991379310345,7.63218934911243,6.7031746031746,7.27777777777778,7.565625,7.24882352941176,50
"43",2005,8,7.35531914893617,47,7.81111111111111,5.86363636363636,NA,7.4551724137931,7.19444444444444,36,11,0,29,18,279,205,74,9,125,154,7.375770609319,7.66360975609756,6.57837837837838,7.27777777777778,7.54,7.24246753246753,51
"44",2005,9,7.53658536585366,41,7.60294117647059,7.21428571428571,6,7.63461538461539,7.36666666666667,34,7,1,26,15,320,239,81,10,151,169,7.396375,7.65497907949791,6.63333333333333,7.15,7.55629139072848,7.25349112426036,52
"45",2005,10,7.37333333333333,30,7.87272727272727,6,6.5,7.28,7.46666666666667,22,8,2,15,15,350,261,89,12,166,184,7.3944,7.67333333333333,6.57640449438202,7.04166666666667,7.53132530120482,7.27086956521739,53
"46",2005,11,7.14516129032258,31,7.5,6.76666666666667,6.75,7.56666666666667,6.75,16,15,2,15,16,381,277,104,14,181,200,7.37412073490814,7.66332129963899,6.60384615384615,7,7.53425414364641,7.2292,54
"47",2005,12,7.18918918918919,37,7.55769230769231,6.31818181818182,8,7.16666666666667,7.21875,26,11,1,21,16,418,303,115,15,202,216,7.35775119617225,7.65425742574257,6.57652173913043,7.06666666666667,7.4960396039604,7.22842592592593,55
"48",2006,1,7.29619565217391,46,7.41287878787879,7,8,7.25648148148148,7.35263157894737,33,13,2,27,19,464,336,128,17,229,235,7.35164870689655,7.6305505952381,6.61953125,7.17647058823529,7.46779475982533,7.23846808510638,56
"49",2006,2,7.57692307692308,26,8.10526315789474,6.14285714285714,NA,7.58333333333333,7.57142857142857,19,7,0,12,14,490,355,135,17,241,249,7.36360204081633,7.65595774647887,6.59481481481481,7.17647058823529,7.47354771784232,7.25718875502008,57
"50",2006,3,7.56944444444444,36,7.80357142857143,6.75,8,7.96153846153846,7.34782608695652,28,8,1,13,23,526,383,143,18,254,272,7.37769011406844,7.66674934725849,6.6034965034965,7.22222222222222,7.49852362204724,7.26485294117647,58
"51",2006,4,7.60714285714286,28,7.8125,6.375,NA,7.84375,7.29166666666667,24,4,0,16,12,554,407,147,18,270,284,7.38928700361011,7.67534398034398,6.59727891156463,7.22222222222222,7.51898148148148,7.26598591549296,59
"52",2006,5,7.47777777777778,36,7.55862068965517,7.14285714285714,NA,7.56428571428571,7.42272727272727,29,7,0,14,22,590,436,154,18,284,306,7.39468644067797,7.66758027522936,6.62207792207792,7.22222222222222,7.52121478873239,7.27725490196078,60
"53",2006,6,7.14634146341463,41,7.34375,6.44444444444444,7,7.14583333333333,7.14705882352941,32,9,1,24,17,631,468,163,19,308,323,7.3785499207607,7.64543803418803,6.61226993865031,7.21052631578947,7.49196428571429,7.27040247678019,61
"54",2006,7,7.40340909090909,44,7.71969696969697,6.45454545454545,8,7.88888888888889,7.06730769230769,33,11,1,18,26,675,501,174,20,326,349,7.38017037037037,7.65032934131737,6.60229885057471,7.25,7.51388036809816,7.25527220630372,62
"55",2006,8,7.18571428571429,35,7.32258064516129,6.125,NA,7.27083333333333,7,31,4,0,24,11,710,532,178,20,350,360,7.37058450704225,7.63123120300752,6.59157303370787,7.25,7.49721428571429,7.24747222222222,63
"56",2006,9,7.80142857142857,35,7.93035714285714,7.28571428571429,8,7.84375,7.76578947368421,28,7,1,16,19,745,560,185,21,366,379,7.3908255033557,7.6461875,6.61783783783784,7.28571428571429,7.51236338797814,7.27345646437995,64
"57",2006,10,7.27777777777778,45,7.5625,6.57692307692308,6.5,7.74,6.7,32,13,2,25,20,790,592,198,23,391,399,7.38438607594937,7.64166385135135,6.61515151515152,7.21739130434783,7.52691815856778,7.24471177944862,65
"58",2006,11,7.27450980392157,51,7.52564102564103,6.45833333333333,5.5,7.14,7.40384615384615,39,12,2,25,26,841,631,210,25,416,425,7.37772294887039,7.63449286846276,6.60619047619048,7.08,7.50366586538462,7.25444705882353,66
"59",2006,12,7.37027027027027,74,7.465,6.96428571428571,NA,7.20666666666667,7.48181818181818,60,14,0,30,44,915,691,224,25,446,469,7.37712021857923,7.61977568740955,6.62857142857143,7.08,7.48368834080717,7.27577825159915,67
"60",2007,1,7.19933333333333,75,7.39814814814815,6.68809523809524,6.65625,7.3359375,7.09767441860465,54,21,8,32,43,990,745,245,33,478,512,7.36365151515151,7.60371140939597,6.63367346938776,6.97727272727273,7.47379707112971,7.2608203125,68
"61",2007,2,7.25842676923077,65,7.45222222222222,6.822387,7.15,7.30555555555556,7.22494052631579,45,20,5,27,38,1055,790,265,38,505,550,7.35716847393365,7.59508227848101,6.647916,7,7.46480198019802,7.25834134545455,69
"62",2007,3,7.10666666666667,57,7.40756756756757,6.55,6.5,7.18181818181818,7.05942857142857,37,20,4,22,35,1112,827,285,42,527,585,7.34432800359712,7.58669286577993,6.64104470175439,6.95238095238095,7.45298861480076,7.24644058119658,70
"63",2007,4,6.975,50,7.09285714285714,6.7,6,6.93055555555556,7,35,15,1,18,32,1162,862,300,43,545,617,7.3284360929432,7.56664153132251,6.64399246666667,6.93023255813953,7.43573394495413,7.23365922204214,71
"64",2007,5,7.27604166666667,48,7.46212121212121,6.86666666666667,8,7.32142857142857,7.24074074074074,33,15,1,21,27,1210,895,315,44,566,644,7.32635763636364,7.56278770949721,6.654596,6.95454545454545,7.43149293286219,7.23395611801242,72
"65",2007,6,7.36805555555556,36,7.49782608695652,7.13846153846154,NA,7.66666666666667,7.21875,23,13,0,12,24,1246,918,328,44,578,668,7.32756239165329,7.56116013071895,6.67377359756098,6.95454545454545,7.43637543252595,7.23340979041916,73
"66",2007,7,7.33085106382979,47,7.55535714285714,7,7,7.55,7.16851851851852,28,19,2,20,27,1293,946,347,46,598,695,7.32768193348801,7.56098837209302,6.69163613832853,6.95652173913043,7.44017558528428,7.23088883453237,74
"67",2007,8,7.19375,48,7.20967741935484,7.16470588235294,8,7.14285714285714,7.21470588235294,31,17,2,14,34,1341,977,364,48,612,729,7.32288794929157,7.54984135107472,6.71373005494506,7,7.43337418300654,7.23013407407407,75
"68",2007,9,7.25909090909091,44,7.37894736842105,6.5,NA,7.25652173913043,7.26190476190476,38,6,0,23,21,1385,1015,370,48,635,750,7.32086118411552,7.54344334975369,6.71026416216216,7,7.42696850393701,7.23102365333333,76
"69",2007,10,7.13076923076923,65,7.34444444444444,6.65,6.875,7.44827586206897,6.875,45,20,4,29,36,1450,1060,390,52,664,786,7.31233982068965,7.53499528301887,6.70717369230769,6.99038461538461,7.42789909638554,7.2147172264631,77
"70",2007,11,7.22727272727273,66,7.36,6.94285714285714,7.1,7.58064516129032,6.91428571428571,45,21,5,31,35,1516,1105,411,57,695,821,7.30863637203166,7.52786877828054,6.71921591240876,7,7.43471223021583,7.20190954933009,78
"71",2007,12,7.33529411764706,102,7.43292682926829,6.935,7,7.478,7.19807692307692,82,20,1,50,52,1618,1187,431,58,745,873,7.3103168974042,7.5213100252738,6.72922909512761,7,7.43761744966443,7.20168126002291,79
"72",2008,1,7.24056603773585,106,7.49350649350649,6.56896551724138,6.41666666666667,7.48478260869565,7.05333333333333,77,29,6,46,60,1724,1264,460,64,791,933,7.30602827146172,7.51961629746835,6.71912552173913,6.9453125,7.4403603034134,7.19214120042872,80
"73",2008,2,7.26697368421053,76,7.5258,6.76923076923077,7.75,7.40789473684211,7.12605263157895,50,26,6,38,38,1800,1314,486,70,829,971,7.3043793,7.51985159817352,6.72180604938272,7.01428571428571,7.43887213510253,7.18955483007209,81
"74",2008,3,7.30759493670886,79,7.636,6.74137931034483,7.2,7.13837209302326,7.50972222222222,50,29,5,43,36,1879,1364,515,75,872,1007,7.30451449707291,7.52410923753666,6.72290823300971,7.02666666666667,7.42405389908257,7.20100073485601,82
"75",2008,4,7.11,55,7.31756756756757,6.68333333333333,7,7.35,7.02,37,18,2,15,40,1934,1401,533,77,887,1047,7.2989828024819,7.5186545324768,6.72157174484053,7.02597402597403,7.422801578354,7.19408571155683,83
"76",2008,5,7.17049180327869,61,7.55333333333333,6.09375,6.25,7.30892857142857,7.0530303030303,45,16,2,28,33,1995,1446,549,79,915,1080,7.29505400501253,7.51973374827109,6.703274571949,7.00632911392405,7.41931693989071,7.18977568518519,84
"77",2008,6,7.43529852941176,68,7.52545454545455,7.05386923076923,7.5,7.80000857142857,7.04848484848485,55,13,1,35,33,2063,1501,562,80,950,1113,7.29967670382937,7.51994337108594,6.71138441281139,7.0125,7.43334242105263,7.1855864690027,85
"78",2008,7,7.28333333333333,72,7.48620689655172,6.44285714285714,5.92857142857143,7.421875,7.1725,58,14,7,32,40,2135,1559,576,87,982,1153,7.29912554566744,7.51868826170622,6.70485770833333,6.92528735632184,7.43296873727087,7.18513247181266,86
"79",2008,8,7.26013513513514,74,7.54607843137255,6.62608695652174,6.33333333333333,7.31081081081081,7.20945945945946,51,23,3,37,37,2209,1610,599,90,1019,1190,7.29781939339067,7.51955590062112,6.70183312186978,6.90555555555556,7.42853316977429,7.18588885714286,87
"80",2008,9,7.05980392156863,51,7.51071428571429,6.51086956521739,7,7.16176470588235,7.00882352941176,28,23,3,17,34,2260,1638,622,93,1036,1224,7.29244824778761,7.51940476190476,6.69477176848875,6.90860215053763,7.42415569498069,7.18097037581699,88
"81",2008,10,7.22741935483871,62,7.38604651162791,6.86842105263158,7.2,7.19565217391304,7.24615384615385,43,19,5,23,39,2322,1681,641,98,1059,1263,7.29071190353144,7.51599345627603,6.69991893915757,6.9234693877551,7.41919291784702,7.18298316706255,89
"82",2008,11,6.97183098591549,71,7.36511627906977,6.36785714285714,6,7.42777777777778,6.81698113207547,43,28,3,18,53,2393,1724,669,101,1077,1316,7.28125074801504,7.51223027842227,6.68602098654709,6.8960396039604,7.41933639740018,7.16824296352584,90
"83",2008,12,7.09342105263158,76,7.28490566037736,6.65217391304348,6.5,6.86923076923077,7.21,53,23,7,26,50,2469,1777,692,108,1103,1366,7.27546903199676,7.50545019696117,6.6848960115607,6.87037037037037,7.40636926563917,7.16977140556369,91
"84",2009,1,6.98955223880597,67,7.33414634146341,6.44615384615385,6.5,7.04444444444444,6.9525,41,26,8,27,40,2536,1818,718,116,1130,1406,7.26791523659306,7.50158690869087,6.67625075208914,6.8448275862069,7.39772150442478,7.16359014224751,92
"85",2009,2,7.00296610169492,118,7.24934210526316,6.55714285714286,6.25,6.97586206896552,7.01179775280899,76,42,10,29,89,2654,1894,760,126,1159,1495,7.25613528259231,7.4914651531151,6.66966847368421,6.79761904761905,7.3871659188956,7.1545536722408,93
"86",2009,3,7.01980198019802,101,7.02769230769231,7.00555555555556,7.13333333333333,7.23214285714286,6.93835616438356,65,36,9,28,73,2755,1959,796,135,1187,1568,7.24747115789473,7.47607708014293,6.68485934673367,6.82,7.38350909856782,7.14448835459184,94
"87",2009,4,7.07526403846154,104,7.33225806451613,6.6958919047619,6.78571428571429,7.34931696969697,6.94788732394366,62,42,7,33,71,2859,2021,838,142,1220,1639,7.24120689052116,7.47166501731816,6.68541229116945,6.81830985915493,7.3825842295082,7.13597177547285,95
"88",2009,5,7.0890243902439,82,7.43265306122449,6.57878787878788,6.28571428571429,7.47222222222222,6.90090909090909,49,33,7,27,55,2941,2070,871,149,1247,1694,7.23696378782727,7.47074154589372,6.68137256027555,6.79328859060403,7.38452506816359,7.12833987012987,96
"89",2009,6,7.08924050632911,79,7.37264150943396,6.51153846153846,6.16666666666667,7.39833333333333,6.9,53,26,3,30,49,3020,2123,897,152,1277,1743,7.23309950331126,7.46829251059821,6.67644983277592,6.78092105263158,7.3848494596711,7.12192067699369,97
"90",2009,7,7.09343434343434,99,7.28306451612903,6.77567567567568,6.57,7.09,7.0953125,62,37,10,35,64,3119,2185,934,162,1312,1807,7.22866639948701,7.46303661327231,6.68038062098501,6.7679012345679,7.37698381097561,7.12097827338129,98
"91",2009,8,7.07109375,64,7.39393939393939,6.72741935483871,6.28333333333333,6.80384615384615,7.25394736842105,33,31,12,26,38,3183,2218,965,174,1338,1845,7.22549811498586,7.46200856627592,6.68189170984456,6.73448275862069,7.36584660687593,7.12371693224932,99
"92",2009,9,7.10163043478261,92,7.24830508474576,6.83939393939394,6.78571428571429,7.325,7.02279411764706,59,33,7,24,68,3275,2277,998,181,1362,1913,7.22201847328244,7.45647123407993,6.6870996993988,6.73646408839779,7.36512684287812,7.1201295033978,100
"93",2009,10,7.25824742268041,97,7.58095238095238,6.66029411764706,6.83333333333333,7.40540540540541,7.1675,63,34,6,37,60,3372,2340,1032,187,1399,1973,7.22306064650059,7.45982264957265,6.68621656976744,6.73957219251337,7.36619210864903,7.12157006588951,101
"94",2009,11,7.20420168067227,119,7.39878048780488,6.77297297297297,6.675,7.4,7.11585365853659,82,37,8,37,82,3491,2422,1069,195,1436,2055,7.22241778859925,7.45775598678778,6.68921936389149,6.73692307692308,7.36706320334262,7.12134196593674,102
"95",2009,12,7.13287037037037,108,7.56209677419355,6.55434782608696,7.0625,7.36857142857143,7.01986301369863,62,46,8,35,73,3599,2484,1115,203,1471,2128,7.21973061961656,7.46036030595813,6.68365515695067,6.74975369458128,7.36709908905506,7.11786078007519,103
"96",2010,1,7.21896551724138,116,7.42,6.91304347826087,6.72222222222222,7.07758620689655,7.26609195402299,70,46,9,29,87,3715,2554,1161,212,1500,2215,7.2197067294751,7.45925411119812,6.69274375538329,6.74858490566038,7.36150184,7.12368295259594,104
"97",2010,2,7.00679012345679,81,7.41463414634146,6.58875,6.85714285714286,7.28260869565217,6.89741379310345,41,40,7,23,58,3796,2595,1201,219,1523,2273,7.21516346153846,7.45854913294798,6.68928018318068,6.75205479452055,7.36031041365725,7.11790925648922,105
"98",2010,3,7.0695652173913,69,7.3825,6.63793103448276,7,7.34615384615385,7.00535714285714,40,29,6,13,56,3865,2635,1230,225,1536,2329,7.21256416558861,7.45739468690702,6.68806951219512,6.75866666666667,7.36019059895833,7.11520297981966,106
"99",2010,4,7.14647887323944,71,7.46521739130435,6.56,6,7.18260869565217,7.12916666666667,46,25,1,23,48,3936,2681,1255,226,1559,2377,7.21137207825203,7.45752890712421,6.68551832669323,6.75530973451328,7.3575707248236,7.11548495582667,107
"100",2010,5,7.28101265822785,79,7.72156862745098,6.47857142857143,6.63333333333333,7.58148148148148,7.125,51,28,6,27,52,4015,2732,1283,232,1586,2429,7.21274234122042,7.46245790629575,6.68100194855807,6.75215517241379,7.36138257250946,7.11568865376698,108
"101",2010,6,6.99833333333333,60,7.44722222222222,6.325,7,7.35,6.928,36,24,1,10,50,4075,2768,1307,233,1596,2479,7.209585398773,7.46225975433526,6.67446480489671,6.75321888412017,7.36131125313283,7.11190308188786,109
"102",2010,7,6.79384615384615,65,7.21621621621622,6.23571428571429,6.92857142857143,6.83333333333333,6.77872340425532,37,28,7,18,47,4140,2805,1335,240,1614,2526,7.20305809178744,7.45901426024955,6.66526254681648,6.75833333333333,7.35542302354399,7.10570377672209,110
"103",2010,8,7.04140625,64,7.51463414634146,6.19782608695652,6.66666666666667,7.07,7.02307692307692,41,23,3,25,39,4204,2846,1358,243,1639,2565,7.20059716936251,7.45981553056922,6.65734572901326,6.75720164609054,7.35106940817572,7.1044474619883,111
"104",2010,9,7.03333333333333,60,7.3,6.5,6.75,7.33636363636364,6.85789473684211,40,20,4,22,38,4264,2886,1378,247,1661,2603,7.19824355065666,7.45760048510048,6.65506204644412,6.75708502024292,7.35087462974112,7.10084815213215,112
"105",2010,10,7.07307692307692,65,7.38690476190476,6.5,6.9,7.35714285714286,6.9375,42,23,5,21,44,4329,2928,1401,252,1682,2647,7.19636417186417,7.45658640710383,6.65251641684511,6.75992063492064,7.35095288941736,7.0981328825085,113
"106",2010,11,7.04157303370787,89,7.33725490196078,6.64473684210526,6.50714285714286,7.04347826086957,7.04090909090909,51,38,14,23,66,4418,2979,1439,266,1705,2713,7.19324592575826,7.45454347096341,6.65231097984712,6.74661654135338,7.34680513782991,7.09674078142278,114
"107",2010,12,7.37528735632184,87,7.7078431372549,6.90416666666667,6.36363636363636,7.85416666666667,7.19285714285714,51,36,11,24,63,4505,3030,1475,277,1729,2776,7.1967614872364,7.45880693069307,6.65845796610169,6.73140794223827,7.35384775014459,7.09892209654179,115
"108",2011,1,6.93809523809524,63,7.24545454545455,6.6,7.5,7.16153846153846,6.88,33,30,2,13,50,4568,3063,1505,279,1742,2826,7.19319406742557,7.4565083251714,6.6572926910299,6.73691756272401,7.35241260619977,7.09504874026893,116
"109",2011,2,7.2720202020202,99,7.50377049180328,6.9,7,7.18896551724138,7.30642857142857,61,38,6,29,70,4667,3124,1543,285,1771,2896,7.19486618812942,7.45743117797695,6.66326992871031,6.74245614035088,7.34973617165443,7.10015805939226,117
"110",2011,3,7.18933333333333,75,7.30462962962963,6.89285714285714,6.60714285714286,7.21296296296296,7.17604166666667,54,21,7,27,48,4742,3178,1564,292,1798,2944,7.1947786798819,7.45483480176211,6.66635262148338,6.73921232876712,7.34768229143493,7.10139529211957,118
"111",2011,4,7.19206349206349,63,7.5125,6.63478260869565,6.4,7.5,7.03809523809524,40,23,5,21,42,4805,3218,1587,297,1819,2986,7.19474308012487,7.4555515848353,6.66589508506616,6.73350168350168,7.34944076965365,7.10050493636972,119
"112",2011,5,7.12975308641975,81,7.42156862745098,6.63366666666667,6,7.25,7.08491525423729,51,30,5,22,59,4886,3269,1617,302,1841,3045,7.19366567744576,7.45502141327623,6.66529715522573,6.72135761589404,7.34825244975557,7.10020287027915,120
"113",2011,6,7.2078125,64,7.38673469387755,6.62333333333333,4,7.18421052631579,7.21777777777778,49,15,1,19,45,4950,3318,1632,303,1860,3090,7.19384858585858,7.45401295961422,6.66491145833333,6.71237623762376,7.34657675268817,7.10191512621359,121
"114",2011,7,7.27571428571429,70,7.65476190476191,6.70714285714286,7.05555555555556,7.52272727272727,7.1625,42,28,9,22,48,5020,3360,1660,312,1882,3138,7.19499013944223,7.45652232142857,6.66562379518072,6.72227564102564,7.34863589798087,7.10284185468451,122
"115",2011,8,7.16119402985075,67,7.53555555555556,6.39545454545455,7.25,7.7,6.84047619047619,45,22,6,25,42,5087,3405,1682,318,1907,3180,7.19454501670926,7.45756681350954,6.66209007134364,6.73223270440252,7.3532421394861,7.09937664779874,123
"116",2011,9,7.05925925925926,81,7.38653846153846,6.47241379310345,6.5,7.02083333333333,7.07543859649123,52,29,4,24,57,5168,3457,1711,322,1931,3237,7.19242463235294,7.45649840902516,6.65887521917008,6.72934782608696,7.34911069911963,7.09895512511585,124
"117",2011,10,7.07337662337662,77,7.27307692307692,6.658,6.6,7.01428571428571,7.09553571428571,52,25,3,21,56,5245,3509,1736,325,1952,3293,7.19067693040991,7.45378027928184,6.65886261520738,6.72815384615385,7.34550858606557,7.09889697540237,125
"118",2011,11,7.20977011494253,87,7.49181818181818,6.725,7,7.42857142857143,7.14015151515152,55,32,5,21,66,5332,3564,1768,330,1973,3359,7.19098846586647,7.45436728395062,6.6600596719457,6.73227272727273,7.34639268119615,7.09970757368264,126
"119",2011,12,7.28387096774194,93,7.41641791044776,6.94230769230769,6.6,7.7037037037037,7.11212121212121,67,26,5,27,66,5425,3631,1794,335,2000,3425,7.19258073732719,7.45366703387496,6.66415022296544,6.73029850746269,7.35121638,7.09994678540146,127
"120",2012,1,6.94583333333333,108,7.37253521126761,6.12702702702703,5.35714285714286,7.02307692307692,6.90217391304348,71,37,7,39,69,5533,3702,1831,342,2039,3494,7.18776441351889,7.45211102106969,6.65329628618242,6.70219298245614,7.34494004904365,7.09604113909559,128
"121",2012,2,6.97534246575342,73,7.19767441860465,6.65666666666667,6.875,7.53571428571429,6.84237288135593,43,30,4,14,59,5606,3745,1861,346,2053,3553,7.18499830538709,7.44918958611482,6.65335061794734,6.70419075144509,7.3462409936678,7.09182880382775,129
"122",2012,3,7.00897435897436,78,7.48260869565217,6.328125,6.9,6.99333333333333,7.01269841269841,46,32,10,15,63,5684,3791,1893,356,2068,3616,7.18258277621393,7.44959509364284,6.647852879028,6.70969101123596,7.34368121856866,7.09045014933628,130
"123",2012,4,7.15357142857143,84,7.64444444444444,6.27,5.66666666666667,7.56296296296296,6.95964912280702,54,30,3,27,57,5768,3845,1923,359,2095,3673,7.18216028085992,7.45233159947984,6.64195813832554,6.70097493036212,7.34650728400954,7.08842029403757,131
"124",2012,5,7.12985074626866,67,7.46170212765957,6.35,6.75,7.16666666666667,7.11304347826087,47,20,4,21,46,5835,3892,1943,363,2116,3719,7.18155964010283,7.45244475847893,6.63895290787442,6.70151515151515,7.34472247637051,7.08872485614412,132
"125",2012,6,7.30268656716418,67,7.60955555555556,6.675,6.89285714285714,7.56277777777778,7.20714285714286,45,22,7,18,49,5902,3937,1965,370,2134,3768,7.18293468315825,7.45424053848108,6.63935648854962,6.70513513513514,7.34656174320525,7.09026479299363,133
"126",2012,7,7.073125,80,7.28454545454545,6.608,6.5,7.53571428571429,6.90847457627119,55,25,6,21,59,5982,3992,1990,376,2155,3827,7.18146614844533,7.45190255511022,6.63896256281407,6.70186170212766,7.34840499303944,7.08746217402665,134
"127",2012,8,7.47464788732394,71,7.65777777777778,7.15769230769231,7.33333333333333,7.64642857142857,7.36279069767442,45,26,3,28,43,6053,4037,2016,379,2183,3870,7.18490508838592,7.45419742382958,6.64565252976191,6.70686015831135,7.35222755840586,7.09052137984496,135
"128",2012,9,7.33220338983051,59,7.64736842105263,6.76190476190476,7.16666666666667,7.4,7.31111111111111,38,21,3,14,45,6112,4075,2037,382,2197,3915,7.18632697971204,7.45599877300613,6.64685100638194,6.71047120418848,7.35253197997269,7.09305689399744,136
"129",2012,10,7.11781609195402,87,7.48303571428571,6.45806451612903,6.66666666666667,7.39285714285714,7.03030303030303,56,31,3,21,66,6199,4131,2068,385,2218,3981,7.18536546217132,7.45636528685548,6.64402103481625,6.71012987012987,7.35291377817854,7.09201651343883,137
"130",2012,11,7.27882352941177,85,7.63245614035088,6.55892857142857,5.9,7.5375,7.17704918032787,57,28,5,24,61,6284,4188,2096,390,2242,4042,7.18662961489497,7.45876193887297,6.64288430343512,6.69974358974359,7.35488972346119,7.09329978723404,138
"131",2012,12,7.28,95,7.53529411764706,6.63703703703704,6.14285714285714,7.2452380952381,7.28986486486486,68,27,7,21,74,6379,4256,2123,397,2263,4116,7.18802014422323,7.45998472744361,6.6428099387659,6.68992443324937,7.35387218736191,7.09683375607386,139
"132",2013,1,7.36636363636364,110,7.64805194805195,6.70909090909091,6.68181818181818,7.78,7.24470588235294,77,33,11,25,85,6489,4333,2156,408,2288,4201,7.19104338110649,7.4633267943688,6.64382444341373,6.68970588235294,7.3585283041958,7.09982569388241,140
"133",2013,2,7.07802197802198,91,7.39591836734694,6.70714285714286,6.8,7.15238095238095,7.05571428571429,49,42,10,21,70,6580,4382,2198,418,2309,4271,7.18948031914893,7.46257302601552,6.64503434940856,6.69234449760766,7.35665342572542,7.09910272535706,141
"134",2013,3,7.06346153846154,104,7.28257575757576,6.68289473684211,6.53571428571429,7.03125,7.073125,66,38,7,24,80,6684,4448,2236,425,2333,4351,7.18751952423698,7.45990220323741,6.64567777280859,6.68976470588235,7.35330594084869,7.09862508388876,142
"135",2013,4,7.26825396825397,63,7.5125,6.84347826086957,7.41666666666667,7.68181818181818,7.18076923076923,40,23,6,11,52,6747,4488,2259,431,2344,4403,7.18827338076182,7.46037098930481,6.64769167773351,6.69988399071926,7.35484759385665,7.09959521689757,143
"136",2013,5,7.24868421052632,76,7.46363636363636,6.68571428571429,6.375,7.34375,7.22333333333333,55,21,4,16,60,6823,4543,2280,435,2360,4463,7.18894628462553,7.46041052168171,6.64804188596492,6.69689655172414,7.3547723559322,7.10125873627605,144
"137",2013,6,7.1375,68,7.34230769230769,6.86206896551724,6.88,7.875,7.03916666666667,39,29,5,8,60,6891,4582,2309,440,2368,4523,7.18843861558554,7.45940528153645,6.65072996968385,6.69897727272727,7.35652988175676,7.10043505195666,145
"138",2013,7,7.08453608247423,97,7.46372549019608,6.66413043478261,7.06818181818182,6.97368421052632,7.11153846153846,51,46,11,19,78,6988,4633,2355,451,2387,4601,7.18699635088723,7.45945283833369,6.65099171974523,6.7079822616408,7.35348251361542,7.10062328624212,146
"139",2013,8,6.88602739726027,73,7.17860465116279,6.46666666666667,6.8,6.93307692307692,6.87583333333333,43,30,5,13,60,7061,4676,2385,456,2400,4661,7.18388478968984,7.45687018819504,6.64867316561845,6.70899122807018,7.35120531666667,7.09772961596224,147
"140",2013,9,7.26086956521739,69,7.55434782608696,6.67391304347826,6.5,7.23076923076923,7.26785714285714,46,23,6,13,56,7130,4722,2408,462,2413,4717,7.18462980364656,7.45781977975434,6.64891424418605,6.70627705627706,7.35055646912557,7.09974936188255,148
"141",2013,10,7.25581395348837,86,7.656,6.7,7.22857142857143,7.6695652173913,7.1047619047619,50,36,7,23,63,7216,4772,2444,469,2436,4780,7.18547817350332,7.4598962699078,6.64966673486089,6.71407249466951,7.35356845648604,7.09981542677824,149
"142",2013,11,7.25794392523365,107,7.58153846153846,6.75714285714286,6.59090909090909,7.2,7.27560975609756,65,42,11,25,82,7323,4837,2486,480,2461,4862,7.18653700669124,7.46153090758735,6.65148250201127,6.71125,7.35200843559529,7.10278028383381,150
"143",2013,12,7.38,115,7.75853658536585,6.43939393939394,6.57142857142857,7.75555555555556,7.26477272727273,82,33,7,27,88,7438,4919,2519,487,2488,4950,7.1895281661737,7.46648200853832,6.64870404922589,6.70924024640657,7.35638776527331,7.10566014949495,151
"144",2014,1,7.43727272727273,143,7.66855769230769,6.82051282051282,6.57777777777778,7.63075,7.3621359223301,104,39,9,40,103,7581,5023,2558,496,2528,5053,7.1942013586598,7.47066593669122,6.65132349491791,6.70685483870968,7.36072893987342,7.11088813378191,152
"145",2014,2,7.21540740740741,135,7.51647058823529,6.7036,6.92857142857143,7.15869565217391,7.22705357142857,85,50,7,23,112,7716,5108,2608,503,2551,5165,7.19457238206324,7.47142815191856,6.65232572852761,6.70994035785288,7.35890739317915,7.11340711326234,153
"146",2014,3,7.33761467889908,109,7.63461538461539,6.59032258064516,6.38888888888889,7.51538461538462,7.31354166666667,78,31,9,13,96,7825,5186,2639,512,2564,5261,7.19656492012779,7.47388256845353,6.65159738537325,6.704296875,7.35970076443058,7.11705906481657,154
"147",2014,4,7.32255208333333,96,7.64107142857143,6.876625,7.4125,7.6304347826087,7.22554794520548,56,40,8,23,73,7921,5242,2679,520,2587,5334,7.19809184446408,7.47566863792446,6.65495726017171,6.71519230769231,7.36210775415539,7.1185438207724,155
"148",2014,5,7.25304347826087,115,7.49230769230769,6.74864864864865,6.30555555555556,7.48548387096774,7.1672619047619,78,37,9,31,84,8036,5320,2716,529,2618,5418,7.19887823544051,7.47591259398496,6.6562336156112,6.70822306238185,7.36356866310161,7.11929913990402,156
"149",2014,6,7.31292134831461,89,7.44583333333333,7.03793103448276,6.8,7.59772727272727,7.21940298507463,60,29,5,22,67,8125,5380,2745,534,2640,5485,7.20012744615384,7.47557713754647,6.66026612021858,6.70908239700375,7.36551998484849,7.12052192160437,157
"150",2014,7,7.20350427350427,117,7.60835443037975,6.36184210526316,7.07769230769231,7.224,7.1979347826087,79,38,13,25,92,8242,5459,2783,547,2665,5577,7.20017538218879,7.477498626122,6.65619134028027,6.71784277879342,7.36419240525328,7.12179894925587,158
"151",2014,8,7.3125,124,7.54915662650602,6.83341463414634,7.0125,7.67666666666667,7.19627659574468,83,41,8,30,94,8366,5542,2824,555,2695,5671,7.20184024623476,7.47857181522916,6.65876434135977,6.72209009009009,7.36767078293135,7.12303345794392,159
"152",2014,9,7.12,95,7.55408163265306,6.65760869565217,6.31111111111111,7.03076923076923,7.13414634146341,49,46,9,13,82,8461,5591,2870,564,2708,5753,7.20092134499468,7.47923358969773,6.65874581881533,6.71553191489362,7.36605345642541,7.12319185468451,160
"153",2014,10,7.3114406779661,118,7.554375,6.8,6.77777777777778,7.35,7.30159574468085,80,38,9,24,94,8579,5671,2908,573,2732,5847,7.20244148502156,7.48029359901252,6.66059164374141,6.71650959860384,7.36591243045388,7.12605998631777,161
"154",2014,11,7.23754098360656,122,7.54205128205128,6.69772727272727,6.95,7.43173913043478,7.19242424242424,78,44,12,23,99,8701,5749,2952,585,2755,5946,7.20293362831858,7.48113150113063,6.66114515582656,6.72129914529915,7.36646198185118,7.1271649411369,162
"155",2014,12,7.4262,150,7.6983,6.882,6.85333333333333,7.86655172413793,7.32066115702479,100,50,15,29,121,8851,5849,3002,600,2784,6067,7.20671737656762,7.48484441784921,6.66482361758828,6.7246,7.37167125,7.13102402175705,163
"156",2015,1,7.29545454545455,165,7.58660714285714,6.68018867924528,6.81176470588235,7.57428571428571,7.22038461538462,112,53,17,35,130,9016,5961,3055,617,2819,6197,7.208341337622,7.48675641670861,6.66509018003273,6.72700162074554,7.37418686058886,7.13289861868646,164
"157",2015,2,7.30090163934426,122,7.4461797752809,6.90909090909091,7.08333333333333,7.52772727272727,7.251,89,33,6,22,100,9138,6050,3088,623,2841,6297,7.20957709564456,7.48615950413223,6.6676977007772,6.73043338683788,7.37537583949314,7.13477413689058,165
"158",2015,3,7.11283088235294,136,7.41457317073171,6.65462962962963,6.65333333333333,7.24770833333333,7.08392857142857,82,54,15,24,112,9274,6132,3142,638,2865,6409,7.2081583459133,7.48520221787345,6.66747310630172,6.72862068965517,7.37430637347295,7.13388558901545,166
"159",2015,4,7.12920634920635,126,7.43734939759036,6.53441860465116,6.21428571428571,7.37758620689655,7.05494845360825,83,43,7,29,97,9400,6215,3185,645,2894,6506,7.20710005319149,7.4845631536605,6.66567676609105,6.72303875968992,7.3743392398065,7.13270869043959,167
"160",2015,5,6.99032258064516,93,7.26935483870968,6.43225806451613,6.57142857142857,7.30882352941176,6.91907894736842,62,31,7,17,76,9493,6277,3216,652,2911,6582,7.20497635099547,7.48243747012904,6.66342677238806,6.72141104294479,7.37395663345929,7.13024198419933,168
"161",2015,6,6.96225,96,7.37541935483871,6.20882352941176,6.025,6.62845454545455,7.06148648648649,62,34,12,22,74,9589,6339,3250,664,2933,6656,7.20254630305558,7.48139075563969,6.65867092307692,6.70882530120482,7.36836473235595,7.12947757512019,169
"162",2015,7,7.14451612903226,124,7.44342105263158,6.67125,6.62,7.52384615384615,7.04387755102041,76,48,10,26,98,9713,6415,3298,674,2959,6754,7.20180546690003,7.48094091971941,6.65885400242571,6.70750741839763,7.36973090909091,7.12823552561445,170
"163",2015,8,7.02772727272727,110,7.25466666666667,6.54142857142857,5.87857142857143,6.97,7.03684210526316,75,35,7,15,95,9823,6490,3333,681,2974,6849,7.19985610302352,7.47832604006163,6.65762091209121,6.69898678414097,7.36771478143914,7.12696784056067,171
"164",2015,9,7.22634782608696,115,7.56458333333333,6.66,6.98333333333333,7.40185185185185,7.1725,72,43,6,27,88,9938,6562,3376,687,3001,6937,7.20016265848259,7.47927247790308,6.65765121445498,6.70147016011645,7.36802191269577,7.12754544327519,172
"165",2015,10,7.26827272727273,110,7.60295774647887,6.65897435897436,6.9375,7.5405,7.20777777777778,71,39,8,20,90,10048,6633,3415,695,3021,7027,7.20090829020701,7.48059641187999,6.6576663250366,6.70418705035971,7.36916377358491,7.12857303828092,173
"166",2015,11,6.93547337278106,169,7.36889473684211,6.37905405405405,6.825,7.18695652173913,6.89585616438356,95,74,10,23,146,10217,6728,3489,705,3044,7173,7.19651771557209,7.47901917360285,6.65175709372313,6.70590070921986,7.367787043364,7.12383629443747,174
"167",2015,12,7.24594285714286,175,7.52008403361345,6.66339285714286,6.72307692307692,7.0684375,7.28566433566434,119,56,13,32,143,10392,6847,3545,718,3076,7316,7.19735002886836,7.47973287571199,6.65194090267983,6.70621169916434,7.36467287386216,7.1269994177146,175
"168",2016,1,7.2231308411215,214,7.44520547945205,6.74632352941176,6.65,7.62222222222222,7.14241573033708,146,68,10,36,178,10606,6993,3613,728,3112,7494,7.19787021497266,7.47901201201201,6.65371727096596,6.70543956043956,7.36765223650386,7.12736559113958,176
"169",2016,2,7.22781690140845,142,7.41571428571429,6.69459459459459,6.38888888888889,7.3,7.21239316239316,105,37,9,25,117,10748,7098,3650,737,3137,7611,7.19826586341645,7.47807565511412,6.65413164383562,6.70157394843962,7.36711308893848,7.12867267638944,177
"170",2016,3,7.25881118881119,143,7.5669387755102,6.58777777777778,6.65,7.37826086956522,7.23591666666667,98,45,8,23,120,10891,7196,3695,745,3160,7731,7.19906083004315,7.47928585325181,6.65332354533153,6.70102013422819,7.3671942278481,7.13033730953305,178
"171",2016,4,7.26833333333333,162,7.5673786407767,6.74627118644068,7.05214285714286,7.41178571428571,7.23835820895522,103,59,14,28,134,11053,7299,3754,759,3188,7865,7.20007613317651,7.48052897657213,6.65478436334577,6.70749670619236,7.36758587202008,7.13217771646535,179
"172",2016,5,7.27165605095541,157,7.56559633027523,6.60416666666667,6.61111111111111,7.62083333333333,7.20864661654135,109,48,9,24,133,11210,7408,3802,768,3212,7998,7.20107863514719,7.4817806425486,6.65414531825355,6.7063671875,7.36947813200498,7.13344932983246,180
"173",2016,6,7.26106666666667,150,7.54233009708738,6.64468085106383,6.3,7.80357142857143,7.13655737704918,103,47,10,28,122,11360,7511,3849,778,3240,8120,7.2018707306338,7.48261097057649,6.65402974798649,6.70114395886889,7.37322955555556,7.1334960270936,181
"174",2016,7,7.3092774566474,173,7.62860169491525,6.62418181818182,6.725,7.87173913043478,7.22303333333333,118,55,12,23,150,11533,7629,3904,790,3263,8270,7.20348187808896,7.48486905230043,6.65360924692623,6.70150632911392,7.37674341403616,7.13512004111245,182
"175",2016,8,7.23016759776536,179,7.56111111111111,6.72676056338028,6.35,7.52962962962963,7.17697368421053,108,71,10,27,152,11712,7737,3975,800,3290,8422,7.20388972848361,7.48593330748352,6.65491584905661,6.6971125,7.37799810334347,7.13587541439088,183
"176",2016,9,7.34630681818182,176,7.66495327102804,6.85217391304348,6.87777777777778,7.70384615384615,7.28433333333333,107,69,9,26,150,11888,7844,4044,809,3316,8572,7.20599819145357,7.48837531871494,6.65828152818991,6.69912237330037,7.38055300361882,7.13847325478301,184
"177",2016,10,7.33106305555556,180,7.63690210084034,6.7344262295082,6.5,7.36944444444444,7.32146770833333,119,61,13,36,144,12068,7963,4105,822,3352,8716,7.20786359380179,7.49059492025618,6.65941303288673,6.69597323600973,7.38043369928401,7.14149656837999,185
"178",2016,11,7.26688888888889,225,7.52211538461538,6.68985507246377,6.57692307692308,7.48536585365854,7.21820652173913,156,69,13,41,184,12293,8119,4174,835,3393,8900,7.20894393964045,7.49120056041384,6.65991626736943,6.69411976047904,7.38170166814029,7.14308248202247,186
"179",2016,12,7.10701421800948,211,7.42978102189781,6.50945945945946,6.4,7.01428571428571,7.12545454545455,137,74,15,35,176,12504,8256,4248,850,3428,9076,7.20722391634677,7.49018136506783,6.65729531544256,6.6889294117647,7.37795033838973,7.14274064455707,187
"180",2017,1,7.20267399267399,273,7.47061452513966,6.69244680851064,6.266,7.37651162790698,7.17017391304348,179,94,15,43,230,12777,8435,4342,865,3471,9306,7.20712670032089,7.48976613515115,6.65805631045601,6.68159537572254,7.37793251512532,7.1434186643026,188
"181",2017,2,7.17511111111111,225,7.46979865771812,6.59736842105263,6.97272727272727,7.53928571428571,7.12335025380711,149,76,11,28,197,13002,8584,4418,876,3499,9503,7.20657266958929,7.48941954217148,6.6570123358986,6.68525114155251,7.37922370963132,7.14300264021888,189
"182",2017,3,7.37960674157303,178,7.56151260504202,7.01271186440678,7.375,7.60555555555556,7.33920529801324,119,59,8,27,151,13180,8703,4477,884,3526,9654,7.20890954855842,7.49040530276916,6.66169991065446,6.69149321266968,7.38095682359614,7.14607148228714,190
"183",2017,4,7.20329949238579,197,7.37814814814815,6.82258064516129,6.73333333333333,7.725,7.0703821656051,135,62,12,40,157,13377,8838,4539,896,3566,9811,7.20882693055244,7.48869058044806,6.66389744437101,6.69205357142857,7.38481597307908,7.14486026806646,191
"184",2017,5,7.35148148148148,189,7.53697478991597,7.03614285714286,7.40454545454545,7.70714285714286,7.28962732919255,119,70,11,28,161,13566,8957,4609,907,3594,9972,7.2108143778564,7.48933206988947,6.66955098719896,6.70069459757442,7.38732714524207,7.14719756217409,192
"185",2017,6,7.23222891566265,166,7.4712962962963,6.78706896551724,6.35714285714286,6.85925925925926,7.30467625899281,108,58,7,27,139,13732,9065,4667,914,3621,10111,7.21107324861637,7.48911719249862,6.6710114634669,6.69806345733041,7.38338960508147,7.14936248541193,193
"186",2017,7,7.30212121212121,165,7.496875,6.89056603773585,6.78333333333333,7.73846153846154,7.26480263157895,112,53,6,13,152,13897,9177,4720,920,3634,10263,7.21215426710801,7.48921187207148,6.67347680084746,6.69861956521739,7.38465981287837,7.15107220988016,194
"187",2017,8,7.23407582938389,211,7.45108527131783,6.89268292682927,6.94,7.45588235294118,7.19146892655367,129,82,15,34,177,14108,9306,4802,935,3668,10440,7.21248212716189,7.48868336019772,6.6772200124948,6.70249197860962,7.38532,7.1517570967433,195
"188",2017,9,7.1866081871345,171,7.45406504065041,6.50125,6.85,7.575,7.07563909774436,123,48,6,38,133,14279,9429,4850,941,3706,10573,7.21217227046712,7.4882317690105,6.67547845360825,6.70343251859724,7.38726491095521,7.1507995923579,196
"189",2017,10,7.18439024390244,205,7.28419117647059,6.98768115942029,6.77777777777778,7.319375,7.15942196531792,136,69,9,32,173,14484,9565,4919,950,3738,10746,7.21177905619995,7.4853306168322,6.67985779630006,6.70413684210526,7.38668372391653,7.15093840405733,197
"190",2017,11,7.06854460093897,213,7.51219512195122,6.46222222222222,6.42857142857143,7.44210526315789,6.98742857142857,123,90,14,38,175,14697,9688,5009,964,3776,10921,7.2097031945295,7.48567169178365,6.67594739468956,6.70013485477178,7.38724146186441,7.14831829411226,198
"191",2017,12,7.25365671641791,201,7.51911538461538,6.76760563380282,6.58125,7.44210526315789,7.20972392638037,130,71,16,38,163,14898,9818,5080,980,3814,11084,7.21029620418848,7.48611451925035,6.67722844488189,6.69819387755102,7.38778808599895,7.14922131811621,199
"192",2018,1,7.24370078740157,254,7.42191256830601,6.7843661971831,6.47647058823529,7.45192307692308,7.21995614035088,183,71,17,26,228,15152,10001,5151,997,3840,11312,7.21085618070222,7.4849397410259,6.67870520287323,6.69441323971916,7.38822233333333,7.15064701997879,200
"193",2018,2,7.23027950310559,161,7.50247524752475,6.77208333333333,6.2,7.33913043478261,7.21213768115942,101,60,15,23,138,15313,10102,5211,1012,3863,11450,7.21106039639522,7.48511506137398,6.67978036845135,6.68708498023715,7.38793004400725,7.15138813013101,201
"194",2018,3,7.22248603351955,179,7.51293269230769,6.81973333333333,6.66666666666667,7.38,7.19691558441558,104,75,12,25,154,15492,10206,5286,1024,3888,11604,7.21119241221276,7.48539852537723,6.68176608021188,6.686845703125,7.38787905349794,7.1519923379869,202
"195",2018,4,7.05603896103896,154,7.49606382978723,6.36666666666667,6.875,7.12368421052632,7.04651851851852,94,60,8,19,135,15646,10300,5346,1032,3907,11739,7.20966527227406,7.4854958592233,6.67822961092406,6.68830426356589,7.38659425646276,7.15077937558566,203
"196",2018,5,7.1032298136646,161,7.53714285714286,6.53914285714286,6.83333333333333,7.31652173913043,7.06768115942029,91,70,6,23,138,15807,10391,5416,1038,3930,11877,7.20858118871386,7.48594816187085,6.67643196085672,6.68914258188825,7.38618416284987,7.14981384945693,204
"197",2018,6,7.28198630136986,146,7.72284210526316,6.46078431372549,6.5625,8.06294117647059,7.17906976744186,95,51,8,17,129,15953,10486,5467,1046,3947,12006,7.20925298376481,7.488094349609,6.67442024876532,6.68817399617591,7.3890990017735,7.1501281934033,205
"198",2018,7,7.19713993827161,162,7.47511330097087,6.71186440677966,6.95,7.51818181818182,7.11501294573643,103,59,10,33,129,16115,10589,5526,1056,3980,12135,7.20913121439652,7.48796808197186,6.67482003257329,6.69065340909091,7.39016928643216,7.14975490399671,206
"199",2018,8,7.11572327044025,159,7.4,6.60701754385965,6.1,7.1037037037037,7.11818181818182,102,57,10,27,132,16274,10691,5583,1066,4007,12267,7.20821860145016,7.4871288017959,6.67412779867455,6.68511257035647,7.388239021712,7.14941515937067,207
"200",2018,9,7.12020408163265,147,7.40722222222222,6.66701754385965,6.88857142857143,7.02352941176471,7.13284615384615,90,57,7,17,130,16421,10781,5640,1073,4024,12397,7.20743069971378,7.48646174009832,6.67405593971631,6.68643988816403,7.38669825049702,7.14924141001856,208
"201",2018,10,7.36264367816092,174,7.5728813559322,6.91964285714286,6.80909090909091,7.79545454545454,7.3,118,56,11,22,152,16595,10899,5696,1084,4046,12549,7.20905812112082,7.48739737774108,6.67647041783708,6.68768450184502,7.38892085022244,7.15106747629293,209
"202",2018,11,7.38050088082902,193,7.59512195121951,7.003381,6.54545454545455,7.409375,7.37476192546584,123,70,11,32,161,16788,11022,5766,1095,4078,12710,7.21102907969978,7.48859953003085,6.68043915539369,6.68625570776256,7.38908135360471,7.15390105664831,210
"203",2018,12,7.14190751445087,173,7.36592920353982,6.72,6.88181818181818,7.56551724137931,7.05659722222222,113,60,11,29,144,16961,11135,5826,1106,4107,12854,7.21032404869996,7.487354649304,6.68084657912805,6.6882007233273,7.39032718772827,7.15281098724133,211
"204",2019,1,7.14867965367965,231,7.408,6.71145348837209,6.35333333333333,7.16548780487805,7.14505263157895,145,86,15,41,190,17192,11280,5912,1121,4148,13044,7.20949576489065,7.48633457624114,6.68129180818674,6.68371989295272,7.38810481195757,7.15269797838087,212
"205",2019,2,7.18406593406593,182,7.31163793103448,6.95984848484848,7.11,7.21923076923077,7.17820512820513,116,66,10,26,156,17374,11396,5978,1131,4174,13200,7.20922937665477,7.48455633731134,6.68436720809635,6.68748894783378,7.3870528893148,7.15299942651515,213
"206",2019,3,7.32381313131313,198,7.59607142857143,6.84736111111111,5.98058823529412,7.05064516129032,7.37452095808383,126,72,17,31,167,17572,11522,6050,1148,4205,13367,7.21052049795129,7.48577582190592,6.68630697024793,6.67702090592334,7.38457283234245,7.15576699558615,214
"207",2019,4,7.25737588652482,141,7.54173913043478,6.7234693877551,6.54545454545455,7.62631578947368,7.19991803278689,92,49,11,19,122,17713,11614,6099,1159,4224,13489,7.21089347880088,7.48621913380403,6.68660553697327,6.67577221742882,7.38566021780303,7.15616631551635,215
"208",2019,5,7.16888059701493,134,7.52506172839506,6.62452830188679,6.47777777777778,7.5725,7.0980701754386,81,53,9,20,114,17847,11695,6152,1168,4244,13603,7.21057803496386,7.48648815904232,6.6860707363459,6.67424657534247,7.3865407068803,7.15567944056458,216
"209",2019,6,7.31894366197183,142,7.56128712871287,6.72195121951219,6.35,7.632,7.25205128205128,101,41,4,25,117,17989,11796,6193,1172,4269,13720,7.21143344210351,7.48712860461173,6.68630827870176,6.67313993174061,7.38797815881939,7.15650127040817,217
"210",2019,7,7.38346666666667,150,7.5975,7.04396551724138,7.26666666666667,7.684,7.32336,92,58,9,25,125,18139,11888,6251,1181,4294,13845,7.21285606648658,7.48798275740242,6.68962680691089,6.67766299745978,7.38970162086632,7.15800775947996,218
"211",2019,8,7.30821917808219,219,7.49248226950355,6.9751282051282,7.0625,7.54566666666667,7.2705291005291,141,78,8,30,189,18358,12029,6329,1189,4324,14034,7.2139936915786,7.48803549921024,6.69314538947701,6.68025231286795,7.39078370952821,7.1595231174291,219
"212",2019,9,7.28873736363636,220,7.51950525547445,6.9078313253012,6.75,7.61470588235294,7.22915172043011,137,83,12,34,186,18578,12166,6412,1201,4358,14220,7.2148788034234,7.48838987670557,6.69592438708671,6.68094920899251,7.39253069297843,7.16043387130802,220
"213",2019,10,7.2205947368421,190,7.45908547008547,6.83835616438356,6.38888888888889,7.34104545454545,7.20482142857143,117,73,9,22,168,18768,12283,6485,1210,4380,14388,7.21493666933078,7.48811074167549,6.69752770547417,6.67877685950413,7.3922720913242,7.16095215804838,221
"214",2019,11,7.2661214953271,214,7.4953488372093,6.91823529411765,6.91818181818182,7.40833333333333,7.2373595505618,129,85,11,36,178,18982,12412,6570,1221,4416,14566,7.21551371878622,7.48818596841766,6.70038313089802,6.68093366093366,7.39240302536232,7.16188587463957,222
"215",2019,12,7.32643776824034,233,7.5187323943662,7.02637362637363,7.15,7.246875,7.33910447761194,142,91,14,32,201,19215,12554,6661,1235,4448,14767,7.21685877751756,7.48853148319261,6.70483668668368,6.68625101214575,7.39135606115108,7.16429807340692,223
"216",2020,1,7.42816307692308,325,7.70582790697674,6.88545454545455,5.71538461538462,7.647825,7.39733333333333,215,110,13,40,285,19540,12769,6771,1248,4488,15052,7.22037330655067,7.49219024512491,6.70777095997637,6.67613782051282,7.39364188057041,7.16871044711667,224
"217",2020,2,7.21051063829787,235,7.51843971631206,6.7486170212766,7.125,7.59117647058823,7.14611940298507,141,94,12,34,201,19775,12910,6865,1260,4522,15253,7.22025610164349,7.49247693570875,6.70833025054625,6.6804126984127,7.39512710305175,7.16841274831181,225
"218",2020,3,7.32766169154229,201,7.55731707317073,6.96551282051282,7,7.6125,7.27372781065089,123,78,7,32,169,19976,13033,6943,1267,4554,15422,7.22133682468963,7.49308886979207,6.71121952614144,6.68217837411207,7.39665453667106,7.16956682985346,226
"219",2020,4,7.15608372197309,223,7.45613710280374,6.87931034482759,6.97818181818182,7.12727272727273,7.1610877368421,107,116,11,33,190,20199,13140,7059,1278,4587,15612,7.22061642061488,7.49278796879756,6.71398174953959,6.68472613458529,7.39471653804229,7.16946363822701,227
"220",2020,5,7.14506004504504,222,7.48940677966102,6.75435894230769,5.8125,7.20549540540541,7.13297297297297,118,104,16,37,185,20421,13258,7163,1294,4624,15797,7.21979503501298,7.49275787524513,6.71456798827307,6.67394126738794,7.39320244160899,7.16903629296702,228
"221",2020,6,7.30227272727273,198,7.65509259259259,6.87888888888889,6.72222222222222,7.49722222222222,7.25895061728395,108,90,9,36,162,20619,13366,7253,1303,4660,15959,7.2205870512634,7.49406957279665,6.71660699021095,6.67427475057559,7.39400602789699,7.16994901434927,229
"222",2020,7,7.18484444444444,225,7.54188976377953,6.72214285714286,6.89615384615385,7.209375,7.18077720207254,127,98,13,32,193,20844,13493,7351,1316,4692,16152,7.22020122865093,7.49451967019936,6.71668079172901,6.67646656534954,7.39274682225064,7.17007840019812,230
"223",2020,8,7.19942731277533,227,7.41739436619718,6.83529411764706,6,7.20806451612903,7.1980612244898,142,85,11,31,196,21071,13635,7436,1327,4723,16348,7.21997742916805,7.49371645837917,6.71803664604626,6.67085908063301,7.39153463688333,7.17041389283093,231
"224",2020,9,7.2345971563981,211,7.63208333333333,6.71043956043956,5.35,7.52777777777778,7.17428571428571,120,91,10,36,175,21282,13755,7527,1337,4759,16523,7.22012237618645,7.49492358487823,6.71794479872459,6.66097980553478,7.39256526371086,7.17045490044181,232
"225",2020,10,7.36843575418994,179,7.6285046728972,6.98194444444444,6.32,7.64411764705882,7.33950617283951,107,72,5,17,162,21461,13862,7599,1342,4776,16685,7.2213594152183,7.49595468979945,6.72044617712857,6.65970938897168,7.39346065536013,7.17209627329937,233
"226",2020,11,7.38512820512821,234,7.73134328358209,6.9212,6.9775,7.26866666666667,7.40225490196078,134,100,4,30,204,21695,13996,7699,1346,4806,16889,7.22312580825075,7.49820833881109,6.7230537082738,6.66065378900446,7.39268166666666,7.17487632897152,234
"227",2020,12,7.24664541832669,251,7.51546575342466,6.87285714285714,6.325,7.48108108108108,7.20611214953271,146,105,4,37,214,21946,14142,7804,1350,4843,17103,7.22339480588718,7.49838650190921,6.72506925935418,6.65965925925926,7.39335702870121,7.17526716482489,235
"228",2021,1,7.2011494137931,290,7.4369001910828,6.92285714285714,6.18333333333333,6.99375,7.22687337209302,157,133,12,32,258,22236,14299,7937,1362,4875,17361,7.22310468339629,7.49771139520246,6.72838358321784,6.65546255506608,7.39073396717948,7.17603407925811,236
"229",2021,2,7.17068159663866,238,7.57826437956204,6.61782178217822,6.36923076923077,7.54666666666667,7.11645298076923,137,101,13,30,208,22474,14436,8038,1375,4905,17569,7.22254952211444,7.49847585619285,6.72699433938791,6.65275636363636,7.39168768399592,7.17532869656782,237
"230",2021,3,7.15322863636364,242,7.53573427536232,6.64567307692308,6.94444444444444,7.4046,7.11765721698113,138,104,9,30,212,22716,14574,8142,1384,4935,17781,7.2218110270294,7.49882865308083,6.72595560058953,6.65465317919075,7.39176617831813,7.17464108880266,238
"231",2021,4,7.37614285714286,175,7.70756880733945,6.82878787878788,6.4,7.48461538461538,7.35721476510067,109,66,7,26,149,22891,14683,8208,1391,4961,17930,7.22299088244288,7.5003782462712,6.72678246832359,6.65337167505392,7.39225278976012,7.17615829336308,239
"232",2021,5,7.12360784313725,204,7.50685714285714,6.58705882352941,6.375,7.00219047619048,7.13754098360656,119,85,8,21,183,23095,14802,8293,1399,4982,18113,7.22211302403117,7.5004303330631,6.72535035572169,6.65177984274482,7.39060860899237,7.17576813338486,240
"233",2021,6,7.24310880829016,193,7.42117647058824,6.95675675675676,6.18,7.25,7.2424,119,74,10,18,175,23288,14921,8367,1409,5000,18288,7.22228702722432,7.49979825681925,6.72739697621609,6.64843151171043,7.390102418,7.17640574146982,241
"234",2021,7,7.10146198830409,171,7.4679347826087,6.6746835443038,6.04285714285714,7.50434782608696,7.03885135135135,92,79,7,23,148,23459,15013,8446,1416,5023,18436,7.22140629566477,7.49960299673616,6.72690391901492,6.64543785310734,7.39062554051363,7.17530148622261,242
"235",2021,8,7.20723175965665,233,7.4684693877551,6.7606976744186,5.75,7.1625,7.21384236453202,147,86,8,30,203,23692,15160,8532,1424,5053,18639,7.22126689557656,7.49930110751979,6.72724454992968,6.64040730337078,7.38927114387492,7.1757212404099,243
"236",2021,9,7.25849204761905,210,7.59320704545455,6.69205128205128,6.90625,7.31515151515152,7.2479284180791,132,78,16,33,177,23902,15292,8610,1440,5086,18816,7.22159395113379,7.50011170023542,6.72692572590012,6.64336111111111,7.38879022611089,7.17640048522534,244
"237",2021,10,7.22380208333333,192,7.4053781512605,6.92780821917808,7.2,7.32681818181818,7.21047058823529,119,73,5,22,170,24094,15411,8683,1445,5108,18986,7.22161154727318,7.49938019077283,6.72861459173097,6.64528719723183,7.38852331440877,7.17670554777205,245
"238",2021,11,7.29811489361702,235,7.55591034482759,6.88277777777778,6.1,7.73148148148148,7.24186057692308,145,90,7,27,208,24329,15556,8773,1452,5135,19194,7.22235051255703,7.49990711751093,6.7301961130742,6.64265840220385,7.39032659980526,7.17741161456706,246
"239",2021,12,7.25737463126844,339,7.51244444444444,6.75394736842105,6.60588235294118,7.50714285714286,7.22205387205387,225,114,17,42,297,24668,15781,8887,1469,5177,19491,7.22283183152262,7.50008587035042,6.73050078766738,6.64223281143635,7.391274307514,7.17809186445026,247
"240",2022,1,7.26168773972603,438,7.55522547101449,6.76158641975309,6.22222222222222,7.4426,7.23837430412371,276,162,9,50,388,25106,16057,9049,1478,5227,19879,7.22350971281765,7.50103365198979,6.73105729914908,6.63967523680649,7.39176527453606,7.17926846219629,248
"241",2022,2,7.3915885546875,256,7.65635993865031,6.92752688172043,6.85714285714286,7.73461538461538,7.35281160869565,163,93,7,26,230,25362,16220,9142,1485,5253,20109,7.22520627395316,7.50259457583231,6.73305595055786,6.64070033670033,7.39346222920236,7.18125339052166,249
"242",2022,3,7.33908011627907,258,7.60918378205128,6.92598039215686,7.47777777777778,7.57142857142857,7.3107942173913,156,102,9,28,230,25620,16376,9244,1494,5281,20339,7.22635301288056,7.50360995908647,6.73518471440935,6.64574297188755,7.39440581139935,7.18271828015144,250
"243",2022,4,7.34339055793991,233,7.666484375,6.94952380952381,7,7.22222222222222,7.35353488372093,128,105,8,18,215,25853,16504,9349,1502,5299,20554,7.22740781301976,7.50487316347552,6.73759198844796,6.64762982689747,7.39382092658992,7.1845050647076,251
"244",2022,5,7.29114844537815,238,7.67191780821918,6.68688402173913,6.35714285714286,7.2203125,7.30215208737864,146,92,7,32,206,26091,16650,9441,1509,5331,20760,7.22798924993293,7.50633793933934,6.73709785298167,6.64628230616302,7.39277942037141,7.1856724677264,252
"245",2022,6,7.42568055555556,216,7.71536153846154,6.98779069767442,6.11111111111111,7.925,7.33884239130435,130,86,9,32,184,26307,16780,9527,1518,5363,20944,7.22961244231573,7.50795731168057,6.73936085126482,6.6431093544137,7.39595507924669,7.18701811640566,253
"246",2022,7,7.36116666666667,240,7.6093006993007,6.99536082474227,7,7.3,7.36827906976744,143,97,6,25,215,26547,16923,9624,1524,5388,21159,7.23080176743135,7.50881366719849,6.74194106712386,6.64451443569553,7.39550985337787,7.18885993808781,254
"247",2022,8,7.30575706349206,252,7.58397241830065,6.87578787878788,6.5,8.08222222222222,7.21258124444444,153,99,7,27,225,26799,17076,9723,1531,5415,21384,7.23150659726109,7.509487085383,6.74330390105934,6.64385369039843,7.39893390397045,7.18910953095773,255
"248",2022,9,7.2682955465587,247,7.45551282051282,6.94735164835165,6.71428571428571,7.657,7.19980952380952,156,91,7,37,210,27046,17232,9814,1538,5452,21594,7.23184257561192,7.50899846042247,6.74519592724679,6.64417425227568,7.40068526962582,7.18921358757062,256
"249",2022,10,7.26850909090909,242,7.42728,7.05058823529412,7.125,7.54496666666667,7.23807339449541,140,102,6,24,218,27288,17372,9916,1544,5476,21812,7.23216774772794,7.50833989580935,6.74833731645825,6.64604274611399,7.40131762052593,7.18970191683477,257
"250",2022,11,7.27149466192171,281,7.57917721518987,6.87626016260163,6.6,7.355,7.26151394422311,158,123,10,30,251,27569,17530,10039,1554,5506,22063,7.23256859153397,7.50897836109527,6.7499046548461,6.64574646074646,7.40106525426807,7.19051888727734,258
"251",2022,12,7.40993442622951,305,7.61058201058201,7.08301724137931,7.02083333333333,7.30578947368421,7.42475655430712,189,116,12,38,267,27874,17719,10155,1566,5544,22330,7.23450934562675,7.51006211806536,6.75370978138848,6.64862068965517,7.40041220959596,7.19331966905509,259
