"","year","month","avg_rating","no_ratings","avg_rating_owned","avg_rating_not_owned","avg_rating_prev_owned","avg_rating_comment","avg_rating_no_comment","no_ratings_owned","no_ratings_not_owned","no_ratings_prev_owned","no_ratings_comment","no_ratings_no_comment","cum_no_ratings","cum_no_ratings_owned","cum_no_ratings_not_owned","cum_no_ratings_prev_owned","cum_no_ratings_comment","cum_no_ratings_no_comment","cum_avg_rating","cum_avg_rating_owned","cum_avg_rating_not_owned","cum_avg_rating_prev_owned","cum_avg_rating_comment","cum_avg_rating_no_comment","month_after_release"
"1",2008,2,9.875,4,9.875,NA,NA,9.75,10,4,0,0,2,2,4,4,0,0,2,2,9.875,9.875,NA,NA,9.75,10,0
"2",2008,3,7.83823529411765,34,7.6875,8.2,7.25,7.5625,8.08333333333333,24,10,4,16,18,38,28,10,4,18,20,8.05263157894737,8,8.2,7.25,7.80555555555556,8.275,1
"3",2008,4,7.61842105263158,38,7.84090909090909,7.3125,7.33333333333333,7.5,7.73684210526316,22,16,3,19,19,76,50,26,7,37,39,7.83552631578947,7.93,7.65384615384615,7.28571428571429,7.64864864864865,8.01282051282051,2
"4",2008,5,7.65652173913043,46,7.98166666666667,7.046875,7.375,7.75833333333333,7.54545454545455,30,16,4,24,22,122,80,42,11,61,61,7.76803278688525,7.949375,7.42261904761905,7.31818181818182,7.69180327868853,7.84426229508197,3
"5",2008,6,7.7258064516129,31,8.085,7.07272727272727,8.5,7.8,7.64666666666667,20,11,2,16,15,153,100,53,13,77,76,7.75947712418301,7.9765,7.35,7.5,7.71428571428571,7.80526315789474,4
"6",2008,7,7.4565,38,7.95789473684211,6.9551052631579,7.33333333333333,7.34705555555556,7.555,19,19,6,18,20,191,119,72,19,95,96,7.69919895287958,7.97352941176471,7.24579166666667,7.44736842105263,7.64470526315789,7.753125,5
"7",2008,8,7.3140625,32,8.05833333333333,6.35714285714286,7,7.07692307692308,7.47631578947368,18,14,2,13,19,223,137,86,21,108,115,7.64393273542601,7.98467153284672,7.10112790697674,7.40476190476191,7.57636111111111,7.70739130434783,6
"8",2008,9,7.67424242424242,33,8.16304347826087,6.55,7.16666666666667,7.5625,7.77941176470588,23,10,3,16,17,256,160,96,24,124,132,7.64783984375,8.0103125,7.04371875,7.375,7.57457258064516,7.71666666666667,7
"9",2008,10,6.92142857142857,14,7.8625,5.66666666666667,6,6.31666666666667,7.375,8,6,1,6,8,270,168,102,25,130,140,7.61017407407407,8.00327380952381,6.96271568627451,7.32,7.51651538461538,7.69714285714286,8
"10",2008,11,7.54821428571429,28,8.0625,7.1625,7.38571428571429,7.4375,7.63125,12,16,7,12,16,298,180,118,32,142,156,7.60435234899329,8.00722222222222,6.98980508474576,7.334375,7.50983802816901,7.69038461538462,9
"11",2008,12,8.0462962962963,27,8.53125,7.34090909090909,7.2,7.85714285714286,8.25,16,11,5,14,13,325,196,129,37,156,169,7.64106769230769,8.05,7.01974418604651,7.31621621621622,7.54100641025641,7.73343195266272,10
"12",2009,1,7.31212121212121,33,7.91052631578947,6.5,6.8,7.6,7.07222222222222,19,14,5,15,18,358,215,143,42,171,187,7.61074581005587,8.03767441860465,6.96886013986014,7.2547619047619,7.54618128654971,7.66978609625668,11
"13",2009,2,7.31428571428571,42,7.66818181818182,6.925,6.41666666666667,7.17307692307692,7.37758620689655,22,20,6,13,29,400,237,163,48,184,216,7.5796175,8.00337552742616,6.96347852760736,7.15,7.51982065217391,7.63055555555556,12
"14",2009,3,7.21111111111111,27,7.9,6.80588235294118,6.75,8.0625,6.85263157894737,10,17,6,8,19,427,247,180,54,192,235,7.55631615925058,7.99919028340081,6.94859444444444,7.10555555555556,7.54243229166667,7.56765957446809,13
"15",2009,4,7.12962962962963,27,8,6.76315789473684,6.64285714285714,6.95833333333333,7.26666666666667,8,19,7,12,15,454,255,199,61,204,250,7.53094052863436,7.99921568627451,6.93088944723618,7.05245901639344,7.50807352941176,7.5496,14
"16",2009,5,7.70625,24,8.0125,7.09375,8,7.79444444444444,7.65333333333333,16,8,3,9,15,478,271,207,64,213,265,7.53974267782427,8,6.93718357487923,7.096875,7.52017370892019,7.55547169811321,15
"17",2009,6,7.5,22,7.39285714285714,7.6875,7,7.56666666666667,7.475,14,8,4,6,16,500,285,215,68,219,281,7.537994,7.97017543859649,6.9651023255814,7.09117647058823,7.52144748858448,7.5508896797153,16
"18",2009,7,7.49782608695652,23,8.475,6.43181818181818,6.8,7.695,7.34615384615385,12,11,5,10,13,523,297,226,73,229,294,7.5362275334608,7.99057239057239,6.93914601769912,7.07123287671233,7.52902620087336,7.54183673469388,17
"19",2009,8,7.4725,20,7.75,7.24545454545455,7.33333333333333,7.5,7.465625,9,11,3,4,16,543,306,237,76,233,310,7.5338802946593,7.98349673202614,6.95336286919831,7.08157894736842,7.52852789699571,7.53790322580645,18
"20",2009,9,7.53478260869565,23,8.06153846153846,6.85,7.2,7.9125,7.33333333333333,13,10,5,8,15,566,319,247,81,241,325,7.53391696113074,7.98667711598746,6.94917813765182,7.08888888888889,7.54127385892116,7.52846153846154,19
"21",2009,10,7.33157894736842,19,7.475,7.29333333333333,6.91666666666667,6.82222222222222,7.79,4,15,6,9,10,585,323,262,87,250,335,7.5273452991453,7.98034055727554,6.96888167938931,7.07701149425287,7.515388,7.53626865671642,20
"22",2009,11,6.93846153846154,26,7.3,6.7125,7.33333333333333,6.99090909090909,6.9,10,16,3,11,15,611,333,278,90,261,350,7.50228641571195,7.95990990990991,6.95412589928058,7.08555555555556,7.49328352490422,7.509,21
"23",2009,12,7.31764705882353,17,7.27777777777778,7.3625,7.125,6.75,7.49230769230769,9,8,4,4,13,628,342,286,94,265,363,7.49728821656051,7.94195906432749,6.96554895104895,7.08723404255319,7.4820641509434,7.50840220385675,22
"24",2010,1,7.3,29,8,6.87222222222222,6.3,7.83333333333333,7.16086956521739,11,18,5,6,23,657,353,304,99,271,386,7.4885799086758,7.94376770538244,6.96002302631579,7.04747474747475,7.48984132841329,7.48769430051814,23
"25",2010,2,7.43333333333333,9,7.81666666666667,6.66666666666667,8,8.225,6.8,6,3,1,4,5,666,359,307,100,275,391,7.48783333333333,7.941643454039,6.95715635179153,7.057,7.50053454545455,7.47890025575448,24
"26",2010,3,7.38571428571429,14,8.12857142857143,6.64285714285714,6.75,7.08,7.55555555555556,7,7,2,5,9,680,366,314,102,280,400,7.48573088235294,7.94521857923497,6.95014968152866,7.05098039215686,7.493025,7.480625,25
"27",2010,4,6.93636363636364,11,7.07142857142857,6.7,7.8,7.04285714285714,6.75,7,4,1,7,4,691,373,318,103,287,404,7.47698552821997,7.92882037533512,6.94700314465409,7.05825242718447,7.48204529616725,7.47339108910891,26
"28",2010,5,7.57142857142857,14,8.22222222222222,6.4,7,7.9,7.51666666666667,9,5,1,2,12,705,382,323,104,289,416,7.4788609929078,7.93573298429319,6.93853560371517,7.05769230769231,7.48493771626298,7.47463942307692,27
"29",2010,6,6.91818181818182,11,8.03333333333333,6.5,6.25,7.5,6.78888888888889,3,8,4,2,9,716,385,331,108,291,425,7.47024720670391,7.93649350649351,6.92793655589124,7.02777777777778,7.48504123711341,7.46011764705882,28
"30",2010,7,7.4,13,7.275,7.6,7.675,7.11666666666667,7.64285714285714,8,5,4,6,7,729,393,336,112,297,432,7.46899451303155,7.92302798982188,6.9379375,7.05089285714286,7.47759932659933,7.4630787037037,29
"31",2010,8,8.25,10,8.8,7.7,9,8.6,7.9,5,5,1,5,5,739,398,341,113,302,437,7.47956292286874,7.93404522613065,6.94911143695015,7.06814159292035,7.4961821192053,7.46807780320366,30
"32",2010,9,6.5,8,7,5.66666666666667,5,6.33333333333333,6.6,5,3,1,3,5,747,403,344,114,305,442,7.46907228915662,7.92245657568238,6.9379273255814,7.05,7.48474426229508,7.45825791855204,31
"33",2010,10,7.66666666666667,12,8,7.42857142857143,7.33333333333333,7.5,7.75,5,7,3,4,8,759,408,351,117,309,450,7.47219631093544,7.9234068627451,6.94771225071225,7.05726495726496,7.48494174757282,7.46344444444444,32
"34",2010,11,7.59545454545455,22,7.94,6.85714285714286,7.125,7.76666666666667,7.53125,15,7,4,6,16,781,423,358,121,315,466,7.47566837387964,7.92399527186761,6.94594134078212,7.0595041322314,7.49030793650794,7.46577253218884,33
"35",2010,12,7.25147058823529,34,7.39791666666667,6.9,8.5,7.25,7.25185185185185,24,10,1,7,27,815,447,368,122,322,493,7.46631533742331,7.89574944071588,6.94469293478261,7.07131147540984,7.48508385093168,7.45405679513185,34
"36",2011,1,7.25357142857143,28,8.30666666666667,6.03846153846154,6.35714285714286,7.00909090909091,7.41176470588235,15,13,7,11,17,843,462,381,129,333,510,7.45924911032028,7.90909090909091,6.91377165354331,7.03255813953488,7.46936036036036,7.45264705882353,35
"37",2011,2,7.58125,16,7.46363636363636,7.84,7,8.04,7.37272727272727,11,5,1,5,11,859,473,386,130,338,521,7.46152153667055,7.89873150105708,6.92576943005181,7.03230769230769,7.47780177514793,7.45095969289827,36
"38",2011,3,7.35714285714286,21,7.90909090909091,6.75,6.75,6.28571428571429,7.89285714285714,11,10,2,7,14,880,484,396,132,345,535,7.45903068181818,7.89896694214876,6.92133080808081,7.0280303030303,7.45361449275362,7.46252336448598,37
"39",2011,4,6.97333333333333,15,7.5125,6.35714285714286,6.75,7,6.96666666666667,8,7,2,3,12,895,492,403,134,348,547,7.4508905027933,7.89268292682927,6.91153101736973,7.02388059701493,7.44970402298851,7.45164533820841,38
"40",2011,5,7.26923076923077,13,7.6,7.0625,7.5,7,7.31818181818182,5,8,2,2,11,908,497,411,136,350,558,7.44828964757709,7.8897384305835,6.9144695863747,7.03088235294118,7.44713428571429,7.44901433691756,39
"41",2011,6,7.41666666666667,12,7.875,6.5,7,8.33333333333333,7.11111111111111,8,4,2,3,9,920,505,415,138,353,567,7.44787717391304,7.88950495049505,6.91047469879518,7.0304347826087,7.4546657223796,7.44365079365079,40
"42",2011,7,7.40909090909091,11,8.14285714285714,6.125,6,6.8,7.91666666666667,7,4,1,5,6,931,512,419,139,358,573,7.44741890440387,7.89296875,6.90297613365155,7.02302158273381,7.44552234636872,7.44860383944153,41
"43",2011,8,6.68,15,6.42857142857143,6.9,7,6.125,6.88181818181818,7,8,1,4,11,946,519,427,140,362,584,7.43525052854123,7.87321772639692,6.90292037470726,7.02285714285714,7.43093093922652,7.43792808219178,42
"44",2011,9,7.25,19,7.625,6.83333333333333,7.125,7.85,7.03571428571429,10,9,4,5,14,965,529,436,144,367,598,7.43160310880829,7.86852551984877,6.90148394495413,7.02569444444444,7.43664032697548,7.42851170568562,43
"45",2011,10,7.73333333333333,15,8.125,7.28571428571429,7,7.64285714285714,7.8125,8,7,3,7,8,980,537,443,147,374,606,7.43622142857143,7.87234636871508,6.90755530474041,7.02517006802721,7.4405,7.43358085808581,44
"46",2011,11,7.486,25,7.90588235294118,6.59375,6.16666666666667,6.28333333333333,7.86578947368421,17,8,3,6,19,1005,554,451,150,380,625,7.43745970149254,7.87337545126354,6.9019889135255,7.008,7.42222894736842,7.44672,45
"47",2011,12,7.69444444444444,18,7.79166666666667,7.5,6,7.4,7.80769230769231,12,6,1,5,13,1023,566,457,151,385,638,7.44198142717497,7.87164310954063,6.90984026258206,7.00132450331126,7.42194025974026,7.45407523510972,46
"48",2012,1,7.3625,24,7.97692307692308,6.63636363636364,6.33333333333333,7.08333333333333,7.45555555555556,13,11,3,6,18,1047,579,468,154,391,656,7.44015950334288,7.87400690846287,6.90341239316239,6.98831168831169,7.4167442455243,7.45411585365853,47
"49",2012,2,7.08823529411765,17,7.65,6.28571428571429,6.5,7.16666666666667,7.07142857142857,10,7,3,3,14,1064,589,475,157,394,670,7.43453665413534,7.87020373514431,6.89430947368421,6.97898089171975,7.41484010152284,7.44611940298507,48
"50",2012,3,7.47631578947368,19,7.75416666666667,7,7,7.57857142857143,7.41666666666667,12,7,1,7,12,1083,601,482,158,401,682,7.43526962142198,7.86788685524126,6.89584439834025,6.97911392405063,7.41769825436409,7.44560117302053,49
"51",2012,4,7.14,25,7.72727272727273,6.67857142857143,7.2,7.83333333333333,7.04545454545455,11,14,5,3,22,1108,612,496,163,404,704,7.42860740072202,7.86535947712418,6.88971169354839,6.98588957055215,7.42078465346535,7.43309659090909,50
"52",2012,5,7.45,10,7.9,7,NA,8.16666666666667,7.14285714285714,5,5,0,3,7,1118,617,501,163,407,711,7.42879874776386,7.86564019448946,6.8908123752495,6.98588957055215,7.42628255528256,7.43023909985935,51
"53",2012,6,7.12391304347826,23,7.15909090909091,7.09166666666667,7.2,6.5625,7.2421052631579,11,12,3,4,19,1141,628,513,166,411,730,7.42265293602103,7.85326433121019,6.89551072124756,6.98975903614458,7.41787591240876,7.42534246575342,52
"54",2012,7,7.08272727272727,11,7.91666666666667,6.082,6,6.66666666666667,7.23875,6,5,1,3,8,1152,634,518,167,414,738,7.41940711805556,7.8538643533123,6.8876583011583,6.98383233532934,7.41243236714976,7.42331978319783,53
"55",2012,8,7.42105263157895,19,7.875,6.64285714285714,7,7,7.53333333333333,12,7,1,4,15,1171,646,525,168,418,753,7.41943381725021,7.85425696594427,6.88439428571429,6.98392857142857,7.40848564593302,7.42551128818061,54
"56",2012,9,6.85,12,7.55,6.5,7,7.03333333333333,6.66666666666667,4,8,1,6,6,1183,650,533,169,424,759,7.41365765004227,7.85238461538461,6.87862476547842,6.98402366863905,7.40317688679245,7.41951251646904,55
"57",2012,10,7.15,10,7.5,6.91666666666667,6.91666666666667,5.75,7.5,4,6,6,2,8,1193,654,539,175,426,767,7.41144761106454,7.85022935779816,6.87904823747681,6.98171428571429,7.39541549295775,7.42035202086049,56
"58",2012,11,6.86363636363636,11,7.91666666666667,5.6,6.66666666666667,7.625,6.42857142857143,6,5,3,4,7,1204,660,544,178,430,774,7.4064426910299,7.85083333333333,6.86729227941176,6.97640449438202,7.3975511627907,7.41138242894057,57
"59",2012,12,7.59722222222222,18,8.15,6.90625,6.5,7.75,7.55357142857143,10,8,2,4,14,1222,670,552,180,434,788,7.40925286415712,7.85529850746269,6.86785688405797,6.97111111111111,7.40079953917051,7.41390862944162,58
"60",2013,1,7.13636363636364,11,7.4,6.91666666666667,NA,7.5,6.92857142857143,5,6,0,4,7,1233,675,558,180,438,795,7.40681832927818,7.85192592592592,6.86838172043011,6.97111111111111,7.40170547945205,7.40963522012578,59
"61",2013,2,7.04166666666667,18,7.79545454545455,5.85714285714286,5.16666666666667,7.025,7.0625,11,7,3,10,8,1251,686,565,183,448,803,7.40156434852118,7.85102040816326,6.85585309734513,6.94153005464481,7.393296875,7.40617683686177,60
"62",2013,3,7.36475,12,7.7754,7.07142857142857,8.25,7.459,7.33333333333333,5,7,2,3,9,1263,691,572,185,451,812,7.40121456848773,7.85047322720695,6.85849125874126,6.95567567567568,7.39373392461197,7.40536945812808,61
"63",2013,4,6.375,6,7.33333333333333,5.41666666666667,NA,5,6.65,3,3,0,1,5,1269,694,575,185,452,817,7.39636249014972,7.84823775216138,6.85096869565217,6.95567567567568,7.38843805309735,7.40074663402693,62
"64",2013,5,6.875,8,8.5,6.33333333333333,6,6.5,7,2,6,2,2,6,1277,696,581,187,454,823,7.39309631949883,7.85011063218391,6.8456230636833,6.94545454545455,7.38452422907489,7.39782503037667,63
"65",2013,6,6.67272727272727,11,7,6.48571428571429,7.5,5.5,6.93333333333333,4,7,2,2,9,1288,700,588,189,456,832,7.38694409937888,7.84525285714286,6.84133843537415,6.95132275132275,7.37625877192982,7.39280048076923,64
"66",2013,7,6.2875,8,7.33333333333333,5.66,6,7,6.18571428571429,3,5,2,1,7,1296,703,593,191,457,839,7.38015740740741,7.84306827880512,6.83137774030354,6.9413612565445,7.37543544857768,7.3827294398093,65
"67",2013,8,7.1,15,7.9375,6.14285714285714,5.66666666666667,7.91666666666667,6.55555555555556,8,7,3,6,9,1311,711,600,194,463,848,7.37695194508009,7.84413080168776,6.823345,6.92164948453608,7.38244924406048,7.37395047169811,66
"68",2013,9,7.25,14,7.875,6.41666666666667,6.83333333333333,6.33333333333333,7.5,8,6,3,3,11,1325,719,606,197,466,859,7.37561056603773,7.84447426981919,6.81931848184818,6.92030456852792,7.37569527896996,7.37556461001164,67
"69",2013,10,7.10555555555556,18,7.5,6.79,7.1,7.16666666666667,7.075,8,10,5,6,12,1343,727,616,202,472,871,7.37199106478034,7.84068363136176,6.81884253246753,6.92475247524752,7.37303813559322,7.37142365097589,68
"70",2013,11,7.22727272727273,11,8.5,5.7,6.5,8,7.15,6,5,2,1,10,1354,733,621,204,473,881,7.37081536189069,7.84608049113233,6.80983413848631,6.92058823529412,7.37436363636364,7.36891032917139,69
"71",2013,12,6.955,20,8.31,5.6,5,6.85714285714286,7.00769230769231,10,10,5,7,13,1374,743,631,209,480,894,7.36476273653566,7.85232436069987,6.79066085578447,6.87464114832536,7.36682083333333,7.3636577181208,70
"72",2014,1,7.125,24,7.57692307692308,6.59090909090909,7.625,6.875,7.25,13,11,4,8,16,1398,756,642,213,488,910,7.36064663805436,7.84758862433862,6.78723831775701,6.8887323943662,7.35875819672131,7.36165934065934,71
"73",2014,2,7.4125,12,8.27857142857143,6.2,6,8.45,6.67142857142857,7,5,2,5,7,1410,763,647,215,493,917,7.36108794326241,7.85154259501966,6.7827001545595,6.88046511627907,7.36982555780933,7.35639040348964,72
"74",2014,3,6.16666666666667,6,7,5.75,6.5,5.75,7,2,4,2,4,2,1416,765,651,217,497,919,7.35602683615819,7.84931633986928,6.77635483870968,6.87695852534562,7.35678873239437,7.35561479869423,73
"75",2014,4,6.89333333333333,15,7.4,6.64,6.3,7,6.86666666666667,5,10,5,3,12,1431,770,661,222,500,931,7.35117679944095,7.8463987012987,6.77429198184569,6.86396396396396,7.354648,7.34931256713211,74
"76",2014,5,7.75,6,7.75,7.75,7.5,8.16666666666667,7.33333333333333,4,2,1,3,3,1437,774,663,223,503,934,7.35284203201113,7.84590051679587,6.77723529411765,6.86681614349776,7.35949105367793,7.34926124197002,75
"77",2014,6,7,7,7,7,6,8,6.83333333333333,4,3,1,1,6,1444,778,666,224,504,940,7.35113157894737,7.84155141388175,6.77823873873874,6.86294642857143,7.3607619047619,7.34596808510638,76
"78",2014,7,6.875,8,7.2,6.33333333333333,6,7.5,6.66666666666667,5,3,1,2,6,1452,783,669,225,506,946,7.34850826446281,7.83745466155811,6.77624364723468,6.85911111111111,7.36131225296443,7.34165961945031,77
"79",2014,8,6.89461538461538,13,7.41111111111111,5.7325,4,6.5,6.96636363636364,9,4,2,2,11,1465,792,673,227,508,957,7.34448054607508,7.83260984848485,6.77004011887073,6.83392070484581,7.35792125984252,7.33734587251828,78
"80",2014,9,6.63636363636364,11,7.3,6.08333333333333,NA,6,6.7,5,6,0,1,10,1476,797,679,227,509,967,7.33920325203252,7.82926850690088,6.76397201767305,6.83392070484581,7.35525343811395,7.33075491209927,79
"81",2014,10,7.5,16,8,6.85714285714286,7.66666666666667,7.9,7.31818181818182,9,7,3,5,11,1492,806,686,230,514,978,7.34092761394102,7.83117493796526,6.76492274052478,6.84478260869565,7.36055252918288,7.33061349693251,80
"82",2014,11,7.11857142857143,14,7.92857142857143,6.30857142857143,5,5.5,7.38833333333333,7,7,1,2,12,1506,813,693,231,516,990,7.33886055776892,7.8320135301353,6.76031313131313,6.83679653679654,7.35334108527132,7.33131313131313,81
"83",2014,12,6.30555555555556,9,7.35,5,5.75,NA,6.30555555555556,5,4,2,0,9,1515,818,697,233,516,999,7.33272211221122,7.82906723716381,6.75021090387374,6.8274678111588,7.35334108527132,7.32207207207207,82
"84",2015,1,6.7375,16,7.18571428571429,6.38888888888889,6.75,7,6.72,7,9,4,1,15,1531,825,706,237,517,1014,7.32650163291966,7.82360848484849,6.74560481586402,6.82616033755274,7.35265764023211,7.31316568047337,83
"85",2015,2,6.68181818181818,11,7.25,6.35714285714286,6.66666666666667,6.5,6.72222222222222,4,7,3,2,9,1542,829,713,240,519,1023,7.32190272373541,7.82084077201448,6.74179102384292,6.82416666666667,7.34937186897881,7.30796676441838,84
"86",2015,3,6.61111111111111,9,7.25,6.1,6.5,4.5,7.21428571428571,4,5,2,2,7,1551,833,718,242,521,1030,7.31777820760799,7.81809963985594,6.7373217270195,6.82148760330579,7.33843378119002,7.30733009708738,85
"87",2015,4,7.28181818181818,11,8,6.42,7.05,7.33333333333333,7.2625,6,5,2,3,8,1562,839,723,244,524,1038,7.31752496798976,7.81940047675805,6.73512724757953,6.8233606557377,7.33840458015267,7.30698458574181,86
"88",2015,5,7.72,5,8,7.65,8,8,7.65,1,4,1,1,4,1567,840,727,245,525,1042,7.31880918953414,7.81961547619048,6.74016093535076,6.82816326530612,7.33966476190476,7.30830134357006,87
"89",2015,6,6.9,12,7.31111111111111,5.66666666666667,NA,5.9,7.61428571428571,9,3,0,5,7,1579,849,730,245,530,1049,7.31562634578847,7.81422497055359,6.73574931506849,6.82816326530612,7.32608301886792,7.31034318398475,88
"90",2015,7,7.225,10,8.04166666666667,6,6,5.75,7.85714285714286,6,4,1,3,7,1589,855,734,246,533,1056,7.31505601006922,7.81582105263158,6.73173978201635,6.82479674796748,7.31721200750469,7.3139678030303,89
"91",2015,8,6.64444444444444,9,8,4.95,4.93333333333333,5.05,7.1,5,4,3,2,7,1598,860,738,249,535,1063,7.31127909887359,7.81689186046512,6.72208265582656,6.80200803212851,7.30873644859813,7.31255879586077,90
"92",2015,9,7.13461538461539,13,7.34375,6.8,6,6.5625,7.38888888888889,8,5,2,4,9,1611,868,743,251,539,1072,7.30985350713842,7.81253110599078,6.72260699865411,6.79561752988048,7.30319851576994,7.31319962686567,91
"93",2015,10,7.07142857142857,7,7.375,6.66666666666667,NA,7,7.08333333333333,4,3,0,1,6,1618,872,746,251,540,1078,7.30882200247219,7.81052408256881,6.72238203753351,6.79561752988048,7.30263703703704,7.31192022263451,92
"94",2015,11,6.88461538461539,13,7.4,6.5625,6.125,NA,6.88461538461539,5,8,4,0,13,1631,877,754,255,540,1091,7.30544083384427,7.80818358038769,6.72068567639257,6.78509803921569,7.30263703703704,7.30682859761686,93
"95",2015,12,7.075,16,7.27272727272727,6.64,7,7.5,7.01428571428571,11,5,1,2,14,1647,888,759,256,542,1105,7.30320218579235,7.80155067567568,6.72015415019763,6.7859375,7.30336531365314,7.3031221719457,94
"96",2016,1,7.39285714285714,14,8.33333333333333,5.7,3,6.33333333333333,7.68181818181818,9,5,1,3,11,1661,897,764,257,545,1116,7.30395785671282,7.80688628762542,6.7134777486911,6.77120622568093,7.29802568807339,7.30685483870968,95
"97",2016,2,6.5375,8,7.46,5,5,7.75,6.13333333333333,5,3,1,2,6,1669,902,767,258,547,1122,7.30028400239664,7.80496341463415,6.70677574967405,6.76434108527132,7.29967824497258,7.30057932263815,96
"98",2016,3,7.41363636363636,11,7.25,7.85,8.8,7.3,7.55,8,3,1,6,5,1680,910,770,259,553,1127,7.30102619047619,7.80008461538462,6.71122987012987,6.77220077220077,7.29968173598553,7.301685891748,97
"99",2016,4,7.21428571428571,7,8,6.16666666666667,4,7,7.25,4,3,1,1,6,1687,914,773,260,554,1133,7.30066627148785,7.80095951859956,6.70911642949547,6.76153846153846,7.29914079422383,7.30141218005296,98
"100",2016,5,7.63636363636364,11,8,7.2,6.5,7.125,7.92857142857143,6,5,2,4,7,1698,920,778,262,558,1140,7.30284098939929,7.80225760869565,6.71227120822622,6.75954198473282,7.29789247311828,7.30526315789474,99
"101",2016,6,8.48333333333333,6,8.5,8.4,NA,8.5,8.48,5,1,0,1,5,1704,925,779,262,559,1145,7.30699765258216,7.80602918918919,6.7144377406932,6.75954198473282,7.30004293381038,7.31039301310044,100
"102",2016,7,7.2,12,7.33333333333333,7.06666666666667,6.83333333333333,7,7.3,6,6,3,4,8,1716,931,785,265,563,1153,7.30624941724941,7.8029828141783,6.71712993630573,6.76037735849057,7.29791119005329,7.3103209019948,101
"103",2016,8,6.63125,16,6.51111111111111,6.78571428571429,6.66666666666667,7.15,6.45833333333333,9,7,3,4,12,1732,940,792,268,567,1165,7.30001385681293,7.79061382978723,6.71773611111111,6.75932835820895,7.29686772486773,7.30154506437768,102
"104",2016,9,7.26111111111111,9,7.64285714285714,5.925,7.75,8.7,5.4625,7,2,2,5,4,1741,947,794,270,572,1169,7.29981275129236,7.78952164730729,6.71573929471033,6.76666666666667,7.30913286713287,7.29525235243798,103
"105",2016,10,7.17857142857143,14,7.59090909090909,5.66666666666667,6,7.33333333333333,7.13636363636364,11,3,1,3,11,1755,958,797,271,575,1180,7.29884558404558,7.78724112734864,6.7117904642409,6.76383763837638,7.30925913043478,7.29377118644068,104
"106",2016,11,6.81333333333333,15,7.16666666666667,6.28333333333333,7,6,6.87142857142857,9,6,2,1,14,1770,967,803,273,576,1194,7.29473107344633,7.78146535677353,6.70858904109589,6.76556776556776,7.30698611111111,7.28881909547739,105
"107",2016,12,6.59090909090909,11,8.16666666666667,6,6.4,7,6.5,3,8,5,2,9,1781,970,811,278,578,1203,7.2903840539023,7.78265670103093,6.70159926017263,6.75899280575539,7.30592387543253,7.28291770573566,106
"108",2017,1,7.625,12,8.35714285714286,6.6,5.5,7.25,8,7,5,2,6,6,1793,977,816,280,584,1209,7.29262353597323,7.78677277379734,6.70097671568627,6.75,7.30534931506849,7.28647642679901,107
"109",2017,2,7.5,8,8,7,6,NA,7.5,4,4,1,0,8,1801,981,820,281,584,1217,7.29354469739034,7.78764220183486,6.70243536585366,6.74733096085409,7.30534931506849,7.28788003286771,108
"110",2017,3,7.25,8,7.8,6.33333333333333,7,7.2,7.33333333333333,5,3,1,5,3,1809,986,823,282,589,1220,7.29335212824765,7.78770486815416,6.70108991494532,6.74822695035461,7.30445500848897,7.28799180327869,109
"111",2017,4,7.4,5,8,7,7,NA,7.4,2,3,1,0,5,1814,988,826,283,589,1225,7.29364608599779,7.78813461538462,6.70217554479419,6.74911660777385,7.30445500848897,7.28844897959184,110
"112",2017,5,7.59375,8,7.82142857142857,6,6,7.91666666666667,7.4,7,1,1,3,5,1822,995,827,284,592,1230,7.29496377607025,7.78836884422111,6.70132648125756,6.74647887323944,7.30755743243243,7.28890243902439,111
"113",2017,6,7.92,10,8.13333333333333,6,10,8,7.88571428571429,9,1,1,3,7,1832,1004,828,285,595,1237,7.29837554585153,7.79146115537849,6.70047946859903,6.7578947368421,7.3110487394958,7.29227970897332,112
"114",2017,7,6.77272727272727,11,7.27777777777778,4.5,3,5.33333333333333,7.3125,9,2,1,3,8,1843,1013,830,286,598,1245,7.29523819858926,7.78689733464956,6.69517710843373,6.74475524475524,7.301127090301,7.29240963855422,113
"115",2017,8,8.04545454545454,11,8.92857142857143,6.5,NA,9.5,7.5,7,4,0,3,8,1854,1020,834,286,601,1253,7.29968932038835,7.79473235294118,6.69424100719424,6.74475524475524,7.31210316139767,7.29373503591381,114
"116",2017,9,7.7,13,7.8,7.36666666666667,NA,8,7.64545454545455,10,3,0,2,11,1867,1030,837,286,603,1264,7.30247670058918,7.79478349514563,6.69665113500597,6.74475524475524,7.31438474295191,7.29679588607595,115
"117",2017,10,6.90909090909091,11,7.85714285714286,5.25,5,5,7.1,7,4,1,1,10,1878,1037,841,287,604,1274,7.30017252396166,7.79520443587271,6.68977051129608,6.73867595818815,7.31055298013245,7.29525117739404,116
"118",2017,11,7.796875,16,8.1,7.29166666666667,6.75,8,7.70454545454545,10,6,1,5,11,1894,1047,847,288,609,1285,7.30436853220697,7.79811556829035,6.69403423848878,6.73871527777778,7.31621346469622,7.29875486381323,117
"119",2017,12,7.43,15,7.87,6.55,7,7.75,7.31363636363636,10,5,2,4,11,1909,1057,852,290,613,1296,7.30535568360398,7.79879564806055,6.69318896713615,6.74051724137931,7.319044045677,7.29888117283951,118
"120",2018,1,7.38,10,7.625,7.21666666666667,8.8,6.75,7.5375,4,6,1,2,8,1919,1061,858,291,615,1304,7.30574465867639,7.79814043355325,6.69684965034965,6.74759450171821,7.31719349593496,7.30034509202454,119
"121",2018,2,7.31818181818182,11,7.64285714285714,6.75,7,8,7.16666666666667,7,4,1,2,9,1930,1068,862,292,617,1313,7.30581554404145,7.79712265917603,6.69709628770302,6.74845890410959,7.31940680713128,7.29942878903275,120
"122",2018,3,7.75,8,8.25,7.25,NA,8,7.71428571428571,4,4,0,1,7,1938,1072,866,292,618,1320,7.30764912280702,7.7988125,6.69965011547344,6.74845890410959,7.32050809061489,7.30162878787879,121
"123",2018,4,7.46875,16,7.63636363636364,7.1,7.5,6.875,7.66666666666667,11,5,1,4,12,1954,1083,871,293,622,1332,7.30896827021494,7.79716251154201,6.70194833524684,6.75102389078498,7.31764308681672,7.30491741741742,122
"124",2018,5,7.32,15,7.98,6,7,7,7.43636363636364,10,5,1,4,11,1969,1093,876,294,626,1343,7.30905231081767,7.79883531564501,6.69794178082192,6.75187074829932,7.31561341853035,7.3059940431869,123
"125",2018,6,7,9,7.4,6.5,7.33333333333333,8,6.875,5,4,3,1,8,1978,1098,880,297,627,1351,7.30764610717897,7.79701912568306,6.69704204545455,6.75774410774411,7.31670494417863,7.30344189489267,124
"126",2018,7,8,7,8.2,7.5,8,7,8.16666666666667,5,2,1,1,6,1985,1103,882,298,628,1357,7.31008765743073,7.79884587488667,6.69886281179138,6.76191275167785,7.31620063694268,7.30725865880619,125
"127",2018,8,7.22222222222222,9,7,7.5,6.5,8,7.125,5,4,2,1,8,1994,1108,886,300,629,1365,7.30969107321966,7.79524097472924,6.70247968397291,6.76016666666666,7.31728775834658,7.30619047619048,126
"128",2018,9,7.31818181818182,11,7.85714285714286,6.375,6.375,7.16666666666667,7.375,7,4,4,3,8,2005,1115,890,304,632,1373,7.30973765586035,7.79562959641256,6.70100786516854,6.75509868421052,7.31657278481013,7.30659140568099,127
"129",2018,10,7.44285714285714,14,7.8,6.96666666666667,6.9,8,7.4,8,6,2,1,13,2019,1123,896,306,633,1386,7.31066072313026,7.795660730187,6.70278683035714,6.75604575163399,7.31765244865719,7.30746753246753,128
"130",2018,11,6.25,8,7,5.5,4,5.5,7,4,4,1,4,4,2027,1127,900,307,637,1390,7.30647459299457,7.79283673469388,6.69744111111111,6.74706840390879,7.30623861852433,7.30658273381295,129
"131",2018,12,7.28571428571429,7,7.66666666666667,5,NA,8,7,6,1,0,2,5,2034,1133,901,307,639,1395,7.30640314650934,7.79216857899382,6.69555715871254,6.74706840390879,7.30841001564945,7.30548387096774,130
"132",2019,1,7.01764705882353,17,7.53,6.28571428571429,6,7.2,6.94166666666667,10,7,2,5,12,2051,1143,908,309,644,1407,7.30400975134081,7.78987489063867,6.69239757709251,6.74223300970874,7.30756832298137,7.30238095238095,131
"133",2019,2,7.625,12,7.75,7.5,8.5,8.16666666666667,7.44444444444444,6,6,2,3,9,2063,1149,914,311,647,1416,7.30587687833252,7.78966666666667,6.69769912472648,6.75353697749196,7.31155177743431,7.30328389830508,132
"134",2019,3,8.35,10,8.8125,6.5,6,10,8.16666666666667,8,2,1,1,9,2073,1157,916,312,648,1425,7.31091365171249,7.796738980121,6.69726746724891,6.75112179487179,7.31570061728395,7.30873684210526,133
"135",2019,4,8.3,5,8.3,NA,NA,8.5,8.16666666666667,5,0,0,2,3,2078,1162,916,312,650,1428,7.31329355149182,7.79890447504303,6.69726746724891,6.75112179487179,7.31934461538462,7.31053921568628,134
"136",2019,5,7.01428571428571,7,7.025,7,7,7,7.03333333333333,4,3,1,4,3,2085,1166,919,313,654,1431,7.3122896882494,7.79624957118353,6.69825571273123,6.75191693290735,7.31739143730887,7.30995807127883,135
"137",2019,6,8,4,8.5,7.5,7,7.5,8.5,2,2,1,2,2,2089,1168,921,314,656,1433,7.31360651029201,7.79745462328767,6.69999674267101,6.75270700636943,7.31794817073171,7.31161898115841,136
"138",2019,7,7.4,10,7.66666666666667,7,7,7.5,7.375,6,4,3,2,8,2099,1174,925,317,658,1441,7.31401810385898,7.79678620102215,6.70129405405405,6.75504731861199,7.31850151975684,7.31197085357391,137
"139",2019,8,6.75,8,6.66666666666667,7,NA,NA,6.75,6,2,0,0,8,2107,1180,927,317,658,1449,7.31187660180351,7.79103983050847,6.70193851132686,6.75504731861199,7.31850151975684,7.30886818495514,138
"140",2019,9,7.75,4,7.75,NA,NA,8,7.66666666666667,4,0,0,1,3,2111,1184,927,317,659,1452,7.31270677404074,7.79090118243243,6.70193851132686,6.75504731861199,7.31953566009105,7.30960743801653,139
"141",2019,10,7.35,10,7.92857142857143,6,6.5,6.5,7.91666666666667,7,3,2,4,6,2121,1191,930,319,663,1458,7.31288260254597,7.79171032745592,6.69967419354839,6.75344827586207,7.31459125188537,7.31210562414266,140
"142",2019,11,7.35714285714286,7,7.9,6,5,7.5,7.33333333333333,5,2,1,1,6,2128,1196,932,320,664,1464,7.31302819548872,7.79216304347826,6.69817274678112,6.74796875,7.31487048192771,7.31219262295082,141
"143",2019,12,7.25,2,7.25,NA,NA,6.5,8,2,0,0,1,1,2130,1198,932,320,665,1465,7.31296901408451,7.79125792988314,6.69817274678112,6.74796875,7.31364511278196,7.31266211604096,142
"144",2020,1,6.85,10,7.42857142857143,5.5,NA,NA,6.85,7,3,0,0,10,2140,1205,935,320,665,1475,7.31080560747664,7.7891510373444,6.69432834224599,6.74796875,7.31364511278196,7.30952542372881,143
"145",2020,2,6.66666666666667,3,6.66666666666667,NA,NA,NA,6.66666666666667,3,0,0,0,3,2143,1208,935,320,665,1478,7.30990387307513,7.78636341059603,6.69432834224599,6.74796875,7.31364511278196,7.30822056833559,144
"146",2020,3,7.75,4,8.5,7,7,6,8.33333333333333,2,2,2,1,3,2147,1210,937,322,666,1481,7.31072380065207,7.78754297520661,6.69498078975454,6.74953416149068,7.31167267267267,7.31029709655638,145
"147",2020,4,6.95,10,8.1,5.8,6.33333333333333,7,6.9,5,5,3,5,5,2157,1215,942,325,671,1486,7.30905146036161,7.78882880658436,6.69023036093418,6.74569230769231,7.30935022354695,7.30891655450875,146
"148",2020,5,6.80909090909091,11,6.98571428571429,6.5,6,7.66666666666667,6.4875,7,4,1,3,8,2168,1222,946,326,674,1494,7.3065147601476,7.78422831423895,6.68942600422833,6.74340490797546,7.31094065281899,7.30451807228916,147
"149",2020,6,7.65384615384615,13,7.72222222222222,7.5,6,6.66666666666667,7.95,9,4,1,3,10,2181,1231,950,327,677,1504,7.30858505272811,7.78377497969131,6.69283894736842,6.74113149847095,7.30808567208272,7.30880984042553,148
"150",2020,7,6.83333333333333,6,7.33333333333333,6.33333333333333,6,7,6.8,3,3,2,1,5,2187,1234,953,329,678,1509,7.30728120713306,7.78267990275527,6.69170724029381,6.73662613981763,7.30763126843658,7.3071239231279,149
"151",2020,8,6.0625,8,7.125,5,5,8,5.78571428571429,4,4,1,1,7,2195,1238,957,330,679,1516,7.3027444191344,7.7805549273021,6.68463636363636,6.73136363636363,7.30865095729013,7.30009894459103,150
"152",2020,9,8.33333333333333,6,9.125,6.75,6.5,7.83333333333333,8.83333333333333,4,2,1,3,3,2201,1242,959,331,682,1519,7.30555383916402,7.78488486312399,6.68477267987487,6.73066465256797,7.31095894428153,7.30312705727452,151
"153",2020,10,7.48,5,8,6.7,6,6,7.85,3,2,1,1,4,2206,1245,961,332,683,1523,7.30594922937443,7.78540321285141,6.68480437044745,6.72846385542169,7.30903953147877,7.30456336178595,152
"154",2020,11,7.41428571428571,7,8.375,6.13333333333333,6,8.5,7.23333333333333,4,3,1,1,6,2213,1249,964,333,684,1529,7.30629191143244,7.78729143314652,6.68308817427386,6.72627627627627,7.31078070175439,7.30428384565075,153
"155",2020,12,7.16470588235294,17,8.25714285714286,6.4,6,7.65,7.1,7,10,3,2,15,2230,1256,974,336,686,1544,7.30521255605381,7.78991003184713,6.68018172484599,6.71979166666666,7.31176967930029,7.30229922279793,154
"156",2021,1,7.5,9,8.07142857142857,5.5,NA,7.5,7.5,7,2,0,1,8,2239,1263,976,336,687,1552,7.30599553372041,7.7914703087886,6.67776331967213,6.71979166666666,7.31204366812227,7.30331829896907,155
"157",2021,2,7.11111111111111,9,7.66666666666667,6,7,8,7,6,3,1,1,8,2248,1269,979,337,688,1560,7.3052153024911,7.79088022064618,6.67568641470889,6.72062314540059,7.31304360465116,7.30176282051282,156
"158",2021,3,7.43076923076923,13,7.96,5.66666666666667,5.66666666666667,8,7.32727272727273,10,3,3,2,11,2261,1279,982,340,690,1571,7.305937195931,7.79220250195465,6.67260386965377,6.71132352941176,7.3150347826087,7.30194143857416,157
"159",2021,4,6.28571428571429,14,6.66666666666667,6,6.33333333333333,7,6.09090909090909,6,8,3,3,11,2275,1285,990,343,693,1582,7.2996589010989,7.78694708171206,6.66716868686869,6.70801749271137,7.313670995671,7.2935208596713,158
"160",2021,5,7.325,8,7.325,NA,NA,8,6.92,8,0,0,3,5,2283,1293,990,343,696,1587,7.29974770039422,7.78408894044857,6.66716868686869,6.70801749271137,7.31662931034483,7.29234404536862,159
"161",2021,6,7.3,5,7.375,7,NA,7.5,7.25,4,1,0,1,4,2288,1297,991,343,697,1591,7.29974825174825,7.78282729375482,6.66750454086781,6.70801749271137,7.31689239598278,7.29223758642363,160
"162",2021,7,7.18333333333333,6,7.7,6.66666666666667,NA,7.55,7,3,3,0,2,4,2294,1300,994,343,699,1595,7.29944376634699,7.78263615384615,6.66750201207243,6.70801749271137,7.31755937052933,7.29150470219436,161
"163",2021,8,6.5,9,7.2,5.625,NA,5.875,7,5,4,0,4,5,2303,1305,998,343,703,1600,7.29631958315241,7.78040383141762,6.66332364729459,6.70801749271137,7.30935135135135,7.29059375,162
"164",2021,9,7.2,5,8.66666666666667,5,NA,7,7.25,3,2,0,1,4,2308,1308,1000,343,704,1604,7.29611091854419,7.78243654434251,6.659997,6.70801749271137,7.30891193181818,7.29049251870324,163
"165",2021,10,6.875,8,7.75,6,6,10,6.42857142857143,4,4,2,1,7,2316,1312,1004,345,705,1611,7.29465630397236,7.78233765243902,6.65736752988048,6.70391304347826,7.31272907801419,7.28674736188703,164
"166",2021,11,6.92,5,8.6,6.5,6,5,7.4,1,4,3,1,4,2321,1313,1008,348,706,1615,7.29384920292977,7.7829603960396,6.65674305555556,6.69784482758621,7.30945325779037,7.28702786377709,165
"167",2021,12,6.88111111111111,9,8.14333333333333,6.25,6,7,6.786,3,6,2,4,5,2330,1316,1014,350,710,1620,7.29225493562231,7.78378191489362,6.65433629191321,6.69385714285714,7.30770985915493,7.28548148148148,166
"168",2022,1,7.5625,8,7.5625,NA,NA,8,7.41666666666667,8,0,0,2,6,2338,1324,1014,350,712,1626,7.29317964071856,7.78244486404834,6.65433629191321,6.69385714285714,7.30965449438202,7.2859655596556,167
"169",2022,2,6.75,8,6.57142857142857,8,NA,5,7.33333333333333,7,1,0,2,6,2346,1331,1015,350,714,1632,7.2913273657289,7.77607588279489,6.65566206896552,6.69385714285714,7.30318487394958,7.28613970588235,168
"170",2022,3,6.975,8,7.95,6,8,7.5,6.8,4,4,1,2,6,2354,1335,1019,351,716,1638,7.29025233644859,7.77659700374532,6.6530883218842,6.69757834757835,7.30373463687151,7.28435897435897,169
"171",2022,4,6.875,8,7.14285714285714,5,NA,8,6.2,7,1,0,3,5,2362,1342,1020,351,719,1643,7.28884589331075,7.7732913561848,6.65146764705882,6.69757834757835,7.30663977746871,7.28105903834449,170
"172",2022,5,9,4,9,NA,NA,10,8.66666666666667,4,0,0,1,3,2366,1346,1020,351,720,1646,7.29173879966187,7.77693684992571,6.65146764705882,6.69757834757835,7.31038055555556,7.28358444714459,171
"173",2022,6,7.16666666666667,3,8,6.75,NA,NA,7.16666666666667,1,2,0,0,3,2369,1347,1022,351,720,1649,7.29158041367665,7.77710244988864,6.65166046966732,6.69757834757835,7.31038055555556,7.28337174044876,172
"174",2022,7,6.8,5,7,6.5,NA,6,7,3,2,0,1,4,2374,1350,1024,351,721,1653,7.29054507160909,7.77537555555556,6.6513642578125,6.69757834757835,7.30856310679612,7.28268602540835,173
"175",2022,8,7.08076923076923,13,7.25,7.03,5.5,6.5,7.18636363636364,3,10,2,2,11,2387,1353,1034,353,723,1664,7.28940259740259,7.77421064301552,6.65502611218569,6.69079320113314,7.30632641770401,7.28204927884615,174
"176",2022,9,8.5,5,8.83333333333333,8,NA,9,8.16666666666667,3,2,0,2,3,2392,1356,1036,353,725,1667,7.29193311036789,7.77655383480826,6.65762258687259,6.69079320113314,7.31099862068966,7.28364127174565,175
"177",2022,10,7,4,6,8,NA,7,7,2,2,0,1,3,2396,1358,1038,353,726,1670,7.29144574290484,7.77393740795287,6.66020905587669,6.69079320113314,7.31057024793389,7.28313173652695,176
"178",2022,11,7.25,8,8,6,6,9,6.66666666666667,5,3,1,2,6,2404,1363,1041,354,728,1676,7.2913078202995,7.77476669112252,6.65830643611912,6.6888418079096,7.31521153846154,7.28092482100239,177
"179",2022,12,7.5,6,7.66666666666667,7.33333333333333,7,7,7.6,3,3,2,1,5,2410,1366,1044,356,729,1681,7.29182738589211,7.77452928257687,6.66024616858238,6.69058988764045,7.31477914951989,7.2818738845925,178
