"","year","month","avg_rating","no_ratings","avg_rating_owned","avg_rating_not_owned","avg_rating_prev_owned","avg_rating_comment","avg_rating_no_comment","no_ratings_owned","no_ratings_not_owned","no_ratings_prev_owned","no_ratings_comment","no_ratings_no_comment","cum_no_ratings","cum_no_ratings_owned","cum_no_ratings_not_owned","cum_no_ratings_prev_owned","cum_no_ratings_comment","cum_no_ratings_no_comment","cum_avg_rating","cum_avg_rating_owned","cum_avg_rating_not_owned","cum_avg_rating_prev_owned","cum_avg_rating_comment","cum_avg_rating_no_comment","month_after_release"
"1",2006,2,9,1,9,NA,NA,9,NA,1,0,0,1,0,1,1,0,0,1,0,9,9,NA,NA,9,NA,-1
"2",2006,3,8.86111111111111,18,9,8.375,NA,8.88888888888889,8.83333333333333,14,4,0,9,9,19,15,4,0,10,9,8.86842105263158,9,8.375,NA,8.9,8.83333333333333,0
"3",2006,4,8.04545454545454,11,8.78571428571429,6.75,NA,7.91666666666667,8.2,7,4,0,6,5,30,22,8,0,16,14,8.56666666666667,8.93181818181818,7.5625,NA,8.53125,8.60714285714286,1
"4",2006,5,8.625,12,8.83333333333333,8,NA,7.83333333333333,8.88888888888889,9,3,0,3,9,42,31,11,0,19,23,8.58333333333333,8.90322580645161,7.68181818181818,NA,8.42105263157895,8.71739130434783,2
"5",2006,6,8.3125,8,8.33333333333333,8.25,NA,7.8,9.16666666666667,6,2,0,5,3,50,37,13,0,24,26,8.54,8.81081081081081,7.76923076923077,NA,8.29166666666667,8.76923076923077,3
"6",2006,7,8.4,5,9.33333333333333,7,NA,9,8.25,3,2,0,1,4,55,40,15,0,25,30,8.52727272727273,8.85,7.66666666666667,NA,8.32,8.7,4
"7",2006,8,6.5,2,9,4,NA,4,9,1,1,0,1,1,57,41,16,0,26,31,8.45614035087719,8.85365853658537,7.4375,NA,8.15384615384615,8.70967741935484,5
"8",2006,9,8.625,4,9,8.25,NA,8.5,9,2,2,0,3,1,61,43,18,0,29,32,8.4672131147541,8.86046511627907,7.52777777777778,NA,8.18965517241379,8.71875,6
"9",2006,10,8.25,8,8.83333333333333,6.5,6.5,8.33333333333333,8,6,2,2,6,2,69,49,20,2,35,34,8.44202898550725,8.85714285714286,7.425,6.5,8.21428571428571,8.67647058823529,7
"10",2006,11,8,8,8.5,6.5,9,9,7.66666666666667,6,2,1,2,6,77,55,22,3,37,40,8.3961038961039,8.81818181818182,7.34090909090909,7.33333333333333,8.25675675675676,8.525,8
"11",2006,12,8.14285714285714,7,9,7.8,9,6.5,8.8,2,5,1,2,5,84,57,27,4,39,45,8.375,8.82456140350877,7.42592592592593,7.75,8.16666666666667,8.55555555555556,9
"12",2007,1,8.5,10,9,6.5,NA,8,8.71428571428571,8,2,0,3,7,94,65,29,4,42,52,8.38829787234043,8.84615384615385,7.36206896551724,7.75,8.15476190476191,8.57692307692308,10
"13",2007,2,7.68681133333333,15,8.19444444444444,6.92536166666667,NA,7.375,8.04316714285714,9,6,0,8,7,109,74,35,4,50,59,8.29176302752294,8.76689189189189,7.28720485714286,7.75,8.03,8.51359610169492,11
"14",2007,3,7.4,5,7.75,6,NA,6.75,7.83333333333333,4,1,0,2,3,114,78,36,4,52,62,8.25265061403509,8.71474358974359,7.25144916666667,7.75,7.98076923076923,8.48068016129032,12
"15",2007,4,7.3,5,9.33333333333333,4.25,NA,5.83333333333333,9.5,3,2,0,3,2,119,81,38,4,55,64,8.21262327731093,8.73765432098766,7.09347815789474,7.75,7.86363636363636,8.51253390625,13
"16",2007,5,7.33333333333333,6,7.33333333333333,NA,NA,8.33333333333333,6.33333333333333,6,0,0,3,3,125,87,38,4,58,67,8.17041736,8.64080459770115,7.09347815789474,7.75,7.88793103448276,8.41495776119403,14
"17",2007,6,8.33333333333333,6,9,7.66666666666667,9.5,7.83333333333333,8.83333333333333,3,3,1,3,3,131,90,41,5,61,70,8.17787916030534,8.65277777777778,7.1354187804878,8.1,7.88524590163934,8.43288814285714,15
"18",2007,7,8,2,10,6,NA,6,10,1,1,0,1,1,133,91,42,5,62,71,8.17520428571429,8.66758241758242,7.108385,8.1,7.85483870967742,8.45496014084507,16
"19",2007,8,8,8,8,8,9,8.66666666666667,7.6,6,2,1,3,5,141,97,44,6,65,76,8.16526361702128,8.62628865979382,7.14891295454545,8.25,7.89230769230769,8.39871276315789,17
"20",2007,9,6.86666666666667,6,10,6.24,NA,5.4,8.33333333333333,1,5,0,3,3,147,98,49,6,68,79,8.11225965986394,8.64030612244898,7.05616673469388,8.25,7.78235294117647,8.39623,18
"21",2007,10,8.15,12,8.53333333333333,7,8,7.5,8.475,9,3,1,4,8,159,107,52,7,72,87,8.11510798742138,8.63130841121495,7.05292634615385,8.21428571428571,7.76666666666667,8.4034732183908,19
"22",2007,11,8.3,9,8.11666666666667,8.66666666666667,NA,7,8.67142857142857,6,3,0,2,7,168,113,55,7,74,94,8.12501291666667,8.60398230088496,7.14094854545455,8.21428571428571,7.74594594594595,8.42342734042553,20
"23",2007,12,7.3125,16,7.8,6.5,8,7.625,7,10,6,1,8,8,184,123,61,8,82,102,8.05435961956522,8.53861788617886,7.07790442622951,8.1875,7.73414634146341,8.31178598039216,21
"24",2008,1,8.58333333333333,12,8.75,8.25,7,8.7,8.5,8,4,1,5,7,196,131,65,9,87,109,8.08674576530612,8.55152671755725,7.15003338461538,8.05555555555556,7.78965517241379,8.32387311926605,22
"25",2008,2,8.53846153846154,13,9.14285714285714,7.83333333333333,8.5,8,8.875,7,6,2,5,8,209,138,71,11,92,117,8.11484291866029,8.58152173913044,7.20777704225352,8.13636363636364,7.80108695652174,8.36155700854701,23
"26",2008,3,8.26923076923077,13,8.45,7.66666666666667,NA,8.66666666666667,7.92857142857143,10,3,0,6,7,222,148,74,11,98,124,8.12388364864865,8.57263513513514,7.22638067567568,8.13636363636364,7.85408163265306,8.33711427419355,24
"27",2008,4,8.4375,8,9.75,4.5,5,8.21428571428571,10,6,2,1,7,1,230,154,76,12,105,125,8.13479204347826,8.61850649350649,7.15463381578947,7.875,7.87809523809524,8.35041736,25
"28",2008,5,7.5,14,7.75,7.16666666666667,6,7.42857142857143,7.57142857142857,8,6,1,7,7,244,162,82,13,112,132,8.09836954918033,8.57561728395062,7.15551426829268,7.73076923076923,7.85,8.30910734848485,26
"29",2008,6,8.875,16,9,7,NA,8.85714285714286,8.88888888888889,15,1,0,7,9,260,177,83,13,119,141,8.1461621923077,8.61158192090396,7.15364060240964,7.73076923076923,7.90924369747899,8.34611468085106,27
"30",2008,7,7.80533333333333,15,8.26,7.28571428571429,7.25,7.76,7.85714285714286,8,7,2,8,7,275,185,90,15,127,148,8.12757152727273,8.59637837837838,7.163913,7.66666666666667,7.89984251968504,8.32298763513513,28
"31",2008,8,7.75,16,8.6,7.36363636363636,6.66666666666667,7.57142857142857,7.88888888888889,5,11,3,7,9,291,190,101,18,134,157,8.10681158075602,8.59647368421053,7.18566504950495,7.5,7.88268656716418,8.29810299363057,29
"32",2008,9,8.20588235294118,17,8.2,8.21428571428571,8.5,8.8,7.95833333333333,10,7,4,5,12,308,200,108,22,139,169,8.11227977272728,8.57665,7.25233490740741,7.68181818181818,7.91568345323741,8.2739773372781,30
"33",2008,10,7.90909090909091,11,7.75,8.33333333333333,8,9.5,7.55555555555556,8,3,1,2,9,319,208,111,23,141,178,8.10527326018809,8.54485576923077,7.28155108108108,7.69565217391304,7.9381560283688,8.23765264044943,31
"34",2008,11,7.71428571428571,14,8.57142857142857,6.85714285714286,10,7.8,7.66666666666667,7,7,1,5,9,333,215,118,24,146,187,8.08883534534535,8.54572093023256,7.2563743220339,7.79166666666667,7.93342465753425,8.21017203208556,32
"35",2008,12,7.82857142857143,7,7.82857142857143,NA,NA,6.66666666666667,8.7,7,0,0,3,4,340,222,118,24,149,191,8.08347697058824,8.52310810810811,7.2563743220339,7.79166666666667,7.90791946308725,8.22043020942408,33
"36",2009,1,7.68421052631579,19,8.72727272727273,6.25,5.75,7.5625,7.77272727272727,11,8,4,8,11,359,233,126,28,157,202,8.06234587743733,8.53274678111588,7.19247753968254,7.5,7.89031847133758,8.19605034653465,34
"37",2009,2,7.86071428571429,28,8.5,7.12307692307692,NA,8.5,7.55789473684211,15,13,0,9,19,387,248,139,28,166,221,8.04775754521964,8.53076612903226,7.18598683453237,7.5,7.9233734939759,8.14118628959276,35
"38",2009,3,7.46875,24,8.34090909090909,6.73076923076923,7.5,7.08333333333333,7.7,11,13,2,9,15,411,259,152,30,175,236,8.01394688564477,8.52270270270271,7.14705375,7.5,7.88017142857143,8.11314478813559,36
"39",2009,4,8.2,20,8.625,7.5625,8.5,8,8.33333333333333,12,8,1,8,12,431,271,160,31,183,248,8.02258044083527,8.52723247232472,7.1678260625,7.53225806451613,7.88540983606558,8.12379907258064,37
"40",2009,5,7.82,15,9.28571428571429,6.5375,8,8.325,7.63636363636364,7,8,2,4,11,446,278,168,33,187,259,8.01576719730942,8.5463309352518,7.13781053571429,7.56060606060606,7.8948128342246,8.10309718146718,38
"41",2009,6,8.36111111111111,18,9.13636363636364,7.14285714285714,9,7.5,8.46875,11,7,1,2,16,464,289,175,34,189,275,8.02916415948276,8.56878892733564,7.1380124,7.60294117647059,7.89063492063492,8.12437152727272,39
"42",2009,7,8.03,20,9.3,7.34615384615385,7,8.8,7.61538461538461,7,13,2,7,13,484,296,188,36,196,288,8.02919869834711,8.58608108108108,7.15240515957447,7.56944444444444,7.92311224489796,8.10139642361111,40
"43",2009,8,7.6875,16,9.11111111111111,5.85714285714286,7,8.3125,7.0625,9,7,1,8,8,500,305,195,37,204,296,8.01826434,8.60157377049181,7.10590856410256,7.55405405405405,7.93838235294118,8.07331814189189,41
"44",2009,9,8.19444444444444,18,8.65,7.625,8.25,9.875,7.71428571428571,10,8,2,4,14,518,315,203,39,208,310,8.02438642857143,8.60311111111111,7.12636536945813,7.58974358974359,7.975625,8.05710377419355,42
"45",2009,10,8.15833333333333,24,9.06666666666667,7.25,7,8.375,8.05,12,12,6,8,16,542,327,215,45,216,326,8.03031765682657,8.62012232415903,7.13326590697674,7.51111111111111,7.99041666666667,8.05675512269939,43
"46",2009,11,8.1304347826087,23,9.27777777777778,7.39285714285714,7.83333333333333,9.28571428571429,7.625,9,14,3,7,16,565,336,229,48,223,342,8.03439322123894,8.6377380952381,7.14913611353712,7.53125,8.03107623318386,8.03655605263158,44
"47",2009,12,7.63888888888889,18,8.9375,6.6,6.8,6.16666666666667,8.375,8,10,5,6,12,583,344,239,53,229,354,8.02218210977702,8.64470930232558,7.12615970711297,7.4622641509434,7.98222707423581,8.04802872881356,45
"48",2010,1,8.04,25,9.1,7.33333333333333,6.875,8.42857142857143,7.88888888888889,10,15,4,7,18,608,354,254,57,236,372,8.02291475328948,8.65757062146893,7.13839437007874,7.42105263157895,7.99546610169492,8.04032841397849,46
"49",2010,2,8.11818181818182,22,8.35,7.5,NA,9.125,7.89444444444444,16,6,0,4,18,630,370,260,57,240,390,8.02624153968254,8.64427027027027,7.14673911538462,7.42105263157895,8.01429166666667,8.03359530769231,47
"50",2010,3,7.68333333333333,21,8.67777777777778,6.9375,6.83333333333333,7.16875,8,9,12,3,8,13,651,379,272,60,248,403,8.01517998463902,8.64506596306069,7.13750797794118,7.39166666666667,7.98701612903226,8.03251158808933,48
"51",2010,4,8.46666666666667,15,9.28571428571429,7.75,9,8.66666666666667,8.33333333333333,7,8,1,6,9,666,386,280,61,254,412,8.02534860360361,8.65668393782383,7.15500775,7.41803278688525,8.00307086614173,8.0390829368932,49
"52",2010,5,7.93266666666667,15,8.99857142857143,7,10,6.99875,9,7,8,1,8,7,681,393,288,62,262,419,8.02330715124817,8.66277353689567,7.15070197916667,7.45967741935484,7.97240458015267,8.05513644391408,50
"53",2010,6,8.22,10,8.41666666666667,7.925,NA,9,7.88571428571429,6,4,0,3,7,691,399,292,62,265,426,8.02615364688857,8.65907268170426,7.16130880136986,7.45967741935484,7.98403773584906,8.05235251173709,51
"54",2010,7,7.3875,8,8.75,6.025,9,6.5,7.68333333333333,4,4,1,2,6,699,403,296,63,267,432,8.01884430615165,8.65997518610422,7.14595327702703,7.48412698412698,7.97292134831461,8.04722724537037,52
"55",2010,8,7.63888888888889,18,8.44444444444444,6.83333333333333,NA,7.5,7.72727272727273,9,9,0,7,11,717,412,305,63,274,443,8.00930567642957,8.65526699029126,7.13672842622951,7.48412698412698,7.96083941605839,8.03928255079006,53
"56",2010,9,8.59090909090909,11,9.0625,7.33333333333333,6,8.625,8.57142857142857,8,3,1,4,7,728,420,308,64,278,450,8.01809364010989,8.66302380952381,7.13864340909091,7.4609375,7.97039568345324,8.04756037777777,54
"57",2010,10,8.140625,16,9.04166666666667,7.6,7.33333333333333,7.85714285714286,8.36111111111111,6,10,3,7,9,744,426,318,67,285,459,8.02072872311828,8.66835680751174,7.15315147798742,7.45522388059702,7.96761403508772,8.05370843137255,55
"58",2010,11,8.75820512820513,39,8.869,8.38888888888889,8.875,8.723125,8.78260869565217,30,9,4,16,23,783,456,327,71,301,482,8.05746126436782,8.68155701754386,7.18716259938838,7.53521126760563,8.00777408637874,8.08848997925311,56
"59",2010,12,8.28064516129032,31,8.95,7.56666666666667,4.5,8,8.45789473684211,16,15,2,12,19,814,472,342,73,313,501,8.0659608968059,8.69065677966102,7.20380751461988,7.45205479452055,8.00747603833866,8.10249934131736,57
"60",2011,1,8.55172413793103,29,8.6578947368421,8.35,8.5,8.35714285714286,8.61363636363636,19,10,2,7,22,843,491,352,75,320,523,8.08267161328588,8.68938900203666,7.23636980113636,7.48,8.015125,8.1240003250478,58
"61",2011,2,8.45142857142857,35,9.07894736842105,7.70625,8.4,7.70833333333333,8.83913043478261,19,16,2,12,23,878,510,368,77,332,546,8.09737149202734,8.70390196078431,7.256799375,7.5038961038961,8.00403614457831,8.15412485347985,59
"62",2011,3,7.92820512820513,39,8.90476190476191,6.78888888888889,8,7.46666666666667,8.21666666666667,21,18,5,15,24,917,531,386,82,347,570,8.09017684841876,8.71184557438795,7.23497971502591,7.53414634146341,7.98080691642651,8.15675819298245,60
"63",2011,4,8.53214285714286,28,9.08235294117647,7.68181818181818,8,8.98333333333333,8.40909090909091,17,11,1,6,22,945,548,397,83,353,592,8.10327213756614,8.72333941605839,7.24736062972292,7.53975903614458,7.99784702549575,8.16613542229729,61
"64",2011,5,8.372,25,8.83125,7.55555555555556,8.33333333333333,8.53333333333333,8.28125,16,9,3,9,16,970,564,406,86,362,608,8.11019811340206,8.72640070921986,7.25419253694581,7.56744186046512,8.01116022099448,8.16916475328947,62
"65",2011,6,7.98333333333333,30,8.11764705882353,7.80769230769231,8.125,8,7.98076923076923,17,13,4,4,26,1000,581,419,90,366,634,8.10639217,8.70858864027539,7.27136556085919,7.59222222222222,8.01103825136612,8.16143875394322,63
"66",2011,7,8.11153846153846,26,9.15,6.9,NA,9,8.076,14,12,0,1,25,1026,595,431,90,367,659,8.106522582846,8.71897478991597,7.26102591647332,7.59222222222222,8.01373297002725,8.15819752655539,64
"67",2011,8,8.32865384615385,26,9.11633333333333,7.25454545454545,7.1,8.22722222222222,8.38235294117647,15,11,3,9,17,1052,610,442,93,376,676,8.11201251901141,8.72874590163934,7.26086463800905,7.5763440860215,8.01884308510638,8.16383457100592,65
"68",2011,9,8.7,22,9.35,7.5625,NA,8.23333333333333,8.875,14,8,0,6,16,1074,624,450,93,382,692,8.12405695530726,8.74268429487179,7.26622704444444,7.5763440860215,8.02221204188482,8.18027770231214,66
"69",2011,10,7.625,24,8.34615384615385,6.77272727272727,4,7.16666666666667,7.77777777777778,13,11,1,6,18,1098,637,461,94,388,710,8.11314860655738,8.73459183673469,7.25445156182213,7.53829787234042,8.00898195876289,8.17007347887324,67
"70",2011,11,8.07878787878788,33,8.84705882352941,7.2625,7.84,8.60909090909091,7.81363636363636,17,16,5,11,22,1131,654,477,99,399,732,8.11214603890362,8.73751529051987,7.25472153039832,7.55353535353535,8.02552631578947,8.15936088797814,68
"71",2011,12,8.05862068965517,29,8.58333333333333,7.2,6.5,7.5625,8.24761904761905,18,11,1,8,21,1160,672,488,100,407,753,8.11080790517241,8.73338541666666,7.25348805327869,7.543,8.01642506142506,8.16182227091633,69
"72",2012,1,8.19864864864865,37,8.97647058823529,7.5375,9.25,7.38571428571429,8.38833333333333,17,20,4,7,30,1197,689,508,104,414,783,8.11352311612364,8.7393831640058,7.26466962598425,7.60865384615385,8.00576086956521,8.17050085568327,70
"73",2012,2,8.17857142857143,28,8.21875,8.125,9,7.83333333333333,8.27272727272727,16,12,2,6,22,1225,705,520,106,420,805,8.11500993469388,8.72756737588652,7.28452340384615,7.63490566037736,8.00329761904762,8.17329462111801,71
"74",2012,3,7.91486486486486,37,7.95208333333333,7.84615384615385,8.33333333333333,7.84411764705882,7.975,24,13,3,17,20,1262,729,533,109,437,825,8.10914197305864,8.70203703703704,7.29822170731707,7.65412844036697,7.99710526315789,8.16848747878788,72
"75",2012,4,8.3,32,8.75555555555556,7.71428571428571,NA,7,8.43448275862069,18,14,0,3,29,1294,747,547,109,440,854,8.11386180061824,8.7033266398929,7.308870511883,7.65412844036697,7.99030681818182,8.17752010538642,73
"76",2012,5,7.51041666666667,24,8.0625,6.95833333333333,9,8.75,7.09722222222222,12,12,6,6,18,1318,759,559,115,446,872,8.10287342185129,8.69319499341238,7.30134556350626,7.72434782608696,8.00052690582959,8.15522037844037,74
"77",2012,6,8.308,25,8.96666666666667,7.32,8.33333333333333,8.84,8.175,15,10,3,5,20,1343,774,569,118,451,892,8.10669186150409,8.69849483204134,7.30167340949033,7.73983050847458,8.00983370288248,8.155663867713,75
"78",2012,7,7.68846153846154,26,8.81818181818182,6.86,NA,8.1,7.43125,11,15,0,10,16,1369,785,584,118,461,908,8.0987488458729,8.70017197452229,7.29032905821918,7.73983050847458,8.01178958785249,8.14289886563876,76
"79",2012,8,8,28,8.38235294117647,7.40909090909091,9,8,8,17,11,1,5,23,1397,802,595,119,466,931,8.0967696277738,8.69343516209476,7.29252465546218,7.75042016806723,8.01166309012875,8.13936860365199,77
"80",2012,9,7.52727272727273,11,7.83333333333333,7.16,NA,NA,7.52727272727273,6,5,0,0,11,1408,808,600,119,466,942,8.09232043323864,8.68704826732673,7.29142028333333,7.75042016806723,8.01166309012875,8.13222098726115,78
"81",2012,10,7.97095238095238,21,8.5,7.26555555555556,8.8,7.4,8.149375,12,9,3,5,16,1429,820,609,122,471,958,8.09053685794261,8.68431097560975,7.29103804597701,7.77622950819672,8.00516985138004,8.13250748434238,79
"82",2012,11,7.07333333333333,30,8.64285714285714,5.7,7.4,7.7,6.71052631578947,14,16,5,11,19,1459,834,625,127,482,977,8.06962108978752,8.68361510791367,7.250307472,7.76141732283465,7.99820539419087,8.10485380757421,80
"83",2012,12,8.04769230769231,26,8.85416666666667,7.35642857142857,6.33333333333333,7.67111111111111,8.24705882352941,12,14,3,9,17,1485,846,639,130,491,994,8.06923715151515,8.68603427895981,7.25263250391236,7.72846153846154,7.99220977596741,8.10728588531187,81
"84",2013,1,8.38541666666667,24,8.78571428571429,7.825,7,8.5625,8.296875,14,10,2,8,16,1509,860,649,132,499,1010,8.07426585155732,8.68765697674418,7.26145172573189,7.71742424242424,8.00135270541082,8.11028927722772,82
"85",2013,2,7.74827586206897,29,8.34615384615385,7.2625,8.16666666666667,9,7.60384615384615,13,16,3,3,26,1538,873,665,135,502,1036,8.06811909622887,8.68257159221077,7.26147694736842,7.72740740740741,8.00732071713147,8.09757931467182,83
"86",2013,3,8.04622580645161,31,8.35714285714286,7.79017647058824,8.47766666666667,8.419,7.9375,14,17,3,7,24,1569,887,682,138,509,1060,8.06768653282345,8.67743517474633,7.2746556744868,7.74371739130435,8.01298231827112,8.09395487735849,84
"87",2013,4,7.265,20,8.18571428571429,6.76923076923077,8.375,6.66666666666667,7.37058823529412,7,13,4,3,17,1589,894,695,142,512,1077,8.05758349276274,8.67358501118568,7.26520168345324,7.7615,8.00509375,8.08253683379759,85
"88",2013,5,7.88421052631579,19,8.75,6.92222222222222,8,7.83333333333333,7.90769230769231,10,9,2,6,13,1608,904,704,144,518,1090,8.05553493159204,8.67443030973451,7.26081700284091,7.7648125,8.00310424710424,8.08045153211009,86
"89",2013,6,8.12727272727273,11,9.08333333333333,6.98,8.9,5,8.82222222222222,6,5,1,2,9,1619,910,709,145,520,1099,8.0560223409512,8.67712637362637,7.25883662905501,7.77264137931034,7.99155384615384,8.08652608735214,87
"90",2013,7,7.87432432432432,37,8.39,7.26764705882353,7.25,7.6,7.97592592592593,20,17,2,10,27,1656,930,726,147,530,1126,8.05196266304347,8.67095161290322,7.2590429338843,7.7655306122449,7.98416603773585,8.08387404085258,88
"91",2013,8,7.37321428571429,28,8.01666666666667,6.63076923076923,5,8.32142857142857,7.05714285714286,15,13,1,7,21,1684,945,739,148,537,1147,8.04067706057007,8.66056613756613,7.24799075778078,7.74684459459459,7.98856238361266,8.06507599825632,89
"92",2013,9,7.97441666666667,24,8.75,7.31815384615385,9,7.75,8.0193,11,13,1,4,20,1708,956,752,149,541,1167,8.03974600117096,8.66159518828452,7.24920368351064,7.75525503355705,7.98679852125693,8.06429149100257,90
"93",2013,10,7.53,20,8.1,6.96,8,7.75,7.38333333333333,10,10,5,8,12,1728,966,762,154,549,1179,8.03384616319444,8.65578157349896,7.24540835958005,7.7632012987013,7.98334790528233,8.05736061916879,91
"94",2013,11,7.885,30,8.48,7.5875,8.46875,8.10714285714286,7.690625,10,20,8,14,16,1758,976,782,162,563,1195,8.03130612627986,8.65398053278688,7.25415750639386,7.79804320987654,7.98642628774422,8.05245035146444,92
"95",2013,12,8.1,26,8.18235294117647,7.94444444444444,5,8.33333333333333,8.03,17,9,1,6,20,1784,993,791,163,569,1215,8.03230727017937,8.64590634441087,7.26201159292035,7.7808773006135,7.99008435852372,8.05208079835391,93
"96",2014,1,8.48333333333333,33,9.26111111111111,7.55,8.5,7.93333333333333,8.79761904761905,18,15,2,12,21,1817,1011,806,165,581,1236,8.04049871766648,8.65685954500494,7.26737117866005,7.78959393939394,7.98891222030981,8.06474771035599,94
"97",2014,2,7.89333333333333,24,8.56363636363636,7.32615384615385,7.5,7.3,7.97809523809524,11,13,2,3,21,1841,1022,819,167,584,1257,8.03858021184138,8.65585616438356,7.26830423687424,7.78612574850299,7.98537328767123,8.06330005568815,95
"98",2014,3,8.084,25,8.43846153846154,7.7,8.5,8.4,8.005,13,12,2,5,20,1866,1035,831,169,589,1277,8.03918872990353,8.65312560386473,7.27453811070999,7.79457396449704,7.98889303904923,8.06238697729053,96
"99",2014,4,7.83333333333333,12,8.25,7.625,7,9,7.72727272727273,4,8,1,1,11,1878,1039,839,170,590,1288,8.0378733599574,8.65157362848893,7.27787982121573,7.7899,7.99060677966101,8.05952497670808,97
"100",2014,5,7.618,15,8.64285714285714,6.72125,5,7.25,7.75181818181818,7,8,1,4,11,1893,1046,847,171,594,1299,8.03454631273111,8.65151529636711,7.27262239669421,7.77358479532164,7.98561952861952,8.05691929946113,98
"101",2014,6,7.58653846153846,26,8.23076923076923,6.94230769230769,8,6.6,7.82142857142857,13,13,1,5,21,1919,1059,860,172,599,1320,8.02847637832204,8.64635033050047,7.26762926744186,7.7749011627907,7.97405342237061,8.05317285606061,99
"102",2014,7,6.94117647058824,17,8.0625,5.94444444444444,6.5,8.4,6.33333333333333,8,9,2,5,12,1936,1067,869,174,604,1332,8.01892880681818,8.64197282099344,7.25392539700805,7.76024712643678,7.97757947019867,8.03767880630631,100
"103",2014,8,7.56944444444444,18,7.91875,7.29,7.96666666666667,6.87,7.83846153846154,8,10,3,5,13,1954,1075,879,177,609,1345,8.01478821392016,8.63659069767442,7.25433580204778,7.76374576271186,7.96848604269294,8.03575328624536,101
"104",2014,9,7.23333333333333,18,8.64,6.69230769230769,7,6.66666666666667,7.34666666666667,5,13,3,3,15,1972,1080,892,180,612,1360,8.00765525862068,8.63660648148148,7.24614480941704,7.75101666666667,7.9621045751634,8.02815306617648,102
"105",2014,10,7.78333333333333,24,8.6,7.2,10,8,7.69411764705882,10,14,1,7,17,1996,1090,906,181,619,1377,8.004958001002,8.63627064220183,7.24543175496689,7.76344198895028,7.96253311793215,8.0240291721133,103
"106",2014,11,7.4,20,8.375,6.75,6.5,8.5,7.27777777777778,8,12,2,2,18,2016,1098,918,183,621,1395,7.99895643353174,8.63436703096539,7.23895552287582,7.74963387978142,7.96426409017713,8.01440012186381,104
"107",2014,12,7.465,20,8.21666666666667,7.14285714285714,8.66666666666667,8.33333333333333,7.31176470588235,6,14,3,3,17,2036,1104,932,186,624,1412,7.99371128192534,8.63209692028985,7.23751198497854,7.7644247311828,7.96603846153846,8.00594063031162,105
"108",2015,1,8.18965517241379,29,8.77272727272727,7.83333333333333,7.6,7.7,8.29166666666667,11,18,3,5,24,2065,1115,950,189,629,1436,7.99646303631961,8.63348430493273,7.24880123157895,7.76181481481481,7.96392368839427,8.01071599582173,106
"109",2015,2,7.39130434782609,23,8.78571428571429,6.78125,9.5,8.3,7.13888888888889,7,16,2,5,18,2088,1122,966,191,634,1454,7.98979701628352,8.63443404634581,7.24105711180124,7.78001570680628,7.96657413249211,7.99992308803302,107
"110",2015,3,7.82105263157895,19,8.875,7.05454545454545,NA,5.525,8.43333333333333,8,11,0,4,15,2107,1130,977,191,638,1469,7.98827535358329,8.63613716814159,7.238957185261,7.78001570680628,7.95126645768025,8.00434865214432,108
"111",2015,4,7.98636363636364,22,8,7.97692307692308,10,7.92857142857143,8.01333333333333,9,13,1,7,15,2129,1139,990,192,645,1484,7.9882555988727,8.63111062335382,7.24864764646465,7.791578125,7.95102015503876,8.00443946765499,109
"112",2015,5,7.28125,16,9.33333333333333,6.80769230769231,7.5,7.625,7.16666666666667,3,13,4,4,12,2145,1142,1003,196,649,1496,7.98298189743589,8.63295534150613,7.24293237288136,7.78562755102041,7.94901078582434,7.99771936497327,110
"113",2015,6,6.59733333333333,15,8.3,5.746,6.5,5.33333333333333,6.91333333333333,5,10,2,3,12,2160,1147,1013,198,652,1508,7.97335933796295,8.63150392327812,7.22815515301086,7.77264141414141,7.9369754601227,7.98909029840849,111
"114",2015,7,8.171875,16,8.34375,8,7.75,9,8.11666666666667,8,8,4,1,15,2176,1155,1021,202,653,1523,7.97481901194852,8.62951082251082,7.23420290891283,7.77219306930693,7.93860336906585,7.99034679579777,112
"115",2015,8,7.883,30,8.47058823529412,7.11461538461538,7.2475,8.27777777777778,7.71380952380952,17,13,4,9,21,2206,1172,1034,206,662,1544,7.97357033998186,8.62720563139932,7.23269939071567,7.76200485436893,7.94321450151057,7.98658560233161,113
"116",2015,9,7.39347826086957,23,8.44545454545455,6.42916666666667,6.54,6.74285714285714,7.678125,11,12,5,7,16,2229,1183,1046,211,669,1560,7.96758464333781,8.62551563820795,7.22348104206501,7.73304739336493,7.93065470852018,7.98342190384616,114
"117",2015,10,7.15625,16,7.41666666666667,7,8,5,7.65384615384615,6,10,1,3,13,2245,1189,1056,212,672,1573,7.96180230289532,8.61941547518923,7.22136474431818,7.73430660377359,7.91757142857143,7.98069813731723,115
"118",2015,11,7.88571428571429,21,8.46153846153846,6.95,8.8,6.66666666666667,8.08888888888889,13,8,2,3,18,2266,1202,1064,214,675,1591,7.9610971624007,8.61770798668885,7.21932440789474,7.74426635514019,7.91201185185185,7.98192216844752,116
"119",2015,12,8.064,25,8.50666666666667,7.4,7.5,8.41666666666667,7.95263157894737,15,10,2,6,19,2291,1217,1074,216,681,1610,7.96222006547358,8.6163393590797,7.22100667597765,7.74200462962963,7.91645814977973,7.98157650310559,117
"120",2016,1,7.14,35,8.49285714285714,6.23809523809524,5.5,5.6,7.39666666666667,14,21,3,5,30,2326,1231,1095,219,686,1640,7.94984788048151,8.61493501218521,7.2021563196347,7.71129223744292,7.89957434402332,7.97087693292683,118
"121",2016,2,7.77647058823529,17,9.1,6.85,NA,8.75,7.64666666666667,7,10,0,2,15,2343,1238,1105,219,688,1655,7.94858991463934,8.61767770597738,7.19896938461538,7.71129223744292,7.9020465116279,7.9679384712991,119
"122",2016,3,7.67857142857143,14,8.21428571428571,7.14285714285714,8,7.5,7.75,7,7,1,4,10,2357,1245,1112,220,692,1665,7.94698607127704,8.61540963855422,7.19861616007194,7.71260454545455,7.8997225433526,7.96662953153154,120
"123",2016,4,7.625,24,8.66666666666667,7,8.5,8.3,7.14285714285714,9,15,2,10,14,2381,1254,1127,222,702,1679,7.94374051658966,8.61577751196172,7.19597264418811,7.7196981981982,7.9054245014245,7.95976067301966,121
"124",2016,5,8.78421052631579,19,9.22307692307692,7.83333333333333,9,8.07142857142857,9.2,13,6,1,7,12,2400,1267,1133,223,709,1691,7.95039423749999,8.62200868192581,7.19934789938217,7.72543946188341,7.9070634696756,7.96856189828504,122
"125",2016,6,7.975,12,8.125,7.675,7,8.16666666666667,7.91111111111111,8,4,2,3,9,2412,1275,1137,225,712,1700,7.95051665422885,8.61889019607843,7.20102125769569,7.71899111111111,7.90815730337078,7.96825774705883,123
"126",2016,7,7.94444444444444,18,8.4,7.375,NA,8.5,7.78571428571429,10,8,0,4,14,2430,1285,1145,225,716,1714,7.95047167489711,8.61718677042801,7.20223682969432,7.71899111111111,7.91146368715084,7.9667667269545,124
"127",2016,8,7.8,18,8.5,6.925,9.5,7,7.96,10,8,1,3,15,2448,1295,1153,226,719,1729,7.94936526552287,8.61628185328185,7.20031324371205,7.72687168141593,7.90766063977747,7.96670802197803,125
"128",2016,9,7.64583333333333,24,8.66666666666667,6.625,7,8.33333333333333,7.54761904761905,12,12,1,3,21,2472,1307,1165,227,722,1750,7.94641835355987,8.61674445294567,7.19438727038627,7.72366960352423,7.90942936288088,7.96167895428572,126
"129",2016,10,8.32692307692308,13,8.59375,7.9,8.5,8.5,8.29545454545454,8,5,2,2,11,2485,1315,1170,229,724,1761,7.94840892152917,8.61660456273764,7.19740270940171,7.73044978165939,7.91106077348066,7.96376386712096,127
"130",2016,11,8.63846153846154,13,8.5,8.95,NA,8.25,8.70909090909091,9,4,0,2,11,2498,1324,1174,229,726,1772,7.95200006805444,8.61581193353474,7.20337408006814,7.73044978165939,7.91199449035812,7.96839061512416,128
"131",2016,12,8.0375,16,8.575,7.5,7.66666666666667,9.3,7.46363636363636,8,8,3,5,11,2514,1332,1182,232,731,1783,7.95254422036594,8.61556681681681,7.20538170050761,7.729625,7.92148837209302,7.96527659562536,129
"132",2017,1,7.91071428571429,28,8.4,7.63888888888889,NA,8.375,7.725,10,18,0,8,20,2542,1342,1200,232,739,1803,7.95208346577497,8.61396050670641,7.21188430833333,7.729625,7.92639783491204,7.96261129783694,130
"133",2017,2,7.92307692307692,13,9.16666666666667,6.85714285714286,NA,8,7.91666666666667,6,7,0,1,12,2555,1348,1207,232,740,1815,7.95193587866927,8.6164206231454,7.20982698425849,7.729625,7.92649729729729,7.96230753168045,131
"134",2017,3,7.88888888888889,9,8.08333333333333,7.5,4,4,8.375,6,3,1,1,8,2564,1354,1210,233,741,1823,7.95171457488299,8.61405834564254,7.2105464214876,7.71361802575107,7.9211983805668,7.96411857926495,132
"135",2017,4,8.57,20,8.68333333333333,8.4,8,7.5,8.68888888888889,12,8,1,2,18,2584,1366,1218,234,743,1841,7.95650006578947,8.61466691068814,7.21835892446634,7.71484188034188,7.92006460296097,7.97120487235199,133
"136",2017,5,7.8,10,9,7.28571428571429,6,10,7.55555555555556,3,7,1,1,9,2594,1369,1225,235,744,1850,7.95589675019275,8.61551132213294,7.2187438122449,7.70754468085106,7.92286021505376,7.9691827945946,134
"137",2017,6,8.035,10,8.7125,7.58333333333333,NA,8.925,7.8125,4,6,0,2,8,2604,1373,1231,235,746,1858,7.95620052611367,8.61579388201019,7.22052085296507,7.70754468085106,7.92554691689008,7.96850816469322,135
"138",2017,7,7.475,16,7.85,7.35,9.25,5.5,7.75714285714286,4,12,2,2,14,2620,1377,1243,237,748,1872,7.95326189694656,8.61356935366739,7.22177085277554,7.7205611814346,7.9190614973262,7.96692744123932,136
"139",2017,8,8.2,11,9.56,7.06666666666667,NA,9,8.02222222222222,5,6,0,2,9,2631,1382,1249,237,750,1881,7.95429348916761,8.61699348769898,7.22102575660528,7.7205611814346,7.921944,7.96719200956938,137
"140",2017,9,8.15384615384615,13,8.66666666666667,7.71428571428571,9,6.75,8.77777777777778,6,7,1,4,9,2644,1388,1256,238,754,1890,7.95527464826021,8.61720821325648,7.22377481687898,7.72593697478992,7.91572679045093,7.97105194179895,138
"141",2017,10,7.73571428571429,14,8.6,6.58333333333333,NA,7.15,7.83333333333333,8,6,0,2,12,2658,1396,1262,238,756,1902,7.95411819789315,8.61710959885387,7.22072992868463,7.72593697478992,7.91370105820106,7.97018305467929,139
"142",2017,11,7.48484848484848,33,8.80769230769231,6.625,6.66666666666667,5.66666666666667,8.16666666666667,13,20,3,9,24,2691,1409,1282,241,765,1926,7.94836349684132,8.61886799148332,7.2114361700468,7.7127510373444,7.88726535947712,7.97263144859814,140
"143",2017,12,8.22933333333333,30,8.80947368421053,7.22727272727273,NA,7.87555555555556,8.38095238095238,19,11,0,9,21,2721,1428,1293,241,774,1947,7.95146128996692,8.62140406162465,7.21157089713844,7.7127510373444,7.88712919896641,7.97703552645095,141
"144",2018,1,8.28939393939394,33,8.56785714285714,8.08421052631579,7.875,8.075,8.41190476190476,14,19,4,12,21,2754,1442,1312,245,786,1968,7.95551059186637,8.6208841886269,7.22420820884146,7.7154,7.88999745547074,7.98167589939025,142
"145",2018,2,8.01739130434783,23,8.49230769230769,7.4,8,8,8.02222222222222,13,10,1,5,18,2777,1455,1322,246,791,1986,7.95602310767014,8.619735395189,7.22553795007564,7.71655691056911,7.89069279393173,7.98204338872105,143
"146",2018,3,8.05,16,8.35714285714286,7.81111111111111,4.5,7.5,8.17692307692308,7,9,1,3,13,2793,1462,1331,247,794,1999,7.95656146437522,8.6184781121751,7.22949749812171,7.70353441295546,7.88921662468514,7.98331074037019,144
"147",2018,4,7.620375,24,8.41575,6.825,7.95,8.49633333333333,7.4952380952381,12,12,2,3,21,2817,1474,1343,249,797,2020,7.95369725594604,8.6168276797829,7.22588322412509,7.7055140562249,7.89150188205771,7.97823671782179,145
"148",2018,5,7.99444444444444,18,9.05,7.15,8,8.5,7.93125,8,10,1,2,16,2835,1482,1353,250,799,2036,7.95395596825396,8.61916599190283,7.22532237250554,7.706692,7.89302503128911,7.97786747053046,146
"149",2018,6,7.01041666666667,24,7.71875,6.65625,5,7.58333333333333,6.92857142857143,8,16,1,3,21,2859,1490,1369,251,802,2057,7.94603538649877,8.61433154362416,7.21867141709277,7.69590836653386,7.89186658354114,7.96715516285854,147
"150",2018,7,7.38888888888889,9,7.5,7.33333333333333,NA,8,7.21428571428571,3,6,0,2,7,2868,1493,1375,251,804,2064,7.94428701882845,8.61209243134628,7.21917176,7.69590836653386,7.8921355721393,7.96460182655039,148
"151",2018,8,7.38,10,8.8,5.25,NA,9,6.975,6,4,0,2,8,2878,1499,1379,251,806,2072,7.94232632731063,8.61284456304202,7.21345987672226,7.69590836653386,7.89488461538461,7.96078097007722,149
"152",2018,9,7.65,14,8.24,7.32222222222222,9.9,7.06666666666667,7.80909090909091,5,9,1,3,11,2892,1504,1388,252,809,2083,7.94091119294605,8.61160505319148,7.21416510806916,7.70465476190476,7.89181334981458,7.95997991838695,150
"153",2018,10,8.06666666666667,21,8.53076923076923,7.3125,NA,7.375,8.22941176470588,13,8,0,4,17,2913,1517,1396,252,813,2100,7.94181777205629,8.6109123269611,7.21472863180516,7.70465476190476,7.88927060270602,7.96216103333334,151
"154",2018,11,8.29705882352941,17,8.27727272727273,8.33333333333333,NA,7,8.378125,11,6,0,1,16,2930,1528,1402,252,814,2116,7.94387889761092,8.60851047120418,7.21951581312411,7.70465476190476,7.88817813267813,7.96530631852552,152
"155",2018,12,7.71,20,8.1,7.5,9.25,7.3,7.84666666666667,7,13,2,5,15,2950,1535,1415,254,819,2131,7.9422932779661,8.60619153094462,7.22209269964664,7.71682283464567,7.8845873015873,7.96447122008447,153
"156",2019,1,7.76190476190476,21,8.2,7.36363636363636,6.33333333333333,7.375,8,10,11,3,8,13,2971,1545,1426,257,827,2144,7.9410182329182,8.60356245954692,7.22318455119214,7.70067315175097,7.87965779927448,7.96468664645523,154
"157",2019,2,7.70833333333333,12,8.25,7.4375,8,8,7.65,4,8,1,2,10,2983,1549,1434,258,829,2154,7.9400821890714,8.60264945125887,7.22438017433752,7.70183333333333,7.87994813027744,7.96322570566389,155
"158",2019,3,8.04761904761905,21,8.6875,7.65384615384615,8,8.625,7.91176470588235,8,13,1,4,17,3004,1557,1447,259,833,2171,7.94083394474034,8.60308542068079,7.22823854181064,7.70298455598456,7.88352581032413,7.96282274067251,156
"159",2019,4,7.86842105263158,19,8,7.72222222222222,8.5,7,8.1,10,9,2,4,15,3023,1567,1456,261,837,2186,7.94037881905391,8.59923675813656,7.23129201236264,7.70909195402299,7.87930346475508,7.96376403019214,157
"160",2019,5,7.11363636363636,22,9.3125,5.85714285714286,NA,7.58333333333333,6.9375,8,14,0,6,16,3045,1575,1470,261,843,2202,7.93440563875205,8.60285968253968,7.21820487755102,7.70909195402299,7.87719691577698,7.95630707084469,158
"161",2019,6,7.625,24,8.1,7.28571428571429,9,7.375,7.75,10,14,1,8,16,3069,1585,1484,262,851,2218,7.9319860443141,8.59968706624605,7.21884175876011,7.71401908396947,7.8724759106933,7.95481883228134,159
"162",2019,7,7.75,12,8.07142857142857,7.3,9,7.25,8,7,5,1,4,8,3081,1592,1489,263,855,2226,7.93127723790976,8.59736432160804,7.21911428475487,7.71890874524715,7.86956374269006,7.95498120844565,160
"163",2019,8,7.87037037037037,27,8.39285714285714,7.30769230769231,6,8.66666666666667,7.77083333333333,14,13,1,3,24,3108,1606,1502,264,858,2250,7.93074812419562,8.59558156911581,7.21988093874833,7.71239772727273,7.87235081585081,7.95301696444445,161
"164",2019,9,7.38888888888889,18,8.875,6.2,NA,5,7.86666666666667,8,10,0,3,15,3126,1614,1512,264,861,2265,7.9276280134357,8.59696654275092,7.21313569444444,7.71239772727273,7.86234262485482,7.95244510816778,162
"165",2019,10,7.55,10,9.9,7.28888888888889,7,7,7.78571428571429,1,9,3,3,7,3136,1615,1521,267,864,2272,7.92642384247448,8.597773374613,7.21358393819855,7.70439325842697,7.85934837962963,7.95193141285212,163
"166",2019,11,7.84210526315789,19,8,7.7,7,9,7.625,9,10,1,3,16,3155,1624,1531,268,867,2288,7.92591606022186,8.594460591133,7.21676105160026,7.70176492537313,7.86329527104959,7.94964517919581,164
"167",2019,12,8.55263157894737,19,8.64285714285714,8.5,NA,9,8.46875,7,12,0,3,16,3174,1631,1543,268,870,2304,7.92966766540642,8.59466830165542,7.22674087491899,7.70176492537313,7.86721494252873,7.95325007378473,165
"168",2020,1,8.14878787878788,33,8.47222222222222,7.76066666666667,9,8,8.16366666666667,18,15,1,3,30,3207,1649,1558,269,873,2334,7.93192241035235,8.59333171619162,7.23188136713735,7.70659107806691,7.86767124856815,7.95595465724079,166
"169",2020,2,7.425,24,8.61818181818182,6.41538461538462,NA,NA,7.425,11,13,0,0,24,3231,1660,1571,269,873,2358,7.92815696997833,8.59349638554216,7.22512486950987,7.70659107806691,7.86767124856815,7.95055053859203,167
"170",2020,3,7.686666875,16,9.19809571428571,6.51111111111111,6,7.9716675,7.59166666666667,7,9,1,4,12,3247,1667,1580,270,877,2370,7.92696699722821,8.596035194961,7.22105770253164,7.70027037037037,7.86814557582668,7.9487334050633,168
"171",2020,4,7.66875,16,8.5,7.29090909090909,6.75,9,7.58,5,11,4,1,15,3263,1672,1591,274,878,2385,7.92570083971805,8.5957480083732,7.22154064739158,7.68639781021898,7.86943470387244,7.94641432704403,169
"172",2020,5,8.15625,16,8.33333333333333,7.92857142857143,8,8,8.16666666666667,9,7,1,1,15,3279,1681,1598,275,879,2400,7.92682581274778,8.5943430517549,7.22463777847309,7.68753818181818,7.86958324232082,7.94779090416667,170
"173",2020,6,7.96153846153846,13,6,8.125,6,NA,7.96153846153846,1,12,1,0,13,3292,1682,1610,276,879,2413,7.92696289185905,8.59280063614743,7.23134855279503,7.68142391304348,7.86958324232082,7.94786496891836,171
"174",2020,7,8.13157894736842,19,8.8,7.38888888888889,7.5,7.875,8.2,10,9,2,4,15,3311,1692,1619,278,883,2428,7.92813707037148,8.59402521867611,7.23222431747993,7.68011870503597,7.86960778029445,7.94942264003295,172
"175",2020,8,7.56,20,9,6.78461538461538,7.4,7.17142857142857,7.76923076923077,7,13,3,7,13,3331,1699,1632,281,890,2441,7.92592670069048,8.59569786344908,7.22865880514706,7.677128113879,7.86411648314606,7.94846299467432,173
"176",2020,9,7.26,10,8.25,6.6,6,7.66666666666667,7.08571428571429,4,6,1,3,7,3341,1703,1638,282,893,2448,7.92393350493864,8.59488588960657,7.22635602564103,7.67118085106383,7.86345315789473,7.94599598447713,174
"177",2020,10,7.49285714285714,14,8.1,7.15555555555556,10,10,7.3,5,9,1,1,13,3355,1708,1647,283,894,2461,7.92213467660208,8.59343716042154,7.22596913782635,7.67940989399293,7.86584303131991,7.94258357171882,175
"178",2020,11,7.57894736842105,19,7.77777777777778,7.4,6,7.5,7.6,9,10,2,4,15,3374,1717,1657,285,898,2476,7.92020208654416,8.58916171811298,7.22701941460471,7.66762456140351,7.86421344097995,7.94050814620356,176
"179",2020,12,7.32352941176471,17,7.85714285714286,6.95,6,5.66666666666667,8.22727272727273,7,10,4,6,11,3391,1724,1667,289,904,2487,7.91721080507225,8.58618948375869,7.2253576304739,7.64454325259515,7.84962795353982,7.94177650583032,177
"180",2021,1,7.62083333333333,24,8.5625,7.15,4,4.5,7.90454545454545,8,16,1,2,22,3415,1732,1683,290,906,2509,7.91512791800878,8.58608006351038,7.22464121806298,7.63197586206896,7.84223363134658,7.94145004782782,178
"181",2021,2,8,20,9,7.18181818181818,4,7,8.11111111111111,9,11,1,2,18,3435,1741,1694,291,908,2527,7.91562207860262,8.5882197989661,7.22436314639905,7.61949484536082,7.84037849118942,7.94265855559953,179
"182",2021,3,7.47058823529412,17,6.6,7.83333333333333,8.5,6.33333333333333,7.71428571428571,5,12,1,3,14,3452,1746,1706,292,911,2541,7.91343042873696,8.58252615693012,7.22864664126612,7.6225102739726,7.83541566410538,7.94140030303031,180
"183",2021,4,7.49047619047619,21,8,7.10833333333333,8.5,7,7.515,9,12,2,1,20,3473,1755,1718,294,912,2561,7.91087297437374,8.57953884330483,7.22780626891734,7.62847959183673,7.83449963815789,7.93807035142523,181
"184",2021,5,8.36363636363636,11,9,7.83333333333333,7,6,8.88888888888889,5,6,2,2,9,3484,1760,1724,296,914,2570,7.91230247990815,8.58073333522726,7.22991367169373,7.62423310810811,7.83048541575492,7.94140006614786,182
"185",2021,6,7.32142857142857,14,6.25,7.75,NA,1,7.80769230769231,4,10,0,1,13,3498,1764,1734,296,915,2583,7.9099376329331,8.57544822562357,7.23291301614763,7.62423310810811,7.82302040437158,7.94072712737128,183
"186",2021,7,7.46666666666667,15,8.75,7,5.33333333333333,7.2,7.6,4,11,3,5,10,3513,1768,1745,299,920,2593,7.90804493025903,8.57584313914026,7.2314447965616,7.6012474916388,7.81963442391304,7.93941310065562,184
"187",2021,8,8.00769230769231,13,8.5,7.58571428571429,NA,7.66666666666667,8.11,6,7,0,3,10,3526,1774,1752,299,923,2603,7.90841231990924,8.57558662344982,7.23286025684931,7.6012474916388,7.81913723726977,7.94006844794468,185
"188",2021,9,8,6,9,7.8,9,NA,8,1,5,1,0,6,3532,1775,1757,300,923,2609,7.90856790486976,8.57582572957746,7.23447420034149,7.60591,7.81913723726977,7.94020627443465,186
"189",2021,10,8.15476190476191,21,8.45,7.88636363636364,NA,8,8.19117647058824,10,11,0,4,17,3553,1785,1768,300,927,2626,7.91002303405572,8.5751208235294,7.23853007352941,7.60591,7.81991765911542,7.94183098629094,187
"190",2021,11,7.10375,8,7.66666666666667,6.766,3.33,3.33,7.64285714285714,3,5,1,1,7,3561,1788,1773,301,928,2633,7.90821169334456,8.57359657158836,7.23719750141004,7.59170431893688,7.81507938577586,7.94103614508166,188
"191",2021,12,8.1,15,8.7,7.8,7.5,6,8.42307692307692,5,10,4,2,13,3576,1793,1783,305,930,2646,7.90901617449664,8.57394906302286,7.24035399326977,7.59050163934426,7.81117598924731,7.94340444822374,189
"192",2022,1,7.35666666666667,30,8.5,6.69473684210526,8.375,6.875,7.43076923076923,11,19,4,4,26,3606,1804,1802,309,934,2672,7.90442092068774,8.57349815410199,7.23460109322974,7.6006569579288,7.80716667023554,7.93841623128743,190
"193",2022,2,7.68947368421053,19,8.06666666666667,7.35,NA,9.55,7.47058823529412,9,10,0,2,17,3625,1813,1812,309,936,2689,7.90329430068965,8.57098216767787,7.23523795253863,7.6006569579288,7.81089067307692,7.93545859799182,191
"194",2022,3,8,9,9,7.71428571428571,NA,10,7.75,2,7,0,1,8,3634,1815,1819,309,937,2697,7.90353380297193,8.57145491460054,7.23708145684442,7.6006569579288,7.81322696905016,7.93490847979237,192
"195",2022,4,7.03571428571429,14,8,6.875,7,8.5,6.79166666666667,2,12,1,2,12,3648,1817,1831,310,939,2709,7.90020335526315,8.57082590533846,7.23470844893501,7.59871935483871,7.81468974440894,7.92984428571429,193
"196",2022,5,7.58333333333333,18,8.61111111111111,6.55555555555556,10,9.66666666666667,7.16666666666667,9,9,1,3,15,3666,1826,1840,311,942,2724,7.89864752864157,8.57102446330777,7.23138650543478,7.60644051446945,7.82058776008492,7.92564176578561,194
"197",2022,6,8.34285714285714,14,8.5,8.25555555555556,8,NA,8.34285714285714,5,9,1,0,14,3680,1831,1849,312,942,2738,7.90033745652173,8.57083051338066,7.23637164413196,7.60770192307692,7.82058776008492,7.92777508035062,195
"198",2022,7,7.92307692307692,13,7.2,8.375,7,NA,7.92307692307692,5,8,1,0,13,3693,1836,1857,313,942,2751,7.90041750338478,8.56709731481481,7.24127688206785,7.60576038338658,7.82058776008492,7.92775287895311,196
"199",2022,8,8.1485,20,8.58083333333333,7.5,7,6.825,8.479375,12,8,1,4,16,3713,1848,1865,314,946,2767,7.90175379477511,8.56718650974025,7.24238668632708,7.60383121019108,7.81637808668076,7.93094259848211,197
"200",2022,9,7.68947368421053,19,7.6,7.72142857142857,7.5,7,7.87333333333333,5,14,2,4,15,3732,1853,1879,316,950,2782,7.90067305466238,8.56457672423097,7.24595591804151,7.60317405063291,7.81294070526316,7.93063198058951,198
"201",2022,10,8.30769230769231,13,8.5625,7.9,NA,9.5,8.09090909090909,8,5,0,2,11,3745,1861,1884,316,952,2793,7.90208593858478,8.56456779688339,7.24769170382166,7.60317405063291,7.81648494747899,7.93126321876119,199
"202",2022,11,7.65789473684211,19,8.11111111111111,7.25,8,8,7.63888888888889,9,10,1,1,18,3764,1870,1894,317,953,2811,7.90085330499468,8.56238538502673,7.24770389123548,7.60442586750789,7.81667751311647,7.92939102454643,200
"203",2022,12,7.62222222222222,18,8.875,7.26428571428571,9,6.5,7.84666666666667,4,14,1,3,15,3782,1874,1908,318,956,2826,7.89952719196192,8.5630526520811,7.24782556079665,7.6088144654088,7.81254567991632,7.92895193559802,201
