"","year","month","avg_rating","no_ratings","avg_rating_owned","avg_rating_not_owned","avg_rating_prev_owned","avg_rating_comment","avg_rating_no_comment","no_ratings_owned","no_ratings_not_owned","no_ratings_prev_owned","no_ratings_comment","no_ratings_no_comment","cum_no_ratings","cum_no_ratings_owned","cum_no_ratings_not_owned","cum_no_ratings_prev_owned","cum_no_ratings_comment","cum_no_ratings_no_comment","cum_avg_rating","cum_avg_rating_owned","cum_avg_rating_not_owned","cum_avg_rating_prev_owned","cum_avg_rating_comment","cum_avg_rating_no_comment","month_after_release"
"1",2001,6,7.71428571428571,7,7.66666666666667,8,NA,7,8.25,6,1,0,3,4,7,6,1,0,3,4,7.71428571428571,7.66666666666667,8,NA,7,8.25,0
"2",2001,7,7.33333333333333,3,7,7.5,8,NA,7.33333333333333,1,2,1,0,3,10,7,3,1,3,7,7.6,7.57142857142857,7.66666666666667,8,7,7.85714285714286,1
"3",2001,8,6.85714285714286,7,7.6,5,NA,7.66666666666667,6.25,5,2,0,3,4,17,12,5,1,6,11,7.29411764705882,7.58333333333333,6.6,8,7.33333333333333,7.27272727272727,2
"4",2001,9,7.125,8,7.6,6.33333333333333,7,5,7.42857142857143,5,3,1,1,7,25,17,8,2,7,18,7.24,7.58823529411765,6.5,7.5,7,7.33333333333333,3
"5",2001,10,7.66666666666667,9,8.57142857142857,4.5,NA,6.5,8,7,2,0,2,7,34,24,10,2,9,25,7.35294117647059,7.875,6.1,7.5,6.88888888888889,7.52,4
"6",2001,11,6.66666666666667,12,6.55555555555556,7,6,7,6.55555555555556,9,3,1,3,9,46,33,13,3,12,34,7.17391304347826,7.51515151515152,6.30769230769231,7,6.91666666666667,7.26470588235294,5
"7",2001,12,7.5,4,8.33333333333333,5,NA,NA,7.5,3,1,0,0,4,50,36,14,3,12,38,7.2,7.58333333333333,6.21428571428571,7,6.91666666666667,7.28947368421053,6
"8",2002,1,6,2,8,4,NA,6,NA,1,1,0,2,0,52,37,15,3,14,38,7.15384615384615,7.59459459459459,6.06666666666667,7,6.78571428571429,7.28947368421053,7
"9",2002,2,7.66666666666667,6,7.25,8.5,10,8.66666666666667,6.66666666666667,4,2,1,3,3,58,41,17,4,17,41,7.20689655172414,7.5609756097561,6.35294117647059,7.75,7.11764705882353,7.24390243902439,8
"10",2002,3,7.33333333333333,6,7.8,5,NA,NA,7.33333333333333,5,1,0,0,6,64,46,18,4,17,47,7.21875,7.58695652173913,6.27777777777778,7.75,7.11764705882353,7.25531914893617,9
"11",2002,4,7.5,2,7.5,NA,NA,8,7,2,0,0,1,1,66,48,18,4,18,48,7.22727272727273,7.58333333333333,6.27777777777778,7.75,7.16666666666667,7.25,10
"12",2002,5,6.16666666666667,6,6.16666666666667,NA,NA,5,7.33333333333333,6,0,0,3,3,72,54,18,4,21,51,7.13888888888889,7.42592592592593,6.27777777777778,7.75,6.85714285714286,7.25490196078431,11
"13",2002,6,7.8125,8,8.08333333333333,7,7,7.5,8.125,6,2,1,4,4,80,60,20,5,25,55,7.20625,7.49166666666667,6.35,7.6,6.96,7.31818181818182,12
"14",2002,7,8.4375,8,8.35714285714286,9,NA,9.5,8.08333333333333,7,1,0,2,6,88,67,21,5,27,61,7.31818181818182,7.58208955223881,6.47619047619048,7.6,7.14814814814815,7.39344262295082,13
"15",2002,8,6.90909090909091,11,7.625,5,NA,7.2,6.66666666666667,8,3,0,5,6,99,75,24,5,32,67,7.27272727272727,7.58666666666667,6.29166666666667,7.6,7.15625,7.32835820895522,14
"16",2002,9,6.83333333333333,6,6.66666666666667,7,8,7.66666666666667,6,3,3,2,3,3,105,78,27,7,35,70,7.24761904761905,7.55128205128205,6.37037037037037,7.71428571428571,7.2,7.27142857142857,15
"17",2002,10,6.83333333333333,6,8,5.66666666666667,NA,6.66666666666667,7,3,3,0,3,3,111,81,30,7,38,73,7.22522522522523,7.5679012345679,6.3,7.71428571428571,7.15789473684211,7.26027397260274,16
"18",2002,11,8,8,8.28571428571429,6,NA,6,8.28571428571429,7,1,0,1,7,119,88,31,7,39,80,7.27731092436975,7.625,6.29032258064516,7.71428571428571,7.12820512820513,7.35,17
"19",2002,12,7.25,4,8,6.5,NA,7,7.5,2,2,0,2,2,123,90,33,7,41,82,7.27642276422764,7.63333333333333,6.3030303030303,7.71428571428571,7.1219512195122,7.35365853658537,18
"20",2003,1,6.66666666666667,9,7.125,3,NA,NA,6.66666666666667,8,1,0,0,9,132,98,34,7,41,91,7.23484848484848,7.59183673469388,6.20588235294118,7.71428571428571,7.1219512195122,7.28571428571429,19
"21",2003,2,7.55555555555556,9,7.71428571428571,7,NA,7.66666666666667,7.5,7,2,0,3,6,141,105,36,7,44,97,7.25531914893617,7.6,6.25,7.71428571428571,7.15909090909091,7.29896907216495,20
"22",2003,3,6.6,10,7.4,5.8,9,6.66666666666667,6.5,5,5,1,6,4,151,110,41,8,50,101,7.21192052980132,7.59090909090909,6.19512195121951,7.875,7.1,7.26732673267327,21
"23",2003,4,7.38888888888889,9,8.16666666666667,5.83333333333333,7.5,7.5,7.33333333333333,6,3,1,3,6,160,116,44,9,53,107,7.221875,7.62068965517241,6.17045454545455,7.83333333333333,7.12264150943396,7.27102803738318,22
"24",2003,5,7.1,18,7.08,7.125,6,7.25,6.98,10,8,1,8,10,178,126,52,10,61,117,7.20955056179775,7.57777777777778,6.31730769230769,7.65,7.13934426229508,7.24615384615385,23
"25",2003,6,7.21428571428571,14,7,7.375,7.33333333333333,8,6.42857142857143,6,8,3,7,7,192,132,60,13,68,124,7.20989583333333,7.55151515151515,6.45833333333333,7.57692307692308,7.22794117647059,7.2,24
"26",2003,7,6.77777777777778,45,7.16666666666667,6.33333333333333,7.5,6.95,6.72857142857143,24,21,3,10,35,237,156,81,16,78,159,7.12784810126582,7.49230769230769,6.42592592592593,7.5625,7.19230769230769,7.09622641509434,25
"27",2003,8,7.07142857142857,21,7.90909090909091,6.15,8,6.7,7.40909090909091,11,10,1,10,11,258,167,91,17,88,170,7.12325581395349,7.51976047904192,6.3956043956044,7.58823529411765,7.13636363636364,7.11647058823529,26
"28",2003,9,7.63333333333333,15,7.57692307692308,8,NA,8.3,7.3,13,2,0,5,10,273,180,93,17,93,180,7.15128205128205,7.52388888888889,6.43010752688172,7.58823529411765,7.1989247311828,7.12666666666667,27
"29",2003,10,6.53846153846154,13,7.11111111111111,5.25,7,6.9,6.3125,9,4,1,5,8,286,189,97,18,98,188,7.12342657342657,7.5042328042328,6.38144329896907,7.55555555555556,7.18367346938776,7.09202127659574,28
"30",2003,11,6.5,4,7.5,5.5,NA,6.5,6.5,2,2,0,2,2,290,191,99,18,100,190,7.1148275862069,7.50418848167539,6.36363636363636,7.55555555555556,7.17,7.08578947368421,29
"31",2003,12,6.53571428571429,14,7,5.91666666666667,NA,6.5,6.55,8,6,0,4,10,304,199,105,18,104,200,7.08815789473684,7.48391959798995,6.33809523809524,7.55555555555556,7.14423076923077,7.059,30
"32",2004,1,7.20454545454545,22,7.38235294117647,6.6,7,6.375,7.67857142857143,17,5,2,8,14,326,216,110,20,112,214,7.09601226993865,7.47592592592593,6.35,7.5,7.08928571428571,7.09953271028037,31
"33",2004,2,7.13157894736842,19,7.5,6.5,7,7.4,7.03571428571429,12,7,2,5,14,345,228,117,22,117,228,7.09797101449275,7.47719298245614,6.35897435897436,7.45454545454545,7.1025641025641,7.09561403508772,32
"34",2004,3,6.98518518518518,27,7.34736842105263,6.125,7.5,7.22222222222222,6.86666666666667,19,8,2,9,18,372,247,125,24,126,246,7.08978494623656,7.46720647773279,6.344,7.45833333333333,7.11111111111111,7.07886178861789,33
"35",2004,4,6.96,25,7.35,5.4,3,6.625,7.11764705882353,20,5,1,8,17,397,267,130,25,134,263,7.0816120906801,7.45842696629213,6.30769230769231,7.28,7.08208955223881,7.08136882129278,34
"36",2004,5,6.23333333333333,15,7.35,4,8,4.85714285714286,7.4375,10,5,1,7,8,412,277,135,26,141,271,7.05072815533981,7.45451263537906,6.22222222222222,7.30769230769231,6.97163120567376,7.09188191881919,35
"37",2004,6,7.58333333333333,18,7.60714285714286,7.5,NA,8.41666666666667,7.16666666666667,14,4,0,6,12,430,291,139,26,147,283,7.07302325581395,7.46185567010309,6.2589928057554,7.30769230769231,7.03061224489796,7.09505300353357,36
"38",2004,7,6.96296296296296,27,7.14285714285714,6.33333333333333,8,6.91666666666667,7,21,6,1,12,15,457,312,145,27,159,298,7.06652078774617,7.44038461538461,6.26206896551724,7.33333333333333,7.02201257861635,7.09026845637584,37
"39",2004,8,6.91666666666667,18,7.11538461538461,6.4,NA,6.5625,7.2,13,5,0,8,10,475,325,150,27,167,308,7.06084210526316,7.42738461538461,6.26666666666667,7.33333333333333,7,7.09383116883117,38
"40",2004,9,7.05,30,7.97368421052632,5.45454545454545,7,6.5,7.53125,19,11,3,14,16,505,344,161,30,181,324,7.06019801980198,7.45755813953488,6.2111801242236,7.3,6.96132596685083,7.11543209876543,39
"41",2004,10,6.79166666666667,24,7.4375,5.5,6,6.11111111111111,7.2,16,8,1,9,15,529,360,169,31,190,339,7.04801512287335,7.45666666666667,6.17751479289941,7.25806451612903,6.92105263157895,7.11917404129793,40
"42",2004,11,7.0625,24,7.30952380952381,5.33333333333333,6,6.16666666666667,7.6,21,3,1,9,15,553,381,172,32,199,354,7.04864376130199,7.44855643044619,6.16279069767442,7.21875,6.88693467336683,7.13954802259887,41
"43",2004,12,7.47368421052632,19,8.14285714285714,5.6,6,7.25,7.85714285714286,14,5,1,12,7,572,395,177,33,211,361,7.06276223776224,7.47316455696202,6.14689265536723,7.18181818181818,6.90758293838863,7.15346260387812,42
"44",2005,1,7.20588235294118,34,7.80952380952381,6.23076923076923,NA,7.63636363636364,7,21,13,0,11,23,606,416,190,33,222,384,7.07079207920792,7.49014423076923,6.15263157894737,7.18181818181818,6.94369369369369,7.14427083333333,43
"45",2005,2,6.94230769230769,26,7.42105263157895,5.64285714285714,6.5,6.46153846153846,7.42307692307692,19,7,1,13,13,632,435,197,34,235,397,7.06550632911392,7.48712643678161,6.13451776649746,7.16176470588235,6.91702127659574,7.15340050377834,44
"46",2005,3,7.38387096774194,31,7.82,6.59090909090909,7.2,6.53571428571429,8.08235294117647,20,11,5,14,17,663,455,208,39,249,414,7.08039215686274,7.50175824175824,6.15865384615385,7.16666666666667,6.89558232931727,7.19154589371981,45
"47",2005,4,6.97826086956522,23,7.21875,6.42857142857143,4,7.125,6.9,16,7,1,8,15,686,471,215,40,257,429,7.07696793002915,7.49214437367304,6.16744186046512,7.0875,6.90272373540856,7.18135198135198,46
"48",2005,5,6.87575757575758,33,7.85789473684211,5.54285714285714,6,6.58888888888889,7.22,19,14,3,18,15,719,490,229,43,275,444,7.06773296244784,7.50632653061224,6.1292576419214,7.01162790697674,6.88218181818182,7.18265765765766,47
"49",2005,6,7.2,25,7.425,6.3,7.16666666666667,7.4375,7.08823529411765,20,5,3,8,17,744,510,234,46,283,461,7.07217741935484,7.50313725490196,6.13290598290598,7.02173913043478,6.89787985865724,7.17917570498915,48
"50",2005,7,7.0390625,32,7.37,5.85714285714286,8,7.39285714285714,6.76388888888889,25,7,1,14,18,776,535,241,47,297,479,7.0708118556701,7.49691588785047,6.12489626556017,7.04255319148936,6.92121212121212,7.16356993736952,49
"51",2005,8,7.50625,32,7.60526315789474,7.36153846153846,7.8,7.26666666666667,7.71764705882353,19,13,5,15,17,808,554,254,52,312,496,7.08805693069307,7.50063176895307,6.18818897637795,7.11538461538461,6.93782051282051,7.18256048387097,50
"52",2005,9,7.46363636363636,33,7.76153846153846,6.35714285714286,6,7.44782608695652,7.5,26,7,1,23,10,841,580,261,53,335,506,7.10279429250892,7.5123275862069,6.19272030651341,7.09433962264151,6.97283582089552,7.18883399209486,51
"53",2005,10,7.5375,32,7.89047619047619,6.86363636363636,7.5,7.27272727272727,7.67619047619048,21,11,3,11,21,873,601,272,56,346,527,7.11872852233677,7.52554076539102,6.21985294117647,7.11607142857143,6.98236994219653,7.20825426944971,52
"54",2005,11,7.1125,40,7.25,6.85714285714286,7.66666666666667,6.73529411764706,7.39130434782609,26,14,3,17,23,913,627,286,59,363,550,7.1184556407448,7.51411483253589,6.25104895104895,7.14406779661017,6.97079889807163,7.21590909090909,53
"55",2005,12,7.392,50,7.65897435897436,6.44545454545455,NA,7.37142857142857,7.4,39,11,0,14,36,963,666,297,59,377,586,7.13265835929387,7.5225975975976,6.25824915824916,7.14406779661017,6.98567639257294,7.22721843003413,54
"56",2006,1,7.51666666666667,42,7.67741935483871,7.06363636363636,5.33333333333333,7.75,7.34166666666667,31,11,3,18,24,1005,697,308,62,395,610,7.14870646766169,7.52948350071736,6.28701298701299,7.05645161290323,7.02050632911392,7.23172131147541,55
"57",2006,2,6.64285714285714,21,6.96153846153846,6.125,NA,5.85,7.36363636363636,13,8,0,10,11,1026,710,316,62,405,621,7.13835282651072,7.51908450704225,6.28291139240506,7.05645161290323,6.99160493827161,7.23405797101449,56
"58",2006,3,7.27916666666667,36,7.3875,6.9,NA,7.23181818181818,7.3,28,8,0,11,25,1062,738,324,62,416,646,7.14312617702448,7.51409214092141,6.29814814814815,7.05645161290323,6.99795673076923,7.23660990712074,57
"59",2006,4,7.21428571428571,21,7.76666666666667,5.83333333333333,NA,7.33333333333333,7.125,15,6,0,9,12,1083,753,330,62,425,658,7.14450600184672,7.5191235059761,6.28969696969697,7.05645161290323,7.00505882352941,7.23457446808511,58
"60",2006,5,7.37121212121212,33,7.81730769230769,5.71428571428571,NA,7.27083333333333,7.42857142857143,26,7,0,12,21,1116,779,337,62,437,679,7.15120967741935,7.5290757381258,6.27774480712166,7.05645161290323,7.01235697940503,7.24057437407953,59
"61",2006,6,7.46153846153846,26,7.73684210526316,6.71428571428571,6.66666666666667,7.5,7.43333333333333,19,7,3,11,15,1142,798,344,65,448,694,7.15827495621716,7.53402255639098,6.28662790697675,7.03846153846154,7.02433035714286,7.24474063400576,60
"62",2006,7,6.83695652173913,46,7.40322580645161,5.66666666666667,6,6.625,6.95,31,15,1,16,30,1188,829,359,66,464,724,7.14583333333333,7.52913148371532,6.26072423398329,7.02272727272727,7.01056034482759,7.23252762430939,61
"63",2006,8,6.87857142857143,35,7.27272727272727,6.21153846153846,6.75,6.55555555555556,6.99038461538461,22,13,2,9,26,1223,851,372,68,473,750,7.13818479149632,7.52250293772033,6.25900537634409,7.01470588235294,7.00190274841438,7.22413333333333,62
"64",2006,9,7.140625,32,7.34090909090909,6.7,7.25,7,7.3,22,10,4,17,15,1255,873,382,72,490,765,7.13824701195219,7.51792668957617,6.2705497382199,7.02777777777778,7.00183673469388,7.22562091503268,63
"65",2006,10,7.07272727272727,33,7.34347826086957,6.45,9,6.94545454545455,7.13636363636364,23,10,1,11,22,1288,896,392,73,501,787,7.13656832298136,7.51344866071429,6.27512755102041,7.05479452054795,7.00059880239521,7.22312579415502,64
"66",2006,11,7.071875,32,7.312,6.21428571428571,NA,6.58888888888889,7.26086956521739,25,7,0,9,23,1320,921,399,73,510,810,7.135,7.50798045602606,6.27406015037594,7.05479452054795,6.99333333333333,7.2241975308642,65
"67",2006,12,7.10714285714286,35,7.338,6.53,6,6.52727272727273,7.37291666666667,25,10,1,11,24,1355,946,409,74,521,834,7.13428044280443,7.50348837209302,6.28031784841076,7.04054054054054,6.98349328214971,7.22847721822542,66
"68",2007,1,7.05833333333333,66,7.3875,6.4,6.75,6.53636363636364,7.31931818181818,44,22,4,22,44,1421,990,431,78,543,878,7.13075299085151,7.49833333333333,6.28642691415313,7.02564102564103,6.96537753222836,7.23302961275626,67
"69",2007,2,7.42154387755102,49,7.7881875,6.73139117647059,7,7.63070588235294,7.3104265625,32,17,2,17,32,1470,1022,448,80,560,910,7.14044602040816,7.50740900195695,6.30331171875,7.025,6.985575,7.23575126373626,68
"70",2007,3,7.20714285714286,42,7.553125,6.1,6,7.34210526315789,7.09565217391304,32,10,1,19,23,1512,1054,458,81,579,933,7.14229871031746,7.50879696394687,6.29887259825328,7.01234567901235,6.99727461139896,7.23229758842444,69
"71",2007,4,6.964,50,7.25666666666667,6.525,9,7.03333333333333,6.93428571428571,30,20,1,15,35,1562,1084,478,82,594,968,7.13659132522407,7.50181918819188,6.3083339958159,7.03658536585366,6.99818518518519,7.22152236570248,70
"72",2007,5,7.48958333333333,48,7.578125,7.3125,7.8,7.61904761904762,7.38888888888889,32,16,5,21,27,1610,1116,494,87,615,995,7.14711531055901,7.50400716845878,6.34085759109312,7.08045977011494,7.01938536585366,7.22606396984925,71
"73",2007,6,7.18709677419355,62,7.6972972972973,6.432,6.65,7.105,7.22619047619048,37,25,10,20,42,1672,1153,519,97,635,1037,7.14859787679426,7.51020988725065,6.3452478805395,7.0360824742268,7.02208188976378,7.22606909353905,72
"74",2007,7,7.20169491525424,59,7.62,5.85714285714286,7,7.03809523809524,7.29210526315789,45,14,1,21,38,1731,1198,533,98,656,1075,7.15040765453495,7.51433388981636,6.33242711069419,7.03571428571429,7.02259451219512,7.22840339534884,73
"75",2007,8,7.14047619047619,42,7.58260869565217,6.60526315789474,5.5,6.92857142857143,7.24642857142857,23,19,2,14,28,1773,1221,552,100,670,1103,7.15017239142696,7.51561998361998,6.34181820652174,7.005,7.02062985074627,7.22886097008159,74
"76",2007,9,7.26224489795918,49,7.39838709677419,7.02777777777778,7.5,6.86428571428571,7.56071428571429,31,18,1,21,28,1822,1252,570,101,691,1131,7.15318641602634,7.51271725239616,6.3634800877193,7.00990099009901,7.01587843704776,7.23707661361627,75
"77",2007,10,7.28333333333333,60,7.34090909090909,7.125,7.375,6.96153846153846,7.37234042553191,44,16,4,13,47,1882,1296,586,105,704,1178,7.15733562699256,7.50688425925926,6.38427244027304,7.02380952380952,7.014875,7.24247338709677,76
"78",2007,11,7.07142857142857,70,7.35849056603774,6.17647058823529,NA,7.21428571428571,7.01020408163265,53,17,0,21,49,1952,1349,603,105,725,1227,7.15425494364754,7.50105411415864,6.378414013267,7.02380952380952,7.02065103448276,7.23319775876121,77
"79",2007,12,6.83116883116883,77,7.36756756756757,6.335,7.24,6.92307692307692,6.7843137254902,37,40,10,26,51,2029,1386,643,115,751,1278,7.14199391325776,7.49749062049062,6.3757132970451,7.04260869565217,7.01727296937417,7.21528454616588,78
"80",2008,1,7.23882352941177,85,7.59491525423729,6.43076923076923,7.5,6.96296296296296,7.36724137931034,59,26,3,27,58,2114,1445,669,118,778,1336,7.14588725165563,7.50146851211073,6.37785298953662,7.05423728813559,7.0153881748072,7.2218814745509,79
"81",2008,2,7.1728813559322,59,7.7421052631579,6.14285714285714,6.625,7.28181818181818,7.10810810810811,38,21,4,22,37,2173,1483,690,122,800,1373,7.14662017947538,7.50763452461227,6.37070094202899,7.04016393442623,7.022715,7.21881547705754,80
"82",2008,3,6.9983606557377,61,7.37567567567568,6.41666666666667,6.75,7.08571428571429,6.9525,37,24,4,21,40,2234,1520,714,126,821,1413,7.14257191136974,7.50442236842105,6.37224600840336,7.03095238095238,7.02432643118149,7.21127646850672,81
"83",2008,4,6.977,50,7.67166666666667,5.935,7.25,6.96,6.98833333333333,30,20,4,20,30,2284,1550,734,130,841,1443,7.13894730735552,7.50765935483871,6.36033194822888,7.03769230769231,7.0227966706302,7.20664147609147,82
"84",2008,5,7.060625,56,7.28571428571429,6.68547619047619,7.5,7.06083333333333,7.06052631578947,35,21,5,18,38,2340,1585,755,135,859,1481,7.13707292735043,7.50275835962145,6.36937569536424,7.05481481481481,7.02359371362049,7.20289240378123,83
"85",2008,6,7.0078947368421,38,7.29642857142857,6.2,7.25,6.91666666666667,7.05,28,10,2,12,26,2378,1613,765,137,871,1507,7.13500868376787,7.49917668939864,6.36716163398693,7.05766423357664,7.0221205510907,7.20025457863304,84
"86",2008,7,6.99596153846154,52,7.50633333333333,6.3,5.79166666666667,6.81611111111111,7.09117647058823,30,22,12,18,34,2430,1643,787,149,889,1541,7.13203318930041,7.49930736457699,6.36528418043202,6.95570469798658,7.01794938132733,7.19784792342635,85
"87",2008,8,7.00625,64,7.22352941176471,6.76,6.34545454545455,6.872,7.09230769230769,34,30,11,25,39,2494,1677,817,160,914,1580,7.12880539294306,7.49371615980918,6.37977802937577,6.91375,7.01395733041576,7.1952428164557,86
"88",2008,9,6.97627118644068,59,7.47272727272727,6.34615384615385,6.25,6.89,7.02051282051282,33,26,8,20,39,2553,1710,843,168,934,1619,7.1252803172738,7.49331111111111,6.37874098457889,6.88214285714286,7.01130299785867,7.19103375540457,87
"89",2008,10,6.97666666666667,45,7.59166666666667,6.27380952380952,6.25,6.94736842105263,6.99807692307692,24,21,8,19,26,2598,1734,864,176,953,1645,7.1227061778291,7.49467243367935,6.37619056712963,6.85340909090909,7.01002833158447,7.18798398176292,88
"90",2008,11,7.07638888888889,72,7.43333333333333,6.48148148148148,6.33333333333333,7.33333333333333,6.94791666666667,45,27,3,24,48,2670,1779,891,179,977,1693,7.12145717228465,7.49312085441259,6.37938120089787,6.84469273743017,7.01797031729785,7.18117758417011,89
"91",2008,12,7.19375,48,7.28571428571429,7.065,6.75714285714286,6.87058823529412,7.37096774193548,28,20,7,17,31,2718,1807,911,186,994,1724,7.12273386681383,7.48990702822358,6.39443320526894,6.84139784946236,7.01544969818914,7.18459028422274,90
"92",2009,1,7.08231707317073,82,7.48068181818182,6.62105263157895,6.73125,7.05185185185185,7.09727272727273,44,38,16,27,55,2800,1851,949,202,1021,1779,7.12155023214286,7.48968773635873,6.40350753424658,6.83267326732673,7.01641234084231,7.18189075323215,91
"93",2009,2,6.795,100,7.21111111111111,6.45454545454545,6.05,6.60416666666667,6.85526315789474,45,55,10,24,76,2900,1896,1004,212,1045,1855,7.11028987931035,7.48307594936709,6.40630343625498,6.79575471698113,7.00694449760766,7.16850870619946,92
"94",2009,3,6.895,90,7.17435897435897,6.68137254901961,6.33333333333333,7.02272727272727,6.87721518987342,39,51,9,11,79,2990,1935,1055,221,1056,1934,7.1038095819398,7.47685374677003,6.41960061611375,6.77692307692308,7.00710890151515,7.15660995346432,93
"95",2009,4,6.93,95,7.11578947368421,6.80614035087719,6.8,6.8825,6.94266666666667,38,57,8,20,75,3085,1973,1112,229,1076,2009,7.09845726094003,7.46989964521034,6.43941425359712,6.77772925764192,7.00479275092937,7.14862302140368,94
"96",2009,5,7.06647058823529,85,7.57666666666667,6.4925,6.40909090909091,6.5,7.26428571428571,45,40,11,22,63,3170,2018,1152,240,1098,2072,7.09759957413249,7.47228047571853,6.44125750868056,6.76083333333333,6.99467850637523,7.15213979247104,95
"97",2009,6,6.74202898550725,69,6.996,6.59772727272727,6.57692307692308,6.795,6.72040816326531,25,44,13,20,49,3239,2043,1196,253,1118,2121,7.09002489966039,7.46645227606461,6.44701392140468,6.75138339920949,6.99110644007156,7.14216579443659,96
"98",2009,7,6.9030303030303,66,7.74137931034483,6.24594594594595,6.375,7.11904761904762,6.80222222222222,29,37,12,21,45,3305,2072,1233,265,1139,2166,7.08629066565809,7.47030019305019,6.4409802514193,6.73433962264151,6.99346532045654,7.13510325484764,97
"99",2009,8,6.91818181818182,66,7.31333333333333,6.58888888888889,6.79333333333333,6.75882352941176,6.9734693877551,30,36,15,17,49,3371,2102,1269,280,1156,2215,7.08299930287748,7.46805994291151,6.44517624113475,6.7375,6.99001470588235,7.13152760722348,98
"100",2009,9,6.59677419354839,62,7.32,6.10810810810811,5.75,6.23333333333333,6.71276595744681,25,37,8,15,47,3433,2127,1306,288,1171,2262,7.07421807457035,7.46631969910672,6.43562683767228,6.71006944444444,6.9803219470538,7.12282654730327,99
"101",2009,10,6.77068965517241,87,7.23125,6.37872340425532,6.66470588235294,6.77894736842105,6.76838235294118,40,47,17,19,68,3520,2167,1353,305,1190,2330,7.06671609375,7.4619806183664,6.43365014781966,6.70754098360656,6.97710672268908,7.11248225321888,100
"102",2009,11,6.86111111111111,81,7.46666666666667,6.37666666666667,6.546875,6.61086956521739,6.96034482758621,36,45,16,23,58,3601,2203,1398,321,1213,2388,7.06209126631491,7.46205719473445,6.43181591559371,6.69953271028037,6.97016240725474,7.10878712311558,101
"103",2009,12,6.5875,80,7.10606060606061,6.22340425531915,6.29166666666667,6.85714285714286,6.49152542372881,33,47,12,21,59,3681,2236,1445,333,1234,2447,7.05177686769899,7.45680322003578,6.42503712802768,6.68483483483484,6.96823905996758,7.09390422966898,102
"104",2010,1,6.76125,80,7.61212121212121,6.16382978723404,6.50454545454545,6.22,6.88615384615385,33,47,11,15,65,3761,2269,1492,344,1249,2512,7.04559708854028,7.45906214191274,6.41680874664879,6.67906976744186,6.95925300240192,7.08852852308917,103
"105",2010,2,7.1109756097561,41,7.23684210526316,7.00227272727273,6.92857142857143,6.91666666666667,7.14428571428571,19,22,7,6,35,3802,2288,1514,351,1255,2547,7.04630211730668,7.45721678321678,6.42531614927345,6.68404558404559,6.95904940239044,7.08929471927758,104
"106",2010,3,6.89166666666667,36,7.78,6.25714285714286,6.58,4.8,7.22903225806452,15,21,5,5,31,3838,2303,1535,356,1260,2578,7.04485165450756,7.45931914893617,6.42301540716612,6.68258426966292,6.95048174603174,7.09097503878976,105
"107",2010,4,7.12424242424242,33,7.25625,7,7.5,7.26,7.1,16,17,4,5,28,3871,2319,1552,360,1265,2606,7.04552845517954,7.45791806813282,6.42933547036083,6.69166666666667,6.95170513833992,7.09107200690714,106
"108",2010,5,6.85769230769231,26,7.34545454545455,6.5,6,7.41666666666667,6.69,11,15,2,6,20,3897,2330,1567,362,1271,2626,7.04427525019245,7.45738712446352,6.43001190172304,6.6878453038674,6.9539000786782,7.08801738385377,107
"109",2010,6,7.05757575757576,33,7.545,6.30769230769231,5,6.66666666666667,7.14444444444444,20,13,1,6,27,3930,2350,1580,363,1277,2653,7.04438693384224,7.45813276595745,6.42900547468354,6.6831955922865,6.95255050900548,7.08859165096117,108
"110",2010,7,6.58425925925926,27,6.75192307692308,6.42857142857143,6,5.71875,6.73478260869565,13,14,3,4,23,3957,2363,1594,366,1281,2676,7.04124732120293,7.45424756665256,6.42900166248432,6.6775956284153,6.94869789227166,7.08555069133034,109
"111",2010,8,7.05789473684211,38,7.58333333333333,6.585,7,7,7.06666666666667,18,20,1,5,33,3995,2381,1614,367,1286,2709,7.04140566958698,7.45522343553129,6.43093472738538,6.67847411444142,6.94889735614308,7.08532065337763,110
"112",2010,9,6.95384615384615,39,7.11578947368421,6.8,6.78571428571429,7.10714285714286,6.868,19,20,7,14,25,4034,2400,1634,374,1300,2734,7.04055915964303,7.45253625,6.4354520501836,6.68048128342246,6.95060153846154,7.08333344915874,111
"113",2010,10,7.05204081632653,49,7.80416666666667,6.33,5.90625,7.2,7.01410256410256,24,25,8,10,39,4083,2424,1659,382,1310,2773,7.04069695077149,7.45601773927393,6.43386295961423,6.66426701570681,6.95250534351145,7.08235977280923,112
"114",2010,11,6.59109589041096,73,7.36290322580645,6.02142857142857,6.33333333333333,5.08333333333333,6.88770491803279,31,42,6,12,61,4156,2455,1701,388,1322,2834,7.03279972329163,7.45484195519348,6.42367939447384,6.65914948453608,6.93553857791225,7.07816995412844,113
"115",2010,12,6.85272727272727,55,7.405,6.53714285714286,6.35,6.73846153846154,6.88809523809524,20,35,10,13,42,4211,2475,1736,398,1335,2876,7.03044779149846,7.45443919191919,6.42596696428572,6.65138190954774,6.93361947565543,7.0753941759388,114
"116",2011,1,6.98133333333333,45,7.56818181818182,6.42,7,6.0625,7.18,22,23,2,8,37,4256,2497,1759,400,1343,2913,7.02992848919173,7.45544132959551,6.42588894258101,6.653125,6.92843037974683,7.07672284586337,115
"117",2011,2,7.24047619047619,42,7.77142857142857,6.70952380952381,6.75,6.78571428571429,7.33142857142857,21,21,2,7,35,4298,2518,1780,402,1350,2948,7.03198595858539,7.45807664813344,6.42923519662921,6.65360696517413,6.92769037037037,7.07974682835821,116
"118",2011,3,7.17652173913043,46,7.62214285714286,6.48333333333333,6.6,7.002,7.225,28,18,5,10,36,4344,2546,1798,407,1360,2984,7.03351649401473,7.4598809897879,6.42977677975528,6.6529484029484,6.92823676470588,7.08149921246649,117
"119",2011,4,7.1814,35,7.62380952380952,6.51778571428571,7.5,7.06363636363636,7.235375,21,14,1,11,24,4379,2567,1812,408,1371,3008,7.03469848138844,7.46122204908453,6.43045676048565,6.65502450980392,6.9293231218089,7.08272694481383,118
"120",2011,5,6.50263157894737,38,7.56875,5.72727272727273,5.3125,6.46666666666667,6.51923076923077,16,22,8,12,26,4417,2583,1834,416,1383,3034,7.03012104369481,7.46188811459543,6.42202161941112,6.62920673076923,6.92530874909617,7.07789803889255,119
"121",2011,6,6.890625,32,7.47222222222222,6.14285714285714,6,6.66666666666667,6.97826086956522,18,14,2,9,23,4449,2601,1848,418,1392,3057,7.02911770060688,7.46195963091119,6.41990673701299,6.6261961722488,6.92363649425287,7.07714839712136,120
"122",2011,7,7.1025641025641,39,7.436,6.50714285714286,5.5,6.5,7.21212121212121,25,14,2,6,33,4488,2626,1862,420,1398,3090,7.02975593805704,7.46171249047982,6.42056264769066,6.62083333333333,6.92181831187411,7.07858985436893,121
"123",2011,8,6.98611111111111,36,7.025,6.9375,6.5,7.21428571428571,6.93103448275862,20,16,2,7,29,4524,2646,1878,422,1405,3119,7.02940863174182,7.45841156462585,6.42496679978701,6.62026066350711,6.92327544483986,7.07721790638025,122
"124",2011,9,6.80909090909091,33,7.085,6.38461538461539,6,7.03333333333333,6.75925925925926,20,13,2,6,27,4557,2666,1891,424,1411,3146,7.02781317752908,7.45561027756939,6.42468939714437,6.61733490566038,6.9237434443657,7.07448908137317,123
"125",2011,10,6.74591836734694,49,7.23695652173913,6.31153846153846,6.0625,6.6,6.79324324324324,23,26,8,12,37,4606,2689,1917,432,1423,3183,7.02481429656969,7.45374005206396,6.42315474700052,6.60706018518519,6.92101335207309,7.0712198083569,124
"126",2011,11,6.78625,40,7.08863636363636,6.41666666666667,8,6.88181818181818,6.75,22,18,1,11,29,4646,2711,1935,433,1434,3212,7.02276036375377,7.45077720398377,6.42309439276486,6.61027713625866,6.92071269177127,7.06831962951432,125
"127",2011,12,6.97857142857143,42,7.36153846153846,6.35625,6.7,7.05,6.95,26,16,5,12,30,4688,2737,1951,438,1446,3242,7.02236447312287,7.44992948483741,6.4225462070733,6.61130136986301,6.92178561549101,7.06722475323874,126
"128",2012,1,6.71293103448276,58,7.24137931034483,6.18448275862069,7.5,7.05,6.625,29,29,4,12,46,4746,2766,1980,442,1458,3288,7.01858294353139,7.44774295010846,6.41905941919192,6.61934389140272,6.92284087791495,7.06103791058394,127
"129",2012,2,6.6375,40,7.06521739130435,6.05882352941176,6.85714285714286,6.21666666666667,6.81785714285714,23,17,7,12,28,4786,2789,1997,449,1470,3316,7.01539796280819,7.44458838293295,6.41599281422133,6.62305122494432,6.91707619047619,7.05898451447527,128
"130",2012,3,7.09821428571429,28,7.63333333333333,6.48076923076923,8,7.6,6.98913043478261,15,13,1,5,23,4814,2804,2010,450,1475,3339,7.01587965309514,7.44559807417974,6.41641176616916,6.62611111111111,6.91939118644068,7.05850333932315,129
"131",2012,4,7.01944444444444,36,7.55454545454545,6.17857142857143,NA,5.35,7.11764705882353,22,14,0,2,34,4850,2826,2024,450,1477,3373,7.01590611340206,7.44644621372965,6.41476662549407,6.62611111111111,6.91726607989167,7.05909951082123,130
"132",2012,5,7.00540540540541,37,7.67619047619048,6.125,4.875,6.1875,7.23103448275862,21,16,4,8,29,4887,2847,2040,454,1485,3402,7.01582661141805,7.44814085001756,6.41249394607843,6.61068281938326,6.91333468013468,7.06056515285126,131
"133",2012,6,7.05172413793103,29,7.27777777777778,6.68181818181818,6,7.25,7.02,18,11,3,4,25,4916,2865,2051,457,1489,3427,7.01603837469487,7.4470705061082,6.41393839590444,6.60667396061269,6.91423908663533,7.06026922964692,132
"134",2012,7,6.81416666666667,24,7.18181818181818,6.50307692307692,6.5,6.7,6.84421052631579,11,13,4,5,19,4940,2876,2064,461,1494,3446,7.01505762145749,7.44605598052851,6.41449983042636,6.60574837310195,6.91352208835342,7.05907795995357,133
"135",2012,8,6.73529411764706,34,7.38461538461539,6.33333333333333,6.5,6.8,6.72413793103448,13,21,3,5,29,4974,2889,2085,464,1499,3475,7.01314528548452,7.44577950848044,6.41368232613909,6.60506465517241,6.91314342895264,7.05628277697842,134
"136",2012,9,7.40384615384615,26,7.88235294117647,6.5,6.16666666666667,6.16666666666667,7.56521739130435,17,9,3,3,23,5000,2906,2094,467,1502,3498,7.01517693,7.44833344803854,6.41405331900669,6.60224839400428,6.91165246338216,7.05962911663808,135
"137",2012,10,6.95483870967742,31,7.225,6.66666666666667,6.33333333333333,6.25,7.05925925925926,16,15,3,4,27,5031,2922,2109,470,1506,3525,7.01480513814351,7.44711054072553,6.41585,6.60053191489362,6.90989508632138,7.05962628368794,136
"138",2012,11,6.74375,40,7.05263157894737,6.46428571428571,6,5.66666666666667,6.83108108108108,19,21,2,3,37,5071,2941,2130,472,1509,3562,7.01266705777953,7.44456205372322,6.41632753521127,6.59798728813559,6.90742345924454,7.05725228804043,137
"139",2012,12,6.61944444444444,36,7.37777777777778,5.86111111111111,7.625,6.72727272727273,6.572,18,18,4,11,25,5107,2959,2148,476,1520,3587,7.00989517329156,7.44415579587699,6.41167488361266,6.60661764705882,6.90611973684211,7.05387026763312,138
"140",2013,1,6.375,32,6.59375,6.15625,6.75,6.58333333333333,6.32692307692308,16,16,2,6,26,5139,2975,2164,478,1526,3613,7.00594174936758,7.43958218487395,6.40978634473198,6.60721757322176,6.9048505897772,7.04863898422364,139
"141",2013,2,7.20344827586207,29,7.63333333333333,6.74285714285714,6.08333333333333,7.16666666666667,7.21304347826087,15,14,6,6,23,5168,2990,2178,484,1532,3636,7.00705004837461,7.44055418060201,6.41192729568412,6.60072314049587,6.90587597911227,7.04967894664466,140
"142",2013,3,7.05714285714286,28,7.66666666666667,6.35384615384615,7.2,7.83333333333333,6.84545454545455,15,13,2,6,22,5196,3005,2191,486,1538,3658,7.0073199865281,7.44168286189684,6.41158267914195,6.60318930041152,6.90949414824448,7.04845069710224,141
"143",2013,4,6.34285714285714,28,7.04166666666667,5.81875,6.1875,6.66666666666667,6.25454545454545,12,16,8,6,22,5224,3017,2207,494,1544,3680,7.00375854709035,7.44009181305933,6.40728484367921,6.59645748987854,6.90855051813472,7.04370452445652,142
"144",2013,5,7.41322580645161,31,7.91428571428571,7.00058823529412,6.85857142857143,7.48333333333333,7.3964,14,17,7,6,25,5255,3031,2224,501,1550,3705,7.00617405328259,7.44228208512042,6.4118199865108,6.60011976047904,6.91077548387097,7.04608438596491,143
"145",2013,6,6.74594594594595,37,7.57647058823529,6.04,6.5,6,6.81176470588235,17,20,4,3,34,5292,3048,2244,505,1553,3739,7.0043546201814,7.44303051181102,6.4085060828877,6.59932673267327,6.90901609787508,7.04395363733618,144
"146",2013,7,6.80357142857143,28,7.6,5.88461538461539,3.5,6,6.9,15,13,3,3,25,5320,3063,2257,508,1556,3764,7.00329786654135,7.44379921645446,6.40548854674347,6.58102362204725,6.90726349614396,7.04299751594049,145
"147",2013,8,6.96052631578947,38,7.075,6.83333333333333,6.25,7.16666666666667,6.89655172413793,20,18,2,9,29,5358,3083,2275,510,1565,3793,7.00299452220978,7.44140674667532,6.4088736923077,6.57972549019608,6.9087552715655,7.04187784075929,146
"148",2013,9,7.07407407407407,27,7.79166666666667,6.5,NA,7,7.09090909090909,12,15,0,5,22,5385,3095,2290,510,1570,3815,7.003350909935,7.4427647819063,6.40947058951965,6.57972549019608,6.90904585987261,7.04216058977719,147
"149",2013,10,7.06833333333333,30,7.33571428571429,6.44444444444444,7,6.75,7.11730769230769,21,9,3,4,26,5415,3116,2299,513,1574,3841,7.00371092336103,7.44204332477535,6.40960750326229,6.58218323586745,6.9086416772554,7.04266926581619,148
"150",2013,11,7.11666666666667,42,7.93157894736842,6.44347826086956,6.9,7.02,7.146875,19,23,5,10,32,5457,3135,2322,518,1584,3873,7.00458029136888,7.44501020733652,6.40994300172266,6.58525096525097,6.9093446969697,7.04353024786987,149
"151",2013,12,6.84883720930233,43,7.22380952380952,6.49090909090909,6.47777777777778,6.63636363636364,6.921875,21,22,9,11,32,5500,3156,2344,527,1595,3905,7.00336266363636,7.44353833967047,6.41070292235495,6.5834155597723,6.90746206896552,7.0425333290653,150
"152",2014,1,6.99166666666667,48,7.26666666666667,6.71666666666667,8,7.2,6.93684210526316,24,24,3,10,38,5548,3180,2368,530,1605,3943,7.00326147260274,7.4422034591195,6.41380390625,6.59143396226415,6.90928473520249,7.04151474765407,151
"153",2014,2,6.51944444444444,36,7.18,6.04761904761905,6.5,6.83333333333333,6.45666666666667,15,21,2,6,30,5584,3195,2389,532,1611,3973,7.00014230838109,7.44097245696401,6.41058503557975,6.59109022556391,6.9090018621974,7.03709857790083,152
"154",2014,3,7.10857142857143,35,7.43333333333333,6.76470588235294,6.78571428571429,6.97142857142857,7.14285714285714,18,17,7,7,28,5619,3213,2406,539,1618,4001,7.0008176988788,7.44092966075319,6.41308713632586,6.59361781076067,6.90927194066749,7.03783870282429,153
"155",2014,4,7.025,28,7.45333333333333,6.53076923076923,6.68,6.625,7.09166666666667,15,13,5,4,24,5647,3228,2419,544,1622,4025,7.00093760403754,7.44098729863693,6.41371957420422,6.59441176470588,6.90857090012331,7.03815966459627,154
"156",2014,5,7.34210526315789,19,7.45,7.22222222222222,6.66666666666667,8,7.16666666666667,10,9,3,4,15,5666,3238,2428,547,1626,4040,7.00208165372397,7.44101513279802,6.41671649505767,6.59480804387569,6.91125584255843,7.03863679455445,155
"157",2014,6,6.91764705882353,17,7.61,5.92857142857143,5,7.15,6.84615384615385,10,7,1,4,13,5683,3248,2435,548,1630,4053,7.00182907795178,7.44153540640394,6.41531320328543,6.59189781021898,6.91184171779141,7.03801940537873,156
"158",2014,7,6.65,26,6.72222222222222,6.61176470588235,7,6.5,6.6695652173913,9,17,1,3,23,5709,3257,2452,549,1633,4076,7.0002267735155,7.43954774332208,6.41667522430669,6.59264116575592,6.91108511941213,7.03594029685967,157
"159",2014,8,6.84259259259259,27,7.42307692307692,6.30357142857143,7,7.5,6.65476190476191,13,14,3,6,21,5736,3270,2466,552,1639,4097,6.99948477161785,7.43948226299694,6.41603311030009,6.59485507246377,6.91324100061013,7.03398649011472,158
"160",2014,9,7.15384615384615,26,7.5,6.80769230769231,6.25,7.5,7.125,13,13,4,2,24,5762,3283,2479,556,1641,4121,7.00018129989587,7.43972190070058,6.41808699072207,6.59237410071943,6.91395612431444,7.03451653724824,159
"161",2014,10,6.5,31,6.96666666666667,6.0625,5.6,6.66666666666667,6.46,15,16,5,6,25,5793,3298,2495,561,1647,4146,6.99750468669083,7.43757034566404,6.4158066733467,6.58352941176471,6.91305525197329,7.03105225518572,160
"162",2014,11,6.68214285714286,28,7.38461538461539,6.07333333333333,6.16,6.38571428571429,6.78095238095238,13,15,5,7,21,5821,3311,2510,566,1654,4167,6.9959877426559,7.43736242826941,6.41376001992032,6.57978798586573,6.91082345828295,7.02979185265179,161
"163",2014,12,7.5,12,7.94444444444444,6.16666666666667,5.5,7.5,7.5,9,3,1,4,8,5833,3320,2513,567,1658,4175,6.99702462712155,7.43873704819277,6.41346504178274,6.5778835978836,6.91224487334138,7.0306928502994,162
"164",2015,1,6.53571428571429,35,7.04166666666667,6,6.66666666666667,5.45,6.6758064516129,18,17,6,4,31,5868,3338,2530,573,1662,4206,6.99427311690525,7.4365958657879,6.41068681818182,6.57881326352531,6.90872563176895,7.0280771873514,163
"165",2015,2,6.30434782608696,23,7.45,5.42307692307692,5.83333333333333,7.1,6.08333333333333,10,13,3,5,18,5891,3348,2543,576,1667,4224,6.99157946868104,7.43663590203106,6.40563808493905,6.57493055555556,6.90929934013198,7.02405129024621,164
"166",2015,3,6.6334375,16,8.33333333333333,6.24115384615385,7.5,4.8,6.89535714285714,3,13,2,2,14,5907,3351,2556,578,1669,4238,6.99060938716777,7.43743867502238,6.40480150625979,6.57813148788927,6.90677171959257,7.02362615620576,165
"167",2015,4,6.90384615384615,26,7.34615384615385,6.46153846153846,7.5,6.83333333333333,6.925,13,13,2,6,20,5933,3364,2569,580,1675,4258,6.99022916736895,7.43708590963139,6.40508861424679,6.58131034482759,6.90650865671642,7.02316290511977,166
"168",2015,5,7.27,28,7.66631578947368,6.43333333333333,6.5,6.75,7.35666666666667,19,9,4,4,24,5961,3383,2578,584,1679,4282,6.9915433064922,7.43837333727461,6.40518721877425,6.58075342465754,6.90613579511614,7.02503214619337,167
"169",2015,6,6.436,25,6.86666666666667,6.03846153846154,5.5,6,6.49545454545455,12,13,4,3,22,5986,3395,2591,588,1682,4304,6.98922312896759,7.43635257731959,6.40334722115014,6.57340136054422,6.9045196195006,7.02232519749071,168
"170",2015,7,6.45454545454545,22,7.125,6.07142857142857,6.2,5.75,6.71875,8,14,5,6,16,6008,3403,2605,593,1688,4320,6.98726525466045,7.43562062885689,6.40156339731287,6.57025295109612,6.90041587677725,7.02120084490741,169
"171",2015,8,7.40769230769231,26,7.97142857142857,6.75,5.33333333333333,7.6,7.36190476190476,14,12,3,5,21,6034,3417,2617,596,1693,4341,6.98907683957574,7.43781592039801,6.40316111960261,6.56402684563758,6.90248198464265,7.022849032481,170
"172",2015,9,7.495,20,7.7,7.29,8,7.5,7.49375,10,10,1,4,16,6054,3427,2627,597,1697,4357,6.9907482077965,7.43858097461336,6.40653698134755,6.56643216080402,6.90389039481438,7.0245782992885,171
"173",2015,10,6.73333333333333,15,7.71428571428571,5.875,NA,5.66666666666667,7,7,8,0,3,12,6069,3434,2635,597,1700,4369,6.9901119871478,7.43914298194525,6.40492320683113,6.56643216080402,6.90170705882353,7.02451079194324,172
"174",2015,11,7.10645161290323,31,7.63333333333333,6.89090909090909,7.275,9,6.82592592592593,9,22,4,4,27,6100,3443,2657,601,1704,4396,6.99070322131147,7.43965059541098,6.4089471772676,6.57114808652246,6.90663262910798,7.02329109417652,173
"175",2015,12,6.76176470588235,34,6.95,6.49285714285714,7.14285714285714,6,6.83548387096774,20,14,7,3,31,6134,3463,2671,608,1707,4427,6.98943424356048,7.43682269708345,6.40938698989143,6.5777302631579,6.90503925014646,7.02197597695957,174
"176",2016,1,6.99666666666667,30,7.3,6.69333333333333,6.33333333333333,7,6.996,15,15,3,5,25,6164,3478,2686,611,1712,4452,6.98946944354315,7.43623260494537,6.41097269173493,6.57653027823241,6.90531658878505,7.02183011006289,175
"177",2016,2,7.02,25,7.59090909090909,6.57142857142857,6.3,7.2,6.975,11,14,5,5,20,6189,3489,2700,616,1717,4472,6.98959276942963,7.43672026368587,6.41180468518519,6.57428571428572,6.90617472335469,7.02162067307692,176
"178",2016,3,6.30769230769231,26,7.1,5.8125,6,5.4,6.52380952380952,10,16,2,5,21,6215,3499,2716,618,1722,4493,6.98674008849557,7.43575793083738,6.40827417157585,6.57242718446602,6.90180139372822,7.01929393501002,177
"179",2016,4,7.08181818181818,22,7.98333333333333,6,5.4,7.75,6.93333333333333,12,10,5,4,18,6237,3511,2726,623,1726,4511,6.98707546095879,7.43762945029906,6.40677646735144,6.56301765650081,6.90376709154114,7.01895093105742,178
"180",2016,5,7,26,7,7,7.875,6.33333333333333,7.08695652173913,11,15,4,3,23,6263,3522,2741,627,1729,4534,6.98712911543988,7.43626263486655,6.41002285662168,6.57138755980862,6.90277732793523,7.0192959086899,179
"181",2016,6,7.05909090909091,22,7.19411764705882,6.6,6,7.23333333333333,7.03157894736842,17,5,1,3,19,6285,3539,2746,628,1732,4553,6.98738101034208,7.43509946312518,6.41036877276039,6.57047770700637,6.90334988452656,7.01934716670327,180
"182",2016,7,6.86206896551724,29,7.33333333333333,6.09090909090909,6.1,6.25,6.96,18,11,5,4,25,6314,3557,2757,633,1736,4578,6.98680545612924,7.43458448130447,6.40909417845485,6.56676145339653,6.90184447004609,7.01902307776322,181
"183",2016,8,7.02413793103448,29,7.35625,6.61538461538461,7,7.125,7.008,16,13,1,4,25,6343,3573,2770,634,1740,4603,6.98697613905092,7.43423369717324,6.41006232851986,6.56744479495268,6.90235747126437,7.01896320877689,182
"184",2016,9,7.42592592592593,27,7.625,7.13636363636364,9,8.375,7.26086956521739,16,11,1,4,23,6370,3589,2781,635,1744,4626,6.98883667974882,7.43508414600167,6.4129351492269,6.57127559055118,6.90573509174312,7.02016594249892,183
"185",2016,10,7.24,25,8,6.27272727272727,6.5,7.75,7.19565217391304,14,11,2,2,23,6395,3603,2792,637,1746,4649,6.98981855355747,7.43727921176797,6.412382754298,6.57105180533752,6.90670217640321,7.02103412561841,184
"186",2016,11,6.98666666666667,30,7.37777777777778,6.4,7,7.33333333333333,6.94814814814815,18,12,2,3,27,6425,3621,2804,639,1749,4676,6.98980383657587,7.43698342999171,6.41232976105564,6.57239436619719,6.90743396226415,7.0206132698888,185
"187",2016,12,6.206,25,6.83181818181818,5.71428571428571,7.5,6.2,6.2075,11,14,2,5,20,6450,3632,2818,641,1754,4696,6.9867658372093,7.43515060572687,6.4088618346345,6.57528861154447,6.905417331813,7.01715026618399,186
"188",2017,1,7.0625,32,7.61904761904762,6,6.5,8.9,6.72222222222222,21,11,2,5,27,6482,3653,2829,643,1759,4723,6.98713971767973,7.43620777443197,6.40727205726406,6.57505443234837,6.91108698123934,7.01546424941775,187
"189",2017,2,7.3962962962963,27,7.47692307692308,7.32142857142857,8,NA,7.3962962962963,13,14,1,0,27,6509,3666,2843,644,1759,4750,6.98883694115839,7.43635215493726,6.4117737073514,6.57726708074534,6.91108698123934,7.01762897894737,188
"190",2017,3,6.89583333333333,24,7.23333333333333,6.33333333333333,6.5,7,6.875,15,9,4,4,20,6533,3681,2852,648,1763,4770,6.9884952778203,7.43552485737571,6.41152617461431,6.57679012345679,6.91128871242201,7.01703095387841,189
"191",2017,4,7.17407407407407,27,7.42105263157895,6.5875,6,8.5,7.068,19,8,2,2,25,6560,3700,2860,650,1765,4795,6.9892590929878,7.43545054054054,6.41201840909092,6.57501538461539,6.91308895184136,7.01729669447341,190
"192",2017,5,6.75631578947368,19,7.03083333333333,6.28571428571429,6,7.074,6.64285714285714,12,7,3,5,14,6579,3712,2867,653,1770,4809,6.98858635810913,7.43414251077586,6.41171002790374,6.57237366003063,6.91354350282486,7.01620662299855,191
"193",2017,6,6.72083333333333,24,7.25384615384615,6.09090909090909,4.5,6,6.75217391304348,13,11,2,1,23,6603,3725,2878,655,1771,4832,6.98761315311222,7.4335132885906,6.41048389506603,6.56604580152672,6.91302766798419,7.01494984478477,192
"194",2017,7,7.3695652173913,23,7.7,6.75,6,8,7.23684210526316,15,8,1,4,19,6626,3740,2886,656,1775,4851,6.98893897524902,7.4345820855615,6.41142503465004,6.56518292682927,6.91547718309859,7.01581893424036,193
"195",2017,8,7.01481481481482,27,7.10526315789474,6.8,7.4,5.66666666666667,7.18333333333333,19,8,1,3,24,6653,3759,2894,657,1778,4875,6.98904398767473,7.43291753125831,6.41249918797513,6.56645357686454,6.91337007874016,7.01664362051282,194
"196",2017,9,7.085,20,7.5,6.67,NA,7,7.08947368421053,10,10,0,1,19,6673,3769,2904,657,1779,4894,6.98933158249663,7.433095516052,6.41338589876034,6.56645357686454,6.91341877459247,7.0169263690233,195
"197",2017,10,6.73095238095238,21,7.4,5.39285714285714,6,7,6.7175,14,7,1,1,20,6694,3783,2911,658,1780,4914,6.98852101135345,7.43297303727201,6.41093186190313,6.56559270516718,6.91346741573034,7.0157077024827,196
"198",2017,11,7.09833333333333,30,7.6,6.8475,7.18333333333333,7.1,7.09827586206897,10,20,6,1,29,6724,3793,2931,664,1781,4943,6.98901095330161,7.43341339309254,6.41391083248039,6.57117469879518,6.91357215047726,7.01619212016994,197
"199",2017,12,6.7897,30,7.67857142857143,6.0119375,5,6.25,6.82825,14,16,1,2,28,6754,3807,2947,665,1783,4971,6.9881256514658,7.43431494615182,6.41172841873092,6.56881203007519,6.91282781828379,7.01513350432509,198
"200",2018,1,7.01470588235294,34,7.52941176470588,6.5,7,7.25,6.98333333333333,17,17,2,4,30,6788,3824,2964,667,1787,5001,6.98825878756629,7.43473770920502,6.4122346997301,6.57010494752624,6.91358254057079,7.01494274145171,199
"201",2018,2,7.32608695652174,23,7.66666666666667,7.10714285714286,7.5,7,7.39473684210526,9,14,2,4,19,6811,3833,2978,669,1791,5020,6.98939959624137,7.43528228541612,6.41550156145064,6.57288490284006,6.91377554438861,7.01638020916335,200
"202",2018,3,6.645,20,7.35454545454545,5.77777777777778,6,5,6.73157894736842,11,9,1,1,19,6831,3844,2987,670,1792,5039,6.98839125311082,7.43505124869927,6.41358006360898,6.57202985074627,6.91270758928572,7.01530634054376,201
"203",2018,4,6.5,26,7.30769230769231,5.69230769230769,4,6.25,6.52083333333333,13,13,1,2,24,6857,3857,3000,671,1794,5063,6.98653939769578,7.43462198599948,6.41045455000001,6.56819672131148,6.91196878483835,7.01296240371321,202
"204",2018,5,6.89285714285714,14,7.375,6.25,6.5,5.33333333333333,7.31818181818182,8,6,2,3,11,6871,3865,3006,673,1797,5074,6.98634851549993,7.43449857697283,6.41013428143713,6.5679940564636,6.90933333333334,7.01362409341742,203
"205",2018,6,7,19,7.53846153846154,5.83333333333333,6,7,7,13,6,1,1,18,6890,3878,3012,674,1798,5092,6.98638616110305,7.43484708612687,6.40898527556442,6.56715133531158,6.90938375973304,7.01357593283582,204
"206",2018,7,6.764,25,7,6.50833333333333,6.5,4.7,7.04545454545455,13,12,4,3,22,6915,3891,3024,678,1801,5114,6.98558216196674,7.43339424312516,6.4093795138889,6.56675516224189,6.90570349805664,7.01371307195933,205
"207",2018,8,7.02380952380952,21,8.04166666666667,5.66666666666667,6.5,8.5,6.86842105263158,12,9,2,2,19,6936,3903,3033,680,1803,5133,6.98569790224913,7.43526441199078,6.40717561819981,6.56655882352942,6.9074719911259,7.01317526787454,206
"208",2018,9,6.75,16,7.09090909090909,6,5,7.5,6.64285714285714,11,5,1,2,14,6952,3914,3038,681,1805,5147,6.98515544447641,7.43429662749106,6.40650548057933,6.5642584434655,6.90812853185596,7.01216799106276,207
"209",2018,10,6.9995652173913,23,7.68181818181818,6.37416666666667,5.75,6.875,7.02578947368421,11,12,2,4,19,6975,3925,3050,683,1809,5166,6.98520296057348,7.43499031847134,6.40637824590165,6.56187408491948,6.90805527915976,7.0122180894309,208
"210",2018,11,6.70461538461538,26,6.90526315789474,6.16,NA,9,6.6128,19,7,0,1,25,7001,3944,3057,683,1810,5191,6.98416092701043,7.43243838742394,6.40581408243377,6.56187408491948,6.90921104972376,7.01029448083221,209
"211",2018,12,7.42307692307692,13,7.58333333333333,7.28571428571429,7.5,6.5,7.59090909090909,6,7,2,2,11,7014,3950,3064,685,1812,5202,6.984974429712,7.43266759493671,6.40782429830288,6.56461313868613,6.90875938189846,7.01152223183391,210
"212",2019,1,7.06,25,7.3125,6.61111111111111,6.58333333333333,7,7.075,16,9,6,5,20,7039,3966,3073,691,1817,5222,6.98524089359284,7.43218280383258,6.40841967133095,6.56477568740955,6.90901045679692,7.01176534852547,211
"213",2019,2,7,13,7.11111111111111,6.75,7,4.33333333333333,7.8,9,4,2,3,10,7052,3975,3077,693,1820,5232,6.98526810124787,7.4314558490566,6.40886371465714,6.56603174603175,6.90476483516484,7.0132719132263,212
"214",2019,3,6.81428571428571,21,7.05,6.6,6.125,6.6875,6.89230769230769,10,11,4,8,13,7073,3985,3088,697,1828,5245,6.98476044818323,7.43049861982434,6.40954457577721,6.56350071736012,6.90381400437637,7.01297209723546,213
"215",2019,4,7.03888888888889,18,7.5625,6.62,8,5.75,7.2,8,10,1,2,16,7091,3993,3098,698,1830,5261,6.98489784938654,7.43076308539945,6.41022390251776,6.56555873925502,6.90255300546448,7.01354089526706,214
"216",2019,5,6.96,25,7.1,6.75,4,6.66666666666667,7,15,10,1,3,22,7116,4008,3108,699,1833,5283,6.98481037802136,7.4295251996008,6.41131713320464,6.56188841201717,6.90216693944354,7.01348450690895,215
"217",2019,6,6.83333333333333,15,7.58333333333333,6.33333333333333,6,6,6.89285714285714,6,9,2,1,14,7131,4014,3117,701,1834,5297,6.98449174730052,7.42975510712506,6.41109196342638,6.56028530670471,6.90167502726282,7.01316568812535,216
"218",2019,7,7.326,20,7.25125,7.625,9,6.66666666666667,7.44235294117647,16,4,1,3,17,7151,4030,3121,702,1837,5314,6.98544688155502,7.42904640198511,6.41264775712913,6.56376068376069,6.9012912357104,7.01453869966127,217
"219",2019,8,6.84391304347826,23,7.414,5.775,NA,7.73666666666667,6.71,15,8,0,3,20,7174,4045,3129,702,1840,5334,6.98499312099247,7.42899060568603,6.41101746564398,6.56376068376069,6.90265326086957,7.01339682227221,218
"220",2019,9,7.22058823529412,17,7.1875,7.25,7,8,7.171875,8,9,1,1,16,7191,4053,3138,703,1841,5350,6.98555008343763,7.42851394029114,6.41342372530275,6.56438122332859,6.90324932102119,7.01387077570093,219
"221",2019,10,7.47857142857143,14,7.7,7.3125,7,7,7.55833333333333,6,8,2,2,12,7205,4059,3146,705,1843,5362,6.98650807078417,7.42891525006159,6.41570999682137,6.5656170212766,6.9033543136191,7.01508926706453,220
"222",2019,11,6.65333333333333,15,6.88,6.2,6,6.08333333333333,6.79583333333333,10,5,1,3,12,7220,4069,3151,706,1846,5374,6.98581587950138,7.42756623248956,6.41536770866392,6.56481586402267,6.90202166847238,7.01459967435802,221
"223",2019,12,6.33571428571429,14,6.96666666666667,5.2,6,7.5,6.14166666666667,9,5,2,2,12,7234,4078,3156,708,1848,5386,6.9845577343102,7.42654904364885,6.41344222116604,6.56322033898305,6.90266883116883,7.01265478091348,222
"224",2020,1,6.63103448275862,29,6.89285714285714,6.38666666666667,6.78,5.825,6.93809523809524,14,15,5,8,21,7263,4092,3171,713,1856,5407,6.98314617238056,7.42472311827957,6.41331556291391,6.56474053295933,6.89802370689655,7.01236520251526,223
"225",2020,2,6.94444444444444,18,6.91666666666667,7,7.5,6,7.0625,12,6,2,2,16,7281,4104,3177,715,1858,5423,6.98305049443757,7.42323757309942,6.41442355996224,6.56735664335665,6.89705705059204,7.01251312004425,224
"226",2020,3,7,13,7.25,6.6,9,6.4,7.375,8,5,1,5,8,7294,4112,3182,716,1863,5431,6.98308070331779,7.42290053501946,6.41471516341924,6.57075418994414,6.8957230273752,7.01304707236236,225
"227",2020,4,7.54545454545455,11,7.625,7.33333333333333,7.33333333333333,NA,7.54545454545455,8,3,3,0,11,7305,4120,3185,719,1863,5442,6.98392753593429,7.42329296116505,6.41558042386186,6.57393602225313,6.8957230273752,7.01412323594267,226
"228",2020,5,7.43333333333333,15,7.70833333333333,6.33333333333333,NA,7.4,7.45,12,3,0,5,10,7320,4132,3188,719,1868,5452,6.98484844945355,7.42412076476283,6.41550302697617,6.57393602225313,6.89707280513919,7.01492271643433,227
"229",2020,6,7.36153846153846,13,7.57,6.66666666666667,6,6,7.77,10,3,1,3,10,7333,4142,3191,720,1871,5462,6.98551624846584,7.42447295992274,6.41573915700408,6.57313888888889,6.89563442009621,7.01630513548151,228
"230",2020,7,7.67857142857143,14,8.11111111111111,6.9,7,6.75,7.83333333333333,9,5,3,2,12,7347,4151,3196,723,1873,5474,6.98683689260923,7.42596169597687,6.41649676157698,6.57491009681881,6.89547891083823,7.0180962093533,229
"231",2020,8,7.40909090909091,11,7.875,6.16666666666667,NA,8.5,7.16666666666667,8,3,0,2,9,7358,4159,3199,723,1875,5483,6.98746815031258,7.42682543880741,6.41626247264771,6.57491009681881,6.8971904,7.01834007842422,230
"232",2020,9,6.67894736842105,19,7.3,5.33333333333333,6,6.56666666666667,6.7,13,6,3,3,16,7377,4172,3205,726,1878,5499,6.98667353260133,7.42643024928092,6.41423514820593,6.57253443526171,6.89666240681577,7.01741382978723,231
"233",2020,10,7.78571428571429,14,8,7,7,10,7.61538461538461,11,3,1,1,13,7391,4183,3208,727,1879,5512,6.98818707211473,7.4279385608415,6.41478293329178,6.57312242090784,6.89831399680682,7.01882413824383,232
"234",2020,11,6.76470588235294,17,7.35,5.92857142857143,6.25,6,6.8125,10,7,2,1,16,7408,4193,3215,729,1880,5528,6.98767422381209,7.42775268304317,6.41372430793158,6.57223593964335,6.89783617021277,7.01822696273516,233
"235",2020,12,6.96666666666667,15,7.16666666666667,6.66666666666667,6,7.25,6.92307692307692,9,6,2,2,13,7423,4202,3221,731,1882,5541,6.98763177286811,7.42719347929557,6.41419548276933,6.57067031463749,6.89821041445271,7.01800372676412,234
"236",2021,1,7.40761904761905,21,7.62117647058824,6.5,NA,7.33333333333333,7.42,17,4,0,3,18,7444,4219,3225,731,1885,5559,6.9888165838259,7.42797511258592,6.41430190697675,6.57067031463749,6.89890291777189,7.01930538765965,235
"237",2021,2,7.32352941176471,17,7.53571428571429,6.33333333333333,6,8.5,7.16666666666667,14,3,1,2,15,7461,4233,3228,732,1887,5574,6.98957923200643,7.42833144342074,6.41422665737299,6.56989071038252,6.90059989401166,7.01970194653749,236
"238",2021,3,6.63177777777778,18,7.26363636363636,5.63885714285714,5.824,5.65733333333333,6.82666666666667,11,7,3,3,15,7479,4244,3235,735,1890,5589,6.98871809733921,7.42790457115929,6.41254888717157,6.5668462585034,6.89862645502646,7.01918387010198,237
"239",2021,4,7.3,10,7.625,6,5,7,7.33333333333333,8,2,1,1,9,7489,4252,3237,736,1891,5598,6.98913374949926,7.42827539981185,6.41229399135002,6.56471739130435,6.89868006345849,7.01968893354769,238
"240",2021,5,7.21384615384615,13,7.15,7.316,4.5,4.5,7.44,8,5,1,1,12,7502,4260,3242,737,1892,5610,6.98952314716075,7.42775281690141,6.41368773904998,6.56191587516961,6.89741226215645,7.0205879946524,239
"241",2021,6,6.95454545454545,11,7.33333333333333,6.5,7.83333333333333,6.5,7.05555555555556,6,5,3,2,9,7513,4266,3247,740,1894,5619,6.98947193531212,7.42762001875293,6.41382064983062,6.56707027027027,6.89699260823654,7.02064400249154,240
"242",2021,7,7.66666666666667,6,8,7.5,10,NA,7.66666666666667,2,4,1,0,6,7519,4268,3251,741,1894,5625,6.9900123221173,7.42788823805061,6.41515707474624,6.57170310391363,6.89699260823654,7.02133309333333,241
"243",2021,8,6.86111111111111,9,7,6.82142857142857,6.75,6.5,6.90625,2,7,4,1,8,7528,4270,3258,745,1895,5633,6.98985821599362,7.42768782201405,6.4160299723757,6.57266040268457,6.89678311345647,7.02116965205041,242
"244",2021,9,6.9375,16,7.27272727272727,6.2,6.5,8,6.69230769230769,11,5,1,3,13,7544,4281,3263,746,1898,5646,6.98974716993637,7.42728965195048,6.41569894269078,6.57256300268097,6.89852687038989,7.02041244243712,243
"245",2021,10,7.3,13,7.26363636363636,7.5,6,NA,7.3,11,2,1,0,13,7557,4292,3265,747,1898,5659,6.99028088527193,7.42687022367195,6.41636313935682,6.57179651941098,6.89852687038989,7.02105471814808,244
"246",2021,11,7.71428571428571,7,7.83333333333333,7,NA,7.66666666666667,7.75,6,1,0,3,4,7564,4298,3266,747,1901,5663,6.9909509056055,7.42743764541647,6.41654184017147,6.57179651941098,6.89973908469227,7.02156960091824,245
"247",2021,12,7.70733333333333,15,7.82,7.57857142857143,7.75,8.15,7.63923076923077,8,7,5,2,13,7579,4306,3273,752,1903,5676,6.992368735981,7.42816697631212,6.4190270852429,6.57963031914894,6.90105307409354,7.02298425828048,246
"248",2022,1,7.73684210526316,19,7.85714285714286,7.4,6,7,8.07692307692308,14,5,2,6,13,7598,4320,3278,754,1909,5689,6.99423040931824,7.42955717592593,6.42052338316047,6.57809283819629,6.90136406495548,7.02539262612058,247
"249",2022,2,7.41875,16,7.68333333333333,6.625,NA,7.54,7.36363636363636,12,4,0,5,11,7614,4332,3282,754,1914,5700,6.99512249146309,7.43026015697138,6.42077259293115,6.57809283819629,6.90303239289447,7.02604537719298,248
"250",2022,3,7.10545454545455,11,7.4375,6.22,5.5,6.08,7.33333333333333,8,3,1,2,9,7625,4340,3285,755,1916,5709,6.99528165901639,7.43027350230415,6.420589238965,6.57666490066225,6.9021732776618,7.02652980381853,249
"251",2022,4,7,10,7.14285714285714,6.66666666666667,NA,6.33333333333333,7.28571428571429,7,3,0,3,7,7635,4347,3288,755,1919,5716,6.9952878388998,7.42981067402807,6.42081376216546,6.57666490066225,6.90128400208442,7.02684720958712,250
"252",2022,5,6.36041666666667,24,7.5,5.39615384615385,8,6.66666666666667,6.31666666666667,11,13,2,3,21,7659,4358,3301,757,1922,5737,6.99329842668755,7.42998783845801,6.41677844592548,6.58042536327609,6.90091779396462,7.02424762942304,251
"253",2022,6,5.88,16,6.885,4.875,5.69333333333333,5.66666666666667,5.92923076923077,8,8,3,3,13,7675,4366,3309,760,1925,5750,6.99097754397394,7.42898923499771,6.41305096705954,6.57692368421053,6.89899428571429,7.02177193913043,252
"254",2022,7,7.4625,16,7.84285714285714,7.16666666666667,NA,7,7.49333333333333,7,9,0,1,15,7691,4373,3318,760,1926,5765,6.99195847744116,7.42965172650355,6.41509513261001,6.57692368421053,6.89904672897197,7.02299889852558,253
"255",2022,8,7.84,21,7.66666666666667,7.97,7.5,8.08,7.8,9,12,1,3,18,7712,4382,3330,761,1929,5783,6.994267719139,7.43013852122319,6.4206983933934,6.57813666228647,6.9008833592535,7.02541736987722,254
"256",2022,9,7.12222222222222,9,8.125,6.32,6,8,6.87142857142857,4,5,2,2,7,7721,4386,3335,763,1931,5790,6.99441686957648,7.43077222982216,6.42054742128936,6.57662123197903,6.9020217503884,7.02523120034542,255
"257",2022,10,6.84375,16,7.1,6.72727272727273,5,7.5,6.8,5,11,1,1,15,7737,4391,3346,764,1932,5805,6.99410529274913,7.43039558187201,6.42155578302451,6.57455759162304,6.90233126293996,7.02464920757967,256
"258",2022,11,7.20409090909091,22,7.79166666666667,6.499,8,6.33333333333333,7.34157894736842,12,10,1,3,19,7759,4403,3356,765,1935,5824,6.99470068952184,7.43138019532137,6.42178654648392,6.57642091503268,6.90144909560724,7.02568314732143,257
"259",2022,12,6.98818181818182,22,7.1,6.895,7.4,6.3,7.19058823529412,10,12,5,5,17,7781,4413,3368,770,1940,5841,6.99468225806451,7.43062927713574,6.42347258016628,6.58176883116883,6.89989896907217,7.02616309707242,258
