"","year","month","avg_rating","no_ratings","avg_rating_owned","avg_rating_not_owned","avg_rating_prev_owned","avg_rating_comment","avg_rating_no_comment","no_ratings_owned","no_ratings_not_owned","no_ratings_prev_owned","no_ratings_comment","no_ratings_no_comment","cum_no_ratings","cum_no_ratings_owned","cum_no_ratings_not_owned","cum_no_ratings_prev_owned","cum_no_ratings_comment","cum_no_ratings_no_comment","cum_avg_rating","cum_avg_rating_owned","cum_avg_rating_not_owned","cum_avg_rating_prev_owned","cum_avg_rating_comment","cum_avg_rating_no_comment","month_after_release"
"1",2001,6,5,2,7,3,NA,7,3,1,1,0,1,1,2,1,1,0,1,1,5,7,3,NA,7,3,1
"2",2001,7,5.66666666666667,3,5.5,6,NA,NA,5.66666666666667,2,1,0,0,3,5,3,2,0,1,4,5.4,6,4.5,NA,7,5,2
"3",2001,8,6.66666666666667,3,7.5,5,NA,NA,6.66666666666667,2,1,0,0,3,8,5,3,0,1,7,5.875,6.6,4.66666666666667,NA,7,5.71428571428571,3
"4",2001,9,6,2,7,5,NA,5,7,1,1,0,1,1,10,6,4,0,2,8,5.9,6.66666666666667,4.75,NA,6,5.875,4
"5",2001,10,8,1,8,NA,NA,8,NA,1,0,0,1,0,11,7,4,0,3,8,6.09090909090909,6.85714285714286,4.75,NA,6.66666666666667,5.875,5
"6",2001,11,7,4,7,NA,NA,6.33333333333333,9,4,0,0,3,1,15,11,4,0,6,9,6.33333333333333,6.90909090909091,4.75,NA,6.5,6.22222222222222,6
"7",2001,12,6,1,6,NA,NA,NA,6,1,0,0,0,1,16,12,4,0,6,10,6.3125,6.83333333333333,4.75,NA,6.5,6.2,7
"8",2002,1,7,4,7,NA,NA,8,6.66666666666667,4,0,0,1,3,20,16,4,0,7,13,6.45,6.875,4.75,NA,6.71428571428571,6.30769230769231,8
"9",2002,2,6.75,4,8,6.33333333333333,6,8,6.33333333333333,1,3,2,1,3,24,17,7,2,8,16,6.5,6.94117647058824,5.42857142857143,6,6.875,6.3125,9
"10",2002,3,5.5,2,7,4,NA,7,4,1,1,0,1,1,26,18,8,2,9,17,6.42307692307692,6.94444444444444,5.25,6,6.88888888888889,6.17647058823529,10
"11",2002,4,5,1,5,NA,NA,NA,5,1,0,0,0,1,27,19,8,2,9,18,6.37037037037037,6.84210526315789,5.25,6,6.88888888888889,6.11111111111111,11
"12",2002,5,4,3,5,2,NA,4,4,2,1,0,1,2,30,21,9,2,10,20,6.13333333333333,6.66666666666667,4.88888888888889,6,6.6,5.9,12
"13",2002,6,5,6,5.2,4,4,4,5.2,5,1,1,1,5,36,26,10,3,11,25,5.94444444444444,6.38461538461539,4.8,5.33333333333333,6.36363636363636,5.76,13
"14",2002,7,6,6,6.2,5,NA,7,5.8,5,1,0,1,5,42,31,11,3,12,30,5.95238095238095,6.35483870967742,4.81818181818182,5.33333333333333,6.41666666666667,5.76666666666667,14
"15",2002,8,7.4,5,8.25,4,NA,4,8.25,4,1,0,1,4,47,35,12,3,13,34,6.1063829787234,6.57142857142857,4.75,5.33333333333333,6.23076923076923,6.05882352941176,15
"16",2002,9,6,2,6,NA,NA,NA,6,2,0,0,0,2,49,37,12,3,13,36,6.10204081632653,6.54054054054054,4.75,5.33333333333333,6.23076923076923,6.05555555555556,16
"17",2002,10,5.28571428571429,7,5.4,5,5,5,5.66666666666667,5,2,1,4,3,56,42,14,4,17,39,6,6.40476190476191,4.78571428571429,5.25,5.94117647058824,6.02564102564103,17
"18",2002,11,6.33333333333333,3,6.33333333333333,NA,NA,8,5.5,3,0,0,1,2,59,45,14,4,18,41,6.01694915254237,6.4,4.78571428571429,5.25,6.05555555555556,6,18
"19",2002,12,6,3,6,NA,NA,NA,6,3,0,0,0,3,62,48,14,4,18,44,6.01612903225806,6.375,4.78571428571429,5.25,6.05555555555556,6,19
"20",2003,1,6.375,8,6.33333333333333,6.5,NA,7,6.16666666666667,6,2,0,2,6,70,54,16,4,20,50,6.05714285714286,6.37037037037037,5,5.25,6.15,6.02,20
"21",2003,2,6,2,7,5,5,NA,6,1,1,1,0,2,72,55,17,5,20,52,6.05555555555556,6.38181818181818,5,5.2,6.15,6.01923076923077,21
"22",2003,3,6.125,4,6.125,NA,NA,6.25,6,4,0,0,2,2,76,59,17,5,22,54,6.05921052631579,6.36440677966102,5,5.2,6.15909090909091,6.01851851851852,22
"23",2003,4,5.8,5,5.75,6,NA,6,5.75,4,1,0,1,4,81,63,18,5,23,58,6.04320987654321,6.32539682539683,5.05555555555556,5.2,6.15217391304348,6,23
"24",2003,5,5.71428571428571,7,6.4,4,NA,5.75,5.66666666666667,5,2,0,4,3,88,68,20,5,27,61,6.01704545454545,6.33088235294118,4.95,5.2,6.09259259259259,5.98360655737705,24
"25",2003,6,4.8,5,4.8,NA,NA,4.75,5,5,0,0,4,1,93,73,20,5,31,62,5.95161290322581,6.22602739726027,4.95,5.2,5.91935483870968,5.96774193548387,25
"26",2003,7,5.87037037037037,27,6.025,5.42857142857143,NA,5.66666666666667,5.92857142857143,20,7,0,6,21,120,93,27,5,37,83,5.93333333333333,6.18279569892473,5.07407407407407,5.2,5.87837837837838,5.95783132530121,26
"27",2003,8,5.375,8,7,4.4,NA,4.5,5.66666666666667,3,5,0,2,6,128,96,32,5,39,89,5.8984375,6.20833333333333,4.96875,5.2,5.80769230769231,5.93820224719101,27
"28",2003,9,5.33333333333333,6,5.4,5,NA,5.25,5.5,5,1,0,4,2,134,101,33,5,43,91,5.87313432835821,6.16831683168317,4.96969696969697,5.2,5.75581395348837,5.92857142857143,28
"29",2003,10,7.4,5,7.4,NA,NA,NA,7.4,5,0,0,0,5,139,106,33,5,43,96,5.92805755395683,6.22641509433962,4.96969696969697,5.2,5.75581395348837,6.00520833333333,29
"30",2003,11,7.33333333333333,3,6.5,9,NA,7,7.5,2,1,0,1,2,142,108,34,5,44,98,5.95774647887324,6.23148148148148,5.08823529411765,5.2,5.78409090909091,6.03571428571429,30
"31",2003,12,5.625,8,5.71428571428571,5,NA,6,5.4,7,1,0,3,5,150,115,35,5,47,103,5.94,6.2,5.08571428571429,5.2,5.79787234042553,6.00485436893204,31
"32",2004,1,6.3125,16,6.35714285714286,6,NA,6.1,6.40909090909091,14,2,0,5,11,166,129,37,5,52,114,5.97590361445783,6.21705426356589,5.13513513513514,5.2,5.82692307692308,6.04385964912281,32
"33",2004,2,5.92857142857143,7,6.08333333333333,5,NA,5.5,6,6,1,0,1,6,173,135,38,5,53,120,5.97398843930636,6.21111111111111,5.13157894736842,5.2,5.82075471698113,6.04166666666667,33
"34",2004,3,7.4,5,7.4,NA,NA,8,7.25,5,0,0,1,4,178,140,38,5,54,124,6.01404494382022,6.25357142857143,5.13157894736842,5.2,5.86111111111111,6.08064516129032,34
"35",2004,4,6,8,6.14285714285714,5,NA,5.625,6.375,7,1,0,4,4,186,147,39,5,58,128,6.01344086021505,6.24829931972789,5.12820512820513,5.2,5.8448275862069,6.08984375,35
"36",2004,5,5.66666666666667,6,6.66666666666667,4.66666666666667,NA,5.6,6,3,3,0,5,1,192,150,42,5,63,129,6.00260416666667,6.25666666666667,5.0952380952381,5.2,5.82539682539683,6.08914728682171,36
"37",2004,6,6.53846153846154,13,6.7,6,6,7.25,6.40909090909091,10,3,1,2,11,205,160,45,6,65,140,6.03658536585366,6.284375,5.15555555555556,5.33333333333333,5.86923076923077,6.11428571428571,37
"38",2004,7,5.54545454545455,11,5.85714285714286,5,NA,5.8,5.33333333333333,7,4,0,5,6,216,167,49,6,70,146,6.01157407407407,6.26646706586826,5.14285714285714,5.33333333333333,5.86428571428571,6.08219178082192,38
"39",2004,8,5.58333333333333,6,6.5,4.66666666666667,NA,5,6.75,3,3,0,4,2,222,170,52,6,74,148,6,6.27058823529412,5.11538461538461,5.33333333333333,5.81756756756757,6.09121621621622,39
"40",2004,9,6.27272727272727,11,6.3,6,6,5.5,6.71428571428571,10,1,1,4,7,233,180,53,7,78,155,6.01287553648069,6.27222222222222,5.13207547169811,5.42857142857143,5.80128205128205,6.11935483870968,40
"41",2004,10,6.1,10,6.4375,4.75,NA,5.83333333333333,6.21428571428571,8,2,0,3,7,243,188,55,7,81,162,6.01646090534979,6.27925531914894,5.11818181818182,5.42857142857143,5.80246913580247,6.12345679012346,41
"42",2004,11,6,11,6.55555555555556,3.5,NA,6,6,9,2,0,5,6,254,197,57,7,86,168,6.01574803149606,6.29187817258883,5.06140350877193,5.42857142857143,5.81395348837209,6.11904761904762,42
"43",2004,12,5.8,10,5.88888888888889,5,NA,6,5.5,9,1,0,6,4,264,206,58,7,92,172,6.00757575757576,6.27427184466019,5.06034482758621,5.42857142857143,5.82608695652174,6.1046511627907,43
"44",2005,1,7.04545454545455,11,6.95,8,NA,8,6.83333333333333,10,1,0,2,9,275,216,59,7,94,181,6.04909090909091,6.30555555555556,5.11016949152542,5.42857142857143,5.87234042553191,6.14088397790055,44
"45",2005,2,5.85,10,5.9375,5.5,NA,5.33333333333333,6.07142857142857,8,2,0,3,7,285,224,61,7,97,188,6.04210526315789,6.29241071428571,5.12295081967213,5.42857142857143,5.85567010309278,6.13829787234043,45
"46",2005,3,5.94545454545455,11,6.83333333333333,4.88,6.2,6.05,5.66666666666667,6,5,2,8,3,296,230,66,9,105,191,6.03851351351351,6.30652173913044,5.10454545454545,5.6,5.87047619047619,6.13089005235602,46
"47",2005,4,6.29166666666667,12,6.3125,6.25,6,6,6.5,8,4,2,5,7,308,238,70,11,110,198,6.04837662337662,6.30672268907563,5.17,5.67272727272727,5.87636363636364,6.14393939393939,47
"48",2005,5,5.8,5,5.66666666666667,6,6,7,5,3,2,1,2,3,313,241,72,12,112,201,6.0444089456869,6.29875518672199,5.19305555555556,5.7,5.89642857142857,6.12686567164179,48
"49",2005,6,5.84,5,6.55,3,NA,5.66666666666667,6.1,4,1,0,3,2,318,245,73,12,115,203,6.04119496855346,6.30285714285714,5.16301369863014,5.7,5.8904347826087,6.12660098522167,49
"50",2005,7,6,4,5.5,6.5,7,7,5,2,2,1,2,2,322,247,75,13,117,205,6.04068322981367,6.29635627530364,5.19866666666667,5.8,5.90940170940171,6.11560975609756,50
"51",2005,8,5.83333333333333,12,5.81818181818182,6,NA,5.33333333333333,6.33333333333333,11,1,0,6,6,334,258,76,13,123,211,6.03323353293413,6.27596899224806,5.20921052631579,5.8,5.88130081300813,6.1218009478673,51
"52",2005,9,5.72222222222222,9,6.75,3.66666666666667,5,6,5.58333333333333,6,3,1,3,6,343,264,79,14,126,217,6.02507288629738,6.28674242424242,5.1506329113924,5.74285714285714,5.88412698412698,6.10691244239631,52
"53",2005,10,6.265,10,6.56666666666667,5.8125,5,6.52142857142857,5.66666666666667,6,4,1,7,3,353,270,83,15,133,220,6.03186968838527,6.29296296296296,5.18253012048193,5.69333333333333,5.91766917293233,6.10090909090909,53
"54",2005,11,5.72727272727273,11,6.28571428571429,4.75,6,4.25,6.57142857142857,7,4,1,4,7,364,277,87,16,137,227,6.02266483516484,6.2927797833935,5.16264367816092,5.7125,5.86897810218978,6.11541850220264,54
"55",2005,12,5.72727272727273,11,6.14285714285714,5,NA,4.33333333333333,6.25,7,4,0,3,8,375,284,91,16,140,235,6.014,6.28908450704225,5.1554945054945,5.7125,5.83607142857143,6.12,55
"56",2006,1,6.2,5,6.5,5,NA,5.75,8,4,1,0,4,1,380,288,92,16,144,236,6.01644736842105,6.29201388888889,5.15380434782609,5.7125,5.83368055555556,6.12796610169492,56
"57",2006,2,5.77272727272727,11,5.5,7,7,5.83333333333333,5.7,9,2,1,6,5,391,297,94,17,150,241,6.00959079283888,6.26801346801347,5.19308510638298,5.78823529411765,5.83366666666667,6.11908713692946,57
"58",2006,3,6.42307692307692,13,6.31818181818182,7,6,6,6.45833333333333,11,2,1,1,12,404,308,96,18,151,253,6.02289603960396,6.26980519480519,5.23072916666667,5.8,5.83476821192053,6.13517786561265,58
"59",2006,4,5.58333333333333,12,6.42857142857143,4.4,NA,6.25,5.25,7,5,0,4,8,416,315,101,18,155,261,6.01021634615385,6.27333333333333,5.18960396039604,5.8,5.84548387096774,6.10804597701149,59
"60",2006,5,6.25,6,6.375,6,NA,6,6.3,4,2,0,1,5,422,319,103,18,156,266,6.01362559241706,6.27460815047022,5.20533980582524,5.8,5.84647435897436,6.11165413533835,60
"61",2006,6,6.38888888888889,9,6.92857142857143,4.5,NA,8,6.1875,7,2,0,1,8,431,326,105,18,157,274,6.02146171693736,6.28865030674847,5.19190476190476,5.8,5.86019108280255,6.11386861313869,61
"62",2006,7,5.89166666666667,12,6.375,4.925,6,5,5.97272727272727,8,4,1,1,11,443,334,109,19,158,285,6.01794582392777,6.29071856287425,5.18211009174312,5.81052631578947,5.85474683544304,6.10842105263158,62
"63",2006,8,6.15,10,6.625,4.25,NA,7.5,5.57142857142857,8,2,0,3,7,453,342,111,19,161,292,6.02086092715232,6.29853801169591,5.16531531531531,5.81052631578947,5.88540372670808,6.09554794520548,63
"64",2006,9,6.0625,16,6.30769230769231,5,3,5.42857142857143,6.55555555555556,13,3,1,7,9,469,355,114,20,168,301,6.02228144989339,6.29887323943662,5.1609649122807,5.67,5.86636904761905,6.1093023255814,64
"65",2006,10,4.22222222222222,9,6.25,2.6,NA,6,3.71428571428571,4,5,0,2,7,478,359,119,20,170,308,5.98838912133891,6.2983286908078,5.05336134453781,5.67,5.86794117647059,6.05487012987013,65
"66",2006,11,6.54545454545455,11,6.25,7.33333333333333,6,8,6.4,8,3,1,1,10,489,367,122,21,171,318,6.00092024539877,6.29727520435967,5.1094262295082,5.68571428571429,5.88040935672515,6.06572327044025,66
"67",2006,12,6.46923076923077,13,6.73636363636364,5,NA,6.56666666666667,6.25,11,2,0,9,4,502,378,124,21,180,322,6.01304780876494,6.31005291005291,5.10766129032258,5.68571428571429,5.91472222222222,6.06801242236025,67
"68",2007,1,5.88571428571429,21,6.16666666666667,5.18333333333333,NA,5.2,6.1,15,6,0,5,16,523,393,130,21,185,338,6.00793499043977,6.30458015267176,5.11115384615385,5.68571428571429,5.89540540540541,6.06952662721894,68
"69",2007,2,5.875,10,6.42857142857143,4.58333333333333,NA,5.95833333333333,5.75,7,3,0,6,4,533,400,133,21,191,342,6.00544090056285,6.30675,5.09924812030075,5.68571428571429,5.89738219895288,6.06578947368421,69
"70",2007,3,6.01875,16,6.7,4.88333333333333,6,5.91666666666667,6.08,10,6,1,6,10,549,410,139,22,197,352,6.00582877959927,6.31634146341464,5.08992805755396,5.7,5.89796954314721,6.06619318181818,70
"71",2007,4,5.23529411764706,17,5.42307692307692,4.625,NA,4.25,5.53846153846154,13,4,0,4,13,566,423,143,22,201,365,5.98268551236749,6.28888888888889,5.07692307692308,5.7,5.86517412935323,6.04739726027397,71
"72",2007,5,6.10833333333333,12,6.31111111111111,5.5,NA,6.4,5.7,9,3,0,7,5,578,432,146,22,208,370,5.98529411764706,6.28935185185185,5.08561643835616,5.7,5.88317307692308,6.0427027027027,72
"73",2007,6,5.71428571428571,7,5.83333333333333,5,NA,5.33333333333333,6,6,1,0,3,4,585,438,147,22,211,374,5.98205128205128,6.28310502283105,5.08503401360544,5.7,5.87535545023697,6.04224598930481,73
"74",2007,7,6.0625,8,6.2,5.83333333333333,6,4,6.35714285714286,5,3,2,1,7,593,443,150,24,212,381,5.98313659359191,6.28216704288939,5.1,5.725,5.86650943396226,6.04803149606299,74
"75",2007,8,5.9875,16,6.31818181818182,5.26,5,5.8,6.07272727272727,11,5,1,5,11,609,454,155,25,217,392,5.98325123152709,6.28303964757709,5.10516129032258,5.696,5.86497695852535,6.04872448979592,75
"76",2007,9,6.5625,16,7.55555555555556,5.28571428571429,4,6.33333333333333,6.61538461538461,9,7,1,3,13,625,463,162,26,220,405,5.99808,6.30777537796976,5.11296296296296,5.63076923076923,5.87136363636364,6.06691358024692,76
"77",2007,10,5.95,10,6.4,5.5,NA,4,6.16666666666667,5,5,0,1,9,635,468,167,26,221,414,5.99732283464567,6.30876068376068,5.12455089820359,5.63076923076923,5.86289592760181,6.06908212560387,77
"78",2007,11,5.41071428571429,14,5.80555555555556,4.7,NA,5.0625,5.55,9,5,0,4,10,649,477,172,26,225,424,5.9846687211094,6.29926624737946,5.11220930232558,5.63076923076923,5.84866666666667,6.05683962264151,78
"79",2007,12,5.49090909090909,22,5.85333333333333,4.71428571428571,5,5.9,5,15,7,1,12,10,671,492,179,27,237,434,5.96847988077496,6.28567073170732,5.09664804469274,5.60740740740741,5.85126582278481,6.03248847926267,79
"80",2008,1,6.05,24,6.29166666666667,5.80833333333333,7,6.13333333333333,6,12,12,1,9,15,695,504,191,28,246,449,5.97129496402878,6.28581349206349,5.1413612565445,5.65714285714286,5.86158536585366,6.03140311804009,80
"81",2008,2,5.94444444444444,18,6.86363636363636,4.5,NA,6,5.90909090909091,11,7,0,7,11,713,515,198,28,253,460,5.97061711079944,6.29815533980583,5.11868686868687,5.65714285714286,5.86541501976285,6.02847826086957,81
"82",2008,3,6.21190476190476,21,6.75,5.88076923076923,5,5.745,6.63636363636364,8,13,1,10,11,734,523,211,29,263,471,5.9775204359673,6.30506692160612,5.16563981042654,5.63448275862069,5.86083650190114,6.04267515923567,82
"83",2008,4,6.23333333333333,15,6.33333333333333,5.83333333333333,NA,5.33333333333333,6.45833333333333,12,3,0,3,12,749,535,214,29,266,483,5.9826435246996,6.30570093457944,5.175,5.63448275862069,5.85488721804511,6.05300207039338,83
"84",2008,5,6.27272727272727,11,6.66666666666667,5.8,6.5,5.66666666666667,6.5,6,5,2,3,8,760,541,219,31,269,491,5.98684210526316,6.30970425138632,5.18926940639269,5.69032258064516,5.85278810408922,6.06028513238289,84
"85",2008,6,6.4,5,7,5.5,NA,5.66666666666667,7.5,3,2,0,3,2,765,544,221,31,272,493,5.98954248366013,6.31351102941177,5.1920814479638,5.69032258064516,5.85073529411765,6.06612576064909,85
"86",2008,7,5.2,15,5.7,4.2,3.66666666666667,5.35714285714286,5.0625,10,5,3,7,8,780,554,226,34,279,501,5.97435897435898,6.30243682310469,5.17013274336283,5.51176470588235,5.83835125448029,6.0500998003992,86
"87",2008,8,5.675,20,6.46153846153846,4.21428571428571,3.375,5.9375,5.5,13,7,4,8,12,800,567,233,38,287,513,5.966875,6.30608465608466,5.14141630901288,5.28684210526316,5.8411149825784,6.03723196881092,87
"88",2008,9,5.56470588235294,17,5.825,5.33333333333333,5.6,4.6,5.96666666666667,8,9,5,5,12,817,575,242,43,292,525,5.95850673194615,6.29939130434783,5.14855371900827,5.32325581395349,5.81986301369863,6.03561904761905,88
"89",2008,10,5.20214285714286,14,4.9,5.37,5.33333333333333,5.375,5.133,5,9,3,4,10,831,580,251,46,296,535,5.94576413959086,6.2873275862069,5.15649402390438,5.32391304347826,5.81385135135135,6.0187476635514,89
"90",2008,11,5.27916666666667,24,6.375,4.18333333333333,4.16666666666667,4.54166666666667,6.01666666666667,12,12,6,12,12,855,592,263,52,308,547,5.92705263157895,6.28910472972973,5.11209125475285,5.19038461538462,5.76428571428571,6.01870201096892,90
"91",2008,12,6.5,8,6.5,NA,NA,6,6.57142857142857,8,0,0,1,7,863,600,263,52,309,554,5.93236384704519,6.29191666666667,5.11209125475285,5.19038461538462,5.76504854368932,6.02568592057762,91
"92",2009,1,6.47619047619048,21,7.15384615384615,5.375,5.25,5.85,7.04545454545455,13,8,4,10,11,884,613,271,56,319,565,5.94528280542987,6.31019575856444,5.11985239852399,5.19464285714286,5.76771159874608,6.04553982300885,92
"93",2009,2,5.04166666666667,12,5.21428571428571,4.8,5.66666666666667,5.33333333333333,4.94444444444444,7,5,3,3,9,896,620,276,59,322,574,5.93318080357143,6.29782258064516,5.11405797101449,5.21864406779661,5.76366459627329,6.02827526132404,93
"94",2009,3,5.66666666666667,18,6.45,4.6875,5,5,6,10,8,3,6,12,914,630,284,62,328,586,5.92793216630197,6.3002380952381,5.10204225352113,5.20806451612903,5.74969512195122,6.02769624573379,94
"95",2009,4,6.125,16,6.66666666666667,5.42857142857143,6.5,6.4,6,9,7,2,5,11,930,639,291,64,333,597,5.93132258064516,6.30539906103286,5.10989690721649,5.2484375,5.75945945945946,6.02718592964824,95
"96",2009,5,6,17,6.5,5.28571428571429,5,4.9,6.45833333333333,10,7,2,5,12,947,649,298,66,338,609,5.93255543822598,6.30839753466872,5.11402684563758,5.24090909090909,5.74674556213018,6.03568144499179,96
"97",2009,6,5.5,10,6.5,4.83333333333333,5,4.8,6.2,4,6,2,5,5,957,653,304,68,343,614,5.9280355276907,6.30957120980092,5.10848684210526,5.23382352941176,5.73294460641399,6.03701954397394,97
"98",2009,7,5.55882352941176,17,5.83333333333333,5.25,5.5,5.33333333333333,5.68181818181818,9,8,4,6,11,974,662,312,72,349,625,5.92159137577002,6.30309667673716,5.11211538461539,5.24861111111111,5.72607449856734,6.030768,98
"99",2009,8,5.69230769230769,13,6.3,5.3125,4,4.75,5.86363636363636,5,8,1,2,11,987,667,320,73,351,636,5.91857142857143,6.30307346326837,5.117125,5.23150684931507,5.72051282051282,6.02787735849057,99
"100",2009,9,5.51315789473684,19,5.7,5.30555555555556,4.75,5.5,5.51666666666667,10,9,4,4,15,1006,677,329,77,355,651,5.91091451292247,6.29416543574594,5.12227963525836,5.20649350649351,5.71802816901408,6.01609831029186,100
"101",2009,10,5.16666666666667,6,7,4.25,3.5,4.5,5.5,2,4,2,2,4,1012,679,333,79,357,655,5.90650197628459,6.29624447717231,5.1118018018018,5.16329113924051,5.71120448179272,6.0129465648855,101
"102",2009,11,6.04545454545455,11,6.57142857142857,5.125,6.5,5.625,6.28571428571429,7,4,1,4,7,1023,686,337,80,361,662,5.90799608993157,6.29905247813411,5.11195845697329,5.18,5.71024930747922,6.01583081570997,102
"103",2009,12,5.09375,16,6.07142857142857,4.33333333333333,4.6,4.6,5.31818181818182,7,9,5,5,11,1039,693,346,85,366,673,5.89545717035611,6.29675324675325,5.09170520231214,5.14588235294118,5.69508196721311,6.0044279346211,103
"104",2010,1,4.83333333333333,15,4.75,4.92857142857143,4.875,4.5,4.95454545454545,8,7,4,4,11,1054,701,353,89,370,684,5.88034155597723,6.27910128388017,5.08847025495751,5.13370786516854,5.68216216216216,5.98754385964912,104
"105",2010,2,5.78571428571429,7,6.6,3.75,5,NA,5.78571428571429,5,2,1,0,7,1061,706,355,90,370,691,5.87971724787936,6.28137393767705,5.08092957746479,5.13222222222222,5.68216216216216,5.985499276411,105
"106",2010,3,5.81578947368421,19,5.95454545454545,5.625,5,5.5,5.9,11,8,1,4,15,1080,717,363,91,374,706,5.87859259259259,6.27635983263598,5.09292011019284,5.13076923076923,5.68021390374332,5.98368271954674,106
"107",2010,4,6.19166666666667,12,6.21666666666667,6.16666666666667,6.5,6.5,6.13,6,6,2,2,10,1092,723,369,93,376,716,5.88203296703297,6.27586445366528,5.11037940379404,5.16021505376344,5.68457446808511,5.98572625698324,107
"108",2010,5,5.73529411764706,17,6.375,5.16666666666667,4.25,6.2,5.54166666666667,8,9,4,5,12,1109,731,378,97,381,728,5.87978358881876,6.27694938440493,5.11171957671958,5.12268041237113,5.69133858267717,5.97840659340659,108
"109",2010,6,5.5,8,6.2,4.33333333333333,NA,4,5.71428571428571,5,3,0,1,7,1117,736,381,97,382,735,5.87706356311549,6.27642663043478,5.1055905511811,5.12268041237113,5.6869109947644,5.97589115646258,109
"110",2010,7,5.27272727272727,11,4.71428571428571,6.25,NA,5.5,5.14285714285714,7,4,0,4,7,1128,743,385,97,386,742,5.87117021276596,6.26170928667564,5.11748051948052,5.12268041237113,5.68497409326425,5.96803234501348,110
"111",2010,8,6.25,8,6.57142857142857,4,4,7,6,7,1,1,2,6,1136,750,386,98,388,748,5.87383802816901,6.2646,5.11458549222798,5.11122448979592,5.69175257731959,5.96828877005348,111
"112",2010,9,4.375,4,NA,4.375,6,3,4.83333333333333,0,4,1,1,3,1140,750,390,99,389,751,5.86857894736842,6.2646,5.107,5.12020202020202,5.68483290488432,5.96375499334221,112
"113",2010,10,5.6,8,5.7,5.5,7,2,6.8,4,4,1,2,6,1148,754,394,100,391,757,5.86670731707317,6.26160477453581,5.11098984771574,5.139,5.66598465473146,5.97038309114927,113
"114",2010,11,5.95,10,5.94444444444444,6,NA,5,6.35714285714286,9,1,0,3,7,1158,763,395,100,394,764,5.86742659758204,6.25786369593709,5.11324050632911,5.139,5.66091370558376,5.97392670157068,114
"115",2010,12,6.14375,16,6.57272727272727,5.2,5.5,6,6.20909090909091,11,5,2,5,11,1174,774,400,102,399,775,5.87119250425895,6.26233850129199,5.114325,5.14607843137255,5.66516290726817,5.97726451612903,115
"116",2011,1,6.05555555555556,9,6.8,5.125,3,5.75,6.14285714285714,5,4,1,2,7,1183,779,404,103,401,782,5.87259509721048,6.26578947368421,5.11443069306931,5.1252427184466,5.66558603491272,5.97874680306905,116
"117",2011,2,6.22222222222222,9,6.71428571428571,4.5,NA,6,6.28571428571429,7,2,0,2,7,1192,786,406,103,403,789,5.87523489932886,6.26978371501272,5.1114039408867,5.1252427184466,5.66724565756824,5.98147021546261,117
"118",2011,3,6.15,10,6.64285714285714,5,8,8,5.94444444444444,7,3,1,1,9,1202,793,409,104,404,798,5.87752079866889,6.27307692307692,5.11058679706601,5.15288461538462,5.6730198019802,5.98105263157895,118
"119",2011,4,5.08325,12,5.5,4.9999,5.33333333333333,5.5,4.874875,2,10,3,4,8,1214,795,419,107,408,806,5.86966968698517,6.2711320754717,5.10794510739857,5.15794392523365,5.67132352941177,5.97007320099256,119
"120",2011,5,6.57142857142857,7,7,6,6,7.33333333333333,6,4,3,2,3,4,1221,799,422,109,411,810,5.87369287469287,6.27478097622028,5.11428672985782,5.17339449541285,5.68345498783455,5.97022098765432,120
"121",2011,6,5.92307692307692,13,6.1875,5.5,5.5,4.66666666666667,6.3,8,5,3,3,10,1234,807,427,112,414,820,5.8742131280389,6.27391573729864,5.11880327868852,5.18214285714286,5.67608695652174,5.97424268292683,121
"122",2011,7,5.54285714285714,7,5.46666666666667,6,NA,5.4,5.6,6,1,0,2,5,1241,813,428,112,416,825,5.87234407735697,6.2679581795818,5.12086214953271,5.18214285714286,5.67475961538462,5.97197454545454,122
"123",2011,8,5.6,10,5.875,4.5,7,NA,5.6,8,2,1,0,10,1251,821,430,113,416,835,5.87016706634692,6.26412911084044,5.11797441860465,5.19823008849558,5.67475961538462,5.96751976047904,123
"124",2011,9,6.02083333333333,12,6.67857142857143,5.1,5.875,5.66666666666667,6.13888888888889,7,5,4,3,9,1263,828,435,117,419,844,5.87159857482185,6.26763285024155,5.11776781609195,5.22136752136752,5.67470167064439,5.9693471563981,124
"125",2011,10,6.36363636363636,11,6.66666666666667,5,NA,7.25,6.16666666666667,9,2,0,2,9,1274,837,437,117,421,853,5.87584693877551,6.27192353643967,5.11722883295194,5.22136752136752,5.68218527315915,5.97142907385698,125
"126",2011,11,5.43,10,6.16666666666667,4.325,4.65,5,5.61428571428571,6,4,2,3,7,1284,843,441,119,424,860,5.8723746105919,6.2711743772242,5.11004308390023,5.21176470588235,5.67735849056604,5.96852209302326,126
"127",2011,12,5.05555555555556,9,6,4.58333333333333,6.25,4.625,5.4,3,6,2,4,5,1293,846,447,121,428,865,5.86668909512761,6.27021276595745,5.10297315436242,5.22892561983471,5.66752336448598,5.96523583815029,127
"128",2012,1,5.72727272727273,11,5.77777777777778,5.5,NA,4.5,6,9,2,0,2,9,1304,855,449,121,430,874,5.86551303680982,6.26502923976608,5.1047416481069,5.22892561983471,5.66209302325581,5.9655938215103,128
"129",2012,2,6.3125,8,6.25,6.375,NA,6.33333333333333,6.3,4,4,0,3,5,1312,859,453,121,433,879,5.86823856707317,6.26495925494762,5.11595805739514,5.22892561983471,5.66674364896074,5.9674960182025,129
"130",2012,3,6.08333333333333,12,6.5,5.25,3,NA,6.08333333333333,8,4,1,0,12,1324,867,457,122,433,891,5.87018806646526,6.26712802768166,5.11713129102845,5.21065573770492,5.66674364896074,5.96905611672278,130
"131",2012,4,6.625,12,6.65,6.5,6,6,6.75,10,2,1,2,10,1336,877,459,123,435,901,5.87696781437126,6.2714937286203,5.1231568627451,5.21707317073171,5.66827586206897,5.97772364039956,131
"132",2012,5,6.66909090909091,11,7.42,4.66666666666667,4,5.78666666666667,7,8,3,1,3,8,1347,885,462,124,438,909,5.88343652561247,6.28187570621469,5.12019264069264,5.20725806451613,5.66908675799087,5.98672057205721,132
"133",2012,6,5.625,8,5.8,5.33333333333333,NA,NA,5.625,5,3,0,0,8,1355,890,465,124,438,917,5.88191070110701,6.27916853932584,5.12156774193548,5.20725806451613,5.66908675799087,5.98356488549618,133
"134",2012,7,6.05428571428571,7,6.9,3.94,NA,2,6.73,5,2,0,1,6,1362,895,467,124,439,923,5.8827966226138,6.28263687150838,5.11650749464668,5.20725806451613,5.66072892938497,5.98841711809317,134
"135",2012,8,6.625,8,7.6,5,NA,8.5,6,5,3,0,2,6,1370,900,470,124,441,929,5.88713065693431,6.28995555555556,5.11576382978723,5.20725806451613,5.67360544217687,5.98849192680301,135
"136",2012,9,6,10,6.28571428571429,5.33333333333333,4,4,6.5,7,3,2,2,8,1380,907,473,126,443,937,5.88794855072464,6.28992282249173,5.11714376321353,5.18809523809524,5.66604966139955,5.9928591248666,136
"137",2012,10,6.1875,8,6.33333333333333,6.1,NA,5.75,6.33333333333333,3,5,0,2,6,1388,910,478,126,445,943,5.88967507204611,6.29006593406594,5.12742468619247,5.18809523809524,5.66642696629214,5.99502545068929,137
"138",2012,11,6.125,6,6.3125,5.75,NA,6.5,5.9375,4,2,0,2,4,1394,914,480,126,447,947,5.89068794835007,6.29016411378556,5.13001875,5.18809523809524,5.67015659955257,5.99478247096093,138
"139",2012,12,5.18,10,5.92857142857143,3.43333333333333,5.3,6.16666666666667,4.75714285714286,7,3,1,3,7,1404,921,483,127,450,954,5.88562606837607,6.28741585233442,5.11948033126294,5.18897637795276,5.67346666666667,5.98570125786164,139
"140",2013,1,5.38461538461539,13,5.5,5.2,6,5,5.41666666666667,8,5,1,1,12,1417,929,488,128,451,966,5.88102964008468,6.28063509149623,5.12030532786885,5.1953125,5.6719733924612,5.97863250517598,140
"141",2013,2,5.33333333333333,3,7,4.5,NA,NA,5.33333333333333,1,2,0,0,3,1420,930,490,128,451,969,5.87987253521127,6.28140860215054,5.11777346938776,5.1953125,5.6719733924612,5.9766346749226,141
"142",2013,3,5.36363636363636,11,6.8,4.16666666666667,5,4,5.875,5,6,1,3,8,1431,935,496,129,454,977,5.87590426275332,6.28418181818182,5.10626814516129,5.1937984496124,5.66092511013216,5.97580245649949,142
"143",2013,4,5.37666666666667,9,6,4.13,NA,6.3475,4.6,6,3,0,4,5,1440,941,499,129,458,982,5.87278402777778,6.28236981934113,5.10039879759519,5.1937984496124,5.66692139737991,5.96879735234216,143
"144",2013,5,6,8,5.66666666666667,6.2,6.66666666666667,6.5,5.83333333333333,3,5,3,2,6,1448,944,504,132,460,988,5.87348687845304,6.28041313559322,5.11130753968254,5.22727272727273,5.67054347826087,5.96797469635628,144
"145",2013,6,5.66666666666667,6,5.75,5.625,NA,5.5,5.7,2,4,0,1,5,1454,946,508,132,461,993,5.87263342503439,6.27929175475687,5.11535236220472,5.22727272727273,5.67017353579176,5.9666253776435,145
"146",2013,7,5.875,12,6.05,5,NA,6.5,5.75,10,2,0,2,10,1466,956,510,132,463,1003,5.87265279672578,6.27689330543933,5.1149,5.22727272727273,5.67375809935205,5.96446560319043,146
"147",2013,8,6,8,7.75,4.25,5.5,NA,6,4,4,2,0,8,1474,960,514,134,463,1011,5.87334396200814,6.28303125,5.10816926070039,5.23134328358209,5.67375809935205,5.96474678536103,147
"148",2013,9,6.08,10,7,5.46666666666667,4.96,5,6.2,4,6,5,1,9,1484,964,520,139,464,1020,5.87473652291105,6.28600622406639,5.11230576923077,5.22158273381295,5.67230603448276,5.96682254901961,148
"149",2013,10,5.96428571428571,7,6.3,5.125,4,4,6.29166666666667,5,2,1,1,6,1491,969,522,140,465,1026,5.8751569416499,6.28607843137255,5.11235440613027,5.21285714285714,5.66870967741936,5.96872222222222,149
"150",2013,11,5.75,8,6.7,4.16666666666667,5,4.75,6.08333333333333,5,3,1,2,6,1499,974,525,141,467,1032,5.87448899266177,6.28820328542095,5.10695047619048,5.2113475177305,5.66477516059957,5.96938856589147,150
"151",2013,12,5.77272727272727,11,5.85,5,NA,5.33333333333333,5.9375,10,1,0,3,8,1510,984,526,141,470,1040,5.8737476821192,6.28375,5.10674714828897,5.2113475177305,5.66265957446809,5.96914326923077,151
"152",2014,1,6.35,10,6.3125,6.5,NA,6,6.4375,8,2,0,2,8,1520,992,528,141,472,1048,5.87688092105263,6.28398185483871,5.11202462121212,5.2113475177305,5.66408898305085,5.97271851145038,152
"153",2014,2,5.55,10,6.125,5.16666666666667,NA,3,5.83333333333333,4,6,0,1,9,1530,996,534,141,473,1057,5.87474444444444,6.28334337349398,5.11263857677903,5.2113475177305,5.65845665961945,5.97153169347209,153
"154",2014,3,4.5,2,5,4,4,5,4,1,1,1,1,1,1532,997,535,142,474,1058,5.87294973890339,6.28205616850552,5.11055887850467,5.20281690140845,5.65706751054852,5.96966824196597,154
"155",2014,4,5.35,10,6.5,3.625,NA,4,5.5,6,4,0,1,9,1542,1003,539,142,475,1067,5.86955836575875,6.28335992023928,5.09953432282004,5.20281690140845,5.65357894736842,5.96570665417057,155
"156",2014,5,4.83333333333333,6,5,4.75,NA,4,5.25,2,4,0,2,4,1548,1005,543,142,477,1071,5.86554198966408,6.28080597014925,5.09695948434623,5.20281690140845,5.64664570230608,5.96303361344538,156
"157",2014,6,5.2,5,6.33333333333333,3.5,6,1,6.25,3,2,1,1,4,1553,1008,545,143,478,1075,5.86339922730199,6.2809623015873,5.09109908256881,5.20839160839161,5.63692468619247,5.96410139534884,157
"158",2014,7,5.83333333333333,3,6.25,5,NA,NA,5.83333333333333,2,1,0,0,3,1556,1010,546,143,478,1078,5.8633412596401,6.28090099009901,5.09093223443223,5.20839160839161,5.63692468619247,5.96373747680891,158
"159",2014,8,5,8,5.15,4.85,3.5,2,5.42857142857143,4,4,2,1,7,1564,1014,550,145,479,1085,5.85892519181585,6.27643984220907,5.08918,5.1848275862069,5.62933194154489,5.96028479262673,159
"160",2014,9,5.83333333333333,6,7,4.66666666666667,NA,7.5,5,3,3,0,2,4,1570,1017,553,145,481,1089,5.85882738853503,6.27857423795477,5.08688788426763,5.1848275862069,5.63711018711019,5.95675757575758,160
"161",2014,10,7.125,8,7.83333333333333,5,5,5.25,9,6,2,1,4,4,1578,1023,555,146,485,1093,5.86524651457541,6.28769305962854,5.08657477477478,5.18356164383562,5.6339175257732,5.96789478499543,161
"162",2014,11,5.25,4,7,3.5,5,6.5,4,2,2,1,2,2,1582,1025,557,147,487,1095,5.86369089759798,6.28908292682927,5.08087791741472,5.18231292517007,5.63747433264887,5.964300456621,162
"163",2014,12,5.92857142857143,7,6.2,5.25,5.5,5.75,6,5,2,1,2,5,1589,1030,559,148,489,1100,5.86397671491504,6.28865048543689,5.08148300536673,5.18445945945946,5.6379345603272,5.96446272727273,163
"164",2015,1,5.72727272727273,11,5.77777777777778,5.5,5,6,5.7,9,2,1,1,10,1600,1039,561,149,490,1110,5.863036875,6.28422521655438,5.08297504456328,5.18322147651007,5.63867346938776,5.96208018018018,164
"165",2015,2,5.75,4,6,5.5,6,5,6,2,2,1,1,3,1604,1041,563,150,491,1113,5.86275498753117,6.28367915465898,5.08445648312611,5.18866666666667,5.63737270875764,5.96218238993711,165
"166",2015,3,6.5,7,6.625,6.33333333333333,NA,6.25,6.6,4,3,0,2,5,1611,1045,566,150,493,1118,5.86552389819987,6.28498564593302,5.09107597173145,5.18866666666667,5.63985801217039,5.96503488372093,166
"167",2015,4,4.66666666666667,9,5.2,4,NA,2,5.42857142857143,5,4,0,2,7,1620,1050,570,150,495,1125,5.85886358024691,6.27981904761905,5.08341929824562,5.18866666666667,5.62515151515152,5.96169688888889,167
"168",2015,5,6.77777777777778,9,6.77777777777778,NA,NA,6.5,6.85714285714286,9,0,0,2,7,1629,1059,570,150,497,1132,5.86394045426642,6.28405099150142,5.08341929824562,5.18866666666667,5.62867203219316,5.96723409893993,168
"169",2015,6,5.4,10,5.83333333333333,4.75,NA,6,5.33333333333333,6,4,0,1,9,1639,1065,574,150,498,1141,5.86110982306284,6.2815117370892,5.08109581881533,5.18866666666667,5.62941767068273,5.96223400525855,169
"170",2015,7,6.52,5,6.52,NA,NA,6,6.65,5,0,0,1,4,1644,1070,574,150,499,1145,5.86311374695864,6.2826261682243,5.08109581881533,5.18866666666667,5.63016032064128,5.96463668122271,170
"171",2015,8,5.5,8,5.85714285714286,3,3,8,5.14285714285714,7,1,1,1,7,1652,1077,575,151,500,1152,5.86135532687651,6.27986072423399,5.07747652173913,5.17417218543046,5.6349,5.95964322916667,171
"172",2015,9,5.48,10,6.05,4.625,5,6.16666666666667,5.18571428571429,6,4,3,3,7,1662,1083,579,154,503,1159,5.85906077015644,6.27858725761773,5.0743506044905,5.17077922077922,5.63807157057654,5.95496893874029,172
"173",2015,10,6.14285714285714,7,6.33333333333333,5,NA,6.5,6.08333333333333,6,1,0,1,6,1669,1089,580,154,504,1165,5.86025104853205,6.27888888888889,5.07422241379311,5.17077922077922,5.63978174603175,5.95563004291845,173
"174",2015,11,6.61538461538461,13,6.81818181818182,5.5,NA,6.75,6.55555555555556,11,2,0,4,9,1682,1100,582,154,508,1174,5.86608739595719,6.28428181818182,5.07568556701031,5.17077922077922,5.64852362204724,5.96022913117547,174
"175",2015,12,6,12,6.61111111111111,4.16666666666667,3,6.33333333333333,5.88888888888889,9,3,2,3,9,1694,1109,585,156,511,1183,5.8670360094451,6.28693417493237,5.07102393162393,5.14294871794872,5.65254403131116,5.95968639053254,175
"176",2016,1,4.83846153846154,13,5.83333333333333,3.98571428571429,5,6,4.62727272727273,6,7,1,2,11,1707,1115,592,157,513,1194,5.85920269478617,6.2844932735426,5.05819087837838,5.14203821656051,5.65389863547758,5.94741122278057,176
"177",2016,2,5.3,7,7.03333333333333,4,3,4,5.82,3,4,1,2,5,1714,1118,596,158,515,1199,5.85691890315052,6.28650268336315,5.0510889261745,5.12848101265823,5.64747572815534,5.9468798999166,177
"178",2016,3,7.46666666666667,3,7.46666666666667,NA,NA,7.4,7.5,3,0,0,1,2,1717,1121,596,158,516,1201,5.85973150844496,6.28966101694915,5.0510889261745,5.12848101265823,5.65087209302326,5.94946627810158,178
"179",2016,4,5.63636363636364,11,6.4,5,5.33333333333333,6,5.42857142857143,5,6,3,4,7,1728,1126,602,161,520,1208,5.85830960648148,6.29015097690942,5.05057973421927,5.13229813664596,5.65355769230769,5.94644784768212,179
"180",2016,5,5.72222222222222,9,5.75,5.66666666666667,NA,7,5.5625,6,3,0,1,8,1737,1132,605,161,521,1216,5.85760449050086,6.28728798586573,5.0536347107438,5.13229813664596,5.65614203454895,5.943921875,180
"181",2016,6,5.63846153846154,13,6.28571428571429,4.88333333333333,5,6.25,5.36666666666667,7,6,4,4,9,1750,1139,611,165,525,1225,5.85597657142857,6.2872783143108,5.05196235679215,5.12909090909091,5.66066666666667,5.93968081632653,181
"182",2016,7,6.08333333333333,6,7,5.16666666666667,5.5,NA,6.08333333333333,3,3,1,0,6,1756,1142,614,166,525,1231,5.85675341685649,6.28915061295972,5.05252280130293,5.13132530120482,5.66066666666667,5.94038099106418,182
"183",2016,8,5.73076923076923,13,6.57142857142857,4.75,3.5,2,6.04166666666667,7,6,2,1,12,1769,1149,620,168,526,1243,5.85582758620689,6.29087032201915,5.04959516129032,5.11190476190476,5.6537072243346,5.94135880933226,183
"184",2016,9,5.25,4,6.66666666666667,1,1,4.5,6,3,1,1,2,2,1773,1152,621,169,528,1245,5.85446080090242,6.29184895833334,5.04307407407408,5.08757396449704,5.64933712121212,5.94145301204819,184
"185",2016,10,6.0625,8,6.75,5.375,NA,6,6.07142857142857,4,4,0,1,7,1781,1156,625,169,529,1252,5.85539528354857,6.29343425605536,5.0451984,5.08757396449704,5.65,5.94217971246006,185
"186",2016,11,6,3,6,NA,NA,7,5.5,3,0,0,1,2,1784,1159,625,169,530,1254,5.8556384529148,6.29267471958585,5.0451984,5.08757396449704,5.65254716981132,5.94147448165869,186
"187",2016,12,4,4,3.66666666666667,5,NA,3,4.33333333333333,3,1,0,1,3,1788,1162,626,169,531,1257,5.85148713646532,6.28589500860585,5.04512619808307,5.08757396449704,5.64755178907721,5.93763643595863,187
"188",2017,1,5.9375,16,6.61111111111111,5.07142857142857,5.6,5.7,6.04545454545455,9,7,5,5,11,1804,1171,633,174,536,1268,5.85225,6.28839453458583,5.04541706161138,5.10229885057471,5.64804104477612,5.93857176656152,188
"189",2017,2,5.4,5,7,5,6,6,5.25,1,4,1,1,4,1809,1172,637,175,537,1272,5.851,6.28900170648464,5.04513186813187,5.10742857142857,5.64869646182495,5.93640644654088,189
"190",2017,3,7,4,7.33333333333333,6,NA,7.5,6.5,3,1,0,2,2,1813,1175,638,175,539,1274,5.85353502482074,6.29166808510638,5.04662852664577,5.10742857142857,5.65556586270872,5.93729120879121,190
"191",2017,4,5.65,10,6.5,5.08333333333333,4.5,NA,5.65,4,6,1,0,10,1823,1179,644,176,539,1284,5.8524185408667,6.29237489397795,5.04697049689441,5.10397727272727,5.65556586270872,5.93505373831776,191
"192",2017,5,5.875,8,6.2,5.33333333333333,6,6,5.85714285714286,5,3,1,1,7,1831,1184,647,177,540,1291,5.85251720371382,6.2919847972973,5.04829829984544,5.1090395480226,5.6562037037037,5.93463129357088,192
"193",2017,6,5.55,10,6.41666666666667,4.25,4,NA,5.55,6,4,3,0,10,1841,1190,651,180,540,1301,5.85087398153177,6.29261344537815,5.04339324116744,5.09055555555556,5.6562037037037,5.93167486548809,193
"194",2017,7,5.75,6,6.875,3.5,3,NA,5.75,4,2,1,0,6,1847,1194,653,181,540,1307,5.85054629128316,6.29456448911223,5.03866615620215,5.07900552486188,5.6562037037037,5.93084085692426,194
"195",2017,8,5.66666666666667,6,6.75,3.5,NA,6,5.6,4,2,0,1,5,1853,1198,655,181,541,1312,5.84995089044792,6.29608514190317,5.0339679389313,5.07900552486188,5.65683918669131,5.92958003048781,195
"196",2017,9,7,3,7,NA,NA,NA,7,3,0,0,0,3,1856,1201,655,181,541,1315,5.85180980603448,6.29784346378019,5.0339679389313,5.07900552486188,5.65683918669131,5.93202205323194,196
"197",2017,10,5.66666666666667,15,6.25,5,6,6.5,5.53846153846154,8,7,2,2,13,1871,1209,662,183,543,1328,5.85032549438803,6.29752688172043,5.03360876132931,5.08907103825137,5.65994475138122,5.92816942771085,197
"198",2017,11,5.91666666666667,6,5.375,7,NA,4.5,6.625,4,2,0,2,4,1877,1213,664,183,545,1332,5.85053755993607,6.2944847485573,5.03953162650603,5.08907103825137,5.6556880733945,5.93026201201202,198
"199",2017,12,4.5,8,5,4.33333333333333,4.5,3.66666666666667,5,2,6,2,3,5,1885,1215,670,185,548,1337,5.84480583554376,6.29235390946502,5.03320746268657,5.0827027027027,5.64479927007299,5.92678309648467,199
"200",2018,1,6.08333333333333,6,6.125,6,5,7,5.9,4,2,1,1,5,1891,1219,672,186,549,1342,5.84556266525648,6.29180475799836,5.03608482142857,5.08225806451613,5.64726775956284,5.92668330849479,200
"201",2018,2,6.33333333333333,6,6.33333333333333,NA,NA,7,6.2,6,0,0,1,5,1897,1225,672,186,550,1347,5.84710542962572,6.29200816326531,5.03608482142857,5.08225806451613,5.64972727272727,5.92769784706756,201
"202",2018,3,6.1,5,7.66666666666667,3.75,NA,NA,6.1,3,2,0,0,5,1902,1228,674,186,550,1352,5.84777024185068,6.2953664495114,5.03226854599407,5.08225806451613,5.64972727272727,5.9283350591716,202
"203",2018,4,7.33333333333333,6,7.6,6,NA,10,6.8,5,1,0,1,5,1908,1233,675,186,551,1357,5.85244182389937,6.30065693430657,5.03370222222222,5.08225806451613,5.65762250453721,5.93154679439941,203
"204",2018,5,6.5,2,7,6,6,NA,6.5,1,1,1,0,2,1910,1234,676,187,551,1359,5.85311989528796,6.30122366288493,5.03513165680474,5.08716577540107,5.65762250453721,5.9323833701251,204
"205",2018,6,6.14285714285714,7,6.83333333333333,2,NA,2,6.83333333333333,6,1,0,1,6,1917,1240,677,187,552,1365,5.85417788210746,6.30379838709678,5.03064844903988,5.08716577540107,5.65099637681159,5.93634358974359,205
"206",2018,7,4.8,5,6,3,NA,5,4.66666666666667,3,2,0,2,3,1922,1243,679,187,554,1368,5.85143548387097,6.30306516492357,5.02466715758468,5.08716577540107,5.64864620938628,5.93355921052632,206
"207",2018,8,6,7,6,6,6.5,8,5.66666666666667,3,4,2,1,6,1929,1246,683,189,555,1374,5.85197459823743,6.30233547351525,5.03037920937043,5.1021164021164,5.65288288288288,5.93239374090248,207
"208",2018,9,5,2,NA,5,5,NA,5,0,2,1,0,2,1931,1246,685,190,555,1376,5.8510921802175,6.30233547351525,5.03029051094891,5.10157894736842,5.65288288288288,5.93103851744187,208
"209",2018,10,5.875,4,5.875,NA,NA,NA,5.875,4,0,0,0,4,1935,1250,685,190,555,1380,5.85114160206718,6.300968,5.03029051094891,5.10157894736842,5.65288288288288,5.93087608695653,209
"210",2018,11,5.375,8,6.4,3.66666666666667,NA,5,5.42857142857143,5,3,0,1,7,1943,1255,688,190,556,1387,5.84918116314977,6.3013625498008,5.02434447674419,5.10157894736842,5.65170863309353,5.92834102379236,210
"211",2018,12,4.9375,8,5.5,4.6,NA,NA,4.9375,3,5,0,0,8,1951,1258,693,190,556,1395,5.8454428498206,6.29945151033387,5.02128282828283,5.10157894736842,5.65170863309353,5.92265878136201,211
"212",2019,1,6.3,10,6.66666666666667,5.75,5,5,6.44444444444444,6,4,2,1,9,1961,1264,697,192,557,1404,5.847760836308,6.30119462025317,5.02546484935438,5.10052083333333,5.65053859964093,5.92600356125357,212
"213",2019,2,5.75,6,6.5,2,6.5,7.25,5,5,1,1,2,4,1967,1269,698,193,559,1408,5.84746263345196,6.30197793538219,5.02113037249284,5.10777202072539,5.65626118067979,5.92337286931819,213
"214",2019,3,5.16666666666667,6,6,4.33333333333333,4.5,3,5.6,3,3,2,1,5,1973,1272,701,195,560,1413,5.84539229599594,6.30126572327044,5.01818687589158,5.10153846153846,5.65151785714286,5.92222859164898,214
"215",2019,4,3.85,4,NA,3.85,3,NA,3.85,0,4,1,0,4,1977,1272,705,196,560,1417,5.84135508345978,6.30126572327044,5.01155886524823,5.09081632653061,5.65151785714286,5.9163789696542,215
"216",2019,5,6.22222222222222,9,6.5,5.66666666666667,NA,6,6.25,6,3,0,1,8,1986,1278,708,196,561,1425,5.8430810674723,6.30219874804382,5.01433474576271,5.09081632653061,5.65213903743316,5.91825192982457,216
"217",2019,6,6.5,4,6.5,NA,NA,NA,6.5,4,0,0,0,4,1990,1282,708,196,561,1429,5.84440150753769,6.30281591263651,5.01433474576271,5.09081632653061,5.65213903743316,5.91988033589924,217
"218",2019,7,6.64285714285714,7,6.83333333333333,6.5,8,5.25,7.2,3,4,1,2,5,1997,1285,712,197,563,1434,5.84720030045067,6.30405447470817,5.02268117977528,5.10558375634518,5.65071047957371,5.92434379358438,218
"219",2019,8,5.5,5,5.5,NA,NA,NA,5.5,5,0,0,0,5,2002,1290,712,197,563,1439,5.84633316683316,6.30093798449613,5.02268117977528,5.10558375634518,5.65071047957371,5.92286935371786,219
"220",2019,9,6.16666666666667,6,7.75,3,NA,NA,6.16666666666667,4,2,0,0,6,2008,1294,714,197,563,1445,5.84729033864542,6.30541731066461,5.01701540616247,5.10558375634518,5.65071047957371,5.92388166089966,220
"221",2019,10,7.33333333333333,3,7.33333333333333,NA,NA,NA,7.33333333333333,3,0,0,0,3,2011,1297,714,197,563,1448,5.84950721034311,6.30779491133385,5.01701540616247,5.10558375634518,5.65071047957371,5.92680179558012,221
"222",2019,11,4.5,2,4.5,NA,NA,4.5,NA,2,0,0,2,0,2013,1299,714,197,565,1448,5.84816641828117,6.30501154734411,5.01701540616247,5.10558375634518,5.64663716814159,5.92680179558012,222
"223",2019,12,6.5,8,6.57142857142857,6,NA,NA,6.5,7,1,0,0,8,2021,1306,715,197,565,1456,5.85074666006927,6.30643950995406,5.01839020979021,5.10558375634518,5.64663716814159,5.92995123626374,223
"224",2020,1,5.78571428571429,7,6.83333333333333,5,6,5.33333333333333,6.125,3,4,1,3,4,2028,1309,719,198,568,1460,5.85052218934911,6.30764705882353,5.01828789986092,5.11010101010101,5.6449823943662,5.93048561643836,224
"225",2020,2,6,5,6.5,4,NA,5,6.25,4,1,0,1,4,2033,1313,720,198,569,1464,5.85088981800295,6.30823305407464,5.01687361111111,5.11010101010101,5.64384885764499,5.93135860655738,225
"226",2020,4,8,3,8,NA,NA,NA,8,3,0,0,0,3,2036,1316,720,198,569,1467,5.85405648330059,6.3120896656535,5.01687361111111,5.11010101010101,5.64384885764499,5.93558895705522,227
"227",2020,5,6,6,6.2,5,NA,6,6,5,1,0,3,3,2042,1321,721,198,572,1470,5.85448530852106,6.31166540499622,5.01685020804438,5.11010101010101,5.64571678321678,5.93572040816327,228
"228",2020,6,6.5,2,7,6,NA,NA,6.5,1,1,0,0,2,2044,1322,722,198,572,1472,5.85511692759295,6.3121860816944,5.01821191135734,5.11010101010101,5.64571678321678,5.93648709239131,229
"229",2020,7,4.5,2,5,4,4,NA,4.5,1,1,1,0,2,2046,1323,723,199,572,1474,5.85379227761486,6.31119425547997,5.01680359612725,5.10452261306533,5.64571678321678,5.93453799185889,230
"230",2020,8,5.875,4,5.5,6.25,6,NA,5.875,2,2,1,0,4,2050,1325,725,200,572,1478,5.85383365853658,6.30996981132076,5.02020551724138,5.109,5.64571678321678,5.93437686062247,231
"231",2020,9,5.8,5,6,5,NA,NA,5.8,4,1,0,0,5,2055,1329,726,200,572,1483,5.85370267639902,6.30903686982694,5.02017768595041,5.109,5.64571678321678,5.93392380310183,232
"232",2020,10,4.83333333333333,6,NA,4.83333333333333,1,7,4.4,0,6,1,1,5,2061,1329,732,201,573,1488,5.85073216885007,6.30903686982694,5.01864617486339,5.08855721393035,5.64808027923211,5.92876948924732,233
"233",2020,11,5.75,6,7.25,5,4,NA,5.75,2,4,1,0,6,2067,1331,736,202,573,1494,5.85043976777939,6.31045078888054,5.01854483695652,5.08316831683168,5.64808027923211,5.9280515394913,234
"234",2020,12,4.425,4,6,3.9,5,3,4.9,1,3,1,1,3,2071,1332,739,203,574,1497,5.84768662481893,6.31021771771772,5.01400405953992,5.08275862068966,5.6434668989547,5.92599131596527,235
"235",2021,1,5,7,5.8,3,NA,3,5.33333333333333,5,2,0,1,6,2078,1337,741,203,575,1503,5.84483108758421,6.30830964846672,5.0085681511471,5.08275862068966,5.63886956521739,5.923625415835,236
"236",2021,2,6.4,1,6.4,NA,NA,NA,6.4,1,0,0,0,1,2079,1338,741,203,575,1504,5.84509812409812,6.30837817638266,5.0085681511471,5.08275862068966,5.63886956521739,5.92394215425532,237
"237",2021,4,5.66666666666667,3,6,5.5,NA,NA,5.66666666666667,1,2,0,0,3,2082,1339,743,203,575,1507,5.84484101825168,6.30814787154593,5.00989098250337,5.08275862068966,5.63886956521739,5.92342999336431,239
"238",2021,5,5.5,2,6,5,NA,NA,5.5,1,1,0,0,2,2084,1340,744,203,575,1509,5.84451007677543,6.30791791044776,5.00987768817204,5.08275862068966,5.63886956521739,5.92286878727635,240
"239",2021,6,5.5,3,6.5,3.5,NA,NA,5.5,2,1,0,0,3,2087,1342,745,203,575,1512,5.84401485385721,6.30820417287631,5.00785100671141,5.08275862068966,5.63886956521739,5.92202976190477,241
"240",2021,7,5.16666666666667,3,NA,5.16666666666667,3,NA,5.16666666666667,0,3,1,0,3,2090,1342,748,204,575,1515,5.84304258373206,6.30820417287631,5.00848796791444,5.07254901960784,5.63886956521739,5.92053399339934,242
"241",2021,8,5,2,7,3,NA,NA,5,1,1,0,0,2,2092,1343,749,204,575,1517,5.84223661567877,6.30871928518243,5.00580640854473,5.07254901960784,5.63886956521739,5.91932036914964,243
"242",2021,9,5.5,2,5.5,NA,NA,NA,5.5,2,0,0,0,2,2094,1345,749,204,575,1519,5.84190974212034,6.30751672862454,5.00580640854473,5.07254901960784,5.63886956521739,5.91876826859777,244
"243",2021,10,4.5,6,5,4.25,4,1,5.2,2,4,1,1,5,2100,1347,753,205,576,1524,5.83807571428571,6.30557535263549,5.00179150066401,5.06731707317073,5.63081597222222,5.91641010498688,245
"244",2021,11,5.5,2,10,1,1,NA,5.5,1,1,1,0,2,2102,1348,754,206,576,1526,5.83775404376784,6.30831602373887,4.99648408488064,5.04757281553398,5.63081597222222,5.91586435124509,246
"245",2021,12,5.5,6,6.5,3.5,NA,3,6,4,2,0,1,5,2108,1352,756,206,577,1531,5.83679269449715,6.30888313609468,4.99252513227513,5.04757281553398,5.62625649913345,5.91613912475507,247
"246",2022,1,6.125225,4,6.125225,NA,NA,NA,6.125225,4,0,0,0,4,2112,1356,756,206,577,1535,5.83733896780303,6.30834137168142,4.99252513227513,5.04757281553398,5.62625649913345,5.91668397394137,248
"247",2022,2,5,3,6.5,2,2,NA,5,2,1,1,0,3,2115,1358,757,207,577,1538,5.83615125295508,6.30862363770251,4.98857199471599,5.03285024154589,5.62625649913345,5.91489590377114,249
"248",2022,3,5,1,5,NA,NA,NA,5,1,0,0,0,1,2116,1359,757,207,577,1539,5.83575609640832,6.30766070640177,4.98857199471599,5.03285024154589,5.62625649913345,5.91430142949968,250
"249",2022,4,6.5,1,6.5,NA,NA,NA,6.5,1,0,0,0,1,2117,1360,757,207,577,1540,5.8360698630137,6.30780213235294,4.98857199471599,5.03285024154589,5.62625649913345,5.91468175324676,251
"250",2022,5,4.75,4,5,4.5,3,3,5.33333333333333,2,2,1,1,3,2121,1362,759,208,578,1543,5.8340216407355,6.30588171806168,4.98728458498024,5.02307692307692,5.62171280276816,5.91355145819832,252
"251",2022,6,4.5,2,7,2,2,NA,4.5,1,1,1,0,2,2123,1363,760,209,578,1545,5.83276490814884,6.3063909757887,4.98335394736842,5.00861244019139,5.62171280276816,5.91172161812298,253
"252",2022,8,7,2,7,NA,NA,NA,7,2,0,0,0,2,2125,1365,760,209,578,1547,5.83386348235294,6.30740725274726,4.98335394736842,5.00861244019139,5.62171280276816,5.91312857142858,255
"253",2022,9,5,2,6,4,NA,NA,5,1,1,0,0,2,2127,1366,761,209,578,1549,5.83307940761636,6.30718221083456,4.982061760841,5.00861244019139,5.62171280276816,5.91194958037444,256
"254",2022,10,5.49714285714286,7,5.745,5.16666666666667,NA,NA,5.49714285714286,4,3,0,0,7,2134,1370,764,209,578,1556,5.83197746016869,6.30554080291971,4.98278664921466,5.00861244019139,5.62171280276816,5.91008348329049,257
"255",2022,11,6,1,6,NA,NA,6,NA,1,0,0,1,0,2135,1371,764,209,579,1556,5.83205615925058,6.30531794310722,4.98278664921466,5.00861244019139,5.62236614853195,5.91008348329049,258
"256",2022,12,5.75,4,6,5,NA,7,5.33333333333333,3,1,0,1,3,2139,1374,765,209,580,1559,5.83190271154745,6.30465131004367,4.9828091503268,5.00861244019139,5.62474137931034,5.90897363694677,259
