"","year","month","avg_rating","no_ratings","avg_rating_owned","avg_rating_not_owned","avg_rating_prev_owned","avg_rating_comment","avg_rating_no_comment","no_ratings_owned","no_ratings_not_owned","no_ratings_prev_owned","no_ratings_comment","no_ratings_no_comment","cum_no_ratings","cum_no_ratings_owned","cum_no_ratings_not_owned","cum_no_ratings_prev_owned","cum_no_ratings_comment","cum_no_ratings_no_comment","cum_avg_rating","cum_avg_rating_owned","cum_avg_rating_not_owned","cum_avg_rating_prev_owned","cum_avg_rating_comment","cum_avg_rating_no_comment","month_after_release"
"1",2005,7,5,2,5,NA,NA,5,NA,2,0,0,2,0,2,2,0,0,2,0,5,5,NA,NA,5,NA,-2
"2",2005,9,8.125,8,8.28571428571429,7,7,8.125,NA,7,1,1,8,0,10,9,1,1,10,0,7.5,7.55555555555556,7,7,7.5,NA,0
"3",2005,10,7.38064516129032,31,8.07692307692308,6.87777777777778,6.5,7.42,7.34375,13,18,1,15,16,41,22,19,2,25,16,7.40975609756098,7.86363636363636,6.88421052631579,6.75,7.452,7.34375,1
"4",2005,11,7.52777777777778,18,8.05555555555556,7,7,7.5,7.55555555555556,9,9,1,9,9,59,31,28,3,34,25,7.44576271186441,7.91935483870968,6.92142857142857,6.83333333333333,7.46470588235294,7.42,2
"5",2005,12,7.03125,16,7.04166666666667,7,6,7.07142857142857,7,12,4,1,7,9,75,43,32,4,41,34,7.35733333333333,7.67441860465116,6.93125,6.625,7.39756097560976,7.30882352941176,3
"6",2006,1,7.10526315789474,19,7.5,6.75,5.5,6.86363636363636,7.4375,9,10,2,11,8,94,52,42,6,52,42,7.3063829787234,7.64423076923077,6.88809523809524,6.25,7.28461538461538,7.33333333333333,4
"7",2006,2,6.85714285714286,7,7.66666666666667,6.25,5,7.33333333333333,6.5,3,4,1,3,4,101,55,46,7,55,46,7.27524752475247,7.64545454545455,6.83260869565217,6.07142857142857,7.28727272727273,7.26086956521739,5
"8",2006,3,7.27777777777778,18,7.6,5.66666666666667,NA,6.6,7.53846153846154,15,3,0,5,13,119,70,49,7,60,59,7.27563025210084,7.63571428571429,6.76122448979592,6.07142857142857,7.23,7.32203389830508,6
"9",2006,4,7.57142857142857,7,7.66666666666667,7,NA,7.5,7.6,6,1,0,2,5,126,76,50,7,62,64,7.29206349206349,7.63815789473684,6.766,6.07142857142857,7.23870967741936,7.34375,7
"10",2006,5,7.26923076923077,13,7.65,6,NA,7.21428571428571,7.33333333333333,10,3,0,7,6,139,86,53,7,69,70,7.28992805755396,7.63953488372093,6.72264150943396,6.07142857142857,7.23623188405797,7.34285714285714,8
"11",2006,6,6.70909090909091,11,7.08888888888889,5,NA,5.33333333333333,7.225,9,2,0,3,8,150,95,55,7,72,78,7.24733333333333,7.58736842105263,6.66,6.07142857142857,7.15694444444444,7.33076923076923,9
"12",2006,7,7.07142857142857,7,8.33333333333333,6.125,NA,6,7.5,3,4,0,2,5,157,98,59,7,74,83,7.23949044585987,7.61020408163265,6.62372881355932,6.07142857142857,7.12567567567567,7.34096385542169,10
"13",2006,8,7.78125,16,7.95833333333333,7.25,7,7.4375,8.125,12,4,1,8,8,173,110,63,8,82,91,7.28959537572254,7.64818181818182,6.66349206349206,6.1875,7.15609756097561,7.40989010989011,11
"14",2006,9,7.09,10,7.41428571428571,6.33333333333333,7,7.12857142857143,7,7,3,1,7,3,183,117,66,9,89,94,7.27868852459016,7.63418803418803,6.64848484848485,6.27777777777778,7.15393258426966,7.3968085106383,12
"15",2006,10,7.2,15,7.27777777777778,7.08333333333333,10,7,7.375,9,6,2,7,8,198,126,72,11,96,102,7.27272727272727,7.60873015873016,6.68472222222222,6.95454545454545,7.14270833333333,7.39509803921569,13
"16",2006,11,7.77777777777778,9,8.6,6.75,8,7.66666666666667,8,5,4,1,6,3,207,131,76,12,102,105,7.29468599033816,7.64656488549618,6.68815789473684,7.04166666666667,7.17352941176471,7.41238095238095,14
"17",2006,12,6.9,20,7.875,5.4375,NA,6.875,6.91666666666667,12,8,0,8,12,227,143,84,12,110,117,7.25991189427313,7.66573426573426,6.56904761904762,7.04166666666667,7.15181818181818,7.36153846153846,15
"18",2007,1,6.62142857142857,21,7.33,5.97727272727273,NA,6.66666666666667,6.61388888888889,10,11,0,3,18,248,153,95,12,113,135,7.20584677419355,7.6437908496732,6.50052631578947,7.04166666666667,7.13893805309734,7.26185185185185,16
"19",2007,2,6.38338625,16,7,6.10310727272727,5.5,6.14285714285714,6.57046444444444,5,11,2,7,9,264,158,106,14,120,144,7.15600068181818,7.62341772151899,6.45928471698113,6.82142857142857,7.08083333333333,7.21864013888889,17
"20",2007,3,6.67105263157895,19,7.27083333333333,5.64285714285714,NA,6.30555555555556,7,12,7,0,9,10,283,170,113,14,129,154,7.12344233215548,7.5985294117647,6.40870955752212,6.82142857142857,7.02674418604651,7.20444272727273,18
"21",2007,4,6.9,27,7.38666666666667,6.29166666666667,7,6.70625,7.18181818181818,15,12,2,16,11,310,185,125,16,145,165,7.10398122580645,7.58135135135135,6.39747344,6.84375,6.99137931034483,7.20293442424242,19
"22",2007,5,7.06190476190476,21,7.6,6.1875,NA,6.75,7.25384615384615,13,8,0,8,13,331,198,133,16,153,178,7.10131172205438,7.58257575757576,6.38484345864662,6.84375,6.97875816993464,7.20665269662921,20
"23",2007,6,7.45,20,7.81818181818182,7,8,7.91666666666667,7.25,11,9,1,6,14,351,209,142,17,159,192,7.12118,7.59497607655502,6.42383225352113,6.91176470588235,7.01415094339623,7.2098134375,21
"24",2007,7,6.36666666666667,15,6.625,6.07142857142857,NA,5.4,6.85,8,7,0,5,10,366,217,149,17,164,202,7.09025732240437,7.55921658986175,6.40727637583893,6.91176470588235,6.96493902439024,7.19200089108911,22
"25",2007,8,6.42144444444444,18,7.38575,5.65,6,6.86236363636364,5.72857142857143,8,10,1,11,7,384,225,159,18,175,209,7.05890671875,7.55304888888889,6.35964893081761,6.86111111111111,6.95849142857143,7.14298650717703,23
"26",2007,9,7.52142857142857,14,7.66363636363636,7,7,8.07142857142857,6.97142857142857,11,3,1,7,7,398,236,162,19,182,216,7.07517633165829,7.55820338983051,6.37150728395062,6.86842105263158,7.0012967032967,7.13742675925926,24
"27",2007,10,7.13333333333333,24,7.46470588235294,6.32857142857143,10,7.07142857142857,7.15882352941177,17,7,1,7,17,422,253,169,20,189,233,7.07848383886256,7.5519209486166,6.36972887573964,7.025,7.00389417989418,7.13898789699571,25
"28",2007,11,7.5,15,6.88888888888889,8.41666666666667,6.5,8.5,7,9,6,1,5,10,437,262,175,21,194,243,7.0929523569794,7.52914503816794,6.4399096,7,7.04245360824742,7.13326823045267,26
"29",2007,12,6.64,25,6.77777777777778,6.28571428571429,6,6.72727272727273,6.57142857142857,18,7,3,11,14,462,280,182,24,205,257,7.06844194805195,7.48084285714286,6.43397901098901,6.875,7.02554146341463,7.10266217898833,27
"30",2008,1,7.112,25,6.95833333333333,7.25384615384615,6.875,6.75,7.28235294117647,12,13,4,8,17,487,292,195,28,213,274,7.07067798767967,7.4593698630137,6.48863682051282,6.875,7.01519248826291,7.11381087591241,28
"31",2008,2,6.88571428571429,14,7,6.73333333333333,7,7.6,6.35,8,6,2,6,8,501,300,201,30,219,282,7.06550934131737,7.44712,6.49594119402985,6.88333333333333,7.03121461187215,7.0921424822695,29
"32",2008,3,7.26666666666667,15,7.68181818181818,6.125,6.5,6.85714285714286,7.625,11,4,1,7,8,516,311,205,31,226,290,7.0713569379845,7.45542122186495,6.48870331707317,6.87096774193548,7.02582300884956,7.106842,30
"33",2008,4,6.5625,16,6.36363636363636,7,7,6.7,6.5,11,5,3,5,11,532,322,210,34,231,301,7.05605296992481,7.41812422360248,6.50087704761905,6.88235294117647,7.01877056277056,7.08466504983389,31
"34",2008,5,6.955,20,7.27272727272727,6.56666666666667,6.7,7.3,6.84,11,9,3,5,15,552,333,219,37,236,316,7.05239163043478,7.41332132132132,6.50358073059361,6.86756756756757,7.02472881355932,7.07305120253164,32
"35",2008,6,6.6875,16,7.55555555555556,5.57142857142857,6,6.9375,6.4375,9,7,2,8,8,568,342,226,39,244,324,7.04211299295775,7.41706432748538,6.47470876106195,6.82307692307692,7.02186885245902,7.05735858024691,33
"36",2008,7,6.72352941176471,17,7.11111111111111,6.2875,6.75,6.7,6.73333333333333,9,8,2,5,12,585,351,234,41,249,336,7.03285500854701,7.40921937321937,6.46830846153846,6.81951219512195,7.01540562248996,7.04578625,34
"37",2008,8,6.10714285714286,14,6.3125,5.83333333333333,8,5.9,6.22222222222222,8,6,1,5,9,599,359,240,42,254,345,7.01121899833055,7.38477994428969,6.45243408333333,6.84761904761905,6.99344881889764,7.02430197101449,35
"38",2008,9,6.71875,16,7.375,6.0625,7,6.58333333333333,6.8,8,8,2,6,10,615,367,248,44,260,355,7.00361004878049,7.38456675749319,6.43985556451613,6.85454545454546,6.98398461538462,7.0179836056338,36
"39",2008,10,6.95882352941176,17,7.31111111111111,6.5625,5.7,7,6.94615384615385,9,8,5,4,13,632,376,256,49,264,368,7.00240534810127,7.3828085106383,6.443688203125,6.73673469387755,6.98422727272727,7.01544614130435,37
"40",2008,11,6.50909090909091,22,6.71,6.34166666666667,6.775,7.42,6.24117647058824,10,12,4,5,17,654,386,268,53,269,385,6.98581067278287,7.36537823834197,6.43912007462686,6.73962264150943,6.99232713754647,6.98125761038961,38
"41",2008,12,7.09090909090909,22,7.46666666666667,6.28571428571429,6.75,7,7.11764705882353,15,7,4,5,17,676,401,275,57,274,402,6.98923103550296,7.36916708229426,6.4352152,6.74035087719298,6.99246715328467,6.98702532338308,39
"42",2009,1,7.0625,32,7.23809523809524,6.72727272727273,6,7.09090909090909,7.04761904761905,21,11,4,11,21,708,422,286,61,285,423,6.99254262711864,7.36264454976303,6.44644818181818,6.69180327868853,6.99626666666667,6.99003352245863,40
"43",2009,2,6.19117647058824,34,7.03125,5.44444444444444,6.7,6.3,6.14583333333333,16,18,5,10,24,742,438,304,66,295,447,6.95582234501348,7.35053881278539,6.38711901315789,6.69242424242424,6.97266440677966,6.94470733780761,41
"44",2009,3,7.07931034482759,29,7.4375,6.63846153846154,6.25714285714286,6.88,7.18421052631579,16,13,7,10,19,771,454,317,73,305,466,6.96046715953307,7.35360352422907,6.39742643533123,6.65068493150685,6.9696262295082,6.95447248927039,42
"45",2009,4,6.78823529411765,34,7.28235294117647,6.29411764705882,6.4,7.1,6.73448275862069,17,17,5,5,29,805,471,334,78,310,495,6.95319277018634,7.35103184713376,6.39216820359281,6.63461538461539,6.97172903225806,6.9415842020202,43
"46",2009,5,6.88787878787879,33,7.12777777777778,6.6,5.92857142857143,6.9125,6.88,18,15,7,8,25,838,489,349,85,318,520,6.9506207398568,7.34281390593047,6.40110080229226,6.57647058823529,6.97023899371069,6.93862342307692,44
"47",2009,6,6.86206896551724,29,7.21428571428571,6.53333333333333,6.5,6.64285714285714,6.93181818181818,14,15,6,7,22,867,503,364,91,325,542,6.94765880046136,7.3392365805169,6.40654994505494,6.57142857142857,6.96318769230769,6.93834719557196,45
"48",2009,7,6.452,25,6.75,6.07272727272727,4.66666666666667,6.75714285714286,6.33333333333333,14,11,3,7,18,892,517,375,94,332,560,6.93376701793722,7.32328046421663,6.39675781333333,6.51063829787234,6.95884337349398,6.91890032142857,46
"49",2009,8,6.81230769230769,26,7.04166666666667,6.61571428571429,6.60714285714286,7.09333333333333,6.57142857142857,12,14,7,12,14,918,529,389,101,344,574,6.93032699346405,7.31689224952741,6.40463799485861,6.51732673267327,6.96353488372093,6.91042540069686,47
"50",2009,9,7.17857142857143,14,7.5625,6.66666666666667,6.25,7.33333333333333,7.13636363636364,8,6,4,3,11,932,537,395,105,347,585,6.93405598712446,7.32055121042831,6.40861817721519,6.50714285714286,6.96673198847262,6.91467381196581,48
"51",2009,10,7.0258064516129,31,7.425,6.6,6.8125,6.875,7.04814814814815,16,15,8,4,27,963,553,410,113,351,612,6.93700953271028,7.32357323688969,6.41561995121951,6.5287610619469,6.96568660968661,6.92056238562091,49
"52",2009,11,6.58088235294118,34,6.96153846153846,6.34523809523809,7.29166666666667,6.75,6.55172413793103,13,21,6,5,29,997,566,431,119,356,641,6.92486477432297,7.31525795053004,6.41219067285383,6.5672268907563,6.96265730337079,6.90387547581903,50
"53",2009,12,6.95757575757576,33,7.58421052631579,6.10714285714286,5.04,6.97142857142857,6.95384615384615,19,14,5,7,26,1030,585,445,124,363,667,6.92591279611651,7.32399316239316,6.40259366292135,6.50564516129032,6.96282644628099,6.90582335832084,51
"54",2010,1,6.85,40,7.38,5.96666666666667,5.72222222222222,6.1,7.1,25,15,9,10,30,1070,610,460,133,373,697,6.92307493457944,7.32628852459016,6.38837865217391,6.45263157894737,6.93969436997319,6.91418103299856,52
"55",2010,2,6.87121212121212,33,7.3125,6.45588235294118,6.28571428571429,6.83333333333333,6.87962962962963,16,17,7,6,27,1103,626,477,140,379,724,6.9215232819583,7.32593610223642,6.39078444444444,6.44428571428571,6.93801055408971,6.91289251381215,53
"56",2010,3,6.56714285714286,35,7.25,6.11190476190476,6.83333333333333,6.33571428571429,6.625,14,21,3,7,28,1138,640,498,143,386,752,6.91062405975396,7.324275,6.37902445783132,6.45244755244755,6.92708808290156,6.90217311170213,54
"57",2010,4,6.95652173913043,23,7.28461538461538,6.53,6.66666666666667,6.78571428571429,7.03125,13,10,3,7,16,1161,653,508,146,393,768,6.91153331610681,7.3234854517611,6.38199641732283,6.45684931506849,6.92456997455471,6.90486221354167,55
"58",2010,5,6.77826086956522,23,6.99333333333333,6.375,6.5,7,6.76818181818182,15,8,4,1,22,1184,668,516,150,394,790,6.90894440878378,7.31607185628742,6.38188794573643,6.458,6.9247614213198,6.90105592405063,56
"59",2010,6,6.75,18,7.11,6.3,7.08,6.78571428571429,6.72727272727273,10,8,5,7,11,1202,678,524,155,401,801,6.90656420965058,7.31303244837758,6.3806377480916,6.47806451612903,6.92233416458853,6.89866938826467,57
"60",2010,7,6.21833333333333,30,7.03571428571429,5.503125,5.03571428571429,5.66666666666667,6.35625,14,16,7,6,24,1232,692,540,162,407,825,6.88980534090909,7.30742196531792,6.35463737037037,6.41574074074074,6.9038230958231,6.88288991515151,58
"61",2010,8,6.67,20,7.075,6.0625,5.5,7,6.5875,12,8,2,4,16,1252,704,548,164,411,841,6.88629407348243,7.30346022727273,6.35037259124088,6.40457317073171,6.90475912408759,6.87727013079667,59
"62",2010,9,6.42,21,6.29384615384615,6.625,7.25,NA,6.42,13,8,2,0,21,1273,717,556,166,411,862,6.87860186959937,7.28515481171548,6.3543240647482,6.41475903614458,6.90475912408759,6.86613013921114,60
"63",2010,10,6.71875,16,7.1875,6.25,6.3,6.9,6.63636363636364,8,8,5,5,11,1289,725,564,171,416,873,6.87661767261443,7.28407724137931,6.35284429078014,6.41140350877193,6.90470192307692,6.86323502863688,61
"64",2010,11,6.76060606060606,33,7.02941176470588,6.475,6.625,7.1125,6.648,17,16,4,8,25,1322,742,580,175,424,898,6.87372177004539,7.27824258760108,6.35621410344828,6.41628571428571,6.90862264150943,6.85724296213808,62
"65",2010,12,7.01851851851852,27,7.34666666666667,6.60833333333333,6.5,6.83333333333333,7.07142857142857,15,12,3,6,21,1349,757,592,178,430,919,6.87661985174203,7.27959841479524,6.36132462837838,6.41769662921348,6.90757209302326,6.86213730141458,63
"66",2011,1,6.73653846153846,26,7.19333333333333,6.11363636363636,6.75,7.46428571428571,6.46842105263158,15,11,5,7,19,1375,772,603,183,437,938,6.87397104,7.27792227979274,6.35680626865672,6.42677595628415,6.91648970251716,6.85416223880597,64
"67",2011,2,7.175,20,7.23076923076923,7.07142857142857,8,7.5,7.06666666666667,13,7,1,5,15,1395,785,610,184,442,953,6.87828686738351,7.27714140127388,6.36500685245902,6.43532608695652,6.92309049773756,6.85750700944386,65
"68",2011,3,6.57727272727273,22,6.82,6.375,6.625,6.25,6.7,10,12,4,6,16,1417,795,622,188,448,969,6.87361339449541,7.27139119496855,6.36519964630225,6.43936170212766,6.91407589285714,6.8549062745098,66
"69",2011,4,6.85,18,6.35714285714286,7.16363636363636,6.94285714285714,6.72857142857143,6.92727272727273,7,11,7,7,11,1435,802,633,195,455,980,6.87331719860627,7.26341147132169,6.37907453396525,6.4574358974359,6.91122197802198,6.85571855102041,67
"70",2011,5,6.825,20,7.5,6.15,6.625,6.21428571428571,7.15384615384615,10,10,4,7,13,1455,812,643,199,462,993,6.87265304467354,7.26632512315271,6.37551194401244,6.4608040201005,6.90066233766234,6.859621530715,68
"71",2011,6,6.22222222222222,18,6.875,5.7,5.35714285714286,6.08333333333333,6.29166666666667,8,10,7,6,12,1473,820,653,206,468,1005,6.86470480651731,7.26250731707317,6.36516719754977,6.42330097087379,6.89018376068376,6.8528399800995,69
"72",2011,7,6.725,20,7.4,6.05,5.66666666666667,6.5,6.78125,10,10,3,4,16,1493,830,663,209,472,1021,6.8628333422639,7.26416385542168,6.36041354449472,6.41244019138756,6.88687711864407,6.85171809990205,70
"73",2011,8,6.51428571428571,28,6.90833333333333,6.21875,6.16666666666667,7.07142857142857,6.32857142857143,12,16,6,7,21,1521,842,679,215,479,1042,6.85641694937541,7.25909263657957,6.35707537555228,6.40558139534884,6.88957411273486,6.8411748368522,71
"74",2011,9,7.29347826086957,23,7.60294117647059,6.41666666666667,7,6.375,7.61764705882353,17,6,2,6,17,1544,859,685,217,485,1059,6.86292757772021,7.26589755529685,6.35759734306569,6.4110599078341,6.88320824742268,6.8536394523135,72
"75",2011,10,6.355,20,6.7625,6.08333333333333,6.25,6.375,6.35,8,12,4,4,16,1564,867,697,221,489,1075,6.85643234015345,7.26125259515571,6.35287543758967,6.40814479638009,6.87905112474438,6.84614342325581,73
"76",2011,11,6.95652173913043,23,6.93333333333333,7,6.5,6.83333333333333,7,15,8,3,6,17,1587,882,705,224,495,1092,6.85788291115312,7.25567573696145,6.36021869503546,6.409375,6.87849696969697,6.84853862637362,74
"77",2011,12,6.6047619047619,21,7,6.17,6.875,7.625,6.36470588235294,11,10,4,4,17,1608,893,715,228,499,1109,6.85457722636816,7.25252631578947,6.35755829370629,6.41754385964912,6.88448096192385,6.84112189359783,75
"78",2012,1,6.703125,32,7.22222222222222,6.03571428571429,5.9375,6.75,6.675,18,14,8,12,20,1640,911,729,236,511,1129,6.85162206097561,7.2519275521405,6.35137747599451,6.40127118644068,6.8813228962818,6.83817907883082,76
"79",2012,2,6.95961538461538,26,7.46071428571429,6.375,6.25,7.44444444444444,6.70294117647059,14,12,4,9,17,1666,925,741,240,520,1146,6.85330743097239,7.25508756756757,6.35176002699055,6.39875,6.89106923076923,6.83617293193717,77
"80",2012,3,6.85882352941176,17,7.33,6.18571428571429,6,7.13333333333333,6.70909090909091,10,7,3,6,11,1683,935,748,243,526,1157,6.85336314913844,7.25588877005347,6.35020612299465,6.39382716049383,6.89383269961977,6.83496471910112,78
"81",2012,4,6.33333333333333,12,6.66666666666667,6,6,6,6.44444444444444,6,6,2,3,9,1695,941,754,245,529,1166,6.84968152212389,7.25213177470776,6.34741933687003,6.39061224489796,6.88876370510397,6.83195041166381,79
"82",2012,5,6.16578947368421,19,6.55,5.73888888888889,5.625,5.96666666666667,6.203125,10,9,2,3,16,1714,951,763,247,532,1182,6.84210045507585,7.24474868559411,6.34024138925295,6.38441295546559,6.88356390977444,6.82343839255499,80
"83",2012,6,7.3,15,7.44444444444444,7.08333333333333,7.5,7.91666666666667,6.88888888888889,9,6,2,6,9,1729,960,769,249,538,1191,6.84607297860035,7.24662083333333,6.34603924577373,6.3933734939759,6.89508550185874,6.8239329806885,81
"84",2012,7,7.266,15,7.55454545454545,6.4725,6.33333333333333,7.16666666666667,7.29083333333333,11,4,3,3,12,1744,971,773,252,541,1203,6.84968473623853,7.25010916580844,6.34669363518758,6.39265873015873,6.89659149722736,6.82859034081463,82
"85",2012,8,6.97333333333333,15,6.96363636363636,7,9,7.66666666666667,6.8,11,4,1,3,12,1759,982,777,253,544,1215,6.85073915861285,7.24690020366599,6.35005685971686,6.40296442687747,6.90083823529412,6.82830796707819,83
"86",2012,9,6.77647058823529,17,6.77,6.78571428571429,7,6.75,6.78461538461538,10,7,1,4,13,1776,992,784,254,548,1228,6.85002825450451,7.24209274193548,6.35394665816327,6.40531496062992,6.89973722627737,6.82784542345277,84
"87",2012,10,6.38823529411765,17,6.9,5.8125,5.125,7.275,6.11538461538461,9,8,4,4,13,1793,1001,792,258,552,1241,6.84564984941439,7.23901698301698,6.3484775,6.38546511627907,6.90245652173913,6.82038209508461,85
"88",2012,11,6.665,20,6.75333333333333,6.4,7,7.41666666666667,6.34285714285714,15,5,2,6,14,1813,1016,797,260,558,1255,6.84365702151131,7.23184645669291,6.34880072772898,6.39019230769231,6.90798566308244,6.81505512350598,86
"89",2012,12,7.26071428571429,14,7.30625,7.2,NA,6.46666666666667,7.47727272727273,8,6,0,3,11,1827,1024,803,260,561,1266,6.84685286261631,7.232427734375,6.35516087173101,6.39019230769231,6.9056256684492,6.82080898894155,87
"90",2013,1,6.9424,25,7.61142857142857,6.09090909090909,6.2,6.725,6.98380952380952,14,11,5,4,21,1852,1038,814,265,565,1287,6.84814264578834,7.23753949903661,6.3515899017199,6.3866037735849,6.90434690265487,6.82346867132867,88
"91",2013,2,6.4775,20,6.72916666666667,6.1,6.7,6.75,6.29583333333333,12,8,4,8,12,1872,1050,822,269,573,1299,6.84418278846154,7.23172952380952,6.34914133819951,6.39126394052044,6.90219197207679,6.81859444187837,89
"92",2013,3,6.89642857142857,14,7.25555555555556,6.25,6.625,7.325,6.725,9,5,2,4,10,1886,1059,827,271,577,1309,6.84457061505832,7.23193201133144,6.34854193470375,6.3929889298893,6.90512305025997,6.81787943468296,90
"93",2013,4,6.79230769230769,13,6.975,6.5,6.5,6.6,6.9125,8,5,2,5,8,1899,1067,832,273,582,1317,6.84421283833597,7.23000562324274,6.34945213942308,6.39377289377289,6.90250171821306,6.81845419893698,91
"94",2013,5,6,17,7,5.3,5.5,5.83333333333333,6.09090909090909,7,10,2,6,11,1916,1074,842,275,588,1328,6.83672243215031,7.22850651769088,6.33698833729216,6.38727272727273,6.89159183673469,6.81242784638554,92
"95",2013,6,5.87333333333333,15,7.01428571428571,4.875,4,7.36666666666667,5.5,7,8,1,3,12,1931,1081,850,276,591,1340,6.82923882962196,7.22711933395005,6.32322844705882,6.3786231884058,6.89400338409476,6.80067476119403,93
"96",2013,7,7.14285714285714,7,6.9,7.75,7.75,8.25,6.7,5,2,2,2,5,1938,1086,852,278,593,1345,6.83037160990712,7.22561325966851,6.32657767605634,6.38848920863309,6.89857672849916,6.80030050557621,94
"97",2013,8,6.2625,20,6.39583333333333,6.0625,5.5,6.5,6.22058823529412,12,8,4,3,17,1958,1098,860,282,596,1362,6.82457108273749,7.21654462659381,6.32412113953488,6.37588652482269,6.89657046979866,6.79306474302496,95
"98",2013,9,6.66666666666667,12,7.125,5.75,NA,6.5,6.7,8,4,0,2,10,1970,1106,864,282,598,1372,6.8236092284264,7.21588245931284,6.3214631712963,6.37588652482269,6.89524414715719,6.79238642857143,96
"99",2013,10,6.91666666666667,15,7.59375,6.14285714285714,6.33333333333333,7.1,6.825,8,7,3,5,10,1985,1114,871,285,603,1382,6.82431243324937,7.2185960502693,6.32002776119403,6.37543859649123,6.89694195688226,6.79262241678726,97
"100",2013,11,7.3,18,7.78333333333333,6.33333333333333,NA,5.75,7.74285714285714,12,6,0,4,14,2003,1126,877,285,607,1396,6.82858720918622,7.22461456483126,6.32011879133409,6.37543859649123,6.88938385502471,6.80215199140401,98
"101",2013,12,6.31333333333333,15,6.81,5.32,5.025,NA,6.31333333333333,10,5,4,0,15,2018,1136,882,289,607,1411,6.82475727452924,7.22096478873239,6.31444918367347,6.35674740484429,6.88938385502471,6.79695547838412,99
"102",2014,1,6.84615384615385,13,7.16666666666667,6.125,7.25,7.25,6.77272727272727,9,4,2,2,11,2031,1145,886,291,609,1422,6.82489422944362,7.22053799126637,6.31359388261851,6.36288659793814,6.89056814449918,6.79676805907173,100
"103",2014,2,7.33333333333333,12,7.375,7.3125,6.9,8,7.27272727272727,4,8,5,1,11,2043,1149,894,296,610,1433,6.82788065589819,7.22107571801567,6.32253263982103,6.37195945945946,6.8923868852459,6.80042161898116,101
"104",2014,3,6.35714285714286,14,7.5,5.72222222222222,6,5.5,6.5,5,9,5,2,12,2057,1154,903,301,612,1445,6.82467680116675,7.2222842287695,6.31654947951274,6.36578073089701,6.88783660130719,6.79792676816609,102
"105",2014,4,6.65,12,6.9,6.525,7.33333333333333,NA,6.65,4,8,3,0,12,2069,1158,911,304,612,1457,6.82366369260512,7.22117098445596,6.31838,6.37532894736842,6.88783660130719,6.79670842827728,103
"106",2014,5,5.22222222222222,9,7.5,4.57142857142857,5.33333333333333,1,5.75,2,7,3,1,8,2078,1160,918,307,613,1465,6.8167277093359,7.22165172413793,6.30505901960784,6.36514657980456,6.87823164763459,6.79099261433447,104
"107",2014,6,6.76,5,6.9,6.66666666666667,6.66666666666667,NA,6.76,2,3,3,0,5,2083,1162,921,310,613,1470,6.81659154104657,7.22109810671256,6.3062368946797,6.36806451612903,6.87823164763459,6.79088719727891,105
"108",2014,7,5.75,14,6.31818181818182,3.66666666666667,2.5,5.25,5.95,11,3,2,4,10,2097,1173,924,312,617,1480,6.80947075822604,7.21263086104007,6.29766686147186,6.34326923076923,6.86767585089141,6.78520552702703,106
"109",2014,8,6.53846153846154,13,7.5,5.41666666666667,6.5,5,6.66666666666667,7,6,1,1,12,2110,1180,930,313,618,1492,6.80780103317535,7.21433559322034,6.29198298924731,6.34376996805112,6.86465372168285,6.78425213136729,107
"110",2014,9,6.63461538461539,13,6,6.825,6.83333333333333,6.6,6.65625,3,10,9,5,8,2123,1183,940,322,623,1500,6.80674054639661,7.2112561284869,6.29765338297872,6.35745341614907,6.86252969502408,6.78356945333333,108
"111",2014,10,7,11,7.25,6.7,6.5,6.75,7.14285714285714,6,5,3,4,7,2134,1189,945,325,627,1507,6.80773672914714,7.21145164003364,6.2997822010582,6.35876923076923,6.86181180223286,6.78523834107498,109
"112",2014,11,5.63636363636364,11,6.66666666666667,5.25,4.5,6.33333333333333,5.375,3,8,2,3,8,2145,1192,953,327,630,1515,6.80172968764569,7.21008053691275,6.29096975865687,6.34740061162079,6.85929523809524,6.77779153795379,110
"113",2014,12,6.235,10,7.25,5.22,6,6.425,6.1875,5,5,1,2,8,2155,1197,958,328,632,1523,6.79909985150812,7.21024728487886,6.28538014613779,6.34634146341463,6.85792088607595,6.77469086014445,111
"114",2015,1,6.45652173913043,23,7.55555555555556,5.75,6.75,6.5,6.45,9,14,6,3,20,2178,1206,972,334,635,1543,6.79548217630854,7.21282421227197,6.27766890946502,6.35359281437126,6.85622992125984,6.77048229423201,112
"115",2015,2,6.4,10,7,5.8,5.5,7,6.14285714285714,5,5,3,3,7,2188,1211,977,337,638,1550,6.79367467093236,7.21194549958712,6.27522433981576,6.3459940652819,6.85690595611285,6.76764785806451,113
"116",2015,3,6.99285714285714,14,6.78571428571429,7.2,6.5,7.15,6.875,7,7,3,6,8,2202,1218,984,340,644,1558,6.794941044505,7.20949589490969,6.28180302845529,6.34735294117647,6.85963664596273,6.76819908857509,114
"117",2015,4,6.75,8,7,6.5,7.5,7,6.71428571428571,4,4,2,1,7,2210,1222,988,342,645,1565,6.79477836199095,7.20881014729951,6.28268641700405,6.35409356725146,6.85985426356589,6.76795794249201,115
"118",2015,5,6.755,10,7.10714285714286,5.93333333333333,6,7.625,6.5375,7,3,1,2,8,2220,1229,991,343,647,1573,6.79459918018018,7.20823108218063,6.281628839556,6.35306122448979,6.86221947449768,6.76678587412587,116
"119",2015,6,7.36,10,7.68333333333333,6.875,6.5,7.66666666666667,7.22857142857143,6,4,3,3,7,2230,1235,995,346,650,1580,6.79713460986547,7.21053927125506,6.28401425125628,6.35433526011561,6.86593230769231,6.76883175949367,117
"120",2015,7,6.75,12,8,6.125,5.75,8.33333333333333,6.22222222222222,4,8,4,3,9,2242,1239,1003,350,653,1589,6.79688232827832,7.21308797417272,6.28274594217348,6.34742857142857,6.87267381316999,6.76573579609817,118
"121",2015,8,6.89230769230769,13,6.95454545454545,6.55,NA,7.75,6.73636363636364,11,2,0,2,11,2255,1250,1005,350,655,1600,6.79743245232816,7.2108128,6.28327779104478,6.34742857142857,6.87535267175573,6.7655338625,119
"122",2015,9,6.25,8,6,6.66666666666667,5,5.5,6.5,5,3,1,2,6,2263,1255,1008,351,657,1606,6.79549720724702,7.20598884462151,6.28441882936508,6.34358974358974,6.87116590563166,6.76454183063512,120
"123",2015,10,6.785,10,6.73125,7,7,6.4625,7,8,2,1,4,6,2273,1263,1010,352,661,1612,6.79545102507699,7.20298178939034,6.28583582178218,6.34545454545454,6.86869288956127,6.76541822580645,121
"124",2015,11,6,11,5.5,6.28571428571429,6.33333333333333,5.75,6.14285714285714,4,7,3,4,7,2284,1267,1017,355,665,1619,6.79162004378284,7.19760536700868,6.28583498525074,6.34535211267605,6.86196390977444,6.76272648548487,122
"125",2015,12,6.78333333333333,12,6.41666666666667,7.15,6.3,6.66666666666667,6.82222222222222,6,6,3,3,9,2296,1273,1023,358,668,1628,6.79157673344948,7.19392458758837,6.29090340175953,6.34497206703911,6.86108682634731,6.76305539312039,123
"126",2016,1,6.77272727272727,11,7.1875,5.66666666666667,NA,7.5,6.7,8,3,0,1,10,2307,1281,1026,358,669,1638,6.79148685739055,7.19388446526151,6.28907814814815,6.34497206703911,6.86204185351271,6.76267043956044,124
"127",2016,2,5.55555555555556,9,6.5,5.28571428571429,6,6.5,5.28571428571429,2,7,3,2,7,2316,1283,1033,361,671,1645,6.78668401554404,7.19280280592362,6.28227897386254,6.34210526315789,6.86096274217586,6.75638551975684,125
"128",2016,3,6.46153846153846,13,6.27777777777778,6.875,8,NA,6.46153846153846,9,4,1,0,13,2329,1292,1037,362,671,1658,6.7848691197939,7.18642879256966,6.28456526518804,6.34668508287293,6.86096274217586,6.75407369119421,126
"129",2016,4,6.95714285714286,14,7.62857142857143,6.28571428571429,6.75,7.66666666666667,6.76363636363636,7,7,2,3,11,2343,1299,1044,364,674,1669,6.78589849765258,7.18881139337952,6.28457296934866,6.3489010989011,6.86454896142433,6.75413671659676,127
"130",2016,5,6.75333333333333,15,7.375,6.04285714285714,6.1,6.5,6.79230769230769,8,7,3,2,13,2358,1307,1051,367,676,1682,6.78569134011874,7.18995103289977,6.28296306374881,6.34686648501362,6.86347041420118,6.75443173602853,128
"131",2016,6,6.16666666666667,15,7.5,4.64285714285714,3.83333333333333,7.2,5.65,8,7,3,5,10,2373,1315,1058,370,681,1692,6.78177841550779,7.19183726235741,6.27211170132325,6.32648648648649,6.86594126284875,6.74790436170212,129
"132",2016,7,5.93333333333333,15,7.6,5.1,5.25,5.6,6.1,5,10,4,5,10,2388,1320,1068,374,686,1702,6.77644898659966,7.19338333333333,6.26113687265918,6.31497326203209,6.85671428571429,6.74409763807285,130
"133",2016,8,6.30769230769231,13,6.57142857142857,6,7,4,6.5,7,6,2,1,12,2401,1327,1074,376,687,1714,6.7739109454394,7.19010248681236,6.25967800744879,6.3186170212766,6.85255604075692,6.74238866977829,131
"134",2016,9,6.56666666666667,15,7,6.07142857142857,5.5,7.33333333333333,6.375,8,7,2,3,12,2416,1335,1081,378,690,1726,6.77262424668874,7.18896329588015,6.25845900092507,6.31428571428571,6.8546463768116,6.73983440324449,132
"135",2016,10,6.64615384615385,13,6.88,6.5,5.75,5.5,6.74166666666667,5,8,2,1,12,2429,1340,1089,380,691,1738,6.77194737752161,7.18781044776119,6.26023340679523,6.31131578947368,6.85268596237337,6.73984705408515,133
"136",2016,11,6.23333333333333,15,6.83333333333333,5.83333333333333,6,7,6.11538461538461,6,9,1,2,13,2444,1346,1098,381,693,1751,6.76864164484452,7.18623031203566,6.25673422586521,6.31049868766404,6.85311111111111,6.73521083952027,134
"137",2016,12,6.89285714285714,7,7.05,6.5,6,7,6.875,5,2,1,1,6,2451,1351,1100,382,694,1757,6.76899640146879,7.18572612879349,6.25717652727273,6.30968586387434,6.85332276657061,6.73568820717131,135
"138",2017,1,5.76923076923077,13,6.1875,5.1,5.5,6.16666666666667,5.42857142857143,8,5,2,6,7,2464,1359,1105,384,700,1764,6.76372166396104,7.17984988962472,6.25194043438914,6.30546875,6.84743714285714,6.73050123582766,136
"139",2017,2,6.52941176470588,17,7.21428571428571,6.05,6.2,7.25,6.30769230769231,7,10,5,4,13,2481,1366,1115,389,704,1777,6.7621161547763,7.18002635431918,6.25012930941704,6.30411311053984,6.84972443181818,6.72740809229037,137
"140",2017,3,6.61111111111111,9,7.4,5.625,6.16666666666667,10,6.1875,5,4,3,1,8,2490,1371,1119,392,705,1785,6.76157035341365,7.18082859226842,6.24789470956211,6.3030612244898,6.85419290780142,6.72498833613445,138
"141",2017,4,5.6,10,6.42857142857143,3.66666666666667,4.5,5.83333333333333,5.5,7,3,2,3,7,2500,1378,1122,394,708,1792,6.756924072,7.17700725689405,6.24099303030303,6.29390862944162,6.84986723163842,6.72020322544643,139
"142",2017,5,5.55,10,5.6875,5,NA,5.5,5.5625,8,2,0,2,8,2510,1386,1124,394,710,1800,6.75211560956175,7.16840981240981,6.23878485765125,6.29390862944162,6.8460647887324,6.71505787777777,140
"143",2017,6,7.58333333333333,6,7.33333333333333,7.83333333333333,5.5,5.5,8,3,3,1,1,5,2516,1389,1127,395,711,1805,6.75409784578696,7.1687660187185,6.24302944099379,6.29189873417721,6.84417158931083,6.71861727423822,141
"144",2017,7,6.875,4,6.5,8,NA,8,6.5,3,1,0,1,3,2520,1392,1128,395,712,1808,6.75428975396825,7.16732471264368,6.24458703900709,6.29189873417721,6.84579494382023,6.71825452433628,142
"145",2017,8,7.58333333333333,6,7.5,7.66666666666667,6,10,7.1,3,3,1,1,5,2526,1395,1131,396,713,1813,6.75625897862233,7.16804014336917,6.24835913351017,6.29116161616162,6.85021879382889,6.71930732487589,143
"146",2017,9,6.64285714285714,7,6.5,6.83333333333333,6.5,NA,6.64285714285714,4,3,1,0,7,2533,1399,1134,397,713,1820,6.75594559020924,7.16613009292352,6.24990668430335,6.29168765743073,6.85021879382889,6.71901328571428,144
"147",2017,10,5.24,5,8,4.55,5,5,5.3,1,4,1,1,4,2538,1400,1138,398,714,1824,6.75295909377463,7.16672571428571,6.2439316168717,6.28844221105528,6.84762745098039,6.71590141447368,145
"148",2017,11,6.625,8,6.5,6.75,6,6,6.71428571428571,4,4,2,1,7,2546,1404,1142,400,715,1831,6.75255702278083,7.16482621082621,6.24570418563923,6.287,6.84644195804196,6.71589523757509,146
"149",2017,12,6.59090909090909,11,7,5.875,5,7.16666666666667,6.375,7,4,2,3,8,2557,1411,1146,402,718,1839,6.75186162690653,7.16400850460666,6.24441027923211,6.28059701492537,6.8477799442897,6.71441227841218,147
"150",2018,1,6.27272727272727,11,6.625,5.33333333333333,3,4.33333333333333,7,8,3,1,3,8,2568,1419,1149,403,721,1847,6.74980926012461,7.1609696969697,6.24203148825065,6.27245657568238,6.83731761442441,6.71564925825663,148
"151",2018,2,6.77777777777778,18,7.30769230769231,5.4,4,7.66666666666667,6.6,13,5,1,3,15,2586,1432,1154,404,724,1862,6.75000393658159,7.16230167597765,6.23838317157712,6.26683168316832,6.84075414364641,6.7147176047261,149
"152",2018,3,6.75454545454545,11,7.42857142857143,5.575,4.9,8.16666666666667,6.225,7,4,2,3,8,2597,1439,1158,406,727,1870,6.7500231728918,7.16359694232106,6.2360916925734,6.26009852216749,6.84622558459422,6.71262255614973,150
"153",2018,4,6.94444444444444,9,7.625,6.4,6.33333333333333,7,6.92857142857143,4,5,3,2,7,2606,1443,1163,409,729,1877,6.75069462010744,7.16487595287595,6.23679637145314,6.26063569682152,6.84664746227709,6.71342790623335,151
"154",2018,5,7.5,8,7.83333333333333,6.5,NA,7.33333333333333,7.6,6,2,0,3,5,2614,1449,1165,409,732,1882,6.75298782708493,7.16764389233954,6.23724822317597,6.26063569682152,6.84864207650273,6.71578330499468,152
"155",2018,6,7.45,5,9,6.41666666666667,7.25,NA,7.45,2,3,1,0,5,2619,1451,1168,410,732,1887,6.75431851088201,7.17016953824948,6.23770905821918,6.2630487804878,6.84864207650273,6.71772876523582,153
"156",2018,7,7,1,7,NA,NA,NA,7,1,0,0,0,1,2620,1452,1168,410,732,1888,6.75441228244275,7.1700523415978,6.23770905821918,6.2630487804878,6.84864207650273,6.71787827330508,154
"157",2018,8,6.63846153846154,13,6.97142857142857,6.25,5.5,8,6.525,7,6,1,1,12,2633,1459,1174,411,733,1900,6.75383979491075,7.16909938313914,6.23777187393526,6.26119221411192,6.85021282401092,6.71666009473684,155
"158",2018,9,7,7,7.6,5.5,8,8,6.25,5,2,1,3,4,2640,1464,1176,412,736,1904,6.75449249242424,7.17057103825137,6.23651715986395,6.26541262135922,6.85489945652174,6.71567971638655,156
"159",2018,10,6.75,4,7.5,6,5,NA,6.75,2,2,1,0,4,2644,1466,1178,413,736,1908,6.75448569591528,7.1710204638472,6.23611560271647,6.26234866828087,6.85489945652174,6.71575166666666,157
"160",2018,11,7.5,4,7.5,NA,NA,NA,7.5,4,0,0,0,4,2648,1470,1178,413,736,1912,6.75561185045317,7.1719156462585,6.23611560271647,6.26234866828087,6.85489945652174,6.71739235355648,158
"161",2018,12,6.8,5,7,6.66666666666667,7,NA,6.8,2,3,2,0,5,2653,1472,1181,415,736,1917,6.75569550697324,7.17168206521739,6.23720929720576,6.26590361445783,6.85489945652174,6.71760781429316,159
"162",2019,1,6.19125,16,7.16666666666667,5.606,5,NA,6.19125,6,10,6,0,16,2669,1478,1191,421,736,1933,6.75231179467965,7.17166170500677,6.23190947103275,6.2478622327791,6.85489945652174,6.713250998448,160
"163",2019,2,5.5,5,5.5,5.5,5.5,NA,5.5,2,3,3,0,5,2674,1480,1194,424,736,1938,6.74997014958863,7.1694027027027,6.23007050251256,6.24257075471698,6.85489945652174,6.71012083591331,161
"164",2019,3,7,8,7.5,6.5,7,6.5,7.16666666666667,4,4,2,2,6,2682,1484,1198,426,738,1944,6.750715950783,7.17029380053908,6.23097176961603,6.24612676056338,6.8539376693767,6.71152992798354,162
"165",2019,4,6.25,8,6.66666666666667,5,5.5,6.75,5.75,6,2,2,4,4,2690,1490,1200,428,742,1948,6.74922683271375,7.16826577181208,6.22892015,6.24264018691589,6.85337735849057,6.7095555338809,163
"166",2019,5,6.42857142857143,7,6.5,6.33333333333333,6,6,6.5,4,3,2,1,6,2697,1494,1203,430,743,1954,6.74839457916203,7.1664765729585,6.22918053200333,6.24151162790698,6.85222880215343,6.70891206755373,164
"167",2019,6,6.64285714285714,7,6.6,6.75,NA,7.5,6.5,5,2,0,1,6,2704,1499,1205,430,744,1960,6.74812136834319,7.16458705803869,6.2300449626556,6.24151162790698,6.85309946236559,6.70827254081632,165
"168",2019,7,6.96,5,6.96,NA,NA,NA,6.96,5,0,0,0,5,2709,1504,1205,430,744,1965,6.74851243263197,7.16390691489362,6.2300449626556,6.24151162790698,6.85309946236559,6.70891306870229,166
"169",2019,8,6.05833333333333,12,6.74285714285714,5.1,5.5,4.75,6.32,7,5,2,2,10,2721,1511,1210,432,746,1975,6.74546864388093,7.16195632031767,6.2253753553719,6.2380787037037,6.84746112600536,6.70694388860759,167
"170",2019,9,6.58333333333333,6,7.375,5,5,5,6.9,4,2,1,1,5,2727,1515,1212,433,747,1980,6.74511191052438,7.16251881188119,6.22335328382838,6.23521939953811,6.84498795180723,6.7074314040404,168
"171",2019,10,6.97272727272727,11,7.11111111111111,6.35,6,6.83333333333333,7.025,9,2,1,3,8,2738,1524,1214,434,750,1988,6.74602636230825,7.16221522309711,6.22356192751236,6.23467741935484,6.84494133333333,6.70870934607646,169
"172",2019,11,7.25,8,7.4,7,7,NA,7.25,5,3,3,0,8,2746,1529,1217,437,750,1996,6.74749460305899,7.16299280575539,6.22547590797042,6.23993135011442,6.84494133333333,6.71087884769539,170
"173",2019,12,6.33333333333333,3,6.33333333333333,NA,NA,7,6,3,0,0,1,2,2749,1532,1217,437,751,1998,6.7470426264096,7.1613681462141,6.22547590797042,6.23993135011442,6.84514780292943,6.71016725725725,171
"174",2020,1,6.53846153846154,13,6.28571428571429,6.83333333333333,6.66666666666667,7,6.5,7,6,3,1,12,2762,1539,1223,440,752,2010,6.74606089065894,7.1573853151397,6.22845803761243,6.24284090909091,6.84535372340426,6.70891252736318,172
"175",2020,2,5.66153846153846,13,6.075,5,5.33333333333333,8,5.46666666666667,8,5,3,1,12,2775,1547,1228,443,753,2022,6.74098024504504,7.15178797672915,6.22345617263844,6.23668171557562,6.84688711819389,6.70154014836795,173
"176",2020,3,6,10,6,6,5.66666666666667,6.33333333333333,5.85714285714286,5,5,3,3,7,2785,1552,1233,446,756,2029,6.73831963375224,7.14807731958763,6.2225500243309,6.23284753363229,6.84484920634921,6.69862699852144,174
"177",2020,4,6.6325,8,7.15142857142857,3,NA,8,6.17666666666667,7,1,0,2,6,2793,1559,1234,446,758,2035,6.73801653419262,7.14809236690186,6.21993855753647,6.23284753363229,6.84789709762533,6.69708804914005,175
"178",2020,5,6.42857142857143,7,7.125,5.5,4.5,5,6.66666666666667,4,3,2,1,6,2800,1563,1237,448,759,2041,6.73724292142857,7.14803326935381,6.21819254648343,6.22511160714286,6.84546245059289,6.69699861832435,176
"179",2020,6,6.19166666666667,12,6.2,6.18571428571429,5.25,6.5,6.13,5,7,2,2,10,2812,1568,1244,450,761,2051,6.73491471550498,7.14501020408163,6.21800979099679,6.22077777777778,6.84455453350854,6.69423411994149,177
"180",2020,7,6.5,9,6.75,6,5.5,5.5,6.78571428571429,6,3,2,2,7,2821,1574,1247,452,763,2058,6.73416525345622,7.14350444726811,6.21748530874098,6.21758849557522,6.84103014416776,6.69454527696793,178
"181",2020,8,7.5,4,9,6,5,10,6.66666666666667,2,2,1,1,3,2825,1576,1249,453,764,2061,6.73524962123894,7.14586040609137,6.21713705364292,6.21490066225166,6.84516492146597,6.69450469674915,179
"182",2020,9,5,5,6.5,4,3,NA,5,2,3,1,0,5,2830,1578,1252,454,764,2066,6.73218380918728,7.14504182509506,6.21182442492013,6.20781938325991,6.84516492146597,6.69040376573088,180
"183",2020,10,7.16666666666667,9,7.0625,8,NA,NA,7.16666666666667,8,1,0,0,9,2839,1586,1253,454,764,2075,6.73356117647059,7.14462547288777,6.21325154030327,6.20781938325991,6.84516492146597,6.69246948433735,181
"184",2020,11,6.21428571428571,14,6.33333333333333,5.5,NA,7,6.15384615384615,12,2,0,1,13,2853,1598,1255,454,765,2088,6.73101303189625,7.13853316645807,6.21211488446215,6.20781938325991,6.84536732026144,6.68911598659004,182
"185",2020,12,6.14444444444444,9,6,6.21666666666667,5,5,6.47142857142857,3,6,2,2,7,2862,1601,1261,456,767,2095,6.7291684765898,7.13639975015615,6.21213654242665,6.20252192982456,6.840555410691,6.6883886300716,183
"186",2021,1,7.33333333333333,15,8.125,6.42857142857143,5.66666666666667,6.66666666666667,7.77777777777778,8,7,3,6,9,2877,1609,1268,459,773,2104,6.73231844977407,7.14131510254817,6.21333137223975,6.19901960784314,6.83920569210867,6.69304856463878,184
"187",2021,2,6.40909090909091,11,6.91666666666667,5.8,4,5.5,6.61111111111111,6,5,1,2,9,2888,1615,1273,460,775,2113,6.7310873199446,7.14048049535604,6.21170791830322,6.19423913043478,6.83574967741936,6.69269956460009,185
"188",2021,3,6.426,11,7.42857142857143,4.6715,4,2.686,6.8,7,4,1,1,10,2899,1622,1277,461,776,2123,6.72992969299758,7.14172379778052,6.20688346123728,6.18947939262473,6.83040206185567,6.69320498351389,186
"189",2021,4,7.16666666666667,6,7.6,5,5,8,6.75,5,1,1,2,4,2905,1627,1278,462,778,2127,6.73083173149742,7.14313214505224,6.20593910798122,6.18690476190476,6.8334087403599,6.69331179125529,187
"190",2021,5,6.16666666666667,6,6.5,5.5,NA,NA,6.16666666666667,4,2,0,0,6,2911,1631,1280,462,778,2133,6.72966890415665,7.14155487431024,6.204836078125,6.18690476190476,6.8334087403599,6.69183037037037,188
"191",2021,6,6.83333333333333,6,7,6,NA,7,6.75,5,1,0,2,4,2917,1636,1281,462,780,2137,6.72988213232773,7.14112224938875,6.20467617486339,6.18690476190476,6.8338358974359,6.69193925128685,189
"192",2021,7,8.14285714285714,7,8.33333333333333,7,NA,NA,8.14285714285714,6,1,0,0,7,2924,1642,1282,462,780,2144,6.73326476744186,7.14547868453106,6.20529655226209,6.18690476190476,6.8338358974359,6.69667638992537,190
"193",2021,8,6.53571428571429,7,6.625,6.5,6.25,6.66666666666667,6.4375,2,5,2,3,4,2931,1644,1287,464,783,2148,6.73279296485841,7.14484549878345,6.20644147630148,6.18717672413793,6.83319540229885,6.69619375232774,191
"194",2021,9,5.83333333333333,9,7,4.375,5.75,6.5,5.64285714285714,5,4,2,2,7,2940,1649,1291,466,785,2155,6.7300395170068,7.14440630685264,6.20076698683191,6.18530042918455,6.83234649681529,6.6927722412993,192
"195",2021,10,6.925,8,7.34285714285714,4,4,7.5,6.73333333333333,7,1,1,2,6,2948,1656,1292,467,787,2161,6.73056858208955,7.14524516908212,6.19906360681115,6.18062098501071,6.83404320203304,6.69288485886163,193
"196",2021,11,7.4,3,7,7.6,7,NA,7.4,1,2,1,0,3,2951,1657,1294,468,787,2164,6.73124912910878,7.14515751357876,6.20122888717156,6.18237179487179,6.83404320203304,6.6938651478743,194
"197",2021,12,6.3,5,7,6.125,6.125,NA,6.3,1,4,4,0,5,2956,1658,1298,472,787,2169,6.73051968200271,7.14506996381182,6.20099397534669,6.18188559322034,6.83404320203304,6.69295720608575,195
"198",2022,1,6.77,10,7.9625,2,2,5.56666666666667,7.28571428571429,8,2,2,3,7,2966,1666,1300,474,790,2176,6.73065279163857,7.14899519807923,6.19453090769231,6.16424050632911,6.82923037974684,6.69486405330882,196
"199",2022,2,7.7125,8,7.81428571428571,7,7,7.5,7.78333333333333,7,1,1,2,6,2974,1673,1301,475,792,2182,6.73329394082044,7.15177884040645,6.19515002305919,6.166,6.83092424242424,6.6978570944088,197
"200",2022,3,6.4,5,6.75,5,NA,NA,6.4,4,1,0,0,5,2979,1677,1302,475,792,2187,6.73273453507889,7.15082051282051,6.1942320890937,6.166,6.83092424242424,6.69717612254229,198
"201",2022,4,7.75,4,7.66666666666667,8,NA,NA,7.75,3,1,0,0,4,2983,1680,1303,475,792,2191,6.73409861884009,7.15174166666667,6.19561794320798,6.166,6.83092424242424,6.69909821086262,199
"202",2022,5,6.6,5,7.33333333333333,5.5,NA,6,7,3,2,0,2,3,2988,1683,1305,475,794,2194,6.73387422356091,7.15206535947712,6.19455186206897,6.166,6.82883123425693,6.69950965360073,200
"203",2022,6,3.955,2,6,1.91,NA,NA,3.955,1,1,0,0,2,2990,1684,1306,475,794,2196,6.73201544481605,7.15138123515439,6.19127119448698,6.166,6.82883123425693,6.69701010018215,201
"204",2022,7,6.7625,8,6.4,7.36666666666667,6.5,7,6.72857142857143,5,3,1,1,7,2998,1689,1309,476,795,2203,6.73209679119413,7.14915689757253,6.19396499618029,6.16670168067227,6.8290465408805,6.69711038583749,202
"205",2022,8,6.6,8,7.25,6.38333333333333,4,7,6.54285714285714,2,6,1,1,7,3006,1691,1315,477,796,2210,6.73174523619428,7.14927616794796,6.19482903422053,6.16215932914046,6.82926130653266,6.69662180090497,203
"206",2022,9,7.13666666666667,6,7.97333333333333,6.3,5,NA,7.13666666666667,3,3,1,0,6,3012,1694,1318,478,796,2216,6.73255185258964,7.15073553719008,6.19506842185129,6.1597280334728,6.82926130653266,6.69781325812274,204
"207",2022,10,5.75714285714286,7,5.86,5.5,5,5,5.88333333333333,5,2,1,1,6,3019,1699,1320,479,797,2222,6.73029022192779,7.14693702177752,6.19401528787879,6.15730688935282,6.8269661229611,6.69561394239424,205
"208",2022,11,7.66666666666667,3,7.5,8,NA,NA,7.66666666666667,2,1,0,0,3,3022,1701,1321,479,797,2225,6.73121978160159,7.14735214579659,6.19538242240727,6.15730688935282,6.8269661229611,6.69692322696629,206
"209",2022,12,5.7,5,6.125,4,NA,NA,5.7,4,1,0,0,5,3027,1705,1322,479,797,2230,6.72951641228939,7.14495366568915,6.19372177004538,6.15730688935282,6.8269661229611,6.69468797309417,207
