"","year","month","avg_rating","no_ratings","avg_rating_owned","avg_rating_not_owned","avg_rating_prev_owned","avg_rating_comment","avg_rating_no_comment","no_ratings_owned","no_ratings_not_owned","no_ratings_prev_owned","no_ratings_comment","no_ratings_no_comment","cum_no_ratings","cum_no_ratings_owned","cum_no_ratings_not_owned","cum_no_ratings_prev_owned","cum_no_ratings_comment","cum_no_ratings_no_comment","cum_avg_rating","cum_avg_rating_owned","cum_avg_rating_not_owned","cum_avg_rating_prev_owned","cum_avg_rating_comment","cum_avg_rating_no_comment","month_after_release"
"1",2001,5,7,1,NA,7,NA,7,NA,0,1,0,1,0,1,0,1,0,1,0,7,NA,7,NA,7,NA,0
"2",2001,6,5.71428571428571,14,5.72727272727273,5.66666666666667,NA,4.5,5.91666666666667,11,3,0,2,12,15,11,4,0,3,12,5.8,5.72727272727273,6,NA,5.33333333333333,5.91666666666667,1
"3",2001,7,6.375,8,6.6,6,NA,8,6.14285714285714,5,3,0,1,7,23,16,7,0,4,19,6,6,6,NA,6,6,2
"4",2001,8,5.9,10,6.11111111111111,4,NA,6.33333333333333,5.71428571428571,9,1,0,3,7,33,25,8,0,7,26,5.96969696969697,6.04,5.75,NA,6.14285714285714,5.92307692307692,3
"5",2001,9,5.72727272727273,11,6.11111111111111,4,NA,5.66666666666667,5.75,9,2,0,3,8,44,34,10,0,10,34,5.90909090909091,6.05882352941176,5.4,NA,6,5.88235294117647,4
"6",2001,10,5.71428571428571,7,5.83333333333333,5,NA,6.5,5.4,6,1,0,2,5,51,40,11,0,12,39,5.88235294117647,6.025,5.36363636363636,NA,6.08333333333333,5.82051282051282,5
"7",2001,11,6,8,7,3,NA,4.5,6.5,6,2,0,2,6,59,46,13,0,14,45,5.89830508474576,6.15217391304348,5,NA,5.85714285714286,5.91111111111111,6
"8",2001,12,4.5,6,5.2,1,NA,1,5.2,5,1,0,1,5,65,51,14,0,15,50,5.76923076923077,6.05882352941176,4.71428571428571,NA,5.53333333333333,5.84,7
"9",2002,1,5.86666666666667,15,6.22222222222222,5.33333333333333,NA,5.66666666666667,5.91666666666667,9,6,0,3,12,80,60,20,0,18,62,5.7875,6.08333333333333,4.9,NA,5.55555555555556,5.85483870967742,8
"10",2002,2,6.57142857142857,7,6.57142857142857,NA,NA,6,6.66666666666667,7,0,0,1,6,87,67,20,0,19,68,5.85057471264368,6.13432835820895,4.9,NA,5.57894736842105,5.92647058823529,9
"11",2002,3,5.2,5,5.25,5,NA,4.5,5.66666666666667,4,1,0,2,3,92,71,21,0,21,71,5.81521739130435,6.08450704225352,4.90476190476191,NA,5.47619047619048,5.91549295774648,10
"12",2002,4,6.14285714285714,7,6,7,NA,5.75,6.66666666666667,6,1,0,4,3,99,77,22,0,25,74,5.83838383838384,6.07792207792208,5,NA,5.52,5.94594594594595,11
"13",2002,5,4.5,2,NA,4.5,NA,NA,4.5,0,2,0,0,2,101,77,24,0,25,76,5.81188118811881,6.07792207792208,4.95833333333333,NA,5.52,5.90789473684211,12
"14",2002,6,6.57142857142857,7,6.57142857142857,NA,NA,6,6.66666666666667,7,0,0,1,6,108,84,24,0,26,82,5.86111111111111,6.11904761904762,4.95833333333333,NA,5.53846153846154,5.96341463414634,13
"15",2002,7,5.83333333333333,12,6,5.33333333333333,NA,5.75,5.875,9,3,0,4,8,120,93,27,0,30,90,5.85833333333333,6.10752688172043,5,NA,5.56666666666667,5.95555555555556,14
"16",2002,8,6.25,14,6.72727272727273,4.5,NA,5.1,6.88888888888889,11,3,0,5,9,134,104,30,0,35,99,5.89925373134328,6.17307692307692,4.95,NA,5.5,6.04040404040404,15
"17",2002,9,6.125,12,6.40909090909091,3,3,5.5,6.25,11,1,1,2,10,146,115,31,1,37,109,5.91780821917808,6.19565217391304,4.88709677419355,3,5.5,6.05963302752294,16
"18",2002,10,5.80769230769231,13,6.94444444444444,3.25,6,6.35714285714286,5.16666666666667,9,4,1,7,6,159,124,35,2,44,115,5.90880503144654,6.25,4.7,4.5,5.63636363636364,6.01304347826087,17
"19",2002,11,6.41304347826087,23,6.7,4.5,NA,5.77777777777778,6.82142857142857,20,3,0,9,14,182,144,38,2,53,129,5.97252747252747,6.3125,4.68421052631579,4.5,5.66037735849057,6.10077519379845,18
"20",2002,12,5.90909090909091,11,5.77777777777778,6.5,5,6,5.88888888888889,9,2,1,2,9,193,153,40,3,55,138,5.96891191709845,6.28104575163399,4.775,4.66666666666667,5.67272727272727,6.08695652173913,19
"21",2003,1,6.18,25,6.30555555555556,5.85714285714286,5,5.75,6.38235294117647,18,7,1,8,17,218,171,47,4,63,155,5.99311926605505,6.28362573099415,4.93617021276596,4.75,5.68253968253968,6.11935483870968,20
"22",2003,2,5.82608695652174,23,6.46666666666667,4.625,5.25,5.375,6.06666666666667,15,8,4,8,15,241,186,55,8,71,170,5.97717842323651,6.29838709677419,4.89090909090909,5,5.64788732394366,6.11470588235294,21
"23",2003,3,6.4,10,7.14285714285714,4.66666666666667,NA,6,6.44444444444444,7,3,0,1,9,251,193,58,8,72,179,5.99402390438247,6.32901554404145,4.87931034482759,5,5.65277777777778,6.13128491620112,22
"24",2003,4,6.29411764705882,17,6.28571428571429,6.33333333333333,NA,5.5,6.625,14,3,0,5,12,268,207,61,8,77,191,6.01305970149254,6.32608695652174,4.95081967213115,5,5.64285714285714,6.16230366492147,23
"25",2003,5,5.75161290322581,31,6.25238095238095,4.7,NA,5.48461538461538,5.94444444444444,21,10,0,13,18,299,228,71,8,90,209,5.98595317725752,6.31929824561403,4.91549295774648,5,5.62,6.14354066985646,24
"26",2003,6,5.69117647058824,34,6.10869565217391,4.81818181818182,6,5.30555555555556,6.125,23,11,1,18,16,333,251,82,9,108,225,5.95585585585586,6.3,4.90243902439024,5.11111111111111,5.56759259259259,6.14222222222222,25
"27",2003,7,5.3379746835443,79,5.63636363636364,4.65416666666667,7,5.45,5.29473684210526,55,24,1,22,57,412,306,106,10,130,282,5.8373786407767,6.18071895424837,4.84622641509434,5.3,5.54769230769231,5.9709219858156,26
"28",2003,8,5.25,36,5.78571428571429,4.5,5.33333333333333,4.83333333333333,5.45833333333333,21,15,3,12,24,448,327,121,13,142,306,5.79017857142857,6.15535168195719,4.80330578512397,5.30769230769231,5.48732394366197,5.93071895424837,27
"29",2003,9,5.94827586206897,29,6.36363636363636,4.64285714285714,3,5.64285714285714,6.23333333333333,22,7,1,14,15,477,349,128,14,156,321,5.79979035639413,6.16848137535817,4.79453125,5.14285714285714,5.50128205128205,5.94485981308411,28
"30",2003,10,5.96153846153846,39,6.24137931034483,5.15,5.5,5.6875,6.15217391304348,29,10,2,16,23,516,378,138,16,172,344,5.81201550387597,6.17407407407407,4.82028985507246,5.1875,5.51860465116279,5.95872093023256,29
"31",2003,11,5.26923076923077,13,5.27777777777778,5.25,NA,4.94444444444444,6,9,4,0,9,4,529,387,142,16,181,348,5.79867674858223,6.15322997416021,4.83239436619718,5.1875,5.49005524861879,5.95919540229885,30
"32",2003,12,5.66129032258065,31,6.05555555555556,3,NA,5.69230769230769,5.63888888888889,27,4,0,13,18,560,414,146,16,194,366,5.79107142857143,6.14685990338164,4.78219178082192,5.1875,5.50360824742268,5.94344262295082,31
"33",2004,1,5.19,50,5.79166666666667,4.63461538461539,4.625,4.9375,5.42307692307692,24,26,4,24,26,610,438,172,20,218,392,5.74180327868852,6.12739726027397,4.75988372093023,5.075,5.44128440366972,5.90892857142857,32
"34",2004,2,5.83888888888889,36,6.14285714285714,4.775,NA,6,5.73636363636364,28,8,0,14,22,646,466,180,20,232,414,5.74721362229102,6.12832618025751,4.76055555555556,5.075,5.475,5.89975845410628,33
"35",2004,3,5.53658536585366,41,6.03703703703704,4.57142857142857,5,5.47058823529412,5.58333333333333,27,14,3,17,24,687,493,194,23,249,438,5.73464337700146,6.12332657200811,4.74690721649485,5.06521739130435,5.47469879518072,5.8824200913242,34
"36",2004,4,6.0046511627907,43,6.08648648648649,5.5,6,6.25,5.85925925925926,37,6,2,16,27,730,530,200,25,265,465,5.75054794520548,6.12075471698113,4.7695,5.14,5.52150943396226,5.8810752688172,35
"37",2004,5,5.5,34,5.6,4.75,5,5.26666666666667,5.68421052631579,30,4,1,15,19,764,560,204,26,280,484,5.73939790575916,6.09285714285714,4.76911764705882,5.13461538461539,5.50785714285714,5.87334710743802,36
"38",2004,6,6.07666666666667,30,6.332,4.8,7,5.875,6.21111111111111,25,5,1,12,18,794,585,209,27,292,502,5.75214105793451,6.10307692307692,4.76985645933014,5.2037037037037,5.52294520547945,5.88545816733068,37
"39",2004,7,5.51630434782609,46,5.78125,4.91071428571429,5.375,4.9,5.99038461538461,32,14,2,20,26,840,617,223,29,312,528,5.73922619047619,6.08638573743922,4.77869955156951,5.21551724137931,5.48301282051282,5.890625,38
"40",2004,8,5.20645161290323,31,5.39166666666667,4.57142857142857,5,5.31428571428571,5.11764705882353,24,7,1,14,17,871,641,230,30,326,545,5.72026406429391,6.0603744149766,4.77239130434783,5.20833333333333,5.47576687116565,5.86651376146789,39
"41",2004,9,5.57380952380952,42,5.78666666666667,5.04166666666667,6.25,5.35714285714286,5.79047619047619,30,12,4,21,21,913,671,242,34,347,566,5.71352683461117,6.04813710879285,4.78574380165289,5.33088235294118,5.4685878962536,5.8636925795053,40
"42",2004,10,5.38888888888889,45,5.75,3.94444444444444,NA,5.43125,5.36551724137931,36,9,0,16,29,958,707,251,34,363,595,5.69827766179541,6.03295615275813,4.75557768924303,5.33088235294118,5.46694214876033,5.83941176470588,41
"43",2004,11,5.50444444444444,45,5.63055555555556,5,5.33333333333333,5.05714285714286,5.89583333333333,36,9,3,21,24,1003,743,260,37,384,619,5.68958125623131,6.01345895020188,4.76403846153846,5.33108108108108,5.44453125,5.84159935379645,42
"44",2004,12,5.62962962962963,54,5.75555555555556,5,6,5.61538461538461,5.64285714285714,45,9,1,26,28,1057,788,269,38,410,647,5.68651844843898,5.998730964467,4.77193308550186,5.34868421052632,5.45536585365854,5.83299845440495,43
"45",2005,1,5.33506493506493,77,5.66,4.52272727272727,6,5.65357142857143,5.1530612244898,55,22,1,28,49,1134,843,291,39,438,696,5.66265432098765,5.97663107947805,4.75309278350515,5.36538461538461,5.46803652968037,5.78512931034483,44
"46",2005,2,5.22368421052632,76,5.66981132075472,4.19565217391304,5.66666666666667,4.98648648648649,5.44871794871795,53,23,3,37,39,1210,896,314,42,475,735,5.6350826446281,5.95848214285714,4.71226114649682,5.38690476190476,5.43052631578947,5.76727891156463,45
"47",2005,3,5.3296875,64,5.6780487804878,4.70869565217391,5.4,4.97096774193548,5.66666666666667,41,23,1,31,33,1274,937,337,43,506,768,5.6197409733124,5.94621131270011,4.7120178041543,5.38720930232558,5.40237154150198,5.76295572916667,46
"48",2005,4,5.825,52,6.23333333333333,4.90625,4.5,5.88095238095238,5.78709677419355,36,16,2,21,31,1326,973,353,45,527,799,5.62779034690799,5.9568345323741,4.72082152974504,5.34777777777778,5.42144212523719,5.76389236545682,47
"49",2005,5,5.83510617021277,47,6.21153820512821,4,4,5.70652130434783,5.95833333333333,39,8,2,23,24,1373,1012,361,47,550,823,5.63488710123817,5.96665018774704,4.70484764542936,5.29042553191489,5.43336361818182,5.76956257594168,48
"50",2005,6,5.23863636363636,44,5.48275862068965,4.76666666666667,5,4.82352941176471,5.5,29,15,2,17,27,1417,1041,376,49,567,850,5.62258291460833,5.95317001921229,4.70731382978723,5.27857142857143,5.41507934744268,5.761,49
"51",2005,7,5.77,55,6.19166666666667,4.97105263157895,6.3625,5.798,5.74666666666667,36,19,4,25,30,1472,1077,395,53,592,880,5.62809102581522,5.96114205199629,4.72,5.36037735849056,5.43124998310811,5.76051136363636,50
"52",2005,8,5.58192771084337,83,5.76229508196721,5.08181818181818,5.4,5.06756756756757,5.99565217391304,61,22,5,37,46,1555,1138,417,58,629,926,5.62562700321543,5.95048329525483,4.73908872901679,5.36379310344828,5.40985689984102,5.77219222462203,51
"53",2005,9,5.73857142857143,70,6.29583333333333,4.52272727272727,4.75,5.79615384615385,5.70454545454545,48,22,4,26,44,1625,1186,439,62,655,970,5.63049230153846,5.96446036256324,4.72824601366743,5.3241935483871,5.42519082442748,5.76912371134021,52
"54",2005,10,5.54473684210526,76,5.66206896551724,5.16666666666667,4.8,5.27407407407407,5.69387755102041,58,18,5,27,49,1701,1244,457,67,682,1019,5.626660781893,5.95036172829582,4.74551422319475,5.28507462686567,5.41920819648094,5.76550539744848,53
"55",2005,11,5.65952380952381,84,6.16727272727273,4.69655172413793,4.6,5.46176470588235,5.794,55,29,5,34,50,1785,1299,486,72,716,1069,5.62820727731093,5.95954579676674,4.74259259259259,5.2375,5.42122903631285,5.76683816651076,54
"56",2005,12,5.7859756097561,82,6.15350877192982,4.948,4.7,5.78333333333333,5.7875,57,25,5,30,52,1867,1356,511,77,746,1121,5.63513657739689,5.96769910766962,4.75264187866928,5.2025974025974,5.43579087131367,5.76779661016949,55
"57",2006,1,5.53913043478261,115,5.79597701149425,4.74107142857143,5.54166666666667,5.48214285714286,5.57191780821918,87,28,6,42,73,1982,1443,539,83,788,1194,5.62956608980828,5.9573458004158,4.75204081632653,5.22710843373494,5.43826140862944,5.75582077051926,56
"58",2006,2,5.66794871794872,78,5.785,5.27777777777778,5.25,5.61333333333333,5.70208333333333,60,18,4,30,48,2060,1503,557,87,818,1242,5.63101941262136,5.95046572854291,4.76903052064632,5.22816091954023,5.4446821393643,5.75374396135266,57
"59",2006,3,5.47260273972603,73,5.61016949152542,4.89285714285714,6,4.84375,5.64912280701754,59,14,1,16,57,2133,1562,571,88,834,1299,5.62559774496015,5.93761202944942,4.77206654991243,5.23693181818182,5.43315346522782,5.7491531947652,58
"60",2006,4,5.43260869565217,46,5.828125,4.52857142857143,4.35,4.29166666666667,5.83529411764706,32,14,4,12,34,2179,1594,585,92,846,1333,5.62152363010555,5.93541404642409,4.76623931623932,5.19836956521739,5.41696216312057,5.75135033758439,59
"61",2006,5,5.89152542372881,59,6.24634146341463,5.08333333333333,4.5,5.95909090909091,5.85135135135135,41,18,2,22,37,2238,1635,603,94,868,1370,5.62864163985702,5.9432110030581,4.7757048092869,5.18351063829787,5.43070275345622,5.75405109489051,60
"62",2006,6,5.96578947368421,57,6.09102564102564,5.69444444444444,5.2,5.52941176470588,6.15125,39,18,5,17,40,2295,1674,621,99,885,1410,5.63701524618736,5.94665471326165,4.80233494363929,5.18434343434343,5.43259885875706,5.76531914893617,61
"63",2006,7,5.66,90,5.9,5.1,6,5.50714285714286,5.72903225806452,63,27,3,28,62,2385,1737,648,102,913,1472,5.63788259538784,5.94496257340242,4.81473765432099,5.20833333333333,5.43488498357065,5.76379076086956,62
"64",2006,8,5.20277777777778,72,5.58039215686274,4.28571428571429,5.5,4.40909090909091,5.552,51,21,2,22,50,2457,1788,669,104,935,1522,5.62513227106227,5.93456375279642,4.79813153961136,5.21394230769231,5.41074865240642,5.75683311432326,63
"65",2006,9,5.51195402298851,87,5.95661016949153,4.575,5.16666666666667,4.99828571428571,5.85769230769231,59,28,6,35,52,2544,1847,697,110,970,1574,5.62126178852201,5.93526799675149,4.78916786226686,5.21136363636364,5.39586596907216,5.76016518424396,64
"66",2006,10,5.57625,80,5.85409836065574,4.68421052631579,5,5.59523809523809,5.56949152542373,61,19,2,21,59,2624,1908,716,112,991,1633,5.61988947789634,5.93267295073375,4.78638268156425,5.20758928571429,5.40009080726539,5.753276178812,65
"67",2006,11,5.45844155844156,77,5.75964912280702,4.6,5.33333333333333,4.97826086956522,5.66296296296296,57,20,3,23,54,2701,1965,736,115,1014,1687,5.61528692706405,5.9276539389313,4.78131793478261,5.21086956521739,5.39052267258383,5.75038529934795,66
"68",2006,12,5.69601769911504,113,5.95523255813954,4.87037037037037,4,5.426,5.77272727272727,86,27,2,25,88,2814,2051,763,117,1039,1775,5.61852878109453,5.92881033154559,4.78446920052425,5.19017094017094,5.39137631376323,5.75149295774648,67
"69",2007,1,5.49875,160,5.97685185185185,4.50576923076923,5.03333333333333,5.39122807017544,5.55825242718447,108,52,9,57,103,2974,2159,815,126,1096,1878,5.61208473100202,5.93121352014822,4.76668711656442,5.17896825396825,5.3913686040146,5.74089456869009,68
"70",2007,2,5.61764705882353,102,5.88607594936709,4.69565217391304,4,5.24848484848485,5.79420289855072,79,23,1,33,69,3076,2238,838,127,1129,1947,5.61226917750325,5.92962019213584,4.76473747016706,5.16968503937008,5.38719219663419,5.74278376990241,69
"71",2007,3,5.71683168316832,101,5.87702702702703,5.27777777777778,4.64285714285714,5.5,5.83181818181818,74,27,7,35,66,3177,2312,865,134,1164,2013,5.61559332389046,5.92793684688581,4.78075144508671,5.14216417910448,5.3905841838488,5.74570293094883,70
"72",2007,4,5.86929133858268,127,5.94226804123711,5.63333333333333,5.5,5.68333333333333,5.92680412371134,97,30,2,30,97,3304,2409,895,136,1194,2110,5.62534503329298,5.92851390203404,4.80932960893855,5.14742647058824,5.39793969011725,5.75402843601896,71
"73",2007,5,5.61413043478261,92,5.91349206349206,4.96379310344828,5.10714285714286,5.25,5.80833333333333,63,29,7,32,60,3396,2472,924,143,1226,2170,5.62504122202591,5.92813106391586,4.81417748917749,5.14545454545455,5.39407829526917,5.75552995391705,72
"74",2007,6,5.79509803921569,102,6.23529411764706,4.91470588235294,5.5,5.26785714285714,5.99459459459459,68,34,4,28,74,3498,2540,958,147,1254,2244,5.62999999714123,5.93635432677165,4.81774530271399,5.15510204081633,5.39125996012759,5.76341354723707,73
"75",2007,7,5.63130841121495,107,5.83783783783784,5.16818181818182,5,5.45,5.70194805194805,74,33,5,30,77,3605,2614,991,152,1284,2321,5.63003883217753,5.93356541315991,4.82941473259334,5.15,5.39263239096573,5.76137440758294,74
"76",2007,8,5.61157407407407,108,5.9879746835443,4.58620689655172,4.16666666666667,5.35,5.73698630136986,79,29,9,35,73,3713,2693,1020,161,1319,2394,5.62950174791274,5.93516152617898,4.8225,5.09503105590062,5.39150112964367,5.76063074352548,75
"77",2007,9,5.56818181818182,110,5.91911764705882,5,4.95454545454545,5.375,5.66216216216216,68,42,11,36,74,3823,2761,1062,172,1355,2468,5.62773737640596,5.93476638536762,4.8295197740113,5.08604651162791,5.39106272324723,5.75767828200972,76
"78",2007,10,5.80371681415929,113,6.26320987654321,4.640625,4.71428571428571,5.72545454545455,5.8536231884058,81,32,7,44,69,3936,2842,1094,179,1399,2537,5.63278963160569,5.94412737156932,4.82399451553931,5.07150837988827,5.4015796926376,5.76028774142688,77
"79",2007,11,5.40555555555556,162,5.71680672268908,4.54418604651163,4.14285714285714,5.18688524590164,5.53762376237624,119,43,7,61,101,4098,2961,1137,186,1460,2638,5.62380673255247,5.93499155352921,4.81341248900616,5.03655913978495,5.39260958219178,5.7517626990144,78
"80",2007,12,5.56059459459459,185,5.88261904761905,4.8728813559322,5.04166666666667,5.38710144927536,5.66379310344828,126,59,12,69,116,4283,3087,1196,198,1529,2754,5.62107634601915,5.93285390022676,4.81634615384615,5.03686868686869,5.39236101373447,5.74805737109659,79
"81",2008,1,5.74341463414634,205,6.09205298013245,4.76851851851852,4.55714285714286,5.33859649122807,5.89932432432432,151,54,7,57,148,4488,3238,1250,205,1586,2902,5.62666443627451,5.94027794626313,4.81428,5.02048780487805,5.39042874527112,5.75577188146106,80
"82",2008,2,5.87920353982301,113,6.0875,5.27586206896552,5.625,5.44125,6.11917808219178,84,29,8,40,73,4601,3322,1279,213,1626,2975,5.63286676592045,5.94400059903673,4.82474589523065,5.04319248826291,5.39167896063961,5.76468907563025,81
"83",2008,3,5.49722222222222,144,5.767,4.88409090909091,5.5,5.42439024390244,5.52621359223301,100,44,9,41,103,4745,3422,1323,222,1667,3078,5.62875026132771,5.93882816773817,4.82671957671958,5.06171171171171,5.39248349730054,5.75670890188434,82
"84",2008,4,5.75275229357798,109,5.981875,5.12068965517241,5,5.57142857142857,5.83851351351351,80,29,7,35,74,4854,3502,1352,229,1702,3152,5.63153481458591,5.93981153340948,4.83302514792899,5.05982532751092,5.39616333137485,5.75862944162436,83
"85",2008,5,5.65213675213675,117,6.12894736842105,4.76829268292683,4.36363636363636,5.13658536585366,5.93026315789474,76,41,11,41,76,4971,3578,1393,240,1743,3228,5.63201971233152,5.94382895192845,4.83111988513999,5.02791666666667,5.39005736660929,5.76267038413878,84
"86",2008,6,5.85806451612903,93,6.17704918032787,5.25,6,5.4969696969697,6.05666666666667,61,32,3,33,60,5064,3639,1425,243,1776,3288,5.63617100908373,5.94773838691948,4.84052631578947,5.03991769547325,5.39204391328829,5.76803527980535,85
"87",2008,7,5.4474358974359,117,5.63765432098765,5.01944444444444,4.57142857142857,4.79375,5.78701298701299,81,36,14,40,77,5181,3720,1461,257,1816,3365,5.63190889596603,5.94098655645161,4.84493497604381,5.01439688715953,5.37886563325991,5.76846953937593,86
"88",2008,8,5.63535353535354,99,6.25333333333333,4.68461538461538,4.85294117647059,5.66285714285714,5.6203125,60,39,17,35,64,5280,3780,1500,274,1851,3429,5.63197348295455,5.94594444179894,4.84076666666667,5.0043795620438,5.38423554294976,5.76570428696413,87
"89",2008,9,5.45105263157895,95,5.66803278688525,5.06176470588235,4.86111111111111,5.1921875,5.58253968253968,61,34,18,32,63,5375,3841,1534,292,1883,3492,5.62877581209302,5.94153084873731,4.84566492829205,4.99554794520548,5.38097184811471,5.76239977090493,88
"90",2008,10,5.7484375,96,6.0125,5.30833333333333,4.82142857142857,4.96296296296296,6.05579710144928,60,36,14,27,69,5471,3901,1570,306,1910,3561,5.63087552367026,5.94262240194822,4.85627388535032,4.98758169934641,5.37506282198953,5.7680848076383,89
"91",2008,11,5.72311827956989,93,6.18534482758621,4.95714285714286,4.91666666666667,5.1,5.95220588235294,58,35,12,25,68,5564,3959,1605,318,1935,3629,5.63241732386772,5.94617832533468,4.85847352024922,4.98490566037736,5.37150903875969,5.77153485808763,90
"92",2008,12,5.49571428571429,140,5.93953488372093,4.78888888888889,4.33333333333333,5.05161290322581,5.62201834862385,86,54,21,31,109,5704,4045,1659,339,1966,3738,5.62906205995793,5.94603708034611,4.85620855937312,4.94454277286136,5.3664648982706,5.76717495987159,91
"93",2009,1,5.39601990049751,201,5.65148148148148,4.87348484848485,4.89354838709677,5.10208333333333,5.48823529411765,135,66,31,48,153,5905,4180,1725,370,2014,3891,5.6211295495343,5.93652392105263,4.85686956521739,4.94027027027027,5.36016384806355,5.7562066306862,92
"94",2009,2,5.53591160220994,181,5.81531531531532,5.09285714285714,5.02380952380952,5.23809523809524,5.62589928057554,111,70,21,42,139,6086,4291,1795,391,2056,4030,5.61859513473546,5.93338848520159,4.86607242339833,4.94475703324808,5.35767022859922,5.75171215880893,93
"95",2009,3,5.61192052980132,151,5.99347826086957,5.01694915254237,4.85416666666667,5.48484848484848,5.64745762711864,92,59,24,33,118,6237,4383,1854,415,2089,4148,5.61843354016354,5.93464978097194,4.87087378640777,4.93951807228916,5.35967926759215,5.74874638379942,94
"96",2009,4,5.48181818181818,132,5.95952380952381,4.64583333333333,4.73333333333333,5.09523809523809,5.55495495495495,84,48,15,21,111,6369,4467,1902,430,2110,4259,5.61560213377297,5.93511752630401,4.8651945320715,4.93232558139535,5.35704738862559,5.74369570321672,95
"97",2009,5,5.37406015037594,133,5.65666666666667,5.00862068965517,5.16666666666667,5.35,5.38106796116505,75,58,24,30,103,6502,4542,1960,454,2140,4362,5.61066133343587,5.93051959269045,4.86943877551021,4.94471365638766,5.35694859345794,5.73513296652911,96
"98",2009,6,5.417,100,5.93660714285714,4.75568181818182,5.06666666666667,5.10740740740741,5.53150684931507,56,44,15,27,73,6602,4598,2004,469,2167,4435,5.60772795970918,5.93059373423228,4.86694111776447,4.94861407249467,5.35383940470697,5.73178128523112,97
"99",2009,7,5.67991452991453,117,6.05142857142857,5.12659574468085,5.32,5.859375,5.61235294117647,70,47,25,32,85,6719,4668,2051,494,2199,4520,5.60898496651288,5.93240573907455,4.87289127254998,4.96740890688259,5.36119599363347,5.72953539823009,98
"100",2009,8,5.43365384615385,104,5.90327868852459,4.76744186046512,4.90625,5.42,5.4379746835443,61,43,16,25,79,6823,4729,2094,510,2224,4599,5.60631247105379,5.93203002537534,4.8707258834766,4.96549019607843,5.36185700989209,5.72452707110241,99
"101",2009,9,5.35518518518519,108,5.7165625,4.82954545454545,4.45,4.77529411764706,5.62162162162162,64,44,20,34,74,6931,4793,2138,530,2258,4673,5.60239936372818,5.92915292927186,4.86987839101965,4.94603773584906,5.35302479627989,5.72289749625508,100
"102",2009,10,5.62620689655172,145,5.82475247524753,5.17045454545455,5,5.36951219512195,5.72740384615385,101,44,13,41,104,7076,4894,2182,543,2299,4777,5.60288722300735,5.926998363302,4.87593950504125,4.94732965009208,5.35331882992605,5.72299560393552,101
"103",2009,11,5.47716535433071,127,5.68493150684932,5.1962962962963,4.91739130434783,5.05675675675676,5.65,73,54,23,37,90,7203,4967,2236,566,2336,4867,5.60067055254755,5.92344070666398,4.88367620751342,4.94611307420495,5.34862157106164,5.72164577768646,102
"104",2009,12,5.47101910828026,157,5.97,4.70645161290323,4.45862068965517,4.72625,5.72564102564103,95,62,29,40,117,7360,5062,2298,595,2376,4984,5.59790488994565,5.92431449822205,4.87889469103568,4.92235294117647,5.33814393518518,5.72173956661316,103
"105",2010,1,5.52341040462428,173,5.93365384615385,4.90507246376812,4.66304347826087,4.96176470588235,5.66079136690647,104,69,23,34,139,7533,5166,2367,618,2410,5123,5.59619407805655,5.924502514518,4.87965779467681,4.91270226537217,5.33283402074689,5.72008588717548,104
"106",2010,2,5.74831932773109,119,6.15845070422535,5.14166666666667,5.16521739130435,5.09821428571429,5.94835164835165,71,48,23,28,91,7652,5237,2415,641,2438,5214,5.59855985232619,5.92767423906817,4.88486542443064,4.92176287051482,5.33013945447088,5.7240698120445,105
"107",2010,3,5.52336448598131,107,5.87857142857143,4.85135135135135,4.35714285714286,5.9,5.4367816091954,70,37,14,20,87,7759,5307,2452,655,2458,5301,5.59752287537054,5.92702656679857,4.88435970636215,4.90969465648855,5.33477623677787,5.71935483870968,106
"108",2010,4,5.63666666666667,90,6.15932203389831,4.64193548387097,4.8,5.31363636363636,5.74117647058824,59,31,5,22,68,7849,5366,2483,660,2480,5369,5.59797171486814,5.92958069139024,4.88133306484092,4.90886363636364,5.33458870564516,5.71963121624139,107
"109",2010,5,5.72424242424242,99,5.97083333333333,5.06666666666667,4.92857142857143,5.47826086956522,5.79868421052632,72,27,7,23,76,7948,5438,2510,667,2503,5445,5.59954453824862,5.93012688304524,4.88332669322709,4.90907046476762,5.33590890531362,5.72073461891644,108
"110",2010,6,5.78243243243243,74,6.17954545454545,5.2,6.05,5.125,5.96379310344828,44,30,10,16,58,8022,5482,2540,677,2519,5503,5.6012316118175,5.93212878329077,4.88706692913386,4.92592319054653,5.33456926955141,5.72329638379066,109
"111",2010,7,5.79,115,6.00792682926829,5.24848484848485,5.25,5.28166666666667,5.96941176470588,82,33,8,30,85,8137,5564,2573,685,2549,5588,5.60389947032076,5.93324586448598,4.89170229304314,4.92970802919708,5.33394664182032,5.72704008589835,110
"112",2010,8,5.68817204301075,93,5.95384615384615,5.07142857142857,4.5,5.31538461538462,5.83283582089552,65,28,12,26,67,8230,5629,2601,697,2575,5655,5.60485176063184,5.93348374311601,4.89363706266821,4.92230989956959,5.33375921941748,5.72829354553492,111
"113",2010,9,5.51506024096386,83,6.03921568627451,4.6796875,5.125,5.42,5.55603448275862,51,32,8,25,58,8313,5680,2633,705,2600,5713,5.60395524960905,5.93443309683099,4.89103684010634,4.92460992907802,5.33458845769231,5.72654472256258,112
"114",2010,10,5.62181318681319,91,6.14568965517241,4.70106060606061,4.46875,5.20869565217391,5.76154411764706,58,33,16,23,68,8404,5738,2666,721,2623,5781,5.604148618515,5.93656848902056,4.88868529632408,4.91449375866852,5.33348455585208,5.72695640892579,113
"115",2010,11,5.4594262295082,122,5.90684931506849,4.79285714285714,4.75714285714286,4.79166666666667,5.62295918367347,73,49,14,24,98,8526,5811,2715,735,2647,5879,5.60207776096646,5.93619514541387,4.88695580110497,4.91149659863946,5.3285719644881,5.7252228270114,114
"116",2010,12,5.658203125,128,6.1453488372093,4.66071428571429,4.26190476190476,5.27692307692308,5.75539215686275,86,42,21,26,102,8654,5897,2757,756,2673,5981,5.60290790270395,5.9392453773105,4.8835092491839,4.89345238095238,5.32806958099514,5.72573733489383,115
"117",2011,1,5.69056603773585,159,5.9904347826087,4.90681818181818,4.37894736842105,4.99714285714286,5.88629032258065,115,44,19,35,124,8813,6012,2801,775,2708,6105,5.60448938953818,5.94022454923486,4.88387540164227,4.88083870967742,5.32379246307238,5.72899836199836,116
"118",2011,2,5.52403100775194,129,5.86172839506173,4.95416666666667,5.12307692307692,5.07692307692308,5.6368932038835,81,48,13,26,103,8942,6093,2849,788,2734,6208,5.60332867255648,5.93918102576727,4.88505967005967,4.88483502538071,5.32144476591075,5.72747019974227,117
"119",2011,3,5.67741935483871,124,5.97311827956989,4.79032258064516,4.42857142857143,5.13684210526316,5.7752380952381,93,31,7,19,105,9066,6186,2880,795,2753,6313,5.60434204610633,5.93969123666343,4.88403993055556,4.88081761006289,5.3201707192154,5.72826469190559,118
"120",2011,4,5.90963414634146,82,6.2618,5.359375,5.38888888888889,5.918125,5.90757575757576,50,32,9,16,66,9148,6236,2912,804,2769,6379,5.60707859532138,5.9422738919179,4.88926339285714,4.88650497512438,5.32362585409895,5.7301199247531,119
"121",2011,5,5.55957712962963,108,5.65123170731707,5.27051269230769,4.66006666666667,5.6533332,5.53133734939759,82,26,15,25,83,9256,6318,2938,819,2794,6462,5.60652434312878,5.93849651630263,4.8926372804629,4.88235775335775,5.32657599141016,5.72756669761684,120
"122",2011,6,5.99010989010989,91,6.34098360655738,5.27666666666667,5.40769230769231,5.5875,6.10352112676056,61,30,13,20,71,9347,6379,2968,832,2814,6533,5.61025883385044,5.9423453503684,4.89651897911051,4.89056610576923,5.32843046197583,5.73165253329252,121
"123",2011,7,5.66829268292683,82,6.02321428571429,4.90384615384615,5.35,5.859375,5.6219696969697,56,26,10,16,66,9429,6435,2994,842,2830,6599,5.61076352953654,5.9430491048951,4.89658260855044,4.89602256532067,5.33143226855123,5.73055553871799,122
"124",2011,8,5.66545454545455,110,5.97195121951219,4.76785714285714,4.36363636363636,5.85,5.62444444444444,82,28,11,20,90,9539,6517,3022,853,2850,6689,5.61139420484328,5.94341276507595,4.89538991727333,4.8891570926143,5.33507134035088,5.72912782179698,123
"125",2011,9,5.57058823529412,85,5.98461538461538,4.91818181818182,5.09090909090909,4.95714285714286,5.69154929577465,52,33,11,14,71,9624,6569,3055,864,2864,6760,5.61103380299252,5.94373892373268,4.89563611456629,4.89172569444445,5.333223924581,5.72873313609468,124
"126",2011,10,5.56888111888112,143,5.83,5.05208333333333,5.06666666666667,5.13333333333333,5.68451327433628,95,48,15,30,113,9767,6664,3103,879,2894,6873,5.61041663970513,5.9421174954982,4.89805618111505,4.89471103526735,5.33115180373186,5.72800611086862,125
"127",2011,11,5.44353448275862,116,6.05833333333333,4.632,5.02,5.576,5.40714285714286,66,50,15,25,91,9883,6730,3153,894,2919,6964,5.60845788930487,5.943257205052,4.89383708531557,4.89681319910515,5.33324882494005,5.7238133256749,126
"128",2011,12,5.4875,140,5.92252747252747,4.67959183673469,4.68666666666667,4.99193548387097,5.62844036697248,91,49,15,31,109,10023,6821,3202,909,2950,7073,5.60676836476105,5.94298064653276,4.89055850405996,4.89334543454346,5.32966214237288,5.72234356001697,127
"129",2012,1,5.70786516853933,178,6.1743119266055,4.97101449275362,5.0625,4.94594594594595,5.90780141843972,109,69,24,37,141,10201,6930,3271,933,2987,7214,5.60853243015391,5.94661919047619,4.89225568022012,4.89769667738478,5.32490904586541,5.72596839478791,128
"130",2012,2,5.55580152671756,131,5.63641975308642,5.4252,5.31944444444444,5.30681818181818,5.60605504587156,81,50,18,22,109,10332,7011,3321,951,3009,7323,5.60786385210995,5.94303537155898,4.90027953327311,4.9056792849632,5.32477677633765,5.72418353133962,129
"131",2012,3,5.39952380952381,105,5.73602941176471,4.78108108108108,3.55555555555556,4.65952380952381,5.58452380952381,68,37,9,21,84,10437,7079,3358,960,3030,7407,5.60576787582639,5.94104689786693,4.89896614949375,4.893021875,5.32016611221122,5.72259970298367,130
"132",2012,4,5.64115044247788,113,5.9671875,5.21530612244898,5.50217391304348,5.38,5.69731182795699,64,49,23,20,93,10550,7143,3407,983,3050,7500,5.60614685497631,5.94128111297774,4.90351579982389,4.90727466937945,5.32055846557377,5.72228613333333,131
"133",2012,5,5.59401709401709,117,5.90526315789474,5.01707317073171,4.83333333333333,5.96666666666667,5.53921568627451,76,41,15,15,102,10667,7219,3448,998,3065,7602,5.60601381081841,5.94090192408921,4.9048661049884,4.90616332665331,5.32372049592169,5.71982978163641,132
"134",2012,6,5.75592920353982,113,6.07948051948052,5.06388888888889,4.98666666666667,5.95,5.7141935483871,77,36,15,20,93,10780,7296,3484,1013,3085,7695,5.60758528014842,5.94236444490132,4.90650927956372,4.90735538005923,5.3277806547812,5.7197616634178,133
"135",2012,7,5.62352272727273,88,5.88114754098361,5.04148148148148,5.16666666666667,5.72368421052632,5.59594202898551,61,27,9,19,69,10868,7357,3511,1022,3104,7764,5.60771432830328,5.94185686964795,4.90754723155796,4.90963894324853,5.33020403350515,5.71866125708398,134
"136",2012,8,5.48620689655172,116,5.95507246376812,4.79787234042553,4.91666666666667,5.18571428571429,5.55263157894737,69,47,12,21,95,10984,7426,3558,1034,3125,7859,5.60643111070648,5.94197966469162,4.90609846261945,4.90972050290136,5.3292330624,5.71665428171523,135
"137",2012,9,6.08855670103093,97,6.20644736842105,5.66190476190476,5.85555555555556,6.10428571428571,6.08421052631579,76,21,9,21,76,11081,7502,3579,1043,3146,7935,5.61065150437686,5.94465888962943,4.91053320201174,4.91788207094919,5.33440664971392,5.72017466918715,136
"138",2012,10,5.3819587628866,97,5.75446428571429,4.87317073170732,5.69230769230769,4.97368421052632,5.48141025641026,56,41,13,19,78,11178,7558,3620,1056,3165,8013,5.60866696367866,5.94324966790156,4.9101100359116,4.92741571969697,5.33224117535545,5.71785049294896,137
"139",2012,11,5.81960317460317,126,5.98414634146341,5.51295454545455,5.63157894736842,5.66785714285714,5.86295918367347,82,44,19,28,98,11304,7640,3664,1075,3193,8111,5.61101816348196,5.94368861125654,4.91734943504367,4.93986139534884,5.33518425305355,5.71960374799655,138
"140",2012,12,5.71050724637681,138,6.0165,4.90526315789474,5.02727272727273,5.69230769230769,5.71473214285714,100,38,11,26,112,11442,7740,3702,1086,3219,8223,5.61221808425101,5.94462932687339,4.91722537277148,4.94074677716391,5.33806875427151,5.71953739511128,139
"141",2013,1,5.61641414141414,198,5.6537037037037,5.53650793650794,5.315,5.49078947368421,5.64625,135,63,20,38,160,11640,7875,3765,1106,3257,8383,5.6122894604811,5.93964203047619,4.92758786985392,4.94751446654611,5.33985057414799,5.71813861386139,140
"142",2013,2,5.61448598130841,107,5.90808823529412,5.1025641025641,5.42307692307692,4.76785714285714,5.74193548387097,68,39,13,14,93,11747,7943,3804,1119,3271,8476,5.61230946794927,5.93937189852701,4.92938179022082,4.95303932082216,5.3374024212779,5.71839971684757,141
"143",2013,3,5.64689147286822,129,5.88095238095238,5.20997777777778,4.97,4.86296296296296,5.85440196078431,84,45,20,27,102,11876,8027,3849,1139,3298,8578,5.61268510609633,5.93876055687056,4.9326623356716,4.95333713784021,5.33351828987265,5.72001690370716,142
"144",2013,4,5.58027027027027,111,5.94560606060606,5.04444444444444,4.88235294117647,4.56666666666667,5.73864583333333,66,45,17,15,96,11987,8093,3894,1156,3313,8674,5.612384943689,5.93881638329421,4.93395411658963,4.95229325259516,5.33004627829761,5.72022308047037,143
"145",2013,5,5.61887755102041,98,6.05887096774194,4.86111111111111,4.91666666666667,5.25434782608696,5.73066666666667,62,36,18,23,75,12085,8155,3930,1174,3336,8749,5.61243759371121,5.93972912201104,4.9332868524173,4.95174701873935,5.3295243764988,5.72031260715511,144
"146",2013,6,5.71111111111111,108,6.07042253521127,5.02162162162162,5.17368421052632,5.14166666666667,5.825,71,37,19,18,90,12193,8226,3967,1193,3354,8839,5.61331159845813,5.94085715900802,4.93411074615579,4.95528164291702,5.32851619558736,5.72137854960969,145
"147",2013,7,5.61219512195122,123,5.7710843373494,5.2825,5.85714285714286,5.61904761904762,5.61078431372549,83,40,14,21,102,12316,8309,4007,1207,3375,8941,5.61330044819747,5.93916126970755,4.93758855253307,4.96574233637117,5.33032394666666,5.72011687730679,146
"148",2013,8,5.73045112781955,133,6.25,4.92115384615385,5.03076923076923,5.544,5.77361111111111,81,52,26,25,108,12449,8390,4059,1233,3400,9049,5.61455203791469,5.94216221573302,4.93737800689825,4.96711354420114,5.33189509411764,5.7207553320809,147
"149",2013,9,5.69632352941176,136,5.91290322580645,5.22790697674419,5.10952380952381,5.175,5.78620689655172,93,43,21,20,116,12585,8483,4102,1254,3420,9165,5.61543570282082,5.94184144642226,4.94042353242321,4.96949840510367,5.33097757894737,5.72158374249864,148
"150",2013,10,5.59549180327869,122,6.03579545454545,4.45588235294118,5.18181818181818,5.24444444444444,5.65625,88,34,11,18,104,12707,8571,4136,1265,3438,9269,5.61524422129535,5.94280608913779,4.93644036025145,4.97134466403162,5.33052452588714,5.7208506850793,149
"151",2013,11,5.19756097560976,123,5.57785714285714,4.69528301886792,4.18181818181818,4.15384615384615,5.32090909090909,70,53,11,13,110,12830,8641,4189,1276,3451,9379,5.61123993141076,5.93984966901979,4.93338919312485,4.96453840125392,5.32609195015937,5.71616003838363,150
"152",2013,12,5.44556962025316,158,5.6378640776699,5.08545454545455,5.34,5.52857142857143,5.42769230769231,103,55,25,28,130,12988,8744,4244,1301,3479,9509,5.60922453957499,5.93629242795059,4.93535987983035,4.97175326671791,5.32772156366772,5.71221632137975,151
"153",2014,1,5.64552631578947,228,5.99477707006369,4.87323943661972,5.18,5.98714285714286,5.58357512953368,157,71,25,35,193,13216,8901,4315,1326,3514,9702,5.60985081113801,5.9373240074149,4.93433773580533,4.97567948717949,5.33428950483779,5.70965728715729,152
"154",2014,2,5.36381578947368,152,5.59292929292929,4.93584905660377,5,4.85185185185185,5.4744,99,53,15,27,125,13368,9000,4368,1341,3541,9827,5.60705328545781,5.93353566555556,4.93435607371795,4.97595152870992,5.33061093476419,5.70666480105831,153
"155",2014,3,5.71572580645161,124,5.96117647058824,5.18076923076923,5.43947368421053,5.56111111111111,5.74198113207547,85,39,19,18,106,13492,9085,4407,1360,3559,9933,5.60805205455084,5.93379427517887,4.93653672112548,4.98242720588235,5.33177671255971,5.70704167925099,154
"156",2014,4,5.44827586206897,116,5.73255813953488,4.63333333333333,5.425,5.025,5.53645833333333,86,30,10,20,96,13608,9171,4437,1370,3579,10029,5.60669005878895,5.93190720641151,4.93448666441289,4.98565766423358,5.33006239731768,5.70540881443813,155
"157",2014,5,5.51428571428571,105,5.859375,4.97560975609756,4.76315789473684,5.13333333333333,5.56344086021505,64,41,19,12,93,13713,9235,4478,1389,3591,10122,5.60598252169474,5.9314045468327,4.93486318222421,4.98261411087113,5.32940499025341,5.70410442600277,156
"158",2014,6,5.51739130434783,92,5.83134328358209,4.676,4.375,5.5,5.52,67,25,8,12,80,13805,9302,4503,1397,3603,10202,5.60539212749004,5.93068383035906,4.93342601154786,4.97913457408733,5.32997316680544,5.70266075279357,157
"159",2014,7,5.18269230769231,130,5.65657894736842,4.51574074074074,5.04166666666667,5.68333333333333,5.11739130434783,76,54,6,15,115,13935,9378,4557,1403,3618,10317,5.60144874919268,5.9284624642781,4.92847648233487,4.97940199572345,5.33143817578773,5.69613695841815,158
"160",2014,8,5.52251612903226,155,5.79455357142857,4.81395348837209,5.125,4.69444444444444,5.63131386861314,112,43,16,18,137,14090,9490,4600,1419,3636,10454,5.6005804343506,5.926882085353,4.92740594130435,4.98104369274137,5.32828474147414,5.69528744977999,159
"161",2014,9,5.36068376068376,117,5.79189189189189,4.61860465116279,5.14285714285714,5.38571428571429,5.35520833333333,74,43,14,21,96,14207,9564,4643,1433,3657,10550,5.59860479481946,5.92583761919699,4.92454605427525,4.98262456385206,5.3286145255674,5.69219289099526,160
"162",2014,10,5.20239130434783,138,5.4088,4.65921052631579,4.5,5.41538461538462,5.15294642857143,100,38,9,26,112,14345,9664,4681,1442,3683,10662,5.59479319065877,5.92048747826987,4.92239208075197,4.97961234396671,5.32922707575346,5.68652832489214,161
"163",2014,11,5.69173913043478,138,6.15228260869565,4.77065217391304,5.090625,5.26894736842105,5.75924369747899,92,46,16,19,119,14483,9756,4727,1458,3702,10781,5.59571693157495,5.92267332820828,4.92091544954516,4.98083058984911,5.32891769854133,5.6873309526018,162
"164",2014,12,5.446875,160,5.71153846153846,4.95535714285714,4.80769230769231,5.37307692307692,5.46119402985075,104,56,26,26,134,14643,9860,4783,1484,3728,10915,5.59409057706754,5.92044634787018,4.92131869747021,4.97779716981132,5.32922567596566,5.68455474118186,163
"165",2015,1,5.44656934306569,274,5.82531578947368,4.58988095238095,4.48125,5.42058823529412,5.45025,190,84,32,34,240,14917,10050,4867,1516,3762,11155,5.59138086210364,5.91864785970149,4.91559838298746,4.96731596306069,5.3300513875598,5.67951367099955,164
"166",2015,2,5.32299401197605,167,5.68827586206897,4.4921568627451,4.27272727272727,5.48666666666667,5.30684210526316,116,51,11,15,152,15084,10166,4918,1527,3777,11307,5.58840946168125,5.916019180602,4.91120726514843,4.96231237721022,5.33067337039978,5.67450384717432,165
"167",2015,3,5.73312101910828,157,6.05904761904762,5.075,5.14117647058824,6.02777777777778,5.69496402877698,105,52,17,18,139,15241,10271,4970,1544,3795,11446,5.58990015878223,5.91748135429851,4.91292099195171,4.9642817357513,5.3339797944664,5.67475231521929,166
"168",2015,4,5.48473282442748,131,5.925,4.58372093023256,4.46875,4.93181818181818,5.59633027522936,88,43,16,22,109,15372,10359,5013,1560,3817,11555,5.5890039240177,5.91754522540786,4.91009721324556,4.95919935897436,5.33166186009955,5.67401254868023,167
"169",2015,5,5.37234848484848,132,5.91453488372093,4.35869565217391,4.3125,4.95454545454545,5.4103305785124,86,46,16,11,121,15504,10445,5059,1576,3828,11676,5.58715933436533,5.91752043944471,4.90508348092508,4.95263388324873,5.3305781922675,5.67127997601919,168
"170",2015,6,5.31423076923077,130,5.63875,4.795,5.0375,4.92,5.38590909090909,80,50,20,20,110,15634,10525,5109,1596,3848,11786,5.58488987591148,5.9154015192399,4.90400613231552,4.95369736842105,5.32844420997921,5.66861657899203,169
"171",2015,7,5.41111111111111,153,5.925,4.54561403508772,4.97058823529412,4.7695652173913,5.52461538461538,96,57,17,23,130,15787,10621,5166,1613,3871,11916,5.58320569582568,5.9154882769984,4.90005174796748,4.95387538747675,5.32512356497029,5.66704556898288,170
"172",2015,8,5.34448275862069,145,5.80163043478261,4.55094339622642,4.1,4.8,5.47478632478632,92,53,17,28,117,15932,10713,5219,1630,3899,12033,5.58103303540045,5.9145105003267,4.89650648208469,4.94496993865031,5.32135248012311,5.66517618216571,171
"173",2015,9,5.31689655172414,145,5.78382352941177,4.2093023255814,4.38461538461539,5.36607142857143,5.3051282051282,102,43,13,28,117,16077,10815,5262,1643,3927,12150,5.57865076320209,5.91327794637078,4.89089078867351,4.94053621424224,5.32167133180545,5.66170905349794,172
"174",2015,10,5.22984,125,5.63305555555556,4.68207547169811,4.70238095238095,4.69117647058824,5.31462962962963,72,53,21,17,108,16202,10887,5315,1664,3944,12258,5.57595965436366,5.91142472581978,4.88880852869238,4.93753064903846,5.31895368154158,5.65865108500571,173
"175",2015,11,5.34534161490683,161,5.76458333333333,4.72615384615385,4.2625,4.88421052631579,5.40704225352113,96,65,16,19,142,16363,10983,5380,1680,3963,12400,5.57369054085437,5.91014121733588,4.88684336988848,4.93110178571429,5.31686937168811,5.65576975806452,174
"176",2015,12,5.43994845360825,194,5.756,4.86739130434783,4.44444444444444,5.05434782608696,5.49181286549708,125,69,18,23,171,16557,11108,5449,1698,3986,12571,5.57212347164341,5.90840664296003,4.88659705083501,4.92594287396938,5.31535457099849,5.65353949566463,175
"177",2016,1,5.50718367346939,245,5.89811320754717,4.78441860465116,5.43548387096774,5.52129032258065,5.50514018691589,159,86,31,31,214,16802,11267,5535,1729,4017,12785,5.57117654564933,5.90826138191178,4.88500945438121,4.93507865818392,5.31694381877022,5.65105553382871,176
"178",2016,2,5.592,175,5.99568965517241,4.79830508474576,5.07931034482759,5.42105263157895,5.61282051282051,116,59,29,19,156,16977,11383,5594,1758,4036,12941,5.57139119514637,5.90915233154704,4.8840949821237,4.93745790671217,5.3174339246779,5.65059462174484,177
"179",2016,3,5.59655172413793,145,5.87113402061856,5.04166666666667,5.40909090909091,5.78125,5.57364341085271,97,48,22,16,129,17122,11480,5642,1780,4052,13070,5.57160427052914,5.90883109668989,4.88543554236086,4.94328707865168,5.31926538005923,5.6498351185922,178
"180",2016,4,5.57891891891892,185,5.9775,4.84307692307692,4.64285714285714,5.87916666666667,5.53416149068323,120,65,21,24,161,17307,11600,5707,1801,4076,13231,5.57168245912059,5.90954146465517,4.88495309794988,4.93978400888395,5.32256214916585,5.64842755649611,179
"181",2016,5,5.60710382513661,183,6.10683760683761,4.72121212121212,4.68333333333333,5.125,5.6941935483871,117,66,30,28,155,17490,11717,5773,1831,4104,13386,5.57205307718696,5.91151156354015,4.88308112419886,4.93558219552157,5.32121425925926,5.64895749290304,180
"182",2016,6,5.46242603550296,169,5.82926829268293,4.48152173913043,4.69375,6.092,5.353125,123,46,16,25,144,17659,11840,5819,1847,4129,13530,5.57100392547709,5.91065717820946,4.8799067417082,4.93348727666486,5.32588116250908,5.64580894308943,181
"183",2016,7,5.84253125,160,6.10102941176471,5.38793103448276,5.82631578947368,6.43181818181818,5.74858695652174,102,58,19,22,138,17819,11942,5877,1866,4151,13668,5.5734420180706,5.91228320130631,4.88492042368555,4.94257824222937,5.33174254878342,5.64684664910741,182
"184",2016,8,5.62116279069767,215,5.91678082191781,4.99565217391304,4.95,5.52258064516129,5.63777173913043,146,69,30,31,184,18034,12088,5946,1896,4182,13852,5.57401094155484,5.91233752399073,4.88620540363269,4.94269567510549,5.33315717838355,5.64672610453364,183
"185",2016,9,5.6,172,5.96383928571429,4.92083333333333,4.91176470588235,5.77272727272727,5.57466666666667,112,60,17,22,150,18206,12200,6006,1913,4204,14002,5.57425647149292,5.91281032704918,4.88655133699634,4.9424208050183,5.33545749762131,5.64595414940723,184
"186",2016,10,5.6260663507109,211,6.06527777777778,4.68208955223881,4.75909090909091,6.00384615384615,5.57297297297297,144,67,22,26,185,18417,12344,6073,1935,4230,14187,5.57485004723896,5.9145889492871,4.88429562489708,4.94033643410853,5.3395657966903,5.6450024670473,185
"187",2016,11,5.51027649769585,217,5.89075342465753,4.72788732394366,4.56818181818182,5.24242424242424,5.5583152173913,146,71,22,33,184,18634,12490,6144,1957,4263,14371,5.57409806375443,5.91431032746197,4.88248817220052,4.93615278487481,5.33881382125264,5.64389256140839,186
"188",2016,12,5.79228571428571,210,6.19025641025641,4.64259259259259,5.06842105263158,5.54347826086957,5.82288770053476,156,54,19,23,187,18844,12646,6198,1976,4286,14558,5.57652957546169,5.91771437529653,4.88039808486608,4.9374245951417,5.33991211385907,5.6461917845858,187
"189",2017,1,5.584375,320,5.81153846153846,5.07727272727273,4.89142857142857,5.06595744680851,5.67362637362637,221,99,35,47,273,19164,12867,6297,2011,4333,14831,5.5766605781674,5.91589072744229,4.88349330316023,4.93662406762805,5.33694053081006,5.64669678376374,188
"190",2017,2,5.39008810572687,227,5.80196078431373,4.53851351351351,4.67857142857143,4.70333333333333,5.49467005076142,153,74,28,30,197,19391,13020,6371,2039,4363,15028,5.57447647465319,5.91455191935484,4.87948631768953,4.93308043158411,5.33258384597753,5.64470388607932,189
"191",2017,3,5.74803191489362,188,6.23346153846154,4.66,4.39444444444444,5.7232,5.75184049079755,130,58,18,25,163,19579,13150,6429,2057,4388,15191,5.57614297563716,5.91770463802281,4.87750619536475,4.92836703937774,5.334809325433,5.64585346586795,190
"192",2017,4,5.66387434554974,191,5.77575757575758,5.4135593220339,5.556,5.94736842105263,5.63255813953488,132,59,25,19,172,19770,13282,6488,2082,4407,15363,5.57699055741022,5.9162939308839,4.88238090782984,4.93590345821326,5.33745026548672,5.64570461498406,191
"193",2017,5,5.55337078651685,178,5.8787610619469,4.98769230769231,5.04761904761905,5.0304347826087,5.63096774193548,113,65,21,23,155,19948,13395,6553,2103,4430,15518,5.576779793463,5.91597730421799,4.88342550434915,4.93701902044698,5.3358562799097,5.64555741719294,192
"194",2017,6,5.70357575757576,165,5.91131578947368,5.23921568627451,4.9,5.60526315789474,5.7163698630137,114,51,10,19,146,20113,13509,6604,2113,4449,15664,5.57781998309551,5.91593796654082,4.88617312689279,4.936843823947,5.33700681501461,5.6462174412666,193
"195",2017,7,5.64475138121547,181,6.06737288135593,4.8531746031746,4.20862068965517,5.01875,5.77919463087248,118,63,29,32,149,20294,13627,6667,2142,4481,15813,5.57841693702572,5.91724928377486,4.88586130643468,4.92698459383754,5.33473405936175,5.64747043571745,194
"196",2017,8,5.39665071770335,209,5.57432432432432,4.9655737704918,4.68,5.53703703703704,5.37582417582418,148,61,25,27,182,20503,13775,6728,2167,4508,15995,5.57656407940302,5.91356486315789,4.8865840264566,4.9241352099677,5.33594572315883,5.64437949359175,195
"197",2017,9,5.60513089005236,191,5.98389830508475,4.99287671232877,5,5.625,5.60280701754386,118,73,21,20,171,20694,13893,6801,2188,4528,16166,5.57682774330724,5.91416223925718,4.8877249419203,4.92486334552102,5.33722246466431,5.64393975009279,196
"198",2017,10,5.70171296296296,216,6.15320610687023,5.00588235294118,4.76470588235294,6.1788,5.63926701570681,131,85,34,25,191,20910,14024,6886,2222,4553,16357,5.57811780583453,5.91639517897889,4.88918346354923,4.92241269126913,5.3418434702394,5.64388518677019,197
"199",2017,11,5.56065296803653,219,5.69857142857143,5.34736046511628,5.31491304347826,6.024,5.45711173184358,133,86,23,40,179,21129,14157,6972,2245,4593,16536,5.57793678451418,5.91434880200607,4.89483510183591,4.92643385300668,5.34778430655345,5.64186338896952,198
"200",2017,12,5.68480519480519,231,6.01466216216216,5.0966265060241,5.2741935483871,5.7,5.68296116504854,148,83,31,25,206,21360,14305,7055,2276,4618,16742,5.57909252434457,5.91538664732611,4.89720911835577,4.9311704745167,5.34969106106539,5.64236907179549,199
"201",2018,1,5.56640625,320,5.86949541284404,4.91862745098039,4.97058823529412,5.44166666666667,5.58525179856115,218,102,34,42,278,21680,14523,7157,2310,4660,17020,5.57890527306273,5.91469778902431,4.89751436775185,4.93175064935065,5.35052002575107,5.64143613396005,200
"202",2018,2,5.38215962441315,213,5.90375939849624,4.515,4.66944444444444,4.90625,5.44259259259259,133,80,36,24,189,21893,14656,7237,2346,4684,17209,5.57699110765998,5.91459852551856,4.89328593754318,4.92772549019608,5.34824366353544,5.63925230983788,201
"203",2018,3,5.77637362637363,182,6.08034188034188,5.22923076923077,5.625,5.33333333333333,5.83416149068323,117,65,16,21,161,22075,14773,7302,2362,4705,17370,5.57863494088335,5.91591118865498,4.89627640783347,4.93244877222693,5.34817711370882,5.64105889464594,202
"204",2018,4,5.60568102150538,186,5.89963279661017,5.09558823529412,5.08333333333333,5.371,5.65081198717949,118,68,30,30,156,22261,14891,7370,2392,4735,17526,5.57886092224069,5.9157821946142,4.89811537720488,4.93434113712375,5.34832171488912,5.64114570752026,203
"205",2018,5,5.28373493975904,166,5.66761904761905,4.62295081967213,4.64583333333333,5.40714285714286,5.27236842105263,105,61,24,14,152,22427,14996,7431,2416,4749,17678,5.57667646096223,5.91404458922379,4.89585659130669,4.93147516556292,5.34849511897241,5.63797486536939,204
"206",2018,6,5.6456104375,160,6.0420848245614,4.66304347826087,5,5.85916666666667,5.60792404411765,114,46,9,24,136,22587,15110,7477,2425,4773,17814,5.57716477000044,5.91501061085374,4.89442427845392,4.93172948453608,5.35106292059501,5.63774544403279,205
"207",2018,7,5.57098123376623,154,5.86638343137255,4.99153846153846,5.13619047619048,5.93888888888889,5.52228757352941,102,52,21,18,136,22741,15212,7529,2446,4791,17950,5.57712289565103,5.91468455429924,4.89509500996148,4.93348487326247,5.35327140889167,5.63687066573817,206
"208",2018,8,5.63435483870968,186,5.92548872180451,4.90377358490566,4.65,5.23894736842105,5.67934131736527,133,53,16,19,167,22927,15345,7582,2462,4810,18117,5.57758720155276,5.91477819745845,4.89515567528356,4.93164256701869,5.35281981704782,5.63726215433019,207
"209",2018,9,5.60652173913043,138,5.95054945054945,4.94042553191489,4.73333333333333,5.73333333333333,5.59105691056911,91,47,15,15,123,23065,15436,7629,2477,4825,18240,5.57776031953176,5.91498908007256,4.89543456940621,4.93044166330238,5.35400276062176,5.63695057291667,208
"210",2018,10,5.6867027027027,185,6.06991869918699,4.92645161290323,4.6875,5.57142857142857,5.70146341463415,123,62,24,21,164,23250,15559,7691,2501,4846,18404,5.57862717290323,5.91621385950254,4.89568460928358,4.92811035585766,5.35494496904664,5.63752545370572,209
"211",2018,11,5.51973684210526,190,5.9978813559322,4.73611111111111,4.85217391304348,4.90476190476191,5.59615384615385,118,72,23,21,169,23440,15677,7763,2524,4867,18573,5.57814981953925,5.91682856669005,4.89420460260208,4.92741838351823,5.35300253133347,5.63714900393044,210
"212",2018,12,5.54683673469388,196,5.91485294117647,4.71266666666667,4.73529411764706,5.41666666666667,5.56,136,60,17,18,178,23636,15813,7823,2541,4885,18751,5.57789015781012,5.91681157528616,4.89281226255912,4.92613301849666,5.35323711770727,5.63641664177911,211
"213",2019,1,5.58383873646209,277,5.83585534391534,5.04257579545455,5.02666666666667,5.44866666666667,5.60025639676113,189,88,36,30,247,23913,16002,7911,2577,4915,18998,5.57795906410739,5.91585539932508,4.89447819491847,4.92753744664338,5.35381959715158,5.63594650910622,212
"214",2019,2,5.82213903743316,187,6.06736,5.32774193548387,5,5.97142857142857,5.81005780346821,125,62,19,14,173,24100,16127,7973,2596,4929,19171,5.57985373858921,5.9170297079432,4.89784735983946,4.92806779661017,5.35557381213228,5.63751769756403,213
"215",2019,3,5.63511363636364,176,5.91271186440678,5.07034482758621,5.16,5.25,5.70797297297297,118,58,20,28,148,24276,16245,8031,2616,4957,19319,5.58025437057176,5.91699834410588,4.89909313908604,4.92984097859327,5.3549774702441,5.63805744500233,214
"216",2019,4,5.58567415730337,178,5.97708333333333,4.77586206896552,4.86666666666667,5.35757575757576,5.63758620689655,120,58,15,33,145,24454,16365,8089,2631,4990,19464,5.58029382105177,5.91743893064467,4.89820954382495,4.92948080577727,5.35499465330661,5.63805393444308,215
"217",2019,5,5.62299319727891,147,5.97425531914894,5,5.1875,5.1875,5.7079674796748,94,53,16,24,123,24601,16459,8142,2647,5014,19587,5.58054896548921,5.91776341819065,4.89887214443625,4.93104042312051,5.35419292381332,5.63849296880584,216
"218",2019,6,5.73776978417266,139,6.19709302325581,4.99245283018868,4.8,5.72727272727273,5.738671875,86,53,20,11,128,24740,16545,8195,2667,5025,19715,5.58143229991916,5.91921535811423,4.89947736424649,4.93005774278215,5.3550096159204,5.6391433821963,217
"219",2019,7,5.59341176470588,170,6.05275229357798,4.77262295081967,4.325,5.046875,5.6501948051948,109,61,20,16,154,24910,16654,8256,2687,5041,19869,5.58151405459655,5.92008935390897,4.89854009205426,4.92555414960923,5.35403160484031,5.63922903920681,218
"220",2019,8,5.69789215686275,204,6.06434108527132,5.0676,4.68275862068965,5.525,5.7166847826087,129,75,29,20,184,25114,16783,8331,2716,5061,20053,5.58245938918532,5.92119812310076,4.90006205737606,4.9229617083947,5.35470723572416,5.63993974866604,219
"221",2019,9,5.47213903743315,187,6.13068376068376,4.37142857142857,4.85714285714286,5.609375,5.4438064516129,117,70,28,32,155,25301,16900,8401,2744,5093,20208,5.58164401011818,5.92264840828402,4.89565730270206,4.92229008746356,5.35630734733948,5.63843536124307,220
"222",2019,10,5.56124780346821,173,5.98577586206897,4.69729596491228,4.44930894736842,5.56,5.56145858108108,116,57,19,25,148,25474,17016,8458,2763,5118,20356,5.58150549462197,5.92307875528914,4.89432050957673,4.9190375931958,5.35730232903478,5.63787569512675,221
"223",2019,11,5.70426507537688,199,6.070375,5.01449275362319,5.02,5.97222222222222,5.67761740331492,130,69,25,18,181,25673,17146,8527,2788,5136,20537,5.5824570451447,5.92419554706637,4.89529293655447,4.91994292324247,5.35945742211838,5.63822595315772,222
"224",2019,12,5.72274509803922,255,6.02869822485207,5.12151162790698,4.74264705882353,6.08333333333333,5.68528138528139,169,86,34,24,231,25928,17315,8613,2822,5160,20768,5.58383676797285,5.92521552699971,4.89755170904446,4.91780682849043,5.3628242868217,5.63874934514638,223
"225",2020,1,5.32116336507937,315,5.747955,4.44271844660194,4.59411764705882,5.175,5.33321807560137,212,103,34,24,291,26243,17527,8716,2856,5184,21059,5.58068384635903,5.92307145033377,4.89217678636989,4.91395338585434,5.36195472993827,5.63452741630657,224
"226",2020,2,5.519377593361,241,5.97966216216216,4.78688172043011,5.26153846153846,6.39166666666667,5.42290322580645,148,93,26,24,217,26484,17675,8809,2882,5208,21276,5.58012596964205,5.92354530749646,4.89106514587354,4.91708912907703,5.36669994623656,5.63236900075202,225
"227",2020,3,5.84142299107143,224,6.19325636942675,5.0169776119403,5.34934210526316,5.97407407407407,5.8232423857868,157,67,19,27,197,26708,17832,8876,2901,5235,21473,5.58231746779991,5.92591995065052,4.89201558922938,4.91992015511893,5.36983253486151,5.63412013272482,226
"228",2020,4,5.76545454545455,209,6.02820895522388,5.296,5.5,6.00666666666667,5.72502793296089,134,75,25,30,179,26917,17966,8951,2926,5265,21652,5.5837394557343,5.92668287654458,4.89540055524522,4.92487640806562,5.37346121937322,5.63487167975245,227
"229",2020,5,5.78668181818182,220,5.95297872340426,5.48987341772152,5.864,6.54903225806452,5.66164021164021,141,79,25,31,189,27137,18107,9030,2951,5296,21841,5.5853847120168,5.92688764345281,4.90060136987818,4.93283238563199,5.38034239425982,5.63510331990294,228
"230",2020,6,5.77409574468085,188,6.02664,5.27301587301587,5.85714285714286,5.47619047619048,5.81155688622755,125,63,14,21,167,27325,18232,9093,2965,5317,22008,5.5866830715462,5.92757155331286,4.90318160892994,4.93719675210793,5.38072095542599,5.63644227599055,229
"231",2020,7,5.71407185628743,167,6.01333333333333,5.20725806451613,5.17142857142857,5.28620689655172,5.80398550724638,105,62,21,29,138,27492,18337,9155,2986,5346,22146,5.58745689400553,5.92806263620003,4.90524089240852,4.93884406229069,5.38020825289936,5.63748630046058,230
"232",2020,8,5.63362244897959,196,5.84616541353383,5.18492063492064,5.53269230769231,5.38478260869565,5.66670520231214,133,63,26,23,173,27688,18470,9218,3012,5369,22319,5.58778369438024,5.92747290525176,4.90715235083532,4.94397024236388,5.38022784876141,5.63771278327882,231
"233",2020,9,5.69271028037383,214,6.04610687022901,5.13493975903614,4.79259259259259,6.10714285714286,5.63032258064516,131,83,27,28,186,27902,18601,9301,3039,5397,22505,5.58858844993191,5.92830840062362,4.90918507364799,4.94262532741033,5.38399913285158,5.63765170451011,232
"234",2020,10,5.59834211640212,189,5.94505203125,4.87081967213115,4.77619047619048,5.65,5.59153688622755,128,61,21,22,167,28091,18729,9362,3060,5419,22672,5.58865407390267,5.92842283197181,4.9089350961333,4.94148312745098,5.38507904041336,5.63731202672901,233
"235",2020,11,5.8868253968254,252,6.25954545454545,5.02368421052632,5.35357142857143,6.16538461538462,5.85477876106195,176,76,28,26,226,28343,18905,9438,3088,5445,22898,5.59130514024627,5.93150548637926,4.90985911951685,4.94521967940415,5.3888050174472,5.63945839243602,234
"236",2020,12,5.49429441605839,274,5.81199235632184,4.9415,5.028125,5.18703703703704,5.52788125506073,174,100,32,27,247,28617,19079,9538,3120,5472,23145,5.59037628891918,5.93041552963992,4.91019085447683,4.94606999038461,5.38780945175438,5.63826765780946,235
"237",2021,1,5.70527867507886,317,5.95601518181818,5.13659793814433,5.09677419354839,5.23260869565217,5.7422562585034,220,97,31,23,294,28934,19299,9635,3151,5495,23439,5.59163515587199,5.93070735426706,4.91247019927348,4.94755264043161,5.38715983985441,5.6395720073382,236
"238",2021,2,5.65330201877934,213,5.94862468531469,5.05,4.64,6.12121212121212,5.5675185,143,70,25,33,180,29147,19442,9705,3176,5528,23619,5.59208580402786,5.93083914000617,4.91346217104585,4.94513172858942,5.39154184515195,5.63902288877599,237
"239",2021,3,5.69227619047619,210,5.98420408163265,5.01111111111111,4.87777777777778,5.92408333333333,5.66236559139785,147,63,18,24,186,29357,19589,9768,3194,5552,23805,5.59280249787104,5.93123960181735,4.91409197072072,4.94475215090795,5.39384389769452,5.63920527662256,238
"240",2021,4,5.71988950276243,181,5.97631578947368,5.28358208955224,5.16666666666667,5.58695652173913,5.73924050632911,114,67,15,23,158,29538,19703,9835,3209,5575,23963,5.59358124889972,5.93150040907476,4.91660908693442,4.94578945777501,5.39464059551569,5.63986485874056,239
"241",2021,5,5.84038461538462,156,6.05336538461538,5.41442307692308,5.37857142857143,4.78947368421053,5.98613138686131,104,52,14,19,137,29694,19807,9887,3223,5594,24100,5.59487785175456,5.93214028171858,4.91922730555275,4.94766936704933,5.39258514837326,5.64183326182573,240
"242",2021,6,5.56052631578947,152,5.85480769230769,4.92291666666667,4.54705882352941,4.41176470588235,5.70518518518519,104,48,17,17,135,29846,19911,9935,3240,5611,24235,5.59470290591704,5.93173635477876,4.91924513034726,4.94556739814815,5.38961349492069,5.64218616092429,241
"243",2021,7,5.49265536723164,177,5.83271028037383,4.97285714285714,4.74318181818182,5.47916666666667,5.49477124183007,107,70,22,24,153,30023,20018,10005,3262,5635,24388,5.59410128668021,5.9312070416625,4.91962022688656,4.94420244328633,5.38999491038154,5.64126134205347,242
"244",2021,8,5.84304347826087,184,6.22212646551724,5.1963725,4.88,5,5.91247058823529,116,68,20,14,170,30207,20134,10073,3282,5649,24558,5.59561766908333,5.9328831444323,4.92148850392137,4.94381120353443,5.38902838024429,5.64313875763499,243
"245",2021,9,5.56860281437126,167,6.02506413461539,4.81507936507936,4.96153846153846,5.45294117647059,5.58171113333333,104,63,13,17,150,30374,20238,10136,3295,5666,24708,5.59546913807862,5.93335684850282,4.92082712115233,4.94388114415782,5.38922014119308,5.64276583616643,244
"246",2021,10,5.67086982857143,175,6.10919852459016,4.66188679245283,4.09882352941176,5.70526315789474,5.6666808974359,122,53,17,19,156,30549,20360,10189,3312,5685,24864,5.59590107106616,5.93441051669941,4.91948019432721,4.93954358997585,5.39027639753738,5.64291588240026,245
"247",2021,11,5.58644329896907,194,6.04974576271186,4.8671052631579,4.33888888888889,4.8375,5.69217647058823,118,76,18,24,170,30743,20478,10265,3330,5709,25034,5.59584138893407,5.93507511085067,4.91909242084754,4.93629680780781,5.38795258714311,5.64325039945674,246
"248",2021,12,5.29358365758755,257,5.71585975609756,4.5489247311828,4.53571428571429,5.17948717948718,5.31399541284404,164,93,28,39,218,31000,20642,10358,3358,5748,25252,5.59333557483871,5.93333345218486,4.91576884533694,4.93295663192377,5.3865381558803,5.64040794788532,247
"249",2022,1,5.48859858638743,382,5.913065078125,4.62619047619048,4.51428571428571,5.94,5.45698784313725,256,126,35,25,357,31382,20898,10484,3393,5773,25609,5.59206065515264,5.93308516508757,4.91228860167875,4.92863789272031,5.38893492464923,5.63785099613417,248
"250",2022,2,5.57372222222222,180,6.0190990990991,4.85724637681159,4.69782608695652,4.84772727272727,5.67481012658228,111,69,23,22,158,31562,21009,10553,3416,5795,25767,5.59195606995754,5.93353961540292,4.91192871221454,4.92708383196721,5.38688029680759,5.63807762486902,249
"251",2022,3,5.60388888888889,216,5.95753623188406,4.97820512820513,4.41176470588235,5.155,5.64969387755102,138,78,17,20,196,31778,21147,10631,3433,5815,25963,5.59203717918057,5.93369621128292,4.91241498447935,4.92453200407807,5.38608277214101,5.63816531833764,250
"252",2022,4,5.58071856287425,167,5.842,5.00288461538462,5.305,4.85294117647059,5.6632,115,52,10,17,150,31945,21262,10683,3443,5832,26113,5.59197800845203,5.93320025303358,4.91285534962089,4.92563705198954,5.38452868998628,5.63830912419102,251
"253",2022,5,5.40520467836257,171,5.89075268817204,4.82628205128205,4.14464285714286,4.71111111111111,5.48686274509804,93,78,28,18,153,32116,21355,10761,3471,5850,26266,5.59098354340516,5.93301539592601,4.91222783198587,4.9193368971478,5.38245663589743,5.63742694586157,252
"254",2022,6,5.47910256410256,156,5.73237113402062,5.06271186440678,5.52173913043478,6.21176470588235,5.3894964028777,97,59,23,17,139,32272,21452,10820,3494,5867,26405,5.59044272062469,5.93210813816893,4.91304840110906,4.92330233829422,5.38485960797682,5.63612180117402,253
"255",2022,7,5.41161849710983,173,5.76037735849057,4.85985074626866,5.00666666666667,4.984375,5.45515923566879,106,67,24,16,157,32445,21558,10887,3518,5883,26562,5.58948921189706,5.93126374338992,4.91272101589051,4.92387105457646,5.38377040965493,5.63505218582938,254
"256",2022,8,5.53732323232323,198,5.93404761904762,4.84305555555556,4.9952380952381,6.6695652173913,5.38851428571429,126,72,21,23,175,32643,21684,10959,3539,5906,26737,5.58917279294183,5.9312799197565,4.91226331782097,4.92429453800509,5.38877773789366,5.63343853685904,255
"257",2022,9,5.7323417721519,158,6.1184693877551,5.10166666666667,4.45384615384615,4.9537037037037,5.89282442748092,98,60,13,27,131,32801,21782,11019,3552,5933,26868,5.58986242736502,5.93212210908089,4.91329464561212,4.9225727393018,5.38679779538176,5.63470322167635,256
"258",2022,10,5.6875,152,6.1047619047619,4.75531914893617,4.75,5.625,5.69285714285714,105,47,10,12,140,32953,21887,11066,3562,5945,27008,5.59031279337238,5.93295032576415,4.91262368516176,4.92208825659742,5.38727860723297,5.63500467120853,257
"259",2022,11,5.44344262295082,183,5.69130434782609,5.02426470588235,4.69642857142857,5.04444444444444,5.4869696969697,115,68,14,18,165,33136,22002,11134,3576,5963,27173,5.58950167431193,5.93168729115535,4.91330552362134,4.92120480145414,5.38624372295824,5.63410577264196,258
"260",2022,12,5.5646186440678,236,6.04774436090226,4.94077669902913,5.09375,6.025,5.52199074074074,133,103,32,20,216,33372,22135,11237,3608,5983,27389,5.58932570658037,5.93238462977185,4.91355732846845,4.92273513580931,5.38837896038776,5.63322159114973,259
