"","year","month","avg_rating","no_ratings","avg_rating_owned","avg_rating_not_owned","avg_rating_prev_owned","avg_rating_comment","avg_rating_no_comment","no_ratings_owned","no_ratings_not_owned","no_ratings_prev_owned","no_ratings_comment","no_ratings_no_comment","cum_no_ratings","cum_no_ratings_owned","cum_no_ratings_not_owned","cum_no_ratings_prev_owned","cum_no_ratings_comment","cum_no_ratings_no_comment","cum_avg_rating","cum_avg_rating_owned","cum_avg_rating_not_owned","cum_avg_rating_prev_owned","cum_avg_rating_comment","cum_avg_rating_no_comment","month_after_release"
"1",2005,11,7.75,4,8.16666666666667,6.5,NA,9,7.33333333333333,3,1,0,1,3,4,3,1,0,1,3,7.75,8.16666666666667,6.5,NA,9,7.33333333333333,0
"2",2005,12,7.33333333333333,3,7.5,7,NA,NA,7.33333333333333,2,1,0,0,3,7,5,2,0,1,6,7.57142857142857,7.9,6.75,NA,9,7.33333333333333,1
"3",2006,1,4.66666666666667,3,NA,4.66666666666667,NA,4.66666666666667,NA,0,3,0,3,0,10,5,5,0,4,6,6.7,7.9,5.5,NA,5.75,7.33333333333333,2
"4",2006,2,7,1,NA,7,NA,NA,7,0,1,0,0,1,11,5,6,0,4,7,6.72727272727273,7.9,5.75,NA,5.75,7.28571428571429,3
"5",2006,3,6,1,NA,6,NA,6,NA,0,1,0,1,0,12,5,7,0,5,7,6.66666666666667,7.9,5.78571428571429,NA,5.8,7.28571428571429,4
"6",2006,4,6.33333333333333,3,NA,6.33333333333333,NA,4,7.5,0,3,0,1,2,15,5,10,0,6,9,6.6,7.9,5.95,NA,5.5,7.33333333333333,5
"7",2006,5,7,2,NA,7,NA,8,6,0,2,0,1,1,17,5,12,0,7,10,6.64705882352941,7.9,6.125,NA,5.85714285714286,7.2,6
"8",2006,6,6.58571428571429,7,7.66666666666667,5.775,NA,5.16666666666667,7.65,3,4,0,3,4,24,8,16,0,10,14,6.62916666666667,7.8125,6.0375,NA,5.65,7.32857142857143,7
"9",2006,7,5.5,2,NA,5.5,6,5,6,0,2,1,1,1,26,8,18,1,11,15,6.54230769230769,7.8125,5.97777777777778,6,5.59090909090909,7.24,8
"10",2006,8,7.5,2,7,8,8,7.5,NA,1,1,1,2,0,28,9,19,2,13,15,6.61071428571429,7.72222222222222,6.08421052631579,7,5.88461538461539,7.24,9
"11",2006,9,7.66666666666667,3,8,7,NA,8,7.5,2,1,0,1,2,31,11,20,2,14,17,6.71290322580645,7.77272727272727,6.13,7,6.03571428571429,7.27058823529412,10
"12",2006,10,6.9625,32,7.615,5.875,7,6.76666666666667,7.21428571428571,20,12,2,18,14,63,31,32,4,32,31,6.83968253968254,7.67096774193548,6.034375,7,6.446875,7.24516129032258,11
"13",2006,11,6.85555555555556,36,7.375,6.59583333333333,7.75,6.40476190476191,7.48666666666667,12,24,2,21,15,99,43,56,6,53,46,6.84545454545454,7.58837209302326,6.275,7.25,6.43018867924528,7.32391304347826,12
"14",2006,12,6.92592592592593,27,7.54545454545455,6.5,7,6.6,7.11764705882353,11,16,4,10,17,126,54,72,10,63,63,6.86269841269841,7.57962962962963,6.325,7.15,6.45714285714286,7.26825396825397,13
"15",2007,1,6.91428571428571,42,7.52941176470588,6.496,7.5,6.60555555555556,7.14583333333333,17,25,2,18,24,168,71,97,12,81,87,6.87559523809524,7.56760563380282,6.36907216494845,7.20833333333333,6.49012345679012,7.23448275862069,14
"16",2007,2,7.27890954545455,22,7.54545454545455,7.01236454545455,NA,7,7.43828642857143,11,11,0,8,14,190,82,108,12,89,101,6.92229478947368,7.56463414634146,6.43459268518518,7.20833333333333,6.53595505617978,7.26273277227723,15
"17",2007,3,6.58518518518519,27,7.4,6.10588235294118,7.33333333333333,6.72222222222222,6.51666666666667,10,17,3,9,18,217,92,125,15,98,119,6.88035027649769,7.54673913043478,6.38988808,7.23333333333333,6.5530612244898,7.14988243697479,16
"18",2007,4,7.25532,25,7.37561538461538,7.125,7.5,7.11525,7.38461538461539,13,12,2,12,13,242,105,137,17,110,132,6.91908681818182,7.52555238095238,6.45427744525547,7.26470588235294,6.61439090909091,7.17300007575758,17
"19",2007,5,6.66818181818182,22,7.38888888888889,6.16923076923077,6.5,6.29166666666667,7.12,9,13,4,12,10,264,114,150,21,122,142,6.89817806818182,7.51476315789474,6.4295734,7.11904761904762,6.58264754098361,7.16926767605634,18
"20",2007,6,7.08695652173913,23,7.83333333333333,6.27272727272727,NA,6.86363636363636,7.29166666666667,12,11,0,11,12,287,126,161,21,133,154,6.91330665505226,7.54510317460317,6.41885720496894,7.11904761904762,6.60588721804511,7.17880525974026,19
"21",2007,7,7.05322580645161,31,7.31428571428571,6.83823529411765,7.25,6.98076923076923,7.10555555555556,14,17,4,13,18,318,140,178,25,146,172,6.92694657232704,7.52202142857143,6.45891016853933,7.14,6.63926712328767,7.17113959302326,20
"22",2007,8,6.65454545454545,22,7.83333333333333,6.2125,6,6.61111111111111,6.68461538461538,6,16,1,9,13,340,146,194,26,155,185,6.90932061764706,7.53481506849315,6.43858768041237,7.09615384615385,6.63763225806452,7.13695140540541,21
"23",2007,9,7.39583333333333,24,7.7,6.88888888888889,8,7.16666666666667,7.47222222222222,15,9,1,6,18,364,161,203,27,161,203,6.94139837912088,7.5502049689441,6.45855177339901,7.12962962962963,6.65734782608696,7.16667985221675,22
"24",2007,10,7.04444444444444,27,7.39285714285714,6.66923076923077,6.5,6.61111111111111,7.26111111111111,14,13,2,9,18,391,175,216,29,170,221,6.94851409207161,7.53761714285714,6.47123152777778,7.08620689655172,6.6549,7.17437108597285,23
"25",2007,11,7.10909090909091,33,7.6,6.64705882352941,7.5,6.85384615384615,7.275,16,17,1,13,20,424,191,233,30,183,241,6.96101181603774,7.54284293193717,6.48406012875536,7.1,6.66903278688525,7.18272203319502,24
"26",2007,12,6.88636363636364,22,7.82,6.61176470588235,7,6.625,7.03571428571429,5,17,1,8,14,446,196,250,31,191,255,6.95732961883408,7.54991326530612,6.49274404,7.09677419354839,6.66718848167539,7.17465101960784,25
"27",2008,1,6.65851063829787,47,7.15789473684211,6.31964285714286,7.3,6.86590909090909,6.476,19,28,5,22,25,493,215,278,36,213,280,6.92884180527383,7.51526976744186,6.47530938848921,7.125,6.68771361502347,7.11227146428572,26
"28",2008,2,6.57037037037037,27,7.45714285714286,5.61538461538461,NA,5.88888888888889,6.91111111111111,14,13,0,9,18,520,229,291,36,222,298,6.91022886538461,7.51171615720524,6.43689350515464,7.125,6.65532882882883,7.10012083892618,27
"29",2008,3,7.13157894736842,19,7.27777777777778,7,7,7.21428571428571,7.08333333333333,9,10,2,7,12,539,238,301,38,229,310,6.91803155844156,7.50286974789916,6.45560136212625,7.11842105263158,6.67241484716157,7.099471,28
"30",2008,4,6.898,25,7.16666666666667,6.65,7,7.09230769230769,6.6875,12,13,2,13,12,564,250,314,40,242,322,6.91714363475177,7.486732,6.4636497133758,7.1125,6.69497107438016,7.08411804347826,29
"31",2008,5,7.27037037037037,27,7.54166666666667,7.05333333333333,7.7,7.42307692307692,7.12857142857143,12,15,5,13,14,591,262,329,45,255,336,6.93328089678511,7.48924809160305,6.49053498480243,7.17777777777778,6.73209019607843,7.08597026785715,30
"32",2008,6,7.08,15,7.2,7,7.33333333333333,7.04,7.1,6,9,3,5,10,606,268,338,48,260,346,6.93691255775577,7.4827723880597,6.50410062130178,7.1875,6.73801153846154,7.08637575144509,31
"33",2008,7,7.10357142857143,28,7.64,6.80555555555556,6.8125,6.83333333333333,7.41538461538462,10,18,8,15,13,634,278,356,56,275,359,6.94427288643533,7.48842805755396,6.5193427247191,7.13392857142857,6.74321090909091,7.09828972144847,32
"34",2008,8,6.78387096774194,31,7.70833333333333,6.2,6.1,6.38666666666667,7.15625,12,19,13,15,16,665,290,375,69,290,375,6.9367955037594,7.4975275862069,6.50316269333333,6.93913043478261,6.72476896551724,7.10076269333334,33
"35",2008,9,7.34444444444444,18,7.35714285714286,7.33636363636364,7.2,7.22222222222222,7.46666666666667,7,11,6,9,9,683,297,386,75,299,384,6.94753881405564,7.49421885521885,6.52690676165803,6.96,6.73974247491639,7.10933856770833,34
"36",2008,10,7.075,20,7.3375,6.9,6.66666666666667,7.11666666666667,7.05714285714286,8,12,3,6,14,703,305,398,78,305,398,6.95116502133712,7.49010819672131,6.5381558040201,6.94871794871795,6.74715737704918,7.10750253768844,35
"37",2008,11,6.56444444444444,45,7.02941176470588,6.28214285714286,6.5,6.66666666666667,6.4962962962963,17,28,6,18,27,748,322,426,84,323,425,6.9278997459893,7.46578571428571,6.52132866197183,6.91666666666667,6.74267182662539,7.06867296470588,36
"38",2008,12,6.52105263157895,38,7.35,5.775,5.91666666666667,6,6.86086956521739,18,20,6,15,23,786,340,446,90,338,448,6.90823029262086,7.45965588235294,6.48786100896861,6.85,6.70971301775148,7.05800448660715,37
"39",2009,1,7.07575757575758,33,7.32142857142857,6.89473684210526,6.66666666666667,6.95454545454545,7.13636363636364,14,19,6,11,22,819,354,465,96,349,470,6.91498047619047,7.45418926553672,6.50448604301075,6.83854166666667,6.71742979942693,7.06167236170213,38
"40",2009,2,6.57560975609756,41,6.93571428571429,6.38888888888889,7.57142857142857,6.96428571428571,6.37407407407407,14,27,7,14,27,860,368,492,103,363,497,6.8988011744186,7.43446467391304,6.49814229674797,6.88834951456311,6.72695041322314,7.02431792756539,39
"41",2009,3,6.83142857142857,35,7.2875,6.44736842105263,7.375,7.36666666666667,6.43,16,19,4,15,20,895,384,511,107,378,517,6.89616649162011,7.42834114583333,6.49625442270059,6.90654205607477,6.75233597883598,7.00132690522244,40
"42",2009,4,6.71538461538462,39,7.14285714285714,6.621875,6.9375,6.875,6.6741935483871,7,32,8,8,31,934,391,543,115,386,548,6.88861778372591,7.42323017902813,6.50365747697974,6.90869565217391,6.75487823834197,6.98282118613139,41
"43",2009,5,6.80394736842105,38,7.38666666666667,6.42391304347826,6.75,6.96153846153846,6.722,15,23,6,13,25,972,406,566,121,399,573,6.88530762345679,7.42187931034483,6.50041697879859,6.90082644628099,6.76161152882205,6.97144155322862,42
"44",2009,6,6.96071428571429,28,7.64,6.58333333333333,6.83333333333333,6.9,6.98947368421053,10,18,3,9,19,1000,416,584,124,408,592,6.88741901,7.42712259615385,6.50297261986301,6.8991935483871,6.76466421568627,6.97202028716216,43
"45",2009,7,7.10714285714286,42,7.2125,7.04230769230769,7.05555555555556,7.25454545454545,7.05483870967742,16,26,9,11,31,1042,432,610,133,419,623,6.89627544145873,7.41917361111111,6.52596067213115,6.90977443609023,6.77752505966587,6.97614126805779,44
"46",2009,8,6.84074074074074,27,7.3125,6.64210526315789,6.6,7.5,6.65238095238095,8,19,5,6,21,1069,440,629,138,425,644,6.89487278765201,7.41723409090909,6.52946901430843,6.89855072463768,6.78772470588235,6.96558386645963,45
"47",2009,9,6.73255813953488,43,7.31578947368421,6.27083333333333,6.88888888888889,6.65384615384615,6.76666666666667,19,24,9,13,30,1112,459,653,147,438,674,6.88859623201439,7.4130348583878,6.5199632618683,6.89795918367347,6.78375114155251,6.95672998516321,46
"48",2009,10,6.78333333333333,30,7.35,6.5,6.9375,6.875,6.75,10,20,8,8,22,1142,469,673,155,446,696,6.88583100700525,7.4116908315565,6.51937,6.9,6.78538789237668,6.95019541666667,47
"49",2009,11,6.66969696969697,33,7.28571428571429,6.50384615384615,7.71428571428571,7.35,6.452,7,26,7,8,25,1175,476,699,162,454,721,6.87976085957447,7.40983823529412,6.5187925751073,6.93518518518519,6.79533700440529,6.93292095700416,48
"50",2009,12,6.44358974358974,39,7.19411764705882,5.86363636363636,6.42857142857143,6.5,6.41538461538462,17,22,7,13,26,1214,493,721,169,467,747,6.86574877265239,7.40239959432049,6.49880167822469,6.91420118343195,6.78711563169165,6.91490764390897,49
"51",2010,1,6.75151515151515,33,7.07692307692308,6.54,6.125,7.21428571428571,6.62692307692308,13,20,4,7,26,1247,506,741,173,474,773,6.86272574979952,7.39403754940712,6.4999136437247,6.89595375722543,6.79342405063291,6.90522122897801,50
"52",2010,2,6.67391304347826,23,7.12857142857143,6.475,6.92857142857143,6.1,6.83333333333333,7,16,7,5,18,1270,513,757,180,479,791,6.85930630708661,7.39041520467836,6.4993870673712,6.89722222222222,6.78618580375783,6.90358534766119,51
"53",2010,3,6.33333333333333,21,7,6.125,7,6.38888888888889,6.29166666666667,5,16,2,9,12,1291,518,773,182,488,803,6.85075058869094,7.38664671814672,6.49163778783959,6.89835164835165,6.77885860655738,6.89444085927771,52
"54",2010,4,6.77391304347826,23,7.5,6.62105263157895,6.3,6.5,6.83157894736842,4,19,5,4,19,1314,522,792,187,492,822,6.8494056392694,7.3875153256705,6.49474243686869,6.88235294117647,6.77659146341463,6.89298784671533,53
"55",2010,5,6.81428571428571,21,7.65,6.48,6.375,6.34285714285714,7.05,6,15,4,7,14,1335,528,807,191,499,836,6.84885319101123,7.39049810606061,6.49446841387856,6.8717277486911,6.77050701402806,6.89561723684211,54
"56",2010,6,6.49642857142857,28,7.31818181818182,5.96470588235294,6.16666666666667,5.71111111111111,6.86842105263158,11,17,3,9,19,1363,539,824,194,508,855,6.84161336023477,7.38902226345084,6.48353884708738,6.86082474226804,6.75173818897638,6.89501287719298,55
"57",2010,7,6.70344827586207,29,7.25555555555556,6.455,6.95,6.85,6.64761904761905,9,20,5,8,21,1392,548,844,199,516,876,6.83873492097701,7.3868302919708,6.48286257109005,6.86306532663317,6.75326162790698,6.88908220319635,56
"58",2010,8,6.65625,32,7.28571428571429,6.16666666666667,6.6,6.3,6.81818181818182,14,18,5,10,22,1424,562,862,204,526,898,6.83463413623595,7.38431138790036,6.47625987238979,6.85661764705882,6.74464448669202,6.88734522271715,57
"59",2010,9,6.99,20,7.9375,6.35833333333333,6.26,6.875,7.01875,8,12,5,4,16,1444,570,874,209,530,914,6.83678601800554,7.39207543859649,6.4746407437071,6.84234449760766,6.74562830188679,6.88964552516412,58
"60",2010,10,7,16,7.57142857142857,6.55555555555556,6.25,7,7,7,9,2,4,12,1460,577,883,211,534,926,6.83857466438356,7.39425129982669,6.47546546998868,6.8367298578199,6.74753370786517,6.89107560475162,59
"61",2010,11,7.09090909090909,33,7.54545454545455,6.86363636363636,6.92857142857143,7.08333333333333,7.09259259259259,11,22,7,6,27,1493,588,905,218,540,953,6.84415204956463,7.39707993197279,6.48490166850829,6.83967889908257,6.75126481481481,6.8967849003148,60
"62",2010,12,6.806,25,7.10714285714286,6.68888888888889,6.71666666666667,6.6875,6.86176470588235,7,18,6,8,17,1518,595,923,224,548,970,6.84352372200263,7.39366890756303,6.48887975081257,6.83638392857143,6.75033394160584,6.8961711443299,61
"63",2011,1,6.75185185185185,27,7.1875,6.56842105263158,6.8,7.33333333333333,6.67916666666667,8,19,5,3,24,1545,603,942,229,551,994,6.84192168932038,7.39093366500829,6.49048408704883,6.83558951965065,6.75350816696915,6.89093159959759,62
"64",2011,2,6.86666666666667,15,6.81818181818182,7,7.5,7.08333333333333,6.72222222222222,11,4,2,6,9,1560,614,946,231,557,1003,6.84215962179487,7.38067263843648,6.4926384883721,6.84134199134199,6.75706104129264,6.88941775672981,63
"65",2011,3,6.93225806451613,31,7.99166666666667,6.26315789473684,6.58333333333333,5.91666666666667,7.176,12,19,6,6,25,1591,626,965,237,563,1028,6.8439151539912,7.39238498402556,6.48812021761658,6.83481012658228,6.74810479573712,6.8963871692607,64
"66",2011,4,6.78863636363636,22,7.625,6.31071428571429,6.83571428571429,6.78125,6.79285714285714,8,14,7,8,14,1613,634,979,244,571,1042,6.8431611965282,7.39532018927445,6.48558325842697,6.83483606557377,6.74856917688266,6.89499617082534,65
"67",2011,5,7,27,7.33076923076923,6.69285714285714,7.3,7.3,6.895,13,14,5,7,20,1640,647,993,249,578,1062,6.84574329878048,7.39402318392581,6.4885055488419,6.84417670682731,6.75524740484429,6.89499624293785,66
"68",2011,6,6.98484848484848,33,7.52631578947368,6.25,6.07142857142857,7.05555555555556,6.95833333333333,19,14,7,9,24,1673,666,1007,256,587,1086,6.84848715481171,7.3977972972973,6.48518968222443,6.823046875,6.75985178875639,6.89639595764273,67
"69",2011,7,7.02857142857143,14,8.03571428571429,6.02142857142857,6,8.0625,6.615,7,7,3,4,10,1687,673,1014,259,591,1096,6.84998163011262,7.4044323922734,6.48198817554241,6.81351351351351,6.76866835871404,6.89382847627737,68
"70",2011,8,6.77916666666667,24,7.02857142857143,6.67647058823529,6.75,6.8,6.77368421052632,7,17,4,5,19,1711,680,1031,263,596,1115,6.84898831677381,7.40056323529412,6.48519496605238,6.81254752851711,6.76893120805369,6.89178117488789,69
"71",2011,9,6.96875,16,7.25,6.5,6.5,7.16666666666667,6.92307692307692,10,6,2,3,13,1727,690,1037,265,599,1128,6.85009786334684,7.39838115942029,6.4852806268081,6.81018867924528,6.77092320534224,6.89214185283688,70
"72",2011,10,7.25,22,7.75,6.65,7.5,8.5,7.05263157894737,12,10,5,3,19,1749,702,1047,270,602,1147,6.85512807890223,7.40439173789174,6.48685387774594,6.82296296296296,6.77953986710963,6.89480035745423,71
"73",2011,11,6.63958333333333,24,7.58333333333333,6.07333333333333,6.75,6.77142857142857,6.58529411764706,9,15,6,7,17,1773,711,1062,276,609,1164,6.85221038353074,7.40665682137834,6.4810131920904,6.8213768115942,6.77944663382594,6.89028007731959,72
"74",2011,12,6.77678571428571,28,7.03571428571429,6.69047619047619,6.71428571428571,6.625,6.8375,7,21,7,8,20,1801,718,1083,283,617,1184,6.85103776235425,7.40304038997214,6.48507480147738,6.81872791519435,6.77744408427877,6.88938852195946,73
"75",2012,1,7.06666666666667,30,7.25,6.975,7.1,7.3,6.95,10,20,5,10,20,1831,728,1103,288,627,1204,6.85457073184052,7.40093818681319,6.49395830462375,6.82361111111111,6.78577830940989,6.89039535714286,74
"76",2012,2,6.7258064516129,31,6.84615384615385,6.63888888888889,6.57142857142857,6.8,6.69047619047619,13,18,7,10,21,1862,741,1121,295,637,1225,6.85242696562835,7.39120512820513,6.49628546833185,6.81762711864407,6.78600156985871,6.88696817142857,75
"77",2012,3,6.85217391304348,23,7.4,6,4.25,5.96,7.1,14,9,2,5,18,1885,755,1130,297,642,1243,6.85242387798408,7.39136821192053,6.49233275221239,6.8003367003367,6.77956853582555,6.89005310539018,76
"78",2012,4,6.51923076923077,26,7.33333333333333,6.08823529411765,6.35714285714286,7,6.30555555555556,9,17,7,8,18,1911,764,1147,304,650,1261,6.84789063840921,7.39068455497382,6.48634351351352,6.79013157894737,6.78228153846154,6.88170976209358,77
"79",2012,5,6.98,25,7.33333333333333,6.78125,7.25,6.55555555555556,7.21875,9,16,6,9,16,1936,773,1163,310,659,1277,6.84959659607438,7.39001681759379,6.49040069647464,6.79903225806452,6.77918512898331,6.88593266249021,78
"80",2012,6,7.2475,20,7.90454545454545,6.44444444444444,6,6.9375,7.45416666666667,11,9,3,8,12,1956,784,1172,313,667,1289,6.85366513803681,7.39723596938776,6.49004779010239,6.79137380191693,6.78108395802099,6.8912226609775,79
"81",2012,7,7.17333333333333,30,7.71111111111111,6.94285714285714,7.16666666666667,6.28571428571429,7.44347826086956,9,21,6,7,23,1986,793,1193,319,674,1312,6.85849396273917,7.40079823455233,6.49801844928751,6.79843260188088,6.77593916913947,6.90090397103659,80
"82",2012,8,6.9625,16,7.23333333333333,6.8,6.6,6.5,7.11666666666667,6,10,5,4,12,2002,799,1203,324,678,1324,6.85932517982018,7.39954067584481,6.50052868661679,6.79537037037037,6.77431120943953,6.90285952416918,81
"83",2012,9,7.25925925925926,27,7.90909090909091,6.8125,7.42857142857143,7,7.30434782608696,11,16,7,4,23,2029,810,1219,331,682,1347,6.86464712173484,7.40646049382716,6.50462347005743,6.80876132930514,6.7756348973607,6.9097149294729,82
"84",2012,10,6.73181818181818,22,7.50909090909091,5.95454545454545,6.33333333333333,6.25,6.83888888888889,11,11,6,4,18,2051,821,1230,337,686,1365,6.86322233544612,7.40783556638246,6.49970407317073,6.80029673590504,6.77256997084548,6.90878095970696,83
"85",2012,11,6.9825,40,7.27272727272727,6.87241379310345,6.95,7.1875,6.93125,11,29,10,8,32,2091,832,1259,347,694,1397,6.86550406982305,7.40604927884615,6.50828912629071,6.80461095100865,6.7773530259366,6.90929564065855,84
"86",2012,12,7.13447368421053,38,7.6,6.83086956521739,6.75,7.08571428571429,7.14548387096774,15,23,12,7,31,2129,847,1282,359,701,1428,6.87030484264913,7.40948406139315,6.51407645085804,6.80278551532033,6.78043223965763,6.91442297619048,85
"87",2013,1,6.5,24,7.28571428571429,6.17647058823529,6.41666666666667,5.6,6.73684210526316,7,17,6,5,19,2153,854,1299,365,706,1447,6.86617696702276,7.40846955503513,6.50965820631255,6.79643835616438,6.77207223796034,6.91209123013131,86
"88",2013,2,6.70454545454545,33,7.40625,6.04411764705882,6.625,5.88888888888889,7.01041666666667,16,17,4,9,24,2186,870,1316,369,715,1471,6.86373696706313,7.40842873563218,6.50364438449848,6.79457994579946,6.76095524475525,6.91369545207342,87
"89",2013,3,6.95,24,7.3,6.88,6.575,6.36666666666667,7.14444444444444,4,20,8,6,18,2210,874,1336,377,721,1489,6.86467376018099,7.40793249427918,6.5092784505988,6.78992042440318,6.75767406380028,6.91648489590329,88
"90",2013,4,6.77777777777778,27,7,6.68421052631579,6.8,7.66666666666667,6.52380952380952,8,19,5,6,21,2237,882,1355,382,727,1510,6.86362494859186,7.40423242630385,6.51173137269373,6.79005235602094,6.76517606602476,6.91102384768212,89
"91",2013,5,7.24736842105263,19,7.9875,6.70909090909091,6.1,7.075,7.29333333333333,8,11,5,4,15,2256,890,1366,387,731,1525,6.86685683067376,7.40947528089888,6.51332065153734,6.78113695090439,6.76687140902873,6.91478426885246,90
"92",2013,6,7.495,20,7.88888888888889,7.17272727272727,6,7.55,7.45833333333333,9,11,2,8,12,2276,899,1377,389,739,1537,6.87237654217926,7.41427474972191,6.51858824255628,6.77712082262211,6.77534912043302,6.91902798308393,91
"93",2013,7,6.75,29,7.22727272727273,6.45833333333333,6.25,6.71428571428571,6.76136363636364,11,18,2,7,22,2305,910,1395,391,746,1559,6.87083688069414,7.41201428571428,6.51781075985663,6.77442455242967,6.77477613941019,6.9168030853111,92
"94",2013,8,7.434375,16,7.625,7.11666666666667,7.34,7.16666666666667,7.49615384615385,10,6,5,3,13,2321,920,1401,396,749,1572,6.87472167600172,7.41432934782609,6.52037545324768,6.78156565656566,6.77634579439252,6.92159415394402,93
"95",2013,9,6.76590909090909,22,7.53571428571429,6.40666666666667,6.7,6.64375,6.83571428571429,7,15,6,8,14,2343,927,1416,402,757,1586,6.87369996158771,7.41524595469256,6.51917091101695,6.78034825870647,6.77494451783355,6.92083607187894,94
"96",2013,10,7.1875,20,7.82142857142857,6.84615384615385,6.33333333333333,6.45833333333333,7.5,7,13,3,6,14,2363,934,1429,405,763,1600,6.87635590774439,7.41829014989293,6.522145563331,6.77703703703704,6.77245478374836,6.92590375625,95
"97",2013,11,6.99166666666667,24,7.77777777777778,6.52,6.88333333333333,6.68571428571429,7.11764705882353,9,15,6,7,17,2387,943,1444,411,770,1617,6.87751529534981,7.4217211028632,6.52212327562327,6.77858880778589,6.77166623376623,6.92791961038961,96
"98",2013,12,7.19615384615385,26,7.67857142857143,6.63333333333333,6.7,7,7.28333333333333,14,12,5,8,18,2413,957,1456,416,778,1635,6.88094861583092,7.42547857889237,6.52303984203297,6.77764423076923,6.77401413881748,6.93183242201835,97
"99",2014,1,6.82,30,7.54615384615385,6.26470588235294,6.11538461538461,6.25,6.90769230769231,13,17,13,4,26,2443,970,1473,429,782,1661,6.88020016782644,7.42709587628866,6.5200583910387,6.75757575757576,6.77133375959079,6.93145455147502,98
"100",2014,2,7.003125,32,7.69166666666667,6.59,7.14285714285714,6.75,7.03928571428571,12,20,7,4,28,2475,982,1493,436,786,1689,6.8817894989899,7.43032892057026,6.52099531815137,6.76376146788991,6.77122519083969,6.93324216104204,99
"101",2014,3,7.33913043478261,23,7.85,6.94615384615385,6.5,7.91666666666667,7.13529411764706,10,13,6,6,17,2498,992,1506,442,792,1706,6.88600040432346,7.43455947580645,6.52466534528553,6.76018099547511,6.77990277777778,6.93525557444314,100
"102",2014,4,6.97333333333333,30,7.46666666666667,6.76190476190476,6.5,6.7625,7.05,9,21,7,8,22,2528,1001,1527,449,800,1728,6.88703679193038,7.43484815184815,6.52792796987557,6.75612472160356,6.77972875,6.93671644097222,101
"103",2014,5,6.83809523809524,21,7.575,6.38461538461539,6.875,7,6.81111111111111,8,13,4,3,18,2549,1009,1540,453,803,1746,6.88663358571989,7.43595936570862,6.52671818831169,6.75717439293598,6.78055168119552,6.93542154066438,102
"104",2014,6,7.25238095238095,21,7,7.35333333333333,7.61428571428571,6.825,7.35294117647059,6,15,7,4,17,2570,1015,1555,460,807,1763,6.88962218287937,7.43338226600985,6.53469196784566,6.77021739130435,6.78077199504337,6.93944753828701,103
"105",2014,7,7.11842105263158,19,7.455,6.74444444444444,7.16666666666667,7.7,6.91071428571429,10,9,3,5,14,2589,1025,1564,463,812,1777,6.8913012784859,7.43359317073171,6.53589898337596,6.77278617710583,6.78643226600985,6.93922116488464,104
"106",2014,8,7.27058823529412,17,7.75,7.00909090909091,6.625,7.3,7.25833333333333,6,11,4,5,12,2606,1031,1575,467,817,1789,6.8937755218726,7.43543452958293,6.53920381587302,6.77152034261242,6.7895752753978,6.94136166014533,105
"107",2014,9,6.77692307692308,13,7.83333333333333,6.46,7.125,7.275,6.55555555555556,3,10,4,4,9,2619,1034,1585,471,821,1798,6.89319549828178,7.43658897485493,6.53870410725552,6.77452229299363,6.79194031668697,6.93943048387097,106
"108",2014,10,7.12272727272727,22,7,7.16875,7.8,6.5,7.35625,6,16,5,6,16,2641,1040,1601,476,827,1814,6.89510753881105,7.43407019230769,6.54500063085572,6.78529411764706,6.78982224909311,6.94310695148843,107
"109",2014,11,7.4537037037037,27,7.81666666666667,7,7.33333333333333,7,7.53260869565217,15,12,6,4,23,2668,1055,1613,482,831,1837,6.90076049850075,7.43950995260664,6.54838562306262,6.79211618257261,6.79083393501805,6.95048775721285,108
"110",2014,12,6.76,15,7.45,6.50909090909091,6.22857142857143,6.12,7.08,4,11,7,5,10,2683,1059,1624,489,836,1847,6.89997354081252,7.43954957507082,6.54811946428572,6.7840490797546,6.78682177033493,6.95118896047645,109
"111",2015,1,7.07307692307692,26,7.85,6.72777777777778,6.875,7.45,7.04166666666667,8,18,4,2,24,2709,1067,1642,493,838,1871,6.90163492432632,7.44262699156514,6.55008892204629,6.78478701825558,6.78840453460621,6.95234955104223,110
"112",2015,2,6.7556,25,7.81111111111111,6.161875,6.9,7.43333333333333,6.54157894736842,9,16,6,6,19,2734,1076,1658,499,844,1890,6.9002995647403,7.44570910780669,6.54634258745477,6.78617234468938,6.79298933649289,6.94822011111111,111
"113",2015,3,7.4,21,8.05555555555556,6.90833333333333,7.625,7.07142857142857,7.56428571428571,9,12,4,7,14,2755,1085,1670,503,851,1904,6.90410853357532,7.45076774193548,6.54894371856288,6.79284294234592,6.79527967097532,6.9527500052521,112
"114",2015,4,6.81578947368421,19,7.33333333333333,6.57692307692308,6.83333333333333,6.57142857142857,6.95833333333333,6,13,3,7,12,2774,1091,1683,506,858,1916,6.90350360850757,7.45012190650779,6.54915983957219,6.79308300395257,6.79345337995338,6.95278497390397,113
"115",2015,5,7.11904761904762,21,8.4,6.71875,7.4,8.5,6.97368421052632,5,16,5,2,19,2795,1096,1699,511,860,1935,6.90512308050089,7.4544552919708,6.55075692171866,6.79902152641879,6.79742209302326,6.95299018604651,114
"116",2015,6,7.63333333333333,12,7.93333333333333,7.33333333333333,NA,7.83333333333333,7.56666666666667,6,6,0,3,9,2807,1102,1705,511,863,1944,6.90823619878874,7.45706261343013,6.55351085630499,6.79902152641879,6.80102317497103,6.9558312808642,115
"117",2015,7,7.32380952380952,21,7.4375,7.25384615384615,6.83333333333333,7.83333333333333,7.12,8,13,3,6,15,2828,1110,1718,514,869,1959,6.91132213932107,7.45692162162162,6.55881025029104,6.79922178988327,6.80815074798619,6.95708831546708,116
"118",2015,8,7.265,20,7.55555555555556,7.02727272727273,7,7.15,7.34166666666667,9,11,5,8,12,2848,1119,1729,519,877,1971,6.91380583216292,7.45771492403932,6.5617906362059,6.80115606936416,6.81126909920183,6.95942973617453,117
"119",2015,9,7.1,22,7.76,6.90588235294118,6.875,6.5,7.16,5,17,4,2,20,2870,1124,1746,523,879,1991,6.91523310452961,7.45905960854093,6.56514089919817,6.80172084130019,6.81056086461889,6.96144450527373,118
"120",2015,10,6.86521739130435,23,7.16666666666667,6.75882352941176,7.125,7,6.845,6,17,4,3,20,2893,1130,1763,527,882,2011,6.91483546837193,7.45750707964602,6.56700851389677,6.80417457305503,6.8112052154195,6.960286429637,119
"121",2015,11,6.81304347826087,23,7.5,6.37142857142857,5.55,6.06666666666667,6.925,9,14,4,3,20,2916,1139,1777,531,885,2031,6.91403258230453,7.45784284460053,6.56546764772088,6.79472693032015,6.8086813559322,6.95993895125554,120
"122",2015,12,7.13939393939394,33,7.81428571428571,6.95769230769231,7.15,7.45555555555556,7.02083333333333,7,26,10,9,24,2949,1146,1803,541,894,2055,6.91655442861987,7.46002006980803,6.57112368829728,6.80129390018484,6.81519351230425,6.96065012652068,121
"123",2016,1,7.00813953488372,43,7.48076923076923,6.80333333333333,6.75,6.94444444444444,7.025,13,30,4,9,34,2992,1159,1833,545,903,2089,6.91787065842246,7.4602528041415,6.57492417348609,6.80091743119266,6.81648172757475,6.96169746768789,122
"124",2016,2,6.90178571428571,28,7.66666666666667,6.69318181818182,5.6,6.7,6.94565217391304,6,22,5,5,23,3020,1165,1855,550,908,2112,6.91772152649006,7.46131587982833,6.57632669002695,6.79,6.81584030837005,6.96152273200758,123
"125",2016,3,7.28620689655172,29,7.55555555555556,7.165,6.78571428571429,7.68571428571429,7.15909090909091,9,20,7,7,22,3049,1174,1875,557,915,2134,6.92122630698589,7.46203833049404,6.582605872,6.78994614003591,6.82249508196721,6.96355951733833,124
"126",2016,4,6.92121212121212,33,7.20714285714286,6.71052631578947,5,6.33333333333333,6.98,14,19,1,3,30,3082,1188,1894,558,918,2164,6.92122615509409,7.45903451178451,6.58388912882788,6.78673835125448,6.82089651416122,6.96378743530499,125
"127",2016,5,7.16,25,7.8125,6.85294117647059,6.4,7.83333333333333,7.06818181818182,8,17,5,3,22,3107,1196,1911,563,921,2186,6.92314741229482,7.46139882943144,6.58628257980115,6.78330373001776,6.82419435396308,6.96483806495883,126
"128",2016,6,6.43636363636364,22,7.65714285714286,5.86666666666667,6.58333333333333,5.5,6.53,7,15,6,2,20,3129,1203,1926,569,923,2206,6.91972483541067,7.46253782211139,6.58067809449637,6.78119507908612,6.82132502708559,6.96089574342702,127
"129",2016,7,7.10645161290323,31,7.22222222222222,7.05909090909091,7.9,8.95,6.83333333333333,9,22,5,4,27,3160,1212,1948,574,927,2233,6.92155664873417,7.46075330033003,6.58608111396304,6.79094076655052,6.83051024811219,6.95935334079714,128
"130",2016,8,7.04411764705882,17,8,6.375,7.33333333333333,7,7.05357142857143,7,10,3,3,14,3177,1219,1958,577,930,2247,6.92221246773686,7.46384987694832,6.58500306945863,6.79376083188908,6.83105698924731,6.9599403693814,129
"131",2016,9,6.86818181818182,22,7.54285714285714,6.55333333333333,7.26,7.575,6.71111111111111,7,15,5,4,18,3199,1226,1973,582,934,2265,6.9218408909034,7.46430097879282,6.58476229599594,6.79776632302406,6.83424304068523,6.9579629183223,130
"132",2016,10,6.86428571428571,28,7.6,6.61904761904762,6.25,6.08571428571429,7.12380952380952,7,21,8,7,21,3227,1233,1994,590,941,2286,6.9213414967462,7.46507137064071,6.58512337512538,6.79033898305085,6.82867481402763,6.95948644356956,131
"133",2016,11,7.47222222222222,18,7.8125,7.2,7.5,8.25,7.375,8,10,2,2,16,3245,1241,2004,592,943,2302,6.92439722958397,7.46731103948429,6.58819162175649,6.79273648648649,6.83168928950159,6.96237446133797,132
"134",2016,12,6.4125,20,7.8,5.95,5.7,6.5,6.390625,5,15,5,4,16,3265,1246,2019,597,947,2318,6.92126156508422,7.46864606741573,6.58345022783556,6.78358458961474,6.83028827877508,6.9584279594478,133
"135",2017,1,6.8375,24,7.22,6.56428571428571,6.5,7.5375,6.6975,10,14,1,4,20,3289,1256,2033,598,951,2338,6.92065035269078,7.46666640127389,6.5833182538121,6.78311036789298,6.83326288117771,6.9561958982036,134
"136",2017,2,7.15625,16,7.35714285714286,7,7,7,7.16666666666667,7,9,2,1,15,3305,1263,2042,600,952,2353,6.92179092586989,7.4660593824228,6.58515475514202,6.78383333333333,6.83343802521009,6.95753761580961,135
"137",2017,3,7.17038461538462,26,7.73666666666667,6.87058823529412,7.33333333333333,6.355,7.415,9,17,3,6,20,3331,1272,2059,603,958,2373,6.92373131492044,7.46797405660377,6.58751141816416,6.78656716417911,6.83044154488518,6.96139317741256,136
"138",2017,4,6.43421052631579,19,7.6,6.01785714285714,7,7.5,6.30882352941176,5,14,1,2,17,3350,1277,2073,604,960,2390,6.92095492835821,7.4684909945184,6.58366425952725,6.78692052980133,6.83183645833334,6.95675146861925,137
"139",2017,5,7.19,20,7.375,7.06666666666667,6.91666666666667,NA,7.19,8,12,6,0,20,3370,1285,2085,610,960,2410,6.92255163501483,7.46790894941634,6.5864441294964,6.78819672131148,6.83183645833334,6.95868714107884,138
"140",2017,6,6.65384615384615,13,7.125,6.44444444444444,6.875,6.225,6.84444444444444,4,9,4,4,9,3383,1289,2094,614,964,2419,6.92151906887378,7.46684484096199,6.5858338156638,6.78876221498372,6.82931846473029,6.9582620959074,139
"141",2017,7,6.79333333333333,15,7.5,6.32222222222222,5.5,7,6.77857142857143,6,9,2,1,14,3398,1295,2103,616,965,2433,6.92095321071218,7.46699845559846,6.58470566333809,6.78457792207792,6.82949533678757,6.95722811755035,140
"142",2017,8,6.625,16,7.5,5.75,6,7,6.57142857142857,8,8,3,2,14,3414,1303,2111,619,967,2447,6.91956620093731,7.46720107444359,6.58154240170535,6.78077544426495,6.82984798345398,6.9550208459338,141
"143",2017,9,6.72727272727273,11,7.5,6.55555555555556,5.5,4.66666666666667,7.5,2,9,2,3,8,3425,1305,2120,621,970,2455,6.91894861605839,7.46725134099617,6.58143208018868,6.77665056360709,6.82315773195876,6.95679674541752,142
"144",2017,10,7.04038461538462,26,7.25,6.96315789473684,8.1,6.775,7.08863636363636,7,19,1,4,22,3451,1312,2139,622,974,2477,6.91986352071863,7.46609222560976,6.58482281907433,6.77877813504823,6.82295995893224,6.95796770690351,143
"145",2017,11,6.9,21,7.23333333333333,6.84444444444444,6.6,6.85,6.90526315789474,3,18,5,2,19,3472,1315,2157,627,976,2496,6.91974337845622,7.46556121673004,6.58698934167826,6.77735247208932,6.82301536885246,6.95756651041667,144
"146",2017,12,7,24,7.5,6.75,6.83333333333333,7.83333333333333,6.88095238095238,8,16,3,3,21,3496,1323,2173,630,979,2517,6.92029433924485,7.46576946334089,6.58818960423378,6.77761904761905,6.8261113381001,6.95692729837108,145
"147",2018,1,7.00277777777778,18,6.5,7.14642857142857,6.8,NA,7.00277777777778,4,14,6,0,18,3514,1327,2187,636,979,2535,6.92071684974388,7.4628583270535,6.59176315043438,6.77783018867925,6.8261113381001,6.95725286390533,146
"148",2018,2,7.22380952380952,21,7.8375,6.84615384615385,7.33333333333333,NA,7.22380952380952,8,13,3,0,21,3535,1335,2200,639,979,2556,6.92251740028288,7.46510337078652,6.59326636818182,6.78043818466354,6.8261113381001,6.95944288341158,147
"149",2018,3,6.31473684210526,19,7.7325,5.93666666666667,6.75,5.28571428571429,6.915,4,15,4,7,12,3554,1339,2215,643,986,2568,6.91926815137873,7.46590216579537,6.58881986907449,6.78024883359254,6.81517545638945,6.9592352063863,148
"150",2018,4,6.47894736842105,19,7.1,6.25714285714286,6.025,7.16666666666667,6.35,5,14,4,3,16,3573,1344,2229,647,989,2584,6.91692667506297,7.46454092261905,6.58673665769403,6.77557959814529,6.81624165824065,6.95546285216718,149
"151",2018,5,7.12,15,7.3,7.03,7.3,7,7.12857142857143,5,10,1,1,14,3588,1349,2239,648,990,2598,6.91777564381271,7.46393106004448,6.58871639571237,6.77638888888889,6.81642727272727,6.95639569284065,150
"152",2018,6,6.10714285714286,14,6.2,6.05555555555556,4.75,NA,6.10714285714286,5,9,2,0,14,3602,1354,2248,650,990,2612,6.91462493337035,7.45926366322009,6.5865818549822,6.77015384615385,6.81642727272727,6.95184380168453,151
"153",2018,7,7.0625,8,7.33333333333333,6.9,NA,NA,7.0625,3,5,0,0,8,3610,1357,2253,650,990,2620,6.91495263434903,7.45898526160649,6.5872774123391,6.77015384615385,6.81642727272727,6.95218168320611,152
"154",2018,8,6.96,15,7.1,6.90909090909091,6.75,8,6.8,4,11,2,2,13,3625,1361,2264,652,992,2633,6.91513903724138,7.45793019838354,6.58884099381625,6.77009202453988,6.81881350806452,6.95143031143183,153
"155",2018,9,7.23,16,7.635,6.825,6.6,7.7,7.16285714285714,8,8,1,2,14,3641,1369,2272,653,994,2647,6.91652266135677,7.45896493791089,6.58967253961267,6.76983154670751,6.82058651911469,6.9525485493011,154
"156",2018,10,7.05714285714286,14,7.6,6.33333333333333,8.25,7.75,6.94166666666667,8,6,2,2,12,3655,1377,2278,655,996,2659,6.91706128864569,7.45978431372549,6.58899737050044,6.77435114503817,6.82245281124498,6.95249943963896,155
"157",2018,11,7.27142857142857,14,7.86,6.94444444444444,9,7.325,7.25,5,9,1,4,10,3669,1382,2287,656,1000,2669,6.91841346688471,7.46123227206946,6.59039615653695,6.77774390243903,6.824463,6.95361409142001,156
"158",2018,12,6.58823529411765,17,7.5,6.20833333333333,7,7.25,6.5,5,12,3,2,15,3686,1387,2299,659,1002,2684,6.91689067010309,7.4613720259553,6.58840191822531,6.77875569044006,6.8253123752495,6.95107899031297,157
"159",2019,1,7.475,16,8.04285714285714,7.03333333333333,6,8.5,7.40666666666667,7,9,3,1,15,3702,1394,2308,662,1003,2699,6.91930281199351,7.46429196556671,6.59013691941074,6.77522658610272,6.82698205383849,6.9536109707299,158
"160",2019,2,6.76666666666667,15,7.8,6.25,7,7.75,6.61538461538461,5,10,4,2,13,3717,1399,2318,666,1005,2712,6.91868684691956,7.46549177984275,6.58866954702329,6.77657657657658,6.82881890547264,6.95198967920354,159
"161",2019,3,7.32357142857143,14,7.94714285714286,6.7,6.75,NA,7.32357142857143,7,7,2,0,14,3731,1406,2325,668,1005,2726,6.92020611364245,7.46788975817923,6.58900473548387,6.77649700598803,6.82881890547264,6.95389802274395,160
"162",2019,4,6.93636363636364,11,6.5,6.98,6.5,NA,6.93636363636364,1,10,2,0,11,3742,1407,2335,670,1005,2737,6.92025361036878,7.46720184790334,6.59067923340471,6.77567164179105,6.82881890547264,6.9538275520643,161
"163",2019,5,6.95,10,7.5,6.8125,5.5,6.5,7.0625,2,8,2,2,8,3752,1409,2343,672,1007,2745,6.92033289179104,7.46724840312278,6.59143662398634,6.771875,6.82816583912612,6.95414426593807,162
"164",2019,6,6.74692307692308,13,7.60333333333333,6.49,4,7.81,6.65833333333333,3,10,2,1,12,3765,1412,2353,674,1008,2757,6.91973413280212,7.46753753541076,6.59100552911177,6.76364985163205,6.82913988095238,6.95285673195502,163
"165",2019,7,7.11666666666667,15,6.85714285714286,7.34375,8,NA,7.11666666666667,7,8,1,0,15,3780,1419,2361,675,1008,2772,6.92051561111111,7.46452642706131,6.5935561245235,6.76548148148149,6.82913988095238,6.95374314935065,164
"166",2019,8,6.8,9,8,6.45714285714286,7,6.66666666666667,6.86666666666667,2,7,1,3,6,3789,1421,2368,676,1011,2778,6.92022935075217,7.46528008444757,6.59315287584459,6.76582840236687,6.82865776458952,6.95355507919367,165
"167",2019,9,6.2,15,7.33333333333333,5.91666666666667,6.33333333333333,6,6.21428571428571,3,12,3,1,14,3804,1424,2380,679,1012,2792,6.91738932965299,7.46500210674157,6.5897420210084,6.7639175257732,6.82783893280633,6.94984814111748,166
"168",2019,10,6.32222222222222,9,NA,6.32222222222222,6.5,6,6.3625,0,9,3,1,8,3813,1424,2389,682,1013,2800,6.91598452924206,7.46500210674157,6.58873420259523,6.76275659824047,6.82702171767029,6.94817000357143,167
"169",2019,11,7.34583333333333,12,7.5,7.315,6,7.66666666666667,7.23888888888889,2,10,1,3,9,3825,1426,2399,683,1016,2809,6.9173330745098,7.46505119214586,6.59176157148812,6.76163982430454,6.82950098425197,6.94910146315415,168
"170",2019,12,6.55,10,9,5.9375,6.5,6.5,6.55555555555556,2,8,1,1,9,3835,1428,2407,684,1017,2818,6.91637523076923,7.46720098039216,6.58958704196095,6.76125730994152,6.82917699115044,6.94784457416608,169
"171",2020,1,6.65032894736842,19,7.375,6.45708333333333,6,6.875,6.59041666666667,4,15,4,4,15,3854,1432,2422,688,1021,2833,6.91506363777893,7.46694343575419,6.58876641618497,6.75683139534884,6.82935651322233,6.94595208612778,170
"172",2020,2,6.4,14,7.5,6.21666666666667,6.8,NA,6.4,2,12,2,0,14,3868,1434,2434,690,1021,2847,6.91319939503619,7.46698953974895,6.58693190632703,6.75695652173913,6.82935651322233,6.94326739023534,171
"173",2020,3,6.05733333333333,15,6.5,5.836,5,7,5.99,5,10,5,1,14,3883,1439,2444,695,1022,2861,6.90989319083183,7.46362960389159,6.58385935351882,6.74431654676259,6.82952348336595,6.93860267738553,172
"174",2020,4,6.855,10,8,6.56875,6.45,6.9,6.84375,2,8,4,2,8,3893,1441,2452,699,1024,2869,6.90975218597482,7.46437404580153,6.58381005709625,6.74263233190272,6.8296611328125,6.93833818752179,173
"175",2020,5,6.66495692307692,13,7.57222,6.5,6.75,7.5,6.51313090909091,2,11,6,2,11,3906,1443,2463,705,1026,2880,6.90893745519713,7.46452352044352,6.58343575314657,6.742695035461,6.83096783625731,6.93671413194445,174
"176",2020,6,7.04,10,7.225,6.91666666666667,NA,7.4,7,4,6,0,1,9,3916,1447,2469,705,1027,2889,6.90927213993871,7.46386139599171,6.58424554880518,6.742695035461,6.83152190847128,6.93691128418138,175
"177",2020,7,6.90714285714286,14,7.575,6.64,7,7.33333333333333,6.79090909090909,4,10,2,3,11,3930,1451,2479,707,1030,2900,6.90926455470738,7.464167773949,6.58447045582896,6.74342291371995,6.83298349514563,6.93635748275862,176
"178",2020,8,6.70833333333333,6,6.25,6.8,NA,7.125,6.5,1,5,0,2,4,3936,1452,2484,707,1032,2904,6.90895825711382,7.46333157024793,6.58490429146538,6.74342291371995,6.83354941860465,6.93575643939394,177
"179",2020,9,6.25769230769231,13,7.875,5.96363636363636,7,5.875,6.32727272727273,2,11,2,2,11,3949,1454,2495,709,1034,2915,6.9068143074196,7.46389782668501,6.58216523446894,6.7441466854725,6.83169535783366,6.93346027444254,178
"180",2020,10,6.5625,16,6.16666666666667,6.65384615384615,6.66666666666667,6.5,6.56666666666667,3,13,3,1,15,3965,1457,2508,712,1035,2930,6.9054248928121,7.4612267947838,6.58253678628389,6.74382022471911,6.83137487922705,6.93158249146758,179
"181",2020,11,6.7,15,7,6.4375,7.5,7.16666666666667,6.58333333333333,7,8,1,3,12,3980,1464,2516,713,1038,2942,6.90465067839196,7.45902147540983,6.5820756200318,6.74488078541375,6.83234393063584,6.93016203263086,180
"182",2020,12,6.42857142857143,14,6.75,6.1875,6.5,6,6.46153846153846,6,8,1,1,13,3994,1470,2524,714,1039,2955,6.90298189784677,7.45612751020408,6.58082498415214,6.74453781512605,6.83154282964389,6.92810040609137,181
"183",2021,1,6.78384615384615,13,7.28166666666667,6.35714285714286,6.66666666666667,7.595,6.63636363636364,6,7,3,2,11,4007,1476,2531,717,1041,2966,6.90259538307961,7.4554183197832,6.58020634531806,6.7442119944212,6.83300960614794,6.9270184423466,182
"184",2021,2,6.40909090909091,11,7,6.35,5.66666666666667,6.5,6.38888888888889,1,10,3,2,9,4018,1477,2541,720,1043,2975,6.90124432553509,7.45510997968856,6.57930037780401,6.73972222222223,6.83237104506232,6.92539048739496,183
"185",2021,3,6.57142857142857,14,7.375,6.25,5.75,7.16666666666667,6.40909090909091,4,10,2,3,11,4032,1481,2551,722,1046,2986,6.90009913194444,7.45489361242404,6.57800950999608,6.73698060941829,6.83332982791587,6.92348851306095,184
"186",2021,4,6.75,4,7,6.66666666666667,7,7,6.66666666666667,1,3,1,1,3,4036,1482,2554,723,1047,2989,6.8999503716551,7.45458666666667,6.57811364917776,6.73734439834025,6.83348901623687,6.92323074606892,185
"187",2021,5,6.85714285714286,7,6,7,7,NA,6.85714285714286,1,6,1,0,7,4043,1483,2560,724,1047,2996,6.89987625525599,7.45360582602832,6.5791024453125,6.73770718232045,6.83348901623687,6.92307633511349,186
"188",2021,6,7.52857142857143,7,7.4,7.85,NA,7.5,7.54,5,2,0,2,5,4050,1488,2562,724,1049,3001,6.90096288888889,7.45342569892473,6.58009455893833,6.73770718232045,6.83475977121068,6.92410419860047,187
"189",2021,7,6.8,5,6.83333333333333,6.75,7,7,6.75,3,2,1,1,4,4055,1491,2564,725,1050,3005,6.90083839704069,7.45217802816901,6.58022709048362,6.73806896551725,6.83491714285714,6.92387244592346,188
"190",2021,8,6,5,6.5,5.66666666666667,NA,5,6.66666666666667,2,3,0,2,3,4060,1493,2567,725,1052,3008,6.89972899014778,7.45090250502344,6.57915943124269,6.73806896551725,6.83142870722434,6.92361592420213,189
"191",2021,9,7.33222222222222,9,7.5,7.31125,NA,6.5,7.43625,1,8,0,1,8,4069,1494,2575,725,1053,3016,6.90068559842713,7.45093536813922,6.58143388737864,6.73806896551725,6.83111396011396,6.92497569628647,190
"192",2021,10,6.78571428571429,7,NA,6.78571428571429,7,NA,6.78571428571429,0,7,1,0,7,4076,1494,2582,726,1053,3023,6.9004881501472,7.45093536813922,6.58198770720372,6.73842975206612,6.83111396011396,6.92465322527291,191
"193",2021,11,6.675,4,6,7.35,NA,NA,6.675,2,2,0,0,4,4080,1496,2584,726,1053,3027,6.90026708333333,7.44899561497326,6.58258214396285,6.73842975206612,6.83111396011396,6.92432332342253,192
"194",2021,12,6.31111111111111,9,7.65,5.92857142857143,6.25,8.8,6,2,7,2,1,8,4089,1498,2591,728,1054,3035,6.89897033504524,7.44926397863818,6.58081522964107,6.73708791208792,6.83298197343454,6.9218868863262,193
"195",2022,1,6.02777777777778,18,7,5.40909090909091,5.5,5.5,6.09375,7,11,2,2,16,4107,1505,2602,730,1056,3051,6.89515210616021,7.44717437873754,6.57586174481168,6.73369863013699,6.83045738636364,6.9175439855785,194
"196",2022,2,6.38888888888889,9,7.5,6.07142857142857,5.83333333333333,6.5,6.35714285714286,2,7,3,2,7,4116,1507,2609,733,1058,3058,6.89404511661807,7.44724448573324,6.57450834036029,6.73001364256481,6.82983270321361,6.91626118378025,195
"197",2022,3,6.50272727272727,11,5.5,6.603,7,5.67666666666667,6.8125,1,10,2,3,8,4127,1508,2619,735,1061,3066,6.89300210806881,7.44595320954907,6.57461712867507,6.73074829931973,6.82657210179076,6.91599044357469,196
"198",2022,4,6.77272727272727,11,7.5,5.9,4,NA,6.77272727272727,6,5,1,0,11,4138,1514,2624,736,1061,3077,6.89268238279362,7.44616739762219,6.57333165396341,6.72703804347826,6.82657210179076,6.91547829054274,197
"199",2022,5,6.55,10,6.5,6.58333333333333,7,7,6.5,4,6,1,1,9,4148,1518,2630,737,1062,3086,6.891856243973,7.44367420289855,6.57335447148289,6.72740841248304,6.82673540489642,6.91426659105639,198
"200",2022,6,7,8,7.5,6.83333333333333,6.5,NA,7,2,6,1,0,8,4156,1520,2636,738,1062,3094,6.89206441289701,7.44374831578947,6.57394622913505,6.72710027100271,6.82673540489642,6.91448826761474,199
"201",2022,7,6,1,NA,6,6,NA,6,0,1,1,0,1,4157,1520,2637,739,1062,3095,6.89184981958143,7.44374831578947,6.57372857792947,6.72611637347768,6.82673540489642,6.91419279483037,200
"202",2022,8,6.72727272727273,11,7.33333333333333,6.5,6.66666666666667,7,6.625,3,8,3,3,8,4168,1523,2645,742,1065,3103,6.89141547504798,7.44353082074852,6.57350558034026,6.72587601078168,6.82722347417841,6.91344721237512,201
"203",2022,9,6.53222222222222,9,6.5,6.54142857142857,5.895,6.75,6.358,2,7,2,4,5,4177,1525,2652,744,1069,3108,6.89064153698827,7.44229340327869,6.57342091251885,6.72364247311828,6.82693451824135,6.91255363577864,202
"204",2022,10,7.55555555555556,9,8,7.2,8,NA,7.55555555555556,4,5,1,0,9,4186,1529,2657,745,1069,3117,6.89207111801242,7.44375241334205,6.57460002258186,6.72535570469799,6.82693451824135,6.91441023419955,203
"205",2022,11,6.10909090909091,11,7.4,5.625,NA,7.2,6,3,8,0,1,10,4197,1532,2665,745,1070,3127,6.89001898975458,7.44366673629243,6.57174944090056,6.72535570469799,6.82728317757009,6.91148599296451,204
"206",2022,12,6.86363636363636,11,7.25,6.77777777777778,6.66666666666667,NA,6.86363636363636,2,9,3,0,11,4208,1534,2674,748,1070,3138,6.88995002376426,7.44341423728813,6.57244287958115,6.72512032085562,6.82728317757009,6.91131826003824,205
