"","year","month","avg_rating","no_ratings","avg_rating_owned","avg_rating_not_owned","avg_rating_prev_owned","avg_rating_comment","avg_rating_no_comment","no_ratings_owned","no_ratings_not_owned","no_ratings_prev_owned","no_ratings_comment","no_ratings_no_comment","cum_no_ratings","cum_no_ratings_owned","cum_no_ratings_not_owned","cum_no_ratings_prev_owned","cum_no_ratings_comment","cum_no_ratings_no_comment","cum_avg_rating","cum_avg_rating_owned","cum_avg_rating_not_owned","cum_avg_rating_prev_owned","cum_avg_rating_comment","cum_avg_rating_no_comment","month_after_release"
"1",2001,8,8,2,NA,8,NA,9,7,0,2,0,1,1,2,0,2,0,1,1,8,NA,8,NA,9,7,-10
"2",2001,9,8,1,8,NA,NA,8,NA,1,0,0,1,0,3,1,2,0,2,1,8,8,8,NA,8.5,7,-9
"3",2001,10,9.5,2,9.5,NA,NA,9,10,2,0,0,1,1,5,3,2,0,3,2,8.6,9,8,NA,8.66666666666667,8.5,-8
"4",2001,11,8,1,8,NA,NA,NA,8,1,0,0,0,1,6,4,2,0,3,3,8.5,8.75,8,NA,8.66666666666667,8.33333333333333,-7
"5",2001,12,7,2,7,7,NA,7,7,1,1,0,1,1,8,5,3,0,4,4,8.125,8.4,7.66666666666667,NA,8.25,8,-6
"6",2002,1,7.1,5,7.75,4.5,NA,4.5,7.75,4,1,0,1,4,13,9,4,0,5,8,7.73076923076923,8.11111111111111,6.875,NA,7.5,7.875,-5
"7",2002,2,7.83333333333333,3,7.83333333333333,NA,NA,NA,7.83333333333333,3,0,0,0,3,16,12,4,0,5,11,7.75,8.04166666666667,6.875,NA,7.5,7.86363636363636,-4
"8",2002,4,6.66666666666667,3,10,5,NA,8,4,1,2,0,2,1,19,13,6,0,7,12,7.57894736842105,8.19230769230769,6.25,NA,7.64285714285714,7.54166666666667,-2
"9",2002,5,9,1,9,NA,NA,9,NA,1,0,0,1,0,20,14,6,0,8,12,7.65,8.25,6.25,NA,7.8125,7.54166666666667,-1
"10",2002,6,7.28571428571429,7,7.6,6.5,NA,6,7.5,5,2,0,1,6,27,19,8,0,9,18,7.55555555555556,8.07894736842105,6.3125,NA,7.61111111111111,7.52777777777778,0
"11",2002,7,8,3,8,NA,NA,8,8,3,0,0,1,2,30,22,8,0,10,20,7.6,8.06818181818182,6.3125,NA,7.65,7.575,1
"12",2002,8,8,4,7.66666666666667,9,NA,NA,8,3,1,0,0,4,34,25,9,0,10,24,7.64705882352941,8.02,6.61111111111111,NA,7.65,7.64583333333333,2
"13",2002,9,7.4,5,8.25,4,NA,6.5,8,4,1,0,2,3,39,29,10,0,12,27,7.61538461538461,8.05172413793103,6.35,NA,7.45833333333333,7.68518518518519,3
"14",2002,10,7.58333333333333,6,8.5,3,NA,7.875,7,5,1,0,4,2,45,34,11,0,16,29,7.61111111111111,8.11764705882353,6.04545454545455,NA,7.5625,7.63793103448276,4
"15",2002,11,7.2,5,7.2,NA,NA,8.33333333333333,5.5,5,0,0,3,2,50,39,11,0,19,31,7.57,8,6.04545454545455,NA,7.68421052631579,7.5,5
"16",2002,12,6.5,2,6.5,NA,NA,7,6,2,0,0,1,1,52,41,11,0,20,32,7.52884615384615,7.92682926829268,6.04545454545455,NA,7.65,7.453125,6
"17",2003,1,7.14285714285714,7,7,8,8,7,7.33333333333333,6,1,1,4,3,59,47,12,1,24,35,7.48305084745763,7.80851063829787,6.20833333333333,8,7.54166666666667,7.44285714285714,7
"18",2003,2,7.92857142857143,7,8.7,6,6,7.375,8.66666666666667,5,2,1,4,3,66,52,14,2,28,38,7.53030303030303,7.89423076923077,6.17857142857143,7,7.51785714285714,7.53947368421053,8
"19",2003,3,7.875,4,7.875,NA,NA,8.25,7.5,4,0,0,2,2,70,56,14,2,30,40,7.55,7.89285714285714,6.17857142857143,7,7.56666666666667,7.5375,9
"20",2003,4,8.25,8,8.25,NA,NA,9,8.14285714285714,8,0,0,1,7,78,64,14,2,31,47,7.62179487179487,7.9375,6.17857142857143,7,7.61290322580645,7.62765957446809,10
"21",2003,5,8.125,8,8.16666666666667,8,NA,8,8.33333333333333,6,2,0,5,3,86,70,16,2,36,50,7.66860465116279,7.95714285714286,6.40625,7,7.66666666666667,7.67,11
"22",2003,6,7.875,8,7.71428571428571,9,NA,8.4,7,7,1,0,5,3,94,77,17,2,41,53,7.68617021276596,7.93506493506494,6.55882352941176,7,7.75609756097561,7.63207547169811,12
"23",2003,7,7,21,7.07142857142857,6.85714285714286,8,6.63636363636364,7.4,14,7,1,11,10,115,91,24,3,52,63,7.56086956521739,7.8021978021978,6.64583333333333,7.33333333333333,7.51923076923077,7.59523809523809,13
"24",2003,8,6.6,15,7.625,5.42857142857143,8,6.35714285714286,6.8125,8,7,1,7,8,130,99,31,4,59,71,7.45,7.78787878787879,6.37096774193548,7.5,7.38135593220339,7.50704225352113,14
"25",2003,9,8.5,7,8.58333333333333,8,NA,8.5,8.5,6,1,0,3,4,137,105,32,4,62,75,7.5036496350365,7.83333333333333,6.421875,7.5,7.43548387096774,7.56,15
"26",2003,10,7.92857142857143,7,8.58333333333333,4,NA,9,7.5,6,1,0,2,5,144,111,33,4,64,80,7.52430555555556,7.87387387387387,6.34848484848485,7.5,7.484375,7.55625,16
"27",2003,11,8,1,8,NA,NA,8,NA,1,0,0,1,0,145,112,33,4,65,80,7.52758620689655,7.875,6.34848484848485,7.5,7.49230769230769,7.55625,17
"28",2003,12,6.3,10,7.33333333333333,4.75,NA,6.625,5,6,4,0,8,2,155,118,37,4,73,82,7.44838709677419,7.84745762711864,6.17567567567568,7.5,7.3972602739726,7.49390243902439,18
"29",2004,1,6.33333333333333,12,6.85714285714286,5.6,7,6.33333333333333,6.33333333333333,7,5,1,6,6,167,125,42,5,79,88,7.36826347305389,7.792,6.10714285714286,7.4,7.31645569620253,7.41477272727273,19
"30",2004,2,6.83333333333333,15,7.4,5.7,NA,6.95,6.6,10,5,0,10,5,182,135,47,5,89,93,7.32417582417582,7.76296296296296,6.06382978723404,7.4,7.2752808988764,7.37096774193548,20
"31",2004,3,7.6,10,7.9375,6.25,NA,7.78571428571429,7.16666666666667,8,2,0,7,3,192,143,49,5,96,96,7.33854166666667,7.77272727272727,6.07142857142857,7.4,7.3125,7.36458333333333,21
"32",2004,4,7.23076923076923,13,7.6,6,7,8.33333333333333,6.9,10,3,1,3,10,205,153,52,6,99,106,7.33170731707317,7.76143790849673,6.06730769230769,7.33333333333333,7.34343434343434,7.32075471698113,22
"33",2004,5,7.28571428571429,7,7.33333333333333,7,NA,NA,7.28571428571429,6,1,0,0,7,212,159,53,6,99,113,7.33018867924528,7.74528301886792,6.08490566037736,7.33333333333333,7.34343434343434,7.31858407079646,23
"34",2004,6,7.36666666666667,9,7.61428571428571,6.5,NA,7.16666666666667,7.76666666666667,7,2,0,6,3,221,166,55,6,105,116,7.3316742081448,7.73975903614458,6.1,7.33333333333333,7.33333333333333,7.3301724137931,24
"35",2004,7,6.66666666666667,9,7,4,NA,6,7,8,1,0,3,6,230,174,56,6,108,122,7.30565217391304,7.70574712643678,6.0625,7.33333333333333,7.2962962962963,7.31393442622951,25
"36",2004,8,6.85,8,7.8,5.26666666666667,6,6.45,7.25,5,3,1,4,4,238,179,59,7,112,126,7.29033613445378,7.70837988826816,6.02203389830508,7.14285714285714,7.26607142857143,7.31190476190476,26
"37",2004,9,6.55555555555556,9,7,5.66666666666667,6,5.66666666666667,7,6,3,1,3,6,247,185,62,8,115,132,7.26356275303644,7.68540540540541,6.00483870967742,7,7.22434782608696,7.29772727272727,27
"38",2004,10,6.63636363636364,22,6.75,5.5,6,6.375,6.78571428571429,20,2,1,8,14,269,205,64,9,123,146,7.21226765799257,7.59414634146341,5.9890625,6.88888888888889,7.16910569105691,7.2486301369863,28
"39",2004,11,6.34736842105263,19,6.8,5.84444444444444,6.7,7.05555555555556,5.71,10,9,5,9,10,288,215,73,14,132,156,7.15520833333333,7.55720930232558,5.97123287671233,6.82142857142857,7.16136363636364,7.15,29
"40",2004,12,7.08823529411765,17,7.77272727272727,5.83333333333333,7,7.42857142857143,6.85,11,6,1,7,10,305,226,79,15,139,166,7.15147540983607,7.56769911504425,5.96075949367089,6.83333333333333,7.17482014388489,7.13192771084337,30
"41",2005,1,7.07692307692308,26,7.25,6.5,7,7.22222222222222,7,20,6,1,9,17,331,246,85,16,148,183,7.14561933534743,7.54186991869919,5.99882352941176,6.84375,7.1777027027027,7.11967213114754,31
"42",2005,2,7.39,30,7.55217391304348,6.85714285714286,NA,7.28461538461538,7.47058823529412,23,7,0,13,17,361,269,92,16,161,200,7.16592797783933,7.54275092936803,6.06413043478261,6.84375,7.18633540372671,7.1495,32
"43",2005,3,7.28,25,7.36842105263158,7,8,7.28571428571429,7.27777777777778,19,6,2,7,18,386,288,98,18,168,218,7.17331606217616,7.53125,6.12142857142857,6.97222222222222,7.19047619047619,7.16009174311927,33
"44",2005,4,7.375,20,7.38888888888889,7.25,NA,7.77272727272727,6.88888888888889,18,2,0,11,9,406,306,100,18,179,227,7.18325123152709,7.52287581699346,6.144,6.97222222222222,7.22625698324022,7.14933920704846,34
"45",2005,5,7.92857142857143,14,8.04545454545454,7.5,6.5,7.5,8.1,11,3,1,4,10,420,317,103,19,183,237,7.20809523809524,7.5410094637224,6.18349514563107,6.94736842105263,7.23224043715847,7.18945147679325,35
"46",2005,6,7.08888888888889,27,6.94761904761905,7.58333333333333,6.5,7.1,7.08235294117647,21,6,2,10,17,447,338,109,21,193,254,7.20089485458613,7.50414201183432,6.26055045871559,6.90476190476191,7.22538860103627,7.18228346456693,36
"47",2005,7,7.05,22,7.45,5.25,NA,7.28181818181818,6.81818181818182,18,4,0,11,11,469,356,113,21,204,265,7.19381663113006,7.50140449438202,6.22477876106195,6.90476190476191,7.22843137254902,7.16716981132075,37
"48",2005,8,6.66774193548387,31,6.79545454545455,6.35555555555556,6.5,6.78571428571429,6.57058823529412,22,9,1,14,17,500,378,122,22,218,282,7.1612,7.46031746031746,6.2344262295082,6.88636363636364,7.2,7.13120567375887,38
"49",2005,9,6.63846153846154,26,6.92631578947368,5.85714285714286,5,6.96,6.4375,19,7,1,10,16,526,397,129,23,228,298,7.13536121673004,7.43476070528967,6.21395348837209,6.80434782608696,7.18947368421053,7.09395973154362,39
"50",2005,10,7,14,7.04545454545455,6.83333333333333,6.5,8.4,6.22222222222222,11,3,1,5,9,540,408,132,24,233,307,7.13185185185185,7.42426470588235,6.2280303030303,6.79166666666667,7.21545064377682,7.06840390879479,40
"51",2005,11,6.89642857142857,28,6.76521739130435,7.5,NA,6.58333333333333,7.13125,23,5,0,12,16,568,431,137,24,245,323,7.12024647887324,7.38909512761021,6.27445255474453,6.79166666666667,7.18448979591837,7.07151702786378,41
"52",2005,12,6.64375,40,6.92857142857143,6.32894736842105,7.1,6.70238095238095,6.57894736842105,21,19,5,21,19,608,452,156,29,266,342,7.08889802631579,7.36769911504425,6.28108974358974,6.8448275862069,7.14642857142857,7.04415204678363,42
"53",2006,1,6.89285714285714,28,7.35294117647059,6.18181818181818,6.5,6.42857142857143,7.04761904761905,17,11,2,7,21,636,469,167,31,273,363,7.08026729559748,7.36716417910448,6.27455089820359,6.82258064516129,7.12802197802198,7.04435261707989,43
"54",2006,2,6.85869565217391,23,7.09722222222222,6,8,7.32692307692308,6.25,18,5,1,13,10,659,487,172,32,286,373,7.07253414264036,7.35718685831622,6.26656976744186,6.859375,7.13706293706294,7.0230563002681,44
"55",2006,3,7.3,20,7.53333333333333,6.6,6,7.58333333333333,7.17857142857143,15,5,1,6,14,679,502,177,33,292,387,7.07923416789396,7.36245019920319,6.27598870056497,6.83333333333333,7.14623287671233,7.02868217054263,45
"56",2006,4,7.25,16,7.16666666666667,7.5,NA,7,7.57142857142857,12,4,0,9,7,695,514,181,33,301,394,7.0831654676259,7.35787937743191,6.30303867403315,6.83333333333333,7.14186046511628,7.03832487309645,46
"57",2006,5,7.288,25,7.78125,6.41111111111111,NA,6.41111111111111,7.78125,16,9,0,9,16,720,530,190,33,310,410,7.09027777777778,7.37066037735849,6.30815789473684,6.83333333333333,7.12064516129032,7.06731707317073,47
"58",2006,6,6.45,23,7.084375,5,8,7.42857142857143,6.021875,16,7,1,7,16,743,546,197,34,317,426,7.07045760430686,7.36227106227106,6.26167512690355,6.86764705882353,7.12744479495268,7.02805164319249,48
"59",2006,7,6.32857142857143,28,6.89047619047619,4.64285714285714,5.83333333333333,5.66666666666667,6.825,21,7,3,12,16,771,567,204,37,329,442,7.0435149156939,7.34479717813051,6.20612745098039,6.78378378378378,7.0741641337386,7.02070135746606,49
"60",2006,8,6.64285714285714,21,7.04166666666667,6.11111111111111,6,6.28571428571429,6.82142857142857,12,9,1,7,14,792,579,213,38,336,456,7.03289141414141,7.33851468048359,6.20211267605634,6.76315789473684,7.05773809523809,7.01458333333333,50
"61",2006,9,7.49047619047619,21,7.52142857142857,7.42857142857143,NA,7.875,7.25384615384615,14,7,0,8,13,813,593,220,38,344,469,7.04471094710947,7.34283305227656,6.24113636363636,6.76315789473684,7.07674418604651,7.02121535181237,51
"62",2006,10,6.45652173913043,23,6.5,6.38888888888889,7,6.54166666666667,6.36363636363636,14,9,1,12,11,836,607,229,39,356,480,7.02852870813397,7.32339373970346,6.24694323144105,6.76923076923077,7.05870786516854,7.00614583333333,52
"63",2006,11,7.03913043478261,23,7.095,6.66666666666667,7,7.5,6.87647058823529,20,3,2,6,17,859,627,232,41,362,497,7.02881257275902,7.31610845295056,6.25237068965517,6.78048780487805,7.06602209944751,7.00171026156942,53
"64",2006,12,6.64285714285714,35,6.77083333333333,6.36363636363636,7.33333333333333,6.64285714285714,6.64285714285714,24,11,3,14,21,894,651,243,44,376,518,7.01370246085011,7.29600614439324,6.25740740740741,6.81818181818182,7.05026595744681,6.98716216216216,54
"65",2007,1,7.02186486486486,37,6.97115384615385,7.14172727272727,6.66666666666667,6.75491666666667,7.15,26,11,3,12,25,931,677,254,47,388,543,7.0140268528464,7.28353028064993,6.29570472440945,6.80851063829787,7.04113144329897,6.99465930018416,55
"66",2007,2,6.48078230769231,26,7.03125,5.600034,6,6.6,6.40627125,16,10,2,10,16,957,693,264,49,398,559,6.99953954022988,7.27770562770563,6.26935356060606,6.77551020408163,7.03004773869347,6.97781813953488,56
"67",2007,3,6.80588235294118,34,7.18571428571429,6.19230769230769,7.75,7.11111111111111,6.696,21,13,2,9,25,991,714,277,51,407,584,6.99289539858728,7.275,6.26573768953069,6.81372549019608,7.03184029484029,6.96575400684932,57
"68",2007,4,7.33030303030303,33,7.84230769230769,5.42857142857143,5.5,7.60769230769231,7.15,26,7,2,13,20,1024,740,284,53,420,604,7.00376888671875,7.29493243243243,6.24510330985915,6.76415094339623,7.04966428571429,6.97185486754967,58
"69",2007,5,6.86666666666667,27,6.945,6.64285714285714,NA,6.76363636363636,6.9375,20,7,0,11,16,1051,760,291,53,431,620,7.00024675547098,7.28572368421052,6.25467127147766,6.76415094339623,7.04236426914153,6.97096829032258,59
"70",2007,6,6.5375,32,7.09090909090909,5.32,5.05,6.8,6.33333333333333,22,10,4,14,18,1083,782,301,57,445,638,6.98657372114497,7.28024296675192,6.22361906976744,6.64385964912281,7.0347393258427,6.95297858934169,60
"71",2007,7,6.57142857142857,28,7,5.5,NA,5.8125,6.875,20,8,0,8,20,1111,802,309,57,453,658,6.97611101710171,7.27325436408977,6.20488459546926,6.64385964912281,7.01315452538631,6.95060841945289,61
"72",2007,8,6.83870967741935,31,7.33333333333333,5.8,5.66666666666667,6.4,7.04761904761905,21,10,3,10,21,1142,823,319,60,463,679,6.9723812084063,7.27478736330498,6.19219228840126,6.595,6.99991144708423,6.95360874815906,62
"73",2007,9,6.96212121212121,33,7.19,6.25,7,7.625,6.75,25,8,1,8,25,1175,848,327,61,471,704,6.97209305531915,7.27228773584905,6.19360654434251,6.60163934426229,7.01052866242038,6.94637832386364,63
"74",2007,10,6.86653846153846,26,7.47526315789474,5.21428571428571,6.33333333333333,7.37,6.6,19,7,3,9,17,1201,867,334,64,480,721,6.96980794338051,7.27673587081891,6.17308185628743,6.5890625,7.01726875,6.93821128987517,64
"75",2007,11,7.16351351351351,37,7.23275862068965,6.9125,7,6.81666666666667,7.33,29,8,2,12,25,1238,896,342,66,492,746,6.97559720516963,7.2753125,6.19037818713451,6.60151515151515,7.01237601626016,6.9513409383378,65
"76",2007,12,6.78720930232558,43,7.30714285714286,5.81666666666667,5.875,6.20416666666667,7.01290322580645,28,15,2,12,31,1281,924,357,68,504,777,6.96927348946136,7.27627705627706,6.17467602240897,6.58014705882353,6.99313293650794,6.95379709137709,66
"77",2008,1,6.51190476190476,42,7.45652173913043,5.36842105263158,6.625,5.88888888888889,6.97916666666667,23,19,4,18,24,1323,947,376,72,522,801,6.9547538473167,7.28065469904963,6.13393441489362,6.58263888888889,6.95505555555556,6.95455722846442,67
"78",2008,2,6.55918367346939,49,6.80277777777778,5.88461538461539,6.5,6.88461538461539,6.44166666666667,36,13,3,13,36,1372,983,389,75,535,837,6.94062634110787,7.26315361139369,6.12560241645244,6.57933333333333,6.95334392523364,6.93249741935484,68
"79",2008,3,6.63255813953488,43,7.125,5.71333333333333,6.5,5.98,6.98214285714286,28,15,2,15,28,1415,1011,404,77,550,865,6.93126455123675,7.25932739861523,6.11029539603961,6.57727272727273,6.92679818181818,6.93410443930636,69
"80",2008,4,6.68709677419355,31,6.715,6.63636363636364,6.5,7.13846153846154,6.36111111111111,20,11,2,13,18,1446,1031,415,79,563,883,6.92602997233748,7.24876818622696,6.12423937349398,6.5753164556962,6.93168561278863,6.92242394110985,70
"81",2008,5,7.25666666666667,30,7.23333333333333,7.46666666666667,7.5,7.3,7.22352941176471,27,3,2,13,17,1476,1058,418,81,576,900,6.9327502303523,7.24837429111531,6.13387401913876,6.59814814814815,6.93999826388889,6.92811148888889,71
"82",2008,6,6.80434782608696,23,7.29411764705882,5.41666666666667,5.66666666666667,6.85714285714286,6.78125,17,6,3,7,16,1499,1075,424,84,583,916,6.93078008005337,7.2490976744186,6.12372485849057,6.56488095238095,6.93900343053173,6.92554622270742,72
"83",2008,7,6.85,32,7.2875,5.5375,5,6.96666666666667,6.74705882352941,24,8,4,15,17,1531,1099,432,88,598,933,6.92909166557805,7.24993630573248,6.11286884259259,6.49375,6.93969732441472,6.92229404072883,73
"84",2008,8,6.10869565217391,23,6.54166666666667,5.63636363636364,5.66666666666667,5.4375,6.46666666666667,12,11,6,8,15,1554,1111,443,94,606,948,6.91694938223938,7.24228622862286,6.10103688487585,6.44095744680851,6.91986633663366,6.91508474683544,74
"85",2008,9,6.78666666666667,30,6.78333333333333,6.79166666666667,6.4375,6.875,6.72777777777778,18,12,8,12,18,1584,1129,455,102,618,966,6.91448190656566,7.23496899911426,6.1192512967033,6.4406862745098,6.91899514563107,6.91159455486542,75
"86",2008,10,6.27692307692308,26,7.075,5.59285714285714,6.21428571428571,6.45454545454545,6.14666666666667,12,14,7,11,15,1610,1141,469,109,629,981,6.90418592546584,7.2332865907099,6.10353803837953,6.42614678899083,6.91087281399046,6.89989840978593,76
"87",2008,11,6.98181818181818,33,7.295,6.5,6.16666666666667,6.99230769230769,6.975,20,13,6,13,20,1643,1161,482,115,642,1001,6.90574518563603,7.23434969853574,6.11423099585063,6.41260869565217,6.91252180685358,6.90139894105894,77
"88",2008,12,6.82777777777778,36,7.39,6.125,5.5,6.33333333333333,6.99259259259259,20,16,4,9,27,1679,1181,498,119,651,1028,6.90407346039309,7.23698560541913,6.11457698795181,6.38193277310924,6.90451459293395,6.90379410505837,78
"89",2009,1,6.30327868852459,61,6.73333333333333,5.54090909090909,5.25,6.05555555555556,6.40697674418605,39,22,8,18,43,1740,1220,520,127,669,1071,6.88301111494253,7.22088524590164,6.09030642307693,6.31062992125984,6.88167264573991,6.88384718954248,79
"90",2009,2,6.32282608695652,46,7.29285714285714,5.508,5.44444444444444,6.50416666666667,6.25882352941176,21,25,9,12,34,1786,1241,545,136,681,1105,6.86858305711086,7.22210314262691,6.06359511926606,6.25330882352941,6.87502055800294,6.86461569230769,80
"91",2009,3,6.28727272727273,55,6.64615384615385,5.96551724137931,6.23333333333333,6.25454545454545,6.29545454545455,26,29,12,11,44,1841,1267,574,148,692,1149,6.85121637153721,7.21028413575375,6.0586399651568,6.25168918918919,6.86515751445087,6.84282013925152,81
"92",2009,4,6.53636363636364,55,7.05151515151515,5.76363636363636,5.61428571428571,6.47222222222222,6.56756756756757,33,22,7,18,37,1896,1300,596,155,710,1186,6.84208298523207,7.20625384615384,6.0477505704698,6.22290322580645,6.85519577464789,6.83423300168634,82
"93",2009,5,6.34324324324324,37,6.76,5.85294117647059,4.66666666666667,7.08333333333333,6.2,20,17,3,6,31,1933,1320,613,158,716,1217,6.83253457837558,7.19949242424242,6.04234802610114,6.19335443037975,6.85710754189944,6.81807751848809,83
"94",2009,6,6.53658536585366,41,7.16666666666667,5.875,6.9,7.04545454545455,6.35,21,20,5,11,30,1974,1341,633,163,727,1247,6.82638771023303,7.1989783743475,6.03706056872038,6.21503067484663,6.85995735900963,6.8068166319166,84
"95",2009,7,6.63636363636364,44,7.05185185185185,5.97647058823529,4.4,7.16666666666667,6.4375,27,17,4,12,32,2018,1368,650,167,739,1279,6.82224446977205,7.19607456140351,6.03547590769231,6.17155688622754,6.86493775372125,6.79757649726349,85
"96",2009,8,6.72307692307692,39,7.13157894736842,6.335,6.1875,6.6875,6.73225806451613,19,20,8,8,31,2057,1387,670,175,747,1310,6.82036428779776,7.19519105984138,6.04441692537314,6.17228571428571,6.8630374832664,6.79603079389313,86
"97",2009,9,6.19021739130435,46,6.61607142857143,5.52777777777778,6.375,5.95,6.25694444444444,28,18,8,10,36,2103,1415,688,183,757,1346,6.80658076081788,7.18373144876325,6.03090020348837,6.18114754098361,6.85097622192867,6.78161243684993,87
"98",2009,10,6.80416666666667,36,7.21,6.296875,6.5,6.71428571428571,6.82586206896552,20,16,5,7,29,2139,1435,704,188,764,1375,6.80654013090229,7.18409756097561,6.03694508522727,6.18962765957447,6.84972382198953,6.78254570181818,88
"99",2009,11,6.55416666666667,36,7.28571428571429,6.08863636363636,6.1,6.6875,6.51607142857143,14,22,5,8,28,2175,1449,726,193,772,1403,6.80236291494253,7.18507936507936,6.03851148760331,6.18730569948186,6.84804274611399,6.77722761225945,89
"100",2009,12,6.57659574468085,47,7.19545454545455,6.032,6.475,6.77777777777778,6.45172413793103,22,25,8,18,29,2222,1471,751,201,790,1432,6.79758746174618,7.18523453433039,6.03829472703063,6.19875621890547,6.8464417721519,6.77063571229051,90
"101",2010,1,6.66836734693878,49,6.81617647058824,6.33333333333333,7,6.52777777777778,6.7,34,15,2,9,40,2271,1505,766,203,799,1472,6.79479935711141,7.17689700996678,6.04407224543081,6.20665024630542,6.84285231539424,6.76871626358696,91
"102",2010,2,6.17361111111111,36,7.31666666666667,5.35714285714286,5.55,6.06818181818182,6.22,15,21,10,11,25,2307,1520,787,213,810,1497,6.7851059124404,7.17827631578947,6.02574249047014,6.17582159624413,6.83233209876543,6.75955266533066,92
"103",2010,3,6.75625,40,7.25,6.21052631578947,5.6,6.73076923076923,6.76851851851852,21,19,5,13,27,2347,1541,806,218,823,1524,6.78461412015339,7.17925373134328,6.03009843672457,6.16261467889908,6.83072782503038,6.75971150918635,93
"104",2010,4,6.60666666666667,15,6.95,5.92,6.6,5.25,6.81538461538462,10,5,1,2,13,2362,1551,811,219,825,1537,6.78348405588484,7.17777562862669,6.02941965474723,6.16461187214612,6.82689575757576,6.76018239427456,94
"105",2010,5,6.94117647058824,17,7.33333333333333,6.5,5.5,6,7.45454545454545,9,8,4,6,11,2379,1560,819,223,831,1548,6.78461090374107,7.17867307692308,6.03401628815629,6.15269058295964,6.82092539109507,6.76511649870801,95
"106",2010,6,6.86666666666667,30,7.3625,5.875,6.15,6.5,6.97826086956522,20,10,5,7,23,2409,1580,829,228,838,1571,6.78563276878373,7.181,6.03209811821472,6.15263157894737,6.8182446300716,6.76823700827499,96
"107",2010,7,6.33958333333333,24,6.82666666666667,5.52777777777778,5,6.28,6.35526315789474,15,9,1,5,19,2433,1595,838,229,843,1590,6.78123277435265,7.17766771159874,6.02668178997614,6.14759825327511,6.8150521945433,6.76330210062893,97
"108",2010,8,7.068,25,7.20555555555556,6.71428571428571,NA,6.25,7.32631578947368,18,7,0,6,19,2458,1613,845,229,849,1609,6.78414944670464,7.17797892126472,6.03237791715976,6.14759825327511,6.81105889281508,6.76995049098819,98
"109",2010,9,6.59464285714286,28,7.08333333333333,5.715,5,7.2,6.25833333333333,18,10,3,10,18,2486,1631,855,232,859,1627,6.78201502011263,7.17693439607603,6.02866589473684,6.13275862068965,6.81558672875437,6.76429031346036,99
"110",2010,10,6.3125,20,6.94642857142857,4.83333333333333,7.5,5.375,6.41666666666667,14,6,1,2,18,2506,1645,861,233,861,1645,6.77826789305667,7.1749726443769,6.02033605110337,6.13862660944206,6.81224041811847,6.76048652887538,100
"111",2010,11,6.82692307692308,39,7.33913043478261,6.090625,7,6.125,6.90714285714286,23,16,5,4,35,2545,1668,877,238,865,1680,6.77901349312377,7.17723621103117,6.0216184036488,6.15672268907563,6.80906242774566,6.76354186904762,101
"112",2010,12,6.79290909090909,55,7.14611111111111,6.12368421052632,6.25,6.74166666666667,6.80720930232558,36,19,4,12,43,2600,1704,896,242,877,1723,6.77930743846154,7.17657863849765,6.02378274553571,6.15826446280992,6.80814025085519,6.7646316540917,102
"113",2011,1,6.67692307692308,52,6.96944444444444,6.01875,5.41666666666667,6.6125,6.68863636363636,36,16,6,8,44,2652,1740,912,248,885,1767,6.77729990196079,7.17229310344827,6.02369445175439,6.14032258064516,6.80637175141243,6.76273929824562,103
"114",2011,2,6.93255813953488,43,7.3625,5.68181818181818,4.875,7.475,6.61111111111111,32,11,4,16,27,2695,1772,923,252,901,1794,6.77977712059369,7.17572799097065,6.01962008667389,6.12023809523809,6.81824528301887,6.76045726867336,104
"115",2011,3,6.90172413793103,58,7.3875,5.82222222222222,6.10909090909091,7.37,6.80416666666667,40,18,11,10,48,2753,1812,941,263,911,1842,6.78234629131856,7.18040286975717,6.0158441445271,6.11977186311787,6.82430186608123,6.76159627578719,105
"116",2011,4,6.60606060606061,33,6.85,6.23076923076923,4.66666666666667,5.94444444444444,6.85416666666667,20,13,3,9,24,2786,1832,954,266,920,1866,6.78025819813353,7.17679585152838,6.01877289308176,6.10338345864662,6.81569456521739,6.76278689174706,106
"117",2011,5,6.65,26,6.8375,6.35,6.125,7,6.58636363636364,16,10,4,4,22,2812,1848,964,270,924,1888,6.77905381934566,7.17385822510822,6.02220885892116,6.1037037037037,6.81649242424242,6.76073111228814,107
"118",2011,6,6.70357142857143,28,6.73125,6.66666666666667,6.75,7.925,6.5,16,12,4,4,24,2840,1864,976,274,928,1912,6.77830962676057,7.17005901287554,6.0301325204918,6.11313868613139,6.82127047413793,6.75745833682009,108
"119",2011,7,6.97826086956522,23,8.03846153846154,5.6,2.5,7.5,6.92857142857143,13,10,1,2,21,2863,1877,986,275,930,1933,6.7799159413203,7.17607352157698,6.02577012170385,6.1,6.82273010752688,6.7593172995344,109
"120",2011,8,6.31428571428571,42,7.08214285714286,4.77857142857143,5.46666666666667,7.3,6.08235294117647,28,14,3,8,34,2905,1905,1000,278,938,1967,6.77318393803787,7.17469291338583,6.00830934,6.0931654676259,6.82680063965885,6.74761583121505,110
"121",2011,9,6.66842105263158,38,6.875,6.31428571428571,6.975,6.7375,6.65,24,14,4,8,30,2943,1929,1014,282,946,1997,6.77183124023106,7.17096423017107,6.01253386587771,6.10567375886525,6.82604545454545,6.74614939409114,111
"122",2011,10,6.34411764705882,34,6.62,5.57777777777778,4.675,6.61111111111111,6.248,25,9,4,9,25,2977,1954,1023,286,955,2022,6.76694636882768,7.16391504605936,6.00870903225806,6.08566433566433,6.82401989528796,6.73999027695351,112
"123",2011,11,6.69767441860465,43,7.08214285714286,5.98,5.85,6.72222222222222,6.69117647058824,28,15,2,9,34,3020,1982,1038,288,964,2056,6.76596004635762,7.16275983854692,6.00829416184971,6.08402777777778,6.82306950207469,6.73918304474708,113
"124",2011,12,6.7972972972973,37,7,6.42307692307692,6.5,6.58333333333333,6.83870967741935,24,13,2,6,31,3057,2006,1051,290,970,2087,6.7663393326791,7.16081256231306,6.01342468125595,6.08689655172414,6.82158659793814,6.74066139913752,114
"125",2012,1,6.97169811320755,53,7.28648648648649,6.24375,6.5,6.6875,7.09459459459459,37,16,5,16,37,3110,2043,1067,295,986,2124,6.76983901607717,7.16308859520313,6.01687848172446,6.09389830508474,6.8194107505071,6.74682690207157,115
"126",2012,2,6.89655172413793,29,6.97619047619048,6.6875,7,7.25,6.80434782608696,21,8,2,6,23,3139,2064,1075,297,992,2147,6.77100966549857,7.16118701550387,6.02186915348837,6.1,6.82201512096774,6.7474431020028,116
"127",2012,3,7.02173913043478,46,7.37241379310345,6.42352941176471,6.5,6.6,7.18787878787879,29,17,6,13,33,3185,2093,1092,303,1005,2180,6.77463087598117,7.16411371237458,6.02812210622711,6.10792079207921,6.81914328358209,6.75411024770642,117
"128",2012,4,6.66,30,7.19,5.6,5.5,4.93333333333333,6.85185185185185,20,10,4,3,27,3215,2113,1102,307,1008,2207,6.77356122550545,7.16435873166114,6.02423715063521,6.1,6.81353075396825,6.7553059990938,118
"129",2012,5,6.57142857142857,35,7.0625,5.5,5.35714285714286,6.28571428571429,6.64285714285714,24,11,7,7,28,3250,2137,1113,314,1015,2235,6.77138441230769,7.1632147870847,6.01905601078167,6.08343949044586,6.80989064039409,6.75389724384788,119
"130",2012,6,6.84615384615385,26,6.92105263157895,6.64285714285714,6.66666666666667,6,6.88,19,7,3,1,25,3276,2156,1120,317,1016,2260,6.77197782051282,7.16108070500927,6.02295476785714,6.08895899053628,6.80909350393701,6.75529218584071,120
"131",2012,7,6.78,25,7.09375,6.22222222222222,5.9,8.33333333333333,6.56818181818182,16,9,3,3,22,3301,2172,1129,320,1019,2282,6.77203857618904,7.1605847145488,6.0245432595217,6.0871875,6.81358096172718,6.75348831726556,121
"132",2012,8,6.52894736842105,38,6.8,6.00769230769231,6.07142857142857,5.95,6.79615384615385,25,13,7,12,26,3339,2197,1142,327,1031,2308,6.7692720395328,7.1564815657715,6.02435143607706,6.0868501529052,6.80352958292919,6.75396895147314,122
"133",2012,9,6.9,27,7.41176470588235,6.03,5.75,6,6.972,17,10,2,2,25,3366,2214,1152,329,1033,2333,6.77032065953654,7.15844173441734,6.02440046875,6.08480243161094,6.8019738625363,6.75630533219031,123
"134",2012,10,6.75178571428571,28,6.98611111111111,6.33,6.5,6.65714285714286,6.78333333333333,18,10,5,7,21,3394,2232,1162,334,1040,2354,6.77016774896877,7.15705197132616,6.0270304130809,6.09101796407186,6.80099903846154,6.75654644859813,124
"135",2012,11,7.07878787878788,33,7.214,6.65625,4,7.5,7.02068965517241,25,8,1,4,29,3427,2257,1170,335,1044,2383,6.77313957980741,7.15768276473194,6.03133276923077,6.08477611940298,6.80367720306513,6.75976094838439,125
"136",2012,12,6.83472222222222,36,6.82708333333333,6.85,6.175,7.36666666666667,6.72833333333333,24,12,4,6,30,3463,2281,1182,339,1050,2413,6.77377976898643,7.15420429636124,6.03964411167513,6.0858407079646,6.80689428571428,6.7593702196436,126
"137",2013,1,6.59230769230769,52,7,5.88421052631579,6.91666666666667,6.45,6.62619047619048,33,19,6,10,42,3515,2314,1201,345,1060,2455,6.77109511806543,7.15200518582541,6.03718512905912,6.10028985507246,6.80352735849056,6.75709178818737,127
"138",2013,2,6.93421052631579,38,7.07142857142857,6.55,6.83333333333333,7,6.92647058823529,28,10,3,4,34,3553,2342,1211,348,1064,2489,6.77283966788629,7.15104184457728,6.04141976878613,6.1066091954023,6.80426597744361,6.75940552028927,128
"139",2013,3,6.45125,40,6.78620689655172,5.56818181818182,5.5,6.45,6.4515625,29,11,4,8,32,3593,2371,1222,352,1072,2521,6.76925948789313,7.1465795023197,6.03715985270049,6.09971590909091,6.80162220149254,6.75549795319318,129
"140",2013,4,6.78,25,6.75,6.83333333333333,6.1,5.5,6.89130434782609,16,9,5,2,23,3618,2387,1231,357,1074,2544,6.7693337037037,7.14392124005027,6.04298077985378,6.09971988795518,6.79919832402234,6.75672576257862,130
"141",2013,5,6.58214285714286,28,6.98823529411765,5.95454545454545,6.125,6.85,6.475,17,11,4,8,20,3646,2404,1242,361,1082,2564,6.76789614371914,7.14282029950083,6.04219753623188,6.1,6.79957393715342,6.75452821372855,131
"142",2013,6,6.83918918918919,37,6.86851851851852,6.76,6.2,5.94444444444444,7.12678571428571,27,10,5,9,28,3683,2431,1252,366,1091,2592,6.7686123649199,7.13977375565611,6.0479307827476,6.10136612021858,6.79251970669111,6.75854951388889,132
"143",2013,7,6.41666666666667,36,6.68181818181818,6,4,6.22222222222222,6.48148148148148,22,14,2,9,27,3719,2453,1266,368,1100,2619,6.76520552299005,7.13566653077864,6.04740074249605,6.08994565217391,6.78785363636363,6.75569314242077,133
"144",2013,8,6.41805555555556,36,6.8804347826087,5.6,5.76,5.87,6.62884615384615,23,13,5,10,26,3755,2476,1279,373,1110,2645,6.76187732090546,7.13329563812601,6.04285327599687,6.08552278820375,6.77958468468468,6.75444625330813,134
"145",2013,9,6.51612903225806,31,7.17647058823529,5.71428571428571,5.8,6.125,6.65217391304348,17,14,5,8,23,3786,2493,1293,378,1118,2668,6.75986511885895,7.13359005214601,6.03929569992266,6.08174603174603,6.7749007155635,6.7535645952024,135
"146",2013,10,6.57142857142857,35,6.54761904761905,6.60714285714286,6.16666666666667,6.21428571428571,6.66071428571429,21,14,3,7,28,3821,2514,1307,381,1125,2696,6.75813905783826,7.1286953062848,6.04537822494262,6.08241469816273,6.77141244444444,6.75260027448071,136
"147",2013,11,6.60789473684211,38,7.52608695652174,5.2,4.3,7.4375,6.38666666666667,23,15,5,8,30,3859,2537,1322,386,1133,2726,6.75665958538481,7.13229798975167,6.03578618759455,6.05932642487047,6.77611562224183,6.74857312545855,137
"148",2013,12,6.725,40,6.95588235294118,5.41666666666667,6.5,7.22727272727273,6.53448275862069,34,6,2,11,29,3899,2571,1328,388,1144,2755,6.75633478840728,7.12996499416569,6.03298896084337,6.06159793814433,6.78045367132867,6.74631954264973,138
"149",2014,1,6.57719298245614,57,7.1225,5.29411764705882,6.08333333333333,7.3,6.50769230769231,40,17,6,5,52,3956,2611,1345,394,1149,2807,6.75375362487361,7.12985063194178,6.0236500669145,6.06192893401015,6.78271453437772,6.74189894549341,139
"150",2014,2,6.496875,32,6.99444444444444,5.85714285714286,5.6,6.9875,6.33333333333333,18,14,5,8,24,3988,2629,1359,399,1157,2831,6.75169241223671,7.12892354507417,6.02193476085357,6.05614035087719,6.7841305099395,6.73843530201342,140
"151",2014,3,6.65277777777778,18,6.65909090909091,6.64285714285714,7,7.75,6.58823529411765,11,7,1,1,17,4006,2640,1366,400,1158,2848,6.75124796305542,7.12696590909091,6.02511664714495,6.0585,6.7849645941278,6.73753874297753,141
"152",2014,4,6.85714285714286,28,7.44444444444444,5.8,6.25,8.1875,6.325,18,10,4,8,20,4034,2658,1376,404,1166,2868,6.75198297967278,7.12911587659895,6.023480625,6.06039603960396,6.79458747855917,6.73466190376569,142
"153",2014,5,6.875,32,7.125,6.125,6.375,5.6,7.11111111111111,24,8,4,5,27,4066,2682,1384,408,1171,2895,6.75295114117068,7.12907904548844,6.02406744219653,6.06348039215686,6.78948676345004,6.73817282901554,143
"154",2014,6,6.97727272727273,22,6.975,7,7,6.5,7.025,20,2,1,2,20,4088,2702,1386,409,1173,2915,6.75415835127202,7.12793856402665,6.02547571428571,6.06577017114914,6.78899317988065,6.74014076843911,144
"155",2014,7,6.2175,40,6.7,5.21538461538462,5.21666666666667,5.76666666666667,6.25405405405405,27,13,6,3,37,4128,2729,1399,415,1176,2952,6.74895817344961,7.12370465371931,6.01794806290207,6.05349397590361,6.78638520408163,6.73404821815718,145
"156",2014,8,6.51730769230769,26,6.79117647058824,6,7.125,6.2,6.59285714285714,17,9,4,5,21,4154,2746,1408,419,1181,2973,6.74750826673086,7.12164603058995,6.01783333806818,6.06372315035799,6.78390262489416,6.73305090480996,146
"157",2014,9,6.68548387096774,31,6.97608695652174,5.85,6.2,7.125,6.62037037037037,23,8,4,4,27,4185,2769,1416,423,1185,3000,6.74704882676225,7.12043698085952,6.01688512711864,6.06501182033097,6.78505400843882,6.73203678,147
"158",2014,10,6.8,29,7.375,6.09230769230769,5.54,4.75,6.95185185185185,16,13,5,2,27,4214,2785,1429,428,1187,3027,6.74741322733745,7.12189946140036,6.01757126662001,6.0588785046729,6.7816251053075,6.73399746944169,148
"159",2014,11,6.8125,32,7.06818181818182,6.25,3,8.375,6.58928571428571,22,10,1,4,28,4246,2807,1439,429,1191,3055,6.74790375412153,7.12147844674029,6.01918647671994,6.05174825174825,6.78697649034425,6.73267114238953,149
"160",2014,12,6.32027027027027,37,6.51590909090909,6.03333333333333,6.8875,6.35,6.31451612903226,22,15,8,6,31,4283,2829,1454,437,1197,3086,6.74420951202428,7.11676917638742,6.01933242090784,6.06704805491991,6.78478613199666,6.72847062216462,150
"161",2015,1,6.57543859649123,57,6.77666666666667,6.35185185185185,6.72727272727273,6.27777777777778,6.63125,30,27,11,9,48,4340,2859,1481,448,1206,3134,6.74199293548387,7.11320041972718,6.02539455773126,6.08325892857143,6.78100248756219,6.72698160178685,151
"162",2015,2,6.35789473684211,38,6.48,6.12307692307692,5.16666666666667,7,6.26060606060606,25,13,3,5,33,4378,2884,1494,451,1211,3167,6.73865905436272,7.10771151178918,6.02624453815261,6.07716186252772,6.78190668868703,6.72212198926429,152
"163",2015,3,6.41666666666667,36,6.88095238095238,5.76666666666667,5.14285714285714,6.875,6.359375,21,15,7,4,32,4414,2905,1509,458,1215,3199,6.73603292705029,7.10607228915663,6.02366424121935,6.06288209606987,6.78221316872428,6.71849338543295,153
"164",2015,4,6.2,32,6.65263157894737,5.53846153846154,5.125,5.85714285714286,6.296,19,13,4,7,25,4446,2924,1522,462,1222,3224,6.73217484030589,7.10312585499316,6.01951993429698,6.0547619047619,6.77691407528641,6.71521722704715,154
"165",2015,5,6.32413793103448,29,7.1,4.85,7.25,4.66666666666667,6.51538461538462,19,10,2,3,26,4475,2943,1532,464,1225,3250,6.72953057877095,7.10310567448182,6.0118859921671,6.05991379310345,6.77174612244898,6.71361856615385,155
"166",2015,6,6.65434782608696,23,6.628125,6.71428571428571,7,6.4,6.725,16,7,1,5,18,4498,2959,1539,465,1230,3268,6.72914614050689,7.1005373436972,6.01508079272255,6.06193548387097,6.77023495934959,6.71368125458996,156
"167",2015,7,7.08,30,7.40434782608696,6.01428571428571,6.36666666666667,6.31666666666667,7.27083333333333,23,7,3,6,24,4528,2982,1546,468,1236,3292,6.73147070229682,7.10288061703555,6.0150771927555,6.06388888888889,6.76803317152103,6.71774311664642,157
"168",2015,8,6.25365853658537,41,6.55,5.61538461538461,6,6.5,6.22702702702703,28,13,6,4,37,4569,3010,1559,474,1240,3329,6.72718304661852,7.09773754152824,6.01174428479795,6.06308016877637,6.7671685483871,6.71228907780114,158
"169",2015,9,6.30357142857143,28,7,5.22727272727273,1,5.5,6.4,17,11,1,3,25,4597,3027,1570,475,1243,3354,6.7246028583859,7.09718863561282,6.00624798726115,6.05242105263158,6.76411021721641,6.70996134168158,159
"170",2015,10,6.42307692307692,26,6.875,5.7,5.66666666666667,7,6.375,16,10,3,2,24,4623,3043,1580,478,1245,3378,6.72290706035042,7.0960203746303,6.00430970886076,6.05,6.7644891566265,6.7075815097691,160
"171",2015,11,6.5046511627907,43,6.92068965517241,5.64285714285714,5.8,6.16666666666667,6.53,29,14,5,3,40,4666,3072,1594,483,1248,3418,6.7208957008144,7.094365234375,6.00113509410289,6.04741200828157,6.76305208333333,6.70550331772967,161
"172",2015,12,6.19111111111111,45,6.35666666666667,5.86,6.18,5.66666666666667,6.27179487179487,30,15,5,6,39,4711,3102,1609,488,1254,3457,6.7158351390363,7.08723081882656,5.9998193536358,6.04877049180328,6.75780622009569,6.700610454151,162
"173",2016,1,6.882,50,7.1265625,6.44722222222222,6.17222222222222,7.16666666666667,6.84318181818182,32,18,9,6,44,4761,3134,1627,497,1260,3501,6.71758020163831,7.08763241863433,6.00476910878918,6.0510060362173,6.75975317460317,6.70240226792345,163
"174",2016,2,6.35483870967742,31,6.66666666666667,5.28571428571429,5.25,6.5,6.33928571428571,24,7,4,3,28,4792,3158,1634,501,1263,3529,6.7152335851419,7.08443318556048,6.00168870257038,6.04461077844311,6.75913618368963,6.69952120714083,164
"175",2016,3,6.959375,32,7.23809523809524,6.42727272727273,6.64,7.07142857142857,6.928,21,11,5,7,25,4824,3179,1645,506,1270,3554,6.71685309701493,7.08544825416798,6.00453455319149,6.05049407114624,6.76085748031496,6.70112840180079,165
"176",2016,4,6.701,30,6.83533333333333,6.56666666666667,6.42857142857143,5.84333333333333,6.7962962962963,15,15,7,3,27,4854,3194,1660,513,1273,3581,6.71675511742892,7.08427363807138,6.00961406024096,6.05565302144249,6.75869520816968,6.7018459480592,166
"177",2016,5,6.89166666666667,30,7.07,6,6,6.92857142857143,6.8804347826087,25,5,1,7,23,4884,3219,1665,514,1280,3604,6.71782951269451,7.08416278347313,6.00958518918919,6.05554474708171,6.75962421875,6.70298566592675,167
"178",2016,6,6.16607142857143,28,6.66590909090909,4.33333333333333,4.25,6.27222222222222,6.11578947368421,22,6,4,9,19,4912,3241,1671,518,1289,3623,6.71468431188925,7.08132366553533,6.003566331538,6.04160231660232,6.75622110162917,6.69990624896495,168
"179",2016,7,6.88888888888889,36,7.36363636363636,6.14285714285714,6,7.33333333333333,6.84848484848485,22,14,4,3,33,4948,3263,1685,522,1292,3656,6.71595176637025,7.08322709163347,6.00472364391691,6.04128352490421,6.75756114551084,6.70124735776805,169
"180",2016,8,6.6,45,6.63333333333333,6.53333333333333,6.08333333333333,6.5,6.61538461538461,30,15,6,6,39,4993,3293,1700,528,1298,3695,6.71490673743241,7.07912845429699,6.00938784705882,6.04176136363636,6.75637057010786,6.70034109336942,170
"181",2016,9,6.09090909090909,33,6.26315789473684,5.85714285714286,6.0625,6.28571428571429,6.03846153846154,19,14,8,7,26,5026,3312,1714,536,1305,3721,6.71080965777955,7.07444746376812,6.00814430571762,6.04207089552239,6.75384597701149,6.69571629669444,171
"182",2016,10,6.80357142857143,28,6.88235294117647,6.68181818181818,6.66666666666667,6.41666666666667,6.90909090909091,17,11,6,6,22,5054,3329,1725,542,1311,3743,6.7113235734072,7.0734665064584,6.01244019710145,6.0489852398524,6.75230282227307,6.69697043547956,172
"183",2016,11,6.02333333333333,30,6.11739130434783,5.71428571428571,5.75,5.5,6.15416666666667,23,7,4,6,24,5084,3352,1732,546,1317,3767,6.70726383556255,7.06690632458234,6.01123518475751,6.04679487179487,6.74659757023538,6.69351216883462,173
"184",2016,12,6.63,40,6.84166666666667,6.3125,6.5,6.6,6.63428571428571,24,16,6,5,35,5124,3376,1748,552,1322,3802,6.70666068306011,7.06530509478673,6.01399275743707,6.05172101449275,6.74604311649017,6.69296694897423,174
"185",2017,1,6.60714285714286,42,7.01666666666667,5.58333333333333,5,6.44444444444444,6.65151515151515,30,12,7,9,33,5166,3406,1760,559,1331,3835,6.70585159504452,7.0648766881973,6.01105644318182,6.03855098389982,6.744003756574,6.69261025814863,175
"186",2017,2,6.57317073170732,41,6.89393939393939,5.25,6,6.25,6.60810810810811,33,8,2,4,37,5207,3439,1768,561,1335,3872,6.70480686383714,7.06323640593196,6.00761274886878,6.03841354723708,6.74252359550562,6.69180277376033,176
"187",2017,3,6.71666666666667,36,7.05652173913044,6.11538461538461,6.35714285714286,7.2,6.63870967741935,23,13,7,5,31,5243,3462,1781,568,1340,3903,6.70488829677665,7.06319179664934,6.00839940482875,6.04234154929577,6.74423059701493,6.69138107609531,177
"188",2017,4,6.63793103448276,29,6.86842105263158,6.2,6.25,7.5,6.41304347826087,19,10,8,6,23,5272,3481,1791,576,1346,3926,6.70451998103187,7.06212869864981,6.00946920156337,6.04522569444444,6.74759955423477,6.6897504686704,178
"189",2017,5,6.54901960784314,51,6.55813953488372,6.5,6,5.78571428571429,6.67045454545455,43,8,5,7,44,5323,3524,1799,581,1353,3970,6.70303012211159,7.05597900113507,6.01165055030572,6.04483648881239,6.74262305986696,6.68953660957179,179
"190",2017,6,6.66285714285714,35,7.13333333333333,5.63636363636364,6.14285714285714,7.5,6.61212121212121,24,11,7,2,33,5358,3548,1810,588,1355,4003,6.70276770063456,7.05650225479143,6.00936980110497,6.04600340136054,6.74374095940959,6.68889841119161,180
"191",2017,7,6.73976190476191,42,6.80515151515151,6.5,6.75,6.875,6.72552631578947,33,9,4,4,38,5400,3581,1819,592,1359,4041,6.70305543333333,7.0541859815694,6.01179732820231,6.05076013513514,6.74412729948492,6.68924284583024,181
"192",2017,8,6.63055555555556,36,7.23913043478261,5.55384615384615,5.38888888888889,6.75,6.60666666666667,23,13,9,6,30,5436,3604,1832,601,1365,4071,6.70257530169242,7.05536625971143,6.00854767467249,6.04084858569052,6.74415311355311,6.6886343257185,182
"193",2017,9,6.42571428571429,35,6.37083333333333,6.54545454545455,6.92857142857143,6.78571428571429,6.33571428571429,24,11,7,7,28,5471,3628,1843,608,1372,4099,6.70080411990495,7.05083792723264,6.01175221920781,6.05106907894737,6.74436516034985,6.68622355208588,183
"194",2017,10,6.79259259259259,27,7.15238095238095,5.53333333333333,6.6,6.66666666666667,6.80833333333333,21,6,2,3,24,5498,3649,1849,610,1375,4123,6.70125488177519,7.0514223074815,6.01019975121687,6.05286885245902,6.74419563636364,6.686934353626,184
"195",2017,11,6.97826086956522,23,7.28571428571429,6.5,7.5,7.5,6.83333333333333,14,9,5,5,18,5521,3663,1858,615,1380,4141,6.70240886433617,7.05231777231777,6.01257230355221,6.06463414634146,6.74693405797102,6.68757071721807,185
"196",2017,12,6.66666666666667,33,6.80769230769231,6.14285714285714,6,5.6,6.85714285714286,26,7,3,5,28,5554,3689,1865,618,1385,4169,6.70219649621894,7.05059365681757,6.01306130831099,6.06432038834951,6.74279350180505,6.68870960422164,186
"197",2018,1,6.84210526315789,38,6.85,6.8125,7,7.28571428571429,6.74193548387097,30,8,4,7,31,5592,3719,1873,622,1392,4200,6.70314723533619,7.04897553105674,6.01647588894821,6.07033762057878,6.74552370689655,6.68910246190476,187
"198",2018,2,6.5,26,7.32352941176471,4.94444444444444,5.625,4.5,6.66666666666667,17,9,4,2,24,5618,3736,1882,626,1394,4224,6.7022070736917,7.05022483940043,6.01134927736451,6.06749201277955,6.74230200860832,6.68897498579546,188
"199",2018,3,6.75185185185185,27,6.98823529411765,6.35,5.92857142857143,6.0625,7.04210526315789,17,10,7,8,19,5645,3753,1892,633,1402,4243,6.70244452435784,7.04994404476419,6.01313918604651,6.06595576619273,6.73842296718973,6.6905562903606,189
"200",2018,4,6.96,25,7.11764705882353,6.625,5.8,6.25,7.02173913043478,17,8,5,2,23,5670,3770,1900,638,1404,4266,6.70358013051146,7.05024933687003,6.01571544210526,6.06387147335423,6.73772720797721,6.69234185185185,190
"201",2018,5,6.22608695652174,23,6.80769230769231,5.47,4.5,5.2,6.51111111111111,13,10,2,5,18,5693,3783,1910,640,1409,4284,6.7016510346039,7.04941580756014,6.01285829319372,6.058984375,6.73227040454223,6.69158037815126,191
"202",2018,6,6.47,16,6.86545454545455,5.6,5.75,3,6.70133333333333,11,5,4,1,15,5709,3794,1915,644,1410,4299,6.70100181117534,7.04888244596732,6.01178033420366,6.0570652173913,6.72962340425532,6.69161440800186,192
"203",2018,7,5.9804347826087,23,6.03846153846154,5.905,6.2,4.75,6.23947368421053,13,10,5,4,19,5732,3807,1925,649,1414,4318,6.69811049197488,7.04543209876543,6.01122563116883,6.05816640986133,6.72402333804809,6.68962490504864,193
"204",2018,8,6.83235294117647,34,7.42608695652174,5.59090909090909,5.41666666666667,6.25,6.95714285714286,23,11,6,6,28,5766,3830,1936,655,1420,4346,6.69890207075963,7.0477180156658,6.00883746900826,6.05229007633588,6.72202042253521,6.69134844454671,194
"205",2018,9,6.36111111111111,18,6.57692307692308,5.8,4.5,6.8,6.19230769230769,13,5,2,5,13,5784,3843,1941,657,1425,4359,6.69785085408022,7.04612542284674,6.00829950540958,6.04756468797565,6.72229403508772,6.68986013764625,195
"206",2018,10,6.5713332,25,6.96574055555556,5.55714285714286,5.18,4,6.67847208333333,18,7,5,1,24,5809,3861,1948,662,1426,4383,6.69730636426235,7.04575066822067,6.00667830595483,6.04101208459215,6.72038499298738,6.68979778005932,196
"207",2018,11,6.89473684210526,19,7.23076923076923,6.16666666666667,6.16666666666667,7.8,6.57142857142857,13,6,6,5,14,5828,3874,1954,668,1431,4397,6.69795001201098,7.04637153588023,6.00716957011259,6.04214071856287,6.7241572327044,6.68942089379122,197
"208",2018,12,6.77272727272727,22,6.875,6.5,6.5,7,6.72222222222222,16,6,4,4,18,5850,3890,1960,672,1435,4415,6.69823122564102,7.04566666580977,6.00867823469388,6.04486607142857,6.72492613240418,6.68955462514156,198
"209",2019,1,6.42307692307692,39,7.02,5.35714285714286,5,6.42857142857143,6.421875,25,14,4,7,32,5889,3915,1974,676,1442,4447,6.69640901171676,7.04550276628353,6.00405741641337,6.03868343195266,6.72348751733703,6.68762843939735,199
"210",2019,2,6.55654333333333,27,6.657916875,6.40909090909091,6.07142857142857,7.4,6.36484863636364,16,11,7,5,22,5916,3931,1985,683,1447,4469,6.69577067951318,7.04392520987026,6.00630193450882,6.03901903367496,6.72582515549413,6.68603945849183,200
"211",2019,3,6.06451612903226,31,6.41176470588235,5.64285714285714,5.8,5.85714285714286,6.125,17,14,5,7,24,5947,3948,1999,688,1454,4493,6.69248013115857,7.0412031408308,6.00375654827414,6.03728197674419,6.72164305364512,6.68304258624527,201
"212",2019,4,6.60454545454545,22,7.45,5.125,NA,6.3,6.71875,14,8,0,6,16,5969,3962,2007,688,1460,4509,6.69215602948568,7.04264765270066,6.00025378176383,6.03728197674419,6.7199102739726,6.68316929252606,202
"213",2019,5,6.80714285714286,14,6.71538461538462,8,8,7.53333333333333,6.60909090909091,13,1,1,3,11,5983,3975,2008,689,1463,4520,6.69242509443423,7.04157735849057,6.00124967131474,6.04013062409289,6.72157826384142,6.68298901327434,203
"214",2019,6,6.9,15,7,6.625,6,7,6.89285714285714,11,4,2,1,14,5998,3986,2012,691,1464,4534,6.69294420473491,7.04146261916709,6.00248973161034,6.04001447178003,6.72176844262295,6.68363704014116,204
"215",2019,7,6.53846153846154,26,6.94736842105263,5.42857142857143,5,6.7,6.5,19,7,4,5,21,6024,4005,2019,695,1469,4555,6.69227744687915,7.04101622971286,6.00049992075285,6.03402877697842,6.72169434989789,6.68279041492865,205
"216",2019,8,7.21455047619048,21,7.47253111111111,5.66666666666667,5.5,6.66666666666667,7.30586444444444,18,3,2,3,18,6045,4023,2022,697,1472,4573,6.69409179487179,7.04294694506587,6.00000461918892,6.03249641319943,6.72158220108696,6.68524292586923,206
"217",2019,9,6.76307692307692,26,6.87294117647059,6.55555555555556,6.16666666666667,9,6.6736,17,9,6,1,25,6071,4040,2031,703,1473,4598,6.69438723439302,7.04223157425743,6.00246644017725,6.03364153627312,6.72312898845893,6.6851796215746,207
"218",2019,10,6.9242268,25,7.05025772727273,6,6.5,6.89975,6.92888904761905,22,3,1,4,21,6096,4062,2034,704,1477,4619,6.69532981791338,7.04227504431315,6.00246280235988,6.03430397727273,6.72360731211916,6.68628763152197,208
"219",2019,11,6.15476190476191,21,6.08823529411765,6.4375,NA,4.25,6.35526315789474,17,4,0,2,19,6117,4079,2038,704,1479,4638,6.69347401830963,7.03829890414317,6.00331665358194,6.03430397727273,6.72026233941853,6.68493155886158,209
"220",2019,12,6.58725428571429,28,7.01279578947368,5.68888888888889,5,5.56,6.81057043478261,19,9,4,5,23,6145,4098,2047,708,1484,4661,6.69299002278275,7.0381806612982,6.00193421592575,6.0284604519774,6.71635309973046,6.68555153186012,210
"221",2020,1,6.32142857142857,42,6.98275862068965,4.84615384615385,5.5,4.83333333333333,6.72727272727273,29,13,6,9,33,6187,4127,2060,714,1493,4694,6.69046770486504,7.03779121637994,5.99464045631068,6.02401960784314,6.70500200937709,6.68584484235194,211
"222",2020,2,6.78111111111111,36,6.88,6.48444444444444,6.5,7.25,6.7225,27,9,2,4,32,6223,4154,2069,716,1497,4726,6.69099207616905,7.03676561145884,5.99677106814887,6.02534916201117,6.706458249833,6.68609303639441,212
"223",2020,3,6.81615384615385,26,6.96,6.33666666666667,6.755,5,6.9675,20,6,4,2,24,6249,4174,2075,720,1499,4750,6.69151283245319,7.03639778390034,5.99775389879518,6.02940277777778,6.70418145430287,6.68751488210526,213
"224",2020,4,6.60538461538462,26,7.087,5,3.5,5.8,6.79714285714286,20,6,2,5,21,6275,4194,2081,722,1504,4771,6.69115596653386,7.03663909155937,5.99487714560308,6.02239612188366,6.70117553191489,6.68799741982813,214
"225",2020,5,7.05,30,7.02,7.2,6,8,6.90384615384615,25,5,2,4,26,6305,4219,2086,724,1508,4797,6.6928633925456,7.03654049537805,5.9977657430489,6.02233425414365,6.70462068965517,6.68916733166562,215
"226",2020,6,6.64285714285714,21,7.11538461538461,5.875,5.66666666666667,NA,6.64285714285714,13,8,3,0,21,6326,4232,2094,727,1508,4818,6.69269739013595,7.03678269139887,5.99729672397326,6.02086657496561,6.70462068965517,6.6889654815276,216
"227",2020,7,6.72222222222222,18,7.40909090909091,5.64285714285714,5.625,5.33333333333333,7,11,7,4,3,15,6344,4243,2101,731,1511,4833,6.69278116172762,7.03774790242753,5.9961158210376,6.01870041039672,6.70189808074123,6.68993082764328,217
"228",2020,8,6.852,25,7.14117647058824,6.2375,5.85,7.2,6.765,17,8,4,5,20,6369,4260,2109,735,1516,4853,6.69340613754122,7.03816064553991,5.99703145566619,6.01778231292517,6.70354089709762,6.69024019987636,218
"229",2020,9,7.30769230769231,13,7.9,5.33333333333333,5,7.25,7.31818181818182,10,3,1,2,11,6382,4270,2112,736,1518,4864,6.69465742557192,7.04017900468384,5.99608870265152,6.01639945652174,6.70426086956522,6.69166029810855,219
"230",2020,10,6.73333333333333,15,6.81666666666667,6.4,7.1,7.33333333333333,6.58333333333333,12,3,3,3,12,6397,4282,2115,739,1521,4876,6.69474811474129,7.03955262727697,5.99666162647754,6.02079837618403,6.70550164365549,6.69139370180476,220
"231",2020,11,6.61,25,6.83333333333333,6.03571428571429,5,6.5,6.625,18,7,3,3,22,6422,4300,2122,742,1524,4898,6.69441820149486,7.03868938372093,5.99679045240339,6.01667115902965,6.70509711286089,6.69109548591262,221
"232",2020,12,6.67179487179487,39,6.9,6.34375,6.625,6.5,6.68611111111111,23,16,4,3,36,6461,4323,2138,746,1527,4934,6.69428164216066,7.03795150358548,5.99938696913003,6.01993297587132,6.70469417157826,6.69105911836238,222
"233",2021,1,6.97318947368421,38,7.24285714285714,6.21812,8.75,7.24285714285714,6.91229677419355,28,10,2,7,31,6499,4351,2148,748,1534,4965,6.69591243114325,7.03927013330269,6.00040527932961,6.02723262032086,6.70714993481095,6.6924404612286,223
"234",2021,2,6.63416666666667,24,6.97222222222222,5.62,5.66666666666667,6.8,6.59052631578947,18,6,3,5,19,6523,4369,2154,751,1539,4984,6.69568525065154,7.038993900206,5.9993456545961,6.02579227696405,6.70745159194282,6.69205194422151,224
"235",2021,3,6.69485714285714,21,6.92857142857143,6.22742857142857,6.064,6.596,6.70526315789474,14,7,3,2,19,6544,4383,2161,754,1541,5003,6.69568259321516,7.03864119324664,6.00008447015271,6.02594429708223,6.70730694354315,6.69210211672996,225
"236",2021,4,7.07894736842105,19,7.32142857142857,6.4,6,6,7.20588235294118,14,5,1,2,17,6563,4397,2166,755,1543,5020,6.69679215145513,7.03954158517171,6.00100763619575,6.02590993377484,6.70639014906027,6.69384200996016,226
"237",2021,5,6.90590909090909,22,6.86352941176471,7.05,6.625,8.375,6.759,17,5,2,2,20,6585,4414,2171,757,1545,5040,6.69749079574791,7.03886369506117,6.00342355596499,6.0274927344782,6.7085501618123,6.6941005734127,227
"238",2021,6,6.15789473684211,19,6.5,5.6875,5.875,6.5,6.11764705882353,11,8,4,2,17,6604,4425,2179,761,1547,5057,6.69593835402786,7.03752414689266,6.0022636714089,6.02669119579501,6.70828054298642,6.69216272295827,228
"239",2021,7,6.48076923076923,26,6.52777777777778,6.375,NA,5,6.67391304347826,18,8,0,3,23,6630,4443,2187,761,1550,5080,6.69509455354449,7.03545900292595,6.00362713305899,6.02669119579501,6.70497419354839,6.69208009645669,229
"240",2021,8,7.31578947368421,19,7.84615384615385,6.16666666666667,5,6.8,7.5,13,6,2,5,14,6649,4456,2193,763,1555,5094,6.69686823432095,7.03782413599641,6.00407320565436,6.024,6.70527974276527,6.69430052807224,230
"241",2021,9,6.42,20,6.59090909090909,6.21111111111111,6.75,7.875,6.05625,11,9,2,4,16,6669,4467,2202,765,1559,5110,6.69603792022792,7.03672360644728,6.00491940962761,6.02589803921569,6.70828094932649,6.69230271819961,231
"242",2021,10,6.22307692307692,26,6.22631578947368,6.21428571428571,10,6.7,6.10952380952381,19,7,1,5,21,6695,4486,2209,766,1564,5131,6.69420117849141,7.03329120597414,6.00558286102309,6.0310861618799,6.70825447570332,6.68991753849152,232
"243",2021,11,6.44137931034483,29,6.65,5.78571428571429,5.625,4.95,6.68,22,7,4,4,25,6724,4508,2216,770,1568,5156,6.69311078078525,7.03142066326531,6.00488833032491,6.02897662337662,6.70376913265306,6.6898694511249,233
"244",2021,12,6.34857142857143,35,6.56296296296296,5.625,5.33333333333333,5.35714285714286,6.59642857142857,27,8,3,7,28,6759,4535,2224,773,1575,5184,6.69132665926912,7.02863160970232,6.00352182553957,6.02627684346701,6.69778412698413,6.68936475501543,234
"245",2022,1,6.91612903225806,31,7.225,5.85714285714286,5,7,6.91333333333333,24,7,1,1,30,6790,4559,2231,774,1576,5214,6.69235300294551,7.02966535424435,6.00306254594352,6.02495090439277,6.69797588832487,6.69065341196778,235
"246",2022,2,6.58571428571429,21,6.8,6.05,5.33333333333333,6,6.64736842105263,15,6,3,2,19,6811,4574,2237,777,1578,5233,6.6920242093672,7.0289121884565,6.00318843987483,6.02228056628057,6.69709125475285,6.69049625262756,236
"247",2022,3,6.2075,24,6.59866666666667,5.55555555555556,NA,5.87,6.275,15,9,0,4,20,6835,4589,2246,777,1582,5253,6.69032288076079,7.02750585094792,6.00139471950134,6.02228056628057,6.695,6.68891431372549,237
"248",2022,4,6.31666666666667,21,6.70384615384615,5.6875,6,5.75,6.37631578947368,13,8,1,2,19,6856,4602,2254,778,1584,5272,6.68917836785298,7.02659155801826,6.00028062999113,6.02225192802057,6.69380681818182,6.68778772572079,238
"249",2022,5,5.99545454545455,22,6.375,5.54,4.68,7,5.895,12,10,5,2,20,6878,4614,2264,783,1586,5292,6.6869594198895,7.02489691157347,5.99824758833922,6.01368071519796,6.69419293820933,6.68479155139834,239
"250",2022,6,6.93684210526316,19,7.34285714285714,5.8,6,7.25,6.9,14,5,3,2,17,6897,4628,2269,786,1588,5309,6.68764780194288,7.02585876188419,5.9978107271926,6.01362849872774,6.69489294710327,6.68548067244302,240
"251",2022,7,6.30952380952381,21,6.25,6.5,NA,6.3,6.3125,16,5,0,5,16,6918,4644,2274,786,1593,5325,6.68649998409945,7.02318569121447,5.99891492524187,6.01362849872774,6.69365348399247,6.68435997934272,241
"252",2022,8,6.97142857142857,21,7.00769230769231,6.9125,NA,8,6.92,13,8,0,1,20,6939,4657,2282,786,1594,5345,6.68736228419081,7.02314244148594,6.0021176774759,6.01362849872774,6.6944730238394,6.68524170065482,242
"253",2022,9,6.47058823529412,17,6.81818181818182,5.83333333333333,5.5,6.5,6.46875,11,6,1,1,16,6956,4668,2288,787,1595,5361,6.68683250287522,7.022659458012,6.00167506118881,6.01297585768742,6.69435109717868,6.68459557731767,243
"254",2022,10,6.64285714285714,21,6.84375,6,6,7.33333333333333,6.52777777777778,16,5,5,3,18,6977,4684,2293,792,1598,5379,6.6867001418948,7.02204832408198,6.00167140863498,6.01289393939394,6.69555068836045,6.68407081055958,244
"255",2022,11,6.645,20,6.75,6.225,5.45,NA,6.645,16,4,2,0,20,6997,4700,2297,794,1598,5399,6.68658094754895,7.02112220212766,6.00206031345233,6.01147607052897,6.69555068836045,6.68392607705131,245
"256",2022,12,6.05714285714286,35,6.25,5.73076923076923,6.25,6.08333333333333,6.05172413793103,22,13,4,6,29,7032,4722,2310,798,1604,5428,6.68344807878271,7.01752951080051,6.00053356709957,6.01267167919799,6.69326059850374,6.68054843220339,246
