"","year","month","avg_rating","no_ratings","avg_rating_owned","avg_rating_not_owned","avg_rating_prev_owned","avg_rating_comment","avg_rating_no_comment","no_ratings_owned","no_ratings_not_owned","no_ratings_prev_owned","no_ratings_comment","no_ratings_no_comment","cum_no_ratings","cum_no_ratings_owned","cum_no_ratings_not_owned","cum_no_ratings_prev_owned","cum_no_ratings_comment","cum_no_ratings_no_comment","cum_avg_rating","cum_avg_rating_owned","cum_avg_rating_not_owned","cum_avg_rating_prev_owned","cum_avg_rating_comment","cum_avg_rating_no_comment","month_after_release"
"1",2005,9,6.66666666666667,3,6.66666666666667,NA,NA,6.5,7,3,0,0,2,1,3,3,0,0,2,1,6.66666666666667,6.66666666666667,NA,NA,6.5,7,-7
"2",2005,10,7,3,8,6.5,6,7,NA,1,2,1,3,0,6,4,2,1,5,1,6.83333333333333,7,6.5,6,6.8,7,-6
"3",2005,11,7.2,1,7.2,NA,NA,7.2,NA,1,0,0,1,0,7,5,2,1,6,1,6.88571428571429,7.04,6.5,6,6.86666666666667,7,-5
"4",2006,1,6.93333333333333,3,6.8,7,NA,7,6.8,1,2,0,2,1,10,6,4,1,8,2,6.9,7,6.75,6,6.9,6.9,-3
"5",2006,3,9,4,9.5,8.5,NA,NA,9,2,2,0,0,4,14,8,6,1,8,6,7.5,7.625,7.33333333333333,6,6.9,8.3,-1
"6",2006,4,6.92666666666667,3,6.89,7,7,6.92666666666667,NA,2,1,1,3,0,17,10,7,2,11,6,7.39882352941176,7.478,7.28571428571429,6.5,6.90727272727273,8.3,0
"7",2006,5,7.66666666666667,3,7.25,8.5,NA,8.5,6,2,1,0,2,1,20,12,8,2,13,7,7.439,7.44,7.4375,6.5,7.15230769230769,7.97142857142857,1
"8",2006,6,7.02,5,7.6,6.875,8,6.5,7.36666666666667,1,4,1,2,3,25,13,12,3,15,10,7.3552,7.45230769230769,7.25,7,7.06533333333333,7.79,2
"9",2006,7,6.45,4,6.45,NA,NA,6,6.6,4,0,0,1,3,29,17,12,3,16,13,7.23034482758621,7.21647058823529,7.25,7,6.99875,7.51538461538461,3
"10",2006,8,6.5,3,NA,6.5,6.75,7.5,6,0,3,2,1,2,32,17,15,5,17,15,7.161875,7.21647058823529,7.1,6.9,7.02823529411765,7.31333333333333,4
"11",2006,9,6.16666666666667,3,7.5,5.5,NA,6.16666666666667,NA,1,2,0,3,0,35,18,17,5,20,15,7.07657142857143,7.23222222222222,6.91176470588235,6.9,6.899,7.31333333333333,5
"12",2006,10,8,2,8,NA,NA,NA,8,2,0,0,0,2,37,20,17,5,20,17,7.12648648648649,7.309,6.91176470588235,6.9,6.899,7.39411764705882,6
"13",2006,11,5,1,NA,5,NA,5,NA,0,1,0,1,0,38,20,18,5,21,17,7.07052631578947,7.309,6.80555555555556,6.9,6.80857142857143,7.39411764705882,7
"14",2006,12,6.7,5,6.75,6.5,NA,NA,6.7,4,1,0,0,5,43,24,19,5,21,22,7.02744186046512,7.21583333333333,6.78947368421053,6.9,6.80857142857143,7.23636363636364,8
"15",2007,1,6.57142857142857,7,7,6,NA,6.8,6,4,3,0,5,2,50,28,22,5,26,24,6.9636,7.185,6.68181818181818,6.9,6.80692307692308,7.13333333333333,9
"16",2007,2,7.06497142857143,7,7,7.0758,7.75,6.9,7.4774,1,6,2,5,2,57,29,28,7,31,26,6.97604912280702,7.17862068965517,6.76624285714286,7.14285714285714,6.82193548387097,7.1598,10
"17",2007,3,8,1,8,NA,NA,NA,8,1,0,0,0,1,58,30,28,7,31,27,6.99370344827586,7.206,6.76624285714286,7.14285714285714,6.82193548387097,7.19091851851852,11
"18",2007,4,6,2,6,NA,NA,6,NA,2,0,0,2,0,60,32,28,7,33,27,6.96058,7.130625,6.76624285714286,7.14285714285714,6.77212121212121,7.19091851851852,12
"19",2007,5,8,1,8,NA,NA,NA,8,1,0,0,0,1,61,33,28,7,33,28,6.97761967213115,7.1569696969697,6.76624285714286,7.14285714285714,6.77212121212121,7.21981428571429,13
"20",2007,6,7.5,3,8,6.5,NA,8,6.5,2,1,0,2,1,64,35,29,7,35,29,7.00210625,7.20514285714286,6.75706206896552,7.14285714285714,6.84228571428571,7.19499310344828,14
"21",2007,7,7,3,7,7,NA,7,7,2,1,0,1,2,67,37,30,7,36,31,7.00201194029851,7.19405405405405,6.76516,7.14285714285714,6.84666666666667,7.18241290322581,15
"22",2007,8,6.83333333333333,3,6.75,7,7,6.5,7.5,2,1,1,2,1,70,39,31,8,38,32,6.99478285714286,7.17128205128205,6.77273548387097,7.125,6.82842105263158,7.1923375,16
"23",2007,9,7,6,7.375,6.25,NA,6.875,7.25,4,2,0,4,2,76,43,33,8,42,34,6.99519473684211,7.19023255813954,6.74105454545455,7.125,6.83285714285714,7.19572941176471,17
"24",2007,10,7,4,8,6.66666666666667,7,7,7,1,3,1,3,1,80,44,36,9,45,35,6.995435,7.20863636363636,6.73485555555556,7.11111111111111,6.844,7.19013714285714,18
"25",2007,11,7.41666666666667,6,7.7,6,NA,7.5,7.375,5,1,0,2,4,86,49,37,9,47,39,7.02482325581395,7.25877551020408,6.71499459459459,7.11111111111111,6.87191489361702,7.20909743589744,19
"26",2007,12,7.375,8,7.16666666666667,8,7,7,8,6,2,1,5,3,94,55,39,10,52,42,7.05462553191489,7.24872727272727,6.78089230769231,7.1,6.88423076923077,7.26559047619048,20
"27",2008,1,7.82142857142857,7,8.1875,7.33333333333333,8,7.5,8.25,4,3,1,4,3,101,59,42,11,56,45,7.1077702970297,7.31237288135593,6.82035238095238,7.18181818181818,6.92821428571429,7.33121777777778,21
"28",2008,2,7.86666666666667,3,7,8.3,8.6,7.8,8,1,2,1,2,1,104,60,44,12,58,46,7.12966153846154,7.30716666666667,6.88760909090909,7.3,6.95827586206897,7.34575652173913,22
"29",2008,3,7.63333333333333,3,7.5,7.7,NA,7.9,7.5,1,2,0,1,2,107,61,46,12,59,48,7.14378317757009,7.31032786885246,6.92293043478261,7.3,6.97423728813559,7.35218333333333,23
"30",2008,4,7.8,5,8,7.66666666666667,7.5,8,7.75,2,3,2,1,4,112,63,49,14,60,52,7.17307857142857,7.33222222222222,6.96846530612245,7.32857142857143,6.99133333333333,7.38278461538462,24
"31",2008,5,7.66666666666667,3,9,7,7,NA,7.66666666666667,1,2,1,0,3,115,64,51,15,60,55,7.1859547826087,7.35828125,6.96970196078431,7.30666666666667,6.99133333333333,7.39826909090909,25
"32",2008,6,7.5,2,6,9,NA,6,9,1,1,0,1,1,117,65,52,15,61,56,7.19132307692308,7.33738461538462,7.00874615384615,7.30666666666667,6.97508196721312,7.42687142857143,26
"33",2008,7,6.08,5,5.95,6.16666666666667,6.16666666666667,6.16666666666667,5.95,2,3,3,3,2,122,67,55,18,64,58,7.14577704918033,7.29597014925373,6.96281454545455,7.11666666666667,6.9371875,7.37594482758621,27
"34",2008,8,7,6,7.66666666666667,6.33333333333333,7,7.5,6.75,3,3,2,2,4,128,70,58,20,66,62,7.13894375,7.31185714285714,6.93025517241379,7.105,6.95424242424242,7.33556129032258,28
"35",2008,9,7.05555555555556,9,7.41666666666667,6.33333333333333,7,6.8,7.375,6,3,2,5,4,137,76,61,22,71,66,7.13346569343066,7.32013157894737,6.90089836065574,7.09545454545454,6.94338028169014,7.33795151515152,29
"36",2008,10,6.90625,8,7.5625,6.25,6.5,6,7.20833333333333,4,4,2,2,6,145,80,65,24,73,72,7.12092965517241,7.33225,6.86084307692308,7.04583333333333,6.91753424657534,7.32715,30
"37",2008,11,7.53525,4,7.547,7.5,7.5,7.641,7.5,3,1,1,1,3,149,83,66,25,74,75,7.13205234899329,7.34001204819277,6.87052727272727,7.064,6.92731081081081,7.334064,31
"38",2008,12,6,4,NA,6,6,5.75,6.25,0,4,3,2,2,153,83,70,28,76,77,7.10245620915033,7.34001204819277,6.82078285714286,6.95,6.89632894736842,7.30590649350649,32
"39",2009,1,6.5,6,6.83333333333333,6.16666666666667,6.5,6.25,7,3,3,1,4,2,159,86,73,29,80,79,7.07972201257862,7.32233720930232,6.79390136986301,6.93448275862069,6.8640125,7.29816202531646,33
"40",2009,2,7.45,8,8,7.26666666666667,7.25,7.6,7.3,2,6,4,4,4,167,88,79,33,84,83,7.09745988023952,7.33773863636364,6.82980759493671,6.97272727272727,6.89905952380952,7.29825060240964,34
"41",2009,3,6,5,NA,6,6,5,6.25,0,5,1,1,4,172,88,84,34,85,87,7.06555697674419,7.33773863636364,6.78041428571429,6.94411764705882,6.87671764705882,7.25005517241379,35
"42",2009,4,5.625,4,6.16666666666667,4,NA,7.25,4,3,1,0,2,2,176,91,85,34,87,89,7.03281704545454,7.29913186813187,6.74770352941176,6.94411764705882,6.88529885057471,7.1770202247191,36
"43",2009,5,6.55555555555556,9,7,6.2,6.5,6.25,6.8,4,5,2,4,5,185,95,90,36,91,94,7.00959891891892,7.28653684210526,6.71727555555556,6.91944444444444,6.85737362637363,7.15696595744681,37
"44",2009,6,7,9,7.5,6.6,6.5,7,7,4,5,2,4,5,194,99,95,38,95,99,7.00915360824742,7.29516161616162,6.71110315789474,6.89736842105263,6.86337894736842,7.14903838383838,38
"45",2009,7,7.04166666666667,12,7.25,6.83333333333333,7,6.9,7.14285714285714,6,6,5,5,7,206,105,101,43,100,106,7.01104757281553,7.29258095238095,6.71836435643564,6.9093023255814,6.86521,7.14863018867925,39
"46",2009,8,6.05,10,6.5,5.75,7.33333333333333,5.125,6.66666666666667,4,6,3,4,6,216,109,107,46,104,112,6.96655462962963,7.26349541284404,6.66406355140187,6.93695652173913,6.79827884615385,7.12281071428571,40
"47",2009,9,7.26,5,7.5,6.3,NA,7,7.325,4,1,0,1,4,221,113,108,46,105,116,6.97319366515837,7.27186725663717,6.66069259259259,6.93695652173913,6.8002,7.12978275862069,41
"48",2009,10,6.78571428571429,7,6.83333333333333,6.75,6.5,6.5,6.9,3,4,2,2,5,228,116,112,48,107,121,6.96743771929825,7.26052586206896,6.66388214285714,6.91875,6.79458878504673,7.12028760330579,42
"49",2009,11,5.82142857142857,7,7.25,5.25,6,7,5.625,2,5,2,1,6,235,118,117,50,108,127,6.93330127659574,7.26034745762712,6.60345982905983,6.882,6.79649074074074,7.04964409448819,43
"50",2009,12,6.83611111111111,9,7.17083333333333,6.16666666666667,6,6.00833333333333,7.25,6,3,2,3,6,244,124,120,52,111,133,6.92971639344262,7.25601612903226,6.59254,6.84807692307692,6.77518918918919,7.05868270676692,44
"51",2010,1,6.94444444444444,9,7.16666666666667,6.5,6.5,6.8,7.125,6,3,3,5,4,253,130,123,55,116,137,6.93024031620553,7.25189230769231,6.59028292682927,6.82909090909091,6.77625862068965,7.06061897810219,45
"52",2010,2,6.5,2,7,6,6,6,7,1,1,1,1,1,255,131,124,56,117,138,6.92686588235294,7.24996946564885,6.58552258064516,6.81428571428571,6.76962393162393,7.06017971014493,46
"53",2010,3,7.075,4,8,6.15,5,8,6.15,2,2,1,2,2,259,133,126,57,119,140,6.92915366795367,7.26124812030075,6.57860952380952,6.78245614035088,6.7903025210084,7.04717714285714,47
"54",2010,4,6.5,3,6.75,6,NA,6,6.75,2,1,0,1,2,262,135,127,57,120,142,6.92423969465649,7.25367407407407,6.57405354330709,6.78245614035088,6.78371666666667,7.04299154929577,48
"55",2010,5,6.83333333333333,3,7,6.75,7.5,7.25,6,1,2,1,2,1,265,136,129,58,122,143,6.92321056603773,7.25180882352941,6.57678139534884,6.7948275862069,6.7913606557377,7.0356979020979,49
"56",2010,6,7.05,8,7.38,6.5,6.5,6.9,7.2,5,3,3,4,4,273,141,132,61,126,147,6.92692600732601,7.25635460992908,6.57503636363636,6.78032786885246,6.79480952380952,7.04016870748299,50
"57",2010,7,5,4,NA,5,5,5.33333333333333,4,0,4,2,3,1,277,141,136,63,129,148,6.89910036101083,7.25635460992908,6.52871176470588,6.72380952380952,6.76082170542636,7.01962702702703,51
"58",2010,8,5.5,2,NA,5.5,6,6,5,0,2,1,1,1,279,141,138,64,130,149,6.88907096774193,7.25635460992908,6.51380289855072,6.7125,6.75496923076923,7.00607248322148,52
"59",2010,9,6.63333333333333,3,6.45,7,NA,6,6.95,2,1,0,1,2,282,143,139,64,131,151,6.88635035460993,7.24507692307692,6.51730071942446,6.7125,6.74920610687023,7.0053298013245,53
"60",2010,10,6.63333333333333,6,8.26666666666667,5,5,6.3,8.3,3,3,3,5,1,288,146,142,67,136,152,6.88107916666667,7.26606849315068,6.48524507042254,6.63582089552239,6.73269117647059,7.01384736842105,54
"61",2010,11,7.10714285714286,7,7,7.15,7.1875,7.1875,7,2,5,4,4,3,295,148,147,71,140,155,6.88644338983051,7.26247297297297,6.50785578231293,6.6669014084507,6.74568571428571,7.01357935483871,55
"62",2010,12,6.7,5,7,6.625,7,6.5,7,1,4,1,3,2,300,149,151,72,143,157,6.883336,7.26071140939597,6.51095894039735,6.67152777777778,6.74053146853147,7.01340636942675,56
"63",2011,1,6.44545454545455,11,6,6.6125,6.475,6.33333333333333,6.4875,3,8,4,3,8,311,152,159,76,146,165,6.86784823151125,7.23582894736842,6.5160679245283,6.66118421052632,6.73216438356164,6.98790787878788,57
"64",2011,2,6.5,6,6.75,6,7,6,6.75,4,2,1,2,4,317,156,161,77,148,169,6.8608858044164,7.22337179487179,6.50965714285714,6.66558441558442,6.72227027027027,6.98227692307692,58
"65",2011,3,7.78571428571429,7,7.8,7.75,NA,7.33333333333333,8.125,5,2,0,3,4,324,161,163,77,151,173,6.88086666666667,7.24127950310559,6.52487607361963,6.66558441558442,6.73441059602649,7.00869826589595,59
"66",2011,4,6.71428571428571,7,6.66666666666667,6.75,7,7.5,6.4,3,4,3,2,5,331,164,167,80,153,178,6.87734380664653,7.23076829268293,6.53026826347305,6.678125,6.74441830065359,6.9916,60
"67",2011,5,7,8,7.5,6.5,7,6,7.33333333333333,4,4,2,2,6,339,168,171,82,155,184,6.8802383480826,7.23717857142857,6.52956023391813,6.6859756097561,6.73481290322581,7.00274347826087,61
"68",2011,6,6.33333333333333,6,7.33333333333333,5.33333333333333,5.33333333333333,7,5.66666666666667,3,3,3,3,3,345,171,174,85,158,187,6.87072695652174,7.23886549707602,6.50893563218391,6.63823529411765,6.73984810126582,6.98130909090909,62
"69",2011,7,6.83333333333333,6,6.5,7.5,7.5,6.5,7,4,2,2,2,4,351,175,176,87,160,191,6.87008774928775,7.22197714285714,6.52019772727273,6.65804597701149,6.73685,6.98170052356021,63
"70",2011,8,6.5,6,8,6.2,6,NA,6.5,1,5,3,0,6,357,176,181,90,160,197,6.86386778711485,7.22639772727273,6.51135248618785,6.63611111111111,6.73685,6.96702944162437,64
"71",2011,9,5.83333333333333,3,NA,5.83333333333333,5.5,NA,5.83333333333333,0,3,2,0,3,360,176,184,92,160,200,6.85528,7.22639772727273,6.50029782608696,6.61141304347826,6.73685,6.950024,65
"72",2011,10,6.75,6,7.5,6.6,7,7.16666666666667,6.33333333333333,1,5,1,3,3,366,177,189,93,163,203,6.85355409836066,7.22794350282486,6.50293544973545,6.61559139784946,6.74476073619632,6.94091034482759,66
"73",2011,11,6.75,6,6.9,6,6,8,6.5,5,1,1,1,5,372,182,190,94,164,208,6.85188387096774,7.21893406593406,6.50028842105263,6.60904255319149,6.75241463414634,6.93031153846154,67
"74",2011,12,6.86363636363636,11,7.625,6.42857142857143,6.25,6.9,6.83333333333333,4,7,4,5,6,383,186,197,98,169,214,6.85222140992167,7.22766666666667,6.49774010152284,6.59438775510204,6.75678106508876,6.92759252336449,68
"75",2012,1,6.45,12,6.8,6.2,6.625,7.25,6.29,5,7,4,2,10,395,191,204,102,171,224,6.84000202531646,7.21647120418848,6.48752352941177,6.59558823529412,6.76254970760234,6.89912857142857,69
"76",2012,2,7.25,4,7.33333333333333,7,7,NA,7.25,3,1,1,0,4,399,194,205,103,171,228,6.84411228070175,7.21827835051546,6.49002341463415,6.5995145631068,6.76254970760234,6.90528421052632,70
"77",2012,3,7.5,5,8.33333333333333,6.25,6.25,6.5,9,3,2,2,3,2,404,197,207,105,174,230,6.8522297029703,7.23525888324873,6.48770434782609,6.59285714285714,6.75802298850575,6.92349913043478,71
"78",2012,4,6.6,5,7,6,NA,5,7.66666666666667,3,2,0,2,3,409,200,209,105,176,233,6.84914621026895,7.23173,6.48303732057416,6.59285714285714,6.73804545454545,6.9330678111588,72
"79",2012,5,7.25,4,7.75,6.75,6.75,6,7.66666666666667,2,2,2,1,3,413,202,211,107,177,236,6.85302857142857,7.23686138613861,6.48556777251185,6.59579439252336,6.73387570621469,6.94239322033898,73
"80",2012,6,6.83333333333333,6,8,6.6,7,7,6.8,1,5,2,1,5,419,203,216,109,178,241,6.85274653937948,7.24062068965517,6.48821666666667,6.60321100917431,6.73537078651685,6.93943900414938,74
"81",2012,7,7.0625,8,7.375,6.75,6,NA,7.0625,4,4,1,0,8,427,207,220,110,178,249,6.85667634660422,7.24321739130435,6.49297636363636,6.59772727272727,6.73537078651685,6.94339277108434,75
"82",2012,8,7.25,4,7.5,6.5,NA,7.25,7.25,3,1,0,2,2,431,210,221,110,180,251,6.86032668213457,7.24688571428571,6.49300814479638,6.59772727272727,6.74108888888889,6.94583585657371,76
"83",2012,9,8,5,8.75,5,NA,10,7.5,4,1,0,1,4,436,214,222,110,181,255,6.87339633027523,7.27498130841121,6.48628288288288,6.59772727272727,6.75909392265193,6.95452862745098,77
"84",2012,10,7.76666666666667,6,7.86666666666667,7.66666666666667,NA,8.5,7.4,3,3,0,2,4,442,217,225,110,183,259,6.8855221719457,7.28316129032258,6.50202133333333,6.59772727272727,6.77812021857924,6.9614084942085,78
"85",2012,11,6.53,10,7.5,6.2875,5.875,7.5,6.2875,2,8,4,2,8,452,219,233,114,185,267,6.87765663716814,7.28514155251141,6.49465579399142,6.57236842105263,6.78592432432432,6.94121647940075,79
"86",2012,12,6.88333333333333,6,7.06,6,6,7,6.86,5,1,1,1,5,458,224,234,115,186,272,6.87773100436681,7.28011607142857,6.49254188034188,6.56739130434783,6.7870752688172,6.93972352941176,80
"87",2013,1,5.5,4,NA,5.5,5,NA,5.5,0,4,2,0,4,462,224,238,117,186,276,6.8658025974026,7.28011607142857,6.47586050420168,6.54059829059829,6.7870752688172,6.91885797101449,81
"88",2013,2,7.33333333333333,3,7.5,7,7,NA,7.33333333333333,2,1,1,0,3,465,226,239,118,186,279,6.86881892473118,7.28206194690265,6.47805355648536,6.54449152542373,6.7870752688172,6.9233146953405,82
"89",2013,3,8.25,4,8.66666666666667,7,7,NA,8.25,3,1,1,0,4,469,229,240,119,186,283,6.8805987206823,7.30020087336244,6.48022833333333,6.54831932773109,6.7870752688172,6.94206643109541,83
"90",2013,4,6,2,5,7,7,5,7,1,1,1,1,1,471,230,241,120,187,284,6.87685944798302,7.2902,6.48238506224066,6.55208333333333,6.77751871657754,6.94227042253521,84
"91",2013,5,6.91666666666667,6,7.125,6.5,5.5,6.66666666666667,7.16666666666667,4,2,1,3,3,477,234,243,121,190,287,6.87736016771489,7.28737606837607,6.48253004115226,6.54338842975207,6.77576842105263,6.94461602787456,85
"92",2013,6,7.25,4,7,7.5,NA,6.66666666666667,9,2,2,0,3,1,481,236,245,121,193,288,6.88045904365904,7.2849406779661,6.49083591836735,6.54338842975207,6.7740725388601,6.95175277777778,86
"93",2013,7,7.11666666666667,6,7.25,6.85,7,8,6.94,4,2,1,1,5,487,240,247,122,194,293,6.88336919917865,7.28435833333333,6.49374412955466,6.54713114754098,6.78039175257732,6.95155221843003,87
"94",2013,8,6.2,5,7,6,5.66666666666667,7,6,1,4,3,1,4,492,241,251,125,195,297,6.8764243902439,7.28317842323651,6.48587569721116,6.526,6.78151794871795,6.9387367003367,88
"95",2013,9,9.33333333333333,3,9.33333333333333,NA,NA,NA,9.33333333333333,3,0,0,0,3,495,244,251,125,195,300,6.89131474747475,7.30838524590164,6.48587569721116,6.526,6.78151794871795,6.96268266666667,89
"96",2013,10,6.58,5,6.95,6.33333333333333,6,6.45,6.66666666666667,2,3,2,2,3,500,246,254,127,197,303,6.8882016,7.30547154471545,6.48407401574803,6.51771653543307,6.77815228426396,6.95975181518152,90
"97",2013,11,5.82,5,7,5.525,NA,7,5.525,1,4,0,1,4,505,247,258,127,198,307,6.87762534653465,7.30423481781376,6.46920465116279,6.51771653543307,6.77927272727273,6.94105798045603,91
"98",2013,12,6.66666666666667,3,6,7,NA,7,6.5,1,2,0,1,2,508,248,260,127,199,309,6.87637952755906,7.29897580645161,6.47328769230769,6.51771653543307,6.78038190954774,6.93820323624595,92
"99",2014,1,7.2,5,7.2,NA,NA,NA,7.2,5,0,0,0,5,513,253,260,127,199,314,6.87953372319688,7.29701976284585,6.47328769230769,6.51771653543307,6.78038190954774,6.94237197452229,93
"100",2014,2,7.14,5,7.43333333333333,6.7,NA,NA,7.14,3,2,0,0,5,518,256,262,127,199,319,6.88204787644788,7.2986171875,6.47501832061069,6.51771653543307,6.78038190954774,6.94546959247649,94
"101",2014,3,6.28571428571429,7,6.75,5.66666666666667,5.66666666666667,NA,6.28571428571429,4,3,3,0,7,525,260,265,130,199,326,6.87409676190476,7.29017692307692,6.46586716981132,6.49807692307692,6.78038190954774,6.93130306748466,95
"102",2014,4,7.16666666666667,3,7.25,7,7,7,7.25,2,1,1,1,2,528,262,266,131,200,328,6.87575909090909,7.28987022900763,6.46787518796993,6.50190839694656,6.78148,6.93324634146341,96
"103",2014,5,7.09375,8,7.29166666666667,6.5,6,7,7.15,6,2,1,3,5,536,268,268,132,203,333,6.87901268656716,7.28991044776119,6.46811492537314,6.49810606060606,6.78470935960591,6.9365009009009,97
"104",2014,6,6.48,5,6.96666666666667,5.75,NA,8,6.1,3,2,0,1,4,541,271,270,132,204,337,6.87532495378928,7.28633210332103,6.46279555555556,6.49810606060606,6.79066666666667,6.92657210682493,98
"105",2014,7,6.5,4,7,5,5,NA,6.5,3,1,1,0,4,545,274,271,133,204,341,6.87257027522936,7.28319708029197,6.45739778597786,6.48684210526316,6.79066666666667,6.92156832844575,99
"106",2014,8,6.9,9,7.325,6.56,6.4,NA,6.9,4,5,2,0,9,554,278,276,135,204,350,6.87301588447653,7.28379856115108,6.45925652173913,6.48555555555556,6.79066666666667,6.92101371428571,100
"107",2014,9,7,1,NA,7,7,7,NA,0,1,1,1,0,555,278,277,136,205,350,6.87324468468468,7.28379856115108,6.46120866425993,6.48933823529412,6.79168780487805,6.92101371428571,101
"108",2014,10,7.12,25,7.67857142857143,6.40909090909091,6.75,7.16666666666667,7.10526315789474,14,11,4,6,19,580,292,288,140,211,369,6.88388068965517,7.30272602739726,6.45921805555556,6.49678571428571,6.80235071090047,6.93050081300813,102
"109",2014,11,6.73333333333333,21,7.675,6.15384615384615,6.5,6.5,6.77222222222222,8,13,6,3,18,601,300,301,146,214,387,6.87862029950083,7.31265333333333,6.4460292358804,6.49691780821918,6.79811214953271,6.92313901808785,103
"110",2014,12,6.8125,16,7.5,6.4,7.16666666666667,7,6.76923076923077,6,10,3,3,13,617,306,311,149,217,400,6.8769056726094,7.31632679738562,6.44454919614148,6.51040268456376,6.80090322580645,6.918137,104
"111",2015,1,7.06285714285714,35,7.24736842105263,6.84375,7.25,7,7.08148148148148,19,16,4,8,27,652,325,327,153,225,427,6.88688773006135,7.31229538461538,6.46408195718654,6.5297385620915,6.80798222222222,6.92846557377049,105
"112",2015,2,7.2975,20,7.875,6.43125,6.625,7.5,7.246875,12,8,2,4,16,672,337,335,155,229,443,6.89910833333333,7.33233234421365,6.46329791044776,6.53096774193548,6.82006986899563,6.93996568848758,106
"113",2015,3,7.16666666666667,9,7.4,6.875,7,7,7.21428571428571,5,4,1,2,7,681,342,339,156,231,450,6.90264434654919,7.3333216374269,6.46815575221239,6.53397435897436,6.82162770562771,6.94423288888889,107
"114",2015,4,7.45333333333333,15,7.58888888888889,7.25,7.25,7.5,7.43636363636364,9,6,2,4,11,696,351,345,158,235,461,6.91451264367816,7.33987464387464,6.48175304347826,6.54303797468354,6.83317446808511,6.95597570498915,108
"115",2015,5,7.47333333333333,15,7.83333333333333,7.23333333333333,7,7.5,7.46923076923077,6,9,2,2,13,711,357,354,160,237,474,6.92630210970464,7.34816806722689,6.50086101694915,6.54875,6.83880168776371,6.9700523206751,109
"116",2015,6,7.0125,16,7.4,6.625,6.5,7.5,6.9,8,8,4,3,13,727,365,362,164,240,487,6.92819917469051,7.34930410958904,6.5036044198895,6.54756097560976,6.84706666666667,6.96818234086242,110
"117",2015,7,7.68181818181818,11,8,6.25,NA,NA,7.68181818181818,9,2,0,0,11,738,374,364,164,240,498,6.93943197831978,7.36496256684492,6.50221098901099,6.54756097560976,6.84706666666667,6.9839453815261,111
"118",2015,8,7.40769230769231,13,7.94444444444444,6.2,NA,7.18571428571429,7.66666666666667,9,4,0,7,6,751,383,368,164,247,504,6.94753768308921,7.37857963446475,6.49892608695652,6.54756097560976,6.85666396761134,6.99207301587301,112
"119",2015,9,7.51470588235294,17,7.6875,7.1,6.25,7,7.625,12,5,2,3,14,768,395,373,166,250,518,6.9600921875,7.38796455696202,6.50698337801609,6.54397590361446,6.858384,7.00917915057915,113
"120",2015,10,6.67857142857143,14,7.25,6.45,6.25,6,6.79166666666667,4,10,2,2,12,782,399,383,168,252,530,6.95505217391304,7.38658145363408,6.5054955613577,6.54047619047619,6.85157142857143,7.00425433962264,114
"121",2015,11,6.8404,25,6.79615384615385,6.88833333333333,7.2,6.36111111111111,7.11,13,12,5,9,16,807,412,395,173,261,546,6.95150037174721,7.36795145631068,6.51712607594937,6.55953757225434,6.83465900383142,7.00735311355311,115
"122",2015,12,7.17857142857143,28,7.42857142857143,6.42857142857143,6.5,7,7.19230769230769,21,7,4,2,26,835,433,402,177,263,572,6.95911473053892,7.37089145496536,6.51558407960199,6.55819209039548,6.83591634980989,7.01576013986014,116
"123",2016,1,7.21428571428571,21,7.17857142857143,7.28571428571429,7.5,7.92857142857143,6.85714285714286,14,7,2,7,14,856,447,409,179,270,586,6.96537476635514,7.36486800894854,6.52876479217604,6.56871508379888,6.86424444444444,7.01197064846416,117
"124",2016,2,7.605,20,8.32857142857143,7.21538461538462,6.75714285714286,7.6,7.60588235294118,7,13,7,3,17,876,454,422,186,273,603,6.97997808219178,7.3797268722467,6.54991658767773,6.5758064516129,6.87232967032967,7.0287144278607,118
"125",2016,3,7.046875,16,7.0625,7,7,6.33333333333333,7.21153846153846,12,4,2,3,13,892,466,426,188,276,616,6.98117802690583,7.37155793991416,6.55414272300469,6.58031914893617,6.86647101449275,7.03257272727273,119
"126",2016,4,7.253125,32,7.34736842105263,7.11538461538461,6.5625,7,7.3,19,13,8,5,27,924,485,439,196,281,643,6.99059610389611,7.37061030927835,6.57076264236902,6.57959183673469,6.86884697508897,7.04380217729393,120
"127",2016,5,7.246875,32,7.27826086956522,7.16666666666667,7.125,7.675,7.10416666666667,23,9,4,8,24,956,508,448,200,289,667,6.99917447698745,7.36642913385827,6.58273392857143,6.5905,6.89116262975779,7.04597421289355,121
"128",2016,6,7.072,25,7.35294117647059,6.475,6.88333333333333,7.83333333333333,6.83157894736842,17,8,6,6,19,981,525,456,206,295,686,7.00103037716616,7.36599238095238,6.58084385964912,6.59902912621359,6.91032542372881,7.0400361516035,122
"129",2016,7,7.222,25,7.95,6.73666666666667,7.25,7.83333333333333,7.02894736842105,10,15,6,6,19,1006,535,471,212,301,705,7.00652166998012,7.37690841121495,6.58580636942675,6.61745283018868,6.92872425249169,7.03973730496454,123
"130",2016,8,7,28,7.4375,6.41666666666667,6.42857142857143,7,7,16,12,7,3,25,1034,551,483,219,304,730,7.00634506769826,7.37866787658802,6.58160414078675,6.61141552511415,6.92942763157895,7.03837643835616,124
"131",2016,9,7.86363636363636,11,7.71428571428571,8.125,NA,7.33333333333333,8.0625,7,4,0,3,8,1045,558,487,219,307,738,7.01536918660287,7.38287813620072,6.59428090349076,6.61141552511415,6.93337459283388,7.04947804878049,125
"132",2016,10,7.09821428571429,28,7.63333333333333,6.48076923076923,6.54166666666667,7,7.13095238095238,15,13,6,7,21,1073,573,500,225,314,759,7.01753103448276,7.38943455497382,6.5913296,6.60955555555555,6.93485987261147,7.05173227931489,126
"133",2016,11,7.14230769230769,26,7.7625,6.15,5.66666666666667,7,7.19473684210526,16,10,3,7,19,1099,589,510,228,321,778,7.02048298453139,7.3995687606112,6.58267607843137,6.59714912280702,6.93628037383178,7.05522467866324,127
"134",2016,12,6.66536363636364,22,7.2092,5.5,4.5,6.2276,6.79411764705882,15,7,4,5,17,1121,604,517,232,326,795,7.0135136485281,7.39484105960265,6.5680170212766,6.56099137931034,6.92541104294479,7.04964125786163,128
"135",2017,1,7.11363636363636,22,7.43333333333333,6.42857142857143,6.2,7.25,7.1,15,7,5,2,20,1143,619,524,237,328,815,7.01544076990376,7.39577382875606,6.56615419847328,6.55337552742616,6.92739024390244,7.05087705521472,129
"136",2017,2,7.11176470588235,17,7.4,6.58333333333333,6,7.85,6.88461538461539,11,6,2,4,13,1160,630,530,239,332,828,7.0168524137931,7.39584761904762,6.56634867924528,6.54874476987448,6.93850602409639,7.04826666666667,130
"137",2017,3,7.348,25,7.46190476190476,6.75,7,8.2,7.07894736842105,21,4,1,6,19,1185,651,534,240,338,847,7.02383864978903,7.39797849462365,6.56772434456929,6.550625,6.96089940828402,7.04895489964581,131
"138",2017,4,7.2625,20,7.375,7,7.66666666666667,7.80833333333333,7.02857142857143,14,6,3,6,14,1205,665,540,243,344,861,7.0277998340249,7.3974947368421,6.57252740740741,6.56440329218107,6.97568023255814,7.04862346109175,132
"139",2017,5,7.04423076923077,26,7.290625,6.65,6.25,7.5,6.93571428571429,16,10,6,5,21,1231,681,550,249,349,882,7.02814687246141,7.39498384728341,6.573936,6.55682730923695,6.98319197707736,7.04593514739229,133
"140",2017,6,7.2952380952381,21,7.72857142857143,6.42857142857143,6,8,7.22105263157895,14,7,2,2,19,1252,695,557,251,351,901,7.0326268370607,7.4017035971223,6.5721091561939,6.55239043824701,6.98898575498576,7.04962796892342,134
"141",2017,7,6.60445,14,7.25,6.34623,6.6202875,7,6.57402307692308,4,10,8,1,13,1266,699,567,259,352,914,7.02789186413902,7.40083547925608,6.5681253968254,6.55448764478764,6.98901704545455,7.04286334792122,135
"142",2017,8,7.66666666666667,15,8,7,6.5,NA,7.66666666666667,10,5,4,0,15,1281,709,572,263,352,929,7.03537166276347,7.40928631875881,6.57190052447553,6.55365893536122,6.98901704545455,7.05293552206674,136
"143",2017,9,6.85714285714286,14,7.33333333333333,6.5,6.58333333333333,6.16666666666667,7.04545454545455,6,8,6,3,11,1295,715,580,269,355,940,7.03344486486487,7.40864895104895,6.57090879310345,6.55432081784387,6.9820676056338,7.0528479787234,137
"144",2017,10,6.99473684210526,19,7.37777777777778,6.65,6.3,7.83333333333333,6.8375,9,10,5,3,16,1314,724,590,274,358,956,7.03288515981735,7.40826519337016,6.5722493220339,6.5496799270073,6.98920111731844,7.04924382845188,138
"145",2017,11,7.14583333333333,24,7.61538461538461,6.59090909090909,6.86,7.08333333333333,7.16666666666667,13,11,5,6,18,1338,737,601,279,364,974,7.03491113602392,7.41191858887381,6.57259084858569,6.55524121863799,6.99075274725275,7.05141386036961,139
"146",2017,12,7.01578947368421,19,7.5,5.96666666666667,5.95,6.375,7.18666666666667,13,6,4,4,15,1357,750,607,283,368,989,7.0346434045689,7.41344533333333,6.56660148270181,6.54668657243816,6.9840597826087,7.0534652173913,140
"147",2018,1,7.34464285714286,28,7.57857142857143,6.64285714285714,6.16666666666667,7.66666666666667,7.25681818181818,21,7,3,6,22,1385,771,614,286,374,1011,7.04091054151625,7.4179429312581,6.56747084690554,6.54270034965035,6.99501069518717,7.0578903066271,141
"148",2018,2,6.63333333333333,21,6.98571428571429,5.92857142857143,6.375,6.5,6.64736842105263,14,7,4,2,19,1406,785,621,290,376,1030,7.03482297297297,7.41023439490446,6.56026908212561,6.54038724137931,6.99237765957447,7.05031757281553,142
"149",2018,3,7.325,20,7.46428571428571,7,7.33333333333333,7.56666666666667,7.28235294117647,14,6,3,3,17,1426,799,627,293,379,1047,7.0388927769986,7.41118147684606,6.56447703349282,6.54850614334471,6.9969234828496,7.05408510028653,143
"150",2018,4,7.25,14,7.75,6,5,NA,7.25,10,4,1,0,14,1440,809,631,294,379,1061,7.04094520833333,7.415369592089,6.56089873217116,6.54323911564626,6.9969234828496,7.05667021677662,144
"151",2018,5,6.81818181818182,22,7.1,6.21428571428571,6.375,5,6.90476190476191,15,7,4,1,21,1462,824,638,298,380,1082,7.03759309165527,7.4096286407767,6.55709576802508,6.54098087248322,6.99166842105263,7.0537219038817,145
"152",2018,6,6.90263157894737,19,7.415,6.33333333333333,6.66666666666667,6.21666666666667,7.03125,10,9,3,3,16,1481,834,647,301,383,1098,7.03586164753545,7.40969304556355,6.55398315301391,6.54223355481727,6.98559791122715,7.05339444444444,146
"153",2018,7,7.45263157894737,19,7.86363636363636,6.8875,6.66666666666667,7.5,7.44375,11,8,3,3,16,1500,845,655,304,386,1114,7.04114073333333,7.4156023668639,6.55805664122138,6.54346151315789,6.98959585492228,7.05900098743267,147
"154",2018,8,7,18,7.33333333333333,6.66666666666667,7,7.75,6.95588235294118,9,9,2,1,17,1518,854,664,306,387,1131,7.04065289855072,7.41473536299766,6.55952876506024,6.5464454248366,6.99156072351421,7.05745101679929,148
"155",2018,9,7.20454545454545,22,7.26470588235294,7,7.5,6.83333333333333,7.26315789473684,17,5,2,3,19,1540,871,669,308,390,1150,7.04299422077922,7.41180711825488,6.56282077727952,6.55263733766234,6.99034358974359,7.06084965217391,149
"156",2018,10,7.4375,16,7.66666666666667,7.14285714285714,7.2,6.33333333333333,7.69230769230769,9,7,5,3,13,1556,880,676,313,393,1163,7.04705083547558,7.41441363636363,6.56882707100592,6.5629785942492,6.98532824427481,7.06790808254514,150
"157",2018,11,6.76428571428571,14,7.44444444444444,5.54,6.425,5.5,6.975,9,5,4,2,12,1570,889,681,317,395,1175,7.04452936305732,7.41471766029246,6.56127327459618,6.56123753943218,6.97780759493671,7.06695923404255,151
"158",2018,12,6.8,22,7.23125,5.65,6,7.075,6.73888888888889,16,6,1,4,18,1592,905,687,318,399,1193,7.04115018844221,7.41147403314917,6.55331455604076,6.55947264150943,6.97878195488722,7.06200930427494,152
"159",2019,1,7.05588235294118,34,7.325,6.67142857142857,6.3,7.4,6.99655172413793,20,14,8,5,29,1626,925,701,326,404,1222,7.04145824108241,7.40960432432432,6.55567346647646,6.55310521472393,6.98399504950495,7.06045589198036,153
"160",2019,2,7.29230769230769,26,7.65625,6.71,6.71428571428571,6.25,7.48181818181818,16,10,7,4,22,1652,941,711,333,408,1244,7.04540623486683,7.41379808714134,6.55784402250352,6.55649339339339,6.97679901960784,7.06790763665595,154
"161",2019,3,7.15,20,7.46153846153846,6.57142857142857,6.3,6,7.27777777777778,13,7,5,2,18,1672,954,718,338,410,1262,7.04665735645933,7.41444863731656,6.55797646239554,6.55269911242604,6.97203414634146,7.07090103011094,155
"162",2019,4,6.9,19,7.16153846153846,6.33333333333333,6.25,7.8,6.79411764705882,13,6,4,2,17,1691,967,724,342,412,1279,7.04500952099349,7.41104860392968,6.55611477900553,6.54915877192982,6.97605339805825,7.06722212666145,156
"163",2019,5,8.175,8,8.56666666666667,7,7,NA,8.175,6,2,1,0,8,1699,973,726,343,412,1287,7.05033025309005,7.41817471736896,6.55733760330579,6.55047317784257,6.97605339805825,7.07410808080808,157
"164",2019,6,7.513,20,7.584,7.3,6,7.1,7.58588235294118,15,5,1,3,17,1719,988,731,344,415,1304,7.05571326352531,7.42069230769231,6.56241737346101,6.54887296511628,6.97694939759036,7.08077998466258,158
"165",2019,7,6.71428571428571,21,7.2,6.27272727272727,6.25,7.5,6.63157894736842,10,11,4,2,19,1740,998,742,348,417,1323,7.0515925862069,7.41848096192385,6.55812277628032,6.54543764367816,6.97945803357314,7.07432887377173,159
"166",2019,8,7.09523809523809,21,7.15384615384615,7,6.66666666666667,6.6,7.25,13,8,3,5,16,1761,1011,750,351,422,1339,7.05211306076093,7.41507814045499,6.56283613333333,6.54647378917379,6.97496208530806,7.07642800597461,160
"167",2019,9,6.9,10,7.33333333333333,6.25,6,9,6.66666666666667,6,4,3,1,9,1771,1017,754,354,423,1348,7.05125415019763,7.41459587020649,6.56117652519894,6.54184265536723,6.97974940898345,7.07369221068249,161
"168",2019,10,7.06842105263158,19,7.35333333333333,6,6.5,7.03333333333333,7.075,15,4,2,3,16,1790,1032,758,356,426,1364,7.05143636871508,7.41370542635659,6.55821517150396,6.54160758426966,6.98012676056338,7.07370755131965,162
"169",2019,11,7.07142857142857,21,7.46428571428571,6.28571428571429,4,7,7.08823529411765,14,7,2,4,17,1811,1046,765,358,430,1381,7.05166819436775,7.41438240917782,6.55572169934641,6.52740865921788,6.98031162790698,7.07388638667632,163
"170",2019,12,6.84166666666667,12,7.1875,6.15,7.1,7.525,6.5,8,4,1,4,8,1823,1054,769,359,434,1389,7.05028584750411,7.41266034155598,6.55361131339402,6.52900362116992,6.98533179723502,7.07058106551476,164
"171",2020,1,7.70526315789474,19,7.99166666666667,7.21428571428571,7,8,7.65,12,7,4,3,16,1842,1066,776,363,437,1405,7.05704185667752,7.41917823639775,6.55957100515464,6.53419366391185,6.99229748283753,7.07717943060498,165
"172",2020,2,7.35384615384615,13,7.4,7.25,5,10,7.13333333333333,9,4,1,1,12,1855,1075,780,364,438,1417,7.05912188679245,7.4190176744186,6.56311166666667,6.52997884615385,6.99916438356164,7.07765497529993,166
"173",2020,3,6.73333333333333,15,7,6.2,5,6.5,6.76923076923077,10,5,1,2,13,1870,1085,785,365,440,1430,7.05650860962567,7.41515576036866,6.56079885350319,6.52578712328767,6.99689545454545,7.07485111888112,167
"174",2020,4,6.74666666666667,18,7.10285714285714,5.5,4.5,7.25,6.68375,14,4,2,2,16,1888,1099,789,367,442,1446,7.05355460805085,7.41117743403094,6.55542091254753,6.51474741144414,6.9980407239819,7.07052358229599,168
"175",2020,5,7.225,12,7.57142857142857,6.74,6.675,7.35,7.2,7,5,4,2,10,1900,1106,794,371,444,1456,7.05463742105263,7.41219168173598,6.55658324937028,6.51647520215633,6.99962612612613,7.07141284340659,169
"176",2020,6,7,11,7.4,6.66666666666667,6.5,7.83333333333333,6.6875,5,6,1,3,8,1911,1111,800,372,447,1464,7.05432291993721,7.41213681368137,6.557408875,6.51643091397849,7.00522147651007,7.06931495901639,170
"177",2020,7,6.43846153846154,13,6.8,6.27777777777778,6.875,5,6.55833333333333,4,9,4,1,12,1924,1115,809,376,448,1476,7.05016169438669,7.40994080717489,6.55429802224969,6.5202454787234,7.00074553571429,7.06516063685637,171
"178",2020,8,6.42857142857143,14,7,5,5.5,4,7.09090909090909,10,4,2,3,11,1938,1125,813,378,451,1487,7.0456713622291,7.40629688888889,6.546650799508,6.51484735449735,6.98078492239468,7.06535110961668,172
"179",2020,9,7.74,15,7.9,7.42,7.1,8.25,7.66153846153846,10,5,1,2,13,1953,1135,818,379,453,1500,7.05100414746544,7.41064669603524,6.5519891198044,6.51639129287599,6.9863885209713,7.07051806666667,173
"180",2020,10,6.92470588235294,17,7.59,6.33333333333333,5.92857142857143,7.75,6.67076923076923,8,9,7,4,13,1970,1143,827,386,457,1513,7.04991426395939,7.41190201224847,6.54960955259976,6.50573134715026,6.99307221006565,7.06708334434898,174
"181",2020,11,7.496,25,7.495,7.5,7.625,7.66666666666667,7.44210526315789,20,5,4,6,19,1995,1163,832,390,463,1532,7.05550431077694,7.41333104041272,6.55532103365385,6.51721102564102,7.00180129589633,7.07173439947781,175
"182",2020,12,6.87052631578947,19,7.12833333333333,6.42857142857143,6.2,6.33333333333333,6.97125,12,7,5,3,16,2014,1175,839,395,466,1548,7.05375923535253,7.41042042553191,6.55426352800954,6.51319569620253,6.99749785407725,7.07069580103359,176
"183",2021,1,7.26235294117647,17,7.646,6.71428571428571,6.25,9,7.03066666666667,10,7,4,2,15,2031,1185,846,399,468,1563,7.05550521910389,7.41240843881856,6.55558758865248,6.51055714285714,7.00605555555556,7.07031164427383,177
"184",2021,2,7.325,16,7.97,6.25,5,5,7.48,10,6,1,1,15,2047,1195,852,400,469,1578,7.05761167562286,7.41707447698745,6.55343556338028,6.50678075,7.00177825159915,7.07420602027883,178
"185",2021,3,7.0125,16,7.62,6,6.375,4.55,7.36428571428571,10,6,4,2,14,2063,1205,858,404,471,1592,7.05726180319923,7.41875850622407,6.54956538461539,6.50547599009901,6.99136730360934,7.07675697236181,179
"186",2021,4,6.87,10,6.74285714285714,7.16666666666667,6,7,6.8375,7,3,1,2,8,2073,1212,861,405,473,1600,7.05635846599132,7.41485478547855,6.55171556329849,6.50422790123457,6.99140380549683,7.0755606875,180
"187",2021,5,7.38823529411765,17,7.825,6.34,6.7,7.56666666666667,7.35,12,5,1,3,14,2090,1224,866,406,476,1614,7.05905794258373,7.41887581699346,6.55049318706698,6.50471009852217,6.9950294117647,7.07794120198265,181
"188",2021,6,6.85714285714286,7,6.7,7.25,NA,NA,6.85714285714286,5,2,0,0,7,2097,1229,868,406,476,1621,7.05838392942299,7.41595117982099,6.55210495391705,6.50471009852217,6.9950294117647,7.07698772362739,182
"189",2021,7,6.90909090909091,11,7.28571428571429,6.25,6.5,NA,6.90909090909091,7,4,2,0,11,2108,1236,872,408,476,1632,7.05760488614801,7.41521359223301,6.55071915137615,6.50468700980392,6.9950294117647,7.07585606617647,183
"190",2021,8,7.11604944444444,18,7.22222222222222,7.00987666666667,6.5,6,7.255555625,9,9,4,2,16,2126,1245,881,412,478,1648,7.0580997130762,7.41381847389558,6.55540975028377,6.50464150485437,6.99086610878661,7.07760072208738,184
"191",2021,9,7.25,10,8.2,6.3,NA,4,7.61111111111111,5,5,0,1,9,2136,1250,886,412,479,1657,7.05899812265918,7.4169632,6.55396838600452,6.50464150485437,6.98462212943632,7.08049848521424,185
"192",2021,10,7,13,7.125,6.8,7,6.5,7.09090909090909,8,5,2,2,11,2149,1258,891,414,481,1668,7.05864122382504,7.41510651828299,6.55534903479237,6.5070345410628,6.98260706860707,7.08056714028777,186
"193",2021,11,7.25,10,7.25,7.25,6.5,7,7.27777777777778,8,2,1,1,9,2159,1266,893,415,482,1677,7.05952755442335,7.41406319115324,6.55690480403136,6.50701759036144,6.98264315352697,7.08162551580203,187
"194",2021,12,6.83571428571429,14,7.3,6,5,NA,6.83571428571429,9,5,2,0,14,2173,1275,898,417,482,1691,7.05808559134837,7.41325803921569,6.55380399777283,6.4997896882494,6.98264315352697,7.07958958604376,188
"195",2022,1,6.776,25,6.86875,6.61111111111111,4,5.625,6.9952380952381,16,9,2,4,21,2198,1291,907,419,486,1712,7.05487715650592,7.40650968241673,6.554372646086,6.48785751789976,6.97146913580247,7.07855490070094,189
"196",2022,2,7.0625,16,7.22727272727273,6.7,8,8,6.92857142857143,11,5,1,2,14,2214,1302,912,420,488,1726,7.05493224480578,7.40499539170507,6.55517104166667,6.49145785714286,6.97568442622951,7.07733834878332,190
"197",2022,3,7.46388888888889,18,7.80714285714286,6.2625,7,5.05,7.60588235294118,14,4,1,1,17,2232,1316,916,421,489,1743,7.05823028225807,7.409273556231,6.55389300218341,6.49266579572446,6.97174642126789,7.08249339644292,191
"198",2022,4,7.33333333333333,12,7.1875,7.625,6.25,7,7.4,8,4,2,2,10,2244,1324,920,423,491,1753,7.05970142156863,7.4079335347432,6.55854998913044,6.49151843971631,6.97186150712831,7.08430461494581,192
"199",2022,5,6.84090909090909,11,7.60714285714286,5.5,5.16666666666667,9.25,6.6,7,4,3,1,10,2255,1331,924,426,492,1763,7.05863414190688,7.40898121712998,6.55396752164502,6.48218849765258,6.9764918699187,7.08155756664776,193
"200",2022,6,6.51545454545455,11,7.21428571428571,5.2925,6,NA,6.51545454545455,7,4,1,0,11,2266,1338,928,427,492,1774,7.05599734774934,7.40796263079223,6.54853016163793,6.48105925058548,6.9764918699187,7.07804734498309,194
"201",2022,7,6.21666666666667,6,5.15,6.75,6,NA,6.21666666666667,2,4,2,0,6,2272,1340,932,429,492,1780,7.05378080545775,7.40459253731343,6.5493948390558,6.47881655011655,6.9764918699187,7.07514381460674,195
"202",2022,8,6.85882352941176,17,7.45,6.33333333333333,5.33333333333333,7,6.82857142857143,8,9,3,3,14,2289,1348,941,432,495,1794,7.05233289209262,7.40486201780415,6.54732836344315,6.47086180555555,6.97663434343434,7.07321961538462,196
"203",2022,9,7.25,12,7.38888888888889,6.83333333333333,7.25,7.5,7.16666666666667,9,3,2,3,9,2301,1357,944,434,498,1803,7.05336375054324,7.40475607958732,6.54823727754237,6.47445230414746,6.97978714859438,7.07368607321132,197
"204",2022,10,6.68181818181818,11,7.16666666666667,6.1,4.5,6,6.83333333333333,6,5,2,2,9,2312,1363,949,436,500,1812,7.05159601643599,7.4037079970653,6.54587564805058,6.46539518348624,6.975868,7.07249226821192,198
"205",2022,11,7.3,10,8.28571428571429,5,4,8.5,7,7,3,1,2,8,2322,1370,952,437,502,1820,7.05266580103359,7.40821459854015,6.54100419117647,6.45975354691075,6.98194023904382,7.07217362087912,199
"206",2022,12,7.078125,16,7.58333333333333,6.42857142857143,6.33333333333333,7.2,7.02272727272727,9,7,6,5,11,2338,1379,959,443,507,1831,7.05284002994012,7.40935750543872,6.54018351407716,6.45804130925508,6.98409072978304,7.07187656471873,200
