"","year","month","avg_rating","no_ratings","avg_rating_owned","avg_rating_not_owned","avg_rating_prev_owned","avg_rating_comment","avg_rating_no_comment","no_ratings_owned","no_ratings_not_owned","no_ratings_prev_owned","no_ratings_comment","no_ratings_no_comment","cum_no_ratings","cum_no_ratings_owned","cum_no_ratings_not_owned","cum_no_ratings_prev_owned","cum_no_ratings_comment","cum_no_ratings_no_comment","cum_avg_rating","cum_avg_rating_owned","cum_avg_rating_not_owned","cum_avg_rating_prev_owned","cum_avg_rating_comment","cum_avg_rating_no_comment","month_after_release"
"1",2005,10,7,1,NA,7,NA,7,NA,0,1,0,1,0,1,0,1,0,1,0,7,NA,7,NA,7,NA,-38
"2",2005,11,7,1,NA,7,NA,7,NA,0,1,0,1,0,2,0,2,0,2,0,7,NA,7,NA,7,NA,-37
"3",2005,12,1,1,NA,1,NA,1,NA,0,1,0,1,0,3,0,3,0,3,0,5,NA,5,NA,5,NA,-36
"4",2006,7,5,1,5,NA,NA,NA,5,1,0,0,0,1,4,1,3,0,3,1,5,5,5,NA,5,5,-29
"5",2006,8,7,1,NA,7,NA,7,NA,0,1,0,1,0,5,1,4,0,4,1,5.4,5,5.5,NA,5.5,5,-28
"6",2006,9,7,1,NA,7,NA,7,NA,0,1,0,1,0,6,1,5,0,5,1,5.66666666666667,5,5.8,NA,5.8,5,-27
"7",2006,10,4,1,4,NA,NA,NA,4,1,0,0,0,1,7,2,5,0,5,2,5.42857142857143,4.5,5.8,NA,5.8,4.5,-26
"8",2006,11,7,2,7,7,NA,7,7,1,1,0,1,1,9,3,6,0,6,3,5.77777777777778,5.33333333333333,6,NA,6,5.33333333333333,-25
"9",2006,12,7,1,7,NA,NA,7,NA,1,0,0,1,0,10,4,6,0,7,3,5.9,5.75,6,NA,6.14285714285714,5.33333333333333,-24
"10",2007,3,6,1,6,NA,NA,NA,6,1,0,0,0,1,11,5,6,0,7,4,5.90909090909091,5.8,6,NA,6.14285714285714,5.5,-21
"11",2007,4,5,1,NA,5,NA,5,NA,0,1,0,1,0,12,5,7,0,8,4,5.83333333333333,5.8,5.85714285714286,NA,6,5.5,-20
"12",2007,10,6.6,3,6.6,NA,NA,6,6.9,3,0,0,1,2,15,8,7,0,9,6,5.98666666666667,6.1,5.85714285714286,NA,6,5.96666666666667,-14
"13",2007,11,6.7,5,6.75,6.5,6.5,7.5,5.5,4,1,1,3,2,20,12,8,1,12,8,6.165,6.31666666666667,5.9375,6.5,6.375,5.85,-13
"14",2007,12,7,1,NA,7,NA,NA,7,0,1,0,0,1,21,12,9,1,12,9,6.2047619047619,6.31666666666667,6.05555555555556,6.5,6.375,5.97777777777778,-12
"15",2008,1,6.5,2,NA,6.5,NA,NA,6.5,0,2,0,0,2,23,12,11,1,12,11,6.2304347826087,6.31666666666667,6.13636363636364,6.5,6.375,6.07272727272727,-11
"16",2008,4,6.9,3,6,7.35,6,NA,6.9,1,2,1,0,3,26,13,13,2,12,14,6.30769230769231,6.29230769230769,6.32307692307692,6.25,6.375,6.25,-8
"17",2008,7,4.25,2,3.5,5,NA,5,3.5,1,1,0,1,1,28,14,14,2,13,15,6.16071428571429,6.09285714285714,6.22857142857143,6.25,6.26923076923077,6.06666666666667,-5
"18",2008,10,7,2,7,NA,NA,NA,7,2,0,0,0,2,30,16,14,2,13,17,6.21666666666667,6.20625,6.22857142857143,6.25,6.26923076923077,6.17647058823529,-2
"19",2008,11,5.9,2,5.8,6,NA,NA,5.9,1,1,0,0,2,32,17,15,2,13,19,6.196875,6.18235294117647,6.21333333333333,6.25,6.26923076923077,6.14736842105263,-1
"20",2008,12,8,3,9,6,NA,NA,8,2,1,0,0,3,35,19,16,2,13,22,6.35142857142857,6.47894736842105,6.2,6.25,6.26923076923077,6.4,0
"21",2009,1,6.32857142857143,7,6.5,5.9,5.9,NA,6.32857142857143,5,2,2,0,7,42,24,18,4,13,29,6.34761904761905,6.48333333333333,6.16666666666667,6.075,6.26923076923077,6.38275862068966,1
"22",2009,2,5.5,4,6,5.33333333333333,5,8,4.66666666666667,1,3,1,1,3,46,25,21,5,14,32,6.27391304347826,6.464,6.04761904761905,5.86,6.39285714285714,6.221875,2
"23",2009,3,5.76,5,5.83333333333333,5.65,NA,NA,5.76,3,2,0,0,5,51,28,23,5,14,37,6.22352941176471,6.39642857142857,6.01304347826087,5.86,6.39285714285714,6.15945945945946,3
"24",2009,4,6.66666666666667,6,7.33333333333333,6,NA,6,6.8,3,3,0,1,5,57,31,26,5,15,42,6.27017543859649,6.48709677419355,6.01153846153846,5.86,6.36666666666667,6.23571428571429,4
"25",2009,5,6.6,5,6.66666666666667,6.5,6,NA,6.6,3,2,1,0,5,62,34,28,6,15,47,6.29677419354839,6.50294117647059,6.04642857142857,5.88333333333333,6.36666666666667,6.27446808510638,5
"26",2009,6,5.33333333333333,6,5.66666666666667,5,NA,6,5,3,3,0,2,4,68,37,31,6,17,51,6.21176470588235,6.43513513513513,5.94516129032258,5.88333333333333,6.32352941176471,6.17450980392157,6
"27",2009,7,6.5,4,7.25,5.75,6,6,6.66666666666667,2,2,1,1,3,72,39,33,7,18,54,6.22777777777778,6.47692307692308,5.93333333333333,5.9,6.30555555555556,6.20185185185185,7
"28",2009,8,5.25,4,4.66666666666667,7,NA,6,5,3,1,0,1,3,76,42,34,7,19,57,6.17631578947368,6.34761904761905,5.96470588235294,5.9,6.28947368421053,6.13859649122807,8
"29",2009,9,5.95,10,7.125,5.16666666666667,3.75,5,6.05555555555556,4,6,2,1,9,86,46,40,9,20,66,6.15,6.41521739130435,5.845,5.42222222222222,6.225,6.12727272727273,9
"30",2009,10,6.07142857142857,14,6.5,5,NA,6.5,5.9,10,4,0,4,10,100,56,44,9,24,76,6.139,6.43035714285714,5.76818181818182,5.42222222222222,6.27083333333333,6.09736842105263,10
"31",2009,11,6.42380952380952,21,6.62142857142857,6.02857142857143,6.16666666666667,6.33333333333333,6.43888888888889,14,7,3,3,18,121,70,51,12,27,94,6.18842975206612,6.46857142857143,5.80392156862745,5.60833333333333,6.27777777777778,6.16276595744681,11
"32",2009,12,5.94444444444444,18,7.3,4.25,4,5,6.30769230769231,10,8,2,5,13,139,80,59,14,32,107,6.1568345323741,6.5725,5.59322033898305,5.37857142857143,6.078125,6.1803738317757,12
"33",2010,1,6.41578947368421,19,6.85,5.2,5.5,6.26,6.47142857142857,14,5,2,5,14,158,94,64,16,37,121,6.1879746835443,6.61382978723404,5.5625,5.39375,6.1027027027027,6.21404958677686,13
"34",2010,2,5.7,5,6.83333333333333,4,5,NA,5.7,3,2,1,0,5,163,97,66,17,37,126,6.17300613496932,6.62061855670103,5.51515151515152,5.37058823529412,6.1027027027027,6.19365079365079,14
"35",2010,3,6,7,6.75,5,5,9,5.5,4,3,1,1,6,170,101,69,18,38,132,6.16588235294118,6.62574257425743,5.49275362318841,5.35,6.17894736842105,6.16212121212121,15
"36",2010,4,6.78461538461538,13,6.85555555555556,6.625,7,6.35,6.86363636363636,9,4,1,2,11,183,110,73,19,40,143,6.20983606557377,6.64454545454545,5.55479452054795,5.43684210526316,6.1875,6.21608391608392,16
"37",2010,5,6.77777777777778,9,6.42857142857143,8,NA,7,6.75,7,2,0,1,8,192,117,75,19,41,151,6.23645833333333,6.63162393162393,5.62,5.43684210526316,6.20731707317073,6.24437086092715,17
"38",2010,6,6.54285714285714,14,6.88888888888889,5.92,6.2,NA,6.54285714285714,9,5,1,0,14,206,126,80,20,41,165,6.25728155339806,6.65,5.63875,5.475,6.20731707317073,6.26969696969697,18
"39",2010,7,6.875,16,7.45,5.91666666666667,6,6.33333333333333,7,10,6,1,3,13,222,136,86,21,44,178,6.3018018018018,6.70882352941176,5.65813953488372,5.5,6.21590909090909,6.32303370786517,19
"40",2010,8,6.925,20,7.06666666666667,6.5,6.66666666666667,6.35714285714286,7.23076923076923,15,5,3,7,13,242,151,91,24,51,191,6.35330578512397,6.74437086092715,5.70439560439561,5.64583333333333,6.23529411764706,6.3848167539267,20
"41",2010,9,5.73076923076923,13,6.1875,5,NA,8,5.54166666666667,8,5,0,1,12,255,159,96,24,52,203,6.32156862745098,6.71635220125786,5.66770833333333,5.64583333333333,6.26923076923077,6.33497536945813,21
"42",2010,10,5.975,20,6.26923076923077,5.42857142857143,NA,6.33333333333333,5.91176470588235,13,7,0,3,17,275,172,103,24,55,220,6.29636363636364,6.68255813953488,5.65145631067961,5.64583333333333,6.27272727272727,6.30227272727273,22
"43",2010,11,6.245,20,6.65555555555556,5.90909090909091,6.5,7,6.20526315789474,9,11,2,1,19,295,181,114,26,56,239,6.2928813559322,6.68121546961326,5.67631578947369,5.71153846153846,6.28571428571429,6.29456066945607,23
"44",2010,12,6.15,20,6.54166666666667,5.5625,4,5.16666666666667,6.57142857142857,12,8,1,6,14,315,193,122,27,62,253,6.28380952380952,6.67253886010363,5.66885245901639,5.64814814814815,6.17741935483871,6.3098814229249,24
"45",2011,1,6.31526315789474,19,6.16555555555556,6.45,5,7,6.23470588235294,9,10,2,2,17,334,202,132,29,64,270,6.28559880239521,6.6499504950495,5.7280303030303,5.60344827586207,6.203125,6.30514814814815,25
"46",2011,2,6.25,10,6.61111111111111,3,NA,NA,6.25,9,1,0,0,10,344,211,133,29,64,280,6.28456395348837,6.64829383886256,5.70751879699248,5.60344827586207,6.203125,6.30317857142857,26
"47",2011,3,6.263,20,6.62,5.6,7,6.5,6.23666666666667,13,7,2,2,18,364,224,140,31,66,298,6.28337912087912,6.64665178571429,5.70214285714286,5.69354838709677,6.21212121212121,6.2991610738255,27
"48",2011,4,6.94230769230769,13,6.75,7.25,6.5,7,6.93181818181818,8,5,1,2,11,377,232,145,32,68,309,6.30610079575597,6.65021551724138,5.75551724137931,5.71875,6.23529411764706,6.32168284789644,28
"49",2011,5,6.15223076923077,13,6.559875,5.5,4.5,5.66666666666667,6.2979,8,5,2,3,10,390,240,150,34,71,319,6.30097179487179,6.64720416666667,5.747,5.64705882352941,6.2112676056338,6.32093730407524,29
"50",2011,6,5.55,10,6.5,4.125,6.25,6.75,5.25,6,4,2,2,8,400,246,154,36,73,327,6.2821975,6.64361382113821,5.70487012987013,5.68055555555556,6.22602739726027,6.29473700305811,30
"51",2011,7,6.82142857142857,14,6.6875,7,NA,8,6.73076923076923,8,6,0,1,13,414,254,160,36,74,340,6.30043236714976,6.64499606299213,5.7534375,5.68055555555556,6.25,6.31140882352941,31
"52",2011,8,7,14,7.40909090909091,5.5,6.5,6.875,7.05,11,3,1,4,10,428,265,163,37,78,350,6.32331542056075,6.67671320754717,5.74877300613497,5.7027027027027,6.28205128205128,6.33251142857143,32
"53",2011,9,5.93666666666667,15,6.36,5.725,5.5,5.575,6.06818181818182,5,10,3,4,11,443,270,173,40,82,361,6.31022347629797,6.67084814814815,5.74739884393064,5.6875,6.24756097560976,6.32445706371191,33
"54",2011,10,6.26190476190476,21,6.76923076923077,5.4375,5.75,3.66666666666667,6.69444444444444,13,8,2,3,18,464,283,181,42,85,379,6.30803663793103,6.67536749116608,5.73370165745856,5.69047619047619,6.15647058823529,6.3420290237467,34
"55",2011,11,5.5625,16,6,5,7.5,5.4,5.63636363636364,9,7,2,5,11,480,292,188,44,90,390,6.28318541666667,6.65455136986301,5.70638297872341,5.77272727272727,6.11444444444444,6.32212564102564,35
"56",2011,12,6.01428571428571,21,6.8,5.7,6.42857142857143,6.13333333333333,5.96666666666667,6,15,7,6,15,501,298,203,51,96,405,6.27191417165669,6.65747986577181,5.70591133004926,5.86274509803922,6.115625,6.30896049382716,36
"57",2012,1,6.1,25,6.85714285714286,5.13636363636364,5.9,6.33333333333333,6.06818181818182,14,11,5,3,22,526,312,214,56,99,427,6.2637433460076,6.6664391025641,5.67663551401869,5.86607142857143,6.12222222222222,6.29655503512881,37
"58",2012,2,6.18333333333333,15,6.55555555555556,5.625,6.25,NA,6.18333333333333,9,6,1,0,15,541,321,220,57,99,442,6.26151386321627,6.66333021806854,5.67522727272727,5.87280701754386,6.12222222222222,6.29271266968326,38
"59",2012,3,6.453125,16,6.25,6.79166666666667,7,7.75,6.26785714285714,10,6,1,2,14,557,331,226,58,101,456,6.26701795332136,6.65084290030212,5.70486725663717,5.89224137931035,6.15445544554455,6.29194956140351,39
"60",2012,4,6.4375,16,6.16666666666667,6.78571428571429,6,7,6.25,9,7,1,4,12,573,340,233,59,105,468,6.27177835951134,6.63802647058824,5.73733905579399,5.89406779661017,6.18666666666667,6.29087393162393,40
"61",2012,5,6.1,10,6.5,5.7,5.83333333333333,5.5,6.25,5,5,3,2,8,583,345,238,62,107,476,6.26883190394511,6.63602608695652,5.73655462184874,5.89112903225806,6.17383177570093,6.29018697478992,41
"62",2012,6,5.95,10,5.9375,6,NA,7,5.83333333333333,8,2,0,1,9,593,353,240,62,108,485,6.26345531197302,6.6201954674221,5.73875,5.89112903225806,6.18148148148148,6.28170927835052,42
"63",2012,7,6.80181818181818,11,7.42857142857143,5.705,8.5,5,7.20222222222222,7,4,1,2,9,604,360,244,63,110,494,6.27325993377483,6.63591388888889,5.73819672131148,5.93253968253968,6.16,6.29847975708502,43
"64",2012,8,6.68181818181818,11,6.5,6.9,5,5.5,6.94444444444444,6,5,1,2,9,615,366,249,64,112,503,6.2805674796748,6.63368579234973,5.76152610441767,5.91796875,6.14821428571428,6.31003777335984,44
"65",2012,9,6.31764705882353,17,6.49166666666667,5.9,4.25,5.5,6.42666666666667,12,5,2,2,15,632,378,254,66,114,518,6.28156487341772,6.62917724867725,5.76425196850394,5.86742424242424,6.13684210526316,6.31341505791506,45
"66",2012,10,7.15384615384615,13,7.13636363636364,7.25,7.25,6.5,7.27272727272727,11,2,2,2,11,645,389,256,68,116,529,6.29914573643411,6.64351928020566,5.775859375,5.90808823529412,6.14310344827586,6.3333629489603,46
"67",2012,11,6.66666666666667,18,7.38888888888889,5.94444444444444,6,7.5,6.34615384615385,9,9,3,5,13,663,398,265,71,121,542,6.30912368024133,6.6603743718593,5.78158490566038,5.91197183098592,6.19917355371901,6.33366974169742,47
"68",2012,12,5.19047619047619,21,5.85,4.59090909090909,4,5.33333333333333,5.16666666666667,10,11,4,3,18,684,408,276,75,124,560,6.27477923976608,6.64051225490196,5.73413043478261,5.81,6.17822580645161,6.29615892857143,48
"69",2013,1,6.30535714285714,28,6.56578947368421,5.75555555555556,6.26666666666667,5.9,6.33653846153846,19,9,3,2,26,712,427,285,78,126,586,6.27598174157303,6.63718735362998,5.73480701754386,5.8275641025641,6.17380952380952,6.29795051194539,49
"70",2013,2,6.01578947368421,19,6.1,5.92222222222222,7.3,6.5,5.95882352941176,10,9,1,2,17,731,437,294,79,128,603,6.26921887824897,6.62489473684211,5.74054421768708,5.84620253164557,6.17890625,6.28838971807629,50
"71",2013,3,6.06521739130435,23,6.6,5.65384615384615,5.8,6,6.06818181818182,10,13,5,1,22,754,447,307,84,129,625,6.26299602122016,6.62433780760626,5.73687296416938,5.84345238095238,6.17751937984496,6.2806384,51
"72",2013,4,5.18888888888889,9,5.9,4.3,3.5,8,4.8375,5,4,2,1,8,763,452,311,86,130,633,6.25032634338139,6.61632522123894,5.7183922829582,5.78895348837209,6.19153846153846,6.26239968404423,52
"73",2013,5,6.16666666666667,12,5.42857142857143,7.2,7.33333333333333,7.5,5.9,7,5,3,2,10,775,459,316,89,132,643,6.24903096774193,6.59821132897603,5.74183544303798,5.84101123595506,6.21136363636364,6.25676360808709,53
"74",2013,6,6.1,10,6.11111111111111,6,NA,NA,6.1,9,1,0,0,10,785,468,317,89,132,653,6.24713248407643,6.58884401709402,5.74264984227129,5.84101123595506,6.21136363636364,6.25436294027565,54
"75",2013,7,5.67857142857143,14,5.44444444444444,6.1,6,4.66666666666667,5.95454545454545,9,5,1,3,11,799,477,322,90,135,664,6.23717021276596,6.56725157232704,5.74819875776398,5.84277777777778,6.17703703703704,6.24939608433735,55
"76",2013,8,6.625,16,6.91666666666667,5.75,4,9,6.46666666666667,12,4,1,1,15,815,489,326,91,136,679,6.24478404907975,6.57582617586912,5.74822085889571,5.82252747252747,6.19779411764706,6.25419587628866,56
"77",2013,9,6.26315789473684,19,6.29166666666667,6.21428571428571,7,8,6.16666666666667,12,7,3,1,18,834,501,333,94,137,697,6.24520263788969,6.56901996007984,5.75801801801802,5.86010638297872,6.21094890510949,6.25193543758967,57
"78",2013,10,6.34375,24,6.48076923076923,6.18181818181818,7.75,8,6.27173913043478,13,11,2,1,23,858,514,344,96,138,720,6.24795920745921,6.56678793774319,5.77156976744186,5.89947916666667,6.22391304347826,6.25256805555556,58
"79",2013,11,6.28,20,6.925,5.3125,4.75,7,6.2,12,8,2,2,18,878,526,352,98,140,738,6.24868906605923,6.57496007604563,5.76113636363636,5.87602040816326,6.235,6.25128590785908,59
"80",2013,12,5.62857142857143,14,5.68571428571429,5.57142857142857,5.66666666666667,3.9,5.91666666666667,7,7,3,2,12,892,533,359,101,142,750,6.23895627802691,6.56328142589118,5.75743732590529,5.86980198019802,6.20211267605634,6.245932,60
"81",2014,1,6.31,30,6.16666666666667,6.525,6.8,6.25,6.31923076923077,18,12,6,4,26,922,551,371,107,146,776,6.24126789587853,6.55032486388385,5.7822641509434,5.92196261682243,6.20342465753425,6.24838788659794,61
"82",2014,2,6.47619047619048,21,6.89285714285714,5.64285714285714,6,4.66666666666667,6.77777777777778,14,7,1,3,18,943,565,378,108,149,794,6.24649946977731,6.55881238938053,5.77968253968254,5.92268518518518,6.17248322147651,6.26038916876574,62
"83",2014,3,5.65416666666667,12,6.40714285714286,4.6,3,7.5,5.48636363636364,7,5,1,1,11,955,572,383,109,150,805,6.23905654450262,6.55695629370629,5.7642819843342,5.89587155963303,6.18133333333333,6.24981242236025,63
"84",2014,4,6.06666666666667,15,6.36363636363636,5.25,6,NA,6.06666666666667,11,4,1,0,15,970,583,387,110,150,820,6.23639072164949,6.55330874785592,5.75896640826873,5.89681818181818,6.18133333333333,6.24646219512195,64
"85",2014,5,5.875,16,6.18181818181818,5.2,6,4,6,11,5,2,1,15,986,594,392,112,151,835,6.23052636916836,6.54642929292929,5.75183673469388,5.89866071428571,6.16688741721854,6.24203473053892,65
"86",2014,6,5.70454545454545,22,5.83333333333333,5.42857142857143,5.66666666666667,5.4,5.79411764705882,15,7,3,5,17,1008,609,399,115,156,852,6.21904662698413,6.52886535303777,5.74616541353384,5.89260869565217,6.14230769230769,6.23309741784038,66
"87",2014,7,6.05,20,5.9,6.2,6,6.25,6,10,10,6,4,16,1028,619,409,121,160,868,6.21575778210117,6.51870597738287,5.75726161369193,5.89793388429752,6.145,6.22880069124424,67
"88",2014,8,6.75,14,7.35714285714286,6.14285714285714,5,7.5,6.625,7,7,1,2,12,1042,626,416,122,162,880,6.22293570057582,6.52808146964856,5.76375,5.8905737704918,6.16172839506173,6.23420340909091,68
"89",2014,9,6.42631578947368,19,6.77272727272727,5.95,5.23333333333333,5.9,6.525,11,8,3,3,16,1061,637,424,125,165,896,6.22657775683318,6.53230612244898,5.7672641509434,5.8748,6.1569696969697,6.23939620535714,69
"90",2014,10,6.13157894736842,19,7.36363636363636,4.4375,4,4.5,6.32352941176471,11,8,2,2,17,1080,648,432,127,167,913,6.22490648148148,6.54641820987654,5.74263888888889,5.84527559055118,6.13712574850299,6.24096276013144,70
"91",2014,11,6.20454545454545,22,7.5,5.30769230769231,5.25,7,6.16666666666667,9,13,4,1,21,1102,657,445,131,168,934,6.2245,6.55948097412481,5.72993258426966,5.82709923664122,6.1422619047619,6.23929229122056,71
"92",2014,12,6.30625,32,6.82380952380952,5.31818181818182,5.35714285714286,6.33333333333333,6.30344827586207,21,11,7,3,29,1134,678,456,138,171,963,6.22680687830688,6.56766814159292,5.72,5.80326086956522,6.14561403508772,6.24122429906542,72
"93",2015,1,5.93589743589744,39,6.07608695652174,5.734375,5.66666666666667,5.95833333333333,5.93181818181818,23,16,6,6,33,1173,701,472,144,177,996,6.2171346973572,6.5515392296719,5.72048728813559,5.79756944444444,6.13926553672316,6.23097289156627,73
"94",2015,2,6.05208333333333,24,6.39285714285714,5.575,6.25,5.6,6.17105263157895,14,10,3,5,19,1197,715,482,147,182,1015,6.2138253968254,6.54843216783217,5.71746887966805,5.80680272108843,6.12445054945055,6.22985123152709,74
"95",2015,3,6.55263157894737,19,7,5.3,5,6.66666666666667,6.53125,14,5,2,3,16,1216,729,487,149,185,1031,6.21911924342105,6.55710425240055,5.71318275154004,5.79597315436242,6.13324324324324,6.23452861299709,75
"96",2015,4,5.90769230769231,26,6.10714285714286,5.675,5.5,5.7,5.95714285714286,14,12,4,5,21,1242,743,499,153,190,1052,6.21259983896941,6.54862584118439,5.71226452905812,5.78823529411765,6.12184210526316,6.22899144486692,76
"97",2015,5,6.1037037037037,27,6.20666666666667,5.975,NA,6.8,6.07692307692308,15,12,0,1,26,1269,758,511,153,191,1078,6.2102828999212,6.54185883905013,5.71843444227006,5.78823529411765,6.12539267015707,6.22532374768089,77
"98",2015,6,6.19722222222222,18,6.5875,5.41666666666667,4.5,4.75,6.48666666666667,12,6,2,3,15,1287,770,517,155,194,1093,6.21010023310023,6.54257012987013,5.71493230174081,5.77161290322581,6.10412371134021,6.22891033851784,78
"99",2015,7,6.88526315789474,19,7.0775,6.74545454545455,5.925,7.36666666666667,6.795,8,11,4,3,16,1306,778,528,159,197,1109,6.21992266462481,6.5480706940874,5.73640151515151,5.77547169811321,6.12335025380711,6.23707754733995,79
"100",2015,8,6.00344827586207,29,6.38235294117647,5.46666666666667,5.375,6.1,5.98333333333333,17,12,4,5,24,1335,795,540,163,202,1133,6.2152202247191,6.54452704402516,5.73040740740741,5.76564417177914,6.12277227722772,6.23170255957635,80
"101",2015,9,5.8952380952381,21,6.36923076923077,5.125,4,4.75,6.35333333333333,13,8,1,6,15,1356,808,548,164,208,1148,6.21026474926254,6.54170668316832,5.72156934306569,5.75487804878049,6.08317307692308,6.23329181184669,81
"102",2015,10,6.13793103448276,29,6.28571428571429,5.75,5,7,6.10714285714286,21,8,2,1,28,1385,829,556,166,209,1176,6.20875018050542,6.53522195416164,5.72197841726619,5.74578313253012,6.08755980861244,6.23028826530613,82
"103",2015,11,5.9109756097561,41,5.80952380952381,6.0175,6.43333333333333,6.875,5.80675675675676,21,20,6,4,37,1426,850,576,172,213,1213,6.20018863955119,6.51729294117647,5.73223958333333,5.76976744186046,6.10234741784038,6.21736933223413,83
"104",2015,12,5.96333333333333,30,6.47058823529412,5.3,7.45,5.625,6.01538461538462,17,13,2,4,26,1456,867,589,174,217,1239,6.19530837912088,6.51637716262976,5.72269949066214,5.78908045977011,6.09354838709677,6.21313075060533,84
"105",2016,1,6.34528301886792,53,6.69677419354839,5.85,6.25,6.14285714285714,6.37608695652174,31,22,6,7,46,1509,898,611,180,224,1285,6.20057587806494,6.52260467706013,5.72728314238952,5.80444444444444,6.09508928571429,6.21896420233463,85
"106",2016,2,5.53611111111111,36,5.35,5.76875,4.62,7.4,5.36666666666667,20,16,10,3,33,1545,918,627,190,227,1318,6.18509320388349,6.49705773420479,5.72834130781499,5.74210526315789,6.11233480176211,6.197624430956,86
"107",2016,3,5.92692307692308,26,6.34615384615385,5.50769230769231,5.3,2,6.084,13,13,5,1,25,1571,931,640,195,228,1343,6.18082049649905,6.49495059076262,5.723859375,5.73076923076923,6.09429824561404,6.19550930752048,87
"108",2016,4,6.26410256410256,39,6.63846153846154,5.51538461538462,5.5,6.38571428571429,6.2375,26,13,5,7,32,1610,957,653,200,235,1375,6.18283788819876,6.49884952978057,5.71970903522205,5.725,6.10297872340426,6.19648654545455,88
"109",2016,5,6.19444444444444,36,6.56521739130435,5.53846153846154,5.33333333333333,5.85714285714286,6.27586206896552,23,13,9,7,29,1646,980,666,209,242,1404,6.18309173754556,6.50040714285714,5.71617117117117,5.70813397129186,6.09586776859504,6.19812606837607,89
"110",2016,6,6.57666666666667,30,6.89473684210526,6.02727272727273,5.525,6.64285714285714,6.55652173913044,19,11,4,7,23,1676,999,677,213,249,1427,6.19013663484487,6.50790690690691,5.72122599704579,5.70469483568075,6.11124497991968,6.20390259285214,90
"111",2016,7,5.93333333333333,45,6.08,5.75,5.6,5.5,6.05714285714286,25,20,5,10,35,1721,1024,697,218,259,1462,6.18342184776293,6.4974599609375,5.72205164992826,5.70229357798165,6.08764478764479,6.20038919288646,91
"112",2016,8,5.79244444444444,45,5.69444444444444,5.85777777777778,5.9,5.95714285714286,5.76210526315789,18,27,8,7,38,1766,1042,724,226,266,1500,6.17345922989807,6.48358829174664,5.72711325966851,5.70929203539823,6.08421052631579,6.189286,92
"113",2016,9,6.45714285714286,42,7.07857142857143,5.21428571428571,5,5,6.61052631578947,28,14,4,4,38,1808,1070,738,230,270,1538,6.18004922566372,6.49915794392523,5.71738482384824,5.69695652173913,6.06814814814815,6.19969375812744,93
"114",2016,10,6.31666666666667,51,6.375,6.23333333333333,6.1,6.5,6.30106382978723,30,21,5,4,47,1859,1100,759,235,274,1585,6.1837972027972,6.49577181818182,5.73166007905138,5.70553191489362,6.07445255474453,6.20269968454259,94
"115",2016,11,6.03728813559322,59,6.20555555555556,5.77391304347826,5,5.94444444444444,6.054,36,23,5,9,50,1918,1136,782,240,283,1635,6.17929040667362,6.48657482394366,5.73290281329923,5.69083333333333,6.07031802120141,6.19815229357798,95
"116",2016,12,6.29512195121951,41,6.52727272727273,6.02631578947368,6.6,7.33333333333333,6.21315789473684,22,19,5,3,38,1959,1158,801,245,286,1673,6.1817146503318,6.48734801381693,5.73986267166042,5.70938775510204,6.08356643356643,6.19849312612074,96
"117",2017,1,5.95666666666667,60,6.10769230769231,5.67619047619048,4.64285714285714,6.675,5.90535714285714,39,21,7,4,56,2019,1197,822,252,290,1729,6.17502674591382,6.47497827903091,5.73823600973236,5.6797619047619,6.09172413793103,6.188998843262,97
"118",2017,2,5.79895833333333,48,6.10217391304348,5.52,6.6,5.10714285714286,5.91707317073171,23,25,5,7,41,2067,1220,847,257,297,1770,6.16629366231253,6.46795,5.7317945690673,5.6976653696498,6.06851851851852,6.1827,98
"119",2017,3,6.029,50,6.40322580645161,5.41842105263158,4.5,5.38,6.15261904761905,31,19,3,8,42,2117,1251,866,260,305,1812,6.1630510155881,6.46634612310152,5.72491916859122,5.68384615384615,6.05045901639344,6.1820027593819,99
"120",2017,4,6.2974358974359,39,6.2125,6.43333333333333,5.5,7.125,6.20285714285714,24,15,2,4,35,2156,1275,881,262,309,1847,6.1654819109462,6.46156784313726,5.73698070374574,5.6824427480916,6.06436893203884,6.18239794260964,100
"121",2017,5,5.59573170731707,41,6.17692307692308,4.58833333333333,4.425,4.6,5.80073529411765,26,15,5,7,34,2197,1301,896,267,316,1881,6.1548493400091,6.45587932359723,5.71775111607143,5.65889513108614,6.03193037974684,6.17549920255184,101
"122",2017,6,5.7448275862069,29,6.26923076923077,5.31875,5,2.5,5.98518518518518,13,16,5,2,27,2226,1314,912,272,318,1908,6.14950763701707,6.45403272450533,5.71075109649123,5.64678308823529,6.00971698113208,6.17280607966457,102
"123",2017,7,5.7325,28,5.9755,5.125,4.5,4.66666666666667,5.8604,20,8,4,3,25,2254,1334,920,276,321,1933,6.14432741792369,6.44685832083958,5.70565760869565,5.63016304347826,5.99716510903427,6.16876564924987,103
"124",2017,8,6.14489795918367,49,6.41212121212121,5.59375,5,6.75,6.06046511627907,33,16,4,6,43,2303,1367,936,280,327,1976,6.14433955709944,6.44601975128018,5.70374465811966,5.62116071428571,6.01097859327217,6.16640890688259,104
"125",2017,9,5.50333333333333,30,5.625,5.36428571428571,3,6,5.44814814814815,16,14,1,3,27,2333,1383,950,281,330,2003,6.13609687098157,6.43652133044107,5.69874210526316,5.61183274021352,6.01087878787879,6.15672690963555,105
"126",2017,10,6.06521739130435,46,6.328125,5.46428571428571,5.83333333333333,5.66666666666667,6.125,32,14,3,6,40,2379,1415,964,284,336,2043,6.1347263556116,6.43406996466431,5.69533713692946,5.61417253521127,6.00473214285714,6.15610572687225,106
"127",2017,11,6.06181818181818,55,6.05263157894737,6.08235294117647,7,5.64285714285714,6.12291666666667,38,17,6,7,48,2434,1453,981,290,343,2091,6.13307888249795,6.42409428768066,5.70204383282365,5.64284482758621,5.99734693877551,6.15534385461502,107
"128",2017,12,5.9,39,6.11363636363636,5.62352941176471,5.25,4.33333333333333,6.03055555555556,22,17,2,3,36,2473,1475,998,292,346,2127,6.12940315406389,6.41946372881356,5.70070641282565,5.64015410958904,5.98291907514451,6.15323178185238,108
"129",2018,1,6.11140350877193,57,6.35952380952381,5.41666666666667,NA,NA,6.11140350877193,42,15,0,0,57,2530,1517,1013,292,346,2184,6.1289976284585,6.417804218853,5.69650049358342,5.64015410958904,5.98291907514451,6.15214010989011,109
"130",2018,2,6.13793103448276,29,6.54444444444444,5.47272727272727,4.4,5.66666666666667,6.19230769230769,18,11,2,3,26,2559,1535,1024,294,349,2210,6.12909886674482,6.41928925081433,5.6940966796875,5.63171768707483,5.9802005730659,6.15261266968326,110
"131",2018,3,5.82676470588235,34,6.0044,5.33333333333333,4.66666666666667,6.875,5.60214285714286,25,9,3,6,28,2593,1560,1033,297,355,2238,6.12513459313536,6.41264038461539,5.69095353339787,5.6219696969697,5.99532394366197,6.14572564789991,111
"132",2018,4,6.0179796969697,33,6.1317332,5.6625,NA,6.2,5.98547607142857,25,8,0,5,28,2626,1585,1041,297,360,2266,6.12378801599391,6.40820967192429,5.690734870317,5.6219696969697,5.99816666666667,6.14374551191527,112
"133",2018,5,5.51166666666667,30,5.63636363636364,5.43947368421053,6.125,4.18,5.778,11,19,4,5,25,2656,1596,1060,301,365,2291,6.11687399472892,6.4028899310777,5.68623113207547,5.62865448504983,5.9732602739726,6.13975439982541,113
"134",2018,6,6.49130434782609,23,6.73888888888889,5.6,6.5,NA,6.49130434782609,18,5,3,0,23,2679,1614,1065,304,365,2314,6.12008858902576,6.40663713135068,5.68582629107981,5.63725328947368,5.9732602739726,6.14324863007779,114
"135",2018,7,5.72142857142857,28,6.21875,5.05833333333333,5.675,6.5,5.66153846153846,16,12,4,2,26,2707,1630,1077,308,367,2340,6.11596502770595,6.4047928404908,5.67883472609099,5.63774350649351,5.97613079019074,6.1378962948718,115
"136",2018,8,5.88571428571429,42,6.21153846153846,5.35625,5.5,5.5,5.92631578947368,26,16,5,4,38,2749,1656,1093,313,371,2378,6.11244719170608,6.40175865338164,5.67411253430924,5.63554313099042,5.97099730458221,6.13451527754416,116
"137",2018,9,6.1875,32,6.65909090909091,5.15,6.25,8,6,22,10,2,3,29,2781,1678,1103,315,374,2407,6.113310798274,6.40513249702026,5.66936083408885,5.63944444444444,5.98727272727273,6.13289461154965,117
"138",2018,10,5.70487804878049,41,5.55185185185185,6,6.5,6.2,5.63611111111111,27,14,4,5,36,2822,1705,1117,319,379,2443,6.10737680014175,6.39162013489736,5.67350492390331,5.65023510971787,5.99007915567282,6.12557401964798,118
"139",2018,11,5.8274358974359,39,5.96925925925926,5.50833333333333,4.5,6.28375,5.70967741935484,27,12,2,8,31,2861,1732,1129,321,387,2474,6.10356075847606,6.38503598729792,5.67174933569531,5.64306853582555,5.99614987080103,6.12036270412288,119
"140",2018,12,6.2,38,6.97826086956522,5.00666666666667,5.8,6.06666666666667,6.24137931034483,23,15,5,9,29,2899,1755,1144,326,396,2503,6.10482488099345,6.39281044444445,5.66302884615385,5.6454754601227,5.99775252525253,6.12176481422294,120
"141",2019,1,5.64036363636364,55,5.84,5.34090909090909,5.14285714285714,6,5.62679245283019,33,22,7,2,53,2954,1788,1166,333,398,2556,6.09617715978335,6.38260756711409,5.65695111492281,5.63490990990991,5.99776381909548,6.11150130281691,121
"142",2019,2,5.63333333333333,33,6.31764705882353,4.90625,3.75,4,5.79666666666667,17,16,4,3,30,2987,1805,1182,337,401,2586,6.09106371945096,6.38199575069252,5.64678934010152,5.61253709198813,5.98281795511222,6.10784892884765,122
"143",2019,3,6.2075,28,6.83157894736842,4.89,4,5.17,6.332,19,9,1,3,25,3015,1824,1191,338,404,2611,6.09214505140962,6.38667890899123,5.64107052896725,5.60776627218935,5.97678217821782,6.10999514745309,123
"144",2019,4,6.0047619047619,42,6.48148148148148,5.14666666666667,5.06666666666667,6,6.00487804878049,27,15,3,1,41,3057,1851,1206,341,405,2652,6.09094449787374,6.38806176661264,5.63492122719735,5.60300586510264,5.97683950617284,6.10837003393666,124
"145",2019,5,5.8,21,6.29166666666667,5.14444444444444,4.6,5.75,5.81176470588235,12,9,3,4,17,3078,1863,1215,344,409,2669,6.08895949642625,6.38744086419753,5.63128806584362,5.59425872093023,5.97462102689487,6.10648082802548,125
"146",2019,6,6.07317073170732,41,6.58333333333333,5.35294117647059,6,5.875,6.12121212121212,24,17,5,8,33,3119,1887,1232,349,417,2702,6.08875194934274,6.38993234234234,5.62744724025974,5.60007163323782,5.97270983213429,6.10666074389342,126
"147",2019,7,6.03125,32,6.42857142857143,5.27272727272727,4.83333333333333,4.6,6.2962962962963,21,11,3,5,27,3151,1908,1243,352,422,2729,6.08816798794034,6.39035761530398,5.62430812550282,5.59353693181818,5.95644549763033,6.10853694759986,127
"148",2019,8,5.83102564102564,39,6.08607142857143,5.18181818181818,3.5,4,5.93,28,11,2,2,37,3190,1936,1254,354,424,2766,6.08502424137931,6.38595678202479,5.62042663476874,5.58170903954802,5.94721698113208,6.10614870932755,128
"149",2019,9,5.90622222222222,45,6.06357142857143,5.64705882352941,5,5.08333333333333,6.03282051282051,28,17,6,6,39,3235,1964,1271,360,430,2805,6.08253704173107,6.38136065682281,5.62078284815106,5.57201388888889,5.93516279069768,6.10512917290553,129
"150",2019,10,5.72837837837838,37,5.84,5.49583333333333,5.4,5.5,5.74142857142857,25,12,5,2,35,3272,1989,1283,365,432,2840,6.0785321913203,6.37455622423328,5.61961418550273,5.56965753424658,5.93314814814815,6.1006469471831,130
"151",2019,11,6.09895833333333,48,6.37903225806452,5.58823529411765,5.375,5.6,6.15697674418605,31,17,8,5,43,3320,2020,1300,373,437,2883,6.07882750903615,6.37462491584158,5.61920384615385,5.56548257372654,5.92933638443936,6.10148710718002,131
"152",2019,12,6.22816534883721,43,6.307037,6.04615384615385,6.33333333333333,5.75,6.30570567567568,30,13,3,6,37,3363,2050,1313,376,443,2920,6.08073697294083,6.37363582439024,5.62343107387662,5.57160904255319,5.92690744920993,6.10407480821918,132
"153",2020,1,5.86111111111111,54,6.04838709677419,5.60869565217391,4.75,5.4375,5.93478260869565,31,23,6,8,46,3417,2081,1336,382,451,2966,6.07726615159497,6.36879069678039,5.62317739520958,5.55870418848168,5.91822616407982,6.10144923803102,133
"154",2020,2,5.79447648648649,37,6.32836333333333,5.09375,5.25,6.5,5.70895848484848,21,16,4,4,33,3454,2102,1352,386,455,2999,6.07423684713376,6.36838680780209,5.61691198224852,5.55550518134715,5.92334065934066,6.09713040013338,134
"155",2020,3,6.89393939393939,33,6.98,6.625,6,6.91666666666667,6.88888888888889,25,8,1,6,27,3487,2127,1360,387,461,3026,6.08199428448523,6.3755754913023,5.62284191176471,5.55665374677003,5.93626898047722,6.104195,135
"156",2020,4,5.63333333333333,30,5.52777777777778,5.79166666666667,5,5.66666666666667,5.62962962962963,18,12,1,3,27,3517,2145,1372,388,464,3053,6.0781672078476,6.3684611048951,5.62431851311953,5.55521907216495,5.93452586206897,6.09999805764822,136
"157",2020,5,5.57314285714286,35,5.9984,4.51,3,6.5,5.5169696969697,25,10,2,2,33,3552,2170,1382,390,466,3086,6.07319089808559,6.3641977281106,5.61625542691751,5.54211538461538,5.93695278969957,6.09376347051199,137
"158",2020,6,5.7214584375,32,6.12861125,4.5,2,5.875,5.69952392857143,24,8,1,4,28,3584,2194,1390,391,470,3114,6.0700504296875,6.36162066545123,5.6098309352518,5.53305626598465,5.93642553191489,6.09021860629416,138
"159",2020,7,5.7695652173913,23,6.30588235294118,4.25,NA,6,5.75909090909091,17,6,0,1,22,3607,2211,1396,391,471,3136,6.06813438868866,6.36119210312076,5.60398638968481,5.53305626598465,5.93656050955414,6.08789564413266,139
"160",2020,8,5.40740740740741,27,5.94117647058824,4.5,5,5,5.47826086956522,17,10,2,4,23,3634,2228,1406,393,475,3159,6.06322529994497,6.35798731597846,5.59613442389758,5.53034351145038,5.92867368421053,6.08345702437481,140
"161",2020,9,5.8,40,5.9375,5.59375,5.2,6,5.75,24,16,5,8,32,3674,2252,1422,398,483,3191,6.06035948285248,6.35350610124334,5.59610759493671,5.52619346733668,5.92985507246377,6.08011304920088,141
"162",2020,10,5.85294117647059,51,5.94594594594595,5.60714285714286,6,6.5,5.79787234042553,37,14,3,4,47,3725,2289,1436,401,487,3238,6.05751966174497,6.34691819134993,5.5962151810585,5.52973815461347,5.93453798767967,6.076016287832,142
"163",2020,11,5.77647058823529,51,6.06363636363636,5.25,6.25,7,5.752,33,18,4,1,50,3776,2322,1454,405,488,3288,6.05372371292373,6.34289222222222,5.59192916093535,5.53685185185185,5.93672131147541,6.07108903284672,143
"164",2020,12,6.01521739130435,46,6.24594594594595,5.06666666666667,4,6.2,5.99761904761905,37,9,2,4,42,3822,2359,1463,407,492,3330,6.05326026687598,6.34137165748198,5.5886978810663,5.52929975429976,5.93886178861789,6.07016238438439,144
"165",2021,1,5.91996342465753,73,6.03730489361702,5.70784615384615,5.05822222222222,7.175,5.84720768115942,47,26,9,4,69,3895,2406,1489,416,496,3399,6.05076202053916,6.33543186616791,5.59077837474815,5.51910817307692,5.94883064516129,6.06563638423066,145
"166",2021,2,5.890625,32,6.03181818181818,5.58,5.5,4.5,5.98333333333333,22,10,4,2,30,3927,2428,1499,420,498,3429,6.04945710975299,6.33268083607908,5.59070647098065,5.51892619047619,5.94301204819277,6.06491632254302,146
"167",2021,3,5.878,30,6.22842105263158,5.27272727272727,5.25,6.5,5.83357142857143,19,11,4,2,28,3957,2447,1510,424,500,3457,6.04815720748042,6.33187129955047,5.58839006622517,5.5163891509434,5.94524,6.06304254266706,147
"168",2021,4,6.41025641025641,39,6.7037037037037,5.75,6,6.2,6.44117647058824,27,12,1,5,34,3996,2474,1522,425,505,3491,6.05169120870871,6.33592929264349,5.58966425755585,5.51752705882353,5.94776237623762,6.06672531366371,148
"169",2021,5,5.97916666666667,24,5.92857142857143,6.05,6.5,5.5,6.075,14,10,3,4,20,4020,2488,1532,428,509,3511,6.05125822636816,6.33363708601286,5.59266906005222,5.52441355140187,5.94424361493124,6.06677244944461,149
"170",2021,6,5.5,26,5.81818181818182,5.26666666666667,5,4.5,5.68181818181818,11,15,4,4,22,4046,2499,1547,432,513,3533,6.04771578596145,6.33136817527011,5.58950808015514,5.51955787037037,5.93298245614035,6.06437533823946,150
"171",2021,7,5.821875,32,6.3952380952381,4.72727272727273,4.5,6.9,5.62222222222222,21,11,2,5,27,4078,2520,1558,434,518,3560,6.0459436169691,6.33190042460317,5.58342041078306,5.51485944700461,5.9423166023166,6.06102192977528,151
"172",2021,8,6.09666666666667,30,6.15454545454545,5.9375,5,6.66666666666667,5.95416666666667,22,8,1,6,24,4108,2542,1566,435,524,3584,6.04631403846154,6.33036548780488,5.58522924648787,5.51367586206897,5.9506106870229,6.0603063811384,152
"173",2021,9,5.82989909090909,33,6.31818181818182,4.85333363636364,4.6,1,5.9808334375,22,11,4,1,32,4141,2564,1577,439,525,3616,6.04458940835547,6.33026094773791,5.58012407736208,5.50535079726651,5.94118095238095,6.05960308075222,153
"174",2021,10,5.94447368421053,38,6.18421052631579,5.70473684210526,6.2,5.13,6.01428571428571,19,19,5,3,35,4179,2583,1596,444,528,3651,6.04367904761905,6.32918663182346,5.58160756265664,5.51317342342342,5.93657196969697,6.05916864968502,154
"175",2021,11,5.265625,32,5.65909090909091,4.4,5.4,5.5,5.22222222222222,22,10,5,5,27,4211,2605,1606,449,533,3678,6.03776650201852,6.32352747408829,5.57425010585305,5.5119131403118,5.9324765478424,6.05302467101686,155
"176",2021,12,5.21047607142857,28,5.75288866666667,4.58461538461538,4.26666666666667,4.4,5.27282038461538,15,13,3,2,26,4239,2620,1619,452,535,3704,6.0323019745223,6.32026045801527,5.5663036874614,5.5036482300885,5.9267476635514,6.047548075054,156
"177",2022,1,5.65721388059702,67,5.91376804347826,5.09523809523809,6,6,5.62956983870968,46,21,3,5,62,4306,2666,1640,455,540,3766,6.02646572224803,6.31324671042761,5.56027175,5.50692087912088,5.92742592592593,6.0406668613914,157
"178",2022,2,6.14827586206897,29,6.15263157894737,6.14,5.55,6.73333333333333,6.08076923076923,19,10,4,3,26,4335,2685,1650,459,543,3792,6.02728059976932,6.312110141527,5.56378525454545,5.5072962962963,5.93187845303867,6.04094182489452,158
"179",2022,3,6.33333333333333,30,6.11111111111111,6.66666666666667,6.5,4.5,6.46428571428571,18,12,2,2,28,4365,2703,1662,461,545,3820,6.02938405498282,6.31077163522012,5.57174829723225,5.51160303687636,5.92662385321101,6.04404486910995,159
"180",2022,4,5.65486486486486,37,6.37521739130435,4.47142857142857,3.25,3.2,5.87147058823529,23,14,6,3,34,4402,2726,1676,467,548,3854,6.02623611994548,6.31131538151137,5.5625570823389,5.4825460385439,5.91169708029197,6.04252241826674,160
"181",2022,5,5.74,30,5.775,5.67,6.33333333333333,6.33333333333333,5.67407407407407,20,10,3,3,27,4432,2746,1686,470,551,3881,6.02429860108303,6.30740922432629,5.56319434756821,5.48797659574468,5.91399274047187,6.03995913424375,161
"182",2022,6,5.9,27,6.03809523809524,5.41666666666667,4,NA,5.9,21,6,1,0,27,4459,2767,1692,471,551,3908,6.02354595200718,6.30536528008674,5.56267474586288,5.48481740976646,5.91399274047187,6.03899216990788,162
"183",2022,7,5.84090909090909,22,6.375,5.2,3,3,5.97619047619048,12,10,1,1,21,4481,2779,1702,472,552,3929,6.02264927471547,6.3056659697733,5.56054387191539,5.4795529661017,5.90871376811594,6.03865650292696,163
"184",2022,8,6.03473684210526,38,6.15909090909091,5.86375,5.1,5.66,6.09151515151515,22,16,5,5,33,4519,2801,1718,477,557,3962,6.02275091834477,6.30451471974295,5.56336767753201,5.47557442348008,5.90648114901257,6.03909676930843,164
"185",2022,9,6.14333333333333,30,6.55882352941176,5.6,6,5.83333333333333,6.17777777777778,17,13,3,3,27,4549,2818,1731,480,560,3989,6.02354614200923,6.30604887508871,5.56364279029463,5.47885208333333,5.90608928571429,6.04003544748057,165
"186",2022,10,6.29393939393939,33,6.06363636363636,6.75454545454545,5.5,5.65,6.33548387096774,22,11,1,2,31,4582,2840,1742,481,562,4020,6.02549353993889,6.30417103169014,5.57116284156142,5.47889604989605,5.90517793594306,6.04231378109453,166
"187",2022,11,5.66162790697674,43,5.86428571428571,5.28333333333333,6.5,6.5,5.62073170731707,28,15,2,2,41,4625,2868,1757,483,564,4061,6.02211057297297,6.2998764748954,5.56870556061468,5.48312422360249,5.90728723404255,6.03805747352869,167
"188",2022,12,5.97775,40,6.19583333333333,5.650625,6.4,4.16,6.23742857142857,24,16,5,5,35,4665,2892,1773,488,569,4096,6.02173020364416,6.29901304633472,5.56944482233502,5.49251844262295,5.89193321616872,6.03976108398438,168
