"","year","month","avg_rating","no_ratings","avg_rating_owned","avg_rating_not_owned","avg_rating_prev_owned","avg_rating_comment","avg_rating_no_comment","no_ratings_owned","no_ratings_not_owned","no_ratings_prev_owned","no_ratings_comment","no_ratings_no_comment","cum_no_ratings","cum_no_ratings_owned","cum_no_ratings_not_owned","cum_no_ratings_prev_owned","cum_no_ratings_comment","cum_no_ratings_no_comment","cum_avg_rating","cum_avg_rating_owned","cum_avg_rating_not_owned","cum_avg_rating_prev_owned","cum_avg_rating_comment","cum_avg_rating_no_comment","month_after_release"
"1",2001,6,8,5,8.75,5,NA,10,6.66666666666667,4,1,0,2,3,5,4,1,0,2,3,8,8.75,5,NA,10,6.66666666666667,0
"2",2001,7,10,2,10,NA,NA,10,10,2,0,0,1,1,7,6,1,0,3,4,8.57142857142857,9.16666666666667,5,NA,10,7.5,1
"3",2001,8,8.14285714285714,7,7.83333333333333,10,NA,10,7.4,6,1,0,2,5,14,12,2,0,5,9,8.35714285714286,8.5,7.5,NA,10,7.44444444444444,2
"4",2001,9,9.5,2,9.5,NA,NA,NA,9.5,2,0,0,0,2,16,14,2,0,5,11,8.5,8.64285714285714,7.5,NA,10,7.81818181818182,3
"5",2001,10,8.75,4,8.75,NA,NA,8.5,9,4,0,0,2,2,20,18,2,0,7,13,8.55,8.66666666666667,7.5,NA,9.57142857142857,8,4
"6",2001,11,8,5,8,8,NA,7,8.25,3,2,0,1,4,25,21,4,0,8,17,8.44,8.57142857142857,7.75,NA,9.25,8.05882352941176,5
"7",2002,1,9.33333333333333,3,9.33333333333333,NA,NA,10,9,3,0,0,1,2,28,24,4,0,9,19,8.53571428571429,8.66666666666667,7.75,NA,9.33333333333333,8.1578947368421,7
"8",2002,3,4,1,NA,4,NA,4,NA,0,1,0,1,0,29,24,5,0,10,19,8.37931034482759,8.66666666666667,7,NA,8.8,8.1578947368421,9
"9",2002,4,7,1,7,NA,NA,7,NA,1,0,0,1,0,30,25,5,0,11,19,8.33333333333333,8.6,7,NA,8.63636363636364,8.1578947368421,10
"10",2002,5,7.5,4,8,7,8,8,7.33333333333333,2,2,1,1,3,34,27,7,1,12,22,8.23529411764706,8.55555555555556,7,8,8.58333333333333,8.04545454545454,11
"11",2002,6,7.75,4,8,7,NA,10,7,3,1,0,1,3,38,30,8,1,13,25,8.18421052631579,8.5,7,8,8.69230769230769,7.92,12
"12",2002,7,7,1,7,NA,NA,7,NA,1,0,0,1,0,39,31,8,1,14,25,8.15384615384615,8.45161290322581,7,8,8.57142857142857,7.92,13
"13",2002,8,8.16666666666667,12,7.8,10,10,8.66666666666667,8,10,2,1,3,9,51,41,10,2,17,34,8.15686274509804,8.29268292682927,7.6,9,8.58823529411765,7.94117647058824,14
"14",2002,9,7.4,5,7.25,8,NA,6.66666666666667,8.5,4,1,0,3,2,56,45,11,2,20,36,8.08928571428571,8.2,7.63636363636364,9,8.3,7.97222222222222,15
"15",2002,10,6.8,10,7.375,4.5,NA,9,6.55555555555556,8,2,0,1,9,66,53,13,2,21,45,7.89393939393939,8.07547169811321,7.15384615384615,9,8.33333333333333,7.68888888888889,16
"16",2002,11,7.18181818181818,11,7.5,6.8,NA,9.75,5.71428571428571,6,5,0,4,7,77,59,18,2,25,52,7.79220779220779,8.01694915254237,7.05555555555556,9,8.56,7.42307692307692,17
"17",2002,12,7.66666666666667,6,7.66666666666667,NA,NA,9,7,6,0,0,2,4,83,65,18,2,27,56,7.78313253012048,7.98461538461538,7.05555555555556,9,8.59259259259259,7.39285714285714,18
"18",2003,1,8.88888888888889,9,8.75,10,NA,10,8.57142857142857,8,1,0,2,7,92,73,19,2,29,63,7.89130434782609,8.06849315068493,7.21052631578947,9,8.68965517241379,7.52380952380952,19
"19",2003,2,7.5,4,7.5,NA,NA,7,7.66666666666667,4,0,0,1,3,96,77,19,2,30,66,7.875,8.03896103896104,7.21052631578947,9,8.63333333333333,7.53030303030303,20
"20",2003,3,8.5,4,7,10,10,10,8,2,2,1,1,3,100,79,21,3,31,69,7.9,8.0126582278481,7.47619047619048,9.33333333333333,8.67741935483871,7.55072463768116,21
"21",2003,4,6.78571428571429,7,6.5,7.16666666666667,NA,7.5,6.5,4,3,0,2,5,107,83,24,3,33,74,7.82710280373832,7.93975903614458,7.4375,9.33333333333333,8.60606060606061,7.47972972972973,22
"22",2003,5,8.27272727272727,11,8.22222222222222,8.5,NA,8.4,8.16666666666667,9,2,0,5,6,118,92,26,3,38,80,7.86864406779661,7.96739130434783,7.51923076923077,9.33333333333333,8.57894736842105,7.53125,23
"23",2003,6,8.2,15,8.45454545454546,7.5,NA,8.875,7.42857142857143,11,4,0,8,7,133,103,30,3,46,87,7.90601503759398,8.01941747572816,7.51666666666667,9.33333333333333,8.6304347826087,7.52298850574713,24
"24",2003,7,7.62903225806452,31,7.9375,6.57142857142857,NA,7.96875,7.26666666666667,24,7,0,16,15,164,127,37,3,62,102,7.85365853658537,8.00393700787402,7.33783783783784,9.33333333333333,8.45967741935484,7.48529411764706,25
"25",2003,8,9.05,10,9,9.25,NA,8.75,9.25,8,2,0,4,6,174,135,39,3,66,108,7.92241379310345,8.06296296296296,7.43589743589744,9.33333333333333,8.47727272727273,7.58333333333333,26
"26",2003,9,8.625,8,9,6,NA,9,8.25,7,1,0,4,4,182,142,40,3,70,112,7.9532967032967,8.10915492957746,7.4,9.33333333333333,8.50714285714286,7.60714285714286,27
"27",2003,10,7,8,7.33333333333333,6,NA,5.66666666666667,7.8,6,2,0,3,5,190,148,42,3,73,117,7.91315789473684,8.0777027027027,7.33333333333333,9.33333333333333,8.39041095890411,7.61538461538461,28
"28",2003,11,6.94444444444444,9,6.94444444444444,NA,NA,8.66666666666667,6.08333333333333,9,0,0,3,6,199,157,42,3,76,123,7.86934673366834,8.01273885350319,7.33333333333333,9.33333333333333,8.40131578947368,7.54065040650407,29
"29",2003,12,7.83333333333333,15,8.5,6,NA,7.5,7.95454545454545,11,4,0,4,11,214,168,46,3,80,134,7.86682242990654,8.04464285714286,7.21739130434783,9.33333333333333,8.35625,7.57462686567164,30
"30",2004,1,7.15909090909091,22,7.46875,6.33333333333333,1,7.04545454545455,7.27272727272727,16,6,1,11,11,236,184,52,4,91,145,7.80084745762712,7.99456521739131,7.11538461538461,7.25,8.1978021978022,7.55172413793103,31
"31",2004,2,8.05294117647059,17,8.36875,3,NA,8.66666666666667,7.71818181818182,16,1,0,6,11,253,200,53,4,97,156,7.81778656126482,8.0245,7.0377358490566,7.25,8.22680412371134,7.56346153846154,32
"32",2004,3,8.11764705882353,17,7.91666666666667,8.6,10,8.57142857142857,7.8,12,5,1,7,10,270,212,58,5,104,166,7.83666666666667,8.0183962264151,7.17241379310345,7.8,8.25,7.57771084337349,33
"33",2004,4,8.88235294117647,17,8.8125,10,NA,8.75,8.92307692307692,16,1,0,4,13,287,228,59,5,108,179,7.898606271777,8.07412280701755,7.22033898305085,7.8,8.26851851851852,7.67541899441341,34
"34",2004,5,8.82916666666667,24,9.12608695652174,2,NA,8.77857142857143,8.9,23,1,0,14,10,311,251,60,5,122,189,7.97041800643087,8.17051792828686,7.13333333333333,7.8,8.32704918032787,7.74021164021164,35
"35",2004,6,8.11904761904762,21,8.69444444444444,4.66666666666667,NA,8.28571428571429,8.03571428571429,18,3,0,7,14,332,269,63,5,129,203,7.97981927710843,8.20557620817844,7.01587301587302,7.8,8.32480620155039,7.76059113300493,36
"36",2004,7,8.425,20,8.46875,8.25,NA,8.25,8.6,16,4,0,10,10,352,285,67,5,139,213,8.00511363636364,8.22035087719298,7.08955223880597,7.8,8.31942446043165,7.8,37
"37",2004,8,9,5,10,5,NA,7.5,10,4,1,0,2,3,357,289,68,5,141,216,8.01904761904762,8.24498269896194,7.05882352941176,7.8,8.30780141843972,7.83055555555556,38
"38",2004,9,8.11904761904762,21,8.91176470588235,4.75,NA,7.63636363636364,8.65,17,4,0,11,10,378,306,72,5,152,226,8.02460317460318,8.28202614379085,6.93055555555556,7.8,8.25921052631579,7.86681415929204,39
"39",2004,10,8.6,20,9,7.66666666666667,NA,8.91666666666667,8.125,14,6,0,12,8,398,320,78,5,164,234,8.0535175879397,8.3134375,6.98717948717949,7.8,8.30731707317073,7.87564102564103,40
"40",2004,11,8.70833333333333,24,9.05882352941176,7.85714285714286,NA,9,8.46153846153846,17,7,0,11,13,422,337,85,5,175,247,8.09075829383886,8.35103857566766,7.05882352941176,7.8,8.35085714285714,7.90647773279352,41
"41",2004,12,8.46521739130435,23,8.84285714285714,4.5,NA,9.72727272727273,7.30833333333333,21,2,0,11,12,445,358,87,5,186,259,8.11011235955056,8.37988826815643,7,7.8,8.43225806451613,7.87876447876448,42
"42",2005,1,7.58823529411765,34,8.40740740740741,4.42857142857143,NA,7.78571428571429,7.45,27,7,0,14,20,479,385,94,5,200,279,8.07306889352818,8.38181818181818,6.80851063829787,7.8,8.387,7.84802867383513,43
"43",2005,2,8.73076923076923,26,8.8,8.5,NA,8.6,8.90909090909091,20,6,0,15,11,505,405,100,5,215,290,8.10693069306931,8.40246913580247,6.91,7.8,8.40186046511628,7.88827586206897,44
"44",2005,3,8.26388888888889,36,8.37931034482759,7.78571428571429,7,7.93333333333333,8.5,29,7,1,15,21,541,434,107,6,230,311,8.1173752310536,8.40092165898618,6.96728971962617,7.66666666666667,8.37130434782608,7.92958199356913,45
"45",2005,4,7.05,20,7.73333333333333,5,2,7.44444444444444,6.72727272727273,15,5,1,9,11,561,449,112,7,239,322,8.07932263814617,8.37861915367484,6.87946428571429,6.85714285714286,8.33640167364016,7.88850931677019,46
"46",2005,5,8.31818181818182,22,8.52631578947368,7,NA,8.57142857142857,7.875,19,3,0,14,8,583,468,115,7,253,330,8.08833619210978,8.38461538461539,6.88260869565217,6.85714285714286,8.3494071146245,7.88818181818182,47
"47",2005,6,8.09523761904762,21,9.39999933333333,4.83333333333333,6.5,7.66666583333333,8.66666666666667,15,6,2,12,9,604,483,121,9,265,339,8.0885761423841,8.41614904761905,6.78099173553719,6.77777777777778,8.31849052830188,7.90884955752213,48
"48",2005,7,7.88888888888889,18,8.46153846153846,6.4,NA,8.625,7.3,13,5,0,8,10,622,496,126,9,273,349,8.08279741157556,8.41733868951613,6.76587301587302,6.77777777777778,8.32747249084249,7.89140401146132,49
"49",2005,8,7.04411764705882,34,8.02173913043478,5,NA,7.54166666666667,6.77272727272727,23,11,0,12,22,656,519,137,9,285,371,8.02896339939024,8.39980730250482,6.62408759124088,6.77777777777778,8.29438592982456,7.82506738544475,50
"50",2005,9,8.46,25,8.38636363636364,9,9,8.23076923076923,8.70833333333333,22,3,1,13,12,681,541,140,10,298,383,8.04478706314244,8.39926060998152,6.675,7,8.29161070469798,7.85274151436031,51
"51",2005,10,7.98214285714286,28,8.17391304347826,7.1,6,8.14705882352941,7.72727272727273,23,5,1,17,11,709,564,145,11,315,394,8.04231310296192,8.39007090425532,6.68965517241379,6.90909090909091,8.28380949206349,7.8492385786802,52
"52",2005,11,8.06451612903226,31,8.30434782608696,7.375,NA,8.77272727272727,7.675,23,8,0,11,20,740,587,153,11,326,414,8.04324322972973,8.38671207836457,6.72549019607843,6.90909090909091,8.30030671779141,7.84082125603865,53
"53",2005,12,7.82926829268293,41,8.259375,6.3,NA,7.76923076923077,7.85714285714286,32,9,0,13,28,781,619,162,11,339,442,8.03201023047375,8.38012922455574,6.70185185185185,6.90909090909091,8.27994097345132,7.84185520361991,54
"54",2006,1,8.03703703703704,54,8.17391304347826,7.25,7,8.10344827586207,7.96,46,8,1,29,25,835,665,170,12,368,467,8.03233531736527,8.36586464661654,6.72764705882353,6.91666666666667,8.26603258152174,7.84817987152034,55
"55",2006,2,7.82758620689655,29,7.86363636363636,7.71428571428571,NA,8.14285714285714,7.72727272727273,22,7,0,7,22,864,687,177,12,375,489,8.02546295138889,8.34978164483261,6.76666666666667,6.91666666666667,8.26373330666666,7.84274028629857,56
"56",2006,3,7.16129032258065,31,7.77777777777778,3,4,7.27272727272727,7.1,27,4,1,11,20,895,714,181,13,386,509,7.9955307150838,8.3281512464986,6.68342541436464,6.69230769230769,8.23549220207254,7.81355599214145,57
"57",2006,4,8.3421052631579,19,8.75,7.2,NA,8.75,8.15384615384615,14,5,0,6,13,914,728,186,13,392,522,8.00273521881838,8.33626372252747,6.69731182795699,6.69230769230769,8.24336732142857,7.822030651341,58
"58",2006,5,8.06,25,8.1,7.9,NA,8.03846153846154,8.08333333333333,20,5,0,13,12,939,748,191,13,405,534,8.00425984025559,8.32994651069519,6.72879581151833,6.69230769230769,8.23679009876543,7.82790262172285,59
"59",2006,6,7.908,25,8.06,7.3,NA,7.33333333333333,8.23125,20,5,0,9,16,964,768,196,13,414,550,8.00176347510374,8.32291665364584,6.74336734693878,6.69230769230769,8.21714973429951,7.83963636363636,60
"60",2006,7,7.45833333333333,36,7.80357142857143,6.25,7,6.58333333333333,7.89583333333333,28,8,1,12,24,1000,796,204,14,426,574,7.98219999,8.30464822864322,6.72401960784314,6.71428571428571,8.1711267370892,7.84198606271777,61
"61",2006,8,7.46296296296296,27,7.67391304347826,6.25,6,7.40909090909091,7.5,23,4,1,11,16,1027,819,208,15,437,590,7.96854916260954,8.28693527472528,6.71490384615385,6.66666666666667,8.15194505720823,7.83271186440678,62
"62",2006,9,8.07878787878788,33,8.12,7.66666666666667,NA,8.12307692307692,8.05,30,3,0,13,20,1060,849,211,15,450,610,7.97198112264151,8.28103650176679,6.72843601895735,6.66666666666667,8.15111108888889,7.83983606557377,63
"63",2006,10,8.04324324324324,37,8.46538461538461,7.04545454545455,5.5,8.16666666666667,7.95909090909091,26,11,1,15,22,1097,875,222,16,465,632,7.97438467639016,8.28651427428572,6.74414414414414,6.59375,8.15161288172043,7.84398734177215,64
"64",2006,11,8.20967741935484,31,8.57692307692308,6.3,NA,8.6,8.02380952380952,26,5,0,10,21,1128,901,227,16,475,653,7.98085105496454,8.29489455049945,6.73436123348018,6.59375,8.16105261052631,7.84977029096478,65
"65",2006,12,7.69444444444444,54,8.06578947368421,6.8125,7,7.4,7.86764705882353,38,16,1,20,34,1182,939,243,17,495,687,7.96776648900169,8.28562299254526,6.73950617283951,6.61764705882353,8.13030301010101,7.85065502183406,66
"66",2007,1,7.77962962962963,54,7.9725,7.22857142857143,2,7.9,7.71944444444444,40,14,1,18,36,1236,979,257,18,513,723,7.95954691747573,8.27282940755874,6.76614785992218,6.36111111111111,8.12222220272904,7.84412171507607,67
"67",2007,2,8.22292275,40,9.19230769230769,6.42263642857143,5,7.83333333333333,8.54167772727273,26,14,2,18,22,1276,1005,271,20,531,745,7.96780321316615,8.29661690547264,6.74840188191882,6.225,8.11242935969868,7.86472068456376,68
"68",2007,3,8.18595238095238,42,8.34870967741936,7.72727272727273,6,7.375,8.685,31,11,1,16,26,1318,1036,282,21,547,771,7.97475485584219,8.29817566602317,6.78658478723404,6.21428571428571,8.09085921389396,7.89238250324254,69
"69",2007,4,8.37209302325581,43,8.54054054054054,7.33333333333333,NA,8.86842105263158,7.97916666666667,37,6,0,19,24,1361,1073,288,21,566,795,7.98730852314475,8.30653307548928,6.79797538194444,6.21428571428571,8.1169611130742,7.89500240251572,70
"70",2007,5,7.67872340425532,47,8.29666666666667,6.58823529411765,8,7.1,7.95,30,17,1,15,32,1408,1103,305,22,581,827,7.97700774147727,8.30626472348142,6.78628495081967,6.29545454545455,8.0907056626506,7.89713048367594,71
"71",2007,6,8.10975609756098,41,8.31081081081081,6.25,NA,8.27272727272727,8.05,37,4,0,11,30,1449,1140,309,22,592,857,7.98076390614217,8.30641227192983,6.77934275080906,6.29545454545455,8.09408782094594,7.90248180863477,72
"72",2007,7,8.12340425531915,47,8.2325,7.5,NA,7.83333333333333,8.30344827586207,40,7,0,18,29,1496,1180,316,22,610,886,7.9852452540107,8.30390677118644,6.79530667721519,6.29545454545455,8.08639342622951,7.91560599322799,73
"73",2007,8,8.05405405405405,37,8.23333333333333,7.28571428571429,7,7.42857142857143,8.43478260869565,30,7,1,14,23,1533,1210,323,23,624,909,7.98690600130463,8.30215701652893,6.80593470588235,6.32608695652174,8.07163459935897,7.92874247524753,74
"74",2007,9,7.90476190476191,42,8.09722222222222,6.75,NA,7.53333333333333,8.11111111111111,36,6,0,15,27,1575,1246,329,23,639,936,7.98471549206349,8.2962359470305,6.80491462006079,6.32608695652174,8.05899841940532,7.93400310897436,75
"75",2007,10,7.65036363636364,55,8.22121951219512,5.97857142857143,4,7.94695652173913,7.4371875,41,14,1,23,32,1630,1287,343,24,662,968,7.9734336809816,8.29384614607615,6.77118632653061,6.22916666666667,8.05510572507553,7.91757945247934,76
"76",2007,11,7.28518518518518,54,7.6025641025641,6.46,9,6.85,7.54117647058824,39,15,1,20,34,1684,1326,358,25,682,1002,7.95136395486936,8.27351432126697,6.75814779329609,6.34,8.01976538123167,7.90480729540918,77
"77",2007,12,7.4375,64,7.79591836734694,6.26666666666667,8,7.60344827586207,7.3,49,15,1,29,35,1748,1375,373,26,711,1037,7.93254971395881,8.25649453818182,6.73838313672922,6.40384615384615,8.00278479606188,7.88439432015429,78
"78",2008,1,7.90481927710843,83,8.35079365079365,6.5,NA,7.88235294117647,7.92040816326531,63,20,0,34,49,1831,1438,393,26,745,1086,7.93129268159476,8.26062586230877,6.72625167938931,6.40384615384615,7.99728857718121,7.88601925414365,79
"79",2008,2,7.89821428571429,56,8.21627906976744,6.84615384615385,9,8.25882352941177,7.74102564102564,43,13,1,17,39,1887,1481,406,27,762,1125,7.93031102278749,8.25933827819041,6.73009091133005,6.5,8.00312334645669,7.88099280888889,80
"80",2008,3,7.85178571428571,56,8.42325581395349,5.96153846153846,7,7.988,7.74193548387097,43,13,1,25,31,1943,1524,419,28,787,1156,7.92804781266083,8.2639632480315,6.70624560859189,6.51785714285714,8.00264293519695,7.87726376297578,81
"81",2008,4,8.11395348837209,43,8.42571428571429,6.75,NA,7.58333333333333,8.496,35,8,0,18,25,1986,1559,427,28,805,1181,7.93207296072508,8.26759460551636,6.70706536299766,6.51785714285714,7.99326706832298,7.89036148179509,82
"82",2008,5,8.45434782608696,46,8.88205128205128,6.07142857142857,6,8.42727272727273,8.47916666666667,39,7,2,22,24,2032,1598,434,30,827,1205,7.94389611220472,8.28259073216521,6.69681315668203,6.48333333333333,8.00481256348247,7.9020887219917,83
"83",2008,6,8.07924528301887,53,8.3972972972973,7.34375,10,8.58823529411765,7.83888888888889,37,16,1,17,36,2085,1635,450,31,844,1241,7.94733664268585,8.2851865382263,6.71981535555556,6.59677419354839,8.01656396919431,7.90025536663981,84
"84",2008,7,8.08203125,64,8.50531914893617,6.91176470588235,5.2,7.98214285714286,8.15972222222222,47,17,5,28,36,2149,1682,467,36,872,1277,7.95134802233597,8.29133768727705,6.72680280513919,6.40277777777778,8.01545870412844,7.90757001566171,85
"85",2008,8,8.23404255319149,47,8.70967741935484,7.3125,7,7.5,8.61290322580645,31,16,3,16,31,2196,1713,483,39,888,1308,7.95739840619308,8.2989083420899,6.7462047826087,6.44871794871795,8.00617115990991,7.92428662844037,86
"86",2008,9,7.39705882352941,34,8.24,5.05555555555556,7,7.11764705882353,7.67647058823529,25,9,1,17,17,2230,1738,492,40,905,1325,7.94885511210762,8.29806098388953,6.71527827235772,6.4625,7.9894806519337,7.92110710188679,87
"87",2008,10,7.91190476190476,42,8.14705882352941,6.9125,4,8.0875,7.80384615384615,34,8,1,16,26,2272,1772,500,41,921,1351,7.94817205105634,8.29516365124154,6.71843382,6.40243902439024,7.99118348534202,7.91885041450777,88
"88",2008,11,8.146,50,8.41081081081081,7.39230769230769,6.55,7.83888888888889,8.31875,37,13,2,18,32,2322,1809,513,43,939,1383,7.9524319121447,8.29752901603096,6.73551054580897,6.4093023255814,7.9882641001065,7.92810333333333,89
"89",2008,12,8.08253968253968,63,8.14807692307692,7.77272727272727,7.83333333333333,8.5,7.8425,52,11,3,23,40,2385,1861,524,46,962,1423,7.955868721174,8.2933530306287,6.75728417938931,6.50217391304348,8.00049895010395,7.92569705551651,90
"90",2009,1,8.04551282051282,78,8.44152542372881,6.81578947368421,6.5,8.425,7.91465517241379,59,19,4,20,58,2463,1920,543,50,982,1481,7.95870763296792,8.29790624479167,6.75933132596685,6.502,8.00914459266802,7.92526462525321,91
"91",2009,2,7.31206896551724,116,8.06034482758621,6.56379310344828,6,7.83928571428571,7.14431818181818,58,58,7,28,88,2579,1978,601,57,1010,1569,7.92962268321055,8.29094033872599,6.74046074875208,6.44035087719298,8.00443563366337,7.88146393244105,92
"92",2009,3,7.54479166666667,96,7.71206896551724,7.28947368421053,6,7.90952380952381,7.44266666666667,58,38,5,21,75,2675,2036,639,62,1031,1644,7.91581192523364,8.27444989685658,6.77310940532081,6.40483870967742,8.00250241513094,7.86144580900243,93
"93",2009,4,7.39,90,7.77,6.915,7.3125,7.53541666666667,7.33712121212121,50,40,8,24,66,2765,2086,679,70,1055,1710,7.89869688969258,8.26235857622243,6.78146820324006,6.50857142857143,7.99187676777251,7.84120871929825,94
"94",2009,5,7.28915662650602,83,7.97777777777778,6.47368421052632,5,7.05,7.33768115942029,45,38,4,14,69,2848,2131,717,74,1069,1779,7.8809329002809,8.25634912717034,6.76515608089261,6.42702702702703,7.97954161833489,7.82167898257448,95
"95",2009,6,7.64078947368421,76,8.05555555555556,7.03870967741936,7,7.08333333333333,7.7453125,45,31,3,12,64,2924,2176,748,77,1081,1843,7.87469114227086,8.25219668658088,6.77649319518717,6.44935064935065,7.96959296022202,7.81902708084645,96
"96",2009,7,7.8320987654321,81,8.35384615384615,6.89655172413793,8,7.66923076923077,7.86323529411765,52,29,1,13,68,3005,2228,777,78,1094,1911,7.87354306156406,8.25456911579892,6.78097414414415,6.46923076923077,7.96602375685558,7.82060016221873,97
"97",2009,8,7.61883116883117,77,8.34878048780488,6.7875,7.75,7.75294117647059,7.58083333333333,41,36,2,17,60,3082,2269,813,80,1111,1971,7.86717939649578,8.25627148082856,6.78126311193112,6.50125,7.96276326732673,7.81330132420091,98
"98",2009,9,7.54193548387097,93,8.10625,6.94,6.72222222222222,7.04166666666667,7.61604938271605,48,45,9,12,81,3175,2317,858,89,1123,2052,7.85765256692913,8.25316356927061,6.78958847319347,6.52359550561798,7.95292073909172,7.80551506335283,99
"99",2009,10,7.5358024691358,81,8.028,6.74193548387097,5.5,7.34705882352941,7.5859375,50,31,4,17,64,3256,2367,889,93,1140,2116,7.84964585380835,8.24840726235741,6.78792678290214,6.47956989247312,7.94388595614035,7.79887377599244,100
"100",2009,11,7.77763157894737,76,7.98846153846154,7.32083333333333,6.33333333333333,7.88461538461539,7.75555555555556,52,24,3,13,63,3332,2419,913,96,1153,2179,7.84800327130852,8.2428193427036,6.80193527929902,6.475,7.94321768430182,7.79762134465351,101
"101",2009,12,7.67674757281553,103,8.16560344827586,7.04666666666667,6.5,7.48260869565217,7.7325625,58,45,6,23,80,3435,2477,958,102,1176,2259,7.84286809315866,8.24101129995963,6.8134310125261,6.47647058823529,7.93420917517007,7.79531735723771,102
"102",2010,1,7.4375,120,7.99571428571429,6.656,7.3,7.936,7.30631578947368,70,50,5,25,95,3555,2547,1008,107,1201,2354,7.82918478199719,8.23426972516686,6.80562193452381,6.51495327102804,7.93424645295587,7.77558279949023,103
"103",2010,2,7.68045977011494,87,8.26271186440678,6.45357142857143,5,7.85294117647059,7.63857142857143,59,28,1,17,70,3642,2606,1036,108,1218,2424,7.82563204283361,8.23491365694551,6.79610705598456,6.50092592592593,7.93311165024631,7.77162620049505,104
"104",2010,3,7.76066666666667,75,8.44186046511628,6.8453125,5.65,8.04473684210526,7.66428571428571,43,32,2,19,56,3717,2649,1068,110,1237,2480,7.82432119989239,8.23827292940732,6.7975813764045,6.48545454545455,7.9348261843169,7.76920238306452,105
"105",2010,4,7.784375,64,8.0063829787234,7.17058823529412,NA,8.10714285714286,7.694,47,17,0,14,50,3781,2696,1085,110,1251,2530,7.82364504099445,8.23423033753709,6.8034257235023,6.48545454545455,7.93675458832934,7.76771616996047,106
"106",2010,5,7.77272727272727,66,8.46190476190476,6.56666666666667,6.3,7.86666666666667,7.74509803921569,42,24,2,15,51,3847,2738,1109,112,1266,2581,7.82277148427346,8.23772278670562,6.79830199278629,6.48214285714286,7.93592416271722,7.76726924060442,107
"107",2010,6,7.83009433962264,53,8.18316666666667,7.3695652173913,6,9.01,7.5556976744186,30,23,1,10,43,3900,2768,1132,113,1276,2624,7.822871,8.23713149927746,6.80990893109541,6.47787610619469,7.94434168495298,7.76380217606707,108
"108",2010,7,7.69642857142857,42,7.95652173913043,7.38157894736842,6.25,7.33333333333333,7.75694444444444,23,19,4,6,36,3942,2791,1151,117,1282,2660,7.82152382039574,8.23481905768542,6.81934570807993,6.47008547008547,7.94148205148206,7.76370936466165,109
"109",2010,8,7.51538461538462,65,7.73529411764706,7.2741935483871,6,7.22222222222222,7.62765957446809,34,31,2,18,47,4007,2825,1182,119,1300,2707,7.81655774893936,8.22880707610619,6.83127488155668,6.46218487394958,7.93152306923077,7.76134721462874,110
"110",2010,9,7.39019607843137,51,8.465625,5.57894736842105,4.5,6.85714285714286,7.59189189189189,32,19,3,14,37,4058,2857,1201,122,1314,2744,7.81119933464761,8.23145956947847,6.81146287260616,6.41393442622951,7.92007609589041,7.75906228498542,111
"111",2010,10,8.0140350877193,57,8.68888888888889,6.85714285714286,6.75,8.39130434782609,7.75882352941176,36,21,4,23,34,4115,2893,1222,126,1337,2778,7.8140089671932,8.23715174213619,6.81224788052373,6.42460317460317,7.92818249065071,7.75905936285097,112
"112",2010,11,7.71041666666667,96,8.09090909090909,7.2,6.8,7.7,7.71408450704225,55,41,5,25,71,4211,2948,1263,131,1362,2849,7.81164732842555,8.23442333446404,6.82483524148852,6.43893129770992,7.92399411894273,7.75793854334854,113
"113",2010,12,7.22421052631579,95,7.71730769230769,6.62790697674419,7,7.81111111111111,7.16279069767442,52,43,5,9,86,4306,3000,1306,136,1371,2935,7.79868715745472,8.22545999666667,6.81835138591118,6.45955882352941,7.92325309263312,7.74049979897785,114
"114",2011,1,7.83173076923077,104,8.26515151515152,7.07894736842105,7.125,8.12962962962963,7.72727272727273,66,38,8,27,77,4410,3066,1344,144,1398,3012,7.79946641723356,8.22631441291585,6.82571942708334,6.49652777777778,7.9272389055794,7.74016165670651,115
"115",2011,2,7.74576119402985,67,8.5,6.47864,6,7.74811111111111,7.74489795918367,42,25,1,18,49,4477,3108,1369,145,1416,3061,7.79866269823543,8.23001286679537,6.81938123447772,6.49310344827586,7.92496185734463,7.74023747468148,116
"116",2011,3,7.52037037037037,54,7.97647058823529,6.745,6,7.89285714285714,7.39,34,20,3,14,40,4531,3142,1389,148,1430,3101,7.79534603840212,8.22726925206875,6.81831023038157,6.48310810810811,7.92464754545455,7.73571973879394,117
"117",2011,4,8.2015873015873,63,8.52765957446809,7.24375,8,8.12,8.22708333333333,47,16,1,15,48,4594,3189,1405,149,1445,3149,7.8009170439704,8.23169645343368,6.82315509608541,6.49328859060403,7.92667542560554,7.74320956176564,118
"118",2011,5,7.56818181818182,44,7.88,7.15789473684211,7.125,6.5,7.77027027027027,25,19,4,7,37,4638,3214,1424,153,1452,3186,7.79870912031048,8.22896079340386,6.8276214255618,6.50980392156863,7.91979751377411,7.74352382611425,119
"119",2011,6,7.7843137254902,51,8.51515151515152,6.44444444444444,5.5,8.44444444444444,7.64285714285714,33,18,2,9,42,4689,3247,1442,155,1461,3228,7.79855254851781,8.23186941484447,6.82283835644938,6.49677419354839,7.92302942505134,7.74221403655514,120
"120",2011,7,7.52741935483871,62,8.06388888888889,6.78461538461538,6.33333333333333,7.85714285714286,7.43125,36,26,3,14,48,4751,3283,1468,158,1475,3276,7.79501429172806,8.23002741090466,6.82216138283379,6.49367088607595,7.92240406101695,7.73765778693529,121
"121",2011,8,7.63714285714286,70,8.35,6.27083333333333,5,8.07142857142857,7.52857142857143,46,24,4,14,56,4821,3329,1492,162,1489,3332,7.79272202862477,8.23168518774407,6.81329283512064,6.45679012345679,7.92380523169913,7.7341437304922,122
"122",2011,9,7.65454545454545,44,8.26923076923077,6.76666666666667,7.5,8.22222222222222,7.50857142857143,26,18,2,9,35,4865,3355,1510,164,1498,3367,7.79147233299075,8.23197615201192,6.81273702649007,6.46951219512195,7.92559812416555,7.7317989040689,123
"123",2011,10,7.69220779220779,77,8.025,7,5.66666666666667,7.63636363636364,7.70151515151515,52,25,3,11,66,4942,3407,1535,167,1509,3433,7.78992571833266,8.22881713824479,6.81578691205212,6.45508982035928,7.92348972166998,7.73121669385377,124
"124",2011,11,7.74836956521739,92,8.2635593220339,6.82727272727273,7.5,8.50526315789474,7.5513698630137,59,33,2,19,73,5034,3466,1568,169,1528,3506,7.78916624950338,8.2294085372187,6.81602864158163,6.46745562130178,7.93072381544503,7.72747202224758,125
"125",2011,12,7.76842105263158,76,8.05365853658537,7.43428571428571,7.53333333333333,7.09230769230769,7.90793650793651,41,35,6,13,63,5110,3507,1603,175,1541,3569,7.78885771037182,8.22735386084973,6.82952770430443,6.504,7.92365086956522,7.73065758195573,126
"126",2012,1,8.27126436781609,87,8.51428571428571,7.83225806451613,7,8.28235294117647,8.26857142857143,56,31,1,17,70,5197,3563,1634,176,1558,3639,7.79693340388686,8.23186359528487,6.84855135250918,6.50681818181818,7.92756482028241,7.74100492168178,127
"127",2012,2,7.94184782608696,92,8.375,7.20294117647059,7.7,8.45454545454546,7.78071428571429,58,34,4,22,70,5289,3621,1668,180,1580,3709,7.79945413121573,8.23415630764982,6.85577512589928,6.53333333333333,7.93490252531646,7.74175435696953,128
"128",2012,3,8.10084745762712,59,8.71470588235294,7.266,7.875,9.48333333333333,7.74787234042553,34,25,2,12,47,5348,3655,1693,182,1592,3756,7.80277915108452,8.23862653625171,6.86183278795038,6.54807692307692,7.94657411432161,7.74183091320554,129
"129",2012,4,7.54464285714286,56,8.2741935483871,6.64,6,7.83333333333333,7.51,31,25,2,6,50,5404,3686,1718,184,1598,3806,7.80010416358253,8.23892566196419,6.85860472060535,6.54211956521739,7.94614892991239,7.73878531529165,130
"130",2012,5,7.8986301369863,73,8.37959183673469,6.91666666666667,5.33333333333333,7.72222222222222,7.95636363636364,49,24,3,18,55,5477,3735,1742,187,1616,3861,7.80141736352018,8.24077108165997,6.85940465556831,6.52272727272727,7.94365469678218,7.74188472157472,131
"131",2012,6,7.84666666666667,60,8.0875,7.365,7.13333333333333,8.375,7.76538461538462,40,20,6,8,52,5537,3775,1762,193,1624,3913,7.80190769369695,8.23914701721854,6.86514353575482,6.54170984455958,7.94577955049261,7.74219701252236,132
"132",2012,7,8.25076923076923,65,8.62439024390244,7.6125,7.8,8.28571428571429,8.24655172413793,41,24,5,7,58,5602,3816,1786,198,1631,3971,7.80711583363085,8.24328616090147,6.87518639977604,6.57348484848485,7.94723849785408,7.74956356333417,133
"133",2012,8,8.15465277777778,72,8.46031914893617,7.58,6,8.53571428571429,8.0626724137931,47,25,1,14,58,5674,3863,1811,199,1645,4029,7.81152589002468,8.2459267382863,6.88491601877416,6.57060301507538,7.95224680243161,7.75407096301812,134
"134",2012,9,7.73684210526316,57,8.47142857142857,6.56818181818182,5.25,7.84615384615385,7.70454545454545,35,22,4,13,44,5731,3898,1833,203,1658,4073,7.81078309195603,8.2479515110313,6.88111451718494,6.54458128078818,7.9514149517491,7.7535359464768,135
"135",2012,10,7.69393939393939,66,7.995,7.23076923076923,7,8.6875,7.55689655172414,40,26,1,8,58,5797,3938,1859,204,1666,4131,7.80945280317406,8.24538217115287,6.88600479289941,6.5468137254902,7.95494957382953,7.75077509319777,136
"136",2012,11,7.69476315789474,76,8.11283720930233,7.15,8.5,6.5,7.76113888888889,43,33,2,4,72,5873,3981,1892,206,1670,4203,7.80796865315852,8.24395051243406,6.89060936046512,6.56577669902913,7.95146466467066,7.75095263145372,137
"137",2012,12,7.67197368421053,76,8.1875,6.963125,7.7,7.725,7.65303571428571,44,32,5,20,56,5949,4025,1924,211,1690,4259,7.8062312825685,8.24333341366459,6.89181544178794,6.59265402843602,7.94878460946746,7.74966515848791,138
"138",2013,1,7.74339285714286,112,8.47588235294118,6.61136363636364,5.5,7.43333333333333,7.84188235294118,68,44,4,27,85,6061,4093,1968,215,1717,4344,7.80507010394325,8.24719691913022,6.88554517784553,6.57232558139535,7.94067908561444,7.75146959254144,139
"139",2013,2,7.96682926829268,82,8.37027027027027,7.63511111111111,7.5,6.12,8.22333333333333,37,45,7,10,72,6143,4130,2013,222,1727,4416,7.80722935048022,8.24829951331719,6.90230149528068,6.60157657657658,7.93013664736537,7.75916302309783,140
"140",2013,3,7.68710227272727,88,8.55666666666667,6.77709302325581,6.21428571428571,6.8415,7.79551282051282,45,43,7,10,78,6231,4175,2056,229,1737,4494,7.80553280372332,8.25162323113772,6.89968283560311,6.58973799126638,7.92386930915371,7.75979392745883,141
"141",2013,4,7.88358208955224,67,8.3804347826087,6.7952380952381,7,8.72727272727273,7.71785714285714,46,21,1,11,56,6298,4221,2077,230,1748,4550,7.80636311527469,8.25302700544894,6.89862682233991,6.59152173913043,7.92892505148742,7.75927778241758,142
"142",2013,5,7.85609375,64,8.50595238095238,6.61545454545455,4.52,7.62833333333333,7.90865384615385,42,22,2,12,52,6362,4263,2099,232,1760,4602,7.80686339201509,8.25551888106967,6.89565884230586,6.57366379310345,7.9268755625,7.76096564754455,143
"143",2013,6,7.8921875,64,7.93953488372093,7.7952380952381,9,8.09090909090909,7.85094339622642,43,21,2,11,53,6426,4306,2120,234,1771,4655,7.80771318082789,8.25236344403158,6.90456976886793,6.59440170940171,7.92789440429136,7.76199009881847,144
"144",2013,7,7.55125,80,8.3625,6.74,3,7.8,7.49384615384615,40,40,2,15,65,6506,4346,2160,236,1786,4720,7.80455962188749,8.25337712609296,6.90152218055556,6.5639406779661,7.9268202631579,7.75829743855932,145
"145",2013,8,7.40875,80,7.4936170212766,7.28787878787879,7.4,8.01333333333333,7.26923076923077,47,33,5,15,65,6586,4393,2193,241,1801,4785,7.79975173094443,8.24524857500569,6.90733602827178,6.58128630705394,7.92754080510828,7.75165389968652,146
"146",2013,9,7.40533333333333,75,8.25365853658537,6.38235294117647,7.8,9,7.18787878787879,41,34,5,9,66,6661,4434,2227,246,1810,4851,7.79531074913677,8.24532633964817,6.89932101930849,6.60605691056911,7.93287347513812,7.74398349000206,147
"147",2013,10,7.42931034482759,87,8.06666666666667,6.6448717948718,6.75,7.5,7.42012987012987,48,39,4,10,77,6748,4482,2266,250,1820,4928,7.79059201244813,8.24341298304328,6.89494170785525,6.60836,7.93049504945055,7.73892327719156,148
"148",2013,11,7.52981132075472,106,8.10434782608696,6.45837837837838,7,7.68421052631579,7.49609195402299,69,37,2,19,87,6854,4551,2303,252,1839,5015,7.7865589290925,8.24130454625357,6.88792788102475,6.61146825396825,7.92795051114736,7.73471065004985,149
"149",2013,12,7.46428571428571,84,8.01111111111111,6.83333333333333,5,6.86666666666667,7.59420289855072,45,39,4,15,69,6938,4596,2342,256,1854,5084,7.7826570913808,8.23905069408181,6.88701874893254,6.5862890625,7.91936407227616,7.73280368017309,150
"150",2014,1,7.39433962264151,106,8.1578947368421,6.50612244897959,6,7.88888888888889,7.34845360824742,57,49,3,9,97,7044,4653,2391,259,1863,5181,7.77681358603067,8.23805652052439,6.87921284399833,6.57949806949807,7.91921684916801,7.72560778035128,151
"151",2014,2,7.24941176470588,85,7.64673913043478,6.78076923076923,6.08333333333333,7.5375,7.20205479452055,46,39,6,12,73,7129,4699,2430,265,1875,5254,7.77052530509188,8.23226792721856,6.87763288477366,6.5682641509434,7.91677386133334,7.71833344309098,152
"152",2014,3,7.37887323943662,71,8,6.66363636363636,6.48571428571429,6.53846153846154,7.56724137931035,38,33,7,13,58,7200,4737,2463,272,1888,5312,7.76666318055556,8.23040468439941,6.87476569630532,6.56613970588235,7.90728336334746,7.71668371799699,153
"153",2014,4,7.39607843137255,51,7.60882352941176,6.97058823529412,6,7.26666666666667,7.43589743589744,34,17,2,12,39,7251,4771,2480,274,1900,5351,7.76405666804579,8.22597505554391,6.87542254435484,6.56200729927007,7.9032373631579,7.71463724724351,154
"154",2014,5,7.80728395061728,81,8.3998275862069,6.31304347826087,6,8.65,7.63119402985075,58,23,2,14,67,7332,4829,2503,276,1914,5418,7.76453421985816,8.22806315800373,6.8702548581702,6.5579347826087,7.90869957680251,7.7136053728313,155
"155",2014,6,7.69519230769231,52,8.40454545454545,7.175,7.75,8.48888888888889,7.52906976744186,22,30,5,9,43,7384,4851,2533,281,1923,5461,7.76404589653305,8.22886353123067,6.87386415712594,6.57914590747331,7.91141497139886,7.7121523365684,156
"156",2014,7,7.78125,88,8.42553191489362,7.04268292682927,6.5,7.83333333333333,7.77302631578947,47,41,4,12,76,7472,4898,2574,285,1935,5537,7.76424851445396,8.23075071253573,6.87655318958819,6.5780350877193,7.91093074418605,7.71298788333032,157
"157",2014,8,7.14047619047619,63,7.5375,6.61111111111111,6.33333333333333,7,7.16698113207547,36,27,3,10,53,7535,4934,2601,288,1945,5590,7.75903316522893,8.22569253952169,6.87379773548635,6.57548611111111,7.90624729562982,7.70781107513417,158
"158",2014,9,7.34375,64,7.98684210526316,6.40384615384615,5.66666666666667,7.34375,7.34375,38,26,6,16,48,7599,4972,2627,294,1961,5638,7.75553558362943,8.2238670534996,6.8691465207461,6.5569387755102,7.90165782253952,7.704711583895,159
"159",2014,10,7.41168831168831,77,8.04054054054054,6.83,7.21428571428571,7.5,7.38666666666667,37,40,7,17,60,7676,5009,2667,301,1978,5698,7.75208636008338,8.22251287482531,6.86855939632546,6.57222591362126,7.89820575834176,7.70136256756757,160
"160",2014,11,7.64983606557377,61,7.9725,7.0352380952381,NA,8.4,7.50274509803922,40,21,0,10,51,7737,5049,2688,301,1988,5749,7.75128019904356,8.22053218261042,6.86986157366072,6.57222591362126,7.90072987424548,7.69960061054096,161
"161",2014,12,7.8297619047619,84,8.62765957446809,6.81621621621622,6.18,8.73,7.70810810810811,47,37,5,10,74,7821,5096,2725,306,1998,5823,7.75212311724843,8.22428708594976,6.86913317798165,6.56581699346405,7.90488037537538,7.69970872574274,162
"162",2015,1,7.42739130434783,115,7.95909090909091,6.71122448979592,9.5,8.73157894736842,7.16927083333333,66,49,2,19,96,7936,5162,2774,308,2017,5919,7.74741745211694,8.22089635606354,6.86634387527037,6.58487012987013,7.91266781854239,7.69110557695557,163
"163",2015,2,7.595,100,8.30689655172414,6.61190476190476,6.4,8.425,7.48181818181818,58,42,5,12,88,8036,5220,2816,313,2029,6007,7.74552076903932,8.22185191379311,6.86254897372159,6.58191693290735,7.91569787580089,7.6880396054603,164
"164",2015,3,7.245,82,7.74666666666667,6.63486486486486,5.66666666666667,8.87375,7.06891891891892,45,37,3,8,74,8118,5265,2853,316,2037,6081,7.74046500369549,8.2177905014245,6.8595961829653,6.57322784810127,7.91946047619048,7.68050549416214,165
"165",2015,4,7.75176470588235,85,8.3921568627451,6.79117647058824,6.25,7.23571428571429,7.85352112676056,51,34,8,14,71,8203,5316,2887,324,2051,6152,7.74058209191759,8.21946331640332,6.85879040872879,6.56524691358025,7.91479326669917,7.68250226105332,166
"166",2015,5,7.5972972972973,74,8.21025641025641,6.91428571428571,6.5,8.07777777777778,7.53076923076923,39,35,4,9,65,8277,5355,2922,328,2060,6217,7.73930106318714,8.21939626330533,6.85945513689254,6.5644512195122,7.91550533495146,7.68091586134792,167
"167",2015,6,7.17649122807018,57,7.49038461538461,6.91322580645161,8,6.5625,7.27673469387755,26,31,3,8,49,8334,5381,2953,331,2068,6266,7.73545175185985,8.21587381341759,6.86001961056553,6.57746223564955,7.91027127176016,7.67775517235876,168
"168",2015,7,7.40307692307692,65,8.09375,6.298,5.85,7.66666666666667,7.37627118644068,40,25,5,6,59,8399,5421,2978,336,2074,6325,7.73287949755923,8.21497269691939,6.85530151443923,6.5666369047619,7.90956653326905,7.67494291067194,169
"169",2015,8,7.20243902439024,82,7.54727272727273,6.5,6.5,7.65789473684211,7.06507936507936,55,27,2,19,63,8481,5476,3005,338,2093,6388,7.72775084306096,8.20826643352813,6.85210912146423,6.5662426035503,7.90728188724319,7.66892828897933,170
"170",2015,9,7.87222222222222,72,8.16590909090909,7.41071428571429,5.5,8.80714285714286,7.64655172413793,44,28,2,14,58,8553,5520,3033,340,2107,6446,7.72896701742079,8.20792880253624,6.85726604352127,6.55997058823529,7.91326102990033,7.66872694849519,171
"171",2015,10,7.5452380952381,84,8.0037037037037,6.72,7,8.15,7.46351351351351,54,30,4,10,74,8637,5574,3063,344,2117,6520,7.72718014356837,8.2059503031934,6.85592161606269,6.56508720930232,7.91437930562116,7.66639783895705,172
"172",2015,11,7.77282608695652,92,8.1921568627451,7.25121951219512,8.66,7.88461538461539,7.75443037974684,51,41,5,13,79,8729,5625,3104,349,2130,6599,7.7276612326727,8.20582524266667,6.86114301224227,6.59510028653295,7.91419764788732,7.66745172147295,173
"173",2015,12,7.57558139534884,86,8.16477272727273,6.95833333333333,6.5,7.61071428571429,7.56875,44,42,2,14,72,8815,5669,3146,351,2144,6671,7.72617752694271,8.20550661315929,6.86244053083281,6.5945584045584,7.91221594682836,7.66638643531704,174
"174",2016,1,7.53559322033898,118,7.94925373134328,6.9921568627451,7.14285714285714,7.71428571428571,7.51153846153846,67,51,7,14,104,8933,5736,3197,358,2158,6775,7.72366001343334,8.20251342224547,6.86450982483579,6.60527932960894,7.91093187673772,7.66400943321033,175
"175",2016,2,7.18247422680412,97,7.63461538461539,6.66,6,8.8,6.99655172413793,52,45,3,10,87,9030,5788,3242,361,2168,6862,7.71784661129568,8.1974113666206,6.86167116286243,6.60024930747922,7.91503274446494,7.65554705770912,176
"176",2016,3,7.72073170731707,82,8.22826086956522,7.07222222222222,NA,7.5625,7.75909090909091,46,36,0,16,66,9112,5834,3278,361,2184,6928,7.71787257462687,8.19765460918753,6.86398349908481,6.60024930747922,7.91245008699634,7.65653347430716,177
"177",2016,4,7.6061320754717,106,8.45833333333333,6.72115384615385,7.14285714285714,7.32058823529412,7.66067415730337,54,52,7,17,89,9218,5888,3330,368,2201,7017,7.71658764374051,8.20004534476903,6.86175312612613,6.61057065217391,7.90787868696047,7.65658599258942,178
"178",2016,5,7.45978260869565,92,7.89821428571429,6.77777777777778,6.75,7.42857142857143,7.46235294117647,56,36,4,7,85,9310,5944,3366,372,2208,7102,7.71404993555317,8.19720171433379,6.86085499405823,6.61206989247312,7.90635914402174,7.65426132216277,179
"179",2016,6,7.63809523809524,84,8.10952380952381,7.16666666666667,6.75,8.28571428571429,7.57922077922078,42,42,8,7,77,9394,5986,3408,380,2215,7179,7.7133707579306,8.19658653357835,6.86462379988263,6.61497368421053,7.90755800902935,7.65345645772392,180
"180",2016,7,7.50898876404494,89,7.87068965517241,6.83225806451613,6.5,8.44444444444444,7.40375,58,31,2,9,80,9483,6044,3439,382,2224,7259,7.71145258884319,8.19345913136996,6.86433204710672,6.61437172774869,7.90973066097122,7.65070449235432,181
"181",2016,8,7.77141509433962,106,8.43833333333333,7.07884615384615,6.64285714285714,8.3,7.7397,54,52,7,6,100,9589,6098,3491,389,2230,7359,7.71211543435186,8.19562758117416,6.86752733027786,6.61488431876607,7.91078071300448,7.65191383476016,182
"182",2016,9,7.45212765957447,94,7.98936170212766,6.91489361702128,7.4,7.25,7.47093023255814,47,47,5,8,86,9683,6145,3538,394,2238,7445,7.70959154187752,8.19404995768918,6.86815656020351,6.62484771573604,7.90841867292225,7.64982322498321,183
"183",2016,10,7.3265306122449,98,7.94285714285714,6.71020408163265,7,7.70588235294118,7.24691358024691,49,49,9,17,81,9781,6194,3587,403,2255,7526,7.70575349146304,8.19206280109784,6.8659988597714,6.63322580645161,7.90689179157428,7.64548683364337,184
"184",2016,11,7.38125,112,7.740625,6.90208333333333,5.9,7.08888888888889,7.43723404255319,64,48,5,18,94,9893,6258,3635,408,2273,7620,7.70207974325281,8.18744598753596,6.86647535350757,6.62424019607843,7.90041398592169,7.642917835958,185
"185",2016,12,7.56734693877551,98,8.09491525423729,6.76923076923077,5.625,7.69285714285714,7.54642857142857,59,39,4,14,84,9991,6317,3674,412,2287,7704,7.70075817235512,8.1865817619123,6.86544308927599,6.61453883495146,7.89914341495409,7.64186577232606,186
"186",2017,1,7.53902097902098,143,7.98620689655172,6.84428571428571,6.68625,7.86592592592593,7.46293103448276,87,56,16,27,116,10134,6404,3730,428,2314,7820,7.6984759127689,8.18385961742661,6.86512544504022,6.61721962616822,7.89875582973207,7.63921149744245,187
"187",2017,2,7.45185185185185,108,8.06065573770492,6.66170212765957,5.8,7.79166666666667,7.409375,61,47,5,12,96,10242,6465,3777,433,2326,7916,7.69587530755712,8.18269713689096,6.86259409849087,6.60778290993072,7.89820334909716,7.63642419277413,188
"188",2017,3,7.43333333333333,108,8.08571428571429,6.52,4.83333333333333,8.16666666666667,7.31505376344086,63,45,6,15,93,10350,6528,3822,439,2341,8009,7.69313573913044,8.18176118106618,6.85856041601256,6.58353075170843,7.89992353267834,7.6326924597328,189
"189",2017,4,7.83109756097561,82,8.43947368421053,6.444,5.025,7.375,7.88040540540541,57,25,4,8,74,10432,6585,3847,443,2349,8083,7.69422017829755,8.18399194988611,6.85586636599948,6.56945823927765,7.89813579821201,7.63496027588767,190
"190",2017,5,7.81083333333333,84,8.23480769230769,7.121875,6.8,7.90090909090909,7.7972602739726,52,32,5,11,73,10516,6637,3879,448,2360,8156,7.69515166413085,8.18439008437548,6.85806081722093,6.57203125,7.89814872457627,7.63641293648847,191
"191",2017,6,7.05632183908046,87,7.40344827586207,6.36206896551724,6.75,7.5625,6.94225352112676,58,29,4,16,71,10603,6695,3908,452,2376,8227,7.68990992172027,8.17762464376401,6.85438022262027,6.57360619469027,7.89588846380471,7.6304222572019,192
"192",2017,7,7.49358974358974,78,8.11764705882353,6.31481481481481,5.25,9.15,7.25,51,27,2,10,68,10681,6746,3935,454,2386,8295,7.68847625690479,8.17717121108806,6.85067799491741,6.56777533039648,7.90114458927075,7.62730366606389,193
"193",2017,8,7.69031478873239,71,8.25709054054054,7.07352941176471,6,7.92307692307692,7.63814396551724,37,34,3,13,58,10752,6783,3969,457,2399,8353,7.68848839750744,8.17760715612561,6.85258702695893,6.56404814004376,7.90126343893289,7.62737893690889,194
"194",2017,9,7.59718309859155,71,8.32142857142857,6.54827586206897,6.66666666666667,9.5,7.51323529411765,42,29,3,3,68,10823,6825,3998,460,2402,8421,7.68788942529798,8.17849221098902,6.85037966733367,6.56471739130435,7.90326019567028,7.62645722123263,195
"195",2017,10,7.45129032258065,93,8.14117647058823,6.61357142857143,7.4,8.28235294117647,7.26539473684211,51,42,5,17,76,10916,6876,4040,465,2419,8497,7.68587369457677,8.17821543630018,6.84791779950495,6.57369892473118,7.90592434477057,7.62322775803225,196
"196",2017,11,7.44310344827586,87,7.84183673469388,6.92894736842105,7.26666666666667,8.8,7.26688311688312,49,38,3,10,77,11003,6925,4078,468,2429,8574,7.68395412614742,8.17583528375452,6.84867285679255,6.57814102564103,7.90960518320296,7.62002755540005,197
"197",2017,12,7.40808080808081,99,7.77540983606557,6.81842105263158,7.16666666666667,7.22142857142857,7.43882352941176,61,38,3,14,85,11102,6986,4116,471,2443,8659,7.68149407764367,8.17233886916691,6.84839356413994,6.58188959660297,7.90566147769136,7.61824878854371,198
"198",2018,1,7.50574803149606,127,8.06438356164383,6.75055555555556,5.9575,7.8125,7.46153153153153,73,54,4,16,111,11229,7059,4170,475,2459,8770,7.67950638970523,8.17122245927185,6.8471265971223,6.57663157894737,7.90505530296869,7.61626525199544,199
"199",2018,2,7.4361797752809,89,7.72857142857143,7.078,6.84444444444444,7.73928571428571,7.3796,49,40,9,14,75,11318,7108,4210,484,2473,8845,7.67759297137304,8.16817098199212,6.84932016864608,6.58161157024793,7.90411685806712,7.61425848049746,200
"200",2018,3,7.65488888888889,90,8.10588235294118,7.0651282051282,5.5,8.81363636363636,7.28,51,39,2,22,68,11408,7159,4249,486,2495,8913,7.67741385431276,8.1677272440285,6.85130099082137,6.57716049382716,7.91213666933868,7.61170832043083,201
"201",2018,4,7.63387096774194,62,8.16060606060606,7.03448275862069,6,8.15,7.55740740740741,33,29,3,8,54,11470,7192,4278,489,2503,8967,7.67717848735833,8.16769456896552,6.85254275596073,6.57361963190184,7.91289691969636,7.61138131593621,202
"202",2018,5,7.2921875,64,7.94642857142857,6.78333333333333,6.33333333333333,8.04545454545454,7.13584905660377,28,36,3,11,53,11534,7220,4314,492,2514,9020,7.67504224466794,8.16683647368422,6.85196520862309,6.57215447154472,7.91347692521877,7.60858716851441,203
"203",2018,6,7.36774193548387,62,8.01470588235294,6.58214285714286,8.1,8.63636363636364,7.09411764705882,34,28,3,11,51,11596,7254,4342,495,2525,9071,7.67339921093481,8.16612342707472,6.85022522109627,6.58141414141414,7.91662613465347,7.60569465990519,204
"204",2018,7,7.50262295081967,61,7.905,7.05862068965517,7.45,7,7.57849056603774,32,29,2,8,53,11657,7286,4371,497,2533,9124,7.67250555460239,8.16497657699699,6.85160784946237,6.58490945674044,7.91373114488749,7.6055366352477,205
"205",2018,8,7.40919540229885,87,7.812,6.86486486486486,5.83333333333333,7.16666666666667,7.448,50,37,6,12,75,11744,7336,4408,503,2545,9199,7.67055494294959,8.16257079334788,6.85171912658802,6.57594433399602,7.91020864047151,7.60425222959017,206
"206",2018,9,7.49354838709677,62,8.09166666666667,6.66538461538462,6.75,8.31818181818182,7.3156862745098,36,26,4,11,51,11806,7372,4434,507,2556,9250,7.66962538116212,8.16222454422138,6.85062650202977,6.57731755424063,7.91196439358372,7.6026612172973,207
"207",2018,10,7.63333333333333,69,8.16666666666667,6.8037037037037,6.33333333333333,6.85714285714286,7.72096774193548,42,27,3,7,62,11875,7414,4461,510,2563,9312,7.66941450526316,8.1622497086593,6.85034250392289,6.57588235294118,7.90908349200156,7.60344891108247,208
"208",2018,11,7.3219387755102,98,7.63828125,6.72647058823529,7,7.11111111111111,7.369375,64,34,6,18,80,11973,7478,4495,516,2581,9392,7.66657038753863,8.15776535704734,6.84940554171301,6.58081395348837,7.90351839984502,7.60145509582624,209
"209",2018,12,7.455,80,8.18,6.52285714285714,6.2,7,7.52,45,35,5,10,70,12053,7523,4530,521,2591,9462,7.66516612046794,8.15789835703842,6.84688254083885,6.57715930902111,7.90003125820147,7.60085248995984,210
"210",2019,1,7.67596153846154,104,8.13333333333333,7.05227272727273,6.1,8.35714285714286,7.57,60,44,7,14,90,12157,7583,4574,528,2605,9552,7.66525847248499,8.1577039878676,6.84885831001312,6.57083333333333,7.90248790403071,7.60056179438861,211
"211",2019,2,7.94747887323944,71,8.1438,7.60769230769231,7.5,7.7,7.98804918032787,45,26,2,10,61,12228,7628,4600,530,2615,9613,7.66689714180569,8.15762196381752,6.85314737173913,6.57433962264151,7.90171357170172,7.60302062415479,212
"212",2019,3,7.67560975609756,82,8.20697674418605,7.08974358974359,6.9,7.61875,7.68939393939394,43,39,5,16,66,12310,7671,4639,535,2631,9679,7.66695517871649,8.15789862338679,6.85513643242078,6.57738317757009,7.89999277461042,7.60360959396632,213
"213",2019,4,7.14411764705882,68,7.94117647058824,6.34705882352941,6.5,8.28571428571429,7.01311475409836,34,34,2,7,61,12378,7705,4673,537,2638,9740,7.66408290919373,8.15694228942246,6.8514397410657,6.57709497206704,7.9010162964367,7.59991142299795,214
"214",2019,5,7.43513513513513,74,7.73877551020408,6.84,5.16666666666667,8.04,7.340625,49,25,6,10,64,12452,7754,4698,543,2648,9804,7.66272231368455,8.15429976012381,6.85137886547467,6.56151012891344,7.90154115936556,7.59821881476948,215
"215",2019,6,7.27307692307692,65,7.75810810810811,6.63214285714286,6.5,6.14285714285714,7.40948275862069,37,28,4,7,58,12517,7791,4726,547,2655,9862,7.6606989094831,8.1524182184572,6.85007996402878,6.56106032906764,7.89690432768362,7.59710882782397,216
"216",2019,7,7.67047619047619,84,8.01789473684211,6.93703703703704,8,7.66,7.67275362318841,57,27,4,15,69,12601,7848,4753,551,2670,9931,7.66076408618364,8.15144117482161,6.85057393435725,6.57150635208711,7.89557340449438,7.59763440338335,217
"217",2019,8,7.29391304347826,92,7.89574468085106,6.66533333333333,6,7.5,7.27156626506024,47,45,3,9,83,12693,7895,4798,554,2679,10014,7.65810511699362,8.1499189791007,6.84883657982493,6.56841155234657,7.89424449048152,7.59493182144997,218
"218",2019,9,7.42591666666667,84,8.21806976744186,6.59512195121951,5.78571428571429,7.93076923076923,7.33347887323944,43,41,7,13,71,12777,7938,4839,561,2692,10085,7.65657863739532,8.15028815066768,6.84668690018599,6.55864527629233,7.89442087295691,7.59309115121467,219
"219",2019,10,7.74415584415584,77,8.21136363636364,7.12121212121212,7.5,6.83333333333333,7.78108108108108,44,33,2,3,74,12854,7982,4872,563,2695,10159,7.65710325579586,8.15062482335254,6.84854636904762,6.56198934280639,7.89323969944341,7.59446050398661,220
"220",2019,11,7.50126582278481,79,8.03409090909091,6.83142857142857,7,8.7,7.32753623188406,44,35,5,10,69,12933,8026,4907,568,2705,10228,7.65615133766334,8.14998596311986,6.84842427348686,6.56584507042253,7.89622217744917,7.59265978294877,221
"221",2019,12,7.22247191011236,89,7.77916666666667,6.57073170731707,6.25,8.28571428571429,7.13170731707317,48,41,4,7,82,13022,8074,4948,572,2712,10310,7.65318731761634,8.14778143918752,6.84612326394503,6.56363636363636,7.89722750368732,7.58899362366634,222
"222",2020,1,7.70669421487603,121,8.38296875,6.94736842105263,6.75,8.05941176470588,7.64903846153846,64,57,8,17,104,13143,8138,5005,580,2729,10414,7.65367992467473,8.14963103219464,6.84727630569431,6.56620689655172,7.89823781238549,7.5895932648358,223
"223",2020,2,7.37333333333333,90,8.05957446808511,6.62325581395349,7.75,8,7.3037037037037,47,43,4,9,81,13233,8185,5048,584,2738,10495,7.65177323736115,8.14911390836897,6.84536804873217,6.57431506849315,7.8985723119065,7.58738678037161,224
"224",2020,3,7.90861111111111,72,8.47488372093023,7.06896551724138,6,8.5,7.80196721311475,43,29,2,11,61,13305,8228,5077,586,2749,10556,7.65316311537016,8.15081640009723,6.84664524522356,6.57235494880546,7.90097889778101,7.58862677718833,225
"225",2020,4,7.59190476190476,84,8.0695652173913,7.01368421052632,8.5,8.53466666666667,7.38695652173913,46,38,8,15,69,13389,8274,5115,594,2764,10625,7.65277879229218,8.15036467730239,6.84788619941349,6.5983164983165,7.90441786903039,7.58731710682353,226
"226",2020,5,7.625,92,8.16304347826087,7.08695652173913,5,7.58333333333333,7.63125,46,46,1,12,80,13481,8320,5161,595,2776,10705,7.65258921815889,8.15043477644231,6.85001703352064,6.59563025210084,7.90302989553314,7.58764542363382,227
"227",2020,6,7.30131578947368,76,7.78666666666667,6.59677419354839,6.66666666666667,7.88888888888889,7.22238805970149,45,31,3,9,67,13557,8365,5192,598,2785,10772,7.65061999336137,8.14847786491333,6.8485049903698,6.59598662207358,7.90298419748654,7.58537358522094,228
"228",2020,7,7.04468085106383,94,7.61818181818182,6.23589743589744,4.25,7.16666666666667,7.02682926829268,55,39,4,12,82,13651,8420,5231,602,2797,10854,7.64644753131639,8.14501393586698,6.84393766201491,6.58039867109635,7.89982516624955,7.58115388428229,229
"229",2020,8,7.93300970873786,103,8.41818181818182,7.37708333333333,7.07142857142857,8.16315789473684,7.88095238095238,55,48,7,19,84,13754,8475,5279,609,2816,10938,7.64859351824924,8.14678670678466,6.8487853589695,6.58604269293924,7.9016019140625,7.58345623148656,230
"230",2020,9,7.64352941176471,85,8.16666666666667,7.055,5.9,8.8,7.35441176470588,45,40,4,17,68,13839,8520,5319,613,2833,11006,7.64856241419178,8.14689170657277,6.85033613649182,6.5815660685155,7.9069929368161,7.58204109213156,231
"231",2020,10,7.93181818181818,88,8.51818181818182,6.95454545454545,7,8.76666666666667,7.76027397260274,55,33,7,15,73,13927,8575,5352,620,2848,11079,7.65035221153156,8.14927315918367,6.85097868273543,6.58629032258064,7.9115207127809,7.583215476126,232
"232",2020,11,7.77916666666667,108,8.41538461538462,6.81744186046512,7,8.46428571428571,7.67712765957447,65,43,2,14,94,14035,8640,5395,622,2862,11173,7.65134344495903,8.15127515509259,6.85071138276182,6.58762057877814,7.91422466457023,7.58400557236194,233
"233",2020,12,7.35720338983051,118,7.74859154929577,6.76595744680851,5.42857142857143,7.8,7.29271844660194,71,47,7,15,103,14153,8711,5442,629,2877,11276,7.64889106549848,8.14799303639077,6.84997940279309,6.57472178060413,7.91362912408759,7.5813448261795,234
"234",2021,1,7.4,126,7.86176470588235,6.85862068965517,6.05555555555556,6.609375,7.515,68,58,9,16,110,14279,8779,5500,638,2893,11386,7.64669481406261,8.14577598131905,6.85007052909091,6.56739811912226,7.90641582786035,7.5807038696645,235
"235",2021,2,7.54530120481928,83,7.92367346938776,7,7.5,6.61333333333333,7.75088235294118,49,34,2,15,68,14362,8828,5534,640,2908,11454,7.64610884626097,8.14454319664703,6.85099167148536,6.5703125,7.89974587001375,7.58171418369129,236
"236",2021,3,7.76111111111111,81,8.34634146341463,7.16125,6.66666666666667,8.49666666666667,7.59393939393939,41,40,3,15,66,14443,8869,5574,643,2923,11520,7.64675380807311,8.14547607847558,6.8532181395766,6.57076205287714,7.90280909681834,7.58178422395833,237
"237",2021,4,7.49873417721519,79,7.7375,7.12903225806452,7.16666666666667,7.7,7.44354838709677,48,31,6,17,62,14522,8917,5605,649,2940,11582,7.64594857801956,8.14327995289895,6.85474360570919,6.57627118644068,7.90163639115646,7.581044228976,238
"238",2021,5,7.67228915662651,83,8.13962264150943,6.84666666666667,6,7.925,7.64533333333333,53,30,2,8,75,14605,8970,5635,651,2948,11657,7.64609827114002,8.14325834336677,6.85470060514641,6.57450076804916,7.90169979308006,7.58145785879729,239
"239",2021,6,7.2134328358209,67,7.52424242424242,6.91176470588235,7,7.5,7.1952380952381,33,34,2,4,63,14672,9003,5669,653,2952,11720,7.64412249522901,8.14098937465289,6.85504284882695,6.57580398162328,7.90115548441735,7.57938176279863,240
"240",2021,7,7.794065,82,8.12476183673469,7.3030303030303,7.5,7.96428571428571,7.75901955882353,49,33,2,14,68,14754,9052,5702,655,2966,11788,7.64495584790565,8.14090153225806,6.85763555068397,6.57862595419847,7.90145346931895,7.5804180174754,241
"241",2021,8,7.85533333333333,75,8.75833333333333,7.02179487179487,6.6,7.73333333333333,7.87857142857143,36,39,5,12,63,14829,9088,5741,660,2978,11851,7.64601986512914,8.14334734485034,6.85875072461244,6.57878787878788,7.90077602081934,7.5820030031221,242
"242",2021,9,7.25060975609756,82,8.00657894736842,6.59772727272727,8.33333333333333,8.7,7.04930555555556,38,44,3,10,72,14911,9126,5785,663,2988,11923,7.64384538796861,8.14277785119438,6.85676541227312,6.5867269984917,7.90345079986613,7.57878617713663,243
"243",2021,10,7.53257142857143,70,8.40625,6.79684210526316,4.66666666666667,8.25,7.44,32,38,3,8,62,14981,9158,5823,666,2996,11985,7.64332545090448,8.14369847892552,6.85637436201271,6.57807807807808,7.90437616488652,7.57806821777221,244
"244",2021,11,7.42875,96,8.14641509433962,6.54418604651163,7,7.92307692307692,7.35132530120482,53,43,6,13,83,15077,9211,5866,672,3009,12068,7.64195918153479,8.14371411030289,6.85408590351176,6.58184523809524,7.90445695912263,7.57650874958568,245
"245",2021,12,7.57983193277311,119,8.03492063492063,7.06785714285714,6,8.71428571428571,7.50892857142857,63,56,4,7,112,15196,9274,5922,676,3016,12180,7.64147266254277,8.14297505607073,6.85610738095238,6.57840236686391,7.90633653514589,7.5758873226601,246
"246",2022,1,7.69198630136986,146,8.21827160493827,7.03615384615385,6.44,8.4,7.62278195488722,81,65,5,13,133,15342,9355,5987,681,3029,12313,7.64195336853083,8.14362700908604,6.85806211959245,6.57738619676946,7.90845526246286,7.57639385933566,247
"247",2022,2,7.96588235294118,85,8.58913043478261,7.23076923076923,7.15714285714286,8.48888888888889,7.90394736842105,46,39,7,9,76,15427,9401,6026,688,3038,12389,7.64373815907176,8.14580690032974,6.86047426319283,6.58328488372093,7.91017478275181,7.57840322786343,248
"248",2022,3,7.49520975,80,8.03518523809524,6.89839473684211,7.33333333333333,8.33333333333333,7.34730558823529,42,38,3,12,68,15507,9443,6064,691,3050,12457,7.64297190688076,8.14531488404108,6.86071189149077,6.58654124457308,7.91183966885246,7.57714171710685,249
"249",2022,4,7.67848101265823,79,8.49024390243902,6.80263157894737,5.83333333333333,8.13636363636364,7.60441176470588,41,38,3,11,68,15586,9484,6102,694,3061,12525,7.64315189015783,8.14680603648249,6.86035019829564,6.58328530259366,7.91264651747795,7.57728977005988,250
"250",2022,5,7.274875,80,8.01166666666667,6.46052631578947,4.25,7.343125,7.2578125,42,38,2,16,64,15666,9526,6140,696,3077,12589,7.64127124728712,8.14621020890195,6.85787571824104,6.57658045977012,7.90968507962301,7.57566561045357,251
"251",2022,6,7.7015625,64,8.30857142857143,6.96896551724138,5,8.53,7.54814814814815,35,29,2,10,54,15730,9561,6169,698,3087,12643,7.64151655181182,8.14680456542202,6.85839794294051,6.57206303724928,7.91169452218983,7.57554807956972,252
"252",2022,7,7.30584415584416,77,7.95135135135135,6.70875,5.875,6.54545454545455,7.43257575757576,37,40,4,11,66,15807,9598,6209,702,3098,12709,7.63988140444107,8.14605109918732,6.857433871799,6.56809116809117,7.90684344415752,7.57480559996853,253
"253",2022,8,7.69116483516483,91,7.93992,7.38780487804878,8.075,8.17857142857143,7.60254545454545,50,41,4,14,77,15898,9648,6250,706,3112,12786,7.64017495030821,8.14498284100331,6.8609131056,6.57662889518414,7.90806587082262,7.57497265524793,254
"254",2022,9,7.65382558139535,86,8.28878571428571,7.04772727272727,8.25,8.12544444444444,7.5987012987013,42,44,2,9,77,15984,9690,6294,708,3121,12863,7.6402483958959,8.14560613519091,6.86221908325389,6.58135593220339,7.90869272348606,7.57511469874835,255
"255",2022,10,7.93941176470588,85,8.259375,7.52432432432432,3,8.76,7.76357142857143,48,37,1,15,70,16069,9738,6331,709,3136,12933,7.64183087684361,8.14616691825836,6.86608859737798,6.57630465444288,7.91276466517857,7.57613472280213,256
"256",2022,11,7.27833333333333,81,8.17073170731707,6.363625,4.66666666666667,7.55555555555556,7.24368055555556,41,40,3,9,72,16150,9779,6371,712,3145,13005,7.6400077622291,8.14626991001124,6.86293390519542,6.56825842696629,7.91174244515104,7.57429414609765,257
"257",2022,12,7.6375,120,8.06338028169014,7.02040816326531,7.5,7.95238095238095,7.57070707070707,71,49,4,21,99,16270,9850,6420,716,3166,13104,7.63998926613399,8.14567243147208,6.86413581152648,6.57346368715084,7.91201199936829,7.57426704594017,258
