"","year","month","avg_rating","no_ratings","avg_rating_owned","avg_rating_not_owned","avg_rating_prev_owned","avg_rating_comment","avg_rating_no_comment","no_ratings_owned","no_ratings_not_owned","no_ratings_prev_owned","no_ratings_comment","no_ratings_no_comment","cum_no_ratings","cum_no_ratings_owned","cum_no_ratings_not_owned","cum_no_ratings_prev_owned","cum_no_ratings_comment","cum_no_ratings_no_comment","cum_avg_rating","cum_avg_rating_owned","cum_avg_rating_not_owned","cum_avg_rating_prev_owned","cum_avg_rating_comment","cum_avg_rating_no_comment","month_after_release"
"1",2001,8,9,2,9,NA,NA,9,NA,2,0,0,2,0,2,2,0,0,2,0,9,9,NA,NA,9,NA,0
"2",2001,9,5,3,NA,5,NA,4,5.5,0,3,0,1,2,5,2,3,0,3,2,6.6,9,5,NA,7.33333333333333,5.5,1
"3",2001,10,7.66666666666667,3,7.5,8,8,8,7.5,2,1,1,1,2,8,4,4,1,4,4,7,8.25,5.75,8,7.5,6.5,2
"4",2001,11,8,2,9,7,NA,NA,8,1,1,0,0,2,10,5,5,1,4,6,7.2,8.4,6,8,7.5,7,3
"5",2002,1,7,2,7,7,NA,7,7,1,1,0,1,1,12,6,6,1,5,7,7.16666666666667,8.16666666666667,6.16666666666667,8,7.4,7,5
"6",2002,2,6,1,6,NA,NA,NA,6,1,0,0,0,1,13,7,6,1,5,8,7.07692307692308,7.85714285714286,6.16666666666667,8,7.4,6.875,6
"7",2002,4,6.25,4,8,4.5,NA,9,5.33333333333333,2,2,0,1,3,17,9,8,1,6,11,6.88235294117647,7.88888888888889,5.75,8,7.66666666666667,6.45454545454545,8
"8",2002,5,6.5,2,7,6,NA,NA,6.5,1,1,0,0,2,19,10,9,1,6,13,6.84210526315789,7.8,5.77777777777778,8,7.66666666666667,6.46153846153846,9
"9",2002,7,7.33333333333333,6,7.6,6,NA,8,7,5,1,0,2,4,25,15,10,1,8,17,6.96,7.73333333333333,5.8,8,7.75,6.58823529411765,11
"10",2002,8,8.0625,8,8.7,7,NA,8.83333333333333,7.6,5,3,0,3,5,33,20,13,1,11,22,7.22727272727273,7.975,6.07692307692308,8,8.04545454545454,6.81818181818182,12
"11",2002,9,7.11111111111111,9,7.28571428571429,6.5,NA,7,7.125,7,2,0,1,8,42,27,15,1,12,30,7.20238095238095,7.7962962962963,6.13333333333333,8,7.95833333333333,6.9,13
"12",2002,10,8.5,2,8.5,NA,NA,9,8,2,0,0,1,1,44,29,15,1,13,31,7.26136363636364,7.8448275862069,6.13333333333333,8,8.03846153846154,6.93548387096774,14
"13",2002,11,6.33333333333333,6,7,3,NA,7,6.2,5,1,0,1,5,50,34,16,1,14,36,7.15,7.72058823529412,5.9375,8,7.96428571428571,6.83333333333333,15
"14",2002,12,8.125,12,8.5,7.375,6,8,8.15,8,4,1,2,10,62,42,20,2,16,46,7.33870967741935,7.86904761904762,6.225,7,7.96875,7.1195652173913,16
"15",2003,1,7.55882352941176,17,7.8,5.75,NA,8,7.31818181818182,15,2,0,6,11,79,57,22,2,22,57,7.38607594936709,7.85087719298246,6.18181818181818,7,7.97727272727273,7.15789473684211,17
"16",2003,2,7.16666666666667,9,7.3125,6,6,6,7.3125,8,1,1,1,8,88,65,23,3,23,65,7.36363636363636,7.78461538461538,6.17391304347826,6.66666666666667,7.89130434782609,7.17692307692308,18
"17",2003,3,6.7,5,6.33333333333333,7.25,NA,8.5,6.25,3,2,0,1,4,93,68,25,3,24,69,7.32795698924731,7.72058823529412,6.26,6.66666666666667,7.91666666666667,7.1231884057971,19
"18",2003,4,7.75,8,8.16666666666667,6.5,7,NA,7.75,6,2,1,0,8,101,74,27,4,24,77,7.36138613861386,7.75675675675676,6.27777777777778,6.75,7.91666666666667,7.18831168831169,20
"19",2003,5,7.5,10,7.91666666666667,6.875,NA,8.4,6.6,6,4,0,5,5,111,80,31,4,29,82,7.37387387387387,7.76875,6.35483870967742,6.75,8,7.15243902439024,21
"20",2003,6,6.375,8,7.5,6,NA,5.5,7.25,2,6,0,4,4,119,82,37,4,33,86,7.30672268907563,7.76219512195122,6.2972972972973,6.75,7.6969696969697,7.15697674418605,22
"21",2003,7,7.14814814814815,27,8,6.08333333333333,NA,7.42857142857143,7.05,15,12,0,7,20,146,97,49,4,40,106,7.27739726027397,7.79896907216495,6.24489795918367,6.75,7.65,7.13679245283019,23
"22",2003,8,6.27058823529412,17,7.1,5.08571428571429,7,5.33333333333333,6.47142857142857,10,7,1,3,14,163,107,56,5,43,120,7.17239263803681,7.73364485981308,6.1,6.8,7.48837209302326,7.05916666666667,24
"23",2003,9,7.45769230769231,13,7.99375,6.6,NA,7.28571428571429,7.65833333333333,8,5,0,7,6,176,115,61,5,50,126,7.19346590909091,7.75173913043478,6.14098360655738,6.8,7.46,7.08769841269841,25
"24",2003,10,7.125,8,7.33333333333333,7,8,7.25,7,3,5,1,4,4,184,118,66,6,54,130,7.19048913043478,7.74110169491525,6.20606060606061,7,7.44444444444444,7.085,26
"25",2003,11,6,3,7,5.5,5.5,5,6.5,1,2,2,1,2,187,119,68,8,55,132,7.17139037433155,7.73487394957983,6.18529411764706,6.625,7.4,7.07613636363636,27
"26",2003,12,6.25,12,7,5.5,NA,7.33333333333333,5.88888888888889,6,6,0,3,9,199,125,74,8,58,141,7.11582914572864,7.6996,6.12972972972973,6.625,7.39655172413793,7.00035460992908,28
"27",2004,1,7.36666666666667,15,7.59090909090909,6.75,7,7.57142857142857,7.1875,11,4,1,7,8,214,136,78,9,65,149,7.13341121495327,7.69080882352941,6.16153846153846,6.66666666666667,7.41538461538462,7.01040268456376,29
"28",2004,2,6.9,16,6.94545454545455,6.8,NA,6.2,7.21818181818182,11,5,0,5,11,230,147,83,9,70,160,7.11717391304348,7.63503401360544,6.2,6.66666666666667,7.32857142857143,7.0246875,30
"29",2004,3,7.25,8,7.42857142857143,6,NA,8,7.14285714285714,7,1,0,1,7,238,154,84,9,71,167,7.12163865546218,7.62564935064935,6.19761904761905,6.66666666666667,7.33802816901408,7.02964071856288,31
"30",2004,4,7.71428571428571,7,8,6,NA,8.25,7,6,1,0,4,3,245,160,85,9,75,170,7.13857142857143,7.6396875,6.19529411764706,6.66666666666667,7.38666666666667,7.02911764705883,32
"31",2004,5,7,10,7.125,6.5,7,5.66666666666667,7.57142857142857,8,2,1,3,7,255,168,87,10,78,177,7.13313725490196,7.61517857142857,6.20229885057471,6.7,7.32051282051282,7.05056497175141,33
"32",2004,6,7,16,7.58333333333333,5.25,NA,6,7.33333333333333,12,4,0,4,12,271,180,91,10,82,189,7.12527675276753,7.61305555555556,6.16043956043956,6.7,7.25609756097561,7.06851851851852,34
"33",2004,7,6.25,8,6.6,5.66666666666667,NA,6.33333333333333,6,5,3,0,6,2,279,185,94,10,88,191,7.10017921146953,7.58567567567568,6.14468085106383,6.7,7.19318181818182,7.05732984293194,35
"34",2004,8,6.375,8,6.42857142857143,6,NA,6,6.5,7,1,0,2,6,287,192,95,10,90,197,7.07996515679443,7.54348958333333,6.14315789473684,6.7,7.16666666666667,7.04035532994924,36
"35",2004,9,6.65384615384615,13,7.5625,5.2,NA,5.66666666666667,7.5,8,5,0,6,7,300,200,100,10,96,204,7.0615,7.54425,6.096,6.7,7.07291666666667,7.05612745098039,37
"36",2004,10,7.23913043478261,23,7.40625,6.85714285714286,NA,7.57142857142857,7.09375,16,7,0,7,16,323,216,107,10,103,220,7.07414860681114,7.53402777777778,6.14579439252336,6.7,7.10679611650485,7.05886363636364,38
"37",2004,11,6.4375,16,6.9,5.66666666666667,7,6.375,6.5,10,6,1,8,8,339,226,113,11,111,228,7.04410029498525,7.50597345132743,6.12035398230088,6.72727272727273,7.05405405405405,7.03925438596491,39
"38",2004,12,6.78125,16,7.07142857142857,6.55555555555556,9,6.5625,7,7,9,1,8,8,355,233,122,12,119,236,7.03225352112676,7.49291845493562,6.15245901639344,6.91666666666667,7.02100840336134,7.03792372881356,40
"39",2005,1,6.88,25,7.15789473684211,6,NA,6.66666666666667,7,19,6,0,9,16,380,252,128,12,128,252,7.02223684210526,7.46765873015873,6.1453125,6.91666666666667,6.99609375,7.03551587301587,41
"40",2005,2,6.62962962962963,27,6.76190476190476,6.16666666666667,7,7,6.375,21,6,1,11,16,407,273,134,13,139,268,6.99619164619165,7.41336996336996,6.14626865671642,6.92307692307692,6.99640287769784,6.99608208955224,42
"41",2005,3,7.375,18,7.625,6.5,NA,7.46875,7.3,14,4,0,8,10,425,287,138,13,147,278,7.01223529411765,7.42369337979094,6.15652173913043,6.92307692307692,7.02210884353742,7.00701438848921,43
"42",2005,4,6.53846153846154,13,6.85714285714286,6.16666666666667,NA,6,7,7,6,0,6,7,438,294,144,13,153,285,6.99817351598174,7.41020408163265,6.15694444444444,6.92307692307692,6.98202614379085,7.00684210526316,44
"43",2005,5,6.98636363636364,22,7.4375,5.78333333333333,NA,6.74545454545455,7.22727272727273,16,6,0,11,11,460,310,150,13,164,296,6.99760869565217,7.41161290322581,6.142,6.92307692307692,6.96615853658537,7.01503378378378,45
"44",2005,6,6.97333333333333,15,6.875,7.36666666666667,7,6.95,7,12,3,1,8,7,475,322,153,14,172,303,6.99684210526316,7.3916149068323,6.16601307189543,6.92857142857143,6.96540697674419,7.01468646864687,46
"45",2005,7,7.025,20,7.5,5.91666666666667,6,7.16666666666667,6.8125,14,6,1,12,8,495,336,159,15,184,311,6.9979797979798,7.39613095238095,6.15660377358491,6.86666666666667,6.97853260869565,7.00948553054663,47
"46",2005,8,6.97916666666667,24,7.20588235294118,6.42857142857143,6.5,7.57692307692308,6.27272727272727,17,7,2,13,11,519,353,166,17,197,322,6.99710982658959,7.38696883852691,6.16807228915663,6.82352941176471,7.01802030456853,6.98431677018634,48
"47",2005,9,6.85,18,6.88888888888889,6.81111111111111,6.75,6.96666666666667,6.79166666666667,9,9,2,6,12,537,362,175,19,203,334,6.99217877094972,7.37458563535912,6.20114285714286,6.81578947368421,7.01650246305419,6.97739520958084,49
"48",2005,10,6.76315789473684,19,7.7,5.72222222222222,4.66666666666667,6.94444444444444,6.6,10,9,3,9,10,556,372,184,22,212,344,6.98435251798561,7.38333333333333,6.17771739130435,6.52272727272727,7.01344339622641,6.96642441860465,50
"49",2005,11,6.79310344827586,29,7.32352941176471,6.04166666666667,4,6.07692307692308,7.375,17,12,1,13,16,585,389,196,23,225,360,6.97487179487179,7.38071979434447,6.16938775510204,6.41304347826087,6.95933333333333,6.98458333333333,51
"50",2005,12,7.16666666666667,24,7.44736842105263,6.1,7,7.65,6.82142857142857,19,5,1,10,14,609,408,201,24,235,374,6.98243021346469,7.38382352941177,6.16766169154229,6.4375,6.98872340425532,6.97847593582888,52
"51",2006,1,7.01612903225806,31,7.34782608695652,6.0625,7.75,7.43333333333333,6.625,23,8,2,15,16,640,431,209,26,250,390,6.9840625,7.38190255220418,6.16363636363636,6.53846153846154,7.0154,6.96397435897436,53
"52",2006,2,6.98666666666667,15,7.5,6.64444444444444,7,7.36,6.8,6,9,1,5,10,655,437,218,27,255,400,6.98412213740458,7.38352402745995,6.18348623853211,6.55555555555556,7.0221568627451,6.959875,54
"53",2006,3,6.9,25,7.06666666666667,6.47142857142857,6,7.125,6.69230769230769,18,7,2,12,13,680,455,225,29,267,413,6.98102941176471,7.37098901098901,6.19244444444444,6.51724137931035,7.02677902621723,6.95145278450363,55
"54",2006,4,6.5,16,7.27777777777778,5.5,NA,7.7,5.95454545454545,9,7,0,5,11,696,464,232,29,272,424,6.96997126436781,7.36918103448276,6.17155172413793,6.51724137931035,7.03915441176471,6.92558962264151,56
"55",2006,5,7.11363636363636,22,7.55882352941176,5.6,NA,6.92857142857143,7.2,17,5,0,7,15,718,481,237,29,279,439,6.97437325905292,7.37588357588358,6.15949367088608,6.51724137931035,7.03637992831541,6.93496583143508,57
"56",2006,6,7.17619047619048,21,7.38235294117647,6.3,NA,7.1875,7.16923076923077,17,4,0,8,13,739,498,241,29,287,452,6.98010825439783,7.37610441767068,6.16182572614108,6.51724137931035,7.04059233449477,6.94170353982301,58
"57",2006,7,6.44324324324324,37,7.02173913043478,5.49285714285714,6.5,6.05,6.58888888888889,23,14,3,10,27,776,521,255,32,297,479,6.95451030927835,7.36046065259117,6.12509803921569,6.515625,7.00723905723906,6.92181628392484,59
"58",2006,8,6.81481481481481,27,7.22222222222222,6,7,7.22727272727273,6.53125,18,9,1,11,16,803,539,264,33,308,495,6.94981320049813,7.35584415584416,6.12083333333333,6.53030303030303,7.0150974025974,6.90919191919192,60
"59",2006,9,6.84090909090909,22,7.39285714285714,5.875,6,6.16666666666667,7.09375,14,8,3,6,16,825,553,272,36,314,511,6.94690909090909,7.35678119349005,6.11360294117647,6.48611111111111,6.99888535031847,6.91497064579256,61
"60",2006,10,6.4,20,7.65384615384615,4.07142857142857,6,5.16666666666667,7.40909090909091,13,7,1,9,11,845,566,279,37,323,522,6.93396449704142,7.36360424028269,6.06236559139785,6.47297297297297,6.94783281733746,6.92538314176245,62
"61",2006,11,6.87272727272727,22,7.01333333333333,6.57142857142857,7,7.5,6.68823529411765,15,7,1,5,17,867,581,286,38,328,539,6.93241061130334,7.35456110154905,6.07482517482518,6.48684210526316,6.95625,6.91790352504638,63
"62",2006,12,7.22058823529412,34,7.44285714285714,6.86153846153846,6.5,7.1,7.27083333333333,21,13,3,10,24,901,602,299,41,338,563,6.94328523862375,7.35764119601329,6.10903010033445,6.48780487804878,6.96050295857988,6.93294849023091,64
"63",2007,1,6.80555555555556,36,6.97727272727273,6.53571428571429,7,6.65555555555556,6.85555555555556,22,14,1,9,27,937,624,313,42,347,590,6.93799359658484,7.34423076923077,6.12811501597444,6.5,6.95259365994236,6.92940677966102,65
"64",2007,2,6.67938794117647,34,6.79473684210526,6.53327933333333,7.5,6.03571428571429,7.1299595,19,15,3,14,20,971,643,328,45,361,610,6.92893840370752,7.32799377916019,6.14664387195122,6.56666666666667,6.91703601108033,6.93598227868852,66
"65",2007,3,6.72058823529412,17,7.09375,6.38888888888889,6.75,7.16666666666667,6.47727272727273,8,9,2,6,11,988,651,337,47,367,621,6.92535343117409,7.32511520737327,6.15311332344214,6.57446808510638,6.92111716621253,6.92785698872786,67
"66",2007,4,6.714,25,7.025,6.31818181818182,6,7.15,6.46875,14,11,1,9,16,1013,665,348,48,376,637,6.92013740375123,7.3187969924812,6.15833100574713,6.5625,6.92659574468085,6.91632525902669,68
"67",2007,5,6.79444444444444,18,6.77777777777778,6.81111111111111,NA,7,6.66363636363636,9,9,0,7,11,1031,674,357,48,383,648,6.91794295829292,7.31157270029674,6.17478764705883,6.5625,6.92793733681462,6.91203578703704,69
"68",2007,6,6.975,28,7.46315789473684,5.94444444444444,7,7.04545454545455,6.92941176470588,19,9,1,11,17,1059,693,366,49,394,665,6.91945154863078,7.31572871572872,6.16912346994536,6.57142857142857,6.93121827411167,6.91247998496241,70
"69",2007,7,6.96206896551724,29,6.77222222222222,7.27272727272727,6.66666666666667,6.95,6.96842105263158,18,11,3,10,19,1088,711,377,52,404,684,6.92058749080882,7.30196905766526,6.20132411140584,6.57692307692308,6.93168316831683,6.91403390350877,71
"70",2007,8,6.90740740740741,27,7.42857142857143,6.34615384615385,6.5,7.34,6.80909090909091,14,13,2,5,22,1115,725,390,54,409,706,6.92026833183856,7.30441379310345,6.20615176923077,6.57407407407407,6.93667481662592,6.91076372521247,72
"71",2007,9,6.90454545454545,22,7.03333333333333,6.75,6.5,7,6.86,12,10,3,7,15,1137,737,400,57,416,721,6.91996410729991,7.3,6.219747975,6.57017543859649,6.93774038461538,6.90970761442441,73
"72",2007,10,7.0969696969697,33,7.225,6.9,8,7.04545454545455,7.12272727272727,20,13,1,11,22,1170,757,413,58,427,743,6.92495657264957,7.29801849405548,6.24116026634383,6.5948275862069,6.94051522248243,6.91601506056528,74
"73",2007,11,6.925,50,7.07758620689655,6.71428571428571,6.375,6.40625,7.16911764705882,29,21,4,16,34,1220,786,434,62,443,777,6.92495835245902,7.28988549618321,6.26405343317972,6.58064516129032,6.92121896162528,6.92709033462033,75
"74",2007,12,6.56888888888889,45,6.6304347826087,6.50454545454545,6,6.58333333333333,6.55238095238095,23,22,1,24,21,1265,809,456,63,467,798,6.91229184980237,7.27113720642769,6.27565611842105,6.57142857142857,6.90385438972163,6.91722956140351,76
"75",2008,1,6.72244897959184,49,7.17352941176471,5.7,6.66666666666667,6.79259259259259,6.63636363636364,34,15,3,27,22,1314,843,471,66,494,820,6.90521247336377,7.26720047449585,6.25732312101911,6.57575757575758,6.89777327935223,6.90969413414634,77
"76",2008,2,7.40326086956522,46,7.87258064516129,6.43333333333333,7.25,7.45882352941176,7.37068965517241,31,15,2,17,29,1360,874,486,68,511,849,6.92205822794118,7.28867276887872,6.26275553497942,6.59558823529412,6.91643835616438,6.92544074204947,78
"77",2008,3,7.06764705882353,34,7.476,5.93333333333333,6.13333333333333,6.21111111111111,7.376,25,9,3,9,25,1394,899,495,71,520,874,6.92560917503587,7.29388209121246,6.25676604040404,6.57605633802817,6.90423076923077,6.93832859267735,79
"78",2008,4,6.67073170731707,41,6.76666666666667,6.40909090909091,6,6.82142857142857,6.59259259259259,30,11,1,14,27,1435,929,506,72,534,901,6.91832696167247,7.27685683530678,6.26007745059289,6.56805555555556,6.90205992509363,6.92796802441731,80
"79",2008,5,7,21,7.66666666666667,6.11111111111111,NA,7.05,6.95454545454545,12,9,0,10,11,1456,941,515,72,544,912,6.91950493818681,7.28182784272051,6.25747415533981,6.56805555555556,6.90477941176471,6.92828858552632,81
"80",2008,6,6.86842105263158,19,7.29166666666667,6.14285714285714,NA,7.625,6.66666666666667,12,7,0,4,15,1475,953,522,72,548,927,6.91884690847457,7.28195173137461,6.25593714559387,6.56805555555556,6.91003649635036,6.92405522114347,82
"81",2008,7,6.57435897435897,39,6.8625,6.11333333333333,5.5,6.30833333333333,6.69259259259259,24,15,6,12,27,1514,977,537,78,560,954,6.90997304491413,7.27164790174002,6.25195379888268,6.48589743589744,6.89714285714286,6.91750439203354,83
"82",2008,8,6.61111111111111,36,6.95,6.1875,6.2,6.55555555555556,6.66666666666667,20,16,5,18,18,1550,997,553,83,578,972,6.90303173548387,7.26519558676028,6.25008895117541,6.46867469879518,6.88650519031142,6.91285924897119,84
"83",2008,9,6.53703703703704,27,7.25,5.96666666666667,5.625,6.07142857142857,7.03846153846154,12,15,4,14,13,1577,1009,568,87,592,985,6.89676549778059,7.26501486620416,6.24260420774648,6.42988505747126,6.86722972972973,6.91451694416244,85
"84",2008,10,6.35555555555556,27,6.63333333333333,6.13333333333333,6.5,4.8,6.70909090909091,12,15,6,5,22,1604,1021,583,93,597,1007,6.88765535536159,7.25759059745348,6.2397927787307,6.43440860215054,6.8499162479062,6.91002898709037,86
"85",2008,11,6.50857142857143,35,6.5,6.51875,6.6,6.83333333333333,6.44137931034483,19,16,8,6,29,1639,1040,599,101,603,1036,6.87956021354484,7.24375,6.24724405676127,6.44752475247525,6.84975124378109,6.89691041505792,87
"86",2008,12,6.81756756756757,37,6.90625,6.65384615384615,7.125,7.475,6.57407407407407,24,13,4,10,27,1676,1064,612,105,613,1063,6.87819164081145,7.23613721804511,6.25588102941177,6.47333333333333,6.85995106035889,6.88871043273754,88
"87",2009,1,6.85,48,6.85769230769231,6.84090909090909,7.28571428571429,6.375,7.00833333333333,26,22,7,12,36,1724,1090,634,112,625,1099,6.87740672273782,7.22711009174312,6.27618168769716,6.52410714285714,6.85064,6.89262892629663,89
"88",2009,2,6.47169811320755,53,7.02631578947368,6.16176470588235,6.15,6.91666666666667,6.41489361702128,19,34,10,6,47,1777,1109,668,122,631,1146,6.86530624085537,7.2236699729486,6.27035806886228,6.49344262295082,6.85126782884311,6.87303594240838,90
"89",2009,3,6.72754716981132,53,7.06551724137931,6.31916666666667,6.5,6.54666666666667,6.79894736842105,29,24,4,15,38,1830,1138,692,126,646,1184,6.86131649726776,7.21963971880492,6.27205085260116,6.49365079365079,6.84419504643963,6.87065809966216,91
"90",2009,4,6.74673913043478,46,7.10294117647059,6.53793103448276,4.66666666666667,6.34090909090909,6.87428571428571,17,29,3,11,35,1876,1155,721,129,657,1219,6.85850703091684,7.21792207792208,6.28274506241332,6.45116279069767,6.83576864535769,6.8707622559475,92
"91",2009,5,6.84848484848485,33,6.8,6.88888888888889,6.58333333333333,6.5,7,15,18,6,10,23,1909,1170,739,135,667,1242,6.85833378208486,7.2125641025641,6.29750905277402,6.45703703703704,6.83073463268366,6.87315554750403,93
"92",2009,6,6.47714285714286,35,6.68571428571429,6.16428571428571,5.46,5.36666666666667,6.86153846153846,21,14,5,9,26,1944,1191,753,140,676,1268,6.85147077674897,7.20327455919395,6.295032124834,6.42142857142857,6.8112426035503,6.87291734227129,94
"93",2009,7,6.90697674418605,43,7.3,6.36111111111111,7.2,7,6.87096774193548,25,18,5,12,31,1987,1216,771,145,688,1299,6.85267196275792,7.20526315789474,6.29657482490273,6.44827586206896,6.81453488372093,6.87287081601232,95
"94",2009,8,6.65897435897436,39,7.15454545454545,6.46428571428571,6.375,6,6.82903225806452,11,28,4,8,31,2026,1227,799,149,696,1330,6.84894333168805,7.20480847595762,6.30245205256571,6.44630872483221,6.8051724137931,6.8718490150376,96
"95",2009,9,6.19230769230769,39,6.75,5.71428571428571,6.2,6.94444444444444,5.96666666666667,18,21,5,9,30,2065,1245,820,154,705,1360,6.83654198062954,7.19823293172691,6.28738925609756,6.43831168831169,6.80695035460993,6.85188175735294,97
"96",2009,10,6.64767441860465,43,7.3,5.8975,5.81428571428571,6.425,6.69857142857143,23,20,7,8,35,2108,1268,840,161,713,1395,6.83268936907021,7.20007886435331,6.27810617857143,6.4111801242236,6.80266479663394,6.84803526164875,98
"97",2009,11,6.99254901960784,51,7.366,6.63346153846154,6.78142857142857,7.37777777777778,6.91,25,26,7,9,42,2159,1293,866,168,722,1437,6.83646558128763,7.20328692962104,6.28877504618938,6.42660714285714,6.80983379501385,6.84984633959638,99
"98",2009,12,6.48095238095238,42,6.65789473684211,6.33478260869565,6.3,7.25,6.35277777777778,19,23,5,6,36,2201,1312,889,173,728,1473,6.82968159472967,7.1953887195122,6.28996534308212,6.42294797687861,6.81346153846154,6.83769802443992,100
"99",2010,1,6.664,50,7.188,6.14,5.25,7.16,6.60888888888889,25,25,4,5,45,2251,1337,914,177,733,1518,6.82600141714793,7.19525056095737,6.2858634463895,6.3964406779661,6.81582537517053,6.83091514492754,101
"100",2010,2,6.2578125,32,7.4375,5.55,5.16666666666667,7.54166666666667,5.96153846153846,12,20,6,6,26,2283,1349,934,183,739,1544,6.81803731493649,7.19740548554485,6.27010619914347,6.35612021857923,6.82171853856563,6.81627538212435,102
"101",2010,3,6.3375,32,6.91764705882353,5.68,6,6.01428571428571,6.428,17,15,5,7,25,2315,1366,949,188,746,1569,6.81139489848812,7.19392386530015,6.260778914647,6.34664893617021,6.81414209115281,6.81008871255577,103
"102",2010,4,6.56818181818182,22,7,6.13636363636364,6.75,6.33333333333333,6.60526315789474,11,11,2,3,19,2337,1377,960,190,749,1588,6.80910534445871,7.19237472766885,6.25935332291667,6.3508947368421,6.81221628838451,6.80763802896726,104
"103",2010,5,6.30434782608696,23,6.77272727272727,5.875,5,6.6,6.22222222222222,11,12,2,5,18,2360,1388,972,192,754,1606,6.80418609745763,7.18904899135447,6.25460822016461,6.33682291666667,6.81080901856764,6.80107670610212,105
"104",2010,6,6.82884615384615,26,7.50769230769231,6.15,6.33333333333333,5.5,7.07045454545455,13,13,6,4,22,2386,1401,985,198,758,1628,6.80445481559095,7.192005710207,6.25322760406091,6.33671717171717,6.80389182058047,6.80471694717445,106
"105",2010,7,6.58448275862069,29,6.84210526315789,6.095,6.06666666666667,8.14285714285714,6.08863636363636,19,10,3,7,22,2415,1420,995,201,765,1650,6.80181332919255,7.18732394366197,6.25163737688442,6.33268656716418,6.81614379084967,6.79516920606061,107
"106",2010,8,6.16190476190476,21,6.7,5.57,6,5.3,6.43125,11,10,2,5,16,2436,1431,1005,203,770,1666,6.79629687602627,7.18357791754018,6.24485491542289,6.32940886699507,6.8062987012987,6.79167418367347,108
"107",2010,9,6.6,28,6.95384615384615,6.29333333333333,6.33333333333333,6.5,6.64,13,15,3,8,20,2464,1444,1020,206,778,1686,6.79406622970779,7.18150969529086,6.24556783333333,6.32946601941747,6.80314910025707,6.78987496441281,109
"108",2010,10,6.4547619047619,21,6.83333333333333,6.17083333333333,4.5,5.5,6.55526315789474,9,12,2,2,19,2485,1453,1032,208,780,1705,6.79119886921529,7.17935306262904,6.24469882751938,6.311875,6.79980769230769,6.78726052199414,110
"109",2010,11,6.93333333333333,30,7.34375,6.46428571428571,4.5,6.375,7.13636363636364,16,14,2,8,22,2515,1469,1046,210,788,1727,6.79289431013916,7.18114363512594,6.24763784894837,6.29461904761905,6.79549492385787,6.79170769542559,111
"110",2010,12,6.26071428571429,28,7.175,5.575,4.73333333333333,6.66666666666667,6.15,12,16,3,6,22,2543,1481,1062,213,794,1749,6.78703467951239,7.18109385550304,6.23750394538606,6.27262910798122,6.79452141057934,6.78363590051458,112
"111",2011,1,6.8531914893617,47,7.38333333333333,6.3,6.5,6.56666666666667,6.92105263157895,24,23,6,9,38,2590,1505,1085,219,803,1787,6.78823520849421,7.18431893687708,6.23882874654378,6.27885844748858,6.79196762141968,6.78655802462227,113
"112",2011,2,6.63461538461539,26,7.05,6.375,6.75,6.07142857142857,6.84210526315789,10,16,2,7,19,2616,1515,1101,221,810,1806,6.7867084059633,7.18343234323433,6.24080762034514,6.2831221719457,6.78574074074074,6.78714240863787,114
"113",2011,3,6.41675675675676,37,7.00833333333333,5.85631578947368,6.774,6.66333333333333,6.3375,18,19,5,9,28,2653,1533,1120,226,819,1834,6.78154888428194,7.18137638617091,6.23428499107143,6.29398230088495,6.7843956043956,6.78027763904035,115
"114",2011,4,6.86111111111111,18,7.03846153846154,6.4,6.25,8.375,6.42857142857143,13,5,4,4,14,2671,1546,1125,230,823,1848,6.7820850580307,7.18017464424321,6.23502150222222,6.29321739130435,6.79212636695018,6.77761319805195,116
"115",2011,5,6.47037037037037,27,7.27777777777778,6.06666666666667,5.86666666666667,6.25,6.50869565217391,9,18,6,4,23,2698,1555,1143,236,827,1871,6.77896560044477,7.18073954983923,6.23237024496938,6.28237288135593,6.78950423216445,6.77430742383752,117
"116",2011,6,6.72173913043478,23,7.61111111111111,6.15,7.03333333333333,6.625,6.7421052631579,9,14,3,4,19,2721,1564,1157,239,831,1890,6.77848187798603,7.18321611253197,6.23137354364736,6.29179916317992,6.78871239470517,6.7739836984127,118
"117",2011,7,6.48181818181818,22,7.03846153846154,5.67777777777778,6.5,6.75,6.42222222222222,13,9,2,4,18,2743,1577,1166,241,835,1908,6.77610251184834,7.18202282815473,6.22710050600343,6.29352697095436,6.78852694610778,6.77066519392034,119
"118",2011,8,7.02173913043478,23,7.35714285714286,6.5,6.5,7.6,6.86111111111111,14,9,2,5,18,2766,1591,1175,243,840,1926,6.77814504338395,7.1835637963545,6.2291908,6.29522633744856,6.79335714285714,6.77151048286605,120
"119",2011,9,6.64210526315789,19,7.51666666666667,5.14285714285714,6.5,5.7,7.07692307692308,12,7,2,6,13,2785,1603,1182,245,846,1939,6.7772169443447,7.18605739238927,6.22275735194586,6.29689795918367,6.78560283687943,6.77355811758639,121
"120",2011,10,6.56071428571429,28,7.29285714285714,5.82857142857143,8,6.625,6.55,14,14,1,4,24,2813,1617,1196,246,850,1963,6.77506192321365,7.1869820655535,6.21814313545151,6.30382113821138,6.78484705882353,6.77082485481406,122
"121",2011,11,7.19310344827586,29,7.35294117647059,6.96666666666667,6.625,6.03333333333333,7.32692307692308,17,12,4,3,26,2842,1634,1208,250,853,1989,6.77932765306122,7.18870869033048,6.22557879966888,6.30896,6.78220398593201,6.77809411261941,123
"122",2011,12,6.30526315789474,19,7.21666666666667,5.88461538461539,6.75,7.05,5.96153846153846,6,13,2,6,13,2861,1640,1221,252,859,2002,6.77617937434463,7.18881097560976,6.22194855855856,6.31246031746032,6.78407450523865,6.7727918031968,124
"123",2012,1,6.48611111111111,36,6.94736842105263,5.97058823529412,6,6.04545454545455,6.68,19,17,3,11,25,2897,1659,1238,255,870,2027,6.77257479806696,7.18604581072936,6.21849692245557,6.30878431372549,6.77473563218391,6.77164735569808,125
"124",2012,2,7,21,7.5,6.1875,5,7,7,13,8,2,6,15,2918,1672,1246,257,876,2042,6.77421151130911,7.18848684210526,6.21829790529695,6.29859922178988,6.77627853881279,6.77332477473066,126
"125",2012,3,6.64583333333333,24,7.17857142857143,5.9,6.33333333333333,4.5,6.84090909090909,14,10,3,2,22,2942,1686,1256,260,878,2064,6.77316423861319,7.18840450771056,6.21576368630573,6.299,6.77109339407745,6.7740451501938,127
"126",2012,4,6.34117647058823,17,6.73333333333333,5.4,6.33333333333333,4.66666666666667,6.7,12,5,3,3,14,2959,1698,1261,263,881,2078,6.77068238932071,7.18518845700825,6.21252909595559,6.29939163498099,6.76392735527809,6.77354628970164,128
"127",2012,5,6.90909090909091,22,7.25,6.5,6.5,6.83333333333333,6.92105263157895,12,10,1,3,19,2981,1710,1271,264,884,2097,6.77170385441127,7.1856432748538,6.21479086546027,6.30015151515151,6.7641628959276,6.77488278016214,129
"128",2012,6,6.7304347826087,23,7.17857142857143,6.03333333333333,7,5.75,7.07647058823529,14,9,3,6,17,3004,1724,1280,267,890,2114,6.77138787949401,7.18558584686775,6.2135149921875,6.30801498127341,6.75732584269663,6.77730803689688,130
"129",2012,7,7.588,15,7.77272727272727,7.08,NA,7,7.67846153846154,11,4,0,2,13,3019,1735,1284,267,892,2127,6.7754452434581,7.1893083573487,6.21621432242991,6.30801498127341,6.75786995515695,6.78281579219558,131
"130",2012,8,6.8175,12,7.2525,6.6,7.16666666666667,7,6.80090909090909,4,8,3,1,11,3031,1739,1292,270,893,2138,6.77561174199934,7.18945370902818,6.21859070433436,6.31755555555555,6.75814109742441,6.78290888213284,132
"131",2012,9,6.54545454545455,11,8.25,5.57142857142857,NA,4,6.8,4,7,0,1,10,3042,1743,1299,270,894,2148,6.77477948389217,7.1918875502008,6.21510330254041,6.31755555555555,6.75505592841163,6.78298844972067,133
"132",2012,10,6.60588235294118,17,6.6,6.61428571428571,5.5,6.75,6.56153846153846,10,7,2,4,13,3059,1753,1306,272,898,2161,6.77384085975809,7.18851112378779,6.21724287136294,6.31154411764706,6.75503340757238,6.78165626561777,134
"133",2012,11,6.96296296296296,27,7.36666666666667,6.45833333333333,NA,7.33333333333333,6.91666666666667,15,12,0,3,24,3086,1768,1318,272,901,2185,6.77549552495139,7.19002262443439,6.21943792867982,6.31154411764706,6.7569589345172,6.7831392173913,135
"134",2012,12,6.47647058823529,17,6.75,5.2,4,7.33333333333333,6.29285714285714,14,3,1,3,14,3103,1782,1321,273,904,2199,6.773857296165,7.18656565656566,6.21712277819833,6.30307692307692,6.75887168141593,6.78001782173715,136
"135",2013,1,7.15161290322581,31,7.385,6.72727272727273,6,7.2,7.14230769230769,20,11,2,5,26,3134,1802,1332,275,909,2225,6.77759387045309,7.1887680355161,6.22133572822823,6.30087272727273,6.76129812981298,6.78425132134832,137
"136",2013,2,7.09090909090909,22,7.48461538461538,6.52222222222222,5.25,5.66666666666667,7.31578947368421,13,9,2,3,19,3156,1815,1341,277,912,2244,6.77977794359949,7.1908870523416,6.22335510067114,6.29328519855596,6.75769736842105,6.78875186720143,138
"137",2013,3,6.68421052631579,19,6.90909090909091,6.375,5.75,8,6.61111111111111,11,8,4,1,18,3175,1826,1349,281,913,2262,6.77920604409449,7.18918948521358,6.22425440326168,6.28555160142349,6.75905805038335,6.78733828028294,139
"138",2013,4,6.58333333333333,12,7.11111111111111,5,NA,NA,6.58333333333333,9,3,0,0,12,3187,1835,1352,281,913,2274,6.77846852525886,7.18880653950954,6.22153786242604,6.28555160142349,6.75905805038335,6.78626173702727,140
"139",2013,5,7.12352941176471,17,7.325,6.94444444444444,6.6,6.5,7.31538461538462,8,9,5,4,13,3204,1843,1361,286,917,2287,6.78029937265917,7.18939772110689,6.22631828802351,6.29104895104895,6.7579280261723,6.78926943156974,141
"140",2013,6,7.05238095238095,21,7.53846153846154,6.2625,5.875,5.86666666666667,7.25,13,8,4,3,18,3225,1856,1369,290,920,2305,6.78207106666666,7.1918426724138,6.22652972242513,6.28531034482759,6.75502173913044,6.79286732754881,142
"141",2013,7,6.85625,16,7.74444444444444,5.71428571428571,8,7.33333333333333,6.74615384615385,9,7,1,3,13,3241,1865,1376,291,923,2318,6.7824372693613,7.19450938337802,6.22392382994186,6.29120274914089,6.75690140845071,6.79260534512511,143
"142",2013,8,6.56818181818182,22,6.91666666666667,6.15,7.75,5.66666666666667,6.71052631578947,12,10,2,3,19,3263,1877,1386,293,926,2337,6.78099270303401,7.19273308470965,6.22339046897547,6.30116040955631,6.75336933045356,6.79193803594352,144
"143",2013,9,6.9,20,6.9,6.9,6.875,6.5,7.03333333333333,10,10,4,5,15,3283,1887,1396,297,931,2352,6.78171769418215,7.1911817700053,6.22823724212035,6.30888888888889,6.75200859291085,6.79347754676871,145
"144",2013,10,6.2,10,6.625,5.91666666666667,5.75,6.66666666666667,6,4,6,2,3,7,3293,1891,1402,299,934,2359,6.77995116610993,7.18998413537811,6.22690384450785,6.30515050167224,6.75173447537473,6.79112301398898,146
"145",2013,11,6.525,20,6.875,6.29166666666667,6.625,7.33333333333333,6.38235294117647,8,12,4,3,17,3313,1899,1414,303,937,2376,6.77841207063084,7.18865718799368,6.2274534582744,6.30937293729373,6.75359658484525,6.78819831228956,147
"146",2013,12,6.48260869565217,23,7.35,5.81538461538462,5,7.83333333333333,6.28,10,13,1,3,20,3336,1909,1427,304,940,2396,6.7763726588729,7.18950235725511,6.2236995024527,6.30506578947368,6.75704255319149,6.78395625626044,148
"147",2014,1,7.20740740740741,27,7.50769230769231,6.92857142857143,6.41666666666667,6.75,7.244,13,14,6,2,25,3363,1922,1441,310,942,2421,6.77983324115373,7.19165452653486,6.23054766828591,6.30722580645161,6.75702760084926,6.78870681123503,149
"148",2014,2,7.10454545454545,22,7.41428571428571,6.5625,6.5,7.5,7.065,14,8,2,2,20,3385,1936,1449,312,944,2441,6.78194363072378,7.19326446280992,6.23238039337474,6.30846153846154,6.75860169491525,6.7909705817288,150
"149",2014,3,6.66666666666667,21,7.15,6.22727272727273,6,6.125,6.79411764705882,10,11,1,4,17,3406,1946,1460,313,948,2458,6.78123288021139,7.1930421377184,6.23234191095891,6.30747603833866,6.75592827004219,6.79099234743694,151
"150",2014,4,6.74,20,7,6.25714285714286,6,6,6.77894736842105,13,7,1,1,19,3426,1959,1467,314,949,2477,6.78099217454757,7.19176110260337,6.23246025221541,6.30649681528662,6.75513171759747,6.79089995559144,152
"151",2014,5,7.25,12,7,7.6,8.5,5.5,7.6,7,5,2,2,10,3438,1966,1472,316,951,2487,6.78262920011634,7.19107833163785,6.23710542798913,6.32037974683544,6.75249211356467,6.7941532730197,153
"152",2014,6,7.125,16,7.4,6.66666666666667,7,6.5,7.33333333333333,10,6,1,4,12,3454,1976,1478,317,955,2499,6.78421516792125,7.19213562753037,6.23884924898512,6.32252365930599,6.75143455497382,6.79674237294918,154
"153",2014,7,7.27777777777778,9,7.4375,6,NA,8.16666666666667,6.83333333333333,8,1,0,3,6,3463,1984,1479,317,958,2505,6.78549788911348,7.193125,6.23868775524003,6.32252365930599,6.75586638830898,6.79683001596807,155
"154",2014,8,7.325,12,7.5,7.2375,7,8,7.19,4,8,2,2,10,3475,1988,1487,319,960,2515,6.78736091798561,7.19374245472837,6.24406132481506,6.32677115987461,6.75845833333333,6.79839331610338,156
"155",2014,9,7.375,16,7.75,6.25,NA,7.5,7.33333333333333,12,4,0,4,12,3491,2000,1491,319,964,2527,6.79005419364079,7.19708,6.24407725687458,6.32677115987461,6.76153526970954,6.80093359319351,157
"156",2014,10,6.53636363636364,11,7,5.725,2,7.5,5.98571428571429,7,4,1,4,7,3502,2007,1495,320,968,2534,6.78925733580811,7.19639262580967,6.24268842140468,6.31325,6.76458677685951,6.79868160615628,158
"157",2014,11,6.49444444444444,18,7.08181818181818,5.57142857142857,8.25,5.38,6.92307692307692,11,7,2,5,13,3520,2018,1502,322,973,2547,6.78774976988636,7.19576808721507,6.23956004660453,6.32527950310559,6.7574717368962,6.79931652532391,159
"158",2014,12,6.91666666666667,12,7.66666666666667,6.16666666666667,6,7.5,6.625,6,6,1,4,8,3532,2024,1508,323,977,2555,6.78818776613816,7.19716403162055,6.2392700198939,6.32427244582043,6.76051177072671,6.79877072015656,160
"159",2015,1,7.05769230769231,26,7.63888888888889,5.75,5.8,6.66666666666667,7.26470588235294,18,8,5,9,17,3558,2042,1516,328,986,2572,6.79015716413715,7.20105778648384,6.23668812005277,6.31628048780488,6.75965517241379,6.80185038491447,161
"160",2015,2,6.456,25,7.09285714285714,5.64545454545455,6.5,6.65714285714286,6.37777777777778,14,11,1,7,18,3583,2056,1527,329,993,2590,6.78782561819704,7.20032101167315,6.23242907007204,6.31683890577508,6.75893252769386,6.79890316216216,162
"161",2015,3,7.19583333333333,24,7.23333333333333,7.13333333333333,7,7.33333333333333,7.15,15,9,2,6,18,3607,2071,1536,331,999,2608,6.79054039090657,7.20056011588605,6.23770780598958,6.3209667673716,6.76238238238238,6.80132637653375,163
"162",2015,4,6.7,17,7.53636363636364,5.16666666666667,7,6.83333333333333,6.62727272727273,11,6,2,6,11,3624,2082,1542,333,1005,2619,6.7901156705298,7.20233429394813,6.2335403307393,6.32504504504505,6.76280597014925,6.80059533791524,164
"163",2015,5,6.19736842105263,19,6.77272727272727,5.40625,6,5.875,6.34615384615385,11,8,1,6,13,3643,2093,1550,334,1011,2632,6.78702420807027,7.20007644529384,6.22927044516129,6.32407185628743,6.75753709198813,6.79835075607903,165
"164",2015,6,6.66666666666667,12,7.14285714285714,6,7.33333333333333,6.5,6.7,7,5,3,2,10,3655,2100,1555,337,1013,2642,6.78662905335157,7.19988571428572,6.22853324115756,6.33305637982196,6.75702862783811,6.79797849735049,166
"165",2015,7,7.14705882352941,17,7.3,6.92857142857143,7.25,8,7.09375,10,7,2,1,16,3672,2110,1562,339,1014,2658,6.78829770969499,7.20036018957346,6.23167041613316,6.33846607669617,6.75825443786982,6.79975891271633,167
"166",2015,8,6.42272727272727,22,6.80714285714286,5.75,6,5.33333333333333,6.59473684210526,14,8,3,3,19,3694,2124,1570,342,1017,2677,6.78612051705468,7.19776836158192,6.22921604458599,6.33549707602339,6.7540511307768,6.79830376914457,168
"167",2015,9,7.4,10,7.375,7.5,NA,NA,7.4,8,2,0,0,10,3704,2132,1572,342,1017,2687,6.78777785907127,7.19843339587242,6.23083281806616,6.33549707602339,6.7540511307768,6.80054305545218,169
"168",2015,10,7.34444444444444,18,7.5,6.8,7,7.73333333333333,7.26666666666667,14,4,2,3,15,3722,2146,1576,344,1020,2702,6.79046995969908,7.20040074557316,6.23227740482234,6.33936046511628,6.75693137254902,6.80313071428572,170
"169",2015,11,5.875,26,7.02272727272727,5.03333333333333,5.125,6.40625,5.63888888888889,11,15,4,8,18,3748,2157,1591,348,1028,2720,6.78411931430096,7.19949466852109,6.22097372093023,6.32540229885058,6.75420233463035,6.79542617279412,171
"170",2015,12,7.14705882352941,17,7.36363636363636,6.75,NA,8,7.09375,11,6,0,1,16,3765,2168,1597,348,1029,2736,6.78575808499336,7.20032749077491,6.22296129618034,6.32540229885058,6.7554130223518,6.79717075657895,172
"171",2016,1,7.2,21,7.07142857142857,7.26428571428571,7.6,7.3,7.17647058823529,7,14,2,4,17,3786,2175,1611,350,1033,2753,6.78805578182778,7.19991264367816,6.23201067039106,6.33268571428571,6.75752178121975,6.79951296403923,173
"172",2016,2,7.10714285714286,14,7.375,5.5,NA,6.25,7.45,12,2,0,4,10,3800,2187,1613,350,1037,2763,6.78923136578947,7.20087334247828,6.2311030316181,6.33268571428571,6.75556412729026,6.80186724212812,174
"173",2016,3,6.79411764705882,17,7.27777777777778,6.25,NA,7.33333333333333,6.67857142857143,9,8,0,3,14,3817,2196,1621,350,1040,2777,6.78925312811108,7.20118852459016,6.23119629241209,6.33268571428571,6.75723076923077,6.80124565718401,175
"174",2016,4,7.31111111111111,18,7.52333333333333,6.25,7,7.5,7.2875,15,3,1,2,16,3835,2211,1624,351,1042,2793,6.79170252672751,7.20337403889643,6.23123102832512,6.3345868945869,6.75865642994242,6.80403121732904,176
"175",2016,5,7.25,16,7.375,7.125,6.75,NA,7.25,8,8,4,0,16,3851,2219,1632,355,1042,2809,6.79360664502726,7.20399278954484,6.23561224877451,6.3392676056338,6.75865642994242,6.80657144535422,177
"176",2016,6,7.16666666666667,12,7.1,7.5,8,8,7.09090909090909,10,2,1,1,11,3863,2229,1634,356,1043,2820,6.794765516438,7.20352624495289,6.23715984700123,6.34393258426966,6.75984659635666,6.80768056382979,178
"177",2016,7,7.34545454545455,22,7.62352941176471,6.4,7,8.8,7.2,17,5,1,2,20,3885,2246,1639,357,1045,2840,6.79788396138996,7.20670525378451,6.2376566137889,6.34577030812325,6.76375119617225,6.81044337676057,179
"178",2016,8,6.8765625,32,7.80833333333333,5.67857142857143,6.5,7.16818181818182,6.72380952380952,18,14,5,11,21,3917,2264,1653,362,1056,2861,6.79852672708705,7.21148851590106,6.23292147005445,6.34790055248619,6.76796401515152,6.80980747640685,180
"179",2016,9,7.02727272727273,11,6.97777777777778,7.25,6.5,7.5,6.85,9,2,1,3,8,3928,2273,1655,363,1059,2869,6.79916730906313,7.21056313242411,6.23415056797583,6.34831955922865,6.77003777148253,6.80991955036598,181
"180",2016,10,7.125,32,7.20454545454545,6.95,7,6.54285714285714,7.288,22,10,5,7,25,3960,2295,1665,368,1066,2894,6.80180030050505,7.21050544662309,6.23844996396397,6.35717391304348,6.76854596622889,6.81404947823082,182
"181",2016,11,6.66,25,7.125,4.8,NA,7.66666666666667,6.52272727272727,20,5,0,3,22,3985,2315,1670,368,1069,2916,6.80091071267252,7.20976673866091,6.23414322754491,6.35717391304348,6.77106641721235,6.81185157407408,183
"182",2016,12,7.17857142857143,14,7.55,6.25,NA,8,7.04166666666667,10,4,0,2,12,3999,2325,1674,368,1071,2928,6.80223285571393,7.21123010752688,6.23418111708483,6.35717391304348,6.77336134453782,6.81279343920765,184
"183",2017,1,7.40747826086957,23,7.83333333333333,6.94290909090909,7.33333333333333,7.4544,7.39444444444444,12,11,3,5,18,4022,2337,1685,371,1076,2946,6.80569398060666,7.21442447582371,6.23880782789318,6.36506738544474,6.77652602230483,6.8163473150034,185
"184",2017,2,6.8125,24,7.16666666666667,6.6,5.5,6.5,6.84090909090909,9,15,2,2,22,4046,2346,1700,373,1078,2968,6.80573435244686,7.21424126172208,6.24199481764706,6.36042895442359,6.77601298701299,6.81652937668464,186
"185",2017,3,7.15,14,7.56666666666667,6.4,3,7.83333333333333,6.96363636363636,9,5,1,3,11,4060,2355,1705,374,1081,2979,6.80692147536945,7.2155881104034,6.24245817595308,6.35144385026738,6.77894727104533,6.81707257133266,187
"186",2017,4,7,24,7.11764705882353,6.71428571428571,6,7,7,17,7,1,5,19,4084,2372,1712,375,1086,2998,6.80805611900098,7.21488617200674,6.24438737733645,6.35050666666667,6.7799650092081,6.81823188458973,188
"187",2017,5,6.80769230769231,26,7.33333333333333,5.625,4.5,7.2,6.71428571428571,18,8,2,5,21,4110,2390,1720,377,1091,3019,6.80805381751825,7.21577824267782,6.24150650581395,6.34068965517241,6.7818900091659,6.81750884067572,189
"188",2017,6,5.92307692307692,13,6.25,5.4,4,6,5.90909090909091,8,5,2,2,11,4123,2398,1725,379,1093,3030,6.80526344651952,7.21255629691409,6.23906735652174,6.32833773087071,6.7804592863678,6.81421095379538,190
"189",2017,7,7.16666666666667,12,7.58333333333333,6.75,5,6,7.4,6,6,1,2,10,4135,2404,1731,380,1095,3040,6.80631225876662,7.21348169717138,6.24083835355286,6.32484210526316,6.77903378995434,6.81613789144737,191
"190",2017,8,6.42777777777778,18,6.1,6.8375,7,NA,6.42777777777778,10,8,1,0,18,4153,2414,1739,381,1095,3058,6.8046716084758,7.20886909693455,6.24358320299023,6.32661417322835,6.77903378995434,6.81385192609549,192
"191",2017,9,6.69090909090909,22,7.53846153846154,5.46666666666667,6.2,8.16666666666667,6.45789473684211,13,9,1,3,19,4175,2427,1748,382,1098,3077,6.80407214131736,7.21063452822415,6.23958306064073,6.32628272251309,6.78282513661202,6.81165394540137,193
"192",2017,10,6.98461538461538,13,7.71428571428571,6.13333333333333,5.4,NA,6.98461538461538,7,6,2,0,13,4188,2434,1754,384,1098,3090,6.80463256685769,7.21208299096138,6.23921960661346,6.32145833333333,6.78282513661202,6.81238161488673,194
"193",2017,11,6.94444444444444,27,6.89285714285714,7,6,6.7,7,14,13,2,5,22,4215,2448,1767,386,1103,3112,6.80552815895611,7.21025735294118,6.244816745897,6.31979274611399,6.78244968268359,6.8137079659383,195
"194",2017,12,6.39814814814815,27,7.296875,5.09090909090909,5,4.54166666666667,6.92857142857143,16,11,2,6,21,4242,2464,1778,388,1109,3133,6.80293521687883,7.2108198051948,6.23767783464567,6.31298969072165,6.77032642019838,6.81447787743377,196
"195",2018,1,7.00416666666667,24,7.17222222222222,6.5,6,6.75,7.08888888888889,18,6,1,6,18,4266,2482,1784,389,1115,3151,6.8040673206751,7.21053988718775,6.23856008408072,6.31218508997429,6.77021704035875,6.8160454427166,197
"196",2018,2,6.67857142857143,14,7.08333333333333,6.375,5.66666666666667,5.5,6.875,6,8,3,2,12,4280,2488,1792,392,1117,3163,6.80365682009345,7.21023311897106,6.23916919084822,6.30724489795918,6.76794270367055,6.81626910844135,198
"197",2018,3,5.89285714285714,14,5.8125,6,7,5,6.04166666666667,8,6,1,2,12,4294,2496,1798,393,1119,3175,6.80068728225431,7.2057532051282,6.23837107341491,6.30900763358779,6.76478284182306,6.81334147716536,199
"198",2018,4,6.22222222222222,18,7.0625,5.55,5.16666666666667,6.5,6.11538461538461,8,10,3,5,13,4312,2504,1808,396,1124,3188,6.79827253942486,7.20529552715655,6.23456371128319,6.30035353535354,6.76360498220641,6.8104953544542,200
"199",2018,5,7,9,7.66666666666667,5.66666666666667,5,8,6.875,6,3,1,1,8,4321,2510,1811,397,1125,3196,6.79869270770655,7.2063984063745,6.23362296521259,6.29707808564232,6.764704,6.81065681789737,201
"200",2018,6,7.30555555555556,9,7.10714285714286,8,NA,5.5,7.53125,7,2,0,1,8,4330,2517,1813,397,1126,3204,6.79974623325635,7.20612236789829,6.23557153337011,6.29707808564232,6.76358081705151,6.81245605181024,202
"201",2018,7,7.14888888888889,9,7.1675,7,NA,7.33333333333333,7.05666666666667,8,1,0,3,6,4339,2525,1814,397,1129,3210,6.8004704286702,7.206,6.235992938258,6.29707808564232,6.76509477413641,6.81291252024922,203
"202",2018,8,6.15625,16,6.92857142857143,5.55555555555556,6.25,7,6.03571428571429,7,9,4,2,14,4355,2532,1823,401,1131,3224,6.79810360275545,7.20523301737757,6.23263367526056,6.29660847880299,6.76551016799293,6.80953758995037,204
"203",2018,9,7.81818181818182,11,8.16666666666667,7.4,7,8,7.77777777777778,6,5,1,2,9,4366,2538,1828,402,1133,3233,6.80067365781035,7.20750591016548,6.23582669037199,6.29835820895522,6.76768932038835,6.81223296937829,205
"204",2018,10,6.96153846153846,13,7.1875,6.6,7.5,8.33333333333333,6.55,8,5,2,3,10,4379,2546,1833,404,1136,3243,6.80115121945649,7.2074430479183,6.23682007092199,6.30430693069307,6.77182394366197,6.81142435707678,206
"205",2018,11,6.72727272727273,22,7.07142857142857,6.125,6,7.33333333333333,6.63157894736842,14,8,1,3,19,4401,2560,1841,405,1139,3262,6.80078191092933,7.20669921875,6.23633416078219,6.30355555555556,6.77330289727832,6.81037682096873,207
"206",2018,12,6.525,16,7.45,5.6,5.7,6.66666666666667,6.49230769230769,8,8,4,3,13,4417,2568,1849,409,1142,3275,6.79978292732624,7.20745716510903,6.2335809572742,6.29765281173594,6.77302276707531,6.80911425648855,208
"207",2019,1,6.84166666666667,30,7.08461538461538,6.65588235294118,6.6875,6.73333333333333,6.86875,13,17,4,6,24,4447,2581,1866,413,1148,3299,6.80006548009894,7.20683843471523,6.23742829046088,6.30142857142857,6.77281533101045,6.80954810245529,209
"208",2019,2,7.58333333333333,18,7.5,7.75,6.5,7.25,7.67857142857143,12,6,2,4,14,4465,2593,1872,415,1152,3313,6.80322311086226,7.20819514076359,6.2422762767094,6.30238554216868,6.77447222222222,6.81322040144884,210
"209",2019,3,6.525,12,6.63333333333333,6.41666666666667,NA,7.25,6.38,6,6,0,2,10,4477,2599,1878,415,1154,3323,6.80247737100737,7.20686802616391,6.24283343450479,6.30238554216868,6.77529636048527,6.81191669876618,211
"210",2019,4,7.2,16,7.55555555555556,6.74285714285714,6,8,7.14666666666667,9,7,1,1,15,4493,2608,1885,416,1155,3338,6.80389298686846,7.2080713190184,6.24469028647215,6.30165865384615,6.77635670995671,6.8134209676453,212
"211",2019,5,7,15,7.55,5.9,4.66666666666667,6,7.15384615384615,10,5,3,2,13,4508,2618,1890,419,1157,3351,6.80454551685892,7.20937738731856,6.24377840740741,6.2899522673031,6.775014693172,6.81474162638019,213
"212",2019,6,6.47222222222222,18,6.73076923076923,5.8,5,NA,6.47222222222222,13,5,1,0,18,4526,2631,1895,420,1157,3369,6.80322385992046,7.20701254275941,6.24260748812665,6.28688095238095,6.775014693172,6.81291160284951,214
"213",2019,7,6.65180952380952,21,6.9288,6.4,NA,6.5,6.6594,10,11,0,1,20,4547,2641,1906,420,1158,3389,6.80252456344842,7.20595910639909,6.24351583945436,6.28688095238095,6.77477720207254,6.8120056624373,215
"214",2019,8,6.18695652173913,23,6.475,6.03333333333333,5.8,6.5,6.17272727272727,8,15,5,1,22,4570,2649,1921,425,1159,3411,6.79942651859956,7.20375160437901,6.24187464341489,6.28115294117647,6.77454012079379,6.80788249486954,216
"215",2019,9,6.96909090909091,22,7.52666666666667,6.3,6.4,6.33333333333333,7.06947368421053,12,10,5,3,19,4592,2661,1931,430,1162,3430,6.8002393706446,7.20520781661029,6.24217565510098,6.28253488372093,6.77340103270224,6.80933154227405,217
"216",2019,10,6.66217391304348,23,7.082,5.875,5.8,6.11666666666667,6.744,15,8,5,3,20,4615,2676,1939,435,1165,3450,6.79955128710726,7.20451718983557,6.24066074780815,6.27698850574713,6.77170987124464,6.80895280869565,218
"217",2019,11,6.48620689655172,29,6.88823529411765,5.91666666666667,5,NA,6.48620689655172,17,12,1,0,29,4644,2693,1951,436,1165,3479,6.79759457149009,7.20252060898626,6.2386679600205,6.27405963302752,6.77170987124464,6.80626248634665,219
"218",2019,12,7.04166666666667,12,7.375,6.375,6,7.5,6.95,8,4,1,2,10,4656,2701,1955,437,1167,3489,6.79822362328178,7.20303146982599,6.23894690025576,6.27343249427918,6.77295801199658,6.80667445973058,220
"219",2020,1,6.70434782608696,23,7.59090909090909,5.89166666666667,5,5.5,6.81904761904762,11,12,1,2,21,4679,2712,1967,438,1169,3510,6.79776216926693,7.20460471976401,6.23682826131164,6.27052511415525,6.77078015397776,6.80674848717949,221
"220",2020,2,6.935,20,7.01818181818182,6.83333333333333,6.25,6.25,7.01111111111111,11,9,2,2,18,4699,2723,1976,440,1171,3528,6.79834628431581,7.20385163422695,6.23954513663968,6.27043181818182,6.76989069171648,6.80779115362812,222
"221",2020,3,7.27380952380952,21,8.03846153846154,6.03125,6.5,7.33333333333333,7.26388888888889,13,8,2,3,18,4720,2736,1984,442,1174,3546,6.80046169279661,7.20781725146199,6.23870523689516,6.2714705882353,6.77133049403748,6.81010637055838,223
"222",2020,4,7.26818181818182,22,7.34705882352941,7,6.5,9,7.18571428571429,17,5,2,1,21,4742,2753,1989,444,1175,3567,6.80263163011387,7.20867707954958,6.24061899949724,6.2725,6.77322723404256,6.81231768713204,224
"223",2020,5,6.66263157894737,19,6.55,6.78777777777778,6.3,7,6.62294117647059,10,9,3,2,17,4761,2763,1998,447,1177,3584,6.80207292375551,7.20629315960912,6.24308367867868,6.27268456375839,6.77361257434155,6.81141941685268,225
"224",2020,6,7.23529411764706,17,7.36363636363636,7,6.5,NA,7.23529411764706,11,6,2,0,17,4778,2774,2004,449,1177,3601,6.8036143135203,7.20691708723864,6.24534989520958,6.27369710467706,6.77361257434155,6.81342049153013,226
"225",2020,7,6.89285714285714,14,7.04545454545455,6.33333333333333,7,NA,6.89285714285714,11,3,1,0,14,4792,2785,2007,450,1177,3615,6.80387503964941,7.20627935368043,6.24548141006477,6.27531111111111,6.77361257434155,6.81372813001383,227
"226",2020,8,6.56428571428571,14,6.4,6.975,5,6.5,6.575,10,4,1,2,12,4806,2795,2011,451,1179,3627,6.80317710986267,7.2033946332737,6.24693246643461,6.27248337028825,6.77314843087362,6.81293829335539,228
"227",2020,9,6.81,20,6.70769230769231,7,NA,7.1,6.77777777777778,13,7,0,2,18,4826,2808,2018,451,1181,3645,6.80320538541235,7.20109971509971,6.24954469276512,6.27248337028825,6.77370194750212,6.8127646611797,229
"228",2020,10,7.085,20,7.87,6.3,6.5,6.83333333333333,7.12941176470588,10,10,4,3,17,4846,2818,2028,455,1184,3662,6.80436838423442,7.2034733853797,6.24979348619329,6.27448351648352,6.77385304054054,6.81423462315675,230
"229",2020,11,6.69545454545455,22,6.8625,6.25,7,7.3,6.66666666666667,16,6,1,1,21,4868,2834,2034,456,1185,3683,6.80387616885784,7.20154834156669,6.24979409537857,6.27607456140351,6.7742970464135,6.81339320934021,231
"230",2020,12,6.97058823529412,17,7.25,6.3,6,7.5,6.6,12,5,4,7,10,4885,2846,2039,460,1192,3693,6.80445633367451,7.20175263527758,6.24991720941638,6.27367391304348,6.77855872483222,6.81281537774167,232
"231",2021,1,6.72758620689655,29,7.075,5.95555555555556,6,7.33333333333333,6.65769230769231,20,9,1,3,26,4914,2866,2048,461,1195,3719,6.80400268416768,7.20086810886252,6.24862362792969,6.27308026030369,6.77995146443515,6.8117308927131,233
"232",2021,2,6.824166875,16,7.01697,6.4,6,NA,6.824166875,11,5,1,0,16,4930,2877,2053,462,1195,3735,6.80406812576065,7.20016498783455,6.24899229907453,6.27248917748918,6.77995146443515,6.81178416599732,234
"233",2021,3,6.41578947368421,19,6.53571428571429,6.08,6.5,NA,6.41578947368421,14,5,1,0,19,4949,2891,2058,463,1195,3754,6.80257746211356,7.19694730888966,6.24858172497571,6.27298056155508,6.77995146443515,6.80977993074054,235
"234",2021,4,6.69285714285714,14,6.77,6.5,7,5,6.82307692307692,10,4,2,1,13,4963,2901,2062,465,1196,3767,6.80226795486601,7.19547558428128,6.24906944228904,6.27610752688172,6.77846321070234,6.80982581895408,236
"235",2021,5,7.2,10,6.85714285714286,8,NA,NA,7.2,7,3,0,0,10,4973,2908,2065,465,1196,3777,6.80306773778403,7.19466116574965,6.25161316707022,6.27610752688172,6.77846321070234,6.81085884564469,237
"236",2021,6,6.48,5,6.8,6,NA,6.9,6.375,3,2,0,1,4,4978,2911,2067,465,1197,3781,6.80274324226597,7.19425443833734,6.25136970972424,6.27610752688172,6.77856474519633,6.81039774133827,238
"237",2021,7,6.75,12,7.33333333333333,6.55555555555556,6,6.75,6.75,3,9,2,2,10,4990,2914,2076,467,1199,3791,6.80261640480962,7.19439762182567,6.2526884344894,6.27492505353319,6.77851709758132,6.8102384225798,239
"238",2021,8,6.75,16,7.45454545454545,5.2,NA,6,6.85714285714286,11,5,0,2,14,5006,2925,2081,467,1201,3805,6.80244823411905,7.19537595555555,6.25015914944738,6.27492505353319,6.77722064945879,6.81041100131406,240
"239",2021,9,7.09,10,6,7.55714285714286,7,NA,7.09,3,7,1,0,10,5016,2928,2088,468,1201,3815,6.80302150318979,7.19415118510929,6.25454079980843,6.27647435897436,6.77722064945879,6.8111438689384,241
"240",2021,10,8,8,8.4,7.33333333333333,9,8,8,5,3,1,4,4,5024,2933,2091,469,1205,3819,6.80492751990446,7.19620684282305,6.25608856527977,6.28228144989339,6.78127966804979,6.81238907043729,242
"241",2021,11,7.30952380952381,21,8,6.1875,NA,7.75,7.26315789473684,13,8,0,2,19,5045,2946,2099,469,1207,3838,6.80702792071358,7.1997537915818,6.2558271510243,6.28228144989339,6.78288483844242,6.81462059927046,243
"242",2021,12,6.325,20,7.45,5.2,4.66666666666667,5,6.55882352941176,10,10,3,3,17,5065,2956,2109,472,1210,3855,6.80512455281342,7.20060036197564,6.25082085822665,6.27201271186441,6.77846446280992,6.81349257068742,244
"243",2022,1,6.55862068965517,29,6.94736842105263,5.82,5.66666666666667,6,6.62307692307692,19,10,6,3,26,5094,2975,2119,478,1213,3881,6.80372121319199,7.19898308235294,6.24878772534214,6.26441422594142,6.77653915910965,6.81221691832002,245
"244",2022,2,7.03333333333333,30,7.64705882352941,6.23076923076923,5.375,7.75,6.98214285714286,17,13,4,2,28,5124,2992,2132,482,1215,3909,6.80506554644808,7.20152896724599,6.2486778564728,6.25703319502075,6.77814156378601,6.81343409056025,246
"245",2022,3,6.59625,8,7.125,6.0675,4,4.885,7.16666666666667,4,4,1,2,6,5132,2996,2136,483,1217,3915,6.80474003507404,7.20142679238985,6.24833857209738,6.25236024844721,6.77503040262942,6.81397544316731,247
"246",2022,4,6.66666666666667,15,6.81818181818182,6.25,NA,7,6.54545454545455,11,4,0,4,11,5147,3007,2140,483,1221,3926,6.80433764523023,7.20002483205853,6.2483416775701,6.25236024844721,6.77576740376741,6.81322309220581,248
"247",2022,5,6.16666666666667,6,6,7,NA,2,7,5,1,0,1,5,5153,3012,2141,483,1222,3931,6.80359516010091,7.19803275896414,6.24869275572163,6.25236024844721,6.77185924713585,6.81346066140931,249
"248",2022,6,6.975,12,7.75,6.5875,6.2,5.5,7.27,4,8,1,2,10,5165,3016,2149,484,1224,3941,6.80399339012584,7.19876481100796,6.24995402047464,6.2522520661157,6.76978104575164,6.81461909667597,250
"249",2022,7,7.05,7,8,6.3375,5,8,6.67,3,4,1,2,5,5172,3019,2153,485,1226,3946,6.80432634570765,7.19956100364359,6.25011666976312,6.24967010309278,6.77178792822186,6.81443584896097,251
"250",2022,8,6.91666666666667,12,6.42857142857143,7.6,6,NA,6.91666666666667,7,5,2,0,12,5184,3026,2158,487,1226,3958,6.80458639274691,7.19777748512888,6.25324429564412,6.24864476386037,6.77178792822186,6.81474579585649,252
"251",2022,9,7,6,7,7,NA,NA,7,4,2,0,0,6,5190,3030,2160,487,1226,3964,6.80481230443159,7.19751639273927,6.25393573611111,6.24864476386037,6.77178792822186,6.81502620080727,253
"252",2022,10,7.16666666666667,6,7.5,6.5,6,6,7.4,4,2,1,1,5,5196,3034,2162,488,1227,3969,6.80523015011547,7.19791518457482,6.2541633626272,6.24813524590164,6.77115892420538,6.8157631292517,254
"253",2022,11,6.64166666666667,12,6.66666666666667,6.63333333333333,6.5,6.5,6.67,3,9,2,2,10,5208,3037,2171,490,1229,3979,6.80485327572964,7.19739040829766,6.2557352326117,6.24916326530612,6.77071765663141,6.8153967981905,255
"254",2022,12,6.29333333333333,15,6.58181818181818,5.5,5.5,7.5,6.10769230769231,11,4,2,2,13,5223,3048,2175,492,1231,3992,6.80338423511391,7.19516885498688,6.25434537471265,6.24611788617886,6.77190251827783,6.8130921492986,256
