"","year","month","avg_rating","no_ratings","avg_rating_owned","avg_rating_not_owned","avg_rating_prev_owned","avg_rating_comment","avg_rating_no_comment","no_ratings_owned","no_ratings_not_owned","no_ratings_prev_owned","no_ratings_comment","no_ratings_no_comment","cum_no_ratings","cum_no_ratings_owned","cum_no_ratings_not_owned","cum_no_ratings_prev_owned","cum_no_ratings_comment","cum_no_ratings_no_comment","cum_avg_rating","cum_avg_rating_owned","cum_avg_rating_not_owned","cum_avg_rating_prev_owned","cum_avg_rating_comment","cum_avg_rating_no_comment","month_after_release"
"1",2001,6,7.27272727272727,11,7.5,6.66666666666667,NA,9,6.88888888888889,8,3,0,2,9,11,8,3,0,2,9,7.27272727272727,7.5,6.66666666666667,NA,9,6.88888888888889,0
"2",2001,7,8.5,4,8.5,NA,NA,9.5,7.5,4,0,0,2,2,15,12,3,0,4,11,7.6,7.83333333333333,6.66666666666667,NA,9.25,7,1
"3",2001,8,7.44444444444444,9,7.83333333333333,6.66666666666667,NA,8,7.28571428571429,6,3,0,2,7,24,18,6,0,6,18,7.54166666666667,7.83333333333333,6.66666666666667,NA,8.83333333333333,7.11111111111111,2
"4",2001,9,7,2,4,10,NA,NA,7,1,1,0,0,2,26,19,7,0,6,20,7.5,7.63157894736842,7.14285714285714,NA,8.83333333333333,7.1,3
"5",2001,10,7.85,10,8.21428571428571,7,6,6.5,8.1875,7,3,1,2,8,36,26,10,1,8,28,7.59722222222222,7.78846153846154,7.1,6,8.25,7.41071428571429,4
"6",2001,11,7.625,8,7.57142857142857,8,8,7.5,7.75,7,1,1,4,4,44,33,11,2,12,32,7.60227272727273,7.74242424242424,7.18181818181818,7,8,7.453125,5
"7",2001,12,8.66666666666667,3,8.66666666666667,NA,NA,10,8,3,0,0,1,2,47,36,11,2,13,34,7.67021276595745,7.81944444444444,7.18181818181818,7,8.15384615384615,7.48529411764706,6
"8",2002,1,8.4,5,9,7.5,NA,NA,8.4,3,2,0,0,5,52,39,13,2,13,39,7.74038461538461,7.91025641025641,7.23076923076923,7,8.15384615384615,7.6025641025641,7
"9",2002,2,8.625,4,8.5,9,NA,9,8.5,3,1,0,1,3,56,42,14,2,14,42,7.80357142857143,7.95238095238095,7.35714285714286,7,8.21428571428571,7.66666666666667,8
"10",2002,3,8,7,8,NA,NA,10,7.66666666666667,7,0,0,1,6,63,49,14,2,15,48,7.82539682539683,7.95918367346939,7.35714285714286,7,8.33333333333333,7.66666666666667,9
"11",2002,4,8.5,2,8.5,NA,NA,NA,8.5,2,0,0,0,2,65,51,14,2,15,50,7.84615384615385,7.98039215686275,7.35714285714286,7,8.33333333333333,7.7,10
"12",2002,5,7.33333333333333,3,7.5,7,NA,7,7.5,2,1,0,1,2,68,53,15,2,16,52,7.82352941176471,7.9622641509434,7.33333333333333,7,8.25,7.69230769230769,11
"13",2002,6,7.14285714285714,7,8,6,NA,8,6.8,4,3,0,2,5,75,57,18,2,18,57,7.76,7.96491228070175,7.11111111111111,7,8.22222222222222,7.6140350877193,12
"14",2002,7,7.6,10,7.75,7,NA,8.33333333333333,7.28571428571429,8,2,0,3,7,85,65,20,2,21,64,7.74117647058824,7.93846153846154,7.1,7,8.23809523809524,7.578125,13
"15",2002,8,8.28571428571429,14,8.41666666666667,7.5,NA,8.66666666666667,8.18181818181818,12,2,0,3,11,99,77,22,2,24,75,7.81818181818182,8.01298701298701,7.13636363636364,7,8.29166666666667,7.66666666666667,14
"16",2002,9,8,7,8.16666666666667,7,NA,8.5,7.8,6,1,0,2,5,106,83,23,2,26,80,7.83018867924528,8.02409638554217,7.1304347826087,7,8.30769230769231,7.675,15
"17",2002,10,6.66666666666667,6,7.33333333333333,6,3,7.5,6.25,3,3,1,2,4,112,86,26,3,28,84,7.76785714285714,8,7,5.66666666666667,8.25,7.60714285714286,16
"18",2002,11,7.67857142857143,14,8.4,5.875,NA,8.16666666666667,7.3125,10,4,0,6,8,126,96,30,3,34,92,7.75793650793651,8.04166666666667,6.85,5.66666666666667,8.23529411764706,7.58152173913043,17
"19",2002,12,7.70833333333333,12,8.15,5.5,NA,7.3,8,10,2,0,5,7,138,106,32,3,39,99,7.7536231884058,8.05188679245283,6.765625,5.66666666666667,8.11538461538462,7.61111111111111,18
"20",2003,1,7.96153846153846,13,7.95833333333333,8,NA,8.5,7.86363636363636,12,1,0,2,11,151,118,33,3,41,110,7.77152317880795,8.04237288135593,6.8030303030303,5.66666666666667,8.13414634146342,7.63636363636364,19
"21",2003,2,7.5,12,7.5,7.5,7,8.66666666666667,7.11111111111111,8,4,1,3,9,163,126,37,4,44,119,7.75153374233129,8.00793650793651,6.87837837837838,6,8.17045454545454,7.59663865546218,20
"22",2003,3,7.2,10,7.375,6.5,NA,7,7.4,8,2,0,5,5,173,134,39,4,49,124,7.71965317919075,7.97014925373134,6.85897435897436,6,8.05102040816327,7.58870967741935,21
"23",2003,4,7.5,14,7.5,7.5,NA,8.1,7.16666666666667,13,1,0,5,9,187,147,40,4,54,133,7.70320855614973,7.92857142857143,6.875,6,8.05555555555556,7.56015037593985,22
"24",2003,5,7.4,10,7.125,8.5,NA,6.5,8,8,2,0,4,6,197,155,42,4,58,139,7.68781725888325,7.88709677419355,6.95238095238095,6,7.94827586206897,7.57913669064748,23
"25",2003,6,7.70714285714286,14,8.84285714285714,6.57142857142857,6,7.725,7.7,7,7,1,4,10,211,162,49,5,62,149,7.68909952606635,7.9283950617284,6.89795918367347,6,7.93387096774194,7.58724832214765,24
"26",2003,7,7.10204081632653,49,7.66666666666667,5.53846153846154,2,7.25,7.05405405405405,36,13,1,12,37,260,198,62,6,74,186,7.57846153846154,7.88080808080808,6.61290322580645,5.33333333333333,7.82297297297297,7.48118279569892,25
"27",2003,8,7.5,19,8.17857142857143,5.6,4,7.41666666666667,7.53846153846154,14,5,1,6,13,279,212,67,7,80,199,7.57311827956989,7.90047169811321,6.53731343283582,5.14285714285714,7.7925,7.48492462311558,26
"28",2003,9,6.65,10,8.2,5.1,7,5.83333333333333,7,5,5,1,3,7,289,217,72,8,83,206,7.54117647058824,7.9073732718894,6.4375,5.375,7.72168674698795,7.46844660194175,27
"29",2003,10,7.79411764705882,17,8.45833333333333,6.2,NA,8,7.73076923076923,12,5,0,4,13,306,229,77,8,87,219,7.55522875816994,7.93624454148472,6.42207792207792,5.375,7.73448275862069,7.48401826484018,28
"30",2003,11,7.75,8,8,7.33333333333333,NA,7,8.2,5,3,0,3,5,314,234,80,8,90,224,7.56019108280255,7.93760683760684,6.45625,5.375,7.71,7.5,29
"31",2003,12,7.925,20,8.375,6.125,NA,8.14285714285714,7.80769230769231,16,4,0,7,13,334,250,84,8,97,237,7.58203592814371,7.9656,6.44047619047619,5.375,7.74123711340206,7.5168776371308,30
"32",2004,1,7.29166666666667,18,7.66071428571429,6,6,7.25,7.325,14,4,1,8,10,352,264,88,9,105,247,7.5671875,7.94943181818182,6.42045454545455,5.44444444444444,7.70380952380952,7.50910931174089,31
"33",2004,2,8.4375,16,8.46153846153846,8.33333333333333,NA,8.8,8.27272727272727,13,3,0,5,11,368,277,91,9,110,258,7.60502717391304,7.97346570397112,6.48351648351648,5.44444444444444,7.75363636363636,7.54166666666667,32
"34",2004,3,7.60526315789474,19,7.90625,6,NA,7.6,7.60714285714286,16,3,0,5,14,387,293,94,9,115,272,7.60503875968992,7.969795221843,6.46808510638298,5.44444444444444,7.74695652173913,7.54503676470588,33
"35",2004,4,7.31428571428571,28,7.54,6.75,NA,7,7.51764705882353,20,8,0,11,17,415,313,102,9,126,289,7.58542168674699,7.94233226837061,6.49019607843137,5.44444444444444,7.68174603174603,7.54342560553633,34
"36",2004,5,7.33333333333333,15,7.7,6.6,6.75,7.83333333333333,7,10,5,2,6,9,430,323,107,11,132,298,7.57662790697674,7.93482972136223,6.49532710280374,5.68181818181818,7.68863636363636,7.52701342281879,35
"37",2004,6,7.7037037037037,27,7.95652173913043,6.25,NA,8.25,7.47368421052632,23,4,0,8,19,457,346,111,11,140,317,7.58413566739606,7.93627167630058,6.48648648648649,5.68181818181818,7.72071428571429,7.52381703470032,36
"38",2004,7,7.45,20,7.75,6.25,5,6.71428571428571,7.84615384615385,16,4,1,7,13,477,362,115,12,147,330,7.57851153039832,7.92803867403315,6.47826086956522,5.625,7.67278911564626,7.53651515151515,37
"39",2004,8,7.1,20,7.78571428571429,5.5,8,6.125,7.75,14,6,1,8,12,497,376,121,13,155,342,7.5592555331992,7.92273936170213,6.4297520661157,5.80769230769231,7.59290322580645,7.54400584795322,38
"40",2004,9,7.125,28,7.70454545454545,5,8,6.83333333333333,7.26315789473684,22,6,1,9,19,525,398,127,14,164,361,7.53609523809524,7.9106783919598,6.36220472440945,5.96428571428571,7.55121951219512,7.5292243767313,39
"41",2004,10,7.59375,32,7.76,7,7.5,7.71875,7.46875,25,7,2,16,16,557,423,134,16,180,377,7.53940754039497,7.90177304964539,6.3955223880597,6.15625,7.56611111111111,7.52665782493369,40
"42",2004,11,7.61538461538461,39,7.90322580645161,6.5,6.5,7.41176470588235,7.77272727272727,31,8,2,17,22,596,454,142,18,197,399,7.54437919463087,7.90187224669604,6.40140845070423,6.19444444444444,7.55279187817259,7.54022556390978,41
"43",2004,12,7.50357142857143,28,7.81818181818182,6.35,7,7.5,7.505,22,6,1,8,20,624,476,148,19,205,419,7.54254807692308,7.89800420168067,6.39932432432432,6.23684210526316,7.55073170731707,7.53854415274463,42
"44",2005,1,7.56041666666667,48,8.22702702702703,5.31818181818182,NA,7.32,7.73214285714286,37,11,0,20,28,672,513,159,19,225,447,7.5438244047619,7.92173489278753,6.32452830188679,6.23684210526316,7.53022222222222,7.5506711409396,43
"45",2005,2,7.60416666666667,24,8.375,6.0625,4,7.22222222222222,7.83333333333333,16,8,1,9,15,696,529,167,20,234,462,7.54590517241379,7.93544423440454,6.31197604790419,6.125,7.51837606837607,7.55984848484849,44
"46",2005,3,8,26,8.19444444444444,7.5625,8.33333333333333,7.9,8.0625,18,8,3,10,16,722,547,175,23,244,478,7.56225761772853,7.94396709323583,6.36914285714286,6.41304347826087,7.53401639344262,7.57667364016736,45
"47",2005,4,6.78571428571429,21,7.53571428571429,5.28571428571429,6,7.71428571428571,6.32142857142857,14,7,1,7,14,743,561,182,24,251,492,7.54030955585464,7.93377896613191,6.32747252747253,6.39583333333333,7.5390438247012,7.54095528455285,46
"48",2005,5,6.73793103448276,29,7.3,5.81818181818182,4,6.76,6.71428571428571,18,11,1,15,14,772,579,193,25,266,506,7.51016839378238,7.91407599309154,6.29844559585492,6.3,7.49511278195489,7.51808300395257,47
"49",2005,6,6.7,26,7.01333333333333,6.27272727272727,7,6.94444444444444,6.57058823529412,15,11,2,9,17,798,594,204,27,275,523,7.48377192982456,7.89132996632997,6.29705882352941,6.35185185185185,7.47709090909091,7.48728489483748,48
"50",2005,7,7.597,50,8.3551282051282,4.90909090909091,6.5,7.37884615384615,7.83333333333333,39,11,2,26,24,848,633,215,29,301,547,7.49044811320755,7.91990521327014,6.22604651162791,6.36206896551724,7.46860465116279,7.50246800731261,49
"51",2005,8,7.38486842105263,76,7.85169491525424,5.76470588235294,6.66666666666667,7.48684210526316,7.28289473684211,59,17,3,38,38,924,692,232,32,339,585,7.48176406926407,7.91408959537572,6.19224137931034,6.390625,7.47064896755162,7.48820512820513,50
"52",2005,9,7.87121212121212,66,8.13636363636364,6.54545454545455,7,7.78571428571429,7.93421052631579,55,11,1,28,38,990,747,243,33,367,623,7.50772727272727,7.93045515394913,6.2082304526749,6.40909090909091,7.49468664850136,7.51540930979133,51
"53",2005,10,7.49603174603175,63,7.78061224489796,6.5,7.5,7.41129032258065,7.578125,49,14,4,31,32,1053,796,257,37,398,655,7.50702754036087,7.92123115577889,6.22412451361868,6.52702702702703,7.48819095477387,7.51847328244275,52
"54",2005,11,7.38545454545455,55,7.86923076923077,6.20625,6.25,7.28965517241379,7.49230769230769,39,16,4,29,26,1108,835,273,41,427,681,7.50099277978339,7.91880239520958,6.22307692307692,6.5,7.47470725995316,7.51747430249633,53
"55",2005,12,7.61475409836066,61,8.03260869565217,6.33333333333333,10,7.76190476190476,7.5375,46,15,1,21,40,1169,881,288,42,448,721,7.50692899914457,7.92474460839955,6.22881944444444,6.58333333333333,7.48816964285714,7.51858529819695,54
"56",2006,1,7.21875,84,7.5377358490566,6.67338709677419,7.359375,7.16776315789474,7.26086956521739,53,31,8,38,46,1253,934,319,50,486,767,7.48760973663208,7.90278372591006,6.27202194357367,6.7075,7.46311728395062,7.50312907431552,55
"57",2006,2,7.26,55,7.84242424242424,6.38636363636364,5.8,7.06206896551724,7.48076923076923,33,22,5,29,26,1308,967,341,55,515,793,7.47803899082569,7.90072388831437,6.27939882697947,6.625,7.44053398058252,7.50239596469105,56
"58",2006,3,7.32708333333333,72,7.55819672131148,6.04545454545455,6,7.39074074074074,7.28888888888889,61,11,1,27,45,1380,1028,352,56,542,838,7.47016304347826,7.88039883268482,6.27208806818182,6.61383928571429,7.43805350553506,7.4909307875895,57
"59",2006,4,7.47272727272727,44,7.71428571428571,6.53333333333333,NA,7.66666666666667,7.33846153846154,35,9,0,18,26,1424,1063,361,56,560,864,7.4702422752809,7.87492944496707,6.27860110803324,6.61383928571429,7.44540178571429,7.48634259259259,58
"60",2006,5,7.75,48,7.94444444444444,7.16666666666667,8,7.68421052631579,7.79310344827586,36,12,1,19,29,1472,1099,373,57,579,893,7.47936480978261,7.87720655141037,6.30717158176944,6.63815789473684,7.45323834196891,7.4963045912654,59
"61",2006,6,7.82222222222222,45,7.97297297297297,7.125,7,8,7.73333333333333,37,8,1,15,30,1517,1136,381,58,594,923,7.48953526697429,7.88032570422535,6.324343832021,6.64439655172414,7.46704545454546,7.50400866738895,60
"62",2006,7,7.39166666666667,78,7.574,7.06607142857143,7.1,7.43064516129032,7.36595744680851,50,28,5,31,47,1595,1186,409,63,625,970,7.48474921630094,7.86741146711636,6.37512224938875,6.68055555555556,7.46524,7.49731958762887,61
"63",2006,8,7.5983606557377,61,8.10714285714286,6.47368421052632,6.75,7.4,7.73611111111111,42,19,4,25,36,1656,1228,428,67,650,1006,7.48893417874396,7.87561074918567,6.3794976635514,6.68470149253731,7.46273076923077,7.5058648111332,62
"64",2006,9,7.38888888888889,54,7.80263157894737,6.40625,6,6.38888888888889,7.88888888888889,38,16,1,18,36,1710,1266,444,68,668,1042,7.48577485380117,7.87342022116904,6.38046171171171,6.67463235294118,7.43379491017964,7.51909788867562,63
"65",2006,10,7.4622641509434,53,7.75,6.73333333333333,6.5,7.28333333333333,7.61034482758621,38,15,3,24,29,1763,1304,459,71,692,1071,7.48506806579694,7.8698236196319,6.39199346405229,6.66725352112676,7.42857658959538,7.52156862745098,64
"66",2006,11,7.41154929577465,71,7.82490566037736,6.19444444444444,6.625,7.09217391304348,7.56458333333333,53,18,4,23,48,1834,1357,477,75,715,1119,7.48222191930207,7.86806927044952,6.38453878406709,6.665,7.41775524475525,7.52341376228776,65
"67",2006,12,7.27403846153846,104,7.64285714285714,6.22222222222222,6.4,7,7.39041095890411,77,27,5,31,73,1938,1434,504,80,746,1192,7.47105005159959,7.85597629009763,6.37584325396825,6.6484375,7.40039544235925,7.51526845637584,66
"68",2007,1,7.11574803149606,127,7.5,6.14444444444444,7.5,6.96595744680851,7.20375,91,36,7,47,80,2065,1525,540,87,793,1272,7.4491985472155,7.83473442622951,6.36041666666667,6.71695402298851,7.37464691046658,7.49567610062893,67
"69",2007,2,6.99502134831461,89,7.4625,5.798276,6,6.88928571428571,7.04355573770492,64,25,6,28,61,2154,1589,565,93,821,1333,7.4304326369545,7.81974197608559,6.33554318584071,6.67069892473118,7.35809378806334,7.4749864216054,68
"70",2007,3,7.25081333333333,75,7.5243275862069,6.31764705882353,6.8,7.23795833333333,7.25686274509804,58,17,5,24,51,2229,1647,582,98,845,1384,7.42438891879767,7.80933879781421,6.33502044673539,6.67729591836735,7.35468165680474,7.46694862716763,69
"71",2007,4,7.21179775280899,89,7.76416666666667,6.06896551724138,6.5,6.64259259259259,7.45967741935484,60,29,2,27,62,2318,1707,611,100,872,1446,7.41622644521139,7.80775102519039,6.32239263502455,6.67375,7.33263302752294,7.46663686030429,70
"72",2007,5,7.18974358974359,78,7.612,6.43571428571429,6.5,7.04782608695652,7.24909090909091,50,28,4,23,55,2396,1757,639,104,895,1501,7.40885346410684,7.80218042117245,6.32735821596244,6.66706730769231,7.32531396648045,7.45866548967355,71
"73",2007,6,7.79189189189189,74,7.97627118644068,7.06666666666667,NA,7.77727272727273,7.79807692307692,59,15,0,22,52,2470,1816,654,104,917,1553,7.42032910931174,7.80783645374449,6.34431483180428,6.66706730769231,7.33615703380589,7.47003019961365,72
"74",2007,7,7.36764705882353,85,7.67796610169492,6.66346153846154,6.7,7.28030303030303,7.42307692307692,59,26,5,33,52,2555,1875,680,109,950,1605,7.41857647749511,7.80374986666667,6.3565175,6.66857798165138,7.33421684210527,7.46850897196262,73
"75",2007,8,7.5,80,7.81896551724138,6.65909090909091,7.5,7.16666666666667,7.7,58,22,4,30,50,2635,1933,702,113,980,1655,7.42104853889943,7.80420641489912,6.36599985754986,6.69800884955752,7.32908775510204,7.47550265861027,74
"76",2007,9,7.24428571428571,70,7.50212765957447,6.71739130434783,6.625,7.116,7.31555555555556,47,23,4,25,45,2705,1980,725,117,1005,1700,7.41647426987061,7.79703585858586,6.37714744827586,6.69551282051282,7.32378706467662,7.47126876470588,75
"77",2007,10,7.50866071428571,112,7.86649350649351,6.72142857142857,8.25,7.63882352941176,7.45192307692308,77,35,4,34,78,2817,2057,760,121,1039,1778,7.42013947461839,7.79963587749149,6.3930025,6.74690082644628,7.33409624639076,7.47042007874016,76
"78",2007,11,7.13842975206612,121,7.43269230769231,6.6046511627907,6.55555555555556,7.22555555555556,7.08684210526316,78,43,9,45,76,2938,2135,803,130,1084,1854,7.40853740639891,7.7862299765808,6.40433611457036,6.73365384615385,7.32959040590406,7.45469627831715,77
"79",2007,12,7.39732142857143,112,7.65696202531646,6.77575757575758,7.16666666666667,7.52222222222222,7.3134328358209,79,33,6,45,67,3050,2214,836,136,1129,1921,7.4081255409836,7.78161743450768,6.41899748803828,6.75275735294118,7.33726837909655,7.449769338886,78
"80",2008,1,7.06692307692308,130,7.56626506024096,6.18510638297872,7.45454545454545,6.81774193548387,7.29411764705882,83,47,11,62,68,3180,2297,883,147,1191,1989,7.39417701257861,7.77383587287767,6.40654801812004,6.80527210884354,7.31022334172964,7.44444791352439,79
"81",2008,2,7.44764705882353,85,7.79553571428571,6.77586206896552,6.92857142857143,7.2671875,7.55660377358491,56,29,7,32,53,3265,2353,912,154,1223,2042,7.39556903522205,7.7743523161921,6.41829155701754,6.81087662337662,7.30909730171709,7.44735891283056,80
"82",2008,3,7.31398305084746,118,7.71948051948052,6.55243902439024,7.75,7.28783783783784,7.32592592592593,77,41,4,37,81,3383,2430,953,158,1260,2123,7.39272329293526,7.77261358024692,6.4240628541448,6.83465189873418,7.30847301587302,7.44272581252944,81
"83",2008,4,7.28372093023256,86,7.4,7.04285714285714,7.42857142857143,7.18518518518519,7.32881355932203,58,28,7,27,59,3469,2488,981,165,1287,2182,7.39002101470164,7.76392725080386,6.4417246687054,6.85984848484848,7.30588655788656,7.43964569202566,82
"84",2008,5,7.27349397590361,83,7.63396226415094,6.63666666666667,6.85714285714286,7.11428571428571,7.38958333333333,53,30,7,35,48,3552,2541,1011,172,1322,2230,7.38729811373874,7.76121645021645,6.44750929772502,6.85973837209302,7.3008139183056,7.43856811659193,83
"85",2008,6,7.33671232876712,73,7.76190476190476,6.76064516129032,6.4,7.485,7.24444444444444,42,31,5,28,45,3625,2583,1042,177,1350,2275,7.38627942068965,7.76122764227642,6.45682523992322,6.84675141242938,7.30463407407407,7.43472830769231,84
"86",2008,7,6.88511111111111,90,7.35207547169811,6.21621621621622,5.86363636363636,7.00432432432432,6.80188679245283,53,37,11,37,53,3715,2636,1079,188,1387,2328,7.37413806191117,7.75300113808801,6.44857451343837,6.78922872340426,7.29662292718097,7.42032083333333,85
"87",2008,8,6.8615625,96,7.29591836734694,6.40872340425532,6.1,6.52941176470588,7.04370967741936,49,47,20,34,62,3811,2685,1126,208,1421,2390,7.36122616111257,7.74465959031657,6.44691110124334,6.72295673076923,7.27826600985222,7.4105510041841,86
"88",2008,9,7.27001052631579,95,7.81101694915254,6.38336111111111,6.2063125,7.17438461538462,7.33660714285714,59,36,16,39,56,3906,2744,1162,224,1460,2446,7.35900765488991,7.74608637026239,6.44494225473322,6.68605357142857,7.27549109589041,7.40885809484873,87
"89",2008,10,7.17654320987654,81,7.63703703703704,6.25555555555556,6.3125,6.7304347826087,7.35344827586207,54,27,8,23,58,3987,2798,1189,232,1483,2504,7.35530070228242,7.74398177269478,6.44064163162321,6.6731724137931,7.26703776129467,7.40757464057508,88
"90",2008,11,7.14270833333333,96,7.73833333333333,6.15,5.25,6.75714285714286,7.30147058823529,60,36,4,28,68,4083,2858,1225,236,1511,2572,7.35030220426157,7.74386319104269,6.43210032653061,6.64905084745763,7.25758901389808,7.40476940124417,89
"91",2008,12,7.12786885245902,122,7.515,6.60673076923077,6.75,6.84615384615385,7.26024096385542,70,52,14,39,83,4205,2928,1277,250,1550,2655,7.34384872770511,7.73839173497268,6.43921135473767,6.654704,7.24723677419355,7.40025118644068,90
"92",2009,1,7.35592105263158,152,7.74903846153846,6.50416666666667,6.46428571428571,7.11914893617021,7.46190476190476,104,48,14,47,105,4357,3032,1325,264,1597,2760,7.34426988753729,7.73875692612137,6.44156445283019,6.64460606060606,7.24346712586099,7.40259670289855,91
"93",2009,2,7.14392523364486,214,7.60972222222222,6.66933962264151,6.39333333333333,7.31707317073171,7.1028901734104,108,106,15,41,173,4571,3140,1431,279,1638,2933,7.33489037409757,7.73431878980892,6.45843668763103,6.63109677419355,7.24530952380952,7.38491882032049,92
"94",2009,3,7.09162303664921,191,7.61666666666667,6.62376237623762,6.32352941176471,7.17692307692308,7.06973684210526,90,101,17,39,152,4762,3230,1532,296,1677,3085,7.32513311633767,7.73104055727554,6.46933609660574,6.61343243243243,7.24371914132379,7.36938959481361,93
"95",2009,4,7.07449197860963,187,7.60546391752577,6.50222222222222,6.23076923076923,7.01659090909091,7.09230769230769,97,90,13,44,143,4949,3327,1622,309,1721,3228,7.31566253788644,7.72737932070935,6.47116085080148,6.59733333333333,7.23791226031377,7.35711490086741,94
"96",2009,5,7.0659375,160,7.813125,6.31875,6.27777777777778,6.80789473684211,7.14631147540984,80,80,18,38,122,5109,3407,1702,327,1759,3350,7.30784182814641,7.7293927208688,6.46399700352526,6.57974311926606,7.22862251279136,7.34943788059701,95
"97",2009,6,7.01978417266187,139,7.4719696969697,6.61095890410959,6.93636363636364,7.18275862068965,6.97681818181818,66,73,11,29,110,5248,3473,1775,338,1788,3460,7.30021225228658,7.72450071983876,6.47004107042254,6.59134911242604,7.22787863534676,7.33759158959537,96
"98",2009,7,6.79072847682119,151,7.4,6.33023255813954,6.11666666666667,6.23846153846154,6.9056,65,86,18,26,125,5399,3538,1861,356,1814,3585,7.28596293758103,7.71853900508762,6.46358027941967,6.56734831460674,7.213697353914,7.32252912133891,97
"99",2009,8,7.15491803278689,122,7.45645161290323,6.84333333333333,7.42307692307692,6.8125,7.23877551020408,62,60,13,24,98,5521,3600,1921,369,1838,3683,7.28306717985872,7.71402527777778,6.47544138469547,6.59749593495935,7.20845865070729,7.32030054303557,98
"100",2009,9,7.2251048951049,143,7.81493506493506,6.5369696969697,6.78125,7.10576923076923,7.25162393162393,77,66,16,26,117,5664,3677,1987,385,1864,3800,7.28160379590396,7.71613842806636,6.47748510317061,6.60513246753247,7.20702628755365,7.31818602631579,99
"101",2009,10,7.06320754716981,159,7.87117647058824,6.13513513513514,5.66666666666667,7.07058823529412,7.0612,85,74,9,34,125,5823,3762,2061,394,1898,3925,7.27564037437747,7.71964141414141,6.46519306162057,6.58369543147208,7.20458219178082,7.31000175796178,100
"102",2009,11,6.94992857142857,140,7.65347826086956,6.26619718309859,6.1,6.75585365853659,7.03030303030303,69,71,17,41,99,5963,3831,2132,411,1939,4024,7.26799327519705,7.71844975202297,6.45856608818011,6.56368856447689,7.19509386281588,7.30312050198807,101
"103",2009,12,7.01293103448276,174,7.56084337349398,6.51318681318681,6.87941176470588,6.85526315789474,7.05698529411765,83,91,17,38,136,6137,3914,2223,428,1977,4160,7.26076159361252,7.71510756259581,6.4608020242915,6.57622897196262,7.18856196256955,7.29507377403846,102
"104",2010,1,7.11086956521739,207,7.66836734693878,6.60963302752294,6.616,7.005,7.14458598726115,98,109,25,50,157,6344,4012,2332,453,2027,4317,7.25587072824716,7.71396585244267,6.46775853344769,6.5784238410596,7.18403404045387,7.28960085707667,103
"105",2010,2,7.25106382978723,141,7.76710526315789,6.64769230769231,6.85333333333333,7.603125,7.14770642201835,76,65,15,32,109,6485,4088,2397,468,2059,4426,7.25576621434079,7.71495376712329,6.47263783896538,6.58723504273504,7.19054735308402,7.28610639403525,104
"106",2010,3,7.23295454545455,132,7.66038961038961,6.63454545454545,7.75,7.63333333333333,7.11519607843137,77,55,8,30,102,6617,4165,2452,476,2089,4528,7.25531115309052,7.7139450180072,6.47626953507341,6.60677731092437,7.19690617520345,7.28225638250883,105
"107",2010,4,7.21792452830189,106,7.78125,6.35952380952381,7.44285714285714,7.96666666666667,7.03294117647059,64,42,7,21,85,6723,4229,2494,483,2110,4613,7.25472168674699,7.71496358477181,6.47430348837209,6.61889440993789,7.2045672985782,7.27766245393453,106
"108",2010,5,7.13191489361702,94,7.654,6.53863636363636,6.62727272727273,6.58421052631579,7.27066666666667,50,44,11,19,75,6817,4279,2538,494,2129,4688,7.2530282969048,7.71425122692218,6.47541879432624,6.61908097165992,7.1990310004697,7.27755053327645,107
"109",2010,6,7.52835051546392,97,7.91532258064516,6.84285714285714,7.3125,7.73611111111111,7.48101265822785,62,35,8,18,79,6914,4341,2573,502,2147,4767,7.25689093144345,7.71712301313061,6.48041698406529,6.63013147410359,7.20353376804844,7.28092236207258,108
"110",2010,7,6.78590909090909,110,7.51818181818182,6.05363636363636,6.26470588235294,6.44,6.88764705882353,55,55,17,25,85,7024,4396,2628,519,2172,4852,7.24951507687927,7.71463398544131,6.4714851217656,6.61816184971098,7.19474539594843,7.2740327493817,109
"111",2010,8,7.22681818181818,110,7.72416666666667,6.63,6.31818181818182,7.4375,7.19095744680851,60,50,11,16,94,7134,4456,2678,530,2188,4946,7.24916511073731,7.71476234290844,6.47444469753548,6.6119358490566,7.1965205667276,7.27245388192479,110
"112",2010,9,7.29383962264151,106,7.73257575757576,6.569925,6.8,6.89803703703704,7.42911392405063,66,40,10,27,79,7240,4522,2718,540,2215,5025,7.24981918508287,7.71502233524989,6.47584985283297,6.61541851851852,7.19288216704289,7.2749167960199,111
"113",2010,10,7.13660714285714,112,7.81692307692308,6.19574468085106,5.75714285714286,7.04583333333333,7.1796052631579,65,47,7,36,76,7352,4587,2765,547,2251,5101,7.24809451849837,7.71646631785481,6.47108857142857,6.60443510054845,7.19053043091959,7.27349674573613,112
"114",2010,11,7.1375,148,7.63333333333333,6.36810344827586,6.27272727272727,7.49375,7.03922413793103,90,58,11,32,116,7500,4677,2823,558,2283,5217,7.24591212,7.71486658114175,6.46897268862912,6.59789605734767,7.19478055190539,7.26828769407706,113
"115",2010,12,7.20243902439024,164,7.82658227848101,6.62235294117647,6.59047619047619,7.44827586206897,7.14962962962963,79,85,21,29,135,7664,4756,2908,579,2312,5352,7.24498185020877,7.71672224558452,6.47345594910592,6.59762694300518,7.19796020761246,7.26529463751868,114
"116",2011,1,7.13934426229508,183,7.55656565656566,6.64761904761905,6.875,7.28787878787879,7.10666666666667,99,84,16,33,150,7847,4855,2992,595,2345,5502,7.24251827449981,7.71345643666323,6.47834555481284,6.60508571428572,7.19922558635394,7.26096999272992,115
"117",2011,2,7.04956896551724,116,7.415,6.65803571428571,6.9,6.78833333333333,7.1406976744186,60,56,15,30,86,7963,4915,3048,610,2375,5588,7.23970750973251,7.70981302136317,6.4816469488189,6.61233770491803,7.19403536842105,7.25911898711525,116
"118",2011,3,7.20114035087719,114,7.75492537313433,6.41170212765957,6.14285714285714,6.35,7.36072916666667,67,47,14,18,96,8077,4982,3095,624,2393,5684,7.23916316701746,7.71041971095945,6.4805847819063,6.60180448717949,7.18768658587547,7.26083513370865,117
"119",2011,4,7.15131313131313,99,7.47758620689655,6.68975609756098,6.71428571428571,6.93333333333333,7.21,58,41,7,21,78,8176,5040,3136,631,2414,5762,7.23809942514677,7.70774027777778,6.48331948341837,6.60305229793978,7.18547390223695,7.2601469802152,118
"120",2011,5,7.27216666666667,120,7.76194029850746,6.65301886792453,6.57692307692308,7.4852,7.21610526315789,67,53,13,25,95,8296,5107,3189,644,2439,5857,7.23859220106075,7.70845134129626,6.48613982439636,6.6025248447205,7.18854612546125,7.25943262762506,119
"121",2011,6,6.7122,100,7.27140625,5.71805555555556,4.66666666666667,6.55681818181818,6.75602564102564,64,36,3,22,78,8396,5171,3225,647,2461,5935,7.23232264173416,7.7030421581899,6.47756586046512,6.5935486862442,7.18289882161723,7.25281666385847,120
"122",2011,7,7.25446428571429,112,7.92903225806452,6.418,5.45454545454545,6.22083333333333,7.53636363636364,62,50,11,24,88,8508,5233,3275,658,2485,6023,7.232614116126,7.70571966367284,6.47665645801527,6.5745075987842,7.17360724346076,7.25695947202391,121
"123",2011,8,7.08712121212121,132,7.64935064935065,6.3,6.55714285714286,7.30882352941176,7.01020408163265,77,55,14,34,98,8640,5310,3330,672,2519,6121,7.23039130787037,7.704902259887,6.47373870870871,6.57414583333333,7.17543231441048,7.25300880575069,122
"124",2011,9,7.11666666666667,96,7.58571428571429,6.62765957446809,6.73076923076923,7.19230769230769,7.10481927710843,49,47,13,13,83,8736,5359,3377,685,2532,6204,7.22914158653846,7.70381246501213,6.47588092981937,6.57711824817518,7.17551895734597,7.25102625725338,123
"125",2011,10,7.1031007751938,129,7.54044117647059,6.6155737704918,6.32142857142857,7.1030303030303,7.103125,68,61,14,33,96,8865,5427,3438,699,2565,6300,7.22730749012972,7.70176543209876,6.47835948225713,6.57199713876967,7.17458635477583,7.24877252380952,124
"126",2011,11,6.94850340136054,147,7.33139534883721,6.40868852459016,6.60625,7.08666666666667,6.91307692307692,86,61,16,30,117,9012,5513,3499,715,2595,6417,7.22275975366178,7.69598784690731,6.47714486996285,6.57276363636364,7.17356994219653,7.24265184665732,125
"127",2011,12,7.08491379310345,116,7.62301587301587,6.44528301886792,6.3125,7.22666666666667,7.06386138613861,63,53,8,15,101,9128,5576,3552,723,2610,6518,7.22100798641543,7.69516337876614,6.47666945382883,6.56988381742739,7.17387509578544,7.23988138999693,126
"128",2012,1,7.32578616352201,159,7.74123711340206,6.6758064516129,6.58333333333333,7.41935483870968,7.303125,97,62,12,31,128,9287,5673,3614,735,2641,6646,7.22280186281899,7.69595117221928,6.48008574986165,6.57010340136055,7.17675653161681,7.24109944327415,127
"129",2012,2,7.46315384615385,130,7.97,6.6522,6.16666666666667,7.61181818181818,7.43287037037037,80,50,12,22,108,9417,5753,3664,747,2663,6754,7.22611987894234,7.69976203719798,6.48243447052402,6.56362248995984,7.18035073225685,7.24416596091205,128
"130",2012,3,7.21864406779661,118,7.71666666666667,6.58653846153846,6.60714285714286,7.22413793103448,7.21685393258427,66,52,14,29,89,9535,5819,3716,761,2692,6843,7.22602736234924,7.69995377212579,6.4838912540366,6.56442312746386,7.18082243684993,7.24381074090311,129
"131",2012,4,7.2125,96,7.7111320754717,6.59790697674419,6.75,7.24444444444444,7.20512820512821,53,43,6,18,78,9631,5872,3759,767,2710,6921,7.2258925241408,7.70005466621253,6.48519550412344,6.56587483702738,7.18124501845018,7.24337478688051,130
"132",2012,5,7.15862831858407,113,7.84166666666667,6.38537735849057,6.125,6.98125,7.2064606741573,60,53,16,24,89,9744,5932,3812,783,2734,7010,7.22511246921182,7.70148701955496,6.48380768625394,6.55686590038314,7.17948939283102,7.24290611982881,131
"133",2012,6,6.67293577981651,109,7.54655172413793,5.67941176470588,5.75,6.12272727272727,6.81206896551724,58,51,10,22,87,9853,5990,3863,793,2756,7097,7.21900394803613,7.69998681135225,6.47318791095004,6.54669104665826,7.17105370101596,7.23762461603494,132
"134",2012,7,7.05320388349515,103,7.68962264150943,6.3786,6.80833333333333,6.96153846153846,7.08415584415584,53,50,12,26,77,9956,6043,3913,805,2782,7174,7.21728866010446,7.69989591262618,6.47197927421416,6.55059130434783,7.16909561466571,7.23597740451631,133
"135",2012,8,7.29157894736842,95,7.69814814814815,6.75609756097561,6.56,7.64736842105263,7.20263157894737,54,41,5,19,76,10051,6097,3954,810,2801,7250,7.21799083673266,7.69988043299984,6.47492536671725,6.55064938271605,7.17233987861478,7.23562784827586,134
"136",2012,9,7.08631578947368,95,7.78,6.58181818181818,6.57857142857143,6.38888888888889,7.24935064935065,40,55,14,18,77,10146,6137,4009,824,2819,7327,7.21675792430515,7.70040263972625,6.47639184335246,6.55112378640777,7.16733735367151,7.23577206223557,135
"137",2012,10,7.02983193277311,119,7.73769230769231,6.17777777777778,6.22857142857143,7.5,6.9405,65,54,7,19,100,10265,6202,4063,831,2838,7427,7.21459093034584,7.7007934537246,6.47242306177701,6.54840673886883,7.1695644820296,7.23179640500875,136
"138",2012,11,7.24013157894737,152,7.71084337349398,6.67391304347826,6.63157894736842,7.76538461538462,7.13174603174603,83,69,19,26,126,10417,6285,4132,850,2864,7553,7.21496360756456,7.7009261734288,6.47578772991288,6.55026588235294,7.17497346368715,7.23012735336952,137
"139",2012,12,7.22172727272727,132,7.81168831168831,6.39578181818182,5.99,6.86363636363636,7.29334545454545,77,55,10,22,110,10549,6362,4187,860,2886,7663,7.21504824153948,7.70226674001886,6.47473678051111,6.5437511627907,7.17260013860014,7.23103482970116,138
"140",2013,1,7.15032467532468,154,7.69945054945055,6.35714285714286,6.31578947368421,7.192,7.1422480620155,91,63,19,25,129,10703,6453,4250,879,2911,7792,7.21411696720546,7.70222702618937,6.47299362352941,6.5388236632537,7.1727667468224,7.22956492556468,139
"141",2013,2,6.9109243697479,119,7.46140350877193,6.40483870967742,6.425,6.86538461538461,6.92365591397849,57,62,20,26,93,10822,6510,4312,899,2937,7885,7.21078302531879,7.70011843317972,6.47201365955473,6.5362914349277,7.1700456247872,7.22595686746988,140
"142",2013,3,7.08197841726619,139,7.73246753246753,6.27411290322581,5.974375,6.66815789473684,7.1475,77,62,8,19,120,10961,6587,4374,907,2956,8005,7.20914961226165,7.70049658418096,6.46920848193873,6.53133517089306,7.16681968876861,7.22478074953154,141
"143",2013,4,7.08430656934307,137,7.50133333333333,6.57983870967742,6.93333333333333,6.76785714285714,7.16559633027523,75,62,15,28,109,11098,6662,4436,922,2984,8114,7.20760847900523,7.69825442809967,6.47075471145176,6.53787527114968,7.16307607238606,7.22398569139758,142
"144",2013,5,6.89789473684211,95,7.40727272727273,6.1975,6.98888888888889,6.73076923076923,6.92439024390244,55,40,9,13,82,11193,6717,4476,931,2997,8196,7.20497979987492,7.69587181777579,6.46831275692583,6.54223523093448,7.1612008675342,7.22098827476818,143
"145",2013,6,7.22880434782609,92,7.77884615384615,6.51375,6.96666666666667,6.77777777777778,7.33851351351351,52,40,6,18,74,11285,6769,4516,937,3015,8270,7.20517402747009,7.69650923326931,6.4687152125775,6.5449530416222,7.15891177446103,7.22203989117291,144
"146",2013,7,7.34370078740158,127,7.72430555555556,6.84545454545455,6.61538461538461,7.20454545454545,7.37285714285714,72,55,13,22,105,11412,6841,4571,950,3037,8375,7.20671564143007,7.696801783365,6.4732482826515,6.54591684210526,7.15924234441883,7.22393073432836,145
"147",2013,8,6.98636363636364,99,7.43679245283019,6.46739130434783,5.79166666666667,6.43478260869565,7.15328947368421,53,46,12,23,76,11511,6894,4617,962,3060,8451,7.20482051081574,7.69480287206266,6.47318992852502,6.53650831600832,7.15379705882353,7.22329545615903,146
"148",2013,9,7.20175438596491,114,7.58928571428571,6.82758620689655,7.30769230769231,7.21428571428571,7.1989247311828,56,58,13,21,93,11625,6950,4675,975,3081,8544,7.20479044301075,7.6939526618705,6.47758671657754,6.54679076923077,7.15420934761441,7.22303018492509,147
"149",2013,10,7.32421875,128,7.73866666666667,6.7377358490566,6.55,7.23888888888889,7.3470297029703,75,53,10,27,101,11753,7025,4728,985,3108,8645,7.20609111716158,7.69443003558719,6.48050293993232,6.54682335025381,7.15494498069498,7.22447887796414,148
"150",2013,11,6.94664429530201,149,7.24078947368421,6.64041095890411,6.90909090909091,6.95833333333333,6.9444,76,73,11,24,125,11902,7101,4801,996,3132,8770,7.20284312720551,7.68957484861287,6.48293436784003,6.55082429718876,7.15343837803321,7.22048687571266,149
"151",2013,12,6.87122302158273,139,7.42933333333333,6.2171875,5.96875,6.31818181818182,6.97521367521368,75,64,16,22,117,12041,7176,4865,1012,3154,8887,7.19901494061955,7.68685493311037,6.47943841726619,6.54162154150198,7.14761223842739,7.21725778102847,150
"152",2014,1,7.15081967213115,183,7.46590909090909,6.67602739726027,6.73809523809524,7.16470588235294,7.14765100671141,110,73,21,34,149,12224,7286,4938,1033,3188,9036,7.1982934309555,7.68351921493275,6.48234465370595,6.54561568247822,7.14779454203262,7.2161099933599,151
"153",2014,2,7.15614035087719,114,7.55593220338983,6.72727272727273,6.66666666666667,6.95454545454545,7.17766990291262,59,55,18,11,103,12338,7345,4993,1051,3199,9139,7.19790394715513,7.68249434989789,6.48504263969557,6.54768886774501,7.1471300406377,7.21567675894518,152
"154",2014,3,7.22387387387387,111,7.66538461538462,6.6,6.66666666666667,7.32692307692308,7.21020408163265,65,46,9,13,98,12449,7410,5039,1060,3212,9237,7.19813550485983,7.68234426450742,6.48609206191705,6.54869905660377,7.14785772104608,7.2156186965465,153
"155",2014,4,7.01666666666667,123,7.66209677419355,6.36065573770492,6.375,6.5,7.11699029126214,62,61,12,20,103,12572,7472,5100,1072,3232,9340,7.196360077951,7.68217625802998,6.48459174509804,6.54675466417911,7.14384870049505,7.2145310385439,154
"156",2014,5,7.05528846153846,104,7.60576923076923,6.50480769230769,6.75833333333333,7.005,7.0672619047619,52,52,12,20,84,12676,7524,5152,1084,3252,9424,7.19520265856737,7.68164819245083,6.48479578804348,6.54909686346864,7.14299477244772,7.21321836799661,155
"157",2014,6,7.31910112359551,89,7.66190476190476,7.01276595744681,7.07692307692308,7.50714285714286,7.284,42,47,13,14,75,12765,7566,5199,1097,3266,9499,7.19606650215433,7.6815385937087,6.48956874398923,6.55535186873291,7.1445557256583,7.21377722918202,156
"158",2014,7,7.1516,125,7.78548387096774,6.52777777777778,6.32666666666667,7.1575,7.15047619047619,62,63,15,20,105,12890,7628,5262,1112,3286,9604,7.1956352909232,7.68238345568957,6.49002620676549,6.55226708633094,7.1446345100426,7.21308516243232,157
"159",2014,8,6.89094488188976,127,7.28125,6.49444444444444,6.99444444444444,6.735,6.92009345794393,64,63,18,20,107,13017,7692,5325,1130,3306,9711,7.19266258738573,7.67904589183567,6.49007847887324,6.55931061946903,7.14215638233515,7.20985685305324,158
"160",2014,9,6.93703703703704,108,7.624,6.3448275862069,6.27272727272727,6.69333333333333,6.97634408602151,50,58,11,15,93,13125,7742,5383,1141,3321,9804,7.19055915428571,7.67869039008008,6.48851344974921,6.55654776511832,7.14012917795845,7.20764176866585,159
"161",2014,10,7.075,132,7.59632352941177,6.52109375,6.75714285714286,6.87586206896552,7.13106796116505,68,64,14,29,103,13257,7810,5447,1155,3350,9907,7.18940853134193,7.67797323943662,6.48889625481917,6.55897922077922,7.13784149253731,7.20684565458767,160
"162",2014,11,7.225,134,7.72394366197183,6.66269841269841,6.49090909090909,7.35714285714286,7.20958333333333,71,63,11,14,120,13391,7881,5510,1166,3364,10027,7.18976468523635,7.67838738738739,6.49088346642468,6.55833704974271,7.13875416171225,7.20687841827067,161
"163",2014,12,7.02689189189189,148,7.78513888888889,6.30855263157895,6.44,7.09523809523809,7.0155905511811,72,76,20,21,127,13539,7953,5586,1186,3385,10154,7.1879842602851,7.67935382874387,6.48840277479413,6.55634148397976,7.13848419497784,7.20448590703171,162
"164",2015,1,7.13160621761658,193,7.62901785714286,6.44382716049383,6.45555555555556,7.01612903225806,7.1537037037037,112,81,18,31,162,13732,8065,5667,1204,3416,10316,7.18719188027964,7.67865480471172,6.48776564319746,6.55483471760797,7.13737382903981,7.20368843544009,163
"165",2015,2,7.14147286821705,129,7.73529411764706,6.47950819672131,6.66666666666667,7.19444444444444,7.13288288288288,68,61,12,18,111,13861,8133,5728,1216,3434,10427,7.18676638770651,7.67912836591664,6.48767770600558,6.55593832236842,7.13767297612114,7.20293467919824,164
"166",2015,3,6.98266129032258,124,7.66417910447761,6.18157894736842,6.58235294117647,7.25833333333333,6.93584905660377,67,57,17,18,106,13985,8200,5785,1233,3452,10533,7.1849566607079,7.6790062195122,6.4846616940363,6.55630251419302,7.13830214368482,7.20024683376056,165
"167",2015,4,7.21446153846154,130,7.75443037974684,6.37803921568627,6.225,7.18695652173913,7.2203738317757,79,51,8,23,107,14115,8279,5836,1241,3475,10640,7.18522840240878,7.67972593308371,6.48372993488691,6.55416680096696,7.13862417266187,7.20044923872181,166
"168",2015,5,7.15084615384615,130,7.54109589041096,6.65105263157895,6.67,7.24444444444444,7.13580357142857,73,57,13,18,112,14245,8352,5893,1254,3493,10752,7.18491462969463,7.67851424808429,6.48534836246394,6.55536762360446,7.13916948182078,7.19977584635417,167
"169",2015,6,6.82244897959184,98,7.53571428571429,6.2875,6.75,6.43636363636364,6.87126436781609,42,56,12,11,87,14343,8394,5949,1266,3504,10839,7.1824380464338,7.67779973790803,6.48348594721802,6.55721248025276,7.13696318493151,7.19713902574038,168
"170",2015,7,6.956,100,7.33181818181818,6.66071428571429,6.79347826086957,6.31764705882353,7.08674698795181,44,56,23,17,83,14443,8438,6005,1289,3521,10922,7.18087024163955,7.67599561507466,6.48513870108243,6.56142823894492,7.13300738426583,7.19630011902582,169
"171",2015,8,6.93230088495575,113,7.37946428571429,6.49298245614035,6.625,6.52608695652174,7.03611111111111,56,57,16,23,90,14556,8494,6062,1305,3544,11012,7.17894056746359,7.67404061690605,6.48521245463543,6.56220766283525,7.12906856659142,7.19499090991646,170
"172",2015,9,6.79838383838384,99,7.47704545454545,6.25545454545455,6.875,6.89285714285714,6.78282352941176,44,55,10,14,85,14655,8538,6117,1315,3558,11097,7.17636976458547,7.67302541578824,6.48314662416217,6.56458631178707,7.12813912310287,7.19183381995134,171
"173",2015,10,7.14485294117647,136,7.65555555555556,6.39272727272727,7.26923076923077,6.46296296296296,7.31376146788991,81,55,13,27,109,14791,8619,6172,1328,3585,11206,7.1760799743087,7.67286123680241,6.48234087815943,6.57148418674699,7.12312942817294,7.19301980189184,172
"174",2015,11,7.14727891156463,147,7.54939759036145,6.62578125,6.5,6.72678571428571,7.24621848739496,83,64,17,28,119,14938,8702,6236,1345,3613,11325,7.17579655241665,7.67168363594576,6.48381300513149,6.57058066914498,7.12005784666482,7.193578799117,173
"175",2015,12,7.0265243902439,164,7.57704081632653,6.20909090909091,6.85384615384615,6.30526315789474,7.12103448275862,98,66,13,19,145,15102,8800,6302,1358,3632,11470,7.17417553304198,7.67062965909091,6.4809358774992,6.57329234167894,7.11579542951542,7.19266171752398,174
"176",2016,1,7.17188571428571,175,7.69412371134021,6.5224358974359,6.34615384615385,7.35296296296296,7.13885135135135,97,78,13,27,148,15277,8897,6380,1371,3659,11618,7.1741493028736,7.67088580420367,6.4814432445141,6.57113858497447,7.11754550423613,7.19197623515235,175
"177",2016,2,6.90797101449275,138,7.57045454545455,6.30069444444444,6.53,7.003125,6.89549180327869,66,72,20,16,122,15415,8963,6452,1391,3675,11740,7.17176638987999,7.67014626799063,6.47942620892746,6.57054708842559,7.11704734693877,7.18889522146508,176
"178",2016,3,6.59524603174603,126,7.185,6.05910606060606,6.45384615384615,6.05555555555556,6.63676068376068,60,66,13,9,117,15541,9023,6518,1404,3684,11857,7.16709220127405,7.66692020392331,6.47517012887389,6.56946652421652,7.11445412595005,7.18344698490343,177
"179",2016,4,7.18012738853503,157,7.69174418604651,6.56042253521127,6.38928571428571,6.7475,7.2581954887218,86,71,14,24,133,15698,9109,6589,1418,3708,11990,7.16722256975411,7.66715457240092,6.47608876916072,6.56768758815233,7.11207901833873,7.18427613844871,178
"180",2016,5,7.02904411764706,136,7.61013513513513,6.33548387096774,6.14375,6.3,7.16217391304348,74,62,16,21,115,15834,9183,6651,1434,3729,12105,7.16603573954781,7.66669508875095,6.4747780634491,6.56295746164575,7.10750576562081,7.18406616274267,179
"181",2016,6,6.87984496124031,129,7.44761904761905,6.33787878787879,6.31666666666667,7.21052631578947,6.82272727272727,63,66,12,19,110,15963,9246,6717,1446,3748,12215,7.16372297813694,7.66520235777634,6.47343291648057,6.56091355463347,7.1080280149413,7.18081218993041,180
"182",2016,7,6.83051470588235,136,7.41985294117647,6.24117647058824,5.74444444444444,6.63333333333333,6.87935779816514,68,68,18,27,109,16099,9314,6785,1464,3775,12324,7.16090812472824,7.66341110156753,6.4711052173913,6.550875,7.10463284768212,7.17814596721844,181
"183",2016,8,6.96176470588235,153,7.25271739130435,6.52295081967213,6.59473684210526,7.2304347826087,6.91423076923077,92,61,19,23,130,16252,9406,6846,1483,3798,12454,7.15903334358848,7.65939411014246,6.47156717791411,6.55143695212407,7.10539468141127,7.17539111128955,182
"184",2016,9,6.83565891472868,129,7.47214285714286,6.08050847457627,6.13214285714286,6.66363636363636,6.87102803738318,70,59,14,22,107,16381,9476,6905,1497,3820,12561,7.15648677736402,7.65801086956522,6.46822576393917,6.54751569806279,7.10285052356021,7.17279841573123,183
"185",2016,10,7.10071428571429,140,7.55063291139241,6.51803278688525,6.6,7.03928571428571,7.11607142857143,79,61,10,28,112,16521,9555,6966,1507,3848,12673,7.15601415773864,7.65712307692308,6.46866191501579,6.54786396814864,7.10238799376299,7.17229708040717,184
"186",2016,11,6.942,160,7.32068965517241,6.49068493150685,6.30357142857143,6.67647058823529,6.97356643356643,87,73,14,17,143,16681,9642,7039,1521,3865,12816,7.153961387207,7.65408742999378,6.46889031112374,6.54561538461538,7.10051461836998,7.1700796582397,185
"187",2016,12,6.825,162,7.25384615384615,6.27535211267606,5.93333333333333,6.375,6.90326086956522,91,71,15,24,138,16843,9733,7110,1536,3889,12954,7.15079735795286,7.65034532004521,6.4669576511955,6.53963606770833,7.09603728464901,7.16723721630385,186
"188",2017,1,7.08516746411483,209,7.61111111111111,6.52277227722772,6.27857142857143,7.17777777777778,7.07142857142857,108,101,28,27,182,17052,9841,7211,1564,3916,13136,7.14999295683791,7.64991474443654,6.46773941200943,6.53496227621483,7.09660086823289,7.16590978227771,187
"189",2017,2,6.99448051948052,154,7.73292682926829,6.15347222222222,6.29210526315789,7.424,6.91124031007752,82,72,19,25,129,17206,9923,7283,1583,3941,13265,7.14860106358247,7.65060072558702,6.46463255526569,6.53204737839545,7.09867774676478,7.1634331624576,188
"190",2017,3,6.93390410958904,146,7.26104651162791,6.465,6.45,6.96,6.930234375,86,60,16,18,128,17352,10009,7343,1599,3959,13393,7.1467946000461,7.6472535717854,6.46463555767398,6.53122639149468,7.09804723415003,7.16120442768611,189
"191",2017,4,6.46344827586207,145,6.88852459016393,6.15476190476191,6.24615384615385,5.48461538461538,6.55984848484848,61,84,13,13,132,17497,10070,7427,1612,3972,13525,7.1411316168486,7.64265749751738,6.46113086037431,6.52892741935484,7.0927666163142,7.1553353715342,190
"192",2017,5,7.01063829787234,94,7.41228070175439,6.39189189189189,6.58333333333333,7.51666666666667,6.91455696202532,57,37,6,15,79,17591,10127,7464,1618,3987,13604,7.14043430731624,7.64136081761627,6.46078763397642,6.52912917181706,7.09436142463004,7.15393714348721,191
"193",2017,6,6.92112068965517,116,7.42241379310345,6.4198275862069,5.88888888888889,6.78260869565217,6.95537634408602,58,58,9,23,93,17707,10185,7522,1627,4010,13697,7.13899756593438,7.64011399116348,6.46047180271205,6.52558758451137,7.09257331670823,7.1525889537855,192
"194",2017,7,6.7765873015873,126,7.54130434782609,5.85087719298246,6.3,6.67857142857143,6.79619047619048,69,57,9,21,105,17833,10254,7579,1636,4031,13802,7.13643693713901,7.63944909303687,6.45588717508906,6.52434657701711,7.09041652195485,7.14987761918563,193
"195",2017,8,6.62435897435897,117,7.22692307692308,5.87115384615385,4.91666666666667,5.81818181818182,6.70801886792453,65,52,12,11,106,17950,10319,7631,1648,4042,13908,7.13309915877437,7.6368505669154,6.45190262088848,6.51264016990291,7.08695423057892,7.14650998705781,194
"196",2017,9,6.82058823529412,102,7.48269230769231,6.132,5.93333333333333,6.81428571428571,6.82222222222222,52,50,15,21,81,18052,10371,7681,1663,4063,13989,7.13133336472413,7.63607762028734,6.44982019268325,6.50741491280818,7.08554491754861,7.14463227535921,195
"197",2017,10,6.69406015037594,133,7.31117647058824,6.04846153846154,6.11538461538461,6.95,6.654,68,65,13,18,115,18185,10439,7746,1676,4081,14104,7.12813527082761,7.63396120318038,6.4464522205009,6.50437410501193,7.08494707179612,7.14063179948951,196
"198",2017,11,6.83630136986301,146,7.42692307692308,6.15882352941177,6.02222222222222,5.54761904761905,7.0528,78,68,9,21,125,18331,10517,7814,1685,4102,14229,7.12581091593476,7.63242569173719,6.44394918095726,6.50179881305638,7.07707679180887,7.13986020802587,197
"199",2017,12,6.76352941176471,119,7.52518518518518,6.13076923076923,6.8,7.32444444444444,6.59891304347826,54,65,10,27,92,18450,10571,7879,1695,4129,14321,7.12347424932249,7.6318778734273,6.44136551592842,6.5035581120944,7.07869435698716,7.1363850918232,198
"200",2018,1,7.11232142857143,168,7.63472222222222,6.172,6,7.26785714285714,7.08121428571429,108,60,15,28,140,18618,10679,7939,1710,4157,14461,7.12337361155871,7.63190663919843,6.43932975185792,6.49914093567251,7.07996848688958,7.13585097157873,199
"201",2018,2,6.89695652173913,92,7.47291666666667,6.26863636363636,5.65888888888889,6.72,6.93142857142857,48,44,9,15,77,18710,10727,7983,1719,4172,14538,7.12226028327098,7.63119520835276,6.43838893899537,6.49474171029668,7.0786742569511,7.134768255606,200
"202",2018,3,6.78893805309735,113,7.34590163934426,6.13557692307692,5.45833333333333,6.40625,6.8520618556701,61,52,12,16,97,18823,10788,8035,1731,4188,14635,7.12025925197896,7.62958203559511,6.43642923459863,6.48755690352397,7.07610530085959,7.1328944926546,201
"203",2018,4,6.95894736842105,95,7.47457627118644,6.11388888888889,6.55714285714286,6.08333333333333,7.0855421686747,59,36,7,12,83,18918,10847,8071,1738,4200,14718,7.1194491965324,7.62873891398544,6.43499057118077,6.48783716915995,7.0732688095238,7.13262745617611,202
"204",2018,5,6.57922077922078,77,7.30689655172414,6.13958333333333,6.09090909090909,6.81818181818182,6.53939393939394,29,48,11,11,66,18995,10876,8119,1749,4211,14784,7.11725927349302,7.62788074659802,6.43324410641705,6.48534076615209,7.07260246972215,7.12997909226191,203
"205",2018,6,6.67330441558442,77,7.33011684210526,6.03333333333333,6.125,7.05555555555556,6.62271235294118,38,39,8,9,68,19072,10914,8158,1757,4220,14852,7.11546688024329,7.62684400219901,6.43133229958323,6.4837000569152,7.07256611374407,7.12765656746567,204
"206",2018,7,6.92676767676768,99,7.58461538461538,6.19893617021277,6.2,7.046875,6.90361445783132,52,47,8,16,83,19171,10966,8205,1765,4236,14935,7.11449242814668,7.6266437570673,6.43000108470445,6.48241416430595,7.07246907459867,7.12641147238032,205
"207",2018,8,6.7530487804878,82,7.4875,6.05357142857143,6.54166666666667,7.03333333333333,6.705,40,42,6,12,70,19253,11006,8247,1771,4248,15005,7.11295301199813,7.62613805560604,6.42808401843095,6.4826149068323,7.07235852165725,7.12444554081973,206
"208",2018,9,6.62796875,64,7.23068965517241,6.12857142857143,5.65,6.15,6.69625,29,35,10,8,56,19317,11035,8282,1781,4256,15061,7.11134618936688,7.62509881649298,6.42681826853417,6.47793992139248,7.07062476503759,7.1228534187637,207
"209",2018,10,6.7984693877551,98,7.42777777777778,6.02613636363636,6.38888888888889,6.64705882352941,6.83024691358025,54,44,9,17,81,19415,11089,8326,1790,4273,15142,7.10976689878959,7.6241379240689,6.42470080470814,6.47749217877095,7.06893962087526,7.12128816140537,208
"210",2018,11,6.92907920792079,101,7.43837209302326,6.5515,6.775,6.66055555555556,6.98731325301205,43,58,8,18,83,19516,11132,8384,1798,4291,15225,7.10883179647469,7.62342035932447,6.42557799379771,6.47881590656285,7.06722652062456,7.12055778916257,209
"211",2018,12,7.03591011235955,89,7.32181818181818,6.57341176470588,5.88844444444444,7.44615384615385,6.96573684210526,55,34,9,13,76,19605,11187,8418,1807,4304,15301,7.10850075694976,7.6219375560919,6.4261750890948,6.475875484228,7.06837105018587,7.11978879419646,210
"212",2019,1,6.74666666666667,120,7.24206349206349,6.19912280701754,6.675,6.32608695652174,6.84639175257732,63,57,10,23,97,19725,11250,8475,1817,4327,15398,7.10629948491762,7.61981026133334,6.42464801179941,6.47697138139791,7.06442546799168,7.11806652422393,211
"213",2019,2,7.03777777777778,90,7.61346153846154,6.25,6.35714285714286,6.78125,7.09324324324324,52,38,7,16,74,19815,11302,8513,1824,4343,15472,7.10598825839011,7.61978105114139,6.42386842476213,6.47651151315789,7.06338222426893,7.11794779860393,212
"214",2019,3,6.57159090909091,88,7.52386363636364,5.61931818181818,5,6.7,6.5551282051282,44,44,5,10,78,19903,11346,8557,1829,4353,15550,7.10362545043461,7.61940908161467,6.41973143625102,6.47247512301804,7.06254743854812,7.11512465209004,213
"215",2019,4,7.08939393939394,66,7.55263157894737,6.46071428571429,6,7,7.10172413793103,38,28,5,8,58,19969,11384,8585,1834,4361,15608,7.10357841354099,7.61918617709066,6.41986510192196,6.47118702290076,7.06243269892226,7.11507485520246,214
"216",2019,5,7.00724637681159,69,7.52439024390244,6.25,6.6,7,7.00833333333333,41,28,5,9,60,20038,11425,8613,1839,4370,15668,7.10324669827328,7.61884599037199,6.41931288749565,6.47153724850462,7.06230411899313,7.11466609267297,215
"217",2019,6,7.090625,64,7.38235294117647,6.76,6.75,7.22222222222222,7.06909090909091,34,30,4,9,55,20102,11459,8643,1843,4379,15723,7.10320651377972,7.61814429182302,6.42049541825755,6.47214161692892,7.06263279287508,7.11450666793869,216
"218",2019,7,6.94292682926829,82,7.42216216216216,6.54888888888889,6.3625,6.87428571428571,6.95705882352941,37,45,8,14,68,20184,11496,8688,1851,4393,15791,7.10255535770907,7.61751352122478,6.42116043968693,6.47166774716369,7.06203255178693,7.11382865809639,217
"219",2019,8,6.86174757281553,103,7.44842105263158,6.13478260869565,5.675,6.76923076923077,6.87511111111111,57,46,8,13,90,20287,11553,8734,1859,4406,15881,7.10133274215014,7.61667925560461,6.41965215250744,6.46823937600861,7.06116863368134,7.11247581008753,218
"220",2019,9,6.73088607594937,79,7.49976744186046,5.8125,6.4,7.40625,6.65478873239437,43,36,5,8,71,20366,11596,8770,1864,4414,15952,7.09989577432976,7.61624572611246,6.41715985176739,6.4680563304721,7.06179406434073,7.11043871238717,219
"221",2019,10,6.55734444444444,90,7.14570454545455,5.9945652173913,6.375,6.0711,6.618125,44,46,6,10,80,20456,11640,8816,1870,4424,16032,7.09750871822448,7.61446704810997,6.41495484346643,6.46775775401069,7.05955470162748,7.10798205713573,220
"222",2019,11,6.719375,80,7.38157894736842,6.1202380952381,5.7,6,6.7777027027027,38,42,10,6,74,20536,11678,8858,1880,4430,16106,7.09603566127775,7.61370923445796,6.41355745089185,6.46367393617021,7.05811963882618,7.1064645684838,221
"223",2019,12,6.76666666666667,102,7.30434782608696,6.325,6.125,5.94444444444444,6.84623655913979,46,56,12,9,93,20638,11724,8914,1892,4439,16199,7.09440780792712,7.61249543159331,6.41300111061252,6.46152589852008,7.05586168055868,7.10497057472684,222
"224",2020,1,6.69260563380282,142,7.28661971830986,6.09859154929577,6.28571428571429,6.72391304347826,6.68655462184874,71,71,14,23,119,20780,11795,8985,1906,4462,16318,7.09166209528392,7.61053382280628,6.41051662771286,6.46023452256034,7.05415060510981,7.10191925113372,223
"225",2020,2,6.8680471559633,109,7.27419036363636,6.45438277777778,5.81128230769231,6.58333333333333,6.90326948453608,55,54,13,12,97,20889,11850,9039,1919,4474,16415,7.09049525970606,7.6089727350211,6.41077868901427,6.4558382855654,7.05288779615556,7.10074538409991,224
"226",2020,3,6.71694444444444,72,7.5375,6.0605,6.38,6.07142857142857,6.78646153846154,32,40,9,7,65,20961,11882,9079,1928,4481,16480,7.08921213110061,7.6087802482747,6.40923544112788,6.4554842686722,7.05135460834635,7.09950579368932,225
"227",2020,4,6.90657894736842,76,7.42682926829268,6.29714285714286,5.6,7,6.90138888888889,41,35,9,4,72,21037,11923,9114,1937,4485,16552,7.08855233540904,7.60815456764237,6.40880497805574,6.45150938048529,7.05130880713489,7.09864399951668,226
"228",2020,5,6.63188405797101,69,7.42,6.02564102564103,5,6.07142857142857,6.69516129032258,30,39,9,7,62,21106,11953,9153,1946,4492,16614,7.08705938974699,7.60768233163223,6.40717235551185,6.444796336074,7.04978183437221,7.09713828578308,227
"229",2020,6,6.76474358974359,78,7.51973684210526,6.0475,6.66666666666667,7.08181818181818,6.71268656716418,38,40,9,11,67,21184,11991,9193,1955,4503,16681,7.08587261518127,7.60740362855475,6.40560737191341,6.44581773401534,7.04986009327115,7.09559411785864,228
"230",2020,7,6.69414418918919,74,7.27747756756757,6.11081081081081,6.06,5.99230769230769,6.84371590163934,37,37,10,13,61,21258,12028,9230,1965,4516,16742,7.08450899190892,7.6063887246425,6.40442563055255,6.44385428498728,7.04681576616475,7.09467639170948,229
"231",2020,8,7.02629577464789,71,7.53823529411765,6.55586486486486,5.7945,7.26907142857143,6.96666666666667,34,37,6,14,57,21329,12062,9267,1971,4530,16799,7.08431521168362,7.60619661581828,6.40503027624906,6.44187755961441,7.04750264900662,7.09424204714567,230
"232",2020,9,7.01911392405063,79,7.58119047619048,6.38108108108108,6.28571428571429,7.05,7.01657534246575,42,37,7,6,73,21408,12104,9304,1978,4536,16872,7.08407460528774,7.60610984633179,6.40493503546862,6.44132490899899,7.04750595238095,7.09390600699384,231
"233",2020,10,6.9506329113924,79,7.70694444444444,6.31744186046512,7.16666666666667,7.125,6.93098591549296,36,43,3,8,71,21487,12140,9347,1981,4544,16943,7.08358398799274,7.6064088616145,6.40453253129346,6.44242335689046,7.04764238556338,7.09322328690315,232
"234",2020,11,6.9366265060241,83,7.44895833333333,6.234,6,6.9,6.93897435897436,48,35,7,5,78,21570,12188,9382,1988,4549,17021,7.08301850486787,7.60578877420414,6.4038963515242,6.44086552816901,7.04748010551769,7.09251642970449,233
"235",2020,12,7.09174757281553,103,7.46372549019608,6.72692307692308,5.75,6.66071428571429,7.15955056179775,51,52,8,14,89,21673,12239,9434,1996,4563,17110,7.08305998938771,7.60519679548983,6.40567686771253,6.43809652805611,7.04629344729345,7.09286511689071,234
"236",2021,1,6.87190909090909,110,7.18704918032787,6.47959183673469,6.875,6.155,6.9436,61,49,8,10,100,21783,12300,9483,2004,4573,17210,7.08199371757792,7.60312305528456,6.40605879679426,6.43984065369261,7.04434441285808,7.09199780069727,235
"237",2021,2,6.90657894736842,76,7.50869565217391,5.98333333333333,5.75,7.75555555555556,6.79253731343284,46,30,6,9,67,21859,12346,9513,2010,4582,17277,7.08138383045885,7.60277122792808,6.40472569851782,6.4377814278607,7.04574137931034,7.09083649649824,236
"238",2021,3,6.66119402985075,67,7.07096774193548,6.30833333333333,6.12222222222222,6.55555555555556,6.67758620689655,31,36,9,9,58,21926,12377,9549,2019,4591,17335,7.08009984265255,7.60143924860629,6.40436229657556,6.43637477464091,7.04478043999128,7.08945383040093,237
"239",2021,4,6.99074626865672,67,7.4506976744186,6.16666666666667,6.33333333333333,6.7,7.0141935483871,43,24,3,5,62,21993,12420,9573,2022,4596,17397,7.07982763379257,7.60091735748793,6.40376638148961,6.43622189416419,7.04440535248041,7.08918561533598,238
"240",2021,5,6.67152542372881,59,7.515,5.90967741935484,6.2,7.74444444444444,6.4784,28,31,5,9,50,22052,12448,9604,2027,4605,17447,7.07873522356248,7.60072409865039,6.40217155039567,6.43563920572274,7.04577350705754,7.08743521235743,239
"241",2021,6,7.16346153846154,52,7.46666666666667,6.75,6.33333333333333,6.22222222222222,7.36046511627907,30,22,3,9,43,22104,12478,9626,2030,4614,17490,7.07893454352153,7.60040179355666,6.4029665042593,6.43548801477832,7.04416710013004,7.0881064694111,240
"242",2021,7,7.02616666666667,60,7.4072972972973,6.41304347826087,5.91666666666667,6.98666666666667,7.03933333333333,37,23,6,15,45,22164,12515,9649,2036,4629,17535,7.0787916959935,7.5998308893328,6.40299052440667,6.43395907170923,7.04398077338518,7.08798130310807,241
"243",2021,8,7.14388059701493,67,7.79475,6.17962962962963,6.55,7.924,7.00701754385965,40,27,2,10,57,22231,12555,9676,2038,4639,17592,7.07898786154469,7.60045189804859,6.40236725609756,6.43407294896958,7.04587777538262,7.08771897169168,242
"244",2021,9,6.80636363636364,55,7.06666666666667,6.494,6.1,6.2375,6.9031914893617,30,25,2,8,47,22286,12585,9701,2040,4647,17639,7.07831504756349,7.59917946603099,6.4026033986187,6.43374542647059,7.04448612007747,7.08722728896196,243
"245",2021,10,6.63114754098361,61,7.28666666666667,5.99677419354839,5.92,7.78571428571429,6.48148148148148,30,31,5,7,54,22347,12615,9732,2045,4654,17693,7.07709442654495,7.59843627269124,6.40131068331278,6.43248932518337,7.04560098839707,7.08537851975358,244
"246",2021,11,6.74129633333333,90,7.40570184210526,6.25576923076923,6.1875,6.59090909090909,6.76223632911392,38,52,8,11,79,22437,12653,9784,2053,4665,17772,7.07574746267326,7.59785744487474,6.40053715964841,6.43153466634194,7.04452883172561,7.08394208980419,245
"247",2021,12,7.09098385416667,96,7.52100833333333,6.53809523809524,6.54285714285714,7.36666666666667,7.06246494252874,54,42,7,9,87,22533,12707,9826,2060,4674,17859,7.07581237607065,7.59753086487763,6.40112513433747,6.43191294660194,7.04514912280701,7.08383746402375,246
"248",2022,1,6.99954128440367,109,7.56583333333333,6.30612244897959,5.75,6.39166666666667,7.07474226804124,60,49,8,12,97,22642,12767,9875,2068,4686,17956,7.07544520227895,7.59738189864495,6.4006537286076,6.42927498549323,7.04347567221511,7.08378833092003,247
"249",2022,2,6.85847058823529,85,7.32947368421053,6.47765957446808,6.5,7.58,6.76226666666667,38,47,4,10,75,22727,12805,9922,2072,4696,18031,7.07463370748449,7.59658685669661,6.40101850131022,6.42941152027027,7.04461818568995,7.08245096056791,248
"250",2022,3,6.83388235294118,85,7.30913043478261,6.27333333333333,6.66666666666667,6.92916666666667,6.81821917808219,46,39,6,12,73,22812,12851,9961,2078,4708,18104,7.07373664167982,7.59555790989028,6.40051857945989,6.43009656881617,7.04432391673747,7.08138550983209,249
"251",2022,4,6.78181818181818,66,7.20666666666667,6.42777777777778,5.5,6.95,6.77096774193548,30,36,2,4,62,22878,12881,9997,2080,4712,18166,7.07289449558528,7.59465217762596,6.40061674202261,6.42920224519231,7.04424384550085,7.08032606352527,250
"252",2022,5,6.74965363636364,77,7.06098029411765,6.50348837209302,6.35,5.625,6.88004826086957,34,43,5,8,69,22955,12915,10040,2085,4720,18235,7.07181021999564,7.59324723422377,6.40105732768924,6.4290123117506,7.04183834745763,7.07956822593913,251
"253",2022,6,6.72896,75,7.4734375,6.17493023255814,6.125,6.67692307692308,6.73987096774194,32,43,12,13,62,23030,12947,10083,2097,4733,18297,7.07069368649587,7.59295111068201,6.40009298522265,6.42727261325703,7.04083604479189,7.07841715035252,252
"254",2022,7,6.60857142857143,63,7.3448275862069,5.98058823529412,5.40666666666667,5.8425,6.72,29,34,6,8,55,23093,12976,10117,2103,4741,18352,7.06943297103018,7.59239658061036,6.39868316398142,6.42436075606277,7.03881396329888,7.07734299258937,253
"255",2022,8,6.63,60,7.31538461538462,6.10588235294118,6.25,6.58888888888889,6.63725490196078,26,34,2,9,51,23153,13002,10151,2105,4750,18403,7.06829419945579,7.59184264190125,6.39770245000492,6.42419509263658,7.03796147368421,7.07612338205728,254
"256",2022,9,7.188,50,7.28214285714286,7.06818181818182,7.5,8.26666666666667,7.04090909090909,28,22,2,6,44,23203,13030,10173,2107,4756,18447,7.06855215273887,7.59117713200307,6.39915242013172,6.42521626483151,7.03951156433978,7.07603938851846,255
"257",2022,10,7.20862068965517,58,7.3969696969697,6.96,6.4,6.31666666666667,7.31153846153846,33,25,5,6,52,23261,13063,10198,2112,4762,18499,7.06890140578651,7.59068652147286,6.40052731614042,6.42515656723485,7.03860079798404,7.0767013676415,256
"258",2022,11,6.61101694915254,59,7.57068965517241,5.68333333333333,5,7.46111111111111,6.458,29,30,5,9,50,23320,13092,10228,2117,4771,18549,7.06774295025729,7.59064222655057,6.3984236967149,6.42179058573453,7.03939782016349,7.07503361906303,257
"259",2022,12,6.90347826086956,69,7.68193548387097,6.26842105263158,5.125,7.41666666666667,6.85460317460317,31,38,8,6,63,23389,13123,10266,2125,4777,18612,7.06725835221685,7.59085788539206,6.39794248684979,6.41690855058823,7.03987167678459,7.07428748119493,258
