"","year","month","avg_rating","no_ratings","avg_rating_owned","avg_rating_not_owned","avg_rating_prev_owned","avg_rating_comment","avg_rating_no_comment","no_ratings_owned","no_ratings_not_owned","no_ratings_prev_owned","no_ratings_comment","no_ratings_no_comment","cum_no_ratings","cum_no_ratings_owned","cum_no_ratings_not_owned","cum_no_ratings_prev_owned","cum_no_ratings_comment","cum_no_ratings_no_comment","cum_avg_rating","cum_avg_rating_owned","cum_avg_rating_not_owned","cum_avg_rating_prev_owned","cum_avg_rating_comment","cum_avg_rating_no_comment","month_after_release"
"1",2005,10,6.85,10,7.66666666666667,6.5,NA,6.8125,7,3,7,0,8,2,10,3,7,0,8,2,6.85,7.66666666666667,6.5,NA,6.8125,7,0
"2",2005,11,7.00714285714286,14,7.1375,6.83333333333333,8,7.5,6.87272727272727,8,6,1,3,11,24,11,13,1,11,13,6.94166666666667,7.28181818181818,6.65384615384615,8,7,6.89230769230769,1
"3",2005,12,7.3125,16,7.66666666666667,6.85714285714286,NA,7.35714285714286,7.27777777777778,9,7,0,7,9,40,20,20,1,18,22,7.09,7.455,6.725,8,7.13888888888889,7.05,2
"4",2006,1,7.11911764705882,34,7.64285714285714,6.7525,6,7.13421052631579,7.1,14,20,1,19,15,74,34,40,2,37,37,7.10337837837838,7.53235294117647,6.73875,7,7.13648648648649,7.07027027027027,3
"5",2006,2,7,21,7.72222222222222,6.45833333333333,6,7.30769230769231,6.5,9,12,1,13,8,95,43,52,3,50,45,7.08052631578947,7.57209302325581,6.67403846153846,6.66666666666667,7.181,6.96888888888889,4
"6",2006,3,7.25806451612903,31,7.46875,7.03333333333333,7.5,7.56666666666667,6.96875,16,15,1,15,16,126,59,67,4,65,61,7.12420634920635,7.54406779661017,6.7544776119403,6.875,7.27,6.96885245901639,5
"7",2006,4,7.4375,32,7.68157894736842,7.08076923076923,8,7.47272727272727,7.41904761904762,19,13,1,11,21,158,78,80,5,76,82,7.1876582278481,7.5775641025641,6.8075,7.1,7.29934210526316,7.08414634146342,6
"8",2006,5,6.95833333333333,24,7.46153846153846,6.36363636363636,7,6.4375,7.21875,13,11,1,8,16,182,91,91,6,84,98,7.15741758241758,7.56098901098901,6.75384615384615,7.08333333333333,7.21726190476191,7.10612244897959,7
"9",2006,6,7.07692307692308,13,7.66666666666667,6.57142857142857,NA,7,7.09090909090909,6,7,0,2,11,195,97,98,6,86,109,7.15205128205128,7.56752577319588,6.74081632653061,7.08333333333333,7.21220930232558,7.1045871559633,8
"10",2006,7,7.22307692307692,26,7.90714285714286,6.425,NA,7.14666666666667,7.32727272727273,14,12,0,15,11,221,111,110,6,101,120,7.160407239819,7.61036036036036,6.70636363636364,7.08333333333333,7.20247524752475,7.125,9
"11",2006,8,7.14285714285714,21,7.5,6.81818181818182,7,7.27777777777778,7.04166666666667,10,11,3,9,12,242,121,121,9,110,132,7.15888429752066,7.60123966942149,6.71652892561984,7.05555555555556,7.20863636363636,7.11742424242424,10
"12",2006,9,7.06451612903226,31,7.73076923076923,6.58333333333333,6.75,6.85714285714286,7.23529411764706,13,18,2,14,17,273,134,139,11,124,149,7.1481684981685,7.61380597014925,6.69928057553957,7,7.16895161290323,7.13087248322148,11
"13",2006,10,6.668,25,7.25,6.13076923076923,7,6.5875,6.70588235294118,12,13,1,8,17,298,146,152,12,132,166,7.10788590604027,7.58390410958904,6.65065789473684,7,7.13371212121212,7.08734939759036,12
"14",2006,11,7.32407407407407,27,7.67307692307692,7,7.33333333333333,7.47916666666667,7.2,13,14,3,12,15,325,159,166,15,144,181,7.12584615384615,7.59119496855346,6.68012048192771,7.06666666666667,7.1625,7.09668508287293,13
"15",2006,12,7.26571428571429,35,7.59565217391304,6.63333333333333,8,7.43571428571429,7.15238095238095,23,12,1,14,21,360,182,178,16,158,202,7.13944444444444,7.59175824175824,6.67696629213483,7.125,7.18670886075949,7.10247524752475,14
"16",2007,1,7.40888888888889,45,7.82954545454545,7.00652173913043,7.25,7.15909090909091,7.48970588235294,22,23,2,11,34,405,204,201,18,169,236,7.16938271604938,7.61740196078431,6.71467661691542,7.13888888888889,7.18491124260355,7.15826271186441,15
"17",2007,2,7.21483090909091,22,7.71818181818182,6.71148,8,6.9875,7.34473428571429,11,11,1,8,14,427,215,212,19,177,250,7.17172430913349,7.62255813953488,6.71451075471698,7.18421052631579,7.17598870056497,7.16870512,16
"18",2007,3,7.52291666666667,24,8.08076923076923,6.86363636363636,6,8.3,7.26388888888889,13,11,1,6,18,451,228,223,20,183,268,7.19041303769401,7.64868421052632,6.7218667264574,7.125,7.21284153005464,7.17509805970149,17
"19",2007,4,7.12,24,7.63583333333333,6.60416666666667,7,7.22916666666667,7.01083333333333,12,12,3,12,12,475,240,235,23,195,280,7.18685532631579,7.64804166666667,6.7158565106383,7.10869565217391,7.21384615384615,7.16805814285714,18
"20",2007,5,7.1551724137931,29,7.5625,6.65384615384615,NA,7.30769230769231,7.03125,16,13,0,13,16,504,256,248,23,208,296,7.1850323015873,7.6426953125,6.71260596774194,7.10869565217391,7.21971153846154,7.16066310810811,19
"21",2007,6,7.20357142857143,28,7.46153846153846,6.98,10,7.33333333333333,7.16818181818182,13,15,1,6,22,532,269,263,24,214,318,7.18600804511278,7.6339405204461,6.72785657794677,7.22916666666667,7.22289719626168,7.16118327044025,20
"22",2007,7,7.25238095238095,21,7.63846153846154,6.625,NA,6.78571428571429,7.48571428571429,13,8,0,7,14,553,282,271,24,221,332,7.18852853526221,7.63414893617021,6.72482022140221,7.22916666666667,7.20904977375566,7.17486831325301,21
"23",2007,8,7.11714285714286,35,7.635,6.42666666666667,7.45,6.79285714285714,7.33333333333333,20,15,2,14,21,588,302,286,26,235,353,7.1842793877551,7.63420529801325,6.7091827972028,7.24615384615385,7.18425531914894,7.18429541076487,22
"24",2007,9,7.47777777777778,18,7.23636363636364,7.85714285714286,7.5,7.625,7.43571428571429,11,7,2,4,14,606,313,293,28,239,367,7.19299716171617,7.62022364217252,6.73660846416382,7.26428571428571,7.19163179916318,7.19388632152589,23
"25",2007,10,7.00576923076923,26,7.63461538461539,6.37692307692308,6.66666666666667,7.09,6.953125,13,13,3,10,16,632,326,306,31,249,383,7.18529474683544,7.62079754601227,6.7213277124183,7.20645161290323,7.18755020080321,7.1838284073107,24
"26",2007,11,7.28947368421053,38,7.65625,7.02272727272727,7.25,7.15909090909091,7.34259259259259,16,22,2,11,27,670,342,328,33,260,410,7.19120340298508,7.62245614035088,6.74154353658537,7.20909090909091,7.18634615384615,7.1942836097561,25
"27",2007,12,7.02608695652174,46,7.80909090909091,6.30833333333333,7,7.03703703703704,7.01052631578947,22,24,2,27,19,716,364,352,35,287,429,7.18059536312849,7.63373626373626,6.71200647727273,7.19714285714286,7.17229965156794,7.18614517482517,26
"28",2008,1,7.24705882352941,34,7.53,6.84285714285714,7,7.32727272727273,7.20869565217391,20,14,1,11,23,750,384,366,36,298,452,7.18360837333333,7.62833333333333,6.71701169398907,7.19166666666667,7.17802013422819,7.18729265486726,27
"29",2008,2,6.95217391304348,23,7.69,6.38461538461539,NA,6.5,7.11176470588235,10,13,0,6,17,773,394,379,36,304,469,7.17672222509702,7.62989847715736,6.70561023746702,7.19166666666667,7.16463815789474,7.18455496801706,28
"30",2008,3,7.26774193548387,31,7.71875,6.78666666666667,7.3,8.08333333333333,7.072,16,15,1,6,25,804,410,394,37,310,494,7.18023169154229,7.63336585365854,6.70869614213198,7.19459459459459,7.18241935483871,7.17885886639676,29
"31",2008,4,7.35483870967742,31,7.71875,6.96666666666667,7.5,7.22222222222222,7.40909090909091,16,15,2,9,22,835,426,409,39,319,516,7.18671410778443,7.63657276995305,6.71815716381418,7.21025641025641,7.18354231974922,7.18867496124031,30
"32",2008,5,6.99285714285714,28,7.42222222222222,6.78947368421053,6.83333333333333,7.1875,6.915,9,19,6,8,20,863,435,428,45,327,536,7.18042442641947,7.63213793103448,6.72132308411215,7.16,7.18363914373089,7.17846320895522,31
"33",2008,6,6.82579166666667,24,7.463,6.07272727272727,NA,7.252375,6.6125,13,11,0,8,16,887,448,439,45,335,552,7.17082895152198,7.62722991071429,6.70507125284738,7.16,7.18528059701492,7.16205847826087,32
"34",2008,7,7.09487179487179,39,7.57058823529412,6.72727272727273,6.78571428571429,6.81818181818182,7.45294117647059,17,22,7,22,17,926,465,461,52,357,569,7.16762989200864,7.62515913978495,6.70613075921909,7.10961538461538,7.16265826330532,7.17074917398946,33
"35",2008,8,7.24193548387097,31,7.83333333333333,6.6875,6.75,7.16666666666667,7.28947368421053,15,16,8,12,19,957,480,477,60,369,588,7.17003686520376,7.63166458333333,6.70550582809225,7.06166666666667,7.16278861788618,7.17458551020408,34
"36",2008,9,7.1765625,32,7.81666666666667,6.7925,6.625,6.7,7.36304347826087,12,20,4,9,23,989,492,497,64,378,611,7.17024800808898,7.63617682926829,6.70900659959759,7.034375,7.15176984126984,7.18167967266776,35
"37",2008,10,6.64338846153846,26,7.12,6.34550625,5.5,6.960675,6.37142857142857,10,16,2,12,14,1015,502,513,66,390,625,7.15675209852217,7.62589442231076,6.69766935672515,6.98787878787879,7.14589,7.163530048,36
"38",2008,11,6.97083333333333,24,7.47142857142857,6.76470588235294,7,7.25555555555556,6.8,7,17,2,9,15,1039,509,530,68,399,640,7.1524575360924,7.62377013752456,6.69981958490566,6.98823529411765,7.14836365914787,7.1550098125,37
"39",2008,12,7.16026315789474,38,7.22,7.09388888888889,7.75,7.6,6.95730769230769,20,18,2,12,26,1077,529,548,70,411,666,7.15273294336119,7.60850472589792,6.71276346715329,7.01,7.1615501216545,7.14729171171171,38
"40",2009,1,7.44864864864865,37,7.75833333333333,7.15526315789474,7.21428571428571,7.92,7.27407407407407,18,19,7,10,27,1114,547,567,77,421,693,7.16256138240575,7.61343510054845,6.72759149911817,7.02857142857143,7.17956555819477,7.15223128427128,39
"41",2009,2,6.715,60,7.2304347826087,6.39459459459459,6.56428571428571,6.64,6.73,23,37,7,10,50,1174,570,604,84,431,743,7.13968771720613,7.59798070175439,6.70719268211921,6.98988095238095,7.16704663573086,7.12381733512786,40
"42",2009,3,7.36190476190476,42,7.91739130434783,6.68947368421053,7.1,7.625,7.3,23,19,5,8,34,1216,593,623,89,439,777,7.14736297697369,7.61036930860034,6.70665229534511,6.99606741573034,7.17539202733485,7.13152674388674,41
"43",2009,4,7.13461538461539,52,8.05,6.72777777777778,7,5.83333333333333,7.30434782608696,16,36,4,6,46,1268,609,659,93,445,823,7.14684020504732,7.62191954022989,6.70780634294386,6.99623655913979,7.15729685393258,7.1411862454435,42
"44",2009,5,6.75952380952381,42,7.58333333333333,6.62222222222222,6.9375,6.58333333333333,6.80757575757576,6,36,8,9,33,1310,615,695,101,454,856,7.13442242748092,7.6215430894309,6.70337320863309,6.99158415841584,7.14591872246696,7.12832509345794,43
"45",2009,6,7.21794871794872,39,7.70588235294118,6.84090909090909,7.08333333333333,7.54545454545454,7.08928571428571,17,22,6,11,28,1349,632,717,107,465,884,7.13683719792439,7.62381170886076,6.70759327754533,6.99672897196262,7.15537010752688,7.1270885520362,44
"46",2009,7,7.04857142857143,35,7.56428571428571,6.7047619047619,7.1,7,7.05666666666667,14,21,3,5,30,1384,646,738,110,470,914,7.1346050433526,7.62252167182663,6.7075127100271,6.99954545454545,7.15371723404255,7.12477711159737,45
"47",2009,8,7.14375,40,7.61764705882353,6.79347826086957,6.77777777777778,7.75,6.9921875,17,23,9,8,32,1424,663,761,119,478,946,7.13486192415731,7.62239668174962,6.7101108804205,6.9827731092437,7.16369686192469,7.12029205073996,46
"48",2009,9,7.06595744680851,47,7.74375,6.71612903225806,7,7.68,6.9,16,31,6,10,37,1471,679,792,125,488,983,7.13266035350102,7.62525625920471,6.71034643939394,6.9836,7.17427684426229,7.11200028484232,47
"49",2009,10,6.96714285714286,35,7.13461538461539,6.86818181818182,6.6,6.8,7.034,13,22,5,10,25,1506,692,814,130,498,1008,7.12881366533865,7.61603901734104,6.71461226044226,6.96884615384615,7.16676124497992,7.11006575396825,48
"50",2009,11,6.94,55,7.3875,6.75641025641026,7.0625,7.31818181818182,6.84545454545455,16,39,8,11,44,1561,708,853,138,509,1052,7.12216103779629,7.61087429378531,6.7165233059789,6.97427536231884,7.17003359528487,7.09899836501901,49
"51",2009,12,7.05686274509804,51,7.37083333333333,6.77777777777778,7.0625,7.61538461538461,6.86578947368421,24,27,8,13,38,1612,732,880,146,522,1090,7.12009514888338,7.60300409836066,6.71840270454546,6.9791095890411,7.18112471264368,7.09086814678899,50
"52",2010,1,6.70714285714286,49,6.88846153846154,6.64166666666667,6.25,5.82777777777778,6.905,13,36,8,9,40,1661,745,916,154,531,1130,7.1079129319687,7.5905355704698,6.71538687772926,6.94123376623377,7.15818662900188,7.08428874336283,51
"53",2010,2,6.70428571428571,35,7.09285714285714,6.4452380952381,7.0125,6.8,6.666,14,21,8,10,25,1696,759,937,162,541,1155,7.09958336084906,7.5813557312253,6.70933231590182,6.94475308641975,7.15156580406654,7.07523487445887,52
"54",2010,3,6.67424242424242,33,7,6.53260869565217,7.08333333333333,6.0625,6.75862068965517,10,23,6,4,29,1729,769,960,168,545,1184,7.09146522845576,7.57379583875163,6.7050983125,6.94970238095238,7.14357266055046,7.06747996621622,53
"55",2010,4,7.30689655172414,29,8.075,7.01428571428571,7.325,7.39285714285714,7.27954545454545,8,21,4,7,22,1758,777,981,172,552,1206,7.09501898748578,7.57895624195624,6.71171700305811,6.95843023255814,7.14673387681159,7.07134849087894,54
"56",2010,5,7.06666666666667,27,7.3,6.90625,7.33333333333333,7.3,7.01363636363636,11,16,3,5,22,1785,788,997,175,557,1228,7.09459012885154,7.57506218274112,6.71483889669007,6.96485714285714,7.14810969479354,7.07031456026058,55
"57",2010,6,7.08947368421053,19,7.61111111111111,6.62,7,7.84,6.82142857142857,9,10,1,5,14,1804,797,1007,176,562,1242,7.09453624168515,7.57546925972397,6.71389710029792,6.96505681818182,7.1542653024911,7.0675090821256,56
"58",2010,7,7.18095238095238,21,7.13636363636364,7.23,6,7.675,7.06470588235294,11,10,1,4,17,1825,808,1017,177,566,1259,7.09553061917808,7.56949133663367,6.71897185840708,6.95960451977401,7.15794540636042,7.06747123113582,57
"59",2010,8,7.11481481481481,27,7.72142857142857,6.46153846153846,6.33333333333333,7.33333333333333,7.00555555555556,14,13,3,9,18,1852,822,1030,180,575,1277,7.09581176025918,7.57207907542579,6.71572269902913,6.94916666666667,7.16069060869565,7.06659849647612,58
"60",2010,9,7.05,20,7.5,6.9,7.75,6.3,7.13333333333333,5,15,2,2,18,1872,827,1045,182,577,1295,7.09532231837607,7.57164328899637,6.7183678277512,6.95796703296703,7.15770727902946,7.06752608494208,59
"61",2010,10,7.075,20,7.5,6.93333333333333,7.5,7,7.1,5,15,1,5,15,1892,832,1060,183,582,1310,7.09510749471459,7.57121274038462,6.72140979245283,6.96092896174863,7.15635240549828,7.06789792366412,60
"62",2010,11,6.959375,32,7.375,6.71,7.2,7.15,6.87272727272727,12,20,5,10,22,1924,844,1080,188,592,1332,7.09284998960499,7.56842298578199,6.7211985,6.96728723404255,7.15624510135135,7.06467438438438,61
"63",2010,12,7.16630434782609,46,7.86315789473684,6.67592592592593,7.12,6.9375,7.21447368421053,19,27,5,8,38,1970,863,1107,193,600,1370,7.09456516751269,7.57491193511008,6.72009429087624,6.97124352331606,7.1533285,7.06882940145985,62
"64",2011,1,6.75227272727273,44,7.07272727272727,6.43181818181818,7.2,6.375,6.79,22,22,5,4,40,2014,885,1129,198,604,1410,7.08708708043694,7.56242824858757,6.71447686448184,6.9770202020202,7.14817400662252,7.06091934751773,63
"65",2011,2,6.98913043478261,23,7.375,6.78333333333333,6,7,6.9875,8,15,2,3,20,2037,893,1144,200,607,1430,7.0859810407462,7.56074916013438,6.7153797027972,6.96725,7.14744168039539,7.0598925034965,64
"66",2011,3,6.83055555555556,36,7.33333333333333,6.57916666666667,6.875,7.07142857142857,6.77241379310345,12,24,4,7,29,2073,905,1168,204,614,1459,7.08154528702364,7.55773370165746,6.71258080479452,6.96544117647059,7.14657508143322,7.05417839616175,65
"67",2011,4,7.14761904761905,21,7.57142857142857,6.93571428571429,7,7,7.20666666666667,7,14,3,6,15,2094,912,1182,207,620,1474,7.08220791786056,7.55783881578948,6.71522367174281,6.96594202898551,7.14515661290323,7.05573017639077,66
"68",2011,5,6.8551724137931,29,7.6,6.46315789473684,6.5,6.75,6.86296296296296,10,19,4,2,27,2123,922,1201,211,622,1501,7.07910663212435,7.55829609544469,6.71123595337219,6.95710900473934,7.14388601286174,7.05226267821452,67
"69",2011,6,6.58333333333333,18,7.3125,6,6.5,6.71428571428571,6.5,8,10,4,7,11,2141,930,1211,215,629,1512,7.07493852405418,7.55618172043011,6.70536282411231,6.94860465116279,7.13910508744038,7.04824489417989,68
"70",2011,7,6.86,25,7.36363636363636,6.46428571428571,5.2,6,7.075,11,14,5,5,20,2166,941,1225,220,634,1532,7.07245770083103,7.55393092454835,6.70260765714286,6.90886363636364,7.13012160883281,7.04859417754569,69
"71",2011,8,6.84166666666667,24,7.16666666666667,6.73333333333333,6.85555555555556,6.95714285714286,6.79411764705882,6,18,9,7,17,2190,947,1243,229,641,1549,7.06992848401827,7.55147729672651,6.70305259855189,6.90676855895196,7.12823260530421,7.04580134280181,70
"72",2011,9,6.91304347826087,23,7.36363636363636,6.5,6.7,7.35714285714286,6.71875,11,12,5,7,16,2213,958,1255,234,648,1565,7.06829795752372,7.54932045929019,6.70111105976096,6.90235042735043,7.13070540123457,7.04245768690096,71
"73",2011,10,6.85238095238095,21,7.6,6.17272727272727,4.95,6.875,6.83846153846154,10,11,2,8,13,2234,968,1266,236,656,1578,7.06626829901522,7.54984400826446,6.69652004739337,6.88580508474576,7.12758704268293,7.04077711026616,72
"74",2011,11,6.545,20,7.3,6.29333333333333,5.9,5.5,6.6,5,15,4,1,19,2254,973,1281,240,657,1597,7.06164302573203,7.54856012332991,6.69179889149102,6.869375,7.1251097412481,7.03553304946775,73
"75",2011,12,6.798,25,8.30555555555556,5.95,5.67142857142857,5.33333333333333,7.26052631578947,9,16,7,6,19,2279,982,1297,247,663,1616,7.05875093462045,7.55549796334012,6.68264794140324,6.83542510121457,7.10889457013575,7.03817839108911,74
"76",2012,1,5.93965517241379,29,6.85714285714286,5.64772727272727,6.15,5.25,6.05,7,22,5,4,25,2308,989,1319,252,667,1641,7.04468950606586,7.55055510616785,6.66538618650493,6.8218253968254,7.09774677661169,7.02312387568556,75
"77",2012,2,6.85,20,7.22222222222222,6.54545454545455,6.5,6.1,7.1,9,11,4,5,15,2328,998,1330,256,672,1656,7.04301691580756,7.54759418837676,6.66439427067669,6.816796875,7.09032306547619,7.0238202173913,76
"78",2012,3,7.17391304347826,23,7.25,7.09090909090909,8,7.5,7.08333333333333,12,11,1,5,18,2351,1010,1341,257,677,1674,7.04429748192259,7.54405841584159,6.66789290082028,6.82140077821012,7.09334874446086,7.02446014336917,77
"79",2012,4,6.85384615384615,13,7.26666666666667,6.5,5.75,NA,6.85384615384615,6,7,2,0,13,2364,1016,1348,259,677,1687,7.0432501607445,7.54242027559055,6.66702105341246,6.81312741312741,7.09334874446086,7.02314539419087,78
"80",2012,5,7.16842105263158,19,7.4375,6.97272727272727,7.56666666666667,7,7.17777777777778,8,11,3,1,18,2383,1024,1359,262,678,1705,7.04424816617709,7.5416005859375,6.66949549668874,6.82175572519084,7.0932110619469,7.02477787683284,79
"81",2012,6,6.98392857142857,28,7.21428571428571,6.75357142857143,7.04285714285714,7.76,6.81521739130435,14,14,7,5,23,2411,1038,1373,269,683,1728,7.04354764827872,7.5371859344894,6.67035278951202,6.8275092936803,7.09809238653001,7.02198858796296,80
"82",2012,7,6.796,30,7.6,6.394,6.5,7.375,6.58545454545455,10,20,5,8,22,2441,1048,1393,274,691,1750,7.04050527652601,7.53778530534351,6.66638505384063,6.82153284671533,7.1012982633864,7.01650073142857,81
"83",2012,8,7.16666666666667,15,7.78571428571429,6.625,7,8.5,6.96153846153846,7,8,1,2,13,2456,1055,1401,275,693,1763,7.04127580618893,7.53943033175356,6.6661487366167,6.82218181818182,7.10533492063492,7.0160954509359,82
"84",2012,9,6.65217391304348,23,7.7,6.36111111111111,6.05,6.46666666666667,6.71764705882353,5,18,6,6,17,2479,1060,1419,281,699,1780,7.03766574425171,7.54018773584906,6.66227933756166,6.80569395017794,7.09985278969957,7.0132451011236,83
"85",2012,10,7.13478260869565,23,7.37333333333333,6.6875,6.875,6.9,7.2,15,8,4,5,18,2502,1075,1427,285,704,1798,7.03855850519584,7.53785953488372,6.66242072880168,6.80666666666667,7.09843338068182,7.01511472747497,84
"86",2012,11,7.08518518518519,27,7.4375,6.93684210526316,6.86,6.5,7.29,8,19,5,7,20,2529,1083,1446,290,711,1818,7.03905629893238,7.53711819021238,6.66602654218534,6.80758620689655,7.09254163150492,7.01813876787679,85
"87",2012,12,7.20384615384615,26,7.84615384615385,6.56153846153846,6.8,7.75,6.96111111111111,13,13,5,8,18,2555,1096,1459,295,719,1836,7.04073322113503,7.54078375912409,6.66509553118574,6.80745762711864,7.09985688456189,7.01757967320261,86
"88",2013,1,6.93333333333333,18,7.58333333333333,6.60833333333333,6.66666666666667,7.5,6.77142857142857,6,12,3,4,14,2573,1102,1471,298,723,1850,7.03998188107268,7.54101542649728,6.66463248130523,6.80604026845637,7.10207067773167,7.01571690810811,87
"89",2013,2,6.60384615384615,26,6.91666666666667,6.51,6.7,6.41666666666667,6.66,6,20,5,6,20,2599,1108,1491,303,729,1870,7.03561884570989,7.5376344765343,6.66255826961771,6.8042904290429,7.09642949245542,7.01191244919786,88
"90",2013,3,7.10555555555556,18,7.48888888888889,6.72222222222222,7.5,8.25,6.77857142857143,9,9,2,4,14,2617,1117,1500,305,733,1884,7.03609987772258,7.53724171888989,6.66291625333333,6.80885245901639,7.10272455661664,7.010178492569,89
"91",2013,4,6.63333333333333,15,7.13636363636364,5.25,6.5,8,6.29166666666667,11,4,2,3,12,2632,1128,1504,307,736,1896,7.03380447568389,7.53333244680851,6.65915849734043,6.80684039087948,7.10638192934783,7.00563094936709,90
"92",2013,5,6.98333333333333,24,7.85,6.36428571428571,6,6.95,6.99444444444444,10,14,1,6,18,2656,1138,1518,308,742,1914,7.03334841114458,7.5361151142355,6.65643898550725,6.80422077922078,7.10511738544474,7.00552574712644,91
"93",2013,6,6.78421052631579,19,6.83333333333333,6.74,6.5,6.4,6.96153846153846,9,10,4,6,13,2675,1147,1528,312,748,1927,7.03157883364486,7.53060069747167,6.65698585078534,6.80032051282051,7.09946136363636,7.00522899844318,92
"94",2013,7,6.92222222222222,18,7.4,6.73846153846154,6.4,8,6.85882352941176,5,13,5,1,17,2693,1152,1541,317,749,1944,7.0308478945414,7.53003385416667,6.6576731862427,6.79400630914826,7.10066368491322,7.0039487037037,93
"95",2013,8,6.95833333333333,12,7.57142857142857,6.1,6.16666666666667,7.4,6.64285714285714,7,5,3,5,7,2705,1159,1546,320,754,1951,7.03052620332717,7.53028386540121,6.65586958602846,6.788125,7.10264867374005,7.00265314197847,94
"96",2013,9,6.15625,16,7.16666666666667,5.92307692307692,6.66666666666667,4.5,6.39285714285714,3,13,3,2,14,2721,1162,1559,323,756,1965,7.025385292172,7.52934509466437,6.64975906350224,6.78699690402477,7.09576335978836,6.9983085394402,95
"97",2013,10,6.84705882352941,17,6.66666666666667,6.94545454545455,6.91666666666667,7.25,6.48888888888889,6,11,6,8,9,2738,1168,1570,329,764,1974,7.0242780788897,7.52491352739726,6.65183081528662,6.78936170212766,7.09737840314136,6.99598595744681,96
"98",2013,11,6.608,25,7.33333333333333,6.37894736842105,6.91666666666667,7.16666666666667,6.43157894736842,6,19,6,6,19,2763,1174,1589,335,770,1993,7.02051153818313,7.52393441226576,6.64856789175582,6.79164179104478,7.09791831168831,6.99060525840441,97
"99",2013,12,6.92391304347826,23,7.515,6.46923076923077,5.33333333333333,7.4,6.75588235294118,10,13,3,6,17,2786,1184,1602,338,776,2010,7.01971406317301,7.5238589527027,6.64711259675406,6.77869822485207,7.10025399484536,6.98862003980099,98
"100",2014,1,6.64285714285714,21,7.5,6.21428571428571,6.41666666666667,7,6.58333333333333,7,14,6,3,18,2807,1191,1616,344,779,2028,7.01689468471678,7.52371872376155,6.64336285891089,6.77238372093023,7.09986790757381,6.98502282051282,99
"101",2014,2,6.025,18,6.94,5.67307692307692,5.5,6.5,5.88928571428571,5,13,3,4,14,2825,1196,1629,347,783,2042,7.01057464778761,7.52127842809365,6.63561963167588,6.76138328530259,7.09680344827586,6.97751042115573,100
"102",2014,3,6.42352941176471,17,6.92857142857143,6.07,5.56666666666667,6.4,6.42857142857143,7,10,3,3,14,2842,1203,1639,350,786,2056,7.00706311752287,7.51782959268496,6.63216862721172,6.75114285714286,7.09414389312977,6.97377250972763,101
"103",2014,4,6.69857142857143,14,7.05,6.50333333333333,7.9,6.8125,6.653,5,9,2,4,10,2856,1208,1648,352,790,2066,7.00555090336134,7.51589321192053,6.63146503640777,6.75767045454545,7.09271784810126,6.97221988383349,102
"104",2014,5,6.645,22,7.5,6.324375,6.5,6.33333333333333,6.69421052631579,6,16,6,3,19,2878,1214,1664,358,793,2085,7.00279478109798,7.51581466227348,6.62851224759615,6.75335195530726,7.08984501891551,6.96968646522782,103
"105",2014,6,6.13636363636364,11,7.15,5.91111111111111,6,6.55,5.9,2,9,6,4,7,2889,1216,1673,364,797,2092,6.99949580477674,7.51521299342105,6.62465294680215,6.74093406593407,7.0871356336261,6.966107208413,104
"106",2014,7,6.85714285714286,14,7.36666666666667,6.475,5.25,6.75,6.875,6,8,2,2,12,2903,1222,1681,366,799,2104,6.99880929383396,7.51448363338789,6.62394073765616,6.7327868852459,7.08629173967459,6.96558758555133,105
"107",2014,8,6.36857142857143,14,7.132,5.94444444444444,6,7.66,6.26923076923077,5,9,3,1,13,2917,1227,1690,369,800,2117,6.99578449777168,7.5129250203749,6.6203221183432,6.72682926829268,7.087008875,6.96131142182333,106
"108",2014,9,6.76428571428571,14,8.15,6.21,6.35,7.6,6.625,4,10,4,2,12,2931,1231,1700,373,802,2129,6.99467873763221,7.51499512591389,6.61790845882353,6.72278820375335,7.08828815461346,6.95941581963363,107
"109",2014,10,6.4625,20,6.89285714285714,6.23076923076923,6.5,5.8,6.68333333333333,7,13,4,5,15,2951,1238,1713,377,807,2144,6.99107196882413,7.51147738287561,6.6149704495038,6.72042440318302,7.08030619578686,6.95748427238806,108
"110",2014,11,6.93625,16,8.33333333333333,6.61384615384615,7.75,6.66666666666667,6.99846153846154,3,13,2,3,13,2967,1241,1726,379,810,2157,6.99077633299629,7.51346414182111,6.61496198146002,6.72585751978892,7.07877419753086,6.95773123783032,109
"111",2014,12,6.9965,20,7.44444444444444,6.63,7.33333333333333,7.4,6.862,9,11,3,5,15,2987,1250,1737,382,815,2172,6.99081465684633,7.5129672,6.61505721358665,6.73062827225131,7.08074490797546,6.95707011049724,110
"112",2015,1,6.408,25,7.175,6.04705882352941,6.8,5.8125,6.68823529411765,8,17,1,8,17,3012,1258,1754,383,823,2189,6.98597721779548,7.51081796502385,6.60955209806157,6.73080939947781,7.06841688942892,6.95498231155779,111
"113",2015,2,7.06818181818182,22,7.45833333333333,6.6,7.1,7.58,6.91764705882353,12,10,3,5,17,3034,1270,1764,386,828,2206,6.98657329597891,7.5103220472441,6.60949794784581,6.73367875647668,7.07150615942029,6.95469459655485,112
"114",2015,3,6.69,20,6.92857142857143,6.56153846153846,6.5,6.75,6.675,7,13,2,4,16,3054,1277,1777,388,832,2222,6.98463110019646,7.50713312451057,6.60914709060214,6.73247422680412,7.06996045673077,6.95268059405941,113
"115",2015,4,6.75,11,7.58333333333333,6.4375,6.5,5.5,7.02777777777778,3,8,2,2,9,3065,1280,1785,390,834,2231,6.98378903099511,7.50731171875,6.60837780392157,6.73128205128205,7.06619556354916,6.952983541013,114
"116",2015,5,7.1875,16,7.57142857142857,6.88888888888889,8,7,7.2,7,9,1,1,15,3081,1287,1794,391,835,2246,6.98484692632262,7.50766045066045,6.60978505016722,6.73452685421995,7.06611628742515,6.95463325022262,115
"117",2015,6,6.70333333333333,15,7.94375,5.28571428571429,4,8.5,6.42692307692308,8,7,1,2,13,3096,1295,1801,392,837,2259,6.98348300387597,7.51035444015444,6.60463874514159,6.72755102040816,7.06954253285543,6.95159640548915,116
"118",2015,7,7.04117647058824,17,7.06363636363636,7,7,7.5,7.0125,11,6,1,1,16,3113,1306,1807,393,838,2275,6.98379806617411,7.50659188361409,6.60595151079137,6.72824427480916,7.07005620525059,6.95202473846154,117
"119",2015,8,7.10869565217391,23,8.04545454545454,6.25,6.33333333333333,7.33333333333333,7.02941176470588,11,12,3,6,17,3136,1317,1819,396,844,2292,6.9847140880102,7.51109263477601,6.60360328752062,6.72525252525253,7.07192784360189,6.95259872600349,118
"120",2015,9,6.73076923076923,13,7.075,6.57777777777778,7,8,6.5,4,9,2,2,11,3149,1321,1828,398,846,2303,6.98366572880279,7.50977214231643,6.60347613785558,6.72663316582915,7.07412186761229,6.95043694311767,119
"121",2015,10,7.13888888888889,18,7.35,6.875,7,7.2,7.11538461538461,10,8,3,5,13,3167,1331,1836,401,851,2316,6.98454795705715,7.50857175056349,6.60465924836601,6.7286783042394,7.07486145710928,6.95136281519862,120
"122",2015,11,6.51666666666667,18,7.35714285714286,5.98181818181818,6,7.2,6.25384615384615,7,11,2,5,13,3185,1338,1847,403,856,2329,6.9819037299843,7.50777952167414,6.600949853817,6.72506203473946,7.07559240654205,6.94746942035208,121
"123",2015,12,6.96470588235294,17,7.3125,6.65555555555556,6.5,7,6.96,8,9,2,2,15,3202,1346,1856,405,858,2344,6.98181242348532,7.50661887072808,6.60121464439655,6.72395061728395,7.0754162004662,6.94754960750853,122
"124",2016,1,6.39615384615385,26,7.47777777777778,5.82352941176471,5.7,6,6.515,9,17,5,6,20,3228,1355,1873,410,864,2364,6.97709522304833,7.50642730627306,6.59415610250934,6.71146341463415,7.06794803240741,6.94389013536379,123
"125",2016,2,6.64,10,7.63333333333333,6.21428571428571,6,5.5,6.76666666666667,3,7,2,1,9,3238,1358,1880,412,865,2373,6.97605416306362,7.50670765832106,6.59274169148936,6.70800970873786,7.06613537572254,6.94321798567214,124
"126",2016,3,6.68125,16,7.73333333333333,6.05,5.75,7.33333333333333,6.53076923076923,6,10,4,3,13,3254,1364,1890,416,868,2386,6.97460460356484,7.50770454545455,6.58987004232804,6.69879807692308,7.06705887096774,6.94097077954736,125
"127",2016,4,6.35833333333333,12,6.8,6.04285714285714,5,6,6.47777777777778,5,7,2,3,9,3266,1369,1897,418,871,2395,6.97234028781384,7.50511979547115,6.58785154454402,6.69066985645933,7.06338358208955,6.93923017954071,126
"128",2016,5,7.23846153846154,13,7.28571428571429,7.18333333333333,7.05,6.5,7.3,7,6,2,1,12,3279,1376,1903,420,872,2407,6.97339535834096,7.50400363372093,6.5897290488702,6.69238095238095,7.0627375,6.94102878271707,127
"129",2016,6,5.875,8,7,5.71428571428571,5,5.66666666666667,6,1,7,1,3,5,3287,1377,1910,421,875,2412,6.97072205050198,7.50363761801017,6.58652061780105,6.68836104513064,7.05795097142857,6.93907805970149,128
"130",2016,7,7.2,12,7.5,6.9,7,8,7.04,6,6,4,2,10,3299,1383,1916,425,877,2422,6.97155604122461,7.50362183658713,6.58750228601253,6.69129411764706,7.06009931584948,6.93949474814203,129
"131",2016,8,6.73684210526316,19,6.61111111111111,6.85,7,7.25,6.6,9,10,6,4,15,3318,1392,1926,431,881,2437,6.97021198915009,7.49785129310345,6.58886520249221,6.69559164733179,7.06096152099886,6.93740512105047,130
"132",2016,9,6.22222222222222,9,7,6.125,5.66666666666667,6,6.28571428571429,1,8,3,2,7,3327,1393,1934,434,883,2444,6.96818857228735,7.49749389806174,6.58694642192348,6.68847926267281,7.05855843714609,6.93553857610475,131
"133",2016,10,6.36666666666667,15,7.07142857142857,5.75,6.2,5.75,6.59090909090909,7,8,3,4,11,3342,1400,1942,437,887,2455,6.96548874326751,7.49536357142857,6.58349865087539,6.68512585812357,7.05265738444194,6.93399441140529,132
"134",2016,11,6.77272727272727,11,7,6.72222222222222,7.125,7.5,6.61111111111111,2,9,4,2,9,3353,1402,1951,441,889,2464,6.96485636146734,7.49465691868759,6.58413858534085,6.6891156462585,7.05366377952756,6.9328150487013,133
"135",2016,12,6.4,19,7.45,5.63636363636364,5.7,5,6.47777777777778,8,11,5,1,18,3372,1410,1962,446,890,2482,6.96167360023725,7.49440354609929,6.57882486238532,6.6780269058296,7.05135629213483,6.92951502014504,134
"136",2017,1,6.70588235294118,17,7.17777777777778,6.175,6,7.4,6.49230769230769,9,8,2,4,13,3389,1419,1970,448,894,2495,6.96039049277073,7.49239534883721,6.577184964467,6.675,7.05291621923937,6.92723698597194,135
"137",2017,2,6.76666666666667,15,7.8,6.25,6,6.25,6.95454545454545,5,10,3,4,11,3404,1424,1980,451,898,2506,6.95953683313749,7.49347542134832,6.57553251515152,6.67050997782705,7.04933975501113,6.92735685554669,136
"138",2017,3,6.53333333333333,12,6.98333333333333,6.08333333333333,7,6.95,6.45,6,6,1,2,10,3416,1430,1986,452,900,2516,6.95803963114754,7.49133496503496,6.57404550855992,6.6712389380531,7.049119,6.92545957074722,137
"139",2017,4,6.85833333333333,12,7.21666666666667,6.5,6.5,6.43333333333333,7,6,6,4,3,9,3428,1436,1992,456,903,2525,6.95769060093349,7.49018732590529,6.57382247991968,6.66973684210526,7.04707320044297,6.92572525940594,138
"140",2017,5,6.77857142857143,14,6.98571428571429,6.57142857142857,6.4,7,6.76153846153846,7,7,3,1,13,3442,1443,1999,459,904,2538,6.95696205113306,7.48774012474012,6.57381409704852,6.66797385620915,7.04702112831858,6.92488427107959,139
"141",2017,6,6.66666666666667,9,7.66666666666667,6.16666666666667,6.33333333333333,6,6.85714285714286,3,6,3,2,7,3451,1446,2005,462,906,2545,6.95620497826717,7.48811134163209,6.57259570074813,6.66580086580087,7.04470982339956,6.92469794891945,140
"142",2017,7,6.85384615384615,13,7.16666666666667,6.76,6.5,6.65,6.94444444444444,3,10,2,4,9,3464,1449,2015,464,910,2554,6.95582083718245,7.48744582470669,6.57352574689826,6.66508620689655,7.04297483516483,6.92476753328113,141
"143",2017,8,6.58333333333333,6,7,6.5,7,6.5,6.6,1,5,2,1,5,3470,1450,2020,466,911,2559,6.95517676657061,7.48710965517241,6.57334375247525,6.66652360515021,7.04237881448957,6.9241329738179,142
"144",2017,9,6.54,10,6.98571428571429,5.5,NA,7,6.48888888888889,7,3,0,1,9,3480,1457,2023,466,912,2568,6.95398372988506,7.48470075497598,6.57175204152249,6.66652360515021,7.04233234649123,6.92260758566978,143
"145",2017,10,6.66666666666667,9,7.5,6.5625,6.25,6.25,6.78571428571429,1,8,4,2,7,3489,1458,2031,470,914,2575,6.95324258526799,7.48471124828532,6.57171559822747,6.66297872340426,7.04059857768052,6.92223544854369,144
"146",2017,11,7,16,7.5,6.77272727272727,6.4,6.66666666666667,7.07692307692308,5,11,5,3,13,3505,1463,2042,475,917,2588,6.95345602853067,7.48476349965824,6.57279842311459,6.66021052631579,7.03937524536532,6.92301247295209,145
"147",2017,12,7.08947368421053,19,8.28571428571429,6.39166666666667,6.26666666666667,7,7.10625,7,12,3,3,16,3524,1470,2054,478,920,2604,6.95418938138479,7.48857755102041,6.57174020447907,6.65774058577406,7.03924684782609,6.92413835637481,146
"148",2018,1,7.43333333333333,15,7.88888888888889,6.75,7.5,8.25,7.13636363636364,9,6,2,4,11,3539,1479,2060,480,924,2615,6.95622022605256,7.49101352265044,6.57225940776699,6.66125,7.0444882034632,6.92503108221797,147
"149",2018,2,6.75,16,7.625,5.875,5.16666666666667,9,6.42857142857143,8,8,3,2,14,3555,1487,2068,483,926,2629,6.95529209001407,7.49173436449227,6.56956207930368,6.651966873706,7.04871177105831,6.92238732597946,148
"150",2018,3,6.95,10,7.125,6.83333333333333,10,10,6.61111111111111,4,6,1,1,9,3565,1491,2074,484,927,2638,6.9552772454418,7.49075050301811,6.57032515911283,6.65888429752066,7.05189546925566,6.9213253525398,149
"151",2018,4,7.26666666666667,9,7.78,6.625,6,8,7.175,5,4,1,1,8,3574,1496,2078,485,928,2646,6.95606138220481,7.4917172459893,6.57043040423484,6.65752577319588,7.05291713362069,6.92209232048375,150
"152",2018,5,6,9,7.33333333333333,5.33333333333333,NA,8,5.42857142857143,3,6,0,2,7,3583,1499,2084,485,930,2653,6.95365988836171,7.49140026684456,6.56686870441459,6.65752577319588,7.05495387096774,6.91815163211459,151
"153",2018,6,6.7,10,8,6.14285714285714,NA,5.5,7.5,3,7,0,4,6,3593,1502,2091,485,934,2659,6.95295390481492,7.49241611185086,6.56544924916308,6.65752577319588,7.04829453961456,6.91946456562618,152
"154",2018,7,6.91,10,6.93333333333333,6.875,NA,6.8,6.9375,6,4,0,2,8,3603,1508,2095,485,936,2667,6.9528346877602,7.49019164456233,6.56604027684964,6.65752577319588,7.04776399572649,6.91951866516686,153
"155",2018,8,6.88461538461539,13,7.16666666666667,6.64285714285714,7.5,6.8,6.9,6,7,1,2,11,3616,1514,2102,486,938,2678,6.95258943030974,7.48890951122853,6.56629608943863,6.65925925925926,7.04723571428571,6.9194384914115,154
"156",2018,9,6.66666666666667,12,7.2,6.28571428571429,5,6,6.72727272727273,5,7,1,1,11,3628,1519,2109,487,939,2689,6.95164371003308,7.48795852534562,6.56536480796586,6.6558521560575,7.04612044728434,6.9186523912235,155
"157",2018,10,7.15714285714286,7,7.53333333333333,6.875,6.5,7,7.18333333333333,3,4,1,1,6,3635,1522,2113,488,940,2695,6.95203944429161,7.48804796320631,6.56595096071936,6.65553278688525,7.04607138297872,6.91924166233766,156
"158",2018,11,7.28235294117647,17,7.75555555555556,6.75,8,8.33333333333333,7.05714285714286,9,8,1,3,14,3652,1531,2121,489,943,2709,6.95357704819277,7.48962050947093,6.56664515794437,6.65828220858896,7.05016659597031,6.91995433001108,157
"159",2018,12,6.36363636363636,11,6,6.5,7,6,6.4,3,8,3,1,10,3663,1534,2129,492,944,2719,6.95180545454545,7.4867073011734,6.56639472992015,6.66036585365854,7.04905413135593,6.91804203015815,158
"160",2019,1,7.05384615384615,13,7.33333333333333,6.81428571428571,8,NA,7.05384615384615,6,7,1,0,13,3676,1540,2136,493,944,2732,6.95216631664853,7.48610974025974,6.56720710674157,6.6630831643002,7.04905413135593,6.91868824304539,159
"161",2019,2,6.7,15,7.15,5.8,6,6.83333333333333,6.66666666666667,10,5,2,3,12,3691,1550,2141,495,947,2744,6.95114152804118,7.48394129032258,6.56541540401682,6.66040404040404,7.04837074973601,6.91758610787172,160
"162",2019,3,6.02777777777778,9,7.25,5.41666666666667,4.5,5.9375,6.1,3,6,2,4,5,3700,1553,2147,497,951,2749,6.94889550810811,7.48348937540245,6.56220511411272,6.65171026156942,7.04369831756046,6.91609904692616,161
"163",2019,4,6.85,10,7.325,6.53333333333333,5.85,NA,6.85,4,6,2,0,10,3710,1557,2153,499,951,2759,6.94862894339623,7.48308220937701,6.5621246539712,6.64849699398798,7.04369831756046,6.91585947082276,162
"164",2019,5,7.50909090909091,11,7.72,7.33333333333333,7,7.66666666666667,7.45,5,6,4,3,8,3721,1562,2159,503,954,2767,6.95028577801666,7.48384058898848,6.56426789254285,6.65129224652087,7.0456573375262,6.91740378749548,163
"165",2019,6,5.88333333333333,6,5.7,6.25,6.25,NA,5.88333333333333,4,2,2,0,6,3727,1566,2161,505,954,2773,6.94856811913067,7.47928416347382,6.56397703840815,6.64970297029703,7.0456573375262,6.9151663469167,164
"166",2019,7,6.64,5,6.66666666666667,6.6,NA,NA,6.64,3,2,0,0,5,3732,1569,2163,505,954,2778,6.94815471061093,7.47773040152964,6.56401034674064,6.64970297029703,7.0456573375262,6.91467108711303,165
"167",2019,8,7.44071428571429,14,7.42857142857143,7.45285714285714,NA,6.5,7.5975,7,7,0,2,12,3746,1576,2170,505,956,2790,6.94999556326748,7.47751205583756,6.56687759447005,6.64970297029703,7.04451579497908,6.91760798566308,166
"168",2019,9,6.72857142857143,14,7.36666666666667,6.25,5.75,6.5,6.76666666666667,6,8,4,2,12,3760,1582,2178,509,958,2802,6.94917111170213,7.47709165613148,6.56571367309458,6.6426326129666,7.04337901878914,6.91696155603141,167
"169",2019,10,6.4,9,NA,6.4,6,6.7,6.25,0,9,1,3,6,3769,1582,2187,510,961,2808,6.94785974529053,7.47709165613148,6.56503172382259,6.64137254901961,7.04230707596254,6.91553642450142,168
"170",2019,11,6.60666666666667,15,7.07142857142857,6.2,NA,7.02,6.4,7,8,0,5,10,3784,1589,2195,510,966,2818,6.94650723572939,7.47530459408433,6.56370131207289,6.64137254901961,7.04219161490683,6.91370698367637,169
"171",2019,12,6.43,10,6.26666666666667,6.5,6.375,6.16666666666667,6.54285714285714,3,7,4,3,7,3794,1592,2202,514,969,2825,6.94514585661571,7.47302701005025,6.56349881017257,6.63929961089494,7.03948101135191,6.91278806371681,170
"172",2020,1,6.725,16,7.08333333333333,6.51,NA,4,6.90666666666667,6,10,0,1,15,3810,1598,2212,514,970,2840,6.94422135958005,7.47156382978723,6.56325695298373,6.63929961089494,7.0363475257732,6.91275573239437,171
"173",2020,2,7.26363636363636,11,7.125,7.63333333333333,5,7,7.32222222222222,8,3,1,2,9,3821,1606,2215,515,972,2849,6.94514090028788,7.46983748443337,6.56470626636569,6.63611650485437,7.03627273662551,6.91404923832924,172
"174",2020,3,6.33,10,6.95,5.91666666666667,4,5.26666666666667,6.78571428571429,4,6,1,3,7,3831,1610,2221,516,975,2856,6.94353520751762,7.46854596273292,6.56295559657812,6.63100775193798,7.03082779487179,6.91373469187675,173
"175",2020,4,6.71428571428571,7,7,6.6,7,7,6.66666666666667,2,5,1,1,6,3838,1612,2226,517,976,2862,6.94311708702449,7.46796464019851,6.56303880503145,6.63172147001934,7.03079620901639,6.91321672955975,174
"176",2020,5,7.30555555555556,9,8.4375,6.4,5.5,6.875,7.42857142857143,4,5,2,2,7,3847,1616,2231,519,978,2869,6.94396500649857,7.47036448019802,6.56267341102645,6.62736030828516,7.03047760736196,6.91447413035901,175
"177",2020,6,6.925,10,7.60714285714286,5.33333333333333,6,7,6.91666666666667,7,3,1,1,9,3857,1623,2234,520,979,2878,6.94391583614208,7.47095440542206,6.56102255147717,6.62615384615385,7.03044647599591,6.91448098679639,176
"178",2020,7,6.8125,8,6.5,7.33333333333333,NA,6.5,7,5,3,0,3,5,3865,1628,2237,520,982,2883,6.94364382406209,7.46797235872236,6.56205828341529,6.62615384615385,7.02882596741344,6.91462930280957,177
"179",2020,8,5.3,5,5.625,4,NA,3,5.875,4,1,0,1,4,3870,1632,2238,520,983,2887,6.94152025322997,7.46345526960784,6.56091348525469,6.62615384615385,7.02472746693794,6.91318887426394,178
"180",2020,9,6.86666666666667,6,7.4,6.33333333333333,7,9,6.44,3,3,1,1,5,3876,1635,2241,521,984,2892,6.94140438080495,7.46333883792049,6.56060882641678,6.62687140115163,7.02673485772358,6.91237077455048,179
"181",2020,10,6.63636363636364,11,6.66666666666667,6.625,NA,NA,6.63636363636364,3,8,0,0,11,3887,1638,2249,521,984,2903,6.94054113197839,7.46187973137973,6.56083787461094,6.62687140115163,7.02673485772358,6.91132493282811,180
"182",2020,11,6.78571428571429,14,7.28571428571429,6.28571428571429,6.5,6.33333333333333,6.90909090909091,7,7,2,3,11,3901,1645,2256,523,987,2914,6.93998548577288,7.46113009118541,6.55998421099291,6.6263862332696,7.02462725430598,6.91131649965683,181
"183",2020,12,6.6,14,7,6.44,6,6,6.7,4,10,2,2,12,3915,1649,2266,525,989,2926,6.93876970114942,7.46001152213463,6.55945471315093,6.624,7.02255520728008,6.91044985645933,182
"184",2021,1,7.04692307692308,13,7.42857142857143,6.60166666666667,4.5,7.83333333333333,6.811,7,6,1,3,10,3928,1656,2272,526,992,2936,6.93912764256619,7.4598786231884,6.55956618838028,6.61996197718631,7.02500715725806,6.91011113079019,183
"185",2021,2,6.34,10,7,6.05714285714286,8,8,5.925,3,7,1,2,8,3938,1659,2279,527,994,2944,6.93760624174708,7.45904701627486,6.55802298376481,6.62258064516129,7.02696891348089,6.90743419836957,184
"186",2021,3,7.05384615384615,13,7.2,6.92857142857143,5,7.06666666666667,7.05,6,7,2,3,10,3951,1665,2286,529,997,2954,6.93798870665654,7.45811351351351,6.55915764654418,6.6164461247637,7.02708836509529,6.90791681787407,185
"187",2021,4,5.24615384615385,13,6.25,4.8,6,6,5.18333333333333,4,9,1,1,12,3964,1669,2295,530,998,2966,6.93244030776993,7.45521809466746,6.55225898910676,6.61528301886792,7.02605921843687,6.90093940660823,186
"188",2021,5,6.64060636363636,11,6.724445,6.54,6.5,6.2,6.684667,6,5,3,1,10,3975,1675,2300,533,999,2976,6.93163271698113,7.4526004,6.55223233913044,6.61463414634146,7.02523233233233,6.90021268481183,187
"189",2021,6,7.16666666666667,9,7.28571428571429,6.75,6,6.66666666666667,7.41666666666667,7,2,1,3,6,3984,1682,2302,534,1002,2982,6.93216366716868,7.45190586801427,6.55240416159861,6.61348314606741,7.02415878243513,6.90125182763246,188
"190",2021,7,7.2,10,7.41666666666667,6.875,NA,NA,7.2,6,4,0,0,10,3994,1688,2306,534,1002,2992,6.93283426389584,7.45178061018957,6.55296373807459,6.61348314606741,7.02415878243513,6.90225031751337,189
"191",2021,8,7.14285714285714,7,10,6.66666666666667,NA,NA,7.14285714285714,1,6,0,0,7,4001,1689,2312,534,1002,2999,6.93320171207198,7.4532893250444,6.55325881487889,6.61348314606741,7.02415878243513,6.90281192064021,190
"192",2021,9,5,3,NA,5,NA,NA,5,0,3,0,0,3,4004,1689,2315,534,1002,3002,6.93175325924076,7.4532893250444,6.5512459524838,6.61348314606741,7.02415878243513,6.90091037641572,191
"193",2021,10,6.91428571428571,7,7.9,6.75,NA,7,6.9,1,6,0,1,6,4011,1690,2321,534,1003,3008,6.93172277486911,7.45355365088757,6.55175975010771,6.61348314606741,7.02413469591226,6.90090856050532,192
"194",2021,11,6.33333333333333,3,6,6.5,NA,6.5,6,1,2,0,2,1,4014,1691,2323,534,1005,3009,6.93127554808171,7.45269406859846,6.55171518725786,6.61348314606741,7.02309164179104,6.90060915586574,193
"195",2021,12,6.98333333333333,12,7.47142857142857,6.3,NA,8.15,6.75,7,5,0,2,10,4026,1698,2328,534,1007,3019,6.93143071286637,7.45277130153121,6.55117456185567,6.61348314606741,7.02532979145978,6.90011028486254,194
"196",2022,1,6.74444444444444,18,7.26666666666667,6.22222222222222,6,6,6.78823529411765,9,9,2,1,17,4044,1707,2337,536,1008,3036,6.9305984297725,7.45179008201523,6.54990773641421,6.61119402985075,7.02431259920635,6.89948384387352,195
"197",2022,2,5.88888888888889,9,6,5.85714285714286,NA,4.25,6.35714285714286,2,7,0,2,7,4053,1709,2344,536,1010,3043,6.92828523316062,7.45009108835576,6.54783889931741,6.61119402985075,7.01881891089109,6.8982362635557,196
"198",2022,3,6.845,16,7.34375,6.34625,6.25,6.77,6.85,8,8,4,1,15,4069,1717,2352,540,1011,3058,6.92795774145982,7.4495956144438,6.54715322278912,6.60851851851852,7.0185727992087,6.89799965663833,197
"199",2022,4,7.25,8,7.66666666666667,7,6,10,6.85714285714286,3,5,1,1,7,4077,1720,2357,541,1012,3065,6.92858966151582,7.44997422674418,6.54811386508273,6.60739371534196,7.02151887351779,6.89790634584013,198
"200",2022,5,7.28571428571429,7,7.66666666666667,7,NA,8,7,3,4,0,2,5,4084,1723,2361,541,1014,3070,6.92920177522037,7.4503515206036,6.54887944938586,6.60739371534196,7.02344881656805,6.89807262214984,199
"201",2022,6,7.62142857142857,7,7.5875,7.66666666666667,NA,NA,7.62142857142857,4,3,0,0,7,4091,1727,2364,541,1014,3077,6.93038622586165,7.45066917776491,6.55029796108291,6.60739371534196,7.02344881656805,6.89971821579461,200
"202",2022,7,6.75,4,NA,6.75,NA,NA,6.75,0,4,0,0,4,4095,1727,2368,541,1014,3081,6.93021002442002,7.45066917776491,6.55063529560811,6.60739371534196,7.02344881656805,6.89952383966245,201
"203",2022,8,6.55,10,7.5,5.91666666666667,NA,5,6.72222222222222,4,6,0,1,9,4105,1731,2374,541,1015,3090,6.92928381242387,7.45078317157712,6.54903301600674,6.60739371534196,7.02145527093596,6.89900742718447,202
"204",2022,9,6.625,4,7,6.25,NA,NA,6.625,2,2,0,0,4,4109,1733,2376,541,1015,3094,6.92898760038939,7.45026293710329,6.54878130471381,6.60739371534196,7.02145527093596,6.89865318358113,203
"205",2022,10,6.31818181818182,11,6.42857142857143,6.125,6.16666666666667,NA,6.31818181818182,7,4,3,0,11,4120,1740,2380,544,1015,3105,6.92735680825243,7.44615268390804,6.54806906722689,6.60496323529412,7.02145527093596,6.89659676328503,204
"206",2022,11,7.05,8,7.06666666666667,7,NA,6.95,7.08333333333333,6,2,0,2,6,4128,1746,2382,544,1017,3111,6.92759448885659,7.44484860824742,6.54844852225021,6.60496323529412,7.02131474926254,6.89695691096111,205
"207",2022,12,6.45,10,6.125,6.66666666666667,6.83333333333333,6.5,6.44444444444444,4,6,3,1,9,4138,1750,2388,547,1018,3120,6.92644032141131,7.44183181142857,6.54874555276382,6.60621572212066,7.02080265225933,6.89565158653846,206
