"","year","month","avg_rating","no_ratings","avg_rating_owned","avg_rating_not_owned","avg_rating_prev_owned","avg_rating_comment","avg_rating_no_comment","no_ratings_owned","no_ratings_not_owned","no_ratings_prev_owned","no_ratings_comment","no_ratings_no_comment","cum_no_ratings","cum_no_ratings_owned","cum_no_ratings_not_owned","cum_no_ratings_prev_owned","cum_no_ratings_comment","cum_no_ratings_no_comment","cum_avg_rating","cum_avg_rating_owned","cum_avg_rating_not_owned","cum_avg_rating_prev_owned","cum_avg_rating_comment","cum_avg_rating_no_comment","month_after_release"
"1",2001,7,5,1,NA,5,NA,NA,5,0,1,0,0,1,1,0,1,0,0,1,5,NA,5,NA,NA,5,0
"2",2001,8,6.71428571428571,7,7,5,NA,7,6.6,6,1,0,2,5,8,6,2,0,2,6,6.5,7,5,NA,7,6.33333333333333,1
"3",2001,9,7,4,7.66666666666667,5,NA,6.66666666666667,8,3,1,0,3,1,12,9,3,0,5,7,6.66666666666667,7.22222222222222,5,NA,6.8,6.57142857142857,2
"4",2001,10,6,3,4.5,9,NA,NA,6,2,1,0,0,3,15,11,4,0,5,10,6.53333333333333,6.72727272727273,6,NA,6.8,6.4,3
"5",2001,11,6.5,6,7,4,NA,6,6.6,5,1,0,1,5,21,16,5,0,6,15,6.52380952380952,6.8125,5.6,NA,6.66666666666667,6.46666666666667,4
"6",2001,12,7,2,7,NA,NA,NA,7,2,0,0,0,2,23,18,5,0,6,17,6.56521739130435,6.83333333333333,5.6,NA,6.66666666666667,6.52941176470588,5
"7",2002,1,4.6,5,4,4.75,NA,3,5,1,4,0,1,4,28,19,9,0,7,21,6.21428571428571,6.68421052631579,5.22222222222222,NA,6.14285714285714,6.23809523809524,6
"8",2002,2,6,4,4,6.66666666666667,7.5,8,5.33333333333333,1,3,2,1,3,32,20,12,2,8,24,6.1875,6.55,5.58333333333333,7.5,6.375,6.125,7
"9",2002,3,6,5,6,6,NA,5.5,6.33333333333333,3,2,0,2,3,37,23,14,2,10,27,6.16216216216216,6.47826086956522,5.64285714285714,7.5,6.2,6.14814814814815,8
"10",2002,4,6,3,6,NA,NA,5,6.5,3,0,0,1,2,40,26,14,2,11,29,6.15,6.42307692307692,5.64285714285714,7.5,6.09090909090909,6.17241379310345,9
"11",2002,5,5.625,4,5.83333333333333,5,NA,NA,5.625,3,1,0,0,4,44,29,15,2,11,33,6.10227272727273,6.36206896551724,5.6,7.5,6.09090909090909,6.10606060606061,10
"12",2002,6,5,2,5,NA,NA,NA,5,2,0,0,0,2,46,31,15,2,11,35,6.05434782608696,6.2741935483871,5.6,7.5,6.09090909090909,6.04285714285714,11
"13",2002,7,6.5,6,6.5,NA,NA,7,6.25,6,0,0,2,4,52,37,15,2,13,39,6.10576923076923,6.31081081081081,5.6,7.5,6.23076923076923,6.06410256410256,12
"14",2002,8,6.57142857142857,7,7,5.5,NA,5,6.83333333333333,5,2,0,1,6,59,42,17,2,14,45,6.16101694915254,6.39285714285714,5.58823529411765,7.5,6.14285714285714,6.16666666666667,13
"15",2002,9,6.83333333333333,3,10,5.25,NA,8,4.5,1,2,0,2,1,62,43,19,2,16,46,6.19354838709677,6.47674418604651,5.55263157894737,7.5,6.375,6.1304347826087,14
"16",2002,10,6.67,10,6.67,NA,NA,6.675,6.66666666666667,10,0,0,4,6,72,53,19,2,20,52,6.25972222222222,6.51320754716981,5.55263157894737,7.5,6.435,6.19230769230769,15
"17",2002,11,5.88888888888889,9,6.6,5,5,6.66666666666667,5.5,5,4,2,3,6,81,58,23,4,23,58,6.21851851851852,6.52068965517241,5.45652173913043,6.25,6.46521739130435,6.12068965517241,16
"18",2002,12,6.16666666666667,12,6.36363636363636,4,NA,6.5,6,11,1,0,4,8,93,69,24,4,27,66,6.21182795698925,6.49565217391304,5.39583333333333,6.25,6.47037037037037,6.10606060606061,17
"19",2003,1,6.90625,16,7.16666666666667,6.125,NA,9,6.60714285714286,12,4,0,2,14,109,81,28,4,29,80,6.31376146788991,6.59506172839506,5.5,6.25,6.6448275862069,6.19375,18
"20",2003,2,6.28571428571429,7,7,4.5,NA,6,6.5,5,2,0,3,4,116,86,30,4,32,84,6.31206896551724,6.61860465116279,5.43333333333333,6.25,6.584375,6.20833333333333,19
"21",2003,3,6.41666666666667,12,6.57142857142857,6.2,NA,6.25,6.5,7,5,0,4,8,128,93,35,4,36,92,6.321875,6.61505376344086,5.54285714285714,6.25,6.54722222222222,6.23369565217391,20
"22",2003,4,6.41666666666667,12,6.55555555555556,6,6,7,6.3,9,3,1,2,10,140,102,38,5,38,102,6.33,6.60980392156863,5.57894736842105,6.2,6.57105263157895,6.24019607843137,21
"23",2003,5,5.96666666666667,15,6.25,5.4,5,6.8125,5,10,5,2,8,7,155,112,43,7,46,109,6.29483870967742,6.57767857142857,5.55813953488372,5.85714285714286,6.61304347826087,6.1605504587156,22
"24",2003,6,5.78571428571429,14,6,5.57142857142857,NA,4.33333333333333,6.18181818181818,7,7,0,3,11,169,119,50,7,49,120,6.25266272189349,6.5436974789916,5.56,5.85714285714286,6.4734693877551,6.1625,23
"25",2003,7,5.80169491525424,59,6.01666666666667,5.57931034482759,3.5,5.47368421052632,5.9575,30,29,1,19,40,228,149,79,8,68,160,6.1359649122807,6.43758389261745,5.56708860759494,5.5625,6.19411764705882,6.11125,24
"26",2003,8,5.92,25,6.33333333333333,5.53846153846154,6,6.16666666666667,5.84210526315789,12,13,1,6,19,253,161,92,9,74,179,6.11462450592885,6.42981366459627,5.56304347826087,5.61111111111111,6.19189189189189,6.08268156424581,25
"27",2003,9,5.79130434782609,23,6.15882352941177,4.75,NA,6.14285714285714,5.6375,17,6,0,7,16,276,178,98,9,81,195,6.08768115942029,6.40393258426966,5.51326530612245,5.61111111111111,6.18765432098765,6.04615384615385,26
"28",2003,10,6.21428571428571,14,6.4,5.75,7,5.5,6.33333333333333,10,4,1,2,12,290,188,102,10,83,207,6.09379310344828,6.40372340425532,5.52254901960784,5.75,6.1710843373494,6.06280193236715,27
"29",2003,11,6.5,6,6,7,6,7.5,6,3,3,1,2,4,296,191,105,11,85,211,6.10202702702703,6.39738219895288,5.5647619047619,5.77272727272727,6.20235294117647,6.06161137440758,28
"30",2003,12,5.66666666666667,9,5.625,6,6,5,6,8,1,1,3,6,305,199,106,12,88,217,6.08918032786885,6.36633165829146,5.5688679245283,5.79166666666667,6.16136363636364,6.05990783410138,29
"31",2004,1,5.68421052631579,19,5.83333333333333,5.42857142857143,6,6.375,5.18181818181818,12,7,2,8,11,324,211,113,14,96,228,6.06543209876543,6.33601895734597,5.56017699115044,5.82142857142857,6.17916666666667,6.01754385964912,30
"32",2004,2,6.13888888888889,18,6.38461538461539,5.5,6,6.8,5.88461538461539,13,5,1,5,13,342,224,118,15,101,241,6.06929824561404,6.33883928571429,5.55762711864407,5.83333333333333,6.20990099009901,6.0103734439834,31
"33",2004,3,5.69230769230769,13,5.69230769230769,NA,NA,6,5.66666666666667,13,0,0,1,12,355,237,118,15,102,253,6.05549295774648,6.30337552742616,5.55762711864407,5.83333333333333,6.2078431372549,5.99407114624506,32
"34",2004,4,5.90625,16,5.9,6,6,5.58333333333333,6.1,15,1,1,6,10,371,252,119,16,108,263,6.04905660377359,6.27936507936508,5.56134453781513,5.84375,6.17314814814815,5.99809885931559,33
"35",2004,5,5.45,20,5.78571428571429,4.66666666666667,NA,5.83333333333333,4.875,14,6,0,12,8,391,266,125,16,120,271,6.01841432225064,6.25338345864662,5.5184,5.84375,6.13916666666667,5.96494464944649,34
"36",2004,6,5.44,15,5.69090909090909,4.75,6,5.4,5.5,11,4,1,9,6,406,277,129,17,129,277,5.99704433497537,6.23104693140794,5.49457364341085,5.85294117647059,6.08759689922481,5.95487364620939,35
"37",2004,7,4.63636363636364,11,5.28571428571429,3.5,3,3,5,7,4,2,2,9,417,284,133,19,131,286,5.96115107913669,6.20774647887324,5.43458646616541,5.55263157894737,6.04045801526718,5.92482517482518,36
"38",2004,8,5.11764705882353,17,5.41666666666667,4.4,NA,4.8,5.25,12,5,0,5,12,434,296,138,19,136,298,5.92811059907834,6.17567567567568,5.39710144927536,5.55263157894737,5.99485294117647,5.89765100671141,37
"39",2004,9,5.35,20,5.54545454545455,5.11111111111111,5.66666666666667,4.375,6,11,9,3,8,12,454,307,147,22,144,310,5.90264317180617,6.15309446254072,5.37959183673469,5.56818181818182,5.90486111111111,5.90161290322581,38
"40",2004,10,5.77083333333333,24,5.88888888888889,5.41666666666667,4,5.1875,6.0625,18,6,1,8,16,478,325,153,23,152,326,5.89602510460251,6.13846153846154,5.38104575163399,5.5,5.8671052631579,5.90950920245399,39
"41",2004,11,5.91304347826087,23,6.29411764705882,4.83333333333333,5,7.33333333333333,5.7,17,6,1,3,20,501,342,159,24,155,346,5.89680638722555,6.14619883040936,5.36037735849057,5.47916666666667,5.89548387096774,5.89739884393063,40
"42",2004,12,6.19130434782609,23,6.31052631578947,5.625,NA,6.68181818181818,5.74166666666667,19,4,0,11,12,524,361,163,24,166,358,5.90973282442748,6.15484764542936,5.36687116564417,5.47916666666667,5.94759036144578,5.89217877094972,41
"43",2005,1,6,37,5.98275862068965,6.0625,NA,5.96153846153846,6.02083333333333,29,8,0,13,24,561,390,171,24,179,382,5.9156862745098,6.14205128205128,5.39941520467836,5.47916666666667,5.94860335195531,5.90026178010471,42
"44",2005,2,5.78611111111111,36,6.15925925925926,4.66666666666667,5.16666666666667,5.76315789473684,5.81176470588235,27,9,3,19,17,597,417,180,27,198,399,5.90787269681742,6.1431654676259,5.36277777777778,5.44444444444444,5.93080808080808,5.89649122807017,43
"45",2005,3,5.47826086956522,23,5.66666666666667,5.125,8,4.375,6.06666666666667,15,8,1,8,15,620,432,188,28,206,414,5.89193548387097,6.12662037037037,5.35265957446808,5.53571428571429,5.87038834951456,5.90265700483092,44
"46",2005,4,5.65454545454545,22,5.84705882352941,5,3,5.1125,5.96428571428571,17,5,1,8,14,642,449,193,29,214,428,5.88380062305296,6.11603563474388,5.34352331606218,5.44827586206897,5.84205607476636,5.90467289719626,45
"47",2005,5,5.91071428571429,28,6.44117647058824,5.09090909090909,6,5.86363636363636,5.94117647058824,17,11,3,11,17,670,466,204,32,225,445,5.88492537313433,6.12789699570816,5.32990196078431,5.5,5.84311111111111,5.90606741573034,46
"48",2005,6,5.84863636363636,22,5.63916666666667,6.1,5.66666666666667,5.63916666666667,6.1,12,10,3,12,10,692,478,214,35,237,455,5.88377167630058,6.11562761506276,5.36588785046729,5.51428571428571,5.83278481012658,5.91032967032967,47
"49",2005,7,5.82941176470588,34,5.93478260869565,5.60909090909091,5,5.94444444444444,5.7,23,11,2,18,16,726,501,225,37,255,471,5.88122589531681,6.1073253493014,5.37777777777778,5.48648648648649,5.84066666666667,5.90318471337579,48
"50",2005,8,5.745,40,6.26896551724138,4.36363636363636,5,5.66153846153846,5.78518518518518,29,11,2,13,27,766,530,236,39,268,498,5.87411227154047,6.11616981132076,5.33050847457627,5.46153846153846,5.8319776119403,5.89678714859438,49
"51",2005,9,5.72685185185185,27,6.26666666666667,5.05208333333333,5.5,5.61764705882353,5.9125,15,12,3,17,10,793,545,248,42,285,508,5.86909836065574,6.12031192660551,5.31703629032258,5.46428571428571,5.81919298245614,5.89709645669291,50
"52",2005,10,5.96060575757576,33,6.19999958333333,5.32222222222222,4.725,5.77857071428571,6.09473684210526,24,9,4,14,19,826,569,257,46,299,527,5.8727542251816,6.12367309314587,5.31721789883269,5.4,5.81729093645485,5.9042220113852,51
"53",2005,11,6.11111111111111,27,6.325,5.5,5,6.125,6.1,20,7,2,12,15,853,589,264,48,311,542,5.88029893317702,6.13050932088285,5.32206439393939,5.38333333333333,5.82916395498392,5.90964022140221,52
"54",2005,12,5.86363636363636,33,6.32352941176471,5.375,6.5,5.55,6,17,16,2,10,23,886,606,280,50,321,565,5.87967831828442,6.13592407590759,5.32508928571429,5.428,5.82046725856698,5.91331858407079,53
"55",2006,1,5.77021276595745,47,6.17272727272727,4.82142857142857,6.5,5.625,5.87777777777778,33,14,2,20,27,933,639,294,52,341,592,5.87416397642015,6.13782471048513,5.30110544217687,5.46923076923077,5.80900290322581,5.91169763513513,54
"56",2006,2,5.9875,32,6.14,5.73333333333333,7,5.4875,6.4875,20,12,2,16,16,965,659,306,54,357,608,5.87792226943005,6.13789072837633,5.31805555555556,5.52592592592593,5.79459380952381,5.92685032894737,55
"57",2006,3,6.02857142857143,35,6.32142857142857,4.85714285714286,6,6.4375,5.90740740740741,28,7,1,8,27,1000,687,313,55,365,635,5.88319499,6.14537116448326,5.30774760383387,5.53454545454545,5.80868490410959,5.92602362204724,56
"58",2006,4,5.4952380952381,21,5.4625,5.6,5.2,6,5.29333333333333,16,5,5,6,15,1021,703,318,60,371,650,5.87521546523017,6.12982928876245,5.3123427672956,5.50666666666667,5.81177894878706,5.91142307692308,57
"59",2006,5,6.05,26,6.15,5.5,7,5.73076923076923,6.36923076923077,22,4,1,13,13,1047,725,322,61,384,663,5.8795558643744,6.13044136551724,5.31467391304348,5.53114754098361,5.80903643229167,5.92039969834087,58
"60",2006,6,6.425,20,6.75,5.66666666666667,6,6,6.56666666666667,14,6,1,5,15,1067,739,328,62,389,678,5.88977974695408,6.14217860622463,5.32111280487805,5.53870967741935,5.81149097686375,5.93469764011799,59
"61",2006,7,5.796875,32,6.07142857142857,5.27272727272727,5.5,5.71428571428571,5.82,21,11,2,7,25,1099,760,339,64,396,703,5.88707460418562,6.14022367105263,5.31954277286136,5.5375,5.8097727020202,5.93061877667141,60
"62",2006,8,5.90151515151515,33,6.06034482758621,4.75,5.5,5.70454545454545,6,29,4,2,11,22,1132,789,343,66,407,725,5.88749557420495,6.13728769328264,5.31290087463557,5.53636363636364,5.80692872235872,5.93272413793103,61
"63",2006,9,5.953125,32,6,5.85,5.5,5.9,6,22,10,2,15,17,1164,811,353,68,422,742,5.88929981958763,6.13356348951911,5.32811614730878,5.53529411764706,5.81023694312796,5.93426549865229,62
"64",2006,10,5.43888888888889,36,5.83913043478261,4.73076923076923,5,4.625,5.84583333333333,23,13,2,12,24,1200,834,366,70,434,766,5.87578749166667,6.12544363309353,5.30689890710383,5.52,5.77746541474654,5.93149477806788,63
"65",2006,11,5.77926829268293,41,6.09516129032258,4.8,5,5.82894736842105,5.73636363636364,31,10,3,19,22,1241,865,376,73,453,788,5.87259870265915,6.1243583699422,5.29341755319149,5.4986301369863,5.77962470198676,5.92604695431472,64
"66",2006,12,6.04791666666667,48,6.27222222222222,5.375,5,6.08,6.03947368421053,36,12,1,10,38,1289,901,388,74,463,826,5.87912722265322,6.13026635960045,5.29594072164948,5.49189189189189,5.78611228941685,5.93126513317191,65
"67",2007,1,6.05373134328358,67,6.22083333333333,5.63157894736842,5.5,5.51136363636364,6.31888888888889,48,19,6,22,45,1356,949,407,80,485,871,5.88775441740413,6.13484719704953,5.31160933660934,5.4925,5.77364946391753,5.95129161882893,66
"68",2007,2,5.749,50,5.97307692307692,4.95454545454545,5.5,6.58333333333333,5.39142857142857,39,11,3,15,35,1406,988,418,83,500,906,5.88282004978663,6.12846152834008,5.30221291866029,5.49277108433735,5.79793998,5.92966335540839,67
"69",2007,3,6.03333333333333,48,6.2375,5.625,4.5,5.87368421052632,6.13793103448276,32,16,2,19,29,1454,1020,434,85,519,935,5.88778885144429,6.13188234313726,5.31411290322581,5.46941176470588,5.80071289017341,5.93612299465241,68
"70",2007,4,6.27073170731707,41,6.37428571428571,5.66666666666667,6.5,6.45,6.17777777777778,35,6,2,14,27,1495,1055,440,87,533,962,5.8982909632107,6.13992416113744,5.31892045454545,5.49310344827586,5.8177673358349,5.9429054054054,69
"71",2007,5,5.95853658536585,41,6.1962962962963,5.5,5.85714285714286,5.88095238095238,6.04,27,14,7,21,20,1536,1082,454,94,554,982,5.89989908203125,6.14133085951941,5.32450440528634,5.52021276595744,5.82016243682311,5.94488289205703,70
"72",2007,6,5.76060606060606,33,5.98461538461538,4.92857142857143,6,6.3,5.52608695652174,26,7,1,10,23,1569,1108,461,95,564,1005,5.89696940089229,6.13765342057762,5.31849240780911,5.52526315789474,5.82867019503546,5.93529850746269,71
"73",2007,7,6.05882352941176,51,6.42857142857143,5.25,6,5.04166666666667,6.37179487179487,35,16,1,12,39,1620,1143,477,96,576,1044,5.90206480864198,6.14656167104112,5.31619496855346,5.53020833333333,5.81227428819445,5.95160440613027,72
"74",2007,8,6.14042553191489,47,6.37105263157895,5.16666666666667,6,6.06111111111111,6.18965517241379,38,9,2,18,29,1667,1181,486,98,594,1073,5.90878523695261,6.1537849195597,5.31342592592593,5.53979591836735,5.8198147979798,5.95803821062442,73
"75",2007,9,6.15476190476191,42,6.44444444444444,5.63333333333333,6.75,6.09090909090909,6.17741935483871,27,15,2,11,31,1709,1208,501,100,605,1104,5.91483030427151,6.1602814486755,5.32300399201597,5.564,5.82474378512397,5.96419836956522,74
"76",2007,10,6.074,50,6.06666666666667,6.08823529411765,5.625,5.70588235294118,6.26363636363636,33,17,4,17,33,1759,1241,518,104,622,1137,5.9193547413303,6.15779209508461,5.34811776061776,5.56634615384615,5.8214951607717,5.97288918205805,75
"77",2007,11,5.64385964912281,57,5.82051282051282,5.26111111111111,4.83333333333333,5.81333333333333,5.58333333333333,39,18,6,15,42,1816,1280,536,110,637,1179,5.91070759361234,6.1475156171875,5.34519589552239,5.52636363636364,5.82130296703297,5.95901187446989,76
"78",2007,12,5.69576470588235,68,5.86624,5.22222222222222,3.83333333333333,5.63706666666667,5.7421052631579,50,18,3,30,38,1884,1330,554,113,667,1217,5.9029495700637,6.13694134586466,5.34120036101083,5.48141592920354,5.81301647676162,5.9522391125719,77
"79",2008,1,5.86875,80,6.01363636363636,5.55,5.84375,5.65476190476191,5.94491525423729,55,25,8,21,59,1964,1385,579,121,688,1276,5.90155651221996,6.13204475812275,5.35021588946459,5.50537190082644,5.80818603197674,5.95190047021944,78
"80",2008,2,6.352,50,6.66451612903226,5.84210526315789,5.33333333333333,6.375,6.34117647058823,31,19,9,16,34,2014,1416,598,130,704,1310,5.91273931976167,6.14370197033899,5.36584448160535,5.49346153846154,5.82106816761364,5.96200381679389,79
"81",2008,3,5.8375,60,6.19594594594595,5.26086956521739,5.75,5.90217391304348,5.7972972972973,37,23,6,23,37,2074,1453,621,136,727,1347,5.91056267598843,6.14503233998624,5.36195652173913,5.50477941176471,5.82363409903714,5.95747958426132,80
"82",2008,4,5.91145833333333,48,5.94117647058824,5.83928571428571,5.5625,5.94117647058824,5.89516129032258,34,14,4,17,31,2122,1487,635,140,744,1378,5.91058293590952,6.14037121049092,5.37248031496063,5.50642857142857,5.82631987903226,5.95607764876633,81
"83",2008,5,6.40520833333333,48,6.62236842105263,5.58,6,6.59642857142857,6.32647058823529,38,10,1,14,34,2170,1525,645,141,758,1412,5.92152395852535,6.15238163278689,5.37569767441861,5.50992907801418,5.84054352242744,5.96499645892351,82
"84",2008,6,6.03260869565217,46,6.25,5.75,7,5.57142857142857,6.234375,26,20,3,14,32,2216,1551,665,144,772,1444,5.92382986913358,6.15401804642167,5.38695488721805,5.54097222222222,5.83566319948187,5.97096606648199,83
"85",2008,7,5.73166666666667,60,5.94756097560976,5.26578947368421,4.8,5.35789473684211,5.90487804878049,41,19,10,19,41,2276,1592,684,154,791,1485,5.91876405536028,6.14870099874372,5.38358918128655,5.49285714285714,5.82418709228824,5.96914141414141,84
"86",2008,8,6.11071428571429,42,6.30384615384615,5.796875,5.9,6.12142857142857,6.10535714285714,26,16,10,14,28,2318,1618,700,164,805,1513,5.92224201466782,6.15119406056861,5.39303571428572,5.51768292682927,5.82935650931677,5.97166226040978,85
"87",2008,9,5.91346153846154,52,6.38709677419355,5.21428571428571,4.625,5.32352941176471,6.2,31,21,8,17,35,2370,1649,721,172,822,1548,5.9220493628692,6.1556288599151,5.3878294036061,5.47616279069767,5.8188953649635,5.97682493540052,86
"88",2008,10,5.99157894736842,38,6.04214285714286,5.85,5.42857142857143,6.30769230769231,5.8272,28,10,7,13,25,2408,1677,731,179,835,1573,5.92314659053156,6.15373404293381,5.39415184678523,5.47430167597765,5.82650537724551,5.97444691671964,87
"89",2008,11,5.62222222222222,45,5.82592592592593,5.31666666666667,5.66666666666667,5.14285714285714,5.83870967741935,27,18,9,14,31,2453,1704,749,188,849,1604,5.91762616795761,6.14853990023474,5.39228971962617,5.48351063829787,5.81523202591284,5.97182356608479,88
"90",2008,12,5.93269230769231,52,5.95135135135135,5.88666666666667,5.7875,5.58333333333333,6.0375,37,15,8,12,40,2505,1741,764,196,861,1644,5.91793891816368,6.14434921883975,5.40199607329843,5.49591836734694,5.8119999883856,5.97342153284672,89
"91",2009,1,6.05991803278688,122,6.32267605633803,5.69411764705882,5.40769230769231,5.36666666666667,6.31696629213483,71,51,26,33,89,2627,1812,815,222,894,1733,5.92453254282452,6.15133663907285,5.42027607361963,5.48558558558559,5.79556151006711,5.99106462781304,90
"92",2009,2,5.99833333333333,90,6.0936170212766,5.89418604651163,5.7,5.83333333333333,6.03133333333333,47,43,15,15,75,2717,1859,858,237,909,1808,5.9269771770335,6.14987734803658,5.44402680652681,5.49915611814346,5.79618480748075,5.99273506637168,91
"93",2009,3,5.80632911392405,79,5.9625,5.56451612903226,5.83333333333333,6.125,5.74925373134328,48,31,12,12,67,2796,1907,889,249,921,1875,5.92356830829757,6.1451609805978,5.44822834645669,5.51526104417671,5.80046904451683,5.98403466666667,92
"94",2009,4,5.93214285714286,56,6.24137931034483,5.6,5.2,5.86666666666667,5.94468085106383,29,27,10,9,47,2852,1936,916,259,930,1922,5.92373667251052,6.14660226756199,5.4527019650655,5.5030888030888,5.80110966666667,5.98307232049948,93
"95",2009,5,5.77014925373134,67,6.09166666666667,5.39677419354839,5.125,5.03333333333333,5.88448275862069,36,31,12,9,58,2919,1972,947,271,939,1980,5.92021137033231,6.14559938640974,5.45087117212249,5.48634686346864,5.79375078807242,5.98018434343434,94
"96",2009,6,5.90692307692308,65,6.42647058823529,5.33709677419355,4.78571428571429,5.33571428571429,6.17954545454545,34,31,14,21,44,2984,2006,978,285,960,2024,5.91992191353888,6.15035991525424,5.44726482617587,5.4519298245614,5.78373123958333,5.98451828063241,95
"97",2009,7,6.06581081081081,74,6.52953488372093,5.42258064516129,5.11111111111111,5.39285714285714,6.22283333333333,43,31,9,14,60,3058,2049,1009,294,974,2084,5.92345225310661,6.15831722303563,5.4465064420218,5.44149659863946,5.77811292607803,5.99137955854127,96
"98",2009,8,6.37755102040816,49,6.65625,5.85294117647059,6.07142857142857,6.8125,6.16666666666667,32,17,7,16,33,3107,2081,1026,301,990,2117,5.93061377212746,6.16597404613167,5.45324074074074,5.45614617940199,5.79483029292929,5.99411195087388,97
"99",2009,9,5.91527777777778,72,6.39166666666667,5.43888888888889,5.2578947368421,5.76875,5.95714285714286,36,36,19,16,56,3179,2117,1062,320,1006,2173,5.93026643284052,6.16981199338687,5.45275423728814,5.444375,5.79441549701789,5.99315922687529,98
"100",2009,10,5.83484848484848,66,6.0972972972973,5.5,5.95,6.13636363636364,5.77454545454545,37,29,10,11,55,3245,2154,1091,330,1017,2228,5.92832572881356,6.16856638347261,5.45401008249313,5.45969696969697,5.79811405113078,5.98776256732496,99
"101",2009,11,5.87936507936508,63,6.01282051282051,5.6625,5.45,5.7,5.93541666666667,39,24,10,15,48,3308,2193,1115,340,1032,2276,5.9273932859734,6.16579662106703,5.45849775784753,5.45941176470588,5.7966879748062,5.9866586115993,100
"102",2009,12,5.74615384615385,65,5.9609756097561,5.37916666666667,5.30666666666667,5.875,5.71698113207547,41,24,15,12,53,3373,2234,1139,355,1044,2329,5.92390067892084,6.16203759623993,5.45682616330114,5.45295774647887,5.79758811302682,5.98052168312581,101
"103",2010,1,5.86,100,6.13970588235294,5.265625,5.13333333333333,5.53333333333333,5.96315789473684,68,32,15,24,76,3473,2302,1171,370,1068,2405,5.92206075151166,6.16137792788879,5.45160119555935,5.44,5.79164980337079,5.97997297297297,102
"104",2010,2,6.17045454545455,44,6.9,5.5625,5.40909090909091,6,6.21428571428571,20,24,11,9,35,3517,2322,1195,381,1077,2440,5.92516832243389,6.16773987510767,5.45382845188284,5.43910761154856,5.7933908913649,5.98333401639344,103
"105",2010,3,6.00769230769231,52,6.11081081081081,5.75333333333333,5.9375,5.9875,6.01666666666667,37,15,8,16,36,3569,2359,1210,389,1093,2476,5.9263706892687,6.1668469648156,5.45754132231405,5.44935732647815,5.79623237877402,5.98381865912763,104
"106",2010,4,6.19807692307692,52,6.35142857142857,5.88235294117647,5.5,5.78571428571429,6.26222222222222,35,17,10,7,45,3621,2394,1227,399,1100,2521,5.93027257387462,6.16954552631579,5.46342705786471,5.45062656641604,5.79616544545455,5.98878817929393,105
"107",2010,5,6.02894736842105,38,6.18260869565217,5.79333333333333,5.5,5.58,6.0969696969697,23,15,6,5,33,3659,2417,1242,405,1105,2554,5.93129734626947,6.16966983450559,5.4674114331723,5.45135802469136,5.79518732126697,5.99018598277212,106
"108",2010,6,6.14571428571429,35,6.064,6.35,6.5,6.08333333333333,6.15862068965517,25,10,3,6,29,3694,2442,1252,408,1111,2583,5.93332890904169,6.16858803849304,5.47446086261981,5.45906862745098,5.79674346534654,5.99207704219899,107
"109",2010,7,6.26666666666667,42,6.44705882352941,5.5,5.25,4.9,6.69375,34,8,4,10,32,3736,2476,1260,412,1121,2615,5.93707628211992,6.17241195072698,5.47462301587302,5.45703883495146,5.78874396966994,6.00066347992352,108
"110",2010,8,6.09818181818182,55,6.40526315789474,5.41176470588235,5.13888888888889,5.5,6.26511627906977,38,17,9,12,43,3791,2514,1277,421,1133,2658,5.93941360854656,6.17593157915673,5.47378621769773,5.45023752969121,5.78568578111209,6.0049416854778,109
"111",2010,9,5.64893617021277,47,5.96969696969697,4.89285714285714,4,5.33333333333333,5.8448275862069,33,14,4,18,29,3838,2547,1291,425,1151,2687,5.93585643303804,6.17325951707892,5.46748644461658,5.43658823529412,5.77861163336229,6.00321362113882,110
"112",2010,10,6.02068965517241,58,6.32432432432432,5.48571428571429,5.22727272727273,5.88461538461539,6.06,37,21,11,13,45,3896,2584,1312,436,1164,2732,5.93711935061602,6.17542259674923,5.46777820121951,5.43130733944954,5.77979552405498,6.00414897510981,111
"113",2010,11,6,76,6.19387755102041,5.64814814814815,5.5625,5.34375,6.175,49,27,8,16,60,3972,2633,1339,444,1180,2792,5.93832250503525,6.17576604253703,5.47141523525019,5.43367117117117,5.77388304237288,6.00782055873926,112
"114",2010,12,6.0768115942029,69,6.456,5.07894736842105,5.18181818181818,5.64285714285714,6.18727272727273,50,19,11,14,55,4041,2683,1358,455,1194,2847,5.94068720366246,6.18098844204249,5.46592415316642,5.42758241758242,5.77234672529313,6.01128731998595,113
"115",2011,1,6.100625,80,6.46875,5.24166666666667,5.6,6.6,6.00373134328358,56,24,8,13,67,4121,2739,1382,463,1207,2914,5.94379203834021,6.18687184738956,5.46202966714906,5.43056155507559,5.78126096934548,6.01111358956761,114
"116",2011,2,6.03333333333333,81,6.30333333333333,5.26190476190476,5,6.17857142857143,6.00298507462687,60,21,5,14,67,4202,2799,1403,468,1221,2981,5.9455180842456,6.1893683422651,5.45903421240199,5.42596153846154,5.78581653562653,6.01093089567259,115
"117",2011,3,6.11271186440678,59,6.35853658536585,5.55277777777778,5.28571428571429,5.83636363636364,6.17604166666667,41,18,7,11,48,4261,2840,1421,475,1232,3029,5.94783313541422,6.19181055985916,5.46022167487685,5.42389473684211,5.78626784902597,6.01354737537141,116
"118",2011,4,6.01162790697674,43,6.12962962962963,5.8125,6.375,6.03,6.00606060606061,27,16,4,10,33,4304,2867,1437,479,1242,3062,5.94847049024164,6.19122497035229,5.46414405010438,5.43183716075157,5.78823026570048,6.01346668843893,117
"119",2011,5,6.34791666666667,48,6.75625,5.53125,5.08333333333333,6.175,6.40555555555556,32,16,6,12,36,4352,2899,1453,485,1254,3098,5.95287614659927,6.19746187995861,5.46488300068823,5.42752577319588,5.79193141148325,6.01802291801162,118
"120",2011,6,6.02310526315789,38,6.04,5.99061538461538,5.78571428571429,5.5,6.10236363636364,25,13,7,5,33,4390,2924,1466,492,1259,3131,5.9534840523918,6.19611559165527,5.46954502046385,5.43262195121951,5.79077203335981,6.01891184924944,119
"121",2011,7,6.25425531914894,47,6.55147058823529,5.47692307692308,6.17142857142857,6.74615384615385,6.06617647058824,34,13,7,13,34,4437,2958,1479,499,1272,3165,5.9566700450755,6.20020013184585,5.46960987153482,5.44298597194389,5.80053615566038,6.01941958925751,120
"122",2011,8,6.08627450980392,51,6.06486486486487,6.14285714285714,6.21428571428571,5.4,6.16086956521739,37,14,7,5,46,4488,2995,1493,506,1277,3211,5.95814282308378,6.19852821035059,5.4759229738781,5.45365612648221,5.79896788566954,6.02144596698848,121
"123",2011,9,5.938,50,6.23235294117647,5.3125,5.11111111111111,7,5.82,34,16,9,5,45,4538,3029,1509,515,1282,3256,5.95792088805642,6.19890788709145,5.47419019218025,5.44766990291262,5.80365209828393,6.01866185503686,122
"124",2011,10,5.97098360655738,61,6.17363636363636,5.73214285714286,5.71428571428571,6.125,5.93326530612245,33,28,7,12,49,4599,3062,1537,522,1294,3305,5.95809414872799,6.19863552906598,5.47888939492518,5.45124521072797,5.80663214064915,6.01739576399395,123
"125",2011,11,5.72542372881356,59,5.84878048780488,5.44444444444444,4.71428571428571,4.98,5.87755102040816,41,18,7,10,49,4658,3103,1555,529,1304,3354,5.95514705667669,6.1940128875282,5.47849067524116,5.44149338374291,5.80029293711656,6.0153527131783,124
"126",2011,12,6.40975609756098,41,6.70714285714286,5.76923076923077,6,5.83333333333333,6.50857142857143,28,13,5,6,35,4699,3131,1568,534,1310,3389,5.95911363907215,6.19860172149474,5.48090114795918,5.44672284644195,5.80044426717557,6.02044644437887,125
"127",2012,1,6.13253012048193,83,6.2,6.00689655172414,5.87894736842105,5.8,6.23125,54,29,19,19,64,4782,3185,1597,553,1329,3453,5.96212358636554,6.19862542857143,5.49045272385723,5.46157323688969,5.80043791572611,6.02435360556038,126
"128",2012,2,5.82089552238806,67,5.896,5.6,6,5.55,5.92040816326531,50,17,4,18,49,4849,3235,1614,557,1347,3502,5.96017219839142,6.193948064915,5.49160656753408,5.46543985637343,5.79709130660727,6.02289920045688,127
"129",2012,3,5.98333333333333,54,6.23076923076923,5.34,5.2,6.42,5.93877551020408,39,15,5,5,49,4903,3274,1629,562,1352,3551,5.96042728737508,6.19438667990226,5.49021055862492,5.46307829181495,5.79939496301775,6.02173838355393,128
"130",2012,4,6.05846153846154,65,6.325,5.632,5.63846153846154,5.91666666666667,6.09056603773585,40,25,13,12,53,4968,3314,1654,575,1364,3604,5.96170994162641,6.1959631834641,5.49235368802902,5.46704347826087,5.80042667888563,6.02275055493896,129
"131",2012,5,6.16862745098039,51,6.31578947368421,5.73846153846154,5.98571428571429,5.74285714285714,6.23636363636364,38,13,7,7,44,5019,3352,1667,582,1371,3648,5.96381251046025,6.19732159606206,5.49427294541092,5.47328178694158,5.8001327425237,6.02532702850877,130
"132",2012,6,6.25882352941176,51,6.40666666666667,6.04761904761905,6.3,6.36363636363636,6.23,30,21,10,11,40,5070,3382,1688,592,1382,3688,5.96678007692308,6.19917858959196,5.50115699052133,5.48724662162162,5.80461793777134,6.02754690889371,131
"133",2012,7,6.13583333333333,36,6.33478260869565,5.78384615384615,5.6,6.33333333333333,6.09633333333333,23,13,7,6,30,5106,3405,1701,599,1388,3718,5.96797199177439,6.20009456387666,5.50331746031746,5.48856427378965,5.80690345100864,6.02810193652501,132
"134",2012,8,6.06111111111111,45,6.33928571428571,5.60294117647059,5.875,6.775,5.85714285714286,28,17,6,10,35,5151,3433,1718,605,1398,3753,5.96878567074355,6.20122982522575,5.50430325960419,5.49239669421488,5.81382831902718,6.02650759392486,133
"135",2012,9,6.29761904761905,42,6.5,5.65,5.66666666666667,6.05555555555556,6.36363636363636,32,10,6,9,33,5193,3465,1728,611,1407,3786,5.97144521278645,6.20398903030303,5.50514641203704,5.49410801963993,5.81537454868515,6.02944611727417,134
"136",2012,10,5.95818181818182,55,6.25,5.30588235294118,5.52857142857143,5.55,6.09756097560976,38,17,7,14,41,5248,3503,1745,618,1421,3827,5.97130620998476,6.20448815015701,5.50320515759312,5.49449838187702,5.81276002111189,6.03017585576169,135
"137",2012,11,6.07857142857143,63,6.24886363636364,5.68421052631579,6.07142857142857,5.76923076923077,6.159,44,19,7,13,50,5311,3547,1764,625,1434,3877,5.9725786085483,6.20503862137018,5.50515476190476,5.50096,5.81236540446304,6.03183724529275,136
"138",2012,12,6.04516129032258,62,6.16818181818182,5.74444444444444,5.41,6.73529411764706,5.78444444444444,44,18,10,17,45,5373,3591,1782,635,1451,3922,5.97341615298716,6.2045870203286,5.50757182940516,5.49952755905512,5.82317849069607,6.02899872514024,137
"139",2013,1,6.16039603960396,101,6.13561643835616,6.225,6.61818181818182,6.3875,6.11764705882353,73,28,11,16,85,5474,3664,1810,646,1467,4007,5.97686609243698,6.20321287936682,5.51867016574586,5.51857585139319,5.8293333265167,6.03087921138009,138
"140",2013,2,5.92333333333333,60,6.22666666666667,5.62,5.29166666666667,4.71428571428571,6.08301886792453,30,30,12,7,53,5534,3694,1840,658,1474,4060,5.97628568666426,6.20340335408771,5.5203222826087,5.5144376899696,5.82403798507463,6.03155985221675,139
"141",2013,3,5.96229508196721,61,6.03030303030303,5.88214285714286,5.95454545454545,5.72,6.00980392156863,33,28,11,10,51,5595,3727,1868,669,1484,4111,5.97613315281501,6.20187067078079,5.52574571734475,5.52167414050822,5.82333692048518,6.03128995378254,140
"142",2013,4,5.96574074074074,54,6.1025641025641,5.61,5.3,5.8125,5.99239130434783,39,15,5,8,46,5649,3766,1883,674,1492,4157,5.97603380952381,6.20084227031333,5.52641688794477,5.5200296735905,5.82327881367292,6.03085951407265,141
"143",2013,5,6.26085106382979,47,6.38666666666667,5.96428571428571,6,5.97333333333333,6.32894736842105,33,14,5,9,38,5696,3799,1897,679,1501,4195,5.97838395189607,6.20245643327192,5.52964839219821,5.52356406480118,5.82417854097269,6.03355971394517,142
"144",2013,6,6.11698113207547,53,6.26923076923077,5.69285714285714,5.33333333333333,6.43181818181818,6.03452380952381,39,14,6,11,42,5749,3838,1911,685,1512,4237,5.97966167855279,6.20313496352267,5.53084406070121,5.52189781021898,5.82859919973545,6.03356927071041,143
"145",2013,7,5.8343137254902,51,6.06388888888889,5.28333333333333,5.29166666666667,5.8,5.84268292682927,36,15,6,10,41,5800,3874,1926,691,1522,4278,5.97838361896552,6.20184098864223,5.52891640706127,5.5198986975398,5.82841129434954,6.03173983169706,144
"146",2013,8,6.30140845070423,71,6.75348837209302,5.60714285714286,5.46428571428571,5.94444444444444,6.35322580645161,43,28,14,9,62,5871,3917,1954,705,1531,4340,5.9822900681315,6.20789685728875,5.53003735926305,5.51879432624113,5.82909339647289,6.03633248847926,145
"147",2013,9,6.04375,64,6.3047619047619,5.54545454545455,5.88888888888889,5.96153846153846,6.06470588235294,42,22,9,13,51,5935,3959,1976,714,1544,4391,5.98295282055603,6.20892447335186,5.53020900809717,5.5234593837535,5.83020854274612,6.03666203598269,146
"148",2013,10,6.25769230769231,52,6.45897435897436,5.65384615384615,5.91666666666667,7.6875,5.99772727272727,39,13,6,8,44,5987,3998,1989,720,1552,4435,5.98533906631034,6.21136367933967,5.5310170940171,5.52673611111111,5.83978221005155,6.03627576099211,147
"149",2013,11,6.20857142857143,70,6.41904761904762,5.89285714285714,6.25,5.45833333333333,6.36379310344828,42,28,8,12,58,6057,4040,2017,728,1564,4493,5.9879189351164,6.21352276980198,5.53604015865146,5.53468406593407,5.83685549232737,6.04050367237926,148
"150",2013,12,6.23466666666667,75,6.40847457627119,5.59375,5.5,5.89230769230769,6.30645161290323,59,16,9,13,62,6132,4099,2033,737,1577,4555,5.99093688682323,6.21632885825812,5.53649434333497,5.5342605156038,5.83731261255549,6.04412360043908,149
"151",2014,1,6.1860824742268,97,6.39565217391304,5.66964285714286,5.1875,6.01666666666667,6.21,69,28,12,12,85,6229,4168,2061,749,1589,4640,5.99397575694333,6.21929750239924,5.5383032508491,5.52870493991989,5.83866707992448,6.04716228448276,150
"152",2014,2,5.68571428571429,70,5.8875,5.41666666666667,5.83333333333333,5.84615384615385,5.64912280701754,40,30,9,13,57,6299,4208,2091,758,1602,4697,5.9905500857279,6.21614353374525,5.5365581061693,5.53232189973615,5.83872783395756,6.04233191398765,151
"153",2014,3,6.42592592592593,54,6.5,6.26470588235294,6.5,6,6.5,37,17,7,8,46,6353,4245,2108,765,1610,4743,5.99425074610421,6.21861766548881,5.54243026565465,5.54117647058824,5.83952918633541,6.046770609319,152
"154",2014,4,5.9375,56,6.2421052631579,5.29444444444444,5.71428571428571,5.70833333333333,6,38,18,7,12,44,6409,4283,2126,772,1622,4787,5.99375487439538,6.21882605416764,5.54033066792098,5.54274611398964,5.83855856350185,6.04634071443493,153
"155",2014,5,5.96,50,5.97777777777778,5.91428571428571,6.3125,6.16666666666667,5.93181818181818,36,14,8,6,44,6459,4319,2140,780,1628,4831,5.99349357330856,6.2168168534383,5.54277710280374,5.55064102564103,5.83976780712531,6.04529766093976,154
"156",2014,6,6.45833333333333,48,6.5,6.3,7,6.77777777777778,6.38461538461539,38,10,2,9,39,6507,4357,2150,782,1637,4870,5.99692254341479,6.21928666284141,5.54629906976744,5.55434782608696,5.84492485644472,6.04801498973306,155
"157",2014,7,6.10576923076923,52,6.30645161290323,5.80952380952381,5.9,5.83333333333333,6.16279069767442,31,21,10,9,43,6559,4388,2171,792,1646,4913,5.9977854840677,6.21990245897904,5.5488452326117,5.55871212121212,5.8448614763062,6.04901953999593,156
"158",2014,8,6.2109756097561,82,6.36307692307692,5.62941176470588,6.02857142857143,6.08181818181818,6.23098591549296,65,17,7,11,71,6641,4453,2188,799,1657,4984,6.00041785725042,6.22199236245228,5.54947120658135,5.56282853566959,5.84643451418226,6.0516117576244,157
"159",2014,9,6.0859649122807,57,6.22368421052632,5.81052631578947,5.8125,6.13333333333333,6.06904761904762,38,19,8,15,42,6698,4491,2207,807,1672,5026,6.00114586294417,6.22200667780005,5.55171862256457,5.56530359355638,5.84900836722488,6.05175746120175,158
"160",2014,10,5.83866666666667,75,5.85087719298246,5.8,5.92857142857143,5.8,5.84461538461538,57,18,7,10,65,6773,4548,2225,814,1682,5091,5.99934666912742,6.21735531882146,5.55372719101124,5.56842751842752,5.84871699762188,6.04911274798664,159
"161",2014,11,6.15625,64,6.51111111111111,5.31578947368421,5,5.3125,6.27678571428571,45,19,6,8,56,6837,4593,2244,820,1690,5147,6.00081541465555,6.2202333964729,5.55171256684492,5.56426829268293,5.84617869230769,6.05158985816981,160
"162",2014,12,5.88571428571429,77,6.02407407407407,5.56086956521739,5.53636363636364,5.48888888888889,5.93823529411765,54,23,11,9,68,6914,4647,2267,831,1699,5215,5.99953355365925,6.21795394663224,5.55180546978386,5.56389891696751,5.8442860447322,6.05011179290508,161
"163",2015,1,6.11720430107527,93,6.55,5.4,5.36666666666667,6.34210526315789,6.05945945945946,58,35,15,19,74,7007,4705,2302,846,1718,5289,6.00109533181105,6.22204718172158,5.54949739357081,5.56040189125295,5.84979161233993,6.05024257893742,162
"164",2015,2,6.00256097560976,82,6.32888888888889,5.37321428571429,5.16666666666667,5.77,6.03486111111111,54,28,9,10,72,7089,4759,2330,855,1728,5361,6.00111228523064,6.22325950619878,5.54737896995708,5.55625730994152,5.84932985532408,6.05003600074613,163
"165",2015,3,6.13648648648649,74,6.25740740740741,5.81,4.8,5.85,6.18125,54,20,5,10,64,7163,4813,2350,860,1738,5425,6.00251081809298,6.22364263245377,5.54961404255319,5.55186046511628,5.84933371116226,6.05158396313364,164
"166",2015,4,6.04406779661017,59,6.29375,5.51842105263158,5.485,5.415,6.17244897959184,40,19,10,10,49,7222,4853,2369,870,1748,5474,6.00285031708668,6.22422048011539,5.54936386661039,5.55109195402299,5.84684896453089,6.05266587504567,165
"167",2015,5,6.07538181818182,55,6.30394594594595,5.60555555555556,6.275,6.15625,6.0616170212766,37,18,4,8,47,7277,4890,2387,874,1756,5521,6.00339851449773,6.2248237198364,5.54978759949728,5.55440503432494,5.84825853644647,6.05274207571092,166
"168",2015,6,6.11808510638298,47,6.12222222222222,6.1125,6.55,5.97142857142857,6.14375,27,20,10,7,40,7324,4917,2407,884,1763,5561,6.00413448798471,6.22426031930039,5.5544632322393,5.56566742081448,5.84874758366421,6.05339669124258,167
"169",2015,7,6.16736111111111,72,6.35098039215686,5.72142857142857,5.875,6.27272727272727,6.14836065573771,51,21,10,11,61,7396,4968,2428,894,1774,5622,6.00572349783667,6.22556118961353,5.55590733113674,5.56912751677852,5.85137654453213,6.05442707221629,168
"170",2015,8,6.17868852459016,61,6.495,5.57619047619048,5.55555555555556,6.25454545454545,6.162,40,21,9,11,50,7457,5008,2449,903,1785,5672,6.0071383921148,6.22771325678914,5.55608125765619,5.56899224806202,5.85386105882353,6.05537535260931,169
"171",2015,9,6.41451612903226,62,6.95588235294118,5.75714285714286,5.36923076923077,6.125,6.45740740740741,34,28,13,8,54,7519,5042,2477,916,1793,5726,6.01049753823647,6.2326235600952,5.55835405732742,5.56615720524017,5.85507082543224,6.05916678309466,170
"172",2015,10,6.2219298245614,57,6.46428571428571,5.83636363636364,6,7,6.14711538461538,35,22,10,5,52,7576,5077,2499,926,1798,5778,6.01208830385428,6.23422060074847,5.56080152060825,5.57084233261339,5.85825472191324,6.05995829006577,171
"173",2015,11,6.05818181818182,55,6.37941176470588,5.53809523809524,4.625,5.77777777777778,6.11304347826087,34,21,8,9,46,7631,5111,2520,934,1807,5824,6.01242052024637,6.23518645861867,5.5606123015873,5.5627408993576,5.85785389596016,6.06037757554945,172
"174",2015,12,5.96172839506173,81,6.18888888888889,5.16666666666667,4.92857142857143,6,5.95753424657534,63,18,7,8,73,7712,5174,2538,941,1815,5897,6.01188809517635,6.23462272709703,5.55781836091411,5.55802337938364,5.85848043526171,6.05910445989486,173
"175",2016,1,6.05255102040816,98,6.10671641791045,5.93548387096774,5.66666666666667,5.40909090909091,6.13390804597701,67,31,9,11,87,7810,5241,2569,950,1826,5984,6.01239833418694,6.23298759587865,5.56237563254185,5.55905263157895,5.8557732694414,6.06019201203209,174
"176",2016,2,6.04772727272727,66,6.36309523809524,5.49583333333333,6.14,6.15,6.02946428571429,42,24,10,10,56,7876,5283,2593,960,1836,6040,6.01269438674454,6.23402195532841,5.5617597377555,5.56510416666667,5.85737581154684,6.0599071192053,175
"177",2016,3,6.2953125,64,6.60263157894737,5.84615384615385,5.83333333333333,6.175,6.3125,38,26,9,8,56,7940,5321,2619,969,1844,6096,6.01497241687658,6.23665438639354,5.56458304696449,5.56759545923633,5.85875379067245,6.06222752624672,176
"178",2016,4,6.15569620253165,79,6.51489361702128,5.628125,5.79375,6.2,6.14927536231884,47,32,16,10,69,8019,5368,2651,985,1854,6165,6.01635877166729,6.23909053464978,5.56535005658242,5.57126903553299,5.86059438511327,6.06320178426602,177
"179",2016,5,6.24173913043478,92,6.4784126984127,5.72758620689655,5.3,5.825,6.3575,63,29,10,20,72,8111,5431,2680,995,1874,6237,6.01891517568734,6.24186668937581,5.56710559701493,5.56854271356784,5.86021450907151,6.06659916626583,178
"180",2016,6,6.16285714285714,70,6.42857142857143,5.76428571428571,5.60769230769231,6.0625,6.1758064516129,42,28,13,8,62,8181,5473,2708,1008,1882,6299,6.0201468023469,6.24329946829892,5.56914438700148,5.56904761904762,5.86107438363443,6.06767407525004,179
"181",2016,7,6.66309523809524,84,6.67368421052632,6.64074074074074,7.08333333333333,7.22727272727273,6.57808219178082,57,27,12,11,73,8265,5530,2735,1020,1893,6372,6.02668130550515,6.24773562206149,5.57972321755028,5.58686274509804,5.86901320126783,6.07352150031387,180
"182",2016,8,5.98774509803922,102,6.09102564102564,5.65208333333333,5.44642857142857,6,5.98563218390805,78,24,14,15,87,8367,5608,2759,1034,1908,6459,6.02620664395841,6.24555598965763,5.5803526640087,5.58496131528046,5.87004297169811,6.07233766836972,181
"183",2016,9,6.13010752688172,93,6.39426229508197,5.6265625,5.56666666666667,6.575,6.05126582278481,61,32,15,14,79,8460,5669,2791,1049,1922,6538,6.02734881678487,6.24715611042512,5.58088247939807,5.58469971401335,5.87517793444329,6.07208305292138,182
"184",2016,10,6.09438775510204,98,6.4589552238806,5.30645161290323,5.57692307692308,5.859375,6.14024390243902,67,31,13,16,82,8558,5736,2822,1062,1938,6620,6.02811649801356,6.24963005404463,5.57786782423813,5.58460451977401,5.87504746646027,6.07292734138973,183
"185",2016,11,5.8316091954023,87,6.09051724137931,5.31379310344828,5.02777777777778,5.84210526315789,5.82867647058824,58,29,18,19,68,8645,5794,2851,1080,1957,6688,6.02613892307693,6.24803727821885,5.57518169063487,5.57532407407407,5.87472763924374,6.07044392942584,184
"186",2016,12,6.16463917525773,97,6.46913043478261,5.41428571428571,5.6375,6.03125,6.19098765432099,69,28,8,16,81,8742,5863,2879,1088,1973,6769,6.02767570235644,6.25063926147024,5.57361688086141,5.57578125,5.87599695387734,6.07188639385434,185
"187",2017,1,6.14347826086957,138,6.34489795918367,5.65,5.64285714285714,5.45833333333333,6.28771929824561,98,40,14,24,114,8880,5961,2919,1102,1997,6883,6.02947533671172,6.25218889280322,5.57466358341898,5.5766333938294,5.87097746119179,6.0754611361325,186
"188",2017,2,6.10546391752577,97,6.32138888888889,5.4836,5.72071428571429,6.30875,6.06530864197531,72,25,14,16,81,8977,6033,2944,1116,2013,6964,6.03029642308121,6.25301475053871,5.57389028532609,5.57844086021505,5.87445702434178,6.07534304997128,187
"189",2017,3,6.10252427184466,103,6.29684210526316,5.55555555555556,4.86666666666667,5.77272727272727,6.14195652173913,76,27,15,11,92,9080,6109,2971,1131,2024,7056,6.03111574779736,6.25355999181536,5.57372366206665,5.5690008841733,5.87390414525692,6.07621159297052,188
"190",2017,4,6.12191780821918,73,6.39583333333333,5.596,5.33333333333333,6.14285714285714,6.11969696969697,48,25,9,7,66,9153,6157,2996,1140,2031,7122,6.03183994209549,6.25466915543284,5.57390954606142,5.56714035087719,5.87483111275234,6.07661457455771,189
"191",2017,5,6.10493827160494,81,6.35087719298246,5.52083333333333,6.16666666666667,6.05555555555556,6.11111111111111,57,24,6,9,72,9234,6214,3020,1146,2040,7194,6.03248115551224,6.25555165593821,5.57348774834437,5.57027923211169,5.87562842647059,6.07695982763414,190
"192",2017,6,6.21104651162791,86,6.30625,5.93409090909091,5.625,6.14,6.22605633802817,64,22,6,15,71,9320,6278,3042,1152,2055,7265,6.03412886158799,6.25606849155782,5.57609566074951,5.57056423611111,5.8775581459854,6.07841693048865,191
"193",2017,7,6.25869565217391,92,6.40625,5.92142857142857,5.59090909090909,6.82142857142857,6.15769230769231,64,28,11,14,78,9412,6342,3070,1163,2069,7343,6.03632394708883,6.25758404131189,5.57924527687296,5.57075666380052,5.88394489608507,6.07925902219801,192
"194",2017,8,6.15208791208791,91,6.36779661016949,5.754375,5.65,6.5,6.10913580246914,59,32,14,10,81,9503,6401,3102,1177,2079,7424,6.03743249394928,6.25859990470239,5.58105190199871,5.5716992353441,5.88690812409812,6.07958499461207,193
"195",2017,9,6.39712643678161,87,6.66209677419355,5.74,6.27272727272727,6.06666666666667,6.46597222222222,62,25,11,15,72,9590,6463,3127,1188,2094,7496,6.04069561939521,6.26247067770386,5.58232267348897,5.57819023569024,5.88819579274117,6.08329629135539,194
"196",2017,10,6.17692307692308,104,6.43661971830986,5.61818181818182,5.14,6.12307692307692,6.18461538461538,71,33,10,13,91,9694,6534,3160,1198,2107,7587,6.04215710645761,6.26436302265075,5.58269715189874,5.57453255425709,5.88964498813479,6.0845115328852,195
"197",2017,11,6.06343434343434,99,6.22816901408451,5.64571428571429,5.83333333333333,6.25625,6.02626506024096,71,28,9,16,83,9793,6605,3188,1207,2123,7670,6.04237220361483,6.26397395760787,5.58325062735257,5.57646230323115,5.89240790861988,6.08388122555411,196
"198",2017,12,6.38636363636364,99,6.52902777777778,6.00592592592593,5.42857142857143,6.325,6.39175824175824,72,27,7,8,91,9892,6677,3215,1214,2131,7761,6.04581489991913,6.26683210873147,5.58680031104199,5.57560955518946,5.89403190520882,6.08749117381781,197
"199",2018,1,6.16408450704225,142,6.39897959183673,5.64090909090909,5.47142857142857,6.35416666666667,6.14653846153846,98,44,14,12,130,10034,6775,3259,1228,2143,7891,6.04748863763205,6.26874361476015,5.58753083768027,5.57442182410423,5.89660848810079,6.0884639462679,198
"200",2018,2,6.40584415584416,77,6.77450980392157,5.68269230769231,5.325,5.08333333333333,6.51760563380282,51,26,10,6,71,10111,6826,3285,1238,2149,7962,6.05021768272179,6.27252241283329,5.58828401826484,5.5724071082391,5.89433782689623,6.09229075609144,199
"201",2018,3,6.21264367816092,87,6.53389830508475,5.53571428571429,5.38461538461539,5.96666666666667,6.26388888888889,59,28,13,15,72,10198,6885,3313,1251,2164,8034,6.05160335261816,6.27476223529412,5.58783972230607,5.57045563549161,5.89483918207024,6.0938286034354,200
"202",2018,4,6.3719512195122,82,6.42641509433962,6.27241379310345,5.95555555555556,6,6.41216216216216,53,29,9,8,74,10280,6938,3342,1260,2172,8108,6.05415865661479,6.27592072499279,5.59378007181329,5.57320634920635,5.89522651473297,6.09673396645289,201
"203",2018,5,6.04464651515152,66,6.26405804347826,5.54,5.38888888888889,5.7,6.09906438596491,46,20,9,9,57,10346,6984,3362,1269,2181,8165,6.05409797602938,6.27584259163803,5.59346014277216,5.57189913317573,5.89442090325539,6.09675023515003,202
"204",2018,6,6.08116901408451,71,6.24063461538462,5.64473684210526,5.72916666666667,6.2,6.06168852459016,52,19,12,10,61,10417,7036,3381,1281,2191,8226,6.05428248632044,6.27558238487777,5.59374829931973,5.57337236533958,5.89581560474669,6.09649023462193,203
"205",2018,7,6.37025316455696,79,6.6078431372549,5.9375,5.03125,6.775,6.31159420289855,51,28,8,10,69,10496,7087,3409,1289,2201,8295,6.05666069550305,6.27797342458022,5.59657172191259,5.5700077579519,5.89981008178101,6.09827952622062,204
"206",2018,8,6.29939759036145,83,6.56875,5.74074074074074,5.61538461538461,6.60416666666667,6.24788732394366,56,27,13,12,71,10579,7143,3436,1302,2213,8366,6.05856514415351,6.28025306733865,5.5977045983702,5.57046082949309,5.90362945774966,6.09954920750658,205
"207",2018,9,6.12258064516129,62,6.23170731707317,5.90952380952381,5.51111111111111,6.22727272727273,6.1,41,21,9,11,51,10641,7184,3457,1311,2224,8417,6.05893813175453,6.27997601057907,5.59959878507377,5.57005339435545,5.90523021133094,6.09955193893311,206
"208",2018,10,6.40871215909091,88,6.60264555555556,5.92,5.58333333333333,5.861905,6.51216216216216,63,25,6,14,74,10729,7247,3482,1317,2238,8491,6.06180700251654,6.28278105836898,5.60189919586445,5.5701138952164,5.90495918677391,6.10314788246379,207
"209",2018,11,6.13932584269663,89,6.47037037037037,5.62857142857143,5.89285714285714,6.125,6.14246575342466,54,35,14,16,73,10818,7301,3517,1331,2254,8564,6.06244475226474,6.28416851527188,5.60216462894513,5.57350864012021,5.90652114463177,6.10348303012611,208
"210",2018,12,6.06290322580645,93,6.27109375,5.60344827586207,5.88888888888889,6.96666666666667,6.00057471264368,64,29,9,6,87,10911,7365,3546,1340,2260,8651,6.06244866006782,6.28405489884589,5.60217512690356,5.57562686567164,5.90933569026549,6.10244811813663,209
"211",2019,1,6.0245179338843,121,6.00187269662921,6.0875,5.44166666666667,5.66428571428571,6.07165112149533,89,32,12,14,107,11032,7454,3578,1352,2274,8758,6.06203263234228,6.28068567212235,5.60651565120179,5.57443786982248,5.90782702726473,6.10207185887189,210
"212",2019,2,6.34356164383562,73,6.3976,6.22608695652174,6.82,6.34444444444444,6.3434375,50,23,5,9,64,11105,7504,3601,1357,2283,8822,6.0638832958127,6.28146468550107,5.61047292418773,5.579027266028,5.90954825229961,6.10382286783043,211
"213",2019,3,6.16313953488372,86,6.2928813559322,5.87962962962963,6.24285714285714,5.80769230769231,6.22643835616438,59,27,7,13,73,11191,7563,3628,1364,2296,8895,6.06464605486552,6.2815537485125,5.61247601984565,5.58243401759531,5.90897154181185,6.10482915570546,212
"214",2019,4,6.38434210526316,76,6.6342,5.90384615384615,5.73076923076923,6.80071428571429,6.29032258064516,50,26,13,14,62,11267,7613,3654,1377,2310,8957,6.06680252063548,6.28386982792592,5.61454926108375,5.58383442265795,5.91437604329004,6.10611313386179,213
"215",2019,5,6.18691176470588,68,6.40775,5.87142857142857,5.825,5.90357142857143,6.26037037037037,40,28,12,14,54,11335,7653,3682,1389,2324,9011,6.06752307013675,6.28451731347184,5.61650271591527,5.58591792656587,5.91431095524957,6.10703754744202,214
"216",2019,6,6.41456140350877,57,6.6602380952381,5.72666666666667,5.4,6.66666666666667,6.34733333333333,42,15,5,12,45,11392,7695,3697,1394,2336,9056,6.06925948033708,6.28656803118908,5.61694968893698,5.58525107604017,5.91817579623288,6.10823159673145,215
"217",2019,7,6.12242420454545,88,6.30557208955224,5.53809523809524,5.22222222222222,6.625,6.09849202380952,67,21,9,4,84,11480,7762,3718,1403,2340,9140,6.06966701480836,6.2867320703427,5.61650430338892,5.58292230933713,5.91938404273504,6.10814208643326,216
"218",2019,8,6.37544554455446,101,6.57313432835821,5.98588235294118,5.55555555555556,6.39866666666667,6.37139534883721,67,34,9,15,86,11581,7829,3752,1412,2355,9226,6.07233376478715,6.28918307957594,5.61985154584222,5.5827478753541,5.92243679830149,6.11059599718188,217
"219",2019,9,6.2248275862069,87,6.4862962962963,5.7969696969697,5.53846153846154,6.25,6.22155844155844,54,33,13,10,77,11668,7883,3785,1425,2365,9303,6.07347080305108,6.2905333413675,5.62139577278732,5.58234385964912,5.9238218435518,6.11151442222939,218
"220",2019,10,6.21739130434783,92,6.4328125,5.725,5.48461538461538,5.77333333333333,6.3038961038961,64,28,13,15,77,11760,7947,3813,1438,2380,9380,6.07459671173469,6.29167916572291,5.62215656963021,5.58146036161335,5.92287338655462,6.11309367484009,219
"221",2019,11,5.97686046511628,86,6.29491228070175,5.35172413793103,5.20833333333333,7,5.900125,57,29,12,6,80,11846,8004,3842,1450,2386,9460,6.07388716275536,6.29170219015492,5.62011530452889,5.5783724137931,5.92558200335289,6.11129267124736,220
"222",2019,12,6.06287128712871,101,6.33970588235294,5.49242424242424,5.46153846153846,5.96666666666667,6.07228260869565,68,33,13,9,92,11947,8072,3875,1463,2395,9552,6.07379403448565,6.29210658201189,5.61902787096774,5.57733424470266,5.92573639248434,6.11091694618928,221
"223",2020,1,6.13090909090909,132,6.27326530612245,5.72058823529412,5.5625,6.27888888888889,6.10754385964912,98,34,8,18,114,12079,8170,3909,1471,2413,9666,6.07441819107542,6.29188057894737,5.61991123049373,5.57725356900068,5.92837076668048,6.11087716428719,222
"224",2020,2,6.01593406593407,91,6.17704918032787,5.68833333333333,5.69545454545455,5.92777777777778,6.03767123287671,61,30,11,18,73,12170,8231,3939,1482,2431,9739,6.07398088167625,6.29102956262909,5.62043234323433,5.57813090418353,5.92836637597696,6.11032843926481,223
"225",2020,3,6.36612068965517,116,6.48481481481481,6.09142857142857,5.86153846153846,6.82142857142857,6.30362745098039,81,35,13,14,102,12286,8312,3974,1495,2445,9841,6.07673916083347,6.29291798965351,5.62458052340212,5.58059531772575,5.93348002453988,6.1123319449243,224
"226",2020,4,6.21384615384615,104,6.29171052631579,6.0025,6.379375,6.28125,6.20159090909091,76,28,16,16,88,12390,8388,4002,1511,2461,9929,6.07789001856336,6.29290704935622,5.62722463768116,5.58905360688286,5.935741023974,6.11312304058818,225
"227",2020,5,6.30283831683168,101,6.61191924242424,5.72,5.27777777777778,6.3,6.30325761363636,66,35,9,13,88,12491,8454,4037,1520,2474,10017,6.0797089104155,6.29539756328365,5.62802898191727,5.58721052631579,5.93765507679871,6.11479338524509,226
"228",2020,6,6.58266666666667,75,6.69,6.15333333333333,5.2,6.4,6.59571428571429,60,15,5,5,70,12566,8514,4052,1525,2479,10087,6.08271080693936,6.29817841202725,5.62997359328727,5.58594098360655,5.93858759983865,6.11813079607416,227
"229",2020,7,6.09652777777778,72,6.20980392156863,5.82142857142857,6.33333333333333,6.625,6.03046875,51,21,3,8,64,12638,8565,4073,1528,2487,10151,6.08278952365881,6.29765218914186,5.63096071691628,5.58740837696335,5.94079560112586,6.11757810462024,228
"230",2020,8,6.12735294117647,68,6.31551020408163,5.64210526315789,5.71428571428571,6.72222222222222,6.03661016949153,49,19,7,9,59,12706,8614,4092,1535,2496,10210,6.08302801825909,6.29775377292779,5.63101246334311,5.58798697068404,5.94361324519231,6.11711021939275,229
"231",2020,9,6.37777777777778,90,6.73939393939394,5.38333333333333,5.1,6.36153846153846,6.38051948051948,66,24,12,13,77,12796,8680,4116,1547,2509,10287,6.08510112535167,6.30111186635945,5.62956827016521,5.58420168067227,5.94577866082105,6.11908188393118,230
"232",2020,10,6.20588235294118,85,6.41696963636364,5.818889,5.81851888888889,6.5,6.16216216216216,55,30,9,11,74,12881,8735,4146,1556,2520,10361,6.08589814455399,6.30184136576989,5.63093817414376,5.58555698586118,5.94819788095238,6.11938957050478,231
"233",2020,11,6.27690909090909,110,6.70777777777778,5.46052631578947,5.2,6.37,6.26960784313725,72,38,18,8,102,12991,8807,4184,1574,2528,10463,6.0875155107382,6.30516002384467,5.62939045650096,5.58114782083863,5.94953269778481,6.12085399407436,232
"234",2020,12,6.1012037037037,108,6.17470588235294,5.97625,5.53846153846154,5.5,6.1493,68,40,13,8,100,13099,8875,4224,1587,2536,10563,6.08762836857775,6.30416048788732,5.63267511126894,5.58079815374921,5.94811461356467,6.1211232926252,233
"235",2021,1,6.11553846153846,130,6.14176470588235,6.02,6.19692307692308,6.07692307692308,6.11982905982906,102,28,13,13,117,13229,8977,4252,1600,2549,10680,6.08790263814347,6.30231528684416,5.63522569849483,5.58580416875,5.94877154178109,6.12110911423221,234
"236",2021,2,6.41255252252252,111,6.82427346153846,5.43939393939394,5.31818181818182,6.66666666666667,6.39013068627451,78,33,11,9,102,13340,9055,4285,1611,2558,10782,6.09060399775113,6.30681144781888,5.63371754259043,5.5839768280571,5.95129736512901,6.12365411519199,235
"237",2021,3,6.25384848484848,99,6.48181818181818,5.79790909090909,5.49853846153846,6.1050625,6.28253012048193,66,33,13,16,83,13439,9121,4318,1624,2574,10865,6.0918065577796,6.30807780506523,5.63497236452061,5.5832929002463,5.95225317016317,6.12486780211689,236
"238",2021,4,6.27134146341463,82,6.41810344827586,5.91666666666667,6.3,6.625,6.23310810810811,58,24,5,8,74,13521,9179,4342,1629,2582,10939,6.0928953723837,6.30877303192069,5.63652940350069,5.58549273787599,5.95433759101472,6.12560002468233,237
"239",2021,5,6.1825,80,6.33518518518519,5.86538461538461,5.86363636363636,6.58333333333333,6.15,54,26,11,6,74,13601,9233,4368,1640,2588,11013,6.09342241967502,6.30892750568613,5.63789163690476,5.58735833536585,5.95579585007728,6.12576397620994,238
"240",2021,6,6.15428571428571,70,6.29811320754717,5.70588235294118,5.7,5.75,6.17878787878788,53,17,5,4,66,13671,9286,4385,1645,2592,11079,6.09373405968839,6.30886578289899,5.63815522690992,5.5877007112462,5.95547826388889,6.12607985106959,239
"241",2021,7,6.31055555555556,72,6.57872340425532,5.8064,5.7075,6.3325,6.3078125,47,25,8,8,64,13743,9333,4410,1653,2600,11143,6.09486999417886,6.31022475731276,5.63910899546485,5.58828050211736,5.95663833076923,6.12712363546621,240
"242",2021,8,6.09016393442623,61,6.31111111111111,5.46875,4.9,5.9,6.10714285714286,45,16,5,5,56,13804,9378,4426,1658,2605,11199,6.09484919805853,6.31022901044999,5.63849314731134,5.58620486731001,5.95652961996161,6.12702372265381,241
"243",2021,9,6.16,75,6.26,5.96,6,6.7,6.12142857142857,50,25,5,5,70,13879,9428,4451,1663,2610,11269,6.0952012630593,6.30996262834111,5.64029895978432,5.58744898977751,5.95795389272031,6.12698896707783,242
"244",2021,10,6.24407894736842,76,6.52596153846154,5.63333333333333,5.8,5.925,6.29242424242424,52,24,5,10,66,13955,9480,4475,1668,2620,11335,6.09601206234325,6.31114743248945,5.64026160223464,5.58808613309352,5.95782811450382,6.12795224261138,243
"245",2021,11,6.3632183908046,87,6.42352941176471,6.14736842105263,6.46,6.12666666666667,6.4125,68,19,5,15,72,14042,9548,4494,1673,2635,11407,6.09766759222333,6.31194780687055,5.64240557854918,5.59069197250448,5.95878924478179,6.12974828351013,244
"246",2021,12,6.0635593220339,118,6.10240963855422,5.97142857142857,5.55,6.11538461538461,6.05714285714286,83,35,10,13,105,14160,9631,4529,1683,2648,11512,6.09738335663842,6.31014200602222,5.64494826010157,5.59045019013666,5.95955802870091,6.12908605542043,245
"247",2022,1,6.495189625,160,6.77991055555556,5.90384615384615,5.91666666666667,6.27222222222222,6.52345309859155,108,52,12,18,142,14320,9739,4581,1695,2666,11654,6.10182811941341,6.31535147345723,5.64788707050862,5.59275968731563,5.96166903975994,6.13389128282135,246
"248",2022,2,6.1149333,100,6.34712958333333,5.51785714285714,5.03571428571429,6.5,6.05224802325581,72,28,7,14,86,14420,9811,4609,1702,2680,11740,6.10191900138696,6.3155846835185,5.64709712952918,5.59046866627497,5.96448121641791,6.13329321465077,247
"249",2022,3,6.07102803738318,107,6.11112676056338,5.99194444444444,5.01428571428571,6.4,6.05490196078431,71,36,7,5,102,14527,9882,4645,1709,2685,11842,6.1016914710539,6.31411569823922,5.64976978902045,5.58810864248098,5.96529223836127,6.13261799864888,248
"250",2022,4,6.53582278481013,79,6.80049180327869,5.63888888888889,6,6.508,6.53985507246377,61,18,3,10,69,14606,9943,4663,1712,2695,11911,6.10403957277831,6.31709960072413,5.64972778683251,5.58883041471962,5.96730599628943,6.13497710855512,249
"251",2022,5,6.59571428571429,70,6.73191489361702,6.31739130434783,7.2,5.8,6.65692307692308,47,23,5,5,65,14676,9990,4686,1717,2700,11976,6.10638470973017,6.31905118418418,5.65300483781477,5.59352223063483,5.96699617037037,6.13780998162993,250
"252",2022,6,5.84583333333333,60,6.30135135135135,5.11304347826087,6.25,5.28,5.89727272727273,37,23,6,5,55,14736,10027,4709,1723,2705,12031,6.10532383279045,6.3189858711479,5.65036752389042,5.59580828206616,5.96572630683919,6.13671035990359,251
"253",2022,7,6.72372881355932,59,6.78085106382979,6.5,7,5.5,6.76666666666667,47,12,3,2,57,14795,10074,4721,1726,2707,12088,6.10778992903008,6.32114069188009,5.65252714890913,5.59824893974507,5.96538221647581,6.13968086863005,252
"254",2022,8,6.46235294117647,85,6.71320754716981,6.046875,5.92307692307692,6.3,6.484,53,32,13,10,75,14880,10127,4753,1739,2717,12163,6.10981532258065,6.32319258714328,5.6551821312855,5.60067721104082,5.96661378726537,6.14180402367837,253
"255",2022,9,6.60647887323944,71,6.59478260869565,6.628,5.94285714285714,7.6,6.46225806451613,46,25,7,9,62,14951,10173,4778,1746,2726,12225,6.11217390141128,6.32442065565713,5.66027222059439,5.60204906643757,5.97200647835657,6.14342923026585,254
"256",2022,10,6.04281707317073,82,6.37068965517241,5.25045833333333,5.8,5.92857142857143,6.05348,58,24,5,7,75,15033,10231,4802,1751,2733,12300,6.11179558305062,6.32468295670023,5.65822400458142,5.60261431753284,5.97189522868643,6.1428807593496,255
"257",2022,11,6.37792207792208,77,6.58207547169811,5.92708333333333,5.91666666666667,7,6.32535211267606,53,24,6,6,71,15110,10284,4826,1757,2739,12371,6.11315175380543,6.32600946421626,5.65956105884791,5.60368677859988,5.97414737495436,6.14392800420338,256
"258",2022,12,6.23564814814815,108,6.4625,5.85,5.975,6.23,6.23622448979592,68,40,8,10,98,15218,10352,4866,1765,2749,12469,6.11402109344198,6.32690604037867,5.66112652486642,5.60536978470255,5.97507808657694,6.14465340765098,257
