"","year","month","avg_rating","no_ratings","avg_rating_owned","avg_rating_not_owned","avg_rating_prev_owned","avg_rating_comment","avg_rating_no_comment","no_ratings_owned","no_ratings_not_owned","no_ratings_prev_owned","no_ratings_comment","no_ratings_no_comment","cum_no_ratings","cum_no_ratings_owned","cum_no_ratings_not_owned","cum_no_ratings_prev_owned","cum_no_ratings_comment","cum_no_ratings_no_comment","cum_avg_rating","cum_avg_rating_owned","cum_avg_rating_not_owned","cum_avg_rating_prev_owned","cum_avg_rating_comment","cum_avg_rating_no_comment","month_after_release"
"1",2005,8,4,1,NA,4,NA,4,NA,0,1,0,1,0,1,0,1,0,1,0,4,NA,4,NA,4,NA,-2
"2",2005,10,6.875,12,7.625,6.5,NA,6.57142857142857,7.3,4,8,0,7,5,13,4,9,0,8,5,6.65384615384615,7.625,6.22222222222222,NA,6.25,7.3,0
"3",2005,11,6.41538461538462,13,7.78,5.5625,NA,7.07142857142857,5.65,5,8,0,7,6,26,9,17,0,15,11,6.53461538461538,7.71111111111111,5.91176470588235,NA,6.63333333333333,6.4,1
"4",2005,12,6.27777777777778,9,7.5,4.75,NA,6.66666666666667,5.5,5,4,0,6,3,35,14,21,0,21,14,6.46857142857143,7.63571428571429,5.69047619047619,NA,6.64285714285714,6.20714285714286,2
"5",2006,1,7.2,5,7.25,7,7,7,7.33333333333333,4,1,1,2,3,40,18,22,1,23,17,6.56,7.55,5.75,7,6.67391304347826,6.40588235294118,3
"6",2006,2,6.80833333333333,12,7.44,6.35714285714286,NA,7.5,6.31428571428571,5,7,0,5,7,52,23,29,1,28,24,6.61730769230769,7.52608695652174,5.89655172413793,7,6.82142857142857,6.37916666666667,4
"7",2006,3,6.06666666666667,9,6.2,6,NA,6.53333333333333,5.83333333333333,3,6,0,3,6,61,26,35,1,31,30,6.53606557377049,7.37307692307692,5.91428571428571,7,6.79354838709677,6.27,5
"8",2006,4,6.38125,16,6.875,6.21666666666667,NA,5.75,6.76,4,12,0,6,10,77,30,47,1,37,40,6.5038961038961,7.30666666666667,5.99148936170213,7,6.62432432432432,6.3925,6
"9",2006,5,6.71875,16,7.91666666666667,6,7,6.85714285714286,6.61111111111111,6,10,1,7,9,93,36,57,2,44,49,6.54086021505376,7.40833333333333,5.99298245614035,7,6.66136363636364,6.43265306122449,7
"10",2006,6,6.73125,16,6.97,6.33333333333333,NA,6.5,6.9625,10,6,0,8,8,109,46,63,2,52,57,6.56880733944954,7.31304347826087,6.02539682539683,7,6.63653846153846,6.50701754385965,8
"11",2006,7,6.69230769230769,13,8.25,6,8,7.8,6,4,9,1,5,8,122,50,72,3,57,65,6.58196721311475,7.388,6.02222222222222,7.33333333333333,6.73859649122807,6.44461538461538,9
"12",2006,8,6.9,13,6.87777777777778,6.95,6,8,6.57,9,4,1,3,10,135,59,76,4,60,75,6.61259259259259,7.31016949152542,6.07105263157895,7,6.80166666666667,6.46133333333333,10
"13",2006,9,7,16,7.21428571428571,6.83333333333333,6.25,7.42857142857143,6.66666666666667,7,9,2,7,9,151,66,85,6,67,84,6.65364238410596,7.3,6.15176470588235,6.75,6.86716417910448,6.48333333333333,11
"14",2006,10,6.80833333333333,12,7.21428571428571,6.24,NA,7,6.77,7,5,0,2,10,163,73,90,6,69,94,6.66503067484663,7.29178082191781,6.15666666666667,6.75,6.87101449275362,6.51382978723404,12
"15",2006,11,6.725,20,7.125,6.45833333333333,6.5,6.625,6.79166666666667,8,12,1,8,12,183,81,102,7,77,106,6.67158469945355,7.27530864197531,6.1921568627451,6.71428571428571,6.84545454545455,6.54528301886792,13
"16",2006,12,6.92241379310345,29,7.80357142857143,6.1,7.25,6.95454545454545,6.90277777777778,14,15,2,11,18,212,95,117,9,88,124,6.70589622641509,7.35315789473684,6.18034188034188,6.83333333333333,6.85909090909091,6.59717741935484,14
"17",2007,1,6.734375,32,7.34375,6.125,6,6.375,6.85416666666667,16,16,1,8,24,244,111,133,10,96,148,6.70963114754098,7.3518018018018,6.17368421052632,6.75,6.81875,6.63885135135135,15
"18",2007,2,6.97005555555556,18,7.5625,6.4961,7,7,6.95853846153846,8,10,1,5,13,262,119,143,11,101,161,6.72752290076336,7.36596638655462,6.19623076923077,6.77272727272727,6.82772277227723,6.66466459627329,16
"19",2007,3,6.525,20,7.61111111111111,5.63636363636364,6.75,5.9,6.73333333333333,9,11,2,5,15,282,128,154,13,106,176,6.71315957446809,7.383203125,6.15624025974026,6.76923076923077,6.78396226415094,6.67051704545455,17
"20",2007,4,6.82608695652174,23,7.2,6.53846153846154,6,6.21428571428571,7.09375,10,13,1,7,16,305,138,167,14,113,192,6.72167540983606,7.36992753623188,6.18599401197605,6.71428571428571,6.74867256637168,6.70578645833333,18
"21",2007,5,7.1,25,7.70833333333333,6.53846153846154,NA,7.0625,7.11764705882353,12,13,0,8,17,330,150,180,14,121,209,6.75033636363636,7.397,6.21145,6.71428571428571,6.76942148760331,6.73928708133971,19
"22",2007,6,7.27352941176471,51,7.83,6.73846153846154,6.95,7.16071428571429,7.31621621621622,25,26,8,14,37,381,175,206,22,135,246,6.82037007874016,7.45885714285714,6.27796601941748,6.8,6.81,6.82606097560976,20
"23",2007,7,6.82978723404255,47,7.825,6.09259259259259,7,7.025,6.68518518518519,20,27,4,20,27,428,195,233,26,155,273,6.82140420560748,7.49641025641026,6.25648497854077,6.83076923076923,6.83774193548387,6.81212820512821,21
"24",2007,8,6.93555555555556,45,7.26521739130435,6.59090909090909,7.66666666666667,7.36521739130435,6.48636363636364,23,22,3,23,22,473,218,255,29,178,295,6.83226427061311,7.47201834862385,6.28533725490196,6.91724137931034,6.90589887640449,6.78783389830508,22
"25",2007,9,6.85785714285714,70,7.25806451612903,6.53974358974359,7.28571428571429,6.79411764705882,6.91805555555556,31,39,7,34,36,543,249,294,36,212,331,6.8355635359116,7.44538152610442,6.31908503401361,6.98888888888889,6.88797169811321,6.80199697885196,23
"26",2007,10,7.12083333333333,48,7.704,6.48695652173913,6.73333333333333,6.92,7.26428571428571,25,23,3,20,28,591,274,317,39,232,359,6.85873265651438,7.46897810218978,6.33126498422713,6.96923076923077,6.89073275862069,6.83805292479109,24
"27",2007,11,6.96426666666667,75,7.40315789473684,6.51351351351351,7.6,6.86965517241379,7.02391304347826,38,37,5,29,46,666,312,354,44,261,405,6.87061711711712,7.46096153846154,6.35031355932203,7.04090909090909,6.8883908045977,6.85916296296296,25
"28",2007,12,7.26645569620253,79,7.54537037037037,6.664,7,7.27432432432432,7.25952380952381,54,25,2,37,42,745,366,379,46,298,447,6.91259194630873,7.47341530054645,6.37100527704485,7.03913043478261,6.93630872483222,6.8967807606264,26
"29",2008,1,6.90652173913043,92,7.33111111111111,6.5,6.85,6.86794871794872,6.93490566037736,45,47,10,39,53,837,411,426,56,337,500,6.9119247311828,7.45783454987834,6.38523708920188,7.00535714285714,6.92839762611276,6.900822,27
"30",2008,2,6.7614406779661,59,7.29838709677419,6.16696428571429,6.4,6.76171875,6.76111111111111,31,28,5,32,27,896,442,454,61,369,527,6.902015625,7.44665158371041,6.37177533039648,6.95573770491803,6.91394308943089,6.89366413662239,28
"31",2008,3,6.95833333333333,60,7.53448275862069,6.41935483870968,7.25,6.89130434782609,7,29,31,4,23,37,956,471,485,65,392,564,6.90555020920502,7.45205944798301,6.37481649484536,6.97384615384615,6.91261479591837,6.90064007092199,29
"32",2008,4,6.664,50,7.00740740740741,6.26086956521739,6,6.63636363636364,6.68571428571429,27,23,2,22,28,1006,498,508,67,414,592,6.89354473161034,7.42795180722891,6.36965748031496,6.94477611940298,6.8979347826087,6.89047466216216,30
"33",2008,5,6.92668253968254,63,7.31764705882353,6.46831034482759,7.18571428571429,6.99639393939394,6.85,34,29,7,33,30,1069,532,537,74,447,622,6.89549766136576,7.4209022556391,6.37498510242086,6.96756756756757,6.90520357941834,6.88852250803859,31
"34",2008,6,6.98139534883721,43,7.30952380952381,6.66818181818182,6.64285714285714,6.95238095238095,7.00909090909091,21,22,7,21,22,1112,553,559,81,468,644,6.89881924460432,7.41667269439421,6.38652415026834,6.93950617283951,6.90732051282051,6.89264130434783,32
"35",2008,7,6.69203703703704,54,7.3108,6.15862068965517,6.35,6.39277777777778,6.84166666666667,25,29,10,18,36,1166,578,588,91,486,680,6.88924271012007,7.41209342560554,6.37528401360544,6.87472527472527,6.8882633744856,6.88994264705882,33
"36",2008,8,6.21716417910448,67,6.98571428571429,5.3765625,6.125,5.95535714285714,6.40512820512821,35,32,8,28,39,1233,613,620,99,514,719,6.85272262773723,7.38774877650897,6.32373709677419,6.81414141414141,6.83744357976654,6.86364534075104,34
"37",2008,9,6.70327868852459,61,7.40666666666667,6.02258064516129,6.5,6.808,6.63055555555556,30,31,4,25,36,1294,643,651,103,539,755,6.84567774343122,7.38863141524106,6.30939631336406,6.80194174757281,6.83607792207792,6.85253112582781,35
"38",2008,10,6.96382978723404,47,7.31923076923077,6.52380952380952,7.14285714285714,6.64705882352941,7.14333333333333,26,21,7,17,30,1341,669,672,110,556,785,6.84981879194631,7.38593423019432,6.31609672619048,6.82363636363636,6.83029856115108,6.86364458598726,36
"39",2008,11,6.94928571428571,70,7.11714285714286,6.78142857142857,6.85416666666667,7.13055555555556,6.88653846153846,35,35,12,18,52,1411,704,707,122,574,837,6.8547533664068,7.37257102272727,6.33913295615276,6.82663934426229,6.83971428571428,6.86506690561529,37
"40",2008,12,7.01984126984127,63,7.26282051282051,6.625,6.85714285714286,7.03684210526316,7.0125,39,24,7,19,44,1474,743,731,129,593,881,6.86180936227951,7.36681022880215,6.34851846785226,6.82829457364341,6.84603035413153,6.87243019296254,38
"41",2009,1,6.79148936170213,94,7.19411764705882,6.31395348837209,6.67352941176471,6.63378378378378,6.89385964912281,51,43,17,37,57,1568,794,774,146,630,938,6.85759375,7.35571788413098,6.34659819121447,6.81027397260274,6.83356507936508,6.87373240938166,39
"42",2009,2,6.74388888888889,90,7.14473684210526,6.45096153846154,6.5,6.43478260869565,6.85,38,52,2,23,67,1658,832,826,148,653,1005,6.85142159227985,7.34608173076923,6.35316828087167,6.80608108108108,6.8195191424196,6.87215024875622,40
"43",2009,3,6.85921052631579,76,7.1,6.67441860465116,6.55,6.825,6.87142857142857,33,43,10,20,56,1734,865,869,158,673,1061,6.85176297577855,7.3366936416185,6.36906444188723,6.78987341772152,6.81968202080238,6.87211215834119,41
"44",2009,4,6.85222222222222,90,7.17857142857143,6.56666666666667,6.58181818181818,7.09677419354839,6.72372881355932,42,48,11,31,59,1824,907,917,169,704,1120,6.85178563596491,7.32937155457552,6.37940785169029,6.77633136094674,6.83188352272727,6.86429553571429,42
"45",2009,5,6.88989361702128,94,7.37553191489362,6.40425531914894,6.75,6.72826086956522,6.94225352112676,47,47,12,23,71,1918,954,964,181,727,1191,6.85365328467153,7.33164570230608,6.38061929460581,6.77458563535911,6.82860522696011,6.86894290512175,43
"46",2009,6,6.47190476190476,84,6.784375,6.27961538461538,6.63636363636364,6.48541666666667,6.4665,32,52,11,24,60,2002,986,1016,192,751,1251,6.83763586413586,7.31388438133874,6.37544980314961,6.76666666666667,6.81763781624501,6.8496410871303,44
"47",2009,7,7.0296511627907,86,7.39078947368421,6.74375,6.6875,6.88055555555556,7.06911764705882,38,48,8,18,68,2088,1024,1064,200,769,1319,6.84554454022988,7.31673828125,6.39206484962406,6.7635,6.81911053315995,6.86095602729341,45
"48",2009,8,6.84666666666667,75,7.196875,6.58604651162791,6.875,7.23684210526316,6.71428571428571,32,43,16,19,56,2163,1056,1107,216,788,1375,6.84558344891354,7.31310606060606,6.39959981933153,6.77175925925926,6.82918274111675,6.85498254545455,46
"49",2009,9,6.61358024691358,81,7.08,6.40535714285714,6.30769230769231,6.75769230769231,6.54545454545455,25,56,13,26,55,2244,1081,1163,229,814,1430,6.83720900178253,7.3077150786309,6.39987704213242,6.74541484716157,6.82689926289926,6.84307762237762,47
"50",2009,10,6.49520547945205,73,6.805,6.27906976744186,6.26923076923077,6.44761904761905,6.51442307692308,30,43,13,21,52,2317,1111,1206,242,835,1482,6.82643375053949,7.29414041404141,6.39556965174129,6.7198347107438,6.81736047904192,6.83154588394062,48
"51",2009,11,6.6463963963964,111,7.1469387755102,6.2508064516129,6.475,6.81896551724138,6.58536585365854,49,62,10,29,82,2428,1160,1268,252,864,1564,6.81820304777595,7.2879224137931,6.38849132492114,6.71011904761905,6.81741435185185,6.81863874680307,49
"52",2009,12,6.83737373737374,99,7.38414634146341,6.45086206896552,6.675,7.16666666666667,6.732,41,58,16,24,75,2527,1201,1326,268,888,1639,6.81895409576573,7.29120732722731,6.39121945701357,6.7080223880597,6.8268536036036,6.81467419158023,50
"53",2010,1,6.77727272727273,110,7.21698113207547,6.36842105263158,6.55,6.80857142857143,6.76266666666667,53,57,10,35,75,2637,1254,1383,278,923,1714,6.81721539628366,7.2880701754386,6.39027982646421,6.7023381294964,6.82616034669556,6.81239848308052,51
"54",2010,2,6.45684931506849,73,7.4125,5.86222222222222,6.33333333333333,7.13333333333333,6.28189655172414,28,45,12,15,58,2710,1282,1428,290,938,1772,6.80750811808118,7.29078783151326,6.3736393557423,6.68706896551724,6.83107249466951,6.79503442437923,52
"55",2010,3,6.69888888888889,72,6.82142857142857,6.58297297297297,6.375,6.4514375,6.76958928571429,35,37,4,16,56,2782,1317,1465,294,954,1828,6.8046969805895,7.27831435079727,6.37892627986348,6.6828231292517,6.82470545073375,6.79425492341357,53
"56",2010,4,6.45820895522388,67,7.03833333333333,5.98783783783784,6.3125,6.66904761904762,6.36195652173913,30,37,8,21,46,2849,1347,1502,302,975,1874,6.79654861354861,7.27296956198961,6.36929227696405,6.67301324503311,6.82135282051282,6.78364354322305,54
"57",2010,5,6.63166666666667,60,7.02083333333333,6.37222222222222,7.375,6.98,6.562,24,36,8,10,50,2909,1371,1538,310,985,1924,6.79314781711928,7.26855579868709,6.36936085825748,6.69112903225806,6.82296345177665,6.77788357588358,55
"58",2010,6,6.61395348837209,43,6.788,6.37222222222222,5.74285714285714,6.67857142857143,6.58275862068966,25,18,7,14,29,2952,1396,1556,317,999,1953,6.79053760162602,7.25994985673353,6.36939395886889,6.67018927444795,6.82093993993994,6.77498617511521,56
"59",2010,7,6.63526666666667,60,7.03125,6.37127777777778,6.4375,7.33327272727273,6.47857142857143,24,36,8,11,49,3012,1420,1592,325,1010,2002,6.78744455511288,7.25608450704225,6.36943655778894,6.66446153846154,6.8265198019802,6.76773126873127,57
"60",2010,8,6.57622950819672,61,7.08793103448276,6.1125,5.96428571428571,5.98076923076923,6.7375,29,32,14,13,48,3073,1449,1624,339,1023,2050,6.7832518711357,7.25271911663216,6.36437376847291,6.63554572271386,6.81577223851417,6.76702341463415,58
"61",2010,9,6.67857142857143,63,7.41071428571429,6.09285714285714,6.5,6.47368421052632,6.76704545454545,28,35,7,19,44,3136,1477,1659,346,1042,2094,6.78114891581633,7.25571428571429,6.35864556962025,6.63280346820809,6.80953454894434,6.76702387774594,59
"62",2010,10,6.47910447761194,67,7.54230769230769,5.80487804878049,5.95,6.24285714285714,6.58695652173913,26,41,10,21,46,3203,1503,1700,356,1063,2140,6.77483078364034,7.26067198935462,6.34529,6.61362359550562,6.79833960489182,6.76315327102804,60
"63",2010,11,6.46647727272727,88,7.06153846153846,6.21693548387097,6.4,6.175,6.55220588235294,26,62,14,20,68,3291,1529,1762,370,1083,2208,6.76658553631115,7.25728580771746,6.34077355278093,6.60554054054054,6.78682825484765,6.75665670289855,61
"64",2010,12,6.50731707317073,82,6.89090909090909,6.24897959183673,5.7,6.78055555555556,6.43046875,33,49,10,18,64,3373,1562,1811,380,1101,2272,6.76028253780018,7.24954545454545,6.33828989508559,6.58171052631579,6.78672570390554,6.74746830985915,62
"65",2011,1,6.52052631578947,95,7.275,6.01754385964912,6.31818181818182,6.64166666666667,6.47957746478873,38,57,11,24,71,3468,1600,1868,391,1125,2343,6.75371482122261,7.25015,6.32850267665953,6.57429667519181,6.78363111111111,6.73935040546308,63
"66",2011,2,6.51686746987952,83,6.92439024390244,6.11904761904762,6.5,6.59375,6.49850746268657,41,42,10,16,67,3551,1641,1910,401,1141,2410,6.7481788228668,7.24201096892139,6.32389685863874,6.57244389027431,6.78096844872919,6.73265477178423,64
"67",2011,3,6.76582278481013,79,7.12352941176471,6.49555555555556,6.33333333333333,6.38,6.89661016949153,34,45,15,20,59,3630,1675,1955,416,1161,2469,6.74856280991736,7.23960597014926,6.32784808184143,6.56382211538461,6.77406115417743,6.73657270149858,65
"68",2011,4,6.78946428571429,56,7.31576923076923,6.33333333333333,6.92857142857143,7.48125,6.51275,26,30,7,16,40,3686,1701,1985,423,1177,2509,6.74918421052632,7.24077013521458,6.32793098236776,6.56985815602837,6.7836745964316,6.73300438421682,66
"69",2011,5,6.6132676056338,71,6.85540540540541,6.34976470588235,7.07028571428571,6.95766666666667,6.54322033898305,37,34,7,12,59,3757,1738,2019,430,1189,2568,6.7466156507852,7.23256616800921,6.32829866270431,6.57800465116279,6.78543061396131,6.72864408099688,67
"70",2011,6,6.85833333333333,48,7.28571428571429,6.52592592592593,6.66666666666667,6.75,6.88,21,27,9,8,40,3805,1759,2046,439,1197,2608,6.74802496714849,7.2332006822058,6.33090664711632,6.57982232346241,6.78519381787803,6.73096549079754,68
"71",2011,7,6.59677419354839,62,7.04722222222222,5.97307692307692,5.5,6.655,6.56904761904762,36,26,3,20,42,3867,1795,2072,442,1217,2650,6.74559994828032,7.22947075208914,6.32641650579151,6.57249321266968,6.78305423171734,6.72839924528302,69
"72",2011,8,6.61027397260274,73,7.3953125,5.99756097560976,6.07142857142857,6.76470588235294,6.56339285714286,32,41,7,17,56,3940,1827,2113,449,1234,2706,6.74309263959391,7.2323754789272,6.3200354945575,6.56468151447661,6.78280145867099,6.7249844789357,70
"73",2011,9,6.43939393939394,66,7.13928571428571,5.92368421052632,6.38888888888889,5.94736842105263,6.63829787234043,28,38,9,19,47,4006,1855,2151,458,1253,2753,6.73808911632551,7.23097035040431,6.31303347280335,6.56122707423581,6.77013328012769,6.72350454050127,71
"74",2011,10,6.45070422535211,71,7.20735294117647,5.75540540540541,6.45555555555556,6.245,6.53137254901961,34,37,9,20,51,4077,1889,2188,467,1273,2804,6.7330843757665,7.23054526204341,6.30360374771481,6.55919057815846,6.76188295365279,6.72000998573466,72
"75",2011,11,6.95606060606061,66,7.27096774193548,6.67714285714286,6.70833333333333,7.26470588235294,6.84897959183674,31,35,12,17,49,4143,1920,2223,479,1290,2853,6.73663649529327,7.23119791666667,6.3094849302744,6.56292693110647,6.76850930232558,6.72222502628812,73
"76",2011,12,6.57027027027027,74,6.82162162162162,6.31891891891892,6.61111111111111,6.3,6.67037037037037,37,37,9,20,54,4217,1957,2260,488,1310,2907,6.73371709746265,7.2234542667348,6.30963938053097,6.56381557377049,6.76135648854962,6.72126178190574,74
"77",2012,1,6.45324074074074,108,7.29166666666667,5.7825,6.61666666666667,7.12941176470588,6.32692307692308,48,60,9,17,91,4325,2005,2320,497,1327,2998,6.72671329479769,7.22508728179551,6.29600646551724,6.56477263581489,6.76607159005275,6.70929219479653,75
"78",2012,2,6.86532258064516,62,7.10588235294118,6.57321428571429,6.6,7.04615384615385,6.81734693877551,34,28,5,13,49,4387,2039,2348,502,1340,3047,6.72867221335765,7.22309955860716,6.29931218057922,6.5651235059761,6.76878880597015,6.71102986544142,76
"79",2012,3,6.64426229508197,61,7.18461538461538,6.24285714285714,6.58333333333333,6.7,6.62765957446809,26,35,12,14,47,4448,2065,2383,514,1354,3094,6.72751461330935,7.22261501210654,6.29848300461603,6.5655486381323,6.76807754800591,6.70976341305753,77
"80",2012,4,6.569,50,7.0547619047619,6.21724137931034,6.27777777777778,6,6.72948717948718,21,29,9,11,39,4498,2086,2412,523,1365,3133,6.72575255669186,7.22092521572387,6.29750621890547,6.5605965583174,6.76188791208791,6.71000893712097,78
"81",2012,5,6.64909090909091,55,7.26086956521739,6.209375,6.5,7.26,6.51333333333333,23,32,4,10,45,4553,2109,2444,527,1375,3178,6.72482648802987,7.22136083451873,6.2963522913257,6.56013662239089,6.76551054545454,6.7072240402769,79
"82",2012,6,6.65,58,7.1,6.33235294117647,6.5,7.26666666666667,6.43488372093023,24,34,13,15,43,4611,2133,2478,540,1390,3221,6.72388527434396,7.21999531176746,6.29684624697337,6.55868888888889,6.77091870503597,6.70358832660664,80
"83",2012,7,6.46424242424242,66,6.91428571428571,6.13263157894737,6.86363636363636,6.60666666666667,6.42235294117647,28,38,11,15,51,4677,2161,2516,551,1405,3272,6.72022129570238,7.21603424340583,6.29436605723371,6.56477676950998,6.76916512455516,6.69920476772616,81
"84",2012,8,6.4265306122449,49,7.27777777777778,5.93225806451613,5.35,6.15833333333333,6.51351351351351,18,31,10,12,37,4726,2179,2547,561,1417,3309,6.71717625899281,7.21654428636989,6.28995877502945,6.54312299465241,6.76399223712068,6.69712843759444,82
"85",2012,9,6.46818181818182,44,7.42941176470588,5.86296296296296,5.37,5.65,6.70882352941176,17,27,10,10,34,4770,2196,2574,571,1427,3343,6.71487945492663,7.21819216757741,6.2854797979798,6.52257793345009,6.7561857042747,6.69724738259049,83
"86",2012,10,6.65737704918033,61,6.8030303030303,6.48571428571429,6.1625,6.66363636363636,6.656,33,28,8,11,50,4831,2229,2602,579,1438,3393,6.71415338439247,7.21204576043069,6.28763451191391,6.51760276338515,6.75547774687065,6.69663955201886,84
"87",2012,11,6.85340909090909,88,7.2325,6.5375,7.7,7.76470588235294,6.63521126760563,40,48,5,17,71,4919,2269,2650,584,1455,3464,6.71664464322017,7.21240634640811,6.29216037735849,6.52772602739726,6.76726941580756,6.69538048498845,85
"88",2012,12,6.69125,80,7.11764705882353,6.37608695652174,6.30769230769231,6.61333333333333,6.70923076923077,34,46,13,15,65,4999,2303,2696,597,1470,3529,6.71623824764953,7.21100738167607,6.29359235905045,6.52293467336683,6.76569863945578,6.69563559081893,86
"89",2013,1,6.7125,84,7.09285714285714,6.44081632653061,6.92,6.42692307692308,6.76478873239437,35,49,15,13,71,5083,2338,2745,612,1483,3600,6.71617647058824,7.20923866552609,6.2962204007286,6.53266666666667,6.76272892784895,6.69699944444444,87
"90",2013,2,6.51438356164384,73,7.22826086956522,6.186,5.8,5.85,6.61984126984127,23,50,10,10,63,5156,2361,2795,622,1493,3663,6.71331943366951,7.20942397289284,6.29424865831843,6.52088745980707,6.75661553918285,6.6956723996724,88
"91",2013,3,6.664,75,7.06451612903226,6.38181818181818,6.33333333333333,6.53333333333333,6.69666666666667,31,44,9,15,60,5231,2392,2839,631,1508,3723,6.71261231122157,7.20754598662207,6.29560584712927,6.51821236133122,6.75439456233422,6.69568842331453,89
"92",2013,4,6.7225,48,7.14285714285714,6.39555555555556,6.4,6.25,6.79,21,27,5,6,42,5279,2413,2866,636,1514,3765,6.71270221632885,7.20698300870286,6.29654745289602,6.51728301886792,6.75239564068692,6.69674050464807,90
"93",2013,5,6.24705882352941,51,7,5.83636363636364,6.05,5.42307692307692,6.52894736842105,18,33,12,13,38,5330,2431,2899,648,1527,3803,6.70824671669794,7.20545043192102,6.29130907209382,6.50862962962963,6.74107858546169,6.69506389692348,91
"94",2013,6,6.57878787878788,66,7,6.39565217391304,7.1,6.97777777777778,6.51578947368421,20,46,12,9,57,5396,2451,2945,660,1536,3860,6.70666326908822,7.20377396980824,6.29293887945671,6.51938181818182,6.74246549479167,6.69241658031088,92
"95",2013,7,6.29259259259259,54,6.87727272727273,5.890625,5.70833333333333,6.16666666666667,6.32857142857143,22,32,12,12,42,5450,2473,2977,672,1548,3902,6.70256055045872,7.20086938940558,6.28861437688949,6.50489880952381,6.7380019379845,6.68850025627883,93
"96",2013,8,6.61509433962264,53,7.21428571428571,6.221875,5.93,6.42857142857143,6.64347826086957,21,32,10,7,46,5503,2494,3009,682,1555,3948,6.70171815373433,7.20098235765838,6.28790461947491,6.49646920821114,6.73660900321543,6.68797568389057,94
"97",2013,9,6.63214285714286,56,7.20833333333333,6.2,5.625,5.61538461538461,6.93953488372093,24,32,8,13,43,5559,2518,3041,690,1568,3991,6.70101726929304,7.20105242255758,6.28697961196975,6.48636521739131,6.7273131377551,6.69068604359809,95
"98",2013,10,7.09677419354839,62,7.3,6.86551724137931,6.675,7.06666666666667,7.1063829787234,33,29,12,15,47,5621,2551,3070,702,1583,4038,6.70538249421811,7.20233241865935,6.29244462540716,6.48958974358974,6.73052874289324,6.69552451708766,96
"99",2013,11,6.51685714285714,70,6.92086956521739,6.31914893617021,6.55,6.30769230769231,6.56456140350877,23,47,10,13,57,5691,2574,3117,712,1596,4095,6.70306360920752,7.1998174048174,6.29284728905999,6.49043820224719,6.72708458646616,6.69370158730158,97
"100",2013,12,6.41025641025641,78,7.20967741935484,5.88297872340426,5.59090909090909,6.66666666666667,6.2962962962963,31,47,11,24,54,5769,2605,3164,723,1620,4149,6.69910469752124,7.19993474088292,6.28675884955752,6.47675242047026,6.72618950617284,6.68852928416486,98
"101",2014,1,6.725,100,7.01304347826087,6.47962962962963,6.42777777777778,6.67333333333333,6.73411764705882,46,54,18,15,85,5869,2651,3218,741,1635,4234,6.69954591923667,7.19669181440966,6.2899953387197,6.47556275303644,6.72570458715596,6.68944449692961,99
"102",2014,2,6.74924242424242,66,7.13387096774194,6.40857142857143,5.8125,6.44166666666667,6.81759259259259,31,35,8,12,54,5935,2682,3253,749,1647,4288,6.70009856781803,7.19596569724086,6.29127113433753,6.46848064085447,6.7236350941105,6.6910583022388,100
"103",2014,3,6.49016393442623,61,7.28260869565217,6.01052631578947,6.33333333333333,6.63636363636364,6.458,23,38,6,11,50,5996,2705,3291,755,1658,4338,6.69796280853903,7.19670240295749,6.28802947432391,6.46740662251656,6.72305609167672,6.68837206085754,101
"104",2014,4,6.72583333333333,60,7.47,6.19428571428571,6.52727272727273,6.78666666666667,6.70555555555556,25,35,11,15,45,6056,2730,3326,766,1673,4383,6.69823893659181,7.19920512820513,6.28704299458809,6.46826631853786,6.7236264196055,6.68854848277435,102
"105",2014,5,6.82075471698113,53,7.3,6.53030303030303,7.0625,6.05,7,20,33,8,10,43,6109,2750,3359,774,1683,4426,6.69930184972991,7.19993818181818,6.28943286692468,6.47440826873385,6.719623885918,6.69157433348396,103
"106",2014,6,6.68125,48,7.32142857142857,6.41764705882353,6.8,6.70833333333333,6.67222222222222,14,34,5,12,36,6157,2764,3393,779,1695,4462,6.69916111742732,7.20055354558611,6.29071765399352,6.47649807445443,6.71954395280236,6.69141819811743,104
"107",2014,7,6.825,54,7.06521739130435,6.64677419354839,6.7,6.8,6.83292682926829,23,31,10,13,41,6211,2787,3424,789,1708,4503,6.70025519240058,7.19943667025475,6.29394129672897,6.47933079847909,6.72015632318501,6.69270664001776,105
"108",2014,8,6.84776119402985,67,7.16756756756757,6.45333333333333,6.92857142857143,7.07142857142857,6.78867924528302,37,30,7,14,53,6278,2824,3454,796,1722,4556,6.70182940426888,7.19901912181303,6.29532570932252,6.48328140703518,6.72301219512195,6.6938230904302,106
"109",2014,9,6.66949152542373,59,7.27727272727273,6.30810810810811,6.71428571428571,6.72142857142857,6.65333333333333,22,37,7,14,45,6337,2846,3491,803,1736,4601,6.70152832570617,7.19962403373155,6.29546118590662,6.48529514321295,6.72299942396313,6.69342708106933,107
"110",2014,10,6.25378787878788,66,6.755,6.03586956521739,5.5625,6.06428571428571,6.30480769230769,20,46,8,14,52,6403,2866,3537,811,1750,4653,6.69691316570358,7.19652128401954,6.29208510036754,6.47619235511714,6.71772971428571,6.68908403180743,108
"111",2014,11,6.41228070175439,57,7.03125,6.17073170731707,6.64285714285714,6.11538461538461,6.5,16,41,7,13,44,6460,2882,3578,818,1763,4697,6.69440170278638,7.19560374739764,6.29069452207937,6.47761858190709,6.71328814520703,6.68731275282095,109
"112",2014,12,6.70639534883721,86,7.24107142857143,6.44827586206897,6.7625,7.44736842105263,6.49626865671642,28,58,16,19,67,6546,2910,3636,834,1782,4764,6.69455927283838,7.1960412371134,6.29320819581958,6.48308393285372,6.7211150392817,6.68462594458438,110
"113",2015,1,6.64294117647059,85,7.08529411764706,6.34803921568627,6.7,6.73076923076923,6.62708333333333,34,51,10,13,72,6631,2944,3687,844,1795,4836,6.69389760217162,7.19476222826087,6.29396663954434,6.48565402843602,6.72118495821727,6.68376923076923,111
"114",2015,2,6.47105263157895,57,6.52037037037037,6.42666666666667,6.3,6.35,6.49375,27,30,5,9,48,6688,2971,3717,849,1804,4884,6.69199835526316,7.18863345674857,6.29503766478343,6.48456065959953,6.71933314855876,6.68190171990172,112
"115",2015,3,6.54824561403509,57,6.82352941176471,6.43125,6.375,6.675,6.52127659574468,17,40,4,10,47,6745,2988,3757,853,1814,4931,6.69078354336546,7.1865562248996,6.29648788927336,6.4840468933177,6.71908875413451,6.68037071587913,113
"116",2015,4,6.57446808510638,47,6.7,6.515625,7.07142857142857,6.85714285714286,6.525,15,32,7,7,40,6792,3003,3789,860,1821,4971,6.68997865135454,7.18412587412587,6.29833861177092,6.48882790697674,6.7196194398682,6.67912049889358,114
"117",2015,5,6.54888888888889,45,7.36470588235294,6.05357142857143,6,6.35555555555556,6.59722222222222,17,28,5,9,36,6837,3020,3817,865,1830,5007,6.68905002193945,7.18514238410596,6.29654309667278,6.48600231213873,6.71782896174863,6.67853165568204,115
"118",2015,6,6.31282051282051,39,6.77692307692308,6.08076923076923,6.33333333333333,6.4375,6.28064516129032,13,26,6,8,31,6876,3033,3843,871,1838,5038,6.6869160849331,7.18339268051434,6.29508326827999,6.4849506314581,6.71660881392818,6.67608336641524,116
"119",2015,7,6.52444444444444,45,6.78666666666667,6.39333333333333,5.83333333333333,6.1375,6.60810810810811,15,30,6,8,37,6921,3048,3873,877,1846,5075,6.68585970235515,7.18144028871391,6.29584430673896,6.48049258836944,6.7140991332611,6.67558778325123,117
"120",2015,8,6.67498181818182,55,6.95833333333333,6.59590697674419,6.53,6.56338461538462,6.70952380952381,12,43,10,13,42,6976,3060,3916,887,1859,5117,6.68577393922019,7.18056535947712,6.29913917262513,6.48105073280722,6.71304518558365,6.67586632792652,118
"121",2015,9,6.32142857142857,49,6.73666666666667,6.13823529411765,6.5,6.02727272727273,6.40657894736842,15,34,8,11,38,7025,3075,3950,895,1870,5155,6.68323259786477,7.1784,6.29775417721519,6.48122011173184,6.70901122994652,6.67388128031038,119
"122",2015,10,6.42381818181818,55,6.97125,6,6.5,6.93,6.35,24,31,5,7,48,7080,3099,3981,900,1877,5203,6.68121737288136,7.17679574056147,6.29543556895252,6.48132444444445,6.70983537559936,6.67089333077071,120
"123",2015,11,6.43909090909091,55,6.81315789473684,6.24166666666667,6.02857142857143,6.85714285714286,6.378125,19,36,7,7,48,7135,3118,4017,907,1884,5251,6.67935094604065,7.1745798588839,6.29495369678865,6.47783020948181,6.71038269639066,6.66821710150447,121
"124",2015,12,6.69285714285714,70,7.06521739130435,6.51063829787234,6.54166666666667,7.3,6.59166666666667,23,47,12,10,60,7205,3141,4064,919,1894,5311,6.67948216516308,7.17377905125756,6.29744808070866,6.47866376496192,6.71349577613516,6.66735228770476,122
"125",2016,1,6.43835616438356,73,7.02424242424242,5.955,6.15,6.15384615384615,6.5,33,40,10,13,60,7278,3174,4104,929,1907,5371,6.67706361637813,7.1722243226213,6.29411038011696,6.47512594187298,6.70968065023597,6.66548277788121,123
"126",2016,2,6.23809523809524,42,6.675,5.84090909090909,5,6.64285714285714,6.15714285714286,20,22,6,7,35,7320,3194,4126,935,1914,5406,6.67454494535519,7.16911083281152,6.29169389238972,6.46565989304813,6.70943625914315,6.66219163891972,124
"127",2016,3,6.58867924528302,53,7.01428571428571,6.43589743589744,6.33333333333333,5.85714285714286,6.7,14,39,6,7,46,7373,3208,4165,941,1921,5452,6.67392770920928,7.16843516209476,6.29304417767107,6.46481615302869,6.70633055700156,6.66251063829787,125
"128",2016,4,6.38269230769231,52,6.93125,6.13888888888889,5.64285714285714,5.86363636363636,6.52195121951219,16,36,7,11,41,7425,3224,4201,948,1932,5493,6.67188808080808,7.16725806451613,6.29172316115211,6.45874683544304,6.70153260869565,6.66146149645003,126
"129",2016,5,6.48064516129032,31,6.72727272727273,6.345,6.6,6.31666666666667,6.52,11,20,4,6,25,7456,3235,4221,952,1938,5518,6.67109294527897,7.16576197836167,6.29197559819948,6.45934033613445,6.70034107327141,6.66082058716926,127
"130",2016,6,6.23333333333333,39,6.99090909090909,5.93571428571429,6,6.375,6.21714285714286,11,28,7,4,35,7495,3246,4249,959,1942,5553,6.66881507671781,7.16516943930992,6.28962791244999,6.45598748696559,6.69967095777549,6.6580241311003,128
"131",2016,7,6.16666666666667,39,6.66666666666667,5.73809523809524,6.66666666666667,7.36666666666667,6.06666666666667,18,21,3,3,36,7534,3264,4270,962,1945,5589,6.66621568887709,7.16242034313725,6.28691545667447,6.45664449064449,6.70069974293059,6.65421506530685,129
"132",2016,8,6.66981132075472,53,6.98148148148148,6.34615384615385,6.38888888888889,6.95,6.6046511627907,27,26,9,10,43,7587,3291,4296,971,1955,5632,6.66624080664294,7.16093588574901,6.28727397579143,6.45601647785788,6.70197493606138,6.65383664772727,130
"133",2016,9,6.63559322033898,59,6.97058823529412,6.5,6.3125,6.32857142857143,6.67692307692308,17,42,8,7,52,7646,3308,4338,979,1962,5684,6.66600431598221,7.1599576783555,6.28933356385431,6.45484371807967,6.70064271151886,6.65404785362421,131
"134",2016,10,6.42363636363636,55,6.72916666666667,6.18709677419355,6.375,6.9375,6.33617021276596,24,31,8,8,47,7701,3332,4369,987,1970,5731,6.66427334112453,7.15685474189676,6.28860814831769,6.45419655521783,6.70160456852792,6.65144093526435,132
"135",2016,11,6.64454545454545,55,7.32391304347826,6.15625,6.11666666666667,7.08333333333333,6.59081632653061,23,32,6,6,49,7756,3355,4401,993,1976,5780,6.66413344507478,7.158,6.28764576232674,6.45215709969789,6.70276366396761,6.65092698961938,133
"136",2016,12,6.56489361702128,47,7.18333333333333,6.275,6.3,6.505,6.58108108108108,15,32,6,10,37,7803,3370,4433,999,1986,5817,6.66353569140075,7.15811275964392,6.28755447778028,6.45124324324324,6.70176787512588,6.65048272305312,134
"137",2017,1,6.04333333333333,60,6.8,5.63589743589744,6.11111111111111,4.91666666666667,6.16851851851852,21,39,9,6,54,7863,3391,4472,1008,1992,5871,6.65880312857688,7.1558950162194,6.28187142218247,6.44820634920635,6.69639106425703,6.64604973599046,135
"138",2017,2,6.17040816326531,49,6.94772727272727,5.53703703703704,3.5,6.2,6.16847826086957,22,27,2,3,46,7912,3413,4499,1010,1995,5917,6.65577843781598,7.15455317902139,6.27740142253834,6.44236831683168,6.69564461152882,6.64233699509887,136
"139",2017,3,6.32142857142857,28,7.61111111111111,5.71052631578947,6.33333333333333,5.9,6.41304347826087,9,19,6,5,23,7940,3422,4518,1016,2000,5940,6.65459937027708,7.15575394506137,6.2750174856131,6.44172440944882,6.6936555,6.64144915824916,137
"140",2017,4,6.4375,52,7,6.13970588235294,5.61363636363636,6.63636363636364,6.38414634146341,18,34,11,11,41,7992,3440,4552,1027,2011,5981,6.65318681181181,7.15493895348837,6.27400681019332,6.43285491723466,6.69334211834908,6.63968533690018,138
"141",2017,5,5.95526315789474,38,6.66666666666667,5.49130434782609,6.1,6.33333333333333,5.92285714285714,15,23,5,3,35,8030,3455,4575,1032,2014,6016,6.64988405977584,7.15281910274964,6.27007191256831,6.43124224806202,6.69280585898709,6.63551496010638,139
"142",2017,6,6.39473684210526,38,6.77272727272727,6.24074074074074,5.5,5,6.55882352941176,11,27,3,4,34,8068,3466,4602,1035,2018,6050,6.6486823252355,7.1516128101558,6.26989982616254,6.42854299516908,6.68945044598612,6.63508396694215,140
"143",2017,7,6.7421052631579,38,6.97894736842105,6.50526315789474,6.25,7.72,6.59393939393939,19,19,4,5,33,8106,3485,4621,1039,2023,6083,6.64912028127313,7.15067144906743,6.27086756113395,6.42785563041386,6.69199752842313,6.63486075949367,141
"144",2017,8,6.26923076923077,52,7.15333333333333,5.91081081081081,5.5,6.42307692307692,6.21794871794872,15,37,4,13,39,8158,3500,4658,1043,2036,6122,6.64669882324099,7.15068285714286,6.26800751395449,6.42429721955896,6.6902804518664,6.63220483502123,142
"145",2017,9,6.00555555555556,36,6.86666666666667,5.575,6.45,6.3,5.95806451612903,12,24,4,5,31,8194,3512,4682,1047,2041,6153,6.64388198681963,7.14971241457859,6.26445514737292,6.42439541547278,6.68932435080843,6.62880838615309,143
"146",2017,10,6.60714285714286,42,7.29375,6.18461538461538,5.125,6.58333333333333,6.61111111111111,16,26,4,6,36,8236,3528,4708,1051,2047,6189,6.64369463331715,7.1503656462585,6.26401423109601,6.41945004757374,6.68901367855398,6.62870544514461,144
"147",2017,11,6.15,48,7.23333333333333,5.65757575757576,6.04166666666667,6,6.18947368421053,15,33,12,10,38,8284,3543,4741,1063,2057,6227,6.64083401738291,7.15071690657635,6.25979308162835,6.41518532455315,6.68566407389402,6.62602505219207,145
"148",2017,12,6.44651162790698,43,6.45882352941176,6.43846153846154,6,6.43,6.45151515151515,17,26,6,10,33,8327,3560,4767,1069,2067,6260,6.63983055121893,7.14741292134831,6.26076756870149,6.41285500467727,6.68442718916304,6.62510511182108,146
"149",2018,1,6.2027027027027,37,6.75,5.78571428571429,6.1,5.75,6.29032258064516,16,21,5,6,31,8364,3576,4788,1074,2073,6291,6.63789681970349,7.14563478747204,6.25868400167084,6.41139851024209,6.68172262421611,6.62345541249404,147
"150",2018,2,6.21951219512195,41,6.92857142857143,5.85185185185185,7,5.5,6.25641025641026,14,27,3,2,39,8405,3590,4815,1077,2075,6330,6.63585591909578,7.14478830083565,6.25640269989616,6.41303806870938,6.68058361445783,6.62119399684044,148
"151",2018,3,6.18604651162791,43,6.55263157894737,5.89583333333333,5.5,6.35714285714286,6.15277777777778,19,24,4,7,36,8448,3609,4839,1081,2082,6366,6.63356640625,7.14167082294264,6.25461438313701,6.40965957446809,6.67949615754082,6.61854508325479,149
"152",2018,4,6.22121212121212,33,6.58333333333333,6.01428571428571,3,6.25,6.21935483870968,12,21,1,2,31,8481,3621,4860,1082,2084,6397,6.63196191486853,7.13982049157691,6.25357592592593,6.40650831792976,6.6790839731286,6.61661059871815,150
"153",2018,5,6.24631578947368,38,6.48,6.05714285714286,5.75,6.63333333333333,6.21314285714286,17,21,6,3,35,8519,3638,4881,1088,2087,6432,6.63024169503463,7.13673721825179,6.25273079287031,6.40288786764706,6.679018207954,6.6144151119403,151
"154",2018,6,5.87923076923077,26,6.09555555555556,5.76470588235294,6,6.75,5.80666666666667,9,17,1,2,24,8545,3647,4898,1089,2089,6456,6.62795658279696,7.13416780915821,6.25103695385872,6.40251790633609,6.67908616562949,6.61141232961586,152
"155",2018,7,5.92333333333333,30,6.05,5.86,5.66666666666667,5.5,6.008,10,20,3,5,25,8575,3657,4918,1092,2094,6481,6.62549142857143,7.13120317199891,6.24944672631151,6.40049633699634,6.67627077363897,6.60908470914982,153
"156",2018,8,6.18382352941176,34,6.51875,5.88611111111111,6.25,6.525,6.07884615384615,16,18,2,8,26,8609,3673,4936,1094,2102,6507,6.62374712510164,7.12853525728287,6.24812175850892,6.40022120658135,6.67569505233111,6.60696603657599,154
"157",2018,9,6.06666666666667,30,6.77272727272727,5.65789473684211,5.875,6.5,6.01851851851852,11,19,4,3,27,8639,3684,4955,1098,2105,6534,6.62181259405024,7.12747285559175,6.24585852674067,6.39830783242259,6.67544465558195,6.60453443526171,155
"158",2018,10,5.72647058823529,34,6.24285714285714,5.59259259259259,5.2,5,5.79677419354839,7,27,5,3,31,8673,3691,4982,1103,2108,6565,6.61830266343826,7.12579517745868,6.24231814532317,6.39287579329102,6.67306024667931,6.60072018278751,156
"159",2018,11,6.42635555555556,45,6.73610526315789,6.2,4.66666666666667,5.75,6.53041025641026,19,26,3,6,39,8718,3710,5008,1106,2114,6604,6.61731188345951,7.12379946091644,6.24209844249201,6.38819349005425,6.67044039735099,6.60030496668685,157
"160",2018,12,6.52,35,6.83846153846154,6.33181818181818,6.47142857142857,6.66,6.49666666666667,13,22,7,5,30,8753,3723,5030,1113,2119,6634,6.61692276933623,7.12280311576685,6.24249085487078,6.38871698113208,6.67041576215196,6.59983629785951,158
"161",2019,1,6.21862745098039,51,7.02555555555556,5.77848484848485,6.19375,6.60714285714286,6.15681818181818,18,33,8,7,44,8804,3741,5063,1121,2126,6678,6.61461551567469,7.12233520449078,6.23946652182501,6.38732560214095,6.6702074317968,6.59691734052111,159
"162",2019,2,6.40833333333333,30,6.47916666666667,6.36111111111111,6.16666666666667,6,6.55681818181818,12,18,3,8,22,8834,3753,5081,1124,2134,6700,6.61391498754811,7.12027871036504,6.2398974611297,6.38673665480427,6.66769493908154,6.59678567164179,160
"163",2019,3,6.26473684210526,38,6.72647058823529,5.89095238095238,5,5.33333333333333,6.439375,17,21,4,6,32,8872,3770,5102,1128,2140,6732,6.61241940937782,7.11850291777188,6.23846119168954,6.38181914893617,6.66395373831775,6.59603743315508,161
"164",2019,4,6.42708333333333,24,7.16666666666667,5.98333333333333,5.16666666666667,5.875,6.5375,9,15,3,4,20,8896,3779,5117,1131,2144,6752,6.61191940197842,7.11861762370998,6.23771330857925,6.37859593280283,6.66248180970149,6.59586404028436,162
"165",2019,5,6.06315789473684,19,8,5.83529411764706,7.5,6.6,6.03333333333333,2,17,2,1,18,8915,3781,5134,1133,2145,6770,6.61074985978688,7.1190838402539,6.23638079470199,6.38057546337158,6.66245268065268,6.59436838995568,163
"166",2019,6,5.965,20,6.54285714285714,5.65384615384615,NA,6.2,5.90625,7,13,0,4,16,8935,3788,5147,1133,2149,6786,6.60930442081701,7.11801900739176,6.23490946182242,6.38057546337158,6.66159190321079,6.59274594753905,164
"167",2019,7,5.81037037037037,27,6.13636363636364,5.58625,NA,6.69333333333333,5.7,11,16,0,3,24,8962,3799,5163,1133,2152,6810,6.60689745592502,7.11517662542774,6.23289928336239,6.38057546337158,6.66163615241635,6.58959970631424,165
"168",2019,8,6.53275,40,6.81818181818182,6.42448275862069,6.16666666666667,6.65,6.51205882352941,11,29,3,6,34,9002,3810,5192,1136,2158,6844,6.60656798489225,7.11431916010499,6.23396937596302,6.38001056338028,6.66160379981464,6.58921449444769,166
"169",2019,9,5.95357142857143,28,6.875,5.2625,6,6.75,5.82083333333333,12,16,1,4,24,9030,3822,5208,1137,2162,6868,6.60454318936877,7.11356776556776,6.23098483102919,6.3796763412489,6.66176734505088,6.5865294117647,167
"170",2019,10,6.0795,28,7.05,5.81481818181818,NA,5.5,6.12407692307692,6,22,0,2,26,9058,3828,5230,1137,2164,6894,6.60292018105542,7.11346812957158,6.22923422562142,6.3796763412489,6.66069362292052,6.58478532056861,168
"171",2019,11,6.24883720930233,43,6.46666666666667,6.13214285714286,6,6.475,6.22564102564103,15,28,5,4,39,9101,3843,5258,1142,2168,6933,6.60124722557961,7.11094353369763,6.22871719284899,6.37801401050788,6.66035101476014,6.58276503678061,169
"172",2019,12,6.44871794871795,39,6.575,6.36086956521739,6.42,7,6.41891891891892,16,23,5,2,37,9140,3859,5281,1147,2170,6970,6.60059638949672,7.10872143042239,6.22929274758569,6.37819703574542,6.66066405529954,6.58189526542324,170
"173",2020,1,6.30234042553191,47,6.35555555555556,6.26931034482759,NA,5.83333333333333,6.3709756097561,18,29,0,6,41,9187,3877,5310,1147,2176,7011,6.59907053445085,7.10522465824091,6.22951129943503,6.37819703574542,6.6583828125,6.58066181714449,171
"174",2020,2,6.41564102564103,39,6.45052631578947,6.3825,6.75,6.16666666666667,6.46090909090909,19,20,2,6,33,9226,3896,5330,1149,2182,7044,6.59829514415781,7.1020318275154,6.23008536585366,6.37884421235857,6.65703070577452,6.58010079500284,172
"175",2020,3,6.51380952380952,21,6.72727272727273,6.279,6.16666666666667,6.5,6.51526315789474,11,10,3,2,19,9247,3907,5340,1152,2184,7063,6.5981032767384,7.10097670847197,6.23017696629214,6.37829166666667,6.6568869047619,6.57992637689367,173
"176",2020,4,6.24821428571429,28,6.71333333333333,5.71153846153846,5.5,6.18333333333333,6.26590909090909,15,13,3,6,22,9275,3922,5353,1155,2190,7085,6.59704700808625,7.09949413564508,6.2289174294788,6.37601038961039,6.65558949771689,6.57895130557516,174
"177",2020,5,6.25151515151515,33,6.57222222222222,5.86666666666667,6.08333333333333,6.75,6.18275862068965,18,15,6,4,29,9308,3940,5368,1161,2194,7114,6.59582198109153,7.09708527918782,6.22790517883756,6.37449784668389,6.65576162260711,6.57733623840315,175
"178",2020,6,6.28166666666667,30,6.37857142857143,6.196875,6,7,6.20185185185185,14,16,4,3,27,9338,3954,5384,1165,2197,7141,6.59481270079246,7.09454122407688,6.22781296433878,6.37321201716738,6.65623167956304,6.57591653829996,176
"179",2020,7,5.91363636363636,22,6.95555555555556,5.19230769230769,NA,5,6.005,9,13,0,2,20,9360,3963,5397,1165,2199,7161,6.59321164529914,7.09422558667676,6.22531869557162,6.37321201716738,6.65472532969531,6.57432202206396,177
"180",2020,8,6.4565080952381,21,7.025,6.10666692307692,5,8,6.3793335,8,13,1,1,20,9381,3971,5410,1166,2200,7181,6.59290562519987,7.09408612440191,6.22503358040666,6.37203430531733,6.65533681818182,6.57377895418465,178
"181",2020,9,5.815,20,6.5,5.25454545454545,6.9,4,5.91052631578947,9,11,2,1,19,9401,3980,5421,1168,2201,7200,6.59125068290607,7.09274271356784,6.22306431839144,6.37293835616438,6.65413039527487,6.57202870416667,179
"182",2020,10,6.17068965517241,29,6.5,5.86333333333333,5.5,6.5,6.15892857142857,14,15,2,1,28,9430,3994,5436,1170,2202,7228,6.58995733510074,7.09066499749624,6.22207168322296,6.37144615384616,6.65406039963669,6.57042842695075,180
"183",2020,11,6.0972972972973,37,6.52941176470588,5.73,NA,6,6.10909090909091,17,20,0,4,33,9467,4011,5456,1170,2206,7261,6.58803186542727,7.08828621291448,6.22026790139296,6.37144615384616,6.65287443336355,6.56833172703484,181
"184",2020,12,6.18571428571429,35,6.75,5.71052631578947,5.5,6.33333333333333,6.171875,16,19,3,3,32,9502,4027,5475,1173,2209,7293,6.58654995474637,7.08694214055128,6.21849893515982,6.36921739130435,6.65244047080127,6.56659216646099,182
"185",2021,1,6.3709375,32,6.02076923076923,6.61052631578947,7.2,5.614,6.51111111111111,13,19,4,5,27,9534,4040,5494,1177,2214,7320,6.58582627123977,7.08351138613861,6.21985469057153,6.37204078164826,6.65009530261969,6.56638752322404,183
"186",2021,2,6.08434782608696,23,5.844,6.26923076923077,6.25,6,6.08818181818182,10,13,4,1,22,9557,4050,5507,1181,2215,7342,6.58461940671759,7.08045086419753,6.21997124931905,6.37162743437765,6.64980180586907,6.56495459956415,184
"187",2021,3,6.23677272727273,22,6.9375,5.83635714285714,6.1045,5.209,6.28571428571429,8,14,2,1,21,9579,4058,5521,1183,2216,7363,6.5838205104917,7.08016904879251,6.21899849121536,6.37117582417583,6.64915162454874,6.56415817873149,185
"188",2021,4,6.24,25,6.45833333333333,6.03846153846154,7,5.5,6.30434782608696,12,13,1,2,23,9604,4070,5534,1184,2218,7386,6.58292551749271,7.07833562653563,6.21857438923022,6.37170692567568,6.64811541929666,6.56334912943406,186
"189",2021,5,6.21052631578947,19,6,6.36363636363636,6.625,5.66666666666667,6.3125,8,11,4,3,16,9623,4078,5545,1188,2221,7402,6.5821902390107,7.07622020598332,6.21886215870154,6.37255976430977,6.64678973435389,6.56280689948662,187
"190",2021,6,5.89444444444444,18,6.12,5.80769230769231,6,6.65,5.67857142857143,5,13,2,4,14,9641,4083,5558,1190,2225,7416,6.58090619956436,7.07504922850845,6.21790044440446,6.37193361344538,6.64679550561798,6.56113763079827,188
"191",2021,7,6.26666666666667,21,6.78888888888889,5.875,6,5.625,6.41764705882353,9,12,1,4,17,9662,4092,5570,1191,2229,7433,6.5802232115504,7.07441984359726,6.21716170017954,6.37162132661629,6.64496186630776,6.56080945378716,189
"192",2021,8,6.06192307692308,26,6.46454545454545,5.76666666666667,4,6.33333333333333,6.02652173913043,11,15,6,3,23,9688,4103,5585,1197,2232,7456,6.57883223265896,7.07278479161589,6.21595177618622,6.35973350041771,6.64454301075269,6.55916130230687,190
"193",2021,9,6,22,6.64285714285714,5.7,8,5.33333333333333,6.10526315789474,7,15,1,3,19,9710,4110,5600,1198,2235,7475,6.57752076930999,7.07205255474452,6.2145697625,6.36110267111853,6.64278299776286,6.5580075812709,191
"194",2021,10,5.5,19,6.3125,4.90909090909091,5.5,NA,5.5,8,11,4,0,19,9729,4118,5611,1202,2235,7494,6.57541645287285,7.07057697911607,6.21201045624666,6.35823710482529,6.64278299776286,6.5553251494529,192
"195",2021,11,6.04761904761905,21,6.22222222222222,5.91666666666667,4,2,6.25,9,12,3,1,20,9750,4127,5623,1205,2236,7514,6.57427965846154,7.06872692028107,6.21138016539214,6.35236597510374,6.64070661896243,6.55451246606335,193
"196",2021,12,6.01034482758621,29,6.90769230769231,5.28125,5.83333333333333,5.5,6.092,13,16,3,4,25,9779,4140,5639,1208,2240,7539,6.57260728806627,7.06822125603865,6.20874103032453,6.35107698675497,6.63866964285714,6.55297873325375,194
"197",2022,1,6.14285714285714,35,6.17857142857143,6.11904761904762,5.66666666666667,5.875,6.17741935483871,14,21,3,4,31,9814,4154,5660,1211,2244,7570,6.57107465559405,7.06522291766971,6.20840824558304,6.34938150289017,6.63730837789661,6.55144077542933,195
"198",2022,2,5.975,20,6.625,5.54166666666667,3,5,6.02631578947368,8,12,1,1,19,9834,4162,5672,1212,2245,7589,6.56986238255034,7.06437674195098,6.20699764985896,6.34661798679868,6.63657906458797,6.55012606008697,196
"199",2022,3,6.22,25,6.64285714285714,5.68181818181818,NA,6,6.26190476190476,14,11,0,4,21,9859,4176,5683,1212,2249,7610,6.56897521756771,7.06296360153257,6.20598111384832,6.34661798679868,6.63544686527345,6.54933070565046,197
"200",2022,4,6.1625,24,7.05714285714286,5.79411764705882,5.16666666666667,7.5,5.81052631578947,7,17,3,5,19,9883,4183,5700,1215,2254,7629,6.56798812809876,7.06295386086541,6.20475274912281,6.34370452674897,6.63736468500444,6.54749071569013,198
"201",2022,5,6.16962962962963,27,6.52333333333333,5.88666666666667,6,6.41666666666667,6.09904761904762,12,15,3,6,21,9910,4195,5715,1218,2260,7650,6.56690279212916,7.06141025029797,6.20391787751531,6.34285796387521,6.63677876106195,6.54625969542484,199
"202",2022,6,6.285,20,6.1,6.47,5.75,6,6.33529411764706,10,10,2,3,17,9930,4205,5725,1220,2263,7667,6.56633501208459,7.0591239001189,6.20438264978166,6.34188606557377,6.63593460008838,6.54579192252511,200
"203",2022,7,6.51764705882353,17,7,6.08888888888889,7.5,6.8,6.4,8,9,2,5,12,9947,4213,5734,1222,2268,7679,6.56625180154821,7.05901163066698,6.20420137251483,6.34378150572832,6.63629629629629,6.54556409298086,201
"204",2022,8,6.56736842105263,19,6.5,6.628,NA,7,6.51647058823529,9,10,0,2,17,9966,4222,5744,1222,2270,7696,6.56625393036324,7.05781999052582,6.20493918349582,6.34378150572832,6.6366167400881,6.54549982718295,202
"205",2022,9,6.31818181818182,11,8,5.35714285714286,NA,6.66666666666667,6.1875,4,7,0,3,8,9977,4226,5751,1222,2273,7704,6.56598042197053,7.05871178419309,6.20390726308468,6.34378150572832,6.63665640123185,6.54512807242991,203
"206",2022,10,5.69473684210526,19,7.03333333333333,5.07692307692308,5.66666666666667,4.46666666666667,5.925,6,13,3,3,16,9996,4232,5764,1225,2276,7720,6.56432439675871,7.05867580340265,6.20136548750868,6.34212326530612,6.63379613356766,6.54384283290155,204
"207",2022,11,5.91176470588235,17,5.33333333333333,6.03571428571429,NA,NA,5.91176470588235,3,14,0,0,17,10013,4235,5778,1225,2276,7737,6.56321648556876,7.05745360094451,6.20096411734164,6.34212326530612,6.63379613356766,6.54245400930593,205
"208",2022,12,5.88275862068966,29,6.59,5.51052631578947,6.6,4.75,6.064,10,19,2,4,25,10042,4245,5797,1227,2280,7762,6.56125141107349,7.05635241460542,6.19870116784544,6.34254360228199,6.63049122807017,6.54091299536202,206
