"","year","month","avg_rating","no_ratings","avg_rating_owned","avg_rating_not_owned","avg_rating_prev_owned","avg_rating_comment","avg_rating_no_comment","no_ratings_owned","no_ratings_not_owned","no_ratings_prev_owned","no_ratings_comment","no_ratings_no_comment","cum_no_ratings","cum_no_ratings_owned","cum_no_ratings_not_owned","cum_no_ratings_prev_owned","cum_no_ratings_comment","cum_no_ratings_no_comment","cum_avg_rating","cum_avg_rating_owned","cum_avg_rating_not_owned","cum_avg_rating_prev_owned","cum_avg_rating_comment","cum_avg_rating_no_comment","month_after_release"
"1",2001,8,7,2,7,NA,NA,8,6,2,0,0,1,1,2,2,0,0,1,1,7,7,NA,NA,8,6,-5
"2",2001,10,7,3,8,5,NA,7,7,2,1,0,2,1,5,4,1,0,3,2,7,7.5,5,NA,7.33333333333333,6.5,-3
"3",2001,11,5,1,NA,5,NA,NA,5,0,1,0,0,1,6,4,2,0,3,3,6.66666666666667,7.5,5,NA,7.33333333333333,6,-2
"4",2001,12,7,1,7,NA,NA,NA,7,1,0,0,0,1,7,5,2,0,3,4,6.71428571428571,7.4,5,NA,7.33333333333333,6.25,-1
"5",2002,1,7.33333333333333,3,8,6,NA,8,7,2,1,0,1,2,10,7,3,0,4,6,6.9,7.57142857142857,5.33333333333333,NA,7.5,6.5,0
"6",2002,2,6.33333333333333,3,6,7,7,6,6.5,2,1,1,1,2,13,9,4,1,5,8,6.76923076923077,7.22222222222222,5.75,7,7.2,6.5,1
"7",2002,3,5.66666666666667,3,5.5,6,NA,5.5,6,2,1,0,2,1,16,11,5,1,7,9,6.5625,6.90909090909091,5.8,7,6.71428571428571,6.44444444444444,2
"8",2002,5,6.5,2,6.5,NA,NA,7,6,2,0,0,1,1,18,13,5,1,8,10,6.55555555555556,6.84615384615385,5.8,7,6.75,6.4,4
"9",2002,6,8,3,8.5,7,NA,NA,8,2,1,0,0,3,21,15,6,1,8,13,6.76190476190476,7.06666666666667,6,7,6.75,6.76923076923077,5
"10",2002,7,7,3,7,NA,NA,NA,7,3,0,0,0,3,24,18,6,1,8,16,6.79166666666667,7.05555555555556,6,7,6.75,6.8125,6
"11",2002,8,7.83333333333333,6,8.5,6.5,NA,7.33333333333333,8.33333333333333,4,2,0,3,3,30,22,8,1,11,19,7,7.31818181818182,6.125,7,6.90909090909091,7.05263157894737,7
"12",2002,9,6.66666666666667,3,6.66666666666667,NA,NA,6,7,3,0,0,1,2,33,25,8,1,12,21,6.96969696969697,7.24,6.125,7,6.83333333333333,7.04761904761905,8
"13",2002,10,6.5,6,7.25,5,NA,5.66666666666667,7.33333333333333,4,2,0,3,3,39,29,10,1,15,24,6.8974358974359,7.24137931034483,5.9,7,6.6,7.08333333333333,9
"14",2002,11,9.33333333333333,3,9,10,NA,NA,9.33333333333333,2,1,0,0,3,42,31,11,1,15,27,7.07142857142857,7.35483870967742,6.27272727272727,7,6.6,7.33333333333333,10
"15",2002,12,7,5,7.25,6,NA,NA,7,4,1,0,0,5,47,35,12,1,15,32,7.06382978723404,7.34285714285714,6.25,7,6.6,7.28125,11
"16",2003,1,6.63636363636364,11,7.55555555555556,2.5,NA,4.5,7.11111111111111,9,2,0,2,9,58,44,14,1,17,41,6.98275862068965,7.38636363636364,5.71428571428571,7,6.35294117647059,7.24390243902439,12
"17",2003,2,7.75,4,7.66666666666667,8,NA,8.5,7,3,1,0,2,2,62,47,15,1,19,43,7.03225806451613,7.40425531914894,5.86666666666667,7,6.57894736842105,7.23255813953488,13
"18",2003,3,7,3,7,NA,NA,8,6.5,3,0,0,1,2,65,50,15,1,20,45,7.03076923076923,7.38,5.86666666666667,7,6.65,7.2,14
"19",2003,4,7.33333333333333,3,7.5,7,NA,NA,7.33333333333333,2,1,0,0,3,68,52,16,1,20,48,7.04411764705882,7.38461538461539,5.9375,7,6.65,7.20833333333333,15
"20",2003,5,5.45,10,7.5,4.57142857142857,6,5.78571428571429,4.66666666666667,3,7,1,7,3,78,55,23,2,27,51,6.83974358974359,7.39090909090909,5.52173913043478,6.5,6.42592592592593,7.05882352941176,16
"21",2003,6,5.81818181818182,11,7.2,4.66666666666667,NA,5.25,6.14285714285714,5,6,0,4,7,89,60,29,2,31,58,6.71348314606742,7.375,5.3448275862069,6.5,6.2741935483871,6.94827586206897,17
"22",2003,7,5.65151515151515,33,6.16666666666667,4.75,NA,5.65384615384615,5.65,21,12,0,13,20,122,81,41,2,44,78,6.42622950819672,7.06172839506173,5.17073170731707,6.5,6.09090909090909,6.61538461538461,18
"23",2003,8,5.90384615384615,26,6.19444444444444,5.25,6,5.45,6.1875,18,8,2,10,16,148,99,49,4,54,94,6.33445945945946,6.9040404040404,5.18367346938776,6.25,5.97222222222222,6.54255319148936,19
"24",2003,9,5.85333333333333,15,6.83333333333333,5.2,7.15,5.08333333333333,6.36666666666667,6,9,2,6,9,163,105,58,6,60,103,6.29018404907975,6.9,5.18620689655172,6.55,5.88333333333333,6.52718446601942,20
"25",2003,10,6.11111111111111,9,6.71428571428571,4,NA,5,6.66666666666667,7,2,0,3,6,172,112,60,6,63,109,6.28081395348837,6.88839285714286,5.14666666666667,6.55,5.84126984126984,6.5348623853211,21
"26",2003,11,7.5,4,7,9,NA,9,7,3,1,0,1,3,176,115,61,6,64,112,6.30852272727273,6.89130434782609,5.20983606557377,6.55,5.890625,6.54732142857143,22
"27",2003,12,5.96666666666667,15,7.25,3.4,NA,6.05555555555556,5.83333333333333,10,5,0,9,6,191,125,66,6,73,118,6.28167539267016,6.92,5.07272727272727,6.55,5.91095890410959,6.51101694915254,23
"28",2004,1,5.2,15,6.42857142857143,4.125,NA,4.57142857142857,5.75,7,8,0,7,8,206,132,74,6,80,126,6.20291262135922,6.89393939393939,4.97027027027027,6.55,5.79375,6.46269841269841,24
"29",2004,2,6.5,19,7.36363636363636,5.3125,6,6.27272727272727,6.8125,11,8,1,11,8,225,143,82,7,91,134,6.228,6.93006993006993,5.00365853658537,6.47142857142857,5.85164835164835,6.48358208955224,25
"30",2004,3,5.66666666666667,15,6.09090909090909,4.5,NA,5.5,5.77777777777778,11,4,0,6,9,240,154,86,7,97,143,6.19291666666667,6.87012987012987,4.98023255813953,6.47142857142857,5.82989690721649,6.43916083916084,26
"31",2004,4,6.07692307692308,26,6.96875,4.65,6,5.54166666666667,6.53571428571429,16,10,1,12,14,266,170,96,8,109,157,6.18157894736842,6.87941176470588,4.94583333333333,6.4125,5.79816513761468,6.44777070063694,27
"32",2004,5,6.31578947368421,19,7.18181818181818,5.125,5.5,6.30769230769231,6.33333333333333,11,8,2,13,6,285,181,104,10,122,163,6.19052631578947,6.89779005524862,4.95961538461538,6.23,5.85245901639344,6.44355828220859,28
"33",2004,6,6.78947368421053,19,7.53846153846154,5.16666666666667,NA,6.25,7.18181818181818,13,6,0,8,11,304,194,110,10,130,174,6.22796052631579,6.94072164948454,4.97090909090909,6.23,5.87692307692308,6.49022988505747,29
"34",2004,7,6.17647058823529,17,6.84615384615385,4,5,5.75,6.55555555555556,13,4,2,8,9,321,207,114,12,138,183,6.22523364485981,6.93478260869565,4.93684210526316,6.025,5.8695652173913,6.49344262295082,30
"35",2004,8,5.83333333333333,24,6.71428571428571,4.6,5,5.81818181818182,5.84615384615385,14,10,1,11,13,345,221,124,13,149,196,6.19797101449275,6.92081447963801,4.90967741935484,5.94615384615385,5.86577181208054,6.45051020408163,31
"36",2004,9,6.22,25,6.47222222222222,5.57142857142857,4.66666666666667,5.45,6.73333333333333,18,7,3,10,15,370,239,131,16,159,211,6.19945945945946,6.88702928870293,4.94503816793893,5.70625,5.83962264150943,6.47061611374408,32
"37",2004,10,6.09615384615385,26,6.45238095238095,4.6,3.5,5.5,6.79166666666667,21,5,2,14,12,396,260,136,18,173,223,6.19267676767677,6.85192307692308,4.93235294117647,5.46111111111111,5.8121387283237,6.48789237668161,33
"38",2004,11,6.25925925925926,27,6.4,6.08333333333333,7.33333333333333,5.73076923076923,6.75,15,12,3,13,14,423,275,148,21,186,237,6.19692671394799,6.82727272727273,5.02567567567568,5.72857142857143,5.80645161290323,6.50337552742616,34
"39",2004,12,6.67241379310345,29,7.025,5.88888888888889,7,6.59375,6.76923076923077,20,9,1,16,13,452,295,157,22,202,250,6.22743362831858,6.84067796610169,5.07515923566879,5.78636363636364,5.86881188118812,6.5172,35
"40",2005,1,5.88337777777778,45,6.57506666666667,4.5,4.75,5.61965217391304,6.15909090909091,30,15,4,23,22,497,325,172,26,225,272,6.19628169014085,6.81616,5.025,5.62692307692308,5.84334222222222,6.48823529411765,36
"41",2005,2,5.40909090909091,33,6.175,4.23076923076923,NA,5.20588235294118,5.625,20,13,0,17,16,530,345,185,26,242,288,6.1472679245283,6.77899130434783,4.96918918918919,5.62692307692308,5.79856198347107,6.44027777777778,37
"42",2005,3,6.23870967741935,31,6.84090909090909,4.76666666666667,4.63333333333333,5.52666666666667,6.90625,22,9,3,15,16,561,367,194,29,257,304,6.15232085561497,6.7827029972752,4.95979381443299,5.52413793103448,5.78269260700389,6.46480263157895,38
"43",2005,4,5.40740740740741,27,5.9,4,NA,4.26923076923077,6.46428571428571,20,7,0,13,14,588,387,201,29,270,318,6.1181156462585,6.73708527131783,4.92636815920398,5.52413793103448,5.70982222222222,6.46477987421384,39
"44",2005,5,6.0125,24,7,4.84545454545455,NA,5.91428571428571,6.15,13,11,0,14,10,612,400,212,29,284,328,6.11397385620915,6.74563,4.92216981132075,5.52413793103448,5.7199014084507,6.45518292682927,40
"45",2005,6,6.20833333333333,24,6.90625,4.8125,3.75,5.25,7.16666666666667,16,8,2,12,12,636,416,220,31,296,340,6.11753459119497,6.75180769230769,4.91818181818182,5.40967741935484,5.70085135135135,6.48029411764706,41
"46",2005,7,6.2906976744186,43,6.84375,4.68181818181818,6,5.82142857142857,6.51724137931035,32,11,1,14,29,679,448,231,32,310,369,6.12850073637703,6.758375,4.90692640692641,5.428125,5.70629677419355,6.48319783197832,42
"47",2005,8,6.14444444444444,45,6.45714285714286,5.05,5.5,5.85,6.38,35,10,3,20,25,724,483,241,35,330,394,6.12949171270718,6.73654658385093,4.91286307053942,5.43428571428572,5.71500606060606,6.47664974619289,43
"48",2005,9,6.3,30,6.86666666666667,5.73333333333333,7.5,6.08333333333333,6.44444444444444,15,15,1,12,18,754,498,256,36,342,412,6.13627586206897,6.74046586345382,4.9609375,5.49166666666667,5.7279298245614,6.4752427184466,44
"49",2005,10,5.94390243902439,41,7.46666666666667,4.75217391304348,4.33333333333333,5.1,7.02222222222222,18,23,3,23,18,795,516,279,39,365,430,6.12635471698113,6.7657984496124,4.94372759856631,5.4025641025641,5.68836164383562,6.49813953488372,45
"50",2005,11,6.02727272727273,44,6.48333333333333,5.05,NA,5.55833333333333,6.203125,30,14,0,12,32,839,546,293,39,377,462,6.12115852205006,6.75027838827839,4.94880546075085,5.4025641025641,5.68422281167109,6.47770562770563,46
"51",2005,12,6.05357142857143,56,7.09375,4.66666666666667,4.33333333333333,4.59375,6.6375,32,24,3,16,40,895,578,317,42,393,502,6.11692960893855,6.76929411764706,4.92744479495268,5.32619047619048,5.63982697201018,6.49043824701195,47
"52",2006,1,5.71724137931034,58,6.18918918918919,4.88571428571429,6.83333333333333,5.18076923076923,6.153125,37,21,3,26,32,953,615,338,45,419,534,6.09260440713536,6.73439349593496,4.92485207100592,5.42666666666667,5.61134128878281,6.47022471910112,48
"53",2006,2,5.99183673469388,49,6.72424242424242,4.48125,6.73333333333333,5.17142857142857,6.60714285714286,33,16,3,21,28,1002,648,354,48,440,562,6.08767664670659,6.73387654320988,4.904802259887,5.50833333333333,5.59034545454545,6.4770462633452,49
"54",2006,3,6.10961538461538,52,6.74838709677419,5.16666666666667,5.2,5.45789473684211,6.48484848484848,31,21,5,19,33,1054,679,375,53,459,595,6.08875901328273,6.73453902798233,4.91946666666667,5.47924528301887,5.58486274509804,6.47747899159664,50
"55",2006,4,5.89375,32,6.31,5.2,6,5.42,6.10909090909091,20,12,2,10,22,1086,699,387,55,469,617,6.08301289134438,6.72239198855508,4.928165374677,5.49818181818182,5.58134754797441,6.46434359805511,51
"56",2006,5,5.87878787878788,33,6.42857142857143,4.91666666666667,NA,6.5,5.68,21,12,0,8,25,1119,720,399,55,477,642,6.07699016979446,6.71382222222222,4.92781954887218,5.49818181818182,5.59675471698113,6.43380062305296,52
"57",2006,6,5.58051282051282,39,6.72916666666667,3.74266666666667,4.5,4.44266666666667,6.29166666666667,24,15,2,15,24,1158,744,414,57,492,666,6.06026943005182,6.71431720430107,4.88487922705314,5.46315789473684,5.56156910569105,6.42867867867868,53
"58",2006,7,5.93720930232558,43,6.61538461538461,4.9,5.125,5.69166666666667,6.03225806451613,26,17,4,12,31,1201,770,431,61,504,697,6.0558634471274,6.71097662337662,4.88547563805104,5.44098360655738,5.56466666666666,6.41104734576758,54
"59",2006,8,6.12264150943396,53,6.75,5,6.2,5.34782608695652,6.71666666666667,34,19,5,23,30,1254,804,450,66,527,727,6.05868580542265,6.71262686567164,4.89031111111111,5.49848484848485,5.55520303605313,6.42365887207703,55
"60",2006,9,6.1027027027027,37,6.91538461538462,4.18181818181818,6,4.84545454545455,6.63461538461539,26,11,1,11,26,1291,830,461,67,538,753,6.05994732765298,6.71897831325301,4.87340563991323,5.50597014925373,5.54069144981413,6.43094289508632,56
"61",2006,10,5.9,35,6.54761904761905,4.92857142857143,5,4.65,6.4,21,14,3,10,25,1326,851,475,70,548,778,6.05572549019608,6.71474970622797,4.87503157894737,5.48428571428571,5.52443795620438,6.42994858611825,57
"62",2006,11,6.17708333333333,48,6.64516129032258,5.32352941176471,4,5.60526315789474,6.55172413793103,31,17,3,19,29,1374,882,492,73,567,807,6.05996506550218,6.71230385487528,4.89052845528455,5.42328767123288,5.52714638447972,6.43432465923172,58
"63",2006,12,6.085,60,6.57560975609756,5.02631578947368,5,5.825,6.215,41,19,3,20,40,1434,923,511,76,587,847,6.06101255230126,6.70623185265439,4.89557729941292,5.40657894736842,5.53729471890971,6.42396694214876,59
"64",2007,1,5.75394736842105,76,6.27959183673469,4.8,4.5,5.25,6.016,49,27,5,26,50,1510,972,538,81,613,897,6.04555761589404,6.68472427983539,4.89078066914498,5.35061728395062,5.52510929853181,6.40122630992196,60
"65",2007,2,5.97333333333333,60,6.69473684210526,4.72727272727273,5.33333333333333,5.83333333333333,6.04871794871795,38,22,3,21,39,1570,1010,560,84,634,936,6.0427974522293,6.68510099009901,4.88435714285714,5.35,5.53531861198738,6.38653846153846,61
"66",2007,3,6.04259259259259,54,6.56969696969697,5.21428571428571,5.8,5.77777777777778,6.175,33,21,5,18,36,1624,1043,581,89,652,972,6.04279064039409,6.68144966442953,4.89628227194492,5.3752808988764,5.54201226993865,6.3787037037037,62
"67",2007,4,5.95074626865672,67,6.63571428571429,4.8,5.7,5.27777777777778,6.19795918367347,42,25,5,18,49,1691,1085,606,94,670,1021,6.03914370195151,6.67967926267281,4.8923102310231,5.39255319148936,5.53491343283582,6.37002938295788,63
"68",2007,5,6.19074074074074,54,6.625,5.55909090909091,7.33333333333333,5.06666666666667,6.62307692307692,32,22,3,15,39,1745,1117,628,97,685,1060,6.04383495702006,6.67811280214861,4.91566878980892,5.45257731958763,5.5246598540146,6.37933962264151,64
"69",2007,6,5.79508196721311,61,6.39772727272727,4.23529411764706,5.25,5.325,6.02439024390244,44,17,2,20,41,1806,1161,645,99,705,1101,6.03543300110742,6.66748664944014,4.89773643410853,5.44848484848485,5.51899574468085,6.3661217075386,65
"70",2007,7,6.16724137931034,58,6.635,5.12777777777778,5,6.13333333333333,6.17906976744186,40,18,1,15,43,1864,1201,663,100,720,1144,6.03953433476395,6.66640466278101,4.90398190045249,5.444,5.53179444444444,6.35909090909091,66
"71",2007,8,5.97945205479452,73,6.79347826086957,4.59259259259259,5,5.63461538461539,6.17021276595745,46,27,5,26,47,1937,1247,690,105,746,1191,6.03727000516262,6.67109222133119,4.89179710144928,5.42285714285714,5.53537801608579,6.35163727959698,67
"72",2007,9,6.20461538461538,65,7.1325,4.72,5.3125,5.325,6.59555555555556,40,25,8,20,45,2002,1287,715,113,766,1236,6.0427032967033,6.68543278943279,4.88579020979021,5.41504424778761,5.52988511749347,6.36051779935275,68
"73",2007,10,6.176,75,6.78571428571429,5.02692307692308,6,6.29130434782609,6.125,49,26,4,23,52,2077,1336,741,117,789,1288,6.04751661049591,6.68911077844311,4.89074224021592,5.43504273504274,5.55208111533587,6.35100931677019,69
"74",2007,11,6.15540540540541,74,6.54326923076923,5.23863636363636,5.9,5.7125,6.31944444444444,52,22,5,20,54,2151,1388,763,122,809,1342,6.05122826592283,6.6836469740634,4.90077326343381,5.45409836065574,5.55604697156984,6.349739195231,70
"75",2007,12,5.85126262626263,99,6.52056451612903,4.72972972972973,5.33333333333333,4.61287878787879,6.47045454545455,62,37,6,33,66,2250,1450,800,128,842,1408,6.04242977777778,6.67667379310345,4.8928625,5.4484375,5.51908194774347,6.35539772727273,71
"76",2008,1,6.12614678899083,109,6.70588235294118,5.16463414634146,5.01666666666667,5.04545454545455,6.59539473684211,68,41,15,33,76,2359,1518,841,143,875,1484,6.04629800763035,6.67798221343873,4.90611177170036,5.40314685314685,5.50121942857143,6.36768867924528,72
"77",2008,2,6.54428571428571,70,7.08510638297872,5.43913043478261,5.6,5.92105263157895,6.77647058823529,47,23,5,19,51,2429,1565,864,148,894,1535,6.0606492383697,6.6902089456869,4.92030092592593,5.4097972972973,5.51014205816555,6.38127035830619,73
"78",2008,3,6.05865853658537,82,6.83450980392157,4.78225806451613,5.875,5.47413793103448,6.37849056603774,51,31,4,29,53,2511,1616,895,152,923,1588,6.06058422939068,6.6947629950495,4.91551955307263,5.42203947368421,5.50901083423618,6.38117758186398,74
"79",2008,4,6.41529411764706,85,6.94561403508772,5.33571428571429,5.11111111111111,6.06153846153846,6.57118644067797,57,28,9,26,59,2596,1673,923,161,949,1647,6.07219838212635,6.70330962343096,4.92826652221018,5.40465838509317,5.52414857744995,6.38798421372192,75
"80",2008,5,6.0625,64,6.52173913043478,4.88888888888889,4.4,5.33333333333333,6.41860465116279,46,18,5,21,43,2660,1719,941,166,970,1690,6.07196503759399,6.69845084351367,4.9275132837407,5.37439759036145,5.52001752577319,6.38876331360947,76
"81",2008,6,6.13194444444444,72,6.83333333333333,5.15,5.9,5,6.66326530612245,42,30,5,23,49,2732,1761,971,171,993,1739,6.07354575402636,6.70166780238501,4.93438722966014,5.38976608187135,5.50797280966767,6.39649798734905,77
"82",2008,7,5.78181818181818,88,6.38775510204082,5.02051282051282,4.64444444444444,5.555,5.97083333333333,49,39,18,40,48,2820,1810,1010,189,1033,1787,6.06444219858156,6.69316961325967,4.93771287128713,5.31878306878307,5.50979380445305,6.38506435366536,78
"83",2008,8,5.46818181818182,88,6.2047619047619,4.79565217391304,4.34615384615385,5.04,5.68965517241379,42,46,13,30,58,2908,1852,1056,202,1063,1845,6.04639855570839,6.682093412527,4.93152462121212,5.25618811881188,5.49653527751646,6.36320325203252,79
"84",2008,9,5.87183098591549,71,6.22448979591837,5.08636363636364,4.49,5.55,6.04673913043478,49,22,10,25,46,2979,1901,1078,212,1088,1891,6.04223799932864,6.67029826407154,4.93468460111317,5.22004716981132,5.4977637867647,6.35550502379693,80
"85",2008,10,5.91688311688312,77,6.79512195121951,4.91666666666667,4.83333333333333,5.04347826086957,6.28888888888889,41,36,15,23,54,3056,1942,1114,227,1111,1945,6.03907951570681,6.67293357363543,4.93410233393178,5.19449339207049,5.48835913591359,6.35365552699229,81
"86",2008,11,5.90340909090909,88,6.52222222222222,4.92058823529412,4.82142857142857,4.86818181818182,6.24848484848485,54,34,14,22,66,3144,1996,1148,241,1133,2011,6.03528212468193,6.66885621242485,4.93370209059233,5.17282157676349,5.47631685789938,6.35020387866733,82
"87",2008,12,5.81135135135135,111,6.38406779661017,5.16153846153846,5.15,5.76666666666667,5.82367816091954,59,52,20,24,87,3255,2055,1200,261,1157,2098,6.02764577572965,6.6606798053528,4.943575,5.17107279693487,5.48233967156439,6.32836987607245,83
"88",2009,1,6.06740740740741,135,6.46,5.4,5.25,5.56785714285714,6.1981308411215,85,50,16,28,107,3390,2140,1250,277,1185,2205,6.02922920353982,6.65270887850467,4.961832,5.17563176895307,5.48436033755274,6.32204988662132,84
"89",2009,2,5.6881679389313,131,6.3375,4.98730158730159,5.83125,5.37285714285714,5.803125,68,63,16,35,96,3521,2208,1313,293,1220,2301,6.01653990343653,6.64300135869565,4.96305407463823,5.21143344709898,5.48116147540984,6.30039982616254,85
"90",2009,3,5.94351145038168,131,6.52676056338028,5.25333333333333,5.68181818181818,5.31578947368421,6.2,71,60,11,38,93,3652,2279,1373,304,1258,2394,6.01392031763417,6.63937999122422,4.97573925710124,5.22845394736842,5.47616613672496,6.29649958228906,86
"91",2009,4,5.99186046511628,129,6.65606060606061,5.29603174603175,5,4.95217391304348,6.21745283018868,66,63,11,23,106,3781,2345,1436,315,1281,2500,6.0131676805078,6.63984946695096,4.98979108635097,5.22047619047619,5.46675800156128,6.293148,87
"92",2009,5,5.84780701754386,114,6.14416666666667,5.51851851851852,4.92857142857143,5,6.08595505617978,60,54,14,25,89,3895,2405,1490,329,1306,2589,6.00832785622593,6.62748316008316,5.00895302013423,5.2080547112462,5.45782312404288,6.28602549246813,88
"93",2009,6,6.05825242718447,103,6.73636363636364,5.28125,5,5.20454545454545,6.29012345679012,55,48,13,22,81,3998,2460,1538,342,1328,2670,6.00961405702852,6.6299174796748,5.01745123537061,5.20014619883041,5.45362725903614,6.28614981273408,89
"94",2009,7,5.94617647058824,102,6.51741379310345,5.19318181818182,5.5,5.005,6.205,58,44,19,22,80,4100,2518,1582,361,1350,2750,6.00803585365854,6.62732605242256,5.02233881163085,5.21592797783934,5.4463162962963,6.28378909090909,90
"95",2009,8,6.02445652173913,92,6.43303571428571,5.38888888888889,5.57142857142857,5.675,6.12152777777778,56,36,7,20,72,4192,2574,1618,368,1370,2822,6.00839623091603,6.62309906759907,5.03049443757726,5.2226902173913,5.44965474452555,6.2796491849752,91
"96",2009,9,5.865,100,6.62264150943396,5.01063829787234,5.15625,5.13913043478261,6.08181818181818,53,47,16,23,77,4292,2627,1665,384,1393,2899,6.00505521901212,6.62308983631519,5.02993393393393,5.219921875,5.44452763819096,6.27439461883408,92
"97",2009,10,5.86185185185185,135,6.26375,5.27727272727273,5.36666666666667,5.265625,6.04708737864078,80,55,30,32,103,4427,2707,1720,414,1425,3002,6.0006882764852,6.61247026228297,5.03784302325581,5.23055555555556,5.4405101754386,6.26659560293138,93
"98",2009,11,5.87948717948718,117,6.42753623188406,5.09166666666667,5.1,5.64,5.96206896551724,69,48,24,30,87,4544,2776,1768,438,1455,3089,5.99756756161972,6.60787355907781,5.03930429864253,5.22340182648402,5.4446233676976,6.25801877630301,94
"99",2009,12,5.74661654135338,133,6.23076923076923,5.06,5.19444444444444,5.53333333333333,5.80873786407767,78,55,18,30,103,4677,2854,1823,456,1485,3192,5.99043125935429,6.5975672740014,5.03992868897422,5.22225877192982,5.44641548821549,6.24352130325815,95
"100",2010,1,5.75609756097561,164,6.21134020618557,5.09701492537313,5.22413793103448,5.3875,5.875,97,67,29,40,124,4841,2951,1890,485,1525,3316,5.98249266680438,6.58487190782785,5.04195238095238,5.22237113402062,5.44487016393443,6.22974065138721,96
"101",2010,2,5.90721649484536,97,6.3,5.14545454545455,5.38,5,6.14285714285714,64,33,10,20,77,4938,3015,1923,495,1545,3393,5.98101397326853,6.57882487562189,5.04372854914196,5.22555555555556,5.43911132686084,6.2277689360448,97
"102",2010,3,5.98678095238095,105,6.63833333333333,5.11804444444444,5.05263157894737,5.59375,6.05743820224719,60,45,19,16,89,5043,3075,1968,514,1561,3482,5.98113404719413,6.57998601626016,5.04542784552845,5.21916342412451,5.44069634849455,6.22341527857553,98
"103",2010,4,6.06032967032967,91,6.50423728813559,5.241875,4.69230769230769,5.21875,6.36179104477612,59,32,13,24,67,5134,3134,2000,527,1585,3549,5.98253778730035,6.57855998723676,5.048571,5.2061669829222,5.4373356466877,6.22602761341223,99
"104",2010,5,6.06788990825688,109,6.55074626865672,5.29761904761905,4.59090909090909,4.54545454545455,6.45287356321839,67,42,11,22,87,5243,3201,2042,538,1607,3636,5.98431222582491,6.57797781943143,5.05369343780607,5.1935873605948,5.42512570006223,6.23145544554456,100
"105",2010,6,5.726875,80,6.51145833333333,4.55,3.78571428571429,4.80434782608696,6.09912280701754,48,32,14,23,57,5323,3249,2074,552,1630,3693,5.98044317114409,6.57699507540782,5.0459218900675,5.15788043478261,5.41636625766871,6.22941294340645,101
"106",2010,7,5.74886021505376,93,6.40769230769231,4.21942857142857,4.525,4.90209523809524,5.99583333333333,65,28,12,21,72,5416,3314,2102,564,1651,3765,5.97646658050222,6.5736744115872,5.03491246431969,5.14441489361702,5.40982495457299,6.22494608233732,102
"107",2010,8,5.98509615384615,104,6.48857142857143,4.94852941176471,4.41666666666667,5.8,6.02916666666667,70,34,6,20,84,5520,3384,2136,570,1671,3849,5.97662916666667,6.5719140070922,5.03353745318352,5.13675438596491,5.41449491322561,6.22067342166797,103
"108",2010,9,6.27747747747748,111,6.83066666666667,5.125,5.27272727272727,5.93103448275862,6.4,75,36,11,29,82,5631,3459,2172,581,1700,3931,5.9825595808915,6.57752442902573,5.03505340699816,5.13932874354561,5.42330647058824,6.22441414398372,104
"109",2010,10,5.82037037037037,108,6.62272727272727,4.55952380952381,5.125,5.46666666666667,5.90574712643678,66,42,12,21,87,5739,3525,2214,593,1721,4018,5.97950740547134,6.57837078014184,5.0260325203252,5.13903878583474,5.42383556072051,6.21751418616227,105
"110",2010,11,5.80236220472441,127,6.32173913043478,5.18448275862069,5.5,5.07586206896552,6.01734693877551,69,58,14,29,98,5866,3594,2272,607,1750,4116,5.97567217865667,6.57344379521424,5.03007746478873,5.14736408566722,5.41806914285714,6.21274829931973,106
"111",2010,12,5.9014598540146,137,6.33586956521739,5.01333333333333,5.425,5.74782608695652,5.93245614035088,92,45,12,23,114,6003,3686,2317,619,1773,4230,5.97397851074463,6.56751410743353,5.02975226586103,5.15274636510501,5.42234686971235,6.20519432624114,107
"112",2011,1,6.16502732240437,183,6.52016806722689,5.5046875,5.24583333333333,5.1972972972973,6.41027397260274,119,64,24,37,146,6186,3805,2381,643,1810,4376,5.97963029421274,6.56603337713535,5.04251826963461,5.15622083981338,5.41774640883978,6.2120365630713,108
"113",2011,2,6.07535211267606,142,6.73111111111111,4.94038461538462,4.95,5.23478260869565,6.23781512605042,90,52,20,23,119,6328,3895,2433,663,1833,4495,5.98177828697851,6.56984775353017,5.04033538840937,5.15,5.4154506273868,6.2127190211346,109
"114",2011,3,6.28308823529412,136,6.77666666666667,5.31739130434783,5.88571428571429,5.83125,6.42211538461538,90,46,21,32,104,6464,3985,2479,684,1865,4599,5.9881177289604,6.57451869510665,5.04547640177491,5.17258771929825,5.42258498659517,6.21745422918026,110
"115",2011,4,6.29653846153846,130,6.85965909090909,5.11666666666667,5.075,5.65161290322581,6.49848484848485,88,42,12,31,99,6594,4073,2521,696,1896,4698,5.99419821049439,6.58067935182912,5.04666243554145,5.17090517241379,5.42632964135021,6.22337633035334,111
"116",2011,5,6.07881505376344,93,6.5781,5.25142857142857,5.0625,6.29819,6.01871232876712,58,35,8,20,73,6687,4131,2556,704,1916,4771,5.99537502617018,6.5806431372549,5.04946635367762,5.16967329545455,5.43543048016701,6.2202448124083,112
"117",2011,6,6.17421875,128,6.71190476190476,5.14772727272727,5.66666666666667,5.525,6.29444444444444,84,44,12,20,108,6815,4215,2600,716,1936,4879,5.99873408657374,6.58325902728351,5.05112923076923,5.17800279329609,5.43635578512397,6.22188727198196,113
"118",2011,7,5.84029411764706,102,6.29417910447761,4.97142857142857,4.08333333333333,5.78947368421053,5.85192771084337,67,35,12,19,83,6917,4282,2635,728,1955,4962,5.99639768685847,6.57873582438113,5.05007058823529,5.15995879120879,5.43978762148338,6.21569891172914,114
"119",2011,8,6.2174140625,128,6.68973417721519,5.45591836734694,5.38461538461539,5.65967647058824,6.41914893617021,79,49,13,34,94,7045,4361,2684,741,1989,5056,6.00041331440738,6.58074657188718,5.05747988077496,5.16390013495277,5.44354640522876,6.21948140822785,115
"120",2011,9,5.90045045045045,111,6.42950819672131,5.255,5.55263157894737,4.885,6.12362637362637,61,50,19,20,91,7156,4422,2734,760,2009,5147,5.99886274455003,6.57866028946178,5.06109217264082,5.17361842105263,5.43798596316575,6.21778667184768,116
"121",2011,10,5.69219858156028,141,6.30649350649351,4.953125,4.91290322580645,5.46129032258064,5.75727272727273,77,64,31,31,110,7297,4499,2798,791,2040,5257,5.99293707002878,6.57400217826184,5.05862258756255,5.1634007585335,5.43834009803922,6.20815065626783,117
"122",2011,11,5.76304347826087,161,6.29402173913043,5.05507246376812,5.19821428571429,4.953125,5.96395348837209,92,69,28,32,129,7458,4591,2867,819,2072,5386,5.98797422901582,6.5683915922457,5.05853714684339,5.16459096459097,5.43084642857143,6.20230189379874,118
"123",2011,12,6.22686567164179,134,6.57,5.525,5.12857142857143,5.13518518518519,6.50233644859813,90,44,14,27,107,7592,4681,2911,833,2099,5493,5.99219070073762,6.56842251655629,5.06558777052559,5.1639855942377,5.42704325869462,6.20814636810486,119
"124",2012,1,6.0409595959596,198,6.69954545454545,5.21772727272727,5.46875,5.04709677419355,6.22544910179641,110,88,32,31,167,7790,4791,2999,865,2130,5660,5.99343026957638,6.57143306199123,5.07005201733911,5.17526011560694,5.42151352112676,6.20865689045937,120
"125",2012,2,5.98857142857143,175,6.42946428571429,5.2047619047619,5.63181818181818,5.53103448275862,6.07945205479452,112,63,22,29,146,7965,4903,3062,887,2159,5806,5.99332351537979,6.56819004691005,5.07282364467668,5.18658399098083,5.42298462251042,6.2054078539442,121
"126",2012,3,6.11846153846154,130,6.56447368421053,5.49074074074074,5.125,5.595,6.21363636363636,76,54,24,20,110,8095,4979,3116,911,2179,5916,5.995333143916,6.56813331994376,5.08006611039795,5.18496158068057,5.42456346948141,6.20556085192698,122
"127",2012,4,5.90821917808219,146,6.36893203883495,4.8046511627907,5.03571428571429,5.72258064516129,5.95826086956522,103,43,14,31,115,8241,5082,3159,925,2210,6031,5.99378980706225,6.56409598583235,5.07631718898386,5.1827027027027,5.42874380090498,6.20084529928702,123
"128",2012,5,6.17194117647059,170,6.6318018018018,5.30677966101695,5.25,5.63972222222222,6.31492537313433,111,59,22,36,134,8411,5193,3218,947,2246,6165,5.99739053620259,6.56554319275948,5.08054257302672,5.18426610348469,5.43212546749777,6.20332489862125,124
"129",2012,6,6.28411458333333,192,6.68130081300813,5.57608695652174,5.16346153846154,5.55555555555556,6.45224358974359,123,69,26,36,156,8603,5316,3287,973,2282,6321,6.00378958502848,6.56822155756208,5.09094493459081,5.18371017471737,5.43407265556529,6.20946812213257,125
"130",2012,7,6.15206896551724,145,6.70520833333333,5.06836734693878,4.58666666666667,5.67586206896552,6.27112068965517,96,49,15,29,116,8748,5412,3336,988,2311,6437,6.00624734796525,6.5706514781966,5.09061330935252,5.17464574898786,5.43710679359585,6.21057915177878,126
"131",2012,8,6.38343195266272,169,6.86548672566372,5.41071428571429,5.94117647058824,5.75862068965517,6.51285714285714,113,56,17,29,140,8917,5525,3392,1005,2340,6577,6.01339596276775,6.57668159276018,5.09589799528302,5.18761194029851,5.44109136752137,6.21701353200547,127
"132",2012,9,6.05259259259259,135,6.69787234042553,4.57317073170732,4.53125,5.56896551724138,6.18490566037736,94,41,16,29,106,9052,5619,3433,1021,2369,6683,6.01398053468847,6.5787089873643,5.08965511214681,5.17732615083252,5.44265673279865,6.21650426455185,128
"133",2012,10,5.90229411764706,170,6.3137962962963,5.18548387096774,5.44444444444444,4.93181818181818,6.13605839416058,108,62,27,33,137,9222,5727,3495,1048,2402,6820,6.01192168726957,6.57371325301205,5.09135507868383,5.18420801526718,5.43563855120733,6.21488826979472,129
"134",2012,11,6.18038277511962,209,6.61524822695035,5.27867647058823,5.65483870967742,5.52948717948718,6.32970588235294,141,68,31,39,170,9431,5868,3563,1079,2441,6990,6.01565494645319,6.57471128152692,5.09493011507157,5.19772937905468,5.43713797623924,6.21768068669528,130
"135",2012,12,6.25088105726872,227,6.64934640522876,5.42702702702703,5.14848484848485,5.40232558139535,6.4491847826087,153,74,33,43,184,9658,6021,3637,1112,2484,7174,6.0211836612135,6.57660783922936,5.10168710475667,5.19626798561151,5.43653534621578,6.22361834402007,131
"136",2013,1,6.28559870550162,309,6.56343612334802,5.51646341463415,5.1875,5.49891304347826,6.42319391634981,227,82,24,46,263,9967,6248,3719,1136,2530,7437,6.02938113775459,6.5761292893726,5.11083248184996,5.19608274647887,5.43766948616601,6.23067607906414,132
"137",2013,2,5.94734042553192,188,6.4758064516129,4.9234375,5.01458333333333,5.89354838709677,5.95796178343949,124,64,24,31,157,10155,6372,3783,1160,2561,7594,6.02786231413097,6.57417699309479,5.10766217287867,5.1923275862069,5.44318773916439,6.22503792467738,133
"138",2013,3,6.17117117117117,222,6.74347826086957,5.23095238095238,5.2875,5.28717948717949,6.35956284153005,138,84,32,39,183,10377,6510,3867,1192,2600,7777,6.03092818733738,6.57776586789554,5.11034031549004,5.19488255033557,5.44084761538461,6.22820342034204,134
"139",2013,4,6.14950248756219,201,6.61340579710145,5.13333333333333,4.97826086956522,5.25,6.28314285714286,138,63,23,26,175,10578,6648,3930,1215,2626,7952,6.03318130081301,6.57850568592058,5.11070890585242,5.19078189300412,5.43895803503427,6.2294124748491,135
"140",2013,5,6.20961538461538,182,6.6875,4.948,4.77083333333333,5.60294117647059,6.34898648648649,132,50,24,34,148,10760,6780,3980,1239,2660,8100,6.03616559479554,6.58062769911504,5.1086648241206,5.18264729620662,5.44105406015037,6.23159728395062,136
"141",2013,6,6.25989847715736,197,6.72846715328467,5.19,5.76190476190476,5.66764705882353,6.38343558282209,137,60,21,34,163,10957,6917,4040,1260,2694,8263,6.04018817194488,6.58355584791094,5.10987277227723,5.19230158730159,5.44391380846325,6.2345925208762,137
"142",2013,7,6.10242718446602,206,6.54388489208633,5.1865671641791,5.48148148148148,5.44516129032258,6.21885714285714,139,67,27,31,175,11163,7056,4107,1287,2725,8438,6.04133671951984,6.58277434807256,5.11112393474556,5.1983682983683,5.443928,6.23426617681915,138
"143",2013,8,6.22208333333333,240,6.75542168674699,5.02567567567568,4.88235294117647,5.71052631578947,6.31831683168317,166,74,17,38,202,11403,7222,4181,1304,2763,8640,6.04514091028677,6.5867427028524,5.10961157617795,5.19424846625767,5.44759457111835,6.23623125,139
"144",2013,9,5.98214592274678,233,6.51635802469136,4.76323943661972,4.04166666666667,4.52857142857143,6.23909090909091,162,71,24,35,198,11636,7384,4252,1328,2798,8838,6.04387949467171,6.58519851029252,5.10382784571966,5.1734186746988,5.43609857040743,6.23629531568228,140
"145",2013,10,5.8994094488189,254,6.47751479289941,4.75,5.02777777777778,5.0078431372549,6.12339901477833,169,85,36,51,203,11890,7553,4337,1364,2849,9041,6.040793254836,6.5827890639481,5.096893244178,5.16957478005865,5.42843236223236,6.23376042473178,141
"146",2013,11,5.9830078125,256,6.45029069767442,5.02619047619048,5.08275862068966,5.42926829268293,6.08860465116279,172,84,29,41,215,12146,7725,4421,1393,2890,9256,6.03957531697678,6.57983893851133,5.09554987559376,5.16776740847093,5.42844422145329,6.23038872082974,142
"147",2013,12,6.11717557251908,262,6.56488764044944,5.16845238095238,5.49333333333333,6.04390243902439,6.13076923076923,178,84,30,41,221,12408,7903,4505,1423,2931,9477,6.04121387814313,6.57950218904214,5.09690921198668,5.17463106113844,5.43705349709996,6.22806563258416,143
"148",2014,1,6.06905235602094,382,6.41388970588235,5.21636363636364,5.21276595744681,5.57044444444444,6.13563204747774,272,110,47,45,337,12790,8175,4615,1470,2976,9814,6.04204533229085,6.57399190214067,5.09975644637053,5.17585034013605,5.43907049731183,6.22489158345221,144
"149",2014,2,6.19225806451613,279,6.72508108108108,5.1436170212766,5.11025641025641,5.80257142857143,6.24815573770492,185,94,39,35,244,13069,8360,4709,1509,3011,10058,6.04525210804193,6.57733538277512,5.10063198131238,5.17415506958251,5.4432958485553,6.22545595545835,145
"150",2014,3,6.1069387755102,245,6.66181818181818,4.9625,5.38333333333333,5.18285714285714,6.26095238095238,165,80,30,35,210,13314,8525,4789,1539,3046,10268,6.04638724650744,6.57897053372434,5.09832449363124,5.1782326185835,5.44030328299409,6.2261819244254,146
"151",2014,4,6.0844262295082,244,6.46226993865031,5.32407407407407,5.248,5.35333333333333,6.24974874371859,163,81,25,45,199,13558,8688,4870,1564,3091,10467,6.04707182475291,6.57678105432781,5.10207926078029,5.17934782608696,5.43903714008411,6.22662997993695,147
"152",2014,5,6.05162790697674,215,6.43184713375796,5.02241379310345,4.45384615384615,5.916,6.06947368421053,157,58,13,25,190,13773,8845,4928,1577,3116,10657,6.0471429463443,6.57420845675523,5.10114163961039,5.17336715282181,5.44286386392811,6.22382809421038,148
"153",2014,6,5.87081218274112,197,6.38983050847458,5.09556962025316,4.99285714285714,4.80405405405405,6.1175,118,79,35,37,160,13970,8963,5007,1612,3153,10817,6.04465639226915,6.57178107776414,5.1010537247853,5.16944789081886,5.43536752299397,6.22225533881853,149
"154",2014,7,5.80450980392157,255,6.26515151515152,4.96,5.17777777777778,5.265,5.90488372093023,165,90,36,40,215,14225,9128,5097,1648,3193,11032,6.0403514797891,6.56623836546889,5.0985630763194,5.16962985436893,5.43323326025681,6.2160701595359,150
"155",2014,8,5.83073684210526,285,6.264,4.96421052631579,4.80769230769231,5.13695652173913,5.96426778242678,190,95,39,46,239,14510,9318,5192,1687,3239,11271,6.03623430737423,6.56007553122988,5.09610477657935,5.16126259632484,5.42902556344551,6.21073072486914,151
"156",2014,9,5.79092920353982,226,6.44460431654676,4.74655172413793,4.73484848484848,5.28529411764706,5.88046875,139,87,33,34,192,14736,9457,5279,1720,3273,11463,6.03247216340934,6.55837832293539,5.09034400454632,5.15308139534884,5.42753247784907,6.20519898804851,152
"157",2014,10,5.72961538461538,260,6.2135838150289,4.76724137931035,4.87647058823529,5.12352941176471,5.87751196172249,173,87,34,51,209,14996,9630,5366,1754,3324,11672,6.02722124566551,6.55218419522326,5.08510547894148,5.14771949828962,5.42286817087846,6.19933139136395,153
"158",2014,11,6.01660305343511,262,6.50257142857143,5.03908045977011,4.99090909090909,5.39024390243902,6.13280542986425,175,87,44,41,221,15258,9805,5453,1798,3365,11893,6.02703891728929,6.55129870474248,5.08437117183202,5.14388209121246,5.42247066864784,6.19809518203986,154
"159",2014,12,6.04491582491583,297,6.50934010152284,5.13,5.15142857142857,5.24615384615385,6.16565891472868,197,100,35,39,258,15555,10002,5553,1833,3404,12151,6.02738025072324,6.55047228554289,5.08519286871961,5.14402618657938,5.42045058754406,6.19740646860341,155
"160",2015,1,5.93424651162791,430,6.4375037037037,5.085,5.19454545454545,5.70314285714286,5.96885026737968,270,160,55,56,374,15985,10272,5713,1888,3460,12525,6.02487493274945,6.54750290109034,5.08518746718011,5.14549788135593,5.42502595375722,6.19058171656687,156
"161",2015,2,6.10034482758621,348,6.68545045045045,5.06944444444444,4.8,5.42432432432432,6.18077170418006,222,126,39,37,311,16333,10494,5839,1927,3497,12836,6.02648293638646,6.55042117400419,5.08484774790204,5.13850544888428,5.42501853016871,6.19034403240886,157
"162",2015,3,5.91606557377049,305,6.42425,4.94809523809524,5.32395833333333,5.31216216216216,5.99944029850746,200,105,48,37,268,16638,10694,5944,1975,3534,13104,6.02445881716552,6.54806151112773,5.08243203230148,5.14301265822785,5.42383695529145,6.18643971306472,158
"163",2015,4,5.85170278637771,323,6.26775700934579,5.0348623853211,4.63529411764706,4.715,6.01236749116608,214,109,34,40,283,16961,10908,6053,2009,3574,13387,6.02116890513531,6.54256232123212,5.08157541714852,5.13442010950722,5.41590369334079,6.18275984163741,159
"164",2015,5,5.69330543933054,239,6.169375,4.72911392405063,4.82954545454545,5.00357142857143,5.78483412322275,160,79,44,28,211,17200,11068,6132,2053,3602,13598,6.01661312790698,6.53716749186845,5.0770345727332,5.12788602045787,5.41269844530816,6.17658523312252,160
"165",2015,6,5.93033088235294,272,6.36978609625668,4.96352941176471,5.20526315789474,5.27325581395349,6.05371179039301,187,85,38,43,229,17472,11255,6217,2091,3645,13827,6.01526990613553,6.53438647712128,5.07548270870194,5.12929220468675,5.4110534430727,6.17455022781515,161
"166",2015,7,5.68749034749035,259,6.22353591160221,4.44358974358974,4.16666666666667,4.93103448275862,5.78286956521739,181,78,30,29,230,17731,11436,6295,2121,3674,14057,6.01048196943207,6.5294665792235,5.06765305798252,5.11567656765677,5.40726450734894,6.16814156647934,162
"167",2015,8,5.58706060606061,330,6.06985645933014,4.75314049586777,5.10227272727273,5.21979166666667,5.64957446808511,209,121,44,48,282,18061,11645,6416,2165,3722,14339,6.00274546259897,6.52121767282095,5.06172163341646,5.11540415704388,5.40484680279419,6.15794309226585,163
"168",2015,9,5.59470416666667,240,6.05696202531646,4.70401219512195,4.98516,5.37205882352941,5.63145145631068,158,82,25,34,206,18301,11803,6498,2190,3756,14545,5.99739439374897,6.51500294840295,5.05720760233918,5.11391735159817,5.40455,6.15048642145068,164
"169",2015,10,5.68088803088803,259,6.18103448275862,4.65705882352941,4.51388888888889,4.92380952380952,5.82741935483871,174,85,36,42,217,18560,11977,6583,2226,3798,14762,5.99297762931034,6.51015110628705,5.0520408628285,5.10421338724169,5.39923375460769,6.14573736621055,165
"170",2015,11,5.69936901408451,355,6.23051101321586,4.757421875,4.51136363636364,5.35060465116279,5.7474358974359,227,128,44,43,312,18915,12204,6711,2270,3841,15074,5.98746713190589,6.50494967223861,5.04642154671435,5.09272202643172,5.39868935173132,6.13749336606077,166
"171",2015,12,5.5212,375,5.98440170940171,4.75248226950355,4.74146341463415,4.799,5.63230769230769,234,141,41,50,325,19290,12438,6852,2311,3891,15399,5.97840284085018,6.49515643994211,5.04037288382954,5.086490263955,5.39098324338216,6.12683128774596,167
"172",2016,1,5.81599526066351,422,6.21363636363636,4.8712,5.03636363636364,5.08275862068966,5.93282967032967,297,125,55,58,364,19712,12735,6977,2366,3949,15763,5.97492597402597,6.48859095406361,5.03734198079403,5.08532502113271,5.38645626740947,6.12235139250143,168
"173",2016,2,5.66758957654723,307,6.1201030927835,4.89070796460177,5.06730769230769,5.20555555555556,5.7289667896679,194,113,52,36,271,20019,12929,7090,2418,3985,16034,5.97021283780408,6.48306178358729,5.03500493653032,5.08493755169562,5.38482203262233,6.11570256953973,169
"174",2016,3,5.64429530201342,298,6.16432432432432,4.7929203539823,5.05102040816327,5.1425,5.72209302325581,185,113,49,40,258,20317,13114,7203,2467,4025,16292,5.96543243589112,6.47856533475675,5.03120713591559,5.08426388325902,5.38241386335404,6.10946937147067,170
"175",2016,4,5.68814275862069,319,6.18251231527094,4.82299603448276,4.57885243243243,5.61627906976744,5.69933891304348,203,116,37,43,276,20636,13317,7319,2504,4068,16568,5.96114597499515,6.47405239918901,5.02790716491324,5.0767957428115,5.38488588987217,6.10263716441333,171
"176",2016,5,6.03647540983607,366,6.51825095057034,4.80631067961165,4.46944444444444,5.49519230769231,6.12611464968153,263,103,36,52,314,21002,13580,7422,2540,4120,16882,5.96245873440625,6.47490837997055,5.0248319240097,5.06818761417323,5.38627810679611,6.10307383840778,172
"177",2016,6,5.87069486404834,331,6.34487179487179,4.72680412371134,4.93939393939394,4.925,6.02333333333333,234,97,33,46,285,21333,13814,7519,2573,4166,17167,5.96103493835841,6.47270564644564,5.02098717116638,5.06653577147299,5.38118478156505,6.10175001689288,173
"178",2016,7,5.91718411552347,277,6.3703743315508,4.97555555555556,4.92142857142857,5.98205882352941,5.90810699588477,187,90,35,34,243,21610,14001,7609,2608,4200,17410,5.96047285238315,6.47133889007928,5.02044980155079,5.06458839723926,5.386049,6.09904724526135,174
"179",2016,8,5.93060975609756,410,6.38442906574394,4.84669421487603,5.09333333333333,5.50245901639344,6.0054441260745,289,121,45,61,349,22020,14290,7730,2653,4261,17759,5.95991681834696,6.46958123163051,5.0177299534282,5.06507596683,5.38771551279042,6.09720775606735,175
"180",2016,9,5.86597076023392,342,6.3336170212766,4.83889719626168,4.92439024390244,5.06219512195122,5.97545514950166,235,107,41,41,301,22362,14525,7837,2694,4302,18060,5.95848002593686,6.46738146643718,5.01528831695802,5.06293487008166,5.38461315667131,6.09517854595792,176
"181",2016,10,5.65773529411765,340,6.2079512195122,4.82222222222222,4.89782608695652,4.8780487804878,5.76464882943144,205,135,46,41,299,22702,14730,7972,2740,4343,18359,5.95397587613426,6.46377093007468,5.01201888359257,5.06016297080292,5.37983094635045,6.08979544310693,177
"182",2016,11,5.87652912621359,412,6.2925,4.99416666666667,4.88490566037736,6.12818181818182,5.83775910364146,280,132,53,55,357,23114,15010,8104,2793,4398,18716,5.95259541143895,6.46057600266489,5.01172810217177,5.05683728607232,5.38918958617553,6.08498795362257,178
"183",2016,12,5.7778216080402,398,6.21927306273063,4.83582677165354,5,5.14260784313726,5.87118155619597,271,127,41,51,347,23512,15281,8231,2834,4449,19063,5.94963692327322,6.45629662980171,5.00901403717653,5.05601501058574,5.38636295796808,6.0810960782668,179
"184",2017,1,5.81736,500,6.28222543352601,4.77292207792208,4.55,5.24606060606061,5.90423963133641,346,154,63,66,434,24012,15627,8385,2897,4515,19497,5.94688253123438,6.45244249056121,5.00467794156231,5.04501088712461,5.38431202657807,6.07715928296661,180
"185",2017,2,5.86645728643216,398,6.35549242424242,4.90298507462687,4.74038461538461,5.32142857142857,5.93075842696629,264,134,52,42,356,24410,15891,8519,2949,4557,19853,5.94557121425645,6.4508318419231,5.00307835896232,5.03963938284164,5.38373245556287,6.07453405228429,181
"186",2017,3,6.00169054441261,349,6.52068085106383,4.93184210526316,4.68857142857143,5.94822222222222,6.0096052631579,235,114,35,45,304,24759,16126,8633,2984,4602,20157,5.94636226584272,6.45184973334987,5.00213767404147,5.03552162868633,5.38925223815732,6.07355482165005,182
"187",2017,4,5.89751515151515,330,6.32620535714286,4.99160377358491,5.05813953488372,5.579,5.95439285714286,224,106,43,50,280,25089,16350,8739,3027,4652,20437,5.94571977121447,6.45012836697248,5.00200990273486,5.03584292699042,5.39129165950129,6.07192222635417,183
"188",2017,5,5.85791044776119,335,6.30416666666667,4.73052631578947,4.84444444444444,5.54285714285714,5.89466666666667,240,95,45,35,300,25424,16590,8834,3072,4687,20737,5.94456274937067,6.4480168053044,4.99909039393253,5.03303923828125,5.39242346917005,6.06935788879781,184
"189",2017,6,5.81818461538462,325,6.31492890995261,4.89877192982456,4.81888888888889,4.69736842105263,5.96658536585366,211,114,45,38,287,25749,16801,8948,3117,4725,21024,5.94296762359703,6.44634538420332,4.99781230889584,5.02994755854989,5.38683360846561,6.06795493436073,185
"190",2017,7,5.93089108910891,303,6.37316037735849,4.90054945054945,5.109375,5.575,5.99788235294118,212,91,32,48,255,26052,17013,9039,3149,4773,21279,5.94282716643636,6.44543342150121,4.99683311649519,5.03075469672912,5.38872591661429,6.06711520936135,186
"191",2017,8,5.68056910569106,369,6.28661157024793,4.52574803149606,4.76136363636364,5.2625,5.73139817629179,242,127,44,40,329,26421,17255,9166,3193,4813,21608,5.9391644275387,6.44320595769342,4.99030597207069,5.02704244910742,5.38767687512986,6.06200363476491,187
"192",2017,9,5.8305671641791,335,6.31456140350877,4.7992523364486,4.85897435897436,5.5025,5.87505084745763,228,107,39,40,295,26756,17483,9273,3232,4853,21903,5.93780472940649,6.44152827317966,4.98810142780114,5.02501439975248,5.38862328456625,6.05948566589052,188
"193",2017,10,5.89828828828829,333,6.2895652173913,5.02456310679612,4.925,5.48421052631579,5.95162711864407,230,103,40,38,295,27089,17713,9376,3272,4891,22198,5.93731896120196,6.43955506125445,4.98850197738908,5.02379172982885,5.38936593743611,6.05805228128661,189
"194",2017,11,5.75480818414322,391,6.28004273504274,4.97197452229299,4.964,4.78039215686274,5.90097058823529,234,157,50,51,340,27480,17947,9533,3322,4942,22538,5.93472210116448,6.43747527720511,4.98822978495751,5.02289179409994,5.38308150546337,6.0556826044902,190
"195",2017,12,5.8328895184136,353,6.46472103004292,4.60608333333333,4.63636363636364,5.07142857142857,5.91669811320755,233,120,33,35,318,27833,18180,9653,3355,4977,22856,5.93343058024647,6.43782446644665,4.98347918160157,5.01908987779434,5.3808898533253,6.05374888606931,191
"196",2018,1,5.90194678899083,545,6.436216,4.72341176470588,4.64375,5.63833333333333,5.9345587628866,375,170,64,60,485,28378,18555,9823,3419,5037,23341,5.93282593346959,6.43779195904069,4.9789783711697,5.01206391927464,5.38395648203296,6.05127224797567,192
"197",2018,2,5.89444444444444,342,6.40150862068965,4.825,4.54166666666667,5.11125,5.99817880794702,232,110,42,40,302,28720,18787,9933,3461,5077,23643,5.93236888370473,6.43734389737585,4.97727318433504,5.00635554464028,5.38180791806185,6.05059406758872,193
"198",2018,3,5.8109726443769,329,6.41644230769231,4.7701652892562,4.795,4.93703703703704,5.8891059602649,208,121,40,27,302,29049,18995,10054,3501,5104,23945,5.9309939874006,6.43711501974204,4.97478063855182,5.00394074264496,5.37945509404389,6.0485573414074,194
"199",2018,4,5.8689098427673,318,6.42044232227488,4.78130841121495,5.30625,5.13877551020408,6.00190828996283,211,107,32,49,269,29367,19206,10161,3533,5153,24214,5.93032171042326,6.43693185098407,4.97274328707804,5.00667889612228,5.37716646613623,6.04803910423722,195
"200",2018,5,5.77570371428571,315,6.27509894977169,4.63645833333333,4.8875,5.16410256410256,5.86212561594203,219,96,40,39,276,29682,19425,10257,3573,5192,24490,5.92868082811131,6.43510732561133,4.96959584088915,5.005344679541,5.37556602465331,6.04594387668437,196
"201",2018,6,5.73983333333333,258,6.29504375,4.83336734693878,4.67631578947368,5.20588235294118,5.82087946428571,160,98,38,34,224,29940,19585,10355,3611,5226,24714,5.92705348496994,6.43396307378095,4.96830657073877,5.00188217668236,5.37446207424416,6.04390396293599,197
"202",2018,7,5.64680608365019,263,6.23951807228916,4.63247422680412,4.35581395348837,5.61375,5.65273542600897,166,97,43,40,223,30203,19751,10452,3654,5266,24937,5.92461316226865,6.43232883398309,4.96518987179487,4.99427929392447,5.37627968097227,6.04040592452982,198
"203",2018,8,5.89524732258065,310,6.42774604761905,4.777,4.99230769230769,5.70588235294118,5.91857489130435,210,100,39,34,276,30513,19961,10552,3693,5300,25213,5.92431481696326,6.43228062071038,4.96340641963608,4.99425847278635,5.37839411320755,6.03907227263714,199
"204",2018,9,5.86692307692308,260,6.41061797752809,4.68670731707317,4.65551724137931,5.29230769230769,5.93076923076923,178,82,29,26,234,30773,20139,10634,3722,5326,25447,5.92382991616027,6.43208915388053,4.96127276095542,4.99161916711445,5.37797386406308,6.03807636302905,200
"205",2018,10,5.87798679867987,303,6.2627,5.13097087378641,5.35862068965517,5.5046511627907,5.93973076923077,200,103,29,43,260,31076,20339,10737,3751,5369,25707,5.92338293248809,6.43042349525542,4.96290067430381,4.99445655558518,5.37898841497485,6.0370816979811,201
"206",2018,11,5.76588996763754,309,6.18355,4.99954128440367,4.80520833333333,5.54782608695652,5.80403041825095,200,109,48,46,263,31385,20539,10846,3799,5415,25970,5.92183234060857,6.428019546716,4.96326890466531,4.9920654224796,5.380422677747,6.03472157142857,202
"207",2018,12,5.95605757475083,301,6.43855944723618,5.01470588235294,4.31818181818182,5.26060606060606,6.04169152985075,199,102,33,33,268,31686,20738,10948,3832,5448,26238,5.92215746197058,6.42812068666216,4.96374813116551,4.98626214509395,5.37969691629956,6.03479276393018,203
"208",2019,1,5.89913434679335,421,6.44184310810811,4.614,4.59888888888889,5.05102040816327,6.01084827956989,296,125,45,49,372,32107,21034,11073,3877,5497,26610,5.92185557355094,6.4283137948084,4.9597999223336,4.9817659375806,5.37676710933236,6.0344580270575,204
"209",2019,2,5.76588235294118,323,6.30281553398058,4.82051282051282,4.93404255319149,5.03888888888889,5.85707317073171,206,117,47,36,287,32430,21240,11190,3924,5533,26897,5.92030209374036,6.42709662711864,4.95834356925826,4.98119432721713,5.37456873305621,6.03256527121984,205
"210",2019,3,5.64775510204082,294,6.2399481865285,4.51613861386139,4.48571428571429,4.96153846153846,5.71432835820896,193,101,35,26,268,32724,21433,11291,3959,5559,27165,5.91785346840239,6.42541139177903,4.95438796740767,4.97681397827734,5.37263694909156,6.02942566169704,206
"211",2019,4,5.92601449275362,276,6.47424083769634,4.69411764705882,4.40909090909091,5.3,6.01692946058091,191,85,22,35,241,33000,21624,11376,3981,5594,27406,5.91792172424242,6.42584269145394,4.95244326125175,4.97367659884451,5.37218248122989,6.02931577391812,207
"212",2019,5,5.94903474903475,259,6.35438596491228,5.16136363636364,5.04444444444444,5.47037037037037,6.00474137931035,171,88,27,27,232,33259,21795,11464,4008,5621,27638,5.91816401274843,6.42528205368203,4.95404697662247,4.97415332834331,5.37265411848425,6.02910949055648,208
"213",2019,6,5.87083018867925,265,6.17662983425414,5.21190476190476,4.99411764705882,4.97894736842105,5.93971544715447,181,84,34,19,246,33524,21976,11548,4042,5640,27884,5.91778984906335,6.42323408991627,4.95592263075857,4.97432126175161,5.37132780141844,6.02832083273562,209
"214",2019,7,5.86884476534296,277,6.30335,4.74025974025974,4.66206896551724,5.70633333333333,5.88858299595142,200,77,29,30,247,33801,22176,11625,4071,5670,28131,5.9173887429366,6.42215288419913,4.95449415397849,4.97209691476296,5.37310031746032,6.02709388574882,210
"215",2019,8,5.70035598705502,309,6.09779487179487,5.02052631578947,4.83513513513514,4.65925925925926,5.80003546099291,195,114,37,27,282,34110,22371,11739,4108,5697,28413,5.91542265904427,6.41932557149881,4.95513540676377,4.97086332521909,5.36971718448306,6.02484032309155,211
"216",2019,9,5.7088813559322,295,6.18083333333333,4.82912621359223,4.58818181818182,5.42558139534884,5.75722222222222,192,103,44,43,252,34405,22563,11842,4152,5740,28665,5.91365170469408,6.41729612019678,4.9540393970613,4.96680793352601,5.37013567944251,6.0224876364905,212
"217",2019,10,5.80922119873817,317,6.30103776744186,4.77254901960784,4.42051282051282,5.56666666666667,5.84029580071174,215,102,39,36,281,34722,22778,11944,4191,5776,28946,5.91269828984505,6.41619876547546,4.95248949598124,4.96172429968981,5.37136059556787,6.02071896704208,213
"218",2019,11,5.8142345276873,307,6.26538834951456,4.89405940594059,4.75384615384615,5.07931034482759,5.89089928057554,206,101,26,29,278,35029,22984,12045,4217,5805,29224,5.91183533700648,6.41484708840933,4.95199954669987,4.96044262271757,5.36990160206718,6.01948402751164,214
"219",2019,12,5.77930779069767,344,6.2412528,4.90588235294118,4.578125,5.99333333333333,5.75885949044586,225,119,32,30,314,35373,23209,12164,4249,5835,29538,5.91054651570407,6.41316417596622,4.95154838375534,4.95756331842787,5.37310690659811,6.01671349109622,215
"220",2020,1,5.8041775,520,6.344578,4.69158823529412,4.67576271186441,5.71166666666667,5.81624413043478,350,170,59,60,460,35893,23559,12334,4308,5895,29998,5.90900549410748,6.41214523791332,4.94796534295443,4.95370393221913,5.37655280746395,6.01363942262818,216
"221",2020,2,5.99652105263158,361,6.3960859922179,5.00913461538462,4.88875,5.21,6.09452990654206,257,104,32,40,321,36254,23816,12438,4340,5935,30319,5.90987693220058,6.4119719415519,4.94847680816851,4.95322500921659,5.37543029486099,6.01449584419012,217
"222",2020,3,5.70534828125,320,6.29820986111111,4.47402038461538,4.736604,4.35714285714286,5.80003829431438,216,104,30,21,299,36574,24032,12542,4370,5956,30618,5.90808743232898,6.41094944615513,4.94454254983256,4.95173790846682,5.3718399597045,6.01240155954014,218
"223",2020,4,5.8831813029316,307,6.28130114035088,4.73417721518987,4.30344827586207,4.55282818181818,6.04340631386861,228,79,29,33,274,36881,24260,12621,4399,5989,30892,5.90788011198178,6.40973098722176,4.94322578718009,4.94746411911798,5.36732712138921,6.01267655962709,219
"224",2020,5,5.83718954248366,306,6.23507177033493,4.97989690721649,5.04193548387097,5.6,5.85377622377622,209,97,31,20,286,37187,24469,12718,4430,6009,31178,5.90729842176029,6.40823914953615,4.9435054772763,4.94812520541761,5.36810153602929,6.01121894541023,220
"225",2020,6,5.88721189591078,269,6.45552325581395,4.87948453608247,4.19684210526316,5.82766666666667,5.89468619246862,172,97,38,30,239,37456,24641,12815,4468,6039,31417,5.90715416515378,6.40856920376608,4.94302088646118,4.94173559982095,5.3703845222719,6.01033244039851,221
"226",2020,7,5.89027237354086,257,6.3906976744186,4.87764705882353,4.63548387096774,5.49565217391304,5.92905982905983,172,85,31,23,234,37713,24813,12900,4499,6062,31651,5.9070391220534,6.40844532100109,4.94259012868217,4.93962539675483,5.37085980369515,6.00973158130865,222
"227",2020,8,5.84470802919708,274,6.14569230769231,5.10177215189873,4.81692307692308,4.99047619047619,5.99935344827586,195,79,26,42,232,37987,25008,12979,4525,6104,31883,5.90658952825967,6.406396503119,4.94355903074197,4.93892036685083,5.36824248525557,6.00965606373303,223
"228",2020,9,5.74111109803922,255,6.251439375,4.60417721518987,4.05541666666667,4.99527777777778,5.86371383561644,176,79,24,36,219,38242,25184,13058,4549,6140,32102,5.90548610794414,6.4053135752859,4.94150579414918,4.93425910309958,5.36605572149837,6.00866044514361,224
"229",2020,10,5.75548821548822,297,6.2599,4.71546391752577,4.97571428571429,4.44642857142857,5.89174721189591,200,97,35,28,269,38539,25384,13155,4584,6168,32371,5.90433015231324,6.40416786479672,4.93983904675028,4.93457562390925,5.36188101977951,6.00768890704643,225
"230",2020,11,5.75320555910543,313,6.07738621145374,4.89751941860465,4.52307692307692,5.25,5.79499425605536,227,86,26,24,289,38852,25611,13241,4610,6192,32660,5.9031126603521,6.4012714751474,4.93956418170833,4.93225480694143,5.36144737241602,6.00580682639314,226
"231",2020,12,5.77360317142857,350,6.33148147679325,4.60353982300885,4.45833333333333,4.88148148148148,5.84817681114551,237,113,36,27,323,39202,25848,13354,4646,6219,32983,5.90195638462323,6.40063157149489,4.93672078253707,4.9285825785622,5.35936358417752,6.00426316769245,227
"232",2021,1,5.89952153110048,418,6.2761496039604,4.90718843478261,4.85909090909091,5.06451612903226,5.96640826873385,303,115,44,31,387,39620,26151,13469,4690,6250,33370,5.90193069636547,6.39918925433062,4.93646863167273,4.92793063113006,5.3579011408,6.00382415522925,228
"233",2021,2,5.98483042105263,285,6.45571199029126,4.75696202531646,4.48636363636364,5.52857142857143,6.03453957198444,206,79,33,28,257,39905,26357,13548,4723,6278,33627,5.90252276306227,6.39963102249877,4.93542190729259,4.92484536523396,5.35866233354572,6.00405890296488,229
"234",2021,3,5.72644107744108,297,6.2478,4.65147422680412,4.55461290322581,5.10945161290323,5.79834586466165,200,97,31,31,266,40202,26557,13645,4754,6309,33893,5.90122192577483,6.3984875874534,4.93340337119824,4.92243114429954,5.35743780789349,6.00244442008675,230
"235",2021,4,5.84368231046931,277,6.43423913043478,4.6752688172043,4.50645161290323,5.38260869565217,5.88543307086614,184,93,31,23,254,40479,26741,13738,4785,6332,34147,5.9008281790558,6.39873358737519,4.93165591789198,4.91973618808777,5.35752923720783,6.00157403959352,231
"236",2021,5,5.78890688259109,247,6.16455621301775,4.975,5.02857142857143,6.11111111111111,5.74936363636364,169,78,28,27,220,40726,26910,13816,4813,6359,34367,5.90014938515935,6.39726290821256,4.9319006224667,4.92036934552254,5.36072890863343,5.99995951726947,232
"237",2021,6,5.93579166666667,240,6.35396551724138,4.83333333333333,4.5,5.71481481481482,5.96380281690141,174,66,17,27,213,40966,27084,13882,4830,6386,34580,5.90035819606503,6.39698474597548,4.93143199827114,4.91888978467909,5.36222598340119,5.99973680537883,233
"238",2021,7,5.77779116465863,249,6.25220238095238,4.79382716049383,4.47727272727273,5.15,5.8509865470852,168,81,22,26,223,41215,27252,13963,4852,6412,34803,5.89961770860123,6.39609220827829,4.93063374632959,4.91688739901072,5.36136542888335,5.9987836890498,234
"239",2021,8,5.72712280701754,285,6.24989130434783,4.77475247524752,4.39189189189189,4.67884615384615,5.83235521235521,184,101,37,26,259,41500,27436,14064,4889,6438,35062,5.89843310506024,6.39511170943286,4.92951429180887,4.91291422785846,5.35860906026717,5.99755429610404,235
"240",2021,9,5.71067294339623,265,6.23669590643275,4.75375882978723,4.85333321428571,5.3069696969697,5.76809625,171,94,28,33,232,41765,27607,14158,4917,6471,35294,5.89724176200167,6.39413046908393,4.92834738875547,4.91257494203783,5.3583457162726,5.99604598685329,236
"241",2021,10,5.81057517647059,255,6.2967031147541,4.575,4.23333333333333,5.3375,5.85972584415584,183,72,15,24,231,42020,27790,14230,4932,6495,35525,5.89671582246549,6.39348889996402,4.92655954532677,4.91050912206002,5.35826868822171,5.99515957016186,237
"242",2021,11,5.5404678245614,285,6.02963962162162,4.6355,4.44166666666667,5.38888888888889,5.55633073643411,185,100,30,27,258,42305,27975,14330,4962,6522,35783,5.8943158536816,6.39108274745308,4.92452842498255,4.90767452438533,5.35839545078197,5.99199555822597,238
"243",2021,12,5.61809653005465,366,6.24617078512397,4.39233870967742,3.94444444444444,4.58333333333333,5.73097978787879,242,124,36,36,330,42671,28217,14454,4998,6558,36113,5.89194665041832,6.38983992593118,4.91996280130068,4.90073649259704,5.35414076395243,5.98961040040983,239
"244",2022,1,5.83477255278311,521,6.2971762295082,4.74290322580645,4.462,6.00874418604651,5.81912238493724,366,155,50,43,478,43192,28583,14609,5048,6601,36591,5.89125699249861,6.38865338452927,4.91808421726333,4.89639084587956,5.35840495833965,5.98738326063786,240
"245",2022,2,5.60616883116883,308,6.1488038277512,4.46060606060606,4.14615384615385,5.23103448275862,5.64516129032258,209,99,26,29,279,43500,28792,14708,5074,6630,36870,5.88923843724138,6.38691232599333,4.91500491773185,4.89254650965708,5.35784783257919,5.98479362327095,241
"246",2022,3,5.76508650519031,289,6.26345744680851,4.83742574257426,4.76666666666667,4.9,5.86157692307692,188,101,30,29,260,43789,28980,14809,5104,6659,37130,5.88841905547055,6.38611144547964,4.91447581403201,4.89180662029781,5.35585390148671,5.98393080770267,242
"247",2022,4,5.92277776666667,300,6.35268815668203,4.79879518072289,4.072,5.90129032258065,5.92525401486989,217,83,25,31,269,44089,29197,14892,5129,6690,37399,5.888652846515,6.38586303455835,4.91383107238786,4.88781068239423,5.3583813348281,5.98350876280115,243
"248",2022,5,5.76035015772871,317,6.27822222222222,4.4938152173913,4.44545454545455,5.08928571428571,5.82536678200692,225,92,33,28,289,44406,29422,14984,5162,6718,37688,5.88773693532405,6.38503986880566,4.91125222437266,4.88498275668346,5.35725976927657,5.98229609477818,244
"249",2022,6,5.68536188356164,292,6.15198247368421,4.81616666666667,4.55882352941176,5.69047619047619,5.68496557195572,190,102,34,21,271,44698,29612,15086,5196,6739,37959,5.88641487359613,6.38354449851412,4.9106093285165,4.88284853541186,5.35829813473809,5.98017336837114,245
"250",2022,7,5.69245988721805,266,6.06479851648352,4.88572619047619,4.72,4.95717857142857,5.77896357142857,182,84,22,28,238,44964,29794,15170,5218,6767,38197,5.88526746619518,6.38159740283279,4.91047154449571,4.88216193752396,5.35663841140831,5.97891965913553,246
"251",2022,8,5.72878135483871,310,6.19579439252336,4.68773145833333,4.44444444444444,5.15333333333333,5.79733653429603,214,96,18,33,277,45274,30008,15266,5236,6800,38474,5.88419597495251,6.3802723613703,4.90907084698022,4.88065717914439,5.35565178382353,5.97761232104798,247
"252",2022,9,5.56698973568282,227,5.95004117283951,4.61230769230769,4.59444444444444,5.21578947368421,5.59907052884615,162,65,18,19,208,45501,30170,15331,5254,6819,38682,5.88261346431946,6.37796220384488,4.90781263779271,4.87967662542825,5.35526208095029,5.97557683444496,248
"253",2022,11,5.564,25,6.09444444444444,4.2,4.95,4,5.77727272727273,18,7,2,3,22,45526,30188,15338,5256,6822,38704,5.88243850195493,6.37779315257718,4.90748960425088,4.8797033847032,5.35466609938435,5.97546411507855,250
"254",2022,12,5.49476592696629,356,6.0630898173516,4.58627737226277,4.57675,5.22857142857143,5.53037156050955,219,137,40,42,314,45882,30407,15475,5296,6864,39018,5.87943053724772,6.37552656822442,4.90464591599354,4.87741521714502,5.35389454108392,5.97188220257317,251
