"","year","month","avg_rating","no_ratings","avg_rating_owned","avg_rating_not_owned","avg_rating_prev_owned","avg_rating_comment","avg_rating_no_comment","no_ratings_owned","no_ratings_not_owned","no_ratings_prev_owned","no_ratings_comment","no_ratings_no_comment","cum_no_ratings","cum_no_ratings_owned","cum_no_ratings_not_owned","cum_no_ratings_prev_owned","cum_no_ratings_comment","cum_no_ratings_no_comment","cum_avg_rating","cum_avg_rating_owned","cum_avg_rating_not_owned","cum_avg_rating_prev_owned","cum_avg_rating_comment","cum_avg_rating_no_comment","month_after_release"
"1",2005,10,7.2375,8,7.9,7.14285714285714,7,7.31666666666667,7,1,7,1,6,2,8,1,7,1,6,2,7.2375,7.9,7.14285714285714,7,7.31666666666667,7,0
"2",2005,11,6.92105263157895,19,8.21428571428571,6.16666666666667,7,6.57142857142857,7.125,7,12,2,7,12,27,8,19,3,13,14,7.01481481481482,8.175,6.52631578947368,7,6.91538461538462,7.10714285714286,1
"3",2005,12,7.375,12,6.875,7.625,9,7.5,7.2,4,8,2,7,5,39,12,27,5,20,19,7.12564102564103,7.74166666666667,6.85185185185185,7.8,7.12,7.13157894736842,2
"4",2006,1,7.495,20,7.9,7.09,7.45,7.8,7.19,10,10,2,10,10,59,22,37,7,30,29,7.25084745762712,7.81363636363636,6.91621621621622,7.7,7.34666666666667,7.15172413793103,3
"5",2006,2,7.13636363636364,22,9,6.26666666666667,NA,6.78571428571429,7.75,7,15,0,14,8,81,29,52,7,44,37,7.21975308641975,8.1,6.72884615384615,7.7,7.16818181818182,7.28108108108108,4
"6",2006,3,7.56896551724138,29,8.27777777777778,6.40909090909091,9,6.96428571428571,8.13333333333333,18,11,1,14,15,110,47,63,8,58,52,7.31181818181818,8.16808510638298,6.67301587301587,7.8625,7.11896551724138,7.52692307692308,5
"7",2006,4,7.39736842105263,19,8.07857142857143,7,7.125,7.75,7.23461538461538,7,12,4,6,13,129,54,75,12,64,65,7.32441860465116,8.15648148148148,6.72533333333333,7.61666666666667,7.178125,7.46846153846154,6
"8",2006,5,7.46875,16,7.71428571428571,7.27777777777778,9,7.9,6.75,7,9,1,10,6,145,61,84,13,74,71,7.34034482758621,8.10573770491803,6.78452380952381,7.72307692307692,7.27567567567568,7.40774647887324,7
"9",2006,6,7.44117647058824,17,7.94444444444444,6.875,9,7.35714285714286,7.5,9,8,1,7,10,162,70,92,14,81,81,7.35092592592593,8.085,6.79239130434783,7.81428571428571,7.28271604938272,7.41913580246914,8
"10",2006,7,7.52631578947368,19,8.09090909090909,6.75,7.5,8.28571428571429,7.08333333333333,11,8,2,7,12,181,81,100,16,88,93,7.36933701657459,8.0858024691358,6.789,7.775,7.3625,7.3758064516129,9
"11",2006,8,7.6,8,8.45,6.75,9,6,7.82857142857143,4,4,1,1,7,189,85,104,17,89,100,7.37910052910053,8.10294117647059,6.7875,7.84705882352941,7.34719101123595,7.4075,10
"12",2006,9,7.51785714285714,28,8.03571428571429,7,7,7.46666666666667,7.57692307692308,14,14,1,15,13,217,99,118,18,104,113,7.39700460829493,8.09343434343434,6.81271186440678,7.8,7.36442307692308,7.42699115044248,11
"13",2006,10,7.81666666666667,30,8.11111111111111,7.375,8,8.36363636363636,7.5,18,12,1,11,19,247,117,130,19,115,132,7.44797570850202,8.09615384615385,6.86461538461538,7.81052631578947,7.46,7.4375,12
"14",2006,11,7.69736842105263,38,7.95,7.41666666666667,8,7.64705882352941,7.73809523809524,20,18,1,17,21,285,137,148,20,132,153,7.48122807017544,8.07481751824817,6.93175675675676,7.82,7.48409090909091,7.47875816993464,13
"15",2006,12,7.27777777777778,45,7.80357142857143,6.41176470588235,5,7.53333333333333,7.15,28,17,1,15,30,330,165,165,21,147,183,7.45348484848485,8.02878787878788,6.87818181818182,7.68571428571429,7.4891156462585,7.42486338797814,14
"16",2007,1,7.20909090909091,55,7.98,6.56666666666667,7.5,7,7.33823529411765,25,30,2,21,34,385,190,195,23,168,217,7.41857142857143,8.02236842105263,6.83025641025641,7.6695652173913,7.42797619047619,7.41129032258065,15
"17",2007,2,7.28371625,32,7.8125,6.7549325,8.1,7.17857142857143,7.36549555555556,16,16,2,14,18,417,206,211,25,182,235,7.40822282973621,8.00606796116505,6.82454464454976,7.704,7.40879120879121,7.40778263829787,16
"18",2007,3,7.592,25,8.2,6.68,6,8.07272727272727,7.21428571428571,15,10,1,11,14,442,221,221,26,193,249,7.41861746606335,8.01923076923077,6.81800416289593,7.63846153846154,7.44663212435233,7.39690329317269,17
"19",2007,4,6.953125,32,7.71428571428571,6.36111111111111,5,6.53571428571429,7.27777777777778,14,18,2,14,18,474,235,239,28,207,267,7.38719181434599,8.00106382978723,6.78359380753138,7.45,7.38502415458937,7.38887235955056,18
"20",2007,5,7.16451612903226,31,7.72777777777778,6.38461538461539,5.5,7,7.26842105263158,18,13,2,12,19,505,253,252,30,219,286,7.37352261386139,7.98162055335968,6.76301158730159,7.32,7.36392694063927,7.38087034965035,19
"21",2007,6,7.444375,32,7.76666666666667,7.16,7,7.44133333333333,7.44705882352941,15,17,1,15,17,537,268,269,31,234,303,7.37774472998138,7.9695895522388,6.78810007434944,7.30967741935484,7.36888888888889,7.38458389438944,20
"22",2007,7,7.26428571428571,42,8,6.764,6.5,7.2,7.32272727272727,17,25,5,20,22,579,285,294,36,254,325,7.36951454231433,7.97140350877193,6.78605074829932,7.19722222222222,7.3555905511811,7.38039667692308,21
"23",2007,8,7.3,34,7.8,6.66666666666667,8,6.68181818181818,7.59565217391304,19,15,1,11,23,613,304,309,37,265,348,7.36565892332789,7.96069078947368,6.78025540453074,7.21891891891892,7.32762264150943,7.39462333333333,22
"24",2007,9,7.4,25,7.66666666666667,7.15384615384615,8.5,7.125,7.52941176470588,12,13,1,8,17,638,316,322,38,273,365,7.36700457680251,7.94952531645569,6.79533826086957,7.25263157894737,7.32168498168498,7.40090115068493,23
"25",2007,10,7.24324324324324,37,7.44736842105263,7.02777777777778,7.13333333333333,6.975,7.44761904761905,19,18,3,16,21,675,335,340,41,289,386,7.36022062222222,7.9210447761194,6.80764388235294,7.24390243902439,7.30249134948097,7.40344279792746,24
"26",2007,11,7.51034482758621,58,7.72307692307692,7.3375,7.26666666666667,7.35952380952381,7.59594594594595,26,32,3,21,37,733,361,372,44,310,423,7.37209948158254,7.90678670360111,6.85322290322581,7.24545454545455,7.30635483870968,7.42028113475177,25
"27",2007,12,6.97804878048781,41,7.98,6.4,6.475,6.88823529411765,7.04166666666667,15,26,4,17,24,774,376,398,48,327,447,7.35122599483204,7.90970744680851,6.82361537688442,7.18125,7.28461773700306,7.39995284116331,26
"28",2008,1,7.09,55,7.4296875,6.61739130434783,6.33333333333333,6.83461538461538,7.31896551724138,32,23,3,26,29,829,408,421,51,353,476,7.33389495778046,7.87205882352941,6.81234897862233,7.13137254901961,7.2514730878187,7.3950187394958,27
"29",2008,2,7.0804347826087,46,7.6125,6.5,9.5,6.7,7.4,24,22,2,21,25,875,432,443,53,374,501,7.32057019428571,7.85763888888889,6.79683729119639,7.22075471698113,7.22050802139037,7.39526730538922,28
"30",2008,3,7.4,31,7.76,7.22857142857143,7.46666666666667,7.01666666666667,7.64210526315789,10,21,6,12,19,906,442,464,59,386,520,7.32328799116998,7.85542986425339,6.81637698275862,7.24576271186441,7.21417098445596,7.40428638461538,29
"31",2008,4,7.23571428571429,42,7.895,6.63636363636364,7,7.12352941176471,7.312,20,22,6,17,25,948,462,486,65,403,545,7.31940814345992,7.85714285714285,6.80822823045268,7.22307692307692,7.21034739454094,7.40005306422018,30
"32",2008,5,7.14545454545455,33,7.62,6.75,8,7.15333333333333,7.13888888888889,15,18,2,15,18,981,477,504,67,418,563,7.31355649337411,7.84968553459119,6.80614865079365,7.24626865671642,7.2083014354067,7.39170323268206,31
"33",2008,6,7.36220689655172,29,8.00028571428571,6.76666666666667,8,7.27309090909091,7.41666666666667,14,15,2,11,18,1010,491,519,69,429,581,7.31495338613861,7.85397963340122,6.80500755298651,7.26811594202899,7.2099627039627,7.39247662650602,32
"34",2008,7,6.8925,40,7.89333333333333,6.292,6.34615384615385,6.15333333333333,7.336,15,25,13,15,25,1050,506,544,82,444,606,7.29885992380952,7.85514624505929,6.78143183823529,7.1219512195122,7.17426576576577,7.39014673267327,33
"35",2008,8,6.89210526315789,38,7.35714285714286,6.62083333333333,6.71428571428571,7,6.836,14,24,7,13,25,1088,520,568,89,457,631,7.28465341911765,7.84173846153846,6.77464598591549,7.08988764044944,7.16930853391685,7.36819163232963,34
"36",2008,9,6.87027027027027,37,7.62222222222222,6.15789473684211,6.25,6.275,7.03448275862069,18,19,5,8,29,1125,538,587,94,465,660,7.27102481777778,7.83439405204461,6.75468299829642,7.04521276595745,7.15392258064516,7.35352866666666,35
"37",2008,10,7.34864864864865,37,7.75714285714286,6.8125,7.08333333333333,7.1875,7.39310344827586,21,16,6,8,29,1162,559,603,100,473,689,7.27349648881239,7.83149194991055,6.75621711442786,7.0475,7.15449048625793,7.35519436865022,36
"38",2008,11,7.11428571428571,49,7.51153846153846,6.66521739130435,5.85,6.77619047619048,7.36785714285714,26,23,10,21,28,1211,585,626,110,494,717,7.26705443435177,7.81727179487179,6.75287367412141,6.93863636363636,7.13840890688259,7.35568887029289,37
"39",2008,12,6.90066666666667,30,7.76307692307692,6.24117647058824,6.33333333333333,7.02454545454545,6.82894736842105,13,17,3,11,19,1241,598,643,113,505,736,7.25819735697018,7.81609364548495,6.73934513219285,6.92256637168142,7.13592871287129,7.34209092391304,38
"40",2009,1,7.58372093023256,43,8.08157894736842,7.18958333333333,7.20833333333333,7.31944444444444,7.774,19,24,6,18,25,1284,617,667,119,523,761,7.26909884735202,7.82426904376013,6.7555456071964,6.93697478991597,7.1422447418738,7.35627978975033,39
"41",2009,2,6.96212121212121,66,7.76111111111111,6.6625,6.38888888888889,6.66315789473684,7.08297872340426,18,48,9,19,47,1350,635,715,128,542,808,7.25409105185185,7.82247874015748,6.74929918881119,6.8984375,7.12545018450184,7.34038232673267,40
"42",2009,3,7.266,50,8.03684210526316,6.79354838709677,6.61111111111111,7.48571428571429,7.18055555555556,19,31,9,14,36,1400,654,746,137,556,844,7.25451637142857,7.82870642201835,6.75113796246649,6.87956204379562,7.13452158273381,7.33356507109005,41
"43",2009,4,7.33965517241379,58,7.74736842105263,7.14102564102564,8.6,7.40666666666667,7.31627906976744,19,39,5,15,43,1458,673,785,142,571,887,7.25790323731139,7.82641010401189,6.77050817834395,6.94014084507042,7.1416707530648,7.3327270800451,42
"44",2009,5,6.91575342465753,73,7.492,6.615625,6.375,6.90277777777778,6.92,25,48,10,18,55,1531,698,833,152,589,942,7.24158910516003,7.81443266475645,6.76158333733494,6.90296052631579,7.1343701188455,7.30862942675159,43
"45",2009,6,7.12826086956522,46,7.72,6.84193548387097,7.36,6.95,7.17777777777778,15,31,5,10,36,1577,713,864,157,599,978,7.23828339885859,7.81244600280505,6.76446634259259,6.91751592356688,7.13129215358932,7.30381280163599,44
"46",2009,7,7.21333333333333,45,7.75,6.784,7.3,7.0625,7.29655172413793,20,25,5,16,29,1622,733,889,162,615,1007,7.23759119605425,7.81074215552524,6.76501565804275,6.92932098765432,7.12950243902439,7.30360369414101,45
"47",2009,8,7.20512820512821,39,7.84615384615385,6.88461538461539,6.71428571428571,6.72222222222222,7.35,13,26,7,9,30,1661,746,915,169,624,1037,7.2368289704997,7.81135924932976,6.76841412021858,6.92041420118343,7.12362820512821,7.30494592092575,46
"48",2009,9,7.115,50,7.87692307692308,6.8472972972973,6.65909090909091,7.05714285714286,7.1375,13,37,11,14,36,1711,759,952,180,638,1073,7.23326880187025,7.81248221343873,6.7714799579832,6.90444444444444,7.12216927899687,7.2993279776328,47
"49",2009,10,6.95,38,7.5,6.72592592592593,7.1,6.28571428571429,7.1,11,27,5,7,31,1749,770,979,185,645,1104,7.22711430531732,7.80801818181818,6.77022361593463,6.90972972972973,7.11309147286822,7.2937309057971,48
"50",2009,11,7.01090909090909,55,7.17619047619048,6.90882352941177,7.38888888888889,6.70588235294118,7.14736842105263,21,34,9,17,38,1804,791,1013,194,662,1142,7.22052268292683,7.79124399494311,6.77487553800593,6.9319587628866,7.10263444108761,7.28886070052539,49
"51",2009,12,7.33928571428571,56,8,6.97222222222222,7.16666666666667,7.15625,7.4125,20,36,9,16,40,1860,811,1049,203,678,1182,7.22409834408602,7.79639210850801,6.78164816015253,6.9423645320197,7.10389970501475,7.2930447715736,50
"52",2010,1,6.85079365079365,63,7.34782608695652,6.565,6.45,6.07142857142857,7.0734693877551,23,40,10,14,49,1923,834,1089,213,692,1231,7.21186839313573,7.78402158273381,6.77369046831956,6.91924882629108,7.08301156069364,7.28430456539399,51
"53",2010,2,6.90909090909091,33,7.41666666666667,6.61904761904762,6.625,7.41666666666667,6.7962962962963,12,21,4,6,27,1956,846,1110,217,698,1258,7.20676018404908,7.77881087470449,6.7707647927928,6.91382488479263,7.08587965616046,7.2738306200318,52
"54",2010,3,7.11,30,7.56,6.885,7.21428571428571,6.66,7.335,10,20,7,10,20,1986,856,1130,224,708,1278,7.20529854984894,7.7762546728972,6.77278665486726,6.92321428571429,7.07986440677966,7.27478788732394,53
"55",2010,4,7.13703703703704,27,7.55,6.69230769230769,6.5,7.1,7.14545454545455,14,13,2,5,22,2013,870,1143,226,713,1300,7.20438297069051,7.77261379310345,6.77187132108487,6.91946902654867,7.08000561009818,7.27259916923077,54
"56",2010,5,6.99868421052632,38,8.11363636363636,6.54444444444444,7,6.79615384615385,7.104,11,27,3,13,25,2051,881,1170,229,726,1325,7.20057187713311,7.77687173666288,6.76662300854701,6.92052401746725,7.07492286501378,7.26941805283019,55
"57",2010,6,6.8551724137931,29,7.7,6.475,6.7,6.66363636363636,6.97222222222222,9,20,5,11,18,2080,890,1190,234,737,1343,7.19575621153846,7.77609438202247,6.76172178151261,6.91581196581197,7.06878426051561,7.26543478778853,56
"58",2010,7,6.98260869565217,23,7.6375,6.63333333333333,6.57142857142857,7.35714285714286,6.81875,8,15,7,7,16,2103,898,1205,241,744,1359,7.19342506894912,7.77485968819599,6.76012358506224,6.9058091286307,7.07149731182796,7.26017580573952,57
"59",2010,8,7.121875,32,7.51923076923077,6.85,6.625,7.65909090909091,6.84047619047619,13,19,8,11,21,2135,911,1224,249,755,1380,7.19235265573771,7.77121185510428,6.7615187254902,6.89678714859438,7.0800582781457,7.25378907246377,58
"60",2010,9,7.03333333333333,30,7.85714285714286,6.78260869565217,7.33333333333333,7.11111111111111,7,7,23,6,9,21,2165,918,1247,255,764,1401,7.19014915473441,7.77186710239651,6.76190771451484,6.90705882352941,7.08042408376964,7.24998495360457,59
"61",2010,10,6.93214285714286,28,7.65384615384615,6.30666666666667,6.33333333333333,6.0625,7.28,13,15,3,8,20,2193,931,1262,258,772,1421,7.18685495668035,7.77021911922664,6.75649676703645,6.90038759689922,7.0698756476684,7.25040740323716,60
"62",2010,11,7.2236,50,7.7795652173913,6.75,6.64285714285714,7,7.31055555555556,23,27,7,14,36,2243,954,1289,265,786,1457,7.18767406152474,7.77044444444444,6.75636068269977,6.89358490566038,7.068631043257,7.25189356211393,61
"63",2010,12,7.135,40,7.60714285714286,6.88076923076923,7,7.3375,7.084375,14,26,3,8,32,2283,968,1315,268,794,1489,7.1867511695138,7.7680826446281,6.75882047148289,6.89477611940298,7.07134005037784,7.24829343183345,62
"64",2011,1,7.127,42,7.54905882352941,6.84,7.625,7.30833333333333,7.05446666666667,17,25,4,12,30,2325,985,1340,272,806,1519,7.18567179354839,7.76430253807107,6.76033501492538,6.90551470588235,7.07486848635236,7.24446538512179,63
"65",2011,2,7.38571428571429,28,7.775,7.09375,6.125,7.625,7.34583333333333,12,16,4,4,24,2353,997,1356,276,810,1543,7.18805223969401,7.76443129388164,6.76426911504425,6.89420289855072,7.07758518518519,7.24604207388205,64
"66",2011,3,7.04285714285714,35,7.5,6.65789473684211,6.83333333333333,6,7.21666666666667,16,19,6,5,30,2388,1013,1375,282,815,1573,7.18592417085427,7.76025468904245,6.76279921454546,6.89290780141844,7.07097423312884,7.24548183089638,65
"67",2011,4,6.82692307692308,26,7.3125,6.61111111111111,6.125,6.22222222222222,7.14705882352941,8,18,4,9,17,2414,1021,1393,286,824,1590,7.18205754763877,7.75674632713026,6.76083913854989,6.88216783216783,7.06170388349515,7.24442950943396,66
"68",2011,5,6.91307692307692,26,6.93,6.9025,7,6.94285714285714,6.9021052631579,10,16,4,7,19,2440,1031,1409,290,831,1609,7.17919136065574,7.74872744907856,6.76244777856636,6.88379310344828,7.0607027677497,7.24038714729646,67
"69",2011,6,7.172,25,7.83333333333333,6.8,7,7.1,7.19,9,16,2,5,20,2465,1040,1425,292,836,1629,7.17911842596349,7.74945961538462,6.76286941754386,6.88458904109589,7.06093779904306,7.23976852056476,68
"70",2011,7,6.96296296296296,27,7.5,6.73684210526316,6.6,6.5,7.15789473684211,8,19,5,8,19,2492,1048,1444,297,844,1648,7.17677645264848,7.74755534351145,6.76252695290859,6.87979797979798,7.05562085308057,7.23882458737864,69
"71",2011,8,7.13793103448276,29,7.57692307692308,6.78125,6.75,6.94545454545455,7.25555555555556,13,16,6,11,18,2521,1061,1460,303,855,1666,7.17632959936533,7.74546465598492,6.7627321369863,6.87722772277228,7.05420350877193,7.23900535414166,70
"72",2011,9,7.06666666666667,30,8,6.44444444444444,7,6.6,7.20869565217391,12,18,5,7,23,2551,1073,1478,308,862,1689,7.17503995295962,7.74831127679404,6.75885583220569,6.87922077922078,7.0505150812065,7.23859261101243,71
"73",2011,10,6.88648648648649,37,7.66,6.35909090909091,6.16666666666667,6.54545454545455,7.03076923076923,15,22,6,11,26,2588,1088,1500,314,873,1715,7.17091457496136,7.74709375,6.75299261333334,6.8656050955414,7.04415120274914,7.23544193586006,72
"74",2011,11,6.95,27,7.77272727272727,6.384375,5,6.55714285714286,7.0875,11,16,2,7,20,2615,1099,1516,316,880,1735,7.16863362141492,7.74735031847134,6.74910218997362,6.85379746835443,7.04027727272727,7.23373655331412,73
"75",2011,12,7.28703703703704,27,7.69444444444444,7.08333333333333,7,7.29545454545455,7.28125,9,18,2,11,16,2642,1108,1534,318,891,1751,7.16984364875095,7.74692057761733,6.75302406779661,6.85471698113208,7.04342760942761,7.23417071387778,74
"76",2012,1,6.97111111111111,45,7.575,6.488,6.84,6.85,6.98292682926829,20,25,5,4,41,2687,1128,1559,323,895,1792,7.16651541496092,7.74387234042553,6.74877416292495,6.85448916408669,7.04256312849162,7.22842238839286,75
"77",2012,2,7.28285714285714,35,7.75,6.88947368421053,7,7,7.36666666666667,16,19,5,8,27,2722,1144,1578,328,903,1819,7.16801135929464,7.74395804195804,6.75046826362484,6.85670731707317,7.04218604651163,7.23047439252336,76
"78",2012,3,6.96176470588235,34,7.21764705882353,6.70588235294118,7.16666666666667,6.4,7.13461538461539,17,17,3,8,26,2756,1161,1595,331,911,1845,7.1654669521045,7.73625150732127,6.74999305329154,6.8595166163142,7.03654665203074,7.22912353387534,77
"79",2012,4,6.45217391304348,23,7.55,5.86666666666667,6,5.225,6.71052631578947,8,15,3,4,19,2779,1169,1610,334,915,1864,7.15956348326737,7.73497690333619,6.74176330434783,6.85179640718563,7.02862732240437,7.22383740343348,78
"80",2012,5,7.20645161290323,31,7.95,6.73684210526316,6.33333333333333,7.81428571428571,7.02916666666667,12,19,3,7,24,2810,1181,1629,337,922,1888,7.1600807544484,7.7371617273497,6.74170590546348,6.84718100890208,7.03459219088937,7.22136277542373,79
"81",2012,6,7.28260869565217,23,7.8125,7,7.3,7.125,7.36666666666667,8,15,5,8,15,2833,1189,1644,342,930,1903,7.16107551006001,7.73766862910008,6.74406260340633,6.85380116959064,7.03536989247312,7.22250810299527,80
"82",2012,7,7.38294117647059,17,7.27777777777778,7.50125,7,7.95,7.20846153846154,9,8,1,4,13,2850,1198,1652,343,934,1916,7.16239891929825,7.73421368948247,6.74772937046005,6.85422740524781,7.0392869379015,7.22241279749478,81
"83",2012,8,7.13157894736842,19,8.1875,6.36363636363636,6,6.66666666666667,7.21875,8,11,4,3,16,2869,1206,1663,347,937,1932,7.16219481352388,7.73722056384743,6.74518876728804,6.84438040345821,7.0380939167556,7.22238246376812,82
"84",2012,9,7.04545454545455,22,7.5625,6.75,7.5,7,7.0625,8,14,5,6,16,2891,1214,1677,352,943,1948,7.16130644067797,7.73606919275124,6.74522893261777,6.85369318181818,7.03785153764581,7.22106926078029,83
"85",2012,10,7.098,30,7.85,6.722,7.5625,6.5875,7.28363636363636,10,20,4,8,22,2921,1224,1697,356,951,1970,7.16065625470729,7.737,6.74495516794343,6.86165730337079,7.03406309148265,7.22176797969543,84
"86",2012,11,7.58333333333333,30,7.96875,7.14285714285714,7.125,8,7.5,16,14,4,5,25,2951,1240,1711,360,956,1995,7.16495320908167,7.73999032258064,6.7482109409702,6.86458333333333,7.03911506276151,7.22525459649123,85
"87",2012,12,6.82608695652174,23,7.66666666666667,6.28571428571429,5.2,6.125,7.2,9,14,5,8,15,2974,1249,1725,365,964,2010,7.16233252185609,7.73946196957566,6.74445734492754,6.84178082191781,7.03152904564315,7.22506612935323,86
"88",2013,1,7.10357142857143,28,7.72307692307692,6.56666666666667,NA,7,7.12083333333333,13,15,0,4,24,3002,1262,1740,365,968,2034,7.16178445036642,7.73929318541997,6.74292466666667,6.84178082191781,7.03139876033058,7.22383624385447,87
"89",2013,2,6.57954545454545,22,7.75,6.23529411764706,5.5,7.25,6.43055555555556,5,17,2,4,18,3024,1267,1757,367,972,2052,7.15754858465609,7.73933543804262,6.73801304496301,6.83446866485014,7.03229835390946,7.21687764132554,88
"90",2013,3,6.772,25,7.83333333333333,6.175,8,7.5,6.59,9,16,1,5,20,3049,1276,1773,368,977,2072,7.1543873138734,7.73999843260188,6.73293227298365,6.83763586956522,7.03469191402252,7.2108266988417,89
"91",2013,4,6.75894736842105,19,7.21428571428571,6.49333333333333,6.75,6.034,7.01785714285714,7,12,2,5,14,3068,1283,1785,370,982,2086,7.1519383702738,7.73713016367888,6.73132152380953,6.83716216216216,7.02959674134419,7.20953160115053,90
"92",2013,5,6.90086956521739,23,7.84444444444444,6.29428571428571,6.66666666666667,6.5625,7.08133333333333,9,14,6,8,15,3091,1292,1799,376,990,2101,7.15007017793595,7.73787770897833,6.72792046692607,6.8344414893617,7.02582222222222,7.20861633507853,91
"93",2013,6,7,27,7.33333333333333,6.73333333333333,7.375,6.78571428571429,7.075,12,15,4,7,20,3118,1304,1814,380,997,2121,7.14877066067993,7.73415490797546,6.72796522601985,6.84013157894737,7.02413640922768,7.2073563979255,92
"94",2013,7,7.51212121212121,33,7.5,7.51818181818182,7.98,7,7.62592592592593,11,22,5,6,27,3151,1315,1836,385,1003,2148,7.15257598222787,7.73219619771863,6.73743405228758,6.85493506493507,7.02399202392821,7.21261774674115,93
"95",2013,8,7.13157894736842,19,7.5,6.8,6.9,6.88888888888889,7.35,9,10,5,9,10,3170,1324,1846,390,1012,2158,7.15245013249212,7.73061782477341,6.73777297941495,6.85551282051282,7.02279051383399,7.21325436515292,94
"96",2013,9,6.61538461538461,26,7.16666666666667,6.32352941176471,6.5,5.95,7.03125,9,17,4,10,16,3196,1333,1863,394,1022,2174,7.14808101376721,7.72681020255064,6.73399297906602,6.85190355329949,7.01229354207436,7.21191486660533,95
"97",2013,10,7.232,25,7.32,7.1,8.6,7.25714285714286,7.22222222222222,15,10,1,7,18,3221,1348,1873,395,1029,2192,7.14873235641106,7.72228338278932,6.73594710090764,6.85632911392405,7.01395918367347,7.21199950729927,96
"98",2013,11,7.148,25,7.81428571428571,6.88888888888889,7,7.9,7.04545454545455,7,18,3,3,22,3246,1355,1891,398,1032,2214,7.14872671595811,7.72275867158672,6.73740291909043,6.85741206030151,7.01653488372093,7.21034458897922,97
"99",2013,12,6.8125,16,7.33333333333333,6.5,7,7,6.7,6,10,4,6,10,3262,1361,1901,402,1038,2224,7.14707753525445,7.72104188096988,6.73615408732246,6.85883084577114,7.01643930635838,7.20804987410072,98
"100",2014,1,7.01304347826087,23,8.16666666666667,6.84,6.92857142857143,7.25,6.96315789473684,3,20,7,4,19,3285,1364,1921,409,1042,2243,7.14613909284627,7.7220219941349,6.73723525247267,6.86002444987775,7.01733589251439,7.20597544360232,99
"101",2014,2,7.22222222222222,18,NA,7.22222222222222,7,7.08333333333333,7.29166666666667,0,18,3,6,12,3303,1364,1939,412,1048,2255,7.14655371480473,7.7220219941349,6.741737452295,6.86104368932039,7.01771374045801,7.20643145011086,100
"102",2014,3,6.66666666666667,15,6.5,6.72727272727273,6.4,5,6.78571428571429,4,11,5,1,14,3318,1368,1950,417,1049,2269,7.1443842435202,7.71844883040936,6.74165585641026,6.85551558752998,7.01579027645376,7.20383557514323,101
"103",2014,4,6.90277777777778,18,7.66666666666667,6.52083333333333,6.83333333333333,7,6.84090909090909,6,12,3,7,11,3336,1374,1962,420,1056,2280,7.14308061151079,7.71822270742358,6.74030525993884,6.85535714285714,7.01568560606061,7.20208461403508,102
"104",2014,5,6.77111111111111,27,8.11111111111111,6.10111111111111,6.104,6.75,6.78,9,18,5,8,19,3363,1383,1980,425,1064,2299,7.14009423728814,7.72077946493131,6.73449440404041,6.84651764705882,7.01368796992481,7.19859631143975,103
"105",2014,6,6.90666666666667,15,7,6.89230769230769,6.7,6.4,7.16,2,13,5,5,10,3378,1385,1993,430,1069,2309,7.13905770278271,7.71973862815884,6.73552379327647,6.84481395348837,7.01081758652947,7.19842915547856,104
"106",2014,7,7.53571428571429,14,8.33333333333333,7.31818181818182,7,7,7.57692307692308,3,11,2,1,13,3392,1388,2004,432,1070,2322,7.14069484669812,7.72106484149856,6.73872201596807,6.84553240740741,7.01080747663551,7.20054819982773,105
"107",2014,8,7.18888888888889,18,7.25,7.15833333333333,6.85,6.875,7.27857142857143,6,12,4,4,14,3410,1394,2016,436,1074,2336,7.14094924340176,7.71903730272597,6.74121970238095,6.84557339449541,7.01030167597765,7.20101580479452,106
"108",2014,9,7.04166666666667,12,7.41666666666667,6.66666666666667,7,8.25,6.8,6,6,1,2,10,3422,1400,2022,437,1076,2346,7.14060108708358,7.71774142857143,6.74099847675569,6.84592677345538,7.01260594795539,7.19930644501278,107
"109",2014,10,6.96315789473684,19,7.33333333333333,6.79230769230769,5.33333333333333,6.83333333333333,7.02307692307692,6,13,3,6,13,3441,1406,2035,440,1082,2359,7.13962130775937,7.71610099573257,6.74132625061425,6.83561363636364,7.01161182994455,7.19833527766002,108
"110",2014,11,6.84090909090909,22,7.875,6.61111111111111,7.02,7,6.83333333333333,4,18,5,1,21,3463,1410,2053,445,1083,2380,7.13772362691308,7.71655177304965,6.74018456892353,6.83768539325843,7.01160110803324,7.1951146722689,109
"111",2014,12,7.3,19,7.6875,7.01818181818182,6.98,7.31666666666667,7.29230769230769,8,11,5,6,13,3482,1418,2064,450,1089,2393,7.13860910970707,7.71638787023977,6.74166614341085,6.83926666666667,7.01328191000918,7.19564267446719,110
"112",2015,1,6.9,20,7.25,6.66666666666667,NA,7.08333333333333,6.82142857142857,8,12,0,6,14,3502,1426,2076,450,1095,2407,7.13724640776699,7.7137713884993,6.74123262042389,6.83926666666667,7.01366575342466,7.19346610718737,111
"113",2015,2,7.35294117647059,17,7.91666666666667,7.04545454545455,7.33333333333333,6,7.53333333333333,6,11,3,2,15,3519,1432,2087,453,1097,2422,7.13828841148054,7.71462150837989,6.74283609008146,6.84253863134658,7.01181768459435,7.19557098265896,112
"114",2015,3,7.25227272727273,22,7.79166666666667,7.05,7,7.25,7.25277777777778,6,16,2,4,18,3541,1438,2103,455,1101,2440,7.13899658853431,7.71494297635605,6.74517304802663,6.84323076923077,7.01268301544051,7.195993,113
"115",2015,4,7.3875,16,8.6,6.83636363636364,7.1,7.5,7.32,5,11,3,6,10,3557,1443,2114,458,1107,2450,7.14011439977509,7.7180097020097,6.74564754966888,6.84491266375546,7.01532429990966,7.1964991510204,114
"116",2015,5,6.7,14,7.5,5.63333333333333,7.3,5.75,7.08,8,6,1,4,10,3571,1451,2120,459,1111,2460,7.13838894427331,7.71680771881461,6.74249949056604,6.84590413943355,7.01076867686769,7.19602557723577,115
"117",2015,6,6.44615384615385,13,7.325,6.05555555555556,5.5,6.25,6.53333333333333,4,9,2,4,9,3584,1455,2129,461,1115,2469,7.135878046875,7.71573058419244,6.73959554720526,6.84006507592191,7.00803946188341,7.19360993114621,116
"118",2015,7,6.80357142857143,14,7.32857142857143,6.27857142857143,6,NA,6.80357142857143,7,7,1,0,14,3598,1462,2136,462,1115,2483,7.1345850250139,7.71387688098495,6.73808470037453,6.83824675324675,7.00803946188341,7.19141076117599,117
"119",2015,8,6.93333333333333,18,6.775,6.97857142857143,7,7,6.92941176470588,4,14,1,1,17,3616,1466,2150,463,1116,2500,7.13358321902655,7.71131514324693,6.73965066046512,6.83859611231102,7.00803225806451,7.189629168,118
"120",2015,9,7.33333333333333,15,8.26,6.87,7.43333333333333,7.7,7.2,5,10,3,4,11,3631,1471,2160,466,1120,2511,7.13440840539796,7.71318014955812,6.74025412962963,6.84242489270386,7.01050357142857,7.18967459976105,119
"121",2015,10,6.48888888888889,18,7.3,6.17692307692308,5,6.71428571428571,6.34545454545455,5,13,2,7,11,3649,1476,2173,468,1127,2522,7.13122414908194,7.71178048780488,6.73688399447768,6.83455128205128,7.00866370896184,7.18599243457573,120
"122",2015,11,6.745,20,6.96,6.53,6.55,6.37142857142857,6.94615384615385,10,10,6,7,13,3669,1486,2183,474,1134,2535,7.12911881166531,7.70672139973082,6.73593628950985,6.83094936708861,7.00473015873016,7.18476249309664,121
"123",2015,12,6.78666666666667,15,7.25555555555556,6.08333333333333,7,6.66666666666667,6.81666666666667,9,6,1,3,12,3684,1495,2189,475,1137,2547,7.12772446254072,7.70400535117057,6.73414751941526,6.8313052631579,7.00383817062445,7.18302823714173,122
"124",2016,1,7.235,20,7.6875,6.93333333333333,7.3,7.66666666666667,7.15882352941177,8,12,4,3,17,3704,1503,2201,479,1140,2564,7.12830370410367,7.70391749833666,6.73523349386643,6.83521920668059,7.00558245614035,7.18286775351014,123
"125",2016,2,7.42857142857143,14,7.64285714285714,7.21428571428571,7.1,7.25,7.45833333333333,7,7,5,2,12,3718,1510,2208,484,1142,2576,7.12943435180205,7.70363443708609,6.73675222826087,6.83795454545455,7.00601050788091,7.18415097826086,124
"126",2016,3,7.23809523809524,21,8,6.93333333333333,6.8,6.5,7.31578947368421,6,15,5,2,19,3739,1516,2223,489,1144,2595,7.13004464295266,7.70480738786279,6.73807868645974,6.83756646216769,7.00512587412587,7.18511480539499,125
"127",2016,4,6.85416666666667,24,7.5,6.46666666666667,5,6.6,6.92105263157895,9,15,2,5,19,3763,1525,2238,491,1149,2614,7.12828512357162,7.70359868852459,6.73625957104558,6.83008146639511,7.00336292428198,7.18319545524101,126
"128",2016,5,6.7,15,7.8,6.15,5.5,6,6.80769230769231,5,10,2,2,13,3778,1530,2248,493,1151,2627,7.12658467972472,7.70391372549019,6.73365165480427,6.82468559837728,7.00161946133797,7.18133723639132,127
"129",2016,6,6.59444444444444,18,7.11111111111111,6.07777777777778,5,6.6,6.59230769230769,9,9,3,5,13,3796,1539,2257,496,1156,2640,7.12406135932561,7.70044704353476,6.7310362959681,6.81364919354839,6.99988235294118,7.17843671212121,128
"130",2016,7,7.12333333333333,15,8,6.35625,6.75,NA,7.12333333333333,7,8,1,0,15,3811,1546,2265,497,1156,2655,7.12405849383364,7.70180336351876,6.72971254746137,6.81352112676056,6.99988235294118,7.17812539359698,129
"131",2016,8,6.71470588235294,17,7.1,6.55416666666667,6.825,6,6.93461538461538,5,12,2,4,13,3828,1551,2277,499,1160,2668,7.12224057471265,7.69986331399097,6.72878740447958,6.81356713426854,6.99643448275862,7.17693887556221,130
"132",2016,9,7.25,9,7.5,7.17857142857143,NA,6,7.40625,2,7,0,1,8,3837,1553,2284,499,1161,2676,7.12254024498306,7.69960592401803,6.73016590192645,6.81356713426854,6.99557622739018,7.17762440956651,131
"133",2016,10,6.67333333333333,15,7.18333333333333,6.33333333333333,7.16666666666667,6.83333333333333,6.63333333333333,6,9,3,3,12,3852,1559,2293,502,1164,2688,7.12079099688474,7.69761898652983,6.72860833842128,6.81567729083666,6.99515807560137,7.17519453869047,132
"134",2016,11,7.65882352941177,17,8.1,7.475,7.5,6.5,8.01538461538462,5,12,3,4,13,3869,1564,2305,505,1168,2701,7.12315505815456,7.69890537084399,6.73249410845987,6.81974257425743,6.99346232876712,7.17923840059237,133
"135",2016,12,6.79166666666667,24,8.22222222222222,5.93333333333333,5.5,7,6.78260869565217,9,15,2,1,23,3893,1573,2320,507,1169,2724,7.12111146159774,7.70189955499046,6.72732712068966,6.81453648915187,6.99346792130026,7.17588947136563,134
"136",2017,1,6.62222222222222,18,NA,6.62222222222222,6.3375,6.3,6.74615384615385,0,18,8,5,13,3911,1573,2338,515,1174,2737,7.11881537202762,7.70189955499046,6.72651792985458,6.80712621359223,6.99051448040886,7.17384834490317,135
"137",2017,2,6.6594,15,6.948875,6.32857142857143,6.65,7.16666666666667,6.53258333333333,8,7,2,3,12,3926,1581,2345,517,1177,2749,7.11706009169639,7.69808918406072,6.72533002985075,6.80651837524178,6.9909634664401,7.17104907966533,136
"138",2017,3,7.16666666666667,18,7.77777777777778,6.55555555555556,NA,7.66666666666667,7.06666666666667,9,9,0,3,15,3944,1590,2354,517,1180,2764,7.11728649087221,7.69854025157233,6.72468093457944,6.80651837524178,6.9926813559322,7.1704826049204,137
"139",2017,4,7.22105263157895,19,7.4375,7.06363636363636,6.84,7.08333333333333,7.28461538461538,8,11,5,6,13,3963,1598,2365,522,1186,2777,7.11778398183195,7.69723341677096,6.72625747145878,6.80683908045977,6.99313996627319,7.17101689593086,138
"140",2017,5,6.625,12,7.6,5.92857142857143,7,7,6.55,5,7,1,2,10,3975,1603,2372,523,1188,2787,7.11629633207547,7.69693013100437,6.7239034232715,6.80720841300191,6.99315151515151,7.16878863293864,139
"141",2017,6,5.96363636363636,11,6,5.95555555555556,6,6.375,5.72857142857143,2,9,1,4,7,3986,1605,2381,524,1192,2794,7.11311538384345,7.69481557632399,6.72099912641747,6.8056679389313,6.99107718120805,7.1651803579098,140
"142",2017,7,7.31818181818182,11,7.33333333333333,7.3125,6.95,NA,7.31818181818182,3,8,2,0,11,3997,1608,2389,526,1192,2805,7.11367973980486,7.69414116915423,6.72297987442445,6.80621673003802,6.99107718120805,7.16578036363636,141
"143",2017,8,6.63333333333333,6,7,5.9,5.9,NA,6.63333333333333,4,2,2,0,6,4003,1612,2391,528,1192,2811,7.11295976017987,7.69241873449131,6.72229147636972,6.80278409090909,6.99107718120805,7.16464387050871,142
"144",2017,9,6.72916666666667,12,6.8,6.67857142857143,6.1875,6,6.97222222222222,5,7,4,3,9,4015,1617,2398,532,1195,2820,7.11181268244085,7.68965924551639,6.72216385321101,6.79815789473684,6.98858912133891,7.16402975886524,143
"145",2017,10,7.01875,16,7.5,6.5375,7.5,7.2,6.93636363636364,8,8,2,5,11,4031,1625,2406,534,1200,2831,7.11144329446788,7.68872553846154,6.72154984206152,6.80078651685393,6.98947,7.16314515012363,144
"146",2017,11,6.15625,16,7.16666666666667,5.55,6,7.33333333333333,5.88461538461539,6,10,5,3,13,4047,1631,2416,539,1203,2844,7.10766689399555,7.68680502759043,6.71670071192053,6.79335807050093,6.99032751454696,7.15730095639943,145
"147",2017,12,6.69047619047619,21,7.5625,6.15384615384615,5.8,7,6.56666666666667,8,13,5,6,15,4068,1639,2429,544,1209,2859,7.1055132546706,7.68619829164124,6.7136883161795,6.78422794117647,6.99037551695616,7.1542021406086,146
"148",2018,1,6.85086956521739,23,6.9,6.81307692307692,7,6.83333333333333,6.85705882352941,10,13,1,6,17,4091,1649,2442,545,1215,2876,7.10408162307504,7.68143056397817,6.71421741195741,6.78462385321101,6.9896,7.1524457301808,147
"149",2018,2,7.4,10,7.5,7.375,6.75,7,7.57142857142857,2,8,4,3,7,4101,1651,2450,549,1218,2883,7.1048031992197,7.68121078134464,6.71637506938776,6.78437158469946,6.98962561576355,7.15346303156434,148
"150",2018,3,5.96923076923077,13,7.9,5.11111111111111,6.33333333333333,6,5.96,4,9,3,3,10,4114,1655,2459,552,1221,2893,7.10121485658726,7.68173957703927,6.71049976413176,6.78192028985507,6.9871941031941,7.14933768406498,149
"151",2018,4,6.52857142857143,7,7.33333333333333,5.925,2.7,8,6.28333333333333,3,4,1,1,6,4121,1658,2463,553,1222,2899,7.10024215481679,7.68110916767189,6.70922408444986,6.77453887884268,6.98802291325695,7.1475453328734,150
"152",2018,5,6.66666666666667,9,7.5,5.625,4,NA,6.66666666666667,5,4,1,0,9,4130,1663,2467,554,1222,2908,7.09929731719128,7.68056464221287,6.70746612079449,6.76953068592058,6.98802291325695,7.14605705639614,151
"153",2018,6,7.07142857142857,7,8.25,6.6,6,NA,7.07142857142857,2,5,1,0,7,4137,1665,2472,555,1222,2915,7.09925016195311,7.68124864864865,6.70724875404531,6.76814414414415,6.98802291325695,7.14587784562607,152
"154",2018,7,7.5,4,8,7.33333333333333,7,NA,7.5,1,3,1,0,4,4141,1666,2475,556,1222,2919,7.09963726636078,7.6814399759904,6.70800764444445,6.76856115107914,6.98802291325695,7.14636311065433,153
"155",2018,8,6.875,8,8.16666666666667,6.1,5,7,6.75,3,5,1,4,4,4149,1669,2480,557,1226,2923,7.09920412629549,7.68231216297184,6.70678182258065,6.76538599640934,6.98806199021207,7.14582070475538,154
"156",2018,9,6.86363636363636,11,7.16666666666667,6.75,6.5,7.25,6.77777777777778,3,8,1,2,9,4160,1672,2488,558,1228,2932,7.09858123076923,7.68138696172249,6.70692078778135,6.76491039426523,6.98848859934853,7.1446909686221,155
"157",2018,10,6.6875,8,6.625,6.75,6,6.5,6.71428571428571,4,4,1,1,7,4168,1676,2492,559,1229,2939,7.09779220729367,7.67886575178998,6.70698993579454,6.76354203935599,6.98809113100081,7.14366584552568,156
"158",2018,11,7.07555555555556,9,7,7.17,NA,7.125,7.036,5,4,0,4,5,4177,1681,2496,559,1233,2944,7.09774429494853,7.67684651992861,6.70773193910257,6.76354203935599,6.98853527980535,7.14348298913043,157
"159",2018,12,6.61363636363636,11,7.375,6.17857142857143,8,6.6875,6.57142857142857,4,7,1,4,7,4188,1685,2503,560,1237,2951,7.09647276026743,7.67612997032641,6.70625206552138,6.76575,6.98756184316896,7.1421260318536,158
"160",2019,1,7.5,17,7.8125,7.22222222222222,7.5,8.5,7.36666666666667,8,9,2,2,15,4205,1693,2512,562,1239,2966,7.09810414268728,7.67677436503249,6.70810068471338,6.76836298932384,6.99000322841001,7.14326160485502,159
"161",2019,2,6.526875,16,7.7625,5.29125,5.11,7.13333333333333,6.38692307692308,8,8,3,3,13,4221,1701,2520,565,1242,2979,7.0959388580905,7.67717754262199,6.70360274603175,6.75955752212389,6.99034943639291,7.13996103390399,160
"162",2019,3,6.56666666666667,9,7.95,6.17142857142857,6,4.5,7.15714285714286,2,7,2,2,7,4230,1703,2527,567,1244,2986,7.09481274704492,7.67749794480329,6.7021285793431,6.75687830687831,6.98634565916398,7.14000131279303,161
"163",2019,4,7.01428571428571,7,7.8,6.7,6.5,7.53333333333333,6.625,2,5,2,3,4,4237,1705,2532,569,1247,2990,7.0946797073401,7.67764164222874,6.70212437598737,6.75597539543058,6.98766158781074,7.13931234782608,162
"164",2019,5,7.29,10,NA,7.29,NA,NA,7.29,0,10,0,0,10,4247,1705,2542,569,1247,3000,7.09513960913586,7.67764164222874,6.70443702596381,6.75597539543058,6.98766158781074,7.13981463999999,163
"165",2019,6,7.844,5,8.07333333333333,7.5,NA,NA,7.844,3,2,0,0,5,4252,1708,2544,569,1247,3005,7.09602020696143,7.67833665105386,6.70506246855346,6.75597539543058,6.98766158781074,7.14098632945091,164
"166",2019,7,6.50384615384615,13,6.63333333333333,6.39285714285714,7,7.15,6.38636363636364,6,7,2,2,11,4265,1714,2551,571,1249,3016,7.09421522157093,7.67467852975496,6.70420577028617,6.75683012259194,6.98792153722978,7.13823405835543,165
"167",2019,8,7.04,15,7.42857142857143,6.7,6.25,6.66666666666667,7.13333333333333,7,8,4,3,12,4280,1721,2559,575,1252,3028,7.09402521495327,7.67367751307379,6.70419262211802,6.75330434782609,6.9871517571885,7.1382146367239,166
"168",2019,9,6.77777777777778,9,6.5,6.85714285714286,7,6,6.875,2,7,3,1,8,4289,1723,2566,578,1253,3036,7.09336160410352,7.67231514799768,6.70460986749805,6.75458477508651,6.98636392657621,7.13752105401844,167
"169",2019,10,7.125,8,7.5,7,NA,NA,7.125,2,6,0,0,8,4297,1725,2572,578,1253,3044,7.0934205073307,7.67211536231884,6.70529895800933,6.75458477508651,6.98636392657621,7.13748814717476,168
"170",2019,11,6.58333333333333,18,7.35714285714286,6.09090909090909,6.625,5.9,6.84615384615385,7,11,4,5,13,4315,1732,2583,582,1258,3057,7.09129268134415,7.67084237875289,6.7026825087108,6.7536941580756,6.98204610492846,7.13624923781485,169
"171",2019,12,7.625,8,7.83333333333333,7,NA,8.5,7.33333333333333,6,2,0,2,6,4323,1738,2585,582,1260,3063,7.09228034235485,7.67140333716916,6.70291254158608,6.7536941580756,6.98445555555555,7.13663529872673,170
"172",2020,1,6.55882352941176,17,7.125,6.05555555555556,6,7,6.46428571428571,8,9,1,3,14,4340,1746,2594,583,1263,3077,7.09019076497696,7.66889977090492,6.7006665073246,6.75240137221269,6.98449247822644,7.13357618459538,171
"173",2020,2,6,16,6.28571428571429,5.77777777777778,4.66666666666667,6,6,7,9,3,3,13,4356,1753,2603,586,1266,3090,7.08618639118457,7.66337649743297,6.69747557433731,6.74172354948805,6.98215955766192,7.12880709385113,172
"174",2020,3,7.10833333333333,6,7.41666666666667,6.8,NA,NA,7.10833333333333,3,3,0,0,6,4362,1756,2606,586,1266,3096,7.08621685465383,7.66295501138952,6.69759359938604,6.74172354948805,6.98215955766192,7.12876741602067,173
"175",2020,4,7.38160714285714,7,7.66666666666667,7.1678125,7.6,6,7.611875,3,4,1,1,6,4369,1759,2610,587,1267,3102,7.08669012817579,7.6629613416714,6.69831424137931,6.74318568994889,6.98138437253354,7.12970186009026,174
"176",2020,5,7.1875,8,7.25,7,NA,8,6.91666666666667,6,2,0,2,6,4377,1765,2612,587,1269,3108,7.0868743819968,7.66155750708215,6.69854524119449,6.74318568994889,6.98298975571316,7.12929059523809,175
"177",2020,6,7.35714285714286,7,7.7,6.5,NA,NA,7.35714285714286,5,2,0,0,7,4384,1770,2614,587,1269,3115,7.08730592381387,7.66166610169491,6.69839333205815,6.74318568994889,6.98298975571316,7.12980262279293,176
"178",2020,7,8.16666666666667,3,8.75,7,NA,8.5,8,2,1,0,1,2,4387,1772,2615,587,1270,3117,7.08804403236836,7.66289446952596,6.69850866921606,6.74318568994889,6.9841842519685,7.13036097850497,177
"179",2020,8,6.3,10,7.375,5.58333333333333,4.5,5.66666666666667,6.57142857142857,4,6,2,3,7,4397,1776,2621,589,1273,3124,7.08625180122811,7.66224605855856,6.69595580694392,6.73556876061121,6.9810793401414,7.12910856914212,178
"180",2020,9,7.15714285714286,14,7.23333333333333,7.13636363636364,6,NA,7.15714285714286,3,11,1,0,14,4411,1779,2632,590,1273,3138,7.08647680117887,7.66152276559865,6.69779641717326,6.73432203389831,6.9810793401414,7.12923364244741,179
"181",2020,10,7.21111111111111,9,7,7.27142857142857,6.75,6,7.3625,2,7,2,1,8,4420,1781,2639,592,1274,3146,7.08673058144797,7.66077989893318,6.6993179878742,6.734375,6.9803092621664,7.12982681818181,180
"182",2020,11,6.56470588235294,17,6.68571428571429,6.48,6.45,7,6.43076923076923,7,10,4,4,13,4437,1788,2649,596,1278,3159,7.08473048681542,7.6569625279642,6.69849006040015,6.73246644295302,6.98037089201878,7.1269500379867,181
"183",2020,12,6.71578947368421,19,7.425,6.52666666666667,5.83333333333333,6.675,6.72666666666667,4,15,3,4,15,4456,1792,2664,599,1282,3174,7.08315735412927,7.65644475446428,6.69752258633634,6.7279632721202,6.97941809672387,7.12505833963453,182
"184",2021,1,6.78,10,7.33333333333333,5.95,6.8,7,6.725,6,4,1,2,8,4466,1798,2668,600,1284,3182,7.08247854231975,7.65536651835373,6.69640186281859,6.72808333333333,6.97945015576324,7.12405253614079,183
"185",2021,2,6.88888888888889,9,7.5,5.66666666666667,4,8,6.57142857142857,6,3,1,2,7,4475,1804,2671,601,1286,3189,7.0820892,7.65484977827051,6.6952452901535,6.72354409317804,6.98103732503888,7.1228395014111,184
"186",2021,3,8,10,8.125,7.5,6,8,8,8,2,1,2,8,4485,1812,2673,602,1288,3197,7.0841358238573,7.65692549668874,6.69584742611299,6.72234219269103,6.98261956521739,7.12503446043165,185
"187",2021,4,6.28888888888889,9,6.22,6.375,6,NA,6.28888888888889,5,4,1,0,9,4494,1817,2677,603,1288,3206,7.08254320649755,7.65297138139791,6.69536801270079,6.72114427860697,6.98261956521739,7.12268720212102,186
"188",2021,5,7,7,7.75,6,NA,8,6.83333333333333,4,3,0,1,6,4501,1821,2680,603,1289,3212,7.08241483448123,7.65318451400329,6.69458961567165,6.72114427860697,6.98340884406517,7.12214669053549,187
"189",2021,6,7,8,7,7,7,7.5,6.83333333333333,5,3,3,2,6,4509,1826,2683,606,1291,3218,7.08226861166556,7.65139594742607,6.69493111069698,6.72252475247525,6.98420914020139,7.12160819453076,188
"190",2021,7,6.36363636363636,11,6.75,6.14285714285714,5.5,6.25,6.42857142857143,4,7,2,4,7,4520,1830,2690,608,1295,3225,7.0805197278761,7.64942568306011,6.69349448698885,6.71850328947369,6.98194131274131,7.12010392868217,189
"191",2021,8,7.375,10,7.34375,7.5,8,7.1875,7.5,8,2,1,4,6,4530,1838,2692,609,1299,3231,7.08116979470199,7.64809521218716,6.69409367384844,6.72060755336617,6.98257428791378,7.12080939956669,190
"192",2021,9,7.07142857142857,7,7.83333333333333,6.5,7,7,7.08333333333333,3,4,1,1,6,4537,1841,2696,610,1300,3237,7.08115476526339,7.64839706681151,6.69380570103858,6.72106557377049,6.98258769230769,7.12073993512511,191
"193",2021,10,7.21428571428571,7,8,6.9,NA,7,7.25,2,5,0,1,6,4544,1843,2701,610,1301,3243,7.08135985255281,7.64877862181226,6.69418740096261,6.72106557377049,6.98260107609531,7.12097908418131,192
"194",2021,11,6.81538461538462,13,8,6.71666666666667,6.2,5,6.96666666666667,1,12,5,1,12,4557,1844,2713,615,1302,3255,7.0806010906298,7.64896908893709,6.69428683007741,6.71682926829268,6.98107834101382,7.12041019047618,193
"195",2021,12,7.16666666666667,6,7.33333333333333,7,NA,NA,7.16666666666667,3,3,0,0,6,4563,1847,2716,615,1302,3261,7.08071426035503,7.64845641580942,6.69462451030928,6.71682926829268,6.98107834101382,7.12049529898804,194
"196",2022,1,6.52410230769231,13,7.122666,6.15,6.35,6.75,6.48303,5,8,2,2,11,4576,1852,2724,617,1304,3272,7.0791329763986,7.64703689524838,6.69302502569751,6.71564019448947,6.98072392638037,7.11835223105134,195
"197",2022,2,7.4,12,7.16,7.57142857142857,NA,NA,7.4,5,7,0,0,12,4588,1857,2731,617,1304,3284,7.07997221011334,7.64572554119548,6.69527651775907,6.71564019448947,6.98072392638037,7.11938139464068,196
"198",2022,3,7.33,12,7.94285714285714,6.472,NA,6.392,8,7,5,0,5,7,4600,1864,2736,617,1309,3291,7.08062445652174,7.64684137875536,6.69486848318714,6.71564019448947,6.97847517188693,7.12125448192038,197
"199",2022,4,7.8,10,9.33333333333333,7.14285714285714,7,7,7.88888888888889,3,7,1,1,9,4610,1867,2743,618,1310,3300,7.08218492407809,7.64955132833423,6.696011728035,6.7161003236246,6.97849160305343,7.12334803030302,198
"200",2022,5,8.5625,16,8.75,8.5,NA,9,8.53333333333333,4,12,0,1,15,4626,1871,2755,618,1311,3315,7.08730490704712,7.65190397113843,6.70386939019964,6.7161003236246,6.98003356216628,7.12972805429864,199
"201",2022,6,7.14285714285714,7,7.5,6.66666666666667,7,NA,7.14285714285714,4,3,1,0,7,4633,1875,2758,619,1311,3322,7.08738884092381,7.65157990933333,6.70382892313271,6.71655896607431,6.98003356216628,7.12975571944611,200
"202",2022,7,6.57142857142857,7,8.33333333333333,5.25,NA,8.25,5.9,3,4,0,2,5,4640,1878,2762,619,1313,3327,7.08661045258621,7.65266897231097,6.70172345039827,6.71655896607431,6.98196801218583,7.12790757439134,201
"203",2022,8,7.7,7,7.78,7.5,NA,8.3,7.25,5,2,0,3,4,4647,1883,2764,619,1316,3331,7.08753443081558,7.65300707912905,6.70230107452967,6.71655896607431,6.9849726443769,7.12805418793155,202
"204",2022,9,8.07666666666667,6,8.78,7.725,NA,7.4,8.212,2,4,0,1,5,4653,1885,2768,619,1317,3336,7.0888099075865,7.65420282758621,6.70377896315029,6.71655896607431,6.98528777524677,7.12967880695443,203
"205",2022,10,7.475,4,8.13333333333333,5.5,NA,NA,7.475,3,1,0,0,4,4657,1888,2769,619,1317,3340,7.08914161477346,7.65496415783898,6.70334422896353,6.71655896607431,6.98528777524677,7.13009236526946,204
"206",2022,11,7.11111111111111,9,7.375,6.9,4.5,8.25,6.96875,4,5,1,1,8,4666,1892,2774,620,1318,3348,7.08918399057008,7.65437226744186,6.70369869142034,6.71298387096774,6.9862473444613,7.12970683990442,205
"207",2022,12,6.5,9,6.41666666666667,6.66666666666667,7,NA,6.5,6,3,1,0,9,4675,1898,2777,621,1318,3357,7.08804973262032,7.65045960484721,6.70365868563198,6.7134460547504,6.9862473444613,7.12801861781352,206
