"","year","month","avg_rating","no_ratings","avg_rating_owned","avg_rating_not_owned","avg_rating_prev_owned","avg_rating_comment","avg_rating_no_comment","no_ratings_owned","no_ratings_not_owned","no_ratings_prev_owned","no_ratings_comment","no_ratings_no_comment","cum_no_ratings","cum_no_ratings_owned","cum_no_ratings_not_owned","cum_no_ratings_prev_owned","cum_no_ratings_comment","cum_no_ratings_no_comment","cum_avg_rating","cum_avg_rating_owned","cum_avg_rating_not_owned","cum_avg_rating_prev_owned","cum_avg_rating_comment","cum_avg_rating_no_comment","month_after_release"
"1",2001,6,6.875,8,6.8,7,5,6.66666666666667,7,5,3,1,3,5,8,5,3,1,3,5,6.875,6.8,7,5,6.66666666666667,7,0
"2",2001,7,6,1,NA,6,NA,NA,6,0,1,0,0,1,9,5,4,1,3,6,6.77777777777778,6.8,6.75,5,6.66666666666667,6.83333333333333,1
"3",2001,8,7.22222222222222,9,8.2,6,6,NA,7.22222222222222,5,4,2,0,9,18,10,8,3,3,15,7,7.5,6.375,5.66666666666667,6.66666666666667,7.06666666666667,2
"4",2001,9,6.75,4,6.66666666666667,7,NA,NA,6.75,3,1,0,0,4,22,13,9,3,3,19,6.95454545454545,7.30769230769231,6.44444444444444,5.66666666666667,6.66666666666667,7,3
"5",2001,10,9,3,9,NA,NA,8.5,10,3,0,0,2,1,25,16,9,3,5,20,7.2,7.625,6.44444444444444,5.66666666666667,7.4,7.15,4
"6",2001,11,7,2,7,7,NA,NA,7,1,1,0,0,2,27,17,10,3,5,22,7.18518518518519,7.58823529411765,6.5,5.66666666666667,7.4,7.13636363636364,5
"7",2001,12,6.5,2,NA,6.5,NA,NA,6.5,0,2,0,0,2,29,17,12,3,5,24,7.13793103448276,7.58823529411765,6.5,5.66666666666667,7.4,7.08333333333333,6
"8",2002,1,5.5,2,5.5,NA,NA,6,5,2,0,0,1,1,31,19,12,3,6,25,7.03225806451613,7.36842105263158,6.5,5.66666666666667,7.16666666666667,7,7
"9",2002,2,7.5,2,7,8,NA,NA,7.5,1,1,0,0,2,33,20,13,3,6,27,7.06060606060606,7.35,6.61538461538461,5.66666666666667,7.16666666666667,7.03703703703704,8
"10",2002,3,7,1,NA,7,NA,NA,7,0,1,0,0,1,34,20,14,3,6,28,7.05882352941176,7.35,6.64285714285714,5.66666666666667,7.16666666666667,7.03571428571429,9
"11",2002,4,7.5,2,7.5,NA,NA,NA,7.5,2,0,0,0,2,36,22,14,3,6,30,7.08333333333333,7.36363636363636,6.64285714285714,5.66666666666667,7.16666666666667,7.06666666666667,10
"12",2002,5,6,1,6,NA,NA,NA,6,1,0,0,0,1,37,23,14,3,6,31,7.05405405405405,7.30434782608696,6.64285714285714,5.66666666666667,7.16666666666667,7.03225806451613,11
"13",2002,6,7.5,2,8,7,NA,NA,7.5,1,1,0,0,2,39,24,15,3,6,33,7.07692307692308,7.33333333333333,6.66666666666667,5.66666666666667,7.16666666666667,7.06060606060606,12
"14",2002,7,7.25,4,7.25,NA,NA,NA,7.25,4,0,0,0,4,43,28,15,3,6,37,7.09302325581395,7.32142857142857,6.66666666666667,5.66666666666667,7.16666666666667,7.08108108108108,13
"15",2002,8,7.08333333333333,6,7.25,6.75,NA,7.375,6.5,4,2,0,4,2,49,32,17,3,10,39,7.09183673469388,7.3125,6.67647058823529,5.66666666666667,7.25,7.05128205128205,14
"16",2002,9,7.33333333333333,3,7.25,7.5,NA,7.5,7.25,2,1,0,1,2,52,34,18,3,11,41,7.10576923076923,7.30882352941176,6.72222222222222,5.66666666666667,7.27272727272727,7.0609756097561,15
"17",2002,10,7.33333333333333,3,7.5,7,7,8,6,2,1,1,2,1,55,36,19,4,13,42,7.11818181818182,7.31944444444444,6.73684210526316,6,7.38461538461539,7.03571428571429,16
"18",2002,11,7,9,8.25,6,8,7.5,6.85714285714286,4,5,1,2,7,64,40,24,5,15,49,7.1015625,7.4125,6.58333333333333,6.4,7.4,7.01020408163265,17
"19",2002,12,4.66666666666667,3,7,3.5,5,2,6,1,2,1,1,2,67,41,26,6,16,51,6.99253731343284,7.40243902439024,6.34615384615385,6.16666666666667,7.0625,6.97058823529412,18
"20",2003,1,6.4,5,6.5,6,NA,5,6.75,4,1,0,1,4,72,45,27,6,17,55,6.95138888888889,7.32222222222222,6.33333333333333,6.16666666666667,6.94117647058824,6.95454545454545,19
"21",2003,2,7.5,4,7.66666666666667,7,NA,8,7,3,1,0,2,2,76,48,28,6,19,57,6.98026315789474,7.34375,6.35714285714286,6.16666666666667,7.05263157894737,6.95614035087719,20
"22",2003,3,6.75,4,6.75,NA,NA,NA,6.75,4,0,0,0,4,80,52,28,6,19,61,6.96875,7.29807692307692,6.35714285714286,6.16666666666667,7.05263157894737,6.94262295081967,21
"23",2003,4,7.57142857142857,7,7.5,8,NA,7.5,7.6,6,1,0,2,5,87,58,29,6,21,66,7.01724137931035,7.31896551724138,6.41379310344828,6.16666666666667,7.09523809523809,6.99242424242424,22
"24",2003,5,7.625,8,7.5,7.75,6,8,7.4,4,4,1,3,5,95,62,33,7,24,71,7.06842105263158,7.33064516129032,6.57575757575758,6.14285714285714,7.20833333333333,7.02112676056338,23
"25",2003,6,6.8125,8,7.75,5.875,NA,6.33333333333333,7.1,4,4,0,3,5,103,66,37,7,27,76,7.04854368932039,7.35606060606061,6.5,6.14285714285714,7.11111111111111,7.02631578947368,24
"26",2003,7,6.52380952380952,21,7.41666666666667,5.33333333333333,5,6.125,6.76923076923077,12,9,1,8,13,124,78,46,8,35,89,6.95967741935484,7.36538461538461,6.27173913043478,6,6.88571428571429,6.98876404494382,25
"27",2003,8,6.6875,8,7.375,6,NA,7.16666666666667,6.4,4,4,0,3,5,132,82,50,8,38,94,6.94318181818182,7.36585365853659,6.25,6,6.90789473684211,6.95744680851064,26
"28",2003,9,8,4,8.5,7.5,NA,8.25,7.75,2,2,0,2,2,136,84,52,8,40,96,6.97426470588235,7.39285714285714,6.29807692307692,6,6.975,6.97395833333333,27
"29",2003,10,7.57142857142857,7,8,6.5,NA,8,7,5,2,0,4,3,143,89,54,8,44,99,7.0034965034965,7.42696629213483,6.30555555555556,6,7.06818181818182,6.97474747474747,28
"30",2003,11,8,1,8,NA,NA,NA,8,1,0,0,0,1,144,90,54,8,44,100,7.01041666666667,7.43333333333333,6.30555555555556,6,7.06818181818182,6.985,29
"31",2003,12,7.5,8,7.4,7.66666666666667,9,8.33333333333333,7,5,3,1,3,5,152,95,57,9,47,105,7.03618421052632,7.43157894736842,6.37719298245614,6.33333333333333,7.14893617021277,6.98571428571429,30
"32",2004,1,7.13333333333333,6,9.26666666666667,5,NA,3,7.96,3,3,0,1,5,158,98,60,9,48,110,7.03987341772152,7.48775510204082,6.30833333333333,6.33333333333333,7.0625,7.03,31
"33",2004,2,7.25,8,7.42857142857143,6,NA,7.33333333333333,7.2,7,1,0,3,5,166,105,61,9,51,115,7.05,7.48380952380952,6.30327868852459,6.33333333333333,7.07843137254902,7.03739130434783,32
"34",2004,3,7.16363636363636,11,7.16363636363636,NA,NA,7.5,7.08888888888889,11,0,0,2,9,177,116,61,9,53,124,7.05706214689265,7.45344827586207,6.30327868852459,6.33333333333333,7.09433962264151,7.04112903225806,33
"35",2004,4,7.46666666666667,6,7.56,7,7,7.45,7.5,5,1,1,4,2,183,121,62,10,57,126,7.07049180327869,7.45785123966942,6.31451612903226,6.4,7.11929824561404,7.0484126984127,34
"36",2004,5,6.8,5,7.33333333333333,6,NA,8,6.5,3,2,0,1,4,188,124,64,10,58,130,7.06329787234043,7.45483870967742,6.3046875,6.4,7.13448275862069,7.03153846153846,35
"37",2004,6,6.625,4,6.83333333333333,6,6,6.75,6.5,3,1,1,2,2,192,127,65,11,60,132,7.05416666666667,7.44015748031496,6.3,6.36363636363636,7.12166666666667,7.02348484848485,36
"38",2004,7,7.43333333333333,6,7.4,7.6,NA,7,7.86666666666667,5,1,0,3,3,198,132,66,11,63,135,7.06565656565656,7.43863636363636,6.31969696969697,6.36363636363636,7.11587301587302,7.04222222222222,37
"39",2004,8,8.07142857142857,7,8.125,8,NA,NA,8.07142857142857,4,3,0,0,7,205,136,69,11,63,142,7.1,7.45882352941176,6.39275362318841,6.36363636363636,7.11587301587302,7.09295774647887,38
"40",2004,9,7.5,4,7.5,7.5,8,8,7.33333333333333,2,2,1,1,3,209,138,71,12,64,145,7.10765550239234,7.45942028985507,6.42394366197183,6.5,7.1296875,7.09793103448276,39
"41",2004,10,7.5,4,7.5,NA,NA,6,8,4,0,0,1,3,213,142,71,12,65,148,7.1150234741784,7.46056338028169,6.42394366197183,6.5,7.11230769230769,7.11621621621622,40
"42",2004,11,6.81818181818182,11,7.1,4,NA,6.6,7,10,1,0,5,6,224,152,72,12,70,154,7.10044642857143,7.43684210526316,6.39027777777778,6.5,7.07571428571429,7.11168831168831,41
"43",2004,12,7,8,7.6,6,7,6.33333333333333,7.4,5,3,1,3,5,232,157,75,13,73,159,7.09698275862069,7.44203821656051,6.37466666666667,6.53846153846154,7.04520547945205,7.12075471698113,42
"44",2005,1,7.13636363636364,11,7.16666666666667,7,8,7.75,7,9,2,1,2,9,243,166,77,14,75,168,7.09876543209876,7.42710843373494,6.39090909090909,6.64285714285714,7.064,7.11428571428571,43
"45",2005,2,6.88888888888889,9,7.14285714285714,6,7,6.75,7,7,2,1,4,5,252,173,79,15,79,173,7.09126984126984,7.41560693641618,6.38101265822785,6.66666666666667,7.04810126582278,7.11098265895954,44
"46",2005,3,6.7,12,7.425,5.25,NA,6.8,6.5,8,4,0,8,4,264,181,83,15,87,177,7.07348484848485,7.41602209944751,6.32650602409639,6.66666666666667,7.02528735632184,7.09717514124294,45
"47",2005,4,7.14285714285714,7,9,6.4,NA,7.4,6.5,2,5,0,5,2,271,183,88,15,92,179,7.07527675276753,7.43333333333333,6.33068181818182,6.66666666666667,7.04565217391304,7.09050279329609,46
"48",2005,5,7.14285571428571,7,7.599998,6,NA,5.66666333333333,8.25,5,2,0,3,4,278,188,90,15,95,183,7.07697838129496,7.43776590425532,6.32333333333334,6.66666666666667,7.00210515789474,7.11584699453552,47
"49",2005,6,6.8,5,8,5,NA,7.5,6.33333333333333,3,2,0,2,3,283,191,92,15,97,186,7.07208477031802,7.44659680628272,6.29456521739131,6.66666666666667,7.01237103092783,7.10322580645161,48
"50",2005,7,7,8,7.5,6.5,NA,NA,7,4,4,0,0,8,291,195,96,15,97,194,7.07010305841924,7.44769225641026,6.303125,6.66666666666667,7.01237103092783,7.09896907216495,49
"51",2005,8,6.9,10,7.66666666666667,5.75,6,6.66666666666667,7.25,6,4,1,6,4,301,201,100,16,103,198,7.06445179401993,7.45422880597015,6.281,6.625,6.99223291262136,7.1020202020202,50
"52",2005,9,7.45454545454545,11,8.07142857142857,6.375,7,7.66666666666667,7.375,7,4,1,3,8,312,208,104,17,106,206,7.07820509615385,7.47499995192308,6.28461538461539,6.64705882352941,7.01132066037736,7.1126213592233,51
"53",2005,10,7.75,12,7.85714285714286,7.6,NA,7.71428571428571,7.8,7,5,0,7,5,324,215,109,17,113,211,7.10308638888889,7.48744181395349,6.34495412844037,6.64705882352941,7.05486716814159,7.12890995260663,52
"54",2005,11,7.38461538461539,13,8.33333333333333,6.57142857142857,NA,6.5,8.14285714285714,6,7,0,6,7,337,221,116,17,119,218,7.1139465578635,7.51040719457014,6.35862068965517,6.64705882352941,7.02689067226891,7.16146788990826,53
"55",2005,12,7.53636363636364,11,7.47142857142857,7.65,7,6.8,7.8125,7,4,1,3,8,348,228,120,18,122,226,7.12729882183908,7.50921048245614,6.40166666666667,6.66666666666667,7.02131139344262,7.18451327433628,54
"56",2006,1,7.81875,16,8.16666666666667,7.37142857142857,NA,8.7,7.41818181818182,9,7,0,5,11,364,237,127,18,127,237,7.15769228021978,7.53417717299578,6.45511811023622,6.66666666666667,7.08740149606299,7.19535864978903,55
"57",2006,2,7.25,10,7.64285714285714,6.33333333333333,NA,6.91666666666667,7.75,7,3,0,6,4,374,244,130,18,133,241,7.16016040106952,7.53729504098361,6.45230769230769,6.66666666666667,7.07969917293233,7.2045643153527,56
"58",2006,3,7.61538461538461,13,8.25,6.6,NA,7.75,7.55555555555556,8,5,0,4,9,387,252,135,18,137,250,7.17545217054264,7.5599205952381,6.45777777777778,6.66666666666667,7.09927,7.2172,57
"59",2006,4,7.66666666666667,6,7.66666666666667,NA,NA,NA,7.66666666666667,6,0,0,0,6,393,258,135,18,137,256,7.18295162849873,7.5624030620155,6.45777777777778,6.66666666666667,7.09927,7.227734375,58
"60",2006,5,7.5625,8,7.5625,NA,NA,7,7.9,8,0,0,3,5,401,266,135,18,140,261,7.19052366583541,7.56240597744361,6.45777777777778,6.66666666666667,7.09714278571429,7.24061302681992,59
"61",2006,6,7.25,14,7.63636363636364,5.83333333333333,NA,7.33333333333333,7.22727272727273,11,3,0,3,11,415,277,138,18,143,272,7.19253009638554,7.56534292418772,6.44420289855073,6.66666666666667,7.10209783216783,7.24007352941176,60
"62",2006,7,7.61538461538461,13,7.77777777777778,7.25,7.5,10,7.41666666666667,9,4,2,1,12,428,286,142,20,144,284,7.20537380841122,7.57202793706294,6.46690140845071,6.75,7.12222215277778,7.2475352112676,61
"63",2006,8,5.66666666666667,6,7.33333333333333,4,NA,2,6.4,3,3,0,1,5,434,289,145,20,145,289,7.184101359447,7.5695501384083,6.41586206896552,6.75,7.08689648275862,7.23287197231834,62
"64",2006,9,6.8,10,7.125,5.5,NA,6.5,7,8,2,0,4,6,444,297,147,20,149,295,7.17545042792793,7.55757572390572,6.40340136054422,6.75,7.07114087248322,7.22813559322034,63
"65",2006,10,7.44736842105263,19,8.2,6.61111111111111,6,8.11111111111111,6.85,10,9,1,9,10,463,307,156,21,158,305,7.18660904967603,7.5785015960912,6.41538461538462,6.71428571428571,7.1303796835443,7.21573770491803,64
"66",2006,11,7.66666666666667,9,8.16666666666667,6.66666666666667,NA,9,7.5,6,3,0,1,8,472,313,159,21,159,313,7.19576269067797,7.58977632587859,6.42012578616352,6.71428571428571,7.14213830188679,7.22300319488818,65
"67",2006,12,7.09523809523809,21,7.15384615384615,7,6,6.7,7.21875,13,8,1,5,16,493,326,167,22,164,329,7.19148070993915,7.57239260736196,6.44790419161677,6.68181818181818,7.12865847560976,7.22279635258359,66
"68",2007,1,7.56818181818182,11,8.8125,6.85714285714286,7.5,7.375,7.8,4,7,2,6,5,504,330,174,24,170,334,7.19970236111111,7.58742421212121,6.46436781609196,6.75,7.13735288235294,7.2314371257485,67
"69",2007,2,7.37335285714286,14,7.9375,6.62115666666667,NA,8.25,7.022694,8,6,0,4,10,518,338,180,24,174,344,7.20439561776062,7.5957100295858,6.46959411111111,6.75,7.16293097701149,7.22536901162791,68
"70",2007,3,7.42857142857143,7,7.66666666666667,7.25,NA,7.66666666666667,7.25,3,4,0,3,4,525,341,184,24,177,348,7.20738462857143,7.59633428152493,6.48655945652174,6.75,7.1714688700565,7.22565212643678,69
"71",2007,4,7.41176470588235,17,7.38461538461539,7.5,NA,7.9,7.20833333333333,13,4,0,5,12,542,354,188,24,182,360,7.21379507380074,7.58855929378531,6.5081220212766,6.75,7.19148346153846,7.22507483333333,70
"72",2007,5,7,10,7,NA,6,7.33333333333333,6.85714285714286,10,0,1,3,7,552,364,188,25,185,367,7.20992197463768,7.57239008241758,6.5081220212766,6.72,7.19378372972973,7.21805705722071,71
"73",2007,6,6.88333333333333,12,7,6.76666666666667,8,6.5,6.96,6,6,1,2,10,564,370,194,26,187,377,7.20297328014184,7.56310808108108,6.51611824742268,6.76923076923077,7.1863635828877,7.21121204244032,72
"74",2007,7,7.3125,8,8,6.16666666666667,NA,8.5,6.6,5,3,0,3,5,572,375,197,26,190,382,7.20450512237762,7.56893330666667,6.51079664974619,6.76923076923077,7.20710521052632,7.20321188481675,73
"75",2007,8,6.95833333333333,12,7.58333333333333,6.33333333333333,6,7.375,6.75,6,6,2,4,8,584,381,203,28,194,390,7.19944679794521,7.56916007874016,6.50555142857143,6.71428571428571,7.21056695876289,7.19391523076923,74
"76",2007,9,6.41176470588235,17,7.22222222222222,5.5,7.33333333333333,5.71428571428571,6.9,9,8,3,7,10,601,390,211,31,201,400,7.17716627287854,7.56115382051282,6.46742625592417,6.7741935483871,7.15845766169154,7.18656735,75
"77",2007,10,7.1,5,7.16666666666667,7,7,7.5,6.83333333333333,3,2,1,2,3,606,393,213,32,203,403,7.17652958745875,7.55814246819338,6.47242694835681,6.78125,7.16182261083744,7.18393781637717,76
"78",2007,11,5.52173913043478,23,7.33333333333333,4.35714285714286,4,6,5.26666666666667,9,14,1,8,15,629,402,227,33,211,418,7.11602055643879,7.5531094278607,6.34196889867841,6.6969696969697,7.11777246445498,7.11513622009569,77
"79",2007,12,6.65476190476191,21,7.54545454545455,5.675,6.75,6.88888888888889,6.47916666666667,11,10,2,9,12,650,413,237,35,220,430,7.10111835384615,7.55290554479419,6.31382675105485,6.7,7.10840904545454,7.09738823255814,78
"80",2008,1,7.39583333333333,24,7.5,7.22222222222222,8,7.125,7.53125,15,9,2,8,16,674,428,246,37,228,446,7.11161265578635,7.55105137850467,6.34706073170732,6.77027027027027,7.10899118421053,7.11295278026906,79
"81",2008,2,7.45454545454545,22,7.68181818181818,7.22727272727273,6.5,6.8,7.64705882352941,11,11,2,5,17,696,439,257,39,233,463,7.12245248563218,7.55432799544419,6.38473517509728,6.75641025641026,7.102360472103,7.13256358531317,80
"82",2008,3,6.99333333333333,15,7.39,6.2,NA,5.83333333333333,7.28333333333333,10,5,0,3,12,711,449,262,39,236,475,7.11972845288326,7.55066812917595,6.38120969465649,6.75641025641026,7.08622877118644,7.13637250526316,81
"83",2008,4,6.66666666666667,12,6.875,6.25,6,5.5,6.9,8,4,1,2,10,723,457,266,40,238,485,7.11220875518672,7.53884024070022,6.37923661654135,6.7375,7.07289911764706,7.13149884536082,82
"84",2008,5,7.6,15,8.1,6.6,7,7.625,7.57142857142857,10,5,1,8,7,738,467,271,41,246,492,7.12212321138211,7.55085650963597,6.38330974169742,6.74390243902439,7.09085361788618,7.13775800813008,83
"85",2008,6,6.41666666666667,6,6.5,6.375,6.5,NA,6.41666666666667,2,4,1,0,6,744,469,275,42,246,498,7.11643404569892,7.54637524520256,6.38318887272727,6.73809523809524,7.09085361788618,7.12907016064257,84
"86",2008,7,6.82608695652174,23,7.11111111111111,6.64285714285714,5.83333333333333,7,6.76470588235294,9,14,6,6,17,767,478,289,48,252,515,7.10772741851369,7.53817989539749,6.39576795847751,6.625,7.08869043650794,7.11704260194175,85
"87",2008,8,6.42307692307692,13,6.3125,6.6,6.5,6.6,6.3125,8,5,2,5,8,780,486,294,50,257,523,7.09631657692308,7.51800409465021,6.39924129251701,6.62,7.07918284046693,7.10473602294455,86
"88",2008,9,6.64375,16,7.4125,5.875,5,6.6,6.66363636363636,8,8,3,5,11,796,494,302,53,262,534,7.08721976130653,7.51629552631579,6.38535410596026,6.52830188679245,7.07003812977099,7.09564970037453,87
"89",2008,10,6.64411764705882,17,8.15,5.30555555555556,4,6.5625,6.71666666666667,8,9,1,8,9,813,502,311,54,270,543,7.07795440344403,7.52639440239044,6.35410591639871,6.48148148148148,7.05499996296296,7.08936821362799,88
"90",2008,11,6.875,20,6.94444444444444,6.81818181818182,6.4,6.25,7.03125,9,11,5,4,16,833,511,322,59,274,559,7.07308154861945,7.51614479452055,6.36995944099379,6.47457627118644,7.04324813868613,7.08770472271914,89
"91",2008,12,6.99545454545455,11,7.42142857142857,6.25,7,6,7.56428571428571,7,4,4,4,7,844,518,326,63,278,566,7.07206982227488,7.51486484555984,6.36848754601227,6.50793650793651,7.02823737410072,7.09359883392226,90
"92",2009,1,6.895,20,7.36363636363636,6.32222222222222,6,7.88,6.56666666666667,11,9,2,5,15,864,529,335,65,283,581,7.06797098379629,7.51172020793951,6.36724459701493,6.49230769230769,7.04328618374558,7.07999473321859,91
"93",2009,2,6.35882352941176,34,7.18823529411765,5.52941176470588,6,4.91666666666667,6.66785714285714,17,17,3,6,28,898,546,352,68,289,609,7.04112130289532,7.50164833333333,6.32678107954546,6.47058823529412,6.99913491349481,7.06104587848933,92
"94",2009,3,7.31,20,7.35,7.25,NA,6.5,7.5125,12,8,0,4,16,918,558,360,68,293,625,7.04697922657952,7.49838707885305,6.34729705555556,6.47058823529412,6.99232078498293,7.072603104,93
"95",2009,4,7.26,25,8.05555555555556,6.8125,6.5,7.7,7.15,9,16,3,5,20,943,567,376,71,298,645,7.05262664899258,7.50723102292769,6.36709292553192,6.47183098591549,7.00419459731544,7.07500300775194,94
"96",2009,5,6.84,25,7.33333333333333,6.38461538461539,6.8,7,6.8,12,13,5,5,20,968,579,389,76,303,665,7.04713525826446,7.50362692573402,6.36767850899743,6.49342105263158,7.00412537953795,7.0667322406015,95
"97",2009,6,6.67272727272727,11,6.88,6.5,8,6.5,6.71111111111111,5,6,1,2,9,979,584,395,77,305,674,7.04292842696629,7.49828765410959,6.3696884556962,6.51298701298701,7.00081963934426,7.06198359050445,96
"98",2009,7,7.08260869565217,23,8.07,6.32307692307692,7,6.52857142857143,7.325,10,13,2,7,16,1002,594,408,79,312,690,7.043839251497,7.50791244107744,6.36820328431373,6.5253164556962,6.99022432692308,7.06808252173913,97
"99",2009,8,7.01428571428571,14,7.925,6.65,6.33333333333333,5.875,7.47,4,10,3,4,10,1016,598,418,82,316,700,7.04343201771653,7.51070232441471,6.37494483253588,6.51829268292683,6.97610756329114,7.0738242,98
"100",2009,9,7.31818181818182,22,8.03846153846154,6.27777777777778,6.5,7.0625,7.46428571428571,13,9,2,8,14,1038,611,427,84,324,714,7.04925523121387,7.52193124386252,6.37289681498829,6.51785714285714,6.97824070987654,7.08148030812325,99
"101",2009,10,7.19090909090909,22,7.26923076923077,7.07777777777778,7,7.5,7.12222222222222,13,9,2,4,18,1060,624,436,86,328,732,7.05219521698113,7.51666665064102,6.38744711009174,6.52906976744186,6.98460362804878,7.08248215846994,100
"102",2009,11,7.65,20,8.05555555555556,7.31818181818182,7,7,7.76470588235294,9,11,2,3,17,1080,633,447,88,331,749,7.06326567592592,7.52432857819905,6.41035109619687,6.53977272727273,6.98474317220544,7.09796654205607,101
"103",2009,12,6.82692307692308,26,7.39285714285714,6.16666666666667,6,6.71428571428571,6.86842105263158,14,12,3,7,19,1106,647,459,91,338,768,7.05770970162748,7.52148375579598,6.40398026143791,6.52197802197802,6.97914198224852,7.09228768229166,102
"104",2010,1,7.1125,24,7.38461538461539,6.79090909090909,6.5,7.6,6.98421052631579,13,11,6,5,19,1130,660,470,97,343,787,7.05887338938053,7.51878786363636,6.41303604255319,6.52061855670103,6.98819239067055,7.0896784498094,103
"105",2010,2,6.62666666666667,15,8.33333333333333,6.2,NA,7,6.6,3,12,0,1,14,1145,663,482,97,344,801,7.05321129257642,7.52247358974359,6.4077322406639,6.52061855670103,6.98822671511628,7.0811197752809,104
"106",2010,3,6.95833333333333,12,8,5.5,7,6.875,7,7,5,1,4,8,1157,670,487,98,348,809,7.05222725151253,7.52746267164179,6.39841260780287,6.52551020408163,6.98692525862069,7.08031760197775,105
"107",2010,4,7.15,10,7.4,6.9,7,6.5,7.58333333333333,5,5,1,4,6,1167,675,492,99,352,815,7.05306506426735,7.5265185037037,6.40351004065041,6.53030303030303,6.98139201704545,7.08402078527607,106
"108",2010,5,7.5875,16,8.25,6.925,7,8.25,7.49285714285714,8,8,2,2,14,1183,683,500,101,354,829,7.06029326289095,7.53499266471449,6.41185388,6.53960396039604,6.98855929378531,7.09092513872135,107
"109",2010,6,6,13,6.5,5.90909090909091,7,4,6.36363636363636,2,11,1,2,11,1196,685,511,102,356,840,7.0487683361204,7.53197078832117,6.40103119373777,6.54411764705882,6.97176963483146,7.08140111904762,108
"110",2010,7,6.5,8,6.9,5.83333333333333,5.75,5,7,5,3,2,2,6,1204,690,514,104,358,846,7.04512203488372,7.52739128985507,6.39771778210117,6.52884615384615,6.96075416201117,7.08082380614657,109
"111",2010,8,7.33333333333333,12,7.625,7.1875,NA,7.33333333333333,7.33333333333333,4,8,0,3,9,1216,694,522,104,361,855,7.04796622532895,7.52795387608069,6.40982172413793,6.52884615384615,6.96385038781163,7.08348180116959,110
"112",2010,9,6.809375,16,7.45714285714286,6.30555555555556,5,6.925,6.77083333333333,7,9,1,4,12,1232,701,531,105,365,867,7.04486763798701,7.52724677603423,6.40805450094162,6.51428571428571,6.96342463013699,7.07915448673587,111
"113",2010,10,7.28571428571429,14,8,6.75,7.5,7.14285714285714,7.42857142857143,6,8,2,7,7,1246,707,539,107,372,874,7.04757378009631,7.53125882602546,6.41312975881262,6.53271028037383,6.9668010483871,7.08195302059496,112
"114",2010,11,6.64705882352941,17,7.77777777777778,5.375,6,7,6.625,9,8,1,1,16,1263,716,547,108,373,890,7.04218284243864,7.53435752793296,6.3979468738574,6.52777777777778,6.9668900536193,7.07373813483146,113
"115",2010,12,6.94444444444444,18,7.27272727272727,6.42857142857143,5,8.2,6.58571428571429,11,7,1,4,14,1281,727,554,109,377,904,7.04080946916471,7.53039888583219,6.3983338267148,6.51376146788991,6.97997344827586,7.06618024336283,114
"116",2011,1,7.03333333333333,15,7.33333333333333,6.83333333333333,6.5,6,7.40909090909091,6,9,1,4,11,1296,733,563,110,381,915,7.04072293981481,7.52878579809004,6.40528763765542,6.51363636363636,6.96968501312336,7.07030266666666,115
"117",2011,2,7.05384615384615,13,8.2,6.3375,8.7,5.5,7.33636363636364,5,8,1,2,11,1309,738,571,111,383,926,7.0408532696715,7.5333333197832,6.40433789842382,6.53333333333333,6.96201041775457,7.07346321814255,116
"118",2011,3,7.38823529411765,17,7.65,7.01428571428571,7.5,7.5,7.34166666666667,10,7,2,5,12,1326,748,578,113,388,938,7.04530688536953,7.53489303475936,6.41172480968858,6.55044247787611,6.96894327319588,7.07689439232409,117
"119",2011,4,7.00769230769231,13,7.61,5,NA,5.7,7.825,10,3,0,5,8,1339,758,581,113,393,946,7.044941695295,7.53588389182058,6.40443535283993,6.55044247787611,6.952798956743,7.08322086680761,118
"120",2011,5,6.79333333333333,15,7.43333333333333,5.83333333333333,6,6.475,6.90909090909091,9,6,1,4,11,1354,767,587,114,397,957,7.04215430576071,7.53468056062581,6.39859785349233,6.54561403508772,6.94798486146096,7.08121937304075,119
"121",2011,6,5.75,8,6.5,5,5.33333333333333,6,5.71428571428571,4,4,3,1,7,1362,771,591,117,398,964,7.03456455947136,7.52931256809338,6.38913187817259,6.51452991452991,6.94560298994975,7.07129350622406,120
"122",2011,7,7.33333333333333,9,7.6,7,9,8,7.14285714285714,5,4,1,2,7,1371,776,595,118,400,971,7.03652584245077,7.52976802835051,6.39323855462185,6.53559322033898,6.950874975,7.07180941297631,121
"123",2011,8,6.93928571428571,14,7.85,6.575,5.91666666666667,6.33333333333333,7.10454545454545,4,10,3,3,11,1385,780,605,121,403,982,7.03554290974729,7.53141024358974,6.39624287603306,6.5202479338843,6.94627789081886,7.07217610997963,122
"124",2011,9,7.05,20,6.8125,7.20833333333333,10,7.5,6.9,8,12,1,5,15,1405,788,617,122,408,997,7.03574870462633,7.52411166243655,6.41203717990276,6.54877049180328,6.95306370098039,7.06958569709127,123
"125",2011,10,7.01666666666667,9,6.95,7.1,NA,7.45,6.89285714285714,5,4,0,2,7,1414,793,621,122,410,1004,7.03562724893918,7.52049179066835,6.41646850241546,6.54877049180328,6.9554877804878,7.06835352589641,124
"126",2011,11,6.3125,16,7.16666666666667,5.8,5.5,5.83333333333333,6.6,6,10,2,6,10,1430,799,631,124,416,1014,7.02753631468531,7.51783478097622,6.4066987955626,6.53185483870968,6.93930286057692,7.06373465483234,125
"127",2011,12,6.1875,16,6.66666666666667,5.57142857142857,7,6.4,6.09090909090909,9,7,2,5,11,1446,808,638,126,421,1025,7.01824130705394,7.5083539480198,6.39753438871473,6.53928571428571,6.93289783847981,7.05329457560975,126
"128",2012,1,6.88461538461539,13,7.5625,5.8,NA,7,6.78571428571429,8,5,0,6,7,1459,816,643,126,427,1032,7.01705067169294,7.50888479166666,6.39288793157076,6.53928571428571,6.93384072599532,7.05147959302325,127
"129",2012,2,6.6,10,7,6.33333333333333,7,6,7,4,6,2,4,6,1469,820,649,128,431,1038,7.01421166099387,7.50640242682927,6.39233734976888,6.546484375,6.92517399071926,7.05118202312138,128
"130",2012,3,7.8,13,8.1,7.125,6,9,7.58181818181818,9,4,1,2,11,1482,829,653,129,433,1049,7.02110454116059,7.51284679131483,6.39682532924962,6.5422480620155,6.93475748267898,7.05674636796949,129
"131",2012,4,6.97272727272727,11,7.4,6.61666666666667,9,7,6.97,5,6,1,1,10,1493,834,659,130,434,1059,7.02074811118553,7.51217025179856,6.39882691957511,6.56115384615385,6.93490781105991,7.0559272332389,130
"132",2012,5,7.29166666666667,12,7.6875,6.5,NA,6.9,7.57142857142857,8,4,0,5,7,1505,842,663,130,439,1066,7.02290825913621,7.51383609263658,6.39943731523379,6.56115384615385,6.93451022779043,7.05931232645403,131
"133",2012,6,7.69230769230769,13,7.94444444444444,7.125,7.25,7.25,7.77272727272727,9,4,2,2,11,1518,851,667,132,441,1077,7.02864092885375,7.51839011750881,6.40378851574213,6.57159090909091,6.93594102040816,7.06659883008356,132
"134",2012,7,7.26333333333333,9,7.875,6.774,6.8,NA,7.26333333333333,4,5,1,0,9,1527,855,672,133,441,1086,7.03002418467583,7.52005846783625,6.40654306547619,6.57330827067669,6.93594102040816,7.06822922651933,133
"135",2012,8,7.38888888888889,9,7.83333333333333,7.16666666666667,NA,NA,7.38888888888889,3,6,0,0,9,1536,858,678,133,441,1095,7.03212690755208,7.52115383449883,6.41326982300885,6.57330827067669,6.93594102040816,7.07086478538812,134
"136",2012,9,6.62,10,7.2,6.04,NA,6.175,6.91666666666667,5,5,0,4,6,1546,863,683,133,445,1101,7.02946114489004,7.51929315179606,6.41053724743777,6.57330827067669,6.9291011011236,7.07002446866485,135
"137",2012,10,6.95,10,7.66666666666667,6.64285714285714,NA,8,6.6875,3,7,0,2,8,1556,866,690,133,447,1109,7.02895046915167,7.51980368360277,6.41289411594203,6.57330827067669,6.9338925950783,7.06726504959423,136
"138",2012,11,6.95909090909091,22,7.7875,6.48571428571429,7.33333333333333,7,6.94705882352941,8,14,3,5,17,1578,874,704,136,452,1126,7.02797650823828,7.52225399313501,6.41434224431818,6.59007352941176,6.93462387168142,7.06545021314387,137
"139",2012,12,6.71875,16,7.57142857142857,6.05555555555556,NA,6.78571428571429,6.66666666666667,7,9,0,7,9,1594,881,713,136,459,1135,7.02487260351317,7.52264471055618,6.40981338008415,6.59007352941176,6.93235291938998,7.06228805286343,138
"140",2013,1,6.53461538461538,13,7.84,5.71875,7.75,6.6875,6.46666666666667,5,8,1,4,9,1607,886,721,137,463,1144,7.02090661481021,7.52443565462754,6.40214554785021,6.5985401459854,6.93023755939525,7.05760222027972,139
"141",2013,2,6.86111111111111,9,7.4375,6.4,9,6.25,7.16666666666667,4,5,1,3,6,1616,890,726,138,466,1150,7.02001666460396,7.52404493258427,6.40213077134986,6.61594202898551,6.92585834763948,7.05817125217391,140
"142",2013,3,7.18235294117647,17,6.96363636363636,7.58333333333333,7,7,7.19375,11,6,1,1,16,1633,901,732,139,467,1166,7.02170663196571,7.51720309655938,6.41181275956284,6.61870503597122,6.92601710920771,7.06003168096055,141
"143",2013,4,6.35,4,6,7.4,7.4,7.4,6,3,1,1,1,3,1637,904,733,140,468,1169,7.02006532070861,7.51216813053097,6.41316090040928,6.62428571428571,6.92702989316239,7.05731132591959,142
"144",2013,5,6.975,10,8,6.29166666666667,NA,8,6.86111111111111,4,6,0,1,9,1647,908,739,140,469,1178,7.01979170006072,7.51431716960352,6.41217447902571,6.62428571428571,6.92931767590618,7.05581234295416,143
"145",2013,6,7.38461538461539,13,7.35714285714286,7.41666666666667,7,7.5,7.33333333333333,7,6,1,4,9,1660,915,745,141,473,1187,7.02264875301205,7.5131147431694,6.42026434899329,6.62695035460993,6.93414374207188,7.05791654591407,144
"146",2013,7,7.25,10,8.4,6.1,5.5,7,7.3125,5,5,1,2,8,1670,920,750,142,475,1195,7.02401013772455,7.51793477173913,6.41812925333333,6.61901408450704,6.93442103157895,7.05962087029288,145
"147",2013,8,6.36666666666667,9,6.5,6.1,NA,6,6.55,6,3,0,3,6,1679,926,753,142,478,1201,7.02048655747469,7.51133908207343,6.4168618061089,6.61901408450704,6.92855646443515,7.05707488759367,146
"148",2013,9,6.96153846153846,13,7.25,6.83333333333333,8.5,6.66666666666667,7.05,4,9,1,3,10,1692,930,762,143,481,1211,7.0200336465721,7.51021504301075,6.42178076115485,6.63216783216783,6.92692305613306,7.0570164657308,147
"149",2013,10,6.05555555555556,9,6.9,5,6,6.33333333333333,5.91666666666667,5,4,2,3,6,1701,935,766,145,484,1217,7.01493058788948,7.50695186096257,6.41435631853786,6.62344827586207,6.92324378099173,7.05139436318816,148
"150",2013,11,7.18666666666667,15,7.86666666666667,6.16666666666667,6,6.5,7.29230769230769,9,6,1,2,13,1716,944,772,146,486,1230,7.01643177738928,7.51038134533898,6.41243126943005,6.61917808219178,6.92150203703704,7.05394060162601,149
"151",2013,12,7.4,10,7.41666666666667,7.375,6,6.75,7.5625,6,4,1,2,8,1726,950,776,147,488,1238,7.01865407300116,7.50978946315789,6.41739296391752,6.61496598639456,6.92079915983606,7.05722693053311,150
"152",2014,1,6.93333333333333,15,7.875,5.85714285714286,NA,7,6.91666666666667,8,7,0,3,12,1741,958,783,147,491,1250,7.01791897185526,7.51283923799582,6.41238434227331,6.61496598639456,6.92128307535642,7.05587755199999,151
"153",2014,2,6.5625,8,6.5,6.625,8,6,6.9,4,4,1,3,5,1749,962,787,148,494,1255,7.01583586620926,7.50862784823285,6.41346498094028,6.62432432432433,6.9156882388664,7.05525652589641,152
"154",2014,3,6.5,6,7.5,6,6.5,6,6.6,2,4,2,1,5,1755,964,791,150,495,1260,7.01407232478632,7.50860994813278,6.41137413400758,6.62266666666667,6.91383836363636,7.05344995238095,153
"155",2014,4,6.81444444444444,9,7.555,5.33333333333333,NA,8.415,6.35714285714286,6,3,0,2,7,1764,970,794,150,497,1267,7.01305381519274,7.50889689690722,6.40730093198992,6.62266666666667,6.9198792555332,7.04960295185477,154
"156",2014,5,6.92857142857143,7,7.66666666666667,6.375,5,8,6.5,3,4,1,2,5,1771,973,798,151,499,1272,7.01271989271598,7.50938334018499,6.40713902255639,6.61192052980133,6.92420839679359,7.04744256289308,155
"157",2014,6,6.9125,24,7.69333333333333,5.61111111111111,7.5,7.87777777777778,6.33333333333333,15,9,2,9,15,1795,988,807,153,508,1287,7.01137990529248,7.51217610323886,6.39826138785626,6.62352941176471,6.94110234251968,7.03911961149961,156
"158",2014,7,7.5,18,7.61538461538461,7.2,7.66666666666667,7.5,7.5,13,5,3,5,13,1813,1001,812,156,513,1300,7.01623107004964,7.51351647352647,6.40319820197044,6.64358974358974,6.94654968810916,7.04372841538461,157
"159",2014,8,7.33333333333333,9,7.25,7.4,NA,8,7.14285714285714,4,5,0,2,7,1822,1005,817,156,515,1307,7.01779743688255,7.51246765174129,6.40929858017136,6.64358974358974,6.95064075728155,7.04425932670237,158
"160",2014,9,6.85769230769231,26,7.05714285714286,6.625,7.5,7.21428571428571,6.72631578947368,14,12,3,7,19,1848,1019,829,159,522,1326,7.01554487554113,7.50621196270854,6.41242091676719,6.65974842767296,6.95417622605364,7.03970357466063,159
"161",2014,10,6.91176470588235,17,7.5,6.59090909090909,3,7.4,6.70833333333333,6,11,1,5,12,1865,1025,840,160,527,1338,7.01459889008043,7.5061756,6.41475826190476,6.636875,6.95840605313093,7.03673164424514,160
"162",2014,11,7,8,7.25,6.75,7,4,7.42857142857143,4,4,1,1,7,1873,1029,844,161,528,1345,7.01453653497063,7.50517977648202,6.41634708530806,6.63913043478261,6.95280301136364,7.0387709591078,161
"163",2014,12,6.56,15,7.05555555555556,5.81666666666667,5.55,6.275,6.66363636363636,9,6,2,4,11,1888,1038,850,163,532,1356,7.01092528072034,7.50128130057803,6.41211404705882,6.62576687116564,6.9477067481203,7.0357278318584,162
"164",2015,1,6.75714285714286,21,7.3,6.26363636363636,5,6.2,6.93125,10,11,4,5,16,1909,1048,861,167,537,1372,7.008133541121,7.49936067748091,6.41021711962834,6.58682634730539,6.94074486033519,7.03450943148687,163
"165",2015,2,5.94166666666667,12,7.4,5.65,5.35714285714286,6.7,5.5625,2,10,7,4,8,1921,1050,871,174,541,1380,7.00147159292035,7.49917141904762,6.40148902411022,6.53735632183908,6.93896486136784,7.02597604347825,164
"166",2015,3,7.5375,12,7.6,7.49285714285714,7.71666666666667,6,7.67727272727273,5,7,3,1,11,1933,1055,878,177,542,1391,7.00479923952406,7.49964927962085,6.41019013667426,6.55734463276836,6.93723245387454,7.03112648454349,165
"167",2015,4,7.34285714285714,7,8,6.85,NA,7.6,7,3,4,0,4,3,1940,1058,882,177,546,1394,7.00601903608247,7.50106804347826,6.41218473922902,6.55734463276836,6.94208789377289,7.03105949784791,166
"168",2015,5,7.11090909090909,11,8.35,5.624,6.46,7.5,7.02444444444444,6,5,2,2,9,1951,1064,887,179,548,1403,7.00661042029728,7.5058552537594,6.40774175873731,6.55625698324022,6.94412406934307,7.03101706343549,167
"169",2015,6,6.34615384615385,13,6.6,6.1875,5.5,6.375,6.33333333333333,5,8,2,4,9,1964,1069,895,181,552,1412,7.00223876272912,7.50161832553789,6.40577311731843,6.54458563535912,6.93999998188406,7.02657007082152,168
"170",2015,7,6.20833333333333,12,6.625,6,6.83333333333333,5.5,6.27272727272727,4,8,3,1,11,1976,1073,903,184,553,1423,6.99741747469635,7.49835041006524,6.40217822812846,6.54929347826087,6.93739600361664,7.02074275474349,169
"171",2015,8,6.62666666666667,15,7.04,5.8,6,3.5,7.10769230769231,10,5,1,2,13,1991,1083,908,185,555,1436,6.99462427423405,7.49411818097876,6.39886226872246,6.54632432432432,6.92500899099099,7.02152990250696,170
"172",2015,9,7.04545454545455,11,7.64285714285714,6,6,6,7.27777777777778,7,4,1,2,9,2002,1090,912,186,557,1445,6.99490356143856,7.4950733853211,6.39711287280702,6.54338709677419,6.92168759425494,7.0231259100346,171
"173",2015,10,6.85,12,6.92857142857143,6.74,NA,6.5,6.92,7,5,0,2,10,2014,1097,917,186,559,1455,6.994040183714,7.49145851412944,6.39898248636859,6.54338709677419,6.92017887298748,7.02241714089347,172
"174",2015,11,6.69826086956522,23,7.345,6.20076923076923,5.905,5.8275,6.88157894736842,10,13,2,4,19,2037,1107,930,188,563,1474,6.99070050564556,7.49013549232159,6.39621176344086,6.53659574468085,6.91241561278863,7.02060172320217,173
"175",2015,12,7.32,13,7.4375,7.132,7,8,7.26333333333333,8,5,1,1,12,2050,1115,935,189,564,1486,6.99278874634146,7.48975783856502,6.40014645989305,6.53904761904762,6.91434395390071,7.02256187079407,174
"176",2016,1,5.97058823529412,17,6.625,5.38888888888889,4.66666666666667,5.875,6,8,9,3,4,13,2067,1123,944,192,568,1499,6.98438167876149,7.48359749777382,6.39050523305084,6.50979166666667,6.90702463028169,7.01369375583722,175
"177",2016,2,6.95,10,7.1875,6,7.25,7.75,6.75,8,2,2,2,8,2077,1131,946,194,570,1507,6.98421614347617,7.48150308576481,6.38967964059196,6.51742268041237,6.90998243859649,7.01229392169873,176
"178",2016,3,6.33333333333333,12,7.57142857142857,4.6,NA,10,6,7,5,0,1,11,2089,1138,951,194,571,1518,6.98047722833892,7.48205623022847,6.3802701787592,6.51742268041237,6.91539402802102,7.00495845849802,177
"179",2016,4,7.72666666666667,15,7.99166666666667,6.66666666666667,7,NA,7.72666666666667,12,3,1,0,15,2104,1150,954,195,571,1533,6.98579701996198,7.48737390434783,6.3811707966457,6.51989743589744,6.91539402802102,7.0120201826484,178
"180",2016,5,6.53571428571429,14,7.14285714285714,5.92857142857143,NA,6,6.57692307692308,7,7,0,1,13,2118,1157,961,195,572,1546,6.98282196883853,7.48528953327571,6.37787402705515,6.51989743589744,6.91379368881119,7.00836153945666,179
"181",2016,6,6.92307692307692,13,7.6,5.84,6.4,6.34,7.2875,8,5,3,5,8,2131,1165,966,198,577,1554,6.98245749882684,7.48607724463519,6.37509,6.51808080808081,6.90882147313692,7.00979854568854,180
"182",2016,7,6.675,8,7.85,5.5,4,NA,6.675,4,4,2,0,8,2139,1169,970,200,577,1562,6.98130758765778,7.4873224893071,6.3714813814433,6.4929,6.90882147313692,7.00808382842509,181
"183",2016,8,5.93181818181818,11,6.65625,4,NA,4.66666666666667,6.40625,8,3,0,3,8,2150,1177,973,200,580,1570,6.97593810697674,7.48167373831776,6.36416951695786,6.4929,6.89722412068966,7.00501715923566,182
"184",2016,9,7.59230769230769,13,8.25,7.3,6.33333333333333,8,7.47,4,9,3,3,10,2163,1181,982,203,583,1580,6.97964259361997,7.48427602878916,6.37274637474541,6.49054187192118,6.90289878216123,7.00796008860759,183
"185",2016,10,7.69230769230769,13,8,7.2,NA,8,7.55555555555556,8,5,0,4,9,2176,1189,987,203,587,1589,6.98390024356618,7.48774599663583,6.37693712259372,6.49054187192118,6.91037477001704,7.01106163624921,184
"186",2016,11,6.4,13,6.32,6.66666666666667,NA,7,6.29090909090909,10,3,0,2,11,2189,1199,990,203,589,1600,6.98043258565555,7.47800666388657,6.37781509090909,6.49054187192118,6.91067910016978,7.00611058749999,185
"187",2016,12,6.2,11,9,5.15,7,7.125,5.67142857142857,3,8,1,4,7,2200,1202,998,204,593,1607,6.97653042272727,7.48180531613977,6.36797288577154,6.49303921568628,6.91212477234401,7.00029678904791,186
"188",2017,1,7.53333333333333,15,7.86363636363636,6.625,6.5,6.25,7.73076923076923,11,4,1,2,13,2215,1213,1002,205,595,1620,6.98030109706546,7.48526792250618,6.36899894211577,6.49307317073171,6.90989914285714,7.00615860493827,187
"189",2017,2,6.71875,16,7.66666666666667,5.5,5.66666666666667,5.25,6.92857142857143,9,7,3,2,14,2231,1222,1009,208,597,1634,6.97842533841327,7.4866039198036,6.36297020812686,6.48115384615385,6.90433834170854,7.00549384332925,188
"190",2017,3,5.61538461538461,13,7,5.2,5,4.66666666666667,5.9,3,10,1,3,10,2244,1225,1019,209,600,1644,6.97052893493761,7.48541223673469,6.35155735034347,6.47406698564593,6.89314998333333,6.99876942822384,189
"191",2017,4,7.27272727272727,11,7.91666666666667,6.5,7,5.66666666666667,7.875,6,5,2,3,8,2255,1231,1024,211,603,1652,6.97200307317073,7.48751420796101,6.35228216796875,6.47905213270142,6.88704807628524,7.00301267554479,190
"192",2017,5,6.752,20,7.00363636363636,6.44444444444444,7.5,6.50666666666667,6.85714285714286,11,9,2,6,14,2275,1242,1033,213,609,1666,6.97006898021978,7.48322865539452,6.35308513068732,6.48863849765258,6.88330047619048,7.0017868787515,191
"193",2017,6,6.22727272727273,11,7.5,5.5,NA,6,6.27777777777778,4,7,0,2,9,2286,1246,1040,213,611,1675,6.966494720035,7.48328249598716,6.34734321153846,6.48863849765258,6.88040914893617,6.99789668059701,192
"194",2017,7,7.87692307692308,13,8.48888888888889,6.5,NA,9,7.54,9,4,0,3,10,2299,1255,1044,213,614,1685,6.97164285776425,7.49049401593625,6.34792810344827,6.48863849765258,6.89076545602606,7.00111391097922,193
"195",2017,8,6.75833333333333,12,8,5.87142857142857,5.5,7.375,6.45,5,7,2,4,8,2311,1260,1051,215,618,1693,6.97053523582865,7.49251586507936,6.34475446241674,6.47944186046512,6.89389966019417,6.99850971057294,194
"196",2017,9,6.47,10,6.4625,6.5,6.5,7.2,6.38888888888889,8,2,1,1,9,2321,1268,1053,216,619,1702,6.96837868591125,7.48601734227129,6.34504932573599,6.47953703703704,6.89439416801292,6.9952860987074,195
"197",2017,10,6.3125,16,7.16666666666667,5.8,4.5,6.4,6.27272727272727,6,10,4,5,11,2337,1274,1063,220,624,1713,6.96388828840394,7.48451333594976,6.33992186265287,6.44354545454545,6.89043267628205,6.99064619964973,196
"198",2017,11,7.9,10,8.125,7,NA,8.25,7.8125,8,2,0,2,8,2347,1282,1065,220,626,1721,6.9678768342565,7.48851013260531,6.34116144600939,6.44354545454545,6.89477634185303,6.99446655432887,197
"199",2017,12,7.0452380952381,21,7.36333333333333,6.25,6,6.75,7.11470588235294,15,6,1,4,17,2368,1297,1071,221,630,1738,6.96856289273649,7.48706244410177,6.34065073762838,6.44153846153846,6.89385712698413,6.99564265822784,198
"200",2018,1,7.31235294117647,17,7.30090909090909,7.33333333333333,NA,NA,7.31235294117647,11,6,0,0,17,2385,1308,1077,221,630,1755,6.97101338784067,7.48549693425077,6.34618100278551,6.44153846153846,6.89385712698413,6.9987105071225,199
"201",2018,2,6.63636363636364,11,6.75,6.57142857142857,6.66666666666667,NA,6.63636363636364,4,7,3,0,11,2396,1312,1084,224,630,1766,6.96947701585977,7.48325456554878,6.34763555350553,6.44455357142857,6.89385712698413,6.99645353340883,200
"202",2018,3,7.07142857142857,7,7.25,6,NA,7.75,6.8,6,1,0,2,5,2403,1318,1085,224,632,1771,6.96977400332917,7.48219270864947,6.34731515207373,6.44455357142857,6.89656643987342,6.99589889328063,201
"203",2018,4,6.57142857142857,7,7,6,NA,10,6,4,3,0,1,6,2410,1322,1088,224,633,1777,6.96861698340249,7.48073372919819,6.34635748161764,6.44455357142857,6.90146917851501,6.99253626336522,202
"204",2018,5,7.70666642857143,14,8.54916625,6.58333333333333,7.25,7.75,7.69944416666667,8,6,2,2,12,2424,1330,1094,226,635,1789,6.97287964521452,7.48716039097744,6.34765716636197,6.4516814159292,6.90414171653543,6.99727795975405,203
"205",2018,6,6.2,7,7.4,6,7,6,6.28,1,6,1,2,5,2431,1331,1100,227,637,1794,6.9706541587824,7.48709490608565,6.34576085454545,6.45409691629956,6.90130296703297,6.99527885730211,204
"206",2018,7,6.89090909090909,11,7.13333333333333,6.6,6,7,6.88,6,5,2,1,10,2442,1337,1105,229,638,1804,6.97029494676495,7.4855073448018,6.34691125791855,6.45013100436681,6.9014576645768,6.99463983924612,205
"207",2018,8,7.45,10,8.5,6.4,NA,8.5,7.1875,5,5,0,2,8,2452,1342,1110,229,640,1812,6.97225132952692,7.48928712369598,6.34715039639639,6.45013100436681,6.906453109375,6.99549131898454,206
"208",2018,9,7.33333333333333,3,7.5,7,NA,NA,7.33333333333333,2,1,0,0,3,2455,1344,1111,229,640,1815,6.97269257026477,7.48930306547619,6.34773801980198,6.45013100436681,6.906453109375,6.99604973553719,207
"209",2018,10,6.2,10,5.88888888888889,9,9,7.5,5.875,9,1,1,2,8,2465,1353,1112,230,642,1823,6.9695579148073,7.47865729490022,6.35012314748201,6.46121739130435,6.90830216510903,6.99113015359297,208
"210",2018,11,7.18181818181818,11,7.375,6.66666666666667,6,7.25,7.16666666666667,8,3,1,2,9,2476,1361,1115,231,644,1832,6.97050091276252,7.47804799412197,6.35097483408072,6.45922077922078,6.90936333850932,6.99199250545851,209
"211",2018,12,7.4375,4,7.4375,NA,NA,8,6.875,4,0,0,2,2,2480,1365,1115,231,646,1834,6.97125413709678,7.47792917216117,6.35097483408072,6.45922077922078,6.91273992260062,6.99186492366412,210
"212",2019,1,6.8,5,7.66666666666667,5.5,NA,NA,6.8,3,2,0,0,5,2485,1368,1117,231,646,1839,6.97090956136821,7.47834307017544,6.34945115487914,6.45922077922078,6.91273992260062,6.99134326808047,211
"213",2019,2,6.83333333333333,12,7.14285714285714,6.4,NA,NA,6.83333333333333,7,5,0,0,12,2497,1375,1122,231,646,1851,6.9702484020825,7.47663514181818,6.3496764171123,6.45922077922078,6.91273992260062,6.99031889249054,212
"214",2019,3,6.472,10,7.66666666666667,5.96,4.7,5.66666666666667,6.81714285714286,3,7,3,3,7,2507,1378,1129,234,649,1858,6.96826097327483,7.47704885341074,6.34726035429583,6.43666666666667,6.90697995377504,6.98966645317545,213
"215",2019,4,6.66666666666667,6,7,5,NA,NA,6.66666666666667,5,1,0,0,6,2513,1383,1130,234,649,1864,6.9675408913649,7.475324164859,6.34606808849557,6.43666666666667,6.90697995377504,6.98862675429184,214
"216",2019,5,7.85,4,8,7.7,NA,7.9,7.83333333333333,2,2,0,1,3,2517,1385,1132,234,650,1867,6.96894328963051,7.47608181949458,6.34846019434629,6.43666666666667,6.90850767692308,6.98998407605784,215
"217",2019,6,6.58461538461538,13,6.65714285714286,6.5,7,7,6.50909090909091,7,6,2,2,11,2530,1392,1138,236,652,1878,6.96696848221344,7.47196359195402,6.34925917398945,6.4414406779661,6.90878832822086,6.98716734291799,216
"218",2019,7,7.5,8,7.3,7.83333333333333,NA,NA,7.5,5,3,0,0,8,2538,1397,1141,236,652,1886,6.96864864460205,7.47134811739442,6.35316120946538,6.4414406779661,6.90878832822086,6.98934266702014,217
"219",2019,8,5.59615384615385,13,6.85,4.8125,4,6.41666666666667,5.35,5,8,1,3,10,2551,1402,1149,237,655,1896,6.96165435515484,7.46913218259629,6.34243423846823,6.43113924050633,6.90653433587786,6.9806963449367,218
"220",2019,9,7.16666666666667,12,8.125,6.6875,7,6,7.27272727272727,4,8,2,1,11,2563,1406,1157,239,656,1907,6.96261422551697,7.47099809388336,6.34482017286085,6.43589958158996,6.90515242378049,6.98238084425799,219
"221",2019,10,7.08333333333333,9,7.79166666666667,5.66666666666667,6,NA,7.08333333333333,6,3,1,0,9,2572,1412,1160,240,656,1916,6.96303664852255,7.4723607082153,6.34306632758621,6.43408333333333,6.90515242378049,6.98285504697286,220
"222",2019,11,6.55555555555556,9,6.92857142857143,5.25,NA,NA,6.55555555555556,7,2,0,0,9,2581,1419,1162,240,656,1925,6.96161575358388,7.46967816772375,6.34118497418244,6.43408333333333,6.90515242378049,6.98085728311688,221
"223",2019,12,6.92307692307692,13,7.22222222222222,6.25,6.5,7.33333333333333,6.8,9,4,2,3,10,2594,1428,1166,242,659,1935,6.96142261372398,7.46811857142857,6.34087216123499,6.43462809917355,6.90710165402124,6.97992262015504,222
"224",2020,1,7.07,10,7.24285714285714,6.66666666666667,NA,7,7.0875,7,3,0,2,8,2604,1435,1169,242,661,1943,6.96183957757297,7.46701973519164,6.34170824636441,6.43462809917355,6.90738273827534,6.98036555326814,223
"225",2020,2,6.27777777777778,9,6.5,5.5,5.5,NA,6.27777777777778,7,2,2,0,9,2613,1442,1171,244,661,1952,6.95948345197092,7.46232546463246,6.34027065755764,6.42696721311475,6.90738273827534,6.97712616290983,224
"226",2020,3,5.78571428571429,7,6.33333333333333,5.375,NA,7,5.58333333333333,3,4,0,1,6,2620,1445,1175,244,662,1958,6.95634742748092,7.45998153633218,6.33698462978723,6.42696721311475,6.90752264350453,6.97285509193054,225
"227",2020,4,7.45454545454545,11,7.8,7.16666666666667,6.75,10,7.2,5,6,4,1,10,2631,1450,1181,248,663,1968,6.95843035347777,7.4611540137931,6.34119977984758,6.43217741935484,6.91218701357466,6.97400928353658,226
"228",2020,5,6.625,12,7.21428571428571,5.8,5.5,6.33333333333333,6.72222222222222,7,5,2,3,9,2643,1457,1186,250,666,1977,6.95691648127128,7.45996796156486,6.3389181618887,6.42472,6.90957956456456,6.97286306019221,227
"229",2020,6,6.3125,8,7,5.9,7,7,6.21428571428571,3,5,1,1,7,2651,1460,1191,251,667,1984,6.95497180686534,7.45902282191781,6.33707551637279,6.42701195219124,6.90971512743628,6.97018662802419,228
"230",2020,7,7.1,5,7.625,5,NA,5.75,8,4,1,0,2,3,2656,1464,1192,251,669,1987,6.95524482680723,7.45947631147541,6.33595380872483,6.42701195219124,6.90624811659193,6.97174145445395,229
"231",2020,8,6.82222222222222,9,7.35,6.4,5.66666666666667,6.66666666666667,6.9,4,5,3,3,6,2665,1468,1197,254,672,1993,6.95479559474672,7.45917801089918,6.33622133667502,6.41803149606299,6.90517855654762,6.97152547415955,230
"232",2020,9,7.1,5,7.25,6.5,NA,8,6.875,4,1,0,1,4,2670,1472,1198,254,673,1997,6.95506751310862,7.4586095923913,6.33635804674457,6.41803149606299,6.90680533432392,6.9713321331998,231
"233",2020,10,7.49230769230769,13,7.5,7.48888888888889,6.75,6.75,7.62727272727273,4,9,2,2,11,2683,1476,1207,256,675,2008,6.95767061498323,7.45872176151762,6.34495189726595,6.420625,6.90634072592592,6.97492543326693,232
"234",2020,11,6.6,5,7.5,6,NA,NA,6.6,2,3,0,0,5,2688,1478,1210,256,675,2013,6.95700530505953,7.45877761840325,6.3440966446281,6.420625,6.90634072592592,6.9739941728763,233
"235",2020,12,6.05555555555556,9,6.75,5.5,6,5.75,6.14285714285714,4,5,1,2,7,2697,1482,1215,257,677,2020,6.95399713014461,7.45686458839406,6.34062299588477,6.41898832684825,6.90292465288035,6.9711139950495,234
"236",2021,1,7.08333333333333,12,7.9,6.5,6,7.5,7.04545454545455,5,7,1,1,11,2709,1487,1222,258,678,2031,6.95457004798819,7.45835462004035,6.34153595744681,6.41736434108527,6.90380529498525,6.9715166272772,235
"237",2021,2,7.00769230769231,13,7.41428571428571,6.53333333333333,7,6,7.09166666666667,7,6,1,1,12,2722,1494,1228,259,679,2043,6.95482375459221,7.45814813922356,6.34247307817589,6.4196138996139,6.90247421207658,6.97222235438081,236
"238",2021,3,6.72,15,7.25714285714286,6.25,7,7,6.7,7,8,1,1,14,2737,1501,1236,260,680,2057,6.95353681402996,7.457210739507,6.34187454692556,6.42184615384615,6.90261763235294,6.9703696013612,237
"239",2021,4,7.55714285714286,7,8.33333333333333,6.975,7,7.9,7.5,3,4,1,1,6,2744,1504,1240,261,681,2063,6.95507662536443,7.45895832446809,6.34391688709677,6.42406130268199,6.90408221732746,6.97190997091614,238
"240",2021,5,7.5,6,7.5,7.5,7,7,7.6,4,2,1,1,5,2750,1508,1242,262,682,2068,6.95626554909091,7.45906718832891,6.34577853462158,6.42625954198473,6.90422285923754,6.97342856382978,239
"241",2021,6,9,2,9,NA,NA,10,8,2,0,0,1,1,2752,1510,1242,262,683,2069,6.95775082122093,7.4611081589404,6.34577853462158,6.42625954198473,6.90875547584187,6.97392473175447,240
"242",2021,7,6.28571428571429,7,6.25,6.33333333333333,NA,4.75,6.9,4,3,0,2,5,2759,1514,1245,262,685,2074,6.9560457629576,7.4579084015852,6.34574854618474,6.42625954198473,6.90245254014598,6.97374651398264,241
"243",2021,8,7.75384615384615,13,7.86666666666667,7.5,NA,4,8.43636363636364,9,4,0,2,11,2772,1523,1249,262,687,2085,6.95978725108225,7.46032391332896,6.34944510808647,6.42625954198473,6.89400289665211,6.98146295923261,242
"244",2021,9,7.66142857142857,7,8.1575,7,NA,4,8.27166666666667,4,3,0,1,6,2779,1527,1252,262,688,2091,6.96155460957179,7.46215017681729,6.3510039456869,6.42625954198473,6.88979649709302,6.98516512195121,243
"245",2021,10,7.0625,8,7.7,6,5,5.5,7.58333333333333,5,3,1,2,6,2787,1532,1255,263,690,2097,6.96184437029064,7.46292644908616,6.35016489243028,6.42083650190114,6.88576810144927,6.98687661897949,244
"246",2021,11,6.67555555555556,9,7.995,5.62,NA,8,6.29714285714286,4,5,0,2,7,2796,1536,1260,263,692,2104,6.96092283977111,7.46431205729167,6.34726741269841,6.42083650190114,6.88898842485549,6.98458187737642,245
"247",2021,12,6.41666666666667,6,5,6.7,7,7,6.3,1,5,1,1,5,2802,1537,1265,264,693,2109,6.95975740899358,7.46270873129473,6.34866161264822,6.4230303030303,6.88914861471861,6.98295887624466,246
"248",2022,1,7.06666666666667,15,7.22222222222222,6.83333333333333,7,7,7.07692307692308,9,6,3,2,13,2817,1546,1271,267,695,2122,6.96032668086617,7.46130874514877,6.35094959874115,6.42951310861423,6.88946761151079,6.98353452874646,247
"249",2022,2,6.90909090909091,11,6.8125,7.16666666666667,NA,NA,6.90909090909091,8,3,0,0,11,2828,1554,1274,267,695,2133,6.9601273903819,7.45796867438867,6.35287043956044,6.42951310861423,6.88946761151079,6.98315061884669,248
"250",2022,3,6.8,10,7.21428571428571,5.83333333333333,NA,8,6.66666666666667,7,3,0,1,9,2838,1561,1277,267,696,2142,6.95956316420014,7.45687592568866,6.35164991386061,6.42951310861423,6.89106320402299,6.98182085434173,249
"251",2022,4,6.2725,4,7,6.03,NA,4.89,6.73333333333333,1,3,0,1,3,2842,1562,1280,267,697,2145,6.95859615059817,7.45658343149808,6.350896046875,6.42951310861423,6.88819223816356,6.98147331934732,250
"252",2022,5,7.75,8,8.5,7,5,8,7.66666666666667,4,4,1,2,6,2850,1566,1284,268,699,2151,6.96081763508772,7.45924860791826,6.35291817757009,6.42417910447761,6.89137337625179,6.98338459786146,251
"253",2022,6,7.875,8,7.83333333333333,8,7,NA,7.875,6,2,1,0,8,2858,1572,1286,269,699,2159,6.9633765780266,7.46067641221374,6.35547973561431,6.42631970260223,6.89137337625179,6.98668840666975,252
"254",2022,7,7.25,4,8.33333333333333,4,4,NA,7.25,3,1,1,0,4,2862,1575,1287,270,699,2163,6.96377716981132,7.46233861587301,6.35364952602952,6.41733333333333,6.89137337625179,6.98717534442903,253
"255",2022,8,6.4375,8,6.8,5.83333333333333,NA,7,6.35714285714286,5,3,0,1,7,2870,1580,1290,270,700,2170,6.96231019512195,7.46024260759494,6.35243948837209,6.41733333333333,6.89152855714286,6.98514298156682,254
"256",2022,9,8.16666666666667,6,7.8,10,NA,8,8.2,5,1,0,1,5,2876,1585,1291,270,701,2175,6.96482276077886,7.46131439747634,6.35526486444616,6.41733333333333,6.89310982881598,6.98793575632184,255
"257",2022,10,7.07142857142857,7,7.75,3,3,7.5,6.75,6,1,1,3,4,2883,1591,1292,271,704,2179,6.9650816024974,7.46240309239472,6.35266791021672,6.40472324723247,6.89569600852273,6.98749897659476,256
"258",2022,11,7.328,5,8.54666666666667,5.5,NA,8,6.88,3,2,0,2,3,2888,1594,1294,271,706,2182,6.96570992382272,7.46444373902133,6.3513500309119,6.40472324723247,6.89882434844193,6.98735117781851,257
"259",2022,12,6,4,5,6.33333333333333,6,NA,6,1,3,1,0,4,2892,1595,1297,272,706,2186,6.96437422544952,7.46289863322884,6.35130835774865,6.40323529411765,6.89882434844193,6.9855444967978,258
