"","year","month","avg_rating","no_ratings","avg_rating_owned","avg_rating_not_owned","avg_rating_prev_owned","avg_rating_comment","avg_rating_no_comment","no_ratings_owned","no_ratings_not_owned","no_ratings_prev_owned","no_ratings_comment","no_ratings_no_comment","cum_no_ratings","cum_no_ratings_owned","cum_no_ratings_not_owned","cum_no_ratings_prev_owned","cum_no_ratings_comment","cum_no_ratings_no_comment","cum_avg_rating","cum_avg_rating_owned","cum_avg_rating_not_owned","cum_avg_rating_prev_owned","cum_avg_rating_comment","cum_avg_rating_no_comment","month_after_release"
"1",2005,10,7.5,2,NA,7.5,NA,8,7,0,2,0,1,1,2,0,2,0,1,1,7.5,NA,7.5,NA,8,7,-1
"2",2005,11,7.66666666666667,6,9.5,5.83333333333333,7.25,6.5,10,3,3,2,4,2,8,3,5,2,5,3,7.625,9.5,6.5,7.25,6.8,9,0
"3",2005,12,8.5,4,8.66666666666667,8,NA,8.5,8.5,3,1,0,2,2,12,6,6,2,7,5,7.91666666666667,9.08333333333333,6.75,7.25,7.28571428571429,8.8,1
"4",2006,1,7.9625,8,8.33333333333333,7.74,NA,7.425,8.5,3,5,0,4,4,20,9,11,2,11,9,7.935,8.83333333333333,7.2,7.25,7.33636363636364,8.66666666666667,2
"5",2006,2,7.92857142857143,7,8.33333333333333,7.625,NA,6.5,8.5,3,4,0,2,5,27,12,15,2,13,14,7.93333333333333,8.70833333333333,7.31333333333333,7.25,7.20769230769231,8.60714285714286,3
"6",2006,3,7.125,4,7.25,7,NA,NA,7.125,2,2,0,0,4,31,14,17,2,13,18,7.82903225806452,8.5,7.27647058823529,7.25,7.20769230769231,8.27777777777778,4
"7",2006,4,7.41666666666667,6,8.16666666666667,6.66666666666667,NA,8.16666666666667,6.66666666666667,3,3,0,3,3,37,17,20,2,16,21,7.76216216216216,8.44117647058824,7.185,7.25,7.3875,8.04761904761905,5
"8",2006,5,7.58571428571429,14,9.16666666666667,7.15454545454545,7.5,7.25,7.72,3,11,2,4,10,51,20,31,4,20,31,7.71372549019608,8.55,7.1741935483871,7.375,7.36,7.94193548387097,6
"9",2006,6,7.72222222222222,9,7.7,7.75,8.5,8.25,7.57142857142857,5,4,1,2,7,60,25,35,5,22,38,7.715,8.38,7.24,7.6,7.44090909090909,7.87368421052632,7
"10",2006,7,7.41666666666667,6,7.625,7,NA,7,7.625,4,2,0,2,4,66,29,37,5,24,42,7.68787878787879,8.27586206896552,7.22702702702703,7.6,7.40416666666667,7.85,8
"11",2006,8,7.45454545454545,11,8.6,6.5,NA,7.25,8,5,6,0,8,3,77,34,43,5,32,45,7.65454545454545,8.32352941176471,7.12558139534884,7.6,7.365625,7.86,9
"12",2006,9,7.27272727272727,11,7.83333333333333,6.6,NA,7.33333333333333,7.2,6,5,0,6,5,88,40,48,5,38,50,7.60681818181818,8.25,7.07083333333333,7.6,7.36052631578947,7.794,10
"13",2006,10,7.66666666666667,12,7.66666666666667,7.66666666666667,NA,7.7,7.64285714285714,6,6,0,5,7,100,46,54,5,43,57,7.614,8.17391304347826,7.13703703703704,7.6,7.4,7.77543859649123,11
"14",2006,11,7.64,5,7.85,7.5,7.5,7.5,7.85,2,3,2,3,2,105,48,57,7,46,59,7.6152380952381,8.16041666666667,7.15614035087719,7.57142857142857,7.40652173913043,7.77796610169491,12
"15",2006,12,7.83333333333333,6,8.66666666666667,7,7,10,7.4,3,3,2,1,5,111,51,60,9,47,64,7.62702702702703,8.19019607843137,7.14833333333333,7.44444444444444,7.46170212765957,7.7484375,13
"16",2007,1,8.17142857142857,7,8.44,7.5,7,8.55,7.66666666666667,5,2,1,4,3,118,56,62,10,51,67,7.65932203389831,8.2125,7.15967741935484,7.4,7.54705882352941,7.74477611940299,14
"17",2007,2,7.96894166666667,6,7.75,8.406825,NA,9,7.76273,4,2,0,1,5,124,60,64,10,52,72,7.67430362903226,8.18166666666667,7.19865078125,7.4,7.575,7.74602291666667,15
"18",2007,3,7.40727272727273,11,7.5,7.33,NA,7.5,7.38666666666667,5,6,0,2,9,135,65,70,10,54,81,7.65254555555556,8.12923076923077,7.20990928571429,7.4,7.57222222222222,7.70609444444445,16
"19",2007,4,7.81818181818182,11,8.78571428571429,6.125,NA,8.0625,7.16666666666667,7,4,0,8,3,146,72,74,10,62,84,7.665025,8.19305555555555,7.15126554054054,7.4,7.63548387096774,7.68682916666667,17
"20",2007,5,7.875,12,8.25,7.5,NA,7.875,7.875,6,6,0,4,8,158,78,80,10,66,92,7.68097246835443,8.1974358974359,7.177420625,7.4,7.65,7.70319184782609,18
"21",2007,6,7.95833333333333,12,7.66666666666667,8.05555555555556,NA,7.75,8.0625,3,9,0,4,8,170,81,89,10,70,100,7.70055088235294,8.17777777777778,7.26622078651685,7.4,7.65571428571429,7.7319365,19
"22",2007,7,7,6,8,5,NA,7,7,4,2,0,4,2,176,85,91,10,74,102,7.67666846590909,8.16941176470588,7.21641373626374,7.4,7.62027027027027,7.71758480392157,20
"23",2007,8,6.8,5,8.5,6.375,NA,6.8,NA,1,4,0,5,0,181,86,95,10,79,102,7.65245110497238,8.17325581395349,7.18098578947368,7.4,7.56835443037975,7.71758480392157,21
"24",2007,9,8.02222222222222,9,8.84,7,7,7.64,8.5,5,4,1,5,4,190,91,99,11,84,106,7.66996657894737,8.20989010989011,7.17367323232323,7.36363636363636,7.57261904761905,7.74710990566038,22
"25",2007,10,7.78125,16,8.64285714285714,7.11111111111111,7,8.27777777777778,7.14285714285714,7,9,1,9,7,206,98,108,12,93,113,7.67860995145631,8.24081632653061,7.16845972222222,7.33333333333333,7.64086021505376,7.70967831858407,23
"26",2007,11,7.90909090909091,11,8.5,7.2,NA,8.875,7.35714285714286,6,5,0,4,7,217,104,113,12,97,120,7.69029331797235,8.25576923076923,7.16985530973451,7.33333333333333,7.69175257731959,7.68911375,24
"27",2007,12,6.92857142857143,7,8.125,5.33333333333333,NA,6.5,7.1,4,3,0,2,5,224,108,116,12,99,125,7.66648950892857,8.25092592592592,7.12235905172414,7.33333333333333,7.66767676767677,7.6655492,25
"28",2008,1,7.5,12,7.25,7.625,7,7.33333333333333,7.55555555555556,4,8,1,3,9,236,112,124,13,102,134,7.65802394067797,8.21517857142857,7.1547875,7.30769230769231,7.6578431372549,7.65816156716418,26
"29",2008,2,7.20833333333333,18,8.41666666666667,6.60416666666667,7.75,7.61363636363636,6.57142857142857,6,12,1,11,7,254,118,136,14,113,141,7.6261561023622,8.22542372881356,7.10620330882353,7.33928571428571,7.65353982300885,7.60421028368794,27
"30",2008,3,6.88333333333333,15,8.25,6.38636363636364,7,6.55,7.05,4,11,1,5,10,269,122,147,15,118,151,7.58473475836431,8.22622950819672,7.05233775510204,7.31666666666667,7.60677966101695,7.56750761589404,28
"31",2008,4,7.82272727272727,11,8.2,7.50833333333333,8.55,8.06875,7.16666666666667,5,6,1,8,3,280,127,153,16,126,154,7.59408446428572,8.2251968503937,7.07021993464052,7.39375,7.63611111111111,7.55969902597403,29
"32",2008,5,7.715,18,8.64285714285714,7.12454545454545,8.25,8.03125,7.462,7,11,1,8,10,298,134,164,17,134,164,7.60138808724832,8.24701492537313,7.07386371951219,7.44411764705882,7.65970149253731,7.55374176829268,30
"33",2008,6,8.55357142857143,14,8.63636363636364,8.25,NA,8.25,8.72222222222222,11,3,0,5,9,312,145,167,17,139,173,7.64411426282051,8.27655172413793,7.09499191616766,7.44411764705882,7.68093525179856,7.61452976878613,31
"34",2008,7,8.23333333333333,15,8.27272727272727,8.125,9.5,8.3125,8.14285714285714,11,4,1,8,7,327,156,171,18,147,180,7.67114266055046,8.27628205128205,7.11908567251462,7.55833333333333,7.71530612244898,7.63507583333333,32
"35",2008,8,7.7125,12,8.5625,7.2875,7.76666666666667,7.85,7.61428571428571,4,8,3,5,7,339,160,179,21,152,187,7.67260663716814,8.2834375,7.1266125698324,7.58809523809524,7.71973684210526,7.63429759358289,33
"36",2008,9,7.2,19,8.0375,6.59090909090909,9.5,6.9,7.30714285714286,8,11,1,5,14,358,168,190,22,157,201,7.64752416201117,8.27172619047619,7.09559815789474,7.675,7.69363057324841,7.61151069651741,34
"37",2008,10,7.56428571428571,14,8.16666666666667,7.1125,6,7.72,7.47777777777778,6,8,1,5,9,372,174,198,23,162,210,7.64439153225807,8.26810344827586,7.09628106060606,7.60217391304348,7.69444444444444,7.60577928571429,35
"38",2008,11,7.57692307692308,13,8.16666666666667,7.07142857142857,8,7.58333333333333,7.57142857142857,6,7,1,6,7,385,180,205,24,168,217,7.64211337662338,8.26472222222222,7.09543243902439,7.61875,7.69047619047619,7.60467119815668,36
"39",2008,12,7.32619047619048,21,8.21666666666667,6.13888888888889,NA,6.88888888888889,7.65416666666667,12,9,0,9,12,406,192,214,24,177,229,7.62577253694581,8.26171875,7.05520397196262,7.61875,7.64971751412429,7.60726484716157,37
"40",2009,1,8.11538461538461,13,9.05555555555556,6,NA,8.64285714285714,7.5,9,4,0,7,6,419,201,218,24,184,235,7.64096336515513,8.29726368159204,7.03584243119266,7.61875,7.6875,7.60452617021277,38
"41",2009,2,7.28148148148148,27,8.5,6.76842105263158,7.61666666666667,7.45555555555556,7.19444444444444,8,19,6,9,18,446,209,237,30,193,253,7.61920100896861,8.30502392344497,7.01440358649789,7.61833333333333,7.67668393782383,7.57535039525692,39
"42",2009,3,7.7125,32,8.56666666666667,6.95882352941176,7.1,8.5,7.3,15,17,2,11,21,478,224,254,32,204,274,7.6254469665272,8.32254464285714,7.01068366141732,7.5859375,7.72107843137255,7.55424689781022,40
"43",2009,4,7.12631578947368,38,7.875,6.78076923076923,9,6.83333333333333,7.26153846153846,12,26,2,12,26,516,236,280,34,216,300,7.58868924418605,8.29978813559322,6.98933446428571,7.66911764705882,7.67175925925926,7.52887883333333,41
"44",2009,5,7.58125,32,8.24615384615385,7.12631578947368,7.66666666666667,7.6625,7.5,13,19,3,16,16,548,249,299,37,232,316,7.58825483576643,8.29698795180723,6.9980389632107,7.66891891891892,7.67112068965517,7.52741661392405,42
"45",2009,6,8.315,20,8.48181818181818,8.11111111111111,8.66666666666667,8.2,8.34375,11,9,3,4,16,568,260,308,40,236,332,7.61384445422535,8.30480769230769,7.0305637987013,7.74375,7.68008474576271,7.56675798192771,43
"46",2009,7,8.025,20,8.34615384615385,7.42857142857143,7,9.125,7.75,13,7,3,4,16,588,273,315,43,240,348,7.6278293367347,8.30677655677655,7.03940841269841,7.69186046511628,7.70416666666667,7.57518290229885,44
"47",2009,8,8.35294117647059,17,8.41666666666667,8.31818181818182,7.5,8.33333333333333,8.36363636363636,6,11,2,6,11,605,279,326,45,246,359,7.64820438016529,8.30913978494623,7.08255720858896,7.68333333333333,7.71951219512195,7.59934164345404,45
"48",2009,9,7.13870967741935,31,7.53333333333333,6.76875,6,7.05555555555556,7.17272727272727,15,16,1,9,22,636,294,342,46,255,381,7.62337051886793,8.26955782312925,7.06787616959064,7.64673913043478,7.69607843137255,7.57470774278215,46
"49",2009,10,7.55882352941176,17,8,7.31818181818182,7.66666666666667,8.1875,7,6,11,3,8,9,653,300,353,49,263,390,7.62169012251149,8.26416666666666,7.07567606232295,7.64795918367347,7.71102661596958,7.56144525641026,47
"50",2009,11,8.36451612903226,31,8.73076923076923,8.1,NA,8.95454545454546,8.04,13,18,0,11,20,684,313,371,49,274,410,7.6553562134503,8.28354632587859,7.12537371967655,7.64795918367347,7.76094890510949,7.5847893902439,48
"51",2009,12,8.14516129032258,31,8.73076923076923,7.72222222222222,7.66666666666667,8.16666666666667,8.13636363636364,13,18,3,9,22,715,326,389,52,283,432,7.67659251748252,8.30138036809816,7.15299138817481,7.64903846153846,7.77385159010601,7.61287881944444,49
"52",2010,1,7.2551724137931,29,8.22222222222222,6.82,6.5,7.83333333333333,7.10434782608696,9,20,3,6,23,744,335,409,55,289,455,7.66016619623656,8.29925373134328,7.13670819070905,7.58636363636364,7.77508650519031,7.58717285714286,50
"53",2010,2,8.125,26,8.609375,7.35,8.33333333333333,7.82142857142857,8.23684210526316,16,10,3,7,19,770,351,419,58,296,474,7.67586188311688,8.31339031339031,7.14179868735084,7.625,7.77618243243243,7.61321445147679,51
"54",2010,3,7.3675,20,8.0625,6.90416666666667,7.75,6.43333333333333,7.76785714285714,8,12,1,6,14,790,359,431,59,302,488,7.66805525316456,8.30779944289694,7.13518248259861,7.6271186440678,7.74950331125828,7.61765092213115,52
"55",2010,4,7.71428571428571,14,9,7.36363636363636,7.75,8,7.55555555555556,3,11,2,5,9,804,362,442,61,307,497,7.66886026119403,8.31353591160221,7.14086798642534,7.63114754098361,7.75358306188925,7.61652645875252,53
"56",2010,5,7.22631578947368,19,8.23,6.11111111111111,5,6.83333333333333,7.40769230769231,10,9,1,6,13,823,372,451,62,313,510,7.65864356014581,8.31129032258065,7.12031851441242,7.58870967741935,7.73594249201278,7.61120323529412,54
"57",2010,6,8.2875,16,9.25,7.325,8,7.76666666666667,8.6,8,8,2,6,10,839,380,459,64,319,520,7.67063605482718,8.33105263157895,7.12388594771242,7.6015625,7.73652037617555,7.63021855769231,55
"58",2010,7,7.81818181818182,11,8.6,7.16666666666667,7,9.25,7.5,5,6,1,2,9,850,385,465,65,321,529,7.67254547058824,8.33454545454545,7.12443795698925,7.59230769230769,7.74595015576324,7.62800311909263,56
"59",2010,8,7.76041666666667,24,8.81818181818182,6.86538461538461,NA,8.275,7.39285714285714,11,13,0,10,14,874,396,478,65,331,543,7.67495840961099,8.3479797979798,7.11739257322176,7.59230769230769,7.7619335347432,7.62194042357275,57
"60",2010,9,7.7075,20,8.365,7.05,7.25,7.91428571428571,7.59615384615385,10,10,2,7,13,894,406,488,67,338,556,7.67568640939598,8.34839901477832,7.11601157786885,7.58208955223881,7.76508875739645,7.6213375,58
"61",2010,10,8.12941176470588,17,8.87222222222222,7.29375,6,8.64285714285714,7.77,9,8,1,7,10,911,415,496,68,345,566,7.68415329308452,8.35975903614458,7.1188783266129,7.55882352941176,7.78289855072464,7.6239640459364,59
"62",2010,11,8.3125,32,8.60714285714286,8.08333333333333,8.25,8.6875,8.1875,14,18,4,8,24,943,429,514,72,353,590,7.70547576882291,8.36783216783217,7.1526530155642,7.59722222222222,7.80339943342776,7.64688754237288,60
"63",2010,12,7.81153846153846,26,8.5,7.38125,9,7.72857142857143,7.84210526315789,10,16,1,7,19,969,439,530,73,360,609,7.70832162022704,8.37084282460136,7.15955405660377,7.61643835616438,7.80194444444444,7.65297807881773,61
"64",2011,1,7.72083333333333,24,8.58888888888889,7.2,NA,7.3125,7.925,9,15,0,8,16,993,448,545,73,368,625,7.70862401812689,8.37522321428571,7.16066724770642,7.61643835616438,7.79130434782609,7.65994184,62
"65",2011,2,8.1008,25,8.82,7.53571428571429,7.5,8.5775,7.87647058823529,11,14,1,8,17,1018,459,559,74,376,642,7.7182550589391,8.38588235294118,7.17006019677996,7.61486486486486,7.80803191489362,7.66567546728972,63
"66",2011,3,7.8675,20,8.43181818181818,7.17777777777778,6,8.75,7.646875,11,9,1,4,16,1038,470,568,75,380,658,7.72113068400771,8.38695744680851,7.17018248239437,7.59333333333333,7.81794736842105,7.66521831306991,64
"67",2011,4,7.68823529411765,17,9.12,7.09166666666667,7,6.53333333333333,7.93571428571429,5,12,1,3,14,1055,475,580,76,383,672,7.72060061611375,8.39467368421053,7.16855801724138,7.58552631578947,7.80788511749347,7.67085364583333,65
"68",2011,5,8.05882352941176,17,8.2,7.9,9,8.525,7.91538461538462,9,8,2,4,13,1072,484,588,78,387,685,7.72596422574627,8.39105371900826,7.17850960884354,7.62179487179487,7.81529715762274,7.67549437956204,66
"69",2011,6,7.90625,16,9,7.54166666666667,8.33333333333333,7.9,7.90909090909091,4,12,3,5,11,1088,488,600,81,392,696,7.72861548713235,8.39604508196721,7.18577275,7.64814814814815,7.81637755102041,7.67918627873563,67
"70",2011,7,7.59411764705882,17,9,7.16153846153846,7,7.76666666666667,7.5,4,13,1,6,11,1105,492,613,82,398,707,7.72654628959276,8.40095528455285,7.1852588091354,7.64024390243902,7.81562814070352,7.67639837340877,68
"71",2011,8,6.97272727272727,11,8.3,6.475,7,7.5,6.85555555555556,3,8,1,2,9,1116,495,621,83,400,716,7.71911617383513,8.40034343434343,7.17610893719807,7.63253012048193,7.81405,7.66608051675978,69
"72",2011,9,7.7952380952381,21,8.3,7.24,7.5,7,7.92777777777778,11,10,2,3,18,1137,506,631,85,403,734,7.72052211961302,8.39816205533597,7.17712147385103,7.62941176470588,7.80799007444169,7.67249816076294,70
"73",2011,10,8.055,20,9.325,7.20833333333333,7.5,8.1875,7.96666666666667,8,12,2,8,12,1157,514,643,87,411,746,7.72630393258427,8.41258754863813,7.17770396578538,7.6264367816092,7.81537712895377,7.67723009383378,71
"74",2011,11,7.512,25,8.61,6.78,7,8.26,7.325,10,15,3,5,20,1182,524,658,90,416,766,7.72177127749577,8.41635496183206,7.16863776595745,7.60555555555556,7.82072115384615,7.66803348563969,72
"75",2011,12,7.61481481481481,27,8.27142857142857,6.90769230769231,7,7.85714285714286,7.53,14,13,3,7,20,1209,538,671,93,423,786,7.71938267162945,8.41258364312268,7.16358219076006,7.58602150537634,7.82132387706856,7.66452118320611,73
"76",2012,1,7.38636363636364,22,9,6.63333333333333,7.25,7.5,7.36111111111111,7,15,4,4,18,1231,545,686,97,427,804,7.71343107229895,8.42012844036697,7.15198782798834,7.57216494845361,7.81831381733021,7.65772842039801,74
"77",2012,2,7.25,23,8.625,6.76470588235294,8,7.63888888888889,7,6,17,4,9,14,1254,551,703,101,436,818,7.70493114035088,8.42235934664247,7.14262254623044,7.58910891089109,7.81461009174312,7.64647145476773,75
"78",2012,3,7.59285714285714,14,8.5125,6.36666666666667,NA,8.625,7.18,8,6,0,4,10,1268,559,709,101,440,828,7.70369373028391,8.42364937388193,7.13605592383639,7.58910891089109,7.82197727272727,7.6408377415459,76
"79",2012,4,8.21923076923077,26,8.57692307692308,7.86153846153846,NA,8,8.27142857142857,13,13,0,5,21,1294,572,722,101,445,849,7.71405227975271,8.42713286713287,7.14911862880886,7.58910891089109,7.82397752808989,7.65643539458186,77
"80",2012,5,7.95454545454545,22,9.0625,7.32142857142857,6.75,8.3,7.85294117647059,8,14,2,5,17,1316,580,736,103,450,866,7.71807268237082,8.43589655172414,7.15239626358696,7.57281553398058,7.82926666666667,7.66029289838337,78
"81",2012,6,7.73333333333333,12,8.375,7.4125,NA,6.5,7.98,4,8,0,2,10,1328,584,744,103,452,876,7.71821057981928,8.4354794520548,7.15519307795699,7.57281553398058,7.82338495575221,7.66394252283105,79
"82",2012,7,7.68111111111111,18,8.66666666666667,7.484,7.66666666666667,8.375,7.48285714285714,3,15,3,4,14,1346,587,759,106,456,890,7.71771445022288,8.43666098807496,7.16169123847167,7.57547169811321,7.82822368421053,7.66109398876405,80
"83",2012,8,7.42,15,8.125,7.16363636363636,7.5,7,7.57272727272727,4,11,1,4,11,1361,591,770,107,460,901,7.71443324761205,8.43455160744501,7.16171902597403,7.57476635514019,7.82102173913043,7.66001514983352,81
"84",2012,9,7.55952380952381,21,8.275,6.90909090909091,5,6.16666666666667,8.11666666666667,10,11,3,6,15,1382,601,781,110,466,916,7.71207934153401,8.43189683860233,7.15816088348271,7.50454545454545,7.79972103004292,7.66749306768559,82
"85",2012,10,8.08571428571429,14,8.45714285714286,7.71428571428571,NA,8.4,8,7,7,0,3,11,1396,608,788,110,469,927,7.71582639684814,8.4321875,7.1631010786802,7.50454545454545,7.80356076759062,7.67143867313916,83
"86",2012,11,7.04545454545455,22,8.28571428571429,6.46666666666667,5,6.1,7.32352941176471,7,15,1,5,17,1418,615,803,111,474,944,7.70542570521862,8.43052032520326,7.15009171855542,7.48198198198198,7.78559071729958,7.66517335805085,84
"87",2012,12,7.31052631578947,19,8.11111111111111,6.59,6,7,7.39333333333333,9,10,2,4,15,1437,624,813,113,478,959,7.7002043493389,8.42591346153847,7.14320252152521,7.45575221238938,7.77901673640167,7.66092142857143,85
"88",2013,1,6.98181818181818,11,7.8,6.9,7.5,7.45,6.71428571428571,1,10,2,4,7,1448,625,823,115,482,966,7.69474699585636,8.42491200000001,7.14024744835966,7.45652173913043,7.77628630705394,7.6540617494824,86
"89",2013,2,7.59565217391304,23,8.4,7.16666666666667,8,7.875,7.53684210526316,8,15,1,4,19,1471,633,838,116,486,985,7.69319758667573,8.42459715639811,7.14072034606205,7.46120689655172,7.7770987654321,7.65180065989848,87
"90",2013,3,7.76818181818182,22,8.03076923076923,7.38888888888889,9,7.98571428571429,7.66666666666667,13,9,2,7,15,1493,646,847,118,493,1000,7.69430251172137,8.41667182662539,7.14335731995277,7.48728813559322,7.78006085192698,7.65202365,88
"91",2013,4,7.45238095238095,21,8.67857142857143,6.83928571428571,7.8125,7.125,7.58333333333333,7,14,4,6,15,1514,653,861,122,499,1015,7.69094692866579,8.41947932618683,7.13841306620209,7.49795081967213,7.77218436873747,7.65100852216749,89
"92",2013,5,8.11538461538461,13,8.5,7.5,NA,8.875,7.77777777777778,8,5,0,4,9,1527,661,866,122,503,1024,7.69456034708579,8.42045385779123,7.14050075057737,7.49795081967213,7.78095427435388,7.65212270507813,90
"93",2013,6,7.6,15,8.75,6.83333333333333,6,9.5,7.46428571428571,6,9,1,1,14,1542,667,875,123,504,1038,7.69364049935149,8.42341829085458,7.13734131428571,7.48577235772358,7.78436507936508,7.64958925818883,91
"94",2013,7,7.93333333333333,15,8.14285714285714,7.75,NA,8.125,7.86363636363636,7,8,0,4,11,1557,674,883,123,508,1049,7.69594967886962,8.42050445103858,7.14289201585504,7.48577235772358,7.78704724409449,7.65183379408961,92
"95",2013,8,8.71428571428571,14,9.6875,7.41666666666667,NA,10,8.61538461538461,8,6,0,1,13,1571,682,889,123,509,1062,7.70502460216423,8.43536656891496,7.14473976377953,7.48577235772358,7.79139489194499,7.66362867231638,93
"96",2013,9,8.32352941176471,17,9.35714285714286,7.6,8.5,8,8.42307692307692,7,10,2,4,13,1588,689,899,125,513,1075,7.71164587531486,8.44473149492018,7.14980383759733,7.502,7.79302144249513,7.67281269767442,94
"97",2013,10,7.82352941176471,17,8.55,6.78571428571429,NA,8,7.7,10,7,0,7,10,1605,699,906,125,520,1085,7.71283093457944,8.44623748211732,7.14699078366446,7.502,7.79580769230769,7.6730632718894,95
"98",2013,11,6.72666666666667,15,8.2,6.35833333333333,8.2,6.95714285714286,6.525,3,12,3,7,8,1620,702,918,128,527,1093,7.70369978395062,8.44518518518519,7.13668153594771,7.518359375,7.7846679316888,7.66466024702653,96
"99",2013,12,6.68888888888889,18,8.66666666666667,6.29333333333333,7.225,6.5,6.78333333333333,3,15,4,6,12,1638,705,933,132,533,1105,7.69254801587302,8.44612765957448,7.12312288317256,7.5094696969697,7.77020637898687,7.6550892760181,97
"100",2014,1,8.00869565217391,23,8.92727272727273,7.16666666666667,8.5,7,8.05454545454545,11,12,1,1,22,1661,716,945,133,534,1127,7.69692573750753,8.45351955307263,7.12367582010582,7.51691729323308,7.76876404494382,7.66288700088731,98
"101",2014,2,7.28392857142857,28,8.3,7.06304347826087,7,7.83333333333333,7.13409090909091,5,23,3,6,22,1689,721,968,136,540,1149,7.69007912966252,8.45245492371707,7.12223517561983,7.50551470588235,7.76948148148148,7.65276209747607,99
"102",2014,3,7.81363636363636,11,9.15,6.7,7,7.425,8.03571428571429,5,6,1,4,7,1700,726,974,137,544,1156,7.69087861764706,8.45725895316805,7.119634137577,7.50182481751825,7.76694852941176,7.65508101211073,100
"103",2014,4,7.26666666666667,12,8.45,7.03,7,7,7.29090909090909,2,10,1,1,11,1712,728,984,138,545,1167,7.68790516939253,8.45723901098902,7.11872322154472,7.4981884057971,7.76554128440367,7.65164837189375,101
"104",2014,5,7.83157894736842,19,8.42857142857143,7.48333333333333,7,NA,7.83157894736842,7,12,2,0,19,1731,735,996,140,545,1186,7.68948217793183,8.45696598639456,7.12311611445783,7.49107142857143,7.76554128440367,7.65453090219225,102
"105",2014,6,6.35,5,8.75,5.75,NA,NA,6.35,1,4,0,0,5,1736,736,1000,140,545,1191,7.68562422235023,8.45736413043479,7.11762365,7.49107142857143,7.76554128440367,7.64905428211587,103
"106",2014,7,8.05555555555556,9,8.75,7.85714285714286,8,7.5,8.21428571428571,2,7,1,2,7,1745,738,1007,141,547,1198,7.68753217765043,8.45815718157182,7.12276429990069,7.49468085106383,7.76457038391225,7.65235696994992,104
"107",2014,8,7.75,10,8.25,7.41666666666667,NA,7.75,7.75,4,6,0,4,6,1755,742,1013,141,551,1204,7.68788811965812,8.45703504043127,7.12450508390918,7.49468085106383,7.76446460980036,7.65284356312293,105
"108",2014,9,7.40909090909091,11,9,7.05555555555556,7.75,8,7.27777777777778,2,9,2,2,9,1766,744,1022,143,553,1213,7.68615155719139,8.45849462365592,7.1238978962818,7.49825174825175,7.7653164556962,7.65006071723001,106
"109",2014,10,7.75333333333333,15,8.66666666666667,7.14444444444444,7.25,7.3,7.98,6,9,2,5,10,1781,750,1031,145,558,1223,7.6867173778776,8.46016000000001,7.12407725509214,7.4948275862069,7.76114695340502,7.65275850367948,107
"110",2014,11,7.68235294117647,17,8,7.50909090909091,7,6,7.7875,6,11,1,1,16,1798,756,1042,146,559,1239,7.68667611234705,8.45650793650794,7.12814169865643,7.49143835616438,7.75799642218247,7.65449850686037,108
"111",2014,12,8.6,5,10,8.25,9,9,8.5,1,4,1,1,4,1803,757,1046,147,560,1243,7.68920890183028,8.45854689564069,7.13243178776291,7.50170068027211,7.76021428571428,7.65721934835077,109
"112",2015,1,7.97142857142857,14,8.66666666666667,7.78181818181818,8.5,7.125,8.31,3,11,2,4,10,1817,760,1057,149,564,1253,7.69138340671437,8.45936842105264,7.13918982970672,7.51510067114094,7.75570921985816,7.66242909018356,110
"113",2015,2,7.14285714285714,21,8.75,6.15384615384615,6.5,8.07142857142857,6.67857142857143,8,13,2,7,14,1838,768,1070,151,571,1267,7.68511624047878,8.46239583333334,7.12721836448598,7.50165562913907,7.75957968476357,7.65155773480663,111
"114",2015,3,7.95,10,8.7,7.2,7,7.5,8.14285714285714,5,5,3,3,7,1848,773,1075,154,574,1274,7.68654959415585,8.46393272962485,7.12755688372093,7.49188311688312,7.75822299651568,7.65425718210361,112
"115",2015,4,7.63461538461539,13,8.3,6.57,NA,6.9375,7.94444444444444,8,5,0,4,9,1861,781,1080,154,578,1283,7.68618680816765,8.46225352112677,7.12497560185185,7.49188311688312,7.75254325259515,7.65629279033515,113
"116",2015,5,6.91666666666667,6,8.33333333333333,5.5,7,NA,6.91666666666667,3,3,1,0,6,1867,784,1083,155,578,1289,7.68371379217997,8.46176020408164,7.1204742843952,7.48870967741935,7.75254325259515,7.65285,114
"117",2015,6,8.33333333333333,12,9.33333333333333,7.33333333333333,8.5,7,8.45454545454546,6,6,2,1,11,1879,790,1089,157,579,1300,7.68786250665248,8.46837974683545,7.12164706152434,7.5015923566879,7.75124352331606,7.65963357692308,115
"118",2015,7,8.33333333333333,6,9,8,9,9,8.2,2,4,1,1,5,1885,792,1093,158,580,1305,7.68991705570292,8.46972222222223,7.12486152790485,7.51107594936709,7.75339655172414,7.66170394636016,116
"119",2015,8,8.125,8,8.66666666666667,7.8,NA,8.5,8.07142857142857,3,5,0,1,7,1893,795,1098,158,581,1312,7.691755758056,8.47046540880504,7.12793592896175,7.51107594936709,7.75468158347676,7.66388997713415,117
"120",2015,9,7.5,9,9,6.75,NA,6.5,7.78571428571429,3,6,0,2,7,1902,798,1104,158,583,1319,7.69084839642482,8.47245614035088,7.12588192934783,7.51107594936709,7.75037735849056,7.66453650492798,118
"121",2015,10,8.33333333333333,9,8.33333333333333,8.33333333333333,NA,7.5,8.4375,6,3,0,1,8,1911,804,1107,158,584,1327,7.6938742281528,8.47141791044777,7.12915415537489,7.51107594936709,7.74994863013699,7.66919642049736,119
"122",2015,11,7.975,20,8.58333333333333,7.71428571428571,9,8.41666666666667,7.78571428571429,6,14,2,6,14,1931,810,1121,160,590,1341,7.6967859399275,8.47224691358025,7.13646177520071,7.5296875,7.75672881355932,7.67041286353468,120
"123",2015,12,8.10909090909091,11,8.4625,7.16666666666667,6,8.14,8.08333333333333,8,3,1,5,6,1942,818,1124,161,595,1347,7.69912134397529,8.47215158924206,7.13654239323844,7.52018633540373,7.75994957983193,7.67225215293244,121
"124",2016,1,7.81176470588235,17,8.48,6.85714285714286,NA,7.75,7.83076923076923,10,7,0,4,13,1959,828,1131,161,599,1360,7.70009885145483,8.4722463768116,7.13481312997348,7.52018633540373,7.75988313856427,7.67376738970588,122
"125",2016,2,7.83666666666667,15,8.7625,7.5,NA,6.66666666666667,8.12916666666667,4,11,0,3,12,1974,832,1142,161,602,1372,7.70113660081054,8.47364182692308,7.13833069176883,7.52018633540373,7.75443521594684,7.67775047376093,123
"126",2016,3,8.2,19,8.78,7.55555555555556,7.33333333333333,7.45,8.4,10,9,3,4,15,1993,842,1151,164,606,1387,7.70589244857,8.47728028503563,7.14159309296264,7.51676829268293,7.75242574257426,7.68556139149243,124
"127",2016,4,8.225,8,9.2,7.25,NA,7.5,8.46666666666667,4,4,0,2,6,2001,846,1155,164,608,1393,7.70796784107946,8.48069739952719,7.14196852813853,7.51676829268293,7.75159539473684,7.68892580760948,125
"128",2016,5,8.015,20,8.5375,7.66666666666667,7.75,7.58333333333333,8.2,8,12,2,6,14,2021,854,1167,166,614,1407,7.71100625927759,8.48122950819673,7.14736388174807,7.51957831325301,7.74995114006515,7.69401112295665,126
"129",2016,6,8.87777777777778,9,9.1,8.6,NA,9.125,8.68,5,4,0,4,5,2030,859,1171,166,618,1412,7.71617913793103,8.48483119906869,7.15232591801879,7.51957831325301,7.75885113268608,7.69750258498583,127
"130",2016,7,7.96153846153846,13,8.7,7.5,7,7.75,8.05555555555556,5,8,3,4,9,2043,864,1179,169,622,1421,7.7177404062653,8.4860763888889,7.15468502968617,7.5103550295858,7.75879421221865,7.69977033779029,128
"131",2016,8,7.55941176470588,17,8.14285714285714,7.151,8,8,7.531875,7,10,1,1,16,2060,871,1189,170,623,1437,7.71643381067961,8.48331802525833,7.15465403700589,7.51323529411765,7.75918138041733,7.6979009394572,129
"132",2016,9,7.7875,8,8.25,7.325,NA,NA,7.7875,4,4,0,0,8,2068,875,1193,170,623,1445,7.71670872823984,8.48225142857144,7.15522518860017,7.51323529411765,7.75918138041733,7.69839698961938,130
"133",2016,10,8.182,25,8.70909090909091,7.76785714285714,7,8.07142857142857,8.225,11,14,2,7,18,2093,886,1207,172,630,1463,7.72226643573817,8.4850677200903,7.16233111019055,7.50726744186047,7.76265079365079,7.70487604237867,131
"134",2016,11,8.23214285714286,28,8.67857142857143,7.78571428571429,7.75,7.5,8.35416666666667,14,14,2,4,24,2121,900,1221,174,634,1487,7.7289974776049,8.48807777777779,7.16947882882883,7.51005747126437,7.76099369085173,7.71535551445864,132
"135",2016,12,7.50689655172414,29,8.05625,6.83076923076923,9,5.88,7.84583333333333,16,13,2,5,24,2150,916,1234,176,639,1511,7.72600169767442,8.48053493449782,7.16591057536467,7.52698863636364,7.74627543035994,7.71742796161482,133
"136",2017,1,7.61046511627907,43,8.63636363636364,6.53571428571429,4.66666666666667,8.34285714285714,7.46805555555556,22,21,3,7,36,2193,938,1255,179,646,1547,7.7237362745098,8.48418976545843,7.15536545816733,7.47905027932961,7.75273993808049,7.71162485455721,134
"137",2017,2,8.10656688888889,45,8.5558204,7.545,7.5,8.1625,8.09447324324324,25,20,1,8,37,2238,963,1275,180,654,1584,7.73143394101877,8.48604933541018,7.16147737254902,7.47916666666667,7.75775229357798,7.72056765151515,135
"138",2017,3,8.244,55,8.61875,7.72260869565217,7.875,8.17142857142857,8.25458333333333,32,23,4,7,48,2293,995,1298,184,661,1632,7.74372837331007,8.49031709547739,7.17142037750385,7.48777173913043,7.76213313161876,7.73627399509804,136
"139",2017,4,7.59791666666667,48,8.46111111111111,7.08,6.225,7.16666666666667,7.6974358974359,18,30,4,9,39,2341,1013,1328,188,670,1671,7.74073864160615,8.48979813425469,7.16935515813253,7.46090425531915,7.75413432835821,7.73536754039497,137
"140",2017,5,7.93333333333333,42,8.57727272727273,7.225,8.75,7.875,7.94705882352941,22,20,4,8,34,2383,1035,1348,192,678,1705,7.74413309274024,8.49165749758455,7.17018074925816,7.48776041666667,7.7555604719764,7.73958895014663,138
"141",2017,6,8.02589743589744,39,8.6755,7.34210526315789,7,8.0025,8.02857142857143,20,19,3,4,35,2422,1055,1367,195,682,1740,7.7486701734104,8.49514266350712,7.17257033650329,7.48025641025641,7.75700879765396,7.74540181609195,139
"142",2017,7,8.01162790697674,43,8.73214285714286,6.66666666666667,9.5,8.38888888888889,7.91176470588235,28,15,2,9,34,2465,1083,1382,197,691,1774,7.75325726572008,8.50127009233611,7.16707934153401,7.5007614213198,7.76523878437048,7.74859028184893,140
"143",2017,8,7.88292682926829,41,8.56,7.23809523809524,7.5,8.25,7.79393939393939,20,21,2,8,33,2506,1103,1403,199,699,1807,7.75537875498803,8.5023350045331,7.16814230220955,7.50075376884422,7.77078683834048,7.74941846153846,141
"144",2017,9,7.72758620689655,29,8.49166666666667,7.18823529411765,7.73333333333333,9.475,7.448,12,17,3,4,25,2535,1115,1420,202,703,1832,7.75506081262327,8.50222018834081,7.16838285211268,7.50420792079208,7.78048364153627,7.74530521834061,142
"145",2017,10,8.01488888888889,45,8.58478260869565,7.41909090909091,7.83333333333333,8.24545454545455,7.94029411764706,23,22,6,11,34,2580,1138,1442,208,714,1866,7.75959269767442,8.50388884885765,7.17220780166435,7.51370192307692,7.78764705882353,7.74885807073955,143
"146",2017,11,7.87875,40,8.71666666666667,6.95263157894737,7.75,7.83333333333333,7.88676470588235,21,19,4,6,34,2620,1159,1461,212,720,1900,7.76141189312977,8.50774418464194,7.1693522587269,7.51816037735849,7.78802777777778,7.75132587368421,144
"147",2017,12,7.91577777777778,45,8.42217391304348,7.38636363636364,4,7.04545454545455,8.19735294117647,23,22,1,11,34,2665,1182,1483,213,731,1934,7.76401844652908,8.50607911167513,7.17257157788267,7.50164319248826,7.776853625171,7.75916709410548,145
"148",2018,1,8.2225,40,8.94782608695652,7.24117647058824,8,8.7,8.15428571428571,23,17,4,5,35,2705,1205,1500,217,736,1969,7.77079821072089,8.5145107966805,7.1733491,7.51082949308756,7.783125,7.76619053326562,146
"149",2018,2,8.27307692307692,39,8.80526315789474,7.7675,7.1,7.6,8.30945945945946,19,20,2,2,37,2744,1224,1520,219,738,2006,7.77793701166181,8.51902410947713,7.181166875,7.50707762557078,7.78262872628726,7.77621094715852,147
"150",2018,3,8.1015,40,8.83473684210526,7.43809523809524,7.875,8.23333333333333,8.09081081081081,19,21,4,3,37,2784,1243,1541,223,741,2043,7.78258590517241,8.5238499678198,7.18466817001947,7.51367713004484,7.78445344129554,7.78190854625551,148
"151",2018,4,7.81571428571429,35,8.64166666666667,6.94117647058824,NA,8,7.79193548387097,18,17,0,4,31,2819,1261,1558,223,745,2074,7.78299721887194,8.52553172878668,7.18201132862644,7.51367713004484,7.78561073825503,7.78205841851495,149
"152",2018,5,8.02702702702703,37,8.69444444444444,7.39473684210526,8.33333333333333,8.16666666666667,8,18,19,3,6,31,2856,1279,1577,226,751,2105,7.78615866946779,8.52790892103206,7.18457428662017,7.52455752212389,7.788655126498,7.78526800950119,150
"153",2018,6,7.34615384615385,26,9,6.73684210526316,10,6.33333333333333,7.65,7,19,1,6,20,2882,1286,1596,227,757,2125,7.78218916030534,8.5304786236392,7.17924414160401,7.53546255506608,7.77712021136063,7.78399489882353,151
"154",2018,7,8.11333333333333,30,8.8,7.42666666666667,7.5,7.64,8.35,15,15,2,10,20,2912,1301,1611,229,767,2145,7.78560067307692,8.5335860953113,7.18154788950962,7.53515283842795,7.77533246414602,7.78927233566433,152
"155",2018,8,7.86538461538461,26,8.36363636363636,7.5,4,7.55,8.00555555555556,11,15,1,8,18,2938,1312,1626,230,775,2163,7.78630672566372,8.53216121189025,7.1844856396064,7.51978260869565,7.7730064516129,7.79107219602404,153
"156",2018,9,8.21212121212121,33,8.73809523809524,7.29166666666667,7,8.78571428571429,8.05769230769231,21,12,3,7,26,2971,1333,1638,233,782,2189,7.79103640525076,8.53540548387097,7.18527084859585,7.51309012875537,7.78207161125319,7.79423899497487,154
"157",2018,10,8.15454545454545,33,9.20833333333333,7.55238095238095,8.06,8.875,8.0551724137931,12,21,5,4,29,3004,1345,1659,238,786,2218,7.7950296804261,8.54140930111524,7.1899178119349,7.52457983193277,7.78763358778626,7.79765065825067,155
"158",2018,11,8.39,25,8.96538461538461,7.76666666666667,6,7.925,8.53684210526316,13,12,3,6,19,3029,1358,1671,241,792,2237,7.79994029712776,8.54546797496318,7.19405963494913,7.50560165975104,7.78867424242424,7.80392899418864,156
"159",2018,12,8.25161290322581,31,8.64,7.54545454545455,6.75,8.43333333333333,8.208,20,11,2,6,25,3060,1378,1682,243,798,2262,7.80451606535948,8.54683999274311,7.19635769916766,7.49938271604938,7.79352130325814,7.8083948541114,157
"160",2019,1,8.41842105263158,38,9,7.77222222222222,7.25,7.58888888888889,8.67586206896552,20,18,6,9,29,3098,1398,1700,249,807,2291,7.81204621045836,8.55332296852647,7.20245508823529,7.4933734939759,7.79123915737298,7.81937545176778,158
"161",2019,2,8.37096774193548,31,8.71428571428571,7.65,8.75,8.3125,8.39130434782609,21,10,2,8,23,3129,1419,1710,251,815,2314,7.81758362416107,8.55570508104299,7.20507230994152,7.50338645418327,7.79635582822086,7.82506013828868,159
"162",2019,3,8.11414634146341,41,8.65,7.60380952380952,7.9,8.83333333333333,7.99085714285714,20,21,5,6,35,3170,1439,1731,256,821,2349,7.82141929337539,8.55701564280751,7.20990967648758,7.5111328125,7.80393422655298,7.82753050659855,160
"163",2019,4,8.51764705882353,17,8.57272727272727,8.41666666666667,7,9.2,8.23333333333333,11,6,1,5,12,3187,1450,1737,257,826,2361,7.82513309068089,8.55713483448276,7.21407809441566,7.5091439688716,7.81238498789346,7.82959303684879,161
"164",2019,5,8.0741935483871,31,8.53846153846154,7.73888888888889,8.23333333333333,8.52857142857143,7.94166666666667,13,18,3,7,24,3218,1463,1755,260,833,2385,7.82753236793039,8.5569689063568,7.21946076923077,7.5175,7.81840336134453,7.83072082180293,162
"165",2019,6,8.271875,32,8.66111111111111,7.77142857142857,8.3,8.58888888888889,8.14782608695652,18,14,3,9,23,3250,1481,1769,263,842,2408,7.83190743384615,8.55823464550979,7.22382908422838,7.52642585551331,7.82663895486936,7.83374965116279,163
"166",2019,7,7.60416666666667,24,8.47727272727273,6.86538461538461,7.25,7,7.6304347826087,11,13,2,1,23,3274,1492,1782,265,843,2431,7.83023798411729,8.55763774128686,7.2212141694725,7.52433962264151,7.82565836298932,7.83182606334841,164
"167",2019,8,8.10277777777778,36,8.55263157894737,7.6,6.66666666666667,8.5625,7.97142857142857,19,17,3,8,28,3310,1511,1799,268,851,2459,7.83320216314199,8.55757479152879,7.22479357976654,7.51473880597015,7.83258519388954,7.83341568117121,165
"168",2019,9,7.86375,40,9.03461538461539,7.3,4.5,7.58888888888889,7.94354838709677,13,27,2,9,31,3350,1524,1826,270,860,2490,7.83356691343284,8.56164403543307,7.22590561336254,7.49240740740741,7.83003488372093,7.83478681124498,166
"169",2019,10,8.012,25,8.79230769230769,7.16666666666667,NA,8,8.01304347826087,13,12,0,2,23,3375,1537,1838,270,862,2513,7.83488864,8.56359499674691,7.22551885201306,7.49240740740741,7.83042923433874,7.83641828889773,167
"170",2019,11,7.94878048780488,41,8.555,7.37142857142857,7,7.58333333333333,8.01142857142857,20,21,1,6,35,3416,1557,1859,271,868,2548,7.8362556088993,8.56348459216442,7.22716710597095,7.49059040590406,7.82872119815668,7.83882227629513,168
"171",2019,12,7.7,26,8.17272727272727,7.35333333333333,NA,7.71,7.69761904761905,11,15,0,5,21,3442,1568,1874,271,873,2569,7.83522636839047,8.56074330994898,7.22817697438634,7.49059040590406,7.8280412371134,7.83766802646944,169
"172",2020,1,7.69893617021277,47,8.24047619047619,7.26153846153846,6.5,7.86666666666667,7.67439024390244,21,26,2,6,41,3489,1589,1900,273,879,2610,7.83339041559186,8.55651070484581,7.2286335,7.48333333333333,7.82830489192264,7.83510312643678,170
"173",2020,2,8.22173913043478,23,9.14545454545454,7.375,NA,8,8.24285714285714,11,12,0,2,21,3512,1600,1912,273,881,2631,7.83593370159453,8.56055969375,7.22955211820084,7.48333333333333,7.82869466515323,7.83835771949829,171
"174",2020,3,8.39205882352941,34,8.7,8.20142857142857,8,8.21428571428571,8.43814814814815,13,21,1,7,27,3546,1613,1933,274,888,2658,7.8412659785674,8.56168351518909,7.24011052767718,7.48521897810219,7.83173423423423,7.84445039879609,172
"175",2020,4,7.33,20,8.64375,6.45416666666667,7,6.71666666666667,7.43823529411765,8,12,4,3,17,3566,1621,1945,278,891,2675,7.83839853056646,8.56208853177051,7.23526151670951,7.47823741007194,7.8279797979798,7.84186884485981,173
"176",2020,5,8.08931034482759,29,8.7375,7.29153846153846,8.3225,7.94875,8.14285714285714,16,13,4,8,21,3595,1637,1958,282,899,2696,7.84042257579972,8.56380299938912,7.23563516343207,7.49021276595745,7.82905450500556,7.84421333827893,174
"177",2020,6,7.86190476190476,21,8.25,7.62307692307692,8.4,7.375,7.97647058823529,8,13,4,4,17,3616,1645,1971,286,903,2713,7.8405473340708,8.56227690577507,7.23819058853374,7.50293706293706,7.82704318936877,7.84504207887947,175
"178",2020,7,8.06521739130435,23,8.66666666666667,7.40909090909091,5.9,7.46666666666667,8.27647058823529,12,11,2,6,17,3639,1657,1982,288,909,2730,7.84196734267656,8.56303289680144,7.23913907669021,7.49180555555556,7.82466446644664,7.84772863003663,176
"179",2020,8,8.274995,20,8.77776666666667,7.86363636363636,8.5,8.99998,8.03333333333333,9,11,2,5,15,3659,1666,1993,290,914,2745,7.84433426072697,8.56419292316926,7.24258587556448,7.49875862068966,7.83109398249453,7.84874286338798,177
"180",2020,9,8.28478260869565,23,8.7,7.96538461538462,8.6,NA,8.28478260869565,10,13,2,0,23,3682,1676,2006,292,914,2768,7.84708556762629,8.56500322792362,7.24727001495513,7.50630136986301,7.83109398249453,7.85236602601156,178
"181",2020,10,8.1321875,32,8.89285714285714,7.54055555555556,7.25,8.11857142857143,8.136,14,18,4,7,25,3714,1690,2024,296,921,2793,7.84954201938611,8.56771917751479,7.24987828557312,7.50283783783784,7.83327893593919,7.85490481919083,179
"182",2020,11,8.03,30,8.26,7.8,7.5,8.46666666666667,7.98148148148148,15,15,1,3,27,3744,1705,2039,297,924,2820,7.85098799679487,8.56501197067448,7.25392528200098,7.50282828282828,7.83533538961039,7.85611672340425,180
"183",2020,12,7.91666666666667,27,8.375,7.55,8.125,8.85,7.70454545454545,12,15,2,5,22,3771,1717,2054,299,929,2842,7.85145824980111,8.5636839895166,7.25608746348588,7.50698996655518,7.84079644779332,7.85494340605208,181
"184",2021,1,7.9015625,32,8.71388888888889,6.85714285714286,4.83333333333333,7.125,8.08076923076923,18,14,3,6,26,3803,1735,2068,302,935,2868,7.85187984748882,8.56524231123919,7.25338667794971,7.48043046357616,7.83620310160428,7.85699064156206,182
"185",2021,2,7.75909090909091,22,8.45,7.18333333333333,6.73333333333333,8.1,7.65882352941177,10,12,3,5,17,3825,1745,2080,305,940,2885,7.85134615947712,8.56458189684813,7.25298252403846,7.47308196721311,7.83760627659574,7.85582293240901,183
"186",2021,3,8.26470588235294,17,8.5625,8,7,9.5,7.88461538461539,8,9,2,4,13,3842,1753,2089,307,944,2898,7.85317518479958,8.56457239589275,7.25620088559119,7.47,7.84465031779661,7.85595209109731,184
"187",2021,4,8.2734375,32,9.00714285714286,7.70277777777778,7.45,8.5,8.23148148148148,14,18,2,5,27,3874,1767,2107,309,949,2925,7.85664663397006,8.56807889643463,7.26001597057428,7.46987055016181,7.84810316122234,7.85941851623932,185
"188",2021,5,7.91148148148148,27,8.70076923076923,7.17857142857143,NA,7.75857142857143,7.965,13,14,0,7,20,3901,1780,2121,309,956,2945,7.85702616252243,8.56904798314606,7.25947838283828,7.46987055016181,7.84744759414226,7.86013553820034,186
"189",2021,6,8.05,20,8.7,7.4,10,7.25,8.25,10,10,1,4,16,3921,1790,2131,310,960,2961,7.85801047181841,8.56977955865922,7.26013779915533,7.47803225806452,7.84495822916666,7.8622422019588,187
"190",2021,7,8.14444444444444,18,8.68571428571429,7.8,6.8,8.33333333333333,8.10666666666667,7,11,1,3,15,3939,1797,2142,311,963,2976,7.85931938563087,8.57023116861435,7.26291020074697,7.47585209003215,7.84647964693665,7.86347418010753,188
"191",2021,8,8.04,15,8.85714285714286,7.325,8,8.5,7.96923076923077,7,8,1,2,13,3954,1804,2150,312,965,2989,7.860004820435,8.57134446230598,7.26314123255814,7.47753205128205,7.84783409326425,7.86393414519906,189
"192",2021,9,7.61764705882353,17,8.2,7.375,6.9,7.66666666666667,7.60714285714286,5,12,5,3,14,3971,1809,2162,317,968,3003,7.85896727776379,8.57031808181315,7.26376209528215,7.46842271293376,7.84727262396694,7.86273698301698,190
"193",2021,10,7.66551724137931,29,8.27272727272727,7.29444444444444,6.66666666666667,6.8,7.84583333333333,11,18,3,5,24,4000,1820,2180,320,973,3027,7.857564765,8.56851945604395,7.26401543577982,7.46090625,7.84189095580678,7.86260296002643,191
"194",2021,11,8.12758620689655,29,8.38846153846154,7.915625,7.5,8.08333333333333,8.13269230769231,13,16,1,3,26,4029,1833,2196,321,976,3053,7.85950832961032,8.56724244953628,7.26876304644809,7.46102803738318,7.84263309426229,7.86490309859155,192
"195",2021,12,8.482,25,9.14642857142857,7.63636363636364,NA,9.5,8.39347826086957,14,11,0,2,23,4054,1847,2207,321,978,3076,7.86334707942772,8.57163259880888,7.27059521975532,7.46102803738318,7.84602239263803,7.86885538361508,193
"196",2022,1,8.22380952380952,42,8.7125,7.92307692307692,7,8.77142857142857,8.11428571428571,16,26,2,7,35,4096,1863,2233,323,985,3111,7.86704322753906,8.57284241009125,7.27819240931482,7.458173374613,7.85259888324873,7.87161657344905,194
"197",2022,2,8.01111111111111,18,8.28333333333333,7.875,NA,7,8.1375,6,12,0,2,16,4114,1869,2245,323,987,3127,7.86767356830335,8.57191300695559,7.28138247216036,7.458173374613,7.85087122593718,7.87297702590342,195
"198",2022,3,8.19090909090909,22,8.92,7.58333333333333,NA,9,8.11,10,12,0,2,20,4136,1879,2257,323,989,3147,7.86939290618955,8.57376551889303,7.28298788214444,7.458173374613,7.8531950455005,7.87448336828726,196
"199",2022,4,8.42086956521739,23,9.08307692307692,7.56,8,8.92857142857143,8.19875,13,10,2,7,16,4159,1892,2267,325,996,3163,7.87244266891079,8.57726501585624,7.28420981473313,7.46150769230769,7.86075291164658,7.87612366740436,197
"200",2022,5,7.65714285714286,35,8.9375,6.57894736842105,8,8.5,7.51666666666667,16,19,1,5,30,4194,1908,2286,326,1001,3193,7.87064593705293,8.58028585429769,7.27834805336833,7.46315950920245,7.86394595404595,7.87274637018478,198
"201",2022,6,8.07142857142857,21,8.66666666666667,7.625,6.75,8.08333333333333,8.06666666666667,9,12,2,6,15,4215,1917,2298,328,1007,3208,7.87164627758007,8.58069139801774,7.28015824630113,7.45881097560976,7.86525312810327,7.87365310473815,199
"202",2022,7,8.01333333333333,30,8.3375,7.64285714285714,6.5,8.14444444444444,7.95714285714286,16,14,2,9,21,4245,1933,2312,330,1016,3229,7.87264759952886,8.57867843248836,7.28235451989619,7.453,7.86772627952756,7.87419608547538,200
"203",2022,8,8.16777777777778,27,8.85,7.622,5.11,8.22875,8.14210526315789,12,15,3,8,19,4272,1945,2327,333,1024,3248,7.87451288857678,8.58035239588689,7.28454389772239,7.43189189189189,7.87054677734375,7.87576328817734,201
"204",2022,9,7.60433333333333,18,8.48888888888889,6.71977777777778,7,7,7.83676923076923,9,9,1,5,13,4290,1954,2336,334,1029,3261,7.87337926806527,8.57993112077789,7.28236800085616,7.43059880239521,7.86631671525753,7.87560783808648,202
"205",2022,10,8.08518518518519,27,8.325,7.89333333333333,7.45,8.06666666666667,8.09047619047619,12,15,2,6,21,4317,1966,2351,336,1035,3282,7.87470397498263,8.57837508138352,7.28626612079966,7.43071428571429,7.8674781642512,7.87698268129189,203
"206",2022,11,8.11805555555556,36,8.765625,7.6,6.66666666666667,7.83333333333333,8.175,16,20,3,6,30,4353,1982,2371,339,1041,3312,7.87671653112796,8.5798866851665,7.28891254744833,7.42395280235988,7.867281364073,7.87968211352657,204
"207",2022,12,8.45736842105263,19,8.91285714285714,8.19166666666667,8,8.91428571428571,8.19083333333333,7,12,1,7,12,4372,1989,2383,340,1048,3324,7.87923994967978,8.58105852689794,7.29345851867394,7.42564705882353,7.87427471374045,7.88080540312876,205
