"","year","month","avg_rating","no_ratings","avg_rating_owned","avg_rating_not_owned","avg_rating_prev_owned","avg_rating_comment","avg_rating_no_comment","no_ratings_owned","no_ratings_not_owned","no_ratings_prev_owned","no_ratings_comment","no_ratings_no_comment","cum_no_ratings","cum_no_ratings_owned","cum_no_ratings_not_owned","cum_no_ratings_prev_owned","cum_no_ratings_comment","cum_no_ratings_no_comment","cum_avg_rating","cum_avg_rating_owned","cum_avg_rating_not_owned","cum_avg_rating_prev_owned","cum_avg_rating_comment","cum_avg_rating_no_comment","month_after_release"
"1",2005,11,8,2,8,NA,NA,8,NA,2,0,0,2,0,2,2,0,0,2,0,8,8,NA,NA,8,NA,-13
"2",2005,12,7.5,2,8,7,7,8,7,1,1,1,1,1,4,3,1,1,3,1,7.75,8,7,7,8,7,-12
"3",2006,1,6.33333333333333,3,6,6.5,5,7,5,1,2,1,2,1,7,4,3,2,5,2,7.14285714285714,7.5,6.66666666666667,6,7.6,6,-11
"4",2006,2,5.5,2,5,6,NA,6,5,1,1,0,1,1,9,5,4,2,6,3,6.77777777777778,7,6.5,6,7.33333333333333,5.66666666666667,-10
"5",2006,3,7,1,7,NA,NA,NA,7,1,0,0,0,1,10,6,4,2,6,4,6.8,7,6.5,6,7.33333333333333,6,-9
"6",2006,4,7.5,2,8,7,NA,8,7,1,1,0,1,1,12,7,5,2,7,5,6.91666666666667,7.14285714285714,6.6,6,7.42857142857143,6.2,-8
"7",2006,5,6,1,6,NA,NA,NA,6,1,0,0,0,1,13,8,5,2,7,6,6.84615384615385,7,6.6,6,7.42857142857143,6.16666666666667,-7
"8",2006,6,6,2,6,NA,NA,NA,6,2,0,0,0,2,15,10,5,2,7,8,6.73333333333333,6.8,6.6,6,7.42857142857143,6.125,-6
"9",2006,7,5,1,NA,5,NA,NA,5,0,1,0,0,1,16,10,6,2,7,9,6.625,6.8,6.33333333333333,6,7.42857142857143,6,-5
"10",2006,8,6,6,8,5,NA,6,6,2,4,0,4,2,22,12,10,2,11,11,6.45454545454545,7,5.8,6,6.90909090909091,6,-4
"11",2006,9,5,1,5,NA,NA,5,NA,1,0,0,1,0,23,13,10,2,12,11,6.39130434782609,6.84615384615385,5.8,6,6.75,6,-3
"12",2006,10,5.5,2,6,5,NA,NA,5.5,1,1,0,0,2,25,14,11,2,12,13,6.32,6.78571428571429,5.72727272727273,6,6.75,5.92307692307692,-2
"13",2006,11,7,1,7,NA,NA,NA,7,1,0,0,0,1,26,15,11,2,12,14,6.34615384615385,6.8,5.72727272727273,6,6.75,6,-1
"14",2006,12,5.66666666666667,6,6,5.33333333333333,5,7,5.4,3,3,1,1,5,32,18,14,3,13,19,6.21875,6.66666666666667,5.64285714285714,5.66666666666667,6.76923076923077,5.84210526315789,0
"15",2007,1,6.11111111111111,9,6.33333333333333,6,5,6.25,6,3,6,1,4,5,41,21,20,4,17,24,6.19512195121951,6.61904761904762,5.75,5.5,6.64705882352941,5.875,1
"16",2007,2,7.125,4,7.3,6.6,NA,6.95,7.3,3,1,0,2,2,45,24,21,4,19,26,6.27777777777778,6.70416666666667,5.79047619047619,5.5,6.67894736842105,5.98461538461538,2
"17",2007,3,4.5,2,5,4,NA,4,5,1,1,0,1,1,47,25,22,4,20,27,6.20212765957447,6.636,5.70909090909091,5.5,6.545,5.94814814814815,3
"18",2007,4,6.5,3,6.5,NA,NA,6.75,6,3,0,0,2,1,50,28,22,4,22,28,6.22,6.62142857142857,5.70909090909091,5.5,6.56363636363636,5.95,4
"19",2007,5,5.66666666666667,3,4,6.5,NA,5.66666666666667,NA,1,2,0,3,0,53,29,24,4,25,28,6.18867924528302,6.53103448275862,5.775,5.5,6.456,5.95,5
"20",2007,6,5.66666666666667,3,6.5,4,NA,NA,5.66666666666667,2,1,0,0,3,56,31,25,4,25,31,6.16071428571429,6.52903225806452,5.704,5.5,6.456,5.92258064516129,6
"21",2007,7,5.875,4,NA,5.875,6,5.75,6,0,4,1,2,2,60,31,29,5,27,33,6.14166666666667,6.52903225806452,5.72758620689655,5.6,6.4037037037037,5.92727272727273,7
"22",2007,8,6.75,4,6.66666666666667,7,7,NA,6.75,3,1,1,0,4,64,34,30,6,27,37,6.1796875,6.54117647058824,5.77,5.83333333333333,6.4037037037037,6.01621621621622,8
"23",2007,9,6.28571428571429,7,6.75,6.1,NA,7.25,5.9,2,5,0,2,5,71,36,35,6,29,42,6.19014084507042,6.55277777777778,5.81714285714286,5.83333333333333,6.46206896551724,6.00238095238095,9
"24",2007,10,5.875,8,5,6,6,5.66666666666667,6.5,1,7,2,6,2,79,37,42,8,35,44,6.15822784810127,6.51081081081081,5.84761904761905,5.875,6.32571428571429,6.025,10
"25",2007,11,6.38888888888889,9,7.5,6.07142857142857,6,5.875,6.8,2,7,1,4,5,88,39,49,9,39,49,6.18181818181818,6.56153846153846,5.87959183673469,5.88888888888889,6.27948717948718,6.10408163265306,11
"26",2007,12,6,16,6.75,5.25,NA,6.33333333333333,5.92307692307692,8,8,0,3,13,104,47,57,9,42,62,6.15384615384615,6.5936170212766,5.79122807017544,5.88888888888889,6.28333333333333,6.06612903225806,12
"27",2008,1,6.56875,16,7.625,5.5125,6,6.625,6.55,8,8,2,4,12,120,55,65,11,46,74,6.20916666666667,6.74363636363636,5.75692307692308,5.90909090909091,6.31304347826087,6.1445945945946,13
"28",2008,2,6.46153846153846,13,7.07142857142857,5.75,NA,7.16666666666667,6.25,7,6,0,3,10,133,62,71,11,49,84,6.23383458646617,6.78064516129032,5.75633802816902,5.90909090909091,6.36530612244898,6.15714285714286,14
"29",2008,3,5.59375,8,6,5.53571428571429,5.5,5.25,5.8,1,7,2,3,5,141,63,78,13,52,89,6.19751773049645,6.76825396825397,5.73653846153846,5.84615384615385,6.30096153846154,6.13707865168539,15
"30",2008,4,6.55,10,7.125,6.16666666666667,6.33333333333333,6.5,6.58333333333333,4,6,3,4,6,151,67,84,16,56,95,6.22086092715232,6.78955223880597,5.7672619047619,5.9375,6.31517857142857,6.16526315789474,16
"31",2008,5,6.7,6,6.825,6.45,NA,6.6,6.75,4,2,0,2,4,157,71,86,16,58,99,6.23917197452229,6.79154929577465,5.78313953488372,5.9375,6.325,6.18888888888889,17
"32",2008,6,7.25,12,7.09090909090909,9,NA,7.25,7.25,11,1,0,4,8,169,82,87,16,62,107,6.31094674556213,6.83170731707317,5.82011494252874,5.9375,6.38467741935484,6.26822429906542,18
"33",2008,7,6.09090909090909,11,6.41666666666667,5.7,5,5.66666666666667,6.25,6,5,2,3,8,180,88,92,18,65,115,6.2975,6.80340909090909,5.81358695652174,5.83333333333333,6.35153846153846,6.26695652173913,19
"34",2008,8,6.1,5,6.25,6,6,6,6.125,2,3,1,1,4,185,90,95,19,66,119,6.29216216216216,6.79111111111111,5.81947368421053,5.84210526315789,6.34621212121212,6.26218487394958,20
"35",2008,9,6.025,8,6.75,5.3,6.2,5.8,6.25,4,4,1,4,4,193,94,99,20,70,123,6.28108808290155,6.78936170212766,5.79848484848485,5.86,6.315,6.26178861788618,21
"36",2008,10,6.4,5,8,6,6,6.33333333333333,6.5,1,4,2,3,2,198,95,103,22,73,125,6.28409090909091,6.8021052631579,5.80631067961165,5.87272727272727,6.31575342465753,6.2656,22
"37",2008,11,4.83333333333333,6,5.75,3,NA,5.5,4.5,4,2,0,2,4,204,99,105,22,75,129,6.24142156862745,6.75959595959596,5.75285714285714,5.87272727272727,6.294,6.2108527131783,23
"38",2008,12,6,10,7.33333333333333,4,NA,6.3,5.7,6,4,0,5,5,214,105,109,22,80,134,6.23014018691589,6.79238095238095,5.68853211009174,5.87272727272727,6.294375,6.19179104477612,24
"39",2009,1,6.74285714285714,14,7.16666666666667,5.98,6.45,6.16666666666667,6.9,9,5,2,3,11,228,114,114,24,83,145,6.26162280701754,6.8219298245614,5.70131578947368,5.92083333333333,6.28975903614458,6.24551724137931,25
"40",2009,2,7.25,8,7,7.66666666666667,NA,6,7.42857142857143,5,3,0,1,7,236,119,117,24,84,152,6.29512711864407,6.82941176470588,5.7517094017094,5.92083333333333,6.28630952380952,6.3,26
"41",2009,3,6.02631578947368,19,6.44444444444444,5.65,6.16666666666667,5.5,6.21428571428571,9,10,3,5,14,255,128,127,27,89,166,6.27509803921569,6.80234375,5.74370078740157,5.94814814814815,6.24213483146067,6.29277108433735,27
"42",2009,4,7.125,20,8.2,6.05,5,8,6.97058823529412,10,10,1,3,17,275,138,137,28,92,183,6.33690909090909,6.9036231884058,5.76605839416058,5.91428571428571,6.29945652173913,6.35573770491803,28
"43",2009,5,5.97222222222222,18,6.7,5.69230769230769,5.66666666666667,5.33333333333333,6.1,5,13,3,3,15,293,143,150,31,95,198,6.31450511945393,6.8965034965035,5.75966666666667,5.89032258064516,6.26894736842105,6.33636363636364,29
"44",2009,6,6.07272727272727,11,6.7,5.55,NA,5.55,6.7,5,6,0,6,5,304,148,156,31,101,203,6.30575657894737,6.88986486486487,5.75160256410256,5.89032258064516,6.22623762376238,6.34532019704433,30
"45",2009,7,6.5,6,6.75,6,6,6.25,6.625,4,2,1,2,4,310,152,158,32,103,207,6.30951612903226,6.88618421052632,5.75474683544304,5.89375,6.22669902912621,6.35072463768116,31
"46",2009,8,6.45,10,7.25,5.25,5,6.5,6.4375,6,4,2,2,8,320,158,162,34,105,215,6.31390625,6.9,5.74228395061728,5.84117647058823,6.23190476190476,6.35395348837209,32
"47",2009,9,6.75,10,6.875,6.66666666666667,6,6.5,6.8125,4,6,1,2,8,330,162,168,35,107,223,6.32712121212121,6.89938271604938,5.77529761904762,5.84571428571429,6.23691588785047,6.37040358744395,33
"48",2009,10,6.43333333333333,12,7.36666666666667,5.5,5.5,7.5,6.33636363636364,6,6,2,1,11,342,168,174,37,108,234,6.33084795321637,6.91607142857143,5.76580459770115,5.82702702702703,6.24861111111111,6.36880341880342,34
"49",2009,11,7.08235294117647,17,7.43333333333333,6.24,6.25,6.33333333333333,7.24285714285714,12,5,4,3,14,359,180,179,41,111,248,6.36643454038997,6.95055555555556,5.77905027932961,5.86829268292683,6.2509009009009,6.41814516129032,35
"50",2009,12,6.28846153846154,26,6.20588235294118,6.44444444444444,6.75,6.9,6.14285714285714,17,9,4,5,21,385,197,188,45,116,269,6.36116883116883,6.88629441624366,5.81090425531915,5.94666666666667,6.27887931034483,6.39665427509294,36
"51",2010,1,6.46388888888889,18,6.52083333333333,6.35,6.3,6.5,6.45666666666667,12,6,2,3,15,403,209,194,47,119,284,6.36575682382134,6.86531100478469,5.82757731958763,5.96170212765958,6.2844537815126,6.39982394366197,37
"52",2010,2,6.86111111111111,18,6.83333333333333,6.91666666666667,6.5,6.7,6.92307692307692,12,6,2,5,13,421,221,200,49,124,297,6.38693586698337,6.86357466063348,5.86025,5.98367346938776,6.30120967741935,6.42272727272727,38
"53",2010,3,5.89411764705882,17,6.4,5.17142857142857,4.85,5.2,6.27272727272727,10,7,2,6,11,438,231,207,51,130,308,6.36780821917808,6.84350649350649,5.83695652173913,5.93921568627451,6.25038461538461,6.41737012987013,39
"54",2010,4,6.48333333333333,15,6.38636363636364,6.75,NA,6.75,6.38636363636364,11,4,0,4,11,453,242,211,51,134,319,6.37163355408388,6.82272727272727,5.8542654028436,5.93921568627451,6.26529850746269,6.41630094043887,40
"55",2010,5,6.65625,16,7.2,5.75,6.375,6,6.80769230769231,10,6,4,3,13,469,252,217,55,137,332,6.38134328358209,6.83769841269841,5.85138248847926,5.97090909090909,6.25948905109489,6.4316265060241,41
"56",2010,6,6.70833333333333,12,7.25,6.52777777777778,6.25,6.5,6.85714285714286,3,9,3,5,7,481,255,226,58,142,339,6.38950103950104,6.84254901960784,5.8783185840708,5.98534482758621,6.26795774647887,6.44041297935103,42
"57",2010,7,7.125,12,7.66666666666667,6.58333333333333,6,7.25,7.0625,6,6,2,4,8,493,261,232,60,146,347,6.40740365111562,6.86149425287356,5.89655172413793,5.98583333333333,6.29486301369863,6.45475504322766,43
"58",2010,8,6.32352941176471,17,6.4,6.21428571428571,6.25,6.5,6.25,10,7,2,5,12,510,271,239,62,151,359,6.40460784313725,6.84446494464945,5.90585774058577,5.99435483870968,6.30165562913907,6.44791086350975,44
"59",2010,9,6.75,8,6.66666666666667,7,NA,NA,6.75,6,2,0,0,8,518,277,241,62,151,367,6.40994208494208,6.84061371841155,5.9149377593361,5.99435483870968,6.30165562913907,6.45449591280654,45
"60",2010,10,6.36923076923077,13,6.64444444444444,5.75,5,6.75,6.3,9,4,1,2,11,531,286,245,63,153,378,6.40894538606403,6.83444055944056,5.91224489795918,5.97857142857143,6.30751633986928,6.45,46
"61",2010,11,6.33,25,6.89285714285714,5.61363636363636,NA,6.33333333333333,6.32894736842105,14,11,0,6,19,556,300,256,63,159,397,6.40539568345324,6.83716666666667,5.8994140625,5.97857142857143,6.30849056603773,6.44420654911839,47
"62",2010,12,6.20952380952381,21,6.18461538461538,6.25,6,6.66666666666667,6.13333333333333,13,8,1,3,18,577,313,264,64,162,415,6.39826689774697,6.81006389776358,5.91003787878788,5.97890625,6.31512345679012,6.43072289156626,48
"63",2011,1,6.88333333333333,24,7.1047619047619,5.33333333333333,NA,6.66666666666667,6.91428571428571,21,3,0,3,21,601,334,267,64,165,436,6.41763727121464,6.82859281437126,5.90355805243446,5.97890625,6.32151515151515,6.45401376146789,49
"64",2011,2,6.39411764705882,17,6.64166666666667,5.8,5.5,7,6.26428571428571,12,5,2,3,14,618,346,272,66,168,450,6.41699029126214,6.8221098265896,5.9016544117647,5.96439393939394,6.33363095238095,6.44811111111111,50
"65",2011,3,6.46923076923077,13,6.9,5.5,5,5.03333333333333,6.9,9,4,1,3,10,631,355,276,67,171,460,6.41806656101426,6.82408450704225,5.89583333333333,5.95,6.31081871345029,6.4579347826087,51
"66",2011,4,6.22222222222222,18,6.875,4.91666666666667,7,6.5,6.16666666666667,12,6,1,3,15,649,367,282,68,174,475,6.41263482280431,6.82574931880109,5.875,5.96544117647059,6.31408045977011,6.44873684210526,52
"67",2011,5,5.95,10,6.33333333333333,5.78571428571429,6,NA,5.95,3,7,2,0,10,659,370,289,70,174,485,6.40561456752655,6.82175675675676,5.87283737024221,5.96642857142857,6.31408045977011,6.43845360824742,53
"68",2011,6,6.76470588235294,17,6.83333333333333,6.6875,6.375,6.66666666666667,6.81818181818182,9,8,4,6,11,676,379,297,74,180,496,6.4146449704142,6.82203166226913,5.89478114478114,5.98851351351351,6.32583333333333,6.446875,54
"69",2011,7,6.50909090909091,22,6.84615384615385,6.02222222222222,5.5,5.5,6.61,13,9,2,2,20,698,392,306,76,182,516,6.4176217765043,6.82283163265306,5.89852941176471,5.97565789473684,6.31675824175824,6.4531976744186,55
"70",2011,8,6.46153846153846,13,7,5.83333333333333,5,6.6,6.375,7,6,1,5,8,711,399,312,77,187,524,6.41842475386779,6.82593984962406,5.89727564102564,5.96298701298701,6.32433155080214,6.45200381679389,56
"71",2011,9,6.03571428571429,14,6.64285714285714,5.42857142857143,6,5.25,6.35,7,7,1,4,10,725,406,319,78,191,534,6.41103448275862,6.82278325123153,5.88699059561129,5.96346153846154,6.30183246073298,6.4500936329588,57
"72",2011,10,6.671875,16,6.81818181818182,6.35,6.75,6.91666666666667,6.61538461538461,11,5,1,3,13,741,417,324,79,194,547,6.41666666666667,6.8226618705036,5.89413580246914,5.97341772151899,6.31134020618557,6.45402193784278,58
"73",2011,11,6.4,15,6.5,6.33333333333333,7,6.5,6.36363636363636,6,9,2,4,11,756,423,333,81,198,558,6.41633597883598,6.81808510638298,5.90600600600601,5.99876543209877,6.31515151515151,6.45224014336917,59
"74",2011,12,6.31,20,6.61333333333333,5.4,NA,7,6.23333333333333,15,5,0,2,18,776,438,338,81,200,576,6.41359536082474,6.81107305936073,5.89852071005917,5.99876543209877,6.322,6.44539930555555,60
"75",2012,1,6.41428571428571,35,6.69444444444444,6.11764705882353,5.66666666666667,6.33333333333333,6.43103448275862,18,17,3,6,29,811,456,355,84,206,605,6.4136251541307,6.80646929824561,5.90901408450704,5.98690476190476,6.32233009708738,6.44471074380165,61
"76",2012,2,6.16315789473684,19,6.375,6.00909090909091,6.625,6,6.20666666666667,8,11,4,4,15,830,464,366,88,210,620,6.40789156626506,6.79903017241379,5.9120218579235,6.01590909090909,6.31619047619048,6.43895161290322,62
"77",2012,3,6.959375,16,6.96666666666667,6.9375,NA,6,7.09642857142857,12,4,0,2,14,846,476,370,88,212,634,6.41832151300236,6.80325630252101,5.92310810810811,6.01590909090909,6.31320754716981,6.45347003154574,63
"78",2012,4,6.33333333333333,18,6.5,6,NA,5.66666666666667,6.46666666666667,12,6,0,3,15,864,488,376,88,215,649,6.41655092592593,6.79579918032787,5.92433510638298,6.01590909090909,6.30418604651163,6.4537750385208,64
"79",2012,5,6.95555555555556,18,7.32307692307692,6,5.5,6,7.14666666666667,13,5,2,3,15,882,501,381,90,218,664,6.42755102040816,6.80948103792415,5.9253280839895,6.00444444444445,6.3,6.46942771084337,65
"80",2012,6,6.28571428571429,21,6.70588235294118,4.5,4,6,6.31578947368421,17,4,1,2,19,903,518,385,91,220,683,6.42425249169435,6.80608108108108,5.91051948051948,5.98241758241758,6.29727272727273,6.46515373352855,66
"81",2012,7,6.78066666666667,15,7.22,5.902,6,5,6.90785714285714,10,5,1,1,14,918,528,390,92,221,697,6.43007625272331,6.81392045454545,5.91041025641026,5.98260869565217,6.29140271493213,6.47404591104734,67
"82",2012,8,6.91785714285714,14,6.82727272727273,7.25,6.58333333333333,7.1,6.90384615384615,11,3,3,1,13,932,539,393,95,222,710,6.43740343347639,6.81419294990723,5.92063613231552,6.00157894736842,6.29504504504504,6.48191549295774,68
"83",2012,9,6.58235294117647,17,7.075,5.4,6,6.7,6.56666666666667,12,5,1,2,15,949,551,398,96,224,725,6.44,6.81987295825771,5.91409547738693,6.0015625,6.29866071428571,6.48366896551724,69
"84",2012,10,6.625,8,7.33333333333333,6.2,5.5,6.16666666666667,6.9,3,5,2,3,5,957,554,403,98,227,730,6.44154649947753,6.82265342960289,5.91764267990074,5.99132653061225,6.29691629955947,6.4865205479452,70
"85",2012,11,6.39423076923077,26,6.88333333333333,5.72727272727273,5,6.91666666666667,6.2375,15,11,3,6,20,983,569,414,101,233,750,6.44029501525941,6.82425307557118,5.9125845410628,5.96188118811881,6.31287553648069,6.47988,71
"86",2012,12,6.1737037037037,27,6.636875,5.5,5.25,6.33333333333333,6.12809523809524,16,11,6,6,21,1010,585,425,107,239,771,6.43316831683168,6.8191282051282,5.90190588235294,5.92196261682243,6.31338912133891,6.47029831387808,72
"87",2013,1,6.33333333333333,27,7.03571428571429,5.57692307692308,5.85714285714286,6.125,6.42105263157895,14,13,7,8,19,1037,599,438,114,247,790,6.43056894889103,6.82419031719532,5.8922602739726,5.91798245614035,6.30728744939271,6.46911392405063,73
"88",2013,2,6.45862068965517,29,6.77894736842105,5.85,6.25,6,6.532,19,10,2,4,25,1066,618,448,116,251,815,6.43133208255159,6.82279935275081,5.89131696428571,5.92370689655172,6.30239043824701,6.47104294478527,74
"89",2013,3,6.425,20,7.25,5.6,5.5,6,6.47222222222222,10,10,4,2,18,1086,628,458,120,253,833,6.43121546961326,6.82960191082802,5.88495633187773,5.90958333333333,6.3,6.47106842737095,75
"90",2013,4,6.15,16,5.92857142857143,6.32222222222222,7.25,7,6.09333333333333,7,9,4,1,15,1102,635,467,124,254,848,6.42713248638838,6.81966929133858,5.89338329764454,5.95282258064516,6.30275590551181,6.46438679245283,76
"91",2013,5,6.40909090909091,11,6.57142857142857,6.125,6.5,6.33333333333333,6.4375,7,4,2,3,8,1113,642,471,126,257,856,6.42695417789757,6.81696261682243,5.89535031847134,5.96150793650794,6.30311284046693,6.46413551401869,77
"92",2013,6,6.87333333333333,15,7.3875,6.28571428571429,4,7.5,6.82857142857143,8,7,2,1,14,1128,650,478,128,258,870,6.43289007092199,6.82398461538461,5.90106694560669,5.930859375,6.3077519379845,6.47,78
"93",2013,7,6.93571428571429,14,7.11,6.5,NA,7,6.93076923076923,10,4,0,1,13,1142,660,482,128,259,883,6.43905429071804,6.82831818181818,5.90603734439834,5.930859375,6.31042471042471,6.47678369195923,79
"94",2013,8,6.41111111111111,18,7.09,5.5625,5.66666666666667,6.25,6.45714285714286,10,8,3,4,14,1160,670,490,131,263,897,6.43862068965517,6.83222388059701,5.90042857142857,5.92480916030534,6.30950570342205,6.47647714604236,80
"95",2013,9,6.37,20,6.31818181818182,6.43333333333333,7.25,5.66666666666667,6.49411764705882,11,9,2,3,17,1180,681,499,133,266,914,6.43745762711864,6.82392070484581,5.91004008016032,5.94473684210526,6.30225563909774,6.47680525164114,81
"96",2013,10,6.66666666666667,9,6.6,6.75,NA,7,6.625,5,4,0,1,8,1189,686,503,133,267,922,6.43919259882254,6.82228862973761,5.91671968190855,5.94473684210526,6.30486891385768,6.47809110629067,82
"97",2013,11,6.5,15,6.72727272727273,5.875,6,8.5,6.19230769230769,11,4,1,2,13,1204,697,507,134,269,935,6.43995016611296,6.82078909612625,5.91639053254438,5.94514925373134,6.32118959107807,6.47411764705882,83
"98",2013,12,6.73684210526316,19,7.45833333333333,5.5,5.75,6.775,6.72666666666667,12,7,2,4,15,1223,709,514,136,273,950,6.44456255110384,6.83157968970381,5.91071984435798,5.94227941176471,6.32783882783883,6.47810526315789,84
"99",2014,1,6.58866666666667,30,6.783,6.2,6.08333333333333,6.6,6.5864,20,10,6,5,25,1253,729,524,142,278,975,6.44801276935355,6.83024691358025,5.91624045801527,5.94823943661972,6.33273381294964,6.48088205128205,85
"100",2014,2,6.56785714285714,28,6.64117647058824,6.45454545454545,5.5,7.33333333333333,6.476,17,11,1,3,25,1281,746,535,143,281,1000,6.45063231850117,6.82593833780161,5.92730841121495,5.9451048951049,6.34341637010676,6.48076,86
"101",2014,3,6.38888888888889,9,7,5.16666666666667,4,6,6.58333333333333,6,3,1,3,6,1290,752,538,144,284,1006,6.4502015503876,6.82732712765957,5.92306691449814,5.93159722222222,6.33978873239437,6.4813717693837,87
"102",2014,4,6.97,20,6.99375,6.875,7,7.33333333333333,6.90588235294118,16,4,2,3,17,1310,768,542,146,287,1023,6.45813740458015,6.83079427083333,5.93009225092251,5.94623287671233,6.35017421602787,6.48842619745845,88
"103",2014,5,6.36842105263158,19,6.45,6.27777777777778,6.25,6.5,6.32142857142857,10,9,6,5,14,1329,778,551,152,292,1037,6.45685477802859,6.82589974293059,5.93577132486388,5.95822368421053,6.3527397260274,6.48617164898746,89
"104",2014,6,6.19444444444444,18,6.15,6.25,6.5,6.33333333333333,6.16666666666667,10,8,2,3,15,1347,788,559,154,295,1052,6.45334818114328,6.81732233502538,5.94026833631485,5.96525974025974,6.35254237288135,6.48161596958175,90
"105",2014,7,6.5078947368421,19,7.10454545454545,5.6875,4,6.05555555555556,6.915,11,8,1,9,10,1366,799,567,155,304,1062,6.45410688140556,6.82127659574468,5.93670194003527,5.95258064516129,6.34375,6.48569679849341,91
"106",2014,8,6.635,20,6.76428571428571,6.33333333333333,6,6.6,6.64666666666667,14,6,3,5,15,1386,813,573,158,309,1077,6.45671717171717,6.82029520295203,5.94085514834206,5.95348101265823,6.34789644012945,6.48793871866295,92
"107",2014,9,6.24736842105263,19,6.60909090909091,5.75,6,6.25,6.24705882352941,11,8,1,2,17,1405,824,581,159,311,1094,6.45388612099644,6.81747572815534,5.93822719449225,5.95377358490566,6.34726688102894,6.48419561243144,93
"108",2014,10,6.39545454545455,22,6.69285714285714,5.875,6,NA,6.39545454545455,14,8,3,0,22,1427,838,589,162,311,1116,6.45298528381219,6.8153937947494,5.93736842105263,5.95462962962963,6.34726688102894,6.48244623655914,94
"109",2014,11,6.6,11,7.22,6.08333333333333,6,8,6.46,5,6,1,1,10,1438,843,595,163,312,1126,6.45410987482615,6.81779359430605,5.93884033613445,5.95490797546012,6.3525641025641,6.48224689165186,95
"110",2014,12,6.52962962962963,27,6.69,6.07142857142857,6.33333333333333,6.25,6.57826086956522,20,7,3,4,23,1465,863,602,166,316,1149,6.45550170648464,6.81483198146002,5.94038205980067,5.96174698795181,6.35126582278481,6.48416884247171,96
"111",2015,1,6.54666666666667,30,6.575,6.49,6.41666666666667,6.57142857142857,6.53913043478261,20,10,6,7,23,1495,883,612,172,323,1172,6.45733110367893,6.80939977349943,5.94936274509804,5.97761627906977,6.35603715170279,6.48524744027303,97
"112",2015,2,6.592,25,6.65,6.16666666666667,6.16666666666667,6.7,6.565,22,3,3,5,20,1520,905,615,175,328,1192,6.45954605263158,6.80552486187845,5.95042276422764,5.98085714285714,6.36128048780488,6.4865855704698,98
"113",2015,3,6.7125,20,6.75,6.6,7,6.58333333333333,6.73529411764706,15,5,2,3,17,1540,920,620,177,331,1209,6.46283116883117,6.80461956521739,5.95566129032258,5.99237288135593,6.36329305135952,6.49008271298594,99
"114",2015,4,6.46818181818182,22,6.84285714285714,5.8125,5.33333333333333,6,6.54210526315789,14,8,3,3,19,1562,934,628,180,334,1228,6.46290653008963,6.80519271948608,5.95383757961784,5.98138888888889,6.36002994011976,6.49088762214983,100
"115",2015,5,5.96875,16,5.95454545454545,6,6.33333333333333,6.875,5.66666666666667,11,5,3,4,12,1578,945,633,183,338,1240,6.45789607097592,6.795291005291,5.95420221169036,5.98715846994536,6.36612426035503,6.48291129032258,101
"116",2015,6,6.13636363636364,11,6.27777777777778,5.5,NA,NA,6.13636363636364,9,2,0,0,11,1589,954,635,183,338,1251,6.45567023285085,6.79040880503144,5.95277165354331,5.98715846994536,6.36612426035503,6.47986410871303,102
"117",2015,7,6.81428571428571,21,6.89230769230769,6.6875,7,6.36,6.95625,13,8,1,5,16,1610,967,643,184,343,1267,6.46034782608695,6.79177869700103,5.96191290824261,5.99266304347826,6.36603498542274,6.48588003157064,103
"118",2015,8,6.22105263157895,19,6.30769230769231,6.03333333333333,6.3,5.66666666666667,6.325,13,6,4,3,16,1629,980,649,188,346,1283,6.45755678330264,6.78535714285714,5.96257318952234,5.99920212765957,6.3599710982659,6.48387373343725,104
"119",2015,9,5.86190476190476,21,6.65,5.14545454545455,5.16666666666667,5.5,5.94705882352941,10,11,3,4,17,1650,990,660,191,350,1300,6.44997575757576,6.7839898989899,5.94895454545454,5.98612565445026,6.35014285714286,6.47685384615384,105
"120",2015,10,6.2,8,6.275,6.125,6.16666666666667,NA,6.2,4,4,3,0,8,1658,994,664,194,350,1308,6.44876960193004,6.7819416498994,5.95001506024096,5.9889175257732,6.35014285714286,6.47516055045871,106
"121",2015,11,6.25,28,6.5,5.91666666666667,6.16666666666667,7,6.16,16,12,6,3,25,1686,1010,676,200,353,1333,6.44546856465006,6.77747524752475,5.94942307692307,5.99425,6.3556657223796,6.46924981245311,107
"122",2015,12,6.20454545454545,22,6.44117647058824,5.4,6,NA,6.20454545454545,17,5,1,0,22,1708,1027,681,201,353,1355,6.44236533957845,6.77190847127556,5.94538913362702,5.99427860696517,6.3556657223796,6.46495202952029,108
"123",2016,1,6.43064516129032,31,6.38684210526316,6.5,5.75,6.41111111111111,6.43863636363636,19,12,4,9,22,1739,1046,693,205,362,1377,6.44215641173088,6.76491395793499,5.95499278499278,5.98951219512195,6.35704419889503,6.46453159041394,109
"124",2016,2,6.3,15,6.9375,5.57142857142857,6,7.25,5.95454545454545,8,7,4,4,11,1754,1054,700,209,366,1388,6.44094070695553,6.76622390891841,5.95115714285714,5.98971291866029,6.36680327868852,6.46048991354467,110
"125",2016,3,6.28048780487805,41,6.48928571428571,5.83076923076923,5.625,6.475,6.25945945945946,28,13,4,4,37,1795,1082,713,213,370,1425,6.43727576601671,6.7590573012939,5.9489621318373,5.98286384976526,6.36797297297297,6.4552701754386,111
"126",2016,4,6.45,18,6.25,6.85,6.03333333333333,6.42,6.46153846153846,12,6,3,5,13,1813,1094,719,216,375,1438,6.43740209597352,6.75347349177331,5.95648122392211,5.98356481481482,6.36866666666667,6.45532684283727,112
"127",2016,5,6.08,20,6.31538461538462,5.64285714285714,6,6.36666666666667,6.02941176470588,13,7,2,3,17,1833,1107,726,218,378,1455,6.43350245499182,6.7483288166215,5.95345730027548,5.98371559633028,6.36865079365079,6.45035051546392,113
"128",2016,6,6.17245833333333,24,6.59491666666667,5.75,5.4,5.83333333333333,6.2855,12,12,5,6,18,1857,1119,738,223,384,1473,6.43012870220786,6.7466836461126,5.95014905149051,5.97062780269058,6.36028645833333,6.44833604887984,114
"129",2016,7,6.20588235294118,17,6,6.35,6.5,5.5,6.3,7,10,2,2,15,1874,1126,748,225,386,1488,6.42809445037353,6.74204174067496,5.95549465240641,5.97533333333333,6.35582901554404,6.44684072580645,115
"130",2016,8,5.69090909090909,22,5.75,5.62,6,5.24,5.82352941176471,12,10,3,5,17,1896,1138,758,228,391,1505,6.41954061181435,6.73158084358524,5.95106860158311,5.97565789473684,6.34156010230179,6.4398,116
"131",2016,9,6.39130434782609,23,6.33333333333333,6.42857142857143,6.625,5.75,6.52631578947368,9,14,8,4,19,1919,1147,772,236,395,1524,6.41920218863992,6.72845597210113,5.95972797927461,5.99766949152542,6.33556962025316,6.44087860892388,117
"132",2016,10,6.23684210526316,19,6.45,6,6,5.5,6.32352941176471,10,9,4,2,17,1938,1157,781,240,397,1541,6.41741434468524,6.7260492653414,5.96019206145966,5.99770833333333,6.33136020151133,6.43958403634004,118
"133",2016,11,6.11,30,6.23888888888889,5.91666666666667,5.75,5.78571428571429,6.20869565217391,18,12,4,7,23,1968,1175,793,244,404,1564,6.4127281504065,6.71858638297872,5.95953341740227,5.99364754098361,6.32190594059406,6.43618861892583,119
"134",2016,12,6.08095238095238,21,6.25,5.85555555555556,5.28333333333333,5.33333333333333,6.20555555555556,12,9,6,3,18,1989,1187,802,250,407,1582,6.40922523881347,6.71384919966302,5.95836658354114,5.9766,6.31461916461916,6.43356447534766,120
"135",2017,1,6.72985714285714,42,6.68496774193548,6.85636363636364,7.335,6.80066666666667,6.71805555555556,31,11,2,6,36,2031,1218,813,252,413,1618,6.4158557360906,6.71311412151067,5.97051660516605,5.98738095238095,6.3216803874092,6.43989431396786,121
"136",2017,2,6.27368421052632,19,6.39166666666667,6.07142857142857,6.55,6.36666666666667,6.25625,12,7,2,3,16,2050,1230,820,254,416,1634,6.41453804878049,6.70997804878049,5.97137804878049,5.99181102362205,6.32200480769231,6.43809608323133,122
"137",2017,3,6.46590909090909,22,6.83928571428571,5.8125,4,6.33333333333333,6.48684210526316,14,8,1,3,19,2072,1244,828,255,419,1653,6.41508349420849,6.71143327974277,5.96984299516908,5.984,6.32208591885441,6.43865638233515,123
"138",2017,4,5.95,12,6.7,5.41428571428571,4.96666666666667,5.63333333333333,6.05555555555556,5,7,3,3,9,2084,1249,835,258,422,1662,6.41240547024952,6.71138751000801,5.96518562874251,5.97217054263566,6.31718957345972,6.43658182912154,124
"139",2017,5,6.38181818181818,22,6.89285714285714,5.4875,5.12857142857143,5.25,6.80625,14,8,7,6,16,2106,1263,843,265,428,1678,6.41208594491928,6.71339904988124,5.96065243179122,5.94988679245283,6.30222897196262,6.44010667461263,125
"140",2017,6,6.08333333333333,21,6.22222222222222,5.97916666666667,5.875,6.65,5.90625,9,12,6,5,16,2127,1272,855,271,433,1694,6.40884015044664,6.70992374213837,5.96091228070175,5.94822878228783,6.30624480369515,6.43506434474616,126
"141",2017,7,6.36363636363636,22,7.05555555555556,5.88461538461539,5,5.5,6.45,9,13,4,2,20,2149,1281,868,275,435,1714,6.40837738483015,6.71235206869633,5.95976958525345,5.93443636363637,6.30253793103448,6.43523862310385,127
"142",2017,8,6.71533333333333,30,6.91863636363636,6.15625,6,5.942,6.87,22,8,4,5,25,2179,1303,876,279,440,1739,6.41260348783846,6.7158349961627,5.96156392694064,5.93537634408602,6.29844090909091,6.441488786659,128
"143",2017,9,6.98333333333333,12,7.3125,6.325,6,9,6.8,8,4,1,1,11,2191,1311,880,280,441,1750,6.41572934732999,6.71947597254005,5.96321590909091,5.93560714285714,6.30456689342404,6.44374228571428,129
"144",2017,10,5.78166666666667,24,6.40461538461538,5.04545454545455,7,6.5,5.7504347826087,13,11,1,1,23,2215,1324,891,281,442,1773,6.40885914221219,6.71638444108761,5.95188552188552,5.9393950177936,6.30500904977375,6.43474844895657,130
"145",2017,11,5.72352941176471,17,5.83333333333333,5.6,5.66666666666667,4.8,5.78125,9,8,3,1,16,2232,1333,899,284,443,1789,6.40363933691756,6.7104223555889,5.94875417130144,5.93651408450704,6.30161173814898,6.4289038569033,131
"146",2017,12,6.38461538461539,26,6.58333333333333,5.9375,5.66666666666667,6.33333333333333,6.39130434782609,18,8,3,3,23,2258,1351,907,287,446,1812,6.40342028343667,6.70872908956329,5.94865490628445,5.93369337979094,6.30182511210762,6.4284266004415,132
"147",2018,1,6.15185185185185,27,6.41176470588235,5.71,6.02,5.87142857142857,6.25,17,10,5,7,20,2285,1368,917,292,453,1832,6.400447702407,6.70503874269006,5.94605234460196,5.93517123287671,6.29517439293598,6.42647871179039,133
"148",2018,2,6.38235294117647,17,6.43333333333333,6,5.5,5.375,6.69230769230769,15,2,1,4,13,2302,1383,919,293,457,1845,6.40031407471764,6.70209182935647,5.94616974972796,5.93368600682594,6.28712035010941,6.42835176151761,134
"149",2018,3,6.5,20,6.92307692307692,5.71428571428571,5.5,6.33333333333333,6.52941176470588,13,7,2,3,17,2322,1396,926,295,460,1862,6.40117269595177,6.70414971346705,5.94441684665227,5.93074576271187,6.28742173913043,6.42927443609022,135
"150",2018,4,6.78,20,7.17333333333333,5.6,5.66666666666667,8.5,6.68947368421053,15,5,3,1,19,2342,1411,931,298,461,1881,6.40440777113578,6.70913749114104,5.942567132116,5.92808724832215,6.29222125813449,6.43190271132376,136
"151",2018,5,6.29047619047619,21,6.54,5.66666666666667,4.5,6.66666666666667,6.22777777777778,15,6,2,3,18,2363,1426,937,300,464,1899,6.40339526026238,6.70735834502104,5.94080042689434,5.91856666666667,6.29464224137931,6.42996787783044,137
"152",2018,6,5.75736842105263,19,6.0325,5.28571428571429,6.5,6.4475,5.57333333333333,12,7,1,4,15,2382,1438,944,301,468,1914,6.3982422334173,6.70172670375522,5.93594279661017,5.92049833887043,6.29594871794872,6.42325444096134,138
"153",2018,7,6.5,10,6.9,6.1,7,7,6.44444444444444,5,5,1,1,9,2392,1443,949,302,469,1923,6.39866764214047,6.70241372141372,5.9368071654373,5.92407284768212,6.29744989339019,6.42335361414457,139
"154",2018,8,6.63055555555556,18,7,6.335,5.5,6.01666666666667,6.75333333333333,8,10,2,3,15,2410,1451,959,304,472,1938,6.40039958506224,6.7040544452102,5.94095933263816,5.92128289473684,6.29566525423729,6.4259076367389,140
"155",2018,9,6.15,10,6.33333333333333,5.875,5.66666666666667,6,6.21428571428571,6,4,3,3,7,2420,1457,963,307,475,1945,6.39936487603306,6.70252779684283,5.94068535825545,5.91879478827362,6.29379789473684,6.42514601542416,141
"156",2018,10,6.30434782608696,23,6.54666666666667,5.85,NA,6.4,6.27777777777778,15,8,0,5,18,2443,1472,971,307,480,1963,6.3984703233729,6.70093953804348,5.93993820803295,5.91879478827362,6.29490416666667,6.42379470198675,142
"157",2018,11,6.08260869565217,23,6.30625,5.57142857142857,5.25,5.92857142857143,6.15,16,7,4,7,16,2466,1488,978,311,487,1979,6.39552433090024,6.69669556451613,5.93730061349693,5.91019292604502,6.2896386036961,6.42158110156645,143
"158",2018,12,6.12315789473684,19,6.41666666666667,5.62,6.66666666666667,6.66666666666667,6.02125,12,7,3,3,16,2485,1500,985,314,490,1995,6.39344185110664,6.69445533333333,5.93504568527919,5.91742038216561,6.29194693877551,6.41837042606516,144
"159",2019,1,6.00416666666667,24,6.7,4.84444444444444,4.5,6,6.00434782608696,15,9,4,1,23,2509,1515,994,318,491,2018,6.38971821442806,6.6945102310231,5.92517102615694,5.89959119496856,6.29135234215886,6.41365163528246,145
"160",2019,2,6.79285714285714,14,6.73333333333333,6.9,6,NA,6.79285714285714,9,5,1,0,14,2523,1524,999,319,491,2032,6.39195521204915,6.69473950131234,5.93005005005005,5.89990595611285,6.29135234215886,6.41626427165354,146
"161",2019,3,5.875,16,6.3,5.16666666666667,6.5,5.33333333333333,6,10,6,2,3,13,2539,1534,1005,321,494,2045,6.38869751870815,6.69216623207301,5.92549253731343,5.90364485981309,6.28553441295547,6.41361809290953,147
"162",2019,4,6.60714285714286,14,6.85,6,NA,5,6.875,10,4,0,2,12,2553,1544,1009,321,496,2057,6.38989541715629,6.69318847150259,5.92578790882061,5.90364485981309,6.28035080645161,6.41630967428294,148
"163",2019,5,6.19230769230769,13,6.29166666666667,5,NA,6,6.20833333333333,12,1,0,1,12,2566,1556,1010,321,497,2069,6.38889438815277,6.69009190231363,5.92487128712871,5.90364485981309,6.27978672032193,6.41510343160947,149
"164",2019,6,6.6,20,6.58333333333333,6.625,8,7.16666666666667,6.5,12,8,2,3,17,2586,1568,1018,323,500,2086,6.39052706883217,6.68927487244898,5.93037328094302,5.91662538699691,6.285108,6.41579530201342,150
"165",2019,7,6.94705882352941,17,7.29166666666667,6.12,6,7.16666666666667,6.9,12,5,1,3,14,2603,1580,1023,324,503,2100,6.39416173645793,6.69385,5.93130009775171,5.91688271604938,6.29036580516899,6.41902333333333,151
"166",2019,8,5.74,15,6.4,5.41,5.33333333333333,5.03333333333333,5.91666666666667,5,10,3,3,12,2618,1585,1033,327,506,2112,6.39041367456073,6.69292302839117,5.92625363020329,5.91152905198777,6.28291304347826,6.41616903409091,152
"167",2019,9,6.3448275862069,29,6.60526315789474,5.85,6,6,6.41666666666667,19,10,5,5,24,2647,1604,1043,332,511,2136,6.38991424253872,6.69188466334165,5.92552253116011,5.91286144578313,6.28014481409002,6.41617462546816,153
"168",2019,10,6.08695652173913,23,6,6.33333333333333,NA,5.8,6.16666666666667,17,6,0,5,18,2670,1621,1049,332,516,2154,6.38730449438202,6.68462862430598,5.92785510009533,5.91286144578313,6.27549224806202,6.4140896007428,154
"169",2019,11,6.55,20,6.57692307692308,6.5,6,8,6.29411764705882,13,7,1,3,17,2690,1634,1056,333,519,2171,6.38851412639405,6.68377172582619,5.93164772727273,5.91312312312312,6.28546050096339,6.41315016121603,155
"170",2019,12,6.37916666666667,24,6.56666666666667,5.81666666666667,NA,7.4,6.33478260869565,18,6,0,1,23,2714,1652,1062,333,520,2194,6.38843146647015,6.68249576271187,5.93099811676083,5.91312312312312,6.28760384615385,6.41232862351869,156
"171",2020,1,6.48275862068965,29,6.8,5.88,6,5.75,6.67391304347826,19,10,3,6,23,2743,1671,1072,336,526,2217,6.38942872767043,6.68383183722322,5.9305223880597,5.91389880952381,6.28147148288973,6.41504239963915,157
"172",2020,2,6.88461538461539,13,7.11111111111111,6.375,6,8,6.38888888888889,9,4,1,4,9,2756,1680,1076,337,530,2226,6.3917645137881,6.68612083333333,5.93217472118959,5.91415430267062,6.29444150943396,6.41493665768194,158
"173",2020,3,6.4268,25,6.6747619047619,5.125,NA,8.25,6.26826086956522,21,4,0,2,23,2781,1701,1080,337,532,2249,6.39207946781733,6.68598059964727,5.92918518518518,5.91415430267062,6.30179323308271,6.413436638506,159
"174",2020,4,6.09892857142857,28,6.3935,5.3625,5.25,6.36166666666667,6.02727272727273,20,8,2,6,22,2809,1721,1088,339,538,2271,6.38915735137059,6.68258163858222,5.92501838235294,5.91023598820059,6.30246096654275,6.40969572875385,160
"175",2020,5,6.75217391304348,23,7.08823529411765,5.8,6,7,6.715,17,6,2,3,20,2832,1738,1094,341,541,2291,6.39210557909604,6.68654948216341,5.92433272394881,5.91076246334311,6.30632902033272,6.41236097773898,161
"176",2020,6,6.146875,16,6.64545454545455,5.05,5,8,6.02333333333333,11,5,1,1,15,2848,1749,1099,342,542,2306,6.39072787921348,6.68629102344197,5.92035486806187,5.90809941520468,6.30945387453875,6.40983044232437,162
"177",2020,7,5.86181818181818,11,6.636,5.21666666666667,5.25,6.4,5.74222222222222,5,6,2,2,9,2859,1754,1105,344,544,2315,6.38869289961525,6.68614766248575,5.91653393665158,5.90427325581395,6.30978676470588,6.40723498920086,163
"178",2020,8,6.88888888888889,18,6.76923076923077,7.2,NA,5,7,13,5,0,1,17,2877,1767,1110,344,545,2332,6.39182238442822,6.68675891341257,5.92231531531531,5.90427325581395,6.30738348623853,6.41155617495712,164
"179",2020,9,6.15,15,6.285,5.88,6,5.75,6.25,10,5,2,3,12,2892,1777,1115,346,548,2344,6.39056811894882,6.6844980303883,5.92212556053812,5.90482658959538,6.30433211678832,6.41072909556314,165
"180",2020,10,5.8,11,6.4,4.75,3,NA,5.8,7,4,1,0,11,2903,1784,1119,347,548,2355,6.38833034791595,6.6833817264574,5.91793565683646,5.8964553314121,6.30433211678832,6.40787643312102,166
"181",2020,11,6.27333333333333,15,6.36363636363636,6.025,4,6.03333333333333,6.33333333333333,11,4,1,3,12,2918,1795,1123,348,551,2367,6.38773920493488,6.68142228412257,5.91831700801425,5.89100574712644,6.30285662431942,6.40749852133502,167
"182",2020,12,6.26785714285714,28,6.36111111111111,6.1,5.33333333333333,6,6.32608695652174,18,10,3,5,23,2946,1813,1133,351,556,2390,6.38659979633401,6.67824214009929,5.91992056487202,5.88623931623932,6.30013309352518,6.40671506276151,168
"183",2021,1,6.51471428571429,28,6.6005,6,7,5.83333333333333,6.59648,24,4,1,3,25,2974,1837,1137,352,559,2415,6.38780598520511,6.67722645617855,5.92020228671944,5.88940340909091,6.29762790697674,6.40867950310559,169
"184",2021,2,6.625,14,7,6.25,6.5,5,6.75,7,7,2,1,13,2988,1844,1144,354,560,2428,6.38891733601071,6.67845173535792,5.92222027972028,5.89285310734463,6.29531071428571,6.41050700164745,170
"185",2021,3,6.18181818181818,22,6.52941176470588,5,5,6.5,6.15,17,5,1,2,20,3010,1861,1149,355,562,2448,6.38740365448505,6.67709027404621,5.91820713664056,5.89033802816901,6.29603914590747,6.40837867647059,171
"186",2021,4,6.3,23,6.275,6.35714285714286,8,5.5,6.37619047619048,16,7,1,2,21,3033,1877,1156,356,564,2469,6.38674085064292,6.67366275972296,5.92086505190311,5.89626404494382,6.29321631205674,6.40810490076954,172
"187",2021,5,6.3888,25,6.4152380952381,6.25,6,7.2,6.355,21,4,1,1,24,3058,1898,1160,357,565,2493,6.38675768476128,6.67080347734457,5.922,5.89655462184874,6.29482123893805,6.40759366225431,173
"188",2021,6,6.3375,16,6.98571428571429,5.83333333333333,5.5,6.6,6.25,7,9,2,4,12,3074,1905,1169,359,569,2505,6.38650130123617,6.67196062992126,5.92131736526946,5.89434540389972,6.29696660808436,6.40683872255489,174
"189",2021,7,5.65,10,5.66666666666667,5.64285714285714,5.5,NA,5.65,3,7,2,0,10,3084,1908,1176,361,569,2515,6.38411316472114,6.67037997903564,5.91965986394558,5.89216066481994,6.29696660808436,6.40382942345924,175
"190",2021,8,6.33157894736842,19,6.57222222222222,2,NA,5.5,6.71538461538462,18,1,0,6,13,3103,1926,1177,361,575,2528,6.38379149210441,6.66946261682243,5.91632965165675,5.89216066481994,6.28865043478261,6.4054315664557,176
"191",2021,9,6.6875,16,6.78571428571429,6,NA,4.5,7,14,2,0,2,14,3119,1940,1179,361,577,2542,6.38534947098429,6.67030154639175,5.91647158608991,5.89216066481994,6.28245060658579,6.40870613690008,177
"192",2021,10,6.45333333333333,15,6.58888888888889,6.25,NA,6.5,6.44615384615385,9,6,0,2,13,3134,1949,1185,361,579,2555,6.38567485641353,6.66992560287327,5.91816033755274,5.89216066481994,6.28320207253886,6.40889667318982,178
"193",2021,11,5.86363636363636,11,6.07142857142857,5.5,NA,5,6.05555555555556,7,4,0,2,9,3145,1956,1189,361,581,2564,6.38384896661367,6.66778374233129,5.9167535744323,5.89216066481994,6.27878485370052,6.40765639625585,179
"194",2021,12,6.625,24,6.91176470588235,5.92857142857143,6,5,6.69565217391304,17,7,1,1,23,3169,1973,1196,362,582,2587,6.38567529189018,6.6698859604663,5.91682274247492,5.89245856353591,6.27658762886598,6.41021685349826,180
"195",2022,1,6.05,30,5.93809523809524,6.31111111111111,5,6.1,6.03478260869565,21,9,2,7,23,3199,1994,1205,364,589,2610,6.38252735229759,6.66217903711134,5.91976763485477,5.88755494505494,6.27448896434635,6.40690842911877,181
"196",2022,2,6.64583333333333,24,6.85789473684211,5.84,6.16666666666667,6.43333333333333,6.67619047619048,19,5,3,3,21,3223,2013,1210,367,592,2631,6.38448805460751,6.66402632886239,5.91943801652893,5.88983651226158,6.27529391891892,6.40905777271,182
"197",2022,3,5.96666666666667,21,6.13529411764706,5.25,6,6.5,5.91052631578947,17,4,2,2,19,3244,2030,1214,369,594,2650,6.38178329223181,6.65959852216749,5.91723228995058,5.89043360433604,6.2760505050505,6.40548339622641,183
"198",2022,4,6.71052631578947,19,7.04166666666667,6.14285714285714,7,4,6.86111111111111,12,7,1,1,18,3263,2042,1221,370,595,2668,6.38369751762182,6.66184378060725,5.9185257985258,5.89343243243243,6.27222521008403,6.40855734632684,184
"199",2022,5,6.03125,16,5.85714285714286,6.16666666666667,5,7,5.96666666666667,7,9,1,1,15,3279,2049,1230,371,596,2683,6.38197773711497,6.65909468033187,5.92034146341464,5.89102425876011,6.27344630872483,6.4060868430861,185
"200",2022,6,6.46428571428571,14,6.88888888888889,5.7,5.25,NA,6.46428571428571,9,5,2,0,14,3293,2058,1235,373,596,2697,6.38232766474339,6.66009961127308,5.91944939271255,5.88758713136729,6.27344630872483,6.40638895068595,186
"201",2022,7,6.47826086956522,23,6.5,6.42857142857143,6,6.5,6.47619047619048,16,7,1,2,21,3316,2074,1242,374,598,2718,6.38299306393245,6.65886451301832,5.92231884057971,5.88788770053476,6.27420401337793,6.40692825607064,187
"202",2022,8,6.64473684210526,19,6.70882352941176,6.1,NA,NA,6.64473684210526,17,2,0,0,19,3335,2091,1244,374,598,2737,6.38448425787106,6.65927068388331,5.92260450160772,5.88788770053476,6.27420401337793,6.4085791012057,188
"203",2022,9,6.23076923076923,13,6.42857142857143,6,6,3,6.5,7,6,2,1,12,3348,2098,1250,376,599,2749,6.38388739545997,6.65850095328885,5.922976,5.88848404255319,6.26873789649416,6.40897817388141,189
"204",2022,10,6.1195,20,6.336875,5.25,5,6.5,6.07722222222222,16,4,1,2,18,3368,2114,1254,377,601,2767,6.38231739904988,6.65606669820246,5.92082934609251,5.88612732095491,6.2695074875208,6.40682002168413,190
"205",2022,11,6.82857142857143,14,6.81,6.875,7,6,6.89230769230769,10,4,2,1,13,3382,2124,1258,379,602,2780,6.38416469544648,6.65679143126177,5.92386327503975,5.89200527704485,6.26905980066445,6.40909028776978,191
"206",2022,12,6.49090909090909,22,6.81176470588235,5.4,5,6.5,6.49047619047619,17,5,3,1,21,3404,2141,1263,382,603,2801,6.38485458284371,6.65802195235871,5.92178939034046,5.885,6.26944278606965,6.40970046411996,192
