"","year","month","avg_rating","no_ratings","avg_rating_owned","avg_rating_not_owned","avg_rating_prev_owned","avg_rating_comment","avg_rating_no_comment","no_ratings_owned","no_ratings_not_owned","no_ratings_prev_owned","no_ratings_comment","no_ratings_no_comment","cum_no_ratings","cum_no_ratings_owned","cum_no_ratings_not_owned","cum_no_ratings_prev_owned","cum_no_ratings_comment","cum_no_ratings_no_comment","cum_avg_rating","cum_avg_rating_owned","cum_avg_rating_not_owned","cum_avg_rating_prev_owned","cum_avg_rating_comment","cum_avg_rating_no_comment","month_after_release"
"1",2005,11,10,1,NA,10,NA,NA,10,0,1,0,0,1,1,0,1,0,0,1,10,NA,10,NA,NA,10,-24
"2",2005,12,6.5,2,8,5,NA,5,8,1,1,0,1,1,3,1,2,0,1,2,7.66666666666667,8,7.5,NA,5,9,-23
"3",2006,1,7,1,NA,7,NA,7,NA,0,1,0,1,0,4,1,3,0,2,2,7.5,8,7.33333333333333,NA,6,9,-22
"4",2006,2,7.75,4,9,7.33333333333333,7.5,8,7,1,3,2,3,1,8,2,6,2,5,3,7.625,8.5,7.33333333333333,7.5,7.2,8.33333333333333,-21
"5",2006,4,5,1,NA,5,NA,5,NA,0,1,0,1,0,9,2,7,2,6,3,7.33333333333333,8.5,7,7.5,6.83333333333333,8.33333333333333,-19
"6",2006,5,5.1,1,NA,5.1,NA,5.1,NA,0,1,0,1,0,10,2,8,2,7,3,7.11,8.5,6.7625,7.5,6.58571428571429,8.33333333333333,-18
"7",2006,6,8,1,8,NA,NA,8,NA,1,0,0,1,0,11,3,8,2,8,3,7.19090909090909,8.33333333333333,6.7625,7.5,6.7625,8.33333333333333,-17
"8",2006,7,7,4,7,7,NA,7,NA,1,3,0,4,0,15,4,11,2,12,3,7.14,8,6.82727272727273,7.5,6.84166666666667,8.33333333333333,-16
"9",2006,8,4,1,NA,4,NA,4,NA,0,1,0,1,0,16,4,12,2,13,3,6.94375,8,6.59166666666667,7.5,6.62307692307692,8.33333333333333,-15
"10",2006,9,7.5,2,7.5,NA,NA,NA,7.5,2,0,0,0,2,18,6,12,2,13,5,7.00555555555556,7.83333333333333,6.59166666666667,7.5,6.62307692307692,8,-14
"11",2006,10,7.25,2,NA,7.25,NA,7,7.5,0,2,0,1,1,20,6,14,2,14,6,7.03,7.83333333333333,6.68571428571429,7.5,6.65,7.91666666666667,-13
"12",2006,11,7,1,7,NA,NA,NA,7,1,0,0,0,1,21,7,14,2,14,7,7.02857142857143,7.71428571428571,6.68571428571429,7.5,6.65,7.78571428571429,-12
"13",2006,12,5.66666666666667,3,NA,5.66666666666667,NA,5,6,0,3,0,1,2,24,7,17,2,15,9,6.85833333333333,7.71428571428571,6.50588235294118,7.5,6.54,7.38888888888889,-11
"14",2007,1,6.375,4,NA,6.375,NA,6.75,6,0,4,0,2,2,28,7,21,2,17,11,6.78928571428571,7.71428571428571,6.48095238095238,7.5,6.56470588235294,7.13636363636364,-10
"15",2007,2,6.98851,1,NA,6.98851,NA,NA,6.98851,0,1,0,0,1,29,7,22,2,17,12,6.79615551724138,7.71428571428571,6.50402318181818,7.5,6.56470588235294,7.1240425,-9
"16",2007,3,7.1,3,7.3,7,NA,6.65,8,1,2,0,2,1,32,8,24,2,19,13,6.8246409375,7.6625,6.54535458333333,7.5,6.57368421052632,7.19142384615385,-8
"17",2007,4,6.5,4,6.5,6.5,NA,6,7,2,2,0,2,2,36,10,26,2,21,15,6.78856972222222,7.43,6.54186576923077,7.5,6.51904761904762,7.16590066666667,-7
"18",2007,5,7,1,7,NA,NA,NA,7,1,0,0,0,1,37,11,26,2,21,16,6.79428405405405,7.39090909090909,6.54186576923077,7.5,6.51904761904762,7.155531875,-6
"19",2007,6,8.5,2,8.5,NA,NA,NA,8.5,2,0,0,0,2,39,13,26,2,21,18,6.88175666666667,7.56153846153846,6.54186576923077,7.5,6.51904761904762,7.30491722222222,-5
"20",2007,10,8,2,9,7,NA,9,7,1,1,0,1,1,41,14,27,2,22,19,6.93630512195122,7.66428571428571,6.5588337037037,7.5,6.63181818181818,7.28886894736842,-1
"21",2007,11,7.5,4,8.5,6.5,8,NA,7.5,2,2,1,0,4,45,16,29,3,22,23,6.98641133333333,7.76875,6.55477620689655,7.66666666666667,6.63181818181818,7.32558739130435,0
"22",2007,12,6.83333333333333,3,8.5,6,NA,6,7.25,1,2,0,1,2,48,17,31,3,23,25,6.97684395833333,7.81176470588235,6.51898419354839,7.66666666666667,6.60434782608696,7.3195404,1
"23",2008,1,7.38888888888889,9,7.625,7.2,9,7.66666666666667,7.25,4,5,1,3,6,57,21,36,4,26,31,7.04190368421053,7.77619047619048,6.61356972222222,8,6.72692307692308,7.30608096774194,2
"24",2008,2,8.5,2,10,7,NA,8.5,NA,1,1,0,2,0,59,22,37,4,28,31,7.0913306779661,7.87727272727273,6.62401378378378,8,6.85357142857143,7.30608096774194,3
"25",2008,3,7.93333333333333,9,8.4,7,NA,7.92857142857143,7.95,6,3,0,7,2,68,28,40,4,35,33,7.20277220588235,7.98928571428571,6.65221275,8,7.06857142857143,7.34510636363636,4
"26",2008,4,7.55882352941176,17,8.05555555555556,7,7.5,7.68181818181818,7.33333333333333,9,8,1,11,6,85,37,48,5,46,39,7.27398247058824,8.00540540540541,6.71017729166667,7.9,7.21521739130435,7.34329512820513,5
"27",2008,5,7.34848484848485,33,7.66666666666667,7.08333333333333,7.07142857142857,7.86666666666667,6.91666666666667,15,18,7,15,18,118,52,66,12,61,57,7.29481788135593,7.90769230769231,6.81194712121212,7.41666666666667,7.37540983606557,7.20857035087719,6
"28",2008,6,7.2453125,32,7.78333333333333,6.77058823529412,7.25,7.25,7.24117647058824,15,17,4,15,17,150,67,83,16,76,74,7.28425673333333,7.87985074626866,6.80347602409639,7.375,7.35065789473684,7.21606094594595,7
"29",2008,7,7.84782608695652,46,8.17241379310345,7.29411764705882,7.25,7.83333333333333,7.86363636363636,29,17,2,24,22,196,96,100,18,100,96,7.41652301020408,7.96822916666667,6.8868851,7.36111111111111,7.4665,7.36446364583333,8
"30",2008,8,7.2,37,7.66842105263158,6.70555555555556,7.75,7.296,7,19,18,4,25,12,233,115,118,22,125,108,7.382139527897,7.91869565217391,6.85922466101695,7.43181818181818,7.4324,7.32396768518519,9
"31",2008,9,7.43928571428571,28,7.85333333333333,6.96153846153846,7,7.66666666666667,7.33157894736842,15,13,2,9,19,261,130,131,24,134,127,7.38827015325671,7.91115384615385,6.8693779389313,7.39583333333333,7.44813432835821,7.32510637795276,10
"32",2008,10,7.75,16,8.5,6.78571428571429,7.16666666666667,7.72222222222222,7.78571428571429,9,7,3,9,7,277,139,138,27,143,134,7.40916429602888,7.94928057553957,6.86513413043478,7.37037037037037,7.46538461538462,7.34916798507463,11
"33",2008,11,7.27096774193548,31,8.11111111111111,6.10769230769231,NA,7.36666666666667,7.21052631578947,18,13,0,12,19,308,157,151,27,155,153,7.3952549025974,7.96783439490446,6.79992390728477,7.37037037037037,7.45774193548387,7.33195104575163,12
"34",2008,12,7.34375,32,7.60526315789474,6.96153846153846,6.5,7.28,7.37272727272727,19,13,1,10,22,340,176,164,28,165,175,7.39040738235294,7.92869318181818,6.81273481707317,7.33928571428571,7.4469696969697,7.3370772,13
"35",2009,1,7.80888888888889,45,8.36153846153846,7.05263157894737,7.75,8.24666666666667,7.59,26,19,4,15,30,385,202,183,32,180,205,7.43932080519481,7.98440594059406,6.83764213114754,7.390625,7.51361111111111,7.37409029268293,14
"36",2009,2,7.22352941176471,68,8.08333333333333,6.75454545454545,7.35714285714286,7.15909090909091,7.25434782608696,24,44,7,22,46,453,226,227,39,202,251,7.4069282781457,7.99491150442478,6.82153528634361,7.38461538461539,7.475,7.35214545816733,15
"37",2009,3,7.31051724137931,58,8.078125,6.36576923076923,6.3,7.36666666666667,7.27088235294118,32,26,5,24,34,511,258,253,44,226,285,7.39598534246575,8.00523255813954,6.77469766798419,7.26136363636364,7.46349557522124,7.3424509122807,16
"38",2009,4,7.31818181818182,44,7.97368421052632,6.82,7.66666666666667,7.98611111111111,6.85576923076923,19,25,6,18,26,555,277,278,50,244,311,7.38981713513513,8.00306859205776,6.77877161870504,7.31,7.50204918032787,7.3017636977492,17
"39",2009,5,7.83555555555556,45,8.428,7.095,7.04,7.68888888888889,7.93333333333333,25,20,5,18,27,600,302,298,55,262,338,7.42324751666667,8.03824503311258,6.799995,7.28545454545455,7.51488549618321,7.35221452662722,18
"40",2009,6,8.20357142857143,28,8.65555555555556,7.39,7.75,8.21111111111111,8.2,18,10,2,9,19,628,320,308,57,271,357,7.45803902866242,8.07296875,6.81915100649351,7.30175438596491,7.5380073800738,7.39733476190476,19
"41",2009,7,7.33863636363636,44,8.13695652173913,6.46428571428571,7.375,7.43214285714286,7.295,23,21,8,14,30,672,343,329,65,285,387,7.45022099702381,8.07725947521866,6.79650003039514,7.31076923076923,7.53280701754386,7.38940183462532,20
"42",2009,8,7.22962962962963,27,7.47272727272727,7.0625,7.5,7.15,7.27647058823529,11,16,8,10,17,699,354,345,73,295,404,7.44170030042918,8.05847457627119,6.80883626086957,7.33150684931507,7.51983050847458,7.38464977722772,21
"43",2009,9,7.02391304347826,46,7.82352941176471,6.5551724137931,6.71428571428571,6.71111111111111,7.225,17,29,7,18,28,745,371,374,80,313,432,7.41590404026846,8.04770889487871,6.78916713903743,7.2775,7.47332268370607,7.37430210648148,22
"44",2009,10,7.64285714285714,49,8.07857142857143,7.06190476190476,7.625,7.97368421052632,7.43333333333333,28,21,4,19,30,794,399,395,84,332,462,7.42990996221662,8.04987468671679,6.80366711392405,7.29404761904762,7.5019578313253,7.3781353030303,23
"45",2009,11,7.39795918367347,49,7.91666666666667,7.09677419354839,7.4375,7.7,7.26470588235294,18,31,8,15,34,843,417,426,92,347,496,7.4280527995255,8.04412470023981,6.82499650234742,7.30652173913044,7.51051873198847,7.37035989919355,24
"46",2009,12,7.25862068965517,29,8.21428571428571,6.36666666666667,6.875,6.95,7.42105263157895,14,15,4,10,19,872,431,441,96,357,515,7.42241801605505,8.04965197215777,6.8094070521542,7.28854166666667,7.49481792717087,7.37223011650485,25
"47",2010,1,7.3926,50,7.78875,7.02692307692308,7.34285714285714,7.32666666666667,7.42085714285714,24,26,7,15,35,922,455,467,103,372,550,7.42080098698482,8.03589010989011,6.82151715203426,7.29223300970874,7.4880376344086,7.37532456363636,26
"48",2010,2,7.12857142857143,28,7.91818181818182,6.61764705882353,8,6.4,7.28695652173913,11,17,2,5,23,950,466,484,105,377,573,7.41218790526316,8.03311158798283,6.81435642561983,7.30571428571429,7.4736074270557,7.371777504363,27
"49",2010,3,7.34090909090909,33,7.79545454545455,6.43181818181818,8,7.28846153846154,7.375,22,11,1,13,20,983,488,495,106,390,593,7.40979502543235,8.0223975409836,6.80585557575758,7.3122641509434,7.4674358974359,7.37188618887015,28
"50",2010,4,6.96470588235294,17,7.77,5.81428571428571,6.625,9.25,6.66,10,7,4,2,15,1000,498,502,110,392,608,7.40222851,8.01732931726907,6.79202890438247,7.28727272727273,7.4765306122449,7.35432320723684,29
"51",2010,5,6.82272727272727,33,7.91,5.91666666666667,6,6.57142857142857,6.89038461538462,15,18,5,7,26,1033,513,520,115,399,634,7.3837158857696,8.0141910331384,6.76172790384615,7.23130434782609,7.46065162907268,7.33529733438486,30
"52",2010,6,7.54861111111111,18,8.73333333333333,6.95625,NA,7.875,7.48333333333333,6,12,0,3,15,1051,519,532,115,402,649,7.38653997145576,8.02250481695568,6.76611562030075,7.23130434782609,7.46374378109453,7.33871881355932,31
"53",2010,7,7.65568181818182,44,8.42608695652174,6.81190476190476,7.25,7.29666666666667,7.84137931034483,23,21,3,15,29,1095,542,553,118,417,678,7.39735480365297,8.03963099630996,6.76785444846293,7.23177966101695,7.45773381294964,7.36021904129793,32
"54",2010,8,7.59042553191489,47,7.85,7.13235294117647,7.73333333333333,7.675,7.55454545454545,30,17,3,14,33,1142,572,570,121,431,711,7.40530079684764,8.02968531468531,6.77872545614035,7.24421487603306,7.46479118329466,7.36923841068917,33
"55",2010,9,7.500625,80,8.07549019607843,6.48965517241379,7.6,7.065625,7.609375,51,29,5,16,64,1222,623,599,126,447,775,7.41154133387889,8.03343499197432,6.76473040066778,7.25833333333333,7.4505033557047,7.38906904516129,34
"56",2010,10,7.60705882352941,85,8.15348837209302,7.04761904761905,7.16666666666667,7.96296296296296,7.44137931034483,43,42,12,27,58,1307,666,641,138,474,833,7.42425670237184,8.04118618618618,6.78326600624025,7.25036231884058,7.47969409282701,7.39271129651861,35
"57",2010,11,7.41913580246914,81,7.839,6.74193548387097,6.82,7.496,7.38482142857143,50,31,5,25,56,1388,716,672,143,499,889,7.42395786023055,8.02706703910614,6.78135938988095,7.23531468531469,7.48051102204409,7.39221429696288,36
"58",2010,12,7.41797752808989,89,8.05609756097561,6.87291666666667,6.95833333333333,7.53913043478261,7.37575757575758,41,48,12,23,66,1477,757,720,155,522,955,7.42359750169262,8.0286393659181,6.78746320833333,7.21387096774194,7.4830938697318,7.39107697382199,37
"59",2011,1,7.68495145631068,103,8.31333333333333,6.80813953488372,7.08333333333333,7.8625,7.60492957746479,60,43,12,32,71,1580,817,763,167,554,1026,7.44063513291139,8.04954712362301,6.78862845347313,7.20449101796407,7.50500902527076,7.40587574074074,38
"60",2011,2,7.60375,80,8.01020408163265,6.96129032258064,6,7.58823529411765,7.60793650793651,49,31,7,17,63,1660,866,794,174,571,1089,7.44849609036145,8.04732101616628,6.79536965994962,7.15603448275862,7.50748686514886,7.41756520661157,39
"61",2011,3,7.50347222222222,72,8.42222222222222,6.58472222222222,7.2,7.88095238095238,7.34803921568627,36,36,10,21,51,1732,902,830,184,592,1140,7.45078147228637,8.06228381374723,6.78623314457831,7.15842391304348,7.5207347972973,7.41445483333333,40
"62",2011,4,7.3275641025641,78,7.81071428571429,6.76388888888889,7.33333333333333,7.33461538461538,7.32403846153846,42,36,9,26,52,1810,944,866,193,618,1192,7.44547155248619,8.05109110169492,6.78530428406467,7.16658031088083,7.51290453074434,7.41051049496644,41
"63",2011,5,7.78083333333333,66,8.38742424242424,7.17424242424242,7.58888888888889,8.27391304347826,7.51709302325581,33,33,9,23,43,1876,977,899,202,641,1235,7.45726999466951,8.06245138178096,6.79958121245829,7.18539603960396,7.54021060842434,7.41422146558705,42
"64",2011,6,7.50878378378378,74,7.93625,7.00588235294118,6.5,7.27777777777778,7.58303571428571,40,34,7,18,56,1950,1017,933,209,659,1291,7.45922487692308,8.05748770894789,6.80709915326903,7.16244019138756,7.53304248861912,7.42154415956623,43
"65",2011,7,7.71037735849057,106,8.23928571428571,7.118,7.65,8.05227272727273,7.62083333333333,56,50,10,22,84,2056,1073,983,219,681,1375,7.47217339980545,8.06697576887232,6.82291303153611,7.18470319634703,7.54981644640235,7.43371891636364,44
"66",2011,8,7.60734265734266,143,8.15416666666667,7.05281690140845,7.4,7.58333333333333,7.61371681415929,72,71,23,30,113,2199,1145,1054,242,711,1488,7.48096339699863,8.07245851528384,6.83839991461101,7.2051652892562,7.55123066104079,7.44738811155914,45
"67",2011,9,7.61609589041096,146,8.1775,6.93560606060606,7.51333333333333,7.37142857142857,7.67415254237288,80,66,15,28,118,2345,1225,1120,257,739,1606,7.48937676332623,8.07931836734694,6.84412813392857,7.22315175097276,7.54441813261164,7.46404950809465,46
"68",2011,10,7.55528169014084,142,8.08289473684211,6.94772727272727,7.375,7.43148148148148,7.58434782608696,76,66,18,27,115,2487,1301,1186,275,766,1721,7.49313973059911,8.07952728670254,6.84989334738617,7.23309090909091,7.54043733681462,7.47208803602557,47
"69",2011,11,7.53293785310734,177,8.00795918367347,6.94367088607595,7.35,7.74722222222222,7.47822695035461,98,79,20,36,141,2664,1399,1265,295,802,1862,7.49578397522522,8.07451393852752,6.85574981027668,7.24101694915254,7.54971945137157,7.47255290547798,48
"70",2011,12,7.53496551724138,145,7.8716,7.17428571428571,7.55555555555556,7.72333333333333,7.48582608695652,75,70,18,30,115,2809,1474,1335,313,832,1977,7.49780651833392,8.06418928086839,6.87245206741573,7.25910543130991,7.55597956730769,7.47332499241275,49
"71",2012,1,7.62546583850932,161,8.11704545454545,7.03287671232877,6.91875,7.82878787878788,7.573046875,88,73,16,33,128,2970,1562,1408,329,865,2105,7.50472677104377,8.06716709346991,6.88076953835227,7.24255319148936,7.56638728323699,7.47938884085511,50
"72",2012,2,7.50857142857143,105,7.93389830508475,6.96304347826087,6.97,7.41666666666667,7.52758620689655,59,46,10,18,87,3075,1621,1454,339,883,2192,7.50485805203252,8.062316471314,6.88337242778542,7.23451327433628,7.56333522083805,7.48130178375913,51
"73",2012,3,7.265,110,7.89833333333333,6.505,7.39090909090909,6.79444444444444,7.3570652173913,60,50,11,18,92,3185,1681,1504,350,901,2284,7.49657410047096,8.05646341463415,6.87079355718085,7.23942857142857,7.54797447280799,7.47629750875657,52
"74",2012,4,7.56379310344828,116,8.12698412698413,6.89433962264151,7.1875,8.012,7.44065934065934,63,53,16,25,91,3301,1744,1557,366,926,2375,7.4989362344744,8.05901089449541,6.87159506101477,7.23715846994536,7.56050215982721,7.47493200421053,53
"75",2012,5,7.46318681318681,91,7.86792452830189,6.89868421052632,7.8,7.77857142857143,7.40584415584416,53,38,5,14,77,3392,1797,1595,371,940,2452,7.49797715507076,8.05337506956038,6.87224044514106,7.24474393530997,7.56375,7.47276244290375,54
"76",2012,6,7.62727272727273,99,7.97788461538462,7.23936170212766,7.45769230769231,7.44117647058824,7.66585365853659,52,47,13,17,82,3491,1849,1642,384,957,2534,7.50164380120309,8.05125202812331,6.88274878806334,7.251953125,7.56157262277952,7.47901085635359,55
"77",2012,7,7.51785714285714,98,7.697,7.33125,7.56923076923077,7.9,7.44879518072289,50,48,13,15,83,3589,1899,1690,397,972,2617,7.50208651713569,8.04192469720906,6.89548728402367,7.26234256926952,7.56679526748971,7.47805254489874,56
"78",2012,8,7.51691150442478,113,7.86776056338028,6.92380952380952,7.35,6.92083333333333,7.67765168539326,71,42,10,24,89,3702,1970,1732,407,996,2706,7.5025390356564,8.03564771573604,6.89617408198614,7.26449631449631,7.55122991967871,7.48461733555063,57
"79",2012,9,7.6312030075188,133,8.07397260273973,7.0925,7.51052631578947,7.48888888888889,7.66745283018868,73,60,19,27,106,3835,2043,1792,426,1023,2812,7.50700117601043,8.03701713166912,6.90274749441964,7.27546948356807,7.54958455522972,7.49150942745377,58
"80",2012,10,7.74364640883978,181,8.09684684684685,7.18357142857143,6.91935483870968,7.86046511627907,7.70724637681159,111,70,31,43,138,4016,2154,1862,457,1066,2950,7.51766671065737,8.04010027855153,6.91330478517723,7.25131291028446,7.56212476547842,7.50160152881356,59
"81",2012,11,7.61018518518518,162,7.98064516129032,7.11086956521739,6.73863636363636,7.72794117647059,7.57890625,93,69,22,34,128,4178,2247,1931,479,1100,3078,7.52125407132599,8.03763951935915,6.92036432418436,7.22776617954071,7.56725,7.50481628005198,60
"82",2012,12,7.77329192546584,161,8.15865384615385,7.07017543859649,6.93181818181818,7.45714285714286,7.86111111111111,104,57,22,35,126,4339,2351,1988,501,1135,3204,7.53060601751556,8.04299276903446,6.92465971327968,7.21477045908184,7.56385462555066,7.51882787453183,61
"83",2013,1,7.49901041666667,192,8.05221238938053,6.70772151898734,7.15909090909091,7.82105263157895,7.41954545454545,113,79,22,38,154,4531,2464,2067,523,1173,3358,7.52926716177444,8.04341558441559,6.91636841315917,7.21242829827916,7.57218670076726,7.51427472007147,62
"84",2013,2,7.44831081081081,148,7.90921052631579,6.96180555555556,7.30357142857143,7.30535714285714,7.48166666666667,76,72,14,28,120,4679,2540,2139,537,1201,3478,7.5267064565078,8.0394,6.91789785413745,7.21480446927374,7.56596586178185,7.51314965784934,63
"85",2013,3,7.4824,135,8.07205882352941,6.88394029850746,7.24577777777778,7.24413333333333,7.55047619047619,68,67,18,30,105,4814,2608,2206,555,1231,3583,7.52546396136269,8.04025153374233,6.9168665049864,7.21580900900901,7.55812266450041,7.51424351381524,64
"86",2013,4,7.44824561403509,114,7.86666666666667,6.98333333333333,6.55,8.10277777777778,7.32552083333333,60,54,10,18,96,4928,2668,2260,565,1249,3679,7.52367766030844,8.03634782608696,6.91845465044248,7.20402477876106,7.56597197758207,7.50931897526502,65
"87",2013,5,7.57570093457944,107,7.91785714285714,7.2,7.61176470588235,7.37368421052632,7.61931818181818,56,51,17,19,88,5035,2724,2311,582,1268,3767,7.52478321946375,8.03391189427313,6.92466789701428,7.21593470790378,7.56309069400631,7.51188864082824,66
"88",2013,6,7.53039215686274,102,7.9,7.00238095238095,7.2,7.84782608695652,7.4379746835443,60,42,10,23,79,5137,2784,2353,592,1291,3846,7.52489459022776,8.03102586206897,6.92605504037399,7.21566554054054,7.56816343919442,7.5103703874155,67
"89",2013,7,7.54389312977099,131,7.98310810810811,6.97368421052632,6.88888888888889,7.8125,7.48364485981308,74,57,18,24,107,5268,2858,2410,610,1315,3953,7.5253670292331,8.02978516445067,6.92718153941909,7.20602295081967,7.57262281368821,7.50964697950923,68
"90",2013,8,7.504,100,8.01632653061225,7.01176470588235,6.75,8.175,7.33625,49,51,12,20,80,5368,2907,2461,622,1335,4033,7.52496898472429,8.02955830753354,6.9289343803332,7.19722508038585,7.58164719101124,7.5062074163154,69
"91",2013,9,7.5636,125,7.89632352941176,7.16666666666667,6.6125,8.05263157894737,7.47594339622642,68,57,16,19,106,5493,2975,2518,638,1354,4139,7.52584808119425,8.02651294117647,6.93431592930897,7.18256112852665,7.58825627769572,7.50543235322542,70
"92",2013,10,7.11910569105691,123,7.64609375,6.54745762711864,6.58571428571429,6.375,7.24666666666667,64,59,21,18,105,5616,3039,2577,659,1372,4244,7.5169397275641,8.01850148075025,6.92545887077997,7.16354172989378,7.5723389212828,7.49903028039585,71
"93",2013,11,7.39061643835616,146,7.95630952380952,6.6241935483871,6.5375,7.68529411764706,7.30116071428571,84,62,16,34,112,5762,3123,2639,675,1406,4356,7.51373889448108,8.01682869036184,6.9183810193255,7.14870222222222,7.57507041251778,7.49394272497704,72
"94",2013,12,7.61701030927835,97,8.22924528301887,6.87954545454545,6.91875,8.045,7.50584415584416,53,44,16,20,77,5859,3176,2683,691,1426,4433,7.51544862775217,8.0203734256927,6.91774413343272,7.14337771345876,7.58166129032258,7.49414944958267,73
"95",2014,1,7.47015625,160,7.99478021978022,6.77826086956522,6.85333333333333,7.63125,7.44714285714286,91,69,15,20,140,6019,3267,2752,706,1446,4573,7.51424464362851,8.01966054484237,6.91424691497093,7.13721529745043,7.58234716459198,7.49271036737371,74
"96",2014,2,7.58899082568807,109,7.89365079365079,7.17173913043478,6.72857142857143,7.67916666666667,7.56352941176471,63,46,14,24,85,6128,3330,2798,720,1470,4658,7.51557416938642,8.01727657657658,6.91848016797713,7.12926944444445,7.58392789115646,7.49400268570202,75
"97",2014,3,7.27320512820513,78,7.585,7.00595238095238,7.21538461538462,6.84375,7.38403225806452,36,42,13,16,62,6206,3366,2840,733,1486,4720,7.51252795842733,8.01265329768271,6.91977377112676,7.13079672578445,7.57595827725437,7.4925581588983,76
"98",2014,4,7.17571428571429,70,7.59428571428571,6.75714285714286,7.25,6.98461538461538,7.21929824561404,35,35,4,13,57,6276,3401,2875,737,1499,4777,7.50877127310389,8.00834783887093,6.91779391652174,7.13144369063772,7.57082988659106,7.48929757379108,77
"99",2014,5,7.77530864197531,81,8.108,7.23870967741935,6.68181818181818,7.88235294117647,7.746875,50,31,11,17,64,6357,3451,2906,748,1516,4841,7.51216745477426,8.00979165459288,6.92121731245699,7.12483155080214,7.57432321899736,7.49270285271638,78
"100",2014,6,7.44173913043478,92,8.04553191489362,6.81111111111111,7.125,7.752,7.35555555555556,47,45,12,20,72,6449,3498,2951,760,1536,4913,7.51116273995968,8.0102718696398,6.91953829549305,7.12483421052632,7.57663671875,7.49069295949522,79
"101",2014,7,7.33556701030928,97,7.90909090909091,6.85943396226415,6.92857142857143,7.10294117647059,7.385,44,53,14,17,80,6546,3542,3004,774,1553,4993,7.50856072563397,8.00901496329758,6.91847786617843,7.1212842377261,7.57145138441726,7.48899950130182,80
"102",2014,8,7.43870588235294,85,7.78442307692308,6.89393939393939,6.8,7.46,7.43257575757576,52,33,10,19,66,6631,3594,3037,784,1572,5059,7.50766528577892,8.00576544240401,6.91821123147843,7.1171862244898,7.57010432569974,7.48826339395137,81
"103",2014,9,7.35357142857143,84,7.781,6.725,7.02083333333333,7.32142857142857,7.36964285714286,50,34,12,28,56,6715,3644,3071,796,1600,5115,7.50573767833209,8.00268139407245,6.91607212959948,7.11573366834171,7.5657525,7.48696471358749,82
"104",2014,10,7.37613636363636,88,7.975,6.87708333333333,6.71875,7.2,7.40394736842105,40,48,16,12,76,6803,3684,3119,812,1612,5191,7.5040612244598,8.00238083604778,6.91547210965053,7.10791133004926,7.56302977667494,7.48574927952225,83
"105",2014,11,7.475,100,7.90957446808511,7.08962264150943,6.89444444444444,7.48076923076923,7.47413793103448,47,53,9,13,87,6903,3731,3172,821,1625,5278,7.50364023033464,8.00121173948004,6.91838193883985,7.1055712545676,7.56237169230769,7.48555788366806,84
"106",2014,12,7.37774193548387,93,7.90454545454545,6.90469387755102,6.77692307692308,7.76363636363636,7.3259756097561,44,49,13,11,82,6996,3775,3221,834,1636,5360,7.50196662521441,8.00008503311259,6.91817370692332,7.100448441247,7.5637249388753,7.4831165130597,85
"107",2015,1,7.63576388888889,144,8.23846153846154,6.92348484848485,7.19411764705882,7.7175,7.62258064516129,78,66,17,20,124,7140,3853,3287,851,1656,5484,7.50466505742297,8.00491071892033,6.9182803498631,7.1023196239718,7.56558212560386,7.48626996900073,86
"108",2015,2,7.44438775510204,98,8.04056603773585,6.74222222222222,7.20833333333333,7.96111111111111,7.328125,53,45,12,18,80,7238,3906,3332,863,1674,5564,7.50384892373584,8.00539452124937,6.91590261404562,7.10379374275782,7.56983512544803,7.48399613767074,87
"109",2015,3,7.34166666666667,96,7.99166666666667,6.69166666666667,7.45833333333333,7.24736842105263,7.36493506493507,48,48,12,19,77,7334,3954,3380,875,1693,5641,7.50172600354513,8.00522787051088,6.91271819822485,7.108656,7.56621618428824,7.48237094664067,88
"110",2015,4,7.53578431372549,102,8.06779661016949,6.80581395348837,7.22727272727273,7.575,7.52621951219512,59,43,11,20,82,7436,4013,3423,886,1713,5723,7.50219318316299,8.00614776974832,6.91137525854514,7.11012866817156,7.56631873905429,7.48299921544644,89
"111",2015,5,7.13494623655914,93,7.79555555555556,6.515625,7.09090909090909,7.01111111111111,7.16466666666667,45,48,11,18,75,7529,4058,3471,897,1731,5798,7.49765686146899,8.00381246919665,6.90590248055316,7.10989297658863,7.56054534950895,7.47888142635391,90
"112",2015,6,7.35261904761905,84,7.95789473684211,6.85260869565217,7.05714285714286,7.30526315789474,7.36646153846154,38,46,14,19,65,7613,4096,3517,911,1750,5863,7.49605654932353,8.00338647460938,6.90520543360819,7.10908232711306,7.55777371428571,7.47763508613338,91
"113",2015,7,7.40131578947368,76,8.2525,6.45555555555556,7.3,7.64285714285714,7.3768115942029,40,36,7,7,69,7689,4136,3553,918,1757,5932,7.49512010794642,8.00579569632496,6.90064945398255,7.11053812636166,7.55811269208879,7.4764623246797,92
"114",2015,8,7.6921686746988,83,8.29886363636364,7.00769230769231,7.57333333333333,8.11538461538461,7.61357142857143,44,39,15,13,70,7772,4180,3592,933,1770,6002,7.49722446088523,8.00888062200958,6.90181166759466,7.11797856377278,7.56220564971751,7.47806139786738,93
"115",2015,9,7.18085106382979,94,7.65975609756098,6.81037735849057,6.63888888888889,6.79166666666667,7.23780487804878,41,53,18,12,82,7866,4221,3645,951,1782,6084,7.49344374650394,8.00548945747454,6.90048217009602,7.10891062039958,7.55701683501683,7.47482322649573,94
"116",2015,10,7.33966666666667,90,8.12958333333333,6.43690476190476,5.85714285714286,8.01470588235294,7.18246575342466,48,42,7,17,73,7956,4269,3687,958,1799,6157,7.49170418677727,8.00688475052706,6.89520138595064,7.09976409185804,7.56134185658699,7.47135691245736,95
"117",2015,11,7.39215517241379,116,7.91981132075472,6.94825396825397,6.71875,7.328,7.40978021978022,53,63,16,25,91,8072,4322,3750,974,1824,6248,7.49027360133796,8.0058169828783,6.89609266933333,7.09350513347023,7.55814364035088,7.47046006882202,96
"118",2015,12,7.53653846153846,104,8.11379310344828,6.80869565217391,6.60769230769231,7.80555555555556,7.48023255813953,58,46,13,18,86,8176,4380,3796,987,1842,6334,7.49086209760274,8.00724680365298,6.89503359062171,7.08710638297873,7.56056134636265,7.47059275497316,97
"119",2016,1,7.30086956521739,115,8.06632653061224,6.73257575757576,6.705,7.24423076923077,7.31741573033708,49,66,20,26,89,8291,4429,3862,1007,1868,6423,7.48822681341213,8.00790042899075,6.8922572527188,7.07951737835154,7.55615845824411,7.46847026467383,98
"120",2016,2,7.48784722222222,72,8.05263157894737,6.85661764705882,7.05681818181818,7.70833333333333,7.44375,38,34,11,12,60,8363,4467,3896,1018,1880,6483,7.48822354537845,8.0082809491829,6.89194622946612,7.0792721021611,7.55712978723404,7.46824147925343,99
"121",2016,3,7.72727272727273,77,8.37179487179487,7.06578947368421,6.87142857142857,7.93181818181818,7.64545454545455,39,38,7,22,55,8440,4506,3934,1025,1902,6538,7.4904044443128,8.01142720816689,6.8936254473818,7.07785268292683,7.56146372239748,7.46973225910064,100
"122",2016,4,7.19493670886076,79,7.82777777777778,6.66511627906977,5.3,7.00909090909091,7.225,36,43,10,11,68,8519,4542,3977,1035,1913,6606,7.4876644570959,8.0099715984148,6.89115476741262,7.06067536231884,7.55828750653424,7.46721306539509,101
"123",2016,5,7.17523235294118,68,7.83714285714286,6.47320606060606,6.74285714285714,7.09375,7.20030384615385,35,33,7,16,52,8587,4577,4010,1042,1929,6658,7.4851903237452,8.00864998907582,6.88771528927681,7.05854030710173,7.5544344219803,7.46512846350255,102
"124",2016,6,7.44648,75,8.02179487179487,6.82322222222222,7.5,8.32142857142857,7.24567213114754,39,36,9,14,61,8662,4616,4046,1051,1943,6719,7.48485515008081,8.00876104852687,6.88714145081562,7.06232064700286,7.55996088522903,7.46313607828546,103
"125",2016,7,7.65234375,64,8.25909090909091,7.00645161290323,6.64285714285714,7.775,7.618,33,31,7,14,50,8726,4649,4077,1058,1957,6769,7.48608357895943,8.01053796515381,6.88804864115771,7.05954536862004,7.56149923352069,7.46427999852268,104
"126",2016,8,7.56438356164384,73,8.11463414634146,6.859375,6.5,8.75,7.49565217391304,41,32,5,4,69,8799,4690,4109,1063,1961,6838,7.48673318672576,8.01144797441365,6.88782533706498,7.05691345249295,7.56392350841407,7.46459656478502,105
"127",2016,9,7.58011627906977,86,8.15666666666667,6.94731707317073,7.17909090909091,7.34071428571429,7.62666666666667,45,41,11,14,72,8885,4735,4150,1074,1975,6910,7.48763706359032,8.01282808870117,6.88841308674699,7.05816480446928,7.56234126582279,7.46628528364689,106
"128",2016,10,7.29565217391304,69,8.02307692307692,6.85581395348837,6.63571428571429,6.78181818181818,7.39310344827586,26,43,14,11,58,8954,4761,4193,1088,1986,6968,7.48615761782444,8.01288405797102,6.88807877653232,7.05272886029412,7.55801812688822,7.46567613518944,107
"129",2016,11,7.48510638297872,94,8.15869565217391,6.83958333333333,7.45,8.12105263157895,7.324,46,48,8,19,75,9048,4807,4241,1096,2005,7043,7.48614669650752,8.01427938423134,6.88752990096675,7.05562864963504,7.5633536159601,7.46416744427091,108
"130",2016,12,7.1995,100,7.75222222222222,6.74727272727273,6.73684210526316,7.4,7.16411764705882,45,55,19,15,85,9148,4852,4296,1115,2020,7128,7.48301326082204,8.01184892827701,6.88573424348231,7.05019641255606,7.56214059405941,7.46058940937149,109
"131",2017,1,7.28876404494382,89,7.76826923076923,6.61486486486486,6.25,7.975,7.20189873417721,52,37,12,10,79,9237,4904,4333,1127,2030,7207,7.4811416379777,8.00926610929854,6.88342125778906,7.0416761313221,7.56417438423645,7.45775375468295,110
"132",2017,2,7.51094117647059,85,7.822,7.06657142857143,7.1125,7.68125,7.47144927536232,50,35,8,16,69,9322,4954,4368,1135,2046,7276,7.48141335657584,8.0073760597497,6.88488880723443,7.04217533039648,7.5650899315738,7.45788363249038,111
"133",2017,3,7.6337037037037,81,8.1025,6.79310344827586,6.83333333333333,8.2,7.55394366197183,52,29,3,10,71,9403,5006,4397,1138,2056,7347,7.48272522705519,8.0083641630044,6.88428344553104,7.04162478031635,7.5681780155642,7.45881193820607,112
"134",2017,4,7.5546052631579,76,7.99871794871795,7.08648648648649,7.78571428571429,7.875,7.49453125,39,37,7,12,64,9479,5045,4434,1145,2068,7411,7.48330154130182,8.00828959365709,6.88597075101489,7.04617379912664,7.5699584139265,7.45912040345432,113
"135",2017,5,7.30772151898734,79,7.79368421052632,6.85731707317073,6.80909090909091,8.18,7.06854838709677,38,41,11,17,62,9558,5083,4475,1156,2085,7473,7.48185031491944,8.00668522526068,6.88570822569832,7.04391782006921,7.57493237410072,7.45588000936706,114
"136",2017,6,7.53829787234043,47,8.35185185185185,6.44,6.4,6.8,7.62619047619048,27,20,5,5,42,9605,5110,4495,1161,2090,7515,7.4821265288912,8.00850900195695,6.88372509677419,7.04114470284238,7.57307846889952,7.45683184431138,115
"137",2017,7,7.69085714285714,70,8.26774193548387,7.23230769230769,7.11666666666667,7.75,7.67607142857143,31,39,6,14,56,9675,5141,4534,1167,2104,7571,7.4836367245478,8.01007216494846,6.88672349139832,7.04153299057412,7.57425570342205,7.45845348170651,116
"138",2017,8,7.34518987341772,79,8.02621621621622,6.7452380952381,6.2,7.63636363636364,7.29808823529412,37,42,5,11,68,9754,5178,4576,1172,2115,7639,7.48251541008817,8.0101875241406,6.88542489291958,7.03794283276451,7.57457872340425,7.45702596020422,117
"139",2017,9,7.2275,52,7.93809523809524,6.74612903225806,7.15,5.85,7.2826,21,31,10,2,50,9806,5199,4607,1182,2117,7689,7.48116309504385,8.00989632621658,6.88448758628174,7.03889086294416,7.57294945677846,7.4558917037326,118
"140",2017,10,7.14852941176471,68,7.76129032258065,6.63513513513514,6,7.28,7.12586206896552,31,37,5,10,58,9874,5230,4644,1187,2127,7747,7.47887232226048,8.00842275334608,6.88250092807924,7.03451474304971,7.57157216737188,7.45342084807022,119
"141",2017,11,7.06369863013699,73,7.91428571428571,6.28026315789474,6.0125,7.425,6.96228070175439,35,38,8,16,57,9947,5265,4682,1195,2143,7804,7.47582540564994,8.00779696106363,6.87761305211448,7.02767280334728,7.57047783481101,7.44983358662224,120
"142",2017,12,7.58150684931507,73,8.26025641025641,6.80294117647059,6.33333333333333,7.95384615384615,7.50083333333333,39,34,6,13,60,10020,5304,4716,1201,2156,7864,7.47659534031936,8.00965328054299,6.87707470525869,7.02420399666944,7.57278942486085,7.45022269964395,121
"143",2018,1,7.76716981132075,106,8.16967213114754,7.22155555555556,7.07454545454545,7.90909090909091,7.75073684210526,61,45,11,11,95,10126,5365,4761,1212,2167,7959,7.47963710349595,8.01147269338304,6.88033066792691,7.02466089108911,7.574496538994,7.45380968840307,122
"144",2018,2,7.1612676056338,71,7.79594594594595,6.47058823529412,6.13636363636364,7.203125,7.14909090909091,37,34,11,16,55,10197,5402,4795,1223,2183,8014,7.47742035010297,8.00999648278416,6.87742529927007,7.01667130008177,7.57177462207971,7.45171840653856,123
"145",2018,3,7.3198717948718,78,7.88548387096774,6.9468085106383,6.92857142857143,7.42307692307692,7.29923076923077,31,47,14,13,65,10275,5433,4842,1237,2196,8079,7.47622436107056,8.00928602981778,6.87809878356051,7.01567421180275,7.57089435336976,7.45049155959896,124
"146",2018,4,7.62769230769231,65,8.27692307692308,6.65384615384615,6.4,7.375,7.66315789473684,39,26,5,8,57,10340,5472,4868,1242,2204,8136,7.47717652901354,8.01119353070176,6.87690104971241,7.01319565217392,7.5701833030853,7.45198147861357,125
"147",2018,5,7.44328125,64,8.23592592592593,6.86486486486486,6.875,8.30555555555556,7.30218181818182,27,37,8,9,55,10404,5499,4905,1250,2213,8191,7.47696802287582,8.0122969630842,6.87681025688073,7.0123112,7.57317397198373,7.45097562080332,126
"148",2018,6,7.58964285714286,56,8.05714285714286,6.81047619047619,8.25,7.96,7.48863636363636,35,21,2,12,44,10460,5534,4926,1252,2225,8235,7.47757125334608,8.01258059269968,6.87652746853431,7.01428833865815,7.5752602247191,7.45117684395871,127
"149",2018,7,7.40232558139535,43,7.98,6.9,6.125,7.1875,7.45142857142857,20,23,4,8,35,10503,5554,4949,1256,2233,8270,7.47726319242121,8.01246326971552,6.87663655485957,7.01145621019108,7.5738710255262,7.45117790931076,128
"150",2018,8,7.24583333333333,60,7.84310344827586,6.68709677419355,6.7,7.38636363636364,7.21428571428571,29,31,5,11,49,10563,5583,4980,1261,2244,8319,7.47594862349711,8.0115835572273,6.87545668875502,7.01022125297383,7.57295187165775,7.44978258324318,129
"151",2018,9,7.35149253731343,67,7.89655172413793,6.93552631578947,6.0625,7.125,7.40090909090909,29,38,8,12,55,10630,5612,5018,1269,2256,8374,7.47516418720602,8.01098913043479,6.87591158031088,7.00424665090623,7.57056914893617,7.44946158466683,130
"152",2018,10,7.56776315789474,76,8.11891891891892,7.04487179487179,6.38888888888889,7.58846153846154,7.56349206349206,37,39,9,13,63,10706,5649,5057,1278,2269,8437,7.47582153091724,8.01169605239866,6.87721461538462,6.99991314553991,7.5706716615249,7.45031306270001,131
"153",2018,11,7.45485714285714,70,8.05542857142857,6.85428571428571,6.16666666666667,8.35,7.26965517241379,35,35,6,12,58,10776,5684,5092,1284,2281,8495,7.47568534799554,8.01196534130894,6.87705701296151,6.99601947040499,7.57477159140728,7.44907961271336,132
"154",2018,12,7.57387096774194,62,8.08571428571429,6.91037037037037,8,7.798,7.53076923076923,35,27,4,10,52,10838,5719,5119,1288,2291,8547,7.47624702989481,8.01241668123798,6.87723272318812,6.99913742236025,7.57574596246181,7.44957661284661,133
"155",2019,1,7.5292,100,8.07763636363636,6.85888888888889,6.91071428571429,8.00428571428571,7.45186046511628,55,45,14,14,86,10938,5774,5164,1302,2305,8633,7.47673114920461,8.01303792864566,6.8770728718048,6.9981866359447,7.57834880694143,7.44959936406811,134
"156",2019,2,7.70171428571429,70,8.04926829268293,7.21034482758621,7,8.15142857142857,7.58928571428571,41,29,9,14,56,11008,5815,5193,1311,2319,8689,7.47816181958575,8.01329337919175,6.87893400924321,6.99819908466819,7.581808538163,7.45049963286915,135
"157",2019,3,7.23846153846154,65,7.88709677419355,6.64705882352941,6.5,7.26666666666667,7.23,31,34,7,15,50,11073,5846,5227,1318,2334,8739,7.47675474668111,8.01262418747862,6.87742573369045,6.9955531107739,7.57978320479863,7.44923804897586,136
"158",2019,4,7.23983050847458,59,8.18703703703704,6.440625,6.72,7.6,7.16632653061224,27,32,5,10,49,11132,5873,5259,1323,2344,8788,7.47549903970535,8.01342601736762,6.87476788552957,6.99451171579743,7.57986945392491,7.44766059512972,137
"159",2019,5,7.52678571428571,56,8.12058823529412,6.60909090909091,6.25,7.81818181818182,7.45555555555556,34,22,2,11,45,11188,5907,5281,1325,2355,8833,7.47575574812299,8.01404283054004,6.87366110774475,6.9933879245283,7.58098259023355,7.44770081625722,138
"160",2019,6,7.59821428571429,56,8.109375,6.91666666666667,6.625,7.075,7.68541666666667,32,24,4,8,48,11244,5939,5305,1329,2363,8881,7.47636564478833,8.01455649099175,6.8738556663525,6.9922791572611,7.57926957257723,7.44898562211463,139
"161",2019,7,7.36833333333333,54,8.05346153846154,6.73214285714286,7.1,7.39444444444444,7.36311111111111,26,28,3,9,45,11298,5965,5333,1332,2372,8926,7.47584929279518,8.01472606873429,6.87311162760173,6.99252177177177,7.57856829679595,7.44855268989469,140
"162",2019,8,7.2473417721519,79,7.81794871794872,6.691,6.375,7.01666666666667,7.31540983606557,39,40,4,18,61,11377,6004,5373,1336,2390,8987,7.47426257449239,8.01344786808795,6.87175587381351,6.99067290419162,7.57433640167364,7.44764897184823,141
"163",2019,9,7.16540540540541,74,8.00617647058824,6.45075,6.386,7.70833333333333,7.06032258064516,34,40,10,12,62,11451,6038,5413,1346,2402,9049,7.47226664134137,8.01340692282213,6.86864480140403,6.98618053491828,7.57500582847627,7.44499517184219,142
"164",2019,10,7.49883870967742,62,8.05147058823529,6.82778571428571,6.3,6.90625,7.58662962962963,34,28,5,8,54,11513,6072,5441,1351,2410,9103,7.47240973768783,8.01362005928854,6.8684345359309,6.98364100666173,7.57278589211618,7.44583536306712,143
"165",2019,11,7.46849315068493,73,7.97142857142857,7.00526315789474,6.87,8.33333333333333,7.3910447761194,35,38,10,6,67,11586,6107,5479,1361,2416,9170,7.47238506041774,8.0133782544621,6.86938352071546,6.98280602498163,7.57467466887417,7.44543503925845,144
"166",2019,12,7.69371148148148,54,8.08709677419355,7.16349652173913,NA,10,7.60500807692308,31,23,0,2,52,11640,6138,5502,1361,2418,9222,7.47341183247423,8.01375057021831,6.87061300072701,6.98280602498163,7.57668072787428,7.44633482216439,145
"167",2020,1,7.5153085106383,94,8.12977551020408,6.84622222222222,6.64285714285714,7.417,7.54021333333333,49,45,7,19,75,11734,6187,5547,1368,2437,9297,7.47374746292824,8.01466946823986,6.87041513070128,6.98106652046784,7.57543578169881,7.44709215123158,146
"168",2020,2,7.73846153846154,65,8.18709677419355,7.32941176470588,6,8.3,7.69166666666667,31,34,4,5,60,11799,6218,5581,1372,2442,9357,7.47520575726756,8.01552910903828,6.87321138326465,6.97820626822158,7.57691932841933,7.44866043924335,147
"169",2020,3,7.5369965625,64,8.49920642857143,6.78861111111111,6.4,8.21176470588235,7.2929314893617,28,36,5,17,47,11863,6246,5617,1377,2459,9404,7.47553911405209,8.01769737111752,6.87266917037565,6.97610675381264,7.58130825538837,7.4478821256912,148
"170",2020,4,7.78645833333333,48,8.31612903225806,6.82058823529412,6.05,8.13636363636364,7.68243243243243,31,17,5,11,37,11911,6277,5634,1382,2470,9441,7.47679208378809,8.01917122510754,6.87251202165424,6.97275615050652,7.58378016194332,7.44880134625569,149
"171",2020,5,7.34509803921569,51,8.1304347826087,6.7,6.35,6.25,7.54883720930233,23,28,6,8,43,11962,6300,5662,1388,2478,9484,7.47623060608594,8.01957742539683,6.87165890674673,6.97006412103747,7.57947417271993,7.44925490404893,150
"172",2020,6,7.59722222222222,54,8.25769230769231,6.98392857142857,6.71111111111111,8.0625,7.51630434782609,26,28,9,8,46,12016,6326,5690,1397,2486,9530,7.4767743433755,8.02055608283276,6.87221137609842,6.96839584824624,7.58102855993564,7.44957854249738,151
"173",2020,7,7.25795454545455,44,7.971875,6.85,6.82857142857143,7.23181818181818,7.26666666666667,16,28,7,11,33,12060,6342,5718,1404,2497,9563,7.47597599585406,8.02043326710817,6.87210261105282,6.96769871794872,7.57949018822587,7.44894735020391,152
"174",2020,8,7.64888888888889,45,8.09583333333333,7.13809523809524,6.9,7.325,7.68048780487805,24,21,2,4,41,12105,6366,5739,1406,2501,9604,7.47661879471293,8.02071752748979,6.87307592437707,6.96760241820768,7.5790831667333,7.4499358090379,153
"175",2020,9,7.51666666666667,45,7.90625,7.07142857142857,6.4,7.625,7.48571428571429,24,21,5,10,35,12150,6390,5760,1411,2511,9639,7.47676712016461,8.02028760250391,6.87379908506944,6.96559107016301,7.57926602947033,7.45006572362278,154
"176",2020,10,7.45086206896552,58,8.125,6.903125,7.33333333333333,7.6875,7.413,26,32,6,8,50,12208,6416,5792,1417,2519,9689,7.47664404570773,8.02071193578554,6.8739611066989,6.96714820042343,7.57960976578007,7.44987444627929,155
"177",2020,11,7.57847222222222,72,8.07121212121212,7.16153846153846,6.57142857142857,7.73333333333333,7.53771929824561,33,39,7,15,57,12280,6449,5831,1424,2534,9746,7.47724108387622,8.0209703488913,6.87588453610016,6.9652029494382,7.58051973164956,7.45038821157398,156
"178",2020,12,7.59850746268657,67,7.94444444444444,7.19677419354839,6.41666666666667,7.5,7.61186440677966,36,31,6,8,59,12347,6485,5862,1430,2542,9805,7.47789912610351,8.02054553276793,6.87758149607643,6.9629013986014,7.58026632572777,7.45135986843447,157
"179",2021,1,7.72418666666667,75,8.01808510638298,7.23085714285714,7.1285,7.79705882352941,7.7028275862069,47,28,4,17,58,12422,6532,5890,1434,2559,9863,7.47938613025278,8.02052782914881,6.8792609049236,6.96336331938633,7.58170652598671,7.45283864037311,158
"180",2021,2,7.66511627906977,43,8.01739130434783,7.26,8,7.21666666666667,7.73783783783784,23,20,1,6,37,12465,6555,5910,1435,2565,9900,7.48002683594063,8.02051682379863,6.88054936209814,6.96408571428572,7.58085263157894,7.45390378888889,159
"181",2021,3,7.72851063829787,47,8.16928571428571,7.07894736842105,7.08333333333333,7.92857142857143,7.6935,28,19,6,7,40,12512,6583,5929,1441,2572,9940,7.48096023897059,8.02114959440985,6.88118514589307,6.96458223455933,7.58179898911353,7.45486795875252,160
"182",2021,4,7.784375,48,8.52916666666667,7.03958333333333,6.66666666666667,8.33333333333333,7.65769230769231,24,24,6,9,39,12560,6607,5953,1447,2581,9979,7.48211978582802,8.0229949719994,6.88182374097094,6.96334692467174,7.58441960480434,7.45566063834052,161
"183",2021,5,7.31363636363636,44,7.76086956521739,6.82380952380952,5.5,6.96,7.35897435897436,23,21,4,5,39,12604,6630,5974,1451,2586,10018,7.4815316177404,8.02208563800905,6.88161980749916,6.95931288766368,7.58321229698376,7.45528423936914,162
"184",2021,6,7.41176470588235,34,7.79761904761905,6.78846153846154,8,7.2,7.41818181818182,21,13,1,1,33,12638,6651,5987,1452,2587,10051,7.48134392388036,8.0213769027214,6.881417526307,6.96002961432507,7.58306416698879,7.45516242264451,163
"185",2021,7,7.625,40,7.95454545454545,7.22222222222222,6.5,7.78571428571429,7.59090909090909,22,18,2,7,33,12678,6673,6005,1454,2594,10084,7.48179716911185,8.02115656826015,6.88243908909242,6.95939683631362,7.58361102544333,7.45560665509718,164
"186",2021,8,7.51826086956522,46,7.91977272727273,7.15020833333333,6.9375,7.466875,7.52907894736842,22,24,8,8,38,12724,6695,6029,1462,2602,10122,7.48192899324112,8.02082341747573,6.88350501409852,6.95927701778386,7.58325211375864,7.45588248468682,165
"187",2021,9,7.5475,60,8.05961538461538,7.15588235294118,7.41666666666667,7.44444444444444,7.5656862745098,26,34,6,9,51,12784,6721,6063,1468,2611,10173,7.48223674202128,8.02097348311263,6.88503244763319,6.96114645776567,7.58277364994255,7.45643296077853,166
"188",2021,10,7.43623188405797,69,7.76666666666667,7.18205128205128,5.85,7.63888888888889,7.36470588235294,30,39,8,18,51,12853,6751,6102,1476,2629,10224,7.48198976970357,8.01984339801511,6.88693079809898,6.95512398373984,7.5831578546976,7.45597540199531,167
"189",2021,11,7.34615384615385,52,8.36086956521739,6.54137931034483,7.25,7.25,7.375,23,29,2,12,40,12905,6774,6131,1478,2641,10264,7.4814424261914,8.02100129613227,6.88529631870821,6.95552300405954,7.58164407421431,7.45565983144973,168
"190",2021,12,7.633125,64,7.80413793103448,7.49142857142857,6.75,7.6275,7.63392857142857,29,35,4,8,56,12969,6803,6166,1482,2649,10320,7.48219095612615,8.02007684550933,6.88873690074603,6.95496828609987,7.5817825594564,7.45662718120155,169
"191",2022,1,7.51024096385542,83,8.08589743589744,7,6.78571428571429,7.75,7.45298507462687,39,44,7,16,67,13052,6842,6210,1489,2665,10387,7.48236933113699,8.0204520286466,6.88952523832528,6.95417259905977,7.58279249530957,7.45660368826418,170
"192",2022,2,7.51527777777778,72,7.909375,7.2,7.25,7.25,7.53939393939394,32,40,8,6,66,13124,6874,6250,1497,2671,10453,7.48254987122828,8.01993494035496,6.8915122768,6.95575350701403,7.58204492699363,7.45712642399311,171
"193",2022,3,7.61003225806452,62,8.24264516129032,6.97741935483871,6.6,7.55,7.62444,31,31,5,12,50,13186,6905,6281,1502,2683,10503,7.48314928788109,8.02093479797248,6.89193627288648,6.95456924101198,7.58190160268356,7.45792292773494,172
"194",2022,4,7.58083333333333,60,8.15322580645161,6.96896551724138,7.5,7.92,7.513,31,29,2,10,50,13246,6936,6310,1504,2693,10553,7.48359176430621,8.02152606401384,6.89229029001585,6.95529454787234,7.58315707389528,7.45818388230835,173
"195",2022,5,7.38413475409836,61,8.1080075862069,6.728125,6.91666666666667,7.52571428571429,7.34196212765957,29,32,6,14,47,13307,6965,6342,1510,2707,10600,7.4831358480499,8.02188614501077,6.89146195679596,6.95514105960265,7.58285999261174,7.45766855943396,174
"196",2022,6,7.6,51,8.39565217391304,6.94642857142857,6.5,8.5,7.25945945945946,23,28,5,14,37,13358,6988,6370,1515,2721,10637,7.4835820279982,8.02311634230109,6.89170356828885,6.95363894389439,7.58757883131201,7.4569791040707,175
"197",2022,7,7.71944444444444,54,8.10333333333333,7.23958333333333,6.35,7.96363636363636,7.65697674418605,30,24,5,11,43,13412,7018,6394,1520,2732,10680,7.48453166790934,8.0234592476489,6.89300934157022,6.95165328947368,7.58909297218155,7.45778433801498,176
"198",2022,8,7.65220588235294,68,7.97105263157895,7.24833333333333,9,7.98571428571429,7.56574074074074,38,30,1,14,54,13480,7056,6424,1521,2746,10734,7.48537750222552,8.02317701247165,6.8946687001868,6.953,7.59111507647487,7.45832743897895,177
"199",2022,9,7.73731343283582,67,8.04666666666667,7.48648648648649,7.5,7.60833333333333,7.76545454545455,30,37,2,12,55,13547,7086,6461,1523,2758,10789,7.4866235129549,8.02327646062659,6.898057843987,6.95371831910703,7.59118999274836,7.45989310686811,178
"200",2022,10,7.39361403508772,57,8.31666666666667,6.72230303030303,6.6,6.5,7.56116666666667,24,33,5,9,48,13604,7110,6494,1528,2767,10837,7.4862338084387,8.02426680731364,6.89716472590083,6.95256086387435,7.58764076617275,7.46034167481776,179
"201",2022,11,7.95883720930233,86,8.22775,7.725,7.25,8.85,7.8674358974359,40,46,4,8,78,13690,7150,6540,1532,2775,10915,7.48920268298028,8.02540517482517,6.9029874204893,6.95333746736292,7.59128,7.46325082272103,180
"202",2022,12,7.572390625,64,8.1185,7.35869565217391,6.875,6.88888888888889,7.68423636363636,18,46,4,9,55,13754,7168,6586,1536,2784,10970,7.48958977242984,8.02563895089285,6.90617032037656,6.95313346354167,7.58900933908046,7.46435877210575,181
