"","year","month","avg_rating","no_ratings","avg_rating_owned","avg_rating_not_owned","avg_rating_prev_owned","avg_rating_comment","avg_rating_no_comment","no_ratings_owned","no_ratings_not_owned","no_ratings_prev_owned","no_ratings_comment","no_ratings_no_comment","cum_no_ratings","cum_no_ratings_owned","cum_no_ratings_not_owned","cum_no_ratings_prev_owned","cum_no_ratings_comment","cum_no_ratings_no_comment","cum_avg_rating","cum_avg_rating_owned","cum_avg_rating_not_owned","cum_avg_rating_prev_owned","cum_avg_rating_comment","cum_avg_rating_no_comment","month_after_release"
"1",2001,6,10,2,10,NA,NA,10,10,2,0,0,1,1,2,2,0,0,1,1,10,10,NA,NA,10,10,1
"2",2001,7,9,1,9,NA,NA,NA,9,1,0,0,0,1,3,3,0,0,1,2,9.66666666666667,9.66666666666667,NA,NA,10,9.5,2
"3",2001,8,8,1,NA,8,8,NA,8,0,1,1,0,1,4,3,1,1,1,3,9.25,9.66666666666667,8,8,10,9,3
"4",2001,9,9.5,2,9.5,NA,NA,10,9,2,0,0,1,1,6,5,1,1,2,4,9.33333333333333,9.6,8,8,10,9,4
"5",2001,11,8.5,2,8.5,NA,NA,NA,8.5,2,0,0,0,2,8,7,1,1,2,6,9.125,9.28571428571429,8,8,10,8.83333333333333,6
"6",2002,1,9,1,9,NA,NA,NA,9,1,0,0,0,1,9,8,1,1,2,7,9.11111111111111,9.25,8,8,10,8.85714285714286,8
"7",2002,2,9,1,9,NA,NA,NA,9,1,0,0,0,1,10,9,1,1,2,8,9.1,9.22222222222222,8,8,10,8.875,9
"8",2002,3,9,2,9,NA,NA,NA,9,2,0,0,0,2,12,11,1,1,2,10,9.08333333333333,9.18181818181818,8,8,10,8.9,10
"9",2002,5,7,1,NA,7,NA,NA,7,0,1,0,0,1,13,11,2,1,2,11,8.92307692307692,9.18181818181818,7.5,8,10,8.72727272727273,12
"10",2002,6,9,1,9,NA,NA,NA,9,1,0,0,0,1,14,12,2,1,2,12,8.92857142857143,9.16666666666667,7.5,8,10,8.75,13
"11",2002,7,9,2,9,NA,NA,10,8,2,0,0,1,1,16,14,2,1,3,13,8.9375,9.14285714285714,7.5,8,10,8.69230769230769,14
"12",2002,8,7,1,NA,7,NA,NA,7,0,1,0,0,1,17,14,3,1,3,14,8.82352941176471,9.14285714285714,7.33333333333333,8,10,8.57142857142857,15
"13",2002,9,8,2,9,7,NA,9,7,1,1,0,1,1,19,15,4,1,4,15,8.73684210526316,9.13333333333333,7.25,8,9.75,8.46666666666667,16
"14",2002,10,7,5,8.5,6,NA,8.33333333333333,5,2,3,0,3,2,24,17,7,1,7,17,8.375,9.05882352941176,6.71428571428571,8,9.14285714285714,8.05882352941176,17
"15",2002,11,7.7,5,9.16666666666667,5.5,NA,10,7.125,3,2,0,1,4,29,20,9,1,8,21,8.25862068965517,9.075,6.44444444444444,8,9.25,7.88095238095238,18
"16",2002,12,10,1,10,NA,NA,NA,10,1,0,0,0,1,30,21,9,1,8,22,8.31666666666667,9.11904761904762,6.44444444444444,8,9.25,7.97727272727273,19
"17",2003,1,7.75,4,7.75,NA,NA,8.5,7,4,0,0,2,2,34,25,9,1,10,24,8.25,8.9,6.44444444444444,8,9.1,7.89583333333333,20
"18",2003,2,7.66666666666667,3,9,7,NA,7,8,1,2,0,1,2,37,26,11,1,11,26,8.2027027027027,8.90384615384615,6.54545454545455,8,8.90909090909091,7.90384615384615,21
"19",2003,3,9,1,9,NA,NA,9,NA,1,0,0,1,0,38,27,11,1,12,26,8.22368421052632,8.90740740740741,6.54545454545455,8,8.91666666666667,7.90384615384615,22
"20",2003,4,8.66666666666667,3,8.66666666666667,NA,NA,8.5,8.75,3,0,0,1,2,41,30,11,1,13,28,8.25609756097561,8.88333333333333,6.54545454545455,8,8.88461538461539,7.96428571428571,23
"21",2003,6,8.5,4,9.5,7.5,NA,9.5,7.5,2,2,0,2,2,45,32,13,1,15,30,8.27777777777778,8.921875,6.69230769230769,8,8.96666666666667,7.93333333333333,25
"22",2003,7,8.59090909090909,11,8.61111111111111,8.5,NA,8.5,8.64285714285714,9,2,0,4,7,56,41,15,1,19,37,8.33928571428572,8.85365853658537,6.93333333333333,8,8.86842105263158,8.06756756756757,26
"23",2003,8,6.75,4,8,5.5,NA,8,6.33333333333333,2,2,0,1,3,60,43,17,1,20,40,8.23333333333333,8.81395348837209,6.76470588235294,8,8.825,7.9375,27
"24",2003,9,8.66666666666667,3,9,8.5,NA,9,8.5,1,2,0,1,2,63,44,19,1,21,42,8.25396825396825,8.81818181818182,6.94736842105263,8,8.83333333333333,7.96428571428572,28
"25",2003,10,7.33333333333333,3,NA,7.33333333333333,9,6.5,9,0,3,1,2,1,66,44,22,2,23,43,8.21212121212121,8.81818181818182,7,8.5,8.6304347826087,7.98837209302326,29
"26",2003,11,6.9,1,NA,6.9,NA,6.9,NA,0,1,0,1,0,67,44,23,2,24,43,8.19253731343283,8.81818181818182,6.99565217391304,8.5,8.55833333333333,7.98837209302326,30
"27",2003,12,6.66666666666667,6,8,5.33333333333333,NA,5,7,3,3,0,1,5,73,47,26,2,25,48,8.06712328767123,8.76595744680851,6.80384615384615,8.5,8.416,7.88541666666667,31
"28",2004,1,8.91666666666667,6,9.1,8,8,8.75,9.25,5,1,1,4,2,79,52,27,3,29,50,8.13164556962025,8.79807692307692,6.84814814814815,8.33333333333333,8.46206896551724,7.94,32
"29",2004,2,8.71428571428571,7,8.8,8.5,8,NA,8.71428571428571,5,2,1,0,7,86,57,29,4,29,57,8.17906976744186,8.79824561403509,6.96206896551724,8.25,8.46206896551724,8.03508771929825,33
"30",2004,3,7.33333333333333,6,8.6,1,NA,8,7.2,5,1,0,1,5,92,62,30,4,30,62,8.12391304347826,8.78225806451613,6.76333333333333,8.25,8.44666666666667,7.96774193548387,34
"31",2004,4,9.3125,8,9.8,8.5,9,9.3,9.33333333333333,5,3,1,5,3,100,67,33,5,35,65,8.219,8.85820895522388,6.92121212121212,8.4,8.56857142857143,8.03076923076923,35
"32",2004,5,8.33333333333333,3,8,9,9,8.33333333333333,NA,2,1,1,3,0,103,69,34,6,38,65,8.22233009708738,8.83333333333333,6.98235294117647,8.5,8.55,8.03076923076923,36
"33",2004,6,7.75,4,8.5,7,NA,7.5,8,2,2,0,2,2,107,71,36,6,40,67,8.20467289719626,8.82394366197183,6.98333333333333,8.5,8.4975,8.02985074626866,37
"34",2004,7,7.625,4,8,6.5,NA,7.25,8,3,1,0,2,2,111,74,37,6,42,69,8.18378378378378,8.79054054054054,6.97027027027027,8.5,8.43809523809524,8.02898550724638,38
"35",2004,8,8.5,6,8.25,9,9,8.33333333333333,8.66666666666667,4,2,2,3,3,117,78,39,8,45,72,8.2,8.76282051282051,7.07435897435897,8.625,8.43111111111111,8.05555555555556,39
"36",2004,9,8.5,2,8,9,NA,NA,8.5,1,1,0,0,2,119,79,40,8,45,74,8.20504201680672,8.75316455696202,7.1225,8.625,8.43111111111111,8.06756756756757,40
"37",2004,10,7,2,7,NA,NA,NA,7,2,0,0,0,2,121,81,40,8,45,76,8.18512396694215,8.70987654320987,7.1225,8.625,8.43111111111111,8.03947368421053,41
"38",2004,11,8.2,5,8.2,NA,NA,8,8.25,5,0,0,1,4,126,86,40,8,46,80,8.18571428571429,8.68023255813953,7.1225,8.625,8.42173913043478,8.05,42
"39",2004,12,8.4,5,8.5,8,NA,8,10,4,1,0,4,1,131,90,41,8,50,81,8.19389312977099,8.67222222222222,7.14390243902439,8.625,8.388,8.07407407407407,43
"40",2005,1,7.83846153846154,13,8.93333333333333,5.375,NA,8.73333333333333,7.07142857142857,9,4,0,6,7,144,99,45,8,56,88,8.16180555555556,8.69595959595959,6.98666666666667,8.625,8.425,7.99431818181818,44
"41",2005,2,8.875,4,8.5,10,NA,8.5,9,3,1,0,1,3,148,102,46,8,57,91,8.18108108108108,8.69019607843137,7.05217391304348,8.625,8.42631578947368,8.02747252747253,45
"42",2005,3,8.25,8,8.6,7.66666666666667,NA,8,8.4,5,3,0,3,5,156,107,49,8,60,96,8.18461538461539,8.68598130841121,7.08979591836735,8.625,8.405,8.046875,46
"43",2005,4,7.33333333333333,6,8.2,3,NA,9,5.66666666666667,5,1,0,3,3,162,112,50,8,63,99,8.15308641975309,8.66428571428571,7.008,8.625,8.43333333333333,7.97474747474747,47
"44",2005,5,8.18181818181818,11,8.9375,6.16666666666667,NA,9.33333333333333,7.75,8,3,0,3,8,173,120,53,8,66,107,8.15491329479769,8.6825,6.96037735849057,8.625,8.47424242424242,7.95794392523364,48
"45",2005,6,8.8,5,8.8,NA,NA,9.5,8.33333333333333,5,0,0,2,3,178,125,53,8,68,110,8.17303370786517,8.6872,6.96037735849057,8.625,8.50441176470588,7.96818181818182,49
"46",2005,7,7.3,10,7.85714285714286,6,8,5,8.28571428571429,7,3,1,3,7,188,132,56,9,71,117,8.12659574468085,8.64318181818182,6.90892857142857,8.55555555555556,8.35633802816901,7.98717948717949,50
"47",2005,8,8.48823529411765,17,8.5,8.47777777777778,NA,8.625,8.36666666666667,8,9,0,8,9,205,140,65,9,79,126,8.15658536585366,8.635,7.12615384615385,8.55555555555556,8.38354430379747,8.01428571428571,51
"48",2005,9,7.94117647058824,17,8.20833333333333,7.3,NA,7.33333333333333,8.27272727272727,12,5,0,6,11,222,152,70,9,85,137,8.14009009009009,8.60131578947368,7.13857142857143,8.55555555555556,8.30941176470588,8.03503649635037,52
"49",2005,10,8.3125,16,8.38461538461539,8,8,8,8.55555555555556,13,3,2,7,9,238,165,73,11,92,146,8.15168067226891,8.58424242424242,7.17397260273973,8.45454545454546,8.28586956521739,8.06712328767123,53
"50",2005,11,8.79411764705882,17,9.20833333333333,7.8,7,8.83333333333333,8.77272727272727,12,5,1,6,11,255,177,78,12,98,157,8.19450980392157,8.62655367231638,7.21410256410257,8.33333333333333,8.31938775510204,8.11656050955414,54
"51",2005,12,8.74230769230769,13,9.20625,8,7,8.47222222222222,9.35,8,5,1,9,4,268,185,83,13,107,161,8.22108208955224,8.65162162162162,7.26144578313253,8.23076923076923,8.3322429906542,8.1472049689441,55
"52",2006,1,7.76666666666667,9,8.27142857142857,6,NA,7.98333333333333,7.33333333333333,7,2,0,6,3,277,192,85,13,113,164,8.20631768953069,8.63776041666667,7.23176470588235,8.23076923076923,8.31371681415929,8.13231707317073,56
"53",2006,2,7.55555555555556,9,9.4,5.25,7,6,8.33333333333333,5,4,1,3,6,286,197,89,14,116,170,8.18583916083916,8.65710659898477,7.14269662921348,8.14285714285714,8.25387931034483,8.13941176470588,57
"54",2006,3,8.12666666666667,15,8.77777777777778,7.15,NA,7.7,8.5,9,6,0,7,8,301,206,95,14,123,178,8.18289036544851,8.6623786407767,7.14315789473684,8.14285714285714,8.22235772357724,8.15561797752809,58
"55",2006,4,8.77272727272727,11,8.65,10,NA,9.1,8.5,10,1,0,5,6,312,216,96,14,128,184,8.2036858974359,8.66180555555555,7.17291666666667,8.14285714285714,8.256640625,8.16684782608695,59
"56",2006,5,8.13888888888889,9,8.5,7.41666666666667,NA,7.0625,9,6,3,0,4,5,321,222,99,14,132,189,8.20186915887851,8.65743243243243,7.18030303030303,8.14285714285714,8.22045454545454,8.18888888888889,60
"57",2006,6,8.28,10,8.36666666666667,7.5,NA,8.14285714285714,8.6,9,1,0,7,3,331,231,100,14,139,192,8.20422960725076,8.6461038961039,7.1835,8.14285714285714,8.21654676258993,8.1953125,61
"58",2006,7,8.5,12,8.6,8,10,8,8.66666666666667,10,2,1,3,9,343,241,102,15,142,201,8.21457725947522,8.64419087136929,7.19950980392157,8.26666666666667,8.21197183098591,8.21641791044776,62
"59",2006,8,8.19583333333333,12,9.05833333333333,7.33333333333333,7.5,8.97,7.64285714285714,6,6,1,5,7,355,247,108,16,147,208,8.21394366197183,8.65425101214575,7.20694444444444,8.21875,8.23775510204081,8.19711538461538,63
"60",2006,9,8.3125,8,8.58333333333333,7.5,NA,8,8.41666666666667,6,2,0,2,6,363,253,110,16,149,214,8.21611570247934,8.65256916996047,7.21227272727273,8.21875,8.23456375838926,8.20327102803738,64
"61",2006,10,8.17307692307692,26,8.52777777777778,7.375,8,8,8.40909090909091,18,8,1,15,11,389,271,118,17,164,225,8.21323907455013,8.64428044280443,7.22330508474576,8.20588235294118,8.21310975609756,8.21333333333333,65
"62",2006,11,7.965625,32,8.10909090909091,7.65,8.5,8.21875,7.7125,22,10,1,16,16,421,293,128,18,180,241,8.19441805225654,8.60409556313993,7.256640625,8.22222222222222,8.21361111111111,8.18008298755187,66
"63",2006,12,7.96388888888889,36,8.67619047619048,6.96666666666667,7.33333333333333,7.775,8.01785714285714,21,15,3,8,28,457,314,143,21,188,269,8.17625820568928,8.60891719745223,7.22622377622378,8.09523809523809,8.19494680851063,8.1631970260223,67
"64",2007,1,7.74090909090909,55,8.14189189189189,6.91666666666667,7.5,7.9875,7.6,37,18,3,20,35,512,351,161,24,208,304,8.1294921875,8.55968660968661,7.1916149068323,8.02083333333333,8.175,8.09835526315789,68
"65",2007,2,7.71693303030303,33,8.12375,7.33404647058823,8.3,7.778,7.69038217391304,16,17,5,10,23,545,367,178,29,218,327,8.10451154128441,8.54068119891008,7.20521792134831,8.06896551724138,8.15678899082568,8.06965990825688,69
"66",2007,3,7.61428571428571,35,8.73809523809524,5.92857142857143,8,7.58333333333333,7.6304347826087,21,14,2,12,23,580,388,192,31,230,350,8.07492894827586,8.55136597938144,7.11212911458333,8.06451612903226,8.12686956521739,8.04079654285714,70
"67",2007,4,7.81724137931035,29,8.13888888888889,7.29090909090909,NA,7.74666666666667,7.89285714285714,18,11,0,15,14,609,406,203,31,245,364,8.06265811165846,8.53307881773399,7.12181669950739,8.06451612903226,8.10359183673469,8.03510656593407,71
"68",2007,5,7.40322580645161,31,8,6.15,8.125,7.35,7.42857142857143,21,10,4,10,21,640,427,213,35,255,385,8.030716859375,8.50686182669789,7.07619150234742,8.07142857142857,8.07403921568627,8.00202283116883,72
"69",2007,6,7.98387096774194,31,8.25,7.33333333333333,9,7.33333333333333,8.39473684210526,22,9,1,12,19,671,449,222,36,267,404,8.02855259314456,8.49427616926503,7.08661617117117,8.09722222222222,8.04074906367041,8.02049205445545,73
"70",2007,7,7.93333333333333,24,8.02857142857143,7.8,5,7.90833333333333,7.95833333333333,14,10,1,12,12,695,463,232,37,279,416,8.02526444604317,8.48019438444924,7.11736547413793,8.01351351351351,8.03505376344086,8.01869901442308,74
"71",2007,8,7.95238095238095,21,8.64285714285714,6.57142857142857,NA,7.09090909090909,8.9,14,7,0,11,10,716,477,239,37,290,426,8.02312680167598,8.48496855345912,7.10137569037657,8.01351351351351,7.99924137931034,8.03938683098592,75
"72",2007,9,7.5,15,8.15,6.2,NA,7.75,7.40909090909091,10,5,0,4,11,731,487,244,37,294,437,8.0123923255814,8.47809034907597,7.08290487704918,8.01351351351351,7.99585034013605,8.02352125858124,76
"73",2007,10,7.71555555555556,45,8.42173913043478,6.97727272727273,8,8.14705882352941,7.45357142857143,23,22,1,17,28,776,510,266,38,311,465,7.99517885309278,8.47554901960784,7.07416838345865,8.01315789473684,8.00411575562701,7.98920169892473,77
"74",2007,11,7.51163265306122,49,8.41958333333333,6.64,8,7.6628,7.35416666666667,24,25,2,25,24,825,534,291,40,336,489,7.96645913939394,8.47303370786517,7.03686869415808,8.0125,7.97872023809524,7.95803433537833,78
"75",2007,12,7.62708333333333,48,8.11111111111111,7.0047619047619,6.95,7.34090909090909,7.86923076923077,27,21,6,22,26,873,561,312,46,358,515,7.94779930126002,8.45561497326203,7.03470766025641,7.87391304347826,7.9395251396648,7.95355104854369,79
"76",2008,1,8.06274509803922,51,8.42068965517241,7.59090909090909,7.875,7.58333333333333,8.48888888888889,29,22,6,24,27,924,590,334,52,382,542,7.95414371212121,8.45389830508474,7.07134368263473,7.87403846153846,7.91714659685864,7.9802191697417,80
"77",2008,2,7.78723404255319,47,8.26,7.25,9,7.90909090909091,7.68,25,22,4,22,25,971,615,356,56,404,567,7.94606466529351,8.4460162601626,7.08238424157303,7.95446428571429,7.91670792079208,7.96698199294533,81
"78",2008,3,8.05172413793103,29,8.23571428571429,7.88,7.8,8.03125,8.07692307692308,14,15,5,16,13,1000,629,371,61,420,580,7.94912879,8.44133545310016,7.11463285714286,7.94180327868852,7.92107142857143,7.96944618965517,82
"79",2008,4,7.75,30,8.14705882352941,7.23076923076923,8,7.22727272727273,8.05263157894737,17,13,1,11,19,1030,646,384,62,431,599,7.9433289223301,8.43359133126935,7.11856455729167,7.94274193548387,7.90336426914153,7.97208479131887,83
"80",2008,5,7.79677419354839,31,8.05,7.44615384615385,8.66666666666667,7.625,7.98,18,13,3,16,15,1061,664,397,65,447,614,7.93904692742696,8.42319277108434,7.12929166246851,7.97615384615385,7.89340044742729,7.97227815960912,84
"81",2008,6,8.2037037037037,27,8.4,7.95833333333333,8,8.3125,8.04545454545454,15,12,2,16,11,1088,679,409,67,463,625,7.94561469669118,8.42268041237113,7.15361562347188,7.97686567164179,7.90788336933045,7.973566064,85
"82",2008,7,7.97441860465116,43,8.38181818181818,7.54761904761905,7.375,7.96190476190476,7.98636363636364,22,21,8,21,22,1131,701,430,75,484,647,7.94670980548188,8.42139800285307,7.17285765116279,7.91266666666667,7.91022727272727,7.97400122102009,86
"83",2008,8,7.91190476190476,42,8.44782608695652,7.26315789473684,6.875,7.32352941176471,8.312,23,19,4,17,25,1173,724,449,79,501,672,7.94546358908781,8.42223756906077,7.17667881959911,7.86012658227848,7.89031936127744,7.98657558035714,87
"84",2008,9,7.92763157894737,38,8.26041666666667,7.35714285714286,7.25,7.79545454545455,7.98148148148148,24,14,4,11,27,1211,748,463,83,512,699,7.94490403798514,8.41704545454545,7.18213561555076,7.83072289156627,7.88828125,7.98637881258941,88
"85",2008,10,7.30555555555556,36,7.76470588235294,6.89473684210526,4.75,7.33333333333333,7.29166666666667,17,19,2,12,24,1247,765,482,85,524,723,7.92644650360866,8.40254901960784,7.17080661825726,7.75823529411765,7.87557251908397,7.96331782849239,89
"86",2008,11,7.508,25,7.85,7.19230769230769,7,7.1875,7.65882352941177,12,13,3,8,17,1272,777,495,88,532,740,7.91822231918239,8.39401544401544,7.17137129292929,7.73238636363636,7.86522556390977,7.95632268918919,90
"87",2008,12,7.5765625,32,8.03333333333333,7.17352941176471,7,7.55769230769231,7.58947368421053,15,17,5,13,19,1304,792,512,93,545,759,7.90983802914111,8.38718434343434,7.17144294921875,7.69301075268817,7.85788990825688,7.94713938076416,91
"88",2009,1,7.30571428571429,35,7.59523809523809,6.87142857142857,7.17142857142857,7.41176470588235,7.20555555555556,21,14,7,17,18,1339,813,526,100,562,777,7.89404689320389,8.36672816728167,7.1634577756654,7.6565,7.84439501779359,7.92995983268983,92
"89",2009,2,7.50178571428571,84,7.83181818181818,7.28823529411765,7.92857142857143,7.75526315789474,7.42769230769231,33,51,7,19,65,1423,846,577,107,581,842,7.8708916303584,8.34586288416076,7.17448663778163,7.67429906542056,7.84148020654045,7.89118621140143,93
"90",2009,3,7.72985074626866,67,8.11212121212121,7.35882352941176,7.4,8.37894736842105,7.47291666666667,33,34,14,19,48,1490,879,611,121,600,890,7.86454952348993,8.33708759954494,7.18474433715221,7.64256198347107,7.8585,7.86862785393259,94
"91",2009,4,7.58769230769231,65,8.00740740740741,7.28947368421053,6.72222222222222,7.59615384615385,7.58557692307692,27,38,9,13,52,1555,906,649,130,613,942,7.85297671382637,8.32726269315673,7.19087640986132,7.57884615384615,7.85293637846656,7.85300296178344,95
"92",2009,5,7.70677966101695,59,7.90416666666667,7.57142857142857,6.33333333333333,6.875,8.01627906976744,24,35,6,16,43,1614,930,684,136,629,985,7.84763245972739,8.3163440860215,7.21034910818713,7.52389705882353,7.82806041335453,7.86013075126904,96
"93",2009,6,7.80655737704918,61,8.02258064516129,7.58333333333333,6.8,7.58823529411765,7.89090909090909,31,30,10,17,44,1675,961,714,146,646,1029,7.84613659104478,8.30686784599375,7.22602071428571,7.47431506849315,7.82174922600619,7.86144683187561,97
"94",2009,7,7.43872549019608,51,8.28409090909091,6.79741379310345,6.725,7.78409090909091,7.34375,22,29,5,11,40,1726,983,743,151,657,1069,7.83409837195829,8.30635808748728,7.20929177658143,7.44950331125828,7.82111872146119,7.84207557530402,98
"95",2009,8,7.46944444444444,36,7.82666666666667,7.21428571428571,6.1,7.58333333333333,7.44666666666667,15,21,5,6,30,1762,998,764,156,663,1099,7.82664800794552,8.29914829659318,7.20942904450262,7.40625,7.81896681749623,7.83128188353048,99
"96",2009,9,7.58444444444444,45,7.94545454545455,7.23913043478261,7.5,7.65333333333333,7.55,22,23,9,15,30,1807,1020,787,165,678,1129,7.82061637520753,8.29151960784313,7.21029706480305,7.41136363636364,7.81530235988201,7.8238076085031,100
"97",2009,10,7.66923076923077,52,8.4025,7.2109375,7,7.02727272727273,7.84146341463415,20,32,12,11,41,1859,1040,819,177,689,1170,7.81638181280258,8.29365384615384,7.21032208791209,7.38347457627119,7.8027213352685,7.82442631623932,101
"98",2009,11,7.63561643835616,73,8.17333333333333,7.26046511627907,7.95,8.075,7.51228070175439,30,43,10,16,57,1932,1070,862,187,705,1227,7.80955165113872,8.29028037383177,7.21282342227378,7.41377005347594,7.80890070921986,7.80992566422168,102
"99",2009,12,7.61754385964912,57,8.42380952380952,7.14722222222222,7,7.8625,7.52195121951219,21,36,9,16,41,1989,1091,898,196,721,1268,7.80404916540976,8.29285059578368,7.21019353006681,7.39477040816327,7.81009015256588,7.80061418769716,103
"100",2010,1,7.51509433962264,53,7.73076923076923,7.30740740740741,7.21428571428571,7.9,7.33333333333333,26,27,7,17,36,2042,1117,925,203,738,1304,7.79654935847209,8.27976723366159,7.21303112432432,7.38854679802956,7.81216124661247,7.78771379601227,104
"101",2010,2,7.74074074074074,27,8.65384615384615,6.89285714285714,6.66666666666667,8.75,7.45238095238095,13,14,3,6,21,2069,1130,939,206,744,1325,7.79582106814887,8.28407079646017,7.20825749733759,7.37803398058252,7.81972446236559,7.78239908679245,105
"102",2010,3,7.49642857142857,42,7.88157894736842,7.17826086956522,7.04285714285714,6.86111111111111,7.66969696969697,19,23,7,9,33,2111,1149,962,213,753,1358,7.7898644197063,8.27741514360313,7.20754032224532,7.36701877934272,7.80826693227092,7.77966037555228,106
"103",2010,4,7.2,24,7.97777777777778,6.73333333333333,8.5,7.33333333333333,7.12,9,15,2,9,15,2135,1158,977,215,762,1373,7.78323362529274,8.27508635578583,7.20025976458547,7.37755813953488,7.80265748031496,7.77245359796067,107
"104",2010,5,7.68275862068965,29,8.48823529411765,6.54166666666667,NA,7.86363636363636,7.57222222222222,17,12,0,11,18,2164,1175,989,215,773,1391,7.78188714879852,8.27817021276595,7.19226874620829,7.37755813953488,7.80352522639069,7.76986253774263,108
"105",2010,6,7.06484782608696,23,7.34915,6.84615384615385,6.25,7.375,6.99955263157895,10,13,2,4,19,2187,1185,1002,217,777,1410,7.77434626886145,8.27033037974683,7.18777823353293,7.36716589861751,7.80131917631918,7.7594824751773,109
"106",2010,7,7.23636363636364,22,7.61111111111111,6.97692307692308,4,7.6875,6.97857142857143,9,13,1,8,14,2209,1194,1015,218,785,1424,7.76898836124943,8.26536139028475,7.18507762561576,7.35172018348624,7.80015923566879,7.75180497893258,110
"107",2010,8,7.16617647058824,34,8.55,6.07368421052632,6.875,7.71875,6.99615384615385,15,19,4,8,26,2243,1209,1034,222,793,1450,7.75985077574677,8.2688928866832,7.16465550290135,7.34313063063063,7.79933795712484,7.73825537241379,111
"108",2010,9,7.6,29,8.375,7.05294117647059,8,8.17272727272727,7.25,12,17,1,11,18,2272,1221,1051,223,804,1468,7.75781042693662,8.2699357084357,7.16284851569933,7.34607623318386,7.80444651741294,7.73226858991826,112
"109",2010,10,7.83181818181818,22,8.68181818181818,6.98181818181818,5.66666666666667,7.83333333333333,7.83076923076923,11,11,3,9,13,2294,1232,1062,226,813,1481,7.75852017872711,8.27361323051947,7.16097343691149,7.32378318584071,7.80476629766298,7.73313321404456,113
"110",2010,11,7.93724137931035,58,8.096,7.8169696969697,7.78571428571429,7.9975,7.91428571428571,25,33,7,16,42,2352,1257,1095,233,829,1523,7.76292741921769,8.27008074781225,7.18074318721461,7.33766094420601,7.8084861278649,7.73812888378201,114
"111",2010,12,7.92093023255814,43,8.22222222222222,7.704,7.875,8.11111111111111,7.87058823529412,18,25,8,9,34,2395,1275,1120,241,838,1557,7.76576421294363,8.26940509803921,7.19242302678571,7.3554979253112,7.81173627684964,7.74102138086063,115
"112",2011,1,7.44047619047619,42,7.875,7.17307692307692,6.5,6.92307692307692,7.67241379310345,16,26,4,13,29,2437,1291,1146,245,851,1586,7.7601581001231,8.26451704105344,7.19198410994764,7.3415306122449,7.79816098707403,7.73976689155107,116
"113",2011,2,7.35714285714286,28,8.31818181818182,6.73529411764706,6.7,6.71428571428571,7.57142857142857,11,17,5,7,21,2465,1302,1163,250,858,1607,7.75558023935091,8.26497043010752,7.1853085038693,7.3287,7.78931818181818,7.73756707529558,117
"114",2011,3,7.328125,32,7.17857142857143,7.44444444444444,7.2,7.22222222222222,7.3695652173913,14,18,5,9,23,2497,1316,1181,255,867,1630,7.75010223868642,8.25341299392097,7.18925807790009,7.32617647058824,7.78343137254902,7.73237441104294,118
"115",2011,4,7.43181818181818,22,8.54166666666667,7.015625,7.5,6.7,7.64705882352941,6,16,6,5,17,2519,1322,1197,261,872,1647,7.74732246526399,8.25472125567322,7.1869371679198,7.3301724137931,7.77721903669725,7.73149380085003,119
"116",2011,5,8.185,20,8.41111111111111,8,8,7.81428571428571,8.38461538461539,9,11,2,7,13,2539,1331,1208,263,879,1660,7.75077010240252,8.25577873779113,7.19434088576159,7.33526615969582,7.77751422070535,7.73660860843373,120
"117",2011,6,7.52173913043478,23,8.5,7.17647058823529,7,7.57142857142857,7.5,6,17,1,7,16,2562,1337,1225,264,886,1676,7.74871400858704,8.25687471952131,7.19409288979592,7.33399621212121,7.77588600451467,7.7343498150358,121
"118",2011,7,7.65,18,8.66666666666667,7.44666666666667,4,5.5,7.91875,3,15,1,2,16,2580,1340,1240,265,888,1692,7.74802530620155,8.2577921641791,7.19714821774194,7.32141509433962,7.77076013513513,7.73609355200946,122
"119",2011,8,7.06333333333333,30,8.36428571428571,5.925,5.66666666666667,5.67777777777778,7.65714285714286,14,16,3,9,21,2610,1354,1256,268,897,1713,7.74015528352491,8.25889327917282,7.18094250796178,7.30289179104478,7.74976031215162,7.7351256800934,123
"120",2011,9,7.4,16,8.5,6.54444444444444,7,6.75,7.61666666666667,7,9,3,4,12,2626,1361,1265,271,901,1725,7.73808274562072,8.26013335782513,7.17641406324111,7.29953874538745,7.74532186459489,7.7343016173913,124
"121",2011,10,8.06730769230769,26,8.93333333333333,7.325,5,7.71363636363636,8.32666666666667,12,14,2,11,15,2652,1373,1279,273,912,1740,7.74131044117647,8.2660171158048,7.17804049257232,7.28269230769231,7.74493969298246,7.73940821264368,125
"122",2011,11,7.43720930232558,43,8.08421052631579,6.925,8,7.50666666666667,7.4,19,24,3,15,28,2695,1392,1303,276,927,1768,7.73645836363637,8.26353556034482,7.1733797313891,7.29048913043478,7.74108414239482,7.73403296945701,126
"123",2011,12,7.52571428571429,35,8.25789473684211,6.65625,6.5,7.5,7.53333333333333,19,16,4,8,27,2730,1411,1319,280,935,1795,7.73375651648352,8.26345960311835,7.16710673995451,7.27919642857143,7.73902139037433,7.73101408913649,127
"124",2012,1,7.33488372093023,43,8.42666666666667,6.75,6.2,7.44444444444444,7.30588235294118,15,28,5,9,34,2773,1426,1347,285,944,1829,7.72757132708258,8.26517636746143,7.15843636971047,7.26026315789474,7.73621292372881,7.7231111481684,128
"125",2012,2,7.95,36,8.53125,7.485,8.1,8.29,7.81923076923077,16,20,2,10,26,2809,1442,1367,287,954,1855,7.73042196155216,8.2681286407767,7.16321418434528,7.2661149825784,7.7420178197065,7.72445837735849,129
"126",2012,3,7.42647058823529,34,7.34375,7.5,7.1875,8.16666666666667,7.35483870967742,16,18,8,3,31,2843,1458,1385,295,957,1886,7.72678694688709,8.25798456790123,7.16759118411552,7.26398305084746,7.74334900731452,7.71838297454931,130
"127",2012,4,7.89583333333333,24,8.375,7.65625,7.875,7.58333333333333,8,8,16,4,6,18,2867,1466,1401,299,963,1904,7.72820205441228,8.25862312414734,7.17317187009279,7.27215719063545,7.74235202492212,7.72104532037815,131
"128",2012,5,7.77037037037037,27,8.66,7.24705882352941,7,8.28571428571429,7.59,10,17,1,7,20,2894,1476,1418,300,970,1924,7.7285954699378,8.2613424796748,7.17405767983075,7.27125,7.74627319587629,7.7196831029106,132
"129",2012,6,7.35882352941177,17,7.75714285714286,7.08,6.5,7.4,7.33,7,10,2,7,10,2911,1483,1428,302,977,1934,7.72643603229131,8.25896257585974,7.17339901260504,7.26614238410596,7.74379222108495,7.71766819544984,133
"130",2012,7,7.875,16,8.78571428571429,7.16666666666667,8.5,7.4,8.09090909090909,7,9,1,5,11,2927,1490,1437,303,982,1945,7.72724813460882,8.26143724832215,7.17335684759917,7.27021452145215,7.7420417515275,7.71977906940874,134
"131",2012,8,7.53846153846154,13,7.83333333333333,7.28571428571429,6,8,7.45454545454545,6,7,1,2,11,2940,1496,1444,304,984,1956,7.72641336394558,8.25972025401069,7.1739015166205,7.26603618421053,7.74256605691057,7.71828746932515,135
"132",2012,9,7.5,15,8.5,6.83333333333333,6.5,7.42857142857143,7.5625,6,9,4,7,8,2955,1502,1453,308,991,1964,7.72526405752961,8.26068009320905,7.17179200963524,7.25608766233766,7.74034813319879,7.71765289714867,136
"133",2012,10,7.32041666666667,24,7.74444444444444,7.066,9,7.2,7.35210526315789,9,15,1,5,19,2979,1511,1468,309,996,1983,7.72200244712991,8.25760522832561,7.17071102861035,7.26173139158576,7.73763554216868,7.7141504236006,137
"134",2012,11,8.04333333333333,30,8.46153846153846,7.72352941176471,7.58,7.28,8.196,13,17,5,5,25,3009,1524,1485,314,1001,2008,7.72520614489864,8.25934481627297,7.17703958922559,7.26679936305733,7.73534965034965,7.72014954681275,138
"135",2012,12,7.368,25,7.9375,7.1,7.16666666666667,7.45,7.34210526315789,8,17,6,6,19,3034,1532,1502,320,1007,2027,7.72226278510218,8.25766416449086,7.17616763648469,7.264921875,7.73364945382324,7.71660596447952,139
"136",2013,1,7.0984375,32,7.5452380952381,6.24545454545455,5,7.75,6.916,21,11,1,7,25,3066,1553,1513,321,1014,2052,7.71575188845401,8.24803058596265,7.16940105089227,7.25786604361371,7.73376232741617,7.70685199317739,140
"137",2013,2,7.19615384615385,26,8.38888888888889,6.56470588235294,6,8.14285714285714,6.84736842105263,9,17,1,7,19,3092,1562,1530,322,1021,2071,7.71138269404916,8.24884218950064,7.16268221568628,7.25395962732919,7.73656709108717,7.69896682279092,141
"138",2013,3,8.07142857142857,21,8.22727272727273,7.9,7.66666666666667,8.9,7.8125,11,10,3,5,16,3113,1573,1540,325,1026,2087,7.71381152907164,8.24869135410044,7.16746999350649,7.25776923076923,7.74223684210526,7.6998372256828,142
"139",2013,4,7.57916666666667,24,7.53636363636364,7.61538461538461,8.6,8.25,7.35555555555556,11,13,1,6,18,3137,1584,1553,326,1032,2105,7.71278141217724,8.24374463383838,7.17121943979395,7.26188650306749,7.74518895348837,7.69689324940617,143
"140",2013,5,8.02619047619048,21,8.5,7.67083333333333,7.5,7.625,8.12058823529412,9,12,4,4,17,3158,1593,1565,330,1036,2122,7.7148655129829,8.24519240426867,7.17505034504792,7.26477272727273,7.7447249034749,7.70028760131951,144
"141",2013,6,7.19444444444444,18,7.54166666666667,6.5,NA,7.5,7.07692307692308,12,6,0,5,13,3176,1605,1571,330,1041,2135,7.71191602329975,8.23993239875389,7.17247217695735,7.26477272727273,7.74354947166186,7.69649193911007,145
"142",2013,7,7.68125,16,7.875,7.4875,7,7.25,7.825,8,8,1,4,12,3192,1613,1579,331,1045,2147,7.71176230889724,8.23812244265344,7.17406826472451,7.26397280966767,7.74166028708134,7.6972101956218,146
"143",2013,8,7.88684210526316,19,8.28181818181818,7.34375,7.4375,7.8875,7.88636363636364,11,8,4,8,11,3211,1624,1587,335,1053,2158,7.71279828402367,8.23841841133005,7.17492362318841,7.2660447761194,7.74276828110161,7.69817436978684,147
"144",2013,9,7.64285714285714,14,7,7.9,7.8,7.75,7.6,4,10,5,4,10,3225,1628,1597,340,1057,2168,7.71249466356589,8.23537561425061,7.17946386349405,7.27389705882353,7.74279564806055,7.69772153597786,148
"145",2013,10,7.16666666666667,24,7.82142857142857,6.25,7.5,8.66666666666667,6.95238095238095,14,10,2,3,21,3249,1642,1607,342,1060,2189,7.70846269313635,8.23184622411693,7.17368001866833,7.27521929824561,7.74541037735849,7.69057116948378,149
"146",2013,11,7.35535714285714,28,8.3125,6.9725,6.7,7.66666666666667,7.27045454545455,8,20,5,6,22,3277,1650,1627,347,1066,2211,7.70544561794324,8.23223727272727,7.17120700061463,7.26693083573487,7.74496716697936,7.68639090456807,150
"147",2013,12,7.57407407407407,27,8.03846153846154,7.14285714285714,7.25,7.66666666666667,7.5625,13,14,4,3,24,3304,1663,1641,351,1069,2235,7.70437206113802,8.23072248947685,7.17096513711152,7.26673789173789,7.74474742750234,7.68506053243848,151
"148",2014,1,7.28285714285714,35,7.22666666666667,7.325,7.21428571428571,6.5,7.55384615384615,15,20,7,9,26,3339,1678,1661,358,1078,2261,7.6999536657682,8.22174702026221,7.1728198615292,7.26571229050279,7.73435528756957,7.68355165413534,152
"149",2014,2,7.47678571428571,28,7.53214285714286,7.42142857142857,7.5,7.33333333333333,7.54473684210526,14,14,2,9,19,3367,1692,1675,360,1087,2280,7.6980977992278,8.21604107565012,7.17489778507463,7.26701388888889,7.73103495860166,7.68239486403509,153
"150",2014,3,7.57142857142857,14,8.375,6.5,5,8.125,7.35,8,6,1,4,10,3381,1700,1681,361,1091,2290,7.69757328896776,8.21678911764706,7.17248886972041,7.26073407202216,7.73247937671861,7.6809433580786,154
"151",2014,4,7.33636363636364,11,7.54,7.16666666666667,7,7,7.4625,5,6,1,3,8,3392,1705,1687,362,1094,2298,7.69640191332547,8.21480439882698,7.17246816241849,7.2600138121547,7.73047074954296,7.68018289382071,155
"152",2014,5,7.58473684210526,19,8.40857142857143,7.10416666666667,7.66666666666667,8.16666666666667,7.475625,7,12,3,3,16,3411,1712,1699,365,1097,2314,7.69577991498095,8.21559667056075,7.17198575044144,7.26335616438356,7.73166362807657,7.67876849178911,156
"153",2014,6,6.5625,12,8,5.53571428571429,5.25,8.16666666666667,6.02777777777778,5,7,3,3,9,3423,1717,1706,368,1100,2323,7.69180697925796,8.21496884100175,7.16527185814771,7.24694293478261,7.73285,7.67237205768403,157
"154",2014,7,7.55,14,7.9625,7,NA,8.35,7.23,8,6,0,4,10,3437,1725,1712,368,1104,2333,7.69122935408787,8.21379797101449,7.1646926343458,7.24694293478261,7.73508605072464,7.67047590655808,158
"155",2014,8,7.12916666666667,24,8.15,6.4,5,8.2,6.84736842105263,10,14,3,5,19,3461,1735,1726,371,1109,2352,7.68733177983242,8.21343025936599,7.15849002896872,7.22877358490566,7.73718214607755,7.66382665391156,159
"156",2014,9,7.05769230769231,26,8.1875,6.55555555555556,6.6,6.78571428571429,7.15789473684211,8,18,5,7,19,3487,1743,1744,376,1116,2371,7.68263702036134,8.21331124497992,7.15226708142202,7.22041223404255,7.73121415770609,7.65977237030789,160
"157",2014,10,7.1,24,8.25,6.87,5.25,5.9875,7.65625,4,20,6,8,16,3511,1747,1764,382,1124,2387,7.67865431216178,8.21339524899828,7.14906677437642,7.18946335078534,7.71880338078292,7.65974875994973,161
"158",2014,11,7.35714285714286,28,8.16666666666667,6.75,7.125,7,7.55555555555556,12,16,4,10,18,3539,1759,1780,386,1134,2405,7.6761105651314,8.21307646389994,7.14547965730337,7.18879533678756,7.71246472663139,7.65896893555093,162
"159",2014,12,7.58529411764706,17,7.6875,7.49444444444444,7.75,7.83333333333333,7.53214285714286,8,9,1,3,14,3556,1767,1789,387,1137,2419,7.67567640326209,8.21069694397283,7.14723520961431,7.19024547803618,7.71278364116095,7.65823492765606,163
"160",2015,1,7.69047619047619,21,8.64285714285714,7.21428571428571,7.2,7.375,7.76470588235294,7,14,5,4,17,3577,1774,1803,392,1141,2436,7.67576329046687,8.21240219842164,7.14775584581254,7.19036989795918,7.71159947414549,7.65897795155993,164
"161",2015,2,7.20714285714286,14,8.68,6.38888888888889,NA,7.66666666666667,7.08181818181818,5,9,0,3,11,3591,1779,1812,392,1144,2447,7.67393631022,8.21371641371557,7.14398663907285,7.19036989795918,7.71148164335664,7.65638344503474,165
"162",2015,3,7.8047619047619,21,8.3,7.35454545454545,9,7.75,7.81764705882353,10,11,1,4,17,3612,1789,1823,393,1148,2464,7.67469692414175,8.21419871436557,7.14525715304443,7.19497455470738,7.71161585365854,7.65749605925325,166
"163",2015,4,7.46470588235294,17,8.3,6.88,6.16666666666667,7.5,7.46,7,10,3,2,15,3629,1796,1833,396,1150,2479,7.67371322402866,8.21453312917595,7.14381003273322,7.18718434343434,7.71124782608696,7.65630104477612,167
"164",2015,5,6.90105263157895,19,9,6.34133333333333,7.37333333333333,7.4,6.72285714285714,4,15,3,5,14,3648,1800,1848,399,1155,2493,7.66968895010965,8.21627861111111,7.13729642316017,7.18858395989975,7.70990043290043,7.651059081428,168
"165",2015,6,8.00571428571429,14,8.85714285714286,7.15428571428571,9,9.5,7.75666666666667,7,7,1,2,12,3662,1807,1855,400,1157,2505,7.67097359093392,8.21876120641948,7.13736053369272,7.1931125,7.71299481417459,7.65156498602795,169
"166",2015,7,7.45833333333333,12,8.07142857142857,6.6,6,7.5,7.45,7,5,1,2,10,3674,1814,1860,401,1159,2515,7.67027906641263,8.21819266813671,7.13591601612903,7.19013715710723,7.71262726488352,7.65076353479125,170
"167",2015,8,7.14705882352941,17,7.6875,6.66666666666667,4,7,7.17857142857143,8,9,1,3,14,3691,1822,1869,402,1162,2529,7.66786921972366,8.21586251372118,7.13365638844302,7.18220149253731,7.71078743545611,7.648149580862,171
"168",2015,9,7.26785714285714,14,8.275,6.865,6,8.33333333333333,6.97727272727273,4,10,3,3,11,3705,1826,1879,405,1165,2540,7.66635770310392,8.21599205914567,7.1322266045769,7.17344444444444,7.71239055793991,7.64524420866142,172
"169",2015,10,7.70526315789474,19,8.1,7.35,8,7.33333333333333,7.775,9,10,1,3,16,3724,1835,1889,406,1168,2556,7.66655620032224,8.21542316076294,7.13337945473796,7.1754802955665,7.71141695205479,7.6460564514867,173
"170",2015,11,7.76190476190476,21,8.36363636363636,7.1,7.5,7.5,7.82352941176471,11,10,2,4,17,3745,1846,1899,408,1172,2573,7.66709086515354,8.21630633802817,7.13320368088468,7.17707107843137,7.71069539249147,7.64722902837155,174
"171",2015,12,7.87,20,8.12727272727273,7.55555555555556,7.5,8.25,7.70714285714286,11,9,2,6,14,3765,1857,1908,410,1178,2587,7.66816873572378,8.21577894453419,7.1351959067086,7.17864634146341,7.71344227504244,7.64755326246618,175
"172",2016,1,7.25909090909091,22,8.43333333333333,6.44615384615385,5.25,6.26,7.55294117647059,9,13,4,5,17,3787,1866,1921,414,1183,2604,7.66579226036441,8.21682824222937,7.13053294638209,7.16001207729469,7.70729923922231,7.6469355952381,176
"173",2016,2,7.99285714285714,21,8.49545454545455,7.44,8.5,7.55,8.13125,11,10,2,5,16,3808,1877,1931,416,1188,2620,7.6675959269958,8.2184611081513,7.13213557224236,7.16645432692308,7.7066372053872,7.64989324045802,177
"174",2016,3,7.85416666666667,24,8.54545454545454,7.26923076923077,6.625,7.1,8.05263157894737,11,13,4,5,19,3832,1888,1944,420,1193,2639,7.66876442849687,8.22036626059322,7.13305236111111,7.16129761904762,7.7040947191953,7.65279283440697,178
"175",2016,4,7.8,25,8.07142857142857,7.45454545454545,8.5,8.68888888888889,7.3,14,11,4,9,16,3857,1902,1955,424,1202,2655,7.66961506092819,8.2192699789695,7.13486127365729,7.17392688679245,7.71146838602329,7.65066677589454,179
"176",2016,5,8.05555555555556,9,8.7,7.25,NA,6,8.3125,5,4,0,1,8,3866,1907,1959,424,1203,2663,7.67051352560787,8.22053041426324,7.13509637059724,7.17392688679245,7.71004571903574,7.65265500938791,180
"177",2016,6,7.95238095238095,21,8.20454545454546,7.675,7.75,7.9375,7.95588235294118,11,10,1,4,17,3887,1918,1969,425,1207,2680,7.6720363493697,8.22043873826903,7.13783839004571,7.17528235294118,7.71079950289975,7.65457846641791,181
"178",2016,7,6.66,15,7.1,6,6.5,6,6.70714285714286,9,6,2,1,14,3902,1927,1975,427,1208,2694,7.66814589697591,8.21520576024909,7.13438166582278,7.17211943793911,7.70938327814569,7.64965489606533,182
"179",2016,8,7.16153846153846,13,6.375,7.51111111111111,8.5,6.5,7.21666666666667,4,9,1,1,12,3915,1931,1984,428,1209,2706,7.66646367560665,8.21139383738995,7.13609061995968,7.17522196261682,7.7083829611249,7.64773477087953,183
"180",2016,9,7.44038461538462,26,7.84615384615385,7.03461538461538,8,8,7.39375,13,13,1,2,24,3941,1944,1997,429,1211,2730,7.66497216188785,8.20895138888889,7.13543004006009,7.17714452214452,7.70886457473163,7.64550193772894,184
"181",2016,10,7.55,12,8.03333333333333,7.38888888888889,7.75,8.75,7.31,3,9,2,2,10,3953,1947,2006,431,1213,2740,7.66462314444726,8.20868079096045,7.13656719341974,7.17980278422274,7.71058120362737,7.64427747810219,185
"182",2016,11,7.54736842105263,19,8.26666666666667,6.9,7.5,8,7.49411764705882,9,10,3,2,17,3972,1956,2016,434,1215,2757,7.66406225830816,8.20894759713701,7.13539374503968,7.18201612903226,7.71105761316872,7.64335157417483,186
"183",2016,12,7.33333333333333,21,8.0625,6.88461538461539,6.66666666666667,8.3,7.03125,8,13,3,5,16,3993,1964,2029,437,1220,2773,7.66232288755322,8.20835106924643,7.13378698373583,7.17847826086957,7.71347131147541,7.63981979444645,187
"184",2017,1,7.5,21,7.75,7.4,6.5,7.33333333333333,7.52777777777778,6,15,2,3,18,4014,1970,2044,439,1223,2791,7.66147366467365,8.20695507614213,7.13574060176125,7.17538724373576,7.71253883892069,7.63909720171982,188
"185",2017,2,6.74,20,7.61428571428571,6.26923076923077,6,7,6.72631578947368,7,13,1,1,19,4034,1977,2057,440,1224,2810,7.65690512890432,8.20485660091047,7.13026436071949,7.17271590909091,7.7119566993464,7.63292537010676,189
"186",2017,3,7.75,22,8.1625,7.51428571428571,8,7.76666666666667,7.74736842105263,8,14,3,3,19,4056,1985,2071,443,1227,2829,7.65741008136095,8.20468589420654,7.13286035248672,7.17831828442438,7.71209046454768,7.63369398727466,190
"187",2017,4,7.46666666666667,15,8,6.85714285714286,7,7.5,7.45454545454545,8,7,1,4,11,4071,1993,2078,444,1231,2840,7.65670726848441,8.20386427496237,7.13193156400385,7.17791666666667,7.71140129975629,7.63300010211268,191
"188",2017,5,7.5,21,7.22222222222222,7.70833333333333,6.5,6,7.75,9,12,2,3,18,4092,2002,2090,446,1234,2858,7.65590305229717,8.1994512987013,7.13524104784689,7.17487668161435,7.70724068071313,7.63373698040588,192
"189",2017,6,7.351,10,8.16666666666667,7.00142857142857,NA,8.5,7.22333333333333,3,7,0,1,9,4102,2005,2097,446,1235,2867,7.65515974890298,8.19940224438902,7.13479436814497,7.17487668161435,7.70788259109312,7.63244865364493,193
"190",2017,7,7.22380952380952,21,8,6.83571428571429,6.825,7.76666666666667,7.13333333333333,7,14,4,3,18,4123,2012,2111,450,1238,2885,7.65296271889401,8.19870849900596,7.13281089057319,7.17176666666667,7.70802504038772,7.62933458925477,194
"191",2017,8,7.53076923076923,26,7.55555555555556,7.51764705882353,8,7.5,7.53636363636364,9,17,3,4,22,4149,2021,2128,453,1242,2907,7.65219698481562,8.19584438396833,7.13588523966165,7.17725165562914,7.70735507246377,7.62863099071208,195
"192",2017,9,7.66,10,7.74,7.58,7.95,NA,7.66,5,5,2,0,10,4159,2026,2133,455,1242,2917,7.6522157465737,8.19471939782823,7.1369262962963,7.18064835164835,7.70735507246377,7.62873852931094,196
"193",2017,10,7.75882352941176,17,9,6.89,5,10,7.61875,7,10,1,1,16,4176,2033,2143,456,1243,2933,7.65264973419541,8.19749212985735,7.13577405039664,7.17586622807018,7.70919951729686,7.62868404023185,197
"194",2017,11,7.11366666666667,18,7.7,6.8205,7.5,8,7.002875,6,12,3,2,16,4194,2039,2155,459,1245,2949,7.65033650214593,8.19602820009809,7.13401846403712,7.17798474945534,7.70966666666667,7.62528867073584,198
"195",2017,12,7.23333333333333,12,7.96,6.71428571428571,7,6,7.34545454545455,5,7,1,1,11,4206,2044,2162,460,1246,2960,7.64914676414646,8.19545083170254,7.1326594773358,7.17759782608696,7.70829454253611,7.62424874662162,199
"196",2018,1,7.3952380952381,21,7.8125,7.13846153846154,6.83333333333333,7.375,7.4,8,13,3,4,17,4227,2052,2175,463,1250,2977,7.64788533002129,8.1939578460039,7.13269415632184,7.17536717062635,7.707228,7.62296818609338,200
"197",2018,2,7.6475,20,8.16111111111111,7.22727272727273,7,8,7.559375,9,11,1,4,16,4247,2061,2186,464,1254,2993,7.64788351542265,8.19381441048035,7.13317007776761,7.17498922413793,7.70816188197767,7.62262822920147,201
"198",2018,3,7.37944444444444,18,7.683,7,7.4,5.9,7.564375,10,8,2,2,16,4265,2071,2194,466,1256,3009,7.64675059554514,8.19134789956542,7.13268449863263,7.17595493562232,7.7052826433121,7.62231847457627,202
"199",2018,4,7.63947368421053,19,8.60555555555556,6.77,NA,6.75,7.74411764705882,9,10,0,2,17,4284,2080,2204,466,1258,3026,7.646718321662,8.19314014423077,7.1310389246824,7.17595493562232,7.70376391096979,7.62300273959022,203
"200",2018,5,7.87352941176471,17,9.025,7.51923076923077,8.875,7.05,8.21666666666667,4,13,2,5,12,4301,2084,2217,468,1263,3038,7.64761480818415,8.19473680422264,7.1333151962111,7.18321581196581,7.70117577197149,7.6253476925609,204
"201",2018,6,7.165,14,8.262,6.55555555555556,NA,8.905,6.875,5,9,0,2,12,4315,2089,2226,468,1265,3050,7.64604896639629,8.19489779798947,7.13097924079066,7.18321581196581,7.7030790513834,7.62239550491803,205
"202",2018,7,6.93833333333333,12,7.315,6.75,NA,7.375,6.72,4,8,0,4,8,4327,2093,2234,468,1269,3058,7.64408626993298,8.19321619684663,7.12961494628469,7.18321581196581,7.70204491725768,7.62003475801177,206
"203",2018,8,7.21428571428571,14,8.0625,6.08333333333333,6,8,7.15384615384615,8,6,3,1,13,4341,2101,2240,471,1270,3071,7.64270013591339,8.19271846739647,7.12681240625,7.17567940552017,7.70227952755905,7.61806131227613,207
"204",2018,9,7.84438888888889,18,8.31414285714286,7.54545454545455,8,8.5,7.7624375,7,11,2,2,16,4359,2108,2251,473,1272,3087,7.64353298692361,8.19312167931689,7.1288581919147,7.17916490486258,7.70353380503144,7.61880961775186,208
"205",2018,10,7.91875,16,8.82222222222222,6.75714285714286,8,8.5,7.78461538461538,9,7,1,3,13,4375,2117,2258,474,1275,3100,7.64453949485715,8.19579617383089,7.12770584145261,7.18089662447257,7.70540784313725,7.61950493225806,209
"206",2018,11,6.90384615384615,13,8.35,6,6,6.75,6.97222222222222,5,8,3,4,9,4388,2122,2266,477,1279,3109,7.64234509799453,8.19615951932139,7.12372453221536,7.17346960167715,7.70241985926505,7.61763116436153,210
"207",2018,12,7.33571428571429,21,7.85714285714286,7.075,9,7.5625,7.28235294117647,7,14,1,4,17,4409,2129,2280,478,1283,3126,7.64088462009526,8.19504485674025,7.12342534649123,7.17729079497908,7.70198363211223,7.61580783429303,211
"208",2019,1,7.4875,20,8.36,6.615,6.75,7.68333333333333,7.40357142857143,10,10,4,6,14,4429,2139,2290,482,1289,3140,7.6401919823888,8.19581603553062,7.12120514847162,7.17374481327801,7.70189681923972,7.61486155732484,212
"209",2019,2,7.21875,16,8.4,6.68181818181818,6,6.25,8.1875,5,11,3,8,8,4445,2144,2301,485,1297,3148,7.63867498087739,8.19629221082089,7.11910464580617,7.16648453608247,7.69294140323824,7.61631680114358,213
"210",2019,3,6.35714285714286,7,7.75,5.8,6,6.75,6.2,2,5,2,2,5,4452,2146,2306,487,1299,3153,7.63665999326146,8.19587628145386,7.11624448829141,7.16169404517454,7.6914896073903,7.61407081826832,214
"211",2019,4,7.19565217391304,23,7.75,6.9,7.6,6.375,7.36842105263158,8,15,5,4,19,4475,2154,2321,492,1303,3172,7.63439336089386,8.19422028783658,7.11484695820767,7.16614837398374,7.68744819646968,7.61259939785624,215
"212",2019,5,6.88157894736842,19,8.25,6.25,9,6.1,7.16071428571429,6,13,1,5,14,4494,2160,2334,493,1308,3186,7.63121056742323,8.19437523148148,7.11002990145673,7.16986815415822,7.68137996941896,7.6106137131199,216
"213",2019,6,7.35294117647059,17,8.1,7.04166666666667,6.5,7.24,7.4,5,12,2,5,12,4511,2165,2346,495,1313,3198,7.63016189093328,8.19415727482678,7.1096802173913,7.16716161616162,7.67969916222391,7.6098234177611,217
"214",2019,7,7.69466666666667,21,8.17771428571429,6.72857142857143,NA,6.75714285714286,8.16342857142857,14,7,0,7,14,4532,2179,2353,495,1320,3212,7.63046078773169,8.1940516291877,7.10854644708882,7.16716161616162,7.67480681818182,7.61223639165629,218
"215",2019,8,7.5,17,7.55555555555556,7.4375,7.5,6.8,7.79166666666667,9,8,1,5,12,4549,2188,2361,496,1325,3224,7.62997324466916,8.19142527422303,7.10966107157984,7.16783266129032,7.67150566037736,7.61290424627792,219
"216",2019,9,7.33913043478261,23,8.14166666666667,6.46363636363636,7.66666666666667,7.5,7.32380952380952,12,11,3,2,21,4572,2200,2372,499,1327,3245,7.62851012467192,8.19115386363636,7.10666517284991,7.17083166332665,7.67124717407686,7.61103337134052,220
"217",2019,10,7.295,20,8.66666666666667,6.70714285714286,8.7,7.6,7.19333333333333,6,14,2,5,15,4592,2206,2386,501,1332,3260,7.62705755444251,8.19244718948322,7.10432095138307,7.17693612774451,7.67097972972973,7.60911143865031,221
"218",2019,11,7.98095238095238,21,8.65555555555556,7.475,6.83333333333333,8.28333333333333,7.86,9,12,3,6,15,4613,2215,2398,504,1338,3275,7.62866860828095,8.19432889390519,7.10617589241034,7.17489087301587,7.67372571001495,7.61026054656489,222
"219",2019,12,7.07575757575758,33,7.84615384615385,6.575,NA,6.75,7.14814814814815,13,20,0,6,27,4646,2228,2418,504,1344,3302,7.62474134524322,8.19229735188509,7.10178237799835,7.17489087301587,7.66960193452381,7.60648191701999,223
"220",2020,1,7.43736842105263,38,8.2675,6.01428571428571,5.33333333333333,7.72222222222222,7.34896551724138,24,14,3,9,29,4684,2252,2432,507,1353,3331,7.62322124039283,8.19309880106571,7.09552211759868,7.16399408284024,7.66995195861049,7.60423995496848,224
"221",2020,2,7.504,50,8.125,6.93076923076923,6.7,7.5,7.50571428571429,24,26,5,15,35,4734,2276,2458,512,1368,3366,7.62196203844529,8.19238071177504,7.0937794100895,7.159462890625,7.6680884502924,7.60321547534165,225
"222",2020,3,8.021,30,8.30454545454545,7.85684210526316,7.61142857142857,7.08333333333333,8.25541666666667,11,19,7,6,24,4764,2287,2477,519,1374,3390,7.62447487195634,8.19292020113685,7.09963253532499,7.16555876685935,7.66553493449782,7.60783282890856,226
"223",2020,4,7.7,10,8.4,7,6.66666666666667,9.5,7.5,5,5,3,1,9,4774,2292,2482,522,1375,3399,7.62463307289485,8.19337194589877,7.09943182514102,7.16269157088123,7.66686909090909,7.60754730508973,227
"224",2020,5,7.84666666666667,30,8.53571428571429,7.24375,7.64,7,7.94074074074074,14,16,5,3,27,4804,2306,2498,527,1378,3426,7.62601962739384,8.19545034692107,7.10035620096077,7.16722011385199,7.66541727140784,7.61017317279626,228
"225",2020,6,7.56923076923077,26,8.7,6.8625,6.6,7.25,7.59583333333333,10,16,3,2,24,4830,2316,2514,530,1380,3450,7.62571393167702,8.19762888601036,7.09884239856802,7.16400943396227,7.6648152173913,7.61007341739131,229
"226",2020,7,7.7448275862069,29,8.20625,7.17692307692308,6.43333333333333,6.725,8.13333333333333,16,13,3,8,21,4859,2332,2527,533,1388,3471,7.62642483844413,8.19768803602058,7.09924407993668,7.15989681050657,7.65939841498559,7.61323920772112,230
"227",2020,8,8.11538461538461,26,8.42307692307692,7.80769230769231,6.33333333333333,8,8.14285714285714,13,13,3,5,21,4885,2345,2540,536,1393,3492,7.62902728556807,8.19893752665245,7.10286999606299,7.15527052238806,7.66062096195262,7.61642419530355,231
"228",2020,9,7.61923076923077,26,7.92727272727273,7.39333333333333,7,7.6,7.62272727272727,11,15,2,4,22,4911,2356,2555,538,1397,3514,7.62897542048463,8.1976691426146,7.10457526027397,7.15469330855019,7.66044738725841,7.61646365680137,232
"229",2020,10,7.88666666666667,30,8.35333333333333,7.42,6.25,8.75,7.825,15,15,2,2,28,4941,2371,2570,540,1399,3542,7.63054003035823,8.19865394348376,7.10641626070039,7.1513425925926,7.66200500357398,7.61811216544325,233
"230",2020,11,7.37,25,7.71153846153846,7,NA,7.65,7.35833333333333,13,12,0,1,24,4966,2384,2582,540,1400,3566,7.62922841119614,8.19599769295301,7.10592168474051,7.1513425925926,7.66199642857143,7.61636379416713,234
"231",2020,12,7.93214285714286,28,8.22,7.6,7.3,6.96,8.14347826086957,15,13,5,5,23,4994,2399,2595,545,1405,3589,7.63092677012415,8.19614776990412,7.10839683622351,7.15270642201835,7.65949822064057,7.6197417915854,235
"232",2021,1,7.19,30,7.62142857142857,6.8125,6.83333333333333,7.1,7.19642857142857,14,16,6,2,28,5024,2413,2611,551,1407,3617,7.62829384753185,8.19281330294239,7.10658360398315,7.14922867513612,7.65870291400142,7.61646482996959,236
"233",2021,2,7.13888888888889,18,7.3,6.9375,NA,6.57142857142857,7.5,10,8,0,7,11,5042,2423,2619,551,1414,3628,7.62654666600556,8.18912855963681,7.10606712103856,7.14922867513612,7.65332036775106,7.61611171168688,237
"234",2021,3,7.53333333333333,15,7.91666666666667,7.27777777777778,8,10,7.35714285714286,6,9,1,1,14,5057,2429,2628,552,1415,3642,7.62627017797113,8.18845553725813,7.10665517123288,7.15076992753623,7.65497879858657,7.61511622460187,238
"235",2021,4,7.32857142857143,21,8.39,6.36363636363636,7,7,7.36315789473684,10,11,3,2,19,5078,2439,2639,555,1417,3661,7.62503904883813,8.18928187781877,7.10355808639636,7.14995495495496,7.65405434015526,7.61380860147501,239
"236",2021,5,7.16666666666667,24,8.16666666666667,6.56666666666667,NA,7,7.18181818181818,9,15,0,2,22,5102,2448,2654,555,1419,3683,7.62288284790279,8.18919873366013,7.10052365862849,7.14995495495496,7.65313248766737,7.61122815367907,240
"237",2021,6,6.85263157894737,19,8.83333333333333,6.48125,6.83333333333333,5.33333333333333,7.1375,3,16,3,3,16,5121,2451,2670,558,1422,3699,7.62002505174771,8.18998714810281,7.09681265543071,7.14825268817204,7.64823839662447,7.60917904568802,241
"238",2021,7,6.99705882352941,17,8.5,5.66111111111111,6.5,7.66666666666667,6.85357142857143,8,9,2,3,14,5138,2459,2679,560,1425,3713,7.61796385558583,8.19099572997153,7.09198946995147,7.1459375,7.64827719298245,7.60633,242
"239",2021,8,7.2452380952381,21,8.23214285714286,5.27142857142857,6,5.5,7.42894736842105,14,7,2,2,19,5159,2473,2686,562,1427,3732,7.61644665439039,8.19122866963202,7.08724489575577,7.14185943060498,7.64526629292221,7.60542692658092,243
"240",2021,9,7.30384615384615,26,8.05555555555556,6.90588235294118,6.75,NA,7.30384615384615,9,17,4,0,26,5185,2482,2703,566,1427,3758,7.61487913018322,8.19073670427074,7.08610425083241,7.13909010600707,7.64526629292221,7.60334041777541,244
"241",2021,10,7.33954545454545,22,8.03615384615385,6.33333333333333,6.5,5,7.70894736842105,13,9,2,3,19,5207,2495,2712,568,1430,3777,7.61371582293067,8.18993126252504,7.08360611725664,7.1368397887324,7.63971678321678,7.60387166799047,245
"242",2021,11,7.98095238095238,21,8.68,7.34545454545455,NA,6.33333333333333,8.25555555555556,10,11,0,3,18,5228,2505,2723,568,1433,3795,7.61519095065035,8.19188762475049,7.08466389643775,7.1368397887324,7.63698185624564,7.60696265876153,246
"243",2021,12,7.725,24,8.1,7.35,NA,8.25,7.62,12,12,0,4,20,5252,2517,2735,568,1437,3815,7.61569274371668,8.19144954310687,7.08582807678245,7.1368397887324,7.63868823938761,7.60703100655308,247
"244",2022,1,7.60484840909091,44,7.98753608695652,7.18571428571429,7,7.625,7.60166657894737,23,21,3,6,38,5296,2540,2756,571,1443,3853,7.61560264728097,8.18960308267716,7.08658918359942,7.13612084063048,7.63863132363132,7.60697810018168,248
"245",2022,2,7.41875,32,8.34545454545455,6.93333333333333,8,8.06,7.3,11,21,1,5,27,5328,2551,2777,572,1448,3880,7.6144203490991,8.19027511956095,7.08543024486856,7.13763111888112,7.64008632596685,7.60484191237114,249
"246",2022,3,7.48965517241379,29,8.16666666666667,7.01176470588235,6.33333333333333,7.25,7.528,12,17,3,4,25,5357,2563,2794,575,1452,3905,7.61374493559828,8.19016458447132,7.08498202934861,7.1334347826087,7.63901170798898,7.60434996670935,250
"247",2022,4,7.41474074074074,27,7.95454545454545,7.043625,8,7.42428571428571,7.4114,11,16,1,7,20,5384,2574,2810,576,1459,3925,7.6127469576523,8.18915766511266,7.08474654448399,7.13493923611111,7.63798149417409,7.60336678216561,251
"248",2022,5,6.58518518518519,27,7.25,6.30526315789474,6.5,8,6.53076923076923,8,19,2,1,26,5411,2582,2829,578,1460,3951,7.60761959342081,8.18624780402788,7.07951141392718,7.13274221453287,7.63822945205479,7.59630843330802,252
"249",2022,6,7.91764705882353,17,8.57142857142857,7.46,NA,10,7.7875,7,10,0,1,16,5428,2589,2839,578,1461,3967,7.60859057111275,8.18728923522595,7.0808516343783,7.13274221453287,7.63984599589322,7.5970795613814,253
"250",2022,7,6.82052631578947,19,8.3625,5.69909090909091,6,7.7,6.71705882352941,8,11,2,2,17,5447,2597,2850,580,1463,3984,7.60584167798788,8.18782896804004,7.07551852280702,7.12883620689655,7.63992822966507,7.59332445281125,254
"251",2022,8,7.88875,24,8.43533333333333,6.97777777777778,6.0375,8.49,7.73052631578947,15,9,4,5,19,5471,2612,2859,584,1468,4003,7.6070827307622,8.18925031776416,7.07521083945436,7.12136130136986,7.64282356948229,7.59397567324507,255
"252",2022,9,7.23478260869565,23,7.82857142857143,6.975,6,6.65,7.35789473684211,7,16,2,4,19,5494,2619,2875,586,1472,4022,7.6055241390608,8.18828630393279,7.07465314434783,7.11753412969283,7.64012567934782,7.59286042267529,256
"253",2022,10,7.43571428571429,28,7.8,7.23333333333333,6.5,7.58333333333333,7.39545454545455,10,18,5,6,22,5522,2629,2893,591,1478,4044,7.60466309670409,8.1868093685812,7.07564043899067,7.11230964467005,7.63989512855209,7.59178650346192,257
"254",2022,11,7.35870967741935,31,7.71571428571429,7.06470588235294,5.65,6.75,7.44888888888889,14,17,4,4,27,5553,2643,2910,595,1482,4071,7.60329004502071,8.18431397275822,7.07557656013746,7.10247899159664,7.63749325236167,7.59083876688774,258
"255",2022,12,7.49774193548387,31,8.13533333333333,6.9,7,7.1,7.57423076923077,15,16,2,5,26,5584,2658,2926,597,1487,4097,7.60270408667622,8.18403755831451,7.07461646958305,7.10213567839196,7.63568594485541,7.59073337075909,259
