"","year","month","avg_rating","no_ratings","avg_rating_owned","avg_rating_not_owned","avg_rating_prev_owned","avg_rating_comment","avg_rating_no_comment","no_ratings_owned","no_ratings_not_owned","no_ratings_prev_owned","no_ratings_comment","no_ratings_no_comment","cum_no_ratings","cum_no_ratings_owned","cum_no_ratings_not_owned","cum_no_ratings_prev_owned","cum_no_ratings_comment","cum_no_ratings_no_comment","cum_avg_rating","cum_avg_rating_owned","cum_avg_rating_not_owned","cum_avg_rating_prev_owned","cum_avg_rating_comment","cum_avg_rating_no_comment","month_after_release"
"1",2006,10,8.125,8,7.875,8.375,NA,NA,8.125,4,4,0,0,8,8,4,4,0,0,8,8.125,7.875,8.375,NA,NA,8.125,0
"2",2006,11,7.6875,16,8,7.5,10,8.66666666666667,7.46153846153846,6,10,1,3,13,24,10,14,1,3,21,7.83333333333333,7.95,7.75,10,8.66666666666667,7.71428571428571,1
"3",2006,12,8.20208333333333,24,8.29090909090909,8.12692307692308,9,8.40833333333333,8.13333333333333,11,13,1,6,18,48,21,27,2,9,39,8.01770833333333,8.12857142857143,7.93148148148148,9.5,8.49444444444445,7.90769230769231,2
"4",2007,1,8.20133333333333,75,8.52934782608696,7.68103448275862,9.5,8.33620689655172,8.11630434782609,46,29,2,29,46,123,67,56,4,38,85,8.12967479674797,8.40373134328358,7.80178571428571,9.5,8.37368421052632,8.02058823529412,3
"5",2007,2,8.17433012987013,77,8.50918367346939,7.58833642857143,8,7.83166666666667,8.3930514893617,49,28,2,30,47,200,116,84,6,68,132,8.1468671,8.44827586206897,7.73063595238095,9,8.13455882352941,8.15320772727273,4
"6",2007,3,7.98098591549296,71,8.40243902439024,7.405,8.2,7.57307692307692,8.21666666666667,41,30,5,26,45,271,157,114,11,94,177,8.10340745387454,8.43630573248408,7.64494228070175,8.63636363636364,7.97925531914894,8.16934135593221,5
"7",2007,4,8.02068965517241,58,8.44285714285714,7.37826086956522,6,8.13157894736842,7.96666666666667,35,23,3,19,39,329,192,137,14,113,216,8.08882498480243,8.4375,7.60017094890511,8.07142857142857,8.00486725663717,8.13274731481482,6
"8",2007,5,8.34285714285714,63,8.64772727272727,7.63684210526316,8.16666666666667,8.33333333333333,8.34583333333333,44,19,3,15,48,392,236,156,17,128,264,8.12965158163265,8.47669491525424,7.60463730769231,8.08823529411765,8.043359375,8.17149022727273,7
"9",2007,6,8.12388059701493,67,8.4,7.68846153846154,8.5,8.44375,8.02352941176471,41,26,3,16,51,459,277,182,20,144,315,8.12880919389978,8.46534296028881,7.6166121978022,8.15,8.08784722222222,8.14753466666667,8
"10",2007,7,8.01363636363636,55,8.50714285714286,7.15,8,7.75,8.1125,35,20,1,15,40,514,312,202,21,159,355,8.11648525291829,8.47003205128205,7.57041297029703,8.14285714285714,8.0559748427673,8.14358709859155,9
"11",2007,8,8.03225806451613,62,8.32702702702703,7.596,9.5,7.88636363636364,8.1125,37,25,2,22,40,576,349,227,23,181,395,8.10741913194444,8.45487106017192,7.57323092511013,8.26086956521739,8.0353591160221,8.14043903797469,10
"12",2007,9,8.10652173913043,46,8.19666666666667,7.9375,NA,8.48823529411765,7.88275862068966,30,16,0,17,29,622,379,243,23,198,424,8.10735276527331,8.4344327176781,7.59721572016461,8.26086956521739,8.07424242424242,8.12281466981132,11
"13",2007,10,7.74285714285714,63,8.28,7.07142857142857,6.625,7.9,7.68478260869565,35,28,4,17,46,685,414,271,27,215,470,8.07382981021898,8.4213768115942,7.54289084870849,8.01851851851852,8.06046511627907,8.07994344680851,12
"14",2007,11,7.7735632183908,87,8.425,6.80571428571429,8,7.58275862068966,7.86896551724138,52,35,4,29,58,772,466,306,31,244,528,8.03999147668394,8.42178111587983,7.45857326797386,8.01612903225806,8.00368852459016,8.05676784090909,13
"15",2007,12,7.77047674418605,86,8.19422,7.18194444444444,7.9,7.27378125,8.06481481481481,50,36,5,32,54,858,516,342,36,276,582,8.01297717948718,8.39973062015504,7.42945444444445,8,7.9190615942029,8.05751446735395,14
"16",2008,1,7.86867469879518,83,8.11875,7.52571428571429,7.41666666666667,8.32352941176471,7.75151515151515,48,35,6,17,66,941,564,377,42,293,648,8.00024911795962,8.37581737588652,7.43839103448276,7.91666666666667,7.94252901023891,8.02634787037037,15
"17",2008,2,7.76689189189189,74,8.11585365853658,7.33333333333333,8.1,7.77941176470588,7.76315789473684,41,33,5,17,57,1015,605,410,47,310,705,7.9832358817734,8.3582,7.42993517073171,7.93617021276596,7.93358387096774,8.00506868085106,16
"18",2008,3,7.86140350877193,57,8.36756756756757,6.925,8.5,6.94736842105263,8.31842105263158,37,20,4,19,38,1072,642,430,51,329,743,7.97675785447761,8.35873987538941,7.40644981395349,7.98039215686275,7.87662917933131,8.02109477792732,17
"19",2008,4,7.97538461538462,65,8.38139534883721,7.18181818181818,7.33333333333333,7.58260869565217,8.19047619047619,43,22,3,23,42,1137,685,452,54,352,785,7.97667934916447,8.36016204379562,7.3955164159292,7.94444444444444,7.85741761363636,8.03015722292994,18
"20",2008,5,7.80483870967742,62,8,7.621875,7,7.5,7.92954545454545,30,32,3,18,44,1199,715,484,57,370,829,7.96779351125938,8.34505034965035,7.41048227272727,7.89473684210526,7.84002972972973,8.02481715319662,19
"21",2008,6,7.53970588235294,68,8.15172413793104,7.08461538461538,7.625,7.545,7.5375,29,39,8,20,48,1267,744,523,65,390,877,7.94481801104973,8.33751478494624,7.38618244741874,7.86153846153846,7.8249,7.99814529076397,20
"22",2008,7,7.675,60,8.35185185185185,7.12121212121212,6.57142857142857,6.95454545454545,8.0921052631579,27,33,7,22,38,1327,771,556,72,412,915,7.93261825169556,8.3380168612192,7.37045579136691,7.73611111111111,7.77842475728155,8.00204745355191,21
"23",2008,8,7.69810344827586,58,8.4265625,6.80153846153846,6.57142857142857,7.40952380952381,7.86189189189189,32,26,7,21,37,1385,803,582,79,433,952,7.92279741516246,8.34154545454545,7.34504024054983,7.63291139240506,7.76053348729792,7.99660023109244,22
"24",2008,9,7.4212962962963,54,7.74107142857143,7.07692307692308,7.33333333333333,7.3375,7.45657894736842,28,26,6,16,38,1439,831,608,85,449,990,7.90397805420431,8.32131287605295,7.33357470394737,7.61176470588235,7.74545879732739,7.97587214141414,23
"25",2008,10,7.68620689655172,58,8.16774193548387,7.13333333333333,7,7.03571428571429,7.89318181818182,31,27,3,14,44,1497,862,635,88,463,1034,7.89554069472278,8.31579002320186,7.32506050393701,7.59090909090909,7.72399784017279,7.97235340425532,24
"26",2008,11,7.88090909090909,55,8.23333333333333,7.458,7.11428571428571,7.88666666666667,7.87875,30,25,7,15,40,1552,892,660,95,478,1074,7.89502217783505,8.3130168161435,7.33009609090909,7.55578947368421,7.72910251046025,7.96886724394786,25
"27",2008,12,7.33626966292135,89,7.95156,6.5474358974359,6.64705882352941,7.0665,7.48771929824561,50,39,17,32,57,1641,942,699,112,510,1131,7.86471811090798,8.29383121019108,7.28642835479256,7.41785714285714,7.68752745098039,7.94461840848806,26
"28",2009,1,7.90765306122449,98,8.26078431372549,7.52446808510638,7.52222222222222,7.83,7.9275641025641,51,47,18,20,78,1739,993,746,130,530,1209,7.86713767682576,8.29213393756294,7.30142549597855,7.43230769230769,7.69290377358491,7.94351813068652,27
"29",2009,2,7.46555555555556,135,8.00909090909091,7.091875,6.025,7.02380952380952,7.5469298245614,55,80,10,21,114,1874,1048,826,140,551,1323,7.83820833511206,8.27727958015267,7.28113004842615,7.33178571428571,7.66740290381125,7.90934498866213,28
"30",2009,3,7.71858407079646,113,8.05744680851064,7.47727272727273,7.41666666666667,7.68,7.72954545454545,47,66,12,25,88,1987,1095,892,152,576,1411,7.83140534474082,8.26784383561644,7.29564284753363,7.33848684210526,7.66794965277778,7.89813141034727,29
"31",2009,4,7.81241071428571,112,8.01282608695652,7.67272727272727,6.875,7.66176470588235,7.83936842105263,46,66,4,17,95,2099,1141,958,156,593,1506,7.83039181515007,8.25756266432954,7.32162152400835,7.32660256410256,7.66777234401349,7.89442458167331,30
"32",2009,5,7.57362637362637,91,7.74857142857143,7.46428571428571,8.05555555555556,7.6,7.56842105263158,35,56,9,15,76,2190,1176,1014,165,608,1582,7.81972256621005,8.24241411564626,7.32950041420118,7.36636363636364,7.66610032894737,7.87876322376738,31
"33",2009,6,7.77040816326531,98,8.21410256410256,7.4771186440678,7,7.6,7.81410256410256,39,59,6,20,78,2288,1215,1073,171,628,1660,7.81761032342658,8.24150534979424,7.33761735321528,7.35350877192982,7.66399522292994,7.87572495180723,32
"34",2009,7,7.41785714285714,84,8.02941176470588,7.002,7.14444444444444,7.96153846153846,7.31830985915493,34,50,9,13,71,2372,1249,1123,180,641,1731,7.80345380269815,8.23573178542835,7.32267446126447,7.34305555555555,7.67002964118565,7.85286159445407,33
"35",2009,8,7.65681818181818,88,8.10909090909091,7.20454545454545,7.19230769230769,7.3047619047619,7.76716417910448,44,44,13,21,67,2460,1293,1167,193,662,1798,7.79820830081301,8.2314222737819,7.31822058269066,7.33290155440414,7.65844259818731,7.84966819799777,34
"36",2009,9,7.73130841121495,107,8.1375,7.44761904761905,7.61538461538461,7.56944444444444,7.76404494382022,44,63,13,18,89,2567,1337,1230,206,680,1887,7.79541971951695,8.22833133881825,7.32484830894309,7.3507281553398,7.65608676470588,7.84562979332273,35
"37",2009,10,7.56732673267327,101,7.80851063829787,7.35740740740741,7.55714285714286,7.45,7.6038961038961,47,54,14,24,77,2668,1384,1284,220,704,1964,7.78678501499251,8.21407442196532,7.32621761682243,7.36386363636363,7.64906107954545,7.83615245417515,36
"38",2009,11,7.67389380530973,113,8.27777777777778,7.27426470588235,7.22666666666667,8.11041666666667,7.5561797752809,45,68,15,24,89,2781,1429,1352,235,728,2053,7.78219792161093,8.21608047585724,7.32360460059172,7.35510638297872,7.6642706043956,7.82401530443254,37
"39",2009,12,7.52477064220184,109,8.03488372093023,7.19242424242424,8.11111111111111,7.875,7.42588235294118,43,66,9,24,85,2890,1472,1418,244,752,2138,7.7724887266436,8.21078736413044,7.31749888575458,7.38299180327869,7.6709960106383,7.80818681945744,38
"40",2010,1,7.73928571428571,126,8.09067796610169,7.42985074626866,7.56190476190476,7.41904761904762,7.80333333333333,59,67,21,21,105,3016,1531,1485,265,773,2243,7.77110159814324,8.20615871979099,7.32256795959596,7.39716981132075,7.66415135834411,7.80795961658493,39
"41",2010,2,7.54050632911392,79,8.21142857142857,7.00681818181818,6.75,7.91764705882353,7.43709677419355,35,44,6,17,62,3095,1566,1529,271,790,2305,7.76521564458805,8.20627650063857,7.31348163505559,7.38284132841328,7.66960632911392,7.79798413015184,40
"42",2010,3,7.65487804878049,82,8.21666666666667,7.21521739130435,7.28571428571429,8.18666666666667,7.53582089552239,36,46,7,15,67,3177,1602,1575,278,805,2372,7.76236777463016,8.20650998751561,7.31061169523809,7.38039568345324,7.67924099378882,7.79057901349072,41
"43",2010,4,7.22533333333333,75,7.88888888888889,6.85208333333333,7.25454545454545,6.98461538461538,7.2758064516129,27,48,11,13,62,3252,1629,1623,289,818,2434,7.74998229397294,8.20124554941682,7.29705078250154,7.37560553633218,7.66820171149144,7.7774664831553,42
"44",2010,5,7.52285714285714,70,8.01041666666667,7.26847826086957,8.04,6.94230769230769,7.65526315789474,24,46,10,13,57,3322,1653,1669,299,831,2491,7.74519639373871,8.19847489413188,7.29626328340323,7.39782608695652,7.65684596871239,7.77467018065034,43
"45",2010,6,7.51862068965517,58,7.62458333333333,7.44382352941176,6.8,7.63636363636364,7.49106382978723,24,34,4,11,47,3380,1677,1703,303,842,2538,7.74130840828403,8.19026177698271,7.29920928948914,7.38993399339934,7.6565783847981,7.76941821118991,44
"46",2010,7,7.66594202898551,69,8.2109375,7.19459459459459,7.55454545454545,7.81388888888889,7.61372549019608,32,37,11,18,51,3449,1709,1740,314,860,2589,7.73980064366483,8.19064891749561,7.29698472413793,7.39570063694268,7.65987093023256,7.76635126303592,45
"47",2010,8,7.31411764705882,85,7.90333333333333,6.99272727272727,7.17272727272727,7.27,7.32769230769231,30,55,11,20,65,3534,1739,1795,325,880,2654,7.72956208828523,8.18569235192639,7.2876620724234,7.38815384615385,7.65101022727273,7.75560792012057,46
"48",2010,9,7.57597402597403,77,8.17638888888889,7.04878048780488,7,7.99444444444444,7.44830508474576,36,41,7,18,59,3611,1775,1836,332,898,2713,7.72628701744669,8.18550366197183,7.2823275708061,7.37996987951807,7.65789420935412,7.74892496129745,47
"49",2010,10,7.42894736842105,76,8.25806451612903,6.85777777777778,7.3,7.325,7.46607142857143,31,45,5,20,56,3687,1806,1881,337,918,2769,7.72015796582588,8.18674916943522,7.27217087719298,7.37878338278932,7.65064161220043,7.74320455760202,48
"50",2010,11,7.57,100,8.16888888888889,7.08,7.44444444444444,7.7,7.55227272727273,45,55,9,12,88,3787,1851,1936,346,930,2857,7.71619287562715,8.18631496488385,7.26671147727273,7.38049132947977,7.65127849462365,7.73732356317816,49
"51",2010,12,7.60263157894737,95,7.84056603773585,7.30238095238095,7,7.4775,7.636,53,42,4,20,75,3882,1904,1978,350,950,2932,7.7134138124678,8.17669065126051,7.26746886754297,7.37614285714286,7.64762,7.73473172578445,50
"52",2011,1,7.48445378151261,119,7.89916666666667,7.06271186440678,6.80714285714286,7.4375,7.49631578947368,60,59,14,24,95,4001,1964,2037,364,974,3027,7.7066039540115,8.16821232179226,7.26153825233186,7.35425824175824,7.64244250513347,7.72724923026098,51
"53",2011,2,7.61926829268293,82,8.11028571428571,7.2536170212766,7.475,7.91285714285714,7.55882352941176,35,47,12,14,68,4083,1999,2084,376,988,3095,7.70484996816067,8.16719809904953,7.26135960652591,7.35811170212766,7.64627429149797,7.72354876252019,52
"54",2011,3,7.76045977011494,87,8.10567567567568,7.505,7,7.92307692307692,7.73189189189189,37,50,7,13,74,4170,2036,2134,383,1001,3169,7.70601017266187,8.1660800589391,7.2670681443299,7.35156657963446,7.64986913086913,7.72374358472704,53
"55",2011,4,7.42071428571429,70,7.8953125,7.02105263157895,6.78,7.81818181818182,7.34661016949153,32,38,10,11,59,4240,2068,2172,393,1012,3228,7.70130009905661,8.16189023210832,7.26276400552486,7.33702290076336,7.65169861660079,7.71685050185874,54
"56",2011,5,7.69718309859155,71,7.73243243243243,7.65882352941177,7.7,7.82142857142857,7.66666666666667,37,34,10,14,57,4311,2105,2206,403,1026,3285,7.7012322941313,8.15434156769597,7.2688682774252,7.34602977667494,7.65401461988304,7.71597973211568,55
"57",2011,6,7.46865671641791,67,8.01851851851852,7.0975,7.075,7.38888888888889,7.48103448275862,27,40,8,9,58,4378,2132,2246,411,1035,3343,7.69767300593879,8.15262148217636,7.26581630454141,7.34075425790754,7.65170917874396,7.71190350583308,56
"58",2011,7,7.56727272727273,55,8.14705882352941,7.30789473684211,7.42222222222222,7.2,7.63913043478261,17,38,9,9,46,4433,2149,2284,420,1044,3389,7.69605513647643,8.1525774778967,7.26651638353765,7.3425,7.64781513409962,7.71091573325465,57
"59",2011,8,7.64095238095238,105,8.253125,7.12543859649123,6.92857142857143,7.735,7.61882352941176,48,57,14,20,85,4538,2197,2341,434,1064,3474,7.69478017188189,8.15477423759673,7.26308134130713,7.32914746543779,7.64945394736842,7.70866246977547,58
"60",2011,9,7.35483870967742,62,7.95833333333333,6.97368421052632,6.25,7.53333333333333,7.29787234042553,24,38,6,15,47,4600,2221,2379,440,1079,3521,7.69019835217392,8.15265150832959,7.25845877259353,7.31443181818182,7.64783966635774,7.70317904572565,59
"61",2011,10,7.40144230769231,104,7.59285714285714,7.30434782608696,7.64090909090909,7.27272727272727,7.41666666666667,35,69,11,11,93,4704,2256,2448,451,1090,3614,7.68381428996599,8.14396675531915,7.25975221405229,7.32239467849224,7.64405412844037,7.69580614831212,60
"62",2011,11,7.23655913978495,93,7.68292682926829,6.88461538461539,7.57142857142857,7.64166666666667,7.17654320987654,41,52,7,12,81,4797,2297,2500,458,1102,3695,7.67514330206379,8.13573748367436,7.251949368,7.32620087336245,7.64402813067151,7.68442311772666,61
"63",2011,12,7.40056818181818,88,7.65,7.11463414634146,7.33333333333333,7.57894736842105,7.35144927536232,47,41,12,19,69,4885,2344,2541,470,1121,3764,7.67019701535312,8.1259978668942,7.2497337347501,7.32638297872341,7.64292506690455,7.67831918703507,62
"64",2012,1,7.5220202020202,99,7.89142857142857,7.16,7.22727272727273,7.175,7.60987341772152,49,50,11,20,79,4984,2393,2591,481,1141,3843,7.66725369582665,8.12119473464271,7.24800209185643,7.32411642411643,7.63472304995618,7.67691215716888,63
"65",2012,2,7.66911764705882,68,8.23529411764706,7.10294117647059,7.42,7.28181818181818,7.74385964912281,34,34,5,11,57,5052,2427,2625,486,1152,3900,7.66727878463975,8.12279316028018,7.24612320761905,7.32510288065844,7.63135329861111,7.67789062051282,64
"66",2012,3,7.64838709677419,62,7.94193548387097,7.35483870967742,8.125,7.4,7.71428571428571,31,31,4,13,49,5114,2458,2656,490,1165,3949,7.66704974970669,8.12051220504475,7.24739210090361,7.33163265306123,7.62877167381974,7.67834221828311,65
"67",2012,4,7.43923076923077,65,8.05833333333333,6.90857142857143,7.55384615384615,7.73076923076923,7.36634615384615,30,35,13,13,52,5179,2488,2691,503,1178,4001,7.6641904653408,8.11976245980708,7.24298529171312,7.33737574552684,7.62989728353141,7.6742872831792,66
"68",2012,5,7.53356164383562,73,7.92708333333333,7.34081632653061,7.2,7.9125,7.48692307692308,24,49,5,8,65,5252,2512,2740,508,1186,4066,7.66237479436405,8.11792157643312,7.24473482481752,7.33602362204724,7.63180354131535,7.67129203639941,67
"69",2012,6,7.72380952380952,63,8.06666666666667,7.41212121212121,6.25,8.33333333333333,7.65964912280702,30,33,4,6,57,5315,2542,2773,512,1192,4123,7.66310299529633,8.1173166797797,7.24672680129823,7.3275390625,7.63533473154362,7.67113107446034,68
"70",2012,7,7.35555555555556,54,8.2,6.81818181818182,6.77272727272727,7.27777777777778,7.37111111111111,21,33,11,9,45,5369,2563,2806,523,1201,4168,7.66000976345688,8.11799414748342,7.24168689237348,7.31586998087954,7.63265528726062,7.66789189539347,69
"71",2012,8,7.38524590163934,61,8.07142857142857,7.025,7.1875,7.04166666666667,7.46938775510204,21,40,8,12,49,5430,2584,2846,531,1213,4217,7.65692309760589,8.11761571207431,7.23864139845397,7.31393596986817,7.62680873866447,7.66558534977472,70
"72",2012,9,7.67,70,8.32058823529412,7.05555555555556,6.21428571428571,7,7.86851851851852,34,36,7,16,54,5500,2618,2882,538,1229,4271,7.65708953090909,8.12025171886937,7.23635441360167,7.2996282527881,7.61864849471115,7.66815111683446,71
"73",2012,10,7.51739130434783,69,8.01034482758621,7.16,7.71428571428571,8.23333333333333,7.41,29,40,7,9,60,5569,2647,2922,545,1238,4331,7.65535866762435,8.1190476010578,7.23530917864476,7.30495412844037,7.62311712439418,7.66457479104133,72
"74",2012,11,7.44393939393939,66,7.82678571428571,7.16184210526316,6.91666666666667,7.29090909090909,7.47454545454545,28,38,6,11,55,5635,2675,2960,551,1249,4386,7.65288241703638,8.11598841121496,7.23436602027027,7.30072595281307,7.62019135308247,7.66219184222526,73
"75",2012,12,7.51571428571429,70,8.08571428571429,7.13571428571429,6.66666666666667,7.38571428571429,7.54821428571429,28,42,12,14,56,5705,2703,3002,563,1263,4442,7.65119937248028,8.11567480577137,7.23298581612259,7.28721136767318,7.61759224069675,7.66075493471409,74
"76",2013,1,7.37051282051282,78,7.66724137931034,7.19489795918367,6.95454545454545,7.91666666666667,7.29927536231884,29,49,11,9,69,5783,2732,3051,574,1272,4511,7.64741352585164,8.11091471449487,7.23237411340544,7.2808362369338,7.61970833333333,7.65522576368876,75
"77",2013,2,7.37132352941176,68,7.93333333333333,7.06477272727273,7.08333333333333,6.9,7.45258620689655,24,44,12,10,58,5851,2756,3095,586,1282,4569,7.64420482310716,8.10936828737301,7.22999141195477,7.27679180887372,7.61409438377535,7.65265340774786,76
"78",2013,3,7.24692307692308,65,7.492,7.09375,6.58333333333333,6.68571428571429,7.31465517241379,25,40,6,7,58,5916,2781,3135,592,1289,4627,7.63983982758621,8.10381841064365,7.22825308452951,7.26976351351351,7.60905275407292,7.6484165593257,77
"79",2013,4,7.61666666666667,54,8.025,7.29,7.57142857142857,7.5,7.62857142857143,24,30,7,5,49,5970,2805,3165,599,1294,4676,7.63963022110553,8.1031440285205,7.22883836334913,7.27328881469115,7.6086313755796,7.64820860136869,78
"80",2013,5,6.86836734693878,49,7.68611111111111,6.39354838709677,7.22222222222222,7.06818181818182,6.81052631578947,18,31,9,11,38,6019,2823,3196,608,1305,4714,7.63335145705267,8.10048494509387,7.22073636420526,7.27253289473684,7.60407586206897,7.64145596521001,79
"81",2013,6,7.52159090909091,44,7.89772727272727,7.14545454545455,6.5,8.08888888888889,7.37571428571429,22,22,4,9,35,6063,2845,3218,612,1314,4749,7.63254039584364,8.09891704745167,7.22022169670603,7.26748366013072,7.60739649923896,7.63949745630659,80
"82",2013,7,7.18545454545455,55,7.9875,6.56451612903226,6.78571428571429,7.45,7.12666666666667,24,31,7,10,45,6118,2869,3249,619,1324,4794,7.62852115397189,8.09798501219937,7.21396534933826,7.26203554119548,7.60620770392749,7.63468365039633,81
"83",2013,8,7.5195652173913,46,8.13478260869565,6.90434782608696,6.9,7.7,7.440625,23,23,5,14,32,6164,2892,3272,624,1338,4826,7.62770804996756,8.09827766251729,7.21178894254279,7.25913461538462,7.60718908819133,7.63339689598011,82
"84",2013,9,7.60272727272727,55,8.35588235294118,7.26578947368421,7.57142857142857,7.63,7.59666666666667,17,38,7,10,45,6219,2909,3310,631,1348,4871,7.62748712333173,8.09978308697147,7.21240888821752,7.26259904912837,7.60735830860534,7.63305756928762,83
"85",2013,10,7.54915254237288,59,7.87,7.21724137931034,7.05,8.1,7.43673469387755,30,29,10,10,49,6278,2939,3339,641,1358,4920,7.62675094297547,8.09743756379721,7.21245085953878,7.25928237129485,7.61098600883652,7.63110232113821,84
"86",2013,11,7.43924731182796,93,8.10606060606061,7.0725,7.11538461538461,7.9,7.32094594594595,33,60,13,19,74,6371,2972,3399,654,1377,4994,7.62401387851201,8.09753331090175,7.20998041188585,7.25642201834862,7.61497385620915,7.62650649179015,85
"87",2013,12,7.45657894736842,76,7.86666666666667,7.0875,7.16666666666667,7.61666666666667,7.4265625,36,40,9,12,64,6447,3008,3439,663,1389,5058,7.62204008375989,8.09477027925532,7.20855580692062,7.2552036199095,7.61498848092152,7.62397655595097,86
"88",2014,1,7.25594059405941,101,8.00375,6.7655737704918,6.25,6.83333333333333,7.29728260869565,40,61,10,9,92,6548,3048,3500,673,1398,5150,7.61639316127062,8.09357578740158,7.20083526285714,7.24026745913819,7.60995636623748,7.61814046990291,87
"89",2014,2,7.62473684210526,95,7.99893617021277,7.25833333333333,7.225,7.64375,7.62088607594937,47,48,10,16,79,6643,3095,3548,683,1414,5229,7.61651248231221,8.09213861066236,7.20161313979707,7.2400439238653,7.6103387553041,7.61818195065978,88
"90",2014,3,7.40357142857143,56,7.85714285714286,6.95,8,6.92857142857143,7.47142857142857,28,28,2,7,49,6699,3123,3576,685,1421,5278,7.61473241080758,8.09003170028819,7.19964301454139,7.24226277372263,7.6069802955665,7.61681951875711,89
"91",2014,4,7.32105263157895,57,7.94210526315789,7.01052631578947,6.91666666666667,6.99090909090909,7.4,19,38,6,11,46,6756,3142,3614,691,1432,5324,7.61225465068088,8.08913717377467,7.197654515772,7.23943560057887,7.60224790502793,7.61494617205109,90
"92",2014,5,7.47439024390244,41,7.78947368421053,7.20227272727273,7.25,6.75,7.59857142857143,19,22,6,6,35,6797,3161,3636,697,1438,5359,7.61142304251876,8.08733596962987,7.19768245874587,7.23952654232425,7.59869193324061,7.61483922746781,91
"93",2014,6,7.46232558139535,43,7.86111111111111,7.1752,7.33333333333333,7,7.50974358974359,18,25,6,4,39,6840,3179,3661,703,1442,5398,7.61048573391813,8.08605504875747,7.1975289319858,7.24032716927454,7.59703120665742,7.6140799221934,92
"94",2014,7,7.22745098039216,51,7.77777777777778,6.92727272727273,7.825,8.2,7.12173913043478,18,33,8,5,46,6891,3197,3694,711,1447,5444,7.60765090988246,8.08431936190179,7.19511462371413,7.24690576652602,7.59911472011057,7.60991980529023,93
"95",2014,8,6.9365,40,7.475,6.757,6.26923076923077,6.14285714285714,7.10484848484848,10,30,13,7,33,6931,3207,3724,724,1454,5477,7.60377758187852,8.08241939507328,7.19158523630505,7.22935082872928,7.59210385144429,7.60687665145152,94
"96",2014,9,7.35068493150685,73,7.84571428571429,6.89473684210526,7.37142857142857,7.3,7.3578125,35,38,7,9,64,7004,3242,3762,731,1463,5541,7.60113969446031,8.07986397285626,7.18858676767677,7.23071135430917,7.59030690362269,7.60399989532575,95
"97",2014,10,7.67567567567568,74,8.17586206896552,7.35333333333333,7.77777777777778,7.27272727272727,7.74603174603175,29,45,9,11,63,7078,3271,3807,740,1474,5604,7.60191896298389,8.08071507184347,7.19053412660888,7.23736486486487,7.5879369063772,7.60559661313347,96
"98",2014,11,7.52222222222222,72,7.9375,7.19,7.21428571428571,7.92857142857143,7.47846153846154,32,40,7,7,65,7150,3303,3847,747,1481,5669,7.60111642237762,8.07932758098698,7.19052857291396,7.23714859437751,7.58954692775152,7.60413889927677,97
"99",2014,12,7.45540540540541,74,7.63666666666667,7.33181818181818,7.33333333333333,6.8,7.58225806451613,30,44,6,12,62,7224,3333,3891,753,1493,5731,7.59962381229236,8.07534323432343,7.19212629658186,7.23791500664011,7.58320093770931,7.60390218461001,98
"100",2015,1,7.5840206185567,97,7.975,7.28545454545455,7.05,7.03125,7.69320987654321,42,55,14,16,81,7321,3375,3946,767,1509,5812,7.59941707690206,8.07409451851852,7.19342712113533,7.23448500651891,7.57734857521537,7.60514683757742,99
"101",2015,2,7.57121212121212,66,7.93333333333333,7.20909090909091,7.875,7.875,7.55161290322581,33,33,4,4,62,7387,3408,3979,771,1513,5874,7.59916507648572,8.07273151408451,7.19355702940437,7.23780804150454,7.57813549239921,7.6045817875383,100
"102",2015,3,7.46818181818182,77,7.85,7.19666666666667,7.32941176470588,7.24,7.50223880597015,32,45,17,10,67,7464,3440,4024,788,1523,5941,7.59781382904609,8.07065959302326,7.19359180417495,7.23978426395939,7.57591529875246,7.60342760814678,101
"103",2015,4,7.4,56,7.874,7.01774193548387,6.77,6.93181818181818,7.51444444444444,25,31,10,11,45,7520,3465,4055,798,1534,5986,7.59634074734043,8.06924069264069,7.19224745252774,7.23389724310777,7.57129661016949,7.60275867357167,102
"104",2015,5,7.55645161290323,62,8.01833333333333,7.1234375,7.46666666666667,7.57,7.55526315789474,30,32,9,5,57,7582,3495,4087,807,1539,6043,7.59601456343973,8.06880371959943,7.19170869097137,7.23649318463445,7.57129239766082,7.60231067681615,103
"105",2015,6,7.495,66,8.05185185185185,7.10948717948718,7.5078947368421,6.3,7.59295081967213,27,39,19,5,61,7648,3522,4126,826,1544,6104,7.5951428373431,8.06867376490631,7.19093151236064,7.24273607748184,7.56717551813471,7.6022171395806,104
"106",2015,7,7.37213114754098,61,7.77619047619048,7.16,7.4875,7.67272727272727,7.306,21,40,8,11,50,7709,3543,4166,834,1555,6154,7.59337818394085,8.06694016370308,7.19063452232357,7.24508393285372,7.56792218649518,7.59981043548911,105
"107",2015,8,7.5109375,64,7.93103448275862,7.16285714285714,6.9,8.5,7.4271186440678,29,35,5,5,59,7773,3572,4201,839,1560,6213,7.59269939791586,8.06583678611422,7.19040309926208,7.2430274135876,7.57090961538461,7.59817051665862,106
"108",2015,9,7.32368421052632,76,7.76379310344828,7.05212765957447,7.95625,7.23888888888889,7.33507462686567,29,47,8,9,67,7849,3601,4248,847,1569,6280,7.59009458784558,8.06340433212997,7.18887321563089,7.24976387249115,7.56900509878904,7.59536360191083,107
"109",2015,10,7.40308823529412,68,7.61848484848485,7.2,7.6,7.6875,7.36516666666667,33,35,5,8,60,7917,3634,4283,852,1577,6340,7.58848836933182,8.05936406164007,7.18896414195657,7.25181924882629,7.56960621433101,7.59318508201893,108
"110",2015,11,7.2969512195122,82,8.01216216216216,6.70888888888889,6.6,6.45833333333333,7.36315789473684,37,45,5,6,76,7999,3671,4328,857,1583,6416,7.58549973996749,8.05888831381096,7.18397260166359,7.24801633605601,7.56539418825016,7.59046032107232,109
"111",2015,12,7.61411764705882,85,8.08026315789474,7.23723404255319,6.72222222222222,7.07142857142857,7.66282051282051,38,47,9,7,78,8084,3709,4375,866,1590,6494,7.58580064571994,8.05910730655164,7.18454478171429,7.2425519630485,7.56321949685534,7.59132944564213,110
"112",2016,1,7.34338842975207,121,7.85111111111111,7.04276315789474,7.49230769230769,7.65,7.30648148148148,45,76,13,13,108,8205,3754,4451,879,1603,6602,7.58222576721511,8.05661401172084,7.18212388676702,7.2462457337884,7.56392326887087,7.58666970917904,111
"113",2016,2,7.20923076923077,65,7.892,6.7825,6.625,8,7.12881355932203,25,40,8,6,59,8270,3779,4491,887,1609,6661,7.57929412575574,8.05552500661551,7.17856455577822,7.24064261555806,7.56554940957116,7.58261423509983,112
"114",2016,3,7.39152542372881,59,8.125,6.88857142857143,7.4,6.38333333333333,7.50566037735849,24,35,5,6,53,8329,3803,4526,892,1615,6714,7.57796403169648,8.05596344990797,7.17632201060539,7.24153587443946,7.56115727554179,7.58200676496872,113
"115",2016,4,7.495,80,7.75714285714286,7.29111111111111,7.20909090909091,7.5,7.49444444444444,35,45,11,8,72,8409,3838,4571,903,1623,6786,7.57717474372696,8.0532384054195,7.17745207175673,7.24114064230343,7.56085582255083,7.58107772178013,114
"116",2016,5,7.45531914893617,47,8.10952380952381,6.92692307692308,7.36,7.22857142857143,7.495,21,26,5,7,40,8456,3859,4597,908,1630,6826,7.57649744796594,8.05354470069967,7.17603511420492,7.24179515418502,7.55942883435583,7.5805733108702,115
"117",2016,6,7.60564516129032,62,8.11346153846154,7.23888888888889,6.875,7.24166666666667,7.64464285714286,26,36,8,6,56,8518,3885,4633,916,1636,6882,7.57670960554121,8.05394568854569,7.17652350960501,7.23859170305677,7.55826344743276,7.58109465562336,116
"118",2016,7,7.39537313432836,67,7.8604347826087,7.15227272727273,7.17,7.45714285714286,7.38816666666667,23,44,10,7,60,8585,3908,4677,926,1643,6942,7.57529439953407,8.05280680655067,7.17629536454993,7.23785097192225,7.55783262325015,7.57942717084414,117
"119",2016,8,7.3918085106383,94,7.72906976744186,7.10745098039216,7.125,7.0625,7.44,43,51,14,12,82,8679,3951,4728,940,1655,7024,7.57330711141836,8.0492834725386,7.17555275380711,7.23617021276596,7.55424108761329,7.5777994618451,118
"120",2016,9,7.61913580246914,81,8.11805555555556,7.22,7.17222222222222,7.1,7.65328947368421,36,45,9,5,76,8760,3987,4773,949,1660,7100,7.57373086986301,8.04990443942815,7.17597180389692,7.23556375131718,7.55287289156626,7.57860752394366,119
"121",2016,10,7.68294029850746,67,8.10203571428571,7.38205128205128,6.9875,7.69385714285714,7.68166666666667,28,39,8,7,60,8827,4015,4812,957,1667,7160,7.57455980740908,8.05026799501869,7.1776420241064,7.23349007314525,7.5534649070186,7.57947114804469,120
"122",2016,11,7.638,75,8.11666666666667,7.31888888888889,7.51111111111111,6.8,7.76692307692308,30,45,9,10,65,8902,4045,4857,966,1677,7225,7.57509429566389,8.05076044499383,7.1789506732551,7.23607660455487,7.54897197376267,7.58115756678201,121
"123",2016,12,6.85506329113924,79,7.6125,6.33936170212766,5.83333333333333,6.15714285714286,7.00538461538462,32,47,9,14,65,8981,4077,4904,975,1691,7290,7.56876065248859,8.04732057885701,7.1709040415987,7.22312820512821,7.53744884683619,7.57602378875171,122
"124",2017,1,7.3171568627451,102,7.64222222222222,7.06052631578947,7.14,6.88214285714286,7.38636363636364,45,57,15,14,88,9083,4122,4961,990,1705,7378,7.56593519982385,8.04289810771471,7.16963584357992,7.22186868686869,7.53206803519062,7.57376164543237,123
"125",2017,2,7.2683908045977,87,7.87625,6.75106382978723,6.8625,8.05,7.14333333333333,40,47,16,12,75,9170,4162,5008,1006,1717,7453,7.56311225954198,8.04129649207113,7.16570755191693,7.21615308151094,7.53568782760629,7.56943021870388,124
"126",2017,3,7.72525641025641,78,8.20658536585366,7.19189189189189,7.28571428571429,7.78571428571429,7.71929577464789,41,37,7,7,71,9248,4203,5045,1013,1724,7524,7.56447982482699,8.04290887461338,7.1658995877106,7.21663376110563,7.5367030162413,7.570844420521,125
"127",2017,4,7.36958904109589,73,7.85416666666667,7.13224489795918,6.75,7.245,7.3768115942029,24,49,4,4,69,9321,4227,5094,1017,1728,7593,7.56295348353181,8.04183723681098,7.16557585787201,7.21479842674533,7.53602777777778,7.56908118266825,126
"128",2017,5,7.52010869565217,92,7.65384615384615,7.42169811320755,7.77272727272727,7.56666666666667,7.51103896103896,39,53,11,15,77,9413,4266,5147,1028,1743,7670,7.5625347306916,8.03829020159401,7.16821321546532,7.22076848249027,7.53629145152037,7.56849849022164,127
"129",2017,6,7.3953125,64,8.16428571428571,6.79722222222222,6.5625,7.64285714285714,7.36491228070175,28,36,8,7,57,9477,4294,5183,1036,1750,7727,7.56140544687137,8.0391117838845,7.16563639205094,7.21568532818533,7.53671771428571,7.56699668953022,128
"130",2017,7,7.36857142857143,84,8.17151515151515,6.84901960784314,6.71428571428571,7.866,7.30135135135135,33,51,14,10,74,9561,4327,5234,1050,1760,7801,7.55971126660391,8.04012156228335,7.16255128391288,7.209,7.53858863636364,7.56447678759133,129
"131",2017,8,7.34769879518072,83,7.78413793103448,7.11331481481481,7.2,6.15444444444444,7.49282432432432,29,54,10,9,74,9644,4356,5288,1060,1769,7875,7.5578866051431,8.03841735537191,7.16204849092284,7.20891509433962,7.53154663651781,7.56380348190476,130
"132",2017,9,7.28333333333333,75,8.03448275862069,6.80978260869565,7.05454545454545,6.78571428571429,7.33455882352941,29,46,11,7,68,9719,4385,5334,1071,1776,7943,7.55576792056796,8.03839133409351,7.15901057742782,7.20732959850607,7.52860698198198,7.56184091904822,131
"133",2017,10,7.7851724137931,87,8.19540540540541,7.4816,7.60714285714286,8.14,7.73909090909091,37,50,7,10,77,9806,4422,5384,1078,1786,8020,7.5578032245564,8.0397051108096,7.16200639301635,7.20992578849722,7.53203023516237,7.5635426957606,132
"134",2017,11,7.33544303797468,79,7.84848484848485,6.96739130434783,7.39285714285714,7.125,7.37313432835821,33,46,14,12,67,9885,4455,5430,1092,1798,8087,7.55602614264037,8.03828866442201,7.16035772007366,7.21227106227106,7.52931368186874,7.56196518115494,133
"135",2017,12,7.37897727272727,88,8.01428571428571,6.95943396226415,7.11538461538461,7.7125,7.345625,35,53,13,8,80,9973,4490,5483,1105,1806,8167,7.55446389451519,8.03810155902005,7.15841554258618,7.21113122171946,7.53012513842746,7.55984601689727,134
"136",2018,1,7.53904761904762,105,8.06170212765957,7.11551724137931,7.64444444444444,7.18333333333333,7.58494623655914,47,58,9,12,93,10078,4537,5541,1114,1818,8260,7.55430327644374,8.03834604364118,7.15796650785057,7.21463195691203,7.52783608360836,7.56012862227603,135
"137",2018,2,7.38295454545455,88,7.96904761904762,6.84782608695652,7.2,7.45833333333333,7.37105263157895,42,46,5,12,76,10166,4579,5587,1119,1830,8336,7.55282002951013,8.03771041712165,7.15541299803114,7.21456657730116,7.52738032786885,7.55840480086372,136
"138",2018,3,7.43625,80,7.78648648648649,7.13488372093023,7.35714285714286,7.5,7.43544303797468,37,43,7,1,79,10246,4616,5630,1126,1831,8415,7.55190985945735,8.03569670710573,7.15525620248668,7.21545293072824,7.52736537411251,7.55725043612597,137
"139",2018,4,7.9796875,64,8.43571428571429,7.625,8.26,8.17777777777778,7.94727272727273,28,36,5,9,55,10310,4644,5666,1131,1840,8470,7.5545653171678,8.03810852713179,7.15824080833039,7.22007073386384,7.53054673913044,7.55978304840614,138
"140",2018,5,7.56068493150685,73,8.18441176470588,7.01692307692308,6.64285714285714,6.83333333333333,7.62582089552239,34,39,7,6,67,10383,4678,5705,1138,1846,8537,7.55460834248291,8.0391718683198,7.15727474496056,7.21652021089631,7.52828060671723,7.56030132599274,139
"141",2018,6,7.7469387755102,49,8.09615384615385,7.35217391304348,7.21428571428571,7.6,7.75652173913043,26,23,7,3,46,10432,4704,5728,1145,1849,8583,7.55551173504601,8.0394868197279,7.15805733589386,7.21650655021834,7.52839697133586,7.56135295584295,140
"142",2018,7,7.91489361702128,47,8.14166666666667,7.67826086956522,7.5,7.8875,7.92051282051282,24,23,2,8,39,10479,4728,5751,1147,1857,8622,7.55712362057448,8.04000549915399,7.16013778821075,7.21700087183958,7.52994399569198,7.56297754813268,141
"143",2018,8,7.63125,64,7.95,7.46428571428571,7.5,7.55,7.6462962962963,22,42,6,10,54,10543,4750,5793,1153,1867,8676,7.55757359575074,8.03958863157896,7.16234290005179,7.218473547268,7.53005141938939,7.56349612955279,142
"144",2018,9,7.52016666666667,60,8.0875,7.14194444444444,7.41666666666667,7.9,7.48563636363636,24,36,6,5,55,10603,4774,5829,1159,1872,8731,7.557361918325,8.03982949308757,7.16221691885401,7.21949956859362,7.53103952991453,7.56300566029092,143
"145",2018,10,7.18825396825397,63,7.17857142857143,7.196,7.11818181818182,6.57666666666667,7.25263157894737,28,35,11,6,57,10666,4802,5864,1170,1878,8788,7.55518173823364,8.03480758017494,7.16241855729877,7.21854700854701,7.52799041533546,7.56099253755121,144
"146",2018,11,7.12064935064935,77,7.71903225806452,6.71739130434783,5.55555555555556,7.09090909090909,7.12560606060606,31,46,9,11,66,10743,4833,5910,1179,1889,8854,7.55206724564833,8.03278212290504,7.15895472419628,7.2058524173028,7.52544520910535,7.55774705443867,145
"147",2018,12,7.47768115942029,69,7.67357142857143,7.34390243902439,7.75,8.04166666666667,7.42396825396825,28,41,4,6,63,10812,4861,5951,1183,1895,8917,7.55159252867185,8.03071302201194,7.160228939674,7.20769230769231,7.52707968337731,7.55680188628463,146
"148",2019,1,7.33316326530612,98,7.76818181818182,6.9787037037037,7.02777777777778,7.3,7.33693181818182,44,54,18,10,88,10910,4905,6005,1201,1905,9005,7.54963046929423,8.02835800203875,7.15859657285595,7.20499583680266,7.52588766404199,7.55465323931149,147
"149",2019,2,7.55566037735849,53,7.77631578947368,7.43235294117647,6.4,6.95,7.61875,19,34,5,5,48,10963,4924,6039,1206,1910,9053,7.54965962054182,8.02738545897645,7.1601378407021,7.2016583747927,7.52438010471204,7.55499308737435,148
"150",2019,3,7.4031746031746,63,7.9,7.07631578947368,6.1,7.8,7.36896551724138,25,38,5,5,58,11026,4949,6077,1211,1915,9111,7.5488226392164,8.02674196807437,7.15961369425703,7.1971098265896,7.52509973890339,7.55380884864449,149
"151",2019,4,7.4859649122807,57,8.07894736842105,7.18947368421053,6.66666666666667,7.25,7.519,19,38,6,7,50,11083,4968,6115,1217,1922,9161,7.54849936118379,8.02694162640903,7.15979925102208,7.19449465899754,7.52409781477627,7.55361886475275,150
"152",2019,5,7.41481481481481,54,8.37894736842105,6.89142857142857,6.92857142857143,7.4375,7.41086956521739,19,35,7,8,46,11137,4987,6150,1224,1930,9207,7.54785116458651,8.0282827351113,7.15827193821138,7.19297385620915,7.52373886010363,7.55290566091017,151
"153",2019,6,7.19408163265306,49,7.42346153846154,6.93478260869565,6.92857142857143,6.5,7.37205128205128,26,23,7,10,39,11186,5013,6173,1231,1940,9246,7.5463014857858,8.02514582086576,7.15743923861979,7.1914703493095,7.5184618556701,7.55214280986372,152
"154",2019,7,7.42636363636364,55,7.80909090909091,7.17121212121212,7.28125,6.93,7.476,22,33,8,5,50,11241,5035,6206,1239,1945,9296,7.54571465350058,8.02420178748759,7.15751247502417,7.19205004035513,7.51694910025707,7.55173326376936,153
"155",2019,8,7.43792682926829,82,7.79424242424242,7.19795918367347,6.91111111111111,7.71111111111111,7.40424657534247,33,49,9,9,73,11323,5068,6255,1248,1954,9369,7.54493406517707,8.02270441988951,7.15782932374101,7.19002403846154,7.51784339815762,7.55058409862312,154
"156",2019,9,7.33289473684211,38,7.79736842105263,6.86842105263158,6,6,7.44714285714286,19,19,3,3,35,11361,5087,6274,1251,1957,9404,7.54422484112314,8.02186278749755,7.15695288810966,7.18717026378897,7.51551660705161,7.55019910888983,155
"157",2019,10,7.59354838709677,62,8.18214285714286,7.10882352941176,6.11,5.75,7.655,28,34,10,2,60,11423,5115,6308,1261,1959,9464,7.54449255186903,8.02274017595309,7.15669347178186,7.17862807295797,7.51371413986728,7.55086352704987,156
"158",2019,11,7.43461538461538,78,8.028125,7.02173913043478,6.91111111111111,8.38888888888889,7.31014492753623,32,46,9,9,69,11501,5147,6354,1270,1968,9533,7.54374736283801,8.02277365455606,7.15571646521876,7.17673228346457,7.51771646341463,7.54912120213993,157
"159",2019,12,7.625,54,7.86111111111111,7.38888888888889,7.75,8.5,7.515625,27,27,4,6,48,11555,5174,6381,1274,1974,9581,7.54412708091735,8.02193003478934,7.1567030904247,7.17853218210361,7.52070212765957,7.54895338899906,158
"160",2020,1,7.47386363636364,88,7.90204081632653,6.93589743589744,6.43333333333333,7.56666666666667,7.46329113924051,49,39,9,9,79,11643,5223,6420,1283,1983,9660,7.54359601649059,8.02080528431937,7.15536174766355,7.17330475448169,7.52091074130106,7.54825283850931,159
"161",2020,2,7.39594827586207,58,7.99879310344828,6.79310344827586,6.77777777777778,7.5,7.3793,29,29,9,8,50,11701,5252,6449,1292,1991,9710,7.54286415007264,8.02068373952781,7.15373273685843,7.17054953560372,7.52082672024108,7.54738284449021,160
"162",2020,3,7.48735849056604,53,8.05,7.118125,7.7,6.6,7.57979166666667,21,32,10,5,48,11754,5273,6481,1302,1996,9758,7.54261386932108,8.02080049307795,7.1535569233143,7.17461597542243,7.51852004008016,7.54754226480836,161
"163",2020,4,7.34594594594595,37,8.22,6.75,5.83333333333333,6.16666666666667,7.45,15,22,3,3,34,11791,5288,6503,1305,1999,9792,7.54199672801289,8.02136554462936,7.15219166846071,7.17153256704981,7.51649124562281,7.54720357638889,162
"164",2020,5,7.34032258064516,62,7.76857142857143,6.78518518518518,6.58333333333333,7.22222222222222,7.36037735849057,35,27,6,9,53,11853,5323,6530,1311,2008,9845,7.54094182232346,8.01970336276537,7.15067418376723,7.16884057971015,7.51517231075697,7.54619780802438,163
"165",2020,6,7.74827586206897,58,8.37575757575758,6.92,7.5,6,7.84363636363636,33,25,5,3,55,11911,5356,6555,1316,2011,9900,7.54195142473344,8.02189712471995,7.14979441952708,7.17009878419453,7.51291198408752,7.54785024444444,164
"166",2020,7,7.23870967741935,62,7.66285714285714,6.68888888888889,5.9125,6.44285714285714,7.34,35,27,8,7,55,11973,5391,6582,1324,2018,9955,7.54038114257078,8.01956612873308,7.1479037405044,7.1625,7.50920019821605,7.54670190055248,165
"167",2020,8,7.44222222222222,45,8.13157894736842,6.93846153846154,7.1,8.38,7.325,19,26,4,5,40,12018,5410,6608,1328,2023,9995,7.54001359793643,8.01995951940851,7.14707966404358,7.16231174698795,7.5113524468611,7.54581464932466,166
"168",2020,9,7.40310344827586,58,7.76,7.13272727272727,6.0325,6.87571428571429,7.47549019607843,25,33,4,7,51,12076,5435,6641,1332,2030,10046,7.53935603014243,8.01876375344987,7.14700834512874,7.15891891891892,7.509160591133,7.54545763687039,167
"169",2020,10,7.44406779661017,59,7.828,7.16176470588235,7.5,7.16666666666667,7.47547169811321,25,34,5,6,53,12135,5460,6675,1337,2036,10099,7.53889274165636,8.0178902930403,7.14708350861423,7.16019446522064,7.50815127701375,7.54509034755916,168
"170",2020,11,7.35071428571429,70,7.81034482758621,7.02560975609756,6.75,7.11111111111111,7.38606557377049,29,41,6,9,61,12205,5489,6716,1343,2045,10160,7.53781347152806,8.0167937693569,7.14634193269803,7.15836187639613,7.50640391198044,7.54413557283464,169
"171",2020,12,7.50923076923077,65,8.14230769230769,7.08717948717949,6.375,7.6,7.5,26,39,4,6,59,12270,5515,6755,1347,2051,10219,7.53766205541972,8.01738549410699,7.14600035825314,7.15603563474388,7.50667771818625,7.54388075349838,170
"172",2021,1,7.43287671232877,73,8.00176470588235,6.93692307692308,7,7.54166666666667,7.41147540983607,34,39,8,12,61,12343,5549,6794,1355,2063,10280,7.53704232520457,8.0172897819427,7.14480017957021,7.15511439114391,7.50688124091129,7.54309507976653,171
"173",2021,2,7.33090909090909,55,8.28333333333333,6.4125,7.13333333333333,7.75,7.31509433962264,27,28,3,2,53,12398,5576,6822,1358,2065,10333,7.53612787707695,8.01857801291249,7.14179454998534,7.15506627393225,7.50711670702179,7.54192561889093,172
"174",2021,3,7.4972,50,8.00666666666667,7.02692307692308,7.8,7.2,7.53022222222222,24,26,5,5,45,12448,5600,6848,1363,2070,10378,7.53597151510283,8.01852696428572,7.14135841413551,7.15743213499633,7.50637487922705,7.54187487184428,173
"175",2021,4,7.15952380952381,42,7.45263157894737,6.91739130434783,6.5,6.375,7.2421052631579,19,23,6,4,38,12490,5619,6871,1369,2074,10416,7.53470563811049,8.01661345435132,7.14060870615631,7.1545507669832,7.50419286403086,7.54078124231951,174
"176",2021,5,7.53510638297872,47,8.0275,7.17037037037037,6.94,7.22222222222222,7.60921052631579,20,27,5,9,38,12537,5639,6898,1374,2083,10454,7.53470714046422,8.01665206596915,7.14072519860829,7.15377001455604,7.50297455592895,7.54102998086856,175
"177",2021,6,6.83243243243243,37,7.6,6.41666666666667,6.625,7.66666666666667,6.75882352941176,13,24,4,3,34,12574,5652,6922,1378,2086,10488,7.53264064100525,8.01569373673037,7.13821473851488,7.1522351233672,7.50320997123682,7.5384942238749,176
"178",2021,7,7.41666666666667,42,8.16666666666667,6.85416666666667,6.5,8.08333333333333,7.30555555555556,18,24,4,6,36,12616,5670,6946,1382,2092,10524,7.53225455136335,8.01617301587302,7.13723328822344,7.1503473227207,7.50487380497132,7.53769739832763,177
"179",2021,8,7.1875,48,7.775,6.76785714285714,6.9,7.08333333333333,7.20238095238095,20,28,5,6,42,12664,5690,6974,1387,2098,10566,7.53094783796589,8.01532530755712,7.13575027530829,7.14944484498919,7.50366825548141,7.53636451069468,178
"180",2021,9,7.49818181818182,55,7.97727272727273,7.17878787878788,7.125,8.5,7.37551020408163,22,33,4,6,49,12719,5712,7007,1391,2104,10615,7.53080614985455,8.0151787464986,7.13595296417868,7.14937455068296,7.50650950570342,7.5356219896373,179
"181",2021,10,7.51942307692308,52,8.33125,7.15861111111111,6.66666666666667,7.98,7.4097619047619,16,36,3,10,42,12771,5728,7043,1394,2114,10657,7.53075980111189,8.01606162709498,7.13606878034928,7.14833572453372,7.50874929044465,7.53512596603171,180
"182",2021,11,7.46339285714286,56,7.79772727272727,7.24705882352941,6.825,7.83333333333333,7.419,22,34,4,6,50,12827,5750,7077,1398,2120,10707,7.53046569112029,8.01522626086957,7.13660200932598,7.14741058655222,7.5096679245283,7.53458367609974,181
"183",2021,12,7.44285714285714,49,8.04,7.03103448275862,6.875,7.8,7.39302325581395,20,29,4,6,43,12876,5770,7106,1402,2126,10750,7.53013229419074,8.01531213171578,7.13617118209963,7.14663338088445,7.51048730009407,7.5340174344186,182
"184",2022,1,7.51051948051948,77,8,7.26098039215686,7,8.5,7.47040540540541,26,51,7,3,74,12953,5796,7157,1409,2129,10824,7.53001570447,8.01524344375432,7.13706055889339,7.14590489709013,7.51188163457022,7.5335825406504,183
"185",2022,2,7.39392156862745,51,7.65346153846154,7.124,7.96,7.22375,7.42558139534884,26,25,5,8,43,13004,5822,7182,1414,2137,10867,7.52948196093509,8.01362779113707,7.13701509607352,7.14878359264498,7.5108029948526,7.53315518726419,184
"186",2022,3,7.67477272727273,44,8.03684210526316,7.3996,7.33333333333333,6.285,7.81375,19,25,3,4,40,13048,5841,7207,1417,2141,10907,7.52997190527284,8.01370330422873,7.13792596364645,7.1491743119266,7.5085128444652,7.53418423214449,185
"187",2022,4,7.31951219512195,41,7.60666666666667,7.15384615384615,6.825,6.66666666666667,7.37105263157895,15,26,4,3,38,13089,5856,7233,1421,2144,10945,7.52931266101306,8.01266068989071,7.13798319093045,7.14826178747361,7.5073348880597,7.53361785472818,186
"188",2022,5,7.17362068965517,58,8.01541666666667,6.57941176470588,6.25,6.15,7.27018867924528,24,34,4,5,53,13147,5880,7267,1425,2149,10998,7.52774347151441,8.01267193877551,7.13536981147653,7.14574035087719,7.5041768264309,7.53234837424986,187
"189",2022,6,7.44117647058824,51,7.99411764705882,7.16470588235294,5.8,7.5,7.42857142857143,17,34,4,9,42,13198,5897,7301,1429,2158,11040,7.52740895741779,8.01261845005936,7.13550642651691,7.14197340797761,7.5041594068582,7.53195357065217,188
"190",2022,7,7.96875,40,8.39772727272727,7.44444444444444,6.5,7.5,7.99342105263158,22,18,2,2,38,13238,5919,7319,1431,2160,11078,7.52874251548572,8.01404983949992,7.13626621396365,7.14107617051013,7.50415555555556,7.53353650658963,189
"191",2022,8,7.39722222222222,54,7.90555555555556,6.88888888888889,5,7.29230769230769,7.43048780487805,27,27,1,13,41,13292,5946,7346,1432,2173,11119,7.52820820192597,8.01355718129836,7.13535698611489,7.13958100558659,7.50288817303267,7.53315652666606,190
"192",2022,9,7.5116511627907,43,8.11770588235294,7.11538461538461,6.5,7.65683333333333,7.48810810810811,17,26,6,6,37,13335,5963,7372,1438,2179,11156,7.52815481214848,8.0138541002851,7.13528654639175,7.1369123783032,7.50331206975677,7.53300711903908,191
"193",2022,10,7.14842105263158,57,7.55518518518519,6.78233333333333,6,7.81285714285714,7.0554,27,30,7,7,50,13392,5990,7402,1445,2186,11206,7.52653856182796,8.01178664440735,7.13385604161037,7.13140484429066,7.5043032936871,7.53087608602534,192
"194",2022,11,7.43548387096774,62,7.99285714285714,6.97647058823529,7.3,7.575,7.42586206896552,28,34,5,4,58,13454,6018,7436,1450,2190,11264,7.52611895495763,8.01169857095381,7.13313642011834,7.13198620689655,7.50443242009132,7.53033535333807,193
"195",2022,12,7.28263157894737,57,8.04,6.87324324324324,6.5,6.16666666666667,7.41392156862745,20,37,2,6,51,13511,6038,7473,1452,2196,11315,7.52509173414255,8.01179231533621,7.13184964806637,7.13111570247934,7.50077732240437,7.52981064250994,194
