"","year","month","avg_rating","no_ratings","avg_rating_owned","avg_rating_not_owned","avg_rating_prev_owned","avg_rating_comment","avg_rating_no_comment","no_ratings_owned","no_ratings_not_owned","no_ratings_prev_owned","no_ratings_comment","no_ratings_no_comment","cum_no_ratings","cum_no_ratings_owned","cum_no_ratings_not_owned","cum_no_ratings_prev_owned","cum_no_ratings_comment","cum_no_ratings_no_comment","cum_avg_rating","cum_avg_rating_owned","cum_avg_rating_not_owned","cum_avg_rating_prev_owned","cum_avg_rating_comment","cum_avg_rating_no_comment","month_after_release"
"1",2001,8,6,3,10,4,3,5,6.5,1,2,1,1,2,3,1,2,1,1,2,6,10,4,3,5,6.5,3
"2",2001,9,4.33333333333333,3,5,3,NA,3,5,2,1,0,1,2,6,3,3,1,2,4,5.16666666666667,6.66666666666667,3.66666666666667,3,4,5.75,4
"3",2001,10,8,1,8,NA,NA,8,NA,1,0,0,1,0,7,4,3,1,3,4,5.57142857142857,7,3.66666666666667,3,5.33333333333333,5.75,5
"4",2001,11,4.33333333333333,3,5,3,NA,NA,4.33333333333333,2,1,0,0,3,10,6,4,1,3,7,5.2,6.33333333333333,3.5,3,5.33333333333333,5.14285714285714,6
"5",2001,12,5,1,5,NA,NA,NA,5,1,0,0,0,1,11,7,4,1,3,8,5.18181818181818,6.14285714285714,3.5,3,5.33333333333333,5.125,7
"6",2002,1,4,3,3,4.5,NA,5,3.5,1,2,0,1,2,14,8,6,1,4,10,4.92857142857143,5.75,3.83333333333333,3,5.25,4.8,8
"7",2002,3,5.66666666666667,3,5.66666666666667,NA,NA,8,4.5,3,0,0,1,2,17,11,6,1,5,12,5.05882352941176,5.72727272727273,3.83333333333333,3,5.8,4.75,10
"8",2002,5,4.5,2,4,5,NA,4,5,1,1,0,1,1,19,12,7,1,6,13,5,5.58333333333333,4,3,5.5,4.76923076923077,12
"9",2002,6,4.33333333333333,3,4.5,4,4,NA,4.33333333333333,2,1,1,0,3,22,14,8,2,6,16,4.90909090909091,5.42857142857143,4,3.5,5.5,4.6875,13
"10",2002,7,6.8,5,6.8,NA,NA,7,6.5,5,0,0,3,2,27,19,8,2,9,18,5.25925925925926,5.78947368421053,4,3.5,6,4.88888888888889,14
"11",2002,8,7.25,4,7.25,NA,NA,5,8,4,0,0,1,3,31,23,8,2,10,21,5.51612903225806,6.04347826086957,4,3.5,5.9,5.33333333333333,15
"12",2002,9,6,1,6,NA,NA,6,NA,1,0,0,1,0,32,24,8,2,11,21,5.53125,6.04166666666667,4,3.5,5.90909090909091,5.33333333333333,16
"13",2002,10,5.25,4,5.66666666666667,4,NA,NA,5.25,3,1,0,0,4,36,27,9,2,11,25,5.5,6,4,3.5,5.90909090909091,5.32,17
"14",2002,11,5.1875,8,5.4,4.83333333333333,NA,3.25,5.83333333333333,5,3,0,2,6,44,32,12,2,13,31,5.44318181818182,5.90625,4.20833333333333,3.5,5.5,5.41935483870968,18
"15",2002,12,5.25,6,5.25,5.25,NA,5.25,5.25,4,2,0,2,4,50,36,14,2,15,35,5.42,5.83333333333333,4.35714285714286,3.5,5.46666666666667,5.4,19
"16",2003,1,4.5,8,4.5,NA,NA,6,4.28571428571429,8,0,0,1,7,58,44,14,2,16,42,5.29310344827586,5.59090909090909,4.35714285714286,3.5,5.5,5.21428571428571,20
"17",2003,2,5.375,8,5.8,4.66666666666667,NA,5,5.5,5,3,0,2,6,66,49,17,2,18,48,5.3030303030303,5.61224489795918,4.41176470588235,3.5,5.44444444444444,5.25,21
"18",2003,3,6,2,6,NA,NA,8,4,2,0,0,1,1,68,51,17,2,19,49,5.32352941176471,5.62745098039216,4.41176470588235,3.5,5.57894736842105,5.22448979591837,22
"19",2003,4,5.5,4,5.33333333333333,6,NA,NA,5.5,3,1,0,0,4,72,54,18,2,19,53,5.33333333333333,5.61111111111111,4.5,3.5,5.57894736842105,5.24528301886792,23
"20",2003,5,4.91666666666667,12,5.14285714285714,4.6,5,5.28571428571429,4.4,7,5,1,7,5,84,61,23,3,26,58,5.27380952380952,5.55737704918033,4.52173913043478,4,5.5,5.17241379310345,24
"21",2003,6,5.18181818181818,11,5.5,4.8,NA,5.6,4.83333333333333,6,5,0,5,6,95,67,28,3,31,64,5.26315789473684,5.55223880597015,4.57142857142857,4,5.51612903225806,5.140625,25
"22",2003,7,4.66891891891892,37,5.06944444444444,4.28947368421053,5,4.953125,4.45238095238095,18,19,1,16,21,132,85,47,4,47,85,5.09659090909091,5.45,4.45744680851064,4.25,5.32446808510638,4.97058823529412,26
"23",2003,8,4.86153846153846,13,5.02857142857143,4.66666666666667,NA,4,5.12,7,6,0,3,10,145,92,53,4,50,95,5.07551724137931,5.4179347826087,4.4811320754717,4.25,5.245,4.98631578947368,27
"24",2003,9,4.5,5,4.66666666666667,4.25,NA,4.5,4.5,3,2,0,1,4,150,95,55,4,51,99,5.05633333333333,5.39421052631579,4.47272727272727,4.25,5.23039215686275,4.96666666666667,28
"25",2003,10,4.85,10,4.875,4.83333333333333,6,4.625,5,4,6,2,4,6,160,99,61,6,55,105,5.0434375,5.37323232323232,4.50819672131148,4.83333333333333,5.18636363636364,4.96857142857143,29
"26",2003,11,3,1,3,NA,NA,NA,3,1,0,0,0,1,161,100,61,6,55,106,5.03074534161491,5.3495,4.50819672131148,4.83333333333333,5.18636363636364,4.95,30
"27",2003,12,4.66666666666667,9,4.4,5,NA,4.5,4.71428571428571,5,4,0,2,7,170,105,65,6,57,113,5.0114705882353,5.30428571428572,4.53846153846154,4.83333333333333,5.16228070175439,4.9353982300885,31
"28",2004,1,4.73529411764706,17,4.86363636363636,4.5,NA,4.75,4.73076923076923,11,6,0,4,13,187,116,71,6,61,126,4.98636363636364,5.2625,4.53521126760563,4.83333333333333,5.13524590163934,4.91428571428571,32
"29",2004,2,4.48695652173913,23,5.28,3,4,4.25,4.61333333333333,15,8,1,8,15,210,131,79,7,69,141,4.93166666666667,5.26450381679389,4.37974683544304,4.71428571428571,5.03260869565217,4.8822695035461,33
"30",2004,3,4.65,10,5.07142857142857,3.66666666666667,NA,4,4.92857142857143,7,3,0,3,7,220,138,82,7,72,148,4.91886363636364,5.25471014492754,4.35365853658537,4.71428571428571,4.98958333333333,4.88445945945946,34
"31",2004,4,5.85,10,5.94444444444444,5,NA,NA,5.85,9,1,0,0,10,230,147,83,7,72,158,4.95934782608696,5.2969387755102,4.36144578313253,4.71428571428571,4.98958333333333,4.94556962025317,35
"32",2004,5,4.5,6,5,3.5,3,5,4,4,2,1,3,3,236,151,85,8,75,161,4.94766949152542,5.28907284768212,4.34117647058823,4.5,4.99,4.92795031055901,36
"33",2004,6,5.46428571428571,14,5.5,5.41666666666667,NA,4.91666666666667,5.875,8,6,0,6,8,250,159,91,8,81,169,4.9766,5.2996855345912,4.41208791208791,4.5,4.98456790123457,4.97278106508876,37
"34",2004,7,5.875,8,6,5,NA,6.33333333333333,5.6,7,1,0,3,5,258,166,92,8,84,174,5.00445736434109,5.32921686746988,4.41847826086957,4.5,5.03273809523809,4.99080459770115,38
"35",2004,8,5.02222222222222,9,5.36666666666667,4.33333333333333,NA,4.3,5.6,6,3,0,4,5,267,172,95,8,88,179,5.00505617977528,5.33052325581395,4.41578947368421,4.5,4.99943181818182,5.00782122905028,39
"36",2004,9,4.16666666666667,12,4.33333333333333,3.66666666666667,4,4.14285714285714,4.2,9,3,1,7,5,279,181,98,9,95,184,4.96899641577061,5.28093922651934,4.39285714285714,4.44444444444444,4.93631578947368,4.98586956521739,40
"37",2004,10,4.66666666666667,21,4.9375,3.8,3.16666666666667,3.95,5.31818181818182,16,5,3,10,11,300,197,103,12,105,195,4.94783333333333,5.25304568527919,4.36407766990291,4.125,4.84238095238095,5.00461538461539,41
"38",2004,11,4.16666666666667,6,4.66666666666667,3.66666666666667,NA,4,4.2,3,3,0,1,5,306,200,106,12,106,200,4.93251633986928,5.24425,4.34433962264151,4.125,4.83443396226415,4.9845,42
"39",2004,12,4.64444444444444,9,4.68571428571429,4.5,NA,4.7,4.6,7,2,0,4,5,315,207,108,12,110,205,4.92428571428571,5.22536231884058,4.34722222222222,4.125,4.82954545454545,4.97512195121951,43
"40",2005,1,5.25,29,5.66666666666667,4.56818181818182,6,5.53846153846154,5.015625,18,11,1,13,16,344,225,119,13,123,221,4.95174418604651,5.26066666666667,4.36764705882353,4.26923076923077,4.90447154471545,4.97805429864253,44
"41",2005,2,4.20769230769231,13,5.14,3.625,3,4.4625,3.8,5,8,1,8,5,357,230,127,14,131,226,4.92464985994398,5.25804347826087,4.32086614173228,4.17857142857143,4.87748091603053,4.95199115044248,45
"42",2005,3,4.87647058823529,17,4.90714285714286,4.73333333333333,NA,5.06923076923077,4.25,14,3,0,13,4,374,244,130,14,144,230,4.92245989304813,5.23790983606557,4.33038461538462,4.17857142857143,4.89479166666667,4.93978260869565,46
"43",2005,4,4.25,8,4.4,4,NA,3.75,4.75,5,3,0,4,4,382,249,133,14,148,234,4.90837696335079,5.2210843373494,4.32293233082707,4.17857142857143,4.86385135135135,4.93653846153846,47
"44",2005,5,5.49285714285714,14,5.89,4.5,NA,6.76666666666667,5.14545454545455,10,4,0,3,11,396,259,137,14,151,245,4.92904040404041,5.2469111969112,4.32810218978102,4.17857142857143,4.90165562913907,4.94591836734694,48
"45",2005,6,4.76090909090909,11,4.83375,4.56666666666667,NA,4.945,4.54,8,3,0,6,5,407,267,140,14,157,250,4.92449631449632,5.23453183520599,4.33321428571429,4.17857142857143,4.90331210191083,4.9378,49
"46",2005,7,4.73076923076923,13,5,4.41666666666667,NA,4.66666666666667,4.75,7,6,0,3,10,420,274,146,14,160,260,4.9185,5.2285401459854,4.33664383561644,4.17857142857143,4.898875,4.93057692307692,50
"47",2005,8,4.671875,32,4.6875,4.625,5,5.40909090909091,4.28571428571429,24,8,1,11,21,452,298,154,15,171,281,4.90103982300885,5.18496644295302,4.35162337662338,4.23333333333333,4.93169590643275,4.88238434163701,51
"48",2005,9,4.76666666666667,15,5.22222222222222,4.08333333333333,5,4.83333333333333,4.66666666666667,9,6,1,9,6,467,307,160,16,180,287,4.89672376873662,5.18605863192183,4.3415625,4.28125,4.92677777777778,4.87787456445993,52
"49",2005,10,4.275,20,4.16666666666667,4.4375,2,3.9,4.65,12,8,1,10,10,487,319,168,17,190,297,4.8711909650924,5.14771159874608,4.34613095238095,4.14705882352941,4.87273684210526,4.87020202020202,53
"50",2005,11,4.97619047619048,21,5.25,4.42857142857143,5,4.95,5,14,7,1,10,11,508,333,175,18,200,308,4.87553149606299,5.15201201201201,4.34942857142857,4.19444444444444,4.8766,4.87483766233766,54
"51",2005,12,4.37857142857143,28,4.97647058823529,3.45454545454545,4.66666666666667,4.47333333333333,4.26923076923077,17,11,3,15,13,536,350,186,21,215,321,4.84957089552239,5.14348571428572,4.29650537634409,4.26190476190476,4.84846511627907,4.85031152647975,55
"52",2006,1,5.35869565217391,23,5.3125,5.46428571428571,NA,5.77083333333333,4.90909090909091,16,7,0,12,11,559,366,193,21,227,332,4.87051878354204,5.15087431693989,4.33886010362694,4.26190476190476,4.89722466960352,4.85225903614458,56
"53",2006,2,4.55263157894737,19,4.61538461538461,4.41666666666667,5,4.79166666666667,4.14285714285714,13,6,1,12,7,578,379,199,22,239,339,4.86006920415225,5.13250659630607,4.34120603015075,4.29545454545455,4.89192468619247,4.83761061946903,57
"54",2006,3,4.86666666666667,15,4.86666666666667,NA,NA,5,4.81818181818182,15,0,0,4,11,593,394,199,22,243,350,4.86023608768971,5.12238578680203,4.34120603015075,4.29545454545455,4.8937037037037,4.837,58
"55",2006,4,4.5,13,4.44444444444444,4.625,NA,4.83333333333333,4.21428571428571,9,4,0,6,7,606,403,203,22,249,357,4.85250825082508,5.10724565756824,4.34679802955665,4.29545454545455,4.89224899598393,4.82478991596639,59
"56",2006,5,5.26666666666667,15,5.9,4,NA,5,5.5,10,5,0,7,8,621,413,208,22,256,365,4.86251207729469,5.1264406779661,4.33846153846154,4.29545454545455,4.8951953125,4.83958904109589,60
"57",2006,6,4.69230769230769,13,5.125,4,NA,4.33333333333333,5,8,5,0,6,7,634,421,213,22,262,372,4.85902208201893,5.12641330166271,4.33051643192488,4.29545454545455,4.88232824427481,4.84260752688172,61
"58",2006,7,4.42857142857143,21,5.16666666666667,3.44444444444444,5,4.66666666666667,4.33333333333333,12,9,1,6,15,655,433,222,23,268,387,4.8452213740458,5.12752886836028,4.29459459459459,4.32608695652174,4.8775,4.82286821705426,62
"59",2006,8,4.41153846153846,26,4.64666666666667,4.09090909090909,6,4.125,4.65714285714286,15,11,1,12,14,681,448,233,24,280,401,4.8286637298091,5.11142857142857,4.28497854077253,4.39583333333333,4.84525,4.81708229426434,63
"60",2006,9,4.41666666666667,18,4.56666666666667,3.66666666666667,2,4.57142857142857,4.31818181818182,15,3,1,7,11,699,463,236,25,287,412,4.81805436337625,5.09377969762419,4.2771186440678,4.3,4.83857142857143,4.80376213592233,64
"61",2006,10,4.46764705882353,34,4.66111111111111,4.25,3,5.12857142857143,4.2962962962963,18,16,1,7,27,733,481,252,26,294,439,4.80180081855389,5.07758835758836,4.27539682539682,4.25,4.84547619047619,4.77255125284738,65
"62",2006,11,5,27,5.46666666666667,4.41666666666667,4.33333333333333,4.71428571428571,5.30769230769231,15,12,3,14,13,760,496,264,29,308,452,4.80884210526316,5.08935483870968,4.28181818181818,4.25862068965517,4.83951298701299,4.78794247787611,66
"63",2006,12,4.46875,32,4.9,3.75,3.5,3.68181818181818,4.88095238095238,20,12,2,11,21,792,516,276,31,319,473,4.79510101010101,5.08201550387597,4.25869565217391,4.20967741935484,4.79959247648903,4.79207188160677,67
"64",2007,1,4.66176470588235,34,4.69047619047619,4.61538461538461,5.33333333333333,4.5,4.68965517241379,21,13,3,5,29,826,537,289,34,324,502,4.78961259079903,5.06670391061453,4.27474048442907,4.30882352941177,4.79496913580247,4.78615537848606,68
"65",2007,2,4.54878048780488,41,4.78260869565217,4.25,5,5.28571428571429,4.16666666666667,23,18,3,14,27,867,560,307,37,338,529,4.77822376009227,5.05503571428571,4.27328990228013,4.36486486486487,4.81529585798817,4.75453686200378,69
"66",2007,3,5.04166666666667,24,5.21428571428571,3.83333333333333,NA,5.41666666666667,4.91666666666667,21,3,0,6,18,891,581,310,37,344,547,4.78531986531987,5.0607917383821,4.26903225806452,4.36486486486487,4.82578488372093,4.75987202925046,70
"67",2007,4,5.475,30,5.875,4.875,5,5.4,5.5125,18,12,2,10,20,921,599,322,39,354,567,4.80778501628664,5.08525876460768,4.2916149068323,4.3974358974359,4.84200564971751,4.78641975308642,71
"68",2007,5,4.67241379310345,29,4.89473684210526,4.25,4,4.86363636363636,4.55555555555556,19,10,1,11,18,950,618,332,40,365,585,4.80365263157895,5.07940129449838,4.29036144578313,4.3875,4.84265753424657,4.77931623931624,72
"69",2007,6,5.01666666666667,30,5.26315789473684,4.59090909090909,7,5.3,4.875,19,11,1,10,20,980,637,343,41,375,605,4.81017346938776,5.08488226059655,4.3,4.45121951219512,4.85485333333333,4.78247933884298,73
"70",2007,7,4.89393939393939,33,4.68181818181818,5.31818181818182,7,5.15,4.78260869565217,22,11,1,10,23,1013,659,354,42,385,628,4.81290227048371,5.07142640364188,4.33163841807909,4.51190476190476,4.86251948051948,4.78248407643312,74
"71",2007,8,5.01111111111111,27,5.15,4.4,5,5.5,4.84,22,5,1,7,20,1040,681,359,43,392,648,4.81804807692308,5.07396475770925,4.33259052924791,4.52325581395349,4.87390306122449,4.78425925925926,75
"72",2007,9,4.75,28,5,4.36363636363636,6,4.6,4.83333333333333,17,11,1,10,18,1068,698,370,44,402,666,4.81626404494382,5.07216332378223,4.33351351351351,4.55681818181818,4.8670895522388,4.78558558558559,76
"73",2007,10,4.81875,32,4.86363636363636,4.72,NA,5.24444444444444,4.65217391304348,22,10,0,9,23,1100,720,380,44,411,689,4.81633636363636,5.06579166666667,4.34368421052632,4.55681818181818,4.87535279805353,4.7811320754717,77
"74",2007,11,4.91428571428571,35,4.95833333333333,4.81818181818182,5,4.66666666666667,5.04347826086957,24,11,1,12,23,1135,744,391,45,423,712,4.81935682819383,5.0623252688172,4.35703324808184,4.56666666666667,4.86943262411347,4.78960674157304,78
"75",2007,12,4.84042553191489,47,5.36538461538461,4.19047619047619,4,4.5,5.11538461538461,26,21,1,21,26,1182,770,412,46,444,738,4.82019458544839,5.07255844155844,4.34854368932039,4.55434782608696,4.85195945945946,4.80108401084011,79
"76",2008,1,4.92895833333333,48,5.38214285714286,4.2945,4.33333333333333,4.85,4.94973684210526,28,20,3,10,38,1230,798,432,49,454,776,4.82443902439025,5.08342105263158,4.34604166666667,4.54081632653061,4.85191629955947,4.80836340206186,80
"77",2008,2,5.10760869565217,46,5.34516129032258,4.61666666666667,4.5,4.79375,5.275,31,15,2,16,30,1276,829,447,51,470,806,4.8346473354232,5.09320868516285,4.35512304250559,4.53921568627451,4.84993617021276,4.82573200992556,81
"78",2008,3,4.79411764705882,34,4.78571428571429,4.80769230769231,6.25,4.54166666666667,4.93181818181818,21,13,2,12,22,1310,850,460,53,482,828,4.83359541984733,5.08561176470588,4.36791304347826,4.60377358490566,4.84226141078838,4.82855072463768,82
"79",2008,4,4.96315789473684,38,5.38636363636364,4.38125,4,4.85714285714286,5.025,22,16,1,14,24,1348,872,476,54,496,852,4.83724777448071,5.0931995412844,4.36836134453782,4.59259259259259,4.8426814516129,4.83408450704226,83
"80",2008,5,4.71052631578947,19,5,4.45,NA,4.41666666666667,4.84615384615385,9,10,0,6,13,1367,881,486,54,502,865,4.83548646671544,5.092247446084,4.37004115226337,4.59259259259259,4.83758964143426,4.83426589595376,84
"81",2008,6,5.40740740740741,27,5.85714285714286,4.92307692307692,3,4.25,5.89473684210526,14,13,1,8,19,1394,895,499,55,510,884,4.84656384505022,5.10421229050279,4.38444889779559,4.56363636363636,4.82837254901961,4.85705882352941,85
"82",2008,7,4.34117647058823,34,4.75,3.97777777777778,3.93333333333333,4.6,4.23333333333333,16,18,9,10,24,1428,911,517,64,520,908,4.83453081232493,5.09799121844127,4.37029013539652,4.475,4.82398076923077,4.84057268722467,86
"83",2008,8,4.31333333333333,30,4.67142857142857,4,3.7,4.14,4.4,14,16,5,10,20,1458,925,533,69,530,928,4.82380658436214,5.09153513513513,4.35917448405253,4.41884057971014,4.81107547169811,4.8310775862069,87
"84",2008,9,4.64565217391304,23,5.19444444444444,4.29285714285714,3.36666666666667,4.67777777777778,4.625,9,14,3,9,14,1481,934,547,72,539,942,4.82103983794733,5.09252676659529,4.35747714808044,4.375,4.80884972170686,4.82801486199576,88
"85",2008,10,4.72413793103448,29,5.08333333333333,4.13636363636364,3.625,4.31818181818182,4.97222222222222,18,11,4,11,18,1510,952,558,76,550,960,4.81917880794702,5.09235294117647,4.35311827956989,4.33552631578947,4.79903636363636,4.83071875,89
"86",2008,11,4.7421052631579,38,4.87826086956522,4.53333333333333,4.5,4.8875,4.70333333333333,23,15,6,8,30,1548,975,573,82,558,990,4.81728682170543,5.08730256410256,4.35783595113438,4.34756097560976,4.80030465949821,4.82685858585859,90
"87",2008,12,4.59375,32,4.75,4.39285714285714,4.9,4.57692307692308,4.60526315789474,18,14,5,13,19,1580,993,587,87,571,1009,4.81275949367089,5.08118831822759,4.35867120954004,4.37931034482759,4.79521891418564,4.82268582755203,91
"88",2009,1,4.83035714285714,56,5.11290322580645,4.48,3.5,4.4,5.06944444444444,31,25,8,20,36,1636,1024,612,95,591,1045,4.81336185819071,5.0821484375,4.36362745098039,4.30526315789474,4.78184433164129,4.83118660287082,92
"89",2009,2,4.60444444444444,45,4.75,4.50740740740741,3.33333333333333,4.5,4.63055555555556,18,27,9,9,36,1681,1042,639,104,600,1081,4.80776918500892,5.07641074856046,4.36970266040689,4.22115384615385,4.77761666666667,4.82450508788159,93
"90",2009,3,4.82432432432432,37,5.06666666666667,3.78571428571429,3.75,4.6875,4.86206896551724,30,7,2,8,29,1718,1072,646,106,608,1110,4.80812572759022,5.07613805970149,4.3633746130031,4.2122641509434,4.77643092105263,4.82548648648649,94
"91",2009,4,4.96029411764706,34,4.95681818181818,4.96666666666667,4,4.50833333333333,5.20681818181818,22,12,3,12,22,1752,1094,658,109,620,1132,4.81107876712329,5.07373857404022,4.37437689969605,4.20642201834862,4.77124193548387,4.83289752650177,95
"92",2009,5,4.625,32,5.4,3.94117647058824,3.5,4.81818181818182,4.52380952380952,15,17,6,11,21,1784,1109,675,115,631,1153,4.80774103139013,5.07815148782687,4.36346666666667,4.1695652173913,4.77206022187005,4.82726799653079,96
"93",2009,6,4.46086956521739,46,4.37142857142857,4.5,4.6,4.08333333333333,4.59411764705882,14,32,5,12,34,1830,1123,707,120,643,1187,4.7990218579235,5.0693410507569,4.36964639321075,4.1875,4.75920684292379,4.82058972198821,97
"94",2009,7,4.42714285714286,35,4.67857142857143,4.25952380952381,4.53571428571429,4.75,4.36034482758621,14,21,7,6,29,1865,1137,728,127,649,1216,4.79204289544236,5.06452946350044,4.36646978021978,4.20669291338583,4.75912172573189,4.80961348684211,98
"95",2009,8,4.96060606060606,33,5.02352941176471,4.89375,4.7,4.73333333333333,5.15,17,16,5,15,18,1898,1154,744,132,664,1234,4.79497365648051,5.06392547660312,4.37780913978495,4.22537878787879,4.7585391566265,4.81457860615883,99
"96",2009,9,5.21666666666667,30,5.26315789473684,5.13636363636364,5,5.55,5.05,19,11,3,10,20,1928,1173,755,135,674,1254,4.80153526970954,5.0671526001705,4.38886092715232,4.24259259259259,4.77028189910979,4.81833333333333,100
"97",2009,10,4.91447368421053,38,5.22727272727273,4.484375,4.3,5.08333333333333,4.83653846153846,22,16,5,12,26,1966,1195,771,140,686,1280,4.80371820956256,5.07010041841004,4.39084306095979,4.24464285714286,4.77575801749271,4.818703125,101
"98",2009,11,5.15641025641026,39,5.65833333333333,4.35333333333333,3.4,4.73333333333333,5.42083333333333,24,15,5,15,24,2005,1219,786,145,701,1304,4.81057855361596,5.08168170631665,4.39012722646311,4.21551724137931,4.77485021398003,4.82978527607362,102
"99",2009,12,4.72560975609756,41,4.98809523809524,4.45,4.66666666666667,4.75,4.71969696969697,21,20,3,8,33,2046,1240,806,148,709,1337,4.80887585532747,5.08009677419355,4.39161290322581,4.22466216216216,4.77456981664316,4.82706806282723,103
"100",2010,1,4.8875,40,5.15789473684211,4.64285714285714,5.8,5,4.87142857142857,19,21,5,5,35,2086,1259,827,153,714,1372,4.81038350910834,5.08127084988086,4.39799274486094,4.27614379084967,4.77614845938375,4.82819970845481,104
"101",2010,2,4.86538461538461,26,5.26923076923077,4.46153846153846,4.25,4.25,5.05,13,13,6,6,20,2112,1272,840,159,720,1392,4.81106060606061,5.08319182389937,4.39897619047619,4.2751572327044,4.77176388888889,4.83138649425287,105
"102",2010,3,4.66666666666667,27,4.47058823529412,5,4.5,5.25,4.42105263157895,17,10,2,8,19,2139,1289,850,161,728,1411,4.80923796166433,5.07511249030256,4.40604705882353,4.27795031055901,4.77701923076923,4.82586109142452,106
"103",2010,4,4.5,22,4.91666666666667,4,4,5,4.26666666666667,12,10,1,7,15,2161,1301,860,162,735,1426,4.80608977325312,5.07365103766333,4.40132558139535,4.27623456790123,4.77914285714286,4.81997896213184,107
"104",2010,5,5.035,20,5.4,4.79166666666667,4.25,4.375,5.2,8,12,2,4,16,2181,1309,872,164,739,1442,4.8081889041724,5.07564553093965,4.40669724770642,4.27591463414634,4.77695534506089,4.82419556171983,108
"105",2010,6,4.57222222222222,18,4.72727272727273,4.32857142857143,NA,4,4.68666666666667,11,7,0,3,15,2199,1320,879,164,742,1457,4.8062573897226,5.07274242424242,4.40607508532423,4.27591463414634,4.7738140161725,4.82277968428277,109
"106",2010,7,4.95,20,5.29090909090909,4.53333333333333,4.5,4.4,5.13333333333333,11,9,2,5,15,2219,1331,888,166,747,1472,4.80755295178008,5.07454545454545,4.40736486486487,4.27861445783132,4.77131191432396,4.82594429347826,110
"107",2010,8,5.424,25,5.61428571428571,5.18181818181818,5.5,6.325,5,14,11,2,8,17,2244,1345,899,168,755,1489,4.81442067736186,5.08016356877323,4.41684093437153,4.29315476190476,4.78777483443708,4.82793149764943,111
"108",2010,9,4.69444444444444,18,5.05,4.25,2,4.5,4.85,10,8,1,8,10,2262,1355,907,169,763,1499,4.81346595932803,5.07994095940959,4.41536934950386,4.27958579881657,4.78475753604194,4.8280787191461,112
"109",2010,10,5.39285714285714,28,5.60714285714286,5.17857142857143,5.6,5.1875,5.475,14,14,5,8,20,2290,1369,921,174,771,1519,4.82055021834061,5.08533235938641,4.42697068403909,4.31752873563218,4.7889364461738,4.83659644502962,113
"110",2010,11,4.76764705882353,34,5.04166666666667,4.61818181818182,4.92857142857143,4.88333333333333,4.70454545454545,12,22,7,12,22,2324,1381,943,181,783,1541,4.81977624784854,5.08495293265749,4.43143160127254,4.34116022099448,4.79038314176245,4.83471122647631,114
"111",2010,12,4.63315789473684,38,5.078,4.13888888888889,3.25,4.42857142857143,4.67935483870968,20,18,4,7,31,2362,1401,961,185,790,1572,4.81677392040644,5.08485367594575,4.42595213319459,4.31756756756757,4.78717721518987,4.8316475826972,115
"112",2011,1,5.24736842105263,38,5.68421052631579,4.81052631578947,4.86666666666667,5.8375,5.09,19,19,6,8,30,2400,1420,980,191,798,1602,4.82359166666667,5.09287323943662,4.43340816326531,4.3348167539267,4.79770676691729,4.83648564294632,116
"113",2011,2,4.8203125,32,5.29411764705882,4.28333333333333,5,4.625,4.88541666666667,17,15,3,8,24,2432,1437,995,194,806,1626,4.82354851973684,5.09525400139179,4.43114572864322,4.34510309278351,4.79599255583126,4.83720787207872,117
"114",2011,3,5.23091176470588,34,5.10283333333333,5.375,6,5.4,5.20175862068966,18,16,1,5,29,2466,1455,1011,195,811,1655,4.82916504460665,5.09534776632302,4.44608308605341,4.35358974358974,4.79971639950678,4.84359577039275,118
"115",2011,4,5.05136363636364,22,5.47153846153846,4.44444444444444,4,5.29222222222222,4.88461538461539,13,9,3,9,13,2488,1468,1020,198,820,1668,4.83112982315113,5.09867915531335,4.44606862745098,4.34823232323232,4.80512195121951,4.8439154676259,119
"116",2011,5,4.46071428571429,28,4.41176470588235,4.53636363636364,4,3.625,4.795,17,11,2,8,20,2516,1485,1031,200,828,1688,4.82700755166932,5.09081548821549,4.44703200775946,4.34475,4.79371980676328,4.84333590047393,120
"117",2011,6,5.1,18,4.98333333333333,5.33333333333333,5,2,5.28235294117647,12,6,1,1,17,2534,1497,1037,201,829,1705,4.82894672454617,5.08995390781563,4.45216007714561,4.34800995024876,4.7903498190591,4.84771319648094,121
"118",2011,7,4.64655172413793,29,4.88157894736842,4.2,4,5.08333333333333,4.53260869565217,19,10,2,6,23,2563,1516,1047,203,835,1728,4.82688294966836,5.08734234828496,4.44975167144222,4.34458128078818,4.79245508982036,4.84351909722222,122
"119",2011,8,5.02142857142857,28,5.33888888888889,4.45,4,4,5.3,18,10,2,6,22,2591,1534,1057,205,841,1750,4.82898533384794,5.09029400260756,4.44975402081363,4.34121951219512,4.78680142687277,4.84925771428571,123
"120",2011,9,5.36818181818182,22,5.63333333333333,5.05,NA,5.525,5.33333333333333,12,10,0,4,18,2613,1546,1067,205,845,1768,4.83352506697283,5.09450905562742,4.45537956888472,4.34121951219512,4.79029585798816,4.85418608597285,124
"121",2011,10,4.73333333333333,30,5.7,3.76666666666667,4.1,4.64285714285714,4.76086956521739,15,15,5,7,23,2643,1561,1082,210,852,1791,4.83238781687477,5.10032735426009,4.44583179297597,4.33547619047619,4.78908450704225,4.85298771635957,125
"122",2011,11,4.64516129032258,31,5.75,3.94736842105263,1,3.75,4.95652173913043,12,19,2,8,23,2674,1573,1101,212,860,1814,4.83021727748691,5.10528353464717,4.437229791099,4.30400943396226,4.77941860465116,4.85430044101433,126
"123",2011,12,4.80128205128205,39,5.08653846153846,4.23076923076923,3,5.91666666666667,4.59848484848485,26,13,2,6,33,2713,1599,1114,214,866,1847,4.82980132694435,5.10497873671044,4.43482046678636,4.29182242990654,4.78729792147806,4.84972983216026,127
"124",2012,1,4.4375,48,4.75714285714286,3.99,3.33333333333333,3.72727272727273,4.64864864864865,28,20,3,11,37,2761,1627,1134,217,877,1884,4.82298116624412,5.0989926244622,4.42697530864198,4.27857142857143,4.77400228050171,4.84578078556263,128
"125",2012,2,4.62741935483871,31,4.9,4.43055555555556,4,4.125,4.80217391304348,13,18,3,8,23,2792,1640,1152,220,885,1907,4.82080981375359,5.09741524390244,4.42703125,4.27477272727273,4.76813559322034,4.8452548505506,129
"126",2012,3,4.78166666666667,30,5.153125,4.35714285714286,5,4.45,4.88260869565217,16,14,1,7,23,2822,1656,1166,221,892,1930,4.82039369241673,5.09795350241546,4.42619210977702,4.27805429864253,4.76563901345291,4.8457,130
"127",2012,4,4.85217391304348,23,5.34,3.9375,3.66666666666667,5.2,4.75555555555556,15,8,3,5,18,2845,1671,1174,224,897,1948,4.82065061511424,5.1001262716936,4.42286201022147,4.26986607142857,4.76806020066889,4.84486704312115,131
"128",2012,5,4.75,30,4.8,4.65,5,5.35714285714286,4.56521739130435,20,10,3,7,23,2875,1691,1184,227,904,1971,4.81991339130435,5.0965765819042,4.42478040540541,4.2795154185022,4.77262168141593,4.84160375443937,132
"129",2012,6,4.92307692307692,26,5.40625,4.15,2.5,5.58333333333333,4.725,16,10,2,6,20,2901,1707,1194,229,910,1991,4.82083798690107,5.09947920328061,4.42247906197655,4.26397379912664,4.77796703296703,4.84043244600703,133
"130",2012,7,5.317,20,5.73076923076923,4.54857142857143,NA,5.7,5.18933333333333,13,7,0,5,15,2921,1720,1201,229,915,2006,4.82423519342691,5.10425058139535,4.42321398834305,4.26397379912664,4.78300546448087,4.84304137587238,134
"131",2012,8,5.06,25,5.28571428571429,4.77272727272727,5,4.5,5.27777777777778,14,11,2,7,18,2946,1734,1212,231,922,2024,4.82623591310251,5.10571568627451,4.42638613861386,4.27034632034632,4.7808568329718,4.84690760869565,135
"132",2012,9,5.23157894736842,19,5.52857142857143,4.4,4.5,5.18,5.25,14,5,2,5,14,2965,1748,1217,233,927,2038,4.82883338954469,5.10910240274599,4.42627773212818,4.27231759656652,4.78300970873786,4.8496766437684,136
"133",2012,10,4.86,25,5.125,4.68333333333333,4.375,5.8125,4.67857142857143,10,15,4,4,21,2990,1758,1232,237,931,2059,4.82909397993311,5.1091928327645,4.42940746753247,4.27405063291139,4.78743286788399,4.84793152015541,137
"134",2012,11,4.78333333333333,30,5.57142857142857,4.09375,3,4.95454545454545,4.68421052631579,14,16,3,11,19,3020,1772,1248,240,942,2078,4.82863940397351,5.11284480812641,4.42510416666667,4.258125,4.78938428874734,4.84643455245428,138
"135",2012,12,4.5530303030303,33,4.63636363636364,4.38636363636364,4.15,4.5,4.57954545454545,22,11,5,11,22,3053,1794,1259,245,953,2100,4.82566033409761,5.1070016722408,4.42476568705322,4.25591836734694,4.78604407135362,4.84363857142857,139
"136",2013,1,5.34722222222222,36,5.73809523809524,4.8,3.4,5.22222222222222,5.38888888888889,21,15,5,9,27,3089,1815,1274,250,962,2127,4.83173875040466,5.11430358126722,4.42918367346939,4.2388,4.79012474012474,4.85055994358251,140
"137",2013,2,5.30740740740741,27,5.79166666666667,4.92,4.35714285714286,5.875,5.06842105263158,12,15,7,8,19,3116,1827,1289,257,970,2146,4.83586039794609,5.11875259989053,4.43489526764934,4.2420233463035,4.79907216494845,4.85248881640261,141
"138",2013,3,5.31428571428571,35,5.59523809523809,4.89285714285714,5.16666666666667,5.75,5.22413793103448,21,14,3,6,29,3151,1848,1303,260,976,2175,4.84117454776262,5.12416720779221,4.43981580966999,4.25269230769231,4.80491803278688,4.85744413793103,142
"139",2013,4,4.81071428571429,28,5.17222222222222,4.16,3.5,4.625,4.84166666666667,18,10,2,4,24,3179,1866,1313,262,980,2199,4.84090625983014,5.12463076098607,4.43768469154608,4.2469465648855,4.80418367346938,4.85727194179172,143
"140",2013,5,4.64705882352941,17,4.66666666666667,4.63636363636364,5,4.5,4.66666666666667,6,11,1,2,15,3196,1872,1324,263,982,2214,4.83987515644556,5.12316292735043,4.43933534743203,4.24980988593156,4.80356415478615,4.85598057813911,144
"141",2013,6,5.3125,16,5.5,5.25,5,6,5,4,12,1,5,11,3212,1876,1336,264,987,2225,4.8422294520548,5.12396641791045,4.44661676646707,4.25265151515152,4.8096251266464,4.85669258426966,145
"142",2013,7,5.26041666666667,24,5.36111111111111,4.95833333333333,4.875,5.4,5.22368421052632,18,6,2,5,19,3236,1894,1342,266,992,2244,4.84533096415328,5.12622016895459,4.44890461997019,4.25733082706767,4.81260080645161,4.85979991087344,146
"143",2013,8,4.68965517241379,29,4.88235294117647,4.41666666666667,3.3,3,4.75,17,12,5,1,28,3265,1911,1354,271,993,2272,4.8439482388974,5.12405075876504,4.44861890694239,4.23966789667897,4.81077542799597,4.85844674295775,147
"144",2013,9,4.69393939393939,33,4.82,4.5,3.91666666666667,4.2125,4.848,20,13,6,8,25,3298,1931,1367,277,1001,2297,4.84244724075197,5.12090160538581,4.44910753474762,4.2326714801444,4.805994005994,4.85833304309969,148
"145",2013,10,5.47368421052632,19,5.19230769230769,6.08333333333333,7,6.875,5.1,13,6,1,4,15,3317,1944,1373,278,1005,2312,4.84606300874284,5.12137911522634,4.45624908958485,4.24262589928057,4.81422885572139,4.85990095155709,149
"146",2013,11,4.77027027027027,37,5.10714285714286,4.56521739130435,4,4.71428571428571,4.78333333333333,14,23,4,7,30,3354,1958,1396,282,1012,2342,4.84522689326178,5.1212773237998,4.45804441260745,4.23918439716312,4.81353754940711,4.85892015371477,150
"147",2013,12,4.7,38,5.21,4.13333333333333,3.85714285714286,4.625,4.73461538461538,20,18,7,12,26,3392,1978,1414,289,1024,2368,4.84359994103774,5.12217441860465,4.45391089108911,4.22993079584775,4.811328125,4.85755532094595,151
"148",2014,1,4.98048780487805,41,5.05925925925926,4.82857142857143,4.56666666666667,4.8375,5.01515151515152,27,14,3,8,33,3433,2005,1428,292,1032,2401,4.84523478007574,5.12132718204489,4.45758403361344,4.2333904109589,4.81153100775193,4.85972136609746,152
"149",2014,2,4.62236842105263,38,5.11315789473684,4.13157894736842,3.92857142857143,4.18333333333333,4.75862068965517,19,19,7,9,29,3471,2024,1447,299,1041,2430,4.84279487179487,5.12125049407115,4.45330338631652,4.22625418060201,4.80609990393852,4.85851481481482,153
"150",2014,3,5.09130434782609,23,4.89230769230769,5.35,4.5,6.2,4.78333333333333,13,10,3,5,18,3494,2037,1457,302,1046,2448,4.8444307384087,5.11978939617084,4.45945778997941,4.22897350993377,4.81276290630975,4.85796200980392,154
"151",2014,4,5.5551724137931,29,5.53529411764706,5.58333333333333,5.5,6.22,5.41666666666667,17,12,2,5,24,3523,2054,1469,304,1051,2472,4.85028129435141,5.12322833495618,4.46863852961198,4.23733552631579,4.81945765937202,4.86338632686084,155
"152",2014,5,4.83928571428571,28,4.61428571428571,5.06428571428571,4.33333333333333,5.25,4.77083333333333,14,14,3,4,24,3551,2068,1483,307,1055,2496,4.85019459307237,5.11978288201161,4.47426163182737,4.23827361563518,4.82109004739336,4.86249639423077,156
"153",2014,6,4.66666666666667,27,4.84615384615385,4.5,5,4,4.78260869565217,13,14,2,4,23,3578,2081,1497,309,1059,2519,4.84880967020682,5.11807352234503,4.47450233800935,4.24320388349514,4.81798866855524,4.86176697102025,157
"154",2014,7,4.68342105263158,38,4.94578947368421,4.42105263157895,3.75,4.66666666666667,4.68485714285714,19,19,2,3,35,3616,2100,1516,311,1062,2554,4.8470716261062,5.11651476190476,4.47383245382585,4.24003215434084,4.81756120527307,4.85934259984338,158
"155",2014,8,4.62647058823529,34,5.21111111111111,3.96875,4.3,4.42857142857143,4.67777777777778,18,16,5,7,27,3650,2118,1532,316,1069,2581,4.84501671232877,5.11731869688385,4.46855744125326,4.24098101265823,4.81501403180542,4.85744323905463,159
"156",2014,9,5.09615384615385,26,5.21875,4.9,4.5,6.5,4.84090909090909,16,10,2,4,22,3676,2134,1542,318,1073,2603,4.84679298150163,5.11807919400187,4.47135538261997,4.24261006289308,4.8212954333644,4.85730349596619,160
"157",2014,10,4.84583333333333,24,5.56666666666667,4.125,4,3.5,5.4,12,12,1,7,17,3700,2146,1554,319,1080,2620,4.84678675675676,5.12058760484623,4.46868082368082,4.24184952978056,4.81273148148148,4.86082480916031,161
"158",2014,11,4.575,42,5.35882352941176,4.042,3.57857142857143,4.605,4.565625,17,25,7,10,32,3742,2163,1579,326,1090,2652,4.84373623730625,5.12246000924642,4.46192526915769,4.22760736196319,4.81082568807339,4.85726282051282,162
"159",2014,12,4.98809523809524,42,5.38888888888889,4.26666666666667,4,4.28571428571429,5.12857142857143,27,15,5,7,35,3784,2190,1594,331,1097,2687,4.84533853065539,5.12574474885845,4.4600878293601,4.22416918429003,4.80747493163172,4.86079679940454,163
"160",2015,1,4.63695652173913,46,4.7625,4.5,4.4,4.875,4.61428571428571,24,22,5,4,42,3830,2214,1616,336,1101,2729,4.84283577023499,5.1218071364047,4.46063118811881,4.22678571428571,4.80772025431426,4.85700293147673,164
"161",2015,2,4.64444444444444,27,4.92142857142857,4.34615384615385,4.6,4,4.66923076923077,14,13,5,1,26,3857,2228,1629,341,1102,2755,4.84144697951776,5.12054802513465,4.45971761817065,4.23225806451613,4.80698729582577,4.85523085299455,165
"162",2015,3,4.5,29,4.82352941176471,4.04166666666667,4,4.875,4.44,17,12,2,4,25,3886,2245,1641,343,1106,2780,4.83889886773031,5.11829888641425,4.45666057282145,4.23090379008746,4.80723327305605,4.85149676258993,166
"163",2015,4,4.86666666666667,39,5.27894736842105,4.475,3.16666666666667,3.35714285714286,5.196875,19,20,3,7,32,3925,2264,1661,346,1113,2812,4.83917477707006,5.11964708480565,4.45688139674894,4.22167630057803,4.79811320754717,4.85542709815078,167
"164",2015,5,4.64583333333333,24,5.35,4.14285714285714,5.5,6.5,4.02777777777778,10,14,4,6,18,3949,2274,1675,350,1119,2830,4.83799974677134,5.1206600703606,4.45425671641791,4.23628571428571,4.80723860589812,4.8501628975265,168
"165",2015,6,4.5625,24,5.23076923076923,3.77272727272727,3.5,5.16666666666667,4.2,13,11,2,9,15,3973,2287,1686,352,1128,2845,4.83633551472439,5.12128596414517,4.44981020166073,4.23210227272727,4.81010638297872,4.84673497363796,169
"166",2015,7,4.84883720930233,43,5.38636363636364,4.28571428571429,3,4.58333333333333,4.89189189189189,22,21,1,6,37,4016,2309,1707,353,1134,2882,4.83646937250996,5.12381160675617,4.44779144698301,4.228611898017,4.80890652557319,4.84731471200555,170
"167",2015,8,4.62439024390244,41,5.104,3.875,4.66666666666667,4.875,4.56363636363636,25,16,3,8,33,4057,2334,1723,356,1142,2915,4.8343261030318,5.12359940017138,4.44247243180499,4.23230337078652,4.80936952714535,4.84410325900514,171
"168",2015,9,5.26612903225806,31,5.8,4.765625,4.6,4.25,5.41666666666667,15,16,5,4,27,4088,2349,1739,361,1146,2942,4.83760053816047,5.12791868880374,4.44544565842438,4.23739612188366,4.80741710296684,4.84935791978246,172
"169",2015,10,4.84090909090909,22,4.63636363636364,5.04545454545455,4,5.33333333333333,4.76315789473684,11,11,1,3,19,4110,2360,1750,362,1149,2961,4.83761824817518,5.12562754237288,4.44921714285714,4.23674033149171,4.80879025239338,4.84880479567713,173
"170",2015,11,4.72571428571429,35,5.06315789473684,4.325,3.33333333333333,5.5,4.67878787878788,19,16,3,2,33,4145,2379,1766,365,1151,2994,4.83667334137515,5.12512862547289,4.44809173272933,4.22931506849315,4.80999131190269,4.84693086172344,174
"171",2015,12,4.87142857142857,35,5.04761904761905,4.60714285714286,4.5,5.66666666666667,4.70689655172414,21,14,2,6,29,4180,2400,1780,367,1157,3023,4.83696435406699,5.12445041666666,4.44934269662921,4.23079019073569,4.81443388072601,4.84558749586503,175
"172",2016,1,5.22222222222222,54,5.06896551724138,5.4,4.7,5,5.26086956521739,29,25,5,8,46,4234,2429,1805,372,1165,3069,4.84187789324516,5.12378797859201,4.46250969529085,4.23709677419355,4.81570815450643,4.8518119908765,176
"173",2016,2,4.79310344827586,29,4.96428571428571,4.63333333333333,4.6,4.41666666666667,4.89130434782609,14,15,5,6,23,4263,2443,1820,377,1171,3092,4.84154609429979,5.12287392550143,4.46391758241758,4.24190981432361,4.81366353543979,4.85210575679172,177
"174",2016,3,4.65714285714286,35,5,4.07692307692308,3.5,4.875,4.62903225806452,22,13,2,4,31,4298,2465,1833,379,1175,3123,4.84004443927408,5.12177728194726,4.46117294053464,4.23799472295515,4.81387234042553,4.84989145052834,178
"175",2016,4,4.86612903225806,31,5.425,3.5,3,4.70833333333333,4.904,22,9,2,6,25,4329,2487,1842,381,1181,3148,4.84023123123123,5.12445958986731,4.4564766558089,4.23149606299213,4.81333615580017,4.8503211562897,179
"176",2016,5,4.74528301886792,53,5.16129032258065,4.15909090909091,4.16666666666667,4.5,4.78888888888889,31,22,3,8,45,4382,2518,1864,384,1189,3193,4.83908283888635,5.12491302621128,4.45296673819742,4.23098958333333,4.81122792262405,4.84945537112433,180
"177",2016,6,5.33695652173913,46,5.625,4.88888888888889,5.33333333333333,4.66666666666667,5.4375,28,18,3,6,40,4428,2546,1882,387,1195,3233,4.84425496838302,5.13041280439905,4.45713602550478,4.23953488372093,4.8105020920502,4.85673090009279,181
"178",2016,7,4.71212121212121,33,5.47222222222222,3.8,4.33333333333333,4.2,4.80357142857143,18,15,3,5,28,4461,2564,1897,390,1200,3261,4.84327751625196,5.1328124024961,4.45193990511333,4.24025641025641,4.80795833333333,4.85627445568844,182
"179",2016,8,5.34705882352941,34,5.65,4.79166666666667,4.6,5,5.38064516129032,22,12,5,3,31,4495,2586,1909,395,1203,3292,4.84708809788654,5.13721229698376,4.45407543216343,4.24481012658228,4.80843724023275,4.86121233292831,183
"180",2016,9,5.00857142857143,35,5.315,4.6,5.125,4.57142857142857,5.11785714285714,20,15,4,7,28,4530,2606,1924,399,1210,3320,4.8483357615894,5.13857674597083,4.4552130977131,4.25363408521303,4.80706611570247,4.86337680722891,184
"181",2016,10,5.57142857142857,42,6,5,5,5.83333333333333,5.52777777777778,24,18,3,6,36,4572,2630,1942,402,1216,3356,4.85497834645669,5.14643764258555,4.46026261585994,4.2592039800995,4.81212993421052,4.87050387365911,185
"182",2016,11,4.73255813953488,43,4.82692307692308,4.58823529411765,2.5,4,4.875,26,17,2,7,36,4615,2656,1959,404,1223,3392,4.85383770314193,5.14330986445783,4.4613731495661,4.25049504950495,4.80748160261651,4.87055159198113,186
"183",2016,12,4.74619512195122,41,5.04051851851852,4.17857142857143,3,4.5,4.79688235294118,27,14,1,7,34,4656,2683,1973,405,1230,3426,4.85288981958763,5.1422754379426,4.45936644703497,4.24740740740741,4.80573170731707,4.86982049036777,187
"184",2017,1,4.975,40,4.96666666666667,4.98,5,5.4,4.91428571428571,15,25,5,5,35,4696,2698,1998,410,1235,3461,4.85392994037479,5.14129911045218,4.46588088088088,4.25658536585366,4.80813765182186,4.87027015313493,188
"185",2017,2,4.7527125,40,4.89123913043478,4.56529411764706,4.222,4.49975,4.79735294117647,23,17,5,6,34,4736,2721,2015,415,1241,3495,4.85307506334459,5.13918540977581,4.46671960297767,4.2561686746988,4.80664665592264,4.86956080114449,189
"186",2017,3,4.796875,32,5,4.59375,4.66666666666667,5.875,4.4375,16,16,3,8,24,4768,2737,2031,418,1249,3519,4.85269788171141,5.13837175739861,4.46772033481044,4.25911483253588,4.81348959167333,4.86661409491332,190
"187",2017,4,4.94594594594595,37,5.44,3.91666666666667,4,6,4.91666666666667,25,12,1,1,36,4805,2762,2043,419,1250,3555,4.85341592091571,5.14110191889934,4.46448360254527,4.25849642004773,4.8144388,4.86712095639943,191
"188",2017,5,5.03,30,5.43333333333333,4.62666666666667,NA,5,5.03214285714286,15,15,0,2,28,4835,2777,2058,419,1252,3583,4.85451158221303,5.14268041051494,4.46566569484937,4.25849642004773,4.81473522364217,4.86841054981858,192
"189",2017,6,5.25,40,5.51153846153846,4.76428571428571,4.9375,6,5.16666666666667,26,14,8,4,36,4875,2803,2072,427,1256,3619,4.85775661538462,5.14610185515519,4.4676833976834,4.27121779859485,4.81850995222929,4.8713774523349,193
"190",2017,7,5.21428571428571,42,5.58181818181818,4.81,2.75,5.13333333333333,5.22777777777778,22,20,4,6,36,4917,2825,2092,431,1262,3655,4.86080201342282,5.14949504424778,4.47095602294455,4.25709976798144,4.82000673534072,4.8748878248974,194
"191",2017,8,5.15116279069767,43,5.28333333333333,4.84615384615385,5,5.08333333333333,5.16216216216216,30,13,1,6,37,4960,2855,2105,432,1268,3692,4.86331925403226,5.15090140105078,4.47327315914489,4.25881944444444,4.82125276025236,4.87776679306609,195
"192",2017,9,4.40740740740741,27,4.71428571428571,4.07692307692308,4,4,4.52380952380952,14,13,3,6,21,4987,2869,2118,435,1274,3713,4.86085091237217,5.1487708260718,4.47084041548631,4.25703448275862,4.81738500784929,4.87576488015082,196
"193",2017,10,4.54878048780488,41,4.55882352941176,4.54166666666667,4.41666666666667,4.125,4.59459459459459,17,24,6,4,37,5028,2886,2142,441,1278,3750,4.85830618536197,5.14529573804573,4.4716339869281,4.25920634920635,4.81521791862284,4.87299066666666,197
"194",2017,11,4.9551724137931,29,4.68,5.25,5.5,2.5,5.13703703703704,15,14,4,2,27,5057,2901,2156,445,1280,3777,4.85886167688353,5.1428898655636,4.47668831168831,4.2703595505618,4.811600390625,4.87487821021975,198
"195",2017,12,4.78571428571429,42,4.92,4.58823529411765,4.25,4,4.86842105263158,25,17,4,4,38,5099,2926,2173,449,1284,3815,4.8582591684644,5.14098547505126,4.47756097560975,4.27017817371938,4.80907204049844,4.87481389252949,199
"196",2018,1,5.05625,56,5.40135135135135,4.38421052631579,3.5,4.9,5.07156862745098,37,19,3,5,51,5155,2963,2192,452,1289,3866,4.86040999030068,5.14423675329058,4.47675182481752,4.26506637168142,4.80942474786656,4.87740946714951,200
"197",2018,2,4.28571428571429,35,4.95,3.4,5,4.16666666666667,4.31034482758621,20,15,1,6,29,5190,2983,2207,453,1295,3895,4.85653439306358,5.14293446195105,4.46943362029905,4.26668874172186,4.80644671814671,4.87318741976893,201
"198",2018,3,4.76944444444444,36,5.12222222222222,4.41666666666667,4.16666666666667,4.1,4.87741935483871,18,18,3,5,31,5226,3001,2225,456,1300,3926,4.85593446230386,5.14281022992336,4.46900674157303,4.26603070175439,4.80372961538461,4.87322083545593,202
"199",2018,4,4.85675675675676,37,5.22,4.42941176470588,4.1,4.66,4.8875,20,17,3,5,32,5263,3021,2242,459,1305,3958,4.8559402432073,5.14332125124131,4.46870651204282,4.26494553376907,4.80317892720306,4.87333628094997,203
"200",2018,5,4.341875,32,5.02588235294118,3.56666666666667,3.25,4.625,4.30142857142857,17,15,2,4,28,5295,3038,2257,461,1309,3986,4.85283352219075,5.14266408821593,4.46271156402304,4.26054229934924,4.80263445378151,4.86931886603111,204
"201",2018,6,4.95161290322581,31,5.3,4.31818181818182,4.5,5,4.94,20,11,3,6,25,5326,3058,2268,464,1315,4011,4.85340846789335,5.1436931000654,4.46201058201058,4.26209051724138,4.80353498098859,4.86975941161805,205
"202",2018,7,4.77235294117647,34,6.17166666666667,4.00909090909091,3.5,6.125,4.592,12,22,2,4,30,5360,3070,2290,466,1319,4041,4.85289430970149,5.14771123778501,4.45765938864629,4.25881974248927,4.80754245640636,4.86769735214056,206
"203",2018,8,4.68571428571429,35,4.58823529411765,4.77777777777778,4.66666666666667,3.33333333333333,4.8125,17,18,3,3,32,5395,3087,2308,469,1322,4073,4.85180973123262,5.14463022351798,4.46015597920277,4.26142857142857,4.80419704992435,4.86726368769948,207
"204",2018,9,5.65384615384615,26,5.72222222222222,5.5,6.5,6,5.57142857142857,18,8,2,5,21,5421,3105,2316,471,1327,4094,4.85565642870319,5.14797858293075,4.46374784110535,4.27093418259024,4.80870271288621,4.8708756717147,208
"205",2018,10,4.775,44,5.14230769230769,4.24444444444444,3,4.73333333333333,4.78157894736842,26,18,1,6,38,5465,3131,2334,472,1333,4132,4.85500704483074,5.14793149153625,4.46205655526992,4.26824152542373,4.80836346586646,4.87005445304937,209
"206",2018,11,4.90096774193548,31,5.16666666666667,4.343,2.66666666666667,5.625,4.7937037037037,21,10,3,4,27,5496,3152,2344,475,1337,4159,4.8552662845706,5.14805631345177,4.46154863481229,4.25812631578948,4.81080665669409,4.86955878817023,210
"207",2018,12,5.03783783783784,37,5.2578947368421,4.80555555555556,5.375,5.48,4.96875,19,18,4,5,32,5533,3171,2362,479,1342,4191,4.85648716790168,5.14871444339325,4.46417019475021,4.26745302713988,4.81329992548435,4.87031615366261,211
"208",2019,1,4.9772,50,5.1858064516129,4.63684210526316,4.33333333333333,5.66666666666667,4.9331914893617,31,19,3,3,47,5583,3202,2381,482,1345,4238,4.85756824288017,5.14907354778263,4.46554808903822,4.26786307053942,4.8152033457249,4.87101344974044,212
"209",2019,2,4.89955555555556,45,4.88,4.91666666666667,4.42857142857143,4.75,4.93189189189189,21,24,7,8,37,5628,3223,2405,489,1353,4275,4.8579039623312,5.14732035370772,4.47004989604989,4.27016359918201,4.81481781226903,4.87154035087719,213
"210",2019,3,4.79825,40,5.159,4.4375,4.20833333333333,5.4,4.71228571428571,20,20,6,5,35,5668,3243,2425,495,1358,4310,4.85748297459422,5.14739238359543,4.46978144329897,4.26941414141414,4.81697238586156,4.87024709976798,214
"211",2019,4,4.78025,40,4.76315789473684,4.79571428571429,4.4,5.03,4.72727272727273,19,21,5,7,33,5708,3262,2446,500,1365,4343,4.85694174842327,5.14515435315757,4.47257972199509,4.27072,4.81806483516483,4.86916071839742,215
"212",2019,5,5.14285714285714,42,5.625,4.17857142857143,5.5,4.66666666666667,5.17948717948718,28,14,2,3,39,5750,3290,2460,502,1368,4382,4.85903017391304,5.14923814589665,4.47090650406504,4.27561752988048,4.81773282163742,4.87192263806481,216
"213",2019,6,5.36764705882353,34,5.5,5.23529411764706,4,5,5.390625,17,17,2,2,32,5784,3307,2477,504,1370,4414,4.86201996887967,5.15104127608104,4.4761526039564,4.27452380952381,4.81799890510949,4.87568305391935,217
"214",2019,7,4.7625,40,4.97619047619048,4.52631578947368,5,4.94444444444444,4.70967741935484,21,19,2,9,31,5824,3328,2496,506,1379,4445,4.86133645260989,5.14993795072115,4.4765344551282,4.27739130434783,4.81882414793328,4.87452530933633,218
"215",2019,8,4.90428571428571,35,5.3125,4.56052631578947,5.08333333333333,5.33333333333333,4.81551724137931,16,19,6,6,29,5859,3344,2515,512,1385,4474,4.86159301928657,5.15071575956937,4.4771689860835,4.2868359375,4.82105306859205,4.87414282521234,219
"216",2019,9,5.33935483870968,31,6.12666666666667,4.84210526315789,5,4.6,5.48153846153846,12,19,2,5,26,5890,3356,2534,514,1390,4500,4.86410755517827,5.15420545292014,4.47990528808208,4.28961089494164,4.82025791366906,4.87765222222222,220
"217",2019,10,5.47708333333333,48,5.625,5.32916666666667,6,5.8,5.43953488372093,24,24,2,5,43,5938,3380,2558,516,1395,4543,4.86906256315258,5.15754837278106,4.48787333854574,4.29624031007752,4.82376953405018,4.8829705040722,221
"218",2019,11,4.99772727272727,44,5.11764705882353,4.92222222222222,4.6,5.25,4.9725,17,27,5,4,40,5982,3397,2585,521,1399,4583,4.87000894349716,5.1573486900206,4.49241005802708,4.29915547024952,4.82498820586133,4.88375190922976,222
"219",2019,12,4.93863636363636,44,5.34615384615385,4.35,5,4.66666666666667,4.95853658536585,26,18,4,3,41,6026,3423,2603,525,1402,4624,4.87051003982742,5.15878279287175,4.49142527852478,4.30449523809524,4.82464942938659,4.88441500865052,223
"220",2020,1,4.87906976744186,86,5.25957446808511,4.42051282051282,4.58333333333333,4.98,4.85774647887324,47,39,12,15,71,6112,3470,2642,537,1417,4695,4.87063048102094,5.16014798270893,4.4903785011355,4.31072625698324,4.8262939308398,4.88401171458999,224
"221",2020,2,5.22936208333333,48,5.09707677419355,5.47058823529412,4.5,5.72222222222222,5.11562512820513,31,17,2,9,39,6160,3501,2659,539,1426,4734,4.87342579220779,5.15958951156812,4.49664535539676,4.31142857142857,4.831948457223,4.88591980988593,225
"222",2020,3,5.18508771929825,57,5.37857142857143,4.87727272727273,5,6,5.12358490566038,35,22,1,4,53,6217,3536,2681,540,1430,4787,4.8762832362876,5.16175703619909,4.49976874300634,4.31270370370371,4.83521573426573,4.88855115521203,226
"223",2020,4,4.70771428571429,70,4.51636363636364,4.87837837837838,5.25,4.43333333333333,4.78254545454545,33,37,8,15,55,6287,3569,2718,548,1445,4842,4.87440637505965,5.15578954328943,4.50492273730684,4.32638686131387,4.83104394463667,4.8873470425444,227
"224",2020,5,4.94591836734694,49,5.30892857142857,4.46190476190476,4.25,4.06,5.04659090909091,28,21,2,5,44,6336,3597,2739,550,1450,4886,4.87495941919192,5.15698161801501,4.50459291712304,4.32610909090909,4.82838517241379,4.88878108473189,228
"225",2020,6,4.80625,48,5.735,4.14285714285714,4.2,4.71428571428571,4.8219512195122,20,28,5,7,41,6384,3617,2767,555,1457,4927,4.87444280701755,5.16017773845728,4.50093241778099,4.32497297297298,4.82783699382292,4.88822496042216,229
"226",2020,7,5.0875,40,5.29166666666667,4.78125,4.5,4.71428571428571,5.16666666666667,24,16,4,7,33,6424,3641,2783,559,1464,4960,4.8757694396015,5.1610444603131,4.50254401724757,4.32622540250448,4.82729405737705,4.89007749596774,230
"227",2020,8,4.82833333333333,60,5.178125,4.42857142857143,4.42857142857143,5.25,4.79821428571429,32,28,7,4,56,6484,3673,2811,566,1468,5016,4.87533048735349,5.1611932698067,4.50180718605478,4.32749116607774,4.82844584468665,4.88905190988836,231
"228",2020,9,5.2265625,64,5.29545454545455,5.19047619047619,4.73076923076923,5.89285714285714,5.04,22,42,13,14,50,6548,3695,2853,579,1482,5066,4.87876342089188,5.16199266035183,4.51194532071503,4.3365457685665,4.83850101214575,4.890541725227,232
"229",2020,10,4.99818181818182,55,5.42222222222222,4.58928571428571,4.71428571428571,4.35,5.04901960784314,27,28,7,4,51,6603,3722,2881,586,1486,5117,4.87975812206573,5.16388040838259,4.5126969802152,4.34105802047782,4.83718606998654,4.89212123900723,233
"230",2020,11,5.08360655737705,61,5.31842105263158,4.69565217391304,4,4.875,5.09824561403509,38,23,3,4,57,6664,3760,2904,589,1490,5174,4.88162408163265,5.16544225531915,4.51414600550964,4.33932088285229,4.83728758389261,4.89439203324314,234
"231",2020,12,4.68967741935484,93,4.99,4.45288461538462,4.485,4.08333333333333,4.77950617283951,41,52,10,12,81,6757,3801,2956,599,1502,5255,4.87898222287998,5.1635498237306,4.51306833558863,4.3417529215359,4.83126398135819,4.89262119505233,235
"232",2021,1,4.99431818181818,88,5.0531914893617,4.92682926829268,5.05,4.85714285714286,5.00617283950617,47,41,10,7,81,6845,3848,2997,609,1509,5336,4.88046499342586,5.16220189189189,4.51872872872873,4.35338259441708,4.83138402915838,4.8943448988006,236
"233",2021,2,5.23684210526316,57,6.21739130434783,4.57352941176471,3.80769230769231,5.30769230769231,5.21590909090909,23,34,13,13,44,6902,3871,3031,622,1522,5380,4.88340812518111,5.1684714234048,4.51934345100627,4.34197749196142,4.8354523653088,4.89697479182156,237
"234",2021,3,5.06261363636364,44,5.24309523809524,4.89782608695652,5.66666666666667,6.42583333333333,4.84736842105263,21,23,3,6,38,6946,3892,3054,625,1528,5418,4.88454331701699,5.16887406988695,4.52219384413883,4.348336,4.84169731675392,4.89662686969361,238
"235",2021,4,4.76222222222222,45,5.18095238095238,4.39583333333333,4,5.66666666666667,4.62307692307692,21,24,5,6,39,6991,3913,3078,630,1534,5457,4.88375595479903,5.16893889087656,4.52120857699805,4.34557142857143,4.8449240547588,4.89467186732637,239
"236",2021,5,5.28125,48,5.68181818181818,4.94230769230769,4.71428571428571,5.8,5.22093023255814,22,26,7,5,43,7039,3935,3104,637,1539,5500,4.88646652649524,5.1718063227446,4.52473582474227,4.34962323390895,4.84802696556205,4.89722261454545,240
"237",2021,6,5.15657142857143,35,5.2847619047619,4.96428571428571,5.16666666666667,5.6,5.08266666666667,21,14,3,5,30,7074,3956,3118,640,1544,5530,4.8878029233814,5.17240593528817,4.52670942912123,4.353453125,4.85046211139896,4.89822864014466,241
"238",2021,7,5.01375,48,5.59090909090909,4.52538461538462,3.875,4.625,5.04909090909091,22,26,4,4,44,7122,3978,3144,644,1548,5574,4.88865176635777,5.17472043237808,4.52669847328244,4.35048136645963,4.84987952196382,4.89941951560818,242
"239",2021,8,5.06046511627907,43,5.38888888888889,4.824,5.83333333333333,5,5.07222222222222,18,25,6,7,36,7165,3996,3169,650,1555,5610,4.88968288625262,5.17568515515515,4.52904386241716,4.36416923076923,4.85055530546624,4.90052840998217,243
"240",2021,9,4.89907407407407,54,5.29074074074074,4.50740740740741,4.16666666666667,4.91363636363636,4.8953488372093,27,27,6,11,43,7219,4023,3196,656,1566,5653,4.88975313478321,5.17645734029331,4.52886107634543,4.36236280487805,4.85099840357599,4.90048901114452,244
"241",2021,10,5.04313725490196,51,5.49583333333333,4.64074074074074,4.275,4.88571428571429,5.06818181818182,24,27,8,7,44,7270,4047,3223,664,1573,5697,4.89082914442916,5.17835134173462,4.52979832454235,4.36131024096386,4.85115289256198,4.90178416359487,245
"242",2021,11,4.88063829787234,47,5.39045454545455,4.432,3.33333333333333,3.64285714285714,5.09725,22,25,6,7,40,7317,4069,3248,670,1580,5737,4.89076368457018,5.179498127304,4.52904556650246,4.35210447761194,4.8457996835443,4.90314700714659,246
"243",2021,12,4.62264150943396,53,4.97368421052632,4.42647058823529,3.75,5.88888888888889,4.36363636363636,19,34,10,9,44,7370,4088,3282,680,1589,5781,4.88883553324288,5.17854155577299,4.52798293723339,4.34325,4.85170767778477,4.89904071613907,247
"244",2022,1,4.6685393258427,89,5.17906976744186,4.19130434782609,4.3125,4.64615384615385,4.67236842105263,43,46,8,13,76,7459,4131,3328,688,1602,5857,4.88620698216919,5.17854705398209,4.52332932692307,4.34289244186047,4.85003963795256,4.8960994331569,248
"245",2022,2,4.78333333333333,60,5.26923076923077,4.41176470588235,5.3,4.75,4.79347826086957,26,34,5,14,46,7519,4157,3362,693,1616,5903,4.88538607261604,5.17911423622805,4.52220107079119,4.34979797979798,4.84917295792079,4.89529974250381,249
"246",2022,3,5.36,60,5.81714285714286,4.72,4.625,4.91666666666667,5.40925925925926,35,25,4,6,54,7579,4192,3387,697,1622,5957,4.8891434067819,5.18444128816794,4.52366105698258,4.35137733142037,4.84942262638717,4.89995876783616,250
"247",2022,4,5.22767857142857,56,5.60833333333333,4.78846153846154,4,5.66666666666667,5.175,30,26,4,6,50,7635,4222,3413,701,1628,6007,4.89162644138835,5.18745331122691,4.5256782888954,4.34937232524964,4.85243458230958,4.90224810720825,251
"248",2022,5,4.65,46,5.06666666666667,4.3,4.8,4.16666666666667,4.7225,21,25,5,6,40,7681,4243,3438,706,1634,6047,4.89017938810051,5.18685549846806,4.52403723094822,4.35256373937677,4.8499164626683,4.90105910038035,252
"249",2022,6,4.85454545454545,44,5.5625,4.45,5.32,5.66666666666667,4.79512195121951,16,28,5,3,41,7725,4259,3466,711,1637,6088,4.88997642459547,5.18826670110354,4.52343912290825,4.3593670886076,4.85141325595601,4.90034566031537,253
"250",2022,7,5.27407407407407,54,5.38,5.07894736842105,4.92857142857143,4.6,5.42727272727273,35,19,7,10,44,7779,4294,3485,718,1647,6132,4.89264274071218,5.18982950163018,4.52646771879483,4.36491643454039,4.84988676381299,4.90412661121983,254
"251",2022,8,5.15714285714286,70,5.56896551724138,4.86585365853659,3.75,4.25,5.2741935483871,29,41,4,8,62,7849,4323,3526,722,1655,6194,4.89500164097337,5.19237286143882,4.53041406693136,4.36150969529086,4.84698700906344,4.90783086535357,255
"252",2022,9,5.18835185185185,54,5.50217391304348,4.95551612903226,4.3375,4.53125,5.30263043478261,23,31,8,8,46,7903,4346,3557,730,1663,6240,4.89700605845882,5.19401239760699,4.53411892043857,4.36124657534247,4.84546812988575,4.91074124679487,256
"253",2022,10,5.09134,50,5.5,4.77025,4.71428571428571,5.38888888888889,5.0260243902439,22,28,7,9,41,7953,4368,3585,737,1672,6281,4.89822782346285,5.19555354395604,4.53596317991631,4.36459972862958,4.84839324162679,4.9114937716924,257
"254",2022,11,5.25913793103448,58,5.53620689655172,4.98206896551724,4.28571428571429,5.175,5.2726,29,29,7,8,50,8011,4397,3614,744,1680,6331,4.90084082886032,5.19780029110757,4.53954288876591,4.36385752688172,4.84994851190476,4.91434566103301,258
"255",2022,12,4.92380952380952,63,5.29655172413793,4.60588235294118,3.875,6,4.88852459016393,29,34,4,2,61,8074,4426,3648,748,1682,6392,4.90102004954174,5.19844732941708,4.54016118421052,4.36124331550802,4.85131599286563,4.91409924593241,259
