"","year","month","avg_rating","no_ratings","avg_rating_owned","avg_rating_not_owned","avg_rating_prev_owned","avg_rating_comment","avg_rating_no_comment","no_ratings_owned","no_ratings_not_owned","no_ratings_prev_owned","no_ratings_comment","no_ratings_no_comment","cum_no_ratings","cum_no_ratings_owned","cum_no_ratings_not_owned","cum_no_ratings_prev_owned","cum_no_ratings_comment","cum_no_ratings_no_comment","cum_avg_rating","cum_avg_rating_owned","cum_avg_rating_not_owned","cum_avg_rating_prev_owned","cum_avg_rating_comment","cum_avg_rating_no_comment","month_after_release"
"1",2001,8,7.5,2,7.5,NA,NA,NA,7.5,2,0,0,0,2,2,2,0,0,0,2,7.5,7.5,NA,NA,NA,7.5,0
"2",2001,9,8,2,8,NA,NA,NA,8,2,0,0,0,2,4,4,0,0,0,4,7.75,7.75,NA,NA,NA,7.75,1
"3",2001,10,7,1,7,NA,NA,7,NA,1,0,0,1,0,5,5,0,0,1,4,7.6,7.6,NA,NA,7,7.75,2
"4",2001,11,9,1,9,NA,NA,9,NA,1,0,0,1,0,6,6,0,0,2,4,7.83333333333333,7.83333333333333,NA,NA,8,7.75,3
"5",2001,12,7.66666666666667,3,7.66666666666667,NA,NA,NA,7.66666666666667,3,0,0,0,3,9,9,0,0,2,7,7.77777777777778,7.77777777777778,NA,NA,8,7.71428571428571,4
"6",2002,1,7.28571428571429,7,7.6,6.5,NA,NA,7.28571428571429,5,2,0,0,7,16,14,2,0,2,14,7.5625,7.71428571428571,6.5,NA,8,7.5,5
"7",2002,3,8,1,NA,8,NA,NA,8,0,1,0,0,1,17,14,3,0,2,15,7.58823529411765,7.71428571428571,7,NA,8,7.53333333333333,7
"8",2002,4,6,1,6,NA,NA,6,NA,1,0,0,1,0,18,15,3,0,3,15,7.5,7.6,7,NA,7.33333333333333,7.53333333333333,8
"9",2002,5,6.66666666666667,3,6.66666666666667,NA,NA,6,7,3,0,0,1,2,21,18,3,0,4,17,7.38095238095238,7.44444444444444,7,NA,7,7.47058823529412,9
"10",2002,6,7.5,2,7,8,NA,NA,7.5,1,1,0,0,2,23,19,4,0,4,19,7.39130434782609,7.42105263157895,7.25,NA,7,7.47368421052632,10
"11",2002,7,6.85714285714286,7,6.85714285714286,NA,NA,6.66666666666667,7,7,0,0,3,4,30,26,4,0,7,23,7.26666666666667,7.26923076923077,7.25,NA,6.85714285714286,7.39130434782609,11
"12",2002,8,6.875,8,7.83333333333333,4,NA,6,7,6,2,0,1,7,38,32,6,0,8,30,7.18421052631579,7.375,6.16666666666667,NA,6.75,7.3,12
"13",2002,9,6,4,6,NA,NA,NA,6,4,0,0,0,4,42,36,6,0,8,34,7.07142857142857,7.22222222222222,6.16666666666667,NA,6.75,7.14705882352941,13
"14",2002,10,7,4,7,NA,NA,7,7,4,0,0,1,3,46,40,6,0,9,37,7.06521739130435,7.2,6.16666666666667,NA,6.77777777777778,7.13513513513514,14
"15",2002,11,7.4,5,8,5,NA,6.66666666666667,8.5,4,1,0,3,2,51,44,7,0,12,39,7.09803921568627,7.27272727272727,6,NA,6.75,7.20512820512821,15
"16",2002,12,6.75,4,7.66666666666667,4,NA,8,6.33333333333333,3,1,0,1,3,55,47,8,0,13,42,7.07272727272727,7.29787234042553,5.75,NA,6.84615384615385,7.14285714285714,16
"17",2003,1,7.33333333333333,9,7.8,6.75,NA,10,7,5,4,0,1,8,64,52,12,0,14,50,7.109375,7.34615384615385,6.08333333333333,NA,7.07142857142857,7.12,17
"18",2003,2,8,3,8,NA,NA,8,8,3,0,0,1,2,67,55,12,0,15,52,7.14925373134328,7.38181818181818,6.08333333333333,NA,7.13333333333333,7.15384615384615,18
"19",2003,3,7.75,4,7.75,NA,NA,8,7.66666666666667,4,0,0,1,3,71,59,12,0,16,55,7.1830985915493,7.40677966101695,6.08333333333333,NA,7.1875,7.18181818181818,19
"20",2003,4,7.5,6,7.4,8,NA,NA,7.5,5,1,0,0,6,77,64,13,0,16,61,7.20779220779221,7.40625,6.23076923076923,NA,7.1875,7.21311475409836,20
"21",2003,5,4.66666666666667,3,5,4,NA,NA,4.66666666666667,2,1,0,0,3,80,66,14,0,16,64,7.1125,7.33333333333333,6.07142857142857,NA,7.1875,7.09375,21
"22",2003,6,8,5,8.25,7,NA,8.66666666666667,7,4,1,0,3,2,85,70,15,0,19,66,7.16470588235294,7.38571428571429,6.13333333333333,NA,7.42105263157895,7.09090909090909,22
"23",2003,7,6.39473684210526,19,6.66666666666667,6.15,7,7,6.23333333333333,9,10,1,4,15,104,79,25,1,23,81,7.02403846153846,7.30379746835443,6.14,7,7.34782608695652,6.9320987654321,23
"24",2003,8,7.4,10,8.5,6.66666666666667,NA,7.5,7.33333333333333,4,6,0,4,6,114,83,31,1,27,87,7.05701754385965,7.36144578313253,6.24193548387097,7,7.37037037037037,6.95977011494253,24
"25",2003,9,7.35714285714286,14,7.41666666666667,7,6,6.5,7.5,12,2,1,2,12,128,95,33,2,29,99,7.08984375,7.36842105263158,6.28787878787879,6.5,7.31034482758621,7.02525252525253,25
"26",2003,10,5.33333333333333,3,5,5.5,NA,4,6,1,2,0,1,2,131,96,35,2,30,101,7.04961832061069,7.34375,6.24285714285714,6.5,7.2,7.0049504950495,26
"27",2003,11,7.5,2,7.5,NA,NA,NA,7.5,2,0,0,0,2,133,98,35,2,30,103,7.05639097744361,7.3469387755102,6.24285714285714,6.5,7.2,7.01456310679612,27
"28",2003,12,6.625,8,7.2,5.66666666666667,NA,6,7,5,3,0,3,5,141,103,38,2,33,108,7.03191489361702,7.33980582524272,6.19736842105263,6.5,7.09090909090909,7.01388888888889,28
"29",2004,1,7.42857142857143,7,7.4,7.5,NA,NA,7.42857142857143,5,2,0,0,7,148,108,40,2,33,115,7.05067567567568,7.34259259259259,6.2625,6.5,7.09090909090909,7.03913043478261,29
"30",2004,2,7.2,5,8,6.66666666666667,NA,8,7,2,3,0,1,4,153,110,43,2,34,119,7.05555555555556,7.35454545454545,6.2906976744186,6.5,7.11764705882353,7.03781512605042,30
"31",2004,3,5.85714285714286,7,6.25,5.33333333333333,5,4.5,6.4,4,3,1,2,5,160,114,46,3,36,124,7.003125,7.31578947368421,6.22826086956522,6,6.97222222222222,7.01209677419355,31
"32",2004,4,7.54545454545455,11,7.75,7,NA,9,7,8,3,0,3,8,171,122,49,3,39,132,7.03801169590643,7.34426229508197,6.27551020408163,6,7.12820512820513,7.01136363636364,32
"33",2004,5,7.5,4,7.66666666666667,7,NA,10,6.66666666666667,3,1,0,1,3,175,125,50,3,40,135,7.04857142857143,7.352,6.29,6,7.2,7.0037037037037,33
"34",2004,6,7.375,8,7.375,NA,NA,7.75,7,8,0,0,4,4,183,133,50,3,44,139,7.06284153005465,7.35338345864662,6.29,6,7.25,7.00359712230216,34
"35",2004,7,7.72222222222222,9,7.72222222222222,NA,NA,8.5,7.5,9,0,0,2,7,192,142,50,3,46,146,7.09375,7.37676056338028,6.29,6,7.30434782608696,7.02739726027397,35
"36",2004,8,6.86,5,6.625,7.8,NA,NA,6.86,4,1,0,0,5,197,146,51,3,46,151,7.08781725888325,7.35616438356164,6.31960784313726,6,7.30434782608696,7.02185430463576,36
"37",2004,9,8.58333333333333,12,8.6,8.5,10,8.8,8.42857142857143,10,2,1,5,7,209,156,53,4,51,158,7.17368421052632,7.43589743589744,6.40188679245283,7,7.45098039215686,7.08417721518987,37
"38",2004,10,6.21428571428571,7,6.9,4.5,6,5.33333333333333,6.875,5,2,1,3,4,216,161,55,5,54,162,7.14259259259259,7.41925465838509,6.33272727272727,6.8,7.33333333333333,7.07901234567901,38
"39",2004,11,7.33333333333333,9,7.375,7,NA,7,7.375,8,1,0,1,8,225,169,56,5,55,170,7.15022222222222,7.41715976331361,6.34464285714286,6.8,7.32727272727273,7.09294117647059,39
"40",2004,12,6.95833333333333,12,6.85714285714286,7.1,6,6.75,7.16666666666667,7,5,1,6,6,237,176,61,6,61,176,7.14050632911392,7.39488636363636,6.40655737704918,6.66666666666667,7.27049180327869,7.09545454545454,40
"41",2005,1,7.11111111111111,18,7.14285714285714,7,NA,7.6,6.92307692307692,14,4,0,5,13,255,190,65,6,66,189,7.13843137254902,7.37631578947368,6.44307692307692,6.66666666666667,7.29545454545455,7.08359788359788,41
"42",2005,2,7.42857142857143,7,7,8,NA,6.8,9,4,3,0,5,2,262,194,68,6,71,191,7.14618320610687,7.36855670103093,6.51176470588235,6.66666666666667,7.26056338028169,7.10366492146597,42
"43",2005,3,7.45454545454545,11,7.6,6,NA,7.2,7.66666666666667,10,1,0,5,6,273,204,69,6,76,197,7.15860805860806,7.37990196078431,6.50434782608696,6.66666666666667,7.25657894736842,7.12081218274112,43
"44",2005,4,7.3625,12,7.39545454545455,7,NA,7.07,7.57142857142857,11,1,0,5,7,285,215,70,6,81,204,7.16719298245614,7.3806976744186,6.51142857142857,6.66666666666667,7.24506172839506,7.13627450980392,44
"45",2005,5,7.65833333333333,12,7.65555555555556,7.66666666666667,NA,7.58,7.71428571428571,9,3,0,5,7,297,224,73,6,86,211,7.18703703703704,7.39174107142857,6.55890410958904,6.66666666666667,7.26453488372093,7.15545023696682,45
"46",2005,6,7.75,8,8,7.33333333333333,NA,8,7.71428571428571,5,3,0,1,7,305,229,76,6,87,218,7.20180327868852,7.40502183406114,6.58947368421053,6.66666666666667,7.27298850574713,7.17339449541284,46
"47",2005,7,7.03125,16,7.03125,NA,NA,6.5,7.44444444444444,16,0,0,7,9,321,245,76,6,94,227,7.19330218068536,7.38061224489796,6.58947368421053,6.66666666666667,7.21542553191489,7.184140969163,47
"48",2005,8,6.63888888888889,18,6.77777777777778,6.5,6.5,6.5625,6.7,9,9,1,8,10,339,254,85,7,102,237,7.16386430678466,7.35925196850394,6.58,6.64285714285714,7.16421568627451,7.16371308016878,48
"49",2005,9,7.79166666666667,12,7.75,8,8,8.08333333333333,7.5,10,2,1,6,6,351,264,87,8,108,243,7.18532763532763,7.37405303030303,6.61264367816092,6.8125,7.21527777777778,7.17201646090535,49
"50",2005,10,6.37333333333333,15,6.43076923076923,6,6,6.53333333333333,6.33333333333333,13,2,1,3,12,366,277,89,9,111,255,7.15204918032787,7.3297833935018,6.59887640449438,6.72222222222222,7.19684684684685,7.13254901960784,50
"51",2005,11,7,12,7.3,5.5,6,7,7,10,2,1,6,6,378,287,91,10,117,261,7.14722222222222,7.3287456445993,6.57472527472527,6.65,7.18675213675214,7.12950191570881,51
"52",2005,12,7.10666666666667,15,7.76,5.8,NA,6.6,7.36,10,5,0,5,10,393,297,96,10,122,271,7.14567430025445,7.34326599326599,6.534375,6.65,7.16270491803279,7.1380073800738,52
"53",2006,1,6.71428571428571,21,6.69444444444444,6.83333333333333,NA,6.5,6.75,18,3,0,3,18,414,315,99,10,125,289,7.1237922705314,7.30619047619048,6.54343434343434,6.65,7.1468,7.11384083044983,53
"54",2006,2,7.38,10,7.5,6.9,NA,7.65,7.3125,8,2,0,2,8,424,323,101,10,127,297,7.12983490566038,7.3109907120743,6.55049504950495,6.65,7.15472440944882,7.11919191919192,54
"55",2006,3,6.78571428571429,14,7.4,5.25,NA,7.5,6.66666666666667,10,4,0,2,12,438,333,105,10,129,309,7.11883561643836,7.31366366366366,6.50095238095238,6.65,7.16007751937985,7.10161812297734,55
"56",2006,4,8.15,10,8.22222222222222,7.5,NA,8.25,8.125,9,1,0,2,8,448,342,106,10,131,317,7.14185267857143,7.3375730994152,6.51037735849057,6.65,7.17671755725191,7.12744479495268,56
"57",2006,5,7.16666666666667,12,7.33333333333333,7,NA,7.5,6.83333333333333,6,6,0,6,6,460,348,112,10,137,323,7.1425,7.3375,6.53660714285714,6.65,7.19087591240876,7.12198142414861,57
"58",2006,6,7.78642857142857,14,7.68875,7.91666666666667,7,8.1875,7.25166666666667,8,6,1,8,6,474,356,118,11,145,329,7.16151898734177,7.34539325842697,6.60677966101695,6.68181818181818,7.24586206896552,7.12434650455927,58
"59",2006,7,7.375,12,7.35714285714286,7.4,6,8.1,6.85714285714286,7,5,1,5,7,486,363,123,12,150,336,7.16679012345679,7.34561983471074,6.6390243902439,6.625,7.27433333333333,7.11877976190476,59
"60",2006,8,7.64285714285714,7,7.64285714285714,NA,NA,9.5,6.9,7,0,0,2,5,493,370,123,12,152,341,7.17354969574036,7.35124324324324,6.6390243902439,6.625,7.30361842105263,7.11557184750733,60
"61",2006,9,6.55555555555556,9,8,6.375,6.75,6.16666666666667,7.33333333333333,1,8,4,6,3,502,371,131,16,158,344,7.16247011952191,7.35299191374663,6.62290076335878,6.65625,7.26044303797468,7.11747093023256,61
"62",2006,10,7.58695652173913,23,7.73529411764706,7.16666666666667,5.66666666666667,8.05555555555556,7.28571428571429,17,6,3,9,14,525,388,137,19,167,358,7.18106666666667,7.36974226804124,6.64671532846715,6.5,7.30329341317365,7.12405027932961,62
"63",2006,11,7.03125,16,7.13636363636364,6.8,NA,7.5,6.96428571428571,11,5,0,2,14,541,399,142,19,169,372,7.17663585951941,7.36330827067669,6.65211267605634,6.5,7.30562130177515,7.1180376344086,63
"64",2006,12,7.34761904761905,21,7.63846153846154,6.875,10,7.38333333333333,7.33333333333333,13,8,1,6,15,562,412,150,20,175,387,7.18302491103203,7.37199029126214,6.664,6.675,7.30828571428571,7.12638242894057,64
"65",2007,1,6.46666666666667,24,6.74666666666667,6,NA,6.33333333333333,6.51111111111111,15,9,0,6,18,586,427,159,20,181,405,7.15368600682594,7.35002341920375,6.62641509433962,6.675,7.27596685082873,7.09903703703704,65
"66",2007,2,7.34924416666667,12,8.375,5.2977325,5,6,7.79899222222222,8,4,1,3,9,598,435,163,21,184,414,7.15761025083612,7.36887356321839,6.59380938650307,6.59523809523809,7.25516304347826,7.11425345410628,66
"67",2007,3,6.9,15,6.96153846153846,6.5,NA,7.75,6.76923076923077,13,2,0,2,13,613,448,165,21,186,427,7.15130657422512,7.35705357142857,6.5926723030303,6.59523809523809,7.26048387096774,7.10374925058548,67
"68",2007,4,6.84210526315789,19,7.58333333333333,5.57142857142857,3,7.2,6.44444444444444,12,7,1,10,9,632,460,172,22,196,436,7.14201096518987,7.36295652173913,6.55111005813954,6.43181818181818,7.25739795918367,7.09013974770642,68
"69",2007,5,7.1462962962963,27,7.17173913043478,7,NA,7.12777777777778,7.15555555555556,23,4,0,9,18,659,483,176,22,205,454,7.14218654021244,7.35385093167702,6.56131210227273,6.43181818181818,7.25170731707317,7.09273332599119,69
"70",2007,6,7.46666666666667,21,7.81176470588235,6,NA,7.54285714285714,7.42857142857143,17,4,0,7,14,680,500,180,22,212,468,7.15220725,7.36942,6.5488385,6.43181818181818,7.26132075471698,7.10277976495727,70
"71",2007,7,7.48318181818182,22,7.82352941176471,6.326,NA,7.71428571428571,7.37533333333333,17,5,0,7,15,702,517,185,22,219,483,7.16257967236467,7.38435203094778,6.54281583783784,6.43181818181818,7.27579908675799,7.11124416149068,71
"72",2007,8,6.52941176470588,17,6.84615384615385,5.5,NA,6.25,6.61538461538461,13,4,0,4,13,719,530,189,22,223,496,7.14760908205841,7.37115094339623,6.52074566137566,6.43181818181818,7.25739910313901,7.09824784274194,72
"73",2007,9,7,20,7.3125,5.75,NA,8.125,6.71875,16,4,0,4,16,739,546,193,22,227,512,7.14361424898511,7.36943223443223,6.50477165803109,6.43181818181818,7.2726872246696,7.08638853515625,73
"74",2007,10,7.58333333333333,24,7.675,7.125,NA,7.64285714285714,7.55882352941176,20,4,0,7,17,763,566,197,22,234,529,7.15744551769331,7.3802296819788,6.51736512690355,6.43181818181818,7.28376068376068,7.10157075614367,74
"75",2007,11,6.75,26,6.8,6.58333333333333,6.75,7.05555555555556,6.58823529411765,20,6,2,9,17,789,586,203,24,243,546,7.14401892268694,7.36042662116041,6.51931492610838,6.45833333333333,7.27530864197531,7.08558778388278,75
"76",2007,12,7.125,32,7.46,5.92857142857143,NA,7.15384615384615,7.10526315789474,25,7,0,13,19,821,611,210,24,256,565,7.14327762484775,7.36450081833061,6.49962347619048,6.45833333333333,7.269140625,7.08624943362832,76
"77",2008,1,7.42692307692308,39,7.88076923076923,6.51923076923077,10,7.41875,7.43260869565217,26,13,1,16,23,860,637,223,25,272,588,7.15614061627907,7.38557299843014,6.50076650224215,6.6,7.27794117647059,7.0997975,77
"78",2008,2,7.25,34,7.54166666666667,6.55,6.5,7.22727272727273,7.26086956521739,24,10,2,11,23,894,661,233,27,283,611,7.15971021252796,7.39124054462935,6.502879527897,6.59259259259259,7.27597173144876,7.10586076923077,78
"79",2008,3,7.23333333333333,30,7.31578947368421,7.09090909090909,5,7.61538461538461,6.94117647058824,19,11,1,13,17,924,680,244,28,296,628,7.16210057359307,7.38913235294118,6.52938905737705,6.53571428571429,7.29087837837838,7.10140275477707,79
"80",2008,4,7.53,20,7.73529411764706,6.36666666666667,NA,9.33333333333333,7.21176470588235,17,3,0,3,17,944,697,247,28,299,645,7.1698950529661,7.39757532281205,6.52741267206478,6.53571428571429,7.3113712374582,7.10431151937985,80
"81",2008,5,7.08,15,7.18333333333333,6.66666666666667,NA,6.66666666666667,7.18333333333333,12,3,0,3,12,959,709,250,28,302,657,7.16848897810219,7.39394922425952,6.52908372,6.53571428571429,7.30496688741722,7.10575484018265,81
"82",2008,6,7.06,20,7.30833333333333,6.6875,4,6.875,7.10625,12,8,1,4,16,979,721,258,29,306,673,7.16627265577119,7.39252427184466,6.53399585271318,6.44827586206897,7.29934640522876,7.10576661218425,82
"83",2008,7,7.25357142857143,28,7.41363636363636,6.66666666666667,7,7.05,7.40625,22,6,2,12,16,1007,743,264,31,318,689,7.16870002979146,7.39314939434724,6.53701109848485,6.48387096774194,7.28993710691824,7.11274445573295,83
"84",2008,8,6.4375,24,6.63333333333333,6.11111111111111,3.5,6.22222222222222,6.56666666666667,15,9,2,9,15,1031,758,273,33,327,704,7.15167888457808,7.37811345646438,6.52297043956044,6.3030303030303,7.2605504587156,7.10110927556818,84
"85",2008,9,7.275,20,7.79166666666667,6.5,NA,7.57142857142857,7.11538461538461,12,8,0,7,13,1051,770,281,33,334,717,7.15402562321598,7.38455844155844,6.52231647686833,6.3030303030303,7.26706586826347,7.10136810320781,85
"86",2008,10,6.92105263157895,19,7.29166666666667,6.28571428571429,NA,7.2,6.82142857142857,12,7,0,5,14,1070,782,288,33,339,731,7.14988871962617,7.38313299232736,6.51656572916667,6.3030303030303,7.26607669616519,7.09600674418605,86
"87",2008,11,6.73529411764706,17,7.5,5.64285714285714,NA,7.66666666666667,6.53571428571429,10,7,0,3,14,1087,792,295,33,342,745,7.14340471941122,7.38460858585859,6.49583366101695,6.3030303030303,7.26959064327485,7.08547775838926,87
"88",2008,12,7.25172413793103,29,7.20454545454545,7.4,10,7.3,7.24166666666667,22,7,1,5,24,1116,814,302,34,347,769,7.14621947132616,7.37974201474201,6.5167911589404,6.41176470588235,7.27002881844381,7.09035231469441,88
"89",2009,1,7.15875,40,7.4453125,6.0125,7,6.14285714285714,7.37424242424242,32,8,1,7,33,1156,846,310,35,354,802,7.14665305363322,7.38222222222222,6.50377719354839,6.42857142857143,7.24774011299435,7.10203357855362,89
"90",2009,2,7.0525641025641,78,7.22727272727273,6.82647058823529,5,7.375,6.99393939393939,44,34,1,12,66,1234,890,344,36,366,868,7.14070577795786,7.37456179775281,6.53567130813954,6.38888888888889,7.25191256830601,7.09381443548387,90
"91",2009,3,7.60816326530612,49,8.01538461538462,7.14782608695652,4,7.5,7.62926829268293,26,23,1,8,41,1283,916,367,37,374,909,7.158558791894,7.39275109170306,6.57403523160763,6.32432432432432,7.2572192513369,7.11796581958196,91
"92",2009,4,6.73,50,7.16666666666667,6.21739130434783,6,5.72727272727273,7.01282051282051,27,23,1,11,39,1333,943,390,38,385,948,7.14248381845461,7.38627783669141,6.55300238461539,6.31578947368421,7.21350649350649,7.11364022151899,92
"93",2009,5,6.94117647058824,34,7.36842105263158,6.4,5.5,6.16666666666667,7.22,19,15,2,9,25,1367,962,405,40,394,973,7.13747690563277,7.38592515592515,6.54733562962963,6.275,7.18959390862944,7.11637300102775,93
"94",2009,6,6.68829787234043,47,7.23863636363636,6.204,6,6.16666666666667,6.76463414634146,22,25,2,6,41,1414,984,430,42,400,1014,7.12254662659123,7.38263211382114,6.52737425581395,6.26190476190476,7.17425,7.10215081854044,94
"95",2009,7,6.94117647058824,34,7.075,6.75,6.5,6.125,7.05,20,14,1,4,30,1448,1004,444,43,404,1044,7.11828793508287,7.37650398406374,6.53439398648649,6.26744186046512,7.16386138613861,7.10065223180077,95
"96",2009,8,6.64024390243902,41,6.725,6.55952380952381,7,6.875,6.58333333333333,20,21,1,8,33,1489,1024,465,44,412,1077,7.10512486903962,7.363779296875,6.53552888172043,6.28409090909091,7.15825242718447,7.08480123491179,96
"97",2009,9,6.91481481481481,27,7.40714285714286,6.38461538461539,6,5.5,7.16086956521739,14,13,1,4,23,1516,1038,478,45,416,1100,7.10173544195251,7.36436416184971,6.53142453974895,6.27777777777778,7.14230769230769,7.08639175454546,97
"98",2009,10,7.40243902439024,41,7.55882352941176,7.29166666666667,7.5,8.05555555555556,7.21875,17,24,3,9,32,1557,1055,502,48,425,1132,7.10965377649326,7.36749763033175,6.56777077689243,6.35416666666667,7.16164705882353,7.09013333038869,98
"99",2009,11,7.56808510638298,47,7.93666666666667,6.91764705882353,8,7.83333333333333,7.47714285714286,30,17,1,12,35,1604,1085,519,49,437,1167,7.12308661471322,7.38323502304147,6.57923107899807,6.38775510204082,7.18009153318078,7.10174029991431,99
"100",2009,12,6.858,50,7.425,6.48,6,6.6625,6.8952380952381,20,30,2,8,42,1654,1105,549,51,445,1209,7.11507311366385,7.38399095022624,6.57380861566484,6.37254901960784,7.17078651685393,7.09456652605459,100
"101",2010,1,7.07450980392157,51,7.53225806451613,6.365,5.875,5.8,7.21304347826087,31,20,4,5,46,1705,1136,569,55,450,1255,7.1138597829912,7.38803697183099,6.56646912126538,6.33636363636364,7.15555555555556,7.09890910756972,101
"102",2010,2,7.00285714285714,35,7.9,5.9375,7,7.6,6.87931034482759,19,16,1,6,29,1740,1155,585,56,456,1284,7.11162697126437,7.39645887445887,6.54926654700855,6.34821428571429,7.16140350877193,7.09394932242991,102
"103",2010,3,7.34444444444444,36,7.93529411764706,6.81578947368421,NA,7.2,7.36774193548387,17,19,0,5,31,1776,1172,604,56,461,1315,7.11634624436937,7.4042747440273,6.55765054635762,6.34821428571429,7.16182212581345,7.10040374904943,103
"104",2010,4,6.98148148148148,27,7.41176470588235,6.25,5,5.625,7.21739130434783,17,10,1,4,23,1803,1189,614,57,465,1338,7.11432663893511,7.40438183347351,6.55263995114006,6.32456140350877,7.14860215053764,7.10241474588939,104
"105",2010,5,6.45405405405405,37,7.33157894736842,5.52777777777778,5,6.0625,6.56206896551724,19,18,1,8,29,1840,1208,632,58,473,1367,7.10104941847826,7.40323675496689,6.52345083860759,6.30172413793103,7.13023255813954,7.09095166788588,105
"106",2010,6,7.20769230769231,26,7.775,6.3,NA,7.5,7.12,16,10,0,6,20,1866,1224,642,58,479,1387,7.10253533226152,7.40809640522876,6.51997029595016,6.30172413793103,7.13486430062631,7.09137053352559,106
"107",2010,7,6.86178424242424,33,7.386805,6.36764705882353,6.5,7.225,6.7455552,16,17,1,8,25,1899,1240,659,59,487,1412,7.0983516640337,7.40782167741935,6.51604086494689,6.30508474576271,7.13634496919918,7.0852477407932,107
"108",2010,8,7.64285714285714,28,8.28333333333333,6.90384615384615,8,7.75,7.6195652173913,15,13,1,5,23,1927,1255,672,60,492,1435,7.10626352361183,7.41828596015936,6.52354305059524,6.33333333333333,7.14258130081301,7.09381171428571,108
"109",2010,9,7.52173913043478,23,8.25,7.13333333333333,6,8,7.47619047619048,8,15,2,2,21,1950,1263,687,62,494,1456,7.1111640051282,7.42355414093428,6.5368572489083,6.32258064516129,7.14605263157895,7.09932679258242,109
"110",2010,10,6.88484848484848,33,7.08095238095238,6.54166666666667,6,6.33333333333333,6.94,21,12,1,3,30,1983,1284,699,63,497,1486,7.10739778618255,7.41795084112149,6.53693981402003,6.31746031746032,7.14114688128773,7.09611023553163,110
"111",2010,11,6.96428571428571,42,7.44736842105263,6.56521739130435,NA,8.31428571428571,6.69428571428571,19,23,0,7,35,2025,1303,722,63,504,1521,7.10442953580247,7.41837980046047,6.5378406232687,6.31746031746032,7.15744047619048,7.08686378040763,111
"112",2010,12,6.74411764705882,34,6.89,6.53571428571429,8,6,6.87241379310345,20,14,2,5,29,2059,1323,736,65,509,1550,7.09847975230694,7.41039219954648,6.53780017663043,6.36923076923077,7.14607072691552,7.08285149032258,112
"113",2011,1,6.75891666666667,48,7.307125,5.6625,NA,6,6.98454054054054,32,16,0,11,37,2107,1355,752,65,520,1587,7.09074409587091,7.40795341697417,6.51917676861702,6.36923076923077,7.12182692307692,7.08055942659105,113
"114",2011,2,7.10147058823529,34,7.62619047619048,6.25384615384615,4.75,7.51666666666667,6.952,21,13,2,9,25,2141,1376,765,67,529,1612,7.09091443717889,7.41128406976744,6.51466788235294,6.32089552238806,7.12854442344045,7.07856563895782,114
"115",2011,3,7.12738095238095,42,7.575,6.72045454545455,8,7.2,7.1046875,20,22,1,10,32,2183,1396,787,68,539,1644,7.09161603756299,7.41362957020057,6.52042049555273,6.34558823529412,7.12987012987013,7.07907409367396,115
"116",2011,4,7.23391304347826,23,7.75230769230769,6.56,NA,6.956,7.31111111111111,13,10,0,5,18,2206,1409,797,68,544,1662,7.09309964188577,7.41675435060326,6.52091710163112,6.34558823529412,7.12827205882353,7.0815871299639,116
"117",2011,5,6.87484848484848,33,6.89235294117647,6.85625,NA,5.5,7.06448275862069,17,16,0,4,29,2239,1426,813,68,548,1691,7.08988289861545,7.41050272089761,6.52751651906519,6.34558823529412,7.11638686131387,7.08129379657008,117
"118",2011,6,7.21,25,7.546875,6.61111111111111,NA,7.4,7.1625,16,9,0,5,20,2264,1442,822,68,553,1711,7.09120928003534,7.41201586685159,6.52843178832117,6.34558823529412,7.11895117540687,7.08224302162478,118
"119",2011,7,7.11620344827586,29,7.37936875,6.79230769230769,6.83333333333333,6.61666666666667,7.24651739130435,16,13,3,6,23,2293,1458,835,71,559,1734,7.09152538595726,7.4116575994513,6.53254003592814,6.36619718309859,7.11355992844365,7.08442197808535,119
"120",2011,8,6.94444444444444,27,6.72727272727273,7.09375,6.5,6.75,6.97826086956522,11,16,1,4,23,2320,1469,851,72,563,1757,7.08981366810345,7.40653286589517,6.5430915746181,6.36805555555556,7.11097690941386,7.08303227660786,120
"121",2011,9,6.91666666666667,30,7.5,6.40625,6.25,5.83333333333333,7.03703703703704,14,16,2,3,27,2350,1483,867,74,566,1784,7.08760328085106,7.40741522589346,6.54056623990773,6.36486486486486,7.10420494699647,7.0823361603139,121
"122",2011,10,6.70833333333333,36,7.55882352941176,5.94736842105263,7,7.65,6.34615384615385,17,19,1,10,26,2386,1500,886,75,576,1810,7.08188085079631,7.40913118666667,6.52784529345373,6.37333333333333,7.11368055555556,7.07176116574586,122
"123",2011,11,6.8725,40,7.65263157894737,6.16666666666667,6,7.28571428571429,6.78484848484849,19,21,2,7,33,2426,1519,907,77,583,1843,7.078428569662,7.41217694535879,6.51948283351709,6.36363636363636,7.1157461406518,7.06662382528486,123
"124",2011,12,7.11290322580645,31,7.47058823529412,6.67857142857143,7.5,6.375,7.22222222222222,17,14,2,4,27,2457,1536,921,79,587,1870,7.07886353683354,7.41282342447917,6.52190111834962,6.39240506329114,7.11069846678024,7.06887043315508,124
"125",2012,1,6.82173913043478,46,7.57826086956522,6.06521739130435,3.66666666666667,6.58461538461538,6.91515151515152,23,23,3,13,33,2503,1559,944,82,600,1903,7.07413811825809,7.41526413085311,6.51077429025424,6.29268292682927,7.0993,7.06620478717814,125
"126",2012,2,6.45454545454545,22,6.14545454545455,6.76363636363636,NA,6.2,6.49473684210526,11,11,0,3,19,2525,1570,955,82,603,1922,7.06873968712871,7.40636737579618,6.51368683769634,6.29268292682927,7.09482587064677,7.06055552029136,126
"127",2012,3,6.98709677419355,31,6.88888888888889,7.12307692307692,NA,5.61666666666667,7.316,18,13,0,6,25,2556,1588,968,82,609,1947,7.06774949530516,7.40050175062972,6.52187079545455,6.29268292682927,7.08026272577997,7.06383549563431,127
"128",2012,4,6.58333333333333,36,7.02777777777778,6.13888888888889,8,6.5,6.59677419354839,18,18,1,5,31,2592,1606,986,83,614,1978,7.06102149305555,7.39632427148194,6.51487923935091,6.31325301204819,7.07553745928339,7.05651552578362,128
"129",2012,5,6.44516129032258,31,7.11111111111111,5.52307692307692,2.3,6.125,6.49259259259259,18,13,1,4,27,2623,1624,999,84,618,2005,7.05374293175753,7.39316304187192,6.5019729029029,6.26547619047619,7.06938511326861,7.04892155112219,129
"130",2012,6,6.75,26,7.23076923076923,6.26923076923077,NA,7.5,6.6875,13,13,0,2,24,2649,1637,1012,84,620,2029,7.05076168742922,7.39187341478314,6.49898313241107,6.26547619047619,7.07077419354839,7.04464648102514,130
"131",2012,7,6.84818181818182,22,7.09090909090909,6.60545454545455,NA,6,7.03666666666667,11,11,0,4,18,2671,1648,1023,84,624,2047,7.04909311493822,7.38986455097087,6.50012798631476,6.26547619047619,7.06391025641026,7.04457631167562,131
"132",2012,8,7.19642857142857,28,7.375,7.0625,7,7.6,7.10869565217391,12,16,2,5,23,2699,1660,1039,86,629,2070,7.05062160429789,7.38975709638554,6.50878819056785,6.28255813953488,7.06817170111288,7.04528874879227,132
"133",2012,9,7.41379310344828,29,7.5,7.1875,NA,7.5,7.40740740740741,21,8,0,2,27,2728,1681,1047,86,631,2097,7.0544822983871,7.39113431290898,6.5139741451767,6.28255813953488,7.06954041204438,7.04995122079161,133
"134",2012,10,7.53243243243243,37,7.728,7.125,6,7.41666666666667,7.55483870967742,25,12,1,6,31,2765,1706,1059,87,637,2128,7.06087801446655,7.3960707971864,6.52089795089707,6.27931034482759,7.07281004709576,7.05730625469925,134
"135",2012,11,7.12962962962963,27,7.5,6.38888888888889,6,7.25,7.10869565217391,18,9,1,4,23,2792,1724,1068,88,641,2151,7.0615428760745,7.39715590487239,6.51978551498127,6.27613636363636,7.07391575663027,7.05785574616457,135
"136",2012,12,6.77088888888889,27,7.18181818181818,6.488375,7,7.6,6.58245454545455,11,16,1,5,22,2819,1735,1084,89,646,2173,7.05875903157148,7.39579065129683,6.51932189114391,6.28426966292135,7.07798761609907,7.0530426645191,136
"137",2013,1,7.22073170731707,41,7.88863636363636,6.44736842105263,7,6.9,7.26527777777778,22,19,2,5,36,2860,1757,1103,91,651,2209,7.06108101748252,7.40196174160501,6.51808243880327,6.3,7.07662058371736,7.05650145314622,137
"138",2013,2,6.68620689655172,29,7.09333333333333,6.25,3,6.375,6.736,15,14,2,4,25,2889,1772,1117,93,655,2234,7.05731800276912,7.3993491986456,6.51472240823635,6.22903225806452,7.0723358778626,7.05291482094897,138
"139",2013,3,7.17647058823529,34,7.36363636363636,6.83333333333333,NA,6.875,7.26923076923077,22,12,0,8,26,2923,1794,1129,93,663,2260,7.05870397194663,7.39891124860646,6.51810888396811,6.22903225806452,7.06995475113122,7.05540341150442,139
"140",2013,4,6.603125,32,7.17857142857143,6.15555555555556,4.5,6.92857142857143,6.512,14,18,2,7,25,2955,1808,1147,95,670,2285,7.05377046023689,7.39720507743363,6.51241929380994,6.19263157894737,7.0684776119403,7.04945807877462,140
"141",2013,5,6.77391304347826,23,7.21428571428571,6.08888888888889,NA,6.5,6.815,14,9,0,3,20,2978,1822,1156,95,673,2305,7.05160903626595,7.39579954994511,6.50912191176471,6.19263157894737,7.06594353640416,7.04742373535792,141
"142",2013,6,6.5625,24,7,6.3,NA,NA,6.5625,9,15,0,0,24,3002,1831,1171,95,673,2329,7.04769877081945,7.39385405789186,6.50644315115286,6.19263157894737,7.06594353640416,7.0424266680979,142
"143",2013,7,7.135,30,7.22,7.05,NA,6.91666666666667,7.18958333333333,15,15,0,6,24,3032,1846,1186,95,679,2353,7.04856256926121,7.39244137594799,6.51331781618887,6.19263157894737,7.06462444771723,7.04392762855928,143
"144",2013,8,7.13513513513514,37,7.35416666666667,6.73076923076923,6,7.16666666666667,7.12903225806452,24,13,2,6,31,3069,1870,1199,97,685,2384,7.04960629195177,7.39195014973262,6.51567550458716,6.18865979381443,7.06551824817518,7.04503427432886,144
"145",2013,9,7.15862068965517,29,7.65294117647059,6.45833333333333,NA,6,7.2,17,12,0,1,28,3098,1887,1211,97,686,2412,7.05062676242737,7.39430142024377,6.51510729149463,6.18865979381443,7.06396501457726,7.04683321310116,145
"146",2013,10,7.06666666666667,30,7.08823529411765,7.03846153846154,7,6.83333333333333,7.09259259259259,17,13,2,3,27,3128,1904,1224,99,689,2439,7.05078059782609,7.39156868697479,6.52066579248366,6.2050505050505,7.06296081277214,7.04733977449774,146
"147",2013,11,6.87875,32,7.47625,6.28125,7,7.04,6.86206896551724,16,16,1,3,29,3160,1920,1240,100,692,2468,7.04903851582278,7.39227436458333,6.51757655645161,6.213,7.0628612716763,7.04516276742301,147
"148",2013,12,6.75,38,7.64705882352941,6.02380952380952,7,7.7,6.60606060606061,17,21,2,5,33,3198,1937,1261,102,697,2501,7.04548521263289,7.39451046979866,6.50935363203807,6.22843137254902,7.0674318507891,7.03936893642543,148
"149",2014,1,7.27926829268293,41,7.63863636363636,6.86315789473684,NA,6.3,7.41527777777778,22,19,0,5,36,3239,1959,1280,102,702,2537,7.0484444921272,7.39725205717203,6.5146054140625,6.22843137254902,7.06196581196581,7.0447030784391,149
"150",2014,2,7.28269230769231,52,7.93181818181818,6.80666666666667,7.0625,8.5,7.09333333333333,22,30,8,7,45,3291,1981,1310,110,709,2582,7.05214576420541,7.40318868248359,6.52129383969466,6.28909090909091,7.07616361071932,7.04555062354764,150
"151",2014,3,7.57435897435897,39,7.82173913043478,7.21875,7,6,7.65945945945946,23,16,1,2,37,3330,2004,1326,111,711,2619,7.05826177477477,7.40799240518962,6.52970960030166,6.2954954954955,7.07313642756681,7.05422363879343,151
"152",2014,4,6.21428571428571,21,7.11111111111111,5.54166666666667,2,6.5,6.18421052631579,9,12,1,2,19,3351,2013,1338,112,713,2638,7.05297275738585,7.40666506706408,6.52084822869955,6.25714285714286,7.07152875175316,7.04795743366186,152
"153",2014,5,7.44,25,7.75,6.88888888888889,7,9,7.30434782608696,16,9,2,2,23,3376,2029,1347,114,715,2661,7.05583877665877,7.40937248891079,6.52330729769859,6.27017543859649,7.07692307692308,7.05017350995866,153
"154",2014,6,7.38461538461539,26,7.05882352941176,8,NA,6.66666666666667,7.47826086956522,17,9,0,3,23,3402,2046,1356,114,718,2684,7.05835147266314,7.40645981427175,6.53310835545723,6.27017543859649,7.07520891364903,7.05384191877794,154
"155",2014,7,6.709375,32,6.91666666666667,6.585,5,6,6.73225806451613,12,20,1,1,31,3434,2058,1376,115,719,2715,7.05509950786255,7.40360387755102,6.53386259447675,6.25913043478261,7.07371349095967,7.05017005893186,155
"156",2014,8,6.69642857142857,28,7.85,6.05555555555556,5.5,7.5,6.63461538461539,10,18,2,2,26,3462,2068,1394,117,721,2741,7.05219864529174,7.40576246615087,6.52768646341464,6.24615384615385,7.0748959778086,7.04622827800073,156
"157",2014,9,6.73076923076923,26,7.29166666666667,6.25,6,8.25,6.60416666666667,12,14,1,2,24,3488,2080,1408,118,723,2765,7.04980266915137,7.40510422115384,6.52492537642046,6.24406779661017,7.07814661134163,7.04239121518987,157
"158",2014,10,6.625,24,7.04166666666667,6.20833333333333,4,6,6.75,12,12,2,4,20,3512,2092,1420,120,727,2785,7.04689968963553,7.40301949330784,6.52224995070423,6.20666666666667,7.07221458046768,7.04029145780969,158
"159",2014,11,6.84268292682927,41,7.35576923076923,5.95333333333333,6.7,7.35,6.73823529411765,26,15,1,7,34,3553,2118,1435,121,734,2819,7.04454312130594,7.40243946175637,6.51630308710802,6.21074380165289,7.07486376021798,7.03664835402625,159
"160",2014,12,6.77777777777778,36,7.19444444444444,6.36111111111111,4,7.5,6.60344827586207,18,18,2,7,29,3589,2136,1453,123,741,2848,7.04186729172471,7.40068669475655,6.51438054370269,6.17479674796748,7.07887989203779,7.03223725772472,160
"161",2015,1,6.51862745098039,51,7.59166666666667,5.56481481481481,5.5,5.6,6.61847826086957,24,27,2,5,46,3640,2160,1480,125,746,2894,7.03453618406593,7.40280869444444,6.49705738513514,6.164,7.06896782841823,7.02566057705598,161
"162",2015,2,7.61875,32,7.82380952380952,7.22727272727273,5.5,7.625,7.61666666666667,21,11,2,8,24,3672,2181,1491,127,754,2918,7.03962737200436,7.406862347547,6.50244462105969,6.15354330708661,7.07486737400531,7.03052149074709,162
"163",2015,3,6.88970588235294,34,7.43421052631579,6.2,NA,7.25,6.7962962962963,19,15,0,7,27,3706,2200,1506,127,761,2945,7.03825194549379,7.40709853636363,6.49943222443559,6.15354330708661,7.07647831800263,7.0283740950764,163
"164",2015,4,7.47307692307692,26,7.86363636363636,7.18666666666667,NA,6.4,7.72857142857143,11,15,0,5,21,3732,2211,1521,127,766,2966,7.04128127277599,7.40936986883763,6.50620968441815,6.15354330708661,7.07206266318538,7.03333166217127,164
"165",2015,5,7.16666666666667,33,8.13888888888889,6,5.66666666666667,7.16666666666667,7.16666666666667,18,15,3,6,27,3765,2229,1536,130,772,2993,7.04238026826029,7.41526100493495,6.50126623046875,6.14230769230769,7.07279792746114,7.03453448379552,165
"166",2015,6,6.83333333333333,27,7.41666666666667,6.36666666666667,6,6,6.86538461538461,12,15,1,1,26,3792,2241,1551,131,773,3019,7.04089180116034,7.4152685319054,6.49996449387492,6.1412213740458,7.07141009055628,7.03307774428619,166
"167",2015,7,6.88181818181818,33,7.38888888888889,6.27333333333333,5,6.5,6.93448275862069,18,15,1,4,29,3825,2259,1566,132,777,3048,7.03951940130719,7.4150583355467,6.49779369731801,6.13257575757576,7.06846846846847,7.03213966863517,167
"168",2015,8,6.99615384615385,39,7.01315789473684,6.98,4.5,5.1,7.275,19,20,2,5,34,3864,2278,1586,134,782,3082,7.03908170548654,7.41170622475856,6.50387448297604,6.10820895522388,7.05588235294118,7.03481885463984,168
"169",2015,9,7.64583333333333,24,7.86842105263158,6.8,NA,6.875,7.8,19,5,0,4,20,3888,2297,1591,134,786,3102,7.04282708590535,7.41548401393121,6.50480510999372,6.10820895522388,7.05496183206107,7.0397523243069,169
"170",2015,10,6.9453125,32,7.19117647058824,6.66666666666667,NA,5.5,7.15178571428571,17,15,0,4,28,3920,2314,1606,134,790,3130,7.04203104846939,7.41383611927398,6.50631689290162,6.10820895522388,7.04708860759494,7.0407545399361,170
"171",2015,11,7.24848484848485,33,7.61764705882353,6.85625,5,6.38333333333333,7.44074074074074,17,16,1,6,27,3953,2331,1622,135,796,3157,7.04375454338477,7.41532251394251,6.50976876078915,6.1,7.04208542713568,7.04417539119417,171
"172",2015,12,6.50888888888889,45,7.175,5.976,6.95,6,6.53255813953488,20,25,2,2,43,3998,2351,1647,137,798,3200,7.03773429464732,7.41327808592088,6.50166662416515,6.11240875912409,7.03947368421053,7.037300534375,172
"173",2016,1,6.46666666666667,42,6.75,6.155,NA,8,6.25945945945946,22,20,0,5,37,4040,2373,1667,137,803,3237,7.0317974529703,7.40712885798567,6.4975074565087,6.11240875912409,7.04545454545455,7.02840954896509,173
"174",2016,2,7.56060606060606,33,7.94444444444444,7.1,6,8,7.51666666666667,18,15,1,3,30,4073,2391,1682,138,806,3267,7.03608193223668,7.4111738937683,6.50288045778835,6.11159420289855,7.04900744416874,7.03289308539945,174
"175",2016,3,6.70588235294118,34,6.87894736842105,6.48666666666667,NA,7.02857142857143,6.62222222222222,19,15,0,7,27,4107,2410,1697,138,813,3294,7.03334835889944,7.40697791701245,6.50273714201532,6.11159420289855,7.04883148831488,7.02952693078324,175
"176",2016,4,6.7609756097561,41,7.54615384615385,6.39642857142857,6.26666666666667,5.125,6.93783783783784,13,28,3,4,37,4148,2423,1725,141,817,3331,7.03065614995178,7.40772463062319,6.50101155362319,6.11489361702128,7.03941248470012,7.02850846892825,176
"177",2016,5,7.36129032258065,31,7.40909090909091,7.24444444444444,NA,7.56666666666667,7.33928571428571,22,9,0,3,28,4179,2445,1734,141,820,3359,7.03310880832735,7.40773692433538,6.50487020184545,6.11489361702128,7.04134146341463,7.03109905031259,177
"178",2016,6,6.95833333333333,36,6.85,7.09375,NA,6.5,6.97142857142857,20,16,0,1,35,4215,2465,1750,141,821,3394,7.03247015658363,7.40321167545639,6.51025424571429,6.11489361702128,7.04068209500609,7.03048370948733,178
"179",2016,7,7.25,26,7.41176470588235,6.94444444444444,NA,7,7.28260869565217,17,9,0,3,23,4241,2482,1759,141,824,3417,7.03380375147371,7.40327025785657,6.51247579874929,6.11489361702128,7.04053398058253,7.03218077553409,179
"180",2016,8,7.2325,40,7.5,6.965,3,7.61428571428571,7.15151515151515,20,20,1,7,33,4281,2502,1779,142,831,3450,7.03566029198785,7.40404347721822,6.51756319842608,6.09295774647887,7.0453670276775,7.03332223478261,180
"181",2016,9,6.51428571428571,28,7.025,5.83333333333333,6,7,6.47692307692308,16,12,1,2,26,4309,2518,1791,143,833,3476,7.03227238570434,7.40163494042891,6.51297874371859,6.09230769230769,7.0452581032413,7.02916044591484,181
"182",2016,10,6.875,36,7.43181818181818,6,7,7,6.85,22,14,1,6,30,4345,2540,1805,144,839,3506,7.03096932336018,7.40189637007874,6.50899996121884,6.09861111111111,7.04493444576877,7.02762741300627,182
"183",2016,11,7.52361111111111,36,7.76470588235294,7.30789473684211,8,7.75,7.51029411764706,17,19,1,2,34,4381,2557,1824,145,841,3540,7.03501750970098,7.40430847868596,6.51732178179825,6.11172413793103,7.04661117717004,7.03226319491525,183
"184",2016,12,6.59354838709677,31,7.14285714285714,6.14117647058824,6,6,6.63448275862069,14,17,2,2,29,4412,2571,1841,147,843,3569,7.031915618767,7.40288478413069,6.51384841390549,6.11020408163265,7.044128113879,7.02903101989353,184
"185",2017,1,6.82166666666667,60,7.51,6.13333333333333,6,6.9,6.806,30,30,1,10,50,4472,2601,1871,148,853,3619,7.02909474731664,7.40412025374856,6.50774715660075,6.10945945945946,7.04243845252052,7.02594962973197,185
"186",2017,2,6.78378378378378,37,7.37894736842105,6.15555555555556,NA,8.66666666666667,6.61764705882353,19,18,0,3,34,4509,2620,1889,148,856,3653,7.02708177201153,7.40393770229007,6.50439117522499,6.10945945945946,7.0481308411215,7.02214938680536,186
"187",2017,3,7.60736842105263,38,7.75384615384615,7.29,NA,8,7.54787878787879,26,12,0,5,33,4547,2646,1901,148,861,3686,7.03193131955135,7.40737595616024,6.50935030510258,6.10945945945946,7.05365853658537,7.02685613402062,187
"188",2017,4,7.125,32,7.34615384615385,6.97368421052632,7,7.5,7.07142857142857,13,19,1,4,28,4579,2659,1920,149,865,3714,7.03258172308364,7.40707663783377,6.51394527604167,6.11543624161074,7.0557225433526,7.02719216747442,188
"189",2017,5,7.34583333333333,24,8.00769230769231,6.56363636363636,NA,7.55,7.32727272727273,13,11,0,2,22,4603,2672,1931,149,867,3736,7.03421501412122,7.40999879491018,6.51422834282755,6.11543624161074,7.05686274509804,7.02895923715203,189
"190",2017,6,7.12105263157895,38,7.17692307692308,7,5,7.33333333333333,7.10285714285714,26,12,1,3,35,4641,2698,1943,150,870,3771,7.03492603102779,7.40775269829503,6.51722847658261,6.108,7.05781609195402,7.02964511005038,190
"191",2017,7,6.44354838709677,31,6.92647058823529,5.85714285714286,5,6.25,6.47222222222222,17,14,2,4,27,4672,2715,1957,152,874,3798,7.03100207833904,7.40473914548803,6.51250635155851,6.09342105263158,7.05411899313501,7.025682388099,191
"192",2017,8,6.66829268292683,41,7.18421052631579,6.22272727272727,7,7.5,6.55277777777778,19,22,1,5,36,4713,2734,1979,153,879,3834,7.02784674517292,7.40320657644477,6.50928495704902,6.09934640522876,7.05665529010239,7.02124196922274,192
"193",2017,9,7.44642857142857,28,7.5,7.375,NA,7.66666666666667,7.42,16,12,0,3,25,4741,2750,1991,153,882,3859,7.03031885889053,7.40376973818182,6.51450272727273,6.09934640522876,7.05873015873016,7.0238252682042,193
"194",2017,10,6.7375,40,7.29411764705882,6.32608695652174,6.66666666666667,7,6.68181818181818,17,23,3,7,33,4781,2767,2014,156,889,3892,7.02786900439239,7.40309605348753,6.51235100794439,6.11025641025641,7.05826771653543,7.02092541366906,194
"195",2017,11,7.02105263157895,38,7.27894736842105,6.76315789473684,6.5,6.83333333333333,7.05625,19,19,1,6,32,4819,2786,2033,157,895,3924,7.02781525420212,7.40224938262742,6.51469499754058,6.11273885350318,7.05675977653631,7.02121348369011,195
"196",2017,12,7,37,7.225,6.73529411764706,7.25,6.8125,7.05172413793103,20,17,2,8,29,4856,2806,2050,159,903,3953,7.0276033175453,7.40098602280827,6.51652435609756,6.12704402515723,7.0545957918051,7.02143731596256,196
"197",2018,1,7.11085714285714,70,7.57837837837838,6.58666666666667,6,7.34,7.07266666666667,37,33,1,10,60,4926,2843,2083,160,913,4013,7.02878638043037,7.40329468167429,6.5176355880941,6.12625,7.05772179627601,7.02220326688263,197
"198",2018,2,7.16666666666667,36,7.80952380952381,6.26666666666667,6,7,7.2,21,15,3,6,30,4962,2864,2098,163,919,4043,7.02978672108021,7.4062733170391,6.51584124404195,6.1239263803681,7.05734494015234,7.02352255998021,198
"199",2018,3,6.47809523809524,21,6.525,6.41555555555556,5.5,6.5,6.47578947368421,12,9,1,2,19,4983,2876,2107,164,921,4062,7.02746171182019,7.40259623783032,6.5154128761272,6.12012195121951,7.05613463626493,7.02096053914328,199
"200",2018,4,7.11862068965517,29,7.73176470588235,6.25,8,10,7.01571428571429,17,12,1,1,28,5012,2893,2119,165,922,4090,7.02798916799681,7.40453051503629,6.51390983010854,6.13151515151515,7.05932754880694,7.02092462347188,200
"201",2018,5,6.40789473684211,38,7.25,5.65,4.66666666666667,7.1,6.3030303030303,18,20,3,5,33,5050,2911,2139,168,927,4123,7.02332311089109,7.40357498454139,6.50583213183731,6.10535714285714,7.05954692556634,7.01517868299782,201
"202",2018,6,7.27586206896552,29,7.5,6.85,NA,8,7.19230769230769,19,10,0,3,26,5079,2930,2149,168,930,4149,7.02476505414452,7.4042002662116,6.50743365751512,6.10535714285714,7.06258064516129,7.01628867437937,202
"203",2018,7,6.6375,32,7.26153846153846,6.21052631578947,NA,5.125,6.85357142857143,13,19,0,4,28,5111,2943,2168,168,934,4177,7.02234038544316,7.40357009174312,6.5048316097786,6.10535714285714,7.05428265524625,7.01519791955949,203
"204",2018,8,6.98,35,7.83157894736842,5.96875,5,7,6.978125,19,16,2,3,32,5146,2962,2184,170,937,4209,7.02205241158181,7.40631559081701,6.50090427197802,6.09235294117647,7.05410885805763,7.01491606319791,204
"205",2018,9,7.31481481481481,27,7.75,6.44444444444444,NA,6.83333333333333,7.375,18,9,0,3,24,5173,2980,2193,170,940,4233,7.02358045814808,7.40839153691275,6.5006725626995,6.09235294117647,7.05340425531915,7.01695764469643,205
"206",2018,10,7.15384615384615,26,7.35294117647059,6.77777777777778,6.5,7,7.16666666666667,17,9,1,2,24,5199,2997,2202,171,942,4257,7.02423191190614,7.40807700367033,6.50180514532244,6.09473684210526,7.05329087048832,7.01780167019027,206
"207",2018,11,6.7745,20,6.90818181818182,6.61111111111111,5,6.5,6.843125,11,9,1,4,16,5219,3008,2211,172,946,4273,7.02327490132209,7.40624892952127,6.50225008141113,6.08837209302325,7.05095137420719,7.01714760355722,207
"208",2018,12,7.175,32,7.42727272727273,6.62,NA,7.125,7.18214285714286,22,10,0,4,28,5251,3030,2221,172,950,4301,7.02419952580461,7.40640157755775,6.5027802476362,6.08837209302325,7.05126315789474,7.01822174145548,208
"209",2019,1,7.75121951219512,41,7.91818181818182,7.0625,NA,8.5,7.67027027027027,33,8,0,4,37,5292,3063,2229,172,954,4338,7.02983214474679,7.41191537055175,6.50478911170929,6.08837209302325,7.05733752620545,7.02378324343015,209
"210",2019,2,7.2875,28,7.3,7.27083333333333,8,7,7.29814814814815,16,12,1,1,27,5320,3079,2241,173,955,4365,7.03118829135339,7.41133380318285,6.50889108879964,6.09942196531792,7.057277486911,7.02548034593356,210
"211",2019,3,7,31,7.10526315789474,6.83333333333333,6,8.375,6.7962962962963,19,12,1,4,27,5351,3098,2253,174,959,4392,7.03100760792375,7.40945667527437,6.5106191433644,6.09885057471264,7.06277372262774,7.02407142759563,211
"212",2019,4,7.31891891891892,37,7.74090909090909,6.7,NA,6.66666666666667,7.37647058823529,22,15,0,3,34,5388,3120,2268,174,962,4426,7.03298472717149,7.41179383974359,6.5118716622575,6.09885057471264,7.06153846153846,7.0267785155897,212
"213",2019,5,6.62068965517241,29,7.32352941176471,5.625,6,NA,6.62068965517241,17,12,1,0,29,5417,3137,2280,175,962,4455,7.03077749861547,7.41131551801084,6.50720391666667,6.09828571428571,7.06153846153846,7.02413506397306,213
"214",2019,6,6.60322580645161,31,6.33333333333333,6.71363636363636,5.25,6.57142857142857,6.6125,9,22,2,7,24,5448,3146,2302,177,969,4479,7.02834466042585,7.40823165289256,6.50917677237185,6.08870056497175,7.05799793601651,7.02192938379102,214
"215",2019,7,6.8,30,7.26666666666667,6.33333333333333,NA,4.33333333333333,7.07407407407407,15,15,0,3,27,5478,3161,2317,177,972,4506,7.02709414202264,7.40755987978488,6.50803838152784,6.08870056497175,7.04958847736626,7.02224183533067,215
"216",2019,8,7.19375,32,7.77692307692308,6.79473684210526,6.5,7.1,7.19677419354839,13,19,2,1,31,5510,3174,2336,179,973,4537,7.02806201633394,7.40907270951481,6.51037026113014,6.09329608938547,7.04964028776979,7.02343436411726,216
"217",2019,9,7.27272727272727,33,7.8,6.83333333333333,NA,7.66666666666667,7.23333333333333,15,18,0,3,30,5543,3189,2354,179,976,4567,7.02951861988093,7.41091150203825,6.5128398173322,6.09329608938547,7.0515368852459,7.02481316181301,217
"218",2019,10,6.98918918918919,37,7.03,6.94117647058824,10,6,7.14375,20,17,1,5,32,5580,3209,2371,180,981,4599,7.02925120250896,7.40853748208164,6.51591097849009,6.115,7.04617737003058,7.02564072841922,218
"219",2019,11,6.635,40,7.17058823529412,6.23913043478261,2.66666666666667,6.64285714285714,6.63333333333333,17,23,3,7,33,5620,3226,2394,183,988,4632,7.02644514412812,7.40728356478611,6.51325185045948,6.05846994535519,7.04331983805668,7.02284579231433,219
"220",2019,12,6.83589743589744,39,7.31578947368421,6.38,5,7.2,6.78235294117647,19,20,1,5,34,5659,3245,2414,184,993,4666,7.02513195087471,7.40674785208012,6.51214785832643,6.05271739130434,7.04410876132931,7.02109337976854,220
"221",2020,1,6.75,50,7.09615384615385,6.375,6.33333333333333,3.75,7.01086956521739,26,24,3,4,46,5709,3271,2438,187,997,4712,7.02272231739359,7.40427905227759,6.51079775635767,6.0572192513369,7.0308926780341,7.02099357173175,221
"222",2020,2,7.10975609756098,41,8.1,6.16666666666667,5.66666666666667,8.1,6.97222222222222,20,21,3,5,36,5750,3291,2459,190,1002,4748,7.02334290608696,7.40850707383774,6.50785885725905,6.05105263157894,7.03622754491018,7.02062378053917,222
"223",2020,3,6.74444444444444,45,7.49444444444444,6.24444444444444,6,6.25,6.79268292682927,18,27,1,4,41,5795,3309,2486,191,1006,4789,7.02117717169974,7.40897454820187,6.50499796057925,6.05078534031413,7.0331013916501,7.01867231363541,223
"224",2020,4,6.47540540540541,37,6.799375,6.22857142857143,7,6.4,6.4871875,16,21,3,5,32,5832,3325,2507,194,1011,4821,7.01771462791495,7.4060411368421,6.5026824611089,6.06546391752577,7.0299703264095,7.01514451566065,224
"225",2020,5,6.55869565217391,46,7.288,5.69047619047619,5.4,5.5,6.74871794871795,25,21,5,7,39,5878,3350,2528,199,1018,4860,7.01412244130657,7.40516023283582,6.49593549446203,6.04874371859296,7.01944990176817,7.01300652469136,225
"226",2020,6,7.60769230769231,39,8.04444444444444,6.625,6.75,6.9,7.71176470588235,27,12,2,5,34,5917,3377,2540,201,1023,4894,7.01803476592868,7.41027147764288,6.4965452480315,6.05572139303482,7.0188660801564,7.01786099509603,226
"227",2020,7,7.21003580645161,31,7.55947705882353,6.78571428571429,6.8,6.4,7.26590034482759,17,14,1,2,29,5948,3394,2554,202,1025,4923,7.01903544384667,7.41101882439599,6.49813035630384,6.05940594059406,7.01765853658537,7.01932212472069,227
"228",2020,8,7.2037037037037,27,7.95833333333333,6.6,6,6.5,7.45,12,15,3,7,20,5975,3406,2569,205,1032,4943,7.01986992803347,7.41294711978861,6.49872515764889,6.05853658536585,7.01414728682171,7.02106470159822,228
"229",2020,9,6.73939393939394,33,7.46875,6.05294117647059,5.475,6.875,6.72068965517241,16,17,4,4,29,6008,3422,2586,209,1036,4972,7.01832936418109,7.41320803331385,6.49579463650426,6.04736842105263,7.01361003861004,7.01931271520515,229
"230",2020,10,7.08333333333333,36,7.83333333333333,6.54761904761905,5,7.83333333333333,7.01515151515152,15,21,1,3,33,6044,3437,2607,210,1039,5005,7.01871654864328,7.41504157404713,6.49621209436134,6.04238095238095,7.01597690086622,7.01928527872128,230
"231",2020,11,7.1466,50,7.23636363636364,6.97235294117647,6.43,6.52,7.21622222222222,33,17,1,5,45,6094,3470,2624,211,1044,5050,7.01976580571053,7.4133423314121,6.49929684832317,6.04421800947867,7.01360153256705,7.02104016237624,231
"232",2020,12,6.91481481481481,54,7.28965517241379,6.48,5.25,7,6.90980392156863,29,25,4,3,51,6148,3499,2649,215,1047,5101,7.01884398503578,7.41231720205773,6.49911473386184,6.02944186046511,7.01356255969437,7.01992801803568,232
"233",2021,1,7.52173913043478,69,7.7,7.1875,6.33333333333333,7.42857142857143,7.53225806451613,45,24,3,7,62,6217,3544,2673,218,1054,5163,7.02442541740389,7.41597005925508,6.50529552188552,6.03362385321101,7.01631878557875,7.0260803447608,233
"234",2021,2,7.05357142857143,42,7.7875,6.38636363636364,6.66666666666667,8,6.98076923076923,20,22,3,3,39,6259,3564,2695,221,1057,5202,7.02462099696437,7.41805496352413,6.50432464935065,6.04221719457013,7.01911069063387,7.02574064206074,234
"235",2021,3,7.17705714285714,35,8.1685625,6.34210526315789,3,7.5594,7.11333333333333,16,19,1,5,30,6294,3580,2714,222,1062,5232,7.02546867175087,7.42140918715084,6.50318899410464,6.02851351351351,7.02165442561205,7.02624289373088,235
"236",2021,4,6.87931034482759,29,7.63636363636364,6.41666666666667,8.5,9,6.72222222222222,11,18,2,2,27,6323,3591,2732,224,1064,5259,7.02479832674363,7.4220676385408,6.50261893484627,6.05058035714285,7.02537312030075,7.02468203460734,236
"237",2021,5,6.87560975609756,41,7.87647058823529,6.16666666666667,5.5,8.7,6.62222222222222,17,24,2,5,36,6364,3608,2756,226,1069,5295,7.02383718101823,7.42420867239468,6.49969337082729,6.04570796460177,7.03320579981291,7.02194576392823,237
"238",2021,6,8.06518518518519,27,8.084,8.04166666666667,NA,8.33333333333333,8.03166666666667,15,12,0,3,24,6391,3623,2768,226,1072,5319,7.02823655452981,7.42694035053823,6.50637822615607,6.04570796460177,7.03684421641791,7.02650175220906,238
"239",2021,7,7.390625,32,8.21875,6.5625,7,6.58333333333333,7.57692307692308,16,16,1,6,26,6423,3639,2784,227,1078,5345,7.03004200840729,7.43042178895301,6.50670076508621,6.04991189427313,7.03432003710575,7.02917919925164,239
"240",2021,8,7.16666666666667,30,7.05555555555556,7.21428571428571,7.75,9.9,7.07241379310345,9,21,2,1,29,6453,3648,2805,229,1079,5374,7.03067717650705,7.42949695449561,6.51199819251337,6.06475982532751,7.03697590361446,7.02941250837365,240
"241",2021,9,6.72307692307692,39,7.45,5.95789473684211,6.5,5.75,6.83428571428571,20,19,2,4,35,6492,3668,2824,231,1083,5409,7.02882930067776,7.42960874863686,6.50827015934844,6.06852813852814,7.03222253000924,7.02814990201516,241
"242",2021,10,7.1551724137931,29,8,6.46875,NA,9,7.01851851851852,13,16,0,2,27,6521,3681,2840,231,1085,5436,7.02939117006594,7.43162317033415,6.50804751056338,6.06852813852814,7.03584976958525,7.02810206401766,242
"243",2021,11,7.06447368421053,38,7.24347826086957,6.79,NA,6.75,7.10147058823529,23,15,0,4,34,6559,3704,2855,231,1089,5470,7.02959442293032,7.43045488390929,6.50952887215412,6.06852813852814,7.03479981634527,7.0285581023766,243
"244",2021,12,7.00957446808511,47,7.90909090909091,6.218,7.75,6.54,7.06547619047619,22,25,4,5,42,6606,3726,2880,235,1094,5512,7.02945198607327,7.43328096886742,6.50699823958333,6.09714893617021,7.03253839122486,7.02883940856313,244
"245",2022,1,6.93074074074074,54,7.18620689655172,6.6344,NA,6.92,6.93260869565217,29,25,0,8,46,6660,3755,2905,235,1102,5558,7.02865162462462,7.4313728069241,6.50809464027539,6.09714893617021,7.03172141560799,7.02804296869377,245
"246",2022,2,6.7568,50,6.73217391304348,6.77777777777778,6.5,7.05666666666667,6.71590909090909,23,27,2,6,44,6710,3778,2932,237,1108,5602,7.02662590461997,7.42711616993118,6.51057807980901,6.10054852320675,7.03185649819495,7.02559136379864,246
"247",2022,3,7.246875,48,7.46,7.01521739130435,8,7.35714285714286,7.22804878048781,25,23,1,7,41,6758,3803,2955,238,1115,5643,7.02819026635099,7.42733234025769,6.51450589847716,6.1085294117647,7.03389865470852,7.02706234626971,247
"248",2022,4,7.65,34,7.82272727272727,7.33333333333333,6.4,9,7.60909090909091,22,12,5,1,33,6792,3825,2967,243,1116,5676,7.0313029770318,7.42960650718954,6.51781763734412,6.11452674897119,7.03566039426523,7.03044623326286,248
"249",2022,5,6.92954545454545,44,7.56666666666667,6.48846153846154,7.5,8.15,6.73684210526316,18,26,2,6,38,6836,3843,2993,245,1122,5714,7.03064801345816,7.43024847514962,6.5175626227865,6.12583673469388,7.04161942959002,7.02849366818341,249
"250",2022,6,7.05,39,7.5625,6.23,6,7.85,6.95857142857143,24,15,2,4,35,6875,3867,3008,247,1126,5749,7.030757792,7.43106927592449,6.51612863364362,6.12481781376518,7.04449111900533,7.02806798051835,250
"251",2022,7,7.14545454545455,33,7.88666666666667,6.52777777777778,4.5,7,7.16,15,18,2,3,30,6908,3882,3026,249,1129,5779,7.03130570642733,7.43282969860896,6.5161979279577,6.11176706827309,7.04437289636847,7.02875286727807,251
"252",2022,8,7.13083333333333,48,7.46727272727273,6.84615384615385,NA,6.91666666666667,7.16142857142857,22,26,0,6,42,6956,3904,3052,249,1135,5821,7.03199249856239,7.43302379354508,6.51900882372215,6.11176706827309,7.04369779735683,7.02971015633053,252
"253",2022,9,6.99,40,7.21739130434783,6.68235294117647,NA,7.25,6.94411764705882,23,17,0,6,34,6996,3927,3069,249,1141,5855,7.03175240423099,7.43176085816144,6.51991362984686,6.11176706827309,7.04478264680105,7.0292131204099,253
"254",2022,10,7.33333333333333,30,7.86842105263158,6.40909090909091,NA,7.83333333333333,7.27777777777778,19,11,0,3,27,7026,3946,3080,249,1144,5882,7.03304011101622,7.43386337810441,6.51951783441559,6.11176706827309,7.04685052447553,7.03035410064604,254
"255",2022,11,7.03953488372093,43,7.425,6.70434782608696,5,7,7.04473684210526,20,23,3,5,38,7069,3966,3103,252,1149,5920,7.03307961805064,7.43381868129097,6.52088782790848,6.09853174603174,7.04664664926023,7.03044642229729,255
"256",2022,12,7.12222222222222,45,7.67307692307692,6.36842105263158,NA,7.16666666666667,7.11538461538461,26,19,0,6,39,7114,3992,3122,252,1155,5959,7.03364349451785,7.4353769764529,6.51995993914158,6.09853174603174,7.04727012987013,7.03100231918107,256
