"","year","month","avg_rating","no_ratings","avg_rating_owned","avg_rating_not_owned","avg_rating_prev_owned","avg_rating_comment","avg_rating_no_comment","no_ratings_owned","no_ratings_not_owned","no_ratings_prev_owned","no_ratings_comment","no_ratings_no_comment","cum_no_ratings","cum_no_ratings_owned","cum_no_ratings_not_owned","cum_no_ratings_prev_owned","cum_no_ratings_comment","cum_no_ratings_no_comment","cum_avg_rating","cum_avg_rating_owned","cum_avg_rating_not_owned","cum_avg_rating_prev_owned","cum_avg_rating_comment","cum_avg_rating_no_comment","month_after_release"
"1",2005,12,7.78571428571429,7,8.1,7,NA,8,7.75,5,2,0,1,6,7,5,2,0,1,6,7.78571428571429,8.1,7,NA,8,7.75,0
"2",2006,1,8.125,4,8.5,8,8,8.16666666666667,8,1,3,1,3,1,11,6,5,1,4,7,7.90909090909091,8.16666666666667,7.6,8,8.125,7.78571428571429,1
"3",2006,2,8.125,24,8.52777777777778,6.91666666666667,8,7.75,8.39285714285714,18,6,1,10,14,35,24,11,2,14,21,8.05714285714286,8.4375,7.22727272727273,8,7.85714285714286,8.19047619047619,2
"4",2006,3,7.48679245283019,53,7.92333333333333,6.91739130434783,8.05,7.3304347826087,7.60666666666667,30,23,4,23,30,88,54,34,6,37,51,7.71363636363636,8.15185185185185,7.01764705882353,8.03333333333333,7.52972972972973,7.84705882352941,3
"5",2006,4,6.90789473684211,38,7.77777777777778,6.125,6.8,6.44736842105263,7.36842105263158,18,20,5,19,19,126,72,54,11,56,70,7.47063492063492,8.05833333333333,6.68703703703704,7.47272727272727,7.1625,7.71714285714286,4
"6",2006,5,7.61428571428571,42,8.13333333333333,6.31666666666667,7.5,7.275,7.92272727272727,30,12,2,20,22,168,102,66,13,76,92,7.50654761904762,8.08039215686274,6.61969696969697,7.47692307692308,7.1921052631579,7.76630434782609,5
"7",2006,6,7.446875,32,7.90909090909091,6.43,8,6.84615384615385,7.85789473684211,22,10,1,13,19,200,124,76,14,89,111,7.497,8.05,6.59473684210526,7.51428571428571,7.14157303370787,7.78198198198198,6
"8",2006,7,7.08571428571429,35,7.63157894736842,6.4375,6.66666666666667,6.75,7.26086956521739,19,16,3,12,23,235,143,92,17,101,134,7.43574468085106,7.99440559440559,6.56739130434783,7.36470588235294,7.0950495049505,7.69253731343284,7
"9",2006,8,7.48484848484848,33,7.8,7,8,6.9,7.73913043478261,20,13,4,10,23,268,163,105,21,111,157,7.44179104477612,7.97055214723926,6.62095238095238,7.48571428571428,7.07747747747748,7.69936305732484,8
"10",2006,9,6.78108108108108,37,7.49333333333333,6.29545454545455,8,6.87619047619048,6.65625,15,22,1,21,16,305,178,127,22,132,173,7.36163934426229,7.93033707865168,6.56456692913386,7.50909090909091,7.04545454545455,7.6028901734104,9
"11",2006,10,7.49342105263158,38,7.85869565217391,6.93333333333333,7.5,7.57352941176471,7.42857142857143,23,15,2,17,21,343,201,142,24,149,194,7.37623906705539,7.92213930348259,6.60352112676056,7.50833333333333,7.10570469798658,7.5840206185567,10
"12",2006,11,7.6275,40,7.98148148148148,6.89230769230769,7.3,7.2,7.83333333333333,27,13,5,13,27,383,228,155,29,162,221,7.40248041775457,7.92916666666667,6.62774193548387,7.47241379310345,7.11327160493827,7.61447963800905,11
"13",2006,12,7.5775,40,8.024,6.83333333333333,8,7.0625,7.92083333333333,25,15,2,16,24,423,253,170,31,178,245,7.41903073286052,7.93853754940711,6.64588235294118,7.50645161290323,7.10870786516854,7.64448979591837,12
"14",2007,1,7.10227272727273,44,7.43103448275862,6.46666666666667,7.5,7,7.19565217391304,29,15,3,21,23,467,282,185,34,199,268,7.38918629550321,7.8863475177305,6.63135135135135,7.50588235294118,7.09723618090452,7.60597014925373,13
"15",2007,2,7.47054789473684,38,8.09130434782609,6.51872133333333,6.75,7.58,7.34893444444444,23,15,2,20,18,505,305,200,36,219,286,7.39530855445544,7.90180327868852,6.6229041,7.46388888888889,7.14132420091324,7.58979307692308,14
"16",2007,3,7.47297297297297,37,8.03333333333333,6.94210526315789,7.01428571428571,7.46153846153846,7.47916666666667,18,19,7,13,24,542,323,219,43,232,310,7.40061036900369,7.90913312693498,6.65059735159817,7.3906976744186,7.15926724137931,7.5812284516129,15
"17",2007,4,7.38918918918919,37,7.97894736842105,6.76666666666667,7,7.16153846153846,7.5125,19,18,1,13,24,579,342,237,44,245,334,7.39988051813471,7.91301169590643,6.65941274261603,7.38181818181818,7.15938775510204,7.57628988023952,16
"18",2007,5,7.13555555555556,45,7.35217391304348,6.90909090909091,7.4,6.96875,7.22758620689655,23,22,5,16,29,624,365,259,49,261,363,7.38081862179487,7.87767123287671,6.68062092664093,7.38367346938776,7.14770114942529,7.54843201101928,17
"19",2007,6,7.59756097560976,41,8.18,6.6875,6.3,7.58333333333333,7.60344827586207,25,16,4,12,29,665,390,275,53,273,392,7.39418168421053,7.89705128205128,6.68102116363636,7.30188679245283,7.16684981684982,7.55250209183674,18
"20",2007,7,7.21875,32,7.86842105263158,6.26923076923077,7.33333333333333,6.53333333333333,7.82352941176471,19,13,3,15,17,697,409,288,56,288,409,7.38612743185079,7.89572127139364,6.66243340277778,7.30357142857143,7.13385416666667,7.56376728606357,19
"21",2007,8,7.32272727272727,44,7.6047619047619,7.06521739130435,7.625,7.38571428571429,7.26521739130435,21,23,4,21,23,741,430,311,60,309,432,7.38236278002699,7.88151162790698,6.69222128617363,7.325,7.15097087378641,7.54787226851852,20
"22",2007,9,7.42452830188679,53,7.640625,7.09523809523809,7.5,6.75,7.58139534883721,32,21,3,10,43,794,462,332,63,319,475,7.38517735516373,7.86482683982684,6.71771331325301,7.33333333333333,7.13840125391849,7.55090698947368,21
"23",2007,10,7.30982142857143,56,7.67916666666667,6.645,7,7.12631578947368,7.40405405405405,36,20,5,19,37,850,498,352,68,338,512,7.38021272941176,7.85140562248996,6.713581875,7.30882352941176,7.13772189349112,7.5402945703125,22
"24",2007,11,7.52183098591549,71,7.75119047619048,7.18965517241379,7.7,7.6469696969697,7.41315789473684,42,29,10,33,38,921,540,381,78,371,550,7.39113009771987,7.84361111111111,6.74981842519685,7.35897435897436,7.18301886792453,7.53151058181818,23
"25",2007,12,7.19927536231884,69,7.62325581395349,6.49807692307692,6.375,6.78235294117647,7.33557692307692,43,26,4,17,52,990,583,407,82,388,602,7.3777584040404,7.82735849056604,6.73373665847666,7.3109756097561,7.16546391752577,7.51458607973422,24
"26",2008,1,7.37784810126582,79,7.81274509803922,6.58571428571429,7,6.79666666666667,7.73367346938775,51,28,4,30,49,1069,634,435,86,418,651,7.37776503274088,7.82618296529968,6.7242087816092,7.29651162790698,7.13899521531101,7.53107652841782,25
"27",2008,2,7.17551020408163,49,7.67857142857143,6.5047619047619,8,7.2,7.1625,28,21,4,17,32,1118,662,456,90,435,683,7.36890055456172,7.81993957703927,6.7141026754386,7.32777777777778,7.14137931034483,7.51380793557833,26
"28",2008,3,7.3,67,7.62727272727273,6.67391304347826,7.1,7.37692307692308,7.25121951219512,44,23,10,26,41,1185,706,479,100,461,724,7.3650049113924,7.80793201133144,6.71217290187891,7.305,7.15466377440347,7.49893759668508,27
"29",2008,4,7.49137931034483,58,7.75,7.06818181818182,7.5,7.40476190476191,7.54054054054054,36,22,4,21,37,1243,742,501,104,482,761,7.37090170555109,7.80512129380054,6.72780602794411,7.3125,7.1655601659751,7.50096034165572,28
"30",2008,5,7.44454545454545,55,7.87931034482759,6.95961538461538,7.53125,7.17105263157895,7.58888888888889,29,26,8,19,36,1298,771,527,112,501,797,7.37402220338983,7.80791180285344,6.7392425426945,7.328125,7.16576846307385,7.50493202007528,29
"31",2008,6,7.47926829268293,41,8.05,6.67352941176471,8,7.27272727272727,7.555,24,17,1,11,30,1339,795,544,113,512,827,7.37724482449589,7.81522012578616,6.73718900735294,7.33407079646018,7.16806640625,7.50674827085852,30
"32",2008,7,7.25206896551724,58,7.72967741935484,6.7037037037037,6.15,7.25304347826087,7.25142857142857,31,27,10,23,35,1397,826,571,123,535,862,7.37204783106657,7.81200968523002,6.73560563922942,7.23780487804878,7.17171962616823,7.49638146171694,31
"33",2008,8,7.28636363636364,55,7.88970588235294,6.30952380952381,5.875,7.25,7.30714285714286,34,21,8,20,35,1452,860,592,131,555,897,7.36880221763086,7.81508139534884,6.72049125,7.15458015267176,7.17454054054054,7.4889975696767,32
"34",2008,9,6.87903225806452,62,7.61785714285714,6.27058823529412,5.80833333333333,6.83181818181818,6.905,28,34,12,22,40,1514,888,626,143,577,937,7.34874558784676,7.80886261261261,6.69605562300319,7.04160839160839,7.16147313691508,7.46406704375667,33
"35",2008,10,7.48541666666667,48,7.96,6.69444444444444,7.125,7.4125,7.5375,30,18,4,20,28,1562,918,644,147,597,965,7.35294546734955,7.81380174291939,6.69601059006211,7.04387755102041,7.16988274706868,7.46619774093264,34
"36",2008,11,7.15263157894737,57,7.90909090909091,6.67714285714286,6,7.125,7.17272727272727,22,35,10,24,33,1619,940,679,157,621,998,7.34589303273626,7.81603191489362,6.69503802650957,6.97738853503185,7.16814814814815,7.45649380761523,35
"37",2008,12,7.11044776119403,67,7.56764705882353,6.63939393939394,6.5,7.055,7.13404255319149,34,33,9,20,47,1686,974,712,166,641,1045,7.33653666666667,7.8073613963039,6.69245901685393,6.95150602409639,7.16461778471139,7.441991215311,36
"38",2009,1,7.22133609195402,87,7.58085106382979,6.798906,7.022265,7.35710181818182,7.17538461538462,47,40,16,22,65,1773,1021,752,182,663,1110,7.3308838465877,7.79693437806073,6.69812109042553,6.95772659340659,7.17100488687783,7.42637911711712,37
"39",2009,2,6.98703703703704,108,7.5469387755102,6.52203389830508,6.6875,7.00357142857143,6.98125,49,59,16,28,80,1881,1070,811,198,691,1190,7.31114144603934,7.78548598130841,6.68531080147965,6.9358901010101,7.16422031837916,7.39645447058824,38
"40",2009,3,7.28546511627907,86,8.10882352941177,6.74711538461538,6.79545454545455,7.22222222222222,7.30220588235294,34,52,22,18,68,1967,1104,863,220,709,1258,7.31001884087443,7.79544384057971,6.68903483198146,6.92184654545455,7.16569286318759,7.39135995230525,39
"41",2009,4,7.34,75,7.57954545454545,7,7.13636363636364,7.11904761904762,7.42592592592593,44,31,11,21,54,2042,1148,894,231,730,1312,7.31112000979432,7.78716898954704,6.69981774049217,6.93206164502165,7.16435101369863,7.39278263719512,40
"42",2009,5,7.16282051282051,78,7.71935483870968,6.79574468085106,7.2,7.065,7.19655172413793,31,47,9,20,58,2120,1179,941,240,750,1370,7.30566370754717,7.78538592027142,6.70460899043571,6.94210933333333,7.16170165333334,7.38447505109489,41
"43",2009,6,7.08028169014085,71,7.76451612903226,6.55,7,7,7.1,31,40,4,14,57,2191,1210,981,244,764,1427,7.29836013692378,7.78485123966942,6.69830485219164,6.94305836065574,7.15873853403142,7.37311199719692,42
"44",2009,7,7.24782608695652,69,7.74545454545455,6.79166666666667,7.02,7.15,7.27735849056604,33,36,10,16,53,2260,1243,1017,254,780,1480,7.29681728318584,7.78380530973451,6.70160969518191,6.94608755905512,7.15855928205128,7.36968298648649,43
"45",2009,8,7.06272727272727,55,7.99705882352941,6.64473684210526,6.63636363636364,7.42857142857143,7.009375,17,38,11,7,48,2315,1260,1055,265,787,1528,7.29125574946004,7.78668253968254,6.6995611943128,6.93323109433962,7.16096091486658,7.35836441099477,44
"46",2009,9,7.18658536585366,82,7.44871794871795,6.94883720930233,7.11538461538461,7.425,7.10967741935484,39,43,13,20,62,2397,1299,1098,278,807,1590,7.28767503546099,7.77653579676674,6.70932336976321,6.9417490647482,7.16750463444858,7.34866718238994,45
"47",2009,10,7.23284090909091,88,7.64318181818182,6.8225,7.0625,7.12857142857143,7.2815,44,44,16,28,60,2485,1343,1142,294,835,1650,7.28573322334004,7.77216679076694,6.71368394045534,6.94832054421769,7.16619908982036,7.34622473939394,46
"48",2009,11,7.17055555555556,90,7.62083333333333,6.87037037037037,6.92307692307692,7.19285714285714,7.16376811594203,36,54,13,21,69,2575,1379,1196,307,856,1719,7.28170759611651,7.76821609862219,6.72075841137124,6.9472515960912,7.16685308411215,7.33890100058173,47
"49",2009,12,6.97912087912088,91,7.44423076923077,6.35897435897436,7.23333333333333,7,6.97432432432432,52,39,15,17,74,2666,1431,1235,322,873,1793,7.27137924231058,7.75644304682041,6.70933365182186,6.96057838509317,7.16360394043528,7.32385433351924,48
"50",2010,1,7.13636363636364,99,7.47830188679245,6.74239130434783,7.08611111111111,6.64074074074074,7.32222222222222,53,46,18,27,72,2765,1484,1281,340,900,1865,7.26654504882459,7.74650943396226,6.71052073380172,6.96722423529412,7.14791804444445,7.32379132439678,49
"51",2010,2,7.28106060606061,66,8.03484848484849,6.52727272727273,6.93333333333333,7.37307692307692,7.25849056603774,33,33,6,13,53,2831,1517,1314,346,913,1918,7.26688345460968,7.75278180619644,6.70591861491628,6.96663653179191,7.15112403066813,7.3219868717414,50
"52",2010,3,7.253125,64,7.78846153846154,6.88684210526316,5.8,7.43333333333333,7.19795918367347,26,38,5,15,49,2895,1543,1352,351,928,1967,7.26657929533679,7.75338302009073,6.71100374260355,6.95001777777778,7.15568560344828,7.31889721403152,51
"53",2010,4,7.38297872340426,47,7.67857142857143,6.94736842105263,7,7.64444444444444,7.32105263157895,28,19,1,9,38,2942,1571,1371,352,937,2005,7.26843883752549,7.75204964990452,6.71427940189642,6.95015977272727,7.16038019210246,7.31893806483791,52
"54",2010,5,7.16491228070175,57,7.58695652173913,6.87941176470588,6.83333333333333,6.73076923076923,7.29318181818182,23,34,6,13,44,2999,1594,1405,358,950,2049,7.26647117705902,7.74966750313676,6.71827548754448,6.9482017877095,7.15450130526316,7.31838497803807,53
"55",2010,6,7.41590909090909,44,8.05740740740741,6.39705882352941,6.6,7.66666666666667,7.35142857142857,27,17,5,9,35,3043,1621,1422,363,959,2084,7.26863196187972,7.75479333744602,6.71443534458509,6.94340561983471,7.15930786235662,7.3189399328215,54
"56",2010,7,7.29886363636364,44,7.65625,6.87,7.25,7.41428571428571,7.245,24,20,6,14,30,3087,1645,1442,369,973,2114,7.26906286362164,7.7533556231003,6.71659296809986,6.94839089430894,7.16297660842755,7.31789064333018,55
"57",2010,8,7.19076923076923,65,7.60625,6.78787878787879,6.66666666666667,6.92857142857143,7.26274509803922,32,33,12,14,51,3152,1677,1475,381,987,2165,7.26744830583756,7.75054859868813,6.71818783728813,6.93951769028871,7.15965171225938,7.31659160277136,56
"58",2010,9,7.24619047619048,42,7.33809523809524,7.15428571428571,7.25,6.92666666666667,7.33333333333333,21,21,4,9,33,3194,1698,1496,385,996,2198,7.26716877269881,7.74544758539458,6.72430953208556,6.94274348051948,7.15754642570281,7.31684295723385,57
"59",2010,10,7.01666666666667,57,7.69375,6.52424242424242,6.9,6.11333333333333,7.33928571428571,24,33,13,15,42,3251,1722,1529,398,1011,2240,7.26277670255306,7.74472706155633,6.71999153695225,6.94134733668342,7.14205364985164,7.31726375892857,58
"60",2010,11,6.75625,64,7.17272727272727,6.53809523809524,6.93636363636364,6.41333333333333,6.86122448979592,22,42,11,15,49,3315,1744,1571,409,1026,2289,7.25299760482655,7.73751146788991,6.71512861871419,6.9412133007335,7.13139984405458,7.30750145041503,59
"61",2010,12,6.91951219512195,82,7.67567567567568,6.29777777777778,6.825,7.11764705882353,6.86769230769231,37,45,12,17,65,3397,1781,1616,421,1043,2354,7.2449476184869,7.73622683885458,6.7035068440594,6.93790080760095,7.13117568552253,7.29535718776551,60
"62",2011,1,7.05135135135135,74,7.72222222222222,6.41578947368421,6.22222222222222,5.93333333333333,7.33559322033898,36,38,9,15,59,3471,1817,1654,430,1058,2413,7.24082024200519,7.73594936708861,6.69689665054413,6.92292148837209,7.11419304347826,7.29634099461252,61
"63",2011,2,7.35984848484848,66,7.84210526315789,6.70535714285714,6.9,7.25,7.37946428571429,38,28,5,10,56,3537,1855,1682,435,1068,2469,7.24304129488267,7.73812398921833,6.69703749108204,6.92265802298851,7.11546464419476,7.2982263345484,62
"64",2011,3,6.99153846153846,65,7.84310344827586,6.30555555555556,6.21428571428571,6.25,7.12636363636364,29,36,7,10,55,3602,1884,1718,442,1078,2524,7.23850279289284,7.73973991507431,6.6888341443539,6.91143945701358,7.10743621521336,7.2944813074485,63
"65",2011,4,7.16714285714286,70,7.53225806451613,6.87692307692308,7.27777777777778,6.55882352941176,7.3622641509434,31,39,18,17,53,3672,1915,1757,460,1095,2577,7.23714244553377,7.73638120104439,6.69300914058053,6.92577443478261,7.09891894063927,7.29587536670547,64
"66",2011,5,7.07142857142857,63,7.80666666666667,6.4030303030303,6.32857142857143,7.0625,7.07446808510638,30,33,7,16,47,3735,1945,1790,467,1111,2624,7.23434727175368,7.73746529562982,6.68766316201117,6.91682278372591,7.09839445544555,7.29190961128049,65
"67",2011,6,7.38365384615385,52,7.79411764705882,6.60833333333333,7.75,7.40909090909091,7.37682926829268,34,18,2,11,41,3787,1979,1808,469,1122,2665,7.23639742804331,7.73843860535624,6.6868733738938,6.9203757782516,7.10144049910874,7.29321606754221,66
"68",2011,7,6.92176935483871,62,7.75534642857143,6.23529411764706,7.15,6.5,7.04478541666667,28,34,10,14,48,3849,2007,1842,479,1136,2713,7.23132937386334,7.73867448928749,6.67853803474484,6.92516960334029,7.09402838028169,7.28882068558791,67
"69",2011,8,7.33846153846154,65,7.97916666666667,6.96341463414634,7.07692307692308,7.42857142857143,7.31372549019608,24,41,13,14,51,3914,2031,1883,492,1150,2764,7.23310852324988,7.74151634662728,6.68474087095061,6.9291793495935,7.09810107826087,7.2892802170767,68
"70",2011,9,7.19649122807018,57,7.72666666666667,6.60740740740741,6.82,7.26470588235294,7.1675,30,27,10,17,40,3971,2061,1910,502,1167,2804,7.23258291614203,7.74130019408054,6.68364767539267,6.92700446215139,7.10052805484148,7.28754298145507,69
"71",2011,10,7.09642857142857,56,7.48888888888889,6.91052631578947,6.96428571428571,6.75357142857143,7.21071428571429,18,38,7,14,42,4027,2079,1948,509,1181,2846,7.23068953563447,7.73911481481481,6.68807343942505,6.92751717092338,7.09641510584251,7.2864091777934,70
"72",2011,11,7.139375,80,7.266,7.08181818181818,7.15238095238095,7.01428571428571,7.16590909090909,25,55,21,14,66,4107,2104,2003,530,1195,2912,7.22891082542002,7.73349320342205,6.6988852021967,6.93642686792453,7.09545292050209,7.28367806318681,71
"73",2011,12,7.24142857142857,70,7.73,6.875,6.86363636363636,6.76923076923077,7.34912280701754,30,40,11,13,57,4177,2134,2043,541,1208,2969,7.22912060330381,7.73344409559513,6.70233336270191,6.93494683918669,7.09194225165563,7.28493449646346,72
"74",2012,1,7.06758241758242,91,7.5445652173913,6.58,6.66666666666667,7.49285714285714,6.99025974025974,46,45,12,14,77,4268,2180,2088,553,1222,3046,7.22567637300844,7.72945857798165,6.69969686781609,6.9291252079566,7.09653538461539,7.27748539724229,73
"75",2012,2,7.16379310344828,58,7.521875,6.72307692307692,6.90909090909091,7.25384615384615,7.13777777777778,32,26,11,13,45,4326,2212,2114,564,1235,3091,7.22484668515951,7.72645556057866,6.69998441816462,6.92873446808511,7.09819128744939,7.27545147848593,74
"76",2012,3,7.1712962962963,54,7.72321428571429,6.57692307692308,6.94444444444444,7.66071428571429,7,28,26,9,14,40,4380,2240,2140,573,1249,3131,7.22418647488585,7.72641504464286,6.69848928037383,6.92898122164049,7.10449658927142,7.27193245608432,75
"77",2012,4,6.83018867924528,53,7.35416666666667,6.39655172413793,6.0625,6.23333333333333,7.06578947368421,24,29,8,15,38,4433,2264,2169,581,1264,3169,7.21947592149786,7.72246894876325,6.69445230982019,6.91705032702238,7.09415841772152,7.26946056169139,76
"78",2012,5,7.11428571428571,42,7.62105263157895,6.69565217391304,7.125,6.61111111111111,7.25151515151515,19,23,8,9,33,4475,2283,2192,589,1273,3202,7.21848866145252,7.72162492334647,6.69446489963503,6.91987477079796,7.09074331500393,7.26927561524048,77
"79",2012,6,6.91666666666667,66,7.71481481481482,6.36410256410256,5.95,6.04545454545455,7.09090909090909,27,39,10,11,55,4541,2310,2231,599,1284,3257,7.21410190706893,7.72154532467532,6.68868985208427,6.90368320534224,7.08178834890966,7.26626359226282,78
"80",2012,7,7.07236363636364,55,7.32285714285714,6.634,6.75,7.35714285714286,6.97512195121951,35,20,2,14,41,4596,2345,2251,601,1298,3298,7.21240573542211,7.71559475479744,6.68820393602843,6.90317178036606,7.08475827426811,7.26264418435416,79
"81",2012,8,7.07380952380952,42,7.52272727272727,6.58,6.78333333333333,7.25,7.01875,22,20,6,10,32,4638,2367,2271,607,1308,3330,7.21115065976715,7.71380215462611,6.68725101717305,6.90198721581549,7.08602159021407,7.26030045645646,80
"82",2012,9,7.19761904761905,42,8.06190476190476,6.33333333333333,6.91666666666667,7.28125,7.14615384615385,21,21,6,16,26,4680,2388,2292,613,1324,3356,7.21102922222223,7.71686335845896,6.68400831588133,6.90213089722675,7.08838084592145,7.25941612634088,81
"83",2012,10,7.19,50,7.58695652173913,6.85185185185185,6.78571428571429,5.8,7.34444444444444,23,27,7,5,45,4730,2411,2319,620,1329,3401,7.21080692600423,7.71562409788469,6.68596250970246,6.90081651612903,7.08353366440933,7.26054117024405,82
"84",2012,11,7.17894736842105,76,7.71282051282051,6.61621621621622,7.03333333333333,6.76875,7.28833333333333,39,37,12,16,60,4806,2450,2356,632,1345,3461,7.2103031127757,7.71557946938775,6.68486717317487,6.90333265822785,7.07978902602231,7.26102297601849,83
"85",2012,12,7.00254237288136,59,7.71875,6.51142857142857,6.45,6.8125,7.03235294117647,24,35,10,8,51,4865,2474,2391,642,1353,3512,7.20778350668038,7.71561022635408,6.68232833960686,6.89627140186916,7.07820860310421,7.25770231207289,84
"86",2013,1,7.13030303030303,66,7.52894736842105,6.58928571428571,6.86363636363636,6.5125,7.21551724137931,38,28,11,8,58,4931,2512,2419,653,1361,3570,7.20674645305212,7.71278650477707,6.68125136833402,6.89572165390505,7.07488335047759,7.25701695238095,85
"87",2013,2,7.20877192982456,57,7.56666666666667,6.94848484848485,6.77692307692308,6.98181818181818,7.26304347826087,24,33,13,11,46,4988,2536,2452,666,1372,3616,7.2067695990377,7.71140366719243,6.68484790375204,6.89340276276276,7.07413720116618,7.25709361725664,86
"88",2013,3,6.97636363636364,55,7.65384615384615,6.36896551724138,6.40833333333333,6.875,6.9936170212766,26,29,12,8,47,5043,2562,2481,678,1380,3663,7.20425674400159,7.71081955503513,6.68115560661024,6.88481746312684,7.0729827826087,7.25371294567295,87
"89",2013,4,7.02,40,7.52941176470588,6.64347826086957,5.95,6.58333333333333,7.09705882352941,17,23,4,6,34,5083,2579,2504,682,1386,3697,7.20280675978753,7.70962376890267,6.68080952875399,6.8793346627566,7.07086308802309,7.25227225317825,88
"90",2013,5,6.97037037037037,54,7.625,6.58529411764706,6,5.97222222222222,7.17,20,34,9,9,45,5137,2599,2538,691,1395,3742,7.20036339497762,7.70897256637168,6.67952996847912,6.86788167872648,7.06377508243728,7.25128287546767,89
"91",2013,6,7.12613636363636,44,7.834375,6.72142857142857,7.2,7.7,7.0525641025641,16,28,10,5,39,5181,2615,2566,701,1400,3781,7.19973301679213,7.70973984703633,6.67998716289945,6.87261945791726,7.06604731428571,7.24923314467072,90
"92",2013,7,7.301,50,7.64565217391304,7.00740740740741,6.5875,7.375,7.2945652173913,23,27,8,4,46,5231,2638,2593,709,1404,3827,7.20070096731027,7.70918108415466,6.68339647512534,6.86940231311707,7.06692752136752,7.24977802978835,91
"93",2013,8,6.977,50,7.7125,6.29807692307692,5.83333333333333,7.29166666666667,6.87763157894737,24,26,6,12,38,5281,2662,2619,715,1416,3865,7.19858298807045,7.70921100676183,6.67957123329515,6.86070802797203,7.06883209039548,7.24611915135834,92
"94",2013,9,6.73928571428571,56,7.43181818181818,6.29117647058824,5.91666666666667,6.16666666666667,6.89545454545455,22,34,12,12,44,5337,2684,2653,727,1428,3909,7.19376367997003,7.70693729508196,6.67459369016208,6.84512550206327,7.06125086834734,7.24217204400102,93
"95",2013,10,7.33425925925926,54,7.89772727272727,6.946875,7.08888888888889,6.55,7.63589743589744,22,32,9,15,39,5391,2706,2685,736,1443,3948,7.19517098126508,7.7084884331116,6.67783875605214,6.84810630434783,7.05593641025641,7.24606142857143,94
"96",2013,11,7.52537313432836,67,7.94117647058824,7.0969696969697,7.275,7.45,7.53859649122807,34,33,8,10,57,5458,2740,2718,744,1453,4005,7.1992243972151,7.7113758029197,6.68292754231052,6.85269655913978,7.05864847900895,7.25022484893883,95
"97",2013,12,7.14,70,7.51428571428571,6.76571428571429,7.45,7.81538461538462,6.9859649122807,35,35,10,13,57,5528,2775,2753,754,1466,4062,7.19847445007237,7.70888998198198,6.68398004358881,6.86061835543766,7.06535896316508,7.24651662235352,96
"98",2014,1,7.12848101265823,79,7.63194444444444,6.70697674418605,6.79411764705882,7.41666666666667,7.07686567164179,36,43,17,12,67,5607,2811,2796,771,1478,4129,7.19748827537008,7.70790455353966,6.68433371244635,6.85915206225681,7.06821125845738,7.24376374909179,97
"99",2014,2,7.075,52,7.65217391304348,6.61724137931034,7.14444444444444,7.15,7.0525,23,29,9,12,40,5659,2834,2825,780,1490,4169,7.19636274253402,7.70745225829216,6.68364497699115,6.8624438974359,7.06886995973154,7.24192864475894,98
"100",2014,3,6.89761904761905,42,8.02105263157895,5.9695652173913,6,6.71666666666667,6.92777777777778,19,23,6,6,36,5701,2853,2848,786,1496,4205,7.19416185932293,7.70954072905713,6.67787818117978,6.8558603562341,7.06745737967915,7.23923912485137,99
"101",2014,4,7.26304347826087,46,7.61521739130435,6.91086956521739,6.66111111111111,7.465,7.20694444444444,23,23,9,10,36,5747,2876,2871,795,1506,4241,7.1947131999304,7.70878640472879,6.67974470916057,6.85365564779874,7.07009710491368,7.2389649893893,100
"102",2014,5,7.1046511627907,43,7.9,6.475,6.33333333333333,6.79375,7.17571428571429,19,24,6,8,35,5790,2895,2895,801,1514,4276,7.19404434542315,7.71004134715026,6.67804734369603,6.84975810237203,7.06863688243065,7.23844726847521,101
"103",2014,6,7.25697674418605,43,7.58333333333333,7.08214285714286,7.13,6.33333333333333,7.50147058823529,15,28,10,9,34,5833,2910,2923,811,1523,4310,7.19450827361564,7.70938821305842,6.68191825521724,6.85321361282367,7.06429168745896,7.24052216241299,102
"104",2014,7,7.3078125,32,7.73928571428571,6.97222222222222,8.5,7.16666666666667,7.34038461538462,14,18,2,6,26,5865,2924,2941,813,1529,4336,7.19512647229327,7.70953136114911,6.68369502210133,6.85726474784748,7.0646934205363,7.24112096863469,103
"105",2014,8,7.26465517241379,58,7.55925925925926,7.00806451612903,7.05,7.47894736842105,7.16025641025641,27,31,15,19,39,5923,2951,2972,828,1548,4375,7.19580732061456,7.70815645543883,6.68707841857335,6.86075632850241,7.06977793281654,7.24040011885714,104
"106",2014,9,7.41585365853659,41,8.175,6.82173913043478,6.85,8.01875,7.26969696969697,18,23,10,8,33,5964,2969,2995,838,1556,4408,7.19732004694836,7.71098676321994,6.6881125409015,6.86062797136038,7.07465696658098,7.24061944646098,105
"107",2014,10,7.0469387755102,49,7.47222222222222,6.8,6.92222222222222,6.28,7.24358974358974,18,31,9,10,39,6013,2987,3026,847,1566,4447,7.19609458839182,7.709547941078,6.68925877726372,6.86128245572609,7.06958252873563,7.24064549583989,106
"108",2014,11,7.11370967741935,62,7.92777777777778,6.48571428571429,6.85714285714286,6.32142857142857,7.34479166666667,27,35,14,14,48,6075,3014,3061,861,1580,4495,7.19525378765433,7.71150288652952,6.6869314145704,6.86121514518002,7.0629533164557,7.2417576240267,107
"109",2014,12,7.3375,44,7.6275,7.09583333333333,7.64285714285714,6.68571428571429,7.46081081081081,20,24,7,7,37,6119,3034,3085,868,1587,4532,7.19627663997386,7.71094914304548,6.69011249918963,6.86751870967742,7.06128937618147,7.24354601059135,108
"110",2015,1,7.28214285714286,56,7.68181818181818,7.02352941176471,7.22,7.76923076923077,7.13488372093023,22,34,15,13,43,6175,3056,3119,883,1600,4575,7.197055345749,7.71073943062827,6.6937470535428,6.87350650056625,7.0670414,7.24252470382514,109
"111",2015,2,6.96326530612245,49,7.42105263157895,6.67333333333333,7.275,8.25,6.84888888888889,19,30,8,4,45,6224,3075,3149,891,1604,4620,7.19521477506427,7.70894949593495,6.69355257542077,6.87711138047138,7.06999142144638,7.23869058874459,110
"112",2015,3,7.589,50,8.25961538461539,6.8625,6.64285714285714,8.4,7.4109756097561,26,24,7,9,41,6274,3101,3173,898,1613,4661,7.19835300605675,7.71356649467913,6.69483046328396,6.87528534521158,7.07741242405456,7.24020607594937,111
"113",2015,4,7.00441176470588,34,7.790625,6.30555555555556,6,6.73333333333333,7.0625,16,18,5,6,28,6308,3117,3191,903,1619,4689,7.1973076664553,7.71396204683991,6.6926346161078,6.87043880398671,7.0761372699197,7.23914491789294,112
"114",2015,5,7.21388888888889,36,7.87894736842105,6.47058823529412,6.42857142857143,7,7.275,19,17,7,8,28,6344,3136,3208,910,1627,4717,7.1974017591425,7.71496163903061,6.69145793640898,6.86703982417582,7.07576290104487,7.23935775280899,113
"115",2015,6,7.35540540540541,37,7.56428571428571,7.22826086956522,7.07857142857143,7.95833333333333,7.23870967741935,14,23,7,6,31,6381,3150,3231,917,1633,4748,7.19831793762734,7.71429196825397,6.69527918910554,6.86865456924755,7.07900565829761,7.23935352148273,114
"116",2015,7,7.33658536585366,41,8.29411764705882,6.65833333333333,6.36,7.16363636363636,7.4,17,24,5,11,30,6422,3167,3255,922,1644,4778,7.19920067891623,7.71740438901168,6.69500677726575,6.86589613882863,7.07957192214112,7.24036218501465,115
"117",2015,8,7.31136363636364,44,7.53333333333333,7.045,6.92857142857143,7.5,7.29756097560976,24,20,7,3,41,6466,3191,3275,929,1647,4819,7.19996392824003,7.71601996239423,6.69714414045802,6.86636839612487,7.08033772920461,7.24084883170782,116
"118",2015,9,7.12921052631579,38,7.75941176470588,6.61904761904762,6.675,6.9575,7.175,17,21,10,8,30,6504,3208,3296,939,1655,4849,7.19955054735548,7.71624990648379,6.69664655946602,6.86433039403621,7.07974395166163,7.24044143534749,117
"119",2015,10,7.40833333333333,48,7.7,7.03333333333333,7.11666666666667,7.78333333333333,7.3547619047619,27,21,6,6,42,6552,3235,3317,945,1661,4891,7.2010800915751,7.7161142812983,6.69877813084112,6.86593252910053,7.08228551475015,7.24142312819464,118
"120",2015,11,7.36029411764706,68,7.988,6.9953488372093,7.09090909090909,7.69166666666667,7.28928571428571,25,43,11,12,56,6620,3260,3360,956,1673,4947,7.20271552265862,7.71819929447852,6.70257352976191,6.86852117154812,7.08665644949193,7.24196493228219,119
"121",2015,12,7.35890410958904,73,7.81818181818182,6.98,6.96666666666667,6.72142857142857,7.51016949152542,33,40,12,14,59,6693,3293,3400,968,1687,5006,7.20441905871807,7.71920124506529,6.70583737058824,6.86973785123967,7.08362551274452,7.24512595285657,120
"122",2016,1,6.91031746031746,63,7.4,6.72934782608696,6.67272727272727,6.23076923076923,7.087,17,46,22,13,50,6756,3310,3446,990,1700,5056,7.20167654825341,7.7175618429003,6.70615120719675,6.86535983838384,7.07710367058823,7.24356220727848,121
"123",2016,2,6.95471698113208,53,7.09473684210526,6.87647058823529,6.68181818181818,6.92857142857143,6.95869565217391,19,34,11,7,46,6809,3329,3480,1001,1707,5102,7.19975426053753,7.71400711925503,6.70781524712644,6.8633428971029,7.07649457527827,7.24099382987064,122
"124",2016,3,6.95489361702128,47,7.414375,6.71774193548387,7.0625,8,6.90844444444444,16,31,4,2,45,6856,3345,3511,1005,1709,5147,7.19807566511086,7.71257390134529,6.70790289376246,6.86413556218906,7.07757533060269,7.23808636487274,123
"125",2016,4,7.25263157894737,38,7.83333333333333,6.73,6.94,6.75,7.31176470588235,18,20,5,4,34,6894,3363,3531,1010,1713,5181,7.1983763794604,7.71322024977698,6.70802805437553,6.86451112871287,7.07681041447752,7.23856987454159,124
"126",2016,5,6.95652173913043,46,7.74782608695652,6.16521739130435,6.08,7.15,6.9275,23,23,5,6,40,6940,3386,3554,1015,1719,5221,7.19677330835735,7.71345531600709,6.70451521102983,6.86064654187192,7.07706587550902,7.23618665389772,125
"127",2016,6,6.64117647058824,34,7.33333333333333,6.26363636363636,6.46666666666667,6.55555555555556,6.672,12,22,6,9,25,6974,3398,3576,1021,1728,5246,7.19406463435619,7.71211291936433,6.70180286912752,6.85833128305583,7.07434967592592,7.23349800228746,126
"128",2016,7,6.9,38,7.78,6.32608695652174,6.4,6.38888888888889,7.05862068965517,15,23,5,9,29,7012,3413,3599,1026,1737,5275,7.19247101540217,7.71241128039847,6.69940179494304,6.85609769980507,7.0707980656304,7.23253659146919,127
"129",2016,8,6.93137254901961,51,7.13392857142857,6.68478260869565,6.83333333333333,5.66666666666667,7.1,28,23,9,6,45,7063,3441,3622,1035,1743,5320,7.19058569446411,7.70770406858471,6.6993089618995,6.85589974879227,7.06596456683878,7.23141551127819,128
"130",2016,9,6.93851063829787,47,7.42666666666667,6.7096875,6.8425,7.41666666666667,6.86853658536585,15,32,12,6,41,7110,3456,3654,1047,1749,5361,7.18891937552743,7.70648428819444,6.69939985221675,6.85574617000955,7.06716766152087,7.2286402760679,129
"131",2016,10,7.09830508474576,59,7.71428571428571,6.54193548387097,6.77777777777778,6.73076923076923,7.20217391304348,28,31,9,13,46,7169,3484,3685,1056,1762,5407,7.18817363091087,7.70654698622273,6.69807518588874,6.85508166666667,7.06468572077185,7.22841511374145,130
"132",2016,11,6.73170731707317,41,7.365,6.12857142857143,6,7.25,6.64285714285714,20,21,8,6,35,7210,3504,3706,1064,1768,5442,7.18557791400833,7.70459751712329,6.69484810037777,6.84865248120301,7.06531461538461,7.22464912164645,131
"133",2016,12,6.90652173913043,46,7.34,6.57307692307692,7.04166666666667,6.75,6.93947368421053,20,26,12,8,38,7256,3524,3732,1076,1776,5480,7.18380881477398,7.70252829171396,6.69399974812433,6.85080505576208,7.06389427927928,7.22267162773722,132
"134",2017,1,7.06730769230769,52,7.70689655172414,6.26086956521739,7.16666666666667,7,7.07608695652174,29,23,6,6,46,7308,3553,3755,1082,1782,5526,7.18297985221675,7.70256394596116,6.69134675366179,6.85255659889094,7.06367914702581,7.22145141512848,133
"135",2017,2,6.97234042553191,47,7.34782608695652,6.6125,6.5375,6.3,7.05238095238095,23,24,8,5,42,7355,3576,3779,1090,1787,5568,7.18163382188987,7.70028235458613,6.69084600688013,6.85024425688073,7.0615423838836,7.22017609913793,134
"136",2017,3,6.68648648648649,37,6.8,6.57894736842105,6.3,6.72222222222222,6.675,18,19,5,9,28,7392,3594,3798,1095,1796,5596,7.17915540584416,7.69577342793545,6.69028621906267,6.8477317260274,7.05984200445434,7.21744827019299,135
"137",2017,4,7.03137254901961,51,7.55909090909091,6.63103448275862,7.41666666666667,6.28571428571429,7.15,22,29,6,7,44,7443,3616,3827,1101,1803,5640,7.17814278651082,7.69494184181416,6.6898372249804,6.85083218891916,7.05683651691625,7.21692207801418,136
"138",2017,5,7.02333333333333,30,7.75333333333333,6.29333333333333,7.5,6.3625,7.26363636363636,15,15,2,8,22,7473,3631,3842,1103,1811,5662,7.17752131138767,7.69518306251721,6.68828918792296,6.85200928377153,7.05376932081723,7.21710358883787,137
"139",2017,6,6.88823529411765,34,7.29333333333333,6.56842105263158,7,7.5,6.78275862068966,15,19,6,5,29,7507,3646,3861,1109,1816,5691,7.17621110430265,7.69352981349424,6.68769931623932,6.85280995491434,7.05499792951542,7.21489026884554,138
"140",2017,7,6.72857142857143,35,7.5,6,5.2,7.25,6.66129032258065,17,18,5,4,31,7542,3663,3879,1114,1820,5722,7.17413375232034,7.69263164073164,6.68450813611756,6.8453915978456,7.0554265054945,7.21189103809856,139
"141",2017,8,6.87380952380952,42,7.35714285714286,6.39047619047619,6.3,7,6.84857142857143,21,21,5,7,35,7584,3684,3900,1119,1827,5757,7.17247056434599,7.69071924538545,6.68292488717949,6.84295463806971,7.05521414340449,7.20968221643217,140
"142",2017,9,6.7,34,7.5,6.31739130434783,5.97142857142857,5.6,6.88965517241379,11,23,7,5,29,7618,3695,3923,1126,1832,5786,7.17036187450775,7.69015147496617,6.68078181493755,6.83753662522203,7.05124248908297,7.20807820947114,141
"143",2017,10,6.56184210526316,38,7.3,6.29821428571429,7.33125,6.88333333333333,6.5015625,10,28,8,6,32,7656,3705,3951,1134,1838,5818,7.1673415308255,7.68909843454791,6.6780706302202,6.84101961199295,7.05069436343852,7.20419225163286,142
"144",2017,11,7.00340909090909,44,7.62391304347826,6.32380952380952,6.53,6.44285714285714,7.10945945945946,23,21,10,7,37,7700,3728,3972,1144,1845,5855,7.16640477402598,7.68869627145923,6.67619764853978,6.83830090909091,7.04838820596206,7.20359359863365,143
"145",2017,12,6.6027027027027,37,7.48571428571429,6.06521739130435,5.92857142857143,8.125,6.41818181818182,14,23,7,4,33,7737,3742,3995,1151,1849,5888,7.16370902933954,7.68793685195083,6.67268011514393,6.83276823631625,7.05071727420227,7.19919166440217,144
"146",2018,1,6.8125,36,7.6375,5.78125,5.66666666666667,5.10714285714286,7.22413793103448,20,16,3,7,29,7773,3762,4011,1154,1856,5917,7.16208243406664,7.68766871345029,6.66912417352281,6.82973677642981,7.04338698275862,7.19931392935609,145
"147",2018,2,6.84054054054054,37,7.07894736842105,6.58888888888889,6.78888888888889,7.22,6.78125,19,18,9,5,32,7810,3781,4029,1163,1861,5949,7.16055912419975,7.68460981221899,6.66876571357657,6.82942067067928,7.04386149382053,7.19706514035972,146
"148",2018,3,6.840625,32,7.17647058823529,6.46,7,7.4,6.73703703703704,17,15,7,5,27,7842,3798,4044,1170,1866,5976,7.15925360367254,7.68233536071616,6.66799136003957,6.83044123076923,7.04481577706324,7.19498670013387,147
"149",2018,4,6.71481481481482,27,7.05714285714286,6.34615384615385,7,6.5,6.732,14,13,3,2,25,7869,3812,4057,1173,1868,6001,7.15772865167112,7.68003927072403,6.66696008380577,6.83087488491049,7.04423246252677,7.19305791034828,148
"150",2018,5,6.96666666666667,30,7.4,6.53333333333333,6.75,7.5,6.92857142857143,15,15,6,2,28,7899,3827,4072,1179,1870,6029,7.1570030079757,7.67894165142409,6.6664678438114,6.83046330788804,7.0447199144385,7.19182957704429,149
"151",2018,6,7.38571428571429,21,8.425,6,8,8.05,7.31578947368421,12,9,1,2,19,7920,3839,4081,1180,1872,6048,7.15760943939394,7.68127369106538,6.66499805439843,6.83145444067797,7.04579393162393,7.19221900132275,150
"152",2018,7,6.88461538461539,26,7.58333333333333,6.28571428571429,6,7.33333333333333,6.82608695652174,12,14,3,3,23,7946,3851,4095,1183,1875,6071,7.15671617920967,7.68096850168787,6.66370135775336,6.82934593406593,7.04625399466667,7.19083190907593,151
"153",2018,8,6.56428571428571,28,7.15,6.23888888888889,6.21666666666667,8,6.51111111111111,10,18,6,1,27,7974,3861,4113,1189,1876,6098,7.15463591171307,7.67959329189329,6.66184222222222,6.82625419680404,7.0467623880597,7.18782232207281,152
"154",2018,9,7.05555555555556,27,7.54545454545455,6.71875,7.4,8,6.98,11,16,5,2,25,8001,3872,4129,1194,1878,6123,7.15430155730534,7.67921221590909,6.66206274158392,6.82865681742044,7.04777755058573,7.18697379062551,153
"155",2018,10,6.555,34,7.45,6.18208333333333,6.21428571428571,7.33333333333333,6.47967741935484,10,24,7,3,31,8035,3882,4153,1201,1881,6154,7.15176562041071,7.67862176713034,6.659288962196,6.82507597002498,7.04823298245614,7.18341087422815,154
"156",2018,11,6.50769230769231,39,7.67142857142857,5.856,5.475,6.1875,6.59032258064516,14,25,4,8,31,8074,3896,4178,1205,1889,6185,7.14865454050038,7.67859591889117,6.6544823025371,6.82059439004149,7.04458773954473,7.18043824090542,155
"157",2018,12,7.00666666666667,30,7.42307692307692,6.68823529411765,5.33333333333333,6.33333333333333,7.175,13,17,3,6,24,8104,3909,4195,1208,1895,6209,7.14812891905232,7.67774614991046,6.65461908462455,6.81690086092715,7.04233574670185,7.18041722016428,156
"158",2019,1,6.776762,35,7.40619071428571,6.35714285714286,6.75,6.5,6.79353545454545,14,21,4,2,33,8139,3923,4216,1212,1897,6242,7.14653193635582,7.67677705072648,6.65313734819734,6.8166800660066,7.04176396415393,7.17837186638898,157
"159",2019,2,6.867224,25,7.33333333333333,6.6050375,7.25,7,6.85567826086957,9,16,2,2,23,8164,3932,4232,1214,1899,6265,7.14567663277805,7.67599093845371,6.65295549621928,6.81739393739703,7.04171997893628,7.1771871971269,158
"160",2019,3,6.5142,25,7.07142857142857,6.2975,6.25,7.5,6.42847826086957,7,18,4,2,23,8189,3939,4250,1218,1901,6288,7.14374881304189,7.67491657019548,6.65145003764706,6.81553057471264,7.04220212519726,7.17444859891858,159
"161",2019,4,6.79791666666667,24,7.395,6.37142857142857,6.29166666666667,6.35,6.83863636363636,10,14,6,2,22,8213,3949,4264,1224,1903,6310,7.14273822354804,7.6742077412003,6.65053064258912,6.81296261437909,7.04147464004204,7.17327777971474,160
"162",2019,5,6.66428571428571,28,7.33333333333333,5.89230769230769,6.375,7,6.65185185185185,15,13,4,1,27,8241,3964,4277,1228,1904,6337,7.14111261133358,7.67291785317861,6.64822601356091,6.81153602605863,7.04145285714286,7.1710561448635,161
"163",2019,6,7.19642857142857,28,7.73076923076923,6.73333333333333,6.5,7,7.21153846153846,13,15,2,2,26,8269,3977,4292,1230,1906,6363,7.14129991897449,7.67310695750565,6.64852345293569,6.81102946341463,7.04140935991605,7.17122156058463,162
"164",2019,7,6.9,15,7.5625,6.14285714285714,6,6.125,7.18181818181818,8,7,2,4,11,8284,3985,4299,1232,1910,6374,7.1408629925157,7.67288491091593,6.64770008374041,6.80971285714286,7.03949017801047,7.17123984781927,163
"165",2019,8,7,28,7.38461538461539,6.66666666666667,6.55555555555556,5.14285714285714,7.61904761904762,13,15,9,7,21,8312,3998,4314,1241,1917,6395,7.14038847810395,7.67194756628314,6.64776603152527,6.80786965350524,7.03256454877413,7.17271036591087,164
"166",2019,9,6.44827586206897,29,7.33333333333333,5.82352941176471,6.33333333333333,7,6.38461538461539,12,17,6,3,26,8341,4010,4331,1247,1920,6421,7.13798214003118,7.67093425685785,6.64453074578619,6.80558639935846,7.03251366666667,7.16951920105903,165
"167",2019,10,6.83333333333333,30,7.26666666666667,6.4,6.875,7,6.82758620689655,15,15,4,1,29,8371,4025,4346,1251,1921,6450,7.13689033926652,7.66942766956522,6.6436867602393,6.80580834532374,7.03249674128058,7.16798182790698,166
"168",2019,11,6.99689655172414,29,7.74181818181818,6.54166666666667,5.66666666666667,5.8,7.1884,11,18,3,4,25,8400,4036,4364,1254,1925,6475,7.13640702738096,7.66962496778989,6.6432659624198,6.80308312599681,7.02993570909091,7.16806066254826,167
"169",2019,12,6.5625,24,7,6.19230769230769,5.08333333333333,6.41666666666667,6.61111111111111,11,13,6,6,18,8424,4047,4377,1260,1931,6493,7.13477196462489,7.66780488510007,6.64192658441855,6.79489384126984,7.02803016053858,7.16651667796088,168
"170",2020,1,7.1,30,7.3,6.9,6.83333333333333,7.4,7.04,15,15,3,5,25,8454,4062,4392,1263,1936,6518,7.13464857227348,7.66644666912851,6.64280798269581,6.79498514647664,7.02899082644628,7.16603141914698,169
"171",2020,2,6.94444444444444,27,7.59090909090909,6.5,5.75,8,6.90384615384615,11,16,2,1,26,8481,4073,4408,1265,1937,6544,7.13404304091499,7.66624266388411,6.64228962341198,6.79333299604743,7.02949212183789,7.16498972952323,170
"172",2020,3,6.93684210526316,19,7.875,6.25454545454545,5.33333333333333,6.7,7,8,11,3,4,15,8500,4081,4419,1268,1941,6559,7.13360223882353,7.66665189169321,6.64132443086671,6.78987873817035,7.02881310664606,7.1646124089038,171
"173",2020,4,7.08095238095238,21,8.07,6.18181818181818,5.1,5.88,7.45625,10,11,5,5,16,8521,4091,4430,1273,1946,6575,7.13347248327662,7.66763783182596,6.64018344469526,6.78324135113904,7.02586137718397,7.1653220973384,172
"174",2020,5,6.64,20,7.6875,5.94166666666667,5.5,8,6.4,8,12,4,3,17,8541,4099,4442,1277,1949,6592,7.13231694532257,7.66767659673091,6.63829641152634,6.77922180109632,7.02736082093381,7.16334842081311,173
"175",2020,6,6.72857142857143,21,7.875,6.02307692307692,5.33333333333333,5.75,6.95882352941176,8,13,3,4,17,8562,4107,4455,1280,1953,6609,7.13132667951414,7.66808044071098,6.63650115824916,6.775833,7.02474461853559,7.16282233166894,174
"176",2020,7,6.925,20,7.3,6.55,7.33333333333333,8,6.80555555555556,10,10,3,2,18,8582,4117,4465,1283,1955,6627,7.1308458436262,7.66718639057566,6.63630742665174,6.77713658612627,7.02574232225064,7.1618519375283,175
"177",2020,8,7.05238095238095,21,7.36,6.77272727272727,7,8,7.005,10,11,5,1,20,8603,4127,4476,1288,1956,6647,7.13065431012438,7.66644205718439,6.63664268543342,6.77800173913043,7.02624040899795,7.16137998946894,176
"178",2020,9,6.83338888888889,18,7,6.76930769230769,7,7,6.80006666666667,5,13,3,3,15,8621,4132,4489,1291,1959,6662,7.13003364226888,7.66563561713456,6.63702687903765,6.77851761425252,7.02620022460439,7.16056646502552,177
"179",2020,10,6.77037037037037,27,7.38666666666667,6,9,7,6.76153846153846,15,12,1,1,26,8648,4147,4501,1292,1960,6688,7.12891073427383,7.66462656619243,6.63532851810709,6.78023702786378,7.02618685714286,7.15901521979665,178
"180",2020,11,7.01678571428571,28,7.3125,6.6225,6.394,4.8675,7.375,16,12,5,4,24,8676,4163,4513,1297,1964,6712,7.12854887390503,7.66327320922411,6.63529440726789,6.77874806476484,7.02179034623218,7.15978751340882,179
"181",2020,12,6.68333333333333,30,6.96666666666667,6.4,6.5,7,6.67241379310345,15,15,4,1,29,8706,4178,4528,1301,1965,6741,7.12701470594992,7.66077222833892,6.63451494257951,6.77789103766334,7.02177925699745,7.15769081590269,180
"182",2021,1,6.82533333333333,30,7.5,6.488,7.152,5,6.88827586206897,10,20,5,1,29,8736,4188,4548,1306,1966,6770,7.12597871222528,7.66038834049665,6.63387063764292,6.77932330781011,7.02075088504578,7.15653674889217,181
"183",2021,2,5.93913043478261,23,6.90909090909091,5.05,5.43333333333333,7.5,5.86818181818182,11,12,6,1,22,8759,4199,4560,1312,1967,6792,7.1228622023062,7.65842018814003,6.62970255701754,6.77316786585366,7.02099452974072,7.15236363221437,182
"184",2021,3,6.59444444444444,18,7.17142857142857,6.22727272727273,7,NA,6.59444444444444,7,11,1,0,18,8777,4206,4571,1313,1967,6810,7.12177851543808,7.65760969329529,6.6287341194487,6.77334062452399,7.02099452974072,7.15088895594714,183
"185",2021,4,7.11904761904762,21,7.66666666666667,6.38888888888889,6.16666666666667,6.25,7.32352941176471,12,9,3,4,17,8798,4218,4580,1316,1971,6827,7.12177199704479,7.65763545993362,6.62826280786026,6.77195762917933,7.01942985286656,7.1513188501538,184
"186",2021,5,6.84,20,7.375,6.48333333333333,6.9,7.5,6.80526315789474,8,12,2,1,19,8818,4226,4592,1318,1972,6846,7.12113291335904,7.65710041883578,6.62788407229965,6.77215192716237,7.01967354969574,7.15035842681858,185
"187",2021,6,7.03333333333333,15,8.25,6.59090909090909,7,10,6.82142857142857,4,11,3,1,14,8833,4230,4603,1321,1973,6860,7.1209838141062,7.65766108037825,6.6277957114925,6.77266937168811,7.02118410542321,7.14968714139942,186
"188",2021,7,6.57944458333333,24,7.07777777777778,6.28044466666667,6.91666666666667,7.175,6.4603335,9,15,6,4,20,8857,4239,4618,1327,1977,6880,7.11951639381281,7.65642990563812,6.62666745993937,6.7733204521477,7.02149531613556,7.14768320639535,187
"189",2021,8,6.35714285714286,14,6.85714285714286,5.85714285714286,5.4,5.66666666666667,6.54545454545455,7,7,5,3,11,8871,4246,4625,1332,1980,6891,7.1183132341337,7.6551121926519,6.62550277405405,6.76816534534534,7.01944254545454,7.14672187781164,188
"190",2021,9,7.02307692307692,13,7.66,6.625,6.75,NA,7.02307692307692,5,8,2,0,13,8884,4251,4633,1334,1980,6904,7.11817387438091,7.65511794166078,6.62550190589251,6.76813811094453,7.01944254545454,7.1464890585168,189
"191",2021,10,7.38461538461539,13,7.55555555555556,7,8,8,7.27272727272727,9,4,1,2,11,8897,4260,4637,1335,1982,6915,7.11856318983928,7.65490759859154,6.62582495794695,6.76906085393258,7.02043200807265,7.14668987129429,190
"192",2021,11,7.33333333333333,24,7.38461538461539,7.27272727272727,6.9,6,7.52380952380952,13,11,5,3,21,8921,4273,4648,1340,1985,6936,7.1191409819527,7.65408527264217,6.62735592297762,6.76954943283582,7.01888979345088,7.14783166955018,191
"193",2021,12,6.33541666666667,24,7.64444444444444,5.55,6.41666666666667,8.4,6.14772727272727,9,15,3,2,22,8945,4282,4663,1343,1987,6958,7.1170382001118,7.65406500934143,6.62389027021231,6.76876116157855,7.02027993960745,7.14466951135384,192
"194",2022,1,6.63103448275862,29,7.075,6.21666666666667,5,6.65,6.62708333333333,14,15,1,5,24,8974,4296,4678,1344,1992,6982,7.11546765099176,7.65217792597765,6.6225845083369,6.76744511904762,7.01935052208835,7.14289035519909,193
"195",2022,2,6.63548387096774,31,7.725,5.94736842105263,6.625,7.625,6.48888888888889,12,19,4,4,27,9005,4308,4697,1348,1996,7009,7.11381529150472,7.6523807729805,6.61985316797956,6.76702243323442,7.02056424849699,7.14037101726352,194
"196",2022,3,6.86363636363636,11,7.64285714285714,5.5,7,NA,6.86363636363636,7,4,1,0,11,9016,4315,4701,1349,1996,7020,7.11351005989353,7.65236532329084,6.6189003041906,6.76719513713862,7.02056424849699,7.13993738746439,195
"197",2022,4,7.10107142857143,28,7.87235294117647,5.90909090909091,4.66666666666667,8,6.9932,17,11,3,3,25,9044,4332,4712,1352,1999,7045,7.11347155019903,7.65322861726685,6.61724327886248,6.76253420118343,7.02203413706853,7.1394166728176,196
"198",2022,5,6.12743576923077,26,6.87952357142857,5.25,7,7.5,6.0725332,14,12,1,1,25,9070,4346,4724,1353,2000,7070,7.11064498676957,7.65073624022089,6.61377017993226,6.76270971175166,7.02227312,7.13564410042433,197
"199",2022,6,6.84615384615385,13,6.875,6.83333333333333,4,6,6.91666666666667,4,9,1,1,12,9083,4350,4733,1354,2001,7082,7.11026643509854,7.65002291954023,6.61418768856962,6.76066930576071,7.02176223888056,7.13527305704603,198
"200",2022,7,7.275,16,7.725,6.825,5.8,10,7.09333333333333,8,8,2,1,15,9099,4358,4741,1356,2002,7097,7.11055610836356,7.65016055530059,6.61454341489137,6.75925238938053,7.02324987012987,7.13518441454136,199
"201",2022,8,6.03333333333333,15,7.5,5.66666666666667,7.16666666666667,4.83333333333333,6.33333333333333,3,12,3,3,12,9114,4361,4753,1359,2005,7109,7.10878319398728,7.65005725750974,6.61215029034294,6.76015175864606,7.01997318703242,7.13383088901393,200
"202",2022,9,6.87222222222222,18,7.01666666666667,6.8,7.4,6.33333333333333,6.98,6,12,4,3,15,9132,4367,4765,1363,2008,7124,7.1083169108629,7.6491870162583,6.61262336411333,6.76202952311078,7.01894733067729,7.1335069890511,201
"203",2022,10,6.85714285714286,21,7.7,6.09090909090909,6.6,7,6.84210526315789,10,11,5,2,19,9153,4377,4776,1368,2010,7143,7.10774063476456,7.64930310715101,6.61142176088777,6.76143730994152,7.01892847761194,7.13273187596248,202
"204",2022,11,6.8288,25,7.61,6.308,6.93666666666667,8.33333333333333,6.62363636363636,10,15,6,3,22,9178,4387,4791,1374,2013,7165,7.10698082697756,7.64921351720993,6.61047178668336,6.76220250363901,7.02088735221063,7.13116870760642,203
"205",2022,12,6.84666666666667,15,7.78333333333333,6.22222222222222,6.75,6,7.05833333333333,6,9,4,3,12,9193,4393,4800,1378,2016,7177,7.10655607853802,7.64939669929433,6.60974381875,6.76216708272859,7.01936817460317,7.13104692629233,204
