"","year","month","avg_rating","no_ratings","avg_rating_owned","avg_rating_not_owned","avg_rating_prev_owned","avg_rating_comment","avg_rating_no_comment","no_ratings_owned","no_ratings_not_owned","no_ratings_prev_owned","no_ratings_comment","no_ratings_no_comment","cum_no_ratings","cum_no_ratings_owned","cum_no_ratings_not_owned","cum_no_ratings_prev_owned","cum_no_ratings_comment","cum_no_ratings_no_comment","cum_avg_rating","cum_avg_rating_owned","cum_avg_rating_not_owned","cum_avg_rating_prev_owned","cum_avg_rating_comment","cum_avg_rating_no_comment","month_after_release"
"1",2006,9,7,1,NA,7,NA,NA,7,0,1,0,0,1,1,0,1,0,0,1,7,NA,7,NA,NA,7,-3
"2",2006,12,9.20588235294118,17,9.15625,10,10,9.64285714285714,8.9,16,1,1,7,10,18,16,2,1,7,11,9.08333333333333,9.15625,8.5,10,9.64285714285714,8.72727272727273,0
"3",2007,1,8.18727272727273,55,8.735,6.72666666666667,NA,7.832,8.48333333333333,40,15,0,25,30,73,56,17,1,32,41,8.40821917808219,8.85535714285714,6.93529411764706,10,8.228125,8.54878048780488,1
"4",2007,2,8.68586725,40,8.6969696969697,8.63352714285714,9.5,8.71428571428571,8.670565,33,7,2,14,26,113,89,24,3,46,67,8.50650168141593,8.79662921348315,7.43061208333333,9.66666666666667,8.37608695652174,8.59604014925373,2
"5",2007,3,7.74444444444444,27,8.69375,6.36363636363636,9,7.39444444444444,8.44444444444444,16,11,1,18,9,140,105,35,4,64,76,8.3595335,8.78095238095238,7.09527685714286,9.5,8.1,8.57808802631579,3
"6",2007,4,8.26315789473684,19,8.77272727272727,7.5625,7,7.75,8.4,11,8,2,4,15,159,116,43,6,68,91,8.348016918239,8.7801724137931,7.18220209302326,8.66666666666667,8.07941176470588,8.54873285714286,4
"7",2007,5,8.25625,32,8.42857142857143,7.92727272727273,7.9,8.26111111111111,8.25,21,11,3,18,14,191,137,54,9,86,105,8.33264235602094,8.72627737226277,7.33397574074074,8.41111111111111,8.11744186046512,8.50890180952381,5
"8",2007,6,8.02941176470588,17,8.39285714285714,6.33333333333333,8,8.4375,7.66666666666667,14,3,1,8,9,208,151,57,10,94,114,8.30785908653846,8.6953642384106,7.28131035087719,8.37,8.14468085106383,8.44240956140351,6
"9",2007,7,7.36111111111111,18,8.05555555555556,6.66666666666667,8.5,7.05,7.75,9,9,2,10,8,226,160,66,12,104,122,8.23245438053097,8.659375,7.1974953030303,8.39166666666667,8.03942307692308,8.39700565573771,7
"10",2007,8,7.62608695652174,23,8.3,6.3625,9,7.45384615384615,7.85,15,8,1,13,10,249,175,74,13,117,132,8.17644453815261,8.62857142857143,7.10722554054054,8.43846153846154,7.97435897435897,8.35556583333333,8
"11",2007,9,7.78125,16,8.22727272727273,6.8,NA,8.5,6.85714285714286,11,5,0,9,7,265,186,79,13,126,139,8.15258373584906,8.60483870967742,7.08778088607595,8.43846153846154,8.01190476190476,8.28010568345324,9
"12",2007,10,7.83333333333333,24,8.55555555555556,5.66666666666667,7.5,7.53846153846154,8.18181818181818,18,6,2,13,11,289,204,85,15,139,150,8.1260715916955,8.60049019607843,6.98746694117647,8.31333333333334,7.96762589928058,8.27289793333333,10
"13",2007,11,8.125,24,8.46875,7.4375,8.5,7.77272727272727,8.42307692307692,16,8,3,11,13,313,220,93,18,150,163,8.12598942492013,8.59090909090909,7.02617946236559,8.34444444444445,7.95333333333333,8.28487539877301,11
"14",2007,12,8.02027027027027,37,8.65740740740741,6.3,9,7.40789473684211,8.66666666666667,27,10,1,19,18,350,247,103,19,169,181,8.1148134,8.59817813765182,6.95567660194175,8.37894736842106,7.89201183431953,8.32284359116022,12
"15",2008,1,8.13586956521739,46,8.8203125,6.57142857142857,7.5,7.85714285714286,8.37,32,14,4,21,25,396,279,117,23,190,206,8.11725931818182,8.62365591397849,6.90969820512821,8.22608695652174,7.88815789473684,8.32856645631068,13
"16",2008,2,7.80514705882353,34,8.525,6.77678571428571,8,7.5546875,8.02777777777778,20,14,2,16,18,430,299,131,25,206,224,8.09258067441861,8.61705685618729,6.89549381679389,8.208,7.8622572815534,8.3043959375,14
"17",2008,3,8.31212121212121,33,8.65714285714286,7.70833333333333,8,8.30714285714286,8.31578947368421,21,12,2,14,19,463,320,143,27,220,243,8.10822827213823,8.6196875,6.96370412587413,8.19259259259259,7.89056818181818,8.30528679012346,15
"18",2008,4,8.08421052631579,19,8.5375,5.66666666666667,NA,8.05,8.12222222222222,16,3,0,10,9,482,336,146,27,230,252,8.10728151452282,8.61577380952381,6.93705267123288,8.19259259259259,7.8975,8.29874876984127,16
"19",2008,5,8.25588235294118,17,8.66785714285714,6.33333333333333,8,8.58333333333333,8.07727272727273,14,3,1,6,11,499,350,149,28,236,263,8.11234406813627,8.61785714285714,6.92489724832215,8.18571428571429,7.91493644067797,8.28948551330798,17
"20",2008,6,8.43181818181818,22,8.66666666666667,3.5,NA,9,7.86363636363636,21,1,0,11,11,521,371,150,28,247,274,8.1258343378119,8.62061994609164,6.9020646,8.18571428571429,7.96325910931174,8.27238937956204,18
"21",2008,7,7.5725,24,7.89647058823529,6.78571428571429,6.8,7.45285714285714,7.74,17,7,5,14,10,545,388,157,33,261,284,8.10146732110092,8.58889175257732,6.89687700636943,7.97575757575758,7.93588122605364,8.25364327464789,19
"22",2008,8,7.68518518518519,27,8.20454545454546,5.4,NA,6.44444444444444,8.30555555555556,22,5,0,9,18,572,410,162,33,270,302,8.08181763986014,8.56826829268293,6.85067709876543,7.97575757575758,7.88616666666667,8.25673738410596,20
"23",2008,9,7.975,28,8.52105263157895,6.82222222222222,7.13333333333333,8.22,7.69230769230769,19,9,3,15,13,600,429,171,36,285,315,8.07683281666667,8.56617715617716,6.84917947368421,7.90555555555556,7.90373684210526,8.23344346031746,21
"24",2008,10,8.30555555555556,18,8.64285714285714,7.125,7,8.0625,8.5,14,4,1,8,10,618,443,175,37,293,325,8.08349464401294,8.56860045146727,6.85548394285714,7.88108108108108,7.90807167235495,8.2416452,22
"25",2008,11,8.27,20,8.80769230769231,7.27142857142857,7.75,8.1,8.44,13,7,4,10,10,638,456,182,41,303,335,8.08934120689655,8.57541666666667,6.87148181318681,7.86829268292683,7.91440594059406,8.24756623880597,23
"26",2008,12,7.76333333333333,30,8.49444444444444,6.66666666666667,6.8,8.05,7.57222222222222,18,12,5,12,18,668,474,194,46,315,353,8.07470013473053,8.5723417721519,6.85881283505155,7.75217391304348,7.91957142857143,8.21312943342776,24
"27",2009,1,8.25,46,8.6969696969697,7.11538461538461,7,8.14,8.38095238095238,33,13,2,25,21,714,507,207,48,340,374,8.08599396358543,8.58045364891519,6.87492603864734,7.72083333333333,7.93577941176471,8.22255264705882,25
"28",2009,2,7.902,50,8.33793103448276,7.3,6.92,8.0047619047619,7.82758620689655,29,21,5,21,29,764,536,228,53,361,403,8.07395247382198,8.56733208955224,6.9140775877193,7.64528301886793,7.93979224376731,8.19413074441687,26
"29",2009,3,8.02093023255814,43,8.72962962962963,6.825,6.41666666666667,8.03684210526316,8.00833333333333,27,16,6,19,24,807,563,244,59,380,427,8.07112724907063,8.57511545293073,6.90823643442623,7.52033898305085,7.9446447368421,8.18368779859485,27
"30",2009,4,7.73684210526316,38,7.89473684210526,7.57894736842105,6,7.875,7.7,19,19,1,8,30,845,582,263,60,388,457,8.0560943076923,8.55290378006873,6.9566908365019,7.495,7.9432087628866,8.1519358643326,28
"31",2009,5,8.04565217391304,46,8.81851851851852,6.94736842105263,7.125,8.34444444444444,7.85357142857143,27,19,4,18,28,891,609,282,64,406,485,8.05555520763187,8.56467980295567,6.95606273049645,7.471875,7.96099753694581,8.13471070103093,29
"32",2009,6,7.72,25,8.3,6.85,8.33333333333333,8,7.58823529411765,15,10,3,8,17,916,624,292,67,414,502,8.04639704148471,8.55831730769231,6.95243044520548,7.51044776119403,7.96175120772947,8.11620456175299,30
"33",2009,7,7.5484375,32,8.465,6.02083333333333,6.17857142857143,7.4875,7.65,20,12,7,20,12,948,644,304,74,434,514,8.02958828059071,8.55541925465839,6.915656875,7.38445945945946,7.93989631336405,8.10532040856031,31
"34",2009,8,8.215,40,8.56666666666667,7.48461538461538,7.66,8.34117647058824,8.12173913043478,27,13,5,17,23,988,671,317,79,451,537,8.03709482793522,8.55587183308495,6.93898955835962,7.40189873417722,7.955022172949,8.10602363128492,32
"35",2009,9,7.72058823529412,34,8.625,6.42857142857143,6,7.4125,7.99444444444444,20,14,6,16,18,1022,691,331,85,467,555,8.02656525440313,8.55787264833575,6.91740087613293,7.30294117647059,7.93643468950749,8.10240484684685,33
"36",2009,10,7.99078947368421,38,8.67,6.68461538461538,7.16666666666667,7.89333333333333,8.05434782608696,25,13,6,15,23,1060,716,344,91,482,578,8.02528272641509,8.56178770949721,6.90860375,7.29395604395604,7.93509336099585,8.10049254325259,34
"37",2009,11,8.25121951219512,41,8.832,7.34375,6.75,7.96428571428571,8.4,25,16,4,14,27,1101,741,360,95,496,605,8.03369635785649,8.57090418353576,6.92794358333333,7.27105263157895,7.93591733870968,8.11385899173554,35
"38",2009,12,7.65263157894737,38,8.55454545454545,6.4125,5.66666666666667,8.33571428571429,7.25416666666667,22,16,6,14,24,1139,763,376,101,510,629,8.02098304653204,8.57043250327654,6.90600981382979,7.17574257425743,7.94689215686274,8.08105674085851,36
"39",2010,1,8.11734693877551,49,8.54677419354839,7.37777777777778,7.66666666666667,8.40238095238095,7.90357142857143,31,18,6,21,28,1188,794,394,107,531,657,8.02495765151515,8.56950881612091,6.92756266497462,7.20327102803738,7.96490583804143,8.07349267884323,37
"40",2010,2,7.46551724137931,29,8.26666666666667,6.60714285714286,7.5,7.05555555555556,7.65,15,14,3,9,20,1217,809,408,110,540,677,8.01162669679539,8.56389369592089,6.91656786764706,7.21136363636364,7.94975,8.060981816839,38
"41",2010,3,8.11538461538461,26,8.75,6,5.33333333333333,8.58333333333333,7.975,20,6,3,6,20,1243,829,414,113,546,697,8.0137970152856,8.5683835946924,6.90328427536232,7.16150442477876,7.95671245421245,8.05851461979914,39
"42",2010,4,8.28888888888889,27,9.04444444444444,6.77777777777778,6.8,8.5,8.24090909090909,18,9,5,5,22,1270,847,423,118,551,719,8.01964542519685,8.57850059031877,6.90061392434988,7.14618644067797,7.96164246823956,8.06409553546593,40
"43",2010,5,7.90925925925926,27,8.70333333333333,6.91666666666667,7.25,7.35,8.14473684210526,15,12,4,8,19,1297,862,435,122,559,738,8.01734748650732,8.58067285382831,6.90105675862069,7.14959016393443,7.95288908765653,8.06617166666667,41
"44",2010,6,7.84375,24,8.22368421052632,6.4,7.25,8.5,7.75,19,5,2,3,21,1321,881,440,124,562,759,8.01419355791067,8.57297389330307,6.89536293181818,7.15120967741935,7.95580960854093,8.0574238339921,42
"45",2010,7,7.85,22,8.26111111111111,6,5.875,7.77777777777778,7.9,18,4,4,9,13,1343,899,444,128,571,772,8.0115038644825,8.5667296996663,6.8872965990991,7.111328125,7.95300350262697,8.05477291450777,43
"46",2010,8,7.86428571428571,28,8.425,6.4625,7,7.6,8.01111111111111,20,8,1,10,18,1371,919,452,129,581,790,8.00849722100656,8.56364526659413,6.87977807522124,7.11046511627907,7.94692771084337,8.0537780886076,44
"47",2010,9,8.50740740740741,27,8.76111111111111,8,6,8.6,8.48636363636364,18,9,1,5,22,1398,937,461,130,586,812,8.01813282546495,8.5674386339381,6.9016479175705,7.10192307692308,7.9525,8.06549838669951,45
"48",2010,10,7.84615384615385,26,8.17857142857143,7.45833333333333,8,7.71428571428571,7.89473684210526,14,12,3,7,19,1424,951,473,133,593,831,8.01499275983146,8.56171398527865,6.91577101479916,7.12218045112782,7.94968802698145,8.06159409145608,46
"49",2010,11,8.15391304347826,23,8.90266666666667,6.75,8.5,8.74285714285714,7.89625,15,8,1,7,16,1447,966,481,134,600,847,8.01720089149966,8.5670082815735,6.91301390852391,7.13246268656716,7.95894166666667,8.05847070838253,47
"50",2010,12,7.99230769230769,52,8.31428571428571,7.32941176470588,6.875,8.09166666666667,7.9625,35,17,4,12,40,1499,1001,498,138,612,887,8.01633735156771,8.55817182817183,6.92722829317269,7.125,7.96154411764706,8.05414282976325,48
"51",2011,1,8.33846153846154,39,8.91785714285714,6.86363636363636,6.66666666666667,7.94444444444444,8.45666666666667,28,11,3,9,30,1538,1029,509,141,621,917,8.02450565019506,8.56795918367347,6.92585400785855,7.11524822695035,7.9612962962963,8.06731154852781,49
"52",2011,2,7.78620689655172,29,8.36111111111111,6.84545454545455,8.01666666666667,7.7125,7.83823529411765,18,11,3,12,17,1567,1047,520,144,633,934,8.02009552648373,8.56440305635148,6.92415325,7.13402777777778,7.95657977883096,8.06314206638116,50
"53",2011,3,7.4527027027027,37,8.38636363636364,6.08333333333333,6.21875,7.953125,7.07142857142857,22,15,8,16,21,1604,1069,535,152,649,955,8.00700728802993,8.56073900841909,6.90057885981309,7.08585526315789,7.95649460708783,8.0413347539267,51
"54",2011,4,7.76052631578947,38,8.49166666666667,6.50714285714286,7.72,8.4375,7.58,24,14,5,8,30,1642,1093,549,157,657,985,8.0013030998782,8.55922232387923,6.89054588342441,7.10605095541401,7.96235159817352,8.02728394923858,52
"55",2011,5,7.96,25,8.35714285714286,5.875,3,8,7.92857142857143,21,4,1,11,14,1667,1114,553,158,668,999,8.00068367726455,8.55541292639138,6.88320016274864,7.08006329113924,7.96297155688623,8.02590059059059,53
"56",2011,6,8.35833333333333,24,8.58,7.25,6.5,8.26,8.42857142857143,20,4,1,10,14,1691,1134,557,159,678,1013,8.00575972205796,8.55584656084656,6.88583427289049,7.07641509433962,7.96735250737463,8.03146563672261,54
"57",2011,7,7.92307692307692,26,8.32352941176471,7.16666666666667,7.16666666666667,7.5,8.14705882352941,17,9,3,9,17,1717,1151,566,162,687,1030,8.0045076820035,8.55241529105126,6.89029980565371,7.07808641975309,7.96122998544396,8.03337348543689,55
"58",2011,8,8.271875,32,8.98,7.09166666666667,6.5,8.2,8.30454545454545,20,12,4,10,22,1749,1171,578,166,697,1052,8.00939947970269,8.55971818958156,6.89448043252595,7.06415662650602,7.96465566714491,8.03904438212928,56
"59",2011,9,7.91612903225806,31,8.76086956521739,5.4875,7.9,8.48,7.80769230769231,23,8,1,5,26,1780,1194,586,167,702,1078,8.00777510674158,8.56359296482412,6.87527250853242,7.06916167664671,7.96832621082621,8.03346446196661,57
"60",2011,10,7.55172413793103,29,7.75,7.22727272727273,6.58333333333333,7.5,7.60714285714286,18,11,6,15,14,1809,1212,597,173,717,1092,8.00046417357657,8.5515099009901,6.88175827470687,7.05231213872832,7.95852859135286,8.0279988003663,58
"61",2011,11,7.49444444444444,36,8.3,6.4875,6.5,7.52307692307692,7.47826086956522,20,16,7,13,23,1845,1232,613,180,730,1115,7.99059061788618,8.54742694805195,6.87146768352366,7.03083333333333,7.95077397260274,8.01665891479821,59
"62",2011,12,7.99390243902439,41,8.61538461538461,6.91666666666667,7.83333333333333,8.34090909090909,7.86666666666667,26,15,3,11,30,1886,1258,628,183,741,1145,7.99066261399788,8.54883147853736,6.87254727707006,7.04398907103825,7.95656545209177,8.01272898689956,60
"63",2012,1,7.44054054054054,37,8,6.85,8.075,6.86363636363636,7.68461538461538,19,18,4,11,26,1923,1277,646,187,752,1171,7.98007784191368,8.54066562255286,6.8719190247678,7.06604278074866,7.94057845744681,8.00544380017079,61
"64",2012,2,7.93333333333333,33,8.53636363636364,6.72727272727273,7,8.18,7.82608695652174,22,11,7,10,23,1956,1299,657,194,762,1194,7.97928920756646,8.54059276366436,6.86949724505327,7.06365979381443,7.94372047244095,8.00198885259631,62
"65",2012,3,7.74852941176471,34,8.0537037037037,6.57142857142857,NA,7.49615384615385,7.90476190476191,27,7,0,13,21,1990,1326,664,194,775,1215,7.97534657788945,8.53067873303168,6.86635495481928,7.06365979381443,7.93621290322581,8.00030838683127,63
"66",2012,4,7.80344827586207,29,8.62105263157895,6.25,6.5,7.5625,7.8952380952381,19,10,2,8,21,2019,1345,674,196,783,1236,7.97287750866766,8.53195539033457,6.85721022255193,7.05790816326531,7.93239463601533,7.99852321197411,64
"67",2012,5,7.81923076923077,26,8.41315789473684,6.20714285714286,7.66666666666667,7.15833333333333,8.0175,19,7,3,6,20,2045,1364,681,199,789,1256,7.97092405378973,8.53030058651026,6.85052817914831,7.06708542713568,7.9265082382763,7.99882539012739,65
"68",2012,6,8.21904761904762,21,8.45833333333333,7.9,8,7.72,8.375,12,9,2,5,16,2066,1376,690,201,794,1272,7.97344612294289,8.52967296511628,6.86421694202899,7.07636815920398,7.92520780856423,8.00355714622641,66
"69",2012,7,8.56923076923077,26,8.98947368421053,7.42857142857143,4,8.16363636363636,8.86666666666667,19,7,1,11,15,2092,1395,697,202,805,1287,7.9808507122371,8.53593548387097,6.86988477761837,7.06113861386139,7.92846583850932,8.01361669774669,67
"70",2012,8,7.71551724137931,29,8.05,6.97222222222222,6.25,6,7.99,20,9,2,4,25,2121,1415,706,204,809,1312,7.97722286185762,8.52906713780919,6.87118936260623,7.0531862745098,7.91893077873919,8.01316668445122,68
"71",2012,9,7.83333333333333,24,8.16666666666667,6.83333333333333,6,8.125,7.6875,18,6,1,8,16,2145,1433,712,205,817,1328,7.97561290909091,8.52451500348919,6.8708703511236,7.0480487804878,7.92094859241126,8.00924298945783,69
"72",2012,10,7.94838709677419,31,8.495,6.95454545454545,7,8.71428571428571,7.725,20,11,2,7,24,2176,1453,723,207,824,1352,7.9752250413603,8.52410874053682,6.87214341632089,7.0475845410628,7.92768810679612,8.00419725591716,70
"73",2012,11,7.96551724137931,29,8.75,6.68181818181818,8.75,8.21428571428571,7.88636363636364,18,11,2,7,22,2205,1471,734,209,831,1374,7.97509736507937,8.52687287559483,6.86929113079019,7.06387559808612,7.93010228640193,8.00231054585153,71
"74",2012,12,7.79868421052632,38,8.17321428571429,6.75,5,7.35714285714286,7.89838709677419,28,10,3,7,31,2243,1499,744,212,838,1405,7.97210864467232,8.52026684456304,6.86768775537635,7.03466981132075,7.92531622911695,8.00001757295373,72
"75",2013,1,7.5,22,8.15384615384615,6.55555555555556,6.75,7.16666666666667,7.625,13,9,4,6,16,2265,1512,753,216,844,1421,7.96752304194261,8.5171164021164,6.86395709163347,7.02939814814815,7.91992298578199,7.99579499648135,73
"76",2013,2,7.96315789473684,38,8.76785714285714,5.71,7,8.27777777777778,7.86551724137931,28,10,1,9,29,2303,1540,763,217,853,1450,7.967451016066,8.52167532467532,6.84883314547838,7.02926267281106,7.92369871043376,7.99318944137931,74
"77",2013,3,8.00557142857143,35,8.68159090909091,6.86153846153846,6.4,8.1995,7.928,22,13,5,10,25,2338,1562,776,222,863,1475,7.96802168092387,8.52392765685019,6.84904599226804,7.01509009009009,7.92689455388181,7.99208453559322,75
"78",2013,4,8.76470588235294,17,8.83333333333333,8.6,8,8.875,8.73076923076923,12,5,1,4,13,2355,1574,781,223,867,1488,7.97377269214437,8.52628653113088,6.86025568501921,7.0195067264574,7.93126874279123,7.99853809811828,76
"79",2013,5,8.22857142857143,21,8.58666666666667,7.33333333333333,8,7.9,8.39285714285714,15,6,2,7,14,2376,1589,787,225,874,1502,7.97602470117845,8.52685651353052,6.86386237611182,7.02822222222222,7.93101830663616,8.00221350865512,77
"80",2013,6,7.38888888888889,18,8.75,5.6875,6.5,8.25,7.14285714285714,10,8,3,4,14,2394,1599,795,228,878,1516,7.97161014619883,8.52825203252032,6.8520247672956,7.02127192982456,7.9324715261959,7.9942775,78
"81",2013,7,8.55238095238095,21,8.7875,7.8,6.5,8.5,8.59166666666667,16,5,3,9,12,2415,1615,800,231,887,1528,7.97666032712215,8.53082043343653,6.8579496125,7.01450216450216,7.93822998872604,7.99896903795811,79
"82",2013,8,7.87121212121212,33,8.27173913043478,6.95,NA,7.875,7.86904761904762,23,10,0,12,21,2448,1638,810,231,899,1549,7.97523884395425,8.52718253968254,6.85908603703704,7.01450216450216,7.93738598442714,7.99720767591995,80
"83",2013,9,7.81904761904762,21,8.74666666666667,5.5,8.5,7.75,7.84666666666667,15,6,2,6,15,2469,1653,816,233,905,1564,7.97391036452005,8.52917422867514,6.84909275735294,7.02725321888412,7.93614364640884,7.99576386828644,81
"84",2013,10,8.28260826086957,23,8.47222166666667,7.6,7,8.449999,8.15384615384615,18,5,2,10,13,2492,1671,821,235,915,1577,7.9767595024077,8.52856073608618,6.85366588306943,7.02702127659574,7.94175955191257,7.99706701965758,82
"85",2013,11,7.725,32,8.58888888888889,6.61428571428571,7.16666666666667,6.55,7.99615384615385,18,14,6,6,26,2524,1689,835,241,921,1603,7.97356762282092,8.52920366489047,6.8496523233533,7.0304979253112,7.93269271444083,7.99705220835933,83
"86",2013,12,7.85416666666667,24,8.56666666666667,6.66666666666667,5.66666666666667,8.21428571428571,7.70588235294118,15,9,3,7,17,2548,1704,844,244,928,1620,7.97244296703297,8.52953344483568,6.84770105450237,7.01372950819672,7.93481679956897,7.99399672222222,84
"87",2014,1,8.19375,32,8.58333333333333,7.025,7.44,7.95454545454545,8.31904761904762,24,8,5,11,21,2580,1728,852,249,939,1641,7.97518786046512,8.53028066550926,6.84936583333333,7.02228915662651,7.93504791267306,7.99815642291286,85
"88",2014,2,7.54102564102564,39,8.814,5.26785714285714,6.6875,8.425,7.31290322580645,25,14,4,8,31,2619,1753,866,253,947,1672,7.96872267277587,8.53432686252139,6.8237987182448,7.01699604743083,7.93918689545935,7.98545136961723,86
"89",2014,3,8.175,36,8.42142857142857,7.3125,9.25,9.0625,7.92142857142857,28,8,2,8,28,2655,1781,874,255,955,1700,7.97151965348399,8.53255193149916,6.82827195652174,7.03450980392157,7.94859684816754,7.98439687647059,87
"90",2014,4,7.840625,32,8.7,5.2625,7.7,6.57142857142857,8.196,24,8,3,7,25,2687,1805,882,258,962,1725,7.96996080387049,8.53477838781163,6.81406994331066,7.0422480620155,7.93857587318087,7.9874635884058,88
"91",2014,5,8.74259259259259,27,9.00238095238095,7.83333333333333,7.16666666666667,9.7,8.525,21,6,3,5,22,2714,1826,888,261,967,1747,7.977647266028,8.54015607338445,6.82095685810811,7.04367816091954,7.94768354705274,7.99423279336004,89
"92",2014,6,7.52631578947368,19,8.25,7,6.75,7,7.66666666666667,8,11,4,4,15,2733,1834,899,265,971,1762,7.97450957921698,8.53889039803708,6.82314759733037,7.03924528301887,7.94377959835222,7.99144420544835,90
"93",2014,7,7.74761904761905,21,8.3,6.64285714285714,NA,7.7,7.7625,14,7,0,5,16,2754,1848,906,265,976,1778,7.97277947712418,8.53708062229437,6.82175462472406,7.03924528301887,7.94253072745902,7.98938396512936,91
"94",2014,8,7.88461538461539,13,9.08333333333333,6.85714285714286,7.5,7.8,7.9375,6,7,4,5,8,2767,1854,913,269,981,1786,7.97236526201662,8.53884843042071,6.82202594742607,7.04609665427509,7.94180427115189,7.98915156215006,92
"95",2014,9,7.73695652173913,23,8.44230769230769,6.82,7.25,8.175,7.64473684210526,13,10,4,4,19,2790,1867,923,273,985,1805,7.97042461648746,8.53817621317622,6.82200399783315,7.04908424908425,7.94275125888325,7.98552614404432,93
"96",2014,10,8.36296296296296,27,8.74736842105263,7.45,7.375,8.07777777777778,8.50555555555556,19,8,4,9,18,2817,1886,931,277,994,1823,7.97418696485623,8.54028366383881,6.82740031149302,7.05379061371841,7.94397383299799,7.99066082830499,94
"97",2014,11,7.87708333333333,24,8.734375,6.1625,7.075,8.325,7.55714285714286,16,8,4,10,14,2841,1902,939,281,1004,1837,7.97336665962689,8.54191639852787,6.82173555910543,7.05409252669039,7.94776891434263,7.98735693522047,95
"98",2014,12,7.39166666666667,24,8,6.87692307692308,7.05714285714286,7.4,7.38888888888889,11,13,7,6,18,2865,1913,952,288,1010,1855,7.96849378010471,8.5388003084161,6.82248917016807,7.05416666666667,7.94451484158416,7.98154969811321,96
"99",2015,1,7.884375,32,8.3,6.97,6.5,8.075,7.82083333333333,22,10,3,8,24,2897,1935,962,291,1018,1879,7.96756461166724,8.53608526614987,6.82402254677755,7.04845360824742,7.94554026522593,7.97949690792975,97
"100",2015,2,8.30952380952381,21,9.21176470588235,4.475,7,8.6,8.19333333333333,17,4,1,6,15,2918,1952,966,292,1024,1894,7.97002559287183,8.54196976946721,6.81429574534162,7.04828767123288,7.94937499023438,7.98119043822598,98
"101",2015,3,7.7030303030303,33,8.31818181818182,6.47272727272727,7.16666666666667,7.24444444444444,7.875,22,11,3,9,24,2951,1974,977,295,1033,1918,7.96703987800746,8.53947567882472,6.81045004094166,7.04949152542373,7.94323329138432,7.97986167361835,99
"102",2015,4,7.6948717948718,39,8.34615384615385,6.39230769230769,8.15,8,7.63939393939394,26,13,4,6,33,2990,2000,990,299,1039,1951,7.96348985953177,8.536962495,6.80495928282828,7.06421404682274,7.94356110683349,7.97410286519733,100
"103",2015,5,7.86538461538461,26,8.51875,6.82,5.75,8.31428571428571,7.7,16,10,2,7,19,3016,2016,1000,301,1046,1970,7.96264412466843,8.53681795138889,6.80510969,7.05548172757475,7.94604205544933,7.97145923350254,101
"104",2015,6,7.82423076923077,26,8.6578947368421,5.56142857142857,6.66666666666667,7.7,7.85380952380952,19,7,3,5,21,3042,2035,1007,304,1051,1991,7.96146110453649,8.53794839803439,6.79646443892751,7.0516447368421,7.94487154138915,7.97021832747363,102
"105",2015,7,8.0859375,32,8.6625,7.125,7.66666666666667,8.5,7.97,20,12,6,7,25,3074,2055,1019,310,1058,2016,7.96275689004554,8.53916057907542,6.8003333562316,7.06354838709677,7.94854441398866,7.97021562003968,103
"106",2015,8,7.66363636363636,33,8.83125,6.56470588235294,7.35714285714286,7.86363636363636,7.56363636363636,16,17,7,11,22,3107,2071,1036,317,1069,2038,7.95957987769553,8.54141718493481,6.79646688223938,7.07003154574132,7.94767071094481,7.96582663886163,104
"107",2015,9,8.32068965517241,29,8.825,7.2,7.26666666666667,8,8.35769230769231,20,9,3,3,26,3136,2091,1045,320,1072,2064,7.96291922193878,8.54412959827833,6.79994228708134,7.071875,7.94781715485075,7.97076293120155,105
"108",2015,10,8.31034482758621,29,8.73913043478261,6.66666666666667,6.5,8.5,8.225,23,6,2,9,20,3165,2114,1051,322,1081,2084,7.96610258451817,8.54625117786187,6.79918143672693,7.06832298136646,7.95241442183164,7.97320282629559,106
"109",2015,11,7.77857142857143,35,8.3375,7.03333333333333,7.5,8,7.74166666666667,20,15,7,5,30,3200,2134,1066,329,1086,2114,7.9640514625,8.54429474695407,6.80247625703565,7.07750759878419,7.95263350828729,7.96991707190161,107
"110",2015,12,7.6037037037037,27,8.53571428571429,6.6,7.6,8.4,7.42272727272727,14,13,5,5,22,3227,2148,1079,334,1091,2136,7.9610364673071,8.54423882216015,6.80003678405932,7.08532934131737,7.95468376718607,7.96428122191011,108
"111",2016,1,7.67241379310345,29,8.41666666666667,6.45454545454545,5.66666666666667,6.33333333333333,7.82692307692308,18,11,3,3,26,3256,2166,1090,337,1094,2162,7.95846581081081,8.5431786657433,6.79655017431193,7.07270029673591,7.95023765082267,7.96262936632747,109
"112",2016,2,8.4568275862069,29,9.20282352941176,7.4,8.1,8.72222222222222,8.3374,17,12,5,9,20,3285,2183,1102,342,1103,2182,7.96286535159817,8.5483156161246,6.80312131578948,7.08771929824561,7.95653670897552,7.96606447754354,110
"113",2016,3,7.95833333333333,30,8.77380952380952,6.05555555555556,5.5,8.25,7.91346153846154,21,9,2,4,26,3315,2204,1111,344,1107,2208,7.96282433785822,8.55046415154265,6.79706542754276,7.07848837209302,7.957597100271,7.96544505887681,111
"114",2016,4,7.825,32,8.05238095238095,7.39090909090909,5.5,7,7.91034482758621,21,11,2,3,29,3347,2225,1122,346,1110,2237,7.96150662683,8.54576314157303,6.80288742424243,7.06936416184971,7.955009,7.96473075100581,112
"115",2016,5,8.40689655172414,29,8.825,6.4,3,9.25555555555556,8.025,24,5,1,9,20,3376,2249,1127,347,1119,2257,7.96533254739337,8.54874299244108,6.80109999112689,7.05763688760807,7.96546915996425,7.9652648161276,113
"116",2016,6,8.171875,32,8.44230769230769,7,6.5,8.75,8.08928571428571,26,6,2,4,28,3408,2275,1133,349,1123,2285,7.96727191314554,8.54752658901099,6.80215330097088,7.05444126074499,7.96826357079252,7.96678454704595,114
"117",2016,7,8.02272727272727,22,8.34375,7.16666666666667,6.5,7.8,8.08823529411765,16,6,2,5,17,3430,2291,1139,351,1128,2302,7.96762760349854,8.54610344391095,6.80407347673398,7.05128205128205,7.96751772163121,7.9676814465682,115
"118",2016,8,8.18125,32,8.67391304347826,6.92222222222222,8,8.28571428571429,8.152,23,9,1,7,25,3462,2314,1148,352,1135,2327,7.96960216060081,8.54737380726015,6.80499972996516,7.05397727272727,7.96948016740088,7.96966166308552,116
"119",2016,9,7.4984375,32,8.27954545454545,5.78,6.5,8.5,7.26730769230769,22,10,1,6,26,3494,2336,1158,353,1141,2353,7.96528697195192,8.54485145119863,6.79614826424871,7.05240793201133,7.97226992988607,7.96190084572886,117
"120",2016,10,7.55606060606061,33,8.01470588235294,7.06875,8.02,6.60625,7.86,17,16,5,8,25,3527,2353,1174,358,1149,2378,7.9614580890275,8.54102124521887,6.79986344974447,7.0659217877095,7.96275891209748,7.96082955845248,118
"121",2016,11,7.67741935483871,31,8.5625,6.73333333333333,6.5,7.35714285714286,7.77083333333333,16,15,4,7,24,3558,2369,1189,362,1156,2402,7.9589833277122,8.54116631067961,6.79902412952061,7.05966850828729,7.95909168685121,7.95893117818485,119
"122",2016,12,7.64,30,8.385,6.15,6.7,7.44444444444444,7.72380952380952,20,10,5,9,21,3588,2389,1199,367,1165,2423,7.95631624303233,8.53985893260779,6.79361108423687,7.05476839237057,7.95511587124464,7.95689339248865,120
"123",2017,1,7.78869565217391,46,8.56961538461538,6.7735,6.5,8.55125,7.62815789473684,26,20,4,8,38,3634,2415,1219,371,1173,2461,7.95419446340121,8.54017929192547,6.79328112387203,7.04878706199461,7.9591815771526,7.95181742787485,121
"124",2017,2,7.47058823529412,34,8.14705882352941,6.79411764705882,7.8,7.66666666666667,7.45161290322581,17,17,5,3,31,3668,2432,1236,376,1176,2492,7.94971174482006,8.537431328125,6.79329262944984,7.05877659574468,7.95843536564626,7.94559497993579,122
"125",2017,3,7.644,25,8.45333333333333,6.43,6.075,7.83333333333333,7.58421052631579,15,10,4,6,19,3693,2447,1246,380,1182,2511,7.9476422095857,8.53691581119739,6.79037695826645,7.04842105263158,7.95780032994924,7.94286048984468,123
"126",2017,4,7.59230769230769,39,8.25555555555556,6.1,8,7.6875,7.56774193548387,27,12,2,8,31,3732,2474,1258,382,1190,2542,7.94392890675241,8.53384518593371,6.78379148648649,7.05340314136126,7.95598318487395,7.93828587332809,124
"127",2017,5,7.79,20,8.19583333333333,7.18125,8.15,6.75,7.97352941176471,12,8,3,3,17,3752,2486,1266,385,1193,2559,7.9431083901919,8.53221359211585,6.78630307266983,7.06194805194805,7.9529505364627,7.93852000390778,125
"128",2017,6,7.86969696969697,33,8.5,6.42,7.05,8.5,7.7,23,10,4,7,26,3785,2509,1276,389,1200,2585,7.94246834346103,8.53191829015544,6.78343235893417,7.06182519280206,7.95614165833333,7.93612096324951,126
"129",2017,7,7.79032258064516,31,8.58333333333333,6.69230769230769,6.33333333333333,8.42857142857143,7.60416666666667,18,13,3,7,24,3816,2527,1289,392,1207,2609,7.94123235849056,8.53228452314998,6.78251333591932,7.05625,7.95888151615576,7.933067339977,127
"130",2017,8,7.69459459459459,37,8.35,6.73333333333333,6.25,6.68181818181818,8.12307692307692,22,15,6,11,26,3853,2549,1304,398,1218,2635,7.93886391902414,8.53071125539427,6.78194761503068,7.04409547738693,7.94734810344828,7.93494219734345,128
"131",2017,9,7.89047619047619,21,8.05833333333333,7.66666666666667,6.5,5,8.37222222222222,12,9,4,3,18,3874,2561,1313,402,1221,2653,7.9386016210635,8.52849784849668,6.78801194973344,7.0386815920398,7.94010646191646,7.93790904259329,129
"132",2017,10,7.26190476190476,21,8.125,6.11111111111111,5,7.41666666666667,7.2,12,9,1,6,15,3895,2573,1322,403,1227,2668,7.93495319127086,8.52661600855033,6.783403698941,7.03362282878412,7.93754685411573,7.93376037856072,130
"133",2017,11,7.53571428571429,28,7.925,6.5625,5.75,8.1,7.22222222222222,20,8,4,10,18,3923,2593,1330,407,1237,2686,7.93210366556207,8.52197569996144,6.78207495488722,7.02100737100737,7.93886013742927,7.92899206626955,131
"134",2017,12,7.72142857142857,42,8.1625,6.31,6.25,8.25,7.55625,32,10,4,10,32,3965,2625,1340,411,1247,2718,7.92987205044136,8.51759352,6.77855200746269,7.01350364963504,7.94135524458701,7.92460363870493,132
"135",2018,1,7.8245524,25,7.872415,7.76363636363636,7.63333333333333,9,7.77557541666667,14,11,3,1,24,3990,2639,1351,414,1248,2742,7.9292121528822,8.51417082228117,6.78657267949667,7.01799516908213,7.94220351762821,7.92329923413567,133
"136",2018,2,8.31071428571429,28,8.675,6.125,8.75,8.4,8.29130434782609,24,4,2,5,23,4018,2663,1355,416,1253,2765,7.93187070433051,8.51562027788209,6.78461969741698,7.02632211538462,7.94403031923384,7.92636039783002,134
"137",2018,3,8.278125,32,8.63636363636364,7.49,7.25,8.675,8.14583333333333,22,10,2,8,24,4050,2685,1365,418,1261,2789,7.93460654074074,8.51660960893855,6.78978731868132,7.02739234449761,7.94866771609833,7.92824901398351,135
"138",2018,4,7.92444444444444,36,8.65851851851852,5.72222222222222,5,8.61111111111111,7.69555555555556,27,9,1,9,27,4086,2712,1374,419,1270,2816,7.93451700685267,8.51802241887906,6.7827945342067,7.02255369928401,7.95336219685039,7.92601793323863,136
"139",2018,5,7.65904761904762,21,8.06461538461538,7,6.66666666666667,7.5,7.69647058823529,13,8,3,4,17,4107,2725,1382,422,1274,2833,7.93310847090333,8.51585937614679,6.78405187409552,7.02002369668246,7.95193876766091,7.92464048711613,137
"140",2018,6,7.34210526315789,19,8.53846153846154,4.75,5.66666666666667,7,7.40625,13,6,3,3,16,4126,2738,1388,425,1277,2849,7.93038693407659,8.51596669101534,6.7752591426513,7.01047058823529,7.94970241973375,7.9217292032292,138
"141",2018,7,7.875,20,8.5,6,6,8.16666666666667,7.75,15,5,4,6,14,4146,2753,1393,429,1283,2863,7.93011975156778,8.51587969487832,6.77247644651831,7.00104895104895,7.95071706157444,7.92088945162417,139
"142",2018,8,8.16981481481482,27,8.88235294117647,6.9585,6.625,8.5925,7.83166666666667,17,10,4,12,15,4173,2770,1403,433,1295,2878,7.93167061826024,8.51812880866426,6.77380234497506,6.99757505773672,7.95666408494209,7.9204244266852,140
"143",2018,9,7.63461538461539,26,8.13888888888889,6.5,5,6.33333333333333,7.80434782608696,18,8,2,3,23,4199,2788,1411,435,1298,2901,7.92983126696832,8.51568034433286,6.77224995747697,6.9883908045977,7.95291216486903,7.91950413650465,141
"144",2018,10,8.36818181818182,22,8.705,5,3,7.33333333333333,8.53157894736842,20,2,1,3,19,4221,2808,1413,436,1301,2920,7.93211596541104,8.51702877492878,6.76974146496815,6.97924311926605,7.95148346656418,7.92348681506849,142
"145",2018,11,7.96818181818182,22,8.22142857142857,7.525,NA,7.32,8.15882352941176,14,8,0,5,17,4243,2822,1421,436,1306,2937,7.93230296724016,8.5155622962438,6.77399344827586,6.97924311926605,7.94906584226646,7.92484899557371,143
"146",2018,12,7.94153846153846,26,8.174,7.16666666666667,7.5,7,8.11272727272727,20,6,2,4,22,4269,2842,1427,438,1310,2959,7.9323592152729,8.51315862068966,6.77564449194114,6.98162100456621,7.94616793129771,7.92624586008787,144
"147",2019,1,7.88103448275862,29,8.284375,7.38461538461539,8,9,7.84107142857143,16,13,4,1,28,4298,2858,1440,442,1311,2987,7.93201291065612,8.51187781665501,6.78114214583334,6.9908371040724,7.9469717696415,7.92544743890191,145
"148",2019,2,7.38333333333333,30,7.97368421052632,6.36363636363636,6.75,7.45,7.35,19,11,4,10,20,4328,2877,1451,446,1321,3007,7.92820967883549,8.50832353145638,6.77797704341833,6.98867713004484,7.94320968205905,7.92162005320918,146
"149",2019,3,7.74193548387097,31,8.55882352941176,6.75,6,8,7.71428571428571,17,14,3,3,28,4359,2894,1465,449,1324,3035,7.92688494838266,8.5086201796821,6.77770968600683,6.98207126948775,7.94333836102719,7.91970724876441,147
"150",2019,4,8.25483870967742,31,8.6375,6.94285714285714,7,8.48333333333333,8.2,24,7,2,6,25,4390,2918,1472,451,1330,3060,7.92920079498861,8.50968019191227,6.77849503396739,6.98215077605321,7.94577442857143,7.92199722222222,148
"151",2019,5,8,22,8.5,6.92857142857143,6.5,8,8,15,7,3,5,17,4412,2933,1479,454,1335,3077,7.92955382819583,8.50963068530515,6.7792053346856,6.97896475770925,7.94597752059925,7.92242817679558,149
"152",2019,6,8.07571428571429,35,8.102,8.01,7.725,8.04,8.09,25,10,4,10,25,4447,2958,1489,458,1345,3102,7.9307041803463,8.50618553076403,6.78747124916051,6.98548034934498,7.94667657249071,7.92377869116699,150
"153",2019,7,8.40555555555556,18,8.56153846153846,8,7,7.5,8.51875,13,5,1,2,16,4465,2971,1494,459,1347,3118,7.93261847480403,8.50642773476944,6.79152924364123,6.98551198257081,7.94601335560505,7.92683178319435,151
"154",2019,8,8.025,20,8.28571428571429,7.41666666666667,7.66666666666667,8.33333333333333,7.97058823529412,14,6,3,3,17,4485,2985,1500,462,1350,3135,7.93303043255296,8.50539256281407,6.79402979333334,6.98993506493506,7.94687406666667,7.92706905901116,152
"155",2019,9,7.72727272727273,22,8.65384615384615,6.38888888888889,6.375,6.5,7.85,13,9,4,2,20,4507,2998,1509,466,1352,3155,7.93202606833814,8.50603629086057,6.79161344599073,6.98465665236052,7.9447337204142,7.92658050713153,153
"156",2019,10,7.60166666666667,30,8.00208333333333,6,6.66666666666667,6.85714285714286,7.82826086956522,24,6,3,7,23,4537,3022,1515,469,1359,3178,7.92984163323783,8.50203401720715,6.78847834323433,6.98262260127932,7.9391317071376,7.92586894273127,154
"157",2019,11,8.1725,40,8.31935483870968,7.66666666666667,8,8.23529411764706,8.12608695652174,31,9,4,17,23,4577,3053,1524,473,1376,3201,7.93196230937295,8.50017910252211,6.79366449475066,6.99122621564482,7.94279069040698,7.92730756013745,155
"158",2019,12,7.97222222222222,36,8.44230769230769,6.75,6.2,8.33333333333333,7.9,26,10,5,6,30,4613,3079,1534,478,1382,3231,7.9322764990245,8.49969041896719,6.79337985006519,6.98294979079498,7.94448624457308,7.92705400804704,156
"159",2020,1,8.26,40,8.63461538461539,7.56428571428571,7.25,7.98333333333333,8.30882352941176,26,14,2,6,34,4653,3105,1548,480,1388,3265,7.93509380829573,8.50082022544283,6.80035186692507,6.9840625,7.94465417146974,7.93102955589586,157
"160",2020,2,8.33846153846154,39,8.60344827586207,7.57,NA,8.61428571428571,8.278125,29,10,0,7,32,4692,3134,1558,480,1395,3297,7.93844660912191,8.5017698787492,6.80529184210527,6.9840625,7.9480143297491,7.93439839247801,158
"161",2020,3,8.38625736842105,38,8.695635,7.52,6.625,7.88571428571429,8.49928322580645,28,10,4,7,31,4730,3162,1568,484,1402,3328,7.94204424312897,8.50348658444023,6.80984992984694,6.98109504132231,7.94770327389444,7.93966024038461,159
"162",2020,4,8.25047628571429,35,8.7106668,7.1,6,8.2625,8.2469137037037,25,10,2,8,27,4765,3187,1578,486,1410,3355,7.94430974606506,8.50511178224035,6.81168865019012,6.97705761316872,7.94948935460993,7.94213292101341,160
"163",2020,5,8.12682926829268,41,8.888,6.9375,7,8.03846153846154,8.16785714285714,25,16,1,13,28,4806,3212,1594,487,1423,3383,7.94586682064087,8.50809192092154,6.81295149937265,6.97710472279261,7.95030217146873,7.94400116760272,161
"164",2020,6,7.77121212121212,33,8.24772727272727,6.81818181818182,7.2,8,7.70961538461538,22,11,5,7,26,4839,3234,1605,492,1430,3409,7.94467574705518,8.50632073283859,6.8129873457944,6.97936991869919,7.95054544755245,7.94221353769434,162
"165",2020,7,8.06521739130435,23,8.52941176470588,6.75,4.5,7.5,8.18421052631579,17,6,2,4,19,4862,3251,1611,494,1434,3428,7.94524597696421,8.50644147954475,6.81275275605215,6.96933198380567,7.94928869595537,7.94355482788798,163
"166",2020,8,7.54146341463415,41,8.48636363636364,6.44736842105263,6.83333333333333,8.68571428571429,7.30588235294118,22,19,6,7,34,4903,3273,1630,500,1441,3462,7.94186945543545,8.50630652306752,6.80849367484663,6.9677,7.95286605829285,7.93729230213749,164
"167",2020,9,8.428,35,8.48142857142857,8.21428571428571,9,8.66666666666667,8.37862068965517,28,7,3,6,29,4938,3301,1637,503,1447,3491,7.94531509518024,8.50609550136322,6.81450500305437,6.97982107355865,7.95582583966828,7.94095845030077,165
"168",2020,10,7.88676470588235,34,8.24130434782609,7.14545454545455,7,8.07142857142857,7.83888888888889,23,11,3,7,27,4972,3324,1648,506,1454,3518,7.94491471037812,8.50426331227437,6.81671401092233,6.97994071146245,7.95638238651995,7.94017508527572,166
"169",2020,11,7.91891891891892,37,8.11538461538461,7.45454545454545,8.5,7.41666666666667,8.01612903225806,26,11,2,6,31,5009,3350,1659,508,1460,3549,7.94472268716311,8.50124514925373,6.82094315250151,6.98592519685039,7.95416437671233,7.94083853198084,167
"170",2020,12,8.1665625,32,8.46958333333333,7.2575,8.44,9.005,7.97307692307692,24,8,4,6,26,5041,3374,1667,512,1466,3575,7.94613091450109,8.50101993183165,6.82303820635873,6.99728515625,7.95846520463847,7.94107299300699,168
"171",2021,1,7.89166666666667,36,8.22916666666667,7.21666666666667,6.75,7.875,7.89642857142857,24,12,4,8,28,5077,3398,1679,516,1474,3603,7.94574471932243,8.49909983814008,6.82585151280524,6.99536821705426,7.95801220488467,7.94072604773799,169
"172",2021,2,8.44516129032258,31,8.7,7.38333333333333,7.76666666666667,8.85714285714286,8.325,25,6,3,7,24,5108,3423,1685,519,1481,3627,7.94877563429914,8.50056711948583,6.82783661127597,6.99982658959538,7.96226197839298,7.9432688034188,170
"173",2021,3,7.80606060606061,33,8.4625,6.05555555555556,6.5,8.18333333333333,7.72222222222222,24,9,2,6,27,5141,3447,1694,521,1487,3654,7.94785954872593,8.50030207426748,6.82373358323495,6.99790786948177,7.96315399462004,7.94163545429666,171
"174",2021,4,7.94321428571429,28,7.82904761904762,8.28571428571429,8,7.73875,8.025,21,7,4,8,20,5169,3468,1701,525,1495,3674,7.94783438576127,8.49623738465974,6.82974996472663,7.00554285714286,7.96195317056856,7.94208926238432,172
"175",2021,5,8.0171875,32,8.54545454545454,6.855,NA,6.91666666666667,8.27115384615385,22,10,0,6,26,5201,3490,1711,525,1501,3700,7.94826109209768,8.49654763610315,6.82989753945062,7.00554285714286,7.95777481012658,7.94440160810811,173
"176",2021,6,7.91333333333333,30,8.27826086956522,6.71428571428571,8,8.57142857142857,7.71304347826087,23,7,1,7,23,5231,3513,1718,526,1508,3723,7.94806077996559,8.49511848847139,6.82942647846333,7.00743346007605,7.96062333554377,7.9429723207091,174
"177",2021,7,8.26739130434783,23,8.46470588235294,7.70833333333333,7.33333333333333,9.66666666666667,8.0575,17,6,3,3,20,5254,3530,1724,529,1511,3743,7.94945868671489,8.49497202549575,6.83248531902552,7.00928166351607,7.96401058239577,7.94358427731766,175
"178",2021,8,7.58846153846154,26,8.30833333333333,5.96875,5.66666666666667,7.77222222222222,7.49117647058824,18,8,6,9,17,5280,3548,1732,535,1520,3760,7.94768104924243,8.49402515501691,6.82849577944573,6.99422429906542,7.96287499342105,7.94153881648936,176
"179",2021,9,8.065078125,32,8.08454545454545,8.02225,8.5,7.69694444444444,8.20913043478261,22,10,2,9,23,5312,3570,1742,537,1529,3783,7.94838826054217,8.49150175070028,6.83534855912744,6.99983240223464,7.96130967298888,7.943165728258,177
"180",2021,10,7.83333333333333,27,8.62,6.85,6.06666666666667,9,7.74,15,12,3,2,25,5339,3585,1754,540,1531,3808,7.94780641318599,8.49203940027894,6.83544879703535,6.99464814814815,7.96266655127368,7.94183191964286,178
"181",2021,11,8.07826086956522,23,8.46111111111111,6.7,7,8.375,8.01578947368421,18,5,2,4,19,5362,3603,1759,542,1535,3827,7.94836599030213,8.49188488759367,6.83506378055714,6.99466789667897,7.96374103583062,7.94219909851058,179
"182",2021,12,7.90594594594595,37,8.4208,6.83333333333333,5,7.825,7.92827586206897,25,12,2,8,29,5399,3628,1771,544,1543,3856,7.94807528060752,8.49139505237045,6.83505205533597,6.98733455882353,7.96302170447181,7.94209438537344,180
"183",2022,1,8.10294117647059,34,8.35185185185185,7.14285714285714,7,7.825,8.14,27,7,2,4,30,5433,3655,1778,546,1547,3886,7.94904443953617,8.49036422708618,6.8362638863892,6.98738095238095,7.96266482870071,7.94362222079259,181
"184",2022,2,7.7895,40,8.51037037037037,6.29230769230769,4.33333333333333,7.33333333333333,7.82648648648649,27,13,3,3,37,5473,3682,1791,549,1550,3923,7.94787839210671,8.49051093155894,6.83231557230598,6.97287795992714,7.96144676774194,7.94251744838134,182
"185",2022,3,8.47894736842105,19,8.8,7.92857142857143,8.5,8.86666666666667,8.40625,12,7,1,3,16,5492,3694,1798,550,1553,3939,7.94971566642389,8.49151631023281,6.83658353170189,6.97565454545455,7.96319542176433,7.9444011043412,183
"186",2022,4,8.00794871794872,39,8.54263157894737,7.5,7.9,8.91833333333333,7.84242424242424,19,20,5,6,33,5531,3713,1818,555,1559,3972,7.95012627734587,8.49177787503367,6.84388184268427,6.98398198198198,7.96687138550353,7.94355386455186,184
"187",2022,5,8.05689655172414,29,8.3375,7.43333333333333,6,7.5,8.3075,20,9,3,9,20,5560,3733,1827,558,1568,3992,7.95068317266187,8.4909513126172,6.84678554460865,6.9786917562724,7.96419163903061,7.94537724198397,185
"188",2022,6,7.52941176470588,17,7.54545454545455,7.5,6,6.28571428571429,8.4,11,6,2,7,10,5577,3744,1833,560,1575,4002,7.94939903890981,8.4881734107906,6.84892372613203,6.97519642857143,7.95673173968254,7.94651323088456,186
"189",2022,7,8.5,28,8.77777777777778,8,9,9.125,8.25,18,10,1,8,20,5605,3762,1843,561,1583,4022,7.95214958786798,8.48955907761829,6.85516939229517,6.97880570409982,7.96263581174984,7.94802236449528,187
"190",2022,8,7.70588235294118,34,8.05,7.21428571428571,7,7.71428571428571,7.7037037037037,20,14,2,7,27,5639,3782,1857,563,1590,4049,7.95066473488207,8.48723459809625,6.85787678513732,6.9788809946714,7.96154244654088,7.94639317115337,188
"191",2022,9,7.95652173913043,23,8.36363636363636,7.58333333333333,8.25,7.92857142857143,7.96875,11,12,2,7,16,5662,3793,1869,565,1597,4065,7.95068852702226,8.48687615344055,6.86253461209203,6.98338053097345,7.96139792736381,7.94648116851168,189
"192",2022,10,7.292,25,8.2375,5.61111111111111,6.83333333333333,7.4,7.265,16,9,3,5,20,5687,3809,1878,568,1602,4085,7.94779293828029,8.48582862956157,6.85653737486688,6.98258802816901,7.95964574906367,7.94314466340269,190
"193",2022,11,7.51357142857143,28,8.43411764705882,6.09090909090909,5,7.3,7.5392,17,11,3,3,25,5715,3826,1889,571,1605,4110,7.94566551881015,8.48559886304234,6.8520789782954,6.97217162872154,7.95841276635514,7.94068757907542,191
"194",2022,12,8.13235294117647,34,8.56,6.94444444444444,NA,7.73333333333333,8.21785714285714,25,9,0,6,28,5749,3851,1898,571,1611,4138,7.94676960166986,8.48608186185406,6.85251695995785,6.97217162872154,7.95757448168839,7.94256306186564,192
