"","year","month","avg_rating","no_ratings","avg_rating_owned","avg_rating_not_owned","avg_rating_prev_owned","avg_rating_comment","avg_rating_no_comment","no_ratings_owned","no_ratings_not_owned","no_ratings_prev_owned","no_ratings_comment","no_ratings_no_comment","cum_no_ratings","cum_no_ratings_owned","cum_no_ratings_not_owned","cum_no_ratings_prev_owned","cum_no_ratings_comment","cum_no_ratings_no_comment","cum_avg_rating","cum_avg_rating_owned","cum_avg_rating_not_owned","cum_avg_rating_prev_owned","cum_avg_rating_comment","cum_avg_rating_no_comment","month_after_release"
"1",2006,2,8,2,8,NA,NA,NA,8,2,0,0,0,2,2,2,0,0,0,2,8,8,NA,NA,NA,8,-13
"2",2006,5,9,4,8.66666666666667,10,NA,NA,9,3,1,0,0,4,6,5,1,0,0,6,8.66666666666667,8.4,10,NA,NA,8.66666666666667,-10
"3",2006,7,9,2,10,8,8,10,8,1,1,1,1,1,8,6,2,1,1,7,8.75,8.66666666666667,9,8,10,8.57142857142857,-8
"4",2006,8,8,4,NA,8,NA,NA,8,0,4,0,0,4,12,6,6,1,1,11,8.5,8.66666666666667,8.33333333333333,8,10,8.36363636363636,-7
"5",2006,9,7,2,NA,7,NA,NA,7,0,2,0,0,2,14,6,8,1,1,13,8.28571428571429,8.66666666666667,8,8,10,8.15384615384615,-6
"6",2006,10,10,1,10,NA,NA,10,NA,1,0,0,1,0,15,7,8,1,2,13,8.4,8.85714285714286,8,8,10,8.15384615384615,-5
"7",2006,12,10,1,10,NA,NA,NA,10,1,0,0,0,1,16,8,8,1,2,14,8.5,9,8,8,10,8.28571428571429,-3
"8",2007,1,8,1,NA,8,NA,NA,8,0,1,0,0,1,17,8,9,1,2,15,8.47058823529412,9,8,8,10,8.26666666666667,-2
"9",2007,2,5.779825,2,3.5,8.05965,NA,NA,5.779825,1,1,0,0,2,19,9,10,1,2,17,8.18735,8.38888888888889,8.005965,8,10,7.97409705882353,-1
"10",2007,3,9,4,9,9,NA,NA,9,2,2,0,0,4,23,11,12,1,2,21,8.32868043478261,8.5,8.1716375,8,10,8.16950714285714,0
"11",2007,4,9.66666666666667,3,9.5,10,NA,NA,9.66666666666667,2,1,0,0,3,26,13,13,1,2,24,8.48306346153846,8.65384615384615,8.31228076923077,8,10,8.35665208333333,1
"12",2007,5,7.5,5,7.375,8,NA,7.75,7.33333333333333,4,1,0,2,3,31,17,14,1,4,27,8.32450483870968,8.35294117647059,8.289975,8,8.875,8.24295,2
"13",2007,6,8.08333333333333,6,8.08333333333333,NA,NA,8.5,7.66666666666667,6,0,0,3,3,37,23,14,1,7,30,8.28539594594595,8.28260869565217,8.289975,8,8.71428571428571,8.18532166666667,3
"14",2007,7,8.05555555555556,9,8.6,7.375,NA,8.25,7.9,5,4,0,4,5,46,28,18,1,11,35,8.24042717391304,8.33928571428571,8.08664722222222,8,8.54545454545454,8.14456142857143,4
"15",2007,8,8.875,8,9,8.66666666666667,8,8.83333333333333,8.9,5,3,1,3,5,54,33,21,2,14,40,8.33443796296296,8.43939393939394,8.16950714285714,8,8.60714285714286,8.23899125,5
"16",2007,9,7.5,10,7.75,7.125,NA,7.125,7.75,6,4,0,4,6,64,39,25,2,18,46,8.20405703125,8.33333333333333,8.002386,8,8.27777777777778,8.17520978260869,6
"17",2007,10,8.5,38,8.72727272727273,8.1875,7.33333333333333,8.21428571428571,8.66666666666667,22,16,3,14,24,102,61,41,5,32,70,8.31431029411765,8.47540983606557,8.0746256097561,7.6,8.25,8.34370928571428,7
"18",2007,11,7.38064516129032,31,7.96315789473684,6.45833333333333,NA,7.05714285714286,7.64705882352941,19,12,0,14,17,133,80,53,5,46,87,8.09668909774436,8.35375,7.70867264150943,7.6,7.88695652173913,8.20758218390804,8
"19",2007,12,7.04166666666667,24,8,5.44444444444444,NA,6.5,7.42857142857143,15,9,0,10,14,157,95,62,5,56,101,7.93541178343949,8.2978947368421,7.37999435483871,7.6,7.63928571428571,8.0996004950495,9
"20",2008,1,6.91666666666667,36,7.43478260869565,6,NA,6.93333333333333,6.90476190476191,23,13,0,15,21,193,118,75,5,71,122,7.74538678756477,8.12966101694915,7.14079533333333,7.6,7.49014084507042,7.89393155737705,10
"21",2008,2,7.75769230769231,26,7.96875,7.42,7.23333333333333,7.92857142857143,7.69473684210526,16,10,3,7,19,219,134,85,8,78,141,7.74684771689498,8.11044776119403,7.17364294117647,7.4625,7.52948717948718,7.86708971631206,11
"22",2008,3,7.98571428571429,21,8.475,7.33333333333333,7,7.57142857142857,8.19285714285714,12,9,2,7,14,240,146,94,10,85,155,7.76774854166667,8.14041095890411,7.18893244680851,7.37,7.53294117647059,7.89651387096774,12
"23",2008,4,7.6,20,8.63636363636364,6.33333333333333,6.5,7.1875,7.875,11,9,1,8,12,260,157,103,11,93,167,7.75484480769231,8.17515923566879,7.1141713592233,7.29090909090909,7.50322580645161,7.89496796407186,13
"24",2008,5,7.16666666666667,18,8,6.63636363636364,7,6.8125,7.45,7,11,1,8,10,278,164,114,12,101,177,7.71676133093525,8.16768292682927,7.06806710526316,7.26666666666667,7.44851485148515,7.86982853107345,14
"25",2008,6,7.16666666666667,18,8.375,6.2,10,8.14285714285714,6.54545454545455,8,10,1,7,11,296,172,124,13,108,188,7.68330962837838,8.17732558139535,6.99806169354839,7.47692307692308,7.49351851851852,7.79233856382979,15
"26",2008,7,7.20526315789474,19,8.24166666666667,5.42857142857143,6.5,8.48571428571429,6.45833333333333,12,7,2,7,12,315,184,131,15,115,200,7.65447507936508,8.18152173913044,6.91419580152672,7.34666666666667,7.55391304347826,7.71229825,16
"27",2008,8,7.53448275862069,29,8.40384615384615,6.828125,7.20833333333333,6.975,7.82894736842105,13,16,6,10,19,344,197,147,21,125,219,7.64435944767442,8.19619289340102,6.90482755102041,7.30714285714286,7.5076,7.72241849315068,17
"28",2008,9,7.5,21,7.35714285714286,7.57142857142857,7.25,8.38888888888889,6.83333333333333,7,14,6,9,12,365,204,161,27,134,231,7.63605383561644,8.16740196078431,6.96279285714286,7.29444444444444,7.56679104477612,7.67623225108225,18
"29",2008,10,7.71346153846154,26,8.128125,7.05,6.75,7.54285714285714,7.77631578947368,16,10,4,7,19,391,220,171,31,141,250,7.64120115089514,8.16454545454545,6.96789269005848,7.2241935483871,7.56560283687943,7.6838386,19
"30",2008,11,7.39516129032258,31,8.5,6.48529411764706,6.66666666666667,5.5,7.85,14,17,3,6,25,422,234,188,34,147,275,7.62312713270142,8.18461538461538,6.92425345744681,7.175,7.4812925170068,7.69894418181818,20
"31",2008,12,7.74324324324324,37,8.025,7.41176470588235,7.625,8.11538461538461,7.54166666666667,20,17,8,13,24,459,254,205,42,160,299,7.63280969498911,8.17204724409449,6.96468121951219,7.26071428571429,7.5328125,7.68631989966555,21
"32",2009,1,7.35454545454545,66,8.14411764705882,6.515625,7,6.88888888888889,7.52916666666667,34,32,7,18,48,525,288,237,49,178,347,7.59782790476191,8.16875,6.90404915611814,7.2234693877551,7.46769662921348,7.66458112391931,22
"33",2009,2,7.43921568627451,51,8.05,7.04516129032258,7.5,8.38333333333333,7.14871794871795,20,31,4,12,39,576,308,268,53,190,386,7.58378411458333,8.16103896103896,6.92037182835821,7.24433962264151,7.52552631578947,7.61246023316062,23
"34",2009,3,7.54183673469388,49,8.00925925925926,6.96818181818182,7.28571428571429,7.56666666666667,7.53088235294118,27,22,7,15,34,625,335,290,60,205,420,7.58049544,8.14880597014925,6.92399879310345,7.24916666666667,7.52853658536585,7.60585630952381,24
"35",2009,4,7.45660377358491,53,7.88076923076923,7.04814814814815,7.25714285714286,7.57272727272727,7.42619047619048,26,27,7,11,42,678,361,317,67,216,462,7.57081069321534,8.12950138504155,6.93457302839117,7.25,7.53078703703704,7.58952305194805,25
"36",2009,5,7.29807692307692,52,7.94827586206897,6.47826086956522,7.66666666666667,7.75384615384615,7.14615384615385,29,23,3,13,39,730,390,340,70,229,501,7.55138308219178,8.11602564102564,6.90370485294118,7.26785714285714,7.54344978165939,7.55500928143713,26
"37",2009,6,7.35204081632653,49,8.05652173913044,6.72884615384615,6.25,6.86363636363636,7.49342105263158,23,26,5,11,38,779,413,366,75,240,539,7.53884422336329,8.11271186440678,6.89128319672131,7.2,7.51229166666667,7.5506672541744,27
"38",2009,7,7.18879310344828,58,7.916,6.63787878787879,7.4,7.4,7.13369565217391,25,33,5,12,46,837,438,399,80,252,585,7.51458739545998,8.10148401826484,6.87032493734336,7.2125,7.50694444444444,7.51787974358974,28
"39",2009,8,7.12307692307692,52,7.545,6.859375,6.9,6.83333333333333,7.24054054054054,20,32,11,15,37,889,458,431,91,267,622,7.49168689538808,8.07718340611354,6.86951194895592,7.17472527472527,7.4691011235955,7.50138207395498,29
"40",2009,9,7.36439393939394,66,8.24375,6.53676470588235,6.6,7.56944444444444,7.2875,32,34,5,18,48,955,490,465,96,285,670,7.48288968586387,8.0880612244898,6.84518204301075,7.14479166666667,7.47543859649123,7.48605917910448,30
"41",2009,10,7.53260869565217,46,8,7.25862068965517,7.66666666666667,7.31818181818182,7.6,17,29,9,11,35,1001,507,494,105,296,705,7.48517447552448,8.08510848126233,6.86945273279352,7.18952380952381,7.46959459459459,7.49171581560284,31
"42",2009,11,7.44365079365079,63,8.12166666666667,6.82727272727273,6.72727272727273,7.609375,7.38723404255319,30,33,11,16,47,1064,537,527,116,312,752,7.48271583646616,8.08715083798883,6.8668114800759,7.14568965517241,7.47676282051282,7.48518570478723,32
"43",2009,12,7.29772727272727,66,7.96428571428571,6.80657894736842,6.96428571428571,7.59210526315789,7.17872340425532,28,38,7,19,47,1130,565,565,123,331,799,7.47191119469027,8.08106194690265,6.86276044247788,7.13536585365854,7.4833836858006,7.4671585106383,33
"44",2010,1,7.34444444444444,72,7.984375,6.8325,6.625,7.32142857142857,7.35,32,40,12,14,58,1202,597,605,135,345,857,7.46427591514143,8.07587939698492,6.86075975206612,7.09,7.4768115942029,7.45922946324387,34
"45",2010,2,7.48913043478261,69,7.83225806451613,7.20921052631579,7.7,6.75,7.62931034482759,31,38,11,11,58,1271,628,643,146,356,915,7.46562521636507,8.06385350318471,6.88135248833593,7.13595890410959,7.45435393258427,7.47001054644809,35
"46",2010,3,7.48387096774194,62,7.91304347826087,7.23076923076923,7.75,7.14285714285714,7.58333333333333,23,39,4,14,48,1333,651,682,150,370,963,7.46647385596399,8.05852534562212,6.90133379765396,7.15233333333333,7.44256756756757,7.47565903426791,36
"47",2010,4,7.40454545454545,55,7.78846153846154,7.06034482758621,7.675,6.725,7.55555555555556,26,29,10,10,45,1388,677,711,160,380,1008,7.46401992074928,8.04815361890694,6.90781947960619,7.185,7.42368421052632,7.47922584325397,37
"48",2010,5,7.34130434782609,46,7.88636363636364,6.84166666666667,7.07777777777778,7.46666666666667,7.31081081081081,22,24,9,9,37,1434,699,735,169,389,1045,7.46008343793584,8.04306151645208,6.9056593877551,7.1792899408284,7.42467866323907,7.47326282296651,38
"49",2010,6,7.34166666666667,48,8.05652173913044,6.684,6.5,7.22,7.37368421052632,23,25,2,10,38,1482,722,760,171,399,1083,7.45624807692308,8.04349030470914,6.89836796052632,7.17134502923977,7.41954887218045,7.4697688365651,39
"50",2010,7,6.89772727272727,44,7.5,6.39583333333333,7.475,6.95,6.878125,20,24,4,12,32,1526,742,784,175,411,1115,7.44014393840105,8.02884097035041,6.88298424744898,7.17828571428571,7.40583941605839,7.45278892376682,40
"51",2010,8,7.08953488372093,43,8.125,6.47592592592593,6.94285714285714,7.3,7.00806451612903,16,27,7,12,31,1569,758,811,182,423,1146,7.43053514977693,8.03087071240106,6.8694323674476,7.16923076923077,7.40283687943262,7.44075885689354,41
"52",2010,9,7.48857142857143,70,7.88225806451613,7.17564102564103,7.35,7.60357142857143,7.45982142857143,31,39,6,14,56,1639,789,850,188,437,1202,7.43301381940207,8.02503168567808,6.88348194117647,7.175,7.40926773455377,7.44164696339434,42
"53",2010,10,7.26369047619048,84,8.109375,6.74326923076923,7.00769230769231,7.13095238095238,7.30793650793651,32,52,13,21,63,1723,821,902,201,458,1265,7.42475893789901,8.02831912302071,6.87539872505543,7.16417910447761,7.39650655021834,7.43498786561265,43
"54",2010,11,7.25567010309278,97,7.8,6.78461538461538,7.26875,7.33846153846154,7.22535211267606,45,52,16,26,71,1820,866,954,217,484,1336,7.41574706043956,8.01645496535797,6.87045036687631,7.17188940092166,7.39338842975207,7.42384704341317,44
"55",2010,12,7.46708860759494,79,8.14117647058823,6.95777777777778,6.95,7.66666666666667,7.3948275862069,34,45,10,21,58,1899,900,999,227,505,1394,7.41788291205898,8.02116666666667,6.87438403403404,7.16211453744493,7.40475247524752,7.42263963414634,45
"56",2011,1,7.325,100,7.86382978723404,6.84716981132075,7.375,6.92857142857143,7.43037974683544,47,53,12,21,79,1999,947,1052,239,526,1473,7.41323644322161,8.01335797254488,6.87301297528517,7.17280334728033,7.38574144486692,7.42305475220638,46
"57",2011,2,7.29383561643836,73,8.19516129032258,6.62857142857143,7.5,7.20294117647059,7.32142857142857,31,42,7,17,56,2072,978,1094,246,543,1529,7.409029753861,8.01912065439673,6.86362856489945,7.18211382113821,7.38001841620626,7.41933266841072,47
"58",2011,3,7.32365079365079,63,7.70333333333333,7.03888888888889,7.44545454545455,7.36666666666667,7.30214285714286,27,36,11,21,42,2135,1005,1130,257,564,1571,7.40651037470726,8.0106368159204,6.86921207964602,7.19338521400778,7.37952127659574,7.41619964990452,48
"59",2011,4,7.42745098039216,51,8.265,6.88709677419355,7.07142857142857,7.1,7.56388888888889,20,31,7,15,36,2186,1025,1161,264,579,1607,7.40699892497713,8.0156,6.86968962101636,7.19015151515151,7.37227979274611,7.41950818294959,49
"60",2011,5,7.3359375,64,8.2,6.94318181818182,6.33333333333333,7.25,7.35185185185185,20,44,6,10,54,2250,1045,1205,270,589,1661,7.40497762222222,8.01912918660288,6.87237315352697,7.17111111111111,7.37020373514431,7.41730863937387,50
"61",2011,6,7.72941176470588,51,8.27884615384615,7.158,7.11111111111111,7.78571428571429,7.72045454545455,26,25,9,7,44,2301,1071,1230,279,596,1705,7.41216847023033,8.02543417366947,6.87817857723577,7.16917562724014,7.37508389261745,7.42513175953079,51
"62",2011,7,7.07545454545455,55,7.72142857142857,6.85487804878049,7.10714285714286,7.70909090909091,6.91704545454545,14,41,7,11,44,2356,1085,1271,286,607,1749,7.4043080008489,8.02151152073733,6.8774269472856,7.16765734265734,7.38113673805601,7.41234971412235,52
"63",2011,8,7.25945945945946,74,7.86451612903226,6.82325581395349,6.75,6.90625,7.35689655172414,31,43,10,16,58,2430,1116,1314,296,623,1807,7.39989697530864,8.01715053763441,6.87565422374429,7.1535472972973,7.36894060995184,7.41056981184283,53
"64",2011,9,6.96129032258064,62,7.82068965517241,6.20606060606061,6.55,7.42307692307692,6.83877551020408,29,33,8,13,49,2492,1145,1347,304,636,1856,7.38898461075441,8.01217467248909,6.85924992576095,7.13766447368421,7.37004716981132,7.39547394935345,54
"65",2011,10,7.33493150684932,73,8.00535714285714,6.91777777777778,6.32142857142857,7.665625,7.2421052631579,28,45,7,16,57,2565,1173,1392,311,652,1913,7.38744625730994,8.01201193520887,6.86114198994253,7.11929260450161,7.37730061349693,7.39090415577627,55
"66",2011,11,7.18257575757576,66,8,6.65125,6.225,7.51538461538462,7.10094339622642,26,40,10,13,53,2631,1199,1432,321,665,1966,7.3823069745344,8.01175145954963,6.85527908519553,7.09143302180685,7.38,7.38308730925737,56
"67",2011,12,7.35684931506849,73,7.79333333333333,7.05232558139535,7.28571428571429,7.56944444444444,7.28727272727273,30,43,14,18,55,2704,1229,1475,335,683,2021,7.38161969304734,8.00641985353947,6.86102349152542,7.09955223880597,7.38499267935578,7.38047978723404,57
"68",2012,1,7.52727272727273,88,8.02790697674419,7.04888888888889,6.70833333333333,7.72727272727273,7.46060606060606,43,45,12,22,66,2792,1272,1520,347,705,2087,7.38621047636103,8.0071462264151,6.86658529605263,7.08602305475504,7.39567375886525,7.383013727839,58
"69",2012,2,7.17898550724638,69,7.95161290322581,6.54868421052632,6.8,7.17631578947368,7.18,31,38,10,19,50,2861,1303,1558,357,724,2137,7.38121274030059,8.0058250191865,6.85883161103979,7.07801120448179,7.38991712707182,7.37826375760412,59
"70",2012,3,7.59076923076923,65,8.04838709677419,7.17352941176471,7.56666666666667,7.39230769230769,7.64038461538462,31,34,9,13,52,2926,1334,1592,366,737,2189,7.38586795967191,8.00681409295353,6.86555254396985,7.09002732240437,7.38995929443691,7.38449047510279,60
"71",2012,4,7.40171875,64,7.90354838709677,6.93030303030303,7.51,7.79375,7.27104166666667,31,33,10,16,48,2990,1365,1625,376,753,2237,7.38620724080268,8.00446886446887,6.86686747692308,7.10119680851064,7.39853917662683,7.38205616897631,61
"72",2012,5,7.51465517241379,58,8.25217391304348,7.03,7.37142857142857,7.71666666666667,7.46195652173913,23,35,7,12,46,3048,1388,1660,383,765,2283,7.38865145997375,8.0085734870317,6.87030701807229,7.10613577023499,7.40352941176471,7.38366607533946,62
"73",2012,6,7.37111111111111,72,7.84617647058823,6.94605263157895,7.14285714285714,7.55555555555556,7.3447619047619,34,38,7,9,63,3120,1422,1698,390,774,2346,7.38824668269231,8.0046905766526,6.87200214958775,7.10679487179487,7.40529715762274,7.38262133418585,63
"74",2012,7,7.38890625,64,7.89833333333333,6.93941176470588,7.04545454545455,7.36470588235294,7.39765957446809,30,34,11,17,47,3184,1452,1732,401,791,2393,7.38825994032663,8.00249311294766,6.8733254330254,7.10511221945137,7.40442477876106,7.3829166945257,64
"75",2012,8,7.16648936170213,94,7.7593023255814,6.66666666666667,6.83333333333333,7.39473684210526,7.10866666666667,43,51,9,19,75,3278,1495,1783,410,810,2468,7.38190044234289,7.9954983277592,6.86741427369602,7.09914634146341,7.4041975308642,7.37458251620745,65
"76",2012,9,7.46917808219178,73,7.9328125,7.10731707317073,6.85714285714286,7.25,7.52118644067797,32,41,7,14,59,3351,1527,1824,417,824,2527,7.38380174574754,7.99418467583497,6.87280682565789,7.09508393285372,7.40157766990291,7.37800540166205,66
"77",2012,10,6.7390625,64,7.30952380952381,6.46046511627907,7.06666666666667,6.70909090909091,6.74528301886792,21,43,12,11,53,3415,1548,1867,429,835,2580,7.37171878477306,7.98489664082688,6.86330993572576,7.09428904428904,7.39245508982036,7.36500761627907,67
"78",2012,11,7.17594936708861,79,7.83714285714286,6.65,6.45,7.58125,7.07301587301587,35,44,10,16,63,3494,1583,1911,439,851,2643,7.3672924012593,7.98162981680354,6.85839856096285,7.07961275626424,7.39600470035253,7.35804754067347,68
"79",2012,12,7.21691176470588,68,8.168,6.66395348837209,6.625,6.89411764705882,7.32450980392157,25,43,16,17,51,3562,1608,1954,455,868,2694,7.36442157495789,7.98452736318408,6.8541195752303,7.06362637362637,7.38617511520737,7.35741263919822,69
"80",2013,1,7.23753246753247,77,7.91212121212121,6.73159090909091,5.88888888888889,7.035,7.28253968253968,33,44,9,14,63,3639,1641,1998,464,882,2757,7.36173664468261,7.98307129798903,6.85142124624625,7.04084051724138,7.38060090702948,7.35570172288719,70
"81",2013,2,7.34121621621622,74,8.048,6.98061224489796,7.07142857142857,7.12,7.39745762711864,25,49,14,15,59,3713,1666,2047,478,897,2816,7.36132767304067,7.9840456182473,6.85451375183195,7.04173640167364,7.37624303232999,7.35657658025568,71
"82",2013,3,7.30802469135802,81,7.96176470588235,6.83510638297872,7.22222222222222,7.67,7.22575757575758,34,47,9,15,66,3794,1700,2094,487,912,2882,7.36018968107538,7.9836,6.85407815186246,7.04507186858316,7.38107456140351,7.35358072519084,72
"83",2013,4,7.24140625,64,7.71428571428571,7.01046511627907,7.38461538461539,7.72222222222222,7.16272727272727,21,43,13,9,55,3858,1721,2137,500,921,2937,7.35821919388284,7.98031377106334,6.8572249181095,7.0539,7.38440825190011,7.35000669050051,73
"84",2013,5,7.40588235294118,68,7.70322580645161,7.15675675675676,6.6875,7.16470588235294,7.48627450980392,31,37,8,17,51,3926,1752,2174,508,938,2988,7.35904474019358,7.97541095890411,6.86232274609016,7.04812992125984,7.38042643923241,7.35233254685408,74
"85",2013,6,7.45970149253731,67,8.10322580645161,6.90555555555556,6.88571428571429,7.22666666666667,7.52692307692308,31,36,7,15,52,3993,1783,2210,515,953,3040,7.36073369646882,7.97763320246775,6.86302699095023,7.04592233009709,7.37800629590766,7.35531896381579,75
"86",2013,7,7.331125,80,7.86026315789474,6.85238095238095,7.78,6.86666666666667,7.43830769230769,38,42,10,15,65,4073,1821,2252,525,968,3105,7.36015213601768,7.97518396485448,6.86282844138543,7.05990476190476,7.3700826446281,7.35705624798712,76
"87",2013,8,7.14275362318841,69,7.744,6.80113636363636,7.28571428571429,7.28571428571429,7.12661290322581,25,44,7,7,62,4142,1846,2296,532,975,3167,7.35653057701593,7.97205308775732,6.86164618902439,7.06287593984962,7.36947692307692,7.35254488474897,77
"88",2013,9,7.49727272727273,55,7.97173913043478,7.15625,6.58333333333333,7.32222222222222,7.53152173913043,23,32,6,9,46,4197,1869,2328,538,984,3213,7.35837494639028,7.97204922418406,6.86569572594502,7.05752788104089,7.36904471544715,7.35510726735138,78
"89",2013,10,7.32285714285714,70,7.86428571428571,6.96190476190476,7.2,6.99166666666667,7.39137931034483,28,42,10,12,58,4267,1897,2370,548,996,3271,7.35779227794704,7.97045861887191,6.86740069620253,7.06012773722628,7.36449799196787,7.35575042800367,79
"90",2013,11,7.175,94,7.82142857142857,6.65288461538462,5.94444444444444,6.97619047619048,7.23219178082192,42,52,9,21,73,4361,1939,2422,557,1017,3344,7.35385224719101,7.96723053120165,6.86279506606111,7.04210053859964,7.35647984267453,7.353053125,80
"91",2013,12,7.33846153846154,91,7.8546511627907,6.87604166666667,7.3,7.41666666666667,7.32302631578947,43,48,6,15,76,4452,1982,2470,563,1032,3420,7.3535376572327,7.96478809283552,6.86305248987854,7.04484902309059,7.35735465116279,7.3523858625731,81
"92",2014,1,7.49583333333333,96,8.20641025641026,7.00964912280702,7.54166666666667,7.81818181818182,7.45411764705882,39,57,12,11,85,4548,2021,2527,575,1043,3505,7.35654125989446,7.96945076694706,6.86635918084685,7.05521739130435,7.36221476510067,7.35485296718973,82
"93",2014,2,7.33356164383562,73,8.00972222222222,6.67567567567568,6.8125,7.28125,7.34824561403509,36,37,16,16,57,4621,2057,2564,591,1059,3562,7.35617824064055,7.97015556635878,6.86360750780031,7.04864636209814,7.36099150141643,7.35474723469961,83
"94",2014,3,7.64444444444444,81,8.34193548387097,7.212,7.375,7.19333333333333,7.7469696969697,31,50,12,15,66,4702,2088,2614,603,1074,3628,7.36114411952361,7.97567528735633,6.87027148048967,7.05514096185738,7.35864990689013,7.36188248346196,84
"95",2014,4,7.6625,56,8.69047619047619,7.04571428571429,7.65,8.05,7.58829787234043,21,35,10,9,47,4758,2109,2649,613,1083,3675,7.36469097309794,7.9827927927928,6.87258952434881,7.06484502446982,7.36439519852262,7.36477813605442,85
"96",2014,5,7.42962962962963,54,7.85416666666667,7.09,8.25,7.3125,7.47894736842105,24,30,6,16,38,4812,2133,2679,619,1099,3713,7.36541971113882,7.98134552273793,6.87502413213886,7.07633279483037,7.36363967242948,7.36594657958524,86
"97",2014,6,7.46792452830189,53,7.8125,7.18275862068965,7.25,7.73,7.40697674418605,24,29,4,10,43,4865,2157,2708,623,1109,3756,7.36653641315519,7.97946685210941,6.87831966395864,7.07744783306581,7.36694319206492,7.36641630724175,87
"98",2014,7,7.59873417721519,79,7.86923076923077,7.335,7.93,7.99285714285714,7.51384615384615,39,40,10,14,65,4944,2196,2748,633,1123,3821,7.37024669296116,7.97750910746813,6.88496712154294,7.09091627172196,7.37474621549421,7.36892427375033,88
"99",2014,8,7.447375,80,8.18,6.81697674418605,7.45833333333333,7.57714285714286,7.41984848484848,37,43,6,14,66,5024,2233,2791,639,1137,3887,7.37147485071656,7.98086430810569,6.88391961662486,7.0943661971831,7.37723834652594,7.36978895034731,89
"100",2014,9,7.54479904255319,94,8.06818181818182,7.0842222,6.92857142857143,7.29411764705882,7.60014428571429,44,50,7,17,77,5118,2277,2841,646,1154,3964,7.37465821805393,7.98255160298639,6.88744482928546,7.09256965944272,7.37601386481802,7.37426356205853,90
"101",2014,10,7.37209302325581,86,7.97972972972973,6.91326530612245,6.86904761904762,7.35714285714286,7.37692307692308,37,49,21,21,65,5204,2314,2890,667,1175,4029,7.37461582628747,7.98250648228177,6.88788261591695,7.08553223388306,7.37567659574468,7.37430646810623,91
"102",2014,11,7.49207920792079,101,8.03076923076923,6.92040816326531,7.04545454545455,7.33888888888889,7.52530120481928,52,49,11,18,83,5305,2366,2939,678,1193,4112,7.37685216965127,7.98356720202874,6.88842489282069,7.08488200589971,7.37512154233026,7.37735427042801,92
"103",2014,12,7.54338028169014,71,8.06870967741935,7.13625,7.56363636363636,7.66636363636364,7.52083333333333,31,40,11,11,60,5376,2397,2979,689,1204,4172,7.37905148065476,7.98466833541928,6.89175252098019,7.09252539912917,7.37778239202658,7.37941772770853,93
"104",2015,1,7.59776595744681,94,8.140625,7.03130434782609,7.44444444444444,8.04761904761905,7.46835616438356,48,46,9,21,73,5470,2445,3025,698,1225,4245,7.38281001096892,7.9877300613497,6.89387463140496,7.09706303724928,7.38926530612245,7.38094717550059,94
"105",2015,2,7.48735632183908,87,7.99487179487179,7.075,6.95454545454545,7.44444444444444,7.49230769230769,39,48,11,9,78,5557,2484,3073,709,1234,4323,7.38444678063703,7.98784219001611,6.89670379433778,7.09485190409027,7.38966774716369,7.3829564561647,95
"106",2015,3,7.28820224719101,89,8.07361111111111,6.75471698113208,6.84285714285714,7.06666666666667,7.32272727272727,36,53,14,12,77,5646,2520,3126,723,1246,4400,7.38292964222458,7.98906746031746,6.89429646833013,7.08997233748271,7.3865569823435,7.38190244545454,96
"107",2015,4,7.51944444444444,72,7.90681818181818,6.91071428571429,6.64285714285714,7.78947368421053,7.42264150943396,44,28,7,19,53,5718,2564,3154,730,1265,4453,7.38464861140259,7.98765600624025,6.89444221940393,7.08568493150685,7.39260869565217,7.38238732539861,97
"108",2015,5,7.54512195121951,82,7.85365853658537,7.23658536585366,7.77272727272727,7.58333333333333,7.54210526315789,41,41,11,6,76,5800,2605,3195,741,1271,4529,7.38691737241379,7.98554702495202,6.89883278873239,7.09588394062078,7.3935090479937,7.38506751159196,98
"109",2015,6,7.19652777777778,72,8.11666666666667,6.53928571428571,7.23076923076923,6.98333333333333,7.25263157894737,30,42,13,15,57,5872,2635,3237,754,1286,4586,7.38458289509537,7.98703984819735,6.89416767377201,7.09820954907162,7.38872472783826,7.38342144788486,99
"110",2015,7,7.54252873563218,87,7.92564102564103,7.23125,7.10714285714286,7.34,7.56883116883117,39,48,14,10,77,5959,2674,3285,768,1296,4663,7.38688886725961,7.98614435302917,6.89909307762557,7.09837239583333,7.3883487654321,7.38648311387519,100
"111",2015,8,7.37731958762887,97,8.31739130434783,6.52941176470588,6.578125,6.7375,7.46764705882353,46,51,16,12,85,6056,2720,3336,784,1308,4748,7.38673559445178,7.99174632352941,6.89344147482014,7.08775510204082,7.38237767584098,7.38793613310868,101
"112",2015,9,7.4890625,96,7.90212765957447,7.09285714285714,7.14090909090909,7.80625,7.425625,47,49,11,16,80,6152,2767,3385,795,1324,4828,7.38833237321196,7.99022406938923,6.89632814180207,7.08849056603774,7.3875,7.38856063794532,102
"113",2015,10,7.45346534653465,101,7.91388888888889,6.92446808510638,6.4,7.48947368421053,7.44512195121951,54,47,8,19,82,6253,2821,3432,803,1343,4910,7.3893844170798,7.98876285005317,6.89671350815851,7.08163138231631,7.38894266567386,7.38950524643584,103
"114",2015,11,7.46460674157303,89,8.12162162162162,6.99711538461538,7.04166666666667,7.67307692307692,7.42894736842105,37,52,12,13,76,6342,2858,3484,815,1356,4986,7.39044004415011,7.99048285514346,6.89821204362801,7.08104294478528,7.39166666666666,7.39010645006017,104
"115",2015,12,7.38909090909091,110,7.73653846153846,7.07758620689655,7.13529411764706,7.34117647058823,7.39784946236559,52,58,17,17,93,6452,2910,3542,832,1373,5079,7.39041704277743,7.98594501718213,6.90114928289102,7.08215144230769,7.39104151493081,7.39024822996653,105
"116",2016,1,7.43357142857143,140,7.97785714285714,6.88928571428571,6.98809523809524,7.18823529411765,7.46747967479675,70,70,21,17,123,6592,2980,3612,853,1390,5202,7.39133354975728,7.98575503355705,6.90091936877076,7.07983587338804,7.38856115107913,7.39207434832757,106
"117",2016,2,7.49690721649485,97,7.94634146341463,7.16785714285714,6.99285714285714,7.08125,7.53426966292135,41,56,14,8,89,6689,3021,3668,867,1398,5291,7.39286451786515,7.98522012578617,6.90499475463468,7.07843137254902,7.38680257510729,7.39446621810622,107
"118",2016,3,7.37295918367347,98,7.76785714285714,7.07678571428571,7.44545454545455,7.44545454545455,7.36379310344828,42,56,11,11,87,6787,3063,3724,878,1409,5378,7.39257709739207,7.98223963434542,6.9075780773362,7.08302961275626,7.38726046841731,7.39397001859427,108
"119",2016,4,7.21651376146789,109,7.95,6.59491525423729,6.52,7.78846153846154,7.1390625,50,59,20,13,96,6896,3113,3783,898,1422,5474,7.3897941937355,7.98172181175715,6.90270176050753,7.07048997772828,7.39092827004219,7.38949959079284,109
"120",2016,5,7.50330188679245,106,7.92372881355932,6.97553191489362,7.11111111111111,7.63636363636364,7.48789473684211,59,47,18,11,95,7002,3172,3830,916,1433,5569,7.39151253356184,7.98064312736444,6.90359549869451,7.07128820960699,7.39281228192603,7.39117808583229,110
"121",2016,6,7.330625,80,8.05975609756098,6.56410256410256,6.7,7.175,7.35808823529412,41,39,10,12,68,7082,3213,3869,926,1445,5637,7.39082473312623,7.98165266106443,6.90017336779529,7.06727861771058,7.39100346020761,7.39077891786411,111
"122",2016,7,7.59313725490196,102,8.14444444444444,7.15789473684211,7.60714285714286,7.89473684210526,7.52409638554217,45,57,14,19,83,7184,3258,3926,940,1464,5720,7.3936972104677,7.98390116635973,6.90391511971472,7.07531914893617,7.39754098360655,7.39271341958042,112
"123",2016,8,7.38565217391304,115,7.97142857142857,6.67596153846154,7.22727272727273,7.54166666666667,7.36747572815534,63,52,11,12,103,7299,3321,3978,951,1476,5823,7.39357045622688,7.98366455886781,6.90093533433886,7.07707676130389,7.39871273712737,7.39226700326292,113
"124",2016,9,7.56666666666667,108,8.11612903225806,6.82608695652174,7.04615384615385,7.58695652173913,7.56117647058824,62,46,13,23,85,7407,3383,4024,964,1499,5908,7.39609433778858,7.98609222583506,6.90007971172962,7.07665975103734,7.40160106737825,7.39469714962762,114
"125",2016,10,7.75935251798561,139,8.25526315789474,7.16111111111111,6.70833333333333,7.85714285714286,7.74194915254237,76,63,12,21,118,7546,3459,4087,976,1520,6026,7.40278568248078,7.99200636021972,6.90410344017617,7.07213114754098,7.4078947368421,7.40149697311649,115
"126",2016,11,7.45138888888889,144,7.96585365853659,6.77096774193548,6.66428571428571,7.26923076923077,7.46946564885496,82,62,14,13,131,7690,3541,4149,990,1533,6157,7.40369580754226,7.99140073425586,6.90211394552904,7.06636363636364,7.40671885192433,7.40294311515348,116
"127",2016,12,7.43880597014925,134,8.07424242424242,6.82205882352941,6.75,7.03157894736842,7.50608695652174,66,68,18,19,115,7824,3607,4217,1008,1552,6272,7.40429713190184,7.99291655115054,6.90082304007588,7.06071428571429,7.40212628865979,7.40483430484694,117
"128",2017,1,7.43633950617284,162,7.80042528735632,7.014,7.2,7.93,7.34625547445255,87,75,16,25,137,7986,3694,4292,1024,1577,6409,7.40494712747308,7.98838305360044,6.90280073625349,7.062890625,7.41049461001902,7.40358211265408,118
"129",2017,2,7.59615384615385,117,8.03534482758621,7.16440677966102,7.37777777777778,7.33571428571429,7.653125,58,59,9,21,96,8103,3752,4351,1033,1598,6505,7.40770797976058,7.98910900852879,6.90634814065732,7.06563407550823,7.40951188986233,7.40726483627978,119
"130",2017,3,7.50943396226415,106,7.85096153846154,7.18055555555556,6.85,8.04166666666667,7.44148936170213,52,54,10,12,94,8209,3804,4405,1043,1610,6599,7.40902153246437,7.9872205573081,6.90970959364359,7.06356663470757,7.41422360248447,7.40775235035611,120
"131",2017,4,7.59318181818182,110,7.9515625,7.0945652173913,6.97916666666667,7.40769230769231,7.6180412371134,64,46,12,13,97,8319,3868,4451,1055,1623,6696,7.41145663661498,7.98663055842813,6.9116200314536,7.06260663507109,7.41417128773875,7.41079864994026,121
"132",2017,5,7.19807692307692,130,7.51953125,6.88636363636364,7.19444444444444,6.99347826086957,7.24205607476635,64,66,18,23,107,8449,3932,4517,1073,1646,6803,7.40817348325245,7.97902772126145,6.9112509984503,7.0648182665424,7.40829283110571,7.40814460679112,122
"133",2017,6,7.35612244897959,98,7.89807692307692,6.74347826086957,6,8,7.23975903614458,52,46,7,15,83,8547,3984,4563,1080,1661,6886,7.40757666549666,7.97797113453816,6.90955966688582,7.05791666666667,7.41363636363636,7.40611498112111,123
"134",2017,7,7.55833333333333,108,8.00185185185185,7.11481481481481,6.25,7.30769230769231,7.59263157894737,54,54,8,13,95,8655,4038,4617,1088,1674,6981,7.40945785788561,7.97829049034176,6.91196031189084,7.05197610294118,7.41281362007168,7.40865316716803,124
"135",2017,8,7.5508064516129,124,8.15892857142857,7.05,6.89230769230769,7.14705882352941,7.61495327102804,56,68,13,17,107,8779,4094,4685,1101,1691,7088,7.41145435243194,7.98076135808501,6.91396387620064,7.05009082652134,7.41014192785334,7.41176746049661,125
"136",2017,9,7.36929133858268,127,7.84411764705882,6.82203389830508,6.66071428571429,7.17857142857143,7.3929203539823,68,59,14,14,113,8906,4162,4744,1115,1705,7201,7.41085310577139,7.97852883229217,6.91282056492411,7.04520179372197,7.40824046920821,7.4114717067074,126
"137",2017,10,7.25423076923077,130,7.97045454545455,6.515625,6.34615384615385,7.10666666666667,7.27347826086956,66,64,13,15,115,9036,4228,4808,1128,1720,7316,7.40859979637008,7.97840279091769,6.9075334359401,7.03714539007092,7.40561046511628,7.4093025915801,127
"138",2017,11,7.39192307692308,130,7.975,6.86029411764706,6.95384615384615,7.55714285714286,7.36009174311927,62,68,26,21,109,9166,4290,4876,1154,1741,7425,7.40836327296531,7.97835361305362,6.90687464315012,7.03526863084922,7.40743825387708,7.40858016969697,128
"139",2017,12,7.43875968992248,129,8.06119402985075,6.76612903225806,6.95882352941176,7.28571428571429,7.46851851851852,67,62,17,21,108,9295,4357,4938,1171,1762,7533,7.4087851274879,7.97962749598348,6.90510748481166,7.03415883859949,7.40598751418842,7.40943950086287,129
"140",2018,1,7.32113939393939,165,7.84335064935065,6.86420454545455,6.87391304347826,7.20322222222222,7.33557823129252,77,88,23,18,147,9460,4434,5026,1194,1780,7680,7.40725642283298,7.97726093820478,6.90439131715082,7.03107202680067,7.40393707865168,7.40802575,130
"141",2018,2,7.3633152173913,92,8.2325,6.69471153846154,6.45892857142857,6.2625,7.49756097560976,40,52,14,10,82,9552,4474,5078,1208,1790,7762,7.40683320351759,7.97954291461779,6.90224414336353,7.02444122516556,7.39756033519553,7.40897162586962,131
"142",2018,3,7.45242718446602,103,8.26590909090909,6.84576271186441,6.33636363636364,7.71052631578947,7.39404761904762,44,59,11,19,84,9655,4518,5137,1219,1809,7846,7.40731960227861,7.98233178397521,6.9015954370255,7.01823215750615,7.40084742951907,7.40881184807545,132
"143",2018,4,7.2658947368421,95,7.9362962962963,6.38292682926829,7.20833333333333,7.3,7.2595,54,41,12,15,80,9750,4572,5178,1231,1824,7926,7.40594161641026,7.98178805774278,6.8974885592893,7.02008529650691,7.40001809210526,7.40730478930103,133
"144",2018,5,7.13855421686747,83,7.68088235294118,6.76224489795918,7.04166666666667,6.4,7.18589743589744,34,49,12,5,78,9833,4606,5227,1243,1829,8004,7.4036846089698,7.97956686930091,6.89622073082074,7.02029364440869,7.39728430836522,7.40514714642679,134
"145",2018,6,7.28151898734177,79,7.78378378378378,6.83904761904762,6.72375,7.47,7.26319444444444,37,42,8,7,72,9912,4643,5269,1251,1836,8076,7.40271093220339,7.97800667671764,6.89576499525526,7.01839728217426,7.39756154684096,7.40388159484893,135
"146",2018,7,7.21474358974359,78,7.92763157894737,6.5375,6.125,7.85714285714286,7.15140845070423,38,40,8,7,71,9990,4681,5309,1259,1843,8147,7.40124331931932,7.9775977355266,6.89306569222076,7.01272041302621,7.39930710797612,7.40168132564134,136
"147",2018,8,7.20731707317073,82,7.92647058823529,6.69791666666667,7,7.45833333333333,7.16428571428571,34,48,15,12,70,10072,4715,5357,1274,1855,8217,7.39966449166005,7.97722905620361,6.89131711032294,7.01257064364207,7.39968894878706,7.39965897042716,137
"148",2018,9,7.272291625,80,7.70681152173913,6.68441176470588,7.62833333333333,7.32575727272727,7.26376811594203,46,34,6,11,69,10152,4761,5391,1280,1866,8286,7.39866076536643,7.97461632640202,6.89001219810796,7.01545703125,7.39925312433012,7.39852736664253,138
"149",2018,10,7.354375,80,8.04047619047619,6.59605263157895,6.85416666666667,7.25,7.36928571428571,42,38,12,10,70,10232,4803,5429,1292,1876,8356,7.39831451231431,7.9751922402665,6.88795464358077,7.01395897832817,7.39845753198294,7.39828240306367,139
"150",2018,11,7.25560747663551,107,7.75545454545455,6.72692307692308,6.5,7.55882352941176,7.19833333333333,55,52,9,17,90,10339,4858,5481,1301,1893,8446,7.39683761388916,7.97270447303417,6.88642688560482,7.01040353574174,7.39989769149498,7.39615175941274,140
"151",2018,12,7.51271929824561,114,8.03272727272727,7.02796610169491,6.55555555555556,7.84615384615385,7.46980198019802,55,59,9,13,101,10453,4913,5540,1310,1906,8547,7.39810141490482,7.973376415632,6.88793425270758,7.0072786259542,7.40294141133263,7.39702208494208,141
"152",2019,1,7.36843065693431,137,7.87711267605634,6.82121212121212,7.09285714285714,7.40769230769231,7.36431451612903,71,66,14,13,124,10590,4984,5606,1324,1919,8671,7.39771757223796,7.97200508226325,6.88714872636461,7.0081835347432,7.40297359562272,7.39655434897935,142
"153",2019,2,7.17798202247191,89,7.688808,6.52307692307692,6.875,6.28888888888889,7.278005,50,39,12,9,80,10679,5034,5645,1336,1928,8751,7.39588627118644,7.96919223877632,6.8846334384411,7.0069872754491,7.39777299273859,7.39547059307508,143
"154",2019,3,7.53765432098765,81,7.74038461538461,7.17413793103448,7.58333333333333,7.35,7.56408450704225,52,29,6,10,71,10760,5086,5674,1342,1938,8822,7.39695348420075,7.96685287652379,6.88611310539302,7.00956408345753,7.39752648606811,7.3968276082521,144
"155",2019,4,7.77361111111111,72,7.95714285714286,7.51666666666667,7.2,8.31428571428571,7.71538461538462,42,30,7,7,65,10832,5128,5704,1349,1945,8887,7.39945711687593,7.96677334828393,6.88942948106592,7.01055226093403,7.40082587660668,7.39915755147969,145
"156",2019,5,7.40144927536232,69,8.06774193548387,6.85789473684211,6.45,8.32857142857143,7.29677419354839,31,38,10,7,62,10901,5159,5742,1359,1952,8949,7.39946972663059,7.96738006008917,6.88922078718217,7.00642752023547,7.4041528329918,7.39844822438261,146
"157",2019,6,7.43768115942029,69,7.87894736842105,6.89677419354839,7.09090909090909,7.08333333333333,7.51228070175439,38,31,11,12,57,10970,5197,5773,1370,1964,9006,7.39971007201459,7.96673344814316,6.88926134765287,7.00710583941606,7.40219263238289,7.39916868310015,147
"158",2019,7,7.26621621621622,74,7.65,6.81470588235294,6.74444444444444,7.5,7.23787878787879,40,34,9,8,66,11044,5237,5807,1379,1972,9072,7.39881560032597,7.96431425052511,6.88882482521095,7.00539158810732,7.4025894168357,7.39799527777778,148
"159",2019,8,7.34447826086957,92,7.79112727272727,6.68054054054054,6.63,6.85,7.40478048780488,55,37,10,10,82,11136,5292,5844,1389,1982,9154,7.39836669270834,7.96251431027967,6.88750611909651,7.00268898488121,7.39980137739657,7.39805605855364,149
"160",2019,9,7.33947368421053,76,7.81153846153846,6.84189189189189,7.36363636363636,6.75,7.45,39,37,11,12,64,11212,5331,5881,1400,1994,9218,7.39796748929718,7.96140981616958,6.88721913960211,7.005525,7.39589083751254,7.39841670210458,150
"161",2019,10,7.14878048780488,82,7.82386363636364,6.3671052631579,6.13636363636364,6.785,7.26612903225806,44,38,11,20,62,11294,5375,5919,1411,2014,9280,7.39615826899239,7.96028385674419,6.8838800067579,6.99874911410347,7.38982439424032,7.39753288362069,151
"162",2019,11,7.57586206896552,87,8.0875,7.14042553191489,6.75,7.48333333333333,7.58271604938272,40,47,6,6,81,11381,5415,5966,1417,2020,9361,7.39753198225112,7.96122358818098,6.8859010660409,6.99769583627382,7.39010214356435,7.39913525905352,152
"163",2019,12,6.97558139534884,86,7.59473684210526,6.48541666666667,6.44444444444444,7.15,6.94166666666667,38,48,9,14,72,11467,5453,6014,1426,2034,9433,7.39436744484172,7.95866967357418,6.88270464915198,6.99420406732118,7.38844952310718,7.39564350259726,153
"164",2020,1,7.35860169491525,118,7.887734375,6.73148148148148,6.625,7.61961538461538,7.32628571428571,64,54,8,13,105,11585,5517,6068,1434,2047,9538,7.39400314976263,7.95784678810948,6.88135889255109,6.99214435146444,7.38991760136785,7.39487997064374,154
"165",2020,2,7.46627906976744,86,7.78222222222222,7.11951219512195,7.0625,7.54545454545455,7.45466666666667,45,41,8,11,75,11671,5562,6109,1442,2058,9613,7.39453572872933,7.95642587738224,6.88295723686364,6.9925346740638,7.39074894557823,7.39534642255279,155
"166",2020,3,7.59010989010989,91,7.99818181818182,6.96666666666667,7.05555555555556,7.825,7.54,55,36,9,16,75,11762,5617,6145,1451,2074,9688,7.39604884288387,7.95683473918462,6.88344764198535,6.9929255685734,7.39409900192864,7.39646626341866,156
"167",2020,4,7.34156626506024,83,7.609375,6.97428571428571,7.0625,7.35714285714286,7.34013157894737,48,35,8,7,76,11845,5665,6180,1459,2081,9764,7.39566707387084,7.95389068490733,6.88396209708738,6.99330705962988,7.39397469005286,7.39602777140516,157
"168",2020,5,7.56148648648649,74,8.20454545454546,6.61833333333333,6.58333333333333,7.25,7.57928571428571,44,30,9,4,70,11919,5709,6210,1468,2085,9834,7.39669657605504,7.95582251357506,6.88267886634461,6.99079359673025,7.39369847961631,7.39733223103518,158
"169",2020,6,7.59307692307692,65,8.25882352941177,6.86290322580645,6.3625,7.98333333333333,7.55338983050847,34,31,8,6,59,11984,5743,6241,1476,2091,9893,7.39776172313085,7.9576163555633,6.88258063771831,6.98738821138211,7.39539040172166,7.39826292934398,159
"170",2020,7,7.15280898876405,89,7.47352941176471,6.95454545454545,6.67333333333333,7.06428571428571,7.16933333333333,34,55,15,14,75,12073,5777,6296,1491,2105,9968,7.39595597531683,7.9547673065605,6.88320930114358,6.98422870556673,7.39318828028503,7.39654044542536,160
"171",2020,8,7.26254381578947,76,7.8625925,6.7225,6.45,7.25,7.26444439393939,36,40,10,10,66,12149,5813,6336,1501,2115,10034,7.39512139435345,7.95419646654052,6.88219472222222,6.98066955363091,7.39251126713948,7.3956715656767,161
"172",2020,9,7.35897435897436,78,8.2,6.6,6.6125,7.7,7.2969696969697,37,41,16,12,66,12227,5850,6377,1517,2127,10100,7.39489080068701,7.95575112136753,6.88038039203387,6.97678642056691,7.39424604137282,7.39502658316832,162
"173",2020,10,7.36231884057971,69,7.90277777777778,6.77272727272727,6.3125,7,7.37878787878788,36,33,8,3,66,12296,5886,6410,1525,2130,10166,7.39470802049447,7.95542712538227,6.87982617160686,6.97330163934426,7.39369076525821,7.39492115778084,163
"174",2020,11,7.45544554455446,101,8.20754716981132,6.625,6.75,6.33333333333333,7.56521739130435,53,48,12,9,92,12397,5939,6458,1537,2139,10258,7.39520285714286,7.95767706011113,6.87793213998142,6.9715582303188,7.38922923328658,7.39644847826087,164
"175",2020,12,7.41222222222222,90,7.93684210526316,6.50606060606061,6.8,7.97727272727273,7.33354430379747,57,33,6,11,79,12487,5996,6491,1543,2150,10337,7.39532552414512,7.95747899599734,6.87604155908181,6.97089112119248,7.39223782790698,7.39596773628712,165
"176",2021,1,7.52946428571429,112,7.88405797101449,6.96046511627907,6.25,7.96875,7.45625,69,43,14,16,96,12599,6065,6534,1557,2166,10433,7.39651796333043,7.95664370321517,6.87659714722987,6.96440912010276,7.39649645891043,7.39652242787309,166
"177",2021,2,7.42758620689655,87,7.93979591836735,6.76710526315789,6.46428571428571,7.28076923076923,7.45337837837838,49,38,7,13,74,12686,6114,6572,1564,2179,10507,7.39673102790478,7.95650867844292,6.87596405356056,6.96217071611253,7.39580602569986,7.3969228599981,167
"178",2021,3,7.53894736842105,76,7.78545454545455,7.2,7.0625,7.55,7.53727272727273,44,32,8,10,66,12762,6158,6604,1572,2189,10573,7.39757795173171,7.95528646638519,6.87753418534222,6.96268129770992,7.39651042941983,7.39779896812636,168
"179",2021,4,7.77328358208955,67,8.32880952380952,6.84,6.1,7.61428571428571,7.79183333333333,42,25,5,7,60,12829,6200,6629,1577,2196,10633,7.39954009042015,7.95781678387097,6.87739263237291,6.95994610019023,7.3972046129326,7.40002242922976,169
"180",2021,5,7.21714285714286,70,7.51315789473684,6.865625,5.84,7.34444444444444,7.19836065573771,38,32,5,9,61,12899,6238,6661,1582,2205,10694,7.39855026126057,7.95510805706958,6.87733609968473,6.95640644753477,7.39698926530612,7.39887212362072,170
"181",2021,6,7.62745098039216,51,8.25,6.98,6.78571428571429,7.4,7.68292682926829,26,25,7,10,41,12950,6264,6686,1589,2215,10735,7.39945172355213,7.95633206577267,6.8777199760694,6.95565449968534,7.39700285778781,7.39995700884956,171
"182",2021,7,7.44717166666667,66,7.75642268292683,6.94,7,8.0875,7.35885051724138,41,25,6,8,58,13016,6305,6711,1595,2223,10793,7.39969369622004,7.9550320999207,6.87795198331098,6.95582131661442,7.39948777777778,7.3997361085889,172
"183",2021,8,7.46164747126437,87,7.88361104166667,6.94230769230769,6.7,7.72307692307692,7.41572067567568,48,39,10,13,74,13103,6353,6750,1605,2236,10867,7.40010505075174,7.95449247914372,6.8783238162963,6.95422741433022,7.40136911001789,7.3998449572099,173
"184",2021,9,7.51118421052632,76,7.83333333333333,7.11323529411765,6.625,7.58,7.49426229508197,42,34,4,15,61,13179,6395,6784,1609,2251,10928,7.40074561651112,7.9536967505864,6.87950114386792,6.95340894965817,7.40255945357619,7.40037199396047,174
"185",2021,10,7.33509808823529,68,7.97845536585366,6.35814814814815,4.7675,6.81428571428571,7.47012351851852,41,27,4,14,54,13247,6436,6811,1613,2265,10982,7.40040863214313,7.95385447327533,6.87743440904419,6.94798822070676,7.39892332450331,7.40071497177199,175
"186",2021,11,7.46497579710145,69,7.89484119047619,6.7962962962963,6.5,6.72727272727273,7.604885,42,27,5,11,58,13316,6478,6838,1618,2276,11040,7.40074320216282,7.95347186168571,6.87711403334308,6.94660383189122,7.39567721001757,7.40178760416667,176
"187",2021,12,7.31379310344828,87,7.82826086956522,6.73658536585366,6.33333333333333,7.63636363636364,7.26710526315789,46,41,12,11,76,13403,6524,6879,1630,2287,11116,7.4001788017608,7.95258901287554,6.87627645878761,6.94208895705521,7.39683486226498,7.40086678211587,177
"188",2022,1,7.01629801324503,151,7.79668055555556,6.30506329113924,6.25,6.98666666666667,7.01956617647059,72,79,20,15,136,13554,6596,6958,1650,2302,11252,7.39590213073632,7.95088716191632,6.86979099741305,6.9337,7.39416217636838,7.39625810078208,178
"189",2022,2,7.2375,76,7.69358974358974,6.75675675675676,6.66666666666667,8,7.10846153846154,39,37,6,11,65,13630,6635,6995,1656,2313,11317,7.39501889068232,7.94937478824416,6.86919310364546,6.93273248792271,7.39704337656723,7.394605120615,179
"190",2022,3,7.39173333333333,75,7.96190476190476,6.66606060606061,6.9,7.88333333333333,7.34898550724638,42,33,5,6,69,13705,6677,7028,1661,2319,11386,7.39500091061657,7.94945360491239,6.86823929425156,6.93263395544852,7.39830156532988,7.39432866239241,180
"191",2022,4,7.1253164556962,79,7.50487804878049,6.71578947368421,6.43333333333333,6.25,7.1972602739726,41,38,6,6,73,13784,6718,7066,1667,2325,11459,7.39345527278004,7.94674035724919,6.86741943956977,6.93083683263347,7.39533820645161,7.3930732306484,181
"192",2022,5,7.19879518072289,83,7.65510204081633,6.54117647058824,6.275,7.19090909090909,7.2,49,34,4,11,72,13867,6767,7100,1671,2336,11531,7.39229014783299,7.94462859760603,6.86585714929577,6.92926690604429,7.39437556934931,7.39186767409591,182
"193",2022,6,7.46643835616438,73,7.93181818181818,6.76034482758621,6.07142857142857,7.64545454545455,7.43467741935484,44,29,7,11,62,13940,6811,7129,1678,2347,11593,7.39267844189384,7.94454584055205,6.865427936597,6.92568831942789,7.39555233489561,7.39209662296213,183
"194",2022,7,7.49066666666667,75,7.9609756097561,6.92352941176471,6.6,8.06818181818182,7.39140625,41,34,9,11,64,14015,6852,7163,1687,2358,11657,7.39320281698181,7.94464415061296,6.86570372190423,6.92395080023711,7.39869013146734,7.39209283263275,184
"195",2022,8,7.12085714285714,70,7.23611111111111,6.99882352941176,6.33333333333333,7.5,7.09169230769231,36,34,3,5,65,14085,6888,7197,1690,2363,11722,7.39184930635428,7.94094101626017,6.86633260525219,6.92290236686391,7.39890449851883,7.39042707302508,185
"196",2022,9,7.44672929577465,71,7.80615384615385,7.008680625,6.5,5.84857142857143,7.6215278125,39,32,6,7,64,14156,6927,7229,1696,2370,11786,7.39212455919752,7.94018214522882,6.86696272513487,6.92140625,7.3943254556962,7.39168198964874,186
"197",2022,10,7.64112359550562,89,7.9812,7.20512820512821,7.22222222222222,7.70454545454545,7.63217948717949,50,39,9,11,78,14245,6977,7268,1705,2381,11864,7.39368025693226,7.94047609574316,6.86877731700605,6.92299413489736,7.39575864342713,7.39326314312205,187
"198",2022,11,7.13151898734177,79,7.51189189189189,6.79642857142857,5.6,6.31111111111111,7.237,37,42,4,9,70,14324,7014,7310,1709,2390,11934,7.39223438006144,7.93821524379812,6.86836163337893,6.91989760093622,7.39167419665272,7.39234656695157,188
"199",2022,12,7.2267032967033,91,7.72040816326531,6.65071428571429,7.46384615384615,7.28333333333333,7.21810126582278,49,42,13,12,79,14415,7063,7352,1722,2402,12013,7.39118940409296,7.93670419368541,6.86711827257889,6.92400406504065,7.39113294338051,7.39120069341547,189
