"","year","month","avg_rating","no_ratings","avg_rating_owned","avg_rating_not_owned","avg_rating_prev_owned","avg_rating_comment","avg_rating_no_comment","no_ratings_owned","no_ratings_not_owned","no_ratings_prev_owned","no_ratings_comment","no_ratings_no_comment","cum_no_ratings","cum_no_ratings_owned","cum_no_ratings_not_owned","cum_no_ratings_prev_owned","cum_no_ratings_comment","cum_no_ratings_no_comment","cum_avg_rating","cum_avg_rating_owned","cum_avg_rating_not_owned","cum_avg_rating_prev_owned","cum_avg_rating_comment","cum_avg_rating_no_comment","month_after_release"
"1",2001,8,6.5,2,NA,6.5,NA,6,7,0,2,0,1,1,2,0,2,0,1,1,6.5,NA,6.5,NA,6,7,3
"2",2001,9,3.5,2,6,1,NA,3.5,NA,1,1,0,2,0,4,1,3,0,3,1,5,6,4.66666666666667,NA,4.33333333333333,7,4
"3",2001,10,7,1,7,NA,NA,NA,7,1,0,0,0,1,5,2,3,0,3,2,5.4,6.5,4.66666666666667,NA,4.33333333333333,7,5
"4",2002,2,7,1,7,NA,NA,7,NA,1,0,0,1,0,6,3,3,0,4,2,5.66666666666667,6.66666666666667,4.66666666666667,NA,5,7,9
"5",2002,4,1.5,2,2,1,NA,NA,1.5,1,1,0,0,2,8,4,4,0,4,4,4.625,5.5,3.75,NA,5,4.25,11
"6",2002,5,7,1,7,NA,NA,NA,7,1,0,0,0,1,9,5,4,0,4,5,4.88888888888889,5.8,3.75,NA,5,4.8,12
"7",2002,6,5,1,5,NA,NA,5,NA,1,0,0,1,0,10,6,4,0,5,5,4.9,5.66666666666667,3.75,NA,5,4.8,13
"8",2002,7,5.16666666666667,3,6.75,2,NA,6.75,2,2,1,0,2,1,13,8,5,0,7,6,4.96153846153846,5.9375,3.4,NA,5.5,4.33333333333333,14
"9",2002,8,5,4,5,5,NA,NA,5,3,1,0,0,4,17,11,6,0,7,10,4.97058823529412,5.68181818181818,3.66666666666667,NA,5.5,4.6,15
"10",2002,9,4.83333333333333,3,6,2.5,NA,NA,4.83333333333333,2,1,0,0,3,20,13,7,0,7,13,4.95,5.73076923076923,3.5,NA,5.5,4.65384615384615,16
"11",2002,10,6,3,6,NA,NA,6,6,3,0,0,1,2,23,16,7,0,8,15,5.08695652173913,5.78125,3.5,NA,5.5625,4.83333333333333,17
"12",2002,11,4,2,5,3,NA,3,5,1,1,0,1,1,25,17,8,0,9,16,5,5.73529411764706,3.4375,NA,5.27777777777778,4.84375,18
"13",2002,12,3,1,NA,3,NA,NA,3,0,1,0,0,1,26,17,9,0,9,17,4.92307692307692,5.73529411764706,3.38888888888889,NA,5.27777777777778,4.73529411764706,19
"14",2003,1,6,3,6,NA,NA,5,6.5,3,0,0,1,2,29,20,9,0,10,19,5.03448275862069,5.775,3.38888888888889,NA,5.25,4.92105263157895,20
"15",2003,2,6,2,4,8,NA,6,NA,1,1,0,2,0,31,21,10,0,12,19,5.09677419354839,5.69047619047619,3.85,NA,5.375,4.92105263157895,21
"16",2003,4,5.5,2,5.5,NA,NA,NA,5.5,2,0,0,0,2,33,23,10,0,12,21,5.12121212121212,5.67391304347826,3.85,NA,5.375,4.97619047619048,23
"17",2003,5,7,4,6.33333333333333,9,NA,7,NA,3,1,0,4,0,37,26,11,0,16,21,5.32432432432433,5.75,4.31818181818182,NA,5.78125,4.97619047619048,24
"18",2003,6,3.33333333333333,3,4,3,NA,4,3,1,2,0,1,2,40,27,13,0,17,23,5.175,5.68518518518519,4.11538461538461,NA,5.67647058823529,4.80434782608696,25
"19",2003,7,4.93846153846154,26,5.45,4.61875,7,4.675,5.05555555555556,10,16,1,8,18,66,37,29,1,25,41,5.08181818181818,5.62162162162162,4.39310344827586,7,5.356,4.91463414634146,26
"20",2003,8,5,2,6,4,NA,6,4,1,1,0,1,1,68,38,30,1,26,42,5.07941176470588,5.63157894736842,4.38,7,5.38076923076923,4.89285714285714,27
"21",2003,9,4.375,4,5,2.5,NA,NA,4.375,3,1,0,0,4,72,41,31,1,26,46,5.04027777777778,5.58536585365854,4.31935483870968,7,5.38076923076923,4.84782608695652,28
"22",2003,10,2,2,1,3,3,1,3,1,1,1,1,1,74,42,32,2,27,47,4.95810810810811,5.47619047619048,4.278125,5,5.21851851851852,4.80851063829787,29
"23",2003,11,5,2,5,NA,NA,6,4,2,0,0,1,1,76,44,32,2,28,48,4.95921052631579,5.45454545454545,4.278125,5,5.24642857142857,4.79166666666667,30
"24",2003,12,3.5,4,4,3.33333333333333,NA,3,3.66666666666667,1,3,0,1,3,80,45,35,2,29,51,4.88625,5.42222222222222,4.19714285714286,5,5.16896551724138,4.72549019607843,31
"25",2004,1,3.9,10,2.5,4.83333333333333,3,3.66666666666667,4,4,6,1,3,7,90,49,41,3,32,58,4.77666666666667,5.18367346938775,4.29024390243903,4.33333333333333,5.028125,4.63793103448276,32
"26",2004,2,4,9,4.33333333333333,3.83333333333333,2,3.66666666666667,4.16666666666667,3,6,1,3,6,99,52,47,4,35,64,4.70606060606061,5.13461538461538,4.23191489361702,3.75,4.91142857142857,4.59375,33
"27",2004,3,5.5,6,7.66666666666667,3.33333333333333,NA,9,4.8,3,3,0,1,5,105,55,50,4,36,69,4.75142857142857,5.27272727272727,4.178,3.75,5.025,4.60869565217391,34
"28",2004,4,5.08888888888889,9,4.96,5.25,NA,5.2,5,5,4,0,4,5,114,60,54,4,40,74,4.7780701754386,5.24666666666667,4.25740740740741,3.75,5.0425,4.63513513513514,35
"29",2004,5,6.18333333333333,3,6.775,5,NA,6.18333333333333,NA,2,1,0,3,0,117,62,55,4,43,74,4.81410256410256,5.29596774193548,4.27090909090909,3.75,5.12209302325581,4.63513513513514,36
"30",2004,6,4.16666666666667,6,5.33333333333333,3,NA,4.25,4,3,3,0,4,2,123,65,58,4,47,76,4.78252032520325,5.29769230769231,4.2051724137931,3.75,5.04787234042553,4.61842105263158,37
"31",2004,7,5.5,5,6.5,4,NA,5.66666666666667,5.25,3,2,0,3,2,128,68,60,4,50,78,4.810546875,5.35073529411765,4.19833333333333,3.75,5.085,4.63461538461539,38
"32",2004,8,4.22222222222222,9,4.4,4,NA,5,3.83333333333333,5,4,0,3,6,137,73,64,4,53,84,4.77189781021898,5.28561643835616,4.1859375,3.75,5.08018867924528,4.57738095238095,39
"33",2004,9,3.36,5,4.4,2.66666666666667,NA,2,4.26666666666667,2,3,0,2,3,142,75,67,4,55,87,4.72218309859155,5.262,4.11791044776119,3.75,4.96818181818182,4.56666666666667,40
"34",2004,10,3.33333333333333,6,4.66666666666667,2,NA,2,3.6,3,3,0,1,5,148,78,70,4,56,92,4.66587837837838,5.23910256410256,4.02714285714286,3.75,4.91517857142857,4.51413043478261,41
"35",2004,11,5,7,5,5,NA,4.25,6,4,3,0,4,3,155,82,73,4,60,95,4.68096774193548,5.22743902439024,4.06712328767123,3.75,4.87083333333333,4.56105263157895,42
"36",2004,12,3.85714285714286,7,5.5,3.2,4,3.25,4.66666666666667,2,5,3,4,3,162,84,78,7,64,98,4.64537037037037,5.23392857142857,4.01153846153846,3.85714285714286,4.76953125,4.56428571428571,43
"37",2005,1,4.03333333333333,12,4.73333333333333,3.33333333333333,5,4.3,3.5,6,6,1,8,4,174,90,84,8,72,102,4.60316091954023,5.20055555555556,3.96309523809524,4,4.71736111111111,4.52254901960784,44
"38",2005,2,3,7,4,2.25,NA,3.16666666666667,2,3,4,0,6,1,181,93,88,8,78,103,4.54116022099447,5.16182795698925,3.88522727272727,4,4.59807692307692,4.49805825242719,45
"39",2005,3,3.8,10,4.16666666666667,3.25,NA,4,3.71428571428571,6,4,0,3,7,191,99,92,8,81,110,4.50235602094241,5.10151515151515,3.85760869565217,4,4.57592592592593,4.44818181818182,46
"40",2005,4,4,9,3.4,4.75,NA,3,4.5,5,4,0,3,6,200,104,96,8,84,116,4.47975,5.01971153846154,3.89479166666667,4,4.51964285714286,4.45086206896552,47
"41",2005,5,4.57692307692308,13,4.94444444444444,3.75,3.5,5.14285714285714,3.91666666666667,9,4,2,7,6,213,113,100,10,91,122,4.48568075117371,5.01371681415929,3.889,3.9,4.56758241758242,4.42459016393443,48
"42",2005,6,4.71428571428571,7,5,4.33333333333333,5,4.25,5.33333333333333,4,3,1,4,3,220,117,103,11,95,125,4.49295454545454,5.01324786324786,3.90194174757282,4,4.55421052631579,4.4464,49
"43",2005,7,5.02,15,5.48461538461538,2,NA,5.58333333333333,4.64444444444444,13,2,0,6,9,235,130,105,11,101,134,4.52659574468085,5.06038461538461,3.86571428571429,4,4.61534653465347,4.45970149253731,50
"44",2005,8,3.76923076923077,13,4.22222222222222,2.75,NA,4,3.57142857142857,9,4,0,6,7,248,139,109,11,107,141,4.48689516129032,5.00611510791367,3.82477064220184,4,4.58084112149533,4.41560283687943,51
"45",2005,9,4.125,10,6.25,2,2,3.8,4.45,5,5,1,5,5,258,144,114,12,112,146,4.47286821705426,5.04930555555555,3.74473684210526,3.83333333333333,4.54598214285714,4.41678082191781,52
"46",2005,10,4.41666666666667,12,5.14285714285714,3.4,2,4.5,4.25,7,5,1,8,4,270,151,119,13,120,150,4.47037037037037,5.05364238410596,3.73025210084034,3.69230769230769,4.54291666666667,4.41233333333333,53
"47",2005,11,4.25,12,5.25,3.25,NA,4.4375,3.875,6,6,0,8,4,282,157,125,13,128,154,4.46099290780142,5.06114649681529,3.7072,3.69230769230769,4.536328125,4.39837662337662,54
"48",2005,12,4.83333333333333,12,5.14285714285714,4.4,5,3.8,5.57142857142857,7,5,1,5,7,294,164,130,14,133,161,4.47619047619047,5.06463414634146,3.73384615384615,3.78571428571429,4.50864661654135,4.44937888198758,55
"49",2006,1,5.02777777777778,18,5.65,4.25,5,4.625,5.83333333333333,10,8,1,12,6,312,174,138,15,145,167,4.50801282051282,5.09827586206897,3.76376811594203,3.86666666666667,4.51827586206897,4.49910179640719,56
"50",2006,2,4.63888888888889,18,5,4.27777777777778,4,4.65,4.625,9,9,2,10,8,330,183,147,17,155,175,4.51515151515151,5.09344262295082,3.7952380952381,3.88235294117647,4.52677419354839,4.50485714285714,57
"51",2006,3,3.65,10,4.2,3.1,NA,3.83333333333333,3.57142857142857,5,5,0,3,7,340,188,152,17,158,182,4.48970588235294,5.06968085106383,3.77236842105263,3.88235294117647,4.51360759493671,4.46895604395605,58
"52",2006,4,4.41666666666667,12,4.4,4.5,NA,4.5,4.4,10,2,0,2,10,352,198,154,17,160,192,4.48721590909091,5.03585858585859,3.78181818181818,3.88235294117647,4.5134375,4.46536458333333,59
"53",2006,5,4.2,10,4.70833333333333,3.4375,3.375,4.6,3.8,6,4,2,5,5,362,204,158,19,165,197,4.4792817679558,5.02622549019608,3.77310126582279,3.82894736842105,4.51606060606061,4.44847715736041,60
"54",2006,6,4.25,8,4.6,3.66666666666667,5,6,3.66666666666667,5,3,1,2,6,370,209,161,20,167,203,4.47432432432432,5.01602870813397,3.77111801242236,3.8875,4.53383233532934,4.42536945812808,61
"55",2006,7,4.84375,16,5.44444444444444,4.07142857142857,5,4.71428571428571,4.94444444444444,9,7,1,7,9,386,218,168,21,174,212,4.48963730569948,5.03371559633027,3.78363095238095,3.94047619047619,4.54109195402299,4.44740566037736,62
"56",2006,8,4.15384615384615,13,3.9375,4.5,NA,5.16666666666667,3.85,8,5,0,3,10,399,226,173,21,177,222,4.47869674185463,4.99491150442478,3.80433526011561,3.94047619047619,4.55169491525424,4.4204954954955,63
"57",2006,9,4.625,12,5.07142857142857,4,NA,4,4.83333333333333,7,5,0,3,9,411,233,178,21,180,231,4.48296836982968,4.99721030042918,3.80983146067416,3.94047619047619,4.5425,4.43658008658009,64
"58",2006,10,4.96875,16,5.95,3.33333333333333,NA,5.07142857142857,4.88888888888889,10,6,0,7,9,427,243,184,21,187,240,4.50117096018735,5.03641975308642,3.79429347826087,3.94047619047619,4.56229946524064,4.45354166666667,65
"59",2006,11,3.92307692307692,13,4.375,3.2,NA,3.66666666666667,4.14285714285714,8,5,0,6,7,440,251,189,21,193,247,4.48409090909091,5.01533864541833,3.77857142857143,3.94047619047619,4.53445595854922,4.44473684210526,66
"60",2006,12,4.51041666666667,24,5.140625,3.25,5.5,3.7,5.08928571428571,16,8,2,10,14,464,267,197,23,203,261,4.4854525862069,5.02284644194757,3.75710659898477,4.07608695652174,4.49334975369458,4.47931034482759,67
"61",2007,1,4.27575757575758,33,4.81818181818182,3.19090909090909,4.83333333333333,3.75,4.50434782608696,22,11,3,10,23,497,289,208,26,213,284,4.4715291750503,5.00726643598616,3.72716346153846,4.16346153846154,4.45845070422535,4.48133802816901,68
"62",2007,2,4.15384615384615,13,6,3.6,1,3.33333333333333,4.4,3,10,1,3,10,510,292,218,27,216,294,4.46343137254902,5.01746575342466,3.72133027522936,4.0462962962963,4.44282407407407,4.47857142857143,69
"63",2007,3,3.55555555555556,9,3.33333333333333,3.66666666666667,NA,3.4,3.75,3,6,0,5,4,519,295,224,27,221,298,4.44768786127167,5.00033898305085,3.71986607142857,4.0462962962963,4.41923076923077,4.46879194630872,70
"64",2007,4,3.87692307692308,13,5.46666666666667,3.4,NA,5.7,3.54545454545455,3,10,0,2,11,532,298,234,27,223,309,4.43374060150376,5.00503355704698,3.70619658119658,4.0462962962963,4.43071748878924,4.43592233009709,71
"65",2007,5,4.30434782608696,23,4.625,3.95454545454545,3.66666666666667,4.20833333333333,4.40909090909091,12,11,3,12,11,555,310,245,30,235,320,4.42837837837838,4.99032258064516,3.71734693877551,4.00833333333333,4.41936170212766,4.435,72
"66",2007,6,4.7,10,4.75,4.5,NA,5.25,4.33333333333333,8,2,0,4,6,565,318,247,30,239,326,4.43318584070796,4.98427672955975,3.72368421052632,4.00833333333333,4.43326359832636,4.43312883435583,73
"67",2007,7,4.4375,8,5.08333333333333,2.5,NA,3,5.3,6,2,0,3,5,573,324,249,30,242,331,4.43324607329843,4.98611111111111,3.71385542168675,4.00833333333333,4.41549586776859,4.44622356495468,74
"68",2007,8,4.71739130434783,23,5.03333333333333,4.125,5.5,4.45,4.92307692307692,15,8,1,10,13,596,339,257,31,252,344,4.44421140939597,4.9882005899705,3.72665369649806,4.05645161290323,4.41686507936508,4.46424418604651,75
"69",2007,9,4.91666666666667,12,5.8,4.28571428571429,4,4.66666666666667,5.16666666666667,5,7,2,6,6,608,344,264,33,258,350,4.45353618421052,5,3.74147727272727,4.0530303030303,4.42267441860465,4.47628571428571,76
"70",2007,10,3.75238095238095,21,4.35,3.20909090909091,NA,4.13333333333333,3.6,10,11,0,6,15,629,354,275,33,264,365,4.43012718600954,4.9816384180791,3.72018181818182,4.0530303030303,4.41609848484848,4.44027397260274,77
"71",2007,11,3.484,25,4.1,2.56,NA,3.08333333333333,3.61052631578947,15,10,0,6,19,654,369,285,33,270,384,4.39396024464832,4.94579945799458,3.67947368421053,4.0530303030303,4.38648148148148,4.39921875,78
"72",2007,12,4.25,24,5,3.61538461538462,2,4.25,4.25,11,13,1,8,16,678,380,298,34,278,400,4.38886430678466,4.94736842105263,3.67667785234899,3.99264705882353,4.38255395683453,4.39325,79
"73",2008,1,4.83913043478261,23,4.95882352941176,4.5,6,5.20909090909091,4.5,17,6,1,11,12,701,397,304,35,289,412,4.40363766048502,4.94785894206549,3.69292763157895,4.05,4.41401384083045,4.39635922330097,80
"74",2008,2,4.82368421052632,19,5.24230769230769,3.91666666666667,3.5,5.215,4.38888888888889,13,6,2,10,9,720,410,310,37,299,421,4.41472222222222,4.95719512195122,3.69725806451613,4.02027027027027,4.44080267558528,4.39619952494062,81
"75",2008,3,4.38888888888889,27,4.93333333333333,3.70833333333333,4,4.875,4.18421052631579,15,12,1,8,19,747,425,322,38,307,440,4.41378848728246,4.95635294117647,3.69767080745342,4.01973684210526,4.45211726384365,4.38704545454545,82
"76",2008,4,4.59565217391304,23,5.21428571428571,3.63333333333333,4.5,4.20833333333333,5.01818181818182,14,9,2,12,11,770,439,331,40,319,451,4.41922077922078,4.96457858769932,3.69592145015106,4.04375,4.44294670846395,4.40243902439024,83
"77",2008,5,3.83333333333333,15,5.4,3.05,2,3.5,4.05555555555556,5,10,1,6,9,785,444,341,41,325,460,4.40802547770701,4.96948198198198,3.67697947214076,3.99390243902439,4.42553846153846,4.39565217391304,84
"78",2008,6,5.636,17,5.68746666666667,5.25,5,5.1624,5.83333333333333,15,2,1,5,12,802,459,343,42,330,472,4.43405486284289,4.99294553376906,3.68615160349854,4.01785714285714,4.43670303030303,4.43220338983051,85
"79",2008,7,3.97619047619048,21,4.94444444444444,3.25,3,3.94444444444444,4,9,12,6,9,12,823,468,355,48,339,484,4.42237181044957,4.99201282051282,3.67140845070423,3.890625,4.42363421828909,4.42148760330578,86
"80",2008,8,4.5,8,4.5,4.5,4.5,4.25,4.58333333333333,3,5,2,2,6,831,471,360,50,341,490,4.42311913357401,4.98887898089172,3.68291666666667,3.915,4.42261583577713,4.4234693877551,87
"81",2008,9,4.80952380952381,21,5.4,3.33333333333333,4.5,4.75,4.82352941176471,15,6,2,4,17,852,486,366,52,345,507,4.43264319248826,5.00156790123457,3.67718579234973,3.9375,4.4264115942029,4.43688362919132,88
"82",2008,10,4.41176470588235,17,5.18181818181818,3,3,4,4.77777777777778,11,6,4,8,9,869,497,372,56,353,516,4.43223475258918,5.00555734406439,3.66626344086022,3.87053571428571,4.41674787535411,4.44282945736434,89
"83",2008,11,4.62105263157895,19,4.98181818181818,4.125,4,3.2,5.12857142857143,11,8,5,5,14,888,508,380,61,358,530,4.43627477477477,5.00504330708661,3.67592105263158,3.88114754098361,4.39975418994413,4.46094339622641,90
"84",2008,12,4.175,20,5.16666666666667,3.36363636363636,3.5625,4,4.25,9,11,8,6,14,908,517,391,69,364,544,4.43051982378854,5.00785686653772,3.66713554987212,3.84420289855072,4.39316483516483,4.45551470588235,91
"85",2009,1,4.2,30,4.65789473684211,3.40909090909091,3.83333333333333,4.2,4.2,19,11,3,10,20,938,536,402,72,374,564,4.42314712153518,4.99545149253731,3.66007462686567,3.84375,4.388,4.44645390070922,92
"86",2009,2,4.724,25,5.39166666666667,4.10769230769231,4.16666666666667,4.33333333333333,4.84736842105263,12,13,6,6,19,963,548,415,78,380,583,4.43095742471443,5.00412773722628,3.67409638554217,3.86858974358974,4.38713684210526,4.45951972555746,93
"87",2009,3,4.45833333333333,24,4.76470588235294,3.71428571428571,3.66666666666667,5,4.38095238095238,17,7,3,3,21,987,565,422,81,383,604,4.43162310030395,4.99692389380531,3.67476303317536,3.86111111111111,4.39193733681462,4.4567880794702,94
"88",2009,4,4.80714285714286,21,4.945,4.68181818181818,5.66666666666667,5.4,4.621875,10,11,3,5,16,1008,575,433,84,388,620,4.43944642857143,4.99602086956522,3.70034642032333,3.92559523809524,4.40492783505155,4.46104838709677,95
"89",2009,5,4.03478260869565,23,4.75714285714286,3.71875,3.94444444444444,4.40769230769231,3.55,7,16,9,13,10,1031,582,449,93,401,630,4.43041901066925,4.99314776632302,3.70100222717149,3.92741935483871,4.4050174563591,4.4465873015873,96
"90",2009,6,3.88333333333333,24,4.45,3.47857142857143,2.16,3.48333333333333,4.01666666666667,10,14,5,6,18,1055,592,463,98,407,648,4.41797345971564,4.98397297297297,3.69427645788337,3.83724489795918,4.39142997542997,4.43464506172839,97
"91",2009,7,4.03214285714286,28,4.65,3.20833333333333,3,3.64285714285714,4.16190476190476,16,12,4,7,21,1083,608,475,102,414,669,4.40799815327793,4.97518421052632,3.682,3.80441176470588,4.3787729468599,4.42608370702541,98
"92",2009,8,5.07105263157895,19,5.1,5.03888888888889,4,4.975,5.11538461538461,10,9,3,6,13,1102,618,484,105,420,682,4.41943012704174,4.97720388349515,3.70723140495868,3.81,4.38729047619047,4.43922287390029,99
"93",2009,9,4.22727272727273,22,4.22222222222222,4.23076923076923,4,2.75,4.55555555555556,9,13,2,4,18,1124,627,497,107,424,700,4.41566903914591,4.9663668261563,3.72092555331992,3.81355140186916,4.37184433962264,4.44221428571429,100
"94",2009,10,3.98,25,4.66666666666667,3.34615384615385,4.33333333333333,3.61111111111111,4.1875,12,13,3,9,16,1149,639,510,110,433,716,4.40618973020017,4.96073865414711,3.71137254901961,3.82772727272727,4.35603233256351,4.43652234636872,101
"95",2009,11,4.43214285714286,28,4.78571428571429,4.07857142857143,3.66666666666667,3.54545454545455,5.00588235294118,14,14,3,11,17,1177,653,524,113,444,733,4.40680713678844,4.95698621745789,3.72118320610687,3.82345132743363,4.33595045045045,4.44972714870396,102
"96",2009,12,4.31923076923077,26,5,3.525,3,3.96666666666667,4.425,14,12,2,6,20,1203,667,536,115,450,753,4.40491438071488,4.95788905547226,3.71679104477612,3.80913043478261,4.33102666666667,4.44907038512616,103
"97",2010,1,4.7125,32,5.38421052631579,3.73076923076923,3.5,4.55,4.78636363636364,19,13,8,10,22,1235,686,549,123,460,775,4.41288421052632,4.96969679300292,3.71712204007286,3.7890243902439,4.33578695652174,4.45864516129032,104
"98",2010,2,4.81666666666667,15,4.75,5.25,NA,4.875,4.79545454545455,13,2,0,4,11,1250,699,551,123,464,786,4.4177296,4.96561087267525,3.72268602540835,3.7890243902439,4.34043534482759,4.46335877862595,105
"99",2010,3,4.96428571428571,14,6.16666666666667,2.8,NA,5.83333333333333,4.72727272727273,9,5,0,3,11,1264,708,556,123,467,797,4.4237832278481,4.98087853107345,3.71438848920863,3.7890243902439,4.35002569593148,4.46700125470514,106
"100",2010,4,4.34285714285714,14,4.8,4.08888888888889,NA,4.96,4,5,9,0,5,9,1278,713,565,123,472,806,4.42289671361502,4.97961009817672,3.72035398230088,3.7890243902439,4.35648728813559,4.46178660049628,107
"101",2010,5,4,12,5.16666666666667,2.83333333333333,NA,NA,4,6,6,0,0,12,1290,719,571,123,472,818,4.41896279069767,4.98117107093185,3.71103327495622,3.7890243902439,4.35648728813559,4.45501222493888,108
"102",2010,6,3.18,10,3,3.36,4,4,3.08888888888889,5,5,1,1,9,1300,724,576,124,473,827,4.40943230769231,4.96748895027624,3.70798611111111,3.79072580645161,4.35573361522199,4.44014510278114,109
"103",2010,7,4.5,8,4.33333333333333,5,5,3.75,5.25,6,2,2,4,4,1308,730,578,126,477,831,4.40998623853211,4.96227671232877,3.71245674740484,3.80992063492064,4.35065408805031,4.44404332129964,110
"104",2010,8,4.97380952380952,21,5.91111111111111,4.27083333333333,6.5,5.22,4.896875,9,12,1,5,16,1329,739,590,127,482,847,4.41889541008277,4.97383220568336,3.72381355932203,3.83110236220472,4.35967219917012,4.4525974025974,111
"105",2010,9,3.90909090909091,11,4.42857142857143,3,NA,NA,3.90909090909091,7,4,0,0,11,1340,746,594,127,482,858,4.41471044776119,4.96871581769437,3.71893939393939,3.83110236220472,4.35967219917012,4.44562937062937,112
"106",2010,10,3.38461538461538,13,4,3,3,3.5,3.36363636363636,5,8,3,2,11,1353,751,602,130,484,869,4.40481300813008,4.96226631158455,3.7093853820598,3.81192307692308,4.35611983471074,4.4319332566168,113
"107",2010,11,4.08823529411765,17,4.78571428571429,3.6,2.875,3.6,4.29166666666667,7,10,4,5,12,1370,758,612,134,489,881,4.40088467153285,4.96063588390501,3.70759803921569,3.7839552238806,4.34838854805726,4.4300227014756,114
"108",2010,12,3.98292857142857,14,4.21585714285714,3.75,3.837,3.75,4.0761,7,7,3,4,10,1384,765,619,137,493,891,4.39665679190752,4.95382091503268,3.70807754442649,3.78511678832117,4.34353346855984,4.42605050505051,115
"109",2011,1,4.70689655172414,29,4.53333333333333,4.89285714285714,5.125,3.9,4.875,15,14,8,5,24,1413,780,633,145,498,915,4.40302406227884,4.94573461538462,3.73428120063191,3.85904137931034,4.33908032128514,4.4378262295082,116
"110",2011,2,3.8609375,32,4.384375,3.3375,3.68,3.04,4.23409090909091,16,16,5,10,22,1445,796,649,150,508,937,4.39101937716263,4.93445100502513,3.72449922958398,3.85307333333333,4.31350787401575,4.43304268943437,117
"111",2011,3,4.43333333333333,15,5.44444444444444,2.91666666666667,6,6.66666666666667,3.875,9,6,1,3,12,1460,805,655,151,511,949,4.39145410958904,4.94015279503106,3.71709923664122,3.86729139072848,4.3273228962818,4.42598630136987,118
"112",2011,4,4.25,16,4.91666666666667,2.25,3,2.8,4.90909090909091,12,4,1,5,11,1476,817,659,152,516,960,4.38992073170732,4.93980783353733,3.70819423368741,3.86158552631579,4.31252325581395,4.431521875,119
"113",2011,5,4.075,20,4.375,3.625,3,3.75,4.15625,12,8,1,4,16,1496,829,667,153,520,976,4.38571056149733,4.93163208685163,3.7071964017991,3.85595424836601,4.30819615384615,4.42700922131148,120
"114",2011,6,4.57857142857143,14,5.15714285714286,4,3.66666666666667,6,4.46923076923077,7,7,3,1,13,1510,836,674,156,521,989,4.38749867549669,4.93352033492823,3.71023738872404,3.8523141025641,4.311443378119,4.42756420626896,121
"115",2011,7,4.62333333333333,15,4.73125,4.5,4,NA,4.62333333333333,8,7,2,0,15,1525,844,681,158,521,1004,4.38981836065574,4.93160308056872,3.71835535976505,3.8541835443038,4.311443378119,4.4304890438247,122
"116",2011,8,4.53,20,4.8,4.125,4.5,4.72857142857143,4.42307692307692,12,8,2,7,13,1545,856,689,160,528,1017,4.39163300970874,4.9297581775701,3.72307692307692,3.86225625,4.31697348484848,4.43039429695182,123
"117",2011,9,4.46428571428571,14,4.9375,3.83333333333333,5.5,3,5.05,8,6,2,4,10,1559,864,695,162,532,1027,4.39228543938422,4.92982986111111,3.72402877697842,3.88247530864198,4.30707142857143,4.43642745861734,124
"118",2011,10,3.76666666666667,15,4.5625,2.85714285714286,3.66666666666667,3,4.04545454545455,8,7,3,4,11,1574,872,702,165,536,1038,4.38632337992376,4.92645986238532,3.71538461538462,3.87855151515152,4.2973171641791,4.43228420038536,125
"119",2011,11,3.71818181818182,22,4.35714285714286,3.42,6.5,2.66666666666667,3.88421052631579,7,15,2,3,19,1596,879,717,167,539,1057,4.3771134085213,4.9219260523322,3.7092050209205,3.90994610778443,4.28824118738404,4.42243235572375,126
"120",2011,12,4.72916666666667,24,5.53571428571429,3.6,5,5.5,4.575,14,10,1,4,20,1620,893,727,168,543,1077,4.38232901234568,4.93154871220605,3.70770288858322,3.91643452380952,4.29716758747698,4.42526555246054,127
"121",2012,1,4.165,20,4.675,3.4,2.4,4.36666666666667,4.12941176470588,12,8,3,3,17,1640,905,735,171,546,1094,4.37967865853659,4.92814696132597,3.7043537414966,3.88983040935673,4.29754945054945,4.42066819012797,128
"122",2012,2,4.05882352941176,17,5,3,3.5,3.16666666666667,4.54545454545455,9,8,2,6,11,1657,914,743,173,552,1105,4.37638684369342,4.92885448577681,3.69676985195155,3.88532369942197,4.28525724637681,4.42191040723982,129
"123",2012,3,4.21428571428571,14,4.44444444444444,3.8,3,3.5,4.33333333333333,9,5,2,2,12,1671,923,748,175,554,1117,4.37502872531418,4.92413109425786,3.69745989304813,3.87520571428571,4.28242238267148,4.42095881826321,130
"124",2012,4,3.98571428571429,14,4.475,3.33333333333333,4,3.26,4.38888888888889,8,6,2,5,9,1685,931,754,177,559,1126,4.3717940652819,4.92027175080559,3.69456233421751,3.87661581920904,4.27327728085868,4.42070248667851,131
"125",2012,5,3.82352941176471,17,4.66363636363636,2.28333333333333,3.5,4.75,3.7,11,6,2,2,15,1702,942,760,179,561,1141,4.3663178613396,4.91727494692145,3.68342105263158,3.87240782122905,4.27497682709447,4.41122787028922,132
"126",2012,6,4.5,12,5.5,3.5,NA,4.25,4.55,6,6,0,2,10,1714,948,766,179,563,1151,4.36725379229872,4.92096308016878,3.68198433420366,3.87240782122905,4.27488809946714,4.41243353605561,133
"127",2012,7,4.8752380952381,21,5.69230769230769,3.5475,2,4.125,5.05176470588235,13,8,1,4,17,1735,961,774,180,567,1168,4.3734023054755,4.93139750260146,3.68059431524548,3.86200555555556,4.27383068783069,4.42173886986302,134
"128",2012,8,3.5,8,5,2.6,3.5,2.5,3.83333333333333,3,5,2,2,6,1743,964,779,182,569,1174,4.36939357429719,4.93161099585063,3.67365853658537,3.85802747252747,4.26759578207381,4.41873168654174,135
"129",2012,9,5.7125,16,5.82666666666667,4,4,4.5,5.88571428571429,15,1,1,2,14,1759,979,780,183,571,1188,4.38161057418988,4.94532482124617,3.67407692307692,3.85880327868853,4.26840980735552,4.43601936026936,136
"130",2012,10,4.1,15,4.58333333333333,3.77777777777778,3.5,5,3.5,6,9,5,6,9,1774,985,789,188,577,1197,4.37922942502819,4.94311979695432,3.6752598225602,3.84926063829787,4.27601733102253,4.42898162071847,137
"131",2012,11,5.175,20,5.29166666666667,5,5.5,5.08333333333333,5.21428571428571,12,8,4,6,14,1794,997,797,192,583,1211,4.38810089186176,4.94731494483451,3.68855708908407,3.88365104166667,4.28432590051458,4.43806028075971,138
"132",2012,12,4.07142857142857,28,4.84210526315789,2.44444444444444,3.33333333333333,3.85714285714286,4.14285714285714,19,9,6,7,21,1822,1016,806,198,590,1232,4.38323435784852,4.94534744094488,3.67466501240695,3.86697474747475,4.27925762711864,4.43302840909091,139
"133",2013,1,4.96428571428571,28,5.28125,4.54166666666667,3.25,4,5.03846153846154,16,12,2,2,26,1850,1032,818,200,592,1258,4.39202864864865,4.95055523255814,3.68738386308068,3.860805,4.27831418918919,4.4455413354531,140
"134",2013,2,4.41576923076923,26,5.3,3.21,4,4.27777777777778,4.48882352941177,15,11,2,9,17,1876,1047,829,202,601,1275,4.39235767590618,4.95556160458453,3.68104945717732,3.86218316831683,4.27830615640599,4.44611843137255,141
"135",2013,3,5.09090909090909,22,5.47058823529412,3.8,4,4,5.33333333333333,17,5,1,4,18,1898,1064,834,203,605,1293,4.40045468914647,4.96379041353384,3.68176258992806,3.86286206896552,4.27646611570248,4.45846945088941,142
"136",2013,4,4.07692307692308,13,4.25,3.8,2.5,3.33333333333333,4.3,8,5,2,3,10,1911,1072,839,205,608,1303,4.39825379382522,4.95846361940299,3.68246722288439,3.84956585365854,4.2718125,4.45725326170376,143
"137",2013,5,5.2425,20,5.71363636363636,4.66666666666667,3,5.37,5.2,11,9,1,5,15,1931,1083,848,206,613,1318,4.40699792853444,4.96613388734996,3.69291273584906,3.84544174757282,4.28076998368679,4.46570637329287,144
"138",2013,6,4.04166666666667,12,4.91666666666667,3.16666666666667,2.66666666666667,3.5,4.15,6,6,3,2,10,1943,1089,854,209,615,1328,4.40474163664437,4.96586134067952,3.68921545667447,3.82852153110048,4.27823089430894,4.46332906626506,145
"139",2013,7,4.65625,16,4.83333333333333,4.42857142857143,4.16666666666667,4.875,4.58333333333333,9,7,3,4,12,1959,1098,861,212,619,1340,4.40679581419091,4.96477504553734,3.69522648083624,3.83330660377359,4.28208723747981,4.46440373134329,146
"140",2013,8,4.27272727272727,11,5,3.4,2.66666666666667,2.66666666666667,4.875,6,5,3,3,8,1970,1104,866,215,622,1348,4.40604720812183,4.96496648550725,3.69352193995381,3.81702790697674,4.27429581993569,4.46684050445104,147
"141",2013,9,4.61578947368421,19,6.07777777777778,3.3,5,7,4.48333333333333,9,10,2,1,18,1989,1113,876,217,623,1366,4.40805077928608,4.97396495956874,3.6890296803653,3.82793087557604,4.2786709470305,4.46705783308932,148
"142",2013,10,4.81052631578947,19,4.99230769230769,4.41666666666667,4.75,4.7,4.85,13,6,2,5,14,2008,1126,882,219,628,1380,4.41185906374502,4.97417673179396,3.69397959183673,3.83635159817352,4.28202547770701,4.47094275362319,149
"143",2013,11,4.24166666666667,24,4.7,3.47777777777778,4,4.1,4.27894736842105,15,9,1,5,19,2032,1141,891,220,633,1399,4.40984891732284,4.97057230499562,3.69179573512907,3.83709545454545,4.28058767772512,4.46833523945676,150
"144",2013,12,4.21428571428571,21,5.04545454545455,3.3,4,5.1,3.9375,11,10,3,5,16,2053,1152,901,223,638,1415,4.40784851436922,4.97128732638889,3.68744728079911,3.8392869955157,4.28700940438871,4.46233286219082,151
"145",2014,1,4.46875,32,5.5,3.14285714285714,4,2.8125,5.02083333333333,18,14,4,8,24,2085,1170,915,227,646,1439,4.40878321342926,4.97942136752137,3.67911475409836,3.84211894273128,4.26874922600619,4.47164767199444,152
"146",2014,2,4.67307692307692,26,4.71428571428571,4.625,4.41666666666667,5.25,4.3125,14,12,6,10,16,2111,1184,927,233,656,1455,4.41203837044055,4.97628631756757,3.69135922330097,3.85691416309013,4.28370731707317,4.46989759450172,153
"147",2014,3,3.82142857142857,14,4.71428571428571,2.92857142857143,5,3.25,3.91666666666667,7,7,2,2,12,2125,1191,934,235,658,1467,4.40814729411765,4.97474643157011,3.68564239828694,3.86664255319149,4.28056534954407,4.46537218813906,154
"148",2014,4,4.47083333333333,24,5.06153846153846,3.77272727272727,3.21428571428571,4.15,4.7,13,11,7,10,14,2149,1204,945,242,668,1481,4.40884737087017,4.97568355481728,3.68665608465608,3.84777272727273,4.27861077844311,4.46759014179609,155
"149",2014,5,4.69230769230769,13,5,4.42857142857143,5,2,4.91666666666667,6,7,4,1,12,2162,1210,952,246,669,1493,4.41055180388529,4.97580413223141,3.69211134453782,3.8665081300813,4.2752047832586,4.47119959812458,156
"150",2014,6,4.39285714285714,14,5,3.78571428571429,3.5,6,4.125,7,7,2,2,12,2176,1217,959,248,671,1505,4.41043795955882,4.9759433032046,3.69279457768509,3.86355241935484,4.28034575260805,4.46843920265781,157
"151",2014,7,4.059375,16,4.5,3.49285714285714,4,NA,4.059375,9,7,2,0,16,2192,1226,966,250,671,1521,4.40787545620438,4.97244942903752,3.69134575569358,3.864644,4.28034575260805,4.46413609467456,158
"152",2014,8,5.29545454545455,22,5.66666666666667,4.5,4.75,5.9,5.11764705882353,15,7,4,5,17,2214,1241,973,254,676,1538,4.41669512195122,4.980840451249,3.69716341212744,3.87858661417323,4.29232544378698,4.47135955786736,159
"153",2014,9,4.82352941176471,17,5.8,4.41666666666667,5,3.75,5.15384615384615,5,12,2,4,13,2231,1246,985,256,680,1551,4.41979515912147,4.98412760834671,3.70592893401015,3.88734765625,4.28913529411765,4.47707994842038,160
"154",2014,10,5.375,12,5.75,3.5,1,5,5.64285714285714,10,2,1,5,7,2243,1256,987,257,685,1558,4.42490548372715,4.99022531847134,3.7055116514691,3.87611284046693,4.29432408759124,4.48231771501926,161
"155",2014,11,4.64888888888889,18,5.20833333333333,3.53,3.795,3.436,5.11538461538461,12,6,4,5,13,2261,1268,993,261,690,1571,4.42668863334808,4.99228943217666,3.70445115810675,3.87486973180077,4.28810434782609,4.48755633354552,162
"156",2014,12,3.92941176470588,17,4.2,3.625,5.33333333333333,4,3.92,9,8,3,2,15,2278,1277,1001,264,692,1586,4.4229776119403,4.98670555990603,3.70381618381618,3.89144318181818,4.28727167630058,4.48218852459017,163
"157",2015,1,4.64230769230769,26,5.03846153846154,4.24615384615385,4.3375,4.41111111111111,4.76470588235294,13,13,8,9,17,2304,1290,1014,272,701,1603,4.42545269097222,4.98722713178295,3.71076923076923,3.9045625,4.28886162624822,4.48518465377418,164
"158",2015,2,4.51538461538462,26,5.06428571428571,3.875,3,5.5,4.38695652173913,14,12,2,3,23,2330,1304,1026,274,704,1626,4.42645622317597,4.98805444785276,3.71269005847953,3.8979598540146,4.29402272727273,4.48379520295203,165
"159",2015,3,3.875,16,4.83333333333333,3.3,4.5,3.66666666666667,3.92307692307692,6,10,3,3,13,2346,1310,1036,277,707,1639,4.42269522591646,4.98734580152672,3.70870656370656,3.90448014440433,4.29136067892504,4.47934777303234,166
"160",2015,4,4.84375,16,5.75,3.33333333333333,5,4.6,4.95454545454545,10,6,1,5,11,2362,1320,1042,278,712,1650,4.42554741744285,4.99312348484849,3.70654510556622,3.90842086330935,4.29352808988764,4.48251575757576,167
"161",2015,5,5.22307692307692,13,5.05,5.5,5.8,5.33333333333333,5.19,8,5,5,3,10,2375,1328,1047,283,715,1660,4.42991284210526,4.99346611445783,3.71510983763133,3.94184098939929,4.29789090909091,4.48677771084338,168
"162",2015,6,4.46875,16,5.05,3.5,3,4.625,4.41666666666667,10,6,2,4,12,2391,1338,1053,285,719,1672,4.43017273107487,4.99388863976084,3.71388414055081,3.93523157894737,4.2997107093185,4.4862745215311,169
"163",2015,7,5.04,20,5.18666666666667,4.6,3.5,5.26666666666667,5,15,5,2,3,17,2411,1353,1058,287,722,1689,4.43523143923683,4.99602586844051,3.71807183364839,3.93219860627178,4.30372853185596,4.4914452338662,170
"164",2015,8,3.87083333333333,24,5.17272727272727,2.76923076923077,4,5.5,3.72272727272727,11,13,3,2,22,2435,1364,1071,290,724,1711,4.42966858316222,4.9974508797654,3.70655462184874,3.9329,4.30703314917127,4.48156107539451,171
"165",2015,9,3.92857142857143,14,4.27272727272727,2.66666666666667,2,NA,3.92857142857143,11,3,1,0,14,2449,1375,1074,291,724,1725,4.42680400163332,4.99165309090909,3.70364990689013,3.92625773195876,4.30703314917127,4.47707304347826,172
"166",2015,10,4.325,20,4.375,4.25,4,3.75,4.46875,12,8,3,4,16,2469,1387,1082,294,728,1741,4.42597934386391,4.98631795241529,3.70768946395564,3.92701020408163,4.30397252747253,4.47699655370477,173
"167",2015,11,4.005,20,4.73076923076923,2.65714285714286,2.83333333333333,4.75,3.81875,13,7,3,4,16,2489,1400,1089,297,732,1757,4.42259662515066,4.983945,3.70093663911846,3.91596296296296,4.30640983606557,4.47100227660786,174
"168",2015,12,5.65384615384615,13,6.35,3.33333333333333,2.75,5,5.70833333333333,10,3,2,1,12,2502,1410,1092,299,733,1769,4.42899400479616,4.99363333333334,3.69992673992674,3.90816387959866,4.30735607094134,4.47939570378745,175
"169",2016,1,5.01515151515152,33,5.85714285714286,3.54166666666667,4.25,5,5.01851851851852,21,12,6,6,27,2535,1431,1104,305,739,1796,4.43662445759369,5.00630538085255,3.69820652173913,3.91488852459016,4.31297970230041,4.48750055679288,176
"170",2016,2,4.42857142857143,21,5.04545454545455,3.75,3,5.375,4.20588235294118,11,10,1,4,17,2556,1442,1114,306,743,1813,4.4365582942097,5.0066040221914,3.69867145421903,3.91189869281046,4.31869717362046,4.48485990071705,177
"171",2016,3,4,16,4.88888888888889,2.85714285714286,NA,4.625,3.79166666666667,9,7,0,4,12,2572,1451,1121,306,747,1825,4.43384253499223,5.0058738800827,3.69341659232828,3.91189869281046,4.32033734939759,4.48030191780822,178
"172",2016,4,4.3125,24,5.95,3.14285714285714,5,5.25,4.125,10,14,3,4,20,2596,1461,1135,309,751,1845,4.43272072419106,5.01233607118412,3.68662555066079,3.92246278317152,4.32528894806924,4.47645040650407,179
"173",2016,5,5.05263157894737,19,5.5,4.28571428571429,3,5,5.06666666666667,12,7,2,4,15,2615,1473,1142,311,755,1860,4.43722485659656,5.0163088934148,3.69029772329247,3.91653054662379,4.32886357615894,4.48121021505376,180
"174",2016,6,4.2,15,4.36363636363636,3.75,NA,4,4.25,11,4,0,3,12,2630,1484,1146,311,758,1872,4.43587186311787,5.01147102425876,3.69050610820244,3.91653054662379,4.32756200527704,4.4797280982906,181
"175",2016,7,4.62,25,4.96875,4,5.625,5.4,4.425,16,9,4,5,20,2655,1500,1155,315,763,1892,4.43760564971751,5.01101533333333,3.69291774891775,3.9382253968254,4.33458977719528,4.47914957716702,182
"176",2016,8,4.13888888888889,27,5.05357142857143,3.15384615384615,2.4,3.33333333333333,4.23958333333333,14,13,5,3,24,2682,1514,1168,320,766,1916,4.43459843400448,5.01140885072655,3.68691780821918,3.914190625,4.3306684073107,4.4761487473904,183
"177",2016,9,4.95,28,5.125,4.5125,6,5.4,4.85217391304348,20,8,2,5,23,2710,1534,1176,322,771,1939,4.43992361623616,5.01288983050848,3.69253401360544,3.92714596273292,4.33760311284046,4.48060907684374,184
"178",2016,10,4.64583333333333,24,4.96875,4,4.25,4.1875,4.875,16,8,4,8,16,2734,1550,1184,326,779,1955,4.44173116313095,5.01243419354839,3.69461148648649,3.93110736196319,4.33606161745828,4.4838368286445,185
"179",2016,11,4.59090909090909,33,5.08333333333333,3.27777777777778,4.75,4.3125,4.68,24,9,2,8,25,2767,1574,1193,328,787,1980,4.44351029996386,5.01351524777637,3.69146689019279,3.9361006097561,4.33582210927573,4.48631363636364,186
"180",2016,12,4.67083333333333,24,5.14,3.88888888888889,4.25,4.32,4.76315789473684,15,9,4,5,19,2791,1589,1202,332,792,1999,4.44546506628449,5.01470925110132,3.69294509151414,3.93988253012048,4.33572222222222,4.48894497248624,187
"181",2017,1,4.65277777777778,36,4.88636363636364,4.28571428571429,3.5,4.22222222222222,4.7962962962963,22,14,2,9,27,2827,1611,1216,334,801,2026,4.44810505836576,5.0129565487275,3.69976973684211,3.93724850299401,4.33444694132334,4.4930409674235,188
"182",2017,2,4.29090909090909,22,4.89333333333333,3,3.5,2.33333333333333,4.6,15,7,2,3,19,2849,1626,1223,336,804,2045,4.44689118989119,5.01185301353014,3.69576451349141,3.93464583333333,4.32698009950249,4.49403471882641,189
"183",2017,3,4.61764705882353,17,5.35,3.57142857142857,3,2.5,4.9,10,7,3,2,15,2866,1636,1230,339,806,2060,4.4479040474529,5.01391992665037,3.69505691056911,3.92637463126844,4.32244665012407,4.49699077669903,190
"184",2017,4,4.40740740740741,27,5.3,3.29166666666667,3.21428571428571,3,4.80952380952381,15,12,7,6,21,2893,1651,1242,346,812,2081,4.44752609747667,5.01651907934585,3.69115942028986,3.91196820809249,4.31267487684729,4.50014464199904,191
"185",2017,5,4.8125,24,5.28571428571429,4.15,4.66666666666667,4.66666666666667,4.83333333333333,14,10,3,3,21,2917,1665,1252,349,815,2102,4.45052896811793,5.01878258258258,3.69482428115016,3.91845558739255,4.31397791411043,4.503473358706,192
"186",2017,6,5.27777777777778,18,5.42857142857143,4.75,4.5,5.5,5.23333333333333,14,4,2,3,15,2935,1679,1256,351,818,2117,4.45560238500852,5.02219952352591,3.6981847133758,3.92176923076923,4.31832762836186,4.50864478034955,193
"187",2017,7,4.25,24,5.84615384615385,2.36363636363636,1,4.57142857142857,4.11764705882353,13,11,2,7,17,2959,1692,1267,353,825,2134,4.45393477526191,5.02853014184397,3.68659826361484,3.90521529745042,4.32047515151515,4.50552999062793,194
"188",2017,8,4.08,34,4.5,3.31,3.57333333333333,2.83333333333333,4.34714285714286,22,12,3,6,28,2993,1714,1279,356,831,2162,4.44968693618443,5.02174620770128,3.68306489444879,3.90241853932584,4.30973766546329,4.50347872340426,195
"189",2017,9,4.3,16,5,3.4,3.33333333333333,3.33333333333333,4.52307692307692,9,7,3,3,13,3009,1723,1286,359,834,2175,4.44889099368561,5.02163261752757,3.68152410575428,3.89766295264624,4.30622541966427,4.50359586206897,196
"190",2017,10,4.96,25,5.61538461538461,4.25,5.33333333333333,6.5,4.66666666666667,13,12,3,4,21,3034,1736,1298,362,838,2196,4.45310250494397,5.02607891705069,3.68677966101695,3.90956077348066,4.3166968973747,4.50515528233151,197
"191",2017,11,4.566,20,4.71363636363636,4.38555555555556,5.5,3.25,4.895,11,9,4,4,16,3054,1747,1307,366,842,2212,4.45384184675835,5.02411161991986,3.69159143075746,3.92694262295082,4.31162945368171,4.50797513562387,198
"192",2017,12,4.10526315789474,19,4.16666666666667,4,4,3.66666666666667,4.1875,12,7,1,3,16,3073,1759,1314,367,845,2228,4.45168662544745,5.01826208072769,3.69323439878234,3.9271416893733,4.30933964497041,4.5056736983842,199
"193",2018,1,4.19047619047619,21,5.27272727272727,3,3.66666666666667,4,4.23529411764706,11,10,3,4,17,3094,1770,1324,370,849,2245,4.44991370394312,5.01984350282486,3.68799848942598,3.92502972972973,4.30788221436984,4.50362628062361,200
"194",2018,2,4.33333333333333,21,4.36363636363636,4.3,4,4.25,4.35294117647059,11,10,4,4,17,3115,1781,1334,374,853,2262,4.44912776886035,5.01579056709714,3.69258620689655,3.92583155080214,4.30761078546307,4.50249381078691,201
"195",2018,3,4.53571428571429,28,5.53846153846154,3.66666666666667,3.4,4.33333333333333,4.63157894736842,13,15,5,9,19,3143,1794,1349,379,862,2281,4.44989914094814,5.01957803790413,3.69229799851742,3.9188944591029,4.30787935034802,4.50356904866287,202
"196",2018,4,3.84772727272727,22,4.75,2.94545454545455,3.66666666666667,2.975,4.04166666666667,11,11,6,4,18,3165,1805,1360,385,866,2299,4.44571342812006,5.0179351800554,3.68625735294118,3.91496363636364,4.30172286374134,4.49995258808177,203
"197",2018,5,4.82857142857143,28,5.45,4,3.33333333333333,5.1,4.80769230769231,16,12,3,2,26,3193,1821,1372,388,868,2325,4.44907077983088,5.02173146622735,3.68900145772595,3.91046649484536,4.30356221198156,4.50339397849462,204
"198",2018,6,4.90625,16,5.8,3.41666666666667,2.5,4.2,5.22727272727273,10,6,1,5,11,3209,1831,1378,389,873,2336,4.45135026488003,5.02598197706172,3.68781567489115,3.90684061696658,4.30296907216495,4.50680265410959,205
"199",2018,7,4.25,20,5,3.5,2,5,4.21052631578947,10,10,1,1,19,3229,1841,1388,390,874,2355,4.45010312790338,5.02584084736556,3.68646253602305,3.90195128205128,4.30376659038901,4.50441231422505,206
"200",2018,8,4.06129032258065,31,4.445,3.36363636363636,4.75,4.5,3.97692307692308,20,11,4,5,26,3260,1861,1399,394,879,2381,4.44640582822086,5.01959860290167,3.683924231594,3.91056091370558,4.30488282138794,4.49865224695506,207
"201",2018,9,4.44107142857143,14,5.64285714285714,3.23928571428571,2,4.535,4.38888888888889,7,7,2,5,9,3274,1868,1406,396,884,2390,4.44638301771533,5.02193415417559,3.68171052631579,3.90091161616162,4.30618438914027,4.49823891213389,208
"202",2018,10,4.66666666666667,18,4.875,4.40625,4.625,4.5,4.7,10,8,2,3,15,3292,1878,1414,398,887,2405,4.44758748481167,5.0211517571885,3.68580975954738,3.90455025125628,4.30683990980834,4.4994972972973,209
"203",2018,11,4.76923076923077,26,5.5625,3.5,6,5.3125,4.52777777777778,16,10,1,8,18,3318,1894,1424,399,895,2423,4.45010789632309,5.02572492080253,3.68450491573034,3.90980200501253,4.31582905027933,4.49970738753611,210
"204",2018,12,5.25333333333333,30,5.94117647058824,4.35384615384615,4.5,6.66666666666667,5.0962962962963,17,13,2,3,27,3348,1911,1437,401,898,2450,4.45730525686978,5.03386865515437,3.69056019485038,3.91274563591022,4.32368262806236,4.50628204081633,211
"205",2019,1,4.78837209302326,43,5.18518518518519,4.11875,4.57142857142857,4.98888888888889,4.73529411764706,27,16,7,9,34,3391,1938,1453,408,907,2484,4.46150339132999,5.03597678018576,3.69527529249828,3.92404656862745,4.33028335170893,4.50941666666667,212
"206",2019,2,4.07407407407407,27,5.15,3.44117647058824,3.33333333333333,5,4.03846153846154,10,17,3,1,26,3418,1948,1470,411,908,2510,4.45844294909304,5.03656211498973,3.69233673469388,3.91973479318735,4.33102092511013,4.50453824701195,213
"207",2019,3,4.21739130434783,23,5,3.8,4.75,1,4.36363636363636,8,15,4,1,22,3441,1956,1485,415,909,2532,4.45683173496077,5.03641257668712,3.69342424242424,3.92773734939759,4.32735643564356,4.50331398104265,214
"208",2019,4,5.5,14,5.66666666666667,5.2,5.25,5,5.53846153846154,9,5,4,1,13,3455,1965,1490,419,910,2545,4.46105875542692,5.03929923664122,3.69847986577181,3.94036038186157,4.3280956043956,4.50860157170923,215
"209",2019,5,4.7,24,5.49090909090909,4.03076923076923,3.33333333333333,5.05714285714286,4.55294117647059,11,13,6,7,17,3479,1976,1503,425,917,2562,4.46270709974131,5.04181325910931,3.70135395874917,3.93179058823529,4.33366085059978,4.50889578454332,216
"210",2019,6,4.67647058823529,34,4.91666666666667,4.1,3,4.5,4.73076923076923,24,10,2,8,26,3513,2000,1513,427,925,2588,4.46477597495019,5.0403115,3.70398876404494,3.9274262295082,4.33509945945946,4.51112480680062,217
"211",2019,7,4.33333333333333,24,4.81538461538462,3.76363636363636,3.6,4,4.4,13,11,5,4,20,3537,2013,1524,432,929,2608,4.46388408255584,5.03885891703925,3.70441929133858,3.92363657407407,4.33365662002153,4.51027262269939,218
"212",2019,8,4.74615384615385,26,5.2,4.12727272727273,5,5.4,4.59047619047619,15,11,3,5,21,3563,2028,1535,435,934,2629,4.46594386752737,5.04005078895464,3.70744951140065,3.93105977011494,4.33936509635974,4.51091327500951,219
"213",2019,9,4.02,38,4.55727272727273,3.28125,3,3.375,4.192,22,16,1,8,30,3601,2050,1551,436,942,2659,4.46123798944738,5.03486975609756,3.7030528691167,3.92892431192661,4.33117515923567,4.50731515607371,220
"214",2019,10,5.1551724137931,29,5.53846153846154,4.84375,3.66666666666667,2,5.26785714285714,13,16,3,1,28,3630,2063,1567,439,943,2687,4.46678181818182,5.03804314105671,3.71470006381621,3.92713211845102,4.32870307529162,4.51524041682173,221
"215",2019,11,4.41071428571429,28,5.38461538461539,3.56666666666667,3.375,3.1,4.69565217391304,13,15,4,5,23,3658,2076,1582,443,948,2710,4.46635265172225,5.0402133911368,3.71329646017699,3.9221467268623,4.32222257383966,4.51677158671586,222
"216",2019,12,4.58571428571429,42,5.1,4.16086956521739,4.66666666666667,5.21428571428571,4.46,19,23,6,7,35,3700,2095,1605,449,955,2745,4.46770756756757,5.04075560859189,3.71971028037383,3.93209576837416,4.3287612565445,4.51604772313297,223
"217",2020,1,4.73553333333333,60,5.436,3.935,4.24363636363636,4.78571428571429,4.72890566037736,32,28,11,7,53,3760,2127,1633,460,962,2798,4.47198138297872,5.04670192759756,3.72340171463564,3.93954565217391,4.33208627858628,4.52007969978556,224
"218",2020,2,4.82692307692308,26,5.19444444444444,4,3,4.75,4.84090909090909,18,8,2,4,22,3786,2145,1641,462,966,2820,4.47441891178024,5.04794172494173,3.72475015234613,3.93547835497835,4.33381677018633,4.52258262411347,225
"219",2020,3,4.77142857142857,35,5.58333333333333,3,3.25,2,5.12903225806452,24,11,2,4,31,3821,2169,1652,464,970,2851,4.47713949227951,5.05386583679115,3.71992433414044,3.93252370689655,4.32419278350515,4.52917678007716,226
"220",2020,4,4.24943396226415,53,5.30947368421053,3.65705882352941,3.63636363636364,4.0625,4.28266666666667,19,34,11,8,45,3874,2188,1686,475,978,2896,4.47402426432628,5.05608546617916,3.71865658362989,3.92566526315789,4.32205214723926,4.525346339779,227
"221",2020,5,5.67441860465116,43,6.08620689655172,4.82142857142857,7,6.6875,5.44285714285714,29,14,1,8,35,3917,2217,1700,476,986,2931,4.48720194026041,5.0695602165088,3.72773823529412,3.93212394957983,4.34124442190669,4.53630262708973,228
"222",2020,6,4.27307692307692,26,5,3.74,5,4,4.29583333333333,11,15,3,2,24,3943,2228,1715,479,988,2955,4.48579000760842,5.06921678635548,3.72784548104956,3.9388121085595,4.34055364372469,4.53434957698815,229
"223",2020,7,4.70810810810811,37,5.6304347826087,3.19285714285714,2.75,4.24,4.78125,23,14,4,5,32,3980,2251,1729,483,993,2987,4.4878567839196,5.07495113282985,3.72351359167149,3.928966873706,4.34004733131923,4.53699464345497,230
"224",2020,8,4.34047619047619,42,4.972,3.41176470588235,2.4,3.5,4.45405405405405,25,17,5,5,37,4022,2276,1746,488,998,3024,4.48631775236201,5.07382029876977,3.72047823596793,3.9133012295082,4.33583867735471,4.53597982804233,231
"225",2020,9,4.65105263157895,38,5.90222222222222,3.525,3.2,5,4.585625,18,20,5,6,32,4060,2294,1766,493,1004,3056,4.48785960591133,5.08032040104621,3.7182644394111,3.90606693711968,4.3398077689243,4.53649967277487,232
"226",2020,10,4.71428571428571,35,4.75,4.69047619047619,7,4.58333333333333,4.74137931034483,14,21,4,6,29,4095,2308,1787,497,1010,3085,4.48979487179487,5.07831672443674,3.729689423615,3.93096780684105,4.34125445544554,4.53842560777958,233
"227",2020,11,4.46590909090909,44,5.42857142857143,2.78125,2,5.125,4.4,28,16,3,4,40,4139,2336,1803,500,1014,3125,4.48954095192076,5.08251498287671,3.72127287853577,3.919382,4.34434615384615,4.53665376,234
"228",2020,12,4.38095238095238,63,5.15625,3.58064516129032,3.625,4.5,4.35849056603774,32,31,8,10,53,4202,2368,1834,508,1024,3178,4.48791289861971,5.08351140202703,3.71889585605234,3.91474606299213,4.3458662109375,4.53368250471995,235
"229",2021,1,4.61206896551724,58,5.24324324324324,3.5,3.33333333333333,5,4.55882352941176,37,21,6,7,51,4260,2405,1855,514,1031,3229,4.48960328638498,5.08596881496881,3.71641778975741,3.90795914396887,4.35030746847721,4.53407959120471,236
"230",2021,2,4.72619047619048,42,5.33333333333333,4.11904761904762,4.71428571428571,4.33333333333333,4.79166666666667,21,21,7,6,36,4302,2426,1876,521,1037,3265,4.49191306369131,5.08811005770816,3.72092484008529,3.91879270633397,4.35020925747348,4.53691975497703,237
"231",2021,3,4.57142857142857,28,5.25,3.66666666666667,3,4,4.61538461538461,16,12,2,2,26,4330,2442,1888,523,1039,3291,4.4924272517321,5.08917076167076,3.72057997881356,3.91527915869981,4.34953512993263,4.53753965360073,238
"232",2021,4,4.4375,32,5.11111111111111,3.57142857142857,4.5,5,4.4,18,14,2,2,30,4362,2460,1902,525,1041,3321,4.49202430077946,5.08933130081301,3.71948212407992,3.91750666666667,4.35078482228626,4.53629719963866,239
"233",2021,5,4.55071428571429,28,4.92105263157895,3.76888888888889,4.5,3.75,4.76909090909091,19,9,2,6,22,4390,2479,1911,527,1047,3343,4.4923986332574,5.0880415490117,3.71971480900052,3.91971726755218,4.34734192932187,4.53782919533353,240
"234",2021,6,4.44545454545455,33,4.91333333333333,4.05555555555556,4.8,4.53333333333333,4.42592592592593,15,18,5,6,27,4423,2494,1929,532,1053,3370,4.49204838345015,5.08699077786688,3.72284862623121,3.92799060150376,4.34840170940171,4.53693264094955,241
"235",2021,7,5.06296296296296,27,6.12142857142857,3.92307692307692,4,5.83333333333333,4.96666666666667,14,13,1,3,24,4450,2508,1942,533,1056,3394,4.49551235955056,5.09276515151515,3.72418898043254,3.92812570356473,4.35262026515151,4.53997142015321,242
"236",2021,8,4.18297872340426,47,5.21666666666667,3.10434782608696,3.04444444444444,2.66666666666667,4.54210526315789,24,23,9,9,38,4497,2532,1965,542,1065,3432,4.49224594173894,5.09393957345972,3.71693384223919,3.9134520295203,4.33837276995305,4.53999504662005,243
"237",2021,9,4.57894736842105,38,4.70833333333333,4.35714285714286,4.625,3.75,4.734375,24,14,4,6,32,4535,2556,1979,546,1071,3464,4.49297243660419,5.09031885758998,3.72146286003032,3.91866483516483,4.33507656395892,4.54179070438799,244
"238",2021,10,4.42307692307692,26,5.5,3.63333333333333,4,3.25,4.63636363636364,11,15,5,4,22,4561,2567,1994,551,1075,3486,4.4925739969305,5.09207440592131,3.7207998996991,3.91940290381125,4.33103906976744,4.5423875502008,245
"239",2021,11,4.1472972972973,37,4.7625,3.42352941176471,3.53333333333333,2.6,4.3890625,20,17,6,5,32,4598,2587,2011,557,1080,3518,4.48979556328839,5.08952647854658,3.71828692192939,3.91524416517056,4.323025,4.5409928936896,246
"240",2021,12,4.93846153846154,52,5.84242424242424,3.36842105263158,3.66666666666667,4.94545454545455,4.93658536585366,33,19,3,11,41,4650,2620,2030,560,1091,3559,4.49481290322581,5.09900954198473,3.71501231527094,3.9139125,4.3293006416132,4.54555015453779,247
"241",2022,1,4.41925,60,5.2398275862069,3.65161290322581,3.77777777777778,3.6875,4.53182692307692,29,31,9,8,52,4710,2649,2061,569,1099,3611,4.49385031847134,5.10055115137788,3.71405870936439,3.91175922671353,4.32462875341219,4.54535253392412,248
"242",2022,2,4.66666666666667,42,5.1,4.27272727272727,3.3125,4.125,4.72368421052632,20,22,8,4,38,4752,2669,2083,577,1103,3649,4.49537773569024,5.10054702135631,3.71995919347096,3.90345060658579,4.32390480507706,4.54720964647849,249
"243",2022,3,4.98044444444444,45,5.854,3.23333333333333,3.16666666666667,4.924,4.9875,30,15,3,5,40,4797,2699,2098,580,1108,3689,4.49992808005003,5.10892182289737,3.71647998093422,3.89963965517241,4.32661281588447,4.55198373542966,250
"244",2022,4,4.54591675,40,5.56075772727273,3.30555555555556,4.3,4.8,4.4823959375,22,18,5,8,32,4837,2721,2116,585,1116,3721,4.50030838743023,5.11257503491364,3.71298440453686,3.90306153846154,4.33000627240143,4.55138529158828,251
"245",2022,5,4.32142857142857,28,4.91666666666667,3.875,3,4.66666666666667,4.28,12,16,2,3,25,4865,2733,2132,587,1119,3746,4.49927886330935,5.11171484449323,3.71420028142589,3.89998466780238,4.33090884718498,4.54957412439936,252
"246",2022,6,3.564,25,4.16153846153846,2.91666666666667,4,2.5,3.65652173913043,13,12,1,2,23,4890,2746,2144,588,1121,3769,4.49449727402863,5.10721655863074,3.7097364738806,3.90015476190476,4.32764228367529,4.54412434863359,253
"247",2022,7,4.9448275862069,29,5.2,4.58333333333333,2.5,5.6,4.80833333333333,17,12,2,5,24,4919,2763,2156,590,1126,3793,4.49715219963407,5.10778743032935,3.71459879406308,3.89540847457627,4.33329218472469,4.54579611653045,254
"248",2022,8,4.83333333333333,54,6.22727272727273,3.875,6.4,5.66666666666667,4.72916666666667,22,32,5,6,48,4973,2785,2188,595,1132,3841,4.50080266840941,5.11663076122083,3.71694469835466,3.91645546218487,4.34035954063604,4.54808765165322,255
"249",2022,9,4.41789655172414,29,5.22793333333333,3.55,4.25,3.88842857142857,4.58636363636364,15,14,4,7,22,5002,2800,2202,599,1139,3863,4.50032200519792,5.117227025,3.71588328792007,3.91868280467446,4.33758208955224,4.54830563551644,256
"250",2022,10,4.90138888888889,36,5.73529411764706,4.15526315789474,4.10714285714286,5.53333333333333,4.775,17,19,7,6,30,5038,2817,2221,606,1145,3893,4.50318790591505,5.12095692935747,3.71964205312922,3.9208597359736,4.3438480349345,4.5500525738505,257
"251",2022,11,4.328125,32,4.65625,4,4,5,4.28333333333333,16,16,1,2,30,5070,2833,2237,607,1147,3923,4.50208297238659,5.11833239322273,3.72164729548502,3.92099011532125,4.34499215344376,4.54801291613561,258
"252",2022,12,4.18823529411765,51,5.75714285714286,3.59459459459459,3.75,4.75,4.14042553191489,14,37,8,4,47,5121,2847,2274,615,1151,3970,4.49895736574888,5.12147371619248,3.7195800351803,3.91876585365854,4.34639965247611,4.54318757430731,259
