"","year","month","avg_rating","no_ratings","avg_rating_owned","avg_rating_not_owned","avg_rating_prev_owned","avg_rating_comment","avg_rating_no_comment","no_ratings_owned","no_ratings_not_owned","no_ratings_prev_owned","no_ratings_comment","no_ratings_no_comment","cum_no_ratings","cum_no_ratings_owned","cum_no_ratings_not_owned","cum_no_ratings_prev_owned","cum_no_ratings_comment","cum_no_ratings_no_comment","cum_avg_rating","cum_avg_rating_owned","cum_avg_rating_not_owned","cum_avg_rating_prev_owned","cum_avg_rating_comment","cum_avg_rating_no_comment","month_after_release"
"1",2006,3,7,1,NA,7,NA,7,NA,0,1,0,1,0,1,0,1,0,1,0,7,NA,7,NA,7,NA,-1
"2",2006,4,7.83333333333333,12,8,7.6,8,7.83333333333333,7.83333333333333,7,5,1,6,6,13,7,6,1,7,6,7.76923076923077,8,7.5,8,7.71428571428571,7.83333333333333,0
"3",2006,5,7.44,35,7.71304347826087,6.91666666666667,6.83333333333333,7.33333333333333,7.49565217391304,23,12,6,12,23,48,30,18,7,19,29,7.52916666666667,7.78,7.11111111111111,7,7.47368421052632,7.56551724137931,1
"4",2006,6,7.24661016949153,59,7.76451612903226,6.67321428571429,6.78333333333333,7.45666666666667,7.02931034482759,31,28,3,30,29,107,61,46,10,49,58,7.37336448598131,7.77213114754098,6.84456521739131,6.935,7.46326530612245,7.29741379310345,2
"5",2006,7,7.15681818181818,44,7.68333333333333,6.525,6.5,7.0304347826087,7.2952380952381,24,20,2,23,21,151,85,66,12,72,79,7.31026490066225,7.74705882352941,6.74772727272727,6.8625,7.325,7.29683544303797,3
"6",2006,8,7.21931818181818,44,7.76470588235294,6.87592592592593,7.35714285714286,6.56388888888889,7.67307692307692,17,27,7,18,26,195,102,93,19,90,105,7.28974358974359,7.75,6.78494623655914,7.04473684210526,7.17277777777778,7.39,4
"7",2006,9,7.21428571428571,35,7.70454545454545,6.38461538461539,7.16666666666667,7.38461538461539,7.11363636363636,22,13,3,13,22,230,124,106,22,103,127,7.27826086956522,7.74193548387097,6.73584905660377,7.06136363636364,7.1995145631068,7.34212598425197,5
"8",2006,10,7.31470588235294,34,7.82,6.91578947368421,7,7.5,7.185,15,19,4,14,20,264,139,125,26,117,147,7.28295454545455,7.75035971223022,6.7632,7.05192307692308,7.23547008547009,7.32074829931973,6
"9",2006,11,7.41379310344828,29,7.86666666666667,6.92857142857143,7.66666666666667,7.55,7.34210526315789,15,14,3,10,19,293,154,139,29,127,166,7.29590443686007,7.76168831168831,6.77985611510791,7.11551724137931,7.26023622047244,7.32319277108434,7
"10",2006,12,7.13636585365854,41,7.60364,6.40625,7.75,6.97078571428571,7.22222222222222,25,16,2,14,27,334,179,155,31,141,193,7.27632035928144,7.73961452513967,6.74129032258064,7.15645161290323,7.23149645390071,7.30906735751295,8
"11",2007,1,7.12068965517241,29,7.47222222222222,6.54545454545455,6,7.07142857142857,7.13636363636364,18,11,2,7,22,363,197,166,33,148,215,7.2638870523416,7.71518274111675,6.72831325301205,7.08636363636364,7.22392567567568,7.29139534883721,9
"12",2007,2,7.06153825,40,7.84615384615385,6.68376037037037,7,6.96923076923077,7.10598259259259,13,27,2,13,27,403,210,193,35,161,242,7.24380280397022,7.72329047619048,6.72208046632124,7.08142857142857,7.20336024844721,7.27070880165289,10
"13",2007,3,6.89310344827586,29,7.08571428571429,6.71333333333333,NA,6.68333333333333,7.04117647058824,14,15,0,12,17,432,224,208,35,173,259,7.22026048611111,7.68344196428571,6.72144966346154,7.08142857142857,7.16728901734104,7.25564297297297,11
"14",2007,4,7.18235294117647,34,7.42857142857143,6.78461538461538,7,7.36363636363636,7.09565217391304,21,13,1,11,23,466,245,221,36,184,282,7.21749469957082,7.66159591836735,6.72516529411765,7.07916666666667,7.17902717391304,7.24259407801419,12
"15",2007,5,7.42105263157895,19,7.64285714285714,6.8,7,6.91666666666667,7.65384615384615,14,5,1,6,13,485,259,226,37,190,295,7.22546913402062,7.66058301158301,6.72682092920354,7.07702702702703,7.17074210526316,7.26071705084746,13
"16",2007,6,7.17692307692308,26,7.3625,6.88,7,7.05555555555556,7.24117647058824,16,10,4,9,17,511,275,236,41,199,312,7.22299908023483,7.64324,6.73331156779661,7.06951219512195,7.16553266331658,7.25965233974359,14
"17",2007,7,7.21166666666667,30,7.546875,6.82857142857143,6.5,7.29090909090909,7.16578947368421,16,14,2,11,19,541,291,250,43,210,331,7.22237066543438,7.63794158075601,6.73864612,7.04302325581395,7.1721,7.25426444108761,15
"18",2007,8,7.19305555555556,36,7.39285714285714,6.91333333333333,6.66666666666667,7.43181818181818,7.088,21,15,3,11,25,577,312,265,46,221,356,7.22054164644714,7.62144551282051,6.7485340754717,7.01847826086957,7.18502714932127,7.24258856741573,16
"19",2007,9,7.09285714285714,28,7.4375,6.955,8,7.01333333333333,7.18461538461538,8,20,2,15,13,605,320,285,48,236,369,7.21463228099174,7.616846875,6.7630229122807,7.059375,7.17411440677966,7.24054615176152,17
"20",2007,10,7.13888888888889,36,7.41176470588235,6.89473684210526,7.375,7.19230769230769,7.10869565217391,17,19,4,13,23,641,337,304,52,249,392,7.21037836193448,7.60650148367953,6.77125503289474,7.08365384615385,7.17506425702811,7.2328100255102,18
"21",2007,11,6.81625,40,7.2952380952381,6.28684210526316,6.61666666666667,6.37142857142857,7.05576923076923,21,19,6,14,26,681,358,323,58,263,418,7.18722838472834,7.58824301675978,6.74276015479876,7.03534482758621,7.13228517110266,7.22179791866029,19
"22",2007,12,6.85125,40,7.47352941176471,6.39130434782609,6.5,6.55,7.01346153846154,17,23,5,14,26,721,375,346,63,277,444,7.16858880721221,7.58304266666667,6.71939748554913,6.99285714285714,7.10285559566787,7.20959804054054,20
"23",2008,1,6.97269230769231,52,7.32181818181818,6.71666666666667,7.25,6.94736842105263,6.98727272727273,22,30,8,19,33,773,397,376,71,296,477,7.15541077619664,7.56856675062972,6.71917960106383,7.02183098591549,7.092875,7.19421704402516,21
"24",2008,2,7.16216216216216,37,7.55454545454545,6.58666666666667,8,7.18666666666667,7.14545454545455,22,15,2,15,22,810,419,391,73,311,499,7.15571917283951,7.56783054892601,6.71409598465473,7.0486301369863,7.09739871382637,7.19206719438878,22
"25",2008,3,6.86666666666667,33,7.64736842105263,5.80714285714286,5,6.19230769230769,7.305,19,14,1,13,20,843,438,405,74,324,519,7.14440395017794,7.57128082191781,6.68274451851852,7.02094594594594,7.06108333333333,7.19641913294798,23
"26",2008,4,7.06666666666667,36,7.29090909090909,6.71428571428571,7.33333333333333,7.06923076923077,7.06521739130435,22,14,3,13,23,879,460,419,77,337,542,7.14122017064846,7.55787173913043,6.68379840095465,7.03311688311688,7.06139762611276,7.19085153136531,24
"27",2008,5,7.0974358974359,39,7.5625,6.77391304347826,6.825,7.025,7.14782608695652,16,23,10,16,23,918,476,442,87,353,565,7.13936005446623,7.55802731092437,6.68848762443439,7.00919540229885,7.05974787535411,7.18910005309735,25
"28",2008,6,7.10933333333333,30,7.32111111111111,6.79166666666667,7.33333333333333,7.29818181818182,7,18,12,3,11,19,948,494,454,90,364,584,7.13840984177215,7.54939473684211,6.69121482378855,7.02,7.0669532967033,7.18294782534247,26
"29",2008,7,7.0275,40,7.84,6.54,6.625,6.65,7.405,15,25,16,20,20,988,509,479,106,384,604,7.13391956477733,7.55795874263261,6.68332260960334,6.96037735849057,7.04523697916667,7.19030054635762,27
"30",2008,8,6.63369565217391,46,6.91578947368421,6.43518518518519,6.45,6.46875,6.72166666666667,19,27,10,16,30,1034,528,506,116,400,634,7.11166588974855,7.53485037878788,6.67008207509881,6.91637931034483,7.0221775,7.16812544164038,28
"31",2008,9,6.74074074074074,27,7.42857142857143,6.5,6.375,6.43333333333333,6.89444444444444,7,20,12,9,18,1061,535,526,128,409,652,7.10222670122526,7.53345981308411,6.66361507604563,6.865625,7.00922004889976,7.16056983128834,29
"32",2008,10,7.03333333333333,42,7.31428571428571,6.75238095238095,7.35,7.25384615384615,6.93448275862069,21,21,8,13,29,1103,556,547,136,422,681,7.09960338168631,7.52518165467626,6.66702290676417,6.89411764705882,7.01675592417062,7.15094204111601,30
"33",2008,11,6.96216216216216,37,7.81818181818182,6.6,6.62333333333333,7.1,6.91111111111111,11,26,15,10,27,1140,567,573,151,432,708,7.09514257017544,7.5308659611993,6.66398172774869,6.86721854304636,7.01868287037037,7.14179594632768,31
"34",2008,12,6.79714285714286,35,7.14117647058824,6.47222222222222,6.41666666666667,6.66666666666667,6.84230769230769,17,18,6,9,26,1175,584,591,157,441,734,7.08626598297872,7.51952226027397,6.65814133671743,6.85,7.01149886621315,7.13118737057221,32
"35",2009,1,6.695,30,7.13214285714286,6.3125,6.44444444444444,6.5625,6.74318181818182,14,16,9,8,22,1205,598,607,166,449,756,7.07652492116183,7.51045317725753,6.64903052718287,6.82801204819277,7.00349888641426,7.1198962037037,33
"36",2009,2,6.755,60,7.34090909090909,6.41578947368421,6.85,7.36666666666667,6.55111111111111,22,38,10,15,45,1265,620,645,176,464,801,7.06127472727273,7.5044370967742,6.63528919379845,6.82926136363636,7.01523922413793,7.08794198501873,34
"37",2009,3,6.78094339622641,53,7.23684210526316,6.52617647058824,6,7.4,6.63697674418605,19,34,7,10,43,1318,639,679,183,474,844,7.05000191957511,7.49648043818467,6.62982552282769,6.79754098360656,7.02335654008439,7.06496626777251,35
"38",2009,4,6.71016949152542,59,7.02631578947368,6.56,6.75555555555556,6.57692307692308,6.74782608695652,19,40,9,13,46,1377,658,719,192,487,890,7.03544119825708,7.48290425531915,6.62594093184979,6.79557291666667,7.01143942505134,7.04857475280899,36
"39",2009,5,6.95431818181818,44,7.44388888888889,6.61538461538461,6.5,7.08333333333333,6.9059375,18,26,6,12,32,1421,676,745,198,499,922,7.03292929627023,7.48186538461539,6.62557252348993,6.78661616161616,7.01316833667335,7.04362421908894,37
"40",2009,6,6.97234042553191,47,7.45238095238095,6.58461538461538,6.0625,6.9,6.99189189189189,21,26,8,10,37,1468,697,771,206,509,959,7.03098946185286,7.48097704447633,6.62419134889754,6.75849514563107,7.01094499017682,7.0416282898853,38
"41",2009,7,6.45641025641026,39,7.55714285714286,5.84,6.5,7.4,6.17333333333333,14,25,6,9,30,1507,711,796,212,518,989,7.0161197942933,7.48247679324895,6.59956222361809,6.75117924528302,7.01770463320463,7.01528971688574,39
"42",2009,8,7.22285714285714,35,7.56666666666667,6.965,7.5,7.78,7,15,20,6,10,25,1542,726,816,218,528,1014,7.02081227626459,7.48421625344353,6.60851903186275,6.77178899082569,7.03214204545455,7.01491275147929,40
"43",2009,9,6.75173913043478,46,7.109375,6.561,6.54714285714286,7.135,6.67105263157895,16,30,7,8,38,1588,742,846,225,536,1052,7.01301796599496,7.47613342318059,6.60683395981088,6.7648,7.03367723880597,7.0024919486692,41
"44",2009,10,7.05,33,7.4875,6.63823529411765,6.8,6.48125,7.232,16,17,5,8,25,1621,758,863,230,544,1077,7.01377083898828,7.47637335092348,6.60745252607184,6.7655652173913,7.02555330882353,7.00781943361189,42
"45",2009,11,6.98372093023256,43,7.2,6.8125,6.625,7.24642857142857,6.85689655172414,19,24,8,14,29,1664,777,887,238,558,1106,7.01299430889423,7.46961518661519,6.61300059751973,6.76084033613445,7.03109498207885,7.00386214285714,43
"46",2009,12,6.92755102040816,49,7.33333333333333,6.69193548387097,6.434375,6.99583333333333,6.90540540540541,18,31,16,12,37,1713,795,918,254,570,1143,7.01055022183304,7.46652955974843,6.6156661546841,6.74027559055118,7.03035263157895,7.00067500437445,44
"47",2010,1,7.00222222222222,45,7.16666666666667,6.85833333333333,6.75555555555556,7.31818181818182,6.9,21,24,9,11,34,1758,816,942,263,581,1177,7.01033704778157,7.4588125,6.62184875796178,6.74079847908745,7.03580206540448,6.99776680543755,45
"48",2010,2,7.14814814814815,27,7.06666666666667,7.25,7.25,6.71428571428571,7.3,15,12,2,7,20,1785,831,954,265,588,1197,7.01242158543417,7.451734055355,6.62975003144654,6.74464150943396,7.03197448979592,7.00281664995823,46
"49",2010,3,7.08260869565217,23,7.64285714285714,6.8375,7.375,6.58333333333333,7.25882352941176,7,16,4,6,17,1808,838,970,269,594,1214,7.01331445243363,7.45333054892602,6.63317683505155,6.75401486988847,7.02744276094276,7.00640158978583,47
"50",2010,4,7.22068965517241,29,7.4625,6.92307692307692,7.375,7.28571428571429,7.2,16,13,4,7,22,1837,854,983,273,601,1236,7.01658820359281,7.45350234192038,6.6370107121058,6.76311355311355,7.03045091514143,7.00984751618123,48
"51",2010,5,6.97826086956522,23,7.2,6.80769230769231,6.7,7.16666666666667,6.91176470588235,10,13,10,6,17,1860,864,996,283,607,1253,7.01611426344086,7.45056828703704,6.63923848393574,6.76088339222615,7.03179736408567,7.00851678371907,49
"52",2010,6,6.85714285714286,21,7.1,6.63636363636364,6.33333333333333,6.75,6.9,10,11,6,6,15,1881,874,1007,289,613,1268,7.01433946305157,7.44655720823799,6.63920708043694,6.75200692041522,7.02903915171289,7.00723306782334,50
"53",2010,7,6.97777777777778,27,7.38,6.74117647058824,6.16666666666667,7.5,6.7578947368421,10,17,6,8,19,1908,884,1024,295,621,1287,7.01382208071279,7.44580429864254,6.64089993164063,6.74010169491525,7.03510628019324,7.00355208236208,51
"54",2010,8,6.54375,32,7.44545454545455,6.07142857142857,6.21428571428571,6.25,6.67727272727273,11,21,7,10,22,1940,895,1045,302,631,1309,7.00606831443299,7.4458,6.62945600956938,6.72791390728477,7.02266402535658,6.99806839572192,52
"55",2010,9,6.67272727272727,22,6.94444444444444,6.48461538461538,8,6.875,6.62777777777778,9,13,1,4,18,1962,904,1058,303,635,1327,7.00233054536187,7.44080862831859,6.62767630434783,6.73211221122112,7.02173385826772,6.99304561416729,53
"56",2010,10,6.25882352941176,17,7.27142857142857,5.55,6.33333333333333,5.13333333333333,6.5,7,10,3,3,14,1979,911,1068,306,638,1341,6.99594367357251,7.43950713501647,6.61758570224719,6.72820261437908,7.01285423197492,6.98789823266219,54
"57",2010,11,6.8925,40,7.57142857142857,6.52692307692308,6.6,7.25,6.82941176470588,14,26,5,6,34,2019,925,1094,311,644,1375,6.99389426944032,7.44150378378378,6.61543101462523,6.72614147909968,7.01506366459627,6.98397929454545,55
"58",2010,12,6.46,30,7.30833333333333,5.89444444444444,5.8,6.66666666666667,6.37142857142857,12,18,5,9,21,2049,937,1112,316,653,1396,6.98607736944851,7.43979829242263,6.60376036870504,6.71148734177215,7.01026186830015,6.97476470630372,56
"59",2011,1,6.91166666666667,30,7.29666666666667,6.52666666666667,6.8375,7.40454545454545,6.62631578947368,15,15,8,11,19,2079,952,1127,324,664,1415,6.98500362193362,7.43754306722689,6.60273427684117,6.7145987654321,7.0167936746988,6.97008588692579,57
"60",2011,2,7.058,25,7.155,6.99333333333333,7.1,7.32142857142857,6.95555555555556,10,15,5,7,18,2104,962,1142,329,671,1433,6.9858709743346,7.43460602910603,6.60786473730298,6.72045592705167,7.01997168405365,6.96990337055129,58
"61",2011,3,6.87777777777778,27,7.3125,6.69473684210526,6.8,7.73333333333333,6.77083333333333,8,19,5,3,24,2131,970,1161,334,674,1457,6.98450142186767,7.43359896907217,6.609286416882,6.72164670658683,7.023146884273,6.96662424845573,59
"62",2011,4,6.62268181818182,22,6.625,6.62135714285714,6.9,5.425,6.88883333333333,8,14,5,4,18,2153,978,1175,339,678,1475,6.98080424059452,7.42698466257669,6.60943023829787,6.72427728613569,7.01371828908554,6.96567493559322,60
"63",2011,5,6.768,25,7.55,6.24666666666667,5.475,6.78,6.765,10,15,4,5,20,2178,988,1190,343,683,1495,6.97836158402204,7.42822975708502,6.60485758823529,6.7097084548105,7.01200732064422,6.96299032107023,61
"64",2011,6,7.36153846153846,13,8.04,6.9375,7.66666666666667,8.25,7.2,5,8,3,2,11,2191,993,1198,346,685,1506,6.98063511182109,7.43131017119839,6.60707890651085,6.71800578034682,7.01562189781022,6.96472146746348,62
"65",2011,7,6.36842105263158,19,6.4,6.35714285714286,6.41666666666667,6.5,6.29166666666667,5,14,6,7,12,2210,998,1212,352,692,1518,6.97537173303167,7.42614328657315,6.60419185643564,6.71286931818182,7.01040606936416,6.95940087615283,63
"66",2011,8,6.865,30,7.26785714285714,6.5125,6.5625,6.33333333333333,6.99791666666667,14,16,8,6,24,2240,1012,1228,360,698,1542,6.97389354017857,7.42395355731225,6.6029971742671,6.70952777777778,7.00458595988539,6.96000034370947,64
"67",2011,9,6.68461538461538,26,7.4,6.07142857142857,7,7.16666666666667,6.62173913043478,12,14,5,3,23,2266,1024,1242,365,701,1565,6.9705743733451,7.4236728515625,6.59700525764895,6.71350684931507,7.00527960057061,6.95502909265176,65
"68",2011,10,6.86086956521739,23,7.36666666666667,5.9125,5.9,6.82857142857143,6.875,15,8,2,7,16,2289,1039,1250,367,708,1581,6.96947205329838,7.42284985563041,6.592624424,6.70907356948229,7.0035324858757,6.95421918406072,66
"69",2011,11,6.52333333333333,30,7.18,6.195,7,6.475,6.54090909090909,10,20,2,8,22,2319,1049,1270,369,716,1603,6.96370053040103,7.4205347950429,6.58636262204724,6.71065040650407,6.99762709497207,6.94854680598877,67
"70",2011,12,6.76818181818182,22,7.25,6.36666666666667,7.13333333333333,6.82222222222222,6.73076923076923,10,12,3,9,13,2341,1059,1282,372,725,1616,6.96186310551047,7.41892445703494,6.58430618564743,6.71405913978495,6.99544965517241,6.94679488242574,68
"71",2012,1,6.41538461538462,26,6.46153846153846,6.36923076923077,6.5,6.66666666666667,6.34,13,13,4,6,20,2367,1072,1295,376,731,1636,6.95586038445289,7.40731436567164,6.58214712741313,6.71178191489362,6.99275102599179,6.93937685207824,69
"72",2012,2,7.02307692307692,26,7.78333333333333,6.37142857142857,6.7,6.33333333333333,7.38823529411765,12,14,7,9,17,2393,1084,1309,383,740,1653,6.95659069368993,7.41147693726937,6.57989345301757,6.71156657963447,6.98473108108108,6.94399306110103,70
"73",2012,3,7.13157894736842,19,7.2,7.05555555555556,7.5,7.33333333333333,7.09375,10,9,2,3,16,2412,1094,1318,385,743,1669,6.9579691252073,7.40954387568556,6.58314152503794,6.71566233766234,6.98613862718708,6.94542871779509,71
"74",2012,4,6.80869565217391,23,7.5625,6.40666666666667,6.2,6.91666666666667,6.77058823529412,8,15,5,6,17,2435,1102,1333,390,749,1686,6.95655914989733,7.41065426497278,6.5811556864216,6.70905128205128,6.9855821094793,6.94366579478054,72
"75",2012,5,7.43684210526316,19,7.70909090909091,7.0625,6.5,7.125,7.52,11,8,2,4,15,2454,1113,1341,392,753,1701,6.96027772208639,7.41360377358491,6.58402724086503,6.70798469387755,6.98632270916335,6.94874810699588,73
"76",2012,6,6.59333333333333,15,6.9,6.44,6.75,6.33333333333333,6.65833333333333,5,10,4,3,12,2469,1118,1351,396,756,1713,6.95804841231268,7.41130679785331,6.58296116210215,6.70840909090909,6.98373148148148,6.94671367775832,74
"77",2012,7,6.517,10,6.41666666666667,6.6675,6.5,6.73333333333333,6.42428571428571,6,4,2,3,7,2479,1124,1355,398,759,1720,6.95626927390076,7.40599733096085,6.58321072324723,6.70736180904523,6.98274176548089,6.94458751744186,75
"78",2012,8,6.38214285714286,14,6.8,6.15,5.66666666666667,5.75,6.635,5,9,3,4,10,2493,1129,1364,401,763,1730,6.95304513838748,7.40331355181577,6.58035229472141,6.69957605985037,6.97627916120577,6.94279799421965,76
"79",2012,9,6.53333333333333,15,6.92857142857143,6.1875,6.375,6.1,6.75,7,8,4,5,10,2508,1136,1372,405,768,1740,6.95053490031898,7.40038820422535,6.57806161078717,6.69637037037037,6.97057421875,6.94168995977011,77
"80",2012,10,6.835,20,7.31428571428571,6.57692307692308,6.58333333333333,6.5,6.89411764705882,7,13,6,3,17,2528,1143,1385,411,771,1757,6.94962085838607,7.39986089238845,6.57805092418773,6.6947201946472,6.96874319066148,6.94122966989186,78
"81",2012,11,6.76764705882353,17,6.82142857142857,6.73,6.45,6.75,6.77307692307692,7,10,4,4,13,2545,1150,1395,415,775,1770,6.94840531630648,7.39634,6.57914016487455,6.69236144578313,6.96761419354839,6.93999464971751,79
"82",2012,12,7.23,20,7.46,7,7,6.92,7.33333333333333,10,10,4,5,15,2565,1160,1405,419,780,1785,6.95060098635477,7.39688879310345,6.58213560854092,6.69529832935561,6.96730897435897,6.94330001680672,80
"83",2013,1,7.025,20,7.6,6.45,6.625,7.1,7,10,10,4,5,15,2585,1170,1415,423,785,1800,6.95117660735009,7.39862478632479,6.58120178798587,6.69463356973995,6.96815414012739,6.94377251666667,81
"84",2013,2,6.375,12,7.33333333333333,6.05555555555556,6.16666666666667,6.875,6.125,3,9,3,4,8,2597,1173,1424,426,789,1808,6.9485142587601,7.39845780051151,6.57787958567416,6.69091549295775,6.96768187579214,6.94014962942478,82
"85",2013,3,7,16,7.64285714285714,6.5,6,7.16666666666667,6.96153846153846,7,9,2,3,13,2613,1180,1433,428,792,1821,6.94882951779563,7.39990762711865,6.57739046057223,6.68768691588785,6.9684356060606,6.9403023228995,83
"86",2013,4,7,8,7.5,6.83333333333333,6,6,7.33333333333333,2,6,2,2,6,2621,1182,1439,430,794,1827,6.94898570392979,7.40007698815567,6.57845763029882,6.68448837209302,6.96599622166247,6.9415930651341,84
"87",2013,5,6.62105263157895,19,7.7375,5.80909090909091,6.62857142857143,7.03,6.16666666666667,8,11,7,10,9,2640,1190,1450,437,804,1836,6.94662557954545,7.40234537815126,6.57262105517241,6.68359267734554,6.96679228855721,6.93779440631808,85
"88",2013,6,7.13409090909091,22,7.8,6.67307692307692,6.25,7.22857142857143,7.09,9,13,2,7,15,2662,1199,1463,439,811,1851,6.94817487978963,7.40533027522936,6.57351369104579,6.68161731207289,6.96905178791615,6.93902783900594,86
"89",2013,7,6.40588235294118,17,7,6.22307692307692,6.5,6.75,6.3,4,13,3,4,13,2679,1203,1476,442,815,1864,6.94473368047779,7.4039825436409,6.57042718834688,6.68038461538462,6.96797668711656,6.93457109978541,87
"90",2013,8,6.5625,20,7.5,5.9375,5.54166666666667,7,6.453125,8,12,6,4,16,2699,1211,1488,448,819,1880,6.94190127084105,7.40461684558217,6.56532293682796,6.66513392857143,6.96813308913309,6.93047368617021,88
"91",2013,9,6.23611111111111,18,7.5,5.60416666666667,5.33333333333333,6,6.30357142857143,6,12,3,4,14,2717,1217,1500,451,823,1894,6.93722544350386,7.40508709942482,6.55763368666667,6.65627494456763,6.96342770352369,6.92583977296726,89
"92",2013,10,6.72894736842105,19,6.75,6.71363636363636,6.66666666666667,6.6875,6.74,8,11,3,4,15,2736,1225,1511,454,827,1909,6.93577906798245,7.40080897959184,6.55876937789543,6.6563436123348,6.9620931076179,6.92437953378732,90
"93",2013,11,6.714,25,7.23333333333333,6.421875,6.14285714285714,7.2,6.5925,9,16,7,5,20,2761,1234,1527,461,832,1929,6.93377092720029,7.39958752025932,6.55733499017682,6.64854663774404,6.96352283653846,6.92093858475894,91
"94",2013,12,6.27857142857143,14,6.975,6,6.4,6.225,6.3,4,10,5,4,10,2775,1238,1537,466,836,1939,6.93046541621621,7.39821567043619,6.55370886792453,6.64587982832618,6.95998923444976,6.91773621970087,92
"95",2014,1,6.65,23,6.86666666666667,6.57352941176471,6.475,6.9375,6.58947368421053,6,17,10,4,19,2798,1244,1554,476,840,1958,6.92815994639028,7.39565192926045,6.55392569498069,6.64228991596639,6.95988214285714,6.91455083248212,93
"96",2014,2,6.33333333333333,12,6.5,6.16666666666667,6.2,6.4,6.28571428571429,6,6,5,5,7,2810,1250,1560,481,845,1965,6.92561976156583,7.3913528,6.55243623717949,6.63769230769231,6.95656923076923,6.91231070229008,94
"97",2014,3,6.67857142857143,14,7.375,5.75,6.5,5.75,6.83333333333333,8,6,1,2,12,2824,1258,1566,482,847,1977,6.92439501770538,7.39124880763116,6.5493617688378,6.63740663900415,6.95372018890201,6.91183132524026,95
"98",2014,4,7.08214285714286,14,7,7.08846153846154,7.41666666666667,7.25,7.015,1,13,6,4,10,2838,1259,1579,488,851,1987,6.92517319591261,7.39093804606831,6.55380020899303,6.64698770491803,6.95511280846063,6.91235054353296,96
"99",2014,5,6.85263157894737,19,7.3375,6.5,6.1,7.33333333333333,6.7625,8,11,5,3,16,2857,1267,1590,493,854,2003,6.9246907700385,7.39060063141279,6.55342800628931,6.64144016227181,6.95644145199063,6.91115353469795,97
"100",2014,6,7.16666666666667,12,8.16666666666667,6.16666666666667,6,6.625,7.4375,6,6,3,4,8,2869,1273,1596,496,858,2011,6.92570286859533,7.39425844461901,6.55197401629073,6.63756048387097,6.95489627039627,6.91324740427648,98
"101",2014,7,6.7,10,7,6.625,6.7,6.71428571428571,6.66666666666667,2,8,5,7,3,2879,1275,1604,501,865,2014,6.92491890587009,7.39364,6.55233823566085,6.63818363273453,6.95294913294798,6.91288010427011,99
"102",2014,8,6.72142857142857,14,7.18333333333333,6.375,7,7,6.675,6,8,3,2,12,2893,1281,1612,504,867,2026,6.92393416176979,7.3926549570648,6.55145814516129,6.6403373015873,6.95305767012687,6.91147114017769,100
"103",2014,9,6.37857142857143,14,7.5,5.93,5.75,5,6.75454545454545,4,10,2,3,11,2907,1285,1622,506,870,2037,6.92130771585827,7.39298910505837,6.54762671393341,6.63681818181818,6.94632298850575,6.91062372606775,101
"104",2014,10,6.77083333333333,12,7.25,6.53125,6.33333333333333,7,6.75,4,8,3,1,11,2919,1289,1630,509,871,2048,6.92068911613566,7.39254538401862,6.54754633742331,6.63502946954813,6.94638461538461,6.90976100097656,102
"105",2014,11,6.46666666666667,15,7.25,6.18181818181818,6.66666666666667,6,6.5,4,11,3,1,14,2934,1293,1641,512,872,2062,6.91836793796864,7.39210440835267,6.54509477757465,6.63521484375,6.9452993119266,6.9069789185257,103
"106",2014,12,6.15294117647059,17,8,5.58461538461538,5.875,5.38333333333333,6.57272727272727,4,13,4,6,11,2951,1297,1654,516,878,2073,6.91395849881396,7.39397918272938,6.53754566505441,6.62932170542636,6.93462528473804,6.90520527255186,104
"107",2015,1,6.91666666666667,12,7.25,6.75,6.75,8,6.81818181818182,4,8,4,1,11,2963,1301,1662,520,879,2084,6.91396946675666,7.39353651037664,6.53856830926594,6.63025,6.93583731513083,6.90474593570057,105
"108",2015,2,6.553125,16,7.13333333333333,6.205,6.7,5,6.91153846153846,6,10,4,3,13,2979,1307,1672,524,882,2097,6.91203139644176,7.39234200459067,6.53657328349282,6.63078244274809,6.92925283446712,6.90478804482594,106
"109",2015,3,6.73571428571429,14,7.16666666666667,6.4125,5.83333333333333,6.86,6.66666666666667,6,8,3,5,9,2993,1313,1680,527,887,2106,6.91120665887069,7.39131073876619,6.53598245833333,6.62624288425048,6.92886245772266,6.90377043209876,107
"110",2015,4,6.75,10,6.625,6.83333333333333,6.33333333333333,6.5,6.8125,4,6,3,2,8,3003,1317,1686,530,889,2114,6.91066984015984,7.38898329536826,6.53704064650059,6.62458490566038,6.92789763779528,6.90342503784295,108
"111",2015,5,6.85416666666667,12,6.9,6.82142857142857,6.58333333333333,6.75,6.88888888888889,5,7,3,3,9,3015,1322,1693,533,892,2123,6.91044495190713,7.38713388804841,6.53821649734199,6.62435272045028,6.92729932735426,6.9033634149788,109
"112",2015,6,6.45952380952381,21,7.085,5.89090909090909,5.85714285714286,6.375,6.51153846153846,10,11,7,8,13,3036,1332,1704,540,900,2136,6.90732593214756,7.38486561561562,6.53403786971831,6.61440740740741,6.92239,6.90097871254682,110
"113",2015,7,6.675,12,6.86666666666667,6.48333333333333,6.3,5.75,6.86,6,6,3,2,10,3048,1338,1710,543,902,2146,6.90641126312336,7.38254185351271,6.53385995906432,6.61267034990792,6.91979046563193,6.90078775862069,111
"114",2015,8,6.8,9,7.35,6.64285714285714,6.83333333333333,7,6.775,2,7,3,1,8,3057,1340,1717,546,903,2154,6.90609798168138,7.38249328358209,6.53430432731508,6.61388278388278,6.91987929125138,6.90032058031569,112
"115",2015,9,6.65909090909091,11,7.65,5.83333333333333,5.66666666666667,8.75,6.45,5,6,3,1,10,3068,1345,1723,549,904,2164,6.905212363103,7.38348773234201,6.53186333720255,6.60870673952641,6.92190376106195,6.89823961645102,113
"116",2015,10,6.46153846153846,13,6.625,6.2,7,7.375,6.05555555555556,8,5,2,4,9,3081,1353,1728,551,908,2173,6.90334032132424,7.3790029563932,6.53090308449074,6.61012704174229,6.92389977973568,6.8947494385642,114
"117",2015,11,7.065,20,7.66666666666667,6.80714285714286,6.35714285714286,6.875,7.1125,6,14,7,4,16,3101,1359,1742,558,912,2189,6.90438295066107,7.38027299484916,6.53312315154994,6.60695340501792,6.92368530701754,6.8963410370032,115
"118",2015,12,6.86875,16,6.88571428571429,6.85555555555556,6,6.63333333333333,6.92307692307692,7,9,1,3,13,3117,1366,1751,559,915,2202,6.90420004170677,7.37773865300147,6.53478042832667,6.60586762075134,6.92273333333333,6.89649887829246,116
"119",2016,1,6.27,25,6.57142857142857,6.15277777777778,6.57142857142857,6.4,6.2375,7,18,7,5,20,3142,1373,1769,566,920,2222,6.8991538924252,7.37362782228697,6.53089345958168,6.60544169611307,6.91989239130435,6.89056729522952,117
"120",2016,2,6.53333333333333,15,7.625,6.36538461538461,6.0625,7.25,6.27272727272727,2,13,4,4,11,3157,1375,1782,570,924,2233,6.89741575229648,7.37399345454546,6.52968604377104,6.60163157894737,6.92132142857143,6.88752374832064,118
"121",2016,3,7.224375,16,7.659,6.5,6.5,7.66666666666667,7.12230769230769,10,6,2,3,13,3173,1385,1788,572,927,2246,6.89906445950205,7.37605126353791,6.52958642617449,6.60127622377622,6.92373354908306,6.88888269367765,119
"122",2016,4,6.78571428571429,7,7.25,6.16666666666667,6.25,6,7.1,4,3,2,2,5,3180,1389,1791,574,929,2251,6.89881494654088,7.37568826493881,6.52897852037967,6.60005226480836,6.92174488697524,6.88935163482896,120
"123",2016,5,6.19375,16,7.43333333333333,5.90769230769231,5.25,5.5,6.35384615384615,3,13,4,3,13,3196,1392,1804,578,932,2264,6.89528520963704,7.3758125,6.52450140243902,6.59070934256055,6.91716845493562,6.88627673586572,121
"124",2016,6,7.05555555555556,18,7.58333333333333,6.52777777777778,5.95,5.5,7.25,9,9,5,2,16,3214,1401,1813,583,934,2280,6.8961828033603,7.37714561027838,6.52451766685052,6.58521440823328,6.91413383297644,6.88882917982456,122
"125",2016,7,6.98181818181818,11,7.95,6.42857142857143,6.66666666666667,7,6.97777777777778,4,7,3,2,9,3225,1405,1820,586,936,2289,6.89647489302325,7.37877651245552,6.52414864285714,6.58563139931741,6.91431730769231,6.88917891218873,123
"126",2016,8,5.71875,8,8,5.39285714285714,5.5,6,5.67857142857143,1,7,2,1,7,3233,1406,1827,588,937,2296,6.89356063408598,7.37921834992888,6.51981419266557,6.5819387755102,6.91334151547492,6.88548803571428,124
"127",2016,9,6.5625,16,7.2,5.5,7,NA,6.5625,10,6,2,0,16,3249,1416,1833,590,937,2312,6.89193029547553,7.37795268361582,6.51647601200218,6.58335593220339,6.91334151547492,6.88325282439446,125
"128",2016,10,6.34571428571429,14,7.21,6,6.33333333333333,7,6.23666666666667,4,10,3,2,12,3263,1420,1843,593,939,2324,6.88958673919705,7.37747957746479,6.51367364622897,6.5820910623946,6.91352609158679,6.87991416953528,126
"129",2016,11,6.5,12,7.33333333333333,6.22222222222222,6,7.5,6.3,3,9,1,2,10,3275,1423,1852,594,941,2334,6.88815924580152,7.37738650737878,6.51225730561555,6.58111111111111,6.91477258235919,6.87742953299057,127
"130",2016,12,6.98461538461538,13,7.25,6.75714285714286,6.75,6.5,7.07272727272727,6,7,4,2,11,3288,1429,1859,598,943,2345,6.88854061131386,7.37685164450665,6.51317941366326,6.58224080267559,6.91389289501591,6.87834564179104,128
"131",2017,1,6.66,16,7,6.39555555555556,6.22,6.99,6.55,7,9,5,4,12,3304,1436,1868,603,947,2357,6.88743387711864,7.37501462395544,6.51261270342612,6.57923714759536,6.91421436114044,6.8766739626644,129
"132",2017,2,6.44444444444444,9,6,6.66666666666667,6,6.5,6.42857142857143,3,6,2,2,7,3313,1439,1874,605,949,2364,6.88623046483549,7.37214801945796,6.51310593916755,6.57732231404959,6.91334141201264,6.87534709390863,130
"133",2017,3,5.89285714285714,14,6.6,5.5,6,5.25,6,5,9,2,2,12,3327,1444,1883,607,951,2376,6.88205035467388,7.36947437673131,6.50826369091874,6.57542009884679,6.90984332281809,6.8709261489899,131
"134",2017,4,6.875,12,6.9,6.85714285714286,6.325,6.43333333333333,7.02222222222222,5,7,4,3,9,3339,1449,1890,611,954,2385,6.88202501647199,7.36785438233265,6.50955583597883,6.57378068739771,6.90834486373166,6.87149707756813,132
"135",2017,5,6.79166666666667,12,7.25,6.33333333333333,6.16666666666667,6.66666666666667,6.83333333333333,6,6,3,3,9,3351,1455,1896,614,957,2394,6.88170144136078,7.36736838487973,6.50899816983122,6.57179153094463,6.90758725182863,6.87135360484545,133
"136",2017,6,6.83333333333333,9,9,6.5625,8,NA,6.83333333333333,1,8,1,0,9,3360,1456,1904,615,957,2403,6.88157188392857,7.3684896978022,6.50922296743697,6.57411382113821,6.90758725182863,6.8712112068248,134
"137",2017,7,6.06384615384615,13,7.575,5.39222222222222,6.5,5,6.383,4,9,3,3,10,3373,1460,1913,618,960,2413,6.87842025793062,7.36905547945206,6.50396786722425,6.57375404530744,6.90162604166667,6.86918795275591,135
"138",2017,8,6.57615384615385,13,7.1,6.24875,6.7475,6.9975,6.38888888888889,5,8,4,4,9,3386,1465,1921,622,964,2422,6.877259754873,7.36813720136519,6.50290501301405,6.57487138263666,6.90202385892116,6.86740319157721,136
"139",2017,9,5.81818181818182,11,6.75,5.61111111111111,5,6.33333333333333,5.625,2,9,3,3,8,3397,1467,1930,625,967,2430,6.87383030026494,7.36729447852761,6.49874638860103,6.567312,6.90025956566701,6.86331297530864,137
"140",2017,10,6.66666666666667,12,7.33333333333333,6.44444444444444,6.66666666666667,5.875,7.0625,3,9,6,4,8,3409,1470,1939,631,971,2438,6.87310106482839,7.36722517006803,6.49849434244456,6.56825673534073,6.89603604531411,6.86396658326497,138
"141",2017,11,6.76666666666667,15,7.1875,6.28571428571429,NA,6.83333333333333,6.75,8,7,0,3,12,3424,1478,1946,631,974,2450,6.87263479264018,7.36625236806495,6.49772894655704,6.56825673534073,6.89584291581109,6.86340837959184,139
"142",2017,12,7.175,8,7.83333333333333,6.78,6,7,7.23333333333333,3,5,2,2,6,3432,1481,1951,633,976,2456,6.87333960664335,7.36719851451722,6.49845234751409,6.56646129541864,6.89605635245902,6.86431210504886,140
"143",2018,1,6.44444444444444,18,6.66666666666667,6.22222222222222,5.625,6.5,6.44117647058824,9,9,4,1,17,3450,1490,1960,637,977,2473,6.87110189275362,7.36296711409396,6.49718394387755,6.56054945054945,6.89565097236438,6.86140336837849,141
"144",2018,2,6.57692307692308,13,7.5,6.3,6.5,7,6.5,3,10,4,2,11,3463,1493,1970,641,979,2484,6.8699975541438,7.3632424648359,6.49618301015228,6.56017160686427,6.89586414708887,6.85980295088567,142
"145",2018,3,6.68888888888889,9,7.16666666666667,6.45,5.9,6.175,7.1,3,6,3,4,5,3472,1496,1976,644,983,2489,6.86952809043779,7.36284826203209,6.49604277834008,6.55709627329192,6.89293082400814,6.86028546805946,143
"146",2018,4,6.806875,16,8.0625,6.38833333333333,6.25,6.1,7.12818181818182,4,12,4,5,11,3488,1500,1988,648,988,2500,6.86924069094036,7.364714,6.49539262072434,6.55520061728395,6.88891801619433,6.861464212,144
"147",2018,5,6.58333333333333,6,NA,6.58333333333333,6.16666666666667,6.75,6.5,0,6,3,2,4,3494,1500,1994,651,990,2504,6.86874972238122,7.364714,6.49565723671013,6.55341013824885,6.88863737373737,6.86088679313099,145
"148",2018,6,6.6,3,7.8,6,NA,6,6.9,1,2,0,1,2,3497,1501,1996,651,991,2506,6.86851916785816,7.36500399733511,6.49516058617234,6.55341013824885,6.88774066599394,6.86091800877893,146
"149",2018,7,6.175,6,7.25,5.6375,6.18333333333333,5.85,6.5,2,4,3,3,3,3503,1503,2000,654,994,2509,6.86733129603197,7.36485096473719,6.493445265,6.5517125382263,6.88460865191147,6.86048646074133,147
"150",2018,8,7.55555555555556,9,8,6.66666666666667,NA,7.66666666666667,7.5,6,3,0,3,6,3512,1509,2003,654,997,2515,6.86909496867881,7.36737640821736,6.49370470793809,6.5517125382263,6.88696188565697,6.86201213916501,148
"151",2018,9,6.6875,8,6.66666666666667,6.7,6.5,NA,6.6875,3,5,1,0,8,3520,1512,2008,655,997,2523,6.86868225284091,7.36598611111111,6.49421839143426,6.55163358778626,6.88696188565697,6.86145879112168,149
"152",2018,10,6.09285714285714,14,6.4,5.92222222222222,NA,NA,6.09285714285714,5,9,0,0,14,3534,1517,2017,655,997,2537,6.86560880871533,7.36280224126566,6.49166610312345,6.55163358778626,6.88696188565697,6.8572173945605,150
"153",2018,11,6.65,10,7.5,6.4375,6.66666666666667,7.16666666666667,6.42857142857143,2,8,3,3,7,3544,1519,2025,658,1000,2544,6.86500043171557,7.36298288347597,6.49145211358024,6.55215805471125,6.887801,6.85603794418239,151
"154",2018,12,6.4375,8,6.875,6,5,6.75,6.33333333333333,4,4,1,2,6,3552,1523,2029,659,1002,2550,6.8640375929054,7.36170124753776,6.49048325776244,6.54980273141123,6.88752594810379,6.85480805098039,152
"155",2019,1,5.58333333333333,6,NA,5.58333333333333,3.5,3,6.1,0,6,2,1,5,3558,1523,2035,661,1003,2555,6.86187788926363,7.36170124753776,6.48780861425061,6.54057488653555,6.88365004985045,6.85333093150685,153
"156",2019,2,6.95,10,6.75,7.25,7,6.66666666666667,7.07142857142857,6,4,2,3,7,3568,1529,2039,663,1006,2562,6.86212486827354,7.35930085022891,6.4893038401177,6.54196078431372,6.88300298210736,6.85392682669789,154
"157",2019,3,7.02727272727273,11,7.36666666666667,6.9,NA,4,7.33,3,8,0,1,10,3579,1532,2047,663,1007,2572,6.86263244761106,7.35931527415144,6.49090890571568,6.54196078431372,6.88014001986097,6.85577781104199,155
"158",2019,4,6.5,7,6.625,6.33333333333333,6,6,6.58333333333333,4,3,2,1,6,3586,1536,2050,665,1008,2578,6.86192457612939,7.35740299479167,6.49067830731707,6.54033082706767,6.87926686507936,6.85514372769589,156
"159",2019,5,6.525,8,6.5,6.54,6.16666666666667,7.25,6.28333333333333,3,5,3,2,6,3594,1539,2055,668,1010,2584,6.86117460489705,7.35573164392463,6.49079831143552,6.53865269461078,6.88000099009901,6.85381599458204,157
"160",2019,6,6.7,5,7,6.625,6,NA,6.7,1,4,2,0,5,3599,1540,2059,670,1010,2589,6.8609506890803,7.35550064935065,6.49105902379796,6.5370447761194,6.88000099009901,6.85351893781383,158
"161",2019,7,5.98571428571429,7,7.1,4.5,5.25,6,5.96666666666667,4,3,2,4,3,3606,1544,2062,672,1014,2592,6.85925167221298,7.35483873056995,6.4881622356935,6.53321428571429,6.87652958579882,6.85249248842593,159
"162",2019,8,5.98571428571429,7,6,5.975,7,6,5.98333333333333,3,4,1,1,6,3613,1547,2066,673,1015,2598,6.85755923885967,7.35221137685844,6.48716869796708,6.53390787518573,6.87566600985222,6.85048519245574,160
"163",2019,9,7.23636363636364,11,7.4,6.5,6.5,6,7.36,9,2,2,1,10,3624,1556,2068,675,1016,2608,6.85870903145695,7.35248778920309,6.48718110735009,6.53380740740741,6.87480413385827,6.85243885352761,161
"164",2019,10,6.375,4,NA,6.375,6.5,NA,6.375,0,4,1,0,4,3628,1556,2072,676,1016,2612,6.85817572491731,7.35248778920309,6.48696454150579,6.5337573964497,6.87480413385827,6.85170770673813,162
"165",2019,11,6.66666666666667,12,7.5,6.25,6,10,6.36363636363636,4,8,4,1,11,3640,1560,2080,680,1017,2623,6.85754437637362,7.35286602564103,6.48605313942307,6.53061764705882,6.87787708947886,6.8496608959207,163
"166",2019,12,6.66666666666667,3,7,6,NA,7,6.5,2,1,0,1,2,3643,1562,2081,680,1018,2625,6.85738718912984,7.35241421254802,6.485819572321,6.53061764705882,6.87799705304519,6.84939448761905,164
"167",2020,1,6.27777777777778,9,7.75,5.85714285714286,5,5.83333333333333,6.5,2,7,1,3,6,3652,1564,2088,681,1021,2631,6.85595879791895,7.3529226342711,6.48371193965517,6.52837004405286,6.87492752203722,6.84859769289244,165
"168",2020,2,6.87777777777778,9,7.28,6.375,6.5,7.3,6.66666666666667,5,4,1,3,6,3661,1569,2092,682,1024,2637,6.85601243649276,7.35269024856597,6.48350407743786,6.5283284457478,6.8761728515625,6.84818374288965,166
"169",2020,3,6.6,7,6.74,6.25,NA,6.7,6.58333333333333,5,2,0,1,6,3668,1574,2094,682,1025,2643,6.85552386314068,7.35074396442186,6.48328105539637,6.5283284457478,6.87600097560976,6.84758249337874,167
"170",2020,4,6.64285714285714,7,6.7,6.5,NA,7.5,6.5,5,2,0,1,6,3675,1579,2096,682,1026,2649,6.85511878367347,7.34868334388854,6.48329700858778,6.5283284457478,6.87660916179337,6.84679521706304,168
"171",2020,5,6.92727272727273,11,7.36666666666667,6.4,6.25,6.94,6.91666666666667,6,5,4,5,6,3686,1585,2101,686,1031,2655,6.8553341101465,7.34875141955836,6.48309877677296,6.5267055393586,6.87691658583899,6.84695311864407,169
"172",2020,6,6.428,5,6.71333333333333,6,8,NA,6.428,3,2,1,0,5,3691,1588,2103,687,1031,2660,6.85475522351666,7.34755100755668,6.48263933903946,6.5288500727802,6.87691658583899,6.84616561278196,170
"173",2020,7,6.86666666666667,9,6.875,6.86,NA,6.5,7.05,4,5,0,3,6,3700,1592,2108,687,1034,2666,6.8547841972973,7.34636369346734,6.48353440702087,6.5288500727802,6.87582301740812,6.84662435483871,171
"174",2020,8,6.05714285714286,7,7.15,4.6,5.4,6.6,5.65,4,3,2,3,4,3707,1596,2111,689,1037,2670,6.85327799568384,7.34587155388471,6.48085766461392,6.5255732946299,6.87502507232401,6.84483165917603,172
"175",2020,9,6.55,8,8,5.68,6.9,6.725,6.375,3,5,1,4,4,3715,1599,2116,690,1041,2674,6.85262490713324,7.34709881175735,6.47896527882797,6.52611594202898,6.87444860710855,6.84412884442782,173
"176",2020,10,6.65384615384615,13,7.08333333333333,6.28571428571429,NA,6.33333333333333,6.75,6,7,0,3,10,3728,1605,2123,690,1044,2684,6.85193174087983,7.34611277258567,6.47832808761187,6.52611594202898,6.87289367816092,6.84377814083457,174
"177",2020,11,7,8,7,7,8,7.66666666666667,6.6,5,3,1,3,5,3736,1610,2126,691,1047,2689,6.85224880353319,7.34503788819876,6.47906421919097,6.5282489146165,6.87516809933142,6.84332485310524,175
"178",2020,12,6.74444444444444,9,7,6.54,6.85,7.5,6.65,4,5,2,1,8,3745,1614,2131,693,1048,2697,6.85198972763685,7.34418277571252,6.47920719380572,6.52917748917749,6.8757643129771,6.84275140155729,176
"179",2021,1,6.6,10,6.25,6.83333333333333,6.75,6.5,6.64285714285714,4,6,2,3,7,3755,1618,2137,695,1051,2704,6.85131864980027,7.34147775030903,6.48020146467009,6.52981294964029,6.87469172216936,6.84223392381657,177
"180",2021,2,6.43125,16,6.97777777777778,5.72857142857143,6.33333333333333,7.16,6.1,9,7,3,5,11,3771,1627,2144,698,1056,2715,6.84953633784142,7.33946588813768,6.47774744869403,6.52896848137536,6.87604261363636,6.8392267145488,178
"181",2021,3,6.7112,5,7.75,6.01866666666667,6.556,6.528,6.83333333333333,2,3,1,2,3,3776,1629,2147,699,1058,2718,6.84935315942797,7.33996992019644,6.47710597578016,6.52900715307582,6.87538468809074,6.83922020971302,179
"182",2021,4,6.95,10,7.16666666666667,6.625,NA,NA,6.95,6,4,0,0,10,3786,1635,2151,699,1058,2728,6.84961899894348,7.33933394495413,6.4773809995351,6.52900715307582,6.87538468809074,6.83962629398827,180
"183",2021,5,6.45714285714286,14,7.5,5.675,5.63333333333333,6.6,6.4,6,8,3,4,10,3800,1641,2159,702,1062,2738,6.84817303421053,7.33992138939671,6.47440784159333,6.52517948717948,6.87434745762712,6.83802064645727,181
"184",2021,6,7.375,4,7.5,7,NA,NA,7.375,3,1,0,0,4,3804,1644,2160,702,1062,2742,6.84872700578339,7.34021350364964,6.47465117129629,6.52517948717948,6.87434745762712,6.8388039861415,182
"185",2021,7,7.125,12,7.25,7,6,7.5,7.09090909090909,6,6,1,1,11,3816,1650,2166,703,1063,2753,6.84959578878407,7.33988545454546,6.4761064312096,6.52443243243243,6.87493603010348,6.83981130766437,183
"186",2021,8,5.5,2,7,4,NA,4,7,1,1,0,1,1,3818,1651,2167,703,1064,2754,6.84888882399162,7.33967958812841,6.4749637886479,6.52443243243243,6.87223402255639,6.8398694734931,184
"187",2021,9,6.35,5,7.58333333333333,4.5,6,9,5.6875,3,2,1,1,4,3823,1654,2169,704,1065,2758,6.84823634057023,7.3401215235792,6.47314270631627,6.5236875,6.87423192488263,6.83819816171138,185
"188",2021,10,6.11,4,7.5,4.72,NA,4.72,7.5,2,2,0,2,2,3827,1656,2171,704,1067,2760,6.84746473216619,7.34031461352657,6.47152765085214,6.5236875,6.87019400187441,6.83867772826087,186
"189",2021,11,7.25,4,7,7.33333333333333,7,7.5,7,1,3,2,2,2,3831,1657,2174,706,1069,2762,6.8478850247977,7.34010923355462,6.47271689512419,6.52503682719547,6.87137231057062,6.83879454380883,187
"190",2021,12,6.64444444444444,9,7.25,6.16,6,5.8,6.75,4,5,1,1,8,3840,1661,2179,707,1070,2770,6.8474082109375,7.33989223359422,6.47199932537861,6.52429420084865,6.87037102803738,6.83853809747292,188
"191",2022,1,6.99,10,7.625,6.56666666666667,5,7.5,6.8625,4,6,1,2,8,3850,1665,2185,708,1072,2778,6.84777857922078,7.34057717717718,6.47225928146453,6.52214124293785,6.87154570895522,6.83860710223182,189
"192",2022,2,6.0625,8,5.5,6.25,7,NA,6.0625,2,6,1,0,8,3858,1667,2191,709,1072,2786,6.84615021513738,7.33836892621476,6.47165062984938,6.52281523272214,6.87154570895522,6.83637851040919,190
"193",2022,3,6.29833333333333,6,6.5,6.258,6.5,6.145,6.375,1,5,2,2,4,3864,1668,2196,711,1074,2790,6.84529956780538,7.33786630695444,6.47116417577413,6.52275105485232,6.87019273743017,6.83571703584229,191
"194",2022,4,6.5,2,NA,6.5,6.5,NA,6.5,0,2,2,0,2,3866,1668,2198,713,1074,2792,6.84512093378169,7.33786630695444,6.47119041401274,6.52268723702665,6.87019273743017,6.8354765508596,192
"195",2022,5,6.72222222222222,9,7.5,5.75,6.5,8,6.08333333333333,5,4,2,3,6,3875,1673,2202,715,1077,2798,6.8448354916129,7.33835086670652,6.4698803496821,6.52262377622377,6.87333983286908,6.83386366333095,193
"196",2022,6,7.45,8,8.875,6.025,6.36666666666667,6,7.65714285714286,4,4,3,1,7,3883,1677,2206,718,1078,2805,6.84608228946691,7.34201610017889,6.46907367633726,6.52197214484679,6.87252968460111,6.83591819251337,194
"197",2022,7,6.33333333333333,3,6.5,6,NA,NA,6.33333333333333,2,1,0,0,3,3886,1679,2207,718,1078,2808,6.84568644621719,7.34101310303752,6.46886113729044,6.52197214484679,6.87252968460111,6.83538124287749,195
"198",2022,8,7.47142857142857,7,7,7.66,7.15,6,7.71666666666667,2,5,2,1,6,3893,1681,2212,720,1079,2814,6.84681159260211,7.34060737656157,6.47155358499096,6.52371666666667,6.87172103799814,6.83726031627576,196
"199",2022,9,6.97,10,7.64,6.3,NA,NA,6.97,5,5,0,0,10,3903,1686,2217,720,1079,2824,6.84712721752498,7.34149525504152,6.47116668019846,6.52371666666667,6.87172103799814,6.83773035764872,197
"200",2022,10,7.16,5,7.325,6.5,7.8,5.9,8,4,1,1,2,3,3908,1690,2218,721,1081,2827,6.84752751535312,7.34145621301775,6.47117967989179,6.52548682385576,6.86992321924144,6.83896375309515,198
"201",2022,11,6.31909090909091,11,6.802,5.91666666666667,6.375,6.83666666666667,6.125,5,6,4,3,8,3919,1695,2224,725,1084,2835,6.84604427915284,7.33986489675516,6.46968369154676,6.52465655172414,6.86983118081181,6.83694904056437,199
"202",2022,12,6.10545454545455,11,6.875,5.66571428571429,6,NA,6.10545454545455,4,7,3,0,11,3930,1699,2231,728,1084,2846,6.84397138167939,7.33877045320777,6.46716115194979,6.5224945054945,6.86983118081181,6.83412176036542,200
