"","year","month","avg_rating","no_ratings","avg_rating_owned","avg_rating_not_owned","avg_rating_prev_owned","avg_rating_comment","avg_rating_no_comment","no_ratings_owned","no_ratings_not_owned","no_ratings_prev_owned","no_ratings_comment","no_ratings_no_comment","cum_no_ratings","cum_no_ratings_owned","cum_no_ratings_not_owned","cum_no_ratings_prev_owned","cum_no_ratings_comment","cum_no_ratings_no_comment","cum_avg_rating","cum_avg_rating_owned","cum_avg_rating_not_owned","cum_avg_rating_prev_owned","cum_avg_rating_comment","cum_avg_rating_no_comment","month_after_release"
"1",2001,5,7,1,7,NA,NA,7,NA,1,0,0,1,0,1,1,0,0,1,0,7,7,NA,NA,7,NA,0
"2",2001,6,7,1,7,NA,NA,NA,7,1,0,0,0,1,2,2,0,0,1,1,7,7,NA,NA,7,7,1
"3",2001,9,7,4,8.5,5.5,NA,6,7.33333333333333,2,2,0,1,3,6,4,2,0,2,4,7,7.75,5.5,NA,6.5,7.25,4
"4",2001,11,6.33333333333333,3,6.5,6,6,NA,6.33333333333333,2,1,1,0,3,9,6,3,1,2,7,6.77777777777778,7.33333333333333,5.66666666666667,6,6.5,6.85714285714286,6
"5",2001,12,6.5,2,7,6,NA,NA,6.5,1,1,0,0,2,11,7,4,1,2,9,6.72727272727273,7.28571428571429,5.75,6,6.5,6.77777777777778,7
"6",2002,3,6,1,6,NA,NA,NA,6,1,0,0,0,1,12,8,4,1,2,10,6.66666666666667,7.125,5.75,6,6.5,6.7,10
"7",2002,4,8,2,8,NA,NA,8,NA,2,0,0,2,0,14,10,4,1,4,10,6.85714285714286,7.3,5.75,6,7.25,6.7,11
"8",2002,5,8,1,8,NA,NA,NA,8,1,0,0,0,1,15,11,4,1,4,11,6.93333333333333,7.36363636363636,5.75,6,7.25,6.81818181818182,12
"9",2002,6,6.125,4,6.16666666666667,6,6,6,6.25,3,1,1,2,2,19,14,5,2,6,13,6.76315789473684,7.10714285714286,5.8,6,6.83333333333333,6.73076923076923,13
"10",2002,8,6.5,2,7,6,NA,6,7,1,1,0,1,1,21,15,6,2,7,14,6.73809523809524,7.1,5.83333333333333,6,6.71428571428571,6.75,15
"11",2002,10,7.5,2,9,6,NA,6,9,1,1,0,1,1,23,16,7,2,8,15,6.80434782608696,7.21875,5.85714285714286,6,6.625,6.9,17
"12",2002,12,6,1,6,NA,NA,6,NA,1,0,0,1,0,24,17,7,2,9,15,6.77083333333333,7.14705882352941,5.85714285714286,6,6.55555555555556,6.9,19
"13",2003,1,7.2,5,6.5,7.66666666666667,NA,9,6.75,2,3,0,1,4,29,19,10,2,10,19,6.8448275862069,7.07894736842105,6.4,6,6.8,6.86842105263158,20
"14",2003,2,8,2,8,NA,NA,NA,8,2,0,0,0,2,31,21,10,2,10,21,6.91935483870968,7.16666666666667,6.4,6,6.8,6.97619047619048,21
"15",2003,3,6.66666666666667,6,6.6,7,NA,7.5,6.25,5,1,0,2,4,37,26,11,2,12,25,6.87837837837838,7.05769230769231,6.45454545454545,6,6.91666666666667,6.86,22
"16",2003,4,6,5,6,6,NA,7,5.75,3,2,0,1,4,42,29,13,2,13,29,6.77380952380952,6.94827586206897,6.38461538461539,6,6.92307692307692,6.70689655172414,23
"17",2003,5,6.45,3,7.35,6,NA,7,6.175,1,2,0,1,2,45,30,15,2,14,31,6.75222222222222,6.96166666666667,6.33333333333333,6,6.92857142857143,6.67258064516129,24
"18",2003,6,6,1,NA,6,NA,NA,6,0,1,0,0,1,46,30,16,2,14,32,6.73586956521739,6.96166666666667,6.3125,6,6.92857142857143,6.6515625,25
"19",2003,7,6.11111111111111,9,7.2,4.75,NA,6,6.5,5,4,0,7,2,55,35,20,2,21,34,6.63363636363636,6.99571428571429,6,6,6.61904761904762,6.64264705882353,26
"20",2003,8,6.45454545454545,11,6.625,6,6,6.66666666666667,6.375,8,3,1,3,8,66,43,23,3,24,42,6.60378787878788,6.92674418604651,6,6,6.625,6.59166666666667,27
"21",2003,9,6,8,6.2,5.66666666666667,6,6,6,5,3,1,1,7,74,48,26,4,25,49,6.53851351351351,6.85104166666667,5.96153846153846,6,6.6,6.50714285714286,28
"22",2003,10,6.5,2,7,6,NA,NA,6.5,1,1,0,0,2,76,49,27,4,25,51,6.5375,6.85408163265306,5.96296296296296,6,6.6,6.50686274509804,29
"23",2003,11,7,1,7,NA,NA,7,NA,1,0,0,1,0,77,50,27,4,26,51,6.54350649350649,6.857,5.96296296296296,6,6.61538461538461,6.50686274509804,30
"24",2003,12,6.5,7,6.33333333333333,6.625,NA,7,6.41666666666667,3,4,0,1,6,84,53,31,4,27,57,6.53988095238095,6.82735849056604,6.04838709677419,6,6.62962962962963,6.49736842105263,31
"25",2004,1,7,4,7.5,6.5,NA,8,6.66666666666667,2,2,0,1,3,88,55,33,4,28,60,6.56079545454546,6.85181818181818,6.07575757575758,6,6.67857142857143,6.50583333333333,32
"26",2004,2,6.2,5,5.5,6.66666666666667,NA,6.33333333333333,6,2,3,0,3,2,93,57,36,4,31,62,6.54139784946237,6.80438596491228,6.125,6,6.64516129032258,6.48951612903226,33
"27",2004,3,5.85714285714286,7,5.75,6,7,6,5.8,4,3,1,2,5,100,61,39,5,33,67,6.4935,6.73524590163934,6.11538461538461,6.2,6.60606060606061,6.43805970149254,34
"28",2004,4,6.58333333333333,6,7,6.16666666666667,7,7,6.16666666666667,3,3,1,3,3,106,64,42,6,36,70,6.49858490566038,6.74765625,6.11904761904762,6.33333333333333,6.63888888888889,6.42642857142857,35
"29",2004,5,6.625,4,7.25,6,NA,7.25,6,2,2,0,2,2,110,66,44,6,38,72,6.50318181818182,6.76287878787879,6.11363636363636,6.33333333333333,6.67105263157895,6.41458333333333,36
"30",2004,6,6.625,8,7,6.25,NA,6.66666666666667,6.6,4,4,0,3,5,118,70,48,6,41,77,6.5114406779661,6.77642857142857,6.125,6.33333333333333,6.67073170731707,6.42662337662338,37
"31",2004,7,6,2,6,NA,NA,NA,6,2,0,0,0,2,120,72,48,6,41,79,6.50291666666667,6.75486111111111,6.125,6.33333333333333,6.67073170731707,6.41582278481013,38
"32",2004,8,6.83333333333333,6,6.66666666666667,7,NA,7.5,6.5,3,3,0,2,4,126,75,51,6,43,83,6.51865079365079,6.75133333333333,6.17647058823529,6.33333333333333,6.7093023255814,6.41987951807229,39
"33",2004,9,6.33333333333333,6,6,6.4,6,5.33333333333333,7.33333333333333,1,5,2,3,3,132,76,56,8,46,86,6.51022727272727,6.74144736842105,6.19642857142857,6.25,6.6195652173913,6.45174418604651,40
"34",2004,10,6.38888888888889,9,7.3,5.25,5,6.16666666666667,6.5,5,4,1,3,6,141,81,60,9,49,92,6.50248226950355,6.77592592592593,6.13333333333333,6.11111111111111,6.59183673469388,6.45489130434783,41
"35",2004,11,6.42857142857143,7,7.75,4.66666666666667,4,5.75,7.33333333333333,4,3,1,4,3,148,85,63,10,53,95,6.49898648648649,6.82176470588235,6.06349206349206,5.9,6.52830188679245,6.48263157894737,42
"36",2004,12,6.16666666666667,6,6.25,6,NA,7,5.75,4,2,0,2,4,154,89,65,10,55,99,6.48603896103896,6.79606741573034,6.06153846153846,5.9,6.54545454545455,6.4530303030303,43
"37",2005,1,5.85,8,6.625,5.075,NA,6.75,5.55,4,4,0,2,6,162,93,69,10,57,105,6.45462962962963,6.78870967741936,6.00434782608696,5.9,6.55263157894737,6.40142857142857,44
"38",2005,2,6.71428571428571,7,7,6.33333333333333,NA,6.75,6.66666666666667,4,3,0,4,3,169,97,72,10,61,108,6.46538461538462,6.79742268041237,6.01805555555555,5.9,6.5655737704918,6.4087962962963,45
"39",2005,3,5.625,4,5.5,5.66666666666667,6,4,6.16666666666667,1,3,1,1,3,173,98,75,11,62,111,6.44595375722543,6.78418367346939,6.004,5.90909090909091,6.5241935483871,6.40225225225225,46
"40",2005,4,5.9,5,6.5,5,NA,5.75,6,3,2,0,2,3,178,101,77,11,64,114,6.43061797752809,6.77574257425743,5.97792207792208,5.90909090909091,6.5,6.39166666666667,47
"41",2005,5,5.5,7,6.5,5.1,NA,5.875,5,2,5,0,4,3,185,103,82,11,68,117,6.39540540540541,6.77038834951456,5.92439024390244,5.90909090909091,6.46323529411765,6.35598290598291,48
"42",2005,6,6.5,4,7.5,5.5,7,NA,6.5,2,2,1,0,4,189,105,84,12,68,121,6.39761904761905,6.78428571428572,5.91428571428571,6,6.46323529411765,6.36074380165289,49
"43",2005,7,6.16666666666667,6,7.16666666666667,5.16666666666667,NA,5.66666666666667,6.66666666666667,3,3,0,3,3,195,108,87,12,71,124,6.39051282051282,6.79490740740741,5.88850574712644,6,6.42957746478873,6.36814516129032,50
"44",2005,8,6.6875,8,7.125,6.25,7,6.9,6.33333333333333,4,4,1,5,3,203,112,91,13,76,127,6.40221674876847,6.80669642857143,5.9043956043956,6.07692307692308,6.46052631578947,6.36732283464567,51
"45",2005,9,5.4,10,6.75,4.5,NA,3.25,5.9375,4,6,0,2,8,213,116,97,13,78,135,6.35516431924883,6.80474137931035,5.81752577319588,6.07692307692308,6.37820512820513,6.34185185185185,52
"46",2005,10,6.4,10,6.83333333333333,5.75,5.5,6.75,6.16666666666667,6,4,2,4,6,223,122,101,15,82,141,6.35717488789238,6.80614754098361,5.81485148514851,6,6.39634146341463,6.33439716312057,53
"47",2005,11,6.9375,8,7,6.83333333333333,9,7.625,6.25,5,3,1,4,4,231,127,104,16,86,145,6.37727272727273,6.81377952755906,5.84423076923077,6.1875,6.45348837209302,6.33206896551724,54
"48",2005,12,5.9375,8,6.66666666666667,5.5,NA,7,5.78571428571429,3,5,0,1,7,239,130,109,16,87,152,6.36255230125523,6.81038461538462,5.82844036697248,6.1875,6.45977011494253,6.30690789473684,55
"49",2006,1,6.625,8,7,6,NA,6.5,6.75,5,3,0,4,4,247,135,112,16,91,156,6.37105263157895,6.81740740740741,5.83303571428571,6.1875,6.46153846153846,6.31826923076923,56
"50",2006,2,6.625,4,6.5,6.75,NA,6.5,7,2,2,0,3,1,251,137,114,16,94,157,6.37509960159363,6.81277372262774,5.84912280701754,6.1875,6.46276595744681,6.32261146496815,57
"51",2006,3,7.5,3,7.5,NA,NA,7.75,7,3,0,0,2,1,254,140,114,16,96,158,6.38838582677165,6.8275,5.84912280701754,6.1875,6.48958333333333,6.32689873417721,58
"52",2006,4,6.71428571428571,7,7.33333333333333,6.25,6,7,6.33333333333333,3,4,2,4,3,261,143,118,18,100,161,6.39712643678161,6.83811188811189,5.86271186440678,6.16666666666667,6.51,6.32701863354037,59
"53",2006,5,6.5625,8,7.08333333333333,5,NA,5.75,6.83333333333333,6,2,0,2,6,269,149,120,18,102,167,6.40204460966543,6.84798657718121,5.84833333333333,6.16666666666667,6.49509803921569,6.34520958083832,60
"54",2006,6,6.57142857142857,7,7.25,5.66666666666667,NA,6,6.8,4,3,0,2,5,276,153,123,18,104,172,6.40634057971014,6.85849673202614,5.84390243902439,6.16666666666667,6.48557692307692,6.35843023255814,61
"55",2006,7,6.37,10,6.57142857142857,5.9,NA,6.64,6.1,7,3,0,5,5,286,160,126,18,109,177,6.40506993006993,6.8459375,5.84523809523809,6.16666666666667,6.49266055045872,6.35112994350283,62
"56",2006,8,5.33333333333333,6,6.33333333333333,4.33333333333333,6,7.5,4.25,3,3,1,2,4,292,163,129,19,111,181,6.38304794520548,6.83650306748466,5.81007751937984,6.15789473684211,6.51081081081081,6.30469613259669,63
"57",2006,9,6.45833333333333,12,6.91666666666667,6,8,6.4,6.5,6,6,1,5,7,304,169,135,20,116,188,6.38601973684211,6.83934911242604,5.81851851851852,6.25,6.50603448275862,6.31196808510638,64
"58",2006,10,6.66666666666667,6,7,6.5,NA,6,6.8,2,4,0,1,5,310,171,139,20,117,193,6.39145161290323,6.84122807017544,5.83812949640288,6.25,6.5017094017094,6.32461139896373,65
"59",2006,11,6.5,8,7,5,6,7.5,6.16666666666667,6,2,1,2,6,318,177,141,21,119,199,6.39418238993711,6.84661016949153,5.82624113475177,6.23809523809524,6.51848739495798,6.31984924623116,66
"60",2006,12,6.31153846153846,13,6.21666666666667,6.39285714285714,6,4.25,7.22777777777778,6,7,1,4,9,331,183,148,22,123,208,6.39093655589124,6.82595628415301,5.85304054054054,6.22727272727273,6.44471544715447,6.35913461538462,67
"61",2007,1,6.65384615384615,13,7.16666666666667,6.21428571428571,NA,7.33333333333333,6.45,6,7,0,3,10,344,189,155,22,126,218,6.40087209302326,6.83677248677249,5.86935483870968,6.22727272727273,6.46587301587302,6.36330275229358,68
"62",2007,2,5.740277,10,5.9,5.580554,NA,5.75,5.73784625,5,5,0,2,8,354,194,160,22,128,226,6.38221121468927,6.81262886597938,5.8603298125,6.22727272727273,6.4546875,6.34116269911504,69
"63",2007,3,7.25,4,7,8,8,7,7.33333333333333,3,1,1,1,3,358,197,161,23,129,229,6.39190717877095,6.81548223350254,5.87361968944099,6.30434782608696,6.45891472868217,6.35416056768559,70
"64",2007,4,6.85,12,7.07142857142857,6.54,NA,6.6,7.02857142857143,7,5,0,5,7,370,204,166,23,134,236,6.40676424324324,6.82426470588235,5.89369138554217,6.30434782608696,6.46417910447761,6.37416427966102,71
"65",2007,5,6.175,12,6,6.23333333333333,6.5,5.5,6.31,3,9,3,2,10,382,207,175,26,136,246,6.39948369109948,6.81231884057971,5.91115868571428,6.32692307692308,6.45,6.37155597560976,72
"66",2007,6,6.385,10,5.9,6.87,NA,6.16666666666667,6.47857142857143,5,5,0,3,7,392,212,180,26,139,253,6.39911420918367,6.79080188679245,5.93779316666667,6.32692307692308,6.44388489208633,6.37451687747035,73
"67",2007,7,6.5,6,6,6.6,6.5,6.4,7,1,5,2,5,1,398,213,185,28,144,254,6.40063510050251,6.78708920187793,5.95569064864865,6.33928571428571,6.44236111111111,6.37697940944882,74
"68",2007,8,6.41,10,6.66666666666667,6.025,NA,6.5,6.35,6,4,0,4,6,408,219,189,28,148,260,6.40086463235294,6.7837899543379,5.95715751322751,6.33928571428571,6.44391891891892,6.37635680769231,75
"69",2007,9,6.88888888888889,9,7.16666666666667,6.33333333333333,6,7,6.85714285714286,6,3,2,2,7,417,225,192,30,150,267,6.41139752997602,6.794,5.96303526041666,6.31666666666667,6.45133333333333,6.38896168539326,76
"70",2007,10,5.81666666666667,12,6.25714285714286,5.2,5.5,5.45,6,7,5,2,4,8,429,232,197,32,154,275,6.3947617016317,6.77780172413793,5.94366888324873,6.265625,6.42532467532468,6.37764643636364,77
"71",2007,11,6.23076923076923,13,6.6,6,7,5,6.45454545454545,5,8,2,2,11,442,237,205,34,156,286,6.38993839366516,6.77405063291139,5.94586717073171,6.30882352941176,6.40705128205128,6.38060409090909,78
"72",2007,12,6.30769230769231,13,6.85714285714286,5.66666666666667,NA,7.2,5.75,7,6,0,5,8,455,244,211,34,161,294,6.38758850549451,6.77643442622951,5.93792781990521,6.30882352941176,6.43167701863354,6.36344479591837,79
"73",2008,1,6.00588235294118,17,6.41,5.42857142857143,6.4,6.875,5.73846153846154,10,7,1,4,13,472,254,218,35,165,307,6.37384061440678,6.76200787401575,5.92157233944954,6.31142857142857,6.44242424242424,6.33697970684039,80
"74",2008,2,6.49333333333333,15,6.95,5.58,NA,6.975,6.31818181818182,10,5,0,4,11,487,264,223,35,169,318,6.37752108829569,6.76912878787879,5.91391376681614,6.31142857142857,6.45502958579882,6.3363294654088,81
"75",2008,3,6.3125,12,6.4375,6.0625,NA,7.25,6.125,8,4,0,2,10,499,272,227,35,171,328,6.37595745490982,6.759375,5.91653202643172,6.31142857142857,6.46432748538012,6.32988649390244,82
"76",2008,4,6.5,8,7.1,5.5,NA,6.66666666666667,6.4,5,3,0,3,5,507,277,230,35,174,333,6.37791473372781,6.76552346570397,5.911099,6.31142857142857,6.46781609195402,6.33093924924925,83
"77",2008,5,7.5,2,8,7,NA,8,7,1,1,0,1,1,509,278,231,35,175,334,6.38232371316307,6.76996402877698,5.91581285714286,6.31142857142857,6.47657142857143,6.3329424251497,84
"78",2008,6,6.65714285714286,7,7,5.8,4.6,6,6.76666666666667,5,2,1,1,6,516,283,233,36,176,340,6.38605187984496,6.77402826855124,5.91481875536481,6.26388888888889,6.47386363636364,6.34059638235294,85
"79",2008,7,6.56666666666667,15,6.875,6.21428571428571,6.41666666666667,5.875,6.81818181818182,8,7,6,4,11,531,291,240,42,180,351,6.39115399246704,6.77680412371134,5.92355320833333,6.28571428571429,6.46055555555556,6.35556344729345,86
"80",2008,8,6.61538461538461,13,7.21428571428571,5.91666666666667,5.33333333333333,5.5,7.11111111111111,7,6,3,4,9,544,298,246,45,184,360,6.39651244485294,6.78708053691275,5.92338524390244,6.22222222222222,6.43967391304348,6.37445213888889,87
"81",2008,9,6.35714285714286,14,6.83333333333333,6,5.66666666666667,6.5,6.3,6,8,3,4,10,558,304,254,48,188,370,6.39552467741935,6.78799342105263,5.92579830708661,6.1875,6.44095744680851,6.37243991891892,88
"82",2008,10,5.83333333333333,12,5.78571428571429,5.9,5.5,6,5.75,7,5,1,4,8,570,311,259,49,192,378,6.38368907017544,6.76543408360129,5.92530027027027,6.1734693877551,6.43177083333333,6.35926658730159,89
"83",2008,11,6.96875,16,6.96153846153846,7,5.5,6.83333333333333,7,13,3,2,3,13,586,324,262,51,195,391,6.39966343003413,6.7733024691358,5.93760599236641,6.14705882352941,6.43794871794872,6.38056974424552,90
"84",2008,12,7.03461538461538,13,7.4,6.45,7,6.5,7.13181818181818,8,5,1,2,11,599,332,267,52,197,402,6.41344368948247,6.78840361445783,5.94720138576779,6.16346153846154,6.43857868020305,6.40112629353234,91
"85",2009,1,6.61538461538461,13,6.5,6.875,NA,8,6.5,9,4,0,1,12,612,341,271,52,198,414,6.41773328431372,6.78079178885631,5.9608958302583,6.16346153846154,6.44646464646465,6.40399219806763,92
"86",2009,2,6.00526315789474,19,6.62222222222222,5.45,6,6.83333333333333,5.85,9,10,1,3,16,631,350,281,53,201,430,6.40531342313788,6.77671428571429,5.94271448398576,6.16037735849057,6.45223880597015,6.38337853488372,93
"87",2009,3,6.45238095238095,21,6.92857142857143,6.21428571428571,6,7.25,6.36842105263158,7,14,1,2,19,652,357,295,54,203,449,6.40682940184049,6.7796918767507,5.95560261016949,6.15740740740741,6.46009852216749,6.38274559020044,94
"88",2009,4,6.32,25,6.86,6.185,4,6.5,6.28571428571429,5,20,2,4,21,677,362,315,56,207,470,6.40362299852289,6.78080110497238,5.97016752380952,6.08035714285714,6.46086956521739,6.37841014893617,95
"89",2009,5,6.16111111111111,18,6.65555555555556,5.66666666666667,7,6,6.22307692307692,9,9,1,5,13,695,371,324,57,212,483,6.39734211510791,6.7777628032345,5.96173694444444,6.09649122807018,6.45,6.37422933747412,96
"90",2009,6,5.57894736842105,19,6.11666666666667,5.33076923076923,5.33333333333333,5.75,5.53333333333333,6,13,3,4,15,714,377,337,60,216,498,6.37556410364146,6.76724137931035,5.93739694362018,6.05833333333333,6.43703703703704,6.34890114457831,97
"91",2009,7,6.5,11,7.7,5.5,7,5.7,7.16666666666667,5,6,1,5,6,725,382,343,61,221,504,6.37745209655172,6.7794502617801,5.92974568513119,6.07377049180328,6.42036199095023,6.3586364484127,98
"92",2009,8,6.48571428571429,7,6.4,6.7,7,NA,6.48571428571429,5,2,1,0,7,732,387,345,62,221,511,6.37848739071038,6.77454780361757,5.93421092753623,6.08870967741935,6.42036199095023,6.3603772407045,99
"93",2009,9,5.75,12,5.9,5.64285714285714,6,6,5.72727272727273,5,7,2,1,11,744,392,352,64,222,522,6.36835049731183,6.76339285714286,5.92841696022727,6.0859375,6.41846846846847,6.34703595785441,100
"94",2009,10,6.435,20,6.78333333333333,5.9125,5.15,5.86,6.62666666666667,12,8,2,5,15,764,404,360,66,227,537,6.3700952486911,6.76398514851485,5.92806325,6.05757575757576,6.40616740088106,6.35484687150838,101
"95",2009,11,6.2875,20,6.52083333333333,5.9375,6,7,6.109375,12,8,2,4,16,784,416,368,68,231,553,6.36798822704081,6.75697115384615,5.92826839673913,6.05588235294118,6.41645021645022,6.34774461121157,102
"96",2009,12,6.65,16,6.71428571428571,6.6,6,NA,6.65,7,9,1,0,16,800,423,377,69,231,569,6.3736284625,6.75626477541371,5.94430442970822,6.05507246376812,6.41645021645022,6.35624388400703,103
"97",2010,1,6.69166666666667,12,7.04285714285714,6.2,5,8.3,6.54545454545455,7,5,2,1,11,812,430,382,71,232,580,6.37832853448276,6.76093023255814,5.94765123036649,6.02535211267606,6.42456896551724,6.35983236206896,104
"98",2010,2,6.06,15,6.11111111111111,5.98333333333333,NA,NA,6.06,9,6,0,0,15,827,439,388,71,232,595,6.37255474002418,6.74760820045558,5.94820301546392,6.02535211267606,6.42456896551724,6.35227356302521,105
"99",2010,3,6.34615384615385,13,6.35714285714286,6.33333333333333,NA,5.5,6.5,7,6,0,2,11,840,446,394,71,234,606,6.3721461547619,6.7414798206278,5.95406794416244,6.02535211267606,6.41666666666667,6.3549550660066,106
"100",2010,4,6.625,8,6.33333333333333,6.8,NA,NA,6.625,3,5,0,0,8,848,449,399,71,234,614,6.37453156839622,6.73875278396437,5.96466859649123,6.02535211267606,6.41666666666667,6.35847356677524,107
"101",2010,5,6.82692307692308,13,6.65714285714286,7.025,NA,7.11666666666667,6.74,7,6,0,3,10,861,456,405,71,237,624,6.38136210220673,6.7375,5.98037720987654,6.02535211267606,6.42552742616034,6.3645877724359,108
"102",2010,6,5.75,8,5.8,5.66666666666667,5,5,5.85714285714286,5,3,1,1,7,869,461,408,72,238,631,6.37554979286536,6.72733188720174,5.97807051470588,6.01111111111111,6.41953781512605,6.35895843106181,109
"103",2010,7,6.28571428571429,7,6,6.5,6,NA,6.28571428571429,3,4,1,0,7,876,464,412,73,238,638,6.37483192922374,6.72262931034483,5.98313779126214,6.01095890410959,6.41953781512605,6.35815481191223,110
"104",2010,8,6.79,10,7.11666666666667,6.3,6,6.06666666666667,7.1,6,4,1,3,7,886,470,416,74,241,645,6.37951779909706,6.72765957446808,5.98618454326923,6.01081081081081,6.41514522821577,6.36620584496124,111
"105",2010,9,6.09375,8,6.25,6,NA,5.5,6.29166666666667,3,5,0,2,6,894,473,421,74,243,651,6.37696059284116,6.72463002114165,5.98634862232779,6.01081081081081,6.40761316872428,6.36551884792627,112
"106",2010,10,5.54545454545455,11,7.25,4.57142857142857,2,3.83333333333333,6.1875,4,7,1,3,8,905,477,428,75,246,659,6.36685388950276,6.729035639413,5.96320740654205,5.95733333333333,6.37621951219512,6.3633577693475,113
"107",2010,11,5.69285714285714,14,5.9,5.175,4,3,6.14166666666667,10,4,2,2,12,919,487,432,77,248,671,6.35658625680087,6.71201232032854,5.95590918981481,5.90649350649351,6.34899193548387,6.35939309985097,114
"108",2010,12,6.465,20,6.83076923076923,5.78571428571429,5.5,6.76,6.36666666666667,13,7,2,5,15,939,500,439,79,253,686,6.35889538871139,6.7151,5.95319537585421,5.89620253164557,6.35711462450593,6.35955214285714,115
"109",2011,1,6.97058823529412,17,7.22222222222222,6.6875,7,9,6.84375,9,8,1,1,16,956,509,447,80,254,702,6.36977277196652,6.72406679764244,5.96633729306488,5.91,6.36751968503937,6.37058799145299,116
"110",2011,2,5.6,5,7,5.25,NA,2,6.5,1,4,0,1,4,961,510,451,80,255,706,6.365767710718,6.72460784313725,5.95998396895787,5.91,6.35039215686274,6.37132120396601,117
"111",2011,3,6.03846153846154,13,6.3125,5.6,5.5,6.375,5.88888888888889,8,5,2,4,9,974,518,456,82,259,715,6.36139914784394,6.71824324324324,5.95603677631579,5.9,6.3507722007722,6.36524862937063,118
"112",2011,4,6.125,8,6.4,5.66666666666667,NA,5,6.5,5,3,0,2,6,982,523,459,82,261,721,6.3594732892057,6.71520076481836,5.95414546840958,5.9,6.3404214559387,6.36637,119
"113",2011,5,6.27,10,6.66666666666667,6.1,7,6,6.3,3,7,1,1,9,992,526,466,83,262,730,6.3585713407258,6.71492395437262,5.95633641630901,5.91325301204819,6.33912213740458,6.36555173972603,120
"114",2011,6,6.09166666666667,12,5.72857142857143,6.6,NA,6,6.1,7,5,0,1,11,1004,533,471,83,263,741,6.35538124501992,6.70196998123827,5.96316936305732,5.91325301204819,6.33783269961977,6.36160967611336,121
"115",2011,7,6.26923076923077,13,6.42857142857143,6.08333333333333,5.5,5,6.5,7,6,2,2,11,1017,540,477,85,265,752,6.35428000983284,6.69842592592593,5.96468085953878,5.90352941176471,6.3277358490566,6.36363400265958,122
"116",2011,8,6.32777777777778,18,6.7875,5.96,6.7,6.6,6.27333333333333,8,10,2,3,15,1035,548,487,87,268,767,6.35381910144927,6.69972627737226,5.96458474332649,5.92183908045977,6.33078358208955,6.36186801825293,123
"117",2011,9,5.55,8,4.9,5.94,NA,NA,5.55,3,5,0,0,8,1043,551,492,87,268,775,6.34765366251198,6.68992740471869,5.96433489837398,5.92183908045977,6.33078358208955,6.35348744516129,124
"118",2011,10,6.35944444444444,18,6.81818181818182,5.63857142857143,4.5,6.99,6.23333333333333,11,7,2,3,15,1061,562,499,89,271,790,6.34785369462771,6.69243772241993,5.95976507014028,5.88988764044944,6.33808118081181,6.35120603797468,125
"119",2011,11,6.68181818181818,11,6.8125,6.33333333333333,5.5,NA,6.68181818181818,8,3,2,0,11,1072,570,502,91,271,801,6.35128056902985,6.69412280701754,5.96199754980079,5.88131868131868,6.33808118081181,6.35574627965044,126
"120",2011,12,7.37777777777778,9,7.48571428571429,7,8,8,7.2,7,2,1,2,7,1081,577,504,92,273,808,6.35982679925994,6.70372616984402,5.96611660714285,5.90434782608696,6.35025641025641,6.36306035891089,127
"121",2012,1,6.33333333333333,18,6.78571428571429,4.75,5.5,6,6.375,14,4,1,2,16,1099,591,508,93,275,824,6.35939287534122,6.70566835871404,5.95654088582677,5.9,6.34770909090909,6.36329219660194,128
"122",2012,2,6.16666666666667,9,7,5.75,6,5,6.75,3,6,1,3,6,1108,594,514,94,278,830,6.35782740974729,6.70715488215488,5.95412990272373,5.90106382978723,6.3331654676259,6.3660876746988,129
"123",2012,3,5.82222222222222,9,7.125,4.78,NA,NA,5.82222222222222,4,5,0,0,9,1117,598,519,94,278,839,6.35351188003581,6.70994983277592,5.94281843930636,5.90106382978723,6.3331654676259,6.36025359952324,130
"124",2012,4,6.55,12,6.83333333333333,6.26666666666667,NA,6.16666666666667,6.67777777777778,6,6,0,3,9,1129,604,525,94,281,848,6.35560032772365,6.71117549668874,5.94651956190476,5.90106382978723,6.33138790035587,6.3636235495283,131
"125",2012,5,6.49,10,6.7,6,NA,6,6.6125,7,3,0,2,8,1139,611,528,94,283,856,6.35678030728709,6.71104746317512,5.9468234280303,5.90106382978723,6.32904593639576,6.36594949766355,132
"126",2012,6,5.92857142857143,7,6,5.9,6,5.66666666666667,6.125,2,5,1,3,4,1146,613,533,95,286,860,6.35416472076789,6.70872756933116,5.94638418386491,5.9021052631579,6.3220979020979,6.36482880232558,133
"127",2012,7,5.335,4,NA,5.335,3,2,6.44666666666667,0,4,2,1,3,1150,613,537,97,287,863,6.3506198,6.70872756933116,5.94183011173184,5.84226804123711,6.30703832752613,6.36511329084589,134
"128",2012,8,5.778125,16,6.125,5.57,4.7,5.25,5.85357142857143,6,10,4,2,14,1166,619,547,101,289,877,6.34276395368782,6.70306946688207,5.93503248628885,5.7970297029703,6.299723183391,6.35694728620296,135
"129",2012,9,5.69,10,6.33333333333333,5.41428571428571,NA,4,5.87777777777778,3,7,0,1,9,1176,622,554,101,290,886,6.33721323979591,6.70128617363344,5.9284526534296,5.7970297029703,6.29179310344828,6.3520798758465,136
"130",2012,10,6.6,11,7.75,5.22,NA,4.3,7.11111111111111,6,5,0,2,9,1187,628,559,101,292,895,6.33964850042123,6.71130573248408,5.92211586762075,5.7970297029703,6.27815068493151,6.35971259217877,137
"131",2012,11,6.6875,8,7.75,5.625,6.16666666666667,5.5,7.08333333333333,4,4,3,2,6,1195,632,563,104,294,901,6.34197721338912,6.71787974683544,5.92000492007105,5.80769230769231,6.27285714285714,6.36453137624861,138
"132",2012,12,6.33333333333333,15,6.54166666666667,5.5,6,6.5,6.30769230769231,12,3,1,2,13,1210,644,566,105,296,914,6.34187005785124,6.71459627329193,5.91777874558304,5.80952380952381,6.27439189189189,6.36372294310722,139
"133",2013,1,6.56842105263158,19,7.15,5.57142857142857,6,4.25,6.84117647058823,12,7,3,2,17,1229,656,573,108,298,931,6.34537247355573,6.72256097560976,5.91354759162303,5.81481481481481,6.26080536912752,6.37244121374866,140
"134",2013,2,6.45454545454545,11,6.5,6.41666666666667,NA,6.75,6.38888888888889,5,6,0,2,9,1240,661,579,108,300,940,6.34634094354838,6.72087745839637,5.91876126079447,5.81481481481481,6.26406666666667,6.37259869148936,141
"135",2013,3,6.24166666666667,12,6.77142857142857,5.5,5.75,6.5,6.21818181818182,7,5,2,1,11,1252,668,584,110,301,951,6.34533767571885,6.72140718562874,5.9151759760274,5.81363636363636,6.26485049833887,6.37081258675079,142
"136",2013,4,6.58235294117647,17,6.825,6.36666666666667,5.45,5.9,6.67333333333333,8,9,4,2,15,1269,676,593,114,303,966,6.34851282111899,6.72263313609467,5.92202827993254,5.80087719298246,6.26244224422442,6.37551011387164,143
"137",2013,5,5.44285714285714,7,6,5.22,4,5,5.51666666666667,2,5,1,1,6,1276,678,598,115,304,972,6.34354449059561,6.72050147492625,5.91615847826087,5.78521739130435,6.25828947368421,6.37020861111111,144
"138",2013,6,5.6,5,7,4.66666666666667,NA,5,6,2,3,0,2,3,1281,680,601,115,306,975,6.34064228727556,6.72132352941177,5.90992141430948,5.78521739130435,6.25006535947712,6.36906950769231,145
"139",2013,7,6.18571428571429,7,6.5,5.76666666666667,NA,8,5.88333333333333,4,3,0,1,6,1288,684,604,115,307,981,6.33980028726708,6.72002923976608,5.90920988410596,5.78521739130435,6.2557654723127,6.36609864424057,146
"140",2013,8,6.11538461538461,13,6.5,5.78571428571429,6,5.83333333333333,6.2,6,7,1,3,10,1301,690,611,116,310,991,6.33755785549577,6.71811594202899,5.90779504091653,5.78706896551724,6.25167741935484,6.36442257315843,147
"141",2013,9,5.6875,8,5.75,5.625,5.66666666666667,6.16666666666667,5.4,4,4,3,3,5,1309,694,615,119,313,996,6.33358500381971,6.71253602305475,5.90595572357723,5.78403361344538,6.25086261980831,6.35958109437751,148
"142",2013,10,5.75,10,6.125,5.5,NA,5.5,5.8125,4,6,0,2,8,1319,698,621,119,315,1004,6.32916055344958,6.70916905444126,5.90203344605475,5.78403361344538,6.24609523809524,6.35522188247012,149
"143",2013,11,6.245,20,6.46666666666667,5.9125,5.66666666666667,4.5,6.43888888888889,12,8,3,2,18,1339,710,629,122,317,1022,6.32790348767737,6.70507042253521,5.90216656597774,5.78114754098361,6.23507886435331,6.35669546966732,150
"144",2013,12,6.1375,16,7,5.46666666666667,6,6.64,5.90909090909091,7,9,3,5,11,1355,717,638,125,322,1033,6.3256551808118,6.70794979079498,5.89602315047022,5.7864,6.24136645962733,6.35192910939013,151
"145",2014,1,5.84615384615385,13,6.25,5.2,5,5.66666666666667,5.9,8,5,1,3,10,1368,725,643,126,325,1043,6.32109851608187,6.70289655172414,5.89061083981337,5.78015873015873,6.23606153846154,6.34759613614573,152
"146",2014,2,6.35555555555556,9,6,6.53333333333333,6,6.5,6.31428571428571,3,6,1,2,7,1377,728,649,127,327,1050,6.32132372549019,6.7,5.89655280431433,5.78188976377953,6.23767584097859,6.34737406666667,153
"147",2014,3,6.39583333333333,12,6.64285714285714,6.05,5,7.0625,6.0625,7,5,1,4,8,1389,735,654,128,331,1058,6.32196743700504,6.69945578231293,5.89772594801223,5.77578125,6.24764350453172,6.3452200094518,154
"148",2014,4,6.975,8,7.4,6.83333333333333,NA,6,7.11428571428571,2,6,0,1,7,1397,737,660,128,332,1065,6.32570706513958,6.70135685210312,5.90623146969697,5.77578125,6.24689759036145,6.35027490140845,155
"149",2014,5,6.21428571428571,7,6,6.5,NA,6,6.25,4,3,0,1,6,1404,741,663,128,333,1071,6.32515154558404,6.69757085020243,5.9089182051282,5.77578125,6.24615615615616,6.3497131372549,156
"150",2014,6,6.75,8,7.08333333333333,5.75,NA,8,6.57142857142857,6,2,0,1,7,1412,747,665,128,334,1078,6.32755861898017,6.70066934404284,5.90844025563909,5.77578125,6.25140718562874,6.35115284786642,157
"151",2014,7,5.78571428571429,7,6.66666666666667,5.125,6,4,6.08333333333333,3,4,1,1,6,1419,750,669,129,335,1084,6.32488567300916,6.70053333333333,5.90375600896861,5.77751937984496,6.24468656716418,6.34967045202952,158
"152",2014,8,6.85454545454545,11,6.75,6.91428571428571,6.7,7.66666666666667,6.55,4,7,2,3,8,1430,754,676,131,338,1092,6.32895997902098,6.70079575596817,5.91422007396449,5.79160305343511,6.25730769230769,6.35113806776557,159
"153",2014,9,7,14,7.77777777777778,5.6,6.5,6,7.27272727272727,9,5,2,3,11,1444,763,681,133,341,1103,6.33546590720221,6.71349934469201,5.91191302496329,5.80225563909774,6.2550439882698,6.36032889392566,160
"154",2014,10,5.9,15,6.0625,5.71428571428571,NA,NA,5.9,8,7,0,0,15,1459,771,688,133,341,1118,6.33098887594242,6.70674448767834,5.90990228197674,5.80225563909774,6.2550439882698,6.35415274597495,161
"155",2014,11,5.9,8,6.33333333333333,5.64,6,3.5,6.7,3,5,1,2,6,1467,774,693,134,343,1124,6.32863856169052,6.70529715762274,5.90795493506493,5.80373134328358,6.23897959183674,6.35599890569395,162
"156",2014,12,5.61538461538461,13,5.5,5.63636363636364,5.6,5.75,5.55555555555556,2,11,5,4,9,1480,776,704,139,347,1133,6.32237349324324,6.70219072164948,5.90371132102273,5.79640287769784,6.23334293948127,6.34964057369815,163
"157",2015,1,6.83636363636364,11,7.12,4,NA,7.125,6.67142857142857,10,1,0,4,7,1491,786,705,139,351,1140,6.32616550637156,6.70750636132316,5.90101102127659,5.79640287769784,6.24350427350427,6.35161646491228,164
"158",2015,2,6.16,5,7.26666666666667,4.5,NA,7.3,5.875,3,2,0,1,4,1496,789,707,139,352,1144,6.32561014037433,6.70963244613435,5.89704776520509,5.79640287769784,6.24650568181818,6.34994997377622,165
"159",2015,3,5.54,4,6,5.38666666666667,5.66,6,5.38666666666667,1,3,1,1,3,1500,790,710,140,353,1147,6.32351518,6.70873417721519,5.89489122535211,5.79542857142857,6.2458073654391,6.34743048823016,166
"160",2015,4,5.76923076923077,13,6.33333333333333,5.6,5.33333333333333,5.25,6,3,10,3,4,9,1513,793,720,143,357,1156,6.3187526569729,6.70731399747793,5.89079551388889,5.78573426573427,6.23464985994398,6.34472557958477,167
"161",2015,5,6.025,8,6.86666666666667,3.5,NA,3.75,6.78333333333333,6,2,0,2,6,1521,799,722,143,359,1162,6.3172076068376,6.70851063829787,5.88417281163435,5.78573426573427,6.2208077994429,6.34699033562823,168
"162",2015,6,5.88,10,6.06,5.7,6,6.125,5.71666666666667,5,5,1,4,6,1531,804,727,144,363,1168,6.31435190725016,6.7044776119403,5.88290614855571,5.78722222222222,6.2197520661157,6.34375237157534,169
"163",2015,7,5.33333333333333,6,5.4,5,NA,5,5.5,5,1,0,2,4,1537,809,728,144,365,1172,6.31052229668185,6.6964153275649,5.88169336538461,5.78722222222222,6.21306849315069,6.34087267064846,170
"164",2015,8,5.625,8,6.33333333333333,5.2,NA,3,6,3,5,0,1,7,1545,812,733,144,366,1179,6.30697266666666,6.69507389162562,5.87704334242837,5.78722222222222,6.20428961748634,6.33884882951654,171
"165",2015,9,6.38461538461539,13,7.34285714285714,5.26666666666667,3,NA,6.38461538461539,7,6,1,0,13,1558,819,739,145,366,1192,6.3076205198973,6.7006105006105,5.87208764546684,5.768,6.20428961748634,6.33934796140939,172
"166",2015,10,5.81176470588235,17,5.75384615384615,6,NA,5.6,5.9,13,4,0,5,12,1575,832,743,145,371,1204,6.30226842539682,6.68581730769231,5.87277627187079,5.768,6.19614555256065,6.33496907807309,173
"167",2015,11,6.19722222222222,18,6.75,5.50625,5.5,5.66666666666667,6.30333333333333,10,8,2,3,15,1593,842,751,147,374,1219,6.30108146264909,6.68657957244656,5.86887186418109,5.7643537414966,6.19189839572193,6.33457979491386,174
"168",2015,12,5.91111111111111,9,6.625,5.34,6.5,5.63333333333333,6.05,4,5,2,3,6,1602,846,756,149,377,1225,6.29889061797753,6.68628841607565,5.86537403439153,5.77422818791946,6.18745358090186,6.33318593469388,175
"169",2016,1,6.15555555555556,27,6.34666666666667,5.91666666666667,6.1,5.33333333333333,6.25833333333333,15,12,5,3,24,1629,861,768,154,380,1249,6.29651489871086,6.68037166085947,5.86617548177083,5.78480519480519,6.18071052631579,6.33174761409127,176
"170",2016,2,6.44,5,6.55,6,NA,6,6.55,4,1,0,1,4,1634,865,769,154,381,1253,6.29695395960832,6.67976878612717,5.86634950585175,5.78480519480519,6.18023622047244,6.33244434956105,177
"171",2016,3,7.06153846153846,13,7.75714285714286,6.25,6.33333333333333,7.875,6.7,7,6,3,4,9,1647,872,775,157,385,1262,6.3029889313904,6.68841743119266,5.8693197032258,5.79528662420382,6.19784415584416,6.33506558637084,178
"172",2016,4,5.78,10,5.5,5.96666666666667,4,6.6,5.68888888888889,4,6,1,1,9,1657,876,781,158,386,1271,6.29983269161134,6.68299086757991,5.87006756722151,5.78392405063291,6.1988860103627,6.33048998426436,179
"173",2016,5,5.69230769230769,13,6.38888888888889,4.125,5.5,5.25,5.77272727272727,9,4,1,2,11,1670,885,785,159,388,1282,6.29510345508982,6.68,5.86117550318471,5.78213836477987,6.19399484536083,6.32570418876755,180
"174",2016,6,6.33461538461538,13,7.19375,4.96,4,4,6.75909090909091,8,5,2,2,11,1683,893,790,161,390,1293,6.29540865715983,6.68460246360582,5.85547186075949,5.76,6.18274358974359,6.32939116009281,181
"175",2016,7,5.95625,16,6.58333333333333,5.58,6,5,6.02,6,10,1,1,15,1699,899,800,162,391,1308,6.29221469688051,6.68392658509455,5.8520284625,5.76148148148148,6.17971867007673,6.32584309633027,182
"176",2016,8,6.25,12,6.5,6,NA,5,6.36363636363636,6,6,0,1,11,1711,905,806,162,392,1319,6.29191862653419,6.68270718232044,5.85312998759305,5.76148148148148,6.17670918367347,6.32615827899924,183
"177",2016,9,6.15,16,6.84,5,6,6.98,5.77272727272727,10,6,1,5,11,1727,915,812,163,397,1330,6.29060380428488,6.6844262295082,5.84682607142857,5.76294478527607,6.18682619647355,6.32158103007519,184
"178",2016,10,6.195,20,6.375,6.075,7,6.3,6.18333333333333,8,12,2,2,18,1747,923,824,165,399,1348,6.28950931310818,6.681744312026,5.85014899271845,5.77793939393939,6.18739348370927,6.3197349925816,185
"179",2016,11,6.25,10,6.5,6.08333333333333,5,6.33333333333333,6.21428571428571,4,6,1,3,7,1757,927,830,166,402,1355,6.28928444507683,6.68096008629989,5.8518346626506,5.77325301204819,6.18848258706468,6.31919023616236,186
"180",2016,12,5.80888888888889,18,6,5.57,5.35333333333333,5.18666666666667,5.93333333333333,10,8,3,3,15,1775,937,838,169,405,1370,6.28441282816901,6.67369263607257,5.84914411694511,5.76579881656805,6.18106172839506,6.31496552554744,187
"181",2017,1,6.14444444444444,18,6.5,5.91818181818182,NA,2.55,6.59375,7,11,0,2,16,1793,944,849,169,407,1386,6.28300767986614,6.67240466101695,5.850038598351,5.76579881656805,6.16321867321867,6.31818381673881,188
"182",2017,2,6.81538461538462,13,6.97777777777778,6.45,6.15,6.5,6.84166666666667,9,4,2,1,12,1806,953,853,171,408,1398,6.28683985049834,6.67528856243442,5.85285201641266,5.77029239766082,6.16404411764706,6.32267723175965,189
"183",2017,3,6.04285714285714,7,7.575,4,NA,5.5,6.26,4,3,0,2,5,1813,957,856,171,410,1403,6.28589783232211,6.67904911180773,5.84635837616822,5.77029239766082,6.16080487804878,6.32245386315039,190
"184",2017,4,5.75238095238095,21,6.1,5.43636363636364,4.96666666666667,5.7,5.7578947368421,10,11,6,2,19,1834,967,867,177,412,1422,6.27978886041439,6.67306101344364,5.84115659746251,5.74305084745762,6.15856796116505,6.31491052742616,191
"185",2017,5,6.11333333333333,15,6.5875,5.57142857142857,6,3,6.33571428571429,8,7,2,1,14,1849,975,874,179,413,1436,6.27843849107625,6.67235897435897,5.83899630434783,5.74592178770949,6.1509200968523,6.31511334958217,192
"186",2017,6,6.16666666666667,12,6.66666666666667,5.66666666666667,6,5.75,6.25,6,6,2,2,10,1861,981,880,181,415,1446,6.27771777001612,6.67232415902141,5.83782132954545,5.74872928176795,6.14898795180723,6.31466304979253,193
"187",2017,7,5.75,12,6.1875,4.875,5.5,5.625,5.8125,8,4,1,4,8,1873,989,884,182,419,1454,6.27433676988788,6.66840242669363,5.8334646719457,5.74736263736263,6.14398568019093,6.31190011691884,194
"188",2017,8,6.43684210526316,19,6.38,6.5,7.5,6.375,6.45333333333333,10,9,3,4,15,1892,999,893,185,423,1469,6.27596869450317,6.66551551551552,5.84018227323628,5.77578378378378,6.14617021276596,6.31334429543907,195
"189",2017,9,5.93636363636364,11,6.05,5.8,NA,5.5,5.98,6,5,0,1,10,1903,1005,898,185,424,1479,6.27400565948502,6.6618407960199,5.83995854120267,5.77578378378378,6.1446462264151,6.31109044624746,196
"190",2017,10,5.6,11,6.6,4.76666666666667,5.5,5.33333333333333,5.7,5,6,2,3,8,1914,1010,904,187,427,1487,6.27013206374085,6.66153465346535,5.83283492256637,5.77283422459893,6.13894613583138,6.30780280430397,197
"191",2017,11,6.45374074074074,27,6.68755,5.78571428571429,5.625,6.75,6.40221739130435,20,7,4,4,23,1941,1030,911,191,431,1510,6.27268612570839,6.66203980582524,5.83247285400659,5.76973821989528,6.14461716937355,6.30924090728477,198
"192",2017,12,5.86111111111111,18,6.33333333333333,5.38888888888889,6,5.5,5.90625,9,9,1,2,16,1959,1039,920,192,433,1526,6.26890442572741,6.65919249278152,5.82813344565217,5.7709375,6.14163972286374,6.30501557667103,199
"193",2018,1,6.06470588235294,17,6.61,5.28571428571429,4,7.4,5.88666666666667,10,7,1,2,15,1976,1049,927,193,435,1541,6.26714765688259,6.65872354623451,5.82403750809062,5.76176165803108,6.14742528735632,6.30094339390006,200
"194",2018,2,6.41916666666667,12,7.12875,5,4,5.75,6.75375,8,4,1,4,8,1988,1057,931,194,439,1549,6.26806527665996,6.66228098391675,5.82049706766917,5.75268041237113,6.14380410022779,6.30328196901226,201
"195",2018,3,6.375,4,6,6.75,6.75,5.5,6.66666666666667,2,2,2,1,3,1992,1059,933,196,440,1552,6.26828000502008,6.66103021718602,5.82248957127546,5.76285714285714,6.14234090909091,6.3039843878866,202
"196",2018,4,6.3625,16,7.05555555555556,5.47142857142857,5,NA,6.3625,9,7,1,0,16,2008,1068,940,197,440,1568,6.26903076195219,6.66435486891386,5.81987528723404,5.7589847715736,6.14234090909091,6.30458148596939,203
"197",2018,5,6.01666666666667,12,5.91111111111111,6.33333333333333,6,7,5.92727272727273,9,3,2,1,11,2020,1077,943,199,441,1579,6.26753156930693,6.65806035283194,5.82150876988335,5.76140703517588,6.14428571428572,6.30195298923369,204
"198",2018,6,5.375,12,5.5,5.3125,5.1,5.5,5.35,4,8,5,2,10,2032,1081,951,204,443,1589,6.26226071358267,6.65377520814061,5.81722688748686,5.74519607843137,6.1413769751693,6.29596209565764,205
"199",2018,7,6.25,6,6.3,6,NA,7.5,6,5,1,0,1,5,2038,1086,952,204,444,1594,6.26222461727183,6.65214640883978,5.81741887605042,5.74519607843137,6.14443693693694,6.2950337327478,206
"200",2018,8,5.83333333333333,15,6.24444444444444,5.21666666666667,NA,7,5.65384615384615,9,6,0,2,13,2053,1095,958,204,446,1607,6.25909097418412,6.64879543378995,5.81365633611691,5.74519607843137,6.1482735426009,6.28984677660236,207
"201",2018,9,6.3125,8,6,6.83333333333333,NA,6,6.35714285714286,5,3,0,1,7,2061,1100,961,204,447,1614,6.2592982872392,6.64584636363636,5.81683951092612,5.74519607843137,6.1479418344519,6.29013864312267,208
"202",2018,10,5.99090909090909,11,6.35714285714286,5.35,NA,7,5.89,7,4,0,1,10,2072,1107,965,204,448,1624,6.25787344111969,6.64402077687444,5.81490442487047,5.74519607843137,6.14984375,6.28767473522167,209
"203",2018,11,6.35714285714286,7,6.25,7,NA,7,6.25,6,1,0,1,6,2079,1113,966,204,449,1630,6.25820768157768,6.64189667565139,5.81613123188406,5.74519607843137,6.15173719376392,6.28753605521472,210
"204",2018,12,6.38666666666667,15,6.54545454545455,5.95,5,5,6.48571428571429,11,4,2,1,14,2094,1124,970,206,450,1644,6.25912787488061,6.64095284697509,5.81668326804124,5.73796116504854,6.14917777777778,6.28922370437956,211
"205",2019,1,6.53333333333333,15,6.81818181818182,5.75,6,7.33333333333333,6.33333333333333,11,4,2,3,12,2109,1135,974,208,453,1656,6.26107812707444,6.6426704845815,5.81640941478439,5.74048076923077,6.15701986754967,6.28954333937198,212
"206",2019,2,6.6875,16,7.0625,6.3125,5.75,6.5,6.71428571428571,8,8,4,2,14,2125,1143,982,212,455,1670,6.26428883294117,6.64560892388451,5.82045088594705,5.74066037735849,6.15852747252747,6.29310405389221,213
"207",2019,3,6.12,15,6.25714285714286,6,5.83333333333333,5.16666666666667,6.35833333333333,7,8,3,3,12,2140,1150,990,215,458,1682,6.26327746261682,6.64324434782609,5.82190178787879,5.74195348837209,6.15203056768559,6.29356942330558,214
"208",2019,4,6.24,10,6.83333333333333,5.35,5,6.5,6.06666666666667,6,4,1,4,6,2150,1156,994,216,462,1688,6.26316919534884,6.64423096885813,5.82000278672032,5.73851851851852,6.15504329004329,6.29276289691943,215
"209",2019,5,6.64285714285714,7,6.75,6,6,8,6.41666666666667,6,1,1,1,6,2157,1162,995,217,463,1694,6.26440137691238,6.64477710843374,5.82018368844221,5.73972350230414,6.15902807775378,6.29320175324675,216
"210",2019,6,5.40714285714286,14,7.04,4.5,3,3,5.80833333333333,5,9,1,2,12,2171,1167,1004,218,465,1706,6.25887322432059,6.646470437018,5.80834937250996,5.72715596330275,6.14544086021505,6.28979118991793,217
"211",2019,7,5.8,15,6.33333333333333,5,NA,1,6.14285714285714,9,6,0,1,14,2186,1176,1010,218,466,1720,6.25572450594693,6.64407397959184,5.8035472970297,5.72715596330275,6.1343991416309,6.28859521511628,218
"212",2019,8,5.8,15,5.75,5.9,NA,6.1,5.65,10,5,0,5,10,2201,1186,1015,218,471,1730,6.25261870513403,6.63653541315346,5.80402243349754,5.72715596330275,6.13403397027601,6.28490391329479,219
"213",2019,9,5.92,10,6.31428571428571,5,3,NA,5.92,7,3,1,0,10,2211,1193,1018,219,471,1740,6.25111432383537,6.63464459346186,5.80165301571709,5.71470319634703,6.13403397027601,6.28280676436781,220
"214",2019,10,6.24,10,6.2,6.3,7.06666666666667,5.25,6.4875,6,4,3,2,8,2221,1199,1022,222,473,1748,6.25106428185502,6.63246955796497,5.80360349315068,5.73297297297297,6.13029598308668,6.28374357551487,221
"215",2019,11,6.07692307692308,13,6.6,4.33333333333333,NA,6,6.09090909090909,10,3,0,2,11,2234,1209,1025,222,475,1759,6.25005092658908,6.63220099255583,5.79930026341463,5.73297297297297,6.12974736842105,6.28253767481523,222
"216",2019,12,6.20454545454545,11,6.64285714285714,5.4375,4.5,5,6.47222222222222,7,4,2,2,9,2245,1216,1029,224,477,1768,6.24982795991091,6.63226233552632,5.7978938483965,5.72196428571428,6.12501048218029,6.28350326357466,223
"217",2020,1,6.06153846153846,26,6.41764705882353,5.38888888888889,4.5,5.8,6.12380952380952,17,9,1,5,21,2271,1233,1038,225,482,1789,6.2476722897402,6.62930332522303,5.79434756262042,5.71653333333333,6.12163900414938,6.28162871436557,224
"218",2020,2,6.42111111111111,18,6.66,5.8,NA,6,6.44588235294118,13,5,0,1,17,2289,1246,1043,225,483,1806,6.24903615989515,6.62962359550562,5.79437465963567,5.71653333333333,6.12138716356108,6.28317484496124,225
"219",2020,3,5.1,10,4.75,5.33333333333333,4.5,NA,5.1,4,6,2,0,10,2299,1250,1049,227,483,1816,6.24403817746846,6.6236088,5.79173762631077,5.70581497797357,6.12138716356108,6.27665956497797,226
"220",2020,4,6.5,10,7.14285714285714,5,4,6.6,6.4,7,3,2,5,5,2309,1257,1052,229,488,1821,6.24514671719359,6.62650039777247,5.78947981939163,5.69091703056768,6.12629098360656,6.27699822624931,227
"221",2020,5,6,19,6.33333333333333,5.7,6,7,5.94444444444444,9,10,2,1,18,2328,1266,1062,231,489,1839,6.24314594931271,6.62441627172196,5.78863725988701,5.69359307359307,6.12807770961145,6.2737432137031,228
"222",2020,6,5.73181818181818,11,6.46,5.125,NA,6.3,5.675,5,6,0,1,10,2339,1271,1068,231,490,1849,6.24074124412142,6.62376947285602,5.78490896067416,5.69359307359307,6.12842857142857,6.27050501352082,229
"223",2020,7,6.14285714285714,7,6.4,5.5,NA,NA,6.14285714285714,5,2,0,0,7,2346,1276,1070,231,490,1856,6.2404491773231,6.62289263322884,5.78437642056075,5.69359307359307,6.12842857142857,6.27002358297414,230
"224",2020,8,6.19925933333333,15,6.71269857142857,5.75,5.66666666666667,NA,6.19925933333333,7,8,3,0,15,2361,1283,1078,234,490,1871,6.24018748835239,6.62338261106781,5.78412130797774,5.69324786324786,6.12842857142857,6.26945625868519,231
"225",2020,9,6.36666666666667,15,6.5,6.1,7,6.5,6.34615384615385,10,5,1,2,13,2376,1293,1083,235,492,1884,6.24098596801347,6.62242837587007,5.78557965835642,5.69880851063829,6.12993902439025,6.26998548832272,232
"226",2020,10,5.72916666666667,24,5.88461538461539,5.54545454545455,5.5,5,5.79545454545455,13,11,3,2,22,2400,1306,1094,238,494,1906,6.235867775,6.6150841424196,5.78316523765996,5.6963025210084,6.12536437246964,6.26450821615949,233
"227",2020,11,5.56521739130435,23,5.64285714285714,5.44444444444444,NA,6,5.52380952380952,14,9,0,2,21,2423,1320,1103,238,496,1927,6.2295017168799,6.60477264393939,5.78040142339075,5.6963025210084,6.12485887096774,6.25643625324338,234
"228",2020,12,6.36363636363636,11,6.6,6.16666666666667,6.66666666666667,NA,6.36363636363636,5,6,3,0,11,2434,1325,1109,241,496,1938,6.23010791290057,6.60475463396226,5.78249122633003,5.70838174273859,6.12485887096774,6.25704471620227,235
"229",2021,1,6.42105263157895,19,6.5,6,6,5,6.8,16,3,1,4,15,2453,1341,1112,242,500,1953,6.23158689767631,6.60350476510067,5.78307803057554,5.7095867768595,6.11586,6.2612148796723,236
"230",2021,2,7.05,10,7.4,6.7,5.5,NA,7.05,5,5,1,0,10,2463,1346,1117,243,500,1963,6.23490972797401,6.6064635141159,5.78718242614145,5.70872427983539,6.11586,6.26523314314824,237
"231",2021,3,6.42857142857143,14,6.5,6,6,6.33333333333333,6.45454545454545,12,2,1,3,11,2477,1358,1119,244,503,1974,6.23600430359306,6.6055227466863,5.7875627971403,5.70991803278688,6.11715705765408,6.26628807497467,238
"232",2021,4,5.8625,16,6.18,5.33333333333333,4,7,5.6,10,6,1,3,13,2493,1368,1125,245,506,1987,6.23360716405936,6.6024122002924,5.78514024,5.7029387755102,6.12239130434783,6.26192886763966,239
"233",2021,5,6.69230769230769,13,6.9,6,6,NA,6.69230769230769,10,3,2,0,13,2506,1378,1128,247,506,2000,6.23598669592977,6.60457176342525,5.78571167553191,5.70534412955465,6.12239130434783,6.26472633,240
"234",2021,6,5.54285714285714,7,6.33333333333333,4.95,4,NA,5.54285714285714,3,4,1,0,7,2513,1381,1132,248,506,2007,6.23405597294071,6.6039825416365,5.78275863074205,5.69846774193548,6.12239130434783,6.26220859990035,241
"235",2021,7,5.86666666666667,15,6.71428571428571,5.125,5,NA,5.86666666666667,7,8,2,0,15,2528,1388,1140,250,506,2022,6.23187605221519,6.60453882564841,5.77814278070175,5.69288,6.12239130434783,6.25927431256182,242
"236",2021,8,6.5304347826087,23,7.20555555555556,4.1,4.5,6.1875,6.71333333333333,18,5,2,8,15,2551,1406,1145,252,514,2037,6.23456787926303,6.61223320768137,5.77081464628821,5.6834126984127,6.1234046692607,6.26261789887089,243
"237",2021,9,5.5625,8,6.375,4.75,5,4.25,6,4,4,2,2,6,2559,1410,1149,254,516,2043,6.23246684642438,6.61156020567376,5.76726089643168,5.67803149606299,6.11614341085271,6.26184662750856,244
"238",2021,10,6.64444444444444,9,6.82857142857143,6,NA,NA,6.64444444444444,7,2,0,0,9,2568,1417,1151,254,516,2052,6.23391069314641,6.61263224417784,5.76766530842745,5.67803149606299,6.11614341085271,6.26352468810916,245
"239",2021,11,6,9,6.25,5.8,6,NA,6,4,5,1,0,9,2577,1421,1156,255,516,2061,6.23309377570818,6.61161146375792,5.76780516435986,5.67929411764706,6.11614341085271,6.26237392527899,246
"240",2021,12,5.08888888888889,9,4.95,5.2,6,3.5,5.54285714285714,4,5,1,2,7,2586,1425,1161,256,518,2068,6.22911162412993,6.60694729122807,5.76535983634798,5.680546875,6.10604247104247,6.25993842359768,247
"241",2022,1,5.96845454545455,22,6.05373333333333,5.78571428571429,6,5.3,6.16505882352941,15,7,1,5,17,2608,1440,1168,257,523,2085,6.2269128297546,6.60118464583333,5.76548182363014,5.68178988326848,6.09833652007648,6.25916482494005,248
"242",2022,2,5.78571428571429,14,5.81818181818182,5.66666666666667,NA,4,5.92307692307692,11,3,0,1,13,2622,1451,1171,257,524,2098,6.22455707856598,6.59524871812543,5.76522866780529,5.68178988326848,6.0943320610687,6.25708229742612,249
"243",2022,3,6.22,15,6.44166666666667,5.33333333333333,NA,6.25,6.20909090909091,12,3,0,4,11,2637,1463,1174,257,528,2109,6.22453115661736,6.59398898838004,5.76412501703577,5.68178988326848,6.09551136363636,6.25683198672356,250
"244",2022,4,5.80857142857143,7,6.2,4.83,NA,5.66,5.83333333333333,5,2,0,1,6,2644,1468,1176,257,529,2115,6.22342990166414,6.5926470640327,5.76253636904762,5.68178988326848,6.09468809073724,6.25563057210402,251
"245",2022,5,6.41666666666667,12,6.61111111111111,5.83333333333333,NA,6,6.45454545454545,9,3,0,1,11,2656,1477,1179,257,530,2126,6.22430295933735,6.59275957345971,5.76271651399491,5.68178988326848,6.09450943396227,6.25665976481655,252
"246",2022,6,6.54545454545455,11,8,5.33333333333333,3,7,6.375,5,6,1,3,8,2667,1482,1185,258,533,2134,6.22562754405699,6.59750734817814,5.76054242194093,5.67139534883721,6.09960600375235,6.25710340206185,253
"247",2022,7,5.85714285714286,14,5.84615384615385,6,NA,5.66666666666667,5.90909090909091,13,1,0,3,11,2681,1495,1186,258,536,2145,6.22370334203655,6.59097383946488,5.76074432546374,5.67139534883721,6.0971828358209,6.25531872261072,254
"248",2022,8,6.5,15,7.25,5.64285714285714,5.16666666666667,8,5.75,8,7,3,5,10,2696,1503,1193,261,541,2155,6.2252406008902,6.59448163007319,5.76005261525566,5.6655938697318,6.11476894639557,6.25297385614849,255
"249",2022,9,6.5,13,7.25,5.85714285714286,5.5,7,6.45833333333333,6,7,4,1,12,2709,1509,1200,265,542,2167,6.22655912144702,6.59708806494367,5.760618975,5.66309433962264,6.11640221402214,6.2541110567605,256
"250",2022,10,5.96428571428571,14,6.61111111111111,4.8,NA,5,6.03846153846154,9,5,0,1,13,2723,1518,1205,265,543,2180,6.22521067205288,6.5971712055336,5.75663300414938,5.66309433962264,6.11434622467772,6.25282507339449,257
"251",2022,11,6.44375,16,6.275,6.95,NA,6,6.50714285714286,12,4,0,2,14,2739,1530,1209,265,545,2194,6.2264872800292,6.59464437254902,5.76058128205128,5.66309433962264,6.11392660550459,6.25444788514129,258
"252",2022,12,6.1,10,6.16666666666667,6,6,NA,6.1,6,4,1,0,10,2749,1536,1213,266,545,2204,6.22602715896689,6.59297258463542,5.76137079142622,5.66436090225564,6.11392660550459,6.25374712341198,259
