"","year","month","avg_rating","no_ratings","avg_rating_owned","avg_rating_not_owned","avg_rating_prev_owned","avg_rating_comment","avg_rating_no_comment","no_ratings_owned","no_ratings_not_owned","no_ratings_prev_owned","no_ratings_comment","no_ratings_no_comment","cum_no_ratings","cum_no_ratings_owned","cum_no_ratings_not_owned","cum_no_ratings_prev_owned","cum_no_ratings_comment","cum_no_ratings_no_comment","cum_avg_rating","cum_avg_rating_owned","cum_avg_rating_not_owned","cum_avg_rating_prev_owned","cum_avg_rating_comment","cum_avg_rating_no_comment","month_after_release"
"1",2006,1,8.00833333333333,36,8.07857142857143,7.7625,8,8.3,7.89615384615385,28,8,4,10,26,36,28,8,4,10,26,8.00833333333333,8.07857142857143,7.7625,8,8.3,7.89615384615385,0
"2",2006,2,7.25128205128205,39,7.67307692307692,6.40769230769231,7.12,6.4,7.728,26,13,5,14,25,75,54,21,9,24,51,7.61466666666667,7.88333333333333,6.92380952380952,7.51111111111111,7.19166666666667,7.81372549019608,1
"3",2006,3,7.564,25,7.77058823529412,7.125,7.16666666666667,7.76,7.43333333333333,17,8,6,10,15,100,71,29,15,34,66,7.602,7.85633802816901,6.97931034482759,7.37333333333333,7.35882352941177,7.72727272727273,2
"4",2006,4,7.32142857142857,14,7.4375,7.16666666666667,7.5,6.5,7.65,8,6,2,4,10,114,79,35,17,38,76,7.56754385964912,7.81392405063291,7.01142857142857,7.38823529411765,7.26842105263158,7.71710526315789,3
"5",2006,5,7.92857142857143,14,8,7.5,NA,7.7,8.05555555555556,12,2,0,5,9,128,91,37,17,43,85,7.60703125,7.83846153846154,7.03783783783784,7.38823529411765,7.31860465116279,7.75294117647059,4
"6",2006,6,7.73214285714286,28,8.19444444444444,6.9,7.75,6.88888888888889,8.13157894736842,18,10,4,9,19,156,109,47,21,52,104,7.62948717948718,7.89724770642202,7.00851063829787,7.45714285714286,7.24423076923077,7.82211538461539,5
"7",2006,7,7.15853658536585,41,7.43548387096774,6.3,7.5,6.66666666666667,7.36206896551724,31,10,3,12,29,197,140,57,24,64,133,7.53147208121827,7.795,6.88421052631579,7.4625,7.1359375,7.7218045112782,6
"8",2006,8,6.74074074074074,27,7.20588235294118,5.95,6,6.72222222222222,6.75,17,10,3,9,18,224,157,67,27,73,151,7.43616071428571,7.7312101910828,6.74477611940299,7.3,7.08493150684932,7.60596026490066,7
"9",2006,9,7.7741935483871,31,8.04,6.66666666666667,7.83333333333333,8,7.68181818181818,25,6,3,9,22,255,182,73,30,82,173,7.47725490196078,7.77362637362637,6.73835616438356,7.35333333333333,7.18536585365854,7.61560693641619,8
"10",2006,10,7.22105263157895,38,7.48,6.25,7,7.04736842105263,7.39473684210526,30,8,2,19,19,293,212,81,32,101,192,7.44402730375427,7.73207547169811,6.69012345679012,7.33125,7.15940594059406,7.59375,9
"11",2006,11,7.52,25,7.65789473684211,7.08333333333333,6.75,7.66666666666667,7.47368421052632,19,6,2,6,19,318,231,87,34,107,211,7.45,7.72597402597403,6.71724137931034,7.29705882352941,7.18785046728972,7.58293838862559,10
"12",2006,12,7.51282051282051,39,7.73333333333333,6.77777777777778,7.4,7.4375,7.56521739130435,30,9,5,16,23,357,261,96,39,123,234,7.45686274509804,7.72681992337165,6.72291666666667,7.31025641025641,7.22032520325203,7.58119658119658,11
"13",2007,1,7.61632653061224,49,7.85,6.21428571428571,7,7.50909090909091,7.7037037037037,42,7,3,22,27,406,303,103,42,145,261,7.47610837438424,7.74389438943894,6.68834951456311,7.28809523809524,7.26413793103448,7.59386973180077,12
"14",2007,2,7.13397318181818,44,7.5,6.15790166666667,7.16666666666667,6.57692307692308,7.36757483870968,32,12,3,13,31,450,335,115,45,158,292,7.44265515555556,7.72059701492537,6.63299843478261,7.28,7.20759493670886,7.5698452739726,13
"15",2007,3,7.13260869565217,46,7.5030303030303,6.19230769230769,6,7.03333333333333,7.18064516129032,33,13,2,15,31,496,368,128,47,173,323,7.41390084677419,7.70108695652174,6.58824078125,7.22553191489362,7.19248554913295,7.53249170278638,14
"16",2007,4,7.08571428571429,35,7.1875,6.86363636363636,7.5,7,7.1304347826087,24,11,4,12,23,531,392,139,51,185,346,7.39226896421845,7.66964285714286,6.61003467625899,7.24705882352941,7.18,7.50576537572254,15
"17",2007,5,7.24285714285714,42,7.19375,7.4,NA,6.70833333333333,7.45666666666667,32,10,0,12,30,573,424,149,51,197,376,7.38131731239092,7.63372641509434,6.66305248322148,7.24705882352941,7.15126903553299,7.50184792553191,16
"18",2007,6,7.48965517241379,29,7.72,6.97777777777778,7.5,6.98888888888889,7.715,20,9,4,9,20,602,444,158,55,206,396,7.38653624584718,7.63761261261261,6.68097987341772,7.26545454545455,7.14417475728155,7.51261318181818,17
"19",2007,7,6.88620689655172,29,6.82222222222222,6.99090909090909,6.875,6.87142857142857,6.9,18,11,4,14,15,631,462,169,59,220,411,7.36354171156894,7.60584415584416,6.70115278106509,7.23898305084746,7.12681818181818,7.49025503649635,18
"20",2007,8,6.9,35,7.04761904761905,6.67857142857143,6.75,7.325,6.67826086956522,21,14,4,12,23,666,483,183,63,232,434,7.33918141141141,7.5815734989648,6.69942524590164,7.20793650793651,7.13706896551724,7.4472230875576,19
"21",2007,9,7.41891891891892,37,7.68518518518519,6.7,7,7.45714285714286,7.39565217391304,27,10,2,14,23,703,510,193,65,246,457,7.34337812233286,7.58705882352941,6.69945502590674,7.20153846153846,7.15528455284553,7.44462761487965,20
"22",2007,10,6.99363636363636,55,7.29285714285714,6.47,6.5,6.546875,7.17692307692308,35,20,5,16,39,758,545,213,70,262,496,7.31800108179419,7.56816513761468,6.67790995305164,7.15142857142857,7.11812977099237,7.42357826612903,21
"23",2007,11,7.18269230769231,52,7.36111111111111,6.78125,7.2,6.875,7.275,36,16,5,12,40,810,581,229,75,274,536,7.30931459259259,7.55533562822719,6.68513021834061,7.15466666666667,7.10748175182482,7.4124903358209,22
"24",2007,12,7.07291666666667,48,7.17567567567568,6.72727272727273,7,6.875,7.13888888888889,37,11,2,12,36,858,618,240,77,286,572,7.29608953379953,7.53260517799353,6.68706175,7.15064935064935,7.09772727272727,7.39527066433566,23
"25",2008,1,7.36607142857143,56,7.78947368421053,6.47222222222222,6.38888888888889,7.24,7.46774193548387,38,18,9,25,31,914,656,258,86,311,603,7.30037726477024,7.54748475609756,6.67207294573643,7.07093023255814,7.10916398713826,7.39899638474295,24
"26",2008,2,7.20119047619048,42,7.57333333333333,6.27083333333333,6.5,7.275,7.15576923076923,30,12,3,16,26,956,686,270,89,327,629,7.29601968619247,7.54861516034985,6.65424007407407,7.05168539325843,7.11727828746178,7.38894248012719,25
"27",2008,3,7.12,50,7.43589743589744,6,7.25,6.90625,7.22058823529412,39,11,4,16,34,1006,725,281,93,343,663,7.28727119284294,7.54255172413793,6.62862925266904,7.06021505376344,7.10743440233236,7.38030892911011,26
"28",2008,4,6.930625,48,7.33870967741935,6.18647058823529,6.434,6.99529411764706,6.89516129032258,31,17,5,17,31,1054,756,298,98,360,694,7.27102924098672,7.53419312169312,6.60340543624161,7.02826530612245,7.10213888888889,7.35863806916427,27
"29",2008,5,7.14117647058824,34,7.36190476190476,6.78461538461538,7.25,7.23333333333333,7.108,21,13,2,9,25,1088,777,311,100,369,719,7.26697134191176,7.52953667953668,6.61098012861736,7.0327,7.10533875338754,7.34992325452017,28
"30",2008,6,6.76388888888889,36,7.30434782608696,5.80769230769231,6.9,6.75,6.77083333333333,23,13,5,12,24,1124,800,324,105,381,743,7.25085838078292,7.5230625,6.57874944444444,7.02638095238095,7.0941469816273,7.33121779273217,29
"31",2008,7,6.90740740740741,54,7.38055555555556,5.96111111111111,6.03333333333333,6.57586206896552,7.292,36,18,9,29,25,1178,836,342,114,410,768,7.23511444821732,7.51692583732057,6.54624216374269,6.94798245614035,7.05748780487805,7.329941171875,30
"32",2008,8,6.97959183673469,49,7.2258064516129,6.55555555555556,7,7.09375,6.92424242424242,31,18,6,16,33,1227,867,360,120,426,801,7.22491020374898,7.50651672433679,6.54670783333333,6.95058333333333,7.05884976525822,7.31322699126092,31
"33",2008,9,6.6,45,6.93548387096774,5.85714285714286,5.63636363636364,6.94117647058824,6.39285714285714,31,14,11,17,28,1272,898,374,131,443,829,7.20280253144654,7.48680400890869,6.52089524064171,6.84022900763359,7.05433408577878,7.28214091676719,32
"34",2008,10,7.15833333333333,42,7.63387096774194,5.81818181818182,6,6.9125,7.38181818181818,31,11,6,20,22,1314,929,385,137,463,851,7.20138114155251,7.49171151776103,6.50081771428571,6.80343065693431,7.04820734341253,7.28471776733255,33
"35",2008,11,6.72435897435897,39,7.36315789473684,6.1175,6.08333333333333,6.59,6.80833333333333,19,20,9,15,24,1353,948,405,146,478,875,7.18763105691057,7.48913502109705,6.48188844444444,6.75904109589041,7.03382845188285,7.27165122285714,34
"36",2008,12,7.12234042553191,47,7.38333333333333,6.66176470588235,6.67857142857143,6.81818181818182,7.21527777777778,30,17,7,11,36,1400,978,422,153,489,911,7.18543915714286,7.48588957055215,6.48913464454976,6.75535947712418,7.02897750511247,7.26942351262349,35
"37",2009,1,7.02368421052632,57,7.45487804878049,5.91875,6.2,6.68333333333333,7.11444444444444,41,16,6,12,45,1457,1019,438,159,501,956,7.17911106382979,7.48464180569185,6.46829867579909,6.73440251572327,7.02069860279441,7.26212847280335,36
"38",2009,2,6.72352941176471,68,7.04666666666667,6.46842105263158,6.81818181818182,7.04545454545455,6.66140350877193,30,38,11,11,57,1525,1049,476,170,512,1013,7.15879660327869,7.47211630123927,6.46830844537815,6.73982352941176,7.02123046875,7.22832657453109,37
"39",2009,3,6.7375,88,7.3525,6.225,6.405,6.80769230769231,6.70806451612903,40,48,20,26,62,1613,1089,524,190,538,1075,7.13581203967762,7.46772268135904,6.44602064885496,6.70457894736842,7.01091078066914,7.1983207627907,38
"40",2009,4,6.79758064516129,62,7.21851851851852,6.47285714285714,7,6.85333333333333,6.77978723404255,27,35,13,15,47,1675,1116,559,203,553,1122,7.12329242985075,7.4616935483871,6.44770093023256,6.72349753694581,7.00663652802893,7.18078860962567,39
"41",2009,5,6.87926829268293,82,7.6,6.0027027027027,6.21176470588235,6.66363636363636,6.95833333333333,45,37,17,22,60,1757,1161,596,220,575,1182,7.1119037108708,7.46705426356589,6.42007520134228,6.68395454545454,6.99351304347826,7.16949646362098,40
"42",2009,6,6.695,50,7.26612903225806,5.76315789473684,6.42857142857143,6.18181818181818,6.83974358974359,31,19,7,11,39,1807,1192,615,227,586,1221,7.10036791366907,7.4618288590604,6.39978019512195,6.67607929515418,6.97827645051195,7.15896381654382,41
"43",2009,7,6.90234375,64,7.38243243243243,6.24444444444444,6.31538461538462,6.73888888888889,6.96630434782609,37,27,13,18,46,1871,1229,642,240,604,1267,7.0935942383752,7.45943856794141,6.39324738317757,6.65654166666667,6.97114238410596,7.1519690765588,42
"44",2009,8,7.04545454545455,66,7.4875,6.36538461538461,6.2,7.06818181818182,7.03409090909091,40,26,10,22,44,1937,1269,668,250,626,1311,7.09195395973154,7.46032308904649,6.39216290419162,6.63828,6.97455271565495,7.14801282990084,43
"45",2009,9,6.603125,64,7.45,5.51428571428571,6.11875,6.59333333333333,6.60612244897959,36,28,16,15,49,2001,1305,696,266,641,1360,7.07631925037481,7.46003831417624,6.35684600574713,6.60703007518797,6.96563182527301,7.12848883823529,44
"46",2009,10,6.97132352941177,68,7.60394736842105,6.17,6.06111111111111,7.65,6.85431034482759,38,30,18,10,58,2069,1343,726,284,651,1418,7.07286844852586,7.46411020104244,6.34912509641873,6.57242957746479,6.97614439324117,7.11727420310296,45
"47",2009,11,6.49180327868852,61,6.88,6.22222222222222,5.9,5.76315789473684,6.82142857142857,25,36,15,19,42,2130,1368,762,299,670,1460,7.05622761502347,7.45343567251462,6.34312968503937,6.53869565217391,6.94174626865672,7.10876357534246,46
"48",2009,12,6.45,74,6.92558139534884,5.79032258064516,6.38888888888889,6.48888888888889,6.4375,43,31,9,18,56,2204,1411,793,308,688,1516,7.03587333030853,7.43734939759036,6.32151931904161,6.53431818181818,6.92989825581395,7.08396755936675,47
"49",2010,1,7.07527472527473,91,7.33125,6.66571428571429,6.97777777777778,6.58409090909091,7.23188405797101,56,35,9,22,69,2295,1467,828,317,710,1585,7.03743565141612,7.43329925017041,6.33606862318841,6.54690851735016,6.91918309859155,7.09040682649842,48
"50",2010,2,6.82166666666667,60,7.321875,6.25,5.28571428571429,6.78888888888889,6.82745098039216,32,28,7,9,51,2355,1499,856,324,719,1636,7.03193835244161,7.43092061374249,6.33325329439252,6.51966049382716,6.91755215577191,7.08220954767726,49
"51",2010,3,7.0047619047619,63,7.3425,6.41739130434783,6.45,7.11785714285714,6.97244897959184,40,23,10,14,49,2418,1539,879,334,733,1685,7.03123028122415,7.42862248213125,6.33545485779295,6.5175748502994,6.92137789904502,7.07901769732938,50
"52",2010,4,6.77857142857143,56,7.20294117647059,6.12272727272727,6.1,6.47222222222222,6.92368421052632,34,22,12,18,38,2474,1573,901,346,751,1723,7.02551124494745,7.4237444373808,6.33026062153163,6.50309248554913,6.91061251664447,7.07559188624492,51
"53",2010,5,6.85666666666667,45,7.215,6.57,6.8,6.96428571428571,6.80806451612903,20,25,10,14,31,2519,1593,926,356,765,1754,7.02249496625645,7.42112366603892,6.33673306695464,6.51143258426966,6.91159477124183,7.07086363740023,52
"54",2010,6,6.62,50,6.86111111111111,6,5.85714285714286,5.75,6.78571428571429,36,14,7,8,42,2569,1629,940,363,773,1796,7.01466127676138,7.40874769797422,6.33171789361702,6.49881542699724,6.89957309184993,7.06419533407572,53
"55",2010,7,6.57333333333333,45,7.02173913043478,6.10454545454545,6.47777777777778,7.04545454545455,6.42058823529412,23,22,9,11,34,2614,1652,962,372,784,1830,7.0070638179036,7.40335956416465,6.32652268191268,6.4983064516129,6.90161989795918,7.05223760655738,54
"56",2010,8,6.44591836734694,49,7.27857142857143,5.82142857142857,5.63636363636364,6.19117647058824,6.58125,21,28,11,17,32,2663,1673,990,383,801,1862,6.99673857303793,7.4017931858936,6.31223719191919,6.47355091383812,6.8865418227216,7.04414329752954,55
"57",2010,9,6.82753492063492,63,7.57120810810811,5.76923076923077,6.15384615384615,6.57390714285714,6.9,37,26,13,14,49,2726,1710,1016,396,815,1911,6.99282814380044,7.40545888888889,6.29834135826772,6.46305555555556,6.88117141104294,7.0404473155416,56
"58",2010,10,6.67924528301887,53,7.26666666666667,5.91304347826087,5.75,5.9875,6.97837837837838,30,23,10,16,37,2779,1740,1039,406,831,1948,6.98684761424973,7.40306591954023,6.28981214629451,6.44549261083744,6.86396474127557,7.03926838809035,57
"59",2010,11,6.98965517241379,58,7.36774193548387,6.55555555555556,6.5,6.59,7.07291666666667,31,27,13,10,48,2837,1771,1066,419,841,1996,6.98690501233697,7.40244760022586,6.29654298311445,6.44718377088306,6.86070713436385,7.04007756513026,58
"60",2010,12,6.79942857142857,70,7.43230769230769,6.00322580645161,6.1,6.715,6.8332,39,31,19,20,50,2907,1810,1097,438,861,2046,6.98239061575507,7.40309099447514,6.28825416590702,6.43212328767123,6.85732253193961,7.03502190615836,59
"61",2011,1,6.92734375,64,7.1609756097561,6.51086956521739,6.375,6.42857142857143,7.067,41,23,8,14,50,2971,1851,1120,446,875,2096,6.98120481992595,7.39772809292274,6.29282573214286,6.43109865470852,6.85046251428571,7.03578474236641,60
"62",2011,2,7.1031914893617,47,7.75892857142857,6.13684210526316,5.6875,7.19090909090909,7.07638888888889,28,19,8,11,36,3018,1879,1139,454,886,2132,6.98310454605699,7.40311053751996,6.29022372256365,6.41799559471366,6.85468927765237,7.03647036585366,61
"63",2011,3,6.84242424242424,66,7.45294117647059,6.19375,5.98571428571429,6.81,6.85652173913043,34,32,14,20,46,3084,1913,1171,468,906,2178,6.98009387808041,7.40399618400418,6.28758737830914,6.4050641025641,6.8537027593819,7.0326697979798,62
"64",2011,4,6.90769230769231,52,7.4741935483871,6.07142857142857,6.16666666666667,6.45,7.01666666666667,31,21,9,10,42,3136,1944,1192,477,916,2220,6.97889334183673,7.40511558641975,6.2837792114094,6.40056603773585,6.84929552401747,7.03236703603604,63
"65",2011,5,6.81177049180328,61,7.31666666666667,6.32316129032258,5.66816666666667,6.27436363636364,6.93,30,31,12,11,50,3197,1974,1223,489,927,2270,6.97570457303722,7.40377137791287,6.28477744889616,6.38259304703477,6.84247324703344,7.03011225550661,64
"66",2011,6,7.05729166666667,48,7.61607142857143,6.275,7.15,6.8125,7.1796875,28,20,10,16,32,3245,2002,1243,499,943,2302,6.97691140832049,7.40674060939061,6.28462012872084,6.39797194388778,6.84196468716861,7.03219149435274,65
"67",2011,7,6.957,50,7.43870967741935,6.17105263157895,4.91666666666667,7.36363636363636,6.84230769230769,31,19,6,11,39,3295,2033,1262,505,954,2341,6.97660926251897,7.40722808657157,6.28291031695721,6.38037227722772,6.84797976939203,7.02902811618966,66
"68",2011,8,6.89857142857143,70,7.15238095238095,6.51785714285714,6.5625,6.5625,6.99814814814815,42,28,16,16,54,3365,2075,1290,521,970,2395,6.97498589004457,7.40206973493976,6.2880099379845,6.38596545105566,6.84327082474227,7.02833186638831,67
"69",2011,9,6.69183673469388,49,7.5,5.916,6,6.54545454545455,6.73421052631579,24,25,10,11,38,3414,2099,1315,531,981,2433,6.97092194493263,7.40318947117675,6.28093750570342,6.37869679849341,6.83993139653415,7.02373810933005,68
"70",2011,10,6.83728813559322,59,7.49736842105263,5.64285714285714,5.83333333333333,6.96875,6.78837209302326,38,21,9,16,43,3473,2137,1336,540,997,2476,6.9686517477685,7.40486415535798,6.2709077994012,6.36960740740741,6.84199869608827,7.01965057350566,69
"71",2011,11,6.71194029850746,67,7.07111111111111,5.97727272727273,6.28571428571429,6.22222222222222,6.78793103448276,45,22,7,9,58,3540,2182,1358,547,1006,2534,6.96379308474576,7.39798107241063,6.26615082474227,6.36853382084095,6.83645397614314,7.01434681136543,70
"72",2011,12,6.9593220338983,59,7.4025,6.02631578947368,6.09090909090909,6.125,7.17234042553191,40,19,11,12,47,3599,2222,1377,558,1018,2581,6.96371978883023,7.39806242124212,6.26284155410312,6.36306093189964,6.82806748526523,7.01722387446726,71
"73",2012,1,6.89266666666667,75,7.26875,6.46285714285714,6.30769230769231,7,6.87615384615385,40,35,13,10,65,3674,2262,1412,571,1028,2646,6.96226933043005,7.39577572944297,6.26779944759207,6.3618003502627,6.82973998054475,7.01375843537415,72
"74",2012,2,6.78,60,7.27837837837838,5.97826086956522,6.03846153846154,6.7375,6.79545454545455,37,23,13,16,44,3734,2299,1435,584,1044,2690,6.95934052490627,7.39388634188778,6.26315875958188,6.35460273972603,6.82832634099617,7.01018766542751,73
"75",2012,3,6.81730769230769,52,7.08620689655172,6.47826086956522,6.41666666666667,6.61111111111111,6.86046511627907,29,23,12,9,43,3786,2328,1458,596,1053,2733,6.95738973058637,7.3900535652921,6.26655200274349,6.35585234899329,6.8264698005698,7.00783198682766,74
"76",2012,4,6.94571428571429,35,7.42380952380952,6.22857142857143,6.67777777777778,7.66666666666667,6.69615384615385,21,14,9,9,26,3821,2349,1472,605,1062,2759,6.95728278461136,7.39035534269902,6.26619077445652,6.36064132231405,6.83359011299435,7.00489482421167,75
"77",2012,5,7.08909090909091,55,7.48947368421053,6.19411764705882,7.2,7.31818181818182,7.03181818181818,38,17,4,11,44,3876,2387,1489,609,1073,2803,6.95915312693498,7.39193326351068,6.2653679113499,6.36615435139573,6.83855796831314,7.00531745272922,76
"78",2012,6,6.76086956521739,46,7.468,5.91904761904762,6.13,6.91666666666667,6.7375,25,21,10,6,40,3922,2412,1510,619,1079,2843,6.95682751657317,7.39272168325041,6.26055153642384,6.36233925686591,6.83899230769231,7.00154935631375,77
"79",2012,7,6.63131578947368,38,6.91666666666667,6.14214285714286,5.66666666666667,6.9,6.59060606060606,24,14,3,5,33,3960,2436,1524,622,1084,2876,6.95370391919192,7.38803148604269,6.25946379265092,6.35898392282958,6.83927370848709,6.99683408205842,78
"80",2012,8,6.85094339622642,53,7.30285714285714,5.97222222222222,6.1875,7.3,6.71951219512195,35,18,8,12,41,4013,2471,1542,630,1096,2917,6.95234675305258,7.38682505058681,6.25611077821012,6.35680634920635,6.84431815693431,6.99293617415153,79
"81",2012,9,7.01925925925926,54,7.57242424242424,6.15,6.25,6.84266666666667,7.08717948717949,33,21,9,15,39,4067,2504,1563,639,1111,2956,6.95323519055815,7.38927104632588,6.25468510556622,6.3553020344288,6.84429585958596,6.99417957374831,80
"82",2012,10,6.48684210526316,38,7.04761904761905,5.79411764705882,6.5,6.86363636363636,6.33333333333333,21,17,8,11,27,4105,2525,1580,647,1122,2983,6.94891778806334,7.38642958415841,6.24972963291139,6.35709119010819,6.84448547237077,6.98819806235334,81
"83",2012,11,6.63768115942029,69,7.12631578947368,6.03870967741936,5.85625,6.16428571428571,6.75818181818182,38,31,16,14,55,4174,2563,1611,663,1136,3038,6.94377276473407,7.38257303940694,6.24566903786468,6.34500452488688,6.83610272887324,6.98403384463463,82
"84",2012,12,6.73137254901961,51,7.56923076923077,5.86,5.85714285714286,7.26153846153846,6.55,26,25,14,13,38,4225,2589,1636,677,1149,3076,6.94120888047337,7.38444754731556,6.23977556234719,6.33491580502216,6.84091618798956,6.97867191807543,83
"85",2013,1,6.83823529411765,68,7.19782608695652,6.08636363636364,6.39,6.39333333333333,6.96415094339623,46,22,10,15,53,4293,2635,1658,687,1164,3129,6.93957780573026,7.38118963946869,6.23773993968637,6.33571761280932,6.8351483676976,6.97842595717482,84
"86",2013,2,6.86875,64,7.29705882352941,6.38333333333333,6.54166666666667,6.36666666666667,7.02244897959184,34,30,12,15,49,4357,2669,1688,699,1179,3178,6.93853741565297,7.38011790932933,6.2403275,6.33925321888412,6.82918804071247,6.97910472624292,85
"87",2013,3,6.76,70,7.38888888888889,6.09411764705882,6.15625,6.77777777777778,6.75737704918033,36,34,16,9,61,4427,2705,1722,715,1188,3239,6.9357143709058,7.38023463955637,6.23744066202091,6.33515804195804,6.82879856902357,6.97492893485644,86
"88",2013,4,6.90254545454545,55,7.410625,6.19565217391304,6.3125,5.78571428571429,7.06541666666667,32,23,16,7,48,4482,2737,1745,731,1195,3287,6.9353073449353,7.38058995250274,6.23688986819484,6.33466210670315,6.82268845188285,6.9762503255248,87
"89",2013,5,6.85416666666667,48,7.53103448275862,5.82105263157895,6.31818181818182,7.15625,6.703125,29,19,11,16,32,4530,2766,1764,742,1211,3319,6.93444757615894,7.38216728127259,6.23241089569161,6.33441778975741,6.82709554087531,6.97361699909611,88
"90",2013,6,6.82725490196078,51,7.2715625,6.07894736842105,6.5,7.075,6.78116279069767,32,19,13,8,43,4581,2798,1783,755,1219,3362,6.93325420650513,7.38090232308792,6.23077555804823,6.33726887417219,6.82872247744053,6.97115550862582,89
"91",2013,7,6.8093023255814,43,7.35,5.56153846153846,5.58333333333333,7.11818181818182,6.703125,30,13,6,11,32,4624,2828,1796,761,1230,3394,6.93210153979239,7.38057450495049,6.2259314142539,6.33132457293036,6.83131113821138,6.96862840895698,90
"92",2013,8,7.07407407407407,54,7.45714285714286,6.36842105263158,6.4,6.72727272727273,7.16279069767442,35,19,10,11,43,4678,2863,1815,771,1241,3437,6.93374038477982,7.38151054837583,6.22742304132232,6.33221530479896,6.83038896051571,6.97105755600815,91
"93",2013,9,6.904,50,7.24864864864865,5.92307692307692,5.8125,7.4875,6.79285714285714,37,13,8,8,42,4728,2900,1828,779,1249,3479,6.9334258714044,7.3798154137931,6.22525865426696,6.32687804878049,6.83459783827062,6.96890624317333,92
"94",2013,10,6.73977272727273,44,7.48958333333333,5.84,5.85,7.6,6.48676470588235,24,20,8,10,34,4772,2924,1848,787,1259,3513,6.93164030176027,7.38071638166894,6.22108918831169,6.32203049555273,6.84067728355838,6.9642399146029,93
"95",2013,11,6.91521739130435,46,7.54814814814815,6.01578947368421,6.04545454545455,6.625,6.97631578947368,27,19,11,8,38,4818,2951,1867,798,1267,3551,6.93148350352843,7.38224828871569,6.21899990358864,6.31821804511278,6.83931546961326,6.96436914108702,94
"96",2013,12,6.82625,40,7.36730769230769,5.82142857142857,6.4,6.86363636363636,6.81206896551724,26,14,5,11,29,4858,2977,1881,803,1278,3580,6.93061702758337,7.38211780315754,6.21604083997874,6.31872727272727,6.83952480438185,6.96313542458101,95
"97",2014,1,6.92409638554217,83,7.25423728813559,6.1125,6.59230769230769,6.82777777777778,6.95076923076923,59,24,13,18,65,4941,3036,1905,816,1296,3645,6.93050749241044,7.37963264163373,6.21473638845144,6.32308578431373,6.83936165123457,6.96291490260631,96
"98",2014,2,6.61538461538461,52,7.18,6.09259259259259,6.25,7,6.52380952380952,25,27,12,10,42,4993,3061,1932,828,1306,3687,6.92722561986781,7.37800218882718,6.21302940993789,6.32202657004831,6.84059165390505,6.95791288852726,97
"99",2014,3,7.04166666666667,36,7.35416666666667,6.41666666666667,6.28571428571429,6.3,7.16129032258065,24,12,7,5,31,5029,3085,1944,835,1311,3718,6.92804484390535,7.37781675850891,6.21428643004115,6.32172215568862,6.83852990083905,6.95960861215707,98
"100",2014,4,7.10294117647059,34,7.66666666666667,6.46875,5.94,6.54,7.2,18,16,5,5,29,5063,3103,1960,840,1316,3747,6.92921934031207,7.37949233000322,6.21636368367347,6.31945,6.83739566869301,6.96146912730184,99
"101",2014,5,6.69512195121951,41,6.78260869565217,6.58333333333333,6.59090909090909,6.5,6.73529411764706,23,18,11,7,34,5104,3126,1978,851,1323,3781,6.92733885579937,7.37510067178503,6.2197031445905,6.32295887191539,6.83561050642479,6.95943528696112,100
"102",2014,6,6.98076923076923,26,7.47058823529412,6.05555555555556,6.33333333333333,7.66666666666667,6.89130434782609,17,9,3,3,23,5130,3143,1987,854,1326,3804,6.92760965302144,7.37561714922049,6.21895964771012,6.32299531615925,6.8374907239819,6.9590233491062,101
"103",2014,7,7.05882352941176,34,7.88636363636364,5.54166666666667,5,5.2,7.37931034482759,22,12,7,5,29,5164,3165,1999,861,1331,3833,6.92847357087529,7.37916736176935,6.21489385692847,6.31223925667828,6.83133936889557,6.96220318810331,102
"104",2014,8,6.43863636363636,44,7.28260869565217,5.51428571428571,5.7,6.6,6.39117647058824,23,21,10,10,34,5208,3188,2020,871,1341,3867,6.92433516129032,7.37847073400251,6.20761030693069,6.30521010332951,6.82961424310216,6.95718252392035,103
"105",2014,9,7.21904761904762,42,7.85652173913043,6.44736842105263,6.27272727272727,7.4,7.17647058823529,23,19,11,8,34,5250,3211,2039,882,1349,3901,6.92669286095238,7.38189495484273,6.20984444335459,6.30480498866213,6.83299681245367,6.95909377595488,104
"106",2014,10,6.77027027027027,37,7.04,6.20833333333333,7,7.35714285714286,6.63333333333333,25,12,3,7,30,5287,3236,2051,885,1356,3931,6.925598169094,7.37925361557478,6.2098356021453,6.3071615819209,6.83570258112095,6.95660768761129,105
"107",2014,11,7.00096153846154,52,7.20645161290323,6.69761904761905,6.47916666666667,6.10454545454545,7.24146341463415,31,21,12,11,41,5339,3267,2072,897,1367,3972,6.92633218205656,7.37761392715029,6.21477935328185,6.30946265328874,6.82981909290417,6.95954804128902,106
"108",2014,12,6.46,40,7.27,5.65,6.33333333333333,6.66666666666667,6.44324324324324,20,20,6,3,37,5379,3287,2092,903,1370,4009,6.92286438371444,7.37695914207484,6.20937993307839,6.30962126245847,6.82946182481752,6.9547829433774,107
"109",2015,1,6.43529411764706,51,6.65294117647059,6,6.22727272727273,6.38888888888889,6.4452380952381,34,17,11,9,42,5430,3321,2109,914,1379,4051,6.91828499447514,7.36954673291177,6.20769218587008,6.30863019693654,6.82658643944888,6.94950007899284,108
"110",2015,2,6.72452830188679,53,7.24137931034483,6.1,6.45,6.07692307692308,6.935,29,24,12,13,40,5483,3350,2133,926,1392,4091,6.91641209556812,7.3684372238806,6.20648045944679,6.31046220302376,6.81958527298851,6.94935830359325,109
"111",2015,3,6.90428571428571,35,7.02954545454545,6.69230769230769,6.9,6.04166666666667,7.08275862068966,22,13,10,6,29,5518,3372,2146,936,1398,4120,6.91633517941283,7.36622618623962,6.20942349487418,6.31676068376068,6.81624656652361,6.95029728640777,110
"112",2015,4,6.95125,40,7.48181818181818,6.30277777777778,6.55833333333333,7.42,6.795,22,18,12,10,30,5558,3394,2164,948,1408,4150,6.91658645555955,7.36697545668827,6.21020000924214,6.31981856540084,6.82053458806818,6.94917465542169,111
"113",2015,5,6.87210526315789,19,7.84,5.79666666666667,5.234,7,6.838,10,9,5,4,15,5577,3404,2173,953,1412,4165,6.91643491482876,7.36836507050529,6.20848726184998,6.31412172088143,6.82104298866856,6.9487742665066,112
"114",2015,6,6.55789473684211,38,7.35714285714286,5.57058823529412,6.17,5.99090909090909,6.78888888888889,21,17,10,11,27,5615,3425,2190,963,1423,4192,6.91400846304541,7.36829626277372,6.20353553424658,6.3126251298027,6.81462593113141,6.94774447041985,113
"115",2015,7,7.14545454545455,33,7.72222222222222,6.45333333333333,6.475,7.5,7.05,18,15,8,7,26,5648,3443,2205,971,1430,4218,6.91536075070821,7.37014658727854,6.20523483900227,6.31396292481977,6.81798090909091,6.94837477951636,114
"116",2015,8,6.57559090909091,44,7.31314285714286,5.90217391304348,6.07142857142857,6.3,6.65664705882353,21,23,14,10,34,5692,3464,2228,985,1440,4252,6.91273427969079,7.36980101039261,6.20210629263914,6.31051573604061,6.81438381944445,6.94604205550329,115
"117",2015,9,7.24516129032258,31,7.54347826086957,6.3875,6.3,6.16666666666667,7.504,23,8,7,6,25,5723,3487,2236,992,1446,4277,6.91453495020094,7.37094657298537,6.20276959749553,6.31044153225806,6.81169619640387,6.94930344166472,116
"118",2015,10,6.40833333333333,36,7.1,5.91428571428571,6.06666666666667,6.07142857142857,6.48965517241379,15,21,12,7,29,5759,3502,2257,1004,1453,4306,6.91137064073624,7.36978603655054,6.20008543198937,6.30752788844621,6.80812986923606,6.94620780771017,117
"119",2015,11,6.972,50,7.32068965517241,6.49047619047619,6.25454545454545,6.6875,7.02619047619048,29,21,11,8,42,5809,3531,2278,1015,1461,4348,6.91189249784817,7.36938280940243,6.20276243195786,6.30695369458128,6.80746933607119,6.94698040938363,118
"120",2015,12,7.07428571428571,35,7.312,6.48,6.83333333333333,6.88333333333333,7.11379310344828,25,10,6,6,29,5844,3556,2288,1021,1467,4377,6.91286507871321,7.36897938695163,6.20397413461539,6.31004701273261,6.80777961826858,6.94808563399589,119
"121",2016,1,6.48,50,7.04,5.92,5.64285714285714,6.475,6.48125,25,25,14,10,40,5894,3581,2313,1035,1477,4417,6.90919299626739,7.36668268640045,6.20090480760917,6.30102222222222,6.80552654028436,6.94385800769753,120
"122",2016,2,6.2875,40,7,4.96428571428571,5.21428571428571,6.65,6.16666666666667,26,14,7,10,30,5934,3607,2327,1042,1487,4447,6.90500227839568,7.36403956196285,6.1934648990116,6.2937216890595,6.80448063214526,6.93861498088599,121
"123",2016,3,6.94642857142857,28,7.375,6.625,6.77777777777778,7.1,6.91304347826087,12,16,9,5,23,5962,3619,2343,1051,1492,4470,6.90519683327742,7.36407590494612,6.19641178830559,6.29786679352997,6.80547097855228,6.9384834049217,122
"124",2016,4,6.83205128205128,39,7.166,6.23571428571429,6.5,6.725,6.85151515151515,25,14,5,6,33,6001,3644,2357,1056,1498,4503,6.90472146642226,7.36271698682766,6.19664523546882,6.29882386363636,6.80514866488652,6.93784606262492,123
"125",2016,5,7.125,36,7.2,6.75,6,6.4,7.24193548387097,30,6,1,5,31,6037,3674,2363,1057,1503,4534,6.90603503727016,7.36138832335329,6.19805028353788,6.29854115421003,6.80380086493679,6.93992519188355,124
"126",2016,6,6.67592592592593,27,6.86904761904762,6,6.5,7.16666666666667,6.53571428571429,21,6,2,6,21,6064,3695,2369,1059,1509,4555,6.90501047493404,7.3585901759134,6.19754867876741,6.29892162417375,6.8052436713055,6.93806165093304,125
"127",2016,7,6.3875,40,6.63888888888889,6.18181818181818,6.16666666666667,6.33333333333333,6.39705882352941,18,22,12,6,34,6104,3713,2391,1071,1515,4589,6.90161918741808,7.35510118502559,6.19740393977415,6.29743977591036,6.80337471947195,6.93405334931358,126
"128",2016,8,6.57894736842105,38,6.78260869565217,6.26666666666667,6.42857142857143,6.6,6.57575757575758,23,15,7,5,33,6142,3736,2406,1078,1520,4622,6.89962284597851,7.35157673982869,6.19783575228595,6.29829128014842,6.80270572368421,6.9314952012116,127
"129",2016,9,6.32142857142857,42,6.69047619047619,5.95238095238095,6.18181818181818,6.33333333333333,6.32051282051282,21,21,11,3,39,6184,3757,2427,1089,1523,4661,6.89569591203105,7.34788147458078,6.19571191594561,6.29711478420569,6.80178115561392,6.92638292641064,128
"130",2016,10,6.99047619047619,42,7.40740740740741,6.24,6.45,7.125,6.95882352941176,27,15,8,8,34,6226,3784,2442,1097,1531,4695,6.89633529071635,7.34830621035941,6.19598395577396,6.29822971741112,6.80347008491182,6.92661785303514,129
"131",2016,11,6.9,35,7.5,6,6,6.1,7.06551724137931,21,14,4,6,29,6261,3805,2456,1101,1537,4724,6.89635577703242,7.34914341655716,6.19486678338762,6.29714623069937,6.80072394274561,6.92747053767993,130
"132",2016,12,6.71428571428571,28,7.07272727272727,6.48235294117647,6.16666666666667,7.33333333333333,6.54545454545455,11,17,9,6,22,6289,3816,2473,1110,1543,4746,6.89554516139291,7.34834661949685,6.19684303275374,6.29608828828829,6.80279500972132,6.92569970922882,131
"133",2017,1,6.81063829787234,47,7.18620689655172,6.20555555555556,6.21428571428571,6.55714285714286,6.855,29,18,7,7,40,6336,3845,2491,1117,1550,4786,6.89491532828283,7.34712371911573,6.19690598956243,6.29557564905998,6.80168561290323,6.92510882156289,132
"134",2017,2,6.84864864864865,37,6.99655172413793,6.3125,6.33333333333333,8.5,6.75428571428571,29,8,3,2,35,6373,3874,2499,1120,1552,4821,6.89464671583242,7.3444994062984,6.19727603841537,6.29567678571429,6.80387416237113,6.9238686621033,133
"135",2017,3,6.52068965517241,29,6.84705882352941,6.05833333333333,7.33333333333333,6.75,6.484,17,12,3,4,25,6402,3891,2511,1123,1556,4846,6.89295275226491,7.34232606013878,6.1966120350458,6.29844879786287,6.80373566838046,6.921599426331,134
"136",2017,4,6.69545454545455,22,7.19166666666667,6.1,6.42857142857143,6.21666666666667,6.875,12,10,7,6,16,6424,3903,2521,1130,1562,4862,6.89227638854296,7.34186284909044,6.19622880602936,6.29925486725664,6.80148060179257,6.92144607568902,135
"137",2017,5,7.0969696969697,33,7.50952380952381,6.375,6.375,5.875,7.26551724137931,21,12,4,4,29,6457,3924,2533,1134,1566,4891,6.89332252129472,7.34276011722732,6.19707572838532,6.29952204585538,6.79911411238825,6.92348616233899,136
"138",2017,6,6.90625,32,7.25,6.33333333333333,6.14285714285714,7.11111111111111,6.82608695652174,20,12,7,9,23,6489,3944,2545,1141,1575,4914,6.89338627215287,7.34228973123732,6.19771820039293,6.29856091148116,6.80089695238095,6.92303028490028,137
"139",2017,7,7.00454545454545,22,7.21176470588235,6.3,6.5,7.2,6.94705882352941,17,5,2,5,17,6511,3961,2550,1143,1580,4931,6.89376186760866,7.34172953799546,6.19791875294118,6.29891338582677,6.80215993670886,6.92311312512675,138
"140",2017,8,6.488,25,7.06666666666667,5.62,6.375,4.5,6.66086956521739,15,10,4,2,23,6536,3976,2560,1147,1582,4954,6.89220984088127,7.34069182595573,6.1956612578125,6.29917872711421,6.799249494311,6.92189560355268,139
"141",2017,9,6.921875,32,7.11764705882353,6.7,6,7.66666666666667,6.8448275862069,17,15,4,3,29,6568,3993,2575,1151,1585,4983,6.8923543727162,7.33974222389181,6.19859915339806,6.29813900955691,6.8008912933754,6.92144708408589,140
"142",2017,10,6.84090909090909,22,7.42857142857143,5.8125,5.875,6.625,6.88888888888889,14,8,4,4,18,6590,4007,2583,1155,1589,5001,6.89218262822458,7.34005258297979,6.1974033372048,6.29667359307359,6.80044852108244,6.92132989802039,141
"143",2017,11,6.8530303030303,33,7.47380952380952,5.76666666666667,6.68,5,7.10862068965517,21,12,5,4,29,6623,4028,2595,1160,1593,5030,6.89198754642911,7.34074992552135,6.19541149132948,6.29832586206897,6.79592762084118,6.92240970576541,142
"144",2017,12,6.87121212121212,33,7.38157894736842,6.17857142857143,7,6.58333333333333,6.97916666666667,19,14,5,9,24,6656,4047,2609,1165,1602,5054,6.89188454326923,7.34094161106993,6.19532112686853,6.3013373390558,6.79473327091136,6.92267922833399,143
"145",2018,1,7.04285714285714,35,7.52083333333333,6,5.625,5.5,7.1875,24,11,8,3,32,6691,4071,2620,1173,1605,5086,6.89267426692572,7.34200213706706,6.19450107633588,6.29672463768116,6.79231320872274,6.92434542272906,144
"146",2018,2,6.49130434782609,23,6.73,6.30769230769231,6.4,5.85714285714286,6.76875,10,13,10,7,16,6714,4081,2633,1183,1612,5102,6.89129930294906,7.34050249938741,6.19505993923282,6.2975976331361,6.78825229528536,6.92385747157977,145
"147",2018,3,6.73789473684211,38,7.15,6.03142857142857,6.16666666666667,6.5,6.79161290322581,24,14,6,7,31,6752,4105,2647,1189,1619,5133,6.8904359478673,7.33938872107186,6.1941944918776,6.29693692178301,6.78700599135269,6.92305879992207,146
"148",2018,4,7.46176470588235,17,7.84642857142857,5.66666666666667,4,8.4625,7.15384615384615,14,3,1,4,13,6769,4119,2650,1190,1623,5146,6.89187081105037,7.34111209031318,6.19359729056604,6.29500672268908,6.79113536660505,6.92364182277497,147
"149",2018,5,6.89230769230769,13,7.9375,5.22,5,7.75,6.73636363636364,8,5,2,2,11,6782,4127,2655,1192,1625,5157,6.89187164848127,7.34226816089169,6.1917637740113,6.29283389261745,6.79231550769231,6.92324235408183,148
"150",2018,6,6.98666666666667,15,7.775,6.08571428571429,6.6,7,6.98571428571429,8,7,1,1,14,6797,4135,2662,1193,1626,5171,6.89208084743269,7.3431053688029,6.19148490608565,6.29309136630344,6.79244323493235,6.92341149100754,149
"151",2018,7,6.21818181818182,22,6.6875,4.96666666666667,4.75,5,6.34,16,6,4,2,20,6819,4151,2668,1197,1628,5191,6.8899066608007,7.34057834256806,6.18873044227886,6.28793483709273,6.79024121621622,6.92116371026777,150
"152",2018,8,6.82173913043478,23,7.33333333333333,6.26363636363636,6.4,6.2,6.95263157894737,12,11,7,4,19,6842,4163,2679,1204,1632,5210,6.88967750950015,7.34055745856354,6.18903800671893,6.28858637873754,6.78879454656863,6.92127846833013,151
"153",2018,9,6.77272727272727,11,7.3125,5.33333333333333,6,5.5,7.25,8,3,1,3,8,6853,4171,2682,1205,1635,5218,6.88948978841383,7.34050364421002,6.18808084265474,6.28834688796681,6.78642978593272,6.92178244921426,152
"154",2018,10,6.61,25,6.84722222222222,6,5.5,6.4375,6.64285714285714,18,7,2,4,21,6878,4189,2689,1207,1639,5239,6.888473905205,7.33838402960134,6.18759123094087,6.2870405965203,6.78557821842587,6.92066440542088,153
"155",2018,11,7.03870967741936,31,7.16666666666667,6.91875,7.02222222222222,7.44444444444444,6.87272727272727,15,16,9,9,22,6909,4204,2705,1216,1648,5261,6.88914799826313,7.33777133682207,6.19191601478743,6.29248190789474,6.78917639563107,6.92046394601787,154
"156",2018,12,6.81481481481481,27,7.10526315789474,6.125,6,NA,6.81481481481481,19,8,2,0,27,6936,4223,2713,1218,1648,5288,6.888858638985,7.33672524271845,6.1917186951714,6.29200164203613,6.78917639563107,6.91992451210287,155
"157",2019,1,6.10416666666667,36,6.84523809523809,5.06666666666667,6.5,6.35714285714286,6.04310344827586,21,15,6,7,29,6972,4244,2728,1224,1655,5317,6.88480687320711,7.33429328463713,6.18553255865103,6.29302124183007,6.78734906344411,6.91514215158924,156
"158",2019,2,7.15625,16,7.875,5,6.25,6.25,7.45833333333333,12,4,4,4,12,6988,4256,2732,1228,1659,5329,6.88542838008014,7.33581783364662,6.18379678623719,6.29288110749186,6.78605346594334,6.91636532557703,157
"159",2019,3,6.78913043478261,23,6.87666666666667,6.625,6.33333333333333,6,6.825,15,8,3,1,22,7011,4271,2740,1231,1660,5351,6.88511246897732,7.3342052680871,6.18508497080292,6.29297969130788,6.78557993975904,6.9159896879088,158
"160",2019,4,6.64,15,7.17777777777778,5.83333333333333,6,6,6.8,9,6,1,3,12,7026,4280,2746,1232,1663,5363,6.88458917164816,7.3338763317757,6.18431639475601,6.29274188311688,6.78416277811185,6.91573015476412,159
"161",2019,5,6.625,12,7.4,6.07142857142857,7,4,6.86363636363636,5,7,2,1,11,7038,4285,2753,1234,1664,5374,6.88414656436487,7.33395348891482,6.18402935706502,6.29388816855754,6.78248960336539,6.91562352437663,160
"162",2019,6,6.08333333333333,12,6.27777777777778,5.5,NA,4.16666666666667,6.72222222222222,9,3,0,3,9,7050,4294,2756,1234,1667,5383,6.88278347801418,7.33173979972054,6.18328476777939,6.29388816855754,6.77778206358728,6.91530017090841,161
"163",2019,7,6.66666666666667,21,7.3,6.09090909090909,5.8,7.75,6.41176470588235,10,11,5,4,17,7071,4304,2767,1239,1671,5400,6.88214163767501,7.33166605483271,6.18291753523672,6.29189507667474,6.78010933572711,6.91371496666667,162
"164",2019,8,6.33333333333333,27,7,5.36363636363636,5.6,6.48333333333333,6.29047619047619,16,11,5,6,21,7098,4320,2778,1244,1677,5421,6.88005403212172,7.33043766203704,6.1796734413247,6.28911414790997,6.77904752534287,6.91130064932669,163
"165",2019,9,6.74090909090909,22,7.1,6.44166666666667,6.225,7.5,6.57222222222222,10,12,8,4,18,7120,4330,2790,1252,1681,5439,6.87962408988764,7.32990547344111,6.18080029390681,6.28870447284345,6.78076305770375,6.91017849236992,164
"166",2019,10,6.90909090909091,22,7.05555555555556,6.25,5,6.5,7,18,4,1,4,18,7142,4348,2794,1253,1685,5457,6.87971485858303,7.32876971021159,6.18089936292054,6.28767597765363,6.7800965578635,6.91047477002016,165
"167",2019,11,6.68333333333333,24,7.01333333333333,6.13333333333333,5.84,6.25,6.77,15,9,5,4,20,7166,4363,2803,1258,1689,5477,6.87905714764164,7.32768523951409,6.18074663574741,6.28589666136725,6.77884114860864,6.90996180755888,166
"168",2019,12,7,24,7.38235294117647,6.07142857142857,6.16666666666667,7.83333333333333,6.72222222222222,17,7,3,6,18,7190,4380,2810,1261,1695,5495,6.8794608511822,7.32789742009132,6.18047431316726,6.28561300555115,6.78257386430678,6.90934682802548,167
"169",2020,1,6.66,40,7.08636363636364,6.13888888888889,6.625,6.7,6.65294117647059,22,18,12,6,34,7230,4402,2828,1273,1701,5529,6.87824668326418,7.3266902998637,6.1802096251768,6.28881225451689,6.78228259847149,6.90777008862362,168
"170",2020,2,6.78571428571429,28,7.09523809523809,5.85714285714286,5.5,7,6.71428571428571,21,7,4,7,21,7258,4423,2835,1277,1708,5550,6.87788971066409,7.32559138593715,6.17941192945326,6.28634142521535,6.78317488290398,6.90703798558559,169
"171",2020,3,6.8825,28,7.37777777777778,5.991,5.36666666666667,6.5,6.9284,18,10,6,3,25,7286,4441,2845,1283,1711,5575,6.877907427944,7.32580290475118,6.17874967311072,6.2820405300078,6.78267837521917,6.9071337793722,170
"172",2020,4,7.04166666666667,24,7.61111111111111,5.33333333333333,5.5,6.25,7.2,18,6,4,4,20,7310,4459,2851,1287,1715,5595,6.87844507797537,7.3269546310832,6.17697047351806,6.27960994560995,6.78143597667639,6.90818066487936,171
"173",2020,5,6.8125,24,7.36111111111111,5.16666666666667,5,7.6,6.60526315789474,18,6,3,5,19,7334,4477,2857,1290,1720,5614,6.87822927733842,7.32709195890105,6.17484872943647,6.27663410852713,6.78381552325581,6.9071554720342,172
"174",2020,6,6.35714285714286,14,7.71428571428571,5,5.33333333333333,5,6.46153846153846,7,7,3,1,13,7348,4484,2864,1293,1721,5627,6.87723646162221,7.32769640945584,6.17197724162011,6.27444547563805,6.78277902382336,6.90612596765594,173
"175",2020,7,7.06818181818182,11,7.3,6.875,6.85,7.125,7.05555555555556,5,6,5,2,9,7359,4489,2870,1298,1723,5636,6.87752188069031,7.32766556025841,6.17344697560976,6.2766625577812,6.78317626233314,6.90636458836054,174
"176",2020,8,7.40476190476191,21,8.15,6.72727272727273,6.5,6.25,7.52631578947368,10,11,3,2,19,7380,4499,2881,1301,1725,5655,6.87902215718157,7.32949337630585,6.17556154807359,6.27717755572637,6.78255808695652,6.90844753669319,175
"177",2020,9,6.65714285714286,21,7.20625,4.9,6.83333333333333,5.83333333333333,6.79444444444444,16,5,3,3,18,7401,4515,2886,1304,1728,5673,6.87839258478584,7.32905663344408,6.17335163548164,6.27845705521472,6.78091012731482,6.90808581350256,176
"178",2020,10,7.18214285714286,28,7.255,7,5.33333333333333,5.9,7.39583333333333,20,8,3,4,24,7429,4535,2894,1307,1732,5697,6.87953742361018,7.32873003307608,6.17563677263303,6.27628768171385,6.77887569284065,6.91014056872038,177
"179",2020,11,7.2125,24,7.355,6.5,6.5,6.375,7.38,20,4,1,4,20,7453,4555,2898,1308,1736,5717,6.88060962297061,7.32884537870472,6.176084478951,6.27645871559633,6.77794510368664,6.91178429595942,178
"180",2020,12,6.875,20,7.375,6.125,6.2,7.83333333333333,6.70588235294118,12,8,5,3,17,7473,4567,2906,1313,1739,5734,6.88059460992908,7.32896665206919,6.17594384721266,6.27616755521706,6.77976578493387,6.9111738437391,179
"181",2021,1,6.25161290322581,31,6.9,5.64375,5.68571428571429,6.3,6.24230769230769,15,16,7,5,26,7504,4582,2922,1320,1744,5760,6.87799620469083,7.32756235268442,6.17302971252567,6.27303636363636,6.77839030963303,6.90815465625,180
"182",2021,2,7.1169696969697,33,7.36916666666667,6.44444444444444,6.83333333333333,6.33333333333333,7.19533333333333,24,9,3,3,30,7537,4606,2931,1323,1747,5790,6.87904252620406,7.32777913590968,6.17386312521324,6.27430687830688,6.77762604464797,6.90964262867012,181
"183",2021,3,6.8,20,7.22727272727273,6.27777777777778,6.42857142857143,7.1,6.7,11,9,7,5,15,7557,4617,2940,1330,1752,5805,6.87883333597989,7.32753967944553,6.17418123129252,6.27511879699248,6.77854606164384,6.90910091645134,182
"184",2021,4,7.41153846153846,26,7.89411764705882,6.5,6.875,8.25,7.34166666666667,17,9,4,2,24,7583,4634,2949,1334,1754,5829,6.88065983383885,7.3296181916271,6.17517559172601,6.27691754122938,6.78022388825542,6.91088193858295,183
"185",2021,5,6.78571428571429,21,7.60714285714286,5.14285714285714,6,5,7.08333333333333,14,7,4,3,18,7604,4648,2956,1338,1757,5847,6.88039762230405,7.33045410929432,6.17273099458728,6.27608968609865,6.77718423449061,6.91141283051137,184
"186",2021,6,7.54545454545455,11,7.92857142857143,6.875,NA,7.875,7.35714285714286,7,4,0,4,7,7615,4655,2960,1338,1761,5854,6.88135830860144,7.33135353383459,6.17368000675676,6.27608968609865,6.77967785349233,6.91194581824394,185
"187",2021,7,6.78611111111111,18,7.05769230769231,6.08,6,7,6.77352941176471,13,5,2,1,17,7633,4668,2965,1340,1762,5871,6.88113369841478,7.33059140959726,6.17352203035413,6.2756776119403,6.77980289443814,6.91154502129109,186
"188",2021,8,6.39411764705882,17,7.60909090909091,4.16666666666667,5,6.33333333333333,6.40714285714286,11,6,2,3,14,7650,4679,2971,1342,1765,5885,6.88005144052287,7.33124614233811,6.16946914170313,6.27377645305514,6.77904402266289,6.91034508411215,187
"189",2021,9,6.63181818181818,22,7.45,5.65,5.125,4.5,6.845,12,10,4,2,20,7672,4691,2981,1346,1767,5905,6.87933961418144,7.33154992538904,6.16772654142905,6.27036255572065,6.77646445953594,6.91012376291279,188
"190",2021,10,6.38888888888889,9,6.875,6,6.5,6,6.4375,4,5,2,1,8,7681,4695,2986,1348,1768,5913,6.87876494206483,7.33116095846645,6.16744568653717,6.27070326409495,6.77602528280543,6.90948432606122,189
"191",2021,11,7.0922668,25,7.24121227272727,6,6,7,7.10984142857143,22,3,2,4,21,7706,4717,2989,1350,1772,5934,6.87945759018946,7.33074143947424,6.16727762462362,6.27030222222222,6.77653086907449,6.91019337546343,190
"192",2021,12,6.29103448275862,29,6.91333333333333,5.27272727272727,4.5,7,6.1776,18,11,4,4,25,7735,4735,3000,1354,1776,5959,6.8772514789916,7.32915467159451,6.16399760666667,6.26507237813885,6.77703417792793,6.9071199009901,191
"193",2022,1,7.09259259259259,27,7.8125,6.04545454545455,6.4375,7.16666666666667,7.08333333333333,16,11,8,3,24,7762,4751,3011,1362,1779,5983,6.87800053980933,7.33078243948642,6.16356453669877,6.26608516886931,6.77769123102867,6.90782675747953,192
"194",2022,2,6.77678571428571,28,7.34,6.12692307692308,6.4,6.65,6.81136363636364,15,13,6,6,22,7790,4766,3024,1368,1785,6005,6.8776367381258,7.33081144985313,6.16340701719577,6.26667251461988,6.77726201680672,6.90747335387177,193
"195",2022,3,7.26666666666667,15,7.375,6.83333333333333,6.75,8,7.08333333333333,12,3,2,3,12,7805,4778,3027,1370,1788,6017,6.8783843933376,7.33092242988698,6.16407096795507,6.26737810218978,6.77931359060403,6.90782408010636,194
"196",2022,4,6.76,10,7.44285714285714,5.16666666666667,NA,9,6.51111111111111,7,3,0,1,9,7815,4785,3030,1370,1789,6026,6.87823290978887,7.33108617972832,6.1630834389439,6.26737810218978,6.78055489100056,6.9072315781613,195
"197",2022,5,6.60384615384615,26,7.26666666666667,5.7,7.5,7,6.57083333333333,15,11,2,2,24,7841,4800,3041,1372,1791,6050,6.87732306976151,7.33088486875,6.16140835909241,6.2691749271137,6.78079994416527,6.90589710578512,196
"198",2022,6,6.24,10,7.5,5.4,6.5,6.4,6.22222222222222,4,6,2,1,9,7851,4804,3047,1374,1792,6059,6.87651129665011,7.33102568068276,6.15990903183459,6.26951091703057,6.78058744419643,6.90488157946856,197
"199",2022,7,7.38571428571429,14,7.4,7.33333333333333,7.5,7.06666666666667,7.625,11,3,2,6,8,7865,4815,3050,1376,1798,6067,6.87741769739351,7.33118325441329,6.16106321967213,6.27129941860465,6.78154210233593,6.90583113400363,198
"200",2022,8,7.52272727272727,22,8.03571428571429,6.625,6.5,7.625,7.5,14,8,4,4,18,7887,4829,3058,1380,1802,6085,6.87921772410295,7.3332257962311,6.16227691955527,6.27196231884058,6.78341437291898,6.9075887411668,199
"201",2022,9,7.15714285714286,21,7.40625,6.36,5.4,7,7.18333333333333,16,5,1,3,18,7908,4845,3063,1381,1805,6103,6.87995576504805,7.3334669494324,6.16259968005224,6.27133091962346,6.78377434903047,6.90840201376372,200
"202",2022,10,7.22857142857143,21,7.33333333333333,7.08888888888889,8,7.4,7.21052631578947,12,9,2,2,19,7929,4857,3072,1383,1807,6122,6.88087907554547,7.33346661931233,6.16531341796875,6.27383080260304,6.78445639180963,6.90933967494283,201
"203",2022,11,6.83636363636364,22,7.29333333333333,5.85714285714286,7,8,6.65263157894737,15,7,2,3,19,7951,4872,3079,1385,1810,6141,6.88075590365992,7.33334305623974,6.16461280285807,6.27487942238267,6.78647110497238,6.90854543071161,202
"204",2022,12,7.34375,16,7.04545454545455,8,9,7.66666666666667,7.26923076923077,11,5,1,3,13,7967,4883,3084,1386,1813,6154,6.88168572737542,7.3326945259062,6.16758846303502,6.2768455988456,6.78792757859901,6.90930735944101,203
