"","year","month","avg_rating","no_ratings","avg_rating_owned","avg_rating_not_owned","avg_rating_prev_owned","avg_rating_comment","avg_rating_no_comment","no_ratings_owned","no_ratings_not_owned","no_ratings_prev_owned","no_ratings_comment","no_ratings_no_comment","cum_no_ratings","cum_no_ratings_owned","cum_no_ratings_not_owned","cum_no_ratings_prev_owned","cum_no_ratings_comment","cum_no_ratings_no_comment","cum_avg_rating","cum_avg_rating_owned","cum_avg_rating_not_owned","cum_avg_rating_prev_owned","cum_avg_rating_comment","cum_avg_rating_no_comment","month_after_release"
"1",2001,6,8,1,8,NA,NA,NA,8,1,0,0,0,1,1,1,0,0,0,1,8,8,NA,NA,NA,8,0
"2",2001,8,10,1,10,NA,NA,NA,10,1,0,0,0,1,2,2,0,0,0,2,9,9,NA,NA,NA,9,2
"3",2001,10,9,1,9,NA,NA,NA,9,1,0,0,0,1,3,3,0,0,0,3,9,9,NA,NA,NA,9,4
"4",2001,11,8,1,8,NA,NA,NA,8,1,0,0,0,1,4,4,0,0,0,4,8.75,8.75,NA,NA,NA,8.75,5
"5",2001,12,7,1,7,NA,NA,NA,7,1,0,0,0,1,5,5,0,0,0,5,8.4,8.4,NA,NA,NA,8.4,6
"6",2002,1,8,1,8,NA,NA,NA,8,1,0,0,0,1,6,6,0,0,0,6,8.33333333333333,8.33333333333333,NA,NA,NA,8.33333333333333,7
"7",2002,6,10,1,10,NA,NA,NA,10,1,0,0,0,1,7,7,0,0,0,7,8.57142857142857,8.57142857142857,NA,NA,NA,8.57142857142857,12
"8",2002,8,5,1,NA,5,NA,NA,5,0,1,0,0,1,8,7,1,0,0,8,8.125,8.57142857142857,5,NA,NA,8.125,14
"9",2002,10,7,2,9,5,NA,9,5,1,1,0,1,1,10,8,2,0,1,9,7.9,8.625,5,NA,9,7.77777777777778,16
"10",2002,11,7.4,5,8,6.5,NA,9,7,3,2,0,1,4,15,11,4,0,2,13,7.73333333333333,8.45454545454546,5.75,NA,9,7.53846153846154,17
"11",2002,12,9,2,9,NA,NA,NA,9,2,0,0,0,2,17,13,4,0,2,15,7.88235294117647,8.53846153846154,5.75,NA,9,7.73333333333333,18
"12",2003,1,8,3,9,6,NA,10,7,2,1,0,1,2,20,15,5,0,3,17,7.9,8.6,5.8,NA,9.33333333333333,7.64705882352941,19
"13",2003,2,6.5,2,6.5,NA,NA,NA,6.5,2,0,0,0,2,22,17,5,0,3,19,7.77272727272727,8.35294117647059,5.8,NA,9.33333333333333,7.52631578947368,20
"14",2003,3,6.5,2,6.5,NA,NA,NA,6.5,2,0,0,0,2,24,19,5,0,3,21,7.66666666666667,8.1578947368421,5.8,NA,9.33333333333333,7.42857142857143,21
"15",2003,5,6,1,NA,6,NA,6,NA,0,1,0,1,0,25,19,6,0,4,21,7.6,8.1578947368421,5.83333333333333,NA,8.5,7.42857142857143,23
"16",2003,6,7,2,8,6,NA,NA,7,1,1,0,0,2,27,20,7,0,4,23,7.55555555555556,8.15,5.85714285714286,NA,8.5,7.39130434782609,24
"17",2003,7,8.05,10,8.3125,7,NA,9.5,7.6875,8,2,0,2,8,37,28,9,0,6,31,7.68918918918919,8.19642857142857,6.11111111111111,NA,8.83333333333333,7.46774193548387,25
"18",2003,8,7,6,6.33333333333333,7.66666666666667,NA,8.5,6.25,3,3,0,2,4,43,31,12,0,8,35,7.59302325581395,8.01612903225806,6.5,NA,8.75,7.32857142857143,26
"19",2003,9,8.40909090909091,11,9,7.375,NA,8.875,8.14285714285714,7,4,0,4,7,54,38,16,0,12,42,7.75925925925926,8.19736842105263,6.71875,NA,8.79166666666667,7.46428571428571,27
"20",2003,10,7.7,5,7.25,8,8,6.5,8,2,3,1,1,4,59,40,19,1,13,46,7.75423728813559,8.15,6.92105263157895,8,8.61538461538461,7.51086956521739,28
"21",2003,11,10,1,10,NA,NA,NA,10,1,0,0,0,1,60,41,19,1,13,47,7.79166666666667,8.19512195121951,6.92105263157895,8,8.61538461538461,7.56382978723404,29
"22",2003,12,9.08333333333333,3,9.08333333333333,NA,NA,8.25,9.5,3,0,0,1,2,63,44,19,1,14,49,7.8531746031746,8.25568181818182,6.92105263157895,8,8.58928571428571,7.64285714285714,30
"23",2004,1,8.5,2,8.5,NA,NA,9,8,2,0,0,1,1,65,46,19,1,15,50,7.87307692307692,8.26630434782609,6.92105263157895,8,8.61666666666667,7.65,31
"24",2004,2,7.57142857142857,7,8.16666666666667,4,NA,7,7.8,6,1,0,2,5,72,52,20,1,17,55,7.84375,8.25480769230769,6.775,8,8.42647058823529,7.66363636363636,32
"25",2004,3,6.6,4,6.8,6,NA,NA,6.6,3,1,0,0,4,76,55,21,1,17,59,7.77828947368421,8.17545454545455,6.73809523809524,8,8.42647058823529,7.59152542372881,33
"26",2004,4,8.2,5,9,5,NA,7,9,4,1,0,2,3,81,59,22,1,19,62,7.80432098765432,8.23135593220339,6.65909090909091,8,8.27631578947368,7.65967741935484,34
"27",2004,5,8.4,5,8.25,9,NA,10,8,4,1,0,1,4,86,63,23,1,20,66,7.83895348837209,8.23253968253968,6.76086956521739,8,8.3625,7.68030303030303,35
"28",2004,6,8.22222222222222,9,8.28571428571429,8,NA,8.4,8,7,2,0,5,4,95,70,25,1,25,70,7.87526315789474,8.23785714285714,6.86,8,8.37,7.69857142857143,36
"29",2004,7,7.625,4,7.625,NA,NA,8,7.5,4,0,0,1,3,99,74,25,1,26,73,7.86515151515152,8.20472972972973,6.86,8,8.35576923076923,7.69041095890411,37
"30",2004,8,8.28571428571429,7,8.5,7,NA,10,8,6,1,0,1,6,106,80,26,1,27,79,7.89292452830189,8.226875,6.86538461538461,8,8.41666666666667,7.71392405063291,38
"31",2004,9,8.2,5,8.2,NA,NA,7.66666666666667,9,5,0,0,3,2,111,85,26,1,30,81,7.90675675675676,8.22529411764706,6.86538461538461,8,8.34166666666667,7.74567901234568,39
"32",2004,10,7.75,8,8.2,7,NA,8.5,7.5,5,3,0,2,6,119,90,29,1,32,87,7.89621848739496,8.22388888888889,6.87931034482759,8,8.3515625,7.72873563218391,40
"33",2004,11,7.0625,8,7.21428571428571,6,NA,6.25,7.33333333333333,7,1,0,2,6,127,97,30,1,34,93,7.84370078740157,8.15103092783505,6.85,8,8.22794117647059,7.70322580645161,41
"34",2004,12,7.925,4,8.56666666666667,6,NA,7.35,8.5,3,1,0,2,2,131,100,31,1,36,95,7.84618320610687,8.1635,6.82258064516129,8,8.17916666666667,7.72,42
"35",2005,1,7.6,10,7.88888888888889,5,NA,7.25,7.83333333333333,9,1,0,4,6,141,109,32,1,40,101,7.82872340425532,8.1408256880734,6.765625,8,8.08625,7.72673267326733,43
"36",2005,2,6.25,8,7.16666666666667,3.5,NA,6.25,6.25,6,2,0,4,4,149,115,34,1,44,105,7.74395973154362,8.09,6.57352941176471,8,7.91931818181818,7.67047619047619,44
"37",2005,3,8.14285714285714,7,8.6,7,NA,8.5,8,5,2,0,2,5,156,120,36,1,46,110,7.76185897435897,8.11125,6.59722222222222,8,7.9445652173913,7.68545454545455,45
"38",2005,4,8.125,8,8.8,7,7,8.2,8,5,3,1,5,3,164,125,39,2,51,113,7.77957317073171,8.1388,6.62820512820513,7.5,7.96960784313725,7.69380530973451,46
"39",2005,5,7.33333333333333,12,8,6,NA,8.28571428571429,6,8,4,0,7,5,176,133,43,2,58,118,7.74914772727273,8.13045112781955,6.56976744186047,7.5,8.00775862068965,7.62203389830508,47
"40",2005,6,8.83333333333333,6,9.125,8.25,NA,9.33333333333333,8.33333333333333,4,2,0,3,3,182,137,45,2,61,121,7.78489010989011,8.15948905109489,6.64444444444444,7.5,8.07295081967213,7.6396694214876,48
"41",2005,7,8.37692307692308,13,8.71818181818182,6.5,NA,8.475,8.33333333333333,11,2,0,4,9,195,148,47,2,65,130,7.82435897435897,8.20101351351351,6.63829787234043,7.5,8.09769230769231,7.68769230769231,49
"42",2005,8,8.66666666666667,15,8.66666666666667,NA,NA,8.5,8.91666666666667,15,0,0,9,6,210,163,47,2,74,136,7.88452380952381,8.24386503067485,6.63829787234043,7.5,8.14662162162162,7.74191176470588,50
"43",2005,9,7.88235294117647,17,8.2,5.5,NA,7.8,7.91666666666667,15,2,0,5,12,227,178,49,2,79,148,7.88436123348018,8.24016853932584,6.59183673469388,7.5,8.1246835443038,7.75608108108108,51
"44",2005,10,6.55555555555556,9,8.8,3.75,NA,5.66666666666667,7,5,4,0,3,6,236,183,53,2,82,154,7.83368644067797,8.25546448087432,6.37735849056604,7.5,8.03475609756097,7.72662337662338,52
"45",2005,11,7.38888888888889,9,7.91666666666667,6.33333333333333,NA,7.5,7.3,6,3,0,4,5,245,189,56,2,86,159,7.81734693877551,8.24470899470899,6.375,7.5,8.00988372093023,7.71320754716981,53
"46",2005,12,8.42307692307692,13,8.63636363636364,7.25,NA,8.375,8.44444444444444,11,2,0,4,9,258,200,58,2,90,168,7.84786821705426,8.26625,6.4051724137931,7.5,8.02611111111111,7.75238095238095,54
"47",2006,1,7.93478260869565,23,8.65625,6.28571428571429,NA,7.91666666666667,7.95454545454545,16,7,0,12,11,281,216,65,2,102,179,7.85498220640569,8.29513888888889,6.39230769230769,7.5,8.01323529411765,7.76480446927374,55
"48",2006,2,6.85,10,7.35714285714286,5.66666666666667,7.5,7.58333333333333,5.75,7,3,2,6,4,291,223,68,4,108,183,7.82044673539519,8.26569506726457,6.36029411764706,7.5,7.98935185185185,7.7207650273224,56
"49",2006,3,7.99521739130435,23,8.27166666666667,7,NA,7.90909090909091,8.07416666666667,18,5,0,11,12,314,241,73,4,119,195,7.83324840764331,8.26614107883817,6.4041095890411,7.5,7.98193277310924,7.74251282051282,57
"50",2006,4,8.17647058823529,17,8.53846153846154,7,7,8.54545454545454,7.5,13,4,1,11,6,331,254,77,5,130,201,7.85087613293051,8.28007874015748,6.43506493506494,7.4,8.02961538461538,7.7352736318408,58
"51",2006,5,8.54,20,8.68333333333333,7.25,NA,9.07,8.01,18,2,0,10,10,351,272,79,5,140,211,7.89014245014245,8.30676470588235,6.45569620253165,7.4,8.10392857142857,7.74829383886256,59
"52",2006,6,8.52692307692308,13,8.54090909090909,8.45,NA,8.975,8.14285714285714,11,2,0,6,7,364,283,81,5,146,218,7.91288461538462,8.31586572438163,6.50493827160494,7.4,8.13972602739726,7.76096330275229,60
"53",2006,7,7.53125,16,8.01538461538462,5.43333333333333,NA,7.24,7.66363636363636,13,3,0,5,11,380,296,84,5,151,229,7.89681578947368,8.30266891891892,6.46666666666667,7.4,8.10993377483444,7.75628820960699,61
"54",2006,8,7.98913043478261,23,8.25,6.75,NA,8.75,7.5,19,4,0,9,14,403,315,88,5,160,243,7.90208436724566,8.29949206349207,6.47954545454545,7.4,8.1459375,7.74152263374486,62
"55",2006,9,8.53076923076923,26,8.8952380952381,7,8,8.59090909090909,8.48666666666667,21,5,2,11,15,429,336,93,7,171,258,7.94018648018648,8.33672619047619,6.50752688172043,7.57142857142857,8.17456140350877,7.78484496124031,63
"56",2006,10,7.98333333333333,30,8.43478260869565,6.5,NA,8.92857142857143,7.69565217391304,23,7,0,7,23,459,359,100,7,178,281,7.94300653594771,8.34300835654596,6.507,7.57142857142857,8.20421348314607,7.77754448398576,64
"57",2006,11,8.22727272727273,22,8.38888888888889,7.5,6,8.7,8.08823529411765,18,4,1,5,17,481,377,104,8,183,298,7.95600831600832,8.34519893899204,6.54519230769231,7.375,8.21775956284153,7.79526845637584,65
"58",2006,12,7.93333333333333,36,8.16551724137931,6.97142857142857,NA,8.2,7.83076923076923,29,7,0,10,26,517,406,111,8,193,324,7.95442940038685,8.33236453201971,6.57207207207207,7.375,8.21683937823834,7.79811728395062,66
"59",2007,1,7.59411764705882,34,8.19230769230769,5.65,7,8.20833333333333,7.25909090909091,26,8,1,12,22,551,432,119,9,205,346,7.93219600725953,8.32393518518519,6.51008403361344,7.33333333333333,8.21634146341463,7.76384393063584,67
"60",2007,2,7.4070625,24,7.97058823529412,6.0385,5,7.09090909090909,7.67457692307692,17,7,1,11,13,575,449,126,10,216,359,7.91027739130435,8.31055679287305,6.48388492063492,7.1,8.15902777777778,7.76061142061281,68
"61",2007,3,8.36818181818182,22,8.49375,8.03333333333333,10,8.52,8.24166666666667,16,6,1,10,12,597,465,132,11,226,371,7.92715159128978,8.31686021505377,6.55431439393939,7.36363636363636,8.175,7.77617115902965,69
"62",2007,4,7.53243243243243,37,8.11739130434783,6.57142857142857,NA,7.54545454545455,7.52692307692308,23,14,0,11,26,634,488,146,11,237,397,7.90411593059937,8.30745901639344,6.55595547945205,7.36363636363636,8.1457805907173,7.75984760705289,70
"63",2007,5,7.64516129032258,31,8.02173913043478,6.5625,NA,7.79166666666667,7.55263157894737,23,8,0,12,19,665,511,154,11,249,416,7.89204436090226,8.2945988258317,6.55629545454545,7.36363636363636,8.12871485943775,7.75038341346154,71
"64",2007,6,8.06341463414634,41,8.19117647058824,7.44285714285714,7.875,8.42857142857143,7.87407407407407,34,7,4,14,27,706,545,161,15,263,443,7.90199645892351,8.28814678899083,6.59484161490683,7.5,8.14467680608365,7.75792212189616,72
"65",2007,7,7.97096774193548,31,8.18888888888889,6.5,NA,8.5,7.71904761904762,27,4,0,10,21,737,572,165,15,273,464,7.90489755766622,8.28346153846154,6.59254242424242,7.5,8.15769230769231,7.75616271551724,73
"66",2007,8,7.721875,32,7.87407407407407,6.9,NA,8.11538461538461,7.45263157894737,27,5,0,13,19,769,599,170,15,286,483,7.89728153446034,8.26500834724541,6.60158529411765,7.5,8.15576923076923,7.74422256728778,74
"67",2007,9,7.11212121212121,33,7.62857142857143,6.20833333333333,6,6.885,7.46153846153846,21,12,3,20,13,802,620,182,18,306,496,7.86497443890275,8.24345161290323,6.57565659340659,7.25,8.07271241830066,7.73681350806451,75
"68",2007,10,8.18292682926829,41,8.8,6.5,NA,8.85,7.96774193548387,30,11,0,10,31,843,650,193,18,316,527,7.88043831553974,8.26913846153847,6.57134455958549,7.25,8.09731012658228,7.75039753320683,76
"69",2007,11,8.07317073170732,41,8.12121212121212,7.875,NA,8.59090909090909,7.88333333333333,33,8,0,11,30,884,683,201,18,327,557,7.88937726244344,8.26199121522694,6.62323134328358,7.25,8.11391437308868,7.75755745062836,77
"70",2007,12,7.48958333333333,48,8.34848484848485,5.6,5.5,7.27083333333333,7.70833333333333,33,15,2,24,24,932,716,216,20,351,581,7.86878701716738,8.26597765363129,6.55217361111111,7.075,8.05626780626781,7.75552409638554,78
"71",2008,1,8.13333333333333,30,8.19230769230769,7.75,NA,8.5,7.76666666666667,26,4,0,15,15,962,742,220,20,366,596,7.8770369022869,8.2633962264151,6.57395227272727,7.075,8.07445355191257,7.75580453020134,79
"72",2008,2,7.97777777777778,36,8.45769230769231,6.73,7,8.45,7.67727272727273,26,10,1,14,22,998,768,230,21,380,618,7.88067084168337,8.26997395833334,6.58073695652174,7.07142857142857,8.08828947368421,7.75300889967637,80
"73",2008,3,7.86363636363636,44,8.13888888888889,6.625,7.33333333333333,8.48125,7.51071428571429,36,8,3,16,28,1042,804,238,24,396,646,7.87995153550864,8.26410447761194,6.58222478991597,7.10416666666667,8.10416666666667,7.74250696594427,81
"74",2008,4,8.28478260869565,23,8.503125,7.78571428571429,NA,8.2125,8.36363636363636,16,7,0,12,11,1065,820,245,24,408,657,7.88869436619718,8.26876829268293,6.61661020408163,7.10416666666667,8.10735294117647,7.75290639269406,82
"75",2008,5,7.99772727272727,44,8.26875,7.275,NA,8.29166666666667,7.645,32,12,0,24,20,1109,852,257,24,432,677,7.89302028854824,8.26876760563381,6.64735214007782,7.10416666666667,8.11759259259259,7.74971861152142,83
"76",2008,6,7.93939393939394,33,8.34,6.6875,8,7.41176470588235,8.5,25,8,1,17,16,1142,877,265,25,449,693,7.89436033274956,8.27079817559864,6.6485641509434,7.14,8.09086859688196,7.76704112554112,84
"77",2008,7,8.35294117647059,34,8.39285714285714,8.16666666666667,7,8.5,8.28260869565217,28,6,1,11,23,1176,905,271,26,460,716,7.90761862244898,8.27457458563536,6.68217527675277,7.13461538461539,8.10065217391304,7.78360265363128,85
"78",2008,8,7.99019607843137,51,8.27692307692308,7.05833333333333,7.5,8.38888888888889,7.77272727272727,39,12,3,18,33,1227,944,283,29,478,749,7.91105093724531,8.2746716101695,6.69812544169611,7.17241379310345,8.11150627615063,7.78312349799733,86
"79",2008,9,7.37560975609756,41,8.21851851851852,5.75,5.5,7.20526315789474,7.52272727272727,27,14,2,19,22,1268,971,297,31,497,771,7.89373777602524,8.27311019567457,6.65343265993266,7.06451612903226,8.07686116700201,7.77569325551232,87
"80",2008,10,7.67948717948718,39,8.34615384615385,6.34615384615385,8.25,7.73076923076923,7.65384615384615,26,13,2,13,26,1307,997,310,33,510,797,7.88734468247896,8.27501504513541,6.64054677419355,7.13636363636364,8.06803921568628,7.7717183186951,88
"81",2008,11,7.37254901960784,51,7.90789473684211,5.80769230769231,7,7.46666666666667,7.33333333333333,38,13,1,15,36,1358,1035,323,34,525,833,7.86801141384389,8.26153623188406,6.60702631578947,7.13235294117647,8.05085714285714,7.7527725090036,89
"82",2008,12,7.83846153846154,39,8.42727272727273,7.07647058823529,6,7.88888888888889,7.82333333333333,22,17,2,9,30,1397,1057,340,36,534,863,7.86718647100931,8.2649858088931,6.63049852941176,7.06944444444444,8.04812734082397,7.75522537659328,90
"83",2009,1,8.06734693877551,49,8.39722222222222,7.15384615384615,8.5,8.07142857142857,8.06571428571429,36,13,2,14,35,1446,1093,353,38,548,898,7.87396922544952,8.26934126258006,6.64977195467422,7.14473684210526,8.04872262773723,7.76732683741648,91
"84",2009,2,7.42422680412371,97,7.78389830508475,6.86578947368421,7.4,7.7875,7.32987012987013,59,38,5,20,77,1543,1152,391,43,568,975,7.84569637070642,8.24447916666667,6.67076598465473,7.17441860465116,8.03952464788732,7.73277897435897,92
"85",2009,3,7.50289855072464,69,7.83877551020408,6.68,6.25,8.16666666666667,7.36315789473684,49,20,2,12,57,1612,1201,411,45,580,1032,7.8310232630273,8.2279267277269,6.67121532846715,7.13333333333333,8.04215517241379,7.71236385658915,93
"86",2009,4,7.31688311688312,77,7.73055555555556,6.95365853658537,4.8,7.22222222222222,7.34576271186441,36,41,5,18,59,1689,1237,452,50,598,1091,7.80758407341622,8.21345189975748,6.69683517699115,6.9,8.01747491638796,7.69253849679193,94
"87",2009,5,7.61948051948052,77,7.81276595744681,7.31666666666667,6,7.5,7.65862068965517,47,30,1,19,58,1766,1284,482,51,617,1149,7.79938250283126,8.19878504672898,6.73541390041494,6.88235294117647,8.0015397082658,7.69082637075718,95
"88",2009,6,7.94418604651163,86,8.35925925925926,7.24375,7.08333333333333,7.52608695652174,8.0968253968254,54,32,6,23,63,1852,1338,514,57,640,1212,7.80610664146868,8.20526158445441,6.76706128404669,6.90350877192982,7.984453125,7.71193028052805,96
"89",2009,7,7.46217948717949,78,7.96818181818182,6.25217391304348,6.33333333333333,7.81458333333333,7.30555555555556,55,23,3,24,54,1930,1393,537,60,664,1266,7.79220699481865,8.19590093323762,6.74500837988827,6.875,7.97831325301205,7.6945967614534,97
"90",2009,8,7.41379310344828,58,7.85135135135135,6.64285714285714,6,8.35,7.21875,37,21,4,10,48,1988,1430,558,64,674,1314,7.78116675050302,8.18698601398602,6.74116397849462,6.8203125,7.98382789317508,7.67721423135464,98
"91",2009,9,7.55220779220779,77,8.1397619047619,6.84714285714286,7.20625,7.68333333333333,7.49283018867925,42,35,8,24,53,2065,1472,593,72,698,1367,7.77262929782082,8.18563858695653,6.74741905564924,6.86319444444444,7.97349570200573,7.67006547183614,99
"92",2009,10,7.69852941176471,68,8.3953488372093,6.5,5.2,7.65384615384615,7.70909090909091,43,25,5,13,55,2133,1515,618,77,711,1422,7.77026699484295,8.19159075907591,6.73741019417476,6.7551948051948,7.9676511954993,7.67157489451477,100
"93",2009,11,7.68272727272727,110,8.20857142857143,6.7625,7,7.92307692307692,7.60833333333333,70,40,6,26,84,2243,1585,658,83,737,1506,7.76597391885867,8.19234069400631,6.73893541033435,6.77289156626506,7.96607869742198,7.66804747675963,101
"94",2009,12,7.47897727272727,88,7.88,6.81060606060606,6.65,8.03571428571429,7.3044776119403,55,33,5,21,67,2331,1640,691,88,758,1573,7.75513921063921,8.18186585365854,6.74235817655572,6.76590909090909,7.96800791556728,7.65256166560712,102
"95",2010,1,7.62,100,7.81967213114754,7.30769230769231,6.06,7.71666666666667,7.58947368421053,61,39,5,24,76,2431,1701,730,93,782,1649,7.74958021390374,8.16887713109936,6.77256095890411,6.72795698924731,7.96029411764706,7.64965403274712,103
"96",2010,2,7.62932692307692,52,8.325,6.19705882352941,6.15625,7.22321428571429,7.77894736842105,35,17,4,14,38,2483,1736,747,97,796,1687,7.74706182037857,8.17202476958526,6.75946385542169,6.70438144329897,7.94733040201005,7.65256639004149,104
"97",2010,3,7.55625,80,8.24,6.41666666666667,6.25,7.15,7.71034482758621,50,30,4,22,58,2563,1786,777,101,818,1745,7.74110593055014,8.17392777155655,6.74622844272844,6.68638613861386,7.92588630806846,7.65448681948424,105
"98",2010,4,7.67307692307692,52,8.1875,6.85,6,8,7.55263157894737,32,20,2,14,38,2615,1818,797,103,832,1783,7.73975315487572,8.17416666666667,6.74883249686324,6.67305825242718,7.92713341346154,7.65231604038138,106
"99",2010,5,7.85142857142857,70,8.32083333333333,6.82727272727273,6.6,7.93333333333333,7.82909090909091,48,22,2,15,55,2685,1866,819,105,847,1838,7.74266461824953,8.1779394426581,6.75093956043956,6.67166666666667,7.92724321133412,7.65760582154516,107
"100",2010,6,7.586,50,8.4375,6.07222222222222,7.75,7.40909090909091,7.63589743589744,32,18,4,11,39,2735,1898,837,109,858,1877,7.73980054844607,8.18231559536354,6.73634348864994,6.71123853211009,7.92060023310023,7.6571547682472,108
"101",2010,7,7.81923076923077,52,8.25263157894737,6.64285714285714,6.5,7.64285714285714,7.88421052631579,38,14,2,14,38,2787,1936,851,111,872,1915,7.74128256189451,8.18369576446281,6.73480552291422,6.70743243243243,7.91614105504587,7.66166031331593,109
"102",2010,8,7.825,64,8.30217391304348,6.60555555555556,6.66666666666667,8.02857142857143,7.768,46,18,3,14,50,2851,1982,869,114,886,1965,7.74316187302701,8.18644550958628,6.73212830840046,6.70635964912281,7.91791760722348,7.66436615776082,110
"103",2010,9,7.85608108108108,74,8.2195652173913,7.25892857142857,6.66666666666667,7.48,7.95169491525424,46,28,3,15,59,2925,2028,897,117,901,2024,7.74601863247863,8.18719674556213,6.74857246376811,6.70534188034188,7.91062708102109,7.67274184782609,111
"104",2010,10,7.94545454545455,66,8.09811320754717,7.32307692307692,8,8.56111111111111,7.71458333333333,53,13,1,18,48,2991,2081,910,118,919,2072,7.75041942494149,8.18492791926958,6.75677967032967,6.71631355932203,7.92336779107726,7.67371114864865,112
"105",2010,11,7.85,131,8.13177083333333,7.07714285714286,7.16666666666667,8.28428571428571,7.69166666666667,96,35,3,35,96,3122,2177,945,121,954,2168,7.75459785393978,8.18258383096004,6.76864497354497,6.72747933884297,7.93660901467505,7.67450622693727,113
"106",2010,12,7.49191919191919,99,8.1344262295082,6.46052631578947,8.16666666666667,7.49,7.49256756756757,61,38,6,25,74,3221,2238,983,127,979,2242,7.74652421608196,8.18127122430742,6.75673397761953,6.79547244094488,7.92520429009193,7.66850111507583,114
"107",2011,1,7.78526315789474,114,8.23703703703704,6.67636363636364,6.43666666666667,7.97619047619048,7.74215053763441,81,33,6,21,93,3335,2319,1016,133,1000,2335,7.74784842578711,8.18321905993963,6.75412352362205,6.77928571428571,7.926275,7.67143447537473,115
"108",2011,2,7.61807228915663,83,8.20019230769231,6.64161290322581,5.3,8.42653846153846,7.24929824561404,52,31,5,26,57,3418,2371,1047,138,1026,2392,7.74469704505559,8.18359131168284,6.75079226361031,6.7256884057971,7.9389522417154,7.6613752090301,116
"109",2011,3,7.75424242424242,99,8.16671875,7,5.875,7.24347826086957,7.90881578947368,64,35,4,23,76,3517,2435,1082,142,1049,2468,7.74496573784475,8.18314784394251,6.75885351201479,6.70172535211268,7.92370352716873,7.66899493517018,117
"110",2011,4,7.47352941176471,68,7.88863636363636,6.7125,5.66666666666667,8.28333333333333,7.3,44,24,3,12,56,3585,2479,1106,145,1061,2524,7.73981715481171,8.17792053247277,6.75784764918626,6.68031034482759,7.92777097078228,7.66080804278922,118
"111",2011,5,7.64657534246575,73,8.35957446808511,6.35769230769231,7.1,7.83333333333333,7.58545454545455,47,26,5,18,55,3658,2526,1132,150,1079,2579,7.73795639693822,8.18130047505939,6.74865680212014,6.6943,7.92619555143651,7.65920104691741,119
"112",2011,6,8.0544776119403,67,8.28,7.39117647058824,6.75,7.9825,8.08510638297872,50,17,2,20,47,3725,2576,1149,152,1099,2626,7.74364953020134,8.18321622670808,6.75816318537859,6.69503289473684,7.92722020018198,7.66682387661843,120
"113",2011,7,7.53243243243243,74,8.19047619047619,6.66875,7.07142857142857,7.73076923076923,7.49016393442623,42,32,7,13,61,3799,2618,1181,159,1112,2687,7.73953527244011,8.18333269671505,6.75574047417443,6.71160377358491,7.92492356115108,7.66281336062523,121
"114",2011,8,7.71067415730337,89,8.27155172413793,6.66129032258065,6,8.28571428571429,7.44672131147541,58,31,3,28,61,3888,2676,1212,162,1140,2748,7.73887461419753,8.18524476831091,6.753324669967,6.69842592592593,7.9337850877193,7.65801655749636,122
"115",2011,9,7.7968253968254,63,8.45121951219512,6.57727272727273,6.93333333333333,8.45,7.67358490566038,41,22,3,10,53,3951,2717,1234,165,1150,2801,7.73979865856745,8.18925837320574,6.75018598055105,6.70269696969697,7.93827391304348,7.65831113887897,123
"116",2011,10,7.84687489583333,96,8.11449260869565,7.16296296296296,8,7.37,8.0147885915493,69,27,1,25,71,4047,2786,1261,166,1175,2872,7.74233864343958,8.18740667264896,6.75902418715305,6.71051204819277,7.9261829787234,7.66712377785515,124
"117",2011,11,7.82070707070707,99,8.08771929824561,7.45833333333333,7.0625,7.4,7.89583333333333,57,42,8,15,84,4146,2843,1303,174,1190,2956,7.74420995899662,8.18540801618009,6.78156523407521,6.72669540229885,7.91955042016807,7.67362296684709,125
"118",2011,12,7.65426829268293,82,8.04137931034483,6.71875,7.58333333333333,7.69444444444444,7.64296875,58,24,3,18,64,4228,2901,1327,177,1208,3020,7.74246558420057,8.18252843502241,6.78042916352675,6.74121468926554,7.91619619205298,7.6729733410596,126
"119",2012,1,7.39471544715447,123,7.89785714285714,6.73018867924528,6.33333333333333,7.35,7.40445544554455,70,53,6,22,101,4351,2971,1380,183,1230,3121,7.73263490921627,8.17582126893302,6.77849963768116,6.72784153005464,7.90606910569106,7.66428371996155,127
"120",2012,2,7.4785,100,8.1491935483871,6.38421052631579,6,7.56818181818182,7.45320512820513,62,38,5,22,78,4451,3033,1418,188,1252,3199,7.72692529543923,8.17527695021431,6.76793335684062,6.70848404255319,7.90013178913738,7.65913707095967,128
"121",2012,3,7.45294117647059,51,8.05151515151515,6.35555555555556,6.33333333333333,6.94545454545455,7.5925,33,18,3,11,40,4502,3066,1436,191,1263,3239,7.72382152154598,8.17394487606001,6.76276427576602,6.70259162303665,7.89181710213777,7.65831413707935,129
"122",2012,4,7.68059701492537,67,8.02666666666667,6.97272727272727,5.75,8.03333333333333,7.60363636363636,45,22,4,12,55,4569,3111,1458,195,1275,3294,7.72318767564018,8.17181452587592,6.76593244170096,6.68305128205128,7.89314901960784,7.65740118093503,130
"123",2012,5,7.74324324324324,74,8.23478260869565,6.93571428571429,7.16,7.55333333333333,7.79152542372881,46,28,5,15,59,4643,3157,1486,200,1290,3353,7.72350732069782,8.17273202090592,6.76913156123822,6.694975,7.8891976744186,7.65976125559201,131
"124",2012,6,7.84626865671642,67,8.37954545454545,6.82608695652174,5.8125,7.76923076923077,7.86481481481481,44,23,8,13,54,4710,3201,1509,208,1303,3407,7.72525360721868,8.17557481724461,6.76999966865474,6.66103365384615,7.88800076745971,7.66301129732903,132
"125",2012,7,7.82746478873239,71,8.20283018867925,6.72222222222222,4,7.625,7.88636363636364,53,18,1,16,55,4781,3254,1527,209,1319,3462,7.72677148922819,8.17601874308543,6.7694364767518,6.6483014354067,7.88481046247157,7.66655964471404,133
"126",2012,8,7.58529411764706,68,8.1225,6.81785714285714,6.5,7.95,7.53666666666667,40,28,2,8,60,4849,3294,1555,211,1327,3522,7.72478747989276,8.17536884942319,6.77030836012862,6.64689573459716,7.88520346646571,7.66434681714935,134
"127",2012,9,7.88450704225352,71,8.25957446808511,7.15,6.6,7.97058823529412,7.85740740740741,47,24,6,17,54,4920,3341,1579,217,1344,3576,7.72709237601626,8.17655342412451,6.77607948068398,6.64559907834101,7.88628348214286,7.66726216163311,135
"128",2012,10,7.94473684210526,76,8.47692307692308,6.79166666666667,7,7.61538461538461,8.01269841269841,52,24,4,13,63,4996,3393,1603,221,1357,3639,7.73040322057646,8.18115679045093,6.77631285090455,6.65201357466063,7.88368828297715,7.67324250893103,136
"129",2012,11,7.3910447761194,67,7.97058823529412,6.79393939393939,7.5,7.9,7.30175438596491,34,33,3,10,57,5063,3427,1636,224,1367,3696,7.7259124017381,8.17906769477677,6.77666839853301,6.66337053571428,7.88380760790051,7.66751339015152,137
"130",2012,12,7.61582278481013,79,8.201,6.60689655172414,6.2,7.57692307692308,7.62348484848485,50,29,5,13,66,5142,3477,1665,229,1380,3762,7.7242210210035,8.17938308599367,6.77371141141141,6.65325327510917,7.88091666666667,7.66674095959596,138
"131",2013,1,7.59943181818182,88,8.18389830508475,6.41034482758621,7.75,7.56521739130435,7.61153846153846,59,29,4,23,65,5230,3536,1694,233,1403,3827,7.72212131739962,8.17945842477375,6.76749085005903,6.67208154506438,7.87574126870991,7.66580336817351,139
"132",2013,2,7.63125,72,8.30365853658537,6.74193548387097,5.75,7.80714285714286,7.55882352941176,41,31,4,21,51,5302,3577,1725,237,1424,3878,7.72088730479064,8.18088202124685,6.7670315942029,6.65651898734177,7.87472963483146,7.66439646467251,140
"133",2013,3,7.65084745762712,59,8.21875,6.97777777777778,6.5,7.175,7.72549019607843,32,27,2,8,51,5361,3609,1752,239,1432,3929,7.7201164875956,8.18121778609033,6.77027939497717,6.65520920502092,7.87082053072626,7.66518948587427,141
"134",2013,4,7.68636363636364,88,7.871875,7.19166666666667,5.75,8.33333333333333,7.55342465753425,64,24,4,15,73,5449,3673,1776,243,1447,4002,7.71957138741053,8.17582765858971,6.77597381756757,6.64030864197531,7.87561506565307,7.66315079710145,142
"135",2013,5,7.92328358208955,67,8.23244444444444,7.29090909090909,6.125,8.05375,7.88235294117647,45,22,4,16,51,5516,3718,1798,247,1463,4053,7.72204577411168,8.17651290747714,6.78227447163515,6.63196356275304,7.87756322624744,7.66590907722675,143
"136",2013,6,7.48245614035088,57,8.13235294117647,6.52173913043478,6.33333333333333,7.5,7.48076923076923,34,23,3,5,52,5573,3752,1821,250,1468,4105,7.71959527902387,8.17611273720682,6.77898380010983,6.62838,7.8762772479564,7.66356382216809,144
"137",2013,7,7.6879381443299,97,8.11765625,6.85454545454545,7,7.85882352941176,7.651625,64,33,1,17,80,5670,3816,1854,251,1485,4185,7.71905370194004,8.17513233490566,6.78032874865156,6.62986055776892,7.87607744107744,7.6633356009558,145
"138",2013,8,7.38433734939759,83,8.09433962264151,6.13,5.5,7.75,7.31014492753623,53,30,8,14,69,5753,3869,1884,259,1499,4254,7.71422466365375,8.17402558542259,6.76997319532909,6.59496138996139,7.87489993328886,7.65760683826987,146
"139",2013,9,7.44631578947368,95,8.15166666666667,6.23714285714286,6.33333333333333,7.375,7.46075949367089,60,35,3,16,79,5848,3929,1919,262,1515,4333,7.70987251880985,8.17368414100279,6.76025508077123,6.59196564885496,7.86962046204621,7.65401788368336,147
"140",2013,10,7.54935897435897,78,8.05636363636364,6.33695652173913,7,8.8125,7.405,55,23,2,8,70,5926,3984,1942,264,1523,4403,7.70775978569018,8.17206450552208,6.75524176107106,6.59505681818182,7.87457321076822,7.65005893481717,148
"141",2013,11,7.57330097087379,103,8.125,6.58918918918919,6.2,7.91052631578947,7.49702380952381,66,37,5,19,84,6029,4050,1979,269,1542,4487,7.70546267871952,8.17129752839506,6.75213719050025,6.58771375464684,7.87501621271077,7.64719400267439,149
"142",2013,12,7.46022727272727,88,7.90754716981132,6.78285714285714,6.5,7.86111111111111,7.35714285714286,53,35,5,18,70,6117,4103,2014,274,1560,4557,7.70193468857283,8.16789056543992,6.75267105263158,6.58611313868613,7.87485576923077,7.6427385319289,150
"143",2014,1,7.63021978021978,91,8.31944444444444,6.62432432432432,8.5,6.91666666666667,7.73860759493671,54,37,2,12,79,6208,4157,2051,276,1572,4636,7.70088345521907,8.16985927110897,6.75035568015602,6.59998188405797,7.86754134860051,7.64437219370147,151
"144",2014,2,7.44861111111111,108,8.37071428571429,5.75,6.4375,7.26296296296296,7.51049382716049,70,38,8,27,81,6316,4227,2089,284,1599,4717,7.69656974192527,8.17318547196593,6.73215868836764,6.59540492957746,7.85733270794246,7.64207324358703,152
"145",2014,3,7.61375,80,7.99111111111111,7.12857142857143,6.375,7.33888888888889,7.69354838709677,45,35,8,18,62,6396,4272,2124,292,1617,4779,7.69553384771732,8.17126755383894,6.738690913371,6.58936643835616,7.85156153370439,7.64274105252145,153
"146",2014,4,7.27560344827586,58,7.88484848484848,6.4714,6.875,7.77142857142857,7.20754901960784,33,25,4,7,51,6454,4305,2149,296,1624,4830,7.6917600697242,8.16907200696863,6.73558143322476,6.59322635135135,7.85121613300493,7.63814585714286,154
"147",2014,5,7.55245901639344,61,7.87837837837838,7.05,6.25,7.25,7.6265306122449,37,24,2,12,49,6515,4342,2173,298,1636,4879,7.69045579278588,8.16659488484569,6.73905407271054,6.59092281879195,7.84680623471883,7.63802920475507,155
"148",2014,6,7.034,50,7.67241379310345,6.15238095238095,6.625,7.4,6.9425,29,21,4,10,40,6565,4371,2194,302,1646,4919,7.68545612947449,8.16331617250056,6.73343869644485,6.59137417218543,7.84409173754556,7.63237334620858,156
"149",2014,7,7.76363636363636,55,8.1,7.175,6.5,8.07692307692308,7.66666666666667,35,20,2,13,42,6620,4406,2214,304,1659,4961,7.68610566314199,8.16281320699046,6.73742750677507,6.59077302631579,7.8459162145871,7.63266367466237,157
"150",2014,8,7.4756338028169,71,7.75615384615385,6.70789473684211,NA,7.83333333333333,7.44261538461538,52,19,0,6,65,6691,4458,2233,304,1665,5026,7.6838722896428,8.15806975998205,6.73717622033139,6.59077302631579,7.84587087087087,7.63020582769598,158
"151",2014,9,7.58647058823529,85,8.24711538461538,6.54545454545455,7,7.13461538461539,7.66805555555556,52,33,4,13,72,6776,4510,2266,308,1678,5098,7.68265045602125,8.15909645011086,6.73438415710503,6.59608766233766,7.84036054827175,7.63074038642605,159
"152",2014,10,7.29470588235294,85,7.84489795918367,6.54583333333333,6.75,7.10714285714286,7.33169014084507,49,36,4,14,71,6861,4559,2302,312,1692,5169,7.67784426322693,8.15571945382759,6.7314354908775,6.5980608974359,7.83429373522459,7.62663271232347,160
"153",2014,11,7.67989010989011,91,8.11046875,6.65925925925926,6.26,7.29333333333333,7.75618421052632,64,27,5,15,76,6952,4623,2329,317,1707,5245,7.67787104286536,8.15509301103179,6.7305987548304,6.59272870662461,7.82954012888108,7.62850991229743,161
"154",2014,12,7.54342105263158,76,8.03541666666667,6.7,7.375,7.58666666666667,7.5327868852459,48,28,4,15,61,7028,4671,2357,321,1722,5306,7.67641711582243,8.1538631963177,6.73023525668222,6.60247663551402,7.82742450638792,7.62740944025631,162
"155",2015,1,7.5123595505618,89,8.13103448275862,6.35483870967742,6.6,7.70625,7.46986301369863,58,31,5,16,73,7117,4729,2388,326,1738,5379,7.67436553182521,8.15358320786635,6.72536201842546,6.60243865030675,7.82630897583429,7.62527133110244,163
"156",2015,2,7.28033707865169,89,7.85087719298246,6.2640625,6.92,7.21153846153846,7.29210526315789,57,32,5,13,76,7206,4786,2420,331,1751,5455,7.66949895781293,8.14997805892185,6.71926219008265,6.60723564954683,7.8217447173044,7.620629604033,164
"157",2015,3,7.0551282051282,78,7.795,6.27631578947368,7.1,6.78888888888889,7.08985507246377,40,38,5,9,69,7284,4826,2458,336,1760,5524,7.66292002883031,8.14703584542063,6.71241436126933,6.61456845238095,7.81646306818182,7.61399972664736,165
"158",2015,4,7.05519480519481,77,7.70520833333333,5.97931034482759,7.175,7.42142857142857,6.97380952380952,48,29,4,14,63,7361,4874,2487,340,1774,5587,7.65656289770412,8.1426846512105,6.70386590269401,6.62116176470588,7.81334554678692,7.6067808287095,166
"159",2015,5,7.43014492753623,69,8.00647058823529,6.87028571428571,7.1275,8.34388888888889,7.29308333333333,34,35,4,9,60,7430,4908,2522,344,1783,5647,7.65446022745626,8.14174103300733,6.70617545598731,6.62704941860465,7.81602355580482,7.60344775810165,167
"160",2015,6,7.70171875,64,8.00121951219512,7.16782608695652,7.625,8.5,7.58767857142857,41,23,4,8,56,7494,4949,2545,348,1791,5703,7.65486382305845,8.14057688219842,6.71034754420432,6.63852011494253,7.81907872696817,7.60329291425565,168
"161",2015,7,7.36612903225806,62,8.10571428571428,6.40740740740741,7.2,8.38888888888889,7.19245283018868,35,27,5,9,53,7556,4984,2572,353,1800,5756,7.65249463869772,8.1403320605939,6.70716737947123,6.6464730878187,7.82192777777778,7.59950998783878,169
"162",2015,8,7.21612903225806,62,7.9,6.575,6.66666666666667,5.35714285714286,7.45272727272727,30,32,3,7,55,7618,5014,2604,356,1807,5811,7.64894322525597,8.1388940945353,6.70554320276498,6.64664325842697,7.81237963475373,7.59812071760454,170
"163",2015,9,7.32857142857143,77,7.81734693877551,6.47321428571429,5.75,7.18181818181818,7.3530303030303,49,28,4,11,66,7695,5063,2632,360,1818,5877,7.64573742560104,8.13578214299822,6.70307161854104,6.63668055555556,7.80856435643564,7.59536829845159,171
"164",2015,10,7.39466666666667,75,7.61428571428571,6.98076923076923,NA,8.16,7.34,49,26,0,5,70,7770,5112,2658,360,1823,5947,7.64331396267696,8.13078344874804,6.70578799849511,6.63668055555556,7.80952825013714,7.59236244997478,172
"165",2015,11,7.37264150943396,106,7.84366197183099,6.41714285714286,5,7.46875,7.35555555555556,71,35,4,16,90,7876,5183,2693,364,1839,6037,7.6396710881158,8.12685027783137,6.70203657630895,6.61869505494505,7.80656334964655,7.5888321169455,173
"166",2015,12,7.06291666666667,120,7.6963768115942,6.20588235294118,6.25,8.29411764705882,6.85970873786408,69,51,8,17,103,7996,5252,2744,372,1856,6140,7.63101544397199,8.12119478103579,6.69281505102041,6.61076612903226,7.81102909482758,7.57660089413681,174
"167",2016,1,7.27981651376147,109,8.00877192982456,6.48076923076923,6.68888888888889,7.17857142857143,7.29473684210526,57,52,9,14,95,8105,5309,2796,381,1870,6235,7.62629234916718,8.11998775475607,6.68887142346209,6.61261154855643,7.80629411764706,7.57230625340818,175
"168",2016,2,7.38506493506493,77,7.98552631578947,6.8,6.28571428571429,6.89285714285714,7.49444444444444,38,39,7,14,63,8182,5347,2835,388,1884,6298,7.62402218161819,8.11903216570039,6.69040017636685,6.60671391752577,7.79950636942675,7.5715273880597,176
"169",2016,3,7.45421686746988,83,8.13265306122449,6.47647058823529,6.33333333333333,8.125,7.38266666666667,49,34,3,8,75,8265,5396,2869,391,1892,6373,7.62231693768905,8.11915585433654,6.6878649355176,6.60461636828644,7.80088266384778,7.56930479993724,177
"170",2016,4,7.46978021978022,91,7.97280701754386,6.62647058823529,6.8,8.48333333333333,7.26973684210526,57,34,5,15,76,8356,5453,2903,396,1907,6449,7.620655755146,8.11762607555474,6.68714588356872,6.60708333333333,7.80625065547981,7.56577445960614,178
"171",2016,5,7.59861111111111,72,8.16190476190476,6.81,6.62,7.43333333333333,7.60579710144928,42,30,5,3,69,8428,5495,2933,401,1910,6518,7.62046742880873,8.11796451137397,6.6884024889192,6.60724438902743,7.80566492146597,7.56619814206812,179
"172",2016,6,7.06875,80,7.72666666666667,6.22285714285714,6.375,5.83333333333333,7.28676470588235,45,35,4,12,68,8508,5540,2968,405,1922,6586,7.6152796767748,8.11478609927797,6.68291256738545,6.60495061728395,7.79335067637877,7.56331301093228,180
"173",2016,7,7.36315789473684,76,7.5390243902439,7.15714285714286,5.9,7.66666666666667,7.33714285714286,41,35,5,6,70,8584,5581,3003,410,1928,6656,7.61304747087605,8.11055635011646,6.68843972693973,6.59635365853658,7.79295643153527,7.56093441856971,181
"174",2016,8,7.62595505617977,89,8.10672131147541,6.57857142857143,7,7.72631578947368,7.59871428571429,61,28,7,19,70,8673,5642,3031,417,1947,6726,7.61317992505477,8.11051488656504,6.68742477730122,6.60312949640288,7.79230611196713,7.56132760779066,182
"175",2016,9,7.54305555555556,72,7.76923076923077,7.27575757575758,6.5,7.1875,7.5875,39,33,4,8,64,8745,5681,3064,421,1955,6790,7.61260257175529,8.1081719750044,6.69376125979112,6.60214964370546,7.78983120204603,7.56157429896907,183
"176",2016,10,7.43064516129032,93,8.07372881355932,6.31470588235294,7,7.21428571428571,7.46898734177215,59,34,6,14,79,8838,5740,3098,427,1969,6869,7.61068788074225,8.10781794250871,6.68960119431892,6.60774004683841,7.78573895378364,7.56050946134809,184
"177",2016,11,7.55666666666667,108,8.25916666666667,6.67854166666667,6.5,8.20333333333333,7.45236559139785,60,48,2,15,93,8946,5800,3146,429,1984,6962,7.6100357131679,8.10938361896551,6.68943245390973,6.60723776223776,7.78889616935484,7.55906485061764,185
"178",2016,12,7.39375,80,7.96122448979592,6.49677419354839,7.3,8.30555555555556,7.12903225806452,49,31,3,18,62,9026,5849,3177,432,2002,7024,7.60811871150011,8.10814241579757,6.68755256531319,6.61204861111111,7.79354145854146,7.55526900484055,186
"179",2017,1,7.62485185185185,108,8.09132394366197,6.72972972972973,6.9,7.47136,7.6710843373494,71,37,5,25,83,9134,5920,3214,437,2027,7107,7.60831656338953,8.10794070777027,6.68803811449907,6.61534324942792,7.78956783423779,7.55662156887576,187
"180",2017,2,7.38026315789474,76,7.95714285714286,6.33333333333333,6.2,8.37727272727273,7.21153846153846,49,27,1,11,65,9210,5969,3241,438,2038,7172,7.60643468946797,8.10670279611325,6.68508315334773,6.61439497716895,7.79273994111874,7.55349407278305,188
"181",2017,3,7.53952702702703,74,8.01329787234043,6.71481481481482,6.5,8.15625,7.46477272727273,47,27,2,8,66,9284,6016,3268,440,2046,7238,7.60590138841017,8.10597307014627,6.68532879436965,6.613875,7.79416129032258,7.55268506355347,189
"182",2017,4,7.54,75,8.03061224489796,6.61538461538461,6.4,7.55,7.53728813559322,49,26,5,16,59,9359,6065,3294,445,2062,7297,7.60537327599102,8.10536421929101,6.68477671523983,6.61147191011236,7.7922667313288,7.55256057146773,190
"183",2017,5,7.60833333333333,72,7.87872340425532,7.1,6,6.55,7.77903225806452,47,25,5,10,62,9431,6112,3319,450,2072,7359,7.60539587424451,8.10362139888743,6.68790433865622,6.60467777777778,7.78627123552123,7.55446860850659,191
"184",2017,6,7.55948275862069,58,7.95294117647059,7.00208333333333,6.6,7.77272727272727,7.50957446808511,34,24,5,11,47,9489,6146,3343,455,2083,7406,7.60511523764359,8.10278782785551,6.69015988632964,6.60462637362637,7.78619971195391,7.5541837010532,192
"185",2017,7,7.07430769230769,65,8.065625,6.1130303030303,4.66666666666667,7.67777777777778,6.97732142857143,32,33,3,9,56,9554,6178,3376,458,2092,7462,7.60150392401089,8.10259533667853,6.68451851303318,6.59193231441048,7.78573326959847,7.5498545282766,193
"186",2017,8,7.39722222222222,72,7.80697674418605,6.78965517241379,7,8.42857142857143,7.28615384615385,43,29,4,7,65,9626,6221,3405,462,2099,7527,7.59997594951174,8.1005519996785,6.68541395007342,6.59546536796537,7.78787708432587,7.54757732031354,194
"187",2017,9,7.78239436619718,71,8.36951219512195,6.98,6,8.375,7.72769230769231,41,30,1,6,65,9697,6262,3435,463,2105,7592,7.60131159018253,8.1023129974449,6.68798675400291,6.59417926565875,7.78955059382422,7.54911940068493,195
"188",2017,10,7.59734693877551,98,7.87967741935484,7.11111111111111,6.28571428571429,7.59272727272727,7.59868421052632,62,36,7,22,76,9795,6324,3471,470,2127,7668,7.60127192343032,8.10013029569892,6.69237525208874,6.58958510638298,7.78751480959097,7.54961065336463,196
"189",2017,11,7.67032967032967,91,8.33728813559322,6.440625,5.5,7.66153846153846,7.67179487179487,59,32,3,13,78,9886,6383,3503,473,2140,7746,7.60190759558972,8.1023224173586,6.69007550670854,6.58267441860465,7.78674953271028,7.55084101342629,197
"190",2017,12,7.51264367816092,87,7.99791666666667,6.91538461538462,7.17142857142857,6.91111111111111,7.58205128205128,48,39,7,9,78,9973,6431,3542,480,2149,7824,7.60112889702196,8.10154314881044,6.69255632411067,6.59126041666667,7.78308236389018,7.55115215874233,198
"191",2018,1,7.61902173913044,92,8.10072463768116,6.17391304347826,7.225,7.24117647058824,7.70466666666667,69,23,4,17,75,10065,6500,3565,484,2166,7899,7.60129244808743,8.10153445999999,6.68921023842917,6.5964979338843,7.77882917820868,7.55260975946322,199
"192",2018,2,7.35454545454545,55,7.81666666666667,6.8,6.5,7.33333333333333,7.35869565217391,30,25,6,9,46,10120,6530,3590,490,2175,7945,7.59995143181818,8.10022572588055,6.68998175487465,6.59531632653061,7.77698574712643,7.55148703461297,200
"193",2018,3,7.27234375,64,7.65605263157895,6.71153846153846,7.2,6.55555555555556,7.38963636363636,38,26,4,9,55,10184,6568,3616,494,2184,8000,7.59789262470542,8.09765590590743,6.69013675331859,6.60021255060729,7.77195238095238,7.55037431125,201
"194",2018,4,7.4,58,8.0054054054054,6.33333333333333,7.1,6.3,7.50377358490566,37,21,5,5,53,10242,6605,3637,499,2189,8053,7.59677196738918,8.0971391355034,6.68807657409953,6.60522044088176,7.7685902238465,7.55006761331181,202
"195",2018,5,7.36315068493151,73,7.91175,6.69818181818182,5.83428571428571,7,7.44183333333333,40,33,7,13,60,10315,6645,3670,506,2202,8113,7.59511861269995,8.09602317381489,6.6881674386921,6.59455533596838,7.76405267938238,7.54926716257858,203
"196",2018,6,7.97333333333333,42,8.18375,7.3,5.5,8.70888888888889,7.77272727272727,32,10,2,9,33,10357,6677,3680,508,2211,8146,7.59665235975669,8.09644361090309,6.68983002717391,6.59024606299213,7.7678986883763,7.55017241468205,204
"197",2018,7,7.70793650793651,63,8.22325581395349,6.6,6.78571428571429,7.875,7.67641509433962,43,20,7,10,53,10420,6720,3700,515,2221,8199,7.59732519097889,8.09725505803571,6.68934445945946,6.59290291262136,7.76838090950022,7.55098847298451,205
"198",2018,8,7.38,73,8.15219512195122,6.390625,6.33333333333333,7.82142857142857,7.27525423728814,41,32,6,14,59,10493,6761,3732,521,2235,8258,7.59581325550367,8.09758822511462,6.68678309217578,6.58991362763916,7.76871319910514,7.5490184657302,206
"199",2018,9,7.38,65,7.80810810810811,6.81428571428571,7.2,8.16666666666667,7.3,37,28,4,6,59,10558,6798,3760,525,2241,8317,7.59448460788028,8.09601264930861,6.68773257978724,6.59456190476191,7.7697786702365,7.54725195262715,207
"200",2018,10,7.43950819672131,61,8.23676470588235,6.43555555555556,6.75,8.5,7.34482142857143,34,27,4,5,56,10619,6832,3787,529,2246,8373,7.59359435822582,8.09671311329039,6.6859346448376,6.59573724007561,7.77140427426536,7.54589806401529,208
"201",2018,11,7.74733333333333,75,8.15865384615385,6.81739130434783,5,7.4375,7.78432835820896,52,23,1,8,67,10694,6884,3810,530,2254,8440,7.59467257247054,8.09718099796629,6.6867282152231,6.59272641509434,7.77021916592724,7.54779081635071,209
"202",2018,12,7.62238095238095,63,7.88317073170732,7.13636363636364,6,8.1375,7.54745454545455,41,22,2,8,55,10757,6925,3832,532,2262,8495,7.59483485079483,8.095913933574,6.68930962943633,6.59049812030075,7.7715181255526,7.54778863919953,210
"203",2019,1,7.4832,100,7.67903225806452,7.16368421052632,6.75,7.97,7.39047619047619,62,38,6,16,84,10857,6987,3870,538,2278,8579,7.5938066215345,8.09221468298268,6.69396757105943,6.59227695167286,7.77291220368744,7.54624833780161,211
"204",2019,2,7.58441558441558,77,8.166,6.50740740740741,7.66666666666667,6.95,7.67910447761194,50,27,3,10,67,10934,7037,3897,541,2288,8646,7.59374048747028,8.09273894983657,6.69267500641519,6.59823475046211,7.76931555944056,7.54727787300486,212
"205",2019,3,7.50935897435897,78,8.0218,6.59428571428571,5.1,7.5,7.51089552238806,50,28,1,11,67,11012,7087,3925,542,2299,8713,7.59314279785688,8.09223846338365,6.69197312101911,6.5954704797048,7.76802696824706,7.54699810513027,213
"206",2019,4,7.43597222222222,72,8.17083333333333,5.96625,7,8.19285714285714,7.25327586206897,48,24,1,14,58,11084,7135,3949,543,2313,8771,7.592121841393,8.09276720252277,6.68756254748038,6.59621546961326,7.77059835711197,7.54505580777563,214
"207",2019,5,7.41724137931034,58,7.775,6.91041666666667,8,7.46428571428571,7.41078431372549,34,24,1,7,51,11142,7169,3973,544,2320,8822,7.59121149614073,8.09126014646393,6.68890875912409,6.59879595588235,7.76967413793103,7.54427958399456,215
"208",2019,6,7.6270625,48,7.91720689655172,7.18421052631579,6.8,8.71414285714286,7.44146341463415,29,19,5,7,41,11190,7198,3992,549,2327,8863,7.59136528060769,8.09055890386217,6.69126615731463,6.60062841530055,7.77251525569402,7.54380395915604,216
"209",2019,7,7.7612676056338,71,7.96428571428571,7.00333333333333,7,8.57142857142857,7.67265625,56,15,1,7,64,11261,7254,4007,550,2334,8927,7.59243650563893,8.08958409015715,6.69243436486149,6.60135454545455,7.77491131105398,7.54472773496136,217
"210",2019,8,7.36231884057971,69,7.98888888888889,6.67878787878788,5.4,7.74285714285714,7.31935483870968,36,33,5,7,62,11330,7290,4040,555,2341,8989,7.59103508296558,8.08908682990397,6.6923228960396,6.59053153153153,7.77481546347714,7.54317326621426,218
"211",2019,9,7.28963414634146,82,7.95096153846154,6.14333333333333,6.5,7.34375,7.27651515151515,52,30,6,16,66,11412,7342,4070,561,2357,9055,7.58886939099194,8.08810855216561,6.68827628992629,6.5895632798574,7.77188926601612,7.54122965102154,219
"212",2019,10,7.3625,84,8.209375,6.23333333333333,5,6.81818181818182,7.44452054794521,48,36,2,11,73,11496,7390,4106,563,2368,9128,7.5872153348991,8.08889620974289,6.68428750608865,6.58391651865009,7.76745903716216,7.54045623247152,220
"213",2019,11,7.46283783783784,74,7.990625,6.48846153846154,4,7.65714285714286,7.4175,48,26,1,14,60,11570,7438,4132,564,2382,9188,7.58641983491789,8.08826203146006,6.68305530009681,6.57933510638298,7.76681066330814,7.53965329669134,221
"214",2019,12,7.56041666666667,96,7.92698412698413,6.86060606060606,7,8.2625,7.49659090909091,63,33,6,8,88,11666,7501,4165,570,2390,9276,7.58620585376307,8.08690747766964,6.68446206482593,6.58376315789474,7.76846987447698,7.53924477037516,222
"215",2020,1,7.76478260869565,115,7.95723684210526,7.38974358974359,5.25,8.27272727272727,7.71105769230769,76,39,2,11,104,11781,7577,4204,572,2401,9380,7.58794902724726,8.08560683515902,6.69100487630828,6.57909965034965,7.77078009162849,7.54114973240938,223
"216",2020,2,7.58827160493827,81,7.93020833333333,7.09090909090909,6.16666666666667,7.9,7.56776315789474,48,33,3,5,76,11862,7625,4237,575,2406,9456,7.58795122997808,8.08462858885245,6.69411954212887,6.57694782608696,7.77104862842892,7.54136363049916,224
"217",2020,3,7.70333333333333,87,8.04736842105263,7.04966666666667,6.83333333333333,7.71,7.70246753246753,57,30,3,10,77,11949,7682,4267,578,2416,9533,7.5887913206126,8.08435212054152,6.69661928755566,6.5782785467128,7.77079594370861,7.54266489982167,225
"218",2020,4,7.44025974025974,77,7.934,6.52592592592593,7,7.14285714285714,7.47,50,27,1,7,70,12026,7732,4294,579,2423,9603,7.58784030350906,8.0833798486808,6.69554599441081,6.57900690846287,7.76898184069335,7.54213521711965,226
"219",2020,5,7.68732394366197,71,8.50769230769231,6.6875,5.6,8.6,7.48275862068965,39,32,5,13,58,12097,7771,4326,584,2436,9661,7.58842419525502,8.08550932827177,6.69548647711512,6.570625,7.77341666666666,7.54177874857675,227
"220",2020,6,7.226,50,7.61034482758621,6.6952380952381,6.1,6.2,7.34,29,21,5,5,45,12147,7800,4347,589,2441,9706,7.5869323693093,8.08374269102563,6.69548527720267,6.5666298811545,7.77019377304383,7.54084324026376,228
"221",2020,7,7.698055625,48,8.23549029411765,6.39285714285714,5.5,7.9,7.67457372093023,34,14,2,5,43,12195,7834,4361,591,2446,9749,7.58736975481755,8.08440128414602,6.69451375831231,6.56302030456853,7.77045911692559,7.54143308647041,229
"222",2020,8,7.86916666666667,60,8.17162162162162,7.38260869565217,6.5,7.25,7.93796296296296,37,23,4,6,54,12255,7871,4384,595,2452,9803,7.58874942146063,8.08481128954389,6.69812374543796,6.56259663865546,7.76918556280587,7.54361737835357,230
"223",2020,9,7.55379492307692,65,8.01029411764706,7.05311838709677,NA,7.83333333333333,7.52536728813559,34,31,0,6,59,12320,7905,4415,595,2458,9862,7.58856500243506,8.08449078557874,6.70061634654587,6.56259663865546,7.76934214808787,7.54350819610627,231
"224",2020,10,7.46671428571429,70,7.71790697674419,7.06666666666667,7.33333333333333,7.66666666666667,7.44796875,43,27,3,6,64,12390,7948,4442,598,2464,9926,7.5878765803067,8.08250750629088,6.70284132597929,6.56646321070234,7.76909212662337,7.54289218517026,232
"225",2020,11,7.46648936170213,94,8.06746031746032,6.24516129032258,NA,7.06,7.51488095238095,63,31,0,10,84,12484,8011,4473,598,2474,10010,7.58696257850048,8.08238917238796,6.69966938743573,6.56646321070234,7.76622594987873,7.54265712587413,233
"226",2020,12,7.66234567901235,81,8.00438596491228,6.85,6.3,8.03333333333333,7.59782608695652,57,24,6,12,69,12565,8068,4497,604,2486,10079,7.58744853402308,8.08183808378779,6.70047168556816,6.56381622516556,7.76751528559935,7.54303480801667,234
"227",2021,1,7.59269346153846,104,7.80215569230769,7.24358974358974,6.42857142857143,7.85,7.55593538461538,65,39,7,13,91,12669,8133,4536,611,2499,10170,7.58749158970716,8.07960282552563,6.70514135141094,6.56226677577741,7.7679443777511,7.54315024090462,235
"228",2021,2,7.46851851851852,81,7.94285714285714,6.7421875,6,7.95,7.38478260869565,49,32,4,12,69,12750,8182,4568,615,2511,10239,7.58673576078431,8.07878388902468,6.70540086908932,6.55860975609756,7.7688144165671,7.54208301103623,236
"229",2021,3,7.49256756756757,74,8.06020408163265,6.38,6,7.35714285714286,7.50671641791045,49,25,1,7,67,12824,8231,4593,616,2518,10306,7.58619236977542,8.07867328149677,6.70362969083388,6.55770292207792,7.76766997617156,7.54185309043276,237
"230",2021,4,7.35070422535211,71,7.77564102564103,6.8328125,6.41666666666667,7.37777777777778,7.34677419354839,39,32,6,9,62,12895,8270,4625,622,2527,10368,7.58489576967817,8.07724422974606,6.70452349621622,6.5563424437299,7.76628136129798,7.5406865306713,238
"231",2021,5,7.16780821917808,73,7.66555555555556,6.36785714285714,4,7.68571428571429,7.04491525423729,45,28,1,14,59,12968,8315,4653,623,2541,10427,7.58254788325108,8.07501620926036,6.70249756501182,6.55223916532905,7.76583746556473,7.53788126498513,239
"232",2021,6,7.65219512195122,82,8.37,6.96857142857143,6.11,7.793,7.63263888888889,40,42,3,10,72,13050,8355,4695,626,2551,10499,7.58298551340996,8.07642845960502,6.70487777848775,6.55011980830671,7.76594394355155,7.53853109343747,240
"233",2021,7,7.56350149253731,67,8.48225238095238,6.02,6.5,8.21494285714286,7.4875,42,25,2,7,60,13117,8397,4720,628,2558,10559,7.58288599146146,8.07845830415624,6.70125024788136,6.5499601910828,7.76717263487099,7.53824111658301,241
"234",2021,8,7.43056962025316,79,8.05855769230769,6.22111111111111,4.5,7.6615,7.39710144927536,52,27,2,10,69,13196,8449,4747,630,2568,10628,7.58197412473477,8.0783358243579,6.69851931114388,6.54345238095238,7.76676113707165,7.53732479770418,242
"235",2021,9,7.48552631578947,76,8.01458333333333,6.57857142857143,5.75,6.35714285714286,7.6,48,28,4,7,69,13272,8497,4775,634,2575,10697,7.58142183167571,8.07797568318229,6.69781595183246,6.53844637223975,7.76292916504854,7.53772907824623,243
"236",2021,10,7.61714285714286,70,7.98048780487805,7.10344827586207,7,7.85714285714286,7.59047619047619,41,29,4,7,63,13342,8538,4804,638,2582,10760,7.58160924524059,8.07750754040758,6.70026460657785,6.54134012539185,7.76318458559256,7.53803791356877,244
"237",2021,11,7.44936708860759,79,8.05416666666667,6.51290322580645,6.33333333333333,7.44,7.45072463768116,48,31,3,10,69,13421,8586,4835,641,2592,10829,7.58083082855227,8.07737705334264,6.69906332368149,6.54036661466459,7.76193773148148,7.53748157262905,245
"238",2021,12,7.47771739130435,92,7.96739130434783,6.98804347826087,7.16666666666667,7.5,7.47588235294118,46,46,3,7,85,13513,8632,4881,644,2599,10914,7.58012880559461,8.07679093836885,6.70178675886089,6.54328416149068,7.76123224317045,7.53700182792743,246
"239",2022,1,7.32891023076923,130,7.94471106666667,6.48918181818182,6.9375,8.13636363636364,7.25427168067227,75,55,8,11,119,13643,8707,4936,652,2610,11033,7.57773502015685,8.07565323417939,6.69941778160454,6.54812116564417,7.76281325670498,7.53395235022206,247
"240",2022,2,7.31290322580645,93,7.875,6.46216216216216,7.75,7.75454545454545,7.25365853658537,56,37,2,11,82,13736,8763,4973,654,2621,11115,7.57594196854979,8.07437095857582,6.69765255781219,6.55179663608563,7.76277855780236,7.53188450562303,248
"241",2022,3,7.51157954545455,88,7.65130188679245,7.3,4.5,7.875,7.45419736842105,53,35,2,12,76,13824,8816,5008,656,2633,11191,7.57553225405092,8.07182755331215,6.70186225439297,6.54554115853659,7.76329001139385,7.53135691895273,249
"242",2022,4,7.83521126760563,71,8.15510204081633,7.12272727272727,7.7,8.5,7.7625,49,22,1,7,64,13895,8865,5030,657,2640,11255,7.57685914933429,8.07228784094754,6.70370301590457,6.54729832572298,7.76524340909091,7.53267128209684,250
"243",2022,5,7.613,100,8.01272727272727,7.12444444444444,7,8.02777777777778,7.57197802197802,55,45,1,9,91,13995,8920,5075,658,2649,11346,7.5771173904966,8.07192059529147,6.70743372807882,6.54798632218845,7.76613537183843,7.53298653974969,251
"244",2022,6,7.69661016949153,59,8.07777777777778,7.1,NA,8.3,7.62830188679245,36,23,0,6,53,14054,8956,5098,658,2655,11399,7.57761903230397,8.0719441391246,6.70920481953707,6.54798632218845,7.76734184557439,7.53342971137819,252
"245",2022,7,7.42805970149254,67,8.08277777777778,6.66774193548387,5.33333333333333,8.08333333333333,7.36360655737705,36,31,3,6,61,14121,8992,5129,661,2661,11460,7.57690941718008,8.07198751223309,6.70895421524664,6.54247352496218,7.7680543404735,7.5325257661431,253
"246",2022,8,7.43701923076923,104,7.79,6.95568181818182,6.06666666666667,7.70357142857143,7.39555555555556,60,44,6,14,90,14225,9052,5173,667,2675,11550,7.57588666994727,8.07011839482986,6.71105280688189,6.53819340329835,7.76771685981308,7.53145846580086,254
"247",2022,9,7.41544444444444,90,7.96058823529412,6.7025641025641,7.5,8.07,7.333625,51,39,2,10,80,14315,9103,5212,669,2685,11630,7.57487795179881,8.06950474678677,6.71098928818112,6.5410687593423,7.76884268156424,7.53009761650903,255
"248",2022,10,7.56290322580645,93,8.377,6.61627906976744,7,7.540625,7.56753246753247,50,43,1,16,77,14408,9153,5255,670,2701,11707,7.57480065796779,8.0711844979788,6.71021430447193,6.54175373134328,7.76749078119215,7.5303438353122,256
"249",2022,11,7.19257731958763,97,7.86897959183673,6.50208333333333,6.7,6.58333333333333,7.27858823529412,49,48,5,12,85,14505,9202,5303,675,2713,11792,7.5722445970355,8.0701077711367,6.70833041108806,6.54292592592592,7.76225307777368,7.52852911126187,257
"250",2022,12,7.44261467889908,109,7.79455357142857,7.07075471698113,7.21428571428571,7.91,7.38479381443299,56,53,7,12,97,14614,9258,5356,682,2725,11889,7.57127773915423,8.06844099265499,6.71191676064227,6.54981671554252,7.76290370642202,7.5273564033981,258
