"","year","month","avg_rating","no_ratings","avg_rating_owned","avg_rating_not_owned","avg_rating_prev_owned","avg_rating_comment","avg_rating_no_comment","no_ratings_owned","no_ratings_not_owned","no_ratings_prev_owned","no_ratings_comment","no_ratings_no_comment","cum_no_ratings","cum_no_ratings_owned","cum_no_ratings_not_owned","cum_no_ratings_prev_owned","cum_no_ratings_comment","cum_no_ratings_no_comment","cum_avg_rating","cum_avg_rating_owned","cum_avg_rating_not_owned","cum_avg_rating_prev_owned","cum_avg_rating_comment","cum_avg_rating_no_comment","month_after_release"
"1",2001,8,6,1,6,NA,NA,6,NA,1,0,0,1,0,1,1,0,0,1,0,6,6,NA,NA,6,NA,3
"2",2001,10,8,2,8,NA,NA,7,9,2,0,0,1,1,3,3,0,0,2,1,7.33333333333333,7.33333333333333,NA,NA,6.5,9,5
"3",2001,11,7.6,2,7.6,NA,NA,NA,7.6,2,0,0,0,2,5,5,0,0,2,3,7.44,7.44,NA,NA,6.5,8.06666666666667,6
"4",2001,12,7,2,7,NA,NA,8,6,2,0,0,1,1,7,7,0,0,3,4,7.31428571428571,7.31428571428571,NA,NA,7,7.55,7
"5",2002,1,6,1,NA,6,NA,NA,6,0,1,0,0,1,8,7,1,0,3,5,7.15,7.31428571428571,6,NA,7,7.24,8
"6",2002,2,4,1,NA,4,NA,NA,4,0,1,0,0,1,9,7,2,0,3,6,6.8,7.31428571428571,5,NA,7,6.7,9
"7",2002,3,8,2,8,NA,NA,NA,8,2,0,0,0,2,11,9,2,0,3,8,7.01818181818182,7.46666666666667,5,NA,7,7.025,10
"8",2002,4,6,1,6,NA,NA,NA,6,1,0,0,0,1,12,10,2,0,3,9,6.93333333333333,7.32,5,NA,7,6.91111111111111,11
"9",2002,7,8,1,8,NA,NA,NA,8,1,0,0,0,1,13,11,2,0,3,10,7.01538461538462,7.38181818181818,5,NA,7,7.02,14
"10",2002,8,3,2,NA,3,NA,NA,3,0,2,0,0,2,15,11,4,0,3,12,6.48,7.38181818181818,4,NA,7,6.35,15
"11",2002,9,6.6,5,7.5,3,NA,10,5.75,4,1,0,1,4,20,15,5,0,4,16,6.51,7.41333333333333,3.8,NA,7.75,6.2,16
"12",2002,10,6,1,6,NA,NA,NA,6,1,0,0,0,1,21,16,5,0,4,17,6.48571428571428,7.325,3.8,NA,7.75,6.18823529411765,17
"13",2002,12,7.25,4,10,4.5,NA,6,8.5,2,2,0,2,2,25,18,7,0,6,19,6.608,7.62222222222222,4,NA,7.16666666666667,6.43157894736842,19
"14",2003,1,8.1,5,8.1,NA,NA,7.75,8.33333333333333,5,0,0,2,3,30,23,7,0,8,22,6.85666666666667,7.72608695652174,4,NA,7.3125,6.69090909090909,20
"15",2003,2,3.5,2,5,2,NA,NA,3.5,1,1,0,0,2,32,24,8,0,8,24,6.646875,7.6125,3.75,NA,7.3125,6.425,21
"16",2003,3,6.66666666666667,3,7,6,NA,7,6,2,1,0,2,1,35,26,9,0,10,25,6.64857142857143,7.56538461538462,4,NA,7.25,6.408,22
"17",2003,4,6.8,5,7.5,4,4,NA,6.8,4,1,1,0,5,40,30,10,1,10,30,6.6675,7.55666666666667,4,4,7.25,6.47333333333333,23
"18",2003,5,5.33333333333333,3,6,4,NA,6,5,2,1,0,1,2,43,32,11,1,11,32,6.57441860465116,7.459375,4,4,7.13636363636364,6.38125,24
"19",2003,6,6.5,2,6,7,NA,7,6,1,1,0,1,1,45,33,12,1,12,33,6.57111111111111,7.41515151515152,4.25,4,7.125,6.36969696969697,25
"20",2003,7,4.63333333333333,12,6.5,4.26,5.5,3.5,5.2,2,10,2,4,8,57,35,22,3,16,41,6.16315789473684,7.36285714285714,4.25454545454545,5,6.21875,6.14146341463415,26
"21",2003,8,6.8,5,6.75,7,7,5,7.25,4,1,1,1,4,62,39,23,4,17,45,6.21451612903226,7.3,4.37391304347826,5.5,6.14705882352941,6.24,27
"22",2003,9,7.6,5,7.6,NA,NA,7,8,5,0,0,2,3,67,44,23,4,19,48,6.31791044776119,7.33409090909091,4.37391304347826,5.5,6.23684210526316,6.35,28
"23",2003,10,7.66666666666667,6,7.8,7,NA,7.33333333333333,8,5,1,0,3,3,73,49,24,4,22,51,6.42876712328767,7.38163265306122,4.48333333333333,5.5,6.38636363636364,6.44705882352941,29
"24",2003,12,5.5,3,5.5,NA,NA,5.25,6,3,0,0,2,1,76,52,24,4,24,52,6.39210526315789,7.27307692307692,4.48333333333333,5.5,6.29166666666667,6.43846153846154,31
"25",2004,1,7.5,2,7.5,NA,NA,NA,7.5,2,0,0,0,2,78,54,24,4,24,54,6.42051282051282,7.28148148148148,4.48333333333333,5.5,6.29166666666667,6.47777777777778,32
"26",2004,2,7.5,6,7.5,NA,NA,7.5,7.5,6,0,0,2,4,84,60,24,4,26,58,6.49761904761905,7.30333333333333,4.48333333333333,5.5,6.38461538461539,6.54827586206896,33
"27",2004,3,5.66666666666667,6,5.4,7,7,5,6,5,1,1,2,4,90,65,25,5,28,62,6.44222222222222,7.15692307692308,4.584,5.8,6.28571428571429,6.51290322580645,34
"28",2004,4,6.25,8,7.2,4.66666666666667,NA,6,6.4,5,3,0,3,5,98,70,28,5,31,67,6.4265306122449,7.16,4.59285714285714,5.8,6.25806451612903,6.5044776119403,35
"29",2004,5,6.5,4,10,5.33333333333333,8,5.33333333333333,10,1,3,1,3,1,102,71,31,6,34,68,6.42941176470588,7.2,4.66451612903226,6.16666666666667,6.17647058823529,6.55588235294118,36
"30",2004,6,6.33333333333333,6,7.75,3.5,NA,5.5,6.75,4,2,0,2,4,108,75,33,6,36,72,6.42407407407407,7.22933333333333,4.59393939393939,6.16666666666667,6.13888888888889,6.56666666666667,37
"31",2004,7,7.5,2,7,8,NA,NA,7.5,1,1,0,0,2,110,76,34,6,36,74,6.44363636363636,7.22631578947369,4.69411764705882,6.16666666666667,6.13888888888889,6.59189189189189,38
"32",2004,8,6.5,7,6.5,NA,NA,6.5,6.5,7,0,0,3,4,117,83,34,6,39,78,6.44700854700855,7.16506024096386,4.69411764705882,6.16666666666667,6.16666666666667,6.58717948717949,39
"33",2004,9,6.16666666666667,9,5.875,8.5,NA,4,7.9,8,1,0,4,5,126,91,35,6,43,83,6.42698412698413,7.05164835164835,4.80285714285714,6.16666666666667,5.96511627906977,6.66626506024096,40
"34",2004,10,5.83333333333333,9,5.5,6.1,7.25,5.5,6.1,4,5,2,4,5,135,95,40,8,47,88,6.38740740740741,6.98631578947368,4.965,6.4375,5.92553191489362,6.63409090909091,41
"35",2004,11,5.77777777777778,9,6.57142857142857,3,3,4.33333333333333,6.5,7,2,2,3,6,144,102,42,10,50,94,6.34930555555556,6.9578431372549,4.87142857142857,5.75,5.83,6.62553191489362,42
"36",2004,12,5.875,4,6.83333333333333,3,NA,3,6.83333333333333,3,1,0,1,3,148,105,43,10,51,97,6.33648648648649,6.95428571428571,4.82790697674419,5.75,5.77450980392157,6.6319587628866,43
"37",2005,1,6.07692307692308,13,7.44444444444444,3,6,6.16666666666667,6,9,4,1,6,7,161,114,47,11,57,104,6.31552795031056,6.99298245614035,4.67234042553191,5.77272727272727,5.81578947368421,6.58942307692308,44
"38",2005,2,6.8,10,7.28571428571429,5.66666666666667,NA,6.08333333333333,7.875,7,3,0,6,4,171,121,50,11,63,108,6.34385964912281,7.0099173553719,4.732,5.77272727272727,5.84126984126984,6.63703703703704,45
"39",2005,3,6.53333333333333,9,6,6.8,6,6,6.6,3,6,1,1,8,180,124,56,12,64,116,6.35333333333333,6.98548387096774,4.95357142857143,5.79166666666667,5.84375,6.63448275862069,46
"40",2005,4,6.73333333333333,6,7.25,5.7,NA,5.7,7.25,4,2,0,2,4,186,128,58,12,66,120,6.36559139784946,6.99375,4.97931034482759,5.79166666666667,5.83939393939394,6.655,47
"41",2005,5,5,8,5.14285714285714,4,NA,3.66666666666667,5.8,7,1,0,3,5,194,135,59,12,69,125,6.30927835051546,6.89777777777778,4.96271186440678,5.79166666666667,5.74492753623188,6.6208,48
"42",2005,6,6.625,8,7,6,NA,6.4,7,5,3,0,5,3,202,140,62,12,74,128,6.32178217821782,6.90142857142857,5.01290322580645,5.79166666666667,5.78918918918919,6.6296875,49
"43",2005,7,7.5625,8,7.7,7.33333333333333,8,7.41666666666667,8,5,3,2,6,2,210,145,65,14,80,130,6.36904761904762,6.92896551724138,5.12,6.10714285714286,5.91125,6.65076923076923,50
"44",2005,8,5.49,10,5.49,NA,NA,4.6,6.38,10,0,0,5,5,220,155,65,14,85,135,6.32909090909091,6.83612903225807,5.12,6.10714285714286,5.83411764705882,6.64074074074074,51
"45",2005,9,5.8,10,6,5.33333333333333,NA,4.75,6.5,7,3,0,4,6,230,162,68,14,89,141,6.30608695652174,6.8,5.12941176470588,6.10714285714286,5.78539325842697,6.63475177304964,52
"46",2005,10,5.875,8,8,4.6,4.5,6.2,5.33333333333333,3,5,2,5,3,238,165,73,16,94,144,6.29159663865546,6.82181818181818,5.09315068493151,5.90625,5.80744680851064,6.60763888888889,53
"47",2005,11,5.91666666666667,12,6.3,4,NA,5.28571428571429,6.8,10,2,0,7,5,250,175,75,16,101,149,6.2736,6.792,5.064,5.90625,5.77128712871287,6.61409395973154,54
"48",2005,12,6.29166666666667,12,6.85,3.5,NA,5.4,6.92857142857143,10,2,0,5,7,262,185,77,16,106,156,6.27442748091603,6.79513513513514,5.02337662337662,5.90625,5.75377358490566,6.62820512820513,55
"49",2006,1,6.75,16,6.90909090909091,6.4,7.5,7.16666666666667,6.5,11,5,2,6,10,278,196,82,18,112,166,6.30179856115108,6.8015306122449,5.10731707317073,6.08333333333333,5.82946428571429,6.62048192771084,56
"50",2006,2,6.43333333333333,12,7.36666666666667,5.5,3.66666666666667,5.04,7.42857142857143,6,6,3,5,7,290,202,88,21,117,173,6.30724137931035,6.81831683168317,5.13409090909091,5.73809523809524,5.7957264957265,6.65317919075145,57
"51",2006,3,6,8,6.66666666666667,4,NA,6,6,6,2,0,4,4,298,208,90,21,121,177,6.2989932885906,6.81394230769231,5.10888888888889,5.73809523809524,5.80247933884297,6.63841807909604,58
"52",2006,4,5.5,2,5.5,NA,NA,4,7,2,0,0,1,1,300,210,90,21,122,178,6.29366666666667,6.80142857142857,5.10888888888889,5.73809523809524,5.78770491803279,6.64044943820225,59
"53",2006,5,6.91666666666667,6,6.91666666666667,NA,NA,6.875,7,6,0,0,4,2,306,216,90,21,126,180,6.30588235294118,6.80462962962963,5.10888888888889,5.73809523809524,5.82222222222222,6.64444444444444,60
"54",2006,6,6.5,4,6.33333333333333,7,7,6.33333333333333,7,3,1,1,3,1,310,219,91,22,129,181,6.30838709677419,6.79817351598174,5.12967032967033,5.79545454545455,5.83410852713178,6.64640883977901,61
"55",2006,7,5.75,6,6.2,3.5,NA,3.75,6.75,5,1,0,2,4,316,224,92,22,131,185,6.29778481012658,6.78482142857143,5.11195652173913,5.79545454545455,5.80229007633588,6.64864864864865,62
"56",2006,8,6,10,6,NA,NA,5.75,6.16666666666667,10,0,0,4,6,326,234,92,22,135,191,6.28865030674846,6.75128205128205,5.11195652173913,5.79545454545455,5.80074074074074,6.63350785340314,63
"57",2006,9,5.375,8,5.5,5.3,NA,6.16666666666667,4.9,3,5,0,3,5,334,237,97,22,138,196,6.26676646706587,6.73544303797468,5.12164948453608,5.79545454545455,5.80869565217391,6.58928571428571,64
"58",2006,10,6.33333333333333,9,6.57142857142857,5.5,6,6,6.375,7,2,1,1,8,343,244,99,23,139,204,6.26851311953353,6.73073770491803,5.12929292929293,5.80434782608696,5.81007194244604,6.58088235294118,65
"59",2006,11,5.7,10,5.55555555555556,7,7,6.75,5,9,1,1,4,6,353,253,100,24,143,210,6.25240793201133,6.68893280632411,5.148,5.85416666666667,5.83636363636364,6.53571428571429,66
"60",2006,12,6.07692307692308,13,6.16666666666667,6,NA,6.25,6,6,7,0,4,9,366,259,107,24,147,219,6.24617486338798,6.67683397683398,5.20373831775701,5.85416666666667,5.84761904761905,6.51369863013699,67
"61",2007,1,6.5,12,6.9375,5.625,5.5,6.1,6.78571428571429,8,4,1,5,7,378,267,111,25,152,226,6.2542328042328,6.68464419475656,5.21891891891892,5.84,5.85592105263158,6.52212389380531,68
"62",2007,2,6.42857142857143,14,7.2,4.5,NA,4.4,7.55555555555556,10,4,0,5,9,392,277,115,25,157,235,6.26045918367347,6.70324909747292,5.19391304347826,5.84,5.80955414012739,6.56170212765957,69
"63",2007,3,6.09090909090909,11,6.2,5,NA,7.33333333333333,5.625,10,1,0,3,8,403,287,116,25,160,243,6.25583126550868,6.68571428571429,5.19224137931034,5.84,5.838125,6.53086419753086,70
"64",2007,4,7,8,7.4,6.33333333333333,6,6.5,7.16666666666667,5,3,1,2,6,411,292,119,26,162,249,6.27031630170316,6.69794520547945,5.22100840336134,5.84615384615385,5.8462962962963,6.54618473895582,71
"65",2007,5,5.27777777777778,9,6.1,4.25,NA,6.5,5.125,5,4,0,1,8,420,297,123,26,163,257,6.24904761904762,6.68787878787879,5.18943089430894,5.84615384615385,5.85030674846626,6.50194552529183,72
"66",2007,6,6.33333333333333,9,6.57142857142857,5.5,NA,6,6.6,7,2,0,4,5,429,304,125,26,167,262,6.25081585081585,6.68519736842105,5.1944,5.84615384615385,5.85389221556886,6.50381679389313,73
"67",2007,7,7.2,10,7.57142857142857,6.33333333333333,8,7.25,7.16666666666667,7,3,1,4,6,439,311,128,27,171,268,6.27243735763098,6.70514469453376,5.22109375,5.92592592592593,5.88654970760234,6.51865671641791,74
"68",2007,8,6.95454545454545,11,7.1875,6.33333333333333,NA,7.83333333333333,6.625,8,3,0,3,8,450,319,131,27,174,276,6.28911111111111,6.71724137931035,5.24656488549618,5.92592592592593,5.92011494252874,6.52173913043478,75
"69",2007,9,6.58333333333333,6,6.7,6,NA,6.66666666666667,6.5,5,1,0,3,3,456,324,132,27,177,279,6.29298245614035,6.71697530864198,5.25227272727273,5.92592592592593,5.93276836158192,6.52150537634409,76
"70",2007,10,5.85714285714286,7,6.2,5,NA,6,5.66666666666667,5,2,0,4,3,463,329,134,27,181,282,6.28639308855291,6.70911854103344,5.24850746268657,5.92592592592593,5.93425414364641,6.51241134751773,77
"71",2007,11,6.45454545454545,11,6.44444444444444,6.5,NA,7,6.25,9,2,0,3,8,474,338,136,27,184,290,6.29029535864979,6.70207100591716,5.26691176470588,5.92592592592593,5.95163043478261,6.5051724137931,78
"72",2007,12,6.05555555555556,18,6.23076923076923,5.6,NA,5.125,6.8,13,5,0,8,10,492,351,141,27,192,300,6.28170731707317,6.68461538461538,5.27872340425532,5.92592592592593,5.9171875,6.515,79
"73",2008,1,6.40909090909091,11,6.83333333333333,4.5,2,7.5,6.16666666666667,9,2,1,2,9,503,360,143,28,194,309,6.2844930417495,6.68833333333333,5.26783216783217,5.78571428571429,5.93350515463918,6.50485436893204,80
"74",2008,2,6.89473684210526,19,7.28571428571429,5.8,7,6.07142857142857,7.375,14,5,1,7,12,522,374,148,29,201,321,6.30670498084291,6.71069518716578,5.28581081081081,5.82758620689655,5.93830845771144,6.53738317757009,81
"75",2008,3,6.23333333333333,15,6.59090909090909,5.25,NA,6.4,6.15,11,4,0,5,10,537,385,152,29,206,331,6.30465549348231,6.70727272727273,5.28486842105263,5.82758620689655,5.9495145631068,6.52567975830816,82
"76",2008,4,6.5625,8,7.33333333333333,4.25,NA,6.625,6.5,6,2,0,4,4,545,391,154,29,210,335,6.30844036697248,6.71687979539642,5.27142857142857,5.82758620689655,5.96238095238095,6.52537313432836,83
"77",2008,5,6.88888888888889,9,7,6,6,6.75,7,8,1,1,4,5,554,399,155,30,214,340,6.31787003610108,6.72255639097744,5.27612903225806,5.83333333333333,5.97710280373832,6.53235294117647,84
"78",2008,6,7.07142857142857,14,7.5,6,5,7.33333333333333,7,10,4,1,3,11,568,409,159,31,217,351,6.33644366197183,6.74156479217604,5.29433962264151,5.80645161290323,5.99585253456221,6.54700854700855,85
"79",2008,7,6.55,10,7.66666666666667,4.875,4.5,4,7.1875,6,4,2,2,8,578,415,163,33,219,359,6.3401384083045,6.75493975903615,5.2840490797546,5.72727272727273,5.97762557077626,6.56128133704735,86
"80",2008,8,5.5,7,5,6.75,7.5,5.83333333333333,5.25,5,2,1,3,4,585,420,165,34,222,363,6.33008547008547,6.73404761904762,5.30181818181818,5.77941176470588,5.97567567567568,6.54683195592287,87
"81",2008,9,5.61764705882353,17,6.22222222222222,4.9375,5.08333333333333,5.18181818181818,6.41666666666667,9,8,6,11,6,602,429,173,40,233,369,6.30996677740864,6.72331002331002,5.28497109826589,5.675,5.9381974248927,6.54471544715447,88
"82",2008,10,4.14285714285714,7,7,3.66666666666667,4,4.14285714285714,NA,1,6,4,7,0,609,430,179,44,240,369,6.28505747126437,6.72395348837209,5.23072625698324,5.52272727272727,5.88583333333333,6.54471544715447,89
"83",2008,11,6.14285714285714,7,7.33333333333333,5.25,3.5,3.5,7.2,3,4,2,2,5,616,433,183,46,242,374,6.28344155844156,6.72817551963049,5.23114754098361,5.43478260869565,5.86611570247934,6.55347593582888,90
"84",2008,12,5.85714285714286,7,6.25,5.33333333333333,4,7,5.4,4,3,1,2,5,623,437,186,47,244,379,6.27865168539326,6.72379862700229,5.23279569892473,5.40425531914894,5.87540983606557,6.53825857519789,91
"85",2009,1,6.23076923076923,13,7,4.5,5,5.83333333333333,6.57142857142857,9,4,2,6,7,636,446,190,49,250,386,6.27767295597484,6.72937219730942,5.21736842105263,5.38775510204082,5.8744,6.53886010362694,92
"86",2009,2,6.41666666666667,18,6.70833333333333,5.83333333333333,8,6.1,6.53846153846154,12,6,1,5,13,654,458,196,50,255,399,6.28149847094801,6.72882096069869,5.23622448979592,5.44,5.87882352941177,6.53884711779449,93
"87",2009,3,7.2,10,7.8,6.6,7,7.33333333333333,7.14285714285714,5,5,3,3,7,664,463,201,53,258,406,6.2953313253012,6.74038876889849,5.27014925373134,5.52830188679245,5.89573643410853,6.54926108374384,94
"88",2009,4,5.75,10,6.33333333333333,4.875,4,4.875,6.33333333333333,6,4,1,4,6,674,469,205,54,262,412,6.28724035608308,6.73518123667377,5.26243902439024,5.5,5.88015267175573,6.54611650485437,95
"89",2009,5,6.20588235294118,17,7.25,4.71428571428571,4.66666666666667,6.5,5.94444444444444,10,7,3,8,9,691,479,212,57,270,421,6.28523878437048,6.74592901878914,5.24433962264151,5.45614035087719,5.89851851851852,6.5332541567696,96
"90",2009,6,6.795,10,7.56428571428571,5,4.5,6.125,6.9625,7,3,2,2,8,701,486,215,59,272,429,6.29251069900142,6.75771604938272,5.24093023255814,5.42372881355932,5.90018382352941,6.54125874125874,97
"91",2009,7,5.5,10,6.33333333333333,4.25,5,4.75,6,6,4,1,4,6,711,492,219,60,276,435,6.28136427566807,6.7525406504065,5.22283105022831,5.41666666666667,5.88351449275362,6.53379310344828,98
"92",2009,8,5.375,8,6.8,3,6,NA,5.375,5,3,1,0,8,719,497,222,61,276,443,6.27127955493741,6.75301810865191,5.19279279279279,5.42622950819672,5.88351449275362,6.51286681715576,99
"93",2009,9,6.59090909090909,22,7.23076923076923,5.66666666666667,5.66666666666667,6.625,6.57142857142857,13,9,6,8,14,741,510,231,67,284,457,6.28076923076923,6.76519607843137,5.21125541125541,5.44776119402985,5.90440140845071,6.51466083150985,100
"94",2009,10,6.76923076923077,13,6.57142857142857,7,7.33333333333333,6,6.83333333333333,7,6,3,1,12,754,517,237,70,285,469,6.28919098143236,6.76257253384913,5.25654008438818,5.52857142857143,5.90473684210526,6.5228144989339,101
"95",2009,11,3.76538461538462,26,5.62727272727273,2.4,6.5,3.66666666666667,3.81764705882353,11,15,2,9,17,780,528,252,72,294,486,6.2050641025641,6.73892045454545,5.08650793650794,5.55555555555556,5.83622448979592,6.42818930041152,102
"96",2009,12,5.56041666666667,24,6.76333333333333,3.55555555555556,5.6,4,6.08055555555556,15,9,5,6,18,804,543,261,77,300,504,6.18582089552239,6.73959484346225,5.03371647509578,5.55844155844156,5.7995,6.41577380952381,103
"97",2010,1,6.90909090909091,22,7.15384615384615,6.55555555555556,6.6,6.5,7.1,13,9,5,7,15,826,556,270,82,307,519,6.20508474576271,6.74928057553957,5.08444444444444,5.6219512195122,5.81547231270358,6.43554913294798,104
"98",2010,2,6.53846153846154,13,6.55555555555556,6.5,6.5,5,7,9,4,2,3,10,839,565,274,84,310,529,6.21025029797378,6.74619469026549,5.10510948905109,5.64285714285714,5.80758064516129,6.44621928166352,105
"99",2010,3,7.13333333333333,12,7.21,6.75,NA,7,7.14545454545455,10,2,0,1,11,851,575,276,84,311,540,6.22326674500587,6.75426086956522,5.11702898550725,5.64285714285714,5.81141479099679,6.46046296296296,106
"100",2010,4,5.44444444444444,9,6.2,4.5,5,5.5,5.4,5,4,1,4,5,860,580,280,85,315,545,6.21511627906977,6.74948275862069,5.10821428571428,5.63529411764706,5.80746031746032,6.45073394495413,107
"101",2010,5,6,4,4,8,9,2,7.33333333333333,2,2,1,1,3,864,582,282,86,316,548,6.21412037037037,6.74003436426117,5.12872340425532,5.67441860465116,5.79541139240506,6.45556569343066,108
"102",2010,6,6.1,5,6.25,5.5,5.5,NA,6.1,4,1,1,0,5,869,586,283,87,316,553,6.21346375143843,6.73668941979522,5.13003533568904,5.67241379310345,5.79541139240506,6.45235081374322,109
"103",2010,7,6.125,12,7,5.25,5.83333333333333,4.25,7.0625,6,6,3,4,8,881,592,289,90,320,561,6.21225879682179,6.73935810810811,5.13252595155709,5.67777777777778,5.77609375,6.46105169340463,110
"104",2010,8,7.4,5,7.5,7,NA,8,7,4,1,0,2,3,886,596,290,90,322,564,6.21896162528216,6.74446308724832,5.13896551724138,5.67777777777778,5.78990683229814,6.46391843971631,111
"105",2010,9,7.22222222222222,9,7.25,7.2,4,NA,7.22222222222222,4,5,1,0,9,895,600,295,91,322,573,6.22905027932961,6.74783333333333,5.17389830508475,5.65934065934066,5.78990683229814,6.47582897033159,112
"106",2010,10,7.5,7,7.875,7,6,8,7.3,4,3,1,2,5,902,604,298,92,324,578,6.23891352549889,6.75529801324503,5.19228187919463,5.66304347826087,5.80354938271605,6.48295847750865,113
"107",2010,11,6.63181818181818,11,6.65833333333333,6.6,5.66666666666667,6.15,6.8125,6,5,3,3,8,913,610,303,95,327,586,6.24364731653888,6.75434426229508,5.21551155115512,5.66315789473684,5.80672782874618,6.48745733788396,114
"108",2010,12,6.63636363636364,11,6.77777777777778,6,NA,7.25,6.28571428571429,9,2,0,4,7,924,619,305,95,331,593,6.24832251082251,6.75468497576737,5.22065573770492,5.66315789473684,5.82416918429003,6.48507588532884,115
"109",2011,1,6.16111111111111,18,6.1,6.375,6.5,5.3,6.49230769230769,14,4,3,5,13,942,633,309,98,336,606,6.24665605095541,6.74020537124802,5.23559870550162,5.68877551020408,5.81636904761905,6.48523102310231,116
"110",2011,2,6.7,5,6.25,8.5,8.5,NA,6.7,4,1,1,0,5,947,637,310,99,336,611,6.24904963041182,6.73712715855573,5.24612903225807,5.71717171717172,5.81636904761905,6.48698854337152,117
"111",2011,3,6.13529411764706,17,6.525,5.2,5,6.9,6.03333333333333,12,5,1,2,15,964,649,315,100,338,626,6.24704356846473,6.73320493066256,5.24539682539683,5.71,5.82278106508876,6.47611821086262,118
"112",2011,4,6.31944444444444,18,6.55555555555556,6.08333333333333,6.5,6.33333333333333,6.31666666666667,9,9,3,3,15,982,658,324,103,341,641,6.24837067209776,6.73077507598784,5.26867283950617,5.73300970873786,5.82727272727273,6.47238689547582,119
"113",2011,5,7.28571428571429,7,7.5,6,6.5,6.83333333333333,7.625,6,1,2,3,4,989,664,325,105,344,645,6.25571284125379,6.73772590361446,5.27092307692308,5.74761904761905,5.83604651162791,6.47953488372093,120
"114",2011,6,6.15,10,6.5,5.33333333333333,4,5.83333333333333,6.28571428571429,7,3,1,3,7,999,671,328,106,347,652,6.25465465465465,6.73524590163934,5.27149390243903,5.7311320754717,5.83602305475505,6.47745398773006,121
"115",2011,7,6,8,7,4.33333333333333,3.5,NA,6,5,3,2,0,8,1007,676,331,108,347,660,6.25263157894737,6.73720414201183,5.26299093655589,5.68981481481481,5.83602305475505,6.47166666666667,122
"116",2011,8,6.0625,8,6,6.125,NA,6.25,6,4,4,0,2,6,1015,680,335,108,349,666,6.25113300492611,6.73286764705882,5.27328358208955,5.68981481481481,5.83839541547278,6.46741741741742,123
"117",2011,9,6.16666666666667,6,6,6.25,8,6,6.25,2,4,1,2,4,1021,682,339,109,351,670,6.25063663075416,6.73071847507331,5.28480825958702,5.71100917431193,5.83931623931624,6.46611940298507,124
"118",2011,10,6.90588235294118,17,7.19,6.5,6.75,7.1,6.825,10,7,4,5,12,1038,692,346,113,356,682,6.26136801541426,6.73735549132948,5.30939306358382,5.74778761061947,5.85702247191011,6.47243401759531,125
"119",2011,11,6.88181818181818,11,7,6.74,6,7,6.87,6,5,1,1,10,1049,698,351,114,357,692,6.26787416587226,6.73961318051576,5.32977207977208,5.75,5.86022408963586,6.47817919075144,126
"120",2011,12,6.16666666666667,6,6.75,5,7,6.25,6,4,2,1,4,2,1055,702,353,115,361,694,6.26729857819905,6.73967236467236,5.32790368271955,5.76086956521739,5.86454293628809,6.47680115273775,127
"121",2012,1,6.740625,16,6.82777777777778,6.62857142857143,10,6.725,6.74285714285714,9,7,1,2,14,1071,711,360,116,363,708,6.27436974789916,6.7407876230661,5.35319444444445,5.79741379310345,5.86928374655648,6.48206214689265,128
"122",2012,2,5.765,10,6.1125,4.375,3,6,5.70625,8,2,1,2,8,1081,719,362,117,365,716,6.26965772432932,6.73379694019471,5.34779005524862,5.77350427350427,5.87,6.4733938547486,129
"123",2012,3,7,6,7,7,7,8,6,5,1,1,3,3,1087,724,363,118,368,719,6.2736890524379,6.73563535911602,5.35234159779614,5.78389830508475,5.88736413043478,6.47141863699582,130
"124",2012,4,6.2,9,6.83333333333333,4.93333333333333,5.4,6.93333333333333,5.83333333333333,6,3,2,3,6,1096,730,366,120,371,725,6.27308394160584,6.73643835616438,5.34890710382514,5.7775,5.89582210242588,6.46613793103448,131
"125",2012,5,7.25,12,8.41666666666667,6.08333333333333,6.75,7.75,7.15,6,6,2,2,10,1108,736,372,122,373,735,6.2836642599278,6.75013586956522,5.36075268817204,5.79344262295082,5.90576407506703,6.47544217687075,132
"126",2012,6,6.75,6,6.875,6.5,NA,8.5,6.4,4,2,0,1,5,1114,740,374,122,374,740,6.28617594254937,6.75081081081081,5.3668449197861,5.79344262295082,5.91270053475936,6.47493243243243,133
"127",2012,7,6.38818181818182,11,7.14285714285714,5.0675,NA,7.5,6.277,7,4,0,1,10,1125,747,378,122,375,750,6.28717333333333,6.75448460508701,5.36367724867725,5.79344262295082,5.91693333333334,6.47229333333333,134
"128",2012,8,7.6,5,8,6,NA,NA,7.6,4,1,0,0,5,1130,751,379,122,375,755,6.29298230088495,6.76111850865512,5.3653562005277,5.79344262295082,5.91693333333334,6.47976158940397,135
"129",2012,9,6.92307692307692,13,7.125,6.6,5,6.66666666666667,7,8,5,2,3,10,1143,759,384,124,378,765,6.30014873140857,6.76495388669302,5.38143229166667,5.78064516129032,5.9228835978836,6.48656209150327,136
"130",2012,10,6.53846153846154,13,7.375,5.2,7,6.5,6.54545454545455,8,5,3,2,11,1156,767,389,127,380,776,6.30282871972318,6.77131681877444,5.37910025706941,5.80944881889764,5.92592105263158,6.48739690721649,137
"131",2012,11,6.7,10,7,6.4,6,7,6.625,5,5,1,2,8,1166,772,394,128,382,784,6.30623499142367,6.77279792746114,5.39205583756345,5.8109375,5.9315445026178,6.48880102040816,138
"132",2012,12,7.35384615384615,13,7.71428571428571,6.93333333333333,7.5,7,7.41818181818182,7,6,2,2,11,1179,779,400,130,384,795,6.31778625954198,6.78125802310655,5.415175,5.83692307692308,5.937109375,6.50166037735849,139
"133",2013,1,6.47391304347826,23,6.74375,5.85714285714286,6.7,6.6,6.39285714285714,16,7,2,9,14,1202,795,407,132,393,809,6.32077371048253,6.78050314465409,5.42277641277641,5.85,5.95229007633588,6.49977750309023,140
"134",2013,2,5.06,11,6.11,3.8,3.5,3,5.8325,6,5,4,3,8,1213,801,412,136,396,817,6.30934047815334,6.77548064918851,5.40308252427184,5.78088235294118,5.92992424242424,6.49324357405141,141
"135",2013,3,5.84375,16,5.91666666666667,5.8,5.8,4.7,6.36363636363636,6,10,5,5,11,1229,807,422,141,401,828,6.30327908868999,6.76909541511772,5.41248815165877,5.78156028368794,5.91458852867831,6.49152173913043,142
"136",2013,4,6.1625,8,7.16666666666667,5.56,5.6,5,6.55,3,5,3,2,6,1237,810,427,144,403,834,6.30236863379143,6.77056790123457,5.41421545667447,5.77777777777778,5.91004962779157,6.49194244604316,143
"137",2013,5,6.64166666666667,6,6.6,6.85,NA,6,6.9625,5,1,0,2,4,1243,815,428,144,405,838,6.30400643604183,6.76952147239264,5.41757009345794,5.77777777777778,5.9104938271605,6.49418854415274,144
"138",2013,6,6.20588235294118,17,6.95454545454545,4.83333333333333,3.66666666666667,6,6.23333333333333,11,6,3,2,15,1260,826,434,147,407,853,6.30268253968254,6.77198547215496,5.4094930875576,5.73469387755102,5.91093366093366,6.48960140679953,145
"139",2013,7,6.51785714285714,14,6.64583333333333,5.75,NA,6.25,6.625,12,2,0,4,10,1274,838,436,147,411,863,6.30504709576138,6.77017899761336,5.41105504587156,5.73469387755102,5.91423357664234,6.49117033603708,146
"140",2013,8,6.06666666666667,15,6.21428571428571,5.9375,6,5,6.33333333333333,7,8,5,3,12,1289,845,444,152,414,875,6.30227307990691,6.76557396449704,5.42054054054054,5.74342105263158,5.90760869565218,6.48900571428571,147
"141",2013,9,6.74642857142857,14,6.875,6.575,7.75,5,6.88076923076923,8,6,2,1,13,1303,853,450,154,415,888,6.30704528012279,6.76660023446659,5.43593333333333,5.76948051948052,5.90542168674699,6.49474099099099,148
"142",2013,10,7.40625,16,7.65,7,7.5,6.5,7.53571428571429,10,6,2,2,14,1319,863,456,156,417,902,6.32037907505686,6.77683661645423,5.45651315789474,5.79166666666667,5.90827338129497,6.51089800443459,149
"143",2013,11,5.59090909090909,11,6.3,5,4,4,5.75,5,6,2,1,10,1330,868,462,158,418,912,6.31434586466166,6.77408986175115,5.45058441558442,5.76898734177215,5.90370813397129,6.5025548245614,150
"144",2013,12,6.57692307692308,13,6.61111111111111,6.5,8,5.5,7.05555555555556,9,4,1,4,9,1343,877,466,159,422,921,6.31688756515265,6.772417331813,5.45959227467811,5.78301886792453,5.89988151658768,6.50795874049946,151
"145",2014,1,7.2125,12,6.8,7.50714285714286,6.75,6.125,7.43,5,7,3,2,10,1355,882,473,162,424,931,6.32481918819188,6.77257369614512,5.48989429175476,5.80092592592593,5.90094339622642,6.51786251342642,152
"146",2014,2,6.14285714285714,14,7.25,4.66666666666667,4.66666666666667,7,6,8,6,3,2,12,1369,890,479,165,426,943,6.32295836376918,6.77686516853932,5.47958246346555,5.78030303030303,5.90610328638498,6.51127253446447,153
"147",2014,3,7.28333333333333,12,7.21111111111111,7.5,9,8,7.14,9,3,1,2,10,1381,899,482,166,428,953,6.33130340333092,6.78121245828698,5.49215767634855,5.79969879518072,5.91588785046729,6.51786988457502,154
"148",2014,4,7.9375,8,8.35714285714286,5,NA,NA,7.9375,7,1,0,0,8,1389,906,483,166,428,961,6.34055435565155,6.7933885209713,5.49113871635611,5.79969879518072,5.91588785046729,6.5296878251821,155
"149",2014,5,5.91666666666667,6,6.66666666666667,5.16666666666667,5.75,5.75,6,3,3,2,2,4,1395,909,486,168,430,965,6.3387311827957,6.7929702970297,5.48913580246914,5.79910714285714,5.91511627906977,6.52749222797927,156
"150",2014,6,6.375,12,6.91666666666667,5.83333333333333,5.5,4.75,7.1875,6,6,4,4,8,1407,915,492,172,434,973,6.33904051172708,6.79378142076502,5.49333333333333,5.7921511627907,5.90437788018433,6.53291880781089,157
"151",2014,7,7.8125,8,7.5,10,NA,NA,7.8125,7,1,0,0,8,1415,922,493,172,434,981,6.34737102473498,6.7991431670282,5.50247464503043,5.7921511627907,5.90437788018433,6.54335372069317,158
"152",2014,8,6.04166666666667,12,6.125,5.875,6.16666666666667,5.5,6.3125,8,4,3,4,8,1427,930,497,175,438,989,6.34480028030834,6.7933440860215,5.50547283702213,5.79857142857143,5.90068493150685,6.54148634984833,159
"153",2014,9,6.9,10,7.35714285714286,5.83333333333333,7.25,NA,6.9,7,3,2,0,10,1437,937,500,177,438,999,6.34866388308977,6.7975560298826,5.50744,5.81497175141243,5.90068493150685,6.54507507507507,160
"154",2014,10,7.16666666666667,6,8,6.75,6,9,6.8,2,4,2,1,5,1443,939,504,179,439,1004,6.35206514206514,6.80011714589989,5.51730158730159,5.81703910614525,5.90774487471526,6.54634462151394,161
"155",2014,11,7.2,5,8,4,4,4,8,4,1,1,1,4,1448,943,505,180,440,1008,6.35499309392265,6.80520678685047,5.51429702970297,5.80694444444445,5.90340909090909,6.55211309523809,162
"156",2014,12,7.2,5,7.2,NA,NA,6,7.5,5,0,0,1,4,1453,948,505,180,441,1012,6.35790089470062,6.80728902953586,5.51429702970297,5.80694444444445,5.90362811791383,6.55585968379447,163
"157",2015,1,6.95,10,7,6.9,7.25,7,6.94444444444444,5,5,2,1,9,1463,953,510,182,442,1021,6.36194805194805,6.80830010493179,5.52788235294118,5.8228021978022,5.90610859728507,6.55928501469148,164
"158",2015,2,6.31818181818182,11,7.07142857142857,5,5.33333333333333,NA,6.31818181818182,7,4,3,0,11,1474,960,514,185,442,1032,6.36162143826323,6.81021875,5.52377431906615,5.81486486486487,5.90610859728507,6.55671511627907,165
"159",2015,3,6.25,20,5.625,6.66666666666667,7,5.25,6.5,8,12,6,4,16,1494,968,526,191,446,1048,6.36012717536814,6.80042355371901,5.54984790874525,5.8520942408377,5.90022421524664,6.55584923664122,166
"160",2015,4,6.58333333333333,12,7.66666666666667,5.5,4.75,7.5,6.4,6,6,4,2,10,1506,974,532,195,448,1058,6.36190571049137,6.80575975359343,5.54928571428571,5.82948717948718,5.90736607142857,6.55437618147448,167
"161",2015,5,7.32142857142857,14,7.72222222222222,6.6,7,NA,7.32142857142857,9,5,1,0,14,1520,983,537,196,448,1072,6.37074342105263,6.8141505595117,5.55906890130354,5.83545918367347,5.90736607142857,6.56439365671642,168
"162",2015,6,6.5,10,6.57142857142857,6.33333333333333,8,NA,6.5,7,3,1,0,10,1530,990,540,197,448,1082,6.37158823529412,6.81243434343434,5.56337037037037,5.84644670050762,5.90736607142857,6.56379852125693,169
"163",2015,7,6.58333333333333,12,6.7,6.23333333333333,5.5,NA,6.58333333333333,9,3,2,0,12,1542,999,543,199,448,1094,6.37323605706874,6.81142142142142,5.56707182320442,5.8429648241206,5.90736607142857,6.56401279707495,170
"164",2015,8,6.8,10,7.25,5,5,6.5,7,8,2,1,4,6,1552,1007,545,200,452,1100,6.37598582474227,6.81490566037736,5.56499082568807,5.83875,5.91261061946903,6.56639090909091,171
"165",2015,9,7,8,7.14285714285714,6,NA,7,7,7,1,0,2,6,1560,1014,546,200,454,1106,6.3791858974359,6.81716962524655,5.56578754578755,5.83875,5.91740088105727,6.56874321880651,172
"166",2015,10,6.3,5,5.375,10,NA,NA,6.3,4,1,0,0,5,1565,1018,547,200,454,1111,6.37893290734824,6.81150294695481,5.57389396709324,5.83875,5.91740088105727,6.56753375337534,173
"167",2015,11,6.54545454545455,11,6.8,6.33333333333333,6.5,7.25,6.38888888888889,5,6,3,2,9,1576,1023,553,203,456,1120,6.38009517766498,6.81144672531769,5.58213381555154,5.84852216748769,5.92324561403509,6.56609821428571,174
"168",2015,12,6.59090909090909,11,6.75,6.4,7,6,6.65,6,5,1,1,10,1587,1029,558,204,457,1130,6.38155639571519,6.81108843537415,5.5894623655914,5.85416666666667,5.92341356673961,6.5668407079646,175
"169",2016,1,6.52857142857143,7,7.125,5.73333333333333,7,7,6.45,4,3,1,1,6,1594,1033,561,205,458,1136,6.38220200752823,6.81230396902226,5.59023172905526,5.85975609756098,5.92576419213974,6.56622359154929,176
"170",2016,2,6.26363636363636,11,6.1125,6.66666666666667,6,6.5,6.21111111111111,8,3,1,2,9,1605,1041,564,206,460,1145,6.38138940809969,6.8069260326609,5.59595744680851,5.86043689320388,5.92826086956522,6.56343231441048,177
"171",2016,3,5.8,10,6.625,5.25,5.5,3.7,6.03333333333333,4,6,4,1,9,1615,1045,570,210,461,1154,6.37778947368421,6.80622966507177,5.59231578947368,5.85357142857143,5.9234273318872,6.55929809358752,178
"172",2016,4,6.57777777777778,18,6.20833333333333,7.31666666666667,7.5,6.2,6.72307692307692,12,6,2,5,13,1633,1057,576,212,466,1167,6.37999387630129,6.79944181646168,5.61027777777778,5.86910377358491,5.92639484978541,6.56112253641816,179
"173",2016,5,6.33333333333333,12,7.4,5.57142857142857,6,4,6.54545454545455,5,7,2,1,11,1645,1062,583,214,467,1178,6.37965349544073,6.8022693032015,5.60981132075472,5.87032710280374,5.92226980728052,6.56097623089983,180
"174",2016,6,6.3125,16,6.76923076923077,4.33333333333333,5,6,6.33333333333333,13,3,1,1,15,1661,1075,586,215,468,1193,6.37900662251656,6.80186976744186,5.60327645051195,5.86627906976744,5.9224358974359,6.55811399832355,181
"175",2016,7,6.2,15,6.625,5.71428571428571,6.25,5.5,6.45454545454545,8,7,4,4,11,1676,1083,593,219,472,1204,6.37740453460621,6.80056325023084,5.604586846543,5.87328767123288,5.91885593220339,6.55716777408638,182
"176",2016,8,6.51818181818182,11,7.66666666666667,5.14,6.175,5.7,6.6,6,5,4,1,10,1687,1089,598,223,473,1214,6.37832246591583,6.80533516988062,5.60070234113712,5.87869955156951,5.91839323467231,6.55752059308072,183
"177",2016,9,6.72727272727273,11,6.83333333333333,6.6,7,7,6.66666666666667,6,5,1,2,9,1698,1095,603,224,475,1223,6.38058303886926,6.80548858447488,5.60898839137645,5.88370535714286,5.92294736842105,6.5583237939493,184
"178",2016,10,7.36363636363636,11,7.5,7,7,7.5,7.33333333333333,8,3,1,2,9,1709,1103,606,225,477,1232,6.38691047396138,6.81052583862194,5.61587458745875,5.88866666666667,5.92955974842767,6.56398538961039,185
"179",2016,11,6.96428571428571,14,7.55,5.5,6,7.5,6.875,10,4,1,2,12,1723,1113,610,226,479,1244,6.39160185722577,6.81716981132075,5.61511475409836,5.8891592920354,5.93611691022965,6.56698553054662,186
"180",2016,12,6.57142857142857,14,6.88888888888889,6,5,7,6.5,9,5,1,2,12,1737,1122,615,227,481,1256,6.39305123776626,6.81774509803921,5.61824390243902,5.8852422907489,5.94054054054054,6.56634554140127,187
"181",2017,1,6.75,12,7.3,4,7,9,6.54545454545455,10,2,1,1,11,1749,1132,617,228,482,1267,6.39550028587765,6.82200530035335,5.61299837925446,5.89013157894737,5.94688796680498,6.56616416732439,188
"182",2017,2,6.95,10,7,6.9,5,8,6.6875,5,5,1,2,8,1759,1137,622,229,484,1275,6.39865264354747,6.82278803869833,5.62334405144695,5.88624454148472,5.95537190082645,6.56692549019608,189
"183",2017,3,6.95,10,8.5,5.4,5.5,6.5,7.14285714285714,5,5,2,3,7,1769,1142,627,231,487,1282,6.40176936122103,6.83013134851138,5.6215629984051,5.88290043290043,5.95872689938398,6.57007020280811,190
"184",2017,4,7.11428571428571,21,7.42142857142857,6.5,6.125,6.475,7.26470588235294,14,7,4,4,17,1790,1156,634,235,491,1299,6.41012849162011,6.83729238754325,5.631261829653,5.88702127659575,5.96293279022403,6.57916089299461,191
"185",2017,5,7.30769230769231,13,7.77777777777778,6.25,7.5,NA,7.30769230769231,9,4,2,0,13,1803,1165,638,237,491,1312,6.41660011092623,6.84455793991416,5.63514106583072,5.90063291139241,5.96293279022403,6.58637957317073,192
"186",2017,6,7.16,10,8,6.32,5.33333333333333,7,7.17777777777778,5,5,3,1,9,1813,1170,643,240,492,1321,6.42070049641478,6.84949572649573,5.640466562986,5.89354166666667,5.96504065040651,6.59040878122634,193
"187",2017,7,6.25,14,7.75,4.25,5.83333333333333,7.25,5.85,8,6,3,4,10,1827,1178,649,243,496,1331,6.41939244663383,6.85561120543294,5.62761171032357,5.89279835390947,5.97540322580645,6.58484598046581,194
"188",2017,8,6.36363636363636,22,6.6,5.85714285714286,6.66666666666667,4.5,6.77777777777778,15,7,3,4,18,1849,1193,656,246,500,1349,6.4187290427258,6.8523973176865,5.63006097560976,5.90223577235772,5.9636,6.58742031134173,195
"189",2017,9,7.47058823529412,17,7.61538461538461,7,7,8.16666666666667,7.32142857142857,13,4,1,3,14,1866,1206,660,247,503,1363,6.42831189710611,6.86062189054726,5.63836363636364,5.90668016194332,5.97673956262426,6.59495964783566,196
"190",2017,10,7.25,10,7.66666666666667,6.625,9,9,7.05555555555556,6,4,1,1,9,1876,1212,664,248,504,1372,6.43269189765458,6.86461221122112,5.64430722891566,5.91915322580645,5.9827380952381,6.59798104956268,197
"191",2017,11,7.02857142857143,14,6.9,7.35,7.5,7,7.04,10,4,2,4,10,1890,1222,668,250,508,1382,6.43710582010582,6.86490180032733,5.65452095808383,5.9318,5.99074803149606,6.60117945007236,198
"192",2017,12,7.2,10,7.375,6.5,NA,7,7.22222222222222,8,2,0,1,9,1900,1230,670,250,509,1391,6.44112105263158,6.86821951219512,5.6570447761194,5.9318,5.99273084479371,6.60519769949676,199
"193",2018,1,6.68478260869565,23,7.203125,5.5,6,7.25,6.56578947368421,16,7,1,4,19,1923,1246,677,251,513,1410,6.44403536141446,6.87252006420546,5.65542097488922,5.93207171314741,6.00253411306043,6.60466666666666,200
"194",2018,2,7.45833333333333,12,7.75,6,NA,7.66666666666667,7.38888888888889,10,2,0,3,9,1935,1256,679,251,516,1419,6.45032558139535,6.87950636942675,5.65643593519882,5.93207171314741,6.01220930232558,6.60964059196617,201
"195",2018,3,6.5,8,6.28571428571429,8,NA,NA,6.5,7,1,0,0,8,1943,1263,680,251,516,1427,6.45053010808029,6.87621536025336,5.65988235294118,5.93207171314741,6.01220930232558,6.60902592852137,202
"196",2018,4,6.8125,8,6.91666666666667,6.5,6,7,6.78571428571429,6,2,1,1,7,1951,1269,682,252,517,1434,6.45201435161456,6.87640661938534,5.66234604105572,5.93234126984127,6.01411992263056,6.60988842398884,203
"197",2018,5,6.59090909090909,11,8.1,5.33333333333333,5,6,6.65,5,6,3,1,10,1962,1274,688,255,518,1444,6.45279306829766,6.88120879120879,5.65947674418605,5.92137254901961,6.01409266409267,6.61016620498615,204
"198",2018,6,6.875,8,7.75,6,6,7.5,6.66666666666667,4,4,2,2,6,1970,1278,692,257,520,1450,6.4545076142132,6.88392801251956,5.6614450867052,5.92198443579767,6.01980769230769,6.6104,205
"199",2018,7,5.83333333333333,6,6.75,4,4,8,5.4,4,2,1,1,5,1976,1282,694,258,521,1455,6.45262145748988,6.88351014040561,5.65665706051873,5.91453488372093,6.02360844529751,6.60624054982818,206
"200",2018,8,6.125,8,6.75,5.5,5.33333333333333,6,6.14285714285714,4,4,3,1,7,1984,1286,698,261,522,1462,6.45130040322581,6.88309486780715,5.65575931232092,5.90785440613027,6.02356321839081,6.6040218878249,207
"201",2018,9,6.71428571428571,7,6.8,6.5,6,NA,6.71428571428571,5,2,1,0,7,1991,1291,700,262,522,1469,6.4522250125565,6.88277304415182,5.65817142857143,5.90820610687023,6.02356321839081,6.60454731109598,208
"202",2018,10,7.00909090909091,11,7.9,6.26666666666667,7.86666666666667,9,6.56666666666667,5,6,3,2,9,2002,1296,706,265,524,1478,6.45528471528472,6.8866975308642,5.66334277620397,5.93037735849057,6.03492366412214,6.60431664411367,209
"203",2018,11,6,10,6.5,5.25,7,5,6.11111111111111,6,4,2,1,9,2012,1302,710,267,525,1487,6.45302186878728,6.88491551459293,5.66101408450704,5.93838951310862,6.03295238095238,6.60133154001345,210
"204",2018,12,7.75,10,7.75,NA,NA,9,7.61111111111111,10,0,0,1,9,2022,1312,710,267,526,1496,6.45943620178042,6.89150914634146,5.66101408450704,5.93838951310862,6.03859315589354,6.6074064171123,211
"205",2019,1,7.44736842105263,19,7.36363636363636,7.5625,7,7,7.56666666666667,11,8,1,4,15,2041,1323,718,268,530,1511,6.46863302302793,6.89543461829176,5.68220055710306,5.94235074626866,6.04584905660378,6.61692918596956,212
"206",2019,2,7.54,11,8.07333333333333,6.9,5.5,7.6,7.534,6,5,2,1,10,2052,1329,723,270,531,1521,6.47437621832359,6.9007524454477,5.690622406639,5.93907407407407,6.04877589453861,6.62295857988166,213
"207",2019,3,5.3375,8,6.125,4.55,6.1,1,5.95714285714286,4,4,2,1,7,2060,1333,727,272,532,1528,6.46996116504855,6.89842460615154,5.68434662998624,5.94025735294118,6.03928571428572,6.61990837696335,214
"208",2019,4,6.03846153846154,13,6.38888888888889,5.25,4.66666666666667,5.5,6.2,9,4,3,3,10,2073,1342,731,275,535,1538,6.46725518572118,6.89500745156483,5.68196990424077,5.92636363636364,6.03626168224299,6.61717815344603,215
"209",2019,5,7.5,4,8,7.33333333333333,7,NA,7.5,1,3,1,0,4,2077,1343,734,276,535,1542,6.4692441020703,6.89583023082651,5.68871934604905,5.93025362318841,6.03626168224299,6.6194682230869,216
"210",2019,6,7.57142857142857,7,7,7.8,7.5,7,7.66666666666667,2,5,2,1,6,2084,1345,739,278,536,1548,6.4729462571977,6.89598513011152,5.70300405953992,5.94154676258993,6.03805970149254,6.62352713178295,217
"211",2019,7,7.1,12,7.81428571428571,6.1,7.5,7.5,7.06363636363636,7,5,1,1,11,2096,1352,744,279,537,1559,6.47653625954199,6.90073964497041,5.70567204301075,5.94713261648746,6.04078212290503,6.62663245670301,218
"212",2019,8,6.27777777777778,9,7,5.91666666666667,5.66666666666667,9,5.9375,3,6,3,1,8,2105,1355,750,282,538,1567,6.4756864608076,6.9009594095941,5.70736,5.94414893617021,6.04628252788104,6.62311423101468,219
"213",2019,9,9,4,8.66666666666667,10,NA,NA,9,3,1,0,0,4,2109,1358,751,282,538,1571,6.4804741583689,6.90486008836524,5.7130758988016,5.94414893617021,6.04628252788104,6.62916613621897,220
"214",2019,10,6.97871428571429,7,7.58775,6.16666666666667,NA,NA,6.97871428571429,4,3,0,0,7,2116,1362,754,282,538,1578,6.48212240075615,6.90686563876652,5.71488063660477,5.94414893617021,6.04628252788104,6.63071673003802,221
"215",2019,11,7.52727272727273,11,7.6,7.46666666666667,7,7.4,7.55555555555556,5,6,1,2,9,2127,1367,760,283,540,1587,6.48752750352609,6.90940087783467,5.72871052631579,5.94787985865725,6.0512962962963,6.63596156269691,222
"216",2019,12,5.66666666666667,9,6.2,5,7,NA,5.66666666666667,5,4,1,0,9,2136,1372,764,284,540,1596,6.48406882022472,6.90681559766764,5.72489528795812,5.95158450704225,6.0512962962963,6.63049561403509,223
"217",2020,1,7.02857142857143,21,7.26666666666667,6.43333333333333,6.22,5.75,7.32941176470588,15,6,5,4,17,2157,1387,770,289,544,1613,6.48936995827538,6.91070728190339,5.73041558441558,5.95622837370242,6.04908088235294,6.6378617482951,224
"218",2020,2,6.63636363636364,11,7.16666666666667,6,5.5,NA,6.63636363636364,6,5,2,0,11,2168,1393,775,291,544,1624,6.49011577490775,6.91180976310122,5.73215483870968,5.95309278350516,6.04908088235294,6.63785160098522,225
"219",2020,3,6.61538461538461,13,6.66666666666667,6.5,6.5,6.5,6.65,9,4,2,3,10,2181,1402,779,293,547,1634,6.49086244841816,6.91023609129815,5.73609756097561,5.95682593856655,6.05155393053017,6.63792594859241,226
"220",2020,4,7.67307692307692,13,7.97222222222222,7,6,7,8.09375,9,4,3,5,8,2194,1411,783,296,552,1642,6.49786736554239,6.91700992204111,5.74255427841635,5.95726351351351,6.06014492753623,6.64501887941535,227
"221",2020,5,7.25,10,7.71428571428571,6.16666666666667,7,NA,7.25,7,3,1,0,10,2204,1418,786,297,552,1652,6.50127994555354,6.92094569816643,5.74417302798982,5.96077441077441,6.06014492753623,6.64868099273608,228
"222",2020,6,8.66666666666667,9,9.2,8,7,9,8.625,5,4,1,1,8,2213,1423,790,298,553,1660,6.51008630817894,6.92895361911455,5.75559493670886,5.96426174496644,6.06546112115733,6.65820542168675,229
"223",2020,7,5.83333333333333,6,5,7.5,9,6,5.8,4,2,1,1,5,2219,1427,792,299,554,1665,6.50825642181163,6.92354660126139,5.76,5.97441471571906,6.06534296028881,6.65562822822823,230
"224",2020,8,8.08333333333333,6,7.5,8.375,9,NA,8.08333333333333,2,4,2,0,6,2225,1429,796,301,554,1671,6.51250382022472,6.92435339398181,5.77314070351759,5.99451827242525,6.06534296028881,6.66075463794135,231
"225",2020,9,5.5,4,5.5,NA,NA,7,5,4,0,0,1,3,2229,1433,796,301,555,1674,6.51068685509197,6.92037752965806,5.77314070351759,5.99451827242525,6.06702702702703,6.65777837514934,232
"226",2020,10,8.5,2,8.5,NA,NA,7,10,2,0,0,1,1,2231,1435,796,301,556,1675,6.51247019273868,6.92257909407665,5.77314070351759,5.99451827242525,6.06870503597122,6.65977373134328,233
"227",2020,11,6.375,8,7,5.33333333333333,NA,6,6.5,5,3,0,2,6,2239,1440,799,301,558,1681,6.51197900848593,6.92284791666667,5.77148936170213,5.99451827242525,6.06845878136201,6.65920345032719,234
"228",2020,12,6.14285714285714,7,8.25,3.33333333333333,NA,2,7.8,4,3,0,2,5,2246,1444,802,301,560,1686,6.5108285841496,6.92652423822715,5.76236907730673,5.99451827242525,6.05392857142857,6.66258659549229,235
"229",2021,1,6.8,9,6.84,6.75,6.75,6,7.2,5,4,2,3,6,2255,1449,806,303,563,1692,6.51198270509978,6.92622567287785,5.76727047146402,5.99950495049505,6.05364120781528,6.66449231678487,236
"230",2021,2,7.5,5,7.625,7,NA,8,7.375,4,1,0,1,4,2260,1453,807,303,564,1696,6.5141685840708,6.92814934618032,5.7687980173482,5.99950495049505,6.05709219858156,6.66616804245283,237
"231",2021,3,6.66666666666667,3,6,7,5,5,7.5,1,2,1,1,2,2263,1454,809,304,565,1698,6.51437074679629,6.92751100412655,5.77184177997528,5.99621710526316,6.05522123893805,6.66715017667845,238
"232",2021,4,5,1,5,NA,NA,NA,5,1,0,0,0,1,2264,1455,809,304,565,1699,6.51370185512368,6.92618625429553,5.77184177997528,5.99621710526316,6.05522123893805,6.66616892289582,239
"233",2021,5,7.16666666666667,3,7.75,6,NA,NA,7.16666666666667,2,1,0,0,3,2267,1457,810,304,565,1702,6.51456594618439,6.92731708991078,5.77212345679012,5.99621710526316,6.05522123893805,6.66705111633373,240
"234",2021,6,5.83333333333333,6,6.66666666666667,5,3,4,6.75,3,3,1,2,4,2273,1460,813,305,567,1706,6.51276770787506,6.92678150684932,5.76927429274293,5.98639344262295,6.04797178130512,6.66724560375147,241
"235",2021,7,6,5,5.33333333333333,7,7,5,6.25,3,2,1,1,4,2278,1463,815,306,568,1710,6.51164223002634,6.92351401230349,5.77229447852761,5.98970588235294,6.04612676056338,6.66626959064328,242
"236",2021,8,7,1,NA,7,7,NA,7,0,1,1,0,1,2279,1463,816,307,568,1711,6.5118565160158,6.92351401230349,5.77379901960784,5.99299674267101,6.04612676056338,6.66646464056108,243
"237",2021,9,5.4,5,6.66666666666667,3.5,5,4.5,6,3,2,1,2,3,2284,1466,818,308,570,1714,6.50942250437828,6.92298840381992,5.76823960880196,5.98977272727273,6.04070175438597,6.66529813302217,244
"238",2021,10,8,3,8.5,7,10,10,7,2,1,1,1,2,2287,1468,819,309,571,1716,6.51137778749453,6.92513692098093,5.76974358974359,6.00275080906149,6.0476357267951,6.66568822843823,245
"239",2021,11,7.35714285714286,7,8.1,5.5,NA,9,7.08333333333333,5,2,0,1,6,2294,1473,821,309,572,1722,6.51395858761988,6.92912491513917,5.76908647990256,6.00275080906149,6.0527972027972,6.66714343786295,246
"240",2021,12,5.5,4,6.5,4.5,NA,NA,5.5,2,2,0,0,4,2298,1475,823,309,572,1726,6.51219364664926,6.92854305084746,5.76600243013366,6.00275080906149,6.0527972027972,6.66443858632677,247
"241",2022,1,7,6,6.75,7.5,NA,7,7,4,2,0,1,5,2304,1479,825,309,573,1731,6.51346397569444,6.92806017579446,5.77020606060606,6.00275080906149,6.05445026178011,6.66540785673021,248
"242",2022,2,6.2,5,7,5.66666666666667,5.66666666666667,6,6.25,2,3,3,1,4,2309,1481,828,312,574,1735,6.51278518839324,6.92815732613099,5.7698309178744,5.99951923076923,6.05435540069687,6.66445014409222,249
"243",2022,3,7,2,10,4,NA,NA,7,1,1,0,0,2,2311,1482,829,312,574,1737,6.51320683686716,6.93023009446694,5.76769601930036,5.99951923076923,6.05435540069687,6.66483649971215,250
"244",2022,4,6,1,NA,6,6,NA,6,0,1,1,0,1,2312,1482,830,313,574,1738,6.5129848615917,6.93023009446694,5.76797590361446,5.99952076677316,6.05435540069687,6.66445397008055,251
"245",2022,5,5.76,4,5.02,6.5,NA,NA,5.76,2,2,0,0,4,2316,1484,832,313,574,1742,6.51168436960276,6.92765566037736,5.76973557692308,5.99952076677316,6.05435540069687,6.66237715269805,252
"246",2022,6,6.44444444444444,9,8.16666666666667,3,2,7.1,6.11666666666667,6,3,1,3,6,2325,1490,835,314,577,1748,6.51142408602151,6.93264496644295,5.75978443113772,5.98678343949045,6.05979202772964,6.66050400457666,253
"247",2022,7,7.5,2,7.5,NA,NA,7,8,2,0,0,1,1,2327,1492,835,314,578,1749,6.51227374301676,6.93340549597855,5.75978443113772,5.98678343949045,6.06141868512111,6.66126986849629,254
"248",2022,8,7.625,8,8.16666666666667,6,9,8.33333333333333,7.2,6,2,1,3,5,2335,1498,837,315,581,1754,6.51608608137045,6.93834512683578,5.76035842293907,5.99634920634921,6.07314974182444,6.66280558722919,255
"249",2022,9,6,2,7,5,NA,NA,6,1,1,0,0,2,2337,1499,838,315,581,1756,6.51564441591784,6.938386257505,5.75945107398568,5.99634920634921,6.07314974182444,6.6620506833713,256
"250",2022,11,5.25,4,5,5.33333333333333,4,4.5,6,1,3,2,2,2,2341,1500,841,317,583,1758,6.51348184536523,6.937094,5.75793103448276,5.98375394321767,6.06775300171527,6.66129749715586,258
"251",2022,12,6.6,5,5.5,7.33333333333333,9,6,6.75,2,3,1,1,4,2346,1502,844,318,584,1762,6.51366624040921,6.93518042609854,5.7635308056872,5.99323899371069,6.06763698630137,6.66149886492622,259
