"","year","month","avg_rating","no_ratings","avg_rating_owned","avg_rating_not_owned","avg_rating_prev_owned","avg_rating_comment","avg_rating_no_comment","no_ratings_owned","no_ratings_not_owned","no_ratings_prev_owned","no_ratings_comment","no_ratings_no_comment","cum_no_ratings","cum_no_ratings_owned","cum_no_ratings_not_owned","cum_no_ratings_prev_owned","cum_no_ratings_comment","cum_no_ratings_no_comment","cum_avg_rating","cum_avg_rating_owned","cum_avg_rating_not_owned","cum_avg_rating_prev_owned","cum_avg_rating_comment","cum_avg_rating_no_comment","month_after_release"
"1",2006,1,7,1,7,NA,NA,NA,7,1,0,0,0,1,1,1,0,0,0,1,7,7,NA,NA,NA,7,-2
"2",2006,2,8,2,8,8,8,NA,8,1,1,1,0,2,3,2,1,1,0,3,7.66666666666667,7.5,8,8,NA,7.66666666666667,-1
"3",2006,3,6.63529411764706,17,6.83076923076923,6,7,6.70909090909091,6.5,13,4,1,11,6,20,15,5,2,11,9,6.79,6.92,6.4,7.5,6.70909090909091,6.88888888888889,0
"4",2006,4,5.98333333333333,15,6.5625,5.77272727272727,5,5.71428571428571,6.21875,4,11,2,7,8,35,19,16,4,18,17,6.44428571428571,6.84473684210526,5.96875,6.25,6.32222222222222,6.57352941176471,1
"5",2006,5,6.308,25,7.02222222222222,5.90625,7.5,6.11538461538461,6.51666666666667,9,16,2,13,12,60,28,32,6,31,29,6.3875,6.90178571428571,5.9375,6.66666666666667,6.23548387096774,6.55,2
"6",2006,6,6.22222222222222,18,7.2,5.84615384615385,6.5,5.75,6.6,5,13,2,8,10,78,33,45,8,39,39,6.34935897435897,6.9469696969697,5.91111111111111,6.625,6.13589743589744,6.56282051282051,3
"7",2006,7,6.65833333333333,12,7.14285714285714,5.98,NA,7,6.59,7,5,0,2,10,90,40,50,8,41,49,6.39055555555556,6.98125,5.918,6.625,6.17804878048781,6.56836734693878,4
"8",2006,8,7.22222222222222,9,7.57142857142857,6,NA,7.5,7.14285714285714,7,2,0,2,7,99,47,52,8,43,56,6.46616161616162,7.06914893617021,5.92115384615385,6.625,6.23953488372093,6.64017857142857,5
"9",2006,9,6.36363636363636,11,7.33333333333333,5.2,NA,5.75,6.71428571428571,6,5,0,4,7,110,53,57,8,47,63,6.45590909090909,7.09905660377358,5.8578947368421,6.625,6.19787234042553,6.6484126984127,6
"10",2006,10,6.5,17,7.41666666666667,6,7,6.33333333333333,6.59090909090909,6,11,1,6,11,127,59,68,9,53,74,6.46181102362205,7.13135593220339,5.88088235294118,6.66666666666667,6.21320754716981,6.63986486486487,7
"11",2006,11,6.40909090909091,22,6.91666666666667,5.8,6.75,6,6.6,12,10,2,7,15,149,71,78,11,60,89,6.45402684563758,7.09507042253521,5.87051282051282,6.68181818181818,6.18833333333333,6.63314606741573,8
"12",2006,12,6.91428571428571,28,7.26470588235294,6.37272727272727,NA,6.50909090909091,7.17647058823529,17,11,0,11,17,177,88,89,11,71,106,6.52683615819209,7.12784090909091,5.93258426966292,6.68181818181818,6.23802816901408,6.72028301886792,9
"13",2007,1,6.75882352941176,34,7.3,6.27777777777778,7.33333333333333,7.31818181818182,6.49130434782609,16,18,3,11,23,211,104,107,14,82,129,6.56421800947867,7.15432692307692,5.99065420560748,6.82142857142857,6.38292682926829,6.67945736434109,10
"14",2007,2,6.56365289473684,38,7.30263157894737,5.82467421052632,6.5,6.40384615384615,6.6467524,19,19,2,13,25,249,123,126,16,95,154,6.56413176706827,7.17723577235772,5.96562547619048,6.78125,6.38578947368421,6.67414811688312,11
"15",2007,3,6.71627906976744,43,7.132,6.13888888888889,7.33333333333333,6.75,6.68695652173913,25,18,3,20,23,292,148,144,19,115,177,6.58653702054794,7.16959459459459,5.98728340277778,6.86842105263158,6.44913043478261,6.67581248587571,12
"16",2007,4,6.55853658536585,41,7.56,5.98076923076923,6.75,6.15,6.82,15,26,4,16,25,333,163,170,23,131,202,6.58308951951952,7.20552147239264,5.98628711764706,6.84782608695652,6.41259541984733,6.69365747524752,13
"17",2007,5,6.18243243243243,37,6.70294117647059,5.74,7,5.88888888888889,6.27678571428571,17,20,3,9,28,370,180,190,26,140,230,6.54302381081081,7.15805555555556,5.96036215789474,6.86538461538461,6.37892857142857,6.64290786956522,14
"18",2007,6,6.01375,40,7.14642857142857,5.40384615384615,6,5.63235294117647,6.29565217391304,14,26,2,17,23,410,194,216,28,157,253,6.49138734146341,7.15721649484536,5.89337412037037,6.80357142857143,6.29808917197452,6.61133916996047,15
"19",2007,7,6.46063829787234,47,7.13409090909091,5.868,6.875,6.735,6.25740740740741,22,25,4,20,27,457,216,241,32,177,280,6.48822496717724,7.15486111111111,5.89074195020747,6.8125,6.34745762711864,6.57721003571429,16
"20",2007,8,6.21923076923077,39,7.125,5.58913043478261,6.5,5.67368421052632,6.7375,16,23,2,19,20,496,232,264,34,196,300,6.46707421370968,7.15280172413793,5.86446518939394,6.79411764705882,6.28214285714286,6.58789603333333,17
"21",2007,9,6.22272727272727,44,6.99,5.58333333333333,7,5.94,6.59473684210526,20,24,4,25,19,540,252,288,38,221,319,6.44716446296296,7.13988095238095,5.84103753472222,6.81578947368421,6.24343891402715,6.58830347962382,18
"22",2007,10,6.46458333333333,48,7.28947368421053,5.92413793103448,7.16666666666667,6.21875,6.5875,19,29,3,16,32,588,271,317,41,237,351,6.44858641156463,7.15036900369004,5.84863977917981,6.84146341463415,6.24177215189873,6.58823022792023,19
"23",2007,11,6.29148936170213,47,6.72962962962963,5.7,5,5.96666666666667,6.44375,27,20,2,15,32,635,298,337,43,252,383,6.43695875590551,7.11224832214765,5.8398184272997,6.75581395348837,6.22539682539683,6.57615877284595,20
"24",2007,12,6.39259259259259,54,6.82222222222222,5.96296296296296,7.33333333333333,6.15384615384615,6.61428571428571,27,27,3,26,28,689,325,364,46,278,411,6.4334815820029,7.08815384615384,5.84895277472527,6.79347826086957,6.21870503597122,6.57875622871046,21
"25",2008,1,6.34067796610169,59,6.79677419354839,5.83571428571429,6.83333333333333,6.28275862068966,6.39666666666667,31,28,3,29,30,748,356,392,49,307,441,6.42616151069519,7.0627808988764,5.84800716836735,6.79591836734694,6.22475570032573,6.56636918367347,22
"26",2008,2,6.26805555555556,36,6.75,5.8825,6.8,6.1,6.38809523809524,16,20,5,15,21,784,372,412,54,322,462,6.41890154336735,7.04932795698925,5.8496815776699,6.7962962962963,6.21894409937888,6.55826582251082,23
"27",2008,3,6.71206896551724,29,7.05,6.4375,6.83333333333333,6.62941176470588,6.82916666666667,13,16,6,17,12,813,385,428,60,339,474,6.4293589298893,7.04935064935065,5.87165609813084,6.8,6.23952802359882,6.56512407172996,24
"28",2008,4,6.42592592592593,27,7,5.59090909090909,7.5,6.2,6.55882352941176,16,11,3,10,17,840,401,439,63,349,491,6.42924858333333,7.04738154613466,5.86462143507973,6.83333333333333,6.23839541547278,6.56490592668024,25
"29",2008,5,6.53658536585366,41,6.836,6.06875,7,6.63636363636364,6.42105263157895,25,16,2,22,19,881,426,455,65,371,510,6.43424382519864,7.0349765258216,5.87179958241758,6.83846153846154,6.26199460916442,6.55954668627451,26
"30",2008,6,6.77619047619048,21,7.1625,6.53846153846154,7,6.7,6.84545454545455,8,13,1,10,11,902,434,468,66,381,521,6.44220488913525,7.03732718894009,5.89031797008547,6.84090909090909,6.27349081364829,6.56558312859885,27
"31",2008,7,6.21212121212121,33,6.34615384615385,6.125,6.33333333333333,6.34375,6.08823529411765,13,20,12,16,17,935,447,488,78,397,538,6.43408428877005,7.017225950783,5.89993608606557,6.76282051282051,6.27632241813602,6.55049964684015,28
"32",2008,8,6.12325581395349,43,6.7375,5.75925925925926,5.45833333333333,5.8,6.43181818181818,16,27,12,21,22,978,463,515,90,418,560,6.42041800613497,7.00755939524838,5.8925607961165,6.58888888888889,6.25239234449761,6.54583716071429,29
"33",2008,9,6.125,28,6.76666666666667,5.38461538461539,5,5.88461538461539,6.33333333333333,15,13,5,13,15,1006,478,528,95,431,575,6.4121956361829,7,5.88005456439394,6.50526315789474,6.24129930394432,6.5402935826087,30
"34",2008,10,6.77733333333333,30,7.388,6.16666666666667,5.5,6.09090909090909,7.17473684210526,15,15,5,11,19,1036,493,543,100,442,594,6.42276912162162,7.01180527383367,5.88797202578269,6.455,6.23755656108597,6.56058722222222,31
"35",2008,11,6.38666666666667,45,7.05,5.856,5.7,6.02352941176471,6.60714285714286,20,25,12,17,28,1081,513,568,112,459,622,6.42126624421832,7.01329434697856,5.88656480633803,6.37410714285714,6.22962962962963,6.56268297427653,32
"36",2008,12,5.9696875,32,6.88692307692308,5.34210526315789,4.66666666666667,6.18333333333333,5.8415,13,19,3,12,20,1113,526,587,115,471,642,6.40828284815813,7.0101711026616,5.86894175468484,6.3295652173913,6.22845010615711,6.54021621495327,33
"37",2009,1,6.35526315789474,38,6.64285714285714,6,6.08333333333333,6.07142857142857,6.52083333333333,21,17,6,14,24,1151,547,604,121,485,666,6.40653241529105,6.99606946983547,5.87263048013245,6.31735537190083,6.2239175257732,6.53951773273273,34
"38",2009,2,6.225,48,6.93181818181818,5.62692307692308,5.57142857142857,5.39545454545455,6.47162162162162,22,26,7,11,37,1199,569,630,128,496,703,6.39926506255213,6.99358523725835,5.86249017460317,6.2765625,6.20554435483871,6.53594425320057,35
"39",2009,3,6.51063829787234,47,6.75,6.3,5.5,6,6.64864864864865,22,25,6,10,37,1246,591,655,134,506,740,6.40346613964687,6.98451776649746,5.87918902290076,6.24179104477612,6.20148221343873,6.54157947297297,36
"40",2009,4,6.50625,48,7.25294117647059,6.09677419354839,6.08333333333333,6.07857142857143,6.68235294117647,17,31,6,14,34,1294,608,686,140,520,774,6.40727883307573,6.99202302631579,5.88902158892128,6.235,6.19817307692308,6.54776332041344,37
"41",2009,5,6.57575757575758,33,6.96153846153846,6.325,6,6.60714285714286,6.55263157894737,13,20,5,14,19,1327,621,706,145,534,793,6.41146858327053,6.99138486312399,5.90137225212465,6.22689655172414,6.20889513108614,6.54787996216898,38
"42",2009,6,6.72862068965517,29,7.06,6.55421052631579,7.005,6.81,6.68578947368421,10,19,6,10,19,1356,631,725,151,544,812,6.41825133480826,6.99247226624406,5.91848111724138,6.25781456953642,6.21994485294118,6.55110690886699,39
"43",2009,7,6.43428571428571,35,6.96666666666667,6.035,5.9,5.66666666666667,6.83478260869565,15,20,5,12,23,1391,646,745,156,556,835,6.41865478792236,6.99187306501548,5.9216091409396,6.24634615384615,6.2080035971223,6.55892073053892,40
"44",2009,8,6.56764705882353,34,6.72631578947368,6.36666666666667,6.57142857142857,6.72,6.44736842105263,19,15,7,15,19,1425,665,760,163,571,854,6.42220969122807,6.98428571428572,5.93039317105263,6.26030674846626,6.22145359019264,6.55643888758782,41
"45",2009,9,6.42,25,7.05555555555556,6.0625,6.83333333333333,6.07142857142857,6.55555555555556,9,16,6,7,18,1450,674,776,169,578,872,6.42217159310345,6.98523738872404,5.93311702319588,6.28065088757396,6.21963667820069,6.55642065366972,42
"46",2009,10,6.43333333333333,27,6.71428571428571,6.13076923076923,4.73333333333333,6.55,6.36470588235294,14,13,3,10,17,1477,688,789,172,588,889,6.42237563303994,6.9797238372093,5.93637365019011,6.25366279069767,6.22525510204082,6.55275456692913,43
"47",2009,11,6.34285714285714,35,6.60714285714286,6.16666666666667,5.91666666666667,6.77777777777778,6.19230769230769,14,21,6,9,26,1512,702,810,178,597,915,6.42053492724868,6.97229344729345,5.94234420987654,6.24230337078652,6.23358458961474,6.54251236065574,44
"48",2009,12,6.29722222222222,36,6.8,5.73529411764706,6.5,5.5,6.60384615384615,19,17,5,10,26,1548,721,827,183,607,941,6.41766718992248,6.96775312066574,5.93808804111245,6.24934426229508,6.22149917627677,6.54420702444208,45
"49",2010,1,6.4075,40,6.63636363636364,6.12777777777778,6.21666666666667,6,6.5258064516129,22,18,6,9,31,1588,743,845,189,616,972,6.41741108942065,6.95794078061911,5.94212876923077,6.24830687830688,6.21826298701299,6.54362017489712,46
"50",2010,2,6.93684210526316,19,7.66666666666667,6.6,7,6.8,6.98571428571429,6,13,1,5,14,1607,749,858,190,621,986,6.42355246421904,6.96361815754339,5.95209651515151,6.25226315789474,6.22294685990338,6.54989737322515,47
"51",2010,3,6.04416666666667,24,6.65142857142857,5.79411764705882,4.5,6.42857142857143,5.88588235294118,7,17,2,7,17,1631,756,875,192,628,1003,6.41796984058859,6.96072751322752,5.94902721142857,6.23401041666667,6.22523885350318,6.53864288135593,48
"52",2010,4,6.71666666666667,18,6.65,6.8,6,6.5,6.77857142857143,10,8,1,4,14,1649,766,883,193,632,1017,6.42123032747119,6.95667101827676,5.95673704416761,6.23279792746114,6.22697784810127,6.54194573254671,49
"53",2010,5,6.40666666666667,15,7.51666666666667,5.66666666666667,4.33333333333333,6.2625,6.57142857142857,6,9,3,8,7,1664,772,892,196,640,1024,6.42109904447115,6.96102331606218,5.95381032511211,6.20372448979592,6.227421875,6.54214727539062,50
"54",2010,6,6.71428571428571,21,7.08888888888889,6.43333333333333,5.875,6.70909090909091,6.72,9,12,4,11,10,1685,781,904,200,651,1034,6.42475300296736,6.96249679897567,5.96017567477876,6.19715,6.23556067588326,6.54386732108317,51
"55",2010,7,6.51052631578947,19,7.07142857142857,6.18333333333333,6.3,6.5,6.5125,7,12,5,3,16,1704,788,916,205,654,1050,6.4257093955399,6.96346446700508,5.96309913755458,6.19965853658536,6.23677370030581,6.54338934285714,52
"56",2010,8,6.60869565217391,23,6.68181818181818,6.54166666666667,6.5,6.5,6.65625,11,12,2,7,16,1727,799,928,207,661,1066,6.42814638679791,6.95958698372966,5.97058061422414,6.20256038647343,6.23956127080181,6.54508331144465,53
"57",2010,9,5.57692307692308,13,5.75,5.54545454545455,6.16666666666667,6.25,5.27777777777778,2,11,3,4,9,1740,801,939,210,665,1075,6.42178667241379,6.95656679151061,5.96560043663472,6.20204761904762,6.23962406015038,6.53447331162791,54
"58",2010,10,6.53478260869565,23,6.27777777777778,6.7,5.66666666666667,6.5,6.56666666666667,9,14,3,11,12,1763,810,953,213,676,1087,6.42326081111741,6.94902469135803,5.97638909758657,6.19450704225352,6.24386094674556,6.53482871205152,55
"59",2010,11,6.68514285714286,35,7.94416666666667,6.02826086956522,6.05,6.52777777777778,6.73961538461538,12,23,5,9,26,1798,822,976,218,685,1113,6.42835862625139,6.96355231143553,5.97761148565574,6.19119266055046,6.24759124087591,6.53961258760108,56
"60",2010,12,6.556,25,6.92666666666667,6,6.375,6.71428571428571,6.49444444444444,15,10,4,7,18,1823,837,986,222,692,1131,6.43010905650027,6.96289127837515,5.97783854969574,6.1945045045045,6.25231213872832,6.53889373121132,57
"61",2011,1,6.73793103448276,29,7.05555555555556,6.21818181818182,5.83333333333333,7.3,6.62083333333333,18,11,3,5,24,1852,855,997,225,697,1155,6.43492916306695,6.96484210526316,5.98049028084253,6.18968888888889,6.25982783357245,6.54059637229437,58
"62",2011,2,6.19032258064516,31,7.03636363636364,5.725,6.5,5.92307692307692,6.38333333333333,11,20,3,13,18,1883,866,1017,228,710,1173,6.4309021826872,6.96575057736721,5.97546588987217,6.19377192982456,6.25366197183098,6.53818312872975,59
"63",2011,3,5.93047619047619,21,6.43090909090909,5.38,NA,5.59,6.06666666666667,11,10,0,6,15,1904,877,1027,228,716,1188,6.42538277836134,6.95904218928164,5.96966777994158,6.19377192982456,6.24810055865922,6.53222963804714,60
"64",2011,4,6.61111111111111,27,7.03,6.36470588235294,7.375,6.1,6.79,10,17,4,7,20,1931,887,1044,232,723,1208,6.42797970481616,6.95984216459978,5.9761003927203,6.21413793103448,6.24666666666667,6.53649735927152,61
"65",2011,5,6.64916666666667,24,7.16923076923077,6.03454545454545,6,6.66666666666667,6.64333333333333,13,11,1,6,18,1955,900,1055,233,729,1226,6.43069504347826,6.96286666666667,5.97670977251185,6.21321888412017,6.25012345679012,6.53806591353997,62
"66",2011,6,6.67,15,7.6625,5.53571428571429,NA,6.53571428571429,6.7875,8,7,0,7,8,1970,908,1062,233,736,1234,6.43251716243655,6.96903083700441,5.97380302259887,6.21321888412017,6.25283967391304,6.53968299027552,63
"67",2011,7,5.95652173913043,23,6.72222222222222,5.46428571428571,4.5,5.66666666666667,6.05882352941176,9,14,4,6,17,1993,917,1076,237,742,1251,6.42702398896136,6.96660850599782,5.96717361524163,6.18430379746835,6.24809973045822,6.53314852917666,64
"68",2011,8,6.39473684210526,19,6.66666666666667,6.15,5.5,5.875,6.53333333333333,9,10,1,4,15,2012,926,1086,238,746,1266,6.42671909045725,6.96369330453564,5.96885709944751,6.18142857142857,6.24609919571046,6.53315071879937,65
"69",2011,9,6.3,16,6.32857142857143,6.27777777777778,6,6,6.36923076923077,7,9,2,3,13,2028,933,1095,240,749,1279,6.42571933431952,6.9589281886388,5.97139617351598,6.17991666666667,6.24511348464619,6.53148460516028,66
"70",2011,10,6.325,12,7.81666666666667,4.83333333333333,6.5,4.5,6.69,6,6,1,2,10,2040,939,1101,241,751,1289,6.42512686764706,6.9644089456869,5.96519419618528,6.18124481327801,6.24046604527297,6.53271435996897,67
"71",2011,11,6.3,26,6.96428571428571,5.525,5.85,5.5875,6.61666666666667,14,12,6,8,18,2066,953,1113,247,759,1307,6.42355218296224,6.96440713536202,5.9604481671159,6.1731983805668,6.2335836627141,6.53387055087988,68
"72",2011,12,6.74,30,7.10526315789474,6.10909090909091,5.5,7.05,6.6625,19,11,2,6,24,2096,972,1124,249,765,1331,6.42808149332061,6.96716049382716,5.96190285587188,6.16779116465863,6.23998692810457,6.53618993989481,69
"73",2012,1,6.52321428571429,28,7.18181818181818,6.09705882352941,6.41666666666667,6.575,6.50909090909091,11,17,6,6,22,2124,983,1141,255,771,1353,6.42933559792843,6.96956256358088,5.96391657318142,6.17364705882353,6.24259403372244,6.5357493052476,70
"74",2012,2,6.76190476190476,21,7.2,6.625,6.25,6.66666666666667,6.83333333333333,5,16,8,9,12,2145,988,1157,263,780,1365,6.43259151981352,6.97072874493927,5.97305860847018,6.17596958174905,6.24748717948718,6.53836542857143,71
"75",2012,3,6.56875,16,6.85,6.4,6.33333333333333,7.6,6.42142857142857,6,10,3,2,14,2161,994,1167,266,782,1379,6.4335996344285,6.97,5.97671706083976,6.17774436090225,6.2509462915601,6.53717825235678,72
"76",2012,4,6.79473684210526,19,7.0125,6.63636363636364,6.83333333333333,7.4,6.63333333333333,8,11,6,4,15,2180,1002,1178,272,786,1394,6.43674716055046,6.97033932135729,5.98287674872665,6.19220588235294,6.25679389312977,6.53821291965567,73
"77",2012,5,6.84375,16,7.18181818181818,6.1,6.1,6.125,7.08333333333333,11,5,5,4,12,2196,1013,1183,277,790,1406,6.43971257285974,6.97263573543929,5.98337177514793,6.19054151624549,6.25612658227848,6.54286544096728,74
"78",2012,6,6.72631578947368,19,7.58,5.77777777777778,7,6,6.98571428571429,10,9,2,5,14,2215,1023,1192,279,795,1420,6.44217102031602,6.97857282502444,5.98181947147651,6.19634408602151,6.25451572327044,6.54723155633803,75
"79",2012,7,6.7752,25,6.80769230769231,6.74,7.075,7.375,6.66095238095238,13,12,4,4,21,2240,1036,1204,283,799,1441,6.44588786160714,6.97642857142857,5.98937608803987,6.20876325088339,6.26012515644556,6.54888883414295,76
"80",2012,8,6.74545454545455,11,6.74285714285714,6.75,7.25,6.55,6.85714285714286,7,4,2,4,7,2251,1043,1208,285,803,1448,6.44735175921812,6.97486097794823,5.9918947102649,6.2160701754386,6.26156911581569,6.55037901243094,77
"81",2012,9,6.03,20,6.66666666666667,5.75714285714286,7.5,5.5,6.1625,6,14,2,4,16,2271,1049,1222,287,807,1464,6.44367627036547,6.97309818875119,5.98920524549918,6.22501742160279,6.25779429987608,6.54613989754098,78
"82",2012,10,6.7075,20,7.16,6.255,6.66666666666667,6.65,6.721875,10,10,3,4,16,2291,1059,1232,290,811,1480,6.44597940200785,6.97486307837583,5.99136267045454,6.22958620689655,6.25972872996301,6.54803973648648,79
"83",2012,11,6.82,15,7.32857142857143,6.375,6.33333333333333,6.33333333333333,6.94166666666667,7,8,3,3,12,2306,1066,1240,293,814,1492,6.44841232003469,6.97718574108818,5.99383775,6.23064846416382,6.26,6.55120563672922,80
"84",2012,12,6.46428571428571,28,7.39285714285714,5.53571428571429,5.75,5.9,6.58695652173913,14,14,4,5,23,2334,1080,1254,297,819,1515,6.44860274635818,6.98257407407408,5.98872313397129,6.22417508417508,6.2578021978022,6.55174838943894,81
"85",2013,1,6.55357142857143,28,7.05,6.27777777777778,6.71428571428571,6.27777777777778,6.68421052631579,10,18,7,9,19,2362,1090,1272,304,828,1534,6.44984708298052,6.98319266055046,5.99281352987421,6.23546052631579,6.2580193236715,6.5533890547588,82
"86",2013,2,6.99090909090909,22,7.44615384615385,6.33333333333333,6.6,6.96666666666667,7,13,9,5,6,16,2384,1103,1281,309,834,1550,6.45484010486577,6.9886491387126,5.99520594067135,6.24135922330097,6.2631175059952,6.55799923225806,83
"87",2013,3,6.5175,20,7.32727272727273,5.52777777777778,5.75,5.875,6.79285714285714,11,9,5,6,14,2404,1114,1290,314,840,1564,6.45536140183028,6.99199281867146,5.99194481395349,6.23353503184713,6.26034523809524,6.56010154092071,84
"88",2013,4,6.52380952380952,21,6.8125,6.34615384615385,7,7.5,6.42105263157895,8,13,3,2,19,2425,1122,1303,317,842,1583,6.4559541484536,6.99071301247772,5.99547874904067,6.24078864353312,6.26328978622328,6.55843260265319,85
"89",2013,5,6.72727272727273,22,7.1,6.5875,6.5625,7.34,6.54705882352941,6,16,8,5,17,2447,1128,1319,325,847,1600,6.45839346546792,6.99129432624114,6.00266020470053,6.24870769230769,6.26964580873672,6.55831175625,86
"90",2013,6,6.65,20,7.3125,6.20833333333333,6.25,7.625,6.40625,8,12,2,4,16,2467,1136,1331,327,851,1616,6.45994682205107,6.99355633802817,6.0045145078888,6.24871559633028,6.27601645123384,6.55680619430693,87
"91",2013,7,6.3,22,7.01111111111111,5.80769230769231,4.75,4.8,6.74117647058824,9,13,2,5,17,2489,1145,1344,329,856,1633,6.45853306950582,6.99369432314411,6.00261072172619,6.23960486322188,6.26739485981308,6.55872554194733,88
"92",2013,8,6.53787878787879,33,6.75,6.44565217391304,6.5,6.63461538461539,6.475,10,23,3,13,20,2522,1155,1367,332,869,1653,6.45957129659,6.99158441558442,6.0100649670812,6.2419578313253,6.27288837744534,6.55771252873563,89
"93",2013,9,6.5,21,6.75,6.4,7.25,4.91666666666667,7.13333333333333,6,15,2,6,15,2543,1161,1382,334,875,1668,6.45990515532835,6.99033591731266,6.01429725759768,6.24799401197605,6.26358857142857,6.56288897482014,90
"94",2013,10,5.85344827586207,29,7.07142857142857,5.46590909090909,6.25,6.25,5.79,7,22,2,4,25,2572,1168,1404,336,879,1693,6.45306718895801,6.99082191780822,6.00570428062678,6.24800595238095,6.26352673492605,6.55147596574129,91
"95",2013,11,6.69130434782609,23,7.34,6.19230769230769,6.33333333333333,6.625,6.70526315789474,10,13,3,4,19,2595,1178,1417,339,883,1712,6.45517873217726,6.99378607809847,6.00741623853211,6.2487610619469,6.26516421291053,6.55318271612149,92
"96",2013,12,6.655,20,7.125,6.34166666666667,NA,7.1,6.50666666666667,8,12,0,5,15,2615,1186,1429,339,888,1727,6.45670700191204,6.99467116357504,6.01022310006998,6.2487610619469,6.26986486486486,6.55277869716271,93
"97",2014,1,5.87105263157895,19,6.80555555555556,5.03,5,5.10714285714286,6.31666666666667,9,10,3,7,12,2634,1195,1439,342,895,1739,6.45248246393318,6.99324686192469,6.0034112647672,6.23780701754386,6.26077094972067,6.55114940195514,94
"98",2014,2,6.32291666666667,24,6.96875,6,6,6.3,6.32894736842105,8,16,1,5,19,2658,1203,1455,343,900,1758,6.4513125696012,6.99308395677473,6.00337375257732,6.23711370262391,6.26098888888889,6.54874790102389,95
"99",2014,3,6.71333333333333,15,8,6.24545454545455,7,6,6.89166666666667,4,11,2,3,12,2673,1207,1466,345,903,1770,6.45278294425739,6.99642087821044,6.00519018417462,6.24153623188406,6.26012181616833,6.5510727740113,96
"100",2014,4,5.83695652173913,23,5.69444444444444,5.92857142857143,6.25,5.67857142857143,5.90625,9,14,2,7,16,2696,1216,1480,347,910,1786,6.44752923219584,6.98678453947369,6.00446541216216,6.24158501440922,6.25564835164835,6.5452960862262,97
"101",2014,5,6.45,18,7.2,5.85,6.16666666666667,8.4,5.89285714285714,8,10,3,4,14,2714,1224,1490,350,914,1800,6.44754561901252,6.98817810457517,6.00342873154362,6.24094285714286,6.26503282275711,6.54022156111111,98
"102",2014,6,6.6375,16,6.85,6.28333333333333,7.8,6,6.92727272727273,10,6,1,5,11,2730,1234,1496,351,919,1811,6.4486589047619,6.98705834683955,6.00455134358289,6.24538461538462,6.26359085963003,6.54257250690226,99
"103",2014,7,6.52,30,6.65,6.42058823529412,7.33333333333333,6.74444444444444,6.42380952380952,13,17,3,9,21,2760,1247,1513,354,928,1832,6.44943435144927,6.98354450681636,6.00922591539987,6.25460451977401,6.26825431034483,6.54121114082969,100
"104",2014,8,6.31764705882353,17,7.2,5.95,7,6.3,6.32142857142857,5,12,1,3,14,2777,1252,1525,355,931,1846,6.44862758732445,6.9844089456869,6.00875987540983,6.25670422535211,6.26835660580021,6.53954431744312,101
"105",2014,9,7.11578947368421,19,7.65,6.52222222222222,6.9,7.275,7.07333333333333,10,9,4,4,15,2796,1262,1534,359,935,1861,6.45316123390558,6.98968304278923,6.01177236636245,6.26387186629526,6.27266310160428,6.5438467544331,102
"106",2014,10,6.375,16,6.57142857142857,6.22222222222222,6,6.28571428571429,6.44444444444444,7,9,1,7,9,2812,1269,1543,360,942,1870,6.45271650426742,6.98737588652483,6.01299987686325,6.26313888888889,6.27276008492569,6.54336834759358,103
"107",2014,11,6.88,25,7.66666666666667,6.63157894736842,7,7.375,6.64705882352941,6,19,1,8,17,2837,1275,1562,361,950,1887,6.45648178004934,6.99057254901961,6.02052420614596,6.26518005540166,6.28204210526316,6.54430249602544,104
"108",2014,12,6.1304347826087,23,6.125,6.13333333333333,6,6.5,6.02777777777778,8,15,1,5,18,2860,1283,1577,362,955,1905,6.45385972377622,6.98517537022604,6.02159721623335,6.26444751381216,6.2831832460733,6.53942194750656,105
"109",2015,1,6.82619047619048,21,6.77777777777778,6.8625,5,5.83333333333333,6.99166666666667,9,12,1,3,18,2881,1292,1589,363,958,1923,6.45657369316209,6.9837306501548,6.02794764631844,6.26096418732782,6.2817745302714,6.54365512740509,106
"110",2015,2,7.08461538461538,13,7.57142857142857,6.51666666666667,4,7.5,7.00909090909091,7,6,1,2,11,2894,1299,1595,364,960,1934,6.4593948894264,6.98689761354889,6.02978608777429,6.25475274725275,6.2843125,6.54630238366081,107
"111",2015,3,6.60909090909091,11,5.5,6.85555555555556,8,6.2,6.65,2,9,1,1,10,2905,1301,1604,365,961,1944,6.45996172461273,6.98461183704843,6.03441945760598,6.25953424657534,6.28422476586889,6.54683580761317,108
"112",2015,4,6.4,10,7.5,6.125,NA,6.25,6.5,2,8,0,4,6,2915,1303,1612,365,965,1950,6.45975602401372,6.98540291634689,6.03486898883375,6.25953424657534,6.2840829015544,6.5466916974359,109
"113",2015,5,6.09375,16,6.35714285714286,5.88888888888889,3,6,6.125,7,9,1,4,12,2931,1310,1621,366,969,1962,6.45775803821221,6.98204580152672,6.03405848858729,6.25062841530055,6.28291021671827,6.54411254332314,110
"114",2015,6,7,8,7.5,6.83333333333333,8,8,6.85714285714286,2,6,1,1,7,2939,1312,1627,367,970,1969,6.45923402858115,6.98283536585366,6.03700602950215,6.25539509536785,6.28468041237113,6.54522539867953,111
"115",2015,7,6.61764705882353,17,6.90909090909091,6.08333333333333,7.5,5.16666666666667,6.92857142857143,11,6,2,3,14,2956,1323,1633,369,973,1983,6.46014506427604,6.98222222222222,6.03717624617269,6.26214092140921,6.28123329907503,6.54793182551689,112
"116",2015,8,6.435,20,7.00833333333333,6.18928571428571,7.5,7,6.33529411764706,6,14,2,3,17,2976,1329,1647,371,976,2000,6.45997607862903,6.98234010534236,6.03846922282939,6.26881401617251,6.28344262295082,6.546124405,113
"117",2015,9,5.88,15,7.33333333333333,5.51666666666667,NA,4.83333333333333,6.14166666666667,3,12,0,3,12,2991,1332,1659,371,979,2012,6.45706747241725,6.98313063063063,6.03469488245931,6.26881401617251,6.27899897854954,6.54371213220676,114
"118",2015,10,6.5375,20,7.28333333333333,6.21785714285714,5.25,5.5,6.88333333333333,6,14,4,5,15,3011,1338,1673,375,984,2027,6.45760173032215,6.98447683109118,6.03622762104005,6.25794666666667,6.2750406504065,6.54622536260483,115
"119",2015,11,5.99,20,6.97142857142857,5.46153846153846,5.33333333333333,5.9,6.02,7,13,3,5,15,3031,1345,1686,378,989,2042,6.45451626855823,6.98440892193309,6.03179644721234,6.25060846560847,6.27314459049545,6.54235984818805,116
"120",2015,12,6.4375,24,7.25555555555556,5.94666666666667,6.5,6.67777777777778,6.29333333333333,9,15,5,9,15,3055,1354,1701,383,998,2057,6.45438258919803,6.98621122599705,6.03104574368019,6.25386422976501,6.27679358717435,6.54054390374331,117
"121",2016,1,6.20333333333333,15,6.78125,5.54285714285714,5,5.5,6.31153846153846,8,7,2,2,13,3070,1362,1708,385,1000,2070,6.45315596416938,6.98500734214391,6.02904497072599,6.24735064935065,6.27524,6.53910570531401,118
"122",2016,2,6.88888888888889,18,7,6.77777777777778,6,5,7.125,9,9,5,2,16,3088,1371,1717,390,1002,2086,6.45569585816062,6.98510576221736,6.0329696039604,6.24417948717949,6.27269461077844,6.54359962128475,119
"123",2016,3,6.66923076923077,13,7.1,6.4,6.5,6.75,6.65454545454545,5,8,2,2,11,3101,1376,1725,392,1004,2097,6.45659103837471,6.98552325581395,6.03467177391304,6.24548469387755,6.27364541832669,6.54418159752027,120
"124",2016,4,6.71875,16,6.91666666666667,6.6,10,7.625,6.41666666666667,6,10,1,4,12,3117,1382,1735,393,1008,2109,6.45793673724735,6.98522431259045,6.03793014985591,6.25503816793893,6.27900793650794,6.54345605026079,121
"125",2016,5,6.91333333333333,15,7.28571428571429,6.5875,8,6,7.14166666666667,7,8,1,3,12,3132,1389,1743,394,1011,2121,6.46011775542784,6.98673866090713,6.04045255880665,6.25946700507614,6.27818001978239,6.54684055162659,122
"126",2016,6,6.828125,16,7.1875,6.46875,6,6.85,6.81818181818182,8,8,2,5,11,3148,1397,1751,396,1016,2132,6.46198818614993,6.9878883321403,6.04240937178755,6.25815656565657,6.28099409448819,6.54824053001876,123
"127",2016,7,6.40909090909091,11,6,6.5625,6,7,6.07142857142857,3,8,2,4,7,3159,1400,1759,398,1020,2139,6.46180399176954,6.98577142857143,6.04477476407049,6.25685929648241,6.2838137254902,6.54668013557737,124
"128",2016,8,6.4,10,7,6.25,4,7,6.33333333333333,2,8,1,1,9,3169,1402,1767,399,1021,2148,6.46160896497317,6.98579172610556,6.04570391058291,6.2512030075188,6.28451518119491,6.54578622439479,125
"129",2016,9,7,17,7.42857142857143,6.7,6.5,7.66666666666667,6.85714285714286,7,10,2,3,14,3186,1409,1777,401,1024,2162,6.46448173571877,6.98799148332151,6.04938593697242,6.25244389027431,6.288564453125,6.54780240980573,126
"130",2016,10,6.62307692307692,13,6.57142857142857,6.68333333333333,NA,6.25,6.78888888888889,7,6,0,4,9,3199,1416,1783,401,1028,2171,6.46512623007189,6.98593220338983,6.05151924284913,6.25244389027431,6.28841439688716,6.54880184707508,127
"131",2016,11,6.46333333333333,15,6.325,6.55555555555556,8,5.5,6.61153846153846,6,9,2,2,13,3214,1422,1792,403,1030,2184,6.46511786247666,6.98314345991561,6.05405067522321,6.26111662531017,6.28688349514563,6.54917527930403,128
"132",2016,12,6.58333333333333,15,6.40625,6.78571428571429,7,6,6.625,8,7,1,1,14,3229,1430,1799,404,1031,2198,6.46566702074945,6.97991608391609,6.05689761534186,6.26294554455446,6.28660523763337,6.54965823930846,129
"133",2017,1,6.86666666666667,18,7.2875,6.53,6,6.38333333333333,7.10833333333333,8,10,1,6,12,3247,1438,1809,405,1037,2210,6.46788999384046,6.98162726008345,6.05951288557214,6.2622962962963,6.28716489874638,6.55269176923077,130
"134",2017,2,6.74230769230769,13,7.425,6.43888888888889,5.93333333333333,7.75,6.65833333333333,4,9,3,1,12,3260,1442,1818,408,1038,2222,6.46898429754601,6.98285714285714,6.06139098459846,6.25987745098039,6.28857418111753,6.55326229072907,131
"135",2017,3,6.19,17,6.67571428571429,5.85,6,6.25,6.182,7,10,2,2,15,3277,1449,1828,410,1040,2237,6.46753701861458,6.98137336093858,6.06023457877462,6.25860975609756,6.2885,6.55077282521234,132
"136",2017,4,6.075,12,6.48333333333333,5.66666666666667,7,7,5.99090909090909,6,6,1,1,11,3289,1455,1834,411,1041,2248,6.46610483733657,6.97931958762887,6.05894700654308,6.26041362530414,6.28918347742555,6.54803327846975,133
"137",2017,5,6.55,20,6.94545454545455,6.06666666666667,6.75,6.78571428571429,6.42307692307692,11,9,2,7,13,3309,1466,1843,413,1048,2261,6.46661190994258,6.97906548431105,6.05898470428649,6.26278450363196,6.2925,6.54731482087572,134
"138",2017,6,5.96272727272727,11,6,5.94875,5,5,6.17666666666667,3,8,1,2,9,3320,1469,1851,414,1050,2270,6.4649424126506,6.97706603131382,6.05850827120475,6.25973429951691,6.29003809523809,6.5458452907489,135
"139",2017,7,6.66666666666667,6,7.25,5.5,6,7.33333333333333,6,4,2,1,3,3,3326,1473,1853,415,1053,2273,6.46530631689717,6.97780719619824,6.05790545601727,6.25910843373494,6.29301044634378,6.54512486141663,136
"140",2017,8,6.73333333333333,15,6.92857142857143,6.5625,6.33333333333333,7.125,6.59090909090909,7,8,3,4,11,3341,1480,1861,418,1057,2284,6.46650967075726,6.97757432432433,6.06007458893068,6.25964114832536,6.29615894039735,6.54534536339755,137
"141",2017,9,6.64285714285714,7,6.3,7.5,NA,NA,6.64285714285714,5,2,0,0,7,3348,1485,1863,418,1057,2291,6.4668783781362,6.97529292929293,6.06162040257649,6.25964114832536,6.29615894039735,6.54564330423396,138
"142",2017,10,7.05454545454545,11,7.25,6.94285714285714,6.2,7.12,7,4,7,3,5,6,3359,1489,1870,421,1062,2297,6.46880286097052,6.97603089321693,6.06491914973262,6.259216152019,6.30003766478343,6.54683013060513,139
"143",2017,11,6.64285714285714,14,6.35714285714286,6.92857142857143,6.5,7.16666666666667,6.5,7,7,3,3,11,3373,1496,1877,424,1065,2308,6.4695252920249,6.97313502673797,6.06814001598295,6.26091981132075,6.30247887323944,6.54660693674176,140
"144",2017,12,6.25,12,6.75,6,6.25,8,6.09090909090909,4,8,2,1,11,3385,1500,1885,426,1066,2319,6.46874706351551,6.97254,6.06785082758621,6.26086854460094,6.3040712945591,6.5444453686934,141
"145",2018,1,5.82352941176471,17,6.3,5.625,6.625,5.66666666666667,5.85714285714286,5,12,4,3,14,3402,1505,1897,430,1069,2333,6.46552287184009,6.97030564784053,6.06504945176595,6.26425581395349,6.3022825070159,6.54032096442349,142
"146",2018,2,6.37333333333333,15,6.4,6.36,5.83333333333333,NA,6.37333333333333,5,10,3,0,15,3417,1510,1907,433,1069,2348,6.46511817676324,6.96841721854305,6.06659612480336,6.26127020785219,6.3022825070159,6.53925417802385,143
"147",2018,3,5.71428571428571,7,NA,5.71428571428571,6,7,5.5,0,7,3,1,6,3424,1510,1914,436,1070,2354,6.46358318049065,6.96841721854305,6.06530763322884,6.25947247706422,6.30293457943925,6.53660527187765,144
"148",2018,4,6.625,12,7.07142857142857,6,6,7.375,6.25,7,5,1,4,8,3436,1517,1919,437,1074,2362,6.46414691792782,6.96889255108767,6.065137472642,6.25887871853547,6.30692737430168,6.53563455122777,145
"149",2018,5,6.38888888888889,9,6.625,6.2,NA,6.625,6.2,4,5,0,4,5,3445,1521,1924,437,1078,2367,6.4639503076923,6.96798816568047,6.06548794698545,6.25887871853547,6.30810760667903,6.53492556400507,146
"150",2018,6,6.5,8,7,6.33333333333333,NA,3,7,2,6,0,1,7,3453,1523,1930,437,1079,2374,6.46403382855488,6.96803020354563,6.06632062694301,6.25887871853547,6.30504170528267,6.53629688711036,147
"151",2018,7,6.94444444444444,9,7.21428571428571,6,6,7.5,6.875,7,2,1,1,8,3462,1530,1932,438,1080,2382,6.46528272963605,6.9691568627451,6.06625197204969,6.25828767123288,6.30614814814815,6.53743442905121,148
"152",2018,8,6.50769230769231,13,6.825,6,4,7,6.41818181818182,8,5,1,2,11,3475,1538,1937,439,1082,2393,6.46544138417266,6.96840702210663,6.06608095508518,6.25314350797267,6.30743068391867,6.53688625574592,149
"153",2018,9,6.78571428571429,7,7.83333333333333,6,NA,7.5,6.66666666666667,3,4,0,1,6,3482,1541,1941,439,1083,2399,6.46608524124066,6.97009085009734,6.06594477588872,6.25314350797267,6.30853185595568,6.5372108420175,150
"154",2018,10,6.35714285714286,14,7.16666666666667,5.75,5.83333333333333,4.5,6.5,6,8,3,1,13,3496,1547,1949,442,1084,2412,6.46564897311212,6.97085326438268,6.06464792714212,6.25029411764706,6.30686346863469,6.53701028606965,151
"155",2018,11,7.10727272727273,11,7.776,6.55,5.75,7,7.13111111111111,5,6,2,2,9,3507,1552,1955,444,1086,2421,6.46766147989734,6.97344716494845,6.06613749872123,6.24804054054054,6.30813996316759,6.53921883932259,152
"156",2018,12,6.41057142857143,7,7,6.1748,7.25,4,6.81233333333333,2,5,1,1,6,3514,1554,1960,445,1087,2427,6.4675477546955,6.97348133848134,6.06641469897959,6.25029213483146,6.30601655933763,6.53989402966625,153
"157",2019,1,6.4375625,16,7.16666666666667,6.0001,6,6.33333333333333,6.46161538461538,6,10,1,3,13,3530,1560,1970,446,1090,2440,6.46741184419263,6.97422435897436,6.06607807614213,6.24973094170404,6.30609174311927,6.53947697131147,154
"158",2019,2,6.41142857142857,14,6.55555555555556,6.152,4.88,5.75,6.676,9,5,2,4,10,3544,1569,1975,448,1094,2450,6.46719069130925,6.97182281708094,6.0662956,6.24361607142857,6.30405850091408,6.54003420816326,155
"159",2019,3,6.08333333333333,12,7,5.625,6,5.6,6.42857142857143,4,8,2,5,7,3556,1573,1983,450,1099,2457,6.46589533464566,6.9718944691672,6.06451528492184,6.24253333333333,6.30085532302093,6.53971665038665,156
"160",2019,4,6.51111111111111,9,6.6,6.46666666666667,NA,9,6.2,3,6,0,1,8,3565,1576,1989,450,1100,2465,6.46600948387096,6.97118654822335,6.06572841126194,6.24253333333333,6.30330909090909,6.53861412170385,157
"161",2019,5,6.15,4,6.2,6,NA,7,5.86666666666667,3,1,0,1,3,3569,1579,1990,450,1101,2468,6.46565531241244,6.96972134262191,6.06569538190955,6.24253333333333,6.30394187102634,6.53779732982171,158
"162",2019,6,6.6125,8,6.46666666666667,6.7,NA,6,6.7,3,5,0,1,7,3577,1582,1995,450,1102,2475,6.4659837321778,6.96876738305942,6.06728511779449,6.24253333333333,6.30366606170599,6.53825608484848,159
"163",2019,7,6.66666666666667,6,8,6,NA,NA,6.66666666666667,2,4,0,0,6,3583,1584,1999,450,1102,2481,6.4663197906782,6.97006944444444,6.06715048024012,6.24253333333333,6.30366606170599,6.53856663039097,160
"164",2019,8,7.25,6,8.5,6,NA,5,7.7,3,3,0,1,5,3589,1587,2002,450,1103,2486,6.46762992755642,6.97296156269691,6.06704985514486,6.24253333333333,6.30248413417951,6.54090257843926,161
"165",2019,9,5.2,5,7,4,NA,3,5.75,2,3,0,1,4,3594,1589,2005,450,1104,2490,6.46586639120756,6.97299559471366,6.06395701246883,6.24253333333333,6.29949275362319,6.53963205220883,162
"166",2019,10,6.27142857142857,14,6.58,5.5,6,6,6.34545454545455,10,4,2,3,11,3608,1599,2009,452,1107,2501,6.4651119207317,6.97053783614759,6.06283415131906,6.24146017699115,6.29868112014453,6.53877801279488,163
"167",2019,11,6.5375,8,7.1,6.2,6,7.25,6.3,3,5,1,2,6,3616,1602,2014,453,1109,2507,6.46527207134955,6.97078027465668,6.06317468222443,6.24092715231788,6.30039675383228,6.53820654567211,164
"168",2019,12,6.05769230769231,13,6.6,5.71875,4,5,6.25,5,8,2,2,11,3629,1607,2022,455,1111,2518,6.46381201708459,6.96962663347853,6.06181197329377,6.23107692307692,6.29805580558056,6.5369475019857,165
"169",2020,1,5.90416666666667,24,6.42307692307692,5.29090909090909,5,5.75,5.91818181818182,13,11,3,2,22,3653,1620,2033,458,1113,2540,6.46013517930468,6.96524074074074,6.05764083128382,6.22301310043668,6.29707097933513,6.53158811417322,166
"170",2020,2,5.83333333333333,12,5.83333333333333,5.83333333333333,NA,7,5.72727272727273,6,6,0,1,11,3665,1626,2039,458,1114,2551,6.45808289495225,6.96106396063961,6.05698077979402,6.22301310043668,6.29770197486535,6.52811987847902,167
"171",2020,3,6.5,10,6.5,6.5,5.5,5,6.66666666666667,3,7,2,1,9,3675,1629,2046,460,1115,2560,6.45819695510204,6.96021485573972,6.058496485826,6.21986956521739,6.29653811659193,6.52860695703125,168
"172",2020,4,5.77777777777778,9,6.5,5.57142857142857,5.5,5.5,5.85714285714286,2,7,2,2,7,3684,1631,2053,462,1117,2567,6.45653469326818,6.95965052115267,6.05683575742815,6.21675324675325,6.29511190689346,6.52677592910011,169
"173",2020,5,5.72727272727273,11,6,5.7,5.66666666666667,5.5,5.77777777777778,1,10,3,2,9,3695,1632,2063,465,1119,2576,6.45436368335588,6.9590625,6.05510606398449,6.21320430107527,6.29369079535299,6.52415908773292,170
"174",2020,6,5.91666666666667,12,6.25,5.75,6,5.5,6,4,8,1,2,10,3707,1636,2071,466,1121,2586,6.45262309414621,6.95732885085574,6.05392747947851,6.21274678111588,6.29227475468332,6.5221321771075,171
"175",2020,7,5.75,10,6.25,5.625,7,NA,5.75,2,8,1,0,10,3717,1638,2079,467,1121,2596,6.45073279795534,6.9564652014652,6.05227696488696,6.21443254817987,6.29227475468332,6.51915786209553,172
"176",2020,8,6.60416666666667,12,7.54166666666667,5.66666666666667,6,6.375,6.65,6,6,1,2,10,3729,1644,2085,468,1123,2606,6.45122655135425,6.95860097323601,6.05116729496403,6.21397435897436,6.29242208370436,6.51965994244052,173
"177",2020,9,5.85714285714286,7,7,5.66666666666667,6,NA,5.85714285714286,1,6,3,0,7,3736,1645,2091,471,1123,2613,6.45011343950749,6.95862613981763,6.05006399330464,6.21261146496815,6.29242208370436,6.51788511672407,174
"178",2020,10,6.90909090909091,11,7.5,6.2,7,7.5,6.85,6,5,1,1,10,3747,1651,2096,472,1124,2623,6.45146085134774,6.9605935796487,6.05042166507634,6.21427966101695,6.29349644128114,6.51915128097598,175
"179",2020,11,6.73333333333333,12,7.38333333333333,6.08333333333333,6.25,7.06,6.5,6,6,2,5,7,3759,1657,2102,474,1129,2630,6.45236068369247,6.96212432106216,6.05051560894386,6.21443037974684,6.29689105403011,6.51910030798479,176
"180",2020,12,7,11,7.5,6.71428571428571,7,8,6.9,4,7,1,1,10,3770,1661,2109,475,1130,2640,6.45395857029177,6.96341962673088,6.05271873399716,6.21608421052632,6.29839823008849,6.52054310984848,177
"181",2021,1,6.47142857142857,21,6.90833333333333,5.88888888888889,5,5.5,6.57368421052632,12,9,2,2,19,3791,1673,2118,477,1132,2659,6.45405534423634,6.96302450687388,6.05202257318225,6.21098532494759,6.29698763250883,6.52092283189169,178
"182",2021,2,6.0077775,12,6.9733325,5.525,5,5.93333333333333,6.03259222222222,4,8,2,3,9,3803,1677,2126,479,1135,2668,6.45264715750723,6.96304909361956,6.05003942144873,6.20592901878914,6.29602643171806,6.51927553973013,179
"183",2021,3,6.8,10,6.66666666666667,6.85714285714286,6,6,6.88888888888889,3,7,1,1,9,3813,1680,2133,480,1136,2677,6.45355812745869,6.96251983928571,6.05268814345992,6.2055,6.29576584507042,6.52051816959283,180
"184",2021,4,6.9,5,8,6.16666666666667,6,6,7.125,2,3,2,1,4,3818,1682,2136,482,1137,2681,6.45414278156102,6.96375346611177,6.05284822565543,6.20464730290457,6.29550571679859,6.52142004475942,181
"185",2021,5,6.1125,8,6,6.18,NA,5.9,6.14285714285714,3,5,0,1,7,3826,1685,2141,482,1138,2688,6.45342842132775,6.96203758456973,6.05314517048108,6.20464730290457,6.29515817223198,6.52043420386905,182
"186",2021,6,5.6875,8,5.5,5.875,5.5,5,5.91666666666667,4,4,1,2,6,3834,1689,2145,483,1140,2694,6.45183023995826,6.95857509177028,6.05281296503497,6.2031884057971,6.29288596491228,6.51908951002227,183
"187",2021,7,7,6,7,7,NA,8,6.5,4,2,0,2,4,3840,1693,2147,483,1142,2698,6.45268675520833,6.95867296515062,6.05369530041919,6.2031884057971,6.29587565674256,6.51906120830244,184
"188",2021,8,5.41428571428571,7,6.95,4.8,NA,2,5.98333333333333,2,5,0,1,6,3847,1695,2152,483,1143,2704,6.45079728099818,6.95866273156342,6.05078243959108,6.2031884057971,6.29211723534558,6.51787246301775,185
"189",2021,9,6.935556,10,6.80926,7.125,6,6.66666666666667,7.05079428571429,6,4,1,3,7,3857,1701,2156,484,1146,2711,6.45205410941146,6.95813573780129,6.05277542207792,6.20276859504132,6.29309773123909,6.51924850608631,186
"190",2021,10,5.75,6,6.75,5.25,7,NA,5.75,2,4,1,0,6,3863,1703,2160,485,1146,2717,6.45096368107688,6.95789130358191,6.05128880092593,6.20441237113402,6.29309773123909,6.51754976076555,187
"191",2021,11,6,4,8,4,NA,NA,6,2,2,0,0,4,3867,1705,2162,485,1146,2721,6.45049720713731,6.95911371847507,6.04939121646624,6.20441237113402,6.29309773123909,6.51678893789048,188
"192",2021,12,6.65833333333333,12,7.38,6.14285714285714,NA,2,7.08181818181818,5,7,0,1,11,3879,1710,2169,485,1147,2732,6.45114016499097,6.96034438011696,6.04969285846012,6.20441237113402,6.28935483870968,6.51906394582723,189
"193",2022,1,5.9318,10,6.33333333333333,5.75971428571429,4,4.5,6.28975,3,7,1,2,8,3889,1713,2176,486,1149,2740,6.44980475700694,6.95924628721541,6.04876002297794,6.19987654320988,6.28624020887728,6.51839441605839,190
"194",2022,2,7,8,7.375,6.625,NA,NA,7,4,4,0,0,8,3897,1717,2180,486,1149,2748,6.45093423146009,6.96021484566104,6.0498173440367,6.19987654320988,6.28624020887728,6.51979647016011,191
"195",2022,3,6.18303,11,6.21619,6.125,NA,6.25,6.16814777777778,7,4,0,2,9,3908,1724,2184,486,1151,2757,6.45018015097236,6.95719386310905,6.04995504120879,6.19987654320988,6.28617723718505,6.51864854189336,192
"196",2022,4,4.9,5,NA,4.9,NA,NA,4.9,0,5,0,0,5,3913,1724,2189,486,1151,2762,6.44819934321492,6.95719386310905,6.04732837368662,6.19987654320988,6.28617723718505,6.51571833091962,193
"197",2022,5,5.83333333333333,6,6.16666666666667,5.5,NA,NA,5.83333333333333,3,3,0,0,6,3919,1727,2192,486,1151,2768,6.44725798162796,6.9558206253619,6.04657929288321,6.19987654320988,6.28617723718505,6.51423917268786,194
"198",2022,6,6,3,NA,6,5.75,5,6.5,0,3,2,1,2,3922,1727,2195,488,1152,2770,6.44691586690464,6.9558206253619,6.0465156309795,6.19803278688525,6.28506076388889,6.51422889169675,195
"199",2022,7,5.5,2,NA,5.5,5,NA,5.5,0,2,1,0,2,3924,1727,2197,489,1152,2772,6.44643323904179,6.9558206253619,6.04601812016386,6.19558282208589,6.28506076388889,6.51349712481962,196
"200",2022,8,6.925,4,7.75,6.1,6.2,NA,6.925,2,2,1,0,4,3928,1729,2199,490,1152,2776,6.44692057790224,6.95673928282244,6.04606721691678,6.19559183673469,6.28506076388889,6.5140900684438,197
"201",2022,9,6.56272727272727,11,7.06333333333333,6.375,6,6.6725,6.5,3,8,1,4,7,3939,1732,2207,491,1156,2783,6.44724397816704,6.95692391454965,6.0472595423652,6.19519348268839,6.28640138408304,6.51405462809917,198
"202",2022,10,5.5,10,7,4.85714285714286,5.66666666666667,4.5,5.75,3,7,3,2,8,3949,1735,2214,494,1158,2791,6.44484528488225,6.95699839769452,6.04349675248419,6.19198380566802,6.28331606217616,6.511864575421,199
"203",2022,11,6.75,12,8,5.5,NA,3.5,7.4,6,6,0,2,10,3961,1741,2220,494,1160,2801,6.44576976268619,6.96059288914417,6.04202784234234,6.19198380566802,6.27851724137931,6.51503535523027,200
"204",2022,12,6.6,5,7.5,6,NA,NA,6.6,2,3,0,0,5,3966,1743,2223,494,1160,2806,6.44596420322743,6.96121183017785,6.04197112460639,6.19198380566802,6.27851724137931,6.5151867533856,201
