"","year","month","avg_rating","no_ratings","avg_rating_owned","avg_rating_not_owned","avg_rating_prev_owned","avg_rating_comment","avg_rating_no_comment","no_ratings_owned","no_ratings_not_owned","no_ratings_prev_owned","no_ratings_comment","no_ratings_no_comment","cum_no_ratings","cum_no_ratings_owned","cum_no_ratings_not_owned","cum_no_ratings_prev_owned","cum_no_ratings_comment","cum_no_ratings_no_comment","cum_avg_rating","cum_avg_rating_owned","cum_avg_rating_not_owned","cum_avg_rating_prev_owned","cum_avg_rating_comment","cum_avg_rating_no_comment","month_after_release"
"1",2001,8,6.5,2,7,6,NA,NA,6.5,1,1,0,0,2,2,1,1,0,0,2,6.5,7,6,NA,NA,6.5,0
"2",2001,9,7,2,6,8,NA,NA,7,1,1,0,0,2,4,2,2,0,0,4,6.75,6.5,7,NA,NA,6.75,1
"3",2001,10,6.66666666666667,3,6.66666666666667,NA,NA,7,6.5,3,0,0,1,2,7,5,2,0,1,6,6.71428571428571,6.6,7,NA,7,6.66666666666667,2
"4",2001,11,7.5,2,7.5,NA,NA,8,7,2,0,0,1,1,9,7,2,0,2,7,6.88888888888889,6.85714285714286,7,NA,7.5,6.71428571428571,3
"5",2001,12,9,1,9,NA,NA,NA,9,1,0,0,0,1,10,8,2,0,2,8,7.1,7.125,7,NA,7.5,7,4
"6",2002,1,5.5,2,NA,5.5,NA,5,6,0,2,0,1,1,12,8,4,0,3,9,6.83333333333333,7.125,6.25,NA,6.66666666666667,6.88888888888889,5
"7",2002,2,8,1,NA,8,NA,NA,8,0,1,0,0,1,13,8,5,0,3,10,6.92307692307692,7.125,6.6,NA,6.66666666666667,7,6
"8",2002,3,7.5,4,7.66666666666667,7,NA,7,7.66666666666667,3,1,0,1,3,17,11,6,0,4,13,7.05882352941176,7.27272727272727,6.66666666666667,NA,6.75,7.15384615384615,7
"9",2002,5,7,2,6,8,NA,NA,7,1,1,0,0,2,19,12,7,0,4,15,7.05263157894737,7.16666666666667,6.85714285714286,NA,6.75,7.13333333333333,9
"10",2002,7,8.66666666666667,3,8.66666666666667,NA,NA,9,8.5,3,0,0,1,2,22,15,7,0,5,17,7.27272727272727,7.46666666666667,6.85714285714286,NA,7.2,7.29411764705882,11
"11",2002,8,7,5,6.5,7.33333333333333,NA,9,6.5,2,3,0,1,4,27,17,10,0,6,21,7.22222222222222,7.35294117647059,7,NA,7.5,7.14285714285714,12
"12",2002,9,6,2,6,NA,NA,6,6,2,0,0,1,1,29,19,10,0,7,22,7.13793103448276,7.21052631578947,7,NA,7.28571428571429,7.09090909090909,13
"13",2002,10,7,1,7,NA,NA,NA,7,1,0,0,0,1,30,20,10,0,7,23,7.13333333333333,7.2,7,NA,7.28571428571429,7.08695652173913,14
"14",2002,11,7.5,2,7.5,NA,NA,8,7,2,0,0,1,1,32,22,10,0,8,24,7.15625,7.22727272727273,7,NA,7.375,7.08333333333333,15
"15",2002,12,6.83333333333333,6,6.5,7.5,NA,6.33333333333333,7.33333333333333,4,2,0,3,3,38,26,12,0,11,27,7.10526315789474,7.11538461538461,7.08333333333333,NA,7.09090909090909,7.11111111111111,16
"16",2003,1,6.75,6,6.7,7,NA,6.5,6.875,5,1,0,2,4,44,31,13,0,13,31,7.05681818181818,7.04838709677419,7.07692307692308,NA,7,7.08064516129032,17
"17",2003,2,7.66666666666667,3,7.66666666666667,NA,NA,7,8,3,0,0,1,2,47,34,13,0,14,33,7.09574468085106,7.10294117647059,7.07692307692308,NA,7,7.13636363636364,18
"18",2003,3,7,1,NA,7,NA,NA,7,0,1,0,0,1,48,34,14,0,14,34,7.09375,7.10294117647059,7.07142857142857,NA,7,7.13235294117647,19
"19",2003,4,8,1,NA,8,8,8,NA,0,1,1,1,0,49,34,15,1,15,34,7.11224489795918,7.10294117647059,7.13333333333333,8,7.06666666666667,7.13235294117647,20
"20",2003,5,8.33333333333333,3,8,8.5,NA,8.33333333333333,NA,1,2,0,3,0,52,35,17,1,18,34,7.18269230769231,7.12857142857143,7.29411764705882,8,7.27777777777778,7.13235294117647,21
"21",2003,6,7.33333333333333,6,7.875,6.25,NA,7.7,5.5,4,2,0,5,1,58,39,19,1,23,35,7.19827586206897,7.20512820512821,7.18421052631579,8,7.3695652173913,7.08571428571429,22
"22",2003,7,6.93333333333333,15,7.9375,5.78571428571429,NA,7.5,6.72727272727273,8,7,0,4,11,73,47,26,1,27,46,7.14383561643836,7.32978723404255,6.80769230769231,8,7.38888888888889,7,23
"23",2003,8,7.4,5,9,7,NA,7,7.66666666666667,1,4,0,2,3,78,48,30,1,29,49,7.16025641025641,7.36458333333333,6.83333333333333,8,7.36206896551724,7.04081632653061,24
"24",2003,9,8.625,4,9,8.25,NA,8.5,9,2,2,0,3,1,82,50,32,1,32,50,7.23170731707317,7.43,6.921875,8,7.46875,7.08,25
"25",2003,10,7,9,7.8,6,7,6.6,7.5,5,4,1,5,4,91,55,36,2,37,54,7.20879120879121,7.46363636363636,6.81944444444444,7.5,7.35135135135135,7.11111111111111,26
"26",2003,11,8,1,NA,8,NA,8,NA,0,1,0,1,0,92,55,37,2,38,54,7.21739130434783,7.46363636363636,6.85135135135135,7.5,7.36842105263158,7.11111111111111,27
"27",2003,12,7,6,6.8,8,NA,7.33333333333333,6.66666666666667,5,1,0,3,3,98,60,38,2,41,57,7.20408163265306,7.40833333333333,6.88157894736842,7.5,7.36585365853659,7.08771929824561,28
"28",2004,1,6.85714285714286,7,8,5.33333333333333,5,7.5,6.6,4,3,1,2,5,105,64,41,3,43,62,7.18095238095238,7.4453125,6.76829268292683,6.66666666666667,7.37209302325581,7.04838709677419,29
"29",2004,2,7.4,5,8,5,NA,10,6.75,4,1,0,1,4,110,68,42,3,44,66,7.19090909090909,7.47794117647059,6.72619047619048,6.66666666666667,7.43181818181818,7.03030303030303,30
"30",2004,3,7.95,10,8.07142857142857,7.66666666666667,7,9.25,7.625,7,3,1,2,8,120,75,45,4,46,74,7.25416666666667,7.53333333333333,6.78888888888889,6.75,7.51086956521739,7.09459459459459,31
"31",2004,4,7.3125,8,6.91666666666667,8.5,NA,7.75,6.875,6,2,0,4,4,128,81,47,4,50,78,7.2578125,7.48765432098765,6.86170212765957,6.75,7.53,7.08333333333333,32
"32",2004,5,7.66666666666667,3,8,7,NA,9,7,2,1,0,1,2,131,83,48,4,51,80,7.26717557251908,7.5,6.86458333333333,6.75,7.55882352941176,7.08125,33
"33",2004,6,8.11111111111111,9,8.14285714285714,8,8,8.14285714285714,8,7,2,1,7,2,140,90,50,5,58,82,7.32142857142857,7.55,6.91,7,7.62931034482759,7.10365853658537,34
"34",2004,7,7.64285714285714,7,7.4,8.25,NA,9,7.41666666666667,5,2,0,1,6,147,95,52,5,59,88,7.33673469387755,7.54210526315789,6.96153846153846,7,7.65254237288136,7.125,35
"35",2004,8,7.16666666666667,6,7.2,7,NA,8.5,6.5,5,1,0,2,4,153,100,53,5,61,92,7.33006535947712,7.525,6.9622641509434,7,7.68032786885246,7.09782608695652,36
"36",2004,9,7.1875,8,7.33333333333333,6.75,7,8,6.91666666666667,6,2,1,2,6,161,106,55,6,63,98,7.32298136645963,7.51415094339623,6.95454545454545,7,7.69047619047619,7.08673469387755,37
"37",2004,10,8,10,8.25,7,NA,8,8,8,2,0,9,1,171,114,57,6,72,99,7.3625730994152,7.56578947368421,6.95614035087719,7,7.72916666666667,7.0959595959596,38
"38",2004,11,7.1,15,7.75,6.35714285714286,6.83333333333333,7.14285714285714,7.0625,8,7,3,7,8,186,122,64,9,79,107,7.34139784946237,7.57786885245902,6.890625,6.94444444444444,7.67721518987342,7.09345794392523,39
"39",2004,12,7.84615384615385,13,7.9,7.66666666666667,NA,7.75,7.88888888888889,10,3,0,4,9,199,132,67,9,83,116,7.37437185929648,7.60227272727273,6.92537313432836,6.94444444444444,7.68072289156626,7.1551724137931,40
"40",2005,1,7.33333333333333,15,7.36363636363636,7.25,NA,6.85714285714286,7.75,11,4,0,7,8,214,143,71,9,90,124,7.3714953271028,7.58391608391608,6.94366197183099,6.94444444444444,7.61666666666667,7.19354838709677,41
"41",2005,2,7.72727272727273,11,8.28571428571429,6.75,8,8.4,7.16666666666667,7,4,1,5,6,225,150,75,10,95,130,7.38888888888889,7.61666666666667,6.93333333333333,7.05,7.65789473684211,7.19230769230769,42
"42",2005,3,7.25,8,8,6,NA,8,6.8,5,3,0,3,5,233,155,78,10,98,135,7.38412017167382,7.62903225806452,6.8974358974359,7.05,7.66836734693878,7.17777777777778,43
"43",2005,4,7.61538461538461,13,7.75,7.4,10,7.16666666666667,8,8,5,1,6,7,246,163,83,11,104,142,7.39634146341463,7.63496932515337,6.92771084337349,7.31818181818182,7.63942307692308,7.21830985915493,44
"44",2005,5,7.9,15,8.125,7,8,7.91666666666667,7.88888888888889,12,3,1,6,9,261,175,86,12,110,151,7.42528735632184,7.66857142857143,6.93023255813953,7.375,7.65454545454545,7.25827814569536,45
"45",2005,6,8.875,4,9,8.5,NA,8.5,10,3,1,0,3,1,265,178,87,12,113,152,7.44716981132075,7.69101123595506,6.94827586206897,7.375,7.67699115044248,7.27631578947368,46
"46",2005,7,7.42666666666667,15,7.61666666666667,6.66666666666667,NA,8,7.14,12,3,0,5,10,280,190,90,12,118,162,7.44607142857143,7.68631578947369,6.93888888888889,7.375,7.69067796610169,7.2679012345679,47
"47",2005,8,7.4375,16,7.5,7.25,8,7.875,7,12,4,1,8,8,296,202,94,13,126,170,7.44560810810811,7.67524752475248,6.95212765957447,7.42307692307692,7.70238095238095,7.25529411764706,48
"48",2005,9,7.25,8,7.2,7.33333333333333,7.5,8,6.5,5,3,2,4,4,304,207,97,15,130,174,7.44046052631579,7.66376811594203,6.9639175257732,7.43333333333333,7.71153846153846,7.23793103448276,49
"49",2005,10,7.53571428571429,14,7.70833333333333,6.5,7,7.4,7.61111111111111,12,2,1,5,9,318,219,99,16,135,183,7.44465408805031,7.6662100456621,6.95454545454545,7.40625,7.7,7.25628415300547,50
"50",2005,11,7.8,5,7.75,8,NA,7.66666666666667,8,4,1,0,3,2,323,223,100,16,138,185,7.45015479876161,7.66771300448431,6.965,7.40625,7.69927536231884,7.26432432432432,51
"51",2005,12,7.55,10,7.61111111111111,7,NA,NA,7.55,9,1,0,0,10,333,232,101,16,138,195,7.45315315315315,7.66551724137931,6.96534653465347,7.40625,7.69927536231884,7.27897435897436,52
"52",2006,1,7.76470588235294,17,8,7.42857142857143,NA,8.64285714285714,7.15,10,7,0,7,10,350,242,108,16,145,205,7.46828571428571,7.67933884297521,6.99537037037037,7.40625,7.7448275862069,7.27268292682927,53
"53",2006,2,6.72222222222222,9,7.07142857142857,5.5,NA,7.83333333333333,6.16666666666667,7,2,0,3,6,359,249,110,16,148,211,7.44958217270195,7.66224899598394,6.96818181818182,7.40625,7.74662162162162,7.24123222748815,54
"54",2006,3,7.26666666666667,15,7.6,6.6,NA,7.625,7.13636363636364,10,5,0,4,11,374,259,115,16,152,222,7.44224598930481,7.65984555984556,6.95217391304348,7.40625,7.74342105263158,7.23603603603604,55
"55",2006,4,8.1,10,8.375,7,NA,8.33333333333333,7.75,8,2,0,6,4,384,267,117,16,158,226,7.459375,7.6812734082397,6.95299145299145,7.40625,7.76582278481013,7.24513274336283,56
"56",2006,5,8.125,8,8.2,8,8,7,8.5,5,3,1,2,6,392,272,120,17,160,232,7.47295918367347,7.69080882352941,6.97916666666667,7.44117647058824,7.75625,7.27758620689655,57
"57",2006,6,7.8625,12,8.4375,6.7125,NA,9.66666666666667,7.26111111111111,8,4,0,3,9,404,280,124,17,163,241,7.4845297029703,7.71214285714286,6.97056451612903,7.44117647058824,7.79141104294479,7.27697095435685,58
"58",2006,7,7.72666666666667,15,7.825,7.33333333333333,7.33333333333333,7.94444444444444,7.4,12,3,3,9,6,419,292,127,20,172,247,7.49319809069212,7.71678082191781,6.97913385826772,7.425,7.79941860465116,7.27995951417004,59
"59",2006,8,7.875,18,7.96666666666667,7.41666666666667,8,8.05,7.65625,15,3,1,10,8,437,307,130,21,182,255,7.50892448512586,7.72899022801303,6.98923076923077,7.45238095238095,7.81318681318681,7.29176470588235,60
"60",2006,9,7.20833333333333,12,7.58333333333333,6.83333333333333,6,6.3,7.85714285714286,6,6,2,5,7,449,313,136,23,187,262,7.50089086859688,7.72619808306709,6.98235294117647,7.32608695652174,7.77272727272727,7.30687022900763,61
"61",2006,10,8.03125,16,8.22727272727273,7.6,8,8.1,8,11,5,1,5,11,465,324,141,24,192,273,7.51913978494624,7.74320987654321,7.00425531914894,7.35416666666667,7.78125,7.33479853479854,62
"62",2006,11,7.92857142857143,14,7.75,9,10,7.78571428571429,8.07142857142857,12,2,1,7,7,479,336,143,25,199,280,7.53110647181628,7.74345238095238,7.03216783216783,7.46,7.78140703517588,7.35321428571429,63
"63",2006,12,8.15217391304348,23,8.32352941176471,7.66666666666667,8,7.83333333333333,8.26470588235294,17,6,1,6,17,502,353,149,26,205,297,7.55956175298805,7.771388101983,7.05771812080537,7.48076923076923,7.78292682926829,7.40538720538721,64
"64",2007,1,7.71071428571429,28,7.59523809523809,8.05714285714286,9,8.1875,7.52,21,7,1,8,20,530,374,156,27,213,317,7.56754716981132,7.76149732620321,7.1025641025641,7.53703703703704,7.7981220657277,7.41261829652997,65
"65",2007,2,7.6608275,16,8.5,6.26220666666667,NA,8.8,7.14302181818182,10,6,0,5,11,546,384,162,27,218,328,7.57028065934066,7.78072916666667,7.07143975308642,7.53703703703704,7.82110091743119,7.40357695121951,66
"66",2007,3,8.121875,16,8.35909090909091,7.6,8,7.875,8.27,11,5,1,6,10,562,395,167,28,224,338,7.58598441281139,7.79683544303797,7.08726491017964,7.55357142857143,7.82254464285714,7.42921076923077,67
"67",2007,4,7.86111111111111,18,7.96428571428571,7.5,7,7.5,7.96428571428571,14,4,2,4,14,580,409,171,30,228,352,7.59452282758621,7.80256723716381,7.09691953216374,7.51666666666667,7.81688596491228,7.45049215909091,68
"68",2007,5,7.46521739130435,23,8.05384615384615,6.7,6.33333333333333,8,7.35263157894737,13,10,3,4,19,603,422,181,33,232,371,7.58959077943615,7.81030805687204,7.07499027624309,7.40909090909091,7.82004310344828,7.44548043126685,69
"69",2007,6,7.625,16,8,7,8,8,7.45454545454545,10,6,1,5,11,619,432,187,34,237,382,7.59050604200323,7.81469907407407,7.07258417112299,7.42647058823529,7.82383966244726,7.44574146596859,70
"70",2007,7,7.96153846153846,13,7.94444444444444,8,NA,8.08333333333333,7.85714285714286,9,4,0,6,7,632,441,191,34,243,389,7.59813803797468,7.81734693877551,7.0920064921466,7.42647058823529,7.83024691358025,7.45314457583548,71
"71",2007,8,7.75,28,8.10526315789474,7,9,8,7.58823529411765,19,9,2,11,17,660,460,200,36,254,406,7.60458066666667,7.82923913043478,7.0878662,7.51388888888889,7.83759842519685,7.45880108374384,72
"72",2007,9,7.8125,16,8.25,6.5,NA,8.5,7.71428571428571,12,4,0,2,14,676,472,204,36,256,420,7.60950183431953,7.83993644067797,7.07633941176471,7.51388888888889,7.8427734375,7.46731723809524,73
"73",2007,10,7.30555555555556,18,7.29166666666667,7.33333333333333,6.5,6.41666666666667,7.75,12,6,2,6,12,694,484,210,38,262,432,7.60161850144092,7.82634297520661,7.0836820952381,7.46052631578947,7.81011450381679,7.47516953703704,74
"74",2007,11,7.35294117647059,34,7.88888888888889,5.28571428571429,9,7.55,7.27083333333333,27,7,1,10,24,728,511,217,39,272,456,7.59000445054945,7.82964774951076,7.02568313364055,7.5,7.80055147058824,7.464415,75
"75",2007,12,7.60714285714286,14,7.95833333333333,5.5,NA,6.9375,8.5,12,2,0,8,6,742,523,219,39,280,462,7.59032781671159,7.83260038240918,7.0117499543379,7.5,7.77589285714286,7.47786415584416,76
"76",2008,1,8.125,32,8.27272727272727,7.8,7,8.1,8.13636363636364,22,10,1,10,22,774,545,229,40,290,484,7.61243312661499,7.85036697247706,7.04617135371179,7.4875,7.78706896551724,7.50779595041322,77
"77",2008,2,7.90322580645161,31,8.6578947368421,6.70833333333333,7,7.33333333333333,8.13636363636364,19,12,1,9,22,805,564,241,41,299,506,7.62363135403727,7.87757092198582,7.02934954356846,7.47560975609756,7.77341137123746,7.53512498023715,78
"78",2008,3,7.66666666666667,18,8,6.5,NA,8,7.5,14,4,0,6,12,823,578,245,41,305,518,7.62457258809234,7.88053633217993,7.02070710204082,7.47560975609756,7.77786885245902,7.53431127413127,79
"79",2008,4,8.11764705882353,17,8.2,7.5,NA,8.41666666666667,7.95454545454545,15,2,0,6,11,840,593,247,41,311,529,7.63455147619048,7.88861720067454,7.02458801619433,7.47560975609756,7.79019292604502,7.54304960302458,80
"80",2008,5,7.57407407407407,27,7.63636363636364,7.3,7.5,7.83333333333333,7.36666666666667,22,5,1,12,15,867,615,252,42,323,544,7.63266809688581,7.87959349593496,7.03005253968254,7.47619047619048,7.79179566563467,7.53818610294118,81
"81",2008,6,7.93125,16,7.99166666666667,7.75,NA,8,7.92666666666667,12,4,0,1,15,883,627,256,42,324,559,7.63807841449603,7.88173843700159,7.04130171875,7.47619047619048,7.79243827160494,7.54861044722719,82
"82",2008,7,7.41368421052632,19,8.05142857142857,7.04166666666667,7.4,8.12,7.28125,7,12,5,3,16,902,634,268,47,327,575,7.63335170731707,7.8836119873817,7.04131805970149,7.46808510638298,7.79544342507645,7.54117085217391,83
"83",2008,8,7.4375,20,7.33333333333333,7.59375,8,7.82142857142857,7.23076923076923,12,8,4,7,13,922,646,276,51,334,588,7.62910329718004,7.87339009287926,7.05733057971015,7.50980392156863,7.7959880239521,7.53430823129252,84
"84",2008,9,7.80909090909091,22,8.46666666666667,6.4,5,8.58333333333333,7.51875,15,7,1,6,16,944,661,283,52,340,604,7.63329792372881,7.8868532526475,7.04107151943463,7.46153846153846,7.80988235294118,7.53389609271523,85
"85",2008,10,7.96363636363636,22,8.35555555555556,7.69230769230769,7.75,7.55,8.30833333333333,9,13,6,10,12,966,670,296,58,350,616,7.64082115942029,7.89314925373134,7.06967310810811,7.49137931034483,7.80245714285714,7.54898253246753,86
"86",2008,11,7.31666666666667,12,7.75,7.1,7,7,7.475,4,8,3,4,8,978,674,304,61,354,624,7.63684380368098,7.89229970326409,7.07047118421053,7.4672131147541,7.79338983050847,7.54803403846154,87
"87",2008,12,7.95714285714286,28,7.91666666666667,8.03,8,8.25,7.90833333333333,18,10,2,4,24,1006,692,314,63,358,648,7.64575868787276,7.89293352601156,7.10102942675159,7.48412698412698,7.79849162011173,7.56137845679012,88
"88",2009,1,7.18181818181818,33,7.53333333333333,6.88888888888889,7.35714285714286,7.32142857142857,7.07894736842105,15,18,7,14,19,1039,707,332,70,372,667,7.63102333012512,7.88530410183875,7.0895278313253,7.47142857142857,7.7805376344086,7.54763604197901,89
"89",2009,2,7.59272727272727,55,8.07407407407407,7.12857142857143,8.16666666666667,8.39285714285714,7.31951219512195,27,28,9,14,41,1094,734,360,79,386,708,7.62909802559415,7.89224795640327,7.09256455555556,7.55063291139241,7.80274611398964,7.53442548022599,90
"90",2009,3,8.11896551724138,29,8.51666666666667,7.69285714285714,8.5,7.6875,8.188,15,14,2,4,25,1123,749,374,81,390,733,7.64174821015138,7.90475300400534,7.11503540106952,7.57407407407407,7.8015641025641,7.55671656207367,91
"91",2009,4,7.71358974358974,39,8.20833333333333,6.922,8,8.4375,7.52677419354839,24,15,2,8,31,1162,773,389,83,398,764,7.64415941480207,7.91417852522639,7.10759187660668,7.58433734939759,7.81434673366834,7.55550162303665,92
"92",2009,5,7.65365853658537,41,8.23529411764706,7.24166666666667,7.71428571428571,8.2,7.37037037037037,17,24,7,14,27,1203,790,413,90,412,791,7.64448315876974,7.92108860759494,7.11538314769976,7.59444444444444,7.82745145631068,7.54918235145386,93
"93",2009,6,7.475,28,7.67857142857143,7.27142857142857,7,7,7.55416666666667,14,14,2,4,24,1231,804,427,92,416,815,7.6406281397238,7.91686567164179,7.1204993911007,7.58152173913043,7.81949519230769,7.54932912883436,94
"94",2009,7,7.28571428571429,35,7.95714285714286,6.83809523809524,7.28571428571429,6.99,7.404,14,21,7,10,25,1266,818,448,99,426,840,7.63081614533965,7.91755501222494,7.10726169642857,7.56060606060606,7.8000234741784,7.54500385714286,95
"95",2009,8,7.83333333333333,42,8.17391304347826,7.42105263157895,8.22222222222222,7.66666666666667,7.9,23,19,9,12,30,1308,841,467,108,438,870,7.63731899082569,7.92456599286563,7.12002835117773,7.61574074074074,7.7963698630137,7.55724510344828,96
"96",2009,9,7.765875,88,8.1221875,7.56226785714286,8.28461538461539,7.71911538461538,7.78548387096774,32,56,13,26,62,1396,873,523,121,464,932,7.64542280802292,7.9318098510882,7.16738095602294,7.68760330578512,7.79204094827586,7.57242836909871,97
"97",2009,10,7.80952380952381,42,8.02631578947368,7.6304347826087,7.375,8.25,7.671875,19,23,4,10,32,1438,892,546,125,474,964,7.65021574408901,7.93382286995516,7.18688688644689,7.6776,7.80170253164557,7.57572950207469,98
"98",2009,11,5.65,56,6.1,5.4,6.4,4.60714285714286,5.99761904761905,20,36,5,14,42,1494,912,582,130,488,1006,7.57524112449799,7.89360745614035,7.07635780068729,7.62846153846154,7.71005532786885,7.5098441749503,99
"99",2009,12,5.85967741935484,62,7.44444444444444,5.21136363636364,7.55,6.15789473684211,5.72790697674419,18,44,10,19,43,1556,930,626,140,507,1049,7.50688318766067,7.88491397849462,6.94527194888179,7.62285714285714,7.6518875739645,7.43680003813155,100
"100",2010,1,7.12820512820513,39,7.5,6.8695652173913,6.08333333333333,8,7.05555555555556,16,23,6,3,36,1595,946,649,146,510,1085,7.49762397492163,7.87840380549683,6.94258896764253,7.55958904109589,7.65393529411765,7.4241504516129,101
"101",2010,2,7.15217391304348,23,8.2,6.34615384615385,6.5,6.8,7.25,10,13,1,5,18,1618,956,662,147,515,1103,7.49271337453646,7.88176778242678,6.93087649546828,7.55238095238095,7.64564466019418,7.42130846781505,102
"102",2010,3,7.06,20,8.56363636363636,5.22222222222222,NA,9.73333333333333,6.58823529411765,11,9,0,3,17,1638,967,671,147,518,1120,7.48742993894994,7.88952430196484,6.90795862891207,7.55238095238095,7.65773552123552,7.40866360714286,103
"103",2010,4,7.43333333333333,15,8.42857142857143,6.5625,6.75,9.5,7.11538461538461,7,8,2,2,13,1653,974,679,149,520,1133,7.48693904416213,7.89339835728953,6.90388842415317,7.54161073825503,7.66482115384615,7.4052985348632,104
"104",2010,5,7.45333333333333,15,8.14285714285714,6.85,6.45,7.5,7.43636363636364,7,8,4,4,11,1668,981,687,153,524,1144,7.48663683453237,7.89517838939857,6.90326090247453,7.51307189542484,7.66356297709924,7.40559723776224,105
"105",2010,6,7.5,14,7.88888888888889,6.8,7.25,7,7.58333333333333,9,5,4,2,12,1682,990,692,157,526,1156,7.48674806183115,7.89512121212121,6.90251479768786,7.50636942675159,7.66103992395437,7.40744224913495,106
"106",2010,7,7.408,25,8.01818181818182,6.92857142857143,7.6,8.8,7.06,11,14,5,5,20,1707,1001,706,162,531,1176,7.48559475102519,7.89647352647352,6.90303150141643,7.50925925925926,7.67176459510358,7.40153336734694,107
"107",2010,8,7.01666666666667,15,8.75,6.38636363636364,6.33333333333333,7.33333333333333,6.9375,4,11,3,3,12,1722,1005,717,165,534,1188,7.4815100116144,7.89987064676617,6.89510493723849,7.48787878787879,7.66986329588015,7.39684616161616,108
"108",2010,9,7.65625,16,7.35714285714286,7.88888888888889,8.33333333333333,7,7.80769230769231,7,9,3,3,13,1738,1012,726,168,537,1201,7.48311866513234,7.89611660079051,6.90742457300276,7.50297619047619,7.66612104283054,7.4012932889259,109
"109",2010,10,8.22727272727273,11,8.61111111111111,6.5,NA,7.75,8.33333333333333,9,2,0,2,9,1749,1021,728,168,539,1210,7.48779887935963,7.90241919686582,6.90630527472528,7.50297619047619,7.66643228200371,7.40822581818182,110
"110",2010,11,7.04137931034483,29,7.52941176470588,6.35,7,7,7.04285714285714,17,12,2,1,28,1778,1038,740,170,540,1238,7.48051757030371,7.89631021194605,6.89728410810811,7.49705882352941,7.66519814814815,7.39996222940226,111
"111",2010,12,7.864,25,8.38888888888889,7.56875,9.16666666666667,7.5,8.00555555555556,9,16,3,7,18,1803,1047,756,173,547,1256,7.48583485302274,7.90054441260745,6.91149502645503,7.52601156069364,7.66308409506398,7.40864111464968,112
"112",2011,1,6.72413793103448,29,7.375,6.26470588235294,6.5,5.6,6.95833333333333,12,17,5,5,24,1832,1059,773,178,552,1280,7.47377742358079,7.89458923512748,6.89727068564036,7.49719101123596,7.64439673913043,7.40019784375,113
"113",2011,2,7.96481481481482,27,8.4625,7.56666666666667,7.5,8,7.9547619047619,12,15,2,6,21,1859,1071,788,180,558,1301,7.48090922001076,7.90095238095238,6.91001299492386,7.49722222222222,7.64822043010753,7.40914930053805,114
"114",2011,3,6.88235294117647,17,7.75,6.61538461538461,7.6,7.5,6.8,4,13,5,2,15,1876,1075,801,185,560,1316,7.47548520255864,7.90039069767442,6.90523126092385,7.5,7.64769107142857,7.40220610942249,115
"115",2011,4,7.51470588235294,17,7.4375,7.58333333333333,8.33333333333333,7.95,7.33333333333333,8,9,3,5,12,1893,1083,810,188,565,1328,7.47583742208135,7.89697137580794,6.91276572839506,7.51329787234043,7.65036637168141,7.40158376506024,116
"116",2011,5,7.30833333333333,12,7.53333333333333,7.08333333333333,8.5,7.75,7.22,6,6,1,2,10,1905,1089,816,189,567,1338,7.47478227821522,7.8949678604224,6.91401990196078,7.51851851851852,7.65071781305115,7.4002266367713,117
"117",2011,6,7.29411764705882,17,7.61111111111111,6.9375,7.5,7.5,7.26666666666667,9,8,3,2,15,1922,1098,824,192,569,1353,7.47318430801249,7.89264116575592,6.91424786407767,7.51822916666667,7.65018804920914,7.39874592756837,118
"118",2011,7,6.77777777777778,18,6.66666666666667,6.88888888888889,7.5,7.08333333333333,6.625,9,9,3,6,12,1940,1107,833,195,575,1365,7.46673208247423,7.8826738934056,6.91397387755102,7.51794871794872,7.64427304347826,7.39194376556777,119
"119",2011,8,7.63809523809524,21,8.33333333333333,7.36,7.66666666666667,7.33333333333333,7.68888888888889,6,15,3,3,18,1961,1113,848,198,578,1383,7.4685671800102,7.88510332434861,6.92186349056604,7.52020202020202,7.64265916955017,7.39580856109906,120
"120",2011,9,7.66666666666667,15,7.92857142857143,7.4375,7.75,9.25,7.42307692307692,7,8,4,2,13,1976,1120,856,202,580,1396,7.47007097165992,7.885375,6.92668252336449,7.52475247524752,7.64820172413793,7.39606249283668,121
"121",2011,10,7.03333333333333,15,7.64285714285714,6.5,7,6.75,7.07692307692308,7,8,2,2,13,1991,1127,864,204,582,1409,7.46678063284782,7.88386867790594,6.92273175925926,7.51960784313725,7.64511512027491,7.39311798438609,122
"122",2011,11,7.4375,16,7.94444444444444,6.78571428571429,8,6.66666666666667,7.61538461538461,9,7,2,3,13,2007,1136,871,206,585,1422,7.46654720478326,7.8843485915493,6.92163058553387,7.52427184466019,7.64009743589743,7.39514995780591,123
"123",2011,12,7.375,16,7.8,7.18181818181818,7.33333333333333,6.83333333333333,7.5,5,11,3,3,13,2023,1141,882,209,588,1435,7.46582315373208,7.88397896581946,6.92487555555556,7.52153110047847,7.63598129251701,7.39609981881533,124
"124",2012,1,7.28125,16,7.41666666666667,7.2,NA,7,7.3,6,10,0,1,15,2039,1147,892,209,589,1450,7.46437481118195,7.88153443766347,6.9279599103139,7.52153110047847,7.63490152801358,7.39510568275862,125
"125",2012,2,7.575,20,8.75,6.4,6,8.5,7.26666666666667,10,10,3,5,15,2059,1157,902,212,594,1465,7.46544936376882,7.88904062229905,6.9221066962306,7.5,7.6421835016835,7.39379060750853,126
"126",2012,3,7.53333333333333,15,9,6.8,7,10,7.35714285714286,5,10,4,1,14,2074,1162,912,216,595,1479,7.46594032786885,7.89382099827883,6.92076780701754,7.49074074074074,7.64614621848739,7.39344370520622,127
"127",2012,4,7.625,12,7.85,6.5,NA,8,7.55,10,2,0,2,10,2086,1172,914,216,597,1489,7.46685534036433,7.89344709897611,6.91984708971554,7.49074074074074,7.64733165829146,7.39449512424446,128
"128",2012,5,8.04166666666667,12,8.125,7.875,8.5,NA,8.04166666666667,8,4,2,0,12,2098,1180,918,218,597,1501,7.47014310772164,7.89501694915254,6.92400897603486,7.5,7.64733165829146,7.3996690473018,129
"129",2012,6,7.37,10,7.6,7.14,NA,6,7.52222222222222,5,5,0,1,9,2108,1185,923,218,598,1510,7.4696680455408,7.89377215189873,6.92517902491874,7.5,7.64457692307692,7.40039949668874,130
"130",2012,7,7.22454545454545,11,7.5,7.16333333333333,7,8,7.147,2,9,3,1,10,2119,1187,932,221,599,1520,7.46839558282209,7.89310867733783,6.92747879828326,7.49321266968326,7.64517028380634,7.39873239473684,131
"131",2012,8,6.92857142857143,7,9,6.58333333333333,NA,8,6.5,1,6,0,2,5,2126,1188,938,221,601,1525,7.46661817497648,7.8940404040404,6.92527744136461,7.49321266968326,7.64635108153078,7.39578573114754,132
"132",2012,9,7.93333333333333,12,8.42857142857143,7.24,7.2,NA,7.93333333333333,7,5,1,0,12,2138,1195,943,222,601,1537,7.46923771749298,7.89717154811715,6.92694617179215,7.49189189189189,7.64635108153078,7.39998258945999,133
"133",2012,10,7.27857142857143,14,7.4875,7,6,7,7.3,8,6,1,1,13,2152,1203,949,223,602,1550,7.46799732342007,7.89444721529509,6.92740805057956,7.48520179372197,7.64527740863787,7.39914402580645,134
"134",2012,11,6.72619047619048,21,7.67857142857143,6.25,7.5,6.66666666666667,6.73611111111111,7,14,2,3,18,2173,1210,963,225,605,1568,7.46082845835251,7.89319834710744,6.91755995846314,7.48533333333333,7.64042479338843,7.39153267857143,135
"135",2012,12,7.95,20,8.15,7.75,9,8.91666666666667,7.53571428571429,10,10,3,6,14,2193,1220,973,228,611,1582,7.46528966712266,7.89530327868852,6.92611535457348,7.50526315789474,7.65295744680851,7.39280862199747,136
"136",2013,1,7.70454545454545,22,8.34615384615385,6.77777777777778,6.75,7,7.775,13,9,4,2,20,2215,1233,982,232,613,1602,7.46766602257336,7.90005677210057,6.92475584521385,7.49224137931034,7.65082707993475,7.39758004993758,137
"137",2013,2,8,12,7.85714285714286,8.2,7,8,8,7,5,1,2,10,2227,1240,987,233,615,1612,7.47053445891334,7.89981451612903,6.93121604863222,7.49012875536481,7.65196260162601,7.40131714640199,138
"138",2013,3,7.47692307692308,13,7.9,6.8,7.33333333333333,7.06666666666667,7.6,8,5,3,3,10,2240,1248,992,236,618,1622,7.47057153571429,7.8998157051282,6.93055467741936,7.48813559322034,7.6491213592233,7.40254207151665,139
"139",2013,4,7.41176470588235,17,8.2,7.08333333333333,7,7.3,7.45833333333333,5,12,2,5,12,2257,1253,1004,238,623,1634,7.47012859548073,7.90101356743815,6.93238071713147,7.48403361344538,7.64631942215088,7.40295179926561,140
"140",2013,5,7.53076923076923,13,8.83333333333333,7.14,8,NA,7.53076923076923,3,10,1,0,13,2270,1256,1014,239,623,1647,7.47047587665198,7.90324044585987,6.93442824457594,7.48619246861925,7.64631942215088,7.40396068002429,141
"141",2013,6,7.64285714285714,14,8.5,7.3,7.33333333333333,NA,7.64285714285714,4,10,3,0,14,2284,1260,1024,242,623,1661,7.47153250437828,7.90513492063492,6.93799828125,7.48429752066116,7.64631942215088,7.40597425647201,142
"142",2013,7,7.796875,16,8.25,7.525,7.33333333333333,7.83333333333333,7.78846153846154,6,10,3,3,13,2300,1266,1034,245,626,1674,7.47379575652174,7.90676935229068,6.94367528046422,7.48244897959184,7.64721565495208,7.40894458781362,143
"143",2013,8,7.31818181818182,11,8.5,6.64285714285714,8,8,7.25,4,7,1,1,10,2311,1270,1041,246,627,1684,7.47305505841627,7.90863779527559,6.94165248799231,7.48455284552846,7.64777830940989,7.40800073634204,144
"144",2013,9,8.49,15,8.64285714285714,8.35625,8.33333333333333,9,8.45357142857143,7,8,3,1,14,2326,1277,1049,249,628,1698,7.47961317282889,7.91266249021143,6.95244064823642,7.49477911646586,7.64993152866242,7.41662146054181,145
"145",2013,10,7.44736842105263,19,7.6,7.27777777777778,8.5,6.8,7.67857142857143,10,9,4,5,14,2345,1287,1058,253,633,1712,7.47935191471215,7.9102331002331,6.95520816635161,7.51067193675889,7.64321800947867,7.41876357476636,146
"146",2013,11,7.3625,16,7.68571428571429,7.11111111111111,10,7.76666666666667,7.26923076923077,7,9,1,3,13,2361,1294,1067,254,636,1725,7.47856003388395,7.90901854714065,6.95652318650422,7.52047244094488,7.64380031446541,7.41763666086957,147
"147",2013,12,7.07142857142857,21,8,6.375,7,7,7.08823529411765,9,12,4,4,17,2382,1303,1079,258,640,1742,7.47497071368598,7.90964696853415,6.95005582947173,7.51240310077519,7.6397765625,7.41442206659013,148
"148",2014,1,7.57142857142857,14,8.3125,6.58333333333333,NA,NA,7.57142857142857,8,6,0,0,14,2396,1311,1085,258,640,1756,7.47553432387312,7.91210526315789,6.94802787096774,7.51240310077519,7.6397765625,7.41567382687927,149
"149",2014,2,7.8875,20,8.35,7.425,8.0625,7.8,7.91666666666667,10,10,4,5,15,2416,1321,1095,262,645,1771,7.47894463576159,7.91542013626041,6.95238378082192,7.52080152671756,7.64101860465116,7.41991713156409,150
"150",2014,3,8.23214285714286,14,8.46875,7.91666666666667,9.5,7,8.56818181818182,8,6,1,3,11,2430,1329,1101,263,648,1782,7.48328404938272,7.91875094055681,6.9576387284287,7.52832699619772,7.63805092592593,7.42700518518519,151
"151",2014,4,8,13,9,6.4,6,10,7.83333333333333,8,5,1,1,12,2443,1337,1106,264,649,1794,7.48603366352845,7.92522064323111,6.95511775768535,7.52253787878788,7.64169029275809,7.42972309921962,152
"152",2014,5,7.11111111111111,9,8.33333333333333,6.5,8.33333333333333,8,7,3,6,3,1,8,2452,1340,1112,267,650,1802,7.48465752039152,7.92613432835821,6.95266208633094,7.53164794007491,7.64224153846154,7.42781533851276,153
"153",2014,6,6.75,6,7.125,6,NA,8,6.5,4,2,0,1,5,2458,1344,1114,267,651,1807,7.48286421480879,7.92375,6.95095174147217,7.53164794007491,7.6427910906298,7.42524805755396,154
"154",2014,7,7.83333333333333,6,6.5,8.1,9,8.25,7.625,1,5,1,2,4,2464,1345,1119,268,653,1811,7.48371762987013,7.92269144981412,6.95608600536193,7.53712686567164,7.64465084226646,7.4256892545555,155
"155",2014,8,7.12857142857143,14,7.8,6.625,NA,9,6.98461538461538,6,8,0,1,13,2478,1351,1127,268,654,1824,7.48171115415658,7.92214655810511,6.95373579414374,7.53712686567164,7.64672324159021,7.42254563596491,156
"156",2014,9,6.39473684210526,19,8,5.65384615384615,6.75,2,6.91176470588235,6,13,4,2,17,2497,1357,1140,272,656,1841,7.47344022426912,7.92249078850405,6.93891249122807,7.52555147058824,7.62950762195122,7.41782902770234,157
"157",2014,10,6.86842105263158,19,7.55,6.11111111111111,6.33333333333333,7.5,6.5,10,9,3,7,12,2516,1367,1149,275,663,1853,7.46887131955485,7.91976591075347,6.9324284073107,7.51254545454545,7.62814027149321,7.41188518078791,158
"158",2014,11,7.42307692307692,13,8.16666666666667,6.78571428571429,7.125,8,7.375,6,7,4,1,12,2529,1373,1156,279,664,1865,7.46863591933571,7.92084486525856,6.93154,7.50698924731183,7.62870030120482,7.41164784986595,159
"159",2014,12,7.65,10,8,7.3,NA,8,7.61111111111111,5,5,0,1,9,2539,1378,1161,279,665,1874,7.46935023237495,7.9211320754717,6.93312682170543,7.50698924731183,7.62925864661654,7.41260578441836,160
"160",2015,1,7.3695652173913,23,7.4375,7.33333333333333,7,6.66666666666667,7.475,8,15,4,3,20,2562,1386,1176,283,668,1894,7.46845442622951,7.91834054834055,6.93823149659864,7.49982332155477,7.62493562874251,7.41326464625132,161
"161",2015,2,7.67647058823529,17,8.125,7.27777777777778,5.83333333333333,8.5,7.56666666666667,8,9,3,2,15,2579,1394,1185,286,670,1909,7.46982560682435,7.91952654232425,6.94081032911392,7.48234265734266,7.62754776119403,7.41447000523835,162
"162",2015,3,7.27272727272727,11,7.48333333333333,7.02,8,7.95,7.12222222222222,6,5,1,2,9,2590,1400,1190,287,672,1918,7.46898850965251,7.91765714285714,6.94114305882353,7.48414634146341,7.62850744047619,7.41309866527633,163
"163",2015,4,7.88888888888889,9,8.75,7.2,7.5,8.66666666666667,7.5,4,5,2,3,6,2599,1404,1195,289,675,1924,7.47044257021931,7.92002849002849,6.94222614225941,7.48425605536332,7.63312148148148,7.41336966735967,164
"164",2015,5,7.31818181818182,11,8.05555555555556,4,NA,7,7.35,9,2,0,1,10,2610,1413,1197,289,676,1934,7.46980085823755,7.92089171974522,6.93731014202172,7.48425605536332,7.6321849112426,7.41304200620476,165
"165",2015,6,7.75,8,9.5,7.16666666666667,7,7,7.85714285714286,2,6,1,1,7,2618,1415,1203,290,677,1941,7.47065708174179,7.92312367491166,6.93845406483791,7.48258620689655,7.63125110782865,7.41464360638846,166
"166",2015,7,7.22222222222222,9,7.33333333333333,7.16666666666667,9,8,7,3,6,1,2,7,2627,1418,1209,291,679,1948,7.46980595355919,7.92187588152327,6.93958663358147,7.48780068728522,7.63233726067747,7.41315361396304,167
"167",2015,8,7.26666666666667,15,7.42857142857143,7.125,6.5,8,7.15384615384615,7,8,2,2,13,2642,1425,1217,293,681,1961,7.46865262679788,7.91945263157895,6.94080545603944,7.48105802047781,7.63341703377386,7.4114345945946,168
"168",2015,9,7,14,8.25,6.0625,5.66666666666667,8.83333333333333,6.5,6,8,3,3,11,2656,1431,1225,296,684,1972,7.46618231927711,7.92083857442348,6.93506958367347,7.46266891891892,7.6386798245614,7.40635052738337,169
"169",2015,10,8.1,10,8.66666666666667,7.85714285714286,8,9,8,3,7,2,1,9,2666,1434,1232,298,685,1981,7.46855972993248,7.92239888423989,6.94030863636364,7.46627516778523,7.64066715328467,7.40904757193337,170
"170",2015,11,7.65384615384615,13,8.0625,7,NA,8,7.625,8,5,0,1,12,2679,1442,1237,298,686,1993,7.46945884285181,7.9231761442441,6.94054991107518,7.46627516778523,7.64119096209912,7.41034783743101,171
"171",2015,12,6.60526315789474,19,6.66666666666667,6.59375,6.92857142857143,7,6.58333333333333,3,16,7,1,18,2698,1445,1253,305,687,2011,7.46337295774648,7.92056747404844,6.93612150039904,7.45393442622951,7.6402576419214,7.40294542018896,172
"172",2016,1,7.06818181818182,22,7.7,6.54166666666667,7,NA,7.06818181818182,10,12,1,0,22,2720,1455,1265,306,687,2033,7.46017655882353,7.91905154639175,6.93237963636364,7.45245098039216,7.6402576419214,7.39932279390064,173
"173",2016,2,7.23333333333333,15,7.58333333333333,7,7.5,7.16666666666667,7.25,6,9,2,3,12,2735,1461,1274,308,690,2045,7.45893244606947,7.91767282683094,6.93285733124019,7.45275974025974,7.63819855072464,7.39844657212714,174
"174",2016,3,7.4375,16,8.25,6.625,6.5,NA,7.4375,8,8,4,0,16,2751,1469,1282,312,690,2061,7.45880779352962,7.91948264125255,6.93093622464899,7.44054487179487,7.63819855072464,7.39874975254731,175
"175",2016,4,7.69230769230769,13,8.2,7.375,8,8.5,7.54545454545455,5,8,1,2,11,2764,1474,1290,313,692,2072,7.45990602026049,7.920434192673,6.93369010852713,7.44233226837061,7.64068930635838,7.39952859073359,176
"176",2016,5,7.67857142857143,14,8.0625,7.16666666666667,NA,7.5,7.70833333333333,8,6,0,2,12,2778,1482,1296,313,694,2084,7.46100800575954,7.92120107962213,6.9347687037037,7.44233226837061,7.64028386167147,7.40130673704415,177
"177",2016,6,7.203125,16,7.92857142857143,6.63888888888889,6,8.16666666666667,6.98076923076923,7,9,3,3,13,2794,1489,1305,316,697,2097,7.45953122405154,7.92123572867696,6.93272815325671,7.42863924050633,7.64254949784792,7.39869968526466,178
"178",2016,7,8,17,8.3,7.57142857142857,9.5,8.5,7.93333333333333,10,7,2,2,15,2811,1499,1312,318,699,2112,7.46279980078264,7.92376250833889,6.93613585365854,7.44166666666667,7.64500286123033,7.40249679924243,179
"179",2016,8,7.60714285714286,14,8.05,6.5,NA,8.5,7.45833333333333,10,4,0,2,12,2825,1509,1316,318,701,2124,7.46351512920354,7.92459907223327,6.93481021276596,7.44166666666667,7.6474422253923,7.40281225988701,180
"180",2016,9,7.88461538461539,13,8.1,7.75,7.5,8.75,7.72727272727273,5,8,2,2,11,2838,1514,1324,320,703,2135,7.46544405919662,7.925178335535,6.93973583081571,7.44203125,7.65057894736842,7.40448395316159,181
"181",2016,10,6.84210526315789,19,7.88888888888889,5.9,6.5,NA,6.84210526315789,9,10,2,0,19,2857,1523,1334,322,703,2154,7.46129864893245,7.924963887065,6.93194170914543,7.4361801242236,7.65057894736842,7.39952332404828,182
"182",2016,11,7.35454545454545,22,8.38888888888889,6.63846153846154,6.5,7.33333333333333,7.35789473684211,9,13,2,3,19,2879,1532,1347,324,706,2173,7.46048288989232,7.92768929503916,6.92910930957684,7.4304012345679,7.64923087818697,7.39915933732168,183
"183",2016,12,7.86111111111111,18,8.36363636363636,7.07142857142857,7,8.4,7.65384615384615,11,7,1,5,13,2897,1543,1354,325,711,2186,7.46297212288574,7.93079714841218,6.92984508124077,7.42907692307692,7.65451054852321,7.40067394327539,184
"184",2017,1,7.76470588235294,17,8.85714285714286,7,7.5,8,7.73333333333333,7,10,2,2,15,2914,1550,1364,327,713,2201,7.46473240905971,7.93498064516129,6.93035941348974,7.42951070336391,7.65547966339411,7.40294104497956,185
"185",2017,2,7.88235294117647,17,8.04545454545454,7.58333333333333,8.5,8.125,7.80769230769231,11,6,2,4,13,2931,1561,1370,329,717,2214,7.46715463664278,7.93575912876361,6.93321915328467,7.43601823708207,7.6580990237099,7.405317633243,186
"186",2017,3,7.09090909090909,11,7.71428571428571,6,5.33333333333333,8,7,7,4,3,1,10,2942,1568,1374,332,718,2224,7.46574787219578,7.93477040816326,6.9305023580786,7.41701807228916,7.65857520891365,7.4034951618705,187
"187",2017,4,7.66521739130435,23,8.525,6.72727272727273,NA,8.34285714285714,7.36875,12,11,0,7,16,2965,1580,1385,332,725,2240,7.46729519055649,7.93925316455696,6.9288882599278,7.41701807228916,7.66518206896552,7.40324698214286,188
"188",2017,5,8.2,10,8.8,7.6,7,8,8.25,5,5,1,2,8,2975,1585,1390,333,727,2248,7.46975806386555,7.94196845425867,6.93130233093525,7.41576576576576,7.66610316368638,7.40626033807829,189
"189",2017,6,7.5,17,7.88888888888889,7.0625,5.5,5.5,7.625,9,8,1,1,16,2992,1594,1398,334,728,2264,7.46992989304813,7.9416687578419,6.93205310443491,7.41002994011976,7.66312774725275,7.40780620141343,190
"190",2017,7,6.36363636363636,11,7.4,5.5,7.5,NA,6.36363636363636,5,6,2,0,11,3003,1599,1404,336,728,2275,7.46587753579753,7.93997498436523,6.92593321937322,7.41056547619048,7.66312774725275,7.40275746813187,191
"191",2017,8,7,11,7.66666666666667,6.75,7,6,7.1,3,8,1,1,10,3014,1602,1412,337,729,2285,7.46417725282017,7.9394631710362,6.9249364305949,7.4093471810089,7.6608463648834,7.40143249015317,192
"192",2017,9,7.9375,16,8.25,7.41666666666667,NA,8.875,7.625,10,6,0,4,12,3030,1612,1418,337,733,2297,7.46667664686469,7.94138957816377,6.92701709449929,7.4093471810089,7.66747203274215,7.40260045276448,193
"193",2017,10,7.5625,16,7.83333333333333,7.4,7.5,8.5,7.5,6,10,4,1,15,3046,1618,1428,341,734,2312,7.46717998686802,7.94098887515451,6.93032929971989,7.41041055718475,7.66860626702997,7.40323237024222,194
"194",2017,11,7.29166666666667,24,7.9,6.85714285714286,7.8,8.875,6.975,10,14,5,4,20,3070,1628,1442,346,738,2332,7.46580789576547,7.9407371007371,6.9296187517337,7.41604046242774,7.67514498644986,7.3995597084048,195
"195",2017,12,7.58333333333333,15,7.86111111111111,7.16666666666667,7.5,8,7.51923076923077,9,6,4,2,13,3085,1637,1448,350,740,2345,7.46637933225283,7.94029932803909,6.93060099447514,7.417,7.67602297297297,7.40022313006397,196
"196",2018,1,7.44736842105263,19,7.63636363636364,7.1875,7.33333333333333,7.375,7.46666666666667,11,8,3,4,15,3104,1648,1456,353,744,2360,7.46626296391752,7.93827063106796,6.93201252747253,7.41628895184136,7.67440456989247,7.40064544067797,197
"197",2018,2,7.30769230769231,13,7.85714285714286,6.66666666666667,5.5,7.5,7.22222222222222,7,6,2,4,9,3117,1655,1462,355,748,2369,7.46560161693936,7.93792749244713,6.93092355677155,7.40549295774648,7.67347192513369,7.39996759814268,198
"198",2018,3,7.152,15,7.28571428571429,7.035,7.56,7.09333333333333,7.16666666666667,7,8,5,3,12,3132,1662,1470,360,751,2381,7.46409969348659,7.93518050541516,6.93148995918367,7.40763888888889,7.67115446071904,7.3987917849643,199
"199",2018,4,7.20833333333333,12,8.125,6.75,7,9,7.04545454545455,4,8,3,1,11,3144,1666,1478,363,752,2392,7.46312348600509,7.9356362545018,6.93050760487145,7.40426997245179,7.67292154255319,7.39716690635452,200
"200",2018,5,7.63157894736842,19,7.7,7.55555555555556,8,8.125,7.5,10,9,1,4,15,3163,1676,1487,364,756,2407,7.4641353904521,7.93423031026253,6.93429067921991,7.40590659340659,7.67531349206349,7.39780774407977,201
"201",2018,6,7.63333333333333,15,7.41666666666667,7.77777777777778,9.5,8,7.60714285714286,6,9,2,1,14,3178,1682,1496,366,757,2421,7.46493399622404,7.93238406658739,6.93936513368984,7.41734972677596,7.67574240422721,7.39901827344073,202
"202",2018,7,6.1,10,7.6,4.6,NA,7,6,5,5,0,1,9,3188,1687,1501,366,758,2430,7.46065252195734,7.93139893301719,6.93157244503664,7.41734972677596,7.67485092348285,7.39383672427984,203
"203",2018,8,7.16923076923077,13,7.58333333333333,6.81428571428571,4,4,7.43333333333333,6,7,1,1,12,3201,1693,1508,367,759,2442,7.45946899094033,7.93016538688718,6.93102801061008,7.40803814713896,7.67000922266139,7.39403081081081,204
"204",2018,9,8.33333333333333,9,8.6,8,8,8.33333333333333,8.33333333333333,5,4,1,3,6,3210,1698,1512,368,762,2448,7.46191907788162,7.93213780918728,6.93385597883598,7.40964673913043,7.67262073490813,7.39633302287582,205
"205",2018,10,7.27272727272727,11,7.71428571428571,6.5,NA,7,7.33333333333333,7,4,0,2,9,3221,1705,1516,368,764,2457,7.46127297112698,7.93124340175953,6.93271124010554,7.40964673913043,7.67085994764398,7.39610225478226,206
"206",2018,11,7.54166666666667,12,8.16666666666667,6.91666666666667,8,8,7.5,6,6,1,1,11,3233,1711,1522,369,765,2468,7.46157137024435,7.93206896551724,6.93264798948752,7.41124661246612,7.67129019607843,7.39656533225284,207
"207",2018,12,7.63333333333333,15,7.77272727272727,7.25,8,9,7.42307692307692,11,4,1,2,13,3248,1722,1526,370,767,2481,7.46236460591133,7.93105110336817,6.93347984272608,7.41283783783784,7.67475488917862,7.39670424828698,208
"208",2019,1,7.625,16,8,7.4,8,7.75,7.58333333333333,6,10,2,4,12,3264,1728,1536,372,771,2493,7.46316183823529,7.93129050925926,6.93651708333333,7.41599462365591,7.67514526588845,7.39760258323305,209
"209",2019,2,7.04166666666667,12,7.21428571428571,6.8,NA,7,7.04545454545455,7,5,0,1,11,3276,1735,1541,372,772,2504,7.4616178998779,7.92839769452449,6.93607413367943,7.41599462365591,7.6742707253886,7.39605560702875,210
"210",2019,3,7.14285714285714,7,7.66666666666667,6.75,8,NA,7.14285714285714,3,4,2,0,7,3283,1738,1545,374,772,2511,7.46093823941517,7.92794591484465,6.93559238834951,7.41911764705882,7.6742707253886,7.3953497570689,211
"211",2019,4,7.88235294117647,17,8.66666666666667,7.45454545454545,6.75,8.5,7.8,6,11,4,2,15,3300,1744,1556,378,774,2526,7.46310916363636,7.9304873853211,6.93926107969152,7.41203703703704,7.67640439276486,7.3977526682502,212
"212",2019,5,7.49,15,7.7625,7.17857142857143,8.08333333333333,10,7.31071428571429,8,7,3,1,14,3315,1752,1563,381,775,2540,7.46323084162896,7.9297203196347,6.94033284708893,7.41732283464567,7.67940258064516,7.39727292913386,213
"213",2019,6,7.94545454545455,11,7.5,8.31666666666667,7,9,7.34285714285714,5,6,1,4,7,3326,1757,1569,382,779,2547,7.46482568851473,7.92849743881616,6.94559607393244,7.41623036649215,7.68618356867779,7.3971233765214,214
"214",2019,7,7.83625,8,7.865,7.75,7,7.6725,8,6,2,1,4,4,3334,1763,1571,383,783,2551,7.46571692861428,7.92828133862734,6.94662014003819,7.41514360313316,7.68611366538952,7.39806869462956,215
"215",2019,8,7.60714285714286,14,8.16666666666667,7.1875,8,9,7.5,6,8,1,1,13,3348,1769,1579,384,784,2564,7.46630831541218,7.92908988128886,6.94784055731476,7.41666666666667,7.68778954081632,7.39858550702028,216
"216",2019,9,8.41666666666667,15,8.58333333333333,7.75,9,8.25,8.47727272727273,12,3,1,4,11,3363,1781,1582,385,788,2575,7.47054720190306,7.9334980348119,6.9493617193426,7.42077922077922,7.69064340101523,7.40319349126214,217
"217",2019,10,7.2,10,7.42857142857143,6.66666666666667,NA,NA,7.2,7,3,0,0,10,3373,1788,1585,385,788,2585,7.46974510524755,7.93152125279642,6.94882664984227,7.42077922077922,7.69064340101523,7.40240744294004,218
"218",2019,11,7.83333333333333,6,8.4,5,NA,9,7.25,5,1,0,2,4,3379,1793,1586,385,790,2589,7.47039071914767,7.93282766313441,6.9475978814628,7.42077922077922,7.6939582278481,7.40217197373503,219
"219",2019,12,7.85,10,7.58333333333333,8.25,8,8.16666666666667,7.71428571428571,6,4,2,3,7,3389,1799,1590,387,793,2596,7.47151084095603,7.93166203446359,6.95087436477987,7.42377260981912,7.69574653215637,7.40301357473036,220
"220",2020,1,7.4375,16,8.28571428571429,6.77777777777778,8,9,7.21428571428571,7,9,4,2,14,3405,1806,1599,391,795,2610,7.47135102496329,7.93303433001107,6.94990008755472,7.42966751918159,7.69902767295597,7.40200124137931,221
"221",2020,2,7.7125,16,8.18571428571429,7.34444444444444,7.775,7.5,7.72666666666667,7,9,4,1,15,3421,1813,1608,395,796,2625,7.47247887752119,7.93400992829564,6.95210835820896,7.43316455696203,7.69877763819095,7.40385647238095,222
"222",2020,3,6.83333333333333,12,7.8,6.14285714285714,5,8,6.72727272727273,5,7,1,1,11,3433,1818,1615,396,797,2636,7.4702447538596,7.93364136413641,6.94860076780186,7.4270202020202,7.69915558343789,7.4010330955994,223
"223",2020,4,7.5,17,9.33333333333333,6.5,6.6,8,7.39285714285714,6,11,5,3,14,3450,1824,1626,401,800,2650,7.47039137391304,7.93824561403509,6.94556595325953,7.41670822942643,7.70028375,7.40098990188679,224
"224",2020,5,8.125,8,9.33333333333333,7.4,NA,9,8,3,5,0,1,7,3458,1827,1631,401,801,2657,7.47190579525737,7.94053639846743,6.94695906805641,7.41670822942643,7.7019063670412,7.40256802408732,225
"225",2020,6,8.07142857142857,14,8.44444444444444,7.4,5.5,7.66666666666667,8.18181818181818,9,5,2,3,11,3472,1836,1636,403,804,2668,7.47432322580645,7.94300653594771,6.94834366748166,7.40719602977667,7.70177487562189,7.40578082458771,226
"226",2020,7,7.97777777777778,9,8.75,7.36,7,6.8,8.125,4,5,1,1,8,3481,1840,1641,404,805,2676,7.4756248893996,7.94476086956522,6.94959795246801,7.40618811881188,7.70065465838509,7.40793095665172,227
"227",2020,8,7.55,10,7.7,7.4,8,NA,7.55,5,5,1,0,10,3491,1845,1646,405,805,2686,7.47583793755371,7.94409756097561,6.95096612393682,7.40765432098765,7.70065465838509,7.40845988086374,228
"228",2020,9,8,5,8.33333333333333,7.5,NA,NA,8,3,2,0,0,5,3496,1848,1648,405,805,2691,7.476587597254,7.94472943722944,6.95163242718447,7.40765432098765,7.70065465838509,7.40955898922334,229
"229",2020,10,7.63333333333333,9,7.9,7.5,8,7.5,7.67142857142857,3,6,3,2,7,3505,1851,1654,408,807,2698,7.47699008273894,7.94465694219341,6.95362166868198,7.41200980392157,7.70015737298637,7.41023841363974,230
"230",2020,11,8.03571428571429,14,8.07142857142857,8,8,8,8.03846153846154,7,7,3,1,13,3519,1858,1661,411,808,2711,7.47921291275931,7.9451345532831,6.95803145093317,7.41630170316302,7.70052846534653,7.41325091848027,231
"231",2020,12,8.04545454545454,11,8.5,7.25,7,NA,8.04545454545454,7,4,1,0,11,3530,1865,1665,412,808,2722,7.48097740509915,7.94721715817694,6.95873287687688,7.41529126213592,7.70052846534653,7.41580574577517,232
"232",2021,1,7.46428571428571,14,7.68181818181818,6.66666666666667,NA,9,7.34615384615385,11,3,0,1,13,3544,1876,1668,412,809,2735,7.48091146726862,7.94566098081023,6.95820757793765,7.41529126213592,7.7021347342398,7.41547467641682,233
"233",2021,2,7.26153846153846,13,8.175,5.8,4,9,7.11666666666667,8,5,1,1,12,3557,1884,1673,413,810,2747,7.48010971043014,7.94663481953291,6.95474610878661,7.40702179176755,7.70373703703704,7.41416936294139,234
"234",2021,3,7.41375,8,9.5,6.71833333333333,7,NA,7.41375,2,6,1,0,8,3565,1886,1679,414,810,2755,7.47996079663394,7.94828207847296,6.95390127456819,7.40603864734299,7.70373703703704,7.41416814519057,235
"235",2021,4,7.04166666666667,12,7.75,6.33333333333333,NA,7.5,6.95,6,6,0,2,10,3577,1892,1685,414,812,2765,7.47849042214146,7.9476532769556,6.95169153709199,7.40603864734299,7.70323522167487,7.41248941772152,236
"236",2021,5,7.23333333333333,15,7.6875,6.71428571428571,NA,8,7.17857142857143,8,7,0,1,14,3592,1900,1692,414,813,2779,7.47746665924276,7.94655789473684,6.95070936170213,7.40603864734299,7.70360024600246,7.41131098956459,237
"237",2021,6,7.825,8,8.65,7,6,6.8,8.16666666666667,4,4,1,2,6,3600,1904,1696,415,815,2785,7.47823895555555,7.94803571428571,6.95082561320755,7.40265060240964,7.70138282208589,7.41293832675045,238
"238",2021,7,7.81444416666667,12,7.46761857142857,8.3,10,9,7.70666636363636,7,5,1,1,11,3612,1911,1701,416,816,2796,7.47935591638981,7.94627594453166,6.95479144032922,7.40889423076923,7.70297426470588,7.41409390915594,239
"239",2021,8,6.92857142857143,7,10,6.41666666666667,5.5,7.75,6.6,1,6,2,2,5,3619,1912,1707,418,818,2801,7.47829056921802,7.94735006799163,6.95289996485061,7.39976076555024,7.70308924205379,7.41264068903963,240
"240",2021,9,7.1875,8,8,6.7,7,7,7.21428571428571,3,5,2,1,7,3627,1915,1712,420,819,2808,7.47764917838434,7.94743254830287,6.95216135514019,7.39785714285714,7.70223076923077,7.41214621438747,241
"241",2021,10,7.09,11,9,5.49833333333333,NA,6,7.199,5,6,0,1,10,3638,1920,1718,420,820,2818,7.47647706706982,7.950173609375,6.9470839580908,7.39785714285714,7.70015487804878,7.41138984031228,242
"242",2021,11,7.14285714285714,7,10,6.66666666666667,5,NA,7.14285714285714,1,6,1,0,7,3645,1921,1724,421,820,2825,7.47583637037037,7.95124067152525,6.94610802784223,7.39216152019002,7.70015487804878,7.41072444955753,243
"243",2021,12,7.18181818181818,11,7.8,6.66666666666667,6.5,8.5,6.88888888888889,5,6,1,2,9,3656,1926,1730,422,822,2834,7.47495174234136,7.95084804257528,6.94513886705202,7.39004739336493,7.70210097323601,7.40906724417784,244
"244",2022,1,7.655,20,8.51666666666667,7.28571428571429,7.85714285714286,NA,7.655,6,14,7,0,20,3676,1932,1744,429,822,2854,7.47593133025027,7.95260524327122,6.9478728440367,7.397668997669,7.70210097323601,7.41079066923616,245
"245",2022,2,8.09090909090909,11,8.8,7.5,6.5,8,8.1,5,6,2,1,10,3687,1937,1750,431,823,2864,7.47776608896121,7.95479263293753,6.94976585142857,7.39350348027842,7.70246294046172,7.41319712639665,246
"246",2022,3,7.73076923076923,13,7.5,8.25,8,8,7.70833333333333,9,4,2,1,12,3700,1946,1754,433,824,2876,7.47865501891892,7.95268927543679,6.95273103762828,7.39630484988453,7.70282402912621,7.41442857093185,247
"247",2022,4,7.625,8,8,7.25,6,6,8.16666666666667,4,4,1,2,6,3708,1950,1758,434,826,2882,7.47897075782093,7.95278632307692,6.95340741751991,7.39308755760369,7.698700968523,7.41599464607911,248
"248",2022,5,7.6,20,9,6.66666666666667,8,10,7,8,12,3,4,16,3728,1958,1770,437,830,2898,7.47962005633047,7.95706503064351,6.95146341242938,7.39725400457666,7.70979156626506,7.41369791925466,249
"249",2022,6,7.5,6,8,6.5,7,9,7.2,4,2,1,1,5,3734,1962,1772,438,831,2903,7.47965280396358,7.9571525637105,6.95095386004515,7.39634703196347,7.71134416365824,7.41332985532208,250
"250",2022,7,7.86428571428571,14,8.33333333333333,7.5125,8.75,7.75,7.88333333333333,6,8,2,2,12,3748,1968,1780,440,833,2915,7.48108953308431,7.95829945630081,6.95347766292135,7.4025,7.71143697478991,7.41526468953688,251
"251",2022,8,7.26666666666667,9,8.88,5.25,6,9.7,6.57142857142857,5,4,1,2,7,3757,1973,1784,441,835,2922,7.48057587702954,7.96063524075013,6.94965820627803,7.39931972789116,7.7162,7.41324317932923,252
"252",2022,9,8.25,8,9.25,7.25,7,10,7.66666666666667,4,4,1,2,6,3765,1977,1788,442,837,2928,7.48221077556441,7.96324397066262,6.95033011185682,7.39841628959276,7.72165710872162,7.4137624897541,253
"253",2022,10,8.7,5,8.66666666666667,8.75,8.75,8.25,9,3,2,2,2,3,3770,1980,1790,444,839,2931,7.4838258806366,7.96430976262626,6.95234091620112,7.4045045045045,7.72291656734207,7.41538606960082,254
"254",2022,11,6.27272727272727,11,7.5,6,7,1,6.8,2,9,2,1,10,3781,1982,1799,446,840,2941,7.48030245173234,7.96384123612513,6.9475765647582,7.40269058295964,7.71491309523809,7.41329363141789,255
"255",2022,12,7.31111111111111,9,7.66666666666667,6.6,8,8,7.11428571428571,6,3,1,2,7,3790,1988,1802,447,842,2948,7.47990067810026,7.96294433098591,6.94699791342952,7.40402684563758,7.71559026128266,7.41258363975577,256
