"","year","month","avg_rating","no_ratings","avg_rating_owned","avg_rating_not_owned","avg_rating_prev_owned","avg_rating_comment","avg_rating_no_comment","no_ratings_owned","no_ratings_not_owned","no_ratings_prev_owned","no_ratings_comment","no_ratings_no_comment","cum_no_ratings","cum_no_ratings_owned","cum_no_ratings_not_owned","cum_no_ratings_prev_owned","cum_no_ratings_comment","cum_no_ratings_no_comment","cum_avg_rating","cum_avg_rating_owned","cum_avg_rating_not_owned","cum_avg_rating_prev_owned","cum_avg_rating_comment","cum_avg_rating_no_comment","month_after_release"
"1",2006,1,7.5,1,NA,7.5,NA,7.5,NA,0,1,0,1,0,1,0,1,0,1,0,7.5,NA,7.5,NA,7.5,NA,-9
"2",2006,3,8,1,8,NA,NA,NA,8,1,0,0,0,1,2,1,1,0,1,1,7.75,8,7.5,NA,7.5,8,-7
"3",2006,4,7,1,NA,7,NA,NA,7,0,1,0,0,1,3,1,2,0,1,2,7.5,8,7.25,NA,7.5,7.5,-6
"4",2006,6,9,1,9,NA,NA,NA,9,1,0,0,0,1,4,2,2,0,1,3,7.875,8.5,7.25,NA,7.5,8,-4
"5",2006,10,7.78571428571429,14,8.11111111111111,7.2,7.75,8.3,7.5,9,5,2,5,9,18,11,7,2,6,12,7.80555555555556,8.18181818181818,7.21428571428571,7.75,8.16666666666667,7.625,0
"6",2006,11,7.28235294117647,17,7.70909090909091,6.5,8,7.3125,7.25555555555556,11,6,1,8,9,35,22,13,3,14,21,7.55142857142857,7.94545454545455,6.88461538461539,7.83333333333333,7.67857142857143,7.46666666666667,1
"7",2006,12,7.72321428571429,28,8,6.0625,NA,7.69642857142857,7.75,24,4,0,14,14,63,46,17,3,28,35,7.62777777777778,7.97391304347826,6.69117647058824,7.83333333333333,7.6875,7.58,2
"8",2007,1,7.42916666666667,36,7.9175,6.81875,7.66666666666667,7.75,7.1725,20,16,3,16,20,99,66,33,6,44,55,7.55555555555556,7.95681818181818,6.7530303030303,7.75,7.71022727272727,7.43181818181818,3
"9",2007,2,7.2880285,20,7.85384615384615,6.23722428571429,9,7.05,7.64507125,13,7,1,12,8,119,79,40,7,56,63,7.51059302521008,7.93987341772152,6.66276425,7.92857142857143,7.56875,7.45889793650794,4
"10",2007,3,7.69555555555556,18,7.57846153846154,8,9.5,7.64285714285714,7.72909090909091,13,5,2,7,11,137,92,45,9,63,74,7.53489467153285,7.88880434782609,6.811346,8.27777777777778,7.57698412698413,7.49906175675676,5
"11",2007,4,7.58235294117647,17,7.93636363636364,6.93333333333333,NA,8.4,7.47333333333333,11,6,0,2,15,154,103,51,9,65,89,7.54013357142857,7.89388349514563,6.82569745098039,8.27777777777778,7.60230769230769,7.49472550561798,6
"12",2007,5,7.81818181818182,22,8.125,7.45,7.33333333333333,7.78571428571429,7.83333333333333,12,10,3,7,15,176,115,61,12,72,104,7.57488960227273,7.918,6.92804213114754,8.04166666666667,7.62013888888889,7.54356317307692,7
"13",2007,6,7.26315789473684,19,7.54545454545455,6.875,8.5,7.25,7.27272727272727,11,8,2,8,11,195,126,69,14,80,115,7.54451574358974,7.88547619047619,6.92189231884058,8.10714285714286,7.583125,7.51765713043478,8
"14",2007,7,7.90476190476191,21,8.15625,7.1,7.1,7.92857142857143,7.89285714285714,16,5,5,7,14,216,142,74,19,87,129,7.57953967592593,7.91598591549296,6.93392662162162,7.84210526315789,7.61091954022989,7.55837651162791,9
"15",2007,8,7.4046511627907,43,7.67413793103448,6.84642857142857,7.15,7.30769230769231,7.44666666666667,29,14,4,13,30,259,171,88,23,100,159,7.55050413127413,7.87497076023392,6.92000647727273,7.72173913043478,7.5715,7.53729918238994,10
"16",2007,9,7.31929824561403,57,7.58787878787879,6.95,7.4,7.06842105263158,7.44473684210526,33,24,5,19,38,316,204,112,28,119,197,7.5087992721519,7.82852941176471,6.92643366071429,7.66428571428571,7.49117647058824,7.5194445177665,11
"17",2007,10,7.66067415730337,89,7.88923076923077,7.04166666666667,7.2,7.704,7.64375,65,24,5,25,64,405,269,136,33,144,261,7.54217424691358,7.84319702602231,6.94676889705882,7.59393939393939,7.528125,7.54992555555556,12
"18",2007,11,7.45904761904762,105,7.72903225806452,7.06976744186047,7.85,7.07777777777778,7.745,62,43,10,45,60,510,331,179,43,189,321,7.52505994117647,7.82181268882175,6.97631603351955,7.65348837209302,7.42089947089947,7.58638806853583,13
"19",2007,12,7.65417910447761,134,7.84701030927835,7.14864864864865,8,7.7675,7.58231707317073,97,37,8,52,82,644,428,216,51,241,403,7.55192635093168,7.82752336448598,7.00583597222222,7.7078431372549,7.4956846473029,7.58555972704715,14
"20",2008,1,7.56282258064516,124,7.80443181818182,6.97222222222222,7.44444444444444,7.835,7.43321428571429,88,36,9,40,84,768,516,252,60,281,487,7.55368563802083,7.82358527131783,7.00103400793651,7.66833333333333,7.54398576512456,7.55928248459959,15
"21",2008,2,7.73571428571429,84,7.9109375,7.175,7.5,7.58125,7.83076923076923,64,20,8,32,52,852,580,272,68,313,539,7.57163212441315,7.83322413793104,7.013825625,7.64852941176471,7.54779552715655,7.58547415584416,16
"22",2008,3,7.21129032258064,62,7.49411764705882,6.86785714285714,7.42857142857143,7.22692307692308,7.2,34,28,7,26,36,914,614,300,75,339,575,7.54718880743983,7.81444625407166,7.0002019,7.628,7.52318584070797,7.56134012173913,17
"23",2008,4,7.38457943925234,107,7.69066666666667,6.6671875,7.375,7.27631578947368,7.44420289855072,75,32,8,38,69,1021,689,332,83,377,644,7.53014747306562,7.80097242380261,6.96810412650602,7.60361445783133,7.4983023872679,7.54878970496894,18
"24",2008,5,7.41627906976744,86,7.71964285714286,6.85,6.8,7.5030303030303,7.3622641509434,56,30,10,33,53,1107,745,362,93,410,697,7.52130132791328,7.79485906040269,6.95831649171271,7.51720430107527,7.49868292682927,7.5346062697274,19
"25",2008,6,7.3625,72,7.82666666666667,6.58888888888889,7.5,7.65384615384615,7.19782608695652,45,27,5,26,46,1179,790,389,98,436,743,7.51160353689567,7.79667088607595,6.93267498714653,7.51632653061225,7.50793577981651,7.51375581426649,20
"26",2008,7,7.52020202020202,99,7.77692307692308,7.02941176470588,6.78125,7.31875,7.61641791044776,65,34,16,32,67,1278,855,423,114,468,810,7.51226961658842,7.79516959064328,6.94045052009456,7.41315789473684,7.495,7.52224761728395,21
"27",2008,8,7.23205128205128,78,7.6936170212766,6.53225806451613,6.25,7.18709677419355,7.26170212765957,47,31,10,31,47,1356,902,454,124,499,857,7.49615086283186,7.78987804878049,6.91257834801762,7.31935483870968,7.47587174348697,7.50795865810968,22
"28",2008,9,7.34166666666667,84,7.72452830188679,6.68709677419355,6.68666666666667,7.2,7.40169491525424,53,31,15,25,59,1440,955,485,139,524,916,7.48713928472222,7.78625130890052,6.89816612371134,7.25107913669065,7.46270992366412,7.50111415938865,23
"29",2008,10,7.26675675675676,74,7.49490196078431,6.76086956521739,6.65384615384615,7.19230769230769,7.30708333333333,51,23,13,26,48,1514,1006,508,152,550,964,7.47636761558785,7.77148111332008,6.89194994094488,7.2,7.44992727272727,7.49145287344398,24
"30",2008,11,7.1570306122449,98,7.53448275862069,6.609725,6.8,6.92720689655172,7.2536231884058,58,40,11,29,69,1612,1064,548,163,579,1033,7.45695382754342,7.75856203007519,6.87134958029197,7.17300613496933,7.42374611398964,7.47556686350436,25
"31",2008,12,7.24639175257732,97,7.42307692307692,6.8875,7.18181818181818,7.43846153846154,7.17605633802817,65,32,11,26,71,1709,1129,580,174,605,1104,7.44500267407841,7.73924712134632,6.87224063793104,7.1735632183908,7.42437851239669,7.45630486413043,26
"32",2009,1,7.26666666666667,120,7.45903614457831,6.83513513513514,6.97826086956522,7.10147058823529,7.33197674418605,83,37,23,34,86,1829,1212,617,197,639,1190,7.43330211591033,7.72005775577558,6.87001551053485,7.1507614213198,7.40719718309859,7.44731980672269,27
"33",2009,2,7.08121212121212,165,7.40111111111111,6.69733333333333,6.67391304347826,7.03461538461538,7.09563492063492,90,75,23,39,126,1994,1302,692,220,678,1316,7.40416728686058,7.69801075268817,6.8512999566474,7.10090909090909,7.38576548672566,7.41364784954407,28
"34",2009,3,6.93439716312057,141,7.41666666666667,6.38636363636364,6.28571428571429,7.01285714285714,6.90849056603774,75,66,28,35,106,2135,1377,758,248,713,1422,7.3731426557377,7.68268700072622,6.81081737467018,7.00887096774194,7.36746002805049,7.37599196202531,29
"35",2009,4,7.16807692307692,130,7.45390625,6.89090909090909,6.58518518518519,7.08428571428571,7.19894736842105,64,66,27,35,95,2265,1441,824,275,748,1517,7.3613728785872,7.67252602359473,6.81723248786408,6.96727272727273,7.35420989304813,7.36490479235333,30
"36",2009,5,7.15541666666667,120,7.36044776119403,6.89622641509434,6.6875,7.13965517241379,7.16043956043956,67,53,16,29,91,2385,1508,877,291,777,1608,7.35101030188679,7.65866047745358,6.82200635119726,6.95189003436426,7.34620205920206,7.35333368781094,31
"37",2009,6,7.15560606060606,132,7.55054794520548,6.66694915254237,7.171875,7.08633333333333,7.17598039215686,73,59,16,30,102,2517,1581,936,307,807,1710,7.34076264203417,7.65366856419987,6.8122324465812,6.96335504885993,7.33654151177199,7.34275471929824,32
"38",2009,7,7.00560344827586,116,7.27954545454545,6.83819444444444,6.86739130434783,7.0265625,6.99761904761905,44,72,23,32,84,2633,1625,1008,330,839,1794,7.3259967983289,7.64353846153846,6.814086875,6.95666666666667,7.32471871275328,7.3265945206243,33
"39",2009,8,7.1340206185567,97,7.54444444444444,6.77884615384615,6.69782608695652,6.89166666666667,7.21369863013699,45,52,23,24,73,2730,1670,1060,353,863,1867,7.31917566666667,7.64086826347305,6.81235808490566,6.93980169971671,7.31267555040556,7.3221802731655,34
"40",2009,9,7.1364238410596,151,7.49,6.83086419753086,6.725,7.13636363636364,7.1364406779661,70,81,32,33,118,2881,1740,1141,385,896,1985,7.30959721277334,7.63479885057471,6.8136718404908,6.92194805194805,7.30618191964286,7.31113882619647,35
"41",2009,10,7.08510638297872,141,7.50472972972973,6.62164179104478,6.51851851851852,6.89756097560976,7.162,74,67,27,41,100,3022,1814,1208,412,937,2085,7.29912295499669,7.62949283351709,6.80302116721854,6.89550970873786,7.28830202774813,7.30398588489208,36
"42",2009,11,7.29288461538462,156,7.67441860465116,6.82414285714286,6.67727272727273,7.05,7.36575,86,70,22,36,120,3178,1900,1278,434,973,2205,7.29881673064821,7.63152631578947,6.80417806729265,6.88444700460829,7.27948509763618,7.30734719727891,37
"43",2009,12,7.16319444444444,144,7.48684210526316,6.80147058823529,6.9375,7.140625,7.16964285714286,76,68,32,32,112,3322,1976,1346,466,1005,2317,7.29293785972306,7.62596153846154,6.80404128528975,6.88809012875536,7.27506368159204,7.30069079413034,38
"44",2010,1,7.20631868131868,182,7.43714285714286,6.89155844155844,6.92708333333333,7.51315789473684,7.12534722222222,105,77,24,38,144,3504,2081,1423,490,1043,2461,7.28843880422374,7.61643440653532,6.80877692902319,6.89,7.28373825503356,7.29043095083299,39
"45",2010,2,7.20612244897959,147,7.63109756097561,6.67,6.68095238095238,7.21724137931034,7.20338983050847,82,65,21,29,118,3651,2163,1488,511,1072,2579,7.2851245056149,7.61699029126214,6.80271476478495,6.88140900195695,7.28193936567164,7.28644845676619,40
"46",2010,3,7.21666666666667,99,7.51842105263158,6.80714285714286,7.32222222222222,7.23333333333333,7.21296296296296,57,42,9,18,81,3750,2220,1530,520,1090,2660,7.28331721866667,7.61445945945946,6.80283632026144,6.88903846153846,7.28113669724771,7.2842107406015,41
"47",2010,4,7.19397590361446,83,7.76444444444444,6.51842105263158,6.67,7.13888888888889,7.20923076923077,45,38,10,18,65,3833,2265,1568,530,1108,2725,7.28138261674928,7.61743929359823,6.79594360331633,6.88490566037736,7.27882581227437,7.28242222752293,42
"48",2010,5,7.34338235294118,68,7.47717391304348,7.06363636363636,6.66666666666667,7.57142857142857,7.28425925925926,46,22,3,14,54,3901,2311,1590,533,1122,2779,7.28246336067675,7.61464733881437,6.79964752830189,6.88367729831144,7.28247682709448,7.28245792371356,43
"49",2010,6,7.31794871794872,78,7.58536585365854,7.02162162162162,6.90625,7.55882352941176,7.25081967213115,41,37,16,17,61,3979,2352,1627,549,1139,2840,7.28315897712993,7.6141369047619,6.80469549477566,6.88433515482696,7.286601404741,7.28177836971831,44
"50",2010,7,7.13870967741935,93,7.51363636363636,6.59605263157895,6.53846153846154,6.84375,7.2,55,38,13,16,77,4072,2407,1665,562,1155,2917,7.27985991404715,7.61184046530951,6.79993367567568,6.87633451957295,7.28046666666667,7.27961966746657,45
"51",2010,8,7.18846153846154,78,7.67142857142857,6.625,6.53571428571429,7.18571428571429,7.1890625,42,36,14,14,64,4150,2449,1701,576,1169,2981,7.27814206506024,7.61286239281339,6.79623137566138,6.86805555555556,7.27933190761335,7.27767546796377,46
"52",2010,9,6.90802469135802,81,7.4297619047619,6.34615384615385,6.36666666666667,6.68333333333333,6.97222222222222,42,39,15,18,63,4231,2491,1740,591,1187,3044,7.27105638619712,7.60977519068647,6.78614343103448,6.85532994923858,7.27029401853412,7.2713536695138,47
"53",2010,10,7.1494623655914,93,7.518,6.72093023255814,6.36666666666667,7.26842105263158,7.11891891891892,50,43,15,19,74,4324,2541,1783,606,1206,3118,7.2684411586494,7.60796930342385,6.78457070667414,6.84323432343234,7.27026451077944,7.26773591084028,48
"54",2010,11,7.05875,120,7.29873417721519,6.59634146341463,6.55555555555556,7.01,7.0685,79,41,9,20,100,4444,2620,1824,615,1226,3218,7.26277893114311,7.59864503816794,6.78033967653509,6.8390243902439,7.26601876019576,7.26154461466749,49
"55",2010,12,7.13305785123967,121,7.48243243243243,6.58297872340426,6.81333333333333,7.33,7.06813186813187,74,47,15,30,91,4565,2694,1871,630,1256,3309,7.25934054107338,7.59545285820342,6.77538191876002,6.8384126984127,7.2675469745223,7.25622561801148,50
"56",2011,1,7.01510067114094,149,7.36733333333333,6.65810810810811,6.91666666666667,7.16,6.97857142857143,75,74,18,30,119,4714,2769,1945,648,1286,3428,7.25162061306746,7.58927410617552,6.7709200874036,6.84058641975309,7.26503810264386,7.2465870974329,51
"57",2011,2,6.91533333333333,93,7.33018181818182,6.31489473684211,5.89285714285714,6.6183,6.99671232876712,55,38,14,20,73,4807,2824,1983,662,1306,3501,7.24511453505305,7.58422804532578,6.76218132627332,6.82054380664653,7.25513399693721,7.24137691231077,52
"58",2011,3,7.07027027027027,74,7.35217391304348,6.60714285714286,6.53571428571429,7.27692307692308,7.02622950819672,46,28,14,13,61,4881,2870,2011,676,1319,3562,7.24246375128047,7.58050871080139,6.76002266036798,6.8146449704142,7.25534874905231,7.23769246771476,53
"59",2011,4,7.0234375,64,7.36046511627907,6.33333333333333,6.5,6.34444444444444,7.13454545454545,43,21,8,9,55,4945,2913,2032,684,1328,3617,7.23962903336704,7.5772605561277,6.75561297736221,6.8109649122807,7.24917545180723,7.23612401714127,54
"60",2011,5,6.99473684210526,76,7.51388888888889,6.5275,6.36666666666667,6.5625,7.14910714285714,36,40,15,20,56,5021,2949,2072,699,1348,3673,7.23592224058952,7.57648694472703,6.7512092519305,6.80143061516452,7.23898738872404,7.23479732371358,55
"61",2011,6,6.94137931034483,58,7.29310344827586,6.58965517241379,6,7.55555555555556,6.82857142857143,29,29,11,9,49,5079,2978,2101,710,1357,3722,7.23255868674936,7.57372733378106,6.74897932889101,6.78901408450704,7.24108695652174,7.22944937399247,56
"62",2011,7,6.79606557377049,61,6.98310344827586,6.6265625,6.328125,6.41666666666667,6.88897959183673,29,32,16,12,49,5140,3007,2133,726,1369,3771,7.2273785155642,7.56803126039242,6.74714278949836,6.77885674931129,7.23386048210373,7.22502534341023,57
"63",2011,8,6.74166666666667,78,6.93289473684211,6.56,6.11,6.03333333333333,6.91031746031746,38,40,20,15,63,5218,3045,2173,746,1384,3834,7.22011797048677,7.56010509031199,6.74369791532444,6.76092493297587,7.22084898843931,7.21985408711528,58
"64",2011,9,7.14032258064516,62,7.30857142857143,6.92222222222222,6.75,7.17647058823529,7.12666666666667,35,27,10,17,45,5280,3080,2200,756,1401,3879,7.21918097916666,7.55724675324675,6.74588889545455,6.76078042328042,7.22031049250536,7.21877302655323,59
"65",2011,10,7.31860465116279,86,7.57307692307692,6.92941176470588,7.13,7.36666666666667,7.31298701298701,52,34,10,9,77,5366,3132,2234,766,1410,3956,7.22077442601565,7.55750957854406,6.7486819919427,6.76560052219321,7.22124468085106,7.22060681749241,60
"66",2011,11,7.08606557377049,122,7.47916666666667,6.70564516129032,6.664,7.22,7.05154639175258,60,62,25,25,97,5488,3192,2296,791,1435,4053,7.21777980502915,7.55603696741855,6.74751984756098,6.76238938053097,7.22122299651568,7.21656071305206,61
"67",2011,12,7.11644736842105,76,7.38191489361702,6.68620689655172,6.20833333333333,6.765625,7.21,47,29,12,16,60,5564,3239,2325,803,1451,4113,7.21639568116463,7.55351034269836,6.74675508387097,6.7541095890411,7.21619917298415,7.21646500607828,62
"68",2012,1,6.95504587155963,109,7.46,6.33673469387755,6.23809523809524,7.05555555555556,6.93516483516484,60,49,21,18,91,5673,3299,2374,824,1469,4204,7.21137415300546,7.55180963928463,6.73829215248526,6.74095873786408,7.21423076923077,7.21037596812559,63
"69",2012,2,7.17651685393258,89,7.45576923076923,6.78405405405405,6.78571428571429,7.29166666666667,7.134,52,37,14,24,65,5762,3351,2411,838,1493,4269,7.21083574626865,7.55031930766935,6.73899442969722,6.74170644391408,7.2154755525787,7.2092130639494,64
"70",2012,3,6.98571428571429,70,7.26315789473684,6.65625,6.22222222222222,6.86315789473684,7.03137254901961,38,32,9,19,51,5832,3389,2443,847,1512,4320,7.20813367112483,7.54709943936264,6.73791058943921,6.736186540732,7.21104828042328,7.20711355787037,65
"71",2012,4,7.23714285714286,70,7.4875,6.69090909090909,6.83333333333333,6.70769230769231,7.35789473684211,48,22,9,13,57,5902,3437,2465,856,1525,4377,7.20847773127753,7.5462670933954,6.73749110344828,6.73720794392523,7.20675737704918,7.20907712360064,66
"72",2012,5,6.98571428571429,63,7.34444444444444,6.50740740740741,6.53333333333333,7.04166666666667,6.97254901960784,36,27,12,12,51,5965,3473,2492,868,1537,4428,7.20612499077954,7.54417506478549,6.7349982223114,6.73438940092166,7.20546844502277,7.2063528839205,67
"73",2012,6,6.95166666666667,60,7.21944444444444,6.55,6.27,7.33571428571429,6.83478260869565,36,24,10,14,46,6025,3509,2516,878,1551,4474,7.2035909659751,7.54084354516957,6.73323353338633,6.72910022779043,7.20664410058027,7.20253253687975,68
"74",2012,7,6.84859649122807,57,7.03275862068966,6.65785714285714,6.18181818181818,6.77777777777778,6.861875,29,28,11,9,48,6082,3538,2544,889,1560,4522,7.20026398717527,7.53667891464104,6.73240391902516,6.72232845894263,7.20416987179487,7.19891653471915,69
"75",2012,8,6.85714285714286,56,7.17307692307692,6.58333333333333,6.35,7.03846153846154,6.80232558139535,26,30,10,13,43,6138,3564,2574,899,1573,4565,7.19713352394917,7.53402637485971,6.7306664996115,6.71818687430478,7.20280038143675,7.19518084775465,70
"76",2012,9,7.01830985915493,71,7.25348837209302,6.65714285714286,6.41666666666667,6.86111111111111,7.07169811320755,43,28,12,18,53,6209,3607,2602,911,1591,4618,7.19508867289418,7.53068200720821,6.7298753151422,6.7142151481888,7.19893463230673,7.19376365742745,71
"77",2012,10,6.78441558441558,77,7.47894736842105,6.10769230769231,6.08,7,6.71864406779661,38,39,15,18,59,6286,3645,2641,926,1609,4677,7.19005815622017,7.5301426611797,6.72068745550928,6.70394168466523,7.19670913610939,7.18777005986743,72
"78",2012,11,6.9265,100,7.255,6.598,6.96666666666667,6.91666666666667,6.92865853658537,50,50,9,18,82,6386,3695,2691,935,1627,4759,7.18593103194488,7.52641948579161,6.71840786696396,6.70647058823529,7.19361094038107,7.18330543601597,73
"79",2012,12,6.7277027027027,74,7.1890243902439,6.15454545454545,5.89166666666667,7.21111111111111,6.66076923076923,41,33,12,9,65,6460,3736,2724,947,1636,4824,7.18068197678018,7.52271680942184,6.71157693465492,6.69614572333685,7.19370721271394,7.17626462893864,74
"80",2013,1,6.94905982905983,117,7.27985074626866,6.5058,6.53571428571429,7.1995,6.89742268041237,67,50,14,20,97,6577,3803,2774,961,1656,4921,7.1765615888703,7.51843807520379,6.70786790555155,6.69380853277835,7.19377717391304,7.17076825238772,75
"81",2013,2,6.9875,80,7.5,6.5,6.67857142857143,6.40625,7.1328125,39,41,14,16,64,6657,3842,2815,975,1672,4985,7.17428955535526,7.51825091098386,6.70484034458259,6.69358974358974,7.18624102870814,7.17028095687061,76
"82",2013,3,6.88548387096774,62,7.14722222222222,6.52307692307692,6.47333333333333,7.175,6.816,36,26,15,12,50,6719,3878,2841,990,1684,5035,7.17162458252716,7.5148066013409,6.70317689897923,6.69025252525253,7.1861609263658,7.16676277457795,77
"83",2013,4,7.16029411764706,68,7.21521739130435,7.04545454545455,6.9,7.01111111111111,7.18305084745763,46,22,10,9,59,6787,3924,2863,1000,1693,5094,7.17151106085163,7.51129459734964,6.70580704505763,6.69235,7.18523036030715,7.16695142716922,78
"84",2013,5,7.11071428571429,70,7.35,6.87142857142857,6.81818181818182,6.921875,7.16666666666667,35,35,11,16,54,6857,3959,2898,1011,1709,5148,7.17089041417529,7.50986865370043,6.70780730503796,6.69371909000989,7.18276477472206,7.16694844017094,79
"85",2013,6,7.11363636363636,66,7.25,6.90384615384615,7.27272727272727,7,7.13888888888889,40,26,11,12,54,6923,3999,2924,1022,1721,5202,7.17034458616207,7.50726931732933,6.70955046853625,6.69995107632094,7.18149041255084,7.16665716455209,80
"86",2013,7,7.02538461538462,65,7.28243243243243,6.68571428571429,6.77272727272727,7.33333333333333,6.95566037735849,37,28,11,12,53,6988,4036,2952,1033,1733,5255,7.16899621780194,7.50520812685828,6.7093243800813,6.70072604065828,7.18254183496826,7.16452912844909,81
"87",2013,8,6.91911764705882,68,7.32432432432432,6.43548387096774,6.4375,7.55555555555556,6.82203389830508,37,31,8,9,59,7056,4073,2983,1041,1742,5314,7.16658809098639,7.50356493984778,6.70647856855515,6.69870317002882,7.18446900114811,7.16072649040271,82
"88",2013,9,6.8375,60,7.07142857142857,6.51,6.5,7.5,6.705,35,25,8,10,50,7116,4108,3008,1049,1752,5364,7.16381331787521,7.49988315481987,6.70484560172872,6.69718779790276,7.18626997716895,7.15647848061148,83
"89",2013,10,7.00384615384615,78,7.24871794871795,6.75897435897436,6.25384615384615,6.4375,7.06857142857143,39,39,13,8,70,7194,4147,3047,1062,1760,5434,7.16207889491243,7.49752109959007,6.7055384213981,6.69176082862524,7.18286647727273,7.15534607471476,84
"90",2013,11,6.7593137254902,102,7.16637931034483,6.22272727272727,6.07142857142857,6.9,6.725,58,44,14,20,82,7296,4205,3091,1076,1780,5516,7.15644813185307,7.49295362663496,6.69866566483339,6.68368959107807,7.17968820224719,7.14894861675127,85
"91",2013,12,6.66075949367089,79,7.04285714285714,6.22702702702703,5.53846153846154,6.58571428571429,6.67692307692308,42,37,13,14,65,7375,4247,3128,1089,1794,5581,7.15113838237288,7.48850247233341,6.69308681905371,6.67001836547291,7.17505295429209,7.14345109657767,86
"92",2014,1,6.925,106,7.10769230769231,6.63536585365854,6.51071428571429,6.953125,6.92,65,41,14,16,90,7481,4312,3169,1103,1810,5671,7.14793417591231,7.4827620593692,6.69234003471127,6.66799637352674,7.173091160221,7.13990487921002,87
"93",2014,2,6.79225,80,7.1425,6.442,6.73,6.63333333333333,6.84881355932203,40,40,20,21,59,7561,4352,3209,1123,1831,5730,7.14417081999735,7.4796346507353,6.68921956061078,6.66910062333036,7.16690060076461,7.13690760383944,88
"94",2014,3,6.91071428571429,84,7.26458333333333,6.43888888888889,5.76666666666667,6.60416666666667,7.03333333333333,48,36,15,24,60,7645,4400,3245,1138,1855,5790,7.14160569914977,7.47728863636364,6.686442394453,6.65720562390158,7.15961994609165,7.13583429533679,89
"95",2014,4,6.6378,65,6.96923076923077,6.14065384615385,6.20833333333333,6.84444444444444,6.55865957446809,39,26,12,18,47,7710,4439,3271,1150,1873,5837,7.13735830998703,7.47282496057671,6.68210411800673,6.65252173913043,7.15659103043246,7.13118683741648,90
"96",2014,5,6.84137931034483,58,7.26176470588235,6.24583333333333,6.675,6.87777777777778,6.83469387755102,34,24,8,9,49,7768,4473,3295,1158,1882,5886,7.13514837409887,7.471220657277,6.67892642488619,6.65267702936097,7.15525770456961,7.12871858137954,91
"97",2014,6,7.06046511627907,43,7.25454545454545,6.85714285714286,6.5,6.84,7.08947368421053,22,21,4,5,38,7811,4495,3316,1162,1887,5924,7.13473723850979,7.47016017797553,6.68005505729795,6.65215146299484,7.15442236354001,7.12846684166104,92
"98",2014,7,6.90945945945946,74,7.25714285714286,6.453125,6.7,6.83333333333333,6.91617647058824,42,32,15,6,68,7885,4537,3348,1177,1893,5992,7.13262302726696,7.468188230108,6.67788607228196,6.65276125743415,7.15340464870576,7.12605767189586,93
"99",2014,8,6.65691176470588,68,7.20540540540541,6.00225806451613,6.08333333333333,6.20833333333333,6.70032258064516,37,31,6,6,62,7953,4574,3379,1183,1899,6054,7.12855558531372,7.46606252732838,6.67168765019237,6.64987320371936,7.15041864139021,7.12169764948794,94
"100",2014,9,6.42090909090909,55,7.145,6.00714285714286,6.30454545454545,5.65555555555556,6.57065217391304,20,35,11,9,46,8008,4594,3414,1194,1908,6100,7.12369537587413,7.46466478014802,6.66487480082015,6.64669179229481,7.14336740041929,7.11754222459016,95
"101",2014,10,6.92361445783133,83,7.36184210526316,6.55355555555556,6.48947368421053,6.33333333333333,6.99540540540541,38,45,19,9,74,8091,4632,3459,1213,1917,6174,7.12164288345075,7.46382124352332,6.66342658860943,6.64422918384171,7.13956442357851,7.11607832361516,96
"102",2014,11,6.67702702702703,74,7.15,6.35454545454545,6.18947368421053,7.35714285714286,6.60597014925373,30,44,19,7,67,8165,4662,3503,1232,1924,6241,7.11761329699939,7.4618018018018,6.65954683699686,6.63721590909091,7.14035602910603,7.1106020781926,97
"103",2014,12,6.999625,80,7.19934782608696,6.72941176470588,6.77142857142857,6.94411764705882,7.01460317460317,46,34,14,17,63,8245,4708,3537,1246,1941,6304,7.1164684742268,7.45923746813934,6.66021842521911,6.63872391653291,7.13863730036064,7.1096426982868,98
"104",2015,1,7.07244897959184,98,7.23380281690141,6.64814814814815,6.1,7.26470588235294,7.0320987654321,71,27,10,17,81,8343,4779,3564,1256,1958,6385,7.11595140477047,7.4558882611425,6.66012698372615,6.6344347133758,7.13973186925434,7.10865897729053,99
"105",2015,2,7.00418918918919,74,7.29861111111111,6.72526315789474,6.875,6.84615384615385,7.03786885245902,36,38,12,13,61,8417,4815,3602,1268,1971,6446,7.11496882143281,7.45471235721703,6.66081415047196,6.63671135646688,7.13779553526129,7.10798907384424,100
"106",2015,3,7.13666666666667,75,7.387,6.636,6.5625,7.50769230769231,7.05887096774194,50,25,8,13,62,8492,4865,3627,1276,1984,6508,7.11516045336787,7.45401644398767,6.66064311276537,6.6362460815047,7.14021925403226,7.10752113859865,101
"107",2015,4,6.81363636363636,66,7.06206896551724,6.61891891891892,6.5,6.76428571428571,6.82692307692308,29,37,14,14,52,8558,4894,3664,1290,1998,6560,7.11283507478383,7.45169391091132,6.66022177128821,6.63476744186047,7.13758508508509,7.10529688567073,102
"108",2015,5,6.72627118644068,59,7.128125,6.25,6.75,6.8,6.71122448979592,32,27,8,10,49,8617,4926,3691,1298,2008,6609,7.11018829871185,7.44959196102314,6.65722096179897,6.63547765793529,7.13590388446215,7.10237518081404,103
"109",2015,6,7.03529411764706,51,7.40357142857143,6.58695652173913,6.61111111111111,6.4,7.10434782608696,28,23,9,5,46,8668,4954,3714,1307,2013,6655,7.10974764305491,7.44933185304804,6.65678582929456,6.63530986993114,7.13407600596125,7.10238881592787,104
"110",2015,7,6.99469696969697,66,7.27439024390244,6.536,6.575,6.86333333333333,7.03333333333333,41,25,12,15,51,8734,4995,3739,1319,2028,6706,7.10887824250057,7.4478958958959,6.65597822144959,6.63476118271418,7.1320734714004,7.10186364002386,105
"111",2015,8,6.93518518518519,81,7.22448979591837,6.4921875,6.81666666666667,6.79090909090909,6.95785714285714,49,32,15,11,70,8815,5044,3771,1334,2039,6776,7.10728219739081,7.4457256145916,6.65458832405198,6.63680659670165,7.13023295733203,7.10037596959858,106
"112",2015,9,7.1046875,64,7.42368421052632,6.63846153846154,6.42222222222222,6.85,7.15185185185185,38,26,9,10,54,8879,5082,3797,1343,2049,6830,7.10726349476292,7.44556080283353,6.65447789570714,6.63536857781087,7.12886530014642,7.10078295314788,107
"113",2015,10,6.79591836734694,98,7.19038461538462,6.35,5.96875,6.17272727272727,6.87471264367816,52,46,16,11,87,8977,5134,3843,1359,2060,6917,7.10386460621588,7.44297623685236,6.65083335154827,6.62752023546726,7.12375970873787,7.09793950701171,108
"114",2015,11,6.83069306930693,101,7.30531914893617,6.41759259259259,6.25,7.03214285714286,6.79827586206897,47,54,18,14,87,9078,5181,3897,1377,2074,7004,7.10082535470368,7.44172746574021,6.64760137798306,6.62258533042847,7.12314127290261,7.094217243004,109
"115",2015,12,7.11142857142857,70,7.41860465116279,6.62222222222222,6.54,6.99,7.13166666666667,43,27,10,10,60,9148,5224,3924,1387,2084,7064,7.10090648994316,7.44153713629403,6.64742675076453,6.62198990627253,7.12250239923225,7.09453532984145,110
"116",2016,1,6.71176470588235,102,7.00192307692308,6.41,6.625,6.80625,6.69418604651163,52,50,16,16,86,9250,5276,3974,1403,2100,7150,7.09661541297297,7.43720432145565,6.64443949924509,6.62202423378475,7.12009285714286,7.08971993986014,111
"117",2016,2,6.75816091954023,87,7.08576923076923,6.27142857142857,5.63333333333333,6.34375,6.85154929577465,52,35,15,16,71,9337,5328,4009,1418,2116,7221,7.09346177251794,7.4337743993994,6.64118298079322,6.61156558533145,7.11422258979206,7.08737814291649,112
"118",2016,3,6.67666666666667,75,7.15161290322581,6.34204545454545,6.32352941176471,7.03,6.62230769230769,31,44,17,10,65,9412,5359,4053,1435,2126,7286,7.09014051954951,7.43214219070722,6.6379354971626,6.60815331010453,7.11382643461901,7.08322914768048,113
"119",2016,4,6.9483950617284,81,7.29116279069767,6.56052631578947,6.125,7.42857142857143,6.90297297297297,43,38,8,7,74,9493,5402,4091,1443,2133,7360,7.08893106183504,7.43101999259534,6.63721646785627,6.6054747054747,7.11485935302391,7.08141678940217,114
"120",2016,5,6.99191176470588,68,7.3125,6.63125,6.98181818181818,7.03636363636364,6.98333333333333,36,32,11,11,57,9561,5438,4123,1454,2144,7417,7.08824103859429,7.43023538065465,6.63717016007761,6.60832187070151,7.11445662313433,7.08066301334771,115
"121",2016,6,6.77377049180328,61,6.94358974358974,6.47272727272727,6.27777777777778,7.375,6.68301886792453,39,22,9,8,53,9622,5477,4145,1463,2152,7470,7.08624740906257,7.42677012963301,6.63629736308806,6.60628844839371,7.11542518587361,7.07784170950468,116
"122",2016,7,7.080625,80,7.32954545454545,6.77638888888889,7.03125,6.75,7.12253521126761,44,36,8,9,71,9702,5521,4181,1471,2161,7541,7.08620104823748,7.42599529070821,6.63750360440086,6.60859959211421,7.11390328551597,7.07826250762498,117
"123",2016,8,7.09223300970874,103,7.32622950819672,6.75238095238095,6.62352941176471,7.86923076923077,6.98,61,42,17,13,90,9805,5582,4223,1488,2174,7631,7.08626441305456,7.42490505195271,6.63864612124082,6.60877016129032,7.11841996320147,7.07710359979033,118
"124",2016,9,7.04479166666667,96,7.15645161290323,6.84117647058823,6.37,6.88461538461539,7.06987951807229,62,34,10,13,83,9901,5644,4257,1498,2187,7714,7.08586229370771,7.42195605953225,6.64026369978858,6.60717623497997,7.11703017832648,7.07702587114337,119
"125",2016,10,7.16115044247788,113,7.53057971014493,6.58181818181818,6.60666666666667,7.64705882352941,7.07510416666667,69,44,15,17,96,10014,5713,4301,1513,2204,7810,7.08671186039545,7.42326798529669,6.63966579167635,6.60717118307997,7.12111842105263,7.0770022496799,120
"126",2016,11,7.01909090909091,110,7.41818181818182,6.42045454545455,6.41818181818182,7.625,6.97156862745098,66,44,11,8,102,10124,5779,4345,1524,2212,7912,7.08597714045832,7.42320989790621,6.63744593095512,6.60580708661417,7.12294077757686,7.0756430194641,121
"127",2016,12,7.16111111111111,108,7.52058823529412,6.55,6.58461538461538,7.275,7.146875,68,40,13,12,96,10232,5847,4385,1537,2224,8008,7.08677018862393,7.42434239781084,6.63664824857469,6.60562784645413,7.1237612410072,7.0764969493007,122
"128",2017,1,6.96803278688525,122,7.14177215189873,6.64883720930233,6.6,6.95238095238095,6.97128712871287,79,43,16,21,101,10354,5926,4428,1553,2245,8109,7.08537111937416,7.42057543030712,6.63676661472448,6.60556986477785,7.12215812917595,7.07518652978172,123
"129",2017,2,6.98901098901099,91,7.17358490566038,6.73157894736842,6.70833333333333,6.83333333333333,7.00609756097561,53,38,12,9,82,10445,5979,4466,1565,2254,8191,7.08453160076592,7.41838601772872,6.63757334751455,6.60635782747604,7.12100488021296,7.07449488096691,124
"130",2017,3,6.88282828282828,99,7.165,6.44871794871795,6.425,7.14615384615385,6.84302325581395,60,39,20,13,86,10544,6039,4505,1585,2267,8277,7.08263776270865,7.41586852127836,6.6359384173141,6.60406940063092,7.12114909572122,7.07208983568926,125
"131",2017,4,6.84819277108434,83,7.22448979591837,6.30588235294118,6.48,6.88214285714286,6.84130434782609,49,34,15,14,69,10627,6088,4539,1600,2281,8346,7.08080667827233,7.41432818659658,6.63346608724389,6.60290625,7.11968215694871,7.07018183201533,126
"132",2017,5,6.93347222222222,72,7.28916666666667,6.57777777777778,6.72727272727273,6.87285714285714,6.94,36,36,11,7,65,10699,6124,4575,1611,2288,8411,7.07981517618469,7.41359242325278,6.63302788415301,6.60375543140906,7.11892701048951,7.06917579003685,127
"133",2017,6,6.83637362637363,91,7.13333333333333,6.50488372093023,6.34210526315789,6.79166666666667,6.84316455696203,48,43,19,12,79,10790,6172,4618,1630,2300,8490,7.07776205468026,7.41141283214517,6.63183468384582,6.60070552147239,7.11721956521739,7.06707274087161,128
"134",2017,7,7.09189189189189,111,7.58333333333333,6.62631578947368,6.768,7.63333333333333,7.00729166666667,54,57,25,15,96,10901,6226,4675,1655,2315,8586,7.07790593248326,7.4129039511725,6.63176739465241,6.60323262839879,7.12056371490281,7.06640432914046,129
"135",2017,8,7.03333333333333,93,7.23125,6.82222222222222,6.66666666666667,6.9375,7.04235294117647,48,45,18,8,85,10994,6274,4720,1673,2323,8671,7.07752888575587,7.41151418552758,6.63358317161017,6.60391512253437,7.11993327593629,7.0661685584131,130
"136",2017,9,6.80345238095238,84,7.50975,6.16136363636364,6.26363636363636,6.67142857142857,6.82985714285714,40,44,11,14,70,11078,6314,4764,1684,2337,8741,7.07545067430944,7.41213652201457,6.62922178211587,6.60169239904988,7.11724646983312,7.06427612058117,131
"137",2017,10,6.76821428571429,112,7.10241379310345,6.40925925925926,6.74705882352941,6.64166666666667,6.7834,58,54,17,12,100,11190,6372,4818,1701,2349,8841,7.07237556478999,7.40931732580038,6.62675644873391,6.60314520870077,7.11481694338016,7.06109914828639,132
"138",2017,11,6.83056179775281,89,7.06444444444444,6.59136363636364,6.33333333333333,6.65,6.85341772151899,45,44,15,10,79,11279,6417,4862,1716,2359,8920,7.07046746786063,7.40689886239676,6.62643615178939,6.60078671328671,7.11284654514625,7.05925981726457,133
"139",2017,12,6.84791666666667,96,7.00181818181818,6.64146341463415,6.75,7,6.83218390804598,55,41,8,9,87,11375,6472,4903,1724,2368,9007,7.06858923692308,7.40345642768851,6.62656181317561,6.60147911832947,7.11241765202703,7.0570664560897,134
"140",2018,1,7.11207692307692,130,7.32765432098765,6.75571428571429,6.55882352941176,7.27777777777778,7.0997520661157,81,49,17,9,121,11505,6553,4952,1741,2377,9128,7.0690806232073,7.40251945673737,6.62783977584814,6.60106260769673,7.11304375262937,7.05763229294478,135
"141",2018,2,7.03778947368421,95,7.35393442622951,6.47058823529412,6.30769230769231,7.1,7.03047058823529,61,34,13,10,85,11600,6614,4986,1754,2387,9213,7.06882435948276,7.40207136377381,6.62676746289611,6.59888825541619,7.11298910766653,7.05738169651579,136
"142",2018,3,6.86392405063291,79,7.09891304347826,6.53636363636364,6.28571428571429,6.75,6.87676056338028,46,33,14,8,71,11679,6660,5019,1768,2395,9284,7.06743835687987,7.39997747747748,6.62617305638573,6.59640837104073,7.11177661795407,7.05600038453252,137
"143",2018,4,6.96915492957746,71,7.44547619047619,6.27931034482759,6.04444444444444,7.1,6.96134328358209,42,29,9,4,67,11750,6702,5048,1777,2399,9351,7.06684447404255,7.40026260817666,6.62418038232963,6.59361283061339,7.11175698207587,7.05532216554379,138
"144",2018,5,6.63135135135135,74,6.93446977272727,6.18677766666667,6.35,6.07541625,6.69873742424242,44,30,10,8,66,11824,6746,5078,1787,2407,9417,7.06411895889716,7.39722452860955,6.62159627806223,6.59224958030218,7.10831255920233,7.05282300520335,139
"145",2018,6,6.83739130434783,46,7.1025,6.63346153846154,6.42307692307692,7.2425,6.79880952380952,20,26,13,4,42,11870,6766,5104,1800,2411,9459,7.06324031760741,7.39635333579663,6.62165672021943,6.59102777777778,7.10853518457072,7.05169513056348,140
"146",2018,7,7.07741935483871,62,7.31470588235294,6.78928571428571,7.1375,7,7.08571428571429,34,28,8,6,56,11932,6800,5132,1808,2417,9515,7.06331399346296,7.39594509852941,6.62257129773967,6.59344579646018,7.10826575506827,7.05189534839726,141
"147",2018,8,6.84207317073171,82,7.03222222222222,6.61081081081081,6.94444444444444,7.55555555555556,6.7541095890411,45,37,9,9,73,12014,6845,5169,1817,2426,9588,7.06180394289995,7.39355393279766,6.62248711549623,6.5951843698404,7.10992511541633,7.04962810179391,142
"148",2018,9,6.9296875,64,7.375,6.484375,6,7,6.92372881355932,32,32,8,5,59,12078,6877,5201,1825,2431,9647,7.06110387232986,7.39346759778973,6.62163735820034,6.59257534246575,7.10969902509256,7.04885811547631,143
"149",2018,10,6.79666666666667,78,7.31421052631579,6.305,6.03571428571429,6.72727272727273,6.80805970149254,38,40,14,11,67,12156,6915,5241,1839,2442,9714,7.05940708868049,7.39303205639913,6.61922074031673,6.58833605220229,7.10797638411139,7.04719726580193,144
"150",2018,11,6.78379746835443,79,7.19208333333333,6.15161290322581,5.9,6.61666666666667,6.79753424657534,48,31,13,6,73,12235,6963,5272,1852,2448,9787,7.05762750878627,7.39164680022979,6.61647114946889,6.58350431965443,7.10677219362745,7.04533506079493,145
"151",2018,12,6.84814814814815,81,7.20243902439024,6.485,6.1,6.16666666666667,6.90266666666667,41,40,10,6,75,12316,7004,5312,1862,2454,9862,7.05624980269568,7.39053921616219,6.61548115587349,6.58090762620838,7.10447364710677,7.04425007503549,146
"152",2019,1,6.7632996969697,99,7.22484854545455,6.18636363636364,5.92105263157895,7.7,6.71347521276596,55,44,19,5,94,12415,7059,5356,1881,2459,9956,7.05391375271849,7.38924824196062,6.61195591859596,6.57424242424243,7.10568455876373,7.04112705002009,147
"153",2019,2,6.7348275862069,87,6.87924528301887,6.50970588235294,5.95727272727273,7.16666666666667,6.685,53,34,11,9,78,12502,7112,5390,1892,2468,10034,7.05169326827708,7.38544760123735,6.61131092764378,6.57065539112051,7.10590694084279,7.03835867151684,148
"154",2019,3,6.5415,94,6.9734693877551,6.07113333333333,5.59375,6.38461538461539,6.56667901234568,49,45,16,13,81,12596,7161,5435,1908,2481,10115,7.04788585582725,7.38262859097892,6.60683843606256,6.56246331236897,7.10212750100766,7.03458150370736,149
"155",2019,4,6.95890410958904,73,7.23,6.63030303030303,6.36923076923077,6.90909090909091,6.96774193548387,40,33,13,11,62,12669,7201,5468,1921,2492,10177,7.04737313442261,7.38178077211499,6.60698004754938,6.56115564809995,7.10127541332264,7.03417430578756,150
"156",2019,5,6.53333333333333,60,6.79090909090909,6.21851851851852,5.93636363636364,5.8,6.68,33,27,11,10,50,12729,7234,5495,1932,2502,10227,7.0449501327677,7.37908533867846,6.60507131938125,6.5575983436853,7.09607447242207,7.03244274078419,151
"157",2019,6,6.8328125,64,7.15121951219512,6.26521739130435,5.2,7.38571428571429,6.76491228070175,41,23,5,7,57,12793,7275,5518,1937,2509,10284,7.04388886422262,7.37780114639175,6.60365474809714,6.55409395973154,7.09688255480271,7.03095992901594,152
"158",2019,7,6.742333375,80,7.10666674418605,6.31891891891892,6.27272727272727,6.77083333333333,6.73730397058824,43,37,11,12,68,12873,7318,5555,1948,2521,10352,7.0420148302649,7.37620798168899,6.60175821782178,6.55250513347023,7.09533055533519,7.0290309679289,153
"159",2019,8,6.5751724137931,87,7.07857142857143,6.10533333333333,6.3125,6.16363636363636,6.63473684210526,42,45,16,11,76,12960,7360,5600,1964,2532,10428,7.03888093441358,7.37450951222826,6.59776908928571,6.55054989816701,7.0912829107425,7.02615732451093,154
"160",2019,9,6.90941176470588,85,7.15,6.53030303030303,6.29166666666667,6.59090909090909,6.95675675675676,52,33,12,11,74,13045,7412,5633,1976,2543,10502,7.03803732541204,7.37293443200216,6.5973738505237,6.54897773279352,7.08911849390484,7.02566830889354,155
"161",2019,10,6.76697368421053,76,7.01630434782609,6.38466666666667,6.244,6.625,6.77914285714286,46,30,10,6,70,13121,7458,5663,1986,2549,10572,7.03646725935523,7.37073478278359,6.59624702454529,6.54744209466264,7.0880260219694,7.02403599886492,156
"162",2019,11,6.91375,88,7.35765957446809,6.40487804878049,6.225,7.4375,6.861375,47,41,20,8,80,13209,7505,5704,2006,2557,10652,7.03564970171853,7.3706528994004,6.59487147615708,6.54422731804586,7.08911940946422,7.02281436162223,157
"163",2019,12,6.83095170454545,88,7.35578125,5.9125,5.71428571428571,6.675,6.85557565789474,56,32,7,12,76,13297,7561,5736,2013,2569,10728,7.03429500338422,7.37054275360402,6.59106466178521,6.54134128166915,7.08718502530168,7.02162959824757,158
"164",2020,1,6.92142857142857,126,7.18513513513513,6.54615384615385,6.66,7.14,6.90258620689655,74,52,15,10,116,13423,7635,5788,2028,2579,10844,7.0332355404902,7.36874574459725,6.59066117829993,6.54221893491124,7.08738981388135,7.02035617207672,159
"165",2020,2,6.75256637168142,113,7.03914285714286,6.28604651162791,6.1875,6.20833333333333,6.81722772277228,70,43,8,12,101,13536,7705,5831,2036,2591,10945,7.03089248374705,7.36575129915639,6.58841483450523,6.54082514734774,7.08331853724431,7.01848171128369,160
"166",2020,3,6.84618055555556,72,7.29539473684211,6.34411764705882,6.3,6.88888888888889,6.84007936507937,38,34,5,9,63,13608,7743,5865,2041,2600,11008,7.02991517195767,7.36540601317319,6.58699861892583,6.54023517883391,7.08264551153847,7.01746069494912,161
"167",2020,4,6.65578947368421,95,6.92592592592593,6.3,5.65384615384615,6.46428571428571,6.68888888888889,54,41,13,14,81,13703,7797,5906,2054,2614,11089,7.02732143764139,7.36236228805951,6.58500624788351,6.53462512171373,7.07933371461362,7.0150606303544,162
"168",2020,5,6.81675324675325,77,7.14479166666667,6.27379310344828,6.16,7.045,6.78268656716418,48,29,14,10,67,13780,7845,5935,2068,2624,11156,7.02614482293179,7.36103107202039,6.58348557708509,6.53208897485493,7.07920286966464,7.01366505288634,163
"169",2020,6,6.73965517241379,87,6.97980769230769,6.38285714285714,5.96666666666667,6.82,6.72922077922078,52,35,12,10,77,13867,7897,5970,2080,2634,11233,7.02434741905243,7.35852080030391,6.58230936348409,6.52882692307692,7.07821880410023,7.01171524347903,164
"170",2020,7,6.79307692307692,65,7.1527027027027,6.31785714285714,6.67,6.79,6.79363636363636,37,28,10,10,55,13932,7934,5998,2090,2644,11288,7.02326842233707,7.35756097302748,6.58107484161387,6.5295023923445,7.07712871785175,7.01065266920623,165
"171",2020,8,6.62032967032967,91,6.769,6.4390243902439,6.5125,6.045,6.69135802469136,50,41,16,10,81,14023,7984,6039,2106,2654,11369,7.02065361620196,7.35387509519038,6.58011043219076,6.52937321937322,7.07323976262246,7.00837781071334,166
"172",2020,9,7.04302083333333,96,7.25052631578947,6.73974358974359,6.425,6.755,7.07651162790698,57,39,10,10,86,14119,8041,6078,2116,2664,11455,7.02080569870388,7.35314248974008,6.58113473181968,6.52887996219282,7.07204516891892,7.0088893347883,167
"173",2020,10,6.68,162,7.1384375,6.38061224489796,6.27222222222222,7.155,6.6130985915493,64,98,18,20,142,14281,8105,6176,2134,2684,11597,7.01693968629648,7.35144710178902,6.57795286593264,6.52671508903468,7.07266331222057,7.00404305682504,168
"174",2020,11,6.85802919708029,137,7.3,6.40955882352941,6.6,7.50769230769231,6.78991935483871,69,68,5,13,124,14418,8174,6244,2139,2697,11721,7.01542971702039,7.35101281624663,6.57611897821909,6.52688639551192,7.07476022617724,7.00177777749338,169
"175",2020,12,6.665625,128,7.16065573770492,6.21492537313433,6.31428571428571,6.85,6.62735849056604,61,67,21,22,106,14546,8235,6311,2160,2719,11827,7.01235155094184,7.34960276381299,6.5722844081762,6.52481944444445,7.07294164398676,6.99842202840957,170
"176",2021,1,7.0468345323741,139,7.33121951219512,6.63771929824561,6.24,6.88636363636364,7.060625,82,57,10,11,128,14685,8317,6368,2170,2730,11955,7.01267794756554,7.34942151737405,6.57287011620603,6.5235069124424,7.07218986446887,6.99908802425763,171
"177",2021,2,6.73368421052632,95,7.20740740740741,6.10975609756098,5.27272727272727,6.68181818181818,6.74047619047619,54,41,11,11,84,14780,8371,6409,2181,2741,12039,7.01088468606225,7.34850540676144,6.56990745826182,6.51719853278313,7.07062325063846,6.99728360578121,172
"178",2021,3,7.06414634146341,123,7.34986486486487,6.63265306122449,6.8,6.83846153846154,7.09081818181818,74,49,10,13,110,14903,8445,6458,2191,2754,12149,7.01132427430719,7.34851731912374,6.5703835397956,6.51848927430397,7.06952735294118,6.99813049057535,173
"179",2021,4,6.57684210526316,95,6.98297872340426,6.17916666666667,6.6,6.96666666666667,6.53604651162791,47,48,12,9,86,14998,8492,6506,2203,2763,12235,7.00857218695826,7.34649420160151,6.56749721795266,6.51893327280981,7.06919230184582,6.99488249530036,174
"180",2021,5,6.77608695652174,92,7.40833333333333,6.08636363636364,5.96666666666667,5.87272727272727,6.89876543209877,48,44,15,11,81,15090,8540,6550,2218,2774,12316,7.00715478197482,7.34684177517564,6.56426517557252,6.51519837691614,7.06444784787311,6.99425035157518,175
"181",2021,6,6.97083333333333,72,7.3531914893617,6.252,6.0375,7.22,6.93064516129032,47,25,8,10,62,15162,8587,6575,2226,2784,12378,7.00698230180715,7.34687652963782,6.56307785551331,6.51348158131177,7.06500658405173,6.99393176038132,176
"182",2021,7,6.76704545454545,88,7.30980392156863,6.01891891891892,5.9,7.2,6.72375,51,37,10,8,80,15250,8638,6612,2236,2792,12458,7.00559774819672,7.34665764760361,6.56003280399274,6.51073792486583,7.06539338467049,6.99219676753893,177
"183",2021,8,6.53890410958904,73,6.83526315789474,6.21714285714286,6.42857142857143,7.08333333333333,6.49014925373134,38,35,7,6,67,15323,8676,6647,2243,2798,12525,7.00337438230112,7.34441779160903,6.55822730555138,6.51048149799376,7.06543185489636,6.98951116407185,178
"184",2021,9,6.93333333333333,84,7.23958333333333,6.525,5.84444444444444,6.37777777777778,7,48,36,9,9,75,15407,8724,6683,2252,2807,12600,7.00299251379243,7.34384098578633,6.55804831662427,6.50781971580817,7.06322705023157,6.98957359761904,179
"185",2021,10,6.6452380952381,84,7.18780487804878,6.12790697674419,5.875,7.07777777777778,6.59333333333333,41,43,12,9,75,15491,8765,6726,2264,2816,12675,7.00105258924537,7.34311109640616,6.55529837942313,6.50446554770318,7.0632735546875,6.98722898067061,180
"186",2021,11,6.70416666666667,96,7.14615384615385,6.18181818181818,6,6.77272727272727,6.69529411764706,52,44,11,11,85,15587,8817,6770,2275,2827,12760,6.99922407519086,7.34194950209822,6.55287103397341,6.50202637362638,7.0621430244075,6.98528427351097,181
"187",2021,12,6.8247492920354,113,7.24142161764706,6.19511111111111,5.92,6,6.87099691588785,68,45,10,6,107,15700,8885,6815,2285,2833,12867,6.99796830127389,7.34118012718064,6.5505087160675,6.49947921225383,7.05989351570773,6.98433387736069,182
"188",2022,1,6.97806770833333,192,7.16876229508197,6.64571428571429,6.75,7.20745,6.95139534883721,122,70,12,20,172,15892,9007,6885,2297,2853,13039,6.99772787125598,7.33884472410347,6.55147667392883,6.50078798432739,7.06092791097091,6.98389937878671,183
"189",2022,2,6.88157391304348,115,7.58965517241379,6.1610701754386,6.25,6.92222222222222,6.87812264150943,58,57,8,9,106,16007,9065,6942,2305,2862,13145,6.99689337977135,7.34044946828461,6.54827108902334,6.49991757049892,7.06049172955975,6.98304640547736,184
"190",2022,3,6.9367094017094,117,7.28933823529412,6.44734693877551,6.75384615384615,6.99,6.93004807692308,68,49,13,13,104,16124,9133,6991,2318,2875,13249,6.99645666894071,7.34006891820869,6.54756371048491,6.50134167385678,7.06017298434783,6.98263038719903,185
"191",2022,4,6.85579439252336,107,7.114375,6.47093023255814,6.22727272727273,6.97428571428571,6.8475,64,43,11,7,100,16231,9197,7034,2329,2882,13349,6.99552937773397,7.3384983614222,6.54709523741825,6.50004723057106,7.05996437543373,6.98161809873398,186
"192",2022,5,6.79666666666667,105,7.18384615384615,6.1675,5.83333333333333,6.79545454545455,6.7968085106383,65,40,12,11,94,16336,9262,7074,2341,2893,13443,6.9942511832762,7.33741302418484,6.54494881255301,6.49662964545066,7.05895863463533,6.98032582012943,187
"193",2022,6,6.98638554216867,83,7.22490909090909,6.51785714285714,6.25,7.65,6.93467532467532,55,28,6,6,77,16419,9317,7102,2347,2899,13520,6.99421142152384,7.33674889234732,6.54484200225289,6.49599914784832,7.0601819006554,6.98006582840236,188
"194",2022,7,6.9840625,96,7.19166666666667,6.71714285714286,6.16666666666667,8.39285714285714,6.87325842696629,54,42,9,7,89,16515,9371,7144,2356,2906,13609,6.99415242688465,7.33591286202113,6.54585496920493,6.49474108658744,7.06339206125259,6.97936733044309,189
"195",2022,8,6.92990196078431,102,7.1612676056338,6.4,8,7.13571428571429,6.91473684210526,71,31,3,7,95,16617,9442,7175,2359,2913,13704,6.99375803875549,7.33459960072018,6.54522479442509,6.49665536244172,7.06356585307244,6.97891929363689,190
"196",2022,9,6.88035398230088,113,7.36307692307692,6.22666666666667,6.54,6.552,6.93061224489796,65,48,7,15,98,16730,9507,7223,2366,2928,13802,6.99299206993425,7.33479430209319,6.54310783607919,6.49678360101437,7.06094512636612,6.97857629329082,191
"197",2022,10,6.97064220183486,109,7.25793650793651,6.57717391304348,6.25714285714286,6.455,7.02272727272727,63,46,7,10,99,16839,9570,7269,2373,2938,13901,6.9928473977077,7.33428834169279,6.54332341449993,6.49607669616519,7.05888268550035,6.9788907272858,192
"198",2022,11,6.71047619047619,105,7.08358208955224,6.05263157894737,5.875,6.65,6.71684210526316,67,38,8,10,95,16944,9637,7307,2381,2948,13996,6.99109757613315,7.33254533879838,6.54077157520186,6.4939899202016,7.05749570217097,6.97711203200914,193
"199",2022,12,6.88933333333333,120,7.24626865671642,6.43811320754717,5.92857142857143,6.77076923076923,6.90373831775701,67,53,7,13,107,17064,9704,7360,2388,2961,14103,6.99038193448195,7.33194965272053,6.54003232336956,6.4923324958124,7.05623685579197,6.97655534283486,194
