"","year","month","avg_rating","no_ratings","avg_rating_owned","avg_rating_not_owned","avg_rating_prev_owned","avg_rating_comment","avg_rating_no_comment","no_ratings_owned","no_ratings_not_owned","no_ratings_prev_owned","no_ratings_comment","no_ratings_no_comment","cum_no_ratings","cum_no_ratings_owned","cum_no_ratings_not_owned","cum_no_ratings_prev_owned","cum_no_ratings_comment","cum_no_ratings_no_comment","cum_avg_rating","cum_avg_rating_owned","cum_avg_rating_not_owned","cum_avg_rating_prev_owned","cum_avg_rating_comment","cum_avg_rating_no_comment","month_after_release"
"1",2001,8,7,1,7,NA,NA,7,NA,1,0,0,1,0,1,1,0,0,1,0,7,7,NA,NA,7,NA,0
"2",2001,9,8.5,2,8.5,NA,NA,NA,8.5,2,0,0,0,2,3,3,0,0,1,2,8,8,NA,NA,7,8.5,1
"3",2001,10,8.66666666666667,3,10,8,NA,NA,8.66666666666667,1,2,0,0,3,6,4,2,0,1,5,8.33333333333333,8.5,8,NA,7,8.6,2
"4",2001,11,10,2,10,10,NA,NA,10,1,1,0,0,2,8,5,3,0,1,7,8.75,8.8,8.66666666666667,NA,7,9,3
"5",2001,12,9.5,2,10,9,NA,10,9,1,1,0,1,1,10,6,4,0,2,8,8.9,9,8.75,NA,8.5,9,4
"6",2002,1,7,1,NA,7,NA,NA,7,0,1,0,0,1,11,6,5,0,2,9,8.72727272727273,9,8.4,NA,8.5,8.77777777777778,5
"7",2002,3,4,1,4,NA,NA,NA,4,1,0,0,0,1,12,7,5,0,2,10,8.33333333333333,8.28571428571429,8.4,NA,8.5,8.3,7
"8",2002,5,3,1,3,NA,NA,NA,3,1,0,0,0,1,13,8,5,0,2,11,7.92307692307692,7.625,8.4,NA,8.5,7.81818181818182,9
"9",2002,6,8.33333333333333,3,10,7.5,NA,7,9,1,2,0,1,2,16,9,7,0,3,13,8,7.88888888888889,8.14285714285714,NA,8,8,10
"10",2002,7,6,1,NA,6,NA,NA,6,0,1,0,0,1,17,9,8,0,3,14,7.88235294117647,7.88888888888889,7.875,NA,8,7.85714285714286,11
"11",2002,8,8.33333333333333,6,8,9,NA,8.5,8.25,4,2,0,2,4,23,13,10,0,5,18,8,7.92307692307692,8.1,NA,8.2,7.94444444444444,12
"12",2002,10,8.5,2,10,7,NA,NA,8.5,1,1,0,0,2,25,14,11,0,5,20,8.04,8.07142857142857,8,NA,8.2,8,14
"13",2002,11,8.66666666666667,3,10,6,NA,NA,8.66666666666667,2,1,0,0,3,28,16,12,0,5,23,8.10714285714286,8.3125,7.83333333333333,NA,8.2,8.08695652173913,15
"14",2003,1,7.91666666666667,6,7.75,8.25,NA,NA,7.91666666666667,4,2,0,0,6,34,20,14,0,5,29,8.07352941176471,8.2,7.89285714285714,NA,8.2,8.05172413793103,17
"15",2003,2,6.5,2,6.5,NA,NA,NA,6.5,2,0,0,0,2,36,22,14,0,5,31,7.98611111111111,8.04545454545454,7.89285714285714,NA,8.2,7.95161290322581,18
"16",2003,3,6,2,6,6,NA,6,NA,1,1,0,2,0,38,23,15,0,7,31,7.88157894736842,7.95652173913043,7.76666666666667,NA,7.57142857142857,7.95161290322581,19
"17",2003,4,8,1,8,NA,NA,8,NA,1,0,0,1,0,39,24,15,0,8,31,7.88461538461539,7.95833333333333,7.76666666666667,NA,7.625,7.95161290322581,20
"18",2003,5,8.5,2,8.5,NA,NA,8,9,2,0,0,1,1,41,26,15,0,9,32,7.91463414634146,8,7.76666666666667,NA,7.66666666666667,7.984375,21
"19",2003,6,7.85714285714286,7,6.66666666666667,8.75,NA,8,7,3,4,0,6,1,48,29,19,0,15,33,7.90625,7.86206896551724,7.97368421052632,NA,7.8,7.95454545454545,22
"20",2003,7,7.51041666666667,24,7.83823529411765,6.71428571428571,NA,6.16666666666667,7.70238095238095,17,7,0,3,21,72,46,26,0,18,54,7.77430555555556,7.85326086956522,7.63461538461539,NA,7.52777777777778,7.85648148148148,23
"21",2003,8,8.33333333333333,9,9,3,NA,10,7.5,8,1,0,3,6,81,54,27,0,21,60,7.83641975308642,8.02314814814815,7.46296296296296,NA,7.88095238095238,7.82083333333333,24
"22",2003,9,8,5,8,NA,NA,9,7.75,5,0,0,1,4,86,59,27,0,22,64,7.84593023255814,8.02118644067797,7.46296296296296,NA,7.93181818181818,7.81640625,25
"23",2003,10,6.5,4,8,6,NA,7,6,1,3,0,2,2,90,60,30,0,24,66,7.78611111111111,8.02083333333333,7.31666666666667,NA,7.85416666666667,7.76136363636364,26
"24",2003,11,8.5,2,8,9,NA,NA,8.5,1,1,0,0,2,92,61,31,0,24,68,7.80163043478261,8.02049180327869,7.37096774193548,NA,7.85416666666667,7.78308823529412,27
"25",2003,12,10,2,10,NA,NA,10,NA,2,0,0,2,0,94,63,31,0,26,68,7.84840425531915,8.08333333333333,7.37096774193548,NA,8.01923076923077,7.78308823529412,28
"26",2004,1,7.68571428571429,7,7.6,7.9,NA,7.93333333333333,7.5,5,2,0,3,4,101,68,33,0,29,72,7.83712871287129,8.04779411764706,7.4030303030303,NA,8.01034482758621,7.76736111111111,29
"27",2004,2,6.83333333333333,6,7,6.66666666666667,NA,6.5,7,3,3,0,2,4,107,71,36,0,31,76,7.78084112149533,8.00352112676056,7.34166666666667,NA,7.91290322580645,7.72697368421053,30
"28",2004,3,7,3,7,NA,NA,5.5,10,3,0,0,2,1,110,74,36,0,33,77,7.75954545454545,7.96283783783784,7.34166666666667,NA,7.76666666666667,7.75649350649351,31
"29",2004,4,7.9375,8,7.9,8,NA,8,7.91666666666667,5,3,0,2,6,118,79,39,0,35,83,7.77161016949152,7.95886075949367,7.39230769230769,NA,7.78,7.76807228915663,32
"30",2004,5,8,3,8,NA,NA,NA,8,3,0,0,0,3,121,82,39,0,35,86,7.77727272727273,7.96036585365854,7.39230769230769,NA,7.78,7.77616279069767,33
"31",2004,6,7.5,6,7,7.75,NA,7,7.75,2,4,0,2,4,127,84,43,0,37,90,7.76417322834646,7.9375,7.42558139534884,NA,7.73783783783784,7.775,34
"32",2004,7,8.14285714285714,7,7.33333333333333,8.75,NA,8.5,7.66666666666667,3,4,0,4,3,134,87,47,0,41,93,7.7839552238806,7.91666666666667,7.53829787234043,NA,7.81219512195122,7.77150537634409,35
"33",2004,8,8,1,8,NA,NA,8,NA,1,0,0,1,0,135,88,47,0,42,93,7.78555555555555,7.91761363636364,7.53829787234043,NA,7.81666666666667,7.77150537634409,36
"34",2004,9,7.0625,8,8.1,5.33333333333333,NA,5.5,8,5,3,0,3,5,143,93,50,0,45,98,7.74510489510489,7.92741935483871,7.406,NA,7.66222222222222,7.78316326530612,37
"35",2004,10,8.71428571428571,7,8.75,8.66666666666667,NA,8,9,4,3,0,2,5,150,97,53,0,47,103,7.79033333333333,7.96134020618557,7.47735849056604,NA,7.67659574468085,7.84223300970874,38
"36",2004,11,6.6,5,7.33333333333333,5.5,NA,2,7.75,3,2,0,1,4,155,100,55,0,48,107,7.75193548387097,7.9425,7.40545454545455,NA,7.55833333333333,7.83878504672897,39
"37",2004,12,8.88888888888889,9,9.5,8.71428571428571,NA,10,8.33333333333333,2,7,0,3,6,164,102,62,0,51,113,7.81432926829268,7.97303921568627,7.55322580645161,NA,7.70196078431373,7.86504424778761,40
"38",2005,1,7.77692307692308,13,8.87142857142857,6.5,NA,7.78888888888889,7.75,7,6,0,9,4,177,109,68,0,60,117,7.81158192090395,8.03073394495413,7.46029411764706,NA,7.715,7.86111111111111,41
"39",2005,2,7.35714285714286,7,7.25,7.5,NA,8,7.1,4,3,0,2,5,184,113,71,0,62,122,7.79429347826087,8.00309734513274,7.46197183098592,NA,7.7241935483871,7.82991803278689,42
"40",2005,3,6.21818181818182,11,7.6,5.06666666666667,NA,6.05714285714286,6.5,5,6,0,7,4,195,118,77,0,69,126,7.70538461538461,7.98601694915254,7.27532467532468,NA,7.55507246376812,7.78769841269841,43
"41",2005,4,4.33333333333333,3,10,1.5,NA,4.33333333333333,NA,1,2,0,3,0,198,119,79,0,72,126,7.65429292929293,8.00294117647059,7.12911392405063,NA,7.42083333333333,7.78769841269841,44
"42",2005,5,8.6,5,8.66666666666667,8.5,NA,9.5,8,3,2,0,2,3,203,122,81,0,74,129,7.67758620689655,8.01926229508197,7.16296296296296,NA,7.47702702702703,7.79263565891473,45
"43",2005,6,9.1,5,9.1,NA,NA,8.5,10,5,0,0,3,2,208,127,81,0,77,131,7.71177884615385,8.06181102362205,7.16296296296296,NA,7.51688311688312,7.8263358778626,46
"44",2005,7,6.75,4,8.5,5,NA,7.5,6,2,2,0,2,2,212,129,83,0,79,133,7.6936320754717,8.06860465116279,7.11084337349398,NA,7.51645569620253,7.79887218045113,47
"45",2005,8,7.52777777777778,9,8,7.15,NA,8,7.29166666666667,4,5,0,3,6,221,133,88,0,82,139,7.6868778280543,8.06654135338346,7.11306818181818,NA,7.53414634146341,7.77697841726619,48
"46",2005,9,7.76923076923077,13,8.38888888888889,6.375,NA,7.28571428571429,8.33333333333333,9,4,0,7,6,234,142,92,0,89,145,7.69145299145299,8.08697183098592,7.08097826086957,NA,7.51460674157303,7.8,49
"47",2005,10,7,9,7.85714285714286,4,NA,8.5,6.57142857142857,7,2,0,2,7,243,149,94,0,91,152,7.66584362139918,8.0761744966443,7.01542553191489,NA,7.53626373626374,7.74342105263158,50
"48",2005,11,7.2,10,8.75,6.8125,5,5.625,8.25,2,8,1,4,6,253,151,102,1,95,158,7.64743083003953,8.08509933774835,6.99950980392157,5,7.45578947368421,7.7626582278481,51
"49",2005,12,8.27272727272727,11,8.25,8.33333333333333,NA,8.85714285714286,7.25,8,3,0,7,4,264,159,105,1,102,162,7.67348484848485,8.0933962264151,7.03761904761905,5,7.55196078431373,7.75,52
"50",2006,1,8.25,8,8.66666666666667,8,NA,8.16666666666667,8.5,3,5,0,6,2,272,162,110,1,108,164,7.69044117647059,8.10401234567902,7.08136363636364,5,7.58611111111111,7.75914634146341,53
"51",2006,2,7.125,8,6.83333333333333,8,NA,6.6,8,6,2,0,5,3,280,168,112,1,113,167,7.67428571428572,8.05863095238096,7.09776785714286,5,7.54247787610619,7.76347305389222,54
"52",2006,3,8.20833333333333,6,9,6.625,NA,5.25,9.6875,4,2,0,2,4,286,172,114,1,115,171,7.68548951048951,8.08052325581396,7.08947368421053,5,7.50260869565217,7.80847953216374,55
"53",2006,4,7,5,8,5.5,NA,10,6.25,3,2,0,1,4,291,175,116,1,116,175,7.67371134020619,8.07914285714286,7.06206896551724,5,7.52413793103448,7.77285714285714,56
"54",2006,5,9.75,4,9.5,10,NA,10,9.5,2,2,0,2,2,295,177,118,1,118,177,7.70186440677966,8.095197740113,7.11186440677966,5,7.56610169491525,7.79237288135593,57
"55",2006,6,8,4,6.5,9.5,NA,6,8.66666666666667,2,2,0,1,3,299,179,120,1,119,180,7.70585284280937,8.07737430167598,7.15166666666667,5,7.55294117647059,7.80694444444444,58
"56",2006,7,7.07333333333333,15,7.7,6.76,NA,6.625,7.23636363636364,5,10,0,4,11,314,184,130,1,123,191,7.67563694267516,8.06711956521739,7.12153846153846,5,7.52276422764228,7.77408376963351,59
"57",2006,8,7.5,6,7.5,NA,NA,7.75,7,6,0,0,4,2,320,190,130,1,127,193,7.67234375,8.04921052631579,7.12153846153846,5,7.52992125984252,7.7660621761658,60
"58",2006,9,7.0625,8,8.1,5.33333333333333,7,7.375,6.75,5,3,1,4,4,328,195,133,2,131,197,7.65746951219512,8.05051282051282,7.0812030075188,6,7.52519083969466,7.74543147208122,61
"59",2006,10,7.125,16,7.8,6,NA,6.8125,7.4375,10,6,0,8,8,344,205,139,2,139,205,7.63270348837209,8.03829268292683,7.03453237410072,6,7.4841726618705,7.73341463414634,62
"60",2006,11,8.14285714285714,7,9.4,5,NA,1,9.33333333333333,5,2,0,1,6,351,210,141,2,140,211,7.64287749287749,8.07071428571429,7.00567375886525,6,7.43785714285714,7.77890995260663,63
"61",2006,12,7.9,20,8.09375,7.125,NA,8.1875,7.70833333333333,16,4,0,8,12,371,226,145,2,148,223,7.65673854447439,8.07234513274336,7.00896551724138,6,7.47837837837838,7.77511210762332,64
"62",2007,1,7.7695652173913,23,8.7,7.05384615384615,NA,7.83333333333333,7.72857142857143,10,13,0,9,14,394,236,158,2,157,237,7.66332487309645,8.0989406779661,7.0126582278481,6,7.49872611464968,7.77236286919831,65
"63",2007,2,6.95941416666667,12,7.12857142857143,6.722594,NA,6.73333333333333,7.185495,7,5,0,6,6,406,243,163,2,163,243,7.64251963054187,8.07098765432099,7.00376055214724,6,7.47055214723926,7.75787230452675,66
"64",2007,3,8.2,5,7.66666666666667,9,NA,9,8,3,2,0,1,4,411,246,165,2,164,247,7.64930163017032,8.06605691056911,7.02795739393939,6,7.47987804878049,7.76179340080972,67
"65",2007,4,8.5,7,9.33333333333333,7.875,8.5,8,8.7,3,4,1,2,5,418,249,169,3,166,252,7.66354777511962,8.08132530120482,7.04800573964497,6.83333333333333,7.48614457831325,7.78040861111111,68
"66",2007,5,7.32142857142857,14,8.15,5.25,NA,6.9,7.55555555555556,10,4,0,5,9,432,259,173,3,171,261,7.6524605787037,8.08397683397683,7.00643335260116,6.83333333333333,7.46900584795322,7.77265505747126,69
"67",2007,6,7.71111111111111,9,8.8,6.35,NA,8,7.56666666666667,5,4,0,3,6,441,264,177,3,174,267,7.65365752834467,8.09753787878788,6.99159870056497,6.83333333333333,7.47816091954023,7.76802610486891,70
"68",2007,7,8.17647058823529,17,9.4,7.66666666666667,NA,8.11111111111111,8.25,5,12,0,9,8,458,269,189,3,183,275,7.67306325327511,8.12174721189591,7.03446015873016,6.83333333333333,7.50928961748634,7.78204716363636,71
"69",2007,8,7.36363636363636,11,8.42857142857143,5.5,NA,7.66666666666667,7.25,7,4,0,3,8,469,276,193,3,186,283,7.66580590618337,8.12952898550725,7.00265787564767,6.83333333333333,7.51182795698925,7.76700696113074,72
"70",2007,9,7.66666666666667,6,8.75,5.5,NA,7.5,8,4,2,0,4,2,475,280,195,3,190,285,7.66581677894737,8.13839285714286,6.987246,6.83333333333333,7.51157894736842,7.768642,73
"71",2007,10,7.58333333333333,12,7.3125,8.125,NA,6.6,8.28571428571429,8,4,0,5,7,487,288,199,3,195,292,7.66378433264887,8.11545138888889,7.01011542713568,6.83333333333333,7.48820512820513,7.78103756849315,74
"72",2007,11,7.72222222222222,18,8.18181818181818,7,NA,8.22222222222222,7.22222222222222,11,7,0,9,9,505,299,206,3,204,301,7.66586726732673,8.11789297658863,7.00977169902913,6.83333333333333,7.52058823529412,7.76432880398671,75
"73",2007,12,6.70454545454545,22,6.85714285714286,6.4375,NA,6.55,6.83333333333333,14,8,0,10,12,527,313,214,3,214,313,7.62573618595825,8.06150159744409,6.98837836448598,6.83333333333333,7.47523364485981,7.72863568690096,76
"74",2008,1,7.07692307692308,26,7.75,6.29166666666667,NA,6.625,7.27777777777778,14,12,0,8,18,553,327,226,3,222,331,7.59993303797468,8.04816513761468,6.95138482300885,6.83333333333333,7.44459459459459,7.70411773413897,77
"75",2008,2,7.45363636363636,11,8.298,6.75,NA,7.6,7.33166666666667,5,6,0,5,6,564,332,232,3,227,337,7.59707973404255,8.05192771084337,6.94617659482759,6.83333333333333,7.44801762114537,7.6974865578635,78
"76",2008,3,7.82941176470588,17,7.78888888888889,7.875,NA,7.025,8.07692307692308,9,8,0,4,13,581,341,240,3,231,350,7.60387774526678,8.0449853372434,6.977137375,6.83333333333333,7.44069264069264,7.71157991428571,79
"77",2008,4,7.82307692307692,13,7.63333333333333,8.25,NA,9,7.0875,9,4,0,5,8,594,350,244,3,236,358,7.60867503367003,8.0344,6.99800397540984,6.83333333333333,7.47372881355932,7.69763399441341,80
"78",2008,5,7.53846153846154,13,6.66666666666667,8.28571428571429,NA,7.6,7.5,6,7,0,5,8,607,356,251,3,241,366,7.60717128500824,8.01134831460674,7.03391621513944,6.83333333333333,7.47634854771784,7.69331412568306,81
"79",2008,6,8.44444444444444,9,8.66666666666667,8.33333333333333,NA,8,8.5,3,6,0,1,8,616,359,257,3,242,374,7.61940417207792,8.01682451253482,7.06425280155642,6.83333333333333,7.47851239669421,7.71056943850267,82
"80",2008,7,7.64285714285714,14,8.75,6.16666666666667,NA,7.4,7.77777777777778,8,6,0,5,9,630,367,263,3,247,383,7.61992534920635,8.03280653950953,7.0437755513308,6.83333333333333,7.47692307692308,7.71214874673629,83
"81",2008,8,8.86875,16,9.29166666666667,7.6,NA,8.62857142857143,9.05555555555556,12,4,0,7,9,646,379,267,3,254,392,7.65085599071207,8.07266490765171,7.05210850187266,6.83333333333333,7.50866141732283,7.74299227040816,84
"82",2008,9,6.2,15,7.125,5.14285714285714,NA,5.33333333333333,7.5,8,7,0,9,6,661,387,274,3,263,398,7.61793187594554,8.05307493540051,7.00333200729927,6.83333333333333,7.43422053231939,7.73932907035176,85
"83",2008,10,7.5,13,7.75,7.28571428571429,NA,6,7.95,6,7,0,3,10,674,393,281,3,266,408,7.61565722551929,8.04844783715012,7.01036644128114,6.83333333333333,7.41804511278195,7.74449257352941,86
"84",2008,11,7.57692307692308,13,7.875,7.1,NA,8.08333333333333,7.14285714285714,8,5,0,6,7,687,401,286,3,272,415,7.61492426491994,8.04498753117207,7.01193346153846,6.83333333333333,7.43272058823529,7.7343445060241,87
"85",2008,12,8.07692307692308,13,7.42857142857143,8.83333333333333,NA,8.6,7.75,7,6,0,5,8,700,408,292,3,277,423,7.62350424285714,8.03441176470588,7.04935948630137,6.83333333333333,7.45379061371841,7.73464059101655,88
"86",2009,1,7.47368421052632,19,7.81818181818182,7,NA,6.2,7.92857142857143,11,8,0,5,14,719,419,300,3,282,437,7.61954515994437,8.02873508353222,7.04804323333333,6.83333333333333,7.43156028368794,7.74085347826087,89
"87",2009,2,7.08857142857143,35,7.16,7.06,4,9.8,6.63666666666667,10,25,1,5,30,754,429,325,4,287,467,7.59489783819629,8.00848484848485,7.04896298461538,6.125,7.47282229965157,7.66992070663811,90
"88",2009,3,7.19375,32,8.1875,6.8625,NA,7.375,7.16785714285714,8,24,0,4,28,786,437,349,4,291,495,7.57856611959287,8.01176201372997,7.03614031518625,6.125,7.47147766323024,7.64152115151515,91
"89",2009,4,7.47368421052632,38,7.53846153846154,7.44,NA,7.85714285714286,7.38709677419355,13,25,0,7,31,824,450,374,4,298,526,7.57372933252427,7.99808888888889,7.06313628342246,6.125,7.48053691275168,7.62652655893536,92
"90",2009,5,7.76,30,8.72222222222222,7.34761904761905,NA,6.42857142857143,8.16521739130435,9,21,0,7,23,854,459,395,4,305,549,7.58027279859485,8.01228758169934,7.0782606835443,6.125,7.45639344262295,7.64909466302368,93
"91",2009,6,7.57931034482759,29,7.85,7.43684210526316,NA,7.5,7.60952380952381,10,19,0,8,21,883,469,414,4,313,570,7.58024118912797,8.00882729211087,7.09471731884058,6.125,7.45750798722045,7.64763678947368,94
"92",2009,7,7.31739130434783,23,7.36666666666667,7.28571428571429,NA,7.63333333333333,7.20588235294118,9,14,0,6,17,906,478,428,4,319,587,7.5735683995585,7.99673640167364,7.10096488317757,6.125,7.46081504702194,7.6348432197615,95
"93",2009,8,8.05769230769231,26,8.0625,8.05555555555556,NA,8.27777777777778,7.94117647058824,8,18,0,9,17,932,486,446,4,328,604,7.58707400214592,7.99781893004115,7.13949096412556,6.125,7.48323170731707,7.6434651821192,96
"94",2009,9,8.19545454545455,22,9.28571428571429,7.68666666666667,NA,9.4,7.84117647058823,7,15,0,5,17,954,493,461,4,333,621,7.60110374213837,8.01610547667343,7.15729494577007,6.125,7.51201201201201,7.648877568438,97
"95",2009,10,7.04464285714286,28,7.88461538461539,6.31666666666667,6,6.85714285714286,7.10714285714286,13,15,1,7,21,982,506,476,5,340,642,7.58523724032587,8.01272727272727,7.13080455882353,6.1,7.49852941176471,7.6311572741433,98
"96",2009,11,6.835,20,6.325,6.9625,NA,7,6.82631578947368,4,16,0,1,19,1002,510,492,5,341,661,7.57026244510978,7.99949019607843,7.1253312398374,6.1,7.49706744868035,7.60802264750378,99
"97",2009,12,7.125,32,7.78125,6.46875,7,8.03333333333333,6.7695652173913,16,16,1,9,23,1034,526,508,6,350,684,7.55648256286267,7.99285171102661,7.10465151574803,6.25,7.51085714285714,7.57982890350877,100
"98",2010,1,7.8125,40,8.94166666666667,7.32857142857143,NA,7.97142857142857,7.77878787878788,12,28,0,7,33,1074,538,536,6,357,717,7.56601766294227,8.01401486988847,7.11634882462687,6.25,7.51988795518207,7.5889860111576,101
"99",2010,2,7.81578947368421,19,8.2,7.38888888888889,NA,7.66666666666667,7.84375,10,9,0,3,16,1093,548,545,6,360,733,7.57035953339433,8.01740875912409,7.12084948623853,6.25,7.52111111111111,7.59454702592087,102
"100",2010,3,7.525,20,8.525,6.85833333333333,NA,8,7.40625,8,12,0,4,16,1113,556,557,6,364,749,7.56954444743935,8.02471223021583,7.11519384201077,6.25,7.52637362637363,7.59052465954606,103
"101",2010,4,7.23125,16,8.68333333333333,6.36,NA,6.5,7.33571428571429,6,10,0,2,14,1129,562,567,6,366,763,7.56475019486271,8.03174377224199,7.10187472663139,6.25,7.52076502732241,7.58584923984272,104
"102",2010,5,8.11764705882353,17,8.83333333333333,7.72727272727273,NA,9.2,7.66666666666667,6,11,0,5,12,1146,568,578,6,371,775,7.57295198080279,8.04021126760563,7.11377676470588,6.25,7.5433962264151,7.58710060645161,105
"103",2010,6,8,19,8.25,7.88461538461539,NA,7,8.1875,6,13,0,3,16,1165,574,591,6,374,791,7.57991671244635,8.04240418118467,7.13073260575296,6.25,7.53903743315508,7.59924522123894,106
"104",2010,7,7.62941176470588,17,9.5,7.05384615384615,NA,8.31666666666667,7.25454545454545,4,13,0,6,11,1182,578,604,6,380,802,7.58062857021997,8.05249134948097,7.12907776490066,6.25,7.55131578947369,7.59451741895262,107
"105",2010,8,7.56666666666667,15,7.5,7.625,NA,10,7.39285714285714,7,8,0,1,14,1197,585,612,6,381,816,7.58045360902256,8.04588034188034,7.13556040849673,6.25,7.55774278215223,7.59105756127451,108
"106",2010,9,6.89285714285714,14,7,6.86363636363636,NA,5.5,7.125,3,11,0,2,12,1211,588,623,6,383,828,7.57250451692816,8.04054421768707,7.13075918138042,6.25,7.54699738903394,7.58430310386473,109
"107",2010,10,7.8625,16,8.33333333333333,7.75384615384615,NA,7.625,7.94166666666667,3,13,0,4,12,1227,591,636,6,387,840,7.5762860391198,8.04203045685279,7.14349523584906,6.25,7.54780361757106,7.58940829761905,110
"108",2010,11,7.376,25,7.875,7.28095238095238,NA,6.55,7.76470588235294,4,21,0,8,17,1252,595,657,6,395,857,7.5722867172524,8.04090756302521,7.14788884322679,6.25,7.52759493670886,7.5928856126021,111
"109",2010,12,6.46666666666667,21,6.76666666666667,6.41666666666667,NA,4.33333333333333,6.82222222222222,3,18,0,3,18,1273,598,675,6,398,875,7.55404789473684,8.03451505016722,7.12838958518518,6.25,7.5035175879397,7.57703196571428,112
"110",2011,1,7.38709677419355,31,8.25,6.97619047619048,NA,7.5,7.37037037037037,10,21,0,4,27,1304,608,696,6,402,902,7.55007896472393,8.03805921052631,7.12379737068965,6.25,7.50348258706468,7.57084586474501,113
"111",2011,2,7.09523809523809,21,8.33333333333333,6.88888888888889,NA,8.25,6.82352941176471,3,18,0,4,17,1325,611,714,6,406,919,7.54287016603774,8.03950900163666,7.11787530812325,6.25,7.51083743842365,7.55702173014146,114
"112",2011,3,7.24365789473684,19,8.0161875,6.68181818181818,NA,5.66666666666667,7.53934375,8,11,0,3,16,1344,619,725,6,409,935,7.53864023065476,8.03920759289176,7.11125926896552,6.25,7.49731051344743,7.55671921925134,115
"113",2011,4,8.25833333333333,12,8.6,8.01428571428571,NA,8,8.34444444444444,5,7,0,3,9,1356,624,732,6,412,944,7.54500919616519,8.04370112179487,7.11989476775956,6.25,7.50097087378641,7.56422931144068,116
"114",2011,5,7.67047058823529,17,7.72709090909091,7.56666666666667,NA,8,7.62653333333333,11,6,0,2,15,1373,635,738,6,414,959,7.54656261471231,8.03821653543307,7.1235270596206,6.25,7.50338164251208,7.56520382690302,117
"115",2011,6,6.79666666666667,15,7.5,6.32777777777778,NA,8,6.61153846153846,6,9,0,2,13,1388,641,747,6,416,972,7.5384585518732,8.03317862714508,7.1139397188755,6.25,7.50576923076923,7.55244904320988,118
"116",2011,7,7.94375,16,9.25555555555556,6.25714285714286,NA,7.25,8.175,9,7,0,4,12,1404,650,754,6,420,984,7.54307725783476,8.05010384615384,7.10598537135278,6.25,7.50333333333333,7.56004112804878,119
"117",2011,8,6.71428571428571,14,7,6.33333333333333,NA,7,6.69230769230769,8,6,0,1,13,1418,658,760,6,421,997,7.53489454866008,8.03733662613981,7.0998854868421,6.25,7.5021377672209,7.54872664994985,120
"118",2011,9,6.50666666666667,15,8.125,5.91818181818182,NA,7,6.43076923076923,4,11,0,2,13,1433,662,771,6,423,1010,7.52413152128402,8.03786631419939,7.08302590142672,6.25,7.49976359338062,7.5343370990099,121
"119",2011,10,7.36666666666667,15,7.94444444444444,6.5,NA,8.33333333333333,7.125,9,6,0,3,12,1448,671,777,6,426,1022,7.52250032458564,8.03661326378539,7.07852377091377,6.25,7.5056338028169,7.5295307925636,122
"120",2011,11,7.65217391304348,23,8.4625,7.22,NA,8.5,7.35294117647059,8,15,0,6,17,1471,679,792,6,432,1039,7.5245278518015,8.04163107511045,7.08120324494949,6.25,7.51944444444445,7.5266414533205,123
"121",2011,12,6.98809523809524,21,7.09375,6.92307692307692,NA,9.5,6.72368421052632,8,13,0,2,19,1492,687,805,6,434,1058,7.51697752680965,8.03059315866084,7.07864965217391,6.25,7.52857142857143,7.51222161625709,124
"122",2012,1,7.66857142857143,35,8.25,7.36521739130435,7,6.625,7.97777777777778,12,23,1,8,27,1527,699,828,7,442,1085,7.52045217419777,8.03435979971387,7.08660986714976,6.35714285714286,7.51221719457014,7.52380688479263,125
"123",2012,2,8.47727272727273,11,9,7.5625,NA,7.5,8.69444444444444,7,4,0,2,9,1538,706,832,7,444,1094,7.52729549414824,8.04393413597733,7.08889780048077,6.35714285714286,7.51216216216216,7.5334373583181,126
"124",2012,3,7.9,19,8.31,7.44444444444444,NA,8,7.88823529411765,10,9,0,2,17,1557,716,841,7,446,1111,7.53184359023764,8.0476501396648,7.09270269916766,6.35714285714286,7.51434977578475,7.53886630963096,127
"125",2012,4,7.47142857142857,14,9.1,6.56666666666667,NA,7.66666666666667,7.41818181818182,5,9,0,3,11,1571,721,850,7,449,1122,7.53130520050923,8.0549479889043,7.08713290588235,6.35714285714286,7.51536748329621,7.53768312834225,128
"126",2012,5,7.14705882352941,17,8.7,6.5,NA,NA,7.14705882352941,5,12,0,0,17,1588,726,862,7,449,1139,7.52719173173804,8.05939049586777,7.07895936194896,6.35714285714286,7.51536748329621,7.53185291483758,129
"127",2012,6,7.77777777777778,9,9.66666666666667,6.83333333333333,NA,9.5,6.4,3,6,0,4,5,1597,729,868,7,453,1144,7.52860392611146,8.06600480109739,7.07726148617512,6.35714285714286,7.53289183222958,7.52690600524476,130
"128",2012,7,7.281875,16,8.71428571428571,6.16777777777778,NA,NA,7.281875,7,9,0,0,16,1613,736,877,7,453,1160,7.52615652200868,8.07217051630434,7.0679281299886,6.35714285714286,7.53289183222958,7.52352626724138,131
"129",2012,8,7.885,20,8.36,7.72666666666667,6.9,7.625,7.95,5,15,1,4,16,1633,741,892,8,457,1176,7.5305514206981,8.07411268556005,7.07900557174888,6.425,7.53369803063457,7.52932863095238,132
"130",2012,9,7.36,15,7.5,7.2375,NA,6.83333333333333,7.49166666666667,7,8,0,3,12,1648,748,900,8,460,1188,7.52899907160194,8.06873997326203,7.08041441111111,6.425,7.52913043478261,7.52894820707071,133
"131",2012,10,7.90909090909091,11,9.25,7.14285714285714,NA,9,7.66666666666667,4,7,0,2,9,1659,752,907,8,462,1197,7.53151927064497,8.07502327127659,7.08089632855568,6.425,7.53549783549784,7.52998368421053,134
"132",2012,11,7.52631578947368,19,6.33333333333333,7.75,4,7.66666666666667,7.46153846153846,3,16,1,6,13,1678,755,923,9,468,1210,7.53146035160906,8.06810264900662,7.09249509209101,6.15555555555556,7.53717948717949,7.52924832231405,135
"133",2012,12,7.90588235294118,17,7.67142857142857,8.07,NA,9,7.76,7,10,0,2,15,1695,762,933,9,470,1225,7.53521561651918,8.06445866141732,7.10297210075027,6.15555555555556,7.54340425531915,7.53207385306123,136
"134",2013,1,6.66304347826087,23,7,6.48333333333333,NA,5.75,6.85526315789474,8,15,0,4,19,1718,770,948,9,474,1244,7.52353927240978,8.05339935064935,7.09316768987342,6.15555555555556,7.52827004219409,7.52173671221865,137
"135",2013,2,6.21875,16,7,6.10714285714286,NA,8,6.1,2,14,0,1,15,1734,772,962,9,475,1259,7.51149969434833,8.05067033678756,7.07881805613306,6.15555555555556,7.52926315789474,7.50479783161239,138
"136",2013,3,7.4,15,8.33333333333333,7.16666666666667,10,6.5,7.625,3,12,1,3,12,1749,775,974,10,478,1271,7.51054343624929,8.05176451612903,7.0799003798768,6.54,7.52280334728034,7.50593270653029,139
"137",2013,4,7.30769230769231,13,7,7.8,NA,NA,7.30769230769231,8,5,0,0,13,1762,783,979,10,478,1284,7.50904680476731,8.04101851851851,7.08357811031665,6.54,7.52280334728034,7.50392559968847,140
"138",2013,5,8.4,23,9.04166666666667,7.7,2,7.6875,8.78,12,11,1,8,15,1785,795,990,11,486,1299,7.52052687394958,8.05612264150943,7.09042724242424,6.12727272727273,7.52551440329218,7.51866086989993,141
"139",2013,6,7.94,15,8.28571428571429,7.6375,NA,9,7.86428571428571,7,8,0,1,14,1800,802,998,11,487,1313,7.52402248333333,8.05812655860349,7.09481259519038,6.12727272727273,7.52854209445585,7.52234613099772,142
"140",2013,7,6.51666666666667,12,9,6.29090909090909,NA,7.5,6.42727272727273,1,11,0,1,11,1812,803,1009,11,488,1324,7.51735125275938,8.05929950186799,7.08604853320119,6.12727272727273,7.52848360655738,7.51324808912387,143
"141",2013,8,6.41666666666667,12,7.5,5.875,5,7.25,6.25,4,8,1,2,10,1824,807,1017,12,490,1334,7.51010990679825,8.0565272614622,7.07652209439528,6.03333333333333,7.52734693877551,7.50377846326837,144
"142",2013,9,7.84615384615385,13,7.16666666666667,8.05,NA,9,7.75,3,10,0,1,12,1837,810,1027,12,491,1346,7.51248800762112,8.05323148148148,7.08600094449854,6.03333333333333,7.53034623217923,7.50597360326895,145
"143",2013,10,6.65625,16,8,6.34615384615385,5,8,6.56666666666667,3,13,2,1,15,1853,813,1040,14,492,1361,7.50509469508905,8.05303505535055,7.07675285576923,5.88571428571429,7.53130081300813,7.49562121234387,146
"144",2013,11,7.73703703703704,27,8.33076923076923,7.18571428571429,7,8.75,7.56086956521739,13,14,1,4,23,1880,826,1054,15,496,1384,7.5084257819149,8.05740617433413,7.07820016129032,5.96,7.54112903225807,7.49670554190752,147
"145",2013,12,7.23636363636364,11,6,7.36,NA,7,7.26,1,10,0,1,10,1891,827,1064,15,497,1394,7.506843188789,8.05491837968561,7.08084865601504,5.96,7.54004024144869,7.4950075107604,148
"146",2014,1,7.63888888888889,18,8.41666666666667,7.25,NA,8.25,7.5625,6,12,0,2,16,1909,833,1076,15,499,1410,7.50808825039288,8.05752400960384,7.08273510223048,5.96,7.54288577154309,7.49577338297873,149
"147",2014,2,6.60526315789474,19,8,5.96153846153846,NA,7.1,6.42857142857143,6,13,0,5,14,1928,839,1089,15,504,1424,7.49919111514523,8.0571126340882,7.06935075298439,5.96,7.53849206349206,7.48528122893259,150
"148",2014,3,7.11538461538461,13,8.1,6.5,NA,6,7.31818181818182,5,8,0,2,11,1941,844,1097,15,506,1435,7.49662054095827,8.05736670616113,7.06519869644485,5.96,7.53241106719368,7.48400032752614,151
"149",2014,4,6.369,10,6.495,6.3375,NA,6,6.46125,2,8,0,2,8,1951,846,1105,15,508,1443,7.49084083546899,8.0536731678487,7.05993028959276,5.96,7.52637795275591,7.4783301940402,152
"150",2014,5,7.35714285714286,7,7.3,7.5,NA,7.33333333333333,7.375,5,2,0,3,4,1958,851,1107,15,511,1447,7.49036285495404,8.04924500587544,7.06072535682023,5.96,7.5252446183953,7.47804455425018,153
"151",2014,6,7.31666666666667,12,8.33333333333333,6.97777777777778,8,8.66666666666667,6.86666666666667,3,9,1,3,9,1970,854,1116,16,514,1456,7.4893048071066,8.05024297423887,7.06005642473118,6.0875,7.53190661478599,7.47426543269231,154
"152",2014,7,7.42307692307692,13,7.92857142857143,6.83333333333333,NA,10,6.95454545454545,7,6,0,2,11,1983,861,1122,16,516,1467,7.48887063540091,8.0492537746806,7.05884400178253,6.0875,7.54147286821706,7.47036841854124,155
"153",2014,8,7.15,6,6.96666666666667,7.33333333333333,NA,NA,7.15,3,3,0,0,6,1989,864,1125,16,516,1473,7.48784840120664,8.04549479166666,7.05957597333333,6.0875,7.54147286821706,7.46906345553293,156
"154",2014,9,7.42222222222222,9,7.43333333333333,7.41666666666667,NA,7,7.475,3,6,0,1,8,1998,867,1131,16,517,1481,7.48755278778779,8.04337658592848,7.06147035366932,6.0875,7.54042553191489,7.46909552329507,157
"155",2014,10,8.58333333333333,12,9,8.28571428571429,5,8.33333333333333,8.66666666666667,5,7,1,3,9,2010,872,1138,17,520,1490,7.49409476119403,8.0488618119266,7.06900085237258,6.02352941176471,7.545,7.47632917449665,158
"156",2014,11,8.16666666666667,9,10,7.64285714285714,NA,10,7.9375,2,7,0,1,8,2019,874,1145,17,521,1498,7.49709285289747,8.0533266590389,7.0725091441048,6.02352941176471,7.54971209213052,7.47879203604807,159
"157",2014,12,7.37142857142857,14,8.2,6.91111111111111,6.5,9,7.1,5,9,1,2,12,2033,879,1154,18,523,1510,7.49622748155435,8.05416097838452,7.07125040727903,6.05,7.55525812619503,7.47578176821192,160
"158",2015,1,5.41176470588235,17,6.3,5.04166666666667,NA,4.75,5.5,5,12,0,2,15,2050,884,1166,18,525,1525,7.47894169268293,8.04423925339366,7.05036275300171,6.05,7.54457142857143,7.45634784918033,161
"159",2015,2,6.96428571428571,14,8.3,6.22222222222222,5.5,6.33333333333333,7.13636363636364,5,9,2,3,11,2064,889,1175,20,528,1536,7.47545080910853,8.04567772778402,7.04401954893617,5.995,7.5376893939394,7.45405629557292,162
"160",2015,3,7.6,10,8,7.42857142857143,NA,6.5,7.875,3,7,0,2,8,2074,892,1182,20,530,1544,7.47605133558342,8.04552410313901,7.04629692893401,5.995,7.53377358490566,7.45623735103627,163
"161",2015,4,7.21428571428571,7,9.75,6.2,NA,NA,7.21428571428571,2,5,0,0,7,2081,894,1187,20,530,1551,7.47517081691495,8.04933724832215,7.04273207245156,5.995,7.53377358490566,7.45514537072856,164
"162",2015,5,8.22727272727273,11,8.4,8.08333333333333,NA,9,8.15,5,6,0,1,10,2092,899,1193,20,531,1561,7.47912546367113,8.05128754171301,7.04796560771165,5.995,7.53653483992467,7.4595967136451,165
"163",2015,6,6.91666666666667,3,NA,6.91666666666667,NA,6.5,7.125,0,3,0,1,2,2095,899,1196,20,532,1563,7.47832003341289,8.05128754171301,7.0476362625418,5.995,7.53458646616541,7.45916856685861,166
"164",2015,7,6.68181818181818,11,NA,6.68181818181818,NA,5.5,6.94444444444444,0,11,0,2,9,2106,899,1207,20,534,1572,7.47415976733144,8.05128754171301,7.04430237779619,5.995,7.52696629213483,7.45622167302799,167
"165",2015,8,6.25,10,7.3,5.2,NA,4,6.5,5,5,0,1,9,2116,904,1212,20,535,1581,7.46837451323251,8.04713219026549,7.03669386963696,5.995,7.5203738317757,7.45077828589501,168
"166",2015,9,8.04285714285714,7,9.33333333333333,7.075,NA,8.5,7.86,3,4,0,2,5,2123,907,1216,20,537,1586,7.47026870937353,8.05138643880926,7.03681987664473,5.995,7.52402234636872,7.45206839218159,169
"167",2015,10,8,7,9.66666666666667,6.75,NA,7.5,8.08333333333333,3,4,0,1,6,2130,910,1220,20,538,1592,7.47200961032864,8.05671153846154,7.03587948360656,5.995,7.52397769516729,7.45444753140704,170
"168",2015,11,7.83333333333333,9,9.625,6.4,NA,8,7.8125,4,5,0,1,8,2139,914,1225,20,539,1600,7.47352990649836,8.06357494529541,7.03328405714286,5.995,7.52486085343228,7.45623779375,171
"169",2015,12,7.1875,16,7.75,6.625,NA,7,7.2,8,8,0,1,15,2155,922,1233,20,540,1615,7.47140625058005,8.06085412147505,7.03063501216545,5.995,7.52388888888889,7.45385787616099,172
"170",2016,1,7.9,17,8.1875,7.64444444444444,9,8,7.89375,8,9,3,1,16,2172,930,1242,23,541,1631,7.47476080570902,8.0619435483871,7.03508290660225,6.38695652173913,7.52476894639556,7.45817318822808,173
"171",2016,2,7.5,15,7.75,7,NA,8,7.42307692307692,10,5,0,2,13,2187,940,1247,23,543,1644,7.47493391403749,8.058625,7.03494223736968,6.38695652173913,7.52651933701658,7.45789566301703,174
"172",2016,3,8.3,11,8.55,8,NA,9,8.23,6,5,0,1,10,2198,946,1252,23,544,1654,7.47906299818017,8.06174154334038,7.03879630191693,6.38695652173913,7.52922794117647,7.46256376662636,175
"173",2016,4,7.9375,12,8.5,7.375,NA,6.8125,8.5,6,6,0,4,8,2210,952,1258,23,548,1662,7.48155224886878,8.06450367647059,7.04039981717011,6.38695652173913,7.52399635036496,7.46755744283995,176
"174",2016,5,7.63636363636364,11,8.8,6.66666666666667,NA,NA,7.63636363636364,5,6,0,0,11,2221,957,1264,23,548,1673,7.48231898694282,8.06834639498433,7.03862576740506,6.38695652173913,7.52399635036496,7.46866734608488,177
"175",2016,6,6.94285714285714,7,8,6.15,NA,NA,6.94285714285714,3,4,0,0,7,2228,960,1268,23,548,1680,7.48062408886894,8.0681328125,7.03582253154574,6.38695652173913,7.52399635036496,7.4664764702381,178
"176",2016,7,6.77777777777778,9,NA,6.77777777777778,9,7.5,6.57142857142857,0,9,1,2,7,2237,960,1277,24,550,1687,7.47779636566831,8.0681328125,7.03400389193422,6.49583333333333,7.52390909090909,7.46276257854179,179
"177",2016,8,6.61538461538461,13,8.5,6.27272727272727,4,NA,6.61538461538461,2,11,1,0,13,2250,962,1288,25,550,1700,7.47281354222222,8.06903066528067,7.02750230590062,6.396,7.52390909090909,7.45628262941177,180
"178",2016,9,7.66666666666667,9,9.16666666666667,6.91666666666667,NA,9.25,7.21428571428571,3,6,0,2,7,2259,965,1294,25,552,1707,7.47358586542718,8.07244300518135,7.02698838485317,6.396,7.53016304347826,7.45529025776216,181
"179",2016,10,7.35714285714286,14,9.4,6.22222222222222,NA,3.5,8,5,9,0,2,12,2273,970,1303,25,554,1719,7.47286866256049,8.07928608247423,7.02142975441289,6.396,7.51561371841155,7.45909276905178,182
"180",2016,11,8,5,8.5,7.66666666666667,NA,NA,8,2,3,0,0,5,2278,972,1306,25,554,1724,7.47402566725198,8.0801517489712,7.02291192189893,6.396,7.51561371841155,7.46066152552204,183
"181",2016,12,8.953125,32,9.6,7.875,10,7.58333333333333,9.26923076923077,20,12,1,6,26,2310,992,1318,26,560,1750,7.49451535497835,8.11079385080645,7.03066993171472,6.53461538461538,7.51633928571429,7.48753169714286,184
"182",2017,1,7.85333333333333,15,8.16666666666667,7.38333333333333,NA,8.075,7.77272727272727,9,6,0,4,11,2325,1001,1324,26,564,1761,7.49683030967742,8.11129620379621,7.0322681042296,6.53461538461538,7.52030141843972,7.48931315729699,185
"183",2017,2,7.2,14,7.85,6.33333333333333,NA,7.93333333333333,7,8,6,0,3,11,2339,1009,1330,26,567,1772,7.4950536425823,8.10922447968286,7.02911501503759,6.53461538461538,7.52248677248677,7.48627566027088,186
"184",2017,3,7.28571428571429,14,6.8,7.55555555555556,NA,8,7.23076923076923,5,9,0,1,13,2353,1014,1339,26,568,1785,7.49380810454739,8.10276873767259,7.03265345033607,6.53461538461538,7.52332746478873,7.48441482913165,187
"185",2017,4,8.33333333333333,6,9.66666666666667,7,NA,7,8.6,3,3,0,1,5,2359,1017,1342,26,569,1790,7.49594339550657,8.10738200589971,7.03258045454545,6.53461538461538,7.52240773286468,7.48753098882682,188
"186",2017,5,7.77777777777778,9,8.5,7.57142857142857,NA,2,8.5,2,7,0,1,8,2368,1019,1349,26,570,1798,7.49701455658784,8.10815260058881,7.03537655300222,6.53461538461538,7.51271929824562,7.49203585650723,189
"187",2017,6,6.23636363636364,11,7.8,5.88888888888889,NA,6,6.26,2,9,0,1,10,2379,1021,1358,26,571,1808,7.49118556956704,8.10754897159648,7.02777832842415,6.53461538461538,7.51007005253941,7.48522149889381,190
"188",2017,7,7.68181818181818,11,8.0625,6.66666666666667,NA,9.25,7.33333333333333,8,3,0,2,9,2390,1029,1361,26,573,1817,7.49206295815899,8.10719873663751,7.0269823438648,6.53461538461538,7.51614310645724,7.48446916345625,191
"189",2017,8,7.81818181818182,11,8.66666666666667,7.5,NA,8.66666666666667,7.5,3,8,0,3,8,2401,1032,1369,26,576,1825,7.49355704706372,8.10882509689923,7.02974650840029,6.53461538461538,7.52213541666667,7.48453724383562,192
"190",2017,9,7.9,10,9.33333333333333,5.75,NA,8.66666666666667,7.57142857142857,6,4,0,3,7,2411,1038,1373,26,579,1832,7.49524283284944,8.11590317919075,7.02601818645302,6.53461538461538,7.52806563039724,7.48486925218341,193
"191",2017,10,6,15,7,5.5,NA,6.375,5.86363636363636,5,10,0,4,11,2426,1043,1383,26,583,1843,7.48599772052762,8.11055369127517,7.01498407086045,6.53461538461538,7.52015437392796,7.47519287574607,194
"192",2017,11,7.58333333333333,12,8.4,7,6,8,7.44444444444444,5,7,1,3,9,2438,1048,1390,27,586,1852,7.48647681296144,8.11193463740458,7.01490861151079,6.51481481481482,7.52261092150171,7.47504345032397,195
"193",2017,12,7.60833333333333,12,8,7.4125,NA,8.4,7.45,4,8,0,2,10,2450,1052,1398,27,588,1862,7.48707366122449,8.11150903041825,7.01718381258941,6.51481481481482,7.52559523809524,7.47490895273899,196
"194",2018,1,7.6,17,8.16666666666667,7.29090909090909,7,5.6,7.86666666666667,6,11,1,2,15,2467,1058,1409,28,590,1877,7.48785183218484,8.1118218336484,7.01932077359829,6.53214285714286,7.51906779661017,7.47803967501332,197
"195",2018,2,7.78571428571429,7,8.66666666666667,7.125,NA,8.25,7.6,3,4,0,2,5,2474,1061,1413,28,592,1882,7.48869461196443,8.11339066918002,7.01961993630573,6.53214285714286,7.52153716216216,7.47836369287992,198
"196",2018,3,6.5,6,NA,6.5,NA,2,7.4,0,6,0,1,5,2480,1061,1419,28,593,1887,7.48630260887097,8.11339066918002,7.01742281183932,6.53214285714286,7.51222596964587,7.47815605193429,199
"197",2018,4,7.3,10,6.66666666666667,8.25,NA,7,7.33333333333333,6,4,0,1,9,2490,1067,1423,28,594,1896,7.48555440562249,8.10525538894096,7.02088754040759,6.53214285714286,7.51136363636364,7.47746860232068,200
"198",2018,5,5.25,4,6,4.5,NA,5,5.33333333333333,2,2,0,1,3,2494,1069,1425,28,595,1899,7.48196891339214,8.10131665107577,7.01734945263158,6.53214285714286,7.50714285714286,7.47408134281201,201
"199",2018,6,7.78571428571429,7,9.16666666666667,6.75,NA,5,8.25,3,4,0,1,6,2501,1072,1429,28,596,1905,7.48281906037585,8.10429804104478,7.0166010986704,6.53214285714286,7.50293624161074,7.47652518110236,202
"200",2018,7,6.5,4,6,6.66666666666667,NA,9,5.66666666666667,1,3,0,1,3,2505,1073,1432,28,597,1908,7.48124968862275,8.10233690587139,7.01586799581005,6.53214285714286,7.50544388609715,7.47367949161426,203
"201",2018,8,6.41555555555556,9,7.91333333333333,5.66666666666667,NA,5.685,7,3,6,0,4,5,2514,1076,1438,28,601,1913,7.47743455449483,8.10180994423792,7.01023850486787,6.53214285714286,7.49332778702163,7.47244143753267,204
"202",2018,9,7.08333333333333,6,7.625,6,NA,7.25,7,4,2,0,2,4,2520,1080,1440,28,603,1917,7.47649621825397,8.10004398148148,7.00883539583333,6.53214285714286,7.49252072968491,7.47145564423579,205
"203",2018,10,7.5,7,7,7.58333333333333,NA,7,7.58333333333333,1,6,0,1,6,2527,1081,1446,28,604,1923,7.47656132568263,8.09902636447734,7.01121920470263,6.53214285714286,7.49170529801325,7.47180471658866,206
"204",2018,11,6.85714285714286,7,8.33333333333333,5.75,NA,7,6.8,3,4,0,2,5,2534,1084,1450,28,606,1928,7.4748502249408,8.09967481549816,7.00773997931034,6.53214285714286,7.49008250825083,7.47006248443983,207
"205",2018,12,8.68181818181818,11,9.4,8.08333333333333,7,7,8.85,5,6,1,1,10,2545,1089,1456,29,607,1938,7.48006698231827,8.105645087236,7.01217236950549,6.54827586206897,7.48927512355849,7.47718290505676,208
"206",2019,1,8.64545454545454,11,9,8.22,NA,NA,8.64545454545454,6,5,0,0,11,2556,1095,1461,29,607,1949,7.48508234350548,8.11054566210046,7.01630593429158,6.54827586206897,7.48927512355849,7.48377653668548,209
"207",2019,2,7.49230769230769,13,8.98333333333333,6.21428571428571,NA,8.475,7.05555555555556,6,7,0,4,9,2569,1101,1468,29,611,1958,7.48511890618918,8.11530199818347,7.01248158719346,6.54827586206897,7.49572831423895,7.48180820735444,210
"208",2019,3,6.74545454545455,11,7,6.65,6,6,6.91111111111111,3,8,1,2,9,2580,1104,1476,30,613,1967,7.48196529844961,8.11227128623189,7.01051691734417,6.53,7.49084828711256,7.47919698525674,211
"209",2019,4,6.0625,8,7.75,5.5,NA,5.5,6.25,2,6,0,2,6,2588,1106,1482,30,615,1973,7.47757746136012,8.11161618444847,7.00440146423752,6.53,7.48437398373984,7.4754589305626,212
"210",2019,5,7.16666666666667,3,NA,7.16666666666667,NA,NA,7.16666666666667,0,3,0,0,3,2591,1106,1485,30,615,1976,7.47721747201853,8.11161618444847,7.00472927272727,6.53,7.48437398373984,7.47499011639676,213
"211",2019,6,8.12857142857143,7,8.33333333333333,6.9,NA,8,8.18,6,1,0,2,5,2598,1112,1486,30,617,1981,7.47897246728253,8.1128125,7.00465879542396,6.53,7.4860453808752,7.476769545684,214
"212",2019,7,7.775,8,8.86666666666667,4.5,NA,NA,7.775,6,2,0,0,8,2606,1118,1488,30,617,1989,7.47988122409824,8.11685822898033,7.00129231854839,6.53,7.4860453808752,7.47796906485671,215
"213",2019,8,7.22222222222222,9,7,7.4,NA,NA,7.22222222222222,4,5,0,0,9,2615,1122,1493,30,617,1998,7.47899444359465,8.1128765597148,7.00262757535164,6.53,7.4860453808752,7.47681705205205,216
"214",2019,9,8.08333333333333,6,9.16666666666667,7,NA,10,7.7,3,3,0,1,5,2621,1125,1496,30,618,2003,7.48037789774895,8.11568666666667,7.00262230614973,6.53,7.49011326860841,7.47737417373939,217
"215",2019,10,7.34615384615385,13,8.42857142857143,6.08333333333333,NA,8.5,7.13636363636364,7,6,0,2,11,2634,1132,1502,30,620,2014,7.47971544039484,8.1176214664311,6.99895004660453,6.53,7.49337096774194,7.47551165342602,218
"216",2019,11,7.66666666666667,6,8.16666666666667,7.16666666666667,NA,7.25,7.875,3,3,0,2,4,2640,1135,1505,30,622,2018,7.48014032954546,8.11775110132159,6.9992843654485,6.53,7.4925884244373,7.47630350346878,219
"217",2019,12,7.96538461538462,13,8.5375,7.05,NA,8.8125,7.58888888888889,8,5,0,4,9,2653,1143,1510,30,626,2027,7.48251808141726,8.12068897637795,6.99945229801324,6.53,7.50102236421725,7.47680338924519,220
"218",2020,1,7.55,10,7.2,7.9,NA,7,7.6875,5,5,0,2,8,2663,1148,1515,30,628,2035,7.48277148704469,8.11667900696864,7.00242440264026,6.53,7.49942675159236,7.47763168058968,221
"219",2020,2,7.60588235294118,17,7.2875,7.88888888888889,NA,7.26,7.75,8,9,0,5,12,2680,1156,1524,30,633,2047,7.4835524141791,8.11094074394464,7.00765942913386,6.53,7.4975355450237,7.47922836834392,222
"220",2020,3,6.85714285714286,7,7,6.8,NA,6,7.5,2,5,0,3,4,2687,1158,1529,30,636,2051,7.48192053219204,8.10902202072539,7.00698035971223,6.53,7.49047169811321,7.47926887859581,223
"221",2020,4,7.862,10,9.16666666666667,7.30285714285714,NA,8.75,7.27,3,7,0,4,6,2697,1161,1536,30,640,2057,7.48332979977753,8.11175495262705,7.00832875651042,6.53,7.49834375,7.47865846864366,224
"222",2020,5,7.39285714285714,14,7.25,7.5,NA,7,7.45833333333333,6,8,0,2,12,2711,1167,1544,30,642,2069,7.48286258576171,8.10732433590403,7.01087627590673,6.53,7.49679127725857,7.47854058482359,225
"223",2020,6,7.31818181818182,11,9.66666666666667,6.4375,NA,7.75,6.8,3,8,0,6,5,2722,1170,1552,30,648,2074,7.48219708670096,8.11132264957265,7.00792072809278,6.53,7.49913580246914,7.47690475891996,226
"224",2020,7,6.88888888888889,9,9.5,6.14285714285714,7,7,6.8,2,7,1,4,5,2731,1172,1559,31,652,2079,7.48024184181618,8.11369240614335,7.00403654265555,6.54516129032258,7.4960736196319,7.4752768013468,227
"225",2020,8,7.55833333333333,12,8.24285714285714,6.6,5.5,8,7.51818181818182,7,5,2,1,11,2743,1179,1564,33,653,2090,7.48058347429821,8.11445928753181,7.0027448657289,6.48181818181818,7.49684532924962,7.47550261722488,228
"226",2020,9,7.53333333333333,15,7.375,7.59090909090909,NA,7,7.61538461538461,4,11,0,2,13,2758,1183,1575,33,655,2103,7.4808703662074,8.11195900253593,7.00685267936508,6.48181818181818,7.49532824427481,7.47636731811698,229
"227",2020,10,7.26363636363636,11,7,7.32222222222222,5.5,NA,7.26363636363636,2,9,2,0,11,2769,1185,1584,35,655,2114,7.48000739256049,8.11008227848101,7.00864455176768,6.42571428571429,7.49532824427481,7.47526039262063,230
"228",2020,11,7.0625,8,7.8,5.83333333333333,NA,8,6.92857142857143,5,3,0,1,7,2777,1190,1587,35,656,2121,7.47880463449766,8.10877941176471,7.00642279143037,6.42571428571429,7.49609756097561,7.47345613861386,231
"229",2020,12,7.59090909090909,11,7.5,7.7,NA,NA,7.59090909090909,6,5,0,0,11,2788,1196,1592,35,656,2132,7.47924694045911,8.10572533444816,7.00860111180904,6.42571428571429,7.49609756097561,7.47406213414634,232
"230",2021,1,7.975,10,8.5,7.84375,NA,7.75,8.07142857142857,2,8,0,3,7,2798,1198,1600,35,659,2139,7.48101875268049,8.10638355592655,7.01277685625,6.42571428571429,7.49725341426404,7.47601705002338,233
"231",2021,2,7.02941176470588,17,7.8125,6.33333333333333,4.5,6.33333333333333,7.17857142857143,8,9,2,3,14,2815,1206,1609,37,662,2153,7.47829146358792,8.10443407960199,7.00897636420137,6.32162162162162,7.49197885196375,7.47408289363679,234
"232",2021,3,6.77142857142857,7,9,5.88,10,7,6.68,2,5,1,2,5,2822,1208,1614,38,664,2158,7.47653808291992,8.10591680463576,7.0054789157373,6.41842105263158,7.49049698795181,7.4722430352178,235
"233",2021,4,8.6,5,10,6.5,NA,7,9,3,2,0,1,4,2827,1211,1616,38,665,2162,7.4785251043509,8.11060900082577,7.0048533230198,6.41842105263158,7.48975939849624,7.47506959759482,236
"234",2021,5,7.4,9,10,7.075,NA,6.3,7.71428571428571,1,8,0,2,7,2836,1212,1624,38,667,2169,7.47827590620592,8.11216790429043,7.00519887315271,6.41842105263158,7.48619190404798,7.47584161825726,237
"235",2021,6,6.98,10,8.5,5.96666666666667,NA,5.4,7.375,4,6,0,2,8,2846,1216,1630,38,669,2177,7.47652511243851,8.11344366776316,7.00137605521472,6.41842105263158,7.47995515695067,7.47547104731282,238
"236",2021,7,8.75,6,7.66666666666667,9.83333333333333,NA,NA,8.75,3,3,0,0,6,2852,1219,1633,38,669,2183,7.47920423211781,8.11234413453651,7.00657867115738,6.41842105263158,7.47995515695067,7.47897410444343,239
"237",2021,8,6,8,7.5,5.5,NA,6.66666666666667,5.6,2,6,0,3,5,2860,1221,1639,38,672,2188,7.4750665979021,8.11134111384112,7.00106343502135,6.41842105263158,7.47632440476191,7.47468028793419,240
"238",2021,9,7.11111111111111,9,7.58333333333333,6.16666666666667,NA,8,6.85714285714286,6,3,0,2,7,2869,1227,1642,38,674,2195,7.47392487626351,8.10875916870416,6.99953895858709,6.41842105263158,7.47787833827893,7.47271092027335,241
"239",2021,10,5,8,7,4.71428571428571,2,3.5,5.5,1,7,1,2,6,2877,1228,1649,39,676,2201,7.4670456969065,8.10785627035831,6.98983806549424,6.30512820512821,7.46610946745562,7.46733324398001,242
"240",2021,11,7.58333333333333,12,8.16666666666667,7,NA,6,7.9,6,6,0,2,10,2889,1234,1655,39,678,2211,7.46752871928003,8.1081422204214,6.98987490634441,6.30512820512821,7.46178466076696,7.46929012663953,243
"241",2021,12,8.1,10,8,8.33333333333333,NA,10,7.88888888888889,7,3,0,1,9,2899,1241,1658,39,679,2220,7.46971040703691,8.10753223207091,6.99230577201447,6.30512820512821,7.46552282768778,7.47099120270271,244
"242",2022,1,7.20833333333333,12,8.14285714285714,5.9,2,8,7.13636363636364,7,5,1,1,11,2911,1248,1663,40,680,2231,7.46863293369976,8.10773036858975,6.98902162958509,6.1975,7.46630882352941,7.46934131331242,245
"243",2022,2,7.30833333333333,12,7.53333333333333,7.08333333333333,NA,8.2,7.22727272727273,6,6,0,1,11,2923,1254,1669,40,681,2242,7.46797484433801,8.10498205741627,6.98936067705213,6.1975,7.46738619676946,7.4681536440678,246
"244",2022,3,6.91666666666667,6,8.16666666666667,5.66666666666667,NA,8,6.7,3,3,0,1,5,2929,1257,1672,40,682,2247,7.46684550017071,8.1051292760541,6.9869874222488,6.1975,7.46816715542522,7.46644435692034,247
"245",2022,4,7.41666666666667,6,8.5,6.33333333333333,8,4,8.1,3,3,1,1,5,2935,1260,1675,41,683,2252,7.46674291993186,8.10606944444445,6.98581669850746,6.24146341463415,7.46308931185945,7.4678510079929,248
"246",2022,5,6,14,8.33333333333333,5.36363636363636,NA,7,5.92307692307692,3,11,0,1,13,2949,1263,1686,41,684,2265,7.4597797456765,8.10660926365796,6.97523307829181,6.24146341463415,7.46241228070176,7.45898475496689,249
"247",2022,6,6.44545454545455,11,7.725,5.71428571428571,NA,4,6.69,4,7,0,1,10,2960,1267,1693,41,685,2275,7.45601029391892,8.1054044988161,6.97001947430596,6.24146341463415,7.45735766423358,7.4556046021978,250
"248",2022,7,7.59333333333333,15,7.18,7.8,9,7.85,7.5,5,10,1,4,11,2975,1272,1703,42,689,2286,7.4567026789916,8.10176690251573,6.97489311215502,6.30714285714286,7.45963715529753,7.45581822834646,251
"249",2022,8,7.71428571428571,7,NA,7.71428571428571,NA,10,7.33333333333333,0,7,0,1,6,2982,1272,1710,42,690,2292,7.45730733400403,8.10176690251573,6.97791986549707,6.30714285714286,7.46331884057971,7.45549758726004,252
"250",2022,9,6.38571428571429,7,7.25,6.04,NA,NA,6.38571428571429,2,5,0,0,7,2989,1274,1715,42,690,2299,7.45479774841084,8.10042974882261,6.97518540524781,6.30714285714286,7.46331884057971,7.45224030882993,253
"251",2022,10,6.875,8,7,6.83333333333333,8,6,7,2,6,1,1,7,2997,1276,1721,43,691,2306,7.45325007340674,8.09870493730408,6.97469085996514,6.34651162790698,7.4612011577424,7.45086750650477,254
"252",2022,11,7.67272727272727,11,8.28,7.16666666666667,8,8,7.64,5,6,1,1,10,3008,1281,1727,44,692,2316,7.45405268284575,8.09941256830601,6.97535782860452,6.38409090909091,7.46197976878613,7.45168414075993,255
"253",2022,12,6.7875,8,8.05,3,NA,4.33333333333333,8.26,6,2,0,3,5,3016,1287,1729,44,695,2321,7.45228463859417,8.09918220668221,6.97075938114517,6.38409090909091,7.44847482014389,7.45342545023697,256
