"","year","month","avg_rating","no_ratings","avg_rating_owned","avg_rating_not_owned","avg_rating_prev_owned","avg_rating_comment","avg_rating_no_comment","no_ratings_owned","no_ratings_not_owned","no_ratings_prev_owned","no_ratings_comment","no_ratings_no_comment","cum_no_ratings","cum_no_ratings_owned","cum_no_ratings_not_owned","cum_no_ratings_prev_owned","cum_no_ratings_comment","cum_no_ratings_no_comment","cum_avg_rating","cum_avg_rating_owned","cum_avg_rating_not_owned","cum_avg_rating_prev_owned","cum_avg_rating_comment","cum_avg_rating_no_comment","month_after_release"
"1",2006,3,7,3,7,7,NA,NA,7,2,1,0,0,3,3,2,1,0,0,3,7,7,7,NA,NA,7,0
"2",2006,4,6.91666666666667,6,7,6.9,7,7,6.83333333333333,1,5,1,3,3,9,3,6,1,3,6,6.94444444444444,7,6.91666666666667,7,7,6.91666666666667,1
"3",2006,5,6.8125,8,7.5,6.4,5,7.125,6.5,3,5,1,4,4,17,6,11,2,7,10,6.88235294117647,7.25,6.68181818181818,6,7.07142857142857,6.75,2
"4",2006,6,6.95,10,7.25,6.75,NA,7.125,6.83333333333333,4,6,0,4,6,27,10,17,2,11,16,6.90740740740741,7.25,6.70588235294118,6,7.09090909090909,6.78125,3
"5",2006,7,7.40555555555556,18,7.9875,6.94,NA,7.49,7.3,8,10,0,10,8,45,18,27,2,21,24,7.10666666666667,7.57777777777778,6.79259259259259,6,7.28095238095238,6.95416666666667,4
"6",2006,8,7.51666666666667,66,8.16451612903226,6.94285714285714,7.21428571428571,7.4625,7.54761904761905,31,35,7,24,42,111,49,62,9,45,66,7.35045045045045,7.94897959183673,6.87741935483871,6.94444444444444,7.37777777777778,7.33181818181818,5
"7",2006,9,7.12421875,64,7.57941176470588,6.60833333333333,6.5,6.89,7.27435897435897,34,30,2,25,39,175,83,92,11,70,105,7.26771428571429,7.79759036144578,6.78967391304348,6.86363636363636,7.20357142857143,7.31047619047619,6
"8",2006,10,7.28064516129032,62,7.635,6.63636363636364,7.66666666666667,7.36818181818182,7.2325,40,22,3,22,40,237,123,114,14,92,145,7.2710970464135,7.74471544715447,6.76008771929825,7.03571428571429,7.2429347826087,7.28896551724138,7
"9",2006,11,7.22156862745098,51,7.84761904761905,6.78333333333333,7.5,7.1875,7.23714285714286,21,30,5,16,35,288,144,144,19,108,180,7.26232638888889,7.75972222222222,6.76493055555556,7.15789473684211,7.23472222222222,7.27888888888889,8
"10",2006,12,7.65616438356164,73,7.892,7.14347826086957,6.71666666666667,7.73913043478261,7.618,50,23,6,23,50,361,194,167,25,131,230,7.34196675900277,7.79381443298969,6.81706586826347,7.052,7.32328244274809,7.35260869565217,9
"11",2007,1,7.46290322580645,62,7.84411764705882,7,7.58333333333333,7.34090909090909,7.53,34,28,6,22,40,423,228,195,31,153,270,7.3596926713948,7.80131578947368,6.84333333333333,7.15483870967742,7.32581699346405,7.37888888888889,10
"12",2007,2,7.40308278688525,61,7.63095238095238,6.89937105263158,8,7.47,7.33832419354839,42,19,1,30,31,484,270,214,32,183,301,7.36516126033058,7.77481481481481,6.84830864485981,7.18125,7.34945355191257,7.37471112956811,11
"13",2007,3,7.21333333333333,45,7.70454545454545,6.74347826086957,8.4,7.44,6.93,22,23,3,25,20,529,292,237,35,208,321,7.35224584120983,7.7695205479452,6.83813523206751,7.28571428571429,7.36033653846154,7.34700327102804,12
"14",2007,4,7.21953488372093,43,7.78916666666667,6.5,NA,7.28761904761905,7.15454545454545,24,19,0,21,22,572,316,256,35,229,343,7.34226931818182,7.77101265822785,6.8130392578125,7.28571428571429,7.35366812227074,7.33465903790087,13
"15",2007,5,7.38305084745763,59,7.74137931034483,7.03666666666667,7.58571428571429,7.2,7.46341463414634,29,30,7,18,41,631,345,286,42,247,384,7.3460824881141,7.76852173913043,6.83649667832168,7.33571428571429,7.34246963562753,7.34840638020833,14
"16",2007,6,7.62131147540984,61,7.94594594594595,7.12083333333333,7.57142857142857,7.81818181818182,7.51025641025641,37,24,7,22,39,692,382,310,49,269,423,7.37034400289017,7.78570680628272,6.85850983870968,7.36938775510204,7.38137546468401,7.36332872340426,15
"17",2007,7,7.46,55,7.79264705882353,6.92142857142857,7,7.37173913043478,7.5234375,34,21,2,23,32,747,416,331,51,292,455,7.37694518072289,7.78627403846154,6.86250166163142,7.35490196078431,7.38061643835616,7.37458912087912,16
"18",2007,8,7.36140350877193,57,7.61714285714286,6.95454545454545,8,7.11153846153846,7.57096774193548,35,22,5,26,31,804,451,353,56,318,486,7.37584334577114,7.77314855875831,6.868238101983,7.4125,7.35861635220126,7.38711532921811,17
"19",2007,9,7.30267857142857,56,7.61515151515152,6.85434782608696,7,7.44444444444444,7.23552631578947,33,23,2,18,38,860,484,376,58,336,524,7.37107912790698,7.76237603305785,6.86738843085106,7.39827586206897,7.36321428571428,7.37612223282443,18
"20",2007,10,7.1986301369863,73,7.5125,6.81818181818182,6.85714285714286,7.29166666666667,7.1530612244898,40,33,7,24,49,933,524,409,65,360,573,7.35758633440514,7.74330152671756,6.86341821515892,7.34,7.35844444444444,7.35704720767888,19
"21",2007,11,7.66712328767123,73,7.89142857142857,7.46052631578947,6.5,7.85666666666667,7.53488372093023,35,38,2,30,43,1006,559,447,67,390,616,7.38004776341948,7.75257602862254,6.91417908277405,7.31492537313433,7.39676923076923,7.36946112012987,20
"22",2007,12,7.3593023255814,86,7.65409836065574,6.64,7.375,7.53125,7.25740740740741,61,25,4,32,54,1092,620,472,71,422,670,7.37841396520146,7.74288709677419,6.89965688559322,7.31830985915493,7.40696682464455,7.36042992537313,21
"23",2008,1,7.26280487804878,82,7.64183673469388,6.7,6.83,7.06458333333333,7.3448275862069,49,33,10,24,58,1174,669,505,81,446,728,7.37033905451448,7.73548579970104,6.88661,7.25802469135802,7.38854260089686,7.35918688186813,22
"24",2008,2,7.44915254237288,59,7.77941176470588,7,6.83333333333333,7.528,7.39117647058824,34,25,6,25,34,1233,703,530,87,471,762,7.3741103406326,7.73761024182077,6.89195858490566,7.22873563218391,7.39594479830148,7.36061423884514,23
"25",2008,3,7.4741935483871,62,7.98484848484848,6.89310344827586,6.91428571428571,7.475,7.47368421052632,33,29,7,24,38,1295,736,559,94,495,800,7.37890196911197,7.74869565217391,6.89201797853309,7.20531914893617,7.39977777777778,7.3659850625,24
"26",2008,4,7.38222222222222,45,7.48928571428571,7.20588235294118,7.75,7.71333333333333,7.21666666666667,28,17,2,15,30,1340,764,576,96,510,830,7.37901347014925,7.73918848167539,6.90128133680556,7.21666666666667,7.409,7.36058801204819,25
"27",2008,5,7.24883720930233,43,7.588,6.77777777777778,5.5,7.58,7.07142857142857,25,18,3,15,28,1383,789,594,99,525,858,7.37496605206074,7.7343979721166,6.8975388047138,7.16464646464646,7.41388571428571,7.35115157342657,26
"28",2008,6,7.23148148148148,54,7.56666666666667,6.8125,6.5,7.39130434782609,7.11290322580645,30,24,6,23,31,1437,819,618,105,548,889,7.36957414752958,7.72825396825397,6.89423632686084,7.12666666666667,7.41293795620438,7.3428437007874,27
"29",2008,7,7.36065573770492,61,7.73636363636364,6.91785714285714,6.8,7.17096774193548,7.55666666666667,33,28,10,31,30,1498,852,646,115,579,919,7.36921098130841,7.72856807511737,6.89526013931888,7.09826086956522,7.39998272884283,7.34982377584331,28
"30",2008,8,7.35652173913043,46,7.66212121212121,6.58076923076923,6.91666666666667,7.60416666666667,7.26911764705882,33,13,3,12,34,1544,885,659,118,591,953,7.36883293393782,7.72609039548022,6.8890562215478,7.09364406779661,7.40412859560068,7.3469444386149,29
"31",2008,9,7.1225,40,7.66315789473684,6.63333333333333,7,6.68,7.388,19,21,6,15,25,1584,904,680,124,606,978,7.36261240530303,7.72476769911504,6.88115889705882,7.08911290322581,7.38620462046204,7.34799391615542,30
"32",2008,10,7.2384375,48,7.45727272727273,7.05326923076923,7.78,7.05233333333333,7.3230303030303,22,26,5,15,33,1632,926,706,129,621,1011,7.35896020220588,7.71841252699784,6.88749723796034,7.11589147286822,7.37814009661836,7.34717908011869,31
"33",2008,11,7.17222222222222,72,7.77714285714286,6.6,6.35714285714286,6.88636363636364,7.298,35,37,14,22,50,1704,961,743,143,643,1061,7.35106986502347,7.72055150884495,6.87318041722746,7.04160839160839,7.36131415241057,7.34486149858624,32
"34",2008,12,7.15579710144928,69,7.37702702702703,6.9,7.22222222222222,7.28888888888889,7.10882352941176,37,32,9,18,51,1773,998,775,152,661,1112,7.34347041737169,7.70781563126253,6.87428780645161,7.05230263157895,7.35934190620272,7.33403601618705,33
"35",2009,1,7.03235294117647,68,7.215,6.77142857142857,6.72307692307692,7.18421052631579,6.9734693877551,40,28,13,19,49,1841,1038,803,165,680,1161,7.3319788430201,7.6888246628131,6.87070118306351,7.02636363636364,7.35444852941176,7.31881830318691,34
"36",2009,2,6.97156862745098,102,7.375,6.61296296296296,6.81818181818182,7.29166666666667,6.87307692307692,48,54,11,24,78,1943,1086,857,176,704,1239,7.31305869788986,7.67495395948435,6.85446096849475,7.01335227272727,7.35230823863636,7.29075710250202,35
"37",2009,3,7.2175,100,7.60425531914894,6.87452830188679,6.88529411764706,7.68695652173913,7.07727272727273,47,53,17,23,77,2043,1133,910,193,727,1316,7.30838132648067,7.67202118270079,6.85562972527473,7.0020725388601,7.3628954607978,7.27826599544073,36
"38",2009,4,7.08913043478261,92,7.27804878048781,6.93725490196078,7.02857142857143,7.40555555555556,7.01216216216216,41,51,7,18,74,2135,1174,961,200,745,1390,7.29893351288056,7.65826235093697,6.85996155046826,7.003,7.36392617449664,7.26409931654676,37
"39",2009,5,6.82692307692308,104,7.33333333333333,6.44067796610169,6.55,6.81481481481481,6.83116883116883,45,59,20,27,77,2239,1219,1020,220,772,1467,7.27700895489058,7.64626743232157,6.83570887254902,6.96181818181818,7.34472150259067,7.24137563053851,38
"40",2009,6,6.9379746835443,79,7.23414634146341,6.61842105263158,6.71428571428571,7.07142857142857,6.88965517241379,41,38,7,21,58,2318,1260,1058,227,793,1525,7.26545429249353,7.63285714285714,6.82790458412098,6.95418502202643,7.3374842370744,7.22799872131148,39
"41",2009,7,7.0160447761194,67,7.44827586206897,6.68618421052632,6.734375,6.86875,7.07872340425532,29,38,8,20,47,2385,1289,1096,235,813,1572,7.2584478197065,7.62870442203258,6.82299092153285,6.94670212765957,7.32595325953259,7.22353565521629,40
"42",2009,8,7.17164179104478,67,7.51538461538462,6.95365853658537,6.88181818181818,7.275,7.13921568627451,26,41,11,16,51,2452,1315,1137,246,829,1623,7.25607587683524,7.626463878327,6.82770277044855,6.94380081300813,7.32496984318456,7.22088604436229,41
"43",2009,9,6.86231884057971,69,7.35357142857143,6.52682926829268,6.22631578947368,6.225,7.12244897959184,28,41,19,20,49,2521,1343,1178,265,849,1672,7.24529871082904,7.62077438570365,6.81723094227504,6.89235849056604,7.29905771495877,7.21800122607656,42
"44",2009,10,6.85939759036145,83,7.39666666666667,6.55528301886792,6.16666666666667,6.59545454545455,6.95459016393443,30,53,21,22,61,2604,1373,1231,286,871,1733,7.23299848310292,7.61587764020393,6.80595292445167,6.83907342657343,7.2812858783008,7.20872939988459,43
"45",2009,11,7.00879120879121,91,7.7625,6.41764705882353,6.63076923076923,6.82631578947368,7.05694444444444,40,51,13,19,72,2695,1413,1282,299,890,1805,7.22542784786642,7.62002830856334,6.79050549921997,6.83001672240803,7.27157303370786,7.2026748199446,44
"46",2009,12,7.02857142857143,77,7.70555555555556,6.43414634146342,6.38571428571429,7.32352941176471,6.945,36,41,14,17,60,2772,1449,1323,313,907,1865,7.21995961399711,7.62215320910973,6.77946186696901,6.81014376996805,7.27254685777288,7.19438501340483,45
"47",2010,1,7.0978021978022,91,7.53181818181818,6.69148936170213,6.42,6.95,7.14492753623188,44,47,15,22,69,2863,1493,1370,328,929,1934,7.21607685993713,7.61949095780308,6.77644383211679,6.79230182926829,7.26490850376749,7.19262050155119,46
"48",2010,2,6.83951612903226,62,7.73333333333333,6.275,6.66666666666667,6.67,6.8936170212766,24,38,6,15,47,2925,1517,1408,334,944,1981,7.20809505982906,7.62129202373105,6.762910546875,6.79004491017964,7.25545550847457,7.18552652700656,47
"49",2010,3,7.11636363636364,55,7.68333333333333,6.67741935483871,6.25,7.52272727272727,7.01477272727273,24,31,7,11,44,2980,1541,1439,341,955,2025,7.20640203020134,7.62225827384815,6.76106883252259,6.77895894428153,7.25853403141361,7.18181632098766,48
"50",2010,4,6.99137931034483,58,7.603125,6.23846153846154,7.5,7.33478260869565,6.76571428571429,32,26,3,23,35,3038,1573,1465,344,978,2060,7.20229692231731,7.62186904005086,6.75179389078498,6.78524709302326,7.26032719836401,7.17474662621359,49
"51",2010,5,7.04423076923077,52,7.53703703703704,6.512,6.83333333333333,6.70909090909091,7.13414634146341,27,25,6,11,41,3090,1600,1490,350,989,2101,7.19963690938511,7.6204375,6.7477705033557,6.78607142857143,7.25419615773508,7.17395433127082,50
"52",2010,6,7.13181818181818,44,7.46296296296296,6.60588235294118,6.7875,7.18181818181818,7.11515151515152,27,17,8,11,33,3134,1627,1507,358,1000,2134,7.19868476388003,7.61782421634911,6.7461699071002,6.78610335195531,7.2534,7.17304500937207,51
"53",2010,7,6.86022727272727,44,7.35,6.37045454545455,6.25,7.15909090909091,6.76060606060606,22,22,7,11,33,3178,1649,1529,365,1011,2167,7.19399875707992,7.61425106124924,6.74076393067364,6.77582191780822,7.25237388724035,7.16676421319797,52
"54",2010,8,6.66078431372549,51,7.388,5.96153846153846,6.1,6.46666666666667,6.74166666666667,25,26,10,15,36,3229,1674,1555,375,1026,2203,7.18557697429545,7.61087216248507,6.72773508038585,6.7578,7.24088693957115,7.15981754425783,53
"55",2010,9,6.96333333333333,45,7.57,6.478,7,6.77272727272727,7.025,20,25,2,11,34,3274,1694,1580,377,1037,2237,7.18252231215638,7.61038961038961,6.72378357594937,6.75908488063661,7.23592092574735,7.1577684622262,54
"56",2010,10,6.88867924528302,53,7.55925925925926,6.19230769230769,6.3125,6.98333333333333,6.8609756097561,27,26,8,12,41,3327,1721,1606,385,1049,2278,7.17784131349564,7.60958744915747,6.71517935865504,6.7498051948052,7.23303145853193,7.1524267120281,55
"57",2010,11,6.97671875,64,7.18166666666667,6.79588235294118,6.71428571428571,7.47916666666667,6.86076923076923,30,34,7,12,52,3391,1751,1640,392,1061,2330,7.17404542907697,7.60225585379783,6.71685246951219,6.74917091836735,7.23581526861451,7.14591761802575,56
"58",2010,12,6.83364864864865,74,7.24088235294118,6.4875,6.45454545454545,6.54615384615385,6.89491803278688,34,40,11,13,61,3465,1785,1680,403,1074,2391,7.16677577200577,7.59537254901961,6.71139169642857,6.74112903225806,7.22746741154562,7.13951403178586,57
"59",2011,1,7.115425,80,7.48012903225806,6.88469387755102,6.89375,6.57581818181818,7.20144927536232,31,49,16,11,69,3545,1816,1729,419,1085,2460,7.1656169393512,7.59340528634361,6.71630309427415,6.74695704057279,7.22086082949309,7.1412512398374,58
"60",2011,2,6.90606060606061,66,7.31621621621622,6.38275862068966,6.38461538461539,6.69,7,37,29,13,20,46,3611,1853,1758,432,1105,2506,7.16087290224314,7.58787048030221,6.71080093856655,6.73605324074074,7.21125248868778,7.13865843974461,59
"61",2011,3,6.74274193548387,62,7.142,6.47297297297297,6,6.88461538461539,6.70510204081633,25,37,10,13,49,3673,1878,1795,442,1118,2555,7.15381487884563,7.58193503727369,6.70589863509749,6.71940045248869,7.20745438282647,7.13034365949119,60
"62",2011,4,6.95194117647059,51,7.21153846153846,6.68196,6.64285714285714,7,6.92791176470588,26,25,7,17,34,3724,1904,1820,449,1135,2589,7.15105022824919,7.57687710084034,6.70556980769231,6.71820712694878,7.20434713656388,7.12768522595597,61
"63",2011,5,6.88363636363636,55,7.61111111111111,6.52972972972973,6.71428571428571,7.33333333333333,6.79565217391304,18,37,7,9,46,3779,1922,1857,456,1144,2635,7.14715825615242,7.577197710718,6.70206626278945,6.71814692982456,7.20536188811189,7.12188882352941,62
"64",2011,6,6.70512820512821,39,7.28409090909091,5.95588235294118,7,7.3125,6.54838709677419,22,17,4,8,31,3818,1944,1874,460,1152,2666,7.14264301990571,7.57388065843621,6.69529725186766,6.72059782608696,7.20610590277778,7.1152201987997,63
"65",2011,7,6.71875,48,7.54545454545455,6.01923076923077,6.5,6.57142857142857,6.77941176470588,22,26,9,14,34,3866,1966,1900,469,1166,2700,7.13737999224004,7.57356256358088,6.68604581578947,6.71636460554371,7.19848542024013,7.1109915,64
"66",2011,8,6.73478260869565,46,6.98863636363636,6.50208333333333,6.33333333333333,6.31428571428571,6.81025641025641,22,24,6,7,39,3912,1988,1924,475,1173,2739,7.13264597392638,7.56708953722334,6.68375106548857,6.71152631578947,7.19320886615516,7.10670940124133,65
"67",2011,9,6.87755102040816,49,7.19615384615385,6.51739130434783,6.575,6.71428571428571,6.90476190476191,26,23,8,7,42,3961,2014,1947,483,1180,2781,7.12949029285534,7.56230089374379,6.68178585002568,6.70926501035197,7.19036779661017,7.10365949298813,66
"68",2011,10,6.87384615384615,65,7.46296296296296,6.45526315789474,6.5,6.84375,6.88367346938776,27,38,7,16,49,4026,2041,1985,490,1196,2830,7.12536290362643,7.56098677119059,6.677449395466,6.70627551020408,7.18573076923077,7.09985054770318,67
"69",2011,11,6.93254545454545,66,7.46963636363636,6.39545454545455,6.825,7.49981818181818,6.81909090909091,33,33,10,11,55,4092,2074,2018,500,1207,2885,7.12225294477028,7.55953326904532,6.67283798315164,6.70865,7.1885932062966,7.09449811091854,68
"70",2011,12,7.03869565217391,46,7.5512,6.42857142857143,6.5,7.48421052631579,6.72518518518519,25,21,3,19,27,4138,2099,2039,503,1226,2912,7.12132408168197,7.55943401619819,6.67032224129475,6.7074055666004,7.19317455138662,7.09107384958791,69
"71",2012,1,6.92575757575758,66,7.54827586206897,6.43783783783784,6.5,6.56,7.08478260869565,29,37,11,20,46,4204,2128,2076,514,1246,2958,7.11825381779257,7.55928195488722,6.66617873314066,6.70296692607004,7.18301123595506,7.09097601419878,70
"72",2012,2,6.98444444444444,45,7.28076923076923,6.57894736842105,6.33333333333333,7.0625,6.96756756756757,26,19,6,8,37,4249,2154,2095,520,1254,2995,7.11683667921864,7.55592014856082,6.66538761336516,6.69870192307692,7.18224242424242,7.08945143572621,71
"73",2012,3,6.8,55,7.32608695652174,6.421875,6.5,7.5625,6.67021276595745,23,32,12,8,47,4304,2177,2127,532,1262,3042,7.11278788336431,7.55349196141479,6.66172404795487,6.69421992481203,7.1846529318542,7.08297404667982,72
"74",2012,4,7.09375,32,7.8,6.3875,6,7.91666666666667,6.90384615384615,16,16,1,6,26,4336,2193,2143,533,1268,3068,7.11264738238007,7.55529046967624,6.65967664489034,6.69291744840525,7.1881167192429,7.0814560136897,73
"75",2012,5,7.07794117647059,34,7.78846153846154,6.63809523809524,6.66666666666667,8.05,6.91034482758621,13,21,3,5,29,4370,2206,2164,536,1273,3097,7.1123773569794,7.55666455122393,6.65946721349353,6.69277052238806,7.19150196386489,7.07985374556022,74
"76",2012,6,6.94342105263158,38,7.22619047619048,6.59411764705882,6.61666666666667,6.83333333333333,6.97758620689655,21,17,6,9,29,4408,2227,2181,542,1282,3126,7.11092083711433,7.55354827121688,6.65895784044017,6.69192804428044,7.18898751950078,7.07890500639795,75
"77",2012,7,7.19030303030303,33,7.71875,6.69294117647059,6.62857142857143,7.25,7.15619047619048,16,17,7,12,21,4441,2243,2198,549,1294,3147,7.11151070704796,7.55472670530539,6.65922067788899,6.69112021857924,7.18955332302937,7.07942073403241,76
"78",2012,8,6.93275862068965,29,7.34642857142857,6.54666666666667,7,7.91428571428571,6.62045454545455,14,15,2,7,22,4470,2257,2213,551,1301,3169,7.11035101789709,7.55343464776251,6.65845777225486,6.69224137931035,7.19345272867025,7.07623447459766,77
"79",2012,9,6.52121212121212,33,7.23333333333333,5.92777777777778,5.66666666666667,7.75,6.35172413793103,15,18,9,4,29,4503,2272,2231,560,1305,3198,7.10603354430379,7.5513213028169,6.65256255042582,6.67575892857143,7.19515862068965,7.0696644934334,78
"80",2012,10,7.1875,36,7.44117647058824,6.96052631578947,7.08333333333333,7.14285714285714,7.19827586206897,17,19,6,7,29,4539,2289,2250,566,1312,3227,7.10667967614011,7.55050327653997,6.65516313333333,6.68007950530035,7.19487957317073,7.07082028199566,79
"81",2012,11,6.83870967741935,31,7.25333333333333,6.45,6.55,7,6.78260869565217,15,16,4,8,23,4570,2304,2266,570,1320,3250,7.10486193654266,7.54856857638889,6.65371449691086,6.67916666666667,7.19369848484848,7.06878063076923,80
"82",2012,12,6.757,50,7.18148148148148,6.25869565217391,6.025,6.15,6.90875,27,23,10,10,40,4620,2331,2289,580,1330,3290,7.10109719696969,7.5443166023166,6.64974532546964,6.66788793103448,7.18585112781955,7.06683496960486,81
"83",2013,1,6.96022727272727,44,7.13392857142857,6.65625,5.5,6.525,7.08823529411765,28,16,2,10,34,4664,2359,2305,582,1340,3324,7.09976823542024,7.539445527766,6.64979047722343,6.66387457044674,7.18091940298507,7.06705386582431,82
"84",2013,2,7.01428571428571,42,7.4375,6.75384615384615,7.83333333333333,7.75,6.89166666666667,16,26,6,6,36,4706,2375,2331,588,1346,3360,7.09900532299192,7.5387587368421,6.65095111540112,6.67580782312925,7.18345616641902,7.0651747172619,83
"85",2013,3,6.69375,32,7.29375,6.09375,6.4,7.48888888888889,6.38260869565217,16,16,5,9,23,4738,2391,2347,593,1355,3383,7.09626826720134,7.53711919698871,6.64715255645505,6.67348229342327,7.18548487084871,7.06053415607449,84
"86",2013,4,6.56821428571429,28,7.22727272727273,6.14176470588235,6.1,6.66375,6.53,11,17,5,8,20,4766,2402,2364,598,1363,3403,7.09316597775912,7.53570024979184,6.6435182106599,6.6686872909699,7.18242259721203,7.05741611813106,85
"87",2013,5,7.19130434782609,46,7.44782608695652,6.93478260869565,6.88888888888889,6.90909090909091,7.28,23,23,9,11,35,4812,2425,2387,607,1374,3438,7.0941041251039,7.53486680412371,6.64632469627147,6.67195222405272,7.18023435225618,7.0596820971495,86
"88",2013,6,7.01764705882353,34,7.22777777777778,6.78125,7,6.98461538461538,7.03809523809524,18,16,5,13,21,4846,2443,2403,612,1387,3459,7.09356769500619,7.53260417519443,6.64722307532252,6.67463235294118,7.17840086517664,7.05955104076322,87
"89",2013,7,6.99966666666667,30,7.69230769230769,6.47,6.5,6.92857142857143,7.02130434782609,13,17,6,7,23,4876,2456,2420,618,1394,3482,7.09298996103363,7.53344951140065,6.64597811983471,6.67293689320388,7.17714634146341,7.05929840608845,88
"90",2013,8,7.168,25,7.51176470588235,6.4375,8.75,7.7125,6.91176470588235,17,8,2,8,17,4901,2473,2428,620,1402,3499,7.09337258722709,7.53330044480388,6.64529120675453,6.67963709677419,7.18020114122682,7.05858160903115,89
"91",2013,9,6.5078947368421,38,7.3,5.99130434782609,6.13,6.08333333333333,6.5875,15,23,10,6,32,4939,2488,2451,630,1408,3531,7.08886799959505,7.53189389067524,6.63915424316606,6.6709126984127,7.17552698863636,7.05431239025772,90
"92",2013,10,6.66346153846154,26,6.55,6.734375,6.35714285714286,7.25,6.55681818181818,10,16,7,4,22,4965,2498,2467,637,1412,3553,7.08664029204431,7.52796317053643,6.6397718078638,6.66746467817896,7.17573796033994,7.05123193076273,91
"93",2013,11,6.74125,40,7.1,6.3825,4.5,7.44285714285714,6.59242424242424,20,20,3,7,33,5005,2518,2487,640,1419,3586,7.08387993006993,7.52456393963463,6.63770287494974,6.6573046875,7.17705567300916,7.04700977412158,92
"94",2013,12,6.28974358974359,39,7.25,5.86296296296296,5.8125,6,6.32285714285714,12,27,8,4,35,5044,2530,2514,648,1423,3621,7.07773970063441,7.52326166007905,6.62938227923628,6.646875,7.17374701335207,7.04001023198011,93
"95",2014,1,6.95636363636364,55,7.4,6.4962962962963,6.58333333333333,7.15,6.87692307692308,28,27,6,16,39,5099,2558,2541,654,1439,3660,7.07643048636987,7.52191243158718,6.6279681424636,6.64629204892966,7.1734829742877,7.03827241803278,94
"96",2014,2,6.63714285714286,35,7.15833333333333,6.36521739130435,5.92857142857143,6.36666666666667,6.73076923076923,12,23,7,9,26,5134,2570,2564,661,1448,3686,7.07343573237242,7.52021478599222,6.62561117394696,6.63869137670197,7.1684682320442,7.03610337764514,95
"97",2014,3,6.69047619047619,21,7.375,6.26923076923077,7,8,6.625,8,13,1,1,20,5155,2578,2577,662,1449,3706,7.07187566440349,7.51976415826222,6.62381336825767,6.63923716012085,7.16904209799862,7.03388479492714,96
"98",2014,4,6.88260869565217,23,7.33,6.53846153846154,7.15,7.2,6.77058823529412,10,13,4,6,17,5178,2588,2590,666,1455,3723,7.07103496523754,7.51903091190108,6.62338496138996,6.64230480480481,7.16916975945017,7.03268252753156,97
"99",2014,5,6.96451612903226,31,7.625,6.54736842105263,6.8,7.075,6.92608695652174,12,19,7,8,23,5209,2600,2609,673,1463,3746,7.07040104626607,7.51952,6.62283137217325,6.64394502228826,7.16865481886534,7.03202804324613,98
"100",2014,6,7.146875,32,7.56,6.78235294117647,6.75,7.46875,7.03958333333333,15,17,6,8,24,5241,2615,2626,679,1471,3770,7.07086797366914,7.51975219885277,6.62386407083016,6.644882179676,7.17028687967369,7.03207614058355,99
"101",2014,7,6.70769230769231,26,7.12727272727273,6.4,6.66666666666667,7.125,6.63181818181818,11,15,6,4,22,5267,2626,2641,685,1475,3792,7.06907519460793,7.51810814927647,6.62259259750095,6.64507299270073,7.17016406779661,7.02975396888185,100
"102",2014,8,6.52,30,6.375,6.68571428571429,7,7.07,6.245,16,14,4,10,20,5297,2642,2655,689,1485,3812,7.06596546158202,7.5111854655564,6.62292544256121,6.64713352685051,7.16948956228956,7.02563668677859,101
"103",2014,9,7.15757575757576,33,7.53684210526316,6.64285714285714,6.44444444444444,7.09230769230769,7.2,19,14,9,13,20,5330,2661,2669,698,1498,3832,7.06653265478424,7.5113686583991,6.62302999250656,6.64452005730659,7.16881975967957,7.02654672494781,102
"104",2014,10,6.64864864864865,37,6.86842105263158,6.41666666666667,6.75,6.1875,6.77586206896552,19,18,8,8,29,5367,2680,2687,706,1506,3861,7.06365177007639,7.50681044776119,6.62164758094529,6.64571529745043,7.16360690571049,7.02466383061383,103
"105",2014,11,7.06133333333333,30,7.42105263157895,6.44,6.5,6.78571428571429,7.14521739130435,19,11,2,7,23,5397,2699,2698,708,1513,3884,7.06363888271261,7.50620674323824,6.62090698665679,6.64530367231639,7.161858559154,7.02537771627188,104
"106",2014,12,7.07142857142857,21,7.30769230769231,6.6875,7.16666666666667,7.5,6.9375,13,8,3,5,16,5418,2712,2706,711,1518,3900,7.06366907530454,7.50525516224189,6.62110386178862,6.6475035161744,7.16297233201581,7.02501719230769,105
"107",2015,1,6.87027027027027,37,7.22,6.45882352941176,6.46666666666667,6.98333333333333,6.84838709677419,20,17,6,6,31,5455,2732,2723,717,1524,3931,7.06235729605866,7.50316691068814,6.62009072713919,6.64599023709903,7.16226509186352,7.02362428135334,106
"108",2015,2,6.803125,32,7.41666666666667,6.435,6.31818181818182,6,6.98846153846154,12,20,11,6,26,5487,2744,2743,728,1530,3957,7.06084546200109,7.50278862973761,6.61874117754284,6.64103708791209,7.15770718954248,7.02339323982815,107
"109",2015,3,6.9568,25,7.43818181818182,6.57857142857143,6.71428571428571,7.5,6.821,11,14,7,5,20,5512,2755,2757,735,1535,3977,7.0603735576923,7.50253067150635,6.61853719622779,6.64173469387755,7.15882214983713,7.02237542117174,108
"110",2015,4,7.00344827586207,29,7.32272727272727,6.80833333333333,7.6,7.13888888888889,6.9425,11,18,5,9,20,5541,2766,2775,740,1544,3997,7.06007562714311,7.50181561822126,6.61976830630631,6.64820945945946,7.15870595854922,7.02197574430823,109
"111",2015,5,6.48064516129032,31,6.94375,5.98666666666667,6.03333333333333,6.525,6.46521739130435,16,15,6,8,23,5572,2782,2790,746,1552,4020,7.05685194723617,7.49860603882099,6.61636453405018,6.64326407506703,7.15543943298969,7.01879031094527,110
"112",2015,6,6.38421052631579,19,7.11428571428571,5.95833333333333,7.5,7.1,6.12857142857143,7,12,2,5,14,5591,2789,2802,748,1557,4034,7.05456609729923,7.49764144854787,6.61354641327623,6.64555481283423,7.15526140012845,7.01570080565196,111
"113",2015,7,7.615,20,7.95454545454545,7.2,7.8,8.33333333333333,7.48823529411765,11,9,1,3,17,5611,2800,2811,749,1560,4051,7.05656372304402,7.49943642857143,6.61542406616863,6.6470961281709,7.15752692307692,7.01768379412491,112
"114",2015,8,6.73260869565217,23,7.14090909090909,6.35833333333333,6.16666666666667,6.75,6.72894736842105,11,12,3,4,19,5634,2811,2823,752,1564,4070,7.05524122293219,7.49803344005692,6.61433122564648,6.6451795212766,7.15648465473146,7.01633588452088,113
"115",2015,9,6.96739130434783,23,7.59615384615385,6.15,5.625,7.25,6.81666666666667,13,10,4,8,15,5657,2824,2833,756,1572,4085,7.0548840463143,7.49848512747875,6.61269221673138,6.63978174603175,7.15696055979644,7.01560270501836,114
"116",2015,10,7.20454545454545,22,7.65384615384615,6.55555555555556,5.66666666666667,6.5,7.41176470588235,13,9,3,5,17,5679,2837,2842,759,1577,4102,7.05546382285613,7.49919703912584,6.61251127726953,6.63593544137023,7.15487761572606,7.01724452705997,115
"117",2015,11,6.8140625,32,7.45833333333333,6.4275,6,6,6.93035714285714,12,20,4,4,28,5711,2849,2862,763,1581,4130,7.05411119768867,7.49902492102492,6.61121839622642,6.63260157273919,7.15195572422517,7.01665546004842,116
"118",2015,12,7.1,28,7.15,7.07222222222222,6.98,7.48,7.01739130434783,10,18,5,5,23,5739,2859,2880,768,1586,4153,7.05433508450949,7.49780412731724,6.61409967013889,6.63486328125,7.15298991172762,7.0166595352757,117
"119",2016,1,7.03783783783784,37,7.39285714285714,6.82173913043478,6.8625,7.27777777777778,6.96071428571429,14,23,8,9,28,5776,2873,2903,776,1595,4181,7.05422940616343,7.49729272537417,6.6157447640372,6.63721005154639,7.15369404388715,7.01628487204018,118
"120",2016,2,6.93333333333333,30,7.80769230769231,6.26470588235294,6.3,8,6.81481481481481,13,17,10,3,27,5806,2886,2920,786,1598,4208,7.05360472786772,7.49869092169092,6.61370104452055,6.63291984732825,7.15528285356696,7.0149921696768,119
"121",2016,3,6.67407407407407,27,7.16666666666667,6.42777777777778,6.58333333333333,7.07142857142857,6.535,9,18,6,7,20,5833,2895,2938,792,1605,4228,7.05184794273958,7.49765872193437,6.61256196392104,6.63254419191919,7.15491713395639,7.01272162961211,120
"122",2016,4,6.96166666666667,30,7.50714285714286,6.484375,5.83333333333333,6.83333333333333,6.99375,14,16,3,6,24,5863,2909,2954,795,1611,4252,7.05138650008528,7.49770436576143,6.61186765402844,6.62952830188679,7.15371942892613,7.01261454609595,121
"123",2016,5,6.9375,16,7.125,6.75,7.25,6.75,6.96428571428571,8,8,2,2,14,5879,2917,2962,797,1613,4266,7.05107655213471,7.49668220774768,6.6122407326131,6.63108531994981,7.15321884686919,7.01245594233474,122
"124",2016,6,7.02272727272727,22,7.46428571428571,6.25,6,7.15,7.01,14,8,3,2,20,5901,2931,2970,800,1615,4286,7.05097086087103,7.496527465029,6.611265,6.62871875,7.15321486068111,7.01244448203453,123
"125",2016,7,7.07236842105263,38,7.71428571428571,6.27941176470588,6.08333333333333,6.75,7.11029411764706,21,17,6,4,34,5939,2952,2987,806,1619,4320,7.05110777066846,7.49807655826558,6.60937631402745,6.624658808933,7.15221865348981,7.01321459490741,124
"126",2016,8,7.01055555555556,36,7.4815,6.421875,6,7.52571428571429,6.88620689655172,20,16,5,7,29,5975,2972,3003,811,1626,4349,7.05086343933054,7.49796500672947,6.60837730602731,6.62080764488286,7.15382656826568,7.0123676822258,125
"127",2016,9,6.67033333333333,30,6.90071428571429,6.46875,5.5,6.185,6.79166666666667,14,16,2,6,24,6005,2986,3019,813,1632,4373,7.04896237302248,7.49516476892163,6.60763731368003,6.61805043050431,7.15026470588235,7.01115642579465,126
"128",2016,10,6.9695652173913,23,7.45,6.22222222222222,7,7.53333333333333,6.77058823529412,14,9,1,6,17,6028,3000,3028,814,1638,4390,7.04865943098872,7.494954,6.60649176023778,6.61851965601966,7.15166788766789,7.01022484054669,127
"129",2016,11,7.32592592592593,27,7.80769230769231,6.87857142857143,7.46666666666667,7.96,7.18181818181818,13,14,6,5,22,6055,3013,3042,820,1643,4412,7.04989579686209,7.49630335214072,6.60774393491124,6.6247256097561,7.15412781497261,7.01108047370807,128
"130",2016,12,6.64193548387097,31,7.31538461538462,6.15555555555556,7,6.68571428571429,6.62916666666667,13,18,3,7,24,6086,3026,3060,823,1650,4436,7.04781778672363,7.49552610707204,6.60508400326797,6.62609356014581,7.15214060606061,7.00901421325518,129
"131",2017,1,7.171875,32,7.66666666666667,6.53571428571429,6,6.6,7.27777777777778,18,14,6,5,27,6118,3044,3074,829,1655,4463,7.04846666394246,7.49653810775296,6.60476807091737,6.62156212303981,7.15047250755287,7.01064016356711,130
"132",2017,2,6.79545454545455,22,7.5,6.09090909090909,5.25,6.625,6.83333333333333,11,11,4,4,18,6140,3055,3085,833,1659,4481,7.04756010586319,7.49655057283142,6.60293583468396,6.61497599039616,7.14920554550934,7.0099279290337,131
"133",2017,3,7.225,20,7.44117647058824,6,NA,7,7.25,17,3,0,2,18,6160,3072,3088,833,1661,4499,7.04813620941558,7.496244140625,6.60235008095855,6.61497599039616,7.14902588801927,7.01088843076239,132
"134",2017,4,7.15393939393939,33,7.535,6.69666666666667,6.5,7.57142857142857,7.04153846153846,18,15,4,7,26,6193,3090,3103,837,1668,4525,7.04869999192637,7.49646990291262,6.6028060103126,6.61442652329749,7.15079856115108,7.01106454143646,133
"135",2017,5,6.80165,20,7.64757142857143,6.34615384615385,6.2,7,6.76664705882353,7,13,5,3,17,6213,3097,3116,842,1671,4542,7.04790472396588,7.49681143041653,6.60173525353017,6.61196555819478,7.15052782764811,7.01014972479084,134
"136",2017,6,7.21052631578947,19,7.5,6.125,6.25,5.5,7.53125,15,4,2,3,16,6232,3112,3120,844,1674,4558,7.04840052150192,7.49682679948586,6.60112405448718,6.61110781990521,7.14756989247312,7.01197894910048,135
"137",2017,7,7.16666666666667,12,7.35714285714286,6.9,NA,6.75,7.375,7,5,0,4,8,6244,3119,3125,844,1678,4566,7.04862781069827,7.49651330554665,6.601602256,6.61110781990521,7.14662216924911,7.0126149912396,136
"138",2017,8,7.1258064516129,31,7.72857142857143,6.62941176470588,6.125,7.11666666666667,7.128,14,17,4,6,25,6275,3133,3142,848,1684,4591,7.04900909163346,7.49755027130546,6.60175272119669,6.60881485849057,7.14651543942993,7.0132433130037,137
"139",2017,9,6.59210526315789,19,7.25,6.35714285714286,6.28571428571429,6.25,6.68333333333333,5,14,7,4,15,6294,3138,3156,855,1688,4606,7.04762981410867,7.49715583173996,6.60066763307985,6.60616959064328,7.14439099526066,7.01216892097264,138
"140",2017,10,7.175,24,7.36363636363636,7.01538461538462,7,7.5,7.06666666666667,11,13,5,6,18,6318,3149,3169,860,1694,4624,7.04811365147198,7.49668942521435,6.60236890186179,6.60845930232558,7.1456505312869,7.01238106617647,139
"141",2017,11,7.06769230769231,26,7.55555555555556,6.80941176470588,6.42857142857143,7.2,7.03619047619048,9,17,7,5,21,6344,3158,3186,867,1699,4645,7.04819389186633,7.49685718809373,6.60347365034526,6.60700692041523,7.14581047675103,7.01248870828848,140
"142",2017,12,7.2804347826087,23,7.93888888888889,6.85714285714286,6.95,NA,7.2804347826087,9,14,4,0,23,6367,3167,3200,871,1699,4668,7.04903283335951,7.49811335648879,6.604583453125,6.60858208955224,7.14581047675103,7.01380892245073,141
"143",2018,1,6.67037037037037,27,7.19230769230769,6.18571428571429,6,7.1875,6.45263157894737,13,14,2,8,19,6394,3180,3214,873,1707,4687,7.04743385204879,7.49686320754717,6.60275888301182,6.60718785796105,7.14600585823081,7.01153404096437,142
"144",2018,2,7.28125,16,7.86363636363636,6,6,7.5,7.20833333333333,11,5,1,4,12,6410,3191,3219,874,1711,4699,7.04801748049922,7.49812754622375,6.60182263125194,6.60649313501144,7.14683343074226,7.01203661417323,143
"145",2018,3,7.04047619047619,21,7.31,6.79545454545455,6.6875,7.08333333333333,7.02333333333333,10,11,4,6,15,6431,3201,3230,878,1717,4714,7.04799285492147,7.49753983130272,6.60248205882353,6.60686218678816,7.14661153174141,7.01207256045821,144
"146",2018,4,6.78382352941177,34,7.16666666666667,6.575,6.85,6.27142857142857,6.91666666666667,12,22,7,7,27,6465,3213,3252,885,1724,4741,7.04660356535189,7.49630407718643,6.60229614083641,6.60878531073446,7.14305800464037,7.01152922379245,145
"147",2018,5,6.97741935483871,31,7.39375,6.53333333333333,5.9,6.5,7.06923076923077,16,15,5,5,26,6496,3229,3267,890,1729,4767,7.04627340671182,7.49579591204707,6.60197950719314,6.60480337078652,7.1411983805668,7.01184393748689,146
"148",2018,6,6.70657894736842,19,7.6925,5.61111111111111,5.83333333333333,7,6.62833333333333,10,9,3,4,15,6515,3239,3276,893,1733,4782,7.04528273983116,7.49640321086755,6.59925734126984,6.60221164613662,7.14087247547605,7.01064095566708,147
"149",2018,7,7.2,20,8.11111111111111,6.45454545454545,5.5,6.41666666666667,7.53571428571429,9,11,4,6,14,6535,3248,3287,897,1739,4796,7.04575624330528,7.49810652709359,6.59877306054153,6.59729654403568,7.13837377803335,7.01217369683069,148
"150",2018,8,6.73684210526316,19,7.21428571428571,6.45833333333333,6.8,7,6.70588235294118,7,12,5,2,17,6554,3255,3299,902,1741,4813,7.04486070338724,7.49749615975422,6.59826221582298,6.59842017738359,7.1382148190695,7.01109184500312,149
"151",2018,9,6.95882352941176,17,7.5,6.58,6.5,7.66666666666667,6.80714285714286,7,10,2,3,14,6571,3262,3309,904,1744,4827,7.04463811444224,7.49750153280196,6.59820702629193,6.59820243362832,7.13912385321101,7.01050032111042,150
"152",2018,10,6.44736842105263,19,7.7,6,6,6.5,6.44117647058824,5,14,4,2,17,6590,3267,3323,908,1746,4844,7.04291609256449,7.49781144781145,6.59568674390611,6.59556718061674,7.13839175257732,7.00850228117258,151
"153",2018,11,6.93518518518519,27,7.1875,6.73333333333333,6.83333333333333,7.15,6.88636363636364,12,15,3,5,22,6617,3279,3338,911,1751,4866,7.04247650748073,7.4966758157975,6.59630528759736,6.59635016465423,7.13842490005711,7.00795007192766,152
"154",2018,12,7.071875,32,7.57777777777778,6.42142857142857,6.5,7.08333333333333,7.06923076923077,18,14,7,6,26,6649,3297,3352,918,1757,4892,7.04261799518725,7.49711859265999,6.59557489558473,6.59561546840959,7.13823676721685,7.00827576655765,153
"155",2019,1,6.97916666666667,36,7.2875,6.59375,6.28571428571429,7.28571428571429,6.9051724137931,20,16,7,7,29,6685,3317,3368,925,1764,4921,7.04227629768137,7.49585468797106,6.59556622624703,6.59327027027027,7.13882199546485,7.00766816703922,154
"156",2019,2,6.88408405405405,37,7.63006529411765,6.25,5.6875,5.5,7.39670777777778,17,20,8,10,27,6722,3334,3388,933,1774,4948,7.04140555786968,7.49653902519496,6.59352628394333,6.58550375133976,7.12958399098083,7.00979105901374,155
"157",2019,3,7.19492071428571,42,7.5314668,6.7,6.4,8,7.13299153846154,25,17,5,3,39,6764,3359,3405,938,1777,4987,7.04235878622117,7.49679898183983,6.59405787077827,6.58451492537313,7.13105346088914,7.01075452777221,156
"158",2019,4,7.29130434782609,23,7.7625,6.21428571428571,6.33333333333333,6.8,7.42777777777778,16,7,3,5,18,6787,3375,3412,941,1782,5005,7.04320242080448,7.49805860148148,6.59327873681126,6.58371413390011,7.13012457912458,7.01225431168831,157
"159",2019,5,7.2969696969697,33,8,6.45333333333333,7,7.2,7.31428571428571,18,15,5,5,28,6820,3393,3427,946,1787,5033,7.04443032697947,7.50072142057177,6.59266619492267,6.58591437632135,7.13032008953553,7.01393459765547,158
"160",2019,6,6.76111111111111,27,7.65,6.23823529411765,6,6.375,6.98823529411765,10,17,5,10,17,6847,3403,3444,951,1797,5050,7.04331310500949,7.50116008815751,6.59091668118467,6.58283385909569,7.12611686143573,7.01384808514852,159
"161",2019,7,6.56666666666667,21,6.79333333333333,6,7,8,6.32777777777778,15,6,1,3,18,6868,3418,3450,952,1800,5068,7.04185568287711,7.49805376828555,6.589889,6.58327205882353,7.12757333333333,7.01141137134965,160
"162",2019,8,6.59677419354839,31,7.2875,5.86,6.1,5.9,6.73076923076923,16,15,5,5,26,6899,3434,3465,957,1805,5094,7.0398557515582,7.49707273733256,6.58672930735931,6.58074712643678,7.1241728531856,7.00997896152336,161
"163",2019,9,6.84545454545455,22,7.28181818181818,6.40909090909091,6.33333333333333,6.66666666666667,6.87368421052632,11,11,3,3,19,6921,3445,3476,960,1808,5113,7.0392378023407,7.49638542235123,6.58616716052935,6.57997395833333,7.12341371681416,7.00947248777626,162
"164",2019,10,6.94814814814815,27,7.27142857142857,6.6,8,7.08333333333333,6.90952380952381,14,13,2,6,21,6948,3459,3489,962,1814,5134,7.03888382700057,7.49547492917028,6.58621870163371,6.5829261954262,7.12328114663727,7.0090636599143,163
"165",2019,11,7.097168125,32,7.505469,6.41666666666667,6.41666666666667,6.5,7.18247785714286,20,12,6,4,28,6980,3479,3501,968,1818,5162,7.03915103295129,7.49553238286864,6.58563754641531,6.58189566115703,7.1219097909791,7.01000430259589,164
"166",2019,12,6.9175,20,6.89230769230769,6.96428571428571,NA,5.875,7.03333333333333,13,7,0,2,18,7000,3492,3508,968,1820,5180,7.03880345857143,7.49328670103093,6.58639311573546,6.58189566115703,7.12053956043956,7.01008536872587,165
"167",2020,1,6.53471428571429,35,7.24730769230769,6.11363636363636,6.08333333333333,7.464375,6.25925925925926,13,22,6,8,27,7035,3505,3530,974,1828,5207,7.0362955522388,7.49237436804565,6.58344675637394,6.57882443531828,7.1220443107221,7.00619208949491,166
"168",2020,2,6.83484848484848,33,7.4547619047619,5.75,6.4,7.15,6.81451612903226,21,12,5,2,31,7068,3526,3542,979,1830,5238,7.03535500990379,7.49215035734543,6.58062310841333,6.57791113381001,7.12207486338798,7.00505769568538,167
"169",2020,3,6.87409756097561,41,7.16847619047619,6.565,6.3125,6.97142857142857,6.85405882352941,21,20,8,7,34,7109,3547,3562,987,1837,5272,7.03442498382332,7.4902340456724,6.5805353874228,6.57575987841945,7.12150081654872,7.00408387898331,168
"170",2020,4,6.63777777777778,27,6.76571428571429,6.5,5.625,7.5,6.53,14,13,8,3,24,7136,3561,3575,995,1840,5296,7.03292421664798,7.48738561078349,6.58024253146853,6.56811557788945,7.12211793478261,7.00193546261329,169
"171",2020,5,7.356,25,7.7875,6.58888888888889,6.575,7,7.38695652173913,16,9,4,2,23,7161,3577,3584,999,1842,5319,7.03405211702276,7.48872802907464,6.58026424386161,6.56814314314314,7.12198534201954,7.00360034028953,170
"172",2020,6,7.37878787878788,33,7.6304347826087,6.8,6.75,6.5,7.43548387096774,23,10,4,2,31,7194,3600,3594,1003,1844,5350,7.03563347372811,7.48963337777778,6.58087563995548,6.56886839481555,7.12131073752711,7.00610284299066,171
"173",2020,7,6.65882352941177,17,7.48,5.48571428571429,5.16666666666667,7.26666666666667,6.52857142857143,10,7,3,3,14,7211,3610,3601,1006,1847,5364,7.03474514075718,7.48960669252077,6.57874675090253,6.56468687872763,7.12154683270168,7.00485648956003,172
"174",2020,8,6.52758620689655,29,7.10588235294118,5.70833333333333,6.5,5.625,6.672,17,12,5,4,25,7240,3627,3613,1011,1851,5389,7.03271370303867,7.48780814998621,6.57585581234431,6.56436696340257,7.11831280388979,7.00331234180739,173
"175",2020,9,6.9804347826087,23,7.71538461538462,6.025,6.41666666666667,6.08333333333333,7.115,13,10,3,3,20,7263,3640,3623,1014,1854,5409,7.03254814952499,7.48862092307692,6.57433537123931,6.56392998027613,7.1166380798274,7.00372531151784,174
"176",2020,10,7.1025,40,7.38076923076923,6.58571428571429,6,7.16666666666667,7.0972972972973,26,14,3,3,37,7303,3666,3637,1017,1857,5446,7.03293128988087,7.48785601745772,6.57437917239483,6.56226647000983,7.11671890145396,7.00436103745869,175
"177",2020,11,7.03939393939394,33,7.35789473684211,6.60714285714286,6.25,6.85714285714286,7.08846153846154,19,14,4,7,26,7336,3685,3651,1021,1864,5472,7.03296036123228,7.48718593215739,6.57450480690222,6.5610430950049,7.11574409871244,7.0047606377924,176
"178",2020,12,7.13533333333333,45,7.3376,6.8825,6.67857142857143,6.83333333333333,7.18179487179487,25,20,7,6,39,7381,3710,3671,1028,1870,5511,7.03358450209999,7.48617794070081,6.57618279760283,6.56184338521401,7.11483796791444,7.00601346579568,177
"179",2021,1,7.18461538461538,39,7.6,6.52,6.33,5.97142857142857,7.45,24,15,10,7,32,7420,3734,3686,1038,1877,5543,7.03437833018868,7.48690952329941,6.57595416440586,6.5596098265896,7.11057378795951,7.00857662096338,178
"180",2021,2,6.60606060606061,33,7.31176470588235,5.85625,5.3375,6.9375,6.5,17,16,8,8,25,7453,3751,3702,1046,1885,5568,7.03248184757816,7.48611574513463,6.57284361156132,6.55026290630975,7.10983925729443,7.0062931411638,179
"181",2021,3,7.01212121212121,33,7.55263157894737,6.27857142857143,4.66666666666667,6.9375,7.036,19,14,3,8,25,7486,3770,3716,1049,1893,5593,7.03239209324072,7.48645097082228,6.57173494348762,6.54487607244995,7.10911093502377,7.00642592705167,180
"182",2021,4,7.26931034482759,29,7.98642857142857,6.6,6.57142857142857,7.582,7.20416666666667,14,15,7,5,24,7515,3784,3731,1056,1898,5617,7.03330634863606,7.48830078224101,6.57184857946931,6.54505208333333,7.11035669125395,7.00727082250312,181
"183",2021,5,7.3263829787234,47,7.6151724137931,6.86111111111111,6.7,7.16666666666667,7.34975609756098,29,18,5,6,41,7562,3813,3749,1061,1904,5658,7.03512790399365,7.48926571203776,6.573237409976,6.54578228086711,7.11053413865546,7.00975259985861,182
"184",2021,6,7.288,25,7.70769230769231,6.83333333333333,7.5,8.33333333333333,7.14545454545455,13,12,4,3,22,7587,3826,3761,1065,1907,5680,7.03596114538025,7.49000788290643,6.5740672826376,6.5493661971831,7.11245778710016,7.01027820598592,183
"185",2021,7,6.92093023255814,43,7.04782608695652,6.775,6,6.55,6.98108108108108,23,20,4,6,37,7630,3849,3781,1069,1913,5717,7.03531287155963,7.48736559106261,6.57513013752976,6.54731057062675,7.11069367485625,7.01008924435893,184
"186",2021,8,7.08064516129032,31,7.39130434782609,6.1875,6.25,6.57142857142857,7.22916666666667,23,8,2,7,24,7661,3872,3789,1071,1920,5741,7.03549630727059,7.48679497933884,6.57431170493534,6.54675536881419,7.10872760416666,7.01100508796377,185
"187",2021,9,6.91935483870968,31,7.03947368421053,6.72916666666667,6,6.375,7.05,19,12,3,6,25,7692,3891,3801,1074,1926,5766,7.03502823842954,7.48461068105885,6.57480059194949,6.54522811918063,7.10644184839044,7.0111741605966,186
"188",2021,10,7.17352941176471,34,7.42727272727273,6.70833333333333,6,7,7.21851851851852,22,12,4,7,27,7726,3913,3813,1078,1933,5793,7.03563774398136,7.48428831075901,6.57522083661159,6.54320500927644,7.10605638903259,7.0121405506646,187
"189",2021,11,7.59467741935484,31,7.83795454545455,7,7.33333333333333,8.1,7.4975,22,9,3,5,26,7757,3935,3822,1081,1938,5819,7.03787188474926,7.48626560609911,6.57622110151753,6.54539777983349,7.10862074303405,7.0143091957381,188
"190",2021,12,6.63823529411765,34,6.91818181818182,6.125,5.92857142857143,4.5,7.29615384615385,22,12,7,8,26,7791,3957,3834,1088,1946,5845,7.03612786676935,7.48310719231741,6.57480882889932,6.54142922794118,7.09789671120246,7.01556291017964,189
"191",2022,1,6.87941304347826,46,7.37809523809524,6.46052,5.625,7.625,6.80840476190476,21,25,4,4,42,7837,3978,3859,1092,1950,5887,7.03520801454638,7.48255283056812,6.5740684244623,6.53807234432235,7.09897794871795,7.01408496857483,190
"192",2022,2,7.0525641025641,39,7.61521739130435,6.24375,6.225,6.42857142857143,7.1890625,23,16,4,7,32,7876,4001,3875,1096,1957,5919,7.03529395759269,7.48331546113472,6.57270452903226,6.53692974452555,7.09657996934083,7.01503095286366,191
"193",2022,3,6.94787878787879,33,7.109,6.7,7.375,7.65714285714286,6.75692307692308,20,13,4,7,26,7909,4021,3888,1100,1964,5945,7.03492922114047,7.48145365829396,6.57313015689301,6.53997727272727,7.09857790224032,7.01390213793104,192
"194",2022,4,7.20697674418605,43,7.38285714285714,6.4375,6,7.5,7.16842105263158,35,8,1,5,38,7952,4056,3896,1101,1969,5983,7.03585955860161,7.48060285009862,6.57285165554415,6.53948683015441,7.09959725749111,7.01488353835869,193
"195",2022,5,7.50571428571429,42,7.6551724137931,7.17230769230769,7,7.78571428571429,7.44971428571429,29,13,2,7,35,7994,4085,3909,1103,1976,6018,7.03832814736052,7.48184214443084,6.57484524174981,6.54032184950136,7.1020278340081,7.01741246427385,194
"196",2022,6,7.13229411764706,51,7.50869696969697,6.44222222222222,6.44444444444444,7.299375,7.10120930232558,33,18,9,8,43,8045,4118,3927,1112,1984,6061,7.03892382970789,7.4820573482273,6.57423734402852,6.53954586330935,7.10282358870968,7.01800696419733,195
"197",2022,7,6.96764705882353,34,7.23333333333333,6.53846153846154,6.5,6.25,7.12142857142857,21,13,2,6,28,8079,4139,3940,1114,1990,6089,7.03862386557742,7.48079539985504,6.57411930203046,6.53947486535009,7.10025226130653,7.01848254393168,196
"198",2022,8,6.98243243243243,37,7.325,6.48,5.875,7.73333333333333,6.74107142857143,22,15,4,9,28,8116,4161,3955,1118,1999,6117,7.03836769467718,7.47997167988464,6.57376233881163,6.53709749552773,7.10310255127564,7.01721272028773,197
"199",2022,9,6.92647058823529,34,7.15909090909091,6.5,6.5,6.75,6.98076923076923,22,12,1,8,26,8150,4183,3967,1119,2007,6143,7.03790088466258,7.47828404494382,6.57353921099067,6.53706434316354,7.10169506726457,7.01705847468664,198
"200",2022,10,7.27772727272727,44,7.64518518518519,6.69411764705882,6.54285714285714,7.78857142857143,7.18108108108108,27,17,7,7,37,8194,4210,3984,1126,2014,6180,7.03918870026849,7.47935443230404,6.57405372740964,6.53710035523979,7.10408242303873,7.01804048705502,199
"201",2022,11,6.93571428571429,35,7.08157894736842,6.7625,6.78333333333333,6.56666666666667,7.01206896551724,19,16,6,6,29,8229,4229,4000,1132,2020,6209,7.03874859764248,7.47756731142114,6.5748075125,6.5384054770318,7.10248613861386,7.01801259623128,200
"202",2022,12,7.17222222222222,36,7.58148148148148,5.94444444444444,4,6.35714285714286,7.36896551724138,27,9,1,7,29,8265,4256,4009,1133,2027,6238,7.03932997096189,7.47822654135338,6.5733923796458,6.53616504854369,7.09991218549581,7.01964415036871,201
