"","year","month","avg_rating","no_ratings","avg_rating_owned","avg_rating_not_owned","avg_rating_prev_owned","avg_rating_comment","avg_rating_no_comment","no_ratings_owned","no_ratings_not_owned","no_ratings_prev_owned","no_ratings_comment","no_ratings_no_comment","cum_no_ratings","cum_no_ratings_owned","cum_no_ratings_not_owned","cum_no_ratings_prev_owned","cum_no_ratings_comment","cum_no_ratings_no_comment","cum_avg_rating","cum_avg_rating_owned","cum_avg_rating_not_owned","cum_avg_rating_prev_owned","cum_avg_rating_comment","cum_avg_rating_no_comment","month_after_release"
"1",2001,6,6.25,2,NA,6.25,NA,NA,6.25,0,2,0,0,2,2,0,2,0,0,2,6.25,NA,6.25,NA,NA,6.25,0
"2",2001,8,9,1,9,NA,NA,NA,9,1,0,0,0,1,3,1,2,0,0,3,7.16666666666667,9,6.25,NA,NA,7.16666666666667,2
"3",2001,9,9,2,9,NA,NA,9,9,2,0,0,1,1,5,3,2,0,1,4,7.9,9,6.25,NA,9,7.625,3
"4",2001,10,8,1,8,NA,NA,8,NA,1,0,0,1,0,6,4,2,0,2,4,7.91666666666667,8.75,6.25,NA,8.5,7.625,4
"5",2001,12,8,2,8,8,NA,NA,8,1,1,0,0,2,8,5,3,0,2,6,7.9375,8.6,6.83333333333333,NA,8.5,7.75,6
"6",2002,2,7,1,7,NA,NA,7,NA,1,0,0,1,0,9,6,3,0,3,6,7.83333333333333,8.33333333333333,6.83333333333333,NA,8,7.75,8
"7",2002,3,8,2,8,NA,NA,NA,8,2,0,0,0,2,11,8,3,0,3,8,7.86363636363636,8.25,6.83333333333333,NA,8,7.8125,9
"8",2002,4,8,1,8,NA,NA,8,NA,1,0,0,1,0,12,9,3,0,4,8,7.875,8.22222222222222,6.83333333333333,NA,8,7.8125,10
"9",2002,6,7,1,7,NA,NA,NA,7,1,0,0,0,1,13,10,3,0,4,9,7.80769230769231,8.1,6.83333333333333,NA,8,7.72222222222222,12
"10",2002,7,7,1,NA,7,7,7,NA,0,1,1,1,0,14,10,4,1,5,9,7.75,8.1,6.875,7,7.8,7.72222222222222,13
"11",2002,8,9,1,9,NA,NA,9,NA,1,0,0,1,0,15,11,4,1,6,9,7.83333333333333,8.18181818181818,6.875,7,8,7.72222222222222,14
"12",2002,9,10,1,10,NA,NA,10,NA,1,0,0,1,0,16,12,4,1,7,9,7.96875,8.33333333333333,6.875,7,8.28571428571429,7.72222222222222,15
"13",2002,10,9,1,NA,9,NA,9,NA,0,1,0,1,0,17,12,5,1,8,9,8.02941176470588,8.33333333333333,7.3,7,8.375,7.72222222222222,16
"14",2002,11,7,3,6,7.5,NA,7,7,1,2,0,1,2,20,13,7,1,9,11,7.875,8.15384615384615,7.35714285714286,7,8.22222222222222,7.59090909090909,17
"15",2002,12,8.4,5,9,6,NA,10,8,4,1,0,1,4,25,17,8,1,10,15,7.98,8.35294117647059,7.1875,7,8.4,7.7,18
"16",2003,1,6,1,6,NA,NA,6,NA,1,0,0,1,0,26,18,8,1,11,15,7.90384615384615,8.22222222222222,7.1875,7,8.18181818181818,7.7,19
"17",2003,2,6,1,NA,6,NA,6,NA,0,1,0,1,0,27,18,9,1,12,15,7.83333333333333,8.22222222222222,7.05555555555556,7,8,7.7,20
"18",2003,3,7.83333333333333,3,7.83333333333333,NA,NA,8.25,7,3,0,0,2,1,30,21,9,1,14,16,7.83333333333333,8.16666666666667,7.05555555555556,7,8.03571428571429,7.65625,21
"19",2003,5,7.125,4,7.5,7,7,7,7.25,1,3,1,2,2,34,22,12,2,16,18,7.75,8.13636363636364,7.04166666666667,7,7.90625,7.61111111111111,23
"20",2003,6,7,3,8,6.5,NA,7,7,1,2,0,2,1,37,23,14,2,18,19,7.68918918918919,8.1304347826087,6.96428571428571,7,7.80555555555556,7.57894736842105,24
"21",2003,7,6.66666666666667,9,7.33333333333333,6.33333333333333,NA,8,6.28571428571429,3,6,0,2,7,46,26,20,2,20,26,7.48913043478261,8.03846153846154,6.775,7,7.825,7.23076923076923,25
"22",2003,8,6.5,2,NA,6.5,NA,NA,6.5,0,2,0,0,2,48,26,22,2,20,28,7.44791666666667,8.03846153846154,6.75,7,7.825,7.17857142857143,26
"23",2003,9,7.85,2,7.85,NA,NA,7.7,8,2,0,0,1,1,50,28,22,2,21,29,7.464,8.025,6.75,7,7.81904761904762,7.20689655172414,27
"24",2003,10,7.71428571428571,7,8,7.33333333333333,6,7.5,8,4,3,1,4,3,57,32,25,3,25,32,7.49473684210526,8.021875,6.82,6.66666666666667,7.768,7.28125,28
"25",2003,11,7.58333333333333,12,8.9,6.64285714285714,7,7.5,7.6,5,7,2,2,10,69,37,32,5,27,42,7.51014492753623,8.14054054054054,6.78125,6.8,7.74814814814815,7.35714285714286,29
"26",2003,12,7.29166666666667,12,7.55555555555556,6.5,NA,6.91666666666667,7.66666666666667,9,3,0,6,6,81,46,35,5,33,48,7.47777777777778,8.02608695652174,6.75714285714286,6.8,7.5969696969697,7.39583333333333,30
"27",2004,1,7.25,8,7.66666666666667,6,6,6.66666666666667,7.6,6,2,1,3,5,89,52,37,6,36,53,7.45730337078652,7.98461538461538,6.71621621621622,6.66666666666667,7.51944444444444,7.41509433962264,31
"28",2004,2,6.9375,16,7.45454545454545,5.8,NA,6.85714285714286,7,11,5,0,7,9,105,63,42,6,43,62,7.37809523809524,7.89206349206349,6.60714285714286,6.66666666666667,7.41162790697674,7.35483870967742,32
"29",2004,3,7.21428571428571,14,7.18181818181818,7.33333333333333,NA,8,7.15384615384615,11,3,0,1,13,119,74,45,6,44,75,7.35882352941177,7.78648648648649,6.65555555555556,6.66666666666667,7.425,7.32,33
"30",2004,4,7,12,7.09090909090909,6,NA,6.66666666666667,7.11111111111111,11,1,0,3,9,131,85,46,6,47,84,7.32595419847328,7.69647058823529,6.64130434782609,6.66666666666667,7.37659574468085,7.29761904761905,34
"31",2004,5,7.41210526315789,19,7.70214285714286,6.6,NA,7.45,7.37,14,5,0,10,9,150,99,51,6,57,93,7.33686666666667,7.69727272727273,6.63725490196078,6.66666666666667,7.38947368421053,7.30462365591398,35
"32",2004,6,7.19444444444444,9,7.53571428571429,6,NA,6.875,7.28571428571429,7,2,0,2,7,159,106,53,6,59,100,7.32880503144654,7.68660377358491,6.61320754716981,6.66666666666667,7.37203389830508,7.3033,36
"33",2004,7,7.36666666666667,15,7.36666666666667,NA,NA,7.21428571428571,7.5,15,0,0,7,8,174,121,53,6,66,108,7.33206896551724,7.64694214876033,6.61320754716981,6.66666666666667,7.35530303030303,7.31787037037037,37
"34",2004,8,6.88888888888889,9,6.88888888888889,NA,NA,6,7,9,0,0,1,8,183,130,53,6,67,116,7.31027322404372,7.59446153846154,6.61320754716981,6.66666666666667,7.33507462686567,7.29594827586207,38
"35",2004,9,6.94736842105263,19,7.28571428571429,6,NA,8,6.46153846153846,14,5,0,6,13,202,144,58,6,73,129,7.27613861386139,7.56444444444445,6.56034482758621,6.66666666666667,7.38972602739726,7.21186046511628,39
"36",2004,10,7.2,5,7.25,7,7,8,6.66666666666667,4,1,1,2,3,207,148,59,7,75,132,7.27429951690821,7.55594594594595,6.56779661016949,6.71428571428571,7.406,7.1994696969697,40
"37",2004,11,7.28095238095238,21,7.61666666666667,6.83333333333333,NA,6.8,7.57692307692308,12,9,0,8,13,228,160,68,7,83,145,7.27491228070175,7.5605,6.60294117647059,6.71428571428571,7.34759036144578,7.23331034482759,41
"38",2004,12,6.31818181818182,11,7.33333333333333,5.1,NA,6.875,6,6,5,0,4,7,239,166,73,7,87,152,7.23087866108787,7.55228915662651,6.5,6.71428571428571,7.32586206896552,7.17651315789474,42
"39",2005,1,7.29310344827586,29,7.65789473684211,6.6,7.5,7.25,7.33333333333333,19,10,2,14,15,268,185,83,9,101,167,7.23761194029851,7.56313513513514,6.51204819277108,6.88888888888889,7.31534653465347,7.19059880239521,43
"40",2005,2,7.33611111111111,18,7.47,6.66666666666667,7,7.68636363636364,6.78571428571429,15,3,1,11,7,286,200,86,10,112,174,7.24381118881119,7.55615,6.51744186046512,6.9,7.35178571428571,7.17431034482759,44
"41",2005,3,6.90454545454545,22,7.25,5.98333333333333,NA,7.41666666666667,6.7125,16,6,0,6,16,308,216,92,10,118,190,7.21957792207792,7.53347222222222,6.48260869565217,6.9,7.35508474576271,7.13542105263158,45
"42",2005,4,7.53333333333333,15,8.18181818181818,5.75,NA,6.85714285714286,8.125,11,4,0,7,8,323,227,96,10,125,198,7.23414860681115,7.56488986784141,6.45208333333333,6.9,7.3272,7.17540404040404,46
"43",2005,5,7.40625,16,7.625,6.75,NA,7.65,7,12,4,0,10,6,339,239,100,10,135,204,7.24227138643068,7.5679079497908,6.464,6.9,7.35111111111111,7.17024509803922,47
"44",2005,6,6.4,15,6.54545454545455,6,6,6.66666666666667,6.22222222222222,11,4,1,6,9,354,250,104,11,141,213,7.20658192090395,7.52292,6.44615384615385,6.81818181818182,7.32198581560284,7.13018779342723,48
"45",2005,7,6.91052631578947,19,7.31666666666667,6.21428571428571,7.1,6.68333333333333,7.3,12,7,1,12,7,373,262,111,12,153,220,7.19150134048257,7.51347328244275,6.43153153153153,6.84166666666667,7.2718954248366,7.13559090909091,49
"46",2005,8,6.94038461538462,26,7.38611111111111,5.9375,NA,6.96333333333333,6.90909090909091,18,8,0,15,11,399,280,119,12,168,231,7.17513784461153,7.50528571428571,6.39831932773109,6.84166666666667,7.24434523809524,7.12480519480519,50
"47",2005,9,7.21052631578947,19,7.84615384615385,5.83333333333333,NA,7.25,7.14285714285714,13,6,0,12,7,418,293,125,12,180,238,7.17674641148325,7.52040955631399,6.3712,6.84166666666667,7.24472222222222,7.12533613445378,51
"48",2005,10,7.39130434782609,23,7.47058823529412,7.16666666666667,NA,7.2,7.53846153846154,17,6,0,10,13,441,310,131,12,190,251,7.18793650793651,7.51767741935484,6.40763358778626,6.84166666666667,7.24236842105263,7.14673306772908,52
"49",2005,11,7.27619047619048,21,7.34285714285714,7.14285714285714,7,7.91666666666667,7.02,14,7,1,6,15,462,324,138,13,196,266,7.19194805194805,7.51012345679012,6.44492753623188,6.85384615384615,7.26301020408163,7.13958646616541,53
"50",2005,12,6.77083333333333,24,7.1,6.22222222222222,6,6.75,6.78125,15,9,2,8,16,486,339,147,15,204,282,7.17115226337449,7.49197640117994,6.4312925170068,6.74,7.24289215686275,7.11925531914894,54
"51",2006,1,6.875,24,7.59090909090909,6.26923076923077,7,6.70833333333333,7.04166666666667,11,13,1,12,12,510,350,160,16,216,294,7.15721568627451,7.49508571428571,6.418125,6.75625,7.21319444444445,7.11608843537415,55
"52",2006,2,7.33333333333333,15,7.85,6.3,7,7.33333333333333,7.33333333333333,10,5,1,9,6,525,360,165,17,225,300,7.16224761904762,7.50494444444444,6.41454545454545,6.77058823529412,7.218,7.12043333333333,56
"53",2006,3,6.7,30,7.11764705882353,6.15384615384615,NA,6.39285714285714,6.96875,17,13,0,14,16,555,377,178,17,239,316,7.13726126126126,7.4874801061008,6.39550561797753,6.77058823529412,7.16966527196653,7.11275316455696,57
"54",2006,4,6.35714285714286,14,7.33333333333333,5.625,6,7.4,5.77777777777778,6,8,1,5,9,569,383,186,18,244,325,7.11806678383128,7.48506527415144,6.36236559139785,6.72777777777778,7.17438524590164,7.07578461538462,58
"55",2006,5,6.5,15,7,6.0625,7,6.72222222222222,6.16666666666667,7,8,1,9,6,584,390,194,19,253,331,7.10219178082192,7.47635897435898,6.35,6.74210526315789,7.15830039525692,7.05930513595166,59
"56",2006,6,7.38888888888889,18,7.39285714285714,7.375,8,7.41818181818182,7.34285714285714,14,4,1,11,7,602,404,198,20,264,338,7.11076411960133,7.47346534653465,6.37070707070707,6.805,7.16912878787879,7.0651775147929,60
"57",2006,7,6.53448275862069,29,7.13333333333333,5.89285714285714,7,6.65384615384615,6.4375,15,14,1,13,16,631,419,212,21,277,354,7.08427892234548,7.46128878281623,6.33915094339623,6.81428571428571,7.14494584837545,7.03680790960452,61
"58",2006,8,6.44736842105263,19,7.04545454545455,5.625,7,6.7,6.16666666666667,11,8,1,10,9,650,430,220,22,287,363,7.06566153846154,7.4506511627907,6.31318181818182,6.82272727272727,7.1294425087108,7.01523415977961,62
"59",2006,9,7.19642857142857,28,7.38636363636364,6.5,5.5,7.5,6.96875,22,6,2,12,16,678,452,226,24,299,379,7.07106194690266,7.44752212389381,6.31814159292035,6.7125,7.1443143812709,7.01327176781003,63
"60",2006,10,7.18181818181818,22,7.33333333333333,6.85714285714286,6,7.58333333333333,6.90384615384615,15,7,1,9,13,700,467,233,25,308,392,7.07454285714286,7.44385438972163,6.3343347639485,6.684,7.15714285714286,7.00964285714286,64
"61",2006,11,6.84444444444444,18,6.95,6.7125,7,6.92,6.75,10,8,1,10,8,718,477,241,26,318,400,7.06877437325905,7.43350104821803,6.34688796680498,6.69615384615385,7.14968553459119,7.00445,65
"62",2006,12,6.90322580645161,31,7.39473684210526,6.125,NA,6.85,6.92857142857143,19,12,0,10,21,749,496,253,26,328,421,7.06192256341789,7.43201612903226,6.33636363636364,6.69615384615385,7.1405487804878,7.00066508313539,66
"63",2007,1,6.65909090909091,44,7.27272727272727,6.04545454545455,6.5,6.63157894736842,6.68,22,22,3,19,25,793,518,275,29,347,446,7.03957124842371,7.42525096525097,6.31309090909091,6.67586206896552,7.11268011527377,6.98269058295964,67
"64",2007,2,6.69952666666667,27,6.70588235294118,6.688722,6.5,6.41666666666667,6.92581466666667,17,10,2,12,15,820,535,285,31,359,461,7.02837465853658,7.40239252336449,6.32627094736842,6.66451612903226,7.08941504178273,6.98083995661605,68
"65",2007,3,7.07913043478261,23,7.191,6.33333333333333,7,7.5,6.93058823529412,20,3,1,6,17,843,555,288,32,365,478,7.02975945432977,7.39477477477478,6.32634451388889,6.675,7.09616438356164,6.97905276150628,69
"66",2007,4,6.6875,24,7.1,6,5,6.6875,6.6875,15,9,1,8,16,867,570,297,33,373,494,7.02028514417532,7.38701754385965,6.31645528619529,6.62424242424242,7.08739946380697,6.96960975708502,70
"67",2007,5,6.70384615384615,26,7.46428571428571,5.81666666666667,8,6.53846153846154,6.86923076923077,14,12,1,13,13,893,584,309,34,386,507,7.01107191489362,7.3888698630137,6.29704601941748,6.66470588235294,7.06891191709845,6.96703593688363,71
"68",2007,6,6.58333333333333,30,6.94117647058824,6.11538461538461,6,6.45454545454545,6.65789473684211,17,13,1,11,19,923,601,322,35,397,526,6.9971692524377,7.37620632279534,6.28971186335404,6.64571428571429,7.05188916876574,6.95586923954373,72
"69",2007,7,6.84090909090909,22,7.11111111111111,6.65384615384615,7.16,7.3,6.66875,9,13,5,6,16,945,610,335,40,403,542,6.99353144973545,7.37229508196721,6.30384244776119,6.71,7.05558312655087,6.94739339483395,73
"70",2007,8,6.315,20,6.66363636363636,5.88888888888889,7.3,6.15,6.5625,11,9,1,12,8,965,621,344,41,415,550,6.97946862176166,7.3597423510467,6.29298610465116,6.72439024390244,7.02939759036145,6.94179494545455,74
"71",2007,9,6.83478260869565,23,7.4625,6.5,NA,6.94444444444444,6.76428571428571,8,15,0,9,14,988,629,359,41,424,564,6.97610042510121,7.3610492845787,6.30163571030641,6.72439024390244,7.02759433962264,6.93738868794326,75
"72",2007,10,6.636,25,6.9625,6.05555555555556,6.75,6.8,6.52666666666667,16,9,2,10,15,1013,645,368,43,434,579,6.96770702862784,7.35116279069767,6.29561744565217,6.72558139534884,7.02235023041475,6.92674822107081,76
"73",2007,11,6.00645161290323,31,7.24545454545455,5.325,6,7.01666666666667,5.36842105263158,11,20,1,12,19,1044,656,388,44,446,598,6.93916400383142,7.34939024390244,6.2455856185567,6.70909090909091,7.02219730941704,6.87723615384615,77
"74",2007,12,6.82727272727273,33,7.07222222222222,6.53333333333333,6.5,7.03333333333333,6.65555555555556,18,15,2,15,18,1077,674,403,46,461,616,6.93573558031569,7.3419881305638,6.25629583126551,6.7,7.02255965292842,6.87075847402598,78
"75",2008,1,6.72282608695652,46,6.98,6.41666666666667,6.875,6.82352941176471,6.66379310344828,25,21,4,17,29,1123,699,424,50,478,645,6.92701444345503,7.32904148783977,6.26423872641509,6.714,7.01548117154812,6.86145305426357,79
"76",2008,2,7.075,20,7.25,6.8125,6.75,7.13636363636364,7,12,8,2,11,9,1143,711,432,52,489,654,6.92960386701662,7.32770745428973,6.27439171296296,6.71538461538462,7.01820040899795,6.86335966360856,80
"77",2008,3,6.75,25,7.18055555555556,5.64285714285714,6,7.15,6.48333333333333,18,7,1,10,15,1168,729,439,53,499,669,6.92575960616438,7.32407407407407,6.2643216856492,6.70188679245283,7.02084168336673,6.85483889387145,81
"78",2008,4,7.27083333333333,24,8.04545454545454,6.61538461538461,6,7.5625,7.125,11,13,1,8,16,1192,740,452,54,507,685,6.93270739932886,7.3347972972973,6.27441862831858,6.68888888888889,7.02938856015779,6.86114922627737,82
"79",2008,5,6.42647058823529,17,7.09090909090909,5.20833333333333,6.25,6.75,6.13888888888889,11,6,1,8,9,1209,751,458,55,515,694,6.92558909842845,7.33122503328895,6.26045244541485,6.68090909090909,7.02504854368932,6.85178273775216,83
"80",2008,6,6.76190476190476,21,7.11111111111111,6.5,4,7.21428571428571,6.53571428571429,9,12,1,7,14,1230,760,470,56,522,708,6.92279448780488,7.32861842105263,6.26656855319149,6.63303571428571,7.02758620689655,6.84553279661017,84
"81",2008,7,6.87666666666667,30,7.46111111111111,6,6.07142857142857,6.83125,6.92857142857143,18,12,7,16,14,1260,778,482,63,538,722,6.9216962063492,7.33168380462725,6.25993199170125,6.57063492063492,7.02174721189591,6.84714296398892,85
"82",2008,8,6.78125,32,7.13888888888889,6.32142857142857,5.75,6.38461538461539,7.05263157894737,18,14,8,13,19,1292,796,496,71,551,741,6.9182176625387,7.32732412060302,6.26166778225806,6.47816901408451,7.00671506352087,6.85241190283401,86
"83",2008,9,6.425,20,6.625,6.29166666666667,6.25,6.0625,6.66666666666667,8,12,2,8,12,1312,804,508,73,559,753,6.91069910060975,7.32033582089552,6.26237641732283,6.47191780821918,6.99320214669052,6.84945181938911,87
"84",2008,10,6.63157894736842,19,7.35714285714286,6.20833333333333,6.875,6.75,6.6,7,12,4,4,15,1331,811,520,77,563,768,6.90671466566491,7.32065351418002,6.26112926923077,6.49285714285714,6.99147424511545,6.84457971354167,88
"85",2008,11,6.7,19,7.89444444444444,5.625,5.25,6.91363636363636,6.40625,9,10,5,11,8,1350,820,530,82,574,776,6.90380534814815,7.3269512195122,6.24912683018868,6.41707317073171,6.98998257839721,6.84006085051546,89
"86",2008,12,6.62916666666667,24,6.86363636363636,6.43076923076923,6.66666666666667,7.0625,6.4125,11,13,3,8,16,1374,831,543,85,582,792,6.89900816593886,7.3208182912154,6.25347554327809,6.42588235294118,6.9909793814433,6.83142325757576,90
"87",2009,1,6.98611111111111,36,7.46,5.90909090909091,6,7.25,6.72222222222222,25,11,2,18,18,1410,856,554,87,600,810,6.90123207092198,7.32488317757009,6.24663758122744,6.41609195402299,6.99875,6.82899656790124,91
"88",2009,2,6.7406779661017,59,7.23928571428571,6.29032258064516,7,7.025,6.59487179487179,28,31,3,20,39,1469,884,585,90,620,849,6.89478367597005,7.32217194570136,6.24895251282051,6.43555555555556,6.99959677419355,6.8182417196702,92
"89",2009,3,6.78205128205128,39,7.35,6.2952380952381,5.8375,7.24705882352941,6.42272727272727,18,21,8,17,22,1508,902,606,98,637,871,6.89186818302387,7.32272727272727,6.25055646864687,6.38673469387755,7.00620094191523,6.80825168771527,93
"90",2009,4,6.703125,48,6.89473684210526,6.57758620689655,6.69230769230769,6.75,6.67741935483871,19,29,13,17,31,1556,921,635,111,654,902,6.88604577120822,7.31389793702497,6.26549168503937,6.42252252252252,6.99954128440367,6.80375523281597,94
"91",2009,5,6.553125,32,6.75,6.4,6.66666666666667,6.66666666666667,6.485,14,18,3,12,20,1588,935,653,114,666,922,6.87933704030227,7.30545454545455,6.26919941807044,6.42894736842105,6.99354354354354,6.79684080260304,95
"92",2009,6,6.51666666666667,30,6.86363636363636,6.31578947368421,6.2,6.48333333333333,6.525,11,19,5,6,24,1618,946,672,119,672,946,6.87261262051916,7.30031712473573,6.27051669642857,6.41932773109244,6.98898809523809,6.78994420718816,96
"93",2009,7,6.79890857142857,42,7.45263157894737,6.25887652173913,7,6.81185846153846,6.79310344827586,19,23,6,13,29,1660,965,695,125,685,975,6.87074781927711,7.30331606217617,6.27013148201439,6.4472,6.9856265109489,6.79003817435898,97
"94",2009,8,7,22,7.41666666666667,6.84375,6.2,6.375,7.13888888888889,6,16,5,4,18,1682,971,711,130,689,993,6.87243839476813,7.30401647785788,6.28303991561182,6.43769230769231,6.98208150943396,6.79636175226586,98
"95",2009,9,6.5258064516129,31,6.9,6.175,6.16666666666667,6.875,6.40434782608696,15,16,6,8,23,1713,986,727,136,697,1016,6.8661654290718,7.29787018255578,6.28066214580468,6.42573529411765,6.98085245337159,6.78748742125984,99
"96",2009,10,6.9547619047619,42,6.97647058823529,6.94,7,7.15384615384615,6.86551724137931,17,25,7,13,29,1755,1003,752,143,710,1045,6.86828568660969,7.29242273180459,6.30258162234043,6.45384615384615,6.98401994366197,6.78965284210526,100
"97",2009,11,6.67472222222222,36,7.17315789473684,6.11764705882353,6,6.925,6.57846153846154,19,17,4,10,26,1791,1022,769,147,720,1071,6.86439496370743,7.29020547945206,6.2984933420026,6.44149659863946,6.98320022222222,6.78452588235294,101
"98",2009,12,6.91944444444444,36,7.20666666666667,6.71428571428571,6.3,7,6.884,15,21,5,11,25,1827,1037,790,152,731,1096,6.86547968253968,7.28899710703954,6.30954605063291,6.43684210526316,6.98345302325581,6.78679490875913,102
"99",2010,1,6.6109756097561,41,6.91666666666667,6.29,5.96,6.36538461538461,6.725,21,20,5,13,28,1868,1058,810,157,744,1124,6.85989367237687,7.28160680529301,6.30906343209877,6.42165605095541,6.97265344086021,6.78525553380783,103
"100",2010,2,6.835,18,6.903,6.75,7,7.41666666666667,6.54416666666667,10,8,3,6,12,1886,1068,818,160,750,1136,6.85965608695652,7.27806179775281,6.31337577017115,6.4325,6.97620554666667,6.78270882042254,104
"101",2010,3,6.59318181818182,22,7.52272727272727,5.66363636363636,6,5.8,6.890625,11,11,2,6,16,1908,1079,829,162,756,1152,6.85658353249476,7.28055607043559,6.3047543787696,6.42716049382716,6.96687058201058,6.78420765625,105
"102",2010,4,6.94347826086956,23,7.52307692307692,6.19,6.5,6.58333333333333,7.07058823529412,13,10,2,6,17,1931,1092,839,164,762,1169,6.85761852925945,7.28344322344322,6.30338662693683,6.42804878048781,6.96385060367454,6.78837230111206,106
"103",2010,5,6.48076923076923,26,6.84615384615385,6.11538461538461,6.5,6.375,6.52777777777778,13,13,1,8,18,1957,1105,852,165,770,1187,6.85261184466019,7.27829864253394,6.30051805164319,6.42848484848485,6.95773267532467,6.78442057287279,107
"104",2010,6,6.36875,24,6.80714285714286,6.18823529411765,6,6.60625,6.25,7,17,4,8,16,1981,1112,869,169,778,1203,6.84674981322564,7.27533273381295,6.29832149597238,6.41834319526627,6.95411845758355,6.77731273482959,108
"105",2010,7,7.02173913043478,23,7.45454545454545,6.625,6.75,7.83333333333333,6.9,11,12,4,3,20,2004,1123,881,173,781,1223,6.84875817365269,7.27708815672306,6.30277114642452,6.42601156069364,6.9574957234315,6.7793190678659,109
"106",2010,8,6.60833333333333,30,6.921875,6.25,5.91428571428571,6.42666666666667,6.79,16,14,7,15,15,2034,1139,895,180,796,1238,6.84521208456244,7.27209833187006,6.30194567597765,6.40611111111111,6.94749266331658,6.77944848142165,110
"107",2010,9,6.6375,16,6.8375,6.4375,6.75,7,6.58571428571429,8,8,2,2,14,2050,1147,903,182,798,1252,6.84359091707317,7.26906713164778,6.30314660022148,6.40989010989011,6.94762426065163,6.77728212460064,111
"108",2010,10,6.55,22,7,6.23846153846154,6.375,6.38888888888889,6.66153846153846,9,13,4,9,13,2072,1156,916,186,807,1265,6.84047363899614,7.2669723183391,6.30222858078603,6.40913978494624,6.94139301115242,6.77609266403162,112
"109",2010,11,6.115,20,6.7,5.63636363636364,7,6.14285714285714,6.1,9,11,1,7,13,2092,1165,927,187,814,1278,6.83353794455067,7.26259227467811,6.29432727076591,6.41229946524064,6.93452599508599,6.76921535211268,113
"110",2010,12,6.73170731707317,41,7.1,6.38095238095238,6.66666666666667,6.75,6.7258064516129,20,21,3,10,31,2133,1185,948,190,824,1309,6.83158058134083,7.25984810126582,6.2962461814346,6.41631578947368,6.93228660194175,6.76818733384263,114
"111",2011,1,6.3548275862069,29,7.14285714285714,6.10409090909091,6.4975,6.3,6.36913043478261,7,22,4,6,23,2162,1192,970,194,830,1332,6.82518565217391,7.2591610738255,6.29188802061856,6.41798969072165,6.92771585542169,6.76129671171171,115
"112",2011,2,6.70625,24,6.81363636363636,6.61538461538461,5.5,5.9375,6.86,11,13,3,4,20,2186,1203,983,197,834,1352,6.82387986276304,7.25508728179551,6.29616620549339,6.40401015228426,6.92296661870504,6.76275681952663,116
"113",2011,3,6.882,25,6.975,6.82,8,7.33333333333333,6.73947368421053,10,15,1,6,19,2211,1213,998,198,840,1371,6.82453703301673,7.25277823577906,6.30403945891784,6.41207070707071,6.92589780952381,6.76243415025529,117
"114",2011,4,6.55925925925926,27,6.88823529411765,6,NA,7.5,6.23,17,10,0,7,20,2238,1230,1008,198,847,1391,6.82133663092046,7.24773983739838,6.30102319444445,6.41207070707071,6.93064245572609,6.75477873472322,118
"115",2011,5,6.357,30,6.76230769230769,6.04705882352941,6,6.64444444444444,6.23380952380952,13,17,7,9,21,2268,1243,1025,205,856,1412,6.81519461199295,7.24266291230893,6.29681110243903,6.398,6.92763336448598,6.74703060906516,119
"116",2011,6,6.46451612903226,31,6.86875,6.03333333333333,6,6.59,6.40476190476191,16,15,7,10,21,2299,1259,1040,212,866,1433,6.8104660200087,7.23791104050834,6.29301094230769,6.38485849056604,6.92373459584296,6.74201480809491,120
"117",2011,7,6.58888888888889,18,6.75,6.46,6,6.5,6.64545454545455,8,10,2,7,11,2317,1267,1050,214,873,1444,6.80874466119983,7.23483030781374,6.29460131428572,6.38126168224299,6.92033695303551,6.74127923822715,121
"118",2011,8,6.76,15,7.2,6.375,6.16666666666667,7.38,6.45,7,8,3,5,10,2332,1274,1058,217,878,1454,6.80843112349914,7.23463893249608,6.29520924385633,6.37829493087558,6.92295462414578,6.73927594222834,122
"119",2011,9,6.32647058823529,17,6.91363636363636,5.25,5.5,6.1875,6.36923076923077,11,6,3,4,13,2349,1285,1064,220,882,1467,6.80494311621967,7.23189105058366,6.28931520676692,6.36631818181818,6.91961922902494,6.73599674164963,123
"120",2011,10,6.82,20,7.38888888888889,6.35454545454545,6,6.23333333333333,7.07142857142857,9,11,2,6,14,2369,1294,1075,222,888,1481,6.80507023216547,7.23298299845441,6.28998267906977,6.36301801801802,6.91498216216216,6.73916760297097,124
"121",2011,11,6.57702702702703,37,6.97368421052632,6.15833333333333,6.175,6.37,6.6537037037037,19,18,4,10,27,2406,1313,1093,226,898,1508,6.80156333333333,7.22923076923077,6.28781462031107,6.35969026548673,6.90891331848552,6.7376374137931,125
"122",2011,12,6.844,25,7.04285714285714,6.59090909090909,6.33333333333333,6.43333333333333,6.97368421052632,14,11,3,6,19,2431,1327,1104,229,904,1527,6.80199974496092,7.22726450640543,6.29083458333333,6.35934497816594,6.90575681415929,6.74057447282253,126
"123",2012,1,6.63518518518519,27,6.70714285714286,6.55769230769231,6.83333333333333,6.98571428571429,6.5125,14,13,3,7,20,2458,1341,1117,232,911,1547,6.80016736371033,7.22183445190157,6.29394035810206,6.36547413793104,6.90637119648737,6.73762586942469,127
"124",2012,2,6.385,20,7.15,5.62,5.6,6.625,6.325,10,10,2,4,16,2478,1351,1127,234,915,1563,6.79681653753027,7.22130273871207,6.28796040816327,6.35893162393162,6.90514115846994,6.7334019321817,128
"125",2012,3,6.8695652173913,23,7.02941176470588,6.41666666666667,6.5,6.66666666666667,6.9,17,6,2,3,20,2501,1368,1133,236,918,1583,6.79748555777689,7.21891812865497,6.28864199470433,6.36012711864407,6.90436183006536,6.73550677195199,129
"126",2012,4,7.35,12,7.10909090909091,10,NA,8.2,6.74285714285714,11,1,0,5,7,2513,1379,1134,236,923,1590,6.80012390768007,7.21804205946338,6.29191479717813,6.36012711864407,6.91138045503792,6.73553913207547,130
"127",2012,5,6.47058823529412,17,7.0625,5.94444444444444,5.33333333333333,6.4,6.5,8,9,3,5,12,2530,1387,1143,239,928,1602,6.79790963636364,7.21714491708724,6.28917881014873,6.34723849372385,6.90862517241379,6.73377479400749,131
"128",2012,6,7.26315789473684,19,7.78461538461538,6.13333333333333,6.85,7.08333333333333,7.34615384615385,13,6,2,6,13,2549,1400,1149,241,934,1615,6.80137755198117,7.22241428571429,6.28836499564839,6.35141078838174,6.90974749464668,6.73870416099071,132
"129",2012,7,6.92736842105263,19,7,6.87454545454545,7.9,7.5,6.86,8,11,2,2,17,2568,1408,1160,243,936,1632,6.80230972741433,7.22115056818182,6.29392360344828,6.36415637860082,6.91100871794872,6.73996765931373,133
"130",2012,8,6.56428571428571,21,7.28181818181818,5.775,NA,6.85714285714286,6.41785714285714,11,10,0,7,14,2589,1419,1170,243,943,1646,6.80037905755118,7.2216208597604,6.28948835897436,6.36415637860082,6.91060886532343,6.73722795868773,134
"131",2012,9,6.61764705882353,17,6.72222222222222,6.5,6.5,6.6,6.625,9,8,4,5,12,2606,1428,1178,247,948,1658,6.79918702225633,7.21847338935574,6.29091797962649,6.36635627530364,6.90897063291139,6.73641569360676,135
"132",2012,10,7.05238095238095,21,7.13125,6.8,NA,6.93333333333333,7.1,16,5,0,6,15,2627,1444,1183,247,954,1673,6.80121103159497,7.21750692520776,6.29306963651733,6.36635627530364,6.90912385744235,6.73967556485356,136
"133",2012,11,6.78125,16,7.375,6.58333333333333,NA,NA,6.78125,4,12,0,0,16,2643,1448,1195,247,954,1689,6.80109019296254,7.21794198895028,6.29598441841004,6.36635627530364,6.90912385744235,6.74006940201303,137
"134",2012,12,6.696875,32,7.26666666666667,6.19411764705882,5.83333333333333,6.3,6.87727272727273,15,17,3,10,22,2675,1463,1212,250,964,1711,6.79984350654206,7.21844155844156,6.29455559405941,6.35996,6.90280514522821,6.74183355932204,138
"135",2013,1,6.55,30,6.82307692307692,6.34117647058823,6.33333333333333,6.72,6.465,13,17,3,10,20,2705,1476,1229,253,974,1731,6.79707259889094,7.2149593495935,6.2952004719284,6.3596442687747,6.90092829568788,6.73863502021953,139
"136",2013,2,6.55357142857143,28,7.15,6.22222222222222,7.66666666666667,6.4375,6.6,10,18,3,8,20,2733,1486,1247,256,982,1751,6.79457789242591,7.21452220726784,6.29414705693665,6.3749609375,6.89715291242362,6.73705152484295,140
"137",2013,3,6.73939393939394,33,6.82,6.70434782608696,6.42857142857143,6.85714285714286,6.70769230769231,10,23,7,7,26,2766,1496,1270,263,989,1777,6.79391951554592,7.21188502673797,6.30157588976378,6.37638783269962,6.89686972699697,6.73662195835678,141
"138",2013,4,6.245,20,6.53571428571429,5.56666666666667,6,7.16666666666667,6.08235294117647,14,6,1,3,17,2786,1510,1276,264,992,1794,6.78997895908112,7.20561589403974,6.29812020376176,6.37496212121212,6.89768564516129,6.73042208472687,142
"139",2013,5,6.96774193548387,31,7.27894736842105,6.475,5.66666666666667,7.11666666666667,6.932,19,12,3,6,25,2817,1529,1288,267,998,1819,6.79193517216897,7.20652714192283,6.29976815217391,6.36700374531835,6.89900216432866,6.73319253435954,143
"140",2013,6,6.86333333333333,21,6.82142857142857,6.94714285714286,6.46,6.69,6.88157894736842,14,7,3,2,19,2838,1543,1295,270,1000,1838,6.79246348837209,7.20303305249514,6.30326747490347,6.36803703703704,6.89858416,6.73472645266594,144
"141",2013,7,7.20909090909091,22,7.39230769230769,6.94444444444444,8.5,8.375,6.95,13,9,1,4,18,2860,1556,1304,271,1004,1856,6.79566831468532,7.20461439588689,6.30769277607362,6.37590405904059,6.90446629482072,6.73681423491379,145
"142",2013,8,6.84210526315789,19,7.31818181818182,6.1875,6.08333333333333,7.5,6.66666666666667,11,8,6,4,15,2879,1567,1312,277,1008,1871,6.79597477596388,7.2054116145501,6.30695989329268,6.36956678700361,6.90682952380952,6.7362518546232,146
"143",2013,9,6.84210526315789,19,8.1,6.39285714285714,6,6.625,6.9,5,14,3,4,15,2898,1572,1326,280,1012,1886,6.79627721877157,7.20825699745547,6.30786680241327,6.36560714285714,6.90571557312253,6.73755419936373,147
"144",2013,10,6.26315789473684,19,6.4,6.11111111111111,7,6.21428571428571,6.29166666666667,10,9,2,7,12,2917,1582,1335,282,1019,1898,6.79280472403154,7.20314791403287,6.30654035955056,6.37010638297873,6.90096580961727,6.73473510010538,148
"145",2013,11,6.50909090909091,22,6.61111111111111,6.43846153846154,6.5,6.41666666666667,6.54375,9,13,2,6,16,2939,1591,1348,284,1025,1914,6.79068097312011,7.19979886863608,6.30781259643917,6.37102112676056,6.89813088780488,6.73313856844305,149
"146",2013,12,6.58913043478261,23,7.11923076923077,5.9,7,6.16666666666667,6.6525,13,10,2,3,20,2962,1604,1358,286,1028,1934,6.78911592842674,7.19914588528679,6.30480955817379,6.37541958041958,6.89599626459144,6.732304663909,150
"147",2014,1,7.08958333333333,24,7.49666666666667,6.41111111111111,5.5,6.27222222222222,7.58,15,9,2,9,15,2986,1619,1367,288,1037,1949,6.79153093770931,7.20190240889438,6.30550942209217,6.36934027777778,6.89058260366441,6.7388287429451,151
"148",2014,2,6.16818181818182,33,6.35294117647059,5.971875,5.875,6.45,6.04565217391304,17,16,8,10,23,3019,1636,1383,296,1047,1972,6.78471725074528,7.19308068459658,6.3016495878525,6.35597972972973,6.88637455587392,6.73074402636917,152
"149",2014,3,6.83787878787879,33,7.2325,6.23076923076923,6.875,6.85714285714286,6.83269230769231,20,13,4,7,26,3052,1656,1396,300,1054,1998,6.78529206422018,7.19355676328503,6.30098952722063,6.3629,6.8861804174573,6.73207068068068,153
"150",2014,4,6.54782608695652,23,6.95,6.23846153846154,7.16666666666667,7.16666666666667,6.32941176470588,10,13,3,6,17,3075,1666,1409,303,1060,2015,6.78351589593496,7.19209483793518,6.30041261887864,6.37085808580858,6.8877680754717,6.72867355831266,154
"151",2014,5,6.55294117647059,17,7.2375,5.94444444444444,6.9,7,6.49333333333333,8,9,3,2,15,3092,1674,1418,306,1062,2030,6.78224818240621,7.19231182795699,6.29815330042313,6.37604575163399,6.88797943502825,6.72693459113301,155
"152",2014,6,6.35294117647059,17,7.15,5.21428571428571,5,7.125,6.11538461538461,10,7,1,4,13,3109,1684,1425,307,1066,2043,6.77990073335478,7.19206057007126,6.29282903859649,6.37156351791531,6.88886881801126,6.72304318159569,156
"153",2014,7,6.85458333333333,24,7.57214285714286,5.85,6.33333333333333,7.30166666666667,6.70555555555556,14,10,3,6,18,3133,1698,1435,310,1072,2061,6.78047283115225,7.19519434628975,6.28974312195122,6.3711935483871,6.89117925373134,6.72289045123726,157
"154",2014,8,6.78709677419355,31,7.11176470588235,6.39285714285714,6.625,6.7,6.80384615384615,17,14,4,5,26,3164,1715,1449,314,1077,2087,6.78053773072061,7.19436734693878,6.29073939268461,6.37442675159236,6.89029169916434,6.7238990033541,158
"155",2014,9,6.75294117647059,17,7.25454545454545,5.83333333333333,6,6.5,6.76875,11,6,1,1,16,3181,1726,1455,315,1078,2103,6.78039024834958,7.19475086906142,6.28885318213059,6.37323809523809,6.88992964749536,6.72424023775559,159
"156",2014,10,6.51826086956522,23,6.992,6.15384615384615,6.35714285714286,7,6.41684210526316,10,13,7,4,19,3204,1736,1468,322,1082,2122,6.77850854556804,7.19358294930876,6.28765761580382,6.37288819875776,6.89033656192237,6.72148785108388,160
"157",2014,11,6.46153846153846,26,6.61333333333333,6.25454545454545,6.625,6.22222222222222,6.58823529411765,15,11,4,9,17,3230,1751,1479,326,1091,2139,6.77595708359133,7.18861222158767,6.28741134550372,6.37598159509202,6.88482507791017,6.72042880785414,161
"158",2014,12,7.13913043478261,23,7.375,6.6,6.25,6.83333333333333,7.33571428571429,16,7,4,9,14,3253,1767,1486,330,1100,2153,6.7785248632032,7.19029994340691,6.28888383580081,6.37445454545454,6.88440378181818,6.72442973525314,162
"159",2015,1,6.55769230769231,13,6.71428571428571,6.375,NA,5.5,6.64583333333333,7,6,0,1,12,3266,1774,1492,330,1101,2165,6.77764586037967,7.18842164599775,6.28923014745308,6.37445454545454,6.8831463760218,6.72399409699769,163
"160",2015,2,6.25,28,6.45454545454545,6.11764705882353,6,6.6,6.17391304347826,11,17,3,5,23,3294,1785,1509,333,1106,2188,6.77316071038251,7.18389915966387,6.28729713717694,6.37108108108108,6.88186632911392,6.71821170932358,164
"161",2015,3,6.28666666666667,30,7.16153846153846,5.61764705882353,5.625,4.8,6.584,13,17,4,5,25,3324,1798,1526,337,1111,2213,6.76876996991576,7.18373748609566,6.27983707732634,6.36222551928783,6.87249699369937,6.71669553547221,165
"162",2015,4,6.93333333333333,33,7.35454545454545,6.09090909090909,6.25,7.72222222222222,6.6375,22,11,4,9,24,3357,1820,1537,341,1120,2237,6.77038766160262,7.1858021978022,6.27848495770983,6.36090909090909,6.87932514285714,6.71584587393831,166
"163",2015,5,6.65714285714286,21,7.20769230769231,5.7625,6.7,7.16,6.5,13,8,3,5,16,3378,1833,1545,344,1125,2253,6.76968365304914,7.18595744680851,6.27581319093851,6.36386627906977,6.88057258666666,6.71431301375943,167
"164",2015,6,6.89655172413793,29,7.30555555555556,6.22727272727273,6,7.35714285714286,6.75,18,11,3,7,22,3407,1851,1556,347,1132,2275,6.77076353977106,7.18712047541869,6.27547003856041,6.3607204610951,6.88351957597173,6.71465811868132,168
"165",2015,7,6.585,20,6.78333333333333,6.2875,5.5,7.06666666666667,6.37857142857143,12,8,2,6,14,3427,1863,1564,349,1138,2289,6.76967942223519,7.18451959205583,6.27553157289003,6.35578796561604,6.88448520210896,6.71260254259502,169
"166",2015,8,6.7948275862069,29,7.54583333333333,6.26470588235294,6,7.28333333333333,6.575,12,17,3,9,20,3456,1875,1581,352,1147,2309,6.76989044560185,7.186832,6.27541516761543,6.35275568181818,6.8876147863993,6.71141066262451,170
"167",2015,9,6.34583333333333,24,6.625,6.20625,6.33333333333333,6,6.51875,8,16,3,8,16,3480,1883,1597,355,1155,2325,6.7669659137931,7.18444503451939,6.27472221665623,6.35259154929577,6.8814668051948,6.71008482580645,171
"168",2015,10,6.805,26,6.73117647058824,6.94444444444444,7.33333333333333,7.143,6.59375,17,9,3,10,16,3506,1900,1606,358,1165,2341,6.76724796919566,7.18038947368421,6.27847533001245,6.36081005586592,6.88371172532189,6.70928971379752,172
"169",2015,11,6.75833333333333,24,7.18181818181818,6.4,6.66666666666667,7,6.72380952380952,11,13,3,3,21,3530,1911,1619,361,1168,2362,6.76718735977337,7.18039769754056,6.27945113032736,6.36335180055402,6.8840104109589,6.70941880609653,173
"170",2015,12,6.8346875,32,7.21875,6.450625,6.88,6.87285714285714,6.824,16,16,5,7,25,3562,1927,1635,366,1175,2387,6.7677937619315,7.18071613907629,6.28112622629969,6.37040983606557,6.88394396595744,6.71061886049435,174
"171",2016,1,6.71153846153846,26,7.05882352941176,6.05555555555556,7,6.21428571428571,6.89473684210526,17,9,1,7,19,3588,1944,1644,367,1182,2406,6.7673861148272,7.17965020576132,6.27989135036496,6.37212534059945,6.87997813874788,6.71207282626766,175
"172",2016,2,6.79565217391304,23,7.6625,6.33333333333333,7,7.4,6.62777777777778,8,15,4,5,18,3611,1952,1659,371,1187,2424,6.7675661534201,7.18162909836066,6.2803745509343,6.3788948787062,6.88216862679023,6.71144687293729,176
"173",2016,3,6.78064516129032,31,7.09444444444444,6.34615384615385,5.875,6.59090909090909,6.885,18,13,4,11,20,3642,1970,1672,375,1198,2444,6.76767747940692,7.18083248730965,6.28088599282297,6.37352,6.87949429048414,6.71286711129296,177
"174",2016,4,6.39285714285714,14,7.2,5.94444444444444,5.75,8,6.26923076923077,5,9,4,1,13,3656,1975,1681,379,1199,2457,6.76624217177243,7.18088101265823,6.27908469958358,6.36693931398417,6.88042882402002,6.71051982905983,178
"175",2016,5,6.92307692307692,13,7.5,6.5625,NA,7.2,6.75,5,8,0,5,8,3669,1980,1689,379,1204,2465,6.76679786862905,7.18168686868687,6.28042710479574,6.36693931398417,6.88175594684385,6.71064795943205,179
"176",2016,6,6.776,25,7.3,6.20833333333333,5.6,7.26666666666667,6.62105263157895,13,12,5,6,19,3694,1993,1701,384,1210,2484,6.766860146183,7.18245860511791,6.27991850676073,6.356953125,6.88366459504132,6.7099626489533,180
"177",2016,7,6.43409090909091,22,7.68,5.39583333333333,6.375,6.46666666666667,6.421875,10,12,2,6,16,3716,2003,1713,386,1216,2500,6.76489003767492,7.18494258612082,6.27372526561588,6.35704663212435,6.88160703947368,6.708118888,181
"178",2016,8,6.625,24,7.25,6,6,7.42857142857143,6.29411764705882,12,12,2,7,17,3740,2015,1725,388,1223,2517,6.76399234759358,7.1853300248139,6.27182108985507,6.35520618556701,6.88473766148814,6.70532269368296,182
"179",2016,9,6.96666666666667,15,7.625,6.21428571428571,8,7.5,6.77272727272727,8,7,1,4,11,3755,2023,1732,389,1227,2528,6.76480196537949,7.18706870983688,6.27158855658199,6.35943444730077,6.88674340668296,6.70561598892405,183
"180",2016,10,6.23333333333333,15,7.125,5.21428571428571,2,5.58333333333333,6.66666666666667,8,7,1,6,9,3770,2031,1739,390,1233,2537,6.76268736870027,7.18682422451994,6.26733259344451,6.34825641025641,6.88040077858881,6.70547781631849,184
"181",2016,11,6.73913043478261,23,7.62727272727273,5.925,5.76666666666667,6.8,6.72222222222222,11,12,6,5,18,3793,2042,1751,396,1238,2555,6.76254452412338,7.18919686581783,6.26498651056539,6.33944444444444,6.88007605815832,6.70559578082192,185
"182",2016,12,6.46875,16,6.94444444444444,5.85714285714286,7,6.66666666666667,6.42307692307692,9,7,1,3,13,3809,2051,1758,397,1241,2568,6.7613104174324,7.1881228668942,6.26336255972696,6.34110831234257,6.87956016116035,6.70416558411215,186
"183",2017,1,6.7625,32,6.68888888888889,6.85714285714286,6.5,7.125,6.71071428571429,18,14,3,4,28,3841,2069,1772,400,1245,2596,6.76132032803957,7.18377960367327,6.2680538261851,6.3423,6.88034872289156,6.70423621725732,187
"184",2017,2,6.28888888888889,18,7.22222222222222,5.35555555555556,5,5.75,6.35625,9,9,2,2,16,3859,2078,1781,402,1247,2612,6.75911670899197,7.18394610202118,6.26344266142617,6.33562189054726,6.87853581395349,6.70210460183767,188
"185",2017,3,6.245,20,6.875,5.3,4,7,5.99333333333333,12,8,2,5,15,3879,2090,1789,404,1252,2627,6.75646593967517,7.18217224880383,6.25913436556736,6.32405940594059,6.87902089456869,6.69805756376095,189
"186",2017,4,6.73333333333333,15,7.0625,6.35714285714286,6.25,6,6.78571428571429,8,7,2,1,14,3894,2098,1796,406,1253,2641,6.75637683102209,7.18171591992374,6.25951635857461,6.32369458128079,6.87831936153232,6.69852223400227,190
"187",2017,5,6.82857142857143,14,7.13333333333333,5,NA,7.03333333333333,6.77272727272727,12,2,0,3,11,3908,2110,1798,406,1256,2652,6.75663546059365,7.18144075829384,6.25811533926585,6.32369458128079,6.87868961783439,6.69883002262444,191
"188",2017,6,6.46,15,7.31666666666667,5.88888888888889,6.5,NA,6.46,6,9,2,0,15,3923,2116,1807,408,1256,2667,6.75550124394596,7.18182419659735,6.25627635860542,6.32455882352941,6.87868961783439,6.69748677165355,192
"189",2017,7,6.51818181818182,22,7.125,5.79,7,8,6.44761904761905,12,10,1,1,21,3945,2128,1817,409,1257,2688,6.7541777896071,7.1815037593985,6.2537101706109,6.32621026894865,6.87958167064439,6.69553468005953,193
"190",2017,8,6.33083333333333,24,7.3,5.36166666666667,4.035,7.03,5.98125,12,12,4,8,16,3969,2140,1829,413,1265,2704,6.75161788359788,7.18216822429907,6.24785750683434,6.30401937046005,6.88053293280632,6.69130814349113,194
"191",2017,9,6.90625,16,7.31818181818182,6,7,7,6.88461538461539,11,5,1,3,13,3985,2151,1834,414,1268,2717,6.75223874027604,7.18286378428638,6.24718177753544,6.30570048309179,6.88081558359621,6.69223305852043,195
"192",2017,10,6.41666666666667,6,6.41666666666667,NA,NA,6.66666666666667,6.16666666666667,6,0,0,3,3,3991,2157,1834,414,1271,2720,6.75173424705588,7.18073249884098,6.24718177753544,6.30570048309179,6.88031011801731,6.69165338970588,196
"193",2017,11,6.42428571428571,21,6.78727272727273,6.025,NA,7.34375,5.85846153846154,11,10,0,8,13,4012,2168,1844,414,1279,2733,6.75002028414756,7.17873616236162,6.24597688720174,6.30570048309179,6.88320888193901,6.68769016465423,197
"194",2017,12,6.88652173913044,23,7.33076923076923,6.309,7,6.7425,6.96333333333333,13,10,2,8,15,4035,2181,1854,416,1287,2748,6.75079835935564,7.17964236588721,6.24631681769148,6.30903846153846,6.88233423465423,6.68919476710335,198
"195",2018,1,6.576,25,7.25714285714286,5.70909090909091,6,6.83333333333333,6.49473684210526,14,11,4,6,19,4060,2195,1865,420,1293,2767,6.74972201477833,7.18013667425968,6.24314819302949,6.30609523809524,6.88210685228151,6.68785949403687,199
"196",2018,2,6.65,20,6.78,6.52,6,6.25,6.75,10,10,4,4,16,4080,2205,1875,424,1297,2783,6.74923318137255,7.17832199546485,6.244624736,6.30320754716981,6.88015740940632,6.68821675170679,200
"197",2018,3,6.7,25,7.35714285714286,5.86363636363636,6.83333333333333,5.75,6.88095238095238,14,11,3,4,21,4105,2219,1886,427,1301,2804,6.74893334470158,7.17945020279405,6.24240264050901,6.30693208430913,6.87668267486549,6.68966020684736,201
"198",2018,4,7.1625,16,7.41818181818182,6.6,6,7.1,7.16666666666667,11,5,1,1,15,4121,2230,1891,428,1302,2819,6.75053903906819,7.18062780269058,6.24334816499207,6.30621495327103,6.87685419354839,6.6921983753104,202
"199",2018,5,6.85909090909091,44,7.41428571428571,5.8875,5.5,8.06666666666667,6.66842105263158,28,16,4,6,38,4165,2258,1907,432,1308,2857,6.75168580552221,7.18352524357839,6.24036254850551,6.29875,6.88231204892966,6.69188212110606,203
"200",2018,6,7.35943127962085,211,7.58394160583942,6.94378378378378,7.26666666666667,7.41195652173913,7.34478787878788,137,74,15,46,165,4376,2395,1981,447,1354,3022,6.78098980347349,7.20643006263048,6.26663875820293,6.33123042505593,6.9003058788774,6.72753051621443,204
"201",2018,7,7.11966887417219,151,7.42887640449438,6.6758064516129,7.1,7.4,7.05862903225806,89,62,10,27,124,4527,2484,2043,457,1381,3146,6.7922865871438,7.2144001610306,6.27905598629467,6.34805251641138,6.91007542360608,6.74058080737445,205
"202",2018,8,7.34073943661972,142,7.57,6.94394230769231,7,7.94736842105263,7.2470325203252,90,52,7,19,123,4669,2574,2095,464,1400,3269,6.80896688370101,7.22683372183372,6.29555913126492,6.35788793103448,6.92415297142857,6.75963665341083,206
"203",2018,9,7.46529411764706,119,7.78846153846154,6.85048780487805,7.215,7.72952380952381,7.40867346938775,78,41,8,21,98,4788,2652,2136,472,1421,3367,6.82527911027569,7.24335218702866,6.30621085205993,6.37241525423729,6.93605500351865,6.77852753786754,207
"204",2018,10,7.21645161290323,124,7.49816091954023,6.55405405405405,6.16666666666667,7,7.26313725490196,87,37,6,22,102,4912,2739,2173,478,1443,3469,6.83515398615635,7.25144578313253,6.31043091578463,6.36983263598326,6.93702990990991,6.79277665609686,208
"205",2018,11,7.08632478632479,117,7.56086956521739,6.40416666666667,6.20833333333333,7.61818181818182,6.96315789473684,69,48,12,22,95,5029,2808,2221,490,1465,3564,6.84099749055478,7.25904914529915,6.31245672219721,6.36587755102041,6.94725881228669,6.79731824354658,209
"206",2018,12,7.40503875968992,129,7.91948051948052,6.64326923076923,6.78571428571429,7.55294117647059,7.38258928571429,77,52,14,17,112,5158,2885,2273,504,1482,3676,6.85510398991857,7.27667590987868,6.32002480422349,6.37753968253968,6.95420658569501,6.81515022306855,210
"207",2019,1,7.22816455696203,158,7.64460784313725,6.46964285714286,6.51111111111111,7.24615384615385,7.22655172413793,102,56,9,13,145,5316,2987,2329,513,1495,3821,6.86619194507148,7.28924004017409,6.32362231859167,6.37988304093567,6.95674525752508,6.83076216173777,211
"208",2019,2,7.43793388429752,121,7.82341772151899,6.71285714285714,6.6875,7.42,7.44260416666667,79,42,8,25,96,5437,3066,2371,521,1520,3917,6.8789160161854,7.30300391389432,6.33051724167018,6.38460652591171,6.96436457894737,6.84575752361501,212
"209",2019,3,6.97302083333333,96,7.38037735849057,6.47093023255814,6.33333333333333,7.79615384615385,6.84409638554217,53,43,9,13,83,5533,3119,2414,530,1533,4000,6.88054877643231,7.30431869188843,6.33301838442419,6.3837358490566,6.97141823874755,6.845723055,213
"210",2019,4,7.4221359223301,103,7.76370967741935,6.90560975609756,6.93333333333333,7.575,7.38530120481928,62,41,6,20,83,5636,3181,2455,536,1553,4083,6.89044648332151,7.31327255580006,6.3425810101833,6.38988805970149,6.97919134578236,6.85669170217977,214
"211",2019,5,7.37964601769912,113,7.69925373134328,6.91413043478261,6.625,7.25454545454545,7.39313725490196,67,46,8,11,102,5749,3248,2501,544,1564,4185,6.90006198991129,7.32123460591133,6.35309331467413,6.39334558823529,6.98112797953964,6.86976636081243,215
"212",2019,6,7.13904758928571,112,7.65401955882353,6.34318181818182,6.1,7.35912263157895,7.09408602150538,68,44,5,19,93,5861,3316,2545,549,1583,4278,6.90462885343798,7.3280589053076,6.352921956778,6.39067395264116,6.98566487049905,6.87464287517532,216
"213",2019,7,7.4828,125,7.89415584415584,6.82291666666667,7.25,7.55333333333333,7.47318181818182,77,48,6,15,110,5986,3393,2593,555,1598,4388,6.91670225693284,7.34090578544061,6.36162220593907,6.39996396396396,6.99099342302878,6.8896472698268,217
"214",2019,8,7.34963235294118,136,7.75294117647059,6.67745098039216,6.35,7.57894736842105,7.31239316239316,85,51,10,19,117,6122,3478,2644,565,1617,4505,6.92631978275074,7.35097565554916,6.36771421331316,6.3990796460177,6.99790197278911,6.90062646392897,218
"215",2019,9,7.04953271028037,107,7.33888888888889,6.45428571428571,6.875,7.20714285714286,7.0258064516129,72,35,4,14,93,6229,3550,2679,569,1631,4598,6.92843629956654,7.35073051549296,6.36884523329601,6.40242530755712,6.99969803188228,6.90315837755546,219
"216",2019,10,7.45012280701754,114,7.80025316455696,6.65982857142857,4.5,7.83913043478261,7.3518021978022,79,35,4,23,91,6343,3629,2714,573,1654,4689,6.93781234589311,7.36051621107743,6.37259778187178,6.38914485165794,7.01137091293833,6.91186526338239,220
"217",2019,11,7.32678571428571,112,7.48356164383562,7.03333333333333,6.2,7.74545454545455,7.22444444444444,73,39,5,22,90,6455,3702,2753,578,1676,4779,6.94456138032533,7.36294255267423,6.38195800217944,6.38750865051903,7.02100685560859,6.91775187696171,221
"218",2019,12,7.52746478873239,142,7.73269230769231,6.96578947368421,7.25555555555556,7.81081081081081,7.42761904761905,104,38,9,37,105,6597,3806,2791,587,1713,4884,6.95710833863878,7.37304606673673,6.38990697957721,6.40081771720613,7.03806625218914,6.9287133947584,222
"219",2020,1,7.42032432432432,185,7.73133333333333,6.84615384615385,6.5375,7.36111111111111,7.43044303797468,120,65,8,27,158,6782,3926,2856,595,1740,5042,6.96974398554999,7.38399728222109,6.40029074929972,6.40265546218487,7.04307901724138,6.94443598175327,223
"220",2020,2,7.12537313432836,134,7.50361445783133,6.50980392156863,6.2,7.19,7.1140350877193,83,51,10,20,114,6916,4009,2907,605,1760,5156,6.97275935656449,7.38647376652532,6.40221203302374,6.39930578512397,7.04474857386363,6.94818584561676,224
"221",2020,3,7.26669811320755,106,7.43819277108434,6.64782608695652,6.16666666666667,6.73529411764706,7.36820224719101,83,23,9,17,89,7022,4092,2930,614,1777,5245,6.97719648390772,7.38752280791789,6.40414006143345,6.39589576547231,7.04178812042768,6.95531291134414,225
"222",2020,4,7.14701149425287,87,7.59338709677419,6.04,6.16666666666667,6.7,7.2327397260274,62,25,9,14,73,7109,4154,2955,623,1791,5318,6.97927468138979,7.3905954092441,6.40105935025381,6.39258426966292,7.03911640982691,6.95912113952614,226
"223",2020,5,7.28764705882353,85,7.35983606557377,7.10416666666667,6.91111111111111,7.28333333333333,7.28857142857143,61,24,9,15,70,7194,4215,2979,632,1806,5388,6.98291822490965,7.39015025622776,6.40672386035583,6.39996835443038,7.04114478959025,6.96340130289532,227
"224",2020,6,7.32959183673469,98,7.63382352941176,6.64,6.42857142857143,7.71111111111111,7.29101123595506,68,30,7,9,89,7292,4283,3009,639,1815,5477,6.98757730526605,7.39401898902638,6.40904964440014,6.40028169014084,7.04446693663911,6.96872488953807,228
"225",2020,7,7.31473214285714,112,7.67013888888889,6.675,6.16666666666667,7.61538461538461,7.27525252525253,72,40,9,13,99,7404,4355,3049,648,1828,5576,6.99252616288493,7.39858400229621,6.41253866185635,6.39703703703703,7.04852707330415,6.97416718436155,229
"226",2020,8,7.48915341269841,126,7.76481477777778,6.8,6.375,7.43,7.50031443396226,90,36,4,20,106,7530,4445,3085,652,1848,5682,7.00083626029217,7.40599924859392,6.41706009076175,6.3969018404908,7.05265556818182,6.98398267335445,230
"227",2020,9,7.29670103092784,97,7.63382352941176,6.50620689655172,6.6,6.74615384615385,7.38190476190476,68,29,5,13,84,7627,4513,3114,657,1861,5766,7.00459906122984,7.40943200974961,6.41789029543995,6.39844748858447,7.0505145029554,6.98977966527922,231
"228",2020,10,7.29821138211382,123,7.53702702702703,6.93755102040816,7.35,7.93384615384615,7.22309090909091,74,49,10,13,110,7750,4587,3163,667,1874,5876,7.00925897290323,7.41149044255504,6.42594068289599,6.41271364317841,7.05664220384205,6.99414730258679,232
"229",2020,11,7.31885245901639,122,7.64625,6.6952380952381,6.835,8.109375,7.19952830188679,80,42,10,16,106,7872,4667,3205,677,1890,5982,7.01405704268293,7.41551460467109,6.4294696973479,6.41895125553914,7.06555422751322,6.9977866181879,233
"230",2020,12,7.3594835915493,142,7.59382579545455,6.97759259259259,6.904,7.63809523809524,7.31112950413223,88,54,10,21,121,8014,4755,3259,687,1911,6103,7.0201776528575,7.41881458044164,6.43855181957656,6.4260116448326,7.07184588697017,7.00399905292479,234
"231",2021,1,7.22761904761905,147,7.41533333333333,6.75833333333333,6.15,7.32428571428571,7.21150793650794,105,42,10,21,126,8161,4860,3301,697,1932,6229,7.02391419066291,7.41873936831276,6.44262053317177,6.42205164992826,7.07458979813664,7.00819653555948,235
"232",2021,2,7.26114285714286,105,7.43575342465753,6.8628125,3.5,7.775,7.21876288659794,73,32,2,8,97,8266,4933,3333,699,1940,6326,7.02692762037261,7.41899114737482,6.44665477947795,6.41369098712446,7.07747808762886,7.01142526398988,236
"233",2021,3,7.43661788617886,123,7.65718681318681,6.809375,6.75,7.71133333333333,7.38952380952381,91,32,4,18,105,8389,5024,3365,703,1958,6431,7.03293452258911,7.4233055991242,6.45010412481427,6.41560455192034,7.08330515321757,7.0175985414399,237
"234",2021,4,7.39787179487179,117,7.63851724137931,6.7,7.54285714285714,7.891,7.34669811320755,87,30,7,11,106,8506,5111,3395,710,1969,6537,7.03795423348225,7.42696895519467,6.45231233578793,6.42671830985915,7.08781741493143,7.02293501912192,238
"235",2021,5,7.37189781021898,137,7.56082474226804,6.91375,7,7.58684210526316,7.33728813559322,97,40,5,19,118,8643,5208,3435,715,1988,6655,7.04324756566007,7.42946204493087,6.45768570014556,6.43072727272727,7.09258676559356,7.02850882344102,239
"236",2021,6,7.23194444444444,108,7.64342105263158,6.2546875,5.75,6.98461538461538,7.26578947368421,76,32,7,13,95,8751,5284,3467,722,2001,6750,7.0455763581305,7.43253942657078,6.45581205076435,6.42412742382271,7.09188530234882,7.03184832888889,240
"237",2021,7,7.32095604651163,129,7.61266663157895,6.50588235294118,6.9,7.2975,7.32525990825688,95,34,2,20,109,8880,5379,3501,724,2021,6859,7.04957680630631,7.43572070273285,6.45629830905456,6.42544198895028,7.09392008411677,7.0365110876221,241
"238",2021,8,7.40458015267176,131,7.63440860215054,6.84210526315789,7.25,8,7.2972972972973,93,38,2,20,111,9011,5472,3539,726,2041,6970,7.05473776939297,7.43909752558479,6.46044090986155,6.42771349862259,7.10279886820186,7.04066421090388,242
"239",2021,9,7.50324492424242,132,7.75202647727273,7.00568181818182,7.34444444444444,7.09166666666667,7.58111108108108,88,44,9,21,111,9143,5560,3583,735,2062,7081,7.06121299026578,7.44405035791367,6.46713658386827,6.4389387755102,7.10268549466537,7.04913612201667,243
"240",2021,10,7.14858156028369,141,7.53888888888889,6.22857142857143,6.14,7.08823529411765,7.15685483870968,99,42,10,17,124,9284,5659,3625,745,2079,7205,7.06253989336493,7.44570948754197,6.46437251862069,6.43492617449664,7.10256733525733,7.05098999028452,244
"241",2021,11,7.60004537414966,147,7.86791669642857,6.74285714285714,6.84,7.8952380952381,7.55084658730159,112,35,5,21,126,9431,5771,3660,750,2100,7331,7.07091793447143,7.45390342401663,6.46703562295082,6.43762666666667,7.11049404285714,7.05958116900832,245
"242",2021,12,7.38946700507614,197,7.69868421052632,6.746875,6,7.45151515151515,7.37698170731707,133,64,11,33,164,9628,5904,3724,761,2133,7495,7.07743581636893,7.45941762533875,6.47184489258862,6.43130091984231,7.11577003750586,7.06652629086057,246
"243",2022,1,7.32135910931174,247,7.60460201342282,6.89071428571429,5.91428571428571,7.65804347826087,7.24430696517413,149,98,14,46,201,9875,6053,3822,775,2179,7696,7.08353698632912,7.46299146869321,6.48258513343799,6.42196129032258,7.1272177558513,7.07116947115385,247
"244",2022,2,7.31855244755245,143,7.77503333333333,6.54339622641509,6.41428571428571,7.795,7.24108130081301,90,53,14,20,123,10018,6143,3875,789,2199,7819,7.08689166899581,7.46756313853166,6.48341687225807,6.42182509505703,7.133291264211,7.07384233917381,248
"245",2022,3,7.55493055555556,144,7.73,7.20479166666667,6,7.5365,7.55790322580645,96,48,6,20,124,10162,6239,3923,795,2219,7943,7.09352398543594,7.47160127584549,6.49224327810349,6.41864150943396,7.1369254123479,7.08139912501574,249
"246",2022,4,7.49497237569061,181,7.69152671755725,6.98,6.16666666666667,7.46458333333333,7.4996178343949,131,50,6,24,157,10343,6370,3973,801,2243,8100,7.10054923523156,7.47612407535322,6.49838167128115,6.41675405742821,7.14043133749442,7.08950533950617,250
"247",2022,5,7.31742796296296,162,7.50682386792453,6.95892857142857,6.41666666666667,7.21684210526316,7.33079251748252,106,56,6,19,143,10505,6476,4029,807,2262,8243,7.10389377153737,7.47662657350216,6.50478291883842,6.41675340768278,7.14107316091954,7.0936912022322,251
"248",2022,6,7.20058394160584,137,7.58634146341463,6.62545454545455,6.07777777777778,7.85,7.12073770491803,82,55,9,15,122,10642,6558,4084,816,2277,8365,7.105138514377,7.47799842787435,6.50640802644466,6.41301470588235,7.14574329819938,7.09408566407651,252
"249",2022,7,7.45018518518518,135,7.63631313131313,6.93833333333333,6,7.19235294117647,7.48733050847458,99,36,3,17,118,10777,6657,4120,819,2294,8483,7.10946080263524,7.48035281508187,6.51018213106796,6.41150183150183,7.14608870531822,7.0995557680066,253
"250",2022,8,7.44497389261745,149,7.64164611111111,6.92691048780488,6.48333333333333,7.45875,7.44331661654135,108,41,6,16,133,10926,6765,4161,825,2310,8616,7.11403626029654,7.48292778566149,6.51428832251863,6.41202424242424,7.14825432467532,7.10486219707521,254
"251",2022,9,7.30316149068323,161,7.63838383838384,6.76788709677419,6.4375,7.52647826086957,7.26594202898551,99,62,8,23,138,11087,6864,4223,833,2333,8754,7.11678264453865,7.48516994026806,6.51801153445418,6.41226890756302,7.15198306472353,7.10740149531643,255
"252",2022,10,7.39424342105263,152,7.63602803738318,6.81933333333333,6.58333333333333,7.56847826086956,7.36317829457364,107,45,6,23,129,11239,6971,4268,839,2356,8883,7.12053511700329,7.48748550710085,6.52118854498594,6.41349225268176,7.15604901952461,7.11111591691996,256
"253",2022,11,7.15878625,184,7.46210829059829,6.62910447761194,6.5,6.80807692307692,7.21649791139241,117,67,9,26,158,11423,7088,4335,848,2382,9041,7.12115126061455,7.48706661117381,6.52285644982699,6.41441037735849,7.1522508354324,7.11295756664086,257
"254",2022,12,7.48415300546448,183,7.75661157024793,6.95241935483871,6.45833333333333,7.52612903225806,7.47559210526316,121,62,12,31,152,11606,7209,4397,860,2413,9193,7.12687496553507,7.49159080871133,6.52891351148511,6.41502325581395,7.15705407791131,7.11895348199717,258
