"","year","month","avg_rating","no_ratings","avg_rating_owned","avg_rating_not_owned","avg_rating_prev_owned","avg_rating_comment","avg_rating_no_comment","no_ratings_owned","no_ratings_not_owned","no_ratings_prev_owned","no_ratings_comment","no_ratings_no_comment","cum_no_ratings","cum_no_ratings_owned","cum_no_ratings_not_owned","cum_no_ratings_prev_owned","cum_no_ratings_comment","cum_no_ratings_no_comment","cum_avg_rating","cum_avg_rating_owned","cum_avg_rating_not_owned","cum_avg_rating_prev_owned","cum_avg_rating_comment","cum_avg_rating_no_comment","month_after_release"
"1",2006,3,6,1,NA,6,NA,NA,6,0,1,0,0,1,1,0,1,0,0,1,6,NA,6,NA,NA,6,-1
"2",2006,4,6.59375,16,7.33333333333333,6.15,6,6.33333333333333,6.65384615384615,6,10,1,3,13,17,6,11,1,3,14,6.55882352941176,7.33333333333333,6.13636363636364,6,6.33333333333333,6.60714285714286,0
"3",2006,5,6.86458333333333,24,7.36111111111111,6.56666666666667,6,6.52777777777778,7.06666666666667,9,15,2,9,15,41,15,26,3,12,29,6.73780487804878,7.35,6.38461538461539,6,6.47916666666667,6.8448275862069,1
"4",2006,6,6.88421052631579,38,7.5,6.26842105263158,6.4,6.52,7.12173913043478,19,19,2,15,23,79,34,45,5,27,52,6.80822784810127,7.43382352941176,6.33555555555556,6.16,6.50185185185185,6.96730769230769,2
"5",2006,7,6.934,75,7.53513513513514,6.34868421052632,6.33333333333333,6.76351351351351,7.1,37,38,6,37,38,154,71,83,11,64,90,6.86948051948052,7.48661971830986,6.34156626506024,6.25454545454545,6.653125,7.02333333333333,3
"6",2006,8,7.22258064516129,62,7.61621621621622,6.64,6,7.21,7.234375,37,25,3,30,32,216,108,108,14,94,122,6.97083333333333,7.53101851851852,6.41064814814815,6.2,6.83085106382979,7.07868852459016,4
"7",2006,9,6.72115384615385,52,7.25862068965517,6.04347826086957,7.375,6.10869565217391,7.20689655172414,29,23,4,23,29,268,137,131,18,117,151,6.92238805970149,7.47335766423358,6.34618320610687,6.46111111111111,6.68888888888889,7.10331125827815,5
"8",2006,10,6.70909090909091,44,7.21428571428571,6.24782608695652,6,6.67857142857143,6.72333333333333,21,23,1,14,30,312,158,154,19,131,181,6.89230769230769,7.43892405063291,6.33149350649351,6.43684210526316,6.68778625954199,7.04033149171271,6
"9",2006,11,6.82439024390244,41,7.105,6.55714285714286,7.25,6.77222222222222,6.86521739130435,20,21,4,18,23,353,178,175,23,149,204,6.88441926345609,7.40140449438202,6.35857142857143,6.57826086956522,6.69798657718121,7.02058823529412,7
"10",2006,12,6.77058823529412,68,7.29714285714286,6.21212121212121,6.83333333333333,6.8047619047619,6.75531914893617,35,33,3,21,47,421,213,208,26,170,251,6.86603325415677,7.38427230046948,6.33533653846154,6.60769230769231,6.71117647058824,6.97091633466135,8
"11",2007,1,7.00704225352113,71,7.34883720930233,6.48214285714286,6.75,7.06896551724138,6.96428571428571,43,28,6,29,42,492,256,236,32,199,293,6.88638211382114,7.3783203125,6.35275423728814,6.634375,6.76331658291457,6.96996587030717,9
"12",2007,2,7.05248409090909,44,7.29130434782609,6.79091904761905,7.06666666666667,7.21692307692308,6.98352580645161,23,21,6,13,31,536,279,257,38,212,324,6.90001735074627,7.37114695340502,6.38855758754864,6.70263157894737,6.7911320754717,6.97126327160494,10
"13",2007,3,7.17058823529412,34,7.36111111111111,6.95625,7,7.03,7.22916666666667,18,16,2,10,24,570,297,273,40,222,348,6.91615666666667,7.37053872053872,6.42182893772894,6.7175,6.80189189189189,6.98904971264368,11
"14",2007,4,6.6063829787234,47,6.96842105263158,6.36071428571429,6.75,6.5,6.73809523809524,19,28,6,26,21,617,316,301,46,248,369,6.89255964343598,7.34636075949367,6.4161438538206,6.72173913043478,6.77024193548387,6.97476775067751,12
"15",2007,5,6.70540540540541,37,7.22222222222222,6.21578947368421,7.33333333333333,6.9,6.63333333333333,18,19,3,10,27,654,334,320,49,258,396,6.88197140672783,7.33967065868263,6.4042478125,6.75918367346939,6.77527131782946,6.95148813131313,13
"16",2007,6,6.734375,32,6.85416666666667,6.375,7,6.39285714285714,7,24,8,2,14,18,686,358,328,51,272,414,6.87508644314869,7.30712290502793,6.40353445121951,6.76862745098039,6.75558823529412,6.95359734299517,14
"17",2007,7,6.78108108108108,37,7.62,5.79411764705882,3,6.33333333333333,7.20526315789474,20,17,1,18,19,723,378,345,52,290,433,6.87027565698479,7.32367724867725,6.3735052173913,6.69615384615385,6.72937931034483,6.96464041570439,15
"18",2007,8,6.80392156862745,51,7.29032258064516,6.05,7,6.93181818181818,6.70689655172414,31,20,3,22,29,774,409,365,55,312,462,6.86590348837209,7.32114914425428,6.35577890410959,6.71272727272727,6.74365384615385,6.94846168831169,16
"19",2007,9,6.82820512820513,39,7.20869565217391,6.28125,6,6.5,7.012,23,16,4,14,25,813,432,381,59,326,487,6.8640950799508,7.31516203703704,6.35264908136483,6.66440677966102,6.73319018404908,6.95172340862423,17
"20",2007,10,6.86145833333333,48,7.25,6.36190476190476,6.16666666666667,6.68076923076923,6.92857142857143,27,21,3,13,35,861,459,402,62,339,522,6.86394808362369,7.31132897603486,6.35313258706468,6.64032258064516,6.73117994100295,6.95017107279693,18
"21",2007,11,6.746,50,6.875,6.58181818181818,6.92,6.74761904761905,6.7448275862069,28,22,5,21,29,911,487,424,67,360,551,6.85747453347969,7.28624229979466,6.3649983490566,6.66119402985075,6.73213888888889,6.93936352087114,19
"22",2007,12,6.93148148148148,54,7.25625,6.45909090909091,6.8,6.90217391304348,6.95322580645161,32,22,5,23,31,965,519,446,72,383,582,6.86161585492228,7.28439306358382,6.36963968609865,6.67083333333333,6.7423498694517,6.94010189003436,20
"23",2008,1,6.92717391304348,46,7.3448275862069,6.21470588235294,7,6.625,6.99078947368421,29,17,2,8,38,1011,548,463,74,391,620,6.86459871414441,7.28759124087591,6.36395097192225,6.67972972972973,6.73994884910486,6.9432085483871,21
"24",2008,2,6.80925925925926,27,7.146875,6.31818181818182,NA,7.21363636363636,6.53125,16,11,0,11,16,1038,564,474,74,402,636,6.86315924855491,7.28359929078014,6.3628888185654,6.67972972972973,6.75291044776119,6.93284481132076,22
"25",2008,3,6.79318181818182,44,7.152,6.32105263157895,6.11666666666667,6.42352941176471,7.02592592592593,25,19,6,17,27,1082,589,493,80,419,663,6.86031358595194,7.27801358234295,6.36127647058824,6.6375,6.73954653937947,6.93663544494721,23
"26",2008,4,6.80285714285714,35,7.23181818181818,6.07692307692308,7,6.69230769230769,6.86818181818182,22,13,1,13,22,1117,611,506,81,432,685,6.85851324977619,7.27635024549918,6.3539709486166,6.64197530864198,6.738125,6.93443693430657,24
"27",2008,5,6.97317073170732,41,7.34782608695652,6.49444444444444,6.91666666666667,7.235,6.72380952380952,23,18,6,20,21,1158,634,524,87,452,706,6.86257279792746,7.27894321766562,6.3587963740458,6.66091954022988,6.76011061946902,6.92817181303116,25
"28",2008,6,6.85416666666667,48,7.19230769230769,6.45454545454545,6.8,6.65789473684211,6.98275862068965,26,22,5,19,29,1206,660,546,92,471,735,6.86223822553897,7.2755303030303,6.3626543956044,6.66847826086957,6.75598726114649,6.93032557823129,26
"29",2008,7,6.79787234042553,47,7.21739130434783,6.39583333333333,6.25,6.67647058823529,6.86666666666667,23,24,14,17,30,1253,683,570,106,488,765,6.85982386272945,7.27357247437775,6.36405140350877,6.61320754716981,6.75321721311475,6.9278291503268,27
"30",2008,8,6.99512195121951,41,7.17142857142857,6.61538461538461,6.42857142857143,6.97368421052632,7.01363636363636,28,13,7,19,22,1294,711,583,113,507,787,6.86411074188563,7.26954992967651,6.36965574614065,6.60176991150442,6.76147928994083,6.93022782719187,28
"31",2008,9,6.8,45,7.1304347826087,6.45454545454545,6.59090909090909,6.725,6.86,23,22,11,20,25,1339,734,605,124,527,812,6.86195616131441,7.26519073569482,6.3727426446281,6.6008064516129,6.76009487666034,6.92806564039409,29
"32",2008,10,6.93,40,7.28181818181818,6.5,6.625,6.95,6.92333333333333,22,18,8,10,30,1379,756,623,132,537,842,6.86392987672226,7.2656746031746,6.37641942215088,6.60227272727273,6.7636312849162,6.92789703087886,30
"33",2008,11,6.52674418604651,43,7.05357142857143,6.27241379310345,6.7,6.02352941176471,6.85576923076923,14,29,10,17,26,1422,770,652,142,554,868,6.85373368495077,7.26181818181818,6.37179340490797,6.60915492957746,6.74092057761733,6.92573652073733,31
"34",2008,12,6.79056603773585,53,7.08653846153846,6.50555555555556,6.85555555555556,6.76,6.80909090909091,26,27,9,20,33,1475,796,679,151,574,901,6.85146393220339,7.25609296482412,6.37711237113402,6.62384105960265,6.74158536585366,6.92146426193119,32
"35",2009,1,6.95,60,7.175,6.5,6.63636363636364,6.73125,7.02954545454545,40,20,11,16,44,1535,836,699,162,590,945,6.85531550488599,7.25221291866029,6.38062846924177,6.62469135802469,6.74130508474576,6.92649661375661,33
"36",2009,2,6.68676470588235,68,7.35384615384615,6.27380952380952,6.21875,6.86363636363636,6.65263157894737,26,42,16,11,57,1603,862,741,178,601,1002,6.84816550218341,7.25527842227378,6.37457395411606,6.58820224719101,6.74354409317804,6.91091746506986,34
"37",2009,3,6.74054054054054,74,7.24705882352941,6.31,6.3,6.40555555555556,6.84821428571429,34,40,10,18,56,1677,896,781,188,619,1058,6.84341639833035,7.25496651785714,6.37126670934699,6.57287234042553,6.73371567043619,6.90759858223062,35
"38",2009,4,6.94931506849315,73,7.18857142857143,6.72894736842105,6.85714285714286,7.08823529411765,6.90714285714286,35,38,14,17,56,1750,931,819,202,636,1114,6.84783388571428,7.25247046186896,6.38786239316239,6.59257425742574,6.74319182389937,6.90757567324955,36
"39",2009,5,6.60151515151515,66,7.14074074074074,6.22820512820513,7.15,6.83157894736842,6.50851063829787,27,39,8,19,47,1816,958,858,210,655,1161,6.83888177312775,7.24932150313152,6.38060524475524,6.61380952380952,6.74575572519084,6.89142058570198,37
"40",2009,6,6.70980392156863,51,7.048,6.38461538461539,6.45,7,6.64761904761905,25,26,10,9,42,1867,983,884,220,664,1203,6.83535581146224,7.2442014242116,6.38072319004525,6.60636363636364,6.74920180722892,6.88290881130507,38
"41",2009,7,6.80645161290323,62,7.39117647058824,6.09642857142857,6.44444444444444,6.81818181818182,6.80392156862745,34,28,9,11,51,1929,1017,912,229,675,1254,6.83442680145153,7.24911504424779,6.37199484649123,6.6,6.75032592592593,6.87969641148325,39
"42",2009,8,6.71111111111111,45,6.912,6.46,6.58333333333333,7.25,6.57638888888889,25,20,6,9,36,1974,1042,932,235,684,1290,6.83161565349544,7.24102687140115,6.37388336909871,6.59957446808511,6.75690058479532,6.87123201550388,40
"43",2009,9,6.69354838709677,62,6.92307692307692,6.52777777777778,6.95833333333333,6.92307692307692,6.63265306122449,26,36,12,13,49,2036,1068,968,247,697,1339,6.8274112475442,7.23328651685393,6.37960671487603,6.617004048583,6.76,6.86250134428678,41
"44",2009,10,6.93809523809524,63,7.08055555555556,6.74814814814815,6.85,7.134375,6.87127659574468,36,27,12,16,47,2099,1104,995,259,713,1386,6.83073334921391,7.22830615942029,6.38960733668341,6.62779922779923,6.76840112201963,6.86279891774892,42
"45",2009,11,6.83269230769231,78,7.32638888888889,6.40952380952381,6.49411764705882,6.89473684210526,6.81271186440678,36,42,17,19,59,2177,1140,1037,276,732,1445,6.83080353697749,7.23140350877193,6.39041398264223,6.61956521739131,6.77168032786885,6.86075384083045,43
"46",2009,12,6.71369230769231,78,7.1467,6.2578947368421,6.29411764705882,6.83773913043478,6.66181818181818,40,38,17,23,55,2255,1180,1075,293,755,1500,6.82675268292683,7.22853220338983,6.38572958139535,6.60068259385666,6.77369271523179,6.85345953333333,44
"47",2010,1,6.86451612903226,62,7.36538461538461,6.50277777777778,6.15625,6.26666666666667,7.05531914893617,26,36,16,15,47,2317,1206,1111,309,770,1547,6.82776318515322,7.23148258706468,6.38952232223222,6.57766990291262,6.76381558441558,6.85959230769231,45
"48",2010,2,6.72820512820513,39,6.94210526315789,6.525,7,6.85,6.68620689655172,19,20,4,10,29,2356,1225,1131,313,780,1576,6.82611515280136,7.22699428571429,6.39191803713528,6.58306709265176,6.76492051282051,6.85640184010152,46
"49",2010,3,6.88558139534884,43,7.265,6.55565217391304,7.22571428571429,6.875,6.88967741935484,20,23,7,12,31,2399,1245,1154,320,792,1607,6.82718103376407,7.22760481927711,6.39518136915078,6.597125,6.76658838383838,6.85704374611077,47
"50",2010,4,6.74727272727273,55,7.536,6.09,6.4,6.76666666666667,6.74,25,30,8,15,40,2454,1270,1184,328,807,1647,6.82539009779951,7.23367559055118,6.38744873310811,6.59231707317073,6.76658983890954,6.85420115361263,48
"51",2010,5,6.74102564102564,39,7.16363636363636,6.19411764705882,6.5,6.39090909090909,6.87857142857143,22,17,4,11,28,2493,1292,1201,332,818,1675,6.82407031688728,7.23248297213622,6.38471215653622,6.59120481927711,6.76153789731051,6.85460853731343,49
"52",2010,6,6.83076923076923,39,7.21666666666667,6.5,6.45833333333333,6.49285714285714,7.02,18,21,12,14,25,2532,1310,1222,344,832,1700,6.82417349921011,7.23226564885496,6.38669337152209,6.58656976744186,6.75701682692308,6.85704076470588,50
"53",2010,7,6.55921052631579,38,6.83695652173913,6.13333333333333,5.4,6.75,6.48148148148148,23,15,5,11,27,2570,1333,1237,349,843,1727,6.82025575875486,7.2254448612153,6.38362109943411,6.56957020057307,6.75692526690391,6.85116925303995,51
"54",2010,8,6.63295454545455,44,7.29347826086957,5.90952380952381,5.66,6.53214285714286,6.68,23,21,5,14,30,2614,1356,1258,354,857,1757,6.81710302218822,7.226598820059,6.37570691573927,6.55672316384181,6.75325320886814,6.84824661354582,52
"55",2010,9,6.57368421052632,38,6.99,6.11111111111111,6.43333333333333,6.68888888888889,6.53793103448276,20,18,6,9,29,2652,1376,1276,360,866,1786,6.81361512066365,7.22315988372093,6.37197437304075,6.55466666666667,6.75258429561201,6.84320789473684,53
"56",2010,10,6.65333333333333,30,7.1875,6.04285714285714,7.1,6.96666666666667,6.51904761904762,16,14,6,9,21,2682,1392,1290,366,875,1807,6.81182225950783,7.22275,6.36840255813953,6.56360655737705,6.75478628571428,6.83944067515219,54
"57",2010,11,6.695,60,7.13260869565217,6.42297297297297,6.97777777777778,6.93666666666667,6.61444444444444,23,37,9,15,45,2742,1415,1327,375,890,1852,6.80926597374179,7.22128480565371,6.36992411454408,6.57354666666667,6.75785168539326,6.83397370410367,55
"58",2010,12,6.73627450980392,51,6.75967741935484,6.7,7,6.84545454545455,6.70625,31,20,5,11,40,2793,1446,1347,380,901,1892,6.80793315431436,7.21138865836791,6.37482501855976,6.57915789473684,6.75892119866815,6.83127341437632,56
"59",2011,1,6.66666666666667,57,7.09259259259259,6.28333333333333,6.33333333333333,7.05333333333333,6.52857142857143,27,30,6,15,42,2850,1473,1377,386,916,1934,6.8051078245614,7.20921113374066,6.37283173565722,6.57533678756477,6.7637423580786,6.82469974146846,57
"60",2011,2,7.04390243902439,41,7.325,6.64705882352941,7.02,7.46,6.90967741935484,24,17,5,10,31,2891,1497,1394,391,926,1965,6.80849439640263,7.21106746826987,6.37617596843615,6.58102301790281,6.77126133909287,6.8260403562341,58
"61",2011,3,6.76517857142857,56,7.032,6.55,6.55555555555556,5.984,6.935,25,31,9,10,46,2947,1522,1425,400,936,2011,6.80767129284017,7.20812614980289,6.37995740350877,6.58045,6.76285042735043,6.82853272003978,59
"62",2011,4,6.801225,40,6.89791666666667,6.6561875,6.5,7,6.73496666666667,24,16,7,10,30,2987,1546,1441,407,946,2041,6.80758496819551,7.20331047865459,6.38302449687717,6.57906633906634,6.76535729386892,6.82715742283195,60
"63",2011,5,6.7411,50,7.22166666666667,6.39310344827586,7.06666666666667,6.84,6.716375,21,29,6,10,40,3037,1567,1470,413,956,2081,6.8064903852486,7.20355647734524,6.38322333333333,6.58615012106538,6.76613807531381,6.82502801537722,61
"64",2011,6,6.74242424242424,33,6.95,6.42307692307692,6.5,6.33333333333333,6.89583333333333,20,13,6,9,24,3070,1587,1483,419,965,2105,6.80580172638436,7.20036105860113,6.38357269049224,6.58491646778043,6.76210155440414,6.82583529691212,62
"65",2011,7,6.94233333333333,30,7.0125,6.802,6,6.90538461538462,6.97058823529412,20,10,2,13,17,3100,1607,1493,421,978,2122,6.807123,7.19802302426882,6.38637528466175,6.5821377672209,6.76400613496932,6.82699495758718,63
"66",2011,8,6.72368421052632,38,7.28636363636364,5.95,6.2125,6.26666666666667,6.93461538461538,22,16,8,12,26,3138,1629,1509,429,990,2148,6.80611258763544,7.1992160834868,6.38174837640822,6.57524475524475,6.75797777777778,6.82829762569833,64
"67",2011,9,6.90975609756098,41,7.15833333333333,6.71521739130435,6.79,7.01363636363636,6.87166666666667,18,23,10,11,30,3179,1647,1532,439,1001,2178,6.80744929223026,7.19876927747419,6.38675476501305,6.58013667425968,6.76078721278721,6.82889499540863,65
"68",2011,10,6.85454545454545,44,7.49411764705882,6.45185185185185,6.18181818181818,6.66363636363636,6.91818181818182,17,27,11,11,33,3223,1664,1559,450,1012,2211,6.80809224325163,7.20178665865384,6.38788216805645,6.5704,6.75973122529644,6.8302276345545,66
"69",2011,11,6.66195652173913,46,6.97083333333333,6.325,6.58333333333333,6.98,6.57361111111111,24,22,6,10,36,3269,1688,1581,456,1022,2247,6.80603588253288,7.19850296208531,6.38700714737508,6.5705701754386,6.76188649706458,6.82611628838451,67
"70",2011,12,6.93846153846154,26,7.42307692307692,6.45384615384615,6.58,7.21428571428571,6.83684210526316,13,13,5,7,19,3295,1701,1594,461,1029,2266,6.80708081942337,7.20021928277484,6.38755225846926,6.57067245119306,6.76496404275996,6.82620622241836,68
"71",2012,1,6.49344262295082,61,6.9695652173913,6.20526315789474,5.89375,6.53571428571429,6.48085106382979,23,38,16,14,47,3356,1724,1632,477,1043,2313,6.80138000595947,7.19714211136891,6.38330778186274,6.54796645702306,6.76188686481304,6.81918862948552,69
"72",2012,2,6.69594594594595,37,7.05,6.45454545454545,6.8125,6.75,6.68939393939394,15,22,8,4,33,3393,1739,1654,485,1047,2346,6.80023026819923,7.19587291546866,6.38425532043531,6.55232989690722,6.76184145176695,6.81736287297528,70
"73",2012,3,6.88928571428571,28,7.11764705882353,6.53636363636364,6.8,6.8,6.93888888888889,17,11,5,10,18,3421,1756,1665,490,1057,2364,6.80095916398714,7.19511560364464,6.38526024024024,6.55485714285714,6.76220245979186,6.81828819796954,71
"74",2012,4,6.8258064516129,31,6.85227272727273,6.76111111111111,6.9,7.14285714285714,6.73333333333333,22,9,5,7,24,3452,1778,1674,495,1064,2388,6.80118230011587,7.19087345331833,6.38728094384707,6.55834343434343,6.76470676691729,6.81743438023451,72
"75",2012,5,6.84074074074074,27,6.89285714285714,6.78461538461538,6.5,6.26666666666667,6.9125,14,13,4,3,24,3479,1792,1687,499,1067,2412,6.8014893072722,7.18854520089285,6.39034279786603,6.55787575150301,6.76330646672915,6.81838030679934,73
"76",2012,6,6.54189189189189,37,6.8125,6.33571428571429,6,5.94444444444444,6.73392857142857,16,21,8,9,28,3516,1808,1708,507,1076,2440,6.79875748009101,7.18521736725663,6.38967113583138,6.54907297830375,6.75645724907063,6.81741118852459,74
"77",2012,7,7.40111111111111,27,7.91875,6.64818181818182,7,7.31428571428571,7.4315,16,11,3,7,20,3543,1824,1719,510,1083,2460,6.8033478125882,7.19165186403508,6.39132536358348,6.55172549019608,6.76006278855032,6.82240378048781,75
"78",2012,8,7.06818181818182,22,7.5,6.3125,5.66666666666667,7,7.08823529411765,14,8,3,5,17,3565,1838,1727,513,1088,2477,6.80498213183731,7.19400054406964,6.39096022003474,6.54654970760234,6.76116544117647,6.82422821962051,76
"79",2012,9,6.63793103448276,29,7.26666666666667,5.96428571428571,5.5,6,6.925,15,14,4,9,20,3594,1853,1741,517,1097,2497,6.80363419588202,7.19458877495952,6.38752917863297,6.53845261121857,6.75492069279854,6.82503536243492,77
"80",2012,10,6.76,25,6.92307692307692,6.58333333333333,6.41666666666667,6.71428571428571,6.77777777777778,13,12,6,7,18,3619,1866,1753,523,1104,2515,6.80333277148383,7.19269721329046,6.38886953793497,6.53705544933078,6.75466304347826,6.82469713717694,78
"81",2012,11,6.74166666666667,36,7.20526315789474,6.22352941176471,6.75,6.21666666666667,6.84666666666667,19,17,4,6,30,3655,1885,1770,527,1110,2545,6.80272538987688,7.19282387267904,6.38728152542373,6.53867172675522,6.75175495495495,6.82495611001965,79
"82",2012,12,6.82068965517241,29,6.91,6.62222222222222,6.525,6.91428571428571,6.79090909090909,20,9,4,7,22,3684,1905,1779,531,1117,2567,6.80286680238871,7.18985459317585,6.3884700955593,6.53856873822976,6.75277350044763,6.82466431632256,80
"83",2013,1,6.64883720930233,43,7.02608695652174,6.215,5.92857142857143,6.66,6.64545454545455,23,20,7,10,33,3727,1928,1799,538,1127,2600,6.80108969680708,7.18790093360996,6.38654157865481,6.53063197026022,6.75195031055901,6.82238973076923,81
"84",2013,2,6.5275,40,6.56470588235294,6.5,6.42857142857143,6.5,6.54074074074074,17,23,7,13,27,3767,1945,1822,545,1140,2627,6.79818457658614,7.18245398457583,6.38797381997804,6.52932110091743,6.74907719298246,6.81949497525695,82
"85",2013,3,7.1390243902439,41,7.51538461538462,6.48666666666667,6.64285714285714,6.91666666666667,7.23103448275862,26,15,7,12,29,3808,1971,1837,552,1152,2656,6.80185433298319,7.18684576357179,6.38877969515514,6.53076086956522,6.75082291666667,6.82398844126506,83
"86",2013,4,7.00833333333333,24,7.06666666666667,6.95,7.35,7.33333333333333,6.96190476190476,12,12,4,3,21,3832,1983,1849,556,1155,2677,6.80314752087683,7.18611850731215,6.39242201189832,6.53665467625899,6.75233593073593,6.82507033993276,84
"87",2013,5,6.58333333333333,24,7.05,6.25,6.14285714285714,6.125,6.675,10,14,7,4,20,3856,1993,1863,563,1159,2697,6.80177938278008,7.18543552433517,6.39135174449812,6.53175843694494,6.75017083692839,6.82395747126437,85
"88",2013,6,7,31,7.425,6.22727272727273,8,7.5,6.92592592592593,20,11,1,4,27,3887,2013,1874,564,1163,2724,6.80336025212246,7.18781569796324,6.3903886339381,6.53436170212766,6.75274978503869,6.82496817180617,86
"89",2013,7,6.89658620689655,29,7.27508333333333,6.62941176470588,6.57142857142857,6.5002,6.97916666666667,12,17,7,5,24,3916,2025,1891,571,1168,2748,6.80405063840654,7.18833283950617,6.39253744050766,6.53481611208406,6.75166866438356,6.82631488355168,87
"90",2013,8,6.65,22,7.56666666666667,5.55,5.125,6.5,6.69411764705882,12,10,4,5,17,3938,2037,1901,575,1173,2765,6.80319002031488,7.19056161021109,6.38810536559705,6.52500869565217,6.75059590792839,6.82550209764919,88
"91",2013,9,6.98260869565217,23,7.78888888888889,6.46428571428571,6.1,6.25,7.05238095238095,9,14,5,2,21,3961,2046,1915,580,1175,2786,6.8042318353951,7.19319354838709,6.38866229765013,6.52134482758621,6.74974382978723,6.82721223977028,89
"92",2013,10,7.36363636363636,22,7.42857142857143,7.25,7.375,8,7.26315789473684,14,8,4,3,19,3983,2060,1923,584,1178,2805,6.80732169219181,7.19479320388349,6.39224560582423,6.52719178082192,6.75292784380306,6.83016516934046,90
"93",2013,11,6.8444,25,7.35714285714286,6.645,7.16666666666667,7.16,6.7655,7,18,3,5,20,4008,2067,1941,587,1183,2825,6.80755296906187,7.19534300919206,6.39458954147347,6.53045996592845,6.75464835164835,6.82970736283186,91
"94",2013,12,6.8953125,32,7.27352941176471,6.46666666666667,6.4,7.3125,6.83571428571429,17,15,2,4,28,4040,2084,1956,589,1187,2853,6.8082480940594,7.19598080614203,6.3951422801636,6.53001697792869,6.75652822240944,6.82976631615843,92
"95",2014,1,6.53947368421053,38,6.93181818181818,6,6,6.88888888888889,6.43103448275862,22,16,6,9,29,4078,2106,1972,595,1196,2882,6.805743575282,7.1932212725546,6.39193625760649,6.52467226890756,6.75752424749164,6.8257540943789,93
"96",2014,2,6.5546875,32,7.07647058823529,5.96333333333333,4.83333333333333,6.6,6.5462962962963,17,15,6,5,27,4110,2123,1987,601,1201,2909,6.80378888077859,7.19228638718794,6.38870070457977,6.50778702163062,6.7568684429642,6.82316029563424,94
"97",2014,3,6.82115384615385,26,7.27692307692308,6.36538461538461,5.25,7,6.77857142857143,13,13,4,5,21,4136,2136,2000,605,1206,2930,6.80389804158607,7.19280149812734,6.38854915,6.49947107438017,6.75787645107794,6.82284071672355,95
"98",2014,4,7.07894736842105,19,7.22222222222222,6.95,7,7,7.11538461538461,9,10,1,6,13,4155,2145,2010,606,1212,2943,6.80515578820698,7.19292494172494,6.39134243781094,6.50029702970297,6.75907508250825,6.82413295956507,96
"99",2014,5,6.57407407407407,27,6.875,6.33333333333333,6.3125,6.72222222222222,6.5,12,15,8,9,18,4182,2157,2025,614,1221,2961,6.80366386896222,7.19115623551228,6.39091274074074,6.49785016286645,6.75880343980344,6.82216254643702,97
"100",2014,6,6.25,19,6.875,5.55555555555556,5,6.60714285714286,6.04166666666667,10,9,5,7,12,4201,2167,2034,619,1228,2973,6.80115979528683,7.18969727734194,6.38721647000983,6.48575121163167,6.75793892508143,6.819012209889,98
"101",2014,7,6.98636363636364,22,7.42727272727273,6.54545454545455,6.5,6.33333333333333,7.08947368421053,11,11,7,3,19,4223,2178,2045,626,1231,2992,6.80212462704239,7.1908971533517,6.38806762836186,6.48591054313099,6.75690414297319,6.82072971256685,99
"102",2014,8,7.04333333333333,24,7.73571428571429,6.074,6,8,6.852,14,10,2,4,20,4247,2192,2055,628,1235,3012,6.80348770897104,7.19437682481752,6.38653931873479,6.48436305732484,6.76093036437247,6.82093735059761,100
"103",2014,9,6.95612903225806,31,7.44111111111111,6.28461538461538,6.125,6.81333333333333,6.97142857142857,18,13,4,3,28,4278,2210,2068,632,1238,3040,6.8045938055166,7.19638642533936,6.38589859767892,6.48208860759494,6.76105735056543,6.82232345394737,101
"104",2014,10,6.63333333333333,21,7.04166666666667,6.08888888888889,5.7,6.06,6.8125,12,9,4,5,16,4299,2222,2077,636,1243,3056,6.80375722260991,7.19555085508551,6.38461160327395,6.47716981132076,6.75823732904264,6.82227202225131,102
"105",2014,11,6.90172413793103,29,7.03076923076923,6.796875,6.74166666666667,6.525,7,13,16,6,6,23,4328,2235,2093,642,1249,3079,6.80441365526802,7.19459239373602,6.38776316292403,6.47964174454829,6.75711689351481,6.82359964274115,103
"106",2014,12,6.67878787878788,33,7.41333333333333,6.06666666666667,5.52857142857143,6.6,6.7,15,18,7,7,26,4361,2250,2111,649,1256,3105,6.80346303600092,7.19605066666666,6.3850252486973,6.46938366718028,6.75624124203822,6.82256466988728,104
"107",2015,1,6.790625,32,7,6.48461538461538,6.8,7,6.76896551724138,19,13,5,3,29,4393,2269,2124,654,1259,3134,6.80336951969042,7.19440899074482,6.38563479284369,6.47191131498471,6.75682208101668,6.82206869814933,105
"108",2015,2,6.42142857142857,28,6.63846153846154,6.23333333333333,6.61111111111111,6.575,6.39583333333333,13,15,9,4,24,4421,2282,2139,663,1263,3158,6.80095053155395,7.19124189307625,6.3845667601683,6.47380090497738,6.75624623911322,6.81882941735276,106
"109",2015,3,6.65454545454545,22,7.03333333333333,6.2,6.5,5.98333333333333,6.90625,12,10,2,6,16,4443,2294,2149,665,1269,3174,6.80022559081702,7.19041586748038,6.38370791065612,6.47387969924812,6.75259180457053,6.81927010081916,107
"110",2015,4,7.19,30,7.41666666666667,6.85,6.7,7.53333333333333,7.10416666666667,18,12,6,6,24,4473,2312,2161,671,1275,3198,6.80283977196512,7.19217733564014,6.38629722350763,6.47590163934426,6.75626588235294,6.82140816135085,108
"111",2015,5,6.77083333333333,24,7.36666666666667,5.77777777777778,6,6,6.88095238095238,15,9,5,3,21,4497,2327,2170,676,1278,3219,6.8026689570825,7.19330210571551,6.38377341013825,6.47238165680473,6.75449061032864,6.82179661385524,109
"112",2015,6,6.65714285714286,14,7.21111111111111,5.66,5.25,6.25,6.82,9,5,4,4,10,4511,2336,2175,680,1282,3229,6.80221731323432,7.19337071917808,6.38210956321839,6.46519117647059,6.75291653666147,6.82179104986064,110
"113",2015,7,6.64615384615385,26,6.73571428571429,6.54166666666667,5.83333333333333,7.11111111111111,6.4,14,12,3,9,17,4537,2350,2187,683,1291,3246,6.80132296671809,7.19064425531915,6.38298504801097,6.46241581259151,6.75541363284276,6.81958203943315,111
"114",2015,8,7.08304347826087,23,7.44444444444444,6.85071428571429,6.2,7.57142857142857,6.869375,9,14,5,7,16,4560,2359,2201,688,1298,3262,6.8027439254386,7.1916125476897,6.38596015447524,6.46050872093023,6.75981432973806,6.81982627222563,112
"115",2015,9,6.9375,28,7.09722222222222,6.65,6.875,6.77777777777778,7.01315789473684,18,10,4,9,19,4588,2377,2211,692,1307,3281,6.80356632519616,7.1908977702987,6.38715436454093,6.46290462427746,6.75993802601377,6.82094583968302,113
"116",2015,10,6.67034482758621,29,7.30333333333333,5.99214285714286,6.578,7.02666666666667,6.51,15,14,5,9,20,4617,2392,2225,697,1316,3301,6.80272954299328,7.19160284280936,6.3846688988764,6.46373027259685,6.76176215805471,6.81906189033626,114
"117",2015,11,6.73428571428571,35,7.04666666666667,6.5,5.95,6.25,6.79677419354839,15,20,6,4,31,4652,2407,2245,703,1320,3332,6.80221459587274,7.19069962609057,6.38569634743875,6.45934566145093,6.76021136363636,6.81885453181273,115
"118",2015,12,7.08225806451613,31,7.115,7.02272727272727,7.25,6.73125,7.20434782608696,20,11,5,8,23,4683,2427,2256,708,1328,3355,6.80406839632714,7.19007581376185,6.38880243794326,6.46492937853107,6.76003689759036,6.82149725782415,116
"119",2016,1,6.69722222222222,36,6.93333333333333,6.52857142857143,6.25,7,6.68857142857143,15,21,8,1,35,4719,2442,2277,716,1329,3390,6.80325329518966,7.18849877149877,6.39009148001757,6.46252793296089,6.76021745673439,6.82012486725664,117
"120",2016,2,6.5,23,6.80909090909091,6.21666666666667,7.45,6.7,6.37142857142857,11,12,4,9,14,4742,2453,2289,720,1338,3404,6.80178243357233,7.18679739094986,6.38918230668414,6.46801388888889,6.75981240657698,6.8182794653349,118
"121",2016,3,7.02142857142857,28,7.36666666666667,6.62307692307692,6.44,6.95,7.04090909090909,15,13,5,6,22,4770,2468,2302,725,1344,3426,6.80307176100629,7.18789059967585,6.39050317115552,6.46782068965517,6.76066145833333,6.81970907764157,119
"122",2016,4,6.8875,40,7.36842105263158,6.45238095238095,6.16666666666667,7.16666666666667,6.80645161290323,19,21,6,9,31,4810,2487,2323,731,1353,3457,6.80377386694386,7.18926980297547,6.39106254842875,6.4653488372093,6.76336215816704,6.81959019380966,120
"123",2016,5,6.95151515151515,33,7.47142857142857,6.04166666666667,6.5,7.11,6.88260869565217,21,12,4,10,23,4843,2508,2335,735,1363,3480,6.80478056989469,7.19163237639553,6.3892669379015,6.46553741496599,6.76590535583272,6.8200066954023,121
"124",2016,6,6.76904761904762,21,7.375,6.39615384615385,6.58,6,6.89722222222222,8,13,5,3,18,4864,2516,2348,740,1366,3498,6.80462629523026,7.19221542130366,6.3893050681431,6.46631081081081,6.76422327964861,6.82040403087479,122
"125",2016,7,6.66923076923077,39,7.46470588235294,6.05454545454545,5.7,4.75,6.88857142857143,17,22,5,4,35,4903,2533,2370,745,1370,3533,6.80354931674485,7.19404421634426,6.38619759493671,6.4611677852349,6.75834233576642,6.82107933767337,123
"126",2016,8,7.3,20,7.38888888888889,7.22727272727273,6.33333333333333,7.78333333333333,7.09285714285714,9,11,3,6,14,4923,2542,2381,748,1376,3547,6.80556617915905,7.19473406766326,6.39008328433431,6.4606550802139,6.76281177325581,6.82215204398083,124
"127",2016,9,6.7909375,32,7.29166666666667,6.4905,6.75857142857143,7.14,6.74107142857143,12,20,7,4,28,4955,2554,2401,755,1380,3575,6.80547170534813,7.19518950665623,6.39091974177426,6.46341721854305,6.76390507246377,6.82151700699301,125
"128",2016,10,6.74823529411765,34,6.912,6.51428571428571,7,6.91555555555556,6.688,20,14,2,9,25,4989,2574,2415,757,1389,3600,6.80508163960713,7.19298912198912,6.3916349068323,6.46483487450462,6.76488768898488,6.82058980555556,126
"129",2016,11,6.66296296296296,27,7.25,6.03076923076923,5.38,7.725,6.47826086956522,14,13,5,4,23,5016,2588,2428,762,1393,3623,6.80431664673046,7.19329752704791,6.38970275947282,6.45771653543307,6.76764465183058,6.8184165884626,127
"130",2016,12,6.7628,25,6.91818181818182,6.64071428571429,6.574,6.82,6.7485,11,14,5,5,20,5041,2599,2442,767,1398,3643,6.80411075183495,7.1921331281262,6.39114180999181,6.45847457627119,6.76783190271817,6.81803274773539,128
"131",2017,1,6.75,30,7.45833333333333,6.27777777777778,6.53333333333333,5.75,7,12,18,6,6,24,5071,2611,2460,773,1404,3667,6.80379063301124,7.19335656836461,6.39031231707317,6.45905562742561,6.76348219373219,6.81922369784565,129
"132",2017,2,6.36363636363636,22,6.9,5.91666666666667,4.66666666666667,7,6.33333333333333,10,12,3,1,21,5093,2621,2472,776,1405,3688,6.80188931867269,7.19223731400229,6.38801306634304,6.45212628865979,6.76365053380783,6.81645696854664,130
"133",2017,3,6.296,25,7.12222222222222,5.83125,5.38,6.53333333333333,6.26363636363636,9,16,5,3,22,5118,2630,2488,781,1408,3710,6.79941819069949,7.19199771863118,6.38443259646302,6.44526248399488,6.76315980113636,6.813178787062,131
"134",2017,4,6.69791666666667,24,7.28125,6.40625,6,5.33333333333333,6.89285714285714,8,16,6,3,21,5142,2638,2504,787,1411,3731,6.79894443796188,7.19226838514026,6.38457200479233,6.44186785260483,6.76011977321049,6.81362725810775,132
"135",2017,5,7.05882352941176,17,7.68181818181818,5.91666666666667,5.16666666666667,5.83333333333333,7.32142857142857,11,6,3,3,14,5159,2649,2510,790,1414,3745,6.79980079472766,7.19430124575312,6.38345350597609,6.4370253164557,6.75815346534653,6.81552558077437,133
"136",2017,6,6.63,20,7.1375,6.29166666666667,5.8,6,6.66315789473684,8,12,5,1,19,5179,2657,2522,795,1415,3764,6.79914506661517,7.19413022205495,6.38301677240285,6.43301886792453,6.75761766784452,6.81475645589798,134
"137",2017,7,6.73684210526316,19,7.35714285714286,6.375,6.625,10,6.55555555555556,7,12,4,1,18,5198,2664,2534,799,1416,3782,6.79891733358984,7.19455855855856,6.38297880820836,6.43397997496871,6.75990748587571,6.81352281861449,135
"138",2017,8,7.06086956521739,23,7.8,6.49230769230769,2.5,6.625,7.15263157894737,10,13,1,4,19,5221,2674,2547,800,1420,3801,6.80007130817851,7.19682273747195,6.38353682764036,6.4290625,6.75952746478873,6.81521791633781,136
"139",2017,9,6.73375,24,7.204,5.95,7,6.85,6.7105,15,9,1,4,20,5245,2689,2556,801,1424,3821,6.79976783603432,7.19686277426553,6.38201028951487,6.42977528089888,6.7597816011236,6.81466979848207,137
"140",2017,10,6.5,30,7,6.16666666666667,7.25,5.36,6.728,12,18,2,5,25,5275,2701,2574,803,1429,3846,6.79806299526066,7.1959881525361,6.38050439005439,6.43181818181818,6.75488383484954,6.81410642225689,138
"141",2017,11,6.86206896551724,29,7.6,6.07142857142857,6.33333333333333,7.1,6.8125,15,14,9,5,24,5304,2716,2588,812,1434,3870,6.79841295248869,7.19821944035346,6.37883241885626,6.43072660098522,6.75608716875872,6.81409645994832,139
"142",2017,12,7.03409090909091,22,7.32727272727273,6.74090909090909,NA,7.11666666666667,7.003125,11,11,0,6,16,5326,2727,2599,812,1440,3886,6.79938646263612,7.19874000733407,6.38036487110427,6.43072660098522,6.75758958333333,6.81487475553268,140
"143",2018,1,6.93793103448276,29,7.35263157894737,6.15,7,7.28571428571429,6.82727272727273,19,10,1,7,22,5355,2746,2609,813,1447,3908,6.80013675070028,7.19980480699199,6.37948190877731,6.43142681426814,6.76014443676572,6.81494454964176,141
"144",2018,2,6.63793103448276,29,7.12,6.12142857142857,5.8,7,6.625,15,14,5,1,28,5384,2761,2623,818,1448,3936,6.79926305720654,7.19937124230351,6.37810457491422,6.42756723716381,6.76031008287293,6.81359331808943,142
"145",2018,3,6.59090909090909,11,7.21428571428571,5.5,6,8,6.45,7,4,2,1,10,5395,2768,2627,820,1449,3946,6.79883823911029,7.19940895953757,6.37676752950133,6.4265243902439,6.76116563146998,6.81267189559047,143
"146",2018,4,7.00294117647059,17,7.5375,6.52777777777778,6.6875,6.84166666666667,7.09090909090909,8,9,4,6,11,5412,2776,2636,824,1455,3957,6.79947936067997,7.20038328530259,6.37728311836115,6.42779126213592,6.76149759450172,6.81344536264847,144
"147",2018,5,6.73157894736842,19,7.8,6.23846153846154,5.83333333333333,6.7,6.73529411764706,6,13,3,2,17,5431,2782,2649,827,1457,3974,6.79924181550359,7.20167649173257,6.37660184975462,6.42563482466747,6.76141317776252,6.81311104680423,145
"148",2018,6,6.76470588235294,17,6.9375,6.61111111111111,5,7,6.71428571428571,8,9,1,3,14,5448,2790,2658,828,1460,3988,6.79913404919236,7.20091899641577,6.37739589917231,6.42391304347826,6.76190342465753,6.81276411735206,146
"149",2018,7,6.8125,16,6.625,7,7,NA,6.8125,8,8,2,0,16,5464,2798,2666,830,1460,4004,6.79917318814056,7.19927233738384,6.37926417854464,6.42530120481928,6.76190342465753,6.81276306193806,147
"150",2018,8,6.82692307692308,13,7.08333333333333,6.60714285714286,6,7.125,6.77272727272727,6,7,1,2,11,5477,2804,2673,831,1462,4015,6.79923905422677,7.1990242510699,6.37986094276094,6.42478941034898,6.76240013679891,6.81265337484434,148
"151",2018,9,6.90740740740741,27,7.34545454545455,6.60625,6.7125,6.66666666666667,6.9375,11,16,8,3,24,5504,2815,2689,839,1465,4039,6.79976967659884,7.19959644760213,6.38120799553737,6.42753277711561,6.76220409556314,6.8133952215895,149
"152",2018,10,6.57307692307692,26,7.18461538461538,5.96153846153846,6,6.58333333333333,6.57,13,13,4,6,20,5530,2828,2702,843,1471,4059,6.7987038517179,7.19952758132956,6.37918886010363,6.42550415183867,6.761474507138,6.81219593495935,150
"153",2018,11,7.3816,25,7.576,7.09,6.725,7.4,7.38083333333333,15,10,4,1,24,5555,2843,2712,847,1472,4083,6.80132714671467,7.20151389377418,6.38180984513274,6.42691853600944,6.76190828804348,6.81553840313495,151
"154",2018,12,6.75,18,7.25,6.35,6.66666666666667,4,6.91176470588235,8,10,3,1,17,5573,2851,2722,850,1473,4100,6.80116136730666,7.20164994738688,6.38169298310066,6.42776470588235,6.76003326544467,6.8159373902439,152
"155",2019,1,7.448,25,7.78,6.95,5.66666666666667,7,7.48695652173913,15,10,3,2,23,5598,2866,2732,853,1475,4123,6.80405007145409,7.20467690160502,6.38377316983895,6.42508792497069,6.7603586440678,6.81968064516129,153
"156",2019,2,6.40028571428571,21,6.48825,6.34615384615385,5.875,5.66666666666667,6.52255555555556,8,13,4,3,18,5619,2874,2745,857,1478,4141,6.80254107492436,7.20268267223382,6.38359500910747,6.42252042007001,6.75813870094723,6.81838910891089,154
"157",2019,3,6.42361111111111,36,7,6.09782608695652,6.325,6.35416666666667,6.45833333333333,13,23,10,12,24,5655,2887,2768,867,1490,4165,6.80012878868258,7.2017700034638,6.38122048410405,6.42139561707036,6.75488523489933,6.8163143577431,155
"158",2019,4,6.81666666666667,24,7.2,6.54285714285714,6.1,6.5,6.84545454545455,10,14,5,2,22,5679,2897,2782,872,1492,4187,6.80019867934495,7.20176389368312,6.38203389647735,6.41955275229358,6.75454356568364,6.81646747074278,156
"159",2019,5,6.9969696969697,33,7.18333333333333,6.89047619047619,6.78333333333333,7.16666666666667,6.95925925925926,12,21,6,6,27,5712,2909,2803,878,1498,4214,6.80133548669468,7.20168786524579,6.38584313235819,6.42203872437358,6.75619425901202,6.81738236829616,157
"160",2019,6,6.74826086956522,23,7.27272727272727,6.2675,6.15125,5.942,6.97222222222222,11,12,8,5,18,5735,2920,2815,886,1503,4232,6.80112263295554,7.20195547945205,6.38533865008881,6.41959367945824,6.75348569527611,6.81804094990548,158
"161",2019,7,7.00947368421053,19,7.568,6.38888888888889,6.5,7.5,6.98222222222222,10,9,1,1,18,5754,2930,2824,887,1504,4250,6.80181061870003,7.203204778157,6.38534996458923,6.41968432919955,6.75398204787234,6.81873630588235,159
"162",2019,8,6.65416666666667,24,7.10714285714286,6.02,5.5,6.8,6.61578947368421,14,10,2,5,19,5778,2944,2834,889,1509,4269,6.80119735202492,7.20274796195652,6.38406079745942,6.41761529808774,6.75413452617627,6.81783305223706,160
"163",2019,9,6.51428571428571,21,7.47142857142857,6.03571428571429,6.5,5.8,6.7375,7,14,5,5,16,5799,2951,2848,894,1514,4285,6.80015835488877,7.20338529312098,6.38234841994382,6.41807606263982,6.75098348745046,6.81753309218203,161
"164",2019,10,6.53333333333333,15,7.0625,5.92857142857143,5.33333333333333,6,6.72727272727273,8,7,3,4,11,5814,2959,2855,897,1518,4296,6.79946995184038,7.20300439337614,6.38123583187391,6.41444816053512,6.7490046113307,6.81730197858473,162
"165",2019,11,6.645,20,7.31666666666667,5.6375,5.5,6.125,6.775,12,8,2,4,16,5834,2971,2863,899,1522,4312,6.79894040109702,7.20346348030966,6.3791576318547,6.41241379310345,6.74736465177398,6.81714501391466,163
"166",2019,12,6.7375,16,6.91666666666667,6.63,6.93333333333333,5.25,6.95,6,10,3,2,14,5850,2977,2873,902,1524,4326,6.79877235897436,7.2028854551562,6.38003073442395,6.41414634146341,6.74539960629921,6.81757496532594,164
"167",2020,1,6.815,32,6.89894736842105,6.69230769230769,7.66666666666667,6.3125,6.9825,19,13,3,8,24,5882,2996,2886,905,1532,4350,6.79886064263856,7.20095794392523,6.38143738738739,6.41829834254144,6.74313903394256,6.81848489655173,165
"168",2020,2,6.68260869565217,23,6.87142857142857,6.38888888888889,7,6.66666666666667,6.685,14,9,1,3,20,5905,3010,2895,906,1535,4370,6.79840784081287,7.19942524916944,6.38146055267703,6.41894039735099,6.74298957654723,6.81787398169337,166
"169",2020,3,6.48181818181818,11,6.88333333333333,6,6,7.5,6.25555555555556,6,5,1,2,9,5916,3016,2900,907,1537,4379,6.79781918526031,7.19879641909814,6.38080286206896,6.41847850055127,6.7439746258946,6.81671826901119,167
"170",2020,4,7.00625,16,7.65,6.79166666666667,6.4,7.2,6.91818181818182,4,12,5,5,11,5932,3020,2912,912,1542,4390,6.79838137221848,7.1993940397351,6.38249598214286,6.41837719298246,6.74545330739299,6.81697250569476,168
"171",2020,5,7.17368421052632,19,7.28333333333333,6.98571428571429,7.2,9,6.95882352941176,12,7,2,2,17,5951,3032,2919,914,1544,4407,6.79957961687111,7.19972625329815,6.38394254881809,6.4200875273523,6.74837370466321,6.81751969593828,169
"172",2020,6,7.16666666666667,12,7,7.2,7.5,NA,7.16666666666667,2,10,2,0,12,5963,3034,2929,916,1544,4419,6.8003183464699,7.19959459459459,6.38672867872994,6.42244541484716,6.74837370466321,6.81846782077393,170
"173",2020,7,6.74705882352941,17,7.1,6.24285714285714,NA,5,6.85625,10,7,0,1,16,5980,3044,2936,916,1545,4435,6.80016693979933,7.19926741130092,6.38638566076294,6.42244541484716,6.74724207119741,6.81860412626832,171
"174",2020,8,5.96666666666667,6,6,5.96,NA,NA,5.96666666666667,1,5,0,0,6,5986,3045,2941,916,1545,4441,6.79933149014367,7.19887356321839,6.3856607616457,6.42244541484716,6.74724207119741,6.81745311866697,172
"175",2020,9,6.63809523809524,21,6.76363636363636,6.5,7.5,7.375,6.46470588235294,11,10,2,4,17,6007,3056,2951,918,1549,4458,6.79876782087565,7.19730693717278,6.38604822094205,6.42479302832244,6.74886313750807,6.8161079632122,173
"176",2020,10,6.55384615384615,13,7.375,6.18888888888889,6.5,6.5,6.56363636363636,4,9,5,2,11,6020,3060,2960,923,1551,4469,6.79823892026578,7.19753921568627,6.38544875,6.42520043336945,6.74854223081882,6.81548652942493,174
"177",2020,11,7.00862068965517,29,7.30882352941176,6.58333333333333,6.33333333333333,7.83333333333333,6.91346153846154,17,12,3,3,26,6049,3077,2972,926,1554,4495,6.79924752851711,7.19815404614885,6.38624774562584,6.42490280777538,6.75063642213642,6.81605323692992,175
"178",2020,12,6.46666666666667,15,7,6,NA,7,6.38461538461539,7,8,0,2,13,6064,3084,2980,926,1556,4508,6.79842485158311,7.19770428015564,6.38521083892617,6.42490280777538,6.75095694087403,6.81480907275954,176
"179",2021,1,6.83928571428571,28,7.36842105263158,5.72222222222222,3,6,6.94,19,9,1,3,25,6092,3103,2989,927,1559,4533,6.79861265594222,7.19874959716403,6.38321455336233,6.42120819848975,6.74951186658114,6.8154995146702,177
"180",2021,2,6.74857142857143,14,7.5,6.62333333333333,5.5,6,6.87333333333333,2,12,2,2,12,6106,3105,3001,929,1561,4545,6.79849792007861,7.19894363929147,6.38417470843052,6.41922497308934,6.74855156950673,6.81565221122112,178
"181",2021,3,7.23823529411765,17,7.60416666666667,6.36,5,7.33333333333333,7.21785714285714,12,5,1,3,14,6123,3117,3006,930,1564,4559,6.79971881430671,7.20050368944498,6.38413449767132,6.41769892473118,6.74967327365729,6.81688732178109,179
"182",2021,4,5.45823529411765,17,6.029,4.64285714285714,4.75,7,5.361875,10,7,2,1,16,6140,3127,3013,932,1565,4575,6.79600460912052,7.19675727534378,6.380089047461,6.41412017167382,6.74983322683706,6.81179875409836,180
"183",2021,5,6.95,18,7.7875,6.28,6.5,8,6.88823529411765,8,10,2,1,17,6158,3135,3023,934,1566,4592,6.79645474179929,7.19826475279107,6.37975795567317,6.41430406852248,6.75063154533844,6.81208172909408,181
"184",2021,6,7.66,15,8.06923076923077,5,4,9.13333333333333,7.29166666666667,13,2,1,3,12,6173,3148,3025,935,1569,4604,6.79855310221934,7.20186149936468,6.37884571900826,6.41172192513369,6.75518738049713,6.81333173327541,182
"185",2021,7,7.08,15,7.42,6.4,NA,NA,7.08,10,5,0,0,15,6188,3158,3030,935,1569,4619,6.79923534259858,7.20255224825839,6.37888062706271,6.41172192513369,6.75518738049713,6.81419772678069,183
"186",2021,8,6.29166666666667,12,7.14285714285714,5.1,5,5,6.9375,7,5,3,4,8,6200,3165,3035,938,1573,4627,6.7982529516129,7.20242022116904,6.37677373970346,6.40720682302772,6.75072409408773,6.81441091419927,184
"187",2021,9,6.33333333333333,15,6.71428571428571,6,6.5,3,6.57142857142857,7,8,2,1,14,6215,3172,3043,940,1574,4641,6.7971308608206,7.20134300126104,6.37578320736116,6.40740425531915,6.74834116899619,6.8136779357897,185
"188",2021,10,5.97,10,7.06666666666667,5.5,NA,NA,5.97,3,7,0,0,10,6225,3175,3050,940,1574,4651,6.79580213654619,7.2012157480315,6.37377321311475,6.40740425531915,6.74834116899619,6.81186396473877,186
"189",2021,11,6.95833333333333,12,7,6.91666666666667,7,6.5,7.11111111111111,6,6,1,3,9,6237,3181,3056,941,1577,4660,6.79611484688151,7.20083621502672,6.37483910340314,6.40803400637619,6.74786873811033,6.81244190987125,187
"190",2021,12,6.8,26,7.31666666666667,6.35714285714286,6.25,7.325,6.70454545454545,12,14,4,4,22,6263,3193,3070,945,1581,4682,6.79613097557081,7.2012715314751,6.37475840390879,6.40736507936508,6.74932890575585,6.81193492097395,188
"191",2022,1,6.44117647058824,34,7,6.13636363636364,5.9,5.5,6.73076923076923,12,22,5,8,26,6297,3205,3092,950,1589,4708,6.79421443544545,7.20051794071763,6.3730621927555,6.4046947368421,6.74303901825047,6.81148668224299,189
"192",2022,2,7.03421052631579,19,6.99,7.08333333333333,6.625,6,7.15588235294118,10,9,2,2,17,6316,3215,3101,952,1591,4725,6.79493639962001,7.19986314152411,6.37512360528862,6.40515756302521,6.74210496543054,6.81272577777778,190
"193",2022,3,7.01318181818182,22,7.49583333333333,6.434,5.75,7.5,6.93631578947368,12,10,2,3,19,6338,3227,3111,954,1594,4744,6.79569395708425,7.20096374341494,6.37531285760206,6.40378406708595,6.7435313676286,6.81322076306914,191
"194",2022,4,7.03846153846154,13,7.58333333333333,6.57142857142857,6,6,7.125,6,7,1,1,12,6351,3233,3118,955,1595,4756,6.79619088332546,7.2016733683885,6.37575314304041,6.4033612565445,6.74306520376175,6.81400742220354,192
"195",2022,5,7.1875,16,7.3,7,NA,NA,7.1875,10,6,0,0,16,6367,3243,3124,955,1595,4772,6.79717422648029,7.20197656490904,6.37695208066581,6.4033612565445,6.74306520376175,6.81525970243085,193
"196",2022,6,6.97529411764706,17,7.8,6.24222222222222,7.5,7.95,6.84533333333333,8,9,2,2,15,6384,3251,3133,957,1597,4787,6.79764854323308,7.20344816979391,6.37656504947335,6.40565308254963,6.74457670632436,6.81535393774807,194
"197",2022,7,7.4125,12,7.65833333333333,7.16666666666667,NA,8.2,7.34090909090909,6,6,0,1,11,6396,3257,3139,957,1598,4798,6.79880211069418,7.20428615290145,6.37807527875119,6.40565308254963,6.74548748435544,6.81655883701543,195
"198",2022,8,7.49,17,7.375,7.59222222222222,6.5,8.326,7.14166666666667,8,9,2,5,12,6413,3265,3148,959,1603,4810,6.80063438328396,7.20470444104135,6.38154647395172,6.40584984358707,6.75041734248284,6.81736991683992,196
"199",2022,9,6.72666666666667,15,5.875,7.03636363636364,6,7.9,6.64285714285714,4,11,1,1,14,6428,3269,3159,960,1604,4824,6.80046177660237,7.20307739369838,6.38382662234885,6.40542708333333,6.75113403990025,6.81686345356551,197
"200",2022,10,7.20833333333333,18,7.52083333333333,6.58333333333333,NA,7.25,7.20588235294118,12,6,0,1,17,6446,3281,3165,960,1605,4841,6.80160072913435,7.20423956110942,6.38420483412322,6.40542708333333,6.75144485981308,6.81822956000827,198
"201",2022,11,6.64277777777778,18,7.19545454545455,5.77428571428571,5.30666666666667,6.955,6.55357142857143,11,7,3,4,14,6464,3292,3172,963,1609,4855,6.80115846225248,7.20421020656136,6.38285885876419,6.4020041536864,6.75195090118086,6.81746638516993,199
"202",2022,12,6.45,18,7.21428571428571,5.96363636363636,5.33333333333333,6.75,6.4125,7,11,3,2,16,6482,3299,3183,966,1611,4871,6.80018332304844,7.20423158532889,6.38141008482564,6.39868530020704,6.75194847920546,6.81613617327038,200
