"","year","month","avg_rating","no_ratings","avg_rating_owned","avg_rating_not_owned","avg_rating_prev_owned","avg_rating_comment","avg_rating_no_comment","no_ratings_owned","no_ratings_not_owned","no_ratings_prev_owned","no_ratings_comment","no_ratings_no_comment","cum_no_ratings","cum_no_ratings_owned","cum_no_ratings_not_owned","cum_no_ratings_prev_owned","cum_no_ratings_comment","cum_no_ratings_no_comment","cum_avg_rating","cum_avg_rating_owned","cum_avg_rating_not_owned","cum_avg_rating_prev_owned","cum_avg_rating_comment","cum_avg_rating_no_comment","month_after_release"
"1",2006,3,6.1,4,5.96666666666667,6.5,NA,6.7,5.5,3,1,0,2,2,4,3,1,0,2,2,6.1,5.96666666666667,6.5,NA,6.7,5.5,-5
"2",2006,4,5.92857142857143,7,6.5,5.7,NA,5.16666666666667,6.5,2,5,0,3,4,11,5,6,0,5,6,5.99090909090909,6.18,5.83333333333333,NA,5.78,6.16666666666667,-4
"3",2006,5,6.75,2,7.5,6,NA,6.75,NA,1,1,0,2,0,13,6,7,0,7,6,6.10769230769231,6.4,5.85714285714286,NA,6.05714285714286,6.16666666666667,-3
"4",2006,6,6.5,4,7,6,NA,7,6,2,2,0,2,2,17,8,9,0,9,8,6.2,6.55,5.88888888888889,NA,6.26666666666667,6.125,-2
"5",2006,7,6,1,6,NA,NA,NA,6,1,0,0,0,1,18,9,9,0,9,9,6.18888888888889,6.48888888888889,5.88888888888889,NA,6.26666666666667,6.11111111111111,-1
"6",2006,8,6.42857142857143,7,NA,6.42857142857143,7,6,7,0,7,2,4,3,25,9,16,2,13,12,6.256,6.48888888888889,6.125,7,6.18461538461538,6.33333333333333,0
"7",2006,9,6.82352941176471,17,7.42857142857143,6.4,6,6.5,7.11111111111111,7,10,1,8,9,42,16,26,3,21,21,6.48571428571428,6.9,6.23076923076923,6.66666666666667,6.30476190476191,6.66666666666667,1
"8",2006,10,6.72222222222222,18,7.21428571428571,6.40909090909091,NA,7,6.44444444444444,7,11,0,9,9,60,23,37,3,30,30,6.55666666666667,6.99565217391304,6.28378378378378,6.66666666666667,6.51333333333333,6.6,2
"9",2006,11,6.27777777777778,18,6.83333333333333,6,7,6.875,5.8,6,12,2,8,10,78,29,49,5,38,40,6.49230769230769,6.96206896551724,6.21428571428571,6.8,6.58947368421053,6.4,3
"10",2006,12,6.44761904761905,21,6.65555555555556,6.29166666666667,8,6.4,6.49090909090909,9,12,2,10,11,99,38,61,7,48,51,6.48282828282828,6.88947368421053,6.22950819672131,7.14285714285714,6.55,6.41960784313725,4
"11",2007,1,6.475,20,7.13636363636364,5.66666666666667,6,5.7,6.73333333333333,11,9,2,5,15,119,49,70,9,53,66,6.48151260504202,6.94489795918367,6.15714285714286,6.88888888888889,6.46981132075472,6.49090909090909,5
"12",2007,2,6.75640647058824,17,7.3125,6.26210111111111,NA,6.96875,6.56765666666667,8,9,0,8,9,136,57,79,9,61,75,6.51587433823529,6.99649122807018,6.16910012658228,6.88888888888889,6.53524590163934,6.5001188,6
"13",2007,3,5.73125,16,6.41666666666667,5.32,6,5.81428571428571,5.66666666666667,6,10,1,7,9,152,63,89,10,68,84,6.43328230263158,6.94126984126984,6.07369561797753,6.8,6.46102941176471,6.41082035714286,7
"14",2007,4,6.9375,12,6.975,6.75,NA,6.91666666666667,6.95833333333333,10,2,0,6,6,164,73,91,10,74,90,6.4701762804878,6.9458904109589,6.08855945054945,6.8,6.49797297297297,6.44732122222222,8
"15",2007,5,6.31818181818182,11,6,6.5,7,6.08333333333333,6.6,4,7,1,6,5,175,77,98,11,80,95,6.46062234285714,6.89675324675325,6.11794806122449,6.81818181818182,6.466875,6.45535694736842,9
"16",2007,6,6.13571428571429,14,6.05,6.15,NA,6.76,5.78888888888889,2,12,0,5,9,189,79,110,11,85,104,6.43655507936508,6.8753164556962,6.12144463636364,6.81818181818182,6.48411764705882,6.39768182692308,10
"17",2007,7,6.28571428571429,7,5,6.8,7,7,6.16666666666667,2,5,1,1,6,196,81,115,12,86,110,6.43116790816327,6.82901234567901,6.15094704347826,6.83333333333333,6.49011627906977,6.385081,11
"18",2007,8,6.64444444444444,18,7.05,6.1375,9,6.92857142857143,6.46363636363636,10,8,1,7,11,214,91,123,13,93,121,6.44910705607477,6.8532967032967,6.15007243902439,7,6.52311827956989,6.39222239669422,12
"19",2007,9,6.875,8,7.25,6.75,6,7.5,6.5,2,6,1,3,5,222,93,129,14,96,126,6.46445454954955,6.86182795698925,6.17797604651163,6.92857142857143,6.55364583333333,6.39649928571429,13
"20",2007,10,6.78636363636364,22,7.09090909090909,6.48181818181818,6.5,6.8,6.78235294117647,11,11,2,5,17,244,104,140,16,101,143,6.49347913934426,6.88605769230769,6.20184935714286,6.875,6.56584158415842,6.44237,14
"21",2007,11,6.475,20,6.6875,6.33333333333333,7,6.05555555555556,6.81818181818182,8,12,1,9,11,264,112,152,17,110,154,6.49207920454545,6.871875,6.21222967105263,6.88235294117647,6.52409090909091,6.4692137012987,15
"22",2007,12,6.22176470588235,17,6.91888888888889,5.4375,5.5,5.8125,6.58555555555556,9,8,2,8,9,281,121,160,19,118,163,6.47572565836299,6.87537190082645,6.1734931875,6.73684210526316,6.47584745762712,6.47563748466258,16
"23",2008,1,6.59375,32,6.75333333333333,6.45294117647059,7,6.63636363636364,6.57142857142857,15,17,5,11,21,313,136,177,24,129,184,6.48779204472843,6.86191176470588,6.20033282485876,6.79166666666667,6.48953488372093,6.48657016304348,17
"24",2008,2,6.78823529411765,17,6.71111111111111,6.875,7,7.16666666666667,6.58181818181818,9,8,1,6,11,330,145,185,25,135,195,6.50326942424242,6.85255172413793,6.22950762162162,6.8,6.51962962962963,6.49194312820513,18
"25",2008,3,6.31739130434783,23,6.74545454545455,5.925,7,6.43636363636364,6.20833333333333,11,12,3,11,12,353,156,197,28,146,207,6.49115838526912,6.845,6.21095893401015,6.82142857142857,6.51335616438356,6.47550198067633,19
"26",2008,4,7.2,19,7.29230769230769,7,7,7.25,7.14444444444444,13,6,3,10,9,372,169,203,31,156,216,6.52736266129032,6.87940828402367,6.23428034482759,6.83870967741935,6.56057692307692,6.50337458333333,20
"27",2008,5,6.875,12,6.83333333333333,6.91666666666667,7.5,6.75,7,6,6,2,6,6,384,175,209,33,162,222,6.538226328125,6.87782857142857,6.25387038277512,6.87878787878788,6.56759259259259,6.51679689189189,21
"28",2008,6,6.63333333333333,15,7.5,5.875,7.25,6.5,6.7,7,8,2,5,10,399,182,217,35,167,232,6.54180177944862,6.90175824175824,6.23990281105991,6.9,6.56556886227545,6.52469357758621,22
"29",2008,7,5.88461538461539,13,6.875,5.44444444444444,6,5.83333333333333,5.92857142857143,4,9,4,6,7,412,186,226,39,173,239,6.52106531553398,6.90118279569892,6.20822526548672,6.80769230769231,6.54017341040462,6.50723393305439,23
"30",2008,8,6.16315789473684,19,6.91,5.33333333333333,5.5,5.87142857142857,6.33333333333333,10,9,4,7,12,431,196,235,43,180,251,6.50528749419954,6.90163265306122,6.17471876595745,6.68604651162791,6.51416666666667,6.49891996015936,24
"31",2008,9,6.34210526315789,19,6.75,6.04545454545455,6.5,6.33333333333333,6.34615384615385,8,11,5,6,13,450,204,246,48,186,264,6.49839757777778,6.8956862745098,6.16893865853658,6.66666666666667,6.50833333333333,6.49139738636364,25
"32",2008,10,6.56875,16,7.51,5,6.33333333333333,9,6.22142857142857,10,6,3,2,14,466,214,252,51,188,278,6.50081311158798,6.92439252336448,6.14110678571428,6.64705882352941,6.53484042553191,6.47780183453237,26
"33",2008,11,5.94117647058824,17,6.5625,5.38888888888889,4.125,6.1,5.71428571428571,8,9,4,10,7,483,222,261,55,198,285,6.48111575569358,6.91135135135135,6.11516823754789,6.46363636363636,6.51287878787879,6.45904880701754,27
"34",2008,12,5.96666666666667,15,6.4375,5.42857142857143,5.66666666666667,5.6,6.15,8,7,3,5,10,498,230,268,58,203,295,6.46562030120482,6.89486956521739,6.09723473880597,6.42241379310345,6.49039408866995,6.44857257627119,28
"35",2009,1,6.58235294117647,34,6.71818181818182,6.33333333333333,7,6.71428571428571,6.49,22,12,5,14,20,532,252,280,63,217,315,6.47308065789474,6.87944444444444,6.10735325,6.46825396825397,6.50483870967742,6.45120288888889,29
"36",2009,2,6.136,25,6.35,5.86363636363636,5.5,6.58333333333333,5.99473684210526,14,11,2,6,19,557,266,291,65,223,334,6.45795136445242,6.85157894736842,6.09814058419244,6.43846153846154,6.50695067264574,6.42523625748503,30
"37",2009,3,6.52307692307692,39,6.72631578947368,6.33,6.16666666666667,6.56111111111111,6.49047619047619,19,20,6,18,21,596,285,311,71,241,355,6.46221293624161,6.84322807017544,6.11305115755627,6.41549295774648,6.5109958506224,6.42909552112676,31
"38",2009,4,6.54705882352941,34,6.54,6.55263157894737,6.66666666666667,6.61428571428571,6.5,15,19,9,14,20,630,300,330,80,255,375,6.46679192063492,6.82806666666667,6.13836033333333,6.44375,6.51666666666666,6.43287709333333,32
"39",2009,5,6.55833333333333,24,6.71818181818182,6.42307692307692,6.1,6.44,6.64285714285714,11,13,5,10,14,654,311,343,85,265,389,6.47015123853211,6.82418006430868,6.14915134110787,6.42352941176471,6.51377358490566,6.4404342159383,33
"40",2009,6,6.05,10,7,5.8125,5.625,5.83333333333333,6.14285714285714,2,8,4,3,7,664,313,351,89,268,396,6.46382365963855,6.825303514377,6.14147837606837,6.3876404494382,6.50615671641791,6.43517401515151,34
"41",2009,7,6.30833333333333,18,6.65625,6.03,6.33333333333333,4.93333333333333,6.58333333333333,8,10,3,3,15,682,321,361,92,271,411,6.45971980938416,6.82109034267913,6.13839033240997,6.38586956521739,6.48874538745387,6.44058128953771,35
"42",2009,8,5.60714285714286,14,5.1,5.88888888888889,6.2,5.375,5.91666666666667,5,9,5,8,6,696,326,370,97,279,417,6.44257027298851,6.79469325153374,6.13232137837838,6.37628865979381,6.45681003584229,6.43304294964029,36
"43",2009,9,5.3575,20,6.66666666666667,5.12647058823529,5,5.8125,5.24375,3,17,7,4,16,716,329,387,104,283,433,6.41226104748603,6.79352583586626,6.08813671834625,6.28365384615385,6.44770318021201,6.38909678983834,37
"44",2009,10,6.35789473684211,19,6.7,6.2,6.25,5.83333333333333,6.6,6,13,4,6,13,735,335,400,108,289,446,6.41085565986395,6.79185074626866,6.091772275,6.28240740740741,6.43494809688581,6.39524419282511,38
"45",2009,11,5.81578947368421,19,6,5.73076923076923,5.92857142857143,6.7,5.5,6,13,7,5,14,754,341,413,115,294,460,6.39586062334218,6.77791788856305,6.08040898305085,6.26086956521739,6.43945578231292,6.36799763043478,39
"46",2009,12,6.22,20,6.78571428571429,5.91538461538462,5.75,5.66666666666667,6.45714285714286,7,13,6,6,14,774,348,426,121,300,474,6.39131642118863,6.77807471264368,6.07537302816901,6.23553719008264,6.424,6.37063061181435,40
"47",2010,1,6.36666666666667,27,6.525,6.24,5.875,5.7,6.51818181818182,12,15,8,5,22,801,360,441,129,305,496,6.39048553058677,6.76963888888889,6.08097258503401,6.21317829457364,6.41213114754098,6.37717522177419,41
"48",2010,2,6.46,10,6.67142857142857,5.96666666666667,5.5,6.85,6.3625,7,3,2,2,8,811,367,444,131,307,504,6.391342675709,6.76776566757493,6.08020024774775,6.20229007633588,6.41498371335505,6.37694228174603,42
"49",2010,3,6.58421052631579,19,7.02222222222222,6.19,5,6.75,6.56470588235294,9,10,2,2,17,830,376,454,133,309,521,6.39575772289157,6.77385638297872,6.08261874449339,6.18421052631579,6.41715210355987,6.38306892514395,43
"50",2010,4,6.74285714285714,14,7.05,6.33333333333333,6,7,6.72307692307692,8,6,2,1,13,844,384,460,135,310,534,6.40151529620853,6.779609375,6.08588893478261,6.18148148148148,6.41903225806452,6.39134627340824,44
"51",2010,5,6.20714285714286,14,6.625,5.65,5.975,5.8,6.31818181818182,8,6,4,3,11,858,392,466,139,313,545,6.39834371794872,6.77645408163265,6.08027663090129,6.17553956834532,6.41309904153355,6.38986955963303,45
"52",2010,6,6.18,10,6.33333333333333,6.11428571428571,6.65,6.5,6.1,3,7,2,2,8,868,395,473,141,315,553,6.39582823732719,6.77308860759494,6.08077993657505,6.1822695035461,6.41365079365079,6.3856761482821,46
"53",2010,7,6.3,10,6.7,5.9,6,7,6.22222222222222,5,5,2,1,9,878,400,478,143,316,562,6.39473679954442,6.772175,6.07888893305439,6.17972027972028,6.41550632911392,6.38305855871886,47
"54",2010,8,6.11111111111111,18,5.9,6.19230769230769,5.875,6,6.11764705882353,5,13,4,1,17,896,405,491,147,317,579,6.38903896205357,6.76140740740741,6.08189187372709,6.17142857142857,6.41419558359622,6.37526582037997,48
"55",2010,9,6,7,5.8,6.5,NA,6.5,5.8,5,2,0,2,5,903,410,493,147,319,584,6.38602315614618,6.74968292682927,6.08358805273834,6.17142857142857,6.41473354231975,6.37034059931507,49
"56",2010,10,6.18235294117647,17,6.12,6.20833333333333,6.1875,5.8,6.34166666666667,5,12,8,5,12,920,415,505,155,324,596,6.38225968478261,6.74209638554217,6.0865522970297,6.17225806451613,6.40524691358025,6.36976327181208,50
"57",2010,11,6.78571428571429,14,7.16666666666667,6.68181818181818,6.6,6.8,6.77777777777778,3,11,5,5,9,934,418,516,160,329,605,6.38830718415417,6.74514354066986,6.09924207364341,6.185625,6.4112462006079,6.37583290909091,51
"58",2010,12,6.51818181818182,11,6.625,6.49444444444444,6.75,6.875,6.43888888888889,2,9,2,2,9,945,420,525,162,331,614,6.38981895238095,6.74457142857143,6.10601697142857,6.19259259259259,6.41404833836858,6.37675718241042,52
"59",2011,1,6.17857142857143,14,7.2,5.61111111111111,5.375,5.83333333333333,6.27272727272727,5,9,4,3,11,959,425,534,166,334,625,6.38673504692388,6.7499294117647,6.09767586142322,6.17289156626506,6.40883233532934,6.374926256,53
"60",2011,2,6.18823529411765,17,6.8125,5.63333333333333,5.83333333333333,6.58333333333333,5.97272727272727,8,9,6,6,11,976,433,543,172,340,636,6.38327757172131,6.75108545034642,6.08997957642726,6.16104651162791,6.41191176470588,6.36796998427673,54
"61",2011,3,6.44545454545455,11,6.81666666666667,6,5.5,6.25,6.55714285714286,6,5,4,4,7,987,439,548,176,344,643,6.38397052684904,6.75198177676537,6.08915859489051,6.14602272727273,6.41002906976744,6.37002940902022,55
"62",2011,4,6.6875,8,6.5,6.75,5,7,6.64285714285714,2,6,1,1,7,995,441,554,177,345,650,6.38641096482412,6.75083900226757,6.09631572202166,6.13954802259887,6.41173913043478,6.37296755384615,56
"63",2011,5,5.66666666666667,9,6.25,5.2,4,NA,5.66666666666667,4,5,1,0,9,1004,445,559,178,345,659,6.37995907370518,6.74633707865168,6.08829858676208,6.12752808988764,6.41173913043478,6.3633215629742,57
"64",2011,6,6.27777777777778,9,6.33333333333333,6.16666666666667,NA,7.5,5.92857142857143,6,3,0,2,7,1013,451,562,178,347,666,6.37905124383021,6.74084257206208,6.08871692170819,6.12752808988764,6.41801152737752,6.35875211711712,58
"65",2011,7,5.6,12,6.33333333333333,5.35555555555556,5.2,5.86666666666667,5.33333333333333,3,9,5,6,6,1025,454,571,183,353,672,6.36993064390244,6.73814977973568,6.07716096322242,6.10218579234973,6.4086402266289,6.34959659226191,59
"66",2011,8,6.44444444444444,9,6.66666666666667,6,6,6,6.66666666666667,6,3,3,3,6,1034,460,574,186,356,678,6.37057921663443,6.73721739130435,6.07675768292683,6.1005376344086,6.40519662921348,6.35240252212389,60
"67",2011,9,6.33333333333333,3,7,6,6,NA,6.33333333333333,1,2,2,0,3,1037,461,576,188,356,681,6.37047146576663,6.7377874186551,6.07649116319444,6.09946808510638,6.40519662921348,6.35231851688693,61
"68",2011,10,6,7,7.25,4.33333333333333,NA,4.33333333333333,7.25,4,3,0,3,4,1044,465,579,188,359,685,6.36798746168582,6.7421935483871,6.06745925734024,6.09946808510638,6.38788300835655,6.35756045255475,62
"69",2011,11,6.75,6,6.75,6.75,6.66666666666667,7.5,6,2,4,3,3,3,1050,467,583,191,362,688,6.37017039047619,6.74222698072805,6.07214221269297,6.10837696335079,6.39709944751381,6.35600132267442,63
"70",2011,12,5.83333333333333,6,7,5.25,5.5,5,6.25,2,4,2,2,4,1056,469,587,193,364,692,6.36712017992424,6.74332622601279,6.06653988074957,6.1020725388601,6.38942307692308,6.3553885982659,64
"71",2012,1,5.83333333333333,15,7,5.40909090909091,5.91666666666667,6.75,5.5,4,11,6,4,11,1071,473,598,199,368,703,6.35964417366947,6.74549682875264,6.05444633779264,6.0964824120603,6.39334239130435,6.34200413940256,65
"72",2012,2,6.14285714285714,7,5.83333333333333,6.375,6.5,6.75,5.9,3,4,2,2,5,1078,476,602,201,370,708,6.35823646567718,6.73974789915966,6.05657626245847,6.10049751243781,6.39527027027027,6.33888264124294,66
"73",2012,3,6.18181818181818,11,6.4,6,6,6.375,6.07142857142857,5,6,2,4,7,1089,481,608,203,374,715,6.35645446280992,6.73621621621622,6.05601794407895,6.09950738916256,6.39505347593583,6.33626420979021,67
"74",2012,4,6.1,5,6.125,6,NA,NA,6.1,4,1,0,0,5,1094,485,609,203,374,720,6.35528236745886,6.73117525773196,6.05592596059113,6.09950738916256,6.39505347593583,6.33462348611111,68
"75",2012,5,5.71428571428571,7,6,5.6,6,NA,5.71428571428571,2,5,2,0,7,1101,487,614,205,374,727,6.35120700272479,6.72817248459959,6.05221320846905,6.09853658536585,6.39505347593583,6.3286504951857,69
"76",2012,6,6.425,20,6.9,6.26666666666667,6.64285714285714,7.125,6.25,5,15,7,4,16,1121,492,629,212,378,743,6.35252355932203,6.72991869918699,6.0573273608903,6.11650943396226,6.40277777777778,6.3269568102288,70
"77",2012,7,6.52571428571429,14,6.8,6.37333333333333,6.5,6.5,6.53272727272727,5,9,3,3,11,1135,497,638,215,381,754,6.35465983259912,6.73062374245473,6.06178512539185,6.12186046511628,6.40354330708661,6.32995876657825,71
"78",2012,8,6.63636363636364,11,6.42857142857143,7,7.5,6.5,6.66666666666667,7,4,2,2,9,1146,504,642,217,383,763,6.35736379581152,6.72642857142857,6.06763070093458,6.13456221198157,6.40404699738903,6.33393041939712,72
"79",2012,9,5.5,6,6.5,5.3,4.5,4.66666666666667,6.33333333333333,1,5,2,3,3,1152,505,647,219,386,766,6.352898359375,6.7259801980198,6.0616984698609,6.11963470319635,6.39054404145078,6.33392808093995,73
"80",2012,10,6.11538461538461,13,6.66666666666667,5.64285714285714,5.5,5,6.45,6,7,4,3,10,1165,511,654,223,389,776,6.35024799141631,6.72528375733855,6.0572154587156,6.1085201793722,6.37982005141388,6.33542385309278,74
"81",2012,11,5.72,10,5.34,6.1,6,3.5,6.275,5,5,1,2,8,1175,516,659,224,391,784,6.3448841787234,6.71186046511628,6.05754007587253,6.10803571428571,6.3650895140665,6.33480728316326,75
"82",2012,12,6.21818181818182,11,7,6.14,6.45,6,6.24,1,10,4,1,10,1186,517,669,228,392,794,6.34370903035413,6.71241779497099,6.05877266068759,6.1140350877193,6.36415816326531,6.33361323677582,76
"83",2013,1,5.875,24,5.71428571428571,6.1,6.375,7,5.77272727272727,14,10,4,2,22,1210,531,679,232,394,816,6.33441232231405,6.68610169491525,6.05937983799705,6.11853448275862,6.36738578680203,6.31849131127451,77
"84",2013,2,6.7,10,8.5,6.25,6,5.5,7.5,2,8,4,4,6,1220,533,687,236,398,822,6.33740894262295,6.69290806754221,6.06159957787482,6.11652542372881,6.35866834170854,6.3271154622871,78
"85",2013,3,6.02,10,6.25,5.86666666666667,5.85,5.5,6.36666666666667,4,6,2,4,6,1230,537,693,238,402,828,6.33482838211382,6.68960893854748,6.05991184704185,6.11428571428571,6.35012437810945,6.32740206521739,79
"86",2013,4,6.38888888888889,9,6,6.7,6,6,6.58333333333333,4,5,3,3,6,1239,541,698,241,405,834,6.33522107344633,6.68451016635859,6.06449700573066,6.11286307053942,6.34753086419753,6.32924329736211,80
"87",2013,5,6.4375,8,6.875,6,6.75,6.5,6.42857142857143,4,4,2,1,7,1247,545,702,243,406,841,6.33587723336006,6.68590825688073,6.0641295014245,6.11810699588477,6.34790640394089,6.33007004756243,81
"88",2013,6,5.52,17,6.2925,4.83333333333333,3.5,5,5.58933333333333,8,9,4,2,15,1264,553,711,247,408,856,6.32490420094937,6.68021699819168,6.04854980309423,6.07570850202429,6.34129901960784,6.31708984813084,82
"89",2013,7,5.63636363636364,11,5.75,5.57142857142857,5.5,7,5.5,4,7,2,1,10,1275,557,718,249,409,866,6.31896385098039,6.6735368043088,6.04389820334262,6.0710843373494,6.34290953545232,6.30765463048499,83
"90",2013,8,5.875,8,7,5.5,6,6.5,5.66666666666667,2,6,2,2,6,1283,559,724,251,411,872,6.31619556508184,6.67470483005367,6.03939075966851,6.07051792828685,6.34367396593674,6.30324416284404,84
"91",2013,9,6,7,5.75,6.33333333333333,NA,5.5,6.2,4,3,0,2,5,1290,563,727,251,413,877,6.3144797751938,6.668134991119,6.04060372764787,6.07051792828685,6.33958837772397,6.30265554161916,85
"92",2013,10,5.5,14,5.875,5,4.66666666666667,7.5,5.16666666666667,8,6,3,2,12,1304,571,733,254,415,889,6.30573536042945,6.65702276707531,6.03208582537517,6.05393700787402,6.34518072289157,6.28732160854893,86
"93",2013,11,6.2,12,6.33333333333333,6.15555555555556,6.63333333333333,5.725,6.4375,3,9,3,4,8,1316,574,742,257,419,897,6.30477120820669,6.65533101045296,6.03358343665768,6.06070038910506,6.33926014319809,6.28866099219621,87
"94",2013,12,6,10,6.7,5.3,5.5,7,5.88888888888889,5,5,2,1,9,1326,579,747,259,420,906,6.30247278280543,6.65571675302245,6.02867323962517,6.05637065637066,6.34083333333333,6.28468974613687,88
"95",2014,1,6.52,10,7.83333333333333,5.95714285714286,5.66666666666667,5,6.9,3,7,3,2,8,1336,582,754,262,422,914,6.30410098053892,6.66178694158075,6.02800916445623,6.05190839694657,6.33447867298578,6.29007539387309,89
"96",2014,2,5.69230769230769,13,5.91666666666667,5.5,5.1,NA,5.69230769230769,6,7,5,0,13,1349,588,761,267,422,927,6.29820527057079,6.65418367346939,6.02315231274639,6.03408239700375,6.33447867298578,6.28169245954692,90
"97",2014,3,5.75,6,5.5,5.875,6.5,5,5.9,2,4,1,1,5,1355,590,765,268,423,932,6.29577779335793,6.65027118644068,6.02237766013072,6.03582089552239,6.33132387706856,6.27964475321888,91
"98",2014,4,5.66666666666667,12,6.07142857142857,5.1,2,4.83333333333333,5.94444444444444,7,5,1,3,9,1367,597,770,269,426,941,6.29025523774689,6.64348408710218,6.01638819480519,6.02081784386617,6.32077464788732,6.27643879914984,92
"99",2014,5,5.875,6,6.375,4.875,NA,NA,5.875,4,2,0,0,6,1373,601,772,269,426,947,6.28844057538237,6.64169717138103,6.01343123056995,6.02081784386617,6.32077464788732,6.27389536430834,93
"100",2014,6,6.5,9,6.5,6.5,7,7,6.4375,7,2,1,1,8,1382,608,774,270,427,955,6.28981831403763,6.64006578947368,6.01468851421189,6.02444444444444,6.32236533957845,6.27526587434555,94
"101",2014,7,5.6875,8,6,5.58333333333333,6,5.375,6,2,6,2,4,4,1390,610,780,272,431,959,6.28635173381295,6.63796721311475,6.0113703974359,6.02426470588235,6.31357308584687,6.27411773722628,95
"102",2014,8,5.5,16,4.85714285714286,6,7,7.33333333333333,5.07692307692308,7,9,3,3,13,1406,617,789,275,434,972,6.27740320768137,6.61776337115073,6.01124069708492,6.03490909090909,6.32062211981567,6.2581058744856,96
"103",2014,9,5.625,4,6,5.5,NA,5.33333333333333,6.5,1,3,0,3,1,1410,618,792,275,437,973,6.27555241843972,6.61676375404531,6.00930417929293,6.03490909090909,6.31384439359268,6.25835448098664,97
"104",2014,10,7.10909090909091,11,6.83333333333333,7.44,8,NA,7.10909090909091,6,5,1,0,11,1421,624,797,276,437,984,6.28200486277269,6.61884615384615,6.01827968632371,6.04202898550725,6.31384439359268,6.26786474593496,98
"105",2014,11,6.33333333333333,9,6.75,6,6,6,6.42857142857143,4,5,3,2,7,1430,628,802,279,439,991,6.28232790909091,6.61968152866242,6.01816572319202,6.0415770609319,6.3124145785877,6.26899990918264,99
"106",2014,12,5.44444444444444,9,5.75,5.2,5,7,5,4,5,3,2,7,1439,632,807,282,441,998,6.27708749826268,6.61417721518987,6.01309654275093,6.03049645390071,6.31553287981859,6.26009910821643,100
"107",2015,1,6.44545454545455,11,6.9,6.06666666666667,5.6,6.38,6.5,5,6,4,5,6,1450,637,813,286,446,1004,6.27836476551724,6.61642072213501,6.01349189421894,6.02447552447553,6.31625560538117,6.26153277888446,101
"108",2015,2,6,9,6,6,6,6,6,5,4,4,1,8,1459,642,817,290,447,1012,6.2766476422207,6.6116199376947,6.01342583843329,6.02413793103448,6.315548098434,6.25946532608696,102
"109",2015,3,6,10,6.33333333333333,5.5,5.5,6.5,5.875,6,4,2,2,8,1469,648,821,292,449,1020,6.2747644043567,6.60904320987654,6.0109243727162,6.02054794520548,6.31636971046771,6.25644991176471,103
"110",2015,4,6.46333333333333,15,7,6.32916666666667,6.49166666666667,5.75,6.93888888888889,3,12,6,6,9,1484,651,833,298,455,1029,6.2766704245283,6.61084485407066,6.01550889555822,6.03003355704698,6.3089010989011,6.26241876579203,104
"111",2015,5,6.25,6,5,6.5,NA,NA,6.25,1,5,0,0,6,1490,652,838,298,455,1035,6.27656302684564,6.60837423312883,6.01839965393795,6.03003355704698,6.3089010989011,6.26234677294686,105
"112",2015,6,6.27777777777778,9,6.625,6,8,8,5.78571428571429,4,5,2,2,7,1499,656,843,300,457,1042,6.27657032021348,6.6084756097561,6.01829052194543,6.04316666666667,6.31630196936543,6.25914482725528,106
"113",2015,7,5.9375,8,5.9,6,6,4.5,6.41666666666667,5,3,2,2,6,1507,661,846,302,459,1048,6.2747703450564,6.60311649016641,6.01822566193853,6.04288079470199,6.30838779956427,6.26004666984733,107
"114",2015,8,5.81818181818182,11,6.33333333333333,5.625,5.66666666666667,7,5.7,3,8,3,1,10,1518,664,854,305,460,1058,6.27146173254282,6.60189759036145,6.01454204918033,6.03918032786885,6.30989130434783,6.25475322306238,108
"115",2015,9,5.82142857142857,7,6.6,3.875,4,7.25,5.25,5,2,1,2,5,1525,669,856,306,462,1063,6.26939600655738,6.60188340807175,6.00954311915888,6.03251633986928,6.31396103896104,6.25002719661336,109
"116",2015,10,6.6,5,6.75,6,6,6,7,4,1,1,2,3,1530,673,857,307,464,1066,6.27047641176471,6.60276374442793,6.00953198366394,6.03241042345277,6.31260775862069,6.25213781425891,110
"117",2015,11,5.6625,8,6.25,3.9,NA,7,5.47142857142857,6,2,0,1,7,1538,679,859,307,465,1073,6.26731398569571,6.59964653902798,6.00462038416764,6.03241042345277,6.31408602150538,6.24704465051258,111
"118",2015,12,6.25833333333333,12,6.21,6.5,6.5,6.75,6.16,10,2,1,2,10,1550,689,861,308,467,1083,6.26724445806452,6.59399129172714,6.00577109175377,6.03392857142857,6.31595289079229,6.24624091412742,112
"119",2016,1,5.45833333333333,12,6.875,4.75,4,5.625,5.375,4,8,4,4,8,1562,693,869,312,471,1091,6.26103003201024,6.59561327561328,5.99421048331415,6.00785256410256,6.31008492569002,6.23985234647113,113
"120",2016,2,6.1875,8,7,5.375,6,6.5,6.08333333333333,4,4,1,2,6,1570,697,873,313,473,1097,6.2606553566879,6.59793400286944,5.99137332187858,6.00782747603834,6.31088794926004,6.23899627164995,114
"121",2016,3,5.76666666666667,12,6.45,5.425,5,5.25,5.87,4,8,1,2,10,1582,701,881,314,475,1107,6.25690828697851,6.59708987161198,5.98623031782066,6.0046178343949,6.30642105263158,6.23566297199639,115
"122",2016,4,6.125,4,6,6.16666666666667,6.5,6,6.16666666666667,1,3,1,1,3,1586,702,884,315,476,1110,6.25657560529634,6.59623931623932,5.98684265837104,6.00619047619048,6.30577731092437,6.23547649549549,116
"123",2016,5,6.25,4,6.25,NA,NA,6,6.33333333333333,4,0,0,1,3,1590,706,884,315,477,1113,6.25655906289308,6.5942776203966,5.98684265837104,6.00619047619048,6.30513626834382,6.23574026055705,117
"124",2016,6,5.9375,8,6.25,5.625,5.5,3,6.35714285714286,4,4,1,1,7,1598,710,888,316,478,1120,6.25496177096371,6.59233802816901,5.98521273648648,6.00458860759494,6.29822175732218,6.23649902678571,118
"125",2016,7,6,9,6,6,NA,7.5,5.57142857142857,8,1,0,2,7,1607,718,889,316,480,1127,6.25353385812072,6.58573816155989,5.98522937007874,6.00458860759494,6.30322916666667,6.23236815439219,119
"126",2016,8,6.83125,8,6.8,6.88333333333333,6,NA,6.83125,5,3,1,0,8,1615,723,892,317,480,1135,6.25639560990712,6.58721991701245,5.98824989910314,6.00457413249211,6.30322916666667,6.23658934801762,120
"127",2016,9,6.15,10,6.25,5.75,5.5,6.5,6.0625,8,2,1,2,8,1625,731,894,318,482,1143,6.25574086769231,6.58352941176471,5.98771690156599,6.00298742138365,6.30404564315353,6.23537087489064,121
"128",2016,10,6.27142857142857,7,6.63333333333333,6,NA,5.5,6.58,3,4,0,2,5,1632,734,898,318,484,1148,6.25580815563726,6.58373297002725,5.98777161469933,6.00298742138365,6.30072314049587,6.2368718728223,122
"129",2016,11,5.5,3,5.5,5.5,NA,NA,5.5,2,1,0,0,3,1635,736,899,318,484,1151,6.25442135168196,6.58078804347826,5.98722904338153,6.00298742138365,6.30072314049587,6.23495126846221,123
"130",2016,12,7.07142857142857,7,6.7,8,NA,10,6.58333333333333,5,2,0,1,6,1642,741,901,318,485,1157,6.25790433008526,6.58159244264507,5.99169690344062,6.00298742138365,6.30835051546392,6.23675791702679,124
"131",2017,1,5.28571428571429,7,5.4,5,NA,5,5.33333333333333,5,2,0,1,6,1649,746,903,318,486,1163,6.25377738629472,6.57367292225201,5.98950045404208,6.00298742138365,6.30565843621399,6.23209708512468,125
"132",2017,2,5.1875,8,6,4.375,3.75,NA,5.1875,4,4,2,0,8,1657,750,907,320,486,1171,6.2486293964997,6.57061333333333,5.98238027563396,5.98890625,6.30565843621399,6.22496064047822,126
"133",2017,3,6.28571428571429,7,6.4,6,NA,7,6.16666666666667,5,2,0,1,6,1664,755,909,320,487,1177,6.24878540264423,6.56948344370861,5.98241904290429,5.98890625,6.3070841889117,6.22466347493628,127
"134",2017,4,5.14285714285714,7,5.66666666666667,4.75,3,6,5,3,4,1,1,6,1671,758,913,321,488,1183,6.24415254937163,6.56591029023747,5.97701961664841,5.97959501557632,6.30645491803279,6.21845216398986,128
"135",2017,5,6.4,5,5.66666666666667,7.5,7,5.5,7,3,2,1,2,3,1676,761,915,322,490,1186,6.24461748806683,6.56236530880421,5.98034853551912,5.98276397515528,6.30316326530612,6.22042909780776,129
"136",2017,6,5.4,5,7,5,NA,5.5,5.33333333333333,1,4,0,2,3,1681,762,919,322,492,1189,6.24210524092802,6.56293963254593,5.9760815125136,5.98276397515528,6.29989837398374,6.21819084104289,130
"137",2017,7,5.6,5,5,6,5,5,5.75,2,3,1,1,4,1686,764,922,323,493,1193,6.24020101423488,6.55884816753927,5.97615933839479,5.9797213622291,6.297261663286,6.21662104777871,131
"138",2017,8,7.25,4,7.33333333333333,7,7,8,7,3,1,1,1,3,1690,767,923,324,494,1196,6.24259107100592,6.56187744458931,5.97726859154929,5.98287037037037,6.30070850202429,6.2185860451505,132
"139",2017,9,7.33333333333333,3,7.33333333333333,NA,NA,NA,7.33333333333333,3,0,0,0,3,1693,770,923,324,494,1199,6.24452386887183,6.56488311688312,5.97726859154929,5.98287037037037,6.30070850202429,6.22137523769808,133
"140",2017,10,6.27777777777778,9,6.33333333333333,6.16666666666667,6.5,6.16666666666667,6.33333333333333,6,3,1,3,6,1702,776,926,325,497,1205,6.24469971210341,6.56309278350516,5.97788219222462,5.98446153846154,6.29989939637827,6.22193270539419,134
"141",2017,11,5.66666666666667,12,5.55555555555556,6,7,6,5.63636363636364,9,3,1,1,11,1714,785,929,326,498,1216,6.24065280630105,6.55154140127389,5.97795361679225,5.98757668711656,6.29929718875502,6.21663561677631,135
"142",2017,12,5.57142857142857,7,5.83333333333333,4,NA,6.5,5.2,6,1,0,2,5,1721,791,930,326,500,1221,6.23793080185938,6.54609355246523,5.97582678494623,5.98757668711656,6.3001,6.21247248976249,136
"143",2018,1,5.58888888888889,9,6.46,4.5,3.5,6.8,5.4375,5,4,2,1,8,1730,796,934,328,501,1229,6.23455428323699,6.5455527638191,5.96950632762312,5.97240853658536,6.30109780439122,6.20742791700569,137
"144",2018,2,5.75,6,6.375,4.5,5,7.25,5,4,2,1,2,4,1736,800,936,329,503,1233,6.23287955645161,6.5447,5.9663663568376,5.96945288753799,6.30487077534791,6.20351087591241,138
"145",2018,3,5.66666666666667,3,6.5,4,NA,4,6.5,2,1,0,1,2,1739,802,937,329,504,1235,6.23190276595745,6.5445885286783,5.96426778014941,5.96945288753799,6.30029761904762,6.20399102024291,139
"146",2018,4,6.525,4,6.3,6.75,NA,5.1,7,2,2,0,1,3,1743,804,939,329,505,1238,6.23257539300057,6.54398009950249,5.96594133120341,5.96945288753799,6.29792079207921,6.20591995961228,140
"147",2018,5,6.2,5,6.33333333333333,6,NA,6,6.25,3,2,0,1,4,1748,807,941,329,506,1242,6.23248221395881,6.54319702602231,5.96601371944739,5.96945288753799,6.29733201581028,6.20606192431562,141
"148",2018,6,6.5,4,7,5,NA,6.5,6.5,3,1,0,2,2,1752,810,942,329,508,1244,6.23309298515982,6.54488888888889,5.96498822717622,5.96945288753799,6.29812992125984,6.20653449356913,142
"149",2018,7,6.5,3,7.5,6,7,7,6.25,1,2,1,1,2,1755,811,944,330,509,1246,6.23354923646724,6.54606658446363,5.96506240466101,5.97257575757576,6.29950884086444,6.20660426163724,143
"150",2018,8,4.66666666666667,3,NA,4.66666666666667,6,NA,4.66666666666667,0,3,1,0,3,1758,811,947,331,509,1249,6.23087537542662,6.54606658446363,5.960949218585,5.9726586102719,6.29950884086444,6.20290545236189,144
"151",2018,9,5.84166666666667,6,6.9,5.3125,5.125,6.26666666666667,5.41666666666667,2,4,2,3,3,1764,813,951,333,512,1252,6.22955153628118,6.54693726937269,5.95822177707676,5.96756756756757,6.29931640625,6.20102149361022,145
"152",2018,10,6.16181818181818,11,6.30888888888889,5.5,4,8,5.75333333333333,9,2,1,2,9,1775,822,953,334,514,1261,6.22913178028169,6.54433090024331,5.95726013641133,5.96167664670659,6.30593385214008,6.19782625693894,146
"153",2018,11,5.83333333333333,9,6,5.625,5.83333333333333,NA,5.83333333333333,5,4,3,0,9,1784,827,957,337,514,1270,6.22713503923767,6.54103990326481,5.95587137931034,5.96053412462908,6.30593385214008,6.19524323622047,147
"154",2018,12,5.8,5,7,5,4,NA,5.8,2,3,1,0,5,1789,829,960,338,514,1275,6.22594125768586,6.54214716525935,5.95288428125,5.95473372781065,6.30593385214008,6.1936932627451,148
"155",2019,1,6.22222222222222,9,6.375,5,5,6.66666666666667,6,8,1,1,3,6,1798,837,961,339,517,1281,6.22592264182425,6.5405495818399,5.95189272632674,5.95191740412979,6.30802707930368,6.19278603434817,149
"156",2019,2,5.1,5,5,5.16666666666667,NA,5,5.125,2,3,0,1,4,1803,839,964,339,518,1285,6.2228002828619,6.53687723480334,5.94944907676348,5.95191740412979,6.30550193050193,6.18946218677043,150
"157",2019,3,5.5,7,5.875,5,4,5.625,5.33333333333333,4,3,1,4,3,1810,843,967,340,522,1288,6.22000492265193,6.53373665480427,5.94650352637021,5.94617647058823,6.30028735632184,6.18746809782609,151
"158",2019,4,6.48583333333333,6,6.47875,6.5,6.5,7.4575,6,4,2,2,2,4,1816,847,969,342,524,1292,6.22088321035242,6.53347697756789,5.94764593395253,5.94941520467836,6.30470419847328,6.18688770123839,152
"159",2019,5,6.18571428571429,7,6.33333333333333,6.075,5,7.15,5.8,3,4,1,2,5,1823,850,973,343,526,1297,6.22074816785518,6.53277058823529,5.94816948612538,5.9466472303207,6.30791825095057,6.18539622976099,153
"160",2019,6,7,4,7.5,6.5,NA,NA,7,2,2,0,0,4,1827,852,975,343,526,1301,6.22245424740011,6.53504107981221,5.94930144615384,5.9466472303207,6.30791825095057,6.1879007763259,154
"161",2019,7,5.5,3,6.75,3,3,NA,5.5,2,1,1,0,3,1830,854,976,344,526,1304,6.22126989617486,6.53554449648712,5.94627962090164,5.93808139534884,6.30791825095057,6.18631818251534,155
"162",2019,8,5.33333333333333,3,6,4,NA,5.5,5,2,1,0,2,1,1833,856,977,344,528,1305,6.21981664484452,6.53429322429907,5.94428752302968,5.93808139534884,6.30485795454546,6.18540912643678,156
"163",2019,9,6.21428571428571,7,6.6,5.25,6,6.5,6.1,5,2,1,2,5,1840,861,979,345,530,1310,6.21979560326087,6.53467479674797,5.94286916241062,5.93826086956522,6.30559433962264,6.18508313740458,157
"164",2019,10,5.57142857142857,7,6,4.5,4.5,6,5.4,5,2,2,2,5,1847,866,981,347,532,1315,6.21733833784515,6.53158775981524,5.93992753312946,5.9299711815562,6.30444548872181,6.18209803041825,158
"165",2019,11,6.02,10,6.33333333333333,5.55,5.73333333333333,7.5,5.65,6,4,3,2,8,1857,872,985,350,534,1323,6.21627566505116,6.53022362385321,5.93834407106599,5.92828571428571,6.30892322097378,6.17888050642479,159
"166",2019,12,6.75,4,6.66666666666667,7,NA,8,6.33333333333333,3,1,0,1,3,1861,875,986,350,535,1326,6.21742284255776,6.53069142857143,5.93942080121704,5.92828571428571,6.31208411214953,6.17922994720965,160
"167",2020,1,5.38888888888889,9,6.25,3.66666666666667,4,NA,5.38888888888889,6,3,1,0,9,1870,881,989,351,535,1335,6.2134352459893,6.52877979568672,5.93252670374115,5.92279202279202,6.31208411214953,6.17390180524345,161
"168",2020,2,6.16666666666667,6,6.75,5,NA,6,6.2,4,2,0,1,5,1876,885,991,351,536,1340,6.2132856663113,6.52977966101695,5.9306447124117,5.92279202279202,6.31150186567164,6.17399918656716,162
"169",2020,3,6.44875,8,6.66666666666667,6.318,6.66666666666667,6,6.59833333333333,3,5,3,2,6,1884,888,996,354,538,1346,6.214285514862,6.53024211711712,5.93258926706827,5.92909604519774,6.310343866171,6.17589072065379,163
"170",2020,4,6.08333333333333,12,6.66666666666667,5.5,5.5,6,6.125,6,6,2,4,8,1896,894,1002,356,542,1354,6.2134567035865,6.53115771812081,5.92999891217565,5.92668539325843,6.30805350553506,6.17559003692762,164
"171",2020,5,6.15,6,6.15,NA,NA,7,5.98,6,0,0,1,5,1902,900,1002,356,543,1359,6.21325652471083,6.52861666666667,5.92999891217565,5.92668539325843,6.30932780847146,6.1748704267844,165
"172",2020,6,6.50625,8,6.675,6,6,NA,6.50625,6,2,1,0,8,1910,906,1004,357,543,1367,6.21448372251309,6.52958609271523,5.9301383565737,5.92689075630252,6.30932780847146,6.1768097366496,166
"173",2020,7,6.1,5,6,6.25,NA,7,5.875,3,2,0,1,4,1915,909,1006,357,544,1371,6.21418480939948,6.52783828382838,5.93077426441352,5.92689075630252,6.31059742647059,6.17592918307804,167
"174",2020,8,5.45454545454545,11,5.25,5.57142857142857,6,6,5.25,4,7,2,3,8,1926,913,1013,359,547,1379,6.20984626687435,6.52223986856517,5.92829112537019,5.92729805013927,6.30889396709324,6.17055758520667,168
"175",2020,9,6.66666666666667,6,6.8,6,6,NA,6.66666666666667,5,1,1,0,6,1932,918,1014,360,547,1385,6.21126496376812,6.52375272331155,5.92836184418146,5.9275,6.30889396709324,6.17270679422383,169
"176",2020,10,6.02857142857143,7,5.75,6.4,5,NA,6.02857142857143,4,3,1,0,7,1939,922,1017,361,547,1392,6.21060542031975,6.52039587852495,5.92975310717797,5.92493074792244,6.30889396709324,6.17198197557471,170
"177",2020,11,4.8,6,5.4,4.5,4,4,4.96,2,4,1,1,5,1945,924,1021,362,548,1397,6.20625393830334,6.51797077922078,5.92415172380019,5.91961325966851,6.30468065693431,6.16764417322835,171
"178",2020,12,6,9,7.16666666666667,5.41666666666667,6.5,7.5,5.8125,3,6,1,1,8,1954,927,1027,363,549,1405,6.2053039457523,6.52007011866235,5.92118686465433,5.92121212121212,6.30685792349727,6.165622,172
"179",2021,1,5.83333333333333,12,6.375,4.75,4.5,5.5,5.9,8,4,2,2,10,1966,935,1031,365,551,1415,6.2030335249237,6.51882887700535,5.91664297769156,5.91342465753425,6.30392921960073,6.16374481272085,173
"180",2021,2,4.33333333333333,3,NA,4.33333333333333,NA,5,4,0,3,0,1,2,1969,935,1034,365,552,1417,6.20018481970543,6.51882887700535,5.91204923597679,5.91342465753425,6.30156702898551,6.16069083274524,174
"181",2021,3,5.87142857142857,7,6.18333333333333,4,4,6.1,5.83333333333333,6,1,1,1,6,1976,941,1035,366,553,1423,6.19902019736842,6.51668969181722,5.91020184541063,5.90819672131147,6.30120253164557,6.15931054813774,175
"182",2021,4,5.64285714285714,7,5.875,5.33333333333333,5,5,5.75,4,3,1,1,6,1983,945,1038,367,554,1429,6.19705693898134,6.51397354497355,5.90853459537572,5.90572207084469,6.29885379061372,6.15759195941218,176
"183",2021,5,5.07142857142857,7,4.83333333333333,5.25,5.66666666666667,6.25,4.6,3,4,3,2,5,1990,948,1042,370,556,1434,6.19309744221106,6.50865506329114,5.90600663147792,5.90378378378378,6.29867805755396,6.1521610251046,177
"184",2021,6,4.91666666666667,6,5.625,3.5,2,5,4.875,4,2,1,2,4,1996,952,1044,371,558,1438,6.1892604759519,6.50494222689076,5.90139742337165,5.89326145552561,6.29402329749104,6.14860842141864,178
"185",2021,7,7,3,7,NA,NA,NA,7,3,0,0,0,3,1999,955,1044,371,558,1441,6.1904771935968,6.50649738219895,5.90139742337165,5.89326145552561,6.29402329749104,6.15038092297016,179
"186",2021,8,6.2,5,NA,6.2,NA,6,6.25,0,5,0,1,4,2004,955,1049,371,559,1445,6.19050095309381,6.50649738219895,5.90282069590086,5.89326145552561,6.29349731663685,6.15065668512111,180
"187",2021,9,6.33333333333333,3,7,6,6,NA,6.33333333333333,1,2,1,0,3,2007,956,1051,372,559,1448,6.19071445440957,6.50701359832636,5.90300562321598,5.89354838709677,6.29349731663685,6.15103515883978,181
"188",2021,10,5.28571428571429,7,5.83333333333333,2,NA,4,5.8,6,1,0,2,5,2014,962,1052,372,561,1453,6.18756897219464,6.50281185031185,5.89929554182509,5.89354838709677,6.28532085561497,6.14982719201652,182
"189",2021,11,6.44444444444444,9,7.2,5.5,NA,7.5,6.14285714285714,5,4,0,2,7,2023,967,1056,372,563,1460,6.18871176964904,6.50641675284385,5.89778305871212,5.89354838709677,6.28963587921847,6.1497937739726,183
"190",2021,12,4.83333333333333,3,3.5,5.5,5,NA,4.83333333333333,1,2,1,0,3,2026,968,1058,373,563,1463,6.18670479269497,6.50331095041322,5.89703110586011,5.8911528150134,6.28963587921847,6.14709426520847,184
"191",2022,1,6.07142857142857,14,6,6.25,7,5.8,6.22222222222222,10,4,1,5,9,2040,978,1062,374,568,1472,6.18591368137255,6.49816462167689,5.89836055555555,5.89411764705882,6.28532570422535,6.14755360733696,185
"192",2022,2,6.14285714285714,7,7.5,5.6,6.5,5.5,6.4,2,5,2,2,5,2047,980,1067,376,570,1477,6.18576644357596,6.50020918367347,5.89696242736645,5.89734042553191,6.2825701754386,6.14840819905213,186
"193",2022,3,5.77083333333333,12,5.75,5.79166666666667,6,6.05,5.57142857142857,6,6,1,5,7,2059,986,1073,377,575,1484,6.18334818358426,6.49564401622718,5.89637363466915,5.89761273209549,6.28054782608696,6.14568659703504,187
"194",2022,4,6.27777777777778,9,6.35714285714286,6,NA,7.5,6.125,7,2,0,1,8,2068,993,1075,377,576,1492,6.18375914410058,6.49466767371601,5.89656642790697,5.89761273209549,6.28266493055556,6.1455756769437,188
"195",2022,5,5.23333333333333,6,5.68,3,3,5,5.28,5,1,1,1,5,2074,998,1076,378,577,1497,6.18100959980714,6.49058617234469,5.89387445167286,5.88994708994709,6.28044194107452,6.14268464261857,189
"196",2022,6,4.16666666666667,3,4.75,3,6.5,6.5,3,2,1,1,1,2,2077,1000,1077,379,578,1499,6.17810010110737,6.487105,5.89118747446611,5.89155672823219,6.28082179930796,6.13849160106738,190
"197",2022,7,5.88333333333333,6,6.33333333333333,5.43333333333333,4,6,5.86,3,3,1,1,5,2083,1003,1080,380,579,1504,6.17725103696591,6.48664506480558,5.88991565740741,5.88657894736842,6.28033678756477,6.13756576462766,191
"198",2022,8,6.26666666666667,9,6.23333333333333,6.28333333333333,6.2,NA,6.26666666666667,3,6,1,0,9,2092,1006,1086,381,579,1513,6.17763571223709,6.48588966202783,5.89208923572744,5.88740157480315,6.28033678756477,6.13833371447455,192
"199",2022,9,6.6,5,6.6,NA,NA,5,7,5,0,0,1,4,2097,1011,1086,381,580,1517,6.17864278016214,6.48645400593472,5.89208923572744,5.88740157480315,6.27812931034483,6.14060574159525,193
"200",2022,10,6.675,4,6.73333333333333,6.5,NA,6.75,6.6,3,1,0,2,2,2101,1014,1087,381,582,1519,6.17958777248929,6.48718441814596,5.89264849126035,5.88740157480315,6.27975085910653,6.14121060566162,194
"201",2022,11,5.72222222222222,9,5.66666666666667,5.75,4.5,7,5.5625,3,6,2,1,8,2110,1017,1093,383,583,1527,6.17763692417062,6.48476401179941,5.89186542543458,5.88015665796344,6.28098627787307,6.13817872298625,195
"202",2022,12,6.33333333333333,3,8,5.5,6,6,6.5,1,2,1,1,2,2113,1018,1095,384,584,1529,6.17785797917653,6.48625245579568,5.89114968949771,5.88046875,6.2805051369863,6.13865200130804,196
