"","year","month","avg_rating","no_ratings","avg_rating_owned","avg_rating_not_owned","avg_rating_prev_owned","avg_rating_comment","avg_rating_no_comment","no_ratings_owned","no_ratings_not_owned","no_ratings_prev_owned","no_ratings_comment","no_ratings_no_comment","cum_no_ratings","cum_no_ratings_owned","cum_no_ratings_not_owned","cum_no_ratings_prev_owned","cum_no_ratings_comment","cum_no_ratings_no_comment","cum_avg_rating","cum_avg_rating_owned","cum_avg_rating_not_owned","cum_avg_rating_prev_owned","cum_avg_rating_comment","cum_avg_rating_no_comment","month_after_release"
"1",2001,6,7.33333333333333,6,7,8,NA,7,7.4,4,2,0,1,5,6,4,2,0,1,5,7.33333333333333,7,8,NA,7,7.4,0
"2",2001,7,8,1,NA,8,NA,NA,8,0,1,0,0,1,7,4,3,0,1,6,7.42857142857143,7,8,NA,7,7.5,1
"3",2001,8,6.4,5,7.33333333333333,5,NA,6,6.66666666666667,3,2,0,2,3,12,7,5,0,3,9,7,7.14285714285714,6.8,NA,6.33333333333333,7.22222222222222,2
"4",2001,9,5.66666666666667,3,8,4.5,NA,3,7,1,2,0,1,2,15,8,7,0,4,11,6.73333333333333,7.25,6.14285714285714,NA,5.5,7.18181818181818,3
"5",2001,10,7.25,2,7.25,NA,NA,NA,7.25,2,0,0,0,2,17,10,7,0,4,13,6.79411764705882,7.25,6.14285714285714,NA,5.5,7.19230769230769,4
"6",2001,11,6,3,6,6,NA,6,6,1,2,0,1,2,20,11,9,0,5,15,6.675,7.13636363636364,6.11111111111111,NA,5.6,7.03333333333333,5
"7",2001,12,7.75,4,7.75,NA,NA,8,7.66666666666667,4,0,0,1,3,24,15,9,0,6,18,6.85416666666667,7.3,6.11111111111111,NA,6,7.13888888888889,6
"8",2002,1,6.75,6,7.83333333333333,5.66666666666667,NA,7,6.5,3,3,0,3,3,30,18,12,0,9,21,6.83333333333333,7.38888888888889,6,NA,6.33333333333333,7.04761904761905,7
"9",2002,2,7,3,7,7,NA,NA,7,2,1,0,0,3,33,20,13,0,9,24,6.84848484848485,7.35,6.07692307692308,NA,6.33333333333333,7.04166666666667,8
"10",2002,3,8,2,8,NA,NA,NA,8,2,0,0,0,2,35,22,13,0,9,26,6.91428571428571,7.40909090909091,6.07692307692308,NA,6.33333333333333,7.11538461538461,9
"11",2002,4,7,2,7,7,NA,7,7,1,1,0,1,1,37,23,14,0,10,27,6.91891891891892,7.39130434782609,6.14285714285714,NA,6.4,7.11111111111111,10
"12",2002,5,7.5,2,7.5,NA,NA,NA,7.5,2,0,0,0,2,39,25,14,0,10,29,6.94871794871795,7.4,6.14285714285714,NA,6.4,7.13793103448276,11
"13",2002,6,8.25,4,8.25,NA,NA,8.25,NA,4,0,0,4,0,43,29,14,0,14,29,7.06976744186047,7.51724137931035,6.14285714285714,NA,6.92857142857143,7.13793103448276,12
"14",2002,7,8,2,8,NA,NA,NA,8,2,0,0,0,2,45,31,14,0,14,31,7.11111111111111,7.54838709677419,6.14285714285714,NA,6.92857142857143,7.19354838709677,13
"15",2002,8,7.75555555555556,9,7.75555555555556,NA,NA,8,7.63333333333333,9,0,0,3,6,54,40,14,0,17,37,7.21851851851852,7.595,6.14285714285714,NA,7.11764705882353,7.26486486486487,14
"16",2002,9,7,4,7.5,6.5,NA,6.5,7.5,2,2,0,2,2,58,42,16,0,19,39,7.20344827586207,7.59047619047619,6.1875,NA,7.05263157894737,7.27692307692308,15
"17",2002,10,7,4,7,7,7,8,6.66666666666667,3,1,1,1,3,62,45,17,1,20,42,7.19032258064516,7.55111111111111,6.23529411764706,7,7.1,7.23333333333333,16
"18",2002,11,7.33333333333333,3,7,7.5,NA,NA,7.33333333333333,1,2,0,0,3,65,46,19,1,20,45,7.19692307692308,7.53913043478261,6.36842105263158,7,7.1,7.24,17
"19",2002,12,8.4,5,8.875,6.5,NA,7.66666666666667,9.5,4,1,0,3,2,70,50,20,1,23,47,7.28285714285714,7.646,6.375,7,7.17391304347826,7.33617021276596,18
"20",2003,1,7.48333333333333,6,7.725,7,7,7.45,7.5,4,2,1,2,4,76,54,22,2,25,51,7.29868421052632,7.65185185185185,6.43181818181818,7,7.196,7.34901960784314,19
"21",2003,2,7.4,5,7.5,7,7,7.33333333333333,7.5,4,1,1,3,2,81,58,23,3,28,53,7.30493827160494,7.64137931034483,6.45652173913043,7,7.21071428571429,7.35471698113208,20
"22",2003,3,7.5,2,7.5,NA,NA,7,8,2,0,0,1,1,83,60,23,3,29,54,7.30963855421687,7.63666666666667,6.45652173913043,7,7.20344827586207,7.36666666666667,21
"23",2003,4,7.25,8,7.28571428571429,7,NA,7.25,7.25,7,1,0,4,4,91,67,24,3,33,58,7.30439560439561,7.6,6.47916666666667,7,7.20909090909091,7.35862068965517,22
"24",2003,5,6.6,10,6.75,6,NA,6.5,6.66666666666667,8,2,0,4,6,101,75,26,3,37,64,7.23465346534654,7.50933333333333,6.44230769230769,7,7.13243243243243,7.29375,23
"25",2003,6,6.85714285714286,7,6.66666666666667,8,NA,7,6.66666666666667,6,1,0,4,3,108,81,27,3,41,67,7.21018518518519,7.44691358024691,6.5,7,7.11951219512195,7.26567164179104,24
"26",2003,7,6.38064516129032,31,6.75,5.98666666666667,6,5.875,6.55652173913044,16,15,1,8,23,139,97,42,4,49,90,7.02517985611511,7.3319587628866,6.31666666666667,6.75,6.91632653061224,7.08444444444444,25
"27",2003,8,6.44444444444444,9,7.33333333333333,6,6,4,6.75,3,6,1,1,8,148,100,48,5,50,98,6.98986486486486,7.332,6.27708333333333,6.6,6.858,7.05714285714286,26
"28",2003,9,7.38571428571429,7,7.28333333333333,8,NA,7.54,7,6,1,0,5,2,155,106,49,5,55,100,7.00774193548387,7.32924528301887,6.31224489795918,6.6,6.92,7.056,27
"29",2003,10,7.11111111111111,9,7.5,6.33333333333333,NA,8.5,6.71428571428571,6,3,0,2,7,164,112,52,5,57,107,7.01341463414634,7.33839285714286,6.31346153846154,6.6,6.97543859649123,7.03364485981308,28
"30",2003,11,7.33333333333333,3,7.33333333333333,NA,NA,8,7,3,0,0,1,2,167,115,52,5,58,109,7.01916167664671,7.33826086956522,6.31346153846154,6.6,6.99310344827586,7.03302752293578,29
"31",2003,12,7,11,7.11111111111111,6.5,NA,7.42857142857143,6.25,9,2,0,7,4,178,124,54,5,65,113,7.01797752808989,7.32177419354839,6.32037037037037,6.6,7.04,7.00530973451327,30
"32",2004,1,6.66666666666667,12,7,6.42857142857143,7,6.14285714285714,7.4,5,7,2,7,5,190,129,61,7,72,118,6.99578947368421,7.3093023255814,6.3327868852459,6.71428571428571,6.95277777777778,7.02203389830508,31
"33",2004,2,7.125,12,7.33333333333333,6.5,NA,7.5,6.9375,9,3,0,4,8,202,138,64,7,76,126,7.00346534653465,7.31086956521739,6.340625,6.71428571428571,6.98157894736842,7.01666666666667,32
"34",2004,3,6.59375,16,6.82142857142857,5,NA,7.5,6.18181818181818,14,2,0,5,11,218,152,66,7,81,137,6.97339449541284,7.26578947368421,6.3,6.71428571428571,7.01358024691358,6.94963503649635,33
"35",2004,4,7.30952380952381,21,7.47222222222222,6.33333333333333,7,7.9375,6.92307692307692,18,3,1,8,13,239,170,69,8,89,150,7.00292887029289,7.28764705882353,6.30144927536232,6.75,7.09662921348315,6.94733333333333,34
"36",2004,5,6.3,10,6.55555555555556,4,4,5.5,6.83333333333333,9,1,1,4,6,249,179,70,9,93,156,6.97469879518072,7.25083798882682,6.26857142857143,6.44444444444444,7.02795698924731,6.94294871794872,35
"37",2004,6,6.59090909090909,11,6.66666666666667,6.5,NA,5.5,6.83333333333333,6,5,0,2,9,260,185,75,9,95,165,6.95846153846154,7.23189189189189,6.284,6.44444444444444,6.99578947368421,6.9369696969697,36
"38",2004,7,6.42857142857143,7,6.5,6,NA,6,6.6,6,1,0,2,5,267,191,76,9,97,170,6.94456928838951,7.20890052356021,6.28026315789474,6.44444444444444,6.97525773195876,6.92705882352941,37
"39",2004,8,7.68181818181818,11,7.94444444444444,6.5,NA,7.5,8,9,2,0,7,4,278,200,78,9,104,174,6.97374100719424,7.242,6.28589743589744,6.44444444444444,7.01057692307692,6.95172413793103,38
"40",2004,9,7.04166666666667,18,7.5625,6,6,6.66666666666667,7.22916666666667,12,6,1,6,12,296,212,84,10,110,186,6.97787162162162,7.26014150943396,6.26547619047619,6.4,6.99181818181818,6.96962365591398,39
"41",2004,10,7.43333333333333,15,7.625,6.66666666666667,8,6.75,7.68181818181818,12,3,2,4,11,311,224,87,12,114,197,6.99983922829582,7.2796875,6.27931034482759,6.66666666666667,6.98333333333333,7.00939086294416,40
"42",2004,11,7.19565217391304,23,7.375,6.78571428571429,9,6.92857142857143,7.61111111111111,16,7,1,14,9,334,240,94,13,128,206,7.01332335329341,7.28604166666667,6.31702127659574,6.84615384615385,6.97734375,7.03567961165048,41
"43",2004,12,7.04166666666667,12,7.6875,5.75,NA,7.2,6.92857142857143,8,4,0,5,7,346,248,98,13,133,213,7.0143063583815,7.29899193548387,6.29387755102041,6.84615384615385,6.98571428571428,7.03215962441315,42
"44",2005,1,6.96,25,7.23809523809524,5.5,7,7.72222222222222,6.53125,21,4,1,9,16,371,269,102,14,142,229,7.01064690026954,7.29423791821561,6.26274509803922,6.85714285714286,7.03239436619718,6.9971615720524,43
"45",2005,2,7.22222222222222,18,7.35294117647059,5,NA,7.9,6.96153846153846,17,1,0,5,13,389,286,103,14,147,242,7.02043701799486,7.29772727272727,6.2504854368932,6.85714285714286,7.06190476190476,6.9952479338843,44
"46",2005,3,6.56481481481481,27,7.21666666666667,5.75,7.66666666666667,6.53846153846154,6.58928571428571,15,12,3,13,14,416,301,115,17,160,256,6.99086538461538,7.2936877076412,6.19826086956522,7,7.019375,6.973046875,45
"47",2005,4,7.53571428571429,14,7.77272727272727,6.66666666666667,NA,8,7.27777777777778,11,3,0,5,9,430,312,118,17,165,265,7.00860465116279,7.31057692307692,6.21016949152542,7,7.04909090909091,6.98339622641509,46
"48",2005,5,7.1,15,7.15,7,NA,7.5,6.64285714285714,10,5,0,8,7,445,322,123,17,173,272,7.01168539325843,7.3055900621118,6.24227642276423,7,7.06994219653179,6.97463235294118,47
"49",2005,6,7.32666666666667,15,7.58181818181818,6.625,NA,7.4875,7.14285714285714,11,4,0,8,7,460,333,127,17,181,279,7.02195652173913,7.31471471471472,6.25433070866142,7,7.08839779005525,6.97885304659498,48
"50",2005,7,7.6025,20,7.99583333333333,7.0125,8,7.73333333333333,7.49545454545455,12,8,2,9,11,480,345,135,19,190,290,7.04614583333333,7.33840579710145,6.29925925925926,7.10526315789474,7.11894736842105,6.99844827586207,49
"51",2005,8,7.04166666666667,24,7.53571428571429,6.35,7,7.15625,6.8125,14,10,1,16,8,504,359,145,20,206,298,7.04593253968254,7.34610027855153,6.30275862068965,7.1,7.12184466019417,6.99345637583893,50
"52",2005,9,7.06,25,7.53571428571429,6.45454545454545,7.25,6.73076923076923,7.41666666666667,14,11,4,13,12,529,373,156,24,219,310,7.04659735349716,7.35321715817694,6.31346153846154,7.125,7.0986301369863,7.00983870967742,51
"53",2005,10,7.49545454545455,22,7.67894736842105,6.33333333333333,NA,7.98888888888889,7.15384615384615,19,3,0,9,13,551,392,159,24,228,323,7.06451905626134,7.36900510204082,6.31383647798742,7.125,7.13377192982456,7.0156346749226,52
"54",2005,11,6.83333333333333,18,7.07692307692308,6.2,NA,6.4,7,13,5,0,5,13,569,405,164,24,233,336,7.05720562390158,7.35962962962963,6.31036585365854,7.125,7.11802575107296,7.01502976190476,53
"55",2005,12,6.83333333333333,21,7.30555555555556,4,NA,6.8125,6.84615384615385,18,3,0,8,13,590,423,167,24,241,349,7.04923728813559,7.35732860520095,6.2688622754491,7.125,7.10788381742739,7.00873925501433,54
"56",2006,1,6.82575757575758,33,7.04545454545455,6.38636363636364,NA,7.23214285714286,6.52631578947368,22,11,0,14,19,623,445,178,24,255,368,7.03739967897271,7.34191011235955,6.27612359550562,7.125,7.11470588235294,6.98383152173913,55
"57",2006,2,6.98076923076923,26,7.3,6.54545454545455,6,6.64285714285714,7.10526315789474,15,11,1,7,19,649,460,189,25,262,387,7.03513097072419,7.34054347826087,6.29179894179894,7.08,7.10209923664122,6.98979328165375,56
"58",2006,3,7.11538461538461,26,7.2,5,NA,7.1875,7.08333333333333,25,1,0,8,18,675,485,190,25,270,405,7.03822222222222,7.33329896907216,6.285,7.08,7.10462962962963,6.99395061728395,57
"59",2006,4,7.04375,16,7.12142857142857,6.5,NA,7.07142857142857,7.02222222222222,14,2,0,7,9,691,499,192,25,277,414,7.0383502170767,7.32735470941884,6.28723958333333,7.08,7.10379061371841,6.9945652173913,58
"60",2006,5,7.27272727272727,11,6.88888888888889,9,NA,7.25,7.28571428571429,9,2,0,4,7,702,508,194,25,281,421,7.04202279202279,7.31958661417323,6.31520618556701,7.08,7.105871886121,6.99940617577197,59
"61",2006,6,6.66666666666667,18,6.77777777777778,6.55555555555556,8,6.57142857142857,6.72727272727273,9,9,2,7,11,720,517,203,27,288,432,7.03263888888889,7.31015473887814,6.32586206896552,7.14814814814815,7.09288194444444,6.99247685185185,60
"62",2006,7,7.11538461538461,13,7.20833333333333,6,NA,8.1,6.5,12,1,0,5,8,733,529,204,27,293,440,7.03410641200546,7.3078449905482,6.32426470588235,7.14814814814815,7.11006825938567,6.98352272727273,61
"63",2006,8,6.71052631578947,19,7.10714285714286,5.6,5,7.33333333333333,6.42307692307692,14,5,1,6,13,752,543,209,28,299,453,7.02593085106383,7.30267034990792,6.30693779904306,7.07142857142857,7.11454849498328,6.96743929359823,62
"64",2006,9,7.092,25,7.46111111111111,6.14285714285714,NA,7.23,7,18,7,0,10,15,777,561,216,28,309,468,7.02805662805663,7.30775401069519,6.30162037037037,7.07142857142857,7.11828478964401,6.96848290598291,63
"65",2006,10,7.23684210526316,19,7.5,6.25,6,7.2,7.25,15,4,1,5,14,796,576,220,29,314,482,7.03304020100503,7.31276041666667,6.30068181818182,7.03448275862069,7.11958598726115,6.97665975103734,64
"66",2006,11,6.81481481481481,27,7,6.44444444444444,6.5,7,6.70588235294118,18,9,2,10,17,823,594,229,31,324,499,7.02588092345079,7.30328282828283,6.30633187772926,7,7.1158950617284,6.96743486973948,65
"67",2006,12,7.32608695652174,23,7.57692307692308,7,6.66666666666667,7.64285714285714,7.1875,13,10,3,7,16,846,607,239,34,331,515,7.03404255319149,7.30914332784184,6.33535564853556,6.97058823529412,7.12703927492447,6.97427184466019,66
"68",2007,1,6.70714285714286,28,6.85454545454545,6.16666666666667,NA,6.5375,6.775,22,6,0,8,20,874,629,245,34,339,535,7.02356979405034,7.29324324324324,6.33122448979592,6.97058823529412,7.11312684365782,6.96682242990654,67
"69",2007,2,6.41861107142857,28,6.5825,6.00888875,7.33333333333333,6.15,6.56783944444444,20,8,3,10,18,902,649,253,37,349,553,7.00479058758315,7.2713405238829,6.32103205533597,7,7.08553008595989,6.95383564195298,68
"70",2007,3,6.60689655172414,29,7.25,6.00666666666667,4,6.75,6.55238095238095,14,15,1,8,21,931,663,268,38,357,574,6.99239646616541,7.27088989441931,6.30343697761194,6.92105263157895,7.07801120448179,6.93914827526132,69
"71",2007,4,7.6209371875,32,7.65068931034483,7.33333333333333,NA,7.499999,7.67590909090909,29,3,0,10,22,963,692,271,38,367,596,7.01328255451714,7.28680634393064,6.31483804428044,6.92105263157895,7.08950950953678,6.9663441442953,70
"72",2007,5,7.35294117647059,34,7.475,7.06,6,7.475,7.28636363636364,24,10,2,12,22,997,716,281,40,379,618,7.02486569709128,7.29311451117318,6.34135626334519,6.875,7.10171501319261,6.97773642394822,71
"73",2007,6,6.98214285714286,28,7.44736842105263,6,6,7.125,6.79166666666667,19,9,3,16,12,1025,735,290,43,395,630,7.02369863414634,7.29710202721088,6.33076244827586,6.81395348837209,7.10265820253165,6.97419223809524,72
"74",2007,7,6.99,25,6.9375,7.2,7,7.21875,6.88235294117647,20,5,1,8,17,1050,755,295,44,403,647,7.02289628571429,7.28757614569536,6.34549528813559,6.81818181818182,7.10496275434243,6.97177914992272,73
"75",2007,8,7.54761904761905,21,7.73529411764706,6.75,7,7.2,7.65625,17,4,1,5,16,1071,772,299,45,408,663,7.03318496732026,7.29743522020725,6.35090672240803,6.82222222222222,7.10612742647059,6.98829730015083,74
"76",2007,9,7.52631578947368,19,8.09090909090909,6.75,6.5,7.375,7.63636363636364,11,8,2,8,11,1090,783,307,47,416,674,7.04178082568807,7.30858236270753,6.36130654723127,6.80851063829787,7.11129805288462,6.9988740504451,75
"77",2007,10,7.08333333333333,30,7.125,7,6,7.77777777777778,6.78571428571429,20,10,1,9,21,1120,803,317,48,425,695,7.04289383928571,7.3040099501868,6.38145460567823,6.79166666666667,7.12541174117647,6.99243325179856,76
"78",2007,11,6.69594594594595,37,6.88793103448276,6,6.5,6.875,6.61,29,8,2,12,25,1157,832,325,50,437,720,7.03179870354365,7.28950719951923,6.37206495384615,6.78,7.11853544622426,6.97915431944444,77
"79",2007,12,6.76428571428571,35,7.34523809523809,5.89285714285714,5.75,6.94285714285714,6.6452380952381,21,14,4,14,21,1192,853,339,54,451,741,7.02394387583893,7.29087923798359,6.35227466076696,6.7037037037037,7.11308201773836,6.96969110661269,78
"80",2008,1,6.86458333333333,48,7.08974358974359,5.88888888888889,4,6.84615384615385,6.87142857142857,39,9,1,13,35,1240,892,348,55,464,776,7.01777508064516,7.28208519058296,6.34029054597701,6.65454545454545,7.10560342672414,6.96525916237113,79
"81",2008,2,7.26666666666667,24,7.36875,7.0625,6.5,6.85,7.68333333333333,16,8,2,12,12,1264,908,356,57,476,788,7.02250087025316,7.28361232378855,6.35651997191011,6.64912280701754,7.09915964285714,6.97619430203046,80
"82",2008,3,7.0546875,32,7.24,6.39285714285714,6,6.9375,7.09375,25,7,1,8,24,1296,933,363,58,484,812,7.02329560185185,7.28244371918542,6.35722068870523,6.63793103448276,7.09648758264463,6.9796688546798,81
"83",2008,4,7.1304347826087,23,7.375,6.57142857142857,5.33333333333333,7.41666666666667,7.02941176470588,16,7,3,6,17,1319,949,370,61,490,829,7.02516383623958,7.28400420442571,6.36127327027027,6.57377049180328,7.10040814285714,6.98068891435464,82
"84",2008,5,7.17307692307692,26,7.34090909090909,6.25,7,7.26666666666667,7.04545454545455,22,4,1,15,11,1345,971,374,62,505,840,7.02802312267658,7.2852935015448,6.36008318181818,6.58064516129032,7.10534651485148,6.98153703571429,83
"85",2008,6,7.23076923076923,26,7.59090909090909,5.25,4,6.9375,7.36111111111111,22,4,1,8,18,1371,993,378,63,513,858,7.03186805251641,7.29206444108761,6.34833626984127,6.53968253968254,7.10272902534113,6.98950012820513,84
"86",2008,7,7.12470588235294,34,7.26,6.8,6.41666666666667,7.12428571428571,7.125,24,10,6,14,20,1405,1017,388,69,527,878,7.03411466192171,7.29130775811209,6.35997708762886,6.52898550724638,7.10330168880455,6.9925866856492,85
"87",2008,8,6.71935483870968,31,7.075,6.07272727272727,8.4,7.61818181818182,6.225,20,11,2,11,20,1436,1037,399,71,538,898,7.02731970752089,7.28713595949855,6.3520579197995,6.58169014084507,7.11382897769517,6.97549121380846,86
"88",2008,9,7.04857142857143,35,7.35652173913043,6.45833333333333,5.71428571428571,6.55882352941176,7.51111111111111,23,12,7,17,18,1471,1060,411,78,555,916,7.02782535690007,7.2886415,6.35516085158151,6.50384615384615,7.09682881081081,6.98601649563319,87
"89",2008,10,7.09259259259259,27,7.41176470588235,6.55,7.5,7.22222222222222,7.02777777777778,17,10,2,9,18,1498,1077,421,80,564,934,7.02899272363151,7.29058494893222,6.35978885985748,6.52875,7.09882976950355,6.98682131691649,88
"90",2008,11,7.308,25,7.575,6.83333333333333,7.25,7.275,7.32352941176471,16,9,4,8,17,1523,1093,430,84,572,951,7.03357261982928,7.29474838975297,6.36970025581395,6.56309523809524,7.10129368881119,6.99284028391167,89
"91",2008,12,6.45238095238095,21,6.65,6.27272727272727,6.2,6.5,6.42307692307692,10,11,5,8,13,1544,1103,441,89,580,964,7.02566781088083,7.28890298277425,6.36728142857143,6.54269662921348,7.09299998275862,6.98515675311203,90
"92",2009,1,7.30375,40,7.61666666666667,6.65384615384615,6.83333333333333,7.25,7.32962962962963,27,13,9,13,27,1584,1130,454,98,593,991,7.03269008838384,7.29673450442478,6.37548702643172,6.56938775510204,7.09644180438449,6.99454198789102,91
"93",2009,2,6.622,50,6.67083333333333,6.57692307692308,6.9375,6.08333333333333,6.69545454545455,24,26,8,6,44,1634,1154,480,106,599,1035,7.02012307221542,7.28371749566724,6.38639814583333,6.59716981132075,7.08629380634391,6.98182715942029,92
"94",2009,3,7.13235294117647,34,7.43333333333333,6.89473684210526,6.625,7.20833333333333,7.09090909090909,15,19,8,12,22,1668,1169,499,114,611,1057,7.02241073141487,7.28563728828058,6.40575372745491,6.59912280701754,7.08869065466448,6.98409754966887,93
"95",2009,4,6.96190476190476,42,7.3,6.65454545454545,5.85714285714286,6.625,6.99736842105263,20,22,7,4,38,1710,1189,521,121,615,1095,7.02092461988304,7.28587888141295,6.41625932821497,6.55619834710744,7.08567478048781,6.9845580913242,94
"96",2009,5,6.88333333333333,39,7.09423076923077,6.46153846153846,8,7.06428571428571,6.84375,26,13,1,7,32,1749,1215,534,122,622,1127,7.01785654659806,7.28177776954732,6.41736162921348,6.56803278688525,7.08543406752412,6.98055999112688,95
"97",2009,6,6.5,20,8.2,5.93333333333333,6.4,6.85555555555556,6.20909090909091,5,15,5,9,11,1769,1220,549,127,631,1138,7.01200175240249,7.28554097540984,6.40413681238616,6.56141732283465,7.08215529318542,6.9731029086116,96
"98",2009,7,6.9547619047619,42,7.35217391304348,6.47368421052632,6.75,7.4875,6.82941176470588,23,19,4,8,34,1811,1243,568,131,639,1172,7.01067426836002,7.28677392598552,6.40646322183099,6.56717557251908,7.0872300312989,6.96893439419795,97
"99",2009,8,7.0472972972973,37,7.27173913043478,6.67857142857143,6.8125,7.11111111111111,7.02678571428571,23,14,8,9,28,1848,1266,582,139,648,1200,7.01140752164502,7.28650078199052,6.41300878006873,6.58129496402878,7.08756171296296,6.97028425833333,98
"100",2009,9,7.19276315789474,38,7.59090909090909,6.6453125,6.875,6.61388888888889,7.37241379310345,22,16,4,9,29,1886,1288,598,143,657,1229,7.01506155885472,7.29170030279503,6.41922426421405,6.58951048951049,7.08107304414003,6.97977307567128,99
"101",2009,10,7.145,30,7.38636363636364,7.00526315789474,7.1,7.2,7.1175,11,19,5,10,20,1916,1299,617,148,667,1249,7.01709608559499,7.29250191685912,6.43727084278768,6.60675675675676,7.08285605697151,6.98197847077662,100
"102",2009,11,6.80645161290323,31,6.91666666666667,6.65384615384615,6.7,6.65384615384615,6.91666666666667,18,13,5,13,18,1947,1317,630,153,680,1267,7.01374221879815,7.28736521640091,6.44173985714286,6.60980392156863,7.07465439705882,6.98105059984215,101
"103",2009,12,6.91463414634146,41,7.43181818181818,6.31578947368421,5.91666666666667,7.25,6.83333333333333,22,19,6,8,33,1988,1339,649,159,688,1300,7.01169823943662,7.2897386034354,6.4380525577812,6.58364779874214,7.0766932994186,6.97730085384615,102
"104",2010,1,6.91276595744681,47,6.86538461538461,6.97142857142857,6.85714285714286,7.42857142857143,6.8225,26,21,7,7,40,2035,1365,670,166,695,1340,7.00941331695332,7.28165567032967,6.45477031343283,6.59518072289156,7.08023739568345,6.97267993283582,103
"105",2010,2,6.75625,32,6.91176470588235,6.58,6.83333333333333,7,6.73103448275862,17,15,6,3,29,2067,1382,685,172,698,1369,7.00549400096759,7.27710563675832,6.45751256934306,6.60348837209302,7.07989253581662,6.96756107377648,104
"106",2010,3,6.68518518518519,27,7.125,6.04545454545455,6.5,7.66666666666667,6.5625,16,11,2,3,24,2094,1398,696,174,701,1393,7.00136394460363,7.27536479971388,6.45100015804598,6.60229885057471,7.08240369472182,6.96058227566403,105
"107",2010,4,7.29411764705882,17,7.7,6.71428571428571,6,6.9,7.45833333333333,10,7,3,5,12,2111,1408,703,177,706,1405,7.00372150639507,7.27838067471591,6.45362177809388,6.59209039548022,7.08111188385269,6.96483353024911,106
"108",2010,5,6.73529411764706,17,7.22222222222222,6.1875,5,6,7.04166666666667,9,8,1,5,12,2128,1417,711,178,711,1417,7.00157711466166,7.27802398729711,6.45062744022503,6.58314606741573,7.07350912798875,6.965484199012,107
"109",2010,6,7.36,15,7.84285714285714,6.9375,6.83333333333333,7.48,7.3,7,8,3,5,10,2143,1424,719,181,716,1427,7.00408590760616,7.28080055477528,6.45604465924896,6.58729281767956,7.07634775139665,6.96782838822705,108
"110",2010,7,7.26896551724138,29,7.54761904761905,6.5375,6.825,7.25,7.272,21,8,4,4,25,2172,1445,727,185,720,1452,7.00762251381216,7.28467819377163,6.45694100412655,6.59243243243243,7.07731248611111,6.97306550275482,109
"111",2010,8,7.16551724137931,29,7.83125,6.34615384615385,7,7.71666666666667,7.02173913043478,16,13,2,6,23,2201,1461,740,187,726,1475,7.0097029077692,7.29066392197125,6.45499474324324,6.59679144385027,7.08259640495868,6.97382448135593,110
"112",2010,9,7.35892857142857,28,7.721875,6.875,7.4,7.45,7.30833333333333,16,12,5,10,18,2229,1477,752,192,736,1493,7.01408977119785,7.29533513202437,6.46169695478723,6.61770833333333,7.08758830163043,6.97785740790355,111
"113",2010,10,6.93181818181818,22,7.45,6.5,6.33333333333333,8.75,6.52777777777778,10,12,6,4,18,2251,1487,764,198,740,1511,7.01328569524656,7.29637524546066,6.46229857329843,6.60909090909091,7.09657431081081,6.97249577101257,112
"114",2010,11,7,37,7.36363636363636,6.46666666666667,7.4,6.79166666666667,7.1,22,15,5,12,25,2288,1509,779,203,752,1536,7.0130708479021,7.29735585818423,6.46238268292683,6.62857142857143,7.09170876329787,6.97457103515625,113
"115",2010,12,7.084,25,7.22777777777778,6.71428571428571,7,7.3,6.88461538461539,18,7,2,12,13,2313,1527,786,205,764,1549,7.01383748378729,7.29653568434839,6.46462609414758,6.63219512195122,7.09498035340314,6.9738160813428,114
"116",2011,1,6.48333333333333,30,7.125,5.75,5.83333333333333,6.58333333333333,6.45833333333333,16,14,6,6,24,2343,1543,800,211,770,1573,7.00704485702091,7.29475696046662,6.4521201375,6.60947867298578,7.09099349350649,6.96595111888112,115
"117",2011,2,7.51764705882353,17,8.22,7.225,7.25,6.525,7.82307692307692,5,12,4,4,13,2360,1548,812,215,774,1586,7.01072292372881,7.29774547157623,6.46354200738916,6.62139534883721,7.0880684625323,6.97297674022699,116
"118",2011,3,6.79870967741935,31,7.30952380952381,5.726,5.75,7.04,6.76296296296296,21,10,4,4,27,2391,1569,822,219,778,1613,7.00797411125052,7.2979031166348,6.45456947688564,6.60547945205479,7.08782132390745,6.96946132052077,117
"119",2011,4,6.92241379310345,29,7.375,6.36538461538461,6.33333333333333,6.6125,7.04047619047619,16,13,3,8,21,2420,1585,835,222,786,1634,7.00694880165289,7.29868138170347,6.45318097005988,6.6018018018018,7.08298344783715,6.97037399632803,118
"120",2011,5,7.31764705882353,17,7.24166666666667,7.5,6.5,7.58,7.20833333333333,12,5,2,5,12,2437,1597,840,224,791,1646,7.00911616741896,7.29825296806512,6.45941203571428,6.60089285714286,7.08612514538559,6.97210881530984,119
"121",2011,6,7.03478260869565,23,7.09230769230769,6.96,7.66666666666667,8.575,6.71052631578947,13,10,3,4,19,2460,1610,850,227,795,1665,7.00935613821138,7.29659005590062,6.46530130588235,6.61497797356828,7.09361633962264,6.96912378978979,120
"122",2011,7,7.31481481481481,27,7.55882352941176,6.9,7,6.44444444444444,7.75,17,10,1,9,18,2487,1627,860,228,804,1683,7.01267233614797,7.29933004917025,6.47035594186046,6.61666666666667,7.08634949004975,6.97747540701129,121
"123",2011,8,7.32592592592593,27,7.39,7.14285714285714,NA,6.75,7.49047619047619,20,7,0,6,21,2514,1647,867,228,810,1704,7.01603663484487,7.30043108075288,6.47578559400231,6.61666666666667,7.08385801234568,6.98379759976526,122
"124",2011,9,7.06818181818182,22,7.44117647058824,5.8,5.33333333333333,7.4375,6.85714285714286,17,5,3,8,14,2536,1664,872,231,818,1718,7.01648899842271,7.301868984375,6.4719106766055,6.6,7.08731661369193,6.98276548894063,123
"125",2011,10,6.76851851851852,27,6.85714285714286,6.67307692307692,7,7.16666666666667,6.71875,14,13,5,3,24,2563,1678,885,236,821,1742,7.01387674600078,7.29815851609058,6.47486566101695,6.60847457627118,7.08760656516443,6.97912807692308,124
"126",2011,11,6.93333333333333,21,7.69166666666667,5.92222222222222,6,7.4375,6.62307692307692,12,9,2,8,13,2584,1690,894,238,829,1755,7.0132221749226,7.30095265680473,6.46930213646532,6.60336134453781,7.09098310012063,6.97649066096866,125
"127",2011,12,7.14705882352941,17,6.72727272727273,7.91666666666667,8,7,7.25,11,6,1,7,10,2601,1701,900,239,836,1765,7.0140969242599,7.29724279247501,6.47895123333333,6.6092050209205,7.0902212799043,6.97804028895184,126
"128",2012,1,7.02875,40,7.59791666666667,6.175,7.36,6.3625,7.31428571428571,24,16,5,12,28,2641,1725,916,244,848,1793,7.01431885649375,7.30142608115942,6.47364204148472,6.62459016393442,7.07992333726415,6.98329119353039,127
"129",2012,2,7,15,7.16666666666667,6.75,6.625,7.28571428571429,6.75,9,6,4,7,8,2656,1734,922,248,855,1801,7.01423798945783,7.3007266378316,6.47544046637744,6.62459677419355,7.0816081754386,6.98225491948917,128
"130",2012,3,6.6,21,6.95833333333333,6.12222222222222,NA,7,6.50588235294118,12,9,0,4,17,2677,1746,931,248,859,1818,7.01098845722824,7.29837341924399,6.47202589688507,6.62459677419355,7.08122816065192,6.97780039053905,129
"131",2012,4,7.06538461538462,26,7.30769230769231,6.82307692307692,6,6.5,7.235,13,13,3,6,20,2703,1759,944,251,865,1838,7.01151169071402,7.29844229107447,6.47686028601695,6.61713147410358,7.07719652023121,6.98059908052231,130
"132",2012,5,6.63888888888889,18,6.71875,6,6,7.66666666666667,6.43333333333333,16,2,2,3,15,2721,1775,946,253,868,1853,7.0090467107681,7.29321689577465,6.47585212473573,6.61225296442688,7.079233859447,6.97616897463573,131
"133",2012,6,7.01923076923077,26,7.13157894736842,6.71428571428571,6.16666666666667,6.85714285714286,7.07894736842105,19,7,3,7,19,2747,1794,953,256,875,1872,7.00914310156534,7.29150501114827,6.47760347324239,6.60703125,7.07745713142857,6.97721213141026,132
"134",2012,7,7.32321428571429,28,7.77777777777778,6.505,10,7.6,7.26304347826087,18,10,1,5,23,2775,1812,963,257,880,1895,7.01231210810811,7.29633553532009,6.47788796469367,6.62023346303502,7.080426125,6.98068132453826,133
"135",2012,8,7.19444444444444,18,7.39285714285714,6.5,6.66666666666667,7.35714285714286,7.09090909090909,14,4,3,7,11,2793,1826,967,260,887,1906,7.01348589330469,7.29707556955093,6.47797943123061,6.62076923076923,7.08260990980834,6.98131747639035,134
"136",2012,9,6.54285714285714,14,6.6,6.33333333333333,7.5,5.875,6.81,11,3,1,4,10,2807,1837,970,261,891,1916,7.01113861774136,7.29290146434404,6.47753207216495,6.62413793103448,7.07718854096521,6.98042333507307,135
"137",2012,10,7.39473684210526,19,7.65625,6,5.5,7,7.5,16,3,2,4,15,2826,1853,973,263,895,1931,7.01371765746638,7.29603885051268,6.47605972250771,6.61558935361217,7.07684356424581,6.98445940445365,136
"138",2012,11,7.05769230769231,26,7.55555555555556,5.9375,6.1,6.9375,7.11111111111111,18,8,5,8,18,2852,1871,981,268,903,1949,7.0141185483871,7.29853553714591,6.47166779816514,6.60597014925373,7.07560906976744,6.98562909697281,137
"139",2012,12,7.03225806451613,31,7.065,6.97272727272727,6.875,7.41666666666667,6.94,20,11,4,6,25,2883,1891,992,272,909,1974,7.01431359694762,7.29606556848228,6.47722390120968,6.60992647058823,7.0778602750275,6.98505122087133,138
"140",2013,1,7.19166666666667,36,7.41153846153846,6.62,6,6.9375,7.26428571428571,26,10,1,8,28,2919,1917,1002,273,917,2002,7.016500890716,7.29763171100678,6.47864881237525,6.60769230769231,7.07663575790621,6.9889565984016,139
"141",2013,2,7.20555555555556,18,8.4,5.7125,5.33333333333333,5.2,7.97692307692308,10,8,3,5,13,2937,1927,1010,276,922,2015,7.0176595505618,7.30335235599377,6.47258030693069,6.59384057971014,7.06645877440347,6.99533057568238,140
"142",2013,3,7.4375,24,7.65625,7,8,6.33333333333333,7.80555555555556,16,8,2,6,18,2961,1943,1018,278,928,2033,7.02106251266464,7.30625835820895,6.4767250589391,6.60395683453237,7.06171873922414,7.00250423512051,141
"143",2013,4,7,28,7.52941176470588,6.18181818181818,5.8,6,7.27272727272727,17,11,5,6,22,2989,1960,1029,283,934,2055,7.02086520575443,7.30819387244898,6.47357250728863,6.58975265017668,7.05489827623126,7.00539713381995,142
"144",2013,5,6.95238095238095,21,7.25,6,6.5,7.5,6.86111111111111,16,5,2,3,18,3010,1976,1034,285,937,2073,7.02038740863787,7.30772266700405,6.47128250483559,6.58912280701754,7.05632336179296,7.00414428847082,143
"145",2013,6,7.18181818181818,22,7.56666666666667,6.35714285714286,7,6.7,7.32352941176471,15,7,2,5,17,3032,1991,1041,287,942,2090,7.02155874010554,7.3096735258664,6.47051499519693,6.59198606271777,7.05443204883227,7.00674215789474,144
"146",2013,7,6.97058823529412,17,7.09090909090909,6.75,6.625,7,6.96666666666667,11,6,4,2,15,3049,2002,1047,291,944,2105,7.02127454903247,7.30847152347652,6.47211662846227,6.59243986254296,7.05431672669491,7.00645658432304,145
"147",2013,8,7.16666666666667,21,7.28947368421053,6,6,7,7.21875,19,2,2,5,16,3070,2021,1049,293,949,2121,7.02226908794788,7.30829291934686,6.47121650142993,6.58839590443686,7.0540305479452,7.00805804337577,146
"148",2013,9,7.28,25,7.3,7.25,6.66666666666667,7.7,7.175,15,10,3,5,20,3095,2036,1059,296,954,2141,7.02435092084006,7.30823182220039,6.47857045325779,6.58918918918919,7.05741613207547,7.00961751985054,147
"149",2013,10,7.07692307692308,26,7.16666666666667,6.95454545454545,6.8,7,7.09523809523809,15,11,5,5,21,3121,2051,1070,301,959,2162,7.02478888176866,7.30719648464164,6.48346365420561,6.59269102990033,7.05711677789364,7.0104491720629,148
"150",2013,11,7.09166666666667,24,7.16666666666667,6.96666666666667,7.61666666666667,6.7125,7.28125,15,9,6,8,16,3145,2066,1079,307,967,2178,7.02529923688394,7.30617618102614,6.48749407784986,6.61270358306189,7.05426576008273,7.0124385261708,149
"151",2013,12,6.64615384615385,26,7.19411764705882,5.61111111111111,5.1,7.3125,6.35,17,9,5,8,18,3171,2083,1088,312,975,2196,7.02219050772627,7.30526163706193,6.48024458639706,6.58846153846154,7.0563846051282,7.00700870218579,150
"152",2014,1,7.0275,40,7.24666666666667,6.37,6.875,7.38888888888889,6.92258064516129,30,10,4,9,31,3211,2113,1098,316,984,2227,7.022256649019,7.30442971604354,6.47924053734062,6.59208860759494,7.05942580284553,7.00583345756623,151
"153",2014,2,7.3,20,7.39285714285714,7.08333333333333,6,7.675,7.20625,14,6,3,4,16,3231,2127,1104,319,988,2243,7.02397588981739,7.30501174894217,6.48252365036232,6.58652037617555,7.06191800607287,7.00726308961213,152
"154",2014,3,6.86190476190476,21,7.3,6.27777777777778,7.5,7.5,6.79473684210526,12,9,2,2,19,3252,2139,1113,321,990,2262,7.02292930504305,7.30498363253857,6.48086802336029,6.59221183800623,7.06280302020202,7.00547794429708,153
"155",2014,4,7.275,20,7.55882352941176,5.66666666666667,6,7.08333333333333,7.35714285714286,17,3,2,6,14,3272,2156,1116,323,996,2276,7.0244700794621,7.30698515306122,6.47867931003584,6.58854489164087,7.06292669678715,7.00764108523726,154
"156",2014,5,7.23684210526316,19,7.60714285714286,6.2,6.33333333333333,7,7.28125,14,5,3,3,16,3291,2170,1121,326,999,2292,7.02569617137648,7.30892165437788,6.47743631578947,6.58619631901841,7.06273772772773,7.00955109511344,155
"157",2014,6,7.425,16,7.44166666666667,7.375,7.25,7.64285714285714,7.25555555555556,12,4,2,7,9,3307,2182,1125,328,1006,2301,7.02762809192622,7.30965169110907,6.48062765333333,6.59024390243903,7.06677434393638,7.01051330291178,156
"158",2014,7,6.82941176470588,17,6.82727272727273,6.83333333333333,6,6.5,6.87333333333333,11,6,1,2,15,3324,2193,1131,329,1008,2316,7.0266143501805,7.30723209758322,6.48249877099911,6.58844984802432,7.06564979166667,7.00962483160622,157
"159",2014,8,7.125,16,7.23076923076923,6.66666666666667,6,7.58333333333333,6.85,13,3,1,6,10,3340,2206,1134,330,1014,2326,7.02708565868263,7.30678150045331,6.48298598765432,6.58666666666667,7.06871300788954,7.0089385683577,158
"160",2014,9,6.67708333333333,24,7.15,5.88888888888889,6,6.625,6.6875,15,9,5,4,20,3364,2221,1143,335,1018,2346,7.02458861474435,7.30572264295362,6.47830805774278,6.5779104477612,7.06696953831041,7.00619825660699,159
"161",2014,10,6.71388888888889,18,7.32083333333333,5.5,7,8.11666666666667,6.43333333333333,12,6,1,3,15,3382,2233,1149,336,1021,2361,7.02293497930219,7.30580384684281,6.47319939947781,6.57916666666667,7.0700538589618,7.0025587081745,160
"162",2014,11,6.99473684210526,19,7.15454545454545,6.775,6.74,6.56666666666667,7.075,11,8,5,3,16,3401,2244,1157,341,1024,2377,7.02277744780947,7.30506238413547,6.47528617977528,6.58152492668622,7.06857909179687,7.00304632309634,161
"163",2014,12,7.12045454545455,22,7.30833333333333,6.275,6.55,7.2625,7.03928571428571,18,4,2,8,14,3423,2262,1161,343,1032,2391,7.02340522933099,7.30508841290893,6.47459613264427,6.58134110787172,7.07008235465116,7.00325851526558,162
"164",2015,1,7.01764705882353,17,7.30833333333333,6.32,7,7.775,6.78461538461538,12,5,2,4,13,3440,2274,1166,345,1036,2404,7.02337677325581,7.30510553649956,6.47393319897084,6.58376811594203,7.07280404440154,7.00207616888519,163
"165",2015,2,6.96346153846154,26,7.19722222222222,6.4375,7,7.08333333333333,6.94782608695652,18,8,4,3,23,3466,2292,1174,349,1039,2427,7.02292732256203,7.30425828534031,6.4736849318569,6.58853868194842,7.07283444658325,7.00156205603626,164
"166",2015,3,6.36086956521739,23,6.41428571428571,6.27777777777778,5.16666666666667,5.7,6.54444444444444,14,9,3,5,18,3489,2306,1183,352,1044,2445,7.01856294067068,7.29885515611448,6.47219451394759,6.57642045454546,7.06625956896552,6.99819677300613,165
"167",2015,4,6.79525631578947,19,7.11499071428571,5.9,6.25,6.7125,6.81732466666667,14,5,2,4,15,3508,2320,1188,354,1048,2460,7.01735346921322,7.29774562931034,6.46978628787879,6.57457627118644,7.06490934160305,6.99709389430894,166
"168",2015,5,6.83333333333333,12,6.5,7.5,7,7,6.75,8,4,1,4,8,3520,2328,1192,355,1052,2468,7.01672612784091,7.29500423539519,6.47324338087248,6.57577464788732,7.06466253802281,6.99629294165316,167
"169",2015,6,6.1875,16,6.91666666666667,4,9,8.25,5.89285714285714,12,4,1,2,14,3536,2340,1196,356,1054,2482,7.01297397341629,7.29306404273504,6.4649716638796,6.58258426966292,7.06691175521822,6.99006888799355,168
"170",2015,7,6.7952380952381,21,7.75,5.52222222222222,5.75,7.4,6.60625,12,9,4,5,16,3557,2352,1205,360,1059,2498,7.01168849311217,7.29539534863945,6.45793038174274,6.57333333333333,7.06848440982059,6.98761048038431,169
"171",2015,8,7.175,12,7.4,6.725,7.25,7,7.19090909090909,8,4,2,1,11,3569,2360,1209,362,1060,2509,7.01223759316335,7.29574994067796,6.45881398676592,6.57707182320442,7.06841980188679,6.98850178557194,170
"172",2015,9,6.46428571428571,14,6.5,6.33333333333333,NA,6.33333333333333,6.5,11,3,0,3,11,3583,2371,1212,362,1063,2520,7.01009655874965,7.29205814424293,6.45850339108911,6.57707182320442,7.06634523988711,6.98636943650794,171
"173",2015,10,6.56944444444444,18,6.91071428571429,5.375,6,7.375,6.33928571428571,14,4,1,4,14,3601,2385,1216,363,1067,2534,7.00789391002499,7.28981964779874,6.45493923519737,6.57548209366391,7.06750233364574,6.98279438831886,172
"174",2015,11,7.08,20,7.41666666666667,6.575,7.66666666666667,7.5,7.00588235294118,12,8,3,3,17,3621,2397,1224,366,1070,2551,7.00829217619442,7.29045467667918,6.45572394607843,6.5844262295082,7.06871494392523,6.98294824774598,173
"175",2015,12,6.625,18,6.86538461538461,6,NA,6.33333333333333,6.68333333333333,13,5,0,3,15,3639,2410,1229,366,1073,2566,7.00639625446551,7.28816176763485,6.45386990235964,6.5844262295082,7.06665889095993,6.98119679657054,174
"176",2016,1,6.5,21,6.67857142857143,6.14285714285714,NA,8,6.425,14,7,0,1,20,3660,2424,1236,366,1074,2586,7.00349070218579,7.28464103135313,6.45210850323625,6.5844262295082,7.06752792364991,6.97689519721578,175
"177",2016,2,7.3,20,7.5,5.5,4,7.5,7.27777777777778,18,2,1,2,18,3680,2442,1238,367,1076,2604,7.00510216576087,7.28622844389844,6.4505703634895,6.57738419618529,7.06833177509294,6.97897503072196,176
"178",2016,3,6.49166666666667,12,6.31666666666667,6.66666666666667,6,NA,6.49166666666667,6,6,1,0,12,3692,2448,1244,368,1076,2616,7.00343336132177,7.28385206699346,6.45161262861736,6.5758152173913,7.06833177509294,6.97673967125382,177
"179",2016,4,7.87777777777778,18,8.5,7.38,6.66666666666667,8.25,7.83125,8,10,3,2,16,3710,2456,1254,371,1078,2632,7.00767546361186,7.28781346091205,6.45901603668262,6.57654986522911,7.07052410946197,6.98193426291793,178
"180",2016,5,7.55555555555556,18,7.82142857142857,6.625,6,7.25,7.64285714285714,14,4,1,4,14,3728,2470,1258,372,1082,2646,7.01032080740343,7.290838,6.45954380763116,6.575,7.07118760628466,6.98543120937264,179
"181",2016,6,6.8,18,7.69,5.6875,6.33333333333333,6.625,6.85,10,8,3,4,14,3746,2480,1266,375,1086,2660,7.0093101895355,7.29244752419355,6.45466517377567,6.57306666666667,7.06954418968692,6.98471841353383,180
"182",2016,7,6.94,25,7.15625,6.55555555555556,7,7.25,6.88095238095238,16,9,2,4,21,3771,2496,1275,377,1090,2681,7.00885069477592,7.29157446314103,6.45537734117647,6.57533156498674,7.07020641284404,6.98390562476688,181
"183",2016,8,6.712,25,7.21875,5.81111111111111,5.83333333333333,6.57142857142857,6.76666666666667,16,9,3,7,18,3796,2512,1284,380,1097,2699,7.00689567175974,7.29111061305732,6.45086145638629,6.56947368421053,7.06702369188696,6.98245682845498,182
"184",2016,9,7.12380952380952,21,7.6,5.6,NA,7,7.15294117647059,16,5,0,4,17,3817,2528,1289,380,1101,2716,7.00753889703956,7.29306560917721,6.44756098525989,6.56947368421053,7.06678019073569,6.98352392488954,183
"185",2016,10,7.20588235294118,17,7.45,6.85714285714286,6.75,6.75,7.61111111111111,10,7,2,8,9,3834,2538,1296,382,1109,2725,7.00841835419927,7.29368394799054,6.44977323302469,6.57041884816754,7.06449503155996,6.98559668990826,184
"186",2016,11,6.84599904761905,21,6.82815230769231,6.875,4,7.3,6.70412375,13,8,1,5,16,3855,2551,1304,383,1114,2741,7.00753357976653,7.29131157977264,6.45238198619632,6.56370757180157,7.0655520556553,6.98395365195184,185
"187",2016,12,7,13,7.8125,5.7,NA,6.66666666666667,7.1,8,5,0,3,10,3868,2559,1309,383,1117,2751,7.00750826008273,7.2929409300508,6.44950810542399,6.56370757180157,7.06448074306177,6.98437548527808,186
"188",2017,1,6.87142857142857,35,7.2,6.05,6,5.875,7.16666666666667,25,10,4,8,27,3903,2584,1319,387,1125,2778,7.0062879707917,7.29204173374613,6.44647923426839,6.5578811369509,7.05602221333333,6.98614721382289,187
"189",2017,2,7.32083333333333,24,7.53684210526316,6.5,6.375,6.55,7.475,19,5,4,4,20,3927,2603,1324,391,1129,2798,7.00821032594856,7.2938285977718,6.44668135196375,6.55601023017903,7.05422939769708,6.98964151536812,188
"190",2017,3,6.26666666666667,15,6.90909090909091,4.5,5,5.66666666666667,6.66666666666667,11,4,1,6,9,3942,2614,1328,392,1135,2807,7.00538862252663,7.29220957918898,6.44081785391566,6.55204081632653,7.04689426431718,6.98860597078732,189
"191",2017,4,7.11904761904762,21,7.0625,7.3,9,7.35714285714286,7,16,5,1,7,14,3963,2630,1333,393,1142,2821,7.00599090335604,7.29081210646388,6.44404059264816,6.55826972010178,7.04879596322241,6.988662516838,190
"192",2017,5,7.304,25,7.44705882352941,7,7,7.62,7.225,17,8,4,5,20,3988,2647,1341,397,1147,2841,7.00785906469408,7.29181557990178,6.44735727815063,6.56272040302267,7.05128595466434,6.99032627947906,191
"193",2017,6,7.04347826086957,23,7.16666666666667,6.6,8,7,7.05,18,5,1,3,20,4011,2665,1346,398,1150,2861,7.00806331338818,7.29097029643527,6.44792430163447,6.56633165829146,7.05115216521739,6.9907434323663,192
"194",2017,7,7.246875,16,7.875,6.61875,6.5,7.15833333333333,7.3,8,8,2,6,10,4027,2673,1354,400,1156,2871,7.00901215545071,7.29271823419379,6.44893361152142,6.566,7.05170846885813,6.9918206060606,193
"195",2017,8,7.22307692307692,13,7.5,6.6,5.5,6,7.44545454545455,9,4,2,2,11,4040,2682,1358,402,1158,2882,7.00970097772277,7.29341381058911,6.44937857879234,6.56069651741294,7.04989204663212,6.9935520333102,194
"196",2017,9,7.08571428571429,14,7.3,6.7,7.5,8,7.01538461538462,9,5,3,1,13,4054,2691,1363,405,1159,2895,7.00996348051307,7.29343583797845,6.45029795304475,6.56765432098765,7.05071181190681,6.99365007253886,195
"197",2017,10,6.93478260869565,23,7.32352941176471,5.83333333333333,5.5,7.07142857142857,6.875,17,6,2,7,16,4077,2708,1369,407,1166,2911,7.00953935491783,7.2936247562777,6.44759394448503,6.56240786240786,7.05083618353345,6.99299792511164,196
"198",2017,11,6.66,25,7,5.78571428571429,6,5,6.97619047619048,18,7,2,4,21,4102,2726,1376,409,1170,2932,7.00740905655778,7.29168592809978,6.44422682412791,6.55965770171149,7.04382477777778,6.99287754433834,197
"199",2017,12,7.21875,16,7.61111111111111,6.71428571428571,8,8,7.16666666666667,9,7,3,1,15,4118,2735,1383,412,1171,2947,7.00823019669742,7.29273705301645,6.44559371655821,6.57014563106796,7.04464132365499,6.99376211740753,198
"200",2018,1,7.31923076923077,26,7.57222222222222,6.75,6.75,7.83333333333333,7.25217391304348,18,8,4,3,23,4144,2753,1391,416,1174,2970,7.01018145511583,7.29456441699964,6.4473444356578,6.571875,7.04665672061329,6.99576328619529,199
"201",2018,2,7.06666666666667,21,7.0875,7,7.5,7.225,7.02941176470588,16,5,2,4,17,4165,2769,1396,418,1178,2987,7.0104662545018,7.29336794510654,6.44932386103152,6.57631578947368,7.04726230050934,6.99595479075996,200
"202",2018,3,6.92433857142857,21,7.10079357142857,6.57142857142857,6.6,7,6.88650785714286,14,7,5,7,14,4186,2783,1403,423,1185,3001,7.01003417582417,7.29239919151994,6.44993307911618,6.57659574468085,7.04698311392405,6.99544420859713,201
"203",2018,4,6.81875,16,7.2625,6.375,6,7.07142857142857,6.62222222222222,8,8,2,7,9,4202,2791,1411,425,1192,3010,7.0093058210376,7.29231348978861,6.44950822820695,6.57388235294118,7.04712666946309,6.99432826245847,202
"204",2018,5,7.3125,16,7.42857142857143,6.5,6.5,7,7.33333333333333,14,2,2,1,15,4218,2805,1413,427,1193,3025,7.01045591749644,7.29299356506239,6.44957969568294,6.57353629976581,7.04708716680637,6.99600927933884,203
"205",2018,6,7.5,15,7.5,NA,NA,7.75,7.46153846153846,15,0,0,2,13,4233,2820,1413,427,1195,3038,7.01219065910701,7.29409466312057,6.44957969568294,6.57353629976581,7.04826358995816,6.99800133969717,204
"206",2018,7,7.51428571428571,21,7.67368421052632,6,NA,8.25,7.43684210526316,19,2,0,2,19,4254,2839,1415,427,1197,3057,7.01466926657264,7.29663506516379,6.44894424734982,6.57353629976581,7.0502715037594,7.00072884200196,205
"207",2018,8,7.77,15,8.06818181818182,6.95,9,7.91666666666667,7.73333333333333,11,4,1,3,12,4269,2850,1419,428,1200,3069,7.01732327477161,7.29961296491228,6.45035666666667,6.57920560747664,7.05243749166667,7.00359337569241,206
"208",2018,9,7.55,10,8.625,6.83333333333333,7,7.1,8,4,6,2,5,5,4279,2854,1425,430,1205,3074,7.01856813741528,7.30147055010512,6.4519692,6.58116279069767,7.05263484647303,7.00521407612232,207
"209",2018,10,6.40714285714286,14,6.87,5.25,5.5,6.5,6.38181818181818,10,4,2,3,11,4293,2864,1429,432,1208,3085,7.01657420451898,7.29996401885475,6.44860469559132,6.57615740740741,7.0512624089404,7.0029912706645,208
"210",2018,11,7.2325,20,7.67142857142857,6.20833333333333,6,8,7.14722222222222,14,6,3,2,18,4313,2878,1435,435,1210,3103,7.01757548342221,7.30177100416956,6.44760007665505,6.57218390804598,7.05283057024793,7.00382793103448,209
"211",2018,12,7.11475,16,7.69090909090909,5.8472,6.5,7.72,6.83963636363636,11,5,1,5,11,4329,2889,1440,436,1215,3114,7.01793464079464,7.3032526652821,6.44551535416667,6.57201834862385,7.05557612345679,7.00324793513166,210
"212",2019,1,6.84090909090909,22,7.07142857142857,6.4375,4,7,6.80555555555556,14,8,1,4,18,4351,2903,1448,437,1219,3132,7.0170395449322,7.30213467102997,6.44547107044199,6.56613272311213,7.05539375717801,7.00211177203065,211
"213",2019,2,7.05555555555556,18,7.38461538461539,6.2,5,7,7.0625,13,5,2,2,16,4369,2916,1453,439,1221,3148,7.01719822842756,7.30250238340192,6.44462636613902,6.55899772209567,7.05530302211302,7.00241870076239,212
"214",2019,3,7.12363636363636,11,7.295,6.66666666666667,NA,6.78666666666667,7.25,8,3,0,3,8,4380,2924,1456,439,1224,3156,7.01746553881278,7.30248185704514,6.44508386675824,6.55899772209567,7.0546445996732,7.00304628326996,213
"215",2019,4,7.52,15,7.8,6.75,6.5,8,7.44615384615385,11,4,2,2,13,4395,2935,1460,441,1226,3169,7.0191806734926,7.30434649063032,6.44591925342466,6.55873015873016,7.05618677814029,7.00486401704008,214
"216",2019,5,7.83333333333333,6,8,7,NA,8,7.8,5,1,0,1,5,4401,2940,1461,441,1227,3174,7.02029062940241,7.30552957482993,6.44629850102669,6.55873015873016,7.05695598207009,7.0061165942029,215
"217",2019,6,7.92857142857143,14,8.46153846153846,1,NA,10,7.76923076923077,13,1,0,1,13,4415,2953,1462,441,1228,3187,7.02317079501699,7.31061867592279,6.4425732626539,6.55873015873016,7.05935259771987,7.00922939127706,216
"218",2019,7,6.55,10,7.1,6,4.5,4.5,7.0625,5,5,2,2,8,4425,2958,1467,443,1230,3195,7.02210148248587,7.31026266058147,6.4410648329925,6.54943566591422,7.05519104878049,7.00936277621283,217
"219",2019,8,6.6,10,7.125,4.5,5,6.5,6.625,8,2,1,2,8,4435,2966,1469,444,1232,3203,7.02114973167982,7.30976296358732,6.43842213070116,6.54594594594595,7.05428976461039,7.0084027692788,218
"220",2019,9,6.96875,16,7.1,6.75,6.75,6,7.10714285714286,10,6,6,2,14,4451,2976,1475,450,1234,3217,7.02096137047854,7.30905811491935,6.43968956610169,6.54866666666667,7.05258102917342,7.00883247435499,219
"221",2019,10,7.01666666666667,15,7.20454545454545,6.5,6,8,6.77083333333333,11,4,1,3,12,4466,2987,1479,451,1237,3229,7.02094694581281,7.30867323401406,6.43985267748479,6.54745011086475,7.05487873080032,7.00794799318674,220
"222",2019,11,7.332,25,7.56666666666667,6.72857142857143,6.82,8.16,7.125,18,7,5,5,20,4491,3005,1486,456,1242,3249,7.02267848140726,7.31021861896839,6.44121272543742,6.55043859649123,7.05932768921095,7.00866853493383,221
"223",2019,12,6.975,16,7.92857142857143,6.23333333333333,6.02,7.13333333333333,6.93846153846154,7,9,5,3,13,4507,3012,1495,461,1245,3262,7.02250922121145,7.3116556938911,6.43996127759197,6.54468546637744,7.05950601606425,7.00838874003679,222
"224",2020,1,7.23214285714286,28,7.73684210526316,6.16666666666667,6.9,5.9,7.52173913043478,19,9,5,5,23,4535,3031,1504,466,1250,3285,7.02380354134509,7.31432099967008,6.43832587101064,6.54849785407725,7.054867992,7.01198297412481,223
"225",2020,2,6.87058823529412,17,7.1,6.125,6.25,6.33333333333333,6.98571428571429,13,4,2,3,14,4552,3044,1508,468,1253,3299,7.0232313400703,7.31340569973719,6.43749476790451,6.54722222222222,7.05314045490822,7.01187149742346,224
"226",2020,3,7.57111111111111,18,7.7675,6,NA,9.09333333333333,7.26666666666667,16,2,0,3,15,4570,3060,1510,468,1256,3314,7.02538929102844,7.31578004901961,6.43691530463576,6.54722222222222,7.05801352707006,7.01302476463488,225
"227",2020,4,6.88769230769231,13,7.04909090909091,6,NA,7,6.87833333333333,11,2,0,1,12,4583,3071,1512,468,1257,3326,7.02499870390574,7.31482479648323,6.43633737433862,6.54722222222222,7.05796737470167,7.01253880637402,226
"228",2020,5,7.33761904761905,21,7.86357142857143,6.28571428571429,5.5,8.5225,7.05882352941176,14,7,2,4,17,4604,3085,1519,470,1261,3343,7.02642464378801,7.31731505672609,6.43564325872284,6.54276595744681,7.06261299762093,7.01277417588992,227
"229",2020,6,6.53333333333333,15,7.33333333333333,3.33333333333333,NA,8,6.30769230769231,12,3,0,2,13,4619,3097,1522,470,1263,3356,7.02482335137475,7.31737712302228,6.42952832457293,6.54276595744681,7.06409737925574,7.01004292908224,228
"230",2020,7,6.8464,25,6.958,6.4,6.66666666666667,7.25,6.76952380952381,20,5,3,4,21,4644,3117,1527,473,1267,3377,7.02386284668389,7.3150712062881,6.42943163719712,6.54355179704017,7.06468428571428,7.00854725199882,229
"231",2020,8,6.77777777777778,9,7,6.66666666666667,8,9,6.5,3,6,1,1,8,4653,3120,1533,474,1268,3385,7.02338686009026,7.31476825320513,6.43036015003262,6.54662447257384,7.06621055993691,7.00734536779911,230
"232",2020,9,7.30526315789474,19,7.20625,7.83333333333333,6.75,6.96666666666667,7.46153846153846,16,3,2,6,13,4672,3136,1536,476,1274,3398,7.02453318921233,7.31421458864796,6.43310033203125,6.54747899159664,7.06574175039246,7.00908301059447,231
"233",2020,10,6.72727272727273,11,7,6.25,8,7.5,6.55555555555556,7,4,1,2,9,4683,3143,1540,477,1276,3407,7.02383494768311,7.31351477887369,6.43262474675325,6.55052410901467,7.06642240595611,7.00788496331083,232
"234",2020,11,6.80909090909091,22,7.03125,6.21666666666667,6.16666666666667,7.75,6.715,16,6,3,2,20,4705,3159,1546,480,1278,3427,7.02283083103082,7.3120851377018,6.43178661707633,6.548125,7.06749216744914,7.00617568427196,233
"235",2020,12,6.97619047619048,21,7.14705882352941,6.25,7,7.83333333333333,6.63333333333333,17,4,1,6,15,4726,3176,1550,481,1284,3442,7.02262358442657,7.3112018104534,6.43131749032258,6.54906444906445,7.07107086448598,7.00455086287042,234
"236",2021,1,6.7607290625,32,7.09515136363636,6.025,6.65,6.78125,6.75388875,22,10,5,8,24,4758,3198,1560,486,1292,3466,7.02086220891131,7.30971553470919,6.42871289102564,6.55010288065844,7.06927630804953,7.00281517599538,235
"237",2021,2,6.9375,16,7.91666666666667,4,4,6,7,12,4,1,1,15,4774,3210,1564,487,1293,3481,7.0205828215333,7.31198451090343,6.42250134910486,6.54486652977413,7.06844933488012,7.00280304510198,236
"238",2021,3,7.32941176470588,17,7.88333333333333,6,5.33333333333333,7,7.35,12,5,3,1,16,4791,3222,1569,490,1294,3497,7.02167864537675,7.31411243947858,6.42115494582537,6.53744897959184,7.0683964374034,7.00439159279382,237
"239",2021,4,6.14285714285714,14,6.54545454545455,4.66666666666667,6,5,6.23076923076923,11,3,2,1,13,4805,3233,1572,492,1295,3510,7.01911808324662,7.3114971481596,6.41780668575064,6.53526422764228,7.06679922007722,7.00152632478632,238
"240",2021,5,7.34875,16,7.715,6.25,NA,8.14,6.98909090909091,12,4,0,5,11,4821,3245,1576,492,1300,3521,7.02021207010993,7.31298930046225,6.41738078045685,6.53526422764228,7.07092691538461,7.0014874751491,239
"241",2021,6,7.33333333333333,9,7.42857142857143,7,8,9,7.125,7,2,1,1,8,4830,3252,1578,493,1301,3529,7.02079552587992,7.31323809348093,6.41811920785805,6.53823529411765,7.07240967717141,7.00176746953811,240
"242",2021,7,7.06190476190476,21,7.38,6.26666666666667,NA,3.5,7.43684210526316,15,6,0,2,19,4851,3267,1584,493,1303,3548,7.02097348794063,7.31354462197735,6.4175455239899,6.53823529411765,7.0669263161934,7.00409735062007,241
"243",2021,8,7.31666666666667,18,7.54375,5.5,NA,5,7.60625,16,2,0,2,16,4869,3283,1586,493,1305,3564,7.02206662353666,7.31466654888821,6.41638846784363,6.53823529411765,7.06375861302682,7.00680061728395,242
"244",2021,9,7.2,10,7.33333333333333,7,7,6.66666666666667,7.42857142857143,6,4,1,3,7,4879,3289,1590,494,1308,3571,7.02243131584341,7.31470060200669,6.41785667295597,6.53917004048583,7.06284785168196,7.00762738728647,243
"245",2021,10,6.72222222222222,9,6.9375,5,NA,8,6.5625,8,1,0,1,8,4888,3297,1591,494,1309,3579,7.02187855769231,7.31378534425235,6.41696549968573,6.53917004048583,7.0635637815126,7.00663241128807,244
"246",2021,11,7.17647058823529,17,7.35,6.92857142857143,6,6.6,7.41666666666667,10,7,3,5,12,4905,3307,1598,497,1314,3591,7.02241435066259,7.3138948533414,6.41920657697121,6.53591549295775,7.06179984018265,7.00800261765525,245
"247",2021,12,7.22352941176471,17,7.44615384615385,6.5,NA,7.93333333333333,7.07142857142857,13,4,0,3,14,4922,3320,1602,497,1317,3605,7.0231089780577,7.31441273493976,6.41940830836454,6.53591549295775,7.06378511009871,7.00824893203883,246
"248",2022,1,6.73684210526316,19,7.16666666666667,5.125,5.5,6,6.77777777777778,15,4,2,1,18,4941,3335,1606,499,1318,3623,7.02200817445861,7.31374820989505,6.41618437733499,6.53176352705411,7.06297798937784,7.00710389180237,247
"249",2022,2,7.91666666666667,18,7.73076923076923,8.4,8,8.25,7.75,13,5,2,6,12,4959,3348,1611,501,1324,3635,7.02525557370438,7.31536746714456,6.42234147113594,6.537624750499,7.06835724320242,7.00955636863824,248
"250",2022,3,7.13118533333333,15,7.339815,6.29666666666667,7,7.9,6.746778,12,3,1,5,10,4974,3360,1614,502,1329,3645,7.02557502412545,7.3154547797619,6.42210787484511,6.53854581673307,7.07148607223476,7.00883544032922,249
"251",2022,4,6.47692307692308,13,7.10909090909091,3,NA,NA,6.47692307692308,11,2,0,0,13,4987,3371,1616,502,1329,3658,7.02414481050732,7.31478138831207,6.41787259282178,6.53854581673307,7.07148607223476,7.00694510114817,250
"252",2022,5,6.91176470588235,17,6.79166666666667,7.2,8,5.83333333333333,7.14285714285714,12,5,1,3,14,5004,3383,1621,503,1332,3672,7.02376302358113,7.31292582323382,6.42028507711289,6.54145129224652,7.06869743993994,7.00746328431373,251
"253",2022,6,7.34615384615385,13,7.95,5.33333333333333,NA,9,7.20833333333333,10,3,0,1,12,5017,3393,1624,503,1333,3684,7.0245983994419,7.31480343648688,6.41827716133005,6.54145129224652,7.07014627906977,7.00811758414766,252
"254",2022,7,6.5,17,7.15,5.57142857142857,6.5,7.33333333333333,6.32142857142857,10,7,2,3,14,5034,3403,1631,505,1336,3698,7.02282681168057,7.31431914781075,6.41464261802575,6.54128712871287,7.07073726796407,7.00551789616009,253
"255",2022,8,7.41428571428571,14,7.1,8.2,6.9,7.25,7.44166666666667,10,4,2,2,12,5048,3413,1635,507,1338,3710,7.02391247424723,7.31369119835921,6.4190104648318,6.54270216962525,7.07100522421525,7.00692861994609,254
"256",2022,9,7.26746153846154,13,7.3125,7.1954,6.9885,7.24425,7.27777777777778,8,5,2,4,9,5061,3421,1640,509,1342,3719,7.02453806955147,7.31368841274481,6.42137750609756,6.54445383104126,7.07152160208644,7.00758407636461,255
"257",2022,10,6.70833333333333,12,7.28571428571429,5.9,NA,6,6.94444444444444,7,5,0,3,9,5073,3428,1645,509,1345,3728,7.02379009856101,7.31363128938156,6.41979277203647,6.54445383104126,7.06913159107807,7.00743164699571,256
"258",2022,11,7.30588235294118,17,7.45,6.63333333333333,6.5,7.125,7.36153846153846,14,3,1,4,13,5090,3442,1648,510,1349,3741,7.02473225343811,7.31418595583963,6.42018149878641,6.54436666666667,7.06929724981468,7.00866217054264,257
"259",2022,12,7.51538461538462,13,7.57,7.33333333333333,NA,6.9,7.7,10,3,0,3,10,5103,3452,1651,510,1352,3751,7.02598220066627,7.31492701622248,6.42184076923077,6.54436666666667,7.06892159023669,7.01050524660091,258
