"","year","month","avg_rating","no_ratings","avg_rating_owned","avg_rating_not_owned","avg_rating_prev_owned","avg_rating_comment","avg_rating_no_comment","no_ratings_owned","no_ratings_not_owned","no_ratings_prev_owned","no_ratings_comment","no_ratings_no_comment","cum_no_ratings","cum_no_ratings_owned","cum_no_ratings_not_owned","cum_no_ratings_prev_owned","cum_no_ratings_comment","cum_no_ratings_no_comment","cum_avg_rating","cum_avg_rating_owned","cum_avg_rating_not_owned","cum_avg_rating_prev_owned","cum_avg_rating_comment","cum_avg_rating_no_comment","month_after_release"
"1",2001,9,5.8,5,5.8,NA,NA,6,5.66666666666667,5,0,0,2,3,5,5,0,0,2,3,5.8,5.8,NA,NA,6,5.66666666666667,0
"2",2001,10,4.25,4,4.25,NA,NA,NA,4.25,4,0,0,0,4,9,9,0,0,2,7,5.11111111111111,5.11111111111111,NA,NA,6,4.85714285714286,1
"3",2001,11,8,2,8,NA,NA,9,7,2,0,0,1,1,11,11,0,0,3,8,5.63636363636364,5.63636363636364,NA,NA,7,5.125,2
"4",2001,12,5.25,4,5,6,NA,5.5,5,3,1,0,2,2,15,14,1,0,5,10,5.53333333333333,5.5,6,NA,6.4,5.1,3
"5",2002,1,6.5,4,6.33333333333333,7,7,6,6.66666666666667,3,1,1,1,3,19,17,2,1,6,13,5.73684210526316,5.64705882352941,6.5,7,6.33333333333333,5.46153846153846,4
"6",2002,2,4.75,4,4.75,NA,NA,5,4.5,4,0,0,2,2,23,21,2,1,8,15,5.56521739130435,5.47619047619048,6.5,7,6,5.33333333333333,5
"7",2002,3,7,4,7,NA,NA,NA,7,4,0,0,0,4,27,25,2,1,8,19,5.77777777777778,5.72,6.5,7,6,5.68421052631579,6
"8",2002,4,6.3,5,6.375,6,NA,5.25,7,4,1,0,2,3,32,29,3,1,10,22,5.859375,5.81034482758621,6.33333333333333,7,5.85,5.86363636363636,7
"9",2002,5,6.33333333333333,3,6.33333333333333,NA,NA,7,6,3,0,0,1,2,35,32,3,1,11,24,5.9,5.859375,6.33333333333333,7,5.95454545454545,5.875,8
"10",2002,6,4,1,4,NA,NA,NA,4,1,0,0,0,1,36,33,3,1,11,25,5.84722222222222,5.8030303030303,6.33333333333333,7,5.95454545454545,5.8,9
"11",2002,7,5.83333333333333,12,6.09090909090909,3,NA,4.5,6.1,11,1,0,2,10,48,44,4,1,13,35,5.84375,5.875,5.5,7,5.73076923076923,5.88571428571429,10
"12",2002,8,5.6875,16,6.03571428571429,3.25,NA,5.7,5.68181818181818,14,2,0,5,11,64,58,6,1,18,46,5.8046875,5.91379310344828,4.75,7,5.72222222222222,5.83695652173913,11
"13",2002,9,6.2,5,6.25,6,NA,6.33333333333333,6,4,1,0,3,2,69,62,7,1,21,48,5.83333333333333,5.93548387096774,4.92857142857143,7,5.80952380952381,5.84375,12
"14",2002,10,5.71428571428571,7,6.25,5,NA,6,5.6,4,3,0,2,5,76,66,10,1,23,53,5.82236842105263,5.95454545454545,4.95,7,5.82608695652174,5.82075471698113,13
"15",2002,11,6.33333333333333,12,6.33333333333333,NA,NA,5.5,6.75,12,0,0,4,8,88,78,10,1,27,61,5.89204545454545,6.01282051282051,4.95,7,5.77777777777778,5.94262295081967,14
"16",2002,12,5.5,6,6.2,2,NA,2,6.2,5,1,0,1,5,94,83,11,1,28,66,5.86702127659574,6.02409638554217,4.68181818181818,7,5.64285714285714,5.96212121212121,15
"17",2003,1,5,11,5.625,3.33333333333333,NA,4.5,5.11111111111111,8,3,0,2,9,105,91,14,1,30,75,5.77619047619048,5.98901098901099,4.39285714285714,7,5.56666666666667,5.86,16
"18",2003,2,6.16666666666667,6,6.16666666666667,NA,NA,5.5,6.5,6,0,0,2,4,111,97,14,1,32,79,5.7972972972973,6,4.39285714285714,7,5.5625,5.89240506329114,17
"19",2003,3,5.55555555555556,9,6,2,NA,5,5.83333333333333,8,1,0,3,6,120,105,15,1,35,85,5.77916666666667,6,4.23333333333333,7,5.51428571428571,5.88823529411765,18
"20",2003,4,6.5,6,6.5,NA,NA,6,6.6,6,0,0,1,5,126,111,15,1,36,90,5.81349206349206,6.02702702702703,4.23333333333333,7,5.52777777777778,5.92777777777778,19
"21",2003,5,6.05,10,6.3125,5,NA,6.25,5.91666666666667,8,2,0,4,6,136,119,17,1,40,96,5.83088235294118,6.04621848739496,4.32352941176471,7,5.6,5.92708333333333,20
"22",2003,6,5.83333333333333,12,6.25,5,5,5.25,6.125,8,4,1,4,8,148,127,21,2,44,104,5.83108108108108,6.05905511811024,4.45238095238095,6,5.56818181818182,5.94230769230769,21
"23",2003,7,5.26470588235294,51,5.46875,4.92105263157895,5.5,5.35294117647059,5.22058823529412,32,19,2,17,34,199,159,40,4,61,138,5.68592964824121,5.94025157232704,4.675,5.75,5.50819672131148,5.76449275362319,22
"24",2003,8,4.71428571428571,28,4.75,4.66666666666667,4.5,5.125,4.55,16,12,2,8,20,227,175,52,6,69,158,5.56607929515418,5.83142857142857,4.67307692307692,5.33333333333333,5.46376811594203,5.61075949367089,23
"25",2003,9,6.16666666666667,12,6.1,6.5,NA,5.5,6.3,10,2,0,2,10,239,185,54,6,71,168,5.59623430962343,5.84594594594595,4.74074074074074,5.33333333333333,5.46478873239437,5.65178571428571,24
"26",2003,10,6,8,7.4,3.66666666666667,2,5,6.33333333333333,5,3,1,2,6,247,190,57,7,73,174,5.60931174089069,5.88684210526316,4.68421052631579,4.85714285714286,5.45205479452055,5.67528735632184,25
"27",2003,11,5.0625,8,5.08333333333333,5,NA,5.625,4.5,6,2,0,4,4,255,196,59,7,77,178,5.5921568627451,5.86224489795918,4.69491525423729,4.85714285714286,5.46103896103896,5.64887640449438,26
"28",2003,12,6.25,12,6.375,6,NA,6,6.375,8,4,0,4,8,267,204,63,7,81,186,5.62172284644195,5.88235294117647,4.77777777777778,4.85714285714286,5.48765432098765,5.68010752688172,27
"29",2004,1,5.64285714285714,21,6.15625,4,NA,4.75,6,16,5,0,6,15,288,220,68,7,87,201,5.62326388888889,5.90227272727273,4.72058823529412,4.85714285714286,5.4367816091954,5.70398009950249,28
"30",2004,2,5.27777777777778,18,5.92307692307692,3.6,NA,5.2,5.30769230769231,13,5,0,5,13,306,233,73,7,92,214,5.60294117647059,5.90343347639485,4.64383561643836,4.85714285714286,5.42391304347826,5.67990654205607,29
"31",2004,3,5.78571428571429,14,5.81818181818182,5.66666666666667,5,4,6.27272727272727,11,3,1,3,11,320,244,76,8,95,225,5.6109375,5.89959016393443,4.68421052631579,4.875,5.37894736842105,5.70888888888889,30
"32",2004,4,4.65909090909091,11,4.71875,4.5,NA,4.125,5.3,8,3,0,6,5,331,252,79,8,101,230,5.57930513595166,5.86210317460317,4.67721518987342,4.875,5.30445544554455,5.7,31
"33",2004,5,5.36363636363636,11,6,3.66666666666667,NA,5.5,5.2,8,3,0,6,5,342,260,82,8,107,235,5.57236842105263,5.86634615384615,4.64024390243902,4.875,5.31542056074766,5.68936170212766,32
"34",2004,6,6.17647058823529,17,6.30769230769231,5.75,NA,6,6.25,13,4,0,5,12,359,273,86,8,112,247,5.60097493036212,5.88736263736264,4.69186046511628,4.875,5.34598214285714,5.7165991902834,33
"35",2004,7,4.92857142857143,14,4.9375,4.91666666666667,8,4.2,5.33333333333333,8,6,1,5,9,373,281,92,9,117,256,5.57573726541555,5.86032028469751,4.70652173913043,5.22222222222222,5.29700854700855,5.703125,34
"36",2004,8,4.5,11,5.41666666666667,3.4,NA,4.4375,4.66666666666667,6,5,0,8,3,384,287,97,9,125,259,5.544921875,5.85104529616725,4.63917525773196,5.22222222222222,5.242,5.69111969111969,35
"37",2004,9,5.2,10,6.5,4.33333333333333,NA,5,5.28571428571429,4,6,0,3,7,394,291,103,9,128,266,5.53616751269035,5.85996563573883,4.62135922330097,5.22222222222222,5.236328125,5.68045112781955,36
"38",2004,10,6.15,20,6.53333333333333,5,5.33333333333333,5.91666666666667,6.5,15,5,3,12,8,414,306,108,12,140,274,5.56582125603865,5.89297385620915,4.63888888888889,5.25,5.29464285714286,5.7043795620438,37
"39",2004,11,6.11764705882353,17,6.5,4.33333333333333,3,6.5,6,14,3,1,4,13,431,320,111,13,144,287,5.58758700696056,5.91953125,4.63063063063063,5.07692307692308,5.328125,5.71777003484321,38
"40",2004,12,4.95,20,4.9375,5,5,5.08333333333333,4.75,16,4,1,12,8,451,336,115,14,156,295,5.55931263858093,5.87276785714286,4.64347826086957,5.07142857142857,5.30929487179487,5.69152542372881,39
"41",2005,1,5.01627906976744,43,5.2,4.59230769230769,NA,5.24705882352941,4.86538461538461,30,13,0,17,26,494,366,128,14,173,321,5.51204453441296,5.81762295081967,4.63828125,5.07142857142857,5.30317919075144,5.62461059190031,40
"42",2005,2,5.49565217391304,23,5.63333333333333,5,NA,5.18888888888889,5.69285714285714,18,5,0,9,14,517,384,133,14,182,335,5.51131528046422,5.808984375,4.65187969924812,5.07142857142857,5.29752747252747,5.62746268656717,41
"43",2005,3,5.49230769230769,13,6.11111111111111,4.1,4.46666666666667,4.58333333333333,6.27142857142857,9,4,3,6,7,530,393,137,17,188,342,5.51084905660377,5.81590330788804,4.63576642335766,4.96470588235294,5.27473404255319,5.6406432748538,42
"44",2005,4,4.73076923076923,13,5.45,2.33333333333333,NA,4.7,4.75,10,3,0,5,8,543,403,140,17,193,350,5.49217311233886,5.80682382133995,4.58642857142857,4.96470588235294,5.25984455958549,5.62028571428571,43
"45",2005,5,5.39259259259259,27,5.94117647058824,4.46,NA,5.57142857142857,5.2,17,10,0,14,13,570,420,150,17,207,363,5.48745614035088,5.8122619047619,4.578,4.96470588235294,5.28091787439614,5.60523415977961,44
"46",2005,6,5.31818181818182,22,5.47058823529412,4.8,NA,4.9,5.66666666666667,17,5,0,10,12,592,437,155,17,217,375,5.48116554054054,5.79897025171625,4.58516129032258,4.96470588235294,5.26336405529954,5.6072,45
"47",2005,7,5.04814814814815,27,5.225,4.54285714285714,NA,4.1,5.60588235294118,20,7,0,10,17,619,457,162,17,227,392,5.46227786752827,5.77385120350109,4.58333333333333,4.96470588235294,5.21211453744493,5.60714285714286,46
"48",2005,8,5.18055555555556,36,5.25862068965517,4.85714285714286,5,4.97058823529412,5.36842105263158,29,7,2,17,19,655,486,169,19,244,411,5.44679389312977,5.74310699588477,4.59467455621302,4.96842105263158,5.1952868852459,5.59610705596107,47
"49",2005,9,5.73214285714286,28,5.88636363636364,5.16666666666667,NA,5,6.07894736842105,22,6,0,9,19,683,508,175,19,253,430,5.45849194729136,5.74931102362205,4.61428571428571,4.96842105263158,5.18833992094862,5.61744186046512,48
"50",2005,10,5.35416666666667,36,5.58333333333333,4.66666666666667,5,5.34210526315789,5.36764705882353,27,9,2,19,17,719,535,184,21,272,447,5.45326842837274,5.74093457943925,4.61684782608696,4.97142857142857,5.19908088235294,5.6079418344519,49
"51",2005,11,5.36666666666667,30,5.85,4.4,4,5.46153846153846,5.29411764705882,20,10,1,13,17,749,555,194,22,285,464,5.4497997329773,5.74486486486486,4.60567010309278,4.92727272727273,5.21105263157895,5.59644396551724,50
"52",2005,12,5.4962962962963,27,5.77,4.71428571428571,5,6.3,5.15789473684211,20,7,1,8,19,776,575,201,23,293,483,5.45141752577319,5.74573913043478,4.60945273631841,4.9304347826087,5.24078498293515,5.57919254658385,51
"53",2006,1,5.48913043478261,46,5.88888888888889,4.05,NA,4.78571428571429,5.796875,36,10,0,14,32,822,611,211,23,307,515,5.45352798053528,5.75417348608838,4.58293838862559,4.9304347826087,5.2200325732899,5.59271844660194,52
"54",2006,2,4.71034482758621,29,4.98181818181818,3.85714285714286,3,4.77333333333333,4.64285714285714,22,7,2,15,14,851,633,218,25,322,529,5.42820211515864,5.72733017377567,4.55963302752294,4.776,5.19922360248447,5.56758034026465,53
"55",2006,3,5.17741935483871,31,5.34782608695652,4.6875,5,4.28571428571429,5.4375,23,8,1,7,24,882,656,226,26,329,553,5.41938775510204,5.7140243902439,4.5641592920354,4.78461538461538,5.17978723404255,5.5619349005425,54
"56",2006,4,5.40322580645161,31,5.54,4.83333333333333,5,5.39285714285714,5.41176470588235,25,6,1,14,17,913,681,232,27,343,570,5.41883899233297,5.70763582966226,4.57112068965517,4.79259259259259,5.18848396501458,5.55745614035088,55
"57",2006,5,5.55555555555556,18,5.76923076923077,5,4,4.77777777777778,6.33333333333333,13,5,1,9,9,931,694,237,28,352,579,5.42148227712137,5.70878962536023,4.58016877637131,4.76428571428571,5.17798295454546,5.56951640759931,56
"58",2006,6,5.1808,25,5.28347826086957,4,NA,5.125,5.20705882352941,23,2,0,8,17,956,717,239,28,360,596,5.41518828451883,5.69514644351464,4.57531380753138,4.76428571428571,5.17680555555556,5.55917785234899,57
"59",2006,7,5.32619047619048,42,5.82,4.6,3.66666666666667,3.9,5.771875,25,17,3,10,32,998,742,256,31,370,628,5.41144288577154,5.69935309973046,4.576953125,4.65806451612903,5.1422972972973,5.57001592356688,58
"60",2006,8,5.25882352941176,34,5.55,4.3125,NA,4.95333333333333,5.5,26,8,0,15,19,1032,768,264,31,385,647,5.40641472868217,5.694296875,4.56893939393939,4.65806451612903,5.13493506493506,5.56795981452859,59
"61",2006,9,5.15357142857143,28,5.41904761904762,4.35714285714286,3.75,4.68181818181818,5.45882352941176,21,7,2,11,17,1060,789,271,33,396,664,5.3997358490566,5.68697084917617,4.56346863468635,4.6030303030303,5.12234848484848,5.5651656626506,60
"62",2006,10,5.15853658536585,41,5.55357142857143,4.30769230769231,NA,4.92307692307692,5.26785714285714,28,13,0,13,28,1101,817,284,33,409,692,5.39075386012716,5.68239902080783,4.55176056338028,4.6030303030303,5.11601466992665,5.55313583815029,61
"63",2006,11,5.03947368421053,38,5.67307692307692,3.66666666666667,2.5,4.375,5.52272727272727,26,12,2,16,22,1139,843,296,35,425,714,5.3790342405619,5.68211150652432,4.51587837837838,4.48285714285714,5.08811764705882,5.55219887955182,62
"64",2006,12,4.72040816326531,49,5.23333333333333,3.91052631578947,4.33333333333333,4.3,4.92424242424242,30,19,6,16,33,1188,873,315,41,441,747,5.35186868686869,5.66668957617411,4.47936507936508,4.4609756097561,5.05952380952381,5.5244578313253,63
"65",2007,1,5.03428571428571,70,5.17407407407407,4.5625,NA,4.78125,5.10925925925926,54,16,0,16,54,1258,927,331,41,457,801,5.33419713831479,5.63799352750809,4.4833836858006,4.4609756097561,5.04978118161926,5.49646691635456,64
"66",2007,2,4.95,50,5.40277777777778,3.78571428571429,NA,4.92857142857143,4.95833333333333,36,14,0,14,36,1308,963,345,41,471,837,5.31951070336391,5.62920041536864,4.45507246376812,4.4609756097561,5.04617834394904,5.47332138590203,65
"67",2007,3,5.51304347826087,46,5.68484848484848,5.07692307692308,4,5.67857142857143,5.440625,33,13,2,14,32,1354,996,358,43,485,869,5.32608567208272,5.63104417670683,4.47765363128492,4.43953488372093,5.06443298969072,5.47211737629459,66
"68",2007,4,5.03571428571429,49,5.34375,3.66666666666667,NA,4.61842105263158,5.3,40,9,0,19,30,1403,1036,367,43,504,899,5.31594440484676,5.61995173745174,4.45776566757493,4.43953488372093,5.04761904761905,5.46637374860957,67
"69",2007,5,5.52325581395349,43,5.67857142857143,5.23333333333333,NA,5.41666666666667,5.56451612903226,28,15,0,12,31,1446,1064,382,43,516,930,5.32210926694329,5.62149436090226,4.48821989528796,4.43953488372093,5.0562015503876,5.46964516129032,68
"70",2007,6,5.52631578947368,38,5.83928571428571,4.65,4,5.44117647058824,5.59523809523809,28,10,2,17,21,1484,1092,392,45,533,951,5.32733827493262,5.62707875457876,4.49234693877551,4.42,5.06848030018762,5.47241850683491,69
"71",2007,7,5.012,50,5.07647058823529,4.875,5,5,5.01764705882353,34,16,3,16,34,1534,1126,408,48,549,985,5.31705997392438,5.61045293072824,4.50735294117647,4.45625,5.06648451730419,5.45672081218274,70
"72",2007,8,5.12765957446809,47,5.44444444444444,4.09090909090909,5,5.08333333333333,5.14285714285714,36,11,2,12,35,1581,1162,419,50,561,1020,5.31142947501581,5.60530981067126,4.4964200477327,4.478,5.0668449197861,5.44595098039216,71
"73",2007,9,5.12142857142857,42,5.43636363636364,4.775,NA,4.4375,5.54230769230769,22,20,0,16,26,1623,1184,439,50,577,1046,5.30651263093038,5.60217060810811,4.50911161731207,4.478,5.04939341421144,5.44834608030593,72
"74",2007,10,5.14418604651163,43,5.42424242424242,4.22,4,5.15384615384615,5.14,33,10,1,13,30,1666,1217,449,51,590,1076,5.30232292917167,5.5973459326212,4.50267260579065,4.46862745098039,5.05169491525424,5.43974907063197,73
"75",2007,11,5.25,46,5.61428571428571,4.09090909090909,6.5,4.65,5.41666666666667,35,11,1,10,36,1712,1252,460,52,600,1112,5.30091705607477,5.59781948881789,4.49282608695652,4.50769230769231,5.045,5.43900179856115,74
"76",2007,12,4.97530864197531,81,5.36363636363636,4.15384615384615,4,4.7258064516129,5.13,55,26,4,31,50,1793,1307,486,56,631,1162,5.28620747350809,5.58796480489671,4.47469135802469,4.47142857142857,5.02931854199683,5.42570567986231,75
"77",2008,1,5.53764705882353,85,5.88852459016393,4.64583333333333,5.3,5.71428571428571,5.4796875,61,24,5,21,64,1878,1368,510,61,652,1226,5.29758785942492,5.60136695906433,4.48274509803922,4.53934426229508,5.05138036809816,5.42852365415987,76
"78",2008,2,5.45833333333333,36,5.57142857142857,5.0625,NA,5.0625,5.57142857142857,28,8,0,8,28,1914,1396,518,61,660,1254,5.30061128526646,5.6007664756447,4.49169884169884,4.53934426229508,5.05151515151515,5.43171451355662,77
"79",2008,3,5.25877192982456,57,5.60810810810811,4.6125,3.6,5.046875,5.34146341463415,37,20,5,16,41,1971,1433,538,66,676,1295,5.29940131912735,5.60095603628751,4.49618959107807,4.46818181818182,5.05140532544379,5.42885714285714,78
"80",2008,4,5.17857142857143,42,5.53571428571429,4.46428571428571,4.5,4.54545454545455,5.40322580645161,28,14,4,11,31,2013,1461,552,70,687,1326,5.29688027819176,5.59970568104038,4.49538043478261,4.47,5.04330422125182,5.42825791855204,79
"81",2008,5,5.25641025641026,39,5.51851851851852,4.66666666666667,5,4.7,5.60416666666667,27,12,1,15,24,2052,1488,564,71,702,1350,5.29611111111111,5.59823252688172,4.49902482269504,4.47746478873239,5.03596866096866,5.43138518518519,80
"82",2008,6,4.96938775510204,49,5.48484848484848,3.90625,4.33333333333333,5.0625,4.92424242424242,33,16,3,16,33,2101,1521,580,74,718,1383,5.28849119466921,5.59577251808021,4.4826724137931,4.47162162162162,5.03655988857939,5.419284164859,81
"83",2008,7,4.9537037037037,54,5.453125,4.22727272727273,4.4,3.91666666666667,5.47222222222222,32,22,10,18,36,2155,1553,602,84,736,1419,5.28010208816706,5.59283322601417,4.47333887043189,4.46309523809524,5.00917119565217,5.42062720225511,82
"84",2008,8,5.23367346938775,49,5.57285714285714,4.38571428571429,4.07142857142857,5.09117647058823,5.309375,35,14,7,17,32,2204,1588,616,91,753,1451,5.27906987295826,5.59239294710327,4.4713474025974,4.43296703296703,5.01102257636122,5.41817367332874,83
"85",2008,9,5.50609756097561,41,5.60483870967742,5.2,4.5,5.55,5.49193548387097,31,10,2,10,31,2245,1619,626,93,763,1482,5.28321603563475,5.59263125386041,4.48298722044728,4.43440860215054,5.01808650065531,5.41971659919029,84
"86",2008,10,5.19024390243902,41,5.32666666666667,4.81818181818182,5.66666666666667,5.36666666666667,5.08846153846154,30,11,6,15,26,2286,1649,637,99,778,1508,5.28154855643045,5.58779260157671,4.48877551020408,4.50909090909091,5.02480719794345,5.41400530503979,85
"87",2008,11,5.3355737704918,61,5.56818181818182,4.73352941176471,5.524,5.21875,5.37711111111111,44,17,5,16,45,2347,1693,654,104,794,1553,5.28295270558159,5.58728292971057,4.4951376146789,4.55788461538461,5.0287153652393,5.41293625241468,86
"88",2008,12,5.42741935483871,62,5.88571428571429,4.465,3.9375,4.96153846153846,5.55102040816327,42,20,8,13,49,2409,1735,674,112,807,1602,5.28667081776671,5.59450720461095,4.49424332344214,4.51357142857143,5.0276332094176,5.41715980024969,87
"89",2009,1,5.34536082474227,97,5.73913043478261,4.375,4.45,5.09615384615385,5.43661971830986,69,28,10,26,71,2506,1804,702,122,833,1673,5.28894253790902,5.60003880266075,4.48948717948718,4.5083606557377,5.02977190876351,5.41798565451285,88
"90",2009,2,4.91046511627907,86,5.26315789473684,4.21724137931034,5,5,4.88840579710145,57,29,6,17,69,2592,1861,731,128,850,1742,5.2763850308642,5.58972058033315,4.47868673050616,4.53140625,5.02917647058824,5.39700918484501,89
"91",2009,3,5.46223404255319,94,5.89444444444444,4.87875,5.50909090909091,5.16875,5.56285714285714,54,40,11,24,70,2686,1915,771,139,874,1812,5.28288905435592,5.59831331592689,4.49944228274968,4.60877697841726,5.03300915331808,5.40341611479029,90
"92",2009,4,5.26385542168675,83,5.75909090909091,4.70512820512821,4.33333333333333,4.91666666666667,5.36,44,39,9,18,65,2769,1959,810,148,892,1877,5.28231852654388,5.60192445125064,4.50934567901235,4.59202702702703,5.03066143497758,5.4019126265317,91
"93",2009,5,5.17077922077922,77,5.60957446808511,4.48333333333333,5.16666666666667,4.48863636363636,5.44363636363636,47,30,6,22,55,2846,2006,840,154,914,1932,5.27930077301476,5.6021036889332,4.50841666666667,4.61441558441558,5.01761487964989,5.40310041407868,92
"94",2009,6,4.95254237288136,59,5.31891891891892,4.33636363636364,4.07142857142857,4.65333333333333,5.05454545454545,37,22,7,15,44,2905,2043,862,161,929,1976,5.27266437177281,5.59697503671072,4.50402552204176,4.59080745341615,5.01173304628633,5.39533906882591,93
"95",2009,7,5.25151515151515,66,5.65135135135135,4.74137931034483,4.94444444444444,4.50555555555556,5.53125,37,29,9,18,48,2971,2080,891,170,947,2024,5.27219454729048,5.59794230769231,4.51175084175084,4.60952941176471,5.00211193241816,5.39856225296443,94
"96",2009,8,5.35615384615385,65,5.6475,4.89,4,5.46,5.325,40,25,7,15,50,3036,2120,916,177,962,2074,5.27399209486166,5.59887735849057,4.52207423580786,4.58542372881356,5.00925155925156,5.39678881388621,95
"97",2009,9,5.18108108108108,74,5.55217391304348,4.57142857142857,4.9,4.86111111111111,5.28392857142857,46,28,5,18,56,3110,2166,944,182,980,2130,5.27178135048232,5.59788550323176,4.52353813559322,4.59406593406593,5.0065306122449,5.39382159624413,96
"98",2009,10,5.16197183098592,71,5.40555555555556,4.74038461538461,4.25,4.7,5.28571428571429,45,26,4,15,56,3181,2211,970,186,995,2186,5.26933039924552,5.5939710538218,4.52935051546392,4.58666666666667,5.00190954773869,5.39105215004575,97
"99",2009,11,5.32792207792208,77,5.36702127659574,5.26666666666667,4.77777777777778,4.878,5.54423076923077,47,30,9,25,52,3258,2258,1000,195,1020,2238,5.27071516267649,5.58924712134632,4.55147,4.59548717948718,4.99887254901961,5.39461126005362,98
"100",2009,12,5.13068181818182,88,5.87755102040816,4.19230769230769,4.16666666666667,5.13636363636364,5.12878787878788,49,39,12,22,66,3346,2307,1039,207,1042,2304,5.26703227734609,5.59537061118335,4.53798845043311,4.57062801932367,5.00177543186181,5.38699652777778,99
"101",2010,1,5.52572815533981,103,5.82910447761194,4.96111111111111,5.3125,5.2,5.58125,67,36,8,15,88,3449,2374,1075,215,1057,2392,5.27475790084083,5.60196714406066,4.55215813953488,4.59823255813953,5.00458845789972,5.39414297658863,100
"102",2010,2,5.48,55,5.75714285714286,4.995,5,5.22666666666667,5.575,35,20,7,15,40,3504,2409,1095,222,1072,2432,5.2779794520548,5.60422166874222,4.56024657534247,4.6109009009009,5.00769589552239,5.39711759868421,101
"103",2010,3,5.27547169811321,53,5.73529411764706,4.45263157894737,5.2,4.46153846153846,5.54,34,19,5,13,40,3557,2443,1114,227,1085,2472,5.27794208602755,5.60604584527221,4.55841113105925,4.62387665198238,5.00115207373272,5.39942961165049,102
"104",2010,4,5.46538461538462,65,5.684375,4.84705882352941,4,5.48823529411765,5.45729166666667,48,17,2,17,48,3622,2491,1131,229,1102,2520,5.28130590833794,5.60755519871537,4.56274977895668,4.61842794759825,5.00866606170599,5.40053174603175,103
"105",2010,5,5.1551724137931,58,5.46666666666667,4.51578947368421,4.33333333333333,4.5875,5.37142857142857,39,19,3,16,42,3680,2530,1150,232,1118,2562,5.27931793478261,5.60538339920948,4.56197391304348,4.61474137931034,5.00263864042934,5.40005464480874,104
"106",2010,6,5.31836734693878,49,5.68684210526316,4.04545454545455,4.33333333333333,4.18181818181818,5.64736842105263,38,11,3,11,38,3729,2568,1161,235,1129,2600,5.27983105390185,5.60658878504673,4.55708010335917,4.61114893617021,4.99464127546501,5.40366923076923,105
"107",2010,7,5.70862068965517,58,5.96666666666667,4.81538461538462,5.1,5.75,5.70384615384615,45,13,6,6,52,3787,2613,1174,241,1135,2652,5.28639820438342,5.61278989667049,4.55994037478705,4.62331950207469,4.99863436123348,5.40955505279035,106
"108",2010,8,5.2147406779661,59,5.70352058823529,4.55,4.5,5.08,5.260675,34,25,2,15,44,3846,2647,1199,243,1150,2696,5.28529893395736,5.61395530789573,4.55973311092577,4.62230452674897,4.99969565217391,5.40712525964392,107
"109",2010,9,5.54807692307692,52,5.890625,5,5.41666666666667,5.16923076923077,5.67435897435897,32,20,6,13,39,3898,2679,1219,249,1163,2735,5.28880443817342,5.61726005972378,4.56695652173913,4.64144578313253,5.00159071367154,5.41093590493601,108
"110",2010,10,5.23360655737705,61,5.57386363636364,4.35294117647059,4,5.1,5.25980392156863,44,17,4,10,51,3959,2723,1236,253,1173,2786,5.28795395301844,5.6165588321704,4.56401294498382,4.63130434782609,5.00242966751918,5.40816931083991,109
"111",2010,11,5.43506493506494,77,5.94318181818182,4.75757575757576,4.86363636363636,4.92105263157895,5.60344827586207,44,33,11,19,58,4036,2767,1269,264,1192,2844,5.29076057978196,5.62175269244669,4.56904649330181,4.64098484848485,5.00113255033557,5.41215179324895,110
"112",2010,12,5.19358974358974,78,5.70181818181818,3.97826086956522,4,3.95833333333333,5.41818181818182,55,23,9,12,66,4114,2822,1292,273,1204,2910,5.28891825473991,5.62331314670447,4.55852941176471,4.61985347985348,4.99073920265781,5.41228855670103,111
"113",2011,1,5.37583333333333,120,5.65116279069767,4.67941176470588,4.25,4.70909090909091,5.52551020408163,86,34,4,22,98,4234,2908,1326,277,1226,3008,5.29138160132263,5.62413676066025,4.56162895927602,4.61451263537906,4.98568515497553,5.41597729388298,112
"114",2011,2,5.45388888888889,90,5.74180327868852,4.84827586206897,4.78571428571429,4.89285714285714,5.55723684210526,61,29,7,14,76,4324,2969,1355,284,1240,3084,5.29476403792784,5.62655429437521,4.56776383763838,4.6187323943662,4.98463709677419,5.41945839818418,113
"115",2011,3,5.39555555555556,90,5.63114754098361,4.9,4.72222222222222,5,5.50140845070423,61,29,9,19,71,4414,3030,1384,293,1259,3155,5.29681914363389,5.62664676567657,4.57472543352601,4.62191126279863,4.98486894360604,5.42130259904913,114
"116",2011,4,5.56253731343284,67,5.96574468085106,4.615,4.2,5.92071428571429,5.46792452830189,47,20,5,14,53,4481,3077,1404,298,1273,3208,5.30079216692702,5.63182635684108,4.57529914529914,4.6148322147651,4.99516103692066,5.42207284912718,115
"117",2011,5,5.44169491525424,59,5.94594594594595,4.59363636363636,4.33333333333333,5.616,5.40612244897959,37,22,6,10,49,4540,3114,1426,304,1283,3257,5.30262328193832,5.63555867052023,4.57558204768583,4.60927631578947,5,5.42183288302119,116
"118",2011,6,5.43725490196078,51,5.71081081081081,4.71428571428571,4.8,5,5.53095238095238,37,14,5,9,42,4591,3151,1440,309,1292,3299,5.30411886299281,5.63644230403047,4.57693055555555,4.61236245954693,5,5.42322209760533,117
"119",2011,7,4.935,60,5.07045454545455,4.5625,5.66666666666667,5.65,4.792,44,16,3,10,50,4651,3195,1456,312,1302,3349,5.2993570629972,5.62864779342723,4.57677197802198,4.6225,5.00499231950845,5.41379805912213,118
"120",2011,8,5.60133333333333,75,5.78135593220339,4.9375,4.57142857142857,4.91666666666667,5.81754385964912,59,16,7,18,57,4726,3254,1472,319,1320,3406,5.30414932289462,5.63141662569146,4.58069293478261,4.62137931034483,5.00378787878788,5.4205548150323,119
"121",2011,9,5.35593220338983,59,5.42857142857143,5.25,5.16666666666667,5,5.39622641509434,35,24,12,6,53,4785,3289,1496,331,1326,3459,5.30478781609195,5.62925804195804,4.59143048128342,4.64114803625378,5.00377073906486,5.42018204683434,120
"122",2011,10,5.30144927536232,69,5.78421052631579,4.70967741935484,4.31428571428571,5.72857142857143,5.11458333333333,38,31,7,21,48,4854,3327,1527,338,1347,3507,5.30474035846724,5.63102786293959,4.59383104125736,4.63437869822485,5.01507052709725,5.4159993441688,121
"123",2011,11,5.27777777777778,72,5.67647058823529,4.30952380952381,3.33333333333333,4.71052631578947,5.4811320754717,51,21,3,19,53,4926,3378,1548,341,1366,3560,5.30434626471782,5.63171394316163,4.58997416020672,4.62293255131965,5.0108345534407,5.41696901685393,122
"124",2011,12,5.4050505050505,99,5.72676056338028,4.58928571428571,4.8125,5.35625,5.4144578313253,71,28,8,16,83,5025,3449,1576,349,1382,3643,5.30633028855721,5.63367054218614,4.58996192893401,4.62727793696275,5.01483357452967,5.41691180345869,123
"125",2012,1,5.29948979591837,98,5.61642857142857,4.50714285714286,4.91111111111111,3.5625,5.45388888888889,70,28,9,8,90,5123,3519,1604,358,1390,3733,5.30619943392543,5.63332756464905,4.58851620947631,4.63441340782123,5.00647482014389,5.41780329493705,124
"126",2012,2,5.57764705882353,85,6.02622950819672,4.4375,4.66666666666667,4.96666666666667,5.70857142857143,61,24,6,15,70,5208,3580,1628,364,1405,3803,5.31062974270353,5.64002226256983,4.58628992628992,4.63494505494506,5.00604982206406,5.42315532474362,125
"127",2012,3,5.36142857142857,70,5.67173913043478,4.76666666666667,4,5.39333333333333,5.35272727272727,46,24,4,15,55,5278,3626,1652,368,1420,3858,5.31130346722243,5.64042462768891,4.58891041162227,4.62804347826087,5.01014084507042,5.42215129600829,126
"128",2012,4,5.59662162162162,74,5.72818181818182,5.21578947368421,6.44,4.93947368421053,5.82363636363636,55,19,5,19,55,5352,3681,1671,373,1439,3913,5.31524844917787,5.6417358598207,4.59603830041891,4.65233243967829,5.00920778318277,5.42779445438283,127
"129",2012,5,5.30779220779221,77,5.5377358490566,4.8,4.9,5.36363636363636,5.29848484848485,53,24,4,11,66,5429,3734,1695,377,1450,3979,5.31514269662921,5.64025969469738,4.59892625368731,4.65496021220159,5.01189655172414,5.42564958532294,128
"130",2012,6,5.52328767123288,73,5.76206896551724,4.6,4.35714285714286,5.16842105263158,5.64814814814815,58,15,7,19,54,5502,3792,1710,384,1469,4033,5.31790434387495,5.64212281118143,4.59893567251462,4.64953125,5.01392103471749,5.42862873791222,129
"131",2012,7,5.30533333333333,60,5.42553191489362,4.87076923076923,5,4.63636363636364,5.45551020408163,47,13,3,11,49,5562,3839,1723,387,1480,4082,5.31776873426825,5.63947113831727,4.60098665118978,4.6522480620155,5.01111486486487,5.42895142087212,130
"132",2012,8,5.81159420289855,69,6.0531914893617,5.29545454545455,6,5.34615384615385,5.91964285714286,47,22,3,13,56,5631,3886,1745,390,1493,4138,5.32381987213639,5.6444749613999,4.60974212034384,4.66261538461539,5.01403215003349,5.43559200096665,131
"133",2012,9,5.48571428571429,63,6.09852941176471,4.76724137931035,5.22222222222222,4.79615384615385,5.665,34,29,9,13,50,5694,3920,1774,399,1506,4188,5.32561111696522,5.64841318877551,4.61231679819616,4.6752380952381,5.01215139442231,5.4383308739255,132
"134",2012,10,5.0390625,64,5.37179487179487,4.52,4.66666666666667,5.09375,5.02083333333333,39,25,3,16,48,5758,3959,1799,402,1522,4236,5.32242613754776,5.64568822935085,4.61103390772651,4.67517412935323,5.01300919842313,5.43360002360718,133
"135",2012,11,5.48186813186813,91,5.915,4.64354838709677,5,5.66190476190476,5.42785714285714,60,31,5,21,70,5849,4019,1830,407,1543,4306,5.3249067703881,5.64970880816123,4.61158469945355,4.67916461916462,5.02184057031756,5.43350666511844,134
"136",2012,12,5.37682926829268,82,5.565,4.86363636363636,3.77777777777778,4.78666666666667,5.5089552238806,60,22,9,15,67,5931,4079,1852,416,1558,4373,5.32562463328275,5.64846278499632,4.6145788336933,4.65966346153846,5.01957637997433,5.43466263434713,135
"137",2013,1,5.33333333333333,114,5.69879518072289,4.35483870967742,5,4.90476190476191,5.43010752688172,83,31,9,21,93,6045,4162,1883,425,1579,4466,5.3257700082713,5.64946653051418,4.61030270844397,4.6668705882353,5.01804939835339,5.43456777877295,136
"138",2013,2,5.30126582278481,79,5.43846153846154,5.03703703703704,5.6,3.6875,5.4830985915493,52,27,5,8,71,6124,4214,1910,430,1587,4537,5.32545390267799,5.64686276696725,4.61633507853403,4.67772093023256,5.01134215500945,5.43532724267137,137
"139",2013,3,5.43380281690141,71,5.67962962962963,4.65294117647059,6,4.45555555555556,5.5758064516129,54,17,1,9,62,6195,4268,1927,431,1596,4599,5.32669567393059,5.64727734301781,4.616658017644,4.68078886310905,5.00820802005013,5.43722106979778,138
"140",2013,4,5.41463414634146,82,5.628125,4.65555555555556,5.3,5.80769230769231,5.34057971014493,64,18,5,13,69,6277,4332,1945,436,1609,4668,5.32784446391588,5.64699439058172,4.61701799485861,4.68788990825688,5.01466749533872,5.4357925664096,139
"141",2013,5,5.40384615384615,78,5.7,4.69565217391304,5.09090909090909,4.33333333333333,5.54347826086957,55,23,11,9,69,6355,4387,1968,447,1618,4737,5.32877729346971,5.64765892409391,4.61793699186992,4.69780760626398,5.01087762669963,5.43736113573992,140
"142",2013,6,5.21909090909091,55,5.41571428571429,4.875,4,4.859375,5.36666666666667,35,20,5,16,39,6410,4422,1988,452,1634,4776,5.32783614664586,5.64582308909996,4.62052313883299,4.69008849557522,5.009394124847,5.43678385678392,141
"143",2013,7,5.24,75,5.62222222222222,4.66666666666667,4.35714285714286,5.14285714285714,5.26229508196721,45,30,7,14,61,6485,4467,2018,459,1648,4837,5.32682030840401,5.64558533691516,4.62120911793855,4.68501089324619,5.01052791262136,5.43458335745297,142
"144",2013,8,5.39320388349515,103,5.51948051948052,5.01923076923077,5.25,5.19090909090909,5.44814814814815,77,26,4,22,81,6588,4544,2044,463,1670,4918,5.3278581815422,5.6434484375,4.62627201565557,4.68989200863931,5.01290419161677,5.43480677104514,143
"145",2013,9,5.23350515463918,97,5.5140625,4.68939393939394,5.45833333333333,4.7575,5.35714285714286,64,33,6,20,77,6685,4608,2077,469,1690,4995,5.32648910994764,5.64165141059028,4.62727491574386,4.69972281449894,5.00988165680473,5.43360954954955,144
"146",2013,10,5.44294871794872,78,5.87,4.42173913043478,4.375,4.88888888888889,5.51521739130435,55,23,8,9,69,6763,4663,2100,477,1699,5064,5.3278322785746,5.64434477803989,4.62502380952381,4.69427672955975,5.00924072984108,5.43472150473934,145
"147",2013,11,5.28511904761905,84,5.63207547169811,4.69193548387097,4.5,4.41666666666667,5.42986111111111,53,31,8,12,72,6847,4716,2131,485,1711,5136,5.32730826639404,5.64420689143342,4.62599718442046,4.69107216494846,5.00508474576271,5.43465336838006,146
"148",2013,12,5.56146788990826,109,5.69342105263158,5.25757575757576,5.25,5.28235294117647,5.61304347826087,76,33,10,17,92,6956,4792,2164,495,1728,5228,5.33097753018976,5.64498741652755,4.63562846580406,4.70236363636364,5.0078125,5.43779259755164,147
"149",2014,1,5.50126582278481,158,5.76198347107438,4.64864864864865,5.8125,5.39117647058824,5.53145161290323,121,37,8,34,124,7114,4913,2201,503,1762,5352,5.33475958673039,5.64786885813149,4.63584734211722,4.72001988071571,5.01520998864926,5.43996257473842,148
"150",2014,2,5.27708333333333,96,5.71363636363636,4.31666666666667,3.9375,4.55882352941176,5.43164556962025,66,30,8,17,79,7210,4979,2231,511,1779,5431,5.33399163661581,5.64874065073308,4.63155535634244,4.70776908023484,5.01084879145587,5.43984159454981,149
"151",2014,3,5.49259259259259,81,5.75862068965517,4.82173913043478,3.83333333333333,4.9,5.58571428571429,58,23,6,11,70,7291,5037,2254,517,1790,5501,5.33575362776025,5.65000589636689,4.63349600709849,4.69762088974855,5.01016759776536,5.44169781857844,150
"152",2014,4,5.27926829268293,82,5.48947368421053,4.8,4.5,4.5,5.45373134328358,57,25,6,15,67,7373,5094,2279,523,1805,5568,5.33512541706225,5.64820959952886,4.63532250987275,4.69535372848949,5.00592797783933,5.44184261853448,151
"153",2014,5,5.41890243902439,82,5.69296875,4.44444444444444,4,5.19090909090909,5.45422535211268,64,18,2,11,71,7455,5158,2297,525,1816,5639,5.33604690811536,5.64876496704149,4.63382673051806,4.69270476190476,5.00704845814978,5.44199852810782,152
"154",2014,6,5.36438356164384,73,5.65365853658537,4.99375,5.22222222222222,4.33333333333333,5.509375,41,32,9,9,64,7528,5199,2329,534,1825,5703,5.33632169234856,5.64880355837661,4.63877200515242,4.70162921348315,5.00372602739726,5.44275463790987,153
"155",2014,7,5.27684210526316,95,5.54375,4.7258064516129,4.22222222222222,4.36363636363636,5.39642857142857,64,31,9,11,84,7623,5263,2360,543,1836,5787,5.33558044077135,5.64752606878206,4.63991525423729,4.6936832412523,4.99989106753813,5.44208220148609,154
"156",2014,8,5.38915887850467,107,5.62358974358974,4.75862068965517,4.75,5.42777777777778,5.38134831460674,78,29,12,18,89,7730,5341,2389,555,1854,5876,5.33632208279431,5.64717650252762,4.64135621598995,4.6949009009009,5.00404530744336,5.44116230428863,155
"157",2014,9,5.29767441860465,86,5.48,4.9741935483871,4.71428571428571,5.375,5.28513513513514,55,31,7,12,74,7816,5396,2420,562,1866,5950,5.33589683981576,5.64547251667902,4.64561983471074,4.69514234875445,5.0064308681672,5.43922179831933,156
"158",2014,10,5.12682926829268,82,5.47959183673469,4.6030303030303,5.9,4.7,5.18611111111111,49,33,6,10,72,7898,5445,2453,568,1876,6022,5.33372622182831,5.64397974288338,4.64504688136975,4.70786971830986,5.0047974413646,5.43619556625706,157
"159",2014,11,5.46149425287356,87,5.66,5.1203125,5.4,5.35,5.47435897435897,55,32,8,9,78,7985,5500,2485,576,1885,6100,5.33511830932999,5.64413994545454,4.65116700201207,4.71748263888889,5.00644562334217,5.43668355737705,158
"160",2014,12,5.05884955752212,113,5.438125,4.13939393939394,4.34,4.78333333333333,5.11105263157895,80,33,10,18,95,8098,5580,2518,586,1903,6195,5.3312632378365,5.64118632616487,4.64445988880063,4.7110409556314,5.00433526011561,5.43169002421307,159
"161",2015,1,5.3101226993865,163,5.62654867256637,4.595,4.45,4.75,5.38402777777778,113,50,10,19,144,8261,5693,2568,596,1922,6339,5.33084610821934,5.6408957842965,4.6434968847352,4.70666107382551,5.00182101977107,5.43060730399117,160
"162",2015,2,5.18018018018018,111,5.54430379746835,4.28125,4.41666666666667,5.10909090909091,5.188,79,32,6,11,100,8372,5772,2600,602,1933,6439,5.32884850692785,5.63957375259875,4.63903846153846,4.7037707641196,5.00243145369891,5.42683952477093,161
"163",2015,3,5.05966386554622,119,5.425,4.5,4.55555555555556,4.72727272727273,5.13505154639175,72,47,18,22,97,8491,5844,2647,620,1955,6536,5.3250759274526,5.63693013347022,4.63656970154892,4.69946774193549,4.99933503836317,5.42250913402693,162
"164",2015,4,5.46581632653061,98,5.66229508196721,5.14189189189189,5.2,5.57894736842105,5.43860759493671,61,37,5,19,79,8589,5905,2684,625,1974,6615,5.32668176737688,5.63719215918713,4.64353576751117,4.703472,5.00491388044579,5.42270139077853,163
"165",2015,5,5.26138613861386,101,5.49275362318841,4.7625,5.425,4.86363636363636,5.31,69,32,8,11,90,8690,5974,2716,633,1985,6705,5.32592286536249,5.63552388684299,4.64493740795287,4.71259083728278,5.00413098236776,5.42118862043251,164
"166",2015,6,5.29383838383838,99,5.67949152542373,4.725,4.75,5.01411764705882,5.35182926829268,59,40,12,17,82,8789,6033,2756,645,2002,6787,5.32556146319263,5.63595387037958,4.64609941944847,4.71328682170543,5.00421578421578,5.42035062619714,165
"167",2015,7,5.30714285714286,98,5.57945205479452,4.512,4.55555555555556,5.4,5.29166666666667,73,25,9,14,84,8887,6106,2781,654,2016,6871,5.32535835490042,5.63527836554209,4.64489392304926,4.71111620795107,5.00696428571429,5.41877742686654,166
"168",2015,8,5.35301724137931,116,5.7906976744186,4.09833333333333,5,4.1,5.47122641509434,86,30,2,10,106,9003,6192,2811,656,2026,6977,5.32571472842386,5.63743696705426,4.63906083244397,4.71199695121951,5.00248766041461,5.41957427261,167
"169",2015,9,5.3510752688172,93,5.7268115942029,4.27083333333333,5.33333333333333,4.875,5.39588235294118,69,24,3,8,85,9096,6261,2835,659,2034,7062,5.32597402154793,5.63842192940425,4.63594356261023,4.71482549317147,5.00198623402163,5.4192891107335,168
"170",2015,10,5.02155172413793,116,5.55479452054795,4.11627906976744,4.66666666666667,4.52777777777778,5.11224489795918,73,43,9,18,98,9212,6334,2878,668,2052,7160,5.32214065349544,5.63745811493527,4.62817929117442,4.71417664670659,4.99782651072125,5.41508655027933,169
"171",2015,11,5.10526315789474,133,5.41807228915663,4.586,5.03333333333333,5.01875,5.11709401709402,83,50,9,16,117,9345,6417,2928,677,2068,7277,5.31905400749064,5.63462049244195,4.62745901639344,4.71841949778435,4.99798839458414,5.41029541019651,170
"172",2015,12,5.06114864864865,148,5.39278350515464,4.43039215686275,4.38333333333333,4.9,5.07536764705882,97,51,12,12,136,9493,6514,2979,689,2080,7413,5.31503315074265,5.63101929689899,4.62408526351124,4.71258345428157,4.99742307692308,5.40415077566437,171
"173",2016,1,5.255,190,5.59477611940298,4.44196428571429,4.51388888888889,4.542,5.3630303030303,134,56,18,25,165,9683,6648,3035,707,2105,7578,5.31385517918001,5.6302887635379,4.62072487644151,4.70752475247525,4.99201425178147,5.40325543679071,172
"174",2016,2,5.29206349206349,126,5.57555555555556,4.58333333333333,4.38888888888889,4.66666666666667,5.35789473684211,90,36,9,12,114,9809,6738,3071,716,2117,7692,5.31357525741666,5.62955768774117,4.62028655161185,4.70351955307263,4.99017005196032,5.40258316432657,173
"175",2016,3,5.46008771929825,114,5.74679487179487,4.83888888888889,4.3125,6,5.3719387755102,78,36,8,16,98,9923,6816,3107,724,2133,7790,5.3152584601431,5.63089931044601,4.62281943997425,4.69919889502763,4.99774496015002,5.4021976508344,174
"176",2016,4,5.52241379310345,116,5.88,4.72777777777778,5.42222222222222,5.1,5.5622641509434,80,36,9,10,106,10039,6896,3143,733,2143,7896,5.31765212670585,5.63378910962877,4.62402163538021,4.70807639836289,4.99822211852543,5.40434646656535,175
"177",2016,5,5.37214285714286,140,5.70510204081633,4.59523809523809,3.9,5.03571428571429,5.40952380952381,98,42,10,14,126,10179,6994,3185,743,2157,8022,5.31840158168779,5.6347883471547,4.6236420722135,4.69720053835801,4.99846546128883,5.40442778608826,176
"178",2016,6,5.53719008264463,121,5.89186046511628,4.66571428571429,4.8,5.53,5.53783783783784,86,35,10,10,111,10300,7080,3220,753,2167,8133,5.32097181553398,5.63791097457627,4.62409937888198,4.6985657370518,5.00091832025842,5.40624857985983,177
"179",2016,7,5.42420634920635,126,5.73779069767442,4.75,4.25,5.16666666666667,5.45131578947368,86,40,16,12,114,10426,7166,3260,769,2179,8247,5.32221942259735,5.63910964275746,4.62564417177914,4.68923276983095,5.00183111519045,5.40687155329211,178
"180",2016,8,5.34263803680982,163,5.60564516129032,4.50641025641026,4.82142857142857,5.25,5.35559440559441,124,39,14,20,143,10589,7290,3299,783,2199,8390,5.32253373311927,5.63854042524005,4.62423461655047,4.69159642401022,5.00408822191905,5.40599758045292,179
"181",2016,9,5.365,120,5.61868131868132,4.56896551724138,5.27777777777778,4.07692307692308,5.5214953271028,91,29,9,13,107,10709,7381,3328,792,2212,8497,5.32300959006443,5.6382955832543,4.62375300480769,4.69825757575758,4.99863924050633,5.40745200659056,180
"182",2016,10,5.46404411764706,136,5.75363636363636,4.68918918918919,4.375,5.4375,5.46862068965517,99,37,8,20,116,10845,7480,3365,800,2232,8613,5.32477821115721,5.63982215240642,4.62447251114413,4.695025,5.00257168458781,5.4082758272379,181
"183",2016,11,5.54148936170213,141,5.83256880733945,4.55,4.55,5.625,5.52768595041322,109,32,8,20,121,10986,7589,3397,808,2252,8734,5.32755959402876,5.6425905521149,4.62377097438917,4.69358910891089,5.00809946714032,5.40993012365468,182
"184",2016,12,5.16040268456376,149,5.56,4.45740740740741,4.2,4.875,5.19473684210526,95,54,11,16,133,11135,7684,3451,819,2268,8867,5.32532282891783,5.64156945601249,4.62116777745581,4.68695970695971,5.00716049382716,5.40670234577647,183
"185",2017,1,5.53193548387097,217,5.84905660377358,4.66258620689655,4.74681818181818,5.275,5.56388601036269,159,58,22,24,193,11352,7843,3509,841,2292,9060,5.32927234848485,5.64577581282672,4.62185237959533,4.68852556480381,5.00996509598604,5.41005073951435,184
"186",2017,2,5.47845679012346,162,5.78429824561404,4.75208333333333,4.31538461538462,5.57142857142857,5.46460992907801,114,48,13,21,141,11514,7957,3557,854,2313,9201,5.33137134792427,5.64776042478321,4.62360978352544,4.68284543325527,5.01506268914829,5.41088682751875,185
"187",2017,3,5.50264900662252,151,5.56238532110092,5.34761904761905,4.33333333333333,5.07826086956522,5.57890625,109,42,6,23,128,11665,8066,3599,860,2336,9329,5.3335884869267,5.64660670716588,4.63205890525146,4.68040697674419,5.01568493150685,5.4131921642191,186
"188",2017,4,5.38951048951049,143,5.69038461538462,4.58717948717949,4.94444444444444,4.29285714285714,5.50852713178295,104,39,9,14,129,11808,8170,3638,869,2350,9458,5.33426572662602,5.64716397796818,4.6315777899945,4.6831415420023,5.01137872340425,5.41449246140833,187
"189",2017,5,5.72053435114504,131,5.92489583333333,5.16,5.28571428571429,5.735,5.71880341880342,96,35,7,14,117,11939,8266,3673,876,2364,9575,5.33850403718904,5.65038951125091,4.63661312278791,4.68795662100457,5.0156641285956,5.41821093472585,188
"190",2017,6,5.35192307692308,130,5.74722222222222,4.4625,4.7,6.11538461538461,5.26709401709402,90,40,10,13,117,12069,8356,3713,886,2377,9692,5.33864857900406,5.65143246768789,4.63473740910315,4.68809255079007,5.02167858645351,5.41638667973586,189
"191",2017,7,5.37824675324675,154,5.71741071428571,4.47380952380952,4.22222222222222,4.525,5.50559701492537,112,42,9,20,134,12223,8468,3755,895,2397,9826,5.339147484251,5.65230511336797,4.63293741677763,4.68340782122905,5.01753441802253,5.41760326684307,190
"192",2017,8,5.46168831168831,154,5.91909090909091,4.31818181818182,4.74444444444444,5.10526315789474,5.51185185185185,110,44,9,19,135,12377,8578,3799,904,2416,9961,5.34067219035307,5.65572624154815,4.62929191892603,4.68401548672566,5.01822433774834,5.41888060435699,191
"193",2017,9,5.30744186046512,129,5.62407407407407,4.773125,4.11111111111111,4.80357142857143,5.36878260869565,81,48,9,14,115,12506,8659,3847,913,2430,10076,5.34032941787942,5.65543015359741,4.63108656095659,4.67836801752465,5.01698765432099,5.41830882294561,192
"194",2017,10,5.65251461988304,171,5.96949152542373,4.94679245283019,4.53846153846154,5.54090909090909,5.6689932885906,118,53,13,22,149,12677,8777,3900,926,2452,10225,5.34454048276406,5.65965246667426,4.63537692307692,4.67640388768899,5.02168841761827,5.42196182885086,193
"195",2017,11,5.25,167,5.590625,4.55636363636364,4.34615384615385,4.953125,5.28145695364238,112,55,13,16,151,12844,8889,3955,939,2468,10376,5.34331125038929,5.65878273146586,4.63427812895069,4.67183173588925,5.02124392220421,5.41991708750964,194
"196",2017,12,5.5971676300578,173,5.80683760683761,5.15910714285714,4.83333333333333,4.64285714285714,5.68119496855346,117,56,12,14,159,13017,9006,4011,951,2482,10535,5.34668508104786,5.66070616255829,4.64160558464223,4.67386961093586,5.0191095890411,5.42386043663977,195
"197",2018,1,5.51331967213115,244,5.7536312849162,4.85153846153846,4.51666666666667,5.105,5.54977678571429,179,65,15,20,224,13261,9185,4076,966,2502,10759,5.34975112736596,5.66251711486119,4.64495338567223,4.67142857142857,5.01979616306955,5.42648198717353,196
"198",2018,2,5.26753731343284,134,5.74021739130435,4.23214285714286,3.5,4.90588235294118,5.32008547008547,92,42,6,17,117,13395,9277,4118,972,2519,10876,5.34892868234416,5.66328766842729,4.64074307916464,4.6641975308642,5.01902739182215,5.42533741265171,197
"199",2018,3,5.46,128,5.76294736842105,4.58787878787879,4.6,5.26111111111111,5.49254545454545,95,33,9,18,110,13523,9372,4151,981,2537,10986,5.3499800118317,5.66429787665386,4.64032281377981,4.66360856269113,5.02074497437919,5.42601034953577,198
"200",2018,4,5.35018213114754,183,5.72735366412214,4.4,4.23571428571429,3.98166666666667,5.44621830409357,131,52,14,12,171,13706,9503,4203,995,2549,11157,5.34998271049176,5.6651671082816,4.63734951225315,4.65758793969849,5.01585327579443,5.42632007080756,199
"201",2018,5,5.56253424657534,146,5.95757281553398,4.61627906976744,4.58333333333333,5.05882352941176,5.62891472868217,103,43,6,17,129,13852,9606,4246,1001,2566,11286,5.35222300245452,5.66830241828024,4.63713612812058,4.65714285714286,5.01613795791115,5.42863574605706,200
"202",2018,6,5.38030303030303,99,5.60448717948718,4.54761904761905,4.125,5.375,5.38132530120482,78,21,4,16,83,13951,9684,4267,1005,2582,11369,5.3524222657874,5.66778841697646,4.63669557065854,4.65502487562189,5.01836173508908,5.4282903535931,201
"203",2018,7,5.37900826446281,121,5.90305882352941,4.14166666666667,3.1,4.3,5.52018691588785,85,36,10,14,107,14072,9769,4303,1015,2596,11476,5.35265086910176,5.66983550312212,4.63255403207065,4.63970443349754,5.01448767334361,5.42914717933078,202
"204",2018,8,5.29524590163934,122,5.75027777777778,4.64,5.1,5.11529411764706,5.32438095238095,72,50,10,17,105,14194,9841,4353,1025,2613,11581,5.35215746301254,5.6704240453206,4.63263955892488,4.64419512195122,5.01514351320322,5.42819730852258,203
"205",2018,9,5.58118518518519,135,5.89858585858586,4.70833333333333,4.27272727272727,4.47368421052632,5.76258620689655,99,36,11,19,116,14329,9940,4389,1036,2632,11697,5.3543152369321,5.67269648189135,4.63326042378674,4.64025096525097,5.01123480243161,5.43151346755578,204
"206",2018,10,5.47875,160,5.6869918699187,4.78648648648649,5.33333333333333,5.32222222222222,5.49859154929577,123,37,6,18,142,14489,10063,4426,1042,2650,11839,5.35568935261233,5.6728712143496,4.63454134658834,4.64424184261037,5.01334716981132,5.43231801925838,205
"207",2018,11,5.38014184397163,141,5.73434343434343,4.5452380952381,4.3625,4.86,5.44206349206349,99,42,8,15,126,14630,10162,4468,1050,2665,11965,5.35592501913876,5.67347008758118,4.63370188003581,4.64209523809524,5.01248405253283,5.43242064605098,206
"208",2018,12,5.41956756756757,185,5.73348837209302,4.69642857142857,4.86666666666667,5.02941176470588,5.45904761904762,129,56,12,17,168,14815,10291,4524,1062,2682,12133,5.35671974552818,5.67422243027888,4.6344783377542,4.64463276836158,5.012591349739,5.43278933734443,207
"209",2019,1,5.64435399224806,258,6.00410679558011,4.7987012987013,4.78125,5.86086956521739,5.62316310638298,181,77,16,23,235,15073,10472,4601,1078,2705,12368,5.36164309427453,5.6799242131398,4.63722668985003,4.64666048237477,5.01980406654344,5.43640656209573,208
"210",2019,2,5.46260869565217,161,5.84216216216216,4.62,4.41666666666667,4.9375,5.52055172413793,111,50,12,16,145,15234,10583,4651,1090,2721,12513,5.36271014572667,5.68162584900312,4.63704149645237,4.64412844036697,5.01932010290334,5.43738163190282,209
"211",2019,3,5.42407185628743,167,5.82747826086957,4.53192307692308,4.61428571428571,5.39130434782609,5.42930555555556,115,52,14,23,144,15401,10698,4703,1104,2744,12657,5.36337551847283,5.68319371471303,4.63587922602594,4.64375,5.02243804664723,5.43728974954571,210
"212",2019,4,5.31598639455782,147,5.67427184466019,4.47727272727273,4.5,4.425,5.45629921259843,103,44,6,20,127,15548,10801,4747,1110,2764,12784,5.36292747363005,5.6831086343857,4.63440910048451,4.64297297297297,5.01811505065123,5.4374785951189,211
"213",2019,5,5.61723076923077,130,5.84606741573034,5.12048780487805,4.375,5.01875,5.70122807017544,89,41,8,16,114,15678,10890,4788,1118,2780,12898,5.36503612450568,5.68444043709826,4.63857142857143,4.64105545617174,5.01811870503597,5.43980976585517,212
"214",2019,6,5.55909090909091,132,5.80337078651685,5.05348837209302,5.3,5.05714285714286,5.5872,89,43,10,7,125,15810,10979,4831,1128,2787,13023,5.36665631625554,5.68540453228892,4.64226454150279,4.64689716312057,5.01821672048798,5.44122447669508,213
"215",2019,7,5.4692513368984,187,5.73571428571429,4.81296296296296,5.00714285714286,4.8875,5.53892215568862,133,54,14,20,167,15997,11112,4885,1142,2807,13190,5.36785562042883,5.68600669186465,4.64415148413511,4.65131348511384,5.01728535803349,5.44246143745261,214
"216",2019,8,5.32978260869565,184,5.65833333333333,4.61603448275862,4.40909090909091,5.77826086956522,5.26571428571429,126,58,11,23,161,16181,11238,4943,1153,2830,13351,5.36742267845004,5.68569641929169,4.6438215658507,4.64900260190807,5.02346996466431,5.4403300396974,215
"217",2019,9,5.44914,177,5.8944815,4.51157894736842,4.54777777777778,5.45454545454545,5.44837277419355,120,57,18,22,155,16358,11358,5000,1171,2852,13506,5.36830689204059,5.68790228385279,4.642314,4.64744662681469,5.02679523141655,5.4404223411817,216
"218",2019,10,5.52649438202247,178,5.82262773722628,4.5369756097561,4.94285714285714,6.02941176470588,5.47339130434783,137,41,7,17,161,16536,11495,5041,1178,2869,13667,5.37000968432511,5.68950797216181,4.64145725054552,4.64920203735144,5.03273614499826,5.44081072217751,217
"219",2019,11,5.62103651685393,178,5.93037083333333,4.98103448275862,5.1,5.57142857142857,5.62767197452229,120,58,10,21,157,16714,11615,5099,1188,2890,13824,5.37268305851382,5.69199643908739,4.64531986664052,4.65299663299663,5.03665051903114,5.44293291666667,218
"220",2019,12,5.5706139380531,226,5.91733796296296,4.69296875,4.10882352941176,5.528125,5.57762242268041,162,64,17,32,194,16940,11777,5163,1205,2922,14018,5.3753236948052,5.69509615267046,4.64591051714119,4.64531950207469,5.04203285420945,5.44479693180197,219
"221",2020,1,5.50817611464968,314,5.86116650943396,4.77450980392157,4.19047619047619,5.23333333333333,5.55415353159851,212,102,21,45,269,17254,11989,5265,1226,2967,14287,5.37774143329083,5.69803275419134,4.64840189933523,4.63752854812398,5.04493427704752,5.44685593126618,220
"222",2020,2,5.46466894977169,219,5.86949013157895,4.54626865671642,4.1875,5.88083333333333,5.41344871794872,152,67,16,24,195,17473,12141,5332,1242,2991,14482,5.3788309500372,5.70017932542624,4.64711852963241,4.63173107890499,5.05164159144099,5.44640610343875,221
"223",2020,3,5.58585,200,5.87892086330935,4.91803278688525,4.5,5.16666666666667,5.63502793296089,139,61,11,21,179,17673,12280,5393,1253,3012,14661,5.3811737220619,5.70220253990228,4.65018282959392,4.63057462090982,5.05244355909694,5.44870903690062,222
"224",2020,4,5.59694063926941,219,5.78032051282051,5.14285714285714,4.6875,5.19047619047619,5.6400505050505,156,63,16,21,198,17892,12436,5456,1269,3033,14859,5.38381473228259,5.70318246944355,4.65587170087976,4.63129235618597,5.05339927464557,5.45125871121879,223
"225",2020,5,5.61372552036199,221,5.89468255952381,4.72314471698113,4.75,5.23594217391304,5.65760944444444,168,53,12,23,198,18113,12604,5509,1281,3056,15057,5.38661991553028,5.70573499365281,4.6565189090579,4.6324043715847,5.054773125,5.45397222952779,224
"226",2020,6,5.40911111111111,180,5.90573770491803,4.36448275862069,4.72727272727273,6.05882352941176,5.34134969325153,122,58,11,17,163,18293,12726,5567,1292,3073,15220,5.38684122505877,5.70765235423542,4.65347631938207,4.6332120743034,5.06032758542141,5.45276608804205,225
"227",2020,7,5.74578683257919,221,6.07918611464968,4.92791671875,4.625,5.9725,5.72322830845771,157,64,8,20,201,18514,12883,5631,1300,3093,15421,5.39112592740629,5.71218008848871,4.65659551411827,4.63316153846154,5.06622588748788,5.45629133973153,226
"228",2020,8,5.69507488372093,215,5.97590448717949,4.95254237288136,4.88461538461539,5.40588235294118,5.74939834254144,156,59,13,34,181,18729,13039,5690,1313,3127,15602,5.394615116664,5.71533531559169,4.65966420738137,4.63565118050267,5.0699189862488,5.45969169657736,227
"229",2020,9,5.96921296296296,216,6.12655172413793,5.64788732394366,5.31818181818182,6.78378378378378,5.80083798882682,145,71,11,37,179,18945,13184,5761,1324,3164,15781,5.4011663510161,5.71985794751214,4.67184331539663,4.64132175226586,5.08996102085967,5.46356123502946,228
"230",2020,10,5.29336244541485,229,5.57307189542484,4.73026315789474,4.89473684210526,5.625,5.24716417910448,153,76,19,28,201,19174,13337,5837,1343,3192,15982,5.39987882132054,5.71817404063882,4.67260396436525,4.64490692479523,5.0946543452381,5.46083968527093,229
"231",2020,11,5.38089686098655,223,5.68981595092025,4.54166666666667,4,5.32142857142857,5.38488038277512,163,60,8,14,209,19397,13500,5897,1351,3206,16191,5.39966059287519,5.71783164296296,4.67127172121417,4.64108808290155,5.09564462570181,5.45985917176209,230
"232",2020,12,5.3664167,300,5.82318412935323,4.4390404040404,4.56153846153846,5.1225,5.39759402255639,201,99,13,34,266,19697,13701,5996,1364,3240,16457,5.39915426359344,5.71937721261222,4.66743734823215,4.64032991202346,5.09592644135802,5.45885275931214,231
"233",2021,1,5.53164084302326,344,5.81828493775934,4.86094932038835,4.95833333333333,5.37179487179487,5.55208016393443,241,103,24,39,305,20041,13942,6099,1388,3279,16762,5.40142837083978,5.72108692153206,4.67070538121003,4.64582853025936,5.09920758462946,5.46054911764706,232
"234",2021,2,5.515,230,5.73301282051282,5.05540540540541,4.29166666666667,6.63461538461539,5.37230392156863,156,74,12,26,204,20271,14098,6173,1400,3305,16966,5.40271698386858,5.72121888636686,4.67531704519682,4.64279285714286,5.11128643570348,5.45948805316515,233
"235",2021,3,5.55900440528634,227,5.86604678362573,4.62142857142857,5,5.74321739130435,5.53823529411765,171,56,8,23,204,20498,14269,6229,1408,3328,17170,5.40444775002439,5.72295450697316,4.67483257665757,4.64482244318182,5.11565374699519,5.46042366394875,234
"236",2021,4,5.59905349794239,243,5.83191358024691,5.13333333333333,5.84615384615385,5.55263157894737,5.60299107142857,162,81,13,19,224,20741,14431,6310,1421,3347,17394,5.40672773636758,5.72417766336359,4.68071824405705,4.65581280788177,5.11813435016433,5.46225964757962,235
"237",2021,5,5.43725490196078,204,5.81133333333333,4.39814814814815,3.9375,5.69444444444444,5.41236559139785,150,54,8,18,186,20945,14581,6364,1429,3365,17580,5.40702506469325,5.72507426513957,4.67832057196731,4.65179146256123,5.12121713818722,5.46173175824801,236
"238",2021,6,5.57942408376963,191,5.92784615384615,4.83688524590164,5.66071428571429,5.5,5.5887134502924,130,61,14,20,171,21136,14711,6425,1443,3385,17751,5.40858298542771,5.72686614506152,4.67982601089494,4.66158004158004,5.12345514623338,5.46295500591516,237
"239",2021,7,5.50702564102564,195,5.75384615384615,5.01338461538462,4.87466666666667,5.16666666666667,5.5416384180791,130,65,15,18,177,21331,14841,6490,1458,3403,17928,5.40948291125592,5.72710247692204,4.68316673651772,4.66377229080933,5.12368371143109,5.46373183344489,238
"240",2021,8,5.75202909871245,233,5.86164191082803,5.52559210526316,5.21875,4.87368421052632,5.83001299065421,157,76,16,19,214,21564,14998,6566,1474,3422,18142,5.41318413837878,5.72851084411255,4.69291762412427,4.66979647218453,5.12229563705435,5.46805242476022,239
"241",2021,9,5.33096446700508,197,5.69407407407407,4.54032258064516,3.5,5.27272727272727,5.33828571428571,135,62,11,22,175,21761,15133,6628,1485,3444,18317,5.41243981250862,5.72820363708452,4.6914902112251,4.66113131313131,5.12325658246225,5.46681263798657,240
"242",2021,10,5.43878048780488,205,5.72260273972603,4.7364406779661,4.675,5.39473684210526,5.44327956989247,146,59,16,19,186,21966,15279,6687,1501,3463,18503,5.41268563962488,5.72815011715426,4.69188681321967,4.66127914723517,5.12474607854461,5.46657607360968,241
"243",2021,11,5.45982062780269,223,5.72269230769231,4.84776119402985,4.35833333333333,5.33333333333333,5.47948186528497,156,67,12,30,193,22189,15435,6754,1513,3493,18696,5.4131593474244,5.72809495562034,4.69343309446254,4.65887640449438,5.12653755224735,5.46670930091998,242
"244",2021,12,5.27007989726027,292,5.45992353211009,4.71081081081081,4.73333333333333,4.91774193548387,5.31192846743295,218,74,15,31,261,22481,15653,6828,1528,3524,18957,5.41130092478093,5.72436012074363,4.69362142940831,4.65960732984293,5.12470081441544,5.46457827820857,243
"245",2022,1,5.47663370786517,445,5.76395611285266,4.74920634920635,4.72727272727273,5.80681818181818,5.44040399002494,319,126,22,44,401,22926,15972,6954,1550,3568,19358,5.41256905216785,5.72515094978713,4.69462857635893,4.66056774193548,5.13311257567265,5.46407750904019,244
"246",2022,2,5.83823308270677,266,5.98719101123596,5.53693181818182,5.19,6.15,5.79099567099567,178,88,15,35,231,23192,16150,7042,1565,3603,19589,5.41745119394619,5.72803906934985,4.70515437659755,4.66564217252396,5.14299074937552,5.46793263668385,245
"247",2022,3,5.52963110671937,253,5.80553608187135,4.95426829268293,5,5.55125,5.52650076923077,171,82,7,32,221,23445,16321,7124,1572,3635,19810,5.41866175133291,5.72885102873598,4.70802177428411,4.667131043257,5.14658477854195,5.46858602170621,246
"248",2022,4,5.8215668202765,217,6.16408284023669,4.615625,3.57142857142857,6.63636363636364,5.72964102564103,169,48,7,22,195,23662,16490,7172,1579,3657,20005,5.42235672217057,5.73331156094603,4.70740339096486,4.6622735908803,5.15554707957342,5.47113067183204,247
"249",2022,5,5.37573333333333,225,5.67673202614379,4.73611111111111,4.5,4.76521739130435,5.44524752475248,153,72,14,23,202,23887,16643,7244,1593,3680,20207,5.42191756017918,5.73279142221955,4.70768872446162,4.66084745762712,5.15310751902174,5.47087193002425,248
"250",2022,6,5.44178403755869,213,5.81369127516778,4.5759375,4.54545454545455,5.77727272727273,5.40314136125654,149,64,11,22,191,24100,16792,7308,1604,3702,20398,5.42209314356847,5.73350926869938,4.70653490968801,4.66005610972568,5.15681676661264,5.47023772379645,249
"251",2022,7,5.41727678571429,224,5.65243421052632,4.92083333333333,5.06666666666667,4.275,5.52926470588235,152,72,12,20,204,24324,16944,7380,1616,3722,20602,5.42204878967275,5.73278196647781,4.70862562601626,4.6630754950495,5.15207836378291,5.47082220609649,250
"252",2022,8,5.55660777385159,283,5.77994475138122,5.16029411764706,5.375,4.8735,5.60855513307985,181,102,12,20,263,24607,17125,7482,1628,3742,20865,5.42359632462308,5.73328044613139,4.71478309542903,4.66832309582309,5.15058943613041,5.47255830769231,251
"253",2022,9,5.44089552238806,201,5.80621212121212,4.74202898550725,5.01,5.056,5.48342541436464,132,69,10,20,181,24808,17257,7551,1638,3762,21046,5.42373648661722,5.73383830561511,4.7150320646272,4.67040903540903,5.15008656831472,5.47265176708163,252
"254",2022,10,5,2,5,NA,NA,5,NA,2,0,0,2,0,24810,17259,7551,1638,3764,21046,5.42370232809351,5.73375326728084,4.7150320646272,4.67040903540903,5.15000681987247,5.47265176708163,253
"255",2022,11,5.93367346938776,49,6.45,5.11842105263158,5,6.4,5.88068181818182,30,19,3,5,44,24859,17289,7570,1641,3769,21090,5.42470754093085,5.73499610388108,4.7160445336856,4.67101157830591,5.15166507561687,5.47350303888099,254
"256",2022,12,5.48463441935484,310,5.95386473429952,4.54161815533981,5.02,5.26785714285714,5.50615840425532,207,103,10,28,282,25169,17496,7673,1651,3797,21372,5.42544564464222,5.73758559899406,4.71370308744949,4.67312537855845,5.15252190413484,5.47393392101815,255
