"","year","month","avg_rating","no_ratings","avg_rating_owned","avg_rating_not_owned","avg_rating_prev_owned","avg_rating_comment","avg_rating_no_comment","no_ratings_owned","no_ratings_not_owned","no_ratings_prev_owned","no_ratings_comment","no_ratings_no_comment","cum_no_ratings","cum_no_ratings_owned","cum_no_ratings_not_owned","cum_no_ratings_prev_owned","cum_no_ratings_comment","cum_no_ratings_no_comment","cum_avg_rating","cum_avg_rating_owned","cum_avg_rating_not_owned","cum_avg_rating_prev_owned","cum_avg_rating_comment","cum_avg_rating_no_comment","month_after_release"
"1",2006,4,4,1,NA,4,NA,NA,4,0,1,0,0,1,1,0,1,0,0,1,4,NA,4,NA,NA,4,-23
"2",2006,8,9,1,9,NA,NA,NA,9,1,0,0,0,1,2,1,1,0,0,2,6.5,9,4,NA,NA,6.5,-19
"3",2006,11,8,1,8,NA,NA,8,NA,1,0,0,1,0,3,2,1,0,1,2,7,8.5,4,NA,8,6.5,-16
"4",2007,8,8,1,8,NA,NA,NA,8,1,0,0,0,1,4,3,1,0,1,3,7.25,8.33333333333333,4,NA,8,7,-7
"5",2007,11,7,1,7,NA,NA,7,NA,1,0,0,1,0,5,4,1,0,2,3,7.2,8,4,NA,7.5,7,-4
"6",2008,1,6.16666666666667,3,9.5,4.5,NA,6,6.25,1,2,0,1,2,8,5,3,0,3,5,6.8125,8.3,4.33333333333333,NA,7,6.7,-2
"7",2008,2,7.25,2,7.25,NA,NA,7.25,NA,2,0,0,2,0,10,7,3,0,5,5,6.9,8,4.33333333333333,NA,7.1,6.7,-1
"8",2008,3,6.9,5,7.5,6,NA,7.125,6,3,2,0,4,1,15,10,5,0,9,6,6.9,7.85,5,NA,7.11111111111111,6.58333333333333,0
"9",2008,4,7.31666666666667,6,7.18,8,NA,7.475,7,5,1,0,4,2,21,15,6,0,13,8,7.01904761904762,7.62666666666667,5.5,NA,7.22307692307692,6.6875,1
"10",2008,5,6.16666666666667,3,6.75,5,NA,7,5.75,2,1,0,1,2,24,17,7,0,14,10,6.9125,7.52352941176471,5.42857142857143,NA,7.20714285714286,6.5,2
"11",2008,6,6,3,7,5.5,NA,NA,6,1,2,0,0,3,27,18,9,0,14,13,6.81111111111111,7.49444444444444,5.44444444444444,NA,7.20714285714286,6.38461538461539,3
"12",2008,7,6.83333333333333,3,6.83333333333333,NA,NA,7.25,6,3,0,0,2,1,30,21,9,0,16,14,6.81333333333333,7.4,5.44444444444444,NA,7.2125,6.35714285714286,4
"13",2008,8,7,1,7,NA,NA,NA,7,1,0,0,0,1,31,22,9,0,16,15,6.81935483870968,7.38181818181818,5.44444444444444,NA,7.2125,6.4,5
"14",2008,9,6.83333333333333,3,7.25,6,NA,7.25,6,2,1,0,2,1,34,24,10,0,18,16,6.82058823529412,7.37083333333333,5.5,NA,7.21666666666667,6.375,6
"15",2008,10,7.3125,4,6.5,8.125,NA,7,7.41666666666667,2,2,0,1,3,38,26,12,0,19,19,6.87236842105263,7.30384615384615,5.9375,NA,7.20526315789474,6.53947368421053,7
"16",2008,11,7.75,4,7.25,8.25,NA,NA,7.75,2,2,0,0,4,42,28,14,0,19,23,6.95595238095238,7.3,6.26785714285714,NA,7.20526315789474,6.75,8
"17",2008,12,7.33333333333333,3,7.5,7,7,7.5,7,2,1,1,2,1,45,30,15,1,21,24,6.98111111111111,7.31333333333333,6.31666666666667,7,7.23333333333333,6.76041666666667,9
"18",2009,1,7.5,4,7.5,7.5,8,7.5,7.5,1,3,1,2,2,49,31,18,2,23,26,7.0234693877551,7.31935483870968,6.51388888888889,7.5,7.25652173913044,6.81730769230769,10
"19",2009,2,6.7,5,NA,6.7,5.5,5.5,7,0,5,1,1,4,54,31,23,3,24,30,6.99351851851852,7.31935483870968,6.55434782608696,6.83333333333333,7.18333333333333,6.84166666666667,11
"20",2009,3,6.75,4,7,6.66666666666667,NA,7,6.66666666666667,1,3,0,1,3,58,32,26,3,25,33,6.97672413793103,7.309375,6.56730769230769,6.83333333333333,7.176,6.82575757575758,12
"21",2009,4,6.5,4,6.5,6.5,NA,7,6.33333333333333,2,2,0,1,3,62,34,28,3,26,36,6.94596774193548,7.26176470588235,6.5625,6.83333333333333,7.16923076923077,6.78472222222222,13
"22",2009,5,6,2,6,6,NA,6,6,1,1,0,1,1,64,35,29,3,27,37,6.91640625,7.22571428571429,6.54310344827586,6.83333333333333,7.12592592592593,6.76351351351351,14
"23",2009,6,8.5,2,NA,8.5,NA,NA,8.5,0,2,0,0,2,66,35,31,3,27,39,6.96439393939394,7.22571428571429,6.66935483870968,6.83333333333333,7.12592592592593,6.8525641025641,15
"24",2009,7,6.5,1,NA,6.5,NA,NA,6.5,0,1,0,0,1,67,35,32,3,27,40,6.95746268656716,7.22571428571429,6.6640625,6.83333333333333,7.12592592592593,6.84375,16
"25",2009,8,5.5,2,NA,5.5,NA,NA,5.5,0,2,0,0,2,69,35,34,3,27,42,6.91521739130435,7.22571428571429,6.59558823529412,6.83333333333333,7.12592592592593,6.77976190476191,17
"26",2009,9,8.33333333333333,3,9,8,NA,NA,8.33333333333333,1,2,0,0,3,72,36,36,3,27,45,6.97430555555556,7.275,6.67361111111111,6.83333333333333,7.12592592592593,6.88333333333333,18
"27",2009,10,6.5,3,6.5,6.5,NA,6.5,NA,2,1,0,3,0,75,38,37,3,30,45,6.95533333333333,7.23421052631579,6.66891891891892,6.83333333333333,7.06333333333333,6.88333333333333,19
"28",2009,11,7.1,10,7.4,6.8,NA,8,6.875,5,5,0,2,8,85,43,42,3,32,53,6.97235294117647,7.25348837209302,6.68452380952381,6.83333333333333,7.121875,6.88207547169811,20
"29",2009,12,7,9,7.16666666666667,6.66666666666667,7,7,7,6,3,1,1,8,94,49,45,4,33,61,6.975,7.24285714285714,6.68333333333333,6.875,7.11818181818182,6.89754098360656,21
"30",2010,1,7.865,10,8.20625,6.5,NA,NA,7.865,8,2,0,0,10,104,57,47,4,33,71,7.06057692307692,7.3780701754386,6.67553191489362,6.875,7.11818181818182,7.03380281690141,22
"31",2010,2,6.3,5,7,6.125,NA,4,6.875,1,4,0,1,4,109,58,51,4,34,75,7.02568807339449,7.37155172413793,6.63235294117647,6.875,7.02647058823529,7.02533333333333,23
"32",2010,3,7.25,6,8,6.5,7,8,7.1,3,3,1,1,5,115,61,54,5,35,80,7.03739130434783,7.40245901639344,6.625,6.9,7.05428571428571,7.03,24
"33",2010,4,7.35714285714286,7,7.66666666666667,7.125,7.75,7.33333333333333,7.375,3,4,2,3,4,122,64,58,7,38,84,7.05573770491803,7.41484375,6.65948275862069,7.14285714285714,7.07631578947368,7.04642857142857,25
"34",2010,5,6.66666666666667,3,7,6,NA,6,7,2,1,0,1,2,125,66,59,7,39,86,7.0464,7.40227272727273,6.64830508474576,7.14285714285714,7.04871794871795,7.0453488372093,26
"35",2010,6,7.10277777777778,18,7.62272727272727,6.28571428571429,NA,7.83571428571429,6.63636363636364,11,7,0,7,11,143,77,66,7,46,97,7.0534965034965,7.43376623376623,6.60984848484848,7.14285714285714,7.16847826086957,6.99896907216495,27
"36",2010,7,6.95454545454545,11,7.2,6.75,NA,7,6.95,5,6,0,1,10,154,82,72,7,47,107,7.04642857142857,7.41951219512195,6.62152777777778,7.14285714285714,7.16489361702128,6.99439252336449,28
"37",2010,8,7.23846153846154,13,7.52222222222222,6.6,7,7.1,7.325,9,4,2,5,8,167,91,76,9,52,115,7.06137724550898,7.42967032967033,6.6203947368421,7.11111111111111,7.15865384615385,7.01739130434783,29
"38",2010,9,7.22,25,7.625,6.5,5,7.66666666666667,7.15909090909091,16,9,1,3,22,192,107,85,10,55,137,7.08203125,7.4588785046729,6.60764705882353,6.9,7.18636363636364,7.04014598540146,30
"39",2010,10,6.74130434782609,23,7.66666666666667,6.14642857142857,8.25,7.55,6.51666666666667,9,14,2,5,18,215,116,99,12,60,155,7.04558139534884,7.475,6.54242424242424,7.125,7.21666666666667,6.97935483870968,31
"40",2010,11,7.04375,32,7.44285714285714,6.73333333333333,7.73333333333333,7.55,6.875,14,18,3,8,24,247,130,117,15,68,179,7.04534412955466,7.47153846153846,6.57179487179487,7.24666666666667,7.25588235294118,6.96536312849162,32
"41",2010,12,6.65,28,7.18823529411765,5.81818181818182,5.5,6.3,6.84444444444444,17,11,1,10,18,275,147,128,16,78,197,7.00509090909091,7.43877551020408,6.50703125,7.1375,7.13333333333333,6.95431472081218,33
"42",2011,1,7,28,7.3,6.65384615384615,7.5,7,7,15,13,2,5,23,303,162,141,18,83,220,7.0046204620462,7.42592592592593,6.52056737588652,7.17777777777778,7.12530120481928,6.95909090909091,34
"43",2011,2,7.33,10,8.47142857142857,4.66666666666667,NA,6,7.47777777777778,7,3,0,1,9,313,169,144,18,84,229,7.0150159744409,7.46923076923077,6.48194444444444,7.17777777777778,7.11190476190476,6.97947598253275,35
"44",2011,3,7,17,7,7,7,7.5,6.96875,10,7,1,1,16,330,179,151,19,85,245,7.01424242424243,7.44301675977654,6.50596026490066,7.16842105263158,7.11647058823529,6.97877551020408,36
"45",2011,4,7.03888888888889,18,7.14615384615385,6.76,7,7.55714285714286,6.70909090909091,13,5,1,7,11,348,192,156,20,92,256,7.01551724137931,7.42291666666667,6.51410256410256,7.16,7.15,6.9671875,37
"46",2011,5,6.49230769230769,13,7.06666666666667,6,5.5,5.5,6.67272727272727,6,7,2,2,11,361,198,163,22,94,267,6.99667590027701,7.41212121212121,6.4920245398773,7.00909090909091,7.11489361702128,6.95505617977528,38
"47",2011,6,6.6625,12,7.5,5.825,NA,6.75,6.63333333333333,6,6,0,3,9,373,204,169,22,97,276,6.98592493297587,7.41470588235294,6.46834319526627,7.00909090909091,7.10360824742268,6.9445652173913,39
"48",2011,7,6.9625,16,7.16666666666667,6.84,6,7.12857142857143,6.83333333333333,6,10,1,7,9,389,210,179,23,104,285,6.98496143958869,7.40761904761905,6.4891061452514,6.96521739130435,7.10528846153846,6.94105263157895,40
"49",2011,8,6.75,10,6.75,6.75,7,7,6.72222222222222,6,4,1,1,9,399,216,183,24,105,294,6.97907268170426,7.38935185185185,6.4948087431694,6.96666666666667,7.10428571428571,6.9343537414966,41
"50",2011,9,6.92222222222222,9,7.1,6.83333333333333,7,7,6.9,3,6,1,2,7,408,219,189,25,107,301,6.97781862745098,7.38538812785388,6.50555555555556,6.968,7.10233644859813,6.93355481727575,42
"51",2011,10,7.3,10,7.625,6,7,7.5,7,8,2,1,6,4,418,227,191,26,113,305,6.98552631578947,7.39383259911894,6.50026178010471,6.96923076923077,7.12345132743363,6.9344262295082,43
"52",2011,11,7.11111111111111,27,7.10526315789474,7.125,6,5.6,7.45454545454545,19,8,1,5,22,445,246,199,27,118,327,6.99314606741573,7.37154471544715,6.52537688442211,6.93333333333333,7.05889830508475,6.96941896024465,44
"53",2011,12,7.27333333333333,15,7.78571428571429,6.825,7.33333333333333,8,7.16153846153846,7,8,3,2,13,460,253,207,30,120,340,7.00228260869565,7.38300395256917,6.53695652173913,6.97333333333333,7.07458333333333,6.97676470588235,45
"54",2012,1,7.34230769230769,26,7.3875,7.27,NA,6.875,7.42727272727273,16,10,0,4,22,486,269,217,30,124,362,7.02047325102881,7.38327137546468,6.57073732718894,6.97333333333333,7.06814516129032,7.00414364640884,46
"55",2012,2,7.32142857142857,14,7.7,6.375,6.5,6,7.42307692307692,10,4,1,1,13,500,279,221,31,125,375,7.0289,7.39462365591398,6.56719457013575,6.95806451612903,7.0596,7.01866666666667,47
"56",2012,3,6.720625,16,7.36636363636364,5.3,7,5.625,7.08583333333333,11,5,1,4,12,516,290,226,32,129,387,7.01934108527132,7.39355172413793,6.5391592920354,6.959375,7.01511627906977,7.02074935400517,48
"57",2012,4,7.07142857142857,7,7.5,6,NA,NA,7.07142857142857,5,2,0,0,7,523,295,228,32,129,394,7.02003824091778,7.39535593220339,6.5344298245614,6.959375,7.01511627906977,7.02164974619289,49
"58",2012,5,6.6,10,6.83333333333333,6.25,NA,7,6.55555555555556,6,4,0,1,9,533,301,232,32,130,403,7.01215759849906,7.38415282392027,6.52952586206897,6.959375,7.015,7.01124069478908,50
"59",2012,6,6.95,4,7.9,6,NA,NA,6.95,2,2,0,0,4,537,303,234,32,130,407,7.01169459962756,7.38755775577558,6.525,6.959375,7.015,7.01063882063882,51
"60",2012,7,6.65166666666667,12,7.5,5.80333333333333,2,2,7.07454545454545,6,6,1,1,11,549,309,240,33,131,418,7.00382513661202,7.38974110032363,6.50695833333333,6.80909090909091,6.97671755725191,7.01232057416268,52
"61",2012,8,6.65909090909091,11,6.725,6.62142857142857,6.5,6,6.725,4,7,2,1,10,560,313,247,35,132,428,6.99705357142857,7.38124600638978,6.5102024291498,6.79142857142857,6.96931818181818,7.00560747663552,53
"62",2012,9,7.2,5,7.2,NA,NA,NA,7.2,5,0,0,0,5,565,318,247,35,132,433,6.99884955752213,7.3783962264151,6.5102024291498,6.79142857142857,6.96931818181818,7.00785219399538,54
"63",2012,10,5.94444444444444,9,7.5,5.16666666666667,NA,6,5.9375,3,6,0,1,8,574,321,253,35,133,441,6.98231707317073,7.37953271028038,6.47833992094862,6.79142857142857,6.96203007518797,6.98843537414966,55
"64",2012,11,6.60869565217391,23,7.625,6.06666666666667,7.33333333333333,7,6.52631578947368,8,15,3,4,19,597,329,268,38,137,460,6.9679229480737,7.38550151975684,6.45529850746269,6.83421052631579,6.96313868613139,6.96934782608696,56
"65",2012,12,6.88157894736842,19,7.26785714285714,5.8,5.25,5.875,7.15,14,5,2,4,15,616,343,273,40,141,475,6.96525974025974,7.38069970845481,6.4432967032967,6.755,6.9322695035461,6.97505263157895,57
"66",2013,1,7.54285714285714,14,8.3125,6.51666666666667,6.6,7.4,7.6,8,6,1,4,10,630,351,279,41,145,485,6.97809523809524,7.40193732193732,6.44487455197133,6.75121951219512,6.9451724137931,6.9879381443299,58
"67",2013,2,7.08333333333333,12,7.71428571428571,6.2,8,7.5,7,7,5,1,2,10,642,358,284,42,147,495,6.98006230529595,7.40804469273743,6.44056338028169,6.78095238095238,6.95272108843537,6.98818181818182,59
"68",2013,3,6.70833333333333,12,7.25,6.6,6,5.83333333333333,7,2,10,2,3,9,654,360,294,44,150,504,6.97507645259939,7.40716666666667,6.44598639455782,6.74545454545455,6.93033333333333,6.98839285714286,60
"69",2013,4,6.75,12,6.875,6.5,6,6.66666666666667,6.77777777777778,8,4,1,3,9,666,368,298,45,153,513,6.97102102102102,7.39559782608696,6.44671140939597,6.72888888888889,6.92516339869281,6.98469785575049,61
"70",2013,5,7.65,10,7.9375,6.5,6,NA,7.65,8,2,1,0,10,676,376,300,46,153,523,6.9810650887574,7.40712765957447,6.44706666666667,6.71304347826087,6.92516339869281,6.99741873804971,62
"71",2013,6,7.625,8,8,7.25,NA,NA,7.625,4,4,0,0,8,684,380,304,46,153,531,6.98859649122807,7.41336842105263,6.45763157894737,6.71304347826087,6.92516339869281,7.00687382297552,63
"72",2013,7,6.42555555555556,9,6.766,6,NA,5,6.60375,5,4,0,1,8,693,385,308,46,154,539,6.98128427128427,7.40496103896104,6.45168831168831,6.71304347826087,6.91266233766234,7.0008905380334,64
"73",2013,8,7.15,8,8,6.64,6.75,7,7.17142857142857,3,5,2,1,7,701,388,313,48,155,546,6.98320970042796,7.40956185567011,6.454696485623,6.71458333333333,6.91322580645161,7.00307692307692,65
"74",2013,9,6.8,10,7,6.6,NA,7,6.77777777777778,5,5,0,1,9,711,393,318,48,156,555,6.98063291139241,7.40435114503817,6.45698113207547,6.71458333333333,6.91378205128205,6.99942342342342,66
"75",2013,10,6.7554,10,6.6508,6.86,NA,NA,6.7554,5,5,0,0,10,721,398,323,48,156,565,6.97750901525659,7.39488442211055,6.46321981424149,6.71458333333333,6.91378205128205,6.99510442477876,67
"76",2013,11,6.86923076923077,13,7.42857142857143,6.21666666666667,4.75,6.33333333333333,7.03,7,6,2,3,10,734,405,329,50,159,575,6.97559128065395,7.39546666666667,6.45872340425532,6.636,6.90283018867925,6.99571130434783,68
"77",2013,12,7.5,4,8,6,NA,NA,7.5,3,1,0,0,4,738,408,330,50,159,579,6.97843360433604,7.39991176470588,6.45733333333334,6.636,6.90283018867925,6.99919516407599,69
"78",2014,1,7.08333333333333,12,7.57142857142857,6.4,NA,NA,7.08333333333333,7,5,0,0,12,750,415,335,50,159,591,6.980112,7.40280481927711,6.4564776119403,6.636,6.90283018867925,7.00090355329949,70
"79",2014,2,7.125,8,7.5,6.5,6.5,8,7,5,3,1,1,7,758,420,338,51,160,598,6.98164116094987,7.40396190476191,6.45686390532545,6.63333333333333,6.9096875,7.00089297658863,71
"80",2014,3,6.13333333333333,3,7.2,4,NA,5.95,6.5,2,1,0,2,1,761,422,339,51,162,599,6.97829697766097,7.40299526066351,6.44961651917404,6.63333333333333,6.89783950617284,7.00005676126878,72
"81",2014,4,6.66666666666667,9,7.66666666666667,6.16666666666667,7,6.25,7,3,6,1,4,5,770,425,345,52,166,604,6.97465454545455,7.40485647058824,6.44469565217391,6.64038461538462,6.88222891566265,7.00005629139073,73
"82",2014,5,7.275,8,8.675,5.875,6.5,7.5,7.14,4,4,1,3,5,778,429,349,53,169,609,6.97774293059126,7.4166993006993,6.43816618911175,6.6377358490566,6.89319526627219,7.0012052545156,74
"83",2014,6,6.28333333333333,6,6.73333333333333,5.83333333333333,6.5,NA,6.28333333333333,3,3,1,0,6,784,432,352,54,169,615,6.97242857142857,7.4119537037037,6.43301136363637,6.63518518518519,6.89319526627219,6.99420162601626,75
"84",2014,7,7,4,6.66666666666667,8,NA,NA,7,3,1,0,0,4,788,435,353,54,169,619,6.97256852791878,7.40681379310345,6.43745042492918,6.63518518518519,6.89319526627219,6.99423909531502,76
"85",2014,8,6.69125,8,7,6.506,6,NA,6.69125,3,5,1,0,8,796,438,358,55,169,627,6.96974120603015,7.40402739726027,6.43840782122905,6.62363636363636,6.89319526627219,6.99037320574163,77
"86",2014,9,6.3,5,6.75,6,NA,6,6.5,2,3,0,2,3,801,440,361,55,171,630,6.96556054931336,7.40105454545455,6.43476454293629,6.62363636363636,6.8827485380117,6.9880380952381,78
"87",2014,10,5.76923076923077,13,7,5.4,6,NA,5.76923076923077,3,10,1,0,13,814,443,371,56,171,643,6.94645454545454,7.39833860045147,6.40687331536388,6.6125,6.8827485380117,6.9633965785381,79
"88",2014,11,6.94444444444444,9,7.625,6.4,5.5,NA,6.94444444444444,4,5,2,0,9,823,447,376,58,171,652,6.94643256379101,7.40036689038031,6.40678191489362,6.57413793103448,6.8827485380117,6.96313496932515,80
"89",2014,12,7,8,7.16666666666667,6.5,NA,7,7,6,2,0,1,7,831,453,378,58,172,659,6.94694825511432,7.39727152317881,6.40727513227513,6.57413793103448,6.88343023255814,6.96352655538695,81
"90",2015,1,7.025,20,7.22727272727273,6.77777777777778,6.5,6.33333333333333,7.14705882352941,11,9,2,3,17,851,464,387,60,175,676,6.94878260869565,7.39324137931035,6.41589147286822,6.57166666666667,6.874,6.96814201183432,82
"91",2015,2,7.55555555555556,9,7.64285714285714,7.25,6.5,7,7.625,7,2,1,1,8,860,471,389,61,176,684,6.95513255813953,7.39695116772824,6.42017994858612,6.57049180327869,6.87471590909091,6.97582456140351,83
"92",2015,3,7.35,10,7.83333333333333,6.625,NA,8,7.1875,6,4,0,2,8,870,477,393,61,178,692,6.95967126436782,7.40244025157233,6.42226463104326,6.57049180327869,6.8873595505618,6.97827167630058,84
"93",2015,4,6.94444444444444,9,8,6.64285714285714,7,8,6.8125,2,7,1,1,8,879,479,400,62,179,700,6.95951535836177,7.40493528183716,6.426125,6.57741935483871,6.89357541899441,6.97637714285714,85
"94",2015,5,7.16,5,7.9,6.66666666666667,NA,7.8,7,2,3,0,1,4,884,481,403,62,180,704,6.96064932126697,7.40699376299376,6.42791563275434,6.57741935483871,6.89861111111111,6.97651136363636,86
"95",2015,6,7.66,5,7.76666666666667,7.5,8,NA,7.66,3,2,1,0,5,889,484,405,63,180,709,6.96458267716535,7.40922314049587,6.43320987654321,6.6,6.89861111111111,6.98133145275035,87
"96",2015,7,6.72222222222222,9,7.08333333333333,6,6,6.75,6.71428571428571,6,3,1,2,7,898,490,408,64,182,716,6.96215367483296,7.40523265306123,6.43002450980392,6.590625,6.89697802197802,6.97872067039106,88
"97",2015,8,7.25,8,7.625,6.875,7,NA,7.25,4,4,1,0,8,906,494,412,65,182,724,6.96469536423841,7.40701214574899,6.43434466019418,6.59692307692308,6.89697802197802,6.9817182320442,89
"98",2015,9,6.85,11,7.5125,5.08333333333333,NA,7.86666666666667,6.46875,8,3,0,3,8,917,502,415,65,185,732,6.96331952017448,7.40869322709163,6.42457831325301,6.59692307692308,6.9127027027027,6.97611202185792,90
"99",2015,10,7.5,8,8.25,6.75,6,9.5,7.21428571428571,4,4,2,1,7,925,506,419,67,186,739,6.96796108108108,7.41534387351779,6.42768496420048,6.57910447761194,6.92661290322581,6.97836806495264,91
"100",2015,11,6.93,10,7.26,6.6,6,9,6.7,5,5,3,1,9,935,511,424,70,187,748,6.9675550802139,7.41382387475538,6.42971698113208,6.55428571428571,6.93770053475936,6.97501871657754,92
"101",2015,12,7.03928571428571,14,7.09545454545455,6.83333333333333,NA,6.75,7.0875,11,3,0,2,12,949,522,427,70,189,760,6.96861327713383,7.40711494252874,6.43255269320843,6.55428571428571,6.93571428571429,6.97679473684211,93
"102",2016,1,7.16666666666667,18,7.025,7.45,NA,5,7.4375,12,6,0,2,16,967,534,433,70,191,776,6.97229989658738,7.39852808988764,6.44665127020785,6.55428571428571,6.91544502617801,6.98629381443299,94
"103",2016,2,7.146875,16,7.295,6.9,7.5,8,6.95,10,6,3,3,13,983,544,439,73,194,789,6.97514140386572,7.396625,6.45284738041002,6.59315068493151,6.93221649484536,6.9856958174905,95
"104",2016,3,7.03636363636364,22,7.41666666666667,6.58,8,7.4,6.92941176470588,12,10,3,5,17,1005,556,449,76,199,806,6.9764815920398,7.39705755395684,6.45567928730512,6.64868421052632,6.94396984924623,6.98450868486352,96
"105",2016,4,6.76428571428571,14,6.75,6.78333333333333,7.5,7.1,6.70833333333333,8,6,1,2,12,1019,564,455,77,201,818,6.97356624141315,7.38787943262412,6.46,6.65974025974026,6.9455223880597,6.98045721271394,97
"106",2016,5,6.95454545454545,11,6.6,7.25,NA,NA,6.95454545454545,5,6,0,0,11,1030,569,461,77,201,829,6.97336310679612,7.38095606326889,6.47028199566161,6.65974025974026,6.9455223880597,6.98011338962606,98
"107",2016,6,7.3,10,7.33333333333333,7.25,NA,7.5,7.21428571428571,6,4,0,3,7,1040,575,465,77,204,836,6.97650384615385,7.38045913043478,6.47698924731183,6.65974025974026,6.95367647058823,6.98207416267943,99
"108",2016,7,7.22222222222222,9,7.6,6.75,NA,NA,7.22222222222222,5,4,0,0,9,1049,580,469,77,204,845,6.97861201143947,7.38235172413793,6.47931769722815,6.65974025974026,6.95367647058823,6.98463195266272,100
"109",2016,8,6.63636363636364,11,7.66666666666667,6.25,5.875,7,6.5,3,8,4,3,8,1060,583,477,81,207,853,6.97506037735849,7.38381475128645,6.47547169811321,6.62098765432099,6.95434782608696,6.98008675263775,101
"110",2016,9,7.38,15,7.46111111111111,7.25833333333333,NA,7.275,7.39615384615385,9,6,0,2,13,1075,592,483,81,209,866,6.98071069767442,7.38498986486487,6.4851966873706,6.62098765432099,6.95741626794258,6.98633256351039,102
"111",2016,10,6.92857142857143,21,7.1,6.5,7,6.1,7.01578947368421,15,6,1,2,19,1096,607,489,82,211,885,6.97971167883212,7.37794728171335,6.48537832310839,6.62560975609756,6.94928909952607,6.98696497175141,103
"112",2016,11,7.09444444444444,18,7.68888888888889,6.5,6,6.75,7.19285714285714,9,9,2,4,14,1114,616,498,84,215,899,6.98156552962298,7.38249025974026,6.48564257028113,6.61071428571428,6.94558139534884,6.99017130144605,104
"113",2016,12,7.11111111111111,18,7.75,6.3125,NA,7,7.14285714285714,10,8,0,4,14,1132,626,506,84,219,913,6.98362544169611,7.38836102236422,6.48290513833992,6.61071428571428,6.94657534246575,6.9925125958379,105
"114",2017,1,6.71739130434783,23,7.5,5.86363636363636,NA,5.5,6.83333333333333,12,11,0,2,21,1155,638,517,84,221,934,6.97832380952381,7.39046081504702,6.46972920696325,6.61071428571428,6.93348416289593,6.98893361884368,106
"115",2017,2,6.80769230769231,13,7.5,6.5,6.625,NA,6.80769230769231,4,9,4,0,13,1168,642,526,88,221,947,6.97642465753425,7.39114330218069,6.47024714828897,6.61136363636364,6.93348416289593,6.98644561774023,107
"116",2017,3,6.46875,16,6.90909090909091,5.5,NA,6,6.5,11,5,0,1,15,1184,653,531,88,222,962,6.96956418918919,7.38302297090352,6.46111111111111,6.61136363636364,6.92927927927928,6.97886070686071,108
"117",2017,4,6.96944444444444,18,6.95416666666667,7,6.5,6,7.02647058823529,12,6,2,1,17,1202,665,537,90,223,979,6.96956239600666,7.37528421052632,6.4671322160149,6.60888888888889,6.92511210762332,6.97968743615935,109
"118",2017,5,7.23076923076923,13,7.11111111111111,7.5,6,5,7.41666666666667,9,4,2,1,12,1215,674,541,92,224,991,6.97235720164609,7.37175667655786,6.47476894639557,6.59565217391304,6.91651785714286,6.98497880928355,110
"119",2017,6,7.26666666666667,12,7.8125,6.175,NA,7,7.32,8,4,0,2,10,1227,682,545,92,226,1001,6.97523553382233,7.37692668621701,6.47256880733945,6.59565217391304,6.91725663716814,6.98832567432567,111
"120",2017,7,6.82,10,6.91666666666667,6.675,7.1,8,6.68888888888889,6,4,2,1,9,1237,688,549,94,227,1010,6.97398059822151,7.37291279069767,6.47404371584699,6.6063829787234,6.92202643171806,6.98565742574257,112
"121",2017,8,7.13333333333333,18,7.26153846153846,6.8,7,8,7.08235294117647,13,5,3,1,17,1255,701,554,97,228,1027,6.97626613545817,7.37084736091298,6.47698555956679,6.61855670103093,6.92675438596491,6.98725803310613,113
"122",2017,9,6.78666666666667,12,6.6,6.92,7,5.22,7.1,5,7,1,2,10,1267,706,561,98,230,1037,6.97447040252565,7.365388101983,6.48251336898396,6.62244897959184,6.91191304347826,6.98834522661524,114
"123",2017,10,6.4,15,7.11111111111111,5.33333333333333,7,6,6.46153846153846,9,6,3,2,13,1282,715,567,101,232,1050,6.9677488299532,7.36218741258741,6.47035273368607,6.63366336633663,6.90405172413793,6.98182285714286,115
"124",2017,11,6.8804347826087,23,7.16666666666667,6.34375,NA,6.75,6.89285714285714,15,8,0,2,21,1305,730,575,101,234,1071,6.96620996168583,7.3581698630137,6.46859130434783,6.63366336633663,6.90273504273504,6.98007843137255,116
"125",2017,12,7.01,25,7.140625,6.77777777777778,6,6.41666666666667,7.09090909090909,16,9,1,3,22,1330,746,584,102,237,1093,6.96703308270677,7.35350402144772,6.47335616438356,6.62745098039216,6.89658227848101,6.98230924062214,117
"126",2018,1,6.9,20,7.09375,6.125,6,6,7,16,4,1,2,18,1350,762,588,103,239,1111,6.96604,7.3480498687664,6.47098639455782,6.62135922330097,6.88907949790795,6.98259585958596,118
"127",2018,2,6.85294117647059,17,7.08333333333333,6.72727272727273,6.66666666666667,6.83333333333333,6.85714285714286,6,11,3,3,14,1367,768,599,106,242,1125,6.96463350402341,7.34598177083333,6.47569282136895,6.62264150943396,6.88838842975207,6.98103466666667,119
"128",2018,3,6.60692307692308,13,6.71428571428571,6.48166666666667,7,5.83333333333333,6.839,7,6,1,3,10,1380,775,605,107,245,1135,6.96126376811594,7.34027612903226,6.4757520661157,6.62616822429907,6.8754693877551,6.97978325991189,120
"129",2018,4,6.63,8,7.1625,6.0975,NA,6.65,6.62714285714286,4,4,0,1,7,1388,779,609,107,246,1142,6.95935446685879,7.33936328626444,6.47326765188834,6.62616822429907,6.87455284552846,6.97762171628722,121
"130",2018,5,6.5,15,7.11111111111111,5.58333333333333,5,8,6.39285714285714,9,6,1,1,14,1403,788,615,108,247,1156,6.9544433357092,7.33675634517766,6.46458536585366,6.61111111111111,6.87910931174089,6.97053979238754,122
"131",2018,6,6.29166666666667,12,7,5.78571428571429,NA,NA,6.29166666666667,5,7,0,0,12,1415,793,622,108,247,1168,6.94882261484099,7.33463303909206,6.45694533762058,6.61111111111111,6.87910931174089,6.96356506849315,123
"132",2018,7,6.94444444444444,9,6.78571428571429,7.5,NA,6.5,7.07142857142857,7,2,0,2,7,1424,800,624,108,249,1175,6.94879494382023,7.32983,6.46028846153846,6.61111111111111,6.87606425702811,6.96420765957447,124
"133",2018,8,7.09090909090909,22,7.2,6.85714285714286,7,NA,7.09090909090909,15,7,1,0,22,1446,815,631,109,249,1197,6.9509571230982,7.32744049079755,6.46469096671949,6.61467889908257,6.87606425702811,6.96653634085213,125
"134",2018,9,7.28571428571429,14,8.16666666666667,6.625,NA,7.5,7.26923076923077,6,8,0,1,13,1460,821,639,109,250,1210,6.95416712328767,7.33357369062119,6.4666979655712,6.61467889908257,6.87856,6.96978842975207,126
"135",2018,10,7.75,14,7.95454545454545,7,7,8,7.70833333333333,11,3,1,2,12,1474,832,642,110,252,1222,6.96172591587517,7.34178365384615,6.46919003115265,6.61818181818182,6.88746031746032,6.97704091653028,127
"136",2018,11,6.81666666666667,18,7.05384615384615,6.2,7,7,6.78,13,5,1,3,15,1492,845,647,111,255,1237,6.95997587131368,7.33735384615385,6.46710973724884,6.62162162162162,6.88878431372549,6.9746515763945,128
"137",2018,12,6.89736842105263,19,6.78928571428571,7.2,6,7.375,6.84117647058823,14,5,1,2,17,1511,859,652,112,257,1254,6.95918861681006,7.32842142025611,6.47273006134969,6.61607142857143,6.89256809338521,6.97284210526316,129
"138",2019,1,7.12222222222222,18,7.83333333333333,5.7,5.5,6.1,7.25,12,6,2,2,16,1529,871,658,114,259,1270,6.96110791366907,7.33537772675086,6.46568389057751,6.59649122807018,6.88644787644788,6.97633385826772,130
"139",2019,2,6.819375,16,7.06428571428571,6.62888888888889,6,5,6.94066666666667,7,9,1,1,15,1545,878,667,115,260,1285,6.95964012944984,7.33321640091116,6.46788605697151,6.59130434782609,6.87919230769231,6.97591750972763,131
"140",2019,3,6.75,10,7.5,5.625,6,6,6.83333333333333,6,4,1,1,9,1555,884,671,116,261,1294,6.95829196141479,7.33434841628959,6.46286140089419,6.58620689655172,6.87582375478927,6.97492581143741,132
"141",2019,4,7.31578947368421,19,7.3125,7.33333333333333,NA,6.5,7.41176470588235,16,3,0,2,17,1574,900,674,116,263,1311,6.96260736975858,7.33396,6.46673590504451,6.58620689655172,6.87296577946768,6.98059038901602,133
"142",2019,5,6.28333333333333,12,6.57142857142857,5.88,NA,6,6.34,7,5,0,2,10,1586,907,679,116,265,1321,6.95746784363178,7.3280749724366,6.46241531664212,6.58620689655172,6.86637735849057,6.97574110522332,134
"143",2019,6,7.46,19,7.43090909090909,7.5,6,7,7.54625,11,8,1,3,16,1605,918,687,117,268,1337,6.96341682242991,7.32930718954248,6.47449781659388,6.58119658119658,6.86787313432836,6.9825684367988,135
"144",2019,7,7.13846153846154,13,7.97777777777778,5.25,5,5.9,7.36363636363636,9,4,2,2,11,1618,927,691,119,270,1348,6.96482323856613,7.33560302049622,6.46740955137482,6.5546218487395,6.8607037037037,6.98567804154303,136
"145",2019,8,6.73076923076923,13,7.27777777777778,5.5,5.5,7,6.70833333333333,9,4,2,1,12,1631,936,695,121,271,1360,6.96295769466585,7.33504700854701,6.4618417266187,6.53719008264463,6.86121771217712,6.98323088235294,137
"146",2019,9,6.91666666666667,12,6.75,7.25,7,7.5,6.8,8,4,1,2,10,1643,944,699,122,273,1370,6.9626195982958,7.33008898305085,6.46635193133047,6.54098360655738,6.86589743589744,6.98189343065694,138
"147",2019,10,7.14285714285714,14,7.2,7,NA,7.5,7.11538461538461,10,4,0,1,13,1657,954,703,122,274,1383,6.96414242607121,7.32872536687631,6.46938833570412,6.54098360655738,6.86821167883212,6.98314822848879,139
"148",2019,11,7.09090909090909,11,7.15,6.5,NA,6.75,7.16666666666667,10,1,0,2,9,1668,964,704,122,276,1392,6.96497841726619,7.32687136929461,6.46943181818182,6.54098360655738,6.86735507246377,6.98433477011494,140
"149",2019,12,7.28333333333333,18,7.11111111111111,7.45555555555556,8.5,8,7.24117647058824,9,9,2,1,17,1686,973,713,124,277,1409,6.96837722419929,7.32487564234327,6.4818793828892,6.57258064516129,6.8714440433213,6.98743364088006,141
"150",2020,1,6.94,20,7.40769230769231,6.07142857142857,6,7,6.93684210526316,13,7,1,1,19,1706,986,720,125,278,1428,6.96804454865182,7.32596754563895,6.47788888888889,6.568,6.87190647482014,6.98676050420168,142
"151",2020,2,7.1,10,7.7,6.5,6,NA,7.1,5,5,1,0,10,1716,991,725,126,278,1438,6.96881351981352,7.32785469223007,6.47804137931034,6.56349206349206,6.87190647482014,6.98754798331015,143
"152",2020,3,6.5,8,5.66666666666667,7,8,5,6.71428571428571,3,5,1,1,7,1724,994,730,127,279,1445,6.96663805104409,7.32284104627767,6.48161643835616,6.5748031496063,6.86519713261649,6.98622422145329,144
"153",2020,4,7.05,20,7.1,6.9,NA,7,7.05555555555556,15,5,0,2,18,1744,1009,735,127,281,1463,6.96759403669725,7.31952824578791,6.48446258503401,6.5748031496063,6.86615658362989,6.98707723855092,145
"154",2020,5,7.14166666666667,12,7.16666666666667,7.11666666666667,7.5,NA,7.14166666666667,6,6,1,0,12,1756,1015,741,128,281,1475,6.96878359908884,7.31862463054187,6.48958164642375,6.58203125,6.86615658362989,6.98833491525424,146
"155",2020,6,8.01111111111111,9,8.01428571428571,8,NA,7,8.1375,7,2,0,1,8,1765,1022,743,128,282,1483,6.97409858356941,7.32338943248532,6.49364737550471,6.58203125,6.86663120567376,6.99453405259609,147
"156",2020,7,7.30769230769231,13,7.36363636363636,7,6.5,10,7.08333333333333,11,2,1,1,12,1778,1033,745,129,283,1495,6.97653768278965,7.32381800580833,6.49500671140939,6.58139534883721,6.87770318021201,6.99524682274248,148
"157",2020,8,7.01944444444444,18,7.17333333333333,6.25,5,7.1,6.97916666666667,15,3,1,6,12,1796,1048,748,130,289,1507,6.97696770601337,7.32166412213741,6.49402406417112,6.56923076923077,6.88231833910035,6.99511877903119,149
"158",2020,9,7.33333333333333,6,7,8,NA,7.5,7.25,4,2,0,2,4,1802,1052,750,130,291,1511,6.97815427302997,7.32044106463878,6.49804,6.56923076923077,6.88656357388316,6.99579351422899,150
"159",2020,10,6.63294117647059,17,7.026,6.07142857142857,NA,5.5,6.784,10,7,0,2,15,1819,1062,757,130,293,1526,6.97492798240792,7.31766854990584,6.49409511228534,6.56923076923077,6.87709897610921,6.99371166448231,151
"160",2020,11,6.68333333333333,15,7.4375,5.82142857142857,NA,7,6.66071428571429,8,7,0,1,14,1834,1070,764,130,294,1540,6.97254307524537,7.31856448598131,6.48793193717277,6.56923076923077,6.87751700680272,6.99068441558442,152
"161",2020,12,7.06,25,7.5,6.125,6,8.125,6.85714285714286,17,8,1,4,21,1859,1087,772,131,298,1561,6.97371920387305,7.32140202391904,6.48417098445596,6.56488549618321,6.89426174496644,6.98888789237668,153
"162",2021,1,7.31473684210526,19,7.46,7,7.5,8,7.18625,13,6,2,3,16,1878,1100,778,133,301,1577,6.97716932907348,7.32304,6.48814910025707,6.57894736842105,6.90528239202658,6.99089029803424,154
"163",2021,2,6.9,17,6.82142857142857,7.26666666666667,NA,7,6.89375,14,3,0,1,16,1895,1114,781,133,302,1593,6.97647704485488,7.31673608617594,6.49113956466069,6.57894736842105,6.90559602649007,6.9899146264909,155
"164",2021,3,7.22222222222222,9,7.5,6.66666666666667,NA,7,7.28571428571429,6,3,0,2,7,1904,1120,784,133,304,1600,6.97763865546219,7.31771785714286,6.49181122448979,6.57894736842105,6.90621710526316,6.99120875,156
"165",2021,4,7.42857142857143,14,7.42857142857143,NA,NA,7,7.46153846153846,14,0,0,1,13,1918,1134,784,133,305,1613,6.98093013555787,7.31908641975309,6.49181122448979,6.57894736842105,6.90652459016393,6.9949993800372,157
"166",2021,5,7,13,7.16666666666667,6.625,NA,NA,7,9,4,0,0,13,1931,1143,788,133,305,1626,6.98105851890212,7.31788626421697,6.49248730964467,6.57894736842105,6.90652459016393,6.9950393603936,158
"167",2021,6,8.5,2,8.5,NA,NA,NA,8.5,2,0,0,0,2,1933,1145,788,133,305,1628,6.98263010863942,7.31995109170306,6.49248730964467,6.57894736842105,6.90652459016393,6.99688820638821,159
"168",2021,7,6.5,7,6.625,6.33333333333333,NA,6.25,6.6,4,3,0,2,5,1940,1149,791,133,307,1633,6.98088865979382,7.3175317667537,6.49188369152971,6.57894736842105,6.90224755700326,6.99567299448867,160
"169",2021,8,6.96117647058824,17,7.784,5.78571428571429,NA,8.25,6.78933333333333,10,7,0,2,15,1957,1159,798,133,309,1648,6.98071742462954,7.32155651423641,6.48568922305764,6.57894736842105,6.91097087378641,6.99379490291262,161
"170",2021,9,6.775625,16,6.77272727272727,6.782,NA,7.5,6.72733333333333,11,5,0,1,15,1973,1170,803,133,310,1663,6.97905423213381,7.31639658119658,6.48753424657534,6.57894736842105,6.91287096774193,6.99139146121467,162
"171",2021,10,7.05882352941176,17,7.05555555555556,7.0625,4,3.5,7.28125,9,8,1,1,16,1990,1179,811,134,311,1679,6.97973567839196,7.31440542832909,6.49320591861899,6.55970149253731,6.90189710610932,6.99415366289458,163
"172",2021,11,6.19,10,6.31666666666667,6,NA,NA,6.19,6,4,0,0,10,2000,1185,815,134,311,1689,6.975787,7.30935358649789,6.49078527607362,6.55970149253731,6.90189710610932,6.98939253996448,164
"173",2021,12,7.40909090909091,11,7.5,7.16666666666667,7,NA,7.40909090909091,8,3,1,0,11,2011,1193,818,135,311,1700,6.97815713575336,7.31063202011735,6.49326405867971,6.56296296296296,6.90189710610932,6.99210823529412,165
"174",2022,1,6.60588235294118,17,6.48666666666667,7.5,NA,6.5,6.6125,15,2,0,1,16,2028,1208,820,135,312,1716,6.97503648915187,7.30040066225166,6.49571951219512,6.56296296296296,6.90060897435897,6.98856876456876,166
"175",2022,2,7.5575,8,7.24333333333333,8.5,NA,NA,7.5575,6,2,0,0,8,2036,1214,822,135,312,1724,6.97732514734774,7.30011861614497,6.50059610705596,6.56296296296296,6.90060897435897,6.99120881670534,167
"176",2022,3,6.81769230769231,13,6.96636363636364,6,NA,8.25,6.69833333333333,11,2,0,1,12,2049,1225,824,135,313,1736,6.97631234748658,7.29712163265306,6.49938106796116,6.56296296296296,6.90492012779553,6.98918433179723,168
"177",2022,4,6.9375,8,7.16666666666667,6.25,5.5,8,6.78571428571429,6,2,1,1,7,2057,1231,826,136,314,1743,6.97616140009723,7.29648578391551,6.49877723970944,6.55514705882353,6.9084076433121,6.98836718301778,169
"178",2022,5,6.24888888888889,9,6.048,6.5,NA,NA,6.24888888888889,5,4,0,0,9,2066,1236,830,136,314,1752,6.97299322362052,7.2914352750809,6.49878313253012,6.55514705882353,6.9084076433121,6.98456849315068,170
"179",2022,6,6.375,8,6.5,6,5,NA,6.375,6,2,1,0,8,2074,1242,832,137,314,1760,6.97068659594986,7.28761191626409,6.49758413461538,6.54379562043796,6.9084076433121,6.98179772727273,171
"180",2022,7,7.2,7,6.75,7.38,7,NA,7.2,2,5,1,0,7,2081,1244,837,138,314,1767,6.97145795290726,7.28674758842444,6.50285543608124,6.54710144927536,6.9084076433121,6.98266213921901,172
"181",2022,8,7.15,10,7.08333333333333,7.25,6,9,6.6875,6,4,1,2,8,2091,1250,841,139,316,1775,6.97231181252989,7.2857712,6.50640903686088,6.5431654676259,6.92164556962025,6.98133183098591,173
"182",2022,9,6.3875,8,7.9,3.86666666666667,5,4.3,7.08333333333333,5,3,1,2,6,2099,1255,844,140,318,1781,6.97008289661744,7.28821832669323,6.49702606635071,6.53214285714286,6.9051572327044,6.98167546322291,174
"183",2022,10,6.85714285714286,14,7,6.6,NA,6.75,6.9,9,5,0,4,10,2113,1264,849,140,322,1791,6.96933459536204,7.28616613924051,6.49763250883392,6.53214285714286,6.90322981366459,6.98121943048576,175
"184",2022,11,6.5,8,7,6.2,NA,5,6.71428571428571,3,5,0,1,7,2121,1267,854,140,323,1798,6.96756435643564,7.28548855564325,6.49588992974239,6.53214285714286,6.89733746130031,6.98018020022247,176
"185",2022,12,6.37058823529412,17,6.975,5.83333333333333,NA,NA,6.37058823529412,8,9,0,0,17,2138,1275,863,140,323,1815,6.96281758652947,7.28354039215686,6.48898030127462,6.53214285714286,6.89733746130031,6.97447052341598,177
