"","year","month","avg_rating","no_ratings","avg_rating_owned","avg_rating_not_owned","avg_rating_prev_owned","avg_rating_comment","avg_rating_no_comment","no_ratings_owned","no_ratings_not_owned","no_ratings_prev_owned","no_ratings_comment","no_ratings_no_comment","cum_no_ratings","cum_no_ratings_owned","cum_no_ratings_not_owned","cum_no_ratings_prev_owned","cum_no_ratings_comment","cum_no_ratings_no_comment","cum_avg_rating","cum_avg_rating_owned","cum_avg_rating_not_owned","cum_avg_rating_prev_owned","cum_avg_rating_comment","cum_avg_rating_no_comment","month_after_release"
"1",2006,9,7,1,NA,7,NA,NA,7,0,1,0,0,1,1,0,1,0,0,1,7,NA,7,NA,NA,7,-1
"2",2006,10,7.2,15,8.25,6.5,NA,7.57142857142857,6.875,6,9,0,7,8,16,6,10,0,7,9,7.1875,8.25,6.55,NA,7.57142857142857,6.88888888888889,0
"3",2006,11,7.03333333333333,24,7.61428571428571,6.79411764705882,7,7.05,7.02142857142857,7,17,2,10,14,40,13,27,2,17,23,7.095,7.90769230769231,6.7037037037037,7,7.26470588235294,6.96956521739131,1
"4",2006,12,7.77702702702703,37,7.88,7.5625,8.25,7.86363636363636,7.74038461538461,25,12,1,11,26,77,38,39,3,28,49,7.42272727272727,7.88947368421053,6.96794871794872,7.41666666666667,7.5,7.37857142857143,2
"5",2007,1,7.31666666666667,69,7.8741935483871,6.86184210526316,7.5,7.09090909090909,7.42234042553191,31,38,1,22,47,146,69,77,4,50,96,7.37260273972603,7.88260869565217,6.91558441558442,7.4375,7.32,7.4,3
"6",2007,2,7.50902571428571,56,7.88709677419355,7.0402176,7,7.5,7.51630451612903,31,25,2,25,31,202,100,102,6,75,127,7.41042297029703,7.884,6.94613176470588,7.29166666666667,7.38,7.42838929133858,4
"7",2007,3,7.41274509803922,51,7.675,7.03809523809524,8,7.55952380952381,7.31,30,21,1,21,30,253,130,123,7,96,157,7.41089106719368,7.83576923076923,6.96183284552846,7.39285714285714,7.41927083333333,7.40576713375796,5
"8",2007,4,7.28108108108108,74,8.13513513513514,6.42702702702703,7.625,7.19090909090909,7.35365853658537,37,37,4,33,41,327,167,160,11,129,198,7.38151510703364,7.90209580838323,6.838159,7.47727272727273,7.36085271317829,7.39497696969697,6
"9",2007,5,7.43892941176471,85,8.04487234042553,6.68947368421053,8,7.20029032258064,7.57592592592593,47,38,2,31,54,412,214,198,13,160,252,7.39336029126214,7.93345327102804,6.80962343434344,7.55769230769231,7.32974375,7.43375174603175,7
"10",2007,6,7.44393939393939,66,8.06756756756757,6.64827586206897,7.1,6.97619047619048,7.66222222222222,37,29,5,21,45,478,251,227,18,181,297,7.4003440167364,7.95322310756972,6.78901074889868,7.43055555555556,7.28872375690608,7.46836848484849,8
"11",2007,7,7.4820987654321,81,7.85,7.22916666666667,7,7.75,7.38220338983051,33,48,1,22,59,559,284,275,19,203,356,7.41219041144902,7.94122887323944,6.86583796363636,7.40789473684211,7.33871428571429,7.45408831460674,9
"12",2007,8,7.31166666666667,60,7.62068965517241,7.02258064516129,7.875,7.30555555555556,7.31428571428571,29,31,4,18,42,619,313,306,23,221,398,7.40244659127625,7.9115303514377,6.88171712418301,7.48913043478261,7.33601357466063,7.43933527638191,10
"13",2007,9,7.6875,40,8.16666666666667,7.15789473684211,7.25,7.71428571428571,7.67307692307692,21,19,4,14,26,659,334,325,27,235,424,7.41974877086495,7.92757185628743,6.89786289230769,7.4537037037037,7.35854893617021,7.45366849056604,11
"14",2007,10,7.46964285714286,70,7.57986111111111,7.35294117647059,7.4,7.68055555555556,7.33720930232558,36,34,5,27,43,729,370,359,32,262,467,7.42453969821674,7.89374054054054,6.94096222841226,7.4453125,7.39173282442748,7.44294526766595,12
"15",2007,11,7.38123595505618,89,7.75510204081633,6.92325,7.22875,7.26,7.45981481481481,49,40,8,35,54,818,419,399,40,297,521,7.41982816625917,7.87752744630072,6.93918656641604,7.402,7.37620875420875,7.4446937428023,13
"16",2007,12,7.21020408163265,98,7.775,6.57173913043478,7,6.96666666666667,7.39285714285714,52,46,7,42,56,916,471,445,47,339,577,7.39740113537118,7.86620806794055,6.90120323595506,7.34212765957447,7.32546902654867,7.43966280762565,14
"17",2008,1,7.31235632183908,87,7.60625,7.01162790697674,7.7,6.96928571428571,7.54326923076923,44,43,5,35,52,1003,515,488,52,374,629,7.3900243668993,7.84399805825243,6.91093327868852,7.37653846153846,7.29213636363636,7.4482280445151,15
"18",2008,2,7.28,65,7.73939393939394,6.80625,6,7.25,7.29333333333333,33,32,1,20,45,1068,548,520,53,394,674,7.38332812734082,7.83769890510949,6.90449123076923,7.35056603773585,7.28999746192893,7.43788640949555,16
"19",2008,3,7.17979591836735,49,7.71290322580645,6.26166666666667,6.64285714285714,6.82277777777778,7.38709677419355,31,18,7,18,31,1117,579,538,60,412,705,7.37439967770815,7.83101727115717,6.88298408921933,7.268,7.26958495145631,7.43565310638298,17
"20",2008,4,7.49507042253521,71,7.8051282051282,7.1171875,8,7.32173913043478,7.578125,39,32,1,23,48,1188,618,570,61,435,753,7.38161148148148,7.82938349514563,6.89613235087719,7.28,7.27234252873563,7.44473498007968,18
"21",2008,5,7.3448275862069,58,7.72702702702703,6.67142857142857,6.5,7.24,7.42424242424242,37,21,4,25,33,1246,655,591,65,460,786,7.37989922953451,7.82360152671756,6.88814795262267,7.232,7.2705847826087,7.44387460559796,19
"22",2008,6,7.22066666666667,45,7.75782608695652,6.65909090909091,NA,7.15588235294118,7.26,23,22,0,17,28,1291,678,613,65,477,814,7.37434890782339,7.82137020648968,6.87992730831974,7.232,7.26649685534591,7.43754968058968,20
"23",2008,7,7.175,60,7.62962962962963,6.8030303030303,7.1,6.71052631578947,7.39024390243902,27,33,10,19,41,1351,705,646,75,496,855,7.36549551443375,7.81402695035461,6.87599913312694,7.2144,7.24519959677419,7.43528121637427,21
"24",2008,8,7.4551724137931,58,7.95882352941176,6.74166666666667,7,7.765,7.29210526315789,34,24,4,20,38,1409,739,670,79,516,893,7.3691869694819,7.82068876860623,6.8711872238806,7.20354430379747,7.26534689922481,7.42918862262038,22
"25",2008,9,7.17075471698113,53,7.55217391304348,6.87833333333333,6.90909090909091,6.42333333333333,7.46578947368421,23,30,11,15,38,1462,762,700,90,531,931,7.36199346101231,7.81258398950131,6.87149348571429,7.16755555555555,7.24156120527307,7.4306825349087,23
"26",2008,10,7.36515151515152,66,7.76,6.91935483870968,6.91666666666667,7.02272727272727,7.53636363636364,35,31,12,22,44,1528,797,731,102,553,975,7.36212986910995,7.8102747804266,6.87352317373461,7.13803921568627,7.23285533453888,7.43545173333333,24
"27",2008,11,7.46935483870968,62,7.87714285714286,6.94074074074074,6.76666666666667,7.30833333333333,7.57105263157895,35,27,6,24,38,1590,832,758,108,577,1013,7.36631096855346,7.81308774038462,6.87591746701847,7.11740740740741,7.23599480069324,7.44053844027641,25
"28",2008,12,6.80217391304348,46,7.39166666666667,6.15909090909091,7.25,6.45833333333333,6.92352941176471,24,22,4,12,34,1636,856,780,112,589,1047,7.35044892420538,7.80127219626168,6.85569928205128,7.12214285714286,7.22015110356536,7.42374922636103,26
"29",2009,1,7.23306451612903,62,7.61785714285714,6.425,7,7.39347826086957,7.13846153846154,42,20,2,23,39,1698,898,800,114,612,1086,7.346162803298,7.79269376391982,6.8449318,7.12,7.22666503267974,7.41350408839779,27
"30",2009,2,7.16238095238095,105,7.38717948717949,7.02954545454545,7.05,7.42380952380952,7.09702380952381,39,66,10,21,84,1803,937,866,124,633,1170,7.33546003327787,7.77581536819637,6.85900166281755,7.11435483870968,7.23320537124803,7.39078242735043,28
"31",2009,3,6.99059405940594,101,7.53522727272727,6.57017543859649,7.19230769230769,6.8125,7.03456790123457,44,57,13,20,81,1904,981,923,137,653,1251,7.31716619747899,7.7650244648318,6.84116515709642,7.12175182481752,7.22032006125574,7.36771817745803,29
"32",2009,4,7.20266666666667,90,7.40405405405405,7.06207547169811,7,6.78125,7.29378378378378,37,53,6,16,74,1994,1018,976,143,669,1325,7.31199821464393,7.7519047151277,6.85316131147541,7.11664335664336,7.20981913303438,7.36358901132075,30
"33",2009,5,7.24230769230769,78,7.82972972972973,6.71219512195122,6.44615384615385,7.55714285714286,7.1734375,37,41,13,14,64,2072,1055,1017,156,683,1389,7.30937472972973,7.75463412322275,6.84747830875123,7.06076923076923,7.21693850658858,7.35482753059755,31
"34",2009,6,7.304375,80,7.81125,6.7975,6.85,7.80294117647059,7.16984126984127,40,40,12,17,63,2152,1095,1057,168,700,1452,7.309188866171,7.75670228310502,6.8455869820246,7.04571428571429,7.23117,7.34680126721763,32
"35",2009,7,7.06066666666667,75,7.39375,6.81279069767442,7.09333333333333,7.03333333333333,7.07352941176471,32,43,15,24,51,2227,1127,1100,183,724,1503,7.30081923664122,7.7463966282165,6.84430494545455,7.0496174863388,7.22461187845304,7.33752856952761,33
"36",2009,8,7.15254237288136,59,7.58695652173913,6.875,7.1,7.04,7.17551020408163,23,36,5,10,49,2286,1150,1136,188,734,1552,7.29699231846019,7.74320782608696,6.84527767605634,7.05095744680851,7.22209673024523,7.33241329896907,34
"37",2009,9,6.89785714285714,70,7.13793103448276,6.72804878048781,7.08333333333333,6.68421052631579,6.97745098039216,29,41,15,19,51,2356,1179,1177,203,753,1603,7.28513346349745,7.7283197625106,6.841194086661,7.05334975369458,7.20852456839309,7.32112004990643,35
"38",2009,10,7.30065789473684,76,7.70714285714286,6.95365853658537,6.85714285714286,6.8,7.47946428571429,35,41,14,20,56,2432,1214,1218,217,773,1659,7.28561860197368,7.72770922570017,6.84497983579639,7.04069124423963,7.19795472186287,7.32646500301386,36
"39",2009,11,7.07680412371134,97,7.77763157894737,6.62542372881356,6.40909090909091,7.19423076923077,7.03380281690141,38,59,22,26,71,2529,1252,1277,239,799,1730,7.27760950573349,7.72922444089457,6.83483589663273,6.98255230125523,7.19783354192741,7.31445401156069,37
"40",2009,12,7.15594059405941,101,7.49591836734694,6.83557692307692,6.79666666666667,7.1047619047619,7.169375,49,52,15,21,80,2630,1301,1329,254,820,1810,7.27293704942965,7.72043735588009,6.83486489089541,6.97157480314961,7.19545,7.30804167955801,38
"41",2010,1,6.87886597938144,97,7.34444444444444,6.47596153846154,6.56944444444444,6.79545454545455,6.90333333333333,45,52,18,22,75,2727,1346,1381,272,842,1885,7.25891985331866,7.70786701337296,6.82135078928313,6.94496323529412,7.18499881235154,7.29193922546419,39
"42",2010,2,7.27358490566038,53,7.51,7.0625,7.21428571428571,7.49375,7.23444444444444,25,28,7,8,45,2780,1371,1409,279,850,1930,7.25919943884892,7.70425893508388,6.82614296664301,6.95172043010753,7.18790470588235,7.29059867357513,40
"43",2010,3,7.18602941176471,68,7.55,6.96071428571429,7,6.6,7.31160714285714,26,42,11,12,56,2848,1397,1451,290,862,1986,7.25745240168539,7.70138797423049,6.83003820813232,6.95355172413793,7.17972041763341,7.29119105740181,41
"44",2010,4,7.23409090909091,44,7.32692307692308,7.1,7.325,6,7.39230769230769,26,18,4,5,39,2892,1423,1469,294,867,2025,7.25709697095435,7.69454602951511,6.83334611300204,6.95860544217687,7.1729169550173,7.29313848888889,42
"45",2010,5,7.2304347826087,46,7.75454545454545,6.75,7,7.13636363636364,7.26,22,24,6,11,35,2938,1445,1493,300,878,2060,7.25667952348536,7.69545951557093,6.83200632283992,6.95943333333333,7.17245899772209,7.29257545631068,43
"46",2010,6,7.2843137254902,51,7.54545454545455,7.08620689655172,7.66666666666667,7.45,7.22162162162162,22,29,9,14,37,2989,1467,1522,309,892,2097,7.25715103379056,7.69320995228357,6.83684982917214,6.98003236245955,7.17681502242152,7.29132352885074,44
"47",2010,7,7.23174603174603,63,7.659375,6.79032258064516,6.75,7.62941176470588,7.08478260869565,32,31,6,17,46,3052,1499,1553,315,909,2143,7.25662661861074,7.69248765843896,6.83592108177721,6.97565079365079,7.18527942794279,7.28689007932805,45
"48",2010,8,7.241,50,7.875,6.81833333333333,7.15625,7.5,7.19166666666667,20,30,8,8,42,3102,1519,1583,323,917,2185,7.25637473887814,7.69489071757735,6.83558777005685,6.98012383900929,7.18802508178844,7.2850596979405,46
"49",2010,9,7.18870967741935,62,7.58461538461538,6.90277777777778,6.58333333333333,6.8,7.31276595744681,26,36,12,15,47,3164,1545,1619,335,932,2232,7.25504881163084,7.69303495145631,6.83708180358246,6.96591044776119,7.18178004291845,7.28564311827957,47
"50",2010,10,7.20673076923077,52,7.55185185185185,6.834,7.05555555555556,6.48333333333333,7.42375,27,25,9,12,40,3216,1572,1644,344,944,2272,7.25426754975124,7.69061005089058,6.83703493917275,6.96825581395349,7.17290148305085,7.28807457746479,48
"51",2010,11,7.14671052631579,76,7.45833333333333,6.94347826086956,7.00666666666667,6.98846153846154,7.17936507936508,30,46,15,13,63,3292,1602,1690,359,957,2335,7.25178445929526,7.68626029962547,6.83993221301775,6.96986072423398,7.1703960292581,7.28514151605996,49
"52",2010,12,7.09133333333333,75,7.45945945945946,6.73289473684211,6.44444444444444,7.065,7.10090909090909,37,38,9,20,55,3367,1639,1728,368,977,2390,7.2482104068904,7.68114032946919,6.83757837962963,6.95701086956522,7.16823848515865,7.28090185774059,50
"53",2011,1,7.2222972972973,74,7.7,6.76973684210526,7.005,7.48823529411765,7.14298245614035,36,38,10,17,57,3441,1675,1766,378,994,2447,7.24765313571636,7.68154567164179,6.83611859569649,6.95828042328042,7.17371126760563,7.2776891867593,51
"54",2011,2,7.10289855072464,69,7.45588235294118,6.76,6.94444444444444,7.28571428571429,7.05636363636364,34,35,9,14,55,3510,1709,1801,387,1008,2502,7.24480753276353,7.6770561732007,6.8346393337035,6.95795865633075,7.17526686507937,7.27282391686651,52
"55",2011,3,7.13051428571429,56,7.59166666666667,6.78465,7.3,7.20144615384615,7.10906976744186,24,32,5,13,43,3566,1733,1833,392,1021,2545,7.24301268648345,7.67587362954414,6.83376663393344,6.96232142857143,7.17560019588639,7.27005714734774,53
"56",2011,4,7.24634146341463,41,7.38148148148148,6.98571428571429,7.125,7.04545454545455,7.32,27,14,4,11,30,3607,1760,1847,396,1032,2575,7.24305052398114,7.67135738636364,6.83491837574445,6.96396464646465,7.17421298449612,7.27063900582524,54
"57",2011,5,7.124,50,7.58695652173913,6.72962962962963,6.45714285714286,7.24,7.11111111111111,23,27,7,5,45,3657,1783,1874,403,1037,2620,7.24142281651627,7.67026864834548,6.83340140875133,6.95516129032258,7.17453018322083,7.26789902290076,55
"58",2011,6,7.04,40,7.88888888888889,6.79354838709677,7.06666666666667,7.16,7,9,31,9,10,30,3697,1792,1905,412,1047,2650,7.23924350554503,7.67136662946429,6.83275288188976,6.95759708737864,7.17439140401146,7.26486620377358,56
"59",2011,7,7.24166666666667,60,7.58965517241379,6.91612903225806,6.6,7.09333333333333,7.29111111111111,29,31,10,15,45,3757,1821,1936,422,1062,2695,7.23928220388608,7.6700653487095,6.8340879338843,6.94912322274881,7.17324651600753,7.26530443042671,57
"60",2011,8,7.04907407407407,54,7.71304347826087,6.55645161290323,6.38461538461539,6.96153846153846,7.07682926829268,23,31,13,13,41,3811,1844,1967,435,1075,2736,7.23658704801889,7.67060140997831,6.82971237417387,6.93225287356322,7.1706863255814,7.26248005847953,58
"61",2011,9,7.02068965517241,58,7.23076923076923,6.85,6.2,6.90526315789474,7.07692307692308,26,32,5,19,39,3869,1870,1999,440,1094,2775,7.23335054019126,7.66448609625668,6.83003713856928,6.92393181818182,7.16607659963437,7.25987223063063,59
"62",2011,10,7.31739130434783,46,7.614,6.96428571428571,6.5625,7.2875,7.32794117647059,25,21,4,12,34,3915,1895,2020,444,1106,2809,7.23433799233716,7.66382005277045,6.83143279207921,6.92067567567568,7.16739403254973,7.26069613385546,60
"63",2011,11,6.91329113924051,79,7.56666666666667,6.36627906976744,6.55357142857143,6.42666666666667,7.02734375,36,43,14,15,64,3994,1931,2063,458,1121,2873,7.22798779168753,7.66200880372864,6.82173739214736,6.90945414847161,7.15748242640499,7.25549789070658,61
"64",2011,12,7.22452830188679,53,7.636,6.85714285714286,7.175,7.16666666666667,7.23191489361702,25,28,4,6,47,4047,1956,2091,462,1127,2920,7.22794248579194,7.6616763803681,6.82221149689144,6.91175324675325,7.15753132209405,7.25511830136986,62
"65",2012,1,6.93541666666667,72,7.545,6.5,6.4375,6.55333333333333,7.0359649122807,30,42,8,15,57,4119,1986,2133,470,1142,2977,7.22282914299587,7.65991389728097,6.81586696671355,6.90368085106383,7.14959527145359,7.25092221699698,63
"66",2012,2,6.90957446808511,47,7.385,6.55740740740741,6.92857142857143,7.24444444444444,6.83026315789474,20,27,7,9,38,4166,2006,2160,477,1151,3015,7.21929506481037,7.65717298105683,6.81263622222222,6.90404612159329,7.15033692441355,7.24562037810945,64
"67",2012,3,6.94130434782609,46,7.26363636363636,6.64583333333333,7.07142857142857,7.4875,6.82631578947368,22,24,7,8,38,4212,2028,2184,484,1159,3053,7.21625907882241,7.65290384615385,6.81080322344322,6.90646694214876,7.15266419327006,7.2404013887979,65
"68",2012,4,6.80925925925926,54,7.328,6.36206896551724,6.0625,6.15,6.95909090909091,25,29,8,10,44,4266,2053,2213,492,1169,3097,7.21110718237224,7.64894739405748,6.80492283777677,6.89274390243902,7.1440870829769,7.23640472715531,66
"69",2012,5,6.88783783783784,37,7.54705882352941,6.3275,6.66666666666667,6.8,6.92037037037037,17,20,3,10,27,4303,2070,2233,495,1179,3124,7.20832750174297,7.64811062801932,6.80064677115988,6.89137373737374,7.14116861747243,7.2336733162612,67
"70",2012,6,7.10121951219512,41,7.6125,6.61428571428571,6.66666666666667,6.5,7.13205128205128,20,21,3,2,39,4344,2090,2254,498,1181,3163,7.20731658379374,7.64776985645933,6.7989104880213,6.89002008032128,7.14008281117697,7.23242030983244,68
"71",2012,7,7.07357142857143,42,7.25526315789474,6.92347826086957,7.21428571428571,7.19444444444444,7.04060606060606,19,23,7,9,33,4386,2109,2277,505,1190,3196,7.20603585043319,7.64423376007587,6.8001687483531,6.89451485148515,7.14049394957983,7.23043974968711,69
"72",2012,8,7.02380952380952,42,7.22727272727273,6.8,6.3,6.6,7.15625,22,20,5,10,32,4428,2131,2297,510,1200,3228,7.20430741644083,7.63992914124824,6.80016727905964,6.8886862745098,7.13598983333333,7.22970428748451,70
"73",2012,9,7.09848484848485,33,7.63157894736842,6.375,6.16666666666667,6.72727272727273,7.28409090909091,19,14,6,11,22,4461,2150,2311,516,1211,3250,7.2035245998655,7.63985534883721,6.79759162267417,6.88029069767442,7.13227729149463,7.23007244307692,71
"74",2012,10,7.19285714285714,49,7.5,6.84565217391304,7,7.22857142857143,7.18690476190476,26,23,8,7,42,4510,2176,2334,524,1218,3292,7.20340870066519,7.63818428308823,6.79806522707798,6.88211832061069,7.13283070607553,7.22952170109356,72
"75",2012,11,7.04,45,7.14347826086957,6.93181818181818,6.9625,7.03333333333333,7.04242424242424,23,22,8,12,33,4555,2199,2356,532,1230,3325,7.20179434467618,7.63301000454752,6.79931419354839,6.88332706766917,7.13186,7.22766479398496,73
"76",2012,12,6.96777777777778,45,7.45,6.6462962962963,6.86,6.92222222222222,6.97916666666667,18,27,10,9,36,4600,2217,2383,542,1239,3361,7.19950505217391,7.63152413170952,6.79758046160302,6.88289667896679,7.13033720742534,7.22500310621839,74
"77",2013,1,6.83095238095238,42,7.38095238095238,6.28095238095238,6.95,6.66666666666667,6.87575757575758,21,21,6,9,33,4642,2238,2404,548,1248,3394,7.19617045239121,7.62917292225201,6.7930674875208,6.88363138686131,7.12699342948718,7.2216073777254,75
"78",2013,2,7.140625,48,7.88913043478261,6.452,6.95,7.73,6.98552631578947,23,25,8,10,38,4690,2261,2429,556,1258,3432,7.19560197014925,7.6318173374613,6.78955711815562,6.88458633093525,7.13178680445151,7.21899342657343,76
"79",2013,3,6.70744680851064,47,7.44117647058824,6.29166666666667,6.6,7.04166666666667,6.59285714285714,17,30,10,12,35,4737,2278,2459,566,1270,3467,7.19075854760397,7.63039464442493,6.7834828141521,6.87955830388692,7.13093527559055,7.21267246610903,77
"80",2013,4,7.44459459459459,37,7.30882352941176,7.56,7.575,7.35,7.47962962962963,17,20,8,10,27,4774,2295,2479,574,1280,3494,7.19272585672392,7.62801263616558,6.78974757563534,6.88925087108014,7.13264671875,7.21473538637665,78
"81",2013,5,7.25553191489362,47,7.58192307692308,6.85142857142857,6.86769230769231,7.63444444444444,7.16578947368421,26,21,13,9,38,4821,2321,2500,587,1289,3532,7.19333815390998,7.62749633778544,6.790265696,6.8887734241908,7.13615034910783,7.21420878822197,79
"82",2013,6,7.15384615384615,39,7.63157894736842,6.7,7.2,7.54545454545454,7,19,20,5,11,28,4860,2340,2520,592,1300,3560,7.19302124279835,7.62752948717949,6.7895493015873,6.89140202702703,7.13961369230769,7.212524,80
"83",2013,7,6.8925,48,7.65294117647059,6.47548387096774,7.19444444444444,6.675,6.94973684210526,17,31,9,10,38,4908,2357,2551,601,1310,3598,7.1900821597392,7.62771277047094,6.78573274794199,6.89594009983361,7.13606702290076,7.20974859366315,81
"84",2013,8,7.08421052631579,57,7.60666666666667,6.5037037037037,7.07,7.55555555555556,6.99583333333333,30,27,10,9,48,4965,2387,2578,611,1319,3646,7.18886671500503,7.627448261416,6.78277899146626,6.89878887070376,7.1389293404094,7.20693237520571,82
"85",2013,9,6.53030303030303,33,7.29166666666667,6.09523809523809,5.57142857142857,5.625,6.82,12,21,7,8,25,4998,2399,2599,618,1327,3671,7.18451845538215,7.62576865360567,6.77722363986149,6.88375404530744,7.12980241145441,7.20429731408336,83
"86",2013,10,6.76290322580645,31,7.58846153846154,6.16666666666667,6.2,6.7625,6.76296296296296,13,18,5,4,27,5029,2412,2617,623,1331,3698,7.18191951481408,7.6255675787728,6.77302416507452,6.87826645264847,7.12869857250188,7.20107502433748,84
"87",2013,11,6.92181818181818,55,7.3304347826087,6.628125,6.3,6.8,6.934,23,32,5,5,50,5084,2435,2649,628,1336,3748,7.17910567269866,7.62277987679671,6.77127377878445,6.87366242038216,7.12746841317365,7.19751212379936,85
"88",2013,12,6.8,38,7.1625,6.17857142857143,6.3125,7.05,6.753125,24,14,8,6,32,5122,2459,2663,636,1342,3780,7.1762930964467,7.6182875152501,6.76815780698461,6.8666037735849,7.12712205663189,7.19375011640212,86
"89",2014,1,7.04054054054054,37,7.63846153846154,6.71666666666667,7.18571428571429,6.72857142857143,7.11333333333333,13,24,7,7,30,5159,2472,2687,643,1349,3810,7.17531948827292,7.61839360841424,6.76769789356159,6.87007776049767,7.12505396590066,7.19311691338583,87
"90",2014,2,7.13342105263158,38,7.38529411764706,6.92952380952381,6.64285714285714,6.55555555555556,7.31275862068965,17,21,7,9,29,5197,2489,2708,650,1358,3839,7.1750131306523,7.61680152671756,6.76895282127031,6.86763076923077,7.12127967599411,7.19402069288877,88
"91",2014,3,7.025,32,7.44615384615385,6.73684210526316,6.33333333333333,6.625,7.08214285714286,13,19,6,4,28,5229,2502,2727,656,1362,3867,7.17409509275196,7.61591486810551,6.76872909424276,6.86274390243902,7.11982217327459,7.1932106128782,89
"92",2014,4,6.670625,40,7.15,6.31630434782609,6,7.4,6.58958333333333,17,23,11,4,36,5269,2519,2750,667,1366,3903,7.1702729626115,7.61277054386661,6.76494517818182,6.84851574212893,7.12064260614934,7.18764295157571,90
"93",2014,5,7.13,30,7.96923076923077,6.48823529411765,5.71428571428571,6.98571428571429,7.17391304347826,13,17,7,7,23,5299,2532,2767,674,1373,3926,7.17004495942631,7.61460071090047,6.76324511745573,6.83673590504451,7.11995469774217,7.18756251655629,91
"94",2014,6,7.00178571428571,28,7.69230769230769,6.40333333333333,6.91666666666667,7.01785714285714,6.98571428571429,13,15,6,14,14,5327,2545,2782,680,1387,3940,7.16916054815093,7.61499764243615,6.76130454349389,6.83744117647059,7.11892415284787,7.1868452893401,92
"95",2014,7,6.66896551724138,29,7.13333333333333,6.34117647058823,7.125,7.05555555555556,6.495,12,17,4,9,20,5356,2557,2799,684,1396,3960,7.16645224794623,7.6127371920219,6.75875285459093,6.83912280701754,7.11851561604584,7.18335112121212,93
"96",2014,8,6.63461538461539,26,6.9375,6.5,6.83333333333333,5.66666666666667,6.76086956521739,8,18,9,3,23,5382,2565,2817,693,1399,3983,7.1638829877369,7.61063118908382,6.75709948171814,6.83904761904762,7.1154022873481,7.18091148380618,94
"97",2014,9,7.00294117647059,34,7.44375,6.61111111111111,6.9625,6.9375,7.02307692307692,16,18,8,8,26,5416,2581,2835,701,1407,4009,7.16287264401772,7.60959666795815,6.75617257142857,6.84045649072753,7.1143907604833,7.1798878623098,95
"98",2014,10,6.79736842105263,38,7.27,6.62857142857143,6.33333333333333,6.7,6.83214285714286,10,28,9,10,28,5454,2591,2863,710,1417,4037,7.16032604327099,7.60828598996526,6.75492463849109,6.83402816901408,7.11146633733239,7.1774759573941,96
"99",2014,11,7.05119047619048,42,7.44545454545455,6.6175,6.575,7.11111111111111,7.03484848484849,22,20,8,9,33,5496,2613,2883,718,1426,4070,7.15949203784571,7.60691504018369,6.75397129379119,6.83114206128134,7.11146409537167,7.17631951842752,97
"100",2014,12,6.89393939393939,33,7.26666666666667,6.58333333333333,6.5,7,6.87037037037037,15,18,9,6,27,5529,2628,2901,727,1432,4097,7.1579070790378,7.60497298325723,6.75291252671493,6.82704264099037,7.1109970670391,7.17430325604101,98
"101",2015,1,7.096875,32,7.72142857142857,6.61111111111111,6.575,8,7.03666666666667,14,18,8,2,30,5561,2642,2919,735,1434,4127,7.15755587843913,7.60559008327025,6.75203810894142,6.82429931972789,7.11223695955369,7.17330274775866,99
"102",2015,2,6.9825,40,7.85714285714286,6.51153846153846,7,7.775,6.784375,14,26,5,8,32,5601,2656,2945,740,1442,4159,7.15630570255312,7.60691603915662,6.74991485229202,6.82548648648649,7.11591386962552,7.17031027650877,100
"103",2015,3,6.74125,32,7.685,6.175,5.66666666666667,6.76,6.73777777777778,12,20,3,5,27,5633,2668,2965,743,1447,4186,7.15394785016865,7.60726724137931,6.74603684317032,6.82080753701211,7.11468403593642,7.16752041089345,101
"104",2015,4,7.09615384615385,26,7.475,6.77142857142857,6.93333333333333,7.26,7.05714285714286,12,14,3,5,21,5659,2680,2979,746,1452,4207,7.15368231843082,7.606675,6.74615617321249,6.8212600536193,7.11518443526171,7.16696944140718,102
"105",2015,5,7.07928571428571,28,7.44444444444444,6.422,6.74,6.9,7.11826086956522,18,10,3,5,23,5687,2698,2989,749,1457,4230,7.15331602602427,7.60559266123054,6.74507167614587,6.82093457943925,7.11444598490048,7.16670459574468,103
"106",2015,6,6.68565217391304,23,7.24,6.39,6.62142857142857,6.125,6.98466666666667,8,15,7,8,15,5710,2706,3004,756,1465,4245,7.15143226619965,7.6045118255728,6.74329868175766,6.8190873015873,7.1090428668942,7.16606135217903,104
"107",2015,7,6.65172413793103,29,7.17777777777778,6.415,6.625,7,6.61153846153846,9,20,4,3,26,5739,2715,3024,760,1468,4271,7.14890716849625,7.60309723756906,6.74112739417989,6.81806578947368,7.10882002724795,7.16268565675486,105
"108",2015,8,7.12880952380952,42,7.96842105263158,6.43521739130435,6.75,7.5,7.06694444444444,19,23,6,6,36,5781,2734,3047,766,1474,4307,7.14876115550943,7.60563606437454,6.73881826058418,6.81753263707572,7.11041234735413,7.1618854051544,106
"109",2015,9,6.79285714285714,28,7.28571428571429,6.62857142857143,6.45,6.86111111111111,6.76052631578947,7,21,6,9,19,5809,2741,3068,772,1483,4326,7.14704566018248,7.60481904414447,6.73806363754889,6.81467616580311,7.10889939312205,7.16012261673601,107
"110",2015,10,6.88461538461539,26,7.42307692307692,6.34615384615385,6.5,6.9625,6.85,13,13,3,8,18,5835,2754,3081,775,1491,4344,7.1458763050557,7.60396114742193,6.7364100097371,6.81345806451613,7.1081138832998,7.15883757826888,108
"111",2015,11,6.8530303030303,33,7.22058823529412,6.4625,6.51666666666667,7.1875,6.746,17,16,6,8,25,5868,2771,3097,781,1499,4369,7.14422942058623,7.60160916636593,6.73499491120439,6.81117797695263,7.10853755837225,7.15647526665141,109
"112",2015,12,7.11891891891892,37,7.43888888888889,6.81578947368421,7.9,6.93333333333333,7.13529411764706,18,19,2,3,34,5905,2789,3116,783,1502,4403,7.14407082811177,7.60055898171387,6.73548756097561,6.81395913154534,7.10818761651131,7.15631170565523,110
"113",2016,1,7.018,50,7.32962962962963,6.65217391304348,6.33333333333333,7.66666666666667,6.97659574468085,27,23,9,3,47,5955,2816,3139,792,1505,4450,7.14301229890848,7.59796129261363,6.73487710735903,6.80849747474748,7.10930086378737,7.15441358202247,111
"114",2016,2,6.86621621621622,37,7.72222222222222,6.59107142857143,5.8125,6.9,6.8609375,9,28,8,5,32,5992,2825,3167,800,1510,4482,7.14130311081442,7.59835716814159,6.7336056962425,6.7985375,7.10860781456953,7.15231825970549,112
"115",2016,3,6.88888888888889,27,7.1875,6.45454545454545,6.25,6.75,6.91304347826087,16,11,2,4,23,6019,2841,3178,802,1514,4505,7.14017083236418,7.59604329461457,6.73263978602895,6.79716957605985,7.10766036988111,7.15109665704772,113
"116",2016,4,7.2258064516129,31,7.67391304347826,5.9375,5.66666666666667,7.16666666666667,7.23214285714286,23,8,3,3,28,6050,2864,3186,805,1517,4533,7.14060962644628,7.59666864525139,6.73064320150659,6.79295652173913,7.10777705998681,7.15159727332892,114
"117",2016,5,6.964,25,7.45,6.64,6.46666666666667,6.56666666666667,7.01818181818182,10,15,3,3,22,6075,2874,3201,808,1520,4555,7.13988283786008,7.59615831593598,6.73021844423618,6.79174504950495,7.10670907894737,7.15095289571899,115
"118",2016,6,7.18518518518519,27,7.25,7.15789473684211,7.28571428571429,7,7.2,8,19,7,2,25,6102,2882,3220,815,1522,4580,7.14008329072435,7.59519743233865,6.732742,6.79598773006135,7.10656885676741,7.15122062008734,116
"119",2016,7,6.65384615384615,26,7.40909090909091,6.1,6.33333333333333,5.9,6.83333333333333,11,15,3,5,21,6128,2893,3235,818,1527,4601,7.13802027415144,7.59448980297269,6.72980811128284,6.79429095354523,7.10261807465619,7.14976971093241,117
"120",2016,8,6.79459459459459,37,7.21875,6.47142857142857,5.3,7.5,6.49615384615385,16,21,5,11,26,6165,2909,3256,823,1538,4627,7.13595916301703,7.59242316947404,6.72814165847666,6.78521263669502,7.10546020806242,7.14609691808948,118
"121",2016,9,6.74242424242424,33,7.42857142857143,6.23684210526316,6.41666666666667,7.41666666666667,6.59259259259259,14,19,6,6,27,6198,2923,3275,829,1544,4654,7.13386386576315,7.59163838522066,6.72529137099237,6.78254523522316,7.10666955958549,7.14288578427159,119
"122",2016,10,6.67435897435897,39,7.49230769230769,6.26538461538462,6.25555555555556,6.60833333333333,6.7037037037037,13,26,9,12,27,6237,2936,3301,838,1556,4681,7.13099057880391,7.59119856948229,6.72166896092093,6.77688544152745,7.10282634961439,7.14035258278146,120
"123",2016,11,7.13,30,7.77142857142857,6.93478260869565,6.625,6.8,7.196,7,23,4,5,25,6267,2943,3324,842,1561,4706,7.13098583692357,7.59162725110431,6.72314357400722,6.77616389548694,7.10185637411915,7.14064820229494,121
"124",2016,12,6.82380952380952,21,7.5,6.40769230769231,NA,7.5,6.75263157894737,8,13,0,2,19,6288,2951,3337,842,1563,4725,7.12995996183206,7.59137885462555,6.72191466586755,6.77616389548694,7.10236583493282,7.13908792380952,122
"125",2017,1,6.83513513513514,37,7.5,6.38181818181818,5.875,6.73076923076923,6.89166666666667,15,22,8,13,24,6325,2966,3359,850,1576,4749,7.12823529486166,7.59091672285907,6.71968718070854,6.76768235294118,7.09930063451776,7.13783753211202,123
"126",2017,2,6.86521739130435,23,7.3125,6.62666666666667,5.6,7,6.845,8,15,4,3,20,6348,2974,3374,854,1579,4769,7.12728233144298,7.59016778749159,6.71927363366924,6.7622131147541,7.09911196960101,7.13660944432795,124
"127",2017,3,7.1546875,32,7.74615384615385,6.75,6.91666666666667,7.5,7.075,13,19,3,6,26,6380,2987,3393,857,1585,4795,7.12741978683386,7.59084666889856,6.71944569407604,6.76275379229872,7.10062952681388,7.13627537851929,125
"128",2017,4,6.98275862068965,29,7.36666666666667,6.57142857142857,7.25,7.5,6.875,15,14,4,5,24,6409,3002,3407,861,1590,4819,7.12676521142144,7.58972651565623,6.71883746404461,6.76501742160279,7.10188540880503,7.13497415231376,126
"129",2017,5,7.0404347826087,23,6.90272727272727,7.16666666666667,7.33333333333333,6.786,7.11111111111111,11,12,3,5,18,6432,3013,3419,864,1595,4837,7.12645650497513,7.58721838698971,6.72040925416789,6.76699074074074,7.10089517241379,7.13488535042382,127
"130",2017,6,6.43076923076923,13,7.16666666666667,5.8,6.8,5.6,6.95,6,7,2,5,8,6445,3019,3426,866,1600,4845,7.12505325678821,7.58638257701225,6.71852867483946,6.76706697459584,7.096204875,7.13458007017544,128
"131",2017,7,6.36875,24,6.71875,6.19375,6.43333333333333,5.75,6.4925,8,16,6,4,20,6469,3027,3442,872,1604,4865,7.12224737053641,7.58408952758507,6.71608926205694,6.76477064220184,7.09284775561097,7.13194048098664,129
"132",2017,8,6.75925925925926,27,6.83333333333333,6.66666666666667,6.4,6.72222222222222,6.77777777777778,15,12,5,9,18,6496,3042,3454,877,1613,4883,7.1207386453202,7.5803875739645,6.71591755645628,6.76269099201825,7.09077978921264,7.13063494573008,130
"133",2017,9,7,20,7.5625,6.625,6.7,7,7,8,12,5,1,19,6516,3050,3466,882,1614,4902,7.12036805402087,7.5803406557377,6.7156027813041,6.76233560090703,7.09072354399008,7.13012860873113,131
"134",2017,10,6.41703703703704,27,7.197,5.95823529411765,6.018,6.31428571428571,6.453,10,17,5,7,20,6543,3060,3483,887,1621,4922,7.11746572520251,7.57908790849673,6.71190618432386,6.75813979706877,7.08737063541024,7.12737717188135,132
"135",2017,11,7.23214285714286,28,7.4125,7.096875,6.9625,7.14166666666667,7.25681818181818,12,16,8,6,22,6571,3072,3499,895,1627,4944,7.1179543813727,7.57843717447917,6.71366654472707,6.75996648044693,7.08757086662569,7.12795316343042,133
"136",2017,12,6.58772727272727,22,7.043,6.20833333333333,6.2,7.14,6.42529411764706,10,12,5,5,17,6593,3082,3511,900,1632,4961,7.11618508114667,7.57669987021415,6.71193940187981,6.75685555555556,7.08773149509804,7.12554534166499,134
"137",2018,1,6.53918918918919,37,7.134375,6.08571428571429,5.68,6.7375,6.51515151515152,16,21,5,4,33,6630,3098,3532,905,1636,4994,7.11296504374058,7.57441542930923,6.70821609286523,6.75090607734807,7.08687518337408,7.12151190228274,135
"138",2018,2,6.27666666666667,30,7.425,5.7025,5.615,5.91666666666667,6.36666666666667,10,20,10,6,24,6660,3108,3552,915,1642,5018,7.10919793393394,7.57393468468469,6.70255327702703,6.73849180327869,7.08259914738124,7.11790164208848,136
"139",2018,3,7.2175,20,7.7,6.735,6.75,7.4,7.15666666666667,10,10,4,5,15,6680,3118,3562,919,1647,5033,7.10952219161677,7.57433899935856,6.7026443683324,6.73854189336235,7.08356272009715,7.11801717464733,137
"140",2018,4,6.9448275862069,29,7.40625,6.37692307692308,6.1,8,6.776,16,13,4,4,25,6709,3134,3575,923,1651,5058,7.10881029065435,7.57348085513721,6.70145992727273,6.73577464788732,7.08578304058146,7.11632669829972,138
"141",2018,5,6.79677419354839,31,7.64375,5.89333333333333,6.06666666666667,7.05714285714286,6.72083333333333,16,15,6,7,24,6740,3150,3590,929,1658,5082,7.10737510979229,7.57383777777778,6.69808335376045,6.73145317545748,7.08566212303981,7.11445896103896,139
"142",2018,6,7.25,21,7.60416666666667,6.77777777777778,6.5,7,7.2625,12,9,3,1,20,6761,3162,3599,932,1659,5102,7.10781810974708,7.57395287792536,6.69828264517922,6.73070815450644,7.08561048824593,7.11503928655429,140
"143",2018,7,6.965,20,7.41111111111111,6.6,6.83333333333333,6,7.01578947368421,9,11,3,1,19,6781,3171,3610,935,1660,5121,7.1073968795163,7.57349069694103,6.69798316897507,6.73103743315508,7.0849565060241,7.11467104862332,141
"144",2018,8,6.6328125,32,7.07272727272727,6.40238095238095,6.8125,7.4,6.49074074074074,11,21,8,5,27,6813,3182,3631,943,1665,5148,7.10516780273008,7.57175958516656,6.6962735444781,6.73172852598091,7.08590258258258,7.11139868686869,142
"145",2018,9,6.90416666666667,24,7.05384615384615,6.72727272727273,7,7.3,6.77222222222222,13,11,2,6,18,6837,3195,3642,945,1671,5166,7.10446222612257,7.56965226917058,6.69636717188358,6.7322962962963,7.08667133453022,7.1102168873403,143
"146",2018,10,6.77,30,7.2875,6.17857142857143,6.16666666666667,7.35714285714286,6.59130434782609,16,14,6,7,23,6867,3211,3656,951,1678,5189,7.10300105431775,7.56824634070383,6.6943843654267,6.72872765509989,7.08779964243146,7.10791683175949,144
"147",2018,11,7.09652173913044,23,7.29272727272727,6.91666666666667,6.25,8.13333333333333,6.941,11,12,2,3,20,6890,3222,3668,953,1681,5209,7.10297942525399,7.56730571073867,6.69511157033806,6.72772298006296,7.08966555621654,7.107275953158,145
"148",2018,12,7.41428571428571,21,7.51666666666667,7.27777777777778,6.83333333333333,7,7.435,12,9,3,1,20,6911,3234,3677,956,1682,5229,7.10392537114745,7.56711781076067,6.69653773184661,6.72805439330544,7.08961224732461,7.10852943966342,146
"149",2019,1,7.11428571428571,35,7.43125,6.84736842105263,5.75,6.875,7.18518518518519,16,19,6,8,27,6946,3250,3696,962,1690,5256,7.10397757558307,7.56644892307692,6.69731310606061,6.72195426195426,7.08859633136094,7.10892321917808,147
"150",2019,2,6.12739130434783,23,6.77777777777778,5.70928571428571,4.77666666666667,5.26666666666667,6.43117647058824,9,14,3,6,17,6969,3259,3710,965,1696,5273,7.10075451858229,7.56427094200675,6.69358470080862,6.71590673575129,7.0821508254717,7.10673818319742,148
"151",2019,3,6.74939393939394,33,6.9775,6.61904761904762,6.0625,6.4,6.81178571428571,12,21,8,5,28,7002,3271,3731,973,1701,5301,7.09909857754927,7.56211831244268,6.69316516751541,6.71053442959918,7.08014567901234,7.105180237691,149
"152",2019,4,7.06321827586207,29,7.55,6.80701736842105,6.9333325,6.5,7.10493814814815,10,19,4,2,27,7031,3281,3750,977,1703,5328,7.09895058597639,7.56208137762877,6.69374201866667,6.71144660184237,7.07946435701703,7.10517901088589,150
"153",2019,5,6.93333333333333,15,7.41666666666667,6.61111111111111,6.66666666666667,NA,6.93333333333333,6,9,3,0,15,7046,3287,3759,980,1703,5343,7.09859800879932,7.56181594158808,6.69354417930301,6.71130952040816,7.07946435701703,7.10469656934307,151
"154",2019,6,7.33181818181818,22,7.46923076923077,7.13333333333333,6.56666666666667,8.125,7.15555555555556,13,9,3,4,18,7068,3300,3768,983,1707,5361,7.09932393463498,7.56145121212121,6.69459463110403,6.71086808748728,7.08191435266549,7.10486733258721,152
"155",2019,7,7.30555555555556,18,7.95454545454545,6.28571428571429,8,8,7.21875,11,7,2,2,16,7086,3311,3775,985,1709,5377,7.0998478083545,7.5627571730595,6.69383644238411,6.7134856142132,7.08298876535986,7.10520620606286,153
"156",2019,8,6.96818181818182,22,7.44166666666667,6.4,7,7.5,6.85,12,10,4,4,18,7108,3323,3785,989,1713,5395,7.09944028840743,7.56231989166416,6.69306012417437,6.71464441860465,7.08396252189142,7.10435473030584,154
"157",2019,9,6.485,20,7.21111111111111,5.89090909090909,5.33333333333333,6.6,6.46470588235294,9,11,3,3,17,7128,3332,3796,992,1716,5412,7.09771626964086,7.5613712484994,6.69073566122234,6.71046706653226,7.08311643356643,7.10234548595714,155
"158",2019,10,7.14761904761905,21,7.21,7.09090909090909,7.5,7.325,7.10588235294118,10,11,2,4,17,7149,3342,3807,994,1720,5429,7.09786285774234,7.56031986834231,6.69189192802732,6.7120556639839,7.08367895348837,7.10235656106097,156
"159",2019,11,6.9390625,32,7.48823529411765,6.31666666666667,6.6,7,6.93275862068965,17,15,5,3,29,7181,3359,3822,999,1723,5458,7.0971552109734,7.55995504614469,6.69041930141287,6.71149482482482,7.08353325594892,7.10145543605717,157
"160",2019,12,7.07272727272727,11,7.08888888888889,7,NA,NA,7.07272727272727,9,2,0,0,11,7192,3368,3824,999,1723,5469,7.09711784899889,7.55869625890736,6.69058121600418,6.71149482482482,7.08353325594892,7.10139765405011,158
"161",2020,1,6.87142857142857,35,7.1875,6.60526315789474,6.36666666666667,6.66,6.90666666666667,16,19,6,5,30,7227,3384,3843,1005,1728,5499,7.09602484710115,7.55694119385343,6.6901593989071,6.70943614925373,7.08230775462963,7.10033529187125,159
"162",2020,2,6.61515151515152,33,7.41428571428571,6.02631578947368,4.83333333333333,5.58,7.06521739130435,14,19,3,10,23,7260,3398,3862,1008,1738,5522,7.09383905922865,7.55635344320188,6.68689346711548,6.70385250992063,7.07366386651323,7.10018902028251,160
"163",2020,3,6.672,20,7.31272727272727,5.88888888888889,5.8,8,6.43764705882353,11,9,5,3,17,7280,3409,3871,1013,1741,5539,7.09268016071429,7.55556732179525,6.68503812193232,6.69939124383021,7.07526008041355,7.09815558223507,161
"164",2020,4,6.81818181818182,11,7.16666666666667,5.25,5.5,7,6.71428571428571,9,2,1,4,7,7291,3418,3873,1014,1745,5546,7.09226602249349,7.55454330017554,6.68429707461916,6.6982084122288,7.07508756446991,7.0976710728453,162
"165",2020,5,6.2695652173913,23,7.13333333333333,5.71428571428571,5,6.2,6.28888888888889,9,14,3,5,18,7314,3427,3887,1017,1750,5564,7.08967891304348,7.55343711701196,6.68080333676357,6.69319894788594,7.07258731428571,7.09505459561467,163
"166",2020,6,6.56,20,6.90909090909091,6.13333333333333,6.2,6.66666666666667,6.54117647058824,11,9,6,3,17,7334,3438,3896,1023,1753,5581,7.08823446550314,7.55137550901687,6.6795386473306,6.69030628543499,7.07189264118653,7.09336745565311,164
"167",2020,7,6.85833333333333,12,7.66,6.28571428571429,4.5,6.5,6.97777777777778,5,7,2,3,9,7346,3443,3903,1025,1756,5590,7.08785891233325,7.5515332558815,6.67883232641558,6.68603251707317,7.07091560364464,7.09318135420394,165
"168",2020,8,7.03333333333333,21,7.81428571428571,6.64285714285714,6.66666666666667,7,7.03888888888889,7,14,3,3,18,7367,3450,3917,1028,1759,5608,7.08770348445772,7.55206637681159,6.67870374521317,6.68597600194552,7.07079465605457,7.09300709165478,166
"169",2020,9,6.90769230769231,26,7.5625,6.61666666666667,6.33333333333333,6.9,6.90952380952381,8,18,3,5,21,7393,3458,3935,1031,1764,5629,7.08707041390505,7.55209051474841,6.67841996696315,6.68494988360815,7.07031054421768,7.09232257416948,167
"170",2020,10,6.63414634146341,41,7.16923076923077,6.38571428571429,6.65,6.45714285714286,6.67058823529412,13,28,4,7,34,7434,3471,3963,1035,1771,5663,7.08457244686575,7.55065658311726,6.67635189755236,6.6848148115942,7.06788695652174,7.08979052975455,168
"171",2020,11,6.71875,32,6.86842105263158,6.5,6.5,6.75,6.71153846153846,19,13,2,6,26,7466,3490,3976,1037,1777,5689,7.08300449638361,7.54694240687679,6.67577529426559,6.68445837029894,7.06681361845807,7.08806183336263,169
"172",2020,12,6.64166666666667,36,7.16153846153846,6.34782608695652,6.33333333333333,6.16666666666667,6.68484848484848,13,23,9,3,33,7502,3503,3999,1046,1780,5722,7.08088663956279,7.54551213245789,6.67388911477869,6.68143721797323,7.06529651685393,7.08573641558896,170
"173",2021,1,6.55652173913044,23,7.22222222222222,6.12857142857143,4.3,5,6.88421052631579,9,14,1,4,19,7525,3512,4013,1047,1784,5741,7.07928392956811,7.54468365603645,6.67198668577124,6.67916268385864,7.06066580717489,7.08506946002439,171
"174",2021,2,6.75740722222222,18,7.42592555555556,6.08888888888889,6,8,6.68431352941176,9,9,4,1,17,7543,3521,4022,1051,1785,5758,7.07851582924566,7.54438009940358,6.67068189209349,6.67657785918173,7.06119204481792,7.08388626259118,172
"175",2021,3,6.98611111111111,18,6.64285714285714,7.20454545454545,6.9,7,6.98333333333333,7,11,5,3,15,7561,3528,4033,1056,1788,5773,7.07829584711017,7.54259136337868,6.67213800396727,6.67763572916667,7.06108937360179,7.0836249956695,173
"176",2021,4,6.9,23,7.27272727272727,6.55833333333333,6.5,8.25,6.77142857142857,11,12,3,2,21,7584,3539,4045,1059,1790,5794,7.07775512921941,7.54175256569652,6.6718003881335,6.67713251180359,7.06241776536313,7.08249345875044,174
"177",2021,5,7.08928571428571,28,7.59375,6.41666666666667,6.33333333333333,7,7.11904761904762,16,12,9,7,21,7612,3555,4057,1068,1797,5815,7.0777975433526,7.5419865907173,6.67104574069509,6.67423532771535,7.06217462437395,7.08262546861565,175
"178",2021,6,6.6,20,7.16666666666667,6.13636363636364,6.83333333333333,6.375,6.65625,9,11,3,4,16,7632,3564,4068,1071,1801,5831,7.0765454533543,7.54103881313131,6.66959994346116,6.67468098039216,7.06064841754581,7.08145551363403,176
"179",2021,7,6.92307692307692,13,7.4,6.625,5,7,6.91666666666667,5,8,1,1,12,7645,3569,4076,1072,1802,5843,7.07628448659255,7.54084122443261,6.66951240677134,6.67311877798507,7.06061476137625,7.08111708026699,177
"180",2021,8,7.14736842105263,19,7.33,6.94444444444444,7.25,7.3,7.09285714285714,10,9,2,5,14,7664,3579,4085,1074,1807,5857,7.07646071242171,7.54025211791003,6.67011813219094,6.67419304469274,7.06127714443829,7.08114514256446,178
"181",2021,9,7.21875,16,7.58333333333333,7,6.66666666666667,6.33333333333333,7.42307692307692,6,10,3,3,13,7680,3585,4095,1077,1810,5870,7.0767571484375,7.54032422036262,6.6709237045177,6.67417207985144,7.0600706077348,7.0819024020443,179
"182",2021,10,7.08823529411765,17,7.64285714285714,6.7,6.5,7.33333333333333,7.03571428571429,7,10,4,3,14,7697,3592,4105,1081,1813,5884,7.0767824996752,7.54052403396436,6.67099453593179,6.67352759481961,7.06052277992278,7.08179250509858,180
"183",2021,11,7.25,21,7.915,6.64545454545455,5,7.67,7.11875,10,11,1,5,16,7718,3602,4116,1082,1818,5900,7.07725380927702,7.541563667407,6.67092628036929,6.67198089648798,7.06219900990099,7.08189272881356,181
"184",2021,12,6.79354838709677,31,7.33888888888889,6.03846153846154,5.75,6.5,6.81379310344828,18,13,6,2,29,7749,3620,4129,1088,1820,5929,7.07611884114079,7.54055589226519,6.66893498910148,6.6668964430147,7.06158120879121,7.08058139652556,182
"185",2022,1,6.99038461538461,26,7.26785714285714,6.66666666666667,6,7.75,6.92708333333333,14,12,4,2,24,7775,3634,4141,1092,1822,5953,7.0758321414791,7.53950531920748,6.66892841584158,6.6644535989011,7.06233688254665,7.07996255669411,183
"186",2022,2,6.57142857142857,21,7.27777777777778,6.04166666666667,5,6,6.85714285714286,9,12,2,7,14,7796,3643,4153,1094,1829,5967,7.07447343509492,7.53885872357947,6.66711595713942,6.66141072212066,7.0582710770913,7.07943976872801,184
"187",2022,3,6.79736842105263,19,7.15833333333333,6.17857142857143,6.5,6.87857142857143,6.75,12,7,2,7,12,7815,3655,4160,1096,1836,5979,7.07379973128599,7.53760939261286,6.66629388701923,6.6611161770073,7.05758594771242,7.07877857501255,185
"188",2022,4,6.58142857142857,14,6.6875,6.44,5,5,6.70307692307692,8,6,1,1,13,7829,3663,4166,1097,1837,5992,7.07291926171925,7.53575275184275,6.66596797167547,6.65960194165907,7.05646586826347,7.07796346795728,186
"189",2022,5,6.86363636363636,22,7.08333333333333,6.6,6.5,NA,6.86363636363636,12,10,2,0,22,7851,3675,4176,1099,1837,6014,7.07233281110687,7.53427546394558,6.66581000239463,6.65931149226569,7.05646586826347,7.07717943132691,187
"190",2022,6,7.47666666666667,15,7.38636363636364,7.725,6.95,6.5,7.62692307692308,11,4,2,2,13,7866,3686,4180,1101,1839,6027,7.07310385202136,7.53383405588714,6.66682358133971,6.65983953678474,7.05586068515497,7.07836520657044,188
"191",2022,7,7.03571428571429,21,7.13636363636364,6.925,6.375,6.25,7.11842105263158,11,10,2,2,19,7887,3697,4190,1103,1841,6046,7.07300429821225,7.53265142818501,6.66743975417661,6.65932305530372,7.05498522542096,7.07849108501489,189
"192",2022,8,6.74444444444444,18,7.24444444444444,6.24444444444444,6.6,6.3,6.87142857142857,9,9,2,4,14,7905,3706,4199,1105,1845,6060,7.0722561543327,7.53195151915812,6.66653311979042,6.65921568325792,7.05334840108401,7.07801272277228,190
"193",2022,9,6.43076923076923,13,6.35,6.5,6.4,5,6.55,6,7,1,1,12,7918,3712,4206,1106,1846,6072,7.07120294266229,7.53004103717672,6.66625596053257,6.65898131103074,7.0522360780065,7.07696921936759,191
"194",2022,10,6.91875,16,7.2,6.75,7.16666666666667,6.85,6.92857142857143,6,10,3,2,14,7934,3718,4216,1109,1848,6086,7.07089550037812,7.52950842657343,6.66645459440228,6.66035467087466,7.05201720779221,7.07662785080513,192
"195",2022,11,7.08458333333333,24,7.58583333333333,6.58333333333333,6,6.875,7.1265,12,12,3,4,20,7958,3730,4228,1112,1852,6106,7.07093678059814,7.52968963270777,6.66621867786187,6.65857313848921,7.0516348812095,7.07679120537177,193
"196",2022,12,7.3178,25,7.53892857142857,7.03636363636364,7,6.83333333333333,7.38386363636364,14,11,1,3,22,7983,3744,4239,1113,1855,6128,7.07170987097583,7.52972418002137,6.6671791861288,6.65887990116801,7.0512818328841,7.0778936194517,194
