"","year","month","avg_rating","no_ratings","avg_rating_owned","avg_rating_not_owned","avg_rating_prev_owned","avg_rating_comment","avg_rating_no_comment","no_ratings_owned","no_ratings_not_owned","no_ratings_prev_owned","no_ratings_comment","no_ratings_no_comment","cum_no_ratings","cum_no_ratings_owned","cum_no_ratings_not_owned","cum_no_ratings_prev_owned","cum_no_ratings_comment","cum_no_ratings_no_comment","cum_avg_rating","cum_avg_rating_owned","cum_avg_rating_not_owned","cum_avg_rating_prev_owned","cum_avg_rating_comment","cum_avg_rating_no_comment","month_after_release"
"1",2001,9,3,1,NA,3,3,3,NA,0,1,1,1,0,1,0,1,1,1,0,3,NA,3,3,3,NA,0
"2",2001,10,6,9,6,NA,NA,4,6.25,9,0,0,1,8,10,9,1,1,2,8,5.7,6,3,3,3.5,6.25,1
"3",2001,11,5,2,5,5,NA,NA,5,1,1,0,0,2,12,10,2,1,2,10,5.58333333333333,5.9,4,3,3.5,6,2
"4",2001,12,5.66666666666667,3,5.66666666666667,NA,NA,6,5.5,3,0,0,1,2,15,13,2,1,3,12,5.6,5.84615384615385,4,3,4.33333333333333,5.91666666666667,3
"5",2002,1,4.5,2,NA,4.5,6,NA,4.5,0,2,1,0,2,17,13,4,2,3,14,5.47058823529412,5.84615384615385,4.25,4.5,4.33333333333333,5.71428571428571,4
"6",2002,2,4.8,5,4.8,NA,NA,5.5,4.33333333333333,5,0,0,2,3,22,18,4,2,5,17,5.31818181818182,5.55555555555556,4.25,4.5,4.8,5.47058823529412,5
"7",2002,3,7,2,7,NA,NA,NA,7,2,0,0,0,2,24,20,4,2,5,19,5.45833333333333,5.7,4.25,4.5,4.8,5.63157894736842,6
"8",2002,4,5.5,2,6,5,NA,5,6,1,1,0,1,1,26,21,5,2,6,20,5.46153846153846,5.71428571428571,4.4,4.5,4.83333333333333,5.65,7
"9",2002,5,5.4,5,5.66666666666667,5,NA,NA,5.4,3,2,0,0,5,31,24,7,2,6,25,5.45161290322581,5.70833333333333,4.57142857142857,4.5,4.83333333333333,5.6,8
"10",2002,6,7,1,7,NA,NA,NA,7,1,0,0,0,1,32,25,7,2,6,26,5.5,5.76,4.57142857142857,4.5,4.83333333333333,5.65384615384615,9
"11",2002,7,6.5625,8,6.57142857142857,6.5,6.5,6.5,6.58333333333333,7,1,1,2,6,40,32,8,3,8,32,5.7125,5.9375,4.8125,5.16666666666667,5.25,5.828125,10
"12",2002,8,4.66666666666667,9,4.66666666666667,NA,NA,3,4.875,9,0,0,1,8,49,41,8,3,9,40,5.52040816326531,5.65853658536585,4.8125,5.16666666666667,5,5.6375,11
"13",2002,9,5.85,10,5.78571428571429,6,5.5,5.83333333333333,5.85714285714286,7,3,2,3,7,59,48,11,5,12,47,5.57627118644068,5.67708333333333,5.13636363636364,5.3,5.20833333333333,5.67021276595745,12
"14",2002,10,6,5,6,6,NA,NA,6,3,2,0,0,5,64,51,13,5,12,52,5.609375,5.69607843137255,5.26923076923077,5.3,5.20833333333333,5.70192307692308,13
"15",2002,11,5.28571428571429,7,6.66666666666667,4.25,3,4,6.25,3,4,1,3,4,71,54,17,6,15,56,5.57746478873239,5.75,5.02941176470588,4.91666666666667,4.96666666666667,5.74107142857143,14
"16",2002,12,6.16666666666667,6,6,6.5,6,7,6,4,2,1,1,5,77,58,19,7,16,61,5.62337662337662,5.76724137931035,5.18421052631579,5.07142857142857,5.09375,5.76229508196721,15
"17",2003,1,5.4,10,5.71428571428571,4.66666666666667,NA,5,5.5,7,3,0,2,8,87,65,22,7,18,69,5.59770114942529,5.76153846153846,5.11363636363636,5.07142857142857,5.08333333333333,5.73188405797101,16
"18",2003,2,6.8,5,8,5,NA,10,6,3,2,0,1,4,92,68,24,7,19,73,5.66304347826087,5.86029411764706,5.10416666666667,5.07142857142857,5.34210526315789,5.74657534246575,17
"19",2003,3,6,3,6.5,5,NA,NA,6,2,1,0,0,3,95,70,25,7,19,76,5.67368421052632,5.87857142857143,5.1,5.07142857142857,5.34210526315789,5.75657894736842,18
"20",2003,4,6.14285714285714,7,6.14285714285714,NA,NA,5.33333333333333,6.75,7,0,0,3,4,102,77,25,7,22,80,5.70588235294118,5.9025974025974,5.1,5.07142857142857,5.34090909090909,5.80625,19
"21",2003,5,5.26666666666667,15,5.71428571428571,4.875,NA,5.33333333333333,5.22222222222222,7,8,0,6,9,117,84,33,7,28,89,5.64957264957265,5.88690476190476,5.04545454545455,5.07142857142857,5.33928571428571,5.74719101123596,20
"22",2003,6,5.36363636363636,11,6.83333333333333,3.6,NA,3.33333333333333,6.125,6,5,0,3,8,128,90,38,7,31,97,5.625,5.95,4.85526315789474,5.07142857142857,5.14516129032258,5.77835051546392,21
"23",2003,7,5.19607843137255,51,5.625,4.81481481481481,6,5.38461538461539,5.13157894736842,24,27,1,13,38,179,114,65,8,44,135,5.50279329608939,5.88157894736842,4.83846153846154,5.1875,5.21590909090909,5.5962962962963,22
"24",2003,8,5.1,15,5.72222222222222,4.16666666666667,5,6.5,4.88461538461539,9,6,1,2,13,194,123,71,9,46,148,5.47164948453608,5.86991869918699,4.78169014084507,5.16666666666667,5.27173913043478,5.53378378378378,23
"25",2003,9,4.61111111111111,9,5.5,2.83333333333333,NA,4,5.1,6,3,0,4,5,203,129,74,9,50,153,5.43349753694581,5.85271317829457,4.7027027027027,5.16666666666667,5.17,5.51960784313726,24
"26",2003,10,5.5,8,6,4,NA,NA,5.5,6,2,0,0,8,211,135,76,9,50,161,5.43601895734597,5.85925925925926,4.68421052631579,5.16666666666667,5.17,5.51863354037267,25
"27",2003,11,4.5,6,4.75,4,NA,4,5.5,4,2,0,4,2,217,139,78,9,54,163,5.41013824884793,5.8273381294964,4.66666666666667,5.16666666666667,5.08333333333333,5.51840490797546,26
"28",2003,12,5.07692307692308,13,6.125,3.4,NA,7.66666666666667,4.3,8,5,0,3,10,230,147,83,9,57,173,5.39130434782609,5.84353741496599,4.59036144578313,5.16666666666667,5.21929824561404,5.44797687861272,27
"29",2004,1,4.725,20,5.35714285714286,4.38461538461539,NA,5.14285714285714,4.5,7,13,0,7,13,250,154,96,9,64,186,5.338,5.82142857142857,4.5625,5.16666666666667,5.2109375,5.38172043010753,28
"30",2004,2,4.25,12,4.44444444444444,3.66666666666667,NA,3,4.66666666666667,9,3,0,3,9,262,163,99,9,67,195,5.2881679389313,5.74539877300614,4.53535353535354,5.16666666666667,5.11194029850746,5.34871794871795,29
"31",2004,3,5.70588235294118,17,6.06666666666667,3,NA,5.16666666666667,6,15,2,0,6,11,279,178,101,9,73,206,5.31362007168459,5.77247191011236,4.5049504950495,5.16666666666667,5.11643835616438,5.38349514563107,30
"32",2004,4,4.55555555555556,9,4.375,6,NA,4.2,5,8,1,0,5,4,288,186,102,9,78,210,5.28993055555555,5.71236559139785,4.51960784313725,5.16666666666667,5.05769230769231,5.37619047619048,31
"33",2004,5,5.27272727272727,11,6.14285714285714,3.75,NA,6,5,7,4,0,3,8,299,193,106,9,81,218,5.28929765886288,5.7279792746114,4.49056603773585,5.16666666666667,5.09259259259259,5.36238532110092,32
"34",2004,6,5.88181818181818,11,6.375,4.56666666666667,NA,4.9,6.25,8,3,0,3,8,310,201,109,9,84,226,5.31032258064516,5.75373134328358,4.49266055045871,5.16666666666667,5.08571428571429,5.39380530973451,33
"35",2004,7,4.625,8,4.8,4.33333333333333,NA,5.33333333333333,4.2,5,3,0,3,5,318,206,112,9,87,231,5.29308176100629,5.73058252427184,4.48839285714286,5.16666666666667,5.09425287356322,5.36796536796537,34
"36",2004,8,4.47058823529412,17,5.04545454545455,3.41666666666667,2.5,4.1,4.625,11,6,1,5,12,335,217,118,10,92,243,5.25134328358209,5.69585253456221,4.43389830508474,4.9,5.04021739130435,5.33127572016461,35
"37",2004,9,5.5625,16,5.30769230769231,6.66666666666667,NA,5.625,5.5,13,3,0,8,8,351,230,121,10,100,251,5.26552706552707,5.67391304347826,4.48925619834711,4.9,5.087,5.33665338645418,36
"38",2004,10,4.66666666666667,15,5.5,3,3,4.07142857142857,5.1875,10,5,2,7,8,366,240,126,12,107,259,5.24098360655738,5.66666666666667,4.43015873015873,4.58333333333333,5.02056074766355,5.33204633204633,37
"39",2004,11,5.18421052631579,19,5.5,4.75,5,4.3125,5.81818181818182,11,8,1,8,11,385,251,134,13,115,270,5.23818181818182,5.6593625498008,4.44925373134328,4.61538461538461,4.97130434782609,5.35185185185185,38
"40",2004,12,5,9,5.2,4.75,NA,4,5.8,5,4,0,4,5,394,256,138,13,119,275,5.23274111675127,5.650390625,4.45797101449275,4.61538461538461,4.93865546218487,5.36,39
"41",2005,1,5.108,25,5.54666666666667,4.45,NA,5.225,5,15,10,0,12,13,419,271,148,13,131,288,5.22529832935561,5.64464944649446,4.45743243243243,4.61538461538461,4.96488549618321,5.34375,40
"42",2005,2,5.52545454545455,22,5.9725,4.33333333333333,NA,5.756,5.33333333333333,16,6,0,10,12,441,287,154,13,141,300,5.24027210884354,5.66292682926829,4.4525974025974,4.61538461538461,5.02099290780142,5.34333333333333,41
"43",2005,3,4.485,20,4.55,4.42,2.5,4.39166666666667,4.625,10,10,2,12,8,461,297,164,15,153,308,5.20750542299349,5.62545454545455,4.45060975609756,4.33333333333333,4.97163398692811,5.32467532467532,42
"44",2005,4,4.57692307692308,13,5.5,3.1,NA,3.5,5.5,8,5,0,6,7,474,305,169,15,159,315,5.19021097046413,5.62216393442623,4.41065088757396,4.33333333333333,4.91610062893082,5.32857142857143,43
"45",2005,5,4.85294117647059,17,4.875,4.8,NA,4.9,4.83333333333333,12,5,0,5,12,491,317,174,15,164,327,5.17853360488798,5.59388012618296,4.42183908045977,4.33333333333333,4.91560975609756,5.31039755351682,44
"46",2005,6,4.89190476190476,21,5.02538461538462,4.675,NA,4.373,5.36363636363636,13,8,0,10,11,512,330,182,15,174,338,5.16677734375,5.57148484848485,4.43296703296703,4.33333333333333,4.88442528735632,5.31213017751479,45
"47",2005,7,5.54166666666667,24,5.78947368421053,4.6,5,5.36363636363636,5.69230769230769,19,5,3,11,13,536,349,187,18,185,351,5.18356343283582,5.58335243553009,4.43743315508021,4.44444444444444,4.91291891891892,5.32621082621083,46
"48",2005,8,5.075,28,5.205,4.75,4,4.97142857142857,5.17857142857143,20,8,1,14,14,564,369,195,19,199,365,5.17817375886525,5.56284552845529,4.45025641025641,4.42105263157895,4.9170351758794,5.32054794520548,47
"49",2005,9,5.5,28,6.15,3.875,NA,5.32352941176471,5.77272727272727,20,8,0,17,11,592,389,203,19,216,376,5.19339527027027,5.59303341902314,4.42758620689655,4.42105263157895,4.94902777777778,5.33377659574468,48
"50",2005,10,5.31818181818182,22,5.71428571428571,4.625,6,5.54545454545455,5.09090909090909,14,8,1,11,11,614,403,211,20,227,387,5.1978664495114,5.59724565756824,4.43507109004739,4.5,4.9779295154185,5.32687338501292,49
"51",2005,11,4.86896551724138,29,5.32631578947368,4,NA,4.88888888888889,4.86,19,10,0,9,20,643,422,221,20,236,407,5.18303265940902,5.58504739336493,4.41538461538461,4.5,4.97453389830508,5.3039312039312,50
"52",2005,12,5.62307692307692,26,5.76,5.16666666666667,5,5.91111111111111,5.47058823529412,20,6,2,9,17,669,442,227,22,245,424,5.20013452914798,5.59296380090498,4.4352422907489,4.54545454545455,5.0089387755102,5.31061320754717,51
"53",2006,1,4.82211538461539,52,5.21551724137931,4.32608695652174,5,4.81578947368421,4.82575757575758,29,23,1,19,33,721,471,250,23,264,457,5.17287101248266,5.56972399150743,4.4252,4.56521739130435,4.99503787878788,5.27560175054705,52
"54",2006,2,5.114,25,6.02333333333333,3.75,NA,4.89545454545455,5.28571428571429,15,10,0,11,14,746,486,260,23,275,471,5.1708981233244,5.58372427983539,4.39923076923077,4.56521739130435,4.99105454545454,5.27590233545648,53
"55",2006,3,5.33846153846154,26,5.46666666666667,4.8,NA,6.1625,4.97222222222222,21,5,0,8,18,772,507,265,23,283,489,5.1765414507772,5.57887573964497,4.40679245283019,4.56521739130435,5.02416961130742,5.26472392638037,54
"56",2006,4,5.23333333333333,15,5.28571428571429,5.1875,NA,5.125,5.27272727272727,7,8,0,4,11,787,514,273,23,287,500,5.17762388818297,5.57488326848249,4.42967032967033,4.56521739130435,5.02557491289198,5.2649,55
"57",2006,5,4.80952380952381,21,5.625,3.72222222222222,5,3.9375,5.34615384615385,12,9,1,8,13,808,526,282,24,295,513,5.16805693069307,5.57602661596958,4.40709219858156,4.58333333333333,4.99606779661017,5.26695906432748,56
"58",2006,6,4.94090909090909,22,5.26428571428571,4.375,3,4.5,5.24615384615385,14,8,1,9,13,830,540,290,25,304,526,5.16203614457831,5.56794444444444,4.40620689655172,4.52,4.98138157894737,5.26644486692015,57
"59",2006,7,5.26666666666667,39,5.2962962962963,5.2,6,5.22222222222222,5.28,27,12,1,9,30,869,567,302,26,313,556,5.16673187571922,5.55500881834215,4.43774834437086,4.57692307692308,4.98830670926518,5.26717625899281,58
"60",2006,8,4.82407407407407,27,4.890625,4.72727272727273,NA,4.45833333333333,5.11666666666667,16,11,0,12,15,896,583,313,26,325,571,5.15640625,5.53677530017153,4.44792332268371,4.57692307692308,4.96873846153846,5.26322241681261,59
"61",2006,9,5.01612903225806,31,5.55,4.04545454545455,5,3.92857142857143,5.33333333333333,20,11,1,7,24,927,603,324,27,332,595,5.15171521035599,5.53721393034826,4.43425925925926,4.59259259259259,4.94680722891566,5.26605042016807,60
"62",2006,10,5.07407407407407,27,5.2,4.91666666666667,5.5,4.94444444444444,5.13888888888889,15,12,1,9,18,954,618,336,28,341,613,5.1495178197065,5.52902912621359,4.4514880952381,4.625,4.94674486803519,5.26231647634584,61
"63",2006,11,5.2962962962963,27,5.39130434782609,4.75,NA,5.14285714285714,5.35,23,4,0,7,20,981,641,340,28,348,633,5.15355759429154,5.52408736349454,4.455,4.625,4.95068965517241,5.2650868878357,62
"64",2006,12,5.01020408163265,49,5.325,3.61111111111111,3.5,4.59375,5.21212121212121,40,9,2,16,33,1030,681,349,30,364,666,5.14673786407767,5.51239353891336,4.43323782234957,4.55,4.935,5.26246246246246,63
"65",2007,1,4.89166666666667,72,5.39183673469388,3.82608695652174,3.5,4.76086956521739,4.9530612244898,49,23,4,23,49,1102,730,372,34,387,715,5.13007259528131,5.50430136986301,4.39569892473118,4.4264705882353,4.9246511627907,5.24125874125874,64
"66",2007,2,4.94594594594595,37,5.61904761904762,4.0625,2.5,4.27777777777778,5.16071428571429,21,16,2,9,28,1139,751,388,36,396,743,5.12409130816506,5.50750998668442,4.3819587628866,4.31944444444445,4.90994949494949,5.23822341857335,65
"67",2007,3,5.11621621621622,37,5.52380952380952,4.58125,4.1,5.275,5.04,21,16,3,12,25,1176,772,404,39,408,768,5.12384353741496,5.50795336787565,4.38985148514852,4.3025641025641,4.9206862745098,5.23177083333333,66
"68",2007,4,5.62903225806452,31,6.06521739130435,4.375,4,5.20833333333333,5.89473684210526,23,8,1,12,19,1207,795,412,40,420,787,5.13681855840928,5.52407547169811,4.38956310679612,4.295,4.92890476190476,5.24777636594663,67
"69",2007,5,5.09886363636364,44,5.27115384615385,4.85,4.875,4.81521739130435,5.40952380952381,26,18,4,23,21,1251,821,430,44,443,808,5.13548361310951,5.51606577344702,4.40883720930233,4.34772727272727,4.92300225733634,5.2519801980198,68
"70",2007,6,5.09722222222222,36,5.35714285714286,4.73333333333333,5.5,4.75,5.27083333333333,21,15,2,12,24,1287,842,445,46,455,832,5.13441336441336,5.51210213776722,4.41977528089888,4.39782608695652,4.91843956043956,5.25252403846154,69
"71",2007,7,5.03982456140351,57,5.27138888888889,4.64285714285714,5.33333333333333,5,5.05404761904762,36,21,3,15,42,1344,878,466,49,470,874,5.13040178571428,5.50223234624146,4.42982832618026,4.45510204081633,4.92104255319149,5.24298627002288,70
"72",2007,8,4.73589743589744,39,5.188,3.92857142857143,5,5.18888888888889,4.6,25,14,1,9,30,1383,903,480,50,479,904,5.11927693420101,5.49353266888151,4.41520833333333,4.466,4.9260751565762,5.2216482300885,71
"73",2007,9,4.74193548387097,31,4.85714285714286,4.5,5,4.85,4.69047619047619,21,10,2,10,21,1414,924,490,52,489,925,5.11100424328147,5.47906926406927,4.4169387755102,4.48653846153846,4.92451942740286,5.20958918918919,72
"74",2007,10,5.04875,40,5.53392857142857,3.91666666666667,6.5,5.175,4.98076923076923,28,12,2,14,26,1454,952,502,54,503,951,5.10929160935351,5.48068277310924,4.40498007968128,4.56111111111111,4.93149105367793,5.20333333333333,73
"75",2007,11,5.18977272727273,44,5.4962962962963,4.70294117647059,6,5.75,4.95483870967742,27,17,2,13,31,1498,979,519,56,516,982,5.11165554072096,5.48111338100102,4.41473988439306,4.6125,4.95211240310077,5.19548879837067,74
"76",2007,12,4.84375,56,5.18939393939394,4.34782608695652,5,4.75925925925926,4.92241379310345,33,23,3,27,29,1554,1012,542,59,543,1011,5.10200128700129,5.47160079051383,4.41190036900369,4.63220338983051,4.94252302025783,5.18765578635015,75
"77",2008,1,4.98086956521739,69,5.1876,4.43684210526316,5.5,4.68142857142857,5.18536585365854,50,19,2,28,41,1623,1062,561,61,571,1052,5.09685150955021,5.45822975517891,4.41274509803922,4.66065573770492,4.92971978984238,5.18756653992396,76
"78",2008,2,5.66847826086957,46,5.86206896551724,5.33823529411765,4.66666666666667,5.625,5.69642857142857,29,17,3,18,28,1669,1091,578,64,589,1080,5.11260635110845,5.46896425297892,4.43996539792388,4.6609375,4.95096774193548,5.20075925925926,77
"79",2008,3,5.03409090909091,44,5.37037037037037,4.5,5.25,5.04166666666667,5.03125,27,17,2,12,32,1713,1118,595,66,601,1112,5.11058960887332,5.4665831842576,4.44168067226891,4.67878787878788,4.95277870216306,5.19588129496403,78
"80",2008,4,5.03333333333333,33,5.244,4.375,1,4.675,5.23809523809524,25,8,1,12,21,1746,1143,603,67,613,1133,5.10912943871707,5.46171478565179,4.4407960199005,4.62388059701492,4.94734094616639,5.19666372462489,79
"81",2008,5,5.35909090909091,44,5.90357142857143,4.40625,3,5.16666666666667,5.49230769230769,28,16,1,18,26,1790,1171,619,68,631,1159,5.11527374301676,5.47228010247652,4.43990306946688,4.6,4.95359746434231,5.20329594477998,80
"82",2008,6,5.38888888888889,36,5.5,5.25,6,5.5,5.34615384615385,20,16,4,10,26,1826,1191,635,72,641,1185,5.12066812705367,5.47274559193955,4.46031496062992,4.67777777777778,4.96212168486739,5.20643037974684,81
"83",2008,7,4.78571428571429,42,5.225,4.2,3.71428571428571,4.4375,5,24,18,7,16,26,1868,1215,653,79,657,1211,5.11313704496788,5.46785185185185,4.4531393568147,4.59240506329114,4.94934550989345,5.20199834847234,82
"84",2008,8,4.9275,40,5.3375,4.3125,4.375,4.56875,5.16666666666667,24,16,8,16,24,1908,1239,669,87,673,1235,5.10924528301887,5.46532687651332,4.44977578475336,4.57241379310345,4.94029717682021,5.20131174089069,83
"85",2008,9,5.32432432432432,37,5.52272727272727,5.03333333333333,4.85714285714286,5.10714285714286,5.45652173913043,22,15,7,14,23,1945,1261,684,94,687,1258,5.11333676092545,5.46632831086439,4.4625730994152,4.5936170212766,4.94369723435226,5.20597774244833,84
"86",2008,10,5.20909090909091,33,5.43888888888889,4.93333333333333,5.4,5.7,4.92857142857143,18,15,5,12,21,1978,1279,699,99,699,1279,5.11493427704752,5.46594214229867,4.47267525035765,4.63434343434343,4.95668097281831,5.20142298670837,85
"87",2008,11,5.140625,32,5.31818181818182,4.75,4.66666666666667,4.41666666666667,5.30769230769231,22,10,3,6,26,2010,1301,709,102,705,1305,5.11534328358209,5.46344350499616,4.47658674188999,4.63529411764706,4.95208510638298,5.20354022988506,86
"88",2008,12,5.08139534883721,43,5.30645161290323,4.5,4.14285714285714,5.23076923076923,5.01666666666667,31,12,7,13,30,2053,1332,721,109,718,1335,5.1146322454944,5.45978978978979,4.47697642163662,4.60366972477064,4.95713091922005,5.19934082397004,87
"89",2009,1,4.97066666666667,75,5.18863636363636,4.66129032258065,5.15,5.01111111111111,4.94791666666667,44,31,10,27,48,2128,1376,752,119,745,1383,5.10955827067669,5.45111918604651,4.48457446808511,4.64957983193277,4.95908724832215,5.19061460592914,88
"90",2009,2,5.24782608695652,69,5.61025641025641,4.77666666666667,5.6,5.875,5.11578947368421,39,30,5,12,57,2197,1415,782,124,757,1440,5.11390077378243,5.45550530035336,4.4957800511509,4.68790322580645,4.97360634081902,5.18765277777778,89
"91",2009,3,4.818,50,5.33703703703704,4.20869565217391,5.3,5.20833333333333,4.69473684210526,27,23,5,12,38,2247,1442,805,129,769,1478,5.10731642189586,5.45328710124827,4.48757763975155,4.71162790697674,4.97726918075422,5.17497970230041,90
"92",2009,4,5.22093023255814,43,5.39655172413793,4.85714285714286,4.35714285714286,4.6875,5.42741935483871,29,14,7,12,31,2290,1471,819,136,781,1509,5.10944978165939,5.45216859279402,4.49389499389499,4.69338235294118,4.97281690140845,5.18016567263088,91
"93",2009,5,5.34074074074074,54,6.12916666666667,4.71,3.91666666666667,4.98823529411765,5.5027027027027,24,30,6,17,37,2344,1495,849,142,798,1546,5.11477815699659,5.46303678929766,4.50153121319199,4.66056338028169,4.97314536340852,5.18788486416559,92
"94",2009,6,5.034375,48,5.25,4.675,4.65,5.23214285714286,4.95294117647059,30,18,6,14,34,2392,1525,867,148,812,1580,5.11316471571906,5.45884590163934,4.50513264129181,4.66013513513514,4.97761083743842,5.18282911392405,93
"95",2009,7,5.00483870967742,62,5.134375,4.86666666666667,4.5,5.32727272727273,4.8275,32,30,12,22,40,2454,1557,897,160,834,1620,5.11042787286063,5.45217726396917,4.51722408026756,4.648125,4.9868345323741,5.17405555555556,94
"96",2009,8,5.18421052631579,38,5.45217391304348,4.77333333333333,3.4,5.16666666666667,5.18965517241379,23,15,4,9,29,2492,1580,912,164,843,1649,5.11155296950241,5.45217721518987,4.52143640350877,4.61768292682927,4.98875444839858,5.17432989690722,95
"97",2009,9,4.79285714285714,42,5.075,4.41666666666667,4.4,4.53636363636364,4.88387096774194,24,18,5,11,31,2534,1604,930,169,854,1680,5.10627071823204,5.44653366583541,4.51940860215054,4.6112426035503,4.98292740046838,5.16897023809524,96
"98",2009,10,5.33333333333333,51,5.46875,5.10526315789474,5.2,5.22222222222222,5.35714285714286,32,19,5,9,42,2585,1636,949,174,863,1722,5.11075048355899,5.44696821515892,4.53113804004215,4.62816091954023,4.98542294322132,5.17355981416957,97
"99",2009,11,5.55106382978723,47,5.83548387096774,5,5.3,5.03333333333333,5.79375,31,16,5,15,32,2632,1667,965,179,878,1754,5.1186132218845,5.45419316136772,4.53891191709845,4.64692737430168,4.98624145785877,5.18487457240593,98
"100",2009,12,5.33695652173913,46,6.05357142857143,4.22222222222222,4,4.54545454545455,5.58571428571429,28,18,4,11,35,2678,1695,983,183,889,1789,5.12236370425691,5.46409439528023,4.53311291963378,4.6327868852459,4.9807874015748,5.19271660145333,99
"101",2010,1,5.16428571428571,77,5.31666666666667,4.98142857142857,4.56818181818182,5.15576923076923,5.16862745098039,42,35,11,26,51,2755,1737,1018,194,915,1840,5.12353539019963,5.4605296488198,4.54852652259332,4.62912371134021,4.98575956284153,5.19204891304348,100
"102",2010,2,5.01326530612245,49,5.1530303030303,4.725,4,5,5.01585365853659,33,16,4,8,41,2804,1770,1034,198,923,1881,5.12160841654779,5.45479661016949,4.55125725338492,4.61641414141414,4.98588299024919,5.18820839978735,101
"103",2010,3,5.53125,32,5.61904761904762,5.36363636363636,5.66666666666667,5.25,5.57142857142857,21,11,6,4,28,2836,1791,1045,204,927,1909,5.12623060648801,5.45672250139587,4.55980861244019,4.64730392156863,4.98702265372168,5.19382922996333,102
"104",2010,4,5.44324324324324,37,5.675,4.72222222222222,NA,5.33333333333333,5.46451612903226,28,9,0,6,31,2873,1819,1054,204,933,1940,5.13031326139923,5.4600824628917,4.56119544592031,4.64730392156863,4.98924973204716,5.19815463917526,103
"105",2010,5,5.00666666666667,30,5.285,4.45,4.25,5.2,4.968,20,10,2,5,25,2903,1839,1064,206,938,1965,5.12903548053737,5.45817835780315,4.56015037593985,4.64344660194175,4.99037313432836,5.19522646310433,104
"106",2010,6,5.17027027027027,37,5.38965517241379,4.375,4.25,4.62857142857143,5.29666666666667,29,8,4,7,30,2940,1868,1072,210,945,1995,5.12955442176871,5.45711456102783,4.55876865671642,4.63595238095238,4.98769312169312,5.19675187969925,105
"107",2010,7,5.59090909090909,33,5.80434782608696,5.1,3.66666666666667,5.44444444444444,5.64583333333333,23,10,3,9,24,2973,1891,1082,213,954,2019,5.13467541204171,5.46133791644632,4.5637707948244,4.62230046948357,4.99200209643606,5.20209014363546,106
"108",2010,8,4.98552631578947,38,5.3,4.44642857142857,4.33333333333333,4.64285714285714,5.06290322580645,24,14,3,7,31,3011,1915,1096,216,961,2050,5.13279309199601,5.45931592689295,4.56227189781022,4.61828703703704,4.98945889698231,5.19998536585366,107
"109",2010,9,5.596875,32,5.895,5.1,4.5,5.9375,5.48333333333333,20,12,1,8,24,3043,1935,1108,217,969,2074,5.13767334866908,5.46381912144703,4.56809566787004,4.61774193548387,4.9972858617131,5.20326422372228,108
"110",2010,10,5.31,30,5.48823529411765,5.07692307692308,5.375,5.04545454545455,5.46315789473684,17,13,4,11,19,3073,1952,1121,221,980,2093,5.13935567849007,5.46403176229508,4.57399643175736,4.6314479638009,4.99782653061224,5.20562350692786,109
"111",2010,11,5.21590909090909,44,5.53846153846154,4.75,3.5,5.35714285714286,5.18918918918919,26,18,1,7,37,3117,1978,1139,222,987,2130,5.14043631697145,5.46501011122346,4.57677787532924,4.62635135135135,5.00037487335359,5.20533802816901,110
"112",2010,12,5.1106347826087,46,5.41914444444444,4,3.41784,4.71428571428571,5.18177435897436,36,10,5,7,39,3163,2014,1149,227,994,2169,5.14000290863105,5.46419026812314,4.57175805047868,4.59973215859031,4.99836016096579,5.20491433840479,111
"113",2011,1,5.5,46,5.63235294117647,5.125,6,5.2,5.58333333333333,34,12,4,10,36,3209,2048,1161,231,1004,2205,5.14516335306949,5.46698203125,4.57747631352283,4.62397922077922,5.00036852589641,5.21109260770975,112
"114",2011,2,4.97674418604651,43,5.7,4.34782608695652,4.5,5,4.96774193548387,20,23,2,12,31,3252,2068,1184,233,1016,2236,5.14293640836408,5.46923558994197,4.5730152027027,4.62291502145923,5.00036417322834,5.20771878354204,113
"115",2011,3,5.22790697674419,43,5.54444444444444,4.69375,5.33333333333333,5.62,5.10909090909091,27,16,3,10,33,3295,2095,1200,236,1026,2269,5.14404528072838,5.47020486873508,4.574625,4.63194576271186,5.00640350877193,5.20628435434112,114
"116",2011,4,5.22027027027027,37,5.41666666666667,4.9625,5.2,4.625,5.44074074074074,21,16,5,10,27,3332,2116,1216,241,1036,2296,5.14489171668667,5.46967353497164,4.57972861842105,4.64373112033195,5.00272200772201,5.20904146341463,115
"117",2011,5,5.33666666666667,39,5.57407407407407,4.8025,5.4,5.07142857142857,5.4852,27,12,5,14,25,3371,2143,1228,246,1050,2321,5.14711041234055,5.47098889407373,4.58190553745928,4.65910243902439,5.00363809523809,5.21201602757432,116
"118",2011,6,5.11380303030303,33,5.15023913043478,5.03,6,4.42591666666667,5.26666666666667,23,10,2,6,27,3404,2166,1238,248,1056,2348,5.1467875146886,5.46758296398892,4.58552504038772,4.66991612903226,5.00035558712121,5.21264446337308,117
"119",2011,7,5.12571428571429,35,5.436,4.35,2,4.71428571428571,5.22857142857143,25,10,1,7,28,3439,2191,1248,249,1063,2376,5.14657304448968,5.46722259242355,4.58363782051282,4.65919357429719,4.99847177798683,5.21283215488215,118
"120",2011,8,5.29642857142857,56,5.6525,4.40625,4.75,4.75,5.47857142857143,40,16,4,14,42,3495,2231,1264,253,1077,2418,5.14897416309013,5.47054446436575,4.58139240506329,4.66062924901186,4.99524187558031,5.21744797353184,119
"121",2011,9,5.01764705882353,34,5.51578947368421,4.38666666666667,4.875,4.15714285714286,5.24074074074074,19,15,4,7,27,3529,2250,1279,257,1084,2445,5.14770889770473,5.47092653333333,4.5791086786552,4.66396575875486,4.98982979704797,5.21770519427403,120
"122",2011,10,5.25641025641026,39,5.61538461538461,4.53846153846154,4.25,5.16666666666667,5.2962962962963,26,13,4,12,27,3568,2276,1292,261,1096,2472,5.14889705717489,5.47257675746924,4.57869969040248,4.6576214559387,4.99176596715328,5.21856359223301,121
"123",2011,11,4.94583333333333,48,5.53703703703704,4.18571428571429,4.9125,5.04,4.92105263157895,27,21,8,10,38,3616,2303,1313,269,1106,2510,5.1462015210177,5.47333247937472,4.57241431835491,4.66520148698885,4.992202079566,5.21405944223108,122
"124",2011,12,4.88804347826087,46,5.15,4.396875,3.66666666666667,5.05,4.84305555555556,30,16,6,10,36,3662,2333,1329,275,1116,2546,5.14295868377936,5.46917475353622,4.57030097817908,4.64341527272727,4.99271998207885,5.20881351139042,123
"125",2012,1,5.02881355932203,59,5.19705882352941,4.8,5.25,4.68181818181818,5.10833333333333,34,25,12,11,48,3721,2367,1354,287,1127,2594,5.14114880408492,5.4652660329531,4.57454209748892,4.66877770034843,4.98968544809228,5.20695420200463,124
"126",2012,2,5.25851063829787,47,5.65,4.33571428571429,3.75,4.4625,5.42179487179487,33,14,4,8,39,3768,2400,1368,291,1135,2633,5.14261271231423,5.467806125,4.57209795321637,4.65614845360825,4.98596960352423,5.21013642233194,125
"127",2012,3,5.23448275862069,29,5.87777777777778,4.18181818181818,4.25,6,5.17777777777778,18,11,4,2,27,3797,2418,1379,295,1137,2660,5.14331437977351,5.47085802315963,4.5689847715736,4.6506413559322,4.98775329815303,5.20980796992481,126
"128",2012,4,5.13636363636364,33,5.39583333333333,4.44444444444444,4.5,3.6875,5.6,24,9,3,8,25,3830,2442,1388,298,1145,2685,5.14325449086162,5.47012067977068,4.5681772334294,4.64912483221476,4.97866855895196,5.21344104283054,127
"129",2012,5,5.67291666666667,48,5.99411764705882,4.89285714285714,6,5.25,5.7575,34,14,4,8,40,3878,2476,1402,302,1153,2725,5.14981039195462,5.47731611470113,4.57141940085592,4.66701721854304,4.98055117085863,5.2214272293578,128
"130",2012,6,5.65106382978723,47,6.103125,4.68666666666667,4.14,5.47272727272727,5.70555555555556,32,15,5,11,36,3925,2508,1417,307,1164,2761,5.15581266242038,5.48530091706539,4.57263937896966,4.6584338762215,4.98520231958763,5.22773965954364,129
"131",2012,7,5.63714285714286,42,5.72413793103448,5.44307692307692,4.12,5.88888888888889,5.56848484848485,29,13,5,9,33,3967,2537,1430,312,1173,2794,5.16090867154021,5.48803102089081,4.58055244755245,4.64980512820513,4.99213597612958,5.23176420901933,130
"132",2012,8,5.40571428571429,35,5.94583333333333,4.22727272727273,4.83333333333333,5.45,5.39655172413793,24,11,3,6,29,4002,2561,1441,315,1179,2823,5.16304965017491,5.49232124170246,4.57785565579459,4.65155301587301,4.99446607294317,5.23345703152674,131
"133",2012,9,5.39666666666667,30,5.60434782608696,4.71428571428571,6,4.7,5.60869565217391,23,7,2,7,23,4032,2584,1448,317,1186,2846,5.16478787202381,5.49331838235294,4.57851519337017,4.66006056782334,4.99272807757167,5.23648952916374,132
"134",2012,10,5.36923076923077,26,5.73,4.16666666666667,4,4.7,5.52857142857143,20,6,2,5,21,4058,2604,1454,319,1191,2867,5.16609775751602,5.49513621351766,4.57681568088033,4.65592225705329,4.99149916036944,5.23862895012208,133
"135",2012,11,5.174,50,5.70666666666667,4.375,4.6,5.04545454545455,5.21025641025641,30,20,5,11,39,4108,2634,1474,324,1202,2906,5.16619393865628,5.49754544419134,4.57407734056988,4.65505925925926,4.99199292845258,5.2382481761872,134
"136",2012,12,5.1491935483871,62,5.78285714285714,4.32777777777778,3.59615384615385,4.25,5.48888888888889,35,27,13,17,45,4170,2669,1501,337,1219,2951,5.16594117505995,5.50128688647433,4.56964690206529,4.61421127596439,4.98164520098441,5.24207021348695,135
"137",2013,1,5.25689655172414,58,5.56190476190476,4.45625,4.76,4.48333333333333,5.45869565217391,42,16,5,12,46,4228,2711,1517,342,1231,2997,5.16718890728477,5.50222600516414,4.56845088991431,4.61634269005848,4.97678757108042,5.2453951284618,136
"138",2013,2,5.27358490566038,53,5.53658536585366,4.375,3,4.53571428571429,5.53846153846154,41,12,3,14,39,4281,2752,1529,345,1245,3036,5.16850612006541,5.5027378997093,4.56693263570962,4.60228753623188,4.97182771084337,5.24915981554677,137
"139",2013,3,5.86216216216216,37,6.32857142857143,5.25,7,6.11111111111111,5.78214285714286,21,16,1,9,28,4318,2773,1545,346,1254,3064,5.17444990736452,5.50899195816805,4.57400647249191,4.60921734104046,4.98000438596491,5.25403041775457,138
"140",2013,4,5.39333333333333,60,5.5531914893617,4.81538461538462,5.6,4.78571428571429,5.57826086956522,47,13,5,14,46,4378,2820,1558,351,1268,3110,5.17744968021928,5.50972861702127,4.57602053915276,4.62333105413105,4.97785922712934,5.25882610932476,139
"141",2013,5,5.135,40,5.52,4.49333333333333,4.5,4.58333333333333,5.23235294117647,25,15,2,6,34,4418,2845,1573,353,1274,3144,5.17706534631055,5.50981887521968,4.57523204068659,4.62263229461756,4.97600117739403,5.25853982188295,140
"142",2013,6,5.42553191489362,47,5.62962962962963,5.15,5,5.73076923076923,5.30882352941176,27,20,4,13,34,4465,2872,1593,357,1287,3178,5.17968078387458,5.51094522980501,4.58244821092279,4.62686050420168,4.9836250971251,5.2590777847703,141
"143",2013,7,4.97450980392157,51,5.38620689655172,4.43181818181818,5.42857142857143,3.5,5.24883720930233,29,22,7,8,43,4516,2901,1615,364,1295,3221,5.17736375110718,5.50969827645639,4.58039628482972,4.64227802197802,4.97445984555984,5.25894107420056,142
"144",2013,8,5.7593220338983,59,6.1,5.14285714285714,4.28571428571429,4.5,6.08085106382979,38,21,7,12,47,4575,2939,1636,371,1307,3268,5.18486878688525,5.51733062266077,4.58761613691932,4.63555040431267,4.97010367253251,5.27076168910649,143
"145",2013,9,5.15884615384615,52,5.517,4.67045454545455,4.66666666666667,4.701,5.26785714285714,30,22,6,10,42,4627,2969,1658,377,1317,3310,5.18457633455803,5.5173272819131,4.58871531966224,4.63604562334217,4.96806036446469,5.27072483383686,144
"146",2013,10,5.44545454545455,55,5.79411764705882,4.88095238095238,3,4.4,5.55,34,21,1,5,50,4682,3003,1679,378,1322,3360,5.18764090132422,5.5204611055611,4.59237045860631,4.63171746031746,4.96591187594553,5.27488071428572,145
"147",2013,11,5.48257575757576,66,5.59021739130435,5.235,6,4.95833333333333,5.67916666666667,46,20,4,18,48,4748,3049,1699,382,1340,3408,5.19174066975569,5.52151351262709,4.59993525603296,4.64604502617801,4.96581007462686,5.28057488262911,146
"148",2013,12,5.26233766233766,77,5.60444444444444,4.78125,5.5,4.81176470588235,5.39,45,32,8,17,60,4825,3094,1731,390,1357,3468,5.19286729533679,5.52271968325792,4.60328711727325,4.66356205128205,4.96388025055269,5.28246805074971,147
"149",2014,1,5.61780821917808,73,5.812,5.19565217391304,5.28571428571429,5.25,5.76634615384615,50,23,7,21,52,4898,3144,1754,397,1378,3520,5.19920063291139,5.52732019720102,4.61105473204105,4.67453198992443,4.96824056603773,5.28961625,148
"150",2014,2,4.98181818181818,66,5.1,4.71,3.66666666666667,4.375,5.11666666666667,46,20,3,12,54,4964,3190,1774,400,1390,3574,5.19631037469782,5.52115821316614,4.6121702367531,4.666973,4.9631190647482,5.28700313374371,149
"151",2014,3,5.58837209302326,43,5.70967741935484,5.275,5.04285714285714,4.85,5.75714285714286,31,12,7,8,35,5007,3221,1786,407,1398,3609,5.19967739165169,5.52297258615337,4.61662374020157,4.67343783783783,4.9624717453505,5.2915625380992,150
"152",2014,4,5.64313725490196,51,5.72777777777778,5.44,5.7,5.49090909090909,5.685,36,15,3,11,40,5058,3257,1801,410,1409,3649,5.20414881376038,5.5252363217685,4.62348139922265,4.68094926829268,4.96659723207949,5.29587536311318,151
"153",2014,5,5.32916666666667,48,5.75135135135135,3.90909090909091,3.75,4.375,5.52,37,11,4,8,40,5106,3294,1812,414,1417,3689,5.20532406972189,5.52777616879174,4.61914459161148,4.67195458937198,4.96325723359209,5.29830555706153,152
"154",2014,6,4.94705882352941,34,5.41666666666667,4.41875,3,4.5625,5.06538461538462,18,16,3,8,26,5140,3312,1828,417,1425,3715,5.2036157003891,5.52717231280193,4.61739059080963,4.65992613908873,4.96100736842105,5.29667542395693,153
"155",2014,7,5.02142857142857,63,5.365,4.42391304347826,5.41666666666667,5.65909090909091,4.88653846153846,40,23,6,11,52,5203,3352,1851,423,1436,3767,5.20140970593888,5.5252370823389,4.61498649378714,4.67066004728132,4.96635480501392,5.29101385718078,154
"156",2014,8,5.41370833333333,48,5.70438888888889,4.54166666666667,4.5,5.726,5.35125,36,12,2,8,40,5251,3388,1863,425,1444,3807,5.20335035231384,5.52714070247934,4.6145142243693,4.66985694117647,4.97056336565097,5.29164675597583,155
"157",2014,9,5.25652173913043,46,5.81428571428571,4.38888888888889,2,5.25,5.2575,28,18,1,6,40,5297,3416,1881,426,1450,3847,5.20381210118935,5.52949435011709,4.61235513024987,4.6635896713615,4.97171965517241,5.29129170782428,156
"158",2014,10,5.29826086956522,46,5.74896551724138,4.52941176470588,5.1,4.13818181818182,5.66285714285714,29,17,5,11,35,5343,3445,1898,431,1461,3882,5.20462524798802,5.53134185776488,4.61161222339305,4.66865243619489,4.96544387405886,5.29464173106646,157
"159",2014,11,5.34385964912281,57,5.44242424242424,5.20833333333333,5.61,6.2,5.26153846153846,33,24,10,5,52,5400,3478,1922,441,1466,3934,5.20609494444444,5.53049818861414,4.61906347554631,4.68999818594104,4.96965450204638,5.29420416878495,158
"160",2014,12,5.42142857142857,63,5.4125,5.45,3.875,4.1875,5.60090909090909,48,15,4,8,55,5463,3526,1937,445,1474,3989,5.20857819879187,5.52889186046511,4.62549819308209,4.68267235955056,4.96540943012211,5.29843299072449,159
"161",2015,1,5.40955555555556,90,5.6247619047619,4.90740740740741,4.55,5.131875,5.46959459459459,63,27,10,16,74,5553,3589,1964,455,1490,4063,5.21183553034396,5.53057472833658,4.62937372708758,4.67975648351648,4.96719697986577,5.30155038149151,160
"162",2015,2,5.38913043478261,69,5.60777777777778,4.97916666666667,4.71428571428571,4.8125,5.46475409836066,45,24,7,8,61,5622,3634,1988,462,1498,4124,5.21401150836001,5.53153073747936,4.63359657947686,4.68027965367965,4.96637082777036,5.30396440349176,161
"163",2015,3,5.34615384615385,65,5.57142857142857,4.65625,4.625,5.36666666666667,5.34285714285714,49,16,4,9,56,5687,3683,2004,466,1507,4180,5.21552183928257,5.53206155308172,4.63377744510978,4.67980515021459,4.96876144658261,5.30448545454545,162
"164",2015,4,5.23731343283582,67,5.49782608695652,4.66666666666667,3.91666666666667,5.53333333333333,5.15192307692308,46,21,6,15,52,5754,3729,2025,472,1522,4232,5.21577558220368,5.53163923303835,4.63411851851852,4.67010423728813,4.97432555847569,5.30261086956522,163
"165",2015,5,5.55853658536585,41,5.78965517241379,5,4.375,5.6,5.55277777777778,29,12,4,5,36,5795,3758,2037,476,1527,4268,5.21820063848145,5.53363030867483,4.63627393225331,4.6676243697479,4.97637426326129,5.30472099343955,164
"166",2015,6,5.31634615384615,52,5.61969696969697,4.78947368421053,5.625,5.77777777777778,5.21976744186046,33,19,8,9,43,5847,3791,2056,484,1536,4311,5.21907349067898,5.53437950408863,4.63768968871595,4.68344876033057,4.98106998697916,5.30387362560891,165
"167",2015,7,5.35849056603774,53,5.6046511627907,4.3,5.33333333333333,5.83333333333333,5.29787234042553,43,10,3,6,47,5900,3834,2066,487,1542,4358,5.22032588135593,5.53516763171622,4.63605517909003,4.68745215605749,4.98438618677042,5.30380890316659,166
"168",2015,8,5.36666666666667,60,5.61538461538461,4.90476190476191,5.3,5.36363636363636,5.36734693877551,39,21,5,11,49,5960,3873,2087,492,1553,4407,5.22179911073825,5.53597539375161,4.63875898418783,4.69367723577235,4.98707244043786,5.30451536192421,167
"169",2015,9,5.30697674418605,43,5.44545454545455,4.85,6,4.44,5.42105263157895,33,10,1,5,38,6003,3906,2097,493,1558,4445,5.22240924537731,5.53521062467998,4.63976633285646,4.69632697768762,4.98531675224647,5.30551163104612,168
"170",2015,10,5.61531914893617,47,5.853125,5.108,4.75,6.03,5.50324324324324,32,15,2,10,37,6050,3938,2112,495,1568,4482,5.22546160330578,5.53779398171661,4.64309185606061,4.69654383838384,4.99197927295918,5.30714395359215,169
"171",2015,11,5.37596153846154,52,5.49393939393939,5.17105263157895,5.1,5.25,5.39239130434783,33,19,5,6,46,6102,3971,2131,500,1574,4528,5.22674413307112,5.5374295391589,4.64779915532614,4.7005784,4.9929628335451,5.30800998233216,170
"172",2015,12,5.42948717948718,78,5.62745098039216,5.05555555555556,4.5,5.14285714285714,5.45774647887324,51,27,4,7,71,6180,4022,2158,504,1581,4599,5.22930302588997,5.53857103431129,4.65290083410565,4.6989865079365,4.99362650221378,5.31032163513807,171
"173",2016,1,5.42641509433962,106,5.59041095890411,5.06363636363636,4.56,4.79375,5.53888888888889,73,33,10,16,90,6286,4095,2191,514,1597,4689,5.23262690104995,5.53949516483516,4.65908717480603,4.69628249027237,4.99162398246712,5.31470872254212,172
"174",2016,2,5.2962962962963,54,5.7962962962963,4.7962962962963,4.92857142857143,5.3,5.29545454545455,27,27,7,10,44,6340,4122,2218,521,1607,4733,5.23316919558359,5.54117726831635,4.66075743913436,4.69940345489443,4.99354293714996,5.31452972744559,173
"175",2016,3,5.3375,68,5.73837209302326,4.648,4.07142857142857,5.44444444444444,5.32118644067797,43,25,7,9,59,6408,4165,2243,528,1616,4792,5.23427632646691,5.5432131332533,4.66061524743647,4.69107803030303,4.9960541460396,5.31461168614357,174
"176",2016,4,5.44202898550725,69,5.52222222222222,5.29166666666667,6,5.55555555555556,5.425,45,24,2,9,60,6477,4210,2267,530,1625,4852,5.23648953219083,5.5429887648456,4.66729598588443,4.69601735849056,4.99915292307692,5.31597675185491,175
"177",2016,5,5.3328125,64,5.60731707317073,4.84347826086957,4.44444444444444,5.22666666666667,5.36530612244898,41,23,9,15,49,6541,4251,2290,539,1640,4901,5.23743199816542,5.5436091978358,4.66906550218341,4.69181669758812,5.00123384146341,5.3164699449092,176
"178",2016,6,5.23310810810811,74,5.58018867924528,4.35714285714286,3.25,5.6,5.19477611940299,53,21,4,7,67,6615,4304,2311,543,1647,4968,5.23738362811791,5.54405964219331,4.66623106880139,4.68119558011049,5.00377868852459,5.31482874396135,177
"179",2016,7,5.66805555555556,72,5.86274509803922,5.1952380952381,4.66666666666667,5.7,5.66290322580645,51,21,3,10,62,6687,4355,2332,546,1657,5030,5.2420207417377,5.54779166475316,4.6709948542024,4.68111575091575,5.00798038624019,5.31911912524851,178
"180",2016,8,5.56794871794872,78,5.83269230769231,5.03846153846154,5.33333333333333,4.95454545454545,5.66865671641791,52,26,6,11,67,6765,4407,2358,552,1668,5097,5.24577866962306,5.55115332425686,4.67504664970314,4.68820507246376,5.00762799760191,5.32371379242692,179
"181",2016,9,5.33809523809524,63,5.84418604651163,4.25,4.25,5.39285714285714,5.32244897959184,43,20,4,14,49,6828,4450,2378,556,1682,5146,5.24663044815466,5.55398487640449,4.67147182506308,4.68505251798561,5.01083442330558,5.32370174893121,180
"182",2016,10,5.538875,80,5.92176470588235,4.86551724137931,4.0625,6.11764705882353,5.38269841269841,51,29,8,17,63,6908,4501,2407,564,1699,5209,5.25001486682108,5.55815212175072,4.6738097216452,4.6762219858156,5.02190906415538,5.324415281244,181
"183",2016,11,5.78967391304348,92,6.06376811594203,4.96739130434783,5.25,6.14285714285714,5.72628205128205,69,23,8,14,78,7000,4570,2430,572,1713,5287,5.25710752857143,5.5657861487965,4.67658847736626,4.68424685314685,5.03107034442498,5.33034408927558,182
"184",2016,12,5.3020987654321,81,5.6740350877193,4.41875,5.86,5.1,5.33056338028169,57,24,5,10,71,7081,4627,2454,577,1723,5358,5.2576221861319,5.56711966717095,4.67406682966585,4.69443535528596,5.0314704004643,5.33034699514745,183
"185",2017,1,5.49150943396226,106,5.69710144927536,5.10810810810811,5.57692307692308,4.9375,5.59,69,37,13,16,90,7187,4696,2491,590,1739,5448,5.26107175455684,5.56902953577513,4.6805138498595,4.71388,5.03060580793559,5.33463641703378,184
"186",2017,2,5.48176470588235,85,5.63367346938776,5.275,4.75,5.84090909090909,5.42837837837838,49,36,8,11,74,7272,4745,2527,598,1750,5522,5.26365136138614,5.56969709167545,4.68898298377523,4.71436321070234,5.03569914285714,5.33589264759145,185
"187",2017,3,5.81911764705882,68,5.98222222222222,5.5,6,5.875,5.80714285714286,45,23,4,12,56,7340,4790,2550,602,1762,5578,5.26879737057221,5.57357258872651,4.69629803921569,4.72290564784053,5.04141515323496,5.34062373610613,186
"188",2017,4,5.39179104477612,67,5.66847826086957,4.78571428571429,4.75,5.6,5.35526315789474,46,21,4,10,57,7407,4836,2571,606,1772,5635,5.26990990954502,5.57447533085194,4.69702839362116,4.72308448844884,5.04456743792325,5.34077181898847,187
"189",2017,5,5.55,68,5.67948717948718,5.37586206896552,5.6,4.57272727272727,5.73859649122807,39,29,5,11,57,7475,4875,2600,611,1783,5692,5.27245788628762,5.57531542564103,4.7046,4.73026055646481,5.04165647784632,5.34475565706255,188
"190",2017,6,5.52690909090909,55,5.67941176470588,5.28,4,5.538,5.52444444444444,34,21,3,10,45,7530,4909,2621,614,1793,5737,5.27431642762284,5.57603640252597,4.70921022510492,4.72669250814332,5.04442470719464,5.34616510371274,189
"191",2017,7,5.48611111111111,72,5.88541666666667,4.6875,4.375,5.13636363636364,5.54918032786885,48,24,8,11,61,7602,4957,2645,622,1804,5798,5.27632237569061,5.57903221706677,4.70901323251418,4.72216913183279,5.04498531042128,5.34830100034495,190
"192",2017,8,5.45128205128205,78,5.60566037735849,5.124,4.5,5.41666666666667,5.45757575757576,53,25,2,12,66,7680,5010,2670,624,1816,5864,5.27809930989583,5.57931391217565,4.7128988764045,4.72145705128205,5.04744135462555,5.34953090040928,191
"193",2017,9,5.51914893617021,47,5.56875,5.41333333333333,6,5.7,5.47027027027027,32,15,5,10,37,7727,5042,2685,629,1826,5901,5.27956551054743,5.57924686632289,4.71681191806332,4.73162034976152,5.05101506024096,5.35028795119471,192
"194",2017,10,5.44657534246575,73,5.58723404255319,5.19230769230769,4.81818181818182,4.68181818181818,5.58225806451613,47,26,11,11,62,7800,5089,2711,640,1837,5963,5.28112855128205,5.57932063273728,4.72137218738473,4.733108125,5.04880430048992,5.35269984906926,193
"195",2017,11,5.32592619047619,84,5.61208260869565,4.97952631578947,5.58333333333333,5.05398571428571,5.38031428571429,46,38,12,14,70,7884,5135,2749,652,1851,6033,5.28160584728564,5.5796141187926,4.72494070571117,4.74875644171779,5.0488434900054,5.35302025526272,194
"196",2017,12,5.36418918918919,74,5.40536585365854,5.3130303030303,4.5,5.25,5.37426470588235,41,33,7,6,68,7958,5176,2782,659,1857,6101,5.28237377481779,5.57823386785162,4.73191660675773,4.74611411229135,5.04949343026386,5.35325703982954,195
"197",2018,1,5.69579439252336,107,5.86623376623377,5.25833333333333,5.32142857142857,5.81666666666667,5.67608695652174,77,30,7,15,92,8065,5253,2812,666,1872,6193,5.28785871047737,5.58245545402627,4.73753271692746,4.75216096096096,5.0556406517094,5.35805283384466,196
"198",2018,2,5.9296875,64,6.18888888888889,5.31578947368421,4.66666666666667,6.20833333333333,5.86538461538461,45,19,3,12,52,8129,5298,2831,669,1884,6245,5.29291185877721,5.5876063608909,4.74141363475804,4.75177757847533,5.0629826433121,5.36227721377102,197
"199",2018,3,5.85588235294118,68,6.14222222222222,5.29565217391304,5,5.875,5.85333333333333,45,23,5,8,60,8197,5343,2854,674,1892,6305,5.29758210320849,5.59227746584316,4.74588016818501,4.75361899109792,5.0664161205074,5.36695022997621,198
"200",2018,4,5.33799029411765,68,5.60407422222222,4.81739130434783,4.9375,5.21,5.3626901754386,45,23,8,11,57,8265,5388,2877,682,1903,6362,5.29791456019358,5.59237599109131,4.74645185957595,4.75577595307917,5.06724608512874,5.36691206224458,199
"201",2018,5,5.62982456140351,57,6.02571428571429,5,5.5,5.5,5.64509803921569,35,22,2,6,51,8322,5423,2899,684,1909,6413,5.30018791636626,5.5951727530887,4.74837599172129,4.75795204678362,5.06860623363017,5.36912436301263,200
"202",2018,6,5.58064757142857,70,5.91434066666667,4.98,4.71428571428571,6.1,5.49408883333333,45,25,7,10,60,8392,5468,2924,691,1919,6473,5.30252730815062,5.59779940929042,4.75035636114911,4.75750969609262,5.07398087545596,5.37028269272362,201
"203",2018,7,5.59431034482759,58,5.90357142857143,4.7825,5.504,5.77777777777778,5.56061224489796,42,16,5,9,49,8450,5510,2940,696,1928,6522,5.30453007928994,5.60013015789473,4.75053129251701,4.7628724137931,5.07726623443983,5.37171264489421,202
"204",2018,8,5.63229171875,64,5.925926,4.93684210526316,5.375,5.1,5.70833339285714,45,19,8,8,56,8514,5555,2959,704,1936,6578,5.30699387361992,5.60276936813681,4.75172761067929,4.76982840909091,5.07736017561983,5.37457837336577,203
"205",2018,9,5.81755102040816,49,6.00176470588235,5.4,6,5.2,5.88772727272727,34,15,1,5,44,8563,5589,2974,705,1941,6622,5.30991543150765,5.60519660762211,4.75499731002018,4.77157333333333,5.07767609479649,5.37798800060405,204
"206",2018,10,5.86612903225806,62,6.02325581395349,5.51052631578947,6.33333333333333,5.72,5.89423076923077,43,19,3,10,52,8625,5632,2993,708,1951,6674,5.31391372057971,5.60838846590909,4.75979351820916,4.77819096045198,5.0809683751922,5.38201026970333,205
"207",2018,11,5.35344827586207,87,5.63818181818182,4.8640625,5.0625,5.2125,5.3955223880597,55,32,8,20,67,8712,5687,3025,716,1971,6741,5.31430852157943,5.60867660277826,4.76089652892562,4.78136759776536,5.08230304414003,5.38214456905504,206
"208",2018,12,5.40087912087912,91,5.67180327868852,4.85,4.41666666666667,4.41666666666667,5.47035294117647,61,30,6,6,85,8803,5748,3055,722,1977,6826,5.31520343519255,5.60934652748782,4.76177152209493,4.77833684210526,5.08028290338897,5.38324297392324,207
"209",2019,1,5.75315315315315,111,6.01805555555556,5.26410256410256,5.37142857142857,6.09230769230769,5.70816326530612,72,39,7,13,98,8914,5820,3094,729,1990,6924,5.32065692618353,5.61440272164948,4.76810342598578,4.78403182441701,5.08689412060301,5.38784178798383,208
"210",2019,2,5.67647058823529,68,5.80681818181818,5.4375,4.875,4.99166666666667,5.82321428571429,44,24,4,12,56,8982,5864,3118,733,2002,6980,5.3233506835894,5.61584649386084,4.77325593329057,4.78452824010914,5.08632332667332,5.391334747851,209
"211",2019,3,5.557791625,80,5.83084960784314,5.07758620689655,5.5,5,5.6284976056338,51,29,4,9,71,9062,5915,3147,737,2011,7051,5.32542034539837,5.61770028233305,4.77606037496028,4.78841139755766,5.08593699651914,5.39372285775067,210
"212",2019,4,5.3585,60,6.01457142857143,4.44,4.125,4.082,5.47454545454545,35,25,8,5,55,9122,5950,3172,745,2016,7106,5.32563792698969,5.62003481848739,4.77341172761665,4.78128751677852,5.08344707341269,5.39434841964537,211
"213",2019,5,5.57272727272727,55,6.25757575757576,4.54545454545455,3.75,7.4,5.39,33,22,4,5,50,9177,5983,3194,749,2021,7156,5.32711879372344,5.62355125689453,4.77184157795868,4.77577997329773,5.08917827808015,5.39431803661263,212
"214",2019,6,5.52118644067797,59,5.9375,4.8695652173913,3.33333333333333,5.16666666666667,5.61170212765957,36,23,3,12,47,9236,6019,3217,752,2033,7203,5.32835850692941,5.62542900315667,4.77254025489587,4.77002553191489,5.08963566158386,5.39573648063307,213
"215",2019,7,5.53287671232877,73,5.68863636363636,5.29655172413793,5.33333333333333,5.4375,5.54461538461538,44,29,3,8,65,9309,6063,3246,755,2041,7268,5.32996231281555,5.62588770740557,4.77722181146026,4.7722638410596,5.09099916707496,5.39706795129334,214
"216",2019,8,5.61282608695652,92,6.00338983050847,4.91454545454545,4.85714285714286,5.81818181818182,5.58493827160494,59,33,7,11,81,9401,6122,3279,762,2052,7349,5.33273047229018,5.629525836328,4.77860384263495,4.7730435695538,5.0948973196881,5.39913864063138,215
"217",2019,9,5.56266666666667,75,5.9734693877551,4.78846153846154,4.7,5.08333333333333,5.65396825396825,49,26,5,12,63,9476,6171,3305,767,2064,7412,5.33455035563529,5.63225687408848,4.77868139183056,4.77256740547588,5.0948300872093,5.40130462358338,216
"218",2019,10,5.94942528735632,87,6.21228070175439,5.45,4.4,7.66666666666667,5.82222222222222,57,30,5,6,81,9563,6228,3335,772,2070,7493,5.34014421938722,5.63756537732819,4.78472023988006,4.77015440414507,5.10228468599033,5.40585478046176,217
"219",2019,11,6.02026315789474,76,6.39692307692308,5.20416666666667,4.71428571428571,5.575,6.10375,52,24,7,12,64,9639,6280,3359,779,2082,7557,5.3455067092022,5.64385305254777,4.78771717773147,4.76965237483953,5.10500926993275,5.41176523355829,218
"220",2019,12,5.35119565217391,92,5.60525423728814,4.8969696969697,4,5.7375,5.31440476190476,59,33,7,8,84,9731,6339,3392,786,2090,7641,5.34556049429658,5.64349379555135,4.78878007075472,4.76279796437659,5.10743028708134,5.41069491820442,219
"221",2020,1,5.77066666666667,120,6.1344,5.16444444444444,5.09,6,5.74752293577982,75,45,10,11,109,9851,6414,3437,796,2101,7750,5.35073892701248,5.64923404583723,4.79369857433809,4.76690854271357,5.11210342693955,5.41543224129032,220
"222",2020,2,5.7990990990991,111,6.1,4.94827586206897,5,6.07894736842105,5.74130434782609,82,29,2,19,92,9962,6496,3466,798,2120,7842,5.35573470889379,5.65492413331281,4.79499192152337,4.76749273182957,5.12076853773585,5.41925527543994,221
"223",2020,3,5.63158653846154,104,5.95521126760563,4.93530303030303,5.09416666666667,5.88666666666667,5.58859550561798,71,33,6,15,89,10066,6567,3499,804,2135,7931,5.35858475759984,5.65817072788183,4.7963152329237,4.76993059701492,5.12614955503512,5.42115557558946,222
"224",2020,4,5.7710541025641,117,6.28074069444444,4.95555555555556,5.14285714285714,6.12222222222222,5.70720535353535,72,45,7,18,99,10183,6639,3544,811,2153,8030,5.36332392222331,5.66492250338906,4.79833718961626,4.77314944512947,5.13447714816535,5.42468221668742,223
"225",2020,5,5.58301886792453,106,6.10254237288136,4.93085106382979,5,6.6,5.44086021505376,59,47,3,13,93,10289,6698,3591,814,2166,8123,5.36558727767519,5.66877732158853,4.80007156780841,4.7739855036855,5.14327299168975,5.42486743813862,224
"226",2020,6,5.55243052083333,96,5.97179480769231,5.05681818181818,4,5.5,5.55719693181818,52,44,2,8,88,10385,6750,3635,816,2174,8211,5.36731447568608,5.67111167851852,4.80317936726273,4.77208848039215,5.14458569457221,5.42628565704543,225
"227",2020,7,5.53353658536585,82,5.797,5.121875,4.375,5.5,5.53767123287671,50,32,8,9,73,10467,6800,3667,824,2183,8284,5.36861668386357,5.67203732794117,4.80596045814017,4.76823325242718,5.14605098488318,5.4272672054563,226
"228",2020,8,5.65947368421053,114,5.95359375,5.283,5.375,5.5625,5.67088235294118,64,50,8,12,102,10581,6864,3717,832,2195,8386,5.37175038559682,5.67466256264569,4.81237745493678,4.77406754807692,5.14832769931662,5.4302303279275,227
"229",2020,9,5.63469135802469,81,6.316875,4.64242424242424,4.6,5.46153846153846,5.66779411764706,48,33,5,13,68,10662,6912,3750,837,2208,8454,5.3737479675483,5.67912237123842,4.81088186666667,4.77302771804062,5.15017178442029,5.4321411793234,228
"230",2020,10,5.64445378151261,119,5.85739726027397,5.30652173913044,5.625,6.45416666666667,5.55364485981308,73,46,8,12,107,10781,6985,3796,845,2220,8561,5.37673600129858,5.68098551610594,4.81688804004215,4.78109372781065,5.1572204054054,5.4336597979208,229
"231",2020,11,5.52212389380531,113,5.8943661971831,4.89285714285714,4.29545454545455,5.01666666666667,5.58217821782178,71,42,11,12,101,10894,7056,3838,856,2232,8662,5.37824406370479,5.68313262896825,4.81771938509641,4.77485303738317,5.15646474014337,5.4353915412145,230
"232",2020,12,5.60892655367232,177,5.81138888888889,5.29202898550725,5.5,6.7375,5.4967701863354,108,69,11,16,161,11071,7164,3907,867,2248,8823,5.38193214976063,5.68506614042434,4.82609598157154,4.78405328719723,5.16771766014234,5.43651156409385,231
"233",2021,1,5.676385,142,5.862902,5.39824561403509,5.575,5.77272727272727,5.66829519083969,85,57,8,11,131,11213,7249,3964,875,2259,8954,5.38566106305181,5.68715140019313,4.83432315842584,4.7912848,5.17066370075254,5.43990263569355,232
"234",2021,2,5.53428571428571,105,6.01147540983607,4.87272727272727,4.38,5.9325,5.44058823529412,61,44,5,20,85,11318,7310,4008,880,2279,9039,5.3870398922071,5.68985779753762,4.83474476047905,4.78894795454545,5.17734940763492,5.43990908286315,233
"235",2021,3,5.5292380952381,105,5.56211267605634,5.46058823529412,4.92857142857143,5.88181818181818,5.48797872340426,71,34,7,11,94,11423,7381,4042,887,2290,9133,5.38834697540051,5.68862897981303,4.84000915388422,4.79004983089064,5.18073331877729,5.44040383225665,234
"236",2021,4,5.95550458715596,109,6.09,5.75681818181818,5.5,5.41428571428571,6.03526315789474,65,44,4,14,95,11532,7446,4086,891,2304,9228,5.39370772632674,5.69213275584206,4.84988179148312,4.79323703703703,5.18215247395833,5.446527763329,235
"237",2021,5,5.58807339449541,109,5.83733333333333,5.03823529411765,5.66,5.73684210526316,5.55666666666667,75,34,5,19,90,11641,7521,4120,896,2323,9318,5.39552766085388,5.69358070735274,4.85143616504855,4.79807388392857,5.1866893241498,5.44759156471346,236
"238",2021,6,5.22252747252747,91,5.80882352941176,4.475,4.5625,5.82142857142857,5.17261904761905,51,40,8,7,84,11732,7572,4160,904,2330,9402,5.39418577395158,5.69435690702588,4.84781658653847,4.79598915929203,5.18859626609442,5.44513488619443,237
"239",2021,7,5.64819277108434,83,6.13913043478261,5.03783783783784,4.8,4.78571428571429,5.72763157894737,46,37,10,7,76,11815,7618,4197,914,2337,9478,5.39597016504443,5.69704259648201,4.84949177984275,4.79603304157549,5.18738951647411,5.44740010550749,238
"240",2021,8,5.64854368932039,103,5.86470588235294,5.22857142857143,5.71428571428571,4.8,5.77111111111111,68,35,7,13,90,11918,7686,4232,921,2350,9568,5.39815300385971,5.69852595628415,4.85262689035917,4.80301216069489,5.18524651063829,5.45044504598662,239
"241",2021,9,5.84270833333333,96,6.07966101694915,5.46486486486486,5.55555555555556,5.84615384615385,5.8421686746988,59,37,9,13,83,12014,7745,4269,930,2363,9651,5.40170530214749,5.70142937378954,4.85793323963458,4.81029483870967,5.18888247989843,5.45381392601803,240
"242",2021,10,5.63574468085106,94,5.98196078431373,5.22511627906977,5,6.42857142857143,5.57195402298851,51,43,8,7,87,12108,7796,4312,938,2370,9738,5.40352225801123,5.70326455874807,4.861594851577,4.81191279317697,5.19254400843881,5.45486939823372,241
"243",2021,11,5.486875,96,5.88733333333333,4.81944444444444,5.25,5.47,5.48883720930233,60,36,10,10,86,12204,7856,4348,948,2380,9824,5.40417793346444,5.7046703793279,4.8612458601656,4.81653396624472,5.19370978991596,5.45516675488599,242
"244",2021,12,5.46448446043165,139,5.7958437037037,5.00172413793103,4.77272727272727,5.42173913043478,5.47295982758621,81,58,11,23,116,12343,7937,4406,959,2403,9940,5.40485707202463,5.70560083658813,4.86309509759419,4.8160314911366,5.1958923429047,5.45537440040242,243
"245",2022,1,5.80088284518828,239,6.17658552631579,5.14448275862069,5.25555555555556,5.95944444444444,5.78796832579186,152,87,9,18,221,12582,8089,4493,968,2421,10161,5.41237973613098,5.71445108666089,4.86854373469842,4.82011797520661,5.20156931020239,5.46260826099794,244
"246",2022,2,5.49423076923077,130,5.78611111111111,5.13189655172414,4.42857142857143,5.07058823529412,5.55796460176991,72,58,14,17,113,12712,8161,4551,982,2438,10274,5.41321679043423,5.71508330351672,4.8719000219732,4.81453584521385,5.20065598851517,5.46365705080787,245
"247",2022,3,5.88902173913043,92,6.16736842105263,5.43571428571429,4.5,5.854,5.89329268292683,57,35,4,10,82,12804,8218,4586,986,2448,10356,5.41663557013433,5.71822035045023,4.87620300915831,4.81325983772819,5.20332487745098,5.46705895519506,246
"248",2022,4,5.61091954022988,87,6.04818181818182,4.859375,4.33333333333333,5.28461538461538,5.66824324324324,55,32,3,13,74,12891,8273,4618,989,2461,10430,5.41794677216663,5.72041397800072,4.87608640103942,4.81180404448938,5.20375428687525,5.46848634132311,247
"249",2022,5,5.72641509433962,106,5.90677966101695,5.5,5.66666666666667,5.26923076923077,5.79032258064516,59,47,9,13,93,12997,8332,4665,998,2474,10523,5.42046255597445,5.72173365818531,4.88237234726689,4.8195132264529,5.20409834276475,5.47133066045805,248
"250",2022,6,5.65794392523364,107,5.8515625,5.36976744186047,5.41666666666667,5.97368421052632,5.58977272727273,64,43,6,19,88,13104,8396,4708,1004,2493,10611,5.42240169719169,5.72272330157218,4.88682391673747,4.82308187250996,5.20996361813076,5.472312933748,249
"251",2022,7,5.86072072072072,111,5.94342857142857,5.71951219512195,5.16666666666667,5.29545454545455,5.9229,70,41,9,11,100,13215,8466,4749,1013,2504,10711,5.42608337797957,5.72454817387196,4.89401284480944,4.82613445212241,5.21033917731629,5.47651970310895,250
"252",2022,8,5.68851538461538,130,6.16105479452055,5.08333333333333,4.75,5.8185,5.66203703703704,73,57,12,22,108,13345,8539,4806,1025,2526,10819,5.42863985312851,5.72827987352149,4.89625821889306,4.82524312195122,5.21563590657165,5.47837161844903,251
"253",2022,9,5.87755555555556,90,6.10538461538462,5.56578947368421,NA,5.625,5.91641025641026,52,38,0,12,78,13435,8591,4844,1025,2538,10897,5.43164710383327,5.73056243045047,4.90151052848886,4.82524312195122,5.21757143420015,5.48150706983574,252
"254",2022,10,5.77868686868687,99,6.14259259259259,5.342,5.19090909090909,6.06076923076923,5.73604651162791,54,45,11,13,86,13534,8645,4889,1036,2551,10983,5.43418566868627,5.73313612955465,4.90556494170588,4.82912567567567,5.22186840454723,5.4835001857416,253
"255",2022,11,5.66271028037383,107,5.9135,5.34255319148936,4.9,4.56153846153846,5.815,60,47,10,13,94,13641,8705,4936,1046,2564,11077,5.43597821567333,5.73437930384836,4.90972589141005,4.82980325047801,5.21852039781591,5.48631331046312,254
"256",2022,12,5.62567741935484,155,6.20898876404494,4.83909090909091,4.7,5.34705882352941,5.66,89,66,5,17,138,13796,8794,5002,1051,2581,11215,5.43810951290229,5.73918260632249,4.90879388244703,4.82918572787821,5.21936702828361,5.48845051627285,255
