"","year","month","avg_rating","no_ratings","avg_rating_owned","avg_rating_not_owned","avg_rating_prev_owned","avg_rating_comment","avg_rating_no_comment","no_ratings_owned","no_ratings_not_owned","no_ratings_prev_owned","no_ratings_comment","no_ratings_no_comment","cum_no_ratings","cum_no_ratings_owned","cum_no_ratings_not_owned","cum_no_ratings_prev_owned","cum_no_ratings_comment","cum_no_ratings_no_comment","cum_avg_rating","cum_avg_rating_owned","cum_avg_rating_not_owned","cum_avg_rating_prev_owned","cum_avg_rating_comment","cum_avg_rating_no_comment","month_after_release"
"1",2001,6,7.5,6,7,8,NA,NA,7.5,3,3,0,0,6,6,3,3,0,0,6,7.5,7,8,NA,NA,7.5,0
"2",2001,7,6.5,2,6.5,NA,NA,NA,6.5,2,0,0,0,2,8,5,3,0,0,8,7.25,6.8,8,NA,NA,7.25,1
"3",2001,8,7.2,5,7.75,5,5,NA,7.2,4,1,1,0,5,13,9,4,1,0,13,7.23076923076923,7.22222222222222,7.25,5,NA,7.23076923076923,2
"4",2001,9,7.4,5,7.4,NA,NA,7.33333333333333,7.5,5,0,0,3,2,18,14,4,1,3,15,7.27777777777778,7.28571428571429,7.25,5,7.33333333333333,7.26666666666667,3
"5",2001,10,7.83333333333333,6,7.8,8,NA,7.8,8,5,1,0,5,1,24,19,5,1,8,16,7.41666666666667,7.42105263157895,7.4,5,7.625,7.3125,4
"6",2001,11,8.2,5,8.2,NA,NA,9,7.66666666666667,5,0,0,2,3,29,24,5,1,10,19,7.55172413793103,7.58333333333333,7.4,5,7.9,7.36842105263158,5
"7",2001,12,7.5,2,8,7,NA,NA,7.5,1,1,0,0,2,31,25,6,1,10,21,7.54838709677419,7.6,7.33333333333333,5,7.9,7.38095238095238,6
"8",2002,1,6.1,5,6.83333333333333,5,NA,3,6.875,3,2,0,1,4,36,28,8,1,11,25,7.34722222222222,7.51785714285714,6.75,5,7.45454545454545,7.3,7
"9",2002,2,7.57142857142857,7,7.57142857142857,NA,NA,7.33333333333333,7.75,7,0,0,3,4,43,35,8,1,14,29,7.38372093023256,7.52857142857143,6.75,5,7.42857142857143,7.36206896551724,8
"10",2002,3,7.8,5,7.8,NA,NA,8,7.66666666666667,5,0,0,2,3,48,40,8,1,16,32,7.42708333333333,7.5625,6.75,5,7.5,7.390625,9
"11",2002,4,8.5,2,NA,8.5,8,9,8,0,2,1,1,1,50,40,10,2,17,33,7.47,7.5625,7.1,6.5,7.58823529411765,7.40909090909091,10
"12",2002,5,7.5,4,8,7.33333333333333,8,7.5,7.5,1,3,1,2,2,54,41,13,3,19,35,7.47222222222222,7.57317073170732,7.15384615384615,7,7.57894736842105,7.41428571428571,11
"13",2002,6,7.875,4,7.875,NA,NA,NA,7.875,4,0,0,0,4,58,45,13,3,19,39,7.5,7.6,7.15384615384615,7,7.57894736842105,7.46153846153846,12
"14",2002,7,7.83333333333333,9,7.8125,8,NA,8.16666666666667,7.66666666666667,8,1,0,3,6,67,53,14,3,22,45,7.54477611940298,7.63207547169811,7.21428571428571,7,7.65909090909091,7.48888888888889,13
"15",2002,8,6.55555555555556,9,6.85714285714286,5.5,NA,7.33333333333333,6.16666666666667,7,2,0,3,6,76,60,16,3,25,51,7.42763157894737,7.54166666666667,7,7,7.62,7.33333333333333,14
"16",2002,9,7.33333333333333,9,7.5,7,9,6.5,7.57142857142857,6,3,1,2,7,85,66,19,4,27,58,7.41764705882353,7.53787878787879,7,7.5,7.53703703703704,7.36206896551724,15
"17",2002,10,8.33333333333333,6,8,10,10,9,8,5,1,1,2,4,91,71,20,5,29,62,7.47802197802198,7.57042253521127,7.15,8,7.63793103448276,7.40322580645161,16
"18",2002,11,7.63636363636364,11,7.4,10,NA,7.33333333333333,8,10,1,0,6,5,102,81,21,5,35,67,7.49509803921569,7.54938271604938,7.28571428571429,8,7.58571428571429,7.44776119402985,17
"19",2002,12,7.33333333333333,3,7.5,7,NA,NA,7.33333333333333,2,1,0,0,3,105,83,22,5,35,70,7.49047619047619,7.54819277108434,7.27272727272727,8,7.58571428571429,7.44285714285714,18
"20",2003,1,7.85714285714286,7,8.33333333333333,5,NA,9.5,7.2,6,1,0,2,5,112,89,23,5,37,75,7.51339285714286,7.60112359550562,7.17391304347826,8,7.68918918918919,7.42666666666667,19
"21",2003,2,6,11,6.57142857142857,5,3,5.83333333333333,6.2,7,4,1,6,5,123,96,27,6,43,80,7.3780487804878,7.52604166666667,6.85185185185185,7.16666666666667,7.43023255813953,7.35,20
"22",2003,3,6.45454545454545,11,7.4,5.66666666666667,NA,5.85714285714286,7.5,5,6,0,7,4,134,101,33,6,50,84,7.30223880597015,7.51980198019802,6.63636363636364,7.16666666666667,7.21,7.35714285714286,21
"23",2003,4,8.14285714285714,7,8.16666666666667,8,NA,9,8,6,1,0,1,6,141,107,34,6,51,90,7.34397163120567,7.55607476635514,6.67647058823529,7.16666666666667,7.24509803921569,7.4,22
"24",2003,5,7.72727272727273,11,7.85714285714286,7.5,NA,8,7.5,7,4,0,5,6,152,114,38,6,56,96,7.37171052631579,7.57456140350877,6.76315789473684,7.16666666666667,7.3125,7.40625,23
"25",2003,6,8.2,5,8.2,NA,NA,8,8.33333333333333,5,0,0,2,3,157,119,38,6,58,99,7.39808917197452,7.60084033613445,6.76315789473684,7.16666666666667,7.33620689655172,7.43434343434343,24
"26",2003,7,6.79024390243902,41,7.04761904761905,6.52,7,7.125,6.65172413793103,21,20,1,12,29,198,140,58,7,70,128,7.27222222222222,7.51785714285714,6.67931034482759,7.14285714285714,7.3,7.25703125,25
"27",2003,8,6.78571428571429,14,7,6.4,6,6.83333333333333,6.75,9,5,1,6,8,212,149,63,8,76,136,7.24009433962264,7.48657718120805,6.65714285714286,7,7.26315789473684,7.22720588235294,26
"28",2003,9,6.95,10,7.28571428571429,6.16666666666667,NA,6.625,7.16666666666667,7,3,0,4,6,222,156,66,8,80,142,7.22702702702703,7.4775641025641,6.63484848484848,7,7.23125,7.22464788732394,27
"29",2003,10,7.33333333333333,9,7.33333333333333,7.33333333333333,NA,7.5,7.28571428571429,6,3,0,2,7,231,162,69,8,82,149,7.23116883116883,7.47222222222222,6.66521739130435,7,7.23780487804878,7.22751677852349,28
"30",2003,11,6.58333333333333,6,6.5,6.66666666666667,6.5,6.375,7,3,3,2,4,2,237,165,72,10,86,151,7.21476793248945,7.45454545454545,6.66527777777778,6.9,7.19767441860465,7.22450331125828,29
"31",2003,12,7,8,7,7,NA,7.33333333333333,6.8,7,1,0,3,5,245,172,73,10,89,156,7.20775510204082,7.43604651162791,6.66986301369863,6.9,7.20224719101124,7.21089743589743,30
"32",2004,1,7.05555555555556,9,6.91666666666667,7.33333333333333,7,7.25,6.9,6,3,1,4,5,254,178,76,11,93,161,7.20236220472441,7.4185393258427,6.69605263157895,6.90909090909091,7.20430107526882,7.20124223602484,31
"33",2004,2,7.66666666666667,9,7.71428571428571,7.5,NA,8.2,7,7,2,0,5,4,263,185,78,11,98,165,7.21825095057034,7.42972972972973,6.71666666666667,6.90909090909091,7.25510204081633,7.19636363636364,32
"34",2004,3,6.75,16,7.08333333333333,5.75,4,5.83333333333333,7.3,12,4,1,6,10,279,197,82,12,104,175,7.19139784946237,7.40862944162437,6.66951219512195,6.66666666666667,7.17307692307692,7.20228571428571,33
"35",2004,4,7.38461538461539,13,7.45454545454545,7,NA,7.25,7.5,11,2,0,6,7,292,208,84,12,110,182,7.2,7.41105769230769,6.67738095238095,6.66666666666667,7.17727272727273,7.21373626373626,34
"36",2004,5,6.84615384615385,13,7.66666666666667,5,NA,7.1,6,9,4,0,10,3,305,217,88,12,120,185,7.18491803278689,7.42165898617511,6.60113636363636,6.66666666666667,7.17083333333333,7.19405405405405,35
"37",2004,6,7.61111111111111,9,7.6875,7,NA,7.83333333333333,7.5,8,1,0,3,6,314,225,89,12,123,191,7.19713375796178,7.43111111111111,6.60561797752809,6.66666666666667,7.1869918699187,7.20366492146597,36
"38",2004,7,6.64705882352941,17,6.9375,6.38888888888889,6.5,6.68181818181818,6.58333333333333,8,9,1,11,6,331,233,98,13,134,197,7.16888217522659,7.41416309012876,6.58571428571429,6.65384615384615,7.1455223880597,7.18477157360406,37
"39",2004,8,7.23076923076923,13,7.3,7,NA,7.33333333333333,7.2,10,3,0,3,10,344,243,101,13,137,207,7.17122093023256,7.40946502057613,6.5980198019802,6.65384615384615,7.14963503649635,7.18550724637681,38
"40",2004,9,7.16,25,7.3,6.6,7,6.68181818181818,7.53571428571429,20,5,1,11,14,369,263,106,14,148,221,7.17046070460705,7.40114068441065,6.59811320754717,6.67857142857143,7.11486486486486,7.20769230769231,39
"41",2004,10,7.0047619047619,21,7.29411764705882,5.775,7,7.21666666666667,6.72222222222222,17,4,2,12,9,390,280,110,16,160,230,7.16153846153846,7.39464285714286,6.56818181818182,6.71875,7.1225,7.18869565217391,40
"42",2004,11,7.07222222222222,18,7.375,6.46666666666667,6,6.95454545454545,7.25714285714286,12,6,1,11,7,408,292,116,17,171,237,7.15759803921569,7.39383561643836,6.56293103448276,6.67647058823529,7.11169590643275,7.19071729957806,41
"43",2004,12,7.75,16,8,7,9,7.88888888888889,7.57142857142857,12,4,1,9,7,424,304,120,18,180,244,7.17995283018868,7.41776315789474,6.5775,6.80555555555556,7.15055555555556,7.20163934426229,42
"44",2005,1,7.252,25,7.36842105263158,6.88333333333333,7,7.29166666666667,7.21538461538462,19,6,1,12,13,449,323,126,19,192,257,7.18396436525613,7.41486068111455,6.59206349206349,6.81578947368421,7.159375,7.20233463035019,43
"45",2005,2,7.11111111111111,18,8.3125,6.15,5.5,6.44444444444444,7.77777777777778,8,10,2,9,9,467,331,136,21,201,266,7.18115631691649,7.43655589123867,6.55955882352941,6.69047619047619,7.1273631840796,7.22180451127819,44
"46",2005,3,7.275,20,7.53125,6.25,4.3,7.08571428571429,7.37692307692308,16,4,2,7,13,487,347,140,23,208,279,7.18501026694045,7.44092219020173,6.55071428571429,6.48260869565217,7.12596153846154,7.22903225806452,45
"47",2005,4,7.03333333333333,15,7.9375,6,8,6.92857142857143,7.125,8,7,1,7,8,502,355,147,24,215,287,7.1804780876494,7.45211267605634,6.52448979591837,6.54583333333333,7.11953488372093,7.22613240418118,46
"48",2005,5,7.53529411764706,17,8,6.025,NA,7.51,7.57142857142857,13,4,0,10,7,519,368,151,24,225,294,7.19210019267823,7.47146739130435,6.51125827814569,6.54583333333333,7.13688888888889,7.2343537414966,47
"49",2005,6,6.73529411764706,17,6.86363636363636,6.5,8,5.58333333333333,7.36363636363636,11,6,1,6,11,536,379,157,25,231,305,7.17761194029851,7.45382585751979,6.51082802547771,6.604,7.0965367965368,7.23901639344262,48
"50",2005,7,7.11111111111111,18,7.68181818181818,6.21428571428571,5,6.875,7.3,11,7,1,8,10,554,390,164,26,239,315,7.17545126353791,7.46025641025641,6.49817073170732,6.54230769230769,7.08912133891213,7.24095238095238,49
"51",2005,8,6.91578947368421,19,7.09333333333333,6.25,7,7.1875,6.71818181818182,15,4,1,8,11,573,405,168,27,247,326,7.16684118673647,7.44666666666667,6.4922619047619,6.55925925925926,7.09230769230769,7.22331288343558,50
"52",2005,9,7.62962962962963,27,7.81818181818182,6.8,7,7.90909090909091,7.4375,22,5,1,11,16,600,427,173,28,258,342,7.18766666666667,7.46580796252927,6.50115606936416,6.575,7.12713178294574,7.23333333333333,51
"53",2005,10,7.08333333333333,24,7.8,5.88888888888889,7,7.08333333333333,7.08333333333333,15,9,1,12,12,624,442,182,29,270,354,7.18365384615385,7.47714932126697,6.47087912087912,6.58965517241379,7.12518518518518,7.22824858757062,52
"54",2005,11,7.14130434782609,23,7.52941176470588,6.04166666666667,NA,7.16666666666667,7.13235294117647,17,6,0,6,17,647,459,188,29,276,371,7.18214837712519,7.47908496732026,6.45718085106383,6.58965517241379,7.12608695652174,7.22385444743935,53
"55",2005,12,7.05882352941176,17,7.26923076923077,6.375,NA,6.8125,7.27777777777778,13,4,0,8,9,664,472,192,29,284,380,7.17899096385542,7.47330508474576,6.45546875,6.58965517241379,7.11725352112676,7.22513157894737,54
"56",2006,1,7.676,25,7.5,8.23333333333333,8.7,6.95454545454545,8.24285714285714,19,6,2,11,14,689,491,198,31,295,394,7.19702467343977,7.47433808553972,6.50934343434343,6.7258064516129,7.11118644067796,7.26129441624365,55
"57",2006,2,7.07857142857143,14,7.35,6.4,NA,7.8,6.35714285714286,10,4,0,7,7,703,501,202,31,302,401,7.19466571834993,7.47185628742515,6.50717821782178,6.7258064516129,7.12715231788079,7.24551122194514,56
"58",2006,3,7.6,15,7.53846153846154,8,NA,7.75,7.5,13,2,0,6,9,718,514,204,31,308,410,7.20313370473538,7.47354085603113,6.52181372549019,6.7258064516129,7.13928571428571,7.25109756097561,57
"59",2006,4,7.1,13,7.43,6,6,7.14285714285714,7.05,10,3,1,7,6,731,524,207,32,315,416,7.20129958960328,7.47270992366412,6.51425120772947,6.703125,7.13936507936508,7.24819711538461,58
"60",2006,5,6.92307692307692,13,6.66666666666667,7.5,7,7.25,6.77777777777778,9,4,1,4,9,744,533,211,33,319,425,7.19643817204301,7.45909943714822,6.53293838862559,6.71212121212121,7.14075235109718,7.23823529411765,59
"61",2006,6,7.63636363636364,11,7.55555555555556,8,NA,7.8,7.5,9,2,0,5,6,755,542,213,33,324,431,7.20284768211921,7.46070110701107,6.54671361502347,6.71212121212121,7.15092592592592,7.24187935034803,60
"62",2006,7,7.11538461538461,26,7.475,5.91666666666667,NA,7.5,6.91176470588235,20,6,0,9,17,781,562,219,33,333,448,7.19993597951345,7.46120996441281,6.52945205479452,6.71212121212121,7.16036036036036,7.22935267857143,61
"63",2006,8,6.73913043478261,23,7.11764705882353,5.66666666666667,NA,6.5,6.92307692307692,17,6,0,10,13,804,579,225,33,343,461,7.18675373134328,7.45112262521589,6.50644444444444,6.71212121212121,7.14110787172011,7.220715835141,62
"64",2006,9,6.83333333333333,12,7,6.71428571428571,7,6.8,6.85714285714286,5,7,1,5,7,816,584,232,34,348,468,7.18155637254902,7.4472602739726,6.51271551724138,6.72058823529412,7.13620689655172,7.21527777777778,63
"65",2006,10,7.20434782608696,23,7.875,6.47272727272727,8,7,7.5875,12,11,1,15,8,839,596,243,35,363,476,7.18218116805721,7.45587248322148,6.51090534979424,6.75714285714286,7.13057851239669,7.22153361344538,64
"66",2006,11,6.89473684210526,19,7.23076923076923,6.16666666666667,NA,6.71428571428571,7,13,6,0,7,12,858,609,249,35,370,488,7.17581585081585,7.45106732348112,6.50261044176707,6.75714285714286,7.1227027027027,7.21608606557377,65
"67",2006,12,6.875,28,6.61538461538461,7.1,7.66666666666667,6.25,7.125,13,15,3,8,20,886,622,264,38,378,508,7.16630925507901,7.43360128617363,6.53655303030303,6.82894736842105,7.1042328042328,7.2125,66
"68",2007,1,7.48387096774194,31,7.5625,7.21428571428571,7.5,8.14285714285714,7.29166666666667,24,7,2,7,24,917,646,271,40,385,532,7.17704471101418,7.43839009287926,6.55405904059041,6.8625,7.12311688311688,7.21607142857143,67
"69",2007,2,7.04088785714286,28,7.47619047619048,5.73498,7,7.07692307692308,7.00965733333333,21,7,1,13,15,945,667,278,41,398,547,7.17301043386243,7.43958020989505,6.53343474820144,6.86585365853659,7.121608040201,7.2104110786106,68
"70",2007,3,6.79090909090909,22,7,6.08,6.4,7.16666666666667,6.53076923076923,17,5,1,9,13,967,684,283,42,407,560,7.1643173319545,7.42865497076023,6.5254235335689,6.8547619047619,7.12260442260442,7.19463367857143,69
"71",2007,4,7.325,20,7.46666666666667,6.9,7.16666666666667,7,7.5,15,5,3,7,13,987,699,288,45,414,573,7.16757331306991,7.42947067238913,6.53192659722222,6.87555555555555,7.12053140096618,7.20156171029668,70
"72",2007,5,7.39545454545455,22,7.83571428571429,6.625,NA,7.05,7.68333333333333,14,8,0,10,12,1009,713,296,45,424,585,7.17254198216056,7.43744740532959,6.53444209459459,6.87555555555555,7.1188679245283,7.2114442051282,71
"73",2007,6,6.82142857142857,28,7,6.54545454545455,6.5,6.75,6.875,17,11,2,12,16,1037,730,307,47,436,601,7.16306158148505,7.4272602739726,6.53483667752443,6.85957446808511,7.10871559633027,7.20248728785358,72
"74",2007,7,7.11363636363636,22,7.35294117647059,6.3,6,7.05,7.16666666666667,17,5,2,10,12,1059,747,312,49,446,613,7.16203480642115,7.42556894243641,6.53107326923077,6.82448979591837,7.10739910313901,7.2017860685155,73
"75",2007,8,7.51666666666667,24,7.7125,7.125,NA,7.48571428571429,7.52941176470588,16,8,0,7,17,1083,763,320,49,453,630,7.16989368421053,7.43158584534731,6.5459214375,6.82448979591837,7.11324503311258,7.21062676190476,74
"76",2007,9,7.53703703703704,27,7.65909090909091,7,4,7.25,7.70588235294118,22,5,1,10,17,1110,785,325,50,463,647,7.1788241981982,7.43796178343949,6.55290726153846,6.768,7.11619870410367,7.22363965996909,75
"77",2007,10,7.14333333333333,30,7.27619047619048,6.83333333333333,7,6.5,7.30416666666667,21,9,2,6,24,1140,806,334,52,469,671,7.17789022807018,7.43374689826303,6.56046365269461,6.77692307692308,7.10831556503198,7.22651991058122,76
"78",2007,11,6.85,30,7.3125,5,NA,6.55555555555556,6.97619047619048,24,6,0,9,21,1170,830,340,52,478,692,7.16948278632479,7.43024096385542,6.53292605882353,6.77692307692308,7.09790794979079,7.21892320809249,77
"79",2007,12,6.828125,32,7.475,5.75,7,6.54117647058824,7.15333333333333,20,12,2,17,15,1202,850,352,54,495,707,7.16039505823627,7.43129411764706,6.50623539772727,6.78518518518518,7.07878787878788,7.21753162659123,78
"80",2008,1,7.0609756097561,41,7.5,6.11538461538461,6.75,6.92105263157895,7.18181818181818,28,13,4,19,22,1243,878,365,58,514,729,7.15711573612229,7.43348519362187,6.49231468493151,6.78275862068965,7.07295719844358,7.21645385459534,79
"81",2008,2,7.2962962962963,27,8,6.27272727272727,6.75,7.05882352941176,7.7,16,11,2,17,10,1270,894,376,60,531,739,7.16007469291339,7.44362416107383,6.48589058510638,6.78166666666667,7.07250470809793,7.22299710419486,80
"82",2008,3,7.62424242424242,33,7.84736842105263,7.32142857142857,7.5,7.44444444444444,7.69166666666667,19,14,1,9,24,1303,913,390,61,540,763,7.17183028396009,7.45202628696605,6.51588425641026,6.79344262295082,7.0787037037037,7.23773900393185,81
"83",2008,4,7.48076923076923,26,7.77777777777778,6.8125,NA,7.5,7.47058823529412,18,8,0,9,17,1329,931,398,61,549,780,7.17787423626787,7.45832438238453,6.52184638190955,6.79344262295082,7.0856102003643,7.24281392307692,82
"84",2008,5,6.84583333333333,24,7.1125,6.3125,4,6.40769230769231,7.36363636363636,16,8,1,13,11,1353,947,406,62,562,791,7.17198437546194,7.45248152059134,6.51772133004926,6.74838709677419,7.06992882562277,7.24449413400759,83
"85",2008,6,7.31904761904762,21,7.70833333333333,6.8,8,6.68888888888889,7.79166666666667,12,9,1,9,12,1374,959,415,63,571,803,7.17423206695779,7.45568300312826,6.52384303614458,6.76825396825397,7.06392294220665,7.25267105853051,84
"86",2008,7,7.15346153846154,26,7.52578947368421,6.14285714285714,5.75,7.27666666666667,7.08823529411765,19,7,4,9,17,1400,978,422,67,580,820,7.17384632857143,7.45704498977505,6.51752336492891,6.70746268656716,7.06722413793103,7.24926202439024,85
"87",2008,8,6.88214285714286,28,7.66153846153846,6.20666666666667,5,6.68888888888889,6.97368421052632,13,15,5,9,19,1428,991,437,72,589,839,7.16812665266106,7.45972754793138,6.50685322654462,6.58888888888889,7.06144312393888,7.24302128724672,86
"88",2008,9,6.85416666666667,24,7.03846153846154,6.63636363636364,5.85714285714286,7,6.81578947368421,13,11,7,5,19,1452,1004,448,79,594,858,7.16293723140496,7.45427290836654,6.51003316964286,6.52405063291139,7.06092592592592,7.23356044289044,87
"89",2008,10,7.02272727272727,22,7.2,6.875,7.2,7.14285714285714,6.96666666666667,10,12,5,7,15,1474,1014,460,84,601,873,7.16084454545455,7.45176528599606,6.51955404347826,6.56428571428571,7.06188019966722,7.22897463917526,88
"90",2008,11,7.37,25,7.56944444444444,6.85714285714286,6,7.275,7.43333333333333,18,7,2,10,15,1499,1032,467,86,611,888,7.1643327951968,7.45381782945736,6.52461426124197,6.55116279069767,7.0653682487725,7.23242664414414,89
"91",2008,12,7.3125,20,7.69642857142857,6.41666666666667,6.5,7.975,6.65,14,6,4,10,10,1519,1046,473,90,621,898,7.16628364713627,7.45706500956023,6.52324494714588,6.54888888888889,7.08001610305958,7.22594082405345,90
"92",2009,1,7.3484375,32,7.928125,6.76875,7,7.33333333333333,7.35434782608696,16,16,6,9,23,1551,1062,489,96,630,921,7.17004181818182,7.46416195856874,6.53127783231084,6.57708333333333,7.08363492063492,7.2291475135722,91
"93",2009,2,7.25,53,7.8,6.75892857142857,6.75,7.90909090909091,7.07738095238095,25,28,6,11,42,1604,1087,517,102,641,963,7.17268382793018,7.47188592456302,6.54360707930367,6.58725490196078,7.09780031201248,7.22252841121495,92
"94",2009,3,7.25757575757576,33,7.4,7.13888888888889,5,7.75,7.1,15,18,2,8,25,1637,1102,535,104,649,988,7.17439514966402,7.47090744101634,6.56363525233645,6.55673076923077,7.10583975346687,7.21942799595142,93
"95",2009,4,7.50689655172414,29,8.5,6.58,6.5,7.94444444444444,7.31,14,15,4,9,20,1666,1116,550,108,658,1008,7.18018298919568,7.48381720430108,6.56408156363636,6.55462962962963,7.11731003039514,7.22122505952381,94
"96",2009,5,7.5,34,7.83333333333333,7.125,6.33333333333333,7.07142857142857,7.61111111111111,18,16,3,7,27,1700,1134,566,111,665,1035,7.18657932941177,7.48936507936508,6.57993791519435,6.54864864864865,7.11682706766917,7.231396,95
"97",2009,6,7.04722222222222,36,7.10588235294118,6.99473684210526,7,7,7.07727272727273,17,19,5,14,22,1736,1151,585,116,679,1057,7.18368943548387,7.48370112945265,6.59341001709402,6.56810344827586,7.11441826215022,7.22818813623463,96
"98",2009,7,7.05757575757576,33,7.29333333333333,6.86111111111111,6.4375,6.8,7.10357142857143,15,18,8,5,28,1769,1166,603,124,684,1085,7.1813368343697,7.48125214408233,6.60140109452736,6.55967741935484,7.11211988304093,7.22497222119816,97
"99",2009,8,6.95625,32,7.19230769230769,6.79473684210526,7.44,7.28,6.80909090909091,13,19,5,10,22,1801,1179,622,129,694,1107,7.17733751249306,7.47806615776082,6.6073068488746,6.5937984496124,7.11453890489913,7.21670719060524,98
"100",2009,9,7.22368421052632,38,7.625,6.77777777777778,6.91666666666667,7,7.28333333333333,20,18,6,8,30,1839,1199,640,135,702,1137,7.1782951930397,7.48051709758132,6.61210134375,6.60814814814815,7.11323361823362,7.21846513632366,99
"101",2009,10,7.09285714285714,35,8,6.55681818181818,5.91666666666667,7.85714285714286,6.90178571428571,13,22,6,7,28,1874,1212,662,141,709,1165,7.17669949839915,7.48608910891089,6.61026413897281,6.57872340425532,7.12057827926657,7.21085395708155,100
"102",2009,11,6.63409090909091,44,7.11428571428571,6.19565217391304,5.92857142857143,6.25,6.778125,21,23,7,12,32,1918,1233,685,148,721,1197,7.16425175182482,7.47975669099757,6.59634286131387,6.54797297297297,7.10608876560333,7.19928559732665,101
"103",2009,12,6.85348837209302,43,7.8,6.0304347826087,5.65,6.82352941176471,6.87307692307692,20,23,10,17,26,1961,1253,708,158,738,1223,7.15743746047935,7.4848683160415,6.57795884180791,6.49113924050633,7.09957994579946,7.19235066230581,102
"104",2010,1,7.46122448979592,49,7.61,7.22631578947368,6.5,7.32,7.52352941176471,30,19,4,15,34,2010,1283,727,162,753,1257,7.16484321393035,7.48779423226812,6.59490352132049,6.49135802469136,7.10397078353254,7.20130856006364,103
"105",2010,2,7.00333333333333,30,7.38823529411765,6.5,7.5,6.3,7.144,17,13,3,5,25,2040,1300,740,165,758,1282,7.16246806862745,7.48649230769231,6.5932362972973,6.50969696969697,7.09866754617414,7.20019099843994,104
"106",2010,3,7.255,46,7.62862068965517,6.61764705882353,5.83333333333333,7.42857142857143,7.1790625,29,17,6,14,32,2086,1329,757,171,772,1314,7.16450856184084,7.48959367945824,6.59378449141347,6.4859649122807,7.10465025906736,7.19967645357686,105
"107",2010,4,7.03333333333333,21,7.11111111111111,6.975,6.9,6.16666666666667,7.17777777777778,9,12,3,3,18,2107,1338,769,174,775,1332,7.16320116753678,7.48704783258595,6.59973323797139,6.49310344827586,7.10101935483871,7.19938052552553,106
"108",2010,5,7.6,21,7.89333333333333,6.86666666666667,6,7.2,7.725,15,6,1,5,16,2128,1353,775,175,780,1348,7.16751168233083,7.49155210643015,6.60179981935484,6.49028571428571,7.10165384615384,7.20561933234421,107
"109",2010,6,6.725,20,7,6.38888888888889,8,6.5,6.875,11,9,1,8,12,2148,1364,784,176,788,1360,7.16339146182496,7.48758797653959,6.59935568877551,6.49886363636364,7.09554568527919,7.20270210294118,108
"110",2010,7,6.33333333333333,15,7.83333333333333,5.33333333333333,5.66666666666667,3.66666666666667,7,6,9,3,3,12,2163,1370,793,179,791,1372,7.1576351641239,7.48910218978102,6.58498721311475,6.48491620111732,7.08254108723135,7.20092919825073,109
"111",2010,8,7.02,25,7.17857142857143,6.81818181818182,6.16666666666667,7.21428571428571,6.94444444444444,14,11,3,7,18,2188,1384,804,182,798,1390,7.15606255027422,7.48596098265896,6.58817768656716,6.47967032967033,7.08369674185464,7.19760781294964,110
"112",2010,9,7.595,20,7.71818181818182,7.44444444444444,4,7.42857142857143,7.68461538461538,11,9,1,7,13,2208,1395,813,183,805,1403,7.16003843297102,7.48779211469534,6.59765665436654,6.46612021857923,7.08669565217391,7.20212035637919,111
"113",2010,10,6.91304347826087,23,7.61111111111111,6.46428571428571,5,6.5,7.05882352941176,9,14,2,6,17,2231,1404,827,185,811,1420,7.15749209323174,7.48858262108262,6.59539886336155,6.45027027027027,7.08235511713933,7.20040483098592,112
"114",2010,11,6.79375,40,7.25,6.42045454545455,5.5625,6.4,6.8921875,18,22,4,8,32,2271,1422,849,189,819,1452,7.15108536327609,7.48556258790436,6.59086555948174,6.43148148148148,7.07568986568986,7.19361216253444,113
"115",2010,12,6.80833333333333,30,7.48529411764706,5.92307692307692,6,7.2,6.73,17,13,3,5,25,2301,1439,862,192,824,1477,7.14661662755324,7.48555941626129,6.58079450116009,6.42473958333333,7.07644417475728,7.18576496953284,114
"116",2011,1,7.7109375,32,7.90277777777778,7.46428571428571,9,7.82142857142857,7.68,18,14,2,7,25,2333,1457,876,194,831,1502,7.15435699099872,7.49071379547014,6.59491422374429,6.45128865979381,7.08271961492178,7.19399125166445,115
"117",2011,2,7.38229411764706,17,8.44433333333333,6.1875,8,6.25,7.53326666666667,9,8,1,2,15,2350,1466,884,195,833,1517,7.15600589787234,7.49656821282401,6.59122721719457,6.45923076923077,7.08072028811524,7.19734598549769,116
"118",2011,3,7.00277777777778,18,7.28571428571429,6.82272727272727,6,6.75,7.075,7,11,2,4,14,2368,1473,895,197,837,1531,7.15484115709459,7.49556619144603,6.59407246927374,6.45456852791878,7.07913978494624,7.19622721097322,117
"119",2011,4,6.825,24,7.57692307692308,5.93636363636364,NA,6.81818181818182,6.83076923076923,13,11,0,11,13,2392,1486,906,197,848,1544,7.15153171404682,7.49627792732167,6.5860870419426,6.45456852791878,7.07575471698113,7.19315016839378,118
"120",2011,5,6.34,25,6.65625,5.77777777777778,7.5,5.1875,6.88235294117647,16,9,2,8,17,2417,1502,915,199,856,1561,7.14313771617708,7.48732956058589,6.57813645901639,6.46507537688442,7.05810747663551,7.18976544522742,119
"121",2011,6,6.985,20,7.40909090909091,6.46666666666667,NA,7.2,6.89285714285714,11,9,0,6,14,2437,1513,924,199,862,1575,7.14183990972507,7.48676074025116,6.57705071428571,6.46507537688442,7.05909512761021,7.18712626031746,120
"122",2011,7,7.45882352941176,17,7.69230769230769,6.7,9,8.75,7.06153846153846,13,4,1,4,13,2454,1526,928,200,866,1588,7.14403580277099,7.48851179554391,6.57758066810345,6.47775,7.06690531177829,7.18609814861461,121
"123",2011,8,7.85,10,8.14285714285714,7.16666666666667,NA,8.33333333333333,7.64285714285714,7,3,0,3,7,2464,1533,931,200,869,1595,7.14690091720779,7.49149967384214,6.57947890440387,6.47775,7.07127733026467,7.18810273354232,122
"124",2011,9,7.25263157894737,19,7.6875,6.93636363636364,7,7,7.36923076923077,8,11,1,6,13,2483,1541,942,201,875,1608,7.1477099718083,7.49251719662557,6.58364634819533,6.48034825870647,7.07078857142857,7.18956707711443,123
"125",2011,10,6.82692307692308,26,7.875,5.92857142857143,6,5.625,7.36111111111111,12,14,1,8,18,2509,1553,956,202,883,1626,7.14438575528099,7.49547263361236,6.57405320083682,6.4779702970297,7.05768969422423,7.19146608856088,124
"126",2011,11,7.01851851851852,27,7.59285714285714,6.4,6.2,7.21538461538462,6.83571428571429,14,13,5,13,14,2536,1567,969,207,896,1640,7.14304568611987,7.49634269304403,6.57171812177503,6.47125603864734,7.05997767857143,7.18842918292683,125
"127",2011,12,7.23863636363636,22,7.125,7.375,5.75,7,7.30882352941176,12,10,2,5,17,2558,1579,979,209,901,1657,7.14386781078968,7.49352058264724,6.57992324821246,6.46435406698565,7.0596448390677,7.18966436934218,126
"128",2012,1,6.81851851851852,27,7.78571428571429,5.77692307692308,5.5,7.75,6.55238095238095,14,13,2,6,21,2585,1593,992,211,907,1678,7.14046957833656,7.49608851224105,6.56940006048387,6.45521327014218,7.06421168687982,7.18168883194279,127
"129",2012,2,7.01578947368421,19,7.20909090909091,6.75,6,6.6625,7.27272727272727,11,8,3,8,11,2604,1604,1000,214,915,1689,7.13955985407066,7.49412032418952,6.57084486,6.44883177570093,7.06069945355191,7.18228174067495,128
"130",2012,3,6.64347826086957,23,6.96153846153846,6.23,6.25,6.5,6.68333333333333,13,10,2,5,18,2627,1617,1010,216,920,1707,7.13521654358584,7.48983858998145,6.56747015841584,6.44699074074074,7.05765217391304,7.17702042179262,129
"131",2012,4,6.95769230769231,26,7.06666666666667,6.7125,5,7.7,6.78095238095238,18,8,2,5,21,2653,1635,1018,218,925,1728,7.13347676592537,7.48517981651376,6.56860988212181,6.43371559633028,7.06112432432432,7.17220709490741,130
"132",2012,5,7.52,15,8.7,6.93,7.26666666666667,7,7.70909090909091,5,10,3,4,11,2668,1640,1028,221,929,1739,7.13564987256372,7.48888353658536,6.57212535019455,6.44502262443439,7.06086114101184,7.17560313973548,131
"133",2012,6,7.37380952380952,21,7.8625,6.72222222222222,NA,7.15,7.42647058823529,12,9,0,4,17,2689,1652,1037,221,933,1756,7.1375098029007,7.49159745762712,6.57342802314368,6.44502262443439,7.06124330117899,7.17803181093394,132
"134",2012,7,7.31142857142857,14,7.4625,7.11,5,7.175,7.366,8,6,1,4,10,2703,1660,1043,222,937,1766,7.13841060303367,7.49145722891566,6.57651472674976,6.43851351351351,7.06172892209178,7.17909618346546,133
"135",2012,8,6.55714285714286,21,7.11333333333333,5.16666666666667,7,4.66666666666667,6.87222222222222,15,6,1,3,18,2724,1675,1049,223,940,1784,7.13392946402349,7.48807104477612,6.56845077216397,6.44103139013453,7.05408510638298,7.17599992152466,134
"136",2012,9,6.79583333333333,24,7.33846153846154,6.15454545454545,6.5,7.25,6.705,13,11,2,4,20,2748,1688,1060,225,944,1804,7.13097665938864,7.48691883886256,6.56415552830189,6.44155555555556,7.05491525423729,7.17077819290465,135
"137",2012,10,7.1,15,7.75,6.35714285714286,7,7.6,6.85,8,7,3,5,10,2763,1696,1067,228,949,1814,7.1308084907709,7.48815978773585,6.56279743205248,6.44890350877193,7.05778714436249,7.16900984564498,136
"138",2012,11,6.36363636363636,22,7.75,5.57142857142857,6.33333333333333,6.75,6.14285714285714,8,14,3,8,14,2785,1704,1081,231,957,1828,7.12474824416517,7.48938908450704,6.54995824236818,6.4474025974026,7.05521421107628,7.16115090809628,137
"139",2012,12,6.66666666666667,9,6.33333333333333,7.33333333333333,NA,6,6.85714285714286,6,3,0,2,7,2794,1710,1084,231,959,1835,7.12327267716535,7.48533274853801,6.55212625461255,6.4474025974026,7.05301355578728,7.15999120435967,138
"140",2013,1,7.11428571428571,21,7.90909090909091,6.24,7.45,7.75,6.96470588235294,11,10,2,4,17,2815,1721,1094,233,963,1852,7.12320563410302,7.48804125508425,6.5492731809872,6.45600858369099,7.05590861889927,7.15819862850972,139
"141",2013,2,6.97222222222222,18,7.36363636363636,6.35714285714286,5,6.21428571428571,7.45454545454545,11,7,3,7,11,2833,1732,1101,236,970,1863,7.12224633250971,7.48725115473441,6.54805164396004,6.4375,7.04983505154639,7.15994839506173,140
"142",2013,3,7.55263157894737,19,7.73076923076923,7.16666666666667,5,8.66666666666667,7.34375,13,6,1,3,16,2852,1745,1107,237,973,1879,7.12511355539972,7.48906532951289,6.55140457091237,6.43143459915612,7.05482014388489,7.16151349654071,141
"143",2013,4,6.53157894736842,19,7.09090909090909,5.7625,5.66666666666667,6,6.56111111111111,11,8,3,1,18,2871,1756,1115,240,974,1897,7.12118560083594,7.48657118451025,6.54574426905829,6.421875,7.05373716632443,7.1558164786505,142
"144",2013,5,6.8,9,7.55,6.2,8,8,6.65,4,5,1,1,8,2880,1760,1120,241,975,1905,7.12018189583333,7.48671534090909,6.54420076785714,6.42842323651452,7.05470769230769,7.15369231496063,143
"145",2013,6,7.54090909090909,22,8.425,7.03571428571429,7,7.2,7.66875,8,14,5,6,16,2902,1768,1134,246,981,1921,7.12337141971054,7.49096097285068,6.55026883597884,6.4400406504065,7.05559633027523,7.15798222800625,144
"146",2013,7,6.63636363636364,11,6.77777777777778,6,9,5.66666666666667,7,9,2,1,3,8,2913,1777,1136,247,984,1929,7.12153239272228,7.48734890264491,6.5493000528169,6.45040485829959,7.05136178861789,7.15732703991705,145
"147",2013,8,6.6875,16,7.40909090909091,5.1,4.5,5.33333333333333,7,11,5,3,3,13,2929,1788,1141,250,987,1942,7.11916144076477,7.48686744966443,6.54294904469763,6.427,7.04613981762918,7.1562738722966,146
"148",2013,9,7.40909090909091,22,7.84615384615385,6.77777777777778,7,7.77777777777778,7.15384615384615,13,9,2,9,13,2951,1801,1150,252,996,1955,7.12132289393426,7.48946085508051,6.54478683478261,6.43154761904762,7.05275100401606,7.15625772890025,147
"149",2013,10,7.07894736842105,19,7.59090909090909,6.375,6.66666666666667,6.875,7.13333333333333,11,8,3,4,15,2970,1812,1158,255,1000,1970,7.1210518047138,7.49007671081678,6.54361386873921,6.4343137254902,7.05204,7.15608317766497,148
"150",2013,11,6.55263157894737,19,7.08333333333333,6.30769230769231,6.33333333333333,6.83333333333333,6.5,6,13,3,3,16,2989,1818,1171,258,1003,1986,7.11743856139177,7.48873432343234,6.54099475661828,6.43313953488372,7.05138584247258,7.15079751258812,149
"151",2013,12,6.87777777777778,18,7.08888888888889,6.66666666666667,7.25,7.5,6.7,9,9,4,4,14,3007,1827,1180,262,1007,2000,7.11600394413036,7.48676464148878,6.54195327118644,6.4456106870229,7.05316782522343,7.14764193,150
"152",2014,1,6.86785714285714,28,7.31176470588235,6.18181818181818,7,7.08333333333333,6.80909090909091,17,11,1,6,22,3035,1844,1191,263,1013,2022,7.11371461614497,7.48515130151844,6.53862708648195,6.44771863117871,7.05334649555775,7.14395838773491,151
"153",2014,2,7.58541666666667,24,7.93214285714286,7.1,6.25,7.75,7.56190476190476,14,10,2,3,21,3059,1858,1201,265,1016,2043,7.1174154494933,7.48851937567277,6.54330129891757,6.44622641509434,7.05540354330709,7.14825445912873,152
"154",2014,3,6.75208333333333,24,7.05,6.53928571428571,8,7.43333333333333,6.65476190476191,10,14,1,3,21,3083,1868,1215,266,1019,2064,7.11457147583522,7.48617184154176,6.54325502880658,6.45206766917293,7.05651619234544,7.14323345930232,153
"155",2014,4,7.62222222222222,9,6.9,8.2,NA,7,7.7,4,5,0,1,8,3092,1872,1220,266,1020,2072,7.11604911384217,7.48491933760684,6.55004496721312,6.45206766917293,7.05646078431372,7.14538313706564,154
"156",2014,5,6.89333333333333,15,7.40909090909091,5.475,5.5,2,7.24285714285714,11,4,2,1,14,3107,1883,1224,268,1021,2086,7.11497388477631,7.48447636749867,6.54653174836601,6.44496268656716,7.0515083251714,7.14603732502397,155
"157",2014,6,6.25,6,6.5,6.125,6,6,6.3,2,4,1,1,5,3113,1885,1228,269,1022,2091,7.11330673305493,7.48343183023873,6.54515868078176,6.44330855018587,7.05047945205479,7.14401428024868,156
"158",2014,7,6.625,8,7,6.4,7.33333333333333,7,6.57142857142857,3,5,3,1,7,3121,1888,1233,272,1023,2098,7.11205506568407,7.48266366525424,6.5445700405515,6.453125,7.05043010752688,7.14210384175405,157
"159",2014,8,7.5,13,7.875,6.9,NA,7.5,7.5,8,5,0,3,10,3134,1896,1238,272,1026,2108,7.11366428206764,7.484319092827,6.54600554119548,6.453125,7.05174463937622,7.14380164136622,158
"160",2014,9,7.56428571428571,14,8,6.78,NA,8.5,7.49230769230769,9,5,0,1,13,3148,1905,1243,272,1027,2121,7.11566831639136,7.48675538057743,6.54694679002414,6.453125,7.05315481986368,7.14593769919849,159
"161",2014,10,7.1,15,7.41666666666667,5.83333333333333,5.25,6.58333333333333,7.44444444444444,12,3,2,6,9,3163,1917,1246,274,1033,2130,7.11559401201391,7.48631664058425,6.54522861958266,6.44434306569343,7.05042594385286,7.14719899530516,160
"162",2014,11,6.552,25,7.5,5.67692307692308,4.93333333333333,5.36,6.85,12,13,3,5,20,3188,1929,1259,277,1038,2150,7.11117436010037,7.48640176257128,6.53626279586974,6.42797833935018,7.04228323699422,7.14443435348837,161
"163",2014,12,7.175,16,7.36363636363636,6.76,NA,7.5,7.12857142857143,11,5,0,2,14,3204,1940,1264,277,1040,2164,7.11149308988764,7.48570567010309,6.53714783227848,6.42797833935018,7.04316346153846,7.14433172828096,162
"164",2015,1,7.695,20,8.04166666666667,7.175,6.375,8,7.59333333333333,12,8,4,5,15,3224,1952,1272,281,1045,2179,7.11511285980149,7.48912346311475,6.54115948113208,6.42722419928826,7.04774162679426,7.14742260670032,163
"165",2015,2,7.09375,16,6.95555555555556,7.27142857142857,7.5,7.58333333333333,6.8,9,7,2,6,10,3240,1961,1279,283,1051,2189,7.11500736419753,7.48667465578786,6.54515626270524,6.43480565371025,7.05079923882017,7.14583547738693,164
"166",2015,3,8.00666666666667,15,8.1,7.75,8,8.5,7.93076923076923,11,4,3,2,13,3255,1972,1283,286,1053,2202,7.11911639324117,7.49009584178499,6.54891259547934,6.45122377622378,7.05355175688509,7.15046950953678,165
"167",2015,4,7.54736842105263,19,8.1,6,NA,8.26666666666667,6.9,14,5,0,9,10,3274,1986,1288,286,1062,2212,7.12160166768479,7.49439526686808,6.54678172360248,6.45122377622378,7.06383239171375,7.1493371880651,166
"168",2015,5,7.31578947368421,19,8.5,6.25,7.33333333333333,8.33333333333333,7.125,9,10,3,3,16,3293,1995,1298,289,1065,2228,7.12272209535378,7.49893182957393,6.54449526964561,6.46038062283737,7.06740845070422,7.14916241472172,167
"169",2015,6,7.28571428571429,14,7.83333333333333,6.875,7,7.66666666666667,7.18181818181818,6,8,2,3,11,3307,2001,1306,291,1068,2239,7.12341211369821,7.49993453273363,6.54651980091884,6.46408934707904,7.06909176029962,7.14932284948638,168
"170",2015,7,7.36363636363636,11,7.91666666666667,6.7,6,8,7.3,6,5,1,1,10,3318,2007,1311,292,1069,2249,7.12420851717902,7.50118036870952,6.54710515636918,6.4625,7.0699625818522,7.1499928234771,169
"171",2015,8,6.425,8,6.85,6,6,6.33333333333333,6.48,4,4,1,3,5,3326,2011,1315,293,1072,2254,7.12252671677691,7.49988513177524,6.5454409581749,6.46092150170649,7.06790111940298,7.14850659272404,170
"172",2015,9,7.65909090909091,11,7,7.90625,6.25,8.5,7.575,3,8,1,1,10,3337,2014,1323,294,1073,2264,7.12429543302367,7.4991405163853,6.55366958427815,6.46020408163265,7.06923578751165,7.1503903975265,171
"173",2015,10,7.195,20,7.80909090909091,6.44444444444444,5.5,7.3,7.16875,11,9,3,4,16,3357,2025,1332,297,1077,2280,7.12471666964552,7.50082419753086,6.55293157657658,6.45050505050505,7.07009285051068,7.1505192368421,172
"174",2015,11,7.29733333333333,30,8.43083333333333,6.54166666666667,6.82142857142857,7.445,7.26041666666667,12,18,7,6,24,3387,2037,1350,304,1083,2304,7.12624560377915,7.5063028964163,6.55278137777778,6.45904605263158,7.07216989843029,7.15166400173611,173
"175",2015,12,6.59523809523809,21,7.92857142857143,5.92857142857143,5.33333333333333,7.8,6.21875,7,14,3,5,16,3408,2044,1364,307,1088,2320,7.12297355046948,7.50774902152642,6.54637453079179,6.44804560260586,7.07551470588235,7.14523011206896,174
"176",2016,1,7.08333333333333,18,7.25,6.875,6.66666666666667,6.1,7.46153846153846,10,8,3,5,13,3426,2054,1372,310,1093,2333,7.12276528312901,7.50649415774099,6.54829071428571,6.45016129032258,7.07105215004574,7.14699265323617,175
"177",2016,2,7.33333333333333,15,7.45,7.1,6.5,7.4,7.3,10,5,1,5,10,3441,2064,1377,311,1098,2343,7.12368319093287,7.50622044573643,6.55029401597676,6.45032154340836,7.07255009107468,7.14764569355527,176
"178",2016,3,5.56363636363636,11,7,3.05,NA,6,5.52,7,4,0,1,10,3452,2071,1381,311,1099,2353,7.11871201042874,7.50450941574119,6.54015558291093,6.45032154340836,7.07157415832575,7.14072837229069,177
"179",2016,4,6.52666666666667,15,7.19,5.2,NA,6.475,6.54545454545455,10,5,0,4,11,3467,2081,1386,311,1103,2364,7.11615052206519,7.50299807784719,6.53532096681097,6.45032154340836,7.0694106980961,7.1379584856176,178
"180",2016,5,7.34375,16,7.6875,7,5,6,7.65384615384615,8,8,2,3,13,3483,2089,1394,313,1106,2377,7.11719605512489,7.50370464337003,6.53798770444763,6.44105431309904,7.06650994575045,7.14077991586033,179
"181",2016,6,7.37083333333333,24,7.57368421052632,6.6,7,7.25,7.395,19,5,1,4,20,3507,2108,1399,314,1110,2397,7.11893181066439,7.50433538899431,6.53820933523946,6.44283439490446,7.06717117117117,7.14290106800167,180
"182",2016,7,6.7,16,7.94,6.13636363636364,7,4.5,6.84666666666667,5,11,2,1,15,3523,2113,1410,316,1111,2412,7.11702919670735,7.50536630383341,6.53507436879433,6.44636075949367,7.0648604860486,7.14105881426202,181
"183",2016,8,7,19,7.88888888888889,6.2,6.5,7.33333333333333,6.9375,9,10,2,3,16,3542,2122,1420,318,1114,2428,7.11640142857143,7.50699293119698,6.53271469014085,6.44669811320755,7.06558348294434,7.13971740527183,182
"184",2016,9,7.25,10,7.64285714285714,6.33333333333333,7,7,7.27777777777778,7,3,1,1,9,3552,2129,1423,319,1115,2437,7.11677755067568,7.50743964302489,6.53229434996486,6.44843260188088,7.06552466367713,7.14022727123512,183
"185",2016,10,6.85833333333333,12,7.45,6.5625,7,6.32857142857143,7.6,4,8,1,7,5,3564,2133,1431,320,1122,2442,7.1159073681257,7.50733192686357,6.53246321453529,6.45015625,7.06092691622103,7.14116865683866,184
"186",2016,11,7.66666666666667,21,8.30769230769231,6.625,7,7.2,7.8125,13,8,1,5,16,3585,2146,1439,321,1127,2458,7.11913357322176,7.51218033550792,6.53297766504517,6.45186915887851,7.06154392191659,7.1455385923515,185
"187",2016,12,7.10769230769231,13,7.41428571428571,6.75,6.5,6.35,7.44444444444444,7,6,1,4,9,3598,2153,1445,322,1131,2467,7.11909223457476,7.51186205294937,6.53387879584775,6.45201863354037,7.05902740937224,7.14662904742602,186
"188",2017,1,6.94318181818182,22,7.296875,6,6,7.33333333333333,6.796875,16,6,1,6,16,3620,2169,1451,323,1137,2483,7.11802316574586,7.51027616413093,6.53167116471399,6.45061919504644,7.06047493403694,7.14437529601289,187
"189",2017,2,6.75,22,7.65384615384615,5.44444444444444,6,7.75,6.52777777777778,13,9,2,4,18,3642,2182,1460,325,1141,2501,7.11580007138935,7.51113153070577,6.52496908219178,6.44784615384615,7.06289219982471,7.13993756897241,188
"190",2017,3,7.24,10,7.77142857142857,6,6,7,7.3,7,3,2,2,8,3652,2189,1463,327,1143,2509,7.11614015881709,7.5119639104614,6.52389259056733,6.44510703363914,7.06278215223097,7.14044793144679,189
"191",2017,4,7.9,10,7.8,8,NA,NA,7.9,5,5,0,0,10,3662,2194,1468,327,1143,2519,7.11828068268706,7.51262032816773,6.52892020435967,6.44510703363914,7.06278215223097,7.14346322350139,190
"192",2017,5,6.26846153846154,13,6.55444444444444,5.625,5,7.06333333333333,6.03,9,4,1,3,10,3675,2203,1472,328,1146,2529,7.11527451972789,7.50870585565138,6.52646389945652,6.4407012195122,7.06278359511344,7.13906044286279,191
"193",2017,6,7.31428571428571,14,7.37777777777778,7.2,8,7.8,7.04444444444444,9,5,2,5,9,3689,2212,1477,330,1151,2538,7.1160297804283,7.50817314647378,6.52874398104265,6.45015151515152,7.06598609904431,7.1387249251379,192
"194",2017,7,6.27272727272727,11,8,4.83333333333333,6,6,6.375,5,6,1,3,8,3700,2217,1483,331,1154,2546,7.11352266486487,7.50928236355435,6.52188459878624,6.4487915407855,7.06321490467937,7.13632516103692,193
"195",2017,8,7.78846153846154,13,8.5,6.1875,8,8.4375,7.5,9,4,2,4,9,3713,2226,1487,333,1158,2555,7.11588576892001,7.51328796046721,6.52098511096167,6.45810810810811,7.06796200345423,7.1376062074364,194
"196",2017,9,6.8125,16,6.63636363636364,7.2,7,6,6.92857142857143,11,5,3,2,14,3729,2237,1492,336,1160,2569,7.11458403325288,7.50897586052749,6.52326063002681,6.46294642857143,7.06612068965517,7.13646705332814,195
"197",2017,10,6.86666666666667,21,7.32307692307692,6.125,NA,8.56666666666667,6.58333333333333,13,8,0,3,18,3750,2250,1500,336,1163,2587,7.113195696,7.50790177777778,6.52113657333333,6.46294642857143,7.06999140154772,7.13261842288365,196
"198",2017,11,7.36,15,7.92857142857143,6.8625,7.4,7.2,7.38461538461539,7,8,1,2,13,3765,2257,1508,337,1165,2600,7.11417898007968,7.50920646876385,6.5229475198939,6.46572700296736,7.07021459227468,7.13387840769231,197
"199",2017,12,6.64285714285714,14,7.5625,5.41666666666667,5,7.5,6.5,8,6,1,2,12,3779,2265,1514,338,1167,2612,7.11243288171474,7.50939470198676,6.51856331571995,6.46139053254438,7.07095115681234,7.13096625574273,198
"200",2018,1,6.72352941176471,17,6.85714285714286,6.63,6.5,6.5,6.77142857142857,7,10,2,3,14,3796,2272,1524,340,1170,2626,7.1106912170706,7.50738512323944,6.51929452755905,6.46161764705882,7.06948717948718,7.12904945163747,199
"201",2018,2,7.80769230769231,13,8.57142857142857,6.91666666666667,6,8,7.79166666666667,7,6,1,1,12,3809,2279,1530,341,1171,2638,7.11307006038331,7.51065335673541,6.5208528496732,6.46026392961877,7.07028181041844,7.13206363153904,200
"202",2018,3,6.5,13,6.2,6.6875,7.25,8.5,6.13636363636364,5,8,2,2,11,3822,2284,1538,343,1173,2649,7.11098478806908,7.50778415061296,6.52171967490247,6.46486880466472,7.07271952259164,7.12792897697244,201
"203",2018,4,7.225,16,7.73333333333333,6.57142857142857,7.5,6.75,7.29285714285714,9,7,2,2,14,3838,2293,1545,345,1175,2663,7.1114600990099,7.50866942869603,6.52194489320388,6.47086956521739,7.07217021276595,7.12879604205783,202
"204",2018,5,6.43846153846154,26,7.46428571428571,5.24166666666667,5,6.73333333333333,6.35,14,12,1,6,20,3864,2307,1557,346,1181,2683,7.10693164078675,7.50840008669268,6.51207762363519,6.46661849710983,7.07044877222692,7.12299062989191,203
"205",2018,6,8.13333333333333,15,8.2,8,8,9,7.91666666666667,10,5,1,3,12,3879,2317,1562,347,1184,2695,7.11090071152359,7.51138498057833,6.51684049935979,6.47103746397695,7.07533783783784,7.12652462337662,204
"206",2018,7,6.14285714285714,7,7.5,5.6,6.5,3,6.66666666666667,2,5,2,1,6,3886,2319,1567,349,1185,2701,7.10915693772517,7.51137516170763,6.51391503509891,6.47120343839542,7.07189873417721,7.12550309514994,205
"207",2018,8,7.59210526315789,19,7.92307692307692,6.875,NA,8.625,7.31666666666667,13,6,0,4,15,3905,2332,1573,349,1189,2716,7.1115067503201,7.51367024013722,6.51529234583598,6.47120343839542,7.0771236333053,7.12655885861561,206
"208",2018,9,7.53846153846154,13,7.6,7.33333333333333,NA,8.5,7.36363636363636,10,3,0,2,11,3918,2342,1576,349,1191,2727,7.11292339458908,7.51403885567891,6.51684953045685,6.47120343839542,7.07951301427372,7.12751516685002,207
"209",2018,10,7.5,12,8.1,4.5,NA,6.33333333333333,7.88888888888889,10,2,0,3,9,3930,2352,1578,349,1194,2736,7.11410530788804,7.51653018707483,6.51429332065906,6.47120343839542,7.07763819095477,7.13001968567251,208
"210",2018,11,7.1,13,7.5,6.75714285714286,NA,6.66666666666667,7.23,6,7,0,3,10,3943,2358,1585,349,1197,2746,7.11405880294192,7.51648812553011,6.51536584227129,6.47120343839542,7.0766081871345,7.1303837800437,209
"211",2018,12,6.93392857142857,14,7.821875,5.75,5,8.0275,6.75166666666667,8,6,2,2,12,3957,2366,1591,351,1199,2758,7.11342149608289,7.51752071005917,6.51247948460088,6.46282051282051,7.07819432860717,7.12873598984771,210
"212",2019,1,7.01190476190476,21,7.58333333333333,6.25,7.75,6.25,7.48076923076923,12,9,2,8,13,3978,2378,1600,353,1207,2771,7.11288558572147,7.51785281749369,6.5110030375,6.47011331444759,7.07270505385253,7.13038753518585,211
"213",2019,2,7.75833333333333,12,7.93333333333333,7.58333333333333,6,6,7.91818181818182,6,6,1,1,11,3990,2384,1606,354,1208,2782,7.11482678195489,7.51889848993289,6.51500925280199,6.46878531073446,7.07181705298013,7.1335024658519,212
"214",2019,3,6.90909090909091,11,8.5,6.55555555555556,6,5.25,7.85714285714286,2,9,1,4,7,4001,2386,1615,355,1212,2789,7.11426114971257,7.51972087175189,6.51523520743034,6.4674647887324,7.06580445544554,7.13531870204374,213
"215",2019,4,7.70833333333333,6,8.3125,6.5,5,6.5,8.3125,4,2,1,2,4,4007,2390,1617,356,1214,2793,7.11515070127277,7.52104769874477,6.51521636363636,6.46334269662921,7.0648723228995,7.13700460436806,214
"216",2019,5,6.275,8,6.8,5.75,NA,6.2,6.28571428571429,4,4,0,1,7,4015,2394,1621,356,1215,2800,7.11347667745953,7.51984294068505,6.51332810610734,6.46334269662921,7.06416049382716,7.13487637857143,215
"217",2019,6,7.375,12,7.07142857142857,7.8,NA,8.1,6.85714285714286,7,5,0,5,7,4027,2401,1626,356,1220,2807,7.11425598708716,7.51853561016243,6.51728466174662,6.46334269662921,7.06840573770492,7.1341837762736,216
"218",2019,7,7.16666666666667,12,7,7.4,7,7.5,7.1,7,5,1,2,10,4039,2408,1631,357,1222,2817,7.11441170091607,7.51702823920266,6.51999071735132,6.46484593837535,7.06911211129296,7.13406242811501,217
"219",2019,8,7.33076923076923,13,8.08333333333333,6.68571428571429,8,7.625,7.2,6,7,1,4,9,4052,2414,1638,358,1226,2826,7.11510583909181,7.5184357912179,6.52069893772894,6.46913407821229,7.07092577487765,7.13427242038216,218
"220",2019,9,7.2,15,7.75,6.57142857142857,8,8.25,6.81818181818182,8,7,2,4,11,4067,2422,1645,360,1230,2837,7.11541894762725,7.51920066061107,6.52091480851064,6.47763888888889,7.07476016260162,7.13304683115967,219
"221",2019,10,6.5,7,7.5,6.1,7,6.5,6.5,2,5,1,2,5,4074,2424,1650,361,1232,2842,7.11436152675503,7.51918481848185,6.51963930909091,6.47908587257618,7.07382711038961,7.13193309641098,220
"222",2019,11,6.92857142857143,14,7.1875,6.58333333333333,8,7,6.91666666666667,8,6,2,2,12,4088,2432,1656,363,1234,2854,7.1137252592955,7.51809375,6.51987008454106,6.48746556473829,7.0737074554295,7.13102798177996,221
"223",2019,12,7.41666666666667,12,8.33333333333333,6.5,NA,8.2,6.85714285714286,6,6,0,5,7,4100,2438,1662,363,1239,2861,7.11461191707317,7.52010008203446,6.51979835138387,6.48746556473829,7.07825262308313,7.13035786787836,222
"224",2020,1,7.19047619047619,21,7.46428571428571,6.64285714285714,7,6.75,7.29411764705882,14,7,1,4,17,4121,2452,1669,364,1243,2878,7.11499851007037,7.51978140293638,6.52031447573397,6.48887362637363,7.07719629927594,7.13132517720639,223
"225",2020,2,7.15625,16,7.77272727272727,5.8,5,8,7.1,11,5,2,1,15,4137,2463,1674,366,1244,2893,7.11515805172831,7.52091108404385,6.51816299880525,6.48073770491803,7.07793810289389,7.1311627583823,224
"226",2020,3,7.55333333333333,9,7.41666666666667,7.82666666666667,6.48,6.82666666666667,7.91666666666667,6,3,1,3,6,4146,2469,1677,367,1247,2899,7.11610922817173,7.52065775617659,6.52050379248658,6.48073569482289,7.07733360064154,7.13278849948258,225
"227",2020,4,7.043125,16,7.33545454545455,6.4,6,8.875,6.4325,11,5,2,4,12,4162,2480,1682,369,1251,2911,7.11582865449303,7.51983629032258,6.52014557669441,6.47813008130081,7.08308153477218,7.12990170388183,226
"228",2020,5,7.18571428571429,7,7.2,7.15,NA,6.5,8.1,5,2,0,4,3,4169,2485,1684,369,1255,2914,7.11594599664188,7.51919275653924,6.52089362232779,6.47813008130081,7.08122310756972,7.13090043239533,227
"229",2020,6,7.35,10,7.78571428571429,6.33333333333333,7,7.66666666666667,7.21428571428571,7,3,1,3,7,4179,2492,1687,370,1258,2921,7.11650606843743,7.51994141252006,6.52056008298755,6.47954054054054,7.08261923688394,7.13110026018487,228
"230",2020,7,8.25,6,8.3,8,8,9,7.875,5,1,1,2,4,4185,2497,1688,371,1260,2925,7.11813114934289,7.5215034040849,6.52143652843602,6.48363881401617,7.0856626984127,7.13211755897436,229
"231",2020,8,6.92857142857143,14,7.35714285714286,6.5,5.5,5.66666666666667,7.27272727272727,7,7,2,3,11,4199,2504,1695,373,1263,2936,7.11749913312694,7.52104392971246,6.521348,6.47836461126005,7.08229216152019,7.13264436648501,230
"232",2020,9,7.41666666666667,12,7.55555555555556,7,8,7.5,7.4,9,3,1,2,10,4211,2513,1698,374,1265,2946,7.11835166468772,7.52116752884998,6.52219367491166,6.48243315508021,7.08295256916996,7.13355188730482,231
"233",2020,10,8,11,8.71428571428571,6.75,5.5,NA,8,7,4,2,0,11,4222,2520,1702,376,1265,2957,7.12064871151113,7.52448174603175,6.52272905992949,6.47720744680851,7.08295256916996,7.13677506256341,232
"234",2020,11,7.29411764705882,17,7.11111111111111,7.5,8,7.5,7.26666666666667,9,8,1,2,15,4239,2529,1710,377,1267,2972,7.12134438782732,7.52301067615658,6.5273010877193,6.48124668435013,7.08361089187056,7.13743063930013,233
"235",2020,12,6.72,15,7.66363636363636,4.125,4,8.4,6.46153846153846,11,4,1,2,13,4254,2540,1714,378,1269,2985,7.11992921015515,7.52361968503937,6.52169478413069,6.47468253968254,7.08568557919622,7.13448705527638,234
"236",2021,1,7.15,10,7.5,6.33333333333333,7,6.9375,7.29166666666667,7,3,1,4,6,4264,2547,1717,379,1273,2991,7.1199997326454,7.52355477031802,6.52136567268491,6.47606860158311,7.08521995286724,7.13480236041457,235
"237",2021,2,7.11111111111111,9,7,7.25,NA,7,7.125,5,4,0,1,8,4273,2552,1721,379,1274,2999,7.1199810109993,7.5225289968652,6.52305918651946,6.47606860158311,7.08515306122449,7.13477621207069,236
"238",2021,3,7.0625,8,7.7,6,4,7,7.07142857142857,5,3,1,1,7,4281,2557,1724,380,1275,3006,7.11987359495445,7.52287602659366,6.52214899071925,6.46955263157895,7.0850862745098,7.13462869594145,237
"239",2021,4,6.09375,8,6.45833333333333,5,NA,4,6.39285714285714,6,2,0,1,7,4289,2563,1726,380,1276,3013,7.11795963161576,7.52038392508779,6.52038520278099,6.46955263157895,7.0826684952978,7.13290536342515,238
"240",2021,5,6.5,8,6.6,6.33333333333333,7,6.66666666666667,6.4,5,3,1,3,5,4297,2568,1729,381,1279,3018,7.11680913660694,7.51859190031153,6.52006064777328,6.47094488188976,7.08169272869429,7.1316911398277,239
"241",2021,6,8.2,5,7.75,10,NA,NA,8.2,4,1,0,0,5,4302,2572,1730,381,1279,3023,7.11806807531381,7.51895178849145,6.5220721734104,6.47094488188976,7.08169272869429,7.13345810783989,240
"242",2021,7,6.79166666666667,12,7.2,6.5,7.5,7,6.75,5,7,2,2,10,4314,2577,1737,383,1281,3033,7.11716014371813,7.51833294528521,6.52198322394934,6.47631853785901,7.08156518345043,7.13219382129904,241
"243",2021,8,7.36,10,7.73333333333333,4,NA,7.5,7.325,9,1,0,2,8,4324,2586,1738,383,1283,3041,7.11772175300648,7.51908120649652,6.52053214039125,6.47631853785901,7.08221745908028,7.13270103913186,242
"244",2021,9,6.41666666666667,6,7.375,4.5,7,NA,6.41666666666667,4,2,1,0,6,4330,2590,1740,384,1283,3047,7.11675031408776,7.51885868725869,6.51820968965517,6.47768229166667,7.08221745908028,7.13129106005907,243
"245",2021,10,7.655,10,8.05,7.0625,NA,8.5,7.56111111111111,6,4,0,1,9,4340,2596,1744,384,1284,3056,7.11799052073733,7.52008628659476,6.5194580619266,6.47768229166667,7.08332165109034,7.13255689136125,244
"246",2021,11,7.81111111111111,9,8.1625,5,5,8.4,7.64285714285714,8,1,1,2,7,4349,2604,1745,385,1286,3063,7.11942489307887,7.5220599078341,6.51858731232091,6.47384415584416,7.08536936236392,7.13372310153444,245
"247",2021,12,7.14705882352941,17,7.1875,7.11111111111111,5,6.3,7.5,8,9,1,5,12,4366,2612,1754,386,1291,3075,7.11953249198351,7.52103522205207,6.52162762827822,6.47002590673575,7.08232765298218,7.13515247479674,246
"248",2022,1,7.1623125,16,7.7607,6.165,NA,7.25,7.13308333333333,10,6,0,4,12,4382,2622,1760,386,1295,3087,7.11968869465997,7.52194927536232,6.52041185227272,6.47002590673575,7.08284555984556,7.13514443148688,247
"249",2022,2,7.13157894736842,19,7.45,6.77777777777778,4.5,6.75,7.23333333333333,10,9,2,4,15,4401,2632,1769,388,1299,3102,7.11974002726653,7.5216759118541,6.52172123233465,6.45987113402062,7.08182063125481,7.13561923275306,248
"250",2022,3,5.75,4,6.25,5.25,NA,3,6.66666666666667,2,2,0,1,3,4405,2634,1771,388,1300,3105,7.11849622247446,7.52071032649962,6.52028507058159,6.45987113402062,7.07868076923077,7.13516613848631,249
"251",2022,4,7,8,7.5,6.16666666666667,6,NA,7,5,3,1,0,8,4413,2639,1774,389,1300,3113,7.11828140947201,7.52067108753316,6.51968706877114,6.45868894601542,7.07868076923077,7.13481877931256,250
"252",2022,5,6.57142857142857,14,8,5.5,NA,7,6.5,6,8,0,2,12,4427,2645,1782,389,1302,3125,7.11655203523831,7.5217584120983,6.51510934904601,6.45868894601542,7.0785599078341,7.1323810752,251
"253",2022,6,5.540625,16,7.8125,4.78333333333333,5.5,8.4,5.35,4,12,2,1,15,4443,2649,1794,391,1303,3140,7.11087685347738,7.52219743299358,6.50352556298773,6.45378516624041,7.07957405986185,7.12386651592356,252
"254",2022,7,7.75,10,7.7,7.8,7.5,7.5,7.85714285714286,5,5,2,3,7,4453,2654,1799,393,1306,3147,7.11231211767348,7.52253240391861,6.50712888271262,6.45910941475827,7.08053981623277,7.12549757229107,253
"255",2022,8,7.59473684210526,19,8.58333333333333,7.13846153846154,7,9,7.42941176470588,6,13,2,2,17,4472,2660,1812,395,1308,3164,7.11436177549195,7.52492518796992,6.51165831125827,6.46184810126582,7.0834747706422,7.12713048672566,254
"256",2022,9,7.33333333333333,9,7.33333333333333,7.33333333333333,5,NA,7.33333333333333,6,3,1,0,9,4481,2666,1815,396,1308,3173,7.11480157554117,7.52449399849962,6.51301645179063,6.45815656565657,7.0834747706422,7.12771536716041,255
"257",2022,10,7.87272727272727,11,8.4,7.43333333333333,7,7,7.96,5,6,1,1,10,4492,2671,1821,397,1309,3183,7.11665758236865,7.52613290902284,6.51604879736408,6.45952141057935,7.08341100076394,7.13033014765944,256
"258",2022,11,6.63526666666667,15,7.39211111111111,5.5,NA,2,6.96635714285714,9,6,0,1,14,4507,2680,1827,397,1310,3197,7.11505543820723,7.52568283582089,6.51271201970443,6.45952141057935,7.07953053435114,7.1296120925868,257
"259",2022,12,7,15,7.75,6.14285714285714,7,8,6.92857142857143,8,7,1,1,14,4522,2688,1834,398,1311,3211,7.11467378593542,7.52635044642857,6.51130035986914,6.46087939698493,7.08023264683447,7.12873555278729,258
