"","year","month","avg_rating","no_ratings","avg_rating_owned","avg_rating_not_owned","avg_rating_prev_owned","avg_rating_comment","avg_rating_no_comment","no_ratings_owned","no_ratings_not_owned","no_ratings_prev_owned","no_ratings_comment","no_ratings_no_comment","cum_no_ratings","cum_no_ratings_owned","cum_no_ratings_not_owned","cum_no_ratings_prev_owned","cum_no_ratings_comment","cum_no_ratings_no_comment","cum_avg_rating","cum_avg_rating_owned","cum_avg_rating_not_owned","cum_avg_rating_prev_owned","cum_avg_rating_comment","cum_avg_rating_no_comment","month_after_release"
"1",2006,6,9,1,NA,9,NA,NA,9,0,1,0,0,1,1,0,1,0,0,1,9,NA,9,NA,NA,9,-11
"2",2006,7,8,1,NA,8,NA,NA,8,0,1,0,0,1,2,0,2,0,0,2,8.5,NA,8.5,NA,NA,8.5,-10
"3",2007,3,9.5,2,10,9,NA,9.5,NA,1,1,0,2,0,4,1,3,0,2,2,9,10,8.66666666666667,NA,9.5,8.5,-2
"4",2007,5,8,3,9,6,NA,9,6,2,1,0,2,1,7,3,4,0,4,3,8.57142857142857,9.33333333333333,8,NA,9.25,7.66666666666667,0
"5",2007,6,8.29770114942529,87,8.68,7.640625,8.4,8.34716981132076,8.22058823529412,55,32,5,53,34,94,58,36,5,57,37,8.31808510638298,8.71379310344827,7.68055555555556,8.4,8.41052631578947,8.17567567567568,1
"6",2007,7,7.9665,100,8.51276595744681,7.48207547169811,8,7.78297872340426,8.12924528301887,47,53,7,47,53,194,105,89,12,104,90,8.13685567010309,8.62380952380952,7.5623595505618,8.16666666666667,8.12692307692308,8.14833333333333,2
"7",2007,8,7.83169014084507,71,8.88709677419355,7.01375,8.71428571428571,7.79464285714286,7.85581395348837,31,40,7,28,43,265,136,129,19,132,133,8.05509433962264,8.68382352941176,7.3922480620155,8.36842105263158,8.05643939393939,8.05375939849624,3
"8",2007,9,7.8234375,64,8.45405405405405,6.95925925925926,8.5,7.46333333333333,8.14117647058823,37,27,2,30,34,329,173,156,21,162,167,8.01003039513678,8.63468208092486,7.31730769230769,8.38095238095238,7.9466049382716,8.07155688622755,4
"9",2007,10,7.28412698412698,63,7.9125,6.63548387096774,7.5,7.20434782608696,7.33,32,31,5,23,40,392,205,187,26,185,207,7.89336734693878,8.5219512195122,7.20427807486631,8.21153846153846,7.85432432432432,7.92826086956522,5
"10",2007,11,7.83928571428571,84,8.4375,7.04166666666667,8,7.68421052631579,7.96739130434783,48,36,2,38,46,476,253,223,28,223,253,7.88382352941176,8.50592885375494,7.1780269058296,8.19642857142857,7.82533632286995,7.93537549407115,6
"11",2007,12,7.70864197530864,81,8.3875,7.04634146341463,7.52857142857143,7.56470588235294,7.81276595744681,40,41,7,34,47,557,293,264,35,257,300,7.85834829443447,8.48976109215017,7.15757575757576,8.06285714285714,7.7908560311284,7.91616666666667,7
"12",2008,1,7.98352272727273,88,8.51442307692308,7.21666666666667,7.0625,7.70277777777778,8.17788461538461,52,36,8,36,52,645,345,300,43,293,352,7.87542635658915,8.49347826086956,7.16466666666667,7.87674418604651,7.78003412969283,7.95482954545454,8
"13",2008,2,7.51791044776119,67,8.42068965517241,6.82894736842105,5.75,7.05,7.77906976744186,29,38,4,24,43,712,374,338,47,317,395,7.84178370786517,8.48783422459893,7.12692307692308,7.69574468085106,7.72476340694006,7.93569620253165,9
"14",2008,3,7.62923076923077,65,8.204,7.27,7.5,7.84736842105263,7.53913043478261,25,40,8,19,46,777,399,378,55,336,441,7.82400257400257,8.47005012531328,7.14206349206349,7.66727272727273,7.73169642857143,7.89433106575964,10
"15",2008,4,7.8551724137931,58,8.56875,6.97692307692308,8.7,8.14090909090909,7.68055555555556,32,26,1,22,36,835,431,404,56,358,477,7.82616766467066,8.47737819025522,7.13143564356436,7.68571428571429,7.75684357541899,7.87819706498952,11
"16",2008,5,7.828,65,8.3875,6.9328,9.5,7.73214285714286,7.90054054054054,40,25,1,28,37,900,471,429,57,386,514,7.8263,8.46974522292994,7.11986013986014,7.71754385964912,7.7550518134715,7.87980544747082,12
"17",2008,6,7.23723404255319,47,8.25,6.48703703703704,8.33333333333333,6.73809523809524,7.64038461538462,20,27,3,21,26,947,491,456,60,407,540,7.79706441393875,8.46079429735234,7.08239035087719,7.74833333333333,7.70257985257985,7.86827777777778,13
"18",2008,7,7.70333333333333,60,8.25,7.07857142857143,7.7,7.5304347826087,7.81081081081081,32,28,5,23,37,1007,523,484,65,430,577,7.79147964250248,8.44789674952199,7.0821694214876,7.74461538461538,7.69337209302325,7.86459272097054,14
"19",2008,8,7.95689655172414,58,8.58064516129032,7.24074074074074,7.25,7.58823529411765,8.10975609756098,31,27,8,17,41,1065,554,511,73,447,618,7.8004882629108,8.45532490974729,7.09054794520548,7.69041095890411,7.68937360178971,7.88085760517799,15
"20",2008,9,7.828125,64,8.42142857142857,7.36666666666667,8.08333333333333,7.74333333333333,7.90294117647059,28,36,6,30,34,1129,582,547,79,477,652,7.80205491585474,8.4536941580756,7.10872029250457,7.72025316455696,7.69276729559748,7.88200920245399,16
"21",2008,10,7.865,70,8.22236842105263,7.440625,7.625,7.54166666666667,8.03369565217391,38,32,4,24,46,1199,620,579,83,501,698,7.80572977481234,8.43951612903226,7.12706390328152,7.71566265060241,7.68552894211577,7.89200573065903,17
"22",2008,11,7.889715625,64,8.11389230769231,7.54,7.4375,8.08826363636364,7.78571428571429,39,25,8,22,42,1263,659,604,91,523,740,7.8099855898654,8.42024552352049,7.14415562913907,7.69120879120879,7.70246998087954,7.88597297297297,18
"23",2008,12,8.0172131147541,61,8.325,7.67758620689655,8.43181818181818,7.81304347826087,8.14078947368421,32,29,11,23,38,1324,691,633,102,546,778,7.819533081571,8.41583473227207,7.16859399684044,7.77107843137255,7.70712783882784,7.89841902313625,19
"24",2009,1,7.71918604651163,86,7.77717391304348,7.6525,8.12727272727273,8.40476190476191,7.49769230769231,46,40,11,21,65,1410,737,673,113,567,843,7.81341262411347,8.37597259158752,7.19735512630015,7.80575221238938,7.73296613756614,7.86752075919336,20
"25",2009,2,7.48062015503876,129,7.95294117647059,6.95409836065574,7,7.20810810810811,7.59021739130435,68,61,10,37,92,1539,805,734,123,604,935,7.78551773879142,8.34023826086957,7.17713896457766,7.74024390243902,7.7008142384106,7.84023529411765,21
"26",2009,3,7.5849537037037,108,8.09094827586207,6.998,6.625,7.77613636363636,7.53604651162791,58,50,8,22,86,1647,863,784,131,626,1021,7.77236599878567,8.32348412514484,7.16571428571428,7.67213740458015,7.70346134185303,7.81461312438786,22
"27",2009,4,7.78577245098039,102,8.05113636363636,7.58446189655172,7.16666666666667,7.77267227272727,7.789375,44,58,6,22,80,1749,907,842,137,648,1101,7.77314785020011,8.31027210584344,7.19455913301663,7.65,7.70581109567901,7.81277929155313,23
"28",2009,5,7.7359375,96,8.14880952380952,7.41481481481481,7.875,7.73611111111111,7.73589743589744,42,54,8,18,78,1845,949,896,145,666,1179,7.77121170189702,8.30312623814542,7.20783347098214,7.66241379310345,7.70663001501501,7.80769296013571,24
"29",2009,6,7.64270833333333,96,8.03571428571429,7.33703703703704,7.91666666666667,7.74,7.6171052631579,42,54,6,20,76,1941,991,950,151,686,1255,7.76485604842864,8.29179293642785,7.21517767368421,7.67251655629139,7.70760290087463,7.79615139442231,25
"30",2009,7,7.55172413793103,87,8.11666666666667,7.20648148148148,7.13888888888889,7.62272727272727,7.52769230769231,33,54,9,22,65,2028,1024,1004,160,708,1320,7.75571281558185,8.28614921875,7.2147099501992,7.6425,7.70496552259887,7.78293181818182,26
"31",2009,8,7.59381443298969,97,8.21842105263158,7.19152542372881,7.91666666666667,7.3448275862069,7.7,38,59,9,29,68,2125,1062,1063,169,737,1388,7.74832263058823,8.28372580037665,7.21342313264346,7.65710059171598,7.69079455902307,7.77886887608069,27
"32",2009,9,7.6664347826087,115,8.265625,7.23716417910448,7.396875,7.34259259259259,7.76579545454545,48,67,16,27,88,2240,1110,1130,185,764,1476,7.74411856696428,8.28294306306306,7.21483078761062,7.63459459459459,7.6784889921466,7.77808943089431,28
"33",2009,10,7.48473684210526,95,8.09354838709677,7.18984375,7.51785714285714,7.65909090909091,7.43219178082192,31,64,14,22,73,2335,1141,1194,199,786,1549,7.73356556316916,8.27779737072743,7.21349144891122,7.62638190954774,7.677946043257,7.76178825048418,29
"34",2009,11,7.73616504854369,103,8.29322916666667,7.25,6.88636363636364,7.5421875,7.77183908045977,48,55,11,16,87,2438,1189,1249,210,802,1636,7.73367538556193,8.27842035323802,7.21509911128903,7.58761904761905,7.67523764339152,7.76232273838631,30
"35",2009,12,7.39,85,8.08333333333333,6.71279069767442,5.69166666666667,7.30185185185185,7.43103448275862,42,43,6,27,58,2523,1231,1292,216,829,1694,7.72209694411415,8.27176425670187,7.19838141640867,7.5349537037037,7.66307670687575,7.75097992916175,31
"36",2010,1,7.37619834710744,121,8.06212765957447,6.94054054054054,6.98214285714286,7.42708333333333,7.36360824742268,47,74,14,24,97,2644,1278,1366,230,853,1791,7.70626724281392,8.26405461658842,7.18441346266471,7.50130434782609,7.65643679953107,7.73,32
"37",2010,2,7.50897435897436,78,8.19714285714286,6.94883720930233,7.33333333333333,7.44736842105263,7.52881355932203,35,43,6,19,59,2722,1313,1409,236,872,1850,7.70061373622336,8.26227098248287,7.17722412349184,7.49703389830508,7.65188141055046,7.72358378378378,33
"38",2010,3,7.60384615384615,91,8.15375,7.17254901960784,6.4,7.8225,7.54225352112676,40,51,7,20,71,2813,1353,1460,243,892,1921,7.69748332385354,8.25906267553585,7.17706081506849,7.46543209876543,7.65570693946188,7.71688183237897,34
"39",2010,4,7.62837837837838,74,7.94285714285714,7.34615384615385,7.375,7.11111111111111,7.79464285714286,35,39,12,18,56,2887,1388,1499,255,910,1977,7.69571201593349,8.25108919308357,7.18146016677785,7.46117647058824,7.64493471428571,7.71908447142135,35
"40",2010,5,7.24620253164557,79,7.95147058823529,6.71333333333333,6.72142857142857,6.71739130434783,7.46339285714286,34,45,14,23,56,2966,1422,1544,269,933,2033,7.68373924140256,8.2439253164557,7.1678165738342,7.42267657992565,7.62206922829582,7.71204131824889,36
"41",2010,6,7.55647058823529,68,8.04633333333333,7.16973684210526,7.375,7.69157894736842,7.50408163265306,30,38,10,19,49,3034,1452,1582,279,952,2082,7.6808868127884,8.23984283746557,7.16786269911504,7.42096774193548,7.62345650210084,7.7071469740634,37
"42",2010,7,7.54769230769231,65,8.2551724137931,6.97777777777778,7.4,7.56428571428571,7.54313725490196,29,36,5,14,51,3099,1481,1618,284,966,2133,7.67809312358825,8.24014301147873,7.163633368356,7.42059859154929,7.62259895445134,7.703225503985,38
"43",2010,8,7.42428571428571,70,7.884375,7.03684210526316,7.325,7.07352941176471,7.53679245283019,32,38,10,17,53,3169,1513,1656,294,983,2186,7.67248677500789,8.23261850627892,7.16072390700483,7.41734693877551,7.61310334689725,7.69919030192132,39
"44",2010,9,7.51789473684211,57,8.0553125,6.83,7,6.97916666666667,7.66155555555556,32,25,5,12,45,3226,1545,1681,299,995,2231,7.66975529758215,8.22894614886732,7.15580534800714,7.41036789297659,7.60545787939698,7.69843119677275,40
"45",2010,10,7.66012658227848,79,8.49375,7.09255319148936,7.29166666666667,6.87,7.8453125,32,47,12,15,64,3305,1577,1728,311,1010,2295,7.66952514069592,8.23431946734306,7.15408494791667,7.40578778135048,7.59453523762376,7.70252723311547,41
"46",2010,11,7.45287128712871,101,8.00285714285714,6.93461538461538,7.375,7.48083333333333,7.44415584415584,49,52,8,24,77,3406,1626,1780,319,1034,2372,7.66310058426307,8.22734428044281,7.14767347752809,7.40501567398119,7.59189612185687,7.69413996627319,42
"47",2010,12,7.74044943820225,89,8.35208333333333,7.02439024390244,7.375,8.16,7.61884057971015,48,41,4,20,69,3495,1674,1821,323,1054,2441,7.66507026895565,8.23092102747909,7.14489774299835,7.4046439628483,7.60267608159393,7.69201147070873,43
"48",2011,1,7.65522123893805,113,8.35744680851064,7.15515151515152,6.75,7.40322580645161,7.75048780487805,47,66,16,31,82,3608,1721,1887,339,1085,2523,7.66476180432373,8.2343764090645,7.14525638049814,7.37374631268437,7.59697750230415,7.69391200951249,44
"49",2011,2,7.63680555555556,72,7.95967741935484,7.39268292682927,7.8125,7.72058823529412,7.61090909090909,31,41,8,17,55,3680,1752,1928,347,1102,2578,7.66421483423913,8.22951586757991,7.15051804460581,7.38386167146974,7.59888438294011,7.69214119472459,45
"50",2011,3,7.37880434782609,92,8.01707317073171,6.8656862745098,6.25,7.51,7.34236111111111,41,51,8,20,72,3772,1793,1979,355,1122,2650,7.6572536028632,8.22465800334635,7.14317776149571,7.35830985915493,7.59729999108734,7.68263773584906,46
"51",2011,4,7.50808823529412,68,8.1,6.95,7.2,7.534375,7.5,33,35,9,16,52,3840,1826,2014,364,1138,2702,7.6546121328125,8.22240514786418,7.13982065044687,7.3543956043956,7.59641528119508,7.67912287194671,47
"52",2011,5,7.68661971830986,71,7.97258064516129,7.465,7.55,8.10909090909091,7.60916666666667,31,40,4,11,60,3911,1857,2054,368,1149,2762,7.65519319611353,8.21823467959074,7.1461532570594,7.35652173913043,7.60132340295909,7.67760318609703,48
"53",2011,6,7.605,70,8.11216216216216,7.03636363636364,8,7.58571428571429,7.60982142857143,37,33,6,14,56,3981,1894,2087,374,1163,2818,7.65431062295906,8.21616251319958,7.14441724484907,7.3668449197861,7.60113550300946,7.67625621007807,49
"54",2011,7,7.48240740740741,54,8.29166666666667,7.07777777777778,7.57142857142857,7.05,7.58068181818182,18,36,7,10,44,4035,1912,2123,381,1173,2862,7.65201005947955,8.21687332635983,7.14328723033443,7.37060367454068,7.59643699062234,7.67478686233403,50
"55",2011,8,7.57164179104478,67,8.04807692307692,7.26951219512195,7.54545454545455,7.69642857142857,7.53867924528302,26,41,11,14,53,4102,1938,2164,392,1187,2915,7.65069736470015,8.21460877192982,7.14567873844732,7.37551020408163,7.59761633529907,7.67231217838765,51
"56",2011,9,7.65625,64,8.27727272727273,7.33095238095238,7.43333333333333,7.81111111111111,7.59565217391304,22,42,12,18,46,4166,1960,2206,404,1205,2961,7.65078266682669,8.21531214285714,7.14920616047144,7.37722772277228,7.60080546887967,7.67112124282337,52
"57",2011,10,7.47666666666667,60,8.53157894736842,6.98780487804878,7.54444444444444,6.75454545454545,7.63877551020408,19,41,9,11,49,4226,1979,2247,413,1216,3010,7.64831059867487,8.21834855987873,7.14626114374722,7.38087167070218,7.59315015625,7.67059468438538,53
"58",2011,11,7.54861111111111,72,7.93611111111111,7.16111111111111,7.64285714285714,7.75294117647059,7.48545454545455,36,36,7,17,55,4298,2015,2283,420,1233,3065,7.64664043508609,8.21330610421836,7.1464953088042,7.38523809523809,7.59535327656123,7.66727243066884,54
"59",2011,12,7.62948717948718,78,8.24558823529412,7.15340909090909,7.3125,7.59615384615385,7.63615384615385,34,44,12,13,65,4376,2049,2327,432,1246,3130,7.6463346869287,8.21384177647633,7.14662603781693,7.38321759259259,7.59536162921348,7.66662619808307,55
"60",2012,1,7.44627659574468,94,8.16,6.91759259259259,6.60714285714286,7.20714285714286,7.488125,40,54,7,14,80,4470,2089,2381,439,1260,3210,7.64212764876957,8.21281081857348,7.14143166316674,7.37084282460137,7.59104808730159,7.66217757009346,56
"61",2012,2,7.33486842105263,76,8.30769230769231,6.829,7.235,7.29,7.35089285714286,26,50,10,20,56,4546,2115,2431,449,1280,3266,7.63699089089309,8.21397721040189,7.13500567256273,7.36781737193764,7.5863442109375,7.65684017146356,57
"62",2012,3,7.54910714285714,56,7.92708333333333,7.265625,7.5,8,7.48469387755102,24,32,10,7,49,4602,2139,2463,459,1287,3315,7.63592146675358,8.21075820476858,7.13670271619976,7.37069716775599,7.58859408702409,7.65429562594269,58
"63",2012,4,7.61796610169492,59,7.98333333333333,7.36742857142857,7.43333333333333,7.25,7.65962264150943,24,35,3,6,53,4661,2163,2498,462,1293,3368,7.63569418365157,8.20823476652797,7.1399354643715,7.3711038961039,7.58702288476411,7.65437945368171,59
"64",2012,5,7.56696428571429,56,7.9875,7.33333333333333,7.63333333333333,7.51785714285714,7.58333333333333,20,36,9,14,42,4717,2183,2534,471,1307,3410,7.6348782255671,8.20621245991754,7.14268302683504,7.37611464968153,7.58628201224177,7.65350439882698,60
"65",2012,6,7.78297872340426,47,8.21304347826087,7.37083333333333,6.77777777777778,7.94,7.74054054054054,23,24,9,10,37,4764,2206,2558,480,1317,3447,7.63633933459278,8.20628368087035,7.14482360828772,7.36489583333333,7.58896779802581,7.65443864229765,61
"66",2012,7,7.09166666666667,48,8.09444444444444,6.49,7.2,6.75,7.14047619047619,18,30,5,6,42,4812,2224,2588,485,1323,3489,7.63090619077307,8.20537850719424,7.13723291731066,7.36319587628866,7.58516295540438,7.64825164803669,62
"67",2012,8,7.4377358490566,53,8.13333333333333,7.08,7.625,7.58333333333333,7.39512195121951,18,35,4,12,41,4865,2242,2623,489,1335,3530,7.62880176567317,8.20480008920606,7.13646922988944,7.36533742331288,7.58514650936329,7.64531161473088,63
"68",2012,9,7.84230769230769,52,8.42857142857143,7.44516129032258,7.55555555555556,8.05384615384615,7.77179487179487,21,31,9,13,39,4917,2263,2654,498,1348,3569,7.63105970917226,8.2068766239505,7.14007490203466,7.36877510040161,7.58966660979228,7.64669375175119,64
"69",2012,10,7.36666666666667,57,7.916,6.9375,8.25,7.68181818181818,7.29130434782609,25,32,6,11,46,4974,2288,2686,504,1359,3615,7.62802987334137,8.20369833916084,7.1376615003723,7.37926587301587,7.59041250183959,7.64217150760719,65
"70",2012,11,7.63493150684932,73,8.11764705882353,7.21410256410256,7.33888888888889,7.37,7.70344827586207,34,39,9,15,58,5047,2322,2725,513,1374,3673,7.62812969883099,8.2024383290267,7.13875551926605,7.37855750487329,7.5880062518195,7.64313912333243,66
"71",2012,12,7.5991935483871,62,7.97068965517241,7.27272727272727,7.41666666666667,7.90625,7.49239130434783,29,33,15,16,46,5109,2351,2758,528,1390,3719,7.62777854570366,8.19957966822628,7.14035851704133,7.37964015151515,7.59166948920863,7.64127453616564,67
"72",2013,1,7.81774193548387,62,8.309375,7.29333333333333,7.78571428571429,8.15454545454545,7.74509803921569,32,30,7,11,51,5171,2383,2788,535,1401,3770,7.6300561960936,8.20105404951741,7.14200458751793,7.38495327102804,7.59608892933619,7.64267904509284,68
"73",2013,2,7.38867924528302,53,8.0375,6.85172413793103,6.4,7.5,7.36888888888889,24,29,5,8,45,5224,2407,2817,540,1409,3815,7.62760731049004,8.19942326547569,7.13901625488108,7.37583333333333,7.59554335699077,7.6394495412844,69
"74",2013,3,7.53208333333333,60,8.21851851851852,6.97045454545455,7.4525,7.94264705882353,7.36976744186047,27,33,10,17,43,5284,2434,2850,550,1426,3858,7.6265226324754,8.19963508627773,7.1370644877193,7.37722727272727,7.59968133941094,7.63644375324002,70
"75",2013,4,7.45754716981132,53,8.02105263157895,7.14264705882353,8.15,7.09090909090909,7.55357142857143,19,34,6,11,42,5337,2453,2884,556,1437,3900,7.62484459246768,8.19825185487158,7.13713030166435,7.38556654676259,7.5957867710508,7.63555128205128,71
"76",2013,5,7.56363636363636,44,8.30952380952381,6.88260869565217,7.33333333333333,7.5625,7.56388888888889,21,23,3,8,36,5381,2474,2907,559,1445,3936,7.62434409775135,8.19919636216653,7.13511654282766,7.3852862254025,7.59560248442906,7.63489583333333,72
"77",2013,6,7.61754385964912,57,8.44545454545455,7.09714285714286,7.5625,8.0625,7.44390243902439,22,35,8,16,41,5438,2496,2942,567,1461,3977,7.62427281905112,8.20136690705128,7.13466478246091,7.38778659611993,7.60071566735113,7.63292682926829,73
"78",2013,7,7.45348837209302,43,8.18260869565217,6.615,7,7.20833333333333,7.54838709677419,23,20,5,12,31,5481,2519,2962,572,1473,4008,7.62293296661193,8.20119563318777,7.13115590479406,7.38439685314685,7.59751906992532,7.63227295409182,74
"79",2013,8,7.41860465116279,43,7.61111111111111,7.28,8.25,6.25,7.53846153846154,18,25,4,4,39,5524,2537,2987,576,1477,4047,7.62134243120927,8.19700898699251,7.13240167057248,7.39040798611111,7.59386972918077,7.63136891524586,75
"80",2013,9,7.63958333333333,48,7.88,7.46785714285714,7.1,7.63636363636364,7.64054054054054,20,28,6,11,37,5572,2557,3015,582,1488,4084,7.62149956748026,8.19452944857254,7.13551701160862,7.38741408934708,7.59418386424731,7.63145200783546,76
"81",2013,10,7.50106382978723,47,7.8125,7.17608695652174,7.11111111111111,7.85,7.40675675675676,24,23,9,10,37,5619,2581,3038,591,1498,4121,7.62049218544225,8.19097706315381,7.13582415734035,7.38320642978003,7.59589158210948,7.62943460325164,77
"82",2013,11,7.39365079365079,63,7.74666666666667,7.07272727272727,7.32857142857143,7.75,7.32641509433962,30,33,7,10,53,5682,2611,3071,598,1508,4174,7.61797704857444,8.18587200306396,7.13514613806578,7.38256688963211,7.59691352122016,7.62558696693819,78
"83",2013,12,7.56590909090909,44,8.34,7.16551724137931,7.35,7.93636363636364,7.44242424242424,15,29,8,11,33,5726,2626,3100,606,1519,4207,7.6175769455117,8.18675239908606,7.13543025483871,7.38213696369637,7.59937168531929,7.62415022581412,79
"84",2014,1,7.55952380952381,63,8.156,7.16710526315789,7.525,7.6625,7.53529411764706,25,38,10,12,51,5789,2651,3138,616,1531,4258,7.61694517015028,8.18646239155036,7.13581382727852,7.38445616883117,7.59986648595689,7.62308595584782,80
"85",2014,2,7.25136363636364,55,8.24333333333333,6.879375,6.355,6.83333333333333,7.408125,15,40,10,15,40,5844,2666,3178,626,1546,4298,7.61350454996578,8.18678237059265,7.13258615166771,7.36801118210863,7.59242923027167,7.62108538855282,81
"86",2014,3,7.61938775510204,49,7.86842105263158,7.46166666666667,7,7.54545454545455,7.64078947368421,19,30,6,11,38,5893,2685,3208,632,1557,4336,7.61355346852197,8.18452953445065,7.13566358790523,7.36451740506329,7.59209736030828,7.62125807195572,82
"87",2014,4,7.38461538461539,39,7.92727272727273,7.17142857142857,7.34444444444444,6.97142857142857,7.475,11,28,9,7,32,5932,2696,3236,641,1564,4368,7.61204831254214,8.18347989614243,7.1359730500618,7.36423556942278,7.58931943094629,7.62018658424908,83
"88",2014,5,7.47,35,8.16071428571429,7.00952380952381,7.41666666666667,7.41666666666667,7.48846153846154,14,21,6,9,26,5967,2710,3257,647,1573,4394,7.61121511479805,8.18336228782288,7.13515774946269,7.36472179289026,7.58833158931977,7.61940714610833,84
"89",2014,6,7.51184210526316,38,8.175,7.02954545454545,7.18333333333333,7.44,7.5375,16,22,9,10,28,6005,2726,3279,656,1583,4422,7.6105862764363,8.18331320616287,7.13444915827996,7.36223323170732,7.5873945609602,7.61888851198553,85
"90",2014,7,7.55853658536585,41,7.82666666666667,7.40384615384615,7.25,6.94,7.64444444444444,15,26,2,5,36,6046,2741,3305,658,1588,4458,7.6102333096262,8.18136147391463,7.13656846898638,7.36189209726444,7.5853561649874,7.61909488559892,86
"91",2014,8,7.4625,48,8.17894736842105,6.99310344827586,7.5,7.75714285714286,7.41219512195122,19,29,4,7,41,6094,2760,3334,662,1595,4499,7.60906967344929,8.18134485507246,7.13532057288542,7.36272658610272,7.58611008777429,7.61720937986219,87
"92",2014,9,7.35657894736842,57,8.03260869565217,6.89926470588235,7.0875,6.63888888888889,7.49114583333333,23,34,8,9,48,6151,2783,3368,670,1604,4547,7.60672989595187,8.18011563061444,7.13293758610451,7.35944029850746,7.58079525561097,7.61587860127556,88
"93",2014,10,7.5375,64,8.065,7.07205882352941,7.05555555555556,7.4625,7.57159090909091,30,34,9,20,44,6215,2813,3402,679,1624,4591,7.60601698954143,8.1788879488091,7.1323291563786,7.35541237113402,7.57933841748768,7.61545414942278,89
"94",2014,11,7.21037735849057,53,7.93684210526316,6.80441176470588,6.4375,7.33333333333333,7.18522727272727,19,34,8,9,44,6268,2832,3436,687,1633,4635,7.60267160019145,8.17726405367232,7.12908433934808,7.34472343522562,7.57798260257195,7.61137001078749,90
"95",2014,12,7.66349206349206,63,8.25666666666667,7.12424242424242,6.66666666666667,7.8,7.64912280701754,30,33,3,6,57,6331,2862,3469,690,1639,4692,7.60327682672563,8.1780963661775,7.12903827904295,7.34177536231884,7.57879535692495,7.61182864450128,91
"96",2015,1,7.23833333333333,60,8.05714285714286,6.521875,6.75,6.34615384615385,7.48510638297872,28,32,8,13,47,6391,2890,3501,698,1652,4739,7.59985066343295,8.17692449826989,7.12348865752642,7.33499283667622,7.56909539346247,7.61057185060139,92
"97",2015,2,7.45384615384615,65,8.07241379310345,6.95555555555556,7.125,7.20833333333333,7.50943396226415,29,36,8,12,53,6456,2919,3537,706,1664,4792,7.59838066759603,8.17588619390202,7.12177941475827,7.33261331444759,7.56649374399038,7.60945325542571,93
"98",2015,3,7.66440677966102,59,7.90416666666667,7.5,7.3375,7.5,7.694,24,35,8,9,50,6515,2943,3572,714,1673,4842,7.59897860168841,8.17367033639144,7.12548538353863,7.33266806722689,7.56613603705917,7.61032631144155,94
"99",2015,4,7.3212962962963,54,8.07608695652174,6.76129032258065,7.42222222222222,6.97142857142857,7.37340425531915,23,31,9,7,47,6569,2966,3603,723,1680,4889,7.5966959339321,8.17291362103843,7.12235187066333,7.33378284923928,7.56365808928571,7.6080486807118,95
"100",2015,5,7.62179487179487,39,7.93333333333333,7.25833333333333,7.43,7.66666666666667,7.61805555555556,21,18,5,3,36,6608,2987,3621,728,1683,4925,7.59684406628329,8.17122926012722,7.12302783485225,7.33444368131868,7.56384170528817,7.60812182741117,96
"101",2015,6,7.022,40,8.025,6.68766666666667,6.75,6.375,7.23766666666667,10,30,8,10,30,6648,2997,3651,736,1693,4955,7.59338531738869,8.17074134134134,7.11945050397151,7.3280910326087,7.5568196042528,7.60587891019173,97
"102",2015,7,7.81666666666667,42,8.18666666666667,7.61111111111111,7.78,7.9,7.80277777777778,15,27,5,6,36,6690,3012,3678,741,1699,4991,7.59478708370702,8.17082065073041,7.12305975802066,7.33114035087719,7.55803154208358,7.60729913844921,98
"103",2015,8,7.513,50,7.98409090909091,7.14285714285714,7.66666666666667,7.96923076923077,7.3527027027027,22,28,6,13,37,6740,3034,3706,747,1712,5028,7.5941803545994,8.16946664469347,7.12320933351322,7.33383534136546,7.56115396612149,7.60542561654734,99
"104",2015,9,7.83088461538462,52,8.6,7.51908108108108,7.17,7.8755,7.8175,15,37,10,12,40,6792,3049,3743,757,1724,5068,7.59599257803298,8.17158471630042,7.12712257280256,7.33167107001321,7.56334198955916,7.60709944751381,100
"105",2015,10,7.49059375,64,8.38673684210526,7.11222222222222,6.77777777777778,7.525,7.48265384615385,19,45,9,12,52,6856,3068,3788,766,1736,5120,7.59500869165694,8.17291714471969,7.126945562302,7.32516318537859,7.56307695276497,7.605835546875,101
"106",2015,11,7.38176470588235,68,7.8605,7.18229166666667,6.85,7.4,7.37862068965517,20,48,14,10,58,6924,3088,3836,780,1746,5178,7.59291444107452,8.17089371761658,7.12763811001043,7.31663461538461,7.56214294959908,7.60329045963692,102
"107",2015,12,7.49294871794872,78,8.00487804878049,6.92567567567568,7.3,7.625,7.45887096774194,41,37,10,16,62,7002,3129,3873,790,1762,5240,7.59180085546986,8.16871837647811,7.12570869868319,7.31642405063291,7.56271372871736,7.60158167938931,103
"108",2016,1,7.40333333333333,90,8.11538461538461,7.1140625,7.10588235294118,7.36111111111111,7.41388888888889,26,64,17,18,72,7092,3155,3937,807,1780,5312,7.5894091356458,8.16827885895404,7.12551937769875,7.31198884758364,7.56067505056179,7.59903765060241,104
"109",2016,2,7.34761904761905,63,8.35454545454546,6.80731707317073,7.18181818181818,7.25,7.36603773584906,22,41,11,10,53,7155,3177,3978,818,1790,5365,7.58728016631726,8.16956871262197,7.12223976621418,7.31023838630807,7.55893943575419,7.59673588070829,105
"110",2016,3,7.36274509803922,51,7.91176470588235,7.08823529411765,7.125,7.22,7.37826086956522,17,34,8,5,46,7206,3194,4012,826,1795,5411,7.58569103386067,8.16819655604258,7.12195159272183,7.30844430992736,7.55799531476323,7.59487858066901,106
"111",2016,4,7.52033898305085,59,8.53333333333333,7.07560975609756,6.9375,7.58333333333333,7.50425531914894,18,41,8,12,47,7265,3212,4053,834,1807,5458,7.58516030144528,8.17024277708593,7.12148280039477,7.3048860911271,7.5581635805202,7.5940982044705,107
"112",2016,5,7.45952380952381,63,7.77586206896552,7.18970588235294,7.45,7.31666666666667,7.47456140350877,29,34,2,6,57,7328,3241,4087,836,1813,5515,7.58408018422489,8.16671391545819,7.12205035233668,7.30523325358852,7.55736436293436,7.59286273798731,108
"113",2016,6,7.23020833333333,48,8.03888888888889,6.745,6.95,7.45,7.17948717948718,18,30,5,9,39,7376,3259,4117,841,1822,5554,7.58177733053145,8.16600791653882,7.1193028394462,7.30312128418549,7.55683402305159,7.58996002880807,109
"114",2016,7,7.39553571428571,56,8.4421052631579,6.85810810810811,7,7.8,7.30760869565217,19,37,11,10,46,7432,3278,4154,852,1832,5600,7.58037400296017,8.16760823672971,7.11697635772749,7.29920774647887,7.55816134825327,7.58764071428571,110
"115",2016,8,7.18181818181818,55,7.89130434782609,6.671875,7,7.21428571428571,7.17708333333333,23,32,5,7,48,7487,3301,4186,857,1839,5648,7.577446185388,8.16568306573765,7.11357376731963,7.29746207701283,7.55685241435562,7.58415155807365,111
"116",2016,9,7.6712962962963,54,8.31521739130435,7.19354838709677,7.08333333333333,8,7.57738095238095,23,31,6,12,42,7541,3324,4217,863,1851,5690,7.57811823232993,8.16671774969916,7.11416167654731,7.29597334878331,7.55972533225283,7.58410158172232,112
"117",2016,10,7.42021428571429,42,8.321875,6.86534615384615,6.125,7.96414285714286,7.31142857142857,16,26,4,7,35,7583,3340,4243,867,1858,5725,7.5772436489516,8.16746101796407,7.11263699976431,7.29057093425605,7.56124897201291,7.58243458515284,113
"118",2016,11,7.68636363636364,44,8.2875,6.965,8.5,7,7.71904761904762,24,20,2,2,42,7627,3364,4263,869,1860,5767,7.57787315982693,8.16831741973841,7.11194435608726,7.29335443037975,7.56064547849462,7.58342951274493,114
"119",2016,12,7.38360655737705,61,8.26206896551724,6.5875,6.47142857142857,7.78571428571429,7.26382978723404,29,32,7,14,47,7688,3393,4295,876,1874,5814,7.57633176248699,8.16911871500148,7.10803697089639,7.28678652968036,7.56232688900747,7.58084588923289,115
"120",2017,1,7.33055555555556,54,7.82608695652174,6.96290322580645,7.55,7.85714285714286,7.25212765957447,23,31,5,7,47,7742,3416,4326,881,1881,5861,7.57461748772927,8.16680907494145,7.10699694637078,7.28828036322361,7.56342402445507,7.57820986179833,116
"121",2017,2,7.31851851851852,54,8.11578947368421,6.88571428571429,7.4375,6.875,7.39565217391304,19,35,8,8,46,7796,3435,4361,889,1889,5907,7.57284358517188,8.16652687045124,7.10522100206374,7.28962317210349,7.56050851773425,7.57678821736922,117
"122",2017,3,6.84888888888889,45,7.77857142857143,6.42903225806452,7,8.2,6.68,14,31,5,5,40,7841,3449,4392,894,1894,5947,7.56868876291289,8.16495210205857,7.10044826730419,7.2880033557047,7.56219672122492,7.57075634773835,118
"123",2017,4,7.42115384615385,52,8.0375,6.89285714285714,7.21428571428571,6.92857142857143,7.49777777777778,24,28,7,7,45,7893,3473,4420,901,1901,5992,7.56771678575953,8.16407135041751,7.09913321040724,7.28743063263041,7.55986354024197,7.5702082777036,119
"124",2017,5,7.48571428571429,49,7.775,6.94117647058824,6,7.51071428571429,7.47571428571429,32,17,1,14,35,7942,3505,4437,902,1915,6027,7.56721085243012,8.16051920114123,7.09852801217038,7.28600332594235,7.55950422454308,7.56965953210552,120
"125",2017,6,7.51451612903226,31,8,7.20789473684211,7,7.375,7.53518518518518,12,19,2,4,27,7973,3517,4456,904,1919,6054,7.56700596889502,8.1599715098095,7.0989943424596,7.28537057522124,7.55911964043772,7.56950578130162,121
"126",2017,7,7.18380952380952,42,8.48133333333333,6.46296296296296,5.8,6.05,7.37277777777778,15,27,5,6,36,8015,3532,4483,909,1925,6090,7.56499795258889,8.16133629671574,7.09516368280169,7.277200220022,7.55441589090909,7.56834285714286,122
"127",2017,8,7.50425531914894,47,7.86842105263158,7.25714285714286,6.95,8.65,7.26923076923077,19,28,6,8,39,8062,3551,4511,915,1933,6129,7.56464383403622,8.15976902281048,7.09616909554422,7.27505464480874,7.55895012415933,7.56643954968184,123
"128",2017,9,7.99515151515152,33,8.04705882352941,7.94,7.63333333333333,7.88888888888889,8.035,17,16,3,9,24,8095,3568,4527,918,1942,6153,7.56639883755404,8.15923200672646,7.09915148884471,7.27622549019608,7.56047919155509,7.56826718673817,124
"129",2017,10,7.06666666666667,42,7.68666666666667,6.72222222222222,6.42857142857143,6.05555555555556,7.34242424242424,15,27,7,9,33,8137,3583,4554,925,1951,6186,7.56381941624677,8.15725364219927,7.09691673034694,7.26981081081081,7.5535369502819,7.5670623989654,125
"130",2017,11,7.13363636363636,55,7.92941176470588,6.77763157894737,6.75,6.625,7.17352941176471,17,38,10,4,51,8192,3600,4592,935,1955,6237,7.56093122436523,8.15617772222222,7.09427456228223,7.26425133689839,7.55163713043478,7.56384447651114,126
"131",2017,12,7.55078431372549,51,8.26208333333333,6.91851851851852,6,6.80818181818182,7.755,24,27,6,11,40,8243,3624,4619,941,1966,6277,7.56086844474099,8.15687908388521,7.09324719419787,7.25619022316684,7.54747741098677,7.56506260952684,127
"132",2018,1,7.59272727272727,55,8.365,7.15142857142857,6.88,7.98888888888889,7.51521739130435,20,35,5,9,46,8298,3644,4654,946,1975,6323,7.56107960833936,8.15802135016466,7.09368474215728,7.25420190274841,7.54948890632911,7.56469998418472,128
"133",2018,2,7.68863636363636,44,8.05555555555556,7.43461538461538,6.65,7.62222222222222,7.70571428571429,18,26,4,9,35,8342,3662,4680,950,1984,6358,7.56175240829537,8.1575176952485,7.09557880128205,7.25165789473684,7.54981884576612,7.5654762503932,129
"134",2018,3,7.47142857142857,35,7.94444444444444,7.30769230769231,7.2,7.4,7.48333333333333,9,26,5,5,30,8377,3671,4706,955,1989,6388,7.56137502566551,8.15699531462817,7.09675069910752,7.25138743455497,7.54944222724987,7.56509048215404,130
"135",2018,4,7.01891891891892,37,7.6,6.70416666666667,7.75,8,6.93235294117647,13,24,2,3,34,8414,3684,4730,957,1992,6422,7.55898961136201,8.15502980456026,7.09475872938689,7.25242946708464,7.55012077811245,7.56174057925879,131
"136",2018,5,7.05885714285714,35,8.07583333333333,6.52826086956522,7.05,7.03571428571429,7.06464285714286,12,23,5,7,28,8449,3696,4753,962,1999,6450,7.55691781157533,8.15477267316017,7.09201741847254,7.25137733887734,7.54831945472736,7.55958263565891,132
"137",2018,6,7.59333333333333,30,7.59090909090909,7.59473684210526,8.1,7.125,7.66538461538462,11,19,3,4,26,8479,3707,4772,965,2003,6476,7.55704665526595,8.15309948745617,7.0940190255658,7.25401554404145,7.54747408387419,7.5600074119827,133
"138",2018,7,7.3695652173913,23,7.5,7.3,8.3,8.1,7.16666666666667,8,15,4,5,18,8502,3715,4787,969,2008,6494,7.55653947188896,8.1516930820996,7.0946644641738,7.25833333333333,7.54884989541832,7.55891715429627,134
"139",2018,8,7.11714285714286,35,7.43076923076923,6.93181818181818,7,7.5,7.06774193548387,13,22,3,4,31,8537,3728,4809,972,2012,6525,7.55473803326695,8.14917913090129,7.09391948222083,7.25753600823045,7.54875277833002,7.55658360153256,135
"140",2018,9,7.40384615384615,26,7.72727272727273,7.16666666666667,7.5,7.25,7.43181818181818,11,15,2,4,22,8563,3739,4824,974,2016,6547,7.55427987737942,8.14793789783365,7.09414568615257,7.25803388090349,7.54816001488095,7.556164350084,136
"141",2018,10,7.01212121212121,33,7.24166666666667,6.88095238095238,7,6.125,7.13448275862069,12,21,4,4,29,8596,3751,4845,978,2020,6576,7.55219853303862,8.14503860303919,7.09322162848297,7.25697852760736,7.54534187623762,7.55430474452554,137
"142",2018,11,7.41558823529412,34,8.23,7.07625,7.133,6.33333333333333,7.52032258064516,10,24,10,3,31,8630,3761,4869,988,2023,6607,7.55166032329084,8.14526450412125,7.09313797288971,7.25572368421053,7.54354453287197,7.55414530043892,138
"143",2018,12,7.23333333333333,36,7.62222222222222,7.1037037037037,7.55333333333333,8.3,7.1,9,27,6,4,32,8666,3770,4896,994,2027,6639,7.55033794022617,8.14401586206897,7.09319623978758,7.25752012072434,7.54503729156388,7.5519563187227,139
"144",2019,1,7.33646153846154,65,7.75969696969697,6.9,7.125,7.787,7.25454545454545,33,32,8,10,55,8731,3803,4928,1002,2037,6694,7.54874568663383,8.14068098869314,7.09194171875,7.2564620758483,7.54622513009327,7.54951269793845,140
"145",2019,2,7.165625,32,7.475,6.98,5.95,6.9,7.21481481481482,12,20,2,5,27,8763,3815,4948,1004,2042,6721,7.54734663813762,8.13858710353866,7.09148924616006,7.25385956175299,7.54464279627816,7.54816812974259,141
"146",2019,3,7.41666666666667,39,8.3,6.48684210526316,7.35,7.26923076923077,7.49038461538461,20,19,5,13,26,8802,3835,4967,1009,2055,6747,7.54676761985912,8.13942889178618,7.08917632172337,7.25433597621407,7.54290053041362,7.54794545724025,142
"147",2019,4,7.51904761904762,21,7.84,7.22727272727273,6.33333333333333,6.85,7.67647058823529,10,11,3,4,17,8823,3845,4978,1012,2059,6764,7.54670164229853,8.13865014304291,7.08948147649659,7.2516057312253,7.54155443904808,7.54826848018923,143
"148",2019,5,7.24857142857143,35,7.975,6.8695652173913,7.5,6,7.40967741935484,12,23,5,4,31,8858,3857,5001,1017,2063,6795,7.54552366109731,8.13814099040705,7.0884700639872,7.25282694198623,7.53856548230732,7.5476362030905,144
"149",2019,6,7.00740740740741,27,7.33333333333333,6.91428571428571,7.16666666666667,7.45,6.9304347826087,6,21,3,4,23,8885,3863,5022,1020,2067,6818,7.54388841755768,8.1368909655708,7.08774169454401,7.25257352941176,7.53839409288824,7.54555412144324,145
"150",2019,7,7.5605332,25,8.001333,7.26666666666667,6.5,7.5,7.56579695652174,10,15,2,2,23,8910,3873,5037,1022,2069,6841,7.54393512008978,8.13654095791376,7.08827452650387,7.25110078277886,7.53835697921701,7.54562217950592,146
"151",2019,8,7.28285714285714,35,7.76666666666667,6.92,7.1,7.4,7.25862068965517,15,20,5,6,29,8945,3888,5057,1027,2075,6870,7.54291357406372,8.13511397376543,7.08760901522642,7.25036514118792,7.53795691084337,7.54441067394468,147
"152",2019,9,7.24333333333333,30,7.94615384615385,6.70588235294118,7.16666666666667,7.1,7.272,13,17,3,5,25,8975,3901,5074,1030,2080,6895,7.54191219164345,8.13448426813638,7.08633007292077,7.2501213592233,7.53690412980769,7.54342296301668,148
"153",2019,10,6.98214285714286,28,7.94444444444444,6.52631578947368,6.2,7.16666666666667,6.93181818181818,9,19,5,6,22,9003,3910,5093,1035,2086,6917,7.54017126735532,8.13404683631714,7.08424087767524,7.24504830917874,7.53583920901246,7.54147771143559,149
"154",2019,11,7.5554347826087,46,8.06842105263158,7.19444444444444,6.92857142857143,8.625,7.45357142857143,19,27,7,4,42,9049,3929,5120,1042,2090,6959,7.54024885843739,8.13372948078392,7.08482202929688,7.24292226487524,7.53792372727272,7.54094716625952,150
"155",2019,12,7.77934782608696,46,8.84230769230769,7.36060606060606,7.19,8.31666666666667,7.69875,13,33,10,6,40,9095,3942,5153,1052,2096,6999,7.54145815503023,8.13606624302385,7.08658816029497,7.24241920152091,7.54015295324427,7.54184902557508,151
"156",2020,1,7.14181818181818,44,7.9445,6.47291666666667,6.775,7.22230769230769,7.10806451612903,20,24,4,13,31,9139,3962,5177,1056,2109,7030,7.53953407593828,8.13509922513882,7.08374324705428,7.24064867424242,7.53819373636794,7.53993617780938,152
"157",2020,2,7.3774358974359,39,7.77333333333333,7.03809523809524,6.36,8.15,7.2369696969697,18,21,5,6,33,9178,3980,5198,1061,2115,7063,7.53884527348006,8.13346309798995,7.08355882839554,7.23649858623939,7.53992935697399,7.53852064703383,153
"158",2020,3,7.33181818181818,22,7.93636363636364,6.72727272727273,5.5,7,7.45625,11,11,4,6,16,9200,3991,5209,1065,2121,7079,7.53835020869565,8.13291985216738,7.0828064484546,7.22997652582159,7.53840197548326,7.53833469840373,154
"159",2020,4,7.38785714285714,28,7.82555555555556,6.6,5,8.39285714285714,7.05285714285714,18,10,1,7,21,9228,4009,5219,1066,2128,7100,7.53789357607282,8.1315398179097,7.08188135466565,7.22788461538461,7.54121268327067,7.53689877887324,155
"160",2020,5,7.28275862068966,29,7.9,7.005,6.4,8.33333333333333,7.00869565217391,9,20,4,6,23,9257,4018,5239,1070,2134,7123,7.5370942983688,8.13102118715779,7.08158785836992,7.22478971962617,7.54343982661668,7.53519322336094,156
"161",2020,6,7.42,20,7.58333333333333,7.35,6,NA,7.42,6,14,1,0,20,9277,4024,5253,1071,2134,7143,7.53684185835938,8.13020455516898,7.08230321530554,7.22364612511671,7.54343982661668,7.53487068878622,157
"162",2020,7,6.9208,25,7.41111111111111,6.645,6.83333333333333,6.825,6.93904761904762,9,16,3,4,21,9302,4033,5269,1074,2138,7164,7.53518618791657,8.12859983387056,7.08097528753084,7.22255586592179,7.54209569223573,7.5331241387493,158
"163",2020,8,7.04375,24,7.59444444444444,6.71333333333333,7.16,7.1,7.015625,9,15,5,8,16,9326,4042,5284,1079,2146,7180,7.5339215011795,8.12741047253834,7.07993164080242,7.22226598702502,7.54044761882572,7.5319709373259,159
"164",2020,9,7.57894736842105,19,8,7,7,8.5,7.40625,11,8,1,3,16,9345,4053,5292,1080,2149,7196,7.53401304654895,8.12706467554897,7.07981080687831,7.22206018518518,7.54178715216379,7.53169140216787,160
"165",2020,10,7.45789473684211,38,7.85625,7.16818181818182,7.625,6.83333333333333,7.51142857142857,16,22,4,3,35,9383,4069,5314,1084,2152,7231,7.53370477672386,8.12599978618825,7.0801766635303,7.22354704797048,7.54079953066914,7.53159332457474,161
"166",2020,11,7.58571428571429,35,7.99411764705882,7.2,7.75,8.24,7.47666666666667,17,18,4,5,30,9418,4086,5332,1088,2157,7261,7.53389805903589,8.12545108418991,7.0805811684171,7.22548253676471,7.54242030134446,7.5313663861727,162
"167",2020,12,7.505,30,8.375,6.925,NA,6.875,7.60192307692308,12,18,0,4,26,9448,4098,5350,1088,2161,7287,7.53380629974597,8.12618182772084,7.08005771775701,7.22548253676471,7.54118490976399,7.53161813229038,163
"168",2021,1,7.13470076923077,39,7.584583125,6.82173913043478,5.73333333333333,7.24444444444444,7.10177766666667,16,23,6,9,30,9487,4114,5373,1094,2170,7317,7.53216562137662,8.12407546426835,7.07895194304858,7.21729890310786,7.53995418894009,7.52985576875769,164
"169",2021,2,7.32,25,7.76666666666667,6.65,6,7.4,7.3,15,10,1,5,20,9512,4129,5383,1095,2175,7337,7.531607995164,8.12277705497699,7.07815507895226,7.21618721461187,7.53963245517241,7.52922920267139,165
"170",2021,3,7.36071428571429,28,7.86428571428571,6.85714285714286,10,9.2,7.29259259259259,14,14,1,1,27,9540,4143,5397,1096,2176,7364,7.53110642033543,8.12190356263577,7.07758176579581,7.21872718978102,7.54039549172794,7.52836157794677,166
"171",2021,4,7.70357142857143,28,8.15,7.45555555555556,7.5,8.125,7.63333333333333,10,18,5,4,24,9568,4153,5415,1101,2180,7388,7.53161112562709,8.12197121598844,7.07883818836565,7.22000454132607,7.54146816055046,7.52870257985923,167
"172",2021,5,7.49569903225806,31,8.18703722222222,6.53846153846154,6.25,8.5,7.30256423076923,18,13,2,5,26,9599,4171,5428,1103,2185,7414,7.53149514741119,8.12225200911052,7.07754399226234,7.21824569356301,7.543661597254,7.52790954005935,168
"173",2021,6,7.22413793103448,29,8.13636363636364,6.66666666666667,7.83333333333333,9.5,7.05555555555556,11,18,3,2,27,9628,4182,5446,1106,2187,7441,7.53056937266306,8.12228912721186,7.07618596951891,7.21991410488246,7.54545065843621,7.52619558258298,169
"174",2021,7,7.356396,25,7.59180909090909,7.17142857142857,6.66666666666667,7.402475,7.34761904761905,11,14,3,4,21,9653,4193,5460,1109,2191,7462,7.53011828654304,8.12089745528261,7.07643018131868,7.21841749323715,7.54518963486992,7.52569302197802,170
"175",2021,8,7.45516129032258,31,7.7625,7.12733333333333,7.16666666666667,8,7.437,16,15,3,1,30,9684,4209,5475,1112,2192,7492,7.52987833746386,8.11953505108101,7.07656964200913,7.21827787769784,7.54539712135036,7.52533787106247,171
"176",2021,9,7.22,20,7.66666666666667,7.14117647058824,6.2,8,7.08235294117647,3,17,2,3,17,9704,4212,5492,1114,2195,7509,7.52923967642209,8.11921249525166,7.07676962672979,7.21644973070018,7.54601844646924,7.5243349753629,172
"177",2021,10,7.49666666666667,30,7.85555555555556,7.34285714285714,8,7.66666666666667,7.45416666666667,9,21,5,6,24,9734,4221,5513,1119,2201,7533,7.52913928703513,8.11865032693674,7.07778320152367,7.2199508489723,7.54634733757383,7.52411142041683,173
"178",2021,11,7.7,36,8.16875,7.325,7.46,7.5,7.725,16,20,5,4,32,9770,4237,5533,1124,2205,7565,7.52976886591606,8.11883951616709,7.0786768100488,7.22101868327402,7.54626326077097,7.52496118043622,174
"179",2021,12,7.13333333333333,30,7.23333333333333,7.03333333333333,6.16666666666667,7,7.16,15,15,6,5,25,9800,4252,5548,1130,2210,7590,7.5285552877551,8.11571567027281,7.07855421593367,7.2154203539823,7.54502737104072,7.5237590685112,175
"180",2022,1,7.13756818181818,44,7.68055555555556,6.76165384615385,6.5,6.66666666666667,7.1720243902439,18,26,2,3,41,9844,4270,5574,1132,2213,7631,7.52680768183665,8.11388127166276,7.07707602978113,7.21415636042403,7.54383664256665,7.52186926090945,176
"181",2022,2,7.36973684210526,38,8.02894736842105,6.71052631578947,6.5,6.2,7.5469696969697,19,19,3,5,33,9882,4289,5593,1135,2218,7664,7.52620368548876,8.11350501981813,7.07583082245664,7.21226872246696,7.54080725428314,7.52197733950939,177
"182",2022,3,7.23684210526316,19,7.5,7.08333333333333,7,7.28571428571429,7.20833333333333,7,12,3,7,12,9901,4296,5605,1138,2225,7676,7.52564840117159,8.11250536080074,7.07584688492417,7.21170913884007,7.54000471460674,7.52148701537259,178
"183",2022,4,7.36666666666667,15,7.72222222222222,6.83333333333333,NA,7,7.39285714285714,9,6,0,1,14,9916,4305,5611,1138,2226,7690,7.52540790843081,8.11168943786294,7.07558755836749,7.21170913884007,7.53976212488769,7.52125283875163,179
"184",2022,5,7.036875,24,7.98333333333333,6.469,NA,7.66666666666667,6.94690476190476,9,15,0,3,21,9940,4314,5626,1138,2229,7711,7.52422835211267,8.11142165739452,7.0739702790615,7.21170913884007,7.53993292507851,7.51968866943328,180
"185",2022,6,7.05,24,7.9375,6.60625,6,8.15,6.83,8,16,1,4,20,9964,4322,5642,1139,2233,7731,7.52308609193095,8.11109972929199,7.07264388337469,7.21064530289728,7.54102574563367,7.5179044534989,181
"186",2022,7,7.28571428571429,21,7.4,7.18181818181818,7.33333333333333,8.25,7.18421052631579,10,11,3,2,19,9985,4332,5653,1142,2235,7750,7.52258686229344,8.1094582248384,7.07285632230674,7.21096760070053,7.54166017449664,7.51708636516129,182
"187",2022,8,7.06612903225806,31,7.803125,6.28,7,7.70833333333333,6.912,16,15,1,6,25,10016,4348,5668,1143,2241,7775,7.5211741034345,8.10833096366145,7.07075807868737,7.21078302712161,7.54210642124051,7.51514074983923,183
"188",2022,9,7.285,20,8.46666666666667,6.77857142857143,7.625,7.03333333333333,7.32941176470588,6,14,4,3,17,10036,4354,5682,1147,2244,7792,7.5207034495815,8.10882476573265,7.07003815381908,7.21222755013078,7.5414262433155,7.51473554029774,184
"189",2022,10,7.325,22,7.64,7.0625,7.125,7.6,7.26388888888889,10,12,2,4,18,10058,4364,5694,1149,2248,7810,7.52027538476834,8.10775046516956,7.07002226729891,7.21207571801567,7.54153046708185,7.51415740460947,185
"190",2022,11,7.57352941176471,34,8.25,6.97222222222222,8.4,8.45714285714286,7.34444444444444,16,18,2,7,27,10092,4380,5712,1151,2255,7837,7.52045479785969,8.10827009817351,7.06971407387955,7.21413987836664,7.54437272283813,7.51357271022075,186
"191",2022,12,7.34259259259259,27,7.36538461538461,7.32142857142857,5,7.5625,7.30434782608696,13,14,1,4,23,10119,4393,5726,1152,2259,7860,7.51998021741278,8.10607171181424,7.07032951274886,7.21221788194444,7.54440482071713,7.51296047455471,187
