"","year","month","avg_rating","no_ratings","avg_rating_owned","avg_rating_not_owned","avg_rating_prev_owned","avg_rating_comment","avg_rating_no_comment","no_ratings_owned","no_ratings_not_owned","no_ratings_prev_owned","no_ratings_comment","no_ratings_no_comment","cum_no_ratings","cum_no_ratings_owned","cum_no_ratings_not_owned","cum_no_ratings_prev_owned","cum_no_ratings_comment","cum_no_ratings_no_comment","cum_avg_rating","cum_avg_rating_owned","cum_avg_rating_not_owned","cum_avg_rating_prev_owned","cum_avg_rating_comment","cum_avg_rating_no_comment","month_after_release"
"1",2001,9,4,2,6,2,NA,NA,4,1,1,0,0,2,2,1,1,0,0,2,4,6,2,NA,NA,4,4
"2",2001,10,4,2,4,NA,NA,NA,4,2,0,0,0,2,4,3,1,0,0,4,4,4.66666666666667,2,NA,NA,4,5
"3",2001,11,6,4,5.66666666666667,7,NA,9,5,3,1,0,1,3,8,6,2,0,1,7,5,5.16666666666667,4.5,NA,9,4.42857142857143,6
"4",2001,12,8.33333333333333,3,8.33333333333333,NA,NA,10,7.5,3,0,0,1,2,11,9,2,0,2,9,5.90909090909091,6.22222222222222,4.5,NA,9.5,5.11111111111111,7
"5",2002,1,6.2,5,6.66666666666667,5.5,NA,7,6,3,2,0,1,4,16,12,4,0,3,13,6,6.33333333333333,5,NA,8.66666666666667,5.38461538461539,8
"6",2002,2,8,1,NA,8,NA,8,NA,0,1,0,1,0,17,12,5,0,4,13,6.11764705882353,6.33333333333333,5.6,NA,8.5,5.38461538461539,9
"7",2002,3,6,2,6,NA,NA,NA,6,2,0,0,0,2,19,14,5,0,4,15,6.10526315789474,6.28571428571429,5.6,NA,8.5,5.46666666666667,10
"8",2002,4,6,1,6,NA,NA,NA,6,1,0,0,0,1,20,15,5,0,4,16,6.1,6.26666666666667,5.6,NA,8.5,5.5,11
"9",2002,5,2,1,NA,2,NA,NA,2,0,1,0,0,1,21,15,6,0,4,17,5.90476190476191,6.26666666666667,5,NA,8.5,5.29411764705882,12
"10",2002,6,7,1,7,NA,NA,NA,7,1,0,0,0,1,22,16,6,0,4,18,5.95454545454545,6.3125,5,NA,8.5,5.38888888888889,13
"11",2002,7,5.25,4,5.33333333333333,5,NA,7,4.66666666666667,3,1,0,1,3,26,19,7,0,5,21,5.84615384615385,6.15789473684211,5,NA,8.2,5.28571428571429,14
"12",2002,8,7.57142857142857,7,8,5,NA,9,7,6,1,0,2,5,33,25,8,0,7,26,6.21212121212121,6.6,5,NA,8.42857142857143,5.61538461538461,15
"13",2002,9,6.5,3,7,6.25,7,NA,6.5,1,2,1,0,3,36,26,10,1,7,29,6.23611111111111,6.61538461538461,5.25,7,8.42857142857143,5.70689655172414,16
"14",2002,10,6.77777777777778,9,6.33333333333333,7.66666666666667,NA,7.25,6.4,6,3,0,4,5,45,32,13,1,11,34,6.34444444444444,6.5625,5.80769230769231,7,8,5.80882352941176,17
"15",2002,11,5.16666666666667,6,5.5,4.5,NA,5.66666666666667,4.66666666666667,4,2,0,3,3,51,36,15,1,14,37,6.20588235294118,6.44444444444444,5.63333333333333,7,7.5,5.71621621621622,18
"16",2002,12,5.66666666666667,6,6.33333333333333,5,NA,7,5,3,3,0,2,4,57,39,18,1,16,41,6.14912280701754,6.43589743589744,5.52777777777778,7,7.4375,5.64634146341463,19
"17",2003,1,6.25,12,6.5,5,NA,5,6.5,10,2,0,2,10,69,49,20,1,18,51,6.16666666666667,6.44897959183673,5.475,7,7.16666666666667,5.81372549019608,20
"18",2003,2,5.71428571428571,7,6.25,5,NA,5.5,6,4,3,0,4,3,76,53,23,1,22,54,6.125,6.43396226415094,5.41304347826087,7,6.86363636363636,5.82407407407407,21
"19",2003,3,6.71428571428571,7,8,5,NA,5.5,7.2,4,3,0,2,5,83,57,26,1,24,59,6.17469879518072,6.54385964912281,5.36538461538461,7,6.75,5.94067796610169,22
"20",2003,4,6.6,5,7,5,NA,6.5,6.66666666666667,4,1,0,2,3,88,61,27,1,26,62,6.19886363636364,6.57377049180328,5.35185185185185,7,6.73076923076923,5.9758064516129,23
"21",2003,5,5.33333333333333,12,6,4.66666666666667,6.5,5.25,5.375,6,6,2,4,8,100,67,33,3,30,70,6.095,6.52238805970149,5.22727272727273,6.66666666666667,6.53333333333333,5.90714285714286,24
"22",2003,6,6.45454545454545,11,7.5,5.2,4,6,6.71428571428571,6,5,1,4,7,111,73,38,4,34,77,6.13063063063063,6.6027397260274,5.22368421052632,6,6.47058823529412,5.98051948051948,25
"23",2003,7,5.4875,40,6.13333333333333,5.1,6.5,6.15,5.26666666666667,15,25,1,10,30,151,88,63,5,44,107,5.96026490066225,6.52272727272727,5.17460317460317,6.1,6.39772727272727,5.7803738317757,26
"24",2003,8,5.93684210526316,19,6.4,5.42222222222222,6,6.1,5.87857142857143,10,9,1,5,14,170,98,72,6,49,121,5.95764705882353,6.51020408163265,5.20555555555556,6.08333333333333,6.36734693877551,5.79173553719008,27
"25",2003,9,5.47647058823529,17,6,5.19090909090909,7,6.5125,4.55555555555556,6,11,2,8,9,187,104,83,8,57,130,5.91390374331551,6.48076923076923,5.20361445783132,6.3125,6.38771929824561,5.70615384615385,28
"26",2003,10,6.66666666666667,6,6.8,6,NA,5,7,5,1,0,1,5,193,109,84,8,58,135,5.93730569948186,6.4954128440367,5.21309523809524,6.3125,6.36379310344828,5.75407407407407,29
"27",2003,11,6.75,6,7.1,5,NA,6.83333333333333,6.66666666666667,5,1,0,3,3,199,114,85,8,61,138,5.96180904522613,6.5219298245614,5.21058823529412,6.3125,6.38688524590164,5.77391304347826,30
"28",2003,12,5.125,8,5.75,4.5,NA,6,5,4,4,0,1,7,207,118,89,8,62,145,5.92946859903382,6.49576271186441,5.17865168539326,6.3125,6.38064516129032,5.73655172413793,31
"29",2004,1,5.71052631578947,19,6.40909090909091,4.75,3,5,5.9,11,8,1,4,15,226,129,97,9,66,160,5.91106194690265,6.48837209302326,5.14329896907216,5.94444444444444,6.2969696969697,5.751875,32
"30",2004,2,5.61111111111111,18,5.27272727272727,6.14285714285714,NA,4.85714285714286,6.09090909090909,11,7,0,7,11,244,140,104,9,73,171,5.88893442622951,6.39285714285714,5.21057692307692,5.94444444444444,6.15890410958904,5.77368421052632,33
"31",2004,3,5.91666666666667,12,5.88888888888889,6,NA,5,6,9,3,0,1,11,256,149,107,9,74,182,5.890234375,6.36241610738255,5.23271028037383,5.94444444444444,6.14324324324324,5.78736263736264,34
"32",2004,4,5.91666666666667,12,6.75,4.25,NA,4.75,6.5,8,4,0,4,8,268,157,111,9,78,190,5.89141791044776,6.38216560509554,5.1972972972973,5.94444444444444,6.07179487179487,5.81736842105263,35
"33",2004,5,6,11,5.9,7,NA,6.8,5.33333333333333,10,1,0,5,6,279,167,112,9,83,196,5.89569892473118,6.35329341317365,5.21339285714286,5.94444444444444,6.11566265060241,5.80255102040816,36
"34",2004,6,5.55882352941176,17,5.83333333333333,5.25,5.5,5.59090909090909,5.5,9,8,2,11,6,296,176,120,11,94,202,5.87635135135135,6.32670454545455,5.21583333333333,5.86363636363636,6.05425531914894,5.79356435643564,37
"35",2004,7,5.55555555555556,9,5.75,4,4,5.75,5.4,8,1,1,4,5,305,184,121,12,98,207,5.86688524590164,6.30163043478261,5.20578512396694,5.70833333333333,6.04183673469388,5.78405797101449,38
"36",2004,8,5.75,10,5.78571428571429,5.66666666666667,NA,5.625,5.83333333333333,7,3,0,4,6,315,191,124,12,102,213,5.8631746031746,6.28272251308901,5.21693548387097,5.70833333333333,6.02549019607843,5.78544600938967,39
"37",2004,9,5.7,10,6,4.5,2,5,6.4,8,2,1,5,5,325,199,126,13,107,218,5.85815384615385,6.2713567839196,5.20555555555556,5.42307692307692,5.97757009345794,5.79954128440367,40
"38",2004,10,6.07692307692308,13,6.28571428571429,5.83333333333333,NA,6.125,6,7,6,0,8,5,338,206,132,13,115,223,5.86656804733728,6.27184466019417,5.23409090909091,5.42307692307692,5.98782608695652,5.80403587443946,41
"39",2004,11,6.20833333333333,12,6.625,5.375,NA,5.125,6.75,8,4,0,4,8,350,214,136,13,119,231,5.87828571428571,6.28504672897196,5.23823529411765,5.42307692307692,5.95882352941176,5.83679653679654,42
"40",2004,12,5.85714285714286,14,6.08333333333333,4.5,4,6.25,5.7,12,2,1,4,10,364,226,138,14,123,241,5.87747252747253,6.27433628318584,5.22753623188406,5.32142857142857,5.96829268292683,5.83112033195021,43
"41",2005,1,5.66538461538462,26,5.88235294117647,5.25555555555556,NA,5.3,5.75238095238095,17,9,0,5,21,390,243,147,14,128,262,5.86333333333333,6.24691358024691,5.22925170068027,5.32142857142857,5.9421875,5.82480916030534,44
"42",2005,2,5.625,12,5.91666666666667,5.33333333333333,NA,5.33333333333333,5.91666666666667,6,6,0,6,6,402,249,153,14,134,268,5.85621890547264,6.23895582329317,5.23333333333333,5.32142857142857,5.91492537313433,5.82686567164179,45
"43",2005,3,5.818,20,6.155,5.3125,8,5.75846153846154,5.92857142857143,12,8,1,13,7,422,261,161,15,147,275,5.85440758293839,6.23509578544061,5.23726708074534,5.5,5.90108843537415,5.82945454545454,46
"44",2005,4,5.28571428571429,14,5.4,5,7,5.16666666666667,5.375,10,4,1,6,8,436,271,165,16,153,283,5.83614678899083,6.20428044280443,5.23151515151515,5.59375,5.87228758169935,5.81660777385159,47
"45",2005,5,5.24545454545455,11,7.5,3.95714285714286,NA,4.2,6.11666666666667,4,7,0,5,6,447,275,172,16,158,289,5.82161073825503,6.22312727272727,5.1796511627907,5.59375,5.81936708860759,5.82283737024222,48
"46",2005,6,5.6,15,6.375,4.71428571428571,6,5.25,6,8,7,1,8,7,462,283,179,17,166,296,5.81441558441558,6.22742049469965,5.16145251396648,5.61764705882353,5.79192771084337,5.82702702702703,49
"47",2005,7,6.135,20,6.58,4.8,NA,7,5.98235294117647,15,5,0,3,17,482,298,184,17,169,313,5.82771784232365,6.2451677852349,5.15163043478261,5.61764705882353,5.81337278106509,5.83546325878594,50
"48",2005,8,5.70833333333333,24,6.21428571428571,5,4.5,5.65,5.75,14,10,2,10,14,506,312,194,19,179,327,5.82205533596838,6.24378205128205,5.14381443298969,5.5,5.80424581005587,5.83180428134557,51
"49",2005,9,6.375,10,6.5,5.875,NA,7,5.75,8,2,0,5,5,516,320,196,19,184,332,5.83277131782946,6.2501875,5.15127551020408,5.5,5.83673913043478,5.83057228915663,52
"50",2005,10,5.72173913043478,23,6.18947368421053,3.5,NA,5.6375,5.76666666666667,19,4,0,8,15,539,339,200,19,192,347,5.82803339517625,6.24678466076696,5.11825,5.5,5.8284375,5.82780979827089,53
"51",2005,11,5.67391304347826,23,6.50833333333333,4.76363636363636,5,4.4375,6.33333333333333,12,11,2,8,15,562,351,211,21,200,362,5.82172597864769,6.25572649572649,5.09976303317536,5.45238095238095,5.7728,5.84875690607735,54
"52",2005,12,6.225,20,6.65384615384615,5.42857142857143,5,6.16666666666667,6.25,13,7,2,6,14,582,364,218,23,206,376,5.83558419243986,6.26994505494505,5.11032110091743,5.41304347826087,5.78427184466019,5.86369680851064,55
"53",2006,1,5.72666666666667,45,5.79642857142857,5.61176470588235,NA,5.435,5.96,28,17,0,20,25,627,392,235,23,226,401,5.82776714513556,6.23612244897959,5.14659574468085,5.41304347826087,5.75336283185841,5.86970074812968,56
"54",2006,2,6.02272727272727,22,6.71875,4.16666666666667,NA,5.92857142857143,6.06666666666667,16,6,0,7,15,649,408,241,23,233,416,5.83437596302003,6.25504901960784,5.12219917012448,5.41304347826087,5.75862660944206,5.87680288461539,57
"55",2006,3,5.8,20,5.88235294117647,5.33333333333333,6,4.2,6.33333333333333,17,3,2,5,15,669,425,244,25,238,431,5.83334828101644,6.24014117647059,5.12479508196721,5.46,5.72588235294118,5.89269141531323,58
"56",2006,4,6.04166666666667,12,6.42857142857143,5.5,5,5.83333333333333,6.11111111111111,7,5,3,3,9,681,432,249,28,241,440,5.83701908957415,6.24319444444444,5.13232931726908,5.41071428571429,5.72721991701245,5.89715909090909,59
"57",2006,5,6.44444444444444,18,7.04545454545455,5.5,5,5.8125,6.95,11,7,1,8,10,699,443,256,29,249,450,5.85266094420601,6.2631151241535,5.1423828125,5.39655172413793,5.72995983935743,5.92055555555556,60
"58",2006,6,6.25,10,6.27777777777778,6,NA,7,6.0625,9,1,0,2,8,709,452,257,29,251,458,5.85826516220028,6.26340707964602,5.14571984435798,5.39655172413793,5.7400796812749,5.92303493449782,61
"59",2006,7,6.34782608695652,23,6.92307692307692,5.6,NA,6.71428571428571,6.1875,13,10,0,7,16,732,465,267,29,258,474,5.8736475409836,6.28184946236559,5.162734082397,5.39655172413793,5.76651162790698,5.93196202531646,62
"60",2006,8,5.8,24,6.12941176470588,5,NA,5.55555555555556,5.94666666666667,17,7,0,9,15,756,482,274,29,267,489,5.87130952380952,6.27647302904564,5.15857664233577,5.39655172413793,5.75940074906367,5.93241308793456,63
"61",2006,9,5.18709677419355,31,6.09473684210526,3.75,2,3.71428571428571,5.61666666666667,19,12,1,7,24,787,501,286,30,274,513,5.8443583227446,6.26958083832335,5.09947552447552,5.28333333333333,5.70715328467153,5.91764132553606,64
"62",2006,10,5.68787878787879,33,6.57058823529412,4.75,5,4.85714285714286,5.91153846153846,17,16,2,7,26,820,518,302,32,281,539,5.83806097560975,6.27945945945946,5.08096026490066,5.265625,5.68597864768683,5.91734693877551,65
"63",2006,11,5.2625,20,5.63888888888889,4.95454545454545,5,5.08333333333333,5.33928571428571,9,11,2,6,14,840,527,313,34,287,553,5.82435714285714,6.26851992409867,5.07651757188498,5.25,5.67337979094077,5.90271247739602,66
"64",2006,12,5.88297872340426,47,6.30357142857143,5.26315789473684,6,5.79166666666667,5.91428571428571,28,19,1,12,35,887,555,332,35,299,588,5.82746335963923,6.27028828828829,5.08719879518072,5.27142857142857,5.678127090301,5.90340136054422,67
"65",2007,1,5.4725,40,5.64,5.19333333333333,5.75,5.33333333333333,5.53214285714286,25,15,4,12,28,927,580,347,39,311,616,5.81214670981661,6.24312068965517,5.09178674351585,5.32051282051282,5.6648231511254,5.88652597402597,68
"66",2007,2,5.75,32,6.2,5.35294117647059,5,5.71428571428571,5.77777777777778,15,17,2,14,18,959,595,364,41,325,634,5.81007299270073,6.24203361344538,5.10398351648352,5.30487804878049,5.66695384615385,5.88343848580442,69
"67",2007,3,5.665,20,5.72,5.5,5.5,5.32857142857143,5.84615384615385,15,5,3,7,13,979,610,369,44,332,647,5.80710929519918,6.22919672131147,5.10934959349593,5.31818181818182,5.65981927710843,5.88268933539413,70
"68",2007,4,6.09375,24,6.76785714285714,5.15,4.83333333333333,6.95454545454545,5.36538461538461,14,10,3,11,13,1003,624,379,47,343,660,5.81396809571286,6.24128205128205,5.11042216358839,5.28723404255319,5.70134110787172,5.8725,71
"69",2007,5,5.84677419354839,31,6.43333333333333,5.296875,5.5,5.6,6.078125,15,16,4,15,16,1034,639,395,51,358,676,5.81495164410058,6.24579029733959,5.1179746835443,5.30392156862745,5.69709497206704,5.87736686390533,72
"70",2007,6,6.22727272727273,22,6.35714285714286,6,NA,5.6875,6.53571428571429,14,8,0,8,14,1056,653,403,51,366,690,5.82354166666666,6.2481776416539,5.13548387096774,5.30392156862745,5.69688524590164,5.89072463768116,73
"71",2007,7,6.12222222222222,18,6.05384615384615,6.3,NA,5.16666666666667,6.6,13,5,0,6,12,1074,666,408,51,372,702,5.82854748603352,6.24438438438438,5.14975490196078,5.30392156862745,5.68833333333333,5.902849002849,74
"72",2007,8,5.82,25,6.32352941176471,4.75,6,5.3125,6.05882352941176,17,8,1,8,17,1099,683,416,52,380,719,5.82835304822566,6.24635431918009,5.14206730769231,5.31730769230769,5.68042105263158,5.90653685674548,75
"73",2007,9,5.95588235294118,34,6.21052631578947,5.63333333333333,5.33333333333333,5.5,6.12,19,15,3,9,25,1133,702,431,55,389,744,5.83218005295675,6.24538461538461,5.15916473317865,5.31818181818182,5.67624678663239,5.91370967741936,76
"74",2007,10,6.38133333333333,30,6.88333333333333,5.62833333333333,5.27,6.61555555555556,6.28095238095238,18,12,2,9,21,1163,720,443,57,398,765,5.8463456577816,6.26133333333333,5.17187358916478,5.31649122807018,5.69748743718593,5.9237908496732,77
"75",2007,11,5.57692307692308,39,5.97058823529412,5.27272727272727,4.5,5.53846153846154,5.59615384615385,17,22,2,13,26,1202,737,465,59,411,791,5.83760399334443,6.25462686567164,5.17664516129032,5.28881355932203,5.69245742092457,5.91302149178255,78
"76",2007,12,5.89772727272727,44,6.6304347826087,5.09523809523809,NA,6.18421052631579,5.68,23,21,0,19,25,1246,760,486,59,430,816,5.83972712680578,6.266,5.17312757201646,5.28881355932203,5.71418604651163,5.90588235294118,79
"77",2008,1,5.76545454545455,55,6.09393939393939,5.27272727272727,5.35714285714286,5.88888888888889,5.70540540540541,33,22,7,18,37,1301,793,508,66,448,853,5.83658724058417,6.25883984867591,5.17744094488189,5.29606060606061,5.72120535714286,5.89718640093787,80
"78",2008,2,6.58636363636364,22,6.86875,5.83333333333333,6,6.55714285714286,6.6,16,6,3,7,15,1323,809,514,69,455,868,5.84905517762661,6.27090234857849,5.18509727626459,5.32666666666667,5.73406593406593,5.90933179723502,81
"79",2008,3,5.76923076923077,39,6.125,5.52173913043478,6.33333333333333,6.20833333333333,5.57407407407407,16,23,3,12,27,1362,825,537,72,467,895,5.84676945668135,6.26807272727273,5.19951582867784,5.36861111111111,5.74625267665953,5.89921787709497,82
"80",2008,4,5.41935483870968,31,6.5625,4.2,4,5.77272727272727,5.225,16,15,2,11,20,1393,841,552,74,478,915,5.83725771715721,6.27367419738407,5.17235507246377,5.33162162162162,5.74686192468619,5.88448087431694,83
"81",2008,5,5.48787878787879,33,5.765,5.06153846153846,6,5.125,5.6952380952381,20,13,3,12,21,1426,861,565,77,490,936,5.82917251051893,6.26185830429733,5.16980530973451,5.35766233766234,5.73163265306122,5.88023504273504,84
"82",2008,6,5.44444444444444,18,5.75,5.0625,8,6.22222222222222,4.66666666666667,10,8,1,9,9,1444,871,573,78,499,945,5.82437673130194,6.25598163030999,5.16830715532286,5.39153846153846,5.74048096192385,5.86867724867725,85
"83",2008,7,5.89583333333333,24,6.28571428571429,5.35,5.8,6.20833333333333,5.58333333333333,14,10,5,12,12,1468,885,583,83,511,957,5.82554495912806,6.25645197740113,5.17142367066895,5.41614457831325,5.75146771037182,5.86509926854754,86
"84",2008,8,5.92741935483871,31,6.63461538461539,5.41666666666667,5.5,5.6,6.08333333333333,13,18,8,10,21,1499,898,601,91,521,978,5.82765176784523,6.26192650334076,5.178768718802,5.42351648351648,5.74856046065259,5.86978527607362,87
"85",2008,9,5.625,28,5.52631578947368,5.83333333333333,5.5,6,5.5,19,9,1,7,21,1527,917,610,92,528,999,5.82393582187295,6.24668484187568,5.1884262295082,5.42434782608696,5.75189393939394,5.86201201201201,88
"86",2008,10,5.59459459459459,37,5.88888888888889,5.31578947368421,5.3125,5.5,5.64,18,19,8,12,25,1564,935,629,100,540,1024,5.81851023017903,6.23979679144385,5.19227344992051,5.4154,5.7462962962963,5.856591796875,89
"87",2008,11,6.07931034482759,29,6.72352941176471,5.16666666666667,5.5,6.9,5.81818181818182,17,12,4,7,22,1593,952,641,104,547,1046,5.82325800376648,6.24843487394958,5.19179407176287,5.41865384615385,5.76106032906764,5.85578393881453,90
"88",2008,12,5.91052631578947,38,6.56875,5.43181818181818,5.11111111111111,5.27272727272727,6.17037037037037,16,22,9,11,27,1631,968,663,113,558,1073,5.82529123237278,6.25372933884297,5.19975867269985,5.3941592920354,5.75143369175627,5.86369990680336,91
"89",2009,1,5.866,50,6.134375,5.38888888888889,4.875,6.2,5.7825,32,18,4,10,40,1681,1000,681,117,568,1113,5.82650208209399,6.24991,5.2047577092511,5.37641025641026,5.75933098591549,5.86078167115903,92
"90",2009,2,5.87435897435897,39,6.3,5.57826086956522,5,5.58333333333333,6.0037037037037,16,23,5,12,27,1720,1016,704,122,580,1140,5.82758720930232,6.25069881889764,5.21696022727273,5.36098360655738,5.75568965517242,5.86416666666667,93
"91",2009,3,6.14516129032258,31,6.10526315789474,6.20833333333333,6,6.66666666666667,6.08928571428571,19,12,1,3,28,1751,1035,716,123,583,1168,5.83320959451742,6.24802898550725,5.23357541899441,5.36617886178862,5.76037735849057,5.86956335616438,94
"92",2009,4,5.28275862068966,29,5.76666666666667,4.76428571428571,4.125,4.78333333333333,5.41304347826087,15,14,4,6,23,1780,1050,730,127,589,1191,5.82424157303371,6.24115238095238,5.22457534246575,5.32708661417323,5.75042444821732,5.86074727120067,95
"93",2009,5,5.76785714285714,28,5.92307692307692,5.63333333333333,5.85714285714286,5.64285714285714,5.80952380952381,13,15,7,7,21,1808,1063,745,134,596,1212,5.82336836283186,6.23726246472248,5.23280536912752,5.35477611940299,5.7491610738255,5.8598597359736,96
"94",2009,6,5.8,25,5.84615384615385,5.75,5.8,5.875,5.73076923076923,13,12,5,12,13,1833,1076,757,139,608,1225,5.82304964539007,6.23253717472119,5.24100396301189,5.37079136690648,5.75164473684211,5.85848979591837,97
"95",2009,7,5.47361111111111,36,6.39090909090909,5.07,5.42857142857143,4.65625,5.70714285714286,11,25,7,8,28,1869,1087,782,146,616,1253,5.8163188871054,6.23413983440662,5.23553708439898,5.37356164383562,5.73741883116883,5.85510774142059,98
"96",2009,8,5.59354838709677,31,5.27777777777778,5.72272727272727,5.5,5.7,5.57307692307692,9,22,5,5,26,1900,1096,804,151,621,1279,5.81268421052631,6.22628649635037,5.24886815920398,5.37774834437086,5.73711755233495,5.84937451133698,99
"97",2009,9,5.60434782608696,23,5.825,5.36363636363636,4.64285714285714,6.08333333333333,5.43529411764706,12,11,7,6,17,1923,1108,815,158,627,1296,5.81019240769631,6.221940433213,5.25041717791411,5.34518987341772,5.74043062200957,5.84394290123457,100
"98",2009,10,5.42592592592593,27,5.5625,5.22727272727273,4.16666666666667,5.34615384615385,5.5,16,11,3,13,14,1950,1124,826,161,640,1310,5.80487179487179,6.21255338078292,5.25010895883777,5.3232298136646,5.732421875,5.84026717557252,101
"99",2009,11,6.1,32,6.25,5.90714285714286,5.5,5.55555555555556,6.31304347826087,18,14,2,9,23,1982,1142,840,163,649,1333,5.80963673057517,6.21314360770578,5.26105952380952,5.32539877300614,5.72996918335902,5.84842460615154,102
"100",2009,12,6.10769230769231,39,6.04615384615385,6.23076923076923,6.5,7.0625,5.86129032258065,26,13,4,8,31,2021,1168,853,167,657,1364,5.81538842157348,6.20942636986301,5.27583821805393,5.35353293413174,5.74619482496195,5.84871700879765,103
"101",2010,1,5.95833333333333,48,6.52777777777778,5.22619047619048,5.08333333333333,5.80555555555556,5.99358974358974,27,21,9,9,39,2069,1195,874,176,666,1403,5.81870468825519,6.21661924686192,5.27464530892448,5.33971590909091,5.746996996997,5.85274411974341,104
"102",2010,2,5.58448275862069,29,5.73235294117647,5.375,5.66666666666667,5.14285714285714,5.725,17,12,3,7,22,2098,1212,886,179,673,1425,5.81546711153479,6.20982673267327,5.27600451467269,5.34519553072626,5.7407132243685,5.85077192982456,105
"103",2010,3,6.17333333333333,30,6.59444444444444,5.54166666666667,5.4,5.88571428571429,6.26086956521739,18,12,5,7,23,2128,1230,898,184,680,1448,5.82051221804511,6.21545528455284,5.27955456570156,5.3466847826087,5.74220588235294,5.85728591160221,106
"104",2010,4,5.44,20,6.28,4.6,4.75,6.36,5.13333333333333,10,10,4,5,15,2148,1240,908,188,685,1463,5.81696927374302,6.21597580645161,5.2720704845815,5.33398936170213,5.74671532846715,5.84986329460014,107
"105",2010,5,5.916,25,5.8125,6.1,7.4,6.5,5.86521739130435,16,9,1,2,23,2173,1256,917,189,687,1486,5.81810860561436,6.21083598726115,5.28019629225736,5.34492063492063,5.74890829694323,5.85010094212651,108
"106",2010,6,5.53333333333333,15,5.88888888888889,5,4.5,3,5.71428571428571,9,6,2,1,14,2188,1265,923,191,688,1500,5.8161563071298,6.20854545454545,5.27837486457205,5.33607329842932,5.74491279069767,5.84883333333333,109
"107",2010,7,5.85294117647059,17,5.85,5.85714285714286,5.75,5.4,6.04166666666667,10,7,4,5,12,2205,1275,930,195,693,1512,5.81643990929705,6.20573333333333,5.2827311827957,5.3445641025641,5.74242424242424,5.85036375661376,110
"108",2010,8,5.97,25,6.65384615384615,5.22916666666667,5.9375,5.45833333333333,6.13157894736842,13,12,4,6,19,2230,1288,942,199,699,1531,5.81816143497758,6.21025621118012,5.28204883227176,5.3564824120603,5.73998569384835,5.85385369039843,111
"109",2010,9,6.675,20,6.975,6.375,5.75,6,6.71052631578947,10,10,2,1,19,2250,1298,952,201,700,1550,5.82577777777778,6.21614791987673,5.29352941176471,5.36039800995025,5.74035714285714,5.86435483870968,112
"110",2010,10,6.4741935483871,31,7.00588235294118,5.82857142857143,6.5,6.25,6.55217391304348,17,14,4,8,23,2281,1315,966,205,708,1573,5.83459009206488,6.22635741444867,5.30128364389234,5.38263414634146,5.74611581920904,5.87441195168468,113
"111",2010,11,5.8375,40,6.30555555555556,5.45454545454545,5.33333333333333,6.6875,5.625,18,22,6,8,32,2321,1333,988,211,716,1605,5.83464024127531,6.22742685671418,5.3046963562753,5.38123222748815,5.75663407821229,5.86943925233645,114
"112",2010,12,5.86,25,5.9,5.8,7,6,5.83333333333333,15,10,2,4,21,2346,1348,998,213,720,1626,5.8349104859335,6.22378338278932,5.30965931863727,5.39643192488263,5.75798611111111,5.8689729397294,115
"113",2011,1,6.4921052631579,38,6.6125,6.28571428571429,6.58333333333333,5.9,6.70357142857143,24,14,6,10,28,2384,1372,1012,219,730,1654,5.84538590604027,6.23058309037901,5.32316205533597,5.4289497716895,5.75993150684932,5.8831015719468,116
"114",2011,2,6.25,40,6.40909090909091,6.05555555555556,6,6.55555555555556,6.16129032258065,22,18,5,9,31,2424,1394,1030,224,739,1685,5.85206270627063,6.23340028694405,5.33596116504854,5.44169642857143,5.76962110960758,5.88821958456973,117
"115",2011,3,5.79199333333333,30,5.88209473684211,5.63636363636364,5.25326666666667,5.625,5.81768461538462,19,11,3,4,26,2454,1413,1041,227,743,1711,5.85132836185819,6.22867643312102,5.33913544668588,5.43920616740088,5.76884253028264,5.88714774985389,118
"116",2011,4,5.892,25,6.3625,5.05555555555556,5.25,6.625,5.75238095238095,16,9,2,4,21,2479,1429,1050,229,747,1732,5.85173852359822,6.23017480755773,5.33670476190476,5.43755371179039,5.77342704149933,5.88551374133949,119
"117",2011,5,5.27857142857143,28,5.38888888888889,5.08,4.33333333333333,5.25,5.29,18,10,3,8,20,2507,1447,1060,232,755,1752,5.84533697646589,6.21970960608155,5.33428301886793,5.423275,5.76788079470199,5.87871563926941,120
"118",2011,6,5.39285714285714,14,7,4.1875,3.5,NA,5.39285714285714,6,8,2,0,14,2521,1453,1068,234,755,1766,5.84282419674732,6.22293172746043,5.32569288389513,5.40683675213675,5.76788079470199,5.87486398640997,121
"119",2011,7,6.07407407407407,27,6.6,5.41666666666667,6.75,6.28571428571429,6,15,12,4,7,20,2548,1468,1080,238,762,1786,5.84527464678179,6.22678460490463,5.3267037037037,5.42941092436975,5.77263779527559,5.87626528555431,122
"120",2011,8,5.52083333333333,24,5.53571428571429,5.5,5,4.6,5.76315789473684,14,10,1,5,19,2572,1482,1090,239,767,1805,5.84224720062208,6.22025627530364,5.32829357798165,5.42761422594142,5.76499348109518,5.87507468144044,123
"121",2011,9,5.93333333333333,15,7,5,4.5,4,6.23076923076923,7,8,2,2,13,2587,1489,1098,241,769,1818,5.84277533822961,6.22392196104768,5.32590163934426,5.41991618257261,5.76040312093628,5.87761815181518,124
"122",2011,10,5.64814814814815,27,5.94444444444444,5.05555555555556,5.33333333333333,5.57142857142857,5.675,18,9,3,7,20,2614,1507,1107,244,776,1838,5.84076503442999,6.22058380889184,5.3237037037037,5.41885163934426,5.75869845360825,5.87541338411317,125
"123",2011,11,5.64583333333333,24,6.40909090909091,5,4,6.16666666666667,5.57142857142857,11,13,2,3,21,2638,1518,1120,246,779,1859,5.83899158453374,6.22194980237154,5.31994642857143,5.4073162601626,5.76026957637997,5.87197945131791,126
"124",2011,12,5.81060606060606,33,5.98684210526316,5.57142857142857,5.85714285714286,6.10714285714286,5.73076923076923,19,14,7,7,26,2671,1537,1134,253,786,1885,5.83864088356421,6.21904346128822,5.32305114638448,5.41976205533597,5.76335877862595,5.87003172413793,127
"125",2012,1,5.71764705882353,51,6.08666666666667,5.19047619047619,5.38888888888889,5.59090909090909,5.7525,30,21,9,11,40,2722,1567,1155,262,797,1925,5.83637391623806,6.21650912571793,5.32064069264069,5.41870152671756,5.76097867001255,5.86758950649351,128
"126",2012,2,6.125,24,6.10526315789474,6.2,NA,6.28571428571429,6.05882352941176,19,5,0,7,17,2746,1586,1160,262,804,1942,5.83889650400583,6.2151764186633,5.32443103448276,5.41870152671756,5.76554726368159,5.86926354273944,129
"127",2012,3,5.51,20,5.70769230769231,5.14285714285714,7,6.5,5.33529411764706,13,7,1,3,17,2766,1599,1167,263,807,1959,5.83651836587129,6.21105053158224,5.32334190231363,5.42471406844107,5.76827757125155,5.86462981112813,130
"128",2012,4,6.08,25,6.22727272727273,5,NA,6.1,6.075,22,3,0,5,20,2791,1621,1170,263,812,1979,5.83869931924041,6.21127069710056,5.32251282051282,5.42471406844107,5.77032019704434,5.86675583628095,131
"129",2012,5,5.92592592592593,27,5.90625,5.95454545454545,5.625,6.2,5.86363636363636,16,11,4,5,22,2818,1637,1181,267,817,2001,5.83953506032647,6.2082894318876,5.32839966130398,5.42771460674157,5.77294981640147,5.86672153923038,132
"130",2012,6,5.94642857142857,28,6.5625,5.125,5.125,6.85714285714286,5.64285714285714,16,12,4,7,21,2846,1653,1193,271,824,2022,5.84058671820098,6.21171796733212,5.32635373009221,5.42324649446495,5.78216019417476,5.86439653808111,133
"131",2012,7,5.8925,20,6.29166666666667,5.29375,5.33333333333333,5.5,5.96176470588235,12,8,3,3,17,2866,1665,1201,274,827,2039,5.84094898813677,6.21229417417417,5.32613655287261,5.42226204379562,5.78113663845224,5.86520833742031,134
"132",2012,8,5.64210526315789,19,5.31428571428571,5.83333333333333,6,4.5,6.16923076923077,7,12,7,6,13,2885,1672,1213,281,833,2052,5.83963944540728,6.20853456937799,5.33115416323166,5.43665409252669,5.7719087635054,5.86713440545809,135
"133",2012,9,5.77272727272727,22,6.125,4.83333333333333,5.5,6.1,5.67647058823529,16,6,2,5,17,2907,1688,1219,283,838,2069,5.83913305813553,6.20774277251185,5.32870385561936,5.43710176678445,5.77386634844869,5.86556781053649,136
"134",2012,10,6.38095238095238,21,6.41666666666667,6.16666666666667,NA,5.33333333333333,6.55555555555556,18,3,0,3,18,2928,1706,1222,283,841,2087,5.84301905737705,6.20994712778429,5.33076104746318,5.43710176678445,5.77229488703924,5.87151883085769,137
"135",2012,11,5.65,28,5.92777777777778,5.15,5.5,5.34,5.71739130434783,18,10,4,5,23,2956,1724,1232,287,846,2110,5.84119073071718,6.20700104408353,5.32929383116883,5.43797839721254,5.76973995271868,5.86983876777251,138
"136",2012,12,5.90540540540541,37,6.47826086956522,4.96428571428571,6.08333333333333,5.16666666666667,6.14285714285714,23,14,6,9,28,2993,1747,1246,293,855,2138,5.84198456398262,6.21057229536348,5.32519261637239,5.45119385665529,5.7633918128655,5.87341431244154,139
"137",2013,1,6.18490566037736,53,6.14871794871795,6.28571428571429,8,6,6.22272727272727,39,14,1,9,44,3046,1786,1260,294,864,2182,5.84795134602758,6.20922161254199,5.33586507936508,5.45986326530612,5.76585648148148,5.88045820348304,140
"138",2013,2,5.72916666666667,24,5.96666666666667,5.33333333333333,6.33333333333333,5.83333333333333,5.71428571428571,15,9,3,3,21,3070,1801,1269,297,867,2203,5.84702273615635,6.20720144364242,5.33584712371947,5.4686861952862,5.76608996539792,5.8788741715842,141
"139",2013,3,6.30833333333333,24,6.41875,6.0875,6.14,6.375,6.295,16,8,5,4,20,3094,1817,1277,302,871,2223,5.8506010989011,6.20906428178316,5.34055599060298,5.47980066225166,5.76888633754305,5.8826179937022,142
"140",2013,4,5.144,25,6.07142857142857,3.96363636363636,4.725,4.38,5.335,14,11,4,5,20,3119,1831,1288,306,876,2243,5.84493741583841,6.20801190606226,5.32879658385093,5.46993398692811,5.76095890410959,5.87773508693714,143
"141",2013,5,5.82423076923077,26,5.9965,5.25,6.5,5.87166666666667,5.81,20,6,2,6,20,3145,1851,1294,308,882,2263,5.84476623211447,6.20572652620205,5.32843122102009,5.47662272727273,5.76171201814059,5.87713645603182,144
"142",2013,6,5.70769230769231,26,6.11176470588235,4.94444444444444,4.75,5.5625,5.77222222222222,17,9,6,8,18,3171,1868,1303,314,890,2281,5.84364232103437,6.20487141327623,5.32577897160399,5.46273821656051,5.75992134831461,5.87630854888207,145
"143",2013,7,6.06521739130435,23,6.84615384615385,5.05,5.21428571428571,6.0625,6.06666666666667,13,10,7,8,15,3194,1881,1313,321,898,2296,5.84523788353162,6.20930345560872,5.32367859862909,5.45732024922119,5.76261692650334,5.87755217770035,146
"144",2013,8,5.725,44,6.04666666666667,5.03571428571429,4.25,4.91666666666667,5.85263157894737,30,14,4,6,38,3238,1911,1327,325,904,2334,5.84360401482397,6.20675028780743,5.32064054257724,5.44246092307693,5.75700221238938,5.87714644387318,147
"145",2013,9,5.51818181818182,33,6.05789473684211,4.78571428571429,4.83333333333333,5.025,5.58620689655172,19,14,6,4,29,3271,1930,1341,331,908,2363,5.84032094160807,6.20528487046632,5.31505592841163,5.43141933534744,5.75377753303965,5.87357587812103,148
"146",2013,10,5.68095238095238,21,5.98461538461538,5.1875,5.83333333333333,5.66666666666667,5.68333333333333,13,8,3,3,18,3292,1943,1349,334,911,2381,5.83930431348724,6.20380844055584,5.31429948109711,5.43502934131737,5.75349066959385,5.87213767324654,149
"147",2013,11,6.16052631578947,38,6.52727272727273,5.65625,5.8,5.6,6.24545454545455,22,16,5,5,33,3330,1965,1365,339,916,2414,5.84296990990991,6.20742992366412,5.31830769230769,5.44041238938053,5.75265283842795,5.87724101077051,150
"148",2013,12,5.3725,40,5.90454545454545,4.72222222222222,4.5,3.33333333333333,5.73235294117647,22,18,4,6,34,3370,1987,1383,343,922,2448,5.83738569732938,6.20407639657776,5.31054953000723,5.42944548104956,5.73690889370933,5.87522867647059,151
"149",2014,1,6.1,51,6.53793103448276,5.52272727272727,4.6,5.75,6.20769230769231,29,22,5,12,39,3421,2016,1405,348,934,2487,5.84130073078047,6.20887886904762,5.313871886121,5.41752816091954,5.73707708779443,5.88044221954162,152
"150",2014,2,5.1953125,32,5.5,4.98684210526316,4.75,5.29166666666667,5.17307692307692,13,19,4,6,26,3453,2029,1424,352,940,2513,5.83531416159861,6.20433701330705,5.30950842696629,5.40994261363637,5.73423404255319,5.87312367688022,153
"151",2014,3,6.59615384615385,26,6.63888888888889,6.5,5.5,7.66666666666667,6.45652173913043,18,8,2,3,23,3479,2047,1432,354,943,2536,5.84100022995113,6.2081581827064,5.3161592178771,5.41045141242938,5.74038176033934,5.87841474763407,154
"152",2014,4,5.75,28,6.15789473684211,4.88888888888889,3,5,5.875,19,9,2,4,24,3507,2066,1441,356,947,2560,5.84027368120901,6.20769593417231,5.3134906315059,5.3969095505618,5.73725448785639,5.878382734375,155
"153",2014,5,5.75405405405405,37,5.84814814814815,5.5,4.875,6.18,5.6875,27,10,8,5,32,3544,2093,1451,364,952,2592,5.83937353273138,6.20305771619685,5.31477601654032,5.38543901098901,5.73957983193277,5.87602615740741,156
"154",2014,6,6.068,25,6.52727272727273,5.70714285714286,6,5.66666666666667,6.12272727272727,11,14,3,3,22,3569,2104,1465,367,955,2614,5.84097500700476,6.20475275665399,5.31852559726963,5.39046267029973,5.73935078534031,5.87810244835501,157
"155",2014,7,5.3695652173913,23,7,4.79411764705882,4.6875,4.66666666666667,5.475,6,17,8,3,20,3592,2110,1482,375,958,2634,5.83795651447661,6.20701412322275,5.31251012145749,5.37546613333334,5.73599164926931,5.8750416856492,158
"156",2014,8,6.17962962962963,27,6.59736842105263,5.1875,NA,6,6.21086956521739,19,8,0,4,23,3619,2129,1490,375,962,2657,5.84050560928433,6.21049779239079,5.3118389261745,5.37546613333334,5.7370893970894,5.87794873917953,159
"157",2014,9,5.56,25,5.86363636363636,5.32142857142857,5.5,4.875,5.69047619047619,11,14,7,4,21,3644,2140,1504,382,966,2678,5.83858117453348,6.20871485981308,5.31192819148936,5.37774816753927,5.73351966873706,5.8764786407767,160
"158",2014,10,5.89285714285714,28,6.1875,5.5,5.4,6.5,5.82,16,12,5,3,25,3672,2156,1516,387,969,2703,5.83899504357298,6.20855742115028,5.31341688654354,5.37803565891473,5.73589267285862,5.87595627081021,161
"159",2014,11,5.84785714285714,28,6.09375,5.52,5.435,6.41333333333333,5.78,16,12,4,3,25,3700,2172,1528,391,972,2728,5.83906210810811,6.20771169429098,5.31503926701571,5.37861841432225,5.73798353909465,5.87507690615836,162
"160",2014,12,5.95348837209302,43,6.25,5.4,5.16666666666667,5.4,6.02631578947368,28,15,6,5,38,3743,2200,1543,397,977,2766,5.84037664974619,6.20824990909091,5.31586519766688,5.37541511335013,5.73625383828045,5.87715466377441,163
"161",2015,1,6.16637931034483,58,6.64,5.44565217391304,5.55555555555556,7,6.05196078431373,35,23,9,7,51,3801,2235,1566,406,984,2817,5.84535117074454,6.21501109619687,5.31777139208174,5.37940837438424,5.74524390243902,5.88031941782038,164
"162",2015,2,5.73428571428571,35,5.98636363636364,5.30769230769231,5.375,5,5.95185185185185,22,13,8,8,27,3836,2257,1579,414,992,2844,5.84433779979145,6.21278236597253,5.31768841038632,5.3793231884058,5.73923387096774,5.88099852320675,165
"163",2015,3,5.53571428571429,28,5.97058823529412,4.86363636363636,5.33333333333333,4,5.72,17,11,3,3,25,3864,2274,1590,417,995,2869,5.84210139751553,6.21097176781003,5.31454716981132,5.37899232613909,5.73398994974874,5.87959560822586,166
"164",2015,4,5.53379310344828,29,5.65789473684211,5.298,5.75,4.7,5.7075,19,10,2,5,24,3893,2293,1600,419,1000,2893,5.83980472643206,6.20638892280855,5.31444375,5.38076324582339,5.72882,5.87816792257173,167
"165",2015,5,5.85,20,5.92307692307692,5.71428571428571,NA,5.125,6.03125,13,7,0,4,16,3913,2306,1607,419,1004,2909,5.83985683618707,6.20479176062446,5.31618543870566,5.38076324582339,5.72641434262948,5.87900990030939,168
"166",2015,6,5.46166666666667,30,5.85277777777778,4.875,6,5.15,5.524,18,12,3,5,25,3943,2324,1619,422,1009,2934,5.83697940654324,6.20206531841652,5.31291537986411,5.3851654028436,5.72355797819623,5.87598493524199,169
"167",2015,7,5.918,50,6.25384615384615,5.55416666666667,4.83333333333333,6.23571428571429,5.79444444444444,26,24,6,14,36,3993,2350,1643,428,1023,2970,5.83799393939394,6.20263821276596,5.31643944004869,5.37742943925234,5.7305669599218,5.87499656565657,170
"168",2015,8,5.57954545454545,44,5.56818181818182,5.59090909090909,6,5.5,5.59210526315789,22,22,4,6,38,4037,2372,1665,432,1029,3008,5.83517706217488,6.19675370994941,5.32006606606607,5.38319398148148,5.72922254616132,5.87142280585106,171
"169",2015,9,5.62666666666667,30,6.6,4.51428571428571,5,4.55,5.79230769230769,16,14,7,4,26,4067,2388,1679,439,1033,3034,5.83363899680354,6.19945552763819,5.31334723049434,5.37708382687927,5.72465634075508,5.87074482531312,172
"170",2015,10,5.740625,32,6.15789473684211,5.13076923076923,3.9,5.6,5.76666666666667,19,13,3,5,27,4099,2407,1692,442,1038,3061,5.83291285679434,6.19912746157042,5.31194444444445,5.36705837104072,5.72405587668593,5.86982678863117,173
"171",2015,11,5.43928571428571,28,6.02,4.76923076923077,5,3.5,5.58846153846154,15,13,6,2,26,4127,2422,1705,448,1040,3087,5.83024225829901,6.19801808422791,5.3078064516129,5.36214241071429,5.71977884615384,5.8674570132815,174
"172",2015,12,5.73958333333333,48,6.21153846153846,5.18181818181818,5.28571428571429,5.4,5.82894736842105,26,22,7,10,38,4175,2448,1727,455,1050,3125,5.82919995209581,6.19816168300654,5.30620150550087,5.36096659340659,5.71673333333333,5.866988736,175
"173",2016,1,5.57538461538462,65,5.984375,5.17878787878788,5.1,4.79090909090909,5.73518518518518,32,33,15,11,54,4240,2480,1760,470,1061,3179,5.82530891509434,6.19540314516129,5.3038125,5.35263787234043,5.70713477851084,5.86474985844605,176
"174",2016,2,5.54239130434783,46,5.91086956521739,5.17391304347826,5.07142857142857,6.2,5.46219512195122,23,23,7,5,41,4286,2503,1783,477,1066,3220,5.8222724685021,6.19278857371155,5.30213684800897,5.34851111111111,5.70944652908067,5.85962416149068,177
"175",2016,3,5.51527777777778,36,5.89166666666667,5.13888888888889,4.75,6.5,5.45735294117647,18,18,4,2,34,4322,2521,1801,481,1068,3254,5.81971536325775,6.19063855612852,5.30050527484731,5.34353388773389,5.71092696629213,5.85542095881991,178
"176",2016,4,5.8,33,5.91111111111111,5.66666666666667,5.7,6.05,5.78387096774194,18,15,2,2,31,4355,2539,1816,483,1070,3285,5.81956597014925,6.18865687278456,5.30352973568282,5.3450099378882,5.71156074766355,5.85474575342466,179
"177",2016,5,5.73170731707317,41,6.328,4.8,5.375,6.3,5.65277777777778,25,16,8,5,36,4396,2564,1832,491,1075,3321,5.81874654231119,6.19001552262091,5.29913209606987,5.34549857433809,5.7142976744186,5.8525563986751,180
"178",2016,6,5.81666666666667,30,6.13888888888889,5.33333333333333,5.33333333333333,5.6,5.86,18,12,3,5,25,4426,2582,1844,494,1080,3346,5.81873244464528,6.18965910147173,5.2993546637744,5.34542469635628,5.71376851851852,5.85261201434549,181
"179",2016,7,5.67272727272727,33,5.995,5.17692307692308,5.38333333333333,5.5,5.68387096774194,20,13,6,2,31,4459,2602,1857,500,1082,3377,5.81765189504373,6.18816287471176,5.29849757673667,5.3458796,5.71337338262477,5.85106301450992,182
"180",2016,8,6.01785714285714,28,6.61111111111111,4.95,5.66666666666667,6,6.01851851851852,18,10,3,1,27,4487,2620,1867,503,1083,3404,5.81890122576332,6.1910686259542,5.29663095875736,5.34779284294235,5.71363804247461,5.85239124559342,183
"181",2016,9,5.54684375,32,5.57142857142857,5.49990909090909,4.5,4.41666666666667,5.80765384615385,21,11,2,6,26,4519,2641,1878,505,1089,3430,5.81697472892233,6.18614153729648,5.29782161874334,5.34443524752475,5.70649219467401,5.85205212827988,184
"182",2016,10,5.64339622641509,53,6.21724137931034,4.95,5,5.92222222222222,5.58636363636364,29,24,5,9,44,4572,2670,1902,510,1098,3474,5.81496255468066,6.1864793258427,5.29343270241851,5.34105843137255,5.70826047358834,5.84868704663212,185
"183",2016,11,5.82142857142857,56,5.98611111111111,5.525,5.22222222222222,5.42857142857143,5.87755102040816,36,20,9,7,49,4628,2706,1922,519,1105,3523,5.8150407951599,6.18381367331855,5.29584235171696,5.33899768786127,5.7064886877828,5.84908850411581,186
"184",2016,12,5.80434782608696,46,6.10714285714286,5.33333333333333,5.83333333333333,5.875,5.79761904761905,28,18,6,4,42,4674,2734,1940,525,1109,3565,5.81493555840822,6.18302845647403,5.29619020618557,5.34464723809524,5.7070964833183,5.84848213183731,187
"185",2017,1,5.7991935483871,62,6.08142857142857,5.43333333333333,5.30769230769231,5.4,5.83421052631579,35,27,13,5,57,4736,2769,1967,538,1114,3622,5.81472947635135,6.18174423979776,5.29807269954245,5.34375427509294,5.70571813285458,5.84825753727223,188
"186",2017,2,5.92857142857143,42,6.08653846153846,5.671875,4.33333333333333,6.4,5.86486486486486,26,16,3,5,37,4778,2795,1983,541,1119,3659,5.81573017999163,6.18085860465116,5.30108875441251,5.33815120147874,5.70882037533512,5.84842547144028,189
"187",2017,3,5.67352941176471,34,6.14736842105263,5.07333333333333,4.5,5,5.715625,19,15,4,2,32,4812,2814,1998,545,1121,3691,5.81472543640898,6.18063248045487,5.29937887887888,5.33199963302752,5.70755575379126,5.84727412625305,190
"188",2017,4,5.99,30,6.11739130434783,5.57142857142857,6,5.73333333333333,6.01851851851852,23,7,3,3,27,4842,2837,2005,548,1124,3718,5.81581140024783,6.18011977440959,5.30032867830424,5.33565656934307,5.70762455516014,5.84851769768693,191
"189",2017,5,5.6375,24,6.4,4.36666666666667,4,3,5.75217391304348,15,9,2,1,23,4866,2852,2014,550,1125,3741,5.81493193588163,6.18127622720898,5.29615640516385,5.33079963636364,5.70521777777778,5.84792536754878,192
"190",2017,6,6.0248275862069,29,6.58333333333333,5.11090909090909,4,5,6.1888,18,11,3,4,25,4895,2870,2025,553,1129,3766,5.81617544433095,6.18379783972125,5.29515012345679,5.3235801084991,5.70271922054916,5.85018821030271,193
"191",2017,7,6.13375,40,6.48461538461538,5.48214285714286,5.5,6.5,6.11447368421053,26,14,6,2,38,4935,2896,2039,559,1131,3804,5.8187495035461,6.18649854972376,5.2964340362923,5.32547370304115,5.7041290893015,5.85282828601472,194
"192",2017,8,5.8325,32,6.4,5.33176470588235,4.42,4.33333333333333,5.98758620689655,15,17,7,3,29,4967,2911,2056,566,1134,3833,5.81883809140326,6.18759869460666,5.29672616731517,5.31427526501767,5.70050264550265,5.85384784763893,195
"193",2017,9,6.42682926829268,41,6.71739130434783,6.05555555555556,6.5,7.08333333333333,6.31428571428571,23,18,4,6,35,5008,2934,2074,570,1140,3868,5.82381565495208,6.19175180640763,5.30331195756991,5.32259614035088,5.70778070175439,5.85801416752844,196
"194",2017,10,5.68,40,5.80555555555556,5.57727272727273,4.84,6.125,5.63055555555556,18,22,5,4,36,5048,2952,2096,575,1144,3904,5.82267606973059,6.18939695121951,5.3061875,5.31839965217391,5.70923951048951,5.85591670081967,197
"195",2017,11,6.12,40,6.47727272727273,5.68333333333333,5.25,6.5,6.1,22,18,4,2,38,5088,2974,2114,579,1146,3942,5.82501352201258,6.19152649630128,5.30939877010407,5.31792711571675,5.71061954624782,5.85826960933536,198
"196",2017,12,6.01434782608696,46,6.2448275862069,5.62117647058824,6.25,6,6.01466666666667,29,17,4,1,45,5134,3003,2131,583,1147,3987,5.82670993377483,6.19204122544123,5.31188596902862,5.32432212692968,5.71087183958152,5.86003481314271,199
"197",2018,1,5.8021568627451,51,6.22290322580645,5.15,4.75,7.6,5.60673913043478,31,20,4,5,46,5185,3034,2151,587,1152,4033,5.82646842815815,6.19235655899802,5.31038075313807,5.32040851788756,5.71907118055555,5.85714574758244,200
"198",2018,2,5.56756756756757,37,6.09090909090909,4.8,5,5.7,5.546875,22,15,3,5,32,5222,3056,2166,590,1157,4065,5.82463400995787,6.1916262434555,5.30684626038781,5.3187793220339,5.71898876404494,5.85470327183272,201
"199",2018,3,5.57441860465116,43,5.771875,5,5.8,5.83333333333333,5.53243243243243,32,11,5,6,37,5265,3088,2177,595,1163,4102,5.82259046533713,6.18727648963731,5.30529581993569,5.32282319327731,5.71957867583835,5.8517963920039,202
"200",2018,4,5.97028571428571,35,6.06823529411765,5.87777777777778,5.83333333333333,5.68571428571429,6.04142857142857,17,18,6,7,28,5300,3105,2195,601,1170,4130,5.82356581132075,6.18662473429952,5.30999043280182,5.32791980033278,5.71937606837607,5.85308203389831,203
"201",2018,5,5.48,30,5.515,5.41,7,5.4,5.49230769230769,20,10,1,4,26,5330,3125,2205,602,1174,4156,5.82163204502814,6.182326336,5.3104439909297,5.33069734219269,5.71828790459966,5.8508250240616,204
"202",2018,6,5.91560606060606,33,6.1686,5.125,6,4,6.0391935483871,25,8,3,2,31,5363,3150,2213,605,1176,4187,5.8222102927466,6.1822173968254,5.30977361048351,5.33401619834711,5.7153656462585,5.85221967996179,205
"203",2018,7,6.05862068965517,29,6.54285714285714,5.60666666666667,5.9,7.03333333333333,5.94615384615385,14,15,4,3,26,5392,3164,2228,609,1179,4213,5.82348178783383,6.18381314791403,5.3117724416517,5.33773366174056,5.71871925360475,5.85279938286257,206
"204",2018,8,5.47894736842105,38,5.73636363636364,5.125,4.91666666666667,5.5,5.47777777777778,22,16,6,2,36,5430,3186,2244,615,1181,4249,5.82107068139963,6.18072341494036,5.31044073083779,5.33362569105691,5.71834885690093,5.84962198164274,207
"205",2018,9,5.67857142857143,28,6.32142857142857,5.03571428571429,5.33333333333333,4.25,5.91666666666667,14,14,3,4,24,5458,3200,2258,618,1185,4273,5.82033964822279,6.181339,5.30873737821081,5.33362427184466,5.71339240506329,5.84999854902879,208
"206",2018,10,5.63235294117647,34,5.95,5.17857142857143,5.75,6.08333333333333,5.53571428571429,20,14,2,6,28,5492,3220,2272,620,1191,4301,5.81917585579024,6.17990211180124,5.30793529929577,5.33496741935484,5.71525608732158,5.84795252266915,209
"207",2018,11,5.71891891891892,37,6.30952380952381,4.94375,4.33333333333333,5.25,5.80967741935484,21,16,3,6,31,5529,3241,2288,623,1197,4332,5.81850493760174,6.18074199321197,5.30538854895105,5.33014414125201,5.71292397660819,5.84767862419206,210
"208",2018,12,5.9577358490566,53,6.30714285714286,5.5664,5.66666666666667,6.5,5.90125,28,25,3,5,48,5582,3269,2313,626,1202,4380,5.81982690791831,6.18182465585806,5.30820968439256,5.33175686900958,5.71619800332779,5.84826570776256,211
"209",2019,1,6.10980392156863,51,6.24047619047619,5.5,4.33333333333333,6,6.12173913043478,42,9,3,5,46,5633,3311,2322,629,1207,4426,5.8224522989526,6.1825686499547,5.30895305770887,5.32699491255962,5.71737365368683,5.85110795300497,212
"210",2019,2,5.22727272727273,33,5.91052631578947,4.3,4.53333333333333,5.375,5.20689655172414,19,14,3,4,29,5666,3330,2336,632,1211,4455,5.81898584539358,6.18101645645645,5.30290625,5.32322753164557,5.71624277456647,5.8469144332211,213
"211",2019,3,5.59891304347826,46,6.06666666666667,4.93421052631579,2.5,4.41666666666667,5.77625,27,19,2,6,40,5712,3357,2355,634,1217,4495,5.81721355042017,6.18009675305332,5.29993163481953,5.3143214511041,5.70983566146261,5.84628560622914,214
"212",2019,4,5.76190476190476,21,6.75,4.44444444444444,4.5,4.66666666666667,5.94444444444444,12,9,2,3,18,5733,3369,2364,636,1220,4513,5.81701095412524,6.1821266844761,5.29667470389171,5.3117606918239,5.70727049180328,5.84667711056946,215
"213",2019,5,5.79454545454545,33,5.7688,5.875,5.5,4.33333333333333,5.94066666666667,25,8,2,3,30,5766,3394,2372,638,1223,4543,5.81688237946584,6.1790821449617,5.29862521079258,5.31235078369906,5.70390024529845,5.84729777679947,216
"214",2019,6,5.75,28,5.8125,5.66666666666667,6.66666666666667,7,5.54166666666667,16,12,3,4,24,5794,3410,2384,641,1227,4567,5.81655916465309,6.17736211143695,5.30047776845638,5.31868923556942,5.70812550937245,5.84569165754324,217
"215",2019,7,5.71463414634146,41,6.09310344827586,4.8,4.2,3.16666666666667,5.91578947368421,29,12,5,3,38,5835,3439,2396,646,1230,4605,5.81584298200514,6.17665158476301,5.29797120200334,5.3100306501548,5.70192682926829,5.84627009771987,218
"216",2019,8,5.97826086956522,46,5.93103448275862,6.05882352941176,5.8,6.75,5.81578947368421,29,17,5,8,38,5881,3468,2413,651,1238,4643,5.81711338207788,6.17459769319492,5.30333153750518,5.31379385560676,5.70869951534733,5.84602063321128,219
"217",2019,9,5.48611111111111,36,6.46875,4.7,4.5,3.83333333333333,5.81666666666667,16,20,6,6,30,5917,3484,2433,657,1244,4673,5.81509950988677,6.17594856486797,5.29837196876285,5.30636194824962,5.69965434083601,5.84583218489193,220
"218",2019,10,6.25,30,6.71428571428571,5.16666666666667,4.83333333333333,7.25,6.09615384615385,21,9,3,4,26,5947,3505,2442,660,1248,4699,5.81729339162603,6.17917398002853,5.29788656838657,5.30421181818182,5.7046233974359,5.84721723771015,221
"219",2019,11,5.64558823529412,34,5.62736842105263,5.66866666666667,6.33333333333333,6.765,5.575625,19,15,3,2,32,5981,3524,2457,663,1250,4731,5.81631730479853,6.17619886492622,5.30015018315018,5.30886847662142,5.70632,5.84538021559924,222
"220",2019,12,5.67276595744681,47,5.87928571428571,5.36842105263158,5.83333333333333,5.2,5.72904761904762,28,19,6,5,42,6028,3552,2476,669,1255,4773,5.81519804246848,6.17385833333333,5.30067407108239,5.31357219730941,5.70430278884462,5.84435654724492,223
"221",2020,1,5.77819042857143,70,6.26126976190476,5.05357142857143,4.38888888888889,6.35714285714286,5.71386238095238,42,28,9,7,63,6098,3594,2504,678,1262,4836,5.81477322564776,6.1748798358375,5.29791094249201,5.30129764011799,5.70792393026941,5.84265656120761,224
"222",2020,2,5.88214285714286,28,6.37894736842105,4.83333333333333,4.83333333333333,5.5,5.928,19,9,3,3,25,6126,3613,2513,681,1265,4861,5.81508115083252,6.17595298367008,5.29624711500199,5.29923612334801,5.70743083003953,5.84309548035383,225
"223",2020,3,5.89444444444444,45,6.16,5.5625,5.75,6.05555555555556,5.85416666666667,25,20,4,9,36,6171,3638,2533,685,1274,4897,5.81565988170475,6.17584335623969,5.29834938807738,5.30186832116788,5.70989010989011,5.84317686951194,226
"224",2020,4,5.84340586956522,46,6.37069458333333,5.26818181818182,5.6,6.28571428571429,5.76401717948718,24,22,10,7,39,6217,3662,2555,695,1281,4936,5.81586517612997,6.17712037138176,5.29808962818004,5.30615798561151,5.71303669008587,5.84255141815235,227
"225",2020,5,5.55434782608696,46,5.89583333333333,5.18181818181818,5.08333333333333,5.92857142857143,5.48717948717949,24,22,6,7,39,6263,3686,2577,701,1288,4975,5.81394440364043,6.17528887683125,5.29709701202949,5.30425078459344,5.71420807453416,5.8397655879397,228
"226",2020,6,5.95,43,6.05555555555556,5.771875,6.16666666666667,5.65,6.02941176470588,27,16,3,9,34,6306,3713,2593,704,1297,5009,5.8148721535046,6.17441820630218,5.30002661010413,5.30792585227272,5.71376252891288,5.84105286484328,229
"227",2020,7,6.11034482758621,29,6.085,6.16666666666667,6.83333333333333,7,6.04444444444444,20,9,3,2,27,6335,3733,2602,707,1299,5036,5.81622475138122,6.17393913742298,5.3030242121445,5.31439858557284,5.7157428791378,5.84214332803812,230
"228",2020,8,5.85833333333333,48,6.14814814814815,5.48571428571429,6.0625,6.28571428571429,5.78536585365854,27,21,8,7,41,6383,3760,2623,715,1306,5077,5.81654140686198,6.17375393617021,5.30448684712162,5.32276895104895,5.71879785604901,5.84168481386645,231
"229",2020,9,5.96625,48,6.11333333333333,5.85185185185185,6.27272727272727,5.5,5.99733333333333,21,27,11,3,45,6431,3781,2650,726,1309,5122,5.81765880889442,6.17341835493256,5.31006377358491,5.33716225895316,5.71829640947288,5.84305228426396,232
"230",2020,10,5.7452380952381,42,5.96818181818182,5.5,5.77777777777778,5.41666666666667,5.8,22,20,9,6,36,6473,3803,2670,735,1315,5158,5.81718890777074,6.17223108072574,5.31148651685393,5.3425575510204,5.71692015209126,5.84275180302443,233
"231",2020,11,5.81818181818182,44,6.0551724137931,5.36,4.45,5.625,5.8375,29,15,4,4,40,6517,3832,2685,739,1319,5198,5.81719561147768,6.17134519832985,5.31175754189944,5.33772638700947,5.71664139499621,5.84271138899576,234
"232",2020,12,5.69928571428571,70,6.16363636363636,5.28513513513514,5.025,5.85714285714286,5.68174603174603,33,37,10,7,63,6587,3865,2722,749,1326,5261,5.81594258387734,6.17127937904269,5.31139566495224,5.33355113484646,5.71738310708899,5.84078384337578,235
"233",2021,1,6.18590909090909,66,6.305,5.94772727272727,5,5.85,6.24589285714286,44,22,2,10,56,6653,3909,2744,751,1336,5317,5.81961277619119,6.17278454847787,5.31649744897959,5.33266284953395,5.71837574850299,5.84505055482415,236
"234",2021,2,6.13714191489362,47,6.46091965517241,5.6155,3.75,6.07142857142857,6.14864175,29,18,4,7,40,6700,3938,2762,755,1343,5357,5.82184021940299,6.17490641696292,5.31844605358436,5.3242778807947,5.72021593447506,5.84731742953145,237
"235",2021,3,5.84818181818182,44,6.074,5.36428571428571,5.18,5.75,5.858,30,14,5,4,40,6744,3968,2776,760,1347,5397,5.82201208036773,6.174143515625,5.3186772334294,5.32332868421052,5.72030438010394,5.8473966036687,238
"236",2021,4,5.81540733333333,45,6.31275347826087,5.29545454545455,5.08333333333333,4.75,5.91934951219512,23,22,6,4,41,6789,3991,2798,766,1351,5438,5.82196830166446,6.17494232022049,5.31849463902788,5.32144882506527,5.71743153219837,5.84793909525561,239
"237",2021,5,6.08783783783784,37,6.1875,5.77777777777778,5.625,6.4875,5.97758620689655,28,9,4,8,29,6826,4019,2807,770,1359,5467,5.82340943451509,6.17502980841005,5.31996722479516,5.32302571428571,5.7219646799117,5.84862681543808,240
"238",2021,6,6.31944444444444,36,7.21428571428571,5.06666666666667,4.5,6,6.33823529411765,21,15,2,2,34,6862,4040,2822,772,1361,5501,5.82601177499271,6.18043188118812,5.31862083628632,5.32089352331606,5.72237325495959,5.85165293582985,241
"239",2021,7,5.75828125,32,6.10392857142857,5.48944444444444,6,4,5.9401724137931,14,18,1,3,29,6894,4054,2840,773,1364,5530,5.82569738903394,6.18016768623581,5.31970352112676,5.32177205692109,5.71858504398827,5.85211714285714,242
"240",2021,8,6.13333333333333,36,6.248,5.87272727272727,4.66666666666667,7.5,6.05294117647059,25,11,3,2,34,6930,4079,2851,776,1366,5564,5.8272954978355,6.18058342731061,5.32183725008769,5.31923943298969,5.72119326500732,5.85334432063264,243
"241",2021,9,5.69142857142857,35,5.47619047619048,6.01428571428571,6.3,5.6,5.70666666666667,21,14,7,5,30,6965,4100,2865,783,1371,5594,5.82661274946159,6.17697556097561,5.32522094240838,5.32800740740741,5.72075127644056,5.85255770468359,244
"242",2021,10,5.75,38,5.9,5.46153846153846,4,5.66666666666667,5.75714285714286,25,13,2,3,35,7003,4125,2878,785,1374,5629,5.82619702984435,6.17529692121212,5.32583669214733,5.32462394904459,5.72063318777293,5.85196443418014,245
"243",2021,11,5.97142857142857,35,6.35714285714286,5.39285714285714,5,5,6.03030303030303,21,14,5,2,33,7038,4146,2892,790,1376,5662,5.82691926683717,6.1762179932465,5.32616113416321,5.32256936708861,5.71958575581396,5.8530038502296,246
"244",2021,12,5.54352941176471,51,5.64470588235294,5.34117647058823,4.58333333333333,5.75,5.516,34,17,6,6,45,7089,4180,2909,796,1382,5707,5.8248804909014,6.17189468899521,5.32624888277759,5.3169972361809,5.71971780028944,5.85034655685999,247
"245",2022,1,5.81445,80,6.23015,5.39875,5.9,6.1875,5.773,40,40,9,8,72,7169,4220,2949,805,1390,5779,5.8247640954108,6.17244687203791,5.32723228212954,5.32351527950311,5.72241007194245,5.84938290361654,248
"246",2022,2,6.28545454545455,44,6.48148148148148,5.97411764705882,6.212,6.14,6.3,27,17,5,4,40,7213,4247,2966,810,1394,5819,5.82757435186469,6.17441153755592,5.33093998651383,5.32899975308642,5.72360832137733,5.85248046056023,249
"247",2022,3,6.07142857142857,35,6.39473684210526,5.6875,4.5,6.2,6.05,19,16,1,5,30,7248,4266,2982,811,1399,5849,5.82875190397351,6.17539282700422,5.33285311871228,5.32797755856967,5.72531093638313,5.85349355445375,250
"248",2022,4,5.93333333333333,45,5.98333333333333,5.83333333333333,4.25,6.25,5.91860465116279,30,15,4,2,43,7293,4296,2997,815,1401,5892,5.8293972027972,6.17405162942272,5.33535802469136,5.32268687116564,5.72605995717345,5.85396873727087,251
"249",2022,5,6.12588659574468,47,6.56893954545455,5.736,6.125,6.8,6.045635,22,25,4,5,42,7340,4318,3022,819,1406,5934,5.83129570435967,6.17606356415007,5.33867240238253,5.32660537240537,5.72987908961593,5.85532532355915,252
"250",2022,6,5.65659090909091,44,6.296,4.81526315789474,5.25,5.5,5.67225,25,19,2,4,40,7384,4343,3041,821,1410,5974,5.83025466820152,6.17675396500115,5.33540217033871,5.32641875761267,5.72922695035461,5.85409950954134,253
"251",2022,7,5.74054054054054,37,5.97391304347826,5.35714285714286,6,5.6,5.7625,23,14,4,5,32,7421,4366,3055,825,1415,6006,5.82980736693168,6.17568540311498,5.33550180032734,5.32968460606061,5.7287703180212,5.85361146686647,254
"252",2022,8,5.71521739130435,46,5.77037037037037,5.63684210526316,5.8,5.25714285714286,5.7974358974359,27,19,5,7,39,7467,4393,3074,830,1422,6045,5.82910144234632,6.17319427953562,5.33736434612883,5.3325178313253,5.72644866385373,5.85324904383788,255
"253",2022,9,6.39591891891892,37,6.860375,5.53846153846154,3,6.10816666666667,6.45161290322581,24,13,3,6,31,7504,4417,3087,833,1428,6076,5.83189625133262,6.17692811184061,5.33821120829284,5.32411740696279,5.72805252100841,5.85630192067149,256
"254",2022,10,5.38044,25,5.35792857142857,5.40909090909091,5.66666666666667,6,5.354625,14,11,3,1,24,7529,4431,3098,836,1429,6100,5.8303971935184,6.17434043556759,5.33846287927696,5.3253466507177,5.72824282715186,5.85432810983606,257
"255",2022,11,5.82560975609756,41,6.06521739130435,5.51944444444444,5.5,5.16666666666667,5.87763157894737,23,18,4,3,38,7570,4454,3116,840,1432,6138,5.83037126420079,6.17377693533902,5.33950834403081,5.32617833333333,5.72706634078212,5.85447238025415,258
"256",2022,12,5.768,50,6.14230769230769,5.3625,5.25,5.775,5.76666666666667,26,24,4,8,42,7620,4480,3140,844,1440,6180,5.82996200393701,6.17359430133928,5.33968407643312,5.3258172985782,5.72733263888889,5.85387564239482,259
