"","year","month","avg_rating","no_ratings","avg_rating_owned","avg_rating_not_owned","avg_rating_prev_owned","avg_rating_comment","avg_rating_no_comment","no_ratings_owned","no_ratings_not_owned","no_ratings_prev_owned","no_ratings_comment","no_ratings_no_comment","cum_no_ratings","cum_no_ratings_owned","cum_no_ratings_not_owned","cum_no_ratings_prev_owned","cum_no_ratings_comment","cum_no_ratings_no_comment","cum_avg_rating","cum_avg_rating_owned","cum_avg_rating_not_owned","cum_avg_rating_prev_owned","cum_avg_rating_comment","cum_avg_rating_no_comment","month_after_release"
"1",2007,1,8,1,NA,8,NA,NA,8,0,1,0,0,1,1,0,1,0,0,1,8,NA,8,NA,NA,8,-4
"2",2007,2,8.5,4,9.5,7.5,9,9,8,2,2,1,2,2,5,2,3,1,2,3,8.4,9.5,7.66666666666667,9,9,8,-3
"3",2007,3,8,4,9.5,6.5,NA,5.5,8.83333333333333,2,2,0,1,3,9,4,5,1,3,6,8.22222222222222,9.5,7.2,9,7.83333333333333,8.41666666666667,-2
"4",2007,4,8,1,NA,8,NA,NA,8,0,1,0,0,1,10,4,6,1,3,7,8.2,9.5,7.33333333333333,9,7.83333333333333,8.35714285714286,-1
"5",2007,5,8,3,10,7,NA,7,10,1,2,0,2,1,13,5,8,1,5,8,8.15384615384615,9.6,7.25,9,7.5,8.5625,0
"6",2007,6,8.59642857142857,56,8.7925,8.10625,7.83333333333333,8.64545454545454,8.56470588235294,40,16,6,22,34,69,45,24,7,27,42,8.51304347826087,8.88222222222222,7.82083333333333,8,8.43333333333333,8.56428571428571,1
"7",2007,7,7.77678571428571,56,8.38709677419355,7.02,7.33333333333333,7.44444444444444,7.93421052631579,31,25,6,18,38,125,76,49,13,45,80,8.1832,8.68026315789474,7.41224489795918,7.69230769230769,8.03777777777778,8.265,2
"8",2007,8,8.09444444444444,36,8.14210526315789,8.04117647058824,8.8,8.12142857142857,8.07727272727273,19,17,5,14,22,161,95,66,18,59,102,8.16335403726708,8.57263157894737,7.57424242424242,8,8.05762711864407,8.22450980392157,3
"9",2007,9,7.49166666666667,30,8.04565217391304,5.67142857142857,7,7.80833333333333,7.28055555555556,23,7,1,12,18,191,118,73,19,71,120,8.05785340314136,8.46991525423729,7.39178082191781,7.94736842105263,8.01549295774648,8.08291666666667,4
"10",2007,10,7.6,32,7.98421052631579,7.03846153846154,8.125,7.3,7.73636363636364,19,13,4,10,22,223,137,86,23,81,142,7.99215246636771,8.40255474452555,7.33837209302326,7.97826086956522,7.92716049382716,8.02922535211268,5
"11",2007,11,7.37727272727273,44,8,6.04285714285714,8,8.06,7.17647058823529,30,14,1,10,34,267,167,100,24,91,176,7.89082397003745,8.33023952095808,7.157,7.97916666666667,7.94175824175824,7.86448863636364,6
"12",2007,12,7.67,30,8.07619047619048,6.72222222222222,6.25,7.41,7.8,21,9,4,10,20,297,188,109,28,101,196,7.86851851851852,8.30186170212766,7.12110091743119,7.73214285714286,7.88910891089109,7.85790816326531,7
"13",2008,1,7.52888888888889,45,8.09285714285714,6.6,6.75,7.03571428571429,7.75161290322581,28,17,4,14,31,342,216,126,32,115,227,7.82383040935673,8.27476851851852,7.05079365079365,7.609375,7.78521739130435,7.84339207048458,8
"14",2008,2,7.58222222222222,45,7.90344827586207,7,6.6,7.04166666666667,7.77878787878788,29,16,5,12,33,387,245,142,37,127,260,7.79573643410853,8.23081632653061,7.04507042253521,7.47297297297297,7.71496062992126,7.83519230769231,9
"15",2008,3,7.79677419354839,31,7.9875,7.14285714285714,7.5,7.15454545454545,8.15,24,7,2,11,20,418,269,149,39,138,280,7.79581339712919,8.20910780669145,7.0496644295302,7.47435897435897,7.67028985507247,7.85767857142857,10
"16",2008,4,7.84166666666667,24,7.98235294117647,7.5,7,8.5,7.5125,17,7,1,8,16,442,286,156,40,146,296,7.79830316742082,8.19562937062937,7.0698717948718,7.4625,7.71575342465754,7.83902027027027,11
"17",2008,5,7.84782608695652,23,7.97368421052632,7.25,NA,8,7.80555555555556,19,4,0,5,18,465,305,160,40,151,314,7.80075268817204,8.18180327868852,7.074375,7.4625,7.72516556291391,7.83710191082803,12
"18",2008,6,7.542,25,7.875,7.23461538461538,6.95,7.75,7.425,12,13,4,9,16,490,317,173,44,160,330,7.78755102040816,8.17018927444795,7.0864161849711,7.41590909090909,7.7265625,7.81712121212121,13
"19",2008,7,6.8345,40,7.23391304347826,6.29411764705882,7.25,6.54888888888889,7.06818181818182,23,17,6,18,22,530,340,190,50,178,352,7.71562264150944,8.10685294117647,7.01552631578947,7.396,7.60747191011236,7.7703125,14
"20",2008,8,7.19642857142857,28,7.55882352941176,6.63636363636364,7,7.5,6.93333333333333,17,11,2,13,15,558,357,201,52,191,367,7.68956989247312,8.08075630252101,6.99477611940299,7.38076923076923,7.60015706806283,7.73610354223433,15
"21",2008,9,7.29677419354839,31,7.8,6.88235294117647,6.83333333333333,6.95,7.46190476190476,14,17,9,10,21,589,371,218,61,201,388,7.66889643463498,8.07016172506738,6.98600917431193,7.3,7.56781094527363,7.72126288659794,16
"22",2008,10,6.97142857142857,35,7.58823529411765,6.38888888888889,6.6,6.5625,7.31578947368421,17,18,5,16,19,624,388,236,66,217,407,7.62977564102564,8.04904639175258,6.94046610169492,7.2469696969697,7.4936866359447,7.70233415233415,17
"23",2008,11,7.08666666666667,30,7.50588235294118,6.53846153846154,6.2,6.88461538461539,7.24117647058824,17,13,5,13,17,654,405,249,71,230,424,7.6048623853211,8.02624691358024,6.91947791164659,7.17323943661972,7.45926086956522,7.68384433962264,18
"24",2008,12,7.45384615384615,39,7.732,6.95714285714286,6.33333333333333,7.57272727272727,7.40714285714286,25,14,6,11,28,693,430,263,77,241,452,7.59636363636364,8.00913953488372,6.92148288973384,7.10779220779221,7.4644398340249,7.66670353982301,19
"25",2009,1,7.94489795918367,49,8.33125,7.21764705882353,7.28571428571429,8.21875,7.81212121212121,32,17,7,16,33,742,462,280,84,257,485,7.61938005390836,8.03145021645021,6.93946428571429,7.12261904761905,7.51140077821012,7.67659793814433,20
"26",2009,2,7.53545454545455,55,7.98225806451613,6.95833333333333,6.83333333333333,6.77272727272727,7.72613636363636,31,24,6,11,44,797,493,304,90,268,529,7.61358845671267,8.0283569979716,6.94095394736842,7.10333333333333,7.48108208955224,7.68071833648393,21
"27",2009,3,7.19761904761905,42,7.31739130434783,7.05263157894737,8,7.25,7.19210526315789,23,19,2,4,38,839,516,323,92,272,567,7.5927651966627,7.99666666666666,6.94752321981424,7.12282608695652,7.47768382352941,7.64797178130512,22
"28",2009,4,7.27,50,7.71739130434783,6.88888888888889,6.875,6.91666666666667,7.31818181818182,23,27,12,6,44,889,539,350,104,278,611,7.57461192350956,7.9847495361781,6.943,7.09423076923077,7.46557553956835,7.62422258592471,23
"29",2009,5,7.01777777777778,45,7.655,6.508,6.95833333333333,6.65625,7.09594594594595,20,25,6,8,37,934,559,375,110,286,648,7.54778372591007,7.97295169946332,6.914,7.08681818181818,7.44293706293706,7.59405864197531,24
"30",2009,6,7.41486486486486,37,7.794,6.625,8,7.50555555555556,7.38571428571429,25,12,3,9,28,971,584,387,113,295,676,7.54271884654995,7.96529109589041,6.90503875968992,7.11106194690265,7.44484745762712,7.58542899408284,25
"31",2009,7,6.98823529411765,34,7.38636363636364,6.25833333333333,6.33333333333333,6.90833333333333,7.03181818181818,22,12,6,12,22,1005,606,399,119,307,698,7.52396019900498,7.94427392739274,6.88558897243108,7.0718487394958,7.42387622149837,7.56797994269341,26
"32",2009,8,7.2741935483871,31,7.85714285714286,6.79411764705882,7.41666666666667,7.6875,7.1304347826087,14,17,6,8,23,1036,620,416,125,315,721,7.51648648648649,7.9423064516129,6.88185096153846,7.0884,7.43057142857143,7.55402219140083,27
"33",2009,9,6.97083333333333,48,7.45416666666667,6.4875,6.55384615384615,6.77368421052632,7.1,24,24,13,19,29,1084,644,440,138,334,750,7.49232472324723,7.9241149068323,6.86034090909091,7.03804347826087,7.39320359281437,7.53646666666667,28
"34",2009,10,7.30416666666667,48,7.83928571428571,6.555,6.87142857142857,7.21666666666667,7.33333333333333,28,20,7,12,36,1132,672,460,145,346,786,7.48434628975265,7.92058035714286,6.8470652173913,7.03,7.38708092485549,7.52716284987277,29
"35",2009,11,6.9,42,7.32352941176471,6.612,6.7,6.875,6.91,17,25,10,12,30,1174,689,485,155,358,816,7.46344122657581,7.90584905660377,6.83494845360825,7.00870967741935,7.36991620111732,7.50447303921569,30
"36",2009,12,6.74651162790698,43,7.84,6.16071428571429,5.96875,6.15,6.97741935483871,15,28,16,12,31,1217,704,513,171,370,847,7.43811010682005,7.90444602272727,6.79814814814815,6.91140350877193,7.33035135135135,7.48518299881936,31
"37",2010,1,7.186,50,7.82903225806452,6.13684210526316,7,6.38888888888889,7.3609756097561,31,19,7,9,41,1267,735,532,178,379,888,7.42816101026046,7.90126530612245,6.77453007518797,6.91488764044944,7.30799472295515,7.4794481981982,32
"38",2010,2,7.26964285714286,28,7.91666666666667,6.784375,7.18571428571429,7.97777777777778,6.93421052631579,12,16,7,9,19,1295,747,548,185,388,907,7.42473359073359,7.90151271753681,6.77481751824817,6.92513513513513,7.32353092783505,7.46802646085998,33
"39",2010,3,6.90625,32,7.41176470588235,6.33333333333333,5.6,5.5,7.23076923076923,17,15,5,6,26,1327,764,563,190,394,933,7.41223059532781,7.89061518324607,6.76305506216696,6.89026315789474,7.2957614213198,7.46141479099679,34
"40",2010,4,7.10714285714286,28,7.40625,6.70833333333333,6.6875,5.5,7.375,16,12,8,4,24,1355,780,575,198,398,957,7.40592619926199,7.88067948717948,6.76191304347826,6.88207070707071,7.2777135678392,7.45924764890282,35
"41",2010,5,7.84074074074074,27,8.18823529411765,7.25,7,8,7.82083333333333,17,10,2,3,24,1382,797,585,200,401,981,7.41442112879884,7.88723964868256,6.77025641025641,6.88325,7.28311720698255,7.46809378185525,36
"42",2010,6,6.79583333333333,24,7.50714285714286,5.8,6,7.72,6.55263157894737,14,10,5,5,19,1406,811,595,205,406,1000,7.40386201991465,7.88067817509248,6.75394957983193,6.86170731707317,7.28849753694581,7.4507,37
"43",2010,7,7.46153846153846,26,7.84375,6.85,8,6.75,7.59090909090909,16,10,5,4,22,1432,827,605,210,410,1022,7.4049092178771,7.87996372430471,6.75553719008264,6.88880952380952,7.28324390243903,7.45371819960861,38
"44",2010,8,7.03793103448276,29,7.35294117647059,6.59166666666667,7.22,6.14285714285714,7.32272727272727,17,12,5,7,22,1461,844,617,215,417,1044,7.39762491444216,7.86934834123223,6.75235008103728,6.89651162790698,7.26410071942446,7.45095785440613,39
"45",2010,9,7.16363636363636,22,8.15,6.34166666666667,6.5,7.69,6.725,10,12,5,10,12,1483,854,629,220,427,1056,7.39415374241403,7.87263466042154,6.74451510333863,6.8875,7.27407494145199,7.44270833333333,40
"46",2010,10,6.95185185185185,27,7.35625,6.36363636363636,6.14285714285714,6.28571428571429,7.185,16,11,7,7,20,1510,870,640,227,434,1076,7.38624503311259,7.86313793103448,6.73796875,6.86453744493392,7.258133640553,7.43791821561338,41
"47",2010,11,7.1,33,7.77222222222222,6.29333333333333,7.25,7.28571428571429,7.05,18,15,4,7,26,1543,888,655,231,441,1102,7.3801231367466,7.86129504504504,6.72778625954198,6.87121212121212,7.25857142857143,7.42876588021779,42
"48",2010,12,7.11,50,7.6875,6.375,5.33333333333333,6.725,7.20625,28,22,3,10,40,1593,916,677,234,451,1142,7.371644695543,7.85598253275109,6.71632200886263,6.85149572649573,7.24674057649668,7.42097197898424,43
"49",2011,1,7.34257142857143,35,7.28409090909091,7.44153846153846,7.3,7.125,7.40703703703704,22,13,5,8,27,1628,938,690,239,459,1169,7.37101965601966,7.84256929637526,6.72998550724637,6.86087866108786,7.24461873638344,7.4206501283148,44
"50",2011,2,7.15315789473684,19,7.7425,6.14285714285714,7,7.2525,7.12666666666667,12,7,3,4,15,1647,950,697,242,463,1184,7.36850637522769,7.84130526315789,6.72408895265423,6.86260330578512,7.244686825054,7.41692567567568,45
"51",2011,3,6.79318181818182,44,7.42727272727273,6.15909090909091,6.66666666666667,6.65454545454545,6.83939393939394,22,22,6,11,33,1691,972,719,248,474,1217,7.35353636901242,7.8319341563786,6.70680111265647,6.85786290322581,7.23099156118144,7.40126540673788,46
"52",2011,4,7.348,25,8.47692307692308,6.125,6.35714285714286,7,7.51176470588235,13,12,7,8,17,1716,985,731,255,482,1234,7.35345571095571,7.84044670050761,6.69725034199726,6.84411764705882,7.22715767634855,7.40278768233387,47
"53",2011,5,6.682,25,7.31666666666667,5.73,6.5,7.0125,6.61904761904762,15,10,3,4,21,1741,1000,741,258,486,1255,7.34381390005744,7.83259,6.68419703103913,6.84011627906977,7.22539094650206,7.38967330677291,48
"54",2011,6,6.71052631578947,19,7.22222222222222,6.25,6.16666666666667,6.85714285714286,6.625,9,10,3,7,12,1760,1009,751,261,493,1267,7.33697727272727,7.82714568880079,6.6784154460719,6.8323754789272,7.22016227180528,7.38243093922652,49
"55",2011,7,6.62826086956522,23,7.63333333333333,5.98214285714286,6.33333333333333,7,6.465625,9,14,6,7,16,1783,1018,765,267,500,1283,7.32783510936624,7.82543222003929,6.66567320261438,6.82116104868914,7.21708,7.37099766173032,50
"56",2011,8,7.45833333333333,36,7.59545454545455,7.24285714285714,7.66666666666667,7.92857142857143,7.3448275862069,22,14,3,7,29,1819,1040,779,270,507,1312,7.33041781198461,7.82056730769231,6.67604621309371,6.83055555555555,7.2269033530572,7.37041920731707,51
"57",2011,9,7.04545454545455,22,7.125,7,7.32857142857143,6.75,7.11111111111111,8,14,7,4,18,1841,1048,793,277,511,1330,7.32701249321021,7.81525763358778,6.68176544766709,6.84314079422383,7.22317025440313,7.36690977443609,52
"58",2011,10,7.43,30,7.75,6.95,7.83333333333333,7.57142857142857,7.38695652173913,18,12,3,7,23,1871,1066,805,280,518,1353,7.3286638161411,7.81415572232645,6.68576397515528,6.85375,7.22787644787645,7.36725055432373,53
"59",2011,11,6.68461538461538,26,7.13846153846154,6.23076923076923,6.5,6.85714285714286,6.62105263157895,13,13,5,7,19,1897,1079,818,285,525,1372,7.31983658408013,7.80601482854495,6.67853300733496,6.84754385964912,7.22293333333334,7.35691690962099,54
"60",2011,12,7.08965517241379,29,7.145,6.96666666666667,7.14,6.73333333333333,7.13076923076923,20,9,5,3,26,1926,1099,827,290,528,1398,7.3163707165109,7.79398544131028,6.68166868198307,6.85258620689655,7.22015151515152,7.35271101573677,55
"61",2012,1,7.08870967741935,31,7.765625,6.36666666666667,6.25,6.4375,7.31521739130435,16,15,4,8,23,1957,1115,842,294,536,1421,7.31276443536025,7.79357847533632,6.67605700712589,6.84438775510204,7.20847014925373,7.35210415200563,56
"62",2012,2,7.32380952380952,21,7.7,6.38333333333333,8.3,7.075,7.38235294117647,15,6,1,4,17,1978,1130,848,295,540,1438,7.31288169868554,7.79233628318584,6.6739858490566,6.8493220338983,7.20748148148148,7.35246175243394,57
"63",2012,3,7.01818181818182,22,7.30909090909091,6.72727272727273,6.4,6.57142857142857,7.22666666666667,11,11,5,7,15,2000,1141,859,300,547,1453,7.30964,7.78767747589833,6.67466821885914,6.84183333333333,7.19934186471664,7.35116311080523,58
"64",2012,4,7.31578947368421,19,7.49230769230769,6.93333333333333,7.36666666666667,7.275,7.32666666666667,13,6,3,4,15,2019,1154,865,303,551,1468,7.30969787023279,7.78435008665511,6.67646242774566,6.8470297029703,7.19989110707804,7.35091280653951,59
"65",2012,5,7.78571428571429,21,8.03846153846154,7.375,6.75,7.16666666666667,8.03333333333333,13,8,2,6,15,2040,1167,873,305,557,1483,7.31459803921569,7.78718080548414,6.6828636884307,6.84639344262295,7.19953321364452,7.35781523937964,60
"66",2012,6,7.53653846153846,26,7.92307692307692,7.15,6.95,7.91666666666667,7.4225,13,13,5,6,20,2066,1180,886,310,563,1503,7.31739109390126,7.78867796610169,6.68971783295711,6.84806451612903,7.20717584369449,7.35867598137059,61
"67",2012,7,6.9788,25,7.3,6.497,6.26666666666667,7.1,6.9485,15,10,6,5,20,2091,1195,896,316,568,1523,7.31334289813486,7.78254393305439,6.68756696428571,6.8370253164557,7.2062323943662,7.35328956007879,62
"68",2012,8,7.5075,20,7.52857142857143,7.45833333333333,7,6.66666666666667,7.65588235294118,14,6,2,3,17,2111,1209,902,318,571,1540,7.3151823780199,7.77960297766749,6.69269401330377,6.83805031446541,7.20339754816112,7.35662987012987,63
"69",2012,9,7.1,20,7.625,5,3,7,7.14285714285714,16,4,1,6,14,2131,1225,906,319,577,1554,7.31316283435007,7.77758367346938,6.68522075055188,6.82601880877743,7.20128249566724,7.35470398970399,64
"70",2012,10,7.28333333333333,18,7.46428571428571,6.65,6.33333333333333,NA,7.28333333333333,14,4,3,0,18,2149,1239,910,322,577,1572,7.31291298278269,7.77404358353511,6.68506593406593,6.82142857142857,7.20128249566724,7.35388676844784,65
"71",2012,11,6.554,25,7.95,5.62333333333333,5.975,6.625,6.54047619047619,10,15,6,4,21,2174,1249,925,328,581,1593,7.3041858325667,7.77545236188951,6.66784864864865,6.80594512195122,7.19731497418244,7.34316384180791,66
"72",2012,12,7.3448275862069,29,7.76470588235294,6.75,7,7.08333333333333,7.41304347826087,17,12,5,6,23,2203,1266,937,333,587,1616,7.30472083522469,7.77530805687203,6.6689007470651,6.80885885885886,7.19614991482112,7.34415841584158,67
"73",2013,1,6.79166666666667,24,7.70833333333333,5.875,5.5,6.8,6.78571428571429,12,12,2,10,14,2227,1278,949,335,597,1630,7.29919173776381,7.77467918622848,6.65886195995785,6.8010447761194,7.18951423785595,7.33936196319018,68
"74",2013,2,6.67878787878788,33,6.72,6.61538461538461,6.9375,7.43333333333333,6.51111111111111,20,13,8,6,27,2260,1298,962,343,603,1657,7.29013274336283,7.7584283513097,6.65827442827443,6.80422740524781,7.19194029850746,7.32586602293301,69
"75",2013,3,6.89705882352941,17,6.41666666666667,7.4375,7.5,7.83333333333333,6.69642857142857,9,8,4,3,14,2277,1307,970,347,606,1671,7.28719806763285,7.74918898240244,6.66470103092783,6.81224783861671,7.19511551155115,7.32059245960503,70
"76",2013,4,7.275,20,7.40909090909091,7.11111111111111,6.75,6.33333333333333,7.44117647058824,11,9,4,3,17,2297,1318,979,351,609,1688,7.28709185894645,7.74635053110774,6.66880490296221,6.81153846153846,7.19087027914614,7.32180687203791,71
"77",2013,5,7.26521739130435,23,7.45833333333333,7.05454545454545,7.525,6.125,7.50526315789474,12,11,4,4,19,2320,1330,990,355,613,1707,7.286875,7.74375187969924,6.67309090909091,6.81957746478873,7.18391517128874,7.32384885764499,72
"78",2013,6,7.17678571428571,28,7.71,5.84375,6,6,7.43260869565217,20,8,4,5,23,2348,1350,998,359,618,1730,7.28556218057922,7.74325185185185,6.66644288577154,6.81044568245125,7.17433656957929,7.32529479768786,73
"79",2013,7,7.09090909090909,22,7.40909090909091,6.77272727272727,6.41666666666667,7.25,7.05555555555556,11,11,6,4,18,2370,1361,1009,365,622,1748,7.2837552742616,7.74055106539309,6.66760158572844,6.80397260273972,7.1748231511254,7.3225171624714,74
"80",2013,8,7.3,19,7.63076923076923,6.58333333333333,6.16666666666667,8.33333333333333,7.10625,13,6,3,3,16,2389,1374,1015,368,625,1764,7.28388447048975,7.73951237263464,6.66710344827586,6.79877717391304,7.180384,7.32055555555556,75
"81",2013,9,7.30769230769231,26,7.92857142857143,6.58333333333333,6.55555555555556,6.44444444444444,7.76470588235294,14,12,9,9,17,2415,1388,1027,377,634,1781,7.28414078674948,7.74141930835735,6.66612463485881,6.79297082228117,7.16993690851735,7.32479505895564,76
"82",2013,10,7.375,8,7.66666666666667,6.5,NA,7,7.42857142857143,6,2,0,1,7,2423,1394,1029,377,635,1788,7.28444077589765,7.74109756097561,6.66580174927114,6.79297082228117,7.16966929133858,7.32520134228188,77
"83",2013,11,6.59166666666667,30,7.18333333333333,6,6,5.9,6.73,15,15,7,5,25,2453,1409,1044,384,640,1813,7.27596820220139,7.73515968772179,6.65623563218391,6.778515625,7.15975,7.31699393270822,78
"84",2013,12,7.42727272727273,22,7.80909090909091,7.04545454545455,6.83333333333333,7.9,7.28823529411765,11,11,3,5,17,2475,1420,1055,387,645,1830,7.27731313131313,7.73573239436619,6.66029383886256,6.77894056847545,7.16548837209302,7.31672677595628,79
"85",2014,1,7.30555555555556,18,7.5,7.0625,6.33333333333333,9.5,7.17647058823529,10,8,3,1,17,2493,1430,1063,390,646,1847,7.27751704773365,7.73408391608391,6.66332079021637,6.77551282051282,7.16910216718266,7.31543584190579,80
"86",2014,2,6.7741935483871,31,7.12,6.14545454545455,6.76666666666667,7.1,6.67916666666667,20,11,6,7,24,2524,1450,1074,396,653,1871,7.2713351822504,7.72561379310345,6.65801675977654,6.77537878787879,7.16836140888208,7.30727418492785,81
"87",2014,3,7.04444444444444,18,7.625,5.88333333333333,6.5,5.9,7.48461538461538,12,6,4,5,13,2542,1462,1080,400,658,1884,7.26972856018883,7.7247879616963,6.65371296296296,6.772625,7.15872340425532,7.30849787685775,82
"88",2014,4,7.45454545454545,11,7.5,7.33333333333333,NA,7.5,7.44444444444444,8,3,0,2,9,2553,1470,1083,400,660,1893,7.27052487269879,7.72356462585034,6.65559556786704,6.772625,7.15975757575757,7.3091442155309,83
"89",2014,5,7.36703703703704,27,7.66111111111111,6.77888888888889,8,6.63333333333333,7.45875,18,9,2,3,24,2580,1488,1092,402,663,1917,7.27153488372093,7.72280913978494,6.65661172161172,6.77873134328358,7.15737556561086,7.3110172143975,84
"90",2014,6,7.50714285714286,14,7.67777777777778,7.2,7.5,7.85,7.25,9,5,1,6,8,2594,1497,1097,403,669,1925,7.27280647648419,7.72253841015364,6.65908842297174,6.78052109181141,7.16358744394619,7.31076363636364,85
"91",2014,7,7.05263157894737,19,7.375,6.81818181818182,6.9,7,7.05882352941176,8,11,5,2,17,2613,1505,1108,408,671,1942,7.271205510907,7.72069102990033,6.6606678700361,6.78198529411765,7.1630998509687,7.30855818743563,86
"92",2014,8,6.69285714285714,7,6.5,6.8375,6.5,NA,6.69285714285714,3,4,2,0,7,2620,1508,1112,410,671,1949,7.26966030534351,7.71826259946949,6.66130395683453,6.78060975609756,7.1630998509687,7.30634684453566,87
"93",2014,9,7,15,7.5,6.25,5.25,6.5,7.18181818181818,9,6,2,4,11,2635,1517,1118,412,675,1960,7.26812523719165,7.71696769940672,6.65909660107335,6.77317961165048,7.15917037037037,7.30564795918367,88
"94",2014,10,7.135,20,7.13928571428571,7.125,6,6.91666666666667,7.17352941176471,14,6,1,3,17,2655,1531,1124,413,678,1977,7.26712241054614,7.71168517308948,6.66158362989324,6.77130750605327,7.15809734513274,7.30451188669702,89
"95",2014,11,7.73571428571429,14,7.84545454545455,7.33333333333333,7.33333333333333,8,7.66363636363636,11,3,3,3,11,2669,1542,1127,416,681,1988,7.26958036717872,7.71263942931258,6.66337178349601,6.77536057692308,7.16180616740088,7.30649899396378,90
"96",2014,12,6.78461538461538,13,6.7,6.8375,6.725,6.9,6.75,5,8,4,3,10,2682,1547,1135,420,684,1998,7.26722967934377,7.7093665158371,6.66459911894273,6.77488095238095,7.16065789473684,7.30371371371371,91
"97",2015,1,6.81481481481481,27,7.39285714285714,6.19230769230769,6.25,5,7.1304347826087,14,13,6,4,23,2709,1561,1148,426,688,2021,7.26272056109265,7.70652786675208,6.65925087108014,6.7674882629108,7.14809593023256,7.30174171202375,92
"98",2015,2,7.42,20,7.54,7.3,7.2,7.125,7.49375,10,10,5,4,16,2729,1571,1158,431,692,2037,7.26387321363137,7.70546785486951,6.66478411053541,6.77250580046404,7.14796242774566,7.3032498772705,93
"99",2015,3,7.20555555555556,18,7.79166666666667,6.03333333333333,6.33333333333333,7.25,7.19285714285714,12,6,3,4,14,2747,1583,1164,434,696,2051,7.26349108117947,7.70612128869235,6.66152920962199,6.76947004608295,7.14854885057471,7.3024963432472,94
"100",2015,4,7.65384615384615,13,7.5,8,9,8.5,7.5,9,4,1,2,11,2760,1592,1168,435,698,2062,7.26532971014493,7.70495603015075,6.66611301369863,6.77459770114942,7.15242120343839,7.30354995150339,95
"101",2015,5,7.82333333333333,15,8.25909090909091,6.625,7.25,8,7.79615384615385,11,4,2,2,13,2775,1603,1172,437,700,2075,7.26834594594595,7.70875857766687,6.66597269624573,6.77677345537757,7.15484285714286,7.30663614457831,96
"102",2015,6,6.86875,16,7.19,6.33333333333333,6.75,6.43333333333333,6.96923076923077,10,6,2,3,13,2791,1613,1178,439,703,2088,7.26605517735579,7.70554246745195,6.66427843803056,6.77665148063781,7.15176386913229,7.30453544061303,97
"103",2015,7,6.88846153846154,13,8.23571428571429,5.31666666666667,5.25,5.78,7.58125,7,6,4,5,8,2804,1620,1184,443,708,2096,7.26430456490728,7.70783333333333,6.65744932432432,6.76286681715575,7.14207627118644,7.30559160305344,98
"104",2015,8,6.88733333333333,15,7.181,6.3,7.33333333333333,5,7.02214285714286,10,5,3,1,14,2819,1630,1189,446,709,2110,7.26229868747783,7.70460122699386,6.65594617325484,6.76670403587444,7.13905500705219,7.30371090047393,99
"105",2015,9,7.35714285714286,14,7.625,7,7.33333333333333,7.9,7.05555555555556,8,6,3,5,9,2833,1638,1195,449,714,2119,7.26276738439817,7.70421245421245,6.65767364016736,6.77048997772828,7.1443837535014,7.30265691363851,100
"106",2015,10,6.86363636363636,11,7.07142857142857,6.5,6.66666666666667,6.25,7,7,4,3,2,9,2844,1645,1199,452,716,2128,7.26122362869198,7.7015197568389,6.65714762301918,6.76980088495575,7.14188547486033,7.30137687969925,101
"107",2015,11,7.14285714285714,21,7.32,6.7,6.06666666666667,6.78333333333333,7.28666666666667,15,6,3,6,15,2865,1660,1205,455,722,2143,7.26035602094241,7.69807228915662,6.65736099585062,6.76516483516483,7.13890581717451,7.30127391507233,102
"108",2015,12,7.01578947368421,19,7.44615384615385,6.08333333333333,5.33333333333333,7.66666666666667,6.89375,13,6,3,3,16,2884,1673,1211,458,725,2159,7.25874479889043,7.69611476389719,6.65451692815855,6.75578602620087,7.14108965517241,7.29825382121352,103
"109",2016,1,6.92,15,7.18181818181818,6.2,5.5,5.5,7.13846153846154,11,4,2,2,13,2899,1684,1215,460,727,2172,7.25699206622973,7.69275534441805,6.65302057613169,6.75032608695652,7.1365749656121,7.29729742173112,104
"110",2016,2,6.84166666666667,12,7.76666666666667,5.91666666666667,6,5.5,7.11,6,6,4,2,10,2911,1690,1221,464,729,2182,7.25527997251803,7.69301775147929,6.64940212940213,6.74385775862069,7.13208504801097,7.2964390467461,105
"111",2016,3,7.296875,16,7.33333333333333,7.25,7.75,7.5,7.26785714285714,9,7,4,2,14,2927,1699,1228,468,731,2196,7.25550734540485,7.69111241907004,6.65282573289902,6.75245726495726,7.13309165526676,7.29625683060109,106
"112",2016,4,7,15,7.5,6.42857142857143,5.66666666666667,6.25,7.27272727272727,8,7,3,4,11,2942,1707,1235,471,735,2207,7.25420462270564,7.69021675454012,6.65155465587045,6.74554140127388,7.12828571428571,7.29613955595831,107
"113",2016,5,7.84615384615385,13,8,7,NA,7,7.91666666666667,11,2,0,1,12,2955,1718,1237,471,736,2219,7.25680879864636,7.69220023282887,6.65211802748585,6.74554140127388,7.12811141304348,7.2994952681388,108
"114",2016,6,6.7,9,5.91666666666667,8.26666666666667,NA,5,6.9125,6,3,0,1,8,2964,1724,1240,471,737,2227,7.25511808367071,7.68602088167053,6.65602419354839,6.74554140127388,7.12522388059701,7.2981050740907,109
"115",2016,7,8.01928571428572,14,8.46714285714286,7.57142857142857,7.4,6.5,8.2725,7,7,5,2,12,2978,1731,1247,476,739,2239,7.25871054398925,7.68917966493356,6.66116279069768,6.75241596638655,7.12353179972936,7.30332737829388,110
"116",2016,8,6.88461538461539,13,7.05,6.33333333333333,5,5,7.04166666666667,10,3,1,1,12,2991,1741,1250,477,740,2251,7.25708458709462,7.68550832854681,6.660376,6.74874213836478,7.12066216216216,7.3019324744558,111
"117",2016,9,7,10,7.33333333333333,6.5,7,7,7,6,4,1,1,9,3001,1747,1254,478,741,2260,7.25622792402532,7.68429879793932,6.6598644338118,6.74926778242678,7.12049932523617,7.30073008849557,112
"118",2016,10,7.40625,16,7.40909090909091,7.4,6.75,5.16666666666667,7.92307692307692,11,5,4,3,13,3017,1758,1259,482,744,2273,7.25702353331124,7.68257679180887,6.66280381254964,6.74927385892116,7.11262096774193,7.30428948526177,113
"119",2016,11,6.87,10,7.61666666666667,5.75,7,7.1,6.8125,6,4,1,2,8,3027,1764,1263,483,746,2281,7.25574496200859,7.68235260770975,6.65991290577989,6.74979296066252,7.11258713136729,7.30256466462078,114
"120",2016,12,6.82352941176471,17,6.83333333333333,6.8,5,6,6.875,12,5,2,1,16,3044,1776,1268,485,747,2297,7.25333114323259,7.67661599099099,6.66046529968454,6.74257731958763,7.11109772423025,7.29958641706574,115
"121",2017,1,6.53571428571429,21,6.94642857142857,5.71428571428571,6,7.0625,6.41176470588235,14,7,1,4,17,3065,1790,1275,486,751,2314,7.24841435562806,7.67090502793296,6.65527058823529,6.74104938271605,7.11083888149134,7.2930639585134,116
"122",2017,2,6.76923076923077,13,7.85714285714286,5.5,5.5,6.33333333333333,6.9,7,6,2,3,10,3078,1797,1281,488,754,2324,7.24639051332034,7.67163049526989,6.64985948477752,6.7359631147541,7.10774535809018,7.29137263339071,117
"123",2017,3,6.87857142857143,14,7.7,5.4,5.5,5.76,7.5,9,5,2,5,9,3092,1806,1286,490,759,2333,7.24472509702458,7.67177187153931,6.645,6.73091836734694,7.09886693017128,7.29217745392199,118
"124",2017,4,6.58823529411765,17,7.33333333333333,4.8,4.5,6.25,6.69230769230769,12,5,4,4,13,3109,1818,1291,494,763,2346,7.24113541331618,7.66953795379538,6.63785437645236,6.71285425101214,7.09441677588466,7.28885336743393,119
"125",2017,5,6.41666666666667,12,7.25,4.75,4.33333333333333,3.5,7,8,4,3,2,10,3121,1826,1295,497,765,2356,7.2379653957065,7.66769989047097,6.63202316602317,6.69849094567404,7.08501960784314,7.28762733446519,120
"126",2017,6,7.3,15,7.78571428571429,6.875,7.5,7.5,7.26923076923077,7,8,4,2,13,3136,1833,1303,501,767,2369,7.23826211734694,7.66815057283142,6.63351496546431,6.70489021956088,7.08610169491525,7.28752638243985,121
"127",2017,7,6.84375,16,7.5,6,6.33333333333333,6.5,7.05,9,7,3,6,10,3152,1842,1310,504,773,2379,7.2362595177665,7.66732899022801,6.63012977099237,6.70267857142857,7.08155239327296,7.28652795292139,122
"128",2017,8,7.56923076923077,13,8.16666666666667,7.05714285714286,6.5,7.5,7.58181818181818,6,7,2,2,11,3165,1848,1317,506,775,2390,7.23762717219589,7.66895021645021,6.63239939255885,6.70187747035573,7.08263225806451,7.2878870292887,123
"129",2017,9,7.03846153846154,13,7.66666666666667,6.5,7,7.5,6.95454545454545,6,7,2,2,11,3178,1854,1324,508,777,2401,7.23681246066709,7.66894282632146,6.63169939577039,6.70305118110236,7.08370656370656,7.28635985006247,124
"130",2017,10,7.05555555555556,9,7.6,6.375,7,7,7.0625,5,4,1,1,8,3187,1859,1328,509,778,2409,7.23630059617195,7.6687573964497,6.63092620481928,6.70363457760314,7.08359897172236,7.28561643835616,125
"131",2017,11,7.14705882352941,17,7.55,6.57142857142857,6.33333333333333,7.33333333333333,7.10714285714286,10,7,3,3,14,3204,1869,1335,512,781,2423,7.23582709113608,7.66812199036918,6.63061423220974,6.70146484375,7.08455825864276,7.28458522492777,126
"132",2017,12,7.22588235294118,17,7.05,7.47714285714286,6.5,6,7.38933333333333,10,7,1,2,15,3221,1879,1342,513,783,2438,7.2357746041602,7.66483235763704,6.63502980625932,6.70107212475633,7.08178799489144,7.28522969647252,127
"133",2018,1,7.36666666666667,15,8.05,6,5.5,NA,7.36666666666667,10,5,2,0,15,3236,1889,1347,515,783,2453,7.23638133498146,7.6668713605082,6.63267260579065,6.69640776699029,7.08178799489144,7.28572768039136,128
"134",2018,2,7.49,10,7.33333333333333,8.9,NA,7.96666666666667,7.28571428571429,9,1,0,3,7,3246,1898,1348,515,786,2460,7.23716266173752,7.66528977871443,6.63435459940653,6.69640776699029,7.08516539440203,7.28572764227642,129
"135",2018,3,6.75,8,6.58333333333333,7.25,NA,6.75,6.75,6,2,0,2,6,3254,1904,1350,515,788,2466,7.23596496619545,7.66188025210084,6.63526666666667,6.69640776699029,7.08431472081218,7.28442416869424,130
"136",2018,4,6.82142857142857,14,7.35,5.5,3,8,6.625,10,4,1,2,12,3268,1914,1354,516,790,2478,7.23418910648715,7.66025078369906,6.63191285081241,6.68924418604651,7.0866329113924,7.28123083131558,131
"137",2018,5,7.18256384615385,13,6.80476142857143,7.62333333333333,6.5,7.46666666666667,7.097333,7,6,2,3,10,3281,1921,1360,518,793,2488,7.23398455653764,7.65713343571056,6.63628676470588,6.68851351351351,7.08807061790668,7.28049169212219,132
"138",2018,6,7,5,7.5,6.66666666666667,6,NA,7,2,3,1,0,5,3286,1923,1363,519,793,2493,7.23362852404139,7.65697001040041,6.63635363169479,6.68718689788054,7.08807061790668,7.27992913357401,133
"139",2018,7,7.9,10,8,7.66666666666667,NA,7,8,7,3,0,1,9,3296,1930,1366,519,794,2502,7.23565028216019,7.65821416062176,6.63861639824305,6.68718689788054,7.087959697733,7.28251931654676,134
"140",2018,8,6.77777777777778,9,6.875,6,NA,7,6.66666666666667,8,1,0,3,6,3305,1938,1367,519,797,2508,7.23440342813918,7.65498107843137,6.63814923189466,6.68718689788054,7.08762860727729,7.28104598484849,135
"141",2018,9,5.9625,8,7.34,3.66666666666667,4,1,6.67142857142857,5,3,1,1,7,3313,1943,1370,520,798,2515,7.23133212496227,7.6541705249614,6.63164233576642,6.68201923076923,7.08,7.27934923658052,136
"142",2018,10,6.4,10,7,6.25,7.125,6.5,6.38888888888889,2,8,4,1,9,3323,1945,1378,524,799,2524,7.22883037315679,7.65349785604113,6.6294267053701,6.68540076335878,7.07927409261577,7.27617406101426,137
"143",2018,11,6.94285714285714,14,6.97,6.875,7,6.73333333333333,7,10,4,1,3,11,3337,1955,1382,525,802,2535,7.22763060533413,7.65000170332481,6.63013748191028,6.686,7.07798004987531,7.27497567258383,138
"144",2018,12,7.29166666666667,12,7.27777777777778,7.33333333333333,6,8.5,7.05,9,3,1,2,10,3349,1964,1385,526,804,2545,7.22786005673335,7.64829599287169,6.6316606498195,6.68469581749049,7.08151741293532,7.27409168172888,139
"145",2019,1,6.625,12,6.9,6.42857142857143,5.75,5,6.77272727272727,5,7,4,1,11,3361,1969,1392,530,805,2556,7.22570762570664,7.64639579989842,6.63063936781609,6.67764150943396,7.07893167701863,7.27193401017214,140
"146",2019,2,6.3125,8,7.1,5,5,5,6.5,5,3,1,1,7,3369,1974,1395,531,806,2563,7.22353913030573,7.64501181864235,6.62713261648746,6.67448210922787,7.0763523573201,7.26982572376122,141
"147",2019,3,6.58333333333333,6,6.5,6.625,6,NA,6.58333333333333,2,4,2,0,6,3375,1976,1399,533,806,2569,7.22240098666667,7.64385289979757,6.6271265189421,6.67195121951219,7.0763523573201,7.2682223939276,142
"148",2019,4,7.45,5,8.25,6.91666666666667,7,NA,7.45,2,3,1,0,5,3380,1978,1402,534,806,2574,7.22273767159763,7.64446578867543,6.62774607703281,6.67256554307116,7.0763523573201,7.2685754972805,143
"149",2019,5,6.92222222222222,9,7,6.76666666666667,6.76666666666667,6.9,6.92857142857143,6,3,3,2,7,3389,1984,1405,537,808,2581,7.22193960755385,7.64251679939516,6.62804270462633,6.67309124767225,7.07591584158416,7.26765336303758,144
"150",2019,6,7.3,5,7.5,7,7,NA,7.3,3,2,2,0,5,3394,1987,1407,539,808,2586,7.22205460518562,7.64230162556618,6.62857142857143,6.67430426716141,7.07591584158416,7.26771590487239,145
"151",2019,7,7.5,12,7.5,7.5,6.5,7.5,7.5,8,4,2,4,8,3406,1995,1411,541,812,2594,7.22303386083382,7.6417309924812,6.63104181431609,6.67365988909427,7.07800492610837,7.26843227833462,146
"152",2019,8,7.81727272727273,11,8,6.995,NA,NA,7.81727272727273,9,2,0,0,11,3417,2004,1413,541,812,2605,7.22494683347966,7.64333998502994,6.63155697098372,6.67365988909427,7.07800492610837,7.27074983877159,147
"153",2019,9,6.85714285714286,7,7.25,6.33333333333333,6.5,9,6.5,4,3,2,1,6,3424,2008,1416,543,813,2611,7.22419489778037,7.64255643924303,6.63092514124294,6.67302025782689,7.08036900369004,7.26897867866718,148
"154",2019,10,6,10,6.58333333333333,5.125,7,4.66666666666667,6.57142857142857,6,4,1,3,7,3434,2014,1420,544,816,2618,7.2206299737915,7.63940085898709,6.62668309859155,6.67362132352941,7.07149509803921,7.26711357142857,149
"155",2019,11,6.68181818181818,11,6.66666666666667,6.7,6.5,6,6.75,6,5,2,1,10,3445,2020,1425,546,817,2628,7.21890952975327,7.63651154950495,6.62694035087719,6.67298534798535,7.07018359853121,7.26514586377473,150
"156",2019,12,6.90083333333333,12,7.056,6.125,6.125,6.5625,7.07,10,2,2,4,8,3457,2030,1427,548,821,2636,7.21780541799248,7.63365188669951,6.6262368605466,6.67098540145985,7.06771010962241,7.26455361532625,151
"157",2020,1,6.785,14,7.498,6.38888888888889,6.5,7,6.76846153846154,5,9,5,1,13,3471,2035,1436,553,822,2649,7.21605973206569,7.63331858968059,6.62474930362117,6.66943942133815,7.06762773722628,7.2621190373726,152
"158",2020,2,7,16,7.44444444444444,6.42857142857143,6.16666666666667,8,6.85714285714286,9,7,3,2,14,3487,2044,1443,556,824,2663,7.21506834815027,7.63248695205479,6.62379764379764,6.66672661870503,7.06989077669903,7.25998998497935,153
"159",2020,3,7.15909090909091,11,7.5,6.75,7.33333333333333,6.51666666666667,7.4,6,5,3,3,8,3498,2050,1448,559,827,2671,7.2148923184677,7.63209918536585,6.62423342541436,6.67030411449016,7.06788391777509,7.26040933358293,154
"160",2020,4,6.22222222222222,9,9,5.42857142857143,5.75,6,6.25,2,7,4,1,8,3507,2052,1455,563,828,2679,7.21234483319076,7.63343242202729,6.61848109965636,6.66376554174067,7.06659420289855,7.25739206047033,155
"161",2020,5,7.16230769230769,13,7.59555555555556,6.1875,6.375,8,7.0925,9,4,2,1,12,3520,2061,1459,565,829,2691,7.21216003693182,7.63326702086366,6.61729952021933,6.66274336283186,7.06772014475271,7.25665675585285,156
"162",2020,6,7.71428571428571,7,7.83333333333333,7,7,7,7.83333333333333,6,1,1,1,6,3527,2067,1460,566,830,2697,7.21315660051035,7.63384776487663,6.61756164383562,6.66333922261484,7.06763855421687,7.257939684835,157
"163",2020,7,7.23076923076923,13,7.22727272727273,7.25,7.25,6.25,7.40909090909091,11,2,2,2,11,3540,2078,1462,568,832,2708,7.21322127966102,7.63169553897979,6.6184268125855,6.66540492957746,7.06567307692308,7.25855366691285,158
"164",2020,8,7.91666666666667,6,8.1,7,7,7.8,7.94,5,1,1,1,5,3546,2083,1463,569,833,2713,7.21441154258319,7.63281964954392,6.61868762816131,6.66599297012302,7.06655462184874,7.25980955768522,159
"165",2020,9,7.65,10,7.8125,7,7,7,7.8125,8,2,2,2,8,3556,2091,1465,571,835,2721,7.21563648200225,7.63350709230033,6.61920819112628,6.66716287215411,7.06639520958084,7.26143452039692,160
"166",2020,10,7.5,9,7.7,7.25,8,7,7.5625,5,4,1,1,8,3565,2096,1469,572,836,2729,7.21635437026648,7.63366571087786,6.62092579986385,6.669493006993,7.06631578947368,7.262317086845,161
"167",2020,11,6.82857142857143,14,8,6.36,6.6,6,6.89230769230769,4,10,6,1,13,3579,2100,1479,578,837,2742,7.21483747694887,7.63436349047619,6.61916159567275,6.66877162629758,7.06504181600956,7.26056284828593,162
"168",2020,12,6.13333333333333,15,6.2,6,6,6.5,6.07692307692308,10,5,1,2,13,3594,2110,1484,579,839,2755,7.21032368670006,7.6275655592417,6.61707547169811,6.66761658031088,7.06369487485101,7.25497761524501,163
"169",2021,1,7.46428571428571,14,7.31818181818182,8,NA,NA,7.46428571428571,11,3,0,0,14,3608,2121,1487,579,839,2769,7.21130912694013,7.62596102310231,6.61986550100874,6.66761658031088,7.06369487485101,7.25603587215601,164
"170",2021,2,7.41616181818182,11,7.58254,7.125,6.5,NA,7.41616181818182,7,4,1,0,11,3619,2128,1491,580,839,2780,7.2119317794971,7.62581819078947,6.621220657277,6.66732758620689,7.06369487485101,7.25666946402878,165
"171",2021,3,7.25833333333333,12,8.14285714285714,6.02,5.5,7.025,7.375,7,5,2,4,8,3631,2135,1496,582,843,2788,7.21208513081796,7.62751340046838,6.61921122994652,6.66331615120275,7.06351126927639,7.25700900645624,166
"172",2021,4,6.5625,8,7.1,5.66666666666667,6,7,6.5,5,3,1,1,7,3639,2140,1499,583,844,2795,7.21065707886782,7.62628089252336,6.61730486991328,6.66217838765008,7.06343601895734,7.25511309838998,167
"173",2021,5,6.5,11,7.375,6,7,6,6.55,4,7,2,1,10,3650,2144,1506,585,845,2805,7.20851537260274,7.62581208488806,6.61443559096946,6.66333333333333,7.0621775147929,7.25259932620321,168
"174",2021,6,7.5,9,7.35714285714286,8,NA,6.66666666666667,7.91666666666667,7,2,0,3,6,3659,2151,1508,585,848,2811,7.20923233397103,7.62493775453277,6.61627320954907,6.66333333333333,7.06077830188679,7.25401675916044,169
"175",2021,7,6.1,5,6.75,5.66666666666667,NA,3,6.875,2,3,0,1,4,3664,2153,1511,585,849,2815,7.20771864355895,7.62412499303298,6.61438782263402,6.66333333333333,7.05599528857479,7.25347819182949,170
"176",2021,8,7.03571428571429,7,7.03571428571429,NA,NA,6,7.20833333333333,7,0,0,1,6,3671,2160,1511,585,850,2821,7.20739065922092,7.62221810648148,6.61438782263402,6.66333333333333,7.05475294117647,7.2533821729883,171
"177",2021,9,7.44444444444444,9,8.5,6.91666666666667,6.33333333333333,9,7.25,3,6,3,1,8,3680,2163,1517,588,851,2829,7.20797041032609,7.62343555709662,6.61558338826632,6.66164965986394,7.05703877790834,7.25337260869565,172
"178",2021,10,6.66666666666667,3,6,8,NA,8,4,2,1,0,2,1,3683,2165,1518,588,853,2830,7.20752948954657,7.62193584757506,6.6164953886693,6.66164965986394,7.05924970691676,7.25222300706714,173
"179",2021,11,5.875,8,6.5,4,NA,6,5.85714285714286,6,2,0,1,7,3691,2171,1520,588,854,2837,7.20464131942563,7.6188351497006,6.61305263157895,6.66164965986394,7.0580093676815,7.2487807930913,174
"180",2021,12,7.182,15,8.31857142857143,6.1875,5.5,6.95,7.26636363636364,7,8,2,4,11,3706,2178,1528,590,858,2848,7.20454967889908,7.62108407254362,6.61082460732984,6.65771186440678,7.05750582750583,7.24884870435393,175
"181",2022,1,7.125,16,7.23076923076923,6.66666666666667,NA,6,7.28571428571429,13,3,0,2,14,3722,2191,1531,590,860,2862,7.20420771359484,7.61876819260611,6.61093403004572,6.65771186440678,7.05504651162791,7.24902903913348,176
"182",2022,2,7,9,7.66666666666667,6.66666666666667,NA,9,6.75,3,6,0,1,8,3731,2194,1537,590,861,2870,7.20371511927097,7.61883368732908,6.61115159401431,6.65771186440678,7.05730545876887,7.2476380174216,177
"183",2022,3,7.54615384615385,13,8.01111111111111,6.5,NA,7.86666666666667,7.45,9,4,0,3,10,3744,2203,1541,590,864,2880,7.20490414262821,7.62043627326373,6.61086307592472,6.65771186440678,7.06011574074074,7.24834066319445,178
"184",2022,4,6.53571428571429,7,6.8,5.875,5,8,6.29166666666667,5,2,1,1,6,3751,2208,1543,591,865,2886,7.20365532124767,7.61857840126811,6.6099092676604,6.65490693739424,7.06120231213873,7.24635173596674,179
"185",2022,5,6.75,10,7.8,5.7,6.5,10,6.38888888888889,5,5,1,1,9,3761,2213,1548,592,866,2895,7.20244911193831,7.61898830094893,6.60697028423773,6.65464527027027,7.06459584295612,7.24368604835924,180
"186",2022,6,6.5,8,7.66666666666667,3,NA,10,6,6,2,0,1,7,3769,2219,1550,592,867,2902,7.20095810825153,7.61911721946823,6.60231612903226,6.65464527027027,7.0679815455594,7.2406861164714,181
"187",2022,7,7.9,10,7.875,8,7,8,7.88888888888889,8,2,1,1,9,3779,2227,1552,593,868,2911,7.20280791479227,7.62003642119443,6.60411726804124,6.65522765598651,7.06905529953917,7.24269017863277,182
"188",2022,8,6.64285714285714,7,6.5,6.83333333333333,NA,6.5,6.7,4,3,0,2,5,3786,2231,1555,593,870,2916,7.20177261225568,7.61802828776333,6.60455948553055,6.65522765598651,7.06774712643678,7.2417596399177,183
"189",2022,9,6.57,10,7.0625,4.6,4.6,6.33333333333333,6.67142857142857,8,2,2,3,7,3796,2239,1557,595,873,2923,7.20010830084299,7.61604337204109,6.60198458574181,6.64831932773109,7.06522336769759,7.24039381115293,184
"190",2022,10,6.88888888888889,9,7.125,5,NA,6.33333333333333,7.16666666666667,8,1,0,3,6,3805,2247,1558,595,876,2929,7.19937217082786,7.61429510903427,6.60095635430039,6.64831932773109,7.06271689497717,7.24024278251963,185
"191",2022,11,7.1,10,8.16666666666667,5.5,NA,7.33333333333333,7,6,4,0,3,7,3815,2253,1562,595,879,2936,7.19911169331586,7.61576613848202,6.59813700384123,6.64831932773109,7.06364050056883,7.23966999659401,186
"192",2022,12,6.52,15,7.18,5.2,6,5.8,6.88,10,5,4,5,10,3830,2263,1567,599,884,2946,7.19645198694517,7.61384052585064,6.59367581365667,6.64398998330551,7.05649321266968,7.23844912084182,187
