"","year","month","avg_rating","no_ratings","avg_rating_owned","avg_rating_not_owned","avg_rating_prev_owned","avg_rating_comment","avg_rating_no_comment","no_ratings_owned","no_ratings_not_owned","no_ratings_prev_owned","no_ratings_comment","no_ratings_no_comment","cum_no_ratings","cum_no_ratings_owned","cum_no_ratings_not_owned","cum_no_ratings_prev_owned","cum_no_ratings_comment","cum_no_ratings_no_comment","cum_avg_rating","cum_avg_rating_owned","cum_avg_rating_not_owned","cum_avg_rating_prev_owned","cum_avg_rating_comment","cum_avg_rating_no_comment","month_after_release"
"1",2001,6,4,2,4,NA,NA,NA,4,2,0,0,0,2,2,2,0,0,0,2,4,4,NA,NA,NA,4,1
"2",2001,9,8.5,2,8.5,NA,NA,NA,8.5,2,0,0,0,2,4,4,0,0,0,4,6.25,6.25,NA,NA,NA,6.25,4
"3",2001,10,3,1,3,NA,NA,3,NA,1,0,0,1,0,5,5,0,0,1,4,5.6,5.6,NA,NA,3,6.25,5
"4",2001,11,5.5,2,NA,5.5,5,6,5,0,2,1,1,1,7,5,2,1,2,5,5.57142857142857,5.6,5.5,5,4.5,6,6
"5",2001,12,10,1,10,NA,NA,NA,10,1,0,0,0,1,8,6,2,1,2,6,6.125,6.33333333333333,5.5,5,4.5,6.66666666666667,7
"6",2002,6,7,1,7,NA,NA,NA,7,1,0,0,0,1,9,7,2,1,2,7,6.22222222222222,6.42857142857143,5.5,5,4.5,6.71428571428571,13
"7",2002,7,6.66666666666667,3,8.5,3,3,6.66666666666667,NA,2,1,1,3,0,12,9,3,2,5,7,6.33333333333333,6.88888888888889,4.66666666666667,4,5.8,6.71428571428571,14
"8",2002,8,7,4,7,NA,NA,NA,7,4,0,0,0,4,16,13,3,2,5,11,6.5,6.92307692307692,4.66666666666667,4,5.8,6.81818181818182,15
"9",2002,9,3,1,3,NA,NA,3,NA,1,0,0,1,0,17,14,3,2,6,11,6.29411764705882,6.64285714285714,4.66666666666667,4,5.33333333333333,6.81818181818182,16
"10",2002,10,7.8,5,7.8,NA,NA,8.33333333333333,7,5,0,0,3,2,22,19,3,2,9,13,6.63636363636364,6.94736842105263,4.66666666666667,4,6.33333333333333,6.84615384615385,17
"11",2002,11,7.66666666666667,3,7.5,8,8,7.66666666666667,NA,2,1,1,3,0,25,21,4,3,12,13,6.76,7,5.5,5.33333333333333,6.66666666666667,6.84615384615385,18
"12",2002,12,10,1,10,NA,NA,NA,10,1,0,0,0,1,26,22,4,3,12,14,6.88461538461539,7.13636363636364,5.5,5.33333333333333,6.66666666666667,7.07142857142857,19
"13",2003,1,7,3,7,NA,NA,7.5,6,3,0,0,2,1,29,25,4,3,14,15,6.89655172413793,7.12,5.5,5.33333333333333,6.78571428571429,7,20
"14",2003,2,8.8,5,8.8,NA,NA,9.5,6,5,0,0,4,1,34,30,4,3,18,16,7.17647058823529,7.4,5.5,5.33333333333333,7.38888888888889,6.9375,21
"15",2003,3,6,1,6,NA,NA,NA,6,1,0,0,0,1,35,31,4,3,18,17,7.14285714285714,7.35483870967742,5.5,5.33333333333333,7.38888888888889,6.88235294117647,22
"16",2003,4,7,3,7.5,6,NA,NA,7,2,1,0,0,3,38,33,5,3,18,20,7.13157894736842,7.36363636363636,5.6,5.33333333333333,7.38888888888889,6.9,23
"17",2003,5,5.6,5,7,3.5,2,5.75,5,3,2,1,4,1,43,36,7,4,22,21,6.95348837209302,7.33333333333333,5,4.5,7.09090909090909,6.80952380952381,24
"18",2003,6,8,4,8,8,NA,9.5,6.5,2,2,0,2,2,47,38,9,4,24,23,7.04255319148936,7.36842105263158,5.66666666666667,4.5,7.29166666666667,6.78260869565217,25
"19",2003,7,5.42857142857143,14,5.77777777777778,4.8,5.33333333333333,4.66666666666667,5.63636363636364,9,5,3,3,11,61,47,14,7,27,34,6.67213114754098,7.06382978723404,5.35714285714286,4.85714285714286,7,6.41176470588235,26
"20",2003,8,6.33333333333333,3,7,6,NA,8,5.5,1,2,0,1,2,64,48,16,7,28,36,6.65625,7.0625,5.4375,4.85714285714286,7.03571428571429,6.36111111111111,27
"21",2003,9,7,1,7,NA,NA,7,NA,1,0,0,1,0,65,49,16,7,29,36,6.66153846153846,7.06122448979592,5.4375,4.85714285714286,7.03448275862069,6.36111111111111,28
"22",2003,10,3,1,NA,3,NA,NA,3,0,1,0,0,1,66,49,17,7,29,37,6.60606060606061,7.06122448979592,5.29411764705882,4.85714285714286,7.03448275862069,6.27027027027027,29
"23",2003,11,6.6,5,7,5,NA,6.33333333333333,7,4,1,0,3,2,71,53,18,7,32,39,6.6056338028169,7.05660377358491,5.27777777777778,4.85714285714286,6.96875,6.30769230769231,30
"24",2003,12,7.66666666666667,3,7.66666666666667,NA,NA,7.5,8,3,0,0,2,1,74,56,18,7,34,40,6.64864864864865,7.08928571428571,5.27777777777778,4.85714285714286,7,6.35,31
"25",2004,1,5.4,5,6.66666666666667,3.5,NA,6.25,2,3,2,0,4,1,79,59,20,7,38,41,6.56962025316456,7.06779661016949,5.1,4.85714285714286,6.92105263157895,6.24390243902439,32
"26",2004,2,7,4,7,NA,NA,7,7,4,0,0,2,2,83,63,20,7,40,43,6.59036144578313,7.06349206349206,5.1,4.85714285714286,6.925,6.27906976744186,33
"27",2004,3,6.4,5,6.25,7,NA,8,6,4,1,0,1,4,88,67,21,7,41,47,6.57954545454545,7.01492537313433,5.19047619047619,4.85714285714286,6.95121951219512,6.25531914893617,34
"28",2004,4,7.75,4,7.75,NA,NA,8,7.5,4,0,0,2,2,92,71,21,7,43,49,6.6304347826087,7.05633802816901,5.19047619047619,4.85714285714286,7,6.30612244897959,35
"29",2004,5,6.85714285714286,7,7,6,NA,9,5.25,6,1,0,3,4,99,77,22,7,46,53,6.64646464646465,7.05194805194805,5.22727272727273,4.85714285714286,7.1304347826087,6.22641509433962,36
"30",2004,6,7.5,2,7.5,NA,NA,NA,7.5,2,0,0,0,2,101,79,22,7,46,55,6.66336633663366,7.06329113924051,5.22727272727273,4.85714285714286,7.1304347826087,6.27272727272727,37
"31",2004,7,6.88888888888889,9,7.6,6,7,5,7.42857142857143,5,4,1,2,7,110,84,26,8,48,62,6.68181818181818,7.09523809523809,5.34615384615385,5.125,7.04166666666667,6.40322580645161,38
"32",2004,8,5.66666666666667,6,5.66666666666667,NA,NA,5.66666666666667,5.66666666666667,6,0,0,3,3,116,90,26,8,51,65,6.62931034482759,7,5.34615384615385,5.125,6.96078431372549,6.36923076923077,39
"33",2004,9,8,6,9,6,5,9.5,7.7,4,2,1,1,5,122,94,28,9,52,70,6.69672131147541,7.08510638297872,5.39285714285714,5.11111111111111,7.00961538461539,6.46428571428571,40
"34",2004,10,7.6875,8,7.6875,NA,NA,6,7.92857142857143,8,0,0,1,7,130,102,28,9,53,77,6.75769230769231,7.13235294117647,5.39285714285714,5.11111111111111,6.99056603773585,6.5974025974026,41
"35",2004,11,4,2,7,1,NA,4,NA,1,1,0,2,0,132,103,29,9,55,77,6.71590909090909,7.13106796116505,5.24137931034483,5.11111111111111,6.88181818181818,6.5974025974026,42
"36",2004,12,7.15,6,7.15,NA,NA,7.63333333333333,6.66666666666667,6,0,0,3,3,138,109,29,9,58,80,6.73478260869565,7.13211009174312,5.24137931034483,5.11111111111111,6.92068965517241,6.6,43
"37",2005,1,7.5,9,7.58333333333333,7.33333333333333,NA,8.83333333333333,6.83333333333333,6,3,0,3,6,147,115,32,9,61,86,6.78163265306122,7.15565217391304,5.4375,5.11111111111111,7.01475409836066,6.61627906976744,44
"38",2005,2,5.77777777777778,9,5.8,5.75,2,5,7.33333333333333,5,4,1,6,3,156,120,36,10,67,89,6.72371794871795,7.09916666666667,5.47222222222222,4.8,6.83432835820896,6.64044943820225,45
"39",2005,3,6.90909090909091,11,7.28571428571429,6.25,7,6.66666666666667,7.2,7,4,2,6,5,167,127,40,12,73,94,6.73592814371258,7.10944881889764,5.55,5.16666666666667,6.82054794520548,6.67021276595745,46
"40",2005,4,7.35714285714286,7,7.6,6.75,NA,6.875,8,5,2,0,4,3,174,132,42,12,77,97,6.76091954022989,7.1280303030303,5.60714285714286,5.16666666666667,6.82337662337662,6.71134020618557,47
"41",2005,5,6.1,5,5.5,6.5,7,5.5,6.5,2,3,1,2,3,179,134,45,13,79,100,6.74245810055866,7.10373134328358,5.66666666666667,5.30769230769231,6.78987341772152,6.705,48
"42",2005,6,6.64285714285714,7,9.125,3.33333333333333,NA,7.625,5.33333333333333,4,3,0,4,3,186,138,48,13,83,103,6.73870967741936,7.16231884057971,5.52083333333333,5.30769230769231,6.83012048192771,6.66504854368932,49
"43",2005,7,7.2,15,7.54545454545455,6.25,6,6.75,7.36363636363636,11,4,1,4,11,201,149,52,14,87,114,6.77313432835821,7.19060402684564,5.57692307692308,5.35714285714286,6.8264367816092,6.73245614035088,50
"44",2005,8,6.72222222222222,9,7.58333333333333,5,NA,6.6875,7,6,3,0,8,1,210,155,55,14,95,115,6.77095238095238,7.2058064516129,5.54545454545455,5.35714285714286,6.81473684210526,6.73478260869565,51
"45",2005,9,7.15,10,7.1875,7,8,6.83333333333333,7.28571428571429,8,2,1,3,7,220,163,57,15,98,122,6.78818181818182,7.20490797546012,5.59649122807018,5.53333333333333,6.81530612244898,6.76639344262295,52
"46",2005,10,7.4,10,8.57142857142857,4.66666666666667,NA,6.2,8.6,7,3,0,5,5,230,170,60,15,103,127,6.81478260869565,7.26117647058824,5.55,5.53333333333333,6.78543689320388,6.83858267716535,53
"47",2005,11,7.8,5,8.5,5,5,9,7,4,1,1,2,3,235,174,61,16,105,130,6.83574468085106,7.28965517241379,5.54098360655738,5.5,6.82761904761905,6.84230769230769,54
"48",2005,12,6.16666666666667,6,5.66666666666667,6.66666666666667,NA,7.5,5.5,3,3,0,2,4,241,177,64,16,107,134,6.81908713692946,7.26214689265537,5.59375,5.5,6.84018691588785,6.80223880597015,55
"49",2006,1,6.88888888888889,9,7.25,6.16666666666667,9,7.75,6.64285714285714,6,3,1,2,7,250,183,67,17,109,141,6.8216,7.26174863387978,5.61940298507463,5.70588235294118,6.85688073394495,6.79432624113475,56
"50",2006,2,8.1,10,7.88888888888889,10,NA,8.5,7.83333333333333,9,1,0,4,6,260,192,68,17,113,147,6.87076923076923,7.29114583333333,5.68382352941176,5.70588235294118,6.91504424778761,6.83673469387755,57
"51",2006,3,7.85714285714286,7,8.5,6.25,NA,7.125,8.83333333333333,5,2,0,4,3,267,197,70,17,117,150,6.89662921348315,7.32182741116751,5.7,5.70588235294118,6.92222222222222,6.87666666666667,58
"52",2006,4,6.4,5,6.75,5,NA,6.5,6.33333333333333,4,1,0,2,3,272,201,71,17,119,153,6.8875,7.31044776119403,5.69014084507042,5.70588235294118,6.91512605042017,6.86601307189542,59
"53",2006,5,8.33333333333333,3,7,9,NA,9,7,1,2,0,2,1,275,202,73,17,121,154,6.90327272727273,7.30891089108911,5.78082191780822,5.70588235294118,6.9495867768595,6.86688311688312,60
"54",2006,6,7.25,4,7.25,NA,NA,NA,7.25,4,0,0,0,4,279,206,73,17,121,158,6.90824372759857,7.30776699029126,5.78082191780822,5.70588235294118,6.9495867768595,6.87658227848101,61
"55",2006,7,7.7,5,8.25,5.5,NA,6.75,8.33333333333333,4,1,0,2,3,284,210,74,17,123,161,6.92218309859155,7.32571428571429,5.77702702702703,5.70588235294118,6.94634146341463,6.90372670807453,62
"56",2006,8,6.7,5,7.625,3,NA,8.25,5.66666666666667,4,1,0,2,3,289,214,75,17,125,164,6.91833910034602,7.33130841121495,5.74,5.70588235294118,6.9672,6.88109756097561,63
"57",2006,9,5.83333333333333,3,7,5.25,NA,5.25,7,1,2,0,2,1,292,215,77,17,127,165,6.90719178082192,7.32976744186047,5.72727272727273,5.70588235294118,6.94015748031496,6.88181818181818,64
"58",2006,10,6.83333333333333,9,7.66666666666667,5.16666666666667,NA,6.5,7.25,6,3,0,5,4,301,221,80,17,132,169,6.90498338870432,7.33891402714932,5.70625,5.70588235294118,6.92348484848485,6.8905325443787,65
"59",2006,11,8,6,8.625,6.75,5,7.875,8.25,4,2,1,4,2,307,225,82,18,136,171,6.92638436482085,7.36177777777778,5.73170731707317,5.66666666666667,6.95147058823529,6.90643274853801,66
"60",2006,12,8.21428571428571,14,8.63636363636364,6.66666666666667,6.5,9.375,6.66666666666667,11,3,2,8,6,321,236,85,20,144,177,6.98255451713396,7.42118644067797,5.76470588235294,5.75,7.08611111111111,6.89830508474576,67
"61",2007,1,7.25,16,7.53846153846154,6,6,7.16666666666667,7.3,13,3,1,6,10,337,249,88,21,150,187,6.99525222551929,7.42730923694779,5.77272727272727,5.76190476190476,7.08933333333333,6.91978609625668,68
"62",2007,2,7.7490175,8,8,6.99607,NA,8.75,6.748035,6,2,0,4,4,345,255,90,21,154,191,7.01273084057971,7.44078431372549,5.79991266666667,5.76190476190476,7.13246753246753,6.91618921465969,69
"63",2007,3,6.94444444444444,9,7.35714285714286,5.5,7,7.5,6.25,7,2,1,5,4,354,262,92,22,159,195,7.01099474576271,7.43854961832061,5.79339282608696,5.81818181818182,7.14402515723271,6.9025237948718,70
"64",2007,4,7.07692307692308,13,7.8,4.66666666666667,5,6.5,7.57142857142857,10,3,1,6,7,367,272,95,23,165,202,7.01333008174387,7.45183823529412,5.757812,5.78260869565217,7.12060606060606,6.92570366336634,71
"65",2007,5,7,9,7.42857142857143,5.5,NA,6.2,8,7,2,0,5,4,376,279,97,23,170,206,7.0130110106383,7.45125448028674,5.75249628865979,5.78260869565217,7.09352941176471,6.94656378640777,72
"66",2007,6,5.64285714285714,7,7.33333333333333,4.375,5,6.16666666666667,5.25,3,4,1,3,4,383,282,101,24,173,210,6.98796903394256,7.45,5.69794198019802,5.75,7.07745664739884,6.91424828571429,73
"67",2007,7,7.83333333333333,9,8.5,5.5,5.5,7.91666666666667,7.66666666666667,7,2,2,6,3,392,289,103,26,179,213,7.00737790816327,7.47543252595156,5.69409844660194,5.73076923076923,7.10558659217877,6.92484572769953,74
"68",2007,8,6.91666666666667,12,6.9,7,9,7.11111111111111,6.33333333333333,10,2,1,9,3,404,299,105,27,188,216,7.00468351485148,7.4561872909699,5.71897276190476,5.85185185185185,7.10585106382979,6.91663027777778,75
"69",2007,9,7.5,9,8.25,6,4,8,7.35714285714286,6,3,1,2,7,413,305,108,28,190,223,7.01547733656174,7.47180327868853,5.72677907407407,5.78571428571429,7.11526315789474,6.93045802690583,76
"70",2007,10,7.75,8,8.33333333333333,6,6,7.5,8,6,2,1,4,4,421,311,110,29,194,227,7.02943501187648,7.48842443729904,5.73174672727273,5.79310344827586,7.12319587628866,6.9493045814978,77
"71",2007,11,7.12,10,7.12,NA,NA,7.2,7.04,10,0,0,5,5,431,321,110,29,199,232,7.03153628770302,7.47694704049844,5.73174672727273,5.79310344827586,7.1251256281407,6.95125922413793,78
"72",2007,12,6.84090909090909,11,6.65625,7.33333333333333,8,7.41666666666667,6.625,8,3,1,3,8,442,329,113,30,202,240,7.0267921719457,7.45699088145897,5.77426672566372,5.86666666666667,7.12945544554456,6.94038391666667,79
"73",2008,1,8.5,6,8.5,NA,NA,9.5,8,6,0,0,2,4,448,335,113,30,204,244,7.04652263392857,7.47567164179104,5.77426672566372,5.86666666666667,7.15269607843137,6.95775467213115,80
"74",2008,2,7.9,5,8.625,5,NA,7.33333333333333,8.75,4,1,0,3,2,453,339,114,30,207,246,7.05594291390728,7.48923303834808,5.7674749122807,5.86666666666667,7.15531400966184,6.97232577235772,81
"75",2008,3,7.54545454545455,11,7.66666666666667,7,NA,8,7.375,9,2,0,3,8,464,348,116,30,210,254,7.06754771551724,7.49382183908046,5.78872534482759,5.86666666666667,7.16738095238095,6.98500842519685,82
"76",2008,4,8.25,6,9.375,6,NA,7.9,10,4,2,0,5,1,470,352,118,30,215,255,7.08264285106383,7.51519886363636,5.79230627118644,5.86666666666667,7.18441860465116,6.99683192156863,83
"77",2008,5,7.3,10,7.375,7,8,7.2,7.4,8,2,1,5,5,480,360,120,31,220,260,7.087171125,7.51208333333333,5.8124345,5.93548387096774,7.18477272727273,7.00458515384615,84
"78",2008,6,7.16923076923077,13,7.24444444444444,7,NA,7.17142857142857,7.16666666666667,9,4,0,7,6,493,369,124,31,227,266,7.08933496957404,7.50555555555555,5.85074306451613,5.93548387096774,7.18436123348018,7.00824112781955,85
"79",2008,7,6.56625,16,6.42166666666667,7,7.25,6.08,6.94444444444444,12,4,4,7,9,509,381,128,35,234,275,7.07289222003929,7.47141732283464,5.88665734375,6.08571428571429,7.15132478632479,7.00615323636364,86
"80",2008,8,7.38235294117647,17,7.9375,6.88888888888889,6,7.5,7.21428571428571,8,9,4,10,7,526,389,137,39,244,282,7.08289380228137,7.48100257069409,5.95249737226277,6.07692307692308,7.16561475409836,7.01131964539007,87
"81",2008,9,6.05555555555556,9,6.9,5,4,4.66666666666667,6.75,5,4,2,3,6,535,394,141,41,247,288,7.06561147663551,7.47362944162436,5.92547617021277,5.97560975609756,7.13526315789474,7.00587548611111,88
"82",2008,10,6.79166666666667,12,7.3,4.25,NA,7.28571428571429,6.1,10,2,0,7,5,547,404,143,41,254,293,7.05960171846435,7.46933168316832,5.90204293706294,5.97560975609756,7.1394094488189,6.99041686006826,89
"83",2008,11,6.88461538461539,13,8.42857142857143,5.08333333333333,5,6.21428571428571,7.66666666666667,7,6,4,7,6,560,411,149,45,261,299,7.05553953571428,7.48566909975669,5.86907476510067,5.88888888888889,7.11459770114943,7.003987090301,90
"84",2008,12,6.39333333333333,15,7.37777777777778,4.91666666666667,5,7.66666666666667,5.54444444444444,9,6,1,6,9,575,420,155,46,267,308,7.03826459130435,7.48335714285714,5.83220735483871,5.8695652173913,7.12700374531835,6.96133811688312,91
"85",2009,1,6.58333333333333,18,8.38888888888889,4.77777777777778,4.8,7.7,5.1875,9,9,5,10,8,593,429,164,51,277,316,7.02445554806071,7.50235431235431,5.77434231707317,5.76470588235294,7.14768953068592,6.91643082278481,92
"86",2009,2,6.95238095238095,21,7.69230769230769,5.75,5.33333333333333,8.9,6.34375,13,8,3,5,16,614,442,172,54,282,332,7.02199045602606,7.50794117647059,5.77321011627907,5.74074074074074,7.17875886524823,6.88883174698795,93
"87",2009,3,6.8125,16,7.16666666666667,5.75,6.5,3.5,7.28571428571429,12,4,4,2,14,630,454,176,58,284,346,7.01667006349206,7.49892070484581,5.77268261363636,5.79310344827586,7.15285211267606,6.90489057803468,94
"88",2009,4,5.66,10,4.66666666666667,6.08571428571429,5.33333333333333,5.12,6.2,3,7,3,5,5,640,457,183,61,289,351,6.99547209375,7.48032822757112,5.78465650273224,5.77049180327869,7.11768166089966,6.8948494017094,95
"89",2009,5,6.60714285714286,14,7.75,5.75,5.5,7.5,5.71428571428571,6,8,2,7,7,654,463,191,63,296,358,6.98715923547401,7.48382289416847,5.78320492146597,5.76190476190476,7.12672297297297,6.87176575418995,96
"90",2009,6,6.109375,16,6.75,5.61111111111111,6.25,5.9,6.20454545454545,7,9,6,5,11,670,470,200,69,301,369,6.9661972238806,7.47289361702128,5.7754607,5.80434782608696,7.10634551495017,6.85187571815718,97
"91",2009,7,6.97058823529412,17,8.55,4.71428571428571,5,6.77777777777778,7.1875,10,7,2,9,8,687,480,207,71,310,377,6.96630588064047,7.49533333333333,5.73957555555556,5.78169014084507,7.0968064516129,6.85899771883289,98
"92",2009,8,6.475,16,7.34444444444444,5.35714285714286,5.7,4.92,7.18181818181818,9,7,5,5,11,703,489,214,76,315,388,6.9551239544808,7.49255623721881,5.72706607476635,5.77631578947368,7.06225396825397,6.86814984536083,99
"93",2009,9,6.54166666666667,12,7.6,5.78571428571429,5.125,7,6.3125,5,7,4,4,8,715,494,221,80,319,396,6.94818481118881,7.49364372469636,5.72892371040724,5.74375,7.06147335423198,6.8569245959596,100
"94",2009,10,7.85,18,8.09285714285714,7,9,8.8,7.48461538461538,14,4,2,5,13,733,508,225,82,324,409,6.97033034106412,7.51015748031496,5.75152062222222,5.82317073170732,7.0883024691358,6.87687564792176,101
"95",2009,11,6.55555555555556,9,7.25,6,6.66666666666667,6.4,6.75,4,5,3,5,4,742,512,230,85,329,413,6.96529938005391,7.508125,5.75692234782609,5.85294117647059,7.07784194528875,6.87564682808717,102
"96",2009,12,6.44444444444444,9,7.25,6.21428571428571,5.625,3,7.42857142857143,2,7,4,2,7,751,514,237,89,331,420,6.95905744340879,7.50712062256809,5.77043097046414,5.84269662921348,7.05320241691843,6.88486223809524,103
"97",2010,1,7.4,14,7.36363636363636,7.53333333333333,NA,8.5,6.96,11,3,0,4,10,765,525,240,89,335,430,6.96712698039216,7.50411428571429,5.79246725,5.84269662921348,7.0704776119403,6.88660962790698,104
"98",2010,2,7.25,14,7.9375,6.33333333333333,6.25,6.875,7.4,8,6,2,4,10,779,533,246,91,339,440,6.97221070603338,7.5106191369606,5.80565910569106,5.85164835164835,7.06817109144543,6.89827759090909,105
"99",2010,3,7.18181818181818,11,7.5,6.8,7.5,NA,7.18181818181818,6,5,2,0,11,790,539,251,93,339,451,6.97512929113924,7.51050092764378,5.82546669322709,5.88709677419355,7.06817109144543,6.90519321507761,106
"100",2010,4,7.61666666666667,12,8.14285714285714,6.88,7.13333333333333,7.75,7.55,7,5,3,4,8,802,546,256,96,343,459,6.98472835411471,7.51860805860806,5.846063046875,5.92604166666667,7.07612244897959,6.91643167755991,107
"101",2010,5,8.86666666666667,6,8.64,10,10,9.06666666666667,8.66666666666667,5,1,1,3,3,808,551,257,97,346,462,6.99870314356436,7.52878402903811,5.86222622568093,5.9680412371134,7.09338150289017,6.92779683982684,108
"102",2010,6,7.1625,8,8.16666666666667,6.56,6.26666666666667,7,7.26,3,5,3,3,5,816,554,262,100,349,467,7.00030899509804,7.53223826714801,5.87554251908397,5.977,7.0925787965616,6.93135361884368,109
"103",2010,7,7.33333333333333,9,8.125,6.7,7.16666666666667,7.33333333333333,7.33333333333333,4,5,3,6,3,825,558,267,103,355,470,7.00394198787879,7.53648745519713,5.89098179775281,6.01165048543689,7.09664788732394,6.93391944680851,110
"104",2010,8,7.625,12,8.44444444444444,5.16666666666667,NA,8,7.4375,9,3,0,4,8,837,567,270,103,359,478,7.01284604540024,7.55089947089947,5.88293385185185,6.01165048543689,7.10671309192201,6.94234757322176,111
"105",2010,9,7.55555555555556,9,7.57142857142857,7.5,7.5,8,7.2,7,2,2,4,5,846,574,272,105,363,483,7.01861955082742,7.55114982578397,5.89482404411765,6.04,7.1165564738292,6.9450147826087,112
"106",2010,10,7.0625,8,8,6.125,5,8.5,6.58333333333333,4,4,1,2,6,854,578,276,106,365,489,7.0190306088993,7.55425605536332,5.89815992753623,6.03018867924528,7.12413698630137,6.94057697341513,113
"107",2010,11,7.07142857142857,7,9.5,5.25,5,8.25,5.5,3,4,1,4,3,861,581,280,107,369,492,7.01945660859466,7.56430292598967,5.8889005,6.02056074766355,7.13634146341463,6.93179296747968,114
"108",2010,12,7.31,10,7.9,6.72,7.2,NA,7.31,5,5,3,0,10,871,586,285,110,369,502,7.02279235361654,7.56716723549488,5.90348119298246,6.05272727272727,7.13634146341463,6.93932697211156,115
"109",2011,1,7.35714285714286,14,7.90909090909091,5.33333333333333,5,8,7.25,11,3,2,2,12,885,597,288,112,371,514,7.0280815141243,7.57346733668342,5.89754215277778,6.03392857142857,7.14099730458221,6.94658003891051,116
"110",2011,2,6.88875,12,7.23785714285714,6.4,6.66666666666667,7.173,6.68571428571429,7,5,3,5,7,897,604,293,115,376,521,7.02621754738016,7.56957781456954,5.90611651877133,6.0504347826087,7.14142287234043,6.94307512476008,117
"111",2011,3,6.27777777777778,9,6.5,5.5,6,5.5,6.5,7,2,1,2,7,906,611,295,116,378,528,7.01878271523179,7.5573240589198,5.90336318644068,6.05,7.13273809523809,6.93720102272727,118
"112",2011,4,7.39230769230769,13,7.67777777777778,6.75,NA,8.15,6.74285714285714,9,4,0,6,7,919,620,299,116,384,535,7.02406652883569,7.55907258064516,5.91468943143813,6.05,7.1486328125,6.93465820560748,119
"113",2011,5,7.95454545454545,11,8.16666666666667,7,NA,8.5,7.75,9,2,0,3,8,930,629,301,116,387,543,7.03507219354839,7.56776629570747,5.92190079734219,6.05,7.15910852713178,6.94667060773481,120
"114",2011,6,7.3,6,8.6,6,8,NA,7.3,3,3,1,0,6,936,632,304,117,387,549,7.03677044871795,7.57266613924051,5.92267151315789,6.06666666666667,7.15910852713178,6.95053213114754,121
"115",2011,7,8,11,8.57142857142857,7,6,8.125,7.92857142857143,7,4,1,4,7,947,639,308,118,391,556,7.04795896515312,7.58360719874804,5.93666279220779,6.06610169491525,7.16898976982097,6.96284557553957,122
"116",2011,8,7.13636363636364,11,7.0625,7.33333333333333,NA,6.66666666666667,7.3125,8,3,0,3,8,958,647,311,118,394,564,7.04897405010439,7.57716383307573,5.95013549839228,6.06610169491525,7.16516497461929,6.96780521276596,123
"117",2011,9,7.4,5,7.25,8,NA,8.66666666666667,5.5,4,1,0,3,2,963,651,312,118,397,566,7.05079661474559,7.57515360983103,5.95670557692308,6.06610169491525,7.17651133501259,6.96261862190813,124
"118",2011,10,7.56818181818182,11,8,7.32142857142857,7,7,7.78125,4,7,2,3,8,974,655,319,120,400,574,7.05663977412731,7.57774809160305,5.98665247648903,6.08166666666667,7.1751875,6.9740281184669,125
"119",2011,11,6.5,8,9.75,3.25,3,5.66666666666667,7,4,4,2,3,5,982,659,323,122,403,579,7.0521050305499,7.59093323216995,5.95276204334365,6.03114754098361,7.16395781637717,6.97425240069085,126
"120",2011,12,6.81818181818182,11,7.25,6.3,4,6.125,7.21428571428571,6,5,1,4,7,993,665,328,123,407,586,7.04951373615307,7.58785714285714,5.95805530487805,6.01463414634146,7.15374692874693,6.97711969283277,127
"121",2012,1,6.72666666666667,15,7.3,5.58,6,7.38,6.4,10,5,1,5,10,1008,675,333,124,412,596,7.04470946428572,7.58359259259259,5.9523787987988,6.01451612903226,7.1564927184466,6.96743647651007,128
"122",2012,2,6.44166666666667,12,7.34285714285714,5.18,3.95,6.46666666666667,6.41666666666667,7,5,2,6,6,1020,682,338,126,418,602,7.03761484313726,7.58112170087977,5.94095307692308,5.98174603174603,7.14659090909091,6.96194707641196,129
"123",2012,3,7.5,11,7.9375,6.33333333333333,6.33333333333333,7.6,7.41666666666667,8,3,3,5,6,1031,690,341,129,423,608,7.04254814742968,7.58525362318841,5.9444051026393,5.98992248062015,7.15195035460993,6.96643444078947,130
"124",2012,4,7.1,10,7.42857142857143,6.33333333333333,8,7,7.125,7,3,1,2,8,1041,697,344,130,425,616,7.04310003842459,7.58368005738881,5.94779691860465,6.00538461538461,7.15123529411765,6.96849373376623,131
"125",2012,5,6.1875,8,6.7,5.33333333333333,6.5,6.5,6.14285714285714,5,3,2,1,7,1049,702,347,132,426,623,7.03657496663489,7.57738603988604,5.94248455331412,6.01287878787879,7.14970657276995,6.95921691813804,132
"126",2012,6,9.5,6,10,7,7,9.4,10,5,1,1,5,1,1055,707,348,133,431,624,7.05058496682465,7.59451909476662,5.9455233908046,6.0203007518797,7.1758120649652,6.96408996794872,133
"127",2012,7,6.89818181818182,11,6.81111111111111,7.29,NA,8.1,5.89666666666667,9,2,0,5,6,1066,716,350,133,436,630,7.04901232645404,7.5846717877095,5.95320611428572,6.0203007518797,7.18641055045872,6.95392403174603,134
"128",2012,8,7.4,5,8.5,6.66666666666667,NA,8,7.25,2,3,0,1,4,1071,718,353,133,437,634,7.05065092436975,7.58722144846797,5.9592695184136,6.0203007518797,7.18827231121282,6.95579201892745,135
"129",2012,9,7.8125,8,8.58333333333333,5.5,8,8.9,6,6,2,1,5,3,1079,724,355,134,442,637,7.05629948100093,7.59547651933702,5.95668208450704,6.03507462686567,7.20763574660633,6.95129064364207,136
"130",2012,10,6.16666666666667,6,6.75,5,NA,NA,6.16666666666667,4,2,0,0,6,1085,728,357,134,442,643,7.05137985253456,7.59083104395604,5.9513225210084,6.03507462686567,7.20763574660633,6.94396911353033,137
"131",2012,11,7.33333333333333,9,8.2,6.25,9,8.25,6.6,5,4,1,4,5,1094,733,361,135,446,648,7.05369939670933,7.5949863574352,5.954631966759,6.05703703703704,7.21698430493274,6.9413150308642,138
"132",2012,12,8.4,10,8.71428571428571,7.66666666666667,7,9.75,7.5,7,3,1,4,6,1104,740,364,136,450,654,7.06589414855073,7.60557432432432,5.96874214285714,6.06397058823529,7.2395,6.94644058103976,139
"133",2013,1,7.9,5,8.83333333333333,6.5,NA,NA,7.9,3,2,0,0,5,1109,743,366,136,450,659,7.06965477006312,7.61053162853297,5.97164519125683,6.06397058823529,7.2395,6.95367547799697,140
"134",2013,2,7.02777777777778,9,8.04166666666667,5,3,5,7.28125,6,3,1,1,8,1118,749,369,137,451,667,7.06931765652952,7.61398531375167,5.96374563685637,6.04160583941606,7.23453436807095,6.9576044077961,141
"135",2013,3,7.1875,8,7.16666666666667,7.2,7,6.16666666666667,7.8,3,5,1,3,5,1126,752,374,138,454,672,7.07015731793961,7.61220079787234,5.98027310160428,6.04855072463768,7.22747797356828,6.96387223214286,142
"136",2013,4,7.29166666666667,12,7.71428571428571,6.7,6,6,7.72222222222222,7,5,3,3,9,1138,759,379,141,457,681,7.07249309314587,7.61314229249012,5.98976817941953,6.04751773049645,7.21942013129103,6.97389447870778,143
"137",2013,5,6.09090909090909,11,6.6,5.66666666666667,6,6.5,6,5,6,3,2,9,1149,764,385,144,459,690,7.06309585726719,7.60651178010471,5.98473283116883,6.04652777777778,7.21628540305011,6.96119150724638,144
"138",2013,6,7.39285714285714,7,8.125,6.41666666666667,6.625,6.625,7.7,4,3,2,2,5,1156,768,388,146,461,695,7.0650926816609,7.60921223958333,5.9880725257732,6.05445205479452,7.21372017353579,6.96650667625899,145
"139",2013,7,7.86666666666667,15,8,7,7,7.91666666666667,7.83333333333333,13,2,1,6,9,1171,781,390,147,467,704,7.07536049530316,7.61571702944942,5.9932618974359,6.0608843537415,7.22275160599572,6.97758826704546,146
"140",2013,8,7.45,10,8.1,6.8,5.66666666666667,6.83333333333333,7.71428571428571,5,5,3,3,7,1181,786,395,150,470,711,7.07853271803557,7.61879770992366,6.0034737721519,6.053,7.22026595744681,6.98484126582279,147
"141",2013,9,7.5,12,8,6.5,4.5,7.75,7.375,8,4,2,4,8,1193,794,399,152,474,719,7.08277212070411,7.62263853904282,6.00845147869674,6.03256578947368,7.22473628691983,6.98918239221141,148
"142",2013,10,7.8,5,6.5,8.66666666666667,8,7,8,2,3,1,1,4,1198,796,402,153,475,723,7.08576555926544,7.61981783919598,6.02828890547264,6.04542483660131,7.22426315789474,6.99477474412172,149
"143",2013,11,7.28888888888889,9,7.66666666666667,6.53333333333333,8,7.66666666666667,7.1,6,3,1,3,6,1207,802,405,154,478,729,7.08728014913008,7.62016832917706,6.03202997530864,6.05811688311688,7.22703974895397,6.99564079561043,150
"144",2013,12,7.8125,8,8.7,6.33333333333333,6,8.5,7.58333333333333,5,3,2,2,6,1215,807,408,156,480,735,7.09205525925926,7.62685873605948,6.03424544117647,6.0573717948718,7.23234375,7.00043828571429,151
"145",2014,1,7.55076923076923,13,7.52,7.6,7.66666666666667,6.625,7.96222222222222,8,5,3,4,9,1228,815,413,159,484,744,7.09691135179153,7.62580981595092,6.05320130750605,6.08773584905661,7.22732438016529,7.01207276881721,152
"146",2014,2,6.89285714285714,14,7.72222222222222,5.4,5.5,7.14285714285714,6.64285714285714,9,5,2,7,7,1242,824,418,161,491,751,7.09461122383253,7.62686286407767,6.04538789473684,6.0804347826087,7.22612016293279,7.0086313448735,153
"147",2014,3,6,4,6.33333333333333,5,5,7,5,3,1,1,2,2,1246,827,419,162,493,753,7.09109722311397,7.62217049576784,6.04289293556086,6.07376543209877,7.22520283975659,7.00329633466136,154
"148",2014,4,6.77777777777778,9,7.41666666666667,5.5,5,7.16666666666667,6.58333333333333,6,3,1,3,6,1255,833,422,163,496,759,7.08885031075697,7.62069027611044,6.03903350710901,6.06717791411043,7.22484879032258,6.99997646903821,155
"149",2014,5,7.5,5,8,7.16666666666667,7,7.66666666666667,7.25,2,3,1,3,2,1260,835,425,164,499,761,7.09048185714286,7.62159880239521,6.04699327058824,6.07286585365854,7.22750501002004,7.00063356110381,156
"150",2014,6,6.5,2,7,6,6,NA,6.5,1,1,1,0,2,1262,836,426,165,499,763,7.08954606973059,7.62085526315789,6.04688295774648,6.07242424242424,7.22750501002004,6.99932128440367,157
"151",2014,7,6.5,6,5.66666666666667,7.33333333333333,NA,6,6.6,3,3,0,1,5,1268,839,429,165,500,768,7.08675641955836,7.61386769964243,6.05587911421912,6.07242424242424,7.22505,6.99672153645833,158
"152",2014,8,8.21875,8,8.35,8,9,NA,8.21875,5,3,1,0,8,1276,844,432,166,500,776,7.09385355799373,7.61822867298578,6.0693799537037,6.09006024096386,7.22505,7.00931976804124,159
"153",2014,9,8.08333333333333,6,8.25,7.75,7.75,NA,8.08333333333333,4,2,2,0,6,1282,848,434,168,500,782,7.09848450858035,7.62120872641509,6.07712474654378,6.10982142857143,7.22505,7.01756028132992,160
"154",2014,10,7.625,12,8.05555555555556,6.33333333333333,6,8.75,7.4,9,3,2,2,10,1294,857,437,170,502,792,7.103367187017,7.62577012835473,6.07888361556064,6.10852941176471,7.23112549800797,7.02238906565657,161
"155",2014,11,6.07142857142857,7,6.125,6,8,4,6.9,4,3,2,2,5,1301,861,440,172,504,797,7.09781486548809,7.61879790940767,6.07834577272727,6.13052325581396,7.21830357142857,7.02162125470515,162
"156",2014,12,6.08181818181818,11,7.3,5.06666666666667,4.55,4.55,6.42222222222222,5,6,2,2,9,1312,866,446,174,506,806,7.08929660060976,7.61695727482679,6.06473573991032,6.11235632183908,7.20775691699605,7.01492821339951,163
"157",2015,1,6.71428571428571,7,6.75,6.66666666666667,6,6.33333333333333,7,4,3,2,3,4,1319,870,449,176,509,810,7.08730639878696,7.61297126436782,6.06875755011136,6.11107954545455,7.20260314341847,7.01485449382716,164
"158",2015,2,7.22666666666667,15,7.71818181818182,5.875,6,7.3,7.20833333333333,11,4,2,3,12,1334,881,453,178,512,822,7.08887341829086,7.61428490351873,6.06704666666667,6.10983146067416,7.203173828125,7.01767900243309,165
"159",2015,3,6.72727272727273,11,7.57142857142857,5.25,6,6,6.88888888888889,7,4,2,2,9,1345,888,457,180,514,831,7.08591608921933,7.61394707207207,6.05989527352298,6.10861111111111,7.19849221789883,7.01628416365824,166
"160",2015,4,7.41538461538462,13,8.2625,6.06,6,7.375,7.43333333333333,8,5,1,4,9,1358,896,462,181,518,840,7.08907005891016,7.61973772321429,6.05989640692641,6.10801104972376,7.19985521235521,7.02075254761905,167
"161",2015,5,7.90909090909091,11,8.22222222222222,6.5,9,8.75,7.72222222222222,9,2,1,2,9,1369,905,464,182,520,849,7.09565897735574,7.62572928176796,6.06179340517242,6.1239010989011,7.20581730769231,7.02818862190813,168
"162",2015,6,7.63,10,8.61428571428571,5.33333333333333,5,7.64285714285714,7.6,7,3,2,7,3,1379,912,467,184,527,852,7.09953382160986,7.63331688596491,6.05711379014989,6.1116847826087,7.21162239089184,7.03020204225352,169
"163",2015,7,7.27272727272727,11,8.4,6.33333333333333,6.66666666666667,7.16666666666667,7.4,5,6,6,6,5,1390,917,473,190,533,857,7.10090441726619,7.63749727371865,6.06061763213531,6.12921052631579,7.21111632270169,7.03235955659277,170
"164",2015,8,7.72727272727273,11,8,7,NA,8.33333333333333,7.5,8,3,0,3,8,1401,925,476,190,536,865,7.1058223697359,7.64063243243243,6.0665381092437,6.12921052631579,7.2173973880597,7.0366845549133,171
"165",2015,9,8.77777777777778,9,8.8125,8.5,NA,9.83333333333333,8.25,8,1,0,3,6,1410,933,477,190,539,871,7.11649442553192,7.65068060021436,6.07163970649895,6.12921052631579,7.2319573283859,7.04504264064294,172
"166",2015,10,8.675,8,8.48571428571429,10,NA,8.34,9.23333333333333,7,1,0,5,3,1418,940,478,190,544,874,7.12528712270804,7.65689893617021,6.0798580334728,6.12921052631579,7.24214154411765,7.05255393592677,173
"167",2015,11,7.1,9,7.12857142857143,7,NA,7.3,7,7,2,0,3,6,1427,947,480,190,547,880,7.12512763840224,7.65299366420274,6.08369195833333,6.12921052631579,7.24245886654479,7.05219561363636,174
"168",2015,12,7.31666666666667,6,7,7.63333333333333,6.9,NA,7.31666666666667,3,3,1,0,6,1433,950,483,191,547,886,7.12592961618981,7.65093157894737,6.09331706004141,6.13324607329843,7.24245886654479,7.05398661399549,175
"169",2016,1,6,3,6.5,5,5,NA,6,2,1,1,0,3,1436,952,484,192,547,889,7.12357739554318,7.64851365546218,6.09105814049587,6.12734375,7.24245886654479,7.05042985376828,176
"170",2016,2,6.41666666666667,6,7.3,2,NA,6.83333333333333,6,5,1,0,3,3,1442,957,485,192,550,892,7.12063601941748,7.64669278996865,6.08262296907217,6.12734375,7.24022727272727,7.04689701793722,177
"171",2016,3,7.09166666666667,12,7.825,5.625,6,6.16666666666667,8.01666666666667,8,4,1,6,6,1454,965,489,193,556,898,7.12039693259973,7.64817098445596,6.07887963190184,6.12668393782384,7.22864208633094,7.05337654788419,178
"172",2016,4,8,8,8.28571428571429,6,NA,7.5,8.16666666666667,7,1,0,2,6,1462,972,490,193,558,904,7.12521008207934,7.65276234567901,6.07871865306123,6.12668393782384,7.2296146953405,7.06076564159292,179
"173",2016,5,7.18181818181818,11,8.66666666666667,5.4,6.5,6.6,7.66666666666667,6,5,2,5,6,1473,978,495,195,563,910,7.1256328173795,7.65898261758691,6.07186290909091,6.13051282051282,7.22402309058615,7.06476059340659,180
"174",2016,6,7,6,8.33333333333333,5.66666666666667,5,5.75,9.5,3,3,1,4,2,1479,981,498,196,567,912,7.12512315077755,7.66104485219164,6.06942196787149,6.12474489795918,7.21362433862434,7.07010103070176,181
"175",2016,7,7,10,8.66666666666667,6.28571428571429,6.33333333333333,8,6.75,3,7,3,2,8,1489,984,505,199,569,920,7.12428283411686,7.66411077235772,6.07242007920792,6.12788944723618,7.21638840070299,7.06731754347826,182
"176",2016,8,7.66666666666667,9,8.83333333333333,5.33333333333333,5.5,6.33333333333333,8.33333333333333,6,3,2,3,6,1498,990,508,201,572,926,7.12754148197597,7.67119696969697,6.06805539370079,6.12164179104478,7.21175699300699,7.07552066954644,183
"177",2016,9,7.375,8,7.75,7,7,7.5,7.25,4,4,1,4,4,1506,994,512,202,576,930,7.12885600265604,7.67151408450704,6.0753362109375,6.1259900990099,7.21375868055556,7.07627111827957,184
"178",2016,10,7.7,10,7.77777777777778,7,7,8,7.625,9,1,1,2,8,1516,1003,513,203,578,938,7.13262344327177,7.67246759720837,6.07713867446394,6.13029556650246,7.21647923875433,7.08095110874201,185
"179",2016,11,8.53571428571429,7,9,8.1875,10,9.25,8,3,4,1,3,4,1523,1006,517,204,581,942,7.13907231779383,7.67642644135189,6.09346642166344,6.14926470588235,7.22697934595525,7.08485365180467,186
"180",2016,12,7.14285714285714,7,7.66666666666667,6.75,9,9.5,6.2,3,4,1,2,5,1530,1009,521,205,583,947,7.13908963398693,7.67639742319128,6.0985069865643,6.16317073170732,7.23477701543739,7.08018177402323,187
"181",2017,1,7.5,10,7.55555555555556,7,NA,8,7.375,9,1,0,2,8,1540,1018,522,205,585,955,7.14143320779221,7.67532907662082,6.10023398467433,6.16317073170732,7.23739316239316,7.08265145549738,188
"182",2017,2,7.54545454545455,11,7.25,8.33333333333333,8,9.5,7.11111111111111,8,3,2,2,9,1551,1026,525,207,587,964,7.1442986073501,7.6720126705653,6.11299455238095,6.18091787439614,7.24510221465077,7.08291715767635,189
"183",2017,3,6.14285714285714,7,6.5,5.66666666666667,5,8,5.83333333333333,4,3,1,1,6,1558,1030,528,208,588,970,7.13979919127086,7.66746116504854,6.11045859848485,6.17524038461539,7.24638605442177,7.07518777319588,190
"184",2017,4,8.44444444444444,9,8.625,7,7,7,8.625,8,1,1,1,8,1567,1038,529,209,589,978,7.14729236758137,7.67484104046243,6.11214015122873,6.17918660287082,7.24596774193548,7.08786517382413,191
"185",2017,5,7.9375,8,8.4,7.16666666666667,6.5,6,8.21428571428571,5,3,1,1,7,1575,1043,532,210,590,985,7.15130612063492,7.67831735378715,6.11808672932331,6.18071428571429,7.24385593220339,7.0958701928934,192
"186",2017,6,7,6,7,7,NA,6.5,7.25,5,1,0,2,4,1581,1048,533,210,592,989,7.15073190385832,7.67508110687023,6.11974135084428,6.18071428571429,7.24134290540541,7.09649356926188,193
"187",2017,7,7.45,10,7.78571428571429,6.66666666666667,7,8.75,7.125,7,3,1,2,8,1591,1055,536,211,594,997,7.15261291011942,7.67581516587678,6.1228025,6.18459715639811,7.24642255892256,7.09672230692076,194
"188",2017,8,8.1,9,8.55714285714286,6.5,7.7,8.96666666666667,7.66666666666667,7,2,2,3,6,1600,1062,538,213,597,1003,7.1579419625,7.68162429378531,6.12420472118959,6.19882629107981,7.25506700167504,7.1001317447657,195
"189",2017,9,8.25,8,8.2,8.33333333333333,7,7,8.42857142857143,5,3,1,1,7,1608,1067,541,214,598,1010,7.16337508706468,7.684053420806,6.13645497227357,6.20257009345795,7.25464046822742,7.10933875247525,196
"190",2017,10,7.26,5,7.43333333333333,7,NA,9.8,6.625,3,2,0,1,4,1613,1070,543,214,599,1014,7.16367460632362,7.68335046728972,6.13963561694291,6.20257009345795,7.2588898163606,7.10742814595661,197
"191",2017,11,7.1,10,7.71428571428571,5.66666666666667,4,8,7,7,3,1,1,9,1623,1077,546,215,600,1023,7.1632822797289,7.68355153203342,6.13703688644689,6.19232558139535,7.260125,7.10648303030303,198
"192",2017,12,7,7,7.6,5.5,8,10,6.5,5,2,1,1,6,1630,1082,548,216,601,1029,7.16258106748466,7.68316543438077,6.13471193430657,6.20069444444445,7.26468386023295,7.10294668610301,199
"193",2018,1,8.5,4,8.5,NA,NA,NA,8.5,4,0,0,0,4,1634,1086,548,216,601,1033,7.16585504283966,7.68617403314917,6.13471193430657,6.20069444444445,7.26468386023295,7.10835637947725,200
"194",2018,2,6.61428571428571,7,7.83333333333333,5.7,2,8,6.38333333333333,3,4,1,1,6,1641,1089,552,217,602,1039,7.16350221815966,7.68657943067034,6.13156184782609,6.18133640552996,7.26590531561462,7.10416952839269,201
"195",2018,3,7.4,5,8.75,2,NA,10,6.75,4,1,0,1,4,1646,1093,553,217,603,1043,7.16422061968408,7.69047118023787,6.12409066907776,6.18133640552996,7.27043946932007,7.10281125599233,202
"196",2018,4,6.375,12,7.35714285714286,5,7,6.1,6.46666666666667,7,5,3,3,9,1658,1100,558,220,606,1052,7.15850852834741,7.68835,6.11401817204301,6.1925,7.26464521452145,7.09736895437262,203
"197",2018,5,8,2,8,NA,NA,NA,8,2,0,0,0,2,1660,1102,558,220,606,1054,7.15952237349398,7.68891560798548,6.11401817204301,6.1925,7.26464521452145,7.09908172675522,204
"198",2018,6,8.05,10,8.14285714285714,7.83333333333333,7.83333333333333,7.5,8.41666666666667,7,3,3,4,6,1670,1109,561,223,610,1060,7.1648545748503,7.69178088367899,6.12321237076649,6.21457399103139,7.26618852459016,7.10653975471698,205
"199",2018,7,6,4,6,6,4.5,7,3,1,3,2,3,1,1674,1110,564,225,613,1061,7.16207117084827,7.69025675675675,6.1225569858156,6.19933333333334,7.26488580750408,7.10266931196984,206
"200",2018,8,7.71428571428571,14,7.76923076923077,7,7,7.33333333333333,8,13,1,1,6,8,1688,1123,565,226,619,1069,7.1666511492891,7.69117097061442,6.12410998230089,6.20287610619469,7.265549273021,7.10938460243218,207
"201",2018,9,6.92857142857143,7,6.7,7.5,NA,7.25,6.8,5,2,0,2,5,1695,1128,567,226,621,1074,7.16566792920354,7.6867774822695,6.12896320987654,6.20287610619469,7.26549919484702,7.10794426443203,208
"202",2018,10,5.53571428571429,7,6.25,4.58333333333333,NA,5,5.625,4,3,0,1,6,1702,1132,570,226,622,1080,7.15896424206815,7.68170053003533,6.12082831578947,6.20287610619469,7.26185691318328,7.09970568518519,209
"203",2018,11,7.70833333333333,12,7.83333333333333,7.58333333333333,8,7,7.94444444444444,6,6,4,3,9,1714,1138,576,230,625,1089,7.16281046674446,7.6825,6.13606274305556,6.23413043478261,7.2606,7.10668699724518,210
"204",2018,12,7.66666666666667,9,7.83333333333333,7.33333333333333,8,7.33333333333333,7.83333333333333,6,3,1,3,6,1723,1144,579,231,628,1095,7.16544233313987,7.68329108391608,6.14226621761658,6.24177489177489,7.2609474522293,7.11066862100457,211
"205",2019,1,8,11,9.33333333333333,6.4,5,7.2,8.66666666666667,6,5,2,5,6,1734,1150,584,233,633,1101,7.17073652825836,7.6919,6.14447284246575,6.23111587982833,7.26046603475513,7.11914817438692,212
"206",2019,2,8.66666666666667,9,8.25,9.5,9.25,8.75,8.64285714285714,6,3,2,2,7,1743,1156,587,235,635,1108,7.17846078026391,7.69479671280277,6.16162204429302,6.2568085106383,7.26515748031496,7.12877449458484,213
"207",2019,3,7.125,8,7.66666666666667,6.8,6,7,7.25,3,5,2,4,4,1751,1159,592,237,639,1112,7.17821652769846,7.69472389991372,6.16701375,6.25464135021097,7.26349765258216,7.12921055755396,214
"208",2019,4,7.5,6,7,8.5,7,8.5,7,4,2,2,2,4,1757,1163,594,239,641,1116,7.17931538986909,7.69233447979363,6.17486892255892,6.26087866108787,7.26735569422777,7.12874743727599,215
"209",2019,5,7.2,5,7.5,7,NA,9,6,2,3,0,2,3,1762,1165,597,239,643,1119,7.17937408626561,7.69200429184549,6.17901530988275,6.26087866108787,7.27274494556765,7.12572130473637,216
"210",2019,6,6.83333333333333,6,7.5,5.5,NA,8,5.66666666666667,4,2,0,3,3,1768,1169,599,239,646,1122,7.178199739819,7.69134730538922,6.17674814691152,6.26087866108787,7.27612229102167,7.12182008912656,217
"211",2019,7,8.4,5,8,10,NA,10,8,4,1,0,1,4,1773,1173,600,239,647,1126,7.18164531302876,7.69239982949701,6.18312023333333,6.26087866108787,7.28033230293663,7.12493973357016,218
"212",2019,8,8.198,10,8.1225,8.5,7,9.196,7.2,8,2,1,5,5,1783,1181,602,240,652,1131,7.18734556365676,7.6953132938188,6.19081750830565,6.26395833333333,7.29502300613497,7.12527156498674,219
"213",2019,9,6.88857142857143,7,8.5,6.244,NA,9,6.53666666666667,2,5,0,1,6,1790,1183,607,240,653,1137,7.18617717318436,7.69667371090448,6.19125558484349,6.26395833333333,7.29763399693721,7.1221654705365,220
"214",2019,10,7.7,5,9.33333333333333,5.25,NA,9,6.83333333333333,3,2,0,2,3,1795,1186,609,240,655,1140,7.18760843454039,7.70081365935919,6.18816443349754,6.26395833333333,7.3028320610687,7.12140538596491,221
"215",2019,11,9.2,5,9.2,NA,NA,10,9,5,0,0,1,4,1800,1191,609,240,656,1144,7.19319841111111,7.707107472712,6.18816443349754,6.26395833333333,7.30694359756098,7.1279738986014,222
"216",2019,12,6.81818181818182,11,7,6.33333333333333,6.33333333333333,7,6.77777777777778,8,3,3,2,9,1811,1199,612,243,658,1153,7.19092056322474,7.7023894912427,6.18887604575163,6.26481481481482,7.30601063829787,7.12524036426713,223
"217",2020,1,6.45454545454545,11,7.28571428571429,5,5,6,6.55555555555556,7,4,2,2,9,1822,1206,616,245,660,1162,7.1864748298573,7.69997097844112,6.18115607142857,6.25448979591837,7.30205303030303,7.12082800344234,224
"218",2020,2,6.1,5,7.83333333333333,3.5,3,3.5,7.83333333333333,3,2,1,2,3,1827,1209,618,246,662,1165,7.18350144499179,7.70030190239867,6.17247919093851,6.24126016260163,7.2905664652568,7.12266278111588,225
"219",2020,3,6.34285714285714,7,6.25,6.38,6,6.16666666666667,6.475,2,5,2,3,4,1834,1211,623,248,665,1169,7.18029287895311,7.69790668868703,6.17414468699839,6.23931451612903,7.2854962406015,7.12044665526091,226
"220",2020,4,7.22222222222222,9,9.33333333333333,6.16666666666667,5.66666666666667,7.66666666666667,7,3,6,3,3,6,1843,1214,629,251,668,1175,7.18049763429191,7.70194810543657,6.174073354531,6.23247011952191,7.28720808383233,7.11983160851064,227
"221",2020,5,7.09090909090909,11,7.5,6,NA,7.25,7.05555555555556,8,3,0,2,9,1854,1222,632,251,670,1184,7.17996609492988,7.70062602291326,6.17324705696202,6.23247011952191,7.28709701492537,7.11934302364865,228
"222",2020,6,8.16666666666667,6,9,6.5,NA,8.5,8,4,2,0,2,4,1860,1226,634,251,672,1188,7.183149,7.70486541598695,6.17427782334385,6.23247011952191,7.29070684523809,7.1223081986532,229
"223",2020,7,8,10,8.625,5.5,5,8.25,7.83333333333333,8,2,1,4,6,1870,1234,636,252,676,1194,7.18751718716577,7.71083063209076,6.17215745283019,6.22757936507937,7.29638313609467,7.12588118927973,230
"224",2020,8,7.58333333333333,6,8.875,5,5,8.16666666666667,7,4,2,2,3,3,1876,1238,638,254,679,1197,7.18878312366738,7.71459208400646,6.16848297805643,6.21791338582677,7.30022827687776,7.12556569757728,231
"225",2020,9,7.75,2,7.75,NA,NA,10,5.5,2,0,0,1,1,1878,1240,638,254,680,1198,7.18938079872204,7.71464919354838,6.16848297805643,6.21791338582677,7.30419852941176,7.12420879799666,232
"226",2020,10,7.0875,8,7.8,5.9,5.85,6.33333333333333,7.54,5,3,2,3,5,1886,1245,641,256,683,1203,7.1889486426299,7.71499196787148,6.1672264274571,6.2150390625,7.29993411420205,7.12593694098088,233
"227",2020,11,6,11,6.875,3.66666666666667,3.5,6.5,5.71428571428571,8,3,2,4,7,1897,1253,644,258,687,1210,7.18205437005799,7.70962889066241,6.15557785714286,6.19399224806202,7.29527656477438,7.11777036363637,234
"228",2020,12,7.5,4,8.33333333333333,5,5,7,8,3,1,1,2,2,1901,1256,645,259,689,1212,7.18272337716991,7.71111863057325,6.15378626356589,6.18938223938224,7.29441944847605,7.11922618811881,235
"229",2021,1,8.58333333333333,6,8.58333333333333,NA,NA,7.5,8.8,6,0,0,1,5,1907,1262,645,259,690,1217,7.18713012060828,7.71526545166402,6.15378626356589,6.18938223938224,7.29471739130435,7.12613158586689,236
"230",2021,2,7.83875,8,8.625,7.0525,7.40333333333333,9,7.67285714285714,4,4,3,1,7,1915,1266,649,262,691,1224,7.1898522924282,7.71813981042654,6.15932533127889,6.20328244274809,7.29718523878437,7.12925828431373,237
"231",2021,3,7.75,6,8.33333333333333,7.16666666666667,4,7,8.125,3,3,1,2,4,1921,1269,652,263,693,1228,7.19160184279021,7.71959416863672,6.16396033742331,6.19490494296578,7.29632756132756,7.13250174267101,238
"232",2021,4,7.83333333333333,9,8.64285714285714,5,NA,9.125,6.8,7,2,0,4,5,1930,1276,654,263,697,1233,7.19459437305699,7.72465909090909,6.16040082568807,6.19490494296578,7.30682209469153,7.13115339821574,239
"233",2021,5,6.61666666666667,6,8.425,3,3,5.66666666666667,7.56666666666667,4,2,2,3,3,1936,1280,656,265,700,1236,7.19280327479339,7.72684765625,6.15076545731707,6.17079245283019,7.29979285714286,7.13221046925567,240
"234",2021,6,7.95454545454545,11,8.11111111111111,7.25,7.25,8.42857142857143,7.125,9,2,2,7,4,1947,1289,658,267,707,1240,7.19710690292758,7.72953064391001,6.15410659574468,6.17887640449438,7.31096888260255,7.13218720967742,241
"235",2021,7,8.86333333333333,9,8.97125,8,NA,9.4425,8.4,8,1,0,4,5,1956,1297,659,267,711,1245,7.20477358895705,7.73718966846569,6.15690764795144,6.17887640449438,7.32296061884669,7.13727882730924,242
"236",2021,8,7.69857142857143,7,8.778,5,5,4.945,8.8,5,2,2,2,5,1963,1302,661,269,713,1250,7.20653445746307,7.7411866359447,6.1534071709531,6.17011152416357,7.31629032258065,7.143929712,243
"237",2021,9,6,2,6,NA,NA,9,3,2,0,0,1,1,1965,1304,661,269,714,1251,7.20530643256997,7.73851610429448,6.1534071709531,6.17011152416357,7.31864845938375,7.14061721822542,244
"238",2021,10,8.83333333333333,3,10,6.5,NA,6.5,10,2,1,0,1,2,1968,1306,662,269,715,1253,7.20778818089431,7.74197932618683,6.15393072507553,6.17011152416357,7.3175034965035,7.14518127693536,245
"239",2021,11,7.07142857142857,7,7,7.125,6,7,7.08333333333333,3,4,1,1,6,1975,1309,666,270,716,1259,7.20730488101266,7.74027883880825,6.15976297297297,6.16948148148148,7.31706005586592,7.14488652899126,246
"240",2021,12,8.44444444444444,9,8.85714285714286,7,4,8,8.66666666666667,7,2,1,3,6,1984,1316,668,271,719,1265,7.21291690524193,7.74621960486322,6.16227865269461,6.16147601476015,7.31990959666203,7.15210445849803,247
"241",2022,1,8.16666666666667,6,8.8,5,5,8.5,8,5,1,1,2,4,1990,1321,669,272,721,1269,7.21579253266332,7.75020817562453,6.16054131539611,6.15720588235294,7.32318307905687,7.1547771000788,248
"242",2022,2,8.71875,8,7.91666666666667,9.2,NA,8,8.82142857142857,3,5,0,1,7,1998,1324,674,272,722,1276,7.22181038038038,7.75058534743202,6.18308922848665,6.15720588235294,7.32412049861496,7.16392017241379,249
"243",2022,3,7.58333333333333,6,9.83333333333333,5.33333333333333,5.5,5,8.1,3,3,2,1,5,2004,1327,677,274,723,1281,7.22289278443114,7.75529389600603,6.17932369276219,6.15240875912409,7.32090594744122,7.16757387978142,250
"244",2022,4,8.84777777777778,9,8.84777777777778,NA,NA,10,8.70375,9,0,0,1,8,2013,1336,677,274,724,1289,7.23015754595132,7.76265344311377,6.17932369276219,6.15240875912409,7.32460635359116,7.17710794414275,251
"245",2022,5,7.32352941176471,17,7.57692307692308,6.5,7,7.9,7.08333333333333,13,4,1,5,12,2030,1349,681,275,729,1301,7.23093947783251,7.76086360266864,6.18120725403818,6.15549090909091,7.32855281207133,7.17624299769408,252
"246",2022,6,8.15,6,9.66666666666667,6.63333333333333,6,8.66666666666667,7.63333333333333,3,3,1,3,3,2036,1352,684,276,732,1304,7.23364790766208,7.7650924556213,6.18319026315789,6.15492753623189,7.3340368852459,7.17729458588957,253
"247",2022,7,8.83333333333333,6,8.66666666666667,9,NA,9.5,8.5,3,3,0,2,4,2042,1355,687,276,734,1308,7.23834825661116,7.76708856088561,6.19549074235808,6.15492753623189,7.33993869209809,7.18133955657492,254
"248",2022,8,9.66666666666667,6,9.75,9.5,NA,9.66666666666667,9.66666666666667,4,2,0,3,3,2048,1359,689,276,737,1311,7.24546247070312,7.77292494481236,6.2050829317852,6.15492753623189,7.34940976933514,7.18702680396644,255
"249",2022,9,7.375,8,8.33333333333333,6.8,6,6,7.83333333333333,3,5,1,2,6,2056,1362,694,277,739,1317,7.2459665077821,7.77415932452276,6.2093690778098,6.15436823104693,7.34575778078484,7.18997125284738,256
"250",2022,10,8.55555555555556,9,9.25,8,7.33333333333333,7,9,4,5,3,2,7,2065,1366,699,280,741,1324,7.25167415980629,7.77848096632503,6.22217759656652,6.167,7.34482456140351,7.19954089123867,257
"251",2022,11,8.0625,8,8.41666666666667,7,NA,10,7.78571428571429,6,2,0,1,7,2073,1372,701,280,742,1331,7.25480325132658,7.78127186588921,6.22439677603424,6.167,7.34840296495957,7.20262369646882,258
"252",2022,12,8.75,8,9.33333333333333,7,7,9,8.66666666666667,6,2,2,2,6,2081,1378,703,282,744,1337,7.26055124459394,7.7880297532656,6.22660332859175,6.17290780141844,7.35284274193548,7.20919382198953,259
