"","year","month","avg_rating","no_ratings","avg_rating_owned","avg_rating_not_owned","avg_rating_prev_owned","avg_rating_comment","avg_rating_no_comment","no_ratings_owned","no_ratings_not_owned","no_ratings_prev_owned","no_ratings_comment","no_ratings_no_comment","cum_no_ratings","cum_no_ratings_owned","cum_no_ratings_not_owned","cum_no_ratings_prev_owned","cum_no_ratings_comment","cum_no_ratings_no_comment","cum_avg_rating","cum_avg_rating_owned","cum_avg_rating_not_owned","cum_avg_rating_prev_owned","cum_avg_rating_comment","cum_avg_rating_no_comment","month_after_release"
"1",2001,6,7,4,6,8,NA,NA,7,2,2,0,0,4,4,2,2,0,0,4,7,6,8,NA,NA,7,1
"2",2001,7,7,1,7,NA,NA,NA,7,1,0,0,0,1,5,3,2,0,0,5,7,6.33333333333333,8,NA,NA,7,2
"3",2001,8,4.75,4,6,3.5,4,9,3.33333333333333,2,2,1,1,3,9,5,4,1,1,8,6,6.2,5.75,4,9,5.625,3
"4",2001,9,5.5,2,NA,5.5,NA,3,8,0,2,0,1,1,11,5,6,1,2,9,5.90909090909091,6.2,5.66666666666667,4,6,5.88888888888889,4
"5",2001,10,6.5,2,6.5,NA,NA,NA,6.5,2,0,0,0,2,13,7,6,1,2,11,6,6.28571428571429,5.66666666666667,4,6,6,5
"6",2001,11,6.8,5,7.33333333333333,6,7,NA,6.8,3,2,1,0,5,18,10,8,2,2,16,6.22222222222222,6.6,5.75,5.5,6,6.25,6
"7",2002,1,10,1,10,NA,NA,NA,10,1,0,0,0,1,19,11,8,2,2,17,6.42105263157895,6.90909090909091,5.75,5.5,6,6.47058823529412,8
"8",2002,2,5.75,2,6,5.5,5.5,NA,5.75,1,1,1,0,2,21,12,9,3,2,19,6.35714285714286,6.83333333333333,5.72222222222222,5.5,6,6.39473684210526,9
"9",2002,5,6.66666666666667,3,6.66666666666667,NA,NA,6,7,3,0,0,1,2,24,15,9,3,3,21,6.39583333333333,6.8,5.72222222222222,5.5,6,6.45238095238095,12
"10",2002,6,6,3,6,6,NA,NA,6,2,1,0,0,3,27,17,10,3,3,24,6.35185185185185,6.70588235294118,5.75,5.5,6,6.39583333333333,13
"11",2002,7,6.33333333333333,3,6.33333333333333,NA,NA,NA,6.33333333333333,3,0,0,0,3,30,20,10,3,3,27,6.35,6.65,5.75,5.5,6,6.38888888888889,14
"12",2002,8,7.25,8,7.25,NA,NA,9,6.66666666666667,8,0,0,2,6,38,28,10,3,5,33,6.53947368421053,6.82142857142857,5.75,5.5,7.2,6.43939393939394,15
"13",2002,9,8,2,7,9,9,NA,8,1,1,1,0,2,40,29,11,4,5,35,6.6125,6.82758620689655,6.04545454545455,6.375,7.2,6.52857142857143,16
"14",2002,10,7.5,2,7.5,NA,NA,NA,7.5,2,0,0,0,2,42,31,11,4,5,37,6.65476190476191,6.87096774193548,6.04545454545455,6.375,7.2,6.58108108108108,17
"15",2002,11,6.83333333333333,6,7.75,5,3,6.25,8,4,2,1,4,2,48,35,13,5,9,39,6.67708333333333,6.97142857142857,5.88461538461539,5.7,6.77777777777778,6.65384615384615,18
"16",2002,12,7.25,4,7.25,NA,NA,8,7,4,0,0,1,3,52,39,13,5,10,42,6.72115384615385,7,5.88461538461539,5.7,6.9,6.67857142857143,19
"17",2003,1,7.14285714285714,7,7.4,6.5,NA,7.66666666666667,6.75,5,2,0,3,4,59,44,15,5,13,46,6.77118644067797,7.04545454545455,5.96666666666667,5.7,7.07692307692308,6.68478260869565,20
"18",2003,2,7.25,2,7.25,NA,NA,NA,7.25,2,0,0,0,2,61,46,15,5,13,48,6.78688524590164,7.05434782608696,5.96666666666667,5.7,7.07692307692308,6.70833333333333,21
"19",2003,3,7,3,7,7,NA,7,7,2,1,0,2,1,64,48,16,5,15,49,6.796875,7.05208333333333,6.03125,5.7,7.06666666666667,6.71428571428571,22
"20",2003,4,6,1,6,NA,NA,6,NA,1,0,0,1,0,65,49,16,5,16,49,6.78461538461538,7.03061224489796,6.03125,5.7,7,6.71428571428571,23
"21",2003,5,7.35,10,7.64285714285714,6.66666666666667,7,7.625,7.16666666666667,7,3,1,4,6,75,56,19,6,20,55,6.86,7.10714285714286,6.13157894736842,5.91666666666667,7.125,6.76363636363636,24
"22",2003,6,6.92857142857143,7,6.91666666666667,7,NA,7,6.91666666666667,6,1,0,1,6,82,62,20,6,21,61,6.86585365853659,7.08870967741935,6.175,5.91666666666667,7.11904761904762,6.77868852459016,25
"23",2003,7,6.78260869565217,23,7.15789473684211,5,NA,7.25,6.68421052631579,19,4,0,4,19,105,81,24,6,25,80,6.84761904761905,7.10493827160494,5.97916666666667,5.91666666666667,7.14,6.75625,26
"24",2003,8,6.6,10,7.5,5.25,NA,6.25,6.83333333333333,6,4,0,4,6,115,87,28,6,29,86,6.82608695652174,7.13218390804598,5.875,5.91666666666667,7.01724137931035,6.76162790697674,27
"25",2003,9,7.14285714285714,7,7.8,5.5,5,7.66666666666667,6.75,5,2,1,3,4,122,92,30,7,32,90,6.84426229508197,7.16847826086957,5.85,5.78571428571429,7.078125,6.76111111111111,28
"26",2003,10,8,6,8,NA,NA,7.75,8.125,6,0,0,2,4,128,98,30,7,34,94,6.8984375,7.21938775510204,5.85,5.78571428571429,7.11764705882353,6.81914893617021,29
"27",2003,11,7.33333333333333,3,7.33333333333333,NA,NA,7,7.5,3,0,0,1,2,131,101,30,7,35,96,6.90839694656489,7.22277227722772,5.85,5.78571428571429,7.11428571428571,6.83333333333333,30
"28",2003,12,5.6,5,5.6,NA,NA,NA,5.6,5,0,0,0,5,136,106,30,7,35,101,6.86029411764706,7.14622641509434,5.85,5.78571428571429,7.11428571428571,6.77227722772277,31
"29",2004,1,7.6875,8,7.91666666666667,7,7,7.1,8.66666666666667,6,2,1,5,3,144,112,32,8,40,104,6.90625,7.1875,5.921875,5.9375,7.1125,6.82692307692308,32
"30",2004,2,8.5,2,8.5,NA,NA,10,7,2,0,0,1,1,146,114,32,8,41,105,6.92808219178082,7.21052631578947,5.921875,5.9375,7.18292682926829,6.82857142857143,33
"31",2004,3,6.58,10,6.64444444444444,6,NA,5,6.75555555555556,9,1,0,1,9,156,123,33,8,42,114,6.90576923076923,7.16910569105691,5.92424242424242,5.9375,7.13095238095238,6.82280701754386,34
"32",2004,4,6.83333333333333,9,6.83333333333333,NA,NA,6.25,7,9,0,0,2,7,165,132,33,8,44,121,6.90181818181818,7.14621212121212,5.92424242424242,5.9375,7.09090909090909,6.83305785123967,35
"33",2004,5,7.92857142857143,7,7.91666666666667,8,NA,8.33333333333333,7.625,6,1,0,3,4,172,138,34,8,47,125,6.94360465116279,7.17971014492754,5.98529411764706,5.9375,7.17021276595745,6.8584,36
"34",2004,6,6.98571428571429,14,7.48333333333333,4,NA,7.3,6.75,12,2,0,6,8,186,150,36,8,53,133,6.94677419354839,7.204,5.875,5.9375,7.18490566037736,6.85187969924812,37
"35",2004,7,7.5,8,7.5,NA,NA,7.4,7.66666666666667,8,0,0,5,3,194,158,36,8,58,136,6.96958762886598,7.21898734177215,5.875,5.9375,7.20344827586207,6.86985294117647,38
"36",2004,8,7.33333333333333,6,7.5,7,8,7.25,7.5,4,2,1,4,2,200,162,38,9,62,138,6.9805,7.22592592592593,5.93421052631579,6.16666666666667,7.20645161290323,6.87898550724638,39
"37",2004,9,7.38888888888889,9,7.6875,5,NA,7.66666666666667,7.25,8,1,0,3,6,209,170,39,9,65,144,6.99808612440191,7.24764705882353,5.91025641025641,6.16666666666667,7.22769230769231,6.89444444444444,40
"38",2004,10,6.57142857142857,7,7.375,5.5,NA,6.2,7.5,4,3,0,5,2,216,174,42,9,70,146,6.98425925925926,7.25057471264368,5.88095238095238,6.16666666666667,7.15428571428572,6.9027397260274,41
"39",2004,11,7.5,10,8,7,7,8.66666666666667,7,5,5,1,3,7,226,179,47,10,73,153,7.0070796460177,7.27150837988827,6,6.25,7.21643835616439,6.90718954248366,42
"40",2004,12,7.1875,8,6.75,7.625,7.5,7.16666666666667,7.2,4,4,1,3,5,234,183,51,11,76,158,7.01324786324786,7.26010928961749,6.12745098039216,6.36363636363636,7.21447368421053,6.91645569620253,43
"41",2005,1,7.19230769230769,13,7.5,6.16666666666667,NA,7,7.3125,10,3,0,5,8,247,193,54,11,81,166,7.02267206477733,7.27253886010363,6.12962962962963,6.36363636363636,7.20123456790124,6.9355421686747,44
"42",2005,2,8.25,6,8.125,8.5,NA,7.875,9,4,2,0,4,2,253,197,56,11,85,168,7.05177865612648,7.28984771573604,6.21428571428571,6.36363636363636,7.23294117647059,6.96011904761905,45
"43",2005,3,7.8125,8,8.07142857142857,6,NA,7.75,7.83333333333333,7,1,0,2,6,261,204,57,11,87,174,7.07509578544061,7.31666666666667,6.21052631578947,6.36363636363636,7.2448275862069,6.99022988505747,46
"44",2005,4,7.33333333333333,6,7.2,8,NA,8,7.2,5,1,0,1,5,267,209,58,11,88,179,7.08089887640449,7.31387559808612,6.24137931034483,6.36363636363636,7.25340909090909,6.99608938547486,47
"45",2005,5,7.5,8,7.5,NA,NA,7,7.8,8,0,0,3,5,275,217,58,11,91,184,7.09309090909091,7.32073732718894,6.24137931034483,6.36363636363636,7.24505494505495,7.0179347826087,48
"46",2005,6,6.64285714285714,7,7.25,3,NA,5,7.3,6,1,0,2,5,282,223,59,11,93,189,7.08191489361702,7.31883408071749,6.1864406779661,6.36363636363636,7.19677419354839,7.02539682539683,49
"47",2005,7,6.78571428571429,7,8.5,6.1,7,6.5,6.9,2,5,1,2,5,289,225,64,12,95,194,7.07474048442906,7.32933333333333,6.1796875,6.41666666666667,7.1821052631579,7.02216494845361,50
"48",2005,8,6,5,7,4.5,NA,6,NA,3,2,0,5,0,294,228,66,12,100,194,7.05646258503401,7.325,6.12878787878788,6.41666666666667,7.123,7.02216494845361,51
"49",2005,9,7.11111111111111,9,7.1875,6.5,NA,7,7.14285714285714,8,1,0,2,7,303,236,67,12,102,201,7.05808580858086,7.32033898305085,6.13432835820895,6.41666666666667,7.12058823529412,7.02636815920398,52
"50",2005,10,7.11111111111111,9,8,5.33333333333333,8,9.33333333333333,6,6,3,1,3,6,312,242,70,13,105,207,7.05961538461538,7.33719008264463,6.1,6.53846153846154,7.18380952380953,6.99661835748792,53
"51",2005,11,6.18181818181818,11,6.14285714285714,6.25,6,5.58333333333333,6.9,7,4,1,6,5,323,249,74,14,111,212,7.0297213622291,7.30361445783133,6.10810810810811,6.5,7.0972972972973,6.99433962264151,54
"52",2005,12,6.85,8,6.36,7.66666666666667,7.5,4.5,7.63333333333333,5,3,2,2,6,331,254,77,16,113,218,7.02537764350453,7.28503937007874,6.16883116883117,6.625,7.05132743362832,7.01192660550459,55
"53",2006,1,7.0625,8,7.0625,NA,NA,6.75,7.375,8,0,0,4,4,339,262,77,16,117,222,7.02625368731563,7.27824427480916,6.16883116883117,6.625,7.04102564102564,7.01846846846847,56
"54",2006,2,7.66666666666667,9,8,7,7,8.25,7.2,6,3,1,4,5,348,268,80,17,121,227,7.04281609195402,7.29440298507463,6.2,6.64705882352941,7.08099173553719,7.02246696035242,57
"55",2006,3,7.03571428571429,14,7,7.16666666666667,8,7.21428571428571,6.85714285714286,11,3,1,7,7,362,279,83,18,128,234,7.04254143646409,7.28279569892473,6.23493975903614,6.72222222222222,7.08828125,7.01752136752137,58
"56",2006,4,7.3,5,7.16666666666667,7.5,NA,7,7.5,3,2,0,2,3,367,282,85,18,130,237,7.04604904632153,7.28156028368794,6.26470588235294,6.72222222222222,7.08692307692308,7.02362869198312,59
"57",2006,5,7.33333333333333,3,7.33333333333333,NA,NA,NA,7.33333333333333,3,0,0,0,3,370,285,85,18,130,240,7.04837837837838,7.28210526315789,6.26470588235294,6.72222222222222,7.08692307692308,7.0275,60
"58",2006,6,7.14285714285714,7,7.625,6.5,NA,7.5,6.875,4,3,0,3,4,377,289,88,18,133,244,7.05013262599469,7.28685121107266,6.27272727272727,6.72222222222222,7.09624060150376,7.025,61
"59",2006,7,7.38125,16,8.33333333333333,6.15714285714286,7.25,7.3,7.41818181818182,9,7,2,5,11,393,298,95,20,138,255,7.06361323155216,7.31845637583892,6.26421052631579,6.775,7.1036231884058,7.04196078431372,62
"60",2006,8,6.25,8,7,5.5,NA,6,6.33333333333333,4,4,0,2,6,401,302,99,20,140,261,7.04738154613466,7.31423841059603,6.23333333333333,6.775,7.08785714285714,7.02567049808429,63
"61",2006,9,7.125,8,7.16666666666667,7,NA,NA,7.125,6,2,0,0,8,409,308,101,20,140,269,7.04889975550122,7.31136363636364,6.24851485148515,6.775,7.08785714285714,7.02862453531598,64
"62",2006,10,6.5,7,7.75,6,7,4,6.91666666666667,2,5,1,1,6,416,310,106,21,141,275,7.03966346153846,7.3141935483871,6.23679245283019,6.78571428571429,7.06595744680851,7.02618181818182,65
"63",2006,11,9,2,9,NA,NA,NA,9,2,0,0,0,2,418,312,106,21,141,277,7.04904306220096,7.325,6.23679245283019,6.78571428571429,7.06595744680851,7.04043321299639,66
"64",2006,12,6.8125,8,6.9,6.66666666666667,NA,8,6.64285714285714,5,3,0,1,7,426,317,109,21,142,284,7.04460093896714,7.31829652996845,6.24862385321101,6.78571428571429,7.07253521126761,7.0306338028169,67
"65",2007,1,7.38235294117647,17,7.88461538461539,5.75,9,6.91666666666667,7.63636363636364,13,4,1,6,11,443,330,113,22,148,295,7.05756207674943,7.34060606060606,6.23097345132743,6.88636363636364,7.06621621621622,7.05322033898305,68
"66",2007,2,7.31205230769231,13,7.8125,6.511336,NA,7,7.507085,8,5,0,5,8,456,338,118,22,153,303,7.06481728070175,7.35177514792899,6.24285322033898,6.88636363636364,7.0640522875817,7.06520356435644,69
"67",2007,3,6.9,5,6.875,7,NA,7,6.875,4,1,0,1,4,461,342,119,22,154,307,7.06302967462039,7.34619883040936,6.24921579831933,6.88636363636364,7.06363636363636,7.06272534201954,70
"68",2007,4,7.15555555555556,9,7.42857142857143,6.2,NA,7.48,6.75,7,2,0,5,4,470,349,121,22,159,311,7.06480144680851,7.34785100286533,6.24840231404959,6.88636363636364,7.07672955974843,7.0587031511254,71
"69",2007,5,7.36666666666667,9,8,6.86,NA,7,7.66,4,5,0,4,5,479,353,126,22,163,316,7.07047323590814,7.35524079320113,6.27267206349206,6.88636363636364,7.07484662576687,7.06821734177215,72
"70",2007,6,7.20833333333333,12,7.25,7.125,NA,7.41666666666667,7,8,4,0,6,6,491,361,130,22,169,322,7.07384252545825,7.35290858725762,6.29889753846154,6.88636363636364,7.08698224852071,7.06694621118012,73
"71",2007,7,7.64705882352941,17,8,6.8,NA,7.21428571428571,7.95,12,5,0,7,10,508,373,135,22,176,332,7.09302496062992,7.37372654155496,6.31745688888889,6.88636363636364,7.09204545454546,7.09354421686747,74
"72",2007,8,7.8375,16,7.99090909090909,7.5,NA,8.73333333333333,7.3,11,5,0,6,10,524,384,140,22,182,342,7.11575702290076,7.39140625,6.35969057142857,6.88636363636364,7.14615384615385,7.09958093567252,75
"73",2007,9,7.55,10,7.72222222222222,6,NA,9,7.38888888888889,9,1,0,1,9,534,393,141,22,183,351,7.12388891385768,7.39898218829516,6.35713957446808,6.88636363636364,7.15628415300547,7.10699908831909,76
"74",2007,10,6.57142857142857,7,7,6.5,NA,7,6.5,1,6,0,1,6,541,394,147,22,184,357,7.1167406284658,7.39796954314721,6.3629706122449,6.88636363636364,7.1554347826087,7.09679742296919,77
"75",2007,11,6.78571428571429,14,7.57142857142857,6,6,6.5,7.16666666666667,7,7,1,8,6,555,401,154,23,192,363,7.10839041441441,7.40099750623441,6.34647194805195,6.84782608695652,7.128125,7.09795228650138,78
"76",2007,12,6.95,10,6.94444444444444,7,NA,7.875,6.33333333333333,9,1,0,4,6,565,410,155,23,196,369,7.10558704424779,7.3909756097561,6.35068825806452,6.84782608695652,7.14336734693878,7.08551945799458,79
"77",2008,1,7.325,20,7.40625,7,NA,7.33333333333333,7.32142857142857,16,4,0,6,14,585,426,159,23,202,383,7.11308834188034,7.39154929577465,6.36702314465409,6.84782608695652,7.1490099009901,7.09414276762402,80
"78",2008,2,7.54545454545455,11,7.77777777777778,6.5,NA,7,7.66666666666667,9,2,0,2,9,596,435,161,23,204,392,7.12106825503356,7.39954022988506,6.3686750310559,6.84782608695652,7.14754901960784,7.10728744897959,81
"79",2008,3,7.25,14,7.75,6.875,9,7.5,7,6,8,1,7,7,610,441,169,24,211,399,7.1240273442623,7.40430839002267,6.39264307692308,6.9375,7.15924170616114,7.10540521303258,82
"80",2008,4,7.51666666666667,18,7.78571428571429,6.575,NA,8,7.275,14,4,0,6,12,628,455,173,24,217,411,7.13528133757962,7.41604395604396,6.39685942196532,6.9375,7.18248847926267,7.11035688564477,83
"81",2008,5,7.11363636363636,22,7.90909090909091,6.31818181818182,8,6.81818181818182,7.40909090909091,11,11,1,11,11,650,466,184,25,228,422,7.13454873846154,7.42768240343348,6.39215586956522,6.98,7.16491228070176,7.11814379146919,84
"82",2008,6,7.84375,16,8.33333333333333,7.21428571428571,6.5,7.9375,7.75,9,7,1,8,8,666,475,191,26,236,430,7.15158660660661,7.44484210526316,6.42228628272251,6.96153846153846,7.19110169491526,7.12989925581395,85
"83",2008,7,7.05483870967742,31,7.65882352941177,6.32142857142857,6.83333333333333,6.71333333333333,7.375,17,14,9,15,16,697,492,205,35,251,446,7.14728361549498,7.45223577235772,6.41539843902439,6.92857142857143,7.16254980079681,7.13869210762332,86
"84",2008,8,6.79230769230769,13,7.33333333333333,6.32857142857143,6,7.05,6.57142857142857,6,7,3,6,7,710,498,212,38,257,453,7.14078405633803,7.4508032128514,6.41253150943396,6.85526315789474,7.15992217898833,7.12992644591612,87
"85",2008,9,6.66666666666667,18,7.5,5.83333333333333,6,7.375,6.1,9,9,4,8,10,728,507,221,42,265,463,7.12906137362637,7.4516765285996,6.38894425339367,6.77380952380952,7.16641509433962,7.10768181425486,88
"86",2008,10,7.06666666666667,15,8.2,6.5,6,7.33333333333333,6.88888888888889,5,10,1,6,9,743,512,231,43,271,472,7.12780172274563,7.458984375,6.39375186147186,6.75581395348837,7.17011070110701,7.10350991525424,89
"87",2008,11,7.23076923076923,13,7.71428571428571,6.66666666666667,5,7.08333333333333,7.35714285714286,7,6,1,6,7,756,519,237,44,277,479,7.12957232804233,7.46242774566474,6.40066109704641,6.71590909090909,7.16823104693141,7.10721645093946,90
"88",2008,12,6.72826086956522,23,7.20833333333333,6.20454545454545,6.43333333333333,6.47727272727273,6.95833333333333,12,11,6,11,12,779,531,248,50,288,491,7.11772359435173,7.45668549905838,6.39196241935484,6.682,7.14184027777778,7.10357775967413,91
"89",2009,1,6.82352941176471,17,7.4,6,5.5,6.66666666666667,6.90909090909091,10,7,2,6,11,796,541,255,52,294,502,7.11144055276382,7.45563770794824,6.38120266666667,6.63653846153846,7.13214285714286,7.09931609561753,92
"90",2009,2,7.0625,32,7.86666666666667,6.35294117647059,5.5,7.9,6.90740740740741,15,17,2,5,27,828,556,272,54,299,529,7.10954913043478,7.46672661870504,6.37943632352941,6.59444444444444,7.14498327759197,7.0895211342155,93
"91",2009,3,7.75,18,7.91666666666667,7.41666666666667,7.25,7.33333333333333,7.83333333333333,12,6,2,3,15,846,568,278,56,302,544,7.12317574468085,7.4762323943662,6.40182258992806,6.61785714285714,7.14685430463576,7.11003066176471,94
"92",2009,4,7.26,25,7.86363636363636,6.78571428571429,6.33333333333333,7.14285714285714,7.30555555555556,11,14,3,7,18,871,579,292,59,309,562,7.12710296211251,7.48359240069085,6.42022835616438,6.60338983050848,7.14676375404531,7.11629302491103,95
"93",2009,5,6.82692307692308,26,7.25,6.33333333333333,5.5,7.14285714285714,6.71052631578947,14,12,2,7,19,897,593,304,61,316,581,7.11840209587514,7.47807757166948,6.41679828947368,6.5672131147541,7.14667721518987,7.10302354561102,96
"94",2009,6,7.12222222222222,18,7.72222222222222,6.52222222222222,7,6.57142857142857,7.47272727272727,9,9,1,7,11,915,602,313,62,323,592,7.11847724590164,7.48172757475083,6.4198296485623,6.5741935483871,7.13421052631579,7.10989304054054,97
"95",2009,7,7.13888888888889,18,7.75,6.65,7.125,7.2,7.11538461538461,8,10,4,5,13,933,610,323,66,328,605,7.11887103965702,7.48524590163934,6.42695566563467,6.60757575757576,7.13521341463415,7.11001104132232,98
"96",2009,8,7.53888888888889,18,7.9,7.25,6,7.92857142857143,7.29090909090909,8,10,2,7,11,951,618,333,68,335,616,7.12682090431125,7.49061488673139,6.45167171171171,6.58970588235294,7.15179104477612,7.11324136363636,99
"97",2009,9,7.27142857142857,28,7.82142857142857,6.72142857142857,6.1,7.28571428571429,7.26666666666667,14,14,5,7,21,979,632,347,73,342,637,7.13095677221655,7.49794303797468,6.46255527377522,6.55616438356164,7.15453216374269,7.11829934065934,100
"98",2009,10,8.1,20,8.54545454545454,7.55555555555556,7,8.25,8.0625,11,9,2,4,16,999,643,356,75,346,653,7.15035703703704,7.51586314152411,6.49018730337079,6.568,7.16719653179191,7.14143442572741,101
"99",2009,11,7.23434782608696,23,7.69166666666667,6.73545454545455,6.8,7.209,7.25384615384615,12,11,1,10,13,1022,655,367,76,356,666,7.1522472407045,7.51908396946565,6.49753863760218,6.57105263157895,7.16837078651686,7.14362864864865,102
"100",2009,12,7.1741935483871,31,7.93636363636364,6.755,6.8,7.61111111111111,6.99545454545455,11,20,2,9,22,1053,666,387,78,365,688,7.15289333333333,7.52597597597598,6.51084413436693,6.57692307692308,7.17928767123288,7.13889052325581,103
"101",2010,1,7.38636363636364,22,8.25,6.89285714285714,7,7.25,7.4375,8,14,1,6,16,1075,674,401,79,371,704,7.15767133023256,7.53456973293769,6.52418124688279,6.58227848101266,7.18043126684636,7.14567710227273,104
"102",2010,2,7.12,15,7.73,5.9,4,8.25,6.94615384615385,10,5,1,2,13,1090,684,406,80,373,717,7.15715291743119,7.5374269005848,6.51649428571429,6.55,7.18616621983914,7.14205952580195,105
"103",2010,3,6.94444444444444,18,7.62222222222222,6.26666666666667,6.5,7.25,6.5625,9,9,1,10,8,1108,693,415,81,383,725,7.15369736462094,7.53852813852814,6.5110763373494,6.54938271604938,7.18783289817233,7.1356643862069,106
"104",2010,4,7.78888888888889,9,8.3,6,5,9,7.6375,7,2,1,1,8,1117,700,417,82,384,733,7.15881529095792,7.54614285714286,6.50862513189448,6.53048780487805,7.19255208333333,7.14114144611187,107
"105",2010,5,7.41176470588235,17,7.95,6.64285714285714,8.5,6.9,7.625,10,7,2,5,12,1134,710,424,84,389,745,7.1626073015873,7.55183098591549,6.51084122641509,6.57738095238095,7.18879177377892,7.1489351409396,108
"106",2010,6,7.43125,16,7.875,6.9875,NA,7.83333333333333,7.33846153846154,8,8,0,3,13,1150,718,432,84,392,758,7.16634493913043,7.55543175487465,6.51966824074074,6.57738095238095,7.19372448979592,7.15218559366755,109
"107",2010,7,7,14,8.33333333333333,6.63636363636364,6,7.5,6.72222222222222,3,11,1,5,9,1164,721,443,85,397,767,7.16434422680412,7.55866851595007,6.52256586907449,6.57058823529412,7.19758186397985,7.14714039113429,110
"108",2010,8,7.23421052631579,19,7.92,6.47222222222222,7.15,7.5625,7.14666666666667,10,9,5,4,15,1183,731,452,90,401,782,7.16546633981403,7.56361149110807,6.52156345132743,6.60277777777778,7.20122194513716,7.14713130434783,111
"109",2010,9,7.53125,16,7.96153846153846,5.66666666666667,8,NA,7.53125,13,3,1,0,16,1199,744,455,91,401,798,7.17034752293578,7.57056451612903,6.51592676923077,6.61813186813187,7.20122194513716,7.15483293233083,112
"110",2010,10,8.15384615384615,13,8.71428571428571,7.5,6,8,8.25,7,6,1,5,8,1212,751,461,92,406,806,7.18089660066007,7.58122503328895,6.5287346637744,6.61141304347826,7.21105911330049,7.16570307692308,113
"111",2010,11,7.5,25,7.82142857142857,7.09090909090909,7,8.5,7.30952380952381,14,11,1,4,21,1237,765,472,93,410,827,7.18734573969281,7.58562091503268,6.54183618644068,6.61559139784946,7.22363414634146,7.16935511487304,114
"112",2010,12,7.54,20,8.07,7.01,NA,7.1,7.58888888888889,10,10,0,2,18,1257,775,482,93,412,845,7.19295678599841,7.59187096774194,6.55154912863071,6.61559139784946,7.22303398058253,7.17829192899408,115
"113",2011,1,6.29166666666667,12,7,5.78571428571429,NA,6,6.38888888888889,5,7,0,3,9,1269,780,489,93,415,854,7.18443394799054,7.58807692307692,6.54058625766871,6.61559139784946,7.21419277108434,7.16997269320843,116
"114",2011,2,7.294,20,7.538,7.05,8,8.0475,6.79166666666667,10,10,2,8,12,1289,790,499,95,423,866,7.18613396431342,7.58744303797468,6.5507949498998,6.64473684210526,7.22995271867612,7.16473057736721,117
"115",2011,3,7.60714285714286,14,7.71428571428571,7.5,NA,8,7.5,7,7,0,3,11,1303,797,506,95,426,877,7.19065746738296,7.58855708908407,6.56392624505929,6.64473684210526,7.23537558685446,7.16893578107184,118
"116",2011,4,7.29411764705882,17,8.375,6.33333333333333,8,6.5,8,8,9,2,8,9,1320,805,515,97,434,886,7.19198990909091,7.59637267080745,6.55989646601942,6.67268041237113,7.2218202764977,7.17737774266366,119
"117",2011,5,7.82608695652174,23,8.03333333333333,7.4375,NA,7.875,7.81578947368421,15,8,0,4,19,1343,820,523,97,438,905,7.20284935219657,7.60436585365854,6.57332061185468,6.67268041237113,7.22778538812786,7.19078086187845,120
"118",2011,6,7.94722222222222,18,8.525,7.225,7.4,8.45,7.44444444444444,10,8,2,9,9,1361,830,531,99,447,914,7.21269410727406,7.6154578313253,6.58313875706215,6.68737373737374,7.2523937360179,7.19327864332604,121
"119",2011,7,7.35,13,7.46,7.28125,NA,7.95,7.08333333333333,5,8,0,4,9,1374,835,539,99,451,923,7.21399321688501,7.61452694610779,6.59350033395176,6.68737373737374,7.25858093126386,7.1922065872156,122
"120",2011,8,6.49090909090909,11,7.9,5.31666666666667,5,8.2,6.11111111111111,5,6,1,2,9,1385,840,545,100,453,932,7.20825031046931,7.61622619047619,6.57944344954129,6.6705,7.26273730684327,7.18176682403434,123
"121",2011,9,7.29166666666667,12,7.16666666666667,7.41666666666667,NA,7.6,7.07142857142857,6,6,0,5,7,1397,846,551,100,458,939,7.2089668432355,7.6130378250591,6.58856021778584,6.6705,7.2664192139738,7.18094428115016,124
"122",2011,10,7.03461538461538,26,7.85,6.525,6.83333333333333,6.9375,7.07777777777778,10,16,3,8,18,1423,856,567,103,466,957,7.2057812227688,7.61580607476636,6.5867666313933,6.6752427184466,7.26077253218884,7.17900384535005,125
"123",2011,11,7.15655172413793,29,8.15384615384615,6.34625,4.33333333333333,7.03428571428571,7.19545454545455,13,16,3,7,22,1452,869,583,106,473,979,7.20479798898071,7.62385500575374,6.58016583190395,6.60896226415094,7.25742071881607,7.17937352400409,126
"124",2011,12,6.62352941176471,17,6.94285714285714,6.4,7,7.25,6.54,7,10,1,2,15,1469,876,593,107,475,994,7.19807125936011,7.61841324200913,6.5771276222597,6.61261682242991,7.25738947368421,7.16972503018109,127
"125",2012,1,6.83333333333333,24,8.3125,6.09375,7,6.55555555555556,7,8,16,2,9,15,1493,884,609,109,484,1009,7.19220809109176,7.62469457013575,6.56442804597701,6.6197247706422,7.24433884297521,7.16720186323092,128
"126",2012,2,6.75,16,7.25,6.58333333333333,7.7,7.1875,6.3125,4,12,5,8,8,1509,888,621,114,492,1017,7.18751933730947,7.62300675675676,6.56479336553945,6.66710526315789,7.24341463414634,7.16047854473943,129
"127",2012,3,7.84,15,7.96,7.6,NA,8.5,7.6,10,5,0,4,11,1524,898,626,114,496,1028,7.19394139107611,7.62675946547884,6.57306178913738,6.66710526315789,7.25354838709678,7.16518159533074,130
"128",2012,4,7.04736842105263,19,7.5,6.54444444444444,NA,7.15555555555556,6.95,10,9,0,9,10,1543,908,635,114,505,1038,7.19213653920933,7.62536343612335,6.57265618897638,6.66710526315789,7.25180198019802,7.1631085549133,131
"129",2012,5,6.76564285714286,14,7.4,6.41322222222222,6.5,5.81725,7.145,5,9,2,4,10,1557,913,644,116,509,1048,7.18830165703275,7.62412924424973,6.57042807453416,6.66422413793103,7.24052848722986,7.16293576335878,132
"130",2012,6,7.64285714285714,14,8.625,7.25,NA,7.33333333333333,7.72727272727273,4,10,0,3,11,1571,917,654,116,512,1059,7.19235243793762,7.62849509269357,6.58081908256881,6.66422413793103,7.241072265625,7.1687976203966,133
"131",2012,7,7.77473684210526,19,8.45,7.02444444444444,6,7.2,7.98,10,9,1,5,14,1590,927,663,117,517,1073,7.19931174842767,7.63735706580367,6.58684114630468,6.65854700854701,7.2406750483559,7.17938180801491,134
"132",2012,8,7.92857142857143,14,8.41666666666667,7.5625,NA,7.33333333333333,8.09090909090909,6,8,0,3,11,1604,933,671,117,520,1084,7.20567685785536,7.64236870310825,6.59847344262295,6.65854700854701,7.24120961538462,7.18863162361624,135
"133",2012,9,7.57,20,8.11111111111111,7.12727272727273,8.8,8,7.4625,9,11,1,4,16,1624,942,682,118,524,1100,7.21016359605911,7.64684713375796,6.60700246334311,6.67669491525424,7.24700190839695,7.19261516363636,136
"134",2012,10,6.96190476190476,21,7.17142857142857,6.85714285714286,6,6,7.34666666666667,7,14,3,6,15,1645,949,696,121,530,1115,7.2069943343465,7.64334035827187,6.61203402298851,6.6599173553719,7.23288490566038,7.19468760538117,137
"135",2012,11,7.8125,16,8.21428571428571,7.5,7,7.41666666666667,8.05,7,9,2,6,10,1661,956,705,123,536,1125,7.21282701986755,7.64752092050209,6.62336975886525,6.66544715447154,7.23494216417911,7.20229038222222,138
"136",2012,12,7.07142857142857,21,7.625,6.73076923076923,4,7.25,7,8,13,1,6,15,1682,964,718,124,542,1140,7.21106164090368,7.64733402489627,6.62531431754875,6.64395161290323,7.23510885608856,7.19962866666667,139
"137",2013,1,6.75217391304348,23,8.11111111111111,5.87857142857143,NA,7.2,6.62777777777778,9,14,0,5,18,1705,973,732,124,547,1158,7.20487136656891,7.65162384378212,6.61103234972678,6.64395161290323,7.23478793418647,7.19073979274611,140
"138",2013,2,7.15384615384615,13,7.57142857142857,6.66666666666667,NA,5.66666666666667,7.6,7,6,0,3,10,1718,980,738,124,550,1168,7.20448526193248,7.65105102040816,6.61148466124661,6.64395161290323,7.22623454545455,7.19424373287671,141
"139",2013,3,7.7,15,7.72222222222222,7.66666666666667,NA,8.7,7.2,9,6,0,5,10,1733,989,744,124,555,1178,7.2087741950375,7.65169868554095,6.61999419354839,6.64395161290323,7.23951171171171,7.19429259762309,142
"140",2013,4,7.00714285714286,14,6.51666666666667,7.375,6.5,6.22,7.44444444444444,6,8,1,5,9,1747,995,752,125,560,1187,7.20715837435604,7.64485427135679,6.62802617021277,6.6428,7.23040892857143,7.19618928390901,143
"141",2013,5,7.28666666666667,15,7.96666666666667,6.83333333333333,8,7,7.33076923076923,6,9,1,2,13,1762,1001,761,126,562,1200,7.20783523269012,7.64678321678322,6.63045424441524,6.65357142857143,7.22958896797153,7.19764723333333,144
"142",2013,6,7.125,12,9,6.95454545454545,5.5,4,7.40909090909091,1,11,2,1,11,1774,1002,772,128,563,1211,7.20727490417136,7.64813373253493,6.63507212435233,6.635546875,7.22385257548846,7.19956786127168,145
"143",2013,7,6.95454545454545,11,7,6.91666666666667,7,5,7.38888888888889,5,6,1,2,9,1785,1007,778,129,565,1220,7.20571746778711,7.64491559086395,6.63724380462725,6.63837209302326,7.21598053097345,7.20096449180328,146
"144",2013,8,7.15,10,8.66666666666667,6.5,6,6.125,7.83333333333333,3,7,2,4,6,1795,1010,785,131,569,1226,7.20540706406685,7.64795049504951,6.63601997452229,6.62862595419847,7.20831107205624,7.2040592822186,147
"145",2013,9,7.59,15,8.22857142857143,7.03125,NA,7,7.68076923076923,7,8,0,2,13,1810,1017,793,131,571,1239,7.20859429834254,7.65194690265487,6.64000716267339,6.62862595419847,7.20758143607706,7.20906108151735,148
"146",2013,10,7.64285714285714,14,7.92857142857143,7.35714285714286,NA,7.66666666666667,7.63636363636364,7,7,0,3,11,1824,1024,800,131,574,1250,7.21192745614035,7.653837890625,6.6462821,6.62862595419847,7.20998083623693,7.212821344,149
"147",2013,11,6.6375,16,6.9625,6.3125,NA,6.5,6.65714285714286,8,8,0,2,14,1840,1032,808,131,576,1264,7.20693243478261,7.64847868217054,6.64297732673267,6.62862595419847,7.207515625,7.20666667721519,150
"148",2013,12,7.04444444444444,18,7.975,6.3,4,7.66666666666667,6.92,8,10,1,3,15,1858,1040,818,132,579,1279,7.20535827771797,7.65099038461539,6.63878444987775,6.60871212121212,7.20989464594128,7.20330467552776,151
"149",2014,1,7.478125,16,8.51428571428571,6.67222222222222,7,7.8375,7.35833333333333,7,9,2,4,12,1874,1047,827,134,583,1291,7.20768712913554,7.65676217765043,6.63914834340992,6.61455223880597,7.21420068610635,7.20474568551511,152
"150",2014,2,6.80038461538462,13,7.41666666666667,6.27214285714286,6,7.625,6.43388888888889,6,7,1,4,9,1887,1053,834,135,587,1300,7.20488112347642,7.65539411206078,6.6360679616307,6.61,7.217,7.19940898461538,153
"151",2014,3,6.35294117647059,17,7,6,7,8,6,6,11,3,3,14,1904,1059,845,138,590,1314,7.19727451680672,7.65168083097262,6.62778778698225,6.61847826086956,7.2209813559322,7.1866298934551,154
"152",2014,4,7,6,7.66666666666667,6.33333333333333,6.25,7,7,3,3,2,2,4,1910,1062,848,140,592,1318,7.19665480628272,7.65172316384181,6.62674608490566,6.61321428571429,7.2202347972973,7.18606349013657,155
"153",2014,5,6.1875,8,7,5.375,4.5,NA,6.1875,4,4,2,0,8,1918,1066,852,142,592,1326,7.19244561001043,7.64927767354597,6.62086934272301,6.58345070422535,7.2202347972973,7.18003897435897,156
"154",2014,6,7.09166666666667,12,6.83333333333333,7.17777777777778,8,5.83333333333333,7.51111111111111,3,9,1,3,9,1930,1069,861,143,595,1335,7.19181900518135,7.64698783910197,6.62669068524971,6.59335664335664,7.21324201680672,7.18227092134832,157
"155",2014,7,7.57,10,7.44,7.7,8,6.5,7.8375,5,5,1,2,8,1940,1074,866,144,597,1343,7.19376839175258,7.64602420856611,6.63288762124711,6.603125,7.21085259631491,7.1861739985108,158
"156",2014,8,6.40909090909091,11,7.25,5.92857142857143,6.125,5.66666666666667,6.6875,4,7,4,3,8,1951,1078,873,148,600,1351,7.18934427473091,7.64455473098331,6.62724018327606,6.5902027027027,7.20313166666667,7.18322108068098,159
"157",2014,9,8.44,10,8.48571428571429,8.33333333333333,7,8.96666666666667,8.21428571428571,7,3,1,3,7,1961,1085,876,149,603,1358,7.19572191738909,7.64998156682028,6.63308296803653,6.59295302013423,7.21190547263682,7.18853584683358,160
"158",2014,10,6.4375,8,6.83333333333333,6.2,4,6.16666666666667,6.6,3,5,1,3,5,1969,1088,881,150,606,1363,7.19264127983748,7.64772977941177,6.63062506242906,6.57566666666667,7.20673102310231,7.18637687454145,161
"159",2014,11,7.525,10,7.85,6.76666666666667,6.8,7.11,7.94,7,3,1,5,5,1979,1095,884,151,611,1368,7.19432070742799,7.64902283105023,6.63108674208145,6.57715231788079,7.20593944353519,7.18913134502924,162
"160",2014,12,7.54545454545455,11,8.33333333333333,7.25,7.5,7.75,7.42857142857143,3,8,2,4,7,1990,1098,892,153,615,1375,7.1962616482412,7.65089253187614,6.63663753363229,6.58921568627451,7.20947804878049,7.19035031272727,163
"161",2015,1,7.43684210526316,19,8.1,6.95454545454545,NA,7.66666666666667,7.39375,8,11,0,3,16,2009,1106,903,153,618,1391,7.19853692384271,7.6541410488246,6.64051016611296,6.58921568627451,7.21169741100324,7.1926899209202,164
"162",2015,2,7.09090909090909,11,8.33333333333333,6.625,7,9,6.66666666666667,3,8,1,2,9,2020,1109,911,154,620,1400,7.19795083168317,7.65597835888188,6.64037396267838,6.59188311688312,7.21746612903226,7.18930834285714,165
"163",2015,3,7.21428571428571,7,9,6.5,NA,6.5,7.5,2,5,0,2,5,2027,1111,916,154,622,1405,7.19800724222989,7.65839783978398,6.63960772925764,6.59188311688312,7.21515916398714,7.19041400711744,166
"164",2015,4,6.88571428571429,7,NA,6.88571428571429,NA,7,6.84,0,7,0,2,5,2034,1111,923,154,624,1410,7.19693248770895,7.65839783978398,6.64147419284941,6.59188311688312,7.21446955128205,7.18917140425532,167
"165",2015,5,5.85714285714286,7,6.66666666666667,5.25,3.5,7.5,5.2,3,4,2,2,5,2041,1114,927,156,626,1415,7.19233742283194,7.65572710951526,6.63546998921251,6.55224358974359,7.21538178913738,7.18214253003534,168
"166",2015,6,6.5,5,7.75,5.66666666666667,6,6,6.625,2,3,1,1,4,2046,1116,930,157,627,1419,7.19064549364614,7.65589605734767,6.6323448172043,6.54872611464968,7.21344338118022,7.18057200845666,169
"167",2015,7,7.46666666666667,6,7,7.93333333333333,NA,8,7.36,3,3,0,1,5,2052,1119,933,157,628,1424,7.19145257309941,7.65413762287757,6.63652806002144,6.54872611464968,7.21469585987261,7.18120202247191,170
"168",2015,8,7.07142857142857,7,7.75,6.16666666666667,7,NA,7.07142857142857,4,3,1,0,7,2059,1123,936,158,628,1431,7.19104452646916,7.65447907390918,6.6350220940171,6.55158227848101,7.21469585987261,7.18066504542278,171
"169",2015,9,7.01,10,6.75,7.18333333333333,9.6,6.75,7.075,4,6,1,2,8,2069,1127,942,159,630,1439,7.19016949250846,7.65126885536824,6.638514522293,6.57075471698113,7.21322063492064,7.18007760945101,172
"170",2015,10,6.88,5,8,6.6,NA,8,6.6,1,4,0,1,4,2074,1128,946,159,631,1443,7.18942173577628,7.6515780141844,6.63835167019028,6.57075471698113,7.2144675118859,7.17846963270963,173
"171",2015,11,6.65384615384615,13,7.16666666666667,6.21428571428571,5.5,8.5,6.31818181818182,6,7,2,2,11,2087,1134,953,161,633,1454,7.18608561571634,7.64901234567902,6.63523681007345,6.55745341614907,7.21852922590837,7.17196126547455,174
"172",2015,12,7.34,10,7.64285714285714,6.63333333333333,NA,10,7.04444444444444,7,3,0,1,9,2097,1141,956,161,634,1463,7.18681958989032,7.64897458369851,6.63523083682008,6.55745341614907,7.22291640378549,7.17117681476418,175
"173",2016,1,5.83333333333333,6,6.25,5.625,6.5,6.5,5.7,2,4,1,1,5,2103,1143,960,162,635,1468,7.18295800285306,7.64652668416448,6.63102154166667,6.5570987654321,7.22177795275591,7.16616599455041,176
"174",2016,2,6.775,10,7.83333333333333,6.32142857142857,NA,6,6.96875,3,7,0,2,8,2113,1146,967,162,637,1476,7.18102729768102,7.64701570680629,6.62878043433299,6.5570987654321,7.21794191522763,7.16509598915989,177
"175",2016,3,6.22222222222222,9,7.5,5.85714285714286,6,4,6.5,2,7,1,1,8,2122,1148,974,163,638,1484,7.17696073515551,7.64675958188154,6.62323478439425,6.55368098159509,7.21289811912226,7.16151056603774,178
"176",2016,4,7.07272727272727,11,8.16666666666667,5.76,6,7.5,6.97777777777778,6,5,1,2,9,2133,1154,979,164,640,1493,7.17642319737459,7.64946273830156,6.61882602655771,6.55030487804878,7.2137953125,7.16040300066979,179
"177",2016,5,7.5,11,7.3,7.66666666666667,8,7.5,7.5,5,6,1,3,8,2144,1159,985,165,643,1501,7.17808333955224,7.64795513373598,6.62520881218274,6.55909090909091,7.21513063763608,7.16221297801466,180
"178",2016,6,6.19166666666667,12,7.2,5.47142857142857,9,8.5,5.73,5,7,1,2,10,2156,1164,992,166,645,1511,7.17259307977736,7.64603092783505,6.61706721774194,6.57379518072289,7.21911472868217,7.1527344010589,181
"179",2016,7,7.375,4,7.75,7,7,NA,7.375,2,2,1,0,4,2160,1166,994,167,645,1515,7.17296790740741,7.64620926243568,6.61783770623743,6.57634730538922,7.21911472868217,7.15332124092409,182
"180",2016,8,7,8,8.5,5.5,2,9,6.71428571428571,4,4,1,1,7,2168,1170,998,168,646,1522,7.17232964944649,7.64912820512821,6.61335739478958,6.54910714285714,7.22187151702787,7.15130202365309,183
"181",2016,9,7.35714285714286,7,8.25,7,NA,7.66666666666667,7.125,2,5,0,3,4,2175,1172,1003,168,649,1526,7.17292445057471,7.65015358361775,6.61528482552343,6.54910714285714,7.22392758089368,7.15123307994758,184
"182",2016,10,6.73333333333333,9,7,6.65714285714286,5.5,7.5,6.6375,2,7,2,1,8,2184,1174,1010,170,650,1534,7.17111294871795,7.64904599659285,6.61557493069307,6.53676470588235,7.22435230769231,7.14855389830509,185
"183",2016,11,7.1,12,8.06666666666667,6.77777777777778,6.5,10,6.83636363636364,3,9,2,1,11,2196,1177,1019,172,651,1545,7.17072435336976,7.65011045029737,6.61700753680079,6.53633720930232,7.22861597542243,7.14633118446602,186
"184",2016,12,7.40384615384615,13,8,6.89285714285714,NA,7.75,7.34090909090909,6,7,0,2,11,2209,1183,1026,172,653,1556,7.17209627885921,7.65188503803889,6.61888955165692,6.53633720930232,7.23021286370597,7.14770673521851,187
"185",2017,1,7.425,20,7.48181818181818,7.35555555555556,10,9,7.14705882352941,11,9,1,3,17,2229,1194,1035,173,656,1573,7.17436549125168,7.65031825795645,6.62529534299517,6.55635838150289,7.23830640243903,7.14769973299428,188
"186",2017,2,5.5,6,7.5,4.5,5,NA,5.5,2,4,1,0,6,2235,1196,1039,174,656,1579,7.16987055033557,7.65006688963211,6.61711326275265,6.54741379310345,7.23830640243903,7.14143868271058,189
"187",2017,3,7.3125,8,7.875,6.75,6,8.5,7.14285714285714,4,4,1,1,7,2243,1200,1043,175,657,1586,7.17037925991975,7.65081666666667,6.61762289549377,6.54428571428571,7.24022678843227,7.14144494325347,190
"188",2017,4,7.34615384615385,13,8,6.78571428571429,6,8,7.29166666666667,6,7,1,1,12,2256,1206,1050,176,658,1598,7.17139214539007,7.65255389718077,6.61874350476191,6.54119318181818,7.24138145896657,7.14257301627034,191
"189",2017,5,7.875,8,8.2,7.33333333333333,NA,NA,7.875,5,3,0,0,8,2264,1211,1053,176,658,1606,7.17387839222615,7.65481420313791,6.62077937321937,6.54119318181818,7.24138145896657,7.14622146948942,192
"190",2017,6,6.28571428571429,7,7,4.5,NA,8,6,5,2,0,1,6,2271,1216,1055,176,659,1612,7.1711407661823,7.65212171052632,6.61675893838863,6.54119318181818,7.24253262518968,7.14195513647643,193
"191",2017,7,6.21428571428571,7,6.91666666666667,2,NA,7.5,6,6,1,0,1,6,2278,1222,1056,176,660,1618,7.16820047410009,7.64851063829787,6.61238700757576,6.54119318181818,7.24292272727273,7.13772044499382,194
"192",2017,8,7.25,8,8,6.8,NA,8,7.14285714285714,3,5,0,1,7,2286,1225,1061,176,661,1625,7.16848673665791,7.64937142857143,6.61327114043355,6.54119318181818,7.24406807866868,7.13774257230769,195
"193",2017,9,6.66666666666667,6,7.5,6.25,NA,NA,6.66666666666667,2,4,0,0,6,2292,1227,1065,176,661,1631,7.16717307155323,7.64912795436023,6.61190674178404,6.54119318181818,7.24406807866868,7.13600961373391,196
"194",2017,10,7.58333333333333,6,7,7.7,7,7,7.7,1,5,1,1,5,2298,1228,1070,177,662,1636,7.16825965187119,7.6485993485342,6.61699128971963,6.54378531073446,7.24369939577039,7.1377333007335,197
"195",2017,11,6.4375,12,7.33333333333333,5.54166666666667,6,5.66666666666667,6.69444444444444,6,6,1,3,9,2310,1234,1076,178,665,1645,7.1644634978355,7.64706645056726,6.61099505576208,6.54073033707865,7.23658496240602,7.13530801215806,198
"196",2017,12,7.75,12,8.57142857142857,6.6,NA,7,7.9,7,5,0,2,10,2322,1241,1081,178,667,1655,7.16748952627045,7.65228041901692,6.61094419981499,6.54073033707865,7.23587556221889,7.13992850755287,199
"197",2018,1,7.28571428571429,7,7.66666666666667,7,7,8,7.16666666666667,3,4,1,1,6,2329,1244,1085,179,668,1661,7.16784486045513,7.6523151125402,6.61237850691244,6.54329608938547,7.23701946107785,7.14002509331728,200
"198",2018,2,7.05,12,7.08571428571429,7,7.5,7,7.05454545454545,7,5,2,1,11,2341,1251,1090,181,669,1672,7.16724078598889,7.6491446842526,6.61415658715596,6.55386740331492,7.23666517189836,7.13946272727273,201
"199",2018,3,7.16666666666667,6,8,6.75,7,8,6.75,2,4,1,2,4,2347,1253,1094,182,671,1676,7.16723931827865,7.64970470869912,6.61465327239488,6.55631868131868,7.23894038748137,7.13853322195704,202
"200",2018,4,7.88888888888889,9,8.33333333333333,7,NA,8.5,7.71428571428571,6,3,0,2,7,2356,1259,1097,182,673,1683,7.16999604414261,7.65296266878475,6.61570709206928,6.55631868131868,7.24268796433878,7.1409279144385,203
"201",2018,5,7.58333333333333,6,7.875,7,7,8,7.375,4,2,2,2,4,2362,1263,1099,184,675,1687,7.17104601185436,7.65366587490103,6.6164064422202,6.56114130434783,7.24493185185185,7.14148291641968,204
"202",2018,6,7.8375,8,9.06666666666667,7.1,NA,10,7.11666666666667,3,5,0,2,6,2370,1266,1104,184,677,1693,7.17329564556962,7.65701421800948,6.61859663043478,6.56114130434783,7.25307090103397,7.14139496751329,205
"203",2018,7,6.5,7,7.5,5.75,6,4.5,7.3,3,4,1,2,5,2377,1269,1108,185,679,1698,7.17131286495582,7.65664302600473,6.61546090252708,6.55810810810811,7.2449617083947,7.14186200235571,206
"204",2018,8,5.91666666666667,6,4,6.3,6,NA,5.91666666666667,1,5,1,0,6,2383,1270,1113,186,679,1704,7.16815387326899,7.65376377952756,6.614043737646,6.55510752688172,7.2449617083947,7.1375479342723,207
"205",2018,9,6.66666666666667,6,8,4,3,NA,6.66666666666667,4,2,1,0,6,2389,1274,1115,187,679,1710,7.16689438258685,7.6548508634223,6.60935486995516,6.53609625668449,7.2449617083947,7.13589571929825,208
"206",2018,10,8,4,8.33333333333333,7,NA,NA,8,3,1,0,0,4,2393,1277,1116,187,679,1714,7.16828695361471,7.65644479248238,6.60970491039427,6.53609625668449,7.2449617083947,7.13791229871645,209
"207",2018,11,7.07142857142857,7,7.16666666666667,7,NA,7.5,6.75,3,4,0,3,4,2400,1280,1120,187,682,1718,7.16800445,7.655296875,6.61109882142857,6.53609625668449,7.24608357771261,7.13700912689174,210
"208",2018,12,7.74444444444444,9,8.26,7.1,8.2,8.7,7.47142857142857,5,4,2,2,7,2409,1285,1124,189,684,1725,7.17015802407638,7.65764980544747,6.61283868327402,6.5537037037037,7.25033479532164,7.13836619130435,211
"209",2019,1,6.41666666666667,9,7.08333333333333,5.08333333333333,6.25,5.5,7.15,6,3,1,4,5,2418,1291,1127,190,688,1730,7.16735346567411,7.65498063516654,6.6087672404614,6.55210526315789,7.24015843023256,7.1383998150289,212
"210",2019,2,5.924,5,7.31,5,5,6.31,5.66666666666667,2,3,2,2,3,2423,1293,1130,192,690,1733,7.16478773421378,7.65444702242846,6.60449617699115,6.5359375,7.23746231884058,7.13585209463358,213
"211",2019,3,7.28571428571429,7,7.75,6.66666666666667,NA,6,7.5,4,3,0,1,6,2430,1297,1133,192,691,1739,7.16513608230452,7.65474171164225,6.60466079435128,6.5359375,7.23567149059334,7.13710849913744,214
"212",2019,4,6.55,12,7.4,6.125,6,7.55,6.35,4,8,1,2,10,2442,1301,1141,193,693,1749,7.1621133005733,7.65395849346657,6.60129770376862,6.53316062176166,7.23657864357864,7.13260816466552,215
"213",2019,5,6.71428571428571,7,7.6,4.5,NA,9,6.33333333333333,5,2,0,1,6,2449,1306,1143,193,694,1755,7.16083327072274,7.65375191424196,6.59762089238845,6.53316062176166,7.23911959654179,7.1298756011396,216
"214",2019,6,6.75,4,8,3,NA,8,6.33333333333333,3,1,0,1,3,2453,1309,1144,193,695,1758,7.16016334284549,7.65454545454546,6.59447611888112,6.53316062176166,7.24021438848921,7.12851631399317,217
"215",2019,7,7.14285714285714,7,7.66666666666667,6.75,7,7,7.16666666666667,3,4,1,1,6,2460,1312,1148,194,696,1764,7.16011409756097,7.65457317073171,6.59501801393728,6.53556701030928,7.23986925287356,7.12864607709751,218
"216",2019,8,7.22384615384615,13,7.00125,7.58,NA,8.01,7.15833333333333,8,5,0,1,12,2473,1320,1153,194,697,1776,7.16044912252325,7.65061363636364,6.59928940156114,6.53556701030928,7.24097417503587,7.12884666666667,219
"217",2019,9,6.95454545454545,11,7.75,6,NA,8,6.5625,6,5,0,3,8,2484,1326,1158,194,700,1784,7.15953731078905,7.65106334841629,6.59670179620035,6.53556701030928,7.24422714285714,7.1263069955157,220
"218",2019,10,8.33333333333333,6,8.4,8,NA,8,8.4,5,1,0,1,5,2490,1331,1159,194,701,1789,7.16236573493976,7.65387678437266,6.59791257981018,6.53556701030928,7.24530527817404,7.12986678591392,221
"219",2019,11,6.5,4,7.66666666666667,3,NA,5.66666666666667,9,3,1,0,3,1,2494,1334,1160,194,704,1790,7.16130340016038,7.65390554722639,6.59481093103448,6.53556701030928,7.238578125,7.13091155307263,222
"220",2019,12,6.2,10,7.4,5,6,7.5,5.875,5,5,1,2,8,2504,1339,1165,195,706,1798,7.15746432907348,7.6529574309186,6.58796624892704,6.53282051282051,7.23931869688385,7.12532351501669,223
"221",2020,1,7.05555555555556,9,8.1,5.75,5,NA,7.05555555555556,5,4,1,0,9,2513,1344,1169,196,706,1807,7.15709935535217,7.65462053571429,6.58509895637297,6.525,7.23931869688385,7.12497602656337,224
"222",2020,2,7.38888888888889,9,8.125,6.8,NA,9.5,7.125,4,5,0,1,8,2522,1348,1174,196,707,1815,7.157926518636,7.65601632047478,6.58601420783646,6.525,7.24251626591231,7.12497613223141,225
"223",2020,3,7.01333333333333,3,7.01333333333333,NA,NA,NA,7.01333333333333,3,0,0,0,3,2525,1351,1174,196,707,1818,7.15775472475247,7.65458919319023,6.58601420783646,6.525,7.24251626591231,7.12479190319032,226
"224",2020,4,6.056,5,6.07,6,6,6,6.07,4,1,1,1,4,2530,1355,1175,197,708,1822,7.15557734387351,7.6499114391144,6.58551547234043,6.52233502538071,7.24076129943503,7.12247622392975,227
"225",2020,5,7.25,8,7.8,6.33333333333333,6,7,7.33333333333333,5,3,2,2,6,2538,1360,1178,199,710,1828,7.15587497241922,7.65046323529412,6.58487324278438,6.51708542713568,7.24008309859155,7.12316831509847,228
"226",2020,6,7,8,7.16666666666667,6.5,NA,6.5,7.16666666666667,6,2,0,2,6,2546,1366,1180,199,712,1834,7.1553851846033,7.64833821376282,6.58472938983051,6.51708542713568,7.23800421348315,7.12331062159215,229
"227",2020,7,6.42857142857143,7,6.33333333333333,6.5,8,6.33333333333333,6.5,3,4,1,3,4,2553,1369,1184,200,715,1838,7.15339235409322,7.6454565376187,6.58444314189189,6.5245,7.23420839160839,7.12195412404788,230
"228",2020,8,7.6,5,8,7.33333333333333,NA,8,7.5,2,3,0,1,4,2558,1371,1187,200,716,1842,7.15426531665363,7.64597374179432,6.58633587194608,6.5245,7.2352779329609,7.12277507057546,231
"229",2020,9,8.1,5,8,8.25,NA,8.16666666666667,8,3,2,0,3,2,2563,1374,1189,200,719,1844,7.15611029262583,7.64674672489083,6.58913429772918,6.5245,7.23916411682893,7.12372650759219,232
"230",2020,10,7,6,9,6.6,6,6.5,7.25,1,5,1,2,4,2569,1375,1194,201,721,1848,7.15574569093032,7.64773090909091,6.58917979899498,6.52189054726368,7.23711373092927,7.12399982683983,233
"231",2020,11,5.42857142857143,7,3,5.83333333333333,NA,NA,5.42857142857143,1,6,0,0,7,2576,1376,1200,201,721,1855,7.15105228260869,7.64435319767442,6.58540056666667,6.52189054726368,7.23711373092927,7.11760198382749,234
"232",2020,12,7.5,6,6,7.8,NA,9,7.2,1,5,0,1,5,2582,1377,1205,201,722,1860,7.15186316034082,7.64315904139434,6.59044039834025,6.52189054726368,7.23955540166205,7.11782348387097,235
"233",2021,1,7,6,6,7.2,NA,8,6.8,1,5,0,1,5,2588,1378,1210,201,723,1865,7.15151108191653,7.64196661828738,6.59295923966942,6.52189054726368,7.2406071922545,7.11697141018767,236
"234",2021,2,6.13333333333333,6,5.75,6.325,6,6.65,5.875,2,4,1,2,4,2594,1380,1214,202,725,1869,7.14915600616808,7.63922463768116,6.59207634266886,6.51930693069307,7.23897793103448,7.11431336543606,237
"235",2021,3,6.8,5,9,5.33333333333333,5,NA,6.8,2,3,2,0,5,2599,1382,1217,204,725,1874,7.14848429395921,7.64119392185239,6.58897344289236,6.50441176470588,7.23897793103448,7.11347474919957,238
"236",2021,4,6.29,8,7,5.10666666666667,NA,NA,6.29,5,3,0,0,8,2607,1387,1220,204,725,1882,7.14584989643268,7.63888248017304,6.58532842622951,6.50441176470588,7.23897793103448,7.10997432518597,239
"237",2021,5,6.4,5,7.5,5.66666666666667,NA,5.5,7,2,3,0,2,3,2612,1389,1223,204,727,1885,7.14442215926493,7.63868250539957,6.58307496320523,6.50441176470588,7.2341939477304,7.10979929973475,240
"238",2021,6,6.5,6,8,5.75,6,7.5,6,2,4,2,2,4,2618,1391,1227,206,729,1889,7.14294525592055,7.63920201294034,6.58035915240424,6.4995145631068,7.2349231824417,7.10744927474855,241
"239",2021,7,7.37142857142857,7,7.53333333333333,7.25,NA,9,7.1,3,4,0,1,6,2625,1394,1231,206,730,1895,7.1435545447619,7.63897417503587,6.58253507717303,6.4995145631068,7.23734109589041,7.10742568865435,242
"240",2021,8,7.16666666666667,6,8.25,5,NA,2,8.2,4,2,0,1,5,2631,1398,1233,206,731,1900,7.14360725199543,7.64072246065809,6.57996811030008,6.4995145631068,7.23017647058824,7.11030088421053,243
"241",2021,9,7.28571428571429,7,7.75,6.66666666666667,NA,6,7.8,4,3,0,2,5,2638,1402,1236,206,733,1905,7.14398433661865,7.64103423680457,6.58017854368932,6.4995145631068,7.22681991814461,7.11211111811024,244
"242",2021,10,8.83333333333333,3,8.75,9,NA,9.5,8.5,2,1,0,1,2,2641,1404,1237,206,734,1907,7.14590332449829,7.64261396011397,6.58213474535166,6.4995145631068,7.22991689373297,7.11356669113791,245
"243",2021,11,7.3,5,7.45,7.2,NA,7,7.5,2,3,0,2,3,2646,1406,1240,206,736,1910,7.14619451247165,7.6423399715505,6.58362958064516,6.4995145631068,7.22929211956522,7.11417365445026,246
"244",2021,12,7.14285714285714,7,8,6.8,NA,9.25,6.3,2,5,0,2,5,2653,1408,1245,206,738,1915,7.14618570674707,7.64284801136364,6.58449853815261,6.4995145631068,7.23476829268293,7.11204787467363,247
"245",2022,1,6.88888888888889,9,7.16666666666667,6.33333333333333,NA,6.5,7,6,3,0,2,7,2662,1414,1248,206,740,1922,7.14531580766341,7.64082743988685,6.58389477564103,6.4995145631068,7.23278243243243,7.11163979188346,248
"246",2022,2,6.875,8,7.75,6,6,4.5,7.66666666666667,4,4,1,2,6,2670,1418,1252,207,742,1928,7.14450587265917,7.64113540197462,6.5820292971246,6.49710144927536,7.22541644204852,7.11336705394191,249
"247",2022,3,6.31666666666667,6,7.45,5.75,NA,7,6.18,2,4,0,1,5,2676,1420,1256,207,743,1933,7.1426497309417,7.6408661971831,6.57937952229299,6.49710144927536,7.2251130551817,7.11095275737196,250
"248",2022,4,7.83333333333333,3,8.5,6.5,NA,NA,7.83333333333333,2,1,0,0,3,2679,1422,1257,207,743,1936,7.14342317282568,7.64207454289733,6.57931637231504,6.49710144927536,7.2251130551817,7.11207214876033,251
"249",2022,5,7.33333333333333,9,7.83333333333333,6.33333333333333,7,NA,7.33333333333333,6,3,1,0,9,2688,1428,1260,208,743,1945,7.14405903273809,7.64287815126051,6.5787306984127,6.49951923076923,7.2251130551817,7.11309597943445,252
"250",2022,6,7.9,4,8.5,7.3,NA,NA,7.9,2,2,0,0,4,2692,1430,1262,208,743,1949,7.14518227340267,7.64407692307693,6.57987375594295,6.49951923076923,7.2251130551817,7.11471096972807,253
"251",2022,7,6.4525,4,8,4.905,NA,NA,6.4525,2,2,0,0,4,2696,1432,1264,208,743,1953,7.14415455489614,7.64457402234637,6.57722363924051,6.49951923076923,7.2251130551817,7.11335467485919,254
"252",2022,8,8.02222222222222,9,8.84,7,NA,9.06666666666667,7.5,5,4,0,3,6,2705,1437,1268,208,746,1959,7.14707603696857,7.64873347251218,6.57855731861199,6.49951923076923,7.23251876675603,7.11453888718734,255
"253",2022,9,7.375,8,8.625,6.125,7,7.5,7.3,4,4,1,3,5,2713,1441,1272,209,749,1964,7.14774813122005,7.65144344205413,6.57713103773585,6.50191387559809,7.23359012016021,7.11501103869654,256
"254",2022,10,6.6875,8,7.25,5,NA,5,7.25,6,2,0,2,6,2721,1447,1274,209,751,1970,7.14639495773612,7.6497788527989,6.57465516483516,6.50191387559809,7.22764181091878,7.11542217258883,257
"255",2022,11,6.8,5,8,5,6,NA,6.8,3,2,1,0,5,2726,1450,1276,210,751,1975,7.14575960381511,7.65050344827587,6.57218705329154,6.49952380952381,7.22764181091878,7.11462363544304,258
"256",2022,12,6.45,12,7.33333333333333,6.15555555555556,6,6.6,6.375,3,9,1,4,8,2738,1453,1285,211,755,1983,7.14271025566106,7.64984858912595,6.56926901167315,6.49715639810426,7.22431655629139,7.11163977811397,259
