"","year","month","avg_rating","no_ratings","avg_rating_owned","avg_rating_not_owned","avg_rating_prev_owned","avg_rating_comment","avg_rating_no_comment","no_ratings_owned","no_ratings_not_owned","no_ratings_prev_owned","no_ratings_comment","no_ratings_no_comment","cum_no_ratings","cum_no_ratings_owned","cum_no_ratings_not_owned","cum_no_ratings_prev_owned","cum_no_ratings_comment","cum_no_ratings_no_comment","cum_avg_rating","cum_avg_rating_owned","cum_avg_rating_not_owned","cum_avg_rating_prev_owned","cum_avg_rating_comment","cum_avg_rating_no_comment","month_after_release"
"1",2001,6,6.66666666666667,3,6.66666666666667,NA,NA,NA,6.66666666666667,3,0,0,0,3,3,3,0,0,0,3,6.66666666666667,6.66666666666667,NA,NA,NA,6.66666666666667,0
"2",2001,8,7.14285714285714,7,8.25,5.66666666666667,7,8,5,4,3,1,5,2,10,7,3,1,5,5,7,7.57142857142857,5.66666666666667,7,8,6,2
"3",2001,9,8,4,8.33333333333333,7,NA,7,8.33333333333333,3,1,0,1,3,14,10,4,1,6,8,7.28571428571429,7.8,6,7,7.83333333333333,6.875,3
"4",2001,11,8,2,8,NA,NA,NA,8,2,0,0,0,2,16,12,4,1,6,10,7.375,7.83333333333333,6,7,7.83333333333333,7.1,5
"5",2001,12,7.5,2,9,6,6,7.5,NA,1,1,1,2,0,18,13,5,2,8,10,7.38888888888889,7.92307692307692,6,6.5,7.75,7.1,6
"6",2002,1,7.125,4,7.5,6,6,6,7.5,3,1,1,1,3,22,16,6,3,9,13,7.34090909090909,7.84375,6,6.33333333333333,7.55555555555556,7.19230769230769,7
"7",2002,2,6,1,NA,6,6,NA,6,0,1,1,0,1,23,16,7,4,9,14,7.28260869565217,7.84375,6,6.25,7.55555555555556,7.10714285714286,8
"8",2002,3,10,1,10,NA,NA,NA,10,1,0,0,0,1,24,17,7,4,9,15,7.39583333333333,7.97058823529412,6,6.25,7.55555555555556,7.3,9
"9",2002,4,8,2,8,NA,NA,8,8,2,0,0,1,1,26,19,7,4,10,16,7.44230769230769,7.97368421052632,6,6.25,7.6,7.34375,10
"10",2002,5,7,7,7.8,5,NA,7,7,5,2,0,1,6,33,24,9,4,11,22,7.34848484848485,7.9375,5.77777777777778,6.25,7.54545454545455,7.25,11
"11",2002,6,8,2,8,NA,NA,NA,8,2,0,0,0,2,35,26,9,4,11,24,7.38571428571429,7.94230769230769,5.77777777777778,6.25,7.54545454545455,7.3125,12
"12",2002,7,7.33333333333333,3,7.33333333333333,NA,NA,7,7.5,3,0,0,1,2,38,29,9,4,12,26,7.38157894736842,7.87931034482759,5.77777777777778,6.25,7.5,7.32692307692308,13
"13",2002,8,7.66666666666667,3,7.5,8,NA,8,7.5,2,1,0,1,2,41,31,10,4,13,28,7.40243902439024,7.85483870967742,6,6.25,7.53846153846154,7.33928571428571,14
"14",2002,9,7,6,7.75,5.5,NA,7,7,4,2,0,1,5,47,35,12,4,14,33,7.35106382978723,7.84285714285714,5.91666666666667,6.25,7.5,7.28787878787879,15
"15",2002,10,7.5,2,7.5,NA,NA,7,8,2,0,0,1,1,49,37,12,4,15,34,7.35714285714286,7.82432432432432,5.91666666666667,6.25,7.46666666666667,7.30882352941176,16
"16",2002,11,8,4,8.33333333333333,7,7,8,8,3,1,1,2,2,53,40,13,5,17,36,7.40566037735849,7.8625,6,6.4,7.52941176470588,7.34722222222222,17
"17",2002,12,8.66666666666667,3,8.66666666666667,NA,NA,NA,8.66666666666667,3,0,0,0,3,56,43,13,5,17,39,7.47321428571429,7.91860465116279,6,6.4,7.52941176470588,7.44871794871795,18
"18",2003,1,7,9,8.33333333333333,4.33333333333333,7,6,7.5,6,3,1,3,6,65,49,16,6,20,45,7.40769230769231,7.96938775510204,5.6875,6.5,7.3,7.45555555555556,19
"19",2003,2,7.16666666666667,3,7,7.5,NA,7.25,7,2,1,0,2,1,68,51,17,6,22,46,7.39705882352941,7.93137254901961,5.79411764705882,6.5,7.29545454545455,7.44565217391304,20
"20",2003,3,8.66666666666667,3,9,8,NA,8.5,9,2,1,0,2,1,71,53,18,6,24,47,7.45070422535211,7.97169811320755,5.91666666666667,6.5,7.39583333333333,7.47872340425532,21
"21",2003,4,6.75,4,7,6,NA,6.5,7,3,1,0,2,2,75,56,19,6,26,49,7.41333333333333,7.91964285714286,5.92105263157895,6.5,7.32692307692308,7.45918367346939,22
"22",2003,5,6,4,9,5,NA,5,9,1,3,0,3,1,79,57,22,6,29,50,7.34177215189873,7.93859649122807,5.79545454545455,6.5,7.08620689655172,7.49,23
"23",2003,6,7.85714285714286,7,8.16666666666667,6,NA,10,7.5,6,1,0,1,6,86,63,23,6,30,56,7.38372093023256,7.96031746031746,5.80434782608696,6.5,7.18333333333333,7.49107142857143,24
"24",2003,7,6.97058823529412,17,7.33333333333333,6.5625,NA,7.21428571428571,6.8,9,8,0,7,10,103,72,31,6,37,66,7.31553398058252,7.88194444444444,6,6.5,7.18918918918919,7.38636363636364,25
"25",2003,8,7.275,12,8.6,6.32857142857143,NA,8.33333333333333,6.92222222222222,5,7,0,3,9,115,77,38,6,40,75,7.31130434782609,7.92857142857143,6.06052631578947,6.5,7.275,7.33066666666667,26
"26",2003,9,6.66666666666667,9,8.33333333333333,5.83333333333333,NA,5.75,7.4,3,6,0,4,5,124,80,44,6,44,80,7.26451612903226,7.94375,6.02954545454546,6.5,7.13636363636364,7.335,27
"27",2003,10,6.90909090909091,11,7.25,6,NA,7.25,6.5,8,3,0,6,5,135,88,47,6,50,85,7.23555555555556,7.88068181818182,6.02765957446809,6.5,7.15,7.28588235294118,28
"28",2003,11,7.25,4,7.16666666666667,7.5,7.5,7.5,7.16666666666667,3,1,1,1,3,139,91,48,7,51,88,7.23597122302158,7.85714285714286,6.05833333333333,6.64285714285714,7.15686274509804,7.28181818181818,29
"29",2003,12,7.0625,8,6.8,7.5,NA,6.83333333333333,7.2,5,3,0,3,5,147,96,51,7,54,93,7.2265306122449,7.80208333333333,6.14313725490196,6.64285714285714,7.13888888888889,7.27741935483871,30
"30",2004,1,7.61111111111111,9,7.61111111111111,NA,NA,9,7.21428571428571,9,0,0,2,7,156,105,51,7,56,100,7.24871794871795,7.78571428571429,6.14313725490196,6.64285714285714,7.20535714285714,7.273,31
"31",2004,2,7.33333333333333,6,7.75,6.5,NA,6,7.6,4,2,0,1,5,162,109,53,7,57,105,7.25185185185185,7.78440366972477,6.15660377358491,6.64285714285714,7.18421052631579,7.28857142857143,32
"32",2004,3,7,11,7.625,5.33333333333333,NA,6.33333333333333,7.25,8,3,0,3,8,173,117,56,7,60,113,7.23583815028902,7.77350427350427,6.1125,6.64285714285714,7.14166666666667,7.2858407079646,33
"33",2004,4,6.8,15,7.03846153846154,5.25,NA,6.5,7.25,13,2,0,9,6,188,130,58,7,69,119,7.20106382978723,7.7,6.08275862068966,6.64285714285714,7.05797101449275,7.28403361344538,34
"34",2004,5,7.6,5,8.33333333333333,6.5,7,7,8.5,3,2,1,3,2,193,133,60,8,72,121,7.21139896373057,7.71428571428571,6.09666666666667,6.6875,7.05555555555556,7.30413223140496,35
"35",2004,6,6.90909090909091,11,7.5,5.33333333333333,NA,5,7.625,8,3,0,3,8,204,141,63,8,75,129,7.19509803921569,7.70212765957447,6.06031746031746,6.6875,6.97333333333333,7.32403100775194,36
"36",2004,7,7.1875,8,8.375,6,7,7.625,6.75,4,4,2,4,4,212,145,67,10,79,133,7.19481132075472,7.72068965517241,6.05671641791045,6.75,7.00632911392405,7.30676691729323,37
"37",2004,8,7.4,5,8.5,6.66666666666667,NA,NA,7.4,2,3,0,0,5,217,147,70,10,79,138,7.19953917050691,7.7312925170068,6.08285714285714,6.75,7.00632911392405,7.31014492753623,38
"38",2004,9,6.8,11,7.45,6.02,NA,6.63333333333333,7,6,5,0,6,5,228,153,75,10,85,143,7.18026315789474,7.7202614379085,6.07866666666667,6.75,6.98,7.2993006993007,39
"39",2004,10,5.8125,8,5.9,5.66666666666667,8,5.25,6.375,5,3,1,4,4,236,158,78,11,89,147,7.13389830508475,7.6626582278481,6.06282051282051,6.86363636363636,6.90224719101124,7.27414965986394,40
"40",2004,11,6.82142857142857,14,7.71428571428571,5.92857142857143,6.75,6.64285714285714,7,7,7,2,7,7,250,165,85,13,96,154,7.1164,7.66484848484849,6.05176470588235,6.84615384615385,6.88333333333333,7.26168831168831,41
"41",2004,12,7.15,12,7.64444444444444,5.66666666666667,NA,6.83333333333333,7.46666666666667,9,3,0,6,6,262,174,88,13,102,160,7.11793893129771,7.66379310344828,6.03863636363636,6.84615384615385,6.88039215686274,7.269375,42
"42",2005,1,6.92857142857143,14,6.8,7.25,7,6.66666666666667,7.125,10,4,3,6,8,276,184,92,16,108,168,7.10833333333333,7.61684782608696,6.09130434782609,6.875,6.86851851851852,7.2625,43
"43",2005,2,6.83333333333333,12,7.1,6.64285714285714,6.5,6.7,6.92857142857143,5,7,2,5,7,288,189,99,18,113,175,7.096875,7.6031746031746,6.13030303030303,6.83333333333333,6.86106194690265,7.24914285714286,44
"44",2005,3,7.1875,8,8,6.7,7.25,7,7.375,3,5,2,4,4,296,192,104,20,117,179,7.09932432432432,7.609375,6.15769230769231,6.875,6.86581196581197,7.25195530726257,45
"45",2005,4,7.15,10,8.375,6.33333333333333,NA,6.75,7.41666666666667,4,6,0,4,6,306,196,110,20,121,185,7.10098039215686,7.625,6.16727272727273,6.875,6.86198347107438,7.2572972972973,46
"46",2005,5,6.76315789473684,19,7.63636363636364,5.5625,5.5,7,6.65384615384615,11,8,2,6,13,325,207,118,22,127,198,7.08123076923077,7.6256038647343,6.12627118644068,6.75,6.86850393700787,7.21767676767677,47
"47",2005,6,6.55,12,6.7,6.25,6,6.22,6.78571428571429,8,4,1,5,7,337,215,122,23,132,205,7.06231454005935,7.59116279069767,6.13032786885246,6.71739130434783,6.84393939393939,7.20292682926829,48
"48",2005,7,6.57692307692308,13,6.3125,7,NA,5.6,7.1875,8,5,0,5,8,350,223,127,23,137,213,7.04428571428571,7.54529147982063,6.16456692913386,6.71739130434783,6.7985401459854,7.20234741784037,49
"49",2005,8,6.80769230769231,13,7,6.5,NA,6.33333333333333,6.95,8,5,0,3,10,363,231,132,23,140,223,7.03581267217631,7.52640692640693,6.17727272727273,6.71739130434783,6.78857142857143,7.19103139013453,50
"50",2005,9,6.73333333333333,15,7.41666666666667,6.27777777777778,7,6.71428571428571,6.75,6,9,3,7,8,378,237,141,26,147,231,7.02380952380952,7.52362869198312,6.18368794326241,6.75,6.78503401360544,7.17575757575757,51
"51",2005,10,6.31818181818182,11,6.83333333333333,5.7,7.16666666666667,5,7.07142857142857,6,5,3,4,7,389,243,146,29,151,238,7.0038560411311,7.50658436213992,6.16712328767123,6.79310344827586,6.73774834437086,7.17268907563025,52
"52",2005,11,6.79090909090909,11,7.275,5.5,7,6.4,7.11666666666667,8,3,1,5,6,400,251,149,30,156,244,6.998,7.499203187251,6.15369127516779,6.8,6.72692307692308,7.17131147540984,53
"53",2005,12,7.05,10,7.5,6.375,7.75,10,6.72222222222222,6,4,2,1,9,410,257,153,32,157,253,6.99926829268293,7.49922178988327,6.15947712418301,6.859375,6.74777070063694,7.15533596837945,54
"54",2006,1,6.8375,16,7.74,5.33333333333333,NA,7.025,6.775,10,6,0,4,12,426,267,159,32,161,265,6.99319248826291,7.50823970037453,6.12830188679245,6.859375,6.75465838509317,7.13811320754717,55
"55",2006,2,7.2375,8,7.48333333333333,6.5,6,7.25,7.225,6,2,1,4,4,434,273,161,33,165,269,6.99769585253456,7.50769230769231,6.13291925465839,6.83333333333333,6.76666666666667,7.13940520446097,56
"56",2006,3,7.81785714285714,14,8.155,6.975,NA,7.575,8,10,4,0,6,8,448,283,165,33,171,277,7.02332589285714,7.53056537102474,6.15333333333333,6.83333333333333,6.79502923976608,7.16425992779783,57
"57",2006,4,7.1,12,7.5,6.9,8.06666666666667,5.83333333333333,7.52222222222222,4,8,3,3,9,460,287,173,36,174,286,7.02532608695652,7.5301393728223,6.1878612716763,6.93611111111111,6.77844827586207,7.17552447552448,58
"58",2006,5,7.14285714285714,7,8,6.8,9,5.5,7.8,2,5,1,2,5,467,289,178,37,176,291,7.02708779443255,7.53339100346021,6.20505617977528,6.99189189189189,6.76392045454546,7.18625429553265,59
"59",2006,6,5.25,4,6.5,4,2,6,5,2,2,1,1,3,471,291,180,38,177,294,7.0119957537155,7.52628865979381,6.18055555555556,6.86052631578947,6.75960451977401,7.16394557823129,60
"60",2006,7,7.55491666666667,12,8.082375,6.5,6,8.1318,7.14285714285714,8,4,2,5,7,483,299,184,40,182,301,7.02548447204969,7.54116722408027,6.1875,6.8175,6.7973021978022,7.16345514950166,61
"61",2006,8,7.475,12,7.6875,7.05,NA,8,7.3,8,4,0,3,9,495,307,188,40,185,310,7.03638181818182,7.54498045602606,6.20585106382979,6.8175,6.81680540540541,7.16741935483871,62
"62",2006,9,7.17222222222222,9,7.4,6.8875,6.5,7.125,7.18571428571429,5,4,1,2,7,504,312,192,41,187,317,7.03880753968254,7.54265705128205,6.22005208333333,6.80975609756098,6.82010160427808,7.16782334384858,63
"63",2006,10,6.84615384615385,13,7.22222222222222,6,7,6.5,7.14285714285714,9,4,1,6,7,517,321,196,42,193,324,7.03396324951644,7.53367289719626,6.2155612244898,6.81428571428571,6.81015025906736,7.16728395061728,64
"64",2006,11,6.88888888888889,9,7.125,5,NA,7,6.875,8,1,0,1,8,526,329,197,42,194,332,7.03148098859315,7.52373556231003,6.20939086294416,6.81428571428571,6.81112886597938,7.16024096385542,65
"65",2006,12,6.92727272727273,11,7.17142857142857,6.5,NA,6.33333333333333,7.15,7,4,0,3,8,537,336,201,42,197,340,7.02934636871508,7.51639583333333,6.21517412935323,6.81428571428571,6.80385279187817,7.16,66
"66",2007,1,7.34166666666667,24,7.45555555555556,7,7.66666666666667,7.31428571428571,7.35294117647059,18,6,3,7,17,561,354,207,45,204,357,7.04270766488413,7.51330225988701,6.23792270531401,6.87111111111111,6.82136764705882,7.16918767507003,67
"67",2007,2,7.55901,12,7.8375,7.00203,7,8.725,6.976015,8,4,1,4,8,573,362,211,46,208,365,7.05352027923211,7.52046685082873,6.25240815165877,6.87391304347826,6.85797596153846,7.16495375342466,68
"68",2007,3,6.77272727272727,11,7.5,5.5,NA,6.4,7.08333333333333,7,4,0,5,6,584,369,215,46,213,371,7.04823136986301,7.52007859078591,6.23840986046512,6.87391304347826,6.84722535211268,7.16363374663073,69
"69",2007,4,6.96666666666667,15,7.04545454545455,6.75,5,6.1875,7.85714285714286,11,4,1,8,7,599,380,219,47,221,378,7.04618884808013,7.50633947368421,6.24775397260274,6.83404255319149,6.82334389140272,7.17647650793651,70
"70",2007,5,6.8,15,7.2,6,7,6.42857142857143,7.125,10,5,1,7,8,614,390,224,48,228,386,7.04017446254071,7.49848461538461,6.24222375,6.8375,6.81122368421053,7.1754096373057,71
"71",2007,6,7.16666666666667,15,7.42857142857143,6.9375,6.5,7.14285714285714,7.1875,7,8,2,7,8,629,397,232,50,235,394,7.04319096979332,7.49725188916876,6.26619879310345,6.824,6.82110212765958,7.17565512690355,72
"72",2007,7,7.125,12,8,6.6875,6.66666666666667,6.25,7.5625,4,8,3,4,8,641,401,240,53,239,402,7.04472249609984,7.50226683291771,6.28024216666667,6.81509433962264,6.81154393305439,7.18335353233831,73
"73",2007,8,7,12,7.2,6.85714285714286,7.25,7.375,6.8125,5,7,2,4,8,653,406,247,55,243,410,7.0439006431853,7.49854433497537,6.29659157894737,6.83090909090909,6.82081893004115,7.17611736585366,74
"74",2007,9,7.54615384615385,13,7.9,6.75,7,7.85,7.28571428571429,9,4,1,6,7,666,415,251,56,249,417,7.05370438438438,7.50725060240964,6.30381721115538,6.83392857142857,6.84561847389558,7.17795712230216,75
"75",2007,10,7,18,7.35714285714286,5.75,NA,7.375,6.89285714285714,14,4,0,4,14,684,429,255,56,253,431,7.05229111111111,7.50235198135198,6.29512988235294,6.83392857142857,6.85398814229249,7.16869633410673,76
"76",2007,11,6.65217391304348,23,6.83333333333333,6.3125,6,6,6.9375,15,8,2,7,16,707,444,263,58,260,447,7.03927456859972,7.47975,6.29565825095057,6.8051724137931,6.83099615384615,7.16042085011186,77
"77",2007,12,6.14705882352941,17,6.83333333333333,5.375,6,6.08333333333333,6.18181818181818,9,8,1,6,11,724,453,271,59,266,458,7.01832475138121,7.46690728476821,6.26848014760148,6.79152542372881,6.81413157894737,7.13691729257642,78
"78",2008,1,7.28125,16,7.68181818181818,6.4,6,6.25,7.625,11,5,1,4,12,740,464,276,60,270,470,7.02400962162162,7.47200215517241,6.27086275362319,6.77833333333333,6.80577407407407,7.1493789787234,79
"79",2008,2,6.95,10,7.875,6.33333333333333,7,7.33333333333333,6.78571428571429,4,6,1,3,7,750,468,282,61,273,477,7.02302282666666,7.47544658119658,6.27219191489362,6.78196721311475,6.81157142857143,7.1440421802935,80
"80",2008,3,7.14444444444444,18,7.55555555555556,6.73333333333333,7,7.5,6.91818181818182,9,9,1,7,11,768,477,291,62,280,488,7.02586864583333,7.47695807127883,6.28645402061856,6.78548387096774,6.82878214285714,7.13895106557377,81
"81",2008,4,7.53846153846154,13,7.71428571428571,7.33333333333333,7.33333333333333,7.78571428571429,7.25,7,6,3,7,6,781,484,297,65,287,494,7.03440092189501,7.48039049586777,6.3076030976431,6.81076923076923,6.85212195121951,7.14029983805668,82
"82",2008,5,6.77272727272727,11,7.33333333333333,6.1,NA,5,6.95,6,5,0,1,10,792,490,302,65,288,504,7.03076656565656,7.47858979591837,6.3041659602649,6.81076923076923,6.84569097222222,7.13652404761905,83
"83",2008,6,7,9,7.57142857142857,5,5,7.5,6.85714285714286,7,2,2,2,7,801,497,304,67,290,511,7.03042087390761,7.47989738430583,6.29558592105263,6.75671641791045,6.85020344827586,7.13269690802348,84
"84",2008,7,6.5,19,6.97272727272727,5.85,5.96,6.16,6.62142857142857,11,8,5,5,14,820,508,312,72,295,525,7.01813063414634,7.46891535433071,6.28416064102564,6.70138888888889,6.83850508474576,7.11906308571429,85
"85",2008,8,6.59333333333333,15,7.3625,5.71428571428571,5.5,7,6.49166666666667,8,7,6,3,12,835,516,319,78,298,537,7.01049954491018,7.46726550387597,6.27165554858934,6.60897435897436,6.84013087248322,7.10504305400372,86
"86",2008,9,6.8,11,6.83333333333333,6.76,6.6,6.4,6.88888888888889,6,5,3,2,9,846,522,324,81,300,546,7.00776255319149,7.45997892720306,6.27919172839506,6.60864197530864,6.83719666666667,7.10148007326007,87
"87",2008,10,7.03846153846154,13,7.58333333333333,6.57142857142857,7,6,7.5,6,7,4,4,9,859,528,331,85,304,555,7.00822714784633,7.46138068181818,6.28537196374622,6.62705882352941,6.82618092105263,7.10794255855856,88
"88",2008,11,7.3375,8,7,7.9,7,NA,7.3375,5,3,1,0,8,867,533,334,86,304,563,7.01126542099192,7.45705253283302,6.29987461077844,6.63139534883721,6.82618092105263,7.11120447602131,89
"89",2008,12,6.625,20,7.15,6.1,5.875,6.57142857142857,6.65384615384615,10,10,8,7,13,887,543,344,94,311,576,7.00255594137542,7.45139779005525,6.29406430232558,6.56702127659574,6.82044694533762,7.10088215277778,90
"90",2009,1,6.7125,16,7.1,6.06666666666667,6.93333333333333,6.83333333333333,6.64,10,6,3,6,10,903,553,350,97,317,586,6.9974165227021,7.44504339963833,6.29016605714286,6.57835051546392,6.82069085173502,7.09301726962457,91
"91",2009,2,6.5,31,6.8,6.35714285714286,5.5,5.16666666666667,6.64285714285714,10,21,6,3,28,934,563,371,103,320,614,6.98090698072805,7.43358614564831,6.2939571967655,6.51553398058252,6.805184375,7.07248879478827,92
"92",2009,3,6.34,20,7.11428571428571,5.92307692307692,5.5,6.33333333333333,6.34285714285714,7,13,8,6,14,954,570,384,111,326,628,6.96747077568134,7.4296649122807,6.28140135416666,6.44234234234234,6.7965,7.05622312101911,93
"93",2009,4,6.61363636363636,22,6.5,6.64705882352941,6.5,6.25,6.69444444444444,5,17,6,4,18,976,575,401,117,330,646,6.959495,7.42158086956522,6.29690304239401,6.44529914529914,6.78987575757576,7.04614260061919,94
"94",2009,5,6.71818181818182,22,7.27272727272727,6.16363636363636,6.16,6.7,6.72222222222222,11,11,5,4,18,998,586,412,122,334,664,6.95417547094188,7.41878668941979,6.29334495145631,6.43360655737705,6.78879940119761,7.03736162650602,95
"95",2009,6,6.77777777777778,18,7.25,6.4,6.9,7.5,6.63333333333333,8,10,5,3,15,1016,594,422,127,337,679,6.95105031496063,7.41651346801347,6.29587232227488,6.45196850393701,6.79513056379822,7.02843611192931,96
"96",2009,7,6.875,20,7.33333333333333,6.5,6.3,7,6.82142857142857,9,11,5,6,14,1036,603,433,132,343,693,6.94958216216216,7.415271973466,6.30105801385681,6.44621212121212,6.79871428571429,7.02425414141414,97
"97",2009,8,7.42857142857143,14,7.44444444444444,7.4,6.75,7.3,7.5,9,5,2,5,9,1050,612,438,134,348,702,6.95596868571428,7.41570098039216,6.31360301369863,6.45074626865672,6.80591666666667,7.03035344729345,98
"98",2009,9,7.175,20,7.5,6.90909090909091,6.33333333333333,7.25,7.16666666666667,9,11,3,2,18,1070,621,449,137,350,720,6.96006272897196,7.41692270531401,6.32819180400891,6.44817518248175,6.80845428571429,7.03376127777778,99
"99",2009,10,7.17777777777778,27,7.61538461538461,6.77142857142857,7.375,7.78333333333333,7.0047619047619,13,14,4,6,21,1097,634,463,141,356,741,6.9654212579763,7.42099211356467,6.34159421166307,6.47446808510638,6.82488483146067,7.03293943319838,100
"100",2009,11,6.625,28,7.41666666666667,6.40909090909091,7.25,6.8125,6.55,6,22,8,8,20,1125,640,485,149,364,761,6.95694855111111,7.4209515625,6.34465591752577,6.51610738255033,6.82461263736264,7.02024720105125,101
"101",2009,12,6.8625,24,7.01428571428571,6.65,7.5,8.4,6.64285714285714,14,10,5,3,21,1149,654,495,154,367,782,6.9549757354221,7.41224617737003,6.35082448484848,6.54805194805195,6.83749046321526,7.010112685422,102
"102",2010,1,6.43166666666667,30,6.996875,5.78571428571429,6.28571428571429,6.375,6.44038461538462,16,14,7,4,26,1179,670,509,161,371,808,6.94165998303647,7.40232686567164,6.33528117878192,6.53664596273292,6.83250404312668,6.99177985148515,103
"103",2010,2,6.82692307692308,26,7.25,6.46428571428571,6.5,6.1,7,12,14,4,5,21,1205,682,523,165,376,829,6.93918433195021,7.39964662756598,6.33873445506692,6.53575757575758,6.82276329787234,6.99198808202654,104
"104",2010,3,6.58333333333333,9,8,5.875,6,6.75,6.5625,3,6,2,1,8,1214,685,529,167,377,837,6.93654622734761,7.40227591240876,6.33347470699433,6.52934131736527,6.82257029177719,6.98788305854241,105
"105",2010,4,7.45,10,7.33333333333333,7.625,8,NA,7.45,6,4,1,0,10,1224,691,533,168,377,847,6.94074111111111,7.40167727930535,6.34316720450281,6.53809523809524,6.82257029177719,6.99333898465171,106
"106",2010,5,7,10,7.42857142857143,6,NA,5,7.22222222222222,7,3,0,1,9,1234,698,536,168,378,856,6.94122132901134,7.40194699140401,6.34124649253731,6.53809523809524,6.81774867724868,6.99574546728972,107
"107",2010,6,6.61818181818182,11,8,6.48,7,6.7,6.57142857142857,1,10,3,4,7,1245,699,546,171,382,863,6.93836716465863,7.4028025751073,6.34378776556777,6.54619883040936,6.81651570680628,6.99230373117034,108
"108",2010,7,6.375,12,6.9,6,6.5,6.875,6.125,5,7,2,4,8,1257,704,553,173,386,871,6.93298895783612,7.39923153409091,6.33943602169982,6.54566473988439,6.81712176165803,6.98433768082664,109
"109",2010,8,6.75384615384615,13,6.7,6.875,6,6.83333333333333,6.73,9,4,1,3,10,1270,713,557,174,389,881,6.93115521259842,7.39040532959327,6.34328208258528,6.54252873563218,6.81724678663239,6.98145076049943,110
"110",2010,9,6.4,10,6.6,6.2,7.66666666666667,6.8,6,5,5,3,5,5,1280,718,562,177,394,886,6.9270055625,7.38490111420613,6.34200733096085,6.56158192090395,6.81702791878173,6.9759120993228,111
"111",2010,10,6.6875,16,6.525,6.74166666666667,6.56,5.96,7.01818181818182,4,12,5,5,11,1296,722,574,182,399,897,6.9240487037037,7.38013711911357,6.35036257839721,6.56153846153846,6.80628822055138,6.97643045707915,112
"112",2010,11,6.646,20,7.47454545454545,5.63333333333333,6.25,6.5,6.66222222222222,11,9,4,2,18,1316,733,583,186,401,915,6.91982303951368,7.38155388813097,6.33929351629503,6.55483870967742,6.80476059850374,6.97024931147541,113
"113",2010,12,7.42,15,7.63,7,NA,7.75714285714286,7.125,10,5,0,7,8,1331,743,588,186,408,923,6.92545989481592,7.38489771197847,6.34491176870748,6.55483870967742,6.82110049019608,6.97159059588299,114
"114",2011,1,6.475,20,7,6.04545454545455,5.75,6.83333333333333,6.41176470588235,9,11,4,3,17,1351,752,599,190,411,940,6.91879135455218,7.38029122340426,6.33941255425709,6.5378947368421,6.8211897810219,6.96146608510638,115
"115",2011,2,7.23076923076923,13,7.71428571428571,6.66666666666667,6,7.75,7,7,6,1,4,9,1364,759,605,191,415,949,6.92176475073313,7.38337154150198,6.34265804958678,6.53507853403141,6.8301421686747,6.96183152792413,116
"116",2011,3,7.22,5,8,6.7,NA,NA,7.22,2,3,0,0,5,1369,761,608,191,415,954,6.92285399561724,7.38499211563732,6.34442125,6.53507853403141,6.8301421686747,6.96318461215933,117
"117",2011,4,7.38928571428571,14,7.775,6.875,6.66666666666667,7.75,7.245,8,6,3,4,10,1383,769,614,194,419,964,6.92757564714389,7.38904941482445,6.34960605863192,6.53711340206185,6.83892362768497,6.96610800829876,118
"118",2011,5,7.02857142857143,14,7.84285714285714,6.21428571428571,6.83333333333333,6.225,7.35,7,7,3,4,10,1397,776,621,197,423,974,6.928587773801,7.39314304123711,6.34808070853462,6.54162436548223,6.83311820330969,6.97004940451745,119
"119",2011,6,7.42857142857143,7,6.46666666666667,8.15,6.5,6.8,7.68,3,4,1,2,5,1404,779,625,198,425,979,6.93108056980057,7.38957509627728,6.359612992,6.54141414141414,6.83296235294118,6.97367530132789,120
"120",2011,7,6.125,8,7,5.25,5,7,6,4,4,1,1,7,1412,783,629,199,426,986,6.92651354107648,7.38758492975734,6.35255662957075,6.53366834170854,6.8333544600939,6.96676279918864,121
"121",2011,8,6.57692307692308,13,6.78571428571429,6.33333333333333,6,5.5,6.66666666666667,7,6,3,1,12,1425,790,635,202,427,998,6.92332429473684,7.38225189873418,6.35237499212598,6.52574257425742,6.8302318501171,6.96315442885771,122
"122",2011,9,6.5,9,7,6.4375,7,NA,6.5,1,8,2,0,9,1434,791,643,204,427,1007,6.92066744769874,7.38176864728192,6.35343409020218,6.53039215686274,6.8302318501171,6.95901501489573,123
"123",2011,10,7.22,10,7.425,7.08333333333333,7,6,7.525,4,6,2,2,8,1444,795,649,206,429,1015,6.92274038781163,7.38198616352201,6.36018200308166,6.53495145631068,6.82636130536131,6.96347598029557,124
"124",2011,11,6.19117647058824,17,7.82142857142857,5.05,6,4.6,6.85416666666667,7,10,2,5,12,1461,802,659,208,434,1027,6.91422800821355,7.3858216957606,6.34030063732929,6.52980769230769,6.80071198156682,6.96219875365141,125
"125",2011,12,6.75,6,7.25,6.5,NA,5,7.625,2,4,0,2,4,1467,804,663,208,436,1031,6.9135563190184,7.38548383084577,6.34126413273001,6.52980769230769,6.79245183486239,6.96477024248303,126
"126",2012,1,6.85,10,6.66666666666667,6.92857142857143,7.5,6,6.94444444444444,3,7,2,1,9,1477,807,670,210,437,1040,6.91312601218686,7.38281164807931,6.34740017910448,6.53904761904762,6.79063844393593,6.96459434615385,127
"127",2012,2,6.96428571428571,14,7.27777777777778,6.4,6,7.5,6.81818181818182,9,5,1,3,11,1491,816,675,211,440,1051,6.91360638497652,7.38165318627451,6.34778980740741,6.53649289099526,6.795475,6.96306196003806,128
"128",2012,3,6.87777777777778,9,6.725,7,6,6,6.9875,4,5,1,1,8,1500,820,680,212,441,1059,6.91339141333333,7.37845,6.35258547058823,6.53396226415094,6.79367120181406,6.96324657223796,129
"129",2012,4,7.125,8,7.125,NA,NA,6.66666666666667,7.4,8,0,0,3,5,1508,828,680,212,444,1064,6.91451400530504,7.37600120772947,6.35258547058823,6.53396226415094,6.79281306306306,6.96529898496241,130
"130",2012,5,6.625,8,6.1,7.5,7.5,7,6.57142857142857,5,3,3,1,7,1516,833,683,215,445,1071,6.91298622691293,7.36834213685474,6.35762535871157,6.54744186046512,6.79327865168539,6.96272466853408,131
"131",2012,6,6.525,4,7.05,6,NA,6,7.05,2,2,0,2,2,1520,835,685,215,447,1073,6.91196521052631,7.36757964071856,6.35658119708029,6.54744186046512,6.7897293064877,6.96288734389562,132
"132",2012,7,6.7325,4,NA,6.7325,6,6,6.97666666666667,0,4,1,1,3,1524,835,689,216,448,1076,6.91149417322834,7.36757964071856,6.35876359941945,6.54490740740741,6.78796651785714,6.96292576208179,133
"133",2012,8,6.48,10,7.66666666666667,5.97142857142857,NA,6.65,6.4375,3,7,0,2,8,1534,838,696,216,450,1084,6.90868130378096,7.36865035799523,6.35486798850575,6.54490740740741,6.78735333333333,6.95904808118081,134
"134",2012,9,8,2,NA,8,7,NA,8,0,2,1,0,2,1536,838,698,217,450,1086,6.91010229166666,7.36865035799523,6.35958183381089,6.54700460829493,6.78735333333333,6.96096511970534,135
"135",2012,10,7.375,8,7.8,6.66666666666667,NA,9.25,6.75,5,3,0,2,6,1544,843,701,217,452,1092,6.9125110880829,7.37120877817319,6.3608960342368,6.54700460829493,6.79825,6.95980597069597,136
"136",2012,11,7.33333333333333,12,7.66666666666667,7.22222222222222,7,7,7.36363636363636,3,9,1,1,11,1556,846,710,218,453,1103,6.91575650385604,7.37225650118203,6.37181425352113,6.54908256880734,6.79869536423841,6.96383329102448,137
"137",2012,12,7.1875,16,6.78571428571429,7.5,6.5,6.875,7.29166666666667,7,9,4,4,12,1572,853,719,222,457,1115,6.91852234096692,7.36744314185229,6.3859361891516,6.5481981981982,6.79936323851204,6.9673615426009,138
"138",2013,1,6.7,18,6.78,6.6,6.25,7.3,6.46923076923077,10,8,4,5,13,1590,863,727,226,462,1128,6.91604850314465,7.36063615295481,6.38829177441541,6.5429203539823,6.80478138528139,6.96162067375887,139
"139",2013,2,6.69,10,7,6.38,6,6.66666666666667,6.7,5,5,1,3,7,1600,868,732,227,465,1135,6.9146357,7.35855875576037,6.38823513661202,6.54052863436123,6.80389032258065,6.96000715418502,140
"140",2013,3,7.66666666666667,9,7.5,7.8,6.5,6.66666666666667,8.16666666666667,4,5,2,3,6,1609,872,737,229,468,1141,6.91884221255438,7.35920756880734,6.39781291723202,6.54017467248908,6.80301068376068,6.96635242769501,141
"141",2013,4,7.48,5,7.75,7.3,NA,7.5,7.475,2,3,0,1,4,1614,874,740,229,469,1145,6.92058061957868,7.36010183066361,6.40147043243243,6.54017467248908,6.80449680170576,6.96812936244542,142
"142",2013,5,6,4,6.66666666666667,4,NA,NA,6,3,1,0,0,4,1618,877,741,229,469,1149,6.91830477132262,7.35772976054732,6.39822958164642,6.54017467248908,6.80449680170576,6.96475902523934,143
"143",2013,6,6.8375,8,6,7.34,7,6.675,7,3,5,1,4,4,1626,880,746,230,473,1153,6.91790720787208,7.35310113636364,6.40454171581769,6.54217391304348,6.80340169133193,6.96488128360798,144
"144",2013,7,6.66,5,8.15,5.66666666666667,5,5,7.76666666666667,2,3,2,2,3,1631,882,749,232,475,1156,6.9171165665236,7.35490816326531,6.40158627503338,6.52887931034483,6.79580842105263,6.96696204152249,145
"145",2013,8,6.98,10,7.25,6.575,6,6,7.08888888888889,6,4,1,1,9,1641,888,753,233,476,1165,6.91749976843388,7.35419932432432,6.40250746347941,6.52660944206009,6.79413655462185,6.96790396566524,146
"146",2013,9,6.16666666666667,6,7,5.33333333333333,5,5.66666666666667,6.66666666666667,3,3,1,3,3,1647,891,756,234,479,1168,6.91476449301761,7.35300673400673,6.39826470899471,6.52008547008547,6.7870751565762,6.96713023972603,147
"147",2013,10,6.5,4,6.33333333333333,7,NA,NA,6.5,3,1,0,0,4,1651,894,757,234,479,1172,6.91375961235615,7.34958501118568,6.39905960369881,6.52008547008547,6.7870751565762,6.96553593856656,148
"148",2013,11,5.8,10,6.75,5.16666666666667,5.25,3.75,6.3125,4,6,2,2,8,1661,898,763,236,481,1180,6.907054256472,7.34691425389755,6.38936844036697,6.5093220338983,6.77444698544699,6.96110857627119,149
"149",2013,12,5.5,7,8,5.08333333333333,5.1,5.25,5.6,1,6,5,2,5,1668,899,769,241,483,1185,6.90114935251798,7.34764071190211,6.37917830949285,6.48008298755187,6.76813457556936,6.95536550210971,150
"150",2014,1,6.62222222222222,9,6.93333333333333,6,6.5,NA,6.62222222222222,6,3,2,0,9,1677,905,772,243,483,1194,6.89965242695289,7.34489392265193,6.37770481865285,6.48024691358025,6.76813457556936,6.9528543718593,151
"151",2014,2,6.8,7,7.5,6.68333333333333,NA,NA,6.8,1,6,0,0,7,1684,906,778,243,483,1201,6.89923819477434,7.3450651214128,6.38006185089974,6.48024691358025,6.76813457556936,6.95196346378019,152
"152",2014,3,7,1,7,NA,NA,NA,7,1,0,0,0,1,1685,907,778,243,483,1202,6.89929799406528,7.34468467475193,6.38006185089974,6.48024691358025,6.76813457556936,6.95200342762064,153
"153",2014,4,6.43333333333333,9,6.5,6.41428571428571,6.96666666666667,7.13333333333333,6.08333333333333,2,7,3,3,6,1694,909,785,246,486,1208,6.89682238488784,7.34282618261826,6.38036703184713,6.48617886178862,6.77038888888889,6.94768884105961,154
"154",2014,5,6.83333333333333,9,6.75,6.9,6.25,6,7.07142857142857,4,5,2,2,7,1703,913,790,248,488,1215,6.89648685848502,7.34022891566265,6.38365584810126,6.48427419354839,6.76723155737705,6.94840174485597,155
"155",2014,6,7.375,4,7.75,7,7,7.83333333333333,6,2,2,2,3,1,1707,915,792,250,491,1216,6.89760815465729,7.34112459016393,6.38521227272727,6.4884,6.77374541751528,6.94762180921053,156
"156",2014,7,6.83333333333333,6,7,6.75,5,6,7.25,2,4,1,2,4,1713,917,796,251,493,1220,6.89738302393461,7.34038058887677,6.38704537688442,6.48247011952191,6.77060649087221,6.94861321311476,157
"157",2014,8,5.66666666666667,3,6.5,4,NA,7,5,2,1,0,1,2,1716,919,797,251,494,1222,6.89523142191142,7.33855168661589,6.38405033877039,6.48247011952191,6.77107085020243,6.94542399345336,158
"158",2014,9,6.76,5,7,6.4,NA,7,6.7,3,2,0,1,4,1721,922,799,251,495,1226,6.89483853573504,7.33745010845987,6.38409026282854,6.48247011952191,6.77153333333333,6.94462326264274,159
"159",2014,10,6.4,15,7,5.71428571428571,4.66666666666667,5.62,6.79,8,7,3,5,10,1736,930,806,254,500,1236,6.89056285714285,7.33454731182796,6.37827310173697,6.46102362204724,6.760018,6.94337226537217,160
"160",2014,11,5.9375,8,7,5.58333333333333,6,5.33333333333333,6.3,2,6,2,3,5,1744,932,812,256,503,1241,6.88619100917431,7.33382939914163,6.37239916256158,6.457421875,6.75150894632207,6.94078011281225,161
"161",2014,12,7.18333333333333,6,7.33333333333333,7.03333333333333,7.05,7.1,7.2,3,3,2,1,5,1750,935,815,258,504,1246,6.88720978285714,7.33382780748663,6.37483204907975,6.46201550387597,6.7522003968254,6.94182032102729,162
"162",2015,1,7.16666666666667,9,7.4,6.875,6.66666666666667,6,7.5,5,4,3,2,7,1759,940,819,261,506,1253,6.8886396361569,7.33417978723404,6.37727487179487,6.46436781609195,6.74922727272727,6.94493864325619,163
"163",2015,2,7.42857142857143,7,8.2,5.5,5.5,6,7.66666666666667,5,2,2,1,6,1766,945,821,263,507,1259,6.89077979614949,7.33876084656085,6.37513778319123,6.45703422053232,6.74774950690335,6.9483781731533,164
"164",2015,3,7.1875,8,9.5,6.41666666666667,6.83333333333333,5,7.5,2,6,3,1,7,1774,947,827,266,508,1266,6.89211788049605,7.3433252375924,6.37543908101572,6.46127819548872,6.74430905511811,6.95142821484992,165
"165",2015,4,6.42857142857143,7,6.66666666666667,6.25,6,5,6.66666666666667,3,4,1,1,6,1781,950,831,267,509,1272,6.89029596855699,7.34118842105263,6.37483528279182,6.45955056179775,6.74088212180747,6.950085,166
"166",2015,5,6.8,9,7.45714285714286,4.5,NA,4.9,7.75,7,2,0,3,6,1790,957,833,267,512,1278,6.88984196648044,7.34203657262278,6.37033387755102,6.45955056179775,6.730095703125,6.95384046948357,167
"167",2015,6,6.33333333333333,3,8,5.5,5,NA,6.33333333333333,1,2,1,0,3,1793,958,835,268,512,1281,6.88891083100948,7.34272338204593,6.36824924550898,6.45410447761194,6.730095703125,6.95238729117877,168
"168",2015,7,6.46666666666667,6,8,5.7,NA,7.5,6.26,2,4,0,1,5,1799,960,839,268,513,1286,6.88750256809338,7.34409270833333,6.36506331346841,6.45410447761194,6.73159649122807,6.94969527216174,169
"169",2015,8,6.5,3,7.75,4,NA,8.5,5.5,2,1,0,1,2,1802,962,840,268,514,1288,6.8868574472808,7.34493659043659,6.36224776190476,6.45410447761194,6.73503696498055,6.94744419254658,170
"170",2015,9,5.63333333333333,6,5.95,5,NA,5,5.95,4,2,0,2,4,1808,966,842,268,516,1292,6.88269752212389,7.33916045548654,6.35901201900238,6.45410447761194,6.72831201550388,6.94435613003096,171
"171",2015,10,7,2,7,NA,NA,NA,7,2,0,0,0,2,1810,968,842,268,516,1294,6.88282713812154,7.3384597107438,6.35901201900238,6.45410447761194,6.72831201550388,6.94444213292117,172
"172",2015,11,7.15,10,7.875,6.66666666666667,6.5,6,7.27777777777778,4,6,2,1,9,1820,972,848,270,517,1303,6.88429512087912,7.34066769547325,6.36118882075472,6.45444444444444,6.72690328820116,6.94674452801228,173
"173",2015,12,6.16666666666667,6,6.66666666666667,5.66666666666667,NA,NA,6.16666666666667,3,3,0,0,6,1826,975,851,270,517,1309,6.88193708652793,7.33859384615385,6.35874044653349,6.45444444444444,6.72690328820116,6.94316892284186,174
"174",2016,1,6.8,10,6.8,NA,NA,7,6.71428571428571,10,0,0,3,7,1836,985,851,270,520,1316,6.88149080610022,7.33312588832487,6.35874044653349,6.45444444444444,6.72847884615385,6.94195145896657,175
"175",2016,2,7.35,6,6.7,8,7,7,7.42,3,3,1,1,5,1842,988,854,271,521,1321,6.88301689467969,7.33120344129555,6.36450599531616,6.45645756457565,6.729,6.94376087812264,176
"176",2016,3,7.125,8,7.83333333333333,6.7,7.75,7.75,6.91666666666667,3,5,2,2,6,1850,991,859,273,523,1327,6.88406330810811,7.33272351160444,6.36645881257276,6.46593406593407,6.73290439770555,6.94363837226827,177
"177",2016,4,7.58,10,8.75,7.2875,NA,7,7.64444444444444,2,8,0,1,9,1860,993,867,273,524,1336,6.8878049032258,7.33557804632427,6.37495746251442,6.46593406593407,6.7334141221374,6.94835937125749,178
"178",2016,5,6.4,5,6.75,5,5,7,6.25,4,1,1,1,4,1865,997,868,274,525,1340,6.8864971152815,7.33322868605817,6.37337341013825,6.46058394160584,6.7339219047619,6.94627471641791,179
"179",2016,6,5.75,4,NA,5.75,6,5.5,5.83333333333333,0,4,2,1,3,1869,997,872,276,526,1343,6.8840648047084,7.33322868605817,6.37051389908257,6.45724637681159,6.73157604562738,6.94378862248697,180
"180",2016,7,6.95,4,7,6.9,NA,NA,6.95,2,2,0,0,4,1873,999,874,276,526,1347,6.88420561665776,7.33256156156156,6.37172553775744,6.45724637681159,6.73157604562738,6.94380706755754,181
"181",2016,8,6.71428571428571,14,6.77272727272727,6.5,6.75,7.25,6.5,11,3,2,4,10,1887,1010,877,278,530,1357,6.88294494965553,7.32646435643564,6.37216433295325,6.45935251798561,6.73548867924528,6.94053656595431,182
"182",2016,9,7.07142857142857,7,7.375,6.66666666666667,7,7.5,6.9,4,3,1,2,5,1894,1014,880,279,532,1362,6.88364156282999,7.32665581854043,6.37316831818182,6.46129032258065,6.73836278195489,6.94038775330396,183
"183",2016,10,6.22222222222222,9,6.8,5.5,6.5,5,6.83333333333333,5,4,2,3,6,1903,1019,884,281,535,1368,6.88051346295323,7.32407163886163,6.36921733031674,6.46156583629893,6.72861495327103,6.93991821637427,184
"184",2016,11,6.88636363636364,11,6.77857142857143,7.075,6,5,7.075,7,4,1,1,10,1914,1026,888,282,536,1378,6.8805470846395,7.32034990253411,6.37239653153153,6.45992907801418,6.72538992537313,6.94089849056604,185
"185",2016,12,6.69444444444444,9,NA,6.69444444444444,6.5,NA,6.69444444444444,0,9,4,0,9,1923,1026,897,286,536,1387,6.87967608944357,7.32034990253411,6.37562778149387,6.46048951048951,6.72538992537313,6.93929929343908,186
"186",2017,1,7.07142857142857,7,9.16666666666667,5.5,4,5,7.41666666666667,3,4,2,1,6,1930,1029,901,288,537,1393,6.88037156476684,7.32573275024295,6.37174042175361,6.44340277777778,6.72217690875233,6.94135543431443,187
"187",2017,2,6.72727272727273,11,6.77777777777778,6.5,NA,NA,6.72727272727273,9,2,0,0,11,1941,1038,903,288,537,1404,6.87950392581143,7.3209816955684,6.37202449612403,6.44340277777778,6.72217690875233,6.93967814814815,188
"188",2017,3,7,1,7,NA,NA,NA,7,1,0,0,0,1,1942,1039,903,288,537,1405,6.87956597322348,7.32067276227141,6.37202449612403,6.44340277777778,6.72217690875233,6.93972108185053,189
"189",2017,4,6.33333333333333,6,6.5,6,NA,NA,6.33333333333333,4,2,0,0,6,1948,1043,905,288,537,1411,6.87788353182751,7.31752540747843,6.37120234254144,6.44340277777778,6.72217690875233,6.93714253720765,190
"190",2017,5,6.2,10,6.3,6.1,5.25,5,6.5,5,5,2,2,8,1958,1048,910,290,539,1419,6.87442140960163,7.31267080152672,6.36971221978022,6.4351724137931,6.7157866419295,6.93467802677942,191
"191",2017,6,6.1875,4,7.75,5.66666666666667,5,NA,6.1875,1,3,1,0,4,1962,1049,913,291,539,1423,6.87302095820591,7.31308770257388,6.36740210295728,6.43024054982818,6.7157866419295,6.93257773717498,192
"192",2017,7,6.06,5,6.5,5.76666666666667,7.25,5.76666666666667,6.5,2,3,2,3,2,1967,1051,916,293,542,1425,6.87095430604982,7.3115404376784,6.36543462882096,6.4358361774744,6.7105332103321,6.93197061052632,193
"193",2017,8,7,4,6,7.33333333333333,8,NA,7,1,3,1,0,4,1971,1052,919,294,542,1429,6.87121619482496,7.31029372623574,6.36859425462459,6.44115646258503,6.7105332103321,6.93216103568929,194
"194",2017,9,4.83333333333333,6,7,4.4,4.66666666666667,4.66666666666667,5,1,5,3,3,3,1977,1053,924,297,545,1432,6.86503142134547,7.30999905033238,6.35794168831169,6.42323232323232,6.69928256880734,6.9281132122905,195
"195",2017,10,5,2,6,4,NA,NA,5,1,1,0,0,2,1979,1054,925,297,545,1434,6.86314659929257,7.30875616698292,6.35539256216216,6.42323232323232,6.69928256880734,6.92542407252441,196
"196",2017,11,6.625,4,8,6.16666666666667,NA,NA,6.625,1,3,0,0,4,1983,1055,928,297,545,1438,6.8626662228946,7.30941137440758,6.35478245689655,6.42323232323232,6.69928256880734,6.92458840055633,197
"197",2017,12,6.675,4,NA,6.675,6,6.35,7,0,4,1,2,2,1987,1055,932,298,547,1440,6.86228843482637,7.30941137440758,6.35615678111588,6.42181208053691,6.69800548446069,6.92469313888889,198
"198",2018,1,6.78,10,7.4,6.16,7,6,6.86666666666667,5,5,1,1,9,1997,1060,937,299,548,1449,6.86187637456184,7.30983867924528,6.35511005336179,6.423745819398,6.69673175182482,6.92433272601794,199
"199",2018,2,7.4,5,7,7.66666666666667,7,6,7.75,2,3,2,1,4,2002,1062,940,301,549,1453,6.86322033966034,7.30925517890772,6.35929587234043,6.42757475083057,6.69546265938069,6.92660572608396,200
"200",2018,3,7,3,7,NA,NA,NA,7,3,0,0,0,3,2005,1065,940,301,549,1456,6.86342499750623,7.30838403755869,6.35929587234043,6.42757475083057,6.69546265938069,6.92675695054945,201
"201",2018,4,6.5625,8,7.125,6,5,5.5,6.91666666666667,4,4,1,2,6,2013,1069,944,302,551,1462,6.86222907103825,7.3076978484565,6.35777343220339,6.42284768211921,6.69112341197822,6.92671554035568,202
"202",2018,5,6,3,NA,6,6.5,5,6.5,0,3,2,1,2,2016,1069,947,304,552,1464,6.86094599206349,7.3076978484565,6.35664004223865,6.4233552631579,6.6880597826087,6.92613259562841,203
"203",2018,6,7.5,3,7.5,NA,NA,7,7.75,3,0,0,1,2,2019,1072,947,304,553,1466,6.86189555225359,7.30823600746269,6.35664004223865,6.4233552631579,6.68862386980108,6.92725656207367,204
"204",2018,7,7.125,4,9,6.5,6.25,5.5,7.66666666666667,1,3,2,1,3,2023,1073,950,306,554,1469,6.86241577854671,7.30981267474371,6.35709275789474,6.42222222222222,6.68647833935018,6.92876658951668,205
"205",2018,8,6.875,8,7.3,6.16666666666667,NA,7.5,6.78571428571429,5,3,0,1,7,2031,1078,953,306,555,1476,6.86246534711964,7.30976716141002,6.35649330535152,6.42222222222222,6.68794414414414,6.92808815718157,206
"206",2018,9,7.5,1,NA,7.5,7.5,NA,7.5,0,1,1,0,1,2032,1078,954,307,555,1477,6.86277909448819,7.30976716141002,6.35769194968554,6.4257328990228,6.68794414414414,6.9284753689912,207
"207",2018,10,6.75,4,7.5,6,6,NA,6.75,2,2,2,0,4,2036,1080,956,309,555,1481,6.86255752455795,7.31011944444445,6.35694364016736,6.42297734627832,6.68794414414414,6.92799332883187,208
"208",2018,11,7.5,4,7.5,NA,NA,NA,7.5,4,0,0,0,4,2040,1084,956,309,555,1485,6.8638074117647,7.31082011070111,6.35694364016736,6.42297734627832,6.68794414414414,6.92953408754209,209
"209",2018,12,6.25,4,6.33333333333333,6,NA,5,6.66666666666667,3,1,0,1,3,2044,1087,957,309,556,1488,6.86260622309197,7.3081223551058,6.35657065830721,6.42297734627832,6.68490827338129,6.92900411290323,210
"210",2019,1,6.83846153846154,13,7.32222222222222,5.75,NA,5.5,7.43333333333333,9,4,0,4,9,2057,1096,961,309,560,1497,6.86245363150218,7.30823813868613,6.35404591050989,6.42297734627832,6.67644464285714,6.93203615230461,211
"211",2019,2,6.625,8,7.375,5.875,6.25,5,6.85714285714286,4,4,2,1,7,2065,1100,965,311,561,1504,6.86153371428571,7.30848090909091,6.35206022797928,6.42186495176849,6.67345632798574,6.93168757978723,212
"212",2019,3,6.912,5,6.35333333333333,7.75,NA,6.06,7.125,3,2,0,1,4,2070,1103,967,311,562,1508,6.86165561352657,7.30588304623753,6.35495152016546,6.42186495176849,6.67236476868327,6.93220034482759,213
"213",2019,4,6.75555555555556,9,7.75,5.96,6.75,NA,6.75555555555556,4,5,2,0,9,2079,1107,972,313,562,1517,6.8611963059163,7.30748780487805,6.35291987654321,6.42396166134186,6.67236476868327,6.93115235332894,214
"214",2019,5,6.66666666666667,3,NA,6.66666666666667,6,6,7,0,3,1,1,2,2082,1107,975,314,563,1519,6.86091600384245,7.30748780487805,6.35388525128205,6.42261146496816,6.67117051509769,6.93124300197498,215
"215",2019,6,6.51,2,6.02,7,7,NA,6.51,1,1,1,0,2,2084,1108,976,315,563,1521,6.86057923224568,7.30632581227437,6.35454725409836,6.42444444444445,6.67117051509769,6.93068909927679,216
"216",2019,7,7,2,7,NA,NA,8,6,2,0,0,1,1,2086,1110,976,315,564,1522,6.86071290508149,7.30577387387387,6.35454725409836,6.42444444444445,6.67352659574468,6.93007760840999,217
"217",2019,8,7,2,7,NA,NA,NA,7,2,0,0,0,2,2088,1112,976,315,564,1524,6.86084632183908,7.30522392086331,6.35454725409836,6.42444444444445,6.67352659574468,6.93016937007874,218
"218",2019,9,6.25,4,6,6.33333333333333,6.5,5.5,7,1,3,2,2,2,2092,1113,979,317,566,1526,6.85967835564053,7.30405121293801,6.35448224719101,6.42492113564669,6.66937985865724,6.93026089121887,219
"219",2019,10,6.42857142857143,7,6.75,6,7,6,6.5,4,3,1,1,6,2099,1117,982,318,567,1532,6.85824064792758,7.30206714413608,6.35339930753564,6.42672955974843,6.66819929453263,6.92857579634465,220
"220",2019,11,7,3,7,7,7,NA,7,1,2,1,0,3,2102,1118,984,319,567,1535,6.85844296860133,7.3017969588551,6.35471353658537,6.42852664576803,6.66819929453263,6.92871538762215,221
"221",2019,12,6.68,5,7,6.46666666666667,6.5,NA,6.68,2,3,2,0,5,2107,1120,987,321,567,1540,6.85801951589938,7.30125803571429,6.35505381965552,6.42897196261683,6.66819929453263,6.92790787012987,222
"222",2020,1,6.3,5,5.5,6.83333333333333,8,4,6.875,2,3,1,1,4,2112,1122,990,322,568,1544,6.85669844696969,7.29804723707665,6.35650315151515,6.43385093167702,6.66350176056338,6.92777080310881,223
"223",2020,2,7.56294,5,7.5,7.6049,NA,NA,7.56294,2,3,0,0,5,2117,1124,993,322,568,1549,6.85836647142182,7.29840658362989,6.36027474320242,6.43385093167702,6.66350176056338,6.92982105874758,224
"224",2020,3,7.33333333333333,3,7.5,7,NA,NA,7.33333333333333,2,1,0,0,3,2120,1126,994,322,568,1552,6.85903859433962,7.29876465364121,6.36091832997988,6.43385093167702,6.66350176056338,6.93060104381443,225
"225",2020,4,6.399,9,6.26516666666667,6.66666666666667,7,NA,6.399,6,3,1,0,9,2129,1132,997,323,568,1561,6.85709385627055,7.29328621908127,6.36183833500502,6.43560371517028,6.66350176056338,6.92753607943626,226
"226",2020,5,7.33333333333333,6,7.6,6,6,NA,7.33333333333333,5,1,1,0,6,2135,1137,998,324,568,1567,6.85843223419203,7.29463500439754,6.36147577154309,6.43425925925926,6.66350176056338,6.92908986598596,227
"227",2020,6,6.85,4,6.85,NA,NA,5.5,7.3,4,0,0,1,3,2139,1141,998,324,569,1570,6.85841646563814,7.29307624890447,6.36147577154309,6.43425925925926,6.66145694200351,6.92979861146497,228
"228",2020,7,6.9,5,6.9,NA,NA,NA,6.9,5,0,0,0,5,2144,1146,998,324,569,1575,6.85851344216418,7.2913612565445,6.36147577154309,6.43425925925926,6.66145694200351,6.92970401269841,229
"229",2020,8,6.22222222222222,9,5.8,6.75,6.66666666666667,8,6,5,4,3,1,8,2153,1151,1002,327,570,1583,6.85585360891779,7.28488271068636,6.36302676646707,6.43639143730887,6.66380526315789,6.9250055716993,230
"230",2020,9,7.5,1,7.5,NA,NA,NA,7.5,1,0,0,0,1,2154,1152,1002,327,570,1584,6.8561526555246,7.28506944444444,6.36302676646707,6.43639143730887,6.66380526315789,6.92536857323232,231
"231",2020,10,6.72,5,6.8,6.66666666666667,NA,NA,6.72,2,3,0,0,5,2159,1154,1005,327,570,1589,6.85583734136174,7.2842287694974,6.36393315422886,6.43639143730887,6.66380526315789,6.92472235368156,232
"232",2020,11,6.925,8,7.25,6.6,6,7.66666666666667,6.48,4,4,1,3,5,2167,1158,1009,328,573,1594,6.85609267189663,7.28411053540587,6.36486899900892,6.43506097560976,6.66905584642234,6.9233273651192,233
"233",2020,12,7.33333333333333,6,7.33333333333333,7.33333333333333,NA,NA,7.33333333333333,3,3,0,0,6,2173,1161,1012,328,573,1600,6.85741040957202,7.28423772609819,6.36773994071146,6.43506097560976,6.66905584642234,6.9248648875,234
"234",2021,1,6.372,10,6.75,6.12,5.75,9,6.08,4,6,3,1,9,2183,1165,1018,331,574,1609,6.85518681630783,7.28240343347639,6.36627978388998,6.42885196374623,6.67311672473868,6.92013910503418,235
"235",2021,2,5,1,NA,5,NA,NA,5,0,1,0,0,1,2184,1165,1019,331,574,1610,6.85433737179487,7.28240343347639,6.36493897939156,6.42885196374623,6.67311672473868,6.91894647204969,236
"236",2021,3,7.71428571428571,7,8,7,6,6,8,5,2,1,1,6,2191,1170,1021,332,575,1616,6.85708481058877,7.28547008547009,6.36618297747307,6.42756024096386,6.67194608695652,6.92296028465346,237
"237",2021,4,7.33333333333333,3,8,6,6,9,6.5,2,1,1,1,2,2194,1172,1022,333,576,1618,6.85773601640838,7.28668941979522,6.36582467710372,6.42627627627628,6.67598784722222,6.92243746600742,238
"238",2021,5,6.1,5,7.25,5.33333333333333,NA,3,6.875,2,3,0,1,4,2199,1174,1025,333,577,1622,6.85601310595725,7.2866269165247,6.36280275121951,6.42627627627628,6.66961698440208,6.92232048088779,239
"239",2021,6,8.5,2,8.5,NA,NA,NA,8.5,2,0,0,0,2,2201,1176,1025,333,577,1624,6.85750696047251,7.28869047619048,6.36280275121951,6.42627627627628,6.66961698440208,6.92426343596059,240
"240",2021,7,7.5,2,8,7,NA,7,8,1,1,0,1,1,2203,1177,1026,333,578,1625,6.85809024965955,7.2892948173322,6.36342380116959,6.42627627627628,6.67018858131488,6.92492542769231,241
"241",2021,8,7.2,5,7.66666666666667,6.5,NA,NA,7.2,3,2,0,0,5,2208,1180,1028,333,578,1630,6.85886450181159,7.29025423728814,6.36368951361868,6.42627627627628,6.67018858131488,6.92576921472393,242
"242",2021,9,7,5,7.5,6.25,NA,5,7.5,3,2,0,1,4,2213,1183,1030,333,579,1634,6.85918338002711,7.29078613693998,6.36346875728155,6.42627627627628,6.66730397236615,6.92717492044064,243
"243",2021,10,6.96666666666667,3,6.96666666666667,NA,NA,NA,6.96666666666667,3,0,0,0,3,2216,1186,1030,333,579,1637,6.85932888989169,7.28996627318718,6.36346875728155,6.42627627627628,6.66730397236615,6.92724729383018,244
"244",2021,11,7.0125,4,6.625,7.4,8,NA,7.0125,2,2,1,0,4,2220,1188,1032,334,579,1641,6.85960487387387,7.2888468013468,6.36547753875969,6.4309880239521,6.66730397236615,6.92745510054844,245
"245",2021,12,7.125,4,7.125,NA,NA,7.5,7,4,0,0,1,3,2224,1192,1032,334,580,1644,6.86008220323741,7.28829697986577,6.36547753875969,6.4309880239521,6.66873965517241,6.92758748175182,246
"246",2022,1,7.16666666666667,6,7.2,7,NA,NA,7.16666666666667,5,1,0,0,6,2230,1197,1033,334,580,1650,6.8609070941704,7.28792815371763,6.36609179090029,6.4309880239521,6.66873965517241,6.92845686060606,247
"247",2022,2,6.5,11,6.8,6.25,6.16666666666667,5.66666666666667,6.8125,5,6,3,3,8,2241,1202,1039,337,583,1658,6.85913557340473,7.28589850249584,6.36542138594803,6.4286350148368,6.66358319039451,6.92789735826297,248
"248",2022,3,5.79,4,7,4.58,4,5.16,6,2,2,1,1,3,2245,1204,1041,338,584,1661,6.85723065478841,7.28542358803987,6.3619911815562,6.42144970414201,6.66100856164384,6.9262214449127,249
"249",2022,4,6.75,4,6.33333333333333,8,NA,7,6.66666666666667,3,1,0,1,3,2249,1207,1042,338,585,1664,6.85703993775011,7.28305716652858,6.36356316698657,6.42144970414201,6.66158803418803,6.92575349759615,250
"250",2022,5,7.25,6,7.5,6.75,NA,7,7.3,4,2,0,1,5,2255,1211,1044,338,586,1669,6.85808550776053,7.28377374071016,6.36430346743295,6.42144970414201,6.66216552901024,6.92687466746555,251
"251",2022,6,7,2,7,NA,NA,NA,7,2,0,0,0,2,2257,1213,1044,338,586,1671,6.85821126273814,7.28330585325639,6.36430346743295,6.42144970414201,6.66216552901024,6.9269621903052,252
"252",2022,7,7.33333333333333,3,7.5,7,7,NA,7.33333333333333,2,1,1,0,3,2260,1215,1045,339,586,1674,6.85884195575221,7.28366255144033,6.36491178947368,6.42315634218289,6.66216552901024,6.92769045400239,253
"253",2022,8,6.5,4,6.33333333333333,7,NA,7,6.33333333333333,3,1,0,1,3,2264,1218,1046,339,587,1677,6.85820795936395,7.28132183908046,6.36551894837476,6.42315634218289,6.66274105621806,6.92662720333929,254
"254",2022,9,7.16666666666667,3,10,5.75,NA,NA,7.16666666666667,1,2,0,0,3,2267,1219,1048,339,587,1680,6.85861615350683,7.28355209187859,6.36434429389313,6.42315634218289,6.66274105621806,6.92705584523809,255
"255",2022,10,8,2,8,NA,NA,NA,8,2,0,0,0,2,2269,1221,1048,339,587,1682,6.85962222124284,7.28472563472563,6.36434429389313,6.42315634218289,6.66274105621806,6.92833164090368,256
"256",2022,11,9,2,8,10,NA,NA,9,1,1,0,0,2,2271,1222,1049,339,587,1684,6.86150718626156,7.28531096563011,6.36781012392755,6.42315634218289,6.66274105621806,6.93079205463183,257
"257",2022,12,7.24,5,7.6,7,8,NA,7.24,2,3,1,0,5,2276,1224,1052,340,587,1689,6.86233867311072,7.28582516339869,6.36961294676806,6.42779411764706,6.66274105621806,6.93170741267022,258
