"","year","month","avg_rating","no_ratings","avg_rating_owned","avg_rating_not_owned","avg_rating_prev_owned","avg_rating_comment","avg_rating_no_comment","no_ratings_owned","no_ratings_not_owned","no_ratings_prev_owned","no_ratings_comment","no_ratings_no_comment","cum_no_ratings","cum_no_ratings_owned","cum_no_ratings_not_owned","cum_no_ratings_prev_owned","cum_no_ratings_comment","cum_no_ratings_no_comment","cum_avg_rating","cum_avg_rating_owned","cum_avg_rating_not_owned","cum_avg_rating_prev_owned","cum_avg_rating_comment","cum_avg_rating_no_comment","month_after_release"
"1",2001,11,6,1,6,NA,NA,NA,6,1,0,0,0,1,1,1,0,0,0,1,6,6,NA,NA,NA,6,-5
"2",2001,12,10,1,10,NA,NA,10,NA,1,0,0,1,0,2,2,0,0,1,1,8,8,NA,NA,10,6,-4
"3",2002,1,6,1,NA,6,6,NA,6,0,1,1,0,1,3,2,1,1,1,2,7.33333333333333,8,6,6,10,6,-3
"4",2002,3,7,1,7,NA,NA,NA,7,1,0,0,0,1,4,3,1,1,1,3,7.25,7.66666666666667,6,6,10,6.33333333333333,-1
"5",2002,4,8.33333333333333,3,8,9,NA,8,8.5,2,1,0,1,2,7,5,2,1,2,5,7.71428571428571,7.8,7.5,6,9,7.2,0
"6",2002,5,8,3,8,NA,NA,NA,8,3,0,0,0,3,10,8,2,1,2,8,7.8,7.875,7.5,6,9,7.5,1
"7",2002,6,8.5,4,8.5,NA,NA,8.5,8.5,4,0,0,2,2,14,12,2,1,4,10,8,8.08333333333333,7.5,6,8.75,7.7,2
"8",2002,7,8,4,8.66666666666667,6,NA,9,7.66666666666667,3,1,0,1,3,18,15,3,1,5,13,8,8.2,7,6,8.8,7.69230769230769,3
"9",2002,9,9.5,2,9.5,NA,NA,9,10,2,0,0,1,1,20,17,3,1,6,14,8.15,8.35294117647059,7,6,8.83333333333333,7.85714285714286,5
"10",2002,10,6.5,2,8,5,NA,NA,6.5,1,1,0,0,2,22,18,4,1,6,16,8,8.33333333333333,6.5,6,8.83333333333333,7.6875,6
"11",2002,11,7.5,8,8,7,NA,8,7.42857142857143,4,4,0,1,7,30,22,8,1,7,23,7.86666666666667,8.27272727272727,6.75,6,8.71428571428571,7.60869565217391,7
"12",2002,12,6.78333333333333,6,7.74,2,NA,8.85,5.75,5,1,0,2,4,36,27,9,1,9,27,7.68611111111111,8.17407407407407,6.22222222222222,6,8.74444444444444,7.33333333333333,8
"13",2003,1,8.66666666666667,3,8.66666666666667,NA,NA,9,8.5,3,0,0,1,2,39,30,9,1,10,29,7.76153846153846,8.22333333333333,6.22222222222222,6,8.77,7.41379310344828,9
"14",2003,2,8.75,4,8.75,NA,NA,10,8.33333333333333,4,0,0,1,3,43,34,9,1,11,32,7.85348837209302,8.28529411764706,6.22222222222222,6,8.88181818181818,7.5,10
"15",2003,3,7.08333333333333,6,8.75,6.25,NA,6.25,8.75,2,4,0,4,2,49,36,13,1,15,34,7.75918367346939,8.31111111111111,6.23076923076923,6,8.18,7.57352941176471,11
"16",2003,4,8.6,5,8.75,8,NA,9.33333333333333,7.5,4,1,0,3,2,54,40,14,1,18,36,7.83703703703704,8.355,6.35714285714286,6,8.37222222222222,7.56944444444444,12
"17",2003,5,7.77777777777778,9,8,6,6,8.5,7.57142857142857,8,1,1,2,7,63,48,15,2,20,43,7.82857142857143,8.29583333333333,6.33333333333333,6,8.385,7.56976744186047,13
"18",2003,6,7,7,8,5.66666666666667,NA,7,7,4,3,0,2,5,70,52,18,2,22,48,7.74571428571429,8.27307692307692,6.22222222222222,6,8.25909090909091,7.51041666666667,14
"19",2003,7,7.21428571428571,14,7.5625,6.75,NA,7.625,7.05,8,6,0,4,10,84,60,24,2,26,58,7.65714285714286,8.17833333333333,6.35416666666667,6,8.16153846153846,7.43103448275862,15
"20",2003,8,7.68181818181818,11,7.875,7.16666666666667,8,8.5,7.5,8,3,1,2,9,95,68,27,3,28,67,7.66,8.14264705882353,6.44444444444444,6.66666666666667,8.18571428571429,7.44029850746269,16
"21",2003,9,7.72222222222222,9,7.92857142857143,7,NA,7.66666666666667,7.75,7,2,0,3,6,104,75,29,3,31,73,7.66538461538462,8.12266666666667,6.48275862068965,6.66666666666667,8.13548387096774,7.46575342465753,17
"22",2003,10,7,11,7.28571428571429,6.5,NA,6.85714285714286,7.25,7,4,0,7,4,115,82,33,3,38,77,7.60173913043478,8.05121951219512,6.48484848484848,6.66666666666667,7.9,7.45454545454545,18
"23",2003,11,7.33333333333333,6,7.8,5,NA,5.5,8.25,5,1,0,2,4,121,87,34,3,40,81,7.58842975206612,8.0367816091954,6.44117647058824,6.66666666666667,7.78,7.49382716049383,19
"24",2003,12,8,9,8.25,6,NA,8,8,8,1,0,2,7,130,95,35,3,42,88,7.61692307692308,8.05473684210527,6.42857142857143,6.66666666666667,7.79047619047619,7.53409090909091,20
"25",2004,1,7.13333333333333,6,7.7,6,NA,6.93333333333333,7.33333333333333,4,2,0,3,3,136,99,37,3,45,91,7.59558823529412,8.04040404040404,6.40540540540541,6.66666666666667,7.73333333333333,7.52747252747253,21
"26",2004,2,7.67777777777778,9,7.9375,5.6,NA,9,7.01666666666667,8,1,0,3,6,145,107,38,3,48,97,7.60068965517241,8.03271028037383,6.38421052631579,6.66666666666667,7.8125,7.49587628865979,22
"27",2004,3,8.11111111111111,9,8.3125,6.5,NA,7.83333333333333,8.25,8,1,0,3,6,154,115,39,3,51,103,7.63051948051948,8.05217391304348,6.38717948717949,6.66666666666667,7.81372549019608,7.53980582524272,23
"28",2004,4,8.42857142857143,7,8.33333333333333,9,9,9,8.33333333333333,6,1,1,1,6,161,121,40,4,52,109,7.66521739130435,8.06611570247934,6.4525,7.25,7.83653846153846,7.58348623853211,24
"29",2004,5,8.625,8,8.625,NA,NA,7.75,9.5,8,0,0,4,4,169,129,40,4,56,113,7.71065088757396,8.10077519379845,6.4525,7.25,7.83035714285714,7.65132743362832,25
"30",2004,6,8.11111111111111,9,8.42857142857143,7,NA,7.5,8.6,7,2,0,4,5,178,136,42,4,60,118,7.73089887640449,8.11764705882353,6.47857142857143,7.25,7.80833333333333,7.69152542372881,26
"31",2004,7,8.004,10,8.004,NA,NA,8.72,7.825,10,0,0,2,8,188,146,42,4,62,126,7.74542553191489,8.10986301369863,6.47857142857143,7.25,7.83774193548387,7.7,27
"32",2004,8,8.04545454545454,11,8.1875,7.66666666666667,7,7.875,8.14285714285714,8,3,2,4,7,199,154,45,6,66,133,7.76201005025126,8.11389610389611,6.55777777777778,7.16666666666667,7.84,7.72330827067669,28
"33",2004,9,7.96428571428571,14,8.04166666666667,7.5,8,8,7.95,12,2,1,4,10,213,166,47,7,70,143,7.77530516431925,8.10867469879518,6.59787234042553,7.28571428571429,7.84914285714286,7.73916083916084,29
"34",2004,10,8.04444444444444,9,8.2,7.5,7,8.88,7,7,2,1,5,4,222,173,49,8,75,147,7.78621621621622,8.11236994219654,6.63469387755102,7.25,7.91786666666667,7.71904761904762,30
"35",2004,11,7.68181818181818,11,7.83333333333333,7,NA,8.125,7.42857142857143,9,2,0,4,7,233,182,51,8,79,154,7.78128755364807,8.09857142857143,6.64901960784314,7.25,7.92835443037975,7.70584415584416,31
"36",2004,12,7.42307692307692,13,7.38888888888889,7.5,NA,8.25,7.05555555555556,9,4,0,4,9,246,191,55,8,83,163,7.76235772357724,8.06513089005236,6.71090909090909,7.25,7.94385542168675,7.66993865030675,32
"37",2005,1,7.53529411764706,17,7.85384615384615,6.5,NA,7.42857142857143,7.61,13,4,0,7,10,263,204,59,8,90,173,7.74768060836502,8.05166666666667,6.69661016949153,7.25,7.90377777777778,7.66647398843931,33
"38",2005,2,7.78888888888889,9,7.87142857142857,7.5,NA,8.5,6.9,7,2,0,5,4,272,211,61,8,95,177,7.74904411764706,8.04568720379147,6.72295081967213,7.25,7.93515789473684,7.64915254237288,34
"39",2005,3,7.3695652173913,23,7.80555555555556,5.8,7.5,6.66666666666667,7.82142857142857,18,5,2,9,14,295,229,66,10,104,191,7.71945762711864,8.02681222707424,6.6530303030303,7.3,7.82538461538462,7.66178010471204,35
"40",2005,4,7.58333333333333,12,8,5.5,NA,7.33333333333333,7.83333333333333,10,2,0,6,6,307,239,68,10,110,197,7.71413680781759,8.02569037656904,6.61911764705882,7.3,7.79854545454545,7.66700507614213,36
"41",2005,5,7.97,10,8.24,7.7,7.5,8.74,7.2,5,5,1,5,5,317,244,73,11,115,202,7.72220820189274,8.03008196721312,6.69315068493151,7.31818181818182,7.83947826086957,7.65544554455446,37
"42",2005,6,8,6,8,8,NA,7.66666666666667,8.33333333333333,5,1,0,3,3,323,249,74,11,118,205,7.72736842105263,8.02947791164659,6.71081081081081,7.31818181818182,7.83508474576271,7.66536585365854,38
"43",2005,7,8.05263157894737,19,8.1,7.875,7.5,8.04545454545454,8.0625,15,4,2,11,8,342,264,78,13,129,213,7.74543859649123,8.03348484848485,6.77051282051282,7.34615384615385,7.85302325581395,7.68028169014084,39
"44",2005,8,8,8,8,8,7,8.16666666666667,7.5,6,2,1,6,2,350,270,80,14,135,215,7.75125714285714,8.03274074074074,6.80125,7.32142857142857,7.86696296296296,7.67860465116279,40
"45",2005,9,7.53125,16,7.79166666666667,6.75,8,7.8,7.40909090909091,12,4,1,5,11,366,282,84,15,140,226,7.74163934426229,8.02248226950355,6.79880952380952,7.36666666666667,7.86457142857143,7.66548672566372,41
"46",2005,10,6.71428571428571,14,7.72222222222222,4.9,NA,7.92857142857143,5.5,9,5,0,7,7,380,291,89,15,147,233,7.70378947368421,8.01319587628866,6.69213483146067,7.36666666666667,7.86761904761905,7.60042918454936,42
"47",2005,11,7.78947368421053,19,8.14285714285714,6.8,7,8.6,7.5,14,5,1,5,14,399,305,94,16,152,247,7.70786967418546,8.01914754098361,6.69787234042553,7.34375,7.89171052631579,7.59473684210526,43
"48",2005,12,7.68260869565217,23,7.79411764705882,7.36666666666667,NA,7.62,7.73076923076923,17,6,0,10,13,422,322,100,16,162,260,7.70649289099526,8.00726708074534,6.738,7.34375,7.87493827160494,7.60153846153846,44
"49",2006,1,7.7,20,8.06666666666667,6.6,7.25,7.58333333333333,7.75,15,5,2,6,14,442,337,105,18,168,274,7.70619909502262,8.00991097922849,6.73142857142857,7.33333333333333,7.86452380952381,7.60912408759124,45
"50",2006,2,7.68571428571429,14,7.88333333333333,6.5,NA,7.69090909090909,7.66666666666667,12,2,0,11,3,456,349,107,18,179,277,7.7055701754386,8.00555873925501,6.72710280373832,7.33333333333333,7.85385474860335,7.60974729241877,46
"51",2006,3,7.69230769230769,13,7.75,7,NA,7.75,7.66666666666667,12,1,0,4,9,469,361,108,18,183,286,7.70520255863539,7.99706371191136,6.72962962962963,7.33333333333333,7.85158469945355,7.61153846153846,47
"52",2006,4,7.4375,16,7.59090909090909,7.1,NA,7.41666666666667,7.45,11,5,0,6,10,485,372,113,18,189,296,7.69637113402062,7.98505376344086,6.74601769911505,7.33333333333333,7.83777777777778,7.60608108108108,48
"53",2006,5,7.30769230769231,13,7.8,5.66666666666667,7,7.42857142857143,7.16666666666667,10,3,1,7,6,498,382,116,19,196,302,7.68622489959839,7.98020942408377,6.71810344827586,7.31578947368421,7.82316326530612,7.59735099337748,49
"54",2006,6,7.50526315789474,19,7.8,6.4,NA,7.5,7.52,15,4,0,14,5,517,397,120,19,210,307,7.6795744680851,7.97340050377834,6.7075,7.31578947368421,7.80161904761905,7.59609120521173,50
"55",2006,7,7.25,20,7.85714285714286,5.83333333333333,7,6.5,7.57142857142857,14,6,1,6,14,537,411,126,20,216,321,7.66357541899441,7.9694403892944,6.66587301587302,7.3,7.76546296296296,7.59501557632399,51
"56",2006,8,7.71428571428571,14,8.44444444444444,6.4,7.5,7.1,8.05555555555556,9,5,2,5,9,551,420,131,22,221,330,7.66486388384755,7.97961904761905,6.6557251908397,7.31818181818182,7.750407239819,7.60757575757576,52
"57",2006,9,7.64285714285714,14,8.25,6.83333333333333,6.5,7.78571428571429,7.5,8,6,2,7,7,565,428,137,24,228,337,7.6643185840708,7.98467289719626,6.66350364963504,7.25,7.75149122807017,7.6053412462908,53
"58",2006,10,7.28888888888889,18,7.63333333333333,6.94444444444444,8,7.14285714285714,7.38181818181818,9,9,2,7,11,583,437,146,26,235,348,7.65272727272727,7.97743707093821,6.68082191780822,7.30769230769231,7.73336170212766,7.59827586206896,54
"59",2006,11,8.1,10,8.21428571428571,7.83333333333333,NA,8.3,7.9,7,3,0,5,5,593,444,149,26,240,353,7.66026981450253,7.98117117117117,6.70402684563758,7.30769230769231,7.74516666666667,7.60254957507082,55
"60",2006,12,7.63181818181818,33,7.73518518518518,7.16666666666667,6.5,7.78888888888889,7.57291666666667,27,6,2,9,24,626,471,155,28,249,377,7.65876996805112,7.96707006369427,6.72193548387097,7.25,7.74674698795181,7.60066312997347,56
"61",2007,1,7.17307692307692,26,7.45238095238095,6,7.5,6.68181818181818,7.53333333333333,21,5,2,11,15,652,492,160,30,260,392,7.6394018404908,7.94510162601626,6.699375,7.26666666666667,7.70169230769231,7.59808673469388,57
"62",2007,2,7.63043964285714,28,7.92105263157895,7.01692333333333,6,7.45833333333333,7.759519375,19,9,1,12,16,680,511,169,31,272,408,7.63903280882353,7.94420743639922,6.71628585798817,7.2258064516129,7.69095588235294,7.60441742647059,58
"63",2007,3,7.625,24,8.09333333333333,6.84444444444444,9,7.0625,7.90625,15,9,1,8,16,704,526,178,32,280,424,7.63855441761364,7.94846007604563,6.72276578651685,7.28125,7.673,7.61580733490566,59
"64",2007,4,7.38636363636364,22,7.84375,6.16666666666667,7,7.9375,7.07142857142857,16,6,2,8,14,726,542,184,34,288,438,7.63091227272727,7.94536900369004,6.70463211956522,7.26470588235294,7.68034722222222,7.59840710045662,60
"65",2007,5,7.704,25,7.925,7.31111111111111,NA,8.1,7.605,16,9,0,5,20,751,558,193,34,293,458,7.63334528628495,7.94478494623656,6.73291352331606,7.26470588235294,7.68750853242321,7.598695,61
"66",2007,6,6.72727272727273,11,7.5,5.8,5.5,7.25,6.42857142857143,6,5,2,4,7,762,564,198,36,297,465,7.62026549868766,7.94005319148936,6.7093551010101,7.16666666666667,7.68161616161616,7.58108023655914,62
"67",2007,7,7.54,15,8.14545454545454,5.875,6.5,8.14285714285714,7.0125,11,4,1,7,8,777,575,202,37,304,473,7.61871597168597,7.94398260869565,6.69283321782178,7.14864864864865,7.69223684210526,7.57146365750528,63
"68",2007,8,7.32983333333333,30,7.63666666666667,6.61388888888889,7.125,7.51136363636364,7.22473684210526,21,9,1,11,19,807,596,211,38,315,492,7.6079768401487,7.93315436241611,6.68946592417062,7.14802631578947,7.68592063492063,7.55807380081301,64
"69",2007,9,7.3,14,7.62,6.5,NA,6.9,7.83333333333333,10,4,0,8,6,821,606,215,38,323,498,7.60272510353228,7.92798679867987,6.68594097674419,7.14802631578947,7.66645510835913,7.56139018072289,65
"70",2007,10,6.91904761904762,21,7.86363636363636,5.88,6,8.16666666666667,6.42,11,10,1,6,15,842,617,225,39,329,513,7.58567376484561,7.92683954619125,6.65012137777778,7.11858974358974,7.67557750759878,7.52801619883041,66
"71",2007,11,7.21515151515151,33,7.72727272727273,6.19090909090909,6.525,7.59166666666667,7,22,11,4,12,21,875,639,236,43,341,534,7.57169978285714,7.91996870109546,6.62871741525424,7.06337209302326,7.67262463343108,7.50725151685393,67
"72",2007,12,7.53846153846154,26,7.88235294117647,6.88888888888889,8.5,7.125,7.89285714285714,17,9,2,12,14,901,656,245,45,353,548,7.57074063263041,7.91899390243902,6.63827473469388,7.12722222222222,7.65400849858357,7.51710275547445,68
"73",2008,1,7.53225806451613,31,7.90909090909091,6.61111111111111,NA,8.09090909090909,7.225,22,9,0,11,20,932,678,254,45,364,568,7.56946063304721,7.91867256637168,6.63731224409449,7.12722222222222,7.66721153846154,7.5068174471831,69
"74",2008,2,7.416,25,7.80625,6.72222222222222,8,7.30909090909091,7.5,16,9,1,11,14,957,694,263,46,375,582,7.56545173458725,7.91608069164265,6.64021790874525,7.14619565217391,7.65670666666666,7.50665345360825,70
"75",2008,3,7.40625,16,7.5,7.28571428571429,7.75,7.6,7.08333333333333,9,7,2,10,6,973,703,270,48,385,588,7.56283382322713,7.91075391180654,6.656953,7.17135416666667,7.65523376623376,7.50233386054422,71
"76",2008,4,7.43181818181818,22,7.66666666666667,7.15,7.25,7.34615384615385,7.55555555555556,12,10,2,13,9,995,715,280,50,398,597,7.55993699497487,7.90665734265734,6.67456182142857,7.1745,7.64513819095477,7.50313619765494,72
"77",2008,5,7.80769230769231,13,8.09090909090909,6.25,NA,7.3,8.125,11,2,0,5,8,1008,726,282,50,403,605,7.56313225198413,7.90944903581267,6.67155074468085,7.1745,7.64085607940446,7.51135919008264,73
"78",2008,6,7.31470588235294,17,7.55454545454545,6.875,NA,7.0625,7.53888888888889,11,6,0,8,9,1025,737,288,50,411,614,7.5590120097561,7.90415196743555,6.67578927083333,7.1745,7.62959854014598,7.51176271986971,74
"79",2008,7,7.48148148148148,27,7.47222222222222,7.5,6.66666666666667,7.54166666666667,7.43333333333333,18,9,3,12,15,1052,755,297,53,423,629,7.55702215779468,7.89385430463576,6.70076535353535,7.14575471698113,7.62710401891253,7.50989238473768,75
"80",2008,8,7.85,26,8.21578947368421,6.85714285714286,8,7.75,7.9125,19,7,2,10,16,1078,774,304,55,433,645,7.56408841372913,7.90175710594315,6.70436615131579,7.17681818181818,7.62994226327944,7.5198795503876,76
"81",2008,9,7.15263157894737,19,7.74285714285714,5.5,6.5,7.33333333333333,6.84285714285714,14,5,2,12,7,1097,788,309,57,445,652,7.55696199635369,7.89893401015228,6.68487802588997,7.1530701754386,7.62194382022472,7.51261090490797,77
"82",2008,10,7.62,25,8.02352941176471,6.7625,6.13333333333333,7.34285714285714,7.72777777777778,17,8,3,7,18,1122,805,317,60,452,670,7.55836658645276,7.9015652173913,6.68683694006309,7.10208333333333,7.61762168141593,7.51839150746269,78
"83",2008,11,7.21,20,7.5,7.01666666666667,7.08333333333333,7.44444444444444,7.01818181818182,8,12,6,9,11,1142,813,329,66,461,681,7.55226559544659,7.89761377613776,6.69886720364742,7.10037878787879,7.61424078091106,7.51031176211454,79
"84",2008,12,6.94782608695652,23,7.35333333333333,6.1875,6.83333333333333,6.9375,6.95333333333333,15,8,3,8,15,1165,828,337,69,469,696,7.54033245493562,7.8877536231884,6.68672792284866,7.08876811594203,7.60269722814499,7.49830791666667,80
"85",2009,1,7.53888888888889,36,8.16666666666667,6.28333333333333,6.88,7.55,7.53461538461538,24,12,5,10,26,1201,852,349,74,479,722,7.54028918401332,7.8956103286385,6.6728576217765,7.07466216216216,7.60159707724426,7.49961538781163,81
"86",2009,2,6.91590909090909,44,7.4695652173913,6.30952380952381,6.5,7.5,6.67096774193548,23,21,6,13,31,1245,875,370,80,492,753,7.51822273895582,7.88441142857143,6.65223597297297,7.0315625,7.59891260162602,7.46550107569721,82
"87",2009,3,6.81111111111111,36,7.52105263157895,6.01764705882353,5,6.78571428571429,6.81724137931035,19,17,1,7,29,1281,894,387,81,499,782,7.49835074941452,7.87668903803132,6.62435997416021,7.00648148148148,7.58750501002004,7.4414607544757,83
"88",2009,4,7.24444444444444,45,7.66666666666667,6.875,7.66666666666667,6.83333333333333,7.30769230769231,21,24,3,6,39,1326,915,411,84,505,821,7.48973401960784,7.87186885245902,6.63899588807786,7.03005952380952,7.57854455445544,7.43510634591961,84
"89",2009,5,7.21792452830189,53,7.64565217391304,6.89,6.625,7.11666666666667,7.23863636363636,23,30,4,9,44,1379,938,441,88,514,865,7.47928738941262,7.86632196162047,6.65607099773243,7.01164772727273,7.57045719844358,7.42511249710983,85
"90",2009,6,7.75714285714286,35,8.02777777777778,7.47058823529412,7,7.3125,7.88888888888889,18,17,2,8,27,1414,956,458,90,522,892,7.486165,7.86936192468619,6.68630417030568,7.01138888888889,7.56650383141762,7.43915057174888,86
"91",2009,7,7.555,38,7.8,7.28277777777778,7,7.41583333333333,7.61923076923077,20,18,1,12,26,1452,976,476,91,534,918,7.48796646694215,7.86794057377049,6.70885989495798,7.01126373626374,7.56311797752809,7.44425088235294,87
"92",2009,8,7.20238095238095,21,7.55769230769231,6.625,6,7.34090909090909,7.05,13,8,3,11,10,1473,989,484,94,545,928,7.48389498302783,7.86386248736097,6.70747378099174,6.97898936170213,7.55863302752294,7.44000248922414,88
"93",2009,9,7.09666666666667,30,7.39285714285714,6.8375,6.25,7,7.11153846153846,14,16,2,4,26,1503,1003,500,96,549,954,7.47616587491683,7.85728813559322,6.71163462,6.96380208333333,7.55456284153005,7.431050639413,89
"94",2009,10,7.46875,32,7.76315789473684,7.03846153846154,6.5,8.16666666666667,7.30769230769231,19,13,2,6,26,1535,1022,513,98,555,980,7.47601127687296,7.85553816046967,6.71991678362573,6.95433673469388,7.56118018018018,7.42777786734694,90
"95",2009,11,7.21951219512195,41,7.71739130434783,6.58333333333333,6,7.06666666666667,7.30769230769231,23,18,1,15,26,1576,1045,531,99,570,1006,7.46933839467005,7.8524976076555,6.71528683615819,6.94469696969697,7.54816666666667,7.42467426441352,91
"96",2009,12,7.33139534883721,43,7.61363636363636,7.03571428571429,7.4,7.57692307692308,7.225,22,21,5,13,30,1619,1067,552,104,583,1036,7.46567468190241,7.84757263355202,6.72747701086957,6.96658653846154,7.54880789022298,7.41889219111969,92
"97",2010,1,6.91388888888889,36,7.475,6.2125,7,7.4,6.83548387096774,20,16,1,5,31,1655,1087,568,105,588,1067,7.45367209063444,7.84071757129715,6.71297061619718,6.96690476190476,7.5475425170068,7.4019421836926,93
"98",2010,2,7.4,28,7.52352941176471,7.20909090909091,NA,7.7,7.3,17,11,0,7,21,1683,1104,579,105,595,1088,7.4527791503268,7.83583333333333,6.72239604490501,6.96690476190476,7.54933613445378,7.39997454963235,94
"99",2010,3,7.54545454545455,22,8.13636363636364,6.95454545454545,6.875,8,7.47368421052632,11,11,4,3,19,1705,1115,590,109,598,1107,7.45397496187683,7.83879820627803,6.72672425423729,6.96353211009174,7.55159698996655,7.40123966576332,95
"100",2010,4,7.35714285714286,14,7.91666666666667,6.9375,7,7,7.38461538461539,6,8,1,1,13,1719,1121,598,110,599,1120,7.45318633507853,7.83921498661909,6.72954399665552,6.96386363636364,7.55067612687813,7.40104670535714,96
"101",2010,5,7.0125,24,7.36923076923077,6.59090909090909,7.16666666666667,8,6.87142857142857,13,11,3,3,21,1743,1134,609,113,602,1141,7.44711836488812,7.83382716049383,6.72703991789819,6.96924778761062,7.55291528239203,7.39129913234005,97
"102",2010,6,7.55555555555556,9,7.75,7.4,7,7,7.83333333333333,4,5,2,3,6,1752,1138,614,115,605,1147,7.44767540525114,7.83353251318102,6.73252004885993,6.96978260869565,7.55017355371901,7.39361142981691,98
"103",2010,7,7.28571428571429,21,8.375,6.61538461538461,7,7.5,7.23529411764706,8,13,1,4,17,1773,1146,627,116,609,1164,7.44575708403835,7.83731239092496,6.73009140350877,6.97004310344828,7.54984400656814,7.39129923539519,99
"104",2010,8,7.43478260869565,23,8,6.81818181818182,6,7.16666666666667,7.52941176470588,12,11,1,6,17,1796,1158,638,117,615,1181,7.44561654231626,7.83899827288428,6.73161020376175,6.96175213675214,7.54610569105691,7.39328730736664,100
"105",2010,9,7.02380952380952,21,7.58333333333333,6.27777777777778,6.5,6.9,7.0625,12,9,3,5,16,1817,1170,647,120,620,1197,7.44074150247661,7.83637606837607,6.72529723338485,6.95020833333333,7.54089516129032,7.38886575605681,101
"106",2010,10,7.52173913043478,23,7.82142857142857,7.05555555555556,6.33333333333333,7.68571428571429,7.45,14,9,3,7,16,1840,1184,656,123,627,1213,7.44175397282609,7.83619932432432,6.72982821646341,6.93516260162602,7.54251196172249,7.389672143446,102
"107",2010,11,7.38041666666667,24,7.676875,6.7875,6.66666666666667,7.60375,7.26875,16,8,3,8,16,1864,1200,664,126,635,1229,7.440964222103,7.834075,6.73052305722891,6.92876984126984,7.54328346456693,7.3880978925956,103
"108",2010,12,7.62333333333333,30,8.54117647058824,6.42307692307692,6.625,7.66666666666667,7.6125,17,13,4,6,24,1894,1217,677,130,641,1253,7.4438528563886,7.84395234182416,6.7246193648449,6.91942307692308,7.5444383775351,7.39239609736632,104
"109",2011,1,7.46,35,7.76818181818182,6.93846153846154,6.4,7.58888888888889,7.41538461538462,22,13,3,9,26,1929,1239,690,133,650,1279,7.44414583203732,7.84260694108152,6.72864827536232,6.90770676691729,7.54505384615385,7.39286341673182,105
"110",2011,2,7.42032258064516,31,7.6365,7.02727272727273,5.5,7.33,7.442,20,11,2,6,25,1960,1259,701,135,656,1304,7.44376903571429,7.83933280381255,6.7333342510699,6.88685185185185,7.5430868902439,7.39380545245398,106
"111",2011,3,7.36190476190476,21,7.77272727272727,6.91,NA,7.02,7.67272727272727,11,10,0,10,11,1981,1270,711,135,666,1315,7.44290121655729,7.83875590551181,6.73581900140647,6.88685185185185,7.53523273273273,7.39613863878327,107
"112",2011,4,7.85,18,8.20909090909091,7.28571428571429,6.83333333333333,7.14285714285714,8.3,11,7,3,7,11,1999,1281,718,138,673,1326,7.44656693846923,7.84193598750976,6.74118009749304,6.8856884057971,7.53115156017831,7.40363673453997,108
"113",2011,5,6.65789473684211,19,7.95,5.22222222222222,5.66666666666667,7,6.56666666666667,10,9,3,4,15,2018,1291,727,141,677,1341,7.43914138255699,7.84277304415182,6.72237594222834,6.85975177304965,7.52801329394387,7.39427465324384,109
"114",2011,6,7.29166666666667,12,8.08333333333333,6.5,6,8.66666666666667,6.83333333333333,6,6,1,3,9,2030,1297,733,142,680,1350,7.43826961083744,7.84388589051658,6.72055567530696,6.85369718309859,7.53303676470588,7.39053504444444,110
"115",2011,7,7.7375,20,7.98333333333333,7,6,7.75,7.734375,15,5,2,4,16,2050,1312,738,144,684,1366,7.44118893170732,7.84548018292683,6.7224489295393,6.84184027777778,7.53430555555555,7.39456245241581,111
"116",2011,8,7.55,20,7.92857142857143,6.66666666666667,5,7,7.73333333333333,14,6,1,5,15,2070,1326,744,145,689,1381,7.44224024637681,7.84635746606335,6.72199907258064,6.82913793103448,7.53042815674891,7.3982420782042,112
"117",2011,9,7.40625,16,8.25,6.5625,6,7.875,7.25,8,8,3,4,12,2086,1334,752,148,693,1393,7.44196419463087,7.84877811094453,6.72030227393617,6.81233108108108,7.53241702741703,7.39696504666188,113
"118",2011,10,7.53333333333333,15,7.90909090909091,6.5,6,7.75,7.5,11,4,1,2,13,2101,1345,756,149,695,1406,7.44261652070443,7.84927137546468,6.71913665343915,6.80687919463087,7.53304316546762,7.39791771692745,114
"119",2011,11,7.58863636363636,22,7.88333333333333,6.95714285714286,NA,9,7.36578947368421,15,7,0,3,19,2123,1360,763,149,698,1425,7.44412967969854,7.84964705882353,6.7213201965924,6.80687919463087,7.53934813753582,7.39748934035087,115
"120",2011,12,7.14583333333333,24,7.7,6.22222222222222,6,6.75,7.225,15,9,1,4,20,2147,1375,772,150,702,1445,7.44079520726595,7.84801454545454,6.71550169689119,6.8015,7.53485042735043,7.39510194463668,116
"121",2012,1,7.58166666666667,30,7.7575,7.23,NA,7.79166666666667,7.52916666666667,20,10,0,6,24,2177,1395,782,150,708,1469,7.44273647680294,7.84671684587814,6.72208095907928,6.8015,7.53702683615819,7.39729224642614,117
"122",2012,2,7.2037037037037,27,7.57142857142857,6.80769230769231,7.16666666666667,6.4,7.38636363636364,14,13,3,5,22,2204,1409,795,153,713,1491,7.4398082168784,7.84398154719659,6.72348089308176,6.80866013071895,7.52905329593268,7.3971309926224,118
"123",2012,3,6.97222222222222,18,7.78571428571429,6.45454545454545,7,7.5,6.86666666666667,7,11,5,3,15,2222,1416,806,158,716,1506,7.43602039153915,7.84369350282486,6.71981055831265,6.81471518987342,7.52893156424581,7.39184748339973,119
"124",2012,4,7.90909090909091,11,7.875,8,NA,7,8.42857142857143,8,3,0,4,7,2233,1424,809,158,720,1513,7.43835078817734,7.84386938202247,6.72455786155748,6.81471518987342,7.52599305555555,7.39664395902181,120
"125",2012,5,7.453125,16,7.7,7.04166666666667,6.41666666666667,6.625,7.72916666666667,10,6,3,4,12,2249,1434,815,161,724,1525,7.43845589595376,7.84286610878661,6.72689240490798,6.80729813664596,7.52101519337016,7.39926053114754,121
"126",2012,6,7.61904761904762,21,7.83333333333333,7.08333333333333,8,8.5,7.52631578947368,15,6,1,2,19,2270,1449,821,162,726,1544,7.44012656828194,7.8427674258109,6.72949733252132,6.81466049382716,7.52371212121212,7.40082403497409,122
"127",2012,7,7.390625,16,8.03333333333333,6.56428571428571,7,6.75,7.60416666666667,9,7,1,4,12,2286,1458,828,163,730,1556,7.43978010061242,7.84394375857339,6.72810061594203,6.81579754601227,7.51947260273973,7.40239223007712,123
"128",2012,8,8.04285714285714,21,8.28333333333333,7.72222222222222,8,8,8.04736842105263,12,9,1,2,19,2307,1470,837,164,732,1575,7.44526974859125,7.8475306122449,6.73879009557945,6.82301829268293,7.52078551912568,7.41017289523809,124
"129",2012,9,7,12,7.42857142857143,6.4,5.83333333333333,5.75,7.625,7,5,3,4,8,2319,1477,842,167,736,1583,7.44296563605002,7.84554502369668,6.73677827790974,6.80523952095808,7.51116168478261,7.4112585660139,125
"130",2012,10,7.22,25,7.86666666666667,6.25,7.16666666666667,7.5,7.16666666666667,15,10,3,4,21,2344,1492,852,170,740,1604,7.44058758959045,7.84575737265415,6.73106491784038,6.81161764705882,7.51110135135135,7.40805630299252,126
"131",2012,11,6.8551724137931,29,7.3625,6.23076923076923,7.125,7.21428571428571,6.74090909090909,16,13,4,7,22,2373,1508,865,174,747,1626,7.43343333754741,7.8406299734748,6.72354602312139,6.81882183908046,7.50831994645248,7.39902971094711,127
"132",2012,12,7.8,10,8,7.33333333333333,9,7.5,7.92857142857143,7,3,1,3,7,2383,1515,868,175,750,1633,7.43497159462862,7.84136633663366,6.72565358294931,6.83128571428571,7.50828666666667,7.40129963870177,128
"133",2013,1,7.07931034482759,29,7.75,6.25384615384615,5.75,7.94444444444444,6.69,16,13,2,9,20,2412,1531,881,177,759,1653,7.43069540215589,7.84041149575441,6.71869161180477,6.81906779661017,7.51345849802371,7.39269347247429,129
"134",2013,2,6.99615384615385,26,8,5.99230769230769,6.95,7.95,6.91666666666667,13,13,2,2,24,2438,1544,894,179,761,1677,7.42606124282199,7.84175518134715,6.70812898210291,6.82053072625698,7.51460578186596,7.38588092426953,130
"135",2013,3,7.88888888888889,18,8.65,6.9375,6.66666666666667,7.9,7.875,10,8,3,10,8,2456,1554,902,182,771,1685,7.42945330211727,7.84695624195624,6.71016331485588,6.81799450549451,7.51960440985733,7.38820315133531,131
"136",2013,4,7.57222222222222,18,8.22222222222222,6.92222222222222,6.33333333333333,7.9,7.44615384615385,9,9,3,5,13,2474,1563,911,185,776,1698,7.43049204122878,7.84911708253359,6.712258298573,6.81013513513513,7.52205541237113,7.38864682567726,132
"137",2013,5,7.71428571428571,14,8.11111111111111,7,NA,9,7.5,9,5,0,2,12,2488,1572,916,185,778,1710,7.43208895096463,7.85061704834605,6.71382894104803,6.81013513513513,7.52585475578406,7.38942825146199,133
"138",2013,6,7.45833333333333,12,7.35,8,6,NA,7.45833333333333,10,2,1,0,12,2500,1582,918,186,778,1722,7.432214924,7.84745259165613,6.71663105664488,6.80577956989247,7.52585475578406,7.38990842624855,134
"139",2013,7,6.93181818181818,11,6.85714285714286,7.0625,NA,7,6.90625,7,4,0,3,8,2511,1589,922,186,781,1730,7.43002282357627,7.84308999370673,6.71813157266811,6.80577956989247,7.52383482714469,7.38767185549133,135
"140",2013,8,7.75,14,8.04545454545454,6.66666666666667,6,8.33333333333333,7.59090909090909,11,3,2,3,11,2525,1600,925,188,784,1741,7.43179695445545,7.84448125,6.71796465945946,6.79720744680851,7.52693239795918,7.3889559506031,136
"141",2013,9,7.52,10,7.64,7.4,NA,7,7.65,5,5,0,2,8,2535,1605,930,188,786,1749,7.43214489546351,7.84384423676012,6.72163151612903,6.79720744680851,7.52559160305343,7.39014997712979,137
"142",2013,10,7.35714285714286,14,7.54545454545455,6.66666666666667,NA,7.25,7.4375,11,3,0,6,8,2549,1616,933,188,792,1757,7.43173295802276,7.84181311881188,6.72145478027867,6.79720744680851,7.52350378787879,7.39036557199772,138
"143",2013,11,6.69565217391304,23,7.75,5.88461538461539,6.25,7.2,6.55555555555556,10,13,4,5,18,2572,1626,946,192,797,1775,7.42515058709176,7.84124846248462,6.70995487315011,6.78580729166667,7.52147427854454,7.38189989295774,139
"144",2013,12,7.27272727272727,11,7.5,6.66666666666667,8,7.33333333333333,7.25,8,3,1,3,8,2583,1634,949,193,800,1783,7.42450147502904,7.83957772337821,6.70981802950474,6.79209844559585,7.52076875,7.38130808188446,140
"145",2014,1,7.37647058823529,17,7.67272727272727,6.83333333333333,7,7.38,7.375,11,6,2,5,12,2600,1645,955,195,805,1795,7.42418742692308,7.83846200607903,6.71059404188482,6.79423076923077,7.51989440993789,7.38126591086351,141
"146",2014,2,7.61666666666667,18,7.88571428571429,6.675,NA,7.33333333333333,7.75833333333333,14,4,0,6,12,2618,1659,959,195,811,1807,7.42551081359817,7.83886075949367,6.71044557872784,6.79423076923077,7.51851418002466,7.38376995572772,142
"147",2014,3,6.96875,16,7.70833333333333,4.75,6.5,8,6.73076923076923,12,4,2,3,13,2634,1671,963,197,814,1820,7.4227362604404,7.83792339916218,6.70230250259605,6.79124365482233,7.5202886977887,7.37910566483516,143
"148",2014,4,7.14583333333333,12,8,6.29166666666667,6,8.5,6.875,6,6,1,2,10,2646,1677,969,198,816,1830,7.42148046485261,7.83850327966607,6.69975986584107,6.78724747474747,7.52268995098039,7.37635098907104,144
"149",2014,5,7.00227272727273,22,7.7,6.42083333333333,5.83333333333333,7.25,6.9775,10,12,3,2,20,2668,1687,981,201,818,1850,7.41802372938531,7.83768227622999,6.6963479204893,6.77300995024876,7.52202322738386,7.37203908648648,145
"150",2014,6,6.9375,12,8.07142857142857,5.35,6,7.7,6.39285714285714,7,5,1,5,7,2680,1694,986,202,823,1857,7.41587213059702,7.8386481700118,6.68952059837728,6.76918316831683,7.52310449574726,7.36834803984922,146
"151",2014,7,7.71333333333333,15,8.12,6.9,6.75,8.5,7.59230769230769,10,5,2,2,13,2695,1704,991,204,825,1870,7.41752775881262,7.84029929577465,6.69058255297679,6.76899509803922,7.52547272727273,7.36990497860962,147
"152",2014,8,6.5625,8,7.5,6.25,6,7.25,6.33333333333333,2,6,2,2,6,2703,1706,997,206,827,1876,7.41499715501295,7.83990035169988,6.68793110330993,6.76152912621359,7.52480652962515,7.36658971748401,148
"153",2014,9,7.44444444444444,9,7.5,7.33333333333333,NA,8.5,7.3125,6,3,0,1,8,2712,1712,1000,206,828,1884,7.41509487831859,7.83870911214953,6.68986731,6.76152912621359,7.52598429951691,7.36636003715499,149
"154",2014,10,7.15777777777778,18,7.256,6.66666666666667,6,7.438,7.05,15,3,2,5,13,2730,1727,1003,208,833,1897,7.41339828205128,7.83364794441227,6.68979791625125,6.75420673076923,7.52545618247299,7.36419204533474,150
"155",2014,11,7.19230769230769,26,8.05882352941176,5.55555555555556,7.75,7,7.23809523809524,17,9,2,5,21,2756,1744,1012,210,838,1918,7.41131252177068,7.83584288990826,6.67971078063241,6.76369047619048,7.52232100238663,7.36281142335766,151
"156",2014,12,7.475,20,7.90909090909091,6.94444444444444,6.13333333333333,6.8,7.59411764705882,11,9,3,3,17,2776,1755,1021,213,841,1935,7.41177136527378,7.83630199430199,6.68204437806072,6.75481220657277,7.51974435196195,7.36484357105943,152
"157",2015,1,7.57296296296296,27,7.88722222222222,6.94444444444444,7.5,7.16666666666667,7.62375,18,9,2,3,24,2803,1773,1030,215,844,1959,7.41332404923297,7.83681895093062,6.68433719417476,6.76174418604651,7.51848933649289,7.36801547217968,153
"158",2015,2,7.83846153846154,13,7.88888888888889,7.725,7.7,8.28571428571429,7.31666666666667,9,4,1,7,6,2816,1782,1034,216,851,1965,7.41528668678978,7.83708193041526,6.68836296905222,6.76608796296296,7.52480023501762,7.36785868193384,154
"159",2015,3,7.50555555555556,18,8.125,6.26666666666667,6.05,6.5,7.63125,12,6,2,2,16,2834,1794,1040,218,853,1981,7.41586002470007,7.83900780379041,6.68593010576923,6.75951834862385,7.52239742086752,7.369986022211,155
"160",2015,4,7.688,25,7.92105263157895,6.95,6,7.85714285714286,7.62222222222222,19,6,1,7,18,2859,1813,1046,219,860,1999,7.41823970269325,7.83986762272476,6.68744484703633,6.7560502283105,7.52512209302325,7.37225728364182,156
"161",2015,5,7.01,15,7.51428571428571,6.56875,6,8,6.7625,7,8,2,3,12,2874,1820,1054,221,863,2011,7.41610901530968,7.83861538461538,6.6865439373814,6.74920814479638,7.52677288528389,7.36861875186474,157
"162",2015,6,7.440625,16,8.13,6.29166666666667,8.25,7.9,7.23181818181818,10,6,1,5,11,2890,1830,1060,222,868,2022,7.41624474394464,7.84020765027322,6.68430878301887,6.75596846846847,7.52892281105991,7.36787453511375,158
"163",2015,7,7.3525,20,7.409375,7.125,7,8.06,7.11666666666667,16,4,1,5,15,2910,1846,1064,223,873,2037,7.41580663573883,7.83647345612134,6.68596551691729,6.75706278026906,7.53196449026346,7.36602469808542,159
"164",2015,8,7.44590909090909,22,8.01823529411765,5.5,4,7.9,7.345,17,5,1,4,18,2932,1863,1069,224,877,2055,7.41603250682128,7.83813204508856,6.68041843779233,6.74475446428571,7.53364310148232,7.36584054014598,160
"165",2015,9,8.21428571428571,7,7.7,9.5,NA,7.75,8.83333333333333,5,2,0,4,3,2939,1868,1071,224,881,2058,7.41793375637972,7.83776231263383,6.68568376283847,6.74475446428571,7.53462542565267,7.36797974246841,161
"166",2015,10,7.00833333333333,12,7.37142857142857,6.5,7,7,7.01,7,5,1,2,10,2951,1875,1076,225,883,2068,7.41626814977974,7.83602133333333,6.68482092007435,6.74588888888889,7.53341449603624,7.3662486992263,162
"167",2015,11,7.015,20,7.85,6.45833333333333,5.66666666666667,6.3,7.32142857142857,8,12,3,6,14,2971,1883,1088,228,889,2082,7.41356691686301,7.83608072225172,6.68232289522059,6.73168859649123,7.5250899887514,7.36594731508165,163
"168",2015,12,7.8125,16,8.55555555555556,6.85714285714286,NA,8.5,7.58333333333333,9,7,0,4,12,2987,1892,1095,228,893,2094,7.41570381988618,7.83950317124735,6.68344046575342,6.73168859649123,7.52945688689809,7.36719308022922,164
"169",2016,1,7.63,20,8.13846153846154,6.68571428571429,7,8.33333333333333,7.50588235294118,13,7,1,3,17,3007,1905,1102,229,896,2111,7.41712913535085,7.84154330708661,6.6834549092559,6.73286026200873,7.5321484375,7.36830995262908,165
"170",2016,2,7.6875,16,8.1,7,6,7.5,7.71428571428571,10,6,1,2,14,3023,1915,1108,230,898,2125,7.41856014224281,7.84289295039164,6.68516905234657,6.72967391304348,7.53207683741648,7.37058932235294,166
"171",2016,3,7.62,12,8.35714285714286,6.588,5,8.488,7,7,5,1,5,7,3035,1922,1113,231,903,2132,7.41935660955519,7.84476586888657,6.68473253369272,6.72218614718615,7.53736987818383,7.36937256566604,167
"172",2016,4,7.66666666666667,18,8.28571428571429,5.5,7,6.5,7.73529411764706,14,4,1,1,17,3053,1936,1117,232,904,2149,7.42081471012119,7.84795454545454,6.6804899820949,6.72338362068966,7.53622234513274,7.37226724523034,168
"173",2016,5,7.32307692307692,13,8.025,6.2,6.5,6.25,7.51818181818182,8,5,2,2,11,3066,1944,1122,234,906,2160,7.42040029680365,7.84868312757201,6.67834876114082,6.72147435897436,7.5333830022075,7.3730103287037,169
"174",2016,6,7.46875,16,7.86363636363636,6.6,7.5,7,7.625,11,5,1,4,12,3082,1955,1127,235,910,2172,7.42065130110318,7.84876726342711,6.67800116237799,6.72478723404255,7.53103846153846,7.37440253683241,170
"175",2016,7,7.4125,16,7.72222222222222,7.01428571428571,6.3,6.75,7.50714285714286,9,7,2,2,14,3098,1964,1134,237,912,2186,7.42060920271143,7.84818737270875,6.68007699294533,6.72120253164557,7.52932565789473,7.3752526578225,171
"176",2016,8,7.61111111111111,9,8.08333333333333,6.66666666666667,7.5,6,7.8125,6,3,2,1,8,3107,1970,1137,239,913,2194,7.42116102671387,7.84890355329949,6.68004160949868,6.72771966527197,7.52765060240964,7.37684699635369,172
"177",2016,9,7.403125,16,7.825,6.7,7,6.95833333333333,7.67,10,6,2,6,10,3123,1980,1143,241,919,2204,7.4210686231188,7.84878282828283,6.68014637795276,6.72997925311203,7.52393362350381,7.37817709165154,173
"178",2016,10,7.03571428571429,28,7.35714285714286,6.71428571428571,5.75,7,7.04166666666667,14,14,4,4,24,3151,1994,1157,245,923,2228,7.4176443383053,7.84533099297893,6.68055947277442,6.71397959183673,7.5216630552546,7.3745522037702,174
"179",2016,11,7.32352941176471,17,8.71428571428571,6.35,6.125,8.25,7.03846153846154,7,10,4,4,13,3168,2001,1167,249,927,2241,7.41713930239899,7.8483708145927,6.67772691516709,6.70451807228916,7.52480582524272,7.37260254796966,175
"180",2016,12,7.10416666666667,24,7.58333333333333,6.625,6.16666666666667,6.58333333333333,7.27777777777778,12,12,3,6,18,3192,2013,1179,252,933,2259,7.41478612468672,7.84679085941381,6.67719025445292,6.69811507936508,7.5187513397642,7.37184697211155,176
"181",2017,1,7.25538461538462,26,7.47882352941176,6.83333333333333,6,6.57333333333333,7.46,17,9,1,6,20,3218,2030,1188,253,939,2279,7.41349823182101,7.84370935960591,6.67837315656566,6.6953557312253,7.51271033013844,7.37262058358929,177
"182",2017,2,7.51315789473684,19,8.13461538461539,6.16666666666667,7.5,7.91666666666667,7.4375,13,6,2,3,16,3237,2043,1194,255,942,2295,7.414083197405,7.84556045031816,6.67580176716918,6.70166666666667,7.51399681528662,7.37307290196078,178
"183",2017,3,6.97461538461538,13,7.11,6.81666666666667,NA,7,6.9725,7,6,0,1,12,3250,2050,1200,255,943,2307,7.41232532615385,7.8430487804878,6.67650609166667,6.70166666666667,7.51345174973489,7.37098929778933,179
"184",2017,4,7.552,25,8.05,6.66666666666667,7.5,8.12,7.41,16,9,2,5,20,3275,2066,1209,257,948,2327,7.41339154503817,7.84465150048402,6.67643284532671,6.70787937743191,7.51665084388185,7.37132458530296,180
"185",2017,5,7.58125,24,7.92647058823529,6.74285714285714,NA,7,7.775,17,7,0,6,18,3299,2083,1216,257,954,2345,7.41461270384965,7.84531925108017,6.67681522203947,6.70787937743191,7.51340146750524,7.37442315991471,181
"186",2017,6,7.67647058823529,17,7.64285714285714,7.83333333333333,NA,8,7.54166666666667,14,3,0,5,12,3316,2097,1219,257,959,2357,7.41595515983112,7.84396757272294,6.67966145200984,6.70787937743191,7.51593847758081,7.37527463300806,182
"187",2017,7,7.92045454545455,22,8.55,6.57142857142857,6.5,8.66666666666667,7.80263157894737,15,7,2,3,19,3338,2112,1226,259,962,2376,7.41928020071899,7.84898200757576,6.67904348287112,6.70627413127413,7.51952702702703,7.3786920496633,183
"188",2017,8,7.30434782608696,23,8.4,6.46153846153846,6,6.6,7.5,10,13,3,5,18,3361,2122,1239,262,967,2394,7.41849369532877,7.85157869934024,6.67676134786118,6.69818702290076,7.51477249224405,7.37960413951545,184
"189",2017,9,7.2404347826087,23,7.96384615384615,6.3,6.5,7.66666666666667,7.1765,13,10,2,3,20,3384,2135,1249,264,970,2414,7.41728348404255,7.85226229508196,6.6737448438751,6.69668560606061,7.51524226804124,7.37792142087821,185
"190",2017,10,7.864,30,8.18941176470588,7.43846153846154,9,8.75,7.72769230769231,17,13,1,4,26,3414,2152,1262,265,974,2440,7.42120893673111,7.85492565055762,6.68162227416799,6.70537735849057,7.52031314168378,7.38164848770492,186
"191",2017,11,7.63548387096774,31,8.15652173913043,6.1375,7.5,7.96,7.48095238095238,23,8,1,10,21,3445,2175,1270,266,984,2461,7.42313710014514,7.85811494252873,6.67819473228346,6.70836466165414,7.52478150406504,7.38249585940674,187
"192",2017,12,7.34375,32,7.61363636363636,6.75,5.5,6.5,7.4,22,10,2,2,30,3477,2197,1280,268,986,2491,7.42240647397181,7.85566681838871,6.6787557109375,6.69934701492537,7.52270283975659,7.38270666800481,188
"193",2018,1,7.57105263157895,38,7.83181818181818,7.2125,6.5,7.08333333333333,7.6625,22,16,3,6,32,3515,2219,1296,271,992,2523,7.42401345945946,7.85543037404236,6.68534514660494,6.69714022140221,7.52004536290322,7.3862553745541,189
"194",2018,2,7.98461538461538,26,8.21578947368421,7.35714285714286,8,8.5,7.89090909090909,19,7,2,4,22,3541,2238,1303,273,996,2545,7.42812971194578,7.85848972296693,6.68895419033001,6.70668498168498,7.52398092369478,7.39061780353634,190
"195",2018,3,7.75714285714286,14,8,7.575,7,7,7.88333333333333,6,8,2,2,12,3555,2244,1311,275,998,2557,7.42942540365682,7.85886809269162,6.69436102974828,6.70881818181818,7.52293086172345,7.39293011732499,191
"196",2018,4,7.51923076923077,26,7.78947368421053,6.78571428571429,7.25,7.75,7.47727272727273,19,7,2,4,22,3581,2263,1318,277,1002,2579,7.43007743926277,7.8582854617764,6.69484621396055,6.71272563176895,7.5238373253493,7.39364959674292,192
"197",2018,5,6.92777777777778,18,7.92857142857143,6.29090909090909,5,7,6.90714285714286,7,11,1,4,14,3599,2270,1329,278,1006,2593,7.42756524312309,7.85850220264317,6.69150286681716,6.70656474820144,7.52175447316103,7.39102287311993,193
"198",2018,6,7.12592592592593,27,7.825,6.56666666666667,5.66666666666667,6.6,7.24545454545455,12,15,3,5,22,3626,2282,1344,281,1011,2615,7.42531916988417,7.85832602979842,6.69010960565476,6.69546263345196,7.51719584569733,7.38979820650095,194
"199",2018,7,7.50909090909091,11,8.1,6.8,8,8.8,7.22222222222222,6,5,1,2,9,3637,2288,1349,282,1013,2624,7.42557253505636,7.85895979020979,6.69051690882135,6.70008865248227,7.51972852912142,7.38922344131097,195
"200",2018,8,7.28125,16,7.375,7.1875,7.5,NA,7.28125,8,8,2,0,16,3653,2296,1357,284,1013,2640,7.42494040788393,7.85727351916376,6.69344680176861,6.70572183098591,7.51972852912142,7.38856905681818,196
"201",2018,9,7.25,18,8.07142857142857,6.72727272727273,6.66666666666667,7,7.26470588235294,7,11,3,1,17,3671,2303,1368,287,1014,2657,7.42408262326342,7.85792444637429,6.69371879385965,6.70531358885017,7.51921597633136,7.38777655626646,197
"202",2018,10,7.41176470588235,17,8,6.33333333333333,7,7.5,7.4,11,6,2,2,15,3688,2314,1374,289,1016,2672,7.42402584327549,7.85859982713915,6.69214505822416,6.70735294117647,7.5191781496063,7.3878451758982,198
"203",2018,11,7.525,20,7.83333333333333,7.0625,7.66666666666667,7.75,7.5,12,8,3,2,18,3708,2326,1382,292,1018,2690,7.42457047195253,7.85846947549441,6.69428893632417,6.71720890410959,7.51963163064833,7.38859565427509,199
"204",2018,12,7.33181818181818,22,7.78571428571429,6.5375,5,6.66666666666667,7.43684210526316,14,8,1,3,19,3730,2340,1390,293,1021,2709,7.4240234075067,7.85803418803418,6.69338655395683,6.71134812286689,7.51712536728697,7.38893403839055,200
"205",2019,1,6.99375,24,7.52083333333333,6.46666666666667,6,8.83333333333333,6.73095238095238,12,12,4,3,21,3754,2352,1402,297,1024,2730,7.42127259190197,7.8563137755102,6.6914460128388,6.70176767676768,7.5209814453125,7.38387264102564,201
"206",2019,2,7.87857142857143,14,7.98181818181818,7.5,NA,7.75,7.93,11,3,0,4,10,3768,2363,1405,297,1028,2740,7.42297168524416,7.85689801100296,6.69317246263345,6.70176767676768,7.52187256809338,7.38586580656934,202
"207",2019,3,7.80882352941176,17,8.1875,6.9,9,6.95,8.16666666666667,12,5,1,5,12,3785,2375,1410,298,1033,2752,7.42470470541611,7.85856842105263,6.69390589361702,6.70947986577181,7.51910454985479,7.38927046148255,203
"208",2019,4,8.19090909090909,22,8.4375,7.53333333333333,NA,8,8.22105263157895,16,6,0,3,19,3807,2391,1416,298,1036,2771,7.4291324691358,7.86244249268088,6.69746278954802,6.70947986577181,7.5204971042471,7.39497376759292,204
"209",2019,5,7.83333333333333,18,8.18181818181818,7.28571428571429,7,8.25,7.71428571428571,11,7,2,4,14,3825,2402,1423,300,1040,2785,7.43103459084967,7.86390507910075,6.70035650737878,6.71141666666667,7.52330288461538,7.39657892639138,205
"210",2019,6,7.62222222222222,18,8.16666666666667,6.53333333333333,8,8,7.575,12,6,1,2,16,3843,2414,1429,301,1042,2801,7.43193008326828,7.86541010770505,6.69965522043387,6.7156976744186,7.52421785028791,7.39759811138879,206
"211",2019,7,7.46190476190476,21,7.65882352941177,6.625,7,8.75,7.15882352941177,17,4,2,4,17,3864,2431,1433,303,1046,2818,7.43209298913043,7.86396544631838,6.69944683182135,6.71757425742574,7.52890535372849,7.39615766855926,207
"212",2019,8,7.03333333333333,27,7.36666666666667,6.61666666666667,5.8,7.4,6.95,15,12,3,5,22,3891,2446,1445,306,1051,2840,7.42932595990748,7.86091578086672,6.69875938408305,6.70857843137255,7.52829210275928,7.39270151760563,208
"213",2019,9,7.16666666666667,15,7.625,6.64285714285714,6.75,6,7.34615384615385,8,7,2,2,13,3906,2454,1452,308,1053,2853,7.42831728366615,7.8601466992665,6.69848988292011,6.7088474025974,7.5253893637227,7.39248941815632,209
"214",2019,10,7.42941176470588,17,8.14444444444444,6.625,6.5,6.6,7.775,9,8,2,5,12,3923,2463,1460,310,1058,2865,7.42832202651032,7.86118554608201,6.69808719863014,6.7075,7.52101606805293,7.39409155671902,210
"215",2019,11,7.73157894736842,19,8.11818181818182,7.2,7,7,7.77222222222222,11,8,1,1,18,3942,2474,1468,311,1059,2883,7.42978369101979,7.86232821341956,6.70082241825613,6.70844051446945,7.52052407932011,7.39645241415192,211
"216",2019,12,8.09130434782609,23,8.24117647058823,7.66666666666667,NA,8.875,7.92631578947368,17,6,0,4,19,3965,2491,1474,311,1063,2902,7.43362101134931,7.86491368928141,6.70475394165536,6.70844051446945,7.52562088428974,7.39992154031702,212
"217",2020,1,7.63783783783784,37,7.77857142857143,7.2,9,7,7.71515151515151,28,9,1,4,33,4002,2519,1483,312,1067,2935,7.43550907296352,7.86395394998015,6.7077594807822,6.71578525641026,7.5236504217432,7.4034658637138,213
"218",2020,2,7.26666666666667,21,7.75,6.62222222222222,8.5,7,7.29473684210526,12,9,1,2,19,4023,2531,1492,313,1069,2954,7.4346277181208,7.86341367048597,6.70724350536193,6.72148562300319,7.52267072029934,7.40276652335815,214
"219",2020,3,7.34090909090909,22,7.78571428571429,6.5625,NA,8,7.23684210526316,14,8,0,3,19,4045,2545,1500,313,1072,2973,7.434118,7.8629862475442,6.70647154,6.72148562300319,7.52400652985075,7.40170612512613,215
"220",2020,4,7.79444444444444,18,8.1,7.55,8,8.75,7.52142857142857,8,10,2,4,14,4063,2553,1510,315,1076,2987,7.43571432685208,7.86372894633764,6.71205782119205,6.72960317460317,7.52856412639405,7.40226726146635,216
"221",2020,5,7.61578947368421,19,7.86153846153846,7.08333333333333,NA,7.16666666666667,7.82307692307692,13,6,0,6,13,4082,2566,1516,315,1082,3000,7.43655250122489,7.86371784879189,6.71352724934037,6.72960317460317,7.5265573012939,7.40409077,217
"222",2020,6,7.7519375,16,8.05,7.0962,7,NA,7.7519375,11,5,2,0,16,4098,2577,1521,317,1082,3016,7.43778387262079,7.86451299961195,6.71478521367521,6.73130914826498,7.5265573012939,7.4059361107427,218
"223",2020,7,7.34210526315789,19,8.3125,6.63636363636364,7,7.5,7.3125,8,11,1,3,16,4117,2585,1532,318,1085,3032,7.43734231479232,7.8658994197292,6.71422213446475,6.73215408805031,7.52648387096774,7.40544304419525,219
"224",2020,8,7.02941176470588,17,7.5,6.16666666666667,5.5,7,7.03125,11,6,2,1,16,4134,2596,1538,320,1086,3048,7.43566480648282,7.86434899845916,6.71208602730819,6.724453125,7.52599907918969,7.40347877624672,220
"225",2020,9,7.9,24,8.57333333333333,6.77777777777778,6.66666666666667,7.8,7.92631578947368,15,9,3,5,19,4158,2611,1547,323,1091,3067,7.43834495189995,7.86842206051321,6.7124682029735,6.72391640866873,7.52725481209899,7.40671774046299,221
"226",2020,10,7.4375,24,7.6,7.16666666666667,7.25,7.5,7.43478260869565,15,9,2,1,23,4182,2626,1556,325,1092,3090,7.43834010282161,7.86688880426504,6.71509531491003,6.72715384615385,7.52722985347985,7.40692663754045,222
"227",2020,11,7.558,25,7.9,6.67857142857143,5.5,6.95833333333333,7.74736842105263,18,7,2,6,19,4207,2644,1563,327,1098,3109,7.4390511789874,7.86711422087745,6.71493174024312,6.71964831804281,7.52412112932605,7.40900717594081,223
"228",2020,12,7.38826666666667,30,7.8655,6.84285714285714,5.66666666666667,8.17466666666667,7.19166666666667,16,14,3,6,24,4237,2660,1577,330,1104,3133,7.43869160018881,7.86710451127819,6.71606741280913,6.71007575757576,7.52765670289855,7.4073422630067,224
"229",2021,1,7.45539130434783,23,7.52788235294118,7.25,NA,7.381,7.47105263157895,17,6,0,4,19,4260,2677,1583,330,1108,3152,7.4387817629108,7.86495031751961,6.71809116234997,6.71007575757576,7.52712725631769,7.40772630393401,225
"230",2021,2,7.32692307692308,26,7.72222222222222,6.4375,6.875,7.6875,7.16666666666667,18,8,4,8,18,4286,2695,1591,334,1116,3170,7.43810319878675,7.86399703153988,6.71668027027027,6.71205089820359,7.52827688172043,7.406357511041,226
"231",2021,3,7.775,28,7.90476190476191,7.38571428571429,NA,7,7.94347826086956,21,7,0,5,23,4314,2716,1598,334,1121,3193,7.44028982614743,7.86431222385861,6.71961095744681,6.71205089820359,7.52592060660125,7.41022652990917,227
"232",2021,4,7.31607142857143,28,8.171875,6.175,5,6.25,7.49375,16,12,1,4,24,4342,2732,1610,335,1125,3217,7.4394887862736,7.86611346998535,6.71555174534162,6.70694029850746,7.521384,7.41084964563257,228
"233",2021,5,7.30576923076923,26,7.76111111111111,6.28125,7,6.3,7.5452380952381,18,8,1,5,21,4368,2750,1618,336,1130,3238,7.43869283653846,7.86542618181818,6.71340439431397,6.7078125,7.5159796460177,7.41172121988882,229
"234",2021,6,7.625,16,8,7.25,NA,6,7.73333333333333,8,8,0,1,15,4384,2758,1626,336,1131,3253,7.43937278968978,7.86581653372008,6.71604447109471,6.7078125,7.51463925729443,7.41320421457116,230
"235",2021,7,7.40769230769231,13,7.5125,7.24,NA,7.6,7.39166666666667,8,5,0,1,12,4397,2766,1631,336,1132,3265,7.439279124403,7.86479464931308,6.71765071122011,6.7078125,7.51471466431095,7.41312505666156,231
"236",2021,8,7.61904761904762,21,8.03333333333333,6.58333333333333,6.5,7.5,7.66666666666667,15,6,2,6,15,4418,2781,1637,338,1138,3280,7.44013361475781,7.8657037037037,6.71715840562004,6.70658284023669,7.51463708260105,7.4142845457317,232
"237",2021,9,7.98571428571429,14,8.47777777777778,7.1,6,8.7,7.58888888888889,9,5,1,5,9,4432,2790,1642,339,1143,3289,7.44185701940433,7.86767813620071,6.71832418392205,6.70449852507375,7.51982239720035,7.41476233201581,233
"238",2021,10,7.68194458333333,24,8.19111133333333,6.83333333333333,6,8.2,7.54561421052632,15,9,2,5,19,4456,2805,1651,341,1148,3308,7.44315013016158,7.86940772549019,6.71895112658995,6.70036656891496,7.52278484320557,7.41551389963724,234
"239",2021,11,6.95263157894737,19,7.5,6.63333333333333,NA,6,7.13125,7,12,0,3,16,4475,2812,1663,341,1151,3324,7.44106748156424,7.86848814722617,6.71833331930247,6.70036656891496,7.5188158123371,7.41414560168471,235
"240",2021,12,7.17131303030303,33,7.4776665,6.7,5.9,7,7.1949424137931,20,13,2,4,29,4508,2832,1676,343,1155,3353,7.43909279281278,7.86572810734463,6.71819111575179,6.69569970845481,7.51701904761905,7.41224971965404,236
"241",2022,1,7.60936744186047,43,7.61676,7.59230769230769,7.9,8.5,7.49217894736842,30,13,3,5,38,4551,2862,1689,346,1160,3391,7.44070162821358,7.86311837875611,6.72491907045589,6.70614161849711,7.52125603448276,7.41314541728103,237
"242",2022,2,7.35862068965517,29,7.68888888888889,6.81818181818182,5,7.46666666666667,7.34615384615385,18,11,1,3,26,4580,2880,1700,347,1163,3417,7.44018190174672,7.86202944444444,6.72552253529412,6.70122478386167,7.52111521926053,7.41263567749487,238
"243",2022,3,8.00453703703704,27,8.42,6.8175,6.5,8,8.00532608695652,20,7,2,4,23,4607,2900,1707,349,1167,3440,7.443489387888,7.86587751724137,6.72589971294669,6.70007163323782,7.52275664095972,7.41659843313953,239
"244",2022,4,7.76923076923077,13,7.89090909090909,7.1,NA,NA,7.76923076923077,11,2,0,0,13,4620,2911,1709,349,1167,3453,7.44440597619047,7.86597210580556,6.7263375131656,6.70007163323782,7.52275664095972,7.41792603822762,240
"245",2022,5,7.06190476190476,21,7.73,6.45454545454545,7.25,6.83333333333333,7.1,10,11,2,3,18,4641,2921,1720,351,1170,3471,7.4426752014652,7.86550660732625,6.72459930813954,6.70320512820513,7.52098888888889,7.41627732929991,241
"246",2022,6,7.58181818181818,22,7.69,6.5,NA,7.4,7.63529411764706,20,2,0,5,17,4663,2941,1722,351,1175,3488,7.44333167703195,7.86431309078544,6.72433844947735,6.70320512820513,7.52047404255319,7.41734478497706,242
"247",2022,7,7.476,25,7.67142857142857,7.22727272727273,7,7.9375,7.25882352941176,14,11,1,8,17,4688,2955,1733,352,1183,3505,7.44350588950512,7.86339925549915,6.72753076168494,6.70404829545454,7.52329416737109,7.41657592296719,243
"248",2022,8,7.6851724137931,29,7.62470588235294,7.77083333333333,7.875,7.9,7.64041666666667,17,12,4,5,24,4717,2972,1745,356,1188,3529,7.4449916493534,7.8620339165545,6.73470533524356,6.71720505617977,7.52487962962963,7.41809821762539,244
"249",2022,9,7.53690322580645,31,8.0625,6.97626666666667,6.611,7.5,7.54085714285714,16,15,4,3,28,4748,2988,1760,360,1191,3557,7.44559174599832,7.86310736278447,6.73676409659091,6.716025,7.52481696053736,7.41906455158841,245
"250",2022,10,7.61346153846154,26,8.01333333333333,7.06818181818182,6.91666666666667,7.60714285714286,7.61578947368421,15,11,3,7,19,4774,3003,1771,363,1198,3576,7.44650599287809,7.86385774225774,6.73882259175607,6.71768319559229,7.5252979966611,7.42010979026845,246
"251",2022,11,7.91142857142857,21,8.33090909090909,7.45,7,8,7.90210526315789,11,10,1,2,19,4795,3014,1781,364,1200,3595,7.44854215015641,7.86556230922362,6.7428157271196,6.71845879120879,7.52608916666667,7.42265719332406,247
"252",2022,12,7.775,18,8.2,6.67,6.875,8.5,7.56785714285714,13,5,2,4,14,4813,3027,1786,366,1204,3609,7.44976306046125,7.86699861248761,6.74261187569989,6.71931420765027,7.52932475083056,7.42322045164865,248
