"","year","month","avg_rating","no_ratings","avg_rating_owned","avg_rating_not_owned","avg_rating_prev_owned","avg_rating_comment","avg_rating_no_comment","no_ratings_owned","no_ratings_not_owned","no_ratings_prev_owned","no_ratings_comment","no_ratings_no_comment","cum_no_ratings","cum_no_ratings_owned","cum_no_ratings_not_owned","cum_no_ratings_prev_owned","cum_no_ratings_comment","cum_no_ratings_no_comment","cum_avg_rating","cum_avg_rating_owned","cum_avg_rating_not_owned","cum_avg_rating_prev_owned","cum_avg_rating_comment","cum_avg_rating_no_comment","month_after_release"
"1",2001,6,7.5,4,7.66666666666667,7,NA,9,7,3,1,0,1,3,4,3,1,0,1,3,7.5,7.66666666666667,7,NA,9,7,1
"2",2001,9,8,2,8,NA,NA,9,7,2,0,0,1,1,6,5,1,0,2,4,7.66666666666667,7.8,7,NA,9,7,4
"3",2002,2,8.66666666666667,3,8.66666666666667,NA,NA,9,8,3,0,0,2,1,9,8,1,0,4,5,8,8.125,7,NA,9,7.2,9
"4",2002,3,7,1,7,NA,NA,NA,7,1,0,0,0,1,10,9,1,0,4,6,7.9,8,7,NA,9,7.16666666666667,10
"5",2002,4,6.5,2,8,5,NA,8,5,1,1,0,1,1,12,10,2,0,5,7,7.66666666666667,8,6,NA,8.8,6.85714285714286,11
"6",2002,5,8,2,8,8,NA,NA,8,1,1,0,0,2,14,11,3,0,5,9,7.71428571428571,8,6.66666666666667,NA,8.8,7.11111111111111,12
"7",2002,6,7.16666666666667,3,7.16666666666667,NA,NA,NA,7.16666666666667,3,0,0,0,3,17,14,3,0,5,12,7.61764705882353,7.82142857142857,6.66666666666667,NA,8.8,7.125,13
"8",2002,8,7.66666666666667,3,7.66666666666667,NA,NA,NA,7.66666666666667,3,0,0,0,3,20,17,3,0,5,15,7.625,7.79411764705882,6.66666666666667,NA,8.8,7.23333333333333,15
"9",2002,10,7.5,2,NA,7.5,8,8,7,0,2,1,1,1,22,17,5,1,6,16,7.61363636363636,7.79411764705882,7,8,8.66666666666667,7.21875,17
"10",2002,11,7.8,5,7.66666666666667,8,NA,7.66666666666667,8,3,2,0,3,2,27,20,7,1,9,18,7.64814814814815,7.775,7.28571428571429,8,8.33333333333333,7.30555555555556,18
"11",2002,12,8,1,8,NA,NA,NA,8,1,0,0,0,1,28,21,7,1,9,19,7.66071428571429,7.78571428571429,7.28571428571429,8,8.33333333333333,7.34210526315789,19
"12",2003,1,8,3,8.5,7,NA,NA,8,2,1,0,0,3,31,23,8,1,9,22,7.69354838709677,7.84782608695652,7.25,8,8.33333333333333,7.43181818181818,20
"13",2003,2,8.33333333333333,3,8.33333333333333,NA,NA,NA,8.33333333333333,3,0,0,0,3,34,26,8,1,9,25,7.75,7.90384615384615,7.25,8,8.33333333333333,7.54,21
"14",2003,3,8,1,8,NA,NA,NA,8,1,0,0,0,1,35,27,8,1,9,26,7.75714285714286,7.90740740740741,7.25,8,8.33333333333333,7.55769230769231,22
"15",2003,4,8.66666666666667,3,8.66666666666667,NA,NA,10,8,3,0,0,1,2,38,30,8,1,10,28,7.82894736842105,7.98333333333333,7.25,8,8.5,7.58928571428571,23
"16",2003,5,9.5,2,9.5,NA,NA,NA,9.5,2,0,0,0,2,40,32,8,1,10,30,7.9125,8.078125,7.25,8,8.5,7.71666666666667,24
"17",2003,6,7,2,5,9,NA,5,9,1,1,0,1,1,42,33,9,1,11,31,7.86904761904762,7.98484848484848,7.44444444444444,8,8.18181818181818,7.75806451612903,25
"18",2003,7,7.5,12,7.5,7.5,NA,7.5,7.5,9,3,0,3,9,54,42,12,1,14,40,7.78703703703704,7.88095238095238,7.45833333333333,8,8.03571428571429,7.7,26
"19",2003,8,7.28571428571429,7,7.8,6,NA,9,7,5,2,0,1,6,61,47,14,1,15,46,7.72950819672131,7.87234042553191,7.25,8,8.1,7.60869565217391,27
"20",2003,9,8.75,4,8.75,NA,NA,NA,8.75,4,0,0,0,4,65,51,14,1,15,50,7.79230769230769,7.94117647058824,7.25,8,8.1,7.7,28
"21",2003,10,8.2,5,8.75,6,NA,10,7.75,4,1,0,1,4,70,55,15,1,16,54,7.82142857142857,8,7.16666666666667,8,8.21875,7.7037037037037,29
"22",2003,11,8,2,8,NA,NA,9,7,2,0,0,1,1,72,57,15,1,17,55,7.82638888888889,8,7.16666666666667,8,8.26470588235294,7.69090909090909,30
"23",2003,12,5.5,2,9,2,NA,9,2,1,1,0,1,1,74,58,16,1,18,56,7.76351351351351,8.01724137931035,6.84375,8,8.30555555555556,7.58928571428571,31
"24",2004,1,8.5,3,8.5,NA,NA,9,8.25,3,0,0,1,2,77,61,16,1,19,58,7.79220779220779,8.04098360655738,6.84375,8,8.3421052631579,7.61206896551724,32
"25",2004,2,9,2,9,NA,NA,NA,9,2,0,0,0,2,79,63,16,1,19,60,7.82278481012658,8.07142857142857,6.84375,8,8.3421052631579,7.65833333333333,33
"26",2004,3,8,2,8,8,NA,NA,8,1,1,0,0,2,81,64,17,1,19,62,7.82716049382716,8.0703125,6.91176470588235,8,8.3421052631579,7.66935483870968,34
"27",2004,4,7.16666666666667,6,8.75,4,NA,7.33333333333333,7,4,2,0,3,3,87,68,19,1,22,65,7.7816091954023,8.11029411764706,6.60526315789474,8,8.20454545454546,7.63846153846154,35
"28",2004,5,8.875,4,8.875,NA,NA,8.875,NA,4,0,0,4,0,91,72,19,1,26,65,7.82967032967033,8.15277777777778,6.60526315789474,8,8.30769230769231,7.63846153846154,36
"29",2004,6,7,5,8,5.5,10,4.5,8.66666666666667,3,2,1,2,3,96,75,21,2,28,68,7.78645833333333,8.14666666666667,6.5,9,8.03571428571429,7.68382352941176,37
"30",2004,7,8.5,2,8.5,NA,NA,9,8,2,0,0,1,1,98,77,21,2,29,69,7.80102040816327,8.15584415584416,6.5,9,8.06896551724138,7.68840579710145,38
"31",2004,8,8.91666666666667,6,9.2,7.5,NA,9.1,8,5,1,0,5,1,104,82,22,2,34,70,7.86538461538461,8.21951219512195,6.54545454545455,9,8.22058823529412,7.69285714285714,39
"32",2004,9,7.66666666666667,3,7.66666666666667,NA,NA,NA,7.66666666666667,3,0,0,0,3,107,85,22,2,34,73,7.85981308411215,8.2,6.54545454545455,9,8.22058823529412,7.69178082191781,40
"33",2004,10,8,7,8,NA,NA,8.66666666666667,7.5,7,0,0,3,4,114,92,22,2,37,77,7.86842105263158,8.18478260869565,6.54545454545455,9,8.25675675675676,7.68181818181818,41
"34",2004,11,8.7,10,8.7,NA,NA,9,8.57142857142857,10,0,0,3,7,124,102,22,2,40,84,7.93548387096774,8.23529411764706,6.54545454545455,9,8.3125,7.75595238095238,42
"35",2004,12,8.375,8,8.375,NA,NA,8.125,8.625,8,0,0,4,4,132,110,22,2,44,88,7.96212121212121,8.24545454545454,6.54545454545455,9,8.29545454545455,7.79545454545455,43
"36",2005,1,8.88888888888889,9,8.88888888888889,NA,NA,9,8.83333333333333,9,0,0,3,6,141,119,22,2,47,94,8.02127659574468,8.29411764705882,6.54545454545455,9,8.34042553191489,7.86170212765957,44
"37",2005,2,6.75,8,8.33333333333333,5.8,NA,6.8,6.66666666666667,3,5,0,5,3,149,122,27,2,52,97,7.95302013422819,8.29508196721311,6.40740740740741,9,8.19230769230769,7.82474226804124,45
"38",2005,3,9.08333333333333,6,9.3,8,NA,9.33333333333333,8.83333333333333,5,1,0,3,3,155,127,28,2,55,100,7.99677419354839,8.33464566929134,6.46428571428571,9,8.25454545454545,7.855,46
"39",2005,4,8.25,4,8.5,8,10,6,9,2,2,1,1,3,159,129,30,3,56,103,8.00314465408805,8.33720930232558,6.56666666666667,9.33333333333333,8.21428571428571,7.88834951456311,47
"40",2005,5,8.63636363636364,11,8.63636363636364,NA,NA,9.16666666666667,8,11,0,0,6,5,170,140,30,3,62,108,8.04411764705882,8.36071428571429,6.56666666666667,9.33333333333333,8.30645161290323,7.89351851851852,48
"41",2005,6,8.54166666666667,12,8.65,8,NA,8.3,8.71428571428571,10,2,0,5,7,182,150,32,3,67,115,8.07692307692308,8.38,6.65625,9.33333333333333,8.30597014925373,7.94347826086956,49
"42",2005,7,8.8,5,9,8,8,9.25,7,4,1,1,4,1,187,154,33,4,71,116,8.09625668449198,8.3961038961039,6.6969696969697,9,8.35915492957746,7.93534482758621,50
"43",2005,8,8.25,10,9.07142857142857,6.33333333333333,7,8.92857142857143,6.66666666666667,7,3,1,7,3,197,161,36,5,78,119,8.10406091370558,8.42546583850932,6.66666666666667,8.6,8.41025641025641,7.90336134453782,51
"44",2005,9,9.16666666666667,6,9.16666666666667,NA,NA,9.33333333333333,9,6,0,0,3,3,203,167,36,5,81,122,8.13546798029557,8.45209580838323,6.66666666666667,8.6,8.44444444444444,7.93032786885246,52
"45",2005,10,8.45,4,8.45,NA,NA,10,7.93333333333333,4,0,0,1,3,207,171,36,5,82,125,8.14154589371981,8.45204678362573,6.66666666666667,8.6,8.46341463414634,7.9304,53
"46",2005,11,8.65,10,9.08333333333333,8,8,8.83333333333333,8.57142857142857,6,4,1,3,7,217,177,40,6,85,132,8.16497695852535,8.47344632768362,6.8,8.5,8.47647058823529,7.96439393939394,54
"47",2005,12,7.32142857142857,14,7.5,7,NA,8,7.05,9,5,0,4,10,231,186,45,6,89,142,8.11385281385282,8.42634408602151,6.82222222222222,8.5,8.45505617977528,7.9,55
"48",2006,1,8.38181818181818,11,9.02222222222222,5.5,NA,9.07142857142857,7.175,9,2,0,7,4,242,195,47,6,96,146,8.12603305785124,8.45384615384616,6.76595744680851,8.5,8.5,7.88013698630137,56
"49",2006,2,7.75,4,8.66666666666667,5,NA,5,8.66666666666667,3,1,0,1,3,246,198,48,6,97,149,8.11991869918699,8.45707070707071,6.72916666666667,8.5,8.4639175257732,7.89597315436242,57
"50",2006,3,7.90909090909091,11,7.90909090909091,NA,NA,8.33333333333333,7.75,11,0,0,3,8,257,209,48,6,100,157,8.11089494163424,8.42822966507177,6.72916666666667,8.5,8.46,7.88853503184713,58
"51",2006,4,9.05,6,8.86,10,NA,8.15,9.5,5,1,0,2,4,263,214,49,6,102,161,8.13231939163498,8.43831775700935,6.79591836734694,8.5,8.45392156862745,7.92857142857143,59
"52",2006,5,8.41666666666667,6,8.625,8,NA,8.75,8.25,4,2,0,2,4,269,218,51,6,104,165,8.13866171003717,8.44174311926606,6.84313725490196,8.5,8.45961538461539,7.93636363636364,60
"53",2006,6,8.64,5,8.55,9,NA,9.1,8.33333333333333,4,1,0,2,3,274,222,52,6,106,168,8.1478102189781,8.4436936936937,6.88461538461539,8.5,8.47169811320755,7.94345238095238,61
"54",2006,7,8.5,9,8.5,8.5,9,8.5,8.5,6,3,1,3,6,283,228,55,7,109,174,8.15901060070671,8.44517543859649,6.97272727272727,8.57142857142857,8.47247706422019,7.96264367816092,62
"55",2006,8,8.6875,8,8.5,10,NA,9.25,8.125,7,1,0,4,4,291,235,56,7,113,178,8.17353951890034,8.4468085106383,7.02678571428571,8.57142857142857,8.5,7.96629213483146,63
"56",2006,9,8.41666666666667,6,8.5,8,NA,NA,8.41666666666667,5,1,0,0,6,297,240,57,7,113,184,8.17845117845118,8.44791666666667,7.04385964912281,8.57142857142857,8.5,7.98097826086957,64
"57",2006,10,8.2,5,8,9,NA,8,8.33333333333333,4,1,0,2,3,302,244,58,7,115,187,8.17880794701987,8.44057377049181,7.07758620689655,8.57142857142857,8.49130434782609,7.98663101604278,65
"58",2006,11,7.375,8,7.5,7.33333333333333,7,7,7.75,2,6,1,4,4,310,246,64,8,119,191,8.15806451612903,8.4329268292683,7.1015625,8.375,8.44117647058824,7.98167539267016,66
"59",2006,12,8.45,10,8.61111111111111,7,NA,9,7.9,9,1,0,5,5,320,255,65,8,124,196,8.1671875,8.43921568627451,7.1,8.375,8.46370967741936,7.97959183673469,67
"60",2007,1,7.875,12,8.57142857142857,6.9,NA,8.33333333333333,7.41666666666667,7,5,0,6,6,332,262,70,8,130,202,8.1566265060241,8.44274809160306,7.08571428571429,8.375,8.45769230769231,7.96287128712871,68
"61",2007,2,9.05106571428571,14,9.15,8.80373,10,9.21428571428571,8.88784571428571,10,4,1,7,7,346,272,74,9,137,209,8.19281768786127,8.46875,7.17858,8.55555555555556,8.49635036496351,7.99385129186603,69
"62",2007,3,7.6,10,8.22222222222222,2,NA,8.4,6.8,9,1,0,5,5,356,281,75,9,142,214,8.17616550561798,8.46085409252669,7.10953226666667,8.55555555555556,8.49295774647888,7.96595757009346,70
"63",2007,4,8.27777777777778,9,8.6875,5,NA,7,8.64285714285714,8,1,0,2,7,365,289,76,9,144,221,8.17867101369863,8.46712802768166,7.08177526315789,8.55555555555556,8.47222222222222,7.9873978280543,71
"64",2007,5,7.25,10,7.5,7,7.5,7.91666666666667,6.25,5,5,2,6,4,375,294,81,11,150,225,8.15390645333333,8.45068027210885,7.07672740740741,8.36363636363636,8.45,7.95651075555555,72
"65",2007,6,7.05555555555556,9,7.41666666666667,6.33333333333333,7,6.5,7.5,6,3,1,4,5,384,300,84,12,154,230,8.12816385416667,8.43,7.05017761904762,8.25,8.39935064935065,7.94658660869565,73
"66",2007,7,8.27272727272727,11,8.66666666666667,7.8,8.5,8.25,8.28571428571429,6,5,2,4,7,395,306,89,14,158,237,8.13218967088608,8.43464052287582,7.09230247191011,8.28571428571429,8.39556962025317,7.95660303797468,74
"67",2007,8,7.83333333333333,6,8,7.5,7.5,10,7.4,4,2,2,1,5,401,310,91,16,159,242,8.12771800498753,8.42903225806452,7.10126285714286,8.1875,8.40566037735849,7.94510297520661,75
"68",2007,9,8.69,10,8.58333333333333,8.85,8,8.875,8.56666666666667,6,4,1,4,6,411,316,95,17,163,248,8.14139883211679,8.43196202531646,7.17489389473684,8.17647058823529,8.41717791411043,7.96014080645161,76
"69",2007,10,8.275,20,8.16666666666667,8.6,NA,8.2,8.3,15,5,0,5,15,431,331,100,17,168,263,8.14759842227378,8.41993957703928,7.2461492,8.17647058823529,8.41071428571429,7.97952441064639,77
"70",2007,11,8.27446808510638,47,8.55277777777778,7.36363636363636,7.83333333333333,8.35185185185185,8.17,36,11,6,27,20,478,367,111,23,195,283,8.16007305439331,8.43297002724796,7.25779207207207,8.08695652173913,8.4025641025641,7.99298558303887,78
"71",2007,12,7.83571428571429,56,8.27560975609756,6.63333333333333,8.2,7.69642857142857,7.975,41,15,5,28,28,534,408,126,28,223,311,8.12605790262173,8.4171568627451,7.18345174603175,8.10714285714286,8.31390134529148,7.99136630225081,79
"72",2008,1,7.91525423728814,59,8.26315789473684,7.28571428571429,7.8,8.02173913043478,7.84722222222222,38,21,5,23,36,593,446,147,33,246,347,8.10508418212479,8.40403587443947,7.19806068027211,8.06060606060606,8.28658536585366,7.97641187319885,80
"73",2008,2,8.44318181818182,44,8.70689655172414,7.93333333333333,8.25,8.73076923076923,8.02777777777778,29,15,8,26,18,637,475,162,41,272,365,8.12843786499215,8.42252631578948,7.26614148148148,8.09756097560976,8.32904411764706,7.97894498630137,81
"74",2008,3,7.98333333333333,36,8.22692307692308,7.35,7.25,8.46666666666667,7.63809523809524,26,10,4,15,21,673,501,172,45,287,386,8.12067595839525,8.412375249501,7.27101697674419,8.02222222222222,8.33623693379791,7.96040134715026,82
"75",2008,4,7.93023255813953,43,8.22058823529412,6.83333333333333,7.16666666666667,8.44736842105263,7.52083333333333,34,9,3,19,24,716,535,181,48,306,410,8.1092387150838,8.40018691588785,7.24925370165746,7.96875,8.34313725490196,7.93467053658537,83
"76",2008,5,8.22142857142857,42,8.57,7.35,7.84,8.41176470588235,8.092,30,12,5,17,25,758,565,193,53,323,435,8.11545503957784,8.40920353982301,7.25551772020725,7.95660377358491,8.34674922600619,7.94371245977012,84
"77",2008,6,8.06034448275862,29,8.32291625,6.8,6.25,7.94999933333333,8.17857142857143,24,5,2,15,14,787,589,198,55,338,449,8.11342428208386,8.40568758913413,7.24401474747475,7.89454545454545,8.32914198224852,7.95103545657016,85
"78",2008,7,8.23522727272727,44,8.2530303030303,8.18181818181818,7.875,8.22647058823529,8.24074074074074,33,11,4,17,27,831,622,209,59,355,476,8.11987353790614,8.39758840836013,7.29337282296651,7.89322033898305,8.32422532394366,7.96746831932773,86
"79",2008,8,8,34,8.08695652173913,7.81818181818182,8.25,7.8,8.28571428571429,23,11,4,20,14,865,645,220,63,375,490,8.11516174566474,8.38651161240311,7.31961327272727,7.91587301587302,8.29626664,7.97656106122449,87
"80",2008,9,7.88333333333333,30,8.375,7.32142857142857,7.16666666666667,7.5,8.10526315789474,16,14,6,11,19,895,661,234,69,386,509,8.10739096089386,8.38623296520424,7.31972188034188,7.85072463768116,8.27357510362695,7.98136526522593,88
"81",2008,10,7.70526315789474,19,7.91666666666667,7.34285714285714,7.35,7.5,7.93333333333333,12,7,4,10,9,914,673,241,73,396,518,8.09903163019694,8.37786031203567,7.32039385892116,7.82328767123288,8.25404037878788,7.98053073359073,89
"82",2008,11,8.33333333333333,36,8.7037037037037,7.22222222222222,8,8.26666666666667,8.38095238095238,27,9,3,15,21,950,700,250,76,411,539,8.10791043157895,8.39042855714286,7.31685968,7.83026315789474,8.25450119221411,7.99613157699443,90
"83",2008,12,7.91739130434783,46,8.29,7.21875,7.78571428571429,8.01904761904762,7.832,30,16,7,21,25,996,730,266,83,432,564,8.09911135542169,8.38630135616439,7.31095834586466,7.82650602409639,8.24305553240741,7.98885624113475,91
"84",2009,1,7.68372093023256,43,7.875,7.32666666666667,7.38,7.83333333333333,7.60357142857143,28,15,5,15,28,1039,758,281,88,447,592,8.08192002887392,8.3674142348285,7.3117968683274,7.80113636363636,8.22930646532439,7.97063331081081,92
"85",2009,2,7.828125,48,8.15967741935484,7.22352941176471,6.8,8.28214285714286,7.64117647058824,31,17,5,14,34,1087,789,298,93,461,626,8.07071288868445,8.3592522053232,7.30676147651007,7.74731182795699,8.23091104121475,7.95273948881789,93
"86",2009,3,7.86170212765957,47,8.30645161290323,7,7.25,8.15,7.78378378378378,31,16,6,10,37,1134,820,314,99,471,663,8.06205018518519,8.35725608536586,7.29113031847134,7.71717171717172,8.22919318471338,7.94331058823529,94
"87",2009,4,7.98809523809524,42,8.525,7.5,6.8,8.13333333333333,7.90740740740741,20,22,5,15,27,1176,840,336,104,486,690,8.05940893707483,8.36124998809524,7.30480630952381,7.67307692307692,8.22623454732511,7.94190568115942,95
"88",2009,5,7.76818181818182,44,8.09583333333333,7.375,7.22727272727273,7.96153846153846,7.68709677419355,24,20,11,13,31,1220,864,356,115,499,721,8.04890566393443,8.35387730324075,7.3087497752809,7.6304347826087,8.21933865731463,7.93094995839112,96
"89",2009,6,8,44,8.24242424242424,7.27272727272727,5.66666666666667,8.08333333333333,7.96875,33,11,3,12,32,1264,897,367,118,511,753,8.04720325158228,8.34977702341138,7.30767008174387,7.58050847457627,8.21614479452055,7.93255633466136,97
"90",2009,7,7.68444444444444,45,8.31,6.43333333333333,7.375,8.25,7.34107142857143,30,15,4,17,28,1309,927,382,122,528,781,8.03473255156608,8.34848974110033,7.273337486911,7.57377049180328,8.21723482954546,7.91135072983355,98
"91",2009,8,7.80972222222222,36,8.49444444444444,7.125,7,7.85,7.7962962962963,18,18,5,9,27,1345,945,400,127,537,808,8.02870997026022,8.35126983068784,7.2666623,7.5511811023622,8.21108005586592,7.90750608910891,99
"92",2009,9,7.78727272727273,55,8.31612903225806,7.10416666666667,7.05555555555556,7.6,7.82888888888889,31,24,9,10,45,1400,976,424,136,547,853,8.01922493571429,8.35015367827869,7.25746443396227,7.51838235294118,8.19990857404022,7.90335864009379,100
"93",2009,10,7.59333333333333,45,8.228,6.8,7.94,8.66666666666667,7.05666666666667,25,20,5,15,30,1445,1001,444,141,562,883,8.00596187543253,8.34710288711289,7.23685792792793,7.53333333333333,8.21236653024911,7.87459220838052,101
"94",2009,11,7.47021276595745,47,8.21428571428571,6.86923076923077,7.77777777777778,7.36875,7.52258064516129,21,26,9,16,31,1492,1022,470,150,578,914,7.98908506032172,8.34437376712329,7.21652110638298,7.548,8.18901382352941,7.86265308533917,102
"95",2009,12,7.83170731707317,41,8.23333333333333,7.26470588235294,7.625,7.95,7.77037037037037,24,17,8,14,27,1533,1046,487,158,592,941,7.98487600130463,8.34182599426387,7.2182031211499,7.55189873417722,8.1833614695946,7.86000522848034,103
"96",2010,1,7.85754716981132,53,8.11285714285714,7.36111111111111,7.875,8.74230769230769,7.57,35,18,4,13,40,1586,1081,505,162,605,981,7.98062100252207,8.33441257169288,7.22329687128713,7.55987654320988,8.19537188429752,7.84818034658512,104
"97",2010,2,7.63720930232558,43,7.92222222222222,7.15625,7.875,8.45,7.32258064516129,27,16,4,12,31,1629,1108,521,166,617,1012,7.97155611418048,8.32436822202167,7.22123785028791,7.56746987951807,8.20032413290113,7.83207996047431,105
"98",2010,3,7.73684210526316,38,8.04347826086956,7.26666666666667,7.25,8.52857142857143,7.55806451612903,23,15,4,7,31,1667,1131,536,170,624,1043,7.96620570485903,8.31865604774536,7.22250917910448,7.56,8.20400639423077,7.82393568552253,106
"99",2010,4,7.94444444444444,27,8.5,7.13636363636364,7.2,8.3,7.73529411764706,16,11,5,10,17,1694,1147,547,175,634,1060,7.96585886068477,8.32118569311247,7.2207768190128,7.54971428571429,8.20552048895899,7.8225140754717,107
"100",2010,5,7.64166666666667,30,8.23076923076923,7.19117647058824,7.35714285714286,6.95,7.9875,13,17,7,10,20,1724,1160,564,182,644,1080,7.96021746519722,8.32017240517242,7.21988460992908,7.54230769230769,8.18602482919255,7.82556937037037,108
"101",2010,6,7.96666666666667,15,8.75,7.07142857142857,5.5,8,7.94444444444444,8,7,2,6,9,1739,1168,571,184,650,1089,7.96027309373203,8.32311642979453,7.21806465849387,7.52010869565217,8.18430767692308,7.82655180899908,109
"102",2010,7,8.13157894736842,19,8.42857142857143,7.3,7.875,8.41666666666667,8,14,5,4,6,13,1758,1182,576,188,656,1102,7.9621245221843,8.32436547377327,7.21877590277778,7.52765957446809,8.18643291158537,7.82859793103448,110
"103",2010,8,7.82068965517241,29,8.35,6.64444444444444,9,8.13636363636364,7.62777777777778,20,9,1,11,18,1787,1202,585,189,667,1120,7.95982927252378,8.32479200499169,7.20994003418804,7.53544973544974,8.1856071814093,7.82537046428571,111
"104",2010,9,7.852,20,8.295,7.1875,7.33333333333333,6.508,8.3,12,8,3,5,15,1807,1214,593,192,672,1135,7.95863581073603,8.32449752059309,7.20963730185498,7.53229166666667,8.17312498511905,7.83164310132159,112
"105",2010,10,8.02,25,8.21428571428571,7.77272727272727,7.16666666666667,8.5,7.83333333333333,14,11,3,7,18,1832,1228,604,195,679,1153,7.95947320414847,8.32324103420196,7.21989225165563,7.52666666666667,8.17649483063329,7.83166948829141,113
"106",2010,11,7.70615384615385,52,8.446,7.02111111111111,6.85714285714286,7.87888888888889,7.61470588235294,25,27,7,18,34,1884,1253,631,202,697,1187,7.95248137473461,8.32569033519554,7.21138656101426,7.50346534653465,8.16880916786227,7.8254548609941,114
"107",2010,12,7.83157894736842,38,7.98333333333333,7.57142857142857,8,7.9,7.8,24,14,5,12,26,1922,1277,645,207,709,1213,7.95009100416233,8.31925606108066,7.21920142635659,7.51545893719807,8.16425950634697,7.8249092497939,115
"108",2011,1,8,41,8.15,7.59090909090909,7,8.3125,7.92424242424242,30,11,3,8,33,1963,1307,656,210,717,1246,7.95113342333164,8.31537107115532,7.22543432926829,7.50809523809524,8.16591351464435,7.82754006420546,116
"109",2011,2,7.99107142857143,28,8.47222222222222,7.125,6.875,8.16666666666667,7.94318181818182,18,10,4,6,22,1991,1325,666,214,723,1268,7.95169508287293,8.31750187924529,7.22392630630631,7.49626168224299,8.1659197648686,7.82954646687697,117
"110",2011,3,7.52758620689655,29,8.7,6.43333333333333,5.83333333333333,7.875,7.3952380952381,14,15,3,8,21,2020,1339,681,217,731,1289,7.94560639108911,8.32150111277073,7.20651236417034,7.47327188940092,8.16273596443228,7.82247084561676,118
"111",2011,4,7.54,25,7.75,7.16666666666667,7,7.21428571428571,7.66666666666667,16,9,2,7,18,2045,1355,690,219,738,1307,7.94064787775061,8.31475276014761,7.20599263768116,7.4689497716895,8.15373982384824,7.82032511094108,119
"112",2011,5,7.65,24,8.00769230769231,7.22727272727273,8.16666666666667,7.84,7.6,13,11,6,5,19,2069,1368,701,225,743,1326,7.93727641855969,8.3118347880117,7.20632656205421,7.48755555555556,8.15162851951548,7.81716811463047,120
"113",2011,6,7.88571428571429,28,8.04444444444444,7.6,7.33333333333333,8.07142857142857,7.82380952380952,18,10,3,7,21,2097,1386,711,228,750,1347,7.93658793991416,8.30836218614719,7.21186345991561,7.48552631578947,8.15087998666667,7.81727165553081,121
"114",2011,7,7.8,26,8.38421052631579,6.21428571428571,5.8,7.9375,7.73888888888889,19,7,5,8,18,2123,1405,718,233,758,1365,7.93491517192652,8.30938789323844,7.20213777158774,7.44935622317597,8.14862795514512,7.81623803663003,122
"115",2011,8,8.01785714285714,28,8.33333333333333,7.07142857142857,8,8.35714285714286,7.90476190476191,21,7,1,7,21,2151,1426,725,234,765,1386,7.93599484425848,8.30974052594671,7.20087575172414,7.4517094017094,8.15053593464052,7.8175793073593,123
"116",2011,9,7.255,30,7.80357142857143,6.775,6.3,6.125,7.66590909090909,14,16,5,8,22,2181,1440,741,239,773,1408,7.926627652453,8.3048194375,7.19168005398111,7.42761506276151,8.12957307891333,7.81520946022727,124
"117",2011,10,7.51428571428571,35,8.36842105263158,6.5,5.875,7.08333333333333,7.73913043478261,19,16,4,12,23,2216,1459,757,243,785,1431,7.92011503158845,8.30564769705278,7.17706066050198,7.40205761316872,8.11357960509554,7.81398666666666,125
"118",2011,11,7.9875,50,8.375,7.23529411764706,8.08333333333333,8.39375,7.85921052631579,33,17,6,12,38,2266,1492,774,249,797,1469,7.92160190203001,8.30718162868633,7.17833968992248,7.41847389558233,8.11779797992472,7.8151565146358,126
"119",2011,12,7.52,25,7.65384615384615,7.375,7.125,7,7.56521739130435,13,12,4,2,23,2291,1505,786,253,799,1492,7.91721951549542,8.30153819933555,7.18134213740458,7.41383399209486,8.11499998748436,7.81130356568364,127
"120",2012,1,7.11463414634146,41,7.58333333333333,6.74782608695652,6.6,6.875,7.21379310344828,18,23,5,12,29,2332,1523,809,258,811,1521,7.90310888078902,8.29304989494419,7.16901720642769,7.39806201550388,8.09665226880395,7.79991119000657,128
"121",2012,2,8.19242424242424,33,8.63695652173913,7.17,6.625,8.45454545454546,8.06136363636364,23,10,4,11,22,2365,1546,819,262,822,1543,7.90714583932347,8.29816622897801,7.16902920634921,7.38625954198473,8.10144159367397,7.80363896305897,129
"122",2012,3,7.68888888888889,27,8.4,6.8,5.75,7.58333333333333,7.71904761904762,15,12,4,6,21,2392,1561,831,266,828,1564,7.90468223662207,8.29914477258168,7.16370026474128,7.36165413533835,8.09768718599034,7.80250314578005,130
"123",2012,4,7.83103448275862,29,7.97058823529412,7.63333333333333,8,7.33333333333333,7.96086956521739,17,12,2,6,23,2421,1578,843,268,834,1587,7.90380004543577,8.29560519011407,7.17038543297746,7.36641791044776,8.09218823741007,7.80479831127914,131
"124",2012,5,7.98,30,8.35909090909091,6.9375,2,7.88888888888889,8.01904761904762,22,8,1,9,21,2451,1600,851,269,843,1608,7.9047327254182,8.29647811875,7.16819614571093,7.34646840148699,8.09001778173191,7.80759634328358,132
"125",2012,6,7.90740740740741,27,7.8125,8.04545454545454,7.83333333333333,8.57142857142857,7.675,16,11,3,7,20,2478,1616,862,272,850,1628,7.90476186844229,8.29168625618812,7.17939085846868,7.35183823529412,8.09398234117647,7.80596739557739,133
"126",2012,7,7.755,20,8.19090909090909,7.22222222222222,8,8.51666666666667,7.42857142857143,11,9,1,6,14,2498,1627,871,273,856,1642,7.9035628142514,8.29100491087892,7.17983343283582,7.35421245421245,8.0969450817757,7.80274964677223,134
"127",2012,8,7.35227272727273,22,7.73076923076923,6.80555555555556,7.33333333333333,7.66666666666667,7.234375,13,9,3,6,16,2520,1640,880,276,862,1658,7.89874996428571,8.28656401829268,7.17600559090909,7.35398550724638,8.09395010440836,7.79726472858866,135
"128",2012,9,7.82037037037037,27,8.73,6.68333333333333,6.65,7.46875,7.96842105263158,15,12,8,8,19,2547,1655,892,284,870,1677,7.89791908519827,8.2905830755287,7.16937771300448,7.33415492957746,8.08820113793104,7.79920388789505,136
"129",2012,10,7.375,32,7.97222222222222,6.60714285714286,8,7.94444444444444,7.15217391304348,18,14,4,9,23,2579,1673,906,288,879,1700,7.89143075222955,8.28715779438135,7.16068975717439,7.34340277777778,8.08672922639363,7.79044995294117,137
"130",2012,11,7.428,25,8.8,6.51333333333333,7.11666666666667,8.7,7.375,10,15,6,1,24,2604,1683,921,294,880,1724,7.88698153225806,8.29020498514558,7.15014649294245,7.33877551020408,8.087426125,7.78466642691415,138
"131",2012,12,7.76081081081081,37,8.42916666666667,6.52692307692308,4.9,7.7,7.78333333333333,24,13,5,10,27,2641,1707,934,299,890,1751,7.88521390003786,8.29215875219684,7.1414720770878,7.29799331103679,8.08307302247191,7.78464587093089,139
"132",2013,1,7.68,25,7.5,7.875,8,7.5,7.76470588235294,13,12,4,8,17,2666,1720,946,303,898,1768,7.88328953863466,8.28617150581396,7.15077687103594,7.30726072607261,8.07787860801782,7.78445414027149,140
"133",2013,2,7.43529411764706,34,8.02941176470588,6.84117647058823,7.25,6.75,7.58214285714286,17,17,4,6,28,2700,1737,963,307,904,1796,7.87764811481482,8.28365860103627,7.14531144340602,7.30651465798045,8.06906525442479,7.78130006681514,141
"134",2013,3,7.9,32,8.425,7.375,7,8.82857142857143,7.64,16,16,1,7,25,2732,1753,979,308,911,1821,7.87790992313324,8.28494865373645,7.14906529111338,7.30551948051948,8.07490119648738,7.77936019769357,142
"135",2013,4,7.61578947368421,19,7.24615384615385,8.41666666666667,6,7.1,7.91666666666667,13,6,1,7,12,2751,1766,985,309,918,1833,7.87609956743003,8.27730180634202,7.15678672081218,7.30129449838187,8.0674673093682,7.78025909438079,143
"136",2013,5,8.3,19,8.5,7.86666666666667,8.4,8.5,8.20769230769231,13,6,2,6,13,2770,1779,991,311,924,1846,7.87900718772563,8.27892916807195,7.16108468213925,7.30836012861736,8.07027596320347,7.78326918743228,144
"137",2013,6,7.21428571428571,21,8.11111111111111,6.54166666666667,6,7.6,7.09375,9,12,1,5,16,2791,1788,1003,312,929,1862,7.87400570046578,8.27808444630873,7.15367389830508,7.30416666666667,8.06774487621099,7.77734421052631,145
"138",2013,7,7.28571428571429,21,8.09090909090909,6.4,7.75,7.5,7.26315789473684,11,10,4,2,19,2812,1799,1013,316,931,1881,7.86961234352774,8.2769399610895,7.14623387956565,7.30981012658228,8.06652523093449,7.77215040935672,146
"139",2013,8,7.18125,32,8,6.3625,7.33333333333333,7.28571428571429,7.152,16,16,3,7,25,2844,1815,1029,319,938,1906,7.86186705696203,8.27449861707989,7.13404754130224,7.31003134796238,8.0606982835821,7.7640162224554,147
"140",2013,9,7.47037037037037,27,8,6.7,7.25,7.5,7.46190476190476,16,11,4,6,21,2871,1831,1040,323,944,1927,7.85818526994079,8.27209993992354,7.12945665384615,7.30928792569659,8.05713452330509,7.76072388168137,148
"141",2013,10,7.35185185185185,27,8.30769230769231,6.46428571428571,5.4,7.45,7.29411764705882,13,14,5,10,17,2898,1844,1054,328,954,1944,7.85346787784679,8.27235086225597,7.12062136622391,7.28018292682927,8.0507704297694,7.75664347736625,149
"142",2013,11,7.671875,32,8.6,6.85294117647059,7.58333333333333,8.64285714285714,7.4,15,17,6,7,25,2930,1859,1071,334,961,1969,7.8514846109215,8.27499461538462,7.11637247432306,7.28562874251497,8.05508323621229,7.75211524631793,150
"143",2013,12,7.84583333333333,24,8.1125,7.3125,7.5,8.6,7.64736842105263,16,8,2,5,19,2954,1875,1079,336,966,1988,7.85143869668246,8.27360799466667,7.11782661723818,7.28690476190476,8.05790371635612,7.75111414486921,151
"144",2014,1,7.37903225806452,31,7.525,7.11363636363636,8.66666666666667,6.85,7.63095238095238,20,11,3,10,21,2985,1895,1090,339,976,2009,7.84653263316583,8.26570711873351,7.11778433027523,7.29911504424779,8.04552765368853,7.74985809855649,152
"145",2014,2,7.70323529411765,34,8.0605,7.19285714285714,7.35,8.305,7.4525,20,14,4,10,24,3019,1915,1104,343,986,2033,7.84491881748924,8.26356396344647,7.11873634057971,7.29970845481049,8.04815921906695,7.74634772257747,153
"146",2014,3,7.32592592592593,27,8.12777777777778,5.72222222222222,6.75,8.16666666666667,7.22083333333333,18,9,6,3,24,3046,1933,1113,349,989,2057,7.84031842087984,8.26229952922917,7.10744377358491,7.29025787965616,8.04851869565218,7.74021629557608,154
"147",2014,4,7.26666666666667,21,7.90666666666667,5.66666666666667,7,7.83333333333333,7.04,15,6,2,6,15,3067,1948,1119,351,995,2072,7.8363905803717,8.25956108316221,7.09971842716711,7.28860398860399,8.0472210954774,7.73514716216216,155
"148",2014,5,7.96739130434783,23,8.375,7.52272727272727,6.8,8.08333333333333,7.92647058823529,12,11,5,6,17,3090,1960,1130,356,1001,2089,7.83736566666667,8.26026785204081,7.10383621238938,7.28174157303371,8.04743755244756,7.73670412637625,156
"149",2014,6,6.64,15,8,5.45,6.36666666666667,7.5,6.50769230769231,7,8,3,2,13,3105,1967,1138,359,1003,2102,7.83158129146538,8.25934163192679,7.09220994727592,7.27409470752089,8.04634595214358,7.72910319695528,157
"150",2014,7,7.83333333333333,18,8.25,4.5,NA,7.83333333333333,7.83333333333333,16,2,0,3,15,3123,1983,1140,359,1006,2117,7.8315913896894,8.25926625819465,7.08766221052632,7.27409470752089,8.04571072564613,7.72984171941426,158
"151",2014,8,7.82705882352941,17,8.2,7.29428571428571,8,7.33333333333333,7.93285714285714,10,7,1,3,14,3140,1993,1147,360,1009,2131,7.83156685031847,8.25896888610135,7.08892320836966,7.27611111111111,8.04359265609515,7.73117546691694,159
"152",2014,9,7.91111111111111,27,8.14,7.625,8.25,9,7.824,15,12,2,2,25,3167,2008,1159,362,1011,2156,7.83224499842122,8.25808017430279,7.09447361518551,7.28149171270718,8.04548465875372,7.73225181818182,160
"153",2014,10,7.48260869565217,23,7.85384615384615,7,6.625,6.66666666666667,7.605,13,10,4,3,20,3190,2021,1169,366,1014,2176,7.82972410971787,8.25547995546759,7.09366545765612,7.27431693989071,8.04140531558186,7.7310822242647,161
"154",2014,11,7.044,25,7.875,6.27692307692308,6.06666666666667,6.44285714285714,7.27777777777778,12,13,9,7,18,3215,2033,1182,375,1021,2194,7.82361427993779,8.25323413182489,7.08468267343486,7.24533333333333,8.0304456317336,7.72736322698268,162
"155",2014,12,7.8375,24,8.09166666666667,7.58333333333333,6.6,6.75,8.055,12,12,5,4,20,3239,2045,1194,380,1025,2214,7.82371716887928,8.2522860586797,7.08969423785595,7.23684210526316,8.02544877073171,7.73032290876242,163
"156",2015,1,7.7,29,8.7375,6.42307692307692,6.66666666666667,7.6625,7.71428571428571,16,13,3,8,21,3268,2061,1207,383,1033,2235,7.82261931150551,8.25605288209607,7.08251443247722,7.23237597911227,8.02263793804454,7.73017222371364,164
"157",2015,2,7.4,20,8.22222222222222,6.72727272727273,7.33333333333333,8.66666666666667,7.17647058823529,9,11,6,3,17,3288,2070,1218,389,1036,2252,7.82004863442822,8.25590579227053,7.07930617405583,7.23393316195373,8.02450288610039,7.72599241563055,165
"158",2015,3,7.38636363636364,22,8.58333333333333,5.95,5.5,NA,7.38636363636364,12,10,1,0,22,3310,2082,1228,390,1036,2274,7.81716613595166,8.25779298270893,7.07010986970684,7.22948717948718,8.02450288610039,7.72270664907651,166
"159",2015,4,7.67115384615385,26,8.075,7.325,7.575,8.5,7.47380952380952,12,14,4,5,21,3336,2094,1242,394,1041,2295,7.81602815047961,8.25674545845272,7.0729830273752,7.23299492385787,8.02678673390971,7.72042915904139,167
"160",2015,5,7.875,16,8.28571428571429,7.55555555555556,8,9,7.71428571428571,7,9,1,2,14,3352,2101,1251,395,1043,2309,7.81630963902148,8.25684197524988,7.07645477218226,7.23493670886076,8.02865291466923,7.72039190991771,168
"161",2015,6,7.67428571428571,14,7.41111111111111,8.148,8.125,8.05,7.524,9,5,4,4,10,3366,2110,1256,399,1047,2319,7.8157189275104,8.25323459241706,7.08072047770701,7.24385964912281,8.02873446991405,7.71954502802932,169
"162",2015,7,8.03947368421053,19,8.15384615384615,7.79166666666667,8,9.5,7.86764705882353,13,6,2,2,17,3385,2123,1262,401,1049,2336,7.81697486262924,8.25262599623174,7.08410057052298,7.24763092269327,8.03153955195425,7.72062282534246,170
"163",2015,8,7.75,22,7.87777777777778,7.66153846153846,7.375,7.85714285714286,7.7,9,13,4,7,15,3407,2132,1275,405,1056,2351,7.81654238626357,8.2510436163227,7.08998817254902,7.24888888888889,8.03038351325758,7.72049124627818,171
"164",2015,9,8.25,20,8.90909090909091,7.44444444444444,7,9.16666666666667,8.08823529411765,11,9,1,3,17,3427,2143,1284,406,1059,2368,7.81907204843886,8.25442136724218,7.09247267912773,7.24827586206897,8.0336024457035,7.72313130067567,172
"165",2015,10,7.79,25,8.42307692307692,7.10416666666667,8.375,7.8,7.7875,13,12,2,5,20,3452,2156,1296,408,1064,2388,7.81886150347624,8.25543830705009,7.09258095679012,7.25379901960784,8.03250468984963,7.72367040201005,173
"166",2015,11,7.96428571428571,21,8.21153846153846,7.5625,8.5,8,7.94642857142857,13,8,2,7,14,3473,2169,1304,410,1071,2402,7.8197408321336,8.25517519133241,7.09546389570552,7.25987804878049,8.03229224089636,7.7249687427144,174
"167",2015,12,7.92,25,8,7.81818181818182,8,8.5,7.84090909090909,14,11,3,3,22,3498,2183,1315,413,1074,2424,7.820457378502,8.25353870361887,7.10150944486692,7.26525423728813,8.03359868715084,7.72602100660066,175
"168",2016,1,7.67333333333333,30,8.38888888888889,6.6,6.8,7.375,7.78181818181818,18,12,5,8,22,3528,2201,1327,418,1082,2446,7.81920632369614,8.25464561108587,7.09697431801055,7.25968899521531,8.02872919593346,7.72652286181521,176
"169",2016,2,7.47727272727273,22,8.42857142857143,5.8125,6.75,7.75,7.41666666666667,14,8,4,4,18,3550,2215,1335,422,1086,2464,7.81708729859155,8.25574491647855,7.08927709363296,7.25485781990521,8.02770256906078,7.72425930194805,177
"170",2016,3,7.495,20,8.69545454545455,6.02777777777778,6.33333333333333,7.2,7.59333333333333,11,9,3,5,15,3570,2226,1344,425,1091,2479,7.81528288795518,8.25791778526505,7.08216883928572,7.24835294117647,8.02390924839597,7.72346709156918,178
"171",2016,4,7.97619047619048,21,8.73076923076923,6.75,7.16666666666667,8.7,7.75,13,8,3,5,16,3591,2239,1352,428,1096,2495,7.81622386800334,8.2606632380527,7.08020334319527,7.24778037383177,8.0269936040146,7.72363724248497,179
"172",2016,5,8.16176470588235,17,8.21153846153846,8,8,8.54166666666667,7.95454545454545,13,4,2,6,11,3608,2252,1356,430,1102,2506,7.81785197062084,8.2603796580817,7.08291660766962,7.25127906976744,8.02979581669692,7.72465080606544,180
"173",2016,6,7.91363636363636,22,8.29166666666667,7.46,7.5,7.66666666666667,7.95263157894737,12,10,2,3,19,3630,2264,1366,432,1105,2525,7.81843248209366,8.26054549028268,7.08567710102489,7.25243055555555,8.02880994570136,7.72636630495049,181
"174",2016,7,7.62941176470588,17,7.91111111111111,7.3125,5.75,6.875,7.86153846153846,9,8,2,4,13,3647,2273,1374,434,1109,2538,7.81755138744173,8.25916189617246,7.08699775836972,7.2455069124424,8.02464832281335,7.72705867612293,182
"175",2016,8,7.74827586206897,29,8.55,6.76153846153846,7,6,8.1125,16,13,3,5,24,3676,2289,1387,437,1114,2562,7.81700487214363,8.26119484054172,7.08394731074261,7.24382151029748,8.01556103231598,7.7306693676815,183
"176",2016,9,7.8,20,8.57142857142857,6,7,7,7.88888888888889,14,6,1,2,18,3696,2303,1393,438,1116,2580,7.81691285443723,8.26308075987842,7.07927847810481,7.24326484018265,8.01374103046595,7.7317732248062,184
"177",2016,10,7.31363636363636,22,7.98181818181818,6.64545454545455,6.7,7.72,7.19411764705882,11,11,8,5,17,3718,2314,1404,446,1121,2597,7.81393488703604,8.26174372947277,7.07587957264957,7.2335201793722,8.01243085637824,7.72825372352715,185
"178",2016,11,8.225,18,8.35769230769231,7.88,8.7,8.69,8.04615384615385,13,5,1,5,13,3736,2327,1409,447,1126,2610,7.81591539346895,8.26227975504942,7.07873308729596,7.23680089485458,8.01543960035525,7.72983713409961,186
"179",2016,12,7.95652173913043,23,8.73076923076923,6.95,7.125,7.83333333333333,8,13,10,4,6,17,3759,2340,1419,451,1132,2627,7.81677571428571,8.26488247435897,7.07782587737844,7.23580931263858,8.01447437279153,7.73158542824514,187
"180",2017,1,7.34166666666667,24,7.98333333333333,6.7,7.33333333333333,6.13333333333333,7.51428571428571,12,12,3,3,21,3783,2352,1431,454,1135,2648,7.81376154110494,8.26344599914966,7.07465752620545,7.23645374449339,8.00950219383261,7.72986212990936,188
"181",2017,2,7.51086956521739,23,8.02272727272727,7.04166666666667,6.5,7.57142857142857,7.484375,11,12,1,7,16,3806,2363,1443,455,1142,2664,7.81193113767735,8.26232542953872,7.07438317394317,7.23483516483516,8.00681697898425,7.72838773273273,189
"182",2017,3,8.43894444444445,18,8.80721428571429,7.15,7.6,10,8.12673333333333,14,4,1,3,15,3824,2377,1447,456,1145,2679,7.81488256014644,8.26553470340765,7.07459220456116,7.23563596491228,8.01203929257642,7.73061811123553,190
"183",2017,4,7.800625,32,8.10277777777778,7.41214285714286,7.16666666666667,6.85714285714286,8.0648,18,14,6,7,25,3856,2395,1461,462,1152,2704,7.81476424014523,8.26431147807933,7.0778267761807,7.23474025974026,8.00502169270834,7.73370781065089,191
"184",2017,5,8.03333333333333,30,8.69444444444444,7.04166666666667,7,9.3,7.78,18,12,1,5,25,3886,2413,1473,463,1157,2729,7.81645159804426,8.26752009531703,7.0775321928038,7.23423326133909,8.01061796888505,7.73413188713814,192
"185",2017,6,8.43333333333333,12,8.15,9,NA,7.9,8.61111111111111,8,4,0,3,9,3898,2421,1477,463,1160,2738,7.81835066957414,8.26713175960347,7.08273860528098,7.23423326133909,8.01033188793104,7.73701457998539,193
"186",2017,7,7.13333333333333,18,7.72727272727273,6.2,6.5,7.25,7.1,11,7,2,4,14,3916,2432,1484,465,1164,2752,7.81520196884576,8.26468996299342,7.07857474393531,7.2310752688172,8.00771906357389,7.73377395348837,194
"187",2017,8,8.09444444444444,18,8.19285714285714,7.75,NA,8.74,7.84615384615385,14,4,0,5,13,3934,2446,1488,465,1169,2765,7.81647964158617,8.26427881847915,7.08037965053764,7.2310752688172,8.01085114627888,7.73430232188065,195
"188",2017,9,7.52777777777778,18,7.85,7.125,7.125,8,7.5,10,8,4,1,17,3952,2456,1496,469,1170,2782,7.81516470394737,8.26259201547231,7.08061826203209,7.23017057569296,8.01084187179488,7.73287056793674,196
"189",2017,10,8.1,15,8.15384615384615,7.75,6.5,5.25,8.53846153846154,13,2,1,2,13,3967,2469,1498,470,1172,2795,7.81624172170406,8.26201943701903,7.08151196261682,7.22861702127659,8.00613053754267,7.73661750268336,197
"190",2017,11,7.64705882352941,17,7.5,7.67857142857143,7.25,7.25,7.76923076923077,3,14,6,4,13,3984,2472,1512,476,1176,2808,7.81551980672691,8.26109465614886,7.08704029100529,7.22888655462185,8.00355866496599,7.73676849002849,198
"191",2017,12,7.91176470588235,17,7.71428571428571,8.05,8.125,7.5,7.9375,7,10,4,1,16,4001,2479,1522,480,1177,2824,7.81592874531367,8.25955062121823,7.09336722733246,7.23635416666667,8.00313083262532,7.73790577903683,199
"192",2018,1,7.825,22,7.85714285714286,7.81,8.35,8.05,7.775,7,15,4,4,18,4023,2486,1537,484,1181,2842,7.81597835197614,8.25841753419147,7.10036104098894,7.24555785123967,8.00328957662998,7.73814071780436,200
"193",2018,2,7.625,12,8.14285714285714,6.9,6.5,7.33333333333333,7.72222222222222,7,5,1,3,9,4035,2493,1542,485,1184,2851,7.8154103866171,8.25809305655836,7.0997113618677,7.2440206185567,8.00159205236487,7.73809046650298,201
"194",2018,3,8.0476,25,8.43266666666667,7.47,7.66666666666667,7.26666666666667,8.15409090909091,15,10,3,3,22,4060,2508,1552,488,1187,2873,7.81684012561576,8.25913715709729,7.10209724226804,7.24661885245902,7.99973461668071,7.74127599025409,202
"195",2018,4,7.56875,16,8.25,6.8875,7,8,7.46923076923077,8,8,2,3,13,4076,2516,1560,490,1190,2886,7.81586626840039,8.25910810413354,7.10099674358974,7.24561224489796,7.99973528571429,7.74005056133056,203
"196",2018,5,7.80347826086957,23,7.65384615384615,7.998,7.495,6.3325,8.11315789473684,13,10,4,4,19,4099,2529,1570,494,1194,2905,7.81579675774579,8.25599683274021,7.10671014012739,7.24763157894737,7.9941499078727,7.74249085025817,204
"197",2018,6,7.42105263157895,19,7.89,6.9,8,7,7.5,10,9,2,3,16,4118,2539,1579,496,1197,2921,7.81397545167557,8.25455533280819,7.10553193160228,7.25066532258064,7.99165830409357,7.74116258815474,205
"198",2018,7,8.03571428571429,14,8.27777777777778,7.6,7.66666666666667,7.83333333333333,8.09090909090909,9,5,3,3,11,4132,2548,1584,499,1200,2932,7.81472674491771,8.25463735871272,7.10709275252525,7.25316633266533,7.99126249166667,7.74247473396998,206
"199",2018,8,7.23076923076923,13,7.75,6.4,NA,6.5,7.36363636363636,8,5,0,2,11,4145,2556,1589,499,1202,2943,7.81289527382388,8.25305789906103,7.10486779106356,7.25316633266533,7.98878118968387,7.74105875637105,207
"200",2018,9,7.5,15,7.625,7,NA,6.5,7.86363636363636,12,3,0,4,11,4160,2568,1592,499,1206,2954,7.81176704567308,8.25012304906542,7.1046701758794,7.25316633266533,7.98384327529022,7.74151520649966,208
"201",2018,10,8.09666666666667,15,8.8,7.84090909090909,8.375,8,8.10357142857143,4,11,6,1,14,4175,2572,1603,505,1207,2968,7.81279063712575,8.25097822317263,7.109722345602,7.26649504950495,7.98385666114334,7.74322301886792,209
"202",2018,11,7.9625,16,8.28,7.81818181818182,8,8.38333333333333,7.71,5,11,5,6,10,4191,2577,1614,510,1213,2978,7.81336218324982,8.25103453240202,7.114550755886,7.2736862745098,7.98583263808739,7.74311145735393,210
"203",2018,12,7.30952380952381,21,7.38888888888889,7.25,8.33333333333333,6.85714285714286,7.53571428571429,9,12,3,7,14,4212,2586,1626,513,1220,2992,7.810850168566,8.24803402552204,7.11555038130381,7.27988304093567,7.97935654918033,7.74214101604278,211
"204",2019,1,8.009375,32,8.19,7.70833333333333,8.25,8.1875,7.95,20,12,4,8,24,4244,2606,1638,517,1228,3016,7.81234705702168,8.24758863775902,7.11989311355311,7.28738878143133,7.9807125325733,7.743795066313,212
"205",2019,2,8.22857142857143,14,8.45,8.0625,6.5,7.66666666666667,8.38181818181818,6,8,2,3,11,4258,2612,1646,519,1231,3027,7.81371557303899,8.2480535949464,7.12447443499393,7.28435452793834,7.97994718927702,7.74611361744301,213
"206",2019,3,7.57647058823529,17,7.94444444444444,7.1625,6.6,6.75,7.68666666666667,9,8,5,2,15,4275,2621,1654,524,1233,3042,7.81277214269006,8.24701106066387,7.12465835550181,7.27782442748092,7.97795214111923,7.74582048652202,214
"207",2019,4,7.69230769230769,13,8.66666666666667,6.85714285714286,6.33333333333333,8,7.6,6,7,3,3,10,4288,2627,1661,527,1236,3052,7.81240692863806,8.24796954320518,7.12353095725467,7.27244781783681,7.97800565533981,7.74534269986894,215
"208",2019,5,7.72727272727273,11,8.14285714285714,7,7.5,7.66666666666667,7.75,7,4,2,3,8,4299,2634,1665,529,1239,3060,7.81218909281228,8.24769020121488,7.12323418618619,7.27330812854442,7.97725180790961,7.74535487581699,216
"209",2019,6,7.67,11,7.58333333333333,7.774,NA,7.75,7.662,6,5,0,1,10,4310,2640,1670,529,1240,3070,7.81182619721578,8.24618029924243,7.12518258682635,7.27330812854442,7.97706854032259,7.74508336156352,217
"210",2019,7,7.58466666666667,15,8.08555555555555,6.83333333333333,7.5,8.0675,7.40909090909091,9,6,4,4,11,4325,2649,1676,533,1244,3081,7.81103836069364,8.24563457531144,7.1241377804296,7.27500938086304,7.97735931672026,7.74388377799416,218
"211",2019,8,7.88636363636364,22,8.30555555555556,6,8,9,7.63888888888889,18,4,1,4,18,4347,2667,1680,534,1248,3099,7.81141957902001,8.24603899137608,7.12146126190476,7.2763670411985,7.98063701121795,7.74327393352694,219
"212",2019,9,7.79166666666667,12,8.27777777777778,6.33333333333333,6,8,7.77272727272727,9,3,1,1,11,4359,2676,1683,535,1249,3110,7.81136520073411,8.24614573617339,7.12005639928699,7.27398130841121,7.98065251401121,7.74337810932476,220
"213",2019,10,7.33333333333333,6,7.5,7,7,6,7.6,4,2,2,1,5,4365,2680,1685,537,1250,3115,7.81070811225659,8.2450320858209,7.11991389910979,7.27296089385475,7.97906799200001,7.74314796789727,221
"214",2019,11,7.59363636363636,11,8.33285714285714,6.3,7.1,6.77666666666667,7.9,7,4,2,3,8,4376,2687,1689,539,1253,3123,7.81016245658135,8.24526088202457,7.11797212551806,7.27231910946197,7.97618913806864,7.7435497662504,222
"215",2019,12,7.29090909090909,22,7.64,7,6.625,6.05,7.75625,10,12,4,6,16,4398,2697,1701,543,1259,3139,7.80756500909504,8.24301668149796,7.11713987066432,7.26755064456722,7.9670095234313,7.74361450143358,223
"216",2020,1,7.61904761904762,21,8.54166666666667,6.38888888888889,4.5,7.66666666666667,7.61111111111111,12,9,2,3,18,4419,2709,1710,545,1262,3157,7.80666913555103,8.24433960502031,7.11330697076024,7.25739449541284,7.96629555467512,7.74285901805511,224
"217",2020,2,7.73333333333333,12,7.6875,7.825,7,7,7.8,8,4,1,1,11,4431,2717,1714,546,1263,3168,7.8064705280975,8.24270003312478,7.11496786464411,7.25692307692308,7.96553047505939,7.74305742424242,225
"218",2020,3,8.03529411764706,17,8.44444444444444,7.575,6.66666666666667,8.16666666666667,7.96363636363636,9,8,3,6,11,4448,2726,1722,549,1269,3179,7.80734507868705,8.24336610051358,7.11710506387921,7.25369763205829,7.96648147360127,7.74382067316766,226
"219",2020,4,7.15522321428571,28,7.33213235294118,6.88181818181818,8,6.7,7.2541847826087,17,11,3,5,23,4476,2743,1733,552,1274,3202,7.80326567470956,8.23771864382064,7.11561160992499,7.2577536231884,7.9615109811617,7.74030361336664,227
"220",2020,5,8.32222222222222,18,8.90909090909091,7.4,5.5,8.5,8.27142857142857,11,7,2,4,14,4494,2754,1740,554,1278,3216,7.80534427236315,8.24040023238926,7.11675570114943,7.25140794223827,7.96319639280126,7.74261572450248,228
"221",2020,6,7.77647058823529,17,7.98,7.48571428571429,7.46666666666667,7.33333333333333,7.87142857142857,10,7,3,3,14,4511,2764,1747,557,1281,3230,7.8052354599867,8.2394581186686,7.118234069834,7.25256732495512,7.96172130366901,7.74317404643963,229
"222",2020,7,7.57588235294118,17,7.85,7.33222222222222,7.5,8.6,7.35642857142857,8,9,3,3,14,4528,2772,1756,560,1284,3244,7.80437437279152,8.23833414141414,7.11933082004556,7.25389285714286,7.96321260903427,7.74150498458693,230
"223",2020,8,7.83333333333333,12,8.3,7.5,7,7.66666666666667,7.88888888888889,5,7,2,3,9,4540,2777,1763,562,1287,3253,7.80445091629956,8.2384451710479,7.1208422688599,7.25298932384342,7.96252135975136,7.7419127482324,231
"224",2020,9,7.5,13,8,7.1875,8.5,7,7.54166666666667,5,8,1,1,12,4553,2782,1771,563,1288,3265,7.80358162969471,8.23801662113588,7.12114337662338,7.25520426287744,7.96177406055901,7.74117677488514,232
"225",2020,10,8,15,7.8,8.4,8.5,8.75,7.88461538461539,10,5,1,2,13,4568,2792,1776,564,1290,3278,7.80422661120841,8.23644779369628,7.12474376126126,7.25741134751773,7.96299611627907,7.74174562843197,233
"226",2020,11,7.46538461538462,13,8.21,7,7.125,8.8875,6.83333333333333,5,8,4,4,9,4581,2797,1784,568,1294,3287,7.80326504256713,8.23640051483733,7.12418437219731,7.25647887323944,7.96585393353942,7.73925834195315,234
"227",2020,12,7.81176470588235,17,8.1,7.4,6.35,8.35,7.74,10,7,2,2,15,4598,2807,1791,570,1296,3302,7.80329646802958,8.23591458496616,7.12526237855946,7.25329824561403,7.96644675154321,7.73926171108419,235
"228",2021,1,7.375,28,7.52941176470588,7.13636363636364,5,7.5,7.36,17,11,2,3,25,4626,2824,1802,572,1299,3327,7.80070409857328,8.23166155807366,7.12533014428413,7.24541958041958,7.96536950731332,7.73641183348362,236
"229",2021,2,7.69166666666667,12,7.9125,7.25,8.5,7.5,7.73,8,4,2,2,10,4638,2832,1806,574,1301,3337,7.80042198361363,8.23075997175141,7.12560626799557,7.24979094076655,7.96465410453498,7.73639261911897,237
"230",2021,3,8.57142857142857,7,8.7,8.25,NA,NA,8.57142857142857,5,2,0,0,7,4645,2837,1808,574,1301,3344,7.80158388805167,8.23158697215369,7.12685006637168,7.24979094076655,7.96465410453498,7.73814060107655,238
"231",2021,4,7.25652173913043,23,7.87647058823529,5.5,6,7.66666666666667,7.195,17,6,2,3,20,4668,2854,1814,576,1304,3364,7.79889827763497,8.22947170287316,7.12146908489526,7.24545138888889,7.9639685506135,7.73491146551724,239
"232",2021,5,8.16111111111111,18,8.49090909090909,7.64285714285714,6,8.875,7.95714285714286,11,7,1,4,14,4686,2865,1821,577,1308,3378,7.80028962014512,8.2304754764398,7.12347332235036,7.24329289428076,7.96675457951071,7.7358324955595,240
"233",2021,6,6.28571428571429,7,9,5.2,4.5,NA,6.28571428571429,2,5,2,0,7,4693,2867,1826,579,1308,3385,7.79803050500746,8.23101229159401,7.11820641840088,7.23381692573402,7.96675457951071,7.7328337282127,241
"234",2021,7,7.84285714285714,7,8.66666666666667,7.225,7.5,8.45,7.6,3,4,2,2,5,4700,2870,1830,581,1310,3390,7.79809726808511,8.23146767944252,7.11843984699454,7.23473321858864,7.96749235877863,7.73263780825959,242
"235",2021,8,8.1,6,8.6,7.6,7.8,8.9,7.7,3,3,1,2,4,4706,2873,1833,582,1312,3394,7.79848218444539,8.23185250261052,7.11922799781779,7.23570446735395,7.96891386432927,7.73259934295816,243
"236",2021,9,7.38333333333333,6,7.625,6.9,NA,6,7.66,4,2,0,1,5,4712,2877,1835,582,1313,3399,7.79795355687606,8.23100877302746,7.11898905722071,7.23570446735395,7.96741431073877,7.73249254780818,244
"237",2021,10,8.27692307692308,13,8.66666666666667,7.94285714285714,NA,9.5,8.05454545454545,6,7,0,2,11,4725,2883,1842,582,1315,3410,7.79927135661376,8.23191544918488,7.12211993485342,7.23570446735395,7.96974523954373,7.73353142815249,245
"238",2021,11,7.99166666666667,12,9.03333333333333,6.95,5.5,9,7.79,6,6,2,2,10,4737,2889,1848,584,1317,3420,7.79975874181972,8.2335798684666,7.1215611038961,7.2297602739726,7.9713097873956,7.73369654093567,246
"239",2021,12,7.3125,16,8.07142857142857,6.72222222222222,6.33333333333333,5,7.46666666666667,7,9,3,1,15,4753,2896,1857,587,1318,3435,7.79811848516727,8.2331879281768,7.11962569736134,7.22517887563884,7.96905537936267,7.73253047161572,247
"240",2022,1,8.02857142857143,28,8.38125,7.55833333333333,6.33333333333333,8.66666666666667,7.952,16,12,3,3,25,4781,2912,1869,590,1321,3460,7.79946813637315,8.23400145604396,7.12244243980738,7.22064406779661,7.97063965934898,7.73411623410404,248
"241",2022,2,7.78,10,7.9,7.5,7,7,7.975,7,3,1,2,8,4791,2919,1872,591,1323,3468,7.79942750156544,8.23320049331964,7.1230475,7.22027072758037,7.96917232804233,7.73467190599769,249
"242",2022,3,7.77777777777778,9,7.375,8.1,6,7.5,7.85714285714286,4,5,2,2,7,4800,2923,1877,593,1325,3475,7.79938690833334,8.23202608279166,7.12564993074054,7.21615514333895,7.96846414339623,7.73491861007194,250
"243",2022,4,8.34615384615385,13,8.5,8.21428571428571,7.75,6.5,8.68181818181818,6,7,2,2,11,4813,2929,1884,595,1327,3486,7.80086373571578,8.23257502219188,7.12969475583864,7.21794957983193,7.96625093443859,7.73790653184165,251
"244",2022,5,7.34210526315789,19,8.09090909090909,6.3125,NA,8.8,6.82142857142857,11,8,0,5,14,4832,2940,1892,595,1332,3500,7.79905984271524,8.23204497959184,7.12623938689218,7.21794957983193,7.96938062312313,7.73424062,252
"245",2022,6,7.92857142857143,7,8,7.9,NA,NA,7.92857142857143,2,5,0,0,7,4839,2942,1897,595,1332,3507,7.79924719156851,8.23188723317472,7.12827881918819,7.21794957983193,7.96938062312313,7.73462850584545,253
"246",2022,7,8.00909090909091,11,7.95,8.16666666666667,NA,7.66666666666667,8.1375,8,3,0,3,8,4850,2950,1900,595,1335,3515,7.7997231257732,8.23112279322034,7.12991837894737,7.21794957983193,7.9687003670412,7.73554542532005,254
"247",2022,8,6.68636363636364,11,7,6.50714285714286,NA,6,6.755,4,7,0,1,10,4861,2954,1907,595,1336,3525,7.79720369471303,8.22945573459716,7.12763236497116,7.21794957983193,7.96722678892216,7.73276373617021,255
"248",2022,9,7.52941176470588,17,7.85714285714286,7.3,6.66666666666667,7,7.69230769230769,7,10,3,4,13,4878,2961,1917,598,1340,3538,7.79627043050431,8.22857556231003,7.12853151799687,7.21518394648829,7.96433954477612,7.73261508479367,256
"249",2022,10,7.77272727272727,11,7.84285714285714,7.65,7,7,7.85,7,4,1,1,10,4889,2968,1921,599,1341,3548,7.7962174596032,8.22766584905661,7.12961734513274,7.21482470784641,7.96362042505593,7.73294593291995,257
"250",2022,11,7.28823529411765,17,7.42727272727273,7.03333333333333,7.73333333333333,7,7.37692307692308,11,6,3,4,13,4906,2979,1927,602,1345,3561,7.79445722788423,8.22471038603559,7.12931755059678,7.21740863787375,7.96075463940521,7.73164621454647,258
"251",2022,12,7.45454545454545,11,7.42857142857143,7.5,7,NA,7.45454545454545,7,4,1,0,11,4917,2986,1931,603,1345,3572,7.7936967988611,8.22284401875419,7.13008540652512,7.21704809286899,7.96075463940521,7.73079288073908,259
