"","year","month","avg_rating","no_ratings","avg_rating_owned","avg_rating_not_owned","avg_rating_prev_owned","avg_rating_comment","avg_rating_no_comment","no_ratings_owned","no_ratings_not_owned","no_ratings_prev_owned","no_ratings_comment","no_ratings_no_comment","cum_no_ratings","cum_no_ratings_owned","cum_no_ratings_not_owned","cum_no_ratings_prev_owned","cum_no_ratings_comment","cum_no_ratings_no_comment","cum_avg_rating","cum_avg_rating_owned","cum_avg_rating_not_owned","cum_avg_rating_prev_owned","cum_avg_rating_comment","cum_avg_rating_no_comment","month_after_release"
"1",2001,10,6,2,6,NA,NA,5,7,2,0,0,1,1,2,2,0,0,1,1,6,6,NA,NA,5,7,5
"2",2001,11,9,1,9,NA,NA,NA,9,1,0,0,0,1,3,3,0,0,1,2,7,7,NA,NA,5,8,6
"3",2001,12,6.5,2,7,6,NA,6,7,1,1,0,1,1,5,4,1,0,2,3,6.8,7,6,NA,5.5,7.66666666666667,7
"4",2002,1,4,3,3.5,5,NA,NA,4,2,1,0,0,3,8,6,2,0,2,6,5.75,5.83333333333333,5.5,NA,5.5,5.83333333333333,8
"5",2002,2,6,1,6,NA,NA,6,NA,1,0,0,1,0,9,7,2,0,3,6,5.77777777777778,5.85714285714286,5.5,NA,5.66666666666667,5.83333333333333,9
"6",2002,3,3,1,3,NA,NA,NA,3,1,0,0,0,1,10,8,2,0,3,7,5.5,5.5,5.5,NA,5.66666666666667,5.42857142857143,10
"7",2002,4,7.5,2,7.5,NA,NA,NA,7.5,2,0,0,0,2,12,10,2,0,3,9,5.83333333333333,5.9,5.5,NA,5.66666666666667,5.88888888888889,11
"8",2002,5,6,1,6,NA,NA,NA,6,1,0,0,0,1,13,11,2,0,3,10,5.84615384615385,5.90909090909091,5.5,NA,5.66666666666667,5.9,12
"9",2002,6,3,1,3,NA,NA,3,NA,1,0,0,1,0,14,12,2,0,4,10,5.64285714285714,5.66666666666667,5.5,NA,5,5.9,13
"10",2002,7,6.5,3,7.25,5,NA,5,7.25,2,1,0,1,2,17,14,3,0,5,12,5.79411764705882,5.89285714285714,5.33333333333333,NA,5,6.125,14
"11",2002,8,5.75,4,5.75,NA,NA,NA,5.75,4,0,0,0,4,21,18,3,0,5,16,5.78571428571429,5.86111111111111,5.33333333333333,NA,5,6.03125,15
"12",2002,9,6.1,5,8.33333333333333,2.75,NA,NA,6.1,3,2,0,0,5,26,21,5,0,5,21,5.84615384615385,6.21428571428571,4.3,NA,5,6.04761904761905,16
"13",2002,10,6,1,6,NA,NA,6,NA,1,0,0,1,0,27,22,5,0,6,21,5.85185185185185,6.20454545454545,4.3,NA,5.16666666666667,6.04761904761905,17
"14",2002,11,4.83333333333333,6,5,4.5,4,5.5,4.5,4,2,1,2,4,33,26,7,1,8,25,5.66666666666667,6.01923076923077,4.35714285714286,4,5.25,5.8,18
"15",2002,12,5.66666666666667,6,5.66666666666667,NA,NA,NA,5.66666666666667,6,0,0,0,6,39,32,7,1,8,31,5.66666666666667,5.953125,4.35714285714286,4,5.25,5.7741935483871,19
"16",2003,1,5.92857142857143,7,6.5,4.5,NA,5.875,6,5,2,0,4,3,46,37,9,1,12,34,5.70652173913043,6.02702702702703,4.38888888888889,4,5.45833333333333,5.79411764705882,20
"17",2003,2,6.25,4,6.33333333333333,6,NA,7,5.5,3,1,0,2,2,50,40,10,1,14,36,5.75,6.05,4.55,4,5.67857142857143,5.77777777777778,21
"18",2003,3,6.4,5,6.33333333333333,6.5,NA,NA,6.4,3,2,0,0,5,55,43,12,1,14,41,5.80909090909091,6.06976744186047,4.875,4,5.67857142857143,5.85365853658537,22
"19",2003,4,5.75,4,5.33333333333333,7,NA,3,6.66666666666667,3,1,0,1,3,59,46,13,1,15,44,5.80508474576271,6.02173913043478,5.03846153846154,4,5.5,5.90909090909091,23
"20",2003,5,6.33333333333333,6,6.2,7,NA,7.5,5.75,5,1,0,2,4,65,51,14,1,17,48,5.85384615384615,6.03921568627451,5.17857142857143,4,5.73529411764706,5.89583333333333,24
"21",2003,6,6.29166666666667,12,7.21428571428571,5,6,5.57142857142857,7.3,7,5,1,7,5,77,58,19,2,24,53,5.92207792207792,6.18103448275862,5.13157894736842,5,5.6875,6.02830188679245,25
"22",2003,7,5.98846153846154,26,6.33571428571429,5.58333333333333,5,6.83333333333333,5.735,14,12,1,6,20,103,72,31,3,30,73,5.93883495145631,6.21111111111111,5.30645161290323,5,5.91666666666667,5.94794520547945,26
"23",2003,8,6.66666666666667,9,7,5.5,NA,8,6.28571428571429,7,2,0,2,7,112,79,33,3,32,80,5.99732142857143,6.28101265822785,5.31818181818182,5,6.046875,5.9775,27
"24",2003,9,6.41666666666667,6,6.5,6.25,7,6.75,6.25,4,2,1,2,4,118,83,35,4,34,84,6.01864406779661,6.29156626506024,5.37142857142857,5.5,6.08823529411765,5.99047619047619,28
"25",2003,10,5.57142857142857,7,6.6,3,3,3,6,5,2,1,1,6,125,88,37,5,35,90,5.9936,6.30909090909091,5.24324324324324,5,6,5.99111111111111,29
"26",2003,11,7.2,5,8,6,NA,9,6,3,2,0,2,3,130,91,39,5,37,93,6.04,6.36483516483517,5.28205128205128,5,6.16216216216216,5.99139784946237,30
"27",2003,12,5.75,10,5.875,5.66666666666667,7,5.5,5.8125,4,6,1,2,8,140,95,45,6,39,101,6.01928571428572,6.34421052631579,5.33333333333333,5.33333333333333,6.12820512820513,5.97722772277228,31
"28",2004,1,6.27272727272727,11,7.16666666666667,5.2,NA,6,6.33333333333333,6,5,0,2,9,151,101,50,6,41,110,6.03774834437086,6.39306930693069,5.32,5.33333333333333,6.1219512195122,6.00636363636364,32
"29",2004,2,6.3,10,6.83333333333333,5.5,5,5.25,7,6,4,1,4,6,161,107,54,7,45,116,6.05403726708075,6.4177570093458,5.33333333333333,5.28571428571429,6.04444444444444,6.05775862068966,33
"30",2004,3,5.45454545454545,11,6,4,6,1,5.9,8,3,1,1,10,172,115,57,8,46,126,6.0156976744186,6.38869565217391,5.26315789473684,5.375,5.93478260869565,6.0452380952381,34
"31",2004,4,6.375,8,6.28571428571429,7,NA,6.66666666666667,6.2,7,1,0,3,5,180,122,58,8,49,131,6.03166666666667,6.3827868852459,5.29310344827586,5.375,5.97959183673469,6.05114503816794,35
"32",2004,5,6.44444444444444,9,6.44444444444444,NA,NA,6.5,6.4,9,0,0,4,5,189,131,58,8,53,136,6.05132275132275,6.38702290076336,5.29310344827586,5.375,6.0188679245283,6.06397058823529,36
"33",2004,6,6.75,10,6.75,6.75,NA,7.5,6.25,6,4,0,4,6,199,137,62,8,57,142,6.08643216080402,6.4029197080292,5.38709677419355,5.375,6.12280701754386,6.07183098591549,37
"34",2004,7,6.16666666666667,6,6.16666666666667,NA,NA,6.33333333333333,6,6,0,0,3,3,205,143,62,8,60,145,6.08878048780488,6.39300699300699,5.38709677419355,5.375,6.13333333333333,6.07034482758621,38
"35",2004,8,5.45454545454545,11,6.14285714285714,4.25,NA,5,6,7,4,0,6,5,216,150,66,8,66,150,6.05648148148148,6.38133333333333,5.31818181818182,5.375,6.03030303030303,6.068,39
"36",2004,9,5.33333333333333,6,5.33333333333333,NA,NA,5.33333333333333,5.33333333333333,6,0,0,3,3,222,156,66,8,69,153,6.03693693693694,6.34102564102564,5.31818181818182,5.375,6,6.05359477124183,40
"37",2004,10,5.66666666666667,9,6.2,5,NA,4.875,6.3,5,4,0,4,5,231,161,70,8,73,158,6.02251082251082,6.33664596273292,5.3,5.375,5.93835616438356,6.06139240506329,41
"38",2004,11,6.79166666666667,12,7.5,4.66666666666667,4,6.58333333333333,7,9,3,1,6,6,243,170,73,9,79,164,6.06049382716049,6.39823529411765,5.27397260273972,5.22222222222222,5.9873417721519,6.09573170731707,42
"39",2004,12,6.61111111111111,18,7.03846153846154,5.5,NA,6.30769230769231,7.4,13,5,0,13,5,261,183,78,9,92,169,6.09846743295019,6.44371584699454,5.28846153846154,5.22222222222222,6.03260869565217,6.13431952662722,43
"40",2005,1,6.41666666666667,18,6.03846153846154,7.4,7,6,6.5,13,5,1,3,15,279,196,83,10,95,184,6.11899641577061,6.41683673469388,5.41566265060241,5.4,6.03157894736842,6.16413043478261,44
"41",2005,2,5.76470588235294,17,6.15384615384615,4.5,3,5.8,5.75,13,4,1,5,12,296,209,87,11,100,196,6.09864864864865,6.40047846889952,5.3735632183908,5.18181818181818,6.02,6.13877551020408,45
"42",2005,3,6.05555555555556,9,6,6.16666666666667,NA,5.33333333333333,6.41666666666667,6,3,0,3,6,305,215,90,11,103,202,6.09737704918033,6.3893023255814,5.4,5.18181818181818,6,6.1470297029703,46
"43",2005,4,5.6,11,5.51428571428571,5.75,6,5.8,5.43333333333333,7,4,2,5,6,316,222,94,13,108,208,6.08006329113924,6.36171171171171,5.41489361702128,5.30769230769231,5.99074074074074,6.12644230769231,47
"44",2005,5,5.78571428571429,7,6.25,3,NA,6.16666666666667,5.5,6,1,0,3,4,323,228,95,13,111,212,6.07368421052631,6.35877192982456,5.38947368421053,5.30769230769231,5.9954954954955,6.11462264150943,48
"45",2005,6,5.33333333333333,12,5.4,5,NA,5.33333333333333,5.33333333333333,10,2,0,6,6,335,238,97,13,117,218,6.04716417910448,6.31848739495798,5.38144329896907,5.30769230769231,5.96153846153846,6.09311926605505,49
"46",2005,7,6.375,12,6.4,6.25,NA,6,6.40909090909091,10,2,0,1,11,347,248,99,13,118,229,6.05850144092219,6.32177419354839,5.3989898989899,5.30769230769231,5.96186440677966,6.10829694323144,50
"47",2005,8,5.6875,24,5.40625,6.25,5.66666666666667,5.14285714285714,5.91176470588235,16,8,3,7,17,371,264,107,16,125,246,6.03450134770889,6.26628787878788,5.46261682242991,5.375,5.916,6.09471544715447,51
"48",2005,9,5.8,5,6.33333333333333,5,5,6.5,5.33333333333333,3,2,1,2,3,376,267,109,17,127,249,6.0313829787234,6.26704119850187,5.45412844036697,5.35294117647059,5.9251968503937,6.0855421686747,52
"49",2005,10,6.15625,16,6.42307692307692,5,6,6.42857142857143,5.94444444444444,13,3,1,7,9,392,280,112,18,134,258,6.03647959183673,6.27428571428571,5.44196428571428,5.38888888888889,5.95149253731343,6.08062015503876,53
"50",2005,11,6.13888888888889,18,6.66666666666667,5.08333333333333,5,5.75,6.91666666666667,12,6,2,12,6,410,292,118,20,146,264,6.0409756097561,6.29041095890411,5.42372881355932,5.35,5.93493150684932,6.09962121212121,54
"51",2005,12,6.47368421052632,19,6.72727272727273,6.125,5.75,6.25,6.53333333333333,11,8,4,4,15,429,303,126,24,150,279,6.06013986013986,6.30627062706271,5.46825396825397,5.41666666666667,5.94333333333333,6.12293906810036,55
"52",2006,1,6.38125,16,7.05,5.26666666666667,NA,6.28888888888889,6.5,10,6,0,9,7,445,313,132,24,159,286,6.07168539325843,6.33003194888179,5.45909090909091,5.41666666666667,5.96289308176101,6.13216783216783,56
"53",2006,2,6.21875,16,6.42307692307692,5.33333333333333,NA,6,6.26923076923077,13,3,0,3,13,461,326,135,24,162,299,6.07678958785249,6.33374233128834,5.4562962962963,5.41666666666667,5.96358024691358,6.138127090301,57
"54",2006,3,5.78125,16,6.03846153846154,4.66666666666667,NA,4.25,6.29166666666667,13,3,0,4,12,477,339,138,24,166,311,6.06687631027254,6.32241887905605,5.43913043478261,5.41666666666667,5.92228915662651,6.14405144694534,58
"55",2006,4,5.70833333333333,12,5.88888888888889,5.16666666666667,NA,5.1,6.14285714285714,9,3,0,5,7,489,348,141,24,171,318,6.05807770961145,6.31120689655172,5.43333333333333,5.41666666666667,5.89824561403509,6.14402515723271,59
"56",2006,5,6.57272727272727,11,7.125,5.1,NA,6.95,6.35714285714286,8,3,0,4,7,500,356,144,24,175,325,6.0694,6.32949438202247,5.42638888888889,5.41666666666667,5.92228571428571,6.14861538461539,60
"57",2006,6,5.38888888888889,9,5.4375,5,NA,5.66666666666667,5.25,8,1,0,3,6,509,364,145,24,178,331,6.0573673870334,6.30989010989011,5.42344827586207,5.41666666666667,5.91797752808989,6.13232628398792,61
"58",2006,7,5.83478260869565,23,6.18823529411765,4.83333333333333,NA,5.38888888888889,6.12142857142857,17,6,0,9,14,532,381,151,24,187,345,6.04774436090225,6.30446194225722,5.4,5.41666666666667,5.89251336898396,6.13188405797102,62
"59",2006,8,6.03571428571429,14,6.03846153846154,6,NA,6.25,5.95,13,1,0,4,10,546,394,152,24,191,355,6.0474358974359,6.29568527918782,5.40394736842105,5.41666666666667,5.9,6.12676056338028,63
"60",2006,9,6.07826086956522,23,6.42857142857143,5.53333333333333,5.4,5.54285714285714,6.3125,14,9,2,7,16,569,408,161,26,198,371,6.04868189806678,6.30024509803922,5.4111801242236,5.41538461538462,5.88737373737374,6.13477088948787,64
"61",2006,10,6.71875,16,6.65384615384615,7,NA,6,6.88461538461539,13,3,0,3,13,585,421,164,26,201,384,6.06700854700855,6.31116389548694,5.44024390243902,5.41538461538462,5.88905472636816,6.16015625,65
"62",2006,11,5.59523809523809,21,6.07692307692308,4.8125,6,5.8,5.40909090909091,13,8,1,10,11,606,434,172,27,211,395,6.0506600660066,6.30414746543779,5.41104651162791,5.43703703703704,5.88483412322275,6.13924050632911,66
"63",2006,12,6.24193548387097,31,6.3125,6,6,5.92857142857143,6.33333333333333,24,7,1,7,24,637,458,179,28,218,419,6.05996860282575,6.30458515283843,5.4340782122905,5.45714285714286,5.88623853211009,6.15035799522673,67
"64",2007,1,5.94339622641509,53,6.06060606060606,5.75,6.33333333333333,5.93333333333333,5.94736842105263,33,20,3,15,38,690,491,199,31,233,457,6.05101449275362,6.28818737270876,5.46582914572864,5.54193548387097,5.88927038626609,6.13347921225383,68
"65",2007,2,5.836,25,5.85555555555556,5.78571428571429,3,5,6.045,18,7,1,5,20,715,509,206,32,238,477,6.0434965034965,6.27288801571709,5.47669902912621,5.4625,5.87058823529412,6.12976939203354,69
"66",2007,3,6.42222222222222,27,6.47,6.28571428571429,6.5,6.55,6.34705882352941,20,7,2,10,17,742,529,213,34,248,494,6.05727762803235,6.28034026465028,5.50328638497653,5.52352941176471,5.89798387096774,6.13724696356275,70
"67",2007,4,6.275,20,6.5,5.85714285714286,6,6.92857142857143,5.92307692307692,13,7,1,7,13,762,542,220,35,255,507,6.06299212598425,6.28560885608856,5.51454545454545,5.53714285714286,5.92627450980392,6.13175542406312,71
"68",2007,5,5.82745714285714,35,5.86844,5.725,4.75,5.64007142857143,5.95238095238095,25,10,4,14,21,797,567,230,39,269,528,6.0526486825596,6.2672151675485,5.52369565217391,5.45641025641026,5.91137918215613,6.12462121212121,72
"69",2007,6,6.11904761904762,21,6.23076923076923,5.9375,6.5,6.38888888888889,5.91666666666667,13,8,1,9,12,818,580,238,40,278,540,6.0543533007335,6.26639827586207,5.53760504201681,5.4825,5.9268381294964,6.12,73
"70",2007,7,6.14285714285714,14,6.6,5,4,6,6.18181818181818,10,4,1,3,11,832,590,242,41,281,551,6.05584254807692,6.27205254237288,5.52871900826446,5.44634146341463,5.92761921708185,6.12123411978222,74
"71",2007,8,6.425,20,6.36666666666667,6.6,NA,6.6875,6.25,15,5,0,8,12,852,605,247,41,289,563,6.06450821596244,6.27439834710744,5.5504048582996,5.44634146341463,5.94865397923875,6.12397868561279,75
"72",2007,9,6.05555555555556,27,6.25,5.66666666666667,3.33333333333333,5.5,6.4375,18,9,3,11,16,879,623,256,44,300,579,6.06423321956769,6.27369341894061,5.5544921875,5.30227272727273,5.93220333333333,6.13264248704663,76
"73",2007,10,6.24347826086957,23,6.28181818181818,6.20833333333333,6,6.1,6.28333333333333,11,12,1,5,18,902,634,268,45,305,597,6.06880376940133,6.27383438485804,5.58376865671642,5.31777777777778,5.93495409836066,6.13718592964824,77
"74",2007,11,5.90740740740741,27,6.05,5.5,NA,5.3,6.04545454545455,20,7,0,5,22,929,654,275,45,310,619,6.0641130247578,6.26698929663609,5.58163636363636,5.31777777777778,5.92471290322581,6.13392568659128,78
"75",2007,12,5.67115384615385,52,5.86774193548387,5.38095238095238,4.33333333333333,5.36842105263158,5.84545454545455,31,21,3,19,33,981,685,296,48,329,652,6.04328338430173,6.24892116788321,5.56739864864865,5.25625,5.89258662613982,6.11932515337423,79
"76",2008,1,6.5,40,6.68333333333333,5.95,6,6.47222222222222,6.52272727272727,30,10,1,18,22,1021,715,306,49,347,674,6.06117629774731,6.26714825174825,5.57990196078431,5.27142857142857,5.92265417867435,6.13249258160238,80
"77",2008,2,6.26785714285714,28,6.64285714285714,5.89285714285714,6,5.86363636363636,6.52941176470588,14,14,4,11,17,1049,729,320,53,358,691,6.06669304099142,6.27436351165981,5.59359375,5.32641509433962,5.92084078212291,6.14225759768452,81
"78",2008,3,5.89655172413793,29,5.95238095238095,5.75,6,5.5,6.075,21,8,1,9,20,1078,750,328,54,367,711,6.0621159554731,6.265348,5.59740853658537,5.33888888888889,5.9105204359673,6.14036568213784,82
"79",2008,4,5.74,25,5.78571428571429,5.5,5.66666666666667,6,5.69047619047619,21,4,3,4,21,1103,771,332,57,371,732,6.05481504986401,6.25228404669261,5.59623493975904,5.35614035087719,5.91148517520216,6.12745901639344,83
"80",2008,5,5.77631578947368,38,6.13157894736842,5.42105263157895,5.5,5.91666666666667,5.65,19,19,6,18,20,1141,790,351,63,389,752,6.04553987730061,6.24938101265823,5.58675213675214,5.36984126984127,5.91172493573265,6.11476063829787,84
"81",2008,6,6.26086956521739,23,6.46153846153846,6,6.25,5.71428571428571,6.5,13,10,2,7,16,1164,803,361,65,396,768,6.04979467353952,6.25281569115816,5.59819944598338,5.39692307692308,5.90823484848485,6.12278645833333,85
"82",2008,7,6.12758620689655,29,6.12857142857143,6.125,5.33333333333333,6.34375,5.86153846153846,21,8,3,16,13,1193,824,369,68,412,781,6.05168566638726,6.24964927184466,5.60962059620596,5.39411764705882,5.92514805825243,6.11843790012804,86
"83",2008,8,6.01923076923077,26,6.03571428571429,6,6.16666666666667,5.83333333333333,6.11764705882353,14,12,6,9,17,1219,838,381,74,421,798,6.05099343724364,6.24607517899761,5.62191601049869,5.45675675675676,5.92318527315915,6.11842105263158,87
"84",2008,9,5.95,30,6.02777777777778,5.83333333333333,5,5.9375,5.95454545454545,18,12,5,8,22,1249,856,393,79,429,820,6.0485676541233,6.24148481308411,5.62837150127226,5.42784810126582,5.92345221445221,6.1140243902439,88
"85",2008,10,6.33347826086957,23,6.52777777777778,5.634,6.585,5.64285714285714,6.635625,18,5,2,7,16,1272,874,398,81,436,836,6.05371933962264,6.24738100686499,5.62844221105528,5.45641975308642,5.91894724770642,6.12400717703349,89
"86",2008,11,5.48235294117647,17,5.54166666666667,5.34,4,5.2,5.6,12,5,1,5,12,1289,886,403,82,441,848,6.04618386346005,6.23782279909706,5.6248635235732,5.43865853658537,5.91079591836735,6.11659198113208,90
"87",2008,12,5.71212121212121,33,6.125,5.07692307692308,4.75,4.5,5.98148148148148,20,13,4,6,27,1322,906,416,86,447,875,6.03784493192133,6.23533222958057,5.60774038461538,5.40662790697675,5.89185906040268,6.11242285714286,91
"88",2009,1,6.11111111111111,54,6.15789473684211,6,6,5.83333333333333,6.25,38,16,7,18,36,1376,944,432,93,465,911,6.04072020348837,6.23221504237288,5.62226851851852,5.45129032258065,5.8895935483871,6.11785949506037,92
"89",2009,2,5.68888888888889,27,5.77058823529412,5.55,5.41666666666667,5.41666666666667,5.76666666666667,17,10,6,6,21,1403,961,442,99,471,932,6.03394939415538,6.22404890738814,5.6206334841629,5.44919191919192,5.88356900212314,6.10994635193133,93
"90",2009,3,5.7046511627907,43,6.47083333333333,4.73684210526316,4.85714285714286,5.71428571428571,5.70277777777778,24,19,7,7,36,1446,985,461,106,478,968,6.02415698478562,6.23006192893401,5.58420824295011,5.41009433962264,5.881089958159,6.09480371900827,94
"91",2009,4,6.18,21,6.18533333333333,6.16666666666667,6.16666666666667,5.83333333333333,6.23777777777778,15,6,3,3,18,1467,1000,467,109,481,986,6.026387866394,6.229391,5.59169164882227,5.43091743119266,5.8807920997921,6.09741379310345,95
"92",2009,5,6.33333333333333,24,6.875,6.0625,6,6,6.53333333333333,8,16,5,9,15,1491,1008,483,114,490,1001,6.03132863849765,6.23451488095238,5.60728778467909,5.45587719298246,5.88298163265306,6.10394605394606,96
"93",2009,6,5.77272727272727,22,6.27777777777778,5.42307692307692,5.83333333333333,6.08333333333333,5.65625,9,13,3,6,16,1513,1017,496,117,496,1017,6.02756840713814,6.23489773844641,5.60245967741935,5.46555555555556,5.88540524193548,6.09690265486726,97
"94",2009,7,5.86774193548387,31,6.10555555555556,5.53846153846154,5.5,4.85714285714286,6.1625,18,13,4,7,24,1544,1035,509,121,503,1041,6.02435945595855,6.23264830917874,5.60082514734774,5.46669421487603,5.87109542743539,6.09841498559078,98
"95",2009,8,5.61111111111111,27,5.97222222222222,4.88888888888889,5.625,6.3,5.45454545454545,18,9,4,5,22,1571,1053,518,125,508,1063,6.01725716104392,6.22819658119658,5.5884555984556,5.47176,5.87531692913386,6.08508936970837,99
"96",2009,9,6.06756756756757,37,6.72727272727273,5.1,5.25,5.55,6.25925925925926,22,15,2,10,27,1608,1075,533,127,518,1090,6.01841480099503,6.23841023255814,5.57470919324578,5.46826771653543,5.86903667953668,6.08940366972477,100
"97",2009,10,5.92857142857143,35,5.75,6.16666666666667,5.66666666666667,6.04166666666667,5.8695652173913,20,15,3,12,23,1643,1095,548,130,530,1113,6.01650091296409,6.22948949771689,5.59091240875912,5.47284615384616,5.87294528301887,6.08486073674753,101
"98",2009,11,5.84615384615385,39,6.08333333333333,5.46666666666667,5.125,5.0625,6.04838709677419,24,15,8,8,31,1682,1119,563,138,538,1144,6.01255112960761,6.22635478105451,5.58760213143872,5.45268115942029,5.86089405204461,6.08387237762238,102
"99",2009,12,5.62115384615385,52,6.03714285714286,4.76470588235294,4.2,4.79166666666667,5.87,35,17,5,12,40,1734,1154,580,143,550,1184,6.0008137254902,6.22061611785095,5.56348275862069,5.40888111888112,5.83756545454545,6.07664695945946,103
"100",2010,1,6.18818181818182,55,6.3078125,6.02173913043478,5.72727272727273,6,6.24642857142857,32,23,11,13,42,1789,1186,603,154,563,1226,6.00657406372275,6.22296880269815,5.58096185737977,5.43162337662338,5.8413161634103,6.08246329526917,104
"101",2010,2,6.17179487179487,39,6.525,5.27272727272727,6.25,5.375,6.37741935483871,28,11,4,8,31,1828,1214,614,158,571,1257,6.01009901531729,6.22993492586491,5.57543973941368,5.4523417721519,5.83478283712785,6.08973747016707,105
"102",2010,3,6.00703703703704,27,6.1,5.89083333333333,3,5.5,6.12227272727273,15,12,1,5,22,1855,1229,626,159,576,1279,6.01005444743935,6.2283490642799,5.58148562300319,5.43691823899371,5.83187673611111,6.09029710711494,106
"103",2010,4,5.71428571428571,21,5.92105263157895,3.75,NA,5.44444444444444,5.91666666666667,19,2,0,9,12,1876,1248,628,159,585,1291,6.00674360341151,6.22367067307692,5.57565286624204,5.43691823899371,5.82591623931624,6.08868319132456,107
"104",2010,5,5.97741935483871,31,6.6,5.11538461538461,4.8,5.64285714285714,6.075,18,13,5,7,24,1907,1266,641,164,592,1315,6.00626691137913,6.22902132701422,5.56631825273011,5.4175,5.82375168918919,6.08843346007605,108
"105",2010,6,6.08095238095238,21,6.15714285714286,5.92857142857143,5.83333333333333,6.25,6.06315789473684,14,7,3,2,19,1928,1280,648,167,594,1334,6.00708039419087,6.22823515625,5.57023148148148,5.42497005988024,5.82518686868687,6.08807346326837,109
"106",2010,7,6.24166666666667,36,6.216,6.3,7.25,6.63636363636364,6.068,25,11,4,11,25,1964,1305,659,171,605,1359,6.01138034623218,6.22800076628352,5.58241274658574,5.46766081871345,5.83993553719008,6.08770419426049,110
"107",2010,8,6.43055555555556,36,6.78260869565217,5.80769230769231,5.33333333333333,6.2,6.51923076923077,23,13,3,10,26,2000,1328,672,174,615,1385,6.0189255,6.23760617469879,5.58677083333333,5.46534482758621,5.84579024390244,6.09580505415163,111
"108",2010,9,6.30344827586207,29,6.66470588235294,5.79166666666667,5.5,6.5,6.25217391304348,17,12,2,6,23,2029,1345,684,176,621,1408,6.02299211434204,6.24300446096654,5.59036549707602,5.46573863636364,5.85211111111111,6.098359375,112
"109",2010,10,6.125,16,7.16666666666667,4.78571428571429,6,6.4,6,9,7,1,5,11,2045,1354,691,177,626,1419,6.0237902200489,6.24914401772526,5.58221418234443,5.46875706214689,5.85648722044728,6.09759689922481,113
"110",2010,11,6.36111111111111,18,6.63636363636364,5.92857142857143,5.5,6.5,6.30769230769231,11,7,3,5,13,2063,1365,698,180,631,1432,6.02673339796413,6.25226446886447,5.58568767908309,5.46927777777778,5.86158637083994,6.09950418994414,114
"111",2010,12,6.04390243902439,41,6.5,5.33125,5,6.55555555555556,5.9,25,16,2,9,32,2104,1390,714,182,640,1464,6.02706796577947,6.25672014388489,5.57998599439776,5.46412087912088,5.8713453125,6.09514344262295,115
"112",2011,1,5.89795918367347,49,6.38709677419355,5.05555555555556,4.25,5.3125,6.01219512195122,31,18,4,8,41,2153,1421,732,186,648,1505,6.02412958662332,6.25956439127375,5.56709016393443,5.43801075268817,5.86444598765432,6.09288372093023,116
"113",2011,2,6.41341463414634,41,6.74821428571429,5.69230769230769,5.6,6.3,6.45,28,13,5,10,31,2194,1449,745,191,658,1536,6.03140428441203,6.26900690131125,5.56927516778524,5.44225130890053,5.87106534954407,6.10009114583333,117
"114",2011,3,6.03888888888889,18,6.20769230769231,5.6,5,7,5.98235294117647,13,5,1,1,17,2212,1462,750,192,659,1553,6.03146518987342,6.26846169630643,5.56948,5.43994791666667,5.8727784522003,6.09880231809401,118
"115",2011,4,6.17237931034483,29,6.46875,5.80761538461538,6.03333333333333,6.84,6.03329166666667,16,13,6,5,24,2241,1478,763,198,664,1577,6.03328871039714,6.2706299052774,5.5735373525557,5.45792929292929,5.88006174698795,6.09780532656944,119
"116",2011,5,6.44,25,6.64285714285714,6.18181818181818,7,6.2,6.51578947368421,14,11,2,6,19,2266,1492,774,200,670,1596,6.03777581641659,6.2741226541555,5.58218217054264,5.47335,5.88292686567164,6.1027813283208,120
"117",2011,6,6.25,20,6.66666666666667,5.625,4.66666666666667,5,6.47058823529412,12,8,3,3,17,2286,1504,782,203,673,1613,6.03963254593176,6.27725465425532,5.58262020460358,5.46142857142857,5.87899108469539,6.10665778053317,121
"118",2011,7,6.20714285714286,28,6.73684210526316,5.08888888888889,5.66666666666667,5.9375,6.315,19,9,3,8,20,2314,1523,791,206,681,1633,6.04165946413137,6.28298818122127,5.57700252844501,5.46441747572816,5.87967841409692,6.10920943049602,122
"119",2011,8,6.56818181818182,22,6.58823529411765,6.5,8,6.875,6.5,17,5,1,4,18,2336,1540,796,207,685,1651,6.04661815068493,6.28635779220779,5.58280025125628,5.47666666666667,5.8854905109489,6.11347001817081,123
"120",2011,9,5.97619047619048,21,6.03571428571429,5.85714285714286,6.5,5.83333333333333,6.03333333333333,14,7,1,6,15,2357,1554,803,208,691,1666,6.04599066610098,6.28409974259974,5.58519178082192,5.48158653846154,5.88503762662807,6.11274849939976,124
"121",2011,10,6.02,35,6.25,5.35555555555556,5.25,5.94444444444444,6.04615384615385,26,9,4,9,26,2392,1580,812,212,700,1692,6.04561036789298,6.28353860759494,5.58264655172414,5.47721698113208,5.88580142857143,6.11172517730497,125
"122",2011,11,5.68275862068965,29,6.2375,5,5.75,4.8,5.86666666666667,16,13,2,5,24,2421,1596,825,214,705,1716,6.04126394052045,6.28307706766917,5.57346545454546,5.47976635514019,5.87810070921986,6.10829778554779,126
"123",2011,12,6.10441176470588,34,6.3275,5.78571428571429,5.16666666666667,6.41666666666667,5.992,20,14,6,9,25,2455,1616,839,220,714,1741,6.04213849287169,6.28362685643564,5.57700715137068,5.47122727272727,5.8848893557423,6.10662780011488,127
"124",2012,1,6.06031746031746,63,6.43409090909091,5.19473684210526,5.53333333333333,6.125,6.05090909090909,44,19,6,8,55,2518,1660,858,226,722,1796,6.04259332803812,6.28761506024096,5.56854195804196,5.47287610619469,5.88754986149584,6.1049214922049,128
"125",2012,2,6.38892857142857,28,6.375,6.42375,7,7.5,6.30346153846154,20,8,2,2,26,2546,1680,866,228,724,1822,6.04640219952867,6.28865535714286,5.57644226327945,5.48627192982456,5.89200414364641,6.10775466520307,129
"126",2012,3,6.32083333333333,24,6.27647058823529,6.42857142857143,10,6.9,6.16842105263158,17,7,1,5,19,2570,1697,873,229,729,1841,6.04896498054475,6.28853329404832,5.58327491408935,5.50598253275109,5.89891769547325,6.10838077131994,130
"127",2012,4,6.06285714285714,35,6.43181818181818,5.43846153846154,3.75,5.52857142857143,6.19642857142857,22,13,4,7,28,2605,1719,886,233,736,1869,6.04915163147793,6.29036707388016,5.58115011286682,5.47583690987125,5.89539538043478,6.10969983948636,131
"128",2012,5,6.5,36,6.53448275862069,6.35714285714286,6,5.9,6.73076923076923,29,7,3,10,26,2641,1748,893,236,746,1895,6.05529723589549,6.29441704805492,5.58723292273236,5.4825,5.89545710455764,6.11822110817942,132
"129",2012,6,6.16666666666667,39,6.7,5.21428571428571,5.8,7.875,5.97142857142857,25,14,5,4,35,2680,1773,907,241,750,1930,6.05691791044776,6.30013592780598,5.5814762954796,5.48908713692946,5.90601466666667,6.11555906735751,133
"130",2012,7,6.2709375,32,6.43181818181818,5.917,5,5.51428571428571,6.4828,22,10,1,7,25,2712,1795,917,242,757,1955,6.05944321533923,6.30174986072423,5.58513522355507,5.48706611570248,5.90239233817701,6.12025524296675,134
"131",2012,8,6.08461538461538,26,6.08333333333333,6.0875,6.425,5.07142857142857,6.45789473684211,18,8,4,7,19,2738,1813,925,246,764,1974,6.05968224981739,6.29958135686707,5.58948,5.50231707317073,5.89477879581152,6.12350506585613,135
"132",2012,9,6.3625,24,6.37894736842105,6.3,6,5.83333333333333,6.43809523809524,19,5,1,3,21,2762,1832,930,247,767,1995,6.06231354091238,6.30040447598253,5.5933,5.50433198380567,5.89453846153846,6.12681654135338,136
"133",2012,10,6.55833333333333,24,6.93529411764706,5.64285714285714,5,7,6.51818181818182,17,7,2,2,22,2786,1849,937,249,769,2017,6.06658650394831,6.30624175229854,5.59367022411953,5.50028112449799,5.89741352405722,6.13108527516113,137
"134",2012,11,6.2703125,32,6.73571428571429,5.38181818181818,5.16666666666667,6.50454545454545,6.14761904761905,21,11,3,11,21,2818,1870,948,252,780,2038,6.06889992902768,6.31106470588235,5.59121202531646,5.49630952380953,5.90597564102564,6.13125564278705,138
"135",2012,12,5.89375,48,6.17,5.43333333333333,5.5,5.64545454545455,5.96756756756757,30,18,4,11,37,2866,1900,966,256,791,2075,6.0659665038381,6.30883736842105,5.5882701863354,5.4963671875,5.90235271807838,6.12833686746988,139
"136",2013,1,6.39396551724138,58,6.59756097560976,5.90294117647059,6.42,6.03333333333333,6.46020408163265,41,17,5,9,49,2924,1941,983,261,800,2124,6.07247264021888,6.31493611540443,5.59371210579858,5.51406130268199,5.90382625,6.13599293785311,140
"137",2013,2,6.39705882352941,34,7.15,5.32142857142857,5.1,6.07142857142857,6.48148148148148,20,14,5,7,27,2958,1961,997,266,807,2151,6.07620351588912,6.32345283018868,5.58988866599799,5.50627819548872,5.9052800495663,6.14032961413296,141
"138",2013,3,5.94152631578947,38,6.11912,5.6,4.66,5.9156,5.94545454545455,25,13,5,5,33,2996,1986,1010,271,812,2184,6.0744953271028,6.32088066465257,5.59001881188119,5.49066420664207,5.90534359605911,6.13738507326007,142
"139",2013,4,5.57941176470588,34,5.76086956521739,5.2,5.375,5.5,5.59310344827586,23,11,4,5,29,3030,2009,1021,275,817,2213,6.0689399339934,6.3144693877551,5.58581684622919,5.48898181818182,5.9028629130967,6.13025259828287,143
"140",2013,5,5.88472222222222,36,6.12608695652174,5.45769230769231,5.75,5.57142857142857,5.96034482758621,23,13,6,7,29,3066,2032,1034,281,824,2242,6.06677690802348,6.31233710629921,5.58420599613153,5.49455516014235,5.90004733009709,6.1280548617306,144
"141",2013,6,6.03846153846154,26,6.29411764705882,5.55555555555556,5.5,6,6.05263157894737,17,9,4,7,19,3092,2049,1043,285,831,2261,6.06653880983182,6.3121859443631,5.58395877277085,5.49463157894737,5.90088929001204,6.12742105263158,145
"142",2013,7,6.50909090909091,33,6.61666666666667,6.22222222222222,6.5,5.875,6.59655172413793,24,9,2,4,29,3125,2073,1052,287,835,2290,6.07121216,6.31571104679209,5.58941920152091,5.50163763066202,5.90076526946108,6.13336200873363,146
"143",2013,8,6.06111111111111,36,6.16785714285714,5.6875,5.75,5.625,6.115625,28,8,4,4,32,3161,2101,1060,291,839,2322,6.07109712116419,6.31374059971442,5.59015943396226,5.50505154639175,5.8994505363528,6.13311757105943,147
"144",2013,9,6.31785714285714,28,6.74761904761905,5.02857142857143,4.675,5.375,6.475,21,7,4,4,24,3189,2122,1067,295,843,2346,6.07326371903418,6.31803440150801,5.58647516401125,5.49379661016949,5.89696204033215,6.13661508951407,148
"145",2013,10,6.2758064516129,31,6.40217391304348,5.9125,5.9,6.875,6.132,23,8,2,6,25,3220,2145,1075,297,849,2371,6.07521366459627,6.3189365967366,5.58890139534884,5.49653198653199,5.90387396937574,6.13656642766765,149
"146",2013,11,6.34310344827586,29,6.99705882352941,5.41666666666667,5.91666666666667,6.59375,6.24761904761905,17,12,6,8,21,3249,2162,1087,303,857,2392,6.07760480147738,6.32426873265495,5.587,5.50485148514852,5.91031388564761,6.13754138795987,150
"147",2013,12,6.0044776119403,67,6.34878048780488,5.46153846153846,5.1875,4.5,6.18,41,26,8,7,60,3316,2203,1113,311,864,2452,6.07612726176116,6.32472492056287,5.58406918238994,5.49668810289389,5.89888773148148,6.13858034257749,151
"148",2014,1,6.33333333333333,81,6.53214285714286,5.888,5.875,6.46153846153846,6.30882352941176,56,25,8,13,68,3397,2259,1138,319,877,2520,6.08226022961437,6.32986675520142,5.5907460456942,5.50617554858934,5.90722805017104,6.14317420634921,152
"149",2014,2,5.92272727272727,44,6.33333333333333,5.43,5.125,4.625,6.21111111111111,24,20,8,8,36,3441,2283,1158,327,885,2556,6.08022028480093,6.32990319754709,5.58796977547496,5.4968501529052,5.89563728813559,6.14413106416275,153
"150",2014,3,6.31875,32,6.535,5.95833333333333,5.58333333333333,5.33333333333333,6.42068965517241,20,12,6,3,29,3473,2303,1170,333,888,2585,6.08241808234955,6.33168432479375,5.59176837606838,5.49840840840841,5.89373761261261,6.147233655706,154
"151",2014,4,6,41,6.16666666666667,5.54545454545455,5.16666666666667,6.09090909090909,5.96666666666667,30,11,6,11,30,3514,2333,1181,339,899,2615,6.08145645987479,6.32956236605229,5.59133700254022,5.49253687315634,5.89615016685206,6.1451621414914,155
"152",2014,5,6.33472222222222,36,6.55344827586207,5.42857142857143,5.16666666666667,6.71428571428571,6.24310344827586,29,7,3,7,29,3550,2362,1188,342,906,2644,6.08402478873239,6.33231117696867,5.59037794612795,5.4896783625731,5.90247130242826,6.14623638426626,156
"153",2014,6,6.67142857142857,21,6.75,6.42,6,7,6.655,16,5,1,1,20,3571,2378,1193,343,907,2664,6.0874791374965,6.33512153069807,5.59385498742666,5.49116618075802,5.90368136714443,6.15005593093093,157
"154",2014,7,6.30694444444444,36,6.40925925925926,6,6,6.5,6.28939393939394,27,9,4,3,33,3607,2405,1202,347,910,2697,6.08966953146659,6.33595384615384,5.59689600665557,5.49703170028819,5.90564725274725,6.15176084538376,158
"155",2014,8,6.15471698113208,53,6.28918918918919,5.84375,5.5,6.74444444444444,6.03409090909091,37,16,6,9,44,3660,2442,1218,353,919,2741,6.09061147540984,6.33524529074529,5.60013875205255,5.4970821529745,5.91386180631121,6.14987194454579,159
"156",2014,9,6.18235294117647,34,6.35384615384615,5.625,5.125,5.125,6.32333333333333,26,8,4,4,30,3694,2468,1226,357,923,2771,6.0914558743909,6.33544124797407,5.60030097879282,5.49291316526611,5.91044312026002,6.15174990977986,160
"157",2014,10,5.72058823529412,34,5.95,5.39285714285714,6,6.33333333333333,5.66129032258065,20,14,3,3,31,3728,2488,1240,360,926,2802,6.08807349785408,6.33234284565916,5.59795887096774,5.49713888888889,5.91181317494601,6.14632369735903,161
"158",2014,11,6.28809523809524,42,6.521875,5.54,6.3,5.13333333333333,6.37692307692308,32,10,3,3,39,3770,2520,1250,363,929,2841,6.09030185676392,6.3347496031746,5.5974952,5.5037741046832,5.90929924650162,6.14948926434354,162
"159",2014,12,6.15686274509804,51,6.47435897435897,5.125,5.5,5.57142857142857,6.25,39,12,2,7,44,3821,2559,1262,365,936,2885,6.09119026432871,6.33687729581868,5.59300237717908,5.50375342465754,5.90677243589744,6.15102218370884,163
"160",2015,1,6.6375,60,6.73255813953488,6.39705882352941,6.625,6.75,6.62946428571429,43,17,4,4,56,3881,2602,1279,369,940,2941,6.09963617624324,6.34341621829362,5.60368960125098,5.51590785907859,5.91036063829787,6.16013226793608,164
"161",2015,2,5.93617021276596,47,6.15789473684211,5,5.33333333333333,6.125,5.91860465116279,38,9,3,4,43,3928,2640,1288,372,944,2984,6.09768024439918,6.34074583333333,5.59947127329193,5.51443548387097,5.91127012711864,6.15665180965147,165
"162",2015,3,6.42352941176471,34,6.56785714285714,5.75,NA,7.66666666666667,6.30322580645161,28,6,0,3,31,3962,2668,1294,372,947,3015,6.10047652700656,6.34312931034483,5.60016924265843,5.51443548387097,5.91683104540655,6.15815887230514,166
"163",2015,4,5.90979591836735,49,6.16571428571429,5.27,5,5.25,6.03853658536585,35,14,2,8,41,4011,2703,1308,374,955,3056,6.09814709548741,6.34083203847577,5.59663532110092,5.51168449197861,5.91124502617801,6.1565539921466,167
"164",2015,5,6.45483870967742,31,6.624,5.75,NA,5.9,6.56153846153846,25,6,0,5,26,4042,2728,1314,374,960,3082,6.10088273132113,6.34342705278592,5.59733561643836,5.51168449197861,5.91118645833333,6.15997047371837,168
"165",2015,6,6.24615384615385,39,6.504,5.78571428571429,5.25,5.33333333333333,6.41212121212121,25,14,6,6,33,4081,2753,1328,380,966,3115,6.10227101200686,6.34488521612786,5.59932153614458,5.50755263157895,5.90759730848861,6.16264173354735,169
"166",2015,7,6.14186046511628,43,6.41724137931034,5.57142857142857,6.16666666666667,6.61538461538461,5.93666666666667,29,14,6,13,30,4124,2782,1342,386,979,3145,6.10268380213385,6.34563946800862,5.5990305514158,5.51779792746114,5.91699591419816,6.16048616852146,170
"167",2015,8,6.29814814814815,54,6.51621621621622,5.82352941176471,5.6,5.42857142857143,6.42765957446808,37,17,5,7,47,4178,2819,1359,391,986,3192,6.10521014839636,6.34787832564739,5.60183885209713,5.51884910485934,5.91352839756592,6.16442011278195,171
"168",2015,9,6.22916666666667,48,6.21794871794872,6.27777777777778,7.5,7.25,6.08333333333333,39,9,2,6,42,4226,2858,1368,393,992,3234,6.10661807856129,6.34610531840448,5.60628581871345,5.52893129770992,5.92161189516129,6.16336703772418,172
"169",2015,10,6.29777777777778,45,6.66896551724138,5.625,5.5,6.25,6.30243902439024,29,16,6,4,41,4271,2887,1384,399,996,3275,6.10863217045188,6.34934845860755,5.60650216763006,5.5284962406015,5.92293072289157,6.16510809160305,173
"170",2015,11,6.06521739130435,46,6.39285714285714,5.55555555555556,4.5,6.5,6.04545454545455,28,18,4,2,44,4317,2915,1402,403,998,3319,6.10816956219597,6.34976638078902,5.60584807417974,5.51828784119107,5.9240871743487,6.16352184392889,174
"171",2015,12,6.128,50,6.49722222222222,5.17857142857143,5.25,6.5,6.06744186046512,36,14,6,7,43,4367,2951,1416,409,1005,3362,6.10839661094573,6.3515652321247,5.60162358757062,5.51435207823961,5.92809850746269,6.16229298036883,175
"172",2016,1,5.90547945205479,73,5.85740740740741,6.04210526315789,6.18571428571429,6.29166666666667,5.82950819672131,54,19,7,12,61,4440,3005,1435,416,1017,3423,6.10506036036036,6.34268519134775,5.60745574912892,5.52564903846154,5.9323883972468,6.15636254747298,176
"173",2016,2,6.31951219512195,41,6.8,5.39285714285714,6.25,5.5,6.43333333333333,27,14,4,5,36,4481,3032,1449,420,1022,3459,6.10702253961169,6.34675758575198,5.6053823326432,5.53254761904762,5.93027299412916,6.15924515755999,177
"174",2016,3,6.15357142857143,56,6.39736842105263,5.63888888888889,6.14285714285714,5.68333333333333,6.21,38,18,7,6,50,4537,3070,1467,427,1028,3509,6.10759709058849,6.34738403908795,5.60579345603272,5.54255269320843,5.92883171206226,6.15996836705614,178
"175",2016,4,6.16666666666667,48,6.509375,5.48125,6.175,5.83333333333333,6.21428571428571,32,16,4,6,42,4585,3102,1483,431,1034,3551,6.10821548527808,6.34905512572534,5.60444976399191,5.5484222737819,5.92827756286267,6.16061081385525,179
"176",2016,5,6.03421052631579,57,6.23690476190476,5.46666666666667,5.125,5.91666666666667,6.05625,42,15,4,9,48,4642,3144,1498,435,1043,3599,6.10730676432572,6.34755693384224,5.60307009345795,5.54452873563219,5.92817737296261,6.15921894970825,180
"177",2016,6,6.48046875,64,6.7906976744186,5.84523809523809,5.4,6.2,6.53240740740741,43,21,5,10,54,4706,3187,1519,440,1053,3653,6.11238164045899,6.35353592720427,5.60641803818302,5.54288636363636,5.93075878442545,6.16473555981385,181
"178",2016,7,6.41646153846154,65,6.70787234042553,5.65555555555556,5.875,6.43083333333333,6.41320754716981,47,18,4,12,53,4771,3234,1537,444,1065,3706,6.11652441836093,6.35868552875696,5.60699349381913,5.54587837837838,5.93639342723005,6.16828899082569,182
"179",2016,8,6.55479452054795,73,6.87272727272727,5.58333333333333,5.5,6.94444444444444,6.5,55,18,6,9,64,4844,3289,1555,450,1074,3770,6.12312923203964,6.36728154454241,5.60671961414791,5.54526666666667,5.94484078212291,6.17392015915119,183
"180",2016,9,6.25423728813559,59,6.48837209302326,5.625,6.5,6.5,6.2156862745098,43,16,2,8,51,4903,3332,1571,452,1082,3821,6.1247069141342,6.36884423769508,5.60690579248886,5.54949115044248,5.94894547134935,6.17447762365873,184
"181",2016,10,6.292875,56,6.6641282051282,5.44117647058824,4.78571428571429,6,6.34895744680851,39,17,7,9,47,4959,3371,1588,459,1091,3868,6.12660596894535,6.37226045683773,5.60513161209068,5.5378431372549,5.94936663611366,6.17659772492244,185
"182",2016,11,6.09189189189189,74,6.40769230769231,5.34545454545455,5.375,5.71428571428571,6.13134328358209,52,22,8,7,67,5033,3423,1610,467,1098,3935,6.126095569243,6.37279871457786,5.60158322981367,5.53505353319058,5.9478679417122,6.17582719186785,186
"183",2016,12,5.8041095890411,73,6.0804347826087,5.33333333333333,5,5,5.90307692307692,46,27,4,8,65,5106,3469,1637,471,1106,4000,6.12149216607912,6.36892187950418,5.59715882712279,5.53050955414013,5.94101175406872,6.171395,187
"184",2017,1,5.92291666666667,96,6.21929824561404,5.48974358974359,6.33333333333333,5.72727272727273,5.94823529411765,57,39,12,11,85,5202,3526,1676,483,1117,4085,6.11782756632064,6.36650311968236,5.5946593078759,5.55045548654244,5.93890689346464,6.16675152998776,188
"185",2017,2,6.21594202898551,69,6.46037735849057,5.40625,5,7,6.14126984126984,53,16,2,6,63,5271,3579,1692,485,1123,4148,6.1191119332195,6.3678932662755,5.59287765957447,5.54818556701031,5.94457613535174,6.16636451301832,189
"186",2017,3,6.30877192982456,57,6.36744186046512,6.12857142857143,6.7,6.95,6.26037735849057,43,14,4,4,53,5328,3622,1706,489,1127,4201,6.12114095345345,6.36788790723357,5.59727373974209,5.55760736196319,5.94814463176575,6.16755058319448,190
"187",2017,4,6.15090909090909,55,6.35714285714286,5.79,5.85,6.75,6.07755102040816,35,20,8,6,49,5383,3657,1726,497,1133,4250,6.12144510496006,6.36778506972929,5.59950695249131,5.5623138832998,5.95239099735216,6.16651294117647,191
"188",2017,5,6.074,50,6.3675,4.9,5,6.55,6.03260869565217,40,10,3,4,46,5433,3697,1736,500,1137,4296,6.1210084667771,6.36778198539356,5.59547753456221,5.55894,5.95449340369393,6.1650791433892,192
"189",2017,6,6.04347826086957,46,6.5,5.26470588235294,4.75,6.33333333333333,6.02325581395349,29,17,8,3,43,5479,3726,1753,508,1140,4339,6.12035754699763,6.36881105743425,5.5922698231603,5.54620078740158,5.95549035087719,6.16367365752478,193
"190",2017,7,6.34508196721311,61,6.26785714285714,6.51578947368421,6.44,7.02777777777778,6.22692307692308,42,19,5,9,52,5540,3768,1772,513,1149,4391,6.12283194945848,6.36768577494692,5.60217212189616,5.55491228070176,5.96388946910357,6.16442268276019,194
"191",2017,8,6.16014492753623,69,6.40833333333333,5.59285714285714,5.75,6.05555555555556,6.17583333333333,48,21,6,9,60,5609,3816,1793,519,1158,4451,6.12329096095561,6.36819706498952,5.60206302286671,5.5571676300578,5.96460189982729,6.164576499663,195
"192",2017,9,5.99302325581395,43,6.616,5.12777777777778,5.25,6.01111111111111,5.98823529411765,25,18,8,9,34,5652,3841,1811,527,1167,4485,6.12229989384289,6.36980994532674,5.59734897846494,5.55250474383302,5.96496058269066,6.16323968784838,196
"193",2017,10,6.37576271186441,59,6.50194444444444,6.17826086956522,5.6,7.00875,6.27647058823529,36,23,6,8,51,5711,3877,1834,533,1175,4536,6.12491840308177,6.3710368841888,5.60463413304253,5.55303939962477,5.97206723404255,6.16451278659612,197
"194",2017,11,6.56640625,64,6.765,5.85714285714286,4.5,6.75,6.53240740740741,50,14,2,10,54,5775,3927,1848,535,1185,4590,6.12981108225108,6.3760529666412,5.60654707792208,5.54910280373832,5.97863206751055,6.16884095860566,198
"195",2017,12,6.12885714285714,70,6.39380952380952,5.73142857142857,5.9375,5.99090909090909,6.15457627118644,42,28,8,11,59,5845,3969,1876,543,1196,4649,6.1297996578272,6.37624086671706,5.60841098081024,5.55482504604052,5.97874498327759,6.16865992686599,199
"196",2018,1,6.30105263157895,95,6.55223880597015,5.7,4.7125,5.17142857142857,6.39090909090909,67,28,8,7,88,5940,4036,1904,551,1203,4737,6.13253855218855,6.37916253716551,5.60975787815126,5.54259528130672,5.97404738154613,6.17278868482162,200
"197",2018,2,6.4,57,6.72142857142857,5.5,4.6,6,6.48510638297872,42,15,5,10,47,5997,4078,1919,556,1213,4784,6.13508070702018,6.38268759195684,5.60889994788953,5.53411870503597,5.97426133553174,6.17585702341137,201
"198",2018,3,6.1377358490566,53,6.4030303030303,5.7,6.25,5.38888888888889,6.29090909090909,33,20,4,9,44,6050,4111,1939,560,1222,4828,6.13510396694215,6.38285088786183,5.60983960804539,5.53923214285714,5.96995008183306,6.17690555095277,202
"199",2018,4,6.26821428571429,56,6.548,5.56875,5.08333333333333,6.088,6.28588235294118,40,16,6,5,51,6106,4151,1955,566,1227,4879,6.13632476252866,6.3844423030595,5.60950332480819,5.53439929328622,5.97043113284434,6.17804468128715,203
"200",2018,5,6.08529411764706,34,6.23478260869565,5.77272727272727,6,6.5,6.03,23,11,4,4,30,6140,4174,1966,570,1231,4909,6.13604218241042,6.38361763296598,5.61041658189217,5.53766666666667,5.97215190901706,6.17713994703606,204
"201",2018,6,6.34715145454545,55,6.6732290625,5.89347826086957,4.875,5.17222222222222,6.57702891304348,32,23,4,9,46,6195,4206,1989,574,1240,4955,6.13791643744956,6.38582104850214,5.61368979386627,5.5330487804878,5.96634596774194,6.1808523370333,205
"202",2018,7,6.36590163934426,61,6.53738095238095,5.98684210526316,5.41666666666667,6.33333333333333,6.36945454545455,42,19,6,6,55,6256,4248,2008,580,1246,5010,6.14013943893862,6.38731952212806,5.61722061752988,5.53184482758621,5.96811316211878,6.18292282035928,206
"203",2018,8,6.31607142857143,56,6.36285714285714,6.23809523809524,6.16666666666667,6.66666666666667,6.22045454545455,35,21,12,12,44,6312,4283,2029,592,1258,5054,6.14170030576679,6.38711961942564,5.62364662395269,5.54471283783784,5.97477662957075,6.18324957063712,207
"204",2018,9,6.30882352941176,34,6.4375,6,5.5,6.08333333333333,6.35714285714286,24,10,2,6,28,6346,4307,2039,594,1264,5082,6.14259570280492,6.38740035523566,5.62549239823443,5.54456228956229,5.97529193037975,6.18420766036993,208
"205",2018,10,6.14893617021277,47,6.45666666666667,5.60588235294118,5.25,6.03636363636364,6.18333333333333,30,17,6,11,36,6393,4337,2056,600,1275,5118,6.14264231659628,6.38787948581969,5.62533025291829,5.54161666666666,5.97581882352941,6.18420151035561,209
"206",2018,11,6.43673469387755,49,6.71212121212121,5.86875,4.7,6.34,6.46153846153846,33,16,5,10,39,6442,4370,2072,605,1285,5157,6.1448792812791,6.39032799313501,5.62720994208494,5.53466115702479,5.97865291828794,6.18629888113244,210
"207",2018,12,6.21771428571429,70,6.356,5.9688,5.5275,4.33333333333333,6.30208955223881,45,25,8,3,67,6512,4415,2097,613,1288,5224,6.14566221283784,6.38997810419026,5.63128230805913,5.53456769983687,5.97482065217391,6.18778394525268,211
"208",2019,1,6.2012,100,6.26642857142857,5.85875,5.91333333333333,5.60714285714286,6.29790697674419,84,16,3,14,86,6612,4499,2113,616,1302,5310,6.14650216727163,6.3876713336297,5.63300473260767,5.53641233766233,5.97086712749616,6.18956748210923,212
"209",2019,2,6.59230769230769,52,6.6825,6.29166666666667,8,6.3,6.61666666666667,40,12,3,4,48,6664,4539,2125,619,1306,5358,6.14998084183673,6.39026951531174,5.63672423529412,5.54835218093699,5.9718751914242,6.19339367861142,213
"210",2019,3,6.37,55,6.31323529411765,6.46190476190476,7.2,5.1875,6.46274509803922,34,21,5,4,51,6719,4573,2146,624,1310,5409,6.15178186188421,6.38969677017275,5.6447991612302,5.56158653846154,5.96948015267176,6.19593332039194,214
"211",2019,4,6.21666666666667,51,6.62272727272727,5.47222222222222,6,5.65,6.25208333333333,33,18,4,3,48,6770,4606,2164,628,1313,5457,6.15227065435746,6.39136633304386,5.64336367837338,5.56437898089172,5.96875019040366,6.19642721825179,215
"212",2019,5,6.33960784313726,51,6.48162162162162,5.96428571428571,6.375,6.21428571428571,6.35954545454545,37,14,4,7,44,6821,4643,2178,632,1320,5501,6.1536713575722,6.39208557613612,5.64542653810836,5.56950949367088,5.97005227272727,6.19773192692238,216
"213",2019,6,6.35125,40,6.61515151515152,5.10714285714286,4.6875,6.10714285714286,6.4030303030303,33,7,4,7,33,6861,4676,2185,636,1327,5534,6.15482325171258,6.39365982249786,5.64370205949657,5.56396226415094,5.97077543330821,6.19895614925913,217
"214",2019,7,6.24,35,6.45769230769231,5.61111111111111,7.5,6.33333333333333,6.23125,26,9,1,3,32,6896,4702,2194,637,1330,5566,6.15525555829466,6.39401389408762,5.64356836827712,5.56700156985871,5.97159323308271,6.19914181279195,218
"215",2019,8,6.19621212121212,66,6.45957446808511,5.54473684210526,5.16666666666667,6.56,6.13125,47,19,9,10,56,6962,4749,2213,646,1340,5622,6.15564382792301,6.3946627353127,5.6427198373249,5.56142414860681,5.97598432835821,6.19846555140519,219
"216",2019,9,5.92663411764706,34,6.25292421052632,5.51333333333333,6.33333333333333,5.79166666666667,5.95555571428571,19,15,3,6,28,6996,4768,2228,649,1346,5650,6.15453085906232,6.3940979215604,5.64184874326751,5.56499229583975,5.97516270430907,6.19726175044248,220
"217",2019,10,6.60415094339623,53,7.11354838709677,5.88636363636364,5.35714285714286,6,6.6404,31,22,7,3,50,7049,4799,2250,656,1349,5700,6.15791146120017,6.39874534069598,5.64423955555556,5.5627743902439,5.97521793921423,6.20114892807018,221
"218",2019,11,6.25090909090909,44,6.458,5.97842105263158,5.4,7.41666666666667,6.16560975609756,25,19,5,3,41,7093,4824,2269,661,1352,5741,6.15848835330608,6.39905242330017,5.64703790215954,5.56154311649016,5.97841642011834,6.20089512105905,222
"219",2019,12,6.49922077922078,77,6.70607142857143,5.94761904761905,5.25,6.6,6.49222222222222,56,21,8,5,72,7170,4880,2290,669,1357,5813,6.16214754393305,6.40257559221312,5.64979432314411,5.55781763826607,5.98070670596905,6.20450350765526,223
"220",2020,1,6.5189840952381,105,6.8132444,5.78333333333333,5,6.3,6.54203505263158,75,30,5,10,95,7275,4955,2320,674,1367,5908,6.16729776219931,6.40879156811302,5.65152112068966,5.55367952522255,5.98304242867593,6.20993097833446,224
"221",2020,2,6.41197183098592,71,6.84803921568627,5.3,4.9,7.78125,6.23809523809524,51,20,5,8,63,7346,5006,2340,679,1375,5971,6.16966256738361,6.413266524171,5.64851666666667,5.54886597938144,5.99350472727273,6.21022813934014,225
"222",2020,3,6.52018333333333,75,6.66243181818182,6.129,5.375,6.78,6.501625,55,20,4,5,70,7421,5061,2360,683,1380,6041,6.17320508961056,6.41597430744912,5.65258855932203,5.54784773060029,5.99635434782609,6.21360469624234,226
"223",2020,4,6.38133333333333,75,6.6,5.91666666666667,6.14285714285714,6.60714285714286,6.32950819672131,51,24,7,14,61,7496,5112,2384,690,1394,6102,6.17528748265742,6.41781024452269,5.65524706375839,5.55388405797101,6.00248852223817,6.21476335136021,227
"224",2020,5,6.30438356164384,73,6.45148936170213,6.03846153846154,6.78571428571429,5.62,6.36567164179105,47,26,7,6,67,7569,5159,2410,697,1400,6169,6.17653256308627,6.41811707113782,5.65938132780083,5.56625538020086,6.00084928571429,6.21640232938888,228
"225",2020,6,6.57296288888889,45,6.83269230769231,6.21754368421053,8,8,6.50658906976744,26,19,2,2,43,7614,5185,2429,699,1402,6212,6.17887553191489,6.42019594406943,5.66374735693701,5.57321888412017,6.00370114122682,6.21841102704443,229
"226",2020,7,6.35342337837838,74,6.659444375,5.78846153846154,5.16666666666667,7.08333333333333,6.28901955882353,48,26,6,6,68,7688,5233,2455,705,1408,6280,6.18055562304891,6.42239046436079,5.66506815885947,5.56975886524822,6.00830184659091,6.21917557802548,230
"227",2020,8,6.28983050847458,59,6.77352941176471,5.632,4.6,6.5,6.252,34,25,5,9,50,7747,5267,2480,710,1417,6330,6.18138784432684,6.4246571672679,5.66473481048387,5.56292957746479,6.01142484121383,6.21943485466035,231
"228",2020,9,6.715625,48,6.87857142857143,6.4875,6.11111111111111,7.4,6.63604651162791,28,20,9,5,43,7795,5295,2500,719,1422,6373,6.18467756638871,6.42705746931067,5.671316932,5.56979137691238,6.01630731364276,6.22224582300329,232
"229",2020,10,6.29417910447761,67,6.76690476190476,5.5,5.28571428571429,7.3125,6.15610169491525,42,25,7,8,59,7862,5337,2525,726,1430,6432,6.18561073899771,6.42973192804947,5.66962072475248,5.56705234159779,6.02355874125874,6.22163909048507,233
"230",2020,11,6.3625,72,6.66976744186046,5.90689655172414,5.48,6.71428571428571,6.32461538461538,43,29,10,7,65,7934,5380,2554,736,1437,6497,6.18721598563146,6.4316504275093,5.67231492952232,5.56586956521739,6.02692345163535,6.22266932892104,234
"231",2020,12,6.66642608247423,97,6.90512432835821,6.13333333333333,6.5,5.58333333333333,6.73783879120879,67,30,3,6,91,8031,5447,2584,739,1443,6588,6.19300397957913,6.43747432164494,5.67766731037152,5.56966170500676,6.025079002079,6.2297853612629,235
"232",2021,1,6.32454545454545,110,6.68026315789474,5.52941176470588,5.9,6.6,6.30294117647059,76,34,5,8,102,8141,5523,2618,744,1451,6690,6.19478134872866,6.44081525076951,5.67574191367456,5.5718817204301,6.02824879393522,6.23090074140508,236
"233",2021,2,6.12670454545455,88,6.42196721311475,5.45962962962963,5,5.6,6.19423076923077,61,27,4,10,78,8229,5584,2645,748,1461,6768,6.19405334305505,6.44060935351003,5.67353585255199,5.56882352941176,6.02531759069131,6.23047812647754,237
"234",2021,3,6.36922216666667,60,6.50589139534884,6.02352941176471,4.66666666666667,5.8,6.42096963636364,43,17,3,5,55,8289,5627,2662,751,1466,6823,6.19532130413801,6.44110822107695,5.67577097295267,5.56521970705725,6.02454911323329,6.23201367287117,238
"235",2021,4,6.41025150943396,53,6.60585848484848,6.0875,5.79166666666667,5.5,6.48455775510204,33,20,6,4,49,8342,5660,2682,757,1470,6872,6.19668684008631,6.44206877915194,5.67884128635347,5.56701453104359,6.02312176870748,6.23381440919674,239
"236",2021,5,6.26386363636364,44,6.44965517241379,5.90466666666667,6,5.085,6.38175,29,15,5,4,40,8386,5689,2697,762,1474,6912,6.19703930598617,6.44210745122166,5.68009726733408,5.56985564304462,6.02057598371778,6.23467051793981,240
"237",2021,6,6.5445555,60,6.52251844444444,6.61066666666667,NA,5.6,6.63042418181818,45,15,0,5,55,8446,5734,2712,762,1479,6967,6.19950804522851,6.4427385106383,5.6852442219764,5.56985564304462,6.01915415821501,6.23779473948615,241
"238",2021,7,6.27549019607843,51,6.6109375,5.71052631578947,6.25,4.9,6.425,32,19,4,5,46,8497,5766,2731,766,1484,7013,6.1999640990938,6.44367197710718,5.68542011351153,5.57340731070496,6.01538342318059,6.23902266505062,242
"239",2021,8,6.41578947368421,57,6.62954545454545,5.69230769230769,5,5,6.49444444444444,44,13,2,3,54,8554,5810,2744,768,1487,7067,6.2014022620996,6.44507962478485,5.6854527441691,5.5719140625,6.01333490248823,6.24097438092543,243
"240",2021,9,6.54515159090909,44,6.82819057142857,5.44444444444444,NA,NA,6.54515159090909,35,9,0,0,44,8598,5845,2753,768,1487,7111,6.20316138869504,6.44737370230967,5.68466484925536,5.5719140625,6.01333490248823,6.24285650682042,244
"241",2021,10,6.57115384615385,52,6.85675675675676,5.86666666666667,4,6.83333333333333,6.51627906976744,37,15,1,9,43,8650,5882,2768,769,1496,7154,6.20537359768786,6.44994887623257,5.68565113078035,5.56986996098829,6.01826804812834,6.24449994688286,245
"242",2021,11,6.69523076923077,65,6.7358,6.56,6.25,6.64285714285714,6.70155172413793,50,15,4,7,58,8715,5932,2783,773,1503,7212,6.20902715088927,6.45235827545516,5.69036375494071,5.5733893919793,6.02117697937459,6.24817562673322,246
"243",2021,12,6.32050182795699,93,6.5723280952381,5.79166666666667,5.33333333333333,6.35714285714286,6.31751941860465,63,30,6,7,86,8808,5995,2813,779,1510,7298,6.21020416553133,6.45361900917431,5.69144412726626,5.57154043645699,6.02273443708609,6.24899277747328,247
"244",2022,1,6.37610349315069,146,6.61764030927835,5.89795918367347,5.72222222222222,6.63333333333333,6.34664969465649,97,49,9,15,131,8954,6092,2862,788,1525,7429,6.21290924726379,6.45623064182534,5.69497984975541,5.57326142131979,6.02874032786885,6.25071482029883,248
"245",2022,2,6.38378048780488,82,6.65966101694915,5.67608695652174,5.8,6.113,6.42138888888889,59,23,6,10,72,9036,6151,2885,794,1535,7501,6.21445987162461,6.45818193301902,5.6948292305026,5.57497481108312,6.02928925081433,6.25235307292361,249
"246",2022,3,6.63381637681159,69,6.77908490196078,6.22222222222222,5.66666666666667,6.125,6.70054639344262,51,18,3,8,61,9105,6202,2903,797,1543,7562,6.2176378616145,6.46082076749436,5.69809932139166,5.57531994981179,6.02978548282567,6.25596849113991,250
"247",2022,4,6.69836065573771,61,6.88536585365854,6.315,6.66666666666667,6.74444444444444,6.69038461538462,41,20,3,9,52,9166,6243,2923,800,1552,7614,6.22083708596989,6.46360890597469,5.70232033185084,5.5794125,6.03392976804124,6.25893534672971,251
"248",2022,5,6.49166666666667,60,7.04411764705882,5.76923076923077,6.07142857142857,5.85,6.62,34,26,7,10,50,9226,6277,2949,807,1562,7664,6.22259838825059,6.46675328978812,5.70291025093252,5.58368029739777,6.03275224071703,6.2612909355428,252
"249",2022,6,6.26949152542373,59,6.2625,6.27777777777778,6.6,5.71428571428571,6.34423076923077,32,27,5,7,52,9285,6309,2976,812,1569,7716,6.22289636295099,6.46571729275638,5.70812578293011,5.58993842364532,6.03133142128745,6.26184988724728,253
"250",2022,7,6.88,71,7.10890909090909,6.093125,5.5,7,6.86032786885246,55,16,4,10,61,9356,6364,2992,816,1579,7777,6.22788293394613,6.47127598994343,5.71018460227273,5.58949754901961,6.03746611779607,6.26654413398483,254
"251",2022,8,6.575,58,6.83714285714286,6.17608695652174,5,6.12,6.66979166666667,35,23,4,10,48,9414,6399,3015,820,1589,7825,6.23002153494795,6.47327713705267,5.7137387495854,5.58662195121951,6.03798552548773,6.26901772907348,255
"252",2022,9,6.25573770491803,61,6.69756097560976,5.35,5,6.65,6.2280701754386,41,20,3,4,57,9475,6440,3035,823,1593,7882,6.23018709551451,6.4747050310559,5.71134178912685,5.58448359659781,6.03952228499686,6.26872160999746,256
"253",2022,10,6.46079591836735,49,6.82263333333333,5.88947368421053,6.66666666666667,5.25,6.51231914893617,30,19,3,2,47,9524,6470,3054,826,1595,7929,6.23137355417891,6.47631829984544,5.71245000982318,5.58841404358353,6.03853228840126,6.27016556060033,257
"254",2022,11,6.23842634615385,52,6.35757575757576,6.03148263157895,5.625,7.1,6.08177659090909,33,19,4,8,44,9576,6503,3073,830,1603,7973,6.23141185254803,6.47571573120098,5.71442255125285,5.58859036144578,6.04382969432315,6.26912591245453,258
"255",2022,12,6.42303370786517,89,6.66203703703704,6.05428571428571,5.25,6.975,6.35316455696203,54,35,2,10,79,9665,6557,3108,832,1613,8052,6.2331763993792,6.47725017538508,5.71824983912484,5.58777644230769,6.04960260384377,6.26995043467461,259
