"","year","month","avg_rating","no_ratings","avg_rating_owned","avg_rating_not_owned","avg_rating_prev_owned","avg_rating_comment","avg_rating_no_comment","no_ratings_owned","no_ratings_not_owned","no_ratings_prev_owned","no_ratings_comment","no_ratings_no_comment","cum_no_ratings","cum_no_ratings_owned","cum_no_ratings_not_owned","cum_no_ratings_prev_owned","cum_no_ratings_comment","cum_no_ratings_no_comment","cum_avg_rating","cum_avg_rating_owned","cum_avg_rating_not_owned","cum_avg_rating_prev_owned","cum_avg_rating_comment","cum_avg_rating_no_comment","month_after_release"
"1",2001,10,9,1,9,NA,NA,NA,9,1,0,0,0,1,1,1,0,0,0,1,9,9,NA,NA,NA,9,5
"2",2001,11,7,1,7,NA,NA,NA,7,1,0,0,0,1,2,2,0,0,0,2,8,8,NA,NA,NA,8,6
"3",2001,12,6,1,NA,6,6,NA,6,0,1,1,0,1,3,2,1,1,0,3,7.33333333333333,8,6,6,NA,7.33333333333333,7
"4",2002,1,5,1,5,NA,NA,NA,5,1,0,0,0,1,4,3,1,1,0,4,6.75,7,6,6,NA,6.75,8
"5",2002,2,6,2,6,NA,NA,6,6,2,0,0,1,1,6,5,1,1,1,5,6.5,6.6,6,6,6,6.6,9
"6",2002,3,5,1,NA,5,NA,NA,5,0,1,0,0,1,7,5,2,1,1,6,6.28571428571429,6.6,5.5,6,6,6.33333333333333,10
"7",2002,4,5,1,5,NA,NA,NA,5,1,0,0,0,1,8,6,2,1,1,7,6.125,6.33333333333333,5.5,6,6,6.14285714285714,11
"8",2002,5,5,2,4,6,NA,4,6,1,1,0,1,1,10,7,3,1,2,8,5.9,6,5.66666666666667,6,5,6.125,12
"9",2002,7,5.4,5,5.25,6,6,5,6,4,1,1,3,2,15,11,4,2,5,10,5.73333333333333,5.72727272727273,5.75,6,5,6.1,14
"10",2002,8,5.8,5,5.75,6,6,NA,5.8,4,1,1,0,5,20,15,5,3,5,15,5.75,5.73333333333333,5.8,6,5,6,15
"11",2002,9,5.5,3,6.5,3.5,NA,5,5.75,2,1,0,1,2,23,17,6,3,6,17,5.71739130434783,5.82352941176471,5.41666666666667,6,5,5.97058823529412,16
"12",2002,10,4,2,4,NA,NA,NA,4,2,0,0,0,2,25,19,6,3,6,19,5.58,5.63157894736842,5.41666666666667,6,5,5.76315789473684,17
"13",2002,11,5.6,5,5.75,5,NA,NA,5.6,4,1,0,0,5,30,23,7,3,6,24,5.58333333333333,5.65217391304348,5.35714285714286,6,5,5.72916666666667,18
"14",2002,12,6,5,6,6,NA,6,6,3,2,0,2,3,35,26,9,3,8,27,5.64285714285714,5.69230769230769,5.5,6,5.25,5.75925925925926,19
"15",2003,1,5,6,5.25,4.5,NA,NA,5,4,2,0,0,6,41,30,11,3,8,33,5.54878048780488,5.63333333333333,5.31818181818182,6,5.25,5.62121212121212,20
"16",2003,2,6.25,4,6,7,NA,7,6,3,1,0,1,3,45,33,12,3,9,36,5.61111111111111,5.66666666666667,5.45833333333333,6,5.44444444444444,5.65277777777778,21
"17",2003,3,7,2,7,7,NA,NA,7,1,1,0,0,2,47,34,13,3,9,38,5.67021276595745,5.70588235294118,5.57692307692308,6,5.44444444444444,5.72368421052632,22
"18",2003,4,5.2,5,5.5,5,NA,5,5.25,2,3,0,1,4,52,36,16,3,10,42,5.625,5.69444444444444,5.46875,6,5.4,5.67857142857143,23
"19",2003,5,3.71428571428571,7,3.66666666666667,4,NA,4.66666666666667,3,6,1,0,3,4,59,42,17,3,13,46,5.39830508474576,5.40476190476191,5.38235294117647,6,5.23076923076923,5.44565217391304,24
"20",2003,6,5,8,4.75,5.25,NA,5.16666666666667,4.5,4,4,0,6,2,67,46,21,3,19,48,5.35074626865672,5.34782608695652,5.35714285714286,6,5.21052631578947,5.40625,25
"21",2003,7,4.81136363636364,22,5.325,4.38333333333333,NA,4.87,4.79411764705882,10,12,0,5,17,89,56,33,3,24,65,5.21741573033708,5.34375,5.0030303030303,6,5.13958333333333,5.24615384615385,26
"22",2003,8,4.33333333333333,12,5.25,3.875,NA,4,4.4,4,8,0,2,10,101,60,41,3,26,75,5.11237623762376,5.3375,4.78292682926829,6,5.05192307692308,5.13333333333333,27
"23",2003,9,4.83333333333333,6,5.2,3,NA,4,5.25,5,1,0,2,4,107,65,42,3,28,79,5.09672897196262,5.32692307692308,4.74047619047619,6,4.97678571428571,5.13924050632911,28
"24",2003,10,5.42857142857143,7,5.25,5.66666666666667,NA,6.5,5,4,3,0,2,5,114,69,45,3,30,84,5.1171052631579,5.32246376811594,4.80222222222222,6,5.07833333333333,5.13095238095238,29
"25",2003,12,4.6875,8,5.33333333333333,4.3,NA,4.75,4.66666666666667,3,5,0,2,6,122,72,50,3,32,90,5.08893442622951,5.32291666666667,4.752,6,5.0578125,5.1,31
"26",2004,1,4.85714285714286,7,4.33333333333333,5.25,NA,4.5,5,3,4,0,2,5,129,75,54,3,34,95,5.07635658914729,5.28333333333333,4.78888888888889,6,5.025,5.09473684210526,32
"27",2004,2,3.66923076923077,13,4.6,3.0875,1,3.4,3.8375,5,8,1,5,8,142,80,62,4,39,103,4.94753521126761,5.240625,4.56935483870968,4.75,4.81666666666667,4.99708737864078,33
"28",2004,3,4.28571428571429,7,5,4,4,5,3.75,2,5,1,3,4,149,82,67,5,42,107,4.91644295302013,5.23475609756098,4.52686567164179,4.6,4.8297619047619,4.95046728971963,34
"29",2004,4,5.85714285714286,7,5.85714285714286,NA,NA,6,5.8,7,0,0,2,5,156,89,67,5,44,112,4.95865384615385,5.28370786516854,4.52686567164179,4.6,4.88295454545455,4.98839285714286,35
"30",2004,5,5.8,5,5.75,6,NA,NA,5.8,4,1,0,0,5,161,93,68,5,44,117,4.98478260869565,5.30376344086022,4.5485294117647,4.6,4.88295454545455,5.02307692307692,36
"31",2004,6,4.5,8,5,4.2,NA,4.66666666666667,4.4,3,5,0,3,5,169,96,73,5,47,122,4.96183431952663,5.29427083333333,4.52465753424657,4.6,4.86914893617021,4.99754098360656,37
"32",2004,7,6.21428571428571,7,6.25,6,NA,6.5,5.83333333333333,6,1,0,4,3,176,102,74,5,51,125,5.01164772727273,5.35049019607843,4.54459459459459,4.6,4.99705882352941,5.0176,38
"33",2004,8,4.58333333333333,6,6.16666666666667,3,2.5,5,4.375,3,3,2,2,4,182,105,77,7,53,129,4.99752747252747,5.37380952380952,4.48441558441558,4,4.99716981132075,4.99767441860465,39
"34",2004,9,5,4,5,5,NA,4.66666666666667,6,3,1,0,3,1,186,108,78,7,56,130,4.99758064516129,5.36342592592593,4.49102564102564,4,4.97946428571429,5.00538461538462,40
"35",2004,10,5.29375,16,5.525,5.0625,NA,4.7125,5.875,8,8,0,8,8,202,116,86,7,64,138,5.0210396039604,5.37456896551724,4.54418604651163,4,4.94609375,5.05579710144928,41
"36",2004,11,6.42857142857143,7,8.66666666666667,4.75,NA,10,5.83333333333333,3,4,0,1,6,209,119,90,7,65,144,5.06818181818182,5.45756302521008,4.55333333333333,4,5.02384615384615,5.08819444444444,42
"37",2004,12,5.05555555555556,9,5.5,4.83333333333333,5,4.875,5.2,3,6,1,4,5,218,122,96,8,69,149,5.06766055045872,5.45860655737705,4.57083333333333,4.125,5.01521739130435,5.09194630872483,43
"38",2005,1,4.91666666666667,12,5.8,4.28571428571429,NA,4.5,5.125,5,7,0,4,8,230,127,103,8,73,157,5.05978260869565,5.47204724409449,4.55145631067961,4.125,4.98698630136986,5.09363057324841,44
"39",2005,2,4.64285714285714,7,5,4.5,NA,4.4,5.25,2,5,0,5,2,237,129,108,8,78,159,5.04746835443038,5.46472868217054,4.54907407407407,4.125,4.94935897435897,5.09559748427673,45
"40",2005,3,4.2375,16,4.15,4.5,NA,4.18,4.33333333333333,12,4,0,10,6,253,141,112,8,88,165,4.99624505928854,5.35283687943262,4.54732142857143,4.125,4.86193181818182,5.06787878787879,46
"41",2005,4,4.15,10,4.2,4.1,6,4.25,4,5,5,1,6,4,263,146,117,9,94,169,4.96406844106464,5.31335616438356,4.52820512820513,4.33333333333333,4.82287234042553,5.04260355029586,47
"42",2005,5,4.9,6,5.5,4.6,NA,4.66666666666667,5.13333333333333,2,4,0,3,3,269,148,121,9,97,172,4.96263940520446,5.31587837837838,4.53057851239669,4.33333333333333,4.8180412371134,5.04418604651163,48
"43",2005,6,3.77777777777778,9,5.66666666666667,2.83333333333333,NA,3.33333333333333,4.66666666666667,3,6,0,6,3,278,151,127,9,103,175,4.92428057553957,5.32284768211921,4.4503937007874,4.33333333333333,4.73155339805825,5.03771428571429,49
"44",2005,7,5.78571428571429,7,6.1,5,NA,6.375,5,5,2,0,4,3,285,156,129,9,107,178,4.94543859649123,5.34775641025641,4.45891472868217,4.33333333333333,4.79299065420561,5.03707865168539,50
"45",2005,8,4.625,12,5.16666666666667,4.08333333333333,4.5,4.33333333333333,4.72222222222222,6,6,2,3,9,297,162,135,11,110,187,4.93249158249158,5.34104938271605,4.44222222222222,4.36363636363636,4.78045454545454,5.02192513368984,51
"46",2005,9,4.71071428571429,14,4.85,4.57142857142857,3.75,6,3.99444444444444,7,7,2,5,9,311,169,142,13,115,196,4.92250803858521,5.3207100591716,4.44859154929577,4.26923076923077,4.83347826086956,4.97474489795918,52
"47",2005,10,5.66666666666667,12,6.625,3.75,NA,5,5.88888888888889,8,4,0,3,9,323,177,146,13,118,205,4.95015479876161,5.37966101694915,4.42945205479452,4.26923076923077,4.83771186440678,5.01487804878049,53
"48",2005,11,4.95,10,5.25,4.5,NA,4.9,5,6,4,0,5,5,333,183,150,13,123,210,4.95015015015015,5.37540983606557,4.43133333333333,4.26923076923077,4.84024390243902,5.01452380952381,54
"49",2005,12,5.63333333333333,15,5.68181818181818,5.5,NA,5.42857142857143,5.8125,11,4,0,7,8,348,194,154,13,130,218,4.97959770114943,5.39278350515464,4.45909090909091,4.26923076923077,4.87192307692308,5.04380733944954,55
"50",2006,1,4.9375,16,5.15,4.58333333333333,NA,4.14285714285714,5.55555555555556,10,6,0,7,9,364,204,160,13,137,227,4.97774725274725,5.38088235294118,4.46375,4.26923076923077,4.83467153284671,5.06409691629956,56
"51",2006,2,4.875,12,5.2,4.64285714285714,NA,2.75,5.9375,5,7,0,4,8,376,209,167,13,141,235,4.97446808510638,5.37655502392344,4.47125748502994,4.26923076923077,4.77553191489362,5.09382978723404,57
"52",2006,3,5.03,10,5.36666666666667,2,2,4.33333333333333,5.32857142857143,9,1,1,3,7,386,218,168,14,144,242,4.9759067357513,5.37614678899082,4.45654761904762,4.10714285714286,4.76631944444444,5.10061983471074,58
"53",2006,4,5.1875,8,5.1,5.33333333333333,NA,6,5.07142857142857,5,3,0,1,7,394,223,171,14,145,249,4.98020304568528,5.36995515695067,4.4719298245614,4.10714285714286,4.77482758620689,5.09979919678715,59
"54",2006,5,4.66666666666667,6,5.66666666666667,3.66666666666667,NA,4.5,4.75,3,3,0,2,4,400,226,174,14,147,253,4.9755,5.37389380530973,4.45804597701149,4.10714285714286,4.77108843537415,5.09426877470356,60
"55",2006,6,5.58111111111111,9,5.52875,6,NA,5.33333333333333,5.705,8,1,0,3,6,409,234,175,14,150,259,4.98882640586797,5.37918803418803,4.46685714285714,4.10714285714286,4.78233333333333,5.10841698841699,61
"56",2006,7,5.5,11,6.14285714285714,4.375,4,5.125,5.71428571428571,7,4,1,4,7,420,241,179,15,154,266,5.00221428571429,5.40136929460581,4.46480446927374,4.1,4.79123376623376,5.12436090225564,62
"57",2006,8,5,13,4.5625,5.7,6,5.2,4.875,8,5,1,5,8,433,249,184,16,159,274,5.00214780600462,5.37441767068273,4.49836956521739,4.21875,4.80408805031446,5.1170802919708,63
"58",2006,9,5.18181818181818,11,5.42857142857143,4.75,NA,5.4,5,7,4,0,5,6,444,256,188,16,164,280,5.0065990990991,5.3758984375,4.50372340425532,4.21875,4.82225609756097,5.11457142857143,64
"59",2006,10,4.26470588235294,17,5.07142857142857,3.7,NA,4.5,4.23333333333333,7,10,0,2,15,461,263,198,16,166,295,4.97924078091106,5.36779467680608,4.46313131313131,4.21875,4.8183734939759,5.06976271186441,65
"60",2006,11,5.1,10,5.375,4,5,5.25,5.0625,8,2,1,2,8,471,271,200,17,168,303,4.98180467091295,5.3680073800738,4.4585,4.26470588235294,4.8235119047619,5.06957095709571,66
"61",2006,12,5.09375,16,5.41666666666667,4.9,4,5.25,5.04166666666667,6,10,1,4,12,487,277,210,18,172,315,4.98548254620123,5.36906137184116,4.47952380952381,4.25,4.83343023255814,5.06850793650794,67
"62",2007,1,5,25,5.28125,4.5,4,4.61111111111111,5.21875,16,9,1,9,16,512,293,219,19,181,331,4.98619140625,5.3642662116041,4.48036529680365,4.23684210526316,4.82237569060773,5.07577039274925,68
"63",2007,2,5,17,5.72222222222222,4.1875,NA,5.66666666666667,4.63636363636364,9,8,0,6,11,529,302,227,19,187,342,4.98663516068053,5.37493377483444,4.47004405286343,4.23684210526316,4.84946524064171,5.06163742690059,69
"64",2007,3,5.02777777777778,18,5.22727272727273,4.71428571428571,2,4.91666666666667,5.08333333333333,11,7,1,6,12,547,313,234,20,193,354,4.98798903107861,5.36974440894569,4.47735042735043,4.125,4.85155440414508,5.06237288135593,70
"65",2007,4,5.46428571428571,14,5.64285714285714,5.28571428571429,5,5.64,5.36666666666667,7,7,2,5,9,561,320,241,22,198,363,4.9998752228164,5.37571875,4.50082987551867,4.20454545454545,4.87146464646465,5.0699173553719,71
"66",2007,5,5.19230769230769,13,6,4.25,3,6.83333333333333,4.7,7,6,1,3,10,574,327,247,23,201,373,5.00423344947735,5.38908256880734,4.49473684210526,4.15217391304348,4.90074626865672,5.06,72
"67",2007,6,5.14615384615385,13,5.32222222222222,4.75,NA,6.5,4.9,9,4,0,2,11,587,336,251,23,203,384,5.00737649063032,5.38729166666667,4.49880478087649,4.15217391304348,4.91650246305419,5.05541666666667,73
"68",2007,7,5.28888888888889,18,5.8,4.77777777777778,5.5,5.66666666666667,5.1,9,9,2,6,12,605,345,260,25,209,396,5.0157520661157,5.39805797101449,4.50846153846154,4.26,4.93803827751196,5.05676767676768,74
"69",2007,8,4.63636363636364,11,4.4,4.83333333333333,NA,5.33333333333333,4.375,5,6,0,3,8,616,350,266,25,212,404,5.00897727272727,5.3838,4.51578947368421,4.26,4.9436320754717,5.04326732673267,75
"70",2007,9,4.70588235294118,17,4.72727272727273,4.66666666666667,NA,4.25,4.84615384615385,11,6,0,4,13,633,361,272,25,216,417,5.00083728278041,5.36379501385042,4.51911764705882,4.26,4.93078703703704,5.03712230215827,76
"71",2007,10,5.59375,16,5.57692307692308,5.66666666666667,NA,5.5,5.65,13,3,0,6,10,649,374,275,25,222,427,5.01545454545455,5.37120320855615,4.53163636363636,4.26,4.94617117117117,5.05147540983607,77
"72",2007,11,4.90724137931034,29,5.36923076923077,4.531875,6,4.27777777777778,5.1905,13,16,2,9,20,678,387,291,27,231,447,5.01082595870207,5.37113695090439,4.53164948453608,4.38888888888889,4.92012987012987,5.05769574944072,78
"73",2007,12,5.33225806451613,31,5.88666666666667,4.8125,7,5.31111111111111,5.34090909090909,15,16,1,9,22,709,402,307,28,240,469,5.02488011283498,5.39037313432836,4.54628664495114,4.48214285714286,4.93479166666667,5.07098081023454,79
"74",2008,1,4.88636363636364,22,5.72727272727273,4.04545454545455,5.25,4.61111111111111,5.07692307692308,11,11,2,9,13,731,413,318,30,249,482,5.02071135430917,5.39934624697337,4.52896226415094,4.53333333333333,4.92309236947791,5.07114107883817,80
"75",2008,2,4.97,20,5.66666666666667,4.4,4.5,4.5,5.22307692307692,9,11,4,7,13,751,422,329,34,256,495,5.01936085219707,5.40504739336493,4.52465045592705,4.52941176470588,4.9115234375,5.07513131313131,81
"76",2008,3,5.01666666666667,30,4.83333333333333,5.29166666666667,4.5,4.3125,5.27272727272727,18,12,1,8,22,781,440,341,35,264,517,5.01925736235596,5.38165909090909,4.551642228739,4.52857142857143,4.89337121212121,5.08353965183752,82
"77",2008,4,5.125,16,5.72222222222222,4.35714285714286,2,4.71428571428571,5.44444444444444,9,7,1,7,9,797,449,348,36,271,526,5.02138017565872,5.3884855233853,4.54772988505747,4.45833333333333,4.88874538745388,5.08971482889734,83
"78",2008,5,5.5625,16,5.9,5,NA,5.5,5.6,10,6,0,6,10,813,459,354,36,277,536,5.03202952029521,5.39962962962963,4.55539548022599,4.45833333333333,4.90198555956679,5.09923507462687,84
"79",2008,6,6.09375,16,7.16666666666667,5.45,7,6.9,5.72727272727273,6,10,1,5,11,829,465,364,37,282,547,5.05252110977081,5.42243010752688,4.57997252747253,4.52702702702703,4.93741134751773,5.1118647166362,85
"80",2008,7,5.21052631578947,19,5.30769230769231,5,4.75,5.125,5.27272727272727,13,6,4,8,11,848,478,370,41,290,558,5.05606132075472,5.41930962343096,4.58678378378378,4.54878048780488,4.94258620689655,5.11503584229391,86
"81",2008,8,4.64285714285714,14,6.5,4.33333333333333,3.66666666666667,4.625,4.65,2,12,6,4,10,862,480,382,47,294,568,5.04935034802785,5.4238125,4.5788219895288,4.43617021276596,4.93826530612245,5.1068485915493,87
"82",2008,9,5.49333333333333,15,5.37777777777778,5.66666666666667,8,5.4,5.54,9,6,2,5,10,877,489,388,49,299,578,5.0569441277081,5.42296523517383,4.59564432989691,4.58163265306122,4.94598662207358,5.11434256055363,88
"83",2008,10,5.3125,16,5.54545454545455,4.8,5,5,5.41666666666667,11,5,3,4,12,893,500,393,52,303,590,5.06152295632699,5.42566,4.59824427480916,4.60576923076923,4.946699669967,5.12049152542373,89
"84",2008,11,5.04736842105263,19,4.93333333333333,5.15,5,3.6,5.31875,9,10,7,3,16,912,509,403,59,306,606,5.06122807017544,5.41695481335953,4.61193548387097,4.65254237288136,4.93349673202614,5.12572607260726,90
"85",2008,12,5.1304347826087,23,5.36363636363636,4.91666666666667,4.625,4.71428571428571,5.3125,11,12,8,7,16,935,520,415,67,313,622,5.06293048128342,5.41582692307693,4.62074698795181,4.64925373134328,4.92859424920128,5.13053054662379,91
"86",2009,1,5.20967741935484,31,5.59090909090909,5,4.95,4.9375,5.30434782608696,11,20,10,8,23,966,531,435,77,321,645,5.0676397515528,5.4194538606403,4.63818390804598,4.68831168831169,4.92881619937695,5.13672868217054,92
"87",2009,2,5.10384615384615,26,5.18333333333333,5.03571428571429,4.91666666666667,5.55,4.825,12,14,6,10,16,992,543,449,83,331,661,5.06858870967742,5.41423572744015,4.65057906458797,4.70481927710843,4.947583081571,5.12918305597579,93
"88",2009,3,5.44615384615385,26,5.41538461538462,5.47692307692308,5.3,5.22222222222222,5.56470588235294,13,13,5,9,17,1018,556,462,88,340,678,5.07823182711199,5.41426258992806,4.67383116883117,4.73863636363636,4.95485294117647,5.14010324483776,94
"89",2009,4,5.13541666666667,24,5.49615384615385,4.70909090909091,4.5,5.27777777777778,5.05,13,11,3,9,15,1042,569,473,91,349,693,5.07954894433781,5.41613356766257,4.6746511627907,4.73076923076923,4.96318051575931,5.13815295815296,95
"90",2009,5,5.19666666666667,30,5.60714285714286,4.8375,5,5.5,5.08636363636364,14,16,7,8,22,1072,583,489,98,357,715,5.08282649253731,5.42072041166381,4.67997955010225,4.75,4.97521008403361,5.13655944055944,96
"91",2009,6,4.13636363636364,11,4.5,4,4,4.33333333333333,4.0625,3,8,1,3,8,1083,586,497,99,360,723,5.07321329639889,5.41600682593857,4.66903420523139,4.74242424242424,4.96986111111111,5.12467496542185,97
"92",2009,7,4.81481481481481,27,5.16666666666667,4.71428571428571,4.5,4.25,4.91304347826087,6,21,5,4,23,1110,592,518,104,364,746,5.06692792792793,5.41347972972973,4.67086872586873,4.73076923076923,4.96195054945055,5.11815013404826,98
"93",2009,8,5.25,17,5.28125,5.22222222222222,6.05,5.12142857142857,5.34,8,9,2,7,10,1127,600,527,106,371,756,5.06968944099379,5.41171666666667,4.68028462998102,4.75566037735849,4.96495956873316,5.12108465608466,99
"94",2009,9,5,19,5.44444444444444,4.6,4.75,5.6,4.78571428571429,9,10,4,5,14,1146,609,537,110,376,770,5.06853403141361,5.41220032840723,4.6787895716946,4.75545454545455,4.97340425531915,5.11498701298701,100
"95",2009,10,5.05,20,4.75,5.35,4.875,3.83333333333333,5.26470588235294,10,10,4,3,17,1166,619,547,114,379,787,5.06821612349914,5.40150242326333,4.69106032906764,4.75964912280702,4.96437994722955,5.11822109275731,101
"96",2009,11,5.78666666666667,15,6.225,5.28571428571429,4.5,5.33333333333333,6.08888888888889,8,7,2,6,9,1181,627,554,116,385,796,5.07734123624048,5.41200956937799,4.69857400722022,4.7551724137931,4.97012987012987,5.1291959798995,102
"97",2009,12,4.968,25,5.4,4.5,5.16666666666667,5.25,4.78,13,12,6,10,15,1206,640,566,122,395,811,5.07507462686567,5.411765625,4.69436395759717,4.77540983606557,4.97721518987342,5.12273736128237,103
"98",2010,1,5.83214285714286,28,5.5,6.08125,6.3,5.04285714285714,6.09523809523809,12,16,10,7,21,1234,652,582,132,402,832,5.0922528363047,5.41338957055215,4.73249140893471,4.89090909090909,4.97835820895522,5.14728365384615,104
"99",2010,2,5.24285714285714,21,5.41,5.09090909090909,4.25,6,5.00625,10,11,4,5,16,1255,662,593,136,407,848,5.09477290836654,5.41333836858006,4.73913996627319,4.87205882352941,4.99090909090909,5.14462264150943,105
"100",2010,3,4.54615384615385,13,4.3875,4.8,2,4.01666666666667,5,8,5,1,6,7,1268,670,598,137,413,855,5.08914826498423,5.40108955223881,4.73964882943144,4.85109489051095,4.97675544794189,5.14343859649123,106
"101",2010,4,4.71428571428571,14,5,4.6,4.66666666666667,5,4.6,4,10,3,4,10,1282,674,608,140,417,865,5.08505460218409,5.39870919881306,4.73735197368421,4.84714285714286,4.97697841726619,5.13715606936416,107
"102",2010,5,5.18333333333333,12,5.925,4.8125,4.5,5.25,5.15,4,8,1,4,8,1294,678,616,141,421,873,5.08596599690881,5.40181415929204,4.73832792207792,4.84468085106383,4.97957244655582,5.13727376861397,108
"103",2010,6,5.23,20,5.95454545454545,4.34444444444444,4.675,4.86666666666667,5.38571428571429,11,9,4,6,14,1314,689,625,145,427,887,5.08815829528159,5.41063860667634,4.732656,4.84,4.97798594847775,5.14119503945885,109
"104",2010,7,5.46842105263158,19,6,4.99,4.98,3,5.60555555555556,9,10,5,1,18,1333,698,635,150,428,905,5.09357839459865,5.41823782234957,4.73670866141732,4.84466666666667,4.97336448598131,5.15043093922652,110
"105",2010,8,5.42307692307692,13,6.25,5.05555555555556,4.75,6,5.25,4,9,4,3,10,1346,702,644,154,431,915,5.09676077265974,5.42297720797721,4.74116459627329,4.84220779220779,4.98051044083527,5.15151912568306,111
"106",2010,9,5.19230769230769,13,5.07142857142857,5.33333333333333,7,5.125,5.22222222222222,7,6,1,4,9,1359,709,650,155,435,924,5.09767476085357,5.41950634696756,4.74663076923077,4.85612903225806,4.98183908045977,5.15220779220779,112
"107",2010,10,5,18,5.42857142857143,4.72727272727273,5,4.8,5.07692307692308,7,11,3,5,13,1377,716,661,158,440,937,5.09639796659405,5.41959497206704,4.74630862329803,4.85886075949367,4.97977272727273,5.15116328708645,113
"108",2010,11,4.925,20,5.78571428571429,4.46153846153846,4,3.5,5.08333333333333,7,13,3,2,18,1397,723,674,161,442,955,5.09394416607015,5.42313969571231,4.74081602373887,4.84285714285714,4.97307692307692,5.14988481675393,114
"109",2010,12,5.1,24,6.1125,4.59375,4.6,5.75,5.04090909090909,8,16,5,2,22,1421,731,690,166,444,977,5.09404644616468,5.43068399452804,4.73740579710145,4.8355421686747,4.97657657657658,5.14743091095189,115
"110",2011,1,4.72,25,4.75,4.70588235294118,4.57142857142857,3.92857142857143,5.02777777777778,8,17,7,7,18,1446,739,707,173,451,995,5.08757952973721,5.42331529093369,4.73664780763791,4.82485549132948,4.96031042128603,5.14526633165829,116
"111",2011,2,5.21666666666667,18,5.7375,4.8,4.66666666666667,5.475,5.14285714285714,8,10,3,4,14,1464,747,717,176,455,1009,5.08916666666667,5.42668005354752,4.73753138075314,4.82215909090909,4.96483516483517,5.14523290386521,117
"112",2011,3,5.31155,20,5.5165,4.83333333333333,5.131,5.82,5.14206666666667,14,6,1,5,15,1484,761,723,177,460,1024,5.09216374663073,5.42833245729304,4.73832641770401,4.82390395480226,4.97413043478261,5.1451865234375,118
"113",2011,4,4.4375,16,5,4.1,4,3.4,4.90909090909091,6,10,3,5,11,1500,767,733,180,465,1035,5.08518066666667,5.42498174706649,4.72961800818554,4.81017222222222,4.95720430107527,5.14267729468599,119
"114",2011,5,6,16,6.35,5.41666666666667,5.375,5.5,6.3,10,6,4,6,10,1516,777,739,184,471,1045,5.09483575197889,5.43688674388674,4.73519621109607,4.82245108695652,4.96411889596603,5.15375215311005,120
"115",2011,6,5.04166666666667,12,5.25,4.83333333333333,5,5.83333333333333,4.77777777777778,6,6,2,3,9,1528,783,745,186,474,1054,5.09441819371728,5.43545466155811,4.73598657718121,4.82436021505376,4.96962025316456,5.15054174573055,121
"116",2011,7,5.04166666666667,18,5.67857142857143,4.63636363636364,4.625,4.91666666666667,5.10416666666667,7,11,4,6,12,1546,790,756,190,480,1066,5.09380401034929,5.43760886075949,4.73453703703704,4.82016315789474,4.96895833333333,5.15001969981238,122
"117",2011,8,5.79444444444444,18,6.275,4.83333333333333,4.75,5.66666666666667,5.82,12,6,4,3,15,1564,802,762,194,483,1081,5.10186764705883,5.45013840399003,4.73531496062992,4.81871649484536,4.97329192546584,5.15931637372803,123
"118",2011,9,5.26363636363636,11,5.4,5.15,4.45,NA,5.26363636363636,5,6,2,0,11,1575,807,768,196,483,1092,5.10299746031746,5.44982775712516,4.7385546875,4.81495408163265,4.97329192546584,5.16036721611722,124
"119",2011,10,5.46666666666667,15,6.08333333333333,5.05555555555556,3.5,4.33333333333333,5.75,6,9,2,3,12,1590,813,777,198,486,1104,5.10642830188679,5.45450307503075,4.74222651222651,4.80167171717172,4.96934156378601,5.16677626811594,125
"120",2011,11,4.93157894736842,19,5.11111111111111,4.77,4,4.5,5.04666666666667,9,10,1,4,15,1609,822,787,199,490,1119,5.10436357986327,5.45074330900243,4.7425794155019,4.7976432160804,4.96551020408163,5.16516621983914,126
"121",2011,12,5.05263157894737,19,6.2,3.77777777777778,3.5,4.33333333333333,5.1875,10,9,4,3,16,1628,832,796,203,493,1135,5.10375982800983,5.45974879807692,4.73167085427135,4.77207389162562,4.96166328600406,5.16548105726872,127
"122",2012,1,5.58928571428571,28,6.06666666666667,5.03846153846154,6,5.375,5.625,15,13,5,4,24,1656,847,809,208,497,1159,5.11196920289855,5.47049704840614,4.73660074165636,4.80159134615385,4.96498993963783,5.17499654874892,128
"123",2012,2,5.08333333333333,12,5.42857142857143,4.6,NA,5.16666666666667,5.05555555555556,7,5,0,3,9,1668,854,814,208,500,1168,5.11176318944844,5.47015339578454,4.73576167076167,4.80159134615385,4.9662,5.17407619863014,129
"124",2012,3,4.4,10,4.75,4.16666666666667,3,3.25,4.6875,4,6,2,2,8,1678,858,820,210,502,1176,5.10752145411204,5.46679603729604,4.73159756097561,4.78443333333333,4.9593625498008,5.17076615646258,130
"125",2012,4,5.54444444444444,9,5.66666666666667,5.3,5,NA,5.54444444444444,6,3,2,0,9,1687,864,823,212,502,1185,5.10985240071132,5.46818402777778,4.7336695018226,4.78646698113208,4.9593625498008,5.17360421940928,131
"126",2012,5,5.0365,20,5.523,4.55,4.5,5.955,4.64285714285714,10,10,2,6,14,1707,874,833,214,508,1199,5.10899297012302,5.46881121281465,4.73146458583433,4.78378971962617,4.9711220472441,5.1674070058382,132
"127",2012,6,5.08333333333333,18,5.5,4.5625,6,5.75,5,10,8,1,2,16,1725,884,841,215,510,1215,5.10872521739131,5.46916402714932,4.72985731272295,4.78944651162791,4.97417647058824,5.1652024691358,133
"128",2012,7,5.21352941176471,17,5.59090909090909,4.52166666666667,3.5,5.25,5.19363636363636,11,6,1,6,11,1742,895,847,216,516,1226,5.10974799081516,5.47066033519553,4.72838252656434,4.78347685185185,4.97738372093023,5.16545758564437,134
"129",2012,8,5.51111111111111,9,6.2,4.65,6.3,6,5.26666666666667,5,4,2,3,6,1751,900,851,218,519,1232,5.11181096516277,5.47471222222222,4.72801410105758,4.79738990825688,4.98329479768786,5.16595048701299,135
"130",2012,9,5.38461538461539,13,6,4.4,5,3.5,5.72727272727273,8,5,1,2,11,1764,908,856,219,521,1243,5.11382142857143,5.47934030837004,4.72609813084112,4.79831506849315,4.97760076775432,5.17091794046661,136
"131",2012,10,5.14285714285714,14,5.7,4.83333333333333,5,4.4,5.55555555555556,5,9,1,5,9,1778,913,865,220,526,1252,5.11405005624297,5.48054874041621,4.72721387283237,4.79923181818182,4.9721102661597,5.17368290734824,137
"132",2012,11,5.43181818181818,22,6.03846153846154,4.55555555555556,4.75,6.05,4.91666666666667,13,9,4,10,12,1800,926,874,224,536,1264,5.11793388888889,5.48838120950324,4.72544622425629,4.79835267857143,4.99222014925373,5.17124287974683,138
"133",2012,12,4.59827586206897,29,5.025,4.2,3.83333333333333,4.33333333333333,4.66739130434783,14,15,6,6,23,1829,940,889,230,542,1287,5.10969436850738,5.48147978723404,4.71658042744657,4.77317826086957,4.98492619926199,5.16223853923854,139
"134",2013,1,5.11578947368421,19,5.92727272727273,4,5.5,4.8,5.22857142857143,11,8,2,5,14,1848,951,897,232,547,1301,5.10975703463204,5.48663617245005,4.7101895206243,4.77944396551724,4.98323583180987,5.1629523443505,140
"135",2013,2,5.34166666666667,12,5.5625,4.9,3,6,5.21,8,4,2,2,10,1860,959,901,234,549,1311,5.11125322580645,5.48726903023983,4.71103218645949,4.76423504273504,4.98693989071038,5.16331121281465,141
"136",2013,3,4.95238095238095,21,5.20454545454545,4.675,4,4.875,4.96052631578947,11,10,1,2,19,1881,970,911,235,551,1330,5.10947953216374,5.48406288659794,4.71063666300768,4.7609829787234,4.9865335753176,5.16041428571429,142
"137",2013,4,5.05333333333333,15,5.5,4.75555555555556,3.5,5.03333333333333,5.05833333333333,6,9,1,3,12,1896,976,920,236,554,1342,5.10903533755274,5.48416086065574,4.71107608695652,4.75563983050847,4.98678700361011,5.15950149031297,143
"138",2013,5,5.90368421052632,19,6.35615384615385,4.92333333333333,5.135,6.89,5.71875,13,6,4,3,16,1915,989,926,240,557,1358,5.11691958224543,5.49562285136502,4.71245140388769,4.7619625,4.99703770197487,5.16609057437408,144
"139",2013,6,5,9,5.25,4.8,5,5.33333333333333,4.83333333333333,4,5,2,3,6,1924,993,931,242,560,1364,5.11637266112266,5.49463343403827,4.7129215896885,4.76392975206612,4.99883928571429,5.16462683284457,145
"140",2013,7,4.91176470588235,17,5.78571428571429,4.3,3.5,3.5,5.34615384615385,7,10,2,4,13,1941,1000,941,244,564,1377,5.11458062854199,5.496671,4.70853347502656,4.75356967213115,4.98820921985816,5.16634059549746,146
"141",2013,8,5,8,5.8,3.66666666666667,NA,4.25,5.75,5,3,0,4,4,1949,1005,944,244,568,1381,5.11411031298102,5.49818009950249,4.70522245762712,4.75356967213115,4.98301056338028,5.16803113685735,147
"142",2013,9,5.13448275862069,29,5.57142857142857,4.72666666666667,4.2,4.9875,5.19047619047619,14,15,7,8,21,1978,1019,959,251,576,1402,5.11440899898888,5.49918645731109,4.70555787278415,4.73813147410359,4.98307291666667,5.16836733238231,148
"143",2013,10,5.5,10,5.5,5.5,6,5,5.625,6,4,1,2,8,1988,1025,963,252,578,1410,5.1163485915493,5.4991912195122,4.70885773624091,4.74313888888889,4.98313148788927,5.17095815602837,149
"144",2013,11,4.85192307692308,26,5.33333333333333,4.59705882352941,3.5,6,4.75625,9,17,1,2,24,2014,1034,980,253,580,1434,5.11293495531281,5.49774758220503,4.70691836734694,4.73822529644269,4.98663793103448,5.16401743375174,150
"145",2013,12,5.05208333333333,24,4.70454545454545,5.34615384615385,5.33333333333333,5.16666666666667,5.01388888888889,11,13,6,6,18,2038,1045,993,259,586,1452,5.11221835132483,5.4893980861244,4.71528700906344,4.75201158301158,4.98848122866894,5.16215633608816,151
"146",2014,1,5.73333333333333,18,5.76666666666667,5.66666666666667,5.5,5.33333333333333,5.81333333333333,12,6,2,3,15,2056,1057,999,261,589,1467,5.11765612840467,5.492545884579,4.721001001001,4.75774329501916,4.9902376910017,5.16881458759373,152
"147",2014,2,4.79,20,5,4.7375,4.5,3.75,5.05,4,16,8,4,16,2076,1061,1015,269,593,1483,5.11449951830443,5.49068897266729,4.72126108374384,4.7500780669145,4.9818718381113,5.16753270397842,153
"148",2014,3,5.45,15,4.65625,6.35714285714286,6.16666666666667,6,5.41071428571429,8,7,3,1,14,2091,1069,1022,272,594,1497,5.116906264945,5.48444434050514,4.73246575342465,4.76570220588235,4.98358585858586,5.16980694722779,154
"149",2014,4,4.91666666666667,12,4.83333333333333,5,7,4,5,6,6,1,1,11,2103,1075,1028,273,595,1508,5.11576367094627,5.48081023255814,4.73402723735408,4.77388644688645,4.98193277310925,5.16856830238727,155
"150",2014,5,4.4375,20,5.3125,3.85416666666667,3.625,3.91666666666667,4.66071428571429,8,12,4,6,14,2123,1083,1040,277,601,1522,5.10937399905794,5.47956694367498,4.723875,4.75729602888087,4.97129783693844,5.16389684625493,156
"151",2014,6,4.44736842105263,19,5.16666666666667,4.11538461538461,5,4.21428571428571,4.58333333333333,6,13,4,7,12,2142,1089,1053,281,608,1534,5.10350186741363,5.47784297520661,4.71636277302944,4.76075088967972,4.96258223684211,5.15935528031291,157
"152",2014,7,5.06608695652174,23,4.815,5.2,5,4.9,5.091,8,15,2,3,20,2165,1097,1068,283,611,1554,5.10310438799076,5.47300911577028,4.72315543071161,4.76244169611308,4.96227495908347,5.15847554697555,158
"153",2014,8,5.06,20,5.89,4.23,4.5,4.66666666666667,5.12941176470588,10,10,2,3,17,2185,1107,1078,285,614,1571,5.10270983981693,5.47677597109305,4.71858070500927,4.7606,4.96083061889251,5.15816104392107,159
"154",2014,9,5.4125,16,6.26666666666667,4.9,5,6,5.37333333333333,6,10,4,1,15,2201,1113,1088,289,615,1586,5.1049618355293,5.48103414195867,4.7202481617647,4.76391349480969,4.96252032520325,5.16019609079445,160
"155",2014,10,5.04166666666667,12,6.07142857142857,3.6,3,5.66666666666667,4.83333333333333,7,5,1,3,9,2213,1120,1093,290,618,1595,5.10461861726164,5.48472410714286,4.71512351326624,4.75783103448276,4.96593851132686,5.15835172413793,161
"156",2014,11,5.395,20,5.77777777777778,5.08181818181818,5.18,6.66666666666667,5.17058823529412,9,11,5,3,17,2233,1129,1104,295,621,1612,5.10721943573668,5.4870602302923,4.71877717391304,4.76498644067797,4.97415458937198,5.15848076923077,162
"157",2014,12,5.08421052631579,19,5.79166666666667,3.87142857142857,4,5,5.09411764705882,12,7,1,2,17,2252,1141,1111,296,623,1629,5.10702531083481,5.49026380368098,4.71343834383438,4.76240202702703,4.97423756019262,5.15780908532842,163
"158",2015,1,5.28333333333333,30,5.2,5.325,5.75,6,5.17307692307692,10,20,4,4,26,2282,1151,1131,300,627,1655,5.10934312007011,5.48774196350999,4.72425287356322,4.77557,4.98078149920255,5.15804894259819,164
"159",2015,2,4.99166666666667,18,4.84285714285714,5.08636363636364,6.13,5.18,4.91923076923077,7,11,5,5,13,2300,1158,1142,305,632,1668,5.10842217391304,5.48384369602763,4.7277408056042,4.7977737704918,4.98235759493671,5.1561876498801,165
"160",2015,3,4.50769230769231,13,5.22857142857143,3.66666666666667,5,5,4.41818181818182,7,6,2,2,11,2313,1165,1148,307,634,1679,5.1050458279291,5.48230987124464,4.72219512195122,4.79909120521173,4.98241324921136,5.15135259082788,166
"161",2015,4,5.38461538461539,26,5.9,5.0625,5.16666666666667,5,5.52631578947368,10,16,3,7,19,2339,1175,1164,310,641,1698,5.10815348439504,5.48586468085106,4.72687285223367,4.80264838709677,4.98260530421217,5.15554829210837,167
"162",2015,5,5.375,16,6,5.09090909090909,5,5.5,5.35714285714286,5,11,3,2,14,2355,1180,1175,313,643,1712,5.10996645435244,5.48804322033898,4.73028085106383,4.80453993610224,4.98421461897356,5.1571968457944,168
"163",2015,6,4.78611111111111,18,5.98333333333333,4.1875,4.875,5.4,4.55,6,12,4,5,13,2373,1186,1187,317,648,1725,5.10750990307628,5.49054890387858,4.72479359730413,4.80542902208202,4.98742283950617,5.15262086956522,169
"164",2015,7,4.915,20,5.5,4.525,4.5,4.8,4.95333333333333,8,12,4,5,15,2393,1194,1199,321,653,1740,5.10590096113665,5.4906122278057,4.72279399499583,4.8016230529595,4.98598774885146,5.15090287356322,170
"165",2015,8,4.76428571428571,14,5.46666666666667,3.5,4,9,4.43846153846154,9,5,1,1,13,2407,1203,1204,322,654,1753,5.10391400083091,5.49043308395678,4.71771594684385,4.79913354037267,4.992125382263,5.14561950941244,171
"166",2015,9,5.22222222222222,18,5.9,4.375,4,5,5.26666666666667,10,8,1,3,15,2425,1213,1212,323,657,1768,5.10479216494845,5.49380956306678,4.71545379537954,4.79665944272446,4.99216133942161,5.14664649321267,172
"167",2015,10,4.79230769230769,13,4.2,5.3,4.775,6,4.69166666666667,6,7,4,1,12,2438,1219,1219,327,658,1780,5.10312592288761,5.48744134536505,4.71881050041017,4.79639449541284,4.99369300911854,5.14357921348315,173
"168",2015,11,4.5025,20,4.93571428571429,4.26923076923077,3.25,1.5,4.83611111111111,7,13,4,2,18,2458,1226,1232,331,660,1798,5.09823881204231,5.4842911908646,4.71406655844156,4.77770694864048,4.98310606060606,5.14050111234705,174
"169",2015,12,4.71428571428571,21,5.55555555555556,4.08333333333333,4,5,4.68421052631579,9,12,4,2,19,2479,1235,1244,335,662,1817,5.09498628479226,5.48481052631579,4.70798231511254,4.76842089552239,4.98315709969789,5.13572977435333,175
"170",2016,1,5.17368421052632,38,5.82666666666667,4.74782608695652,4.07142857142857,4.73333333333333,5.21142857142857,15,23,7,3,35,2517,1250,1267,342,665,1852,5.0961744139849,5.4889128,4.70870560378847,4.75415497076023,4.98203007518797,5.13716036717063,176
"171",2016,2,4.78260869565217,23,5.375,4.13636363636364,4.66666666666667,4.85714285714286,4.75,12,11,3,7,16,2540,1262,1278,345,672,1868,5.09333503937008,5.48782963549921,4.703779342723,4.75339420289855,4.98072916666667,5.13384421841542,177
"172",2016,3,4.078125,16,4.3,3.97727272727273,3.75,4,4.08333333333333,5,11,5,1,15,2556,1267,1289,350,673,1883,5.08698004694836,5.48314206787687,4.69757951900698,4.73906,4.97927191679049,5.12547583643123,178
"173",2016,4,4.93333333333333,24,4.76363636363636,5.07692307692308,4.9,5.45,4.83,11,13,5,4,20,2580,1278,1302,355,677,1903,5.0855507751938,5.47694913928012,4.70136712749616,4.74132676056338,4.98205317577548,5.12237046768261,179
"174",2016,5,5.16666666666667,21,5.75,4,7,3.33333333333333,5.47222222222222,14,7,1,3,18,2601,1292,1309,356,680,1921,5.08620569011919,5.47990789473684,4.69761650114591,4.74767134831461,4.97477941176471,5.12564862051015,180
"175",2016,6,4.89,20,4.33333333333333,5.34545454545455,4.25,5.5,4.78235294117647,9,11,6,3,17,2621,1301,1320,362,683,1938,5.08470850820298,5.47197617217525,4.70301515151515,4.7394226519337,4.97708638360176,5.12263725490196,181
"176",2016,7,5.71666666666667,18,6.17272727272727,5,4.75,7.5,5.20714285714286,11,7,4,4,14,2639,1312,1327,366,687,1952,5.08901894657067,5.47785137195122,4.70458176337604,4.73953825136612,4.99177583697234,5.12324334016394,182
"177",2016,8,4.99166666666667,24,5.48571428571429,4.3,4.5,NA,4.99166666666667,14,10,4,0,24,2663,1326,1337,370,687,1976,5.08814156965828,5.47793438914027,4.70155572176514,4.73694864864865,4.99177583697234,5.12164524291498,183
"178",2016,9,5.08823529411765,17,5.55555555555556,4.5625,5,2,5.28125,9,8,4,1,16,2680,1335,1345,374,688,1992,5.08814216417911,5.47845767790262,4.70072862453531,4.73976203208556,4.9874273255814,5.12292720883534,184
"179",2016,10,5.1875,16,5.75,4.625,3,5,5.27272727272727,8,8,1,5,11,2696,1343,1353,375,693,2003,5.08873182492582,5.48007520476545,4.70028085735403,4.73512266666667,4.98751803751804,5.12374987518722,185
"180",2016,11,5.43478260869565,23,5.625,5,4,4.92857142857143,5.65625,16,7,1,7,16,2719,1359,1360,376,700,2019,5.09165906583303,5.48178145695364,4.70182352941176,4.73316755319149,4.98692857142857,5.12796978702328,186
"181",2016,12,4.96965517241379,29,5.16375,4.73076923076923,NA,6,4.755,16,13,0,5,24,2748,1375,1373,376,705,2043,5.09037154294032,5.47808072727273,4.702097596504,4.73316755319149,4.99411347517731,5.123588350465,187
"182",2017,1,5.05355555555556,36,5.1064,4.9875,5.36,5.12533333333333,5.02962962962963,20,16,5,9,27,2784,1395,1389,381,714,2070,5.08989547413793,5.47275197132616,4.70538516918646,4.7413937007874,4.9957675070028,5.12236280193237,188
"183",2017,2,4.79411764705882,17,4.90909090909091,4.58333333333333,4,7,4.5,11,6,1,2,15,2801,1406,1395,382,716,2085,5.08810032131382,5.46834210526316,4.70486021505376,4.73945287958115,5.00136592178771,5.11788537170264,189
"184",2017,3,4.31818181818182,11,4.08333333333333,4.6,4.75,3,4.61111111111111,6,5,4,2,9,2812,1412,1400,386,718,2094,5.08508854907539,5.46245679886686,4.70448571428571,4.7395621761658,4.99579108635098,5.11570725883477,190
"185",2017,4,5.17782608695652,23,5.2,5.16076923076923,2,5,5.19476190476191,10,13,1,2,21,2835,1422,1413,387,720,2115,5.08584091710759,5.46061111111111,4.70868365180467,4.73248320413437,4.99580277777778,5.11649219858156,191
"186",2017,5,4.90625,16,5.42857142857143,4.5,5.625,4,4.96666666666667,7,9,4,1,15,2851,1429,1422,391,721,2130,5.08483304103823,5.46045416375088,4.70736286919831,4.74161381074169,4.99442163661581,5.11543708920188,192
"187",2017,6,5.26086956521739,23,5.03846153846154,5.55,5,7,4.89473684210526,13,10,6,4,19,2874,1442,1432,397,725,2149,5.08624182324287,5.45664979195562,4.71324720670391,4.74551889168766,5.00548689655173,5.11348580735226,193
"188",2017,7,4.93333333333333,21,5.50714285714286,3.78571428571429,4.5,4.2,5.1625,14,7,2,5,16,2895,1456,1439,399,730,2165,5.08513264248705,5.4571353021978,4.70873523280055,4.74428822055138,4.9999698630137,5.1138480369515,194
"189",2017,8,4.71428571428571,28,5.72727272727273,4.05882352941176,4.57142857142857,4.75,4.70833333333333,11,17,7,4,24,2923,1467,1456,406,734,2189,5.08158022579542,5.45916087252897,4.70114697802198,4.7413078817734,4.99860762942779,5.10940201005025,195
"190",2017,9,5.25263157894737,19,5.58,4.88888888888889,6,6,5.1125,10,9,1,3,16,2942,1477,1465,407,737,2205,5.0826849082257,5.45997901150982,4.70230034129693,4.74440049140049,5.00268385345997,5.10942448979592,196
"191",2017,10,4.99357142857143,28,5.95466666666667,3.88461538461538,4.5,4.955,5,15,13,4,4,24,2970,1492,1478,411,741,2229,5.08184478114478,5.46495241286863,4.69510825439783,4.74202189781022,5.00242645074224,5.1082462987887,197
"192",2017,11,4.83888888888889,18,4.7,4.89230769230769,6.32,3.5,5.00625,5,13,5,2,16,2988,1497,1491,416,743,2245,5.0803811914324,5.46239746158985,4.69682763246143,4.76098798076923,4.99838223418574,5.10751937639198,198
"193",2017,12,5.14210526315789,38,5.42857142857143,4.975,5.66666666666667,4.5,5.17777777777778,14,24,3,2,36,3026,1511,1515,419,745,2281,5.08115631196299,5.46208405029782,4.70123432343234,4.76747255369928,4.99704429530201,5.10862823323104,199
"194",2018,1,5.14285714285714,28,5.45,4.375,5,5,5.15384615384615,20,8,5,2,26,3054,1531,1523,424,747,2307,5.08172200392927,5.46192619203135,4.69952068286277,4.77021462264151,4.99705220883534,5.10913784135241,200
"195",2018,2,4.84347826086957,23,5.66666666666667,4.31428571428571,6,6,4.67,9,14,5,3,20,3077,1540,1537,429,750,2327,5.07994117647059,5.46312272727273,4.69601171112557,4.78454778554778,5.001064,5.10536355822948,201
"196",2018,3,5.0625,24,5.5,4.45,4.5,4.3,5.26315789473684,14,10,5,5,19,3101,1554,1547,434,755,2346,5.07980619155111,5.46345495495496,4.69442146089205,4.78126958525345,4.99642119205298,5.10664151747656,202
"197",2018,4,5.38421052631579,19,6.04285714285714,5,4.5,6.66666666666667,5.14375,7,12,4,3,16,3120,1561,1559,438,758,2362,5.08165993589744,5.4660531710442,4.69677357280308,4.77870091324201,5.00303166226913,5.10689288738357,203
"198",2018,5,4.3828,25,4.95153846153846,3.76666666666667,3.33333333333333,4.25,4.40809523809524,13,12,3,4,21,3145,1574,1571,441,762,2383,5.07610461049285,5.46180368487929,4.68966900063653,4.76886848072562,4.99907874015748,5.10073478808225,204
"199",2018,6,5.37,15,6.06111111111111,4.33333333333333,5,6,5.27307692307692,9,6,4,2,13,3160,1583,1577,445,764,2396,5.0774996835443,5.46521099178775,4.68831325301205,4.77094606741573,5.00169895287958,5.10166986644407,205
"200",2018,7,6.04,25,7.22222222222222,5.375,7,6.66666666666667,5.95454545454545,9,16,1,3,22,3185,1592,1593,446,767,2418,5.0850546310832,5.47514384422111,4.6952102950408,4.77594394618834,5.0082112125163,5.10942969396195,206
"201",2018,8,5.34782608695652,23,5.83333333333333,4.81818181818182,4.75,5,5.4,12,11,4,3,20,3208,1604,1604,450,770,2438,5.08693859102244,5.47782356608479,4.6960536159601,4.77571333333333,5.00817922077922,5.11181337161608,207
"202",2018,9,5.96666666666667,15,6.44444444444444,5.25,2.5,9,5.75,9,6,1,1,14,3223,1613,1610,451,771,2452,5.09103288861309,5.48321698698078,4.69811801242236,4.77066740576497,5.01335667963684,5.11545717781403,208
"203",2018,10,5.49846153846154,26,5.79733333333333,5.09090909090909,5.5,5.83333333333333,5.45478260869565,15,11,4,3,23,3249,1628,1621,455,774,2475,5.09429332102185,5.48611117936118,4.70078346699568,4.77707912087912,5.01653488372093,5.1186105050505,209
"204",2018,11,4.75925925925926,27,5.43333333333333,3.91666666666667,3,4.5,4.78,15,12,2,2,25,3276,1643,1633,457,776,2500,5.09153205128205,5.48562933657943,4.6950214329455,4.76930196936543,5.01520360824742,5.1152244,210
"205",2018,12,4.4375,16,4.8,4.27272727272727,4.66666666666667,5,4.4,5,11,3,1,15,3292,1648,1644,460,777,2515,5.08835328068044,5.48354915048544,4.69219586374696,4.76863260869565,5.01518404118404,5.11095864811133,211
"206",2019,1,5.43055555555556,36,5.90476190476191,4.76666666666667,4.2,4.9,5.51612903225806,21,15,5,5,31,3328,1669,1659,465,782,2546,5.09205498798077,5.48884901138406,4.69286919831223,4.76251827956989,5.01444757033248,5.11589198743126,212
"207",2019,2,5.47966666666667,30,6.02722222222222,4.65833333333333,4.5,6.25,5.36115384615385,18,12,2,4,26,3358,1687,1671,467,786,2572,5.09551786777844,5.49459336099585,4.69262118491921,4.76139400428265,5.02073536895674,5.11837130637636,213
"208",2019,3,5.30857142857143,28,5.01210526315789,5.93444444444444,7,5.5,5.29384615384615,19,9,1,2,26,3386,1706,1680,468,788,2598,5.09727968103957,5.48921981242673,4.69927380952381,4.76617735042735,5.02195177664975,5.12012740569669,214
"209",2019,4,6.01190476190476,21,6.63461538461539,5,4.65,5.84166666666667,6.08,13,8,2,6,15,3407,1719,1688,470,794,2613,5.10291722923393,5.4978819080861,4.7006990521327,4.7656829787234,5.02814609571789,5.12563758132415,215
"210",2019,5,5.65,30,6.02777777777778,5.08333333333333,4.75,8,5.56896551724138,18,12,4,1,29,3437,1737,1700,474,795,2642,5.10769246435845,5.50337305699482,4.7034,4.76555063291139,5.03188427672956,5.13050378501135,216
"211",2019,6,5.13388888888889,18,5.49307692307692,4.2,3.5,5.5,5.088125,13,5,2,2,16,3455,1750,1705,476,797,2658,5.10782894356006,5.50329657142857,4.70192375366569,4.76023319327731,5.03305897114178,5.13024868322047,217
"212",2019,7,4.84210526315789,19,5.88888888888889,3.9,4.5,NA,4.84210526315789,9,10,2,0,19,3474,1759,1715,478,797,2677,5.10637564766839,5.50526947129051,4.69724781341108,4.75914435146443,5.03305897114178,5.12820358610385,218
"213",2019,8,5.641875,16,5.92857142857143,5.41888888888889,5.5,6.0675,5.5,7,9,2,4,12,3490,1766,1724,480,801,2689,5.10883065902579,5.50694733861835,4.70101508120649,4.76223125,5.03822471910112,5.12986277426553,219
"214",2019,9,4.88461538461539,26,5.875,4.44444444444444,4,4.5,4.91666666666667,8,18,5,2,24,3516,1774,1742,485,803,2713,5.10717263936291,5.50860710259301,4.69836394948335,4.75437319587629,5.03688418430884,5.12797677847401,220
"215",2019,10,5.47916666666667,24,5.45454545454545,5.5,5.5,7,5.41304347826087,11,13,2,1,23,3540,1785,1755,487,804,2736,5.10969463276836,5.50827394957983,4.70430199430199,4.75743531827515,5.03932587064677,5.13037317251462,221
"216",2019,11,4.86111111111111,27,5.53846153846154,4.23214285714286,4,3.71,5.12272727272727,13,14,4,5,22,3567,1798,1769,491,809,2758,5.10781300813008,5.50849221357063,4.70056529112493,4.75126476578411,5.03111001236094,5.13031218274112,222
"217",2019,12,5.49130434782609,23,5.65,5.31818181818182,6.5,5.46,5.5,12,11,2,5,18,3590,1810,1780,493,814,2776,5.11026991643454,5.50943038674033,4.70438202247191,4.75835902636917,5.03374447174447,5.13270929394813,223
"218",2020,1,5.40813953488372,43,6.328125,4.86296296296296,4.125,5.69642857142857,5.26896551724138,16,27,4,14,29,3633,1826,1807,497,828,2805,5.11379548582439,5.51660405257393,4.70675152185943,4.7532615694165,5.04494927536232,5.13411800356506,224
"219",2020,2,5.47368421052632,19,5.72222222222222,5.25,5,5.75,5.4,9,10,1,4,15,3652,1835,1817,498,832,2820,5.1156678532311,5.51761253405995,4.70974133186571,4.75375702811245,5.04833894230769,5.13553226950355,225
"220",2020,3,5.46651515151515,33,5.82588235294118,5.0846875,4.855,5,5.57018518518518,17,16,1,6,27,3685,1852,1833,499,838,2847,5.11880976933514,5.52044222462203,4.71301418439716,4.75395991983968,5.04799284009547,5.13965437302424,226
"221",2020,4,5.86538461538461,26,5.84375,5.9,5,6,5.83333333333333,16,10,4,5,21,3711,1868,1843,503,843,2868,5.12404042037187,5.52321145610278,4.71945469343462,4.75591650099403,5.0536393831554,5.14473361227336,227
"222",2020,5,4.81578947368421,19,5.77777777777778,3.95,2.66666666666667,1.5,5.20588235294118,9,10,3,2,17,3730,1877,1853,506,845,2885,5.12247024128686,5.52443207245605,4.71530221262817,4.74352964426877,5.04522840236686,5.14509393414211,228
"223",2020,6,5.453125,32,6.3125,4.59375,5.125,6.33333333333333,5.25,16,16,4,6,26,3762,1893,1869,510,851,2911,5.12528282828283,5.53109297411516,4.71426163723916,4.74652156862745,5.05431022326675,5.14603091721058,229
"224",2020,7,5.26538461538462,26,6.04166666666667,4.6,4.33333333333333,5.25,5.27222222222222,12,14,3,8,18,3788,1905,1883,513,859,2929,5.1262444561774,5.53430918635171,4.71341210833776,4.74410526315789,5.05613271245635,5.14680641857289,230
"225",2020,8,5.5,24,5.46153846153846,5.54545454545455,6.75,5.5,5.5,13,11,4,2,22,3812,1918,1894,517,861,2951,5.12859758656873,5.53381595411887,4.7182444561774,4.7596247582205,5.0571637630662,5.14943951202982,231
"226",2020,9,5.64545454545455,33,5.62857142857143,5.65789473684211,5.75,6.2,5.54642857142857,14,19,4,5,28,3845,1932,1913,521,866,2979,5.13303355006502,5.53450258799172,4.72757710402509,4.76722840690979,5.06376212471132,5.1531708627056,232
"227",2020,10,5.2,15,5.625,4.71428571428571,3.75,5.5,5.15384615384615,8,7,4,2,13,3860,1940,1920,525,868,2992,5.13329378238342,5.53487577319588,4.72752864583333,4.75947809523809,5.06476728110599,5.15317379679144,233
"228",2020,11,5.31666666666667,33,5.91428571428571,4.27083333333333,6.625,4,5.40161290322581,21,12,2,2,31,3893,1961,1932,527,870,3023,5.13484818905728,5.53893880673126,4.7246920289855,4.76655787476281,5.06231954022989,5.15572146873966,234
"229",2020,12,4.76290322580645,62,5.46774193548387,4.05806451612903,4.20625,5.1625,4.7037037037037,31,31,16,8,54,3955,1992,1963,543,878,3077,5.12901744627054,5.53783082329317,4.7141645440652,4.75004788213628,5.06323234624146,5.14778875528112,235
"230",2021,1,5.29285714285714,28,5.17777777777778,5.5,5.75,5.66666666666667,5.248,18,10,4,3,25,3983,2010,1973,547,881,3102,5.13016921918152,5.53460646766169,4.71814749113026,4.75736014625229,5.06528717366629,5.14859638942618,236
"231",2021,2,5.23076923076923,26,5.92307692307692,4.53846153846154,4.4,5.4,5.19047619047619,13,13,5,5,21,4009,2023,1986,552,886,3123,5.13082165128461,5.53710281759763,4.71697129909365,4.7541231884058,5.06717607223476,5.14887800192123,237
"232",2021,3,5.2,32,5.08333333333333,5.35,3.5,5,5.26666666666667,18,14,3,8,24,4041,2041,2000,555,894,3147,5.13136946300421,5.53310093091622,4.7214025,4.74734414414414,5.06657494407159,5.14977629488402,238
"233",2021,4,5.0125,20,5.60416666666667,4.125,3.5,4.75,5.05882352941176,12,8,2,3,17,4061,2053,2008,557,897,3164,5.13078404333908,5.53351631758402,4.71902639442231,4.74286535008977,5.06551616499443,5.14928761061947,239
"234",2021,5,5.36206896551724,29,5.83333333333333,4.59090909090909,NA,6,5.31481481481481,18,11,0,2,27,4090,2071,2019,557,899,3191,5.1324239608802,5.53612216320618,4.71832838038633,4.74286535008977,5.06759510567297,5.15068818552178,240
"235",2021,6,5.14285714285714,35,5.47058823529412,4.83333333333333,5,5.875,5.04838709677419,17,18,1,4,31,4125,2088,2037,558,903,3222,5.13251248484848,5.53558860153257,4.71934462444771,4.74332616487455,5.07117165005537,5.14970391061452,241
"236",2021,7,5.3875,40,5.54166666666667,5.32142857142857,5.875,5.125,5.41666666666667,12,28,4,4,36,4165,2100,2065,562,907,3258,5.13496134453781,5.53562333333333,4.72750847457627,4.75138078291815,5.07140904079383,5.15265377532228,242
"237",2021,8,5.69354838709677,31,6.34615384615385,5.22222222222222,5,4.625,5.85185185185185,13,18,4,4,27,4196,2113,2083,566,911,3285,5.1390881792183,5.54061003312825,4.73178348535765,4.75313780918728,5.0694489571899,5.15840060882801,243
"238",2021,9,5.37096774193548,31,5.66666666666667,5.25,4.25,5,5.38333333333333,9,22,8,1,30,4227,2122,2105,574,912,3315,5.14078873905843,5.54114467483506,4.73719952494061,4.74612543554007,5.06937280701754,5.16043619909502,244
"239",2021,10,5.17837837837838,37,5.34615384615385,5.0875,4,3.6,5.425,13,24,7,5,32,4264,2135,2129,581,917,3347,5.14111491557223,5.53995737704918,4.74114842649131,4.73713597246127,5.06136095965104,5.16296564087242,245
"240",2021,11,5.78461538461538,26,6.83846153846154,4.73076923076923,5,NA,5.78461538461538,13,13,3,0,26,4290,2148,2142,584,917,3373,5.14501491841492,5.54781610800745,4.74108543417367,4.73848630136986,5.06136095965104,5.16775748591758,246
"241",2021,12,5.43793103448276,29,5.84375,4.93846153846154,3.6,4.5,5.50740740740741,16,13,2,2,27,4319,2164,2155,586,919,3400,5.14698170872887,5.55000415896488,4.74227610208816,4.73460068259386,5.06013928182808,5.17045470588235,247
"242",2022,1,5.36621621621622,37,5.81176470588235,4.9875,5.1,4.5,5.64464285714286,17,20,5,9,28,4356,2181,2175,591,928,3428,5.14884389348026,5.55204447501146,4.74453103448276,4.73769204737733,5.05470689655172,5.17432788798133,248
"243",2022,2,5.12666666666667,30,5.55333333333333,4.7,4,6.3,4.892,15,15,3,5,25,4386,2196,2190,594,933,3453,5.14869220246238,5.55205327868852,4.74422602739726,4.73396632996633,5.06138049303323,5.17228381117868,249
"244",2022,3,5.47096774193548,31,5.7578947368421,5.01666666666667,5,5.2,5.55,19,12,2,7,24,4417,2215,2202,596,940,3477,5.15095404120444,5.55381896162528,4.74571071752952,4.73485906040268,5.06241276595745,5.17489099798677,250
"245",2022,4,4.95,20,5.41666666666667,4.25,NA,NA,4.95,12,8,0,0,20,4437,2227,2210,596,940,3497,5.15004823078657,5.55307992815447,4.74391628959276,4.73485906040268,5.06241276595745,5.17360480411781,251
"246",2022,5,4.76896551724138,29,4.98461538461538,4.59375,4,5.08333333333333,4.68695652173913,13,16,5,6,23,4466,2240,2226,601,946,3520,5.1475736677116,5.54978080357143,4.74283692722372,4.72874542429285,5.06254545454546,5.170425,252
"247",2022,6,5.97095238095238,21,7.28428571428571,5.31428571428571,3.95,6.33333333333333,5.91055555555556,7,14,2,3,18,4487,2247,2240,603,949,3538,5.15142723423223,5.55518424566088,4.74640848214285,4.72616252072969,5.0665626975764,5.1741905031091,253
"248",2022,7,5.3675,38,5.948,4.7225,5.7,5.30666666666667,5.38637931034483,20,18,5,9,29,4525,2267,2258,608,958,3567,5.1532417679558,5.55864975738862,4.74621789193977,4.73417105263158,5.06881837160752,5.17591561536305,254
"249",2022,8,5.32352941176471,34,6.05555555555556,5.06,5,4.25,5.46666666666667,9,25,4,4,30,4559,2276,2283,612,962,3597,5.15451173502961,5.56061467486819,4.74965396408234,4.73590849673203,5.06541372141372,5.17834056157909,255
"250",2022,9,5.25463333333333,30,5.83990909090909,4.91578947368421,4,5.4478,5.216,11,19,4,5,25,4589,2287,2302,616,967,3622,5.1551662671606,5.56195802361172,4.75102519548219,4.73112987012987,5.06739089968976,5.178600496963,256
"251",2022,10,5.66,25,6,5.29166666666667,5.4,5,5.71739130434783,13,12,5,2,23,4614,2300,2314,621,969,3645,5.15790160381448,5.56443391304348,4.75382886776145,4.7365152979066,5.06725180598555,5.18200027434842,257
"252",2022,11,5.71346153846154,26,6.5,5.13666666666667,3.56,4.2,5.91086956521739,11,15,5,3,23,4640,2311,2329,626,972,3668,5.16101465517241,5.56888706187797,4.75629454701588,4.72711821086262,5.06457510288066,5.18657061068702,258
"253",2022,12,5.185926,30,5.6347225,5.02272727272727,5,6,5.09547333333333,8,22,4,3,27,4670,2319,2351,630,975,3695,5.16117468522484,5.56911417852522,4.75878774989366,4.72885079365079,5.06745333333333,5.18590494722598,259
