"","year","month","avg_rating","no_ratings","avg_rating_owned","avg_rating_not_owned","avg_rating_prev_owned","avg_rating_comment","avg_rating_no_comment","no_ratings_owned","no_ratings_not_owned","no_ratings_prev_owned","no_ratings_comment","no_ratings_no_comment","cum_no_ratings","cum_no_ratings_owned","cum_no_ratings_not_owned","cum_no_ratings_prev_owned","cum_no_ratings_comment","cum_no_ratings_no_comment","cum_avg_rating","cum_avg_rating_owned","cum_avg_rating_not_owned","cum_avg_rating_prev_owned","cum_avg_rating_comment","cum_avg_rating_no_comment","month_after_release"
"1",2001,10,7.25,4,7.25,NA,NA,6.5,8,4,0,0,2,2,4,4,0,0,2,2,7.25,7.25,NA,NA,6.5,8,0
"2",2001,11,7.25,4,7.33333333333333,7,NA,8,7,3,1,0,1,3,8,7,1,0,3,5,7.25,7.28571428571429,7,NA,7,7.4,1
"3",2001,12,5.25,4,4.66666666666667,7,NA,NA,5.25,3,1,0,0,4,12,10,2,0,3,9,6.58333333333333,6.5,7,NA,7,6.44444444444444,2
"4",2002,1,6.25,4,6.33333333333333,6,NA,7,5.5,3,1,0,2,2,16,13,3,0,5,11,6.5,6.46153846153846,6.66666666666667,NA,7,6.27272727272727,3
"5",2002,2,6.1,5,6.125,6,NA,7,5.875,4,1,0,1,4,21,17,4,0,6,15,6.40476190476191,6.38235294117647,6.5,NA,7,6.16666666666667,4
"6",2002,3,4.6,5,4.33333333333333,5,NA,NA,4.6,3,2,0,0,5,26,20,6,0,6,20,6.05769230769231,6.075,6,NA,7,5.775,5
"7",2002,4,6,2,NA,6,5,5,7,0,2,1,1,1,28,20,8,1,7,21,6.05357142857143,6.075,6,5,6.71428571428571,5.83333333333333,6
"8",2002,5,8.5,2,10,7,NA,NA,8.5,1,1,0,0,2,30,21,9,1,7,23,6.21666666666667,6.26190476190476,6.11111111111111,5,6.71428571428571,6.06521739130435,7
"9",2002,6,5,1,5,NA,NA,NA,5,1,0,0,0,1,31,22,9,1,7,24,6.17741935483871,6.20454545454545,6.11111111111111,5,6.71428571428571,6.02083333333333,8
"10",2002,7,7.4,5,7.4,NA,NA,NA,7.4,5,0,0,0,5,36,27,9,1,7,29,6.34722222222222,6.42592592592593,6.11111111111111,5,6.71428571428571,6.25862068965517,9
"11",2002,8,5.88888888888889,9,6.5,4.66666666666667,5.5,5.16666666666667,6.25,6,3,1,3,6,45,33,12,2,10,35,6.25555555555556,6.43939393939394,5.75,5.25,6.25,6.25714285714286,10
"12",2002,9,4.66666666666667,3,4,5,NA,4,5,1,2,0,1,2,48,34,14,2,11,37,6.15625,6.36764705882353,5.64285714285714,5.25,6.04545454545455,6.18918918918919,11
"13",2002,10,6,5,5.66666666666667,6.5,NA,5,6.25,3,2,0,1,4,53,37,16,2,12,41,6.14150943396226,6.31081081081081,5.75,5.25,5.95833333333333,6.19512195121951,12
"14",2002,11,5.5,4,5.5,NA,NA,5.66666666666667,5,4,0,0,3,1,57,41,16,2,15,42,6.09649122807018,6.23170731707317,5.75,5.25,5.9,6.16666666666667,13
"15",2002,12,6.8,5,7,6,6,9,6.25,4,1,1,1,4,62,45,17,3,16,46,6.15322580645161,6.3,5.76470588235294,5.5,6.09375,6.17391304347826,14
"16",2003,1,6.0625,8,6.625,5.5,5,5,6.21428571428571,4,4,2,1,7,70,49,21,5,17,53,6.14285714285714,6.3265306122449,5.71428571428571,5.3,6.02941176470588,6.17924528301887,15
"17",2003,2,6.16666666666667,6,6,6.33333333333333,7,6.5,6,3,3,1,2,4,76,52,24,6,19,57,6.14473684210526,6.30769230769231,5.79166666666667,5.58333333333333,6.07894736842105,6.16666666666667,16
"18",2003,3,7.5,4,8,6,NA,9,6,3,1,0,2,2,80,55,25,6,21,59,6.2125,6.4,5.8,5.58333333333333,6.35714285714286,6.16101694915254,17
"19",2003,4,6.83333333333333,6,7.33333333333333,6.33333333333333,NA,6,7,3,3,0,1,5,86,58,28,6,22,64,6.25581395348837,6.44827586206897,5.85714285714286,5.58333333333333,6.34090909090909,6.2265625,18
"20",2003,5,6.1875,8,6.75,5.625,NA,6.25,6.16666666666667,4,4,0,2,6,94,62,32,6,24,70,6.25,6.46774193548387,5.828125,5.58333333333333,6.33333333333333,6.22142857142857,19
"21",2003,6,6.3,15,6.625,5,NA,6.92857142857143,5.75,12,3,0,7,8,109,74,35,6,31,78,6.25688073394495,6.49324324324324,5.75714285714286,5.58333333333333,6.46774193548387,6.17307692307692,20
"22",2003,7,5.46315789473684,38,5.53333333333333,5.41739130434783,NA,5.79,5.34642857142857,15,23,0,10,28,147,89,58,6,41,106,6.05170068027211,6.3314606741573,5.62241379310345,5.58333333333333,6.30243902439024,5.95471698113208,21
"23",2003,8,5.7,10,6,5,NA,6,5.5,7,3,0,4,6,157,96,61,6,45,112,6.02929936305732,6.30729166666667,5.59180327868853,5.58333333333333,6.27555555555556,5.93035714285714,22
"24",2003,9,6.35714285714286,7,6.875,5.66666666666667,NA,6.3,6.5,4,3,0,5,2,164,100,64,6,50,114,6.04329268292683,6.33,5.5953125,5.58333333333333,6.278,5.94035087719298,23
"25",2003,10,6.5125,8,6.72857142857143,5,NA,6,6.58571428571429,7,1,0,1,7,172,107,65,6,51,121,6.06511627906977,6.35607476635514,5.58615384615385,5.58333333333333,6.27254901960784,5.97768595041322,24
"26",2003,11,6.75,4,8,5.5,NA,9,6,2,2,0,1,3,176,109,67,6,52,124,6.08068181818182,6.38623853211009,5.58358208955224,5.58333333333333,6.325,5.97822580645161,25
"27",2003,12,7,9,7.125,6,NA,7,7,8,1,0,6,3,185,117,68,6,58,127,6.1254054054054,6.43675213675214,5.58970588235294,5.58333333333333,6.3948275862069,6.00236220472441,26
"28",2004,1,5.18181818181818,11,5.33333333333333,5,5.5,3.66666666666667,5.75,6,5,2,3,8,196,123,73,8,61,135,6.07244897959184,6.38292682926829,5.54931506849315,5.5625,6.26065573770492,5.98740740740741,27
"29",2004,2,5.88571428571429,14,5.84285714285714,5.92857142857143,5,6,5.87692307692308,7,7,1,1,13,210,130,80,9,62,148,6.06,6.35384615384615,5.5825,5.5,6.25645161290323,5.9777027027027,28
"30",2004,3,6,8,6,6,NA,NA,6,5,3,0,0,8,218,135,83,9,62,156,6.05779816513761,6.34074074074074,5.59759036144578,5.5,6.25645161290323,5.97884615384615,29
"31",2004,4,6.0625,8,6.1,6,5.5,6,6.16666666666667,5,3,2,5,3,226,140,86,11,67,159,6.05796460176991,6.33214285714286,5.61162790697674,5.5,6.23731343283582,5.98238993710692,30
"32",2004,5,5.6,5,6,5,NA,5.66666666666667,5.5,3,2,0,3,2,231,143,88,11,70,161,6.04805194805195,6.32517482517482,5.59772727272727,5.5,6.21285714285714,5.97639751552795,31
"33",2004,6,5.87272727272727,11,5.84444444444444,6,NA,6.66666666666667,5.575,9,2,0,3,8,242,152,90,11,73,169,6.0400826446281,6.29671052631579,5.60666666666667,5.5,6.23150684931507,5.95739644970414,32
"34",2004,7,6,12,5.88888888888889,6.33333333333333,6.5,7,5.90909090909091,9,3,2,1,11,254,161,93,13,74,180,6.03818897637795,6.27391304347826,5.63010752688172,5.65384615384615,6.24189189189189,5.95444444444445,33
"35",2004,8,6.75,12,7.5,3,NA,6.5,7,10,2,0,6,6,266,171,95,13,80,186,6.0703007518797,6.34561403508772,5.57473684210526,5.65384615384615,6.26125,5.98817204301075,34
"36",2004,9,6.60714285714286,14,7.05,5.5,6,7.25,6.125,10,4,1,6,8,280,181,99,14,86,194,6.09714285714286,6.38453038674033,5.57171717171717,5.67857142857143,6.33023255813953,5.99381443298969,35
"37",2004,10,5.84210526315789,19,6.3125,3.33333333333333,NA,5.8,5.85714285714286,16,3,0,5,14,299,197,102,14,91,208,6.0809364548495,6.37868020304568,5.50588235294118,5.67857142857143,6.3010989010989,5.98461538461539,36
"38",2004,11,6.64285714285714,14,6.8,6.25,NA,5.66666666666667,6.90909090909091,10,4,0,3,11,313,207,106,14,94,219,6.10607028753994,6.39903381642512,5.53396226415094,5.67857142857143,6.28085106382979,6.0310502283105,37
"39",2004,12,6.64285714285714,14,6.81818181818182,6,NA,6.57142857142857,6.71428571428571,11,3,0,7,7,327,218,109,14,101,226,6.12905198776758,6.42018348623853,5.54678899082569,5.67857142857143,6.3009900990099,6.05221238938053,38
"40",2005,1,5.753125,32,6.07894736842105,5.27692307692308,6,5.88888888888889,5.7,19,13,1,9,23,359,237,122,15,110,249,6.09554317548746,6.39282700421941,5.51803278688525,5.7,6.26727272727273,6.01967871485944,39
"41",2005,2,5.82352941176471,17,7.25,5.38461538461539,5.5,6.375,5.33333333333333,4,13,2,8,9,376,241,135,17,118,258,6.08324468085106,6.40705394190871,5.50518518518519,5.67647058823529,6.27457627118644,5.99573643410853,40
"42",2005,3,6,13,6.5,5.2,NA,6.07142857142857,5.91666666666667,8,5,0,7,6,389,249,140,17,125,264,6.08046272493573,6.41004016064257,5.49428571428572,5.67647058823529,6.2632,5.99393939393939,41
"43",2005,4,5.45454545454545,11,6.07142857142857,4.375,NA,4.5,6,7,4,0,4,7,400,256,144,17,129,271,6.06325,6.40078125,5.46319444444445,5.67647058823529,6.20852713178295,5.99409594095941,42
"44",2005,5,6.47222222222222,18,6.75,5.5,NA,6.55,6.375,14,4,0,10,8,418,270,148,17,139,279,6.08086124401914,6.41888888888889,5.46418918918919,5.67647058823529,6.23309352517986,6.00501792114695,43
"45",2005,6,5.83333333333333,12,6.22222222222222,4.66666666666667,4,5.4,6.14285714285714,9,3,1,5,7,430,279,151,18,144,286,6.07395348837209,6.41254480286738,5.44834437086093,5.58333333333333,6.20416666666667,6.00839160839161,44
"46",2005,7,6.21428571428571,14,6.41666666666667,5,NA,6.1,6.27777777777778,12,2,0,5,9,444,291,153,18,149,295,6.07837837837838,6.4127147766323,5.44248366013072,5.58333333333333,6.2006711409396,6.01661016949153,45
"47",2005,8,6,21,6,6,5,5.66666666666667,6.25,16,5,1,9,12,465,307,158,19,158,307,6.07483870967742,6.39120521172638,5.46012658227848,5.55263157894737,6.17025316455696,6.0257328990228,46
"48",2005,9,5.3,15,5.05,5.8,6,5.42857142857143,5.1875,10,5,1,7,8,480,317,163,20,165,315,6.050625,6.34889589905363,5.47055214723926,5.575,6.13878787878788,6.00444444444445,47
"49",2005,10,6.59523809523809,21,6.79411764705882,5.75,7,6,7.25,17,4,1,11,10,501,334,167,21,176,325,6.07345309381237,6.37155688622754,5.47724550898204,5.64285714285714,6.13011363636364,6.04276923076923,48
"50",2005,11,6.42857142857143,14,7,5.4,NA,6.33333333333333,6.5,9,5,0,6,8,515,343,172,21,182,333,6.0831067961165,6.38804664723032,5.475,5.64285714285714,6.13681318681319,6.05375375375375,49
"51",2005,12,6.52631578947368,19,6.61538461538461,6.33333333333333,7,7,6.30769230769231,13,6,1,6,13,534,356,178,22,188,346,6.09887640449438,6.39634831460674,5.50393258426966,5.70454545454546,6.16436170212766,6.06329479768786,50
"52",2006,1,6.88333333333333,30,6.90476190476191,6.83333333333333,6.5,6.92307692307692,6.85294117647059,21,9,2,13,17,564,377,187,24,201,363,6.14060283687943,6.42466843501326,5.56791443850268,5.77083333333333,6.2134328358209,6.10027548209367,51
"53",2006,2,6.11129166666667,24,6.76221428571429,5.2,5,6.2671,6,14,10,1,10,14,588,391,197,25,211,377,6.13940646258503,6.43675447570332,5.5492385786802,5.74,6.21597630331754,6.09655172413793,52
"54",2006,3,6.17647058823529,17,6.30769230769231,5.75,6,5.6,6.41666666666667,13,4,1,5,12,605,404,201,26,216,389,6.1404479338843,6.43260148514851,5.55323383084577,5.75,6.20171759259259,6.10642673521851,53
"55",2006,4,6.57142857142857,7,6.5,7,NA,7.5,6.2,6,1,0,2,5,612,410,202,26,218,394,6.14537745098039,6.43358780487805,5.56039603960396,5.75,6.21362844036697,6.10761421319797,54
"56",2006,5,6,6,6.2,5,NA,6.66666666666667,5.33333333333333,5,1,0,3,3,618,415,203,26,221,397,6.14396601941747,6.4307734939759,5.5576354679803,5.75,6.21977828054299,6.10176322418136,55
"57",2006,6,5.63421052631579,19,6.17083333333333,4.71428571428571,NA,5.57142857142857,5.67083333333333,12,7,0,7,12,637,427,210,26,228,409,6.12876138147567,6.42346838407494,5.52952380952381,5.75,6.19987280701754,6.08911980440098,56
"58",2006,7,5.265,20,5.73571428571429,4.16666666666667,NA,6.76666666666667,5,14,6,0,3,17,657,441,216,26,231,426,6.10246727549467,6.40163492063492,5.49166666666667,5.75,6.20723376623377,6.04565727699531,57
"59",2006,8,5.92857142857143,14,6.57142857142857,5.28571428571429,NA,6.66666666666667,5.72727272727273,7,7,0,3,11,671,448,223,26,234,437,6.0988390461997,6.40428794642857,5.48520179372197,5.75,6.21312393162393,6.03764302059497,58
"60",2006,9,5.77222222222222,18,6.1,5.3625,7.4,5.76666666666667,5.77777777777778,10,8,1,9,9,689,458,231,27,243,446,6.09030624092888,6.39764410480349,5.48095238095238,5.81111111111111,6.19658847736626,6.03239910313902,59
"61",2006,10,5.8695652173913,23,6.18181818181818,5.58333333333333,7,5.57142857142857,6,11,12,1,7,16,712,469,243,28,250,462,6.08317556179775,6.39258208955224,5.48600823045268,5.85357142857143,6.179084,6.03127705627706,60
"62",2006,11,6.11538461538461,13,6.0625,6.2,6.5,6.8,5.6875,8,5,2,5,8,725,477,248,30,255,470,6.08375310344828,6.38704612159329,5.50040322580645,5.89666666666667,6.19125882352941,6.0254255319149,61
"63",2006,12,6.43666666666667,30,6.76842105263158,5.86363636363636,5.25,5.87272727272727,6.76315789473684,19,11,4,11,19,755,496,259,34,266,489,6.0977761589404,6.40165524193548,5.51583011583012,5.82058823529412,6.17808646616541,6.0540899795501,62
"64",2007,1,5.92236842105263,38,6.24130434782609,5.43333333333333,5,5.90333333333333,5.93478260869565,23,15,1,15,23,793,519,274,35,281,512,6.08937074401009,6.39454913294798,5.51131386861314,5.79714285714286,6.16341992882562,6.04873046875,63
"65",2007,2,4.86923076923077,26,5.13333333333333,4.64285714285714,4,4.125,5.2,12,14,1,8,18,819,531,288,36,289,530,6.05063614163614,6.36604708097928,5.46909722222222,5.74722222222222,6.10699307958478,6.01990566037736,64
"66",2007,3,5.40217391304348,23,5.58928571428571,5.11111111111111,5.5,5.28571428571429,5.453125,14,9,2,7,16,842,545,297,38,296,546,6.03292280285036,6.34609357798165,5.45824915824916,5.73421052631579,6.08757094594595,6.0032967032967,65
"67",2007,4,6.13636363636364,22,6.11111111111111,6.25,7,6.5,6.02941176470588,18,4,1,5,17,864,563,301,39,301,563,6.03555671296296,6.33858081705151,5.4687707641196,5.76666666666667,6.0944219269103,6.00408525754885,66
"68",2007,5,5.80882352941176,34,6.15217391304348,5.09090909090909,5,5.65,5.875,23,11,2,10,24,898,586,312,41,311,587,6.02697216035635,6.33126450511945,5.45544871794872,5.72926829268293,6.08013183279743,5.99880749574106,67
"69",2007,6,6.29166666666667,24,6.75,4.91666666666667,6,6.77272727272727,5.88461538461539,18,6,1,11,13,922,604,318,42,322,600,6.03386225596529,6.34374337748344,5.44528301886793,5.73571428571428,6.10379192546584,5.99633333333334,68
"70",2007,7,6.24074074074074,27,6.625,5.14285714285714,NA,5.7,6.36363636363636,20,7,0,5,22,949,624,325,42,327,622,6.03974815595364,6.35275801282051,5.43876923076923,5.73571428571428,6.09761773700306,6.00932475884245,69
"71",2007,8,6.62222222222222,27,7.12,6,5.33333333333333,6.14285714285714,6.79,15,12,3,7,20,976,639,337,45,334,642,6.05586168032787,6.37076838810642,5.45875370919881,5.70888888888889,6.09856586826347,6.03364485981309,70
"72",2007,9,5.9030303030303,33,6.13636363636364,5.43636363636364,NA,5.95,5.88260869565217,22,11,0,10,23,1009,661,348,45,344,665,6.05086323092171,6.36296671709531,5.4580459770115,5.70888888888889,6.09424709302326,6.02842105263158,71
"73",2007,10,5.99242424242424,33,6.63888888888889,5.21666666666667,5.75,6.11363636363636,5.93181818181818,18,15,4,11,22,1042,679,363,49,355,687,6.04901247600768,6.37028129602356,5.44807162534435,5.71224489795918,6.09484788732394,6.02532751091703,72
"74",2007,11,5.96666666666667,36,6.39,5.4375,5,5.41666666666667,6.24166666666667,20,16,1,12,24,1078,699,379,50,367,711,6.0462625231911,6.37084549356223,5.44762532981531,5.698,6.07267302452316,6.03263009845289,73
"75",2007,12,6.23648648648649,37,6.84523809523809,5.4375,6.25,6.44642857142857,6.10869565217391,21,16,4,14,23,1115,720,395,54,381,734,6.05257488789238,6.38468194444444,5.44721518987342,5.73888888888889,6.08640682414698,6.0350136239782,74
"76",2008,1,6.15714285714286,49,6.35277777777778,5.61538461538461,5.5,6.55882352941176,5.94375,36,13,3,17,32,1164,756,408,57,398,766,6.05697680412371,6.3831626984127,5.45257352941177,5.72631578947368,6.10658542713568,6.03120104438642,75
"77",2008,2,6.01923076923077,26,6.70588235294118,4.72222222222222,3.5,4.66666666666667,6.73529411764706,17,9,1,9,17,1190,773,417,58,407,783,6.05615210084034,6.39026002587322,5.43681055155875,5.68793103448276,6.07474447174447,6.04648786717752,76
"78",2008,3,6.14130434782609,23,6.65,5.1875,NA,5.33333333333333,6.2625,15,8,0,3,20,1213,788,425,58,410,803,6.05776669414674,6.39520431472081,5.43211764705883,5.68793103448276,6.06931951219512,6.05186799501868,77
"79",2008,4,6.26774193548387,31,6.61764705882353,5.84285714285714,6.25,6.60833333333333,6.05263157894737,17,14,4,12,19,1244,805,439,62,422,822,6.06299919614148,6.39990186335404,5.44521640091116,5.7241935483871,6.08464691943128,6.05188564476886,78
"80",2008,5,6,41,6.1551724137931,5.625,6.33333333333333,5.5,6.20689655172414,29,12,3,12,29,1285,834,451,65,434,851,6.06098910505837,6.39139208633094,5.45,5.75230769230769,6.06848156682028,6.05716803760282,79
"81",2008,6,6.26923076923077,26,6.70588235294118,5.44444444444444,7,6.6,6.19047619047619,17,9,1,5,21,1311,851,460,66,439,872,6.06511899313501,6.39767450058754,5.44989130434783,5.77121212121212,6.07453530751709,6.06037844036697,80
"82",2008,7,6.09259259259259,27,6.56666666666667,5.5,4.25,5.77777777777778,6.25,15,12,4,9,18,1338,866,472,70,448,890,6.06567339312407,6.40060161662818,5.45116525423729,5.68428571428571,6.06857366071429,6.06421348314607,81
"83",2008,8,6.20606060606061,33,6.52173913043478,5.48,6.45,6.54285714285714,6.11538461538461,23,10,4,7,26,1371,889,482,74,455,916,6.06905251641138,6.40373565804274,5.45176348547718,5.72567567567568,6.07587032967033,6.06566593886463,82
"84",2008,9,5.875,28,6.14705882352941,5.45454545454545,6,5.85714285714286,5.88095238095238,17,11,6,7,21,1399,906,493,80,462,937,6.0651686919228,6.39891942604857,5.45182555780933,5.74625,6.07255627705628,6.06152614727855,83
"85",2008,10,6.07142857142857,28,6.22222222222222,5.8,6,5.66666666666667,6.18181818181818,18,10,5,6,22,1427,924,503,85,468,959,6.06529152067274,6.39547727272727,5.45874751491054,5.76117647058823,6.06735256410257,6.06428571428572,84
"86",2008,11,5.47071428571429,28,5.55333333333333,5.37538461538462,5.98285714285714,5.21428571428571,5.55619047619048,15,13,7,7,21,1455,939,516,92,475,980,6.05384948453608,6.38202449414271,5.45664728682171,5.77804347826087,6.05478105263158,6.05339795918368,85
"87",2008,12,6.32,31,7.24272727272727,5.8125,5.72222222222222,6.39583333333333,6.27210526315789,11,20,9,12,19,1486,950,536,101,487,999,6.05940174966353,6.39199052631579,5.46992537313433,5.77306930693069,6.06318480492813,6.05755755755756,86
"88",2009,1,6.38,60,6.64473684210526,5.92272727272727,5.6,6.29411764705882,6.41395348837209,38,22,8,17,43,1546,988,558,109,504,1042,6.07184411384217,6.40171153846154,5.48777777777778,5.76036697247706,6.07097420634921,6.07226487523993,87
"89",2009,2,6.08245614035088,57,6.41666666666667,5.71111111111111,5,5.90909090909091,6.12391304347826,30,27,6,11,46,1603,1018,585,115,515,1088,6.07222145976294,6.40215225933202,5.49808547008547,5.72069565217391,6.06751650485437,6.07444852941177,88
"90",2009,3,5.97916666666667,48,6.08333333333333,5.875,5.55,6,5.97142857142857,24,24,10,13,35,1651,1042,609,125,528,1123,6.06951605087826,6.39480902111324,5.51293924466338,5.70704,6.06585416666667,6.07123775601069,89
"91",2009,4,5.79787234042553,47,6.1304347826087,5.47916666666667,5,5.9,5.77027027027027,23,24,5,10,37,1698,1065,633,130,538,1160,6.06199705535925,6.38909953051643,5.51165876777251,5.67984615384615,6.06277137546468,6.06163793103448,90
"92",2009,5,6.22058823529412,34,6.63157894736842,5.7,5.14285714285714,5.9375,6.30769230769231,19,15,7,8,26,1732,1084,648,137,546,1186,6.06511027713626,6.39334963099631,5.51601851851852,5.65240875912409,6.0609358974359,6.06703204047218,91
"93",2009,6,5.96842105263158,38,6.32380952380952,5.52941176470588,5.6,5.20909090909091,6.27777777777778,21,17,5,11,27,1770,1105,665,142,557,1213,6.06303446327684,6.39202805429864,5.51636090225564,5.65056338028169,6.0441131059246,6.0717230008244,92
"94",2009,7,5.85104166666667,48,6.18035714285714,5.39,6.1,5.52777777777778,5.92564102564103,28,20,5,9,39,1818,1133,685,147,566,1252,6.05743729372937,6.38679699911739,5.51267153284672,5.66585034013605,6.03590282685512,6.06717252396166,93
"95",2009,8,5.76904761904762,21,6.30555555555556,5.36666666666667,5.06666666666667,5.14285714285714,6.08214285714286,9,12,6,7,14,1839,1142,697,153,573,1266,6.05414410005438,6.38615674255692,5.51015781922525,5.64235294117647,6.02499301919721,6.06733807266983,94
"96",2009,9,6.103125,32,6.3952380952381,5.54545454545455,5.58333333333333,6.31111111111111,6.02173913043478,21,11,6,9,23,1871,1163,708,159,582,1289,6.05498182789952,6.38632072226999,5.51070621468927,5.64012578616352,6.0294175257732,6.06652443754849,95
"97",2009,10,5.88157894736842,38,6.20833333333333,5.73076923076923,5.72222222222222,5.75,5.91666666666667,12,26,9,8,30,1909,1175,734,168,590,1319,6.05153012048193,6.3845029787234,5.51850136239782,5.64452380952381,6.02562881355932,6.0631159969674,96
"98",2009,11,5.80882352941176,34,6.67647058823529,4.94117647058824,4.38888888888889,5.11111111111111,6.06,17,17,9,9,25,1943,1192,751,177,599,1344,6.04728306742151,6.38866694630872,5.5054327563249,5.58067796610169,6.01188814691152,6.06305803571429,97
"99",2009,12,6.08490566037736,53,6.42068965517241,5.67916666666667,6.05555555555556,5.5,6.33783783783784,29,24,9,16,37,1996,1221,775,186,615,1381,6.04828206412826,6.38942751842752,5.51081290322581,5.60365591397849,5.99857073170732,6.07041998551774,98
"100",2010,1,5.92857142857143,49,6.21875,5.38235294117647,5.05555555555556,4.96153846153846,6.27777777777778,32,17,9,13,36,2045,1253,792,195,628,1417,6.04541369193154,6.38506863527534,5.50805555555556,5.57835897435897,5.97710350318471,6.0756880733945,99
"101",2010,2,6.15172413793103,29,6.4,5.92,5.2,6.14285714285714,6.15454545454545,14,15,5,7,22,2074,1267,807,200,635,1439,6.04690019286403,6.38523362273086,5.51571251548947,5.5689,5.97893070866142,6.076893676164,100
"102",2010,3,6.13571428571429,28,6.46315789473684,5.44444444444444,6,5.57142857142857,6.32380952380952,19,9,2,7,21,2102,1286,816,202,642,1460,6.04808325404377,6.38638491446345,5.51492647058824,5.57316831683168,5.97448753894081,6.08044520547945,101
"103",2010,4,6.35666666666667,30,7.2,5.51333333333333,5.5,5.65454545454545,6.76315789473684,15,15,7,11,19,2132,1301,831,209,653,1479,6.05242542213884,6.39576556495004,5.51489771359808,5.57071770334928,5.96909800918836,6.08921568627451,102
"104",2010,5,5.98260869565217,23,6.23846153846154,5.65,6.16666666666667,6.3,5.89444444444444,13,10,3,5,18,2155,1314,841,212,658,1497,6.05168027842227,6.39420928462709,5.51650416171225,5.57915094339623,5.97161246200608,6.08687374749499,103
"105",2010,6,6.33653846153846,26,6.73076923076923,5.94230769230769,6.5,6.35714285714286,6.32894736842105,13,13,2,7,19,2181,1327,854,214,665,1516,6.05507611187529,6.39750640542577,5.52298594847775,5.58775700934579,5.97567067669173,6.08990765171504,104
"106",2010,7,6.26470588235294,17,6.77272727272727,5.33333333333333,6,8,6.03333333333333,11,6,2,2,15,2198,1338,860,216,667,1531,6.0566974522293,6.40059118086697,5.52166279069768,5.59157407407407,5.98174062968516,6.0893533638145,105
"107",2010,8,6.28695652173913,23,6.21176470588235,6.5,NA,7.33333333333333,6.13,17,6,0,3,20,2221,1355,866,216,670,1551,6.05908194506979,6.3982221402214,5.52844110854504,5.59157407407407,5.98779253731343,6.08987749838814,106
"108",2010,9,5.7304347826087,23,5.7,5.75,5.66666666666667,5.58333333333333,5.78235294117647,9,14,3,6,17,2244,1364,880,219,676,1568,6.05571345811052,6.3936151026393,5.53196590909091,5.59260273972603,5.98420266272189,6.08654336734694,107
"109",2010,10,6.12068965517241,29,6.33333333333333,5.89285714285714,6,6,6.15909090909091,15,14,4,7,22,2273,1379,894,223,683,1590,6.05654245490541,6.39295939086294,5.53761744966443,5.59991031390134,5.98436456808199,6.08754716981132,108
"110",2010,11,6.10897142857143,35,6.19522222222222,6.01764705882353,6,5.5,6.26121428571429,18,17,4,7,28,2308,1397,911,227,690,1618,6.05733752166378,6.39041159627774,5.5465751920966,5.60696035242291,5.97945072463768,6.09055253399258,109
"111",2010,12,6.04166666666667,36,6.46,5.09090909090909,4.8,5.61538461538461,6.28260869565217,25,11,5,13,23,2344,1422,922,232,703,1641,6.05709684300341,6.39163502109705,5.54113882863341,5.58956896551724,5.97271834992888,6.09324436319318,110
"112",2011,1,6.09895833333333,48,6.50757575757576,5.2,5,6.08333333333333,6.10416666666667,33,15,7,12,36,2392,1455,937,239,715,1677,6.0579368729097,6.394264604811,5.53567769477055,5.57230125523012,5.97457482517483,6.09347883124627,111
"113",2011,2,5.7625,40,6.06818181818182,5.38888888888889,4,5.07142857142857,5.90909090909091,22,18,2,7,33,2432,1477,955,241,722,1710,6.05307771381579,6.38940758293839,5.5329109947644,5.55925311203319,5.96581855955679,6.08992046783626,112
"114",2011,3,5.81086956521739,23,6.31,4.875,NA,6.0375,5.76315789473684,15,8,0,4,19,2455,1492,963,241,726,1729,6.05080855397148,6.38860924932976,5.52744548286605,5.55925311203319,5.96621349862259,6.08632967032967,113
"115",2011,4,5.9716,25,6.29166666666667,5.67615384615385,4.67333333333333,5.47333333333333,6.12894736842105,12,13,6,6,19,2480,1504,976,247,732,1748,6.05001008064516,6.38783577127659,5.5294262295082,5.53773279352227,5.96217349726776,6.08679290617849,114
"116",2011,5,6.44210526315789,19,7.04166666666667,5.41428571428571,5.66666666666667,6.58333333333333,6.37692307692308,12,7,3,6,13,2499,1516,983,250,738,1761,6.05299119647859,6.39301121372032,5.52860630722279,5.53928,5.96722357723577,6.08893469619534,115
"117",2011,6,6.28947368421053,19,6.71428571428571,6.04166666666667,6.8,6.33333333333333,6.28125,7,12,5,3,16,2518,1523,995,255,741,1777,6.05477561556791,6.39448785292186,5.53479396984925,5.564,5.96870580296896,6.09066629150253,116
"118",2011,7,6.16176470588235,17,6.66666666666667,5.59375,6,5.5,6.25,9,8,3,2,15,2535,1532,1003,258,743,1792,6.05549309664694,6.39608681462141,5.53526420737787,5.56906976744186,5.96744414535666,6.092,117
"119",2011,8,6.33529411764706,34,6.495,6.10714285714286,5.875,6.73333333333333,6.25,20,14,4,6,28,2569,1552,1017,262,749,1820,6.0591961852861,6.39736146907216,5.54313667649951,5.57374045801527,5.97357943925234,6.09443076923077,118
"120",2011,9,6.40322580645161,31,6.9,5.5,5.6875,5.6,6.78571428571429,20,11,8,10,21,2600,1572,1028,270,759,1841,6.06329807692307,6.40375636132315,5.54267509727627,5.57711111111111,5.96865744400527,6.10231613253667,119
"121",2011,10,5.88571428571429,35,6.2,5.46666666666667,3.66666666666667,4,6.2,20,15,3,5,30,2635,1592,1043,273,764,1871,6.06093927893738,6.4011966080402,5.54158197507191,5.55611721611722,5.95577356020942,6.10388241582042,120
"122",2011,11,6.24285714285714,28,6.515,5.5625,5.5,5.78571428571429,6.3952380952381,20,8,1,7,21,2663,1612,1051,274,771,1892,6.06285204656402,6.40260856079404,5.54174119885823,5.55591240875912,5.95422957198444,6.10711627906977,121
"123",2011,12,6.06875,32,6.55294117647059,5.52,5.25,6.5,5.925,17,15,4,8,24,2695,1629,1066,278,779,1916,6.06292207792208,6.40417740945365,5.54143527204503,5.55151079136691,5.95983440308087,6.10483507306889,122
"124",2012,1,5.84594594594595,37,6.35909090909091,5.09333333333333,5.33333333333333,5.75,5.87241379310345,22,15,6,8,29,2732,1651,1081,284,787,1945,6.05998352855051,6.40357662023016,5.53521739130435,5.5469014084507,5.95770139771283,6.10136966580977,123
"125",2012,2,6.22857142857143,21,6.73076923076923,5.4125,7,6.75,6.10588235294118,13,8,2,4,17,2753,1664,1089,286,791,1962,6.06126952415547,6.4061328125,5.53431588613407,5.55706293706294,5.96170796460177,6.10140876656473,124
"126",2012,3,6.32692307692308,26,6.53571428571429,6.08333333333333,6.875,6.6,6.26190476190476,14,12,4,5,21,2779,1678,1101,290,796,1983,6.06375494782296,6.40721394517282,5.54029972752044,5.57524137931034,5.96571733668342,6.10310842158346,125
"127",2012,4,6.184,25,6.4,5.90909090909091,6,5.5,6.355,14,11,3,5,20,2804,1692,1112,293,801,2003,6.06482703281027,6.40715425531915,5.54394784172662,5.57959044368601,5.9628102372035,6.10562356465302,126
"128",2012,5,6.04137931034483,29,6.47058823529412,5.43333333333333,6,6.16666666666667,6.00869565217391,17,12,5,6,23,2833,1709,1124,298,807,2026,6.0645870102365,6.40778525453481,5.54276690391459,5.58664429530201,5.9643258983891,6.10452319842053,127
"129",2012,6,5.66538461538462,26,6.46153846153846,4.86923076923077,4.06,6.7,5.41904761904762,13,13,5,5,21,2859,1722,1137,303,812,2047,6.06095662819167,6.40819105691057,5.53506596306069,5.56145214521452,5.96885591133005,6.09749096238398,128
"130",2012,7,6.91958333333333,24,7.05555555555556,6.51166666666667,10,7,6.9035,18,6,1,4,20,2883,1740,1143,304,816,2067,6.06810440513354,6.41488793103448,5.54019247594051,5.57605263157895,5.97391053921569,6.10528979196904,129
"131",2012,8,5.97045454545455,22,6.25,5.69090909090909,5.92,6.1,5.93235294117647,11,11,5,5,17,2905,1751,1154,309,821,2084,6.06736488812392,6.41385208452313,5.54162911611785,5.58161812297734,5.9746784409257,6.10387907869482,130
"132",2012,9,6.29428571428571,35,6.46666666666667,6.03571428571429,6,7.0375,6.07407407407407,21,14,2,8,27,2940,1772,1168,311,829,2111,6.07006632653061,6.41447799097065,5.54755136986302,5.58430868167202,5.98493486127865,6.10349786830886,131
"133",2012,10,6.46428571428571,21,6.64583333333333,6.22222222222222,5,6.45,6.46875,12,9,2,5,16,2961,1784,1177,313,834,2127,6.07286220871327,6.41603419282511,5.55271028037383,5.5805750798722,5.98772302158273,6.10624541607898,132
"134",2012,11,6.38428571428571,35,6.638,5.75,7,6.5,6.35,25,10,1,8,27,2996,1809,1187,314,842,2154,6.07650033377837,6.41910171365395,5.55437236731255,5.58509554140127,5.99259026128266,6.1093008356546,133
"135",2012,12,6.12236842105263,38,6.34047619047619,5.85294117647059,5.5625,6.05555555555556,6.14310344827586,21,17,8,9,29,3034,1830,1204,322,851,2183,6.07707481872116,6.41819945355191,5.55858803986711,5.58453416149068,5.99325616921269,6.1097498854787,134
"136",2013,1,5.37567567567568,37,5.41578947368421,5.33333333333333,6,5.78571428571429,5.28,19,18,5,7,30,3071,1849,1222,327,858,2213,6.06862422663627,6.40789886425094,5.55527004909984,5.5908868501529,5.99156293706294,6.09850158156349,135
"137",2013,2,5.81891891891892,37,5.62777777777778,6,6,5.44444444444444,5.93928571428571,18,19,5,9,28,3108,1867,1241,332,867,2241,6.06565154440154,6.40037761114087,5.56207896857373,5.59704819277108,5.98588350634371,6.09651227130745,136
"138",2013,3,6.09142857142857,35,6.2,5.98888888888889,5.5,6.3125,6.02592592592593,17,18,8,8,27,3143,1884,1259,340,875,2268,6.06593859370028,6.3985695329087,5.56818109610802,5.59476470588235,5.98886971428571,6.09567195767196,137
"139",2013,4,6.57916666666667,24,6.75,6.34,6.83333333333333,7.66666666666667,6.42380952380952,14,10,3,3,21,3167,1898,1269,343,878,2289,6.06982791285128,6.40116174920969,5.57426319936958,5.60559766763848,5.99460250569476,6.09868239405854,138
"140",2013,5,6.41935483870968,31,6.16470588235294,6.72857142857143,7,6.47142857142857,6.40416666666667,17,14,5,7,24,3198,1915,1283,348,885,2313,6.07321607254534,6.39906266318538,5.58685892439595,5.62563218390804,5.99837401129944,6.10185214007782,139
"141",2013,6,6.18478260869565,23,6.85416666666667,5.45454545454545,5,5.25,6.38157894736842,12,11,1,4,19,3221,1927,1294,349,889,2332,6.07401272896616,6.40189673066943,5.5857341576507,5.62383954154728,5.99500674915636,6.10413121783877,140
"142",2013,7,6.08064516129032,31,6.38235294117647,5.71428571428571,5.25,5.66666666666667,6.18,17,14,4,6,25,3252,1944,1308,353,895,2357,6.07407595325953,6.40172582304526,5.58711009174312,5.61960339943343,5.99280558659218,6.10493593551124,141
"143",2013,8,6.16290322580645,31,6.59318181818182,5.11111111111111,5.375,5.92857142857143,6.23125,22,9,4,7,24,3283,1966,1317,357,902,2381,6.07491471215352,6.40386826042726,5.58385725132878,5.61686274509804,5.99230709534368,6.10620915581688,142
"144",2013,9,5.9265625,32,6.2825,5.33333333333333,4.8,4,6.28333333333333,20,12,5,5,27,3315,1986,1329,362,907,2408,6.0734826546003,6.40264602215508,5.58159518434914,5.60558011049724,5.98132414553473,6.10819518272425,143
"145",2013,10,5.99545454545455,22,6.21818181818182,5.77272727272727,7,5.33333333333333,6.1,11,11,2,3,19,3337,1997,1340,364,910,2427,6.07296823494156,6.40162994491737,5.58316417910448,5.61324175824176,5.97918791208791,6.10813102595797,144
"146",2013,11,6.49354838709677,31,6.7,6.3,6.75,7.375,6.36296296296296,15,16,4,4,27,3368,2012,1356,368,914,2454,6.07683937054632,6.40385437375745,5.59162241887906,5.62559782608695,5.98529649890591,6.110934800326,145
"147",2013,12,6.02777777777778,45,6.1,5.9375,6.0625,6.25,5.97972972972973,25,20,8,8,37,3413,2037,1376,376,922,2491,6.07619249926751,6.40012518409425,5.59664970930233,5.63489361702127,5.98759327548807,6.1089859494179,146
"148",2014,1,6.39222222222222,45,6.42692307692308,6.16666666666667,6.5,6.1,6.42875,39,6,2,5,40,3458,2076,1382,378,927,2531,6.08030508964719,6.40062861271676,5.59912445730825,5.6394708994709,5.98819956850054,6.11403951007507,147
"149",2014,2,5.5875,40,6,5.21428571428571,5.6,5.4,5.61428571428571,19,21,10,5,35,3498,2095,1403,388,932,2566,6.07466981132075,6.39699522673031,5.59336421952958,5.63845360824742,5.98504399141631,6.10722291504287,148
"150",2014,3,5.95,20,5.78571428571429,6.33333333333333,6.5,4.66666666666667,6.17647058823529,14,6,2,3,17,3518,2109,1409,390,935,2583,6.07396105741899,6.3929374110953,5.59651525904897,5.64287179487179,5.98081390374332,6.10767866821525,149
"151",2014,4,5.61538461538461,26,5.65384615384615,5.57692307692308,4.5,5.5,5.625,13,13,4,2,24,3544,2122,1422,394,937,2607,6.07059678329571,6.38840951932139,5.59633614627286,5.63126903553299,5.97978762006403,6.10323513617184,150
"152",2014,5,6.44,25,6.4,6.6,7,6.4,6.45,20,5,3,5,20,3569,2142,1427,397,942,2627,6.07318436536845,6.3885177404295,5.59985283812193,5.6416120906801,5.98201804670913,6.10587514274838,151
"153",2014,6,5.67962962962963,27,5.79166666666667,5.59,5.2,6.25,5.5804347826087,12,15,5,4,23,3596,2154,1442,402,946,2650,6.07022942157953,6.38519266480965,5.59975034674064,5.63611940298507,5.9831511627907,6.10131471698113,152
"154",2014,7,5.72307692307692,26,6,5.34545454545455,5,5,5.8952380952381,15,11,1,5,21,3622,2169,1453,403,951,2671,6.06773743787962,6.38252881512217,5.59782518926359,5.63454094292804,5.97798212407992,6.09969449644328,153
"155",2014,8,6.19354838709677,31,6.38235294117647,5.96428571428571,6.42857142857143,6,6.21428571428571,17,14,7,3,28,3653,2186,1467,410,954,2699,6.06880509170545,6.38252744739249,5.6013224267212,5.64809756097561,5.97805136268344,6.10088329010745,154
"156",2014,9,6.11153846153846,26,6.37647058823529,5.61111111111111,4.85,7,5.99565217391304,17,9,4,3,23,3679,2203,1476,414,957,2722,6.06910709431911,6.38248070812528,5.60138211382114,5.64038647342995,5.98125496342738,6.09999412196914,155
"157",2014,10,6.50576923076923,26,6.71578947368421,5.93571428571429,5,5.025,6.775,19,7,1,4,22,3705,2222,1483,415,961,2744,6.0721713900135,6.3853307830783,5.60296021577883,5.63884337349397,5.97727471383975,6.10540597667639,156
"158",2014,11,6.08846153846154,26,6.6125,5.25,6,5.7,6.15909090909091,16,10,4,4,22,3731,2238,1493,419,965,2766,6.07228491021174,6.38695487042001,5.60059611520429,5.64229116945107,5.97612538860104,6.10583297180043,157
"159",2014,12,6.02903225806452,31,6.50666666666667,5.58125,5.5,6,6.03214285714286,15,16,7,3,28,3762,2253,1509,426,968,2794,6.07192849548113,6.38775188637372,5.60039098740888,5.63995305164319,5.97619938016529,6.10509448818898,158
"160",2015,1,6.18181818181818,55,6.43333333333333,5.56875,5.8125,5.75,6.2156862745098,39,16,8,4,51,3817,2292,1525,434,972,2845,6.0735119203563,6.38852748691099,5.60005901639344,5.64313364055299,5.97526851851852,6.1070769771529,159
"161",2015,2,6.16538461538462,39,6.59565217391304,5.546875,6,6.55,6.03275862068966,23,16,3,10,29,3856,2315,1541,437,982,2874,6.07444113070539,6.39058531317494,5.5995068137573,5.64558352402746,5.98112118126273,6.10632707028532,160
"162",2015,3,6.12258064516129,31,6.59,5.27272727272727,6.25,6,6.13103448275862,20,11,2,2,29,3887,2335,1552,439,984,2903,6.07482505788526,6.39229336188436,5.59719072164948,5.64833712984055,5.98115955284553,6.10657388908026,161
"163",2015,4,6.234375,32,6.55263157894737,5.76923076923077,6.33333333333333,6.25,6.22727272727273,19,13,3,10,22,3919,2354,1565,442,994,2925,6.07612783873437,6.39358751062022,5.59861980830671,5.65298642533936,5.98386418511067,6.10748170940171,162
"164",2015,5,6.07407407407407,27,6.225,5.64285714285714,5.6,6.33333333333333,6.04166666666667,20,7,5,3,24,3946,2374,1572,447,997,2949,6.07611378611252,6.39216722830665,5.59881679389313,5.6523937360179,5.98491574724173,6.10694608341811,163
"165",2015,6,5.93676470588235,34,6.325,5.38214285714286,5.58333333333333,6.16666666666667,5.854,20,14,6,9,25,3980,2394,1586,453,1006,2974,6.07492336683417,6.39160609857978,5.59690416141236,5.65147902869757,5.98654174950298,6.10481977135171,164
"166",2015,7,6.39655172413793,29,6.825,5.86923076923077,5.96,6.25,6.43478260869565,16,13,5,6,23,4009,2410,1599,458,1012,2997,6.07724993764031,6.39448340248962,5.5991181988743,5.65484716157205,5.98810375494071,6.10735201868535,165
"167",2015,8,5.83333333333333,27,6.11666666666667,5.26666666666667,4.75,6,5.8125,18,9,2,3,24,4036,2428,1608,460,1015,3021,6.07561818632309,6.39242380560131,5.59725746268657,5.65091304347826,5.98813891625616,6.10500959947037,166
"168",2015,9,5.99285714285714,35,6.953125,5.18421052631579,4.975,5.78636363636364,6.0875,16,19,4,11,24,4071,2444,1627,464,1026,3045,6.07490665684107,6.39609451718494,5.59243392747388,5.64508620689655,5.98597563352827,6.10487159277504,167
"169",2015,10,5.68433333333333,30,6.08071428571429,5.3375,4.225,4,5.80464285714286,14,16,4,2,28,4101,2458,1643,468,1028,3073,6.07204950012192,6.39429820992677,5.58995130858186,5.63294871794872,5.98211186770428,6.10213602342987,168
"170",2015,11,6.325,32,6.62857142857143,6.08888888888889,5.83333333333333,6.24,6.34074074074074,14,18,6,5,27,4133,2472,1661,474,1033,3100,6.07400798451488,6.395625,5.595358217941,5.63548523206751,5.98336011616651,6.10421419354839,169
"171",2015,12,6.01,30,6.28235294117647,5.65384615384615,4,5.5,6.08846153846154,17,13,2,4,26,4163,2489,1674,476,1037,3126,6.07354672111458,6.39485134592205,5.59581242532855,5.62861344537815,5.98149566055931,6.10408317338452,170
"172",2016,1,6.35108695652174,46,6.66142857142857,5.36363636363636,5,6.3125,6.35921052631579,35,11,3,8,38,4209,2524,1685,479,1045,3164,6.07657994773105,6.39854793977813,5.59429673590504,5.6246764091858,5.98402966507177,6.10714728192162,171
"173",2016,2,5.56206896551724,29,5.72352941176471,5.33333333333333,6,7.5,5.41851851851852,17,12,3,2,27,4238,2541,1697,482,1047,3191,6.07305922605002,6.39403187721369,5.5924513847967,5.62701244813278,5.98692550143267,6.101320589157,172
"174",2016,3,6.27142857142857,35,6.40384615384615,5.88888888888889,4.66666666666667,5.75,6.3030303030303,26,9,3,2,33,4273,2567,1706,485,1049,3224,6.0746840627194,6.39413128165173,5.59401524032825,5.62107216494845,5.98647378455672,6.10338523573201,173
"175",2016,4,5.84677419354839,31,6.35277777777778,5.14615384615385,4.63333333333333,6.03571428571429,5.79166666666667,18,13,3,7,24,4304,2585,1719,488,1056,3248,6.07304251858736,6.39384332688588,5.59062827225131,5.615,5.98680018939394,6.10108189655172,174
"176",2016,5,5.925,28,6.395,4.75,5,5.71428571428571,5.9952380952381,20,8,3,7,21,4332,2605,1727,491,1063,3269,6.07208564173592,6.39385220729366,5.58673422119282,5.61124236252546,5.98500564440263,6.10040195778526,175
"177",2016,6,5.73939393939394,33,6.55294117647059,4.875,5,5.93333333333333,5.66666666666667,17,16,7,9,24,4365,2622,1743,498,1072,3293,6.0695704467354,6.39488367658276,5.58020080321285,5.60265060240964,5.98457182835821,6.09724081384756,176
"178",2016,7,6.14407894736842,38,6.49431818181818,5.6625,6.01428571428571,8,6.09391891891892,22,16,7,1,37,4403,2644,1759,505,1073,3330,6.07021349080173,6.39571104387292,5.58094940306992,5.60835643564356,5.98645013979497,6.0972039039039,177
"179",2016,8,6.64444444444444,36,7.20652173913043,5.65,3.75,6.04,6.74193548387097,23,13,3,5,31,4439,2667,1772,508,1078,3361,6.07487046632124,6.40270341207349,5.58145598194131,5.59738188976378,5.98669851576994,6.10315055043142,178
"180",2016,9,5.94714285714286,35,6.8047619047619,4.66071428571429,4.8,4.66666666666667,6.21206896551724,21,14,5,6,29,4474,2688,1786,513,1084,3390,6.07387125614663,6.40584449404762,5.5742385218365,5.58961013645224,5.97939206642066,6.10408230088496,179
"181",2016,10,5.91489361702128,47,6.17857142857143,5.52631578947368,4.5,6.25,5.84615384615385,28,19,4,8,39,4521,2716,1805,517,1092,3429,6.07221853572219,6.40350147275405,5.57373407202216,5.58117988394584,5.98137454212454,6.10114873140857,180
"182",2016,11,5.89342105263158,38,5.98636363636364,5.765625,5.15,5.65,5.9390625,22,16,5,6,32,4559,2738,1821,522,1098,3461,6.07072822987497,6.40014974433893,5.57542009884679,5.57704980842912,5.97956375227687,6.09965010112684,181
"183",2016,12,5.55241176470588,34,6.04115789473684,4.93333333333333,4,5.75,5.52606666666667,19,15,1,4,30,4593,2757,1836,523,1102,3491,6.06689135641193,6.39767573449401,5.570174291939,5.574034416826,5.97873049001815,6.09472099684904,182
"184",2017,1,5.64912280701754,57,5.86764705882353,5.32608695652174,6,5.5,5.68478260869565,34,23,3,11,46,4650,2791,1859,526,1113,3537,6.06177032258065,6.39121891795055,5.56715438407746,5.576463878327,5.9739991015274,6.08938959570257,183
"185",2017,2,6.17916666666667,36,6.525,5.746875,4.98333333333333,6.125,6.1859375,20,16,6,4,32,4686,2811,1875,532,1117,3569,6.06267221510884,6.39217075773746,5.568688,5.56977443609023,5.97453983885407,6.09025525357243,184
"186",2017,3,6.21315789473684,38,6.39655172413793,5.62222222222222,6.1,6,6.225,29,9,1,2,36,4724,2840,1884,533,1119,3605,6.06388272650296,6.39221549295774,5.56894373673036,5.57076923076923,5.97458534405719,6.09160083217753,185
"187",2017,4,5.99444444444444,27,6.52142857142857,5.42692307692308,5.33333333333333,6.3,5.98269230769231,14,13,3,1,26,4751,2854,1897,536,1120,3631,6.06348810776679,6.39284933426769,5.5679704797048,5.56944029850746,5.97487589285714,6.09082098595428,186
"188",2017,5,6.36333333333333,30,6.57777777777778,6.04166666666667,5.66666666666667,6,6.436,18,12,3,5,25,4781,2872,1909,539,1125,3656,6.06536958795231,6.39400835654596,5.57094814038764,5.5699814471243,5.97498755555555,6.09318134573304,187
"189",2017,6,6.25121951219512,41,6.64090909090909,5.8,5.4,6.08333333333333,6.28,22,19,5,6,35,4822,2894,1928,544,1131,3691,6.06694981335545,6.39588527988942,5.57320539419087,5.56841911764706,5.97556233421751,6.09495285830398,188
"190",2017,7,6.13469387755102,49,6.32857142857143,5.65,5.83333333333333,6.22,6.11282051282051,35,14,3,10,39,4871,2929,1942,547,1141,3730,6.06763128721002,6.39508091498805,5.57375901132853,5.56987202925046,5.9777046450482,6.09513967828418,189
"191",2017,8,6.0031914893617,47,6.30172413793103,5.52222222222222,5.66666666666667,5.9,6.01547619047619,29,18,3,5,42,4918,2958,1960,550,1146,3772,6.06701545343636,6.39416565246788,5.57328571428571,5.5704,5.97736561954625,6.09425265111347,190
"192",2017,9,6.18342105263158,38,6.45454545454545,5.810625,3.9,6.25,6.17558823529412,22,16,3,4,34,4956,2980,1976,553,1150,3806,6.06790799031477,6.39461140939597,5.57520748987854,5.56133815551537,5.97831391304348,6.09497924330005,191
"193",2017,10,6.15,36,6.8047619047619,5.23333333333333,5.25,6,6.18,21,15,2,6,30,4992,3001,1991,555,1156,3836,6.0685,6.39748150616461,5.57263184329483,5.56021621621621,5.97842647058823,6.09564416058394,192
"194",2017,11,6.60119047619048,42,6.68,6.48529411764706,6.75,6.625,6.59722222222222,25,17,4,6,36,5034,3026,2008,559,1162,3872,6.07294437822805,6.39981559814937,5.58035856573705,5.56872987477638,5.98176506024096,6.10030759297521,193
"195",2017,12,6.02380952380952,42,6.06896551724138,5.92307692307692,5.66666666666667,7,5.89189189189189,29,13,3,5,37,5076,3055,2021,562,1167,3909,6.0725378250591,6.39667495908347,5.58256308758041,5.56925266903914,5.98612767780634,6.09833486825275,194
"196",2018,1,6.42106382978723,47,6.69702702702703,5.4,6,6.5,6.41166666666667,37,10,3,5,42,5123,3092,2031,565,1172,3951,6.07573531134101,6.40026908150065,5.58166420482521,5.57153982300885,5.98831996587031,6.10166565426474,195
"197",2018,2,6.33837209302326,43,6.57666666666667,5.78846153846154,6.33333333333333,7.5,6.25125,30,13,3,3,40,5166,3122,2044,568,1175,3991,6.07792140921409,6.40196412556054,5.58297945205479,5.57556338028169,5.99217957446808,6.10316487095966,196
"198",2018,3,6.18918918918919,37,6.56521739130435,5.57142857142857,4.66666666666667,6.4375,6.12068965517241,23,14,3,8,29,5203,3145,2058,571,1183,4020,6.07871266576975,6.40315802861685,5.58290087463557,5.5707880910683,5.9951910397295,6.10329129353234,197
"199",2018,4,6.04461538461538,39,6.07578947368421,6.015,5.71428571428571,6.27714285714286,5.99375,19,20,7,7,32,5242,3164,2078,578,1190,4052,6.07845898512018,6.40119216182048,5.58705967276227,5.57252595155709,5.99684957983193,6.10242620927937,198
"200",2018,5,5.66321,27,5.95435923076923,5.39285714285714,5,7,5.611795,13,14,5,1,26,5269,3177,2092,583,1191,4078,6.07633111975707,6.39936376141013,5.58576003824092,5.56761578044597,5.99769185558354,6.09929810446297,199
"201",2018,6,6.10383870967742,31,6.12595,6.06363636363636,6.4,6.7725,6.00477777777778,20,11,3,4,27,5300,3197,2103,586,1195,4105,6.07649201320755,6.39765332186425,5.58825962910128,5.5718771331058,6.00028535564854,6.09867641169306,200
"202",2018,7,6.39324324324324,37,6.97222222222222,5.84473684210526,8,7.25833333333333,6.2258064516129,18,19,2,6,31,5337,3215,2122,588,1201,4136,6.07868796514896,6.40087019284603,5.59055607917059,5.58013605442177,6.00657035803497,6.09962927224371,201
"203",2018,8,6.32968181818182,44,6.70689655172414,5.6004,6.2,7.5,6.21265,29,15,5,4,40,5381,3244,2137,593,1205,4176,6.08074032150158,6.40360594019729,5.59062517547964,5.58536256323777,6.01152780082988,6.10071184626437,202
"204",2018,9,6.09309523809524,42,6.27586206896552,5.68538461538462,6,6.21909090909091,6.04838709677419,29,13,2,11,31,5423,3273,2150,595,1216,4207,6.08083600774479,6.40247408188206,5.59119813953488,5.58675630252101,6.01340542763158,6.1003262823865,203
"205",2018,10,5.97774193548387,62,6.44666666666667,5.18260869565217,4.55555555555556,5.39285714285714,6.14833333333333,39,23,9,14,48,5485,3312,2173,604,1230,4255,6.07967067821331,6.40299446557971,5.58687344684768,5.57139072847682,6.00634227642276,6.10086784253819,204
"206",2018,11,6.1969696969697,33,6.5304347826087,5.43,5.25,6.4,6.14230769230769,23,10,4,7,26,5518,3335,2183,608,1237,4281,6.08037217651323,6.40387336431784,5.5861548327989,5.56927631578947,6.00856992724333,6.10111952113992,205
"207",2018,12,5.77103448275862,58,5.95238095238095,5.295,4,5.5,5.8144,42,16,2,8,50,5576,3377,2199,610,1245,4331,6.07715453192253,6.39825811963281,5.5840363801728,5.56413114754098,6.00530200803213,6.09780943661972,206
"208",2019,1,6.16164383561644,73,6.33921568627451,5.75,6.83333333333333,6.28571428571429,6.14848484848485,51,22,3,7,66,5649,3428,2221,613,1252,4397,6.07824635687733,6.39737971703617,5.5856803241783,5.57034257748777,6.00686980830671,6.09857008642256,207
"209",2019,2,6.06060606060606,33,6.1304347826087,5.9,5,5.66666666666667,6.1,23,10,2,3,30,5682,3451,2231,615,1255,4427,6.07814390531503,6.39560059982613,5.58708919766921,5.56848780487805,6.00605657370518,6.09857977637226,208
"210",2019,3,6.26533333333333,45,6.69114285714286,4.775,4,5.33333333333333,6.33190476190476,35,10,2,3,42,5727,3486,2241,617,1258,4469,6.07961474943251,6.39856789156626,5.58346541722445,5.5634035656402,6.00445230524642,6.10077258223316,209
"211",2019,4,5.80555555555556,36,6.26315789473684,5.29411764705882,7.5,5.83333333333333,5.8,19,17,2,6,30,5763,3505,2258,619,1264,4499,6.07790277112615,6.39783385734664,5.58128697962799,5.56966074313409,6.00364003164557,6.09876698599689,210
"212",2019,5,5.98846153846154,26,6.51666666666667,5.53571428571429,4.8,6.83333333333333,5.87826086956522,12,14,5,3,23,5789,3517,2272,624,1267,4522,6.07750106581448,6.39823931475689,5.58100616197183,5.56349358974359,6.0056045777427,6.09764543785935,211
"213",2019,6,6.28552631578947,38,6.63653846153846,5.525,5,6.14285714285714,6.31774193548387,26,12,3,7,31,5827,3543,2284,627,1274,4553,6.07885767461816,6.39998805249788,5.5807119089317,5.56079744816587,6.00635871271586,6.09914400834615,212
"214",2019,7,6.20128205128205,39,6.33928571428571,5.85,5.27,5.88888888888889,6.295,28,11,5,9,30,5866,3571,2295,632,1283,4583,6.07967161097852,6.39951208905068,5.58200261437908,5.55849683544304,6.00553468433359,6.10042606807768,213
"215",2019,8,6.47729166666667,48,6.7825,6.05,6.75,6.75714285714286,6.42951219512195,28,20,6,7,41,5914,3599,2315,638,1290,4624,6.08289882820426,6.40249171158655,5.58604578833693,5.56970219435737,6.00961317829457,6.10334400302768,214
"216",2019,9,5.95833333333333,36,6.22,5.36363636363636,4.5,6.25,5.921875,25,11,4,4,32,5950,3624,2326,642,1294,4656,6.08214515462185,6.40123280077262,5.5849939810834,5.56303738317757,6.01035625965997,6.10209679338488,215
"217",2019,10,6.3775,40,6.75416666666667,5.8125,6.33333333333333,NA,6.3775,24,16,3,0,40,5990,3648,2342,645,1294,4696,6.08411747412354,6.40355473410087,5.58654824935952,5.56662015503876,6.01035625965997,6.10444264693356,216
"218",2019,11,6.09375,32,6.42222222222222,5.67142857142857,5,6,6.1,18,14,1,2,30,6022,3666,2356,646,1296,4726,6.08416865991365,6.40364639116203,5.58705263157895,5.56574303405573,6.01034027777778,6.10441444561997,217
"219",2019,12,6.32391304347826,46,6.45666666666667,6.075,5.83333333333333,6.26,6.33170731707317,30,16,6,5,41,6068,3696,2372,652,1301,4767,6.08598610250495,6.40407675054112,5.59034401349072,5.56820552147239,6.01129976940815,6.10636934550031,218
"220",2020,1,6.44485294117647,68,6.67613636363636,6.02083333333333,5.85714285714286,6.42857142857143,6.44672131147541,44,24,7,7,61,6136,3740,2396,659,1308,4828,6.08996311440678,6.40727745187165,5.59465609348915,5.5712746585736,6.01353287461774,6.11066956710853,219
"221",2020,2,6.37033555555556,54,6.42948717948718,6.21654133333333,5.69937333333333,6.2,6.38771673469388,39,15,3,5,49,6190,3779,2411,662,1313,4877,6.09240901292407,6.40750666049219,5.59852514309415,5.57185516616314,6.01424295506474,6.11345310436744,220
"222",2020,3,6.00212765957447,47,6.087,5.85235294117647,6.4,5.75,6.07027027027027,30,17,5,10,37,6237,3809,2428,667,1323,4914,6.09172868205868,6.40498232344447,5.60030235584843,5.57806314842579,6.01224565381708,6.11312795889296,221
"223",2020,4,6.2875,64,6.41891891891892,6.10740740740741,7,6,6.35384615384615,37,27,4,12,52,6301,3846,2455,671,1335,4966,6.09371715441993,6.40511639885595,5.60587947861507,5.58653967213115,6.01213558052435,6.1156485682642,222
"224",2020,5,6.1530612244898,49,6.67241379310345,5.4,5.33333333333333,6.9375,6,29,20,3,8,41,6350,3875,2475,674,1343,5007,6.09417508503937,6.40711681806451,5.6042158060606,5.58541264094956,6.01764780342517,6.11470157579389,223
"225",2020,6,6.38695652173913,46,6.60714285714286,6.04444444444444,5.66666666666667,6.25,6.4,28,18,3,4,42,6396,3903,2493,677,1347,5049,6.09628076766729,6.40855179861645,5.60739435218612,5.58577270310192,6.01833778767632,6.11707482471776,224
"226",2020,7,6.23,50,6.33571428571429,6.09545454545455,6.33333333333333,6.95,6.09285714285714,28,22,3,8,42,6446,3931,2515,680,1355,5091,6.09731799410487,6.40803298651742,5.61166366600397,5.58907076470588,6.02383837638377,6.11687503241014,225
"227",2020,8,6.33673469387755,49,6.7741935483871,5.58333333333333,5.5,NA,6.33673469387755,31,18,4,0,49,6495,3962,2533,684,1355,5140,6.09912421709007,6.41089794800606,5.6114623450454,5.58854988304094,6.02383837638377,6.11897097081712,226
"228",2020,9,5.84761904761905,42,6.28947368421053,5.48260869565217,5.5,5.33333333333333,5.88717948717949,19,23,2,3,39,6537,3981,2556,686,1358,5179,6.09750830503289,6.4103184300427,5.61030286384976,5.58829172011662,6.02231296023564,6.11722548561498,227
"229",2020,10,6.72444444444444,45,7.16363636363636,6.30434782608696,6.14285714285714,7.5,6.6051282051282,22,23,7,6,39,6582,4003,2579,693,1364,5218,6.10179455940444,6.41445857356982,5.61649248545948,5.59389339105339,6.02881304985337,6.12087213300115,228
"230",2020,11,6.03604651162791,43,6.36964285714286,5.41333333333333,6,6.66666666666667,5.98875,28,15,1,3,40,6625,4031,2594,694,1367,5258,6.10136781735849,6.41414727611014,5.61531770239013,5.59447855907781,6.03021287490856,6.11986701977938,229
"231",2020,12,5.98927536231884,69,6.36954545454545,5.32,5.5,4,6.01852941176471,44,25,4,1,68,6694,4075,2619,698,1368,5326,6.10021239766956,6.41366568588957,5.61249870943108,5.59393713467049,6.02872880116959,6.1185731862561,230
"232",2021,1,5.93571428571429,70,6.4125,5.3,5.83333333333333,5.83333333333333,5.9453125,40,30,9,6,64,6764,4115,2649,707,1374,5390,6.09851002217623,6.41365435479951,5.60895965269913,5.59698461103253,6.02787554585153,6.11651591651206,231
"233",2021,2,6.18,40,6.43076923076923,5.71428571428571,6,5.5,6.25555555555556,26,14,3,4,36,6804,4141,2663,710,1378,5426,6.09898909318048,6.4137618135716,5.60951337589185,5.59868749295775,6.02634325108854,6.11743840582381,232
"234",2021,3,6.42754545454545,55,6.58,6.16075,5.603,5.66916666666667,6.52040816326531,35,20,5,6,49,6859,4176,2683,715,1384,5475,6.1016236754629,6.4151550933908,5.61362248229594,5.59871765034965,6.02479479768786,6.12104489315068,233
"235",2021,4,6.48732019607843,51,6.69063054054054,5.95,6.25,6.2875,6.52449604651163,37,14,4,8,43,6910,4213,2697,719,1392,5518,6.10447035021708,6.41757441253263,5.61536860215054,5.60234091794158,6.02630459770115,6.12418885828199,234
"236",2021,5,6.34615384615385,39,6.91666666666667,5.43333333333333,6.16666666666667,6,6.35526315789474,24,15,3,1,38,6949,4237,2712,722,1393,5556,6.10582675492877,6.4204014632995,5.6143617699115,5.60468576177285,6.02628571428572,6.12576928005759,235
"237",2021,6,6.22340425531915,47,6.51666666666667,5.70588235294118,6.66666666666667,6.35714285714286,6.2,30,17,6,7,40,6996,4267,2729,728,1400,5596,6.10661665523156,6.42107827513475,5.61493188713814,5.61343835164835,6.02794,6.12629987848463,236
"238",2021,7,6.39386363636364,44,7.04,5.54368421052632,5.75,4.5,6.58325,25,19,2,4,40,7040,4292,2748,730,1404,5636,6.10841194886364,6.42468336439888,5.61443927219796,5.61381249315068,6.0235868945869,6.12954295954578,237
"239",2021,8,6.27195121951219,41,6.11458333333333,6.49411764705882,6.1,6.1875,6.28108108108108,24,17,5,4,37,7081,4316,2765,735,1408,5673,6.10935886456715,6.42295898980537,5.61984778300181,5.61711989115646,6.02405255681818,6.13053130971267,238
"240",2021,9,6.11020408163265,49,6.39545454545455,5.87777777777778,7.2,5.5,6.16444444444444,22,27,5,4,45,7130,4338,2792,740,1412,5718,6.10936467321178,6.42281950207469,5.62234209169054,5.62781502702703,6.02256798866856,6.13079820216859,239
"241",2021,10,5.87,48,6.32592592592593,5.28380952380952,4.2,5.33333333333333,5.99384615384615,27,21,5,9,39,7178,4365,2813,745,1421,5757,6.10776401783227,6.42222016036655,5.61981483114113,5.61823237583893,6.01820267417312,6.129870439465,240
"242",2021,11,6.20697674418605,43,6.2962962962963,6.05625,6.32,7.75,6.13170731707317,27,16,5,2,41,7221,4392,2829,750,1423,5798,6.10835481512256,6.42144603825136,5.62228318133616,5.62291082666667,6.02063668306395,6.12988342876854,241
"243",2021,12,6.33396226415094,53,6.82206896551724,5.74416666666667,3.66666666666667,6.83333333333333,6.23181818181818,29,24,3,9,44,7274,4421,2853,753,1432,5842,6.1099986417377,6.42407396516625,5.6233084893095,5.6151170252324,6.02574441340782,6.13065116740842,242
"244",2022,1,6.16805333333333,75,6.73486956521739,5.26896551724138,6,6.33333333333333,6.14551515151515,46,29,5,9,66,7349,4467,2882,758,1441,5908,6.1105911171588,6.42727445713006,5.61974292852186,5.61765583113456,6.02766551006246,6.13081721733243,243
"245",2022,2,6.14244897959184,49,6.2192,6.0625,7.375,6,6.16232558139535,25,24,4,6,43,7398,4492,2906,762,1447,5951,6.11080212489862,6.42611642920748,5.623399559532,5.62688073490814,6.02755079474776,6.13104488657369,244
"246",2022,3,6.29777777777778,45,6.51333333333333,5.86666666666667,6.25,5.5,6.42051282051282,30,15,4,6,39,7443,4522,2921,766,1453,5990,6.11193257020019,6.42669504643963,5.62464879150975,5.63013462140992,6.02537233310392,6.13292956928214,245
"247",2022,4,6.29166666666667,48,6.54285714285714,5.61538461538461,5,6.33333333333333,6.28888888888889,35,13,1,3,45,7491,4557,2934,767,1456,6035,6.11308425043386,6.42758722843976,5.62460774369461,5.62931306388527,6.02600686813187,6.13409248053024,246
"248",2022,5,6.16818181818182,44,6.58636363636364,5.75,6.07142857142857,5.33333333333333,6.3,22,22,7,6,38,7535,4579,2956,774,1462,6073,6.11340598805574,6.4283500764359,5.62554097428958,5.6333115245478,6.02316415868673,6.13513059772765,247
"249",2022,6,6.28947368421053,38,6.85714285714286,5.58823529411765,5.25,6,6.30555555555556,21,17,2,2,36,7573,4600,2973,776,1464,6109,6.11428946520534,6.43030760869565,5.62532765556676,5.63232360824742,6.0231325136612,6.13613490260272,248
"250",2022,7,6.02875,48,6.19166666666667,5.75722222222222,5.83333333333333,5.83333333333333,6.04177777777778,30,18,6,3,45,7621,4630,2991,782,1467,6154,6.11375070463194,6.42876133909287,5.62612140421264,5.63386588235294,6.02274437627812,6.13544493337667,249
"251",2022,8,6.10892857142857,56,6.124,6.09677419354839,7,6,6.122,25,31,1,6,50,7677,4655,3022,783,1473,6204,6.11371552950371,6.4271245972073,5.6309494109861,5.63561062579821,6.0226517311609,6.13533657640232,250
"252",2022,9,6.35535897435897,39,6.78517391304348,5.7375,5.75,7.1118,6.24411764705882,23,16,4,5,34,7716,4678,3038,787,1478,6238,6.11493689994816,6.428884993587,5.63151057274522,5.63619202033037,6.02633626522328,6.13592948380891,251
"253",2022,10,5.93652564102564,39,6.30526315789474,5.586225,6.5,5.75,5.95784285714286,19,20,4,4,35,7755,4697,3058,791,1482,6273,6.11403966731141,6.42838492654886,5.63121439502943,5.6405602022756,6.02559041835358,6.13493585525267,252
"254",2022,11,6.00727272727273,55,6.11891891891892,5.77777777777778,6.16666666666667,5.85714285714286,6.02916666666667,37,18,6,7,48,7810,4734,3076,797,1489,6321,6.11328778745199,6.42596620194339,5.63207204811443,5.6445208531995,6.02479852249832,6.13413267204556,253
"255",2022,12,6.14523076923077,65,6.63387096774194,5.69970588235294,6.25,4.84285714285714,6.30241379310345,31,34,4,7,58,7875,4765,3110,801,1496,6379,6.11355144380953,6.42731878279118,5.6328114533762,5.64754446941323,6.01926804812834,6.13566274024142,254
