"","year","month","avg_rating","no_ratings","avg_rating_owned","avg_rating_not_owned","avg_rating_prev_owned","avg_rating_comment","avg_rating_no_comment","no_ratings_owned","no_ratings_not_owned","no_ratings_prev_owned","no_ratings_comment","no_ratings_no_comment","cum_no_ratings","cum_no_ratings_owned","cum_no_ratings_not_owned","cum_no_ratings_prev_owned","cum_no_ratings_comment","cum_no_ratings_no_comment","cum_avg_rating","cum_avg_rating_owned","cum_avg_rating_not_owned","cum_avg_rating_prev_owned","cum_avg_rating_comment","cum_avg_rating_no_comment","month_after_release"
"1",2001,10,6.33333333333333,3,7,5,5,5.5,8,2,1,1,2,1,3,2,1,1,2,1,6.33333333333333,7,5,5,5.5,8,5
"2",2001,11,6.5,2,NA,6.5,7,NA,6.5,0,2,1,0,2,5,2,3,2,2,3,6.4,7,6,6,5.5,7,6
"3",2001,12,6.66666666666667,3,6.66666666666667,NA,NA,7,6.5,3,0,0,1,2,8,5,3,2,3,5,6.5,6.8,6,6,6,6.8,7
"4",2002,1,6.5,6,8,5,5,5,6.8,3,3,1,1,5,14,8,6,3,4,10,6.5,7.25,5.5,5.66666666666667,5.75,6.8,8
"5",2002,2,6.33333333333333,3,6.33333333333333,NA,NA,NA,6.33333333333333,3,0,0,0,3,17,11,6,3,4,13,6.47058823529412,7,5.5,5.66666666666667,5.75,6.69230769230769,9
"6",2002,3,5.25,4,5.25,NA,NA,6,5,4,0,0,1,3,21,15,6,3,5,16,6.23809523809524,6.53333333333333,5.5,5.66666666666667,5.8,6.375,10
"7",2002,4,6,4,6,6,NA,6,6,3,1,0,1,3,25,18,7,3,6,19,6.2,6.44444444444444,5.57142857142857,5.66666666666667,5.83333333333333,6.31578947368421,11
"8",2002,5,4,2,4,NA,NA,NA,4,2,0,0,0,2,27,20,7,3,6,21,6.03703703703704,6.2,5.57142857142857,5.66666666666667,5.83333333333333,6.09523809523809,12
"9",2002,6,5.75,2,5.75,NA,NA,6.5,5,2,0,0,1,1,29,22,7,3,7,22,6.01724137931035,6.15909090909091,5.57142857142857,5.66666666666667,5.92857142857143,6.04545454545455,13
"10",2002,7,5.77777777777778,9,5.875,5,NA,6,5.6,8,1,0,4,5,38,30,8,3,11,27,5.96052631578947,6.08333333333333,5.5,5.66666666666667,5.95454545454545,5.96296296296296,14
"11",2002,8,5.76923076923077,13,5.9,5.33333333333333,5,3,6,10,3,1,1,12,51,40,11,4,12,39,5.91176470588235,6.0375,5.45454545454545,5.5,5.70833333333333,5.97435897435897,15
"12",2002,9,6,4,7,5.66666666666667,NA,6,6,1,3,0,1,3,55,41,14,4,13,42,5.91818181818182,6.0609756097561,5.5,5.5,5.73076923076923,5.97619047619048,16
"13",2002,10,6.6,5,6.25,8,NA,6,6.75,4,1,0,1,4,60,45,15,4,14,46,5.975,6.07777777777778,5.66666666666667,5.5,5.75,6.04347826086957,17
"14",2002,11,5.375,8,6,4.33333333333333,NA,4.66666666666667,5.8,5,3,0,3,5,68,50,18,4,17,51,5.90441176470588,6.07,5.44444444444444,5.5,5.55882352941176,6.01960784313725,18
"15",2002,12,5.4,5,6,4.5,NA,4.5,6,3,2,0,2,3,73,53,20,4,19,54,5.86986301369863,6.06603773584906,5.35,5.5,5.44736842105263,6.01851851851852,19
"16",2003,1,5.25,8,5.83333333333333,3.5,3.5,4,5.66666666666667,6,2,2,2,6,81,59,22,6,21,60,5.80864197530864,6.04237288135593,5.18181818181818,4.83333333333333,5.30952380952381,5.98333333333333,20
"17",2003,2,5.5,2,5.5,NA,NA,NA,5.5,2,0,0,0,2,83,61,22,6,21,62,5.80120481927711,6.02459016393443,5.18181818181818,4.83333333333333,5.30952380952381,5.96774193548387,21
"18",2003,3,6.25,4,6,7,NA,NA,6.25,3,1,0,0,4,87,64,23,6,21,66,5.82183908045977,6.0234375,5.26086956521739,4.83333333333333,5.30952380952381,5.98484848484848,22
"19",2003,4,5.4375,8,6.375,4.5,NA,4.33333333333333,6.1,4,4,0,3,5,95,68,27,6,24,71,5.78947368421053,6.04411764705882,5.14814814814815,4.83333333333333,5.1875,5.99295774647887,23
"20",2003,5,5.45,10,5.08333333333333,6,NA,4.75,5.91666666666667,6,4,0,4,6,105,74,31,6,28,77,5.75714285714286,5.96621621621622,5.25806451612903,4.83333333333333,5.125,5.98701298701299,24
"21",2003,6,5.8,10,6,5.6,NA,6.25,5.5,5,5,0,4,6,115,79,36,6,32,83,5.76086956521739,5.96835443037975,5.30555555555556,4.83333333333333,5.265625,5.95180722891566,25
"22",2003,7,4.87837837837838,37,5.84375,4.14285714285714,2,4.66666666666667,4.94642857142857,16,21,1,9,28,152,95,57,7,41,111,5.54605263157895,5.94736842105263,4.87719298245614,4.42857142857143,5.13414634146341,5.6981981981982,26
"23",2003,8,4.79473684210526,19,5.45555555555556,4.2,NA,6.05,4.64705882352941,9,10,0,2,17,171,104,67,7,43,128,5.46257309941521,5.90480769230769,4.77611940298507,4.42857142857143,5.17674418604651,5.55859375,27
"24",2003,9,6.01818181818182,11,6.74285714285714,4.75,NA,6.125,5.95714285714286,7,4,0,4,7,182,111,71,7,47,135,5.49615384615385,5.95765765765766,4.77464788732394,4.42857142857143,5.25744680851064,5.57925925925926,28
"25",2003,10,5.35,10,5.75,4.75,5,4,5.6875,6,4,2,2,8,192,117,75,9,49,143,5.48854166666667,5.94700854700855,4.77333333333333,4.55555555555556,5.20612244897959,5.58531468531469,29
"26",2003,11,5.14285714285714,7,6.2,2.5,NA,5,5.33333333333333,5,2,0,4,3,199,122,77,9,53,146,5.47638190954774,5.95737704918033,4.71428571428571,4.55555555555556,5.19056603773585,5.58013698630137,30
"27",2003,12,5.375,8,6,4.33333333333333,NA,6,5.16666666666667,5,3,0,2,6,207,127,80,9,55,152,5.47246376811594,5.95905511811024,4.7,4.55555555555556,5.22,5.56381578947368,31
"28",2004,1,4.66666666666667,15,5.16666666666667,4.33333333333333,6,4.6,4.7,6,9,1,5,10,222,133,89,10,60,162,5.41801801801802,5.92330827067669,4.66292134831461,4.7,5.16833333333333,5.51049382716049,32
"29",2004,2,5.41176470588235,17,5.81818181818182,4.66666666666667,NA,5.25,5.46153846153846,11,6,0,4,13,239,144,95,10,64,175,5.41757322175732,5.91527777777778,4.66315789473684,4.7,5.1734375,5.50685714285714,33
"30",2004,3,5.26923076923077,13,5.3,5.16666666666667,NA,5.125,5.33333333333333,10,3,0,4,9,252,154,98,10,68,184,5.40992063492064,5.87532467532468,4.67857142857143,4.7,5.17058823529412,5.49836956521739,34
"31",2004,4,5.75,4,6,5.5,NA,7,5.33333333333333,2,2,0,1,3,256,156,100,10,69,187,5.415234375,5.87692307692308,4.695,4.7,5.19710144927536,5.49572192513369,35
"32",2004,5,5.5,8,5.66666666666667,5,5,5.33333333333333,5.6,6,2,1,3,5,264,162,102,11,72,192,5.41780303030303,5.86913580246914,4.70098039215686,4.72727272727273,5.20277777777778,5.4984375,36
"33",2004,6,4.30769230769231,13,4.66666666666667,4,2,4,4.5,6,7,1,5,8,277,168,109,12,77,200,5.36570397111913,5.82619047619048,4.65596330275229,4.5,5.12467532467532,5.4585,37
"34",2004,7,5.33333333333333,6,4.33333333333333,6.33333333333333,NA,6,4.66666666666667,3,3,0,3,3,283,171,112,12,80,203,5.36501766784452,5.8,4.70089285714286,4.5,5.1575,5.44679802955665,38
"35",2004,8,4.5,8,5.33333333333333,4,5.5,3.75,5.25,3,5,2,4,4,291,174,117,14,84,207,5.34123711340206,5.79195402298851,4.67094017094017,4.64285714285714,5.09047619047619,5.44299516908213,39
"36",2004,9,5.30769230769231,13,5,5.5,5,4.875,6,5,8,1,8,5,304,179,125,15,92,212,5.33980263157895,5.76983240223464,4.724,4.66666666666667,5.07173913043478,5.4561320754717,40
"37",2004,10,5.83333333333333,9,5.64285714285714,6.5,NA,7,5.5,7,2,0,2,7,313,186,127,15,94,219,5.35399361022364,5.76505376344086,4.75196850393701,4.66666666666667,5.11276595744681,5.45753424657534,41
"38",2004,11,5.86666666666667,15,6.71428571428571,5.125,5.5,4.5,6.36363636363636,7,8,2,4,11,328,193,135,17,98,230,5.37743902439025,5.79948186528497,4.77407407407407,4.76470588235294,5.08775510204081,5.50086956521739,42
"39",2004,12,5.08333333333333,6,5,5.16666666666667,NA,5.375,4.5,3,3,0,4,2,334,196,138,17,102,232,5.37215568862276,5.78724489795918,4.78260869565217,4.76470588235294,5.09901960784314,5.49224137931034,43
"40",2005,1,5.19230769230769,26,5.64705882352941,4.33333333333333,4,3.8,5.52380952380952,17,9,1,5,21,360,213,147,18,107,253,5.35916666666667,5.77605633802817,4.75510204081633,4.72222222222222,5.03831775700934,5.49486166007905,44
"41",2005,2,4.78947368421053,19,5.36363636363636,4,4,4.7,4.88888888888889,11,8,1,10,9,379,224,155,19,117,262,5.33060686015831,5.75580357142857,4.71612903225806,4.68421052631579,5.00940170940171,5.47404580152672,45
"42",2005,3,4.96428571428571,14,5.58333333333333,4.5,4.5,5.2,4.83333333333333,6,8,2,5,9,393,230,163,21,122,271,5.3175572519084,5.75130434782609,4.70552147239264,4.66666666666667,5.0172131147541,5.45276752767528,46
"43",2005,4,5.11111111111111,9,5.14285714285714,5,6,5,5.25,7,2,1,5,4,402,237,165,22,127,275,5.31293532338309,5.73333333333333,4.70909090909091,4.72727272727273,5.01653543307086,5.44981818181818,47
"44",2005,5,5.27777777777778,9,5.91666666666667,4,NA,5.2,5.375,6,3,0,5,4,411,243,168,22,132,279,5.31216545012165,5.73786008230453,4.69642857142857,4.72727272727273,5.02348484848485,5.44874551971326,48
"45",2005,6,4.64285714285714,14,5.85714285714286,3.42857142857143,3,4.33333333333333,5.2,7,7,1,9,5,425,250,175,23,141,284,5.29011764705882,5.7412,4.64571428571429,4.65217391304348,4.97943262411347,5.4443661971831,49
"46",2005,7,4.69285714285714,14,5.11111111111111,3.94,3.5,4.83333333333333,4.5875,9,5,2,6,8,439,259,180,25,147,292,5.27107061503417,5.71930501930502,4.62611111111111,4.56,4.9734693877551,5.4208904109589,50
"47",2005,8,5.61904761904762,21,5.84615384615385,5.25,5.66666666666667,5.5,5.77777777777778,13,8,3,12,9,460,272,188,28,159,301,5.28695652173913,5.72536764705882,4.65265957446809,4.67857142857143,5.01320754716981,5.43156146179402,51
"48",2005,9,4.89285714285714,14,5.07142857142857,4.71428571428571,6,4.5,5.05,7,7,1,4,10,474,279,195,29,163,311,5.2753164556962,5.7089605734767,4.6548717948718,4.72413793103448,5.00061349693251,5.41929260450161,52
"49",2005,10,5.54545454545455,22,5.5,6,6,5.53846153846154,5.55555555555556,20,2,1,13,9,496,299,197,30,176,320,5.28729838709677,5.69498327759197,4.66852791878173,4.76666666666667,5.04034090909091,5.423125,53
"50",2005,11,5.09090909090909,22,5.57142857142857,4.25,NA,4.625,5.65,14,8,0,12,10,518,313,205,30,188,330,5.27895752895753,5.68945686900958,4.65219512195122,4.76666666666667,5.01382978723404,5.43,54
"51",2005,12,5.40476190476191,21,5.73076923076923,4.875,4,4.35,6.36363636363636,13,8,1,10,11,539,326,213,31,198,341,5.28385899814471,5.69110429447853,4.66056338028169,4.74193548387097,4.98030303030303,5.46011730205279,55
"52",2006,1,4.76213793103448,29,4.87378947368421,4.55,5,4.2602,5.02631578947368,19,10,1,10,19,568,345,223,32,208,360,5.25722183098592,5.64609275362319,4.65560538116592,4.75,4.94568269230769,5.43722222222222,56
"53",2006,2,5.37,30,5.95,4.5,NA,4.96666666666667,5.63888888888889,18,12,0,12,18,598,363,235,32,220,378,5.26287959866221,5.66116253443526,4.64765957446809,4.75,4.94682727272727,5.4468253968254,57
"54",2006,3,5.07272727272727,11,5.28571428571429,4.7,5,5.46666666666667,4.6,7,4,1,6,5,609,370,239,33,226,383,5.25944499178982,5.65405945945946,4.64853556485356,4.75757575757576,4.96062831858407,5.43577023498695,58
"55",2006,4,5.16666666666667,12,5.28571428571429,5,5,4.25,5.625,7,5,2,4,8,621,377,244,35,230,391,5.25765217391304,5.64722015915119,4.65573770491803,4.77142857142857,4.94826956521739,5.43964194373402,59
"56",2006,5,4.72222222222222,9,5.41666666666667,3.33333333333333,NA,4.83333333333333,4.66666666666667,6,3,0,3,6,630,383,247,35,233,397,5.25000317460317,5.64360835509138,4.63967611336032,4.77142857142857,4.94678969957081,5.427959697733,60
"57",2006,6,4.7,10,5,4.4,5,4,5.4,5,5,1,5,5,640,388,252,36,238,402,5.241409375,5.63531443298969,4.63492063492064,4.77777777777778,4.92689915966386,5.42761194029851,61
"58",2006,7,5.1875,16,5.33333333333333,4.75,5,5.5,5.14285714285714,12,4,1,2,14,656,400,256,37,240,416,5.24009451219512,5.626255,4.63671875,4.78378378378378,4.931675,5.41802884615385,62
"59",2006,8,4.58333333333333,12,5.25,3.91666666666667,4,4.42857142857143,4.8,6,6,1,7,5,668,406,262,38,247,421,5.22829640718563,5.62069458128079,4.62022900763359,4.76315789473684,4.91741700404858,5.41068883610451,63
"60",2006,9,5.10714285714286,14,6.08333333333333,4.375,4.66666666666667,6.33333333333333,4.77272727272727,6,8,3,3,11,682,412,270,41,250,432,5.22580938416422,5.62743203883495,4.61296296296296,4.75609756097561,4.934408,5.39444444444444,64
"61",2006,10,4.79411764705882,17,5.4375,4.22222222222222,NA,4.25,4.96153846153846,8,9,0,4,13,699,420,279,41,254,445,5.2153104434907,5.62381428571429,4.60035842293907,4.75609756097561,4.92362992125984,5.38179775280899,65
"62",2006,11,4.97058823529412,17,4.96666666666667,5,6,4.25,5.19230769230769,15,2,1,4,13,716,435,281,42,258,458,5.2095,5.60115402298851,4.60320284697509,4.78571428571429,4.91318604651163,5.3764192139738,66
"63",2006,12,5.07407407407407,27,6.07692307692308,4.14285714285714,4,4.94444444444444,5.13888888888889,13,14,3,9,18,743,448,295,45,267,476,5.20457873485868,5.61495982142857,4.58135593220339,4.73333333333333,4.91423970037453,5.36743697478992,67
"64",2007,1,5.03703703703704,27,5.57142857142857,4.46153846153846,6,4.5,5.26315789473684,14,13,1,8,19,770,462,308,46,275,495,5.1987038961039,5.61364069264069,4.5762987012987,4.76086956521739,4.90218909090909,5.36343434343434,68
"65",2007,2,4.825,20,5.46153846153846,3.64285714285714,4,4.66666666666667,4.89285714285714,13,7,1,6,14,790,475,315,47,281,509,5.18924303797468,5.60947789473684,4.55555555555555,4.74468085106383,4.89716014234875,5.35049115913556,69
"66",2007,3,5.20645161290323,31,5.49444444444444,4.80769230769231,5,5.27777777777778,5.17727272727273,18,13,2,9,22,821,493,328,49,290,531,5.1898928136419,5.60527789046653,4.5655487804878,4.75510204081633,4.9089724137931,5.34331450094162,70
"67",2007,4,6.05263157894737,19,6.57142857142857,4.6,NA,6,6.08333333333333,14,5,0,7,12,840,507,333,49,297,543,5.20940714285714,5.63195660749507,4.56606606606607,4.75510204081633,4.93468686868687,5.35966850828729,71
"68",2007,5,4.915,20,4.975,4.875,5.3,3.93333333333333,5.08823529411765,8,12,5,3,17,860,515,345,54,300,560,5.20256046511628,5.62175145631068,4.5768115942029,4.80555555555556,4.92467333333333,5.35142857142857,72
"69",2007,6,5.29166666666667,24,5.3,5.28571428571429,4.5,5.25,5.32142857142857,10,14,2,10,14,884,525,359,56,310,574,5.20497963800905,5.61562285714286,4.60445682451253,4.79464285714286,4.93516774193548,5.3506968641115,73
"70",2007,7,5.42352941176471,17,5.28571428571429,5.52,9,5.22222222222222,5.65,7,10,1,9,8,901,532,369,57,319,582,5.20910321864595,5.61128195488722,4.62926829268293,4.86842105263158,4.94326645768025,5.35481099656357,74
"71",2007,8,5.21428571428571,21,5.67857142857143,4.28571428571429,NA,4.4,5.46875,14,7,0,5,16,922,546,376,57,324,598,5.20922125813449,5.61300732600733,4.62287234042553,4.86842105263158,4.93488271604938,5.35785953177258,75
"72",2007,9,5.436,25,5.79333333333333,4.9,5,5.92857142857143,5.24444444444444,15,10,2,7,18,947,561,386,59,331,616,5.21520802534319,5.61782887700535,4.6300518134715,4.8728813559322,4.95589728096677,5.35454545454546,76
"73",2007,10,5.505,20,6.27272727272727,4.56666666666667,6,5.85714285714286,5.31538461538462,11,9,1,7,13,967,572,395,60,338,629,5.22120165460186,5.63042307692308,4.62860759493671,4.89166666666667,4.97456213017751,5.35373608903021,77
"74",2007,11,5.40217391304348,23,5.69642857142857,4.94444444444444,NA,6.58333333333333,4.98529411764706,14,9,0,6,17,990,586,404,60,344,646,5.22540606060606,5.632,4.63564356435644,4.89166666666667,5.00262209302325,5.34404024767802,78
"75",2007,12,5.203125,32,5.55882352941176,4.8,6,4.46153846153846,5.71052631578947,17,15,2,13,19,1022,603,419,62,357,665,5.2247084148728,5.62993698175788,4.64152744630072,4.92741935483871,4.982918767507,5.35451127819549,79
"76",2008,1,5.45535714285714,28,5.72368421052632,4.88888888888889,6,6.17857142857143,5.21428571428571,19,9,1,7,21,1050,622,428,63,364,686,5.23085904761905,5.63280064308682,4.64672897196262,4.94444444444444,5.00591208791209,5.35021865889213,80
"77",2008,2,5.86086956521739,23,6,5.64444444444444,4.375,5.96666666666667,5.82352941176471,14,9,4,6,17,1073,636,437,67,370,703,5.24436346691519,5.64088364779874,4.66727688787185,4.91044776119403,5.02149189189189,5.36166429587482,81
"78",2008,3,5.34324324324324,37,5.72962962962963,4.3,4.66666666666667,5.26666666666667,5.38,27,10,3,12,25,1110,663,447,70,382,728,5.24765945945946,5.64449773755656,4.65906040268456,4.9,5.02919371727749,5.36229395604396,82
"79",2008,4,4.94192307692308,26,5.125,4.785,5,6,4.6245,12,14,2,6,20,1136,675,461,72,388,748,5.24066197183099,5.63526222222222,4.66288503253796,4.90277777777778,5.04420618556701,5.34256684491979,83
"80",2008,5,5.98846153846154,26,6.08823529411765,5.8,NA,6.14285714285714,5.93157894736842,17,9,0,7,19,1162,692,470,72,395,767,5.25739414802065,5.64639017341041,4.68465957446809,4.90277777777778,5.06367594936709,5.35715775749674,84
"81",2008,6,5.67037037037037,27,5.90952380952381,4.83333333333333,6,5.6,5.7,21,6,1,8,19,1189,713,476,73,403,786,5.26677207737595,5.65414025245442,4.68653361344538,4.91780821917808,5.07432258064516,5.36544529262087,85
"82",2008,7,5.41060606060606,33,5.425,5.39705882352941,5.39583333333333,5.7,5.28478260869565,16,17,12,10,23,1222,729,493,85,413,809,5.27065630114566,5.64911111111111,4.71103448275862,4.98529411764706,5.08947215496368,5.36315203955501,86
"83",2008,8,5.32424242424242,33,6.4,4.625,4.3,4.1,5.54285714285714,13,20,10,5,28,1255,742,513,95,418,837,5.27206533864542,5.66226684636119,4.70768031189084,4.91315789473684,5.07763636363636,5.36916367980884,87
"84",2008,9,4.55909090909091,22,5.725,3.89285714285714,3.66666666666667,4.65384615384615,4.42222222222222,8,14,6,13,9,1277,750,527,101,431,846,5.25978230227095,5.662936,4.68603415559772,4.83910891089109,5.06485382830626,5.35908983451537,88
"85",2008,10,5.28965517241379,29,5.52352941176471,4.95833333333333,5.08333333333333,5.5,5.20952380952381,17,12,6,8,21,1306,767,539,107,439,867,5.26044563552833,5.65984615384615,4.69209647495362,4.85280373831776,5.07278359908884,5.35546712802768,89
"86",2008,11,5.12096774193548,31,5.34722222222222,4.80769230769231,4.5,5.67307692307692,4.72222222222222,18,13,6,13,18,1337,785,552,113,452,885,5.25721166791324,5.65267770700637,4.69481884057971,4.83407079646018,5.09004867256637,5.34258757062147,90
"87",2008,12,5.06923076923077,26,4.95833333333333,5.16428571428571,5.9375,5.25454545454545,4.93333333333333,12,14,8,11,15,1363,797,566,121,463,900,5.25362582538518,5.64222333751569,4.70643109540636,4.90702479338843,5.09395680345572,5.33576666666667,91
"88",2009,1,5.02372881355932,59,5.34615384615385,4.76969696969697,5.13636363636364,4.78823529411765,5.11904761904762,26,33,11,17,42,1422,823,599,132,480,942,5.24408720112517,5.63286998784933,4.70991652754591,4.92613636363636,5.08312916666667,5.32610403397028,92
"89",2009,2,5.6448717948718,39,5.67368421052632,5.6175,6.0625,5.7,5.63676470588235,19,20,8,5,34,1461,842,619,140,485,976,5.25478576317591,5.63379097387173,4.73924071082391,4.99107142857143,5.08948865979381,5.3369262295082,93
"90",2009,3,5.35405405405405,37,5.575,5.09411764705882,4.33333333333333,5.2,5.378125,20,17,6,5,32,1498,862,636,146,490,1008,5.25723765020027,5.63242691415313,4.74872641509434,4.96404109589041,5.09061632653061,5.33823412698413,94
"91",2009,4,5.224,25,5.6,5.04705882352941,5.25,5.08,5.32,8,17,4,10,15,1523,870,653,150,500,1023,5.2566920551543,5.63212873563219,4.75649310872894,4.97166666666667,5.090404,5.33796676441838,95
"92",2009,5,5.37666666666667,30,5.81818181818182,5.12105263157895,4.89090909090909,4.5,5.75238095238095,11,19,11,9,21,1553,881,672,161,509,1044,5.25900965872505,5.63445175936436,4.7668005952381,4.96614906832298,5.07996463654224,5.34630268199234,96
"93",2009,6,5.24,30,5.91333333333333,4.56666666666667,4.375,4.55555555555556,5.53333333333333,15,15,4,9,21,1583,896,687,165,518,1065,5.25864939987366,5.63912053571429,4.7624308588064,4.95181818181818,5.07085328185328,5.34999061032864,97
"94",2009,7,5.42424242424242,33,5.82352941176471,5,4.4,5.66666666666667,5.33333333333333,17,16,5,9,24,1616,913,703,170,527,1089,5.26203094059406,5.64255421686747,4.76783783783784,4.93558823529412,5.0810284629981,5.34962350780533,98
"95",2009,8,5.56,25,6.15384615384615,4.91666666666667,5.28571428571429,5.3,5.73333333333333,13,12,7,10,15,1641,926,715,177,537,1104,5.26657038391225,5.64973218142549,4.77033566433566,4.94943502824859,5.0851061452514,5.35483695652174,99
"96",2009,9,5.61785714285714,28,6.35333333333333,4.76923076923077,5,5.6875,5.59,15,13,5,8,20,1669,941,728,182,545,1124,5.27246375074895,5.66094792773645,4.77031593406593,4.95082417582418,5.09394862385321,5.35902135231317,100
"97",2009,10,4.725,32,4.86470588235294,4.56666666666667,4.57142857142857,4.66666666666667,4.74782608695652,17,15,7,9,23,1701,958,743,189,554,1147,5.2621646090535,5.64681837160752,4.76620457604307,4.93677248677249,5.08700722021661,5.34676547515257,101
"98",2009,11,5.3625,40,5.82352941176471,5.02173913043478,4.63636363636364,5.02941176470588,5.60869565217391,17,23,11,17,23,1741,975,766,200,571,1170,5.26446984491671,5.64989948717949,4.7738772845953,4.92025,5.08529246935201,5.35191452991453,102
"99",2009,12,5.35714285714286,42,6.28125,4.78846153846154,5.18181818181818,5.35,5.359375,16,26,11,10,32,1783,991,792,211,581,1202,5.2666528323051,5.66009283551968,4.77435606060606,4.93388625592417,5.08984853700516,5.35211314475874,103
"100",2010,1,5.478125,48,5.70806451612903,5.05882352941176,5.3,5.43846153846154,5.49285714285714,31,17,10,13,35,1831,1022,809,221,594,1237,5.2721966138722,5.66154794520548,4.78033374536465,4.95045248868778,5.09747811447811,5.35609539207761,104
"101",2010,2,5.84545454545455,22,5.95833333333333,5.71,5.33333333333333,5.625,5.89444444444444,12,10,3,4,18,1853,1034,819,224,598,1255,5.27900269832704,5.66499226305609,4.79168498168498,4.95558035714286,5.10100668896321,5.36381673306773,105
"102",2010,3,5.59375,16,5.70833333333333,5.25,5,5.8,5.5,12,4,3,5,11,1869,1046,823,227,603,1266,5.28169716425896,5.66548948374761,4.79391251518834,4.95616740088106,5.10680265339967,5.365,106
"103",2010,4,5.67647058823529,17,5.94444444444444,5.375,5.5,6,5.63333333333333,9,8,4,2,15,1886,1055,831,231,605,1281,5.28525556733828,5.6678691943128,4.79950661853189,4.96558441558441,5.10975537190083,5.36814207650273,107
"104",2010,5,5.70666666666667,15,5.8125,5.58571428571429,3.1,NA,5.70666666666667,8,7,1,0,15,1901,1063,838,232,605,1296,5.28858074697528,5.66895766698025,4.80607398568019,4.95754310344827,5.10975537190083,5.37206018518519,108
"105",2010,6,5.60714285714286,14,5.70833333333333,5,5,6.375,5.3,12,2,1,4,10,1915,1075,840,233,609,1306,5.29090966057441,5.66939720930233,4.80653571428571,4.95772532188841,5.11806568144499,5.37150842266463,109
"106",2010,7,5.7,15,6.1875,5.14285714285714,4,6.25,5.61538461538461,8,7,1,2,13,1930,1083,847,234,611,1319,5.29408911917098,5.6732243767313,4.80931523022432,4.95363247863248,5.12177086743044,5.37391205458681,110
"107",2010,8,5.33333333333333,18,5.65,4.9375,5,6,5.14285714285714,10,8,4,4,14,1948,1093,855,238,615,1333,5.29445174537988,5.67301189387008,4.81051461988304,4.95441176470588,5.12748292682927,5.37148537134284,111
"108",2010,9,5.91666666666667,9,5.70833333333333,6.33333333333333,8,4.91666666666667,6.41666666666667,6,3,1,3,6,1957,1099,858,239,618,1339,5.29731323454267,5.67320473157416,4.81583916083916,4.96715481171548,5.12645954692557,5.37616878267364,112
"109",2010,10,5.84210526315789,19,5.90909090909091,5.75,5,6.66666666666667,5.6875,11,8,3,3,16,1976,1110,866,242,621,1355,5.3025516194332,5.67554234234234,4.8244688221709,4.96756198347107,5.1339001610306,5.37984501845018,113
"110",2010,11,5.21346153846154,26,6.00333333333333,4.13636363636364,4,4.4,5.40714285714286,15,11,2,5,21,2002,1125,877,244,626,1376,5.30139460539461,5.67991288888889,4.81583808437856,4.95963114754098,5.12803833865815,5.38026162790698,114
"111",2010,12,5.41666666666667,36,5.78947368421053,5,5.07142857142857,5.875,5.28571428571429,19,17,7,8,28,2038,1144,894,251,634,1404,5.30343081452404,5.68173251748252,4.81934004474273,4.96274900398406,5.13746372239748,5.37837606837607,115
"112",2011,1,5.8030303030303,33,6.32608695652174,4.6,5.5,5.42857142857143,5.90384615384615,23,10,4,7,26,2071,1167,904,255,641,1430,5.31139159826171,5.69443187660668,4.81691371681416,4.97117647058823,5.14064274570983,5.38793006993007,116
"113",2011,2,5.62083333333333,24,6.22307692307692,4.90909090909091,5.66666666666667,5,5.745,13,11,3,4,20,2095,1180,915,258,645,1450,5.31493651551313,5.70025593220339,4.8180218579235,4.97926356589147,5.13977054263566,5.39285517241379,117
"114",2011,3,5.52042307692308,26,5.64061111111111,5.25,5.10033333333333,5,5.67655,18,8,3,6,20,2121,1198,923,261,651,1470,5.31745544554455,5.69935976627713,4.82176598049838,4.98065517241379,5.13848233486943,5.3967149659864,118
"115",2011,4,5.325,16,5.85714285714286,4.91111111111111,4.66666666666667,5.34,5.31818181818182,7,9,3,5,11,2137,1205,932,264,656,1481,5.31751193261582,5.70027634854772,4.82262875536481,4.97708712121212,5.14001829268293,5.39613166779203,119
"116",2011,5,5.78846153846154,26,5.91176470588235,5.55555555555556,5.5,5.8125,5.77777777777778,17,9,3,8,18,2163,1222,941,267,664,1499,5.32317290799815,5.70321849427169,4.82963868225292,4.98296254681648,5.14812048192771,5.40071447631755,120
"117",2011,6,5.85833333333333,18,6.1,5.55625,4.98333333333333,5.4375,5.97857142857143,10,8,3,4,14,2181,1232,949,270,668,1513,5.32758963778083,5.70643912337662,4.83576396206533,4.98296666666667,5.14985329341317,5.40606146728354,121
"118",2011,7,5.425,20,6,4.85,4.75,5.6,5.36666666666667,10,10,4,5,15,2201,1242,959,274,673,1528,5.32847478418901,5.70880273752013,4.83591240875912,4.97956569343066,5.15319762258544,5.40567473821989,122
"119",2011,8,5.62702702702703,37,5.848,5.16666666666667,4.38888888888889,5.18181818181818,5.81538461538462,25,12,9,11,26,2238,1267,971,283,684,1554,5.33341063449509,5.71154932912392,4.84,4.96078091872791,5.15365789473684,5.4125296010296,123
"120",2011,9,5.5,15,5.94444444444444,4.83333333333333,5,4.5,5.65384615384615,9,6,2,2,13,2253,1276,977,285,686,1567,5.33451975144252,5.71319200626959,4.83995905834186,4.96105614035088,5.15175218658892,5.41453158902361,124
"121",2011,10,5.72916666666667,24,6.2,4.94444444444444,5.5,6.35714285714286,5.47058823529412,15,9,2,7,17,2277,1291,986,287,693,1584,5.33867940272288,5.71884817970566,4.84091277890466,4.96481184668989,5.16392784992785,5.41513320707071,125
"122",2011,11,6.01996,25,6.2311875,5.64444444444444,5.66,6.71414285714286,5.75,16,9,5,7,18,2302,1307,995,292,700,1602,5.34607819287576,5.72512012241775,4.84818090452261,4.97671575342466,5.17943,5.41889575530587,126
"123",2011,12,5.11379310344828,29,5.54705882352941,4.5,3.75,5.25,5.1037037037037,17,12,4,2,27,2331,1324,1007,296,702,1629,5.34318833118833,5.72283383685801,4.8440317775571,4.96013851351351,5.17963105413105,5.413671577655,127
"124",2012,1,5.19444444444444,36,5.36111111111111,5.02777777777778,5.66666666666667,4.8,5.34615384615385,18,18,6,10,26,2367,1342,1025,302,712,1655,5.34092606675116,5.71798211624441,4.84725853658537,4.97417549668874,5.17429915730337,5.41261087613293,128
"125",2012,2,5.66666666666667,21,5.90909090909091,5.4,6.5,6,5.53333333333333,11,10,2,6,15,2388,1353,1035,304,718,1670,5.3437906197655,5.71953584626755,4.85259903381642,4.98421381578947,5.1811991643454,5.41369520958084,129
"126",2012,3,5.17857142857143,14,5.75,4.41666666666667,6,5,5.35714285714286,8,6,1,7,7,2402,1361,1041,305,725,1677,5.34282764363031,5.71971491550331,4.85008645533141,4.98754426229508,5.17944965517241,5.41345915324985,130
"127",2012,4,5.8,21,6.05555555555556,5.60833333333333,5.76666666666667,4,5.98947368421053,9,12,3,2,19,2423,1370,1053,308,727,1696,5.34678992983904,5.72192116788321,4.85872744539411,4.99513311688312,5.17620495185694,5.41991214622641,131
"128",2012,5,5.09565217391304,23,5.08,5.125,4,5,5.11578947368421,15,8,4,4,19,2446,1385,1061,312,731,1715,5.34442845461979,5.71496895306859,4.86073515551367,4.982375,5.17524076607387,5.41654285714286,132
"129",2012,6,5.2,24,6.05555555555556,4.68666666666667,5.11428571428571,5.08333333333333,5.23888888888889,9,15,7,6,18,2470,1394,1076,319,737,1733,5.34302510121458,5.71716786226686,4.85830855018587,4.98526959247649,5.17449253731343,5.41469763416041,133
"130",2012,7,5.49133333333333,15,5.55555555555556,5.395,3,5.6,5.437,9,6,1,5,10,2485,1403,1082,320,742,1743,5.34392032193159,5.71613114754099,4.86128465804067,4.979065625,5.17735983827493,5.41482558806655,134
"131",2012,8,5.05263157894737,19,5.17,4.92222222222222,4.33333333333333,3.25,5.88461538461539,10,9,3,6,13,2504,1413,1091,323,748,1756,5.34171006389776,5.7122661004954,4.86178735105408,4.97306811145511,5.16189973262032,5.41830353075171,135
"132",2012,9,5.65625,16,5.6875,5.625,6.25,4.75,5.95833333333333,8,8,4,4,12,2520,1421,1099,327,752,1768,5.34370714285714,5.7121266713582,4.86734303912648,4.98868807339449,5.15970877659574,5.42196889140271,136
"133",2012,10,5.42307692307692,26,5.78125,4.85,5.6,6,5.28571428571429,16,10,5,5,21,2546,1437,1109,332,757,1789,5.34451767478398,5.71289631176062,4.86718665464382,4.99789457831325,5.16525891677675,5.42036948015651,137
"134",2012,11,5.3551724137931,29,5.7375,4.88461538461539,5,4.9125,5.52380952380952,16,13,2,8,21,2575,1453,1122,334,765,1810,5.34463766990291,5.71316724019271,4.86738859180036,4.99790718562874,5.16261568627451,5.42156961325967,138
"135",2012,12,5.38888888888889,27,5.56,5.175,5.42,4.85714285714286,5.575,15,12,5,7,20,2602,1468,1134,339,772,1830,5.34509684857802,5.71160217983651,4.87064373897707,5.00413274336283,5.15984585492228,5.42324644808743,139
"136",2013,1,5.18793103448276,29,5.60263157894737,4.4,5.83333333333333,4.98,5.23125,19,10,3,5,24,2631,1487,1144,342,777,1854,5.34336450019004,5.71020981842636,4.86652972027972,5.01140643274854,5.15868854568855,5.42076105717368,140
"137",2013,2,5.759375,16,6.25,5.26875,5.7625,6.0125,5.675,8,8,4,4,12,2647,1495,1152,346,781,1866,5.34587910842463,5.7130983277592,4.86932291666667,5.02008959537572,5.16306145966709,5.42239603429796,141
"138",2013,3,5.98518518518518,27,6.64705882352941,4.86,5.36666666666667,6.65,5.8695652173913,17,10,3,4,23,2674,1512,1162,349,785,1889,5.35233433059087,5.72359920634921,4.86924268502582,5.02306876790831,5.17063821656051,5.42784065643197,142
"139",2013,4,5.91304347826087,23,6.25,5.14285714285714,NA,5.875,5.92105263157895,16,7,0,4,19,2697,1528,1169,349,789,1908,5.35711605487579,5.72911125654451,4.87088109495295,5.02306876790831,5.17420912547529,5.43275209643606,143
"140",2013,5,5.676,25,6.69285714285714,4.38181818181818,4.24,6.49,5.4725,14,11,5,5,20,2722,1542,1180,354,794,1928,5.3600448199853,5.73786121919585,4.8663220338983,5.01200847457627,5.18249496221663,5.43316441908714,144
"141",2013,6,5.79230769230769,13,5.93636363636364,5,5,5.25,6.03333333333333,11,2,1,4,9,2735,1553,1182,355,798,1937,5.36209945155393,5.73926722472634,4.86654822335025,5.01197464788732,5.18283333333333,5.43595302013423,145
"142",2013,7,5.83333333333333,21,5.82352941176471,5.875,5,5.75,5.85294117647059,17,4,1,4,17,2756,1570,1186,356,802,1954,5.36569013062409,5.7401796178344,4.86994940978077,5.01194101123595,5.18566209476309,5.43958085977482,146
"143",2013,8,5.68148148148148,27,6.35714285714286,4.95384615384615,5.16666666666667,6.33333333333333,5.4952380952381,14,13,6,6,21,2783,1584,1199,362,808,1975,5.36875386273805,5.74563257575758,4.87085904920767,5.01450552486188,5.19418440594059,5.44017265822785,147
"144",2013,9,6.192,25,6.6125,5.44444444444444,5.25,6,6.2,16,9,4,1,24,2808,1600,1208,366,809,1999,5.37608333333333,5.75430125,4.87513245033112,5.01707923497268,5.1951804697157,5.44929514757379,148
"145",2013,10,5.82631578947368,19,5.78,6,7,5.83333333333333,5.825,15,4,1,3,16,2827,1615,1212,367,812,2015,5.37910930314821,5.7545399380805,4.87884488448845,5.02248228882834,5.1975381773399,5.45227841191067,149
"146",2013,11,5.2258064516129,31,5.74166666666667,4.9,4.5,4.91428571428571,5.31666666666667,12,19,6,7,24,2858,1627,1231,373,819,2039,5.37744646606018,5.75444499078058,4.87917140536149,5.01407774798928,5.19511721611722,5.45068219715547,150
"147",2013,12,6.11891891891892,37,6.13076923076923,6.09090909090909,6.41666666666667,6.025,6.13030303030303,26,11,6,4,33,2895,1653,1242,379,823,2072,5.38692297063903,5.76036418632789,4.88990338164251,5.03628232189974,5.19915066828676,5.46150627413127,151
"148",2014,1,5.5546875,32,5.76190476190476,5.15909090909091,6.2,5.33333333333333,5.57758620689655,21,11,5,3,29,2927,1674,1253,384,826,2101,5.3887570891698,5.7603835125448,4.89226656025539,5.05143489583333,5.19963801452785,5.4631085197525,152
"149",2014,2,5.85294117647059,17,5.83333333333333,5.875,5.5,5.125,6.07692307692308,9,8,2,4,13,2944,1683,1261,386,830,2114,5.3914375,5.76077361853833,4.89850118953212,5.05375906735751,5.19927831325301,5.46688315988647,153
"150",2014,3,5.83448275862069,29,5.85714285714286,5.775,6,4.83333333333333,6.09565217391304,21,8,3,6,23,2973,1704,1269,389,836,2137,5.39575916582577,5.76196126760564,4.9040267927502,5.06105655526992,5.1966519138756,5.47365044454843,154
"151",2014,4,6,21,6.03571428571429,5.92857142857143,5,5.33333333333333,6.11111111111111,14,7,1,3,18,2994,1718,1276,390,839,2155,5.39999732798931,5.7641920838184,4.9096473354232,5.0609,5.19714064362336,5.47897494199536,155
"152",2014,5,5.38260869565217,23,5.65333333333333,4.875,4.7,5.22,5.42777777777778,15,8,5,5,18,3017,1733,1284,395,844,2173,5.39986476632416,5.76323254472014,4.90943146417445,5.05633164556962,5.19727606635071,5.47855085135757,156
"153",2014,6,5.97826086956522,23,6.25,5.68181818181818,6.375,5.66666666666667,6.025,12,11,4,3,20,3040,1745,1295,399,847,2193,5.40424078947368,5.76657994269341,4.91599227799228,5.06955137844611,5.1989386068477,5.48353442772458,157
"154",2014,7,4.93421052631579,19,5.7625,4.33181818181818,4,4.75,4.98333333333333,8,11,2,4,15,3059,1753,1306,401,851,2208,5.40132134684537,5.76656132344552,4.9110719754977,5.06421695760598,5.19682843713279,5.48013632246377,158
"155",2014,8,5.8962962962963,27,6.2,5.45454545454545,5.85714285714286,6.875,5.72608695652174,16,11,7,4,23,3086,1769,1317,408,855,2231,5.40565197666883,5.77048162803844,4.91561123766135,5.07782107843137,5.20467953216374,5.48267189601076,159
"156",2014,9,5.83913043478261,23,6.07142857142857,5.47777777777778,5.2,5.64285714285714,5.925,14,9,4,7,16,3109,1783,1326,412,862,2247,5.40885879704085,5.77284464385867,4.91942684766214,5.0790072815534,5.20823781902552,5.48582153983088,160
"157",2014,10,5.42708333333333,24,5.5,5.20833333333333,4,4.7,5.61842105263158,18,6,2,5,19,3133,1801,1332,414,867,2266,5.40899840408554,5.77011771238201,4.92072822822823,5.07379468599034,5.20530680507497,5.48693336275375,161
"158",2014,11,5.73809523809524,21,6.04545454545455,5.4,6,5,5.775,11,10,5,1,20,3154,1812,1342,419,868,2286,5.41118960050729,5.77178918322296,4.92429955290611,5.08484725536993,5.2050702764977,5.48945363079615,162
"159",2014,12,5.66551724137931,29,5.86111111111111,5.34545454545455,4.75714285714286,5.25714285714286,5.79545454545455,18,11,7,7,22,3183,1830,1353,426,875,2308,5.41350675463399,5.77266775956284,4.92772357723577,5.07946244131455,5.20548685714286,5.49237045060658,163
"160",2015,1,5.8,36,5.812,5.77272727272727,5.64285714285714,6.33333333333333,5.69333333333333,25,11,7,6,30,3219,1855,1364,433,881,2338,5.41782913948431,5.77319784366577,4.93453812316715,5.08857043879908,5.21316799091941,5.49494910179641,164
"161",2015,2,5.69074074074074,27,5.845,5.25,5.41666666666667,5.375,5.82368421052632,20,7,3,8,19,3246,1875,1371,436,889,2357,5.42009919901417,5.77396373333333,4.93614879649891,5.09082798165138,5.21462429696288,5.4975990666101,165
"162",2015,3,5.54705882352941,34,5.55263157894737,5.54,5.75,5.5625,5.54230769230769,19,15,6,8,26,3280,1894,1386,442,897,2383,5.42141524390244,5.77174340021119,4.94268398268398,5.09977601809955,5.21772686733556,5.49808686529584,166
"163",2015,4,5.4552,25,5.33636363636364,5.54857142857143,6,4.625,5.84588235294118,11,14,4,8,17,3305,1905,1400,446,905,2400,5.42167080181543,5.76922939632546,4.94874285714286,5.10784977578475,5.21248729281768,5.50055041666666,167
"164",2015,5,5.94117647058824,17,6.58333333333333,4.4,5,4,6.0625,12,5,2,1,16,3322,1917,1405,448,906,2416,5.42432931968694,5.7743255086072,4.94679003558719,5.10736830357143,5.21114900662252,5.50427193708609,168
"165",2015,6,5.84375,16,5.9,5.75,5.75,6,5.82142857142857,10,6,6,2,14,3338,1927,1411,454,908,2430,5.42633972438586,5.77497768552154,4.95020552799433,5.11586123348018,5.21288656387665,5.50609917695473,169
"166",2015,7,5.63333333333333,30,5.65555555555556,5.6,5.45714285714286,5,5.76,18,12,7,5,25,3368,1945,1423,461,913,2455,5.42818349168646,5.77387249357327,4.95568517217147,5.12104338394794,5.21172070098576,5.50868472505091,170
"167",2015,8,5.485,30,5.95882352941176,4.86538461538461,5.45,5,5.51964285714286,17,13,4,2,28,3398,1962,1436,465,915,2483,5.42868510888758,5.7754750254842,4.95486768802228,5.12387311827957,5.21125792349727,5.50880829641562,171
"168",2015,9,5.32307692307692,26,5.99285714285714,4.54166666666667,5.66666666666667,5.5,5.3,14,12,3,3,23,3424,1976,1448,468,918,2506,5.42788317757009,5.77701518218624,4.95144337016574,5.12735256410256,5.21220152505447,5.50689185953711,172
"169",2015,10,5.10416666666667,24,5.38888888888889,4.25,2,4,5.325,18,6,1,4,20,3448,1994,1454,469,922,2526,5.42562993039443,5.77351153460381,4.94854883081155,5.12068443496802,5.20694251626898,5.50545170229612,173
"170",2015,11,6.14761904761905,21,6.50769230769231,5.5625,6.66666666666667,6.05,6.15789473684211,13,8,3,2,19,3469,2007,1462,472,924,2545,5.43000057653502,5.77826706527155,4.95190834473324,5.13051059322034,5.20876731601732,5.51032259332023,174
"171",2015,12,5.27083333333333,24,5.61764705882353,4.42857142857143,4,4.5,5.425,17,7,3,4,20,3493,2024,1469,475,928,2565,5.42890695677068,5.77691798418972,4.94941456773315,5.12337052631579,5.20571228448276,5.50965730994152,175
"172",2016,1,5.79909090909091,55,6.07763157894737,5.17647058823529,5.1875,5.375,5.87127659574468,38,17,8,8,47,3548,2062,1486,483,936,2612,5.43464543404735,5.78245974781765,4.95201211305518,5.12443271221532,5.20715918803419,5.51616424196018,176
"173",2016,2,5.67931034482759,29,5.98421052631579,5.1,4,4.33333333333333,5.83461538461538,19,10,5,3,26,3577,2081,1496,488,939,2638,5.43662901873078,5.78430177799135,4.95300133689839,5.1129118852459,5.20436741214058,5.51930288097043,177
"174",2016,3,5.36162790697674,43,5.58,5.05833333333333,4.70833333333333,6,5.31375,25,18,6,3,40,3620,2106,1514,494,942,2678,5.43573812154696,5.78187654320988,4.9542536327609,5.1079979757085,5.20690127388535,5.51623263629574,178
"175",2016,4,5.53846153846154,26,5.86666666666667,5.09090909090909,4.625,4.58333333333333,5.825,15,11,4,6,20,3646,2121,1525,498,948,2698,5.43647065277016,5.78247619047619,4.95523934426229,5.10411847389558,5.20295464135021,5.51852149740548,179
"176",2016,5,5.49485714285714,35,5.61,5.3,5.475,5.21428571428571,5.565,22,13,4,7,28,3681,2143,1538,502,955,2726,5.43702580820429,5.78070555296314,4.95815344603381,5.10707370517928,5.20303769633508,5.51899889948643,180
"177",2016,6,5.89259259259259,27,6.37142857142857,5.37692307692308,5.26666666666667,5.93333333333333,5.88095238095238,14,13,3,6,21,3708,2157,1551,505,961,2747,5.4403430420712,5.78453963838665,4.96166344294004,5.10802178217822,5.20759729448491,5.52176592646523,181
"178",2016,7,5.746875,32,5.805,5.65,5.25,6.66666666666667,5.65172413793103,20,12,4,3,29,3740,2177,1563,509,964,2776,5.44296577540107,5.78472760679835,4.96694817658349,5.10913752455796,5.21213796680498,5.52312355907781,182
"179",2016,8,5.64285714285714,42,5.52083333333333,5.80555555555556,5.61111111111111,5.35714285714286,5.7,24,18,9,7,35,3782,2201,1581,518,971,2811,5.44518561607615,5.78185006815084,4.97649588867805,5.11785907335907,5.2131833161689,5.52532586268232,183
"180",2016,9,6.15,20,6.30769230769231,5.85714285714286,6,5,6.21052631578947,13,7,2,1,19,3802,2214,1588,520,972,2830,5.44889321409784,5.7849376693767,4.98037783375315,5.12125192307692,5.21296399176955,5.52992614840989,184
"181",2016,10,5.484,50,5.56875,5.33333333333333,6,4.16666666666667,5.77317073170732,32,18,8,9,41,3852,2246,1606,528,981,2871,5.44934890965732,5.78185752448798,4.98433374844334,5.13456628787879,5.20336493374108,5.53339986067572,185
"182",2016,11,5.51486486486487,37,5.62678571428571,5.16666666666667,5.5,4.83333333333333,5.64677419354839,28,9,5,6,31,3889,2274,1615,533,987,2902,5.44997222936488,5.77994810905893,4.98534984520124,5.13799437148218,5.20111550151976,5.53461095796003,186
"183",2016,12,4.99193548387097,31,5.5,4.45,5.375,4.4375,5.07407407407407,16,15,6,4,27,3920,2290,1630,539,991,2929,5.44635,5.77799213973799,4.98042331288343,5.14063265306122,5.19803329969728,5.53036565380676,187
"184",2017,1,5.39181818181818,55,5.79558823529412,4.73809523809524,4.45,4.35454545454545,5.65113636363636,34,21,10,11,44,3975,2324,1651,549,1002,2973,5.44559547169811,5.7782495697074,4.97734100545124,5.12805282331512,5.18877345309381,5.53215304406323,188
"185",2017,2,5.82291666666667,24,5.86764705882353,5.71428571428571,5.75,5.6,5.88157894736842,17,7,4,5,19,3999,2341,1658,553,1007,2992,5.44785996499125,5.77889876121316,4.9804523522316,5.13255153707052,5.19081529294936,5.53437199197861,189
"186",2017,3,5.19642857142857,28,5.47058823529412,4.77272727272727,4,4.5,5.28,17,11,1,3,25,4027,2358,1669,554,1010,3017,5.44611174571641,5.7766759966073,4.97908328340323,5.13050722021661,5.18876336633664,5.532264169705,190
"187",2017,4,6.09411764705882,34,6.24782608695652,5.77272727272727,5.625,6.3,6.06666666666667,23,11,8,4,30,4061,2381,1680,562,1014,3047,5.45153705983748,5.78122721545569,4.98427976190476,5.1375462633452,5.19314694280079,5.53752576304562,191
"188",2017,5,5.98214285714286,28,5.97058823529412,6,7,6.6,5.84782608695652,17,11,3,5,23,4089,2398,1691,565,1019,3070,5.45517045732453,5.78256964136781,4.99088704908338,5.14743539823009,5.20005004906772,5.53985048859935,192
"189",2017,6,5.74074074074074,27,6.05263157894737,5,5,4.5,5.84,19,8,1,2,25,4116,2417,1699,566,1021,3095,5.45704373177843,5.78469259412495,4.99092995879929,5.14717491166078,5.19867874632713,5.54227495961228,193
"190",2017,7,5.34375,32,6.05555555555556,4.42857142857143,4.5,5.14285714285714,5.4,18,14,8,7,25,4148,2435,1713,574,1028,3120,5.45616972034716,5.78669486652978,4.98633391710449,5.13815505226481,5.1982986381323,5.54113493589743,194
"191",2017,8,5.75757575757576,33,5.70454545454545,5.86363636363636,6.3125,4.75,5.98148148148148,22,11,8,6,27,4181,2457,1724,582,1034,3147,5.45854867256637,5.7859592999593,4.99193155452436,5.15429725085911,5.19569729206963,5.54491293295202,195
"192",2017,9,5.525,20,5.38888888888889,5.63636363636364,5.75,5.125,5.625,9,11,4,4,16,4201,2466,1735,586,1038,3163,5.45886503213521,5.7845101378751,4.99601729106628,5.15836348122867,5.19542485549133,5.54531805248182,196
"193",2017,10,5.92484848484848,33,6.25,5.53466666666667,5.2,6.33333333333333,5.884,18,15,5,3,30,4234,2484,1750,591,1041,3193,5.46249692961738,5.78788325281804,5.00063428571428,5.15871573604061,5.19870413064361,5.54850015659254,197
"194",2017,11,5.945075,40,6.12375,5.6770625,6.619,5.25,6.02230555555556,24,16,7,4,36,4274,2508,1766,598,1045,3229,5.46701333645297,5.79109728867624,5.00676274065685,5.1758093645485,5.1989004784689,5.55378259523072,198
"195",2017,12,5.81775510204082,49,6.07787878787879,5.28125,5.125,5.7,5.83113636363636,33,16,4,5,44,4323,2541,1782,602,1050,3273,5.47098889659958,5.79482172373082,5.00922727272727,5.17547176079734,5.20128666666667,5.55751115184846,199
"196",2018,1,5.89259259259259,54,6.03414634146341,5.44615384615385,5.76,6.04285714285714,5.87021276595745,41,13,5,7,47,4377,2582,1795,607,1057,3320,5.47619031299977,5.79862199845082,5.01239164345404,5.18028665568369,5.20685998107853,5.56193795180723,200
"197",2018,2,5.25354838709677,31,5.57894736842105,4.73833333333333,4,5.5,5.24533333333333,19,12,2,1,30,4408,2601,1807,609,1058,3350,5.47462454627949,5.79701730103806,5.01057166574433,5.1764105090312,5.2071370510397,5.55910268656716,201
"198",2018,3,6.07619047619048,42,6.428,5.55882352941176,5.66666666666667,5.92857142857143,6.10571428571429,25,17,6,7,35,4450,2626,1824,615,1065,3385,5.48030224719101,5.80302437166794,5.01568146929824,5.18119349593496,5.21187887323944,5.56475450516987,202
"199",2018,4,5.7984,25,6.3725,4.77777777777778,3.75,7,5.69391304347826,16,9,4,2,23,4475,2642,1833,619,1067,3408,5.48207932960894,5.80647312641938,5.01451336606656,5.1719450726979,5.2152305529522,5.56562617370892,203
"200",2018,5,5.76514285714286,35,5.989,5.46666666666667,5.5,6.625,5.51037037037037,20,15,4,8,27,4510,2662,1848,623,1075,3435,5.48427605321508,5.80784447783622,5.01818344155844,5.17405136436597,5.22572186046512,5.56519184861718,204
"201",2018,6,5.37319230769231,26,6.04686666666667,4.45454545454545,5,5,5.48515,15,11,3,6,20,4536,2677,1859,626,1081,3455,5.483639329806,5.80918378782219,5.01484830554061,5.17321725239617,5.22446901017577,5.56472850940666,205
"202",2018,7,5.63666666666667,30,5.93571428571429,5.375,5.375,5.025,5.73076923076923,14,16,8,4,26,4566,2691,1875,634,1085,3481,5.48464476565922,5.80984206614642,5.0179216,5.17576340694006,5.223733640553,5.56596868715886,206
"203",2018,8,5.578125,32,5.90909090909091,4.85,5.83333333333333,5.16666666666667,5.62068965517241,22,10,3,3,29,4598,2713,1885,637,1088,3510,5.48529534580252,5.81064688536675,5.01703076923077,5.17886028257457,5.22357628676471,5.5664207977208,207
"204",2018,9,6.29031761904762,21,6.43051307692308,6.0625,6,5.9,6.412291875,13,8,2,5,16,4619,2726,1893,639,1093,3526,5.48895533015804,5.81360296038151,5.02144902271527,5.1814303599374,5.22667063129003,5.57025912365286,208
"205",2018,10,6.17714285714286,35,6.18571428571429,6.14285714285714,7,5.95714285714286,6.23214285714286,28,7,2,7,28,4654,2754,1900,641,1100,3554,5.49413078427159,5.81738622730574,5.02558052631579,5.18710452418097,5.23131909090909,5.57547373944851,209
"206",2018,11,5.88095238095238,42,5.804,5.99411764705882,3.83333333333333,5.875,5.88235294117647,25,17,3,8,34,4696,2779,1917,644,1108,3588,5.49759043228279,5.81726580424613,5.03416953573291,5.18079813664596,5.2359666064982,5.57838173634337,210
"207",2018,12,5.46054054054054,37,5.61090909090909,5.24,6.8,5.6875,5.39793103448276,22,15,2,8,29,4733,2801,1932,646,1116,3617,5.49730079653497,5.81564500892539,5.03576759834368,5.18581114551084,5.23920340501792,5.57693493779375,211
"208",2019,1,5.47142857142857,63,5.50454545454545,5.39473684210526,5.15,5.45,5.47547169811321,44,19,10,10,53,4796,2845,1951,656,1126,3670,5.49696094036697,5.81083362741652,5.03926345463865,5.18526524390244,5.24107548845471,5.57546966485014,212
"209",2019,2,5.51785714285714,28,6,4.96153846153846,4,6,5.5,15,13,1,1,27,4824,2860,1964,657,1127,3697,5.49708222844113,5.81182575874126,5.03874898167006,5.18346118721461,5.24174889086069,5.574918493373,213
"210",2019,3,6.02413793103448,29,6.37826086956522,4.66666666666667,5.5,5.625,6.088,23,6,2,4,25,4853,2883,1970,659,1131,3722,5.50023174737276,5.81634466527923,5.03761573604061,5.18442185128983,5.24310433244916,5.57836476894143,214
"211",2019,4,5.98483870967742,31,6.78785714285714,5.32352941176471,5.4375,4.5,6.20481481481481,14,17,8,4,27,4884,2897,1987,667,1135,3749,5.50330767199017,5.82103958232655,5.04006190236537,5.18745727136432,5.24048546255507,5.58287641237663,215
"212",2019,5,5.47586206896552,29,6.28235294117647,4.33333333333333,5.33333333333333,6.8,5.2,17,12,6,5,24,4913,2914,1999,673,1140,3773,5.50314566863424,5.82373084076871,5.03581940970485,5.18875780089153,5.24732543859649,5.58044094089584,216
"213",2019,6,5.77282608695652,46,5.83620689655172,5.66470588235294,6.66666666666667,7,5.65595238095238,29,17,3,4,42,4959,2943,2016,676,1144,3815,5.50564724137931,5.82385377845736,5.04112251984127,5.19531656804734,5.25345367132867,5.58127225950197,217
"214",2019,7,5.91666666666667,30,6.36842105263158,5.13636363636364,5.4,6.42857142857143,5.76086956521739,19,11,5,7,23,4989,2962,2027,681,1151,3838,5.50811879534977,5.8273469513842,5.04163936852491,5.19681938325991,5.26060034752389,5.58234853309015,218
"215",2019,8,6.14146341463415,41,6.38518518518519,5.67142857142857,6.75,5.8,6.21176470588235,27,14,6,7,34,5030,2989,2041,687,1158,3872,5.51328124652087,5.83238597189696,5.04595933365997,5.21038427947598,5.2638609671848,5.58787543130165,219
"216",2019,9,5.77441860465116,43,6,5.46111111111111,5.575,4.75,5.87948717948718,25,18,4,4,39,5073,3014,2059,691,1162,3911,5.51549471121624,5.83377626741872,5.04958863525983,5.21249493487699,5.26209208261618,5.59078334697008,220
"217",2019,10,5.68787878787879,33,5.5,5.94285714285714,6.4,6.33333333333333,5.62333333333333,19,14,5,3,30,5106,3033,2073,696,1165,3941,5.51660882687035,5.83168535113749,5.05562132175591,5.22102586206897,5.26485064377683,5.59103112661761,221
"218",2019,11,5.45795454545455,44,5.77173913043478,5.11428571428571,5.09090909090909,5.5,5.45131578947368,23,21,11,6,38,5150,3056,2094,707,1171,3979,5.51610770291262,5.83123418520943,5.05620964660936,5.21900141442716,5.26605550811273,5.58969682583564,222
"219",2019,12,5.825,54,5.98484848484848,5.57380952380952,6.02727272727273,5.6,5.84795918367347,33,21,11,5,49,5204,3089,2115,718,1176,4028,5.5193129650269,5.83287525736485,5.06134893617021,5.23138440111421,5.26747534013606,5.59283854766634,223
"220",2020,1,5.70486111111111,72,5.82142857142857,5.45652173913043,4.9375,5.42857142857143,5.73461538461538,49,23,8,7,65,5276,3138,2138,726,1183,4093,5.52184508529189,5.83269651688974,5.06560009354537,5.22814600550964,5.26842857142857,5.59509007329587,224
"221",2020,2,5.98092458333333,48,6.28125,5.38027375,5.68073,5.8,5.99737227272727,32,16,6,4,44,5324,3170,2154,732,1187,4137,5.52598404395191,5.83722450157729,5.06793750232126,5.23185571038251,5.2702198820556,5.59936863669326,225
"222",2020,3,5.61685185185185,54,5.6815625,5.52272727272727,6.1,4,5.7462,32,22,5,4,50,5378,3202,2176,737,1191,4187,5.52689643919673,5.83566885384135,5.07253556066176,5.23774542740841,5.26595382031906,5.60112205636494,226
"223",2020,4,5.88267857142857,56,5.90083333333333,5.85,6.5,5.46153846153846,6.01,36,20,8,13,43,5434,3238,2196,745,1204,4230,5.53056294626426,5.83639335083385,5.07961629326047,5.25129983892618,5.26806561461794,5.60527849881797,227
"224",2020,5,5.55128205128205,39,6,4.83333333333333,6,4.75,5.64285714285714,24,15,3,4,35,5473,3262,2211,748,1208,4265,5.53071058834277,5.83759707847946,5.07794544549977,5.25430264705882,5.26635016556292,5.60558688159437,228
"225",2020,6,5.82380952380952,42,5.89090909090909,5.75,6.5,6.33333333333333,5.78461538461538,22,20,5,3,39,5515,3284,2231,753,1211,4304,5.53294271078876,5.83795422350792,5.08397013895114,5.26257420982736,5.26899339388935,5.60720911942379,229
"226",2020,7,5.84545454545455,44,6.03870967741936,5.38461538461539,5.8,6.02857142857143,5.81081081081081,31,13,5,7,37,5559,3315,2244,758,1218,4341,5.53541627091203,5.83983157466064,5.08571184491978,5.2661192348285,5.27335878489327,5.60894449435614,230
"227",2020,8,5.7637037037037,54,5.704,5.87368421052632,6.5,5.64,5.81128205128205,35,19,6,15,39,5613,3350,2263,764,1233,4380,5.53761251558881,5.83841243880597,5.09232760936809,5.27580939790576,5.27781914030819,5.61074613013699,231
"228",2020,9,6.18068181818182,44,6.61129032258065,5.15384615384615,4.33333333333333,6.75,6.12375,31,13,3,4,40,5657,3381,2276,767,1237,4420,5.54261429202758,5.84549886719906,5.09267898945518,5.27212305084746,5.28257962813258,5.61538869909502,232
"229",2020,10,5.88287886363636,44,5.652,6.18666684210526,6.125,6.16666666666667,5.83807026315789,25,19,8,6,38,5701,3406,2295,775,1243,4458,5.5452404350114,5.84407858778626,5.10173596949891,5.28092694193548,5.28684714400644,5.6172868371467,233
"230",2020,11,5.82041666666667,48,5.87027027027027,5.65272727272727,6.58333333333333,6.125,5.79272727272727,37,11,6,4,44,5749,3443,2306,781,1247,4502,5.54753795790572,5.84436005518443,5.10436428881179,5.29093262483995,5.28953568564555,5.61900149266992,234
"231",2020,12,5.91395061728395,81,6.1468,5.53838709677419,5.77777777777778,5.78166666666667,5.92453333333333,50,31,9,6,75,5830,3493,2337,790,1253,4577,5.55262876843911,5.84868928428285,5.11012154471545,5.29647896202532,5.29189225857941,5.62400802272231,235
"232",2021,1,5.85014084507042,71,5.97466666666667,5.63461538461539,4.85714285714286,6,5.83878787878788,45,26,7,5,66,5901,3538,2363,797,1258,4643,5.556208391798,5.85029159694743,5.11589253068134,5.29262030112923,5.2947066772655,5.62706110704286,236
"233",2021,2,6.0225,48,6.19666666666667,5.5,5.33333333333333,6.11111111111111,6.00205128205128,36,12,6,9,39,5949,3574,2375,803,1267,4682,5.55997070432005,5.85378054560717,5.11783328421052,5.29292450809465,5.30050591949487,5.63018469030329,237
"234",2021,3,5.72574418604651,43,6.10594444444444,5.452,5.37777777777778,4.30233333333333,5.8325,18,25,9,3,40,5992,3592,2400,812,1270,4722,5.56116033377837,5.85504417316259,5.1213141875,5.293865,5.29814803149607,5.63189850063532,238
"235",2021,4,5.59655172413793,29,5.83181818181818,4.85714285714286,4.5,5.33333333333333,5.62692307692308,22,7,2,3,26,6021,3614,2407,814,1273,4748,5.56133079554891,5.85490278638628,5.12054592854175,5.29191447174447,5.29823095051061,5.63187125526537,239
"236",2021,5,5.58536585365854,41,5.72,5.375,4.5,5,5.70588235294118,25,16,6,7,34,6062,3639,2423,820,1280,4782,5.56149335532827,5.85397600164881,5.1222261865456,5.28611997560976,5.2966,5.63239747386031,240
"237",2021,6,5.57674418604651,43,6.112,4.83333333333333,5.28571428571429,4.8375,5.74571428571429,25,18,7,8,35,6105,3664,2441,827,1288,4817,5.56160077313677,5.85573653657206,5.1200958828349,5.28611654171705,5.29374844720497,5.6332208262404,241
"238",2021,7,5.95454545454545,33,6.075,5.76923076923077,5.83333333333333,5,6.05,20,13,6,3,30,6138,3684,2454,833,1291,4847,5.5637133789508,5.85692689196526,5.12353465770171,5.29005807923169,5.29306584043378,5.63580043738395,242
"239",2021,8,5.64716981132075,53,6.12162162162162,4.55,4.75,5.36666666666667,5.70454545454545,37,16,4,9,44,6191,3721,2470,837,1300,4891,5.56442783395251,5.85955890083311,5.11981945344129,5.28747715651135,5.29357538461539,5.63641887548558,243
"240",2021,9,5.56818181818182,44,5.86666666666667,4.92857142857143,4.71428571428571,5,5.65789473684211,30,14,7,6,38,6235,3751,2484,844,1306,4929,5.5644543255814,5.85961574780059,5.11874156602254,5.28272319905213,5.29222664624809,5.6365844430919,244
"241",2021,10,5.4135,40,6.03571428571429,3.96166666666667,4,5.14285714285714,5.47090909090909,28,12,4,7,33,6275,3779,2496,848,1313,4962,5.56349206693227,5.86092052659434,5.11317870592949,5.27667261792453,5.291430312262,5.63548261185006,245
"242",2021,11,5.91333333333333,45,6.15428571428571,5.07,4.9,4.9,6.01219512195122,35,10,4,4,41,6320,3814,2506,852,1317,5003,5.56598302531646,5.8636126560042,5.11300640462889,5.27490420187793,5.29024145785877,5.63856980211873,246
"243",2021,12,5.89292510204082,49,5.92152371428571,5.82142857142857,5.6,5.2,5.97166659090909,35,14,5,5,44,6369,3849,2520,857,1322,5047,5.56849835924007,5.86413925694986,5.11694208333333,5.27680091015169,5.28990015128593,5.64147375668714,247
"244",2022,1,5.85453333333333,90,6.27251724137931,5.0969375,5.83333333333333,6.59,5.7626,58,32,6,10,80,6459,3907,2552,863,1332,5127,5.57248398358879,5.87020168927566,5.11669124216301,5.28067019698725,5.29966066066066,5.643363770236,248
"245",2022,2,5.8603125,64,6.17314285714286,5.48275862068965,5.63636363636364,4.85,6.04740740740741,35,29,11,10,54,6523,3942,2581,874,1342,5181,5.57530799478768,5.87289142567225,5.12080435877567,5.28514688787185,5.29630998509687,5.64757499517468,249
"246",2022,3,6.17460317460317,63,6.36184210526316,5.89,6.375,6.625,6.14406779661017,38,25,8,4,59,6586,3980,2606,882,1346,5240,5.58104069996963,5.87755979899498,5.12818344205679,5.29503217687075,5.30025854383358,5.65316527671756,250
"247",2022,4,5.9122,50,5.99952380952381,5.45375,5.33333333333333,6.5,5.90020408163265,42,8,3,1,49,6636,4022,2614,885,1347,5289,5.58353587251356,5.87883341621084,5.12917982019893,5.29516201129944,5.30114922048998,5.65545397050482,251
"248",2022,5,5.94830508474576,59,6.465,5.41379310344828,6.33333333333333,6.05555555555556,5.929,30,29,3,9,50,6695,4052,2643,888,1356,5339,5.58675041822255,5.88317324777888,5.13230270525917,5.29866934684685,5.30615634218289,5.65801574264843,252
"249",2022,6,5.64054054054054,37,5.77368421052632,5.5,5.66666666666667,6.5,5.59142857142857,19,18,3,2,35,6732,4071,2661,891,1358,5374,5.58704605614973,5.88266224514862,5.1347899473882,5.29990839506173,5.3079145802651,5.65758207108299,253
"250",2022,7,5.7,41,5.675,5.73529411764706,6.16666666666667,4.66666666666667,5.78157894736842,24,17,6,3,38,6773,4095,2678,897,1361,5412,5.58772981692012,5.88144517704518,5.13860196041822,5.30570610925307,5.30650110213079,5.65845270694752,254
"251",2022,8,5.77777777777778,45,6.18518518518519,5.16666666666667,5.16666666666667,4.75,5.8780487804878,27,18,6,4,41,6818,4122,2696,903,1365,5453,5.58898416691112,5.88343474041728,5.13878933605341,5.30478225913621,5.30487032967033,5.66010380524482,255
"252",2022,9,6.24197142857143,35,6.29876,6.1,5,5.8938,6.3,25,10,2,5,30,6853,4147,2706,905,1370,5483,5.59231913760397,5.8859385097661,5.14234148189209,5.30410870718232,5.3070197080292,5.66360496990698,256
"253",2022,10,6.268,50,6.39714285714286,5.96666666666667,5.57142857142857,7.375,6.17173913043478,35,15,7,4,46,6903,4182,2721,912,1374,5529,5.59721324786325,5.89021688187471,5.14688572216097,5.30616050438597,5.31304002911208,5.66783252848616,257
"254",2022,11,5.66071428571429,42,5.96346153846154,5.16875,4.5,5.45,5.67692307692308,26,16,2,3,39,6945,4208,2737,914,1377,5568,5.59759727141829,5.8906694391635,5.14701353671903,5.30439647702407,5.31333841684822,5.66789620150862,258
"255",2022,12,5.84507042253521,71,6.375,5.16129032258065,5.58333333333333,6.2,5.81818181818182,40,31,6,5,66,7016,4248,2768,920,1382,5634,5.60010163198404,5.89522999058381,5.14717342846821,5.30621563043478,5.3165463096961,5.66965673588924,259
