"","year","month","avg_rating","no_ratings","avg_rating_owned","avg_rating_not_owned","avg_rating_prev_owned","avg_rating_comment","avg_rating_no_comment","no_ratings_owned","no_ratings_not_owned","no_ratings_prev_owned","no_ratings_comment","no_ratings_no_comment","cum_no_ratings","cum_no_ratings_owned","cum_no_ratings_not_owned","cum_no_ratings_prev_owned","cum_no_ratings_comment","cum_no_ratings_no_comment","cum_avg_rating","cum_avg_rating_owned","cum_avg_rating_not_owned","cum_avg_rating_prev_owned","cum_avg_rating_comment","cum_avg_rating_no_comment","month_after_release"
"1",2002,7,8,1,8,NA,NA,8,NA,1,0,0,1,0,1,1,0,0,1,0,8,8,NA,NA,8,NA,14
"2",2002,8,6,1,6,NA,NA,NA,6,1,0,0,0,1,2,2,0,0,1,1,7,7,NA,NA,8,6,15
"3",2002,9,6.5,2,6.5,NA,NA,6.5,NA,2,0,0,2,0,4,4,0,0,3,1,6.75,6.75,NA,NA,7,6,16
"4",2002,10,8.33333333333333,3,8.33333333333333,NA,NA,8,8.5,3,0,0,1,2,7,7,0,0,4,3,7.42857142857143,7.42857142857143,NA,NA,7.25,7.66666666666667,17
"5",2002,11,8,2,NA,8,NA,8,8,0,2,0,1,1,9,7,2,0,5,4,7.55555555555556,7.42857142857143,8,NA,7.4,7.75,18
"6",2002,12,10,1,10,NA,NA,10,NA,1,0,0,1,0,10,8,2,0,6,4,7.8,7.75,8,NA,7.83333333333333,7.75,19
"7",2003,3,8,2,8,NA,NA,8,8,2,0,0,1,1,12,10,2,0,7,5,7.83333333333333,7.8,8,NA,7.85714285714286,7.8,22
"8",2003,4,7,2,8,6,NA,NA,7,1,1,0,0,2,14,11,3,0,7,7,7.71428571428571,7.81818181818182,7.33333333333333,NA,7.85714285714286,7.57142857142857,23
"9",2003,5,5.83333333333333,3,5.5,6.5,NA,NA,5.83333333333333,2,1,0,0,3,17,13,4,0,7,10,7.38235294117647,7.46153846153846,7.125,NA,7.85714285714286,7.05,24
"10",2003,6,10,1,10,NA,NA,10,NA,1,0,0,1,0,18,14,4,0,8,10,7.52777777777778,7.64285714285714,7.125,NA,8.125,7.05,25
"11",2003,7,6.44166666666667,6,6.5,6.325,NA,7.075,6.125,4,2,0,2,4,24,18,6,0,10,14,7.25625,7.38888888888889,6.85833333333333,NA,7.915,6.78571428571429,26
"12",2003,8,7,2,NA,7,NA,NA,7,0,2,0,0,2,26,18,8,0,10,16,7.23653846153846,7.38888888888889,6.89375,NA,7.915,6.8125,27
"13",2003,9,6.5,2,8,5,NA,5,8,1,1,0,1,1,28,19,9,0,11,17,7.18392857142857,7.42105263157895,6.68333333333333,NA,7.65,6.88235294117647,28
"14",2003,10,7,3,7,NA,NA,6,7.5,3,0,0,1,2,31,22,9,0,12,19,7.16612903225806,7.36363636363636,6.68333333333333,NA,7.5125,6.94736842105263,29
"15",2003,12,7.5,4,8,7,8,7,8,2,2,1,2,2,35,24,11,1,14,21,7.20428571428571,7.41666666666667,6.74090909090909,8,7.43928571428571,7.04761904761905,31
"16",2004,1,6.5,4,6.5,NA,NA,6.5,6.5,4,0,0,2,2,39,28,11,1,16,23,7.13205128205128,7.28571428571429,6.74090909090909,8,7.321875,7,32
"17",2004,2,6.3,5,6.875,4,NA,6.83333333333333,5.5,4,1,0,3,2,44,32,12,1,19,25,7.0375,7.234375,6.5125,8,7.24473684210526,6.88,33
"18",2004,3,6.66666666666667,3,7.5,5,NA,6.66666666666667,NA,2,1,0,3,0,47,34,13,1,22,25,7.01382978723404,7.25,6.39615384615385,8,7.16590909090909,6.88,34
"19",2004,4,7.83333333333333,3,7.83333333333333,NA,NA,6.5,8.5,3,0,0,1,2,50,37,13,1,23,27,7.063,7.2972972972973,6.39615384615385,8,7.13695652173913,7,35
"20",2004,5,8,1,8,NA,NA,8,NA,1,0,0,1,0,51,38,13,1,24,27,7.08137254901961,7.31578947368421,6.39615384615385,8,7.17291666666667,7,36
"21",2004,6,7,2,8,6,NA,NA,7,1,1,0,0,2,53,39,14,1,24,29,7.07830188679245,7.33333333333333,6.36785714285714,8,7.17291666666667,7,37
"22",2004,7,7.5,2,7.5,NA,NA,7.5,NA,2,0,0,2,0,55,41,14,1,26,29,7.09363636363636,7.34146341463415,6.36785714285714,8,7.19807692307692,7,38
"23",2004,8,6,4,7.5,4.5,NA,7.5,4.5,2,2,0,2,2,59,43,16,1,28,31,7.01949152542373,7.34883720930233,6.134375,8,7.21964285714286,6.83870967741935,39
"24",2004,9,7.25,4,7.25,NA,NA,6.5,8,4,0,0,2,2,63,47,16,1,30,33,7.03412698412698,7.34042553191489,6.134375,8,7.17166666666667,6.90909090909091,40
"25",2004,10,7.5,2,7.5,NA,NA,8,7,2,0,0,1,1,65,49,16,1,31,34,7.04846153846154,7.3469387755102,6.134375,8,7.19838709677419,6.91176470588235,41
"26",2004,11,7.25,4,7.25,NA,NA,8,6.5,4,0,0,2,2,69,53,16,1,33,36,7.06014492753623,7.33962264150943,6.134375,8,7.2469696969697,6.88888888888889,42
"27",2004,12,7,3,9,3,NA,NA,7,2,1,0,0,3,72,55,17,1,33,39,7.05763888888889,7.4,5.95,8,7.2469696969697,6.8974358974359,43
"28",2005,1,6.5,4,6.33333333333333,7,NA,7,6,3,1,0,2,2,76,58,18,1,35,41,7.02828947368421,7.3448275862069,6.00833333333333,8,7.23285714285714,6.85365853658537,44
"29",2005,2,7.81666666666667,6,7.6,8.9,NA,7.33333333333333,8.3,5,1,0,3,3,82,63,19,1,38,44,7.0859756097561,7.36507936507936,6.16052631578947,8,7.24078947368421,6.95227272727273,45
"30",2005,3,7.2,5,7.5,6,NA,6.5,7.66666666666667,4,1,0,2,3,87,67,20,1,40,47,7.09252873563218,7.37313432835821,6.1525,8,7.20375,6.99787234042553,46
"31",2005,4,6.4,5,6.5,6,NA,5,7.33333333333333,4,1,0,2,3,92,71,21,1,42,50,7.05489130434782,7.32394366197183,6.1452380952381,8,7.09880952380952,7.018,47
"32",2005,5,6.82,5,7.05,6.66666666666667,NA,6.36666666666667,7.5,2,3,0,3,2,97,73,24,1,45,52,7.04278350515464,7.31643835616438,6.21041666666667,8,7.05,7.03653846153846,48
"33",2005,6,7.8,5,7.8,NA,NA,7.33333333333333,8.5,5,0,0,3,2,102,78,24,1,48,54,7.07990196078431,7.3474358974359,6.21041666666667,8,7.06770833333333,7.09074074074074,49
"34",2005,7,6.25,2,6.5,6,NA,NA,6.25,1,1,0,0,2,104,79,25,1,48,56,7.06394230769231,7.33670886075949,6.202,8,7.06770833333333,7.06071428571429,50
"35",2005,8,7.1875,8,7.25,7,NA,8,6.91666666666667,6,2,0,2,6,112,85,27,1,50,62,7.07276785714286,7.33058823529412,6.26111111111111,8,7.105,7.04677419354839,51
"36",2005,9,7,3,7,NA,NA,7,NA,3,0,0,3,0,115,88,27,1,53,62,7.07086956521739,7.31931818181818,6.26111111111111,8,7.09905660377358,7.04677419354839,52
"37",2005,10,8.11111111111111,9,8.25,7,NA,8,8.25,8,1,0,5,4,124,96,28,1,58,66,7.14637096774193,7.396875,6.2875,8,7.17672413793103,7.11969696969697,53
"38",2005,11,6.625,4,6.5,7,NA,6.83333333333333,6,3,1,0,3,1,128,99,29,1,61,67,7.130078125,7.36969696969697,6.31206896551724,8,7.15983606557377,7.10298507462687,54
"39",2005,12,7.52222222222222,9,7.52222222222222,NA,NA,7.925,7.2,9,0,0,4,5,137,108,29,1,65,72,7.15583941605839,7.38240740740741,6.31206896551724,8,7.20692307692308,7.10972222222222,55
"40",2006,1,7.5,10,8.33333333333333,6.25,5,7.33333333333333,7.75,6,4,1,6,4,147,114,33,2,71,76,7.17925170068027,7.43245614035088,6.30454545454545,6.5,7.21760563380282,7.14342105263158,56
"41",2006,2,7.58333333333333,3,7.875,7,NA,7,7.875,2,1,0,1,2,150,116,34,2,72,78,7.18733333333333,7.44008620689655,6.325,6.5,7.21458333333333,7.16217948717949,57
"42",2006,3,5.41666666666667,6,6.1,2,NA,NA,5.41666666666667,5,1,0,0,6,156,121,35,2,72,84,7.11923076923077,7.38471074380165,6.20142857142857,6.5,7.21458333333333,7.0375,58
"43",2006,4,7.57142857142857,7,7.4,8,9,7.5,7.66666666666667,5,2,1,4,3,163,126,37,3,76,87,7.13865030674847,7.38531746031746,6.29864864864865,7.33333333333333,7.2296052631579,7.05919540229885,59
"44",2006,5,8.66666666666667,3,9.5,7,NA,NA,8.66666666666667,2,1,0,0,3,166,128,38,3,76,90,7.16626506024096,7.418359375,6.3171052631579,7.33333333333333,7.2296052631579,7.11277777777778,60
"45",2006,6,6.88666666666667,6,6.88666666666667,NA,NA,7,6.864,6,0,0,1,5,172,134,38,3,77,95,7.15651162790698,7.39455223880597,6.3171052631579,7.33333333333333,7.22662337662338,7.09968421052632,61
"46",2006,7,8.66666666666667,3,10,8,NA,7,9.5,1,2,0,1,2,175,135,40,3,78,97,7.1824,7.41385185185185,6.40125,7.33333333333333,7.22371794871795,7.14917525773196,62
"47",2006,8,7.31428571428571,7,8,7.04,6,6.66666666666667,7.8,2,5,1,3,4,182,137,45,4,81,101,7.18747252747253,7.42240875912409,6.47222222222222,7,7.20308641975309,7.17495049504951,63
"48",2006,9,7.22727272727273,11,7.92857142857143,6,NA,6.5,8.5,7,4,0,7,4,193,144,49,4,88,105,7.18974093264249,7.44701388888889,6.43367346938776,7,7.14715909090909,7.22542857142857,64
"49",2006,10,7.33333333333333,3,7.33333333333333,NA,NA,7,8,3,0,0,2,1,196,147,49,4,90,106,7.1919387755102,7.44469387755102,6.43367346938776,7,7.14388888888889,7.2327358490566,65
"50",2006,11,6.75,4,6,7.5,5,5.5,8,2,2,1,2,2,200,149,51,5,92,108,7.1831,7.42530201342282,6.47549019607843,6.6,7.10815217391304,7.24694444444444,66
"51",2006,12,7.5,4,7.5,NA,NA,NA,7.5,4,0,0,0,4,204,153,51,5,92,112,7.1893137254902,7.42725490196078,6.47549019607843,6.6,7.10815217391304,7.25598214285714,67
"52",2007,1,7.375,8,7.4,7.33333333333333,NA,7.25,7.5,5,3,0,4,4,212,158,54,5,96,116,7.19632075471698,7.42639240506329,6.52314814814815,6.6,7.1140625,7.26439655172414,68
"53",2007,2,6.40157,8,7.66666666666667,5.642512,NA,6,6.642512,3,5,0,3,5,220,161,59,5,99,121,7.16742072727273,7.43086956521739,6.44851796610169,6.6,7.08030303030303,7.23869884297521,69
"54",2007,3,7.20833333333333,12,7.1,7.75,NA,7.9,6.71428571428571,10,2,0,5,7,232,171,61,5,104,128,7.16953689655172,7.41152046783626,6.49118950819672,6.6,7.11971153846154,7.21002,70
"55",2007,4,8.25,4,8.25,NA,NA,8,8.5,4,0,0,2,2,236,175,61,5,106,130,7.18784983050847,7.43068571428571,6.49118950819672,6.6,7.13632075471698,7.22986584615385,71
"56",2007,5,7.83333333333333,3,NA,7.83333333333333,NA,6,8.75,0,3,0,1,2,239,175,64,5,107,132,7.19595213389121,7.43068571428571,6.5541025,6.6,7.12570093457944,7.25289818181818,72
"57",2007,6,8.45,6,8.56,7.9,NA,9,8.175,5,1,0,2,4,245,180,65,5,109,136,7.22666351020408,7.46205555555556,6.57480861538462,6.6,7.16009174311927,7.28001882352941,73
"58",2007,7,7.7,10,7.8125,7.25,7,8.25,7.5625,8,2,1,2,8,255,188,67,6,111,144,7.2452257254902,7.47696808510638,6.59496358208955,6.66666666666667,7.17972972972973,7.29571222222222,74
"59",2007,8,6.54545454545455,11,7.28571428571429,5.25,NA,6.33333333333333,6.625,7,4,0,3,8,266,195,71,6,114,152,7.21628781954887,7.47010256410256,6.51919098591549,6.66666666666667,7.15745614035088,7.26041157894737,75
"60",2007,9,7,6,6.8,8,NA,7,7,5,1,0,1,5,272,200,72,6,115,157,7.21151676470588,7.45335,6.53975777777778,6.66666666666667,7.15608695652174,7.25211821656051,76
"61",2007,10,7.27777777777778,9,7.33333333333333,7.16666666666667,NA,6.83333333333333,7.5,6,3,0,3,6,281,206,75,6,118,163,7.21363900355872,7.44985436893204,6.56483413333333,6.66666666666667,7.1478813559322,7.2612426993865,77
"62",2007,11,7.98888888888889,9,7.84285714285714,8.5,7,7.675,8.24,7,2,1,4,5,290,213,77,7,122,168,7.23769848275862,7.46276995305164,6.61509818181818,6.71428571428571,7.16516393442623,7.29037238095238,78
"63",2007,12,6.83333333333333,15,7.4,5.7,5,6.85,6.8,10,5,1,10,5,305,223,82,8,132,173,7.21781167213115,7.45995515695067,6.55929951219512,6.5,7.14128787878788,7.27619976878613,79
"64",2008,1,7.25,14,7.8,5.875,NA,7.57142857142857,6.92857142857143,10,4,0,7,7,319,233,86,8,139,180,7.21922432601881,7.47454935622318,6.52747162790698,6.5,7.16294964028777,7.26268088888889,80
"65",2008,2,7.22222222222222,9,7.33333333333333,7,NA,6,7.375,6,3,0,1,8,328,239,89,8,140,188,7.21930658536585,7.47100418410042,6.5433995505618,6.5,7.15464285714286,7.26746042553192,81
"66",2008,3,7.6,5,7.5,8,NA,8,7.33333333333333,4,1,0,2,3,333,243,90,8,142,191,7.2250227027027,7.47148148148148,6.559584,6.5,7.16654929577465,7.26849507853403,82
"67",2008,4,6.57142857142857,7,6.5,6.6,NA,7,6.5,2,5,0,1,6,340,245,95,8,143,197,7.21156635294118,7.46355102040816,6.56171115789474,6.5,7.16538461538462,7.24508913705584,83
"68",2008,5,7.65,8,7.74285714285714,7,NA,8.5,7.36666666666667,7,1,0,2,6,348,252,96,8,145,203,7.22164528735632,7.47130952380952,6.56627666666667,6.5,7.18379310344828,7.24868256157636,84
"69",2008,6,7.41666666666667,6,7.75,6.75,NA,5.75,8.25,4,2,0,2,4,354,256,98,8,147,207,7.22495073446328,7.4756640625,6.57002612244898,6.5,7.16428571428571,7.26803169082126,85
"70",2008,7,7.77272727272727,11,8.16666666666667,6,NA,6.33333333333333,8.3125,9,2,0,3,8,365,265,100,8,150,215,7.24145906849315,7.4991320754717,6.5586256,6.5,7.14766666666667,7.30689562790698,86
"71",2008,8,7.625,8,7.66666666666667,7.5,NA,7.5,7.66666666666667,6,2,0,2,6,373,271,102,8,152,221,7.24968514745308,7.50284132841329,6.57708392156863,6.5,7.15230263157895,7.31666316742082,87
"72",2008,9,7.4,3,7.6,7,7,7.4,NA,2,1,1,3,0,376,273,103,9,155,221,7.25088446808511,7.50355311355311,6.58118990291262,6.55555555555556,7.15709677419355,7.31666316742082,88
"73",2008,11,7.01,10,6.68333333333333,7.5,6,9,6.15714285714286,6,4,1,3,7,386,279,107,10,158,228,7.24464393782383,7.48591397849462,6.61553794392523,6.5,7.19208860759494,7.28106385964912,90
"74",2008,12,7.17272727272727,11,6.89,10,NA,6.25,7.7,10,1,0,4,7,397,289,108,10,162,235,7.24265128463476,7.46529411764706,6.64687555555556,6.5,7.16882716049383,7.29354280851064,91
"75",2009,1,7.27272727272727,11,6.8125,8.5,9,5,7.5,8,3,1,1,10,408,297,111,11,163,245,7.24346215686274,7.44771043771044,6.69696,6.72727272727273,7.15552147239264,7.30196963265306,92
"76",2009,2,7.27777777777778,9,6.5,7.9,NA,NA,7.27777777777778,4,5,0,0,9,417,301,116,11,163,254,7.24420278177458,7.43511627906977,6.74881517241379,6.72727272727273,7.15552147239264,7.30111244094488,93
"77",2009,3,6.9,14,8.15,6.4,4.5,5.8,7.34,4,10,2,4,10,431,305,126,13,167,264,7.23302218097448,7.44449180327869,6.72113142857143,6.38461538461539,7.12305389221557,7.30258545454546,94
"78",2009,4,7.13333333333333,9,7,7.4,NA,NA,7.13333333333333,6,3,0,0,9,440,311,129,13,167,273,7.23098309090909,7.43591639871383,6.73691906976744,6.38461538461539,7.12305389221557,7.29700571428572,95
"79",2009,5,7.375,8,7.5,7,NA,8.5,7,6,2,0,2,6,448,317,131,13,169,279,7.23355482142857,7.43712933753943,6.74093557251908,6.38461538461539,7.13934911242604,7.29061849462366,96
"80",2009,6,7.22222222222222,9,7.75,6.8,NA,8,7.125,4,5,0,1,8,457,321,136,13,170,287,7.23333164113785,7.44102803738318,6.74310705882353,6.38461538461539,7.14441176470588,7.28600195121951,97
"81",2009,7,7.35714285714286,14,6.94444444444444,8.1,NA,7.25,7.375,9,5,0,2,12,471,330,141,13,172,299,7.23701180467091,7.42748484848485,6.79122382978723,6.38461538461539,7.14563953488372,7.28957377926421,98
"82",2009,8,7.3,10,7.33333333333333,7.28571428571429,6,7.5,7.25,3,7,2,2,8,481,333,148,15,174,307,7.23832133056133,7.42663663663664,6.81461189189189,6.33333333333333,7.14971264367816,7.28854254071661,99
"83",2009,9,7.26428571428571,14,7.375,7.11666666666667,5.5,5,7.43846153846154,8,6,2,1,13,495,341,154,17,175,320,7.23905567676767,7.42542521994135,6.82638025974026,6.23529411764706,7.13742857142857,7.294633,100
"84",2009,10,7.25,4,8.25,6.25,NA,8.5,6.83333333333333,2,2,0,1,3,499,343,156,17,176,323,7.23914340681362,7.4302332361516,6.81899076923077,6.23529411764706,7.14517045454546,7.29034848297214,101
"85",2009,11,7.07647058823529,17,8.22222222222222,5.7875,6,7,7.08666666666667,9,8,1,2,15,516,352,164,18,178,338,7.23378403100775,7.45048295454546,6.76867414634146,6.22222222222222,7.1435393258427,7.28130934911243,102
"86",2009,12,7.37692307692308,13,7.85714285714286,6.81666666666667,NA,7.33333333333333,7.39,7,6,0,3,10,529,359,170,18,181,348,7.23730162570888,7.45841225626741,6.770368,6.22222222222222,7.14668508287293,7.28443264367816,103
"87",2010,1,7.17368421052632,19,7.17857142857143,7.16,9,7.5,7.13529411764706,14,5,1,2,17,548,373,175,19,183,365,7.23509591240876,7.44790884718499,6.78150034285714,6.36842105263158,7.15054644808743,7.27748646575343,104
"88",2010,2,7.5,17,7.8,7.07142857142857,NA,8,7.46875,10,7,0,1,16,565,383,182,19,184,381,7.2430664778761,7.45710182767624,6.79265142857143,6.36842105263158,7.15516304347826,7.28551853018373,105
"89",2010,3,7.8,12,7.73333333333333,8,7,7.9,7.75,9,3,1,4,8,577,392,185,20,188,389,7.25464915077989,7.46344387755102,6.81223005405406,6.4,7.17101063829787,7.29507084832905,106
"90",2010,4,7.65625,16,8.1875,7.125,6.5,7.375,7.75,8,8,2,4,12,593,400,193,22,192,401,7.26548492411467,7.477925,6.82519461139896,6.40909090909091,7.17526041666667,7.3086846882793,107
"91",2010,5,6.0625,8,7.125,5,6.5,6.25,6,4,4,2,2,6,601,404,197,24,194,407,7.24947181364393,7.47443069306931,6.78813482233503,6.41666666666667,7.16572164948454,7.28939203931204,108
"92",2010,6,6.57142857142857,7,7.25,5.66666666666667,NA,7.5,6.2,4,3,0,2,5,608,408,200,24,196,412,7.24166539473684,7.47223039215686,6.7713128,6.41666666666667,7.16913265306122,7.27617126213592,109
"93",2010,7,7.74875,8,7.83333333333333,7.495,NA,8,7.71285714285714,6,2,0,1,7,616,414,202,24,197,419,7.24825090909091,7.47746376811594,6.77847801980198,6.41666666666667,7.17335025380711,7.28346673031026,110
"94",2010,8,8.42857142857143,7,8.8,7.5,NA,7,8.66666666666667,5,2,0,1,6,623,419,204,24,198,425,7.26151293739968,7.49324582338902,6.78555176470588,6.41666666666667,7.17247474747475,7.30299425882353,111
"95",2010,9,7.81666666666667,6,7.63333333333333,8,8,7.66666666666667,7.96666666666667,3,3,1,3,3,629,422,207,25,201,428,7.26680852146264,7.49424170616114,6.80315246376812,6.48,7.17985074626866,7.3076461682243,112
"96",2010,10,8.11538461538461,13,8.66666666666667,6.875,5,8.5,7.94444444444444,9,4,1,4,9,642,431,211,26,205,437,7.28399152647975,7.51872389791183,6.80451450236967,6.42307692307692,7.20560975609756,7.32076100686499,113
"97",2010,11,7.04545454545455,11,7.05555555555556,7,NA,7.5,6.94444444444444,9,2,0,2,9,653,440,213,26,207,446,7.27997329249617,7.50925,6.80635004694836,6.42307692307692,7.20845410628019,7.31316717488789,114
"98",2010,12,7.34666666666667,15,7.03333333333333,7.55555555555556,5,6,7.83636363636364,6,9,2,4,11,668,446,222,28,211,457,7.28147089820359,7.50284753363229,6.83672324324324,6.32142857142857,7.18554502369668,7.32576052516411,115
"99",2011,1,7.40909090909091,11,7.375,7.5,NA,7.2,7.58333333333333,8,3,0,5,6,679,454,225,28,216,463,7.28353837997054,7.50059471365639,6.84556693333333,6.32142857142857,7.18587962962963,7.32909840172786,116
"100",2011,2,7.175,16,7.275,6.875,NA,5.66666666666667,7.52307692307692,12,4,0,3,13,695,466,229,28,219,476,7.28103965467626,7.49478540772532,6.84608104803494,6.32142857142857,7.16506849315069,7.33439613445378,117
"101",2011,3,6.97363636363636,11,6.95166666666667,7,3,4.855,7.44444444444444,6,5,1,2,9,706,472,234,29,221,485,7.27625008498583,7.4878813559322,6.84936991452992,6.20689655172414,7.1441628959276,7.33643826804124,118
"102",2011,4,7.16666666666667,6,7,7.25,4,5.5,8,2,4,1,2,4,712,474,238,30,223,489,7.27532662921348,7.48582278481013,6.85610319327731,6.13333333333333,7.12941704035874,7.34186617586912,119
"103",2011,5,7.275,8,8.3,6.25,NA,6.5,7.53333333333333,4,4,0,2,6,720,478,242,30,225,495,7.275323,7.4926359832636,6.84608495867769,6.13333333333333,7.12382222222222,7.34418698989899,120
"104",2011,6,5.82142857142857,7,5.75,5.875,NA,7.5,5.54166666666667,3,4,0,1,6,727,481,246,30,226,501,7.26132401650619,7.48176715176715,6.83029495934959,6.13333333333333,7.12548672566372,7.32259992015968,121
"105",2011,7,7.38666666666667,15,7.4,7.375,7,5,7.55714285714286,7,8,2,1,14,742,488,254,32,227,515,7.26385789757412,7.48059426229508,6.84745102362205,6.1875,7.11612334801762,7.32897584466019,122
"106",2011,8,6.375,8,7,6,6,6.33333333333333,6.4,3,5,1,3,5,750,491,259,33,230,520,7.25437674666667,7.47765784114053,6.83109096525097,6.18181818181818,7.10591304347826,7.32004338461539,123
"107",2011,9,7.3,5,7.3,NA,NA,NA,7.3,5,0,0,0,5,755,496,259,33,230,525,7.25467888741722,7.47586693548387,6.83109096525097,6.18181818181818,7.10591304347826,7.3198524952381,124
"108",2011,10,7.8,10,7.2,8.4,NA,9,7.28571428571429,5,5,0,3,7,765,501,264,33,233,532,7.26180726797385,7.47311377245509,6.86080515151515,6.18181818181818,7.13030042918455,7.31940330827068,125
"109",2011,11,7.24615384615385,13,7.275,7.2,NA,6.15,7.44545454545455,8,5,0,2,11,778,509,269,33,235,543,7.26154570694087,7.47,6.86710988847584,6.18181818181818,7.12195744680851,7.32195683241252,126
"110",2011,12,6.5,10,6.33333333333333,6.75,5,NA,6.5,6,4,1,0,10,788,515,273,34,235,553,7.2518814213198,7.4567572815534,6.86539399267399,6.14705882352941,7.12195744680851,7.30709323688969,127
"111",2012,1,7.04545454545455,11,7.91666666666667,6,6,7.83333333333333,6.75,6,5,1,3,8,799,521,278,35,238,561,7.24903949937422,7.4620537428023,6.84982935251799,6.14285714285714,7.1309243697479,7.2991489483066,128
"112",2012,2,6.71428571428571,7,7,6.5,6,6.5,6.8,3,4,1,2,5,806,524,282,36,240,566,7.24439523573201,7.45940839694657,6.84486723404255,6.13888888888889,7.12566666666667,7.29473950530035,129
"113",2012,3,7.24166666666667,12,7.19,7.5,NA,7,7.29,10,2,0,2,10,818,534,284,36,242,576,7.24435520782396,7.45436329588015,6.84948084507042,6.13888888888889,7.12462809917355,7.29465722222222,130
"114",2012,4,7.1875,8,7.08333333333333,7.5,NA,6,7.35714285714286,6,2,0,1,7,826,540,286,36,243,583,7.24380455205811,7.45024074074074,6.85402993006993,6.13888888888889,7.12,7.29540747855918,131
"115",2012,5,5.9375,8,6.64285714285714,1,NA,7.25,5.5,7,1,0,2,6,834,547,287,36,245,589,7.23127405275779,7.43990859232176,6.83363261324042,6.13888888888889,7.1210612244898,7.27711809847199,132
"116",2012,6,7.5625,8,7.125,8,NA,6,8.08333333333333,4,4,0,2,6,842,551,291,36,247,595,7.23442109263658,7.43762250453721,6.84966515463918,6.13888888888889,7.11198380566802,7.285248,133
"117",2012,7,8.32142857142857,7,8,8.5625,NA,8,8.375,3,4,0,1,6,849,554,295,36,248,601,7.24338346289752,7.4406678700361,6.8728900338983,6.13888888888889,7.11556451612903,7.29612738768719,134
"118",2012,8,6.14545454545455,11,6.3,6.01666666666667,3,7.53333333333333,5.625,5,6,1,3,8,860,559,301,37,251,609,7.22934018604651,7.43046511627907,6.85582245847176,6.05405405405405,7.1205577689243,7.27417497536946,135
"119",2012,9,7.6875,8,8.16666666666667,6.25,NA,7,8.1,6,2,0,3,5,868,565,303,37,254,614,7.23356285714286,7.43828318584071,6.85182363036304,6.05405405405405,7.11913385826772,7.28089993485342,136
"120",2012,10,7.31428571428571,7,7.74,6.25,6,6.7,7.56,5,2,1,2,5,875,570,305,38,256,619,7.23420864,7.4409298245614,6.84787724590164,6.05263157894737,7.115859375,7.28315437802908,137
"121",2012,11,6.49090909090909,11,5.13333333333333,7,7.25,7.13333333333333,6.25,3,8,2,3,8,886,573,313,40,259,627,7.22498031602709,7.42884816753927,6.85176536741214,6.1125,7.11606177606178,7.26997218500798,138
"122",2012,12,8.27272727272727,11,8.25,8.3,8.5,9,8.2,6,5,1,1,10,897,579,318,41,260,637,7.23782894091416,7.43735751295337,6.87453635220126,6.17073170731707,7.12330769230769,7.28457230769231,139
"123",2013,1,7.18181818181818,11,7.5,6.8,7,6.5,7.33333333333333,6,5,1,2,9,908,585,323,42,262,646,7.23715039647577,7.438,6.87338253869969,6.19047619047619,7.11854961832061,7.28525164086687,140
"124",2013,2,6.4375,8,6.7,6,1,NA,6.4375,5,3,1,0,8,916,590,326,43,262,654,7.23016655021834,7.43174576271187,6.86534527607362,6.06976744186047,7.11854961832061,7.27488159021407,141
"125",2013,3,6.4,5,6.66666666666667,6,NA,NA,6.4,3,2,0,0,5,921,593,328,43,262,659,7.2256596742671,7.42787521079258,6.8600687804878,6.06976744186047,7.11854961832061,7.26824364188164,142
"126",2013,4,7.27,10,7.4,7.14,7.55,7.2,7.3,5,5,2,3,7,931,598,333,45,265,666,7.22613593984962,7.42764214046823,6.86427195195195,6.13555555555556,7.11947169811321,7.26857741741742,143
"127",2013,5,7.3125,8,7.42857142857143,6.5,NA,NA,7.3125,7,1,0,0,8,939,605,334,45,265,674,7.22687173588924,7.42765289256198,6.86318131736527,6.13555555555556,7.11947169811321,7.2690987537092,144
"128",2013,6,6.5,8,6.25,6.58333333333333,5,6,6.57142857142857,2,6,1,1,7,947,607,340,46,266,681,7.22073131995776,7.4237726523888,6.85824282352941,6.11086956521739,7.11526315789474,7.26192740088106,145
"129",2013,7,7.16666666666667,9,7.66666666666667,6.16666666666667,NA,7,7.25,6,3,0,3,6,956,613,343,46,269,687,7.22022234309623,7.42615008156607,6.85219405247813,6.11086956521739,7.11397769516729,7.26182323144105,146
"130",2013,8,7.71428571428571,7,7.33333333333333,10,NA,8,7.66666666666667,6,1,0,1,6,963,619,344,46,270,693,7.22381366562824,7.42525040387722,6.86134465116279,6.11086956521739,7.11725925925926,7.26532836940837,147
"131",2013,9,7.4375,8,7.16666666666667,8.25,NA,NA,7.4375,6,2,0,0,8,971,625,346,46,270,701,7.22557421215242,7.422768,6.86937156069364,6.11086956521739,7.11725925925926,7.2672932382311,148
"132",2013,10,7.1,10,7.83333333333333,6,NA,7,7.125,6,4,0,2,8,981,631,350,46,272,709,7.22429414882772,7.42667194928685,6.85943588571428,6.11086956521739,7.11639705882353,7.26568767277856,149
"133",2013,11,6.28571428571429,7,6.6,5.5,2,2,7,5,2,1,1,6,988,636,352,47,273,715,7.21764429149797,7.42017295597484,6.85171181818182,6.02340425531915,7.09765567765568,7.26345812587413,150
"134",2013,12,7.05,10,7.58333333333333,6.25,NA,7,7.0625,6,4,0,2,8,998,642,356,47,275,723,7.21596448897795,7.42169781931464,6.84495101123595,6.02340425531915,7.09694545454546,7.26123452282158,151
"135",2014,1,7.4,10,6.5,8,6.8,6.9,7.525,4,6,1,2,8,1008,646,362,48,277,731,7.21779023809524,7.4159907120743,6.86409546961326,6.03958333333333,7.09552346570397,7.26412114911081,152
"136",2014,2,6.96764705882353,17,7.23,6.59285714285714,NA,6.25,7.18846153846154,10,7,0,4,13,1025,656,369,48,281,744,7.21364152195122,7.41315548780488,6.85895002710027,6.03958333333333,7.08348754448399,7.26279913978495,153
"137",2014,3,7.56923076923077,13,7.48333333333333,7.64285714285714,7,6.2,7.68333333333333,6,7,1,1,12,1038,662,376,49,282,756,7.21809495183044,7.4137915407855,6.87354404255319,6.05918367346939,7.08035460992908,7.26947428571429,154
"138",2014,4,7,9,7,7,4,4.5,7.71428571428571,6,3,1,2,7,1047,668,379,50,284,763,7.21622021012416,7.4100748502994,6.87454501319261,6.018,7.06218309859155,7.27355512450852,155
"139",2014,5,6.57142857142857,7,6,7,3,7,6.5,3,4,1,1,6,1054,671,383,51,285,769,7.21193791271347,7.40377049180328,6.87585524804178,5.95882352941177,7.0619649122807,7.26751958387516,156
"140",2014,6,6.95454545454545,11,6.66666666666667,7.0625,NA,5,7.15,3,8,0,1,10,1065,674,391,51,286,779,7.20927939906103,7.40048961424332,6.87967406649616,5.95882352941177,7.05475524475525,7.26601098844673,157
"141",2014,7,6.67857142857143,14,6.9,6.55555555555556,5,6.5,6.70833333333333,5,9,1,2,12,1079,679,400,52,288,791,7.20239347544022,7.39680412371134,6.8723814,5.94038461538462,7.05090277777778,7.25755064475348,158
"142",2014,8,8.7,5,9.25,8.33333333333333,NA,9,8.625,2,3,0,1,4,1084,681,403,52,289,795,7.20930125461254,7.40224669603524,6.88325697270471,5.94038461538462,7.05764705882353,7.26443089308176,159
"143",2014,9,6.69090909090909,11,7.08571428571429,6,9,8.1,6.1625,7,4,1,3,8,1095,688,407,53,292,803,7.20409366210046,7.3990261627907,6.87457631449631,5.99811320754717,7.06835616438356,7.25345275217933,160
"144",2014,10,7.5,4,8.66666666666667,4,4,5,10,3,1,1,2,2,1099,691,408,54,294,805,7.20517066424022,7.40452966714906,6.86753078431372,5.96111111111111,7.05428571428572,7.26027647204969,161
"145",2014,11,6.5,5,6.875,5,5,6,6.83333333333333,4,1,1,2,3,1104,695,409,55,296,808,7.20197695652174,7.40148201438849,6.86296469437653,5.94363636363636,7.04716216216216,7.25869128712871,162
"146",2014,12,6.63333333333333,12,5.9375,8.025,9,5.75,7.075,8,4,1,4,8,1116,703,413,56,300,816,7.19586250896057,7.38482219061166,6.87421927360775,5.99821428571429,7.02986666666667,7.25689039215686,163
"147",2015,1,6.8875,16,7.37,6.08333333333333,6,6,7.01428571428571,10,6,1,2,14,1132,713,419,57,302,830,7.19150402826855,7.38461430575035,6.86289393794749,5.99824561403509,7.0230463576159,7.25279826506024,164
"148",2015,2,5.1,3,5.3,5,6,5,5.3,1,2,1,2,1,1135,714,421,58,304,831,7.18597582378854,7.38169467787115,6.85404408551069,5.99827586206897,7.00973684210526,7.25044832731649,165
"149",2015,3,6.63636363636364,11,6.3,6.91666666666667,7,8,6.5,5,6,1,1,10,1146,719,427,59,305,841,7.18070031413612,7.37417246175244,6.85492402810304,6.01525423728814,7.01298360655738,7.24152504161712,166
"150",2015,4,7.38333333333333,6,7.75,6.65,NA,9.5,6.96,4,2,0,1,5,1152,723,429,59,306,846,7.18175569444444,7.37625172890733,6.85396867132867,6.01525423728814,7.02111111111111,7.2398611820331,167
"151",2015,5,7.25,6,7.5,7,NA,7,7.375,3,3,0,2,4,1158,726,432,59,308,850,7.18210929188255,7.37676308539945,6.85498277777778,6.01525423728814,7.02097402597403,7.24049712941177,168
"152",2015,6,6.07142857142857,7,6.33333333333333,5.875,5.5,6,6.08333333333333,3,4,2,1,6,1165,729,436,61,309,856,7.17543567381974,7.37246913580247,6.84599211009174,5.99836065573771,7.01766990291262,7.2323861682243,169
"153",2015,7,7.6,10,7.16666666666667,8.25,NA,6,8,6,4,0,2,8,1175,735,440,61,311,864,7.17904898723404,7.37078911564626,6.85875581818182,5.99836065573771,7.01112540192926,7.2394937037037,170
"154",2015,8,7.42857142857143,7,8,7.2,7,7,7.5,2,5,1,1,6,1182,737,445,62,312,870,7.18052670050761,7.37249660786974,6.86259002247191,6.01451612903226,7.01108974358975,7.24129029885058,171
"155",2015,9,8.3,5,9,7.25,NA,8.625,7,3,2,0,4,1,1187,740,447,62,316,871,7.18524225779275,7.3790945945946,6.86432340044743,6.01451612903226,7.03151898734177,7.24101327210103,172
"156",2015,10,8.08571428571429,7,8,8.12,7,NA,8.08571428571429,2,5,1,0,7,1194,742,452,63,316,878,7.19052140703517,7.38076819407008,6.87821362831858,6.03015873015873,7.03151898734177,7.2477477904328,173
"157",2015,11,6.56666666666667,15,6.7,6.5,7,5,6.67857142857143,5,10,1,1,14,1209,747,462,64,317,892,7.18278127377998,7.37621151271754,6.87002718614719,6.0453125,7.02511041009464,7.23881452914798,174
"158",2015,12,7.15,12,6.97142857142857,7.4,NA,6.33333333333333,7.42222222222222,7,5,0,3,9,1221,754,467,64,320,901,7.1824590990991,7.37245358090186,6.87570141327623,6.0453125,7.018625,7.24064657047725,175
"159",2016,1,7.44444444444444,9,8.4,6.25,5,NA,7.44444444444444,5,4,1,0,9,1230,759,471,65,320,910,7.18437606504065,7.37922266139658,6.87038760084926,6.02923076923077,7.018625,7.24266215384616,176
"160",2016,2,6.9375,8,6.25,7.625,NA,6,7.25,4,4,0,2,6,1238,763,475,65,322,916,7.18278074313409,7.37330275229358,6.87674223157895,6.02923076923077,7.01229813664596,7.24271021834061,177
"161",2016,3,6.53571428571429,7,6.75,6,NA,7,6.45833333333333,5,2,0,1,6,1245,768,477,65,323,922,7.17914261847389,7.36924479166667,6.87306616352201,6.02923076923077,7.01226006191951,7.23760581344903,178
"162",2016,4,6.52,5,7.5,5.86666666666667,NA,NA,6.52,2,3,0,0,5,1250,770,480,65,323,927,7.176506048,7.36958441558442,6.86677616666667,6.02923076923077,7.01226006191951,7.23373523193096,179
"163",2016,5,7.25,10,7.83333333333333,6.375,7,7.4,7.1,6,4,1,5,5,1260,776,484,66,328,932,7.17708933333333,7.37317010309278,6.86271190082645,6.04393939393939,7.01817073170732,7.23301776824035,180
"164",2016,6,6.83333333333333,6,7,6.5,NA,NA,6.83333333333333,4,2,0,0,6,1266,780,486,66,328,938,7.17546015797788,7.37125641025641,6.86121925925926,6.04393939393939,7.01817073170732,7.23046115138593,181
"165",2016,7,7.55555555555556,9,8.16666666666667,6.33333333333333,7,10,7.25,6,3,1,1,8,1275,786,489,67,329,946,7.17814318431372,7.37732824427481,6.85798069529652,6.05820895522388,7.02723404255319,7.23062638477801,182
"166",2016,8,7.05,10,8,6.41666666666667,NA,NA,7.05,4,6,0,0,10,1285,790,495,67,329,956,7.17714596108949,7.38048101265823,6.85263143434343,6.05820895522388,7.02723404255319,7.2287369874477,183
"167",2016,9,8.06,5,8.25,7.3,NA,7.3,8.25,4,1,0,1,4,1290,794,496,67,330,960,7.18056787596899,7.38486146095718,6.85353338709677,6.05820895522388,7.02806060606061,7.23299225,184
"168",2016,10,7.44444444444444,9,7,8.33333333333333,NA,5,7.75,6,3,0,1,8,1299,800,499,67,331,968,7.18239612009238,7.381975,6.86242997995992,6.05820895522388,7.0219335347432,7.23726504132232,185
"169",2016,11,7.35555555555556,9,7,7.64,7,8.5,7.02857142857143,4,5,1,2,7,1308,804,504,68,333,975,7.18358758409786,7.38007462686567,6.87014396825397,6.07205882352941,7.03081081081081,7.23576672820513,186
"170",2016,12,7.2,9,7.42857142857143,6.4,NA,7,7.225,7,2,0,1,8,1317,811,506,68,334,983,7.18369974183751,7.38049321824908,6.8682856916996,6.07205882352941,7.03071856287425,7.23567910478128,187
"171",2017,1,7.3,10,7.75,5.5,5,7.5,7.25,8,2,1,2,8,1327,819,508,69,336,991,7.18457615674453,7.38410256410257,6.86289874015748,6.05652173913044,7.03351190476191,7.23579471241171,188
"172",2017,2,6.725,8,6.8,6.5,6,6.6,6.8,6,2,1,3,5,1335,825,510,70,339,996,7.18182214232209,7.37985454545455,6.86147560784314,6.05571428571429,7.02967551622419,7.23360698795181,189
"173",2017,3,6.76923076923077,13,6.8,6.66666666666667,NA,NA,6.76923076923077,10,3,0,0,13,1348,835,513,70,339,1009,7.17784314540059,7.37291017964072,6.86033637426901,6.05571428571429,7.02967551622419,7.22762394449951,190
"174",2017,4,6.61111111111111,9,6.35714285714286,7.5,NA,NA,6.61111111111111,7,2,0,0,9,1357,842,515,70,339,1018,7.17408442151805,7.36446555819478,6.86282050485437,6.05571428571429,7.02967551622419,7.22217343811395,191
"175",2017,5,7.50333333333333,6,7.404,8,NA,7.01,7.75,5,1,0,2,4,1363,847,516,70,341,1022,7.17553379310345,7.36469893742621,6.86502434108527,6.05571428571429,7.02956011730206,7.22423929549902,192
"176",2017,6,6.70666666666667,15,6.96666666666667,5.66666666666667,NA,6.7,6.70833333333333,12,3,0,3,12,1378,859,519,70,344,1034,7.17043001451379,7.35913853317812,6.85809741811175,6.05571428571429,7.02668604651163,7.21825199226306,193
"177",2017,7,7.07142857142857,14,7.75,6.16666666666667,5,6.66666666666667,7.18181818181818,8,6,1,3,11,1392,867,525,71,347,1045,7.16943431034483,7.36274509803922,6.85019535238095,6.04084507042254,7.0235734870317,7.2178684784689,194
"178",2017,8,6.35714285714286,7,5.33333333333333,7.125,NA,7,6.25,3,4,0,1,6,1399,870,529,71,348,1051,7.16536994996426,7.35574712643678,6.85227327032136,6.04084507042254,7.02350574712644,7.21234306374881,195
"179",2017,9,8.0625,8,7.7,8.66666666666667,NA,9.5,7.85714285714286,5,3,0,1,7,1407,875,532,71,349,1058,7.17047090262971,7.35771428571429,6.86250481203007,6.04084507042254,7.03060171919771,7.21660922495274,196
"180",2017,10,7.18333333333333,12,7.46666666666667,6.33333333333333,NA,NA,7.18333333333333,9,3,0,0,12,1419,884,535,71,349,1070,7.17057967582805,7.35882352941177,6.8595374953271,6.04084507042254,7.03060171919771,7.21623603738318,197
"181",2017,11,6.86666666666667,9,5.66666666666667,7.46666666666667,8.4,6.5,6.97142857142857,3,6,2,2,7,1428,887,541,73,351,1077,7.16866425770308,7.35310033821872,6.86627090573013,6.1054794520548,7.02757834757835,7.21464490250696,198
"182",2017,12,6.68181818181818,11,7.125,6.42857142857143,NA,NA,6.68181818181818,4,7,0,0,11,1439,891,548,73,351,1088,7.16494271021543,7.35207631874299,6.8606798540146,6.1054794520548,7.02757834757835,7.20925786764706,199
"183",2018,1,7.54583333333333,24,7.675,7.2875,6.66666666666667,9.25,7.39090909090909,16,8,3,2,22,1463,907,556,76,353,1110,7.17119108680793,7.35777287761852,6.86682115107914,6.12763157894737,7.04016997167139,7.21285816216216,200
"184",2018,2,6.72222222222222,9,6.58333333333333,7,8,6.625,6.8,6,3,1,4,5,1472,913,559,77,357,1115,7.16844603260869,7.3526834611172,6.86753588550984,6.15194805194805,7.03551820728291,7.21100678026906,201
"185",2018,3,7.45833333333333,12,8,7.07142857142857,NA,7,7.5,5,7,0,1,11,1484,918,566,77,358,1126,7.17079013477089,7.3562091503268,6.87005752650177,6.15194805194805,7.03541899441341,7.21382998223801,202
"186",2018,4,6.77777777777778,9,7.9,5.375,5.5,9.25,6.07142857142857,5,4,2,2,7,1493,923,570,79,360,1133,7.16842100468855,7.35915492957747,6.85956589473684,6.13544303797469,7.04772222222222,7.20677189761695,203
"187",2018,5,7.47777777777778,9,7.36,7.625,6.75,7,7.5375,5,4,2,1,8,1502,928,574,81,361,1141,7.17027467376831,7.35915948275862,6.86489993031359,6.15061728395062,7.04759002770083,7.20909076248905,204
"188",2018,6,8,3,8,NA,NA,10,7,3,0,0,1,2,1505,931,574,81,362,1143,7.17192861129568,7.36122448979592,6.86489993031359,6.15061728395062,7.05574585635359,7.20872489938758,205
"189",2018,7,6.8,5,5,7.25,NA,6,7,1,4,0,1,4,1510,932,578,81,363,1147,7.17069705960265,7.35869098712447,6.86756498269896,6.15061728395062,7.05283746556474,7.20799700087184,206
"190",2018,8,5.9,5,8,4.5,3,NA,5.9,2,3,1,0,5,1515,934,581,82,363,1152,7.16650333993399,7.3600642398287,6.85534003442341,6.11219512195122,7.05283746556474,7.20231993055556,207
"191",2018,9,6.225,4,6,6.45,6.9,6.63333333333333,5,2,2,1,3,1,1519,936,583,83,366,1153,7.16402406846609,7.35715811965812,6.8539495025729,6.12168674698795,7.04939890710383,7.20040985255855,208
"192",2018,10,6.57142857142857,7,6.5,6.6,7,6,6.66666666666667,2,5,1,1,6,1526,938,588,84,367,1159,7.16130574049803,7.35533049040512,6.85179006802721,6.13214285714286,7.04653950953679,7.19764672993961,209
"193",2018,11,8.1,5,7.875,9,9,NA,8.1,4,1,1,0,5,1531,942,589,85,367,1164,7.16437136512083,7.35753715498939,6.85543728353141,6.16588235294118,7.04653950953679,7.20152281786942,210
"194",2018,12,6.42857142857143,14,7.5,5.35714285714286,4.75,7,6.33333333333333,7,7,4,2,12,1545,949,596,89,369,1176,7.15770392233009,7.35858798735511,6.83783986577181,6.10224719101124,7.04628726287263,7.1926637414966,211
"195",2019,1,6.44444444444444,9,7,5.75,5,9,6.125,5,4,2,1,8,1554,954,600,91,370,1184,7.15357307593307,7.35670859538784,6.8305876,6.07802197802198,7.05156756756757,7.1854497972973,212
"196",2019,2,7.16666666666667,6,8.5,6.5,6,7,7.2,2,4,1,1,5,1560,956,604,92,371,1189,7.15362343589743,7.35910041841004,6.82839827814569,6.07717391304348,7.05142857142857,7.18551098402019,213
"197",2019,3,6.875,8,7.5,6.25,6,8,6.71428571428571,4,4,1,1,7,1568,960,608,93,372,1196,7.1522018877551,7.3596875,6.82459302631579,6.07634408602151,7.05397849462366,7.18275297658863,214
"198",2019,4,7.44444444444444,9,7.42857142857143,7.5,7.5,6,7.625,7,2,2,1,8,1577,967,610,95,373,1204,7.15386972733037,7.36018614270941,6.82680747540983,6.10631578947369,7.05115281501341,7.18569149501661,215
"199",2019,5,7.10714285714286,14,6.86363636363636,8,NA,7.16666666666667,7.09090909090909,11,3,0,3,11,1591,978,613,95,376,1215,7.15345855436832,7.35460122699387,6.83254903752039,6.10631578947369,7.05207446808511,7.18483338271605,216
"200",2019,6,6,6,6.66666666666667,5.33333333333333,5,6,6,3,3,1,1,5,1597,981,616,96,377,1220,7.14912495929868,7.35249745158002,6.82524766233766,6.09479166666667,7.04928381962865,7.17997750819672,217
"201",2019,7,7.27777777777778,9,7.2,7.375,NA,8,7.1875,5,4,0,1,8,1606,986,620,96,378,1228,7.14984592777086,7.35172413793104,6.8287944516129,6.09479166666667,7.05179894179894,7.18002651465798,218
"202",2019,8,6.57692307692308,13,6.7,6.16666666666667,NA,8,6.31818181818182,10,3,0,2,11,1619,996,623,96,380,1239,7.14524555898703,7.34518072289157,6.825606035313,6.09479166666667,7.05678947368421,7.17237494753834,219
"203",2019,9,6.625,8,6.9,6.16666666666667,NA,7.5,6.5,5,3,0,1,7,1627,1001,626,96,381,1246,7.14268749846343,7.34295704295705,6.82244817891374,6.09479166666667,7.05795275590551,7.16859756019262,220
"204",2019,10,6.29,10,5.8625,8,NA,6.66666666666667,6.12857142857143,8,2,0,3,7,1637,1009,628,96,384,1253,7.13747865607819,7.33121902874133,6.82619834394904,6.09479166666667,7.05489583333334,7.16278735833999,221
"205",2019,11,7.11111111111111,9,8.66666666666667,6.33333333333333,6,NA,7.11111111111111,3,6,2,0,9,1646,1012,634,98,384,1262,7.1373344835966,7.33517786561265,6.82153400630915,6.09285714285714,7.05489583333334,7.16241882725832,222
"206",2019,12,7.5625,8,7.57142857142857,7.5,7.5,8,7.41666666666667,7,1,1,2,6,1654,1019,635,99,386,1268,7.13939090689238,7.33680078508342,6.82260245669291,6.10707070707071,7.05979274611399,7.16362189274448,223
"207",2020,1,6.91333333333333,15,7,6.85555555555556,6,7.66666666666667,6.725,6,9,1,3,12,1669,1025,644,100,389,1280,7.1373592330737,7.33482926829268,6.82306298136646,6.106,7.06447300771208,7.1595098125,224
"208",2020,2,7.83333333333333,6,8.25,7,NA,8.5,7.5,4,2,0,2,4,1675,1029,646,100,391,1284,7.13985227462686,7.33838678328474,6.82361077399381,6.106,7.0718158567775,7.16057052959502,225
"209",2020,3,7.4375,8,8.125,6.75,5,6.66666666666667,7.9,4,4,1,3,5,1683,1033,650,101,394,1289,7.14126711824123,7.34143272023233,6.82315778461538,6.0950495049505,7.06873096446701,7.1634387587277,226
"210",2020,4,7.60769230769231,13,7.83333333333333,7.41428571428571,NA,8.25,7.32222222222222,6,7,0,4,9,1696,1039,657,101,398,1298,7.14484231132075,7.34427333974976,6.82945595129376,6.0950495049505,7.08060301507538,7.16453972265023,227
"211",2020,5,6.66666666666667,12,7,6.55555555555556,7.5,NA,6.66666666666667,3,9,1,0,12,1708,1042,666,102,398,1310,7.14148276346604,7.34328214971209,6.82575459459459,6.10882352941177,7.08060301507538,7.15997905343512,228
"212",2020,6,7,9,7.16666666666667,6.66666666666667,7,7,7,6,3,1,1,8,1717,1048,669,103,399,1318,7.14074115317414,7.34227099236641,6.82504119581465,6.11747572815534,7.08040100250627,7.15900801213961,229
"213",2020,7,7.17272727272727,11,7.63333333333333,7,NA,9.3,6.375,3,8,0,3,8,1728,1051,677,103,402,1326,7.14094476851852,7.34310180780209,6.82710865583456,6.11747572815534,7.09696517412936,7.15427794871795,230
"214",2020,8,6.75,12,7.3,6.35714285714286,6.5,5.625,7.3125,5,7,2,4,8,1740,1056,684,105,406,1334,7.13824859770115,7.34289772727273,6.82229906432748,6.12476190476191,7.08246305418719,7.1552268065967,231
"215",2020,9,6.33333333333333,12,6.7,6.07142857142857,7,5.33333333333333,6.66666666666667,5,7,1,3,9,1752,1061,691,106,409,1343,7.13273547945205,7.33986804901037,6.81469256150506,6.13301886792453,7.06963325183374,7.15195276247208,232
"216",2020,10,7.7,5,9,5.75,6.5,8,7.625,3,2,1,1,4,1757,1064,693,107,410,1347,7.13434977803073,7.34454887218045,6.81161985569985,6.13644859813084,7.07190243902439,7.15335750556793,233
"217",2020,11,7.57647058823529,17,7.75,7.16,NA,7.75,7.55333333333333,12,5,0,2,15,1774,1076,698,107,412,1362,7.13858656144306,7.34907063197026,6.81411541547278,6.13644859813084,7.07519417475728,7.15776252569751,234
"218",2020,12,6.39285714285714,14,6.5,6.28571428571429,NA,7.66666666666667,6.04545454545455,7,7,0,3,11,1788,1083,705,107,415,1373,7.13274751677852,7.34358264081256,6.80886887943262,6.13644859813084,7.07946987951807,7.1488510997815,235
"219",2021,1,6.73076923076923,13,7.14285714285714,6.25,6.5,NA,6.73076923076923,7,6,1,0,13,1801,1090,711,108,415,1386,7.12984595224875,7.34229357798165,6.80415268635724,6.13981481481482,7.07946987951807,7.1449296969697,236
"220",2021,2,7.11111111111111,9,7,7.33333333333333,NA,6,7.66666666666667,6,3,0,3,6,1810,1096,714,108,418,1392,7.12975279558011,7.3404197080292,6.80637613445378,6.13981481481482,7.07172248803828,7.14717856321839,237
"221",2021,3,6,5,5.66666666666667,6.5,NA,6,6,3,2,0,1,4,1815,1099,716,108,419,1396,7.12664052892562,7.33585077343039,6.80552033519553,6.13981481481482,7.0691646778043,7.14389151862464,238
"222",2021,4,7,7,8,6.6,NA,6.66666666666667,7.25,2,5,0,3,4,1822,1101,721,108,422,1400,7.12615398463227,7.33705722070845,6.80409509015256,6.13981481481482,7.06630331753555,7.14419468571429,239
"223",2021,5,7.52,15,7.58,7.4,NA,9.5,7.21538461538462,10,5,0,2,13,1837,1111,726,108,424,1413,7.12936992923244,7.33924392439244,6.8081991184573,6.13981481481482,7.07778301886793,7.1448496532201,240
"224",2021,6,7.1,10,6.25,7.66666666666667,6,7,7.16666666666667,4,6,1,4,6,1847,1115,732,109,428,1419,7.12921091499729,7.33533632286996,6.81523573770492,6.13853211009174,7.07705607476636,7.14494190274841,241
"225",2021,7,5.86666666666667,6,7.4,4.33333333333333,6,NA,5.86666666666667,3,3,1,0,6,1853,1118,735,110,428,1425,7.12512280626012,7.33550983899821,6.80510552380952,6.13727272727273,7.07705607476636,7.13955969122807,242
"226",2021,8,5.66666666666667,6,5,5.8,5,5,5.8,1,5,1,1,5,1859,1119,740,111,429,1430,7.12041557826788,7.33342269883825,6.79831427027027,6.12702702702703,7.07221445221445,7.13487591608392,243
"227",2021,9,6.81428571428571,14,7.78,6.27777777777778,NA,6.5,6.86666666666667,5,9,0,2,12,1873,1124,749,111,431,1442,7.11812736785905,7.33540925266904,6.79205949265687,6.12702702702703,7.06955916473318,7.13264393897365,244
"228",2021,10,6.65,10,7.08333333333333,6,7,5,6.83333333333333,6,4,1,1,9,1883,1130,753,112,432,1451,7.11564129580456,7.33407079646018,6.78785200531208,6.13482142857143,7.06476851851852,7.13078742935906,245
"229",2021,11,6.99166666666667,12,7.57142857142857,6.18,NA,8,6.9,7,5,0,1,11,1895,1137,758,112,433,1462,7.11485623218997,7.33553210202287,6.78384242744063,6.13482142857143,7.06692840646651,7.12905099863201,246
"230",2021,12,7.4,10,8,6,10,10,7.11111111111111,7,3,1,1,9,1905,1144,761,113,434,1471,7.11635304986876,7.3395979020979,6.78075237844941,6.16902654867257,7.0736866359447,7.12894123725357,247
"231",2022,1,7.88571428571429,7,8.3,7.33333333333333,NA,8,7.86666666666667,4,3,0,1,6,1912,1148,764,113,435,1477,7.11916974895397,7.34294425087108,6.78292219895288,6.16902654867257,7.07581609195403,7.13193809072444,248
"232",2022,2,7.75,6,7.83333333333333,7.66666666666667,NA,NA,7.75,3,3,0,0,6,1918,1151,767,113,435,1483,7.12114314911366,7.34422241529105,6.78637882659713,6.16902654867257,7.07581609195403,7.13443867835469,249
"233",2022,3,8.07916666666667,6,8.375,6.6,NA,10,7.695,5,1,0,1,5,1924,1156,768,113,436,1488,7.12413074844075,7.34868079584775,6.78613614583333,6.16902654867257,7.08252293577982,7.13632228494624,250
"234",2022,4,6.57142857142857,14,6.375,6.83333333333333,7.5,7,6.5,8,6,2,2,12,1938,1164,774,115,438,1500,7.12013805985552,7.34198883161512,6.78650201550388,6.19217391304348,7.08214611872146,7.13123170666667,251
"235",2022,5,6.791875,8,8.067,4.66666666666667,NA,8.495,6.22416666666667,5,3,0,2,6,1946,1169,777,115,440,1506,7.11878857142857,7.34508982035928,6.77831732303732,6.19217391304348,7.08856818181818,7.12761790172643,252
"236",2022,6,6.5,6,5,6.8,NA,NA,6.5,1,5,0,0,6,1952,1170,782,115,440,1512,7.11688655737705,7.34308547008547,6.77845595907928,6.19217391304348,7.08856818181818,7.12512735449736,253
"237",2022,7,6.5,6,7.5,6,NA,NA,6.5,2,4,0,0,6,1958,1172,786,115,440,1518,7.11499620020429,7.34335324232082,6.77449435114504,6.19217391304348,7.08856818181818,7.12265649538867,254
"238",2022,8,8.2,5,8,8.25,8.5,9,8,1,4,2,1,4,1963,1173,790,117,441,1522,7.11775983698421,7.34391304347826,6.78196526582278,6.23162393162393,7.09290249433107,7.12496226018397,255
"239",2022,9,6.89366666666667,15,7.5,6.48944444444444,7.4,6.5,6.95423076923077,6,9,1,2,13,1978,1179,799,118,443,1535,7.11606044489383,7.34470737913486,6.77867028785982,6.24152542372881,7.09022573363431,7.1235163257329,256
"240",2022,10,7.46153846153846,13,7.33333333333333,7.57142857142857,NA,5,8.2,6,7,0,3,10,1991,1185,806,118,446,1545,7.11831620291311,7.34464978902954,6.7855552853598,6.24152542372881,7.07616591928251,7.13048385760518,257
"241",2022,11,6.2625,8,6.82,5.33333333333333,NA,NA,6.2625,5,3,0,0,8,1999,1190,809,118,446,1553,7.1148912256128,7.34244537815126,6.78017003708282,6.24152542372881,7.07616591928251,7.12601259497746,258
"242",2022,12,7.85714285714286,7,9,7.66666666666667,NA,NA,7.85714285714286,1,6,0,0,7,2006,1191,815,118,446,1560,7.11748133599202,7.34383711167087,6.78669639263804,6.24152542372881,7.07616591928251,7.12929330769231,259
