"","year","month","avg_rating","no_ratings","avg_rating_owned","avg_rating_not_owned","avg_rating_prev_owned","avg_rating_comment","avg_rating_no_comment","no_ratings_owned","no_ratings_not_owned","no_ratings_prev_owned","no_ratings_comment","no_ratings_no_comment","cum_no_ratings","cum_no_ratings_owned","cum_no_ratings_not_owned","cum_no_ratings_prev_owned","cum_no_ratings_comment","cum_no_ratings_no_comment","cum_avg_rating","cum_avg_rating_owned","cum_avg_rating_not_owned","cum_avg_rating_prev_owned","cum_avg_rating_comment","cum_avg_rating_no_comment","month_after_release"
"1",2001,10,7,1,7,NA,NA,NA,7,1,0,0,0,1,1,1,0,0,0,1,7,7,NA,NA,NA,7,5
"2",2001,11,6,1,NA,6,NA,NA,6,0,1,0,0,1,2,1,1,0,0,2,6.5,7,6,NA,NA,6.5,6
"3",2001,12,5,1,NA,5,NA,5,NA,0,1,0,1,0,3,1,2,0,1,2,6,7,5.5,NA,5,6.5,7
"4",2002,1,5,3,5,NA,NA,NA,5,3,0,0,0,3,6,4,2,0,1,5,5.5,5.5,5.5,NA,5,5.6,8
"5",2002,2,6.75,4,6.75,NA,NA,7.33333333333333,5,4,0,0,3,1,10,8,2,0,4,6,6,6.125,5.5,NA,6.75,5.5,9
"6",2002,3,4.66666666666667,3,4.66666666666667,NA,NA,NA,4.66666666666667,3,0,0,0,3,13,11,2,0,4,9,5.69230769230769,5.72727272727273,5.5,NA,6.75,5.22222222222222,10
"7",2002,4,7,1,7,NA,NA,NA,7,1,0,0,0,1,14,12,2,0,4,10,5.78571428571429,5.83333333333333,5.5,NA,6.75,5.4,11
"8",2002,5,4,2,4,NA,NA,5,3,2,0,0,1,1,16,14,2,0,5,11,5.5625,5.57142857142857,5.5,NA,6.4,5.18181818181818,12
"9",2002,6,5.2,5,5.66666666666667,4.5,4.5,5,5.25,3,2,2,1,4,21,17,4,2,6,15,5.47619047619048,5.58823529411765,5,4.5,6.16666666666667,5.2,13
"10",2002,7,7,6,7,NA,NA,8,6,6,0,0,3,3,27,23,4,2,9,18,5.81481481481481,5.95652173913043,5,4.5,6.77777777777778,5.33333333333333,14
"11",2002,8,6,3,8,2,NA,6,NA,2,1,0,3,0,30,25,5,2,12,18,5.83333333333333,6.12,4.4,4.5,6.58333333333333,5.33333333333333,15
"12",2002,9,7,2,7,NA,NA,7,7,2,0,0,1,1,32,27,5,2,13,19,5.90625,6.18518518518519,4.4,4.5,6.61538461538461,5.42105263157895,16
"13",2002,10,8,3,8,NA,NA,7,8.5,3,0,0,1,2,35,30,5,2,14,21,6.08571428571429,6.36666666666667,4.4,4.5,6.64285714285714,5.71428571428572,17
"14",2002,11,5.8,5,5.8,NA,NA,6,5.75,5,0,0,1,4,40,35,5,2,15,25,6.05,6.28571428571429,4.4,4.5,6.6,5.72,18
"15",2002,12,5.66666666666667,3,6,5,NA,6,5,2,1,0,2,1,43,37,6,2,17,26,6.02325581395349,6.27027027027027,4.5,4.5,6.52941176470588,5.69230769230769,19
"16",2003,1,6.33333333333333,6,6.33333333333333,NA,NA,6,6.4,6,0,0,1,5,49,43,6,2,18,31,6.06122448979592,6.27906976744186,4.5,4.5,6.5,5.80645161290323,20
"17",2003,2,6.5,2,7,6,NA,6,7,1,1,0,1,1,51,44,7,2,19,32,6.07843137254902,6.29545454545455,4.71428571428571,4.5,6.47368421052632,5.84375,21
"18",2003,3,5,2,5,NA,NA,6,4,2,0,0,1,1,53,46,7,2,20,33,6.0377358490566,6.23913043478261,4.71428571428571,4.5,6.45,5.78787878787879,22
"19",2003,4,5.5,2,5.5,NA,NA,NA,5.5,2,0,0,0,2,55,48,7,2,20,35,6.01818181818182,6.20833333333333,4.71428571428571,4.5,6.45,5.77142857142857,23
"20",2003,5,5,5,5.5,4.66666666666667,5,6,4.75,2,3,1,1,4,60,50,10,3,21,39,5.93333333333333,6.18,4.7,4.66666666666667,6.42857142857143,5.66666666666667,24
"21",2003,6,6,7,5.6,7,NA,5.33333333333333,6.5,5,2,0,3,4,67,55,12,3,24,43,5.94029850746269,6.12727272727273,5.08333333333333,4.66666666666667,6.29166666666667,5.74418604651163,25
"22",2003,7,5.3125,24,5.55882352941176,4.71428571428571,NA,5.08333333333333,5.38888888888889,17,7,0,6,18,91,72,19,3,30,61,5.77472527472527,5.99305555555556,4.94736842105263,4.66666666666667,6.05,5.63934426229508,26
"23",2003,8,6.4,5,6,8,NA,6,6.5,4,1,0,1,4,96,76,20,3,31,65,5.80729166666667,5.99342105263158,5.1,4.66666666666667,6.04838709677419,5.69230769230769,27
"24",2003,9,5.2,5,5.5,4.75,NA,3.5,6.33333333333333,3,2,0,2,3,101,79,22,3,33,68,5.77722772277228,5.9746835443038,5.06818181818182,4.66666666666667,5.89393939393939,5.72058823529412,28
"25",2003,10,5.85714285714286,7,5.85714285714286,NA,NA,5,6,7,0,0,1,6,108,86,22,3,34,74,5.78240740740741,5.96511627906977,5.06818181818182,4.66666666666667,5.86764705882353,5.74324324324324,29
"26",2003,11,5.5,4,6,4,NA,7,4,3,1,0,2,2,112,89,23,3,36,76,5.77232142857143,5.96629213483146,5.02173913043478,4.66666666666667,5.93055555555556,5.69736842105263,30
"27",2003,12,5.6,5,6.75,1,NA,10,4.5,4,1,0,1,4,117,93,24,3,37,80,5.76495726495726,6,4.85416666666667,4.66666666666667,6.04054054054054,5.6375,31
"28",2004,1,5.22222222222222,9,5,6,NA,5.5,4.66666666666667,7,2,0,6,3,126,100,26,3,43,83,5.72619047619048,5.93,4.94230769230769,4.66666666666667,5.96511627906977,5.60240963855422,32
"29",2004,2,5.35714285714286,7,5.7,4.5,NA,4.75,5.6,5,2,0,2,5,133,105,28,3,45,88,5.70676691729323,5.91904761904762,4.91071428571429,4.66666666666667,5.91111111111111,5.60227272727273,33
"30",2004,3,4.66666666666667,9,5.33333333333333,3.33333333333333,NA,3.66666666666667,5.16666666666667,6,3,0,3,6,142,111,31,3,48,94,5.64084507042254,5.88738738738739,4.75806451612903,4.66666666666667,5.77083333333333,5.57446808510638,34
"31",2004,4,5.5,4,5.5,NA,NA,NA,5.5,4,0,0,0,4,146,115,31,3,48,98,5.63698630136986,5.87391304347826,4.75806451612903,4.66666666666667,5.77083333333333,5.57142857142857,35
"32",2004,5,6.33333333333333,3,6.5,6,6,5.5,8,2,1,1,2,1,149,117,32,4,50,99,5.6510067114094,5.88461538461539,4.796875,5,5.76,5.5959595959596,36
"33",2004,6,5.88888888888889,9,5.75,7,NA,7,5.33333333333333,8,1,0,3,6,158,125,33,4,53,105,5.66455696202532,5.876,4.86363636363636,5,5.83018867924528,5.58095238095238,37
"34",2004,7,5.125,8,5,5.5,NA,4,5.5,6,2,0,2,6,166,131,35,4,55,111,5.63855421686747,5.83587786259542,4.9,5,5.76363636363636,5.57657657657658,38
"35",2004,8,6.8,5,6.8,NA,NA,5,8,5,0,0,2,3,171,136,35,4,57,114,5.67251461988304,5.87132352941176,4.9,5,5.73684210526316,5.64035087719298,39
"36",2004,9,7,3,7,NA,NA,7,NA,3,0,0,3,0,174,139,35,4,60,114,5.69540229885057,5.89568345323741,4.9,5,5.8,5.64035087719298,40
"37",2004,10,5.9,10,6.33333333333333,2,NA,5.66666666666667,6,9,1,0,3,7,184,148,36,4,63,121,5.70652173913043,5.9222972972973,4.81944444444444,5,5.79365079365079,5.66115702479339,41
"38",2004,11,4.91666666666667,12,5.2,3.5,NA,5.5,4.625,10,2,0,4,8,196,158,38,4,67,129,5.65816326530612,5.87658227848101,4.75,5,5.77611940298507,5.5968992248062,42
"39",2004,12,4.63636363636364,11,4.85714285714286,4.25,NA,4.8,4.5,7,4,0,5,6,207,165,42,4,72,135,5.60386473429952,5.83333333333333,4.70238095238095,5,5.70833333333333,5.54814814814815,43
"40",2005,1,5.23529411764706,17,5.42307692307692,4.625,NA,6.3,4.79166666666667,13,4,0,5,12,224,178,46,4,77,147,5.57589285714286,5.80337078651685,4.69565217391304,5,5.74675324675325,5.48639455782313,44
"41",2005,2,5.85,10,6.28571428571429,4.83333333333333,5,5.6,6.1,7,3,1,5,5,234,185,49,5,82,152,5.58760683760684,5.82162162162162,4.70408163265306,5,5.73780487804878,5.50657894736842,45
"42",2005,3,4.75,16,4.55555555555556,5,3,4.81818181818182,4.6,9,7,2,11,5,250,194,56,7,93,157,5.534,5.76288659793814,4.74107142857143,4.42857142857143,5.62903225806452,5.47770700636943,46
"43",2005,4,5.84615384615385,13,5.95454545454545,5.25,NA,5.75,5.88888888888889,11,2,0,4,9,263,205,58,7,97,166,5.54942965779468,5.77317073170732,4.75862068965517,4.42857142857143,5.6340206185567,5.5,47
"44",2005,5,5.77777777777778,9,5.77777777777778,NA,NA,6.5,5.2,9,0,0,4,5,272,214,58,7,101,171,5.55698529411765,5.77336448598131,4.75862068965517,4.42857142857143,5.66831683168317,5.49122807017544,48
"45",2005,6,5.53333333333333,15,6.04545454545455,4.125,NA,5.85714285714286,5.25,11,4,0,7,8,287,225,62,7,108,179,5.55574912891986,5.78666666666667,4.71774193548387,4.42857142857143,5.68055555555556,5.4804469273743,49
"46",2005,7,6.09375,8,6.39285714285714,4,NA,3.83333333333333,7.45,7,1,0,3,5,295,232,63,7,111,184,5.57033898305085,5.80495689655172,4.70634920634921,4.42857142857143,5.63063063063063,5.53396739130435,50
"47",2005,8,5.28571428571429,14,5.09090909090909,6,5,4.6,5.66666666666667,11,3,1,5,9,309,243,66,8,116,193,5.55744336569579,5.77263374485597,4.76515151515152,4.5,5.58620689655172,5.54015544041451,51
"48",2005,9,5.80769230769231,13,5.83333333333333,5.75,4,4.91666666666667,6.57142857142857,9,4,1,6,7,322,252,70,9,122,200,5.56754658385093,5.77480158730159,4.82142857142857,4.44444444444444,5.55327868852459,5.57625,52
"49",2005,10,4.8,15,4.9,4.6,3.5,4.6,4.9,10,5,2,5,10,337,262,75,11,127,210,5.53338278931751,5.74141221374046,4.80666666666667,4.27272727272727,5.51574803149606,5.54404761904762,53
"50",2005,11,5.56666666666667,15,5.95454545454545,4.5,NA,5.5,5.625,11,4,0,7,8,352,273,79,11,134,218,5.53480113636364,5.75,4.79113924050633,4.27272727272727,5.51492537313433,5.54701834862385,54
"51",2005,12,5.41875,16,5.51538461538462,5,NA,4.8,5.625,13,3,0,4,12,368,286,82,11,138,230,5.52975543478261,5.73933566433566,4.79878048780488,4.27272727272727,5.49420289855072,5.55108695652174,55
"52",2006,1,4.9625,20,5.1875,4.0625,NA,4.69444444444444,5.18181818181818,16,4,0,9,11,388,302,86,11,147,241,5.50051546391752,5.71009933774834,4.76453488372093,4.27272727272727,5.4452380952381,5.53423236514523,56
"53",2006,2,5.77777777777778,18,6.08333333333333,5.16666666666667,NA,6.09090909090909,5.28571428571429,12,6,0,11,7,406,314,92,11,158,248,5.5128078817734,5.72436305732484,4.79076086956522,4.27272727272727,5.49018987341772,5.52721774193548,57
"54",2006,3,5,14,5.16666666666667,4,4,5,5,12,2,1,2,12,420,326,94,12,160,260,5.49571428571429,5.70383435582822,4.77393617021277,4.25,5.4840625,5.50288461538462,58
"55",2006,4,5.05,8,5.56666666666667,3.5,NA,5.18,4.83333333333333,6,2,0,5,3,428,332,96,12,165,263,5.48738317757009,5.70135542168675,4.74739583333333,4.25,5.47484848484848,5.49524714828897,59
"56",2006,5,5.75,17,5.73333333333333,5.875,NA,5.39285714285714,6,15,2,0,7,10,445,347,98,12,172,273,5.49741573033708,5.70273775216138,4.77040816326531,4.25,5.47151162790698,5.51373626373626,60
"57",2006,6,6.2,10,6.625,4.5,NA,5.33333333333333,6.57142857142857,8,2,0,3,7,455,355,100,12,175,280,5.51285714285714,5.72352112676056,4.765,4.25,5.46914285714286,5.54017857142857,61
"58",2006,7,4.79545454545455,22,5.17857142857143,4.125,NA,5.42857142857143,4.5,14,8,0,7,15,477,369,108,12,182,295,5.47976939203354,5.70284552845529,4.71759259259259,4.25,5.46758241758242,5.48728813559322,62
"59",2006,8,5.46428571428571,14,5.53846153846154,4.5,4.5,5.4,5.5,13,1,1,5,9,491,382,109,13,187,304,5.47932790224033,5.69725130890052,4.71559633027523,4.26923076923077,5.46577540106952,5.48766447368421,63
"60",2006,9,5.76666666666667,15,5.68181818181818,6,4,8,5.60714285714286,11,4,1,1,14,506,393,113,14,188,318,5.48784584980237,5.69681933842239,4.76106194690266,4.25,5.47925531914894,5.49292452830189,64
"61",2006,10,5.6,15,6.08333333333333,3.66666666666667,NA,6.5,5.27272727272727,12,3,0,4,11,521,405,116,14,192,329,5.49107485604607,5.70827160493827,4.73275862068966,4.25,5.50052083333333,5.48556231003039,65
"62",2006,11,5.2,20,5.375,4.5,4,4.83333333333333,5.35714285714286,16,4,1,6,14,541,421,120,15,198,343,5.48031423290203,5.69560570071259,4.725,4.23333333333333,5.48030303030303,5.48032069970845,66
"63",2006,12,4.84285714285714,28,5.15909090909091,3.68333333333333,4,4.71,4.91666666666667,22,6,1,10,18,569,443,126,16,208,361,5.44894551845343,5.66896162528217,4.67539682539683,4.21875,5.44326923076923,5.45221606648199,67
"64",2007,1,5.91142857142857,35,6.18518518518519,4.9875,NA,6.15384615384615,5.76818181818182,27,8,0,13,22,604,470,134,16,221,383,5.47574503311258,5.6986170212766,4.69402985074627,4.21875,5.48506787330317,5.47036553524804,68
"65",2007,2,4.91,30,5.46315789473684,3.95454545454545,3.5,4.44444444444444,5.10952380952381,19,11,2,9,21,634,489,145,18,230,404,5.44897476340694,5.68946830265849,4.63793103448276,4.13888888888889,5.44434782608696,5.45160891089109,69
"66",2007,3,5.61,20,5.80833333333333,5.3125,5,5.96666666666667,5.31818181818182,12,8,1,9,11,654,501,153,19,239,415,5.45389908256881,5.69231536926148,4.67320261437909,4.18421052631579,5.46401673640167,5.44807228915663,70
"67",2007,4,6.16,25,6.40909090909091,4.33333333333333,NA,6.27777777777778,6.09375,22,3,0,9,16,679,523,156,19,248,431,5.47989690721649,5.72246653919694,4.66666666666667,4.18421052631579,5.49354838709677,5.47204176334107,71
"68",2007,5,5.60217391304348,23,5.85277777777778,4.7,5,5.45833333333333,5.65294117647059,18,5,1,6,17,702,541,161,20,254,448,5.48390313390313,5.7268022181146,4.66770186335404,4.225,5.49271653543307,5.47890625,72
"69",2007,6,5.46153846153846,26,5.73684210526316,4.71428571428571,5,5.6,5.375,19,7,1,10,16,728,560,168,21,264,464,5.48310439560439,5.72714285714286,4.66964285714286,4.26190476190476,5.4967803030303,5.47532327586207,73
"70",2007,7,5.482,25,5.86388888888889,4.5,5,5.4,5.5025,18,7,2,5,20,753,578,175,23,269,484,5.48306772908366,5.73140138408305,4.66285714285714,4.32608695652174,5.4949814126394,5.47644628099173,74
"71",2007,8,5.392,25,5.46666666666667,5.28,5,6.2,4.9375,15,10,2,9,16,778,593,185,25,278,500,5.48014138817481,5.72470489038786,4.69621621621622,4.38,5.51780575539568,5.4592,75
"72",2007,9,5.18518518518519,27,5.3,4.85714285714286,NA,5.58333333333333,4.86666666666667,20,7,0,12,15,805,613,192,25,290,515,5.47024844720497,5.71084828711256,4.70208333333334,4.38,5.52051724137931,5.44194174757282,76
"73",2007,10,5,19,5.46666666666667,3.25,NA,5.83333333333333,4.61538461538461,15,4,0,6,13,824,628,196,25,296,528,5.45940533980582,5.70501592356688,4.67244897959184,4.38,5.52685810810811,5.42159090909091,77
"74",2007,11,5.76315789473684,38,6.13461538461539,4.95833333333333,5.5,5.5,5.97619047619048,26,12,2,17,21,862,654,208,27,313,549,5.47279582366589,5.72209480122324,4.68894230769231,4.46296296296296,5.52539936102236,5.44280510018215,78
"75",2007,12,5.17758620689655,58,5.5547619047619,4.1875,NA,5.08181818181818,5.23611111111111,42,16,0,22,36,920,696,224,27,335,585,5.45418478260869,5.71199712643678,4.653125,4.46296296296296,5.49626865671642,5.43008547008547,79
"76",2008,1,5.55853658536585,41,5.8875,4.38888888888889,5.375,5.2,5.6741935483871,32,9,4,10,31,961,728,233,31,345,616,5.45863683662851,5.71971153846154,4.64291845493562,4.58064516129032,5.48768115942029,5.44237012987013,80
"77",2008,2,5.51470588235294,34,5.67391304347826,5.18181818181818,5,5.68181818181818,5.43478260869565,23,11,1,11,23,995,751,244,32,356,639,5.46055276381909,5.71830892143808,4.6672131147541,4.59375,5.4936797752809,5.44209702660407,81
"78",2008,3,5.31081081081081,37,5.68,4.54166666666667,NA,5.03846153846154,5.45833333333333,25,12,0,13,24,1032,776,256,32,369,663,5.45518410852713,5.71707474226804,4.661328125,4.59375,5.47764227642276,5.44268476621418,82
"79",2008,4,5.72115384615385,26,5.96052631578947,5.07142857142857,7,6,5.65476190476191,19,7,1,5,21,1058,795,263,33,374,684,5.4617202268431,5.72289308176101,4.67224334600761,4.66666666666667,5.4846256684492,5.44919590643275,83
"80",2008,5,5.5,29,5.8,4.83333333333333,4,5.65,5.42105263157895,20,9,1,10,19,1087,815,272,34,384,703,5.46274149034039,5.72478527607362,4.67757352941177,4.64705882352941,5.48893229166667,5.44843527738265,84
"81",2008,6,5.375,20,5.75,5,5,5.75,5.28125,10,10,1,4,16,1107,825,282,35,388,719,5.46115627822945,5.72509090909091,4.68900709219858,4.65714285714286,5.49162371134021,5.44471488178025,85
"82",2008,7,4.87894736842105,19,5.49166666666667,3.82857142857143,3,4.45555555555556,5.26,12,7,2,9,10,1126,837,289,37,397,729,5.45133214920071,5.72174432497013,4.6681660899654,4.56756756756757,5.46813602015113,5.44218106995885,86
"83",2008,8,5.45,24,5.8125,4.725,4.2,5.97777777777778,5.13333333333333,16,8,4,9,15,1150,853,297,41,406,744,5.45130434782609,5.72344665885111,4.66969696969697,4.53170731707317,5.47943349753695,5.43595430107527,87
"84",2008,9,4.625,20,5.29166666666667,3.625,3.33333333333333,4.5,4.70833333333333,12,8,3,8,12,1170,865,305,44,414,756,5.43717948717949,5.71745664739884,4.64229508196722,4.45,5.46050724637681,5.42440476190477,88
"85",2008,10,5.40151515151515,33,5.60227272727273,5,4.75,5.67307692307692,5.225,22,11,4,13,20,1203,887,316,48,427,776,5.43620116375727,5.71459977452086,4.65474683544304,4.475,5.46697892271663,5.41926546391753,89
"86",2008,11,5.78333333333333,24,6.34666666666667,4.84444444444444,4.5,6.14444444444444,5.56666666666667,15,9,5,9,15,1227,902,325,53,436,791,5.44299103504482,5.72511086474501,4.66,4.47735849056604,5.48096330275229,5.42206068268015,90
"87",2008,12,5.15263157894737,38,5.44545454545455,4.75,4.33333333333333,5.88,4.89285714285714,22,16,6,10,28,1265,924,341,59,446,819,5.43426877470356,5.71845238095238,4.66422287390029,4.46271186440678,5.48991031390134,5.40396825396826,91
"88",2009,1,5.12340425531915,47,5.23055555555556,4.77272727272727,3.91666666666667,4.71428571428571,5.2969696969697,36,11,6,14,33,1312,960,352,65,460,852,5.42313262195122,5.70015625,4.66761363636364,4.41230769230769,5.46630434782609,5.39982394366197,92
"89",2009,2,5.53081081081081,37,5.76206896551724,4.6925,4.16666666666667,5.875,5.3656,29,8,3,12,25,1349,989,360,68,472,877,5.42608598962194,5.70197168857432,4.66816666666667,4.40147058823529,5.47669491525424,5.39884834663626,93
"90",2009,3,5.86875,32,6.2,5.31666666666667,4.95,6.05,5.78636363636364,20,12,4,10,22,1381,1009,372,72,482,899,5.43634322954381,5.71184340931615,4.68908602150538,4.43194444444444,5.48858921161826,5.40833147942158,94
"91",2009,4,5.43870967741935,31,5.76521739130435,4.5,4.5,5.23636363636364,5.55,23,8,2,11,20,1412,1032,380,74,493,919,5.43639518413598,5.71303294573643,4.68510526315789,4.43378378378378,5.48296146044625,5.41141458106638,95
"92",2009,5,5.45652173913043,23,5.60714285714286,5.22222222222222,4.33333333333333,5.3125,5.53333333333333,14,9,3,8,15,1435,1046,389,77,501,934,5.43671777003484,5.71161567877629,4.69753213367609,4.42987012987013,5.48023952095808,5.41337259100643,96
"93",2009,6,5.5,28,5.86842105263158,4.72222222222222,4.75,4.5,5.77272727272727,19,9,4,6,22,1463,1065,398,81,507,956,5.43792891319207,5.71441314553991,4.69809045226131,4.44567901234568,5.46863905325444,5.42164225941423,97
"94",2009,7,5.4375,32,5.73684210526316,5,5,5.125,5.54166666666667,19,13,3,8,24,1495,1084,411,84,515,980,5.43791973244147,5.71480627306273,4.7076399026764,4.46547619047619,5.46330097087379,5.42458163265306,98
"95",2009,8,5.78620689655172,29,5.93333333333333,5.54545454545455,5.8,6.39090909090909,5.41666666666667,18,11,1,11,18,1524,1102,422,85,526,998,5.44454724409449,5.71837568058076,4.72947867298578,4.48117647058823,5.48269961977186,5.42443887775551,99
"96",2009,9,5.515625,32,5.58,5.28571428571429,3,5.4375,5.54166666666667,25,7,2,8,24,1556,1127,429,87,534,1022,5.44600899742931,5.71530612244898,4.73855477855478,4.44712643678161,5.48202247191011,5.42719178082192,100
"97",2009,10,5.58461538461538,26,6.16666666666667,4.79090909090909,4.33333333333333,6.14285714285714,5.37894736842105,15,11,3,7,19,1582,1142,440,90,541,1041,5.44828697850822,5.72123467600701,4.73986363636363,4.44333333333333,5.490573012939,5.42631123919309,101
"98",2009,11,5.62068965517241,29,5.89473684210526,5.1,3.83333333333333,4.83333333333333,5.975,19,10,3,9,20,1611,1161,450,93,550,1061,5.45139044072005,5.72407407407407,4.74786666666666,4.42365591397849,5.47981818181818,5.43665409990575,102
"99",2009,12,5.1625,40,5.58333333333333,4.53125,4.2,5.125,5.171875,24,16,5,8,32,1651,1185,466,98,558,1093,5.44439127801333,5.72122362869198,4.74042918454935,4.41224489795918,5.4747311827957,5.42890210430009,103
"100",2010,1,5.79125,40,5.98939393939394,4.85714285714286,5,5.2,5.87571428571429,33,7,1,5,35,1691,1218,473,99,563,1128,5.45259609698403,5.72848932676519,4.74215644820296,4.41818181818182,5.47229129662522,5.44276595744681,104
"101",2010,2,5.48666666666667,15,6.14444444444444,4.5,4,5.5,5.48333333333333,9,6,1,3,12,1706,1227,479,100,566,1140,5.45289566236811,5.73154034229829,4.73912317327766,4.414,5.47243816254417,5.44319298245614,105
"102",2010,3,5.38095238095238,21,5.35,6,NA,4.5,5.52777777777778,20,1,0,3,18,1727,1247,480,100,569,1158,5.45202084539664,5.72542101042502,4.74175,4.414,5.46731107205624,5.44450777202073,106
"103",2010,4,5.1,17,5.55833333333333,4,7,5.5,4.93333333333333,12,5,1,5,12,1744,1259,485,101,574,1170,5.44858944954129,5.72382843526608,4.7341030927835,4.43960396039604,5.46759581881533,5.43926495726496,107
"104",2010,5,5.23809523809524,21,5.76666666666667,3.91666666666667,4,3.875,5.55882352941176,15,6,2,4,17,1765,1274,491,103,578,1187,5.44608498583569,5.7243328100471,4.72411405295315,4.43106796116505,5.45657439446367,5.44097725358046,108
"105",2010,6,5.57777777777778,27,6.02105263157895,4.525,3.5,4.6125,5.98421052631579,19,8,2,8,19,1792,1293,499,105,586,1206,5.44806919642857,5.72869296210363,4.72092184368737,4.41333333333333,5.44505119453925,5.44953565505805,109
"106",2010,7,5.77777777777778,18,5.35714285714286,7.25,NA,4.33333333333333,6.06666666666667,14,4,0,3,15,1810,1307,503,105,589,1221,5.45134806629834,5.72471308339709,4.7410337972167,4.41333333333333,5.43938879456706,5.45711711711712,110
"107",2010,8,5.56421052631579,19,5.81111111111111,5.342,5.355,5.66666666666667,5.545,9,10,4,3,16,1829,1316,513,109,592,1237,5.45252050300711,5.72530395136778,4.75274853801169,4.44788990825688,5.44054054054054,5.45825383993533,111
"108",2010,9,5.40909090909091,22,5.52631578947368,4.66666666666667,NA,6,5.27777777777778,19,3,0,4,18,1851,1335,516,109,596,1255,5.45200432198812,5.72247191011236,4.7522480620155,4.44788990825688,5.44429530201342,5.45566533864542,112
"109",2010,10,5.23333333333333,18,5.47857142857143,4.375,4.16666666666667,5.9,4.97692307692308,14,4,3,5,13,1869,1349,520,112,601,1268,5.44989834135902,5.71994069681245,4.74934615384615,4.44035714285714,5.44808652246256,5.4507570977918,113
"110",2010,11,5.67004347826087,23,5.8274,5.375,7,5.8,5.63394444444444,15,8,1,5,18,1892,1364,528,113,606,1286,5.4525745243129,5.7211224340176,4.75882575757576,4.46300884955752,5.4509900990099,5.45332115085537,114
"111",2010,12,4.86,25,5.44117647058824,3.625,NA,4,4.97727272727273,17,8,0,3,22,1917,1381,536,113,609,1308,5.44484663536776,5.71767632150616,4.74190298507463,4.46300884955752,5.44384236453202,5.44531422018349,115
"112",2011,1,5.69354838709677,31,6.02083333333333,4.57142857142857,5,5.21428571428571,5.83333333333333,24,7,1,7,24,1948,1405,543,114,616,1332,5.4488044147844,5.72285480427046,4.73970534069981,4.46771929824561,5.44123376623376,5.45230555555556,116
"113",2011,2,5.35185185185185,27,6.26923076923077,4.5,4.66666666666667,6,5.27083333333333,13,14,3,3,24,1975,1418,557,117,619,1356,5.44747898734177,5.72786389280677,4.73368043087971,4.47282051282051,5.44394184168013,5.44909365781711,117
"114",2011,3,5.64027777777778,36,5.85625,5.20833333333333,6,5.855,5.55769230769231,24,12,1,10,26,2011,1442,569,118,629,1382,5.45093038289408,5.73000069348128,4.743690685413,4.48576271186441,5.45047694753577,5.45113675832128,118
"115",2011,4,5.23703703703704,27,5.1875,5.30909090909091,4.375,4.78571428571429,5.395,16,11,4,7,20,2038,1458,580,122,636,1402,5.44809666339549,5.72404732510288,4.75441379310345,4.48213114754098,5.44316037735849,5.45033594864479,119
"116",2011,5,5.64192307692308,26,5.98176470588235,5,4.9,6,5.55666666666667,17,9,5,5,21,2064,1475,589,127,641,1423,5.4505382751938,5.72701762711864,4.75816638370119,4.49858267716535,5.44750390015601,5.45190513000703,120
"117",2011,6,5.52083333333333,24,5.52941176470588,5.5,4.66666666666667,5.4,5.55263157894737,17,7,3,5,19,2088,1492,596,130,646,1442,5.45134626436782,5.72476608579089,4.76687919463087,4.50246153846154,5.44713622291022,5.45323231622746,121
"118",2011,7,5.421875,16,6.025,4.41666666666667,3.875,5.66666666666667,5.36538461538461,10,6,4,3,13,2104,1502,602,134,649,1455,5.45112214828897,5.72676498002663,4.76338870431894,4.48373134328358,5.44815100154083,5.45244742268041,122
"119",2011,8,5.71428571428571,28,5.68421052631579,5.77777777777778,5,5.14285714285714,5.90476190476191,19,9,2,7,21,2132,1521,611,136,656,1476,5.45457833020638,5.72623339907955,4.77833060556465,4.49132352941176,5.44489329268293,5.45888279132791,123
"120",2011,9,5.80555555555556,18,5.78571428571429,5.875,6,5.83333333333333,5.8,14,4,1,3,15,2150,1535,615,137,659,1491,5.45751674418605,5.72677589576547,4.78546341463414,4.50233576642336,5.44666160849772,5.46231455399061,124
"121",2011,10,5.5,22,6.25,3.5,5,6.16666666666667,5.25,16,6,1,6,16,2172,1551,621,138,665,1507,5.457947053407,5.73217343649259,4.77304347826087,4.50594202898551,5.45315789473684,5.46006038487061,125
"122",2011,11,5.68333333333333,30,5.87272727272727,5.1625,4,5.7125,5.67272727272727,22,8,1,8,22,2202,1573,629,139,673,1529,5.46101771117166,5.73413922441195,4.77799682034976,4.50230215827338,5.45624071322437,5.46312034009156,126
"123",2011,12,4.75925925925926,27,5.46428571428571,4,4.25,4,4.89130434782609,14,13,4,4,23,2229,1587,642,143,677,1552,5.45251727231943,5.73175866414619,4.7622429906542,4.49524475524476,5.44763663220089,5.4546462628866,127
"124",2012,1,5.04642857142857,28,5.53333333333333,4.48461538461538,4.66666666666667,5,5.05652173913044,15,13,6,5,23,2257,1602,655,149,682,1575,5.44747939743022,5.72990074906367,4.75673282442748,4.50214765100671,5.44435483870968,5.44883238095238,128
"125",2012,2,5.328125,32,5.73913043478261,4.27777777777778,5,5.61111111111111,5.21739130434783,23,9,2,9,23,2289,1625,664,151,691,1598,5.44581083442551,5.73003138461539,4.75024096385542,4.5087417218543,5.44652677279305,5.44550125156446,129
"126",2012,3,4.99038461538461,26,5.27631578947368,4.21428571428571,5,5.5,4.86904761904762,19,7,1,5,21,2315,1644,671,152,696,1619,5.44069589632829,5.72478771289538,4.74464977645305,4.51197368421053,5.44691091954023,5.43802408894379,130
"127",2012,4,5.7,25,5.82352941176471,5.4375,5,5.66666666666667,5.70454545454545,17,8,1,3,22,2340,1661,679,153,699,1641,5.44346623931624,5.72579831426851,4.75281296023564,4.51516339869281,5.44785407725322,5.4415971968312,131
"128",2012,5,4.7741935483871,31,5.26315789473684,4,4.8,5.2,4.69230769230769,19,12,5,5,26,2371,1680,691,158,704,1667,5.43471573175875,5.72056607142857,4.73973950795948,4.52417721518987,5.44609375,5.42991061787643,132
"129",2012,6,5.29666666666667,30,5.42222222222222,4.16666666666667,5,5.19,5.35,27,3,1,10,20,2401,1707,694,159,714,1687,5.43299083715119,5.71584710017575,4.73726224783861,4.52716981132075,5.44250700280112,5.42896324836989,133
"130",2012,7,6.39157894736842,19,6.78571428571429,5.288,4,4.91666666666667,7.07230769230769,14,5,1,6,13,2420,1721,699,160,720,1700,5.44051694214876,5.72455026147589,4.7412017167382,4.523875,5.438125,5.44153,134
"131",2012,8,6.04761904761905,21,6.30769230769231,5.625,6,6.4,5.9375,13,8,1,5,16,2441,1734,707,161,725,1716,5.44573986071282,5.72892214532872,4.75120226308345,4.53304347826087,5.44475862068966,5.44615442890443,135
"132",2012,9,5.41428571428571,21,5.51176470588235,5,NA,6.05,5.26470588235294,17,4,0,4,17,2462,1751,711,161,729,1733,5.44547156783103,5.7268138206739,4.75260196905766,4.53304347826087,5.44807956104252,5.44437449509521,136
"133",2012,10,5.375,28,5.58333333333333,4.125,3.5,5.14285714285714,5.45238095238095,24,4,2,7,21,2490,1775,715,163,736,1754,5.44467911646586,5.7248738028169,4.74909090909091,4.52036809815951,5.44517663043478,5.44447035347777,137
"134",2012,11,5.06730769230769,26,6.11538461538461,4.01923076923077,4.2,5.94444444444444,4.60294117647059,13,13,5,9,17,2516,1788,728,168,745,1771,5.44077941176471,5.72771308724832,4.73605769230769,4.51083333333333,5.45120805369128,5.4363924336533,138
"135",2012,12,5.36153846153846,26,5.47,5,6,5.16666666666667,5.42,20,6,2,6,20,2542,1808,734,170,751,1791,5.43996892210858,5.72486227876106,4.73821525885558,4.52835294117647,5.44893475366178,5.43620938023451,139
"136",2013,1,5.31111111111111,45,5.53571428571429,4.94117647058824,3.75,6,5.11428571428571,28,17,6,10,35,2587,1836,751,176,761,1826,5.4377274835717,5.72197766884532,4.74280958721704,4.50181818181818,5.45617608409987,5.43003888280394,140
"137",2013,2,5.85185185185185,27,5.82608695652174,6,7,5.5,6,23,4,1,8,19,2614,1859,755,177,769,1845,5.44200497322112,5.72326573426573,4.74947019867549,4.51593220338983,5.45663198959688,5.43590840108401,141
"138",2013,3,5.70967741935484,31,5.8,5.54545454545455,5.33333333333333,5.125,5.91304347826087,20,11,3,8,23,2645,1879,766,180,777,1868,5.44514215500945,5.72408249068654,4.76090078328981,4.52955555555555,5.4532175032175,5.44178319057816,142
"139",2013,4,4.89130434782609,23,4.88235294117647,4.91666666666667,6,1,5.06818181818182,17,6,2,1,22,2668,1896,772,182,778,1890,5.44036769115442,5.71653533755274,4.76211139896373,4.54571428571428,5.44749357326478,5.43743439153439,143
"140",2013,5,5.95555555555556,18,6.11428571428571,5.4,NA,6.52,5.73846153846154,14,4,0,5,13,2686,1910,776,182,783,1903,5.44382017870439,5.71945078534031,4.76539948453608,4.54571428571428,5.45434227330779,5.43949080399369,144
"141",2013,6,6.125,14,6.575,5,4,6.04166666666667,6.1875,10,4,1,6,8,2700,1920,780,183,789,1911,5.44735222222222,5.72390677083333,4.76660256410256,4.54273224043716,5.45880861850444,5.44262218733647,145
"142",2013,7,5.27777777777778,18,5.36666666666667,4.83333333333333,5.5,4.83333333333333,5.36666666666667,15,3,1,3,15,2718,1935,783,184,792,1926,5.44622921265636,5.72113746770026,4.76685823754789,4.54793478260869,5.4564393939394,5.44203063343718,146
"143",2013,8,5.14285714285714,28,5.35714285714286,4.5,3.33333333333333,4.25,5.38636363636364,21,7,3,6,22,2746,1956,790,187,798,1948,5.44313583394028,5.71722955010225,4.76449367088607,4.52844919786096,5.44736842105263,5.44140195071869,147
"144",2013,9,5.77777777777778,27,6.04761904761905,4.83333333333333,6,6.4,5.63636363636364,21,6,2,5,22,2773,1977,796,189,803,1970,5.44639415795168,5.72073899848255,4.76501256281407,4.54402116402116,5.453300124533,5.44357918781726,148
"145",2013,10,5.18260869565217,23,5.42352941176471,4.5,3,4.75,5.41333333333333,17,6,2,8,15,2796,1994,802,191,811,1985,5.44422424892704,5.71820511534604,4.76302992518703,4.52785340314136,5.44636251541307,5.44335062972292,149
"146",2013,11,4.95,25,5.43333333333333,4.225,3.5,5.33333333333333,4.89772727272727,15,10,2,3,22,2821,2009,812,193,814,2007,5.43984438142503,5.7160781483325,4.7564039408867,4.51720207253886,5.44594594594595,5.4373697060289,150
"147",2013,12,5.03911764705882,34,5.26375,4.5,4.33333333333333,5.90428571428571,4.81481481481481,24,10,6,7,27,2855,2033,822,199,821,2034,5.43507215411559,5.71073831775701,4.75328467153284,4.51165829145728,5.44985383678441,5.42910570304818,151
"148",2014,1,5.55714285714286,35,5.62,5.4,5,5.33333333333333,5.63461538461539,25,10,4,9,26,2890,2058,832,203,830,2060,5.43655051903114,5.70963605442177,4.76105769230769,4.52128078817734,5.44859036144578,5.43169951456311,152
"149",2014,2,5.325,34,5.60263157894737,4.97333333333333,5,6.35714285714286,5.05740740740741,19,15,3,7,27,2924,2077,847,206,837,2087,5.43525341997264,5.70865719788156,4.76481700118063,4.52825242718446,5.45618876941458,5.4268572113081,153
"150",2014,3,5.675,20,5.5,6,5.3,5.85714285714286,5.57692307692308,13,7,5,7,13,2944,2090,854,211,844,2100,5.43688213315217,5.70735933014354,4.77494145199063,4.54654028436019,5.45951421800948,5.42778619047619,154
"151",2014,4,5.92592592592593,27,6.23684210526316,5.1875,5.83333333333333,5.875,5.94736842105263,19,8,3,8,19,2971,2109,862,214,852,2119,5.44132648939751,5.71212944523471,4.77877030162413,4.56457943925234,5.46341549295775,5.43244502123643,155
"152",2014,5,5.39285714285714,14,5.77272727272727,4,5,4,5.5,11,3,2,1,13,2985,2120,865,216,853,2132,5.44109916247906,5.71244386792453,4.77606936416185,4.56861111111111,5.46169988276671,5.43285694183865,156
"153",2014,6,5.6304347826087,23,5.86842105263158,4.5,4,6.875,5.36842105263158,19,4,1,4,19,3008,2139,869,217,857,2151,5.442546875,5.71382935951379,4.77479861910241,4.56599078341014,5.46829638273046,5.43228777312878,157
"154",2014,7,6,24,6.36666666666667,5.38888888888889,5,6.66666666666667,5.90476190476191,15,9,2,3,21,3032,2154,878,219,860,2172,5.44695943271768,5.71837558031569,4.78109339407745,4.56995433789954,5.47247674418605,5.436855893186,158
"155",2014,8,5.45,22,5.80625,4.5,5,3.5,5.645,16,6,2,2,20,3054,2170,884,221,862,2192,5.44698133595285,5.71902350230415,4.77918552036199,4.57384615384615,5.46790023201856,5.43875501824817,159
"156",2014,9,4.69444444444444,18,5.36363636363636,3.64285714285714,2.33333333333333,6,4.61764705882353,11,7,3,1,17,3072,2181,891,224,863,2209,5.44257194010417,5.7172310866575,4.7702581369248,4.54383928571428,5.468516801854,5.432435943866,160
"157",2014,10,5.07142857142857,28,5.26470588235294,4.77272727272727,5,5.85714285714286,4.80952380952381,17,11,3,7,21,3100,2198,902,227,870,2230,5.43921967741936,5.71373111919927,4.77028824833703,4.54986784140969,5.47164367816092,5.42656995515695,161
"158",2014,11,5.53965517241379,29,5.8575,4.83333333333333,NA,5.25,5.61521739130435,20,9,0,6,23,3129,2218,911,227,876,2253,5.44015052732503,5.71502750225428,4.77091108671789,4.54986784140969,5.47012557077626,5.42849578339991,162
"159",2014,12,5.3027027027027,37,5.45925925925926,4.88,4,6.05,5.15806451612903,27,10,3,6,31,3166,2245,921,230,882,2284,5.43854421983576,5.71195144766147,4.77209554831704,4.54269565217391,5.47407029478458,5.42482530647986,163
"160",2015,1,4.90909090909091,44,5.1969696969697,4.04545454545455,4.33333333333333,4.85714285714286,4.91891891891892,33,11,3,7,37,3210,2278,932,233,889,2321,5.43128691588785,5.70449122036875,4.76351931330472,4.54,5.4692125984252,5.41676044808272,164
"161",2015,2,5.921875,32,6.11538461538461,5.08333333333333,5,5,6.09259259259259,26,6,2,5,27,3242,2304,938,235,894,2348,5.43612924120913,5.70912803819445,4.76556503198294,4.54391489361702,5.46658836689038,5.42453194207836,165
"162",2015,3,4.92222222222222,36,5.27692307692308,4,3,5.83333333333333,4.83939393939394,26,10,2,3,33,3278,2330,948,237,897,2381,5.43048535692496,5.70430515021459,4.75748945147679,4.53088607594937,5.4678149386845,5.41642209155817,166
"163",2015,4,5.56037037037037,27,5.9815,4.35714285714286,4,6.66666666666667,5.24428571428571,20,7,1,6,21,3305,2350,955,238,903,2402,5.43154644478064,5.70666425531915,4.75455497382199,4.52865546218487,5.47578073089701,5.41491715237302,167
"164",2015,5,6.33684210526316,19,6.67142857142857,5.4,6.125,7.75,5.96,14,5,4,4,15,3324,2364,960,242,907,2417,5.43672111913358,5.71237774957699,4.75791666666666,4.55504132231405,5.48581036383683,5.4182999586264,168
"165",2015,6,4.40625,16,4.22222222222222,4.64285714285714,3.5,4.4,4.40909090909091,9,7,2,5,11,3340,2373,967,244,912,2428,5.43178473053893,5.70672608512432,4.75708376421923,4.54639344262295,5.47985745614035,5.41372775947282,169
"166",2015,7,5.796875,32,5.97727272727273,5.4,4,5.2,5.90740740740741,22,10,1,5,27,3372,2395,977,245,917,2455,5.43524940688019,5.70921127348643,4.76366427840327,4.54416326530612,5.47833151581243,5.41915723014256,170
"167",2015,8,5.33611111111111,36,5.86923076923077,3.95,3.125,4.25,5.471875,26,10,4,4,32,3408,2421,987,249,921,2487,5.43420217136151,5.7109297810822,4.75542046605876,4.52136546184739,5.47299674267101,5.41983554483313,171
"168",2015,9,4.98571428571429,28,5.385,3.9875,4.46666666666667,4.5875,5.145,20,8,3,8,20,3436,2441,995,252,929,2507,5.43054743888242,5.70825931995084,4.74924623115578,4.52071428571429,5.46537136706136,5.41764299960112,172
"169",2015,10,5.66666666666667,15,6,4.33333333333333,NA,4,6.08333333333333,12,3,0,3,12,3451,2453,998,252,932,2519,5.43157374674008,5.70968650631879,4.74799599198397,4.52071428571429,5.46065450643777,5.42081421198888,173
"170",2015,11,5.48214285714286,28,5.66666666666667,4.375,2,5.6,5.45652173913043,24,4,1,5,23,3479,2477,1002,253,937,2542,5.43198074159241,5.70926968106581,4.74650698602794,4.51075098814229,5.46139807897545,5.42113729346971,174
"171",2015,12,5.63636363636364,33,5.97727272727273,4.95454545454545,3.5,5.66666666666667,5.625,22,11,2,9,24,3512,2499,1013,255,946,2566,5.43390119589977,5.71162905162065,4.748766041461,4.50282352941176,5.46335095137421,5.42304403741231,175
"172",2016,1,5.56702127659574,47,5.84264705882353,4.84615384615385,5,5.57142857142857,5.56625,34,13,2,7,40,3559,2533,1026,257,953,2606,5.43565917392526,5.71338768258982,4.75,4.50669260700389,5.46414480587618,5.42524213353799,176
"173",2016,2,4.82142857142857,28,5.25,3.75,4,4.6,4.94444444444444,20,8,2,10,18,3587,2553,1034,259,963,2624,5.43086451073321,5.70975754014885,4.74226305609284,4.50277992277992,5.45517133956386,5.42194397865853,177
"174",2016,3,5.26071428571429,28,5.83157894736842,4.05555555555556,4,5,5.30416666666667,19,9,2,4,24,3615,2572,1043,261,967,2648,5.42954661134163,5.71065746500778,4.73633748801534,4.49892720306513,5.45328852119959,5.42087651057402,178
"175",2016,4,5.03233333333333,30,5.31125,3.91666666666667,3.5,4.8,5.0788,24,6,1,5,25,3645,2596,1049,262,972,2673,5.42627736625515,5.70696494607088,4.73164918970448,4.49511450381679,5.4499279835391,5.41767714178825,179
"176",2016,5,5.89708333333333,24,6.46058823529412,4.52857142857143,6,6.66666666666667,5.64055555555556,17,7,1,6,18,3669,2613,1056,263,978,2691,5.42935704551649,5.71186796785304,4.73030303030303,4.50083650190114,5.45739263803681,5.4191679672984,180
"177",2016,6,5.11379310344828,29,5.52777777777778,4.43636363636364,5,5.5,5.08518518518519,18,11,2,2,27,3698,2631,1067,265,980,2718,5.42688236884803,5.71060851387305,4.72727272727272,4.5046037735849,5.45747959183674,5.41585025754231,181
"178",2016,7,5.15263157894737,38,5.55909090909091,4.59375,5,5.5,4.99230769230769,22,16,5,12,26,3736,2653,1083,270,992,2744,5.42409288008565,5.70935205427818,4.7253000923361,4.51377777777778,5.4579939516129,5.41183709912536,182
"179",2016,8,5.09615384615385,26,5.475,3.83333333333333,3,5,5.10869565217391,20,6,1,3,23,3762,2673,1089,271,995,2767,5.4218264221159,5.70759857837636,4.72038567493113,4.50819188191882,5.45661306532663,5.40931731116733,183
"180",2016,9,5.67407407407407,27,6.0125,5.18181818181818,6.5,6,5.63333333333333,16,11,3,3,24,3789,2689,1100,274,998,2791,5.42362391132225,5.7094127928598,4.725,4.53,5.45824649298597,5.4112436402723,184
"181",2016,10,5.74004,25,5.73535294117647,5.75,6,5.8,5.72505,17,8,3,5,20,3814,2706,1108,277,1003,2811,5.42569795490299,5.70957575757576,4.73240072202166,4.54592057761733,5.45995014955135,5.41347634293846,185
"182",2016,11,5.49285714285714,28,5.712,3.66666666666667,NA,6,5.38260869565217,25,3,0,5,23,3842,2731,1111,277,1008,2834,5.42618740239459,5.70959794946906,4.72952295229523,4.54592057761733,5.46262896825397,5.41322582921665,186
"183",2016,12,4.98,30,5.71176470588235,4.02307692307692,3.75,5.0125,4.96818181818182,17,13,4,8,22,3872,2748,1124,281,1016,2856,5.42273037190083,5.70961135371179,4.72135231316726,4.53459074733096,5.45908464566929,5.40979761904762,187
"184",2017,1,5.61346153846154,52,5.84545454545455,5.21052631578947,4.4,5.90909090909091,5.53414634146341,33,19,5,11,41,3924,2781,1143,286,1027,2897,5.42525790010194,5.71122330097087,4.72948381452318,4.53223776223776,5.46390457643622,5.41155747324819,188
"185",2017,2,5.85,24,6.42666666666667,4.88888888888889,4.5,5.66666666666667,5.91111111111111,15,9,2,6,18,3948,2796,1152,288,1033,2915,5.42783991894631,5.71506151645208,4.73072916666666,4.53201388888889,5.46508228460794,5.41464219554031,189
"186",2017,3,5.51,25,5.859375,4.88888888888889,4,4,5.64130434782609,16,9,1,2,23,3973,2812,1161,289,1035,2938,5.42835690913668,5.7158826458037,4.73195521102498,4.53017301038062,5.46225120772947,5.41641660993873,190
"187",2017,4,5.83333333333333,27,5.92631578947368,5.6125,4.725,5.5,5.89130434782609,19,8,4,4,23,4000,2831,1169,293,1039,2961,5.4310905,5.71729494878135,4.73798118049615,4.53283276450512,5.46239653512993,5.4201053698075,191
"188",2017,5,5.31538461538462,26,5.55454545454545,4,4,4.94,5.40476190476191,22,4,1,5,21,4026,2853,1173,294,1044,2982,5.43034326875311,5.71603995793901,4.73546462063086,4.53102040816326,5.45989463601533,5.41999731723675,192
"189",2017,6,5.54411764705882,34,5.30357142857143,6.66666666666667,5.83333333333333,6.75,5.38333333333333,28,6,3,4,30,4060,2881,1179,297,1048,3012,5.4312960591133,5.71203123915307,4.74529262086514,4.54417508417508,5.46481870229008,5.41963213811421,193
"190",2017,7,5.91304347826087,23,6.22222222222222,4.8,NA,6,5.9,18,5,0,3,20,4083,2899,1184,297,1051,3032,5.4340097967181,5.71519903414971,4.74552364864865,4.54417508417508,5.46634633682207,5.42280079155673,194
"191",2017,8,5.35641025641026,39,5.56666666666667,4.65555555555556,4.5,4.78571428571429,5.48125,30,9,2,7,32,4122,2929,1193,299,1058,3064,5.43327559437167,5.71367770570161,4.74484492875105,4.54387959866221,5.46184310018904,5.42341122715405,195
"192",2017,9,5.524,25,5.82941176470588,4.875,5,5.275,5.57142857142857,17,8,1,4,21,4147,2946,1201,300,1062,3085,5.43382252230528,5.7143455532926,4.74571190674438,4.5454,5.46113935969868,5.4244188006483,196
"193",2017,10,5.79166666666667,24,6.30769230769231,5.18181818181818,5.25,7,5.38888888888889,13,11,4,6,18,4171,2959,1212,304,1068,3103,5.4358815631743,5.71695234876648,4.7496699669967,4.55467105263158,5.46978464419476,5.42421269738962,197
"194",2017,11,5.42796551724138,29,5.52272727272727,5.13014285714286,NA,4.96,5.52545833333333,22,7,0,5,24,4200,2981,1219,304,1073,3127,5.43582690476191,5.71551895337135,4.75185479901559,4.55467105263158,5.4674091332712,5.42498976654941,198
"195",2017,12,5.27176470588235,34,5.86842105263158,4.516,4.25,5.86666666666667,5.2141935483871,19,15,4,3,31,4234,3000,1234,308,1076,3158,5.43450944733113,5.71648733333333,4.74898784440843,4.55071428571429,5.46852230483272,5.42292051931602,199
"196",2018,1,5.67156862745098,51,5.96710526315789,4.80769230769231,5,6.75,5.5,38,13,2,7,44,4285,3038,1247,310,1083,3202,5.43733092182031,5.71962211981567,4.74959983961508,4.55361290322581,5.47680517082179,5.42397970018738,200
"197",2018,2,5.46774193548387,31,5.79166666666667,4.35714285714286,4.9,6,5.3125,24,7,5,7,24,4316,3062,1254,315,1090,3226,5.43754935125116,5.72018680600915,4.74740909090909,4.55911111111111,5.48016513761468,5.42315034097954,201
"198",2018,3,5.57727272727273,22,5.91333333333333,4.85714285714286,4.66666666666667,4.6,5.86470588235294,15,7,3,5,17,4338,3077,1261,318,1095,3243,5.43825795297372,5.72112837179071,4.74801823949247,4.56012578616352,5.47614611872146,5.42546500154178,202
"199",2018,4,5.40909090909091,33,5.74,4.375,4.33333333333333,6.5,5.25862068965517,25,8,3,4,29,4371,3102,1269,321,1099,3272,5.43803774879891,5.72128046421664,4.74566666666667,4.5580062305296,5.47987261146497,5.42398624694377,203
"200",2018,5,4.98,35,5.54545454545455,4.02307692307692,4.125,4.05,5.17241379310345,22,13,4,6,29,4406,3124,1282,325,1105,3301,5.43439922832501,5.72004225352113,4.73833931357254,4.55267692307692,5.47210859728507,5.42177612844593,204
"201",2018,6,5.7688,25,6.12333333333333,4.85714285714286,5,5.53666666666667,5.84210526315789,18,7,2,6,19,4431,3142,1289,327,1111,3320,5.43628593996841,5.72235264162954,4.7389844840962,4.5554128440367,5.47245724572458,5.42418162650602,205
"202",2018,7,5.25,20,5.53846153846154,4.71428571428571,5.5,6,5.21052631578947,13,7,2,1,19,4451,3155,1296,329,1112,3339,5.43544888789036,5.72159492868463,4.73885108024691,4.56115501519757,5.47293165467626,5.42296585804133,206
"203",2018,8,5.546875,32,5.65909090909091,5.3,6.5,5.5625,5.54166666666667,22,10,2,8,24,4483,3177,1306,331,1120,3363,5.43624425607852,5.72116210261253,4.74314777947933,4.57287009063444,5.47357142857143,5.42381296461493,207
"204",2018,9,5.54545454545455,22,5.78947368421053,4,NA,4.25,5.83333333333333,19,3,0,4,18,4505,3196,1309,331,1124,3381,5.43677758046615,5.72156821026283,4.74144461420932,4.57287009063444,5.46921708185054,5.42599319727891,208
"205",2018,10,5.37666666666667,30,5.84347826086957,3.84285714285714,5,6.15,5.18333333333333,23,7,1,6,24,4535,3219,1316,332,1130,3405,5.43637993384785,5.72243926685306,4.73666489361702,4.57415662650602,5.47283185840708,5.42428281938326,209
"206",2018,11,5.59210526315789,38,5.83333333333333,5.29411764705882,3.33333333333333,6.66666666666667,5.5,21,17,3,3,35,4573,3240,1333,335,1133,3440,5.43767395582769,5.72315802469136,4.74377419354839,4.5630447761194,5.47599293909974,5.42505319767442,210
"207",2018,12,5.7,36,5.99642857142857,4.6625,5.4,6.54444444444444,5.41851851851852,28,8,2,9,27,4609,3268,1341,337,1142,3467,5.43972293339119,5.7254993880049,4.74328933631618,4.5680118694362,5.48441330998249,5.42500230747044,211
"208",2019,1,5.52736842105263,57,5.75421052631579,5.07368421052632,6,5.895,5.46734693877551,38,19,3,8,49,4666,3306,1360,340,1150,3516,5.44079361337334,5.72582940108893,4.74790514705882,4.58064705882353,5.48726956521739,5.42559243458476,212
"209",2019,2,5.58823529411765,34,6.22,4.68571428571429,3.33333333333333,7.15,5.25357142857143,20,14,3,6,28,4700,3326,1374,343,1156,3544,5.44186021276596,5.72880096211666,4.74727147016011,4.56973760932945,5.49589965397924,5.42423335214447,213
"210",2019,3,5.62162162162162,37,6.38095238095238,4.625,5,6.33333333333333,5.55882352941176,21,16,6,3,34,4737,3347,1390,349,1159,3578,5.44326430230104,5.73289273976696,4.74586402877698,4.57713467048711,5.49806729939603,5.42551229737284,214
"211",2019,4,5.49794117647059,34,5.88318181818182,4.79166666666667,4.83333333333333,6.5,5.4353125,22,12,3,2,32,4771,3369,1402,352,1161,3610,5.44365395095368,5.73387414663105,4.74625606276747,4.57931818181818,5.49979328165375,5.42559916897507,215
"212",2019,5,6.12307692307692,26,6.19047619047619,5.84,8,7.33333333333333,5.96521739130435,21,5,1,3,23,4797,3390,1407,353,1164,3633,5.44733646028768,5.73670265486726,4.75014285714285,4.58900849858357,5.50451890034364,5.42901541425819,216
"213",2019,6,6,23,6.42857142857143,5.33333333333333,NA,5,6.09523809523809,14,9,0,2,21,4820,3404,1416,353,1166,3654,5.44997365145228,5.7395481786134,4.75384957627118,4.58900849858357,5.50365351629503,5.43284428024083,217
"214",2019,7,5.95338235294118,34,6.3487037037037,4.42857142857143,NA,6,5.94339285714286,27,7,0,6,28,4854,3431,1423,353,1172,3682,5.45349979398434,5.744341882833,4.75224947294448,4.58900849858357,5.50619453924915,5.4367267789245,218
"215",2019,8,4.993,40,5.46086956521739,4.36,4.5,4.5375,5.106875,23,17,5,8,32,4894,3454,1440,358,1180,3714,5.44973600326931,5.74245425593515,4.74761875,4.58776536312849,5.49962711864407,5.43388476036618,219
"216",2019,9,5.56410256410256,39,5.64814814814815,5.375,NA,6.35714285714286,5.390625,27,12,0,7,32,4933,3481,1452,358,1187,3746,5.45064017839043,5.74172278081011,4.75280371900826,4.58776536312849,5.50468407750632,5.43351521623065,220
"217",2019,10,5.86125,40,6.34259259259259,4.86153846153846,5.06666666666667,6.08333333333333,5.82205882352941,27,13,3,6,34,4973,3508,1465,361,1193,3780,5.45394289161472,5.74634749144812,4.75376860068259,4.59174515235457,5.50759430008382,5.43701005291005,221
"218",2019,11,5.89433333333333,30,6.17409090909091,5.125,6,6.6,5.7532,22,8,1,5,25,5003,3530,1473,362,1198,3805,5.45658364981012,5.74901331444759,4.75578479293958,4.59563535911602,5.51215358931553,5.43908751642576,222
"219",2019,12,5.94778571428571,35,6.57271739130435,4.75,3,5.75,5.9733064516129,23,12,1,4,31,5038,3553,1485,363,1202,3836,5.45999612941644,5.75434548269069,4.75573804713805,4.59123966942149,5.51294509151414,5.44340471845673,223
"220",2020,1,5.52549701754386,57,6.14152371428571,4.54545454545455,4.125,5.92857142857143,5.4690666,35,22,4,7,50,5095,3588,1507,367,1209,3886,5.46072891658489,5.75812230490524,4.75266821499668,4.58615803814714,5.51535153019024,5.44373490221307,224
"221",2020,2,5.58558139534884,43,5.7648275862069,5.21428571428571,4,4.40909090909091,5.99,29,14,4,11,32,5138,3617,1521,371,1220,3918,5.46177380887505,5.75817606580039,4.75691715976331,4.57983827493261,5.50537704918033,5.44819648545176,225
"222",2020,3,5.80277777777778,36,5.60869565217391,6.14615384615385,4.5,5.875,5.79375,23,13,2,4,32,5174,3640,1534,373,1224,3950,5.46414646888288,5.7572315467033,4.76869035202086,4.57941018766756,5.50658496732026,5.45099590632912,226
"223",2020,4,5.86111111111111,45,5.96527777777778,5.44444444444444,6,6.15,5.77857142857143,36,9,2,10,35,5219,3676,1543,375,1234,3985,5.46756923356965,5.75926899619152,4.77263188593649,4.58698666666667,5.51179902755268,5.45387298117943,227
"224",2020,5,6.05741935483871,31,6.87047619047619,4.35,6.25,6.79666666666667,5.88,21,10,2,6,25,5250,3697,1553,377,1240,4010,5.47105215809524,5.76558096564783,4.76991049581455,4.59580901856764,5.51801612903226,5.45652963341646,228
"225",2020,6,5.41282051282051,39,5.69545454545455,5.04705882352941,5.75,4.42857142857143,5.628125,22,17,2,7,32,5289,3719,1570,379,1247,4042,5.47062276989979,5.7651661279914,4.77291146496815,4.60189973614776,5.51190056134723,5.45788813211282,229
"226",2020,7,5.245,40,5.66,4,4,5.05,5.31,30,10,1,10,30,5329,3749,1580,380,1257,4072,5.46892922311879,5.76432457455322,4.76801962025316,4.60031578947368,5.50822593476532,5.4567985830059,230
"227",2020,8,5.87142857142857,35,6.028,5.48,6,4.5,5.95454545454545,25,10,1,2,33,5364,3774,1590,381,1259,4105,5.47155552386279,5.76607123211447,4.77249748427673,4.60398950131234,5.50662430500397,5.46079995858709,231
"228",2020,9,5.64285714285714,42,6.10416666666667,5.02777777777778,3.4,3.75,5.95833333333333,24,18,5,6,36,5406,3798,1608,386,1265,4141,5.47288639104699,5.76820769615587,4.77535509950249,4.58839378238342,5.49829249011858,5.46512529099252,232
"229",2020,10,5.27891891891892,37,5.45846153846154,4.85454545454545,4.13333333333333,4.9,5.338125,26,11,3,5,32,5443,3824,1619,389,1270,4173,5.47156785412457,5.76610168148536,4.775893143916,4.58488431876607,5.49593700787402,5.46415140905823,233
"230",2020,11,5.93708333333333,48,6.15529411764706,5.40714285714286,2.85,6.8,5.83674418604651,34,14,2,5,43,5491,3858,1633,391,1275,4216,5.47563719358951,5.7695315785381,4.78130496019596,4.57601023017903,5.50105098039216,5.46795157258065,234
"231",2020,12,5.55397058823529,68,6.16222222222222,4.36391304347826,4.66666666666667,3.636,5.70619047619048,45,23,3,5,63,5559,3903,1656,394,1280,4279,5.47659540025184,5.77405914168588,4.77550785024154,4.57670050761421,5.493765625,5.47145917971489,235
"232",2021,1,5.36114754098361,61,5.45173913043478,5.08333333333333,5,6.375,5.29,46,15,1,4,57,5620,3949,1671,395,1284,4336,5.47534231850534,5.77030459103571,4.7782710951526,4.57777215189873,5.49651090342679,5.46907376153137,236
"233",2021,2,5.35714285714286,56,5.58571428571429,4.97619047619048,4.75,5.71428571428571,5.30612244897959,35,21,4,7,49,5676,3984,1692,399,1291,4385,5.47417615045807,5.76868293925703,4.78072754137116,4.57949874686717,5.49769171185128,5.46725286887115,237
"234",2021,3,5.68572727272727,33,5.71370833333333,5.61111111111111,6.5,6.0058,5.62857142857143,24,9,2,5,28,5709,4008,1701,401,1296,4413,5.47539898931512,5.76835375,4.78512110523222,4.58907730673317,5.49965200617284,5.46827641740313,238
"235",2021,4,5.63428571428571,35,5.696,5.48,5.66666666666667,5.8,5.60666666666667,25,10,3,5,30,5744,4033,1711,404,1301,4443,5.47636713614206,5.76790523927597,4.78918234950321,4.59707920792079,5.50080630284397,5.46921085527797,239
"236",2021,5,5.8736,25,6.08363636363636,4.33333333333333,4,8.5,5.64521739130435,22,3,1,2,23,5769,4055,1714,405,1303,4466,5.47808854740856,5.76961820715167,4.78838448074679,4.59560493827161,5.50540982348427,5.47011729287954,240
"237",2021,6,5.44716981132075,53,6.1,4.45238095238095,3.91666666666667,5.24444444444444,5.48863636363636,32,21,6,9,44,5822,4087,1735,411,1312,4510,5.47780708175885,5.77220499877661,4.78431757925072,4.58569343065694,5.50361966463415,5.47029796674058,241
"238",2021,7,5.56342857142857,35,5.81333333333333,5.01818181818182,2,5,5.63612903225806,24,11,1,4,31,5857,4111,1746,412,1316,4541,5.47831873484719,5.77244510581367,4.78579095074456,4.57941747572816,5.50208890577508,5.47143004404316,242
"239",2021,8,5.51591836734694,49,6.13666666666667,4.92,4,4.5,5.60622222222222,24,25,4,4,45,5906,4135,1771,416,1320,4586,5.47863068574331,5.77455908827086,4.78768548842462,4.57384615384616,5.49905227272727,5.47275268861753,243
"240",2021,9,5.2152380952381,42,5.82846153846154,4.21875,4.1,4.125,5.33,26,16,5,4,38,5948,4161,1787,421,1324,4624,5.47677081876261,5.77489589762077,4.78259149412423,4.56821852731592,5.49490105740181,5.47157954801038,244
"241",2021,10,5.49789473684211,38,5.79310344827586,4.54666666666667,3.824,3.5,5.73294117647059,29,9,5,4,34,5986,4190,1796,426,1328,4658,5.47690491647177,5.77502191646778,4.78140924276169,4.55948356807512,5.48889231927711,5.47348729712323,245
"242",2021,11,5.71627906976744,43,6.06206896551724,5,4,5.09545454545455,5.9296875,29,14,3,11,32,6029,4219,1810,429,1339,4690,5.47861217946592,5.77699498222328,4.7831,4.5555710955711,5.48566019417476,5.47659996375267,246
"243",2021,12,5.41428571428571,63,5.77179487179487,4.83333333333333,4.35714285714286,4.94444444444444,5.49259259259259,39,24,7,9,54,6092,4258,1834,436,1348,4744,5.47794695173999,5.77694735321747,4.78375736095965,4.55238532110092,5.48204673590504,5.47678200463744,247
"244",2022,1,5.87651388888889,72,6.34218,4.81818181818182,5.45,5.5,5.89866176470588,50,22,10,4,68,6164,4308,1856,446,1352,4812,5.48260250324465,5.78350762070567,4.78416540948276,4.57251121076233,5.48209985207101,5.48274373025769,248
"245",2022,2,5.33490566037736,53,6.26515151515152,3.8,5,5.39571428571429,5.32565217391304,33,20,4,7,46,6217,4341,1876,450,1359,4858,5.48134338587744,5.7871690463027,4.77367324093817,4.57631111111111,5.4816548933039,5.48125624331,249
"246",2022,3,5.89052631578947,38,6.15125,4.5,4.5,6.98,5.72545454545455,32,6,4,5,33,6255,4373,1882,454,1364,4891,5.48382922941647,5.78983325634576,4.77280074388948,4.57563876651982,5.48714736070381,5.48290387037416,250
"247",2022,4,5.66851851851852,54,5.74047619047619,5.41666666666667,5.5,5.57142857142857,5.68297872340426,42,12,2,7,47,6309,4415,1894,456,1371,4938,5.48541002219052,5.7893637214043,4.77688014783527,4.57969298245614,5.48757768052517,5.48480818752531,251
"248",2022,5,5.79879425531915,47,5.89314805555556,5.49,4.66666666666667,5.278,5.86079357142857,36,11,3,5,42,6356,4451,1905,459,1376,4980,5.48772736941473,5.79020313637385,4.78099790026247,4.5802614379085,5.48681613372093,5.48797914859438,252
"249",2022,6,6.48039215686275,51,6.77027027027027,5.71428571428571,NA,6,6.51041666666667,37,14,0,3,48,6407,4488,1919,459,1379,5028,5.49562902450445,5.79828301247772,4.7878066701407,4.5802614379085,5.48793255982596,5.49773988862371,253
"250",2022,7,6.01070238095238,42,6.17756896551724,5.63846153846154,4.66666666666667,5.61428571428571,6.08998571428571,29,13,3,7,35,6449,4517,1932,462,1386,5063,5.4989835106218,5.80071810050919,4.79353053830228,4.58082251082251,5.48857070707071,5.50183402330634,254
"251",2022,8,6.16951807228916,83,6.49613636363636,5.80102564102564,5.71428571428571,6.54,6.13539473684211,44,39,7,7,76,6532,4561,1971,469,1393,5139,5.50750377526026,5.8074268055251,4.81346575342466,4.59773987206823,5.49385427135678,5.5112036699747,255
"252",2022,9,5.60889090909091,55,5.85636111111111,5.14,3.665,7.17975,5.4856862745098,36,19,4,4,51,6587,4597,1990,473,1397,5190,5.50835033550934,5.80781001957799,4.81658341708543,4.58985200845666,5.49868146027201,5.51095292100193,256
"253",2022,10,5.66891891891892,37,6.11458333333333,4.84615384615385,5,5.33333333333333,5.69852941176471,24,13,4,3,34,6624,4621,2003,477,1400,5224,5.5092472312802,5.80940330231552,4.81677533699451,4.59329140461216,5.49832714285714,5.51217374808576,257
"254",2022,11,5.78363636363636,55,5.99230769230769,5.275,5,6.21111111111111,5.7,39,16,1,9,46,6679,4660,2019,478,1409,5270,5.51150676149124,5.8109340472103,4.82040663694898,4.59414225941423,5.50288005677786,5.51381321821632,258
"255",2022,12,5.33923076923077,65,5.83974358974359,4.58846153846154,4.33333333333333,5.42857142857143,5.32844827586207,39,26,6,7,58,6744,4699,2045,484,1416,5328,5.50984633155398,5.81117315599064,4.81745770171149,4.59090909090909,5.50251271186441,5.51179535660661,259
