"","year","month","avg_rating","no_ratings","avg_rating_owned","avg_rating_not_owned","avg_rating_prev_owned","avg_rating_comment","avg_rating_no_comment","no_ratings_owned","no_ratings_not_owned","no_ratings_prev_owned","no_ratings_comment","no_ratings_no_comment","cum_no_ratings","cum_no_ratings_owned","cum_no_ratings_not_owned","cum_no_ratings_prev_owned","cum_no_ratings_comment","cum_no_ratings_no_comment","cum_avg_rating","cum_avg_rating_owned","cum_avg_rating_not_owned","cum_avg_rating_prev_owned","cum_avg_rating_comment","cum_avg_rating_no_comment","month_after_release"
"1",2001,10,9,2,9,NA,NA,NA,9,2,0,0,0,2,2,2,0,0,0,2,9,9,NA,NA,NA,9,5
"2",2001,11,6.66666666666667,3,9,5.5,NA,NA,6.66666666666667,1,2,0,0,3,5,3,2,0,0,5,7.6,9,5.5,NA,NA,7.6,6
"3",2001,12,7,2,8,6,NA,6,8,1,1,0,1,1,7,4,3,0,1,6,7.42857142857143,8.75,5.66666666666667,NA,6,7.66666666666667,7
"4",2002,1,6.66666666666667,6,6.6,7,NA,5,7,5,1,0,1,5,13,9,4,0,2,11,7.07692307692308,7.55555555555556,6,NA,5.5,7.36363636363636,8
"5",2002,2,6.75,4,6.66666666666667,7,NA,7.5,6,3,1,0,2,2,17,12,5,0,4,13,7,7.33333333333333,6.2,NA,6.5,7.15384615384615,9
"6",2002,3,6.33333333333333,6,6.33333333333333,NA,NA,9,5.8,6,0,0,1,5,23,18,5,0,5,18,6.82608695652174,7,6.2,NA,7,6.77777777777778,10
"7",2002,4,6.5,2,6.5,NA,NA,NA,6.5,2,0,0,0,2,25,20,5,0,5,20,6.8,6.95,6.2,NA,7,6.75,11
"8",2002,5,7,2,10,4,NA,4,10,1,1,0,1,1,27,21,6,0,6,21,6.81481481481481,7.09523809523809,5.83333333333333,NA,6.5,6.90476190476191,12
"9",2002,6,6.3,5,6.375,6,NA,6,6.375,4,1,0,1,4,32,25,7,0,7,25,6.734375,6.98,5.85714285714286,NA,6.42857142857143,6.82,13
"10",2002,7,6.85714285714286,14,7,5,NA,7.6,6.44444444444444,13,1,0,5,9,46,38,8,0,12,34,6.77173913043478,6.98684210526316,5.75,NA,6.91666666666667,6.72058823529412,14
"11",2002,8,7,10,7.22222222222222,5,NA,5,7.22222222222222,9,1,0,1,9,56,47,9,0,13,43,6.8125,7.03191489361702,5.66666666666667,NA,6.76923076923077,6.82558139534884,15
"12",2002,9,5.88888888888889,9,6.14285714285714,5,4,6.75,5.2,7,2,1,4,5,65,54,11,1,17,48,6.68461538461538,6.91666666666667,5.54545454545455,4,6.76470588235294,6.65625,16
"13",2002,10,5.83333333333333,6,5.8,6,NA,6,5.8,5,1,0,1,5,71,59,12,1,18,53,6.61267605633803,6.82203389830508,5.58333333333333,4,6.72222222222222,6.57547169811321,17
"14",2002,11,6.77777777777778,9,6.77777777777778,NA,NA,7,6.75,9,0,0,1,8,80,68,12,1,19,61,6.63125,6.81617647058824,5.58333333333333,4,6.73684210526316,6.5983606557377,18
"15",2002,12,7,8,7.6,6,NA,10,6.57142857142857,5,3,0,1,7,88,73,15,1,20,68,6.66477272727273,6.86986301369863,5.66666666666667,4,6.9,6.59558823529412,19
"16",2003,1,6.28571428571429,14,6.7,5.25,4,5.5,6.6,10,4,1,4,10,102,83,19,2,24,78,6.61274509803922,6.84939759036145,5.57894736842105,4,6.66666666666667,6.59615384615385,20
"17",2003,2,6.88461538461539,13,6.88461538461539,NA,NA,7.75,6.5,13,0,0,4,9,115,96,19,2,28,87,6.64347826086957,6.85416666666667,5.57894736842105,4,6.82142857142857,6.58620689655172,21
"18",2003,3,4.83333333333333,6,4.66666666666667,5,NA,7,4.4,3,3,0,1,5,121,99,22,2,29,92,6.55371900826446,6.78787878787879,5.5,4,6.82758620689655,6.46739130434783,22
"19",2003,4,7.2,5,7,8,NA,NA,7.2,4,1,0,0,5,126,103,23,2,29,97,6.57936507936508,6.79611650485437,5.60869565217391,4,6.82758620689655,6.50515463917526,23
"20",2003,5,6.27777777777778,18,6.5,5.83333333333333,NA,6.72727272727273,5.57142857142857,12,6,0,11,7,144,115,29,2,40,104,6.54166666666667,6.76521739130435,5.6551724137931,4,6.8,6.44230769230769,24
"21",2003,6,6.35714285714286,14,6.2,6.75,NA,6.71428571428571,6,10,4,0,7,7,158,125,33,2,47,111,6.5253164556962,6.72,5.78787878787879,4,6.78723404255319,6.41441441441441,25
"22",2003,7,5.89827586206897,58,5.97804878048781,5.70588235294118,NA,5.77692307692308,5.93333333333333,41,17,0,13,45,216,166,50,2,60,156,6.35694444444444,6.53674698795181,5.76,4,6.56833333333333,6.27564102564103,26
"23",2003,8,6.42857142857143,21,6.875,5,NA,5.66666666666667,6.55555555555556,16,5,0,3,18,237,182,55,2,63,174,6.36329113924051,6.56648351648352,5.69090909090909,4,6.52539682539683,6.30459770114942,27
"24",2003,9,6.72727272727273,22,6.71052631578947,6.83333333333333,NA,6.75,6.71875,19,3,0,6,16,259,201,58,2,69,190,6.39420849420849,6.58009950248756,5.75,4,6.54492753623188,6.33947368421053,28
"25",2003,10,7.125,16,7.17857142857143,6.75,NA,8,6.92307692307692,14,2,0,3,13,275,215,60,2,72,203,6.43672727272727,6.61906976744186,5.78333333333333,4,6.60555555555556,6.37684729064039,29
"26",2003,11,5.57142857142857,7,6.5,4.33333333333333,NA,6.5,5.2,4,3,0,2,5,282,219,63,2,74,208,6.41524822695035,6.61689497716895,5.71428571428571,4,6.6027027027027,6.34855769230769,30
"27",2003,12,6,9,6.71428571428571,3.5,NA,4,6.25,7,2,0,1,8,291,226,65,2,75,216,6.40240549828179,6.61991150442478,5.64615384615385,4,6.568,6.34490740740741,31
"28",2004,1,6.3695652173913,23,6.775,3.66666666666667,NA,6.5,6.32352941176471,20,3,0,6,17,314,246,68,2,81,233,6.4,6.63252032520325,5.55882352941176,4,6.56296296296296,6.34334763948498,32
"29",2004,2,5.7304347826087,23,5.93333333333333,5,6,5.2,5.87777777777778,18,5,1,5,18,337,264,73,3,86,251,6.35430267062315,6.58484848484848,5.52054794520548,4.66666666666667,6.48372093023256,6.30996015936255,33
"30",2004,3,7.29411764705882,17,7.3125,7,NA,7.5,7.18181818181818,16,1,0,6,11,354,280,74,3,92,262,6.39943502824859,6.62642857142857,5.54054054054054,4.66666666666667,6.55,6.34656488549618,34
"31",2004,4,6.35714285714286,14,6.36363636363636,6.33333333333333,6,7,6.18181818181818,11,3,1,3,11,368,291,77,4,95,273,6.39782608695652,6.61649484536082,5.57142857142857,5,6.56421052631579,6.33992673992674,35
"32",2004,5,7,18,7.26666666666667,5.66666666666667,NA,6.5,7.14285714285714,15,3,0,4,14,386,306,80,4,99,287,6.4259067357513,6.64836601307189,5.575,5,6.56161616161616,6.37909407665505,36
"33",2004,6,6.13157894736842,19,6.20588235294118,5.5,5,5.6875,6.45454545454545,17,2,1,8,11,405,323,82,5,107,298,6.4120987654321,6.6250773993808,5.57317073170732,5,6.49626168224299,6.38187919463087,37
"34",2004,7,6.72,25,6.73913043478261,6.5,NA,6.73333333333333,6.7,23,2,0,15,10,430,346,84,5,122,308,6.43,6.63265895953757,5.59523809523809,5,6.52540983606557,6.39220779220779,38
"35",2004,8,7.07142857142857,14,7.25,6,NA,7.6,6.77777777777778,12,2,0,5,9,444,358,86,5,127,317,6.45022522522523,6.65335195530726,5.6046511627907,5,6.56771653543307,6.40315457413249,39
"36",2004,9,6.71428571428571,14,7,5,NA,6,7.42857142857143,12,2,0,7,7,458,370,88,5,134,324,6.45829694323144,6.66459459459459,5.59090909090909,5,6.53805970149254,6.42530864197531,40
"37",2004,10,6.09677419354839,31,6.38461538461539,4.6,NA,6.27777777777778,6.02272727272727,26,5,0,9,22,489,396,93,5,143,346,6.43537832310838,6.64621212121212,5.53763440860215,5,6.52167832167832,6.39971098265896,41
"38",2004,11,7.15909090909091,22,7.38888888888889,6.125,6,7.5,7,18,4,1,7,15,511,414,97,6,150,361,6.46653620352251,6.67850241545894,5.56185567010309,5.16666666666667,6.56733333333333,6.42465373961219,42
"39",2004,12,6.39473684210526,19,6.52777777777778,4,NA,6.83333333333333,6,18,1,0,9,10,530,432,98,6,159,371,6.46396226415094,6.67222222222222,5.54591836734694,5.16666666666667,6.58238993710692,6.41320754716981,43
"40",2005,1,6.3780487804878,41,6.515625,5.88888888888889,NA,6.66666666666667,6.21153846153846,32,9,0,15,26,571,464,107,6,174,397,6.45779334500876,6.6614224137931,5.57476635514019,5.16666666666667,6.58965517241379,6.4,44
"41",2005,2,6.064,25,6.53333333333333,4.85714285714286,NA,5.66666666666667,6.43076923076923,18,7,0,12,13,596,482,114,6,186,410,6.44127516778523,6.65663900414938,5.53070175438596,5.16666666666667,6.53010752688172,6.4009756097561,45
"42",2005,3,5.91333333333333,15,6.25,4.56666666666667,NA,6,5.85555555555556,12,3,0,6,9,611,494,117,6,192,419,6.42831423895254,6.64676113360324,5.50598290598291,5.16666666666667,6.51354166666667,6.38926014319809,46
"43",2005,4,6.61458333333333,24,6.7625,5.875,6,6.32692307692308,6.95454545454545,20,4,1,13,11,635,514,121,7,205,430,6.43535433070866,6.65126459143969,5.51818181818182,5.28571428571429,6.50170731707317,6.40372093023256,47
"44",2005,5,6.69230769230769,13,6.7,6.66666666666667,5,6.4,6.875,10,3,1,5,8,648,524,124,8,210,438,6.44050925925926,6.65219465648855,5.54596774193548,5.25,6.49928571428571,6.41232876712329,48
"45",2005,6,6.6,25,6.68181818181818,6,NA,7,6.23076923076923,22,3,0,12,13,673,546,127,8,222,451,6.4464338781575,6.65338827838828,5.55669291338583,5.25,6.52635135135135,6.40709534368071,49
"46",2005,7,6.615,40,6.96896551724138,5.68181818181818,5.5,6.25,6.73666666666667,29,11,2,10,30,713,575,138,10,232,481,6.45589060308555,6.66930434782609,5.56666666666667,5.3,6.51443965517241,6.42765072765073,50
"47",2005,8,6.30833333333333,30,6.5,5.67857142857143,5,5.84375,6.83928571428571,23,7,2,16,14,743,598,145,12,248,495,6.44993270524899,6.66279264214047,5.57206896551724,5.25,6.47116935483871,6.43929292929293,51
"48",2005,9,6.74264705882353,34,6.91964285714286,5.91666666666667,5.25,6.61764705882353,6.86764705882353,28,6,2,17,17,777,626,151,14,265,512,6.46274131274131,6.67428115015974,5.58576158940397,5.25,6.48056603773585,6.453515625,52
"49",2005,10,6.01724137931035,29,6.3125,4.6,6,5.85714285714286,6.16666666666667,24,5,1,14,15,806,650,156,15,279,527,6.44671215880893,6.66092307692307,5.55416666666667,5.3,6.44928315412186,6.44535104364326,53
"50",2005,11,6.48684210526316,38,6.734375,5.16666666666667,5,6.29166666666667,6.57692307692308,32,6,1,12,26,844,682,162,16,291,553,6.44851895734597,6.66436950146627,5.53981481481481,5.28125,6.44278350515464,6.45153707052441,54
"51",2005,12,6.14473684210526,38,6.359375,5,5,5.71428571428571,6.39583333333333,32,6,2,14,24,882,714,168,18,305,577,6.43543083900227,6.65070028011204,5.52053571428571,5.25,6.40934426229508,6.44922010398613,55
"52",2006,1,6.6,35,6.83333333333333,5.2,NA,6.58823529411765,6.61111111111111,30,5,0,17,18,917,744,173,18,322,595,6.4417121046892,6.65806451612903,5.51127167630058,5.25,6.41878881987578,6.45411764705882,56
"53",2006,2,6.83846153846154,26,6.84761904761905,6.8,NA,6.69230769230769,6.98461538461538,21,5,0,13,13,943,765,178,18,335,608,6.45265111346766,6.66326797385621,5.54747191011236,5.25,6.42940298507463,6.46546052631579,57
"54",2006,3,6.92307692307692,26,6.9375,6.75,NA,7.35714285714286,6.76315789473684,24,2,0,7,19,969,789,180,18,342,627,6.46527347781218,6.67160963244613,5.56083333333333,5.25,6.4483918128655,6.47448165869218,58
"55",2006,4,6.5,18,6.25,8.5,NA,6.16666666666667,6.66666666666667,16,2,0,6,12,987,805,182,18,348,639,6.46590678824721,6.66322981366459,5.59313186813187,5.25,6.44353448275862,6.47809076682316,59
"56",2006,5,6.97619047619048,21,7.18421052631579,5,NA,7.92857142857143,6.5,19,2,0,7,14,1008,824,184,18,355,653,6.4765376984127,6.6752427184466,5.5866847826087,5.25,6.47281690140845,6.47856049004594,60
"57",2006,6,6.57142857142857,28,6.54761904761905,6.64285714285714,5,6.95454545454545,6.32352941176471,21,7,1,11,17,1036,845,191,19,366,670,6.47910231660232,6.67207100591716,5.62539267015707,5.23684210526316,6.48729508196721,6.47462686567164,61
"58",2006,7,6.25,32,6.43181818181818,5.85,7,6.9,5.95454545454545,22,10,2,10,22,1068,867,201,21,376,692,6.47223782771536,6.66597462514417,5.63656716417911,5.40476190476191,6.49827127659575,6.45809248554913,62
"59",2006,8,6.21153846153846,26,6.32608695652174,5.33333333333333,5,6.8125,5.94444444444444,23,3,1,8,18,1094,890,204,22,384,710,6.46604204753199,6.65719101123595,5.63210784313726,5.38636363636364,6.50481770833333,6.44507042253521,63
"60",2006,9,6.90967741935484,31,6.97142857142857,6.33333333333333,5,7.08333333333333,6.8,28,3,1,12,19,1125,918,207,23,396,729,6.47826666666667,6.66677559912854,5.64227053140097,5.3695652173913,6.52234848484849,6.45432098765432,64
"61",2006,10,6.25,42,6.38333333333333,5.91666666666667,NA,5.77777777777778,6.37878787878788,30,12,0,9,33,1167,948,219,23,405,762,6.47005141388175,6.65780590717299,5.65730593607306,5.3695652173913,6.5058024691358,6.4510498687664,65
"62",2006,11,6.30434782608696,23,6.55882352941176,5.58333333333333,NA,6.1875,6.36666666666667,17,6,0,8,15,1190,965,225,23,413,777,6.4668487394958,6.6560621761658,5.65533333333333,5.3695652173913,6.49963680387409,6.44942084942085,66
"63",2006,12,6.42978723404255,47,6.63055555555556,5.77272727272727,NA,6.05789473684211,6.68214285714286,36,11,0,19,28,1237,1001,236,23,432,805,6.46544058205335,6.65514485514485,5.66080508474576,5.3695652173913,6.48020833333333,6.45751552795031,67
"64",2007,1,6.83243243243243,74,6.91,6.5,NA,6.60555555555556,6.90535714285714,60,14,0,18,56,1311,1061,250,23,450,861,6.48615560640732,6.66955702167766,5.7078,5.3695652173913,6.48522222222222,6.48664343786295,68
"65",2007,2,6.31633571428571,49,6.6,5.607175,5,6.89285714285714,6.08572714285714,35,14,4,14,35,1360,1096,264,27,464,896,6.48003709558823,6.66733576642336,5.70246382575758,5.31481481481481,6.49752155172414,6.47098264508928,69
"66",2007,3,6.6356,50,6.86162162162162,5.99230769230769,4.25,6.1875,6.84647058823529,37,13,2,16,34,1410,1133,277,29,480,930,6.4855535106383,6.67368049426302,5.7160666064982,5.24137931034483,6.4871875,6.48471016129032,70
"67",2007,4,6.45555555555556,45,6.35135135135135,6.9375,NA,6.28571428571429,6.60416666666667,37,8,0,21,24,1455,1170,285,29,501,954,6.48462573883161,6.66348717948718,5.75035245614035,5.24137931034483,6.47874251497006,6.48771535639413,71
"68",2007,5,6.40697674418605,43,6.68181818181818,5.5,5,6.33333333333333,6.46,33,10,1,18,25,1498,1203,295,30,519,979,6.48239682910547,6.66399002493765,5.74186593220339,5.23333333333333,6.47369942196532,6.48700760980592,72
"69",2007,6,6.675,40,7.12962962962963,5.73076923076923,NA,7.11111111111111,6.31818181818182,27,13,0,18,22,1538,1230,308,30,537,1001,6.48740601430429,6.67421138211382,5.74139756493507,5.23333333333333,6.49506517690875,6.48329715284715,73
"70",2007,7,6.57244897959184,49,7.10757575757576,5.46875,7,6.4375,6.63787878787879,33,16,1,16,33,1587,1263,324,31,553,1034,6.49003178954001,6.68553444180522,5.72793348765432,5.29032258064516,6.49339963833635,6.48823060928433,74
"71",2007,8,6.27714285714286,35,6.56071428571429,5.14285714285714,5.5,5.95833333333333,6.44347826086956,28,7,2,12,23,1622,1291,331,33,565,1057,6.48543800863132,6.68282726568551,5.71556027190332,5.3030303030303,6.48203539823009,6.48725681173131,75
"72",2007,9,6.67741935483871,31,6.96296296296296,4.75,NA,6.85,6.59523809523809,27,4,0,10,21,1653,1318,335,33,575,1078,6.48903838475499,6.6885660091047,5.70403119402985,5.3030303030303,6.4884347826087,6.4893603432282,76
"73",2007,10,6.64814814814815,54,7,5.27272727272727,5.25,7.14705882352941,6.41891891891892,43,11,4,17,37,1707,1361,346,37,592,1115,6.49407173403632,6.69840558412932,5.69031921965318,5.2972972972973,6.50734797297297,6.48702282511211,77
"74",2007,11,6.90196078431373,51,7.11538461538461,6.20833333333333,6.375,7.5625,6.6,39,12,4,16,35,1758,1400,358,41,608,1150,6.50590469283276,6.71002142857143,5.70768282122905,5.40243902439024,6.53511513157895,6.49046126086956,78
"75",2007,12,6.49450549450549,91,6.67384615384615,6.04615384615385,4,6.49354838709677,6.495,65,26,1,31,60,1849,1465,384,42,639,1210,6.50534367225527,6.70841638225256,5.73060013020833,5.36904761904762,6.5330985915493,6.49068632231405,79
"76",2008,1,6.25487804878049,82,6.44375,5.58333333333333,4.5,6.1695652173913,6.28813559322034,64,18,3,23,59,1931,1529,402,45,662,1269,6.49470763852926,6.6973381294964,5.72400609452736,5.31111111111111,6.52046827794562,6.48126907013396,80
"77",2008,2,6.6,49,6.74,6.25,7.66666666666667,6.85714285714286,6.49714285714286,35,14,3,14,35,1980,1564,416,48,676,1304,6.49731335858586,6.69829283887468,5.7417078125,5.45833333333333,6.52744082840237,6.4816951303681,81
"78",2008,3,6.22232142857143,56,6.39166666666667,5.71428571428571,4,6.1195652173913,6.29393939393939,42,14,2,23,33,2036,1606,430,50,699,1337,6.48974972986248,6.69027397260274,5.740815,5.4,6.5140200286123,6.47706091997008,82
"79",2008,4,6.59230769230769,39,6.91724137931034,5.65,4.66666666666667,6.25,6.71034482758621,29,10,3,10,29,2075,1635,440,53,709,1366,6.4916773253012,6.6942996941896,5.73875102272727,5.35849056603774,6.51029619181946,6.48201350658858,83
"80",2008,5,6.34516129032258,62,6.53958333333333,5.67857142857143,6.33333333333333,6.20344827586207,6.46969696969697,48,14,3,29,33,2137,1683,454,56,738,1399,6.48742650912494,6.68988710635769,5.73689526431718,5.41071428571429,6.49823848238482,6.4817229807005,84
"81",2008,6,6.86,50,7.11111111111111,6.21428571428571,4,6.8,6.88571428571429,36,14,2,15,35,2187,1719,468,58,753,1434,6.49594442158208,6.69870855148342,5.75117617521368,5.36206896551724,6.50424966799469,6.49158329846583,85
"82",2008,7,6.28378378378378,37,6.63461538461539,5.45454545454545,5.625,6.34375,6.23809523809524,26,11,4,16,21,2224,1745,479,62,769,1455,6.49241477068345,6.69775358166189,5.74436419624217,5.37903225806452,6.50091027308192,6.48792470790378,86
"83",2008,8,6.29019607843137,51,6.57352941176471,5.72352941176471,5.125,5.83333333333333,6.48055555555556,34,17,8,15,36,2275,1779,496,70,784,1491,6.48788151648352,6.69537942664418,5.74365010080645,5.35,6.48813775510204,6.4877467806841,87
"84",2008,9,5.73846153846154,26,6.23333333333333,4.625,6,5.55555555555556,5.83529411764706,18,8,3,9,17,2301,1797,504,73,793,1508,6.47941349413299,6.69075125208681,5.72589375,5.37671232876712,6.47755359394704,6.48039154509284,88
"85",2008,10,6.32706818181818,44,6.49688571428571,5.66666666666667,7,6.36591666666667,6.3125,35,9,4,12,32,2345,1832,513,77,805,1540,6.47655498933902,6.68704748908297,5.72485467836257,5.46103896103896,6.47588944099379,6.47690288961039,89
"86",2008,11,6.61160714285714,56,6.87222222222222,5.54545454545455,5.33333333333333,6.76666666666667,6.55487804878049,45,11,6,15,41,2401,1877,524,83,820,1581,6.47970489379425,6.69148694725626,5.72108864503817,5.45180722891566,6.48120853658537,6.47892501581278,90
"87",2008,12,6.27311111111111,45,6.31026315789474,6.07142857142857,8,6.60473684210526,6.03076923076923,38,7,1,19,26,2446,1915,531,84,839,1607,6.47590410874898,6.68392219321149,5.72570706214689,5.48214285714286,6.48400595947557,6.47167420659614,91
"88",2009,1,6.05925925925926,81,6.26428571428571,5.6,5.83333333333333,6.35769230769231,5.91818181818182,56,25,9,26,55,2527,1971,556,93,865,1662,6.46254905025722,6.67199949264333,5.72005476618705,5.51612903225806,6.48020924855491,6.45335767148014,92
"89",2009,2,6.51851851851852,81,6.98125,5.84545454545455,4.83333333333333,6.175,6.63114754098361,48,33,6,20,61,2608,2019,589,99,885,1723,6.46428736579754,6.67935165923725,5.72708056027165,5.47474747474747,6.47331186440678,6.45965203134068,93
"90",2009,3,6.2141975308642,81,6.62403846153846,5.47931034482759,3.6,6.3875,6.15737704918033,52,29,5,20,61,2689,2071,618,104,905,1784,6.45675397917441,6.67796281989377,5.715453802589,5.38461538461539,6.47141546961326,6.44931639573991,94
"91",2009,4,6.39090909090909,66,6.92894736842105,5.66071428571429,5.5,6.3,6.41764705882353,38,28,6,15,51,2755,2109,646,110,920,1835,6.45517656987296,6.68248506401138,5.71308119195047,5.39090909090909,6.46862065217391,6.44843621253406,95
"92",2009,5,6.70625,64,7.05135135135135,6.23333333333333,6.3,6.67,6.72272727272727,37,27,5,20,44,2819,2146,673,115,940,1879,6.46087671159986,6.68884482758621,5.73395312035661,5.4304347826087,6.47290531914893,6.45485920702501,96
"93",2009,6,6.50438596491228,57,6.53030303030303,6.46875,6.33333333333333,5.84375,6.76219512195122,33,24,3,16,41,2876,2179,697,118,956,1920,6.46173902990264,6.68644378155117,5.75925459110474,5.45338983050847,6.46237552301255,6.461422109375,97
"94",2009,7,6.09846153846154,65,6.48095238095238,5.4,6.5,6.68,5.924,42,23,4,15,50,2941,2221,720,122,971,1970,6.45371011560694,6.68255785682125,5.74777840277778,5.48770491803279,6.46573738414006,6.44778195431472,98
"95",2009,8,6.24310344827586,58,6.66969696969697,5.68,5.4,6.09375,6.3,33,25,5,16,42,2999,2254,745,127,987,2012,6.44963702900967,6.68236956521739,5.74550395973155,5.48425196850394,6.4597071935157,6.44469704274354,99
"96",2009,9,6.57835820895522,67,6.65555555555556,6.42045454545455,7,6.76666666666667,6.52403846153846,45,22,2,15,52,3066,2299,767,129,1002,2064,6.45244991846053,6.68184471509352,5.76486368970013,5.5077519379845,6.46430239520958,6.44669595445736,100
"97",2009,10,6.62,70,6.83469387755102,6.11904761904762,5.6,7,6.49811320754717,49,21,5,17,53,3136,2348,788,134,1019,2117,6.45618987563775,6.68503449744463,5.77430260152284,5.51119402985075,6.47323945044161,6.44798320736892,101
"98",2009,11,6.47818181818182,55,6.47,6.5,5,6.57142857142857,6.44634146341463,40,15,1,14,41,3191,2388,803,135,1033,2158,6.45656892823566,6.68143257956449,5.78785859277709,5.50740740740741,6.4745701839303,6.44795201575533,102
"99",2009,12,6.42873563218391,87,6.78673469387755,5.96710526315789,6.28571428571429,6.6975,6.34850746268657,49,38,7,20,67,3278,2437,841,142,1053,2225,6.45583021659548,6.68354985638079,5.79595772889417,5.54577464788732,6.47880436847103,6.44495750561798,103
"100",2010,1,6.754,75,6.96454545454545,6.175,5.64285714285714,6.61388888888889,6.79824561403509,55,20,7,18,57,3353,2492,861,149,1071,2282,6.4624996868476,6.68975160513644,5.80476242740999,5.5503355704698,6.48107469654528,6.4537819675723,104
"101",2010,2,6.44230769230769,52,6.56756756756757,6.13333333333333,7,5.77777777777778,6.58139534883721,37,15,1,9,43,3405,2529,876,150,1080,2325,6.4621913215859,6.68796401739818,5.81038864155251,5.56,6.47521388888889,6.45614212903226,105
"102",2010,3,6.44901960784314,51,6.6,6.05,5,6.45625,6.44571428571429,37,14,1,16,35,3456,2566,890,151,1096,2360,6.46199694733796,6.68669563522993,5.81415780898876,5.55629139072848,6.47493704379562,6.45598747881356,106
"103",2010,4,6.3,39,6.63214285714286,5.45454545454545,6,5.77777777777778,6.45666666666667,28,11,1,9,30,3495,2594,901,152,1105,2390,6.46018925608011,6.6861067848882,5.80976742508324,5.55921052631579,6.46925882352941,6.4559960041841,107
"104",2010,5,6.50212765957447,47,7.20344827586207,5.37222222222222,6,7.01111111111111,6.18620689655172,29,18,1,18,29,3542,2623,919,153,1123,2419,6.46074575098814,6.69182653450248,5.80119744287269,5.56209150326797,6.47794390026714,6.4527616577098,108
"105",2010,6,6.24418604651163,43,6.55757575757576,5.21,4,6.19,6.26060606060606,33,10,1,10,33,3585,2656,929,154,1133,2452,6.45814824267782,6.69015850903615,5.79483363832078,5.55194805194805,6.47540247131509,6.45017555057096,109
"106",2010,7,6.86363636363636,44,7.37096774193548,5.65384615384615,4.83333333333333,6.65384615384615,6.95161290322581,31,13,3,13,31,3629,2687,942,157,1146,2483,6.46306460457426,6.6980130256792,5.79288795116773,5.53821656050955,6.47742670157068,6.45643594442207,110
"107",2010,8,6.76341463414634,41,6.83235294117647,6.42857142857143,7,7,6.70606060606061,34,7,1,8,33,3670,2721,949,158,1154,2516,6.46642001362398,6.69969165747887,5.79757687038988,5.54746835443038,6.48104939341421,6.45971003577107,111
"108",2010,9,6.71666666666667,30,7.44117647058824,5.76923076923077,5,6,6.82692307692308,17,13,5,4,26,3700,2738,962,163,1158,2542,6.46844904054054,6.70429547114682,5.79719381496882,5.53067484662577,6.47938773747841,6.46346595200629,112
"109",2010,10,6.10092592592593,54,6.49264705882353,5.435,4.8,6.57142857142857,5.93625,34,20,5,14,40,3754,2772,982,168,1172,2582,6.46316234683005,6.7016994949495,5.78981715885947,5.50892857142857,6.48048720136519,6.45529839271882,113
"110",2010,11,6.16854838709677,62,6.51282051282051,5.58478260869565,5.16666666666667,6.11666666666667,6.19512195121951,39,23,3,21,41,3816,2811,1005,171,1193,2623,6.45837564203354,6.69907897545358,5.78512482587065,5.50292397660819,6.47408298407376,6.45123158597026,114
"111",2010,12,6.33870967741935,62,6.56818181818182,5.77777777777778,5.75,6.38235294117647,6.32222222222222,44,18,4,17,45,3878,2855,1023,175,1210,2668,6.45646246776689,6.69706164623468,5.78499555229717,5.50857142857143,6.47279421487603,6.44905564092954,115
"112",2011,1,6.6359756097561,82,6.69910714285714,6.5,4.75,6.24411764705882,6.73846153846154,56,26,4,17,65,3960,2911,1049,179,1227,2733,6.46017965909091,6.69710099622123,5.80271730219256,5.49162011173184,6.46962591687041,6.45593869374314,116
"113",2011,2,6.52602739726027,73,7.01730769230769,5.30952380952381,5.26666666666667,6.71052631578947,6.46111111111111,52,21,3,19,54,4033,2963,1070,182,1246,2787,6.46137154723531,6.70272055349308,5.79303780373832,5.48791208791209,6.47329935794542,6.45603891280947,117
"114",2011,3,6.41092407407407,54,6.65378108108108,5.88235294117647,5.66666666666667,7.55555555555556,6.18199777777778,37,17,3,9,45,4087,3000,1087,185,1255,2832,6.46070500367017,6.70211696666667,5.79443463661454,5.49081081081081,6.48106055776892,6.45168444562147,118
"115",2011,4,7.03425925925926,54,7.34634146341463,6.05,4.5,7.35714285714286,6.92125,41,13,2,14,40,4141,3041,1100,187,1269,2872,6.46818433953151,6.7108026635975,5.79745495454546,5.48021390374331,6.49072576832151,6.45822435584958,119
"116",2011,5,6.65576923076923,52,6.725,6.425,7.5,6.25,6.7775,40,12,3,12,40,4193,3081,1112,190,1281,2912,6.47051069639876,6.71098698474521,5.8042270233813,5.51210526315789,6.48847072599531,6.4626100103022,120
"117",2011,6,6.41666666666667,30,6.63157894736842,6.04545454545455,5.66666666666667,7.9,6.12,19,11,3,5,25,4223,3100,1123,193,1286,2937,6.47012819085958,6.71050029032258,5.80658989314337,5.51450777202072,6.49395878693623,6.45969368403132,121
"118",2011,7,7.21282051282051,39,7.34838709677419,6.6875,NA,8.13846153846154,6.75,31,8,0,13,26,4262,3131,1131,193,1299,2963,6.47692429610511,6.71681600127755,5.8128209106985,5.51450777202072,6.51041647421093,6.46224109011137,122
"119",2011,8,6.50686274509804,51,6.89571428571429,5.65625,5.66666666666667,6.5,6.50875,35,16,3,11,40,4313,3166,1147,196,1310,3003,6.47727830976119,6.7187937144662,5.81063683522232,5.51683673469388,6.51032900763359,6.46286058941059,123
"120",2011,9,6.67179487179487,39,7.06206896551724,5.54,6,6.93636363636364,6.56785714285714,29,10,1,11,28,4352,3195,1157,197,1321,3031,6.47902144990809,6.72190951486698,5.80829770959378,5.51928934010152,6.51387660862982,6.46383053447707,124
"121",2011,10,6.67543859649123,57,6.63157894736842,6.76315789473684,6.08333333333333,6.63888888888889,6.68229166666667,38,19,3,9,48,4409,3233,1176,200,1330,3079,6.48156075073713,6.7208477884318,5.82372487244898,5.52775,6.51472255639097,6.46723622929523,125
"122",2011,11,6.40666666666667,60,6.83974358974359,5.60238095238095,5.14,6.3,6.43913043478261,39,21,5,14,46,4469,3272,1197,205,1344,3125,6.48055523607071,6.72226494498778,5.81984164578112,5.51829268292683,6.51248586309524,6.466822512,126
"123",2011,12,6.45338983050847,59,6.61184210526316,6.16666666666667,5,7.07142857142857,6.37019230769231,38,21,3,7,52,4528,3310,1218,208,1351,3177,6.48020126987632,6.72099725075529,5.82582138752053,5.51081730769231,6.51538193930422,6.46524090336796,127
"124",2012,1,6.77777777777778,81,7.06551724137931,6.05217391304348,5.125,6.98888888888889,6.71746031746032,58,23,4,18,63,4609,3368,1241,212,1369,3240,6.48543097201128,6.726930195962,5.83001647864625,5.50353773584906,6.52160774287801,6.47014516975309,128
"125",2012,2,6.9165,60,7.15195652173913,6.14285714285714,4,6.62666666666667,7.01311111111111,46,14,1,15,45,4669,3414,1255,213,1384,3285,6.49097051831227,6.73265697129467,5.83350633466136,5.49647887323944,6.52274638728323,6.47758305936073,129
"126",2012,3,6.46279069767442,43,7.03103448275862,5.28571428571429,5.16666666666667,6.06153846153846,6.63666666666667,29,14,6,13,30,4712,3443,1269,219,1397,3315,6.49071335950764,6.73517017136219,5.82746292356186,5.48744292237443,6.51845454545454,6.47902273001508,130
"127",2012,4,6.69024390243902,41,6.92413793103448,6.125,7,6.9375,6.63030303030303,29,12,1,8,33,4753,3472,1281,220,1405,3348,6.49243453608247,6.73674853110599,5.83025015612803,5.49431818181818,6.52084056939501,6.48051384408602,131
"128",2012,5,6.42830188679245,53,6.6,5.77272727272727,5.125,6.47142857142857,6.42173913043478,42,11,4,7,46,4806,3514,1292,224,1412,3394,6.49172728880566,6.7351140865111,5.82976041021672,5.48772321428571,6.52059560906515,6.47971725103123,132
"129",2012,6,6.66666666666667,33,7.09523809523809,5.91666666666667,5.75,5.6,6.85714285714286,21,12,4,5,28,4839,3535,1304,228,1417,3422,6.49292030378177,6.73725343705799,5.83056016104295,5.49232456140351,6.5173472124206,6.4828054792519,133
"130",2012,7,7.0272972972973,37,7.03846153846154,7.00090909090909,7.75,7.36363636363636,6.885,26,11,4,11,26,4876,3561,1315,232,1428,3448,6.49697525635767,6.73945265374895,5.84035015209126,5.53125,6.5238662464986,6.48583826856149,134
"131",2012,8,6.93953488372093,43,7.17037037037037,6.55,6.5,7.125,6.89714285714286,27,16,3,8,35,4919,3588,1331,235,1436,3483,6.5008439418581,6.74269534559643,5.84888087903832,5.54361702127659,6.52721518105849,6.48997138960666,135
"132",2012,9,6.66279069767442,43,6.78378378378378,5.91666666666667,6,6.25,6.78787878787879,37,6,2,10,33,4962,3625,1337,237,1446,3516,6.50224734985893,6.74311473103448,5.84918507853403,5.54746835443038,6.52529806362379,6.49276744880546,136
"133",2012,10,6.39,50,7.01666666666667,5.45,6.5,6.34375,6.41176470588235,30,20,4,16,34,5012,3655,1357,241,1462,3550,6.50112756384677,6.74536002735978,5.84330173176124,5.56327800829875,6.52331121751026,6.49199164788732,137
"134",2012,11,6.36160714285714,56,6.66447368421053,5.72222222222222,5.66666666666667,5.8125,6.453125,38,18,3,8,48,5068,3693,1375,244,1470,3598,6.49958590173638,6.74452772813431,5.84171669090909,5.56454918032787,6.51944285714285,6.49147313785436,138
"135",2012,12,6.55172413793103,58,6.82954545454545,5.67857142857143,4.66666666666667,6.53125,6.55952380952381,44,14,3,16,42,5126,3737,1389,247,1486,3640,6.50017583886071,6.74552873963072,5.84007231821454,5.55364372469636,6.51956998654105,6.49225833791209,139
"136",2013,1,6.89371428571429,70,7.03058823529412,6.52631578947368,8,6.82857142857143,6.91,51,19,2,14,56,5196,3788,1408,249,1500,3696,6.50547755003849,6.74936665786695,5.84933270596591,5.57329317269076,6.522454,6.49858775703463,140
"137",2013,2,6.16734693877551,49,6.39285714285714,5.86666666666667,5.875,5.75,6.22558139534884,28,21,4,6,43,5245,3816,1429,253,1506,3739,6.50231865586273,6.74675075995807,5.84958743876837,5.57806324110672,6.5193764940239,6.49544807435143,141
"138",2013,3,6.66914893617021,47,6.98472222222222,5.63636363636364,6,6.16666666666667,6.78815789473684,36,11,1,9,38,5292,3852,1440,254,1515,3777,6.50380033068783,6.74897479231568,5.84795864583333,5.57972440944882,6.51728118811881,6.49839299708764,142
"139",2013,4,6.89390243902439,41,6.99264705882353,6.41428571428571,6,7,6.88243243243243,34,7,1,4,37,5333,3886,1447,255,1519,3814,6.50679942808925,6.75110676788472,5.85069830684174,5.58137254901961,6.51855233706385,6.50211860251704,143
"140",2013,5,6.71292682926829,41,7.0172,6.2375,9,6.986,6.675,25,16,1,5,36,5374,3911,1463,256,1524,3850,6.50837204131001,6.75280769624137,5.85492853725222,5.5947265625,6.52008595800525,6.50373515584416,144
"141",2013,6,6.08333333333333,36,6.58333333333333,5.58333333333333,7.33333333333333,4.5,6.33870967741935,18,18,3,5,31,5410,3929,1481,259,1529,3881,6.50554368761553,6.75203128022398,5.85162758271438,5.61486486486486,6.51348005232178,6.50241699304303,145
"142",2013,7,6.38372093023256,43,6.62857142857143,5.3125,4.5,6.57692307692308,6.3,35,8,2,13,30,5453,3964,1489,261,1542,3911,6.50458304602971,6.75094119576186,5.84873099395567,5.60632183908046,6.5140149156939,6.5008643185886,146
"143",2013,8,6.75982142857143,56,6.89473684210526,6.475,6.25,5.83333333333333,6.93723404255319,38,18,2,9,47,5509,4002,1507,263,1551,3958,6.50717759121438,6.75230657171414,5.85621131386861,5.61121673003802,6.51006511927788,6.50604607124811,147
"144",2013,9,6.32954545454545,44,6.37096774193548,6.23076923076923,4,6.25,6.35294117647059,31,13,2,10,34,5553,4033,1520,265,1561,3992,6.50577009724473,6.74937537813043,5.85941476973684,5.59905660377358,6.50839910313901,6.50474207164329,148
"145",2013,10,6.42037037037037,54,6.78,5.7578947368421,5.83333333333333,6.68181818181818,6.35348837209302,35,19,6,11,43,5607,4068,1539,271,1572,4035,6.50494762796504,6.74963886430679,5.8581614359974,5.60424354243542,6.50961259541984,6.50313019826518,149
"146",2013,11,6.54230769230769,52,6.89705882352941,5.87222222222222,6.125,6,6.6,34,18,4,5,47,5659,4102,1557,275,1577,4082,6.50529092595865,6.7508607752316,5.85832398843931,5.61181818181818,6.50799682942295,6.50424555365017,150
"147",2013,12,6.83283582089552,67,6.96792452830189,6.32142857142857,6.16666666666667,6.90909090909091,6.81785714285714,53,14,3,11,56,5726,4155,1571,278,1588,4138,6.50912353300733,6.7536295788207,5.86245095480586,5.61780575539568,6.51077518891687,6.50848969308845,151
"148",2014,1,6.41866666666667,75,6.92765957446808,5.56428571428571,4.625,5.91764705882353,6.56551724137931,47,28,4,17,58,5801,4202,1599,282,1605,4196,6.50795403378728,6.75557613041409,5.85722979987492,5.60372340425532,6.50449283489096,6.50927796711154,152
"149",2014,2,6.32,70,6.9046511627907,5.38888888888889,5.55555555555556,6.55333333333333,6.25636363636364,43,27,9,15,55,5871,4245,1626,291,1620,4251,6.5057130556975,6.75708619552415,5.84945292127921,5.60223367697594,6.50494506172839,6.50600572806399,153
"150",2014,3,6.35166666666667,60,6.51395348837209,5.94117647058824,5,6.66666666666667,6.29607843137255,43,17,1,9,51,5931,4288,1643,292,1629,4302,6.50415467037599,6.75464806436567,5.85040197808886,5.60017123287671,6.50583855125844,6.50351705020921,154
"151",2014,4,5.97755263157895,38,6.54,5.35261111111111,5,5.97142857142857,5.97893548387097,20,18,1,7,31,5969,4308,1661,293,1636,4333,6.50080220304909,6.75365155524605,5.84500749548465,5.5981228668942,6.50355195599022,6.49976398569121,155
"152",2014,5,6.28979591836735,49,6.64615384615385,4.9,5,5.44444444444444,6.48,39,10,6,9,40,6018,4347,1671,299,1645,4373,6.49908413924892,6.75268711755234,5.83935215439856,5.58612040133779,6.49775744680851,6.49958320375029,156
"153",2014,6,6.68148148148148,54,6.74615384615385,6.51333333333333,5.5,7.56,6.48181818181818,39,15,4,10,44,6072,4386,1686,303,1655,4417,6.50070625,6.75262902416781,5.8453484282325,5.58498349834983,6.50417583081571,6.49940623726511,157
"154",2014,7,6.4648,50,6.77966666666667,5.9925,6.15,6.23333333333333,6.51560975609756,30,20,4,9,41,6122,4416,1706,307,1664,4458,6.50041299411957,6.75281270380435,5.84707353458382,5.59234527687296,6.5027109375,6.49955526020637,158
"155",2014,8,6.30035087719298,57,6.53681818181818,5.5,6,7.1,6.13021276595745,44,13,1,10,47,6179,4460,1719,308,1674,4505,6.49856746237255,6.7506818161435,5.84444877835951,5.59366883116883,6.5062789725209,6.49570196448391,159
"156",2014,9,6.55365853658537,41,6.8037037037037,6.07142857142857,4.66666666666667,7.38571428571429,6.38235294117647,27,14,3,7,34,6220,4487,1733,311,1681,4539,6.49893060289389,6.75100086917762,5.84628242931333,5.58472668810289,6.50994110648423,6.49485290812954,160
"157",2014,10,6.26530612244898,49,6.47297297297297,5.625,5,6.4,6.23076923076923,37,12,2,10,39,6269,4524,1745,313,1691,4578,6.49710453820386,6.74872698938992,5.84476071633238,5.58099041533546,6.50929095209935,6.49260317824378,161
"158",2014,11,6.76860465116279,43,6.935,6.38461538461539,NA,6.72777777777778,6.77941176470588,30,13,0,9,34,6312,4554,1758,313,1700,4612,6.49895411121673,6.74995408432148,5.84875281569966,5.58099041533546,6.51044764705882,6.49471755203816,162
"159",2014,12,6.88108108108108,74,7.23529411764706,6.09565217391304,4.5,7.9,6.83802816901408,51,23,2,3,71,6386,4605,1781,315,1703,4683,6.50338214062011,6.75532918566775,5.85194129702414,5.57412698412698,6.51289547856723,6.49992256032458,163
"160",2015,1,6.72430555555556,72,6.96063829787234,6.28,5.33333333333333,6.625,6.73671875,47,25,3,8,64,6458,4652,1806,318,1711,4747,6.50584520749458,6.75740346087704,5.85786680509413,5.57185534591195,6.51341963763881,6.50311509374342,164
"161",2015,2,6.54296875,64,6.75813953488372,6.10238095238095,5.125,6.91818181818182,6.46509433962264,43,21,4,11,53,6522,4695,1827,322,1722,4800,6.50620949862005,6.75741020234292,5.86067731253421,5.56630434782609,6.51600522648083,6.50269528125,165
"162",2015,3,6.56949152542373,59,7.0275,5.60526315789474,4,6.6,6.56326530612245,40,19,1,10,49,6581,4735,1846,323,1732,4849,6.50677683482753,6.75969184794087,5.85804845612134,5.56145510835913,6.5164901847575,6.50330735203135,166
"163",2015,4,6.31698113207547,53,6.78,5.41666666666667,3.5,7.41666666666667,6.17659574468085,35,18,1,6,47,6634,4770,1864,324,1738,4896,6.50526052909255,6.75984085953878,5.85378618562232,5.55509259259259,6.51959781357882,6.50017102736928,167
"164",2015,5,6.8304347826087,46,7.08181818181818,6.19230769230769,6.5,7.85714285714286,6.64615384615385,33,13,2,7,39,6680,4803,1877,326,1745,4935,6.50749975299401,6.76205307099729,5.85613076718167,5.56088957055215,6.52496332378223,6.50132469098278,168
"165",2015,6,6.798,50,7.03428571428571,6.24666666666667,4.83333333333333,7.07692307692308,6.7,35,15,3,13,37,6730,4838,1892,329,1758,4972,6.50965800148588,6.76402250930136,5.8592269820296,5.55425531914894,6.52904493742889,6.50280316773934,169
"166",2015,7,7.077,50,7.26764705882353,6.671875,5.66666666666667,7.5,7.04021739130435,34,16,3,4,46,6780,4872,1908,332,1762,5018,6.51384193952802,6.76753713054187,5.86604164046122,5.55527108433735,6.53124914869466,6.50772964328418,170
"167",2015,8,6.72463768115942,69,6.9843137254902,5.98888888888889,5.2,6.59230769230769,6.75535714285714,51,18,4,13,56,6849,4923,1926,336,1775,5074,6.5159655935173,6.76978283566931,5.86718974558671,5.55104166666667,6.53169633802817,6.51046262317698,171
"168",2015,9,6.42941176470588,51,6.8225,5,5.5,6.47857142857143,6.42159090909091,40,11,2,7,44,6900,4963,1937,338,1782,5118,6.51532584782609,6.77020771710659,5.86226507485803,5.55073964497041,6.53148765432099,6.50969858343103,172
"169",2015,10,6.41153846153846,52,6.69714285714286,5.82352941176471,5.33333333333333,6.61111111111111,6.36976744186047,35,17,3,9,43,6952,4998,1954,341,1791,5161,6.51454953250863,6.76969605842337,5.86192807062436,5.54882697947214,6.5318877721943,6.50853271652781,173
"170",2015,11,6.45,64,6.76304347826087,5.65,6.5,6.64,6.41481481481481,46,18,4,10,54,7016,5044,1972,345,1801,5215,6.51396071123147,6.76963538858049,5.85999363590264,5.55985507246377,6.53248806218767,6.50756229146693,174
"171",2015,12,6.64953125,64,7.19931818181818,5.44,5,6.85,6.62089285714286,44,20,2,8,56,7080,5088,1992,347,1809,5271,6.51518620762712,6.77335119889937,5.85577683232932,5.55662824207493,6.53389220563847,6.50876633466136,175
"172",2016,1,6.75,92,6.8943661971831,6.26190476190476,6.41666666666667,6.93333333333333,6.71428571428571,71,21,6,15,77,7172,5159,2013,353,1824,5348,6.51819831985499,6.77501665051367,5.86001363636364,5.57124645892351,6.53717708333333,6.51172538332087,176
"173",2016,2,6.48125,48,6.68125,6.08125,5.83333333333333,7.32857142857143,6.33658536585366,32,16,3,7,41,7220,5191,2029,356,1831,5389,6.5179526800554,6.77443862454248,5.86175823065549,5.57345505617978,6.54020262151829,6.5103929022082,177
"174",2016,3,6.42704918032787,61,6.66136363636364,5.82058823529412,6.05,6.625,6.39716981132075,44,17,5,8,53,7281,5235,2046,361,1839,5442,6.51719109325642,6.7734882330468,5.86141615347019,5.58005540166205,6.5405715062534,6.50929021499449,178
"175",2016,4,6.77285714285714,70,6.9921568627451,6.18421052631579,6.25,7.8,6.60166666666667,51,19,4,10,60,7351,5286,2065,365,1849,5502,6.51962567677867,6.77559797578509,5.86438617433414,5.58739726027397,6.54738290968091,6.51029759178481,179
"176",2016,5,6.59272727272727,55,7.01578947368421,5.64705882352941,4,5.7875,6.72978723404255,38,17,1,8,47,7406,5324,2082,366,1857,5549,6.52016855927626,6.7773123403456,5.86261164745437,5.58306010928962,6.54410931610124,6.51215666786809,180
"177",2016,6,6.24074074074074,54,6.63636363636364,5.61904761904762,4.5,5.72727272727273,6.37209302325581,33,21,4,11,43,7460,5357,2103,370,1868,5592,6.51814589142091,6.77644407317528,5.86017948169282,5.57135135135135,6.53929925053533,6.51107964055794,181
"178",2016,7,6.57857142857143,70,6.85849056603774,5.70588235294118,6,7.05,6.5,53,17,1,10,60,7530,5410,2120,371,1878,5652,6.51870761620186,6.77724785582255,5.85894219339623,5.57250673854447,6.54201863684771,6.510962022293,182
"179",2016,8,6.55217391304348,69,6.74375,6.11428571428571,5.5,7.05,6.46779661016949,48,21,4,10,59,7599,5458,2141,375,1888,5711,6.51901149493354,6.77695326126786,5.86144673049977,5.57173333333333,6.54470921610169,6.51051608299773,183
"180",2016,9,6.78409090909091,44,7.109375,5.91666666666667,5.375,6.92857142857143,6.75675675675676,32,12,4,7,37,7643,5490,2153,379,1895,5748,6.52053753107418,6.77889087431694,5.86175450534138,5.56965699208443,6.546127176781,6.51210113952679,184
"181",2016,10,6.64927536231884,69,7.20952380952381,5.77777777777778,5.16666666666667,6.66363636363636,6.64655172413793,42,27,3,11,58,7712,5532,2180,382,1906,5806,6.52168936073651,6.78216032176428,5.8607144266055,5.56649214659686,6.54680535152151,6.51344425594213,185
"182",2016,11,6.78970588235294,68,6.90816326530612,6.48421052631579,4,6.54545454545455,6.83684210526316,49,19,1,11,57,7780,5581,2199,383,1917,5863,6.52403192159383,6.78326660096757,5.86610161437017,5.56240208877285,6.54679760041732,6.51658832508955,186
"183",2016,12,6.36825396825397,63,6.69302325581395,5.67,4.66,6.21428571428571,6.3875,43,20,5,7,56,7843,5624,2219,388,1924,5919,6.52278061328573,6.78257661806543,5.86433413699865,5.55077319587629,6.54558783783783,6.51536701300896,187
"184",2017,1,6.60720720720721,111,7.01232876712329,5.82894736842105,5.875,7.26315789473684,6.47173913043478,73,38,4,19,92,7954,5697,2257,392,1943,6011,6.52395880688961,6.78552060733719,5.86373834736376,5.55408163265306,6.55260473494596,6.51469927632674,188
"185",2017,2,6.79333333333333,60,7.13111111111111,5.78,5,7.08333333333333,6.72083333333333,45,15,3,12,48,8014,5742,2272,395,1955,6059,6.52597558647367,6.7882289968652,5.86318549735916,5.54987341772152,6.55586240409207,6.51633229080707,189
"186",2017,3,6.23032786885246,61,6.84210526315789,5.2195652173913,4.7,6.16666666666667,6.23727272727273,38,23,7,6,55,8075,5780,2295,402,1961,6114,6.52374221052631,6.78858320069204,5.85673527233115,5.53507462686567,6.55467159612442,6.51382194144586,190
"187",2017,4,6.48508771929825,57,6.6046511627907,6.11785714285714,6.71666666666667,6.4375,6.49285714285714,43,14,3,8,49,8132,5823,2309,405,1969,6163,6.52347126783079,6.78722495277348,5.85831851450845,5.54382716049383,6.55419553072625,6.51365525717995,191
"188",2017,5,6.4043661971831,71,6.83489795918367,5.44545454545455,5.53333333333333,6.1375,6.43825396825397,49,22,6,8,63,8203,5872,2331,411,1977,6226,6.52244036937706,6.78762276907357,5.8544219004719,5.54367396593674,6.55250935761254,6.51289228236428,192
"189",2017,6,6.49347826086957,46,6.95806451612903,5.53333333333333,4.33333333333333,6.66666666666667,6.48139534883721,31,15,6,3,43,8249,5903,2346,417,1980,6269,6.52227886410474,6.7885178553278,5.85236890451833,5.52625899280576,6.55268232323232,6.5126762402297,193
"190",2017,7,6.49,56,6.89261904761905,5.28214285714286,NA,7.33222222222222,6.32872340425532,42,14,0,9,47,8305,5945,2360,417,1989,6316,6.52206121011439,6.78925330529857,5.84898620762712,5.52625899280576,6.556209653092,6.511307370171,194
"191",2017,8,6.67254901960784,51,6.92702702702703,6,6,6.38888888888889,6.73333333333333,37,14,2,9,42,8356,5982,2374,419,1998,6358,6.52297969722355,6.7901054663992,5.84987676916596,5.52852028639618,6.55545595595595,6.5127740405788,195
"192",2017,9,6.62469387755102,49,6.93540540540541,5.66666666666667,5.5,6.56777777777778,6.6375,37,12,4,9,40,8405,6019,2386,423,2007,6398,6.52357267697799,6.79099865426151,5.84895534367142,5.52825059101655,6.55551121076233,6.51355382150672,196
"193",2017,10,6.23157894736842,57,6.76052631578947,5.17368421052632,5.36666666666667,6.50714285714286,6.14186046511628,38,19,6,14,43,8462,6057,2405,429,2021,6441,6.52160580831955,6.79080747894998,5.84362056133056,5.52599067599068,6.55517615042058,6.51107240335352,197
"194",2017,11,6.56755384615385,65,6.77325581395349,6.1655,6.3782,6.55,6.56901666666667,43,22,5,5,60,8527,6100,2427,434,2026,6501,6.5219560630937,6.79068375409836,5.84653829831067,5.53580875576037,6.55516337611056,6.51160719120136,198
"195",2017,12,6.475625,80,6.67767857142857,6.00416666666667,5.4,7.00833333333333,6.38161764705882,56,24,5,12,68,8607,6156,2451,439,2038,6569,6.52152542697804,6.78965576673164,5.84808178294574,5.53426195899772,6.55783169774288,6.51026158471609,199
"196",2018,1,6.52871287128713,101,6.8972972972973,5.51851851851852,5.6875,7.25,6.44945054945055,74,27,8,10,91,8708,6230,2478,447,2048,6660,6.52160879076711,6.79093433386838,5.84449089991929,5.53700447427293,6.56121142578125,6.50943068318319,200
"197",2018,2,6.64631578947368,57,6.81317073170732,6.21875,5.66666666666667,7.19142857142857,6.57,41,16,3,7,50,8765,6271,2494,450,2055,6710,6.52241977752425,6.79107971615372,5.84689192060946,5.53786888888889,6.56335815085158,6.50988201937407,201
"198",2018,3,6.43120689655172,58,6.99,5.18944444444444,5.66666666666667,6.44,6.42813953488372,40,18,3,15,43,8823,6311,2512,453,2070,6753,6.5218201688768,6.79234050071304,5.8421809116242,5.53872185430464,6.56246425120773,6.50936152080557,202
"199",2018,4,6.76797101449275,69,7.37895833333333,5.37142857142857,4.8,6.72785714285714,6.77818181818182,48,21,5,14,55,8892,6359,2533,458,2084,6808,6.5237302462888,6.79676850133669,5.8382781089617,5.53065720524017,6.56357533589251,6.51153324764983,203
"200",2018,5,6.87081632653061,49,7.18527777777778,6,6,7.71428571428571,6.7302380952381,36,13,1,7,42,8941,6395,2546,459,2091,6850,6.52563240688961,6.79895557466771,5.83910386881383,5.53167973856209,6.56742754662841,6.51287421167883,204
"201",2018,6,6.89285714285714,42,7.17241379310345,6.26923076923077,6,7.47777777777778,6.73333333333333,29,13,2,9,33,8983,6424,2559,461,2100,6883,6.52734936546811,6.80064148505604,5.84128896053146,5.5337114967462,6.57132904761905,6.51393118552957,205
"202",2018,7,6.30483333333333,60,6.58657894736842,5.81818181818182,6.6,6.55,6.27245283018868,38,22,5,7,53,9043,6462,2581,466,2107,6936,6.52587297909986,6.79938268337976,5.84109199922511,5.54515236051502,6.57125818699573,6.51208597895041,206
"203",2018,8,6.69166666666667,60,6.9875,6.1,4.33333333333333,7,6.64423076923077,40,20,3,8,52,9103,6502,2601,469,2115,6988,6.52696576403383,6.80053997231621,5.84308283352557,5.53740085287847,6.57287990543735,6.51306931167716,207
"204",2018,9,6.83035714285714,56,7.01219512195122,6.33333333333333,6,7,6.81,41,15,1,6,50,9159,6543,2616,470,2121,7038,6.52882076100011,6.80186625401192,5.8458939029052,5.53838510638298,6.57408816595945,6.51517879369139,208
"205",2018,10,6.50915492957746,71,6.58409090909091,6.38703703703704,6.625,7.39583333333333,6.32881355932203,44,27,6,12,59,9230,6587,2643,476,2133,7097,6.52866948537378,6.80041155305905,5.85142203934922,5.55208193277311,6.57871120487576,6.51362947019868,209
"206",2018,11,6.50566037735849,53,6.75,6.13333333333333,6.66666666666667,7.33333333333333,6.456,32,21,3,3,50,9283,6619,2664,479,2136,7147,6.52853811806528,6.8001678350204,5.85364431306306,5.55906263048017,6.57977106741573,6.51322629774731,210
"207",2018,12,6.42888888888889,72,6.40857142857143,6.5,5.66666666666667,6.625,6.404375,56,16,3,8,64,9355,6675,2680,482,2144,7211,6.5277711758418,6.79688253183521,5.85750315298507,5.55973236514523,6.57993983208955,6.51226020662876,211
"208",2019,1,6.28748223404255,94,6.450619,5.81166666666667,6.33333333333333,5.96428571428571,6.31348655172414,70,24,3,7,87,9449,6745,2704,485,2151,7298,6.52538074716901,6.79328898888065,5.85709632026627,5.5645175257732,6.57793630869363,6.50989061112634,212
"209",2019,2,6.68220338983051,59,7.02142857142857,6.1875,4.75,6.66666666666667,6.685,35,24,4,9,50,9508,6780,2728,489,2160,7348,6.52635387883887,6.79446670058997,5.86000309750733,5.55785480572597,6.57830601851852,6.51108215568863,213
"210",2019,3,6.73296296296296,54,6.96086956521739,5.4225,6.1675,6.40625,6.78978260869565,46,8,4,8,46,9562,6826,2736,493,2168,7394,6.52752067349927,6.79558807940228,5.85872384868421,5.56280121703854,6.57767112546125,6.51281602380309,214
"211",2019,4,6.51078431372549,51,6.61666666666667,6.16666666666667,6,7.66666666666667,6.43854166666667,39,12,3,3,48,9613,6865,2748,496,2171,7442,6.52743188182669,6.79457162855062,5.86006857714701,5.56544556451613,6.57917595578074,6.51233696318194,215
"212",2019,5,6.50833333333333,48,6.72857142857143,5.91538461538462,5,6.55555555555556,6.4974358974359,35,13,1,9,39,9661,6900,2761,497,2180,7481,6.52733699202981,6.79423684492754,5.86032902933719,5.5643078470825,6.57907844036697,6.51225928084481,216
"213",2019,6,7.16833333333333,36,7.69391304347826,6.23846153846154,6.025,6.33333333333333,7.33533333333333,23,13,4,6,30,9697,6923,2774,501,2186,7511,6.52971668351036,6.7972258023978,5.86210109949531,5.56798602794411,6.57840393412626,6.51554675542538,217
"214",2019,7,6.37630769230769,65,6.57673076923077,5.57461538461538,5,6.57,6.34109090909091,52,13,1,10,55,9762,6975,2787,502,2196,7566,6.52869521409547,6.79558196845878,5.86076011840689,5.56685458167331,6.57836566484517,6.51427857256146,218
"215",2019,8,6.51753846153846,65,6.96636363636364,5.57714285714286,10,6.69,6.49333333333333,44,21,1,8,57,9827,7019,2808,503,2204,7623,6.52862141854076,6.79665254737142,5.8586390491453,5.57566799204771,6.57877087114337,6.51412195723469,219
"216",2019,9,6.5971875,64,6.88304347826087,5.86666666666667,6,6.5,6.60724137931035,46,18,2,6,58,9891,7065,2826,505,2210,7681,6.52906507734304,6.79721503609342,5.85869018046709,5.57734851485149,6.57855701357466,6.51482511131364,220
"217",2019,10,6.35978260869565,46,7.22083333333333,5.42045454545455,5.66666666666667,5,6.48928571428571,24,22,3,4,42,9937,7089,2848,508,2214,7723,6.5282814410788,6.79864920722246,5.85530493328651,5.57787598425197,6.57570505871725,6.51468622038069,221
"218",2019,11,6.41016949152542,59,7.0375,5.66666666666667,4.6,7.0625,6.3078431372549,32,27,5,8,51,9996,7121,2875,513,2222,7774,6.52758430172069,6.79972254318214,5.85353337391304,5.56834502923977,6.57745769576958,6.51332926164137,222
"219",2019,12,6.31315789473684,76,6.916,5.15384615384615,5.7,6.21428571428571,6.3231884057971,50,26,5,7,69,10072,7171,2901,518,2229,7843,6.52596631056394,6.80053329103333,5.8472624784557,5.56961583011583,6.57631718259309,6.5116564681882,223
"220",2020,1,6.54181818181818,110,6.92054794520548,5.79459459459459,6.05,6.8,6.48444444444444,73,37,10,20,90,10182,7244,2938,528,2249,7933,6.52613756432921,6.80174271535063,5.84659920013614,5.57871401515152,6.5783063583815,6.51134774738435,224
"221",2020,2,6.60702898550725,69,6.96563829787234,5.84090909090909,6,7.07142857142857,6.55459677419355,47,22,2,7,62,10251,7291,2960,530,2256,7995,6.52668204858063,6.80279923604444,5.84655690878378,5.58030377358491,6.57983643617021,6.51168313696061,225
"222",2020,3,6.59067567567568,74,6.83415094339623,5.97619047619048,6.83333333333333,6.23333333333333,6.68152542372881,53,21,3,15,59,10325,7344,2981,533,2271,8054,6.52714069539952,6.80302549428104,5.847470127474,5.5873564727955,6.57754777630999,6.51292732555252,226
"223",2020,4,6.79818181818182,88,7.06169491525424,6.26206896551724,6.0625,6.65625,6.82972222222222,59,29,8,16,72,10413,7403,3010,541,2287,8126,6.52943125708249,6.80508702282858,5.8514646013289,5.59438262476895,6.57809838216003,6.51573427024367,227
"224",2020,5,6.68987341772152,79,6.99122807017544,5.90909090909091,6.66666666666667,6.38461538461539,6.75,57,22,3,13,66,10492,7460,3032,544,2300,8192,6.53063931376287,6.80650928016086,5.85188273416886,5.60029595588235,6.57700478260869,6.51762166503907,228
"225",2020,6,6.89420289855072,69,6.94489795918367,6.77,8.45,6.9875,6.88196721311475,49,20,2,8,61,10561,7509,3052,546,2308,8253,6.53301464634031,6.80741233586363,5.8578992300131,5.61073443223443,6.57842764298094,6.5203146346783,229
"226",2020,7,6.55743243243243,74,6.9156862745098,5.76304347826087,7,6.21538461538462,6.63032786885246,51,23,4,13,61,10635,7560,3075,550,2321,8314,6.53318454913023,6.808142755291,5.8571897398374,5.62083818181818,6.57639422662645,6.52112180418572,230
"227",2020,8,6.54916666666667,84,6.72344262295082,6.08695652173913,5.5,6.29090909090909,6.58808219178082,61,23,4,11,73,10719,7621,3098,554,2332,8387,6.53330979382405,6.80746479858286,5.85889556165268,5.61996570397112,6.57504759862779,6.52170462382259,231
"228",2020,9,6.30138888888889,72,6.53695652173913,5.88461538461539,5.1,6.25833333333333,6.31,46,26,4,12,60,10791,7667,3124,558,2344,8447,6.53176236493374,6.80584181948611,5.8591096190781,5.61623835125448,6.57342619453925,6.52020086184445,232
"229",2020,10,6.61714285714286,70,6.73,6.46666666666667,7.25,7.125,6.51206896551724,40,30,4,12,58,10861,7707,3154,562,2356,8505,6.53231264892736,6.80544819384974,5.86488853836398,5.62786654804271,6.57623556876061,6.52014540623163,233
"230",2020,11,6.86823529411765,85,7.18360655737705,6.06666666666667,5.16666666666667,7.15384615384615,6.81666666666667,61,24,3,13,72,10946,7768,3178,565,2369,8577,6.53492122053718,6.80841776905252,5.86641235053493,5.62541769911504,6.57940523427607,6.52263456686488,234
"231",2020,12,6.28636363636364,99,6.95075757575758,4.95757575757576,4.96666666666667,6.69928571428571,6.21835294117647,66,33,6,14,85,11045,7834,3211,571,2383,8662,6.53269331643278,6.80961695557825,5.8570720803488,5.61849562171629,6.58010952580781,6.51964865850843,235
"232",2021,1,6.78644628099174,121,6.97988764044944,6.2484375,5.5,6.92428571428571,6.7575,89,32,2,21,100,11166,7923,3243,573,2404,8762,6.53544310227476,6.81152962640414,5.86093384212149,5.61808202443281,6.58311605657238,6.52236323670395,236
"233",2021,2,6.66897435897436,78,7.04384615384615,5.91923076923077,5.25,5.38,6.85852941176471,52,26,2,10,68,11244,7975,3269,575,2414,8830,6.53636941302028,6.81304441755486,5.86139750688284,5.61680173913044,6.57813214581607,6.52495205889015,237
"234",2021,3,6.92391972222222,72,7.23572980392157,6.16666666666667,NA,7.72727272727273,6.77905278688525,51,21,0,11,61,11316,8026,3290,575,2425,8891,6.53883526864617,6.81573030774981,5.86334603343465,5.61680173913044,6.58334474226804,6.52669541108987,238
"235",2021,4,6.58472222222222,72,6.88717948717949,6.22727272727273,6.33333333333333,6.07142857142857,6.64,39,33,3,7,65,11388,8065,3323,578,2432,8956,6.53912538637162,6.81607581525108,5.86696011134517,5.62052076124568,6.58187129934211,6.52751774229567,239
"236",2021,5,6.96830985915493,71,7.32291666666667,6.22826086956522,6.66666666666667,7.33333333333333,6.91532258064516,48,23,3,9,62,11459,8113,3346,581,2441,9018,6.54178461471333,6.81907450388265,5.86944364913329,5.62592254733219,6.58464195002048,6.5301839543136,240
"237",2021,6,6.64242428571429,77,7.03856215686274,5.86538461538461,6.75,6.51,6.66218910447761,51,26,4,10,67,11536,8164,3372,585,2451,9085,6.54245636009015,6.82044562959333,5.86941235172004,5.63360854700855,6.5843374133007,6.53115746505229,241
"238",2021,7,6.82349206349206,63,6.93955555555556,6.53333333333333,4,6.61666666666667,6.8721568627451,45,18,1,12,51,11599,8209,3390,586,2463,9136,6.54398280627641,6.82109856498964,5.8729375958702,5.63082081911263,6.58449492488835,6.53306102999125,242
"239",2021,8,6.50243902439024,82,7.08367346938776,5.63939393939394,5.57142857142857,6.56666666666667,6.49452054794521,49,33,7,9,73,11681,8258,3423,593,2472,9209,6.54369117113261,6.82265658997336,5.87068607946246,5.6301197301855,6.58443001618123,6.5327555185145,243
"240",2021,9,6.49962958333333,72,6.85621204545455,5.93928571428571,5,6.5,6.49957666666667,44,28,4,9,63,11753,8302,3451,597,2481,9272,6.54342124563941,6.82283443146229,5.87124266879165,5.62589782244556,6.58412374042725,6.53253007981018,244
"241",2021,10,6.5256976744186,86,6.95909090909091,5.75677419354839,4,7.31363636363636,6.41013333333333,55,31,2,11,75,11839,8357,3482,599,2492,9347,6.5432924993665,6.82373117745602,5.87022356404365,5.62046911519199,6.58734390048154,6.53154797261154,245
"242",2021,11,6.81803278688525,61,7.31315789473684,6,6,7.18181818181818,6.738,38,23,4,11,50,11900,8395,3505,603,2503,9397,6.54470083193277,6.82594656938654,5.87107516405135,5.62298673300166,6.58995645225729,6.53264647227839,246
"243",2021,12,6.78329222222222,81,7.28258510204082,6.01875,5.83333333333333,7.83333333333333,6.65203708333333,49,32,3,9,72,11981,8444,3537,606,2512,9469,6.54631387780653,6.82859641402179,5.87241121006502,5.62402805280528,6.59441122611465,6.53355428978773,247
"244",2022,1,6.58090551181102,127,7.10753012048193,5.5875,6,5.95,6.63482905982906,83,44,3,10,117,12108,8527,3581,609,2522,9586,6.54667670713578,6.83131149525038,5.86891048589779,5.62588013136289,6.5918560666138,6.53479037867724,248
"245",2022,2,6.80453819277108,83,7.32405235294118,5.9765625,5.8,6.609375,6.85114432835821,51,32,5,16,67,12191,8578,3613,614,2538,9653,6.54843230579936,6.83424105735602,5.86986394962635,5.62729804560261,6.59196650906225,6.53698614316793,249
"246",2022,3,7.0003488372093,86,7.13333333333333,6.69346153846154,5,7.6875,6.92987179487179,60,26,1,8,78,12277,8638,3639,615,2546,9731,6.55159796693003,6.83631856795554,5.87574840615553,5.62627804878049,6.59540887666929,6.54013536532731,250
"247",2022,4,6.58823529411765,68,6.96739130434783,5.79545454545455,6.66666666666667,7.36666666666667,6.51290322580645,46,22,3,6,62,12345,8684,3661,618,2552,9793,6.55179977642771,6.83701287309995,5.87526589729582,5.6313284789644,6.59722217868339,6.53996295721434,251
"248",2022,5,6.23271276595745,94,6.80673076923077,5.52202380952381,4.93333333333333,5.67941176470588,6.35487012987013,52,42,3,17,77,12439,8736,3703,621,2569,9870,6.5493884749578,6.83683262248168,5.87125937078044,5.62795652173913,6.59114869599066,6.53851897061804,252
"249",2022,6,6.36521739130435,69,7.10606060606061,5.68611111111111,4.5,7.38571428571429,6.25,33,36,4,7,62,12508,8769,3739,625,2576,9932,6.54837250079949,6.83784579655605,5.86947671837389,5.6207376,6.59330784161491,6.53671790575917,253
"250",2022,7,6.43764705882353,85,6.78793103448276,5.68518518518519,6,5.90909090909091,6.51621621621622,58,27,4,11,74,12593,8827,3766,629,2587,10006,6.54762512824585,6.83751781919112,5.868155456718,5.62314944356121,6.59039853111713,6.53656628422947,254
"251",2022,8,6.81736842105263,95,7.05677966101695,6.425,5.8,6.98076923076923,6.79146341463415,59,36,5,13,82,12688,8886,3802,634,2600,10088,6.54964480138714,6.83897364280891,5.87342805102577,5.62454416403786,6.59235038461539,6.53863820777161,255
"252",2022,9,6.49306666666667,75,6.76938775510204,5.97230769230769,5.57,6.5,6.492,49,26,4,10,65,12763,8935,3828,638,2610,10153,6.54931232782261,6.83859203021824,5.87409964733542,5.62420219435737,6.59199655172414,6.53833962769625,256
"253",2022,10,6.95775757575758,66,7.4936,5.80952380952381,5.2,7.71428571428571,6.868,45,21,5,7,59,12829,8980,3849,643,2617,10212,6.55141361290825,6.84187436414254,5.87374732398025,5.62090357698289,6.59499847153229,6.54024424598512,257
"254",2022,11,6.58654761904762,84,7.03448979591837,5.95942857142857,5.6,6.75625,6.56868421052632,49,35,6,8,76,12913,9029,3884,649,2625,10288,6.55164216216216,6.84291967992025,5.87451942584963,5.62071032357473,6.59548990476191,6.54045433903577,258
"255",2022,12,6.37191056910569,123,6.76467948717949,5.69111111111111,5.75,6.97342105263158,6.26201923076923,78,45,6,19,104,13036,9107,3929,655,2644,10392,6.54994632095735,6.84224956516965,5.87241879613133,5.62189465648855,6.59820574886536,6.53766784449577,259
