"","year","month","avg_rating","no_ratings","avg_rating_owned","avg_rating_not_owned","avg_rating_prev_owned","avg_rating_comment","avg_rating_no_comment","no_ratings_owned","no_ratings_not_owned","no_ratings_prev_owned","no_ratings_comment","no_ratings_no_comment","cum_no_ratings","cum_no_ratings_owned","cum_no_ratings_not_owned","cum_no_ratings_prev_owned","cum_no_ratings_comment","cum_no_ratings_no_comment","cum_avg_rating","cum_avg_rating_owned","cum_avg_rating_not_owned","cum_avg_rating_prev_owned","cum_avg_rating_comment","cum_avg_rating_no_comment","month_after_release"
"1",2001,10,7,1,7,NA,NA,NA,7,1,0,0,0,1,1,1,0,0,0,1,7,7,NA,NA,NA,7,5
"2",2001,11,6.8,5,7.66666666666667,5.5,NA,5,7.25,3,2,0,1,4,6,4,2,0,1,5,6.83333333333333,7.5,5.5,NA,5,7.2,6
"3",2001,12,7,1,7,NA,NA,NA,7,1,0,0,0,1,7,5,2,0,1,6,6.85714285714286,7.4,5.5,NA,5,7.16666666666667,7
"4",2002,1,6.75,4,6.75,NA,NA,5,7.33333333333333,4,0,0,1,3,11,9,2,0,2,9,6.81818181818182,7.11111111111111,5.5,NA,5,7.22222222222222,8
"5",2002,2,9.5,2,9.5,NA,NA,10,9,2,0,0,1,1,13,11,2,0,3,10,7.23076923076923,7.54545454545455,5.5,NA,6.66666666666667,7.4,9
"6",2002,3,8.25,4,8.25,NA,NA,10,7.66666666666667,4,0,0,1,3,17,15,2,0,4,13,7.47058823529412,7.73333333333333,5.5,NA,7.5,7.46153846153846,10
"7",2002,5,8,1,8,NA,NA,8,NA,1,0,0,1,0,18,16,2,0,5,13,7.5,7.75,5.5,NA,7.6,7.46153846153846,12
"8",2002,6,7,5,7.25,6,6,7,7,4,1,1,2,3,23,20,3,1,7,16,7.39130434782609,7.65,5.66666666666667,6,7.42857142857143,7.375,13
"9",2002,7,5.33333333333333,3,5.33333333333333,NA,NA,4.5,7,3,0,0,2,1,26,23,3,1,9,17,7.15384615384615,7.34782608695652,5.66666666666667,6,6.77777777777778,7.35294117647059,14
"10",2002,8,8,8,8.14285714285714,7,NA,NA,8,7,1,0,0,8,34,30,4,1,9,25,7.35294117647059,7.53333333333333,6,6,6.77777777777778,7.56,15
"11",2002,9,6.6,5,7,5,NA,8,6.25,4,1,0,1,4,39,34,5,1,10,29,7.25641025641026,7.47058823529412,5.8,6,6.9,7.37931034482759,16
"12",2002,10,8.8,5,9,8,NA,8,9.33333333333333,4,1,0,2,3,44,38,6,1,12,32,7.43181818181818,7.63157894736842,6.16666666666667,6,7.08333333333333,7.5625,17
"13",2002,11,7.5,8,7.71428571428571,6,NA,6.5,7.83333333333333,7,1,0,2,6,52,45,7,1,14,38,7.44230769230769,7.64444444444444,6.14285714285714,6,7,7.60526315789474,18
"14",2002,12,6.5,4,6.66666666666667,6,NA,8,6,3,1,0,1,3,56,48,8,1,15,41,7.375,7.58333333333333,6.125,6,7.06666666666667,7.48780487804878,19
"15",2003,1,7.27777777777778,9,7.25,7.3,NA,9,7.0625,4,5,0,1,8,65,52,13,1,16,49,7.36153846153846,7.55769230769231,6.57692307692308,6,7.1875,7.41836734693878,20
"16",2003,2,7.66666666666667,6,7.8,7,NA,10,7.2,5,1,0,1,5,71,57,14,1,17,54,7.38732394366197,7.57894736842105,6.60714285714286,6,7.35294117647059,7.39814814814815,21
"17",2003,3,8.25,4,8.25,NA,NA,9,7.5,4,0,0,2,2,75,61,14,1,19,56,7.43333333333333,7.62295081967213,6.60714285714286,6,7.52631578947368,7.40178571428571,22
"18",2003,4,7.5,2,8,7,NA,NA,7.5,1,1,0,0,2,77,62,15,1,19,58,7.43506493506494,7.62903225806452,6.63333333333333,6,7.52631578947368,7.4051724137931,23
"19",2003,5,6.68421052631579,19,7,5.5,NA,6.55555555555556,6.8,15,4,0,9,10,96,77,19,1,28,68,7.28645833333333,7.50649350649351,6.39473684210526,6,7.21428571428571,7.31617647058824,24
"20",2003,6,7.57692307692308,13,7.71428571428571,7.41666666666667,NA,8.25,7,7,6,0,6,7,109,84,25,1,34,75,7.32110091743119,7.52380952380952,6.64,6,7.39705882352941,7.28666666666667,25
"21",2003,7,6.9125,40,7,6.76666666666667,NA,6.45454545454545,7.08620689655172,25,15,0,11,29,149,109,40,1,45,104,7.21140939597315,7.40366972477064,6.6875,6,7.16666666666667,7.23076923076923,26
"22",2003,8,6.33333333333333,6,6.8,4,NA,6,6.4,5,1,0,1,5,155,114,41,1,46,109,7.17741935483871,7.37719298245614,6.6219512195122,6,7.14130434782609,7.19266055045872,27
"23",2003,9,7,10,7.625,4.5,NA,7,7,8,2,0,6,4,165,122,43,1,52,113,7.16666666666667,7.39344262295082,6.52325581395349,6,7.125,7.1858407079646,28
"24",2003,10,6.75,6,6.9,6,NA,7,6.625,5,1,0,2,4,171,127,44,1,54,117,7.15204678362573,7.3740157480315,6.51136363636364,6,7.12037037037037,7.16666666666667,29
"25",2003,11,7.2,5,7.25,7,7,8.5,6.33333333333333,4,1,1,2,3,176,131,45,2,56,120,7.15340909090909,7.37022900763359,6.52222222222222,6.5,7.16964285714286,7.14583333333333,30
"26",2003,12,6.83333333333333,6,6.75,7,NA,8,6.25,4,2,0,2,4,182,135,47,2,58,124,7.14285714285714,7.35185185185185,6.54255319148936,6.5,7.19827586206897,7.11693548387097,31
"27",2004,1,7.26666666666667,15,7.5,6.33333333333333,NA,8.83333333333333,6.22222222222222,12,3,0,6,9,197,147,50,2,64,133,7.15228426395939,7.36394557823129,6.53,6.5,7.3515625,7.05639097744361,32
"28",2004,2,7.55555555555556,9,8,6.66666666666667,NA,6.66666666666667,8,6,3,0,3,6,206,153,53,2,67,139,7.16990291262136,7.38888888888889,6.5377358490566,6.5,7.32089552238806,7.09712230215827,33
"29",2004,3,7.44444444444444,9,7.5,7.25,7,9,7.25,7,2,1,1,8,215,160,55,3,68,147,7.18139534883721,7.39375,6.56363636363636,6.66666666666667,7.34558823529412,7.10544217687075,34
"30",2004,4,7.5,7,7.5,NA,NA,NA,7.5,7,0,0,0,7,222,167,55,3,68,154,7.19144144144144,7.39820359281437,6.56363636363636,6.66666666666667,7.34558823529412,7.12337662337662,35
"31",2004,5,6.625,4,7.16666666666667,5,NA,6.75,6.5,3,1,0,2,2,226,170,56,3,70,156,7.18141592920354,7.39411764705882,6.53571428571429,6.66666666666667,7.32857142857143,7.11538461538461,36
"32",2004,6,7.33333333333333,9,7.33333333333333,NA,NA,8.25,6.6,9,0,0,4,5,235,179,56,3,74,161,7.18723404255319,7.39106145251397,6.53571428571429,6.66666666666667,7.37837837837838,7.09937888198758,37
"33",2004,7,7.27272727272727,11,7.27272727272727,NA,NA,7.71428571428571,6.5,11,0,0,7,4,246,190,56,3,81,165,7.19105691056911,7.38421052631579,6.53571428571429,6.66666666666667,7.40740740740741,7.08484848484848,38
"34",2004,8,7.1,13,7.35833333333333,4,NA,6.61428571428571,7.66666666666667,12,1,0,7,6,259,202,57,3,88,171,7.18648648648649,7.38267326732673,6.49122807017544,6.66666666666667,7.34431818181818,7.10526315789474,39
"35",2004,9,6.45833333333333,12,6.45833333333333,NA,NA,6.75,6.3125,12,0,0,4,8,271,214,57,3,92,179,7.15424354243542,7.33084112149533,6.49122807017544,6.66666666666667,7.31847826086956,7.06983240223464,40
"36",2004,10,6.95454545454545,11,6.95454545454545,NA,NA,7.16666666666667,6.7,11,0,0,6,5,282,225,57,3,98,184,7.14645390070922,7.31244444444444,6.49122807017544,6.66666666666667,7.30918367346939,7.05978260869565,41
"37",2004,11,7.25,10,7.25,NA,NA,7.5,7.14285714285714,10,0,0,3,7,292,235,57,3,101,191,7.15,7.30978723404255,6.49122807017544,6.66666666666667,7.31485148514851,7.06282722513089,42
"38",2004,12,7.22222222222222,9,7.375,6,NA,6.8,7.75,8,1,0,5,4,301,243,58,3,106,195,7.15215946843854,7.3119341563786,6.48275862068965,6.66666666666667,7.29056603773585,7.07692307692308,43
"39",2005,1,6.425,16,6.72,2,NA,6.875,6.275,15,1,0,4,12,317,258,59,3,110,207,7.11545741324921,7.27751937984496,6.40677966101695,6.66666666666667,7.27545454545455,7.0304347826087,44
"40",2005,2,7.67857142857143,14,7.69230769230769,7.5,NA,7.75,7.58333333333333,13,1,0,8,6,331,271,60,3,118,213,7.1392749244713,7.29741697416974,6.425,6.66666666666667,7.30762711864407,7.04600938967136,45
"41",2005,3,6.95,14,7.06363636363636,6.53333333333333,NA,7.6375,6.03333333333333,11,3,0,8,6,345,282,63,3,126,219,7.13159420289855,7.28829787234042,6.43015873015873,6.66666666666667,7.32857142857143,7.01826484018265,46
"42",2005,4,6.16666666666667,6,6.4,5,NA,6.66666666666667,5.66666666666667,5,1,0,3,3,351,287,64,3,129,222,7.11509971509972,7.27282229965157,6.4078125,6.66666666666667,7.31317829457364,7,47
"43",2005,5,6.125,8,6,6.5,NA,8,5.85714285714286,6,2,0,1,7,359,293,66,3,130,229,7.09303621169917,7.24675767918089,6.41060606060606,6.66666666666667,7.31846153846154,6.96506550218341,48
"44",2005,6,7,10,7.14285714285714,6.66666666666667,NA,6.875,7.5,7,3,0,8,2,369,300,69,3,138,231,7.09051490514905,7.24433333333333,6.42173913043478,6.66666666666667,7.29275362318841,6.96969696969697,49
"45",2005,7,6.5,9,6.75,6,6,6.66666666666667,6.41666666666667,6,3,1,3,6,378,306,72,4,141,237,7.07645502645503,7.23464052287582,6.40416666666667,6.5,7.27943262411348,6.95569620253165,50
"46",2005,8,7.84615384615385,13,8.11111111111111,7.25,NA,8,7.66666666666667,9,4,0,7,6,391,315,76,4,148,243,7.10204603580563,7.25968253968254,6.44868421052632,6.5,7.31351351351351,6.97325102880658,51
"47",2005,9,7.1875,16,7.4,4,NA,7.55555555555556,6.71428571428571,15,1,0,9,7,407,330,77,4,157,250,7.10540540540541,7.26606060606061,6.41688311688312,6.5,7.32738853503185,6.966,52
"48",2005,10,7.21428571428571,21,7.36666666666667,6.83333333333333,NA,7.04166666666667,7.44444444444444,15,6,0,12,9,428,345,83,4,169,259,7.1107476635514,7.2704347826087,6.44698795180723,6.5,7.30710059171598,6.98262548262548,53
"49",2005,11,6.96842105263158,19,7.42142857142857,5.7,NA,7.375,6.27142857142857,14,5,0,12,7,447,359,88,4,181,266,7.10469798657718,7.27632311977716,6.40454545454546,6.5,7.31160220994475,6.96390977443609,54
"50",2005,12,6.89583333333333,24,6.9,6.875,6.5,7.125,6.78125,20,4,1,8,16,471,379,92,5,189,282,7.09405520169851,7.25646437994723,6.425,6.5,7.3037037037037,6.95354609929078,55
"51",2006,1,6.73684210526316,19,7.21428571428571,5.4,NA,6.875,6.63636363636364,14,5,0,8,11,490,393,97,5,197,293,7.08020408163265,7.25496183206107,6.37216494845361,6.5,7.28629441624366,6.94163822525597,56
"52",2006,2,7.13684210526316,19,7.27058823529412,6,NA,7.19090909090909,7.0625,17,2,0,11,8,509,410,99,5,208,301,7.08231827111984,7.25560975609756,6.36464646464646,6.5,7.28125,6.94485049833887,57
"53",2006,3,7.26315789473684,19,7.16666666666667,9,NA,7.22222222222222,7.3,18,1,0,9,10,528,428,100,5,217,311,7.08882575757576,7.2518691588785,6.391,6.5,7.27880184331797,6.95627009646302,58
"54",2006,4,7.44117647058824,17,7.25,8.33333333333333,NA,7.33333333333333,7.46428571428571,14,3,0,3,14,545,442,103,5,220,325,7.09981651376147,7.25180995475113,6.44757281553398,6.5,7.27954545454545,6.97815384615385,59
"55",2006,5,7.14166666666667,12,7.52222222222222,6,NA,6.875,7.675,9,3,0,8,4,557,451,106,5,228,329,7.10071813285458,7.25720620842572,6.43490566037736,6.5,7.26535087719298,6.98662613981763,60
"56",2006,6,6.73076923076923,13,6.73076923076923,NA,NA,6.875,6.66666666666667,13,0,0,4,9,570,464,106,5,232,338,7.09228070175439,7.24245689655172,6.43490566037736,6.5,7.25862068965517,6.97810650887574,61
"57",2006,7,7.175,20,7.52777777777778,4,NA,7.33333333333333,7.04545454545455,18,2,0,9,11,590,482,108,5,241,349,7.09508474576271,7.25311203319502,6.38981481481482,6.5,7.26141078838174,6.98022922636103,62
"58",2006,8,7.16666666666667,27,7.45454545454545,5.9,8,7.13636363636364,7.1875,22,5,1,11,16,617,504,113,6,252,365,7.09821717990276,7.26190476190476,6.36814159292035,6.75,7.25595238095238,6.98931506849315,63
"59",2006,9,6.45454545454545,22,7.11764705882353,4.2,NA,7.18181818181818,5.72727272727273,17,5,0,11,11,639,521,118,6,263,376,7.07605633802817,7.25719769673704,6.27627118644068,6.75,7.25285171102662,6.95239361702128,64
"60",2006,10,7.225,20,7.38235294117647,6.33333333333333,NA,7.16666666666667,7.27272727272727,17,3,0,9,11,659,538,121,6,272,387,7.08057663125948,7.26115241635688,6.27768595041322,6.75,7.25,6.96149870801034,65
"61",2006,11,7.19545454545455,22,7.46111111111111,6,6,6.7,7.53846153846154,18,4,1,9,13,681,556,125,7,281,400,7.08428781204112,7.26762589928058,6.2688,6.64285714285714,7.23238434163701,6.98025,66
"62",2006,12,6.66176470588235,34,7.16666666666667,4.71428571428571,NA,6.625,6.68181818181818,27,7,0,12,22,715,583,132,7,293,422,7.0641958041958,7.26295025728988,6.18636363636364,6.64285714285714,7.20750853242321,6.96469194312796,67
"63",2007,1,6.86904761904762,42,6.9625,5,NA,7,6.82258064516129,40,2,0,11,31,757,623,134,7,304,453,7.05336856010568,7.24365971107544,6.16865671641791,6.64285714285714,7.2,6.95496688741722,68
"64",2007,2,6.97569107142857,28,7.25238095238095,6.14562142857143,NA,7.28571428571429,6.87235,21,7,0,7,21,785,644,141,7,311,474,7.05059789808917,7.24394409937888,6.16751312056738,6.64285714285714,7.20192926045016,6.95130664556962,69
"65",2007,3,6.92666666666667,30,7.2,5.83333333333333,6,6.77777777777778,6.99047619047619,24,6,2,9,21,815,668,147,9,320,495,7.04603601226994,7.24236526946108,6.1538731292517,6.5,7.19,6.95296838383838,70
"66",2007,4,6.81833333333333,30,7.102,5.4,NA,7.4375,6.59318181818182,25,5,0,8,22,845,693,152,9,328,517,7.03795189349113,7.23730158730159,6.12907467105263,6.5,7.19603658536585,6.9376583172147,71
"67",2007,5,6.92758620689655,29,7.07916666666667,6.2,NA,7.61111111111111,6.62,24,5,0,9,20,874,717,157,9,337,537,7.03428987414188,7.23200836820084,6.13133343949045,6.5,7.20712166172107,6.92582746741155,72
"68",2007,6,6.87833333333333,30,7.086,5.84,NA,6.95,6.79642857142857,25,5,0,16,14,904,742,162,9,353,551,7.02911432522124,7.22708894878706,6.12234166666667,6.5,7.19546742209632,6.92253965517242,73
"69",2007,7,7.35769230769231,26,7.42916666666667,6.5,NA,7.4375,7.32222222222222,24,2,0,8,18,930,766,164,9,361,569,7.03830037634409,7.23342036553525,6.12694725609756,6.5,7.20083102493075,6.93518339191564,74
"70",2007,8,6.89423076923077,26,7.09782608695652,5.33333333333333,NA,7.525,6.5,23,3,0,10,16,956,789,167,9,371,585,7.03438216527197,7.22946768060836,6.11269071856287,6.5,7.20956873315364,6.92328094017094,75
"71",2007,9,7.09375,32,7.42,5.92857142857143,NA,7.5,6.88095238095238,25,7,0,11,21,988,814,174,9,382,606,7.03630501012146,7.23531941031941,6.10528362068966,6.5,7.21793193717278,6.92181410891089,76
"72",2007,10,7.425,20,7.47222222222222,7,NA,7.40909090909091,7.44444444444444,18,2,0,11,9,1008,832,176,9,393,615,7.04401721230159,7.24044471153846,6.11545085227273,6.5,7.22328244274809,6.92946235772358,77
"73",2007,11,6.92083333333333,24,6.91764705882353,6.92857142857143,5.5,6.85714285714286,7.01,17,7,2,14,10,1032,849,183,11,407,625,7.04115247093023,7.23398115429918,6.14655382513661,6.31818181818182,7.21068796068796,6.93075096,78
"74",2007,12,6.67592592592593,54,6.85897435897436,6.2,5.75,6.6875,6.66666666666667,39,15,2,24,30,1086,888,198,13,431,655,7.02299203499079,7.21751126126126,6.15060277777778,6.23076923076923,7.18155452436195,6.91865549618321,79
"75",2008,1,6.89886363636364,44,7.22878787878788,5.90909090909091,NA,7.03863636363636,6.75909090909091,33,11,0,22,22,1130,921,209,13,453,677,7.01815871681416,7.21791530944625,6.13789162679426,6.23076923076923,7.17461368653422,6.91347023633678,80
"76",2008,2,7.38709677419355,31,7.63461538461539,6.1,7,8.07142857142857,6.82352941176471,26,5,1,14,17,1161,947,214,14,467,694,7.02800977605513,7.22935586061246,6.13700630841122,6.28571428571429,7.20149892933619,6.91126707492796,81
"77",2008,3,7.2974358974359,39,7.503125,6.35714285714286,7,7.36111111111111,7.24285714285714,32,7,1,18,21,1200,979,221,15,485,715,7.036766125,7.23830439223698,6.14397895927602,6.33333333333333,7.20742268041237,6.92100608391609,82
"78",2008,4,6.89730769230769,26,6.94736842105263,6.76142857142857,10,7.28571428571429,6.75421052631579,19,7,1,7,19,1226,998,228,16,492,734,7.03380860522023,7.23276553106212,6.16293574561404,6.5625,7.20853658536585,6.91668848773842,83
"79",2008,5,6.64814814814815,27,7.125,5.28571428571429,6,6.42307692307692,6.85714285714286,20,7,1,13,14,1253,1018,235,17,505,748,7.02549828411812,7.23064833005894,6.13680574468085,6.52941176470588,7.18831683168317,6.9155739973262,84
"80",2008,6,6.74,25,7.02272727272727,4.66666666666667,NA,6.86363636363636,6.64285714285714,22,3,0,11,14,1278,1040,238,17,516,762,7.01991341940532,7.22625,6.11827457983193,6.52941176470588,7.18139534883721,6.91056345144357,85
"81",2008,7,6.49,25,6.6125,6,5,7.03571428571429,6.27777777777778,20,5,1,7,18,1303,1060,243,18,523,780,7.00974623944743,7.21466981132076,6.11584094650206,6.44444444444444,7.17944550669216,6.89596070512821,86
"82",2008,8,6.72307692307692,26,6.83913043478261,5.83333333333333,6,6.14285714285714,6.93684210526316,23,3,1,7,19,1329,1083,246,19,530,799,7.00413796087284,7.20669436749769,6.11239573170732,6.42105263157895,7.16575471698113,6.89693285356696,87
"83",2008,9,7.14814814814815,27,7.33333333333333,6.5,NA,7,7.22222222222222,21,6,0,9,18,1356,1104,252,19,539,817,7.00700542035398,7.20910326086957,6.12162440476191,6.42105263157895,7.16298701298701,6.90409957160343,88
"84",2008,10,6.7125,16,6.76153846153846,6.5,7.5,6.3,6.9,13,3,1,5,11,1372,1117,255,20,544,828,7.0035709548105,7.20389435989257,6.12607588235294,6.475,7.15505514705882,6.90404510869565,89
"85",2008,11,7.04666666666667,30,7.05,7,NA,7.33333333333333,6.975,28,2,0,6,24,1402,1145,257,20,550,852,7.00449311697575,7.20013100436681,6.13287684824903,6.475,7.157,6.90604383802817,90
"86",2008,12,7,32,7,7,NA,7.04545454545455,6.97619047619048,27,5,0,11,21,1434,1172,262,20,561,873,7.00439285216178,7.1955204778157,6.149425,6.475,7.1548128342246,6.9077312142039,91
"87",2009,1,6.75227272727273,44,7.28235294117647,4.95,6.5,6.87692307692308,6.7,34,10,2,13,31,1478,1206,272,22,574,904,6.99688724627875,7.19796849087894,6.10532849264706,6.47727272727273,7.14851916376307,6.9006076880531,92
"88",2009,2,6.64545454545455,55,7.13125,5.9695652173913,5,7.16666666666667,6.32352941176471,32,23,5,21,34,1533,1238,295,27,595,938,6.98427876712329,7.19624394184168,6.09474355932203,6.2037037037037,7.14915966386555,6.87969013859275,93
"89",2009,3,6.85294117647059,51,6.98484848484848,6.61111111111111,4,7,6.81707317073171,33,18,3,10,41,1584,1271,313,30,605,979,6.98005009469697,7.19075531077891,6.12443881789137,5.98333333333333,7.14669421487603,6.877067773238,94
"90",2009,4,7.06229508196721,61,7.40263157894737,6.5,NA,7.36190476190476,6.905,38,23,0,21,40,1645,1309,336,30,626,1019,6.98309990881459,7.19690603514133,6.150146875,5.98333333333333,7.15391373801917,6.8781642296369,95
"91",2009,5,6.6,40,7.01785714285714,5.625,7,7,6.48387096774194,28,12,2,9,31,1685,1337,348,32,635,1050,6.97400554896142,7.19315632011967,6.13203836206897,6.046875,7.15173228346457,6.86652319047619,96
"92",2009,6,7.07875,40,7.22826086956522,6.87647058823529,NA,7.52666666666667,6.81,23,17,0,15,25,1725,1360,365,32,650,1075,6.9764344057971,7.19375,6.16671054794521,6.046875,7.16038461538462,6.86520869767442,97
"93",2009,7,6.89130434782609,46,7.03030303030303,6.53846153846154,6.5,6.65,6.95833333333333,33,13,2,10,36,1771,1393,378,34,660,1111,6.97422323546019,7.18987796123475,6.17949563492063,6.07352941176471,7.15265151515151,6.86822623762376,98
"94",2009,8,6.68611111111111,36,6.868,6.27272727272727,NA,6.14285714285714,6.81724137931035,25,11,0,7,29,1807,1418,389,34,667,1140,6.96848331488655,7.18420310296192,6.18213200514139,6.07352941176471,7.14205397301349,6.86692925438597,99
"95",2009,9,6.95,46,7.27142857142857,6.45,7.5,7.66666666666667,6.77567567567568,28,18,2,9,37,1853,1446,407,36,676,1177,6.96802447382623,7.18589211618257,6.19397874692875,6.15277777777778,7.14903846153846,6.8640606202209,100
"96",2009,10,6.94459459459459,37,7.525,6.26176470588235,6,7.22,6.84259259259259,20,17,2,10,27,1890,1466,424,38,686,1204,6.96756579365079,7.19051841746248,6.19669658018868,6.14473684210526,7.15007288629738,6.86357919435216,101
"97",2009,11,6.89893617021277,47,7.01515151515152,6.625,6.16666666666667,7.26666666666667,6.7265625,33,14,3,15,32,1937,1499,438,41,701,1236,6.96590054207537,7.1866577718479,6.21038664383562,6.14634146341463,7.15256776034237,6.86003183656958,102
"98",2009,12,7.23658536585366,41,7.3962962962963,6.92857142857143,NA,7.38888888888889,7.19375,27,14,0,9,32,1978,1526,452,41,710,1268,6.97151129929222,7.19036697247707,6.23263130530973,6.14634146341463,7.15556338028169,6.86845374605678,103
"99",2010,1,7.015,60,7.25,6.36875,NA,7,7.02093023255814,44,16,0,17,43,2038,1570,468,41,727,1311,6.97279163395486,7.19203821656051,6.23728493589744,6.14634146341463,7.1519257221458,6.87345488176964,104
"100",2010,2,7.540625,32,7.5125,7.625,NA,8,7.43461538461538,24,8,0,6,26,2070,1594,476,41,733,1337,6.98156973429952,7.19686323713927,6.26060787815126,6.14634146341463,7.15886766712142,6.88436750186986,105
"101",2010,3,7.33333333333333,27,7.89473684210526,6,6,7.77777777777778,7.11111111111111,19,8,2,9,18,2097,1613,484,43,742,1355,6.98609887935146,7.2050836949783,6.25630030991736,6.13953488372093,7.16637466307278,6.88737959409594,106
"102",2010,4,7.16935483870968,31,7.56944444444444,6.61538461538461,7.35,7.85,7.03846153846154,18,13,2,5,26,2128,1631,497,45,747,1381,6.98876849154135,7.2091048436542,6.26569285714286,6.19333333333333,7.17095046854083,6.89022400434468,107
"103",2010,5,7.21428571428571,28,7.02105263157895,7.62222222222222,NA,7.5,7.05555555555556,19,9,0,10,18,2156,1650,506,45,757,1399,6.99169728664193,7.20693939393939,6.28982084980237,6.19333333333333,7.17529722589168,6.89235121515368,108
"104",2010,6,7.01785714285714,28,7.26190476190476,6.28571428571429,NA,7.08333333333333,7,21,7,0,6,22,2184,1671,513,45,763,1421,6.99203266941392,7.20763016157989,6.28976481481481,6.19333333333333,7.17457404980341,6.89401783954961,109
"105",2010,7,6.78289473684211,38,6.99074074074074,6.27272727272727,9,7.33333333333333,6.61206896551724,27,11,1,9,29,2222,1698,524,46,772,1450,6.98845605310531,7.20418138987044,6.28940715648855,6.25434782608696,7.17642487046632,6.88837886206896,110
"106",2010,8,6.75967741935484,31,6.75,6.775,NA,6.655,6.80952380952381,19,12,0,10,21,2253,1717,536,46,782,1471,6.98530818908123,7.19915550378567,6.3002786380597,6.25434782608696,7.16975703324808,6.8872531271244,111
"107",2010,9,6.90689655172414,29,7.27272727272727,5.75714285714286,4.5,6.36363636363636,7.23888888888889,22,7,2,11,18,2282,1739,543,48,793,1489,6.98431172217353,7.20008625646924,6.29327688766114,6.18125,7.15857503152585,6.89150392881128,112
"108",2010,10,6.97619047619048,21,7.2,6.41666666666667,NA,7.2,6.90625,15,6,0,5,16,2303,1754,549,48,798,1505,6.98423766825879,7.20008551881414,6.29462540983607,6.18125,7.15883458646617,6.89166069767442,113
"109",2010,11,6.79078947368421,38,7.15,6.296875,6.5,7.11111111111111,6.69137931034483,22,16,2,9,29,2341,1776,565,50,807,1534,6.98109754378471,7.19946509009009,6.29468911504425,6.194,7.15830235439901,6.88787441329856,114
"110",2010,12,6.57272727272727,33,6.44761904761905,6.79166666666667,7,6.98,6.5,21,12,1,5,28,2374,1797,577,51,812,1562,6.97542095619208,7.19067890929327,6.30502487001733,6.20980392156863,7.15720443349754,6.88092147887324,115
"111",2011,1,6.81081081081081,37,6.98275862068965,6.1875,NA,7.16666666666667,6.69642857142857,29,8,0,9,28,2411,1826,585,51,821,1590,6.972894794691,7.18737677984666,6.30341769230769,6.20980392156863,7.15730816077954,6.87767254716981,116
"112",2011,2,6.60217391304348,46,6.76153846153846,5.71428571428571,NA,7.18181818181818,6.42,39,7,0,11,35,2457,1865,592,51,832,1625,6.96595415140415,7.17847184986595,6.29645160472973,6.20980392156863,7.15763221153846,6.86781498461538,117
"113",2011,3,7.06971428571429,35,7.26833333333333,6.63636363636364,NA,7.64285714285714,6.92642857142857,24,11,0,7,28,2492,1889,603,51,839,1653,6.96741145666132,7.17961355214399,6.30265232172471,6.20980392156863,7.16168057210965,6.86880783424077,118
"114",2011,4,7.41379310344828,29,7.73888888888889,6.88181818181818,7,7.96666666666667,7.165,18,11,1,9,20,2521,1907,614,52,848,1673,6.9725463506545,7.18489250131096,6.31302825732899,6.225,7.17022405660377,6.87234868499701,119
"115",2011,5,6.96,25,7.38235294117647,6.0625,NA,7.33333333333333,6.75,17,8,0,9,16,2546,1924,622,52,857,1689,6.97242315396701,7.18663721413721,6.30980602893891,6.225,7.17193698949825,6.87118966844286,120
"116",2011,6,7.00666666666667,30,6.985,7.05,NA,6.8375,7.06818181818182,20,10,0,8,22,2576,1944,632,52,865,1711,6.97282195263975,7.18456275720165,6.32151795886076,6.225,7.16884393063584,6.87372258912916,121
"117",2011,7,7.26428571428571,35,7.5462962962963,6.3125,6.5,8.11538461538461,6.76136363636364,27,8,2,13,22,2611,1971,640,54,878,1733,6.97672897357334,7.18951801116185,6.321405234375,6.23518518518518,7.18285876993166,6.872296220427,122
"118",2011,8,6.87692307692308,26,7.71111111111111,5,3,6.975,6.83333333333333,18,8,1,8,18,2637,1989,648,55,886,1751,6.97574491846796,7.1942383107089,6.30509158950617,6.17636363636364,7.18098194130925,6.87189568817818,123
"119",2011,9,6.91666666666667,24,7.22222222222222,6,6.5,7,6.90909090909091,18,6,2,2,22,2661,2007,654,57,888,1773,6.97521208192409,7.19448928749377,6.30229258409786,6.18771929824561,7.18057432432432,6.87235721940214,124
"120",2011,10,7.359375,32,7.20588235294118,7.53333333333333,6,6.8,7.46296296296296,17,15,1,5,27,2693,2024,669,58,893,1800,6.97977695878203,7.19458498023715,6.32989439461883,6.18448275862069,7.17844344904815,6.88121630555555,125
"121",2011,11,7.53939393939394,33,7.8,6.57142857142857,NA,8,7.49333333333333,26,7,0,3,30,2726,2050,676,58,896,1830,6.98655148569332,7.20226341463415,6.33239548816568,6.18448275862069,7.18119419642857,6.89125101092896,126
"122",2011,12,7.23170731707317,41,7.33939393939394,6.7875,6.4,7,7.27142857142857,33,8,2,6,35,2767,2083,684,60,902,1865,6.9901840802313,7.20443590974556,6.33771834795322,6.19166666666667,7.1799889135255,6.89838571045576,127
"123",2012,1,6.73666666666667,57,7.04853658536585,5.9375,4.5,7.17785714285714,6.59302325581395,41,16,2,14,43,2824,2124,700,62,916,1908,6.98506705028329,7.20142655367232,6.3285705,6.13709677419355,7.17995633187773,6.89150385220126,128
"124",2012,2,6.9258064516129,31,7.235,6.36363636363636,6,6.91538461538462,6.93333333333333,20,11,1,13,18,2855,2144,711,63,929,1926,6.98442359019264,7.20173973880597,6.32911300984529,6.13492063492064,7.17625403659849,6.89189478193146,129
"125",2012,3,6.80555555555556,36,7.10416666666667,6.20833333333333,5,6.2,6.90322580645161,24,12,2,5,31,2891,2168,723,65,934,1957,6.98219624697337,7.20065959409594,6.32710836791148,6.1,7.1710278372591,6.89207427184466,130
"126",2012,4,6.91666666666667,30,7.21739130434783,5.92857142857143,3,6.85714285714286,6.93478260869565,23,7,1,7,23,2921,2191,730,66,941,1980,6.98152322834646,7.20083523505249,6.32328678082192,6.0530303030303,7.16869287991498,6.89257037878788,131
"127",2012,5,6.55555555555556,36,7.1304347826087,5.53846153846154,5,7,6.46666666666667,23,13,1,6,30,2957,2214,743,67,947,2010,6.97633728440988,7.20010388437218,6.30955497981157,6.03731343283582,7.16762407602957,6.88621360696517,132
"128",2012,6,6.90740740740741,27,6.975,6.71428571428571,NA,6.625,6.95652173913043,20,7,0,4,23,2984,2234,750,67,951,2033,6.97571358914209,7.19808863025962,6.31333246666667,6.03731343283582,7.16534174553102,6.88700902606985,133
"129",2012,7,7.17631578947368,38,7.31034482758621,6.74444444444444,2.2,7.91666666666667,7.0375,29,9,1,6,32,3022,2263,759,68,957,2065,6.97823605228326,7.19952717631463,6.31844446640316,5.98088235294118,7.17005224660397,6.88934108958838,134
"130",2012,8,7.08285714285714,35,7.5625,6.03636363636364,6.25,7.21818181818182,7.02083333333333,24,11,2,11,24,3057,2287,770,70,968,2089,6.97943387307818,7.2033362483603,6.31441474025974,5.98857142857143,7.17059917355372,6.89085177118238,135
"131",2012,9,7.21428571428571,21,7.075,10,10,6.66666666666667,7.30555555555556,20,1,1,3,18,3078,2307,771,71,971,2107,6.98103617608837,7.20222366710013,6.31919500648508,6.04507042253521,7.16904222451081,6.89439456573327,136
"132",2012,10,7.31756756756757,37,7.62037037037037,6.5,NA,7.35,7.30555555555556,27,10,0,10,27,3115,2334,781,71,981,2134,6.98503349919743,7.20706083976007,6.32151005121639,6.04507042253521,7.1708868501529,6.89959669634489,137
"133",2012,11,6.43103448275862,29,6.68421052631579,5.95,3,5.5,6.58,19,10,1,4,25,3144,2353,791,72,985,2159,6.97992345737914,7.20283892902677,6.31681333754741,6.00277777777778,7.16410152284264,6.89589594719778,138
"134",2012,12,7.34523809523809,42,7.59677419354839,6.63636363636364,4,7.71666666666667,7.19666666666667,31,11,1,12,30,3186,2384,802,73,997,2189,6.98473928123038,7.20796140939597,6.32119619700748,5.97534246575342,7.17075225677031,6.90001797624486,139
"135",2013,1,6.88125,48,7.0741935483871,6.52941176470588,7,4.75,6.97391304347826,31,17,1,2,46,3234,2415,819,74,999,2235,6.98320326221398,7.20624430641822,6.32551813186813,5.98918918918919,7.1659059059059,6.9015388590604,140
"136",2013,2,6.91315789473684,38,7.15217391304348,6.54666666666667,6.5,6.3125,7.07333333333333,23,15,3,8,30,3272,2438,834,77,1007,2265,6.98238977689487,7.20573420836751,6.3294956235012,6.00909090909091,7.15912611717974,6.90381428256071,141
"137",2013,3,7.12738095238095,42,7.92037037037037,5.7,6,7.6875,6.99558823529412,27,15,1,8,34,3314,2465,849,78,1015,2299,6.98422732347616,7.21356186612576,6.31837379269729,6.00897435897436,7.16329064039409,6.90517153110048,142
"138",2013,4,7.0325,40,7.11785714285714,6.83333333333333,5,6.98888888888889,7.04516129032258,28,12,1,9,31,3354,2493,861,79,1024,2330,6.98480302623733,7.21248696349779,6.32555092915215,5.99620253164557,7.1617578125,6.90703405579399,143
"139",2013,5,7.2,30,7.60869565217391,5.85714285714286,NA,7,7.25,23,7,0,6,24,3384,2516,868,79,1030,2354,6.98671080082742,7.21610890302067,6.32177344470046,5.99620253164557,7.16081553398058,6.91053073491929,144
"140",2013,6,7.24571428571429,35,7.67083333333333,6.31818181818182,NA,6.93333333333333,7.31034482758621,24,11,0,6,29,3419,2540,879,79,1036,2383,6.9893621965487,7.22040551181102,6.32172849829351,5.99620253164557,7.15949806949807,6.91539628619387,145
"141",2013,7,6.55434782608696,46,7.12096774193548,5.38333333333333,6,6.27083333333333,6.65441176470588,31,15,1,12,34,3465,2571,894,80,1048,2417,6.98358711399711,7.2192065344224,6.30598361297539,5.99625,7.14932251908397,6.9117250103434,146
"142",2013,8,6.71875,32,6.86363636363636,6.4,NA,6.41666666666667,6.78846153846154,22,10,0,6,26,3497,2593,904,80,1054,2443,6.98116366885902,7.21618974161203,6.30702361725664,5.99625,7.14515180265655,6.91041316004912,147
"143",2013,9,6.68809523809524,42,6.84193548387097,6.25454545454545,6,6.66428571428571,6.7,31,11,1,14,28,3539,2624,915,81,1068,2471,6.97768560327776,7.21176829268292,6.30639273224044,5.9962962962963,7.13884831460674,6.90802887494941,148
"144",2013,10,7.08333333333333,30,7.06521739130435,7.14285714285714,4,7.5,7,23,7,1,5,25,3569,2647,922,82,1073,2496,6.97857364808069,7.21049489988666,6.312743329718,5.97195121951219,7.14053122087605,6.90895006009615,149
"145",2013,11,6.83888888888889,45,7.01923076923077,6.59210526315789,NA,6.625,6.88513513513514,26,19,0,8,37,3614,2673,941,82,1081,2533,6.97683435251799,7.20863449307894,6.31838400637619,5.97195121951219,7.13671600370028,6.90860219107777,150
"146",2013,12,6.89545454545455,44,7.246875,5.95833333333333,NA,7.10769230769231,6.80645161290323,32,12,0,13,31,3658,2705,953,82,1094,2564,6.97585548113723,7.20908687615527,6.31385031479538,5.97195121951219,7.13637111517367,6.90736714118565,151
"147",2014,1,7.53898305084746,59,7.62830188679245,6.75,NA,7.59090909090909,7.52708333333333,53,6,0,11,48,3717,2758,959,82,1105,2612,6.98479401398978,7.21714285714286,6.316579092805,5.97195121951219,7.14089592760181,6.91875549387442,152
"148",2014,2,6.355,40,7.05714285714286,5.57894736842105,5.5,7.9,6.13428571428571,21,19,2,5,35,3757,2779,978,84,1110,2647,6.97808872770828,7.21593378913278,6.30224882413088,5.96071428571429,7.14431531531531,6.90838282961843,153
"149",2014,3,7.28846153846154,26,7.5,6.4,4,6.5,7.32,21,5,1,1,25,3783,2800,983,85,1111,2672,6.98022187417394,7.21806428571428,6.30274603255341,5.93764705882353,7.14373537353735,6.91223403817365,154
"150",2014,4,7.25566666666667,30,7.221875,7.29428571428571,8,8.16,7.0748,16,14,1,5,25,3813,2816,997,86,1116,2697,6.98238902439024,7.2180859375,6.31666935807422,5.96162790697674,7.14828853046595,6.91374095291064,155
"151",2014,5,7.09523809523809,42,7.42592592592593,6.5,5.33333333333333,6.5,7.15789473684211,27,15,3,4,38,3855,2843,1012,89,1120,2735,6.98361850843061,7.22005979599015,6.31938670948616,5.94044943820225,7.14597321428571,6.91713321755027,156
"152",2014,6,7.03571428571429,28,7.2,5.66666666666667,NA,7.21428571428571,6.97619047619048,25,3,0,7,21,3883,2868,1015,89,1127,2756,6.98399416688128,7.21988493723849,6.31745748768473,5.94044943820225,7.14639751552795,6.91758321843251,157
"153",2014,7,7.09090909090909,44,7.44827586206897,6.4,6.75,7.58333333333333,7.01315789473684,29,15,4,6,38,3927,2897,1030,93,1133,2794,6.98519209320092,7.2221712115982,6.31865956310679,5.9752688172043,7.14871138570168,6.91888308876163,158
"154",2014,8,6.49468085106383,47,7.11029411764706,4.88461538461539,7,7.1875,6.3525641025641,34,13,1,8,39,3974,2931,1043,94,1141,2833,6.97939087820835,7.22087342204026,6.3007855704698,5.98617021276596,7.1489833479404,6.91108695728909,159
"155",2014,9,7.45652173913043,23,7.8125,6.64285714285714,4.5,7.33333333333333,7.475,16,7,1,3,20,3997,2947,1050,95,1144,2853,6.98213643982987,7.22408551068883,6.30306604761905,5.97052631578947,7.14946678321678,6.91504008061689,160
"156",2014,10,7.31481481481481,27,7.3695652173913,7,NA,6.83333333333333,7.45238095238095,23,4,0,6,21,4024,2970,1054,95,1150,2874,6.98436862574553,7.22521212121212,6.30571095825427,5.97052631578947,7.14781739130435,6.91896637091162,161
"157",2014,11,6.83469387755102,49,7.18235294117647,6.04666666666667,5.85,7.5875,6.68780487804878,34,15,2,8,41,4073,3004,1069,97,1158,2915,6.9825679720108,7.22472703062583,6.30207609915809,5.9680412371134,7.15085492227979,6.91571504288165,162
"158",2014,12,6.94310344827586,58,7.16511627906977,6.30666666666667,5.86666666666667,7.1,6.91041666666667,43,15,3,10,48,4131,3047,1084,100,1168,2963,6.98201388283709,7.22388578930095,6.30213962177122,5.965,7.15041952054794,6.91562921025987,163
"159",2015,1,7.03571428571429,49,7.2875,5.91666666666667,NA,7.95833333333333,6.73648648648649,40,9,0,12,37,4180,3087,1093,100,1180,3000,6.98264338516746,7.22471007450599,6.29896555352241,5.965,7.15863559322034,6.91341978333333,164
"160",2015,2,7.06022727272727,44,7.06060606060606,7.05909090909091,NA,7.44375,6.975,33,11,0,8,36,4224,3120,1104,100,1188,3036,6.98345155066288,7.22297435897436,6.30653926630435,5.965,7.16055555555555,6.91414998353096,165
"161",2015,3,6.87755102040816,49,7,6.4,4.5,7.375,6.78048780487805,39,10,2,8,41,4273,3159,1114,102,1196,3077,6.98223715188392,7.22022158911048,6.30737823159784,5.93627450980392,7.16198996655518,6.91236897952551,166
"162",2015,4,7.37194444444444,36,7.78047619047619,6.8,7,9.4,7.04483870967742,21,15,2,5,31,4309,3180,1129,104,1201,3108,6.98549300301694,7.2239213836478,6.3139232506643,5.95673076923077,7.17130724396336,6.91369026705277,167
"163",2015,5,6.48076923076923,26,7.07142857142857,5.79166666666667,NA,6.6,6.45238095238095,14,12,0,5,21,4335,3194,1141,104,1206,3129,6.98246582468282,7.22325297432686,6.30843063102541,5.95673076923077,7.16893864013267,6.91059423138383,168
"164",2015,6,6.77428571428571,35,7.00434782608696,6.33333333333333,2,7,6.72758620689655,23,12,1,6,29,4370,3217,1153,105,1212,3158,6.98079847826087,7.22168790798881,6.30868980919341,5.91904761904762,7.16810231023102,6.90891366371121,169
"165",2015,7,7.11190476190476,42,7.2969696969697,6.43333333333333,6.9,7.6,7.04594594594595,33,9,1,5,37,4412,3250,1162,106,1217,3195,6.98204654351768,7.22245230769231,6.30965520654045,5.92830188679245,7.16987674609696,6.91050057902973,170
"166",2015,8,6.99056603773585,53,7.25135135135135,6.3875,5.7,7.04545454545455,6.97619047619048,37,16,1,11,42,4465,3287,1178,107,1228,3237,6.98214767077268,7.22277760876179,6.31071252122241,5.92616822429907,7.16876221498371,6.91135290392338,171
"167",2015,9,7.22028571428571,35,7.20458333333333,7.25454545454545,NA,7.01428571428571,7.27178571428571,24,11,0,7,28,4500,3311,1189,107,1235,3265,6.98399985555556,7.22264572636665,6.31944436501261,5.92616822429907,7.16788663967611,6.9144439050536,172
"168",2015,10,6.76083333333333,24,7.07411764705882,6,5,6.75,6.76625,17,7,1,8,16,4524,3328,1196,108,1243,3281,6.98281594827586,7.22188701923077,6.31757470735786,5.91759259259259,7.16519710378117,6.91372122828406,173
"169",2015,11,7.06976744186047,43,7.22058823529412,6.5,5,8.2,6.92105263157895,34,9,1,5,38,4567,3362,1205,109,1248,3319,6.98363462885921,7.2218738845925,6.31893721991701,5.90917431192661,7.16934294871795,6.91380516721904,174
"170",2015,12,7.03829787234043,47,7.14242424242424,6.79285714285714,NA,7.51666666666667,6.96829268292683,33,14,0,6,41,4614,3395,1219,109,1254,3360,6.98419144993498,7.22110162002945,6.32438010664479,5.90917431192661,7.17100478468899,6.91447004464286,175
"171",2016,1,7.23730158730159,63,7.60769230769231,5.48636363636364,5.425,7.23333333333333,7.23854166666667,52,11,2,15,48,4677,3447,1230,111,1269,3408,6.98760088732093,7.2269335654192,6.3168856504065,5.90045045045045,7.1717415287628,6.91903443368544,176
"172",2016,2,6.7875,52,7.10625,6.2775,5.5,6.35833333333333,6.84347826086957,32,20,1,6,46,4729,3479,1250,112,1275,3454,6.98540058151829,7.22582351250359,6.31625548,5.896875,7.16791372549019,6.91802818471337,177
"173",2016,3,6.7125,40,7.05185185185185,6.00769230769231,6,6.38636363636364,6.83620689655172,27,13,1,11,29,4769,3506,1263,113,1286,3483,6.98311162717551,7.2244837421563,6.31307945368171,5.89778761061947,7.16122861586314,6.91734692793569,178
"174",2016,4,7.16666666666667,39,7.48148148148148,6.45833333333333,5,8.42857142857143,6.890625,27,12,1,7,32,4808,3533,1275,114,1293,3515,6.98460053036606,7.22644777809227,6.31444654901961,5.88991228070176,7.16808971384377,6.91710365576102,179
"175",2016,5,7.32470588235294,51,7.52717948717949,6.66666666666667,7.5,7.48571428571429,7.29909090909091,39,12,1,7,44,4859,3572,1287,115,1300,3559,6.98817027166084,7.22973124300112,6.31773065268065,5.90391304347826,7.1698,6.92182617308232,180
"176",2016,6,7.43396226415094,53,7.44736842105263,7.4,7,6.61111111111111,7.60227272727273,38,15,1,9,44,4912,3610,1302,116,1309,3603,6.99298032369707,7.23202216066482,6.33019919354839,5.91336206896552,7.16595874713522,6.93013581737441,181
"177",2016,7,7.17045454545455,44,7.1969696969697,7.09090909090909,NA,7.55555555555556,7.07142857142857,33,11,0,9,35,4956,3643,1313,116,1318,3638,6.99455596246973,7.23170463903376,6.33657223914699,5.91336206896552,7.1686191198786,6.9314951484332,182
"178",2016,8,7.21578947368421,57,7.32888888888889,6.79166666666667,6,7.42857142857143,7.186,45,12,1,7,50,5013,3688,1325,117,1325,3688,6.99707148414123,7.23289045553145,6.3406938490566,5.91410256410257,7.16999245283019,6.93494559381779,183
"179",2016,9,7.48367346938775,49,7.68823529411765,7.02,NA,8.78,7.33636363636364,34,15,0,5,44,5062,3722,1340,117,1330,3732,7.00178177597788,7.23704997313272,6.34829802238806,5.91410256410257,7.17604511278195,6.93967828242229,184
"180",2016,10,7.09803921568627,51,7.3030303030303,6.72222222222222,6.5,7.5,7.03409090909091,33,18,2,7,44,5113,3755,1358,119,1337,3776,7.00274190299237,7.23762982689747,6.3532543078056,5.92394957983193,7.17774121166791,6.94077842955508,185
"181",2016,11,6.91615384615385,52,7.13756097560976,6.09090909090909,8,6.42857142857143,6.992,41,11,1,7,45,5165,3796,1369,120,1344,3821,7.00187015488867,7.23654899894626,6.35114634769905,5.94125,7.17383928571428,6.94138166710285,186
"182",2016,12,7.27731818181818,44,7.3938125,6.96666666666667,NA,7.63636363636364,7.15763636363636,32,12,0,11,33,5209,3828,1381,120,1355,3854,7.00419684200422,7.23786363636363,6.35649482259232,5.94125,7.17759409594096,6.94323335495589,187
"183",2017,1,7.12921348314607,89,7.48412698412698,6.26923076923077,5,7.96666666666667,6.95945945945946,63,26,1,15,74,5298,3891,1407,121,1370,3928,7.00629697055493,7.24185093806219,6.35488226723525,5.93347107438017,7.18623357664233,6.94353904022403,188
"184",2017,2,7.2719298245614,57,7.69318181818182,5.84615384615385,5,7.29166666666667,7.26666666666667,44,13,1,12,45,5355,3935,1420,122,1382,3973,7.00912443510738,7.24689758576874,6.3502248943662,5.92581967213115,7.1871490593343,6.94719893027938,189
"185",2017,3,6.92156862745098,51,7.01212121212121,6.75555555555556,7.5,7.15,6.89111111111111,33,18,2,6,45,5406,3968,1438,124,1388,4018,7.00829843692194,7.24494506048387,6.3552985744089,5.95120967741936,7.18698847262248,6.94657076903932,190
"186",2017,4,6.85775862068965,58,7.46527777777778,5.86363636363636,4.75,7.58333333333333,6.77403846153846,36,22,4,6,52,5464,4004,1460,128,1394,4070,7.00670046669107,7.24692607392607,6.34788996575343,5.913671875,7.1886944045911,6.94436642506142,191
"187",2017,5,7.65795454545455,44,7.82297297297297,6.78571428571429,NA,8.3,7.57564102564103,37,7,0,5,39,5508,4041,1467,128,1399,4109,7.01190293209876,7.2522004454343,6.34997910702113,5.913671875,7.19266619013581,6.95035807982477,192
"188",2017,6,6.98552631578947,38,6.9921875,6.95,NA,6.5625,7.03529411764706,32,6,0,4,34,5546,4073,1473,128,1403,4143,7.01172220519293,7.25015762337343,6.35242318397828,5.913671875,7.19086956521739,6.95105511706493,193
"189",2017,7,7.39447222222222,36,7.97142857142857,5.375125,NA,9.33333333333333,7.21821212121212,28,8,0,3,33,5582,4101,1481,128,1406,4176,7.01419067538517,7.25508217507925,6.34714405806887,5.913671875,7.19544096728307,6.95316627155172,194
"190",2017,8,6.40238095238095,42,7.54166666666667,4.88333333333333,4.66666666666667,6.06666666666667,6.45833333333333,24,18,3,6,36,5624,4125,1499,131,1412,4212,7.00962168385491,7.25674957575757,6.32956661107405,5.8851145038168,7.19064447592068,6.94893693019943,195
"191",2017,9,7.19555555555556,45,7.72121212121212,5.75,7.5,6.6625,7.31081081081081,33,12,2,8,37,5669,4158,1511,133,1420,4249,7.01109760980773,7.26043578643578,6.3249638318994,5.9093984962406,7.1876690140845,6.95208810308308,196
"192",2017,10,7.59285714285714,35,7.91,6.8,6.33333333333333,8,7.5546875,25,10,3,3,32,5704,4183,1521,136,1423,4281,7.01466731241234,7.2643179536218,6.32808701512163,5.91875,7.18938158819395,6.95659246671338,197
"193",2017,11,6.974,50,7.49142857142857,5.76666666666667,5,7.425,6.88809523809524,35,15,1,8,42,5754,4218,1536,137,1431,4323,7.01431392944039,7.26620246562352,6.32260439453125,5.91204379562044,7.19069881201956,6.95592698357622,198
"194",2017,12,7.29423076923077,52,7.53611111111111,6.75,NA,7.71428571428571,7.22888888888889,36,16,0,7,45,5806,4254,1552,137,1438,4368,7.01682093523941,7.26848660084626,6.32701053479382,5.91204379562044,7.19324756606397,6.95873909111721,199
"195",2018,1,6.90229885057471,87,7.10483870967742,6.4,7.5,7.86363636363636,6.76315789473684,62,25,1,11,76,5893,4316,1577,138,1449,4444,7.015130213813,7.26613577386469,6.32816762840837,5.92355072463768,7.19833678398895,6.95539431818182,200
"196",2018,2,7.00243902439024,41,7.10909090909091,6.5625,NA,7.5,6.94864864864865,33,8,0,4,37,5934,4349,1585,138,1453,4481,7.01504252612066,7.26494412508622,6.3293503785489,5.92355072463768,7.1991672401927,6.95533861861191,201
"197",2018,3,7.06904761904762,42,7.38387096774194,6.18181818181818,7,7.41428571428571,7,31,11,1,7,35,5976,4380,1596,139,1460,4516,7.01542207998661,7.26578584474886,6.32833355263158,5.93129496402878,7.20019863013698,6.95568475420726,202
"198",2018,4,7.78023255813954,43,8.35166666666667,6.46153846153846,NA,8.1,7.73815789473684,30,13,0,5,38,6019,4410,1609,139,1465,4554,7.02088591958797,7.27317278911564,6.32940978868863,5.93129496402878,7.20326962457338,6.96221395476504,203
"199",2018,5,6.99868421052632,38,7.70185185185185,5.27272727272727,5,6.5,7.0921875,27,11,1,6,32,6057,4437,1620,140,1471,4586,7.02074663199604,7.27578138381789,6.32223478395062,5.92464285714286,7.20040108769544,6.96312087876145,204
"200",2018,6,7.43666666666667,39,7.86652173913043,6.81875,5.46666666666667,6.583,7.73103448275862,23,16,3,10,29,6096,4460,1636,143,1481,4615,7.02340753772966,7.27882780269058,6.32709067848411,5.91503496503497,7.19623227548953,6.96794633802817,205
"201",2018,7,7.20869565217391,46,7.53928571428571,6.69444444444444,3,8.12222222222222,6.98648648648649,28,18,1,9,37,6142,4488,1654,144,1490,4652,7.02479523770759,7.28045276292335,6.33108848246675,5.89479166666667,7.2018255033557,6.96809379836629,206
"202",2018,8,7.19933333333333,45,7.245,7.13684210526316,NA,7.17,7.20384615384615,26,19,0,6,39,6187,4514,1673,144,1496,4691,7.02606470825925,7.28024856003544,6.3402393006575,5.89479166666667,7.20169786096256,6.9700537945001,207
"203",2018,9,6.38441675,40,6.6384525,5.79166666666667,4.66666666666667,6.38888888888889,6.38311838709677,28,12,3,9,31,6227,4542,1685,147,1505,4722,7.02194299341577,7.27629208938793,6.33633255192878,5.86972789115646,7.19683720930232,6.96620055484964,208
"204",2018,10,6.75757575757576,33,6.98148148148148,5.75,NA,7,6.71428571428571,27,6,0,5,28,6260,4569,1691,147,1510,4750,7.02054936421725,7.27454993871744,6.3342521289178,5.86972789115646,7.19618543046357,6.96471558315789,209
"205",2018,11,6.95,43,7.2890625,5.96363636363636,NA,7,6.9448717948718,32,11,0,4,39,6303,4601,1702,147,1514,4789,7.02006806600032,7.2746508737231,6.33185684488837,5.86972789115646,7.19566710700132,6.96455398204218,210
"206",2018,12,7.26145454545455,55,7.27511111111111,7.2,7,8.28571428571429,7.11208333333333,45,10,1,7,48,6358,4646,1712,148,1521,4837,7.02215618433469,7.27465533146793,6.33692777453271,5.87736486486487,7.20068376068376,6.96601799048997,211
"207",2019,1,7.31953125,64,7.66489361702128,6.36470588235294,6.66666666666667,7.86111111111111,7.23090909090909,47,17,3,9,55,6422,4693,1729,151,1530,4892,7.02511974774213,7.2785635350522,6.33720089647195,5.8930463576159,7.20456862745098,6.96899612019623,212
"208",2019,2,7.19166666666667,48,7.33846153846154,6.55555555555556,NA,7.83636363636364,7,39,9,0,11,37,6470,4732,1738,151,1541,4929,7.02635533539412,7.27905719991547,6.33833161680092,5.8930463576159,7.20907852044127,6.96922885372286,213
"209",2019,3,7.12222222222222,45,7.5390625,6.09615384615385,5,7.0625,7.13513513513514,32,13,1,8,37,6515,4764,1751,152,1549,4966,7.02701750115119,7.28080366708648,6.33653360936608,5.88717105263158,7.20832149774048,6.97046496576721,214
"210",2019,4,7.07872093023256,43,7.73793103448276,5.71321428571429,6.66666666666667,6.75,7.1124358974359,29,14,3,4,39,6558,4793,1765,155,1553,5005,7.02735651418115,7.28356951178802,6.33158943342776,5.90225806451613,7.2071410173857,6.97157123276723,215
"211",2019,5,6.85,40,6.94827586206897,6.59090909090909,6,6.85714285714286,6.84848484848485,29,11,1,7,33,6598,4822,1776,156,1560,5038,7.02628130039406,7.28155302156781,6.33319557995496,5.90288461538462,7.20557051282051,6.97076499007542,216
"212",2019,6,7.35390243902439,41,7.45035714285714,7.14615384615385,7,8,7.26416666666667,28,13,1,5,36,6639,4850,1789,157,1565,5074,7.02830456695285,7.28252756082474,6.33910304639464,5.90987261146497,7.20810862619808,6.9728466732361,217
"213",2019,7,7.15840909090909,44,7.45064516129032,6.46153846153846,NA,7.62125,7.05555555555556,31,13,0,8,36,6683,4881,1802,157,1573,5110,7.0291611581625,7.28359530219217,6.33998632075472,5.90987261146497,7.21020979020979,6.97342935812133,218
"214",2019,8,7.54583333333333,72,7.76458333333333,7.10833333333333,7,7.11111111111111,7.60793650793651,48,24,1,9,63,6755,4929,1826,158,1582,5173,7.03466824870466,7.28827930006086,6.35008507667032,5.91677215189874,7.20964601769911,6.98115677943166,219
"215",2019,9,7.04818181818182,55,7.00340909090909,7.22727272727273,8,7.29166666666667,6.98023255813953,44,11,1,12,43,6810,4973,1837,159,1594,5216,7.03477738913363,7.28575883169113,6.35533769733261,5.92987421383648,7.2102634880803,6.98114916027607,220
"216",2019,10,7.48026315789474,38,7.66964285714286,6.95,9,7.77272727272727,7.36111111111111,28,10,1,11,27,6848,5001,1847,160,1605,5243,7.03724941880841,7.28790815236952,6.35855730914997,5.9490625,7.2141183800623,6.98310585924089,221
"217",2019,11,6.95533333333333,45,7.34333333333333,6.17933333333333,NA,7.5,6.88725,30,15,0,5,40,6893,5031,1862,160,1610,5283,7.03671464094008,7.28823865434307,6.35711350698174,5.9490625,7.21500621118012,6.98238009085747,222
"218",2019,12,7.08225806451613,62,7.202,6.58333333333333,8,8.83333333333333,6.89464285714286,50,12,2,6,56,6955,5081,1874,162,1616,5339,7.03712063551402,7.28739001574493,6.35856208644611,5.97438271604938,7.22101485148515,6.98145982768308,223
"219",2020,1,7.01567010309278,97,7.60966101694915,6.09342105263158,5.66666666666667,7.33333333333333,6.97082352941176,59,38,3,12,85,7052,5140,1912,165,1628,5424,7.03682558423142,7.29108923540856,6.35329254707113,5.96878787878788,7.22184275184275,6.98129314528023,224
"220",2020,2,7.32025316455696,79,7.71694915254237,6.15,6.375,7.80769230769231,7.22424242424242,59,20,4,13,66,7131,5199,1932,169,1641,5490,7.03996550553919,7.29592203693018,6.35118806935818,5.97840236686391,7.22648385131017,6.98421384699453,225
"221",2020,3,7.14934426229508,61,7.65666666666667,6.25,8,7.86363636363636,6.9922,39,22,1,11,50,7192,5238,1954,170,1652,5540,7.04089321746385,7.29860799350897,6.35004879733879,5.99029411764706,7.23072639225181,6.98428592418772,226
"222",2020,4,7.38148148148148,54,7.51621621621622,7.08823529411765,7.66666666666667,8.25,7.2304347826087,37,17,3,8,46,7246,5275,1971,173,1660,5586,7.04343141319348,7.3001343450237,6.35641570268899,6.01936416184971,7.23563855421687,6.98631292875045,227
"223",2020,5,7.43829787234043,47,7.74444444444444,7.025,6,7.71428571428571,7.39,27,20,1,7,40,7293,5302,1991,174,1667,5626,7.04597614424791,7.30239695775179,6.3631317679558,6.01925287356322,7.23764847030594,6.98918308211873,228
"224",2020,6,7.48571428571429,35,7.59259259259259,7.125,NA,8,7.35714285714286,27,8,0,7,28,7328,5329,1999,174,1674,5654,7.04807642194323,7.30386726778007,6.36618076538269,6.01925287356322,7.24083632019116,6.99100530951538,229
"225",2020,7,6.8278125,64,7.17,6.075,7,6.71428571428571,6.84175438596491,44,20,2,7,57,7392,5373,2019,176,1681,5711,7.046169375,7.30277101619207,6.36329635958395,6.03039772727273,7.23864366448542,6.98951567501313,230
"226",2020,8,7.21818181818182,44,7.51818181818182,6.31818181818182,6.5,6.72857142857143,7.31081081081081,33,11,2,7,37,7436,5406,2030,178,1688,5748,7.04718720010758,7.304085954495,6.36305189655173,6.03567415730337,7.23652843601896,6.99158385873347,231
"227",2020,9,7.09327659574468,47,7.76371428571429,6.10526315789474,7,7.75,6.9585641025641,28,19,1,8,39,7483,5434,2049,179,1696,5787,7.04747668314847,7.3064543006993,6.36066146900927,6.04106145251397,7.23895047169811,6.99136133056851,232
"228",2020,10,7.06492063492064,63,7.41604651162791,6.31,6.7,7.13,7.05264150943396,43,20,1,10,53,7546,5477,2069,180,1706,5840,7.04762231910946,7.307314710608,6.36017174963751,6.04472222222222,7.23831184056272,6.99191746917808,233
"229",2020,11,7.38712765957447,94,7.6280303030303,6.81928571428571,6.36,8.23888888888889,7.29694117647059,66,28,4,9,85,7640,5543,2097,184,1715,5925,7.05179947905759,7.31113344217932,6.36630202670482,6.05157608695652,7.24356268221574,6.99629333670886,234
"230",2020,12,7.21567567567568,111,7.61907692307692,6.64565217391304,5.5,6.87368421052632,7.28630434782609,65,46,2,19,92,7751,5608,2143,186,1734,6017,7.05414630628306,7.31470268723252,6.37229834344377,6.04564516129032,7.23950980392157,7.00072760844274,235
"231",2021,1,7.15548076923077,104,7.56397260273973,6.19354838709677,7.5,7.26785714285714,7.138,73,31,1,14,90,7855,5681,2174,187,1748,6107,7.05548797199236,7.31790576835064,6.36974947102116,6.05342245989305,7.23973684210526,7.00275061732438,236
"232",2021,2,6.91642857142857,70,7.44871794871795,6.24677419354839,4.66666666666667,7.29166666666667,6.83879310344828,39,31,3,12,58,7925,5720,2205,190,1760,6165,7.05425968706624,7.31879766958042,6.36802056689343,6.03152631578947,7.24009090909091,7.0012081135442,237
"233",2021,3,7.2361884057971,69,7.61830612244898,6.3,7,7.5935625,7.12830188679245,49,20,1,16,53,7994,5769,2225,191,1776,6218,7.05583,7.32134159646386,6.36740914606742,6.03659685863874,7.24327533783783,7.00229141524606,238
"234",2021,4,6.98333333333333,60,7.125,6.77083333333333,NA,6.8,7,36,24,0,5,55,8054,5805,2249,191,1781,6273,7.05528992053638,7.3201239741602,6.37171425077813,6.03659685863874,7.24203088152723,7.00227132472501,239
"235",2021,5,6.9825,40,7.68695652173913,6.02941176470588,6,7.4,6.92285714285714,23,17,1,5,35,8094,5828,2266,192,1786,6308,7.05493019767729,7.32157166609471,6.36914622683142,6.03640625,7.24247312430011,7.00183069435637,240
"236",2021,6,7.26666666666667,45,7.33783783783784,6.9375,2,4.66666666666667,7.66666666666667,37,8,1,6,39,8139,5865,2274,193,1792,6347,7.05610087480034,7.32167428303495,6.37114571240106,6.01549222797928,7.23384877232143,7.00591586891445,241
"237",2021,7,6.80442534482759,58,7.45260170731707,5.24117647058824,NA,6.34,6.84823905660377,41,17,0,5,53,8197,5906,2291,193,1797,6400,7.0543200792973,7.32258319336268,6.36276095591445,6.01549222797928,7.23136171396772,7.0046101078125,242
"238",2021,8,7.33376338709677,62,7.6556588372093,6.60526315789474,2.5,6.9375,7.39246907407407,43,19,2,8,54,8259,5949,2310,195,1805,6454,7.0564178496186,7.32499069927719,6.36475556277056,5.9794358974359,7.23005927977839,7.00785528664394,243
"239",2021,9,6.81634615384615,52,6.99838709677419,6.54761904761905,8,6.96428571428571,6.79333333333333,31,21,1,7,45,8311,5980,2331,196,1812,6499,7.0549157766815,7.32329760367893,6.36640298155298,5.98974489795919,7.2290325607064,7.0063699061394,244
"240",2021,10,7.675,44,7.8125,7.30833333333333,7,8.28333333333333,7.57894736842105,32,12,2,6,38,8355,6012,2343,198,1818,6537,7.05818133093956,7.32590147538257,6.37122720870679,5.9999494949495,7.23251210121012,7.00969833562796,245
"241",2021,11,7.29931034482759,58,7.5193023255814,6.66866666666667,5.5,6.85,7.38183673469388,43,15,1,9,49,8413,6055,2358,199,1827,6586,7.05984369665993,7.32727492485549,6.37311931721799,5.99743718592965,7.23062780514504,7.01246705435773,246
"242",2021,12,7.153625,80,7.47574074074074,6.48461538461538,5,7.74,7.06985714285714,54,26,1,10,70,8493,6109,2384,200,1837,6656,7.06072707170611,7.32858727614994,6.3743352978188,5.99245,7.23340065323897,7.01307061598557,247
"243",2022,1,7.5235103539823,113,7.79811407894737,6.95945945945946,6.25,8.13571428571429,7.43693606060606,76,37,2,14,99,8606,6185,2421,202,1851,6755,7.06680358935626,7.33435672433306,6.38327771581991,5.995,7.24022528363047,7.01928270762398,248
"244",2022,2,7.38179104477612,67,7.60166666666667,6.82631578947368,NA,6.42857142857143,7.493,48,19,0,7,60,8673,6233,2440,202,1858,6815,7.06923690649141,7.33641526391785,6.38672760245902,5.995,7.23716738428417,7.02345336610418,249
"245",2022,3,7.33061224489796,49,7.62857142857143,6.58571428571429,NA,6,7.38723404255319,35,14,0,2,47,8722,6268,2454,202,1860,6862,7.07070530726897,7.33804664007658,6.38786281581093,5.995,7.23583709677419,7.02594501457301,250
"246",2022,4,6.97205882352941,68,7.16122448979592,6.48421052631579,NA,7.05555555555556,6.9593220338983,49,19,0,9,59,8790,6317,2473,202,1869,6921,7.06994217178612,7.33667505778059,6.3886030529721,5.995,7.23496896736222,7.02537706834272,251
"247",2022,5,7.25783245901639,61,7.95304238095238,5.72105263157895,6,7.09375,7.28259962264151,42,19,1,8,53,8851,6359,2492,203,1877,6974,7.07123708846458,7.34074604812077,6.38351338282505,5.99502463054187,7.23436707511987,7.02733187123602,252
"248",2022,6,7.07795140625,64,7.53123135135135,6.45679,5.5,7.58333333333333,6.96132480769231,37,27,2,12,52,8915,6396,2519,205,1889,7026,7.07128528996074,7.34184797998749,6.38429880111156,5.99019512195122,7.23658390682901,7.02684334756618,253
"249",2022,7,7.44189189189189,74,7.66382978723404,7.05555555555556,6,7.94444444444444,7.37230769230769,47,27,1,9,65,8989,6443,2546,206,1898,7091,7.07433622872399,7.34419675306534,6.39141739198744,5.9902427184466,7.23994046364594,7.03001006346072,254
"250",2022,8,7.28243243243243,74,7.40192307692308,7,5.5,7.75,7.22575757575758,52,22,2,8,66,9063,6495,2568,208,1906,7157,7.07603534811872,7.34465891916859,6.39663110591901,5.98552884615385,7.24208132214061,7.0318151963113,255
"251",2022,9,7.26,50,7.39473684210526,6.83333333333333,NA,8.28571428571429,7.09302325581395,38,12,0,7,43,9113,6533,2580,208,1913,7200,7.07704470097662,7.34495020358181,6.39866227906977,5.98552884615385,7.24590015682174,7.03218074444444,256
"252",2022,10,6.96397666666667,57,7.32366675,6.11764705882353,7.5,7.3625,6.89891163265306,40,17,1,8,49,9170,6573,2597,209,1921,7249,7.0763418789531,7.34482068309752,6.39682274932615,5.99277511961723,7.24638573659552,7.03127990481446,257
"253",2022,11,7.50822580645161,62,7.70232558139535,7.06894736842105,6,7.7,7.47566037735849,43,19,2,9,53,9232,6616,2616,211,1930,7302,7.07924231260832,7.34714424879081,6.40170438837921,5.99284360189574,7.24850103626943,7.03450534511093,258
"254",2022,12,7.30368131868132,91,7.67402985074627,6.26979166666667,7.5875,6.80769230769231,7.38634615384615,67,24,2,13,78,9323,6683,2640,213,1943,7380,7.08143301834173,7.35042142002095,6.40050518181819,6.00781690140845,7.24555172413793,7.03822398780488,259
