"","year","month","avg_rating","no_ratings","avg_rating_owned","avg_rating_not_owned","avg_rating_prev_owned","avg_rating_comment","avg_rating_no_comment","no_ratings_owned","no_ratings_not_owned","no_ratings_prev_owned","no_ratings_comment","no_ratings_no_comment","cum_no_ratings","cum_no_ratings_owned","cum_no_ratings_not_owned","cum_no_ratings_prev_owned","cum_no_ratings_comment","cum_no_ratings_no_comment","cum_avg_rating","cum_avg_rating_owned","cum_avg_rating_not_owned","cum_avg_rating_prev_owned","cum_avg_rating_comment","cum_avg_rating_no_comment","month_after_release"
"1",2007,1,7,1,NA,7,NA,NA,7,0,1,0,0,1,1,0,1,0,0,1,7,NA,7,NA,NA,7,-19
"2",2007,3,5,1,NA,5,NA,NA,5,0,1,0,0,1,2,0,2,0,0,2,6,NA,6,NA,NA,6,-17
"3",2007,6,9,1,9,NA,NA,NA,9,1,0,0,0,1,3,1,2,0,0,3,7,9,6,NA,NA,7,-14
"4",2007,8,8,1,8,NA,NA,NA,8,1,0,0,0,1,4,2,2,0,0,4,7.25,8.5,6,NA,NA,7.25,-12
"5",2008,1,6,1,NA,6,NA,NA,6,0,1,0,0,1,5,2,3,0,0,5,7,8.5,6,NA,NA,7,-7
"6",2008,2,5,1,5,NA,NA,5,NA,1,0,0,1,0,6,3,3,0,1,5,6.66666666666667,7.33333333333333,6,NA,5,7,-6
"7",2008,3,5,1,5,NA,NA,NA,5,1,0,0,0,1,7,4,3,0,1,6,6.42857142857143,6.75,6,NA,5,6.66666666666667,-5
"8",2008,7,7.5,2,7,8,NA,NA,7.5,1,1,0,0,2,9,5,4,0,1,8,6.66666666666667,6.8,6.5,NA,5,6.875,-1
"9",2008,8,6.9,21,7.42727272727273,6.32,7,7.10833333333333,6.62222222222222,11,10,2,12,9,30,16,14,2,13,17,6.83,7.23125,6.37142857142857,7,6.94615384615385,6.74117647058824,0
"10",2008,9,6.47948717948718,39,8.11111111111111,5.99,6.85,6.375,6.61470588235294,9,30,5,22,17,69,25,44,7,35,34,6.63188405797101,7.548,6.11136363636364,6.89285714285714,6.58714285714286,6.67794117647059,1
"11",2008,10,6.99528,25,7.6,6.59213333333333,NA,6.914,7.08333333333333,10,15,0,13,12,94,35,59,7,48,46,6.72853191489362,7.56285714285714,6.23359322033898,6.89285714285714,6.67566666666667,6.78369565217391,2
"12",2008,11,6.83333333333333,33,7.67857142857143,6.21052631578947,7,6.6,7.02777777777778,14,19,1,15,18,127,49,78,8,63,64,6.75576377952756,7.59591836734694,6.22797435897436,6.90625,6.65765079365079,6.85234375,3
"13",2008,12,6.65903225806452,31,7.48235294117647,5.65928571428571,6,6.95,6.52047619047619,17,14,1,10,21,158,66,92,9,73,85,6.73678481012658,7.56666666666667,6.1414347826087,6.80555555555556,6.69769863013699,6.77035294117647,4
"14",2009,1,6.86794871794872,39,8.01923076923077,6.29230769230769,5.53333333333333,6.91764705882353,6.82954545454545,13,26,3,17,22,197,79,118,12,90,107,6.76275126903553,7.64113924050633,6.1746779661017,6.4875,6.73924444444445,6.78252336448598,5
"15",2009,2,6.62121212121212,33,7.86363636363636,6,6.25,6.63636363636364,6.61363636363636,11,22,2,11,22,230,90,140,14,101,129,6.74244347826087,7.66833333333333,6.14722857142857,6.45357142857143,6.7280396039604,6.75372093023256,6
"16",2009,3,7.09677419354839,31,7.41176470588235,6.71428571428571,6,6.85714285714286,7.16666666666667,17,14,1,7,24,261,107,154,15,108,153,6.78452873563218,7.62757009345794,6.19877922077922,6.42333333333333,6.73640740740741,6.81849673202614,7
"17",2009,4,7.15,42,7.87777777777778,6.60416666666667,7.5,7.43181818181818,7.05,18,24,3,11,31,303,125,178,18,119,184,6.83518811881188,7.6636,6.25343820224719,6.60277777777778,6.80068907563025,6.8575,8
"18",2009,5,7.06571428571429,35,7.71052631578947,6.3,7,7.40909090909091,6.90833333333333,19,16,1,11,24,338,144,194,19,130,208,6.85905917159763,7.66979166666667,6.25727835051546,6.62368421052632,6.85216923076923,6.86336538461538,9
"19",2009,6,6.56571428571429,35,6.94,6.285,6.575,6.77272727272727,6.47083333333333,15,20,4,11,24,373,159,214,23,141,232,6.83153351206434,7.60094339622642,6.25986915887851,6.61521739130435,6.84597163120567,6.82275862068965,10
"20",2009,7,7.4,41,8.07142857142857,7.05185185185185,7.5,7,7.5125,14,27,2,9,32,414,173,241,25,150,264,6.8878309178744,7.63901734104046,6.34859751037344,6.686,6.85521333333333,6.90636363636364,11
"21",2009,8,6.83636363636364,44,7.95833333333333,6.415625,6.66666666666667,6.62105263157895,7,12,32,3,19,25,458,185,273,28,169,289,6.8828864628821,7.65972972972973,6.35645421245421,6.68392857142857,6.8288875739645,6.91446366782007,12
"22",2009,9,7.29102564102564,39,8.055,6.48684210526316,8,7.78571428571429,7.1828125,20,19,1,7,32,497,205,292,29,176,321,6.91491348088531,7.69829268292683,6.36493835616438,6.72931034482759,6.86694318181818,6.94121495327103,13
"23",2009,10,6.96395348837209,43,8.26111111111111,6.03,6.35,6.65714285714286,7.11206896551724,18,25,5,14,29,540,223,317,34,190,350,6.91881851851852,7.74372197309417,6.33852365930599,6.67352941176471,6.85148421052632,6.95537142857143,14
"24",2009,11,6.85,59,7.51904761904762,6.48026315789474,6.42857142857143,7.19333333333333,6.73295454545455,21,38,7,15,44,599,244,355,41,205,394,6.91204006677796,7.72438524590164,6.35369577464789,6.63170731707317,6.87649756097561,6.93053299492386,15
"25",2009,12,7.06538461538462,39,7.77333333333333,6.62291666666667,7.425,7.025,7.07931034482759,15,24,4,10,29,638,259,379,45,215,423,6.92141379310345,7.72722007722008,6.37074406332454,6.70222222222222,6.88340465116279,6.94073286052009,16
"26",2010,1,6.91186440677966,59,7.5,6.30344827586207,6.82857142857143,7.23076923076923,6.82173913043478,30,29,7,13,46,697,289,408,52,228,469,6.92060545193687,7.70363321799308,6.36596078431373,6.71923076923077,6.90321052631579,6.9290618336887,17
"27",2010,2,7.02727272727273,44,7.57142857142857,6.5304347826087,7.0875,7.10714285714286,6.99,21,23,8,14,30,741,310,431,60,242,499,6.92693927125506,7.69467741935484,6.37473781902552,6.76833333333333,6.91500826446281,6.9327254509018,18
"28",2010,3,6.89314285714286,35,7.4625,6.41368421052632,NA,6.78727272727273,6.94166666666667,16,19,0,11,24,776,326,450,60,253,523,6.92541494845361,7.68328220858896,6.37638222222222,6.76833333333333,6.90945454545455,6.93313575525813,19
"29",2010,4,7.27352941176471,34,7.65277777777778,6.846875,7.6,6.92857142857143,7.36296296296296,18,16,5,7,27,810,344,466,65,260,550,6.94002716049383,7.68168604651163,6.3925364806867,6.83230769230769,6.90996923076923,6.95423636363636,20
"30",2010,5,7.10135135135135,37,8.16666666666667,6.59,7.5,7,7.13392857142857,12,25,2,9,28,847,356,491,67,269,578,6.94707438016529,7.69803370786517,6.40259063136456,6.85223880597015,6.91298141263941,6.96294117647059,21
"31",2010,6,6.8075,40,7.5,6.392,7.33333333333333,6.09090909090909,7.07931034482759,15,25,3,11,29,887,371,516,70,280,607,6.9407801578354,7.6900269541779,6.40207751937985,6.87285714285714,6.88068571428572,6.96850082372323,22
"32",2010,7,6.60365853658537,41,7.22631578947368,6.06590909090909,6.5,6.59615384615385,6.60714285714286,19,22,4,13,28,928,390,538,74,293,635,6.92588577586207,7.6674358974359,6.38833085501859,6.8527027027027,6.8680614334471,6.95256692913386,23
"33",2010,8,6.65833333333333,48,7.54,6.25757575757576,6.2,6.16666666666667,6.82222222222222,15,33,5,12,36,976,405,571,79,305,671,6.91272745901639,7.66271604938272,6.38077408056042,6.81139240506329,6.84046557377049,6.9455737704918,24
"34",2010,9,6.73157894736842,38,7.88666666666667,5.97826086956522,10,6.81666666666667,6.69230769230769,15,23,1,12,26,1014,420,594,80,317,697,6.90593885601578,7.67071428571429,6.36518855218855,6.85125,6.83956466876972,6.9361262553802,25
"35",2010,10,6.82857142857143,49,7.85789473684211,6.17666666666667,6.25,6.43076923076923,6.97222222222222,19,30,2,13,36,1063,439,624,82,330,733,6.90237253057385,7.67881548974943,6.356125,6.83658536585366,6.82346060606061,6.93789904502046,26
"36",2010,11,6.88032786885246,61,7.37777777777778,6.67209302325581,7.64285714285714,7,6.854,18,43,7,11,50,1124,457,667,89,341,783,6.90117615658363,7.66695842450766,6.37649475262369,6.9,6.82915542521994,6.93254150702427,27
"37",2010,12,6.7838,50,7.35210526315789,6.43548387096774,6.44,7.3,6.63820512820513,19,31,5,11,39,1174,476,698,94,352,822,6.89617717206133,7.65439075630252,6.37911461318052,6.87553191489362,6.84386931818182,6.91857664233577,28
"38",2011,1,7.02430555555556,72,7.53030303030303,6.59615384615385,6.78571428571429,6.79411764705882,7.09545454545455,33,39,7,17,55,1246,509,737,101,369,877,6.90358105939005,7.64634577603144,6.39059972862958,6.86930693069307,6.84157723577236,6.929669327252,29
"39",2011,2,6.8,47,7.61764705882353,6.33666666666667,6.6875,6.68333333333333,6.84,17,30,8,12,35,1293,526,767,109,381,912,6.89981593194122,7.64541825095057,6.38849022164276,6.85596330275229,6.83659317585302,6.92622807017544,30
"40",2011,3,7.06018518518519,54,7.81590909090909,6.540625,7.125,7.36,6.9448717948718,22,32,4,15,39,1347,548,799,113,396,951,6.90624498886414,7.65226277372263,6.3945832290363,6.86548672566372,6.85641919191919,6.92699263932702,31
"41",2011,4,6.73804347826087,46,7.5047619047619,6.094,6.66666666666667,7.17272727272727,6.60142857142857,21,25,3,11,35,1393,569,824,116,407,986,6.90069059583633,7.64681898066784,6.38546359223301,6.86034482758621,6.86496805896806,6.91543610547667,32
"42",2011,5,6.51636363636364,55,7.375,6.16410256410256,6.4,6.00909090909091,6.64318181818182,16,39,5,11,44,1448,585,863,121,418,1030,6.88609254143647,7.63938461538462,6.37546002317497,6.84132231404959,6.84244497607656,6.90380582524272,33
"43",2011,6,7.2109756097561,41,7.63888888888889,6.87608695652174,7.54166666666667,6.56666666666667,7.3921875,18,23,6,9,32,1489,603,886,127,427,1062,6.89503828072532,7.63936981757877,6.38845598194131,6.8744094488189,6.83663231850117,6.91852165725047,34
"44",2011,7,6.8953488372093,43,7.83333333333333,6,5.83333333333333,6.90625,6.88888888888889,21,22,3,16,27,1532,624,908,130,443,1089,6.89504699738904,7.64589743589744,6.37904405286344,6.85038461538462,6.8391467268623,6.91778696051423,35
"45",2011,8,6.52058823529412,34,7.46153846153846,5.93809523809524,5.5,6.85714285714286,6.43333333333333,13,21,2,7,27,1566,637,929,132,450,1116,6.88691698595147,7.6421350078493,6.3690764262648,6.82992424242424,6.83942666666667,6.90606630824373,36
"46",2011,9,6.63918918918919,37,7.20909090909091,6.39807692307692,6.58333333333333,7.49090909090909,6.27884615384615,11,26,6,11,26,1603,648,955,138,461,1142,6.88119900187149,7.63478395061729,6.36986596858639,6.81920289855073,6.85497180043384,6.89178633975482,37
"47",2011,10,6.67826086956522,46,7.06666666666667,6.42857142857143,7.25,7.57142857142857,6.51794871794872,18,28,2,7,39,1649,666,983,140,468,1181,6.87553790175864,7.61942942942943,6.37153814852492,6.82535714285714,6.86568803418804,6.87944115156647,38
"48",2011,11,6.87698412698413,63,7.66666666666667,6.39102564102564,5.33333333333333,6.88529411764706,6.87391304347826,24,39,3,17,46,1712,690,1022,143,485,1227,6.87559112149533,7.62107246376812,6.37228180039139,6.79405594405594,6.86637525773196,6.87923390383048,39
"49",2011,12,6.68909090909091,55,7.35,6.17741935483871,5.83333333333333,6.5,6.76666666666667,24,31,6,16,39,1767,714,1053,149,501,1266,6.86978607809847,7.61196078431373,6.36654510921178,6.75536912751678,6.8546746506986,6.87576619273302,40
"50",2012,1,6.89583333333333,48,7.55555555555556,6.5,6.75,6.85,6.90789473684211,18,30,4,10,38,1815,732,1083,153,511,1304,6.87047493112948,7.6105737704918,6.37024192059095,6.75522875816994,6.85458317025441,6.87670245398773,41
"51",2012,2,6.856,50,7.96666666666667,6.38,6.5,7.30769230769231,6.6972972972973,15,35,4,13,37,1865,747,1118,157,524,1341,6.87008686327078,7.61772423025435,6.37054740608229,6.74872611464968,6.86582442748092,6.8717524235645,42
"52",2012,3,7.24444444444444,45,7.91333333333333,6.91,6.91666666666667,8,7.15,15,30,6,5,40,1910,762,1148,163,529,1381,6.87890680628272,7.62354330708661,6.38464459930314,6.75490797546012,6.87654442344046,6.87981173062998,43
"53",2012,4,6.66382978723404,47,7.40625,6.28064516129032,6.31666666666667,6.3,6.75,16,31,6,9,38,1957,778,1179,169,538,1419,6.87374144098109,7.61907455012854,6.38191009329941,6.73934911242604,6.86689962825279,6.87633544749824,44
"54",2012,5,6.78541666666667,48,7.62777777777778,6.28,7,7.03636363636364,6.71081081081081,18,30,5,11,37,2005,796,1209,174,549,1456,6.87162693266833,7.61927135678392,6.37938130686518,6.74683908045977,6.87029508196721,6.87212912087912,45
"55",2012,6,7.13428571428571,35,7.51111111111111,6.73529411764706,7,7.62857142857143,7.01071428571429,18,17,6,7,28,2040,814,1226,180,556,1484,6.87613333333334,7.61687960687961,6.38431647634584,6.75527777777778,6.87984172661871,6.87474393530997,46
"56",2012,7,7.00441860465116,43,8.13157894736842,6.11208333333333,6.625,6.45,7.17242424242424,19,24,4,10,33,2083,833,1250,184,566,1517,6.87878156505041,7.62861944777911,6.3790896,6.75244565217391,6.87224734982332,6.88121951219512,47
"57",2012,8,6.98775510204082,49,7.32857142857143,6.73214285714286,6,6.37,7.14615384615385,21,28,4,10,39,2132,854,1278,188,576,1556,6.8812861163227,7.62124121779859,6.38682472613459,6.73643617021277,6.86352777777778,6.88785989717224,48
"58",2012,9,7.01555555555556,45,7.875,6.328,6.78571428571429,6.75,7.13548387096774,20,25,7,14,31,2177,874,1303,195,590,1587,6.88406155259532,7.62704805491991,6.38569608595549,6.73820512820513,6.86083389830509,6.89269691241336,49
"59",2012,10,6.96538461538462,52,8.13181818181818,6.11,6.375,6.92857142857143,6.97111111111111,22,30,4,7,45,2229,896,1333,199,597,1632,6.88595872588605,7.63944196428571,6.37949137284321,6.73090452261307,6.86162814070352,6.89485906862745,50
"60",2012,11,6.501,50,7.32826086956522,5.7962962962963,6.33333333333333,6.86363636363636,6.39871794871795,23,27,6,11,39,2279,919,1360,205,608,1671,6.87751294427381,7.63165397170838,6.36791323529412,6.71926829268293,6.86166447368421,6.88327947336924,51
"61",2012,12,6.60857142857143,42,7.63157894736842,5.76347826086957,6,7,6.50181818181818,19,23,8,9,33,2321,938,1383,213,617,1704,6.87264627315812,7.63165245202559,6.35786117136659,6.69225352112676,6.86368233387358,6.87589201877934,52
"62",2013,1,7.25925925925926,54,7.65555555555556,6.86296296296296,7,7.78181818181818,7.12558139534884,27,27,3,11,43,2375,965,1410,216,628,1747,6.88143663157895,7.63232124352332,6.36753333333333,6.69652777777778,6.87976433121019,6.8820377790498,53
"63",2013,2,6.90185185185185,54,7.70833333333333,6.25666666666667,6.125,7.03846153846154,6.85853658536585,24,30,4,13,41,2429,989,1440,220,641,1788,6.88189048991355,7.63416582406471,6.36522361111111,6.68613636363636,6.88298283931357,6.88149888143177,54
"64",2013,3,6.8,54,7.58571428571429,6.3,6.5,5.71428571428571,6.96170212765957,21,33,4,7,47,2483,1010,1473,224,648,1835,6.88010954490536,7.63315841584158,6.36376238968092,6.6828125,6.87035802469136,6.88355313351499,55
"65",2013,4,7.40652173913043,46,7.91428571428571,6.98,6.41666666666667,6.7,7.49268292682927,21,25,6,5,41,2529,1031,1498,230,653,1876,6.88968446026098,7.63888457807953,6.37404672897196,6.67586956521739,6.86905359877489,6.89686567164179,56
"66",2013,5,7.02456140350877,57,7.42307692307692,6.69032258064516,7.1,6.91176470588235,7.0725,26,31,8,17,40,2586,1057,1529,238,670,1916,6.89265738592421,7.6335761589404,6.3804591236102,6.69012605042017,6.87013731343284,6.90053235908142,57
"67",2013,6,7.1925,40,7.73333333333333,6.868,7.18,7.125,7.2,15,25,5,4,36,2626,1072,1554,243,674,1952,6.89722467631379,7.63497201492537,6.38830244530244,6.70020576131687,6.87164985163205,6.90605532786885,58
"68",2013,7,6.8515625,64,7.6,6.19117647058824,4,6.16666666666667,7.00961538461539,30,34,2,12,52,2690,1102,1588,245,686,2004,6.89613828996283,7.63401996370236,6.38408186397985,6.67816326530612,6.85931778425656,6.90874251497006,59
"69",2013,8,7.07586206896552,58,7.53846153846154,6.7,7.04,7.25,7.048,26,32,5,8,50,2748,1128,1620,250,694,2054,6.89993158660845,7.63181737588652,6.39032222222222,6.6854,6.86382132564842,6.91213242453749,60
"70",2013,9,6.76733333333333,75,7.2375,6.54607843137255,7,6.11578947368421,6.98839285714286,24,51,10,19,56,2823,1152,1671,260,713,2110,6.89640878498052,7.62360243055555,6.39507600239378,6.6975,6.84388779803647,6.91415639810427,61
"71",2013,10,7.08448275862069,58,7.85416666666667,6.54117647058824,5.975,6.77272727272727,7.15744680851064,24,34,4,11,47,2881,1176,1705,264,724,2157,6.90019507115585,7.62830782312925,6.39798944281525,6.68655303030303,6.84280662983426,6.91945757997219,62
"72",2013,11,6.74702380952381,84,7.25757575757576,6.41666666666667,7.375,6.13333333333333,6.8804347826087,33,51,6,15,69,2965,1209,1756,270,739,2226,6.89585564924115,7.61818858560794,6.39853189066059,6.70185185185185,6.82840595399188,6.91824797843666,63
"73",2013,12,7.05818181818182,55,7.32222222222222,6.80357142857143,6.5,6.5,7.16739130434783,27,28,5,9,46,3020,1236,1784,275,748,2272,6.8988119205298,7.61172330097087,6.40488901345291,6.69818181818182,6.82445454545455,6.92329225352113,64
"74",2014,1,6.98804347826087,92,7.68157894736842,6.5,6.28571428571429,7.15,6.94305555555556,38,54,7,20,72,3112,1274,1838,282,768,2344,6.9014498714653,7.61380690737834,6.40768335146899,6.68794326241135,6.83293229166667,6.92389931740615,65
"75",2014,2,6.79166666666667,60,7.82105263157895,6.31463414634146,6.57142857142857,6.66666666666667,6.82291666666667,19,41,7,12,48,3172,1293,1879,289,780,2392,6.89937326607819,7.61685228151585,6.40565300691857,6.68512110726644,6.83037435897436,6.921872909699,66
"76",2014,3,7.01914893617021,47,7.92105263157895,6.40714285714286,6.56,6.7,7.09473684210526,19,28,5,9,38,3219,1312,1907,294,789,2430,6.90112208760485,7.62125762195122,6.40567488201363,6.68299319727891,6.82888719898606,6.92457613168724,67
"77",2014,4,6.9,50,7.2,6.7,6.125,6.68181818181818,6.96153846153846,20,30,4,11,39,3269,1332,1937,298,800,2469,6.90110492505354,7.61493243243243,6.41023335054207,6.6755033557047,6.826865,6.92515998379911,68
"78",2014,5,6.98214285714286,56,7.53333333333333,6.56875,6.92857142857143,7.91666666666667,6.87,24,32,7,6,50,3325,1356,1969,305,806,2519,6.90246977443609,7.61348820058997,6.4128095479939,6.68131147540984,6.8349776674938,6.92406510520048,69
"79",2014,6,6.5953125,64,7.42307692307692,6.02894736842105,6.5,6.45454545454545,6.62452830188679,26,38,7,11,53,3389,1382,2007,312,817,2572,6.89666922395987,7.60990593342981,6.40554160438465,6.67724358974359,6.82985556915545,6.91789269051322,70
"80",2014,7,6.8375,64,7.39130434782609,6.52682926829268,6.34,7.18181818181818,6.76603773584906,23,41,10,11,53,3453,1405,2048,322,828,2625,6.89557254561251,7.60632740213523,6.4079697265625,6.6667701863354,6.83453140096618,6.91482666666667,71
"81",2014,8,7.08473684210526,57,7.57037037037037,6.64766666666667,5.8,6.86916666666667,7.14222222222222,27,30,5,12,45,3510,1432,2078,327,840,2670,6.89864444444445,7.60564944134078,6.4114302213667,6.65351681957187,6.83502619047619,6.91865917602996,72
"82",2014,9,6.61864406779661,59,7.61111111111111,6.18292682926829,6.2,5.9,6.68518518518519,18,41,8,5,54,3569,1450,2119,335,845,2724,6.89401569066966,7.60571724137931,6.40700896649363,6.64268656716418,6.82949349112426,6.9140308370044,73
"83",2014,10,6.8325,60,7.58125,5.97678571428571,6.66,7.03571428571429,6.77065217391304,32,28,5,14,46,3629,1482,2147,340,859,2770,6.89299862220998,7.60518893387314,6.4013982300885,6.64294117647059,6.83285448195576,6.91164981949458,74
"84",2014,11,6.52867647058823,68,7.41923076923077,5.97738095238095,6.52272727272727,6.79642857142857,6.45925925925926,26,42,11,14,54,3697,1508,2189,351,873,2824,6.88629753854477,7.60198275862069,6.39326267702147,6.63917378917379,6.83227033218786,6.9029992917847,75
"85",2014,12,6.79714285714286,63,7.62121212121212,5.89066666666667,6.01666666666667,6.27692307692308,6.9324,33,30,6,13,50,3760,1541,2219,357,886,2874,6.88480372340426,7.60239454899416,6.3864677782785,6.62871148459384,6.82412189616253,6.90351078636047,76
"86",2015,1,6.74,80,7.69512195121951,5.73589743589744,5.8125,6.51428571428571,6.78787878787879,41,39,8,14,66,3840,1582,2258,365,900,2940,6.88178697916667,7.60479772439949,6.37523117803366,6.61082191780822,6.81930222222222,6.90091496598639,77
"87",2015,2,6.83885714285714,70,7.02413793103448,6.70780487804878,6.84285714285714,6.66153846153846,6.87929824561404,29,41,7,13,57,3910,1611,2299,372,913,2997,6.88101841432225,7.59434512725015,6.38116224445411,6.61518817204301,6.81705585980285,6.9005038371705,78
"88",2015,3,6.725,68,7.38965517241379,6.23076923076923,6.22222222222222,6.42941176470588,6.82352941176471,29,39,9,17,51,3978,1640,2338,381,930,3048,6.87835143288085,7.5907256097561,6.37865355004277,6.60590551181102,6.80996989247312,6.89921587926509,79
"89",2015,4,6.49542857142857,70,7.666,5.84511111111111,5.49375,5.94444444444444,6.68615384615385,25,45,8,18,52,4048,1665,2383,389,948,3100,6.87172974308301,7.59185585585586,6.36857826269408,6.58303341902314,6.7935358649789,6.89564193548387,80
"90",2015,5,6.64705882352941,34,7.5,5.97368421052632,8,9,6.5,15,19,1,2,32,4082,1680,2402,390,950,3132,6.86985840274376,7.59103571428571,6.36545462114904,6.58666666666667,6.79818105263158,6.89159961685824,81
"91",2015,6,6.84891304347826,46,7.5,6.43035714285714,7.21111111111111,6.07142857142857,6.98846153846154,18,28,9,7,39,4128,1698,2430,399,957,3171,6.869625,7.59007067137809,6.3662024691358,6.60075187969925,6.79286520376176,6.89279091769158,82
"92",2015,7,6.92096774193548,62,7.52666666666667,6.353125,6.79166666666667,6.48181818181818,7.0156862745098,30,32,6,11,51,4190,1728,2462,405,968,3222,6.870384725537,7.58896990740741,6.36603249390739,6.60358024691358,6.7893305785124,6.89473618870267,83
"93",2015,8,6.96854838709677,62,7.86730769230769,6.31944444444444,6.5,6.44545454545455,7.08137254901961,26,36,6,11,51,4252,1754,2498,411,979,3273,6.87181608654751,7.59309578107183,6.3653610888711,6.60206812652068,6.78546680286006,6.89764436296975,84
"94",2015,9,6.78333333333333,60,7.2962962962963,6.36363636363636,6.5,6.8,6.78039215686274,27,33,7,9,51,4312,1781,2531,418,988,3324,6.87058487940631,7.58859629421673,6.36533860134334,6.60035885167464,6.7855991902834,6.89584536702768,85
"95",2015,10,6.95869565217391,69,7.71857142857143,6.17647058823529,6,6.08666666666667,7.20092592592593,35,34,6,15,54,4381,1816,2565,424,1003,3378,6.87197260899338,7.5911013215859,6.3628350877193,6.59186320754717,6.77514656031904,6.90072232089994,86
"96",2015,11,6.57453333333333,75,7.19032258064516,6.14068181818182,6.5675,5.85,6.67333333333333,31,44,8,9,66,4456,1847,2609,432,1012,3444,6.86696633752245,7.58437466161342,6.35908853967037,6.59141203703704,6.76691897233202,6.89636469221835,87
"97",2015,12,6.48538461538462,65,7.61086956521739,5.86904761904762,6.3,6.66666666666667,6.431,23,42,5,15,50,4521,1870,2651,437,1027,3494,6.86148020349481,7.58470053475936,6.35132478310072,6.58807780320366,6.7654547224927,6.88970520892959,88
"98",2016,1,6.632,75,7.209375,6.20232558139535,6.83333333333333,7.01666666666667,6.55873015873016,32,43,6,12,63,4596,1902,2694,443,1039,3557,6.85773542210618,7.57838590956887,6.34894654788419,6.59139954853273,6.76835611164581,6.88384312622997,89
"99",2016,2,6.83243243243243,37,7.33333333333333,6.592,6.975,6.1,6.946875,12,25,8,5,32,4633,1914,2719,451,1044,3589,6.85753334772286,7.57684952978056,6.35118131666054,6.59820399113082,6.76515517241379,6.88440512677626,90
"100",2016,3,6.59044117647059,68,7.53833333333333,5.84210526315789,6.2,6.54545454545455,6.59912280701754,30,38,5,11,57,4701,1944,2757,456,1055,3646,6.85366985747714,7.57625514403292,6.34416467174465,6.59383771929825,6.7628644549763,6.87994514536478,91
"101",2016,4,6.42368421052632,57,7.115,6.05,5.3,5.16666666666667,6.57156862745098,20,37,5,6,51,4758,1964,2794,461,1061,3697,6.84851870533838,7.57155804480652,6.34026914817466,6.57980477223427,6.75383788878417,6.87569110089261,92
"102",2016,5,6.77112676056338,71,7.58387096774194,6.14125,5.42857142857143,5.859375,7.03636363636364,31,40,7,16,55,4829,1995,2834,468,1077,3752,6.84738082418721,7.57174937343358,6.33746012702893,6.56258547008547,6.74054967502321,6.87804637526652,93
"103",2016,6,6.46905660377359,53,7.02380952380952,6.105,7.11111111111111,6.56428571428571,6.4545652173913,21,32,9,7,46,4882,2016,2866,477,1084,3798,6.84327365833675,7.56604166666666,6.33486461967899,6.57293501048218,6.73941143911439,6.87291732490785,94
"104",2016,7,6.78283582089552,67,7.79347826086957,6.25454545454545,6,6.4875,6.8228813559322,23,44,4,8,59,4949,2039,2910,481,1092,3857,6.84245544554456,7.56860716037273,6.33365017182131,6.56817047817048,6.73756593406593,6.87215193155302,95
"105",2016,8,6.73714285714286,70,7.325,6.2421052631579,6.66666666666667,6.11538461538461,6.87894736842105,32,38,3,13,57,5019,2071,2948,484,1105,3914,6.84098665072724,7.5648430709802,6.33247014925373,6.56878099173554,6.73024615384615,6.87225089422585,96
"106",2016,9,6.38026315789474,76,7.43392857142857,5.765625,6.58333333333333,5.85,6.51065573770492,28,48,3,15,61,5095,2099,2996,487,1120,3975,6.8341142296369,7.56309671272034,6.32338851802403,6.56887063655031,6.71845714285714,6.86670188679245,97
"107",2016,10,6.8004,75,7.63030303030303,6.14833333333333,6.55555555555556,6.58111111111111,6.83030303030303,33,42,9,9,66,5170,2132,3038,496,1129,4041,6.8336251450677,7.56413696060037,6.32096840026333,6.56862903225807,6.71736226749336,6.86610739915862,98
"108",2016,11,7.053125,64,7.61666666666667,6.55588235294118,6.9,7.34615384615385,6.97843137254902,30,34,5,13,51,5234,2162,3072,501,1142,4092,6.83630913259458,7.56486586493987,6.323568359375,6.57193612774451,6.72452014010508,6.8675073313783,99
"109",2016,12,6.335625,64,7.22758620689655,5.59657142857143,8,5.8,6.43481481481481,29,35,2,10,54,5298,2191,3107,503,1152,4146,6.83026085315214,7.56040164308535,6.31537882201481,6.57761431411531,6.71649479166667,6.86187168355041,100
"110",2017,1,7.03416666666667,84,7.75435897435897,6.41,6.6,6.375,7.12324324324324,39,45,5,10,74,5382,2230,3152,508,1162,4220,6.83344332961725,7.56379372197309,6.31672969543147,6.57783464566929,6.71355593803787,6.86645497630332,101
"111",2017,2,6.91657142857143,56,7.82696296296296,6.06896551724138,7.25,6.92981818181818,6.91333333333333,27,29,4,11,45,5438,2257,3181,512,1173,4265,6.83429937477014,7.56694195835179,6.314470921094,6.5830859375,6.71558397271952,6.86694958968347,102
"112",2017,3,6.70438596491228,57,7.358,6.19375,5.75,6.33333333333333,6.725,25,32,4,3,54,5495,2282,3213,516,1176,4319,6.83295177434031,7.56465293602103,6.31326859632742,6.57662790697674,6.71460884353742,6.86517480898356,103
"113",2017,4,6.69051282051282,78,7.60625,6.05347826086957,6.38333333333333,7.1125,6.58161290322581,32,46,6,16,62,5573,2314,3259,522,1192,4381,6.83095819127939,7.56522817631806,6.3096017183185,6.5744061302682,6.71994966442953,6.86116183519744,104
"114",2017,5,6.9,59,7.5030303030303,6.13461538461539,6,7.04545454545455,6.86666666666667,33,26,4,11,48,5632,2347,3285,526,1203,4429,6.83168146306819,7.56435364294844,6.30821674277017,6.57003802281369,6.72292601828761,6.86122149469406,105
"115",2017,6,7.0578431372549,51,7.7225,6.62903225806452,7,6.875,7.09186046511628,20,31,3,8,43,5683,2367,3316,529,1211,4472,6.83371106809784,7.56568990283058,6.31121592279855,6.5724763705104,6.72393063583815,6.86343917710197,106
"116",2017,7,6.73050847457627,59,7.72916666666667,6.04571428571429,6.18,6.63571428571429,6.76,24,35,5,14,45,5742,2391,3351,534,1225,4517,6.83265064437479,7.56733082392304,6.30844285287974,6.56880149812734,6.72292244897959,6.86240867832632,107
"117",2017,8,6.89,50,7.88,6.46571428571429,6,6.16666666666667,6.93617021276596,15,35,5,3,47,5792,2406,3386,539,1228,4564,6.83314571823205,7.56928013300083,6.31006851742469,6.56352504638219,6.72156351791531,6.86316827344435,108
"118",2017,9,6.55810810810811,37,7.21071428571429,6.16086956521739,6.625,6.35,6.590625,14,23,4,5,32,5829,2420,3409,543,1233,4596,6.8313998970664,7.56720578512397,6.30906189498387,6.56397790055249,6.72005677210057,6.86127067014795,109
"119",2017,10,6.73846153846154,65,7.28,6.4,6.25,6.5,6.78181818181818,25,40,6,10,55,5894,2445,3449,549,1243,4651,6.83037495758399,7.5642691206544,6.31011655552334,6.56054644808743,6.71828640386163,6.8603311115889,110
"120",2017,11,6.5963768115942,69,7.44852941176471,5.76857142857143,6.41666666666667,5.7125,6.71229508196721,34,35,3,8,61,5963,2479,3484,552,1251,4712,6.82766728156968,7.56268172650262,6.30467623421355,6.55976449275362,6.71185451638689,6.85841468590832,111
"121",2017,12,7.01694915254237,59,7.93333333333333,6.38857142857143,6.5,6.54444444444444,7.102,24,35,2,9,50,6022,2503,3519,554,1260,4762,6.82952175357025,7.56623571713943,6.30551065643649,6.5595487364621,6.71065873015873,6.86097228055439,112
"122",2018,1,6.85056818181818,88,7.635,6.196875,6.7,5.83333333333333,7.01118421052632,40,48,5,12,76,6110,2543,3567,559,1272,4838,6.82982487725041,7.56731734172237,6.3040487804878,6.56080500894455,6.7023820754717,6.86333195535345,113
"123",2018,2,6.93723404255319,47,7.9625,6.40806451612903,6.375,6.99545454545455,6.91944444444444,16,31,4,11,36,6157,2559,3598,563,1283,4874,6.8306447945428,7.56978819851505,6.30494496942746,6.55948490230906,6.70489477786438,6.8637464095199,114
"124",2018,3,6.92647058823529,51,7.20652173913043,6.69642857142857,6.5,7.17857142857143,6.88636363636364,23,28,2,7,44,6208,2582,3626,565,1290,4918,6.83143202319588,7.56655228505035,6.30796800882515,6.55927433628319,6.70746511627907,6.8639487596584,115
"125",2018,4,6.55208333333333,48,7.21111111111111,6.15666666666667,6.0625,6.25,6.57954545454545,18,30,8,4,44,6256,2600,3656,573,1294,4962,6.82928868286445,7.56409153846154,6.30672647702407,6.55233856893543,6.70605100463679,6.86142684401451,116
"126",2018,5,6.6638,50,7.5745,6.05666666666667,7,5.95454545454545,6.86384615384615,20,30,4,11,39,6306,2620,3686,577,1305,5001,6.82797653028862,7.56417099236641,6.30469126424308,6.55544194107453,6.69971647509579,6.86144571085783,117
"127",2018,6,6.49545454545455,44,7.44285714285714,5.6304347826087,5.5,6.08333333333333,6.56052631578947,21,23,2,6,38,6350,2641,3709,579,1311,5039,6.82567244094489,7.56320636122681,6.30051011054193,6.55179620034543,6.69689549961861,6.85917642389363,118
"128",2018,7,6.61627906976744,43,7.375,5.65789473684211,5.5,6.14285714285714,6.70833333333333,24,19,4,7,36,6393,2665,3728,583,1318,5075,6.82426403879243,7.56151144465291,6.29723497854077,6.54457975986278,6.69395295902883,6.85810640394089,119
"129",2018,8,6.675,56,7.42777777777778,6.31842105263158,6.68333333333333,7.35714285714286,6.57755102040816,18,38,6,7,49,6449,2683,3766,589,1325,5124,6.82296790200032,7.56061423779351,6.2974487519915,6.54599320882852,6.69745660377359,6.85542349726776,120
"130",2018,9,6.64222222222222,45,7.64736842105263,5.90769230769231,5.93333333333333,7.5,6.48421052631579,19,26,6,7,38,6494,2702,3792,595,1332,5162,6.82171542962735,7.56122427831236,6.29477637130802,6.53981512605042,6.70167417417418,6.85269081751259,121
"131",2018,10,6.75531914893617,47,7.65714285714286,6.02692307692308,6.25,5.35714285714286,7,21,26,4,7,40,6541,2723,3818,599,1339,5202,6.82123834276105,7.56196401028278,6.29295233106338,6.53787979966611,6.69464525765497,6.85382352941176,122
"132",2018,11,6.86904761904762,42,7.4375,6.11111111111111,NA,7.25,6.85,24,18,0,2,40,6583,2747,3836,599,1341,5242,6.82154336928453,7.56087659264652,6.29209906152242,6.53787979966611,6.69547352721849,6.85379435330027,123
"133",2018,12,6.58,38,7.28260869565217,5.50266666666667,6,6.875,6.54529411764706,23,15,2,4,34,6621,2770,3851,601,1345,5276,6.8201570759704,7.55856606498195,6.28902414957154,6.53608985024959,6.69600743494424,6.85180629264594,124
"134",2019,1,7.27765625,64,7.83448275862069,6.81628571428571,6.66666666666667,6.50166666666667,7.45673076923077,29,35,3,12,52,6685,2799,3886,604,1357,5328,6.82453702318624,7.56142479456949,6.29377303139475,6.53673841059603,6.6942888725129,6.85771021021021,125
"135",2019,2,6.75945945945946,37,7.40625,6.26666666666667,7.4375,7.41666666666667,6.63225806451613,16,21,4,6,31,6722,2815,3907,608,1363,5359,6.82417881582863,7.56054280639432,6.29362733555157,6.54266447368421,6.6974688187821,6.85640604590409,126
"136",2019,3,6.36489361702128,47,7.95571428571429,5.69,5.75,5.07142857142857,6.59125,14,33,6,7,40,6769,2829,3940,614,1370,5399,6.82098980647068,7.56249840933192,6.28857157360406,6.53491856677525,6.68916058394161,6.85444156325245,127
"137",2019,4,6.78048780487805,41,7.44736842105263,6.20454545454545,6.75,5.33333333333333,6.89473684210526,19,22,4,3,38,6810,2848,3962,618,1373,5437,6.82074596182086,7.56173033707865,6.28810499747602,6.53631067961165,6.68619810633649,6.85472319293728,128
"138",2019,5,7.54285714285714,35,7.95238095238095,6.92857142857143,6.5,7.5,7.55172413793103,21,14,2,6,29,6845,2869,3976,620,1379,5466,6.82443827611396,7.56458975252701,6.2903601609658,6.5361935483871,6.68973894126179,6.8584211489206,129
"139",2019,6,7.06086956521739,46,7.73333333333333,6.73548387096774,7,7.08333333333333,7.0575,15,31,5,6,40,6891,2884,4007,625,1385,5506,6.82601654331738,7.56546740638003,6.29380384327427,6.539904,6.6914440433213,6.85986741736288,130
"140",2019,7,6.53260869565217,46,7.25,5.98076923076923,6.33333333333333,6.4,6.54878048780488,20,26,3,5,41,6937,2904,4033,628,1390,5547,6.82407092403057,7.56329476584022,6.2917857674188,6.53891719745223,6.69039568345324,6.8575680548044,131
"141",2019,8,6.35227272727273,44,7.1,6.13235294117647,5.875,6.7,6.30769230769231,10,34,4,5,39,6981,2914,4067,632,1395,5586,6.8210972640023,7.56170487302677,6.2904529136956,6.53471518987342,6.69043010752688,6.85372896527032,132
"142",2019,9,7.28829268292683,41,7.90909090909091,6.56947368421053,6,7.25,7.29243243243243,22,19,1,4,37,7022,2936,4086,633,1399,5623,6.82382512104814,7.56430790190736,6.2917503671072,6.53387045813586,6.69203002144389,6.85661568557709,133
"143",2019,10,6.51190476190476,42,8,5.68518518518519,4,5.77777777777778,6.71212121212121,15,27,1,9,33,7064,2951,4113,634,1408,5656,6.82197055492639,7.56652253473399,6.28776853877948,6.5298738170347,6.68618607954546,6.85577263083451,134
"144",2019,11,7.05297872340426,47,7.78571428571429,6.46115384615385,5,6.1,7.16642857142857,21,26,2,5,42,7111,2972,4139,636,1413,5698,6.82349739839685,7.56807133243607,6.28885769509543,6.52506289308176,6.6841118188252,6.85806247806248,135
"145",2019,12,6.36071428571429,56,6.56666666666667,6.28536585365854,6.5,6.44,6.34347826086957,15,41,5,10,46,7167,2987,4180,641,1423,5744,6.81988140086508,7.56304251757616,6.28882344497608,6.52486739469579,6.68239634574842,6.85394150417827,136
"146",2020,1,6.56785714285714,84,7.62962962962963,6.06491228070175,6,6.45,6.58378378378378,27,57,5,10,74,7251,3014,4237,646,1433,5818,6.81696179837264,7.56363901791639,6.28581118716073,6.52080495356037,6.68077459874389,6.85050532829151,137
"147",2020,2,6.29450265306122,49,7.24761904761905,5.57966535714286,5.85,5.66666666666667,6.33544847826087,21,28,2,3,46,7300,3035,4265,648,1436,5864,6.81345488082192,7.56145238879737,6.28117529425557,6.51873456790124,6.67865598885794,6.84646497783083,138
"148",2020,3,6.68970588235294,34,7.76785714285714,5.935,5.5,7.125,6.50833333333333,14,20,3,10,24,7334,3049,4285,651,1446,5888,6.81288118761931,7.56240013119055,6.27955954025671,6.51403993855607,6.68174273858921,6.84508672384511,139
"149",2020,4,6.90731707317073,41,7.46470588235294,6.5125,6.5,8.66666666666667,6.76842105263158,17,24,2,3,38,7375,3066,4309,653,1449,5926,6.81340618711865,7.56185844748859,6.28085695753075,6.51399693721287,6.68585231193927,6.84459511137361,140
"150",2020,5,6.8659375,32,7.6425,6.4,6.25,4.5,7.02366666666667,12,20,4,2,30,7407,3078,4329,657,1451,5956,6.81363313487242,7.56217283950617,6.2814073989374,6.5123896499239,6.6828394210889,6.84549708361316,141
"151",2020,6,6.94,25,7.33333333333333,6.57692307692308,6,6.75,6.95652173913043,12,13,1,2,23,7432,3090,4342,658,1453,5979,6.81405821178687,7.56128414239482,6.2822921764164,6.51161094224924,6.68293186510668,6.84592417293862,142
"152",2020,7,7.20689655172414,29,8.1,6.25,8.33333333333333,7.2,7.20833333333333,15,14,3,5,24,7461,3105,4356,661,1458,6003,6.81558512665863,7.56388663446055,6.28218839072544,6.51987897125568,6.68470507544582,6.8473730851241,143
"153",2020,8,7.0359375,32,7.41176470588235,6.61,6.33333333333333,6.3125,7.13928571428571,17,15,3,4,28,7493,3122,4371,664,1462,6031,6.81652617509676,7.56305829596413,6.28331334477237,6.51903614457832,6.68368673050616,6.84872834190018,144
"154",2020,9,6.659375,32,7.35294117647059,5.87333333333333,5,5.5,6.77931034482759,17,15,1,3,29,7525,3139,4386,665,1465,6060,6.8158578910299,7.56192035680153,6.28191122435021,6.51675187969925,6.68126279863481,6.84839614356436,145
"155",2020,10,6.75806451612903,31,7.46153846153846,6.25,6,8.5,6.7,13,18,2,1,30,7556,3152,4404,667,1466,6090,6.81562078215988,7.56150634517767,6.28178079700273,6.5152023988006,6.6825034106412,6.84766512807882,146
"156",2020,11,6.8780487804878,41,7.66666666666667,6.26086956521739,7.33333333333333,7.25,6.85897435897436,18,23,3,2,39,7597,3170,4427,670,1468,6129,6.81595769777544,7.56210347003155,6.28167215495821,6.51886567164179,6.68327656675749,6.84773709087942,147
"157",2020,12,6.98857142857143,35,7.29285714285714,6.78571428571429,NA,7.35714285714286,6.89642857142857,14,21,0,7,28,7632,3184,4448,670,1475,6157,6.81674929638365,7.56091959798995,6.28405185026979,6.51886567164179,6.68647457627119,6.84795852363164,148
"158",2021,1,7.44848484848485,33,8.03636363636364,6.27272727272727,7,7.6,7.42142857142857,22,11,1,5,28,7665,3206,4459,671,1480,6185,6.81946909719505,7.5641821584529,6.28402391343351,6.5195827123696,6.68956081081081,6.85055466936136,149
"159",2021,2,6.55030303030303,33,7.40428571428571,5.92105263157895,5.33333333333333,8.05333333333333,6.4,14,19,3,3,30,7698,3220,4478,674,1483,6215,6.81831522863082,7.56348695652174,6.28248383876731,6.51430267062315,6.69231962238705,6.84837982783588,150
"160",2021,3,6.66379310344828,29,7.66071428571429,5.73333333333333,7,7.32142857142857,6.45454545454545,14,15,2,7,22,7727,3234,4493,676,1490,6237,6.81773529571632,7.56390785405071,6.2806504851992,6.51573964497042,6.69527516778524,6.84699064133397,151
"161",2021,4,6.79565217391304,23,7.46153846153846,5.93,7.26666666666667,7.6,6.675,13,10,3,3,20,7750,3247,4503,679,1493,6257,6.81766975870968,7.56349799815214,6.27987178103487,6.51905743740796,6.69709310113865,6.84644088700655,152
"162",2021,5,6.425,28,7.05833333333333,5.95,6.25,6.5,6.416,12,16,2,3,25,7778,3259,4519,681,1496,6282,6.81625618796606,7.56163792574409,6.27870383491923,6.51826725403818,6.69669786096257,6.84472789398281,153
"163",2021,6,6.54054054054054,37,7.75,5.96,6.4,7.375,6.43939393939394,12,25,5,4,33,7815,3271,4544,686,1500,6315,6.81495081637876,7.56232895139101,6.27695040272888,6.51740524781341,6.69850666666667,6.84260975930325,154
"164",2021,7,6.79518527777778,36,7.31259277777778,6.27777777777778,6,6,6.86747484848485,18,18,1,3,33,7851,3289,4562,687,1503,6348,6.81486018341613,7.56096219823655,6.27695366725121,6.51665211062591,6.6971124417831,6.84273902016383,155
"165",2021,8,6.58516129032258,31,7.67833333333333,5.89473684210526,NA,3.83333333333333,7.2456,12,19,0,6,25,7882,3301,4581,687,1509,6373,6.81395677493023,7.56138887306877,6.27536839772976,6.51665211062591,6.68572564612326,6.84431936293739,156
"166",2021,9,6.852725,40,7.90047368421053,5.90476190476191,6,7.22985714285714,6.77272727272727,19,21,2,7,33,7922,3320,4602,689,1516,6406,6.814152524615,7.5633294186747,6.27367723381139,6.51515239477504,6.68823812664908,6.84395056197315,157
"167",2021,10,7.26512807692308,26,7.629333,7.0375,10,8,7.2357332,10,16,1,1,25,7948,3330,4618,690,1517,6431,6.81562778434827,7.56352762762763,6.27632365309658,6.52020289855073,6.68910283454186,6.84547358575649,158
"168",2021,11,6.90461538461538,26,7.62,6.4575,7.7,6.5,6.93833333333333,10,16,1,2,24,7974,3340,4634,691,1519,6455,6.8159179370454,7.56369670658683,6.27694920802762,6.52191027496382,6.68885385121791,6.84581884275755,159
"169",2021,12,6.8275,40,7.53333333333333,6.25,7,7.1,6.78857142857143,18,22,2,5,35,8014,3358,4656,693,1524,6490,6.81597574619416,7.56353394877904,6.27682187070447,6.52329004329004,6.69020275590551,6.84551011248074,160
"170",2022,1,6.98510106060606,66,7.66728407407407,6.51282051282051,6.75,7.56333333333333,6.95756619047619,27,39,2,3,63,8080,3385,4695,695,1527,6553,6.81735721534654,7.56436149778434,6.2787822428115,6.52394244604317,6.69191814014407,6.8465874103464,161
"171",2022,2,6.28787878787879,33,7.14285714285714,6.05769230769231,6.1,5.6,6.41071428571429,7,26,5,5,28,8113,3392,4721,700,1532,6581,6.81520353753236,7.56349164799528,6.27756463249312,6.52091428571429,6.6883544386423,6.84473291293116,162
"172",2022,3,6.88495833333333,48,8.00581818181818,5.93653846153846,6,6.70075,6.90170454545455,22,26,1,4,44,8161,3414,4747,701,1536,6625,6.81561380958216,7.56634202401875,6.27569678323152,6.52017118402283,6.68838671875,6.84511129056604,163
"173",2022,4,6.65935483870968,31,6.79,6.52,NA,7.2,6.62206896551724,16,15,0,2,29,8192,3430,4762,701,1538,6654,6.8150224975586,7.56272060349854,6.27646632297354,6.52017118402283,6.68905201560468,6.84413920949805,164
"174",2022,5,6.76279069767442,43,7.8775,5.79347826086957,5.66666666666667,6.41666666666667,6.81891891891892,20,23,3,6,37,8235,3450,4785,704,1544,6691,6.81474976320583,7.5645454115942,6.27414475026123,6.51653409090909,6.68799352331606,6.84399974592736,165
"175",2022,6,7.242,25,8,6.64642857142857,7,7.875,7.18695652173913,11,14,1,2,23,8260,3461,4799,705,1546,6714,6.81604289346247,7.5659294047963,6.27523080433424,6.51721985815603,6.68952910737387,6.84517460530235,166
"176",2022,7,7.22647058823529,34,7.91666666666667,6.45,7,8.6,6.98965517241379,18,16,1,5,29,8294,3479,4815,706,1551,6743,6.81772537979262,7.56774408450704,6.27581155347871,6.51790368271955,6.69568794326241,6.84579598101735,167
"177",2022,8,7.23068181818182,44,7.75227272727273,6.70909090909091,7.65,7.51666666666667,7.18552631578947,22,22,4,6,38,8338,3501,4837,710,1557,6781,6.81990456944112,7.56890364752928,6.27778222658673,6.52428169014085,6.69885163776493,6.84769979354078,168
"178",2022,9,6.47258064516129,31,6.75384615384615,6.26944444444444,NA,6.58333333333333,6.46071428571429,13,18,0,3,28,8369,3514,4855,710,1560,6809,6.81861803082806,7.56588835230507,6.27775131410916,6.52428169014085,6.69862948717949,6.84610843001909,169
"179",2022,10,6.92435897435897,39,7.87058823529412,6.19318181818182,5.5,5.89285714285714,7.15,17,22,2,7,32,8408,3531,4877,712,1567,6841,6.8191085038059,7.56735532993486,6.27736982366209,6.52140449438202,6.69502999361838,6.84752993714369,170
"180",2022,11,7.03461538461538,52,7.55909090909091,6.65,6.58333333333333,6.625,7.10909090909091,22,30,6,8,44,8460,3553,4907,718,1575,6885,6.82043313238771,7.56730415705038,6.2796479783982,6.52192200557103,6.69467428571429,6.84920149600581,171
"181",2022,12,6.72125,40,8.05666666666667,5.92,6.5,7,6.69027777777778,15,25,2,4,36,8500,3568,4932,720,1579,6921,6.8199663882353,7.56936145459641,6.27782494525547,6.52186111111111,6.69544775174161,6.84837484467563,172
