"","year","month","avg_rating","no_ratings","avg_rating_owned","avg_rating_not_owned","avg_rating_prev_owned","avg_rating_comment","avg_rating_no_comment","no_ratings_owned","no_ratings_not_owned","no_ratings_prev_owned","no_ratings_comment","no_ratings_no_comment","cum_no_ratings","cum_no_ratings_owned","cum_no_ratings_not_owned","cum_no_ratings_prev_owned","cum_no_ratings_comment","cum_no_ratings_no_comment","cum_avg_rating","cum_avg_rating_owned","cum_avg_rating_not_owned","cum_avg_rating_prev_owned","cum_avg_rating_comment","cum_avg_rating_no_comment","month_after_release"
"1",2001,6,6.625,4,6.5,7,NA,NA,6.625,3,1,0,0,4,4,3,1,0,0,4,6.625,6.5,7,NA,NA,6.625,1
"2",2001,7,7,1,7,NA,NA,NA,7,1,0,0,0,1,5,4,1,0,0,5,6.7,6.625,7,NA,NA,6.7,2
"3",2001,8,5.25,4,NA,5.25,5,NA,5.25,0,4,1,0,4,9,4,5,1,0,9,6.05555555555556,6.625,5.6,5,NA,6.05555555555556,3
"4",2001,9,7.33333333333333,6,7.33333333333333,NA,NA,7.66666666666667,7,6,0,0,3,3,15,10,5,1,3,12,6.56666666666667,7.05,5.6,5,7.66666666666667,6.29166666666667,4
"5",2001,10,7.66666666666667,3,7.66666666666667,NA,NA,NA,7.66666666666667,3,0,0,0,3,18,13,5,1,3,15,6.75,7.19230769230769,5.6,5,7.66666666666667,6.56666666666667,5
"6",2001,11,6.66666666666667,3,6.66666666666667,NA,NA,9,5.5,3,0,0,1,2,21,16,5,1,4,17,6.73809523809524,7.09375,5.6,5,8,6.44117647058824,6
"7",2001,12,7,1,NA,7,NA,NA,7,0,1,0,0,1,22,16,6,1,4,18,6.75,7.09375,5.83333333333333,5,8,6.47222222222222,7
"8",2002,1,7,1,7,NA,NA,7,NA,1,0,0,1,0,23,17,6,1,5,18,6.76086956521739,7.08823529411765,5.83333333333333,5,7.8,6.47222222222222,8
"9",2002,2,5,2,3,7,7,5,NA,1,1,1,2,0,25,18,7,2,7,18,6.62,6.86111111111111,6,6,7,6.47222222222222,9
"10",2002,4,7,1,7,NA,NA,NA,7,1,0,0,0,1,26,19,7,2,7,19,6.63461538461539,6.86842105263158,6,6,7,6.5,11
"11",2002,5,6.4,5,7.33333333333333,5,NA,5,7.33333333333333,3,2,0,2,3,31,22,9,2,9,22,6.59677419354839,6.93181818181818,5.77777777777778,6,6.55555555555556,6.61363636363636,12
"12",2002,6,8,1,8,NA,NA,NA,8,1,0,0,0,1,32,23,9,2,9,23,6.640625,6.97826086956522,5.77777777777778,6,6.55555555555556,6.67391304347826,13
"13",2002,7,7.25,4,7,8,NA,8,7,3,1,0,1,3,36,26,10,2,10,26,6.70833333333333,6.98076923076923,6,6,6.7,6.71153846153846,14
"14",2002,8,7,6,7,7,NA,5.66666666666667,8.33333333333333,5,1,0,3,3,42,31,11,2,13,29,6.75,6.98387096774194,6.09090909090909,6,6.46153846153846,6.87931034482759,15
"15",2002,9,9.5,1,9.5,NA,NA,9.5,NA,1,0,0,1,0,43,32,11,2,14,29,6.81395348837209,7.0625,6.09090909090909,6,6.67857142857143,6.87931034482759,16
"16",2002,10,6.5,4,6.5,NA,NA,6,8,4,0,0,3,1,47,36,11,2,17,30,6.78723404255319,7,6.09090909090909,6,6.55882352941176,6.91666666666667,17
"17",2002,11,7,2,7,7,NA,NA,7,1,1,0,0,2,49,37,12,2,17,32,6.79591836734694,7,6.16666666666667,6,6.55882352941176,6.921875,18
"18",2002,12,7.25,4,7.33333333333333,7,7,7,7.5,3,1,1,2,2,53,40,13,3,19,34,6.83018867924528,7.025,6.23076923076923,6.33333333333333,6.60526315789474,6.95588235294118,19
"19",2003,1,7.4,5,7.5,7,NA,NA,7.4,4,1,0,0,5,58,44,14,3,19,39,6.87931034482759,7.06818181818182,6.28571428571429,6.33333333333333,6.60526315789474,7.01282051282051,20
"20",2003,2,7.44444444444444,9,7.14285714285714,8.5,NA,7.33333333333333,7.5,7,2,0,3,6,67,51,16,3,22,45,6.95522388059702,7.07843137254902,6.5625,6.33333333333333,6.70454545454545,7.07777777777778,21
"21",2003,3,5,1,5,NA,NA,NA,5,1,0,0,0,1,68,52,16,3,22,46,6.92647058823529,7.03846153846154,6.5625,6.33333333333333,6.70454545454545,7.03260869565217,22
"22",2003,4,7.625,4,6.83333333333333,10,NA,8.75,6.5,3,1,0,2,2,72,55,17,3,24,48,6.96527777777778,7.02727272727273,6.76470588235294,6.33333333333333,6.875,7.01041666666667,23
"23",2003,5,8,5,7.75,9,9,9,7.33333333333333,4,1,1,2,3,77,59,18,4,26,51,7.03246753246753,7.07627118644068,6.88888888888889,7,7.03846153846154,7.02941176470588,24
"24",2003,6,6.66666666666667,3,7.5,5,NA,6.66666666666667,NA,2,1,0,3,0,80,61,19,4,29,51,7.01875,7.09016393442623,6.78947368421053,7,7,7.02941176470588,25
"25",2003,7,6.88235294117647,17,7.53846153846154,4.75,NA,6.66666666666667,7,13,4,0,6,11,97,74,23,4,35,62,6.99484536082474,7.16891891891892,6.43478260869565,7,6.94285714285714,7.0241935483871,26
"26",2003,8,7.5,8,7.33333333333333,8,NA,8,7.42857142857143,6,2,0,1,7,105,80,25,4,36,69,7.03333333333333,7.18125,6.56,7,6.97222222222222,7.06521739130435,27
"27",2003,9,6.45,6,6.83333333333333,6.06666666666667,NA,6.05,7.25,3,3,0,4,2,111,83,28,4,40,71,7.0018018018018,7.16867469879518,6.50714285714286,7,6.88,7.07042253521127,28
"28",2003,10,6,3,5.5,7,NA,7,5.5,2,1,0,1,2,114,85,29,4,41,73,6.97543859649123,7.12941176470588,6.52413793103448,7,6.88292682926829,7.02739726027397,29
"29",2003,11,6,1,NA,6,NA,6,NA,0,1,0,1,0,115,85,30,4,42,73,6.96695652173913,7.12941176470588,6.50666666666667,7,6.86190476190476,7.02739726027397,30
"30",2003,12,7,5,6.75,8,NA,8,6.75,4,1,0,1,4,120,89,31,4,43,77,6.96833333333333,7.1123595505618,6.55483870967742,7,6.88837209302326,7.01298701298701,31
"31",2004,1,6.57142857142857,7,6.25,7,NA,5,6.83333333333333,4,3,0,1,6,127,93,34,4,44,83,6.94645669291339,7.0752688172043,6.59411764705882,7,6.84545454545454,7,32
"32",2004,2,8.16666666666667,6,8.16666666666667,NA,NA,8,8.25,6,0,0,2,4,133,99,34,4,46,87,7.0015037593985,7.14141414141414,6.59411764705882,7,6.89565217391304,7.05747126436782,33
"33",2004,3,5.66666666666667,6,5.8,5,NA,6.5,4,5,1,0,4,2,139,104,35,4,50,89,6.94388489208633,7.07692307692308,6.54857142857143,7,6.864,6.98876404494382,34
"34",2004,4,7.7,10,7.875,7,7,9,7.375,8,2,1,2,8,149,112,37,5,52,97,6.99463087248322,7.13392857142857,6.57297297297297,7,6.94615384615385,7.02061855670103,35
"35",2004,5,7.33333333333333,3,7,8,NA,6,8,2,1,0,1,2,152,114,38,5,53,99,7.00131578947368,7.13157894736842,6.61052631578947,7,6.92830188679245,7.04040404040404,36
"36",2004,6,7.625,4,7.5,8,NA,7.5,7.66666666666667,3,1,0,1,3,156,117,39,5,54,102,7.01730769230769,7.14102564102564,6.64615384615385,7,6.93888888888889,7.05882352941176,37
"37",2004,7,8.25,4,9,7.5,NA,8,8.33333333333333,2,2,0,1,3,160,119,41,5,55,105,7.048125,7.17226890756303,6.68780487804878,7,6.95818181818182,7.09523809523809,38
"38",2004,8,6.66666666666667,3,8,4,NA,NA,6.66666666666667,2,1,0,0,3,163,121,42,5,55,108,7.04110429447853,7.18595041322314,6.62380952380953,7,6.95818181818182,7.08333333333333,39
"39",2004,9,7.21428571428571,7,8.1,5,3,6.33333333333333,7.875,5,2,1,3,4,170,126,44,6,58,112,7.04823529411765,7.22222222222222,6.55,6.33333333333333,6.92586206896552,7.11160714285714,40
"40",2004,10,6.42857142857143,7,7.8,3,5,5.33333333333333,7.25,5,2,1,3,4,177,131,46,7,61,116,7.02372881355932,7.24427480916031,6.39565217391304,6.14285714285714,6.84754098360656,7.11637931034483,41
"41",2004,11,7.7,10,7.88888888888889,6,NA,8,7.4,9,1,0,5,5,187,140,47,7,66,121,7.05989304812834,7.28571428571429,6.38723404255319,6.14285714285714,6.93484848484848,7.12809917355372,42
"42",2004,12,5.83333333333333,3,8.5,4.5,NA,NA,5.83333333333333,1,2,0,0,3,190,141,49,7,66,124,7.04052631578947,7.29432624113475,6.31020408163265,6.14285714285714,6.93484848484848,7.09677419354839,43
"43",2005,1,7.75,8,8.28571428571429,4,NA,7,8.2,7,1,0,3,5,198,148,50,7,69,129,7.06919191919192,7.34121621621622,6.264,6.14285714285714,6.93768115942029,7.13953488372093,44
"44",2005,2,7.25,8,7.5,7,6,7,7.5,4,4,2,4,4,206,152,54,9,73,133,7.07621359223301,7.34539473684211,6.31851851851852,6.11111111111111,6.94109589041096,7.15037593984962,45
"45",2005,3,7.25,14,7.83333333333333,6.2,NA,7,7.4375,9,5,0,6,8,220,161,59,9,79,141,7.08727272727273,7.37267080745342,6.30847457627119,6.11111111111111,6.94556962025317,7.16666666666667,46
"46",2005,4,7.58333333333333,6,8.125,6.5,NA,8,7.375,4,2,0,2,4,226,165,61,9,81,145,7.10044247787611,7.39090909090909,6.31475409836066,6.11111111111111,6.97160493827161,7.17241379310345,47
"47",2005,5,6.1875,8,6.41666666666667,5.5,NA,6.3,6,6,2,0,5,3,234,171,63,9,86,148,7.06923076923077,7.35672514619883,6.28888888888889,6.11111111111111,6.93255813953488,7.14864864864865,48
"48",2005,6,9,1,9,NA,NA,9,NA,1,0,0,1,0,235,172,63,9,87,148,7.07744680851064,7.36627906976744,6.28888888888889,6.11111111111111,6.95632183908046,7.14864864864865,49
"49",2005,7,6.9,10,7.75,6.33333333333333,7,6.83333333333333,7,4,6,2,6,4,245,176,69,11,93,152,7.07020408163265,7.375,6.29275362318841,6.27272727272727,6.94838709677419,7.14473684210526,50
"50",2005,8,6.91666666666667,6,6.7,8,NA,7,6.9,5,1,0,1,5,251,181,70,11,94,157,7.06653386454183,7.35635359116022,6.31714285714286,6.27272727272727,6.94893617021277,7.13694267515924,51
"51",2005,9,7.75,8,8.16666666666667,6.5,NA,8,7.6,6,2,0,3,5,259,187,72,11,97,162,7.08764478764479,7.38235294117647,6.32222222222222,6.27272727272727,6.98144329896907,7.15123456790123,52
"52",2005,10,7.3,10,7.625,6,NA,7.4,7.2,8,2,0,5,5,269,195,74,11,102,167,7.09553903345725,7.39230769230769,6.31351351351351,6.27272727272727,7.00196078431373,7.15269461077844,53
"53",2005,11,7.52727272727273,11,7.75,6.93333333333333,NA,6.5,7.75555555555556,8,3,0,2,9,280,203,77,11,104,176,7.1125,7.4064039408867,6.33766233766234,6.27272727272727,6.99230769230769,7.18352272727273,54
"54",2005,12,7.34615384615385,13,7.95,5.33333333333333,NA,8.35714285714286,6.16666666666667,10,3,0,7,6,293,213,80,11,111,182,7.12286689419795,7.43192488262911,6.3,6.27272727272727,7.07837837837838,7.15,55
"55",2006,1,6.92857142857143,14,7.13636363636364,6.16666666666667,NA,6.5,7.04545454545455,11,3,0,3,11,307,224,83,11,114,193,7.11400651465798,7.41741071428571,6.29518072289156,6.27272727272727,7.06315789473684,7.1440414507772,56
"56",2006,2,7.42857142857143,7,8.66666666666667,6.5,8,8,6,3,4,1,5,2,314,227,87,12,119,195,7.12101910828025,7.43392070484582,6.30459770114942,6.41666666666667,7.10252100840336,7.13230769230769,57
"57",2006,3,6.92,25,7.3,5.4,7,7.04166666666667,6.80769230769231,20,5,1,12,13,339,247,92,13,131,208,7.10619469026549,7.42307692307692,6.25543478260869,6.46153846153846,7.0969465648855,7.11201923076923,58
"58",2006,4,7.47142857142857,21,8.07142857142857,6.27142857142857,6.8,7.28888888888889,7.60833333333333,14,7,1,9,12,360,261,99,14,140,220,7.1275,7.45785440613027,6.25656565656566,6.48571428571429,7.10928571428571,7.13909090909091,59
"59",2006,5,7.54545454545455,11,8.11111111111111,5,NA,7.4,7.66666666666667,9,2,0,5,6,371,270,101,14,145,226,7.13989218328841,7.47962962962963,6.23168316831683,6.48571428571429,7.11931034482759,7.15309734513274,60
"60",2006,6,7.91176470588235,17,8.19230769230769,7,5,8.0625,7.77777777777778,13,4,1,8,9,388,283,105,15,153,235,7.17371134020619,7.51236749116608,6.26095238095238,6.38666666666667,7.16862745098039,7.17702127659574,61
"61",2006,7,7.3,15,7.63636363636364,6.375,NA,7,7.45,11,4,0,5,10,403,294,109,15,158,245,7.17841191066998,7.51700680272109,6.2651376146789,6.38666666666667,7.16329113924051,7.18816326530612,62
"62",2006,8,8,10,8.125,7.5,NA,8.75,7.5,8,2,0,4,6,413,302,111,15,162,251,7.19830508474576,7.53311258278146,6.28738738738739,6.38666666666667,7.20246913580247,7.19561752988048,63
"63",2006,9,7.22631578947368,19,7.69166666666667,6.42857142857143,5.5,7.5,7.02727272727273,12,7,2,8,11,432,314,118,17,170,262,7.19953703703704,7.53917197452229,6.29576271186441,6.28235294117647,7.2164705882353,7.18854961832061,64
"64",2006,10,7.455,20,7.65625,6.65,NA,7.57142857142857,7.39230769230769,16,4,0,7,13,452,330,122,17,177,275,7.2108407079646,7.54484848484849,6.30737704918033,6.28235294117647,7.23050847457627,7.19818181818182,65
"65",2006,11,7.3,15,7.5,6.9,8,6.5,7.59090909090909,10,5,1,4,11,467,340,127,18,181,286,7.21370449678801,7.54352941176471,6.33070866141732,6.37777777777778,7.21436464088398,7.21328671328671,66
"66",2006,12,7.69791666666667,24,7.88157894736842,7,NA,7.80769230769231,7.56818181818182,19,5,0,13,11,491,359,132,18,194,297,7.23737270875764,7.56142061281337,6.35606060606061,6.37777777777778,7.25412371134021,7.22643097643098,67
"67",2007,1,7.81818181818182,33,8,7.25,7,8.10714285714286,7.60526315789474,25,8,1,14,19,524,384,140,19,208,316,7.27395038167939,7.58997395833333,6.40714285714286,6.41052631578947,7.31153846153846,7.24920886075949,68
"68",2007,2,7.41016571428571,21,7.5,7.29038666666667,NA,7.7,7.19279,12,9,0,9,12,545,396,149,19,217,328,7.27919904587156,7.58724747474748,6.46049315436241,6.41052631578947,7.32764976958525,7.24714475609756,69
"69",2007,3,7.55555555555556,18,7.71428571428571,7,NA,7.5,7.61111111111111,14,4,0,9,9,563,410,153,19,226,337,7.28803460035524,7.59158536585366,6.47459790849673,6.41052631578947,7.33451327433628,7.25686492581602,70
"70",2007,4,7.11739130434783,23,7.68823529411765,5.5,6.5,6.75,7.31333333333333,17,6,2,8,15,586,427,159,21,234,352,7.28133699658703,7.59543325526932,6.43782062893082,6.41904761904762,7.31452991452992,7.25927125,71
"71",2007,5,7.86666666666667,15,7.83333333333333,8,NA,8.1,7.75,12,3,0,5,10,601,439,162,21,239,362,7.29594589018303,7.60193621867882,6.46674987654321,6.41904761904762,7.33096234309623,7.27282729281768,72
"72",2007,6,7.30434782608696,23,7.76666666666667,6.4375,7,7,7.53846153846154,15,8,1,10,13,624,454,170,22,249,375,7.29625557692308,7.60737885462555,6.46537341176471,6.44545454545455,7.31767068273092,7.28203594666667,73
"73",2007,7,7.21739130434783,23,7.4,6,6,7.08333333333333,7.36363636363636,20,3,2,12,11,647,474,173,24,261,386,7.29345205564142,7.59862869198312,6.45730335260116,6.40833333333333,7.30689655172414,7.28436134715026,74
"74",2007,8,7.42307692307692,26,7.55263157894737,7.07142857142857,8,7.5,7.39473684210526,19,7,1,7,19,673,493,180,25,268,405,7.29845985141159,7.59685598377282,6.481186,6.472,7.31194029850746,7.28953945679012,75
"75",2007,9,7.816,25,7.91333333333333,7.67,7,7.76363636363636,7.85714285714286,15,10,2,11,14,698,508,190,27,279,419,7.31699638968481,7.60620078740157,6.54375515789474,6.51111111111111,7.32974910394265,7.30850472553699,76
"76",2007,10,7.86666666666667,27,8.17058823529412,7.35,7.5,7.40833333333333,8.23333333333333,17,10,2,12,15,725,525,200,29,291,434,7.33746686896552,7.62447619047619,6.5840674,6.57931034482759,7.33298969072165,7.34046884792627,77
"77",2007,11,7.09615384615385,26,7.53571428571429,6.58333333333333,7,6.3,7.59375,14,12,1,10,16,751,539,212,30,301,450,7.32911249001331,7.6221706864564,6.5840258490566,6.59333333333333,7.29867109634552,7.3494744,78
"78",2007,12,7.26071428571429,28,7.28636363636364,7.16666666666667,NA,6.6875,7.49,22,6,0,8,20,779,561,218,30,309,470,7.32665401797176,7.6090017825312,6.60006183486239,6.59333333333333,7.28284789644013,7.35545421276596,79
"79",2008,1,7.45588235294118,34,7.58,7.11111111111111,NA,7.65625,7.27777777777778,25,9,0,16,18,813,586,227,30,325,488,7.33205840098401,7.60776450511946,6.62032370044053,6.59333333333333,7.30123076923077,7.35258909836066,80
"80",2008,2,7.86086956521739,23,7.96842105263158,7.35,NA,7.93333333333333,7.725,19,4,0,15,8,836,605,231,30,340,496,7.34660703349282,7.61909090909091,6.63295878787879,6.59333333333333,7.32911764705882,7.35859572580645,81
"81",2008,3,7.48260869565217,23,7.65,6.88,NA,7.28571428571429,7.56875,18,5,0,7,16,859,623,236,30,347,512,7.35024852153667,7.61998394863563,6.63819271186441,6.59333333333333,7.32824207492795,7.365163046875,82
"82",2008,4,6.88541666666667,24,7.84615384615385,5.75,3,6.95833333333333,6.8125,13,11,1,12,12,883,636,247,31,359,524,7.3376143601359,7.62460691823899,6.5986375708502,6.47741935483871,7.31587743732591,7.35250664122137,83
"83",2008,5,7.25384615384615,26,7.56111111111111,6.5625,7,7.07857142857143,7.45833333333333,18,8,1,14,12,909,654,255,32,373,536,7.33521834983498,7.62285932721713,6.59750384313726,6.49375,7.30697050938338,7.35487589552239,84
"84",2008,6,7.01052631578947,19,7.26428571428571,6.3,5,6.84,7.07142857142857,14,5,1,5,14,928,668,260,33,378,550,7.32857056034483,7.61534431137725,6.59178261538462,6.44848484848485,7.30079365079365,7.34766087272727,85
"85",2008,7,7.73225806451613,31,8.05,7.15454545454545,6.625,7.05555555555556,8.00909090909091,20,11,4,9,22,959,688,271,37,387,572,7.34161989572471,7.62797965116279,6.61462538745388,6.46756756756757,7.29509043927649,7.37310048951049,86
"86",2008,8,7.35,10,8.1,6.6,6,6.75,7.75,5,5,1,4,6,969,693,276,38,391,578,7.34170637770898,7.63138528138528,6.61436043478261,6.45526315789474,7.28951406649616,7.37701294117647,87
"87",2008,9,6.83333333333333,24,6.96875,6.5625,5.5,6.83333333333333,6.83333333333333,16,8,3,6,18,993,709,284,41,397,596,7.32941941591138,7.61643159379408,6.61289957746479,6.38536585365854,7.28261964735516,7.36059308724832,88
"88",2008,10,7.72045454545455,22,8.4875,6.8,5.33333333333333,7.585,7.83333333333333,12,10,3,10,12,1015,721,294,44,407,608,7.33789505418719,7.63092926490985,6.61926353741497,6.31363636363636,7.29004914004914,7.3699234868421,89
"89",2008,11,6.875,20,6.96153846153846,6.71428571428571,5.33333333333333,6.59090909090909,7.22222222222222,13,7,3,11,9,1035,734,301,47,418,617,7.32895022222222,7.61907356948229,6.62147335548173,6.25106382978723,7.27165071770335,7.36776901134522,90
"90",2008,12,6.99130434782609,23,7.15,6.81818181818182,6.71428571428571,6.81111111111111,7.10714285714286,12,11,7,9,14,1058,746,312,54,427,631,7.32161009451796,7.61152815013405,6.62840858974359,6.31111111111111,7.26194379391101,7.36198649762282,91
"91",2009,1,7.29411764705882,34,7.91666666666667,5.8,7,7.53571428571429,7.125,24,10,4,14,20,1092,770,322,58,441,651,7.3207541025641,7.62103896103896,6.60268161490683,6.35862068965517,7.27063492063492,7.35470580645161,92
"92",2009,2,7.10425531914894,47,7.39285714285714,6.67894736842105,6.33333333333333,7.23,7.07027027027027,28,19,3,10,37,1139,798,341,61,451,688,7.31182043898156,7.61303258145364,6.60693102639296,6.35737704918033,7.26973392461197,7.33940912790698,93
"93",2009,3,7.20588235294118,34,7.88235294117647,6.52941176470588,6.57142857142857,7.38888888888889,7.14,17,17,7,9,25,1173,815,358,68,460,713,7.30874976982097,7.61865030674847,6.60324994413408,6.37941176470588,7.2720652173913,7.3324172230014,94
"94",2009,4,7.02272727272727,22,7.66666666666667,6.25,6.5,7.5,6.84375,12,10,3,6,16,1195,827,368,71,466,729,7.30348408368201,7.61934703748489,6.59365076086957,6.38450704225352,7.275,7.32169201646091,95
"95",2009,5,7.0328125,32,7.41176470588235,6.60333333333333,8,6.98076923076923,7.06842105263158,17,15,1,13,19,1227,844,383,72,479,748,7.29642500407498,7.61516587677725,6.59402997389034,6.40694444444444,7.26701461377871,7.3152586631016,96
"96",2009,6,6.97272727272727,33,7.21111111111111,6.68666666666667,6.96666666666667,6.8,7.04782608695652,18,15,6,10,23,1260,862,398,78,489,771,7.28794720634921,7.60672853828306,6.59752130653267,6.45,7.25746421267894,7.30728077821012,97
"97",2009,7,7.25,22,7.95454545454545,6.54545454545455,9,7.33333333333333,7.21875,11,11,1,6,16,1282,873,409,79,495,787,7.28729600624025,7.61111111111111,6.59612097799511,6.48227848101266,7.25838383838384,7.30548091486658,98
"98",2009,8,7.50833333333333,36,8.02631578947368,6.92941176470588,7.75,7.54166666666667,7.49166666666667,19,17,6,12,24,1318,892,426,85,507,811,7.29333344461305,7.61995515695067,6.60942131455399,6.57176470588235,7.26508875739645,7.31099072749692,99
"99",2009,9,7.58648648648649,37,8.25909090909091,6.6,7.02,7.575,7.59523809523809,22,15,10,16,21,1355,914,441,95,523,832,7.30133836162362,7.63533916849015,6.60910086167801,6.61894736842105,7.27456978967495,7.31816524038462,100
"100",2009,10,7.13953488372093,43,7.25,7.0125,6.75,7.11666666666667,7.15178571428571,23,20,4,15,28,1398,937,461,99,538,860,7.29636157367668,7.62588046958378,6.62660190889371,6.62424242424243,7.27016728624535,7.31274823255814,101
"101",2009,11,7.39142857142857,35,7.6,7.19444444444444,7.5,7.24285714285714,7.42857142857143,17,18,2,7,28,1433,954,479,101,545,888,7.298683517097,7.62541928721174,6.64794045929019,6.64158415841584,7.26981651376147,7.31640031531532,102
"102",2009,12,6.80212121212121,33,6.90153846153846,6.7375,6.32142857142857,6.325,7.0095652173913,13,20,7,10,23,1466,967,499,108,555,911,7.28750578444748,7.61568769389866,6.65153002004008,6.62083333333334,7.25279279279279,7.30865365532382,103
"103",2010,1,6.82692307692308,26,7.0625,6.72222222222222,6.66666666666667,6.875,6.81818181818182,8,18,6,4,22,1492,975,517,114,559,933,7.27947954423593,7.61114871794872,6.65399125725339,6.62324561403509,7.25008944543828,7.29708840300107,104
"104",2010,2,7.06451612903226,31,7.6,6.5625,5.66666666666667,5.78571428571429,7.4375,15,16,3,7,24,1523,990,533,117,566,957,7.2751040577807,7.6109797979798,6.65124480300188,6.59871794871795,7.23197879858657,7.3006096969697,105
"105",2010,3,7.40909090909091,22,8.28571428571429,5.875,NA,7.83333333333333,7.25,14,8,0,6,16,1545,1004,541,117,572,973,7.27701196116505,7.62038844621514,6.63976613678374,6.59871794871795,7.23828671328671,7.2997774717369,106
"106",2010,4,7.065625,32,7.54166666666667,6.78,6,7.9,6.91111111111111,12,20,2,5,27,1577,1016,561,119,577,1000,7.27272256182625,7.61945866141732,6.64476556149733,6.58865546218488,7.24402079722704,7.28928348,107
"107",2010,5,7.25,26,7.875,6.71428571428571,5.5,7.05555555555556,7.35294117647059,12,14,2,9,17,1603,1028,575,121,586,1017,7.27235401122895,7.62244163424125,6.64645822608696,6.5706611570248,7.24112627986348,7.2903475712881,108
"108",2010,6,7.29166666666667,12,8,6.78571428571429,7,7.1,7.42857142857143,5,7,2,5,7,1615,1033,582,123,591,1024,7.27249751083591,7.62426911907067,6.64813312714777,6.57764227642277,7.23993231810491,7.2912924609375,109
"109",2010,7,7.18181818181818,22,7.5625,6.16666666666667,6,7.5,7.03333333333333,16,6,1,7,15,1637,1049,588,124,598,1039,7.27127885155773,7.62332697807436,6.64322020408163,6.57298387096774,7.24297658862876,7.28756831568816,110
"110",2010,8,7.40714285714286,28,8.45714285714286,6.35714285714286,6,7.6,7.31578947368421,14,14,3,9,19,1665,1063,602,127,607,1058,7.27356365165165,7.63430856067733,6.63656724252492,6.55944881889764,7.24827018121911,7.28807512287335,111
"111",2010,9,7.2962962962963,27,7.55555555555556,6.77777777777778,7,7.875,7.05263157894737,18,9,1,8,19,1692,1081,611,128,615,1077,7.27392640661939,7.63299722479186,6.63864726677578,6.562890625,7.25642276422764,7.28392152274838,112
"112",2010,10,7.55882352941176,17,7.81666666666667,6.94,NA,6.5,8,12,5,0,5,12,1709,1093,616,128,620,1089,7.27676037448801,7.63501372369625,6.64109331168831,6.562890625,7.25032258064516,7.29181219467401,113
"113",2010,11,7.2328125,32,7.99666666666667,6.55882352941176,6,7.05769230769231,7.35263157894737,15,17,1,13,19,1741,1108,633,129,633,1108,7.2759526019529,7.63990974729242,6.63888385466035,6.55852713178295,7.24636650868878,7.29285512635379,114
"114",2010,12,7.79354838709677,31,8.4375,7.10666666666667,6.82,7.5,7.825,16,15,5,3,28,1772,1124,648,134,636,1136,7.28500760722348,7.65126334519573,6.64971216049383,6.56828358208955,7.24756289308176,7.30597137323944,115
"115",2011,1,7.25,36,7.43478260869565,6.92307692307692,7,7.5,7.15384615384615,23,13,4,10,26,1808,1147,661,138,646,1162,7.28431055309735,7.64692240627725,6.65508847201211,6.58079710144928,7.25147058823529,7.30256753872633,116
"116",2011,2,6.992,25,7.2,6.72727272727273,5.8,7.16666666666667,6.93684210526316,14,11,5,6,19,1833,1161,672,143,652,1181,7.28032377523186,7.64153316106804,6.65627005952381,6.5534965034965,7.25069018404908,7.29668372565622,117
"117",2011,3,7.87096774193548,31,8.26842105263158,7.24166666666667,7.61666666666667,7.8125,7.89130434782609,19,12,6,8,23,1864,1180,684,149,660,1204,7.2901467167382,7.65162711864407,6.6665401754386,6.59630872483222,7.2575,7.30804275747508,118
"118",2011,4,6.92857142857143,14,8.28571428571429,5.57142857142857,NA,5,8,7,7,0,5,9,1878,1187,691,149,665,1213,7.28745126730565,7.65536647009267,6.65544642547033,6.59630872483222,7.24052631578947,7.31317681780709,119
"119",2011,5,7.19107142857143,28,7.33809523809524,6.75,7.125,6.95833333333333,7.25454545454545,21,7,2,6,22,1906,1208,698,151,671,1235,7.28603540398741,7.64985099337748,6.65639467048711,6.60331125827815,7.23800298062593,7.31213237246964,120
"120",2011,6,7.14814814814815,27,7.83333333333333,5.77777777777778,4,7.28571428571429,7.1,18,9,1,7,20,1933,1226,707,152,678,1255,7.28410940506984,7.65254486133768,6.64521001414427,6.58618421052632,7.23849557522124,7.30875177689243,121
"121",2011,7,7.05263157894737,19,7.59090909090909,6.3125,6.33333333333333,7.66666666666667,6.9375,11,8,3,3,16,1952,1237,715,155,681,1271,7.28185629098361,7.65199676637025,6.64148738461539,6.58129032258065,7.24038179148311,7.30407826907947,122
"122",2011,8,7.50625,16,7.91818181818182,6.6,6,7.66,7.43636363636364,11,5,1,5,11,1968,1248,720,156,686,1282,7.2836806300813,7.65434294871795,6.64119927777778,6.5775641025641,7.24344023323615,7.30521332293292,123
"123",2011,9,7.25925925925926,27,7.13888888888889,7.5,8,7,7.30434782608696,18,9,1,4,23,1995,1266,729,157,690,1305,7.28335011528822,7.64701421800948,6.65180175582991,6.58662420382166,7.24202898550725,7.30519806896552,124
"124",2011,10,7.16666666666667,12,8,6.75,2,7,7.18181818181818,4,8,1,1,11,2007,1270,737,158,691,1316,7.28265245640259,7.64812598425197,6.65286767978291,6.55759493670886,7.24167872648336,7.3041667781155,125
"125",2011,11,7.065625,32,7.98571428571429,6.35,5.33333333333333,7.16666666666667,7.005,14,18,3,12,20,2039,1284,755,161,703,1336,7.27924643452673,7.65180685358255,6.64564699337749,6.53478260869565,7.24039829302987,7.29968823353293,126
"126",2011,12,7.11935483870968,31,7.8,6.55882352941176,6.6875,6.25,7.42173913043478,14,17,8,8,23,2070,1298,772,169,711,1359,7.27685192270532,7.65340523882897,6.64373507772021,6.54201183431953,7.22925457102672,7.30175384841796,127
"127",2012,1,7.372,25,7.75,6.89090909090909,7.5,7.6,7.315,14,11,3,5,20,2095,1312,783,172,716,1379,7.27798734128878,7.65443597560976,6.64720750957855,6.55872093023256,7.23184357541899,7.30194596084119,128
"128",2012,2,7.45681818181818,22,7.77,7.19583333333333,7.75,7.03571428571429,7.65333333333333,10,12,2,7,15,2117,1322,795,174,723,1394,7.27984576287199,7.65531013615734,6.65548865408805,6.57241379310345,7.22994467496542,7.30572703012912,129
"129",2012,3,7.38181818181818,22,7.87,6.975,7.33333333333333,6.875,7.49444444444444,10,12,3,4,18,2139,1332,807,177,727,1412,7.28089456755493,7.65692192192192,6.66023975216853,6.58531073446328,7.22799174690509,7.30813277620397,130
"130",2012,4,6.59166666666667,18,6.55555555555556,6.62777777777778,7.375,7.2,6.35769230769231,9,9,4,5,13,2157,1341,816,181,732,1425,7.2751430134446,7.64953020134228,6.65988171568628,6.60276243093923,7.22780054644809,7.29946209122807,131
"131",2012,5,7.63103448275862,29,7.715,7.44444444444444,7.33333333333333,8.125,7.552,20,9,3,4,25,2186,1361,825,184,736,1450,7.27986435498628,7.6504922850845,6.66844058181818,6.61467391304348,7.23267663043478,7.30381619310345,132
"132",2012,6,7.2037037037037,27,7.82307692307692,6.62857142857143,6.33333333333333,6.92857142857143,7.3,13,14,3,7,20,2213,1374,839,187,743,1470,7.27893514685947,7.65212518195051,6.66777530393326,6.61016042780749,7.22981157469717,7.30376427210884,133
"133",2012,7,7.225625,16,7.4,7.14636363636364,6.5,6.3,7.64636363636364,5,11,2,5,11,2229,1379,850,189,748,1481,7.27855248093315,7.65121102248006,6.6739688,6.60899470899471,7.22359625668449,7.3063088993923,134
"134",2012,8,7.625,20,8.09090909090909,7.05555555555556,5.5,7.83333333333333,7.53571428571429,11,9,3,6,14,2249,1390,859,192,754,1495,7.2816333837261,7.65469064748202,6.67796679860303,6.59166666666667,7.22844827586207,7.30845717725752,135
"135",2012,9,7.375,16,7.33333333333333,7.42857142857143,6,5,7.53333333333333,9,7,1,1,15,2265,1399,866,193,755,1510,7.28229292715232,7.65262330235883,6.68403404157044,6.58860103626943,7.22549668874172,7.31069104635761,136
"136",2012,10,7.57962962962963,27,7.68333333333333,7.37222222222222,7.3375,6.76666666666667,7.81190476190476,18,9,4,6,21,2292,1417,875,197,761,1531,7.28579558464223,7.65301340860974,6.69111254857143,6.60380710659899,7.2218791064389,7.31756595689092,137
"137",2012,11,7.70555555555556,27,8.18214285714286,7.19230769230769,9,8.13333333333333,7.58333333333333,14,13,1,6,21,2319,1431,888,198,767,1552,7.29068282880552,7.65819007686932,6.69844986486487,6.61590909090909,7.22900912646675,7.32116203608247,138
"138",2012,12,6.916,25,7.06153846153846,6.75833333333333,7.6,6.46,7.22,13,12,1,10,15,2344,1444,900,199,777,1567,7.28668663822526,7.65281855955679,6.69924831111111,6.62085427135678,7.21911196911197,7.32019366943203,139
"139",2013,1,7.35172413793103,29,7.96428571428571,6.78,6.66666666666667,7.6,7.3,14,15,3,5,24,2373,1458,915,202,782,1591,7.2874814496418,7.65580932784636,6.70057210928962,6.62153465346535,7.221547314578,7.31988905091138,140
"140",2013,2,6.955,20,8.11111111111111,6.00909090909091,5,6.33333333333333,7.46363636363636,9,11,1,9,11,2393,1467,926,203,791,1602,7.28470266610949,7.65860259032038,6.69235796976242,6.61354679802956,7.2114412136536,7.32087607990012,141
"141",2013,3,7.55681818181818,22,8.41666666666667,6.96153846153846,6.33333333333333,7.1875,7.63888888888889,9,13,3,4,18,2415,1476,939,206,795,1620,7.28718156521739,7.66322493224932,6.69608464323749,6.60946601941748,7.21132075471698,7.32440955555555,142
"142",2013,4,6.78571428571429,7,7.16666666666667,6.5,6,6.66666666666667,6.875,3,4,2,3,4,2422,1479,943,208,798,1624,7.28573223781998,7.66221771467208,6.69525289501591,6.60360576923077,7.20927318295739,7.32330263546798,143
"143",2013,5,6.65714285714286,28,7.19375,5.94166666666667,6.5,5.625,7.07,16,12,2,8,20,2450,1495,955,210,806,1644,7.27854835918367,7.65720401337793,6.6857837486911,6.60261904761905,7.19354838709677,7.32022109489051,144
"144",2013,6,7.19130434782609,23,7.4,7.08,6.16666666666667,7.7,6.96875,8,15,3,7,16,2473,1503,970,213,813,1660,7.27773695107157,7.65583499667332,6.69187987628866,6.59647887323944,7.19790897908979,7.31683342168675,145
"145",2013,7,7.324,15,8.336,5.3,4,7.66666666666667,7.23833333333333,10,5,1,3,12,2488,1513,975,214,816,1672,7.2780158681672,7.66033046926636,6.68474203076923,6.58434579439252,7.19963235294118,7.31627002392344,146
"146",2013,8,6.77368421052632,19,7.26153846153846,5.71666666666667,6.25,5.95,6.99333333333333,13,6,2,4,15,2507,1526,981,216,820,1687,7.27419364978062,7.65693315858454,6.67882108053007,6.58125,7.19353658536585,7.31339862477771,147
"147",2013,9,7.4,12,7.57777777777778,6.86666666666667,NA,8.25,7.23,9,3,0,2,10,2519,1535,984,216,822,1697,7.27479296546249,7.65646905537459,6.67939378048781,6.58125,7.19610705596107,7.31290717737183,148
"148",2013,10,7.11111111111111,18,7.77777777777778,6.44444444444444,6.75,5.8,7.61538461538461,9,9,4,5,13,2537,1544,993,220,827,1710,7.27363164367363,7.65717616580311,6.67726433031219,6.58431818181818,7.18766626360339,7.31520671345029,149
"149",2013,11,7.32391304347826,23,7.76785714285714,6.63333333333333,7.25,7.375,7.31315789473684,14,9,2,4,19,2560,1558,1002,222,831,1729,7.274083390625,7.65817073170732,6.67686974051896,6.59031531531532,7.18856799037304,7.31518419895894,150
"150",2013,12,6.58333333333333,18,7,6.0625,6,5.33333333333333,6.83333333333333,10,8,3,3,15,2578,1568,1010,225,834,1744,7.26926046547712,7.65397321428572,6.67200344554456,6.58244444444445,7.18189448441247,7.31103983944954,151
"151",2014,1,6.74166666666667,30,7.69642857142857,5.90625,5.33333333333333,7,6.71296296296296,14,16,3,3,27,2608,1582,1026,228,837,1771,7.26319151840491,7.65434892541087,6.66006187134503,6.56600877192983,7.18124253285544,7.30192178430265,152
"152",2014,2,6.92666666666667,15,7.89,5,4,7.975,6.54545454545455,10,5,2,4,11,2623,1592,1031,230,841,1782,7.26126705299276,7.65582914572864,6.65201113482057,6.54369565217391,7.18501783590963,7.29725223344557,153
"153",2014,3,6.91,20,7.4625,6.54166666666667,7.5,7.36666666666667,6.71428571428571,8,12,2,6,14,2643,1600,1043,232,847,1796,7.2586089595157,7.6548625,6.6507415915628,6.55193965517241,7.18630460448642,7.29270795100223,154
"154",2014,4,7.10833333333333,12,6.6,7.47142857142857,7,6,7.20909090909091,5,7,2,1,11,2655,1605,1050,234,848,1807,7.25792974764595,7.65157632398754,6.65621283809524,6.55576923076923,7.18490566037736,7.29219893746541,155
"155",2014,5,7.23611111111111,18,7.47916666666667,6.75,5.875,8.66666666666667,6.95,12,6,4,3,15,2673,1617,1056,238,851,1822,7.2577828208006,7.65029684601113,6.65674571969697,6.54432773109244,7.19012925969448,7.28938171240395,156
"156",2014,6,6.56666666666667,12,6.96666666666667,6.16666666666667,NA,6.25,6.63,6,6,0,2,10,2685,1623,1062,238,853,1832,7.25469403351955,7.64776956253851,6.65397691148776,6.54432773109244,7.18792497069168,7.28578246724891,157
"157",2014,7,6.25454545454545,11,6.075,6.35714285714286,7.25,5.8,6.63333333333333,4,7,2,5,6,2696,1627,1069,240,858,1838,7.25061330860534,7.64390288875231,6.6520331898971,6.55020833333333,7.17983682983683,7.28365260065288,158
"158",2014,8,6.481875,16,6.8,6.33727272727273,6.83333333333333,4.66666666666667,6.90076923076923,5,11,3,3,13,2712,1632,1080,243,861,1851,7.24607797935103,7.64131740196078,6.6488272962963,6.5537037037037,7.17108013937282,7.28096352242031,159
"159",2014,9,7.05,10,7.22222222222222,5.5,5.5,7.16666666666667,7,9,1,1,3,7,2722,1641,1081,244,864,1858,7.24535763409258,7.63901889092017,6.64776455134135,6.54938524590164,7.17106481481481,7.27990499461787,160
"160",2014,10,6.81764705882353,17,7.36363636363636,5.81666666666667,6.45,6.48571428571429,7.05,11,6,2,7,10,2739,1652,1087,246,871,1868,7.24270298649142,7.63718523002421,6.64317707451702,6.54857723577236,7.16555683122847,7.27867423982869,161
"161",2014,11,7.06388888888889,18,7.625,6.3625,8,6.25,7.37692307692308,10,8,1,5,13,2757,1662,1095,247,876,1881,7.24153553862895,7.6371119133574,6.64112646575343,6.55445344129555,7.16033105022831,7.27935325890483,162
"162",2014,12,7.04166666666667,12,6.83333333333333,7.25,7,8,6.95454545454545,6,6,2,1,11,2769,1668,1101,249,877,1892,7.24066936800289,7.6342206235012,6.64444457765668,6.55803212851406,7.16128848346636,7.27746484143763,163
"163",2015,1,7.256,25,8,6.8375,6.58333333333333,7.4,7.21052631578947,9,16,6,6,19,2794,1677,1117,255,883,1911,7.24080654259127,7.63618366129994,6.64720991942704,6.55862745098039,7.16291053227633,7.27679930926216,164
"164",2015,2,6.95833333333333,12,8.5,5.85714285714286,6,9,6.77272727272727,5,7,1,1,11,2806,1682,1124,256,884,1922,7.23959853171775,7.6387514863258,6.64228957295374,6.5564453125,7.1649886877828,7.27391440166493,165
"165",2015,3,7.38823529411765,17,7.41666666666667,7.32,8,7.41666666666667,7.37272727272727,12,5,1,6,11,2823,1694,1129,257,890,1933,7.2404936167198,7.63717827626919,6.64529094774136,6.56206225680934,7.16668539325843,7.27447670977755,166
"166",2015,4,7.45454545454545,11,7.66666666666667,7.2,6.33333333333333,7.75,7.28571428571429,6,5,3,4,7,2834,1700,1134,260,894,1940,7.24132444601271,7.63728235294118,6.64773675485009,6.55942307692308,7.16929530201342,7.27451725773196,167
"167",2015,5,7.90476190476191,21,8.21428571428571,7.28571428571429,7.5,8.2,7.8125,14,7,2,5,16,2855,1714,1141,262,899,1956,7.24620437127846,7.64199533255543,6.65165072743208,6.56660305343512,7.17502780867631,7.27891793456032,168
"168",2015,6,6.37142857142857,14,6.42857142857143,6.31428571428571,6.5,6.25,6.42,7,7,2,4,10,2869,1721,1148,264,903,1966,7.24193568490764,7.63705984892504,6.64959362369338,6.56609848484849,7.17093023255814,7.27454907426246,169
"169",2015,7,7.6,12,7.96666666666667,7.23333333333333,NA,7.66666666666667,7.57777777777778,6,6,0,3,9,2881,1727,1154,264,906,1975,7.2434271017008,7.63820497973364,6.65262866551127,6.56609848484849,7.17257174392936,7.27593087594937,170
"170",2015,8,7.27647058823529,17,7.63636363636364,6.61666666666667,NA,7.5,7.24666666666667,11,6,0,2,15,2898,1738,1160,264,908,1990,7.24362093857833,7.63819332566168,6.65244265517241,6.56609848484849,7.17329295154185,7.27571029145729,171
"171",2015,9,7.88928571428571,14,8.20714285714286,7.57142857142857,7.5,7.9,7.88333333333333,7,7,3,5,9,2912,1745,1167,267,913,1999,7.24672509615385,7.64047564469914,6.65795499571551,6.57659176029963,7.17727272727273,7.27844596298149,172
"172",2015,10,6.69230769230769,13,6.91666666666667,6.5,6.5,8.5,6.36363636363636,6,7,2,2,11,2925,1751,1174,269,915,2010,7.24426101880342,7.63799543118218,6.65701318568995,6.57602230483271,7.18016393442623,7.27343954228856,173
"173",2015,11,7.17647058823529,17,7.36363636363636,6.83333333333333,7.5,6.875,7.26923076923077,11,6,2,4,13,2942,1762,1180,271,919,2023,7.24386929979606,7.63628263337117,6.65790972881356,6.58284132841329,7.17883569096844,7.27341249629263,174
"174",2015,12,7.18421052631579,19,7.72222222222222,6.7,7,7.9,6.92857142857143,9,10,3,5,14,2961,1771,1190,274,924,2037,7.24348648429585,7.63671936758893,6.65826342857143,6.58740875912409,7.18273809523809,7.27104245459008,175
"175",2016,1,7.27173913043478,23,7.69230769230769,6.725,7.5,5.7,7.70833333333333,13,10,2,5,18,2984,1784,1200,276,929,2055,7.24370424932976,7.63712443946188,6.65881956666667,6.59402173913044,7.17475780409042,7.27487273965937,176
"176",2016,2,6.975,20,7.19230769230769,6.57142857142857,NA,6.83333333333333,7.03571428571429,13,7,0,6,14,3004,1797,1207,276,935,2069,7.24191527296938,7.63390651085142,6.65831274233637,6.59402173913044,7.17256684491978,7.27325446109231,177
"177",2016,3,6.9625,20,7.38888888888889,6.61363636363636,6.625,6.8,7.01666666666667,9,11,4,5,15,3024,1806,1218,280,940,2084,7.24006728835979,7.63268549280177,6.65790926108374,6.59446428571429,7.17058510638298,7.27140761996161,178
"178",2016,4,6.84375,16,8,5.94444444444444,6.33333333333333,7.5,6.75,7,9,3,2,14,3040,1813,1227,283,942,2098,7.23798140789474,7.63410369553227,6.65267602281989,6.59169611307421,7.17128450106157,7.26792825548141,179
"179",2016,5,7,11,7.42857142857143,6.25,6,7.66666666666667,6.2,7,4,1,6,5,3051,1820,1231,284,948,2103,7.237123395608,7.63331318681319,6.65136757108042,6.58961267605634,7.17441983122363,7.26538919638611,180
"180",2016,6,7.4375,16,7.7,7,NA,8.5,7.28571428571429,10,6,0,2,14,3067,1830,1237,284,950,2117,7.23816872513857,7.63367759562842,6.65305859337106,6.58961267605634,7.17721052631579,7.26552360888049,181
"181",2016,7,7.03409090909091,22,7.52083333333333,6.45,5.75,6.3125,7.19444444444444,12,10,4,4,18,3089,1842,1247,288,954,2135,7.23671527355131,7.63294245385451,6.65143021651965,6.57795138888889,7.17358490566038,7.26492434660421,182
"182",2016,8,6.83275862068966,29,6.95952380952381,6.5,7.45,6.25,7.0547619047619,21,8,2,8,21,3118,1863,1255,290,962,2156,7.23295813983323,7.62535158346753,6.65046492430279,6.58396551724138,7.16590436590436,7.26287730983302,183
"183",2016,9,6.86,20,7.2,6.44444444444444,5.33333333333333,6,7.075,11,9,3,4,16,3138,1874,1264,293,966,2172,7.23058109623965,7.62285485592316,6.64899800632911,6.57116040955631,7.16107660455486,7.26149331491713,184
"184",2016,10,7.4,15,7.5,7.28571428571429,7.66666666666667,7,7.5,8,7,3,3,12,3153,1882,1271,296,969,2184,7.23138708531558,7.62233262486716,6.65250470495673,6.58226351351351,7.16057791537668,7.26280379120879,185
"185",2016,11,7.48333333333333,24,8.05714285714286,6.68,7,7.82,7.39473684210526,14,10,2,5,19,3177,1896,1281,298,974,2203,7.23329036197671,7.62554324894515,6.6527193442623,6.58506711409396,7.16396303901437,7.26394166137086,186
"186",2016,12,6.5,15,6.66666666666667,6.38888888888889,6,6.66666666666667,6.45833333333333,6,9,2,3,12,3192,1902,1290,300,977,2215,7.22984444862156,7.62251840168244,6.65087866666667,6.58116666666667,7.16243602865916,7.25957719187359,187
"187",2017,1,6.77666666666667,30,7.40555555555556,5.83333333333333,5.83333333333333,7.9,6.43478260869565,18,12,6,7,23,3222,1920,1302,306,984,2238,7.22562491620112,7.620484375,6.64334368663595,6.56650326797386,7.16768292682927,7.25110075067024,188
"188",2017,2,6.692,25,7.12,6.05,5,5,6.83913043478261,15,10,3,2,23,3247,1935,1312,309,986,2261,7.22151631659994,7.61660465116279,6.63882125,6.55129449838188,7.16328600405679,7.24690998673153,189
"189",2017,3,7.17647058823529,17,7.81818181818182,6,6.75,8,6.83333333333333,11,6,4,5,12,3264,1946,1318,313,991,2273,7.22128170343138,7.61774409044193,6.6359131107739,6.5538338658147,7.16750756811302,7.24472656401232,190
"190",2017,4,7,14,7.54545454545455,5,5,6,7.16666666666667,11,3,2,2,12,3278,1957,1321,315,993,2285,7.22033663209274,7.61733776188043,6.63219794095382,6.54396825396825,7.16515609264854,7.2443166214442,191
"191",2017,5,6.80111111111111,18,7.392,6.0625,5,5.784,7.19230769230769,10,8,2,5,13,3296,1967,1329,317,998,2298,7.2180471723301,7.6161921708185,6.62876860797592,6.53422712933754,7.15823647294589,7.24402240208877,192
"192",2017,6,7.10714285714286,14,7.5,5.66666666666667,7,7.3,7,11,3,1,5,9,3310,1978,1332,318,1003,2307,7.21757809063444,7.61554600606673,6.62660171171171,6.53569182389937,7.15894317048853,7.24307042912874,193
"193",2017,7,6.91666666666667,18,7.3,6.76923076923077,7.1,7.3,6.76923076923077,5,13,5,5,13,3328,1983,1345,323,1008,2320,7.21595056490385,7.61475037821483,6.62798028252788,6.54442724458204,7.15964285714286,7.24041529310345,194
"194",2017,8,6.69230769230769,13,7.5,6,7,7.25,6.44444444444444,6,7,1,4,9,3341,1989,1352,324,1012,2329,7.2139130439988,7.61440422322775,6.62472890532544,6.54583333333333,7.16,7.23733940747102,195
"195",2017,9,7.17647058823529,17,7.85,6.21428571428571,6.375,7.66666666666667,7.07142857142857,10,7,4,3,14,3358,1999,1359,328,1015,2343,7.21372349017272,7.6155827913957,6.62261477557027,6.54375,7.16149753694581,7.23634804950917,196
"196",2017,10,7.24,15,8,6.73333333333333,7.2,6.86666666666667,7.33333333333333,6,9,3,3,12,3373,2005,1368,331,1018,2355,7.2138403439075,7.61673316708229,6.6233431871345,6.54969788519638,7.16062868369352,7.23684224203822,197
"197",2017,11,7.59318181818182,22,8.1125,6.97,7,8.37,7.36470588235294,12,10,1,5,17,3395,2017,1378,332,1023,2372,7.21629852135494,7.61968269707486,6.62585883889695,6.55105421686747,7.16653958944281,7.23775863406408,198
"198",2017,12,7.68181818181818,11,7.92857142857143,7.25,7,7.7,7.66666666666667,7,4,1,5,6,3406,2024,1382,333,1028,2378,7.21780196124486,7.62075098814229,6.62766532561505,6.5524024024024,7.16913424124514,7.23884082422203,199
"199",2018,1,7.485,20,7.78571428571429,6.78333333333333,7.7,8.175,7.3125,14,6,1,4,16,3426,2038,1388,334,1032,2394,7.21936178633976,7.62188420019627,6.62833824207493,6.55583832335329,7.17303294573643,7.23933311612364,200
"200",2018,2,6.16923076923077,13,6.41666666666667,5.95714285714286,6.16666666666667,6.5,6.14166666666667,6,7,3,1,12,3439,2044,1395,337,1033,2406,7.21539211398663,7.61834637964775,6.62497023655914,6.55237388724036,7.17238141335915,7.23385847049044,201
"201",2018,3,7.5,14,7.75,7.16666666666667,6.5,NA,7.5,8,6,1,0,14,3453,2052,1401,338,1033,2420,7.21654604112366,7.61885964912281,6.62729013561742,6.55221893491124,7.17238141335915,7.2353981322314,202
"202",2018,4,6.83125,16,7.36363636363636,5.66,6.65,7.43333333333333,6.69230769230769,11,5,2,3,13,3469,2063,1406,340,1036,2433,7.21476894782358,7.61749878817256,6.62385027027027,6.55279411764706,7.17313706563707,7.23249629264283,203
"203",2018,5,6.89,10,7.58333333333333,5.85,4,6.6,7.08333333333333,6,4,1,4,6,3479,2069,1410,341,1040,2439,7.21383543546996,7.61739971000483,6.62165495035461,6.54530791788856,7.17093269230769,7.23212934809348,204
"204",2018,6,7.49375,16,7.54444444444444,7.42857142857143,7.5,8,7.46,9,7,2,1,15,3495,2078,1417,343,1041,2454,7.21511687553648,7.61708373435996,6.62564112914608,6.55087463556851,7.17172910662824,7.233522200489,205
"205",2018,7,6.53333333333333,15,7,5.83333333333333,9,1,6.92857142857143,9,6,1,1,14,3510,2087,1423,344,1042,2468,7.21220327065527,7.6144226161955,6.6223004075896,6.55799418604651,7.16580614203455,7.23179233387358,206
"206",2018,8,6.73333333333333,15,8.33333333333333,5.66666666666667,6.5,9,6.57142857142857,6,9,2,1,14,3525,2093,1432,346,1043,2482,7.21016552624114,7.61648351648352,6.61629432960894,6.55765895953757,7.16756471716203,7.22806747784045,207
"207",2018,9,6.91666666666667,12,7.8,6.28571428571429,6.66666666666667,8,6.55555555555556,5,7,3,3,9,3537,2098,1439,349,1046,2491,7.20916977099237,7.61692087702574,6.61468622654621,6.55859598853868,7.16995219885277,7.22563768767563,208
"208",2018,10,7.5,8,7.8,7,NA,NA,7.5,5,3,0,0,8,3545,2103,1442,349,1046,2499,7.20982608744711,7.61735615786971,6.61548785020805,6.55859598853868,7.16995219885277,7.22651599839936,209
"209",2018,11,6.96666666666667,15,6.85714285714286,7.0625,NA,8,6.89285714285714,7,8,0,1,14,3560,2110,1450,349,1047,2513,7.20880153932584,7.61483412322275,6.61795412413793,6.55859598853868,7.17074498567335,7.2246571746916,210
"210",2018,12,6.77636363636364,22,7.44222222222222,6.31538461538462,5,7.5,6.61555555555556,9,13,2,4,18,3582,2119,1463,351,1051,2531,7.20614558347292,7.61410099103351,6.6152655365687,6.5497150997151,7.17199809705043,7.22032535756618,211
"211",2019,1,7.5,20,7.53333333333333,7.4,7.5,7,7.58823529411765,15,5,2,3,17,3602,2134,1468,353,1054,2548,7.20777720155469,7.61353327085286,6.61793833787466,6.55509915014164,7.17150853889943,7.22278001569859,212
"212",2019,2,7.15142857142857,14,6.77,7.4375,7.625,6.905,7.25,6,8,4,4,10,3616,2140,1476,357,1058,2558,7.20755903761062,7.61116822429906,6.62238040650407,6.56708683473389,7.17050094517958,7.22288642689601,213
"213",2019,3,6.85714285714286,14,7.6,6.44444444444444,7,9,6.69230769230769,5,9,1,1,13,3630,2145,1485,358,1059,2571,7.20620757024794,7.61114219114219,6.62130200673401,6.56829608938548,7.17222851746931,7.22020360949047,214
"214",2019,4,8.34666666666667,9,8,9.04,NA,8,8.44571428571428,6,3,0,2,7,3639,2151,1488,358,1061,2578,7.20902816158285,7.61222687122269,6.6261784139785,6.56829608938548,7.17378887841659,7.22353121799845,215
"215",2019,5,6.1,12,7.56666666666667,5.61111111111111,6.25,6.3,6.03333333333333,3,9,2,3,9,3651,2154,1497,360,1064,2587,7.20538304026294,7.61216341689879,6.62007580494322,6.56652777777778,7.17132518796992,7.21939059914959,216
"216",2019,6,7.35416666666667,12,7.40625,7.25,NA,6.875,7.45,8,4,0,2,10,3663,2162,1501,360,1066,2597,7.20587045591046,7.61140148011101,6.62175448367755,6.56652777777778,7.17076923076923,7.22027858298036,217
"217",2019,7,7.322222,15,7.26190428571429,7.375,8,NA,7.322222,7,8,3,0,15,3678,2169,1509,363,1066,2612,7.20634497281131,7.61027355002305,6.62574783300199,6.57837465564738,7.17076923076923,7.22086401607963,218
"218",2019,8,6.59375,16,7.5,5.6875,5.66666666666667,6.18,6.78181818181818,8,8,3,5,11,3694,2177,1517,366,1071,2623,7.20369161072009,7.60986831878732,6.62079992089651,6.57090163934426,7.16614379084967,7.21902280213496,219
"219",2019,9,7.58125,16,7.75454545454545,7.2,NA,NA,7.58125,11,5,0,0,16,3710,2188,1522,366,1071,2639,7.20531989487871,7.61059567184643,6.62270268068331,6.57090163934426,7.16614379084967,7.22121895035998,220
"220",2019,10,6.95,10,7.64285714285714,5.33333333333333,6,6,7.05555555555556,7,3,1,1,9,3720,2195,1525,367,1072,2648,7.20463355107527,7.61069855580866,6.62016621639344,6.56934604904632,7.16505597014925,7.22065589501511,221
"221",2019,11,6.9625,8,6.7,7.4,7.8,7.4,6.7,5,3,1,3,5,3728,2200,1528,368,1075,2653,7.20411395118026,7.60862878636364,6.62169730366492,6.57269021739131,7.16571162790698,7.21967463626084,222
"222",2019,12,6.90625,16,7.19230769230769,5.66666666666667,NA,7,6.9,13,3,0,1,15,3744,2213,1531,368,1076,2668,7.20284102831197,7.60618315860822,6.61982591770085,6.57269021739131,7.16555762081784,7.21787736506747,223
"223",2020,1,6.82380952380952,21,6.79166666666667,6.86666666666667,6.2,7.41666666666667,6.58666666666667,12,9,4,6,15,3765,2225,1540,372,1082,2683,7.20072690836654,7.60179026067416,6.6212684935065,6.56868279569893,7.16695009242144,7.21434841967946,224
"224",2020,2,7.58333333333333,12,7.66666666666667,7.5,8,7.25,7.65,6,6,1,2,10,3777,2231,1546,373,1084,2693,7.2019424966905,7.60196473778575,6.62467883570505,6.57252010723861,7.16710332103321,7.21596613813591,225
"225",2020,3,7.70833333333333,12,7.72222222222222,7.66666666666667,NA,7.25,7.9375,9,3,0,4,8,3789,2240,1549,373,1088,2701,7.20354626814463,7.60244791517857,6.62669688831504,6.57252010723861,7.16740808823529,7.21810322473158,226
"226",2020,4,7.42857142857143,14,8.05555555555556,6.3,7,7.625,7.35,9,5,2,4,10,3803,2249,1554,375,1092,2711,7.20437465422035,7.60426115162294,6.62564574002574,6.5748,7.16908424908425,7.21858974917005,227
"227",2020,5,6.944375,16,7.45666666666667,6.28571428571429,5.5,7.37,6.84615384615385,9,7,2,3,13,3819,2258,1561,377,1095,2724,7.20328536527887,7.60367286536758,6.62412138372838,6.56909814323608,7.16963470319634,7.21681233847283,228
"228",2020,6,5.71428571428571,7,7.5,5,1,NA,5.71428571428571,2,5,1,0,7,3826,2260,1566,378,1095,2731,7.2005611108207,7.60358111946903,6.6189358109834,6.55436507936508,7.16963470319634,7.21296111680703,229
"229",2020,7,7.375,12,7.6875,6.75,5,7,7.40909090909091,8,4,1,1,11,3838,2268,1570,379,1096,2742,7.2011065164148,7.60387712962963,6.61926973248408,6.55026385224275,7.1694799270073,7.21374792487236,230
"230",2020,8,7.35,10,8.16666666666667,6.125,5,7.5,7.3125,6,4,1,2,8,3848,2274,1574,380,1098,2750,7.20149345374221,7.60536206244503,6.61801364675985,6.54618421052632,7.17008196721311,7.21403520363636,231
"231",2020,9,6.90625,16,8,6.05555555555556,NA,6,7.11538461538461,7,9,0,3,13,3864,2281,1583,380,1101,2763,7.20027091356108,7.60657313897413,6.61481584333544,6.54618421052632,7.16689373297003,7.21357104958379,232
"232",2020,10,7.62828272727273,11,7.67638875,7.5,NA,8,7.591111,8,3,0,1,10,3875,2289,1586,380,1102,2773,7.20148591483871,7.60681714285714,6.61649021437579,6.54618421052632,7.16764972776769,7.21493253516048,233
"233",2020,11,7.34117647058823,17,7.31111111111111,7.375,6.66666666666667,7.725,7.22307692307692,9,8,3,4,13,3892,2298,1594,383,1106,2786,7.20209607399795,7.60565902523934,6.62029703889586,6.54712793733682,7.16966546112116,7.21497053840632,234
"234",2020,12,7.26470588235294,17,7.75,6.57142857142857,5.33333333333333,7.66666666666667,7.17857142857143,10,7,3,3,14,3909,2308,1601,386,1109,2800,7.20236836019443,7.60628441941074,6.62008337289194,6.53769430051814,7.17100991884581,7.21478854285714,235
"235",2021,1,7.05333333333333,15,7.48333333333333,5.33333333333333,NA,6.75,7.16363636363636,12,3,0,4,11,3924,2320,1604,386,1113,2811,7.20179865443425,7.60564846551724,6.61767673316708,6.53769430051814,7.16949685534591,7.21458837424404,236
"236",2021,2,6.67857142857143,14,6.95,6,4,7,6.625,10,4,1,2,12,3938,2330,1608,387,1115,2823,7.19993852717116,7.60283452360515,6.6161402238806,6.53113695090439,7.16919282511211,7.21208215373716,237
"237",2021,3,7.33333333333333,9,7.6,7,6,10,7,5,4,2,1,8,3947,2335,1612,389,1116,2831,7.20024269571827,7.60282845396146,6.61709272952854,6.52840616966581,7.171729390681,7.21148283998587,238
"238",2021,4,6.83636363636364,11,8.53333333333333,4.8,6.5,7,6.82,6,5,2,1,10,3958,2341,1617,391,1117,2841,7.19923140980293,7.60521334472448,6.61147401360544,6.52826086956522,7.17157564905998,7.21010486448434,239
"239",2021,5,7.41333333333333,15,8.03333333333333,7,5.66666666666667,NA,7.41333333333333,6,9,3,0,15,3973,2347,1626,394,1117,2856,7.20003974830103,7.60630781423093,6.61362452644527,6.52170050761421,7.17157564905998,7.21117224089636,240
"240",2021,6,6.25,8,6.5,6.16666666666667,6.66666666666667,5.5,6.5,2,6,3,2,6,3981,2349,1632,397,1119,2862,7.19813060035167,7.60536587484036,6.61198129901961,6.5227959697733,7.16858802502234,7.2096813137666,241
"241",2021,7,7.71428571428571,7,8,7.33333333333333,8.33333333333333,5,8.16666666666667,4,3,3,1,6,3988,2353,1635,400,1120,2868,7.19903658976931,7.6060367360816,6.61330488073395,6.536375,7.16665178571428,7.21168337517434,242
"242",2021,8,7.57142857142857,7,8,7,NA,5.5,8.4,4,3,0,2,5,3995,2357,1638,400,1122,2873,7.19968909136421,7.60670532032244,6.61401311355312,6.536375,7.16368092691622,7.21375145144448,243
"243",2021,9,6.91666666666667,12,7.64285714285714,5.9,NA,7.5,6.625,7,5,0,4,8,4007,2364,1643,400,1126,2881,7.19884150736212,7.60681236886633,6.61184021911138,6.536375,7.1648756660746,7.21211659840333,244
"244",2021,10,6.60833333333333,12,6.8125,6.2,NA,5.75,6.78,8,4,0,2,10,4019,2372,1647,400,1128,2891,7.19707835780045,7.60413340640809,6.61084,6.536375,7.16236702127659,7.2106219024559,245
"245",2021,11,6.58333333333333,12,7.71428571428571,5,NA,10,6.27272727272727,7,5,0,1,11,4031,2379,1652,400,1129,2902,7.19525128256016,7.60445751996637,6.60596457627119,6.536375,7.164880425155,7.20706682288077,246
"246",2021,12,6.45454545454545,11,6.57142857142857,6.25,7,5,7,7,4,2,3,8,4042,2386,1656,402,1132,2910,7.19323550717467,7.60142683989941,6.60510475845411,6.5386815920398,7.15914310954063,7.20649756701031,247
"247",2022,1,7.58571428571429,21,8.02307692307692,6.875,6.5,7,7.64736842105263,13,8,2,2,19,4063,2399,1664,404,1134,2929,7.19526407088359,7.60371172988745,6.60640233173077,6.5384900990099,7.15886243386243,7.20935743257084,248
"248",2022,2,7.21875,16,7.22222222222222,7.21428571428571,8,8,7.10714285714286,9,7,1,2,14,4079,2408,1671,405,1136,2943,7.19535619514587,7.60228589700997,6.60894882106523,6.5420987654321,7.16034330985915,7.20887119266055,249
"249",2022,3,7.66666666666667,6,9.5,6.75,8,8,7.6,2,4,1,1,5,4085,2410,1675,406,1137,2948,7.1960484504284,7.60386076348548,6.60928565970149,6.54568965517242,7.16108179419525,7.20953457259159,250
"250",2022,4,7.625,8,7.71428571428571,7,NA,8,7.5,7,1,0,2,6,4093,2417,1676,406,1139,2954,7.19688686049353,7.60418057095573,6.60951878281623,6.54568965517242,7.16255487269534,7.21012454976303,251
"251",2022,5,6.86363636363636,11,7.27777777777778,5,8,8,6.75,9,2,1,1,10,4104,2426,1678,407,1140,2964,7.19599364522417,7.6029696784831,6.60760040524434,6.5492628992629,7.16328947368421,7.20857217273954,252
"252",2022,6,7.31,10,8.3,5,6,7.86666666666667,7.07142857142857,7,3,1,3,7,4114,2433,1681,408,1143,2971,7.19627076324745,7.60497510891903,6.6047313979774,6.54791666666667,7.16513560804899,7.20824904745877,253
"253",2022,7,6.96666666666667,15,6.91666666666667,7,NA,7.5,6.88461538461539,6,9,0,2,13,4129,2439,1690,408,1145,2984,7.19543664809882,7.60328185321853,6.60683637869823,6.54791666666667,7.16572052401746,7.2068391152815,254
"254",2022,8,7.62777777777778,18,8.18181818181818,6.75714285714286,8,8.66666666666667,7.10833333333333,11,7,1,6,12,4147,2450,1697,409,1151,2996,7.1973132191946,7.60587936326531,6.60745638185032,6.55146699266504,7.17354474370113,7.20644456608812,255
"255",2022,9,7.125,8,6.8,7.66666666666667,NA,6,7.28571428571429,5,3,0,1,7,4155,2455,1700,409,1152,3003,7.19717398796631,7.6042380610998,6.60932557647059,6.55146699266504,7.17252604166666,7.20662934398934,256
"256",2022,10,7.85,10,7.4,8.3,8.5,8.5,7.57142857142857,5,5,3,3,7,4165,2460,1705,412,1155,3010,7.19874139735894,7.60382294308943,6.61428356598241,6.56565533980583,7.17597402597402,7.20747771428571,257
"257",2022,11,7.20882352941176,17,7.45454545454545,6.75833333333333,NA,5,7.346875,11,6,0,1,16,4182,2471,1711,412,1156,3026,7.19878238163558,7.60315841359773,6.61478870835769,6.56565533980583,7.17409169550173,7.20821477858559,258
"258",2022,12,6.56666666666667,15,7.27777777777778,5.5,5,6.66666666666667,6.54166666666667,9,6,1,3,12,4197,2480,1717,413,1159,3038,7.19652321181797,7.60197759677419,6.61089311589983,6.56186440677966,7.1727782571182,7.20558193548387,259
