"","year","month","avg_rating","no_ratings","avg_rating_owned","avg_rating_not_owned","avg_rating_prev_owned","avg_rating_comment","avg_rating_no_comment","no_ratings_owned","no_ratings_not_owned","no_ratings_prev_owned","no_ratings_comment","no_ratings_no_comment","cum_no_ratings","cum_no_ratings_owned","cum_no_ratings_not_owned","cum_no_ratings_prev_owned","cum_no_ratings_comment","cum_no_ratings_no_comment","cum_avg_rating","cum_avg_rating_owned","cum_avg_rating_not_owned","cum_avg_rating_prev_owned","cum_avg_rating_comment","cum_avg_rating_no_comment","month_after_release"
"1",2001,10,4,1,NA,4,NA,NA,4,0,1,0,0,1,1,0,1,0,0,1,4,NA,4,NA,NA,4,5
"2",2001,11,3.5,2,NA,3.5,NA,NA,3.5,0,2,0,0,2,3,0,3,0,0,3,3.66666666666667,NA,3.66666666666667,NA,NA,3.66666666666667,6
"3",2002,2,5,4,5.66666666666667,3,NA,6,4,3,1,0,2,2,7,3,4,0,2,5,4.42857142857143,5.66666666666667,3.5,NA,6,3.8,9
"4",2002,3,5.66666666666667,3,5.66666666666667,NA,NA,6,5.5,3,0,0,1,2,10,6,4,0,3,7,4.8,5.66666666666667,3.5,NA,6,4.28571428571429,10
"5",2002,4,5,1,5,NA,NA,NA,5,1,0,0,0,1,11,7,4,0,3,8,4.81818181818182,5.57142857142857,3.5,NA,6,4.375,11
"6",2002,5,4,1,4,NA,NA,4,NA,1,0,0,1,0,12,8,4,0,4,8,4.75,5.375,3.5,NA,5.5,4.375,12
"7",2002,6,5.5,4,5,7,NA,5.33333333333333,6,3,1,0,3,1,16,11,5,0,7,9,4.9375,5.27272727272727,4.2,NA,5.42857142857143,4.55555555555556,13
"8",2002,7,5.25,6,5.5,5,NA,5.5,5,3,3,0,3,3,22,14,8,0,10,12,5.02272727272727,5.32142857142857,4.5,NA,5.45,4.66666666666667,14
"9",2002,8,4.75,8,4.2,5.66666666666667,5,4,5,5,3,1,2,6,30,19,11,1,12,18,4.95,5.02631578947368,4.81818181818182,5,5.20833333333333,4.77777777777778,15
"10",2002,9,5.25,4,5.5,5,NA,5.5,5,2,2,0,2,2,34,21,13,1,14,20,4.98529411764706,5.07142857142857,4.84615384615385,5,5.25,4.8,16
"11",2002,10,3.33333333333333,3,3.5,3,NA,NA,3.33333333333333,2,1,0,0,3,37,23,14,1,14,23,4.85135135135135,4.93478260869565,4.71428571428571,5,5.25,4.60869565217391,17
"12",2002,11,6,5,6.75,3,NA,3,6.75,4,1,0,1,4,42,27,15,1,15,27,4.98809523809524,5.2037037037037,4.6,5,5.1,4.92592592592593,18
"13",2002,12,3.5,2,5,2,NA,2,5,1,1,0,1,1,44,28,16,1,16,28,4.92045454545455,5.19642857142857,4.4375,5,4.90625,4.92857142857143,19
"14",2003,1,4.66666666666667,6,4.33333333333333,5,NA,4,4.8,3,3,0,1,5,50,31,19,1,17,33,4.89,5.11290322580645,4.52631578947368,5,4.85294117647059,4.90909090909091,20
"15",2003,2,5,4,6,2,2,4.66666666666667,6,3,1,1,3,1,54,34,20,2,20,34,4.89814814814815,5.19117647058824,4.4,3.5,4.825,4.94117647058824,21
"16",2003,3,4.5,4,5.33333333333333,2,NA,6,4,3,1,0,1,3,58,37,21,2,21,37,4.87068965517241,5.2027027027027,4.28571428571429,3.5,4.88095238095238,4.86486486486486,22
"17",2003,4,6.5,2,6.5,NA,NA,NA,6.5,2,0,0,0,2,60,39,21,2,21,39,4.925,5.26923076923077,4.28571428571429,3.5,4.88095238095238,4.94871794871795,23
"18",2003,5,4.375,12,4.92857142857143,3.6,NA,4.9,4,7,5,0,5,7,72,46,26,2,26,46,4.83333333333333,5.21739130434783,4.15384615384615,3.5,4.88461538461539,4.80434782608696,24
"19",2003,6,3.8,6,5,2.6,NA,3.2,5,3,3,0,4,2,78,49,29,2,30,48,4.75384615384615,5.20408163265306,3.99310344827586,3.5,4.66,4.8125,25
"20",2003,7,4.12790697674419,43,4.31578947368421,3.97916666666667,NA,4.33333333333333,4.07352941176471,19,24,0,9,34,121,68,53,2,39,82,4.53140495867769,4.95588235294118,3.98679245283019,3.5,4.58461538461539,4.50609756097561,26
"21",2003,8,4.5625,16,5.5,3,4,7,4.21428571428571,10,6,1,2,14,137,78,59,3,41,96,4.53503649635036,5.02564102564103,3.8864406779661,3.66666666666667,4.70243902439024,4.46354166666667,27
"22",2003,9,4.15,10,4.8,3.5,NA,3.625,4.5,5,5,0,4,6,147,83,64,3,45,102,4.50884353741496,5.01204819277108,3.85625,3.66666666666667,4.60666666666667,4.4656862745098,28
"23",2003,10,5.16666666666667,15,5.61111111111111,4.5,NA,6.07142857142857,4.375,9,6,0,7,8,162,92,70,3,52,110,4.56975308641975,5.07065217391304,3.91142857142857,3.66666666666667,4.80384615384615,4.45909090909091,29
"24",2003,11,5.625,4,5.75,5.5,NA,5.625,NA,2,2,0,4,0,166,94,72,3,56,110,4.59518072289156,5.08510638297872,3.95555555555556,3.66666666666667,4.8625,4.45909090909091,30
"25",2003,12,5,9,6,4.71428571428571,NA,6.5,4.57142857142857,2,7,0,2,7,175,96,79,3,58,117,4.616,5.10416666666667,4.02278481012658,3.66666666666667,4.91896551724138,4.46581196581197,31
"26",2004,1,4.63636363636364,11,5,4.5,2,5.66666666666667,4.25,3,8,1,3,8,186,99,87,4,61,125,4.61720430107527,5.1010101010101,4.06666666666667,3.25,4.95573770491803,4.452,32
"27",2004,2,4.35,10,4.2,4.5,NA,3,4.6875,5,5,0,2,8,196,104,92,4,63,133,4.60357142857143,5.05769230769231,4.09021739130435,3.25,4.89365079365079,4.46616541353383,33
"28",2004,3,4.5,10,4.625,4,NA,4.33333333333333,4.57142857142857,8,2,0,3,7,206,112,94,4,66,140,4.59854368932039,5.02678571428571,4.08829787234042,3.25,4.86818181818182,4.47142857142857,34
"29",2004,4,4.09090909090909,11,4.4,3.83333333333333,NA,4.5,3.85714285714286,5,6,0,4,7,217,117,100,4,70,147,4.57281105990783,5,4.073,3.25,4.84714285714286,4.4421768707483,35
"30",2004,5,3.64285714285714,14,4.125,3,3,3.42857142857143,3.85714285714286,8,6,1,7,7,231,125,106,5,77,154,4.51645021645021,4.944,4.01226415094339,3.2,4.71818181818182,4.41558441558442,36
"31",2004,6,3.5,8,3.8,3,5,3.5,3.5,5,3,1,6,2,239,130,109,6,83,156,4.48242677824268,4.9,3.98440366972477,3.5,4.63012048192771,4.40384615384615,37
"32",2004,7,4,13,4.83333333333333,3.28571428571429,3.5,4.2,3.875,6,7,2,5,8,252,136,116,8,88,164,4.45753968253968,4.89705882352941,3.94224137931034,3.5,4.60568181818182,4.3780487804878,38
"33",2004,8,3.5625,8,4.33333333333333,3.1,3.5,3.64285714285714,3,3,5,1,7,1,260,139,121,9,95,165,4.43,4.88489208633094,3.90743801652892,3.5,4.53473684210526,4.36969696969697,39
"34",2004,9,3.375,8,4.125,2.625,NA,3.5,3.16666666666667,4,4,0,5,3,268,143,125,9,100,168,4.39850746268657,4.86363636363636,3.8664,3.5,4.483,4.34821428571429,40
"35",2004,10,4,11,4.16666666666667,3.8,NA,4.66666666666667,3.75,6,5,0,3,8,279,149,130,9,103,176,4.38279569892473,4.83557046979866,3.86384615384615,3.5,4.48834951456311,4.32102272727273,41
"36",2004,11,4.8,10,4.85714285714286,4.66666666666667,2,4.33333333333333,5,7,3,1,3,7,289,156,133,10,106,183,4.39723183391003,4.83653846153846,3.88195488721804,3.35,4.48396226415094,4.34699453551913,42
"37",2004,12,4.11111111111111,9,4.5,3.8,NA,4.125,4,4,5,0,8,1,298,160,138,10,114,184,4.38859060402684,4.828125,3.87898550724638,3.35,4.45877192982456,4.34510869565217,43
"38",2005,1,4.71428571428571,21,5.16666666666667,4.11111111111111,5,5.0625,4.5,12,9,1,8,13,319,172,147,11,122,197,4.41003134796238,4.85174418604651,3.89319727891156,3.5,4.49836065573771,4.35532994923858,44
"39",2005,2,4.64,25,4.58823529411765,4.75,NA,4.69230769230769,4.58333333333333,17,8,0,13,12,344,189,155,11,135,209,4.42674418604651,4.82804232804233,3.93741935483871,3.5,4.51703703703704,4.36842105263158,45
"40",2005,3,3.94615384615385,13,3.92222222222222,4,3.5,3.88333333333333,4,9,4,2,6,7,357,198,159,13,141,216,4.40924369747899,4.78686868686869,3.93899371069182,3.5,4.49007092198582,4.35648148148148,46
"41",2005,4,4.2,10,4.85714285714286,2.66666666666667,NA,4,4.4,7,3,0,5,5,367,205,162,13,146,221,4.40354223433242,4.78926829268293,3.91543209876543,3.5,4.47328767123288,4.35746606334842,47
"42",2005,5,4.57692307692308,13,5,4.21428571428571,4,4.6,4.5625,6,7,1,5,8,380,211,169,14,151,229,4.40947368421052,4.79526066350711,3.92781065088757,3.53571428571429,4.47748344370861,4.3646288209607,48
"43",2005,6,3.54818181818182,11,5.44333333333333,2.8375,4.3,3.066,3.95,3,8,1,5,6,391,214,177,15,156,235,4.38524296675192,4.80434579439252,3.87853107344633,3.58666666666667,4.43224358974359,4.35404255319149,49
"44",2005,7,4.85714285714286,7,5.6,3,4,3.66666666666667,5.75,5,2,1,3,4,398,219,179,16,159,239,4.39354271356784,4.82251141552511,3.86871508379888,3.6125,4.41779874213837,4.37740585774059,50
"45",2005,8,4.67391304347826,23,4.95833333333333,4.36363636363636,3,4.39285714285714,5.11111111111111,12,11,1,14,9,421,231,190,17,173,248,4.40885985748218,4.8295670995671,3.89736842105263,3.57647058823529,4.41578034682081,4.40403225806452,51
"46",2005,9,5.2671875,16,5.33928571428571,5.21111111111111,5,4.85714285714286,5.58611111111111,7,9,2,7,9,437,238,199,19,180,257,4.44028604118993,4.84455882352941,3.95678391959799,3.72631578947368,4.43294444444445,4.4454280155642,52
"47",2005,10,4.65555555555556,18,5.31111111111111,4,5,3.75555555555556,5.55555555555556,9,9,1,9,9,455,247,208,20,189,266,4.4488021978022,4.86155870445344,3.95865384615385,3.79,4.40068783068783,4.48298872180451,53
"48",2005,11,4.05,20,4.20833333333333,3.8125,NA,3.25,4.85,12,8,0,10,10,475,259,216,20,199,276,4.43201052631579,4.83129343629344,3.95324074074074,3.79,4.34286432160804,4.49628623188406,54
"49",2005,12,4.75,20,4.92857142857143,4.33333333333333,NA,4.28571428571429,5,14,6,0,7,13,495,273,222,20,206,289,4.44485858585858,4.83628205128205,3.96351351351351,3.79,4.34092233009709,4.5189446366782,55
"50",2006,1,4.56756756756757,37,4.96153846153846,3.63636363636364,4.5,4.28571428571429,4.73913043478261,26,11,2,14,23,532,299,233,22,220,312,4.45339285714286,4.84717391304348,3.9480686695279,3.85454545454545,4.33740909090909,4.53517628205128,56
"51",2006,2,5.05,15,4.85,5.45,4,4.125,5.66666666666667,10,5,2,6,9,547,309,238,24,226,321,4.46975319926874,4.84726537216828,3.9796218487395,3.86666666666667,4.33176991150443,4.56690031152648,57
"52",2006,3,4.64705882352941,17,4.70833333333333,4.5,NA,3.66666666666667,4.85714285714286,12,5,0,3,14,564,321,243,24,229,335,4.4750975177305,4.84207165109034,3.990329218107,3.86666666666667,4.32305676855895,4.57902985074627,58
"53",2006,4,4.45833333333333,12,4.14285714285714,4.9,NA,3.66666666666667,4.72222222222222,7,5,0,3,9,576,328,248,24,232,344,4.47474826388889,4.8271493902439,4.00866935483871,3.86666666666667,4.31456896551724,4.5827761627907,59
"54",2006,5,4.3,10,4.5,4.16666666666667,5,4.28571428571429,4.33333333333333,4,6,1,7,3,586,332,254,25,239,347,4.47176621160409,4.8232078313253,4.01240157480315,3.912,4.31372384937239,4.58061959654179,60
"55",2006,6,4.3,14,4.4,4.16666666666667,5,4.2,4.35555555555556,8,6,1,5,9,600,340,260,26,244,356,4.46775833333333,4.81325,4.01596153846154,3.95384615384615,4.31139344262295,4.5749297752809,61
"56",2006,7,4.51923076923077,26,4.83333333333333,4.09090909090909,4.5,4.42857142857143,4.55263157894737,15,11,2,7,19,626,355,271,28,251,375,4.46989616613418,4.8140985915493,4.0190036900369,3.99285714285714,4.31466135458167,4.5738,62
"57",2006,8,4.05555555555556,9,4.16666666666667,3.83333333333333,6,3.3,5,6,3,1,5,4,635,361,274,29,256,379,4.46402362204724,4.8033379501385,4.01697080291971,4.06206896551724,4.29484375,4.5782981530343,63
"58",2006,9,4.26470588235294,17,4.33333333333333,4.22727272727273,3.5,4.2,4.35714285714286,6,11,4,10,7,652,367,285,33,266,386,4.45882668711656,4.79565395095368,4.02508771929824,3.99393939393939,4.29127819548872,4.57428756476684,64
"59",2006,10,3.775,20,4.625,3.20833333333333,NA,4.14285714285714,3.57692307692308,8,12,0,7,13,672,375,297,33,273,399,4.43847470238095,4.79201333333333,3.99208754208754,3.99393939393939,4.28747252747253,4.54179197994988,65
"60",2006,11,4.36363636363636,11,6.2,2.83333333333333,3,3.5,4.85714285714286,5,6,1,4,7,683,380,303,34,277,406,4.43726939970717,4.81053947368421,3.96914191419142,3.96470588235294,4.27610108303249,4.54722906403941,66
"61",2006,12,4.5,43,4.98076923076923,3.76470588235294,4,4.10526315789474,4.8125,26,17,3,19,24,726,406,320,37,296,430,4.44098484848485,4.82144088669951,3.95828125,3.96756756756757,4.26513513513513,4.56203488372093,67
"62",2007,1,4.01621621621622,37,4.09411764705882,3.95,4.8,4.2,3.91666666666667,17,20,5,13,24,763,423,340,42,309,454,4.42038663171691,4.79221040189125,3.95779411764706,4.06666666666667,4.26239482200647,4.52791850220265,68
"63",2007,2,4.41071428571429,28,4.69230769230769,4.16666666666667,5,4.16666666666667,4.47727272727273,13,15,3,6,22,791,436,355,45,315,476,4.42004424778761,4.78923165137615,3.96661971830986,4.12888888888889,4.26057142857143,4.52557773109244,69
"64",2007,3,4.26470588235294,17,4.66666666666667,4.04545454545455,4.25,3.95,4.71428571428571,6,11,2,10,7,808,442,366,47,325,483,4.41677599009901,4.78756787330317,3.96898907103825,4.13404255319149,4.25101538461538,4.52831262939959,70
"65",2007,4,4.06896551724138,29,4.64285714285714,3.53333333333333,4,4.36363636363636,3.88888888888889,14,15,1,11,18,837,456,381,48,336,501,4.40472520908005,4.783125,3.95183727034121,4.13125,4.25470238095238,4.50533932135729,71
"66",2007,5,4.52,25,4.88888888888889,4.3125,5,4.5,4.52380952380952,9,16,1,4,21,862,465,397,49,340,522,4.40806844547564,4.78517204301075,3.96637279596977,4.14897959183673,4.25758823529412,4.50608237547893,72
"67",2007,6,4.83333333333333,21,5.21428571428571,4.07142857142857,4.25,5.14285714285714,4.67857142857143,14,7,2,7,14,883,479,404,51,347,536,4.41818233295583,4.7977139874739,3.96819306930693,4.15294117647059,4.27544668587896,4.51058768656717,73
"68",2007,7,4.38888888888889,18,4.14285714285714,4.54545454545455,5,4.5,4.31818181818182,7,11,1,7,11,901,486,415,52,354,547,4.41759711431742,4.78828189300411,3.98349397590361,4.16923076923077,4.27988700564972,4.50671846435101,74
"69",2007,8,5.05555555555556,27,5.36666666666667,4.66666666666667,5,4.875,5.13157894736842,15,12,1,8,19,928,501,427,53,362,566,4.43615840517241,4.80559880239521,4.00269320843091,4.18490566037736,4.29303867403315,4.52769434628975,75
"70",2007,9,4.53103448275862,29,4.93125,4.03846153846154,NA,4.04,4.78947368421053,16,13,0,10,19,957,517,440,53,372,585,4.43903343782654,4.80948742746615,4.00375,4.18490566037736,4.28623655913978,4.53619658119658,76
"71",2007,10,4.4375,16,4.95,3.58333333333333,4,4.8125,4.0625,10,6,1,8,8,973,527,446,54,380,593,4.43900822199383,4.81215370018975,3.99809417040359,4.18148148148148,4.29731578947368,4.52980607082631,77
"72",2007,11,4.521875,32,4.53333333333333,4.51176470588235,5,3.5,4.98636363636364,15,17,1,10,22,1005,542,463,55,390,615,4.44164676616915,4.80443726937269,4.01695464362851,4.19636363636364,4.27687179487179,4.54613821138212,78
"73",2007,12,4.51428571428571,35,5.15384615384615,4.13636363636364,3.5,4.07142857142857,4.80952380952381,13,22,2,14,21,1040,555,485,57,404,636,4.44409134615384,4.81262162162162,4.02237113402062,4.1719298245614,4.26975247524752,4.55483490566038,79
"74",2008,1,4.08421052631579,38,4.72222222222222,3.51,3.5,3.83333333333333,4.16206896551724,18,20,2,9,29,1078,573,505,59,413,665,4.43140538033395,4.80978184991274,4.00207920792079,4.14915254237288,4.2602421307506,4.5377067669173,80
"75",2008,2,5.21481481481482,27,5.15555555555556,5.33333333333333,3.5,4.5,5.51578947368421,18,9,2,8,19,1105,591,514,61,421,684,4.45054751131222,4.82031302876481,4.02538910505837,4.12786885245902,4.26479809976247,4.56487573099415,81
"76",2008,3,4.25,32,4.31578947368421,4.15384615384615,4,4.30769230769231,4.21052631578947,19,13,2,13,19,1137,610,527,63,434,703,4.44490325417766,4.80459836065574,4.02855787476281,4.12380952380953,4.26608294930875,4.55529871977241,82
"77",2008,4,4.7304347826087,23,4.92,4.375,5,4.11111111111111,5.12857142857143,15,8,2,9,14,1160,625,535,65,443,717,4.45056465517241,4.807368,4.03373831775701,4.15076923076923,4.26293453724605,4.56649232914924,83
"78",2008,5,4.524,25,4.89285714285714,4.05454545454545,5,5.28571428571429,4.22777777777778,14,11,1,7,18,1185,639,546,66,450,735,4.45211392405063,4.80924100156495,4.03415750915751,4.16363636363636,4.27884444444444,4.55819727891157,84
"79",2008,6,4.425,36,5.4,3.9375,4.2,4.54,4.28125,12,24,5,20,16,1221,651,570,71,470,751,4.4513144963145,4.82013056835638,4.03008771929825,4.16619718309859,4.28995744680851,4.55229693741678,85
"80",2008,7,4.14814814814815,27,4.22222222222222,4.11111111111111,4.09090909090909,4.45,3.97058823529412,9,18,11,10,17,1248,660,588,82,480,768,4.44475560897436,4.81197727272727,4.03256802721088,4.15609756097561,4.29329166666666,4.53942057291667,86
"81",2008,8,4.30945945945946,37,4.65526315789474,3.94444444444444,3.83333333333333,4.12894736842105,4.5,19,18,9,19,18,1285,679,606,91,499,786,4.44085992217899,4.80759204712813,4.0299504950495,4.12417582417582,4.28703406813627,4.53851781170484,87
"82",2008,9,4.23333333333333,30,4.53846153846154,4,3.75,4.13636363636364,4.28947368421053,13,17,8,11,19,1315,692,623,99,510,805,4.43612547528517,4.80253612716763,4.02913322632424,4.09393939393939,4.28378431372549,4.5326397515528,88
"83",2008,10,4.66666666666667,18,5.09090909090909,4,4,4.75,4.6,11,7,3,8,10,1333,703,630,102,518,815,4.43923855963991,4.80704836415363,4.02880952380952,4.09117647058824,4.29098455598455,4.53346625766871,89
"84",2008,11,4.414,25,5.10714285714286,3.53181818181818,3.83333333333333,4.30454545454545,4.5,14,11,3,11,14,1358,717,641,105,529,829,4.43877393225331,4.8129079497908,4.02028081123245,4.08380952380952,4.29126654064272,4.53290108564536,90
"85",2008,12,4.31818181818182,33,4.59375,4.05882352941176,4,4.06153846153846,4.485,16,17,11,13,20,1391,733,658,116,542,849,4.43591301222142,4.8081241473397,4.02127659574468,4.07586206896552,4.28575645756457,4.53177267373381,91
"86",2009,1,4.2,81,4.50625,4,4.16666666666667,4.11666666666667,4.24901960784314,32,49,24,30,51,1472,765,707,140,572,900,4.42293138586957,4.79549673202614,4.01980198019802,4.09142857142857,4.27688811188811,4.51575,92
"87",2009,2,4.6188679245283,53,4.92857142857143,4.415625,4.71428571428571,3.95384615384615,4.835,21,32,7,13,40,1525,786,739,147,585,940,4.42974098360656,4.79905216284987,4.03694181326116,4.12108843537415,4.2697094017094,4.52933510638298,93
"88",2009,3,4.72058823529412,34,4.73333333333333,4.71052631578947,4.27777777777778,4.13636363636364,5,15,19,9,11,23,1559,801,758,156,596,963,4.43608402822322,4.79782147315855,4.05382585751979,4.13012820512821,4.26724832214765,4.54057632398754,94
"89",2009,4,4.06388888888889,36,4.80909090909091,3.736,4.18333333333333,3.87692307692308,4.1695652173913,11,25,12,13,23,1595,812,783,168,609,986,4.42768338557994,4.79797413793104,4.04367816091954,4.13392857142857,4.25891625615763,4.53192190669371,95
"90",2009,5,4.19714285714286,35,4.31052631578947,4.0625,4.09090909090909,3.32727272727273,4.59583333333333,19,16,11,11,24,1630,831,799,179,620,1010,4.42273312883436,4.78682912154031,4.04405506883605,4.13128491620112,4.24238709677419,4.53344059405941,96
"91",2009,6,4.16326530612245,49,4.8,3.88235294117647,3.77777777777778,3.91666666666667,4.24324324324324,15,34,9,12,37,1679,846,833,188,632,1047,4.41516081000596,4.78706264775414,4.0374549819928,4.11436170212766,4.23620253164557,4.5231852913085,97
"92",2009,7,4.35681818181818,44,4.95294117647059,3.98148148148148,4.33846153846154,3.46153846153846,4.73225806451613,17,27,13,13,31,1723,863,860,201,645,1078,4.41367092280906,4.7903302433372,4.03569767441861,4.12885572139304,4.22058914728682,4.52919758812616,98
"93",2009,8,4.77083333333333,24,5.15,4.5,3.875,4.77777777777778,4.76666666666667,10,14,8,9,15,1747,873,874,209,654,1093,4.41857756153406,4.79445017182131,4.04313501144165,4.11913875598086,4.22825688073394,4.53245654162855,99
"94",2009,9,4.38387096774194,31,4.49333333333333,4.28125,4.75,3.99,4.57142857142857,15,16,6,10,21,1778,888,890,215,664,1114,4.41797244094488,4.78936373873874,4.04741573033708,4.13674418604651,4.22466867469879,4.53319120287253,100
"95",2009,10,4.140625,32,4.53125,3.75,3.4,4.77777777777778,3.89130434782609,16,16,5,9,23,1810,904,906,220,673,1137,4.41306906077348,4.7847953539823,4.04216335540839,4.12,4.23206537890044,4.52020668425682,101
"96",2009,11,4.29166666666667,30,4.57352941176471,3.92307692307692,4.16666666666667,3.6875,4.98214285714286,17,13,6,16,14,1840,921,919,226,689,1151,4.41108967391304,4.78089576547231,4.040478781284,4.1212389380531,4.21941944847605,4.52582536924414,102
"97",2009,12,4.44893617021277,47,4.57777777777778,4.275,4.875,4.66666666666667,4.37428571428571,27,20,8,12,35,1887,948,939,234,701,1186,4.41203232644409,4.77511075949367,4.04547390841321,4.14700854700855,4.22707560627675,4.52135328836425,103
"98",2010,1,4.5875,40,4.88095238095238,4.26315789473684,4.28571428571429,4,4.75806451612903,21,19,7,9,31,1927,969,958,241,710,1217,4.41567462376752,4.77740454076368,4.04979123173278,4.15103734439834,4.22419718309859,4.52738290879211,104
"99",2010,2,4.50909090909091,33,4.95625,4.08823529411765,4.25,4.1875,4.612,16,17,10,8,25,1960,985,975,251,718,1242,4.41724744897959,4.78030964467005,4.05046153846154,4.15498007968128,4.22378830083565,4.52908615136876,105
"100",2010,3,3.84782608695652,23,4,3.70833333333333,3.92857142857143,3.375,3.94736842105263,11,12,7,4,19,1983,996,987,258,722,1261,4.41064296520424,4.77169176706827,4.04630192502533,4.14883720930233,4.21908587257618,4.52032117367169,106
"101",2010,4,4.60714285714286,28,4.83333333333333,4.4375,4,4.8,4.5,12,16,5,10,18,2011,1008,1003,263,732,1279,4.41337891596221,4.7724255952381,4.05254237288136,4.14600760456274,4.2270218579235,4.5200351837373,107
"102",2010,5,4.78181818181818,33,4.98666666666667,4.61111111111111,5.1,4.3,4.99130434782609,15,18,10,10,23,2044,1023,1021,273,742,1302,4.41932729941292,4.7755669599218,4.06238981390793,4.18095238095238,4.22800539083558,4.52836021505377,108
"103",2010,6,4.38636363636364,22,4.92307692307692,3.61111111111111,5.75,3,4.69444444444444,13,9,2,4,18,2066,1036,1030,275,746,1320,4.41897628267183,4.77741795366796,4.05844660194175,4.19236363636364,4.22142091152815,4.530625,109
"104",2010,7,5.24055555555556,18,5.5,4.91625,5.04333333333333,6.76,4.65615384615385,10,8,3,5,13,2084,1046,1038,278,751,1333,4.42607245681382,4.78432600382409,4.06505780346821,4.20154676258993,4.23832223701731,4.53184921230308,110
"105",2010,8,4.81666666666667,24,5.08461538461538,4.5,3.33333333333333,4.65,4.85,13,11,3,4,20,2108,1059,1049,281,755,1353,4.43051944971537,4.78801227573182,4.06961868446139,4.19227758007118,4.24050331125828,4.53655210643016,111
"106",2010,9,4.73125,32,4.99375,4.46875,5.3,4.5,4.796,16,16,5,7,25,2140,1075,1065,286,762,1378,4.43501635514019,4.79107441860465,4.07561502347418,4.21164335664336,4.24288713910761,4.54125907111756,112
"107",2010,10,4.72222222222222,27,5.26470588235294,3.8,3.66666666666667,4.44444444444444,4.86111111111111,17,10,3,9,18,2167,1092,1075,289,771,1396,4.43859483156438,4.7984478021978,4.0730511627907,4.20598615916955,4.24523994811932,4.54538323782235,113
"108",2010,11,4.40277777777778,36,5.05,3.59375,3.6,4.55555555555556,4.35185185185185,20,16,5,9,27,2203,1112,1091,294,780,1423,4.43800953245574,4.80297212230216,4.06602199816682,4.19568027210885,4.24882051282051,4.54171117357695,114
"109",2010,12,4.46470588235294,34,4.48235294117647,4.44705882352941,4.02,4.875,4.41,17,17,5,4,30,2237,1129,1108,299,784,1453,4.43841528833259,4.79814437555359,4.07186823104693,4.19274247491639,4.25201530612245,4.53899174122505,115
"110",2011,1,4.36190476190476,42,4.73181818181818,3.955,4.9375,4.05,4.459375,22,20,8,10,32,2279,1151,1128,307,794,1485,4.43700526546731,4.79687662901825,4.06979609929078,4.21214983713355,4.24947103274559,4.53727609427609,116
"111",2011,2,4.42105263157895,38,4.93333333333333,4.08695652173913,5.5,4.72222222222222,4.32758620689655,15,23,4,9,29,2317,1166,1151,311,803,1514,4.4367436340095,4.7986320754717,4.07013900955691,4.22871382636656,4.25476961394769,4.53325957727873,117
"112",2011,3,4.63732432432432,37,4.72324,4.45833333333333,4.16033333333333,5.55555555555556,4.34217857142857,25,12,3,9,28,2354,1191,1163,314,812,1542,4.43989634664401,4.79704953820319,4.07414445399828,4.22806050955414,4.26918719211822,4.52978988326848,118
"113",2011,4,3.91304347826087,23,5.09090909090909,2.83333333333333,4,3.33333333333333,4.11764705882353,11,12,2,6,17,2377,1202,1175,316,818,1559,4.43479848548591,4.7997387687188,4.06147234042553,4.2266170886076,4.26232273838631,4.52529570237332,119
"114",2011,5,4.64814814814815,27,5.5,3.73076923076923,4.08333333333333,4.66666666666667,4.63333333333333,14,13,6,12,15,2404,1216,1188,322,830,1574,4.43719467554077,4.80780098684211,4.05785353535353,4.22394720496894,4.26816867469879,4.52632528589581,120
"115",2011,6,4.47619047619048,21,4.92307692307692,3.75,5,4.75,4.41176470588235,13,8,2,4,17,2425,1229,1196,324,834,1591,4.43753237113402,4.80902034174126,4.05579431438127,4.22873765432099,4.27047961630695,4.52510119421747,121
"116",2011,7,4.74785714285714,28,5.14944444444444,4.025,3.75,4.17,4.94047619047619,18,10,2,7,21,2453,1247,1206,326,841,1612,4.44107460252752,4.81393424218124,4.05553897180763,4.22580061349693,4.26964328180737,4.53051240694789,122
"117",2011,8,4.59,30,4.57272727272727,4.6,4.44444444444444,4.36363636363636,4.72105263157895,11,19,9,11,19,2483,1258,1225,335,852,1631,4.44287394281112,4.81182511923689,4.06398367346939,4.23167462686567,4.27085680751174,4.53273206621705,123
"118",2011,9,4.62692307692308,26,5.29230769230769,3.96153846153846,4.33333333333333,4.28571428571429,4.75263157894737,13,13,3,7,19,2509,1271,1238,338,859,1650,4.44478118772419,4.81673957513769,4.06290791599354,4.23257692307692,4.27097788125727,4.53526424242424,124
"119",2011,10,4.6,30,4.63333333333333,4.56666666666667,4.25,4.11111111111111,4.80952380952381,15,15,4,9,21,2539,1286,1253,342,868,1671,4.44661520283576,4.81460031104199,4.06893854748603,4.23278070175439,4.26932027649769,4.53871095152603,125
"120",2011,11,5.02027027027027,37,5.91666666666667,3.84375,4.66666666666667,4.79545454545455,5.11538461538461,21,16,6,11,26,2576,1307,1269,348,879,1697,4.4548548136646,4.83230757459832,4.06609929078014,4.24026149425287,4.27590443686007,4.54754625810253,126
"121",2011,12,4.6906976744186,43,4.81964285714286,4.45,3.9375,4.275,4.81666666666667,28,15,4,10,33,2619,1335,1284,352,889,1730,4.45872699503627,4.83204194756555,4.07058411214953,4.23682102272727,4.2758942632171,4.55267976878613,127
"122",2012,1,4.63636363636364,55,5.14,4.032,4.41818181818182,4.8125,4.6063829787234,30,25,11,8,47,2674,1365,1309,363,897,1777,4.46238070306657,4.83881025641026,4.06984721161192,4.24231680440771,4.28068004459309,4.55410016882386,128
"123",2012,2,4.91575757575758,33,5.3425,3.77777777777778,4.83333333333333,4.28333333333333,5.0562962962963,24,9,3,6,27,2707,1389,1318,366,903,1804,4.46790764684152,4.84751331893449,4.06785280728376,4.24716120218579,4.2806976744186,4.56161640798226,129
"124",2012,3,4.26,25,5.125,3.46153846153846,3.125,4,4.38235294117647,12,13,4,8,17,2732,1401,1331,370,911,1821,4.46600512445095,4.84989007851535,4.06193087903832,4.23502972972973,4.27823271130626,4.55994288852279,130
"125",2012,4,4.484,25,4.72777777777778,3.85714285714286,3.5,3.8,4.75,18,7,3,7,18,2757,1419,1338,373,918,1839,4.46616829887559,4.84834108527132,4.06085949177877,4.22911796246649,4.27458605664488,4.56180315388798,131
"126",2012,5,4.84761904761905,42,5.33888888888889,4.47916666666667,4.33333333333333,5.33333333333333,4.76666666666667,18,24,6,6,36,2799,1437,1362,379,924,1875,4.47189210432297,4.85448573416841,4.06823054331865,4.23076781002639,4.28146103896104,4.56573653333333,132
"127",2012,6,4.95714285714286,28,5.21428571428571,4.7,5.5,5.9375,4.565,14,14,5,8,20,2827,1451,1376,384,932,1895,4.47669826671383,4.8579572708477,4.07465843023256,4.24729427083333,4.29567596566524,4.56572875989446,133
"128",2012,7,4.9062962962963,27,5.26315789473684,4.05875,3,5,4.885,19,8,1,5,22,2854,1470,1384,385,937,1917,4.48076243868255,4.86319455782313,4.07456647398844,4.24405454545455,4.29943436499466,4.56939280125196,134
"129",2012,8,4.6875,24,5.34615384615385,3.90909090909091,4.75,4.4,4.76315789473684,13,11,4,5,19,2878,1483,1395,389,942,1936,4.48248644892286,4.86742818610924,4.07326164874552,4.24925706940874,4.29996815286624,4.5712944214876,135
"130",2012,9,4.64444444444444,27,5.74285714285714,3.46153846153846,3.5,4.25,4.96,14,13,6,12,15,2905,1497,1408,395,954,1951,4.4839917383821,4.87561523046093,4.06761363636364,4.23787594936709,4.29933962264151,4.57428293182983,136
"131",2012,10,3.93676470588235,34,4.296875,3.61666666666667,4.01428571428571,3.83461538461538,4,16,18,7,13,21,2939,1513,1426,402,967,1972,4.47766110922082,4.86949504296101,4.06192145862553,4.23398258706468,4.29309203722854,4.56816734279919,137
"132",2012,11,4.79487179487179,39,5.04761904761905,4.5,5,4.83333333333333,4.77083333333333,21,18,4,15,24,2978,1534,1444,406,982,1996,4.48181531229013,4.8719335071708,4.06738227146814,4.24152955665025,4.30134419551935,4.57060420841683,138
"133",2012,12,4.902,50,5.41111111111111,4.30434782608696,3.92857142857143,4.84166666666667,4.92105263157895,27,23,7,12,38,3028,1561,1467,413,994,2034,4.4887536327609,4.88125944907111,4.07109747784594,4.23622518159806,4.30786720321931,4.57715142576204,139
"134",2013,1,4.51136363636364,44,5,3.925,3.83333333333333,4.23333333333333,4.6551724137931,24,20,6,15,29,3072,1585,1487,419,1009,2063,4.48907747395833,4.88305741324921,4.06913248150639,4.23045584725537,4.30675916749257,4.57824818225885,140
"135",2013,2,4.71612903225806,31,5.31666666666667,3.88461538461538,5.5,4.125,4.8037037037037,18,13,4,4,27,3103,1603,1500,423,1013,2090,4.49134579439253,4.88792638802246,4.06753333333333,4.2424609929078,4.30604146100691,4.58116076555024,141
"136",2013,3,4.42619047619048,42,4.595,4.27272727272727,3.71428571428571,4.1,4.528125,20,22,7,10,32,3145,1623,1522,430,1023,2122,4.49047567567568,4.88431669747382,4.07049934296978,4.23386279069768,4.30402737047898,4.58036098020735,142
"137",2013,4,4.24583333333333,24,4.5,3.94545454545455,4,4,4.31052631578947,13,11,3,5,19,3169,1636,1533,433,1028,2141,4.48862290943515,4.88126283618582,4.06960208741031,4.23224249422633,4.30254863813229,4.57796637085474,143
"138",2013,5,5.03772727272727,22,5.89363636363636,4.18181818181818,4.9,5.666,4.85294117647059,11,11,5,5,17,3191,1647,1544,438,1033,2158,4.49240864932623,4.88802428658167,4.07040155440415,4.23986529680365,4.30914811229429,4.58013253012048,144
"139",2013,6,4.34074074074074,27,4.55882352941176,3.97,3.84,3.44444444444444,4.78888888888889,17,10,5,9,18,3218,1664,1554,443,1042,2176,4.49113610938471,4.88466105769231,4.06975546975547,4.23535214446953,4.30167946257198,4.581859375,145
"140",2013,7,4.58620689655172,29,4.675,4.38888888888889,4.75,5.07142857142857,4.43181818181818,20,9,4,7,22,3247,1684,1563,447,1049,2198,4.4919852171235,4.88217102137768,4.07159309021113,4.23995749440716,4.30681601525262,4.5803575978162,146
"141",2013,8,4.775,32,5.33333333333333,4.05714285714286,4.22857142857143,3.4,5.02962962962963,18,14,7,5,27,3279,1702,1577,454,1054,2225,4.49474717901799,4.88694242068155,4.0714648065948,4.23978193832599,4.30251423149905,4.58580943820225,147
"142",2013,9,4.796875,32,5.11904761904762,4.18181818181818,4.42857142857143,4.88888888888889,4.76086956521739,21,11,7,9,23,3311,1723,1588,461,1063,2248,4.49766717003926,4.88977132907719,4.07222921914358,4.24264859002169,4.30747883349012,4.58760053380783,148
"143",2013,10,4.35714285714286,21,4.78571428571429,3.5,3.5,5.25,4.26315789473684,14,7,2,2,19,3332,1737,1595,463,1065,2267,4.49678151260504,4.88893264248705,4.06971786833856,4.23944060475162,4.30924882629108,4.58488134097927,149
"144",2013,11,4.50657894736842,38,5.15625,4.03409090909091,4.5,4.25,4.5546875,16,22,6,6,32,3370,1753,1617,469,1071,2299,4.49689198813056,4.89137250427838,4.06923314780458,4.24277398720682,4.30891690009337,4.58446107003045,150
"145",2013,12,4.69423076923077,52,4.9,4.30555555555556,3.94444444444444,4.53846153846154,4.74615384615385,34,18,9,13,39,3422,1787,1635,478,1084,2338,4.49989070718878,4.8915366536094,4.07183486238532,4.23715690376569,4.31166974169742,4.58715825491873,151
"146",2014,1,4.70689655172414,58,4.7741935483871,4.62962962962963,4.78571428571429,4.45454545454545,4.76595744680851,31,27,7,11,47,3480,1818,1662,485,1095,2385,4.5033408045977,4.88953575357536,4.08089651022864,4.24507422680413,4.31310502283105,4.59068176100629,152
"147",2014,2,4.87209302325581,43,5.36,4.19444444444444,3.66666666666667,4.5,4.91025641025641,25,18,6,4,39,3523,1843,1680,491,1099,2424,4.50784161226228,4.8959175257732,4.0821130952381,4.23800610997963,4.31378525932666,4.59582343234324,153
"148",2014,3,4.92857142857143,35,5.12105263157895,4.7,4.17142857142857,4.6875,5,19,16,7,8,27,3558,1862,1696,498,1107,2451,4.51198032602586,4.89821482277122,4.08794221698113,4.2370702811245,4.31648599819331,4.60027580579355,154
"149",2014,4,4.91333333333333,30,5.12,4.5,4.6,3.73333333333333,5.20833333333333,20,10,5,6,24,3588,1882,1706,503,1113,2475,4.51533612040134,4.90057173219979,4.09035756154748,4.24067793240557,4.3133423180593,4.60617212121212,155
"150",2014,5,4.36785714285714,28,4.80526315789474,3.44444444444444,3.5,4.7,4.29565217391304,19,9,6,5,23,3616,1901,1715,509,1118,2498,4.51419413716814,4.89961914781694,4.08696793002915,4.23194695481336,4.31507155635062,4.60331305044035,156
"151",2014,6,4.84615384615385,26,5.25,4.375,4.5,4.75,4.875,14,12,4,6,20,3642,1915,1727,513,1124,2518,4.51656397583745,4.90218067885118,4.08896931094383,4.23403703703704,4.31739323843416,4.60547100873709,157
"152",2014,7,4.69432432432432,37,5.12166666666667,4.28947368421053,3.7,4.16666666666667,4.74088235294118,18,19,5,3,34,3679,1933,1746,518,1127,2552,4.5183517260125,4.90422452146922,4.09115120274914,4.22888223938224,4.31699201419698,4.60727507836991,158
"153",2014,8,4.33870967741935,31,4.60294117647059,4.01785714285714,4.55,4.2,4.36538461538461,17,14,5,5,26,3710,1950,1760,523,1132,2578,4.51685067385445,4.90159794871795,4.09056818181818,4.23195219885277,4.31647526501767,4.60483553141971,159
"154",2014,9,4.09642857142857,28,4.47692307692308,3.76666666666667,3.35714285714286,3.85714285714286,4.17619047619048,13,15,7,7,21,3738,1963,1775,530,1139,2599,4.51370144462279,4.89878553234845,4.08783098591549,4.22039811320755,4.31365232660228,4.6013720661793,160
"155",2014,10,4.79,40,5.24285714285714,4.28947368421053,4.25,4.67777777777778,4.82258064516129,21,19,4,9,31,3778,1984,1794,534,1148,2630,4.51662678665961,4.90242741935484,4.08996655518395,4.22061985018727,4.31650696864111,4.60397946768061,161
"156",2014,11,4.79032258064516,31,5.275,3.90909090909091,4,4.5,4.83333333333333,20,11,4,4,27,3809,2004,1805,538,1152,2657,4.51885429246521,4.90614570858284,4.08886426592798,4.21897955390335,4.31714409722222,4.60631012420023,162
"157",2014,12,4.7625,40,5.29545454545455,4.11111111111111,4.16666666666667,4.4375,4.84375,22,18,6,8,32,3849,2026,1823,544,1160,2689,4.52138633411276,4.91037314906219,4.08908392759188,4.21840257352941,4.31797413793103,4.60913573819264,163
"158",2015,1,4.48870967741935,62,4.86111111111111,3.97307692307692,3.98461538461538,4.20909090909091,4.54901960784314,36,26,13,11,51,3911,2062,1849,557,1171,2740,4.52086832012273,4.90951309408342,4.08745267712277,4.21294614003591,4.31695132365499,4.60801678832117,164
"159",2015,2,4.39230769230769,52,4.65806451612903,4,3.5,3.90833333333333,4.5375,31,21,7,12,40,3963,2093,1870,564,1183,2780,4.51918142821095,4.90578881987578,4.0864705882353,4.2040975177305,4.31280642434488,4.60700215827338,165
"160",2015,3,4.184,50,4.95833333333333,3.46923076923077,3.7,4.14285714285714,4.1906976744186,24,26,11,7,43,4013,2117,1896,575,1190,2823,4.51500523299277,4.90638450637695,4.07800632911393,4.19445391304348,4.31180672268907,4.6006609989373,166
"161",2015,4,4.66818181818182,44,4.91333333333333,4.14285714285714,3.8,4.80769230769231,4.60967741935484,30,14,5,13,31,4057,2147,1910,580,1203,2854,4.51666650234163,4.90648160223568,4.07848167539267,4.19105344827586,4.31716541978387,4.60075893482831,167
"162",2015,5,4.51162790697674,43,4.73076923076923,4.17647058823529,4,4.16666666666667,4.60294117647059,26,17,8,9,34,4100,2173,1927,588,1212,2888,4.51661365853659,4.90437919926369,4.07934613388687,4.18845408163265,4.31604785478548,4.60078462603878,168
"163",2015,6,4.41555555555556,45,4.88620689655172,3.5625,3.8125,3.88333333333333,4.4974358974359,29,16,8,6,39,4145,2202,1943,596,1218,2927,4.51551652593486,4.90413987284287,4.07509006690685,4.18340771812081,4.31391625615764,4.59940758455757,169
"164",2015,7,4.66382978723404,47,5.4,4.11851851851852,4.07142857142857,4.55,4.69459459459459,20,27,7,10,37,4192,2222,1970,603,1228,2964,4.51717938931298,4.90860306030603,4.07568527918782,4.18210779436153,4.31583876221498,4.60059581646424,170
"165",2015,8,4.71666666666667,42,5.0037037037037,4.2,4.3,4.8,4.690625,27,15,5,10,32,4234,2249,1985,608,1238,2996,4.51915824279641,4.90974477545576,4.07662468513854,4.18307730263158,4.31974959612278,4.60155740987984,171
"166",2015,9,4.41666666666667,36,4.825,3.90625,4.25,5.125,4.328125,20,16,4,4,32,4270,2269,2001,612,1242,3028,4.51829414519906,4.90899779638607,4.07526236881559,4.18351470588235,4.32234299516908,4.5986677675033,172
"167",2015,10,4.64864864864865,37,4.86842105263158,4.41666666666667,4.625,4.08333333333333,4.75806451612903,19,18,8,6,31,4307,2288,2019,620,1248,3059,4.51941397724634,4.90866083916084,4.07830609212482,4.18921129032258,4.32119391025641,4.60028309905198,173
"168",2015,11,4.80892857142857,56,5,4.465,3.68571428571429,4.55555555555556,4.85744680851064,36,20,7,9,47,4363,2324,2039,627,1257,3106,4.52312995645198,4.91007573149742,4.08209906817067,4.18359011164274,4.32287191726332,4.60417450096587,174
"169",2015,12,4.64893617021277,47,5.40384615384615,3.71428571428571,4.16666666666667,4.75,4.63414634146341,26,21,6,6,41,4410,2350,2060,633,1263,3147,4.52447074829932,4.91553872340426,4.07834951456311,4.18342969984202,4.32490102929533,4.60456498252304,175
"170",2016,1,4.77966101694915,59,4.94871794871795,4.45,4,4,4.83636363636364,39,20,7,4,55,4469,2389,2080,640,1267,3202,4.52783978518684,4.91608036835496,4.08192307692308,4.1814234375,4.32387529597474,4.60854653341662,176
"171",2016,2,4.6046511627907,43,4.9,4.19444444444444,3.4,5,4.51428571428571,25,18,5,8,35,4512,2414,2098,645,1275,3237,4.52857180851064,4.91591383595692,4.08288846520496,4.17536589147287,4.32811764705882,4.60752734012975,177
"172",2016,3,4.58461538461538,39,5.25238095238095,3.80555555555556,3,4.1875,4.68709677419355,21,18,5,8,31,4551,2435,2116,650,1283,3268,4.52905207646671,4.91881560574949,4.08052930056711,4.16632461538462,4.32724084177708,4.60828212974296,178
"173",2016,4,4.56967213114754,61,5.01829268292683,3.65,4.25,3.68181818181818,4.765,41,20,6,11,50,4612,2476,2136,656,1294,3318,4.52958933217693,4.92046284329564,4.07649812734082,4.16708993902439,4.3217542503864,4.61064376130199,179
"174",2016,5,4.69555555555556,45,5.25,4.06190476190476,4.31111111111111,4.2,4.7575,24,21,9,5,40,4657,2500,2157,665,1299,3358,4.53119304273137,4.9236264,4.07635605006954,4.16903909774436,4.32128560431101,4.61239309112567,180
"175",2016,6,4.66491228070175,57,5.17777777777778,3.78571428571429,3.5,4.75,4.65102040816326,36,21,4,8,49,4714,2536,2178,669,1307,3407,4.53280992787442,4.92723422712934,4.07355371900826,4.16503886397609,4.32390971690895,4.6129486351629,181
"176",2016,7,4.96037735849057,53,5.64333333333333,4.0695652173913,3.83333333333333,5.72222222222222,4.80454545454545,30,23,6,9,44,4767,2566,2201,675,1316,3451,4.53756366687644,4.93560639127046,4.07351203998183,4.16209037037037,4.3334726443769,4.61539148073022,182
"177",2016,8,4.92045454545455,44,5.28,4.44736842105263,4.55555555555556,5.1875,4.86111111111111,25,19,9,8,36,4811,2591,2220,684,1324,3487,4.54106547495323,4.93892937089927,4.07671171171171,4.16726754385965,4.33863293051359,4.61792830513335,183
"178",2016,9,4.65555555555556,45,5.10344827586207,3.84375,4,4.44444444444444,4.70833333333333,29,16,7,9,36,4856,2620,2236,691,1333,3523,4.54212644151565,4.94075038167939,4.07504472271914,4.16557308248915,4.33934733683421,4.61885211467499,184
"179",2016,10,4.6,50,5.37931034482759,3.52380952380952,4.2,4.92,4.52,29,21,5,10,40,4906,2649,2257,696,1343,3563,4.54271626579698,4.94555152887882,4.0699158174568,4.16582040229885,4.34367088607595,4.6177423519506,185
"180",2016,11,4.82558139534884,43,5.13793103448276,4.17857142857143,4.2,4.42857142857143,4.90277777777778,29,14,5,7,36,4949,2678,2271,701,1350,3599,4.54517397454031,4.94763480209111,4.07058564509027,4.16606419400856,4.34411111111111,4.62059349819394,186
"181",2016,12,4.73548387096774,62,5.0625,4.14090909090909,3,5.1,4.66538461538462,40,22,4,10,52,5011,2718,2293,705,1360,3651,4.5475286369986,4.94932523914643,4.07126035761012,4.15944822695036,4.34966911764706,4.62123144344015,187
"182",2017,1,4.59450549450549,91,4.934,4.18048780487805,4.195,4.23684210526316,4.68888888888889,50,41,20,19,72,5102,2768,2334,725,1379,3723,4.54836652293218,4.94904841040463,4.07317909168809,4.16042896551725,4.34811457577955,4.62253988718775,188
"183",2017,2,4.34259259259259,54,4.56451612903226,4.04347826086957,4.45454545454545,3.25,4.53260869565217,31,23,11,8,46,5156,2799,2357,736,1387,3769,4.54621140418929,4.94478956770275,4.07288926601612,4.16482472826087,4.34178082191781,4.62144229238525,189
"184",2017,3,4.75609756097561,41,5.08620689655172,3.95833333333333,4,5,4.72222222222222,29,12,5,5,36,5197,2828,2369,741,1392,3805,4.54786723109486,4.94623974540311,4.0723089911355,4.16371255060729,4.34414511494253,4.62239579500657,190
"185",2017,4,4.7375,56,5.16666666666667,3.965,3.64285714285714,4.05555555555556,4.86808510638298,36,20,7,9,47,5253,2864,2389,748,1401,3852,4.54988882543309,4.94901047486034,4.07141063206362,4.15883823529412,4.34229122055674,4.62539356178608,191
"186",2017,5,4.909375,64,5.095,4.6,4.69,4.60833333333333,4.97884615384615,40,24,10,12,52,5317,2904,2413,758,1413,3904,4.55421591122814,4.95102134986226,4.07666804807294,4.165845646438,4.34455060155697,4.63010143442623,192
"187",2017,6,5.06805555555556,36,5.61111111111111,4.525,4.09375,5.6875,4.990625,18,18,8,4,32,5353,2922,2431,766,1417,3936,4.55767158602653,4.95508761122519,4.07998765939942,4.16509268929504,4.34834156669019,4.6330325203252,193
"188",2017,7,4.71857142857143,63,5.32941176470588,4.00241379310345,4.125,4.95,4.63978723404255,34,29,8,16,47,5416,2956,2460,774,1433,3983,4.55954320531758,4.95939309878214,4.07907317073171,4.16467829457365,4.35505931612003,4.6331122269646,194
"189",2017,8,4.58432835820896,67,4.82790697674419,4.14791666666667,4.86,5.33333333333333,4.46810344827586,43,24,5,9,58,5483,2999,2484,779,1442,4041,4.55984606966989,4.95750783594532,4.0797383252818,4.16914120667523,4.36116504854369,4.6307438752784,195
"190",2017,9,4.89024390243902,41,5.26,4.3125,4.75,4.58333333333333,4.94285714285714,25,16,4,6,35,5524,3024,2500,783,1448,4076,4.56229833454019,4.9600085978836,4.081228,4.1721085568327,4.36208563535912,4.63342394504416,196
"191",2017,10,4.83333333333333,63,5.12857142857143,4.46428571428571,4.08333333333333,5.375,4.79661016949153,35,28,12,4,59,5587,3059,2528,795,1452,4135,4.56535457311616,4.96193723439032,4.0854707278481,4.17076855345912,4.36487603305785,4.63575235792019,197
"192",2017,11,4.64318181818182,66,4.97023809523809,4.07083333333333,3.9,4.57142857142857,4.65169491525424,42,24,10,7,59,5653,3101,2552,805,1459,4194,4.5662632230674,4.96204966139955,4.08533307210031,4.1674049689441,4.36586703221384,4.63597663328565,198
"193",2017,12,4.71851351351351,74,5.36634146341463,3.91363636363636,3.46111111111111,3.95454545454545,4.85190476190476,41,33,9,11,63,5727,3142,2585,814,1470,4257,4.56823048716606,4.96732527052833,4.0831411992263,4.15959582309583,4.36278911564626,4.63917218698614,199
"194",2018,1,4.83351648351648,91,4.99583333333333,4.51935483870968,5.21,5.65,4.73271604938272,60,31,10,10,81,5818,3202,2616,824,1480,4338,4.57237985562049,4.96785946283573,4.08831039755352,4.17234344660195,4.37148648648649,4.64091885661595,200
"195",2018,2,4.87916666666667,48,5.38484848484848,3.76666666666667,3.8,4.61666666666667,4.91666666666667,33,15,5,6,42,5866,3235,2631,829,1486,4380,4.57489021479714,4.97211313755796,4.08647662485747,4.17009770808203,4.37247644683715,4.64356301369863,201
"196",2018,3,4.86,50,5.13636363636364,4.32352941176471,4.35714285714286,5,4.825,33,17,7,10,40,5916,3268,2648,836,1496,4420,4.5772998647735,4.97377172582619,4.08799848942598,4.17166387559809,4.37667112299465,4.64520497737557,202
"197",2018,4,4.83959070175439,57,5.24091965517241,4.42392857142857,4.6975,4.29625,4.9282993877551,29,28,12,8,49,5973,3297,2676,848,1504,4469,4.57980289134438,4.97612152562936,4.0915134529148,4.17910495283019,4.37624335106383,4.64830894383531,203
"198",2018,5,4.37829787234043,47,4.7825,3.95652173913043,4.5,4.5,4.36697674418605,24,23,6,4,43,6020,3321,2699,854,1508,4512,4.57822967940199,4.97472227341162,4.0903630974435,4.18135948477752,4.37657161803713,4.64562780806737,204
"199",2018,6,4.8193,50,5.18216666666667,4.275,4.8,4.15727272727273,5.00602564102564,30,20,5,11,39,6070,3351,2719,859,1519,4551,4.58021543163097,4.97657943002089,4.09172122103714,4.18496041909197,4.37498354180382,4.64871625357064,205
"200",2018,7,4.87735849056604,53,5.27777777777778,4.46153846153846,4.77777777777778,4.375,4.96666666666667,27,26,9,8,45,6123,3378,2745,868,1527,4596,4.58278746856116,4.97898687685021,4.09522404371585,4.19110714285715,4.37498362802881,4.65182934508268,206
"201",2018,8,4.2974358974359,39,4.71818181818182,3.75294117647059,4.75,5.2,4.16470588235294,22,17,4,5,34,6162,3400,2762,872,1532,4630,4.5809814459591,4.97729931470588,4.09311730629978,4.19367087155964,4.37767624020888,4.64825219654428,207
"202",2018,9,4.80263157894737,38,4.9,4.61538461538461,4.4,4.64285714285714,4.83870967741935,25,13,5,7,31,6200,3425,2775,877,1539,4661,4.58233994677419,4.97673508613139,4.09556396396396,4.19484720638541,4.37888239116309,4.64951891654151,208
"203",2018,10,4.85438596491228,57,5.14102564102564,4.23333333333333,4,4.55,4.91914893617021,39,18,3,10,47,6257,3464,2793,880,1549,4708,4.58481823078152,4.97858477771363,4.09645184389545,4.19418295454546,4.37998708844416,4.65221063508921,209
"204",2018,11,4.76739130434783,46,4.7304347826087,4.80434782608696,4.5,4.83333333333333,4.75135135135135,23,23,7,9,37,6303,3487,2816,887,1558,4745,4.58615066952245,4.97694799827932,4.10223366477272,4.19659639233371,4.38260590500642,4.6529837028451,210
"205",2018,12,4.75203389830508,59,5.42030303030303,3.90384615384615,3.66666666666667,4.5,4.78056603773585,33,26,6,6,53,6362,3520,2842,893,1564,4798,4.58768903961019,4.98110445170455,4.10041871921182,4.19303583426652,4.38305626598465,4.65439301167153,211
"206",2019,1,4.87026315789474,76,5.2478,4.14423076923077,4.38888888888889,4.91666666666667,4.8615625,50,26,9,12,64,6438,3570,2868,902,1576,4862,4.59102480118049,4.98483968347339,4.10081589958159,4.19499002217295,4.3871192893401,4.65712004730563,212
"207",2019,2,4.7,59,4.91851851851852,4.515625,3.85454545454545,4.39090909090909,4.77083333333333,27,32,11,11,48,6497,3597,2900,913,1587,4910,4.59201441742343,4.98434185988324,4.10539310344827,4.19088828039431,4.38714555765595,4.65823170468432,213
"208",2019,3,5.13392857142857,56,5.60606060606061,4.45652173913043,4.6875,5.175,5.12708333333333,33,23,8,8,48,6553,3630,2923,921,1595,4958,4.59664545551656,4.98999384848485,4.10815600410537,4.1952019543974,4.39109717868338,4.66277080879387,214
"209",2019,4,4.77121212121212,33,5.28333333333333,4.34444444444444,4.02,4.625,4.78064516129032,15,18,10,2,31,6586,3645,2941,931,1597,4989,4.59752014424537,4.99120100685871,4.10960217613056,4.19332008592911,4.39139010644959,4.66350324113048,215
"210",2019,5,4.86691355555556,45,5.29212958333333,4.38095238095238,5.16666666666667,4.75,4.89219216216216,24,21,6,8,37,6631,3669,2962,937,1605,5026,4.59934833056854,4.99316946852003,4.11152599594868,4.19955282817503,4.39317757009345,4.66518678471946,216
"211",2019,6,5.072,50,5.17857142857143,4.93636363636364,4.4,5.04545454545455,5.07948717948718,28,22,5,11,39,6681,3697,2984,942,1616,5065,4.6028856129322,4.99457364890452,4.1176072386059,4.20061677282378,4.39761757425742,4.66837685686081,217
"212",2019,7,5.15188679245283,53,5.36842105263158,4.60333333333333,4.03125,4.5,5.32261904761905,38,15,8,11,42,6734,3735,2999,950,1627,5107,4.60720653103653,4.99837718340027,4.12003667889296,4.19919052631579,4.39830977258758,4.67375734873702,218
"213",2019,8,4.93441176470588,68,4.9435,4.92142857142857,4.81818181818182,5.16666666666667,4.89898305084746,40,28,11,9,59,6802,3775,3027,961,1636,5166,4.61047762128786,4.99779570331126,4.12744962008589,4.20627575442248,4.40253667481662,4.67632961285327,219
"214",2019,9,4.953125,64,5.29512195121951,4.34347826086957,4.84285714285714,5.11538461538461,4.91176470588235,41,23,7,13,51,6866,3816,3050,968,1649,5217,4.6136715380134,5.00099024633124,4.12907868852459,4.21087913223141,4.40815645845967,4.67863116350393,220
"215",2019,10,4.83680555555556,72,5.42307692307692,4.14393939393939,3.875,5.34166666666667,4.79090909090909,39,33,6,6,66,6938,3855,3083,974,1655,5283,4.61598714038628,5.00526038391699,4.12923775543302,4.20881006160165,4.41154078549849,4.68003384062086,221
"216",2019,11,4.75925925925926,54,4.75217391304348,4.76451612903226,5.25,4.28333333333333,4.81875,23,31,8,6,48,6992,3878,3114,982,1661,5331,4.61709364702517,5.0037593553378,4.13556197816313,4.21729226069247,4.41107766405779,4.68128283248921,222
"217",2019,12,4.8623534375,64,5.14185842105263,4.45384615384615,4,5.25,4.83651033333333,38,26,7,4,60,7056,3916,3140,989,1665,5391,4.61931822562358,5.00509943820225,4.1381974522293,4.21575429726997,4.41309309309309,4.68301046188091,223
"218",2020,1,4.76509433962264,106,5.11774193548387,4.26818181818182,4.5,4.6,4.79230769230769,62,44,15,15,91,7162,3978,3184,1004,1680,5482,4.62147576096063,5.00685505279035,4.13999371859296,4.22000099601594,4.4147619047619,4.68482477198103,224
"219",2020,2,4.86491525423729,59,5.47333333333333,4.23551724137931,3.93444444444444,5,4.86017543859649,30,29,9,2,57,7221,4008,3213,1013,1682,5539,4.62346481096801,5.01034665668663,4.14085589791472,4.21746396841066,4.4154577883472,4.68662924715652,225
"220",2020,3,4.53250743243243,74,5.08012333333333,3.68275862068965,4.21428571428571,4.875,4.4662185483871,45,29,7,12,62,7295,4053,3242,1020,1694,5601,4.622542145305,5.01112137922526,4.13675817396668,4.21744215686275,4.41871310507674,4.68418942153187,226
"221",2020,4,5.14834479452055,73,5.36806744680851,4.75115384615385,5.502,5.63636363636364,5.06176080645161,47,26,15,11,62,7368,4100,3268,1035,1705,5663,4.62775164495114,5.0152132,4.14164626682986,4.23605893719807,4.42656891495601,4.68832317146389,227
"222",2020,5,4.71587301587302,63,5.14857142857143,4.175,4.18333333333333,5.41,4.58490566037736,35,28,6,10,53,7431,4135,3296,1041,1715,5716,4.62849873772036,5.0163419879081,4.14192961165048,4.23575504322767,4.43230320699708,4.68736426172148,228
"223",2020,6,4.95441176470588,68,5.41176470588235,4.49705882352941,5,5.11111111111111,4.93050847457627,34,34,4,9,59,7499,4169,3330,1045,1724,5775,4.63145407654354,5.01956683137443,4.14555555555555,4.23868038277512,4.43584686774942,4.68984833246753,229
"224",2020,7,4.5016393442623,61,4.96,3.88461538461538,3.5,4.08571428571429,4.55555555555556,35,26,6,7,54,7560,4204,3356,1051,1731,5829,4.63040662962963,5.01907091341579,4.14353396901072,4.23446336822075,4.43443096476025,4.68860424086464,230
"225",2020,8,4.88650793650794,63,5.10131578947368,4.56,4.85,5.04375,4.86363636363636,38,25,10,8,55,7623,4242,3381,1061,1739,5884,4.6325231693559,5.01980766619519,4.14661342797988,4.24026484448634,4.43723404255319,4.69024033310673,231
"226",2020,9,5.15,94,5.39767441860465,4.94117647058824,4.71428571428571,5.79583333333333,4.92857142857143,43,51,14,24,70,7717,4285,3432,1075,1763,5954,4.63882650252689,5.02359956126021,4.15842074592074,4.24643813953489,4.4557288712422,4.69304234464226,232
"227",2020,10,5.06338028169014,71,5.41463414634146,4.58333333333333,4.80769230769231,5.61111111111111,4.98387096774194,41,30,13,9,62,7788,4326,3462,1088,1772,6016,4.64269698510529,5.02730562182154,4.16210283073367,4.25314430147059,4.46159706546275,4.69603958111702,233
"228",2020,11,4.71071428571429,84,4.9936170212766,4.35135135135135,4.26923076923077,4.25555555555556,4.76533333333333,47,37,13,9,75,7872,4373,3499,1101,1781,6091,4.64342277947155,5.02694354447747,4.16410402972277,4.25333424159855,4.46055586749017,4.69689281234608,234
"229",2020,12,4.76866141732283,127,4.99242424242424,4.52655737704918,5.059375,5.00411764705882,4.73227272727273,66,61,16,17,110,7999,4439,3560,1117,1798,6201,4.64541119139893,5.02643030412255,4.17031460674157,4.26488003581021,4.46569521690768,4.69752041928721,235
"230",2021,1,4.60903846153846,104,4.71818181818182,4.4865306122449,4.66933333333333,4.73923076923077,4.59043956043956,55,49,15,13,91,8103,4494,3609,1132,1811,6292,4.64494435641121,5.02265779261237,4.17460792463286,4.27023939929329,4.46765875207068,4.69597172917991,236
"231",2021,2,5.45913461538461,104,5.74051724137931,5.10434782608696,5.06666666666667,5.80769230769231,5.34294871794872,58,46,15,26,78,8207,4552,3655,1147,1837,6370,4.65526186426221,5.03180450790861,4.18630916552667,4.28065475152572,4.48662493195427,4.70389389638932,237
"232",2021,3,4.54291884615385,78,5.075,3.98283342105263,4.49122222222222,4.63157142857143,4.53417845070423,40,38,9,7,71,8285,4592,3693,1156,1844,6441,4.6542041991551,5.03218077526132,4.18421545356078,4.28229411764706,4.48717516268981,4.70202310045024,238
"233",2021,4,5.11896551724138,58,5.36578947368421,4.65,5,5.09090909090909,5.12553191489362,38,20,4,11,47,8343,4630,3713,1160,1855,6488,4.65743518997962,5.03491881641469,4.18672439267438,4.28476896551725,4.49075525606469,4.70509105887793,239
"234",2021,5,4.97758620689655,58,5.69,4.21428571428571,4.05555555555556,6.6,4.82452830188679,30,28,9,5,53,8401,4660,3741,1169,1860,6541,4.65964549339364,5.03913607725322,4.18693067896284,4.28300427715997,4.4964252688172,4.70605882739642,240
"235",2021,6,4.80970149253731,67,5.25757575757576,4.375,3.71428571428571,4.225,4.91228070175439,33,34,7,10,57,8468,4693,3775,1176,1870,6598,4.66083275743977,5.04067209034732,4.18862454834437,4.27961904761905,4.49497379679144,4.70784037435587,241
"236",2021,7,4.81624236363636,55,5.3025925,3.89473684210526,3.5,4.5625,4.85943255319149,36,19,2,8,47,8523,4729,3794,1178,1878,6645,4.66183563533967,5.04266598646648,4.18715278597785,4.27829541595926,4.49526144834931,4.70891258389767,242
"237",2021,8,4.49452054794521,73,4.75116279069767,4.12666666666667,2.97142857142857,4.57142857142857,4.47627118644068,43,30,7,14,59,8596,4772,3824,1185,1892,6704,4.66041474174034,5.0400392812238,4.18667826098326,4.27057552742616,4.49582505285412,4.70686517303103,243
"238",2021,9,4.81416666666667,60,4.90454545454545,4.7037037037037,4.27272727272727,4.92777777777778,4.79411764705882,33,27,11,9,51,8656,4805,3851,1196,1901,6755,4.66148048983364,5.03910873048907,4.19030321215268,4.27059531772576,4.49787006838506,4.70752392598076,244
"239",2021,10,4.8934375,64,5.52666666666667,4.21935483870968,4.55555555555556,4.2,4.95220338983051,33,31,9,5,59,8720,4838,3882,1205,1906,6814,4.66318292660551,5.04243436337329,4.19053520607934,4.27272365145229,4.49708866736621,4.70964251834459,245
"240",2021,11,4.60903225806452,62,5.12205128205128,3.73913043478261,3.61428571428571,4.25,4.66222222222222,39,23,7,8,54,8782,4877,3905,1212,1914,6868,4.66280062855842,5.04307103752307,4.18787648399487,4.26892079207921,4.49605590386625,4.70926967384974,246
"241",2021,12,4.78625846938776,98,5.14595954545455,4.044375,3.292,4.65714285714286,4.80777773809524,66,32,10,14,84,8880,4943,3937,1222,1928,6952,4.66416311373874,5.04444482702812,4.1867101016002,4.2609263502455,4.49722562240664,4.71045993239356,247
"242",2022,1,4.66832061068702,131,5.17071428571429,4.09180327868852,4.07894736842105,4.23214285714286,4.72051282051282,70,61,19,14,117,9011,5013,3998,1241,1942,7069,4.66422355454445,5.04620801516058,4.18526204852426,4.25814020950846,4.49531462409887,4.71062631913991,248
"243",2022,2,4.63466666666667,75,4.89347826086957,4.22413793103448,4.04545454545455,4.6,4.63714285714286,46,29,11,5,70,9086,5059,4027,1252,1947,7139,4.66397957847238,5.04481928839691,4.18554200893965,4.25627156549521,4.495583461736,4.70990579212775,249
"244",2022,3,4.97432432432432,74,5.45777777777778,4.22413793103448,4,4.4625,5.03636363636364,45,29,5,8,66,9160,5104,4056,1257,1955,7205,4.66648673034935,5.04846018416928,4.18581796597633,4.25525218774861,4.49544808184143,4.71289624566274,250
"245",2022,4,5.12205479452055,73,5.47974358974359,4.71176470588235,4.87777777777778,4.9,5.16145161290323,39,34,9,11,62,9233,5143,4090,1266,1966,7267,4.67008864399437,5.05173065914836,4.1901901393643,4.25967772511849,4.49771159715158,4.71672319389019,251
"246",2022,5,4.80921052631579,76,5.07375,4.51527777777778,4.79583333333333,4.36785714285714,4.90887096774194,40,36,12,14,62,9309,5183,4126,1278,1980,7329,4.67122445482866,5.05190059425043,4.19302658022297,4.26471205007825,4.49679343434344,4.71834867649065,252
"247",2022,6,5.08,65,5.78787878787879,4.35,4.32,5.125,5.07368421052632,33,32,10,8,57,9374,5216,4158,1288,1988,7386,4.67405893428633,5.05655689800613,4.19423464886964,4.26514130434783,4.49932142857143,4.7210909084755,253
"248",2022,7,4.96188235294118,68,5.00594285714286,4.91515151515152,5.14166666666667,4.77777777777778,4.98996610169492,35,33,12,9,59,9442,5251,4191,1300,1997,7445,4.67613179940691,5.0562195353266,4.19991115962777,4.27323230769231,4.50057636454682,4.7232216856951,254
"249",2022,8,5.14,95,5.27446808510638,5.00833333333333,5.16666666666667,4.55,5.20941176470588,47,48,9,10,85,9537,5298,4239,1309,2007,7530,4.6807524850582,5.05815567761419,4.20906526775182,4.27937509549275,4.50082262082711,4.7287098871182,255
"250",2022,9,4.912,50,5.69545454545455,4.29642857142857,4.4375,4.42857142857143,4.9906976744186,22,28,8,7,43,9587,5320,4267,1317,2014,7573,4.68195853238761,5.06079112406015,4.20963854464495,4.28033561123766,4.50057149950348,4.73019747127955,256
"251",2022,10,4.94262295081967,61,5.38571428571429,4.34615384615385,5.19444444444444,3.625,5.20098039215686,35,26,9,10,51,9648,5355,4293,1326,2024,7624,4.68360659722222,5.06291480485527,4.2104653319357,4.28653996983409,4.49624555335968,4.73334672743967,257
"252",2022,11,4.7116049382716,81,5.18,4.18157894736842,3.25,4,4.74857142857143,43,38,10,4,77,9729,5398,4331,1336,2028,7701,4.68383970089424,5.06384749536865,4.21021188409143,4.27878143712575,4.495266765286,4.73349895468121,258
"253",2022,12,4.80348837209302,86,5.05106382978723,4.50512820512821,4.74444444444444,5,4.78051948051948,47,39,9,9,77,9815,5445,4370,1345,2037,7778,4.68488807437596,5.0637371496786,4.2128438604119,4.28189739776952,4.49749680903289,4.7339644445873,259
