"","year","month","avg_rating","no_ratings","avg_rating_owned","avg_rating_not_owned","avg_rating_prev_owned","avg_rating_comment","avg_rating_no_comment","no_ratings_owned","no_ratings_not_owned","no_ratings_prev_owned","no_ratings_comment","no_ratings_no_comment","cum_no_ratings","cum_no_ratings_owned","cum_no_ratings_not_owned","cum_no_ratings_prev_owned","cum_no_ratings_comment","cum_no_ratings_no_comment","cum_avg_rating","cum_avg_rating_owned","cum_avg_rating_not_owned","cum_avg_rating_prev_owned","cum_avg_rating_comment","cum_avg_rating_no_comment","month_after_release"
"1",2001,6,7.42857142857143,7,7.5,7,NA,NA,7.42857142857143,6,1,0,0,7,7,6,1,0,0,7,7.42857142857143,7.5,7,NA,NA,7.42857142857143,0
"2",2001,7,7.25,4,7.33333333333333,7,NA,7,7.33333333333333,3,1,0,1,3,11,9,2,0,1,10,7.36363636363636,7.44444444444444,7,NA,7,7.4,1
"3",2001,8,6.2,5,7,5,4,NA,6.2,3,2,1,0,5,16,12,4,1,1,15,7,7.33333333333333,6,4,7,7,2
"4",2001,9,6.6,5,7.25,4,NA,NA,6.6,4,1,0,0,5,21,16,5,1,1,20,6.90476190476191,7.3125,5.6,4,7,6.9,3
"5",2001,10,8,5,8,8,NA,8,8,4,1,0,3,2,26,20,6,1,4,22,7.11538461538461,7.45,6,4,7.75,7,4
"6",2001,11,7.25,4,8,5,NA,NA,7.25,3,1,0,0,4,30,23,7,1,4,26,7.13333333333333,7.52173913043478,5.85714285714286,4,7.75,7.03846153846154,5
"7",2001,12,7.33333333333333,3,7.5,7,NA,8,7,2,1,0,1,2,33,25,8,1,5,28,7.15151515151515,7.52,6,4,7.8,7.03571428571429,6
"8",2002,1,7.5,2,8,7,NA,NA,7.5,1,1,0,0,2,35,26,9,1,5,30,7.17142857142857,7.53846153846154,6.11111111111111,4,7.8,7.06666666666667,7
"9",2002,2,6.5,2,6.5,NA,NA,7,6,2,0,0,1,1,37,28,9,1,6,31,7.13513513513514,7.46428571428571,6.11111111111111,4,7.66666666666667,7.03225806451613,8
"10",2002,3,6.75,4,7,6,NA,7,6.5,3,1,0,2,2,41,31,10,1,8,33,7.09756097560976,7.41935483870968,6.1,4,7.5,7,9
"11",2002,4,7,4,8,6,6,7,7,2,2,1,3,1,45,33,12,2,11,34,7.08888888888889,7.45454545454545,6.08333333333333,5,7.36363636363636,7,10
"12",2002,5,7,3,10,5.5,NA,7,7,1,2,0,2,1,48,34,14,2,13,35,7.08333333333333,7.52941176470588,6,5,7.30769230769231,7,11
"13",2002,6,7.5,2,7.5,NA,NA,NA,7.5,2,0,0,0,2,50,36,14,2,13,37,7.1,7.52777777777778,6,5,7.30769230769231,7.02702702702703,12
"14",2002,7,7.33333333333333,3,7.33333333333333,NA,NA,6,8,3,0,0,1,2,53,39,14,2,14,39,7.11320754716981,7.51282051282051,6,5,7.21428571428571,7.07692307692308,13
"15",2002,8,6.5,6,8,6.2,NA,6.5,NA,1,5,0,6,0,59,40,19,2,20,39,7.05084745762712,7.525,6.05263157894737,5,7,7.07692307692308,14
"16",2002,9,6.75,2,7.5,6,NA,NA,6.75,1,1,0,0,2,61,41,20,2,20,41,7.04098360655738,7.52439024390244,6.05,5,7,7.0609756097561,15
"17",2002,10,7.28571428571429,7,9.33333333333333,5.75,7,6.75,8,3,4,2,4,3,68,44,24,4,24,44,7.06617647058824,7.64772727272727,6,6,6.95833333333333,7.125,16
"18",2002,11,8.5,5,9.5,7,7,8.5,8.5,3,2,2,3,2,73,47,26,6,27,46,7.16438356164384,7.76595744680851,6.07692307692308,6.33333333333333,7.12962962962963,7.18478260869565,17
"19",2002,12,7.8,5,7.8,NA,NA,9,7,5,0,0,2,3,78,52,26,6,29,49,7.20512820512821,7.76923076923077,6.07692307692308,6.33333333333333,7.25862068965517,7.1734693877551,18
"20",2003,1,7.66666666666667,9,8.5,6,NA,9,7.5,6,3,0,1,8,87,58,29,6,30,57,7.25287356321839,7.8448275862069,6.06896551724138,6.33333333333333,7.31666666666667,7.21929824561404,19
"21",2003,2,7.28571428571429,7,6.75,8,NA,8,7,4,3,0,2,5,94,62,32,6,32,62,7.25531914893617,7.7741935483871,6.25,6.33333333333333,7.359375,7.20161290322581,20
"22",2003,3,7.75,8,7.71428571428571,8,NA,7.25,8.25,7,1,0,4,4,102,69,33,6,36,66,7.29411764705882,7.76811594202899,6.3030303030303,6.33333333333333,7.34722222222222,7.26515151515152,21
"23",2003,4,7.5,4,7.5,NA,NA,NA,7.5,4,0,0,0,4,106,73,33,6,36,70,7.30188679245283,7.75342465753425,6.3030303030303,6.33333333333333,7.34722222222222,7.27857142857143,22
"24",2003,5,6.75,14,7.38888888888889,5.6,9,6.4,6.94444444444444,9,5,1,5,9,120,82,38,7,41,79,7.2375,7.71341463414634,6.21052631578947,6.71428571428571,7.23170731707317,7.24050632911392,23
"25",2003,6,7.0625,8,8.1,5.33333333333333,NA,7.16666666666667,7,5,3,0,3,5,128,87,41,7,44,84,7.2265625,7.73563218390805,6.14634146341463,6.71428571428571,7.22727272727273,7.22619047619048,24
"26",2003,7,6.18181818181818,22,6.36363636363636,6,NA,6.33333333333333,6.125,11,11,0,6,16,150,98,52,7,50,100,7.07333333333333,7.58163265306122,6.11538461538461,6.71428571428571,7.12,7.05,25
"27",2003,8,6.97222222222222,18,7.28571428571429,6.77272727272727,NA,7.05555555555556,6.88888888888889,7,11,0,9,9,168,105,63,7,59,109,7.0625,7.56190476190476,6.23015873015873,6.71428571428571,7.11016949152542,7.03669724770642,26
"28",2003,9,7.54,5,8.05,5.5,NA,9.2,7.125,4,1,0,1,4,173,109,64,7,60,113,7.07630057803468,7.57981651376147,6.21875,6.71428571428571,7.145,7.03982300884956,27
"29",2003,10,7.11538461538461,13,7.27777777777778,6.75,7,7.08333333333333,7.14285714285714,9,4,1,6,7,186,118,68,8,66,120,7.07903225806452,7.55677966101695,6.25,6.75,7.13939393939394,7.04583333333333,28
"30",2003,11,8,8,8.14285714285714,7,NA,8.25,7.75,7,1,0,4,4,194,125,69,8,70,124,7.11701030927835,7.5896,6.26086956521739,6.75,7.20285714285714,7.06854838709677,29
"31",2003,12,7.5,10,7.71428571428571,7,NA,8.4,6.6,7,3,0,5,5,204,132,72,8,75,129,7.13578431372549,7.59621212121212,6.29166666666667,6.75,7.28266666666667,7.05038759689922,30
"32",2004,1,6.55555555555556,9,8,5.4,NA,4,7.28571428571429,4,5,0,2,7,213,136,77,8,77,136,7.1112676056338,7.60808823529412,6.23376623376623,6.75,7.1974025974026,7.0625,31
"33",2004,2,7.55555555555556,9,8,7,NA,8.25,7,5,4,0,4,5,222,141,81,8,81,141,7.12927927927928,7.62198581560284,6.27160493827161,6.75,7.24938271604938,7.06028368794326,32
"34",2004,3,7.42105263157895,19,7.5,6,NA,8.14285714285714,7,18,1,0,7,12,241,159,82,8,88,153,7.15228215767635,7.60817610062893,6.26829268292683,6.75,7.32045454545455,7.05555555555556,33
"35",2004,4,7.08333333333333,12,7.375,6.5,NA,7.2,7,8,4,0,5,7,253,167,86,8,93,160,7.14901185770751,7.59700598802395,6.27906976744186,6.75,7.31397849462366,7.053125,34
"36",2004,5,7,6,7.4,5,5,6,7.2,5,1,1,1,5,259,172,87,9,94,165,7.14555984555985,7.59127906976744,6.26436781609195,6.55555555555556,7.3,7.05757575757576,35
"37",2004,6,7.90909090909091,11,8,7,7,7.5,8.14285714285714,10,1,1,4,7,270,182,88,10,98,172,7.17666666666667,7.61373626373626,6.27272727272727,6.6,7.30816326530612,7.10174418604651,36
"38",2004,7,7.11111111111111,9,8,6,NA,6.85714285714286,8,5,4,0,7,2,279,187,92,10,105,174,7.17455197132617,7.62406417112299,6.26086956521739,6.6,7.27809523809524,7.11206896551724,37
"39",2004,8,7.6,10,7.88888888888889,5,NA,7.75,7.5,9,1,0,4,6,289,196,93,10,109,180,7.18927335640138,7.63622448979592,6.24731182795699,6.6,7.2954128440367,7.125,38
"40",2004,9,7.16666666666667,6,7,7.5,NA,7,7.2,4,2,0,1,5,295,200,95,10,110,185,7.18881355932203,7.6235,6.27368421052632,6.6,7.29272727272727,7.12702702702703,39
"41",2004,10,7.3,10,7.57142857142857,6.66666666666667,7,7.8,6.8,7,3,2,5,5,305,207,98,12,115,190,7.19245901639344,7.62173913043478,6.28571428571429,6.66666666666667,7.31478260869565,7.11842105263158,40
"42",2004,11,6.77777777777778,18,7.07142857142857,5.75,6,6.95833333333333,6.41666666666667,14,4,1,12,6,323,221,102,13,127,196,7.16934984520124,7.5868778280543,6.26470588235294,6.61538461538461,7.28110236220472,7.0969387755102,41
"43",2004,12,7.32142857142857,14,7.86363636363636,5.33333333333333,NA,7.14285714285714,7.5,11,3,0,7,7,337,232,105,13,134,203,7.17566765578635,7.6,6.23809523809524,6.61538461538461,7.27388059701493,7.11083743842365,42
"44",2005,1,6.53333333333333,21,7.36363636363636,5.62,6,6.375,6.63076923076923,11,10,1,8,13,358,243,115,14,142,216,7.13798882681564,7.58930041152263,6.18434782608696,6.57142857142857,7.22323943661972,7.08194444444444,43
"45",2005,2,7.58333333333333,12,7.75,7.25,8,7.54545454545455,8,8,4,1,11,1,370,251,119,15,153,217,7.15243243243243,7.59442231075697,6.22016806722689,6.66666666666667,7.24640522875817,7.08617511520737,44
"46",2005,3,6.85416666666667,24,7.69230769230769,5.86363636363636,7,6.88888888888889,6.83333333333333,13,11,1,9,15,394,264,130,16,162,232,7.13426395939086,7.59924242424242,6.19,6.6875,7.22654320987654,7.0698275862069,45
"47",2005,4,7.1,15,7.61111111111111,6.33333333333333,7,6.5,7.5,9,6,2,6,9,409,273,136,18,168,241,7.13300733496332,7.5996336996337,6.19632352941176,6.72222222222222,7.20059523809524,7.08589211618257,46
"48",2005,5,6.65625,16,7.125,5.25,NA,6.75,6.6,12,4,0,6,10,425,285,140,18,174,251,7.11505882352941,7.57964912280702,6.16928571428571,6.72222222222222,7.18505747126437,7.06653386454183,47
"49",2005,6,7.5,8,8,6,NA,8,6.66666666666667,6,2,0,5,3,433,291,142,18,179,254,7.12217090069284,7.58831615120275,6.1669014084507,6.72222222222222,7.20782122905028,7.06181102362205,48
"50",2005,7,6.78571428571429,14,7.375,6,NA,6.83333333333333,6.75,8,6,0,6,8,447,299,148,18,185,262,7.11163310961969,7.58260869565217,6.16013513513514,6.72222222222222,7.19567567567568,7.05229007633588,49
"51",2005,8,6.63636363636364,11,6.9375,5.83333333333333,NA,6.83333333333333,6.5625,8,3,0,3,8,458,307,151,18,188,270,7.10021834061135,7.56579804560261,6.15364238410596,6.72222222222222,7.18989361702128,7.03777777777778,50
"52",2005,9,7.44545454545455,11,8.25,5.3,4,6.18,8.5,8,3,1,5,6,469,315,154,19,193,276,7.10831556503198,7.5831746031746,6.13701298701299,6.57894736842105,7.16373056994819,7.0695652173913,51
"53",2005,10,7.05,15,7.20454545454545,6.625,6.33333333333333,7.25,6.91666666666667,11,4,3,6,9,484,326,158,22,199,285,7.10650826446281,7.57039877300613,6.14936708860759,6.54545454545455,7.16633165829146,7.06473684210526,52
"54",2005,11,6.69230769230769,13,7.25,6.21428571428571,NA,6.08333333333333,7.21428571428571,6,7,0,6,7,497,332,165,22,205,292,7.09567404426559,7.56460843373494,6.15212121212121,6.54545454545455,7.13463414634146,7.06832191780822,53
"55",2005,12,7.35,25,7.67857142857143,5.625,6,6.85,7.68333333333333,21,4,1,10,15,522,353,169,23,215,307,7.10785440613027,7.571388101983,6.1396449704142,6.52173913043478,7.12139534883721,7.09837133550489,54
"56",2006,1,6.84375,16,7.5,6,6,6.33333333333333,7.15,9,7,1,6,10,538,362,176,24,221,317,7.1,7.56961325966851,6.13409090909091,6.5,7.1,7.1,55
"57",2006,2,7.34615384615385,13,7.5,7,NA,7.3,7.375,9,4,0,5,8,551,371,180,24,226,325,7.10580762250454,7.56792452830189,6.15333333333333,6.5,7.10442477876106,7.10676923076923,56
"58",2006,3,7.36666666666667,18,7.54615384615385,6.9,NA,8.2,6.7,13,5,0,8,10,569,384,185,24,234,335,7.11405975395431,7.5671875,6.17351351351351,6.5,7.14188034188034,7.09462686567164,57
"59",2006,4,6.53571428571429,14,6.95454545454545,5,NA,5.5,6.95,11,3,0,4,10,583,395,188,24,238,345,7.10017152658662,7.55012658227848,6.15478723404255,6.5,7.11428571428571,7.0904347826087,58
"60",2006,5,5.96153846153846,13,6.55,4,4,4.33333333333333,6.45,10,3,1,3,10,596,405,191,25,241,355,7.0753355704698,7.52543209876543,6.12094240837696,6.4,7.07966804979253,7.07239436619718,59
"61",2006,6,6.93148148148148,27,7.12647058823529,6.6,8,6.61111111111111,7.09166666666667,17,10,1,9,18,623,422,201,26,250,373,7.0691011235955,7.50936018957346,6.14477611940298,6.46153846153846,7.0628,7.07332439678284,60
"62",2006,7,6.4,15,7.33333333333333,5,7,6.2,6.5,9,6,1,5,10,638,431,207,27,255,383,7.05336990595611,7.50568445475638,6.11159420289855,6.48148148148148,7.04588235294118,7.05835509138381,61
"63",2006,8,6.56666666666667,18,7.4,4.4,6,6,6.85,13,5,1,6,12,656,444,212,28,261,395,7.04001524390244,7.50259009009009,6.07122641509434,6.46428571428571,7.02183908045977,7.0520253164557,62
"64",2006,9,7.125,12,7.44444444444444,6.16666666666667,8.25,6.8,7.35714285714286,9,3,2,5,7,668,453,215,30,266,402,7.04154191616766,7.5014348785872,6.07255813953488,6.58333333333333,7.01766917293233,7.05733830845771,63
"65",2006,10,7.23529411764706,17,7.72727272727273,6.33333333333333,NA,7.33333333333333,7.18181818181818,11,6,0,6,11,685,464,221,30,272,413,7.0463503649635,7.50678879310345,6.07963800904977,6.58333333333333,7.02463235294118,7.06065375302663,64
"66",2006,11,6.84117647058823,17,7.39090909090909,5.83333333333333,6.5,6.58333333333333,6.98181818181818,11,6,2,6,11,702,475,227,32,278,424,7.04138176638177,7.50410526315789,6.07312775330396,6.578125,7.01510791366907,7.05860849056604,65
"67",2006,12,6.985,40,7.63181818181818,6.19444444444444,7,7.075,6.94642857142857,22,18,4,12,28,742,497,245,36,290,452,7.0383423180593,7.50975855130785,6.08204081632653,6.625,7.01758620689655,7.0516592920354,66
"68",2007,1,7.33333333333333,30,7.84210526315789,6.45454545454545,5.83333333333333,7.1875,7.38636363636364,19,11,3,8,22,772,516,256,39,298,474,7.04980569948186,7.52199612403101,6.098046875,6.56410256410256,7.02214765100671,7.067194092827,67
"69",2007,2,6.40830454545455,22,7.09090909090909,5.7257,NA,7.2,6.17545294117647,11,11,0,5,17,794,527,267,39,303,491,7.03203110831234,7.51299810246679,6.08270674157303,6.56410256410256,7.02508250825083,7.03631914460285,68
"70",2007,3,7.11904761904762,21,7.54166666666667,6.55555555555556,7,6.5,7.42857142857143,12,9,3,7,14,815,539,276,42,310,505,7.03427325153374,7.51363636363636,6.09812572463768,6.59523809523809,7.01322580645161,7.04719346534653,69
"71",2007,4,6.53703703703704,27,6.975,5.28571428571429,5.66666666666667,6.52777777777778,6.55555555555556,20,7,3,18,9,842,559,283,45,328,514,7.01832862232779,7.49436493738819,6.07803074204947,6.53333333333333,6.98658536585366,7.03858501945525,70
"72",2007,5,6.26,20,8.13333333333333,4.72727272727273,4,5.72222222222222,6.7,9,11,3,9,11,862,568,294,48,337,525,7.00073399071926,7.50448943661972,6.02749217687075,6.375,6.95281899109792,7.03149085714286,71
"73",2007,6,6.83333333333333,24,7.09473684210526,5.84,NA,6.08333333333333,7.08333333333333,19,5,0,6,18,886,587,299,48,343,543,6.99619943566591,7.4912265758092,6.02435685618729,6.375,6.93760932944607,7.03320939226519,72
"74",2007,7,7.15411764705882,17,7.385,6.6,8,6.625,7.31692307692308,12,5,1,4,13,903,599,304,49,347,556,6.99917242524917,7.48909849749583,6.03382467105263,6.40816326530612,6.93400576368876,7.03984298561151,73
"75",2007,8,6.92647058823529,34,7.39130434782609,5.95454545454545,6.5,7.26428571428571,6.69,23,11,2,14,20,937,622,315,51,361,576,6.99653436499466,7.48548231511254,6.03105619047619,6.41176470588235,6.94681440443213,7.02769565972222,74
"76",2007,9,6.68,20,6.8,6.5,6.66666666666667,6.02,6.9,12,8,3,5,15,957,634,323,54,366,591,6.98991922675026,7.47250788643533,6.04267089783282,6.42592592592593,6.93415300546448,7.02445465313029,75
"77",2007,10,6.59523809523809,21,7.44444444444444,5.95833333333333,NA,5.8,6.84375,9,12,0,5,16,978,643,335,54,371,607,6.98144447852761,7.47211508553655,6.03964985074627,6.42592592592593,6.9188679245283,7.01969143327842,76
"78",2007,11,6.640625,32,6.95,6.125,7.75,6.33333333333333,6.825,20,12,2,12,20,1010,663,347,56,383,627,6.97064623762376,7.45636500754148,6.04260144092219,6.47321428571429,6.90052219321149,7.01348118022328,77
"79",2007,12,6.796875,32,7.31818181818182,5.65,6,7.27777777777778,6.60869565217391,22,10,1,9,23,1042,685,357,57,392,650,6.96530969289827,7.45192700729927,6.03160420168067,6.46491228070175,6.90918367346939,6.999158,78
"80",2008,1,6.87222222222222,45,7.29166666666667,6.03333333333333,NA,6.63636363636364,6.94852941176471,30,15,0,11,34,1087,715,372,57,403,684,6.96145602575897,7.4452027972028,6.03167392473118,6.46491228070175,6.90173697270471,6.99664137426901,79
"81",2008,2,6.75862068965517,29,7.33333333333333,5.25,5,6.90909090909091,6.66666666666667,21,8,1,11,18,1116,736,380,58,414,702,6.95618521505376,7.44201086956522,6.01521763157895,6.43965517241379,6.90193236714976,6.98818048433048,80
"82",2008,3,6.69333333333333,30,7.39,5.3,7,6.63846153846154,6.73529411764706,20,10,1,13,17,1146,756,390,59,427,719,6.94930427574171,7.44063492063492,5.99687871794872,6.44915254237288,6.89391100702576,6.98220125173853,81
"83",2008,4,6.90909090909091,22,7.0625,6.5,NA,6.8,7,16,6,0,10,12,1168,772,396,59,437,731,6.94854683219178,7.43279792746114,6.00450176767677,6.44915254237288,6.89176201372998,6.98249343365253,82
"84",2008,5,7,19,8.0625,6.22727272727273,NA,6.6,7.14285714285714,8,11,0,5,14,1187,780,407,59,442,745,6.94937042965459,7.43925641025641,6.01052260442261,6.44915254237288,6.88846153846154,6.98550697986577,83
"85",2008,6,7.04,25,7.47058823529412,6.125,NA,6.9,7.13333333333333,17,8,0,10,15,1212,797,415,59,452,760,6.95123985148515,7.43992471769134,6.01272939759036,6.44915254237288,6.88871681415929,6.98842460526316,84
"86",2008,7,6.875,40,7.94444444444444,6,5.5,6.65384615384615,6.98148148148148,18,22,10,13,27,1252,815,437,69,465,787,6.94880407348243,7.45106748466258,6.0120885583524,6.31159420289855,6.88215053763441,6.98818640406607,85
"87",2008,8,6.8828125,32,7.17647058823529,6.55,6.46428571428571,6.82142857142857,6.9,17,15,7,7,25,1284,832,452,76,472,812,6.94715942367601,7.44545673076923,6.02993960176991,6.32565789473684,6.88125,6.98547130541872,86
"88",2008,9,6.60909090909091,22,7.24545454545455,5.97272727272727,6.16666666666667,6.80909090909091,6.40909090909091,11,11,6,11,11,1306,843,463,82,483,823,6.9414645482389,7.44284697508897,6.02858034557236,6.3140243902439,6.8796066252588,6.97776755771567,87
"89",2008,10,7.548,25,7.62941176470588,7.375,6.66666666666667,7.5,7.56315789473684,17,8,3,6,19,1331,860,471,85,489,842,6.95285702479339,7.44653488372093,6.05144946921444,6.32647058823529,6.88721881390593,6.9909770783848,88
"90",2008,11,7.10416666666667,24,7.7,6.67857142857143,6.4,6.75,7.22222222222222,10,14,5,6,18,1355,870,485,90,495,860,6.95553704797048,7.44944827586207,6.06955195876289,6.33055555555556,6.88555555555556,6.99581709302326,89
"91",2008,12,6.65833333333333,30,6.98684210526316,6.09090909090909,6.1,6.21875,6.81818181818182,19,11,5,8,22,1385,889,496,95,503,882,6.94909942238267,7.4395613048369,6.07002560483871,6.31842105263158,6.87495029821074,6.99138628117914,90
"92",2009,1,7.31486486486487,37,7.55,6.92857142857143,7.5,7.09090909090909,7.40961538461538,23,14,4,11,26,1422,912,510,99,514,908,6.95861652601969,7.44234649122807,6.09359352941177,6.36616161616162,6.8795719844358,7.00336200440529,91
"93",2009,2,6.70673076923077,52,7.28448275862069,5.97826086956522,6.2,7.52777777777778,6.53488372093023,29,23,5,9,43,1474,941,533,104,523,951,6.94973046132971,7.43748140276302,6.08861669793621,6.35817307692308,6.89072657743786,6.98217949526814,92
"94",2009,3,6.84864864864865,37,7.31851851851852,5.58,7,7,6.80689655172414,27,10,2,8,29,1511,968,543,106,531,980,6.94725526141628,7.4341632231405,6.07924990791897,6.37028301886792,6.89237288135593,6.97699255102041,93
"95",2009,4,6.97142857142857,42,7.82352941176471,6.392,5.41666666666667,6.68181818181818,7.0741935483871,17,25,6,11,31,1553,985,568,112,542,1011,6.94790901481004,7.44088324873097,6.09301531690141,6.31919642857143,6.88809963099631,6.97997299703264,94
"96",2009,5,6.79268292682927,41,7.26923076923077,5.96666666666667,4.66666666666667,6.04545454545455,7.06666666666667,26,15,3,11,30,1594,1011,583,115,553,1041,6.94391637390213,7.43646884272997,6.08976449399657,6.27608695652174,6.87133815551537,6.98247137367915,95
"97",2009,6,6.96122448979592,49,7.604,6.29166666666667,7.0625,6.72222222222222,7.015,25,24,8,9,40,1643,1036,607,123,562,1081,6.94443256238588,7.44051158301158,6.09774744645799,6.32723577235772,6.86895017793594,6.98367502312673,96
"98",2009,7,7.17878787878788,33,7.54666666666667,6.87222222222222,6.56666666666667,6.9,7.268,15,18,3,8,25,1676,1051,625,126,570,1106,6.94904695704057,7.44202664129401,6.12005232,6.33293650793651,6.86938596491228,6.99010189873418,97
"99",2009,8,7.05142857142857,35,7.58181818181818,6.15384615384615,6,6.83333333333333,7.12692307692308,22,13,5,9,26,1711,1073,638,131,579,1132,6.95114126241964,7.44489282385834,6.12074090909091,6.32022900763359,6.86882556131261,6.99324443462898,98
"100",2009,9,6.64473684210526,38,7.05555555555556,6.275,6.38888888888889,6.42307692307692,6.76,18,20,9,13,25,1749,1091,658,140,592,1157,6.94448410520297,7.43846929422548,6.12542963525836,6.32464285714286,6.85903716216216,6.98820458081245,99
"101",2009,10,7.01707317073171,41,8.01333333333333,6.44230769230769,7.125,7.38461538461539,6.84642857142857,15,26,8,13,28,1790,1106,684,148,605,1185,6.94614675977653,7.44626582278481,6.13747470760234,6.36790540540541,6.8703305785124,6.98485459915612,100
"102",2009,11,7.042,50,7.425,6.68846153846154,6.5,7.1,7.0275,24,26,7,10,40,1840,1130,710,155,615,1225,6.9487514673913,7.44581415929204,6.15765169014084,6.37387096774194,6.87406504065041,6.98624710204082,101
"103",2009,12,6.60606060606061,33,6.85,6.23076923076923,6.33333333333333,6.1875,6.74,20,13,6,8,25,1873,1150,723,161,623,1250,6.94271366791244,7.43545217391305,6.15896639004149,6.37236024844721,6.86524879614767,6.98132216,102
"104",2010,1,6.635,50,7.35714285714286,5.71590909090909,6.16666666666667,6.53846153846154,6.66891891891892,28,22,6,13,37,1923,1178,745,167,636,1287,6.9347127925117,7.43359083191851,6.14588281879195,6.36497005988024,6.85856918238994,6.97234087024087,103
"105",2010,2,6.87096774193548,31,7.06923076923077,6.72777777777778,6.5,6.65,6.97619047619048,13,18,2,10,21,1954,1191,763,169,646,1308,6.93370148413511,7.42961376994123,6.15961035386632,6.36656804733728,6.85534055727554,6.97240267584098,104
"106",2010,3,6.88387096774194,31,7.92857142857143,6.02352941176471,5,5.94,7.33333333333333,14,17,3,10,21,1985,1205,780,172,656,1329,6.93292327455919,7.43541078838174,6.15664448717949,6.34273255813954,6.84138719512195,6.97810586907449,105
"107",2010,4,7.1,20,7.13333333333333,7,8,6.33333333333333,7.23529411764706,15,5,1,3,17,2005,1220,785,173,659,1346,6.93458987531172,7.43169672131148,6.16201617834395,6.35231213872833,6.83907435508346,6.98135416047548,106
"108",2010,5,6.5125,24,7.19230769230769,5.70909090909091,7,5,6.72857142857143,13,11,1,3,21,2029,1233,796,174,662,1367,6.92959719073435,7.42917274939173,6.15575716080402,6.35603448275862,6.83074018126888,6.97747088514996,107
"109",2010,6,6.256,25,7.6,5.36,NA,6,6.29090909090909,10,15,0,3,22,2054,1243,811,174,665,1389,6.92139858812074,7.43054706355591,6.14103908754624,6.35603448275862,6.82699248120301,6.9665966162707,108
"110",2010,7,6.31818181818182,22,6.87,5.85833333333333,7.15,5.25,6.55555555555556,10,12,2,4,18,2076,1253,823,176,669,1407,6.91500611753372,7.42607342378292,6.1369170109356,6.36505681818182,6.81756352765321,6.9613380952381,109
"111",2010,8,7.00416666666667,24,7.45454545454545,6.62307692307692,7,7.25,6.955,11,13,3,4,20,2100,1264,836,179,673,1427,6.91602509523809,7.42632120253165,6.1444769138756,6.37569832402235,6.82013372956909,6.96124926419061,110
"112",2010,9,7.02372727272727,22,7.31818181818182,6.72927272727273,6.75,7.146,6.96666666666667,11,11,4,7,15,2122,1275,847,183,680,1442,6.91714170593779,7.42538823529412,6.15207166469894,6.38387978142077,6.82348823529412,6.96130561719834,111
"113",2010,10,6.68421052631579,38,7.15909090909091,6.03125,4.9,7.15,6.51785714285714,22,16,4,10,28,2160,1297,863,187,690,1470,6.91304384259259,7.42087124132614,6.14983163383546,6.35213903743316,6.82822028985507,6.95285897959184,112
"114",2010,11,6.75666666666667,30,7.36875,6.05714285714286,7,5.8,6.948,16,14,2,5,25,2190,1313,877,189,695,1495,6.91090168949772,7.42023610053313,6.148351995439,6.35899470899471,6.82082302158273,6.95277772575251,113
"115",2010,12,6.51666666666667,30,7.1875,5.75,5.33333333333333,6,6.57407407407407,16,14,3,3,27,2220,1329,891,192,698,1522,6.90557418918919,7.41743416102333,6.14209281705948,6.34296875,6.81729512893983,6.94605959264126,114
"116",2011,1,6.32666666666667,30,6.89285714285714,5.83125,6.61428571428571,6.75,6.26153846153846,14,16,7,4,26,2250,1343,907,199,702,1548,6.89785542222222,7.41196574832465,6.13660937155458,6.35251256281407,6.81691168091168,6.93456246770026,115
"117",2011,2,6.859375,32,7.43333333333333,6.35294117647059,6.25,6.75,6.90909090909091,15,17,4,10,22,2282,1358,924,203,712,1570,6.89731581945662,7.41220176730486,6.1405895021645,6.35049261083744,6.81597191011236,6.93420554140127,116
"118",2011,3,7.08928571428571,28,7.62666666666667,6.46923076923077,6,6.5,7.1875,15,13,1,4,24,2310,1373,937,204,716,1594,6.89964272727273,7.41454479242535,6.14514909284952,6.34877450980392,6.81420670391061,6.93801925972396,117
"119",2011,4,7.025,20,7.25,6.8,6.5,6,7.20588235294118,10,10,2,3,17,2330,1383,947,206,719,1611,6.9007187553648,7.4133550253073,6.15206409714889,6.3502427184466,6.81080945757997,6.94084587212911,118
"120",2011,5,6.59761904761905,21,7.53333333333333,5.89583333333333,4.9,6.5,6.62058823529412,9,12,5,4,17,2351,1392,959,211,723,1628,6.89801135686942,7.41413074712644,6.14885787278415,6.31587677725119,6.80908990318119,6.93750165847666,119
"121",2011,6,6.45238095238095,21,7.25,5.38888888888889,4.25,6.83333333333333,6.38888888888889,12,9,4,3,18,2372,1404,968,215,726,1646,6.8940660623946,7.41272792022792,6.14179204545455,6.27744186046512,6.80919008264463,6.93150224787363,120
"122",2011,7,6.93333333333333,30,8,6.22222222222222,6.125,6.66666666666667,7.04761904761905,12,18,4,9,21,2402,1416,986,219,735,1667,6.89455649458784,7.41770480225989,6.14326034482759,6.27465753424658,6.80744489795918,6.9329650269946,121
"123",2011,8,6.75357142857143,28,7.04285714285714,6.46428571428571,7.5,5.7,7.175,14,14,2,8,20,2430,1430,1000,221,743,1687,6.89293197530864,7.41403496503497,6.1477547,6.28574660633484,6.79552086137281,6.93583443983402,122
"124",2011,9,6.42413793103448,29,7.5,6.01428571428571,5.46,7.16666666666667,6.33846153846154,8,21,5,3,26,2459,1438,1021,226,746,1713,6.88740329402196,7.41451321279555,6.14500950048972,6.2674778761062,6.79701340482574,6.92676748394629,123
"125",2011,10,7.16875,32,8.14615384615385,6.5,5.975,8.06666666666667,7.07586206896552,13,19,4,3,29,2491,1451,1040,230,749,1742,6.89101754315536,7.42106822880772,6.15149490384615,6.26239130434783,6.80209879839786,6.92924954075775,124
"126",2011,11,6.49310344827586,29,7.31666666666667,5.91176470588235,5,6.7,6.46,12,17,3,4,25,2520,1463,1057,233,753,1767,6.88643837301587,7.42021189336979,6.14763926206244,6.24613733905579,6.80155644090305,6.92261046972269,125
"127",2011,12,6.825,40,7.12222222222222,6.58181818181818,6.575,6.27,7.01,18,22,4,10,30,2560,1481,1079,237,763,1797,6.8854783984375,7.41659014179608,6.15649184430028,6.25168776371308,6.79458977719528,6.9240693934335,126
"128",2012,1,6.9,42,7.012,6.73529411764706,7.375,6,7.08,25,17,4,7,35,2602,1506,1096,241,770,1832,6.88571279784781,7.40987383798141,6.16546961678832,6.27033195020747,6.78736623376623,6.92704841703057,127
"129",2012,2,6.73913043478261,23,6.9,6.61538461538461,6.5,7,6.68421052631579,10,13,3,4,19,2625,1516,1109,244,774,1851,6.88442845714285,7.40651055408971,6.17074364292155,6.27315573770492,6.78846511627907,6.92455575364668,128
"130",2012,3,7.15555185185185,27,7.54117058823529,6.5,4.5,6,7.247996,17,10,2,2,25,2652,1533,1119,246,776,1876,6.88718876319758,7.40800384866275,6.17368605898123,6.25873983739837,6.78643298969072,6.92886599147121,129
"131",2012,4,7.02647058823529,34,7.37619047619048,6.46153846153846,6,5.5,7.23,21,13,6,4,30,2686,1554,1132,252,780,1906,6.88895182427401,7.40757393822394,6.1769917844523,6.25257936507937,6.7798358974359,6.93360577124869,130
"132",2012,5,7.18148148148148,27,7.52631578947368,6.3625,7,8.75,7.056,19,8,1,2,25,2713,1573,1140,253,782,1931,6.89186310357538,7.40900820089002,6.17829359649123,6.25553359683795,6.78487468030691,6.93519036768514,131
"133",2012,6,7.375,20,7.73076923076923,6.71428571428571,8,8.25,7.15625,13,7,1,4,16,2733,1586,1147,254,786,1947,6.89539868276619,7.41164558638083,6.18156469049695,6.26240157480315,6.79233078880407,6.93700698510529,132
"134",2012,7,6.74785714285714,14,7.075,5.93,5.9,6.625,6.84,10,4,2,6,8,2747,1596,1151,256,792,1955,6.89464674190025,7.40953627819549,6.18069044309297,6.2595703125,6.79106313131313,6.93661002557545,133
"135",2012,8,6.5,23,6.6,6.42307692307692,6.625,6,6.63888888888889,10,13,4,5,18,2770,1606,1164,260,797,1973,6.89136989169675,7.40449557907846,6.18339750859107,6.26519230769231,6.78610037641154,6.9338938672073,134
"136",2012,9,6.55555555555556,18,6.55555555555556,6.55555555555556,6.25,5.875,6.75,9,9,2,4,14,2788,1615,1173,262,801,1987,6.88920179340029,7.39976464396285,6.18625294117647,6.26507633587786,6.78155056179775,6.93259818822345,135
"137",2012,10,7.44444444444444,18,7.84615384615385,6.4,6,6,7.52941176470588,13,5,2,1,17,2806,1628,1178,264,802,2004,6.89276357804704,7.40332917690418,6.18716018675722,6.26306818181818,6.78057605985037,6.93766097804391,136
"138",2012,11,6.8,25,7.88888888888889,6.1875,7,6.9,6.775,9,16,1,5,20,2831,1637,1194,265,807,2024,6.89194440127163,7.40599871716555,6.18716474036851,6.26584905660377,6.78131598513011,6.93605365612648,137
"139",2012,12,6.75,20,7.68181818181818,5.61111111111111,6.25,6.2,6.93333333333333,11,9,2,5,15,2851,1648,1203,267,812,2039,6.89094864959663,7.40783974514563,6.18285511221945,6.26573033707865,6.77773645320197,6.93603364394311,138
"140",2013,1,7.025,24,7.45,5.75,NA,8.1,6.7421052631579,18,6,0,5,19,2875,1666,1209,267,817,2058,6.89206768695652,7.40829525810324,6.18070694789082,6.26573033707865,6.78582864137087,6.93424324586977,139
"141",2013,2,6.36666666666667,21,7.08333333333333,5.41111111111111,6,6.4,6.35625,12,9,1,5,16,2896,1678,1218,268,822,2074,6.8882578038674,7.40597133492253,6.17502027914614,6.26473880597015,6.78348175182482,6.92978428158148,140
"142",2013,3,6.2962962962963,27,7.25,5.73529411764706,3.66666666666667,NA,6.2962962962963,10,17,3,0,27,2923,1688,1235,271,822,2101,6.88278980499487,7.40504733412322,6.16896736842105,6.2359778597786,6.78348175182482,6.92164331270823,141
"143",2013,4,6.74615384615385,13,6.21428571428571,7.36666666666667,6.73333333333333,6.33333333333333,6.87,7,6,3,3,10,2936,1695,1241,274,825,2111,6.8821848092643,7.40012973451327,6.17475801772764,6.24142335766423,6.78184484848485,6.9213986736144,142
"144",2013,5,6.77272727272727,22,7,6.28571428571429,6,6.33333333333333,6.9375,15,7,2,6,16,2958,1710,1248,276,831,2127,6.8813707234618,7.3966198245614,6.17538036858975,6.23967391304348,6.77860649819495,6.92151979313587,143
"145",2013,6,6.55263157894737,19,6.79166666666667,6.14285714285714,6.5,6.16666666666667,6.9,12,7,2,9,10,2977,1722,1255,278,840,2137,6.87927262344642,7.39240412311266,6.17519896414343,6.24154676258993,6.77205,6.92141909218531,144
"146",2013,7,5.825,20,6.9375,5.08333333333333,5,6,5.78125,8,12,2,4,16,2997,1730,1267,280,844,2153,6.87223710377044,7.39030052023121,6.16485769534333,6.23267857142857,6.76839099526066,6.91294593590339,145
"147",2013,8,6.64655172413793,29,7.359375,5.76923076923077,NA,7.42857142857143,6.39772727272727,16,13,0,7,22,3026,1746,1280,280,851,2175,6.87007422339722,7.39001712485682,6.160839609375,6.23267857142857,6.77382138660399,6.90773452873563,146
"148",2013,9,6.43064516129032,31,7.11470588235294,5.6,6.5,5.125,6.62407407407407,17,14,1,4,27,3057,1763,1294,281,855,2202,6.86561812234216,7.38736239364719,6.15477179289026,6.23362989323843,6.76610760233918,6.90425640326975,147
"149",2013,10,6.70454545454545,22,6.80769230769231,6.55555555555556,9,6.66666666666667,6.71052631578947,13,9,1,3,19,3079,1776,1303,282,858,2221,6.86446722962001,7.38311931306306,6.15754006139678,6.24343971631206,6.76575990675991,6.90259909950473,148
"150",2013,11,6.3125,24,6.85714285714286,5.55,6.33333333333333,6.33333333333333,6.30555555555556,14,10,3,6,18,3103,1790,1313,285,864,2239,6.86019806638737,7.37900553072626,6.15291294744859,6.24438596491228,6.76275694444444,6.89779928539526,149
"151",2013,12,5.775,20,6.66666666666667,5.39285714285714,5.5,5,6.03333333333333,6,14,2,5,15,3123,1796,1327,287,869,2254,6.8532483509446,7.37662577951002,6.14489427279578,6.23919860627178,6.75261449942463,6.89204640638864,150
"152",2014,1,6.74117647058824,34,7.31764705882353,6.16470588235294,7,7,6.73333333333333,17,17,1,1,33,3157,1813,1344,288,870,2287,6.85204136838771,7.37607275234418,6.14514486607143,6.24184027777778,6.75289885057471,6.88975627459554,151
"153",2014,2,6.73809523809524,21,7.81818181818182,5.55,4,6.83333333333333,6.72222222222222,11,10,2,3,18,3178,1824,1354,290,873,2305,6.85128842039018,7.37873898026316,6.14074940915805,6.22637931034483,6.75317525773196,6.88844798264642,152
"154",2014,3,6.67647058823529,17,7.27272727272727,5.58333333333333,5,7.25,6.6,11,6,2,2,15,3195,1835,1360,292,875,2320,6.85035824726134,7.37810348773842,6.13829022058824,6.2179794520548,6.75431085714286,6.88658301724138,153
"155",2014,4,6.712,25,7.11111111111111,6.4875,5.43333333333333,NA,6.712,9,16,3,0,25,3220,1844,1376,295,875,2345,6.84928403726708,7.37680037960954,6.1423507994186,6.21,6.75431085714286,6.88472179104478,154
"156",2014,5,6.53125,16,7.625,5.4375,5,6,6.65384615384615,8,8,2,3,13,3236,1852,1384,297,878,2358,6.84771155747837,7.3778725161987,6.13827651734104,6.20185185185185,6.75173348519362,6.88344893977947,155
"157",2014,6,5.77777777777778,9,6.16666666666667,5,5,5.75,5.8,6,3,1,4,5,3245,1858,1387,298,882,2363,6.84474409861325,7.37396119483315,6.13581449170872,6.19781879194631,6.74719047619048,6.88115641134151,156
"158",2014,7,6.81875,16,7.14545454545455,6.1,7.16666666666667,7.83333333333333,6.58461538461538,11,5,3,3,13,3261,1869,1392,301,885,2376,6.84461655933762,7.37261631888711,6.13568584770115,6.20747508305648,6.75087231638418,6.87953392255892,157
"159",2014,8,6.325,20,6.25,6.4375,6.5,6.5,6.29411764705882,12,8,1,3,17,3281,1881,1400,302,888,2393,6.84144913136239,7.36545449229133,6.1374105,6.20844370860927,6.75002477477477,6.87537509402424,158
"160",2014,9,5.70454545454545,11,6.25,5.39285714285714,6,NA,5.70454545454545,4,7,1,0,11,3292,1885,1407,303,888,2404,6.83765024301336,7.3630874801061,6.13370625444208,6.20775577557756,6.75002477477477,6.87001772046589,159
"161",2014,10,6.20454545454545,22,6.77777777777778,5.80769230769231,5.4,5.66666666666667,6.40625,9,13,5,6,16,3314,1894,1420,308,894,2420,6.83344737477369,7.36030617740232,6.13072161971831,6.19464285714286,6.74275391498881,6.8669514876033,160
"162",2014,11,6.39047619047619,21,6.70833333333333,5.96666666666667,6,7,6.32631578947368,12,9,3,2,19,3335,1906,1429,311,896,2439,6.83065805097451,7.35620141657922,6.12968838348496,6.1927652733119,6.743328125,6.86273989339893,161
"163",2014,12,6.61041666666667,24,7.61923076923077,5.41818181818182,5.72,6.58125,6.625,13,11,5,8,16,3359,1919,1440,316,904,2455,6.82908442988985,7.35798327253778,6.12425326388889,6.18528481012658,6.74189380530973,6.86119046843177,162
"164",2015,1,6.3,29,6.5,6.17777777777778,5.5,6,6.348,11,18,5,4,25,3388,1930,1458,321,908,2480,6.82455566706021,7.35309321243523,6.12491406035665,6.17461059190031,6.73862555066079,6.85601717741935,163
"165",2015,2,7.23181818181818,22,7.41818181818182,7.04545454545455,7.66666666666667,7.36666666666667,7.21052631578947,11,11,3,3,19,3410,1941,1469,324,911,2499,6.82718316715542,7.35346208140134,6.13180714771954,6.18842592592593,6.74069374313941,6.85871252501,164
"166",2015,3,6.475,20,6.79166666666667,6,7.125,6.625,6.375,12,8,4,8,12,3430,1953,1477,328,919,2511,6.82512962099125,7.35001018945213,6.1310932295193,6.19984756097561,6.73968661588683,6.85640087614496,165
"167",2015,4,6.80769230769231,13,7.1875,6.2,6.5,6,7.05,8,5,2,3,10,3443,1961,1482,330,922,2521,6.82506378158582,7.34934722080571,6.13132570850203,6.20166666666667,6.73727982646421,6.85716882189607,166
"168",2015,5,7.065,20,7.44166666666667,6.5,9,8.1,6.88235294117647,12,8,1,3,17,3463,1973,1490,331,925,2538,6.82644949465781,7.3499087176888,6.13330516778524,6.21012084592145,6.74169945945946,6.85733750985028,167
"169",2015,6,6.18965517241379,29,6.34285714285714,6.04666666666667,6.11666666666667,6.13333333333333,6.20434782608696,14,15,6,6,23,3492,1987,1505,337,931,2561,6.82116111111111,7.34281323603422,6.13244166112957,6.20845697329377,6.73777873254565,6.8514730964467,168
"170",2015,7,6.52083333333333,24,6.92857142857143,5.95,5.5,7,6.45238095238095,14,10,5,3,21,3516,2001,1515,342,934,2582,6.81911109215017,7.33991499250375,6.13123742574258,6.19809941520468,6.73862098501071,6.84822718822618,169
"171",2015,8,6.68947368421053,19,7.31,6,7.5,6,6.77058823529412,10,9,1,2,17,3535,2011,1524,343,936,2599,6.81841431400283,7.33976623570363,6.13046240157481,6.20189504373178,6.73704273504274,6.84771935359754,170
"172",2015,9,6.765625,16,7.16666666666667,6.25,6.125,7.125,6.64583333333333,9,7,2,4,12,3551,2020,1531,345,940,2611,6.81817645733596,7.338995,6.13100894839974,6.20144927536232,6.73869361702128,6.84679149751053,171
"173",2015,10,6.21666666666667,24,6.43333333333333,6.08666666666667,5,5.625,6.335,9,15,1,4,20,3575,2029,1546,346,944,2631,6.81413834965035,7.33497777230163,6.13057871927555,6.19797687861272,6.73397457627119,6.84290102622577,172
"174",2015,11,6.28461538461538,26,6.96428571428571,5.49166666666667,5.5,5.75,6.32916666666667,14,12,4,2,24,3601,2043,1558,350,946,2655,6.81031507914468,7.33243754282917,6.12565770218229,6.19,6.73189429175476,6.83825709981168,173
"175",2015,12,6.172,25,7.31666666666667,5.11538461538461,5,6.05,6.21052631578947,12,13,2,6,19,3626,2055,1571,352,952,2674,6.80591412024269,7.33234545012165,6.11729770846595,6.18323863636364,6.72759663865546,6.83379678384443,174
"176",2016,1,6.11538461538461,26,6.90625,4.85,4.5,8,6.04,16,10,4,1,25,3652,2071,1581,356,953,2699,6.80099797371303,7.32905354901014,6.10928191018343,6.16432584269663,6.72893179433368,6.82644409040385,175
"177",2016,2,6.25,18,6.33333333333333,6.20833333333333,5.2,6,6.34615384615385,6,12,5,5,13,3670,2077,1593,361,958,2712,6.79829553133515,7.32617713047665,6.11002806026365,6.15096952908587,6.72512734864301,6.82414181415929,176
"178",2016,3,5.63636363636364,22,6.6,4.83333333333333,4.83333333333333,6.5,5.55,10,12,3,2,20,3692,2087,1605,364,960,2732,6.79137177681473,7.32269760421658,6.10048267912773,6.14010989010989,6.72465833333333,6.81481427525622,177
"179",2016,4,6.47833333333333,30,7.02058823529412,5.76923076923077,4.5,6.26666666666667,6.53125,17,13,2,6,24,3722,2104,1618,366,966,2756,6.78884862976894,7.32025660646388,6.09782119901113,6.13114754098361,6.72181366459627,6.81234492017417,178
"180",2016,5,6.31481481481481,27,8,4.75,5.625,6.75,6.19047619047619,13,14,4,6,21,3749,2117,1632,370,972,2777,6.78543467591358,7.32443075106282,6.08625900735294,6.12567567567568,6.72198765432099,6.80764227583723,179
"181",2016,6,6.5396,25,6.82142857142857,6.18090909090909,6.998,7.798,6.225,14,11,5,5,20,3774,2131,1643,375,977,2797,6.78380620031796,7.32112618488972,6.08689269628728,6.13730666666667,6.72749437052201,6.80347608151591,180
"182",2016,7,6.075,20,6.9375,5.5,6.33333333333333,6.5,6.02777777777778,8,12,3,2,18,3794,2139,1655,378,979,2815,6.78006974169742,7.31969139784946,6.08263728096677,6.13886243386243,6.72702962206333,6.79851602131439,181
"183",2016,8,6.78620689655172,29,7.06,6.17777777777778,6.33333333333333,8.64,6.4,20,9,3,5,24,3823,2159,1664,381,984,2839,6.78011629610254,7.31728573413617,6.08315186298077,6.1403937007874,6.73675,6.7951470940472,182
"184",2016,9,6.21923076923077,26,7.16875,4.7,5.5,4.5,6.3625,16,10,6,2,24,3849,2175,1674,387,986,2863,6.77632751363991,7.31619305747126,6.07488930704899,6.13046511627907,6.73221298174442,6.79152029339853,183
"185",2016,10,6.4375,32,7.22222222222222,5.42857142857143,5.875,6.0625,6.5625,18,14,8,8,24,3881,2193,1688,395,994,2887,6.77353377995362,7.31542175102599,6.0695288507109,6.12529113924051,6.72682293762576,6.78961641842743,184
"186",2016,11,6.14651162790698,43,6.6,5.75217391304348,5.325,5.5,6.29428571428571,20,23,4,8,35,3924,2213,1711,399,1002,2922,6.7666627420999,7.30895612291008,6.06526282875511,6.11726817042607,6.71702794411178,6.7836832991102,185
"187",2016,12,6.27586206896552,29,7.19230769230769,5.53125,5.2,7.14285714285714,6,13,16,5,7,22,3953,2226,1727,404,1009,2944,6.76306213002783,7.30827488769093,6.06031540243196,6.10591584158416,6.71998216055501,6.77782697010869,186
"188",2017,1,6.18461538461538,39,7.30769230769231,5.62307692307692,5.44444444444444,5.35555555555556,6.43333333333333,13,26,9,9,30,3992,2239,1753,413,1018,2974,6.75741097194389,7.30827150513622,6.05383040501997,6.09150121065375,6.70791944990177,6.77435191661062,187
"189",2017,2,6.98,25,7.66666666666667,6.34615384615385,4.66666666666667,5.5,7.10869565217391,12,13,3,2,23,4017,2251,1766,416,1020,2997,6.75879626587005,7.31018209684585,6.05598227633069,6.08122596153846,6.70555098039216,6.77691778445112,188
"190",2017,3,6.38333333333333,36,7.32105263157895,5.33529411764706,6.25,5.5,6.5258064516129,19,17,4,5,31,4053,2270,1783,420,1025,3028,6.75546128793486,7.31027308370044,6.04911088053842,6.08283333333333,6.69967024390244,6.77434696169088,189
"191",2017,4,6.25806451612903,31,6.88235294117647,5.5,4.75,8,6.2,17,14,4,1,30,4084,2287,1797,424,1026,3058,6.75168574926542,7.30709221687801,6.04483288814691,6.07025943396226,6.70093762183236,6.7687124264225,190
"192",2017,5,6.93571428571429,28,7.34285714285714,5.71428571428571,6,7.04,6.91304347826087,21,7,3,5,23,4112,2308,1804,427,1031,3081,6.7529388618677,7.30741763431543,6.04355027716186,6.06976580796253,6.70258195926285,6.76978987341772,191
"193",2017,6,6.41206896551724,29,7.14285714285714,5.73,6.5,4.75,6.678,14,15,4,4,25,4141,2322,1819,431,1035,3106,6.75055170248732,7.30642545219638,6.04096465090709,6.07375870069606,6.69503574879227,6.76905106245975,192
"194",2017,7,5.97368421052632,19,7.33333333333333,5.34615384615385,6,5.5,6.02941176470588,6,13,2,2,17,4160,2328,1832,433,1037,3123,6.74700350961538,7.3064948024055,6.03603422489083,6.07341801385681,6.69273095467695,6.76502484790266,193
"195",2017,8,6.34090909090909,22,7.33333333333333,5.65384615384615,4,4.25,6.55,9,13,2,2,20,4182,2337,1845,435,1039,3143,6.74486719273075,7.30659816003423,6.03334130081301,6.06388505747126,6.68802887391723,6.7636565701559,194
"196",2017,9,6.83809523809524,21,7.16666666666667,6.01666666666667,6.5,7.6,6.6,15,6,2,5,16,4203,2352,1851,437,1044,3159,6.74533300023792,7.30570573979592,6.03328725013506,6.06588100686499,6.69239655172414,6.76282766698322,195
"197",2017,10,6.73809523809524,42,7.11363636363636,6.325,6.57142857142857,7,6.67647058823529,22,20,7,8,34,4245,2374,1871,444,1052,3193,6.74526138987043,7.30392582139848,6.0364055050775,6.07385135135135,6.69473574144487,6.76190811149389,196
"198",2017,11,6.25757575757576,33,6.35714285714286,6.08333333333333,4,3,6.46774193548387,21,12,2,2,31,4278,2395,1883,446,1054,3224,6.74149943899018,7.29562417536535,6.03670456718003,6.06455156950673,6.68772485768501,6.75907959057072,197
"199",2017,12,6.24137931034483,29,6.66666666666667,5.78571428571429,7.75,7.46,5.9875,15,14,2,5,24,4307,2410,1897,448,1059,3248,6.73813201764569,7.29170950207469,6.03485224037955,6.07207589285714,6.69137110481586,6.7533782635468,198
"200",2018,1,6.71204545454545,44,7.375,5.9165,5.6,6.25,6.785,24,20,5,6,38,4351,2434,1917,453,1065,3286,6.73786821420363,7.29253077239113,6.0336174752217,6.06686534216336,6.68888450704225,6.75374394400487,199
"201",2018,2,6.91,20,7.32307692307692,6.14285714285714,6,6.23333333333333,7.02941176470588,13,7,3,3,17,4371,2447,1924,456,1068,3303,6.73865582246625,7.29269305271762,6.03401491683992,6.06642543859649,6.68760486891386,6.75516276112625,200
"202",2018,3,7.00384615384615,26,7.27058823529412,6.5,6.125,7.68,6.84285714285714,17,9,4,5,21,4397,2464,1933,460,1073,3324,6.74022392540368,7.29254054383117,6.03618453181583,6.0669347826087,6.6922292637465,6.75571678700361,201
"203",2018,4,6.53885714285714,35,7.06304347826087,5.53416666666667,5,7,6.52529411764706,23,12,2,1,34,4432,2487,1945,462,1074,3358,6.73863370938628,7.29041813429835,6.03308724935733,6.06231601731602,6.69251582867784,6.75338374032162,202
"204",2018,5,6.20434782608696,23,6.83333333333333,5.51818181818182,4.5,6,6.24736842105263,12,11,2,4,19,4455,2499,1956,464,1078,3377,6.73587533108866,7.28822324929972,6.03019156441718,6.05558189655172,6.68994619666048,6.75053674859343,203
"205",2018,6,6.71111111111111,27,6.94285714285714,6.46153846153846,7,7.5,6.57391304347826,14,13,2,4,23,4482,2513,1969,466,1082,3400,6.73572614904061,7.28629920413848,6.03303946165567,6.05963519313305,6.69294085027726,6.74934194117647,204
"206",2018,7,5.7304347826087,23,6.09090909090909,5.4,6.25,5.26,5.86111111111111,11,12,4,5,18,4505,2524,1981,470,1087,3418,6.73059369589345,7.28108950079239,6.0292047955578,6.06125531914894,6.68634958601656,6.74466430661205,205
"207",2018,8,6.66129032258065,31,7.31578947368421,5.625,6,8,6.34,19,12,3,6,25,4536,2543,1993,473,1093,3443,6.73012006172839,7.28134876130555,6.02677104867035,6.06086680761099,6.69356084172004,6.741725994772,206
"208",2018,9,6.20740740740741,27,7.28571428571429,5.04615384615385,6.4,7,6.10833333333333,14,13,4,3,24,4563,2557,2006,477,1096,3467,6.72702708744247,7.28137266327728,6.02041610169492,6.0637106918239,6.6943996350365,6.73734139025094,207
"209",2018,10,6.3808888,25,6.58456777777778,5.85714285714286,5.5,6,6.39675916666667,18,7,2,1,24,4588,2575,2013,479,1097,3491,6.72514098081953,7.27650179417476,6.01984833581719,6.06135699373695,6.69376663628077,6.73499994843884,208
"210",2018,11,6.27096774193548,31,7.4,5.06666666666667,4,6.38,6.25,16,15,4,5,26,4619,2591,2028,483,1102,3517,6.72209283827668,7.2772644230027,6.01279817554241,6.04428571428571,6.69234301270417,6.73141450668183,209
"211",2018,12,6.46535714285714,28,6.66842105263158,6.03666666666667,6,7.2,6.265,19,9,2,6,22,4647,2610,2037,485,1108,3539,6.72054590488487,7.27283222988506,6.01290363279332,6.04410309278351,6.69509205776173,6.72851506640294,210
"212",2019,1,6.48837209302326,43,6.83928571428571,5.83333333333333,NA,5.925,6.61714285714286,28,15,0,8,35,4690,2638,2052,485,1116,3574,6.71841723240938,7.26823052312358,6.01159098440546,6.04410309278351,6.68957168458781,6.7274244040291,211
"213",2019,2,6.42625,24,6.7578947368421,5.166,3.33,5.275,6.6565,19,5,1,4,20,4714,2657,2057,486,1120,3594,6.71692974543912,7.26458115167482,6.00953558580457,6.03851851851852,6.68451964285714,6.72702972175849,212
"214",2019,3,6.17058823529412,17,7.11111111111111,5.1125,5.9,4.5,6.68461538461538,9,8,2,4,13,4731,2666,2065,488,1124,3607,6.7149665652082,7.26406306076519,6.0060603874092,6.03795081967213,6.67674555160142,6.72687685611311,213
"215",2019,4,6.64583333333333,24,6.6,6.72222222222222,5,7,6.6304347826087,15,9,2,1,23,4755,2681,2074,490,1125,3630,6.71461762776025,7.26034767624021,6.0091681292189,6.03371428571429,6.67703288888889,6.72626579063361,214
"216",2019,5,6.42962962962963,27,7.44117647058824,4.71,4,6.16666666666667,6.5047619047619,17,10,4,6,21,4782,2698,2084,494,1131,3651,6.71300853617733,7.26148707190512,6.00293411708254,6.01724696356275,6.67432537577365,6.72499173377157,215
"217",2019,6,6.56304347826087,23,7.10357142857143,5.72222222222222,6,7.20833333333333,6.33529411764706,14,9,4,6,17,4805,2712,2093,498,1137,3668,6.71229070135276,7.26067187315634,6.0017270425227,6.01710843373494,6.67714335971856,6.72318561068702,216
"218",2019,7,6.31703703703704,27,7.03733333333333,5.41666666666667,6.2,5.39,6.47826086956522,15,12,5,4,23,4832,2727,2105,503,1141,3691,6.71008212334437,7.25944338833884,5.99839178147269,6.01892644135189,6.6726310254163,6.7216593931184,217
"219",2019,8,6.16071428571429,28,7.46666666666667,4.65384615384615,5.3,3,6.27777777777778,15,13,5,1,27,4860,2742,2118,508,1142,3718,6.70691704115226,7.26057699489424,5.99013914069877,6.01185039370079,6.66941506129597,6.71843593867671,218
"220",2019,9,7.02631578947368,19,7.75,5,6,8,6.91176470588235,14,5,2,2,17,4879,2756,2123,510,1144,3735,6.70816085673294,7.2630631785196,5.98780720678286,6.01180392156863,6.67174125874126,6.71931588219545,219
"221",2019,10,6.75,20,7.23076923076923,5.85714285714286,NA,4,6.89473684210526,13,7,0,1,19,4899,2769,2130,510,1145,3754,6.70833166360482,7.26291156374143,5.98737779342723,6.01180392156863,6.66940786026201,6.720203734683,220
"222",2019,11,7.0721052631579,19,7.2,6.93,7,8.16666666666667,6.866875,10,9,3,3,16,4918,2779,2139,513,1148,3770,6.70973705164701,7.26268518172005,5.99134394576905,6.0175828460039,6.67332055749129,6.72082621220159,221
"223",2019,12,6.02,25,6.5,5.7,6.25,3,6.14583333333333,10,15,6,1,24,4943,2789,2154,519,1149,3794,6.7062485980174,7.25995056292578,5.98931508820799,6.0202697495183,6.67012358572672,6.71718893516078,222
"224",2020,1,6.51,40,6.82916666666667,6.03125,6,6.4,6.52571428571429,24,16,1,5,35,4983,2813,2170,520,1154,3829,6.70467325306041,7.25627519374334,5.98962428571429,6.02023076923077,6.66895320623917,6.71543870984591,223
"225",2020,2,6.59857142857143,35,7.0375,6.01333333333333,5.625,7.33333333333333,6.5296875,20,15,4,3,32,5018,2833,2185,524,1157,3861,6.70393320446393,7.25473071655489,5.98978704805492,6.01721374045801,6.67067588591184,6.7138992022792,224
"226",2020,3,6.32142857142857,14,6.27777777777778,6.4,3,6,6.34615384615385,9,5,1,1,13,5032,2842,2190,525,1158,3874,6.70286900238474,7.25163691766362,5.99072360730594,6.01146666666667,6.67009671848014,6.71266515745999,225
"227",2020,4,6.44210526315789,19,7.94545454545455,4.375,NA,5.83333333333333,6.55625,11,8,0,3,16,5051,2853,2198,525,1161,3890,6.70188810532568,7.25431199439187,5.98484290263877,6.01146666666667,6.66793453919035,6.71202180462725,226
"228",2020,5,5.8125,16,7.33333333333333,4.9,4,5.75,5.83333333333333,6,10,3,4,12,5067,2859,2208,528,1165,3902,6.69907969607263,7.25447783140959,5.97992966485508,6.00003787878788,6.66478283261803,6.70931953357253,227
"229",2020,6,6.93181818181818,22,7.20588235294118,6,NA,4,7.225,17,5,0,2,20,5089,2876,2213,528,1167,3922,6.70008583611711,7.25419058414465,5.97997501129689,6.00003787878788,6.66021593830334,6.71194921468639,228
"230",2020,7,6.8625,16,7.22222222222222,6.4,6.56,6.6,6.92307692307692,9,7,5,3,13,5105,2885,2220,533,1170,3935,6.70059487169442,7.25409085615252,5.98129941441442,6.00529080675422,6.66006153846154,6.71264671410419,229
"231",2020,8,5.94761904761905,21,7.05555555555556,5.11666666666667,4.48,5.225,6.11764705882353,9,12,5,4,17,5126,2894,2232,538,1174,3952,6.69751010924698,7.25347343469247,5.97665085125448,5.99111524163569,6.65517206132879,6.71008725202429,230
"232",2020,9,6.56,25,6.96875,5.83333333333333,7,6.5,6.56521739130435,16,9,1,2,23,5151,2910,2241,539,1176,3975,6.69684271403611,7.25190794501719,5.97607527889335,5.99298701298701,6.65490816326531,6.70924901132076,231
"233",2020,10,6.95833333333333,24,7.10666666666667,6.71111111111111,7,8.33333333333333,6.76190476190476,15,9,1,3,21,5175,2925,2250,540,1179,3996,6.69805542415459,7.25116311794872,5.97901542222223,5.99485185185185,6.65917896522477,6.70952573073073,232
"234",2020,11,6.90857142857143,21,7,6.72571428571429,6.23333333333333,7.23333333333333,6.85444444444444,14,7,3,3,18,5196,2939,2257,543,1182,4014,6.69890623941494,7.24996669615516,5.98133128046079,5.99616942909761,6.66063620981387,6.71017559043348,233
"235",2020,12,7.02105263157895,19,7.03333333333333,7,6.5,NA,7.02105263157895,12,7,2,0,19,5215,2951,2264,545,1182,4033,6.70007992713327,7.2490857743138,5.98448087455831,5.99801834862386,6.66063620981387,6.71164017356806,234
"236",2021,1,6.23931034482759,29,6.522,5.61111111111111,6.375,2.5,6.5162962962963,20,9,4,2,27,5244,2971,2273,549,1184,4060,6.6975318115942,7.24419122181084,5.98300250769908,6.00076502732241,6.65360810810811,6.71034108866995,235
"237",2021,2,6.51538461538462,13,6.0875,7.2,10,NA,6.51538461538462,8,5,1,0,13,5257,2979,2278,550,1184,4073,6.69708138101579,7.24108496811011,5.98567370500439,6.00803636363637,6.65360810810811,6.70971883623865,236
"238",2021,3,6.44736842105263,19,6.77272727272727,6,5.5,8,6.36111111111111,11,8,2,1,18,5276,2990,2286,552,1185,4091,6.69618211144807,7.23936191304348,5.98572384076991,6.00619565217391,6.65474430379747,6.70818499633342,237
"239",2021,4,6.00714285714286,14,6.15714285714286,5.85714285714286,10,5.55,6.08333333333333,7,7,1,2,12,5290,2997,2293,553,1187,4103,6.69435856710775,7.23683420754088,5.9853313126908,6.01341772151899,6.65288289806234,6.70635749939069,238
"240",2021,5,7.31764705882353,17,8.3125,6.43333333333333,5.66666666666667,6.5,7.42666666666667,8,9,3,2,15,5307,3005,2302,556,1189,4118,6.69635515733936,7.23969787687188,5.98708284100782,6.01154676258993,6.65262573591253,6.70898125789218,239
"241",2021,6,5.95454545454545,11,6.125,5.5,5,7,5.72222222222222,8,3,1,2,9,5318,3013,2305,557,1191,4127,6.69482076344491,7.23673817457684,5.98644889370933,6.00973070017954,6.65320906801008,6.70682937242549,240
"242",2021,7,6.58823529411765,17,6.84615384615385,5.75,NA,9,6.26666666666667,13,4,0,2,15,5335,3026,2309,557,1193,4142,6.69448112839738,7.23506018506279,5.98603928107406,6.00973070017954,6.65714333612741,6.70523535007243,241
"243",2021,8,5.69444444444444,18,6.375,4.33333333333333,3,5.41666666666667,5.83333333333333,12,6,1,6,12,5353,3038,2315,558,1199,4154,6.69111840463292,7.23166297564187,5.98175580993521,6.00433691756273,6.65093577981651,6.70271661531055,242
"244",2021,9,7.34615384615385,13,7.72222222222222,6.5,4,8,7.29166666666667,9,4,1,1,12,5366,3047,2319,559,1200,4166,6.69270533358181,7.2331119527404,5.98264971970677,6.00075134168158,6.65206,6.70441306289006,243
"245",2021,10,6.4,15,6.73076923076923,4.25,3,5,6.61538461538461,13,2,1,2,13,5381,3060,2321,560,1202,4179,6.69188939230626,7.23097781699347,5.98115669969841,5.99539285714286,6.64931114808652,6.70413611390285,244
"246",2021,11,7.08181818181818,22,7.04444444444444,7.25,6.5,7.25,7.04444444444444,18,4,2,4,18,5403,3078,2325,562,1206,4197,6.69347710901351,7.22988697855751,5.98333965591398,5.99718861209965,6.65130348258706,6.70559562068144,245
"247",2021,12,6.71875,16,7.18181818181818,5.7,NA,5,6.83333333333333,11,5,0,1,15,5419,3089,2330,562,1207,4212,6.69355172910131,7.22971580446747,5.98273163090129,5.99718861209965,6.64993537696769,6.70605052706553,246
"248",2022,1,6.51785714285714,28,6.66666666666667,6.07142857142857,7.33333333333333,7.25,6.39583333333333,21,7,3,4,24,5447,3110,2337,565,1211,4236,6.69264858087021,7.22591386495177,5.9829973042362,6.00428318584071,6.65191742361684,6.70429292256846,247
"249",2022,2,6.6875,24,6.30555555555556,7.83333333333333,6.25,8,6.5,18,6,2,3,21,5471,3128,2343,567,1214,4257,6.69262599524767,7.220617685422,5.98773568075118,6.00514991181658,6.65524876441516,6.70328513507165,248
"250",2022,3,6.88461538461539,13,7.77777777777778,4.875,5,3.5,7.16666666666667,9,4,2,1,12,5484,3137,2347,569,1215,4269,6.69308111232677,7.22221616831368,5.98583924158501,6.00161687170475,6.65265185185185,6.7045876832982,249
"251",2022,4,6.65,10,7.25,5.75,2,NA,6.65,6,4,1,0,10,5494,3143,2351,570,1215,4279,6.69300269748817,7.22226920776329,5.98543798383667,5.99459649122807,6.65265185185185,6.70446011217574,250
"252",2022,5,6.81666666666667,15,6.98076923076923,5.75,NA,6.55,6.95,13,2,0,5,10,5509,3156,2353,570,1220,4289,6.69333941187148,7.22127443599493,5.98523786655334,5.99459649122807,6.65223114754098,6.70503259967359,251
"253",2022,6,5.62,15,6.1625,5,3.66666666666667,NA,5.62,8,7,3,0,15,5524,3164,2360,573,1220,4304,6.69042484069515,7.21859738305942,5.98231555084746,5.98240837696335,6.65223114754098,6.70125111988848,252
"254",2022,7,6.78125,16,7.5,5.85714285714286,4.5,6.6,6.86363636363636,9,7,1,5,11,5540,3173,2367,574,1225,4315,6.69068715162455,7.21939556255909,5.981945373891,5.97982578397213,6.65201795918367,6.70166507995365,253
"255",2022,8,6.67692307692308,13,6.91666666666667,6.47142857142857,6,6.66666666666667,6.68,6,7,2,3,10,5553,3179,2374,576,1228,4325,6.69065492886728,7.21882419628814,5.98338866891323,5.97989583333333,6.65205374592834,6.70161498728324,254
"256",2022,9,7.23076923076923,13,7,7.75,NA,6.5,7.36363636363636,9,4,0,2,11,5566,3188,2378,576,1230,4336,6.69191642472153,7.21820643663739,5.9863602607233,5.97989583333333,6.65180650406504,6.7032944695572,255
"257",2022,10,6.24761904761905,21,6.2,6.4,NA,2,6.46,16,5,0,1,20,5587,3204,2383,576,1231,4356,6.69024643279041,7.21312176029963,5.98722815778431,5.97989583333333,6.64802761982128,6.70217741505969,256
"258",2022,11,7.15217391304348,23,6.72727272727273,7.54166666666667,6.75,8.5,6.95,11,12,2,3,20,5610,3215,2395,578,1234,4376,6.69214025311943,7.21145944634526,5.99501657620042,5.98256055363322,6.65252998379254,6.70331005941499,257
"259",2022,12,7.16428571428571,14,8.0625,5.96666666666667,4,8.5,6.8,8,6,1,3,11,5624,3223,2401,579,1237,4387,6.69331557965861,7.21357186472231,5.99494573094544,5.97913644214163,6.65701050929668,6.70355250056987,258
