"","year","month","avg_rating","no_ratings","avg_rating_owned","avg_rating_not_owned","avg_rating_prev_owned","avg_rating_comment","avg_rating_no_comment","no_ratings_owned","no_ratings_not_owned","no_ratings_prev_owned","no_ratings_comment","no_ratings_no_comment","cum_no_ratings","cum_no_ratings_owned","cum_no_ratings_not_owned","cum_no_ratings_prev_owned","cum_no_ratings_comment","cum_no_ratings_no_comment","cum_avg_rating","cum_avg_rating_owned","cum_avg_rating_not_owned","cum_avg_rating_prev_owned","cum_avg_rating_comment","cum_avg_rating_no_comment","month_after_release"
"1",2001,5,10,1,10,NA,NA,10,NA,1,0,0,1,0,1,1,0,0,1,0,10,10,NA,NA,10,NA,0
"2",2001,9,8.5,2,10,7,NA,7,10,1,1,0,1,1,3,2,1,0,2,1,9,10,7,NA,8.5,10,4
"3",2001,10,7,1,7,NA,NA,NA,7,1,0,0,0,1,4,3,1,0,2,2,8.5,9,7,NA,8.5,8.5,5
"4",2001,11,7.25,4,9,5.5,NA,7,7.33333333333333,2,2,0,1,3,8,5,3,0,3,5,7.875,9,6,NA,8,7.8,6
"5",2001,12,10,1,10,NA,NA,10,NA,1,0,0,1,0,9,6,3,0,4,5,8.11111111111111,9.16666666666667,6,NA,8.5,7.8,7
"6",2002,1,7,2,7,NA,NA,8,6,2,0,0,1,1,11,8,3,0,5,6,7.90909090909091,8.625,6,NA,8.4,7.5,8
"7",2002,2,8.33333333333333,3,8.33333333333333,NA,NA,10,7.5,3,0,0,1,2,14,11,3,0,6,8,8,8.54545454545454,6,NA,8.66666666666667,7.5,9
"8",2002,3,6.75,4,7.66666666666667,4,NA,10,5.66666666666667,3,1,0,1,3,18,14,4,0,7,11,7.72222222222222,8.35714285714286,5.5,NA,8.85714285714286,7,10
"9",2002,5,5.5,2,5.5,NA,NA,1,10,2,0,0,1,1,20,16,4,0,8,12,7.5,8,5.5,NA,7.875,7.25,12
"10",2002,8,8,3,9.5,5,NA,NA,8,2,1,0,0,3,23,18,5,0,8,15,7.56521739130435,8.16666666666667,5.4,NA,7.875,7.4,15
"11",2002,9,6.75,4,7.33333333333333,5,NA,5,7.33333333333333,3,1,0,1,3,27,21,6,0,9,18,7.44444444444444,8.04761904761905,5.33333333333333,NA,7.55555555555556,7.38888888888889,16
"12",2002,10,3,1,NA,3,NA,NA,3,0,1,0,0,1,28,21,7,0,9,19,7.28571428571429,8.04761904761905,5,NA,7.55555555555556,7.15789473684211,17
"13",2002,11,7.5,4,7.5,NA,NA,6.66666666666667,10,4,0,0,3,1,32,25,7,0,12,20,7.3125,7.96,5,NA,7.33333333333333,7.3,18
"14",2002,12,9.33333333333333,3,9.33333333333333,NA,NA,9.5,9,3,0,0,2,1,35,28,7,0,14,21,7.48571428571429,8.10714285714286,5,NA,7.64285714285714,7.38095238095238,19
"15",2003,1,9.5,4,9.5,NA,NA,9.66666666666667,9,4,0,0,3,1,39,32,7,0,17,22,7.69230769230769,8.28125,5,NA,8,7.45454545454545,20
"16",2003,2,6.83333333333333,6,8,5.66666666666667,NA,7,6.8,3,3,0,1,5,45,35,10,0,18,27,7.57777777777778,8.25714285714286,5.2,NA,7.94444444444444,7.33333333333333,21
"17",2003,3,6.75,4,7.33333333333333,5,NA,7,6.5,3,1,0,2,2,49,38,11,0,20,29,7.51020408163265,8.18421052631579,5.18181818181818,NA,7.85,7.27586206896552,22
"18",2003,4,8.5,4,8.5,NA,NA,NA,8.5,4,0,0,0,4,53,42,11,0,20,33,7.58490566037736,8.21428571428572,5.18181818181818,NA,7.85,7.42424242424242,23
"19",2003,5,7.16666666666667,6,8.4,1,NA,7.25,7,5,1,0,4,2,59,47,12,0,24,35,7.54237288135593,8.23404255319149,4.83333333333333,NA,7.75,7.4,24
"20",2003,6,7.8,5,7,8.33333333333333,NA,8.33333333333333,7,2,3,0,3,2,64,49,15,0,27,37,7.5625,8.18367346938776,5.53333333333333,NA,7.81481481481481,7.37837837837838,25
"21",2003,7,6.4375,16,7.6,4.5,6,5.4,6.90909090909091,10,6,2,5,11,80,59,21,2,32,48,7.3375,8.08474576271187,5.23809523809524,6,7.4375,7.27083333333333,26
"22",2003,8,6.83333333333333,6,8.66666666666667,5,NA,7.25,6,3,3,0,4,2,86,62,24,2,36,50,7.30232558139535,8.11290322580645,5.20833333333333,6,7.41666666666667,7.22,27
"23",2003,9,8,7,8.4,7,NA,9.5,7.4,5,2,0,2,5,93,67,26,2,38,55,7.35483870967742,8.13432835820896,5.34615384615385,6,7.52631578947368,7.23636363636364,28
"24",2003,10,7.71428571428571,7,8.5,3,NA,7.25,8.33333333333333,6,1,0,4,3,100,73,27,2,42,58,7.38,8.16438356164384,5.25925925925926,6,7.5,7.29310344827586,29
"25",2003,11,10,1,10,NA,NA,NA,10,1,0,0,0,1,101,74,27,2,42,59,7.40594059405941,8.18918918918919,5.25925925925926,6,7.5,7.33898305084746,30
"26",2003,12,4.5,2,7,2,NA,2,7,1,1,0,1,1,103,75,28,2,43,60,7.3495145631068,8.17333333333334,5.14285714285714,6,7.37209302325581,7.33333333333333,31
"27",2004,1,8.125,8,8.57142857142857,5,NA,8.66666666666667,7.8,7,1,0,3,5,111,82,29,2,46,65,7.40540540540541,8.20731707317073,5.13793103448276,6,7.45652173913043,7.36923076923077,32
"28",2004,2,8.57142857142857,7,8.8,8,NA,8.5,8.6,5,2,0,2,5,118,87,31,2,48,70,7.47457627118644,8.24137931034483,5.32258064516129,6,7.5,7.45714285714286,33
"29",2004,3,8,8,8.42857142857143,5,5,8.25,7.75,7,1,1,4,4,126,94,32,3,52,74,7.50793650793651,8.25531914893617,5.3125,5.66666666666667,7.55769230769231,7.47297297297297,34
"30",2004,4,8.85,10,8.72222222222222,10,NA,9.3,8.4,9,1,0,5,5,136,103,33,3,57,79,7.60661764705882,8.29611650485437,5.45454545454545,5.66666666666667,7.71052631578947,7.53164556962025,35
"31",2004,5,8.85714285714286,7,8.85714285714286,NA,NA,10,8.66666666666667,7,0,0,1,6,143,110,33,3,58,85,7.66783216783217,8.33181818181818,5.45454545454545,5.66666666666667,7.75,7.61176470588235,36
"32",2004,6,8.57142857142857,7,8.57142857142857,NA,NA,7.5,9,7,0,0,2,5,150,117,33,3,60,90,7.71,8.34615384615385,5.45454545454545,5.66666666666667,7.74166666666667,7.68888888888889,37
"33",2004,7,7.78571428571429,7,7.9,7.5,9,8.08333333333333,6,5,2,1,6,1,157,122,35,4,66,91,7.71337579617834,8.32786885245902,5.57142857142857,6.5,7.77272727272727,7.67032967032967,38
"34",2004,8,6.4,5,7.5,5.66666666666667,10,9,4.66666666666667,2,3,1,2,3,162,124,38,5,68,94,7.67283950617284,8.31451612903226,5.57894736842105,7.2,7.80882352941176,7.57446808510638,39
"35",2004,9,9.2,5,9.2,NA,NA,9.5,9,5,0,0,2,3,167,129,38,5,70,97,7.7185628742515,8.34883720930233,5.57894736842105,7.2,7.85714285714286,7.61855670103093,40
"36",2004,10,7.5,8,8,4,NA,8,6.66666666666667,7,1,0,5,3,175,136,39,5,75,100,7.70857142857143,8.33088235294118,5.53846153846154,7.2,7.86666666666667,7.59,41
"37",2004,11,8.625,8,9,6,NA,8.33333333333333,8.8,7,1,0,3,5,183,143,40,5,78,105,7.74863387978142,8.36363636363636,5.55,7.2,7.88461538461539,7.64761904761905,42
"38",2004,12,8.41,10,8.41,NA,NA,8.44285714285714,8.33333333333333,10,0,0,7,3,193,153,40,5,85,108,7.78290155440414,8.36666666666667,5.55,7.2,7.93058823529412,7.66666666666667,43
"39",2005,1,8.5,6,9.25,7,NA,8.6,8,4,2,0,5,1,199,157,42,5,90,109,7.80452261306533,8.38917197452229,5.61904761904762,7.2,7.96777777777778,7.6697247706422,44
"40",2005,2,7.86363636363636,11,7.92857142857143,7.75,8.5,7.41666666666667,8.4,7,4,2,6,5,210,164,46,7,96,114,7.80761904761905,8.36951219512195,5.80434782608696,7.57142857142857,7.93333333333333,7.70175438596491,45
"41",2005,3,8.6,5,9,7,NA,9.66666666666667,7,4,1,0,3,2,215,168,47,7,99,116,7.82604651162791,8.38452380952381,5.82978723404255,7.57142857142857,7.98585858585859,7.68965517241379,46
"42",2005,4,7.66666666666667,6,8.2,5,NA,9.5,6.75,5,1,0,2,4,221,173,48,7,101,120,7.82171945701357,8.37919075144509,5.8125,7.57142857142857,8.01584158415842,7.65833333333333,47
"43",2005,5,8.21428571428571,7,8.75,5,NA,8.375,8,6,1,0,4,3,228,179,49,7,105,123,7.83377192982456,8.39162011173184,5.79591836734694,7.57142857142857,8.02952380952381,7.66666666666667,48
"44",2005,6,8.6,5,8.6,NA,NA,8.75,8,5,0,0,4,1,233,184,49,7,109,124,7.85021459227468,8.39728260869565,5.79591836734694,7.57142857142857,8.05596330275229,7.66935483870968,49
"45",2005,7,9.1,10,9.1,NA,NA,9.75,8.66666666666667,10,0,0,4,6,243,194,49,7,113,130,7.90164609053498,8.43350515463918,5.79591836734694,7.57142857142857,8.11592920353982,7.71538461538462,50
"46",2005,8,8.22222222222222,9,8.875,3,NA,7.66666666666667,9.33333333333333,8,1,0,6,3,252,202,50,7,119,133,7.91309523809524,8.4509900990099,5.74,7.57142857142857,8.09327731092437,7.75187969924812,51
"47",2005,9,9.6,5,9.6,NA,NA,9.5,10,5,0,0,4,1,257,207,50,7,123,134,7.94591439688716,8.47874396135266,5.74,7.57142857142857,8.1390243902439,7.76865671641791,52
"48",2005,10,7.86363636363636,11,8.8125,5.33333333333333,8,8.35714285714286,7,8,3,1,7,4,268,215,53,8,130,138,7.94253731343284,8.49116279069768,5.71698113207547,7.625,8.15076923076923,7.7463768115942,53
"49",2005,11,7.5,8,7.66666666666667,7,NA,4.5,8.5,6,2,0,2,6,276,221,55,8,132,144,7.92971014492754,8.46877828054299,5.76363636363636,7.625,8.09545454545454,7.77777777777778,54
"50",2005,12,7.94736842105263,19,8.23529411764706,5.5,4,8.4,7.78571428571429,17,2,1,5,14,295,238,57,9,137,158,7.93084745762712,8.45210084033613,5.75438596491228,7.22222222222222,8.10656934306569,7.77848101265823,55
"51",2006,1,7.72727272727273,11,8.22222222222222,5.5,7,7.14285714285714,8.75,9,2,1,7,4,306,247,59,10,144,162,7.92352941176471,8.44372469635628,5.74576271186441,7.2,8.05972222222222,7.80246913580247,56
"52",2006,2,9,7,9.25,7.5,NA,9.83333333333333,8.375,6,1,0,3,4,313,253,60,10,147,166,7.94760383386581,8.46284584980237,5.775,7.2,8.09591836734694,7.81626506024096,57
"53",2006,3,8,12,7.81818181818182,10,NA,7.6,8.28571428571429,11,1,0,5,7,325,264,61,10,152,173,7.94953846153846,8.43598484848485,5.84426229508197,7.2,8.07960526315789,7.83526011560694,58
"54",2006,4,8.625,4,8.625,NA,NA,8.5,9,4,0,0,3,1,329,268,61,10,155,174,7.95775075987842,8.43880597014926,5.84426229508197,7.2,8.08774193548387,7.84195402298851,59
"55",2006,5,9.20833333333333,12,9.16666666666667,9.33333333333333,9,9.25,9.16666666666667,9,3,1,6,6,341,277,64,11,161,180,8.00175953079179,8.46245487364621,6.0078125,7.36363636363636,8.13105590062112,7.88611111111111,60
"56",2006,6,8.6,10,8.6,NA,NA,8.5,8.75,10,0,0,6,4,351,287,64,11,167,184,8.01880341880342,8.46724738675958,6.0078125,7.36363636363636,8.14431137724551,7.90489130434783,61
"57",2006,7,7.75,12,8.27272727272727,2,2,4.5,8.4,11,1,1,2,10,363,298,65,12,169,194,8.0099173553719,8.46006711409396,5.94615384615385,6.91666666666667,8.10118343195266,7.93041237113402,62
"58",2006,8,7.97333333333333,15,8.35384615384615,5.5,NA,8.4,7.76,13,2,0,5,10,378,311,67,12,174,204,8.00846560846561,8.4556270096463,5.93283582089552,6.91666666666667,8.10977011494253,7.92205882352941,63
"59",2006,9,7.55555555555556,18,8,6.4,2,7.5,7.6,13,5,1,8,10,396,324,72,13,182,214,7.98787878787879,8.43734567901235,5.96527777777778,6.53846153846154,8.08296703296703,7.90700934579439,64
"60",2006,10,9.1,10,9.1,NA,NA,9.6,8.6,10,0,0,5,5,406,334,72,13,187,219,8.01527093596059,8.45718562874252,5.96527777777778,6.53846153846154,8.1235294117647,7.92283105022831,65
"61",2006,11,8.72222222222222,9,9,6.5,NA,7.83333333333333,9.16666666666667,8,1,0,3,6,415,342,73,13,190,225,8.03060240963855,8.46988304093567,5.97260273972603,6.53846153846154,8.11894736842105,7.956,66
"62",2006,12,8.1125,20,8.30882352941176,7,5,7.9,8.325,17,3,1,10,10,435,359,76,14,200,235,8.03436781609195,8.46225626740947,6.01315789473684,6.42857142857143,8.108,7.97170212765957,67
"63",2007,1,8.22727272727273,22,8.27777777777778,8,3,8.57142857142857,8.06666666666667,18,4,1,7,15,457,377,80,15,207,250,8.04365426695842,8.45344827586207,6.1125,6.2,8.12367149758454,7.9774,68
"64",2007,2,7.99586833333333,12,8.44444444444444,6.65014,5,8.83333333333333,7.15840333333333,9,3,1,6,6,469,386,83,16,213,256,8.04243159914712,8.45323834196891,6.13193277108434,6.125,8.14366197183098,7.958204765625,69
"65",2007,3,7.55555555555556,18,7.85714285714286,6.5,6,7.875,7.3,14,4,3,8,10,487,400,87,19,221,266,8.02443618069815,8.432375,6.14885540229885,6.10526315789474,8.13393665158371,7.93346022556391,70
"66",2007,4,8.28571428571429,14,8.28571428571429,NA,NA,7.83333333333333,8.625,14,0,0,6,8,501,414,87,19,227,274,8.03173736526946,8.4274154589372,6.14885540229885,6.10526315789474,8.12599118942731,7.95365116788321,71
"67",2007,5,7.86363636363636,22,8.625,5.83333333333333,NA,6.90909090909091,8.81818181818182,16,6,0,11,11,523,430,93,19,238,285,8.02466619502868,8.43476744186047,6.12849913978495,6.10526315789474,8.06974789915966,7.98701901754386,72
"68",2007,6,8,14,8.81818181818182,5,6,7,8.55555555555556,11,3,1,5,9,537,441,96,20,243,294,8.02402312849162,8.44433106575964,6.09323354166667,6.1,8.0477366255144,8.00442319727891,73
"69",2007,7,8.39722222222222,18,8.94285714285714,6.4875,6,8.28571428571429,8.46818181818182,14,4,2,7,11,555,455,100,22,250,305,8.03612688288288,8.45967032967033,6.1090042,6.09090909090909,8.0544,8.02114891803279,74
"70",2007,8,9.1,10,9.1,NA,NA,8.85714285714286,9.66666666666667,10,0,0,7,3,565,465,100,22,257,308,8.05495649557522,8.47344086021505,6.1090042,6.09090909090909,8.07626459143969,8.03717668831169,75
"71",2007,9,8.5625,8,8.5625,NA,NA,8.6,8.5,8,0,0,5,3,573,473,100,22,262,311,8.06204261780105,8.47494714587738,6.1090042,6.09090909090909,8.08625954198473,8.04164122186495,76
"72",2007,10,7.70454545454545,22,8.57142857142857,6.1875,9,7.90909090909091,7.5,14,8,2,11,11,595,487,108,24,273,322,8.04882423529412,8.47772073921971,6.1148187037037,6.33333333333333,8.07912087912088,8.02313795031056,77
"73",2007,11,7.85,14,8.53636363636364,5.33333333333333,NA,6.85714285714286,8.84285714285714,11,3,0,7,7,609,498,111,24,280,329,8.04425356321839,8.47901606425703,6.09369747747748,6.33333333333333,8.04857142857143,8.04057878419453,78
"74",2007,12,7.29285714285714,14,7.81,6,NA,7.42,7.22222222222222,10,4,0,5,9,623,508,115,24,285,338,8.02736825040128,8.46584645669291,6.09043843478261,6.33333333333333,8.03754385964912,8.01878822485207,79
"75",2008,1,8.1304347826087,23,8.8125,6.57142857142857,7,7.55,8.57692307692308,16,7,1,10,13,646,524,122,25,295,351,8.03103780185758,8.47643129770992,6.1180362295082,6.36,8.02101694915254,8.03945988603989,80
"76",2008,2,8.7,25,8.97619047619048,7.25,7.66666666666667,8.5,8.88461538461539,21,4,3,12,13,671,545,126,28,307,364,8.05596187779433,8.4956880733945,6.15397158730159,6.5,8.03973941368078,8.06964401098901,81
"77",2008,3,8.08333333333333,21,8.28571428571429,7.67857142857143,8.625,8.296875,7.4,14,7,2,16,5,692,559,133,30,323,369,8.05679251445087,8.49042933810376,6.23421368421053,6.64166666666667,8.05247678018576,8.06057024390244,82
"78",2008,4,8.57142857142857,21,8.94117647058824,7,NA,8.58333333333333,8.56666666666667,17,4,0,6,15,713,576,137,30,329,384,8.07195009817672,8.50373263888889,6.25657240875912,6.64166666666667,8.06215805471124,8.08033963541667,83
"79",2008,5,7.96428571428571,14,8.11538461538461,6,6,7.33333333333333,8.13636363636364,13,1,1,3,11,727,589,138,31,332,395,8.06987678129298,8.49516129032258,6.2547131884058,6.62096774193548,8.05557228915662,8.08189979746835,84
"80",2008,6,8.5,13,9.15,6.33333333333333,NA,9.5,8.31818181818182,10,3,0,2,11,740,599,141,31,334,406,8.077433,8.50609348914858,6.25638595744681,6.62096774193548,8.06422155688622,8.0883015270936,85
"81",2008,7,8.28260869565217,23,8.89285714285714,7.33333333333333,6.5,8.75,8.03333333333333,14,9,4,8,15,763,613,150,35,342,421,8.08361785058977,8.51492659053834,6.3210028,6.60714285714286,8.08026315789473,8.08634304038005,86
"82",2008,8,7.88,25,8.71428571428571,3.5,4,7.07692307692308,8.75,21,4,3,13,12,788,634,154,38,355,433,8.07715789340101,8.52152996845426,6.24773,6.40131578947368,8.04352112676056,8.10473538106235,87
"83",2008,9,7.73958333333333,24,8.53571428571429,6.625,7.16666666666667,7.54166666666667,7.9375,14,10,6,12,12,812,648,164,44,367,445,8.06718032019704,8.52183641975309,6.27073426829268,6.50568181818182,8.02711171662125,8.10022566292135,88
"84",2008,10,7.39473684210526,19,8.31818181818182,6.125,6.16666666666667,7.7,7.05555555555556,11,8,6,10,9,831,659,172,50,377,454,8.05180555956679,8.51843702579666,6.26395593023256,6.465,8.01843501326259,8.07951634361233,89
"85",2008,11,7.92105263157895,19,9,5.58333333333333,7.83333333333333,7.66666666666667,8.15,13,6,3,9,10,850,672,178,53,386,464,8.04888284705882,8.52775297619048,6.24101359550562,6.54245283018868,8.01023316062176,8.08103538793103,90
"86",2008,12,8.27272727272727,11,8.4,7,8,8.75,8,10,1,1,4,7,861,682,179,54,390,471,8.05174264808362,8.52587976539589,6.24525374301676,6.56944444444444,8.01782051282051,8.0798310403397,91
"87",2009,1,7.02380952380952,21,8.10714285714286,4.85714285714286,5.5,7.5,6.78571428571429,14,7,4,7,14,882,696,186,58,397,485,8.02726804988662,8.51745689655172,6.19301301075269,6.49568965517241,8.00869017632241,8.0424750927835,92
"88",2009,2,8.384,25,9.11111111111111,6.51428571428571,6,9.01,7.96666666666667,18,7,2,10,15,907,714,193,60,407,500,8.0371007938258,8.53242296918767,6.20466538860104,6.47916666666667,8.03329238329238,8.04020084,93
"89",2009,3,8.06944444444444,36,8.96153846153846,5.75,7.1,8.07692307692308,8.06521739130435,26,10,5,13,23,943,740,203,65,420,523,8.03833554612937,8.5475,6.18226807881773,6.52692307692308,8.03464285714285,8.04130099426386,94
"90",2009,4,7.808,25,8.55555555555556,7.3875,7.66666666666667,9.28571428571429,7.23333333333333,9,16,3,7,18,968,749,219,68,427,541,8.03238679752066,8.54759679572763,6.27032155251142,6.57720588235294,8.05515222482435,8.01441852125693,95
"91",2009,5,8.04,25,8.35,6.8,8,8.44444444444444,7.8125,20,5,2,9,16,993,769,224,70,436,557,8.03257846928499,8.54245773732119,6.28214473214286,6.61785714285714,8.06318807339449,8.00861834829443,96
"92",2009,6,8.12952380952381,21,8.475,7.66888888888889,9,8.33333333333333,8.048,12,9,3,6,15,1014,781,233,73,442,572,8.03458621301775,8.54142125480153,6.33570995708154,6.71575342465753,8.06685520361991,8.00965108391608,97
"93",2009,7,7.63095238095238,21,8.70833333333333,6.19444444444444,7.75,6.70454545454545,8.65,12,9,5,11,10,1035,793,242,78,453,582,8.0263965410628,8.54394703656999,6.33045628099173,6.78205128205128,8.03377483443708,8.02065364261168,98
"94",2009,8,7.8695652173913,23,8.57142857142857,6.77777777777778,7,8.4,7.72222222222222,14,9,2,5,18,1058,807,251,80,458,600,8.02298716446125,8.54442379182156,6.34649569721115,6.7875,8.03777292576419,8.0117007,99
"95",2009,9,7.80263157894737,19,8.675,6.83333333333333,6.83333333333333,7.25,8,10,9,3,5,14,1077,817,260,83,463,614,8.01909974001857,8.54602203182374,6.36334776923077,6.78915662650602,8.0292656587473,8.01143390879479,100
"96",2009,10,8.30769230769231,26,8.6875,7.7,7.66666666666667,8.75,8.22727272727273,16,10,3,4,22,1103,833,270,86,467,636,8.02590246600181,8.54873949579832,6.41285340740741,6.81976744186047,8.03543897216274,8.01890003144654,101
"97",2009,11,7.4,25,8.28571428571429,6.27272727272727,7.33333333333333,8.5,6.97222222222222,14,11,6,7,18,1128,847,281,92,474,654,8.0120305141844,8.5443919716647,6.40736804270463,6.85326086956522,8.04229957805907,7.9900923853211,102
"98",2009,12,7.7375,24,8.28888888888889,6.08333333333333,7.75,8.08333333333333,7.62222222222222,18,6,2,6,18,1152,865,287,94,480,672,8.00631112847222,8.53907514450867,6.40059379790941,6.87234042553191,8.0428125,7.98023872023809,103
"99",2010,1,8.72962962962963,27,9.28333333333333,7.62222222222222,9,9.12222222222222,8.53333333333333,18,9,1,9,18,1179,883,296,95,489,690,8.02287567430025,8.55424688561721,6.43773790540541,6.89473684210526,8.06267893660532,7.99466727536232,104
"100",2010,2,7.85294117647059,17,8.81818181818182,6.08333333333333,5.9,9.1,7.33333333333333,11,6,5,5,12,1196,894,302,100,494,702,8.0204602173913,8.55749440715884,6.43069675496689,6.845,8.07317813765182,7.98336242165242,105
"101",2010,3,7.75217391304348,23,8.08125,7,6.66666666666667,6.08333333333333,8.34117647058824,16,7,3,6,17,1219,910,309,103,500,719,8.01539821164889,8.54912087912088,6.44359359223301,6.83980582524272,8.0493,7.99182255910987,106
"102",2010,4,8.18888888888889,18,8.44444444444444,7.93333333333333,8.66666666666667,8.9,7.91538461538462,9,9,3,5,13,1237,919,318,106,505,732,8.01792273241714,8.5480957562568,6.48575603773585,6.89150943396226,8.05772277227723,7.99046505464481,107
"103",2010,5,6.69230769230769,13,6.875,6.4,8,8,6.11111111111111,8,5,2,4,9,1250,927,323,108,509,741,8.004136336,8.5336569579288,6.48442854489164,6.91203703703704,8.05726915520628,7.96763889338731,108
"104",2010,6,8.27777777777778,9,9.08333333333333,6.66666666666667,6,6,8.5625,6,3,1,1,8,1259,933,326,109,510,749,8.00609247021446,8.53719185423366,6.48610558282209,6.90366972477064,8.05323529411764,7.97399255006676,109
"105",2010,7,8.74545454545455,11,8.88888888888889,8.1,NA,10,8.46666666666667,9,2,0,2,9,1270,942,328,109,512,758,8.01249639370079,8.54055201698514,6.49594640243902,6.90366972477064,8.06083984375,7.97984224274406,110
"106",2010,8,7.03333333333333,15,8.25,4.6,6,1,7.46428571428571,10,5,1,1,14,1285,952,333,110,513,772,8.00106647470817,8.5375,6.46747873873874,6.89545454545455,8.04707602339181,7.97049277202072,111
"107",2010,9,7.8155,20,8.74066666666667,5.04,5,7.7,7.854,15,5,2,5,15,1305,967,338,112,518,787,7.9982225440613,8.54065149948294,6.44636218934911,6.86160714285714,8.04372586872587,7.9682724523507,112
"108",2010,10,8.1,10,9.125,4,6,9.33333333333333,7.57142857142857,8,2,1,3,7,1315,975,340,113,521,794,7.99899651711026,8.54544615384616,6.43197182352941,6.85398230088496,8.05115163147793,7.96477382871536,113
"109",2010,11,7.3125,16,9,5.14285714285714,1,6,7.75,9,7,1,4,12,1331,984,347,114,525,806,7.99074411720511,8.54960365853659,6.40596662824207,6.80263157894737,8.03552380952381,7.96157620347395,114
"110",2010,12,7.75,18,9.04166666666667,5.16666666666667,7,9.5,7.25,12,6,1,4,14,1349,996,353,115,529,820,7.98753181616012,8.55553212851406,6.38490203966006,6.80434782608696,8.04659735349716,7.94942734146341,115
"111",2011,1,8.03846153846154,13,8.75,5.66666666666667,NA,8.5,7.5,10,3,0,7,6,1362,1006,356,115,536,826,7.98801792951542,8.55746520874752,6.37884949438202,6.80434782608696,8.05251865671642,7.94616273607748,116
"112",2011,2,7.46666666666667,12,9.16666666666667,5.76666666666667,8,7.6,7.37142857142857,6,6,2,5,7,1374,1012,362,117,541,833,7.983464643377,8.56107707509882,6.36870281767956,6.82478632478632,8.04833641404806,7.94133303721489,117
"113",2011,3,8.27272727272727,22,8.82352941176471,6.4,NA,8.8125,7.96428571428571,17,5,0,8,14,1396,1029,367,117,549,847,7.9880232234957,8.5654130223518,6.36912920980926,6.82478632478632,8.05947176684881,7.94171242030697,118
"114",2011,4,6.53333333333333,15,7.71428571428571,5.5,6,6.8,6.4,7,8,2,5,10,1411,1036,375,119,554,857,7.97255876683203,8.55966216216217,6.35058778666667,6.8109243697479,8.04810469314079,7.92372277712952,119
"115",2011,5,8.41875,16,8.77,7.83333333333333,8,8.9,8.2,10,6,4,5,11,1427,1046,381,123,559,868,7.97756161177295,8.56167304015297,6.37393811023622,6.84959349593496,8.05572450805009,7.92722398617512,120
"116",2011,6,8.02941176470588,17,8.75,7.63636363636364,7,8.5,7.61111111111111,6,11,7,8,9,1444,1052,392,130,567,877,7.97817203601108,8.56274714828898,6.40936331632653,6.85769230769231,8.06199294532628,7.92397995438997,121
"117",2011,7,8.34375,16,8.88461538461539,6,NA,9.33333333333333,8.11538461538461,13,3,0,3,13,1460,1065,395,130,570,890,7.98217836986301,8.56667605633803,6.4062542278481,6.85769230769231,8.06868421052631,7.92677575280899,122
"118",2011,8,7.91666666666667,12,7.66666666666667,8.66666666666667,10,8,7.9,9,3,1,2,10,1472,1074,398,131,572,900,7.98164430706522,8.55913407821229,6.42329251256281,6.88167938931298,8.06844405594405,7.92647824444444,123
"119",2011,9,7.20909090909091,11,8.35714285714286,5.2,3,6,7.9,7,4,1,4,7,1483,1081,402,132,576,907,7.97591397167903,8.55782608695653,6.41112044776119,6.85227272727273,8.05407986111111,7.92627389195149,124
"120",2011,10,8.09782608695652,23,9.078125,5.85714285714286,7,9.4,7.73611111111111,16,7,4,5,18,1506,1097,409,136,581,925,7.97777584329349,8.56541476754786,6.40163916870416,6.85661764705882,8.06566265060241,7.92257342702703,125
"121",2011,11,6.91304347826087,23,8.40625,3.5,2.5,8.375,6.13333333333333,16,7,2,8,15,1529,1113,416,138,589,940,7.96175959450621,8.56312668463612,6.35281350961538,6.79347826086957,8.06986417657046,7.89402172340426,126
"122",2011,12,7.62608695652174,23,8.64285714285714,6.04444444444444,6.225,8.41666666666667,7.34705882352941,14,9,4,6,17,1552,1127,425,142,595,957,7.95678506443299,8.56411712511091,6.34628334117647,6.77746478873239,8.07336134453781,7.88430555903866,127
"123",2012,1,7.71111111111111,27,8.27368421052632,6.375,4,8.15,7.52631578947368,19,8,1,8,19,1579,1146,433,143,603,976,7.95258417986067,8.55930191972077,6.34681390300231,6.75804195804196,8.07437810945273,7.87733649590164,128
"124",2012,2,8.14285714285714,21,8.23529411764706,7.75,6.75,8.3125,8.03846153846154,17,4,4,8,13,1600,1163,437,147,611,989,7.9550815125,8.55456577815993,6.35965771167048,6.7578231292517,8.07749590834697,7.87945441860465,129
"125",2012,3,7.52941176470588,17,8.35,6.35714285714286,9,9.5,7.10714285714286,10,7,2,3,14,1617,1173,444,149,614,1003,7.95060632034632,8.55282182438193,6.35961806306306,6.78791946308725,8.08444625407166,7.86867439680957,130
"126",2012,4,7.81009523809524,21,8.03125,7.1024,7.5,7.7,7.8445,16,5,1,5,16,1638,1189,449,150,619,1019,7.9488048962149,8.545803195963,6.36788957683742,6.79266666666667,8.0813408723748,7.86829481844946,131
"127",2012,5,7.45,20,8.92307692307692,4.71428571428571,6.5,9,7.27777777777778,13,7,2,2,18,1658,1202,456,152,621,1037,7.94278794933655,8.54988352745425,6.34250530701754,6.78881578947369,8.08429951690821,7.85804476374156,132
"128",2012,6,7.475,20,8.13333333333333,5.5,4.75,8,7.125,15,5,2,8,12,1678,1217,461,154,629,1049,7.93721240762813,8.54474938373049,6.33336750542299,6.76233766233766,8.08322734499205,7.84965912297426,133
"129",2012,7,7.7,12,7.85,6.95,NA,8,7.6,10,2,0,3,9,1690,1227,463,154,632,1058,7.9355280591716,8.53908720456398,6.33603114470842,6.76233766233766,8.08283227848101,7.84753536862004,134
"130",2012,8,8.08823529411765,17,8.32142857142857,7,NA,9.33333333333333,7.82142857142857,14,3,0,3,14,1707,1241,466,154,635,1072,7.93704886936145,8.53663174858985,6.3403056223176,6.76233766233766,8.08874015748031,7.84719442164179,135
"131",2012,9,8.02777777777778,18,9.45,6.25,5.25,6.6,8.57692307692308,10,8,4,5,13,1725,1251,474,158,640,1085,7.9379956057971,8.54393285371703,6.33878147679325,6.72405063291139,8.077109375,7.85593771428571,136
"132",2012,10,8.59090909090909,11,8.78571428571429,8.25,7.5,8.5,8.61111111111111,7,4,2,2,9,1736,1258,478,160,642,1094,7.94213273041475,8.54527821939587,6.35477493723849,6.73375,8.07842679127726,7.86215029250457,137
"133",2012,11,7.584,25,8.73076923076923,6.34166666666667,7.9,6.9,7.755,13,12,5,5,20,1761,1271,490,165,647,1114,7.93704850653038,8.54717545239969,6.35445391836735,6.76909090909091,8.0693199381762,7.86022658886894,138
"134",2012,12,8.17647058823529,17,8.90909090909091,6.83333333333333,5.75,7.33333333333333,8.35714285714286,11,6,2,3,14,1778,1282,496,167,650,1128,7.93933769403825,8.55028081123245,6.36024681451613,6.75688622754491,8.06592307692308,7.8663939893617,139
"135",2013,1,8.22941176470588,17,9.325,5.6,NA,9.66666666666667,7.92142857142857,12,5,0,3,14,1795,1294,501,167,653,1142,7.94208491364903,8.55746522411129,6.35265952095808,6.75688622754491,8.07327718223583,7.86706866900175,140
"136",2013,2,6.64285714285714,14,8.6875,3.91666666666667,8.25,7.2,6.33333333333333,8,6,2,5,9,1809,1302,507,169,658,1151,7.93203008291874,8.55826420890937,6.32383120315582,6.77455621301775,8.06664133738602,7.85507595134665,141
"137",2013,3,7.97368421052632,19,8.7,5.25,3,8.83333333333333,7.2,15,4,1,9,10,1828,1317,511,170,667,1161,7.93246303063457,8.55987851176918,6.31542547945206,6.75235294117647,8.07698650674662,7.84943360895779,142
"138",2013,4,8.40625,16,8.95833333333333,6.75,7,8.35714285714286,8.44444444444444,12,4,1,7,9,1844,1329,515,171,674,1170,7.93657398047722,8.5634762979684,6.31880081553398,6.75380116959064,8.07989614243323,7.85401061538461,143
"139",2013,5,7.94736842105263,19,8.25,7.61111111111111,7.7,8.4,7.78571428571429,10,9,5,5,14,1863,1339,524,176,679,1184,7.93668406870639,8.56113517550411,6.34099698473282,6.78068181818182,8.08225331369661,7.85320305743243,144
"140",2013,6,7.70769230769231,13,9,6.6,6.8,7.85714285714286,7.53333333333333,6,7,5,7,6,1876,1345,531,181,686,1190,7.93509723880597,8.56309293680298,6.34441133709981,6.78121546961326,8.07995626822157,7.85159026890756,145
"141",2013,7,8.08461538461538,13,9,6.025,7.03333333333333,7.03333333333333,8.4,9,4,3,3,10,1889,1354,535,184,689,1200,7.93612621492853,8.56599704579025,6.34202321495327,6.78532608695652,8.07539912917271,7.85616035,146
"142",2013,8,7.40909090909091,11,8.66666666666667,5.9,6,9,6.5,6,5,2,4,7,1900,1360,540,186,693,1207,7.93307495789474,8.56644117647059,6.33793040740741,6.77688172043011,8.08073593073593,7.84829529411765,147
"143",2013,9,7.94117647058824,17,8.70833333333333,6.1,7.5,8.92857142857143,7.25,12,5,2,7,10,1917,1372,545,188,700,1217,7.93314680229525,8.56768221574344,6.33574755963303,6.78457446808511,8.08921428571429,7.84337914543961,148
"144",2013,10,7.92857142857143,14,9.11111111111111,5.8,8,9,7.75,9,5,3,2,12,1931,1381,550,191,702,1229,7.9331136302434,8.57122375090515,6.33087712727273,6.80366492146597,8.09180911680912,7.84246738812042,149
"145",2013,11,7.92857142857143,21,8.40909090909091,7.4,7.66666666666667,7,8.02631578947368,11,10,3,2,19,1952,1392,560,194,704,1248,7.93306476434426,8.56994252873564,6.34996860714286,6.81701030927835,8.08870738636364,7.84526636217949,150
"146",2013,12,8.035,20,8.89166666666667,6.75,8.25,9,7.71333333333333,12,8,2,5,15,1972,1404,568,196,709,1263,7.93409859026369,8.57269230769231,6.35560285211267,6.83163265306122,8.09513399153738,7.84369946159937,151
"147",2014,1,7.75357142857143,28,8.43076923076923,7.16666666666667,8.5,8.575,7.425,13,15,4,8,20,2000,1417,583,200,717,1283,7.93157121,8.57139026111504,6.376470703259,6.865,8.10048814504882,7.83717257989088,152
"148",2014,2,7.2,15,8.8,6.4,8,8.5,6.875,5,10,2,3,12,2015,1422,593,202,720,1295,7.92612527047146,8.57219409282701,6.37686748735244,6.87623762376238,8.10215277777778,7.8282566949807,153
"149",2014,3,7.99047619047619,21,8.28235294117647,6.75,NA,8.71428571428571,7.62857142857143,17,4,0,7,14,2036,1439,597,202,727,1309,7.92678900785855,8.56876997915219,6.37936753768844,6.87623762376238,8.10804676753783,7.8261210236822,154
"150",2014,4,7.18095238095238,21,8.45833333333333,5.47777777777778,1,7.3125,7.1,12,9,1,8,13,2057,1451,606,203,735,1322,7.9191747301896,8.56785665058581,6.36597759075908,6.84729064039409,8.09938775510204,7.8189806505295,155
"151",2014,5,8.44444444444444,9,8.5,8.33333333333333,8,8,8.5,6,3,1,1,8,2066,1457,609,204,736,1330,7.92146293320426,8.5675772134523,6.37566899835796,6.85294117647059,8.09925271739131,7.8230770075188,156
"152",2014,6,8,14,8.70833333333333,3.75,NA,7,8.16666666666667,12,2,0,2,12,2080,1469,611,204,738,1342,7.92199154807692,8.56872702518721,6.36707433715221,6.85294117647059,8.09627371273713,7.82614934426229,157
"153",2014,7,7.19230769230769,13,8.9375,4.4,6,9,6.86363636363636,8,5,2,2,11,2093,1477,616,206,740,1353,7.917459350215,8.57072444143535,6.35110782467532,6.84466019417476,8.09871621621622,7.81832403547672,158
"154",2014,8,7.51428571428571,21,8.53571428571429,5.47142857142857,6.8,7.33333333333333,7.58666666666667,14,7,1,6,15,2114,1491,623,207,746,1368,7.9134543140965,8.57039570757881,6.34122378812199,6.84444444444444,8.09256032171582,7.81578393274854,159
"155",2014,9,8.275,16,8.36666666666667,8,7,8.125,8.325,12,4,2,4,12,2130,1503,627,209,750,1380,7.91617015023474,8.56876912840985,6.35180609250399,6.84593301435407,8.09273333333333,7.82021189855072,160
"156",2014,10,8.14285714285714,14,8.8,6.5,6,7.25,8.5,10,4,2,4,10,2144,1513,631,211,754,1390,7.91765038246269,8.57029742233973,6.35274551505547,6.83791469194313,8.08826259946949,7.82510246043165,161
"157",2014,11,6.78571428571429,7,7.8,4.25,1,7.66666666666667,6.125,5,2,1,3,4,2151,1518,633,212,757,1394,7.91396672245467,8.56776021080369,6.34610176935229,6.81037735849057,8.08659180977543,7.82022411764706,162
"158",2014,12,8.33333333333333,15,9.16666666666667,5,NA,10,7.91666666666667,12,3,0,3,12,2166,1530,636,212,760,1406,7.91687092336104,8.57245751633987,6.3397522327044,6.81037735849057,8.0941447368421,7.82104724039829,163
"159",2015,1,8.34722222222222,18,8.97916666666667,7.08333333333333,8.25,8.875,7.925,12,6,2,8,10,2184,1542,642,214,768,1416,7.92041777472528,8.57562256809339,6.34670158878505,6.82383177570093,8.10227864583333,7.8217813700565,164
"160",2015,2,6.9921052631579,19,8.5,5.89545454545455,7.95,7.75,6.79,8,11,5,4,15,2203,1550,653,219,772,1431,7.91241144802542,8.57523225806452,6.33910018376723,6.84954337899543,8.10045336787564,7.81096605171209,165
"161",2015,3,7.68181818181818,11,8.5,6.25,8,8.5,7.375,7,4,1,3,8,2214,1557,657,220,775,1439,7.91126577235772,8.57489402697496,6.33855771689498,6.85477272727273,8.102,7.80854233495483,166
"162",2015,4,8.28571428571429,7,8.33333333333333,8,NA,7.5,8.6,6,1,0,2,5,2221,1563,658,220,777,1444,7.91244593426385,8.5739667306462,6.34108270516717,6.85477272727273,8.10045045045045,7.81128283933518,167
"163",2015,5,6.55,10,8.2,4.9,7.5,5.5,7,5,5,2,3,7,2231,1568,663,222,780,1451,7.90633904975347,8.57277423469388,6.33021481146305,6.86058558558559,8.09044871794871,7.80736900068918,168
"164",2015,6,7.375,8,9.5,5.25,6,9,6.4,4,4,2,3,5,2239,1572,667,224,783,1456,7.90444056275123,8.57513358778626,6.32373676161919,6.85290178571429,8.09393358876117,7.80253600274725,169
"165",2015,7,6.96666666666667,15,8.625,5.07142857142857,5.75,6,7.03571428571429,8,7,4,1,14,2254,1580,674,228,784,1470,7.89819983141083,8.57538607594937,6.31073059347181,6.83355263157895,8.09126275510204,7.79523293877551,170
"166",2015,8,7.875,12,8.16666666666667,7,NA,7,8.16666666666667,9,3,0,3,9,2266,1589,677,228,787,1479,7.89807697263901,8.57307111390812,6.31378496307238,6.83355263157895,8.08710292249047,7.79749318458418,171
"167",2015,9,8.1,10,8.625,6,NA,7,8.22222222222222,8,2,0,1,9,2276,1597,679,228,788,1488,7.89896415641476,8.57333124608642,6.31286070692194,6.83355263157895,8.0857233502538,7.80006211021505,172
"168",2015,10,8.5,10,8.85714285714286,7.66666666666667,6,8,8.625,7,3,1,2,8,2286,1604,682,229,790,1496,7.90159335958005,8.57456982543641,6.31881586510264,6.82991266375546,8.08550632911392,7.80447354278075,173
"169",2015,11,7.56818181818182,11,8,6.8125,NA,10,7.325,7,4,0,1,10,2297,1611,686,229,791,1506,7.89999670004354,8.57207324643079,6.32169448979592,6.82991266375546,8.08792667509481,7.8012897875166,174
"170",2015,12,8.32352941176471,17,9.09090909090909,6.91666666666667,8.5,9.25,8.03846153846154,11,6,2,4,13,2314,1622,692,231,795,1519,7.90310821953328,8.57559186189889,6.32685320809249,6.84437229437229,8.09377358490566,7.80331956550362,175
"171",2016,1,7.86315789473684,19,8.89285714285714,4.98,NA,5.75,8.11176470588235,14,5,0,2,17,2333,1636,697,231,797,1536,7.90278286326618,8.57830684596578,6.31719142037303,6.84437229437229,8.08789209535759,7.80673334635417,176
"172",2016,2,8.5,13,9.16666666666667,7,8.33333333333333,7.91666666666667,9,9,4,3,6,7,2346,1645,701,234,803,1543,7.90609225063939,8.58152583586627,6.32108761768901,6.86346153846154,8.08661270236612,7.81214674011665,177
"173",2016,3,7.60526315789474,19,7.89285714285714,6.8,7,8.3125,7.09090909090909,14,5,3,8,11,2365,1659,706,237,811,1554,7.90367544186047,8.57571428571429,6.32447934844193,6.86518987341772,8.08884093711467,7.80704145431145,178
"174",2016,4,8.41176470588235,17,9.33333333333333,6.2,7,7,8.5,12,5,1,1,16,2382,1671,711,238,812,1570,7.90730160369438,8.58115499700778,6.32360396624473,6.86575630252101,8.0875,7.8141034522293,179
"175",2016,5,8.63333333333333,21,9.06842105263158,4.5,4,8.18571428571429,8.85714285714286,19,2,1,7,14,2403,1690,713,239,819,1584,7.9136464502705,8.58663313609468,6.31848866760168,6.85376569037657,8.08833943833944,7.82332223484848,180
"176",2016,6,8.84833333333333,18,9.37642857142857,7,7,9.71166666666667,8.41666666666667,14,4,1,6,12,2421,1704,717,240,825,1596,7.92059579512598,8.59312206572771,6.32229068340307,6.854375,8.10014545454545,7.82778347117794,181
"177",2016,7,7.16111111111111,18,8.76666666666667,5.55555555555556,6.6,7.8,6.91538461538462,9,9,5,5,13,2439,1713,726,245,830,1609,7.91499074210742,8.59403385872738,6.31278570247934,6.84918367346939,8.09833734939759,7.82041169670603,182
"178",2016,8,8.0875,24,8.21904761904762,7.16666666666667,6,9.2625,7.5,21,3,2,8,16,2463,1734,729,247,838,1625,7.91667170929761,8.58949250288351,6.31629961591221,6.84230769230769,8.10945107398568,7.81725687384615,183
"179",2016,9,8.5,14,9.16666666666667,4.5,4.5,8.66666666666667,8.375,12,2,2,6,8,2477,1746,731,249,844,1633,7.91996867985466,8.59345933562429,6.31133025991792,6.82349397590361,8.11341232227488,7.81998923453766,184
"180",2016,10,8.21428571428571,14,8.55555555555556,7.6,8,8,8.27272727272727,9,5,1,3,11,2491,1755,736,250,847,1644,7.92162281011642,8.59326495726496,6.32008480978261,6.8282,8.1130106257379,7.82301850364963,185
"181",2016,11,7.875,20,8.25,7,7,7.7,7.93333333333333,14,6,3,5,15,2511,1769,742,253,852,1659,7.9212514615691,8.59054833239119,6.32558277628032,6.8302371541502,8.11058685446009,7.82401592525618,186
"182",2016,12,7.8125,24,8.25,6.5,2.5,8,7.75,18,6,2,6,18,2535,1787,748,255,858,1677,7.92022186193294,8.58711807498602,6.32698184491979,6.79627450980392,8.10981351981352,7.82322147883125,187
"183",2017,1,9.04545454545454,22,9.70588235294118,6.8,5,9.58333333333333,8.84375,17,5,1,6,16,2557,1804,753,256,864,1693,7.9299031755964,8.59766075388027,6.33012273572377,6.7892578125,8.1200462962963,7.83286616656822,188
"184",2017,2,8.31313125,24,9.05971470588235,6.5,8,8.66666666666667,8.19528611111111,17,7,1,6,18,2581,1821,760,257,870,1711,7.93346670670283,8.60197427237782,6.33168739473684,6.79396887159533,8.12381609195402,7.83667888369374,189
"185",2017,3,8.34615384615385,13,9.1875,7,10,8.25,8.42857142857143,8,5,1,6,7,2594,1829,765,258,876,1718,7.9355349151889,8.60453534718426,6.33605545098039,6.80639534883721,8.1246803652968,7.83909055296857,190
"186",2017,4,9.03703703703704,27,9,9.5,9.5,9.5,8.90476190476191,25,2,2,6,21,2621,1854,767,260,882,1739,7.94688194200687,8.60986793419634,6.34430563233377,6.82711538461538,8.13403628117914,7.85195949971248,191
"187",2017,5,8.61764705882353,17,8.96153846153846,7.5,6,8.58333333333333,8.63636363636364,13,4,1,6,11,2638,1867,771,261,888,1750,7.95120453752843,8.61231663095877,6.35030145265888,6.82394636015326,8.13707207207207,7.85689004,192
"188",2017,6,8.55333333333333,15,8.71428571428571,6.3,NA,9.33333333333333,8.35833333333333,14,1,0,3,12,2653,1881,772,261,891,1762,7.9546089596683,8.61307557150453,6.35023629533679,6.82394636015326,8.14109988776655,7.8603050908059,193
"189",2017,7,8.65384615384615,26,9.23684210526316,7.07142857142857,6.7,8.66666666666667,8.65,19,7,5,6,20,2679,1900,779,266,897,1782,7.96139513624487,8.61931323684211,6.35671684210526,6.82161654135338,8.14461538461538,7.86916810886644,194
"190",2017,8,8.11764705882353,17,8.36363636363636,7.66666666666667,4,4,8.375,11,6,1,1,16,2696,1911,785,267,898,1798,7.96238040430267,8.61784152276296,6.36672919745223,6.81104868913858,8.14,7.87366939377085,195
"191",2017,9,7.83333333333333,12,8.75,6,6.5,7.5,8,8,4,2,4,8,2708,1919,789,269,902,1806,7.96180855612999,8.61839247003648,6.36486998732573,6.80873605947955,8.13716186252772,7.87422899778516,196
"192",2017,10,7.99,20,8.86666666666667,5.36,8,9.25,7.675,15,5,1,4,16,2728,1934,794,270,906,1822,7.9620152382698,8.62031807135471,6.3585420906801,6.81314814814815,8.14207505518764,7.87247945664105,197
"193",2017,11,8.03571428571429,14,8.77272727272727,5.33333333333333,5,5.66666666666667,8.68181818181818,11,3,3,3,11,2742,1945,797,273,909,1833,7.96239152808169,8.62118002570695,6.35468308657465,6.79322344322344,8.13390539053905,7.87733637206765,198
"194",2017,12,7.88888888888889,18,8.36363636363636,7.14285714285714,7.33333333333333,7,7.94117647058824,11,7,3,1,17,2760,1956,804,276,910,1850,7.96191216304348,8.61973167177915,6.36154529850746,6.79909420289855,8.13265934065934,7.87792301081081,199
"195",2018,1,8.05476190476191,21,8.29736842105263,5.75,NA,7.19166666666667,8.4,19,2,0,6,15,2781,1975,806,276,916,1865,7.96261329377922,8.61663045569621,6.36002781637717,6.79909420289855,8.12649563318777,7.88212202144772,200
"196",2018,2,7.75833333333333,24,8.90625,5.4625,4.8,7.275,8,16,8,4,8,16,2805,1991,814,280,924,1881,7.96086544385027,8.61895788548469,6.3512069041769,6.77053571428571,8.11912337662338,7.88312470494418,201
"197",2018,3,7.875,20,8.73076923076923,6.28571428571429,5.25,8.875,7.625,13,7,4,4,16,2825,2004,821,284,928,1897,7.96025754690266,8.61968320858284,6.35064850182704,6.74911971830986,8.12238146551724,7.88094758566157,202
"198",2018,4,7.97307692307692,26,8.48823529411765,7,8.25,8.33333333333333,7.78235294117647,17,9,4,9,17,2851,2021,830,288,937,1914,7.96037445457734,8.61857751113311,6.3576896626506,6.76996527777778,8.12440768409819,7.88007187565308,203
"199",2018,5,7.95454545454545,22,8.52941176470588,6,6,7,8.5,17,5,3,8,14,2873,2038,835,291,945,1928,7.96032981900453,8.617833734053,6.35554780838323,6.76202749140893,8.11488888888889,7.88457342842323,204
"200",2018,6,8.66666666666667,12,9.4,5,7,10,8.4,10,2,1,2,10,2885,2048,837,292,947,1938,7.96326778856153,8.62165290527344,6.35230874551971,6.76284246575342,8.11887011615628,7.88723300825593,205
"201",2018,7,8.72727272727273,11,9.125,7.66666666666667,7.5,9.6,8,8,3,2,5,6,2896,2056,840,294,952,1944,7.9661697410221,8.62361145428016,6.35700288095238,6.76785714285714,8.12664915966386,7.88758105452675,206
"202",2018,8,8.06666666666667,15,8.88888888888889,6.83333333333333,NA,9,7.83333333333333,9,6,0,3,12,2911,2065,846,294,955,1956,7.96668758845758,8.62476762711865,6.36038111111111,6.76785714285714,8.12939267015707,7.88724824642127,207
"203",2018,9,8.16666666666667,9,9.8,6.125,NA,7.5,8.35714285714286,5,4,0,2,7,2920,2070,850,294,957,1963,7.96730396232877,8.62760635265701,6.35927343529412,6.76785714285714,8.12807732497387,7.8889238767193,208
"204",2018,10,8.61538461538461,13,9.5,7.2,8,9.25,8.33333333333333,8,5,2,4,9,2933,2078,855,296,961,1972,7.97017646437095,8.63096494225217,6.36418996491228,6.77618243243243,8.1327471383975,7.89095211460446,209
"205",2018,11,7.15,20,8.06666666666667,4.4,5.33333333333333,8.07142857142857,6.65384615384615,15,5,3,7,13,2953,2093,860,299,968,1985,7.96462159498815,8.62692075967511,6.35277025581395,6.76170568561873,8.13230371900826,7.88285016120907,210
"206",2018,12,8.41666666666667,12,8.55555555555556,8,7,8,8.45454545454546,9,3,2,1,11,2965,2102,863,301,969,1996,7.96645111973019,8.62661519980971,6.35849643105446,6.76328903654485,8.13216718266253,7.88600078657314,211
"207",2019,1,8.09523809523809,21,8.64705882352941,5.75,5.66666666666667,8.66666666666667,7.86666666666667,17,4,3,6,15,2986,2119,867,304,975,2011,7.96735685532485,8.62677921189241,6.35568906574394,6.75246710526316,8.13545641025641,7.88585657384386,212
"208",2019,2,7.72727272727273,11,7.85714285714286,7.5,7,6.4,8.83333333333333,7,4,4,5,6,2997,2126,871,308,980,2017,7.96647566566567,8.62424513170274,6.3609442250287,6.75568181818182,8.12660204081632,7.88867504709965,213
"209",2019,3,7.73076923076923,13,8.85714285714286,6.41666666666667,8.25,8.33333333333333,7.55,7,6,2,3,10,3010,2133,877,310,983,2027,7.96545766445183,8.62500944678857,6.36132545039909,6.76532258064516,8.12723296032553,7.88700422792304,214
"210",2019,4,7.88076923076923,13,8.45833333333333,7.38571428571429,8,6.25,8.60555555555556,6,7,1,4,9,3023,2139,884,311,987,2036,7.96509347337082,8.62454191210847,6.36943712669683,6.76929260450161,8.1196251266464,7.89018053536346,215
"211",2019,5,8.56428571428571,14,8.71818181818182,8,8,7.7,8.70833333333333,11,3,1,2,12,3037,2150,887,312,989,2048,7.96785563714192,8.62502100000001,6.37495199549042,6.77323717948718,8.11877654196157,7.89497439941406,216
"212",2019,6,8.32727272727273,22,8.6375,7.5,8.33333333333333,7.78571428571429,8.58,16,6,3,7,15,3059,2166,893,315,996,2063,7.97044052631579,8.62511318097877,6.38251110862262,6.78809523809524,8.11643574297188,7.89995519631604,217
"213",2019,7,8.60714285714286,14,8.75,8.25,7.66666666666667,7.5,9.05,10,4,3,4,10,3073,2176,897,318,1000,2073,7.97334122030589,8.62568710937501,6.39083881828317,6.79638364779874,8.11397,7.90550292812349,218
"214",2019,8,7.83333333333333,21,7.92857142857143,7.64285714285714,8.5,8.1,7.75,14,7,3,5,16,3094,2190,904,321,1005,2089,7.97239094053006,8.62123066210047,6.40053365044248,6.81230529595016,8.11390049751243,7.90431190521781,219
"215",2019,9,7.95,10,8.83333333333333,6.625,8,8,7.94444444444444,6,4,1,1,9,3104,2196,908,322,1006,2098,7.97231880476804,8.62181017759564,6.40152248898678,6.81599378881988,8.11378727634195,7.90448406577693,220
"216",2019,10,8.8125,16,9.33333333333333,7.25,7,9.5,8.58333333333333,12,4,1,4,12,3120,2208,912,323,1010,2110,7.97662742628205,8.62567715126812,6.40524388157895,6.81656346749226,8.11927722772277,7.90834481990521,221
"217",2019,11,8.57692307692308,13,8.5,9,NA,7.6,9.1875,11,2,0,5,8,3133,2219,914,323,1015,2118,7.97911827960422,8.62505414601173,6.41092168490153,6.81656346749226,8.11671921182266,7.91317637865911,222
"218",2019,12,7.9,10,9.4,6.4,8,7.5,8.16666666666667,5,5,2,4,6,3143,2224,919,325,1019,2124,7.97886655106586,8.62679638039569,6.41086226332971,6.82384615384615,8.11429833169774,7.91389245291902,223
"219",2020,1,7.86363636363636,22,8.73333333333333,6,6,7.75,7.88888888888889,15,7,2,4,18,3165,2239,926,327,1023,2142,7.97806558293839,8.62751011612328,6.40775639308855,6.81880733944954,8.11287390029325,7.91368233893557,224
"220",2020,2,7.86368421052632,19,8.65384615384615,6.15166666666667,6.5,7.6,7.934,13,6,3,4,15,3184,2252,932,330,1027,2157,7.9773830307789,8.62766214476022,6.40610774678112,6.81590909090909,8.11087633885102,7.91382363004172,225
"221",2020,3,8.03333333333333,18,8.43076923076923,7,10,8.5,7.9,13,5,1,4,14,3202,2265,937,331,1031,2171,7.97769755465334,8.6265320750552,6.40927686232657,6.82552870090634,8.11238603297769,7.91373448641179,226
"222",2020,4,8.6578947368421,19,9.53846153846154,6.75,6.33333333333333,9.66666666666667,8.19230769230769,13,6,3,6,13,3221,2278,943,334,1037,2184,7.98170989444272,8.63173623792802,6.41144477200424,6.82110778443114,8.12137897782063,7.91539266025641,227
"223",2020,5,8.02631578947368,19,8.5,7,6.5,8.75,7.69230769230769,13,6,2,6,13,3240,2291,949,336,1043,2197,7.98197147222222,8.6309887167176,6.41516587987355,6.81919642857143,8.12499520613614,7.91407263086026,228
"224",2020,6,7.82777777777778,18,8.925,6.95,8.33333333333333,7.63333333333333,7.925,8,10,3,6,12,3258,2299,959,339,1049,2209,7.98111957335789,8.63201180948239,6.42074287799791,6.83259587020649,8.12218303145853,7.91413199185151,229
"225",2020,7,8.35294117647059,17,9.08333333333333,6.6,6,9.16666666666667,7.90909090909091,12,5,3,6,11,3275,2311,964,342,1055,2220,7.98304963969466,8.63435532237128,6.42167263485477,6.82529239766082,8.12812322274881,7.91410701351351,230
"226",2020,8,7.98571428571429,14,8.77777777777778,6.56,6.475,7.98333333333333,7.9875,9,5,4,6,8,3289,2320,969,346,1061,2228,7.98306098206142,8.63491170258622,6.42238639834881,6.82124277456647,8.12730442978322,7.91437054308797,231
"227",2020,9,8.70909090909091,11,9.0625,7.76666666666667,NA,9.46,8.08333333333333,8,3,0,5,6,3300,2328,972,346,1066,2234,7.98548108181818,8.6363810781787,6.42653541152263,6.82124277456647,8.13355534709193,7.91482433751119,232
"228",2020,10,8.07142857142857,14,8.71428571428571,7.42857142857143,7.5,9,7.81818181818182,7,7,2,3,11,3314,2335,979,348,1069,2245,7.98584416716959,8.63661462526768,6.43370012257405,6.82514367816092,8.13598690364826,7.91435081069042,233
"229",2020,11,8.93333333333333,15,8.93333333333333,NA,NA,8.75,9,15,0,0,4,11,3329,2350,979,348,1073,2256,7.99011341844398,8.6385085744681,6.43370012257405,6.82514367816092,8.13827586206896,7.91964431294326,234
"230",2020,12,8.48421052631579,19,8.84166666666667,7.87142857142857,8.43333333333333,9.22,8.22142857142857,12,7,3,5,14,3348,2362,986,351,1078,2270,7.99291743428913,8.63954070702795,6.44390711967546,6.83888888888889,8.14329313543599,7.92150553744493,235
"231",2021,1,8.31578947368421,19,9.25,3.33333333333333,3.5,8.71428571428571,8.08333333333333,16,3,2,7,12,3367,2378,989,353,1085,2282,7.9947394030294,8.64364808662743,6.43447160768453,6.8199716713881,8.14697695852534,7.92235651621384,236
"232",2021,2,7.83333333333333,15,8.55,6.4,9.5,8.75,7.5,10,5,2,4,11,3382,2388,994,355,1089,2293,7.99402352749852,8.64325592546065,6.43429820925553,6.83507042253521,8.14919191919192,7.92033038377671,237
"233",2021,3,8.0625,16,8.14285714285714,7.5,6.5,6,8.53846153846154,14,2,2,3,13,3398,2402,996,357,1092,2306,7.99434595938788,8.64033936303082,6.43643817269076,6.83319327731092,8.14328754578754,7.92381507805724,238
"234",2021,4,8.053,20,8.56625,6,5,7.812,8.13333333333333,16,4,1,5,15,3418,2418,1000,358,1097,2321,7.99468916617905,8.63984911083541,6.43469242,6.82807262569832,8.1417775752051,7.92516913830245,239
"235",2021,5,8.41666666666667,18,9.40909090909091,6.85714285714286,7.5,7.42857142857143,9.04545454545454,11,7,2,7,11,3436,2429,1007,360,1104,2332,7.99689975844005,8.64333270893373,6.43762901688183,6.83180555555556,8.1372554347826,7.93045350343053,240
"236",2021,6,8.88888888888889,9,9.33333333333333,8,NA,9,8.875,6,3,0,1,8,3445,2435,1010,360,1105,2340,7.99923006386067,8.6450329158111,6.44226972277228,6.83180555555556,8.13803619909502,7.93368272222222,241
"237",2021,7,8.67692307692308,13,8.88,8,7,7.93333333333333,8.9,10,3,1,3,10,3458,2445,1013,361,1108,2350,8.00177778195489,8.64599392638038,6.44688294175716,6.83227146814404,8.13748194945848,7.93779471063829,242
"238",2021,8,6.84615384615385,13,8.625,4,NA,5.5,7.09090909090909,8,5,0,2,11,3471,2453,1018,361,1110,2361,7.99744960242005,8.64592545862211,6.43486485265226,6.83227146814404,8.13272972972972,7.93384903430749,243
"239",2021,9,8.11764705882353,17,8.53846153846154,6.75,NA,7.5,8.45454545454546,13,4,0,6,11,3488,2466,1022,361,1116,2372,7.9980354271789,8.64535894160585,6.43609825831703,6.83227146814404,8.12932795698924,7.93626373102866,244
"240",2021,10,8.82142857142857,14,8.88461538461539,8,NA,9.5,8.44444444444444,13,1,0,5,9,3502,2479,1023,361,1121,2381,8.00132711878926,8.64661361436064,6.43762699902248,6.83227146814404,8.13544157002676,7.93818461570768,245
"241",2021,11,8.78125,16,9.27272727272727,7.7,NA,9.5,8.67857142857143,11,5,0,2,14,3518,2490,1028,361,1123,2395,8.00487423820353,8.64937957831326,6.44376694552529,6.83227146814404,8.13787177203918,7.94251255532359,246
"242",2021,12,7.23157894736842,19,8.40833333333333,5.21428571428571,6.25,7.75,6.99230769230769,12,7,4,6,13,3537,2502,1035,365,1129,2408,8.00072026293469,8.64822348121504,6.43545161352657,6.8258904109589,8.13581045172719,7.93738271179402,247
"243",2022,1,8.12791666666667,24,8.77611111111111,6.18333333333333,3,8.12125,8.13125,18,6,1,8,16,3561,2520,1041,366,1137,2424,8.00157752597585,8.64913696428573,6.43399848222863,6.81543715846995,8.13570800351802,7.93866236386138,248
"244",2022,2,7.67647058823529,17,8.875,6.61111111111111,NA,6.71428571428571,8.35,8,9,0,7,10,3578,2528,1050,366,1144,2434,8.00003285913918,8.64985172072786,6.43551659047619,6.81543715846995,8.12701048951048,7.94035232949876,249
"245",2022,3,8.375,16,9,6.5,8.5,10,8.26666666666667,12,4,2,1,15,3594,2540,1054,368,1145,2449,8.00170216193656,8.65150596456694,6.43576130929791,6.82459239130435,8.1286462882096,7.94235098815843,250
"246",2022,4,8.23529411764706,17,9,6.83333333333333,4,6.5,8.46666666666667,11,6,1,2,15,3611,2551,1060,369,1147,2464,8.00280187482692,8.65300868286947,6.43801171698113,6.81693766937669,8.1258064516129,7.94554284496753,251
"247",2022,5,7.71428571428571,21,8.78571428571429,5.57142857142857,8,8.75,7.47058823529412,14,7,1,4,17,3632,2565,1067,370,1151,2481,8.00113369218062,8.65373300194933,6.43232654170572,6.82013513513514,8.12797567332754,7.94228841999194,252
"248",2022,6,8.46153846153846,13,8.77777777777778,7.75,NA,8.66666666666667,8.4,9,4,0,3,10,3645,2574,1071,370,1154,2491,8.002775739369,8.65416672494174,6.43724782446312,6.82013513513514,8.1293760831889,7.94412588117222,253
"249",2022,7,8,11,8.8125,5.83333333333333,NA,8.75,7.83333333333333,8,3,0,2,9,3656,2582,1074,370,1156,2500,8.00276738785558,8.65465730054223,6.43556091247672,6.82013513513514,8.13044982698961,7.943727028,254
"250",2022,8,8.47058823529412,17,8.875,8.11111111111111,7.66666666666667,8,8.5,8,9,3,1,16,3673,2590,1083,373,1157,2516,8.00493263544786,8.65533789575291,6.44948515235457,6.8269436997319,8.13033707865168,7.94726453497615,255
"251",2022,9,8.66666666666667,12,8.75,8.5,NA,6,8.90909090909091,8,4,0,1,11,3685,2598,1087,373,1158,2527,8.00708753595658,8.65562938799077,6.45703074517019,6.8269436997319,8.12849740932642,7.95145135338346,256
"252",2022,10,6.5,8,8.6,3,NA,4,7.33333333333333,5,3,0,2,6,3693,2603,1090,373,1160,2533,8.00382279176821,8.65552253169421,6.44751598165138,6.8269436997319,8.12137931034482,7.9499871969996,257
"253",2022,11,7.83333333333333,12,8.22222222222222,6.66666666666667,4,8,7.8,9,3,1,2,10,3705,2612,1093,374,1162,2543,8.00327059919028,8.65402953675345,6.44811749313815,6.81938502673797,8.12117039586919,7.9493973928431,258
"254",2022,12,8.15384615384615,13,9.2,4.66666666666667,6,6.75,8.77777777777778,10,3,1,4,9,3718,2622,1096,375,1166,2552,8.00379708714362,8.65611180396645,6.44324125912409,6.8172,8.1164665523156,7.95231879702194,259
