"","year","month","avg_rating","no_ratings","avg_rating_owned","avg_rating_not_owned","avg_rating_prev_owned","avg_rating_comment","avg_rating_no_comment","no_ratings_owned","no_ratings_not_owned","no_ratings_prev_owned","no_ratings_comment","no_ratings_no_comment","cum_no_ratings","cum_no_ratings_owned","cum_no_ratings_not_owned","cum_no_ratings_prev_owned","cum_no_ratings_comment","cum_no_ratings_no_comment","cum_avg_rating","cum_avg_rating_owned","cum_avg_rating_not_owned","cum_avg_rating_prev_owned","cum_avg_rating_comment","cum_avg_rating_no_comment","month_after_release"
"1",2006,9,7,1,NA,7,NA,7,NA,0,1,0,1,0,1,0,1,0,1,0,7,NA,7,NA,7,NA,-1
"2",2006,10,7.23809523809524,21,8.1,6.45454545454545,9,6.94444444444444,7.45833333333333,10,11,1,9,12,22,10,12,1,10,12,7.22727272727273,8.1,6.5,9,6.95,7.45833333333333,0
"3",2006,11,6.92692307692308,26,7.75833333333333,6.21428571428571,NA,6.66666666666667,7.28181818181818,12,14,0,15,11,48,22,26,1,25,23,7.06458333333333,7.91363636363636,6.34615384615385,9,6.78,7.37391304347826,1
"4",2006,12,7.09259259259259,27,7.88461538461539,6.35714285714286,8,6.86363636363636,7.25,13,14,2,11,16,75,35,40,3,36,39,7.07466666666667,7.90285714285714,6.35,8.33333333333333,6.80555555555556,7.32307692307692,2
"5",2007,1,7.27857142857143,42,8.17777777777778,6.60416666666667,7,7.37777777777778,7.1,18,24,2,27,15,117,53,64,5,63,54,7.14786324786325,7.99622641509434,6.4453125,7.8,7.05079365079365,7.26111111111111,3
"6",2007,2,7.06760814814815,27,7.85714285714286,6.21734,8.5,6.84375,7.39322,14,13,1,16,11,144,67,77,6,79,65,7.13281541666667,7.96716417910448,6.40682363636364,7.91666666666667,7.00886075949367,7.283468,4
"7",2007,3,6.83148148148148,27,7.53,6.42058823529412,8,6.2,7.265625,10,17,1,11,16,171,77,94,7,90,81,7.08523637426901,7.91038961038961,6.4093129787234,7.92857142857143,6.91,7.27994345679012,5
"8",2007,4,6.63472222222222,36,7.6,6.26346153846154,7.66666666666667,6.30769230769231,6.8195652173913,10,26,3,13,23,207,87,120,10,103,104,7.00688608695652,7.87471264367816,6.37771183333333,7.85,6.83398058252427,7.17812903846154,6
"9",2007,5,6.85,25,7.84090909090909,6.07142857142857,7,6.85416666666667,6.84615384615385,11,14,4,12,13,232,98,134,14,115,117,6.98998025862069,7.87091836734694,6.34571208955224,7.60714285714286,6.83608695652174,7.14124290598291,7
"10",2007,6,7.15,26,7.63846153846154,6.66153846153846,7.25,6.83333333333333,7.58181818181818,13,13,2,15,11,258,111,147,16,130,128,7.00610627906977,7.84369369369369,6.37364231292517,7.5625,6.83576923076923,7.17910484375,8
"11",2007,7,7.14285714285714,14,7.42857142857143,6.85714285714286,NA,7,7.25,7,7,0,6,8,272,118,154,16,136,136,7.01314492647059,7.81906779661017,6.39561961038961,7.5625,6.84301470588235,7.18327514705882,9
"12",2007,8,7.375,20,8,6.61111111111111,5.75,7.18181818181818,7.61111111111111,11,9,2,11,9,292,129,163,18,147,145,7.03792952054795,7.83449612403101,6.40751791411043,7.36111111111111,6.86836734693878,7.20983048275862,10
"13",2007,9,7.2890625,32,7.5,6.98076923076923,7.66666666666667,7.60714285714286,7.2,19,13,3,7,25,324,148,176,21,154,170,7.06273277777778,7.79155405405405,6.44986034090909,7.40476190476191,6.90194805194805,7.20838482352941,11
"14",2007,10,7.21153846153846,26,8.06666666666667,6.04545454545455,9,6.5,7.65625,15,11,1,10,16,350,163,187,22,164,186,7.07378691428571,7.81687116564417,6.42607176470588,7.47727272727273,6.87743902439024,7.24691086021505,12
"15",2007,11,6.95769230769231,26,7.29166666666667,6.67142857142857,6,6.76923076923077,7.14615384615385,12,14,1,13,13,376,175,201,23,177,199,7.06575909574468,7.78085714285714,6.44316129353234,7.41304347826087,6.86949152542373,7.24032874371859,13
"16",2007,12,7.01944444444444,36,7.56,6.34375,8,7.04444444444444,6.99444444444444,20,16,1,18,18,412,195,217,24,195,217,7.06171218446602,7.75820512820513,6.43583142857143,7.4375,6.88564102564103,7.21993281105991,14
"17",2008,1,6.612,25,7.32222222222222,6.2125,NA,6.04545454545455,7.05714285714286,9,16,0,11,14,437,204,233,24,206,231,7.03598494279176,7.73897058823529,6.42049536480687,7.4375,6.84077669902913,7.21006675324675,15
"18",2008,2,6.80952380952381,21,7.85,5.86363636363636,NA,7.15,6.5,10,11,0,10,11,458,214,244,24,216,242,7.02560135371179,7.74415887850467,6.39539106557377,7.4375,6.85509259259259,7.17779099173554,16
"19",2008,3,6.76666666666667,21,7.77777777777778,6.00833333333333,6.8,6.07142857142857,7.11428571428571,9,12,2,7,14,479,223,256,26,223,256,7.01424931106472,7.74551569506726,6.377247734375,7.38846153846154,6.8304932735426,7.174318046875,17
"20",2008,4,6.55555555555556,9,7.5,5.8,7,6.8,6.25,4,5,1,5,4,488,227,261,27,228,260,7.00578979508197,7.74118942731278,6.366189348659,7.37407407407407,6.82982456140351,7.16009776923077,18
"21",2008,5,7.09375,16,7.91666666666667,6.6,8,6.75,7.3,6,10,2,6,10,504,233,271,29,234,270,7.00858218253968,7.74570815450644,6.37481704797048,7.41724137931034,6.82777777777778,7.16527933333333,19
"22",2008,6,7.48675,16,8.0288,6.58333333333333,7,8.01466666666667,7.17,10,6,1,6,10,520,243,277,30,240,280,7.02329503846154,7.75735802469136,6.37933364620939,7.40333333333333,6.85745,7.16544792857143,20
"23",2008,7,6.54545454545455,22,7.78571428571429,5.96666666666667,6,6.29166666666667,6.85,7,15,6,12,10,542,250,292,36,252,290,7.00389929889299,7.758152,6.358135,7.16944444444445,6.83050793650794,7.1545704137931,21
"24",2008,8,6.91304347826087,23,8.22222222222222,6.07142857142857,6,5.9,7.69230769230769,9,14,3,10,13,565,259,306,39,262,303,7.00020074336283,7.77427799227799,6.3450177124183,7.07948717948718,6.79499236641221,7.17764165016502,22
"25",2008,9,6.8047619047619,21,7.55454545454545,5.98,6.26666666666667,7.51666666666667,6.52,11,10,3,6,15,586,270,316,42,268,318,6.99319696245734,7.76532592592593,6.33346651898734,7.02142857142857,6.81114925373134,7.14662081761006,23
"26",2008,10,7.02173913043478,23,7.88888888888889,6.46428571428571,6,6.59090909090909,7.41666666666667,9,14,2,11,12,609,279,330,44,279,330,6.99427490968801,7.76931182795699,6.33901642424242,6.975,6.80246594982079,7.15644066666667,24
"27",2008,11,7.07608695652174,23,7.58333333333333,6.75,6.6,7.20833333333333,6.93181818181818,9,14,5,12,11,632,288,344,49,291,341,6.99725224683544,7.7635,6.3557425,6.93673469387755,6.81920274914089,7.14919478005865,25
"28",2008,12,7.23636363636364,11,7.33333333333333,7.2,7.5,8,6.8,3,8,4,4,7,643,291,352,53,295,348,7.00134279937792,7.75906529209622,6.37493017045454,6.97924528301887,6.83521355932203,7.14217074712644,26
"29",2009,1,7.45238095238095,21,8.3,6.68181818181818,7.33333333333333,7.38888888888889,7.5,10,11,3,9,12,664,301,363,56,304,360,7.01560756024096,7.7770365448505,6.38422980716253,6.99821428571429,6.85160526315789,7.15409838888889,27
"30",2009,2,6.88322580645161,31,7.35416666666667,6.58578947368421,6.75,7.158,6.75238095238095,12,19,2,10,21,695,313,382,58,314,381,7.00970276258993,7.76082428115016,6.39425502617801,6.98965517241379,6.86136305732484,7.13195648293963,28
"31",2009,3,6.86428571428571,21,7.875,6.62647058823529,7,7,6.84166666666667,4,17,6,3,18,716,317,399,64,317,399,7.00543773743017,7.76226498422713,6.40414892230576,6.990625,6.86267507886435,7.11886070175439,29
"32",2009,4,6.76129032258065,31,7.54545454545455,6.33,5.5,6.64285714285714,6.79583333333333,11,20,2,7,24,747,328,419,66,324,423,6.99530578313253,7.75499390243902,6.40060959427208,6.94545454545455,6.85792592592593,7.10053290780142,30
"33",2009,5,6.91176470588235,17,9.07142857142857,5.4,6.5,7.4375,6.44444444444444,7,10,2,8,9,764,335,429,68,332,432,6.99344688481675,7.78250149253731,6.37728536130536,6.93235294117647,6.87189156626506,7.08686439814815,31
"34",2009,6,6.60344827586207,29,7.57692307692308,5.8125,7,6.5,6.63636363636364,13,16,1,7,22,793,348,445,69,339,454,6.9791846406053,7.77482183908046,6.35697847191011,6.93333333333333,6.86421238938053,7.06503396475771,32
"35",2009,7,6.92608695652174,23,7.58333333333333,6.69411764705882,6.56,6.87272727272727,6.975,6,17,5,11,12,816,354,462,74,350,466,6.97768801470588,7.77157627118644,6.36938402597403,6.90810810810811,6.86448,7.06271549356223,33
"36",2009,8,7.0625,16,7.61111111111111,6.35714285714286,7.16666666666667,7.625,6.875,9,7,3,4,12,832,363,469,77,354,478,6.97931901442308,7.76759779614325,6.36920132196162,6.91818181818182,6.87307344632768,7.0580029707113,34
"37",2009,9,7.19545454545455,22,8.57142857142857,6.55333333333333,7,7.2375,7.17142857142857,7,15,2,8,14,854,370,484,79,362,492,6.98488690866511,7.7828054054054,6.37490789256198,6.92025316455696,6.8811270718232,7.06123052845528,35
"38",2009,10,6.9875,16,7.3125,6.6625,9.5,7.35714285714286,6.7,8,8,1,7,9,870,378,492,80,369,501,6.98493496551724,7.77285185185185,6.37958418699187,6.9525,6.89015718157182,7.05474135728543,36
"39",2009,11,6.55769230769231,26,7.11111111111111,6.26470588235294,6.33333333333333,7.4,6.35714285714286,9,17,3,5,21,896,387,509,83,374,522,6.97253729910714,7.75746253229974,6.3757473870334,6.93012048192771,6.89697326203208,7.02667704980843,37
"40",2009,12,6.51666666666667,24,8,5.90588235294118,5.6,5.71428571428571,6.84705882352941,7,17,5,7,17,920,394,526,88,381,539,6.96064502173913,7.76177157360406,6.36056163498099,6.85454545454546,6.87524409448819,7.0210119109462,38
"41",2010,1,6.6375,20,8.4,6.05,NA,6.32142857142857,6.80769230769231,5,15,0,7,13,940,399,541,88,388,552,6.95376959574468,7.7697694235589,6.35195086876155,6.85454545454546,6.86525257731959,7.01598807971015,39
"42",2010,2,6.97142857142857,14,7.65,6.85833333333333,6.5,7,6.96923076923077,2,12,2,1,13,954,401,553,90,389,565,6.95402874213837,7.76917206982544,6.3629392766727,6.84666666666667,6.86559897172236,7.01491224778761,40
"43",2010,3,6.95769230769231,13,7.51666666666667,6.79,6.65,8.275,6.71818181818182,3,10,2,2,11,967,404,563,92,391,576,6.95407799379524,7.76729702970297,6.37052472468917,6.84239130434783,6.87280818414322,7.00924552083333,41
"44",2010,4,6.22941176470588,17,7,5.80909090909091,NA,6.66666666666667,6.13571428571429,6,11,0,3,14,984,410,574,92,394,590,6.94155835365854,7.75606829268293,6.35976554006969,6.84239130434783,6.8712385786802,6.98851766101695,42
"45",2010,5,6.66666666666667,6,7.125,5.75,NA,6.33333333333333,7,4,2,0,3,3,990,414,576,92,397,593,6.93989234343434,7.74997101449275,6.35764829861111,6.84239130434783,6.86717380352645,6.98857575042159,43
"46",2010,6,6.5,9,7.83333333333333,5.83333333333333,6,7.375,5.8,3,6,2,4,5,999,417,582,94,401,598,6.93592934934935,7.75057074340528,6.35224298969072,6.82446808510638,6.87223940149626,6.97863782608696,44
"47",2010,7,6.9,10,7.33333333333333,6.71428571428571,7,7,6.875,3,7,1,2,8,1009,420,589,95,403,606,6.93557326065411,7.74759047619048,6.35654570458404,6.82631578947368,6.87287344913151,6.977269669967,45
"48",2010,8,6.52,10,7.25,6.3375,NA,4.83333333333333,7.24285714285714,2,8,0,3,7,1019,422,597,95,406,613,6.93149501472031,7.74523222748815,6.35629048576215,6.82631578947368,6.85780295566502,6.98030247960848,46
"49",2010,9,6.96666666666667,15,7.75,6.44444444444444,7.5,6,7.31818181818182,6,9,2,4,11,1034,428,606,97,410,624,6.9320052417795,7.74529906542056,6.3575997029703,6.84020618556701,6.84943414634146,6.98625868589744,47
"50",2010,10,6.95333333333333,15,7.91666666666667,6.31111111111111,7,7.16666666666667,6.81111111111111,6,9,1,6,9,1049,434,615,98,416,633,6.93231021925644,7.74766820276498,6.35691938211382,6.84183673469388,6.85400961538462,6.98376843601896,48
"51",2010,11,7.071,41,8.46428571428571,6.34855555555556,6.625,6.95454545454545,7.1137,14,27,4,11,30,1090,448,642,102,427,663,6.93752699082569,7.7700625,6.35656763239876,6.83333333333333,6.85659953161592,6.98964769230769,49
"52",2010,12,7.06666666666667,21,7.55,6.62727272727273,8,5.75,7.59333333333333,10,11,1,6,15,1111,458,653,103,433,678,6.93996797479748,7.7652576419214,6.36112774885146,6.84466019417476,6.84126558891455,7.00300356932153,50
"53",2011,1,7.58725490196078,51,8.025,6.96190476190476,7.125,7.85,7.47777777777778,30,21,8,15,36,1162,488,674,111,448,714,6.96837729776248,7.78122540983607,6.37984632047478,6.86486486486486,6.87504017857143,7.02694176470588,51
"54",2011,2,7.17111111111111,45,8.16,6.38,7.25,7.30909090909091,7.12647058823529,20,25,4,11,34,1207,508,699,115,459,748,6.97593572493786,7.79613779527559,6.37985181688126,6.87826086956522,6.88544226579521,7.03146580213904,52
"55",2011,3,6.95096153846154,52,7.94583333333333,6.09821428571429,6.66666666666667,7.62941176470588,6.62142857142857,24,28,3,17,35,1259,532,727,118,476,783,6.97490422557585,7.80289097744361,6.3690047042641,6.8728813559322,6.91201260504202,7.01313719029374,53
"56",2011,4,7.2952380952381,42,7.80208333333333,6.61944444444444,7.4375,6.78125,7.41617647058824,24,18,4,8,34,1301,556,745,122,484,817,6.98524551883167,7.80285611510791,6.37505559731544,6.89139344262295,6.90985123966942,7.02990993880049,54
"57",2011,5,7.26704545454545,44,7.72222222222222,6.95192307692308,6.875,7.1875,7.3125,18,26,8,16,28,1345,574,771,130,500,845,6.9944642527881,7.8003275261324,6.39450897535668,6.89038461538462,6.918736,7.03927386982248,55
"58",2011,6,7.11538461538461,39,7.96875,6.52173913043478,7.14285714285714,7.5,7.03125,16,23,7,7,32,1384,590,794,137,507,877,6.99787169075145,7.80489491525424,6.39819448362721,6.90328467153285,6.92676134122288,7.03898109464082,56
"59",2011,7,7.08235294117647,34,7.18695652173913,6.86363636363636,7.25,6.90625,7.23888888888889,23,11,2,16,18,1418,613,805,139,523,895,6.99989733427362,7.78170962479609,6.40455455900621,6.90827338129496,6.92613384321224,7.04300158659218,57
"60",2011,8,7.08166666666667,30,8,6.68809523809524,6.5,8.16666666666667,6.81041666666667,9,21,3,6,24,1448,622,826,142,529,919,7.00159145027624,7.78486816720257,6.41176322033898,6.89964788732394,6.94020415879017,7.03692755168662,58
"61",2011,9,7.30434782608696,23,8.5,6.38461538461539,8.16666666666667,7.66666666666667,6.90909090909091,10,13,3,12,11,1471,632,839,145,541,930,7.00632523453433,7.7961835443038,6.41134257449345,6.92586206896552,6.9563179297597,7.03541550537634,59
"62",2011,10,6.78974358974359,39,7.12666666666667,6.57916666666667,7.2,7.9875,6.48064516129032,15,24,5,8,31,1510,647,863,150,549,961,7.00073140397351,7.78066151468315,6.41600975666281,6.935,6.97134426229508,7.01751968782518,60
"63",2011,11,6.57391304347826,23,7.78571428571429,6.04375,6.35,6.25,6.64210526315789,7,16,4,4,19,1533,654,879,154,553,980,6.99432773646445,7.78071559633027,6.40923369738339,6.9198051948052,6.96612658227848,7.01024124489796,61
"64",2011,12,6.59736842105263,38,7.5,6.128,6.5,6.125,6.72333333333333,13,25,5,8,30,1571,667,904,159,561,1010,6.98472591979631,7.77524437781109,6.40145621681416,6.90660377358491,6.95413190730838,7.00171922772277,62
"65",2012,1,6.67906976744186,43,7.84375,5.98888888888889,6.25,7.27272727272727,6.475,16,27,8,11,32,1614,683,931,167,572,1042,6.97658266418835,7.77684919472914,6.38949132116004,6.8751497005988,6.96025874125874,6.98554358925144,63
"66",2012,2,6.66666666666667,24,7.375,6.3125,6.33333333333333,6.4,6.73684210526316,8,16,3,5,19,1638,691,947,170,577,1061,6.97204177045177,7.77219681620839,6.38819051742344,6.86558823529412,6.95540381282496,6.9810899340245,64
"67",2012,3,6.47142857142857,21,6.92857142857143,6.24285714285714,6.48571428571429,5.675,6.96153846153846,7,14,7,8,13,1659,698,961,177,585,1074,6.96570489451477,7.76373638968481,6.38607327783559,6.85056497175141,6.93789401709402,6.98085327746741,65
"68",2012,4,7.31,25,7.88636363636364,6.85714285714286,6.8,9,7.16304347826087,11,14,5,2,23,1684,709,975,182,587,1097,6.97081616389549,7.7656389280677,6.39283735384615,6.84917582417583,6.9449199318569,6.98467312670921,66
"69",2012,5,6.7,28,7.5,6.25555555555556,6.875,6.96363636363636,6.52941176470588,10,18,4,11,17,1712,719,993,186,598,1114,6.96638692757009,7.76194436717663,6.39034886203424,6.8497311827957,6.94526421404682,6.97772569120287,67
"70",2012,6,7.05428571428571,35,7.84285714285714,6.52857142857143,6.8,7.1,7.04666666666667,14,21,5,5,30,1747,733,1014,191,603,1144,6.96814792215226,7.7634897680764,6.39321145956608,6.84842931937173,6.94654726368159,6.97953358391608,68
"71",2012,7,6.84935483870968,31,7.22222222222222,6.69681818181818,7.4,7,6.80541666666667,9,22,5,7,24,1778,742,1036,196,610,1168,6.96607672665917,7.75692452830189,6.39965870656371,6.8625,6.94716065573771,6.9759558390411,69
"72",2012,8,7.29688208333333,24,8.212517,6.64285714285714,6.5,7.14064625,7.375,10,14,2,8,16,1802,752,1050,198,618,1184,6.97048256936737,7.76298293882979,6.40290135238095,6.85883838383838,6.9496653236246,6.9813483277027,70
"73",2012,9,7.25,24,8.025,6.8625,6.07142857142857,6.9,7.34210526315789,8,16,7,5,19,1826,760,1066,205,623,1203,6.97415640197152,7.76574101315789,6.40979964352721,6.8319512195122,6.94926672552167,6.98704606816293,71
"74",2012,10,6.7,45,7.87826086956522,5.46818181818182,5.41666666666667,6.53846153846154,6.765625,23,22,6,13,32,1871,783,1088,211,636,1235,6.96756258150722,7.76904619412516,6.39075957720588,6.79170616113744,6.94086976415095,6.98130884210526,72
"75",2012,11,7.046875,32,7.65294117647059,6.36,6.2,7.3,6.9625,17,15,7,8,24,1903,800,1103,218,644,1259,6.96889626379401,7.7665789625,6.39034126926564,6.77270642201835,6.94533100931677,6.98095029388404,73
"76",2012,12,6.74393939393939,33,7.203125,6.31176470588235,6.9375,7.17857142857143,6.62692307692308,16,17,8,7,26,1936,816,1120,226,651,1285,6.96506177169421,7.75553084558824,6.38914858928571,6.77853982300885,6.94783897081413,6.97378709727626,74
"77",2013,1,6.79166666666667,36,7.27777777777778,6.30555555555556,5.83333333333333,7.07142857142857,6.72413793103448,18,18,6,7,29,1972,834,1138,232,658,1314,6.96189634381339,7.74521962829736,6.38782637961336,6.75409482758621,6.94915375379939,6.96827733637747,75
"78",2013,2,6.715,20,7.1875,6.4,6,6.33333333333333,6.78235294117647,8,12,3,3,17,1992,842,1150,235,661,1331,6.95941746485944,7.73992062945368,6.38795340869565,6.74446808510638,6.94635880484115,6.9659026446281,76
"79",2013,3,7.01923076923077,26,7.67692307692308,6.36153846153846,6.75,7.525,6.79444444444444,13,13,4,8,18,2018,855,1163,239,669,1349,6.96018810208127,7.73896277192982,6.38765814273431,6.74456066945607,6.95327828101644,6.96361484062268,77
"80",2013,4,6.54571428571429,35,7.36923076923077,6.05909090909091,6.12857142857143,6.30833333333333,6.6695652173913,13,22,7,12,23,2053,868,1185,246,681,1372,6.95312206039942,7.73342531105991,6.38155816033755,6.7270325203252,6.9419136123348,6.95868543731778,78
"81",2013,5,7.17708333333333,24,7.375,6.9,6.125,6.96428571428571,7.26470588235294,14,10,4,7,17,2077,882,1195,250,688,1389,6.95570996148291,7.72773602040816,6.38589658577406,6.7174,6.94214123546512,6.96243082793376,79
"82",2013,6,7.16666666666667,18,7.63636363636364,6.42857142857143,6,7.6,7,11,7,2,5,13,2095,893,1202,252,693,1402,6.95752247732697,7.72661049272117,6.38614510815308,6.71170634920635,6.94688769119769,6.96277918687589,80
"83",2013,7,6.29947368421053,19,7.125,5.69909090909091,4.33333333333333,6.06333333333333,6.34375,8,11,3,3,16,2114,901,1213,255,696,1418,6.95160813150426,7.7212687791343,6.3799146084089,6.68372549019608,6.94307926724138,6.95579437235543,81
"84",2013,8,6.49,20,7.75,6.175,6.58333333333333,7.1,6.38235294117647,4,16,6,3,17,2134,905,1229,261,699,1435,6.94728190721649,7.7213957679558,6.37724688364524,6.68141762452107,6.94375274678112,6.94900098954704,82
"85",2013,9,6.80434782608696,23,7.45454545454545,6.20833333333333,8,6.5,6.88888888888889,11,12,1,5,18,2157,916,1241,262,704,1453,6.94575780713955,7.71819123362445,6.37561355358582,6.68645038167939,6.94060109375,6.94825631108052,83
"86",2013,10,6.74,15,7.075,6.35714285714286,8,6.9,6.68181818181818,8,7,2,4,11,2172,924,1248,264,708,1464,6.94433682780847,7.71262247835498,6.37550995192308,6.69640151515152,6.94037170903955,6.9462543852459,84
"87",2013,11,6.21666666666667,24,6.75,5.83571428571429,5.675,6.54,6.13157894736842,10,14,4,5,19,2196,934,1262,268,713,1483,6.93638414845173,7.70231602783726,6.3695217274168,6.68115671641791,6.93756405329593,6.93581687120701,85
"88",2013,12,6.82142857142857,28,7.77272727272727,6.20588235294118,7,9,6.56,11,17,3,3,25,2224,945,1279,271,716,1508,6.93493686600719,7.70313562962963,6.36734669272869,6.68468634686347,6.94620554469274,6.92958648541114,86
"89",2014,1,6.67592592592593,27,7.51818181818182,6.096875,6,6.8,6.65434782608696,11,16,4,4,23,2251,956,1295,275,720,1531,6.93183011550422,7.7010075,6.36400495752896,6.67472727272727,6.94539329166667,6.92545161332462,87
"90",2014,2,6.25806451612903,31,7.5,5.66666666666667,5.94444444444444,5.71428571428571,6.41666666666667,10,21,9,7,24,2282,966,1316,284,727,1555,6.92267729623138,7.69892667701863,6.35287721884498,6.65158450704226,6.93353943603852,6.91759898392283,88
"91",2014,3,6.89473684210526,19,7.77777777777778,6.1,8.125,6.85,6.91071428571429,9,10,2,5,14,2301,975,1326,286,732,1569,6.92244658409387,7.69965453333333,6.35097015082956,6.66188811188811,6.93296881147541,6.91753755258126,89
"92",2014,4,7.00769230769231,13,7.33333333333333,6.72857142857143,6.25,7.6,6.6375,6,7,4,5,8,2314,981,1333,290,737,1577,6.92292549265342,7.69741403669725,6.35295305326331,6.65620689655173,6.93749412483039,6.91611694356373,90
"93",2014,5,6.73157894736842,19,7.9,6.31428571428571,6.16666666666667,7.58,6.42857142857143,5,14,3,5,14,2333,986,1347,293,742,1591,6.92136716245178,7.69844134888438,6.35255116555308,6.65119453924915,6.94182367924528,6.91182678818353,91
"94",2014,6,6.64736842105263,19,7.3,5.52857142857143,5.94,6.65,6.64444444444444,12,7,5,10,9,2352,998,1354,298,752,1600,6.9191537372449,7.69365047094188,6.34829129985229,6.63926174496644,6.93794304521277,6.9103227625,92
"95",2014,7,7.235,20,7.59230769230769,6.57142857142857,7,8,7.15,13,7,4,2,18,2372,1011,1361,302,754,1618,6.92181685919056,7.69234734915925,6.34943895664952,6.64403973509934,6.94076017241379,6.91298913473424,93
"96",2014,8,6.54166666666667,24,7.33333333333333,5.22222222222222,6,6.4,6.57894736842105,15,9,2,5,19,2396,1026,1370,304,759,1637,6.91800901085142,7.68709860623782,6.34203388321168,6.63980263157895,6.93719785243742,6.90911204642639,94
"97",2014,9,5.92307692307692,13,6.9,5.3125,6.75,4.66666666666667,6.3,5,8,2,3,10,2409,1031,1378,306,762,1647,6.9126399294313,7.68328144519884,6.33605690856314,6.64052287581699,6.92825875328084,6.90541373406193,95
"98",2014,10,6.65555555555556,18,7.48571428571429,6.12727272727273,5.66666666666667,7.575,6.39285714285714,7,11,3,4,14,2427,1038,1389,309,766,1661,6.91073324680676,7.68194910404624,6.33440347012239,6.63106796116505,6.9316359921671,6.90109357013847,96
"99",2014,11,6.9,21,7.40909090909091,6.34,5.85,6.08,7.15625,11,10,4,5,16,2448,1049,1399,313,771,1677,6.91064117238562,7.67908786463298,6.33444347390993,6.62108626198083,6.92611306095979,6.90352797853309,97
"100",2014,12,6.79047619047619,21,7,6.6,6.42,6.18333333333333,7.03333333333333,10,11,5,6,15,2469,1059,1410,318,777,1692,6.90961911300122,7.67267532577904,6.33651519148936,6.61792452830189,6.92037731016731,6.90467873522458,98
"101",2015,1,6.627,20,7.54545454545455,5.50444444444444,4,6.66666666666667,6.62,11,9,2,3,17,2489,1070,1419,320,780,1709,6.90734816793893,7.67136744859813,6.33123778717407,6.6015625,6.9194015,6.90184693973084,99
"102",2015,2,6.17,20,7,5.72307692307692,6.0875,6.25,6.15,7,13,8,4,16,2509,1077,1432,328,784,1725,6.90147054204863,7.6670038718663,6.32571677374302,6.5890243902439,6.91598618622449,6.89487328695652,100
"103",2015,3,6.26923076923077,13,7,5.94444444444444,7,6,6.35,4,9,2,3,10,2522,1081,1441,330,787,1735,6.8982115741475,7.66453577243293,6.32333547536433,6.59151515151515,6.91249449809403,6.89173280691643,101
"104",2015,4,6.25,8,8,5.2,4,5,7,3,5,2,3,5,2530,1084,1446,332,790,1740,6.89616189328063,7.66546417896679,6.31945118948824,6.57590361445783,6.90523186075949,6.89204391954023,102
"105",2015,5,7.22727272727273,11,8.16666666666667,6.1,6,8.125,6.71428571428571,6,5,1,4,7,2541,1090,1451,333,794,1747,6.89759527351437,7.66822309174312,6.3186949827705,6.57417417417417,6.9113767884131,6.89133166571265,103
"106",2015,6,7.23214285714286,14,7.79166666666667,6.8125,7,8,6.925,6,8,4,4,10,2555,1096,1459,337,798,1757,6.89942841095891,7.66889887773723,6.32140261823166,6.57922848664689,6.91683354636591,6.89152328969835,104
"107",2015,7,6.31111111111111,9,6.73333333333333,6.1,NA,NA,6.31111111111111,3,6,0,0,9,2564,1099,1465,337,798,1766,6.89736333463339,7.66634501364877,6.32049584982935,6.57922848664689,6.91683354636591,6.88856535673839,105
"108",2015,8,6.59285714285714,14,7.6,6.31818181818182,6.75,6.8,6.47777777777778,3,11,4,5,9,2578,1102,1476,341,803,1775,6.8957096935609,7.66616440108893,6.32047860433604,6.58123167155425,6.91610606475716,6.88648249014084,106
"109",2015,9,6.90952380952381,21,8,6.36428571428571,6.33333333333333,5.8,7.25625,7,14,3,5,16,2599,1109,1490,344,808,1791,6.89582131204309,7.66827156898106,6.3208902147651,6.57906976744186,6.90919946782178,6.88978582914573,107
"110",2015,10,6.55333333333333,15,7.5,5.92222222222222,NA,7,6.48461538461538,6,9,0,2,13,2614,1115,1499,344,810,1804,6.89385600229533,7.66736607174888,6.31849661107405,6.57906976744186,6.90942366666667,6.8868660864745,108
"111",2015,11,6.52173913043478,23,7.09090909090909,6,6.66666666666667,5.4,6.83333333333333,11,12,3,5,18,2637,1126,1511,347,815,1822,6.89061038680319,7.66173460923623,6.31596718729318,6.57982708933718,6.90016339877301,6.88633722283205,109
"112",2015,12,6.85909090909091,22,7.6,6.24166666666667,6.31666666666667,6.75,6.87,10,12,6,2,20,2659,1136,1523,353,817,1842,6.89034960135389,7.66119117077465,6.31538175968483,6.57535410764873,6.89979580171359,6.88615983713355,110
"113",2016,1,6.61875,24,7.175,6.0625,6.25,7.5,6.325,12,12,6,6,18,2683,1148,1535,359,823,1860,6.88792008572493,7.65610903310105,6.31340483387622,6.56991643454039,6.9041715309842,6.88072925806451,111
"114",2016,2,6.61666666666667,18,7.57142857142857,6.00909090909091,NA,8.5,6.38125,7,11,0,2,16,2701,1155,1546,359,825,1876,6.88611239911144,7.65559581818182,6.31123959896507,6.56991643454039,6.90804020606061,6.87646930703625,112
"115",2016,3,6.78888888888889,18,7.28571428571429,6.47272727272727,6.5,3.25,7.23125,7,11,1,2,16,2719,1162,1557,360,827,1892,6.88546877160721,7.653367616179,6.31238048811818,6.56972222222222,6.89919367593712,6.87946956659619,113
"116",2016,4,5.85,13,7.01,5.125,4.66666666666667,4.91666666666667,6.13,5,8,3,3,10,2732,1167,1565,363,830,1902,6.88054157759883,7.65061111396744,6.3063108115016,6.55399449035813,6.89202791566265,6.87552913774974,114
"117",2016,5,6.35,8,7,6.13333333333333,6.8,NA,6.35,2,6,1,0,8,2740,1169,1571,364,830,1910,6.87899255109489,7.64949800684346,6.30565017186505,6.55467032967033,6.89202791566265,6.87332796858639,115
"118",2016,6,5.46875,16,6.875,5,7.66666666666667,3.3,6.45454545454545,4,12,3,5,11,2756,1173,1583,367,835,1921,6.87080536647315,7.64685692242114,6.29575263423879,6.56376021798365,6.87051876646707,6.87092994273815,116
"119",2016,7,6.55434782608696,23,6.5,6.58333333333333,7.25,6.08333333333333,6.72058823529412,8,15,4,6,17,2779,1181,1598,371,841,1938,6.8681862504498,7.63908820491109,6.298452077597,6.5711590296496,6.86490269916766,6.86961115583075,117
"120",2016,8,7.11428571428571,14,7.7,6.95454545454545,8,6,7.3,3,11,1,2,12,2793,1184,1609,372,843,1950,6.86941983172216,7.63924254222973,6.30293748912368,6.575,6.86285073546857,6.8722597025641,118
"121",2016,9,7.15705882352941,17,7.25,7.12846153846154,7.09571428571429,7.2,7.13916666666667,4,13,7,5,12,2810,1188,1622,379,848,1962,6.87115999644128,7.63793196127946,6.30955389642417,6.58461741424802,6.86483864386792,6.87389216106014,119
"122",2016,10,6.61764705882353,17,7.35714285714286,6.1,7,7.8,6.125,7,10,1,5,12,2827,1195,1632,380,853,1974,6.86963551114255,7.63628717154812,6.30826986519608,6.58571052631579,6.87032024618992,6.86933962512664,120
"123",2016,11,6.36666666666667,15,6.85714285714286,5.9375,NA,8,6.25,7,8,0,1,14,2842,1202,1640,380,854,1988,6.86698085503167,7.63174972545757,6.30646123170732,6.58571052631579,6.87164305620609,6.86497807847082,121
"124",2016,12,5.98,15,7,5.60909090909091,6.16666666666667,5.16666666666667,6.18333333333333,4,11,3,3,12,2857,1206,1651,383,857,2000,6.86232397269863,7.62965436981758,6.30181491217444,6.58242819843342,6.86567464410735,6.86088821,122
"125",2017,1,6.33333333333333,15,6.4,6.3,6.83333333333333,6.5,6.30769230769231,5,10,3,2,13,2872,1211,1661,386,859,2013,6.85956113857939,7.6245773492981,6.30180398555087,6.58437823834197,6.86482324796275,6.85731565822156,123
"126",2017,2,6.43636363636364,22,7.01428571428571,6.16666666666667,6.33333333333333,6.6,6.38823529411765,7,15,3,5,17,2894,1218,1676,389,864,2030,6.85634401865929,7.62106992610838,6.30059452267303,6.58244215938304,6.86329070601852,6.85338739901478,124
"127",2017,3,6.1375,16,7.4625,4.8125,6.5,5.44,6.45454545454545,8,8,3,5,11,2910,1226,1684,392,869,2041,6.85239161168385,7.62003521207178,6.29352519002375,6.5818112244898,6.85510146144994,6.8512378343949,125
"128",2017,4,6.5625,8,6.75,6,NA,NA,6.5625,6,2,0,0,8,2918,1232,1686,392,869,2049,6.85159684372858,7.6157980275974,6.29317699881376,6.5818112244898,6.85510146144994,6.85011050268423,126
"129",2017,5,7.14285714285714,14,7.42857142857143,6.85714285714286,7.6,8.25,6.95833333333333,7,7,5,2,12,2932,1239,1693,397,871,2061,6.85298758185539,7.61474025020178,6.29550881275842,6.59463476070529,6.85830444316877,6.85074062105774,127
"130",2017,6,5.75,10,7,5.21428571428571,NA,3,6.05555555555556,3,7,0,1,9,2942,1242,1700,397,872,2070,6.84923847382733,7.61325537037037,6.29105671764706,6.59463476070529,6.85387978211009,6.84728329468599,128
"131",2017,7,7.07733333333333,15,7.895,6.14285714285714,6,7.7,6.766,8,7,2,5,10,2957,1250,1707,399,877,2080,6.85039553263443,7.615058536,6.29044898652607,6.59165413533835,6.8587037286203,6.84689250961538,129
"132",2017,8,7.1,16,8.26,5.16666666666667,6,7.76666666666667,6.7,10,6,1,6,10,2973,1260,1713,400,883,2090,6.85173884628321,7.62017711904762,6.28651279626386,6.590175,6.86487335220838,6.84618967464115,130
"133",2017,9,7.22222222222222,9,7.33333333333333,7,NA,NA,7.22222222222222,6,3,0,0,9,2982,1266,1716,400,883,2099,6.85285700536552,7.61881766982623,6.28776015151515,6.590175,6.86487335220838,6.84780201048118,131
"134",2017,10,6.06,15,7.25,5.62727272727273,5,5.7,6.11538461538461,4,11,4,2,13,2997,1270,1727,404,885,2112,6.84888875208542,7.61765603937008,6.28355322524609,6.57443069306931,6.8622408700565,6.8432937594697,132
"135",2017,11,7.05,10,6.5,7.11111111111111,7.2,7,7.05555555555556,1,9,5,1,9,3007,1271,1736,409,886,2121,6.8495575623545,7.61677668764752,6.28784355990783,6.5820782396088,6.86239635440181,6.84419444601603,133
"136",2017,12,6.225,12,7.73333333333333,5.72222222222222,6.4,7,5.96666666666667,3,9,5,3,9,3019,1274,1745,414,889,2130,6.84707505465386,7.61705115384616,6.28492631518625,6.57987922705314,6.86286070866142,6.84048658215962,134
"137",2018,1,6.07777777777778,18,6.7,5.58,6.5,7.08333333333333,5.87666666666667,8,10,4,3,15,3037,1282,1755,418,892,2145,6.84251550543299,7.61132852574103,6.28090964102564,6.57911483253589,6.86360220852018,6.83374658275058,135
"138",2018,2,7.3,6,6.6,8,8,6.5,7.7,3,3,1,2,4,3043,1285,1758,419,894,2149,6.84341754518567,7.60896744747082,6.28384324232082,6.58250596658711,6.86278878076063,6.83535896696138,136
"139",2018,3,6,8,7,5.4,4,4,6.28571428571429,3,5,1,1,7,3051,1288,1763,420,895,2156,6.84120602753196,7.60754904503106,6.28133659671015,6.57635714285714,6.85959013407821,6.83357440630798,137
"140",2018,4,6.53571428571429,14,7.08333333333333,6.125,5.5,6.33333333333333,6.59090909090909,6,8,2,3,11,3065,1294,1771,422,898,2167,6.83981063295269,7.60511836939722,6.28063038961039,6.57125592417062,6.85783203786192,6.83234260267651,138
"141",2018,5,6.64615384615385,13,7.9,5.8625,6.95,6.38,6.8125,5,8,2,5,8,3078,1299,1779,424,903,2175,6.83899271929825,7.6062534026174,6.2787500955593,6.57304245283019,6.85518623477298,6.8322696183908,139
"142",2018,6,6.93846153846154,13,7.67142857142857,6.08333333333333,7,7.24,6.75,7,6,2,5,8,3091,1306,1785,426,908,2183,6.83941106114526,7.60660273353752,6.278093232493,6.57504694835681,6.85730525330396,6.83196812643152,140
"143",2018,7,5.509,10,7.045,5.125,7,2,5.89888888888889,2,8,2,1,9,3101,1308,1793,428,909,2192,6.83512079651725,7.60574401376147,6.27294836586726,6.57703271028038,6.85196168316832,6.82813705291971,141
"144",2018,8,6.2,9,6.125,6.26,6.33333333333333,8.25,5.61428571428571,4,5,3,2,7,3110,1312,1798,431,911,2199,6.83328282636656,7.60122955030488,6.27291235817575,6.57533642691415,6.85503092206367,6.82427304229195,142
"145",2018,9,6,5,7,4.5,NA,6,6,3,2,0,1,4,3115,1315,1800,431,912,2203,6.83194529373997,7.59985792395438,6.27094245555555,6.57533642691415,6.85409338815789,6.82277640490241,143
"146",2018,10,7,8,8,6.66666666666667,6.5,7,7,2,6,2,1,7,3123,1317,1806,433,913,2210,6.83237578930515,7.60046558086561,6.27225715393134,6.57498845265589,6.85425319824753,6.82333774660633,144
"147",2018,11,6.97,10,7.46666666666667,6.75714285714286,7.25,7.9,6.86666666666667,3,7,2,1,9,3133,1320,1813,435,914,2219,6.83281506224066,7.60016149242424,6.27412929950358,6.57809195402299,6.85539734135667,6.82351348355115,145
"148",2018,12,7.40454545454545,11,8.45,6.53333333333333,6,6.75,7.65,5,6,1,3,8,3144,1325,1819,436,917,2227,6.83481539122137,7.60336843018868,6.27498428807037,6.57676605504587,6.85505252998909,6.82648245172878,146
"149",2019,1,4.875,10,6,4.59375,4.5,4.375,5.20833333333333,2,8,2,4,6,3154,1327,1827,438,921,2233,6.82860164552949,7.60095189902035,6.26762256157635,6.56728310502283,6.84428140065146,6.82213453649798,147
"150",2019,2,6.4875,8,7.5,6.15,NA,4.95,7,2,6,0,2,6,3162,1329,1833,438,923,2239,6.82773864326376,7.60079997742664,6.26723754500818,6.56728310502283,6.84017678223185,6.82261117463153,148
"151",2019,3,6.58333333333333,6,8,5.875,6,6,6.7,2,4,1,1,5,3168,1331,1837,439,924,2244,6.82727575441919,7.6013998271976,6.26638346216657,6.56599088838269,6.8392675,6.82233797682709,149
"152",2019,4,7.375,10,9.25,6.90625,6,6.75,7.53125,2,8,1,2,8,3178,1333,1845,440,926,2252,6.82899924166142,7.60387334583646,6.26915795121951,6.56470454545455,6.83907469762419,6.82485631438721,150
"153",2019,5,6.764,10,7.8,6.64888888888889,5.75,7.5,6.68222222222222,1,9,1,1,9,3188,1334,1854,441,927,2261,6.8287953544542,7.60402036731634,6.27100130528587,6.56285714285714,6.83978766990291,6.82428855373728,151
"154",2019,6,6.375,8,6.125,6.625,6.25,NA,6.375,4,4,2,0,8,3196,1338,1858,443,927,2269,6.82765944618273,7.59959878176383,6.27176341227126,6.5614446952596,6.83978766990291,6.82270446011459,152
"155",2019,7,7.35714285714286,7,7.7,6.5,5,5,7.75,5,2,1,1,6,3203,1343,1860,444,928,2275,6.82881660630659,7.59997257632167,6.27200882795699,6.55792792792793,6.83780514008621,6.82515007472527,153
"156",2019,8,5.83333333333333,15,7.33333333333333,5.45833333333333,4.75,6,5.80769230769231,3,12,4,2,13,3218,1346,1872,448,930,2288,6.82417637973897,7.59937828380386,6.26679295940171,6.54178571428572,6.83600340860215,6.81936906468531,154
"157",2019,9,5.91666666666667,6,7,5.7,6.66666666666667,5.33333333333333,6.5,1,5,3,3,3,3224,1347,1877,451,933,2291,6.82248746588089,7.59893331106162,6.2652831220032,6.54261640798226,6.83117167202572,6.81895085988651,155
"158",2019,10,6.43333333333333,9,6.66666666666667,6.31666666666667,8.2,7.63333333333333,5.83333333333333,3,6,1,3,6,3233,1350,1883,452,936,2297,6.82140414166409,7.59686160740741,6.26544685077005,6.54628318584071,6.83374270299145,6.81637632564214,156
"159",2019,11,7.35714285714286,7,8,7.1,8,8,7.25,2,5,1,1,6,3240,1352,1888,453,937,2303,6.82256160185185,7.59745796597633,6.26765700211864,6.54949227373069,6.83498737459978,6.81750604429006,157
"160",2019,12,6.64285714285714,7,7,6.58333333333333,7,6,6.9,1,6,1,2,5,3247,1353,1894,454,939,2308,6.82217418848168,7.59701638580931,6.26865703273495,6.5504845814978,6.83320891373802,6.81768475736568,158
"161",2020,1,6.84164285714286,14,7.46666666666667,6.372875,6.49716666666667,6.99575,6.78,6,8,6,4,10,3261,1359,1902,460,943,2318,6.82225777062251,7.59644089036056,6.26909538380652,6.54978913043478,6.83389837751856,6.81752218291631,159
"162",2020,2,6.5625,8,6.33333333333333,6.7,7.5,NA,6.5625,3,5,2,0,8,3269,1362,1907,462,943,2326,6.82162208320587,7.59365871512482,6.27022518091243,6.5539025974026,6.83389837751856,6.81664506448839,160
"163",2020,3,6.875,8,7,6.75,NA,6.75,6.91666666666667,4,4,0,2,6,3277,1366,1911,462,945,2332,6.8217523924321,7.59192032942899,6.27122941915228,6.5539025974026,6.83372081481481,6.81690240994854,161
"164",2020,4,6.91428571428571,7,7.5,6.68,7.75,8.25,6.38,2,5,2,2,5,3284,1368,1916,464,947,2337,6.82194963154689,7.59178594298246,6.27229614822547,6.55905818965517,6.83671190073918,6.81596765939238,162
"165",2020,5,6.0875,8,8.5,5.28333333333333,5.34,NA,6.0875,2,6,5,0,8,3292,1370,1922,469,947,2345,6.82016482077764,7.59311180291971,6.269208855359,6.5460618336887,6.83671190073918,6.81348248187633,163
"166",2020,6,6.4,5,7,5.5,NA,7,6.25,3,2,0,1,4,3297,1373,1924,469,948,2349,6.8195276281468,7.59181585579024,6.26840926195426,6.5460618336887,6.83688414556962,6.8125229544487,164
"167",2020,7,7.5,3,7.4,7.7,NA,6.8,7.85,2,1,0,1,2,3300,1375,1925,469,949,2351,6.82014623939394,7.59153685090909,6.26915294545454,6.5460618336887,6.83684527924131,6.81340553806891,165
"168",2020,8,6.5,6,8,5.75,6.5,8,6.2,2,4,2,1,5,3306,1377,1929,471,950,2356,6.81956521173624,7.59213011619463,6.26807642301711,6.54586624203822,6.83806965263158,6.81210374363328,166
"169",2020,9,7.16666666666667,3,NA,7.16666666666667,7,NA,7.16666666666667,0,3,1,0,3,3309,1377,1932,472,950,2359,6.81987990027199,7.59213011619463,6.2694717494824,6.54682838983051,6.83806965263158,6.81255465027554,167
"170",2020,10,6.58333333333333,6,9,6.1,NA,4,7.1,1,5,0,1,5,3315,1378,1937,472,951,2364,6.81945176168929,7.59315179245283,6.26903429013939,6.54682838983051,6.83508535226078,6.8131626142132,168
"171",2020,11,6,6,7,4,5,NA,6,4,2,1,0,6,3321,1382,1939,473,951,2370,6.8179712707016,7.591435,6.26669387313048,6.54355813953488,6.83508535226078,6.81110397468354,169
"172",2020,12,6.295,10,6.75,5.99166666666667,7,7.5,5.99375,4,6,3,2,8,3331,1386,1945,476,953,2378,6.81640125788052,7.58900661616162,6.26584546015424,6.54643487394958,6.8364807660021,6.80835425567704,170
"173",2021,1,7.28181818181818,11,8.275,6.71428571428571,5.66666666666667,4,7.61,4,7,3,1,10,3342,1390,1952,479,954,2388,6.8179331508079,7.59098069784173,6.26745359631148,6.5409248434238,6.83350751572327,6.81171123115578,171
"174",2021,2,6.52777777777778,9,6.8,6.1875,6.375,7,6.46875,5,4,2,1,8,3351,1395,1956,481,955,2396,6.81715386153387,7.58814564157706,6.26729009202454,6.54023492723493,6.83368185340314,6.81056611853088,172
"175",2021,3,7.9,2,7.9,NA,NA,NA,7.9,2,0,0,0,2,3353,1397,1956,481,955,2398,6.81779975842529,7.58859210450966,6.26729009202454,6.54023492723493,6.83368185340314,6.81147473728107,173
"176",2021,4,5.66666666666667,3,NA,5.66666666666667,6,4,6.5,0,3,1,1,2,3356,1397,1959,482,956,2400,6.81677073599523,7.58859210450966,6.26637030117407,6.53911410788382,6.83071775104602,6.811215175,174
"177",2021,5,6.33333333333333,6,6.875,5.25,NA,NA,6.33333333333333,4,2,0,0,6,3362,1401,1961,482,956,2406,6.81590796847115,7.58655472519629,6.26533371749108,6.53911410788382,6.83071775104602,6.81002344970906,175
"178",2021,6,7.5,4,8.5,6.5,7,7,7.66666666666667,2,2,1,1,3,3366,1403,1963,483,957,2409,6.8167209120618,7.58785685673557,6.26557280692817,6.54006832298137,6.83089463949843,6.8110902532171,176
"179",2021,8,6.5375,8,8.3,6.28571428571429,7,6.06,7.33333333333333,1,7,2,5,3,3374,1404,1970,485,962,2412,6.81605885892116,7.58836408119658,6.26564437563452,6.54196494845361,6.82688791060291,6.8117398092869,178
"180",2021,9,5.5,5,6.75,4.66666666666667,5.5,6.75,4.66666666666667,2,3,2,2,3,3379,1406,1973,487,964,2415,6.81411145013318,7.58717152916074,6.26321308667005,6.53768583162218,6.82672839211618,6.80907512215321,179
"181",2021,10,6.41666666666667,6,7,6.3,5.75,7,6.3,1,5,2,1,5,3385,1407,1978,489,965,2420,6.8134069689808,7.58675420753376,6.2633060768453,6.53446421267894,6.82690794818653,6.80802331404959,180
"182",2021,11,6.5,2,7,6,NA,NA,6.5,1,1,0,0,2,3387,1408,1979,489,965,2422,6.81322190434012,7.58633747869318,6.2631730267812,6.53446421267894,6.82690794818653,6.80776895953757,181
"183",2021,12,7.3125,8,7.58333333333333,6.5,4,5.75,7.83333333333333,6,2,1,2,6,3395,1414,1981,490,967,2428,6.81439840648012,7.58632473125884,6.2634121251893,6.52929183673469,6.82468063081696,6.81030330313015,182
"184",2022,1,6.73076923076923,13,7.75,5.85714285714286,5.5,7,6.65,6,7,4,3,10,3408,1420,1988,494,970,2438,6.81407939847418,7.58701631690141,6.26198159959759,6.52095748987854,6.8252228556701,6.80964578342904,183
"185",2022,2,7.07,5,10,6.3375,NA,10,6.3375,1,4,0,1,4,3413,1421,1992,494,971,2442,6.81445431878113,7.58871440534835,6.26213324297189,6.52095748987854,6.82849245108136,6.80887240786241,184
"186",2022,3,6.25,6,7.5,5,6,2,7.1,3,3,1,1,5,3419,1424,1995,495,972,2447,6.81346375840889,7.58852750702247,6.26023529824561,6.51990505050505,6.82352486625514,6.80946727421332,185
"187",2022,4,5.928666,5,6.375,5.63111,NA,6.89333,5.6875,2,3,0,1,4,3424,1426,1998,495,973,2451,6.81217170560748,7.58682550490884,6.25929066566567,6.51990505050505,6.82359660842754,6.80763623827009,186
"188",2022,5,7,6,7.5,6,7,7,7,4,2,1,2,4,3430,1430,2000,496,975,2455,6.81250026822157,7.58658263636364,6.259031375,6.52087298387097,6.82395846153846,6.80794966191446,187
"189",2022,6,5.5,9,7,5.07142857142857,4,NA,5.5,2,7,1,0,9,3439,1432,2007,497,975,2464,6.80906540273335,7.58576338687151,6.25488926258097,6.51580080482897,6.82395846153846,6.80317224837662,188
"190",2022,7,5.90666666666667,6,6.75,4.22,7,6.5,5.61,4,2,1,2,4,3445,1436,2009,498,977,2468,6.80749373584906,7.5834353551532,6.25286348929816,6.51677309236948,6.82329529170931,6.80123841977309,189
"191",2022,8,6.52857142857143,7,6.16666666666667,6.8,7,5.75,6.84,3,4,1,2,5,3452,1439,2013,499,979,2473,6.80692813441483,7.58048170257123,6.25395069547938,6.51774148296593,6.82110265577119,6.80131678932471,190
"192",2022,9,5.66666666666667,3,NA,5.66666666666667,4,5.5,6,0,3,1,2,1,3455,1439,2016,500,981,2474,6.80593803762663,7.58048170257123,6.2530767609127,6.512706,6.81840927624872,6.80099289409862,191
"193",2022,10,7,4,6.66666666666667,8,8,NA,7,3,1,1,0,4,3459,1442,2017,501,981,2478,6.8061624515756,7.57858056171983,6.25394286068419,6.5156746506986,6.81840927624872,6.80131413236481,192
"194",2022,11,6.57142857142857,7,7,6.5,5.75,6.83333333333333,6.375,1,6,2,3,4,3466,1443,2023,503,984,2482,6.80568837853433,7.5781796049896,6.25467263964409,6.51263021868787,6.81845477642276,6.80062708299758,193
"195",2022,12,7.5,6,9,6.75,NA,NA,7.5,2,4,0,0,6,3472,1445,2027,503,984,2488,6.80688822580645,7.58014752249135,6.25565009866798,6.51263021868787,6.81845477642276,6.80231367363344,194
