"","year","month","avg_rating","no_ratings","avg_rating_owned","avg_rating_not_owned","avg_rating_prev_owned","avg_rating_comment","avg_rating_no_comment","no_ratings_owned","no_ratings_not_owned","no_ratings_prev_owned","no_ratings_comment","no_ratings_no_comment","cum_no_ratings","cum_no_ratings_owned","cum_no_ratings_not_owned","cum_no_ratings_prev_owned","cum_no_ratings_comment","cum_no_ratings_no_comment","cum_avg_rating","cum_avg_rating_owned","cum_avg_rating_not_owned","cum_avg_rating_prev_owned","cum_avg_rating_comment","cum_avg_rating_no_comment","month_after_release"
"1",2001,10,7,1,7,NA,NA,7,NA,1,0,0,1,0,1,1,0,0,1,0,7,7,NA,NA,7,NA,0
"2",2001,11,6.66666666666667,3,6.66666666666667,NA,NA,NA,6.66666666666667,3,0,0,0,3,4,4,0,0,1,3,6.75,6.75,NA,NA,7,6.66666666666667,1
"3",2001,12,8,1,8,NA,NA,NA,8,1,0,0,0,1,5,5,0,0,1,4,7,7,NA,NA,7,7,2
"4",2002,1,5,1,5,NA,NA,NA,5,1,0,0,0,1,6,6,0,0,1,5,6.66666666666667,6.66666666666667,NA,NA,7,6.6,3
"5",2002,2,7,1,7,NA,NA,7,NA,1,0,0,1,0,7,7,0,0,2,5,6.71428571428571,6.71428571428571,NA,NA,7,6.6,4
"6",2002,3,4,1,4,NA,NA,NA,4,1,0,0,0,1,8,8,0,0,2,6,6.375,6.375,NA,NA,7,6.16666666666667,5
"7",2002,6,6,1,6,NA,NA,NA,6,1,0,0,0,1,9,9,0,0,2,7,6.33333333333333,6.33333333333333,NA,NA,7,6.14285714285714,8
"8",2002,7,6,5,6,NA,NA,5.75,7,5,0,0,4,1,14,14,0,0,6,8,6.21428571428571,6.21428571428571,NA,NA,6.16666666666667,6.25,9
"9",2002,8,6,4,6,NA,NA,NA,6,4,0,0,0,4,18,18,0,0,6,12,6.16666666666667,6.16666666666667,NA,NA,6.16666666666667,6.16666666666667,10
"10",2002,9,6.7,5,7.5,6.16666666666667,NA,6.5,6.83333333333333,2,3,0,2,3,23,20,3,0,8,15,6.28260869565217,6.3,6.16666666666667,NA,6.25,6.3,11
"11",2002,10,7.5,2,7.5,NA,NA,7.5,NA,2,0,0,2,0,25,22,3,0,10,15,6.38,6.40909090909091,6.16666666666667,NA,6.5,6.3,12
"12",2002,11,6,3,7,4,NA,4,7,2,1,0,1,2,28,24,4,0,11,17,6.33928571428571,6.45833333333333,5.625,NA,6.27272727272727,6.38235294117647,13
"13",2002,12,8,2,8,NA,NA,9,7,2,0,0,1,1,30,26,4,0,12,18,6.45,6.57692307692308,5.625,NA,6.5,6.41666666666667,14
"14",2003,1,4.66666666666667,6,4.5,5,5,NA,4.66666666666667,4,2,2,0,6,36,30,6,2,12,24,6.15277777777778,6.3,5.41666666666667,5,6.5,5.97916666666667,15
"15",2003,2,6.5,2,6.5,NA,NA,7,6,2,0,0,1,1,38,32,6,2,13,25,6.17105263157895,6.3125,5.41666666666667,5,6.53846153846154,5.98,16
"16",2003,3,6,5,6,NA,NA,NA,6,5,0,0,0,5,43,37,6,2,13,30,6.15116279069767,6.27027027027027,5.41666666666667,5,6.53846153846154,5.98333333333333,17
"17",2003,4,5,4,5.66666666666667,3,NA,3,5.66666666666667,3,1,0,1,3,47,40,7,2,14,33,6.0531914893617,6.225,5.07142857142857,5,6.28571428571429,5.95454545454545,18
"18",2003,5,6.75,8,6.8,6.66666666666667,NA,7.25,6.25,5,3,0,4,4,55,45,10,2,18,37,6.15454545454545,6.28888888888889,5.55,5,6.5,5.98648648648649,19
"19",2003,6,6.8,5,6.8,NA,NA,7.5,6.33333333333333,5,0,0,2,3,60,50,10,2,20,40,6.20833333333333,6.34,5.55,5,6.6,6.0125,20
"20",2003,7,6,15,6.18181818181818,5.5,NA,5.75,6.09090909090909,11,4,0,4,11,75,61,14,2,24,51,6.16666666666667,6.31147540983607,5.53571428571429,5,6.45833333333333,6.02941176470588,21
"21",2003,8,6.16666666666667,6,5.75,7,NA,7,6,4,2,0,1,5,81,65,16,2,25,56,6.16666666666667,6.27692307692308,5.71875,5,6.48,6.02678571428571,22
"22",2003,9,6.33333333333333,6,6,6.66666666666667,NA,6.5,6.25,3,3,0,2,4,87,68,19,2,27,60,6.17816091954023,6.26470588235294,5.86842105263158,5,6.48148148148148,6.04166666666667,23
"23",2003,10,5,2,5,NA,NA,5,5,2,0,0,1,1,89,70,19,2,28,61,6.15168539325843,6.22857142857143,5.86842105263158,5,6.42857142857143,6.02459016393443,24
"24",2003,11,5.6,5,6,5,NA,6,5.5,3,2,0,1,4,94,73,21,2,29,65,6.12234042553191,6.21917808219178,5.78571428571429,5,6.41379310344828,5.99230769230769,25
"25",2003,12,5.83333333333333,9,5.92857142857143,5.5,NA,5,6.07142857142857,7,2,0,2,7,103,80,23,2,31,72,6.09708737864078,6.19375,5.76086956521739,5,6.32258064516129,6,26
"26",2004,1,5.6,5,6.5,5,4,7,5.25,2,3,1,1,4,108,82,26,3,32,76,6.07407407407407,6.20121951219512,5.67307692307692,4.66666666666667,6.34375,5.96052631578947,27
"27",2004,2,5.5,4,5,6,NA,7,4,2,2,0,2,2,112,84,28,3,34,78,6.05357142857143,6.17261904761905,5.69642857142857,4.66666666666667,6.38235294117647,5.91025641025641,28
"28",2004,3,6.4,5,6,8,NA,7,6,4,1,0,2,3,117,88,29,3,36,81,6.06837606837607,6.16477272727273,5.77586206896552,4.66666666666667,6.41666666666667,5.91358024691358,29
"29",2004,4,6.4375,8,6.5,6,6,6,6.875,7,1,1,4,4,125,95,30,4,40,85,6.092,6.18947368421053,5.78333333333333,5,6.375,5.95882352941176,30
"30",2004,5,6.42857142857143,7,6.42857142857143,NA,NA,6.5,6.33333333333333,7,0,0,4,3,132,102,30,4,44,88,6.10984848484848,6.20588235294118,5.78333333333333,5,6.38636363636364,5.97159090909091,31
"31",2004,6,6.5,8,6.5,NA,NA,7,6.42857142857143,8,0,0,1,7,140,110,30,4,45,95,6.13214285714286,6.22727272727273,5.78333333333333,5,6.4,6.00526315789474,32
"32",2004,7,6.4375,8,6.9,5.66666666666667,NA,7.33333333333333,5.9,5,3,0,3,5,148,115,33,4,48,100,6.14864864864865,6.25652173913043,5.77272727272727,5,6.45833333333333,6,33
"33",2004,8,4.66666666666667,6,5,4,4,4,5,4,2,1,2,4,154,119,35,5,50,104,6.09090909090909,6.21428571428571,5.67142857142857,4.8,6.36,5.96153846153846,34
"34",2004,9,4.88888888888889,9,5,4.5,NA,5.25,4.6,7,2,0,4,5,163,126,37,5,54,109,6.02453987730061,6.1468253968254,5.60810810810811,4.8,6.27777777777778,5.89908256880734,35
"35",2004,10,6.28571428571429,7,6.83333333333333,3,NA,6.66666666666667,6,6,1,0,3,4,170,132,38,5,57,113,6.03529411764706,6.1780303030303,5.53947368421053,4.8,6.29824561403509,5.90265486725664,36
"36",2004,11,5.8125,16,6.41666666666667,4,6,5.25,6,12,4,1,4,12,186,144,42,6,61,125,6.01612903225806,6.19791666666667,5.39285714285714,5,6.22950819672131,5.912,37
"37",2004,12,5.9375,16,6.38461538461539,4,NA,5.9,6,13,3,0,10,6,202,157,45,6,71,131,6.00990099009901,6.21337579617834,5.3,5,6.1830985915493,5.91603053435114,38
"38",2005,1,5.73076923076923,13,5.75,5.66666666666667,NA,7.5,4.94444444444444,10,3,0,4,9,215,167,48,6,75,140,5.99302325581395,6.18562874251497,5.32291666666667,5,6.25333333333333,5.85357142857143,39
"39",2005,2,6.4375,16,6.63636363636364,6,NA,6.7,6.31818181818182,11,5,0,5,11,231,178,53,6,80,151,6.02380952380952,6.21348314606742,5.38679245283019,5,6.28125,5.88741721854305,40
"40",2005,3,5.640625,16,5.78846153846154,5,6,5.77083333333333,5.25,13,3,1,12,4,247,191,56,7,92,155,5.99898785425101,6.18455497382199,5.36607142857143,5.14285714285714,6.21467391304348,5.87096774193548,41
"41",2005,4,6.16666666666667,9,6.1875,6,NA,5,6.3125,8,1,0,1,8,256,199,57,7,93,163,6.0048828125,6.18467336683417,5.37719298245614,5.14285714285714,6.20161290322581,5.89263803680982,42
"42",2005,5,5.5,10,5.71428571428571,5,5,6.5,4.83333333333333,7,3,1,4,6,266,206,60,8,97,169,5.9859022556391,6.16868932038835,5.35833333333333,5.125,6.2139175257732,5.85502958579882,43
"43",2005,6,5.5,9,5.3125,7,7,5.75,5,8,1,1,6,3,275,214,61,9,103,172,5.97,6.13668224299065,5.38524590163934,5.33333333333333,6.1868932038835,5.84011627906977,44
"44",2005,7,5.5,15,5.5,5.5,NA,5.55555555555556,5.41666666666667,14,1,0,9,6,290,228,62,9,112,178,5.94568965517241,6.09758771929825,5.38709677419355,5.33333333333333,6.13616071428571,5.82584269662921,45
"45",2005,8,6.31818181818182,22,6.5,5.5,4,6.19230769230769,6.5,18,4,2,13,9,312,246,66,11,125,187,5.97195512820513,6.1270325203252,5.39393939393939,5.09090909090909,6.142,5.85828877005348,46
"46",2005,9,6.22222222222222,18,6.59090909090909,5.64285714285714,6,6.05555555555556,6.38888888888889,11,7,2,9,9,330,257,73,13,134,196,5.98560606060606,6.14688715953307,5.41780821917808,5.23076923076923,6.13619402985075,5.88265306122449,47
"47",2005,10,6.06,20,6.21428571428571,5.7,6.5,6.18181818181818,5.91111111111111,14,6,2,11,9,350,271,79,15,145,205,5.98985714285714,6.15036900369004,5.43924050632911,5.4,6.13965517241379,5.88390243902439,48
"48",2005,11,5.30769230769231,13,5.6,4.33333333333333,NA,5.2,5.375,10,3,0,5,8,363,281,82,15,150,213,5.96542699724518,6.13078291814947,5.39878048780488,5.4,6.10833333333333,5.86478873239437,49
"49",2005,12,6.4875,16,6.7,5,NA,6.76,6.36363636363636,14,2,0,5,11,379,295,84,15,155,224,5.98746701846966,6.15779661016949,5.38928571428571,5.4,6.12935483870968,5.88928571428571,50
"50",2006,1,6.18421052631579,19,6.68181818181818,5.5,6.625,6.25,6,11,8,4,14,5,398,306,92,19,169,229,5.99685929648241,6.17663398692811,5.39891304347826,5.65789473684211,6.13934911242603,5.89170305676856,51
"51",2006,2,5.38461538461539,13,5.75,4.8,NA,5,5.625,8,5,0,5,8,411,314,97,19,174,237,5.97749391727494,6.16576433121019,5.3680412371134,5.65789473684211,6.1066091954023,5.88270042194093,52
"52",2006,3,6.2,10,6.35714285714286,5.83333333333333,NA,6.3,6.1,7,3,0,5,5,421,321,100,19,179,242,5.98277909738717,6.16993769470405,5.382,5.65789473684211,6.11201117318436,5.88719008264463,53
"53",2006,4,6.45294117647059,17,6.97,5.71428571428571,7,6.88181818181818,5.66666666666667,10,7,1,11,6,438,331,107,20,190,248,6.00102739726028,6.19410876132931,5.40373831775701,5.725,6.15657894736842,5.88185483870968,54
"54",2006,5,6.66666666666667,9,6.66666666666667,NA,NA,7.4,5.75,9,0,0,5,4,447,340,107,20,195,252,6.01442953020134,6.20661764705882,5.40373831775701,5.725,6.18846153846154,5.8797619047619,55
"55",2006,6,6.70833333333333,12,6.72727272727273,6.5,NA,6.66666666666667,6.72222222222222,11,1,0,3,9,459,351,108,20,198,261,6.03257080610022,6.22293447293447,5.41388888888889,5.725,6.19570707070707,5.9088122605364,56
"56",2006,7,6.6875,16,6.6875,NA,NA,NA,6.6875,16,0,0,0,16,475,367,108,20,198,277,6.05463157894737,6.24318801089918,5.41388888888889,5.725,6.19570707070707,5.95379061371841,57
"57",2006,8,5.42857142857143,14,5.5,5.3,5,5.07142857142857,5.78571428571429,9,5,1,7,7,489,376,113,21,205,284,6.03670756646217,6.22539893617021,5.40884955752212,5.69047619047619,6.15731707317073,5.94964788732394,58
"58",2006,9,5.9375,16,6.15384615384615,5,4,5.4,6.18181818181818,13,3,1,5,11,505,389,116,22,210,295,6.03356435643564,6.22300771208226,5.39827586206896,5.61363636363636,6.13928571428571,5.95830508474576,59
"59",2006,10,5.57105263157895,19,5.8,5.17857142857143,NA,5.3125,5.64,12,7,0,4,15,524,401,123,22,214,310,6.01679389312977,6.21034912718204,5.38577235772358,5.61363636363636,6.12383177570093,5.94290322580645,60
"60",2006,11,5.36363636363636,22,5.375,5.33333333333333,6,5.1,5.58333333333333,16,6,2,10,12,546,417,129,24,224,322,5.99047619047619,6.17829736211031,5.38333333333333,5.64583333333333,6.078125,5.92950310559006,61
"61",2006,12,5.81578947368421,19,6.5,4.33333333333333,5,6,5.68181818181818,13,6,2,8,11,565,430,135,26,232,333,5.9846017699115,6.18802325581395,5.33666666666667,5.59615384615385,6.07543103448276,5.92132132132132,62
"62",2007,1,5.31034482758621,29,5.76190476190476,4.125,5,5.3125,5.30952380952381,21,8,2,8,21,594,451,143,28,240,354,5.9516835016835,6.16818181818182,5.26888111888112,5.55357142857143,6.05,5.88502824858757,63
"63",2007,2,5.04583333333333,24,5.19375,4.75,NA,4.75,5.105,16,8,0,4,20,618,467,151,28,244,374,5.91650485436893,6.1347965738758,5.24139072847682,5.55357142857143,6.02868852459016,5.84331550802139,64
"64",2007,3,5.88095238095238,21,6.03333333333333,5.5,NA,5.6,5.96875,15,6,0,5,16,639,482,157,28,249,390,5.91533646322379,6.13163900414938,5.25127388535032,5.55357142857143,6.02008032128514,5.84846153846154,65
"65",2007,4,5.96363636363636,22,5.94285714285714,6,NA,5.33333333333333,6.2,14,8,0,6,16,661,496,165,28,255,406,5.91694402420575,6.12631048387097,5.28757575757576,5.55357142857143,6.00392156862745,5.86231527093596,66
"66",2007,5,5.59444444444444,18,5.84615384615385,4.94,4,5.625,5.57,13,5,1,8,10,679,509,170,29,263,416,5.90839469808542,6.11915520628684,5.27735294117647,5.5,5.99239543726236,5.85528846153846,67
"67",2007,6,5.84375,16,5.81818181818182,5.9,NA,6,5.75,11,5,0,6,10,695,520,175,29,269,426,5.90690647482014,6.11278846153846,5.29514285714286,5.5,5.99256505576208,5.85281690140845,68
"68",2007,7,5.77777777777778,18,6.11538461538461,4.9,5,5.5,5.95454545454545,13,5,1,7,11,713,533,180,30,276,437,5.90364656381487,6.11285178236398,5.28416666666667,5.48333333333333,5.98007246376812,5.85537757437071,69
"69",2007,8,6,27,6.10869565217391,5.375,NA,6.4375,5.81578947368421,23,4,0,8,19,740,556,184,30,284,456,5.90716216216216,6.11267985611511,5.28614130434783,5.48333333333333,5.99295774647887,5.85372807017544,70
"70",2007,9,5.67647058823529,17,6.2,4.92857142857143,5.5,5.125,5.84615384615385,10,7,1,4,13,757,566,191,31,288,469,5.90198150594452,6.11422261484099,5.27303664921466,5.48387096774194,5.98090277777778,5.85351812366738,71
"71",2007,10,6.14814814814815,27,6.575,4.92857142857143,4,5.75,6.46666666666667,20,7,1,12,15,784,586,198,32,300,484,5.91045918367347,6.12994880546075,5.26085858585859,5.4375,5.97166666666667,5.87252066115702,72
"72",2007,11,6.01851851851852,27,6.06666666666667,5.95833333333333,7.5,5.71428571428571,6.125,15,12,2,7,20,811,601,210,34,307,504,5.91405672009864,6.1283693843594,5.30071428571429,5.55882352941176,5.96579804560261,5.88253968253968,73
"73",2007,12,5.99444444444444,45,6.34558823529412,4.90909090909091,4.33333333333333,6.3,5.84166666666667,34,11,3,15,30,856,635,221,37,322,534,5.91828271028037,6.14,5.28122171945701,5.45945945945946,5.98136645962733,5.88024344569288,74
"74",2008,1,5.80357142857143,42,5.94852941176471,5.1875,4.5,6.30714285714286,5.70285714285714,34,8,1,7,35,898,669,229,38,329,569,5.91291759465479,6.13026905829596,5.27794759825328,5.43421052631579,5.98829787234043,5.86933216168717,75
"75",2008,2,6,34,6.3695652173913,5.22727272727273,NA,6,6,23,11,0,8,26,932,692,240,38,337,595,5.91609442060086,6.1382225433526,5.275625,5.43421052631579,5.98857566765579,5.87504201680672,76
"76",2008,3,5.98064516129032,31,6.04761904761905,5.84,5,6.12857142857143,5.9375,21,10,3,7,24,963,713,250,41,344,619,5.91817237798546,6.13555399719495,5.2982,5.40243902439024,5.99142441860465,5.87746365105008,77
"77",2008,4,5.28846153846154,26,5.35294117647059,5.16666666666667,NA,4.91666666666667,5.60714285714286,17,9,0,12,14,989,730,259,41,356,633,5.90161779575329,6.11732876712329,5.29362934362934,5.40243902439024,5.95519662921348,5.8714849921011,78
"78",2008,5,6.25,25,6.45454545454545,4.75,5,6.475,6.1,22,3,1,10,15,1014,752,262,42,366,648,5.91020710059172,6.12719414893617,5.28740458015267,5.39285714285714,5.96939890710383,5.87677469135802,79
"79",2008,6,6.28125,16,6.18181818181818,6.5,6,6.25,6.29166666666667,11,5,1,4,12,1030,763,267,43,370,660,5.91597087378641,6.12798165137615,5.31011235955056,5.40697674418605,5.97243243243243,5.88431818181818,80
"80",2008,7,5.79166666666667,12,5.95454545454545,4,NA,6.2,5.5,11,1,0,5,7,1042,774,268,43,375,667,5.91453934740883,6.12551679586563,5.30522388059702,5.40697674418605,5.97546666666667,5.88028485757121,81
"81",2008,8,5.5,32,5.83333333333333,4.86363636363636,4,5.68181818181818,5.40476190476191,21,11,3,11,21,1074,795,279,46,386,688,5.90218808193668,6.11779874213836,5.28781362007169,5.31521739130435,5.96709844559586,5.86577034883721,82
"82",2008,9,5.76190476190476,21,5.9375,5.2,6,5.58333333333333,5.83333333333333,16,5,1,6,15,1095,811,284,47,392,703,5.89949771689498,6.11424167694205,5.2862676056338,5.32978723404255,5.96122448979592,5.86507823613087,83
"83",2008,10,5.38695652173913,23,5.46470588235294,5.16666666666667,3.5,4.91428571428571,5.59375,17,6,2,7,16,1118,828,290,49,399,719,5.88895348837209,6.10090579710145,5.28379310344828,5.25510204081633,5.94285714285714,5.85904033379694,84
"84",2008,11,6.24117647058824,17,6.30769230769231,6.025,5,6.66666666666667,6.15,13,4,1,3,14,1135,841,294,50,402,733,5.89422907488987,6.10410225921522,5.29387755102041,5.25,5.94825870646766,5.86459754433834,85
"85",2008,12,6.508,25,6.75333333333333,6.14,5.925,6.31111111111111,6.61875,15,10,4,9,16,1160,856,304,54,411,749,5.90745689655172,6.11547897196262,5.32171052631579,5.3,5.95620437956204,5.88070761014686,86
"86",2009,1,5.81632653061224,49,6.08064516129032,5.36111111111111,5.4,5.6875,5.87878787878788,31,18,5,16,33,1209,887,322,59,427,782,5.90376344086021,6.11426155580609,5.32391304347826,5.30847457627119,5.94613583138173,5.88062659846547,87
"87",2009,2,5.5,32,5.60526315789474,5.34615384615385,4.875,4.94444444444444,5.71739130434783,19,13,4,9,23,1241,906,335,63,436,805,5.8933521353747,6.10358719646799,5.32477611940299,5.28095238095238,5.92545871559633,5.87596273291925,88
"88",2009,3,5.69615384615385,26,5.73,5.58333333333333,7,5.75,5.68,20,6,1,6,20,1267,926,341,64,442,825,5.88930544593528,6.09551835853132,5.32932551319648,5.3078125,5.92307692307692,5.87121212121212,89
"89",2009,4,5.32692307692308,26,5.65384615384615,5,5,4.83333333333333,5.475,13,13,4,6,20,1293,939,354,68,448,845,5.87799690641918,6.08940362087327,5.31723163841808,5.28970588235294,5.90848214285714,5.86183431952663,90
"90",2009,5,5.78076923076923,26,6.29166666666667,5.34285714285714,5.33333333333333,5.44166666666667,6.07142857142857,12,14,3,12,14,1319,951,368,71,460,859,5.87608036391205,6.09195583596215,5.31820652173913,5.29154929577465,5.89630434782609,5.86525029103609,91
"91",2009,6,5.65,22,5.88,5.45833333333333,5.5,5.98,5.375,10,12,4,10,12,1341,961,380,75,470,871,5.87237136465324,6.08975026014568,5.32263157894737,5.30266666666667,5.89808510638298,5.85849598163031,92
"92",2009,7,5.54464285714286,28,5.90789473684211,4.77777777777778,5.5,5.25,5.625,19,9,2,6,22,1369,980,389,77,476,893,5.86566837107378,6.08622448979592,5.31002570694088,5.30779220779221,5.88991596638656,5.85274356103023,93
"93",2009,8,5.32272727272727,22,5.425,5.2,5.02,5.51,5.16666666666667,12,10,5,10,12,1391,992,399,82,486,905,5.85708123652049,6.07822580645161,5.30726817042607,5.29024390243902,5.8820987654321,5.84364640883978,94
"94",2009,9,5.9,20,6.05,5.75,6.125,6.1,5.83333333333333,10,10,4,5,15,1411,1002,409,86,491,920,5.85768958185684,6.07794411177645,5.31809290953545,5.32906976744186,5.88431771894094,5.84347826086957,95
"95",2009,10,5.559375,32,5.61842105263158,5.47307692307692,6,5.515,5.57954545454545,19,13,3,10,22,1443,1021,422,89,501,942,5.85107415107415,6.06939275220372,5.3228672985782,5.35168539325843,5.87694610778443,5.83731422505308,96
"96",2009,11,5.968,25,6.23333333333333,5.28571428571429,5.75,5.75,6.07058823529412,18,7,4,8,17,1468,1039,429,93,509,959,5.85306539509537,6.07223291626564,5.32226107226107,5.36881720430108,5.87495088408645,5.84144942648592,97
"97",2009,12,5.640625,32,5.95,5.125,5.35714285714286,5.0625,5.83333333333333,20,12,7,8,24,1500,1059,441,100,517,983,5.84853333333333,6.06992445703494,5.31689342403628,5.368,5.86237911025145,5.8412512716175,98
"98",2010,1,5.90454545454545,44,6.11785714285714,5.53125,6.375,5.22222222222222,6.08,28,16,4,9,35,1544,1087,457,104,526,1018,5.85012953367876,6.07115915363385,5.32439824945295,5.40673076923077,5.85142585551331,5.84945972495088,99
"99",2010,2,5.82352941176471,17,6.05,5.5,4.83333333333333,5.75,5.84615384615385,10,7,3,4,13,1561,1097,464,107,530,1031,5.8498398462524,6.07096627164995,5.3270474137931,5.39065420560748,5.85066037735849,5.84941804073715,100
"100",2010,3,6.00285714285714,35,6.02222222222222,5.9375,5,6.3,5.95333333333333,27,8,1,5,30,1596,1124,472,108,535,1061,5.8531954887218,6.06979537366548,5.33739406779661,5.38703703703704,5.85485981308411,5.85235626767201,101
"101",2010,4,5.52631578947368,19,5.70833333333333,5.21428571428571,6,5.5,5.54166666666667,12,7,1,7,12,1615,1136,479,109,542,1073,5.84934984520124,6.06597711267606,5.33559498956159,5.39266055045872,5.85027675276753,5.84888164026095,102
"102",2010,5,6,17,6.375,5.1,6,5.25,6.40909090909091,12,5,1,6,11,1632,1148,484,110,548,1084,5.85091911764706,6.06920731707317,5.33316115702479,5.39818181818182,5.84370437956205,5.85456642066421,103
"103",2010,6,5.68235294117647,17,5.96153846153846,4.775,NA,6.83333333333333,5.43571428571429,13,4,0,3,14,1649,1161,488,110,551,1098,5.84918132201334,6.06800172265289,5.32858606557377,5.39818181818182,5.84909255898367,5.84922586520947,104
"104",2010,7,6.28333333333333,15,6.54545454545455,5.5625,6,6,6.425,11,4,1,5,10,1664,1172,492,111,556,1108,5.85309495192308,6.07248293515358,5.33048780487805,5.4036036036036,5.85044964028777,5.85442238267148,105
"105",2010,8,5.60454545454545,22,6.02142857142857,4.875,5.75,5.5,5.63529411764706,14,8,4,5,17,1686,1186,500,115,561,1125,5.84985172004745,6.0718802698145,5.3232,5.41565217391304,5.84732620320856,5.85111111111111,106
"106",2010,9,5.66346153846154,26,5.93333333333333,5.29545454545455,5.66666666666667,6.28571428571429,5.43421052631579,15,11,3,7,19,1712,1201,511,118,568,1144,5.84702102803738,6.07014987510408,5.32260273972603,5.42203389830508,5.85272887323944,5.84418706293706,107
"107",2010,10,5.53571428571429,14,5.5,5.57142857142857,5,5,5.68181818181818,7,7,1,3,11,1726,1208,518,119,571,1155,5.84449594438007,6.06684602649007,5.32596525096525,5.41848739495798,5.84824868651489,5.84264069264069,108
"108",2010,11,5.84285714285714,35,5.88095238095238,5.78571428571429,5.66666666666667,6.54545454545455,5.52083333333333,21,14,3,11,24,1761,1229,532,122,582,1179,5.84446337308348,6.06366965012205,5.33806390977444,5.42459016393443,5.86142611683849,5.83608990670059,109
"109",2010,12,5.90952380952381,21,6.24,5.08333333333333,NA,6,5.89444444444444,15,6,0,3,18,1782,1244,538,122,585,1197,5.84523007856341,6.06579581993569,5.33522304832714,5.42459016393443,5.86213675213675,5.83696741854637,110
"110",2011,1,6.06648648648649,37,6.09866666666667,5.92857142857143,6,6.3,5.99142857142857,30,7,1,9,28,1819,1274,545,123,594,1225,5.84973062122045,6.06656985871272,5.34284403669725,5.42926829268293,5.86877104377105,5.84049795918368,111
"111",2011,2,6.07352941176471,34,6.20454545454545,5.83333333333333,5.16666666666667,5.3,6.20689655172414,22,12,6,5,29,1853,1296,557,129,599,1254,5.85383702104695,6.06891203703704,5.35341113105925,5.41705426356589,5.86402337228715,5.84897129186603,112
"112",2011,3,6.00064516129032,31,6.12,5.75,5.5,5.92857142857143,6.02166666666667,21,10,2,7,24,1884,1317,567,131,606,1278,5.85625265392781,6.06972665148064,5.36040564373898,5.41832061068702,5.86476897689769,5.85221439749609,113
"113",2011,4,5.3124375,16,5.611,4.92857142857143,5,4.625,5.54158333333333,9,7,1,4,12,1900,1326,574,132,610,1290,5.85167315789474,6.06661312217195,5.3551393728223,5.41515151515152,5.8566393442623,5.84932480620155,114
"114",2011,5,6.25,14,6.31818181818182,6,NA,5.25,6.41666666666667,11,3,0,2,12,1914,1337,577,132,612,1302,5.85458672936259,6.06868287210172,5.35849220103986,5.41515151515152,5.8546568627451,5.85455376344086,115
"115",2011,6,5.91176470588235,17,6.11538461538461,5.25,5.5,5.66666666666667,5.96428571428571,13,4,2,3,14,1931,1350,581,134,615,1316,5.85509010875194,6.06913259259259,5.35774526678141,5.41641791044776,5.85373983739837,5.85572112462006,116
"116",2011,7,5.296875,16,5.72916666666667,4,NA,5.75,5.14583333333333,12,4,0,4,12,1947,1362,585,134,619,1328,5.85050282485876,6.06613729809104,5.34846153846154,5.41641791044776,5.85306946688207,5.84930647590362,117
"117",2011,8,6.10384615384615,26,6.48333333333333,5.25,5.33333333333333,6,6.12857142857143,18,8,3,5,21,1973,1380,593,137,624,1349,5.85384135833756,6.07157898550725,5.34713322091062,5.41459854014598,5.8542467948718,5.8536538176427,118
"118",2011,9,5.93333333333333,18,6.34545454545455,5.28571428571429,6,5.9,5.94615384615385,11,7,2,5,13,1991,1391,600,139,629,1362,5.85456002009041,6.07374478792236,5.34641666666667,5.42302158273381,5.85461049284579,5.85453671071953,119
"119",2011,10,5.275,20,5.95833333333333,4.25,3,5,5.32352941176471,12,8,2,3,17,2011,1403,608,141,632,1379,5.84879612133267,6.07275766215253,5.33199013157895,5.3886524822695,5.85055379746836,5.8479905728789,120
"120",2011,11,6.0625,32,6.47916666666667,4.8125,5,5.64285714285714,6.18,24,8,1,7,25,2043,1427,616,142,639,1404,5.8521434165443,6.07959285213735,5.32524350649351,5.38591549295775,5.84827856025039,5.85390242165242,121
"121",2011,12,5.325,24,5.5,5.03333333333333,4.33333333333333,4.825,5.425,15,9,3,4,20,2067,1442,625,145,643,1424,5.84602273826802,6.07356380027739,5.32104,5.36413793103448,5.84191290824261,5.84787851123596,122
"122",2012,1,6.03,38,6.51692307692308,4.975,5.5,5.16,6.3,26,12,3,9,29,2105,1468,637,148,652,1453,5.84934394299287,6.08141621253406,5.31452119309262,5.36689189189189,5.8325,5.85690227116311,123
"123",2012,2,5.45625,32,5.6952380952381,5,5.5,4.90909090909091,5.74285714285714,21,11,4,11,21,2137,1489,648,152,663,1474,5.84345765091249,6.07596977837475,5.30918209876543,5.3703947368421,5.81717948717949,5.85527747625509,124
"124",2012,3,5.83928571428571,28,5.97727272727273,5.33333333333333,5,5.35714285714286,6,22,6,1,7,21,2165,1511,654,153,670,1495,5.84340369515011,6.07453275976175,5.30940366972477,5.36797385620915,5.81237313432836,5.85731036789298,125
"125",2012,4,6.1,22,6.46,2.5,1,7.3,5.74705882352941,20,2,1,5,17,2187,1531,656,154,675,1512,5.84598491083676,6.0795682560418,5.30083841463415,5.33961038961039,5.82339259259259,5.85607076719577,126
"126",2012,5,5.44230769230769,26,5.575,5,5,6.8,5.11904761904762,20,6,1,5,21,2213,1551,662,155,680,1533,5.84124220515138,6.07306189555126,5.29811178247734,5.33741935483871,5.83057352941177,5.84597455968689,127
"127",2012,6,5.94545454545455,22,6.01875,5.75,7,6.9,5.66470588235294,16,6,1,5,17,2235,1567,668,156,685,1550,5.84226800894855,6.07250733886407,5.30217065868263,5.34807692307692,5.8383795620438,5.84398645161291,128
"128",2012,7,5.82444444444444,27,6.05294117647059,5.436,5.125,6.33333333333333,5.76083333333333,17,10,4,3,24,2262,1584,678,160,688,1574,5.84205526083112,6.07229734848485,5.30414454277286,5.3425,5.84053779069767,5.84271855146125,129
"129",2012,8,5.8737037037037,27,5.842,5.96428571428571,4.5,5.75,5.917,20,7,1,7,20,2289,1604,685,161,695,1594,5.84242857142857,6.06942581047382,5.31089051094891,5.33726708074534,5.83962589928058,5.84365056461732,130
"130",2012,9,5.6,20,5.88461538461539,5.07142857142857,5,5.75,5.58333333333333,13,7,2,2,18,2309,1617,692,163,697,1612,5.84032871372889,6.06794001236859,5.30846820809249,5.33312883435583,5.839368723099,5.84074379652606,131
"131",2012,10,5.62321428571429,28,5.75,5.47692307692308,5,5.125,5.75909090909091,15,13,3,6,22,2337,1632,705,166,703,1634,5.83772742832692,6.06501776960784,5.31157446808511,5.32710843373494,5.83327169274538,5.83964443084456,132
"132",2012,11,5.81818181818182,22,6.09375,5.08333333333333,6,5.8,5.82352941176471,16,6,1,5,17,2359,1648,711,167,708,1651,5.83754514624841,6.06529672330097,5.30964838255978,5.3311377245509,5.83303672316384,5.83947849788008,133
"133",2012,12,6.00875,40,6.08103448275862,5.81818181818182,6,5.81428571428571,6.05,29,11,1,7,33,2399,1677,722,168,715,1684,5.84039974989579,6.06556887298748,5.31739612188366,5.33511904761905,5.83285314685315,5.84360391923991,134
"134",2013,1,5.7,30,5.84090909090909,5.3125,5.66666666666667,5.64285714285714,5.71739130434783,22,8,3,7,23,2429,1699,730,171,722,1707,5.83866570605187,6.06265979988228,5.31734246575342,5.34093567251462,5.83101108033241,5.84190333919157,135
"135",2013,2,6.01538461538462,26,5.96875,6.09,NA,4.75,6.24545454545455,16,10,0,4,22,2455,1715,740,171,726,1729,5.84053727087576,6.06178367346939,5.32778378378378,5.34093567251462,5.82505509641873,5.84703817235397,136
"136",2013,3,6.27,30,6.5375,5.96428571428571,5.91666666666667,5.5,6.4625,16,14,6,6,24,2485,1731,754,177,732,1753,5.84572193158954,6.06618082033507,5.33960212201591,5.36045197740113,5.82239071038251,5.855464346834,137
"137",2013,4,5.81818181818182,22,5.76470588235294,6,NA,6,5.77777777777778,17,5,0,4,18,2507,1748,759,177,736,1771,5.8454802552852,6.06324885583524,5.34395256916996,5.36045197740113,5.82335597826087,5.85467476002259,138
"138",2013,5,5.91962962962963,27,6.45928571428571,5.33846153846154,5.1,6.54333333333333,5.84166666666667,14,13,5,3,24,2534,1762,772,182,739,1795,5.84627032359905,6.06639557321226,5.34386010362694,5.3532967032967,5.82627875507443,5.8545008356546,139
"139",2013,6,6.0047619047619,21,6.13125,5.6,4.5,5.25,6.18235294117647,16,5,2,4,17,2555,1778,777,184,743,1812,5.84757299412916,6.06697919010124,5.34550836550837,5.34402173913043,5.82317631224765,5.85757671081678,140
"140",2013,7,5.685,32,5.546,5.91666666666667,5.66666666666667,5.26545454545455,5.90476190476191,20,12,3,11,21,2587,1798,789,187,754,1833,5.8455620409741,6.06118409343715,5.35419518377693,5.34919786096257,5.81503978779841,5.85811729405347,141
"141",2013,8,5.73928571428571,28,5.82083333333333,5.25,5.5,5.25,5.87272727272727,24,4,3,6,22,2615,1822,793,190,760,1855,5.8444240917782,6.05801811196488,5.35366960907945,5.35157894736842,5.81057894736842,5.85829056603774,142
"142",2013,9,5.71527777777778,36,5.77884615384615,5.55,5,5.28571428571429,5.81896551724138,26,10,2,7,29,2651,1848,803,192,767,1884,5.8426703130894,6.05409036796537,5.35611457036115,5.34791666666667,5.8057887874837,5.85768524416136,143
"143",2013,10,6.01785714285714,28,6.39473684210526,5.22222222222222,3.5,5.8,6.06521739130435,19,9,2,5,23,2679,1867,812,194,772,1907,5.84450130645763,6.05755704338511,5.35463054187192,5.32886597938144,5.80575129533679,5.86018825380179,144
"144",2013,11,5.74838709677419,31,5.97777777777778,5.43076923076923,5.66666666666667,5.71428571428571,5.75833333333333,18,13,3,7,24,2710,1885,825,197,779,1931,5.84340184501845,6.05679522546419,5.3558303030303,5.33401015228426,5.80492939666239,5.85892232004143,145
"145",2013,12,5.58181818181818,22,5.78571428571429,5.225,4,4.75,5.76666666666667,14,8,1,4,18,2732,1899,833,198,783,1949,5.84129538799414,6.05479673512375,5.35457382953181,5.32727272727273,5.79954022988506,5.85807029245767,146
"146",2014,1,5.89,50,6.08536585365854,5,5.5,5.7,5.91111111111111,41,9,4,5,45,2782,1940,842,202,788,1994,5.84217074047448,6.05544278350516,5.350783847981,5.33069306930693,5.79890862944163,5.85926730190572,147
"147",2014,2,5.93548387096774,31,6.11363636363636,5.5,6,6.5,5.82692307692308,22,9,1,5,26,2813,1962,851,203,793,2020,5.84319907571987,6.05609531090724,5.35236192714454,5.33399014778325,5.80332912988651,5.85885099009901,148
"148",2014,3,6.2037037037037,27,6.35416666666667,5,NA,6.55555555555556,6.02777777777778,24,3,0,9,18,2840,1986,854,203,802,2038,5.8466264084507,6.0596973816717,5.35112412177986,5.33399014778325,5.81177057356609,5.86034298331698,149
"149",2014,4,5.68181818181818,33,6.07142857142857,5,4.25,6.07142857142857,5.57692307692308,21,12,6,7,26,2873,2007,866,209,809,2064,5.84473337974243,6.05982012954659,5.34625866050808,5.30287081339713,5.8140173053152,5.85677277131783,150
"150",2014,5,5.67391304347826,23,5.65789473684211,5.75,6,5.66666666666667,5.675,19,4,1,3,20,2896,2026,870,210,812,2084,5.84337672651934,6.05605083909181,5.34811494252874,5.30619047619048,5.81347290640394,5.8550283109405,151
"151",2014,6,5.97586206896552,29,5.94285714285714,6.0625,5.66666666666667,5.7,6.02,21,8,3,4,25,2925,2047,878,213,816,2109,5.84469025641026,6.05488959452858,5.35462414578588,5.3112676056338,5.81291666666667,5.85698387861546,152
"152",2014,7,6.00653846153846,26,6.18722222222222,5.6,6.5,5.63333333333333,6.1185,18,8,2,6,20,2951,2065,886,215,822,2129,5.84611623178584,6.05604309927361,5.35683972911964,5.32232558139535,5.81160583941606,5.85944058243307,153
"153",2014,8,5.42592592592593,27,5.90555555555556,4.46666666666667,4.4,5.5,5.41304347826087,18,9,3,4,23,2978,2083,895,218,826,2152,5.84230658159839,6.05474267882861,5.34788826815643,5.30963302752294,5.81009685230024,5.85466960966543,154
"154",2014,9,6.08518518518519,27,6.125,6.02727272727273,NA,5.33333333333333,6.17916666666667,16,11,0,3,24,3005,2099,906,218,829,2176,5.84448885191348,6.05527822772749,5.35613686534216,5.30963302752294,5.80837153196623,5.85824862132353,155
"155",2014,10,5.46875,16,5.57142857142857,5.38888888888889,5.5,5.33333333333333,5.5,7,9,2,3,13,3021,2106,915,220,832,2189,5.84249884144323,6.05366999050333,5.35645901639344,5.31136363636364,5.80665865384616,5.85612105984468,156
"156",2014,11,5.760625,32,6.0975,4.75,3.5,4.835,5.89285714285714,24,8,4,4,28,3053,2130,923,224,836,2217,5.84164068129708,6.05416384976526,5.35120260021669,5.27901785714286,5.80200956937799,5.8565850248083,157
"157",2014,12,5.81724137931035,29,5.875,5.74615384615385,5.85714285714286,5.35,5.892,16,13,7,4,25,3082,2146,936,231,840,2242,5.84141109669046,6.05282805219012,5.35668803418803,5.2965367965368,5.79985714285714,5.85697992863515,158
"158",2015,1,5.95520833333333,48,6.02727272727273,5.79666666666667,5.73333333333333,5.8625,5.97375,33,15,3,8,40,3130,2179,951,234,848,2282,5.84315623003195,6.05244102799449,5.36362776025237,5.30213675213675,5.80044811320755,5.85902673093778,159
"159",2015,2,5.87511627906977,43,6.115625,5.17545454545455,7,6.28571428571429,5.79527777777778,32,11,1,7,36,3173,2211,962,235,855,2318,5.84358934762055,6.05335549525102,5.36147609147609,5.30936170212766,5.80442105263158,5.85803666954271,160
"160",2015,3,5.8953488372093,43,5.85483870967742,6,8,6.75,5.80769230769231,31,12,1,4,39,3216,2242,974,236,859,2357,5.84428140547264,6.05061061552186,5.36934291581109,5.32076271186441,5.80882421420256,5.85720364870598,161
"161",2015,4,5.51829268292683,41,5.83035714285714,4.84615384615385,5,5.125,5.61363636363636,28,13,5,8,33,3257,2270,987,241,867,2390,5.84017777095487,6.04789383259912,5.36245187436677,5.31410788381743,5.80251441753172,5.85384058577406,162
"162",2015,5,5.92851851851852,27,6.47133333333333,5.25,6,6.83333333333333,5.67,15,12,3,6,21,3284,2285,999,244,873,2411,5.84090408038977,6.05067352297593,5.3611011011011,5.32254098360656,5.8095990836197,5.85223931978432,163
"163",2015,6,5.73590909090909,22,5.9325,5.5,5.5,5.57142857142857,5.81266666666667,12,10,1,7,15,3306,2297,1009,245,880,2426,5.84020538415003,6.05005616020897,5.36247770069376,5.32326530612245,5.80770454545455,5.851994641385,164
"164",2015,7,5.71714285714286,35,6.125,5.17333333333333,5.66666666666667,5.61666666666667,5.73793103448276,20,15,3,6,29,3341,2317,1024,248,886,2455,5.83891619275666,6.0507030643073,5.35970703125,5.32741935483871,5.80641083521445,5.85064725050917,165
"165",2015,8,5.97741935483871,31,6.21363636363636,5.4,5,5.34,6.1,22,9,1,5,26,3372,2339,1033,249,891,2481,5.84018950177936,6.05223557075674,5.36005808325266,5.32610441767068,5.80379349046016,5.85326037887949,166
"166",2015,9,6.24137931034483,29,6.26315789473684,6.2,8,6.33333333333333,6.23076923076923,19,10,1,3,26,3401,2358,1043,250,894,2507,5.84361040870332,6.05393511450382,5.36811121764142,5.3368,5.80557046979866,5.85717550857599,167
"167",2015,10,5.97083333333333,24,5.95333333333333,6,5.75,6,5.96666666666667,15,9,4,3,21,3425,2373,1052,254,897,2528,5.84450189781022,6.05329919932575,5.37351711026616,5.34330708661417,5.80622073578595,5.85808504746836,168
"168",2015,11,6.05555555555556,27,6.175,5.71428571428571,4.25,5.5,6.125,20,7,2,3,24,3452,2393,1059,256,900,2552,5.84615266512167,6.05431633932303,5.37576959395656,5.334765625,5.8052,5.86059521943574,169
"169",2015,12,5.79545454545455,44,5.83333333333333,5.625,3.5,5.875,5.77777777777778,36,8,1,8,36,3496,2429,1067,257,908,2588,5.84551458810069,6.05104116920544,5.37763823805061,5.32762645914397,5.80581497797357,5.85944319938177,170
"170",2016,1,5.89473684210526,38,6.1,5.125,5,6.5,5.75806451612903,30,8,2,7,31,3534,2459,1075,259,915,2619,5.84604385964912,6.05163847092314,5.37575813953489,5.32509652509653,5.81112568306011,5.85824322260405,171
"171",2016,2,6.10416666666667,24,6.41666666666667,5.16666666666667,4,6.04,6.12105263157895,18,6,1,5,19,3558,2477,1081,260,920,2638,5.84778499156829,6.05429107791684,5.37459759481961,5.32,5.81236956521739,5.86013608794542,172
"172",2016,3,6.00131578947368,38,6.20652173913043,5.68666666666667,5.73333333333333,5.95,6.0109375,23,15,3,6,32,3596,2500,1096,263,926,2670,5.8494073971079,6.0556916,5.37886861313869,5.32471482889734,5.81326133909287,5.86194344569289,173
"173",2016,4,5.65675675675676,37,5.696875,5.4,5,5.075,5.72727272727273,32,5,1,4,33,3633,2532,1101,264,930,2703,5.84744536195981,6.05115679304898,5.37896457765668,5.32348484848485,5.81008602150538,5.86029929707732,174
"174",2016,5,6.22666666666667,45,6.21578947368421,6.28571428571429,6.5,5.7,6.2925,38,7,4,5,40,3678,2570,1108,268,935,2743,5.85208510059815,6.05359105058366,5.38469314079423,5.3410447761194,5.80949732620321,5.8666018957346,175
"175",2016,6,5.90119047619048,42,5.90142857142857,5.9,5.4,6.33333333333333,5.82916666666667,35,7,2,6,36,3720,2605,1115,270,941,2779,5.85263951612903,6.05154664107486,5.38792825112108,5.34148148148148,5.81283740701382,5.86611694854264,176
"176",2016,7,5.79605263157895,38,6.1375,5.41666666666667,4.375,6.25,5.72727272727273,20,18,4,5,33,3758,2625,1133,274,946,2812,5.85206732304417,6.05220152380953,5.38838481906443,5.32737226277372,5.81514799154334,5.86448755334282,177
"177",2016,8,5.82820512820513,39,6.05769230769231,5.36923076923077,4.375,6.04285714285714,5.78125,26,13,4,7,32,3797,2651,1146,278,953,2844,5.85182222807479,6.05225537533007,5.38816753926702,5.3136690647482,5.81682056663169,5.86355098452884,178
"178",2016,9,5.98255813953488,43,6.13,5.77777777777778,6.75,5.64285714285714,6.04861111111111,25,18,2,7,36,3840,2676,1164,280,960,2880,5.85328619791666,6.05298168908819,5.39419243986255,5.32392857142857,5.81555208333333,5.86586423611111,179
"179",2016,10,6.19333333333333,30,6.225,6.13,5,6.45555555555556,6.08095238095238,20,10,1,9,21,3870,2696,1174,281,969,2901,5.85592222222222,6.05425778931751,5.40045996592845,5.32277580071174,5.8214963880289,5.86742123405723,180
"180",2016,11,5.81756756756757,37,5.9758064516129,5,5.33333333333333,5.45,5.9537037037037,31,6,3,10,27,3907,2727,1180,284,979,2928,5.85555899667264,6.05336596993033,5.39842372881356,5.32288732394366,5.81770173646578,5.8682168715847,181
"181",2016,12,5.77668085106383,47,6.07154285714286,4.91666666666667,5.5,5.57142857142857,5.8126,35,12,4,7,40,3954,2762,1192,288,986,2968,5.85462139605463,6.0535963070239,5.39357382550336,5.32534722222222,5.81595334685598,5.8674673180593,182
"182",2017,1,5.51153846153846,52,5.75142857142857,5.01764705882353,4.75,5.11111111111111,5.5953488372093,35,17,2,9,43,4006,2797,1209,290,995,3011,5.85016799800299,6.04981515909904,5.38828784119107,5.32137931034483,5.80957788944724,5.86358120225839,183
"183",2017,2,6.04761904761905,42,6.17586206896552,5.76153846153846,5.5,5.625,6.14705882352941,29,13,1,8,34,4048,2826,1222,291,1003,3045,5.85221665019763,6.05110863411182,5.39225859247136,5.32199312714777,5.80810568295115,5.86674646962233,184
"184",2017,3,5.60740740740741,27,5.46875,5.80909090909091,5.75,5.625,5.6,16,11,4,8,19,4075,2842,1233,295,1011,3064,5.85059460122699,6.04783004926108,5.39597729115978,5.32779661016949,5.80665677546983,5.86509236292429,185
"185",2017,4,5.95052631578947,38,6.11290322580645,5.23142857142857,5.66666666666667,5.2,6.06424242424242,31,7,6,5,33,4113,2873,1240,301,1016,3097,5.85151787016776,6.04853219631048,5.39504838709678,5.33455149501661,5.80367125984252,5.86721440103326,186
"186",2017,5,5.75238095238095,21,5.98571428571429,5.28571428571429,5,5.96666666666667,5.71666666666667,14,7,2,3,18,4134,2887,1247,303,1019,3115,5.85101427189163,6.04822757187392,5.39443464314355,5.33234323432343,5.80415112855741,5.8663444622793,187
"187",2017,6,6.06521739130435,23,6.53333333333333,5.1875,5.25,7.66666666666667,5.825,15,8,2,3,20,4157,2902,1255,305,1022,3135,5.85219942266057,6.0507350103377,5.39311553784861,5.33180327868852,5.80961839530333,5.86608070175439,188
"188",2017,7,6.1,38,6.48695652173913,5.50666666666667,4.85714285714286,5.90909090909091,6.17777777777778,23,15,7,11,27,4195,2925,1270,312,1033,3162,5.85444410011919,6.05416512820513,5.39445669291339,5.32115384615385,5.81067763794772,5.86874225173941,189
"189",2017,8,6.125,28,6.54761904761905,4.85714285714286,4.66666666666667,5.625,6.20833333333333,21,7,3,4,24,4223,2946,1277,315,1037,3186,5.85623798247691,6.05768262050238,5.39151135473767,5.31492063492064,5.80996142719383,5.87130037664784,190
"190",2017,9,5.46153846153846,26,5.76470588235294,4.88888888888889,6,6.4,5.23809523809524,17,9,2,5,21,4249,2963,1286,317,1042,3207,5.85382278183102,6.05600168747891,5.38799377916019,5.3192429022082,5.81279270633397,5.86715403804179,191
"191",2017,10,6.14285714285714,42,6.40740740740741,5.66666666666667,5.16666666666667,7.07142857142857,5.95714285714286,27,15,3,7,35,4291,2990,1301,320,1049,3242,5.85665182941039,6.05917491638796,5.39120676402767,5.3178125,5.82119161105815,5.86812553979026,192
"192",2017,11,6.1625,40,6.10357142857143,6.3,6,5.93333333333333,6.20294117647059,28,12,3,6,34,4331,3018,1313,323,1055,3276,5.85947656430385,6.05958681245858,5.39951256664128,5.32414860681115,5.82182938388626,5.87160042735043,193
"193",2017,12,6.31666666666667,30,6.625,5.7,6,5.5,6.44230769230769,20,10,2,4,26,4361,3038,1323,325,1059,3302,5.86262164641137,6.06330908492429,5.40178382464097,5.32830769230769,5.82061378659112,5.87609418534222,194
"194",2018,1,5.765625,48,5.82236842105263,5.55,4.33333333333333,4.75,5.91071428571429,38,10,3,6,42,4409,3076,1333,328,1065,3344,5.86156566114765,6.06033257477243,5.40289572393099,5.31920731707317,5.81458215962441,5.87652900717704,195
"195",2018,2,6.46896551724138,29,6.68947368421053,6.05,6,7.5,6.35,19,10,1,3,26,4438,3095,1343,329,1068,3370,5.86553470031545,6.06419483037157,5.40771407297096,5.32127659574468,5.81931647940075,5.8801818991098,196
"196",2018,3,6.04875,40,6.42,4.935,5,5.91818181818182,6.09827586206897,30,10,1,11,29,4478,3125,1353,330,1079,3399,5.86717128182224,6.06761056,5.40422025129342,5.32030303030303,5.82032437442076,5.88204265960577,197
"197",2018,4,5.8535,40,6.1,5.39571428571429,5,6,5.83722222222222,26,14,5,4,36,4518,3151,1367,335,1083,3435,5.86705024347056,6.06787781656617,5.40413313825896,5.3155223880597,5.82098799630656,5.88157292576419,198
"198",2018,5,6.1,20,6.06666666666667,6.2,6,6.75,5.9375,15,5,1,4,16,4538,3166,1372,336,1087,3451,5.86807690612604,6.06787207833228,5.4070335276968,5.31755952380953,5.82440662373505,5.88183222254419,199
"199",2018,6,6.33083870967742,31,6.55460869565217,5.6875,4.66666666666667,5.8,6.43292307692308,23,8,3,5,26,4569,3189,1380,339,1092,3477,5.87121667760998,6.07138256506742,5.40865942028986,5.3117994100295,5.82429487179487,5.88595312050619,200
"200",2018,7,5.87878787878788,33,5.94444444444444,5.8,4,6.4,5.78571428571429,18,15,1,5,28,4602,3207,1395,340,1097,3505,5.87127096914385,6.07067009666355,5.41286738351255,5.30794117647059,5.82691886964449,5.88515235378032,201
"201",2018,8,6.10740740740741,27,5.875,6.44545454545455,9,7.18,5.86363636363636,16,11,1,5,22,4629,3223,1406,341,1102,3527,5.87264830416937,6.06969872789327,5.42094594594595,5.31876832844575,5.83305807622505,5.88501814573292,202
"202",2018,9,6.39583333333333,24,6.76923076923077,5.95454545454545,6,NA,6.39583333333333,13,11,3,0,24,4653,3236,1417,344,1102,3551,5.87534687298517,6.07250896168109,5.42508821453776,5.32470930232558,5.83305807622505,5.88847057166995,203
"203",2018,10,6.07741935483871,31,6.33333333333333,5.2,5.83333333333333,6.66666666666667,6.01428571428571,24,7,3,3,28,4684,3260,1424,347,1105,3579,5.87668424423569,6.07442914110429,5.42398174157304,5.32910662824208,5.83532126696833,5.8894548756636,204
"204",2018,11,6.288,25,6.72380952380952,4,6.25,6,6.34285714285714,21,4,2,4,21,4709,3281,1428,349,1109,3600,5.87886791250796,6.07858549222798,5.41999299719888,5.33438395415473,5.83591523895401,5.89209972222223,205
"205",2018,12,5.84166666666667,24,5.84444444444444,5.83333333333333,7,4.5,5.96363636363636,18,6,1,2,22,4733,3299,1434,350,1111,3622,5.87867927318825,6.07730797211276,5.42172245467225,5.33914285714286,5.83351035103511,5.89253423522916,206
"206",2019,1,5.83396226415094,53,5.96428571428571,5.33636363636364,5,5.79090909090909,5.84523809523809,42,11,3,11,42,4786,3341,1445,353,1122,3664,5.87818407856247,6.07588715953307,5.42107266435986,5.33626062322946,5.83309269162211,5.89199208515284,207
"207",2019,2,5.61363636363636,33,5.70833333333333,5.5,5.5,5,5.675,18,15,3,3,30,4819,3359,1460,356,1125,3694,5.87637248391783,6.07391753498065,5.42188356164384,5.33764044943821,5.83087111111111,5.89022983216026,208
"208",2019,3,6.27368421052632,38,6.44074074074074,5.86363636363636,6.5,5.73333333333333,6.375,27,11,4,6,32,4857,3386,1471,360,1131,3726,5.87948095532222,6.07684258712345,5.42518694765466,5.35055555555556,5.83035366931919,5.89439318303811,209
"209",2019,4,6.14814814814815,27,6.05555555555556,6.33333333333333,6,6.5,6.08695652173913,18,9,2,4,23,4884,3404,1480,362,1135,3749,5.88096621621622,6.07673002350176,5.43070945945946,5.35414364640884,5.83271365638767,5.89557455321419,210
"210",2019,5,5.67916666666667,24,6.14117647058824,4.55714285714286,4.2,5.5,5.69545454545455,17,7,4,2,22,4908,3421,1487,366,1137,3771,5.87997942135289,6.07705027769658,5.42659717552119,5.34153005464481,5.83212840809147,5.89440705383188,211
"211",2019,6,6.22857142857143,21,6.48333333333333,5.88888888888889,5,6.66666666666667,6.15555555555556,12,9,3,3,18,4929,3433,1496,369,1140,3789,5.8814645972814,6.07847043402272,5.42937834224599,5.33875338753388,5.83432456140351,5.89564766429137,212
"212",2019,7,6.39310344827586,29,6.34761904761905,6.5125,5,6,6.456,21,8,1,4,25,4958,3454,1504,370,1144,3814,5.88445724082291,6.08010683265779,5.43513962765958,5.33783783783784,5.83490384615385,5.89932066072365,213
"213",2019,8,6.15068617647059,34,6.375,5.83023785714286,6.5,5.875,6.18744433333333,20,14,2,4,30,4992,3474,1518,372,1148,3844,5.88627049879808,6.08180454807139,5.43878348484849,5.34408602150538,5.83504355400697,5.90156928459938,214
"214",2019,9,5.7037037037037,27,6.15384615384615,5.28571428571429,4.6,5.5,5.73913043478261,13,14,5,4,23,5019,3487,1532,377,1152,3867,5.88528837019327,6.08207312876398,5.43738468015666,5.3342175066313,5.83388020833334,5.90060313679855,215
"215",2019,10,5.86369035714286,28,6.14871769230769,5.61666666666667,4.75,7.25,5.63263875,13,15,4,4,24,5047,3500,1547,381,1156,3891,5.88516854765207,6.08232066571429,5.43912303167421,5.32808398950132,5.83878027681661,5.89895031097405,216
"216",2019,11,6.49310344827586,29,6.4,6.78571428571429,4.5,6,6.59583333333333,22,7,1,5,24,5076,3522,1554,382,1161,3915,5.88864177698975,6.08430503407155,5.44518875804376,5.32591623036649,5.83947459086994,5.9032223908046,217
"217",2019,12,6.09509794117647,34,6.34305541666667,5.5,4.33333333333333,7.66666666666667,5.94301064516129,24,10,3,3,31,5110,3546,1564,385,1164,3946,5.89001545792563,6.08605630569656,5.44553921355499,5.31818181818182,5.84418384879725,5.90353496958946,218
"218",2020,1,6.28416660714286,56,6.78925916666667,5.375,5.4,6.5,6.248194375,36,20,5,8,48,5166,3582,1584,390,1172,3994,5.89428809910956,6.09312367113345,5.4446485669192,5.31923076923077,5.84866040955632,5.90767709564347,219
"219",2020,2,6.24324324324324,37,6.61538461538461,5.36363636363636,5,5.83333333333333,6.32258064516129,26,11,2,6,31,5203,3608,1595,392,1178,4025,5.89676961752835,6.09688719235033,5.44408986206897,5.31760204081633,5.84858234295416,5.91087262608696,220
"220",2020,3,6.14217391304348,46,6.28486486486486,5.55555555555556,5,5.25,6.22714285714286,37,9,5,4,42,5249,3645,1604,397,1182,4067,5.89892023623547,6.09879533333333,5.44471529301746,5.31360201511335,5.84655668358714,5.91413875583969,221
"221",2020,4,6.53,50,6.51388888888889,6.57142857142857,6.66666666666667,6.3125,6.57142857142857,36,14,6,8,42,5299,3681,1618,403,1190,4109,5.90487494244197,6.10285492800869,5.45446435723115,5.33374689826303,5.84968907563025,5.92085722073497,222
"222",2020,5,5.93243243243243,37,6.34090909090909,5.33333333333333,5,5.875,5.93939393939394,22,15,1,4,33,5336,3703,1633,404,1194,4142,5.90506602698651,6.10426923845531,5.45335170238824,5.33292079207921,5.84977386934674,5.92100490584259,223
"223",2020,6,6.49285714285714,42,6.5625,6.27,NA,6.66666666666667,6.47948717948718,32,10,0,3,39,5378,3735,1643,404,1197,4181,5.9096564373373,6.10819517804552,5.45832217285454,5.33292079207921,5.85182121971596,5.92621437933509,224
"224",2020,7,6.103125,32,6.07826086956522,6.16666666666667,NA,4.875,6.27857142857143,23,9,0,4,28,5410,3758,1652,404,1201,4209,5.91080079852126,6.10801197179351,5.46218119249395,5.33292079207921,5.84856786011657,5.92855840342124,225
"225",2020,8,6.34368421052632,38,6.29076923076923,6.45833333333333,5.25,6.33333333333333,6.34457142857143,26,12,4,3,35,5448,3784,1664,408,1204,4244,5.91382017621145,6.10926770348837,5.46936498197116,5.33210784313726,5.84977574750831,5.93198923656928,226
"226",2020,9,5.53030303030303,33,5.62,5.25,6,6.25,5.43103448275862,25,8,2,4,29,5481,3809,1672,410,1208,4273,5.91151109651523,6.10605644263586,5.46831538875598,5.33536585365854,5.85110099337749,5.92858935642406,227
"227",2020,10,6.2914584375,32,6.73159434782609,5.16666666666667,4.33333333333333,9,6.110889,23,9,3,2,30,5513,3832,1681,413,1210,4303,5.91371648648649,6.10981097599165,5.46670037477692,5.32808716707022,5.85630578512397,5.92986032767837,228
"228",2020,11,6.13265306122449,49,6.52941176470588,5.23333333333333,5,5.83333333333333,6.17441860465116,34,15,2,6,43,5562,3866,1696,415,1216,4346,5.91564526968716,6.11350120538024,5.46463639740566,5.32650602409639,5.85619243421053,5.93228002531063,229
"229",2020,12,5.9946875,64,6.57189189189189,5.2037037037037,4.5,5.45454545454545,6.10679245283019,37,27,5,11,53,5626,3903,1723,420,1227,4399,5.91654443476715,6.11784669741225,5.46054749274522,5.31666666666667,5.85259168704157,5.93438258467834,230
"230",2021,1,6.30337837837838,74,6.51346153846154,5.80681818181818,5.5,6.53,6.26796875,52,22,2,10,64,5700,3955,1745,422,1237,4463,5.92156648947368,6.12304820733249,5.46491308309456,5.3175355450237,5.85806790622474,5.93916625364105,231
"231",2021,2,5.8661787804878,41,6.19282038461538,5.3,5.375,5.81818181818182,5.88377766666667,26,15,4,11,30,5741,3981,1760,426,1248,4493,5.9211709318934,6.12350389098217,5.46350757386364,5.31807511737089,5.85771634615385,5.93879642109949,232
"232",2021,3,6.2677332,25,6.3596665,5.9,5.66666666666667,5.83333333333333,6.40491210526316,20,5,3,6,19,5766,4001,1765,429,1254,4512,5.92267354318418,6.12468440889778,5.46474409631728,5.32051282051282,5.85759968102074,5.94075923093972,233
"233",2021,4,6.20666666666667,30,6.15217391304348,6.38571428571429,6,5.75,6.27692307692308,23,7,1,4,26,5796,4024,1772,430,1258,4538,5.92414348688751,6.12484153081511,5.46838224040632,5.32209302325582,5.85725755166932,5.94268524680476,234
"234",2021,5,6.39054054054054,37,6.698,5.75,6.2,8,6.34583333333333,25,12,5,1,36,5833,4049,1784,435,1259,4574,5.92710194582548,6.12838041985675,5.47027653026906,5.33218390804598,5.85895949166005,5.94585825317009,235
"235",2021,6,6.3030303030303,33,6.6,5.9,6.22,6.78,6.21785714285714,19,14,5,5,28,5866,4068,1798,440,1264,4602,5.92921678315718,6.13058316617503,5.47362254171302,5.34227272727273,5.86260284810127,5.94751317905259,236
"236",2021,7,5.75,46,5.83928571428571,5.61111111111111,4.33333333333333,6.8,5.6219512195122,28,18,3,5,41,5912,4096,1816,443,1269,4643,5.92782233592693,6.128591875,5.47498531387666,5.33544018058691,5.8662962962963,5.94463830497523,237
"237",2021,8,6.22741935483871,31,6.49090909090909,5.58333333333333,6.4,6.4,6.17708333333333,22,9,2,7,24,5943,4118,1825,445,1276,4667,5.92938510011779,6.13052751821273,5.47551963287672,5.34022471910113,5.86922413793104,5.94583365116778,238
"238",2021,9,6.0425,40,6.28064516129032,5.22222222222222,5.1,5.27142857142857,6.20606060606061,31,9,5,7,33,5983,4149,1834,450,1283,4700,5.93014134213605,6.13164914919258,5.47427662486369,5.33755555555556,5.86596258768512,5.94766077659575,239
"239",2021,10,6.20606060606061,33,6.46315789473684,5.85714285714286,6,5.25,6.33793103448276,19,14,2,4,29,6016,4168,1848,452,1287,4729,5.93165486203457,6.13316034548944,5.47717712662338,5.34048672566372,5.86404817404818,5.95005406005498,240
"240",2021,11,5.90384615384615,26,6,5.5,6,4.33333333333333,6.10869565217391,21,5,3,3,23,6042,4189,1853,455,1290,4752,5.93153519529957,6.13249279541657,5.47723871019968,5.34483516483517,5.86048837209303,5.95082189604377,241
"241",2021,12,6.20293234375,64,6.34062886363636,5.9,6.5,7.125,6.14146116666667,44,20,1,4,60,6106,4233,1873,456,1294,4812,5.9343798427776,6.13465626978502,5.48175297917779,5.34736842105263,5.86439721792891,5.9531989443059,242
"242",2022,1,5.8786,65,6.19142857142857,5.51363333333333,5.42857142857143,6.93333333333333,5.77133898305085,35,30,7,6,59,6171,4268,1903,463,1300,4871,5.93379230594717,6.13512183458294,5.48225555964267,5.34859611231102,5.86933076923077,5.95099616505851,243
"243",2022,2,5.94611111111111,45,6.20833333333333,5.225,3.75,5.23055555555556,6.125,33,12,4,9,36,6216,4301,1915,467,1309,4907,5.93388148648649,6.13568355963729,5.48064351436032,5.33490364025696,5.86493888464477,5.95227273690646,244
"244",2022,3,6.23265306122449,49,6.27878787878788,6.1375,5.25,6.07142857142857,6.25952380952381,33,16,2,7,42,6265,4334,1931,469,1316,4949,5.93621824740622,6.13677318643286,5.48608613671673,5.33454157782516,5.86603723404256,5.95488024247323,245
"245",2022,4,6.13518518518519,54,6.39404761904762,5.22916666666667,5,5.975,6.16304347826087,42,12,1,8,46,6319,4376,1943,470,1324,4995,5.93791855040354,6.13924245658135,5.4844993978384,5.33382978723404,5.86669561933535,5.95679726126126,246
"246",2022,5,5.60595238095238,42,5.74791666666667,5.41666666666667,6.33333333333333,5,5.63625,24,18,3,2,40,6361,4400,1961,473,1326,5035,5.93572666561861,6.13710795227273,5.4838767618562,5.34016913319239,5.86538838612368,5.95425070903674,247
"247",2022,6,6.03977272727273,44,6.15909090909091,5.68181818181818,6,7,5.91666666666667,33,11,1,5,39,6405,4433,1972,474,1331,5074,5.93644142388759,6.13727159711257,5.48498089756593,5.3415611814346,5.86965063861758,5.95396182893181,248
"248",2022,7,6.59054054054054,37,6.68448275862069,6.25,3,8,6.46617647058823,29,8,1,3,34,6442,4462,1980,475,1334,5108,5.94019828003726,6.1408281017481,5.48807188383839,5.33663157894737,5.87444152923539,5.95737124510572,249
"249",2022,8,6.09090909090909,44,6.375,5.59375,5.4,5.91666666666667,6.11842105263158,28,16,5,6,38,6486,4490,1996,480,1340,5146,5.94122067838421,6.14228841648107,5.48891900300602,5.33729166666667,5.87463059701493,5.95856049747377,250
"250",2022,9,6.09535363636364,33,6.23641038461538,5.57142857142857,NA,6.58333333333333,5.9869137037037,26,7,0,6,27,6519,4516,2003,480,1346,5173,5.94200091885258,6.14283030558016,5.48920735396905,5.33729166666667,5.87778974739971,5.95870848443843,251
"251",2022,10,5.93333333333333,6,6.53333333333333,5.33333333333333,NA,5.6,6,3,3,0,1,5,6525,4519,2006,480,1347,5178,5.941992948659,6.14308954635981,5.48897424227318,5.33729166666667,5.87758351893096,5.9587483565083,252
"252",2022,11,6.17285714285714,35,6.09807692307692,6.38888888888889,5.5,6.16666666666667,6.1734375,26,9,3,3,32,6560,4545,2015,483,1350,5210,5.94322469359756,6.14283204840484,5.49299371215881,5.33830227743271,5.87822592592593,5.96006698464491,253
"253",2022,12,5.74962121212121,66,6.07554347826087,5,3.16666666666667,6.00625,5.69259259259259,46,20,3,12,54,6626,4591,2035,486,1362,5264,5.94129625565952,6.14215784360706,5.48814856511057,5.32489711934157,5.87935389133628,5.95732313639818,254
