"","year","month","avg_rating","no_ratings","avg_rating_owned","avg_rating_not_owned","avg_rating_prev_owned","avg_rating_comment","avg_rating_no_comment","no_ratings_owned","no_ratings_not_owned","no_ratings_prev_owned","no_ratings_comment","no_ratings_no_comment","cum_no_ratings","cum_no_ratings_owned","cum_no_ratings_not_owned","cum_no_ratings_prev_owned","cum_no_ratings_comment","cum_no_ratings_no_comment","cum_avg_rating","cum_avg_rating_owned","cum_avg_rating_not_owned","cum_avg_rating_prev_owned","cum_avg_rating_comment","cum_avg_rating_no_comment","month_after_release"
"1",2006,10,7.12,25,7.46153846153846,6.75,NA,6.8,7.2,13,12,0,5,20,25,13,12,0,5,20,7.12,7.46153846153846,6.75,NA,6.8,7.2,0
"2",2006,11,6.8695652173913,23,7.45454545454545,6.33333333333333,7.33333333333333,6.94444444444444,6.82142857142857,11,12,3,9,14,48,24,24,3,14,34,7,7.45833333333333,6.54166666666667,7.33333333333333,6.89285714285714,7.04411764705882,1
"3",2006,12,7.325,20,7.53846153846154,6.92857142857143,NA,6.9,7.46666666666667,13,7,0,5,15,68,37,31,3,19,49,7.09558823529412,7.48648648648649,6.62903225806452,7.33333333333333,6.89473684210526,7.1734693877551,2
"4",2007,1,7.18125,16,7.8125,6.55,NA,7.125,7.2,8,8,0,4,12,84,45,39,3,23,61,7.11190476190476,7.54444444444444,6.61282051282051,7.33333333333333,6.93478260869565,7.17868852459016,3
"5",2007,2,7.13644511627907,43,7.685,6.65944086956522,7.25,6.75,7.36544962962963,20,23,4,16,27,127,65,62,7,39,88,7.1202137007874,7.58769230769231,6.63011516129032,7.28571428571429,6.85897435897436,7.23599022727273,4
"6",2007,3,7.3610652173913,46,7.6603,6.8,7.75,7.33383333333333,7.37857142857143,30,16,4,18,28,173,95,78,11,57,116,7.18425514450867,7.61062105263158,6.66496333333333,7.45454545454545,7.0089298245614,7.27040637931034,5
"7",2007,4,7.24672131147541,61,8.1,6.52272727272727,7.5,7.232,7.25694444444444,28,33,6,25,36,234,123,111,17,82,152,7.20053905982906,7.7220243902439,6.62267693693694,7.47058823529412,7.07693902439024,7.26721802631579,6
"8",2007,5,7.008,75,7.58571428571429,6.5025,7.4,6.81111111111111,7.18974358974359,35,40,5,36,39,309,158,151,22,118,191,7.15380627831715,7.69182911392405,6.59084198675497,7.45454545454545,6.99583898305085,7.25139863874346,7
"9",2007,6,7.07558139534884,43,7.6275,6.59565217391304,7.675,6.97916666666667,7.11290322580645,20,23,4,12,31,352,178,174,26,130,222,7.14425039772727,7.68460112359551,6.59147781609195,7.48846153846154,6.9943,7.23205918918919,8
"10",2007,7,6.84423076923077,52,7.66666666666667,6.13928571428571,7.125,6.85714285714286,6.83548387096774,24,28,4,21,31,404,202,202,30,151,253,7.10563400990099,7.6824702970297,6.52879772277228,7.44,6.97522516556291,7.18346695652174,9
"11",2007,8,7.37692307692308,39,7.86666666666667,6.80555555555556,7.625,7.2,7.4875,21,18,4,15,24,443,223,220,34,166,277,7.12951724604966,7.69981614349776,6.55144154545455,7.46176470588235,6.99553614457831,7.20980916967509,10
"12",2007,9,7.32222222222222,27,7.62142857142857,7,7.66666666666667,7.6,7.15882352941177,14,13,3,10,17,470,237,233,37,176,294,7.14058753191489,7.69518565400844,6.57646841201717,7.47837837837838,7.02988068181818,7.20686102040816,11
"13",2007,10,7.02692307692308,52,7.47857142857143,6.5,6.75,6.92857142857143,7.06315789473684,28,24,4,14,38,522,265,257,41,190,332,7.12926463601533,7.67229811320755,6.56932739299611,7.40731707317073,7.02241578947368,7.19041307228916,12
"14",2007,11,7.1468085106383,47,7.73076923076923,6.42380952380952,6.5,6.97894736842105,7.26071428571429,26,21,4,19,28,569,291,278,45,209,360,7.13071377855888,7.67752233676976,6.55833503597122,7.32666666666667,7.01846411483254,7.19588094444445,13
"15",2007,12,7.09375,56,7.42857142857143,6.53571428571429,7.46666666666667,7.21875,7.04375,35,21,3,16,40,625,326,299,48,225,400,7.127401824,7.65079447852761,6.55674628762542,7.33541666666667,7.03270666666667,7.18066785,14
"16",2008,1,7.08508771929825,57,7.43108108108108,6.445,6.75,7.01190476190476,7.12777777777778,37,20,4,21,36,682,363,319,52,246,436,7.12386530791789,7.62839944903581,6.5497402507837,7.29038461538461,7.03093089430894,7.17630077981651,15
"17",2008,2,7.25757575757576,33,7.73333333333333,6.86111111111111,7,6.95,7.39130434782609,15,18,1,10,23,715,378,337,53,256,459,7.13003655944056,7.63256349206349,6.56637133531157,7.28490566037736,7.02776953125,7.18707437908497,16
"18",2008,3,6.93513513513513,37,7.54166666666667,5.81538461538462,6.5,7.03571428571429,6.87391304347826,24,13,2,14,23,752,402,350,55,270,482,7.12044699468085,7.6271368159204,6.53847754285714,7.25636363636364,7.02818148148148,7.17213099585062,17
"19",2008,4,7.59705882352941,34,7.53181818181818,7.71666666666667,7.81666666666667,7.87222222222222,7.2875,22,12,6,18,16,786,424,362,61,288,498,7.1410637913486,7.62219103773585,6.5775335359116,7.31147540983606,7.08093402777778,7.17583763052209,18
"20",2008,5,7.08710526315789,38,7.97117647058823,6.37142857142857,6.5,7.00055555555556,7.165,17,21,2,18,20,824,441,383,63,306,518,7.13857541262136,7.6356439909297,6.56623274151436,7.28571428571428,7.07620588235294,7.17541918918919,19
"21",2008,6,7.46285714285714,35,7.97368421052632,6.85625,7,7.26470588235294,7.65,19,16,2,17,18,859,460,399,65,323,536,7.1517882887078,7.64960652173913,6.57786250626566,7.27692307692308,7.08612693498452,7.19135660447761,20
"22",2008,7,7.045,40,7.628125,6.65625,6.51666666666667,6.57142857142857,7.3,16,24,15,14,26,899,476,423,80,337,562,7.14703686318131,7.64888445378151,6.58231002364066,7.134375,7.06474480712166,7.1963828113879,21
"23",2008,8,7.05116279069767,43,7.47916666666667,6.51052631578947,5.75,7.33333333333333,6.94193548387097,24,19,4,12,31,942,500,442,84,349,593,7.14266044585987,7.640738,6.57922429864253,7.06845238095238,7.07397994269341,7.18308118043845,22
"24",2008,9,7.04615384615385,39,7.71428571428571,6.672,6.5375,6.48571428571429,7.36,14,25,8,14,25,981,514,467,92,363,618,7.13882379204893,7.64274124513619,6.58419087794433,7.02228260869565,7.05129201101928,7.19023809061489,23
"25",2008,10,7.20833333333333,36,7.60869565217391,6.5,6.33333333333333,6.91,7.32307692307692,23,13,3,10,26,1017,537,480,95,373,644,7.14128430678466,7.64128305400372,6.58191070833333,7.00052631578947,7.04750402144772,7.19560114906832,24
"26",2008,11,7.26382978723404,47,7.6695652173913,6.875,6.55555555555556,7.43076923076923,7.2,23,24,9,13,34,1064,560,504,104,386,678,7.1466975,7.64244464285714,6.59586734126984,6.96201923076923,7.06041191709845,7.19582174041298,25
"27",2008,12,7.19245283018868,53,7.61379310344828,6.68333333333333,6.66666666666667,7.32352941176471,7.13055555555556,29,24,9,17,36,1117,589,528,113,403,714,7.14886852282901,7.64103395585738,6.59984306818182,6.93849557522124,7.0715111662531,7.19253100840336,26
"28",2009,1,7.10984848484848,66,7.57317073170732,6.35,5.75,6.73055555555556,7.25208333333333,41,25,7,18,48,1183,630,553,120,421,762,7.14669158072697,7.63661746031746,6.58854817359855,6.86916666666667,7.05693349168646,7.19628233595801,27
"29",2009,2,6.74259259259259,81,7.54821428571429,6.31698113207547,6.58333333333333,7.03571428571429,6.64,28,53,6,21,60,1264,658,606,126,442,822,7.12079599683544,7.6328556231003,6.56479726072607,6.85555555555556,7.05592533936652,7.15567778588808,28
"30",2009,3,7.3140350877193,57,7.56333333333333,7.03703703703704,6.58333333333333,7.42857142857143,7.298,30,27,6,7,50,1321,688,633,132,449,872,7.12913409538229,7.62982412790698,6.58494018957346,6.84318181818182,7.06173496659243,7.16383846330275,29
"31",2009,4,6.87816901408451,71,7.63409090909091,6.53877551020408,6.95,6.81764705882353,6.89722222222222,22,49,10,17,54,1392,710,682,142,466,926,7.11633343390805,7.62995633802817,6.58162337243402,6.85070422535211,7.052830472103,7.14829064794816,30
"32",2009,5,7.09181818181818,55,7.68695652173913,6.6640625,7.09090909090909,7.196875,7.04871794871795,23,32,11,16,39,1447,733,714,153,482,965,7.11540161713891,7.6317448840382,6.5853181232493,6.86797385620915,7.05761203319502,7.14426646632124,31
"33",2009,6,6.982,50,7.47857142857143,6.35,6.33333333333333,6.99230769230769,6.97837837837838,28,22,6,13,37,1497,761,736,159,495,1002,7.11094598530394,7.62610906701708,6.5782841576087,6.84779874213836,7.05589696969697,7.13814085828343,32
"34",2009,7,7.2452380952381,42,7.65384615384615,7.06206896551724,6.77777777777778,7,7.31212121212121,13,29,9,9,33,1539,774,765,168,504,1035,7.11461087719298,7.62657493540052,6.5966237124183,6.84404761904762,7.05489880952381,7.14368805797101,33
"35",2009,8,7.32045454545455,44,7.675,6.895,6.5,7.27692307692308,7.33870967741935,24,20,2,13,31,1583,798,785,170,517,1066,7.12033236891977,7.6280313283208,6.60422565605095,6.84,7.06048162475822,7.14935941838649,34
"36",2009,9,7.01896551724138,58,7.33181818181818,6.82777777777778,7.29166666666667,7.225,6.91052631578947,22,36,12,20,38,1641,820,821,182,537,1104,7.11674962827544,7.62008414634146,6.61402818514007,6.86978021978022,7.06660893854749,7.14113871376812,35
"37",2009,10,7.04545454545455,55,7.65909090909091,6.63636363636364,7.13636363636364,7.09375,7.02564102564103,22,33,11,16,39,1696,842,854,193,553,1143,7.11443758254717,7.62110332541568,6.614891264637,6.88497409326425,7.06739421338156,7.13719784776903,36
"38",2009,11,6.89538461538462,65,7.46666666666667,6.40571428571429,6.145,7.00952380952381,6.84090909090909,30,35,10,21,44,1761,872,889,203,574,1187,7.10635215218626,7.61579013761468,6.60665595050619,6.84852216748769,7.06527700348432,7.1262149452401,37
"39",2009,12,7.00142857142857,70,7.47777777777778,6.70232558139535,6.82142857142857,6.89473684210526,7.04117647058824,27,43,14,19,51,1831,899,932,217,593,1238,7.10234087383943,7.61164516129032,6.61106989270386,6.84677419354839,7.05981281618887,7.1227117447496,38
"40",2010,1,7.27901234567901,81,7.90121951219512,6.64125,6.6625,7.59090909090909,7.23,41,40,8,11,70,1912,940,972,225,604,1308,7.10982538702929,7.62427553191489,6.61231187242798,6.84022222222222,7.06948509933775,7.12845347094801,39
"41",2010,2,7.14081632653061,49,7.79666666666667,6.10526315789474,5.75,7.5,7.02432432432432,30,19,4,12,37,1961,970,991,229,616,1345,7.1105997654258,7.62960721649484,6.60259045408678,6.82117903930131,7.07787175324675,7.12558895167286,40
"42",2010,3,7.25,41,7.52631578947368,7.01136363636364,6.78125,7.28181818181818,7.23833333333333,19,22,8,11,30,2002,989,1013,237,627,1375,7.11345461538462,7.62762285136501,6.61146805528134,6.81983122362869,7.08144976076555,7.12804882909091,41
"43",2010,4,7.33545454545455,55,7.43235294117647,7.17857142857143,7.63333333333333,7.5,7.28452380952381,34,21,6,13,42,2057,1023,1034,243,640,1417,7.11939044239183,7.62113294232649,6.62298562862669,6.83991769547325,7.0899515625,7.13268676076217,42
"44",2010,5,7.12608695652174,46,7.54,6.63333333333333,6.8,7.52307692307692,6.96969696969697,25,21,5,13,33,2103,1048,1055,248,653,1450,7.11953691868759,7.61919751908397,6.62319160189573,6.83911290322581,7.09857427258806,7.12897733793103,43
"45",2010,6,6.93970588235294,34,7.35625,6.56944444444444,6.67857142857143,6.80769230769231,7.02142857142857,16,18,7,13,21,2137,1064,1073,255,666,1471,7.11667577912962,7.61524342105263,6.62228997204101,6.83470588235294,7.0928963963964,7.127441971448,44
"46",2010,7,6.60833333333333,48,7.48235294117647,6.12903225806452,6.73076923076923,5.9375,6.7425,17,31,13,8,40,2185,1081,1104,268,674,1511,7.10550853089245,7.61315356151711,6.6084394384058,6.82966417910448,7.0791824925816,7.11725158173395,45
"47",2010,8,7.11777777777778,45,7.58,6.54,6.38888888888889,7.15,7.10857142857143,25,20,9,10,35,2230,1106,1124,277,684,1546,7.10575611659193,7.61240415913201,6.60722165480427,6.81534296028881,7.08021783625731,7.11705507115136,46
"48",2010,9,7.20609756097561,41,7.82619047619048,6.555,6.7,6.84,7.3241935483871,21,20,5,10,31,2271,1127,1144,282,694,1577,7.10756765301629,7.61638775510204,6.60630868881119,6.81329787234043,7.07675648414986,7.12112691185796,47
"49",2010,10,6.936,50,7.49642857142857,6.22272727272727,6.25,7.41071428571429,6.75138888888889,28,22,4,14,36,2321,1155,1166,286,708,1613,7.10387166738475,7.61347965367965,6.59907130360206,6.80541958041958,7.08336016949153,7.11287485430874,48
"50",2010,11,7.24270833333333,48,7.71666666666667,6.76875,7.05,7.34230769230769,7.20571428571429,24,24,5,13,35,2369,1179,1190,291,721,1648,7.1066847361756,7.61558015267175,6.60249339495798,6.80962199312715,7.08802912621359,7.11484656553398,49
"51",2010,12,7.39454545454545,55,7.66666666666667,6.98636363636364,7.11111111111111,7.47222222222222,7.35675675675676,33,22,9,18,37,2424,1212,1212,300,739,1685,7.11321622937294,7.61697112211221,6.60946133663366,6.81866666666667,7.09738700947226,7.12015854005935,50
"52",2011,1,7.28241379310345,58,7.67857142857143,6.91266666666667,6.59285714285714,7.125,7.32347826086956,28,30,14,12,46,2482,1240,1242,314,751,1731,7.11717008058018,7.61836209677419,6.616785136876,6.80859872611465,7.09782822902796,7.12556160600809,51
"53",2011,2,6.63095238095238,42,7.5,6.14814814814815,5.85,6.67272727272727,6.61612903225806,15,27,8,11,31,2524,1255,1269,322,762,1762,7.10907929477021,7.61694741035856,6.60681413711584,6.78478260869565,7.09169160104987,7.11659883087401,52
"54",2011,3,7.165,34,7.54066666666667,6.86842105263158,7.75,7.88888888888889,6.9044,15,19,4,9,25,2558,1270,1288,326,771,1787,7.10982257232213,7.61604645669291,6.61067324534161,6.79662576687117,7.10099740596628,7.11363018466704,53
"55",2011,4,6.91296296296296,27,7.75,6.42058823529412,6.78,6.775,6.99411764705882,10,17,5,10,17,2585,1280,1305,331,781,1804,7.10776639845261,7.61709296875,6.60819704214559,6.7963746223565,7.09682330345711,7.1125039578714,54
"56",2011,5,7.40142857142857,35,7.87173913043478,6.5,6.33333333333333,7.61111111111111,7.32884615384615,23,12,3,9,26,2620,1303,1317,334,790,1830,7.11168936641222,7.62158787413661,6.60721119210326,6.79221556886228,7.10268227848101,7.11557767213115,55
"57",2011,6,7.69833333333333,30,8.04047619047619,6.9,6.8,7.60714285714286,7.72608695652174,21,9,4,7,23,2650,1324,1326,338,797,1853,7.11833061886793,7.62823187311178,6.6091984464555,6.79230769230769,7.10711292346299,7.1231554991905,56
"58",2011,7,6.40588235294118,34,7.31111111111111,6.08,6.25,6.63,6.3125,9,25,8,10,24,2684,1333,1351,346,807,1877,7.10930556631893,7.62609077269317,6.59940572908956,6.77976878612717,7.10120074349442,7.11279016515717,57
"59",2011,8,7.08589743589744,39,7.65789473684211,6.5425,6.50625,7.73076923076923,6.76346153846154,19,20,8,13,26,2723,1352,1371,354,820,1903,7.10897030481087,7.62653772189349,6.5985755944566,6.77358757062147,7.11118170731707,7.10801741460851,58
"60",2011,9,7.17837837837838,37,7.44705882352941,6.95,6.5625,7.26923076923077,7.12916666666667,17,20,8,13,24,2760,1369,1391,362,833,1927,7.10990077536232,7.62430898466033,6.6036284255931,6.7689226519337,7.11364825930372,7.10828081992735,59
"61",2011,10,6.80606060606061,33,7.5625,6.564,7.28571428571429,7,6.77142857142857,8,25,7,5,28,2793,1377,1416,369,838,1955,7.10631082706767,7.62394989106754,6.60292877118644,6.77872628726287,7.11297016706444,7.10345633759591,60
"62",2011,11,7.0140350877193,57,7.73913043478261,6.52352941176471,6.29166666666667,6.89375,7.0609756097561,23,34,12,16,41,2850,1400,1450,381,854,1996,7.1044653122807,7.62584214285714,6.60106699310345,6.76338582677165,7.10886299765808,7.10258373747495,61
"63",2011,12,6.97931034482759,29,7.09230769230769,6.8875,8,7.625,6.876,13,16,2,4,25,2879,1413,1466,383,858,2021,7.10320463355332,7.62093347487615,6.6041931377899,6.76984334203655,7.11126923076923,7.09978087085601,62
"64",2012,1,7.09875,40,7.97142857142857,6.13421052631579,6.45,7.71428571428571,6.96818181818182,21,19,5,7,33,2919,1434,1485,388,865,2054,7.10314359027064,7.62606624825662,6.59817989225589,6.76572164948454,7.11614913294798,7.09766657254138,63
"65",2012,2,7.34242424242424,33,8.04444444444444,6.5,7.33333333333333,6.8,7.57826086956522,18,15,3,10,23,2952,1452,1500,391,875,2077,7.10581847560976,7.63125275482094,6.59719809333333,6.77007672634271,7.112536,7.10298851227732,64
"66",2012,3,7.53571428571429,28,7.88888888888889,7.36842105263158,7.25,6.16666666666667,7.7,9,19,4,3,25,2980,1461,1519,395,878,2102,7.10985776510067,7.63283983572895,6.60684472679394,6.77493670886076,7.10930410022779,7.11008902949572,65
"67",2012,4,7.28225806451613,31,8.04166666666667,6.80263157894737,7.46428571428571,7.9,7.16346153846154,12,19,7,5,26,3011,1473,1538,402,883,2128,7.11163272666888,7.63617040054311,6.60926342002601,6.78694029850746,7.11378142695357,7.11074113721805,66
"68",2012,5,7.53428571428571,35,8.26666666666667,6.985,8,7.55555555555556,7.52692307692308,15,20,4,9,26,3046,1488,1558,406,892,2154,7.11648921208142,7.64252620967742,6.6140867394095,6.79889162561576,7.11823878923767,7.11576468895079,67
"69",2012,6,7.21621621621622,37,7.765625,6.79761904761905,6.88888888888889,7.22916666666667,7.21,16,21,9,12,25,3083,1504,1579,415,904,2179,7.1176860655206,7.64383577127659,6.61652763774541,6.80084337349398,7.11971128318584,7.11684586507572,68
"70",2012,7,7.00037037037037,27,7.89166666666667,6.28733333333333,5.875,7.36666666666667,6.95458333333333,12,15,4,3,24,3110,1516,1594,419,907,2203,7.11666756913183,7.64579749340369,6.61342982434128,6.79200477326969,7.12052811466373,7.1150781389015,69
"71",2012,8,7.14230769230769,26,7.57777777777778,6.91176470588235,6.66666666666667,7.54,7.04761904761905,9,17,3,5,21,3136,1525,1611,422,912,2224,7.11688014668368,7.64539606557377,6.61657798882681,6.79111374407583,7.12282785087719,7.11444116007194,70
"72",2012,9,7.20833333333333,36,7.55,6.78125,6.66666666666667,6.41666666666667,7.36666666666667,20,16,3,6,30,3172,1545,1627,425,918,2254,7.11791807692308,7.64416116504854,6.61819738168408,6.79023529411765,7.11821241830065,7.11779819875776,71
"73",2012,10,7.34615384615385,39,8.29411764705882,6.61363636363636,6.4,7.08333333333333,7.46296296296296,17,22,5,12,27,3211,1562,1649,430,930,2281,7.1206901712862,7.65123495518566,6.61813653123105,6.78569767441861,7.1177623655914,7.12188388426129,72
"74",2012,11,7.00882352941176,34,7.65555555555556,6.28125,6.4,6.83333333333333,7.04642857142857,18,16,2,6,28,3245,1580,1665,432,936,2309,7.11951807087828,7.65128417721519,6.61489918318318,6.78391203703704,7.1159391025641,7.1209688783023,73
"75",2012,12,7.58181818181818,44,8.145,7.1125,7.2,7.78333333333333,7.50625,20,24,5,12,32,3289,1600,1689,437,948,2341,7.12570268774704,7.657455625,6.6219698875074,6.78867276887872,7.12438713080169,7.12623542930372,74
"76",2013,1,7.19204545454545,44,7.9375,6.57083333333333,6.77777777777778,7.33571428571429,7.125,20,24,9,14,30,3333,1620,1713,446,962,2371,7.12657849984999,7.66091296296296,6.62125343841214,6.78845291479821,7.12746257796258,7.12621979755378,75
"77",2013,2,7.18783783783784,37,7.54,6.94772727272727,7.41666666666667,6.52,7.43518518518519,15,22,3,10,27,3370,1635,1735,449,972,2398,7.1272510801187,7.65980366972477,6.62539316426513,6.79265033407573,7.12121296296296,7.12969855713094,76
"78",2013,3,7.30883720930233,43,8.22333333333333,6.6504,6.25,7.36545454545455,7.289375,18,25,6,11,32,3413,1653,1760,455,983,2430,7.12953886317023,7.66594010889292,6.625748375,6.78549450549451,7.12394608341811,7.13180129218107,77
"79",2013,4,7.42297297297297,37,7.73333333333333,7.21136363636364,6.98125,7.54166666666667,7.366,15,22,8,12,25,3450,1668,1782,463,995,2455,7.13268583768116,7.66654616306954,6.63297819304153,6.78887688984881,7.12898391959799,7.13418620773931,78
"80",2013,5,7.30508571428571,35,7.836125,6.85789473684211,7.125,7.4,7.28926666666667,16,19,4,5,30,3485,1684,1801,467,1000,2485,7.13441725681492,7.66815736342043,6.63535099389228,6.79175588865096,7.130339,7.13605840643863,79
"81",2013,6,7.06571428571429,35,7.60625,6.61052631578947,6.76,6.97142857142857,7.08928571428571,16,19,5,7,28,3520,1700,1820,472,1007,2513,7.13373413068182,7.66757470588235,6.63509183516483,6.79141949152543,7.12923435948361,7.13553726223637,80
"82",2013,7,7.375,28,8.09615384615385,6.75,6.875,7.35,7.3804347826087,13,15,4,5,23,3548,1713,1835,476,1012,2536,7.13563814543405,7.67082720373614,6.63603113896458,6.7921218487395,7.13032509881423,7.13775833596215,81
"83",2013,8,6.94285714285714,35,7.4,6.33333333333333,6.2,6.77777777777778,7,20,15,5,9,26,3583,1733,1850,481,1021,2562,7.13375499302261,7.66770167339873,6.63357683243243,6.78596673596674,7.12721743388834,7.13636032006245,82
"84",2013,9,7.27714285714286,35,8.03333333333333,6.71,6.91666666666667,6.92,7.42,15,20,6,10,25,3618,1748,1870,487,1031,2587,7.13514210613599,7.67083924485126,6.63439419251337,6.78757700205339,7.12520756547042,7.13910132972555,83
"85",2013,10,7.08815789473684,38,7.65882352941177,6.62619047619048,5.64285714285714,7.3,7.0125,17,21,7,10,28,3656,1765,1891,494,1041,2615,7.13465375820569,7.67072351274788,6.63430308831306,6.77135627530364,7.12688664745437,7.13774575143403,84
"86",2013,11,7.16,50,7.62068965517241,6.52380952380952,6.5,7.15384615384615,7.16216216216216,29,21,4,13,37,3706,1794,1912,498,1054,2652,7.13499572045332,7.66991471571906,6.6330895083682,6.76917670682731,7.12721916508539,7.13808640271493,85
"87",2013,12,7.06621621621622,37,7.3225,6.76470588235294,5.5,6.8125,7.13620689655172,20,17,2,8,29,3743,1814,1929,500,1062,2681,7.13431582687684,7.66608434399118,6.63424942457232,6.7641,7.1248483992467,7.13806607236106,86
"88",2014,1,7.23020833333333,48,7.65434782608696,6.84,6.94285714285714,5.93333333333333,7.41547619047619,23,25,7,6,42,3791,1837,1954,507,1068,2723,7.13552997625956,7.66593739793141,6.63688185261003,6.76656804733728,7.11815449438202,7.14234489166361,87
"89",2014,2,6.91212121212121,33,6.96363636363636,6.88636363636364,7,6.5,7.0037037037037,11,22,5,6,27,3824,1848,1976,512,1074,2750,7.13360202405858,7.66175703463204,6.63965948380567,6.76884765625,7.11470111731844,7.14098368727273,88
"90",2014,3,7.29285714285714,35,7.38157894736842,7.1875,7.25,7.59375,7.2037037037037,19,16,2,8,27,3859,1867,1992,514,1082,2777,7.13504642135268,7.65890573111944,6.64405980923695,6.77071984435798,7.11824306839187,7.14159349657904,89
"91",2014,4,7.07826216216216,37,7.33333333333333,6.955828,6.375,7.05555555555556,7.08556071428571,12,25,4,9,28,3896,1879,2017,518,1091,2805,7.13450714579055,7.65682650345929,6.64792406544373,6.76766409266409,7.11772593950504,7.14103416755793,90
"92",2014,5,7.38,40,7.87894736842105,6.92857142857143,7.08333333333333,6.75,7.5375,19,21,6,8,32,3936,1898,2038,524,1099,2837,7.13700199186992,7.65905005268704,6.65081591756624,6.7712786259542,7.1150491355778,7.14550611209024,91
"93",2014,6,7.84090909090909,22,7.91666666666667,7.75,8.3,7.75,7.85,12,10,5,2,20,3958,1910,2048,529,1101,2857,7.14091456291056,7.66066858638744,6.65618302734375,6.78572778827977,7.1162025431426,7.1504378158908,92
"94",2014,7,7.36538461538461,26,7.62727272727273,7.17333333333333,6.7,7.98333333333333,7.18,11,15,3,6,20,3984,1921,2063,532,1107,2877,7.14237947791165,7.66047735554399,6.65994320891905,6.78524436090226,7.12090243902439,7.15064332290581,93
"95",2014,8,7.73793103448276,29,7.85454545454545,7.37142857142857,8,7.825,7.7047619047619,22,7,1,8,21,4013,1943,2070,533,1115,2898,7.14668323947172,7.66267472979928,6.66234919806763,6.7875234521576,7.12595426008969,7.15465867494824,94
"96",2014,9,7.30526315789474,38,7.71875,7.00454545454545,7.48333333333333,7.48571428571429,7.26451612903226,16,22,6,7,31,4051,1959,2092,539,1122,2929,7.14817078252283,7.66313272077591,6.66594782026769,6.79526901669759,7.12819875222816,7.15582138613861,95
"97",2014,10,7.35208333333333,48,7.6,7.08260869565217,8.16666666666667,7.75,7.31590909090909,25,23,3,4,44,4099,1984,2115,542,1126,2973,7.15055863381313,7.66233719758065,6.67047888416076,6.80285977859779,7.13040763765542,7.15819066263034,96
"98",2014,11,7.18689655172414,29,7.6825,6.57692307692308,7.16666666666667,6.33333333333333,7.4095652173913,16,13,3,6,23,4128,2000,2128,545,1132,2996,7.15081391472868,7.6624985,6.66990734962406,6.8048623853211,7.12618286219081,7.16012044058745,97
"99",2014,12,7.28888888888889,45,7.325,7.24761904761905,7.275,7.61666666666667,7.16969696969697,24,21,8,12,33,4173,2024,2149,553,1144,3029,7.1523028612509,7.65849654150198,6.67555274080968,6.81166365280289,7.1313277972028,7.16022477385276,98
"100",2015,1,7.13,56,7.72962962962963,6.57172413793103,6.84285714285714,7.39090909090909,7.06622222222222,27,29,7,11,45,4229,2051,2178,560,1155,3074,7.15200752896666,7.65943295953194,6.67417026629936,6.81205357142857,7.1338,7.15884867924528,99
"101",2015,2,7.184375,48,7.59444444444444,6.93833333333333,7.24230769230769,7.3,7.17093023255814,18,30,13,5,43,4277,2069,2208,573,1160,3117,7.15237078325929,7.65886756887385,6.6777594384058,6.821815008726,7.13451637931034,7.15901534809111,100
"102",2015,3,7.41111111111111,45,7.98947368421053,6.98846153846154,7,8,7.30263157894737,19,26,5,7,38,4322,2088,2234,578,1167,3155,7.15506474780194,7.66187595785441,6.68137548791406,6.82335640138408,7.13970779777206,7.16074511568938,101
"103",2015,4,6.95333333333333,45,7.37894736842105,6.64230769230769,6.25,6.35714285714286,7.06315789473684,19,26,6,7,38,4367,2107,2260,584,1174,3193,7.15298599496222,7.65932463217845,6.68092603539823,6.81746575342466,7.13504173764906,7.1595837269026,102
"104",2015,5,7.26647058823529,34,7.93125,6.67555555555556,6.75,6.975,7.30533333333333,16,18,4,4,30,4401,2123,2278,588,1178,3223,7.15386272210861,7.66137399905794,6.68088359964882,6.81700680272109,7.13449830220713,7.16094037852932,103
"105",2015,6,7.03214285714286,42,7.57142857142857,6.49285714285714,6.25,6.8,7.1046875,21,21,6,10,32,4443,2144,2299,594,1188,3255,7.15271209543102,7.66049300373134,6.67916608960418,6.81127946127946,7.13168265993266,7.16038735483871,104
"106",2015,7,6.96486486486486,37,7.7,6.46363636363636,6.07142857142857,7.25,6.88620689655172,15,22,7,8,29,4480,2159,2321,601,1196,3284,7.15116067857143,7.66076748494674,6.67712315381301,6.80266222961731,7.13247408026756,7.15796615103532,105
"107",2015,8,6.69102564102564,39,7.37,6.45689655172414,6.725,6.70833333333333,6.68333333333333,10,29,10,12,27,4519,2169,2350,611,1208,3311,7.14718960832043,7.65942692485016,6.67440546382979,6.80139116202946,7.1282607615894,7.15409569314407,106
"108",2015,9,6.96153846153846,26,7.83333333333333,6.5,7.3,6.375,7.06818181818182,9,17,5,4,22,4545,2178,2367,616,1212,3333,7.14612757755776,7.66014554637282,6.67315286861006,6.80543831168831,7.12577475247525,7.15352860486049,107
"109",2015,10,7.46071428571429,28,7.86875,6.91666666666667,7.2,6.825,7.56666666666667,16,12,5,4,24,4573,2194,2379,621,1216,3357,7.14805375902034,7.66166681859617,6.67438118537201,6.80861513687601,7.1247853618421,7.15648222817992,108
"110",2015,11,7.15,34,7.22142857142857,7.1,7.85714285714286,7.55555555555556,7.004,14,20,7,9,25,4607,2208,2399,628,1225,3382,7.1480681224224,7.65887545289855,6.67792948728637,6.8203025477707,7.12795020408163,7.1553550680071,109
"111",2015,12,7.37333333333333,45,7.775,6.82368421052632,6.95833333333333,7.675,7.30810810810811,26,19,6,8,37,4652,2234,2418,634,1233,3419,7.1502471711092,7.66022694717995,6.67907478908189,6.82160883280757,7.13149959448499,7.15700814273179,110
"112",2016,1,7.33333333333333,54,7.87272727272727,6.9625,6.64,6.92857142857143,7.3936170212766,22,32,10,7,47,4706,2256,2450,644,1240,3466,7.15234803229919,7.66229920212766,6.68277666938775,6.81878881987578,7.13035403225806,7.16021663012118,111
"113",2016,2,7.00970149253731,67,7.52166666666667,6.59459459459459,7.05833333333333,6.87307692307692,7.04259259259259,30,37,12,13,54,4773,2286,2487,656,1253,3520,7.15034566100985,7.66045363079615,6.68146475271411,6.82317073170732,7.1276847565842,7.15841217045454,112
"114",2016,3,7.29411764705882,34,7.68888888888889,6.85,6.56,7.4375,7.25,18,16,5,8,26,4807,2304,2503,661,1261,3546,7.15136256292906,7.66067578125,6.6825420854974,6.82118003025719,7.12965027755749,7.15908371122391,113
"115",2016,4,7.40869565217391,46,7.66296296296296,7.04736842105263,7.125,7.84444444444444,7.3027027027027,27,19,4,9,37,4853,2331,2522,665,1270,3583,7.15380173913044,7.66070227370228,6.68529057890563,6.82300751879699,7.13471574803149,7.16056679877198,114
"116",2016,5,7.41702702702703,37,8.2,6.88318181818182,6.83333333333333,8.5,7.32147058823529,15,22,3,3,34,4890,2346,2544,668,1273,3617,7.15579342331289,7.66415046888321,6.68700190251572,6.82305389221557,7.13793322859387,7.16207930329002,115
"117",2016,6,7.68571428571429,35,7.85714285714286,7.42857142857143,NA,8.14285714285714,7.57142857142857,21,14,0,7,28,4925,2367,2558,668,1280,3645,7.15955935837564,7.66586269539502,6.69106053166536,6.82305389221557,7.14342890625,7.16522382441701,116
"118",2016,7,7.21216216216216,37,7.92777777777778,6.53421052631579,6.88,7.16666666666667,7.21617647058823,18,19,5,3,34,4962,2385,2577,673,1283,3679,7.15995160016123,7.66783941299791,6.68990409002716,6.82347696879643,7.14348324240062,7.16569471051916,117
"119",2016,8,7.18196721311475,61,7.66363636363636,6.61428571428571,5.6,7.79166666666667,7.03265306122449,33,28,5,12,49,5023,2418,2605,678,1295,3728,7.16021896078041,7.66778205128206,6.68909130134357,6.81445427728614,7.14948957528957,7.16394604077253,118
"120",2016,9,7.19320512820513,39,7.74638888888889,6.71904761904762,6.64285714285714,6.625,7.25814285714286,18,21,7,4,35,5062,2436,2626,685,1299,3763,7.1604731015409,7.66836288998358,6.68933086062452,6.81270072992701,7.14787451886066,7.1648221737975,119
"121",2016,10,7.11372549019608,51,7.64666666666667,6.35238095238095,6.48333333333333,7.02307692307692,7.14473684210526,30,21,6,13,38,5113,2466,2647,691,1312,3801,7.16000681400352,7.668098945661,6.68665766528145,6.80984081041968,7.14663795731707,7.16462137332281,120
"122",2016,11,7.20245901639344,61,7.628,6.90694444444444,7.28125,7.83333333333333,7.13363636363636,25,36,8,6,55,5174,2491,2683,699,1318,3856,7.16050731349053,7.66769650742674,6.68961343272456,6.81523605150215,7.14976403641881,7.16417941908714,121
"123",2016,12,7.16585365853659,41,7.71052631578947,6.69545454545455,7,7.03333333333333,7.203125,19,22,6,9,32,5215,2510,2705,705,1327,3888,7.16054934611697,7.66802071713148,6.68966093900185,6.8168085106383,7.14897437829691,7.16449995884773,122
"124",2017,1,7.26212121212121,66,7.74444444444444,6.68333333333333,7,7.75,7.21333333333333,36,30,2,6,60,5281,2546,2735,707,1333,3948,7.16181875402386,7.66910133542813,6.68959153199269,6.81732673267327,7.15167966991748,7.16524210739615,123
"125",2017,2,7.10573529411765,68,7.62966666666667,6.69210526315789,6.93636363636364,7.47272727272727,7.03491228070175,30,38,11,11,57,5349,2576,2773,718,1344,4005,7.16110578425874,7.66864208074535,6.68962597908402,6.8191504178273,7.15430729166666,7.16338722596754,124
"126",2017,3,7.2,47,7.78421052631579,6.80357142857143,7.1,6.67142857142857,7.2925,19,28,5,7,40,5396,2595,2801,723,1351,4045,7.16144455893255,7.66948824662814,6.69076502677615,6.82109266943292,7.15180532938564,7.16466399011125,125
"127",2017,4,7.35760869565217,46,7.88478260869565,6.8304347826087,5.78571428571429,7.35714285714286,7.35769230769231,23,23,7,7,39,5442,2618,2824,730,1358,4084,7.16310269018744,7.67137967914439,6.69190256373938,6.81116438356164,7.15286377025037,7.16650730656219,126
"128",2017,5,7.29182926829268,41,7.82770833333333,6.53529411764706,6.5,7.75,7.2422972972973,24,17,3,4,37,5483,2642,2841,733,1362,4121,7.16406526354186,7.67279977289932,6.69096544878564,6.80989085948158,7.1546174743025,7.16718777966513,127
"129",2017,6,7.17435897435897,39,7.8125,6.7304347826087,6.4,8.25,6.97878787878788,16,23,5,6,33,5522,2658,2864,738,1368,4154,7.16413796450562,7.67364070729873,6.69128241620112,6.80711382113821,7.15942178362573,7.16569110255176,128
"130",2017,7,7.203125,32,7.88888888888889,6.32142857142857,6,8.125,7.07142857142857,18,14,2,4,28,5554,2676,2878,740,1372,4182,7.16436259272597,7.67508856502243,6.68948326615705,6.80493243243243,7.16223688046647,7.1650599808704,129
"131",2017,8,7.39347826086957,46,7.85217391304348,6.93478260869565,5.33333333333333,7.28,7.40731707317073,23,23,3,5,41,5600,2699,2901,743,1377,4223,7.16624461428572,7.67659762875139,6.69142807307825,6.79899057873486,7.16266448801743,7.16741199147525,130
"132",2017,9,7.15414634146341,41,7.55333333333333,6.735,7.2,7.83333333333333,7.10052631578947,21,20,3,3,38,5641,2720,2921,746,1380,4261,7.16615668143946,7.67564595588236,6.69172640876412,6.80060321715818,7.16412246376811,7.16681549870922,131
"133",2017,10,7.32648148148148,54,7.88379310344828,6.68,6,7.61,7.27717391304348,29,25,3,8,46,5695,2749,2946,749,1388,4307,7.16767688147498,7.67784176064024,6.69162689748812,6.79739652870494,7.16669236311239,7.16799415834688,132
"134",2017,11,7.35196078431373,51,7.89347826086957,6.90714285714286,7.48888888888889,7.78,7.3054347826087,23,28,9,5,46,5746,2772,2974,758,1393,4353,7.16931253741734,7.67963095238096,6.69365596503026,6.80560686015831,7.16889375448672,7.16944655180335,133
"135",2017,12,7.014022,50,7.85629583333333,6.23653846153846,5,6.3875,7.13335952380952,24,26,2,8,42,5796,2796,3000,760,1401,4395,7.16797290200138,7.68114738912733,6.68969428,6.80085526315789,7.164431834404,7.16910169283276,134
"136",2018,1,6.87765625,64,7.14166666666667,6.71925,6.554,6.77,6.9,24,40,5,11,53,5860,2820,3040,765,1412,4448,7.16480220819113,7.67655606382979,6.69008317105263,6.79924183006536,7.1613590651558,7.16589522032374,135
"137",2018,2,7.22692307692308,52,8.07391304347826,6.5551724137931,5.64285714285714,6.83333333333333,7.25102040816327,23,29,7,3,49,5912,2843,3069,772,1415,4497,7.16534860284168,7.67977069996483,6.68880835451287,6.78875647668394,7.16066360424028,7.16682275739382,136
"138",2018,3,7.35348837209302,43,8.00555555555556,6.884,6.35714285714286,6.16666666666667,7.54594594594595,18,25,7,6,37,5955,2861,3094,779,1421,4534,7.16670712678422,7.68182037749039,6.69038553329024,6.78487804878049,7.15646657283603,7.16991661667402,137
"139",2018,4,7.29333333333333,45,7.89411764705882,6.92857142857143,7.5,7.625,7.2609756097561,17,28,3,4,41,6000,2878,3122,782,1425,4575,7.16765682333333,7.68307439193885,6.69252172966047,6.78762148337596,7.15778175438596,7.17073266448087,138
"140",2018,5,7.13081632653061,49,7.83521739130435,6.50769230769231,7.17142857142857,7.83333333333333,7.03279069767442,23,26,7,6,43,6049,2901,3148,789,1431,4618,7.16735839642916,7.68428062736988,6.69099518424396,6.79102661596958,7.1606142557652,7.1694482330013,139
"141",2018,6,7.51675,40,8.11315789473684,6.97714285714286,6.33333333333333,8.83333333333333,7.41,19,21,3,3,37,6089,2920,3169,792,1434,4655,7.16965362785351,7.68707126712329,6.69289139791732,6.78929292929293,7.16411366806136,7.17136024489796,140
"142",2018,7,7.11515151515152,33,7.50666666666667,6.78888888888889,7.25,8.175,6.96896551724138,15,18,2,4,29,6122,2935,3187,794,1438,4684,7.1693598399216,7.68614926746167,6.69343358644493,6.79045340050378,7.16692559109875,7.17010716054654,141
"143",2018,8,7.0125,28,7.89166666666667,6.353125,7,7.05,7.00625,12,16,4,4,24,6150,2947,3203,798,1442,4708,7.16864568130081,7.68698612147948,6.69173363721511,6.7915037593985,7.1666012482663,7.16927186491079,142
"144",2018,9,6.91166666666667,30,7.95,6.11764705882353,6.5,7.18,6.858,13,17,3,5,25,6180,2960,3220,801,1447,4733,7.16739821035599,7.68814125,6.68870274534162,6.79041198501873,7.16664754664824,7.16762770758504,143
"145",2018,10,7.10235294117647,34,7.71647058823529,6.48823529411765,7.5,8.66666666666667,6.95096774193548,17,17,2,3,31,6214,2977,3237,803,1450,4764,7.16704231412939,7.6883030231777,6.68764993512512,6.79217932752179,7.16975103448276,7.16621787153652,144
"146",2018,11,7.16065573770492,61,7.70384615384615,6.75714285714286,7,7.08333333333333,7.17959183673469,26,35,3,12,49,6275,3003,3272,806,1462,4813,7.16698022948207,7.6884375957376,6.68839328850856,6.79295285359802,7.16904172366621,7.16635402867235,145
"147",2018,12,6.77549019607843,51,7.206,6.36153846153846,6.4,6.18333333333333,6.8125,25,26,5,3,48,6326,3028,3298,811,1465,4861,7.16382404995258,7.68445445838838,6.68581650697392,6.79053020961776,7.16702320819112,7.16285989302613,146
"148",2019,1,7.11666666666667,57,8.108,6.3421875,6.45,6.9,7.1375,25,32,5,5,52,6383,3053,3330,816,1470,4913,7.16340293592355,7.68792273173928,6.68251436636637,6.78844362745098,7.16611496598639,7.16259147974761,147
"149",2019,2,7.21071428571429,42,7.47380952380952,6.94761904761905,7.5,6.95,7.25416666666667,21,21,2,6,36,6425,3074,3351,818,1476,4949,7.16371220856031,7.68646001951855,6.6841757206804,6.79018337408313,7.1652364498645,7.16325761567994,148
"150",2019,3,6.87772727272727,44,7.60631578947368,6.324,7.42,7.26363636363636,6.74909090909091,19,25,5,11,33,6469,3093,3376,823,1487,4982,7.1617670335446,7.68596770126092,6.68150854265403,6.79400972053463,7.16596435776732,7.16051423926134,149
"151",2019,4,7.03979591836735,49,7.3952380952381,6.77321428571429,7.61666666666667,7.73125,6.90487804878049,21,28,3,8,41,6518,3114,3404,826,1495,5023,7.16085009818963,7.68400709698138,6.68226287896592,6.79699757869249,7.16898929765886,7.15842762094366,150
"152",2019,5,7.41235294117647,34,7.72888888888889,7.05625,6.5,7.65,7.38066666666667,18,16,1,4,30,6552,3132,3420,827,1499,5053,7.16215521062271,7.68426503831418,6.68401252631579,6.796638452237,7.17027284856571,7.15974706906788,151
"153",2019,6,7.4125,32,8.13636363636364,7.03333333333333,7.15,7.275,7.45833333333333,11,21,4,8,24,6584,3143,3441,831,1507,5077,7.16337195321993,7.68584731148585,6.68614438825923,6.79833935018051,7.17082879893829,7.16115854638566,152
"154",2019,7,6.89147058823529,34,7.254,6.60526315789474,6.75,6.865,6.895,15,19,2,4,30,6618,3158,3460,833,1511,5107,7.16197505893019,7.68379610512983,6.68570024277457,6.79822328931573,7.17001919258769,7.15959505384766,153
"155",2019,8,7.34190476190476,42,7.64526315789474,7.09130434782609,5.625,7.625,7.27529411764706,19,23,4,8,34,6660,3177,3483,837,1519,5141,7.16310975075075,7.68356565942714,6.68837865058857,6.7926164874552,7.17241540487162,7.16036022952733,154
"156",2019,9,6.96410256410256,39,7.6,6.47272727272727,6.975,7,6.96111111111111,17,22,4,3,36,6699,3194,3505,841,1522,5177,7.16195117778773,7.68312088290545,6.68702506134094,6.79348394768133,7.17207555847569,7.15897468418003,155
"157",2019,10,7.68969696969697,33,7.95478260869565,7.08,7,8.66666666666667,7.592,23,10,2,3,30,6732,3217,3515,843,1525,5207,7.16453816696376,7.68506313335406,6.68814305547653,6.79397390272835,7.17501573770492,7.16146954868446,156
"158",2019,11,7.31176470588235,51,7.81851851851852,6.74166666666667,5.875,7.51428571428571,7.27954545454545,27,24,8,7,44,6783,3244,3539,851,1532,5251,7.16564513342179,7.68617389025894,6.68850602995196,6.78533490011751,7.17656592689295,7.16245894877166,157
"159",2019,12,7.11111111111111,45,8,6.4,6.35,7.78571428571429,6.98684210526316,20,25,4,7,38,6828,3264,3564,855,1539,5289,7.16528572642062,7.68809684436275,6.68648227833895,6.78329824561404,7.17933658219623,7.16119719039516,158
"160",2020,1,7.05416666666667,48,7.33,6.85714285714286,7.1,7.2,7.03720930232558,20,28,5,5,43,6876,3284,3592,860,1544,5332,7.16451002617801,7.68591598660171,6.68781259465479,6.78513953488372,7.17940349740933,7.16019728807202,159
"161",2020,2,7.09295583333333,48,7.768094,6.61071428571429,7,7,7.10882634146341,20,28,2,7,41,6924,3304,3620,862,1551,5373,7.16401398324668,7.68641343220339,6.68721625414365,6.78563805104408,7.17859381044487,7.15980528941001,160
"162",2020,3,7.36478260869565,46,7.9695652173913,6.76,6.25,7.05454545454545,7.46228571428571,23,23,4,11,35,6970,3327,3643,866,1562,5408,7.16533899856528,7.68837089870755,6.6876757727148,6.78316397228637,7.17772023047375,7.16176291050296,161
"163",2020,4,7.02392156862745,51,7.925,6.44258064516129,6.25,6.78571428571429,7.06181818181818,20,31,4,7,44,7021,3347,3674,870,1569,5452,7.1643117533115,7.68978487600837,6.68560774088187,6.78071264367816,7.17597131931166,7.16095631327953,162
"164",2020,5,7.12371075471698,53,7.92857142857143,6.5955209375,7.7,7.63435923076923,6.95775,21,32,5,13,40,7074,3368,3706,875,1582,5492,7.16400756149279,7.69127374703088,6.68482987317863,6.78596571428571,7.17973809734513,7.15947629643117,163
"165",2020,6,7.13071428571429,42,7.86,6.52826086956522,7.16666666666667,6.75,7.19416666666667,19,23,3,6,36,7116,3387,3729,878,1588,5528,7.16381105817875,7.69222024800709,6.68386417538214,6.78726651480638,7.17811440176322,7.1597022105644,164
"166",2020,7,7.69444444444444,36,8.28571428571429,6.86666666666667,7.625,7.6,7.73076923076923,21,15,2,10,26,7152,3408,3744,880,1598,5554,7.16648203159955,7.6958773415493,6.68459655715812,6.78917045454545,7.18075448685857,7.16237555275477,165
"167",2020,8,7.1260415625,32,7.402222,6.88235294117647,6.5,6.75,7.17976178571429,15,17,1,4,28,7184,3423,3761,881,1602,5582,7.16630189587973,7.69459050832603,6.68549043073651,6.78884222474461,7.17967894506866,7.16246276424221,166
"168",2020,9,6.87636363636364,55,7.47619047619048,6.50588235294118,5.77777777777778,7.1,6.82666666666667,21,34,9,10,45,7239,3444,3795,890,1612,5627,7.16409902196436,7.69325880081301,6.68388129380764,6.77861797752809,7.17918465880893,7.15977735027546,167
"169",2020,10,7.16808510638298,47,7.89545454545455,6.528,4.66666666666667,5.625,7.48461538461538,22,25,3,8,39,7286,3466,3820,893,1620,5666,7.16412473510843,7.69454221292557,6.68286112827225,6.77152295632699,7.17150967283951,7.1620132633251,168
"170",2020,11,7.26885245901639,61,7.74642857142857,6.86363636363636,6,7.3,7.26122448979592,28,33,2,12,49,7347,3494,3853,895,1632,5715,7.16499425888118,7.69495801659989,6.68440942382559,6.76979888268156,7.17245445465686,7.16286389326334,169
"171",2020,12,6.91763636363636,55,7.85416666666667,6.19258064516129,5.687,6.43666666666667,7.01173913043478,24,31,10,9,46,7402,3518,3884,905,1641,5761,7.1631562847879,7.69604414724275,6.68048391091658,6.75783425414365,7.16841905545399,7.16165720361048,170
"172",2021,1,7.41661290322581,62,7.82294117647059,6.92321428571429,6,8.25,7.32732142857143,34,28,3,6,56,7464,3552,3912,908,1647,5817,7.1652616318328,7.69725881475226,6.68222124488753,6.75533039647577,7.17235924104432,7.16325204572804,171
"173",2021,2,6.87738095238095,42,8.13181818181818,6.43225806451613,4.5,7.34444444444444,6.75,11,31,2,9,33,7506,3563,3943,910,1656,5850,7.16365078870237,7.69860042380017,6.68025602586863,6.75037362637363,7.17329448671498,7.16092088034188,172
"174",2021,3,6.63214285714286,42,7.26666666666667,6.27962962962963,6.66666666666667,6.71428571428571,6.61571428571429,15,27,3,7,35,7548,3578,3970,913,1663,5885,7.16069327239004,7.69678963387368,6.6775313627204,6.75009857612267,7.17136239927841,7.15767836023789,173
"175",2021,4,7.11914893617021,47,7.66666666666667,6.38,6.83333333333333,7.23333333333333,7.10243902439024,27,20,3,6,41,7595,3605,3990,916,1669,5926,7.1604361843318,7.69656402496533,6.67603997744361,6.7503711790393,7.17158518274416,7.15729617786028,174
"176",2021,5,7.18295454545455,44,7.48947368421053,6.95,7.35714285714286,7.25714285714286,7.16891891891892,19,25,7,7,37,7639,3624,4015,923,1676,5963,7.16056588820526,7.69547828642384,6.67774583063512,6.75497291440953,7.17194252386635,7.15736829615965,175
"177",2021,6,6.6521875,32,7.05583333333333,6.41,7.33333333333333,7.25,6.61233333333333,12,20,3,2,30,7671,3636,4035,926,1678,5993,7.15844515969235,7.6933672469747,6.67641871375465,6.75684665226782,7.1720355601907,7.15463993826131,176
"178",2021,7,7.4125,32,7.98333333333333,6.67857142857143,NA,9,7.11851851851852,18,14,0,5,27,7703,3654,4049,926,1683,6020,7.15950056082046,7.694795651341,6.67642615707582,6.75684665226782,7.17746623291741,7.15447793189369,177
"179",2021,8,7.00606060606061,33,7.68,6.71304347826087,7.375,7.78571428571429,6.79615384615385,10,23,4,7,26,7736,3664,4072,930,1690,6046,7.15884602119959,7.69475527019651,6.67663298379175,6.75950537634409,7.1799856035503,7.15293700793913,178
"180",2021,9,7.22450970588235,34,7.96875,6.56296277777778,6.625,7.625,7.171111,16,18,4,4,30,7770,3680,4090,934,1694,6076,7.15913335263835,7.69594655163044,6.67613272371638,6.75892933618844,7.18103640495868,7.15302674127716,179
"181",2021,10,6.75921875,32,7.43590909090909,6.40476190476191,6.2,7.125,6.70696428571429,11,21,5,4,28,7802,3691,4111,939,1698,6104,7.15749309792361,7.69517158222704,6.67474649477013,6.75595314164004,7.18090439929329,7.15098058322411,180
"182",2021,11,6.96666666666667,48,7.54347826086957,6.436,6.76666666666667,7,6.95428571428571,23,25,6,13,35,7850,3714,4136,945,1711,6139,7.1563262611465,7.69423217824448,6.67330339458414,6.75602116402116,7.17952990648743,7.14985917576152,181
"183",2021,12,6.625,48,7.26190476190476,6.12962962962963,6.33333333333333,6.75,6.60714285714286,21,27,6,6,42,7898,3735,4163,951,1717,6181,7.15309713218536,7.69180142168675,6.66977728561134,6.75335436382755,7.17802892836342,7.14617140915709,182
"184",2022,1,7.12743181818182,44,7.565,6.76279166666667,7.25,7.375,7.102675,20,24,4,4,40,7942,3755,4187,955,1721,6221,7.15295494208008,7.69112604793609,6.67031044662049,6.75543455497382,7.17848673445671,7.14589173444784,183
"185",2022,2,6.88586956521739,46,7.57894736842105,6.39814814814815,6.44444444444444,6.29166666666667,6.975,19,27,9,6,40,7988,3774,4214,964,1727,6261,7.15141689409114,7.69056129040806,6.66856664451828,6.75253112033195,7.17540571511291,7.14479994888995,184
"186",2022,3,7.26137931034483,29,7.67058823529412,6.68166666666667,6.26666666666667,7.04222222222222,7.36,17,12,3,9,20,8017,3791,4226,967,1736,6281,7.15181466259199,7.69047172513849,6.66860384287743,6.75102378490176,7.17471524769585,7.14548519025633,185
"187",2022,4,6.75428571428571,35,7.74166666666667,6.23913043478261,6.6,7.2,6.68,12,23,5,5,30,8052,3803,4249,972,1741,6311,7.15008670516642,7.69063326584276,6.66627908684397,6.75024691358025,7.17478786329695,7.14327245761369,186
"188",2022,5,7.08793103448276,29,7.44,6.30555555555556,NA,6.625,7.26428571428571,20,9,0,8,21,8081,3823,4258,972,1749,6332,7.14986364930083,7.68932207951871,6.66551663691874,6.75024691358025,7.17227311034877,7.14367379658875,187
"189",2022,6,6.58780487804878,41,7.12272727272727,5.96842105263158,7,6.09,6.74838709677419,22,19,1,10,31,8122,3845,4277,973,1759,6363,7.14702636665846,7.6860801846554,6.66241988309563,6.7505035971223,7.16612033541785,7.14174799308502,188
"190",2022,7,7.30744680851064,47,7.625,7.07222222222222,6,8.25,7.16951219512195,20,27,1,6,41,8169,3865,4304,974,1765,6404,7.14794933896438,7.6857641164295,6.66499066914498,6.74973305954826,7.1698049121813,7.14192574640849,189
"191",2022,8,7.34186046511628,43,7.88888888888889,6.948,7.26666666666667,7,7.37692307692308,18,25,3,4,39,8212,3883,4329,977,1769,6443,7.14896470409157,7.68670571980428,6.66662504966505,6.75132036847492,7.169420955342,7.14334820425267,190
"192",2022,9,7.26,42,7.79181818181818,6.675,8.25,6.834,7.31756756756757,22,20,2,5,37,8254,3905,4349,979,1774,6480,7.14952970075115,7.68729790268886,6.66666356403771,6.75438202247191,7.16847557497181,7.14434297530864,191
"193",2022,10,7.41707317073171,41,7.91304347826087,6.78333333333333,7,7.72,7.375,23,18,2,5,36,8295,3928,4367,981,1779,6516,7.15085209764919,7.68861973268839,6.66714445614839,6.75488277268094,7.17002567172569,7.14561732351135,192
"194",2022,11,7.01950622222222,45,7.69899,6.3695652173913,5.66666666666667,7.28571428571429,6.97046789473684,22,23,3,7,38,8340,3950,4390,984,1786,6554,7.15014339688249,7.68867749113924,6.66558538496583,6.75156504065041,7.17047909854423,7.14460180958193,193
"195",2022,12,7.42291666666667,48,7.8125,7.03333333333333,7.08333333333333,7.2,7.4547619047619,24,24,6,6,42,8388,3974,4414,990,1792,6596,7.15170433118741,7.68942528686462,6.66758492070684,6.75357575757576,7.17057794084821,7.14657675257732,194
