"","year","month","avg_rating","no_ratings","avg_rating_owned","avg_rating_not_owned","avg_rating_prev_owned","avg_rating_comment","avg_rating_no_comment","no_ratings_owned","no_ratings_not_owned","no_ratings_prev_owned","no_ratings_comment","no_ratings_no_comment","cum_no_ratings","cum_no_ratings_owned","cum_no_ratings_not_owned","cum_no_ratings_prev_owned","cum_no_ratings_comment","cum_no_ratings_no_comment","cum_avg_rating","cum_avg_rating_owned","cum_avg_rating_not_owned","cum_avg_rating_prev_owned","cum_avg_rating_comment","cum_avg_rating_no_comment","month_after_release"
"1",2001,10,7,1,NA,7,NA,NA,7,0,1,0,0,1,1,0,1,0,0,1,7,NA,7,NA,NA,7,0
"2",2001,11,4.25,4,4.25,NA,NA,NA,4.25,4,0,0,0,4,5,4,1,0,0,5,4.8,4.25,7,NA,NA,4.8,1
"3",2001,12,7,1,7,NA,NA,NA,7,1,0,0,0,1,6,5,1,0,0,6,5.16666666666667,4.8,7,NA,NA,5.16666666666667,2
"4",2002,1,6,4,6.33333333333333,5,NA,NA,6,3,1,0,0,4,10,8,2,0,0,10,5.5,5.375,6,NA,NA,5.5,3
"5",2002,2,4.5,2,5,4,NA,5,4,1,1,0,1,1,12,9,3,0,1,11,5.33333333333333,5.33333333333333,5.33333333333333,NA,5,5.36363636363636,4
"6",2002,3,5.5,6,6,4.5,5,4.5,6,4,2,1,2,4,18,13,5,1,3,15,5.38888888888889,5.53846153846154,5,5,4.66666666666667,5.53333333333333,5
"7",2002,4,6,1,6,NA,NA,NA,6,1,0,0,0,1,19,14,5,1,3,16,5.42105263157895,5.57142857142857,5,5,4.66666666666667,5.5625,6
"8",2002,5,5.5,2,6,5,NA,NA,5.5,1,1,0,0,2,21,15,6,1,3,18,5.42857142857143,5.6,5,5,4.66666666666667,5.55555555555556,7
"9",2002,6,5.71428571428571,7,5.66666666666667,5.75,5,4.5,7.33333333333333,3,4,1,4,3,28,18,10,2,7,21,5.5,5.61111111111111,5.3,5,4.57142857142857,5.80952380952381,8
"10",2002,7,5.75,4,6.66666666666667,3,NA,6,5.5,3,1,0,2,2,32,21,11,2,9,23,5.53125,5.76190476190476,5.09090909090909,5,4.88888888888889,5.78260869565217,9
"11",2002,8,6.21428571428571,7,6.5,5.5,NA,6.41666666666667,5,5,2,0,6,1,39,26,13,2,15,24,5.65384615384615,5.90384615384615,5.15384615384615,5,5.5,5.75,10
"12",2002,9,5.6,5,5.5,6,NA,NA,5.6,4,1,0,0,5,44,30,14,2,15,29,5.64772727272727,5.85,5.21428571428571,5,5.5,5.72413793103448,11
"13",2002,10,7,5,7.66666666666667,6,6,8.5,6,3,2,1,2,3,49,33,16,3,17,32,5.78571428571429,6.01515151515152,5.3125,5.33333333333333,5.85294117647059,5.75,12
"14",2002,11,4.33333333333333,6,4.6,3,NA,NA,4.33333333333333,5,1,0,0,6,55,38,17,3,17,38,5.62727272727273,5.82894736842105,5.17647058823529,5.33333333333333,5.85294117647059,5.52631578947368,13
"15",2002,12,4,2,5,3,NA,NA,4,1,1,0,0,2,57,39,18,3,17,40,5.57017543859649,5.80769230769231,5.05555555555556,5.33333333333333,5.85294117647059,5.45,14
"16",2003,1,5.75,8,6.16666666666667,4.5,5,NA,5.75,6,2,1,0,8,65,45,20,4,17,48,5.59230769230769,5.85555555555555,5,5.25,5.85294117647059,5.5,15
"17",2003,2,7,3,7,7,NA,NA,7,2,1,0,0,3,68,47,21,4,17,51,5.65441176470588,5.90425531914893,5.09523809523809,5.25,5.85294117647059,5.58823529411765,16
"18",2003,3,6.66666666666667,3,6.5,7,NA,6,7,2,1,0,1,2,71,49,22,4,18,53,5.69718309859155,5.92857142857143,5.18181818181818,5.25,5.86111111111111,5.64150943396226,17
"19",2003,4,5.66666666666667,6,5.75,5.5,NA,5,6.33333333333333,4,2,0,3,3,77,53,24,4,21,56,5.69480519480519,5.91509433962264,5.20833333333333,5.25,5.73809523809524,5.67857142857143,18
"20",2003,5,5,10,5.1,4.9,NA,6.16666666666667,4.5,5,5,0,3,7,87,58,29,4,24,63,5.61494252873563,5.8448275862069,5.1551724137931,5.25,5.79166666666667,5.54761904761905,19
"21",2003,6,6.5,4,8.5,4.5,NA,6.5,NA,2,2,0,4,0,91,60,31,4,28,63,5.65384615384615,5.93333333333333,5.11290322580645,5.25,5.89285714285714,5.54761904761905,20
"22",2003,7,4.55681818181818,44,5.14583333333333,3.85,4.5,4.125,4.71875,24,20,2,12,32,135,84,51,6,40,95,5.2962962962963,5.70833333333333,4.61764705882353,5,5.3625,5.26842105263158,21
"23",2003,8,5.52777777777778,18,5.61538461538461,5.3,4,5.8,5.42307692307692,13,5,1,5,13,153,97,56,7,45,108,5.32352941176471,5.69587628865979,4.67857142857143,4.85714285714286,5.41111111111111,5.28703703703704,22
"24",2003,9,5.8125,8,6.1,5.33333333333333,NA,NA,5.8125,5,3,0,0,8,161,102,59,7,45,116,5.34782608695652,5.7156862745098,4.71186440677966,4.85714285714286,5.41111111111111,5.32327586206897,23
"25",2003,10,5.66666666666667,9,6.14285714285714,4,NA,5.33333333333333,5.83333333333333,7,2,0,3,6,170,109,61,7,48,122,5.36470588235294,5.74311926605505,4.68852459016393,4.85714285714286,5.40625,5.3483606557377,24
"26",2003,11,5.5,2,5.5,NA,NA,5.5,NA,2,0,0,2,0,172,111,61,7,50,122,5.36627906976744,5.73873873873874,4.68852459016393,4.85714285714286,5.41,5.3483606557377,25
"27",2003,12,5.57142857142857,14,5.85714285714286,5.28571428571429,NA,6.4,5.11111111111111,7,7,0,5,9,186,118,68,7,55,131,5.38172043010753,5.74576271186441,4.75,4.85714285714286,5.5,5.33206106870229,26
"28",2004,1,5.86666666666667,15,6.44444444444444,5,NA,6.14285714285714,5.625,9,6,0,7,8,201,127,74,7,62,139,5.4179104477612,5.79527559055118,4.77027027027027,4.85714285714286,5.57258064516129,5.34892086330935,27
"29",2004,2,6.25,12,6.66666666666667,5,NA,6,6.3,9,3,0,2,10,213,136,77,7,64,149,5.46478873239437,5.85294117647059,4.77922077922078,4.85714285714286,5.5859375,5.41275167785235,28
"30",2004,3,4.75,14,4.6,5.125,NA,4.33333333333333,4.86363636363636,10,4,0,3,11,227,146,81,7,67,160,5.42070484581498,5.76712328767123,4.7962962962963,4.85714285714286,5.52985074626866,5.375,29
"31",2004,4,5.8,10,5.77777777777778,6,NA,7,5.5,9,1,0,2,8,237,155,82,7,69,168,5.43670886075949,5.76774193548387,4.8109756097561,4.85714285714286,5.57246376811594,5.38095238095238,30
"32",2004,5,3.83333333333333,6,3.83333333333333,NA,NA,3.66666666666667,4,6,0,0,3,3,243,161,82,7,72,171,5.39711934156379,5.69565217391304,4.8109756097561,4.85714285714286,5.49305555555556,5.35672514619883,31
"33",2004,6,4.58333333333333,6,6.75,3.5,4,4,4.7,2,4,1,1,5,249,163,86,8,73,176,5.37751004016064,5.70858895705522,4.75,4.75,5.47260273972603,5.33806818181818,32
"34",2004,7,4.81818181818182,11,5.375,3.33333333333333,NA,4.66666666666667,5,8,3,0,6,5,260,171,89,8,79,181,5.35384615384615,5.69298245614035,4.70224719101124,4.75,5.41139240506329,5.32872928176795,33
"35",2004,8,4.875,8,5.6,3.66666666666667,2,4.4,5.66666666666667,5,3,1,5,3,268,176,92,9,84,184,5.33955223880597,5.69034090909091,4.66847826086957,4.44444444444444,5.35119047619048,5.33423913043478,34
"36",2004,9,5.38888888888889,9,5.38888888888889,NA,NA,5.25,5.5,9,0,0,4,5,277,185,92,9,88,189,5.34115523465704,5.67567567567568,4.66847826086957,4.44444444444444,5.34659090909091,5.33862433862434,35
"37",2004,10,5.33333333333333,12,5.8,3,3,6.5,5.1,10,2,1,2,10,289,195,94,10,90,199,5.34083044982699,5.68205128205128,4.63297872340426,4.3,5.37222222222222,5.32663316582914,36
"38",2004,11,4.89285714285714,14,4.7,5.375,NA,5.125,4.8,10,4,0,4,10,303,205,98,10,94,209,5.32013201320132,5.63414634146342,4.66326530612245,4.3,5.36170212765958,5.30143540669856,37
"39",2004,12,5.30769230769231,13,5.66666666666667,5,1,5.25,5.4,6,7,1,8,5,316,211,105,11,102,214,5.31962025316456,5.63507109004739,4.68571428571429,4,5.35294117647059,5.30373831775701,38
"40",2005,1,5.36,25,5.9375,4.33333333333333,NA,5.125,5.47058823529412,16,9,0,8,17,341,227,114,11,110,231,5.32258064516129,5.65638766519824,4.65789473684211,4,5.33636363636364,5.31601731601731,39
"41",2005,2,5.31818181818182,22,5.375,5.25,NA,4.95,5.625,12,10,0,10,12,363,239,124,11,120,243,5.32231404958678,5.64225941422594,4.70564516129032,4,5.30416666666667,5.33127572016461,40
"42",2005,3,4.82307692307692,13,5.5625,3.64,5.1,4.4375,5.44,8,5,2,8,5,376,247,129,13,128,248,5.30505319148936,5.63967611336032,4.66434108527132,4.16923076923077,5.25,5.33346774193548,41
"43",2005,4,5.46875,16,6.1875,4.75,4.33333333333333,5.0625,5.875,8,8,3,8,8,392,255,137,16,136,256,5.31173469387755,5.65686274509804,4.66934306569343,4.2,5.2389705882353,5.350390625,42
"44",2005,5,5.35714285714286,21,5.625,5,4,5.5,5.22727272727273,12,9,2,10,11,413,267,146,18,146,267,5.31404358353511,5.65543071161049,4.68972602739726,4.17777777777778,5.25684931506849,5.34531835205992,43
"45",2005,6,4.84615384615385,13,4.88888888888889,4.75,5.5,4.25,5.8,9,4,2,8,5,426,276,150,20,154,272,5.29976525821596,5.6304347826087,4.69133333333333,4.31,5.20454545454546,5.35367647058823,44
"46",2005,7,5.225,12,6.3125,3.05,NA,2.8,6.4375,8,4,0,4,8,438,284,154,20,158,280,5.29771689497717,5.64964788732394,4.6487012987013,4.31,5.14367088607595,5.38464285714286,45
"47",2005,8,5.625,28,6.03571428571429,5.21428571428571,5.6,5.55,5.66666666666667,14,14,5,10,18,466,298,168,25,168,298,5.31738197424893,5.66778523489933,4.69583333333333,4.568,5.16785714285714,5.40167785234899,46
"48",2005,9,5.15833333333333,15,5.15277777777778,5.16666666666667,NA,5.42857142857143,4.921875,9,6,0,7,8,481,307,174,25,175,306,5.31242203742204,5.65268729641694,4.71206896551724,4.568,5.17828571428571,5.3891339869281,47
"49",2005,10,5.33333333333333,24,5.4375,5.125,5.33333333333333,5.66666666666667,5.13333333333333,16,8,3,9,15,505,323,182,28,184,321,5.31341584158416,5.64202786377709,4.73021978021978,4.65,5.20217391304348,5.37718068535825,48
"50",2005,11,5.23913043478261,23,5.71875,4.14285714285714,NA,4.77777777777778,5.53571428571429,16,7,0,9,14,528,339,189,28,193,335,5.31017992424242,5.64564896755162,4.70846560846561,4.65,5.18238341968912,5.38380597014925,49
"51",2005,12,5.24074074074074,27,5.34210526315789,5,7,5.31818181818182,5.1875,19,8,1,11,16,555,358,197,29,204,351,5.3068018018018,5.62953910614525,4.72030456852792,4.73103448275862,5.18970588235294,5.37485754985755,50
"52",2006,1,5.66129032258065,31,5.58695652173913,5.875,6,5.75,5.60526315789474,23,8,1,12,19,586,381,205,30,216,370,5.32555460750853,5.62696850393701,4.76536585365854,4.77333333333333,5.22083333333333,5.38668918918919,51
"53",2006,2,5.64285714285714,14,5.66666666666667,5.6,NA,5.66666666666667,5.63636363636364,9,5,0,3,11,600,390,210,30,219,381,5.33295833333333,5.62788461538462,4.78523809523809,4.77333333333333,5.22694063926941,5.39389763779528,52
"54",2006,3,5.5625,16,5.91666666666667,4.5,4,6.2,5.27272727272727,12,4,1,5,11,616,402,214,31,224,392,5.33892045454546,5.63650497512438,4.77990654205607,4.74838709677419,5.24866071428571,5.39049744897959,53
"55",2006,4,4.76842105263158,19,4.81538461538462,4.66666666666667,NA,4.5,4.84,13,6,0,4,15,635,415,220,31,228,407,5.32185039370079,5.61078313253012,4.77681818181818,4.74838709677419,5.23552631578947,5.37020884520884,54
"56",2006,5,5.18181818181818,11,5.85714285714286,4,NA,3,6,7,4,0,3,8,646,422,224,31,231,415,5.31946594427245,5.61486966824645,4.76294642857143,4.74838709677419,5.20649350649351,5.38234939759036,55
"57",2006,6,5.765,14,5.59307692307692,8,5,6.4,5.41222222222222,13,1,1,5,9,660,435,225,32,236,424,5.32891666666667,5.6142183908046,4.77733333333333,4.75625,5.23177966101695,5.38298349056604,56
"58",2006,7,4.975,20,5.41666666666667,4.3125,6,5.6,4.76666666666667,12,8,1,5,15,680,447,233,33,241,439,5.31850735294118,5.60891498881432,4.76137339055794,4.79393939393939,5.23941908713693,5.36192482915718,57
"59",2006,8,4.78571428571429,14,5.22222222222222,4,NA,5,4.7,9,5,0,4,10,694,456,238,33,245,449,5.30775936599424,5.60128289473684,4.7453781512605,4.79393939393939,5.23551020408163,5.34718262806236,58
"60",2006,9,5.47368421052632,19,5.22222222222222,5.7,NA,5.2,5.57142857142857,9,10,0,5,14,713,465,248,33,250,463,5.3121809256662,5.59394623655914,4.78387096774193,4.79393939393939,5.2348,5.35396328293736,59
"61",2006,10,5.63333333333333,15,5.8125,5.42857142857143,6,5.75,5.59090909090909,8,7,1,4,11,728,473,255,34,254,474,5.31879807692308,5.59764270613108,4.80156862745098,4.82941176470588,5.24291338582677,5.35946202531646,60
"62",2006,11,5.64444444444444,18,5.58461538461538,5.8,6,5.37142857142857,5.81818181818182,13,5,2,7,11,746,486,260,36,261,485,5.32665549597855,5.59729423868313,4.82076923076923,4.89444444444444,5.24636015325671,5.36986597938144,61
"63",2006,12,5.26470588235294,34,5.69565217391304,4.36363636363636,5,5.25,5.27777777777778,23,11,2,16,18,780,509,271,38,277,503,5.32395512820513,5.60173870333988,4.80221402214022,4.9,5.24657039711191,5.36657057654075,62
"64",2007,1,5.03125,32,5.63157894736842,4.15384615384615,4,4.95454545454545,5.07142857142857,19,13,2,11,21,812,528,284,40,288,524,5.31241995073892,5.6028125,4.7725352112676,4.855,5.23541666666667,5.35474236641221,63
"65",2007,2,5.08181818181818,33,5.29130434782609,4.6,NA,4.63636363636364,5.30454545454545,23,10,0,11,22,845,551,294,40,299,546,5.30341420118343,5.58980943738657,4.76666666666667,4.855,5.2133779264214,5.35271978021978,64
"66",2007,3,5.51904761904762,21,5.63571428571429,5.28571428571429,4,5.69,5.36363636363636,14,7,1,10,11,866,565,301,41,309,557,5.30864318706697,5.59094690265487,4.77873754152824,4.83414634146342,5.22880258899676,5.35293536804309,65
"67",2007,4,5.42857142857143,21,5.5,5.36363636363636,5,5.7,5.18181818181818,10,11,1,10,11,887,575,312,42,319,568,5.3114825253664,5.5893652173913,4.79935897435897,4.83809523809524,5.2435736677116,5.34962147887324,66
"68",2007,5,5.572,25,5.5,5.68,5.5,6.16666666666667,5.2375,15,10,2,9,16,912,590,322,44,328,584,5.31862390350877,5.58709322033898,4.82670807453416,4.86818181818182,5.26890243902439,5.34654965753425,67
"69",2007,6,5.71428571428571,28,6,5.11111111111111,NA,6.22222222222222,5.47368421052632,19,9,0,9,19,940,609,331,44,337,603,5.33040957446808,5.59997536945813,4.83444108761329,4.86818181818182,5.29436201780415,5.35055555555555,68
"70",2007,7,6.125,20,6.46875,4.75,NA,5.66666666666667,6.32142857142857,16,4,0,6,14,960,625,335,44,343,617,5.34696354166667,5.622216,4.83343283582089,4.86818181818182,5.30087463556851,5.372585089141,69
"71",2007,8,5.609375,16,5.94444444444444,5.17857142857143,5.5,6.5,5.40384615384615,9,7,2,3,13,976,634,342,46,346,630,5.35126536885246,5.62679022082019,4.84049707602339,4.89565217391304,5.31127167630058,5.37323015873016,70
"72",2007,9,5.26666666666667,30,5,5.72727272727273,5,5.11111111111111,5.33333333333333,19,11,1,9,21,1006,653,353,47,355,651,5.34874254473161,5.6085528330781,4.86813031161473,4.89787234042553,5.30619718309859,5.37194316436252,71
"73",2007,10,5.93939393939394,33,6.09523809523809,5.66666666666667,4,5,6.29166666666667,21,12,1,9,24,1039,674,365,48,364,675,5.36750240615977,5.62371661721068,4.89438356164383,4.87916666666667,5.29862637362637,5.40464444444444,72
"74",2007,11,4.875,32,5.26315789473684,4.30769230769231,6,5.2,4.72727272727273,19,13,1,10,22,1071,693,378,49,374,697,5.35278711484594,5.61383116883117,4.87420634920635,4.90204081632653,5.29598930481284,5.38326398852224,73
"75",2007,12,5.22380952380952,42,5.375,4.92142857142857,7,4.99285714285714,5.33928571428571,28,14,1,14,28,1113,721,392,50,388,725,5.3479200359389,5.60455617198336,4.87589285714286,4.944,5.28505154639176,5.38156551724138,74
"76",2008,1,5.60196078431373,51,5.64857142857143,5.5,5.5,5.35294117647059,5.72647058823529,35,16,3,17,34,1164,756,408,53,405,759,5.35905068728522,5.60659391534392,4.90036764705882,4.97547169811321,5.2879012345679,5.39701581027668,75
"77",2008,2,5.72804878048781,41,5.77068965517241,5.625,5.5,5.615625,5.8,29,12,2,16,25,1205,785,420,55,421,784,5.37160580912863,5.61265605095542,4.92107142857143,4.99454545454545,5.30035629453682,5.40986607142857,76
"78",2008,3,5.11538461538461,39,5.24074074074074,4.83333333333333,6,4.75,5.27777777777778,27,12,1,12,27,1244,812,432,56,433,811,5.3635731511254,5.600289408867,4.91863425925926,5.0125,5.285103926097,5.40546855733662,77
"79",2008,4,5.31944444444444,36,5.38,5.18181818181818,NA,5.22727272727273,5.36,25,11,0,11,25,1280,837,443,56,444,836,5.36233203125,5.59370967741936,4.92516930022573,5.0125,5.28367117117117,5.40410885167464,78
"80",2008,5,5.57692307692308,26,5.6875,5.4,5.66666666666667,5.14285714285714,5.73684210526316,16,10,3,7,19,1306,853,453,59,451,855,5.36660413476263,5.59546893317702,4.93565121412803,5.04576271186441,5.28148558758315,5.41150292397661,79
"81",2008,6,5.70454545454545,22,5.71428571428571,5.6875,6,5.14285714285714,5.96666666666667,14,8,2,7,15,1328,867,461,61,458,870,5.37220256024096,5.5973875432526,4.94869848156182,5.07704918032787,5.27936681222708,5.42107471264368,80
"82",2008,7,5.58055555555556,36,5.87037037037037,4.71111111111111,5,4.6,5.95769230769231,27,9,3,10,26,1364,894,470,64,468,896,5.37770161290322,5.60563199105146,4.94414893617021,5.0734375,5.26485042735043,5.43664620535714,81
"83",2008,8,5.17878787878788,33,5.43888888888889,4.86666666666667,4.83333333333333,4.77857142857143,5.47368421052632,18,15,6,14,19,1397,912,485,70,482,915,5.37300286327845,5.60234100877193,4.94175257731959,5.05285714285714,5.25072614107884,5.43741530054645,82
"84",2008,9,5.65263157894737,38,5.89615384615385,5.125,4.92857142857143,6.33,5.41071428571429,26,12,7,10,28,1435,938,497,77,492,943,5.38040766550523,5.61048507462687,4.94617706237424,5.04155844155844,5.27266260162602,5.43662248144221,83
"85",2008,10,5.0962962962963,27,4.96923076923077,5.21428571428571,5.625,4.65384615384615,5.50714285714286,13,14,4,13,14,1462,951,511,81,505,957,5.37516073871409,5.60171924290221,4.95352250489237,5.07037037037037,5.25673267326733,5.43765412748171,84
"86",2008,11,5.24891304347826,46,5.53166666666667,4.71875,4.92857142857143,4.87727272727273,5.36571428571429,30,16,7,11,35,1508,981,527,88,516,992,5.37130968169761,5.59957696228339,4.94639468690702,5.05909090909091,5.24864341085271,5.43511592741936,85
"87",2008,12,5.98484848484848,33,5.90625,6.05882352941176,5.8,5.95,6,16,17,5,10,23,1541,997,544,93,526,1015,5.3844484101233,5.60449849548646,4.98115808823529,5.09892473118279,5.26197718631179,5.44791625615764,86
"88",2009,1,5.52905405405405,74,5.73695652173913,5.1875,5.77777777777778,5.27826086956522,5.6421568627451,46,28,9,23,51,1615,1043,572,102,549,1066,5.39107430340557,5.61034036433365,4.99125874125874,5.15882352941176,5.26265938069217,5.45720919324578,87
"89",2009,2,5.26595744680851,47,5.26785714285714,5.26315789473684,5.25,5.22727272727273,5.27777777777778,28,19,4,11,36,1662,1071,591,106,560,1102,5.38753610108303,5.60138655462185,5,5.16226415094339,5.26196428571429,5.45134754990926,88
"90",2009,3,5.31477272727273,44,5.594,4.94736842105263,4.6,4.21428571428571,5.52297297297297,25,19,5,7,37,1706,1096,610,111,567,1139,5.38565943728019,5.60121806569343,4.9983606557377,5.13693693693694,5.24902998236332,5.45367427568042,89
"91",2009,4,5.45,36,5.73809523809524,5.04666666666667,5,5.82,5.30769230769231,21,15,5,10,26,1742,1117,625,116,577,1165,5.38698909299656,5.60379140555058,4.99952,5.13103448275862,5.25892547660312,5.45041630901288,90
"92",2009,5,5.9925,40,5.77368421052632,6.19047619047619,4.5,5.61111111111111,6.10322580645161,19,21,4,9,31,1782,1136,646,120,586,1196,5.40058080808081,5.60663292253521,5.03823529411765,5.11,5.26433447098976,5.46733695652174,91
"93",2009,6,5.75862068965517,29,5.86842105263158,5.55,6,5.5,5.82608695652174,19,10,2,6,23,1811,1155,656,122,592,1219,5.40631419105467,5.6109393939394,5.04603658536585,5.12459016393442,5.26672297297297,5.47410582444627,92
"94",2009,7,5.14,45,5.444,4.76,5.04444444444444,4.67142857142857,5.22631578947368,25,20,9,7,38,1856,1180,676,131,599,1257,5.39985721982759,5.60740254237288,5.03757396449704,5.11908396946565,5.25976627712855,5.46661495624503,93
"95",2009,8,5.03947368421053,38,5.52380952380952,4.44117647058824,5,4.25,5.40384615384615,21,17,4,12,26,1894,1201,693,135,611,1283,5.39262671594509,5.60594088259784,5.02294372294372,5.11555555555555,5.23993453355156,5.4653429462198,94
"96",2009,9,5.16025641025641,39,4.975,5.35526315789474,5.58333333333333,5.11538461538461,5.18269230769231,20,19,9,13,26,1933,1221,712,144,624,1309,5.38793843766167,5.59560606060606,5.03181179775281,5.14479166666667,5.23733974358975,5.45972880061115,95
"97",2009,10,5.75,45,6.03703703703704,5.31944444444444,5.33333333333333,5.55,5.80714285714286,27,18,3,10,35,1978,1248,730,147,634,1344,5.396175429727,5.60515625,5.03890410958904,5.14863945578231,5.2422712933754,5.46877604166667,96
"98",2009,11,5.64042553191489,47,5.82647058823529,5.15384615384615,5.33333333333333,5.17272727272727,5.78333333333333,34,13,3,11,36,2025,1282,743,150,645,1380,5.40184444444444,5.61102574102964,5.04091520861373,5.15233333333333,5.24108527131783,5.47698188405797,97
"99",2009,12,5.33620689655172,58,6.16666666666667,4.44642857142857,4.77777777777778,4.91666666666667,5.44565217391304,30,28,9,12,46,2083,1312,771,159,657,1426,5.40001680268843,5.62373094512195,5.01932555123217,5.1311320754717,5.2351598173516,5.47597124824684,98
"100",2010,1,5.53928571428571,56,5.75454545454545,5.2304347826087,5.6,4.45714285714286,5.69387755102041,33,23,8,7,49,2139,1345,794,167,664,1475,5.40366292660122,5.6269405204461,5.02544080604534,5.15359281437126,5.2269578313253,5.48321016949153,99
"101",2010,2,5.43658536585366,41,5.85,4.85294117647059,4.5,4.91666666666667,5.65172413793103,24,17,4,12,29,2180,1369,811,171,676,1504,5.40428211009174,5.63085098612126,5.02182490752158,5.13830409356725,5.22144970414201,5.48645944148936,100
"102",2010,3,5.51315789473684,38,5.69230769230769,5.125,6,6,5.45588235294118,26,12,1,4,34,2218,1395,823,172,680,1538,5.40614743011722,5.63199641577061,5.02332928311057,5.14331395348837,5.22602941176471,5.48578348504551,101
"103",2010,4,5.12142857142857,28,5.38571428571429,4.85714285714286,4.25,5.3,5.02222222222222,14,14,4,10,18,2246,1409,837,176,690,1556,5.40259795191451,5.62954932576295,5.0205495818399,5.12301136363636,5.22710144927536,5.48042095115681,102
"104",2010,5,6.09583333333333,24,6.67857142857143,5.28,4.66666666666667,6.03333333333333,6.1047619047619,14,10,3,3,21,2270,1423,847,179,693,1577,5.40992731277533,5.63986999297259,5.02361275088548,5.11536312849162,5.23059163059163,5.48873493975904,103
"105",2010,6,5.89285714285714,28,6.25,5.53571428571429,5.66666666666667,4.5,6.125,14,14,3,4,24,2298,1437,861,182,697,1601,5.41581157528285,5.64581419624217,5.03193960511034,5.12445054945055,5.22639885222382,5.4982729544035,104
"106",2010,7,5.62857142857143,35,6.04761904761905,5,5.125,5.3,5.68333333333333,21,14,4,5,30,2333,1458,875,186,702,1631,5.41900342906129,5.65160150891632,5.03142857142857,5.1244623655914,5.22692307692308,5.50167688534641,105
"107",2010,8,5.55645161290323,31,5.94117647058824,5.08928571428571,4,5.28571428571429,5.63541666666667,17,14,5,7,24,2364,1475,889,191,709,1655,5.42080583756345,5.65493898305085,5.03233970753656,5.09502617801047,5.22750352609309,5.5036163141994,106
"108",2010,9,5.7024,25,5.68111111111111,5.75714285714286,5.9,5.975,5.57411764705882,18,7,2,8,17,2389,1493,896,193,717,1672,5.42375261615739,5.65525452109846,5.03800223214286,5.10336787564767,5.23584379358438,5.50433313397129,107
"109",2010,10,5.58585714285714,35,5.675,5.467,5.33333333333333,5.5,5.6112962962963,20,15,3,8,27,2424,1513,911,196,725,1699,5.42609323432343,5.65551553205552,5.04506586169045,5.10688775510204,5.23875862068966,5.50603296056504,108
"110",2010,11,5.63488372093023,43,6.08333333333333,5.312,5.71428571428571,5.41666666666667,5.71935483870968,18,25,7,12,31,2467,1531,936,203,737,1730,5.42973246858533,5.66054539516656,5.05219551282051,5.12783251231527,5.24165535956581,5.50985549132948,109
"111",2010,12,5.37254901960784,51,5.64516129032258,4.95,4.66666666666667,5.85714285714286,5.29545454545455,31,20,3,7,44,2518,1562,956,206,744,1774,5.42857426528991,5.66024007682458,5.05005753138075,5.12111650485437,5.24744623655914,5.50453776775648,110
"112",2011,1,5.86025641025641,78,6.07931034482759,5.225,5.16666666666667,6.35714285714286,5.7515625,58,20,6,14,64,2596,1620,976,212,758,1838,5.44154468412943,5.67524382716049,5.05364241803279,5.12240566037736,5.2679419525066,5.51313928182807,111
"113",2011,2,5.29347826086957,46,5.71428571428571,4.94,3.83333333333333,5.4,5.28048780487805,21,25,3,5,41,2642,1641,1001,215,763,1879,5.43896669190007,5.67574344911639,5.0508041958042,5.10441860465116,5.26880733944954,5.50806279936136,112
"114",2011,3,5.97096774193548,31,6.105,5.72727272727273,5.33333333333333,6.16666666666667,5.924,20,11,3,6,25,2673,1661,1012,218,769,1904,5.44513655069211,5.68091210114389,5.05815711462451,5.10756880733945,5.27581274382315,5.51352415966387,113
"115",2011,4,6.1969696969697,33,6.43181818181818,5.72727272727273,4.5,5.14285714285714,6.48076923076923,22,11,4,7,26,2706,1683,1023,222,776,1930,5.45430524759793,5.69072786690434,5.06535190615836,5.09662162162162,5.27461340206186,5.52655440414508,114
"116",2011,5,5.45678571428571,28,5.66666666666667,5.21461538461538,5.5,5,5.58136363636364,15,13,5,6,22,2734,1698,1036,227,782,1952,5.45433065106072,5.69051531213192,5.0672249034749,5.10550660792951,5.27250639386189,5.52717213114754,115
"117",2011,6,5.22741935483871,31,5.46666666666667,4.725,4,4.70833333333333,5.352,21,10,3,6,25,2765,1719,1046,230,788,1977,5.45178661844485,5.68778068644561,5.06395315487572,5.09108695652174,5.26821065989848,5.52495700556399,116
"118",2011,7,5.63888888888889,27,5.86764705882353,5.25,6,6.3,5.48863636363636,17,10,1,5,22,2792,1736,1056,231,793,1999,5.45359598853868,5.68954205069124,5.06571496212121,5.09502164502164,5.27471626733922,5.52455727863932,117
"119",2011,8,5.25675675675676,37,5.93478260869565,4.14285714285714,5,5.6,5.203125,23,14,5,5,32,2829,1759,1070,236,798,2031,5.45102156238954,5.69274872086413,5.05364018691589,5.09300847457627,5.27675438596491,5.51949286065977,118
"120",2011,9,5.5,29,5.55555555555556,5.40909090909091,4.7,5,5.53703703703704,18,11,5,2,27,2858,1777,1081,241,800,2058,5.45151854443667,5.69135903207653,5.0572571692877,5.08485477178423,5.2760625,5.51972303206997,119
"121",2011,10,5.66666666666667,42,6.3,5.09090909090909,6,5.45454545454545,5.74193548387097,20,22,1,11,31,2900,1797,1103,242,811,2089,5.45463448275862,5.69813299944352,5.05792837715322,5.08863636363636,5.27848335388409,5.52302058401149,120
"122",2011,11,5.4452380952381,42,6.10384615384615,4.375,3.5,5.01428571428571,5.66071428571429,26,16,2,14,28,2942,1823,1119,244,825,2117,5.45450033990483,5.70391936368623,5.04816353887399,5.07561475409836,5.274,5.52484175720359,121
"123",2011,12,5.51960784313725,51,6.01470588235294,4.52941176470588,4.5,5,5.64634146341463,34,17,6,10,41,2993,1857,1136,250,835,2158,5.45560975609756,5.70960958535272,5.04040052816901,5.0618,5.27071856287425,5.52715013901761,122
"124",2012,1,5.37402597402597,77,5.80208333333333,4.66551724137931,4.75,5.18181818181818,5.40606060606061,48,29,4,11,66,3070,1905,1165,254,846,2224,5.45356351791531,5.71193963254593,5.0310686695279,5.05688976377952,5.26956264775414,5.52355665467626,123
"125",2012,2,5.8,48,6.121875,5.15625,6,6.08333333333333,5.75952380952381,32,16,4,6,42,3118,1937,1181,258,852,2266,5.45889672867223,5.71871192565823,5.03276460626588,5.07151162790697,5.27529342723005,5.52793027360988,124
"126",2012,3,5.49032258064516,31,5.94090909090909,4.38888888888889,1,5.85555555555556,5.34090909090909,22,9,1,9,22,3149,1959,1190,259,861,2288,5.45920609717371,5.72120724859622,5.02789495798319,5.0557915057915,5.28135888501742,5.52613199300699,125
"127",2012,4,5.82142857142857,42,5.77407407407407,5.90666666666667,5,5.5,5.89705882352941,27,15,3,8,34,3191,1986,1205,262,869,2322,5.46397367596365,5.72192598187311,5.03883402489627,5.05515267175572,5.28337169159954,5.53156330749354,126
"128",2012,5,5.41818181818182,33,5.5,5.275,5.26,5,5.46,21,12,5,3,30,3224,2007,1217,267,872,2352,5.46350496277916,5.71960388639761,5.04116269515201,5.05898876404494,5.28239678899083,5.53065051020408,127
"129",2012,6,5.49166666666667,36,5.59642857142857,5.125,5.25,5.15,5.62307692307692,28,8,2,10,26,3260,2035,1225,269,882,2378,5.46381595092025,5.71790909090909,5.04171020408163,5.06040892193308,5.28089569160998,5.53166105971404,128
"130",2012,7,6.23129032258065,31,6.1304347826087,6.52125,5,6.875,6.13592592592593,23,8,1,4,27,3291,2058,1233,270,886,2405,5.4710452749924,5.72251943634597,5.0513098134631,5.06018518518518,5.28809255079007,5.53844490644491,129
"131",2012,8,5.7,30,5.76190476190476,5.55555555555556,6.33333333333333,7.33333333333333,5.29166666666667,21,9,3,6,24,3321,2079,1242,273,892,2429,5.47311352002409,5.72291726791727,5.05496376811594,5.07417582417582,5.30184977578475,5.53600658707287,130
"132",2012,9,5.92222222222222,27,5.73529411764706,6.24,5.725,6.2,5.85909090909091,17,10,4,5,22,3348,2096,1252,277,897,2451,5.47673536439665,5.72301765267176,5.06442891373802,5.08357400722021,5.30685618729097,5.53890656874745,131
"133",2012,10,5.73387096774194,31,6.05681818181818,4.94444444444444,5,6.36111111111111,5.47727272727273,22,9,1,9,22,3379,2118,1261,278,906,2473,5.47909440662918,5.72648489140699,5.06357256145916,5.08327338129496,5.3173289183223,5.53835826930853,132
"134",2012,11,5.84125,40,6.18478260869565,5.37647058823529,5,6.045,5.77333333333333,23,17,5,10,30,3419,2141,1278,283,916,2503,5.48333138344545,5.73140822045773,5.06773474178404,5.08180212014134,5.32527292576419,5.54117459049141,133
"135",2012,12,5.38636363636364,44,5.74074074074074,4.82352941176471,4.7,4.55,5.63235294117647,27,17,5,10,34,3463,2168,1295,288,926,2537,5.48209933583598,5.73152444649447,5.06452895752896,5.07517361111111,5.31690064794816,5.54239653133622,134
"136",2013,1,5.74246575342466,73,5.73191489361702,5.76153846153846,4.8125,5.18181818181818,5.84193548387097,47,26,8,11,62,3536,2215,1321,296,937,2599,5.48747454751131,5.73153273137698,5.07824753974262,5.06807432432432,5.31531483457844,5.54954213158907,135
"137",2013,2,5.90586956521739,46,6.42692307692308,5.2285,4.89,4.912,6.02707317073171,26,20,4,5,41,3582,2241,1341,300,942,2640,5.49284757118928,5.73960062472111,5.0804884414616,5.0657,5.31317409766454,5.55695833333333,136
"138",2013,3,5.59535416666667,48,5.61785714285714,5.56385,5.8,5.5,5.614425,28,20,5,8,40,3630,2269,1361,305,950,2680,5.49420303030303,5.73809828118114,5.08759147685525,5.07773770491803,5.31474736842105,5.55781604477612,137
"139",2013,4,5.38645833333333,48,5.91379310344828,4.58157894736842,4.90625,6.2,5.17236842105263,29,19,8,10,38,3678,2298,1380,313,960,2718,5.4927969004894,5.74031549173194,5.08062463768116,5.07335463258786,5.32396875,5.55242715231788,138
"140",2013,5,5.57588235294118,34,5.954,5.03571428571429,4,5.34666666666667,5.625,20,14,4,6,28,3712,2318,1394,317,966,2746,5.49355792025862,5.742159188956,5.08017360114778,5.05981072555205,5.32410973084886,5.55316715222141,139
"141",2013,6,5.69473684210526,38,5.75,5.575,6,5.225,5.75,26,12,1,4,34,3750,2344,1406,318,970,2780,5.49559653333333,5.74224616040956,5.08439687055477,5.06276729559748,5.32370103092784,5.55557446043165,140
"142",2013,7,5.46842105263158,38,5.82380952380952,5.02941176470588,5,5.85714285714286,5.38064516129032,21,17,6,7,31,3788,2365,1423,324,977,2811,5.49532391763464,5.74297040169133,5.08373998594519,5.0616049382716,5.3275230296827,5.55364532194948,141
"143",2013,8,5.66779661016949,59,5.99736842105263,5.07142857142857,5,5.07777777777778,5.774,38,21,4,9,50,3847,2403,1444,328,986,2861,5.4979690668053,5.74699334165626,5.08356094182826,5.06085365853658,5.32524340770791,5.55749632995456,142
"144",2013,9,5.66363636363636,55,6.02857142857143,5.025,5.4,5,5.79347826086957,35,20,5,9,46,3902,2438,1464,333,995,2907,5.50030420297284,5.7510356849877,5.08276092896175,5.06594594594594,5.32230150753769,5.56123047815617,143
"145",2013,10,5.61458333333333,48,5.92647058823529,4.85714285714286,4.83333333333333,5.83333333333333,5.6,34,14,6,3,45,3950,2472,1478,339,998,2952,5.50169291139241,5.75344862459547,5.08062381596752,5.06182890855457,5.3238376753507,5.56182147696477,144
"146",2013,11,5.65178571428571,56,5.83333333333333,5.44230769230769,5.5,5.05555555555556,5.76595744680851,30,26,2,9,47,4006,2502,1504,341,1007,2999,5.50379106340489,5.75440647482014,5.08687632978724,5.06439882697947,5.32143992055611,5.56502067355785,145
"147",2013,12,5.6125,56,5.89722222222222,5.1,4.85714285714286,5.57692307692308,5.62325581395349,36,20,7,13,43,4062,2538,1524,348,1020,3042,5.50528975873954,5.75643223010244,5.08704855643045,5.06022988505747,5.32469607843137,5.56584385272847,146
"148",2014,1,5.75072463768116,69,5.75102040816327,5.75,5.1,6.75,5.58135593220339,49,20,5,10,59,4131,2587,1544,353,1030,3101,5.5093892519971,5.75632972555083,5.0956360103627,5.06079320113314,5.33853398058252,5.56613898742341,147
"149",2014,2,5.56428571428571,70,6.22,4.69,4.57142857142857,5.77307692307692,5.51666666666667,40,30,7,13,57,4201,2627,1574,360,1043,3158,5.51030397524399,5.76338979824895,5.08790470139771,5.05127777777778,5.34395014381592,5.5652460417986,148
"150",2014,3,5.31578947368421,38,5.5,5.11111111111111,4.64285714285714,5.6,5.27272727272727,20,18,7,5,33,4239,2647,1592,367,1048,3191,5.50856027364945,5.76139969777106,5.08816708542714,5.04348773841962,5.34517175572519,5.56222093387653,149
"151",2014,4,5.82674418604651,43,5.84444444444444,5.796875,6.28571428571429,5.75,5.83048780487805,27,16,7,2,41,4282,2674,1608,374,1050,3232,5.51175548808968,5.76223821989529,5.09521890547264,5.06673796791444,5.34594285714286,5.56562407178218,150
"152",2014,5,5.68536585365854,41,5.64285714285714,5.93333333333333,5.5,5.68181818181818,5.68666666666667,35,6,2,11,30,4323,2709,1614,376,1061,3262,5.51340203562341,5.76069582871908,5.09833457249071,5.06904255319149,5.34942507068803,5.56673727774371,151
"153",2014,6,5.67567567567568,37,5.95454545454545,5.26666666666667,4,5.44444444444444,5.75,22,15,4,9,28,4360,2731,1629,380,1070,3290,5.51477912844037,5.76225741486635,5.0998845917741,5.05778947368421,5.35022429906542,5.56829696048632,152
"154",2014,7,5.30263157894737,38,5.57142857142857,5.14583333333333,4.9,5,5.33823529411765,14,24,5,4,34,4398,2745,1653,385,1074,3324,5.51294611186903,5.76128415300546,5.10055172413793,5.05574025974026,5.3489199255121,5.56594374247894,153
"155",2014,8,5.3375,60,5.4125641025641,5.19809523809524,5.33333333333333,6.13625,5.21461538461538,39,21,3,8,52,4458,2784,1674,388,1082,3376,5.51058479138627,5.75639906609195,5.10177538829152,5.05788659793814,5.35474121996303,5.56053228672985,154
"156",2014,9,5.77441860465116,43,5.97741935483871,5.25,6,5.75,5.77692307692308,31,12,3,4,39,4501,2815,1686,391,1086,3415,5.51310530993113,5.75883303730018,5.10283036773428,5.06511508951407,5.356197053407,5.56300351390922,155
"157",2014,10,5.26862745098039,51,5.44722222222222,4.84,4.36666666666667,4.21428571428571,5.43636363636364,36,15,3,7,44,4552,2851,1701,394,1093,3459,5.51036621265378,5.75489828130481,5.10051263962375,5.05979695431472,5.34888380603843,5.56139259901705,156
"158",2014,11,5.61388888888889,54,5.96451612903226,5.14130434782609,4.78125,4.80833333333333,5.71458333333333,31,23,8,6,48,4606,2882,1724,402,1099,3507,5.5115798957881,5.75715301873699,5.10105684454757,5.05425373134328,5.34593266606005,5.56348930710008,157
"159",2014,12,5.84929577464789,71,5.97333333333333,5.63461538461539,5,5.5,5.9,45,26,5,9,62,4677,2927,1750,407,1108,3569,5.51670664956169,5.7604765971985,5.108984,5.05358722358722,5.34718411552347,5.56933510787335,158
"160",2015,1,5.73048780487805,82,5.85084745762712,5.42173913043478,4.675,5.66666666666667,5.73835616438356,59,23,4,9,73,4759,2986,1773,411,1117,3642,5.5203902080269,5.76226222371065,5.11304117315285,5.04990267639903,5.34975828111012,5.57272295442065,159
"161",2015,2,5.39519230769231,52,5.56896551724138,5.17608695652174,5.4,4.85714285714286,5.47888888888889,29,23,5,7,45,4811,3015,1796,416,1124,3687,5.519036998545,5.76040298507463,5.11384855233853,5.05411057692308,5.34669039145907,5.57157770545158,160
"162",2015,3,5.62627118644068,59,5.81285714285714,5.35416666666667,6.25,4.83333333333333,5.769,35,24,4,9,50,4870,3050,1820,420,1133,3737,5.52033613963039,5.76100491803279,5.11701758241758,5.0655,5.34261253309797,5.57421915975381,161
"163",2015,4,5.52185185185185,54,5.84585365853659,4.5,4,4.9625,5.61913043478261,41,13,3,8,46,4924,3091,1833,423,1141,3783,5.52035276198213,5.76213037851828,5.11264157119476,5.05794326241135,5.33994741454864,5.57476526566217,162
"164",2015,5,5.53207547169811,53,5.61052631578947,5.33333333333333,5.33333333333333,5.75,5.49333333333333,38,15,6,8,45,4977,3129,1848,429,1149,3828,5.52047759694595,5.76028922978587,5.1144329004329,5.06179487179487,5.34280243690165,5.57380799373041,163
"165",2015,6,5.92083333333333,36,5.93333333333333,5.89583333333333,5.4,6.09375,5.87142857142857,24,12,5,8,28,5013,3153,1860,434,1157,3856,5.52335268302414,5.76160640659689,5.11947419354839,5.06569124423963,5.34799481417459,5.57596913900415,164
"166",2015,7,5.7046875,64,5.975,5.11,4.72222222222222,5.76428571428571,5.688,44,20,9,14,50,5077,3197,1880,443,1171,3906,5.52563856608233,5.76454332186425,5.11937340425532,5.05871331828442,5.35297181895816,5.57740322580645,165
"167",2015,8,5.93164556962025,79,6.11875,5.64193548387097,6.5,5.80769230769231,5.95606060606061,48,31,5,13,66,5156,3245,1911,448,1184,3972,5.5318593871218,5.76978274268105,5.12785034013606,5.07479910714286,5.35796452702703,5.58369511581067,166
"168",2015,9,5.597,50,5.75263157894737,5.10416666666667,4,4.525,5.69021739130435,38,12,3,4,46,5206,3283,1923,451,1188,4018,5.53248501728775,5.7695842217484,5.12770254810192,5.06764966740576,5.35515993265993,5.58491463414634,167
"169",2015,10,5.85967741935484,62,5.90666666666667,5.73529411764706,5.25,5.9,5.8468085106383,45,17,2,15,47,5268,3328,1940,453,1203,4065,5.53633580106302,5.77143780048077,5.13302680412371,5.06845474613686,5.36195344970906,5.58794268142681,168
"170",2015,11,5.59078947368421,76,5.67924528301887,5.38695652173913,5,4.66666666666667,5.67,53,23,7,6,70,5344,3381,1963,460,1209,4135,5.53711021706587,5.76999260573795,5.1360020376974,5.06741304347826,5.35850289495451,5.58933180169286,169
"171",2015,12,5.51341463414634,82,5.66271186440678,5.1304347826087,4.75,6.22222222222222,5.42602739726027,59,23,4,9,73,5426,3440,1986,464,1218,4208,5.53675211942499,5.76815261627907,5.13593756294059,5.06467672413793,5.36488505747127,5.58649881178707,170
"172",2016,1,5.67459677419355,124,5.8703488372093,5.23157894736842,5.22222222222222,5.4,5.69868421052632,86,38,9,10,114,5550,3526,2024,473,1228,4322,5.53983189189189,5.77064520703347,5.13773320158103,5.06767441860465,5.36517100977199,5.5894578898658,171
"173",2016,2,5.71739130434783,69,5.94878048780488,5.37857142857143,5.17777777777778,5.28571428571429,5.76612903225806,41,28,9,7,62,5619,3567,2052,482,1235,4384,5.54201227976508,5.77269273899636,5.14101949317739,5.06973029045643,5.36472064777328,5.59195643248175,172
"174",2016,3,5.6688679245283,53,5.8258064516129,5.44772727272727,5.4,5.075,5.77444444444444,31,22,5,8,45,5672,3598,2074,487,1243,4429,5.54319763751763,5.77315036131184,5.14427290260367,5.07312114989733,5.36285599356396,5.59381056671935,173
"175",2016,4,5.72077922077922,77,5.96078431372549,5.25,5.75,5.75,5.71641791044776,51,26,6,10,67,5749,3649,2100,493,1253,4496,5.54557610019134,5.77577281446972,5.14558190476191,5.08135902636917,5.36594573024741,5.59563767793594,174
"176",2016,5,5.60684931506849,73,5.81698113207547,5.05,4.8,5.6,5.60735294117647,53,20,5,5,68,5822,3702,2120,498,1258,4564,5.54634438337341,5.77636277687736,5.14468018867925,5.07853413654618,5.3668759936407,5.59581222611744,175
"177",2016,6,5.5041095890411,73,5.82941176470588,4.75,4.6,5.87692307692308,5.42333333333333,51,22,5,13,60,5895,3753,2142,503,1271,4624,5.5458213740458,5.77708366640021,5.14062651727358,5.07377733598409,5.37209284028324,5.59357417820069,176
"178",2016,7,5.66701754385965,57,5.94789473684211,5.10526315789474,4.6,5.65857142857143,5.66976744186046,38,19,5,14,43,5952,3791,2161,508,1285,4667,5.54698202284946,5.77879583223424,5.14031559463212,5.06911417322835,5.3752140077821,5.59427619455753,177
"179",2016,8,5.50958904109589,73,5.84523809523809,5.05483870967742,5.21428571428571,5.57692307692308,5.495,42,31,7,13,60,6025,3833,2192,515,1298,4727,5.5465289626556,5.77952387164101,5.13910675182482,5.07108737864078,5.3772342064715,5.59301607785064,178
"180",2016,9,5.72727272727273,66,5.97777777777778,5.19047619047619,5,4.14285714285714,5.91525423728814,45,21,5,7,59,6091,3878,2213,520,1305,4786,5.54848744048596,5.78182439401754,5.13959421599639,5.07040384615384,5.37061302681993,5.59698850814877,179
"181",2016,10,5.46732673267327,101,5.68983050847458,5.15476190476191,5.09090909090909,5.44,5.47032967032967,59,42,11,10,91,6192,3937,2255,531,1315,4877,5.54716359819121,5.78044577089154,5.13987671840355,5.0708286252354,5.37114068441065,5.59462517941357,180
"182",2016,11,5.62294117647059,85,5.7375,5.348,4.75,5.38888888888889,5.65065789473684,60,25,4,9,76,6277,3997,2280,535,1324,4953,5.54818974032181,5.77980110082562,5.14215877192983,5.06842990654205,5.37126132930514,5.59548495861094,181
"183",2016,12,5.79006976744186,86,6.13705084745763,5.03185185185185,5.73285714285714,5.34714285714286,5.87619444444444,59,27,7,14,72,6363,4056,2307,542,1338,5025,5.55145890303316,5.78499778106509,5.14086779367144,5.0770110701107,5.37100896860987,5.59950706467662,182
"184",2017,1,5.71504424778761,113,5.66027397260274,5.815,5.70833333333333,5.70588235294118,5.71666666666667,73,40,12,17,96,6476,4129,2347,554,1355,5121,5.55431331068561,5.78279268588036,5.15235705155518,5.09068592057762,5.37521033210332,5.60170337824644,183
"185",2017,2,5.81428571428571,84,6.10701754385965,5.1962962962963,5,6.29166666666667,5.73472222222222,57,27,5,12,72,6560,4186,2374,559,1367,5193,5.55764222560976,5.78720759675107,5.15285678180287,5.0898747763864,5.38325530358449,5.60354766031196,184
"186",2017,3,5.77439024390244,82,5.88709677419355,5.425,6.08333333333333,5.92857142857143,5.74264705882353,62,20,6,14,68,6642,4248,2394,565,1381,5261,5.56031812707016,5.78866548964218,5.15513032581454,5.10042477876106,5.38878349022448,5.60534556168029,185
"187",2017,4,5.7375,72,5.83333333333333,5.5047619047619,4.625,5.5,5.78983050847458,51,21,8,13,59,6714,4299,2415,573,1394,5320,5.5622182007745,5.78919539427774,5.15817060041408,5.09378708551483,5.38982065997131,5.60739154135338,186
"188",2017,5,5.94166666666667,72,6.14897959183673,5.5,5.41666666666667,5.86363636363636,5.95573770491803,49,23,6,11,61,6786,4348,2438,579,1405,5381,5.56624417919246,5.79325,5.16139540607055,5.09713298791019,5.39353024911032,5.6113404571641,187
"189",2017,6,5.7121875,64,5.92612244897959,5.01333333333333,3,7.5,5.593,49,15,2,4,60,6850,4397,2453,581,1409,5441,5.56760773722628,5.79473072549466,5.16049001222992,5.08991394148021,5.39951029098652,5.61113820988789,188
"190",2017,7,5.52816901408451,71,5.60222222222222,5.4,4.76666666666667,6.0125,5.46666666666667,45,26,9,8,63,6921,4442,2479,590,1417,5504,5.56720314983384,5.79278050427735,5.16300201694232,5.08498305084746,5.40297106563162,5.60948455668605,189
"191",2017,8,5.75882352941176,85,6.13157894736842,5,4.5,5.56666666666667,5.79041095890411,57,28,5,12,73,7006,4499,2507,595,1429,5577,5.56952797602055,5.79707290509002,5.1611814918229,5.08006722689076,5.40434569629111,5.6118527882374,190
"192",2017,9,5.3434375,64,5.74421052631579,4.75769230769231,4.75,5.25,5.34966666666667,38,26,4,4,60,7070,4537,2533,599,1433,5637,5.56748132956153,5.79663015208287,5.15703987366759,5.07786310517529,5.40391486392184,5.60906208976406,191
"193",2017,10,5.61313131313131,99,5.671875,5.50571428571429,5.66666666666667,5.05384615384615,5.69767441860465,64,35,6,13,86,7169,4601,2568,605,1446,5723,5.56811173106431,5.79489480547707,5.16179205607477,5.08370247933884,5.40076763485477,5.61039367464616,192
"194",2017,11,5.55754444444444,90,5.78584615384615,4.96396,4.33316666666667,5.175,5.61639743589744,65,25,6,12,78,7259,4666,2593,611,1458,5801,5.56798071359691,5.79476875267895,5.15988468954879,5.07633224222586,5.39890946502058,5.61047440096535,193
"195",2017,12,5.68247422680412,97,5.82166666666667,5.45675675675676,5.25,5.66666666666667,5.68470588235294,60,37,4,12,85,7356,4726,2630,615,1470,5886,5.56949048395867,5.79511024121879,5.16406121673004,5.07746178861789,5.40109523809524,5.61154638124363,194
"196",2018,1,5.5209219858156,141,5.5845,5.36585365853659,4.8,5.665625,5.5024,100,41,10,16,125,7497,4826,2671,625,1486,6011,5.56857703081232,5.79074616659759,5.16715874204418,5.0730224,5.40394347240915,5.60927665945766,195
"197",2018,2,5.67727272727273,88,5.86307692307692,5.15217391304348,5.16666666666667,5.55454545454545,5.69480519480519,65,23,9,11,77,7585,4891,2694,634,1497,6088,5.56983810151615,5.79170742179513,5.16703080920564,5.07435173501577,5.4050501002004,5.61035840998686,196
"198",2018,3,5.59194444444444,90,5.80466101694915,5.18709677419355,4.08333333333333,5.72115384615385,5.57012987012987,59,31,6,13,77,7675,4950,2725,640,1510,6165,5.57009732899023,5.79186181818182,5.16725908256881,5.0650609375,5.40777152317881,5.60985596107056,197
"199",2018,4,5.68848101265823,79,5.84611111111111,5.348,5.25,5.72222222222222,5.68414285714286,54,25,4,9,70,7754,5004,2750,644,1519,6235,5.57130345628063,5.79244724220623,5.16890218181818,5.06620962732919,5.40963462804477,5.61068997594226,198
"200",2018,5,5.54107142857143,84,5.75725806451613,4.93181818181818,6,6.625,5.42697368421053,62,22,1,8,76,7838,5066,2772,645,1527,6311,5.57097945904567,5.79201658112909,5.16702056277056,5.06765736434108,5.41600196463655,5.60847757883061,199
"201",2018,6,5.51892,50,5.58927272727273,5.38235294117647,5.5,5.37833333333333,5.53809090909091,33,17,2,6,44,7888,5099,2789,647,1533,6355,5.57064946754564,5.7907044518533,5.16833309429903,5.06899381761978,5.41585453359426,5.60799024390244,200
"202",2018,7,5.40230769230769,65,5.61052631578947,5.10925925925926,4.21666666666667,4.25,5.47786885245902,38,27,6,4,61,7953,5137,2816,653,1537,6416,5.56927360744373,5.78937161767568,5.16776669034091,5.06116232771822,5.41282042940794,5.60675311720698,201
"203",2018,8,5.58953846153846,65,5.87333333333333,4.951,5.204,6.50333333333333,5.49661016949153,45,20,5,6,59,8018,5182,2836,658,1543,6475,5.56943788974807,5.7901007333076,5.1662380112835,5.06224772036474,5.41706092028516,5.6057494980695,202
"204",2018,9,6.08,55,6.27027027027027,5.68888888888889,5.66666666666667,6.11111111111111,6.07391304347826,37,18,3,9,46,8073,5219,2854,661,1552,6521,5.57291626409018,5.79350488599348,5.16953433777155,5.06499092284417,5.42108569587629,5.60905198589174,203
"205",2018,10,5.60037033333333,90,5.69398901639344,5.40344827586207,5.7,4.9375,5.74369364864865,61,29,5,16,74,8163,5280,2883,666,1568,6595,5.57321895504104,5.79235517613636,5.17188727020465,5.06975825825826,5.41615114795919,5.61056274905231,204
"206",2018,11,5.82073170731707,82,6.04912280701754,5.3,5.4,6.5,5.73698630136986,57,25,5,9,73,8245,5337,2908,671,1577,6668,5.57568057368102,5.79509749484729,5.1729886519945,5.07221907600596,5.42233671528218,5.61194681013797,205
"207",2018,12,5.6983,100,5.93231884057971,5.17741935483871,4.9375,5.77777777777778,5.69043956043956,69,31,8,9,91,8345,5406,2939,679,1586,6759,5.57714994967046,5.79684893266741,5.17303538618578,5.07063181148748,5.42435372005044,5.61300359964492,206
"208",2019,1,5.73270072992701,137,5.8923,5.30135135135135,5,4.85,5.80220472440945,100,37,8,10,127,8482,5506,2976,687,1596,6886,5.57966238269276,5.7985825154377,5.17463071236559,5.06980931586608,5.42075501253133,5.61649307725821,207
"209",2019,2,5.85777777777778,99,5.83164179104478,5.9125,5.64285714285714,5.75,5.86725274725275,67,32,7,8,91,8581,5573,3008,694,1604,6977,5.58287103251369,5.79897996231832,5.1824803856383,5.07558933717579,5.42239713216958,5.61976369929769,208
"210",2019,3,5.97161290322581,93,6.15295774647887,5.38636363636364,5.58333333333333,6.125,5.94888888888889,71,22,6,12,81,8674,5644,3030,700,1616,7058,5.58703900507263,5.8034329075124,5.18396072607261,5.07994142857143,5.42761448019802,5.62354085151601,209
"211",2019,4,5.76984126984127,63,6.11627906976744,5.025,5.66666666666667,5.625,5.77966101694915,43,20,3,4,59,8737,5687,3050,703,1620,7117,5.58835713975049,5.80579836996659,5.18291836065574,5.08244523470839,5.42810185185185,5.62483508922299,210
"212",2019,5,5.883,80,5.83290322580645,6.05555555555556,6,5.65,5.91628571428571,62,18,2,10,70,8817,5749,3068,705,1630,7187,5.5910305466712,5.80609068185771,5.18803813559322,5.08504822695035,5.42946319018405,5.62767376234869,211
"213",2019,6,5.99230769230769,78,6.16346153846154,5.65,4.75,6.55555555555556,5.91884057971015,52,26,4,9,69,8895,5801,3094,709,1639,7256,5.59454933445756,5.80929414411308,5.19192016806723,5.08315796897038,5.43564673581452,5.63044257579934,212
"214",2019,7,5.60270833333333,96,5.83617647058824,5.03571428571429,3.83333333333333,5.41666666666667,5.61511111111111,68,28,6,6,90,8991,5869,3122,715,1645,7346,5.59463645089534,5.8096056108366,5.19051921844971,5.07266993006993,5.43557750759879,5.63025474135584,213
"215",2019,8,5.49222222222222,108,5.62712328767123,5.21085714285714,5.35,5.35,5.50673469387755,73,35,10,10,98,9099,5942,3157,725,1655,7444,5.59342085174195,5.80736373779872,5.19074469433006,5.07649517241379,5.43506042296073,5.62862860424503,214
"216",2019,9,5.59796116504854,103,5.88698412698413,5.14275,5.68181818181818,5.82352941176471,5.55337209302326,63,40,11,17,86,9202,6005,3197,736,1672,7530,5.59347167246251,5.80819905578684,5.19014419768533,5.08554211956522,5.43901016746412,5.62776910092962,215
"217",2019,10,5.89525252525253,99,6.07625,5.56428571428571,6.25,6.28571428571429,5.86554347826087,64,35,4,7,92,9301,6069,3232,740,1679,7622,5.59668383292119,5.8110257587741,5.1941958539604,5.09183648648649,5.44254020250149,5.63063911440567,216
"218",2019,11,5.7594,100,5.78421052631579,5.72651162790698,5.80769230769231,5.11555555555556,5.82307692307692,57,43,13,9,91,9401,6126,3275,753,1688,7713,5.59841467184342,5.81077625367287,5.20118503816794,5.1041952191235,5.44079680094787,5.63290954622067,217
"219",2019,12,5.6083552631579,114,5.82,5.20134615384615,5,6.11764705882353,5.51909793814433,75,39,7,17,97,9515,6201,3314,760,1705,7810,5.59853377088807,5.81088781325592,5.20118693421847,5.10323552631579,5.44754545454546,5.63149600896287,218
"220",2020,1,5.74056213836478,159,6.07583573033708,5.31428571428571,5.375,6.17857142857143,5.6982715862069,89,70,12,14,145,9674,6290,3384,772,1719,7955,5.60086812176969,5.81463667885532,5.20352644799055,5.10745984455958,5.45349912739965,5.6327131627907,219
"221",2020,2,5.72023809523809,126,6.11764705882353,4.89634146341463,3.71428571428571,5.5,5.75694444444444,85,41,7,18,108,9800,6375,3425,779,1737,8063,5.60240287857143,5.8186768172549,5.19984919708029,5.09494094993581,5.45398100172712,5.63437718095002,220
"222",2020,3,5.51535353535354,99,5.82655737704918,5.01578947368421,4.73,5.58333333333333,5.50597701149425,61,38,4,12,87,9899,6436,3463,783,1749,8150,5.60153229720174,5.81875150870105,5.19782948310713,5.09307662835249,5.45486849628359,5.63300652883436,221
"223",2020,4,5.50507936507937,126,5.52901098901099,5.44285714285714,5,5.5,5.50587155963303,91,35,8,17,109,10025,6527,3498,791,1766,8259,5.60032002094763,5.81471192125019,5.20028116066324,5.09213527180784,5.45530294450736,5.63132863663882,222
"224",2020,5,5.625,112,5.71315789473684,5.43888888888889,5.6,5.45833333333333,5.645,76,36,10,12,100,10137,6603,3534,801,1778,8359,5.60059270099635,5.81354304255641,5.20271179966044,5.09847565543071,5.45532339707537,5.63149218925709,223
"225",2020,6,5.69135802469136,81,5.97169811320755,5.16071428571429,5.5,5.875,5.65942028985507,53,28,4,12,69,10218,6656,3562,805,1790,8428,5.60131221471912,5.81480239032452,5.20238166760247,5.10047080745341,5.45813687150838,5.63172083649739,224
"226",2020,7,5.79494736842105,95,5.94045454545455,5.46379310344828,5,6.29230769230769,5.71609756097561,66,29,2,13,82,10313,6722,3591,807,1803,8510,5.60309591874333,5.81603610681345,5.20449275967697,5.10022180916976,5.46415141430949,5.63253386721504,225
"227",2020,8,5.64424242424242,99,5.80394366197183,5.23928571428571,5.33333333333333,5.3125,5.67340659340659,71,28,9,8,91,10412,6793,3619,816,1811,8601,5.60348715040338,5.8159097173561,5.20476195081514,5.10279289215686,5.46348150193264,5.63296630740612,226
"228",2020,9,5.94824561403509,114,6.16666666666667,5.61333333333333,5.11,6.48666666666667,5.86666666666667,69,45,10,15,99,10526,6862,3664,826,1826,8700,5.6072209965799,5.81943671087146,5.20977988537118,5.10288014527845,5.47188663745893,5.63562565632184,227
"229",2020,10,5.85018181818182,110,6.1587012987013,5.13030303030303,5.1,6.18181818181818,5.81333333333333,77,33,8,11,99,10636,6939,3697,834,1837,8799,5.60973375423091,5.82320142815967,5.20907046253719,5.10285251798561,5.4761377245509,5.63762509489715,228
"230",2020,11,5.53700787401575,127,5.82696629213483,4.85789473684211,4.27142857142857,5.09090909090909,5.57931034482759,89,38,7,11,116,10763,7028,3735,841,1848,8915,5.60887561181827,5.82324910500853,5.20549759036145,5.0959322235434,5.4738446969697,5.63686631632081,229
"231",2020,12,5.5833573381295,139,5.86536402298851,5.11153846153846,4.72727272727273,5.38333333333333,5.60225724409449,87,52,11,12,127,10902,7115,3787,852,1860,9042,5.60855025499908,5.82376407308503,5.20420742012147,5.09117253521127,5.47326075268817,5.6363802123424,230
"232",2021,1,5.70035578651685,178,5.84052775,5.41034482758621,5.03333333333333,5.80666666666667,5.68613585987261,120,58,15,21,157,11080,7235,3845,867,1881,9199,5.61002510920578,5.82404211610228,5.20731690507152,5.09017185697808,5.47698298777246,5.63722939558648,231
"233",2021,2,5.661927109375,128,5.94996082352941,5.09255813953488,5.66666666666667,5.635,5.66691361111111,85,43,9,20,108,11208,7320,3888,876,1901,9307,5.61061785153462,5.82550428688524,5.20604771090535,5.09609474885845,5.47864544976329,5.63757385623724,232
"234",2021,3,5.38078431372549,102,5.6021875,5.0078947368421,4.66666666666667,5.77777777777778,5.34236559139785,64,38,6,9,93,11310,7384,3926,882,1910,9400,5.60854508222812,5.82356871343445,5.20412977585329,5.09317346938775,5.48005497382199,5.63465317872341,233
"235",2021,4,5.91379310344828,116,6.225,5.22222222222222,4.66666666666667,5.91666666666667,5.91346153846154,80,36,9,12,104,11426,7464,3962,891,1922,9504,5.61164404691055,5.82787129957127,5.20429416961131,5.08886531986532,5.48278095733611,5.63770411195286,234
"236",2021,5,5.7,99,5.76142857142857,5.55172413793103,4.6,6.03846153846154,5.64883720930233,70,29,5,13,86,11525,7534,3991,896,1935,9590,5.61240302646421,5.8272539660207,5.2068187171135,5.08613727678571,5.48651421188631,5.63780394994786,235
"237",2021,6,5.74681651685393,89,5.95111116666667,5.32413793103448,5,5.45,5.77613172839506,60,29,10,8,81,11614,7594,4020,906,1943,9671,5.61343305923885,5.82823255859889,5.20766504975124,5.08518653421633,5.48636387030366,5.63896252197291,236
"238",2021,7,5.81450980392157,102,6.2121875,5.14473684210526,5.2,5.85714285714286,5.80772727272727,64,38,5,14,88,11716,7658,4058,911,1957,9759,5.615183642028,5.83144137503264,5.20707577624446,5.08581668496158,5.48901635155851,5.64048432728763,237
"239",2021,8,5.8815652173913,115,6.01147058823529,5.6936170212766,4.76,5.5625,5.90542056074766,68,47,10,8,107,11831,7726,4105,921,1965,9866,5.61777293128222,5.83302589308827,5.21264640682095,5.08227904451683,5.4893155216285,5.64335764747618,238
"240",2021,9,5.6272297029703,101,5.98840579710145,4.84844375,4.57272727272727,5.08333333333333,5.70056404494382,69,32,11,12,89,11932,7795,4137,932,1977,9955,5.61785297938317,5.834401289288,5.20982927241963,5.07626502145923,5.48685128983308,5.64386908588649,239
"241",2021,10,5.67236842105263,114,5.94878378378378,5.161,4.68222222222222,5.75,5.66650943396226,74,40,9,8,106,12046,7869,4177,941,1985,10061,5.61836889838951,5.83547694116152,5.20936167105578,5.0724962805526,5.48791183879093,5.64410761852699,240
"242",2021,11,5.49265957446809,94,5.75924242424242,4.86428571428571,5.66666666666667,5.53333333333333,5.48835294117647,66,28,3,9,85,12140,7935,4205,944,1994,10146,5.61739553130148,5.83484285444234,5.20706390011891,5.07438453389831,5.48811685055166,5.64280275478021,241
"243",2021,12,5.38151724137931,145,5.55541666666667,5.04081632653061,5.31818181818182,5.1,5.40462686567164,96,49,11,11,134,12285,8031,4254,955,2005,10280,5.61461145706146,5.83150268335201,5.20514896567936,5.07719267015707,5.48598753117207,5.63969812743191,242
"244",2022,1,5.72925114155251,219,5.89696932515337,5.24107142857143,6.35714285714286,5.42857142857143,5.74978536585366,163,56,7,14,205,12504,8194,4310,962,2019,10485,5.61661930182342,5.83280498535514,5.20561570765661,5.08650623700624,5.48558940069342,5.6418505245589,243
"245",2022,2,5.86807142857143,140,5.99163265306122,5.5797619047619,4.41071428571429,6.27380952380952,5.79647058823529,98,42,14,21,119,12644,8292,4352,976,2040,10604,5.61940349177475,5.83468210926194,5.20922649356618,5.0768125,5.49370343137255,5.64358569879291,244
"246",2022,3,5.63095238095238,126,5.82439024390244,5.27045454545455,5,5.94666666666667,5.58828828828829,82,44,4,15,111,12770,8374,4396,980,2055,10715,5.61951744322631,5.83458132911392,5.20983933121019,5.07649897959184,5.4970097323601,5.64301285580961,245
"247",2022,4,5.83975,120,5.88528735632184,5.71969696969697,7.33333333333333,5.22727272727273,5.90155963302752,87,33,3,11,109,12890,8461,4429,983,2066,10824,5.62156770752521,5.83510271244533,5.21363822533303,5.08338657171923,5.49557357212004,5.64561647727273,246
"248",2022,5,5.58045194915254,118,5.95847614285714,5.02916666666667,4.24444444444444,4.90714285714286,5.67108971153846,70,48,9,14,104,13008,8531,4477,992,2080,10928,5.62119473247232,5.83611503692416,5.21166041992406,5.0757752016129,5.49161298076923,5.64585890190337,247
"249",2022,6,5.68614130434783,92,5.89666666666667,5.29140625,4.88333333333333,4.98333333333333,5.7915625,60,32,6,12,80,13100,8591,4509,998,2092,11008,5.62165084580153,5.83653793272029,5.21222636948326,5.07461823647295,5.48869741873805,5.6469177943314,248
"250",2022,7,5.76643518518518,108,5.90535714285714,5.51052631578947,4.85714285714286,5,5.82775,70,38,7,8,100,13208,8661,4547,1005,2100,11108,5.62283472743792,5.83709414386329,5.21471930943479,5.07310348258707,5.48683571428572,5.6485457400072,249
"251",2022,8,6.10972972972973,148,5.95428571428571,6.35789473684211,5.85714285714286,5.81818181818182,6.13313868613139,91,57,7,11,137,13356,8752,4604,1012,2111,11245,5.62823008984726,5.83831265767824,5.2288724370113,5.0785266798419,5.48856229275225,5.65444962916852,250
"252",2022,9,5.57697169811321,106,5.66172463768116,5.41891891891892,6.16666666666667,6.0265,5.55,69,37,3,6,100,13462,8821,4641,1015,2117,11345,5.62782648046353,5.8369313433851,5.23038756733463,5.08174285714286,5.49008691544639,5.65352896253856,251
"253",2022,10,5.70103092783505,97,5.89583333333333,5.14,5.5,5.78571428571429,5.68674698795181,72,25,7,14,83,13559,8893,4666,1022,2131,11428,5.62835017921676,5.83740822894411,5.22990327903987,5.08460763209393,5.49202909432192,5.65377022051103,252
"254",2022,11,5.62766355140187,107,5.91666666666667,5.03314285714286,4.8,6.12,5.57690721649485,72,35,8,10,97,13666,8965,4701,1030,2141,11525,5.62834480316113,5.83804477189068,5.2284383535418,5.08239708737864,5.49496216721159,5.65312330412148,253
"255",2022,12,5.60059701492537,134,6.09506666666667,4.97203389830509,4.40625,5.53181818181818,5.60674796747967,75,59,8,11,123,13800,9040,4760,1038,2152,11648,5.62807536811594,5.84017714380531,5.22526023109244,5.0771859344894,5.49515055762082,5.65263359203297,254
