"","year","month","avg_rating","no_ratings","avg_rating_owned","avg_rating_not_owned","avg_rating_prev_owned","avg_rating_comment","avg_rating_no_comment","no_ratings_owned","no_ratings_not_owned","no_ratings_prev_owned","no_ratings_comment","no_ratings_no_comment","cum_no_ratings","cum_no_ratings_owned","cum_no_ratings_not_owned","cum_no_ratings_prev_owned","cum_no_ratings_comment","cum_no_ratings_no_comment","cum_avg_rating","cum_avg_rating_owned","cum_avg_rating_not_owned","cum_avg_rating_prev_owned","cum_avg_rating_comment","cum_avg_rating_no_comment","month_after_release"
"1",2001,12,8,1,NA,8,NA,NA,8,0,1,0,0,1,1,0,1,0,0,1,8,NA,8,NA,NA,8,0
"2",2002,5,7,1,NA,7,NA,7,NA,0,1,0,1,0,2,0,2,0,1,1,7.5,NA,7.5,NA,7,8,5
"3",2002,6,7,1,7,NA,NA,NA,7,1,0,0,0,1,3,1,2,0,1,2,7.33333333333333,7,7.5,NA,7,7.5,6
"4",2002,7,4,1,NA,4,NA,NA,4,0,1,0,0,1,4,1,3,0,1,3,6.5,7,6.33333333333333,NA,7,6.33333333333333,7
"5",2002,8,8,3,8,NA,NA,8,8,3,0,0,1,2,7,4,3,0,2,5,7.14285714285714,7.75,6.33333333333333,NA,7.5,7,8
"6",2002,12,8.5,1,8.5,NA,NA,8.5,NA,1,0,0,1,0,8,5,3,0,3,5,7.3125,7.9,6.33333333333333,NA,7.83333333333333,7,12
"7",2003,1,8,1,8,NA,NA,NA,8,1,0,0,0,1,9,6,3,0,3,6,7.38888888888889,7.91666666666667,6.33333333333333,NA,7.83333333333333,7.16666666666667,13
"8",2003,2,8,1,NA,8,NA,8,NA,0,1,0,1,0,10,6,4,0,4,6,7.45,7.91666666666667,6.75,NA,7.875,7.16666666666667,14
"9",2003,3,7.33333333333333,3,9,4,NA,6,10,2,1,0,2,1,13,8,5,0,6,7,7.42307692307692,8.1875,6.2,NA,7.25,7.57142857142857,15
"10",2003,4,8.5,2,8.5,NA,NA,NA,8.5,2,0,0,0,2,15,10,5,0,6,9,7.56666666666667,8.25,6.2,NA,7.25,7.77777777777778,16
"11",2003,5,6.5,2,8,5,NA,5,8,1,1,0,1,1,17,11,6,0,7,10,7.44117647058824,8.22727272727273,6,NA,6.92857142857143,7.8,17
"12",2003,6,8,3,8,8,NA,8,8,1,2,0,1,2,20,12,8,0,8,12,7.525,8.20833333333333,6.5,NA,7.0625,7.83333333333333,18
"13",2003,7,7.86666666666667,15,7.92307692307692,7.5,9,8.2,7.7,13,2,1,5,10,35,25,10,1,13,22,7.67142857142857,8.06,6.7,9,7.5,7.77272727272727,19
"14",2003,8,8.625,4,8.83333333333333,8,NA,8.75,8.5,3,1,0,2,2,39,28,11,1,15,24,7.76923076923077,8.14285714285714,6.81818181818182,9,7.66666666666667,7.83333333333333,20
"15",2003,9,8,1,8,NA,NA,NA,8,1,0,0,0,1,40,29,11,1,15,25,7.775,8.13793103448276,6.81818181818182,9,7.66666666666667,7.84,21
"16",2003,10,8.375,4,8.83333333333333,7,NA,9.5,8,3,1,0,1,3,44,32,12,1,16,28,7.82954545454545,8.203125,6.83333333333333,9,7.78125,7.85714285714286,22
"17",2003,11,9,3,9,NA,NA,9,NA,3,0,0,3,0,47,35,12,1,19,28,7.90425531914894,8.27142857142857,6.83333333333333,9,7.97368421052632,7.85714285714286,23
"18",2003,12,7,8,7.4,6.33333333333333,NA,6.33333333333333,7.4,5,3,0,3,5,55,40,15,1,22,33,7.77272727272727,8.1625,6.73333333333333,9,7.75,7.78787878787879,24
"19",2004,1,7.58333333333333,6,7.5,8,NA,8.33333333333333,6.83333333333333,5,1,0,3,3,61,45,16,1,25,36,7.75409836065574,8.08888888888889,6.8125,9,7.82,7.70833333333333,25
"20",2004,2,7.57692307692308,13,7.77272727272727,6.5,NA,7.5,7.625,11,2,0,5,8,74,56,18,1,30,44,7.72297297297297,8.02678571428571,6.77777777777778,9,7.76666666666667,7.69318181818182,26
"21",2004,3,7.77777777777778,9,8.4,7,6,7.75,7.8,5,4,1,4,5,83,61,22,2,34,49,7.7289156626506,8.05737704918033,6.81818181818182,7.5,7.76470588235294,7.70408163265306,27
"22",2004,4,8,10,8.11111111111111,7,NA,8,8,9,1,0,5,5,93,70,23,2,39,54,7.75806451612903,8.06428571428571,6.82608695652174,7.5,7.79487179487179,7.73148148148148,28
"23",2004,5,7.29166666666667,12,7.42857142857143,7.1,7,6.75,7.5625,7,5,1,4,8,105,77,28,3,43,62,7.7047619047619,8.00649350649351,6.875,7.33333333333333,7.69767441860465,7.70967741935484,29
"24",2004,6,6.275,8,7.5,4.23333333333333,NA,7,5.84,5,3,0,3,5,113,82,31,3,46,67,7.60353982300885,7.97560975609756,6.61935483870968,7.33333333333333,7.65217391304348,7.57014925373134,30
"25",2004,7,7.75,6,7.9,7,NA,7.9,7,5,1,0,5,1,119,87,32,3,51,68,7.6109243697479,7.97126436781609,6.63125,7.33333333333333,7.67647058823529,7.56176470588235,31
"26",2004,8,8,4,8,NA,NA,9,7.66666666666667,4,0,0,1,3,123,91,32,3,52,71,7.62357723577236,7.97252747252747,6.63125,7.33333333333333,7.70192307692308,7.56619718309859,32
"27",2004,9,7.78571428571429,7,7.6,8.25,9,7.33333333333333,8.125,5,2,1,3,4,130,96,34,4,55,75,7.63230769230769,7.953125,6.72647058823529,7.75,7.68181818181818,7.596,33
"28",2004,10,6.78571428571429,7,7.1,6,NA,6.16666666666667,7.25,5,2,0,3,4,137,101,36,4,58,79,7.58905109489051,7.91089108910891,6.68611111111111,7.75,7.60344827586207,7.57848101265823,34
"29",2004,11,7.5,20,7.5625,7.25,8,7.45,7.55,16,4,2,10,10,157,117,40,6,68,89,7.57770700636943,7.86324786324786,6.7425,7.83333333333333,7.58088235294118,7.5752808988764,35
"30",2004,12,7.66666666666667,18,7.78571428571429,7.25,7,7.92307692307692,7,14,4,1,13,5,175,131,44,7,81,94,7.58685714285714,7.85496183206107,6.78863636363636,7.71428571428571,7.6358024691358,7.54468085106383,36
"31",2005,1,7.75,30,7.87037037037037,6.66666666666667,NA,8.04545454545454,7.57894736842105,27,3,0,11,19,205,158,47,7,92,113,7.61073170731707,7.85759493670886,6.78085106382979,7.71428571428571,7.68478260869565,7.55044247787611,37
"32",2005,2,7.152,25,7.48823529411765,6.4375,7,7,7.25333333333333,17,8,1,10,15,230,175,55,8,102,128,7.56086956521739,7.82171428571429,6.73090909090909,7.625,7.61764705882353,7.515625,38
"33",2005,3,7.30909090909091,22,7.85714285714286,6.35,6.8,7.43636363636364,7.18181818181818,14,8,1,11,11,252,189,63,9,113,139,7.53888888888889,7.82433862433862,6.68253968253968,7.53333333333333,7.6,7.48920863309352,39
"34",2005,4,8.03225806451613,31,8.19230769230769,7.2,7,8.19230769230769,7.91666666666667,26,5,1,13,18,283,215,68,10,126,157,7.59293286219081,7.86883720930233,6.72058823529412,7.48,7.66111111111111,7.53821656050955,40
"35",2005,5,7.76666666666667,27,8.01176470588235,7.35,NA,7.91875,7.54545454545455,17,10,0,16,11,310,232,78,10,142,168,7.60806451612903,7.87931034482759,6.80128205128205,7.48,7.69014084507042,7.53869047619048,41
"36",2005,6,7.51,30,7.492,7.6,7.5,7.42307692307692,7.57647058823529,25,5,2,13,17,340,257,83,12,155,185,7.59941176470588,7.84163424124514,6.84939759036145,7.48333333333333,7.66774193548387,7.54216216216216,42
"37",2005,7,7.11363636363636,22,7.1875,6.91666666666667,7,6.76923076923077,7.61111111111111,16,6,1,13,9,362,273,89,13,168,194,7.56988950276243,7.8032967032967,6.85393258426966,7.44615384615385,7.59821428571429,7.54536082474227,43
"38",2005,8,7.55172413793103,29,7.70833333333333,6.8,NA,7.46875,7.65384615384615,24,5,0,16,13,391,297,94,13,184,207,7.56854219948849,7.7956228956229,6.85106382978723,7.44615384615385,7.58695652173913,7.55217391304348,44
"39",2005,9,7.4758064516129,31,7.82291666666667,6.28571428571429,8,7.80882352941176,7.07142857142857,24,7,1,17,14,422,321,101,14,201,221,7.56172985781991,7.79766355140187,6.81188118811881,7.48571428571429,7.60572139303483,7.52171945701357,45
"40",2005,10,7.29347826086957,46,7.65,6.625,7.5,7.28947368421053,7.2962962962963,30,16,4,19,27,468,351,117,18,220,248,7.53536324786325,7.78504273504274,6.78632478632479,7.48888888888889,7.57840909090909,7.49717741935484,46
"41",2005,11,7.59222222222222,45,7.65394736842105,7.25714285714286,8,7.84411764705882,7.43928571428571,38,7,1,17,28,513,389,124,19,237,276,7.54035087719298,7.77223650385604,6.81290322580645,7.51578947368421,7.59746835443038,7.49130434782609,47
"42",2005,12,7.31785714285714,56,7.62,6.5625,7.5,6.88,7.67096774193548,40,16,2,25,31,569,429,140,21,262,307,7.51845342706503,7.75804195804196,6.78428571428571,7.51428571428572,7.52900763358779,7.50944625407166,48
"43",2006,1,7.40888888888889,63,7.67208333333333,6.56666666666667,7.5,7.342,7.46969696969697,48,15,2,30,33,632,477,155,23,292,340,7.50753164556962,7.74939203354298,6.76322580645161,7.51304347826087,7.50979452054794,7.50558823529412,49
"44",2006,2,7.63541666666667,48,7.78947368421053,7.05,NA,7.83333333333333,7.48148148148148,38,10,0,21,27,680,515,165,23,313,367,7.51655882352941,7.75234951456311,6.78060606060606,7.51304347826087,7.53150159744409,7.50381471389646,50
"45",2006,3,7.33023255813954,43,7.73103448275862,6.5,NA,7.52777777777778,7.188,29,14,0,18,25,723,544,179,23,331,392,7.50547717842324,7.75121323529412,6.75865921787709,7.51304347826087,7.53129909365559,7.48367346938775,51
"46",2006,4,7.275,32,7.38095238095238,7.07272727272727,9,7.25,7.29,21,11,1,12,20,755,565,190,24,343,412,7.49570860927152,7.73745132743363,6.77684210526316,7.575,7.52145772594752,7.47427184466019,52
"47",2006,5,7.3195652173913,46,7.788,6.76190476190476,7.5,7.28947368421053,7.34074074074074,25,21,1,19,27,801,590,211,25,362,439,7.48559300873908,7.73959322033898,6.77535545023697,7.572,7.5092817679558,7.46605922551253,53
"48",2006,6,7.57446808510638,47,7.72972972972973,7,8,7.54166666666667,7.60869565217391,37,10,1,24,23,848,627,221,26,386,462,7.49051886792453,7.73901116427432,6.78552036199095,7.58846153846154,7.51129533678756,7.47316017316017,54
"49",2006,7,7.415625,64,7.68478260869565,6.72777777777778,NA,7.18518518518519,7.58378378378378,46,18,0,27,37,912,673,239,26,413,499,7.48526315789474,7.73530460624071,6.78117154811715,7.58846153846154,7.48997578692494,7.4813627254509,55
"50",2006,8,7.56976744186047,43,7.64285714285714,7.43333333333333,7.4,7.5,7.6,28,15,5,13,30,955,701,254,31,426,529,7.48906806282723,7.7316119828816,6.81968503937008,7.55806451612903,7.49028169014084,7.48809073724007,56
"51",2006,9,7.5,46,8.015625,6.32142857142857,7,7.2,7.64516129032258,32,14,1,15,31,1001,733,268,32,441,560,7.48957042957043,7.74401091405184,6.79365671641791,7.540625,7.4804081632653,7.49678571428571,57
"52",2006,10,7.31818181818182,55,7.57575757575758,6.93181818181818,7.33333333333333,7.61538461538461,7.22619047619048,33,22,3,13,42,1056,766,290,35,454,602,7.48064393939394,7.73676240208877,6.80413793103448,7.52285714285714,7.4842731277533,7.47790697674419,58
"53",2006,11,7.46545454545455,55,7.58571428571429,7.07692307692308,6.9,7.475,7.46,42,13,2,20,35,1111,808,303,37,474,637,7.47989198919892,7.72891089108911,6.81584158415842,7.48918918918919,7.48388185654008,7.47692307692308,59
"54",2006,12,7.03901098901099,91,7.455,6.23387096774194,5.5,6.81029411764706,7.17543859649123,60,31,2,34,57,1202,868,334,39,508,694,7.44651414309484,7.70997695852535,6.76182634730539,7.38717948717949,7.43879921259842,7.4521613832853,60
"55",2007,1,7.23813559322034,118,7.48928571428571,6.61764705882353,7,7.17169811320755,7.29230769230769,84,34,5,53,65,1320,952,368,44,561,759,7.42788636363636,7.69050420168067,6.74850543478261,7.34318181818182,7.41356506238859,7.43847167325428,61
"56",2007,2,7.50228706896552,58,7.67021276595745,6.78478636363636,7,7.64230769230769,7.3885203125,47,11,1,26,32,1378,999,379,45,587,791,7.43101788824383,7.68954954954955,6.74955844327177,7.33555555555556,7.42369676320273,7.43645088495575,62
"57",2007,3,7.203125,64,7.65476190476191,6.34090909090909,7.14,7.21153846153846,7.19736842105263,42,22,5,26,38,1442,1041,401,50,613,829,7.42090336338419,7.68814601344861,6.72713877805486,7.316,7.41469820554649,7.42549173703257,63
"58",2007,4,7.37396226415094,53,7.41771428571429,7.28888888888889,7.25,7.45,7.32787878787879,35,18,4,20,33,1495,1076,419,54,633,862,7.41923923076923,7.67934944237918,6.75127124105012,7.31111111111111,7.41581358609795,7.42175481438515,64
"59",2007,5,7.4468085106383,47,7.46774193548387,7.40625,7,7.57692307692308,7.39705882352941,31,16,2,13,34,1542,1107,435,56,646,896,7.42007953955901,7.67342366757001,6.7753624137931,7.3,7.41905572755418,7.42081768973214,65
"60",2007,6,7.37666666666667,63,7.44673076923077,7.04545454545455,7,7.29032258064516,7.4603125,52,11,2,31,32,1605,1159,446,58,677,928,7.41837548286604,7.6632528041415,6.78202387892377,7.28965517241379,7.41316100443131,7.42217957974138,66
"61",2007,7,7.20555555555556,63,7.378125,6.65333333333333,7,7.38095238095238,7.11785714285714,48,15,2,21,42,1668,1207,461,60,698,970,7.41033732014388,7.65191383595692,6.77783655097614,7.28,7.41219197707736,7.40900273195876,67
"62",2007,8,7.51808695652174,69,7.80878431372549,6.69444444444444,5,7.32133333333333,7.60416666666667,51,18,1,21,48,1737,1258,479,61,719,1018,7.41461753022452,7.65827344992051,6.77470281837161,7.24262295081967,7.40953824756606,7.41820496070727,68
"63",2007,9,7.18015873015873,63,7.47826086956522,6.37352941176471,6.66666666666667,7.078125,7.28548387096774,46,17,3,32,31,1800,1304,496,64,751,1049,7.40641147222222,7.65192331288344,6.7609529233871,7.215625,7.39541677762983,7.41428279313632,69
"64",2007,10,7.45,73,7.69883720930233,7.09333333333333,6.63333333333333,7.14464285714286,7.64,43,30,6,28,45,1873,1347,526,70,779,1094,7.40811033101975,7.65342093541203,6.77990998098859,7.16571428571429,7.38640308087291,7.42356732175503,70
"65",2007,11,7.325,100,7.50833333333333,6.85357142857143,7.66666666666667,7.28529411764706,7.34545454545455,72,28,3,34,66,1973,1419,554,73,813,1160,7.40389794728839,7.64605919661734,6.78363294223827,7.18630136986301,7.38217466174662,7.41912297413793,71
"66",2007,12,7.25833333333333,120,7.43908045977012,6.78181818181818,7.375,7.28292682926829,7.24556962025316,87,33,4,41,79,2093,1506,587,77,854,1239,7.39555215002389,7.63410225763612,6.78353091993186,7.1961038961039,7.37740983606557,7.40805702179177,72
"67",2008,1,7.34777070063694,157,7.6196261682243,6.766,7,7.1219512195122,7.42758620689655,107,50,11,41,116,2250,1613,637,88,895,1355,7.39221806666667,7.63314197148171,6.78215486656201,7.17159090909091,7.36570726256983,7.40972889298893,73
"68",2008,2,7.32045454545455,88,7.47647058823529,6.79,7,7.1258064516129,7.42631578947368,68,20,4,31,57,2338,1681,657,92,926,1412,7.38951695893926,7.62680428316478,6.78239368340944,7.16413043478261,7.35767602591793,7.41039847733711,74
"69",2008,3,7.07692307692308,91,7.34126984126984,6.48214285714286,6.75,7.21666666666667,7.00819672131148,63,28,4,30,61,2429,1744,685,96,956,1473,7.37780594895019,7.61648967889908,6.77012065693431,7.146875,7.3532510460251,7.39374246435845,75
"70",2008,4,7.29782608695652,92,7.3734375,7.125,6.85714285714286,7.159375,7.37166666666667,64,28,7,32,60,2521,1808,713,103,988,1533,7.37488720745736,7.6078860619469,6.78405701262272,7.12718446601942,7.34697165991903,7.39287844096543,76
"71",2008,5,7.33703703703704,81,7.46101694915254,7.00454545454545,6.83333333333333,7.34444444444444,7.33111111111111,59,22,3,36,45,2602,1867,735,106,1024,1578,7.37370893543428,7.60324477771826,6.79065666666667,7.1188679245283,7.3468828125,7.39111701520912,77
"72",2008,6,7.35277777777778,72,7.40196078431373,7.23333333333333,7,7.31935483870968,7.3780487804878,51,21,3,31,41,2674,1918,756,109,1055,1619,7.37314534405385,7.59789259645464,6.80295324074074,7.11559633027523,7.34607393364929,7.39078607164916,78
"73",2008,7,7.15989010989011,91,7.44924242424242,6.396,6.30769230769231,6.91379310344828,7.275,66,25,13,29,62,2765,1984,781,122,1084,1681,7.36612681735986,7.59294758064516,6.78992656850192,7.02950819672131,7.33450922509225,7.38651555621654,79
"74",2008,8,7.09505494505494,91,7.35491803278688,6.56666666666667,6.38888888888889,7.14130434782609,7.07941176470588,61,30,9,23,68,2856,2045,811,131,1107,1749,7.35748972338936,7.58584743276284,6.78166787916153,6.98549618320611,7.33049503161698,7.3745755574614,80
"75",2008,9,7.333125,80,7.6031914893617,6.94848484848485,7.25555555555556,7.20540540540541,7.44302325581395,47,33,9,37,43,2936,2092,844,140,1144,1792,7.35682583446867,7.58623709369025,6.7881903436019,7.00285714285714,7.3264493006993,7.37621799665178,81
"76",2008,10,7.13013492063492,63,7.5,6.60378846153846,6.5625,7.10469047619048,7.14285714285714,37,26,8,21,42,2999,2129,870,148,1165,1834,7.35206373791264,7.58473837482386,6.78267948275862,6.97905405405406,7.32245193133047,7.37087385496183,82
"77",2008,11,7.06348314606742,89,7.13703703703704,6.95,5.62,7.27407407407407,6.97177419354839,54,35,5,27,62,3088,2183,905,153,1192,1896,7.34374648639896,7.57366376546038,6.78915044198895,6.93464052287582,7.32135612416107,7.35782312763713,83
"78",2008,12,7.17009345794393,107,7.29041095890411,6.91176470588235,6.875,7.32258064516129,7.10789473684211,73,34,8,31,76,3195,2256,939,161,1223,1972,7.33793087636933,7.56449822695035,6.79359014909478,6.93167701863354,7.32138716271464,7.3481909989858,84
"79",2009,1,7.11379310344828,145,7.2578431372549,6.77209302325581,6.79166666666667,7.08780487804878,7.12403846153846,102,43,12,41,104,3340,2358,982,173,1264,2076,7.32820034431138,7.55123324851569,6.79264882892057,6.92196531791908,7.3138105221519,7.33696177745665,85
"80",2009,2,7.00421348314607,178,7.23244680851064,6.74880952380952,6.63076923076923,7.11351351351351,6.97553191489362,94,84,13,37,141,3518,2452,1066,186,1301,2217,7.31180760375213,7.53901223491028,6.78919432457786,6.90161290322581,7.30811414296695,7.3139750338295,86
"81",2009,3,7.01571428571429,140,7.33051948051948,6.63095238095238,6.55882352941176,6.92903225806452,7.04036697247706,77,63,17,31,109,3658,2529,1129,203,1332,2326,7.30047543739749,7.53266429418743,6.78036417183348,6.87290640394089,7.29929166666667,7.30115333190026,87
"82",2009,4,6.95059171597633,169,7.23525641025641,6.70659340659341,6.79545454545455,6.90135135135135,6.96439393939394,78,91,22,37,132,3827,2607,1220,225,1369,2458,7.28502460151555,7.52376601457614,6.77486159836066,6.86533333333333,7.2885365230095,7.28306861269324,88
"83",2009,5,6.88084112149533,107,7.26442307692308,6.51818181818182,6.75,6.96111111111111,6.86460674157303,52,55,6,18,89,3934,2659,1275,231,1387,2547,7.27403130401627,7.51869424595713,6.7637891372549,6.86233766233766,7.28428731074261,7.26844627012171,89
"84",2009,6,7.27195121951219,123,7.52083333333333,6.92058823529412,6,7.24,7.28225806451613,72,51,2,30,93,4057,2731,1326,233,1417,2640,7.27396824007888,7.51875064079092,6.76981987179487,6.8549356223176,7.28334968242766,7.26893282196969,90
"85",2009,7,7.12624113475177,141,7.35822784810127,6.83064516129032,6.69230769230769,7.375,7.05321100917431,79,62,13,32,109,4198,2810,1388,246,1449,2749,7.26900646736541,7.51423772241993,6.77253685158501,6.84634146341463,7.28537370600414,7.26037928337577,91
"86",2009,8,7.16394230769231,104,7.50454545454545,6.78163265306122,6.84285714285714,7.254,7.13544303797468,55,49,7,25,79,4302,2865,1437,253,1474,2828,7.26646656206416,7.51405165794066,6.77284700765484,6.84624505928854,7.28484158751696,7.25688919731259,92
"87",2009,9,7.1395652173913,115,7.30384615384615,6.926,6.72,7.09523809523809,7.14946808510638,65,50,10,21,94,4417,2930,1487,263,1495,2922,7.26316258772923,7.50938839590444,6.77799673839946,6.84144486692015,7.28217826086957,7.25343348733744,93
"88",2009,10,7.12022900763359,131,7.39295774647887,6.7975,6.45833333333333,6.88333333333333,7.19059405940594,71,60,12,30,101,4548,3001,1547,275,1525,3023,7.2590455474934,7.50663378873709,6.77875316742081,6.82472727272727,7.27433213114754,7.25133398941449,94
"89",2009,11,7.00583941605839,137,7.30342465753425,6.66640625,6.57142857142857,7.05961538461538,6.99324324324324,73,64,14,26,111,4685,3074,1611,289,1551,3134,7.25164122732124,7.50180806766428,6.7742899751707,6.81245674740484,7.27073275306254,7.24219293235482,95
"90",2009,12,6.9879746835443,158,7.25247524752475,6.51929824561403,6.525,7.06145833333333,6.95590909090909,101,57,8,48,110,4843,3175,1668,297,1599,3244,7.2430392628536,7.49387653543307,6.76557622901679,6.80471380471381,7.26445059412133,7.23248540382244,96
"91",2010,1,6.96858407079646,226,7.08507462686567,6.79891304347826,6.575,6.91860465116279,6.98032786885246,134,92,16,43,183,5069,3309,1760,313,1642,3427,7.2308027520221,7.47732184950136,6.76731883522727,6.79297124600639,7.255393727162,7.21902032389845,97
"92",2010,2,6.77272727272727,121,6.953125,6.57017543859649,6.42857142857143,6.62727272727273,6.80505050505051,64,57,14,22,99,5190,3373,1817,327,1664,3526,7.22012315028902,7.46737563000297,6.7611343698404,6.77737003058104,7.24708924278846,7.207397234827,98
"93",2010,3,7.18019801980198,101,7.3578125,6.87297297297297,6.75,7.16111111111111,7.18433734939759,64,37,4,18,83,5291,3437,1854,331,1682,3609,7.21936101871102,7.46533546697702,6.76336631607335,6.77703927492447,7.24616914387634,7.20686690218897,99
"94",2010,4,7.124069,100,7.32203389830508,6.83919268292683,6.26,6.95625,7.15603452380952,59,41,10,16,84,5391,3496,1895,341,1698,3693,7.21759340567613,7.46291704805492,6.76500688654354,6.76187683284458,7.24343727915194,7.20571068237205,100
"95",2010,5,6.895,100,7.28142857142857,5.99333333333333,6.58333333333333,6.345,7.0325,70,30,6,20,80,5491,3566,1925,347,1718,3773,7.21171845747587,7.45935445877734,6.7529808051948,6.75878962536023,7.23297817229336,7.20203804664723,101
"96",2010,6,7.00454545454545,66,7.32619047619048,6.44166666666667,7.14,7.03571428571429,6.99615384615385,42,24,5,14,52,5557,3608,1949,352,1732,3825,7.20925788195069,7.45780432372506,6.74914728065675,6.76420454545455,7.23138366050808,7.19923909803921,102
"97",2010,7,7.043,100,7.38076923076923,6.67708333333333,6.5625,7.19047619047619,7.00379746835443,52,48,8,21,79,5657,3660,1997,360,1753,3904,7.20631890578045,7.45670983606558,6.74741514772158,6.75972222222222,7.23089361095265,7.1952842085041,103
"98",2010,8,7.08975903614458,83,7.2945652173913,6.83513513513514,6.83333333333333,7.09791666666667,7.0864406779661,46,37,9,24,59,5740,3706,2034,369,1777,3963,7.20463345818815,7.45469724770642,6.74901084070796,6.76151761517615,7.22909763646595,7.19366377744133,104
"99",2010,9,6.91392405063291,79,7.17358490566038,6.38461538461539,5.8,6.97916666666667,6.88545454545455,53,26,5,24,55,5819,3759,2060,374,1801,4018,7.20068672452311,7.45073370577281,6.74441167475728,6.74866310160428,7.22576707384786,7.18944488551518,105
"100",2010,10,6.89175257731959,97,7.19344262295082,6.38055555555556,6.66666666666667,6.92857142857143,6.8768115942029,61,36,9,28,69,5916,3820,2096,383,1829,4087,7.19562137423935,7.44662513089005,6.73816223759542,6.7467362924282,7.22121733187534,7.18416676045999,106
"101",2010,11,6.85263157894737,133,7.06162790697674,6.47021276595745,6.6,7.30833333333333,6.75229357798165,86,47,9,24,109,6049,3906,2143,392,1853,4196,7.18808002149116,7.43814848950333,6.73228560429305,6.74336734693878,7.22234565569347,7.17294793851287,107
"102",2010,12,6.76969696969697,132,6.97808988764045,6.33837209302326,6.475,7.01212121212121,6.68888888888889,89,43,10,33,99,6181,3995,2186,402,1886,4295,7.17914513023783,7.42789937421777,6.7245370768527,6.73669154228856,7.21866728525981,7.1617903492433,108
"103",2011,1,6.85145161290323,186,7,6.57492307692308,6.3,6.81818181818182,6.85862745098039,121,65,9,33,153,6367,4116,2251,411,1919,4448,7.16957217684938,7.41532021379981,6.720216814749,6.72712895377129,7.21178035435122,7.15136230890288,109
"104",2011,2,7.01092592592593,135,7.24805194805195,6.69612068965517,6.66363636363636,7.28642857142857,6.9145,77,58,11,35,100,6502,4193,2309,422,1954,4548,7.16627822977545,7.41224850942046,6.71961154179298,6.72547393364929,7.21311745138178,7.14615425461741,110
"105",2011,3,6.94165289256198,121,7.1473417721519,6.5547619047619,6,7.15826086956522,6.89081632653061,79,42,2,23,98,6623,4272,2351,424,1977,4646,7.16217439981881,7.40734971910112,6.71666654615057,6.72205188679245,7.21247926150733,7.14076830606974,111
"106",2011,4,7.0379381443299,97,7.33742424242424,6.40032258064516,6.93333333333333,7.21724137931034,6.96147058823529,66,31,6,29,68,6720,4338,2382,430,2006,4714,7.16038110863095,7.40628584601199,6.71254955919395,6.725,7.21254810568295,7.13818191557064,112
"107",2011,5,7.06648936170213,94,7.12966101694915,6.96,7.5,7.03571428571429,7.071875,59,35,2,14,80,6814,4397,2417,432,2020,4794,7.15908585999413,7.40257402774619,6.71613282995449,6.72858796296296,7.21132252475247,7.13707541718815,113
"108",2011,6,6.92439024390244,82,7.20408163265306,6.50909090909091,6.375,7.025,6.89193548387097,49,33,8,20,62,6896,4446,2450,440,2040,4856,7.15629510585847,7.40038641475484,6.71334410204082,6.72215909090909,7.20949583333333,7.13394554159802,114
"109",2011,7,6.95666666666667,105,7.36583333333333,6.41111111111111,5.75,6.84523809523809,6.98452380952381,60,45,12,21,84,7001,4506,2495,452,2061,4940,7.15330110698472,7.39992632046161,6.70789300601202,6.69634955752212,7.20578432799612,7.13140476720648,115
"110",2011,8,6.952,100,7.09491525423729,6.74634146341463,6.725,6.70434782608696,7.02597402597403,59,41,12,23,77,7101,4565,2536,464,2084,5017,7.15046627939727,7.39598422782037,6.70851460962145,6.69709051724138,7.20025023992322,7.1297866354395,116
"111",2011,9,6.96290322580645,93,7.26481481481482,6.54487179487179,6.33333333333333,6.86666666666667,6.99097222222222,54,39,9,21,72,7194,4619,2575,473,2105,5089,7.14804156936336,7.39445074691492,6.70603613592233,6.69016913319239,7.19692232779097,7.12782266653566,117
"112",2011,10,6.95105263157895,95,7.31326530612245,6.56521739130435,7.1,6.61904761904762,7.04527027027027,49,46,10,21,74,7289,4668,2621,483,2126,5163,7.14547414597339,7.39359854327335,6.70356468904998,6.69865424430642,7.19121425211665,7.12663946349022,118
"113",2011,11,6.96610169491525,118,7.23333333333333,6.62692307692308,6.45,7.34210526315789,6.89393939393939,66,52,8,19,99,7407,4734,2673,491,2145,5262,7.14261658566221,7.39136417405999,6.70207371866816,6.69460285132383,7.19255081585081,7.12226141201064,119
"114",2011,12,6.83836206896552,116,6.93188405797101,6.70106382978723,6.5,6.78125,6.85326086956522,69,47,7,24,92,7523,4803,2720,498,2169,5354,7.13792516948026,7.3847632729544,6.70205626838235,6.69186746987952,7.18799976947902,7.11763906425103,120
"115",2012,1,6.87929936305733,157,7.17287234042553,6.44126984126984,6.35714285714286,6.84375,6.8884,94,63,7,32,125,7680,4897,2783,505,2201,5479,7.13263815755208,7.38069593628752,6.69615273086597,6.68722772277228,7.18299477510222,7.11240911662712,121
"116",2012,2,7.07254901960784,102,7.25892857142857,6.84565217391304,5.95,6.81578947368421,7.13132530120482,56,46,10,19,83,7782,4953,2829,515,2220,5562,7.13185055898227,7.37931920048456,6.69858361611877,6.67291262135922,7.17985202702703,7.1126913969795,122
"117",2012,3,7.00555555555556,99,7.28,6.58333333333333,6.575,6.86136363636364,7.04675324675325,60,39,8,22,77,7881,5013,2868,523,2242,5639,7.13026405912955,7.37813046080192,6.69701640516039,6.67141491395793,7.17672680642284,7.11179101791098,123
"118",2012,4,7,110,7.17682926829268,6.48214285714286,6.41666666666667,6.65909090909091,7.08522727272727,82,28,6,22,88,7991,5095,2896,529,2264,5727,7.1284709110249,7.37489067713445,6.69493889848066,6.66852551984877,7.17169677561837,7.11138284442116,124
"119",2012,5,6.8135593220339,118,6.86470588235294,6.744,6.68181818181818,6.76923076923077,6.82608695652174,68,50,11,26,92,8109,5163,2946,540,2290,5819,7.12388840177581,7.36817121828394,6.69577157162254,6.6687962962963,7.16712729257642,7.10687223749785,125
"120",2012,6,6.74,85,7.07954545454545,6.37560975609756,6.08333333333333,6.71764705882353,6.74558823529412,44,41,12,17,68,8194,5207,2987,552,2307,5887,7.11990615694411,7.36573228346457,6.69137698359558,6.65606884057971,7.1638151278717,7.10269909121794,126
"121",2012,7,6.85958762886598,97,7.18909090909091,6.42809523809524,5.25,7.22058823529412,6.782875,55,42,4,17,80,8291,5262,3029,556,2324,5967,7.11686057773489,7.36388597491448,6.68772632882139,6.64595323741007,7.16423042168675,7.09841118652589,127
"122",2012,8,6.9510101010101,99,7.13064516129032,6.65,6.15555555555556,6.89411764705882,6.96280487804878,62,37,9,17,82,8390,5324,3066,565,2341,6049,7.11490358164482,7.36116979714501,6.68727105348989,6.63814159292035,7.16226890217856,7.09657291287816,128
"123",2012,9,6.99615384615385,78,7.25714285714286,6.5551724137931,6.4,6.64545454545455,7.13392857142857,49,29,5,22,56,8468,5373,3095,570,2363,6105,7.11380976027397,7.36022110552764,6.68603329563812,6.63605263157895,7.15745725772323,7.09691556920557,129
"124",2012,10,6.88657407407407,108,7.10573770491803,6.60212765957447,6.6,6.76785714285714,6.928125,61,47,10,28,80,8576,5434,3142,580,2391,6185,7.11094811683769,7.35736437246964,6.68477818268619,6.63543103448276,7.1528948138854,7.09473234438157,130
"125",2012,11,6.84087719298246,114,7.04,6.586,6.94444444444444,7.06470588235294,6.80164948453608,64,50,9,17,97,8690,5498,3192,589,2408,6282,7.10740518411968,7.35367006184067,6.68323090538847,6.64015280135823,7.15227221760797,7.09020686883158,131
"126",2012,12,6.82100840336134,119,6.95,6.54605263157895,6.41666666666667,7.1304347826087,6.746875,81,38,9,23,96,8809,5579,3230,598,2431,6378,7.10353627540016,7.34780928481807,6.68161704334365,6.63678929765886,7.15206561085973,7.08503912668548,132
"127",2013,1,6.91099337748344,151,7.11622222222222,6.60819672131148,6.72222222222222,7.01724137931035,6.88573770491803,90,61,9,29,122,8960,5669,3291,607,2460,6500,7.10029141183036,7.34413265126125,6.68025616833789,6.63805601317957,7.1504762195122,7.08129839230769,133
"128",2013,2,6.97592592592593,108,7.20983606557377,6.67234042553191,6.4,7.015,6.96704545454545,61,47,10,20,88,9068,5730,3338,617,2480,6588,7.09881021724746,7.34270296684119,6.68014471240263,6.63419773095624,7.14938366935484,7.07977224499089,134
"129",2013,3,6.8859387755102,98,7.04348275862069,6.6575,6.72222222222222,6.84088,6.9013698630137,58,40,9,25,73,9166,5788,3378,626,2505,6661,7.09653426249182,7.33970456116102,6.67987656897572,6.63546325878594,7.14630479041916,7.07781707701546,135
"130",2013,4,6.99438775510204,98,7.07279411764706,6.81666666666667,5.33333333333333,6.69230769230769,7.04058823529412,68,30,3,13,85,9264,5856,3408,629,2518,6746,7.09545369710708,7.33660519125683,6.68108070715962,6.62925278219396,7.1439608816521,7.07734799140231,136
"131",2013,5,6.80511363636364,88,7.04672131147541,6.25925925925926,6.6,6.48157894736842,6.89420289855072,61,27,5,19,69,9352,5917,3435,634,2537,6815,7.09272166916168,7.33361669765084,6.67776508005822,6.62902208201893,7.13900019708317,7.0754936977256,137
"132",2013,6,6.86778846153846,104,7.14916666666667,6.48409090909091,6.43,6.5,6.90691489361702,60,44,10,10,94,9456,5977,3479,644,2547,6909,7.09024778447547,7.33176509954827,6.67531562230526,6.62593167701863,7.13649136238712,7.07320010855406,138
"133",2013,7,6.76060606060606,99,6.87777777777778,6.55555555555556,6.71428571428571,6.83333333333333,6.74761904761905,63,36,7,15,84,9555,6040,3515,651,2562,6993,7.08683234432235,7.3270298013245,6.67408906116643,6.62688172043011,7.13471643247463,7.06928922493922,139
"134",2013,8,6.72204301075269,93,7.11101694915254,6.04705882352941,5.9375,6.3425,6.82602739726027,59,34,8,20,73,9648,6099,3549,659,2582,7066,7.08331602922886,7.32494015412363,6.66808200901662,6.6185128983308,7.1285799767622,7.06677604726861,140
"135",2013,9,6.70173913043478,115,6.88714285714286,6.41333333333333,6.39230769230769,6.35,6.79450549450549,70,45,13,24,91,9763,6169,3594,672,2606,7157,7.07882137150466,7.31997244285946,6.6648923344463,6.6141369047619,7.12140963161934,7.06331417493363,141
"136",2013,10,6.79747474747475,99,7.04758064516129,6.37837837837838,6,6.8475,6.78481012658228,62,37,10,20,79,9862,6231,3631,682,2626,7236,7.07599706448996,7.31726207671321,6.66197274855411,6.60513196480938,7.11932349581112,7.06027356965174,142
"137",2013,11,6.69074074074074,108,7.03916666666667,6.25520833333333,6.13333333333333,6.61363636363636,6.71046511627907,60,48,9,22,86,9970,6291,3679,691,2648,7322,7.07182377632899,7.31460975997457,6.65666568360967,6.59898697539797,7.11512216767372,7.05616492078667,143
"138",2013,12,6.85077519379845,129,6.99137931034483,6.55952380952381,6.125,6.55263157894737,6.90227272727273,87,42,12,19,110,10099,6378,3721,703,2667,7432,7.0690002029904,7.31020068987143,6.65556921526471,6.59089615931721,7.11111492313461,7.05388718379978,144
"139",2014,1,6.77331460674157,178,6.98971962616822,6.44718309859155,6.40909090909091,6.67826086956522,6.78741935483871,107,71,11,23,155,10277,6485,3792,714,2690,7587,7.06387886056242,7.30491287586739,6.65166747099156,6.58809523809524,7.10741394052045,7.04844333069724,145
"140",2014,2,6.38318181818182,110,6.66140350877193,6.08396226415094,5.828125,6.10833333333333,6.41683673469388,57,53,16,12,98,10387,6542,3845,730,2702,7685,7.05667016944257,7.29930602262305,6.64384214564369,6.57143835616438,7.10297686898594,7.04038901106051,146
"141",2014,3,6.76801801801802,111,7.10928571428571,6.18536585365854,6.25,7.075,6.70054945054945,70,41,8,20,91,10498,6612,3886,738,2722,7776,7.05361812249952,7.29729431336963,6.63900490221307,6.56795392953929,7.10277130786187,7.03641197916666,147
"142",2014,4,6.5741935483871,93,6.83584905660377,6.2275,5.8,6.42857142857143,6.6,53,40,14,14,79,10591,6665,3926,752,2736,7855,7.04940827589463,7.29362490622656,6.63481228986245,6.55365691489362,7.09932145467836,7.03202285805219,148
"143",2014,5,6.75569620253165,79,7.0622641509434,6.13076923076923,6.5,6.66666666666667,6.77164179104478,53,26,2,12,67,10670,6718,3952,754,2748,7922,7.04723365042174,7.29179964275082,6.63149621710526,6.55351458885942,7.09743213245997,7.02982069553143,149
"144",2014,6,6.5312987012987,77,6.83675675675676,6.24875,6.26176470588235,6.67857142857143,6.49857142857143,37,40,17,14,63,10747,6755,3992,771,2762,7985,7.04353708476784,7.28930717986677,6.62766108466934,6.54708171206226,7.09530901520637,7.02562924859111,150
"145",2014,7,6.67342342342342,111,6.94066666666667,6.11666666666667,6.8,7.13409090909091,6.55955056179775,75,36,5,22,89,10858,6830,4028,776,2784,8074,7.03975345827961,7.28547877013177,6.62309410377358,6.54871134020618,7.09561548132184,7.02049164602427,151
"146",2014,8,6.62058823529412,102,6.75277777777778,6.30333333333333,6.1875,6.60952380952381,6.62345679012346,72,30,8,21,81,10960,6902,4058,784,2805,8155,7.03585246806569,7.27992176180817,6.62073017496303,6.54502551020408,7.09197629233512,7.01654807480073,152
"147",2014,9,6.9264367816092,87,7.0377358490566,6.75294117647059,6.84285714285714,6.74666666666667,6.96388888888889,53,34,7,15,72,11047,6955,4092,791,2820,8227,7.03499077125011,7.27807620416966,6.62182870234604,6.54766118836915,7.09013953900709,7.01608721891333,153
"148",2014,10,6.6354,100,6.88641791044776,6.12575757575758,7.07142857142857,6.79607142857143,6.57291666666667,67,33,7,28,72,11147,7022,4125,798,2848,8299,7.03140603301337,7.27433921959556,6.61786013333333,6.55225563909774,7.08724841994382,7.01224238462465,154
"149",2014,11,6.55546218487395,119,6.88923076923077,6.1537037037037,6.23333333333333,6.86842105263158,6.496,65,54,15,19,100,11266,7087,4179,813,2867,8399,7.02637875466004,7.27080711161281,6.61186241923905,6.54637146371464,7.08579822113708,7.00609591022741,155
"150",2014,12,6.813671875,128,6.96104651162791,6.51190476190476,6.16666666666667,6.59038461538462,6.87058823529412,86,42,9,26,102,11394,7173,4221,822,2893,8501,7.02398920923293,7.26709326641573,6.61086781568348,6.54221411192214,7.08134583477359,7.00447000941066,156
"151",2015,1,6.69801324503311,151,6.95511363636364,6.33888888888889,6.38,6.41111111111111,6.73684210526316,88,63,10,18,133,11545,7261,4284,832,2911,8634,7.01972568644435,7.26331221594822,6.60686812558356,6.54026442307692,7.07720147715562,7.0003474113968,157
"152",2015,2,6.81967741935484,124,7.00694444444444,6.56038461538462,6.46333333333333,6.695,6.84365384615385,72,52,18,20,104,11669,7333,4336,850,2931,8738,7.01759988430885,7.26079503613801,6.60631066651291,6.53863529411765,7.07459348345275,6.99848243877317,158
"153",2015,3,6.58318584070796,113,7.00971428571429,5.88883720930233,6.36363636363636,6.93133333333333,6.52989795918367,70,43,11,15,98,11782,7403,4379,861,2946,8836,7.01343346206077,7.25842091044171,6.59926536880566,6.53639953542393,7.07386405295316,6.99328537234042,159
"154",2015,4,6.82039215686275,102,6.95076923076923,6.59135135135135,6.73333333333333,6.57692307692308,6.85595505617978,65,37,6,13,89,11884,7468,4416,867,2959,8925,7.01177659458095,7.25574317086235,6.5991990602355,6.53776239907728,7.07168080432579,6.99191591596639,160
"155",2015,5,6.625,94,6.80277777777778,6.385,5.5,6.5,6.64156626506024,54,40,4,11,83,11978,7522,4456,871,2970,9008,7.00874127984638,7.2524913586812,6.59727626795332,6.53299655568312,7.06956346801347,6.9886877830817,161
"156",2015,6,6.61730337078652,89,6.72530612244898,6.485,6.11538461538461,5.90909090909091,6.71717948717949,49,40,13,11,78,12067,7571,4496,884,2981,9086,7.00585423468965,7.2490793818518,6.59627736877224,6.52685520361991,7.06528128144918,6.98635698327097,162
"157",2015,7,6.62378640776699,103,6.87121212121212,6.18243243243243,5.56875,6.455,6.6644578313253,66,37,8,20,83,12170,7637,4533,892,3001,9169,7.0026206285949,7.24581380123085,6.59289941539819,6.51826233183856,7.06121409530157,6.98344307449013,163
"158",2015,8,6.66610169491525,118,6.83733333333333,6.36744186046512,5.85,6.65333333333333,6.66796116504854,75,43,10,15,103,12288,7712,4576,902,3016,9272,6.99938908284505,7.24184128630706,6.59078082386363,6.51085365853658,7.05918551061008,6.97993847605695,164
"159",2015,9,6.5989898989899,99,6.74035087719298,6.40714285714286,6.2,6.27058823529412,6.66707317073171,57,42,10,17,82,12387,7769,4618,912,3033,9354,6.99618899249213,7.23816192560175,6.58911066478995,6.5074451754386,7.05476541378173,6.97719580393415,165
"160",2015,10,6.49710743801653,121,6.73133333333333,6.11521739130435,6.25,6.79473684210526,6.44166666666667,75,46,8,19,102,12508,7844,4664,920,3052,9456,6.99136097297729,7.23331591024987,6.58443676029159,6.50520652173913,7.05314662516383,6.9714191571489,166
"161",2015,11,6.83222222222222,135,7.09133333333333,6.50833333333333,6.16666666666667,6.68333333333333,6.8551282051282,75,60,9,18,117,12643,7919,4724,929,3070,9573,6.98966171399193,7.23197120848592,6.58347016299746,6.50192680301399,7.05097833876221,6.96999786378356,167
"162",2015,12,6.64530726256983,179,6.82554545454545,6.35797101449275,6.42857142857143,6.278125,6.72523809523809,110,69,14,32,147,12822,8029,4793,943,3102,9720,6.9848543947902,7.22640303898368,6.58022387857292,6.50083775185578,7.0430056415216,6.96629625,168
"163",2016,1,6.67974358974359,195,6.8099173553719,6.46689189189189,6.225,6.66153846153846,6.68254437869822,121,74,14,26,169,13017,8150,4867,957,3128,9889,6.98028370976415,7.22021963190184,6.57850072940209,6.49680250783699,7.03983487851662,6.96144701688745,169
"164",2016,2,6.71769230769231,130,7.11948051948052,6.13396226415094,5.68,6.90625,6.69122807017544,77,53,15,16,114,13147,8227,4920,972,3144,10003,6.9776871567658,7.21927677160569,6.57371200203252,6.4841975308642,7.03915505725191,6.95836744476657,170
"165",2016,3,6.83988549618321,131,7.04383116883117,6.54907407407407,6.95,6.94736842105263,6.82165178571429,77,54,10,19,112,13278,8304,4974,982,3163,10115,6.97632761334538,7.21764992774566,6.57344452151186,6.48894093686354,7.03860369901992,6.95685363816115,171
"166",2016,4,6.89582474226804,97,7.15524590163934,6.45625,6.8,7.16666666666667,6.868125,61,36,4,9,88,13375,8365,5010,986,3172,10203,6.97574377943925,7.21719485953377,6.57260240518962,6.49020283975659,7.0389670554855,6.9560883612663,172
"167",2016,5,6.78373983739837,123,7.00487804878049,6.34146341463415,5.91666666666667,6.55555555555556,6.82285714285714,82,41,6,18,105,13498,8447,5051,992,3190,10308,6.97399415098533,7.21513377530484,6.57072620273213,6.48673387096774,7.03623934169279,6.95473123302289,173
"168",2016,6,6.8965811965812,117,7.08414634146341,6.45714285714286,6.7,7.05909090909091,6.85894736842105,82,35,5,22,95,13615,8529,5086,997,3212,10403,6.9733289056188,7.21387442842068,6.56994456350767,6.48780341023069,7.03639585927771,6.95385653657599,174
"169",2016,7,6.68642857142857,140,6.85348837209302,6.42037037037037,6.18461538461538,6.49230769230769,6.70629921259843,86,54,13,13,127,13755,8615,5140,1010,3225,10530,6.9704088004362,7.21027684271619,6.5683731614786,6.48390099009901,7.03420263565892,6.95087080246914,175
"170",2016,8,6.75036496350365,137,6.99753086419753,6.39285714285714,5.61111111111111,6.38666666666667,6.79508196721311,81,56,18,15,122,13892,8696,5196,1028,3240,10652,6.9682387741146,7.20829519319227,6.56648153387221,6.4686186770428,7.03120478395062,6.94908651426962,176
"171",2016,9,6.72379032258065,124,6.93661971830986,6.43867924528302,6.54545454545455,7.20833333333333,6.671875,71,53,11,12,112,14016,8767,5249,1039,3252,10764,6.96607613085046,7.20609501539865,6.56519109354162,6.46943214629451,7.03185839483395,6.94620211352657,177
"172",2016,10,6.68,155,6.88631578947368,6.35333333333333,6.2,6.5,6.71968503937008,95,60,13,28,127,14171,8862,5309,1052,3280,10891,6.96294707854068,7.2026670051907,6.56279676963646,6.46610266159696,7.0273181402439,6.9435606969057,178
"173",2016,11,6.6337037037037,162,6.7088785046729,6.48745454545455,6.33333333333333,6.68181818181818,6.62614285714286,107,55,6,22,140,14333,8969,5364,1058,3302,11031,6.95922577618084,7.19677611773888,6.56202424496644,6.46534971644612,7.02501620230164,6.93953218656513,179
"174",2016,12,6.59433333333333,150,6.86263157894737,6.13090909090909,5.8125,6.72916666666667,6.56865079365079,95,55,8,24,126,14483,9064,5419,1066,3326,11157,6.95544659600911,7.19327394086496,6.55764865288798,6.46045028142589,7.02288138905592,6.93534369006005,180
"175",2017,1,6.88574703557312,253,7.05710857142857,6.50128205128205,6.26666666666667,6.82128571428571,6.89857819905213,175,78,15,42,211,14736,9239,5497,1081,3368,11368,6.95424993553203,7.19069477216149,6.55684883572858,6.45776133209991,7.02036742874109,6.93466129046446,181
"176",2017,2,6.93184357541899,179,7.07363636363636,6.70579710144928,6.57142857142857,7.14583333333333,6.89870967741935,110,69,14,24,155,14915,9349,5566,1095,3392,11523,6.95398102916527,7.18931746710878,6.55869530183255,6.45921461187214,7.02125515919811,6.9341776924412,182
"177",2017,3,6.74635761589404,151,6.84137931034483,6.6171875,6.83333333333333,6.97619047619048,6.70923076923077,87,64,6,21,130,15066,9436,5630,1101,3413,11653,6.95190010951812,7.18610947435354,6.55936022202486,6.46125340599455,7.02097787869909,6.93166820132155,183
"178",2017,4,6.87268115942029,138,7.06228915662651,6.58654545454545,6.72307692307692,7.49047619047619,6.76179487179487,83,55,13,21,117,15204,9519,5685,1114,3434,11770,6.95118107405946,7.18502983506671,6.55962322779243,6.46430879712747,7.02384900990099,6.92997957094308,184
"179",2017,5,6.72086956521739,115,6.91884057971015,6.42391304347826,6.5,6.68235294117647,6.72755102040816,69,46,8,17,98,15319,9588,5731,1122,3451,11868,6.9494521215484,7.18311420525657,6.55853394695515,6.4645632798574,7.02216676325703,6.9283080173576,185
"180",2017,6,6.64285714285714,119,6.97916666666667,6.12765957446809,6,7,6.59134615384615,72,47,7,15,104,15438,9660,5778,1129,3466,11972,6.94708881007902,7.18159409937888,6.55502908445829,6.46168290522586,7.02207083092902,6.92538085115269,186
"181",2017,7,6.79212598425197,127,7.04044943820225,6.21052631578947,6.40909090909091,6.71428571428571,6.81414141414141,89,38,11,28,99,15565,9749,5816,1140,3494,12071,6.94582441696113,7.18030556980203,6.55277820667125,6.46117543859649,7.01960432169433,6.92446852373457,187
"182",2017,8,6.85858064516129,155,7.04318681318681,6.59609375,6.86538461538461,6.84,6.86086956521739,91,64,13,17,138,15720,9840,5880,1153,3511,12209,6.9449641889313,7.1790375,6.55324966836734,6.4657328707719,7.01873469097123,6.92374965599148,188
"183",2017,9,6.77188405797101,138,6.886375,6.61396551724138,6.78571428571429,6.91666666666667,6.74140350877193,80,58,14,24,114,15858,9920,5938,1167,3535,12323,6.94345800542313,7.17667731854839,6.55384271640283,6.46957155098543,7.01804172560113,6.92206277286375,189
"184",2017,10,6.66157575757576,165,6.9494623655914,6.28972222222222,5.875,7.26470588235294,6.5922972972973,93,72,8,17,148,16023,10013,6010,1175,3552,12471,6.94055526742807,7.17456696294817,6.55067854409318,6.46552340425532,7.01922226914414,6.91814927030712,190
"185",2017,11,6.64934640522876,153,6.96010101010101,6.07962962962963,6.13636363636364,6.96315789473684,6.60485074626866,99,54,11,19,134,16176,10112,6064,1186,3571,12605,6.93780088093472,7.17246726661392,6.54648384729551,6.46247048903878,7.0189239708765,6.91481868702896,191
"186",2017,12,6.71043243243243,185,6.91943925233645,6.42371794871795,6.96153846153846,7,6.67134969325153,107,78,13,22,163,16361,10219,6142,1199,3593,12768,6.93522994010146,7.16981788824738,6.54492478834256,6.46788156797331,7.01880809908155,6.91171049107143,192
"187",2018,1,6.86441441441441,222,7.00272108843537,6.59333333333333,6.39285714285714,6.86111111111111,6.86470588235294,147,75,14,18,204,16583,10366,6217,1213,3611,12972,6.93428191822951,7.16744829249469,6.54550877432845,6.46701566364386,7.01802201606203,6.91097128815911,193
"188",2018,2,6.84320261437909,153,7.04066037735849,6.39787234042553,6.03,7.29263157894737,6.7794776119403,106,47,10,19,134,16736,10472,6264,1223,3630,13106,6.93344927402007,7.16616491596639,6.54440102969348,6.46344235486508,7.01945936639118,6.90962685411262,194
"189",2018,3,6.75802919708029,137,6.89193548387097,6.475,6.30769230769231,7.14285714285714,6.68836206896552,93,44,13,21,116,16873,10565,6308,1236,3651,13222,6.93202495406863,7.16375097018457,6.54391693880786,6.46180420711974,7.02016913174473,6.90768564135532,195
"190",2018,4,6.7496875,128,7.06658227848101,6.23877551020408,5.48181818181818,6.7875,6.74428571428571,79,49,11,16,112,17001,10644,6357,1247,3667,13334,6.93065214105053,7.16302978203683,6.54156489696397,6.4531595829992,7.01915394055086,6.90631315059247,196
"191",2018,5,6.70654205607477,107,7.00967741935484,6.28888888888889,6,6.625,6.71684210526316,62,45,5,12,95,17108,10706,6402,1252,3679,13429,6.9292504705401,7.1621416962451,6.53978882380506,6.45134984025559,7.01786830660505,6.90497278650682,197
"192",2018,6,6.70715384615385,117,6.88731944444444,6.41888888888889,6.26923076923077,7.95,6.591,72,45,13,10,107,17225,10778,6447,1265,3689,13536,6.92774188969521,7.16030580812767,6.53894494338452,6.44947826086956,7.02039509352128,6.90249087987589,198
"193",2018,7,6.7953982300885,113,7.08354430379747,6.12588235294118,5.552,7.57846153846154,6.6936,79,34,10,13,100,17338,10857,6481,1275,3702,13636,6.92687934306148,7.15974725983237,6.53677797407807,6.44243921568627,7.02235480821178,6.9009589725726,199
"194",2018,8,6.7336036036036,111,6.85046875,6.57446808510638,6.66666666666667,7.05111111111111,6.70558823529412,64,47,6,9,102,17449,10921,6528,1281,3711,13738,6.92564983953235,7.15793480450508,6.5370493336397,6.44348946135831,7.02242454863918,6.89950841097685,200
"195",2018,9,6.48821428571429,112,6.63636363636364,6.34526315789474,5.5625,6.42307692307692,6.49676767676768,55,57,8,13,99,17561,10976,6585,1289,3724,13837,6.92285997665281,7.15532124635569,6.53538922551253,6.43802172226532,7.02033230397422,6.89662690973477,201
"196",2018,10,6.75952380952381,126,7.00963855421687,6.27674418604651,6.20833333333333,6.65,6.78269230769231,83,43,12,22,104,17687,11059,6628,1301,3746,13941,6.92169639000396,7.15422786870422,6.53371123264936,6.43590315142198,7.01815736785905,6.89577695645936,202
"197",2018,11,6.73602836879433,141,6.904125,6.5155737704918,6.20454545454545,6.99090909090909,6.68890756302521,80,61,11,22,119,17828,11139,6689,1312,3768,14060,6.92022795882881,7.15243163659215,6.53354582897294,6.43396341463415,7.01799827494692,6.89402607041252,203
"198",2018,12,6.72856259493671,158,6.83563448598131,6.50392156862745,6.38888888888889,6.80952380952381,6.71615248175183,107,51,9,21,137,17986,11246,6740,1321,3789,14197,6.91854425330813,7.14941747199004,6.53332166913946,6.43365632096896,7.01684283452098,6.89230960343735,204
"199",2019,1,6.87611111111111,180,7.05391304347826,6.56153846153846,6.36666666666667,6.884375,6.87530487804878,115,65,15,16,164,18166,11361,6805,1336,3805,14361,6.91812379940548,7.14845074289235,6.53359119030125,6.43290419161677,7.01628580814717,6.89211541257573,205
"200",2019,2,6.65874045801527,131,7.0303164556962,6.09423076923077,5.77272727272727,6.45652173913043,6.70180555555556,79,52,11,23,108,18297,11440,6857,1347,3828,14469,6.91626670711045,7.14763495541958,6.5302593043605,6.4275129918337,7.01292254440961,6.89069489529339,206
"201",2019,3,6.84909090909091,154,6.9646511627907,6.70294117647059,6.31428571428571,6.575,6.89,86,68,14,20,134,18451,11526,6925,1361,3848,14603,6.91570602894152,7.14626964167968,6.53195495306859,6.42634827332843,7.01064643970894,6.89068851879751,207
"202",2019,4,6.847421875,128,6.9647191011236,6.57974358974359,5.94,6.64444444444444,6.88063636363636,89,39,5,18,110,18579,11615,6964,1366,3866,14713,6.91523558533828,7.14487850968575,6.53222258041355,6.42456808199121,7.00894141231247,6.89061336505132,208
"203",2019,5,6.58176923076923,130,6.81597701149425,6.10790697674419,5.66666666666667,7.43888888888889,6.44401785714286,87,43,6,18,112,18709,11702,7007,1372,3884,14825,6.91291848522102,7.14243324987182,6.52961867418296,6.42125364431487,7.01093395983522,6.88723942259696,209
"204",2019,6,6.84672268907563,119,7.14942857142857,6.41428571428571,5.98888888888889,6.92307692307692,6.83735849056604,70,49,9,13,106,18828,11772,7056,1381,3897,14931,6.91250010303803,7.14247484624533,6.52881775085034,6.4184359160029,7.01064087759815,6.88688530172125,210
"205",2019,7,6.65664122137405,131,6.68195121951219,6.61428571428571,6.93428571428571,6.56625,6.66921739130435,82,49,7,16,115,18959,11854,7105,1388,3913,15046,6.91073220844981,7.13928917580564,6.52940718508093,6.42103746397694,7.00882379248658,6.88522161637645,211
"206",2019,8,6.74370871621622,148,6.92541372340426,6.42740740740741,5.55555555555556,6.74285714285714,6.74379768656716,94,54,9,14,134,19107,11948,7159,1397,3927,15180,6.90943846914743,7.13760652661533,6.52863780555943,6.41546170365068,7.00787560478737,6.88397321014493,212
"207",2019,9,6.8436692248062,129,7.0099205952381,6.53333333333333,5.95454545454545,6.58333333333333,6.87037034188034,84,45,11,12,117,19236,12032,7204,1408,3939,15297,6.90899740902474,7.1367151022274,6.52866713631316,6.41186079545454,7.00658225437928,6.88386916781068,213
"208",2019,10,6.70748091603053,131,6.94666666666667,6.32,5.78571428571429,6.98823529411765,6.66561403508772,81,50,7,17,114,19367,12113,7254,1415,3956,15411,6.90763433469303,7.13544424254933,6.52722884615384,6.40876325088339,7.00650341253792,6.88225466614756,214
"209",2019,11,6.69367903703704,135,6.95396082352941,6.2512,6.1,7.15789473684211,6.61764370689655,85,50,11,19,116,19502,12198,7304,1426,3975,15527,6.9061532576146,7.13417960157403,6.52533927300109,6.40638148667602,7.00722704402516,6.88027779545308,215
"210",2019,12,6.70458128078818,203,6.97464,6.27179487179487,5.71333333333333,6.925,6.68049180327869,125,78,15,20,183,19705,12323,7382,1441,3995,15710,6.90407667241817,7.13256129027023,6.52266026144676,6.39916724496877,7.0068153942428,6.87795056206238,216
"211",2020,1,6.72713178294574,258,6.93322147651007,6.4454128440367,6.04705882352941,6.7,6.73056768558952,149,109,17,29,229,19963,12472,7491,1458,4024,15939,6.90178985272754,7.13017982520847,6.52153625016686,6.39506172839506,7.00460424950298,6.8758330717109,217
"212",2020,2,6.64319587628866,194,6.9308,6.12217391304348,5.1,7.51,6.5435632183908,125,69,5,20,174,20157,12597,7560,1463,4044,16113,6.89930102842685,7.12820137969358,6.51789127645502,6.39063568010936,7.0071037339268,6.8722449779681,218
"213",2020,3,6.84523255813953,172,6.99398058252427,6.6231884057971,6.44444444444444,7.05909090909091,6.81386666666667,103,69,9,22,150,20329,12700,7629,1472,4066,16263,6.89884356485808,7.12711281732284,6.51884362957137,6.39096467391304,7.00738502213478,6.87170653200517,219
"214",2020,4,6.80188632530121,166,6.96481481481482,6.49850224137931,6.71428571428571,6.8,6.8021447260274,108,58,14,20,146,20495,12808,7687,1486,4086,16409,6.89805825616004,7.12574428326046,6.51869014960322,6.39401076716016,7.0063699216838,6.87108760192577,220
"215",2020,5,6.91774193548387,124,7.06710526315789,6.68125,6.33333333333333,6.66153846153846,6.94774774774775,76,48,12,13,111,20619,12884,7735,1498,4099,16520,6.89817663126243,7.12539838404223,6.51969892436975,6.39352469959947,7.00527628689924,6.87160269128329,221
"216",2020,6,7.04087301587302,126,7.0804347826087,6.93382352941176,6.5,7.06190476190476,7.03666666666667,92,34,2,21,105,20745,12976,7769,1500,4120,16625,6.89904333381538,7.12507959155364,6.52151128587978,6.39366666666667,7.00556492718446,6.8726452006015,222
"217",2020,7,6.76349206349206,126,6.95,6.49807692307692,5.6,6.16666666666667,6.80940170940171,74,52,9,9,117,20871,13050,7821,1509,4129,16742,6.8982249992813,7.12408680306514,6.5213554762818,6.38893306825712,7.00373637684669,6.8722032290049,223
"218",2020,8,6.57881944444444,144,6.68555555555556,6.40092592592593,6.04545454545455,6.375,6.604296875,90,54,11,16,128,21015,13140,7875,1520,4145,16870,6.89603635308113,7.12108316438356,6.52052967365079,6.38644736842105,7.00130940892642,6.8701705074096,224
"219",2020,9,6.69779411764706,136,6.9547619047619,6.28269230769231,5.875,7.5,6.59834710743802,84,52,8,15,121,21151,13224,7927,1528,4160,16991,6.89476166422391,7.12002667725348,6.51896949413397,6.38376963350785,7.00310757211538,6.86823473956801,225
"220",2020,10,6.60401459854015,137,6.79285714285714,6.30471698113208,6.04,6.84615384615385,6.57862903225806,84,53,10,13,124,21288,13308,7980,1538,4173,17115,6.89289054678692,7.11796158551248,6.51754651378446,6.3815344603381,7.00261861969806,6.86613651533742,226
"221",2020,11,6.55133757961783,157,6.79213483146067,6.23617647058824,6.09,6.59230769230769,6.54763888888889,89,68,9,13,144,21445,13397,8048,1547,4186,17259,6.89039001911867,7.11579702769277,6.51516913270377,6.37983839689722,7.00134436215958,6.86347913899994,227
"222",2020,12,6.84019704433498,203,7.0025304379562,6.50323227272727,6.11111111111111,7.6475,6.75196721311475,137,66,9,20,183,21648,13534,8114,1556,4206,17442,6.88991934405026,7.11465046918871,6.51507203721962,6.37828406169666,7.00441690442225,6.86230916523334,228
"223",2021,1,6.76124805687204,211,6.92874691729323,6.47564102564103,5.79166666666667,7.01666666666667,6.72846705882353,133,78,12,24,187,21859,13667,8192,1568,4230,17629,6.88867730911752,7.11284135435721,6.51469659545898,6.37379464285714,7.00448640661938,6.8608894321856,229
"224",2021,2,6.64968807017544,171,6.84179480769231,6.35149253731343,6.21538461538462,6.7037037037037,6.63956013888889,104,67,13,27,144,22030,13771,8259,1581,4257,17773,6.88682224058102,7.11079438312396,6.51337262501513,6.37249209361164,7.0025786939159,6.85909618297417,230
"225",2021,3,6.61973288461538,156,6.79333329787234,6.35653225806452,5.95041666666667,6.37088235294118,6.65016784172662,94,62,12,17,139,22186,13865,8321,1593,4274,17912,6.88494421211575,7.10864210457988,6.51220400312462,6.36931261770245,7.00006609733271,6.85747486545333,231
"226",2021,4,6.81,135,7.03125,6.48818181818182,6.04166666666667,6.678125,6.82773109243697,80,55,6,16,119,22321,13945,8376,1599,4290,18031,6.88449094081806,7.10819811975619,6.51204626432665,6.36808317698561,6.99886538461538,6.85727856413954,232
"227",2021,5,6.7098222,150,7.1094927173913,6.07586206896552,5.8,7.14705882352941,6.65393481203007,92,58,10,17,133,22471,14037,8434,1609,4307,18164,6.88332497975168,7.10820660468761,6.50904665757647,6.36455251709136,6.99945031344323,6.85578964545254,233
"228",2021,6,6.72075471698113,106,6.92794117647059,6.35,6.05,6.35,6.79659090909091,68,38,10,18,88,22577,14105,8472,1619,4325,18252,6.88256170527528,7.10733754767813,6.50833327549575,6.36260963557752,6.99674739884393,6.85550422529038,234
"229",2021,7,6.68767123287671,146,6.90843373493976,6.3968253968254,5.91666666666667,6.53846153846154,6.70225563909774,83,63,6,13,133,22723,14188,8535,1625,4338,18385,6.88130949346477,7.10617395756978,6.50751019449326,6.36096307692308,6.99537402028584,6.85439560076149,235
"230",2021,8,6.7258234751773,141,6.99772945652174,6.21530612244898,6.43555555555556,6.936,6.69108355371901,92,49,9,20,121,22864,14280,8584,1634,4358,18506,6.88035062674947,7.10547529551821,6.50584220759553,6.36137392900857,6.99510153740248,6.85332779801146,236
"231",2021,9,6.64424460431655,139,6.90388888888889,6.16734693877551,5.88888888888889,6.20454545454545,6.72692307692308,90,49,9,22,117,23003,14370,8633,1643,4380,18623,6.87892391122897,7.10421275017398,6.50392094405189,6.35878575776019,6.99113070776256,6.85253365354669,237
"232",2021,10,6.70184912408759,137,6.91034482758621,6.3390666,5.5,6.25,6.7298707751938,87,50,12,8,129,23140,14457,8683,1655,4388,18752,6.87787554278306,7.10304608286643,6.50297165035126,6.35255891238671,6.98977951230629,6.85168982295222,238
"233",2021,11,6.69892857142857,140,6.86858974358974,6.48548387096774,6.23333333333333,7.33333333333333,6.6705223880597,78,62,9,6,134,23280,14535,8745,1664,4394,18886,6.87679940120275,7.10178790643275,6.50284766609491,6.3519140625,6.99024863450159,6.85040440326168,239
"234",2021,12,6.72240104166667,192,6.98959504132231,6.26704225352113,5.75384615384615,7.38868181818182,6.63617647058823,121,71,13,22,170,23472,14656,8816,1677,4416,19056,6.8755364289366,7.10086164164847,6.50094859800363,6.3472778771616,6.99223358242754,6.84849325986566,240
"235",2022,1,6.63482866043614,321,6.87833333333333,6.21025641025641,5.9,6.72162162162162,6.62352112676056,204,117,15,37,284,23793,14860,8933,1692,4453,19340,6.87228895305342,7.09780674427995,6.49714125601701,6.34331264775414,6.98998506624747,6.84518963598759,241
"236",2022,2,6.66015957446808,188,6.81454545454545,6.38134328358209,6.4,6.82368421052632,6.64177514792899,121,67,8,19,169,23981,14981,9000,1700,4472,19509,6.87062595638213,7.09551887190441,6.49627920444444,6.34357941176471,6.98927851073345,6.84342752370701,242
"237",2022,3,6.84799350649351,154,7.14174489795918,6.33392857142857,6,6.79736842105263,6.85511851851852,98,56,13,19,135,24135,15079,9056,1713,4491,19644,6.87048154381603,7.09581929968831,6.49527526943463,6.34097197898424,6.9884665998664,6.84350786805131,243
"238",2022,4,6.77730496453901,141,6.86122448979592,6.58604651162791,5.88,7.055,6.75610687022901,98,43,5,10,131,24276,15177,9099,1718,4501,19775,6.86994035508321,7.09430448837056,6.49570423563029,6.33963038416764,6.988614419018,6.8429288778761,244
"239",2022,5,6.78804347826087,138,7.17565789473684,6.31290322580645,5.61111111111111,6.79230769230769,6.7876,76,62,9,13,125,24414,15253,9161,1727,4514,19900,6.86947743343983,7.0947098419983,6.49446707128043,6.33583381586566,6.98804906956136,6.84258133467337,245
"240",2022,6,6.65698529411765,136,6.88239436619718,6.41076923076923,6.22222222222222,6.85,6.63483606557377,71,65,9,14,122,24550,15324,9226,1736,4528,20022,6.86830028757637,7.0937261302532,6.4938773943204,6.3352448156682,6.98762223939929,6.84131548097093,246
"241",2022,7,6.51912751677852,149,6.83235294117647,6.103125,6.5,6.53846153846154,6.51727941176471,85,64,7,13,136,24699,15409,9290,1743,4541,20158,6.86619385643143,7.09228432863911,6.4911854510226,6.33590648307516,6.98633637965206,6.83912930647882,247
"242",2022,8,6.81138157894737,152,7.14452631578947,6.25614035087719,5.61111111111111,7.02,6.77031496062992,95,57,9,25,127,24851,15504,9347,1752,4566,20285,6.86585859965394,7.09260443885449,6.48975209585963,6.33218321917808,6.98652069645204,6.83869847473502,248
"243",2022,9,6.41091319327731,119,6.4542646031746,6.36214285714286,5.984,6.3025,6.4277540776699,63,56,10,16,103,24970,15567,9403,1762,4582,20388,6.8636904577493,7.0900210631464,6.48899211315537,6.33020715096481,6.98413214753383,6.83662238718854,249
"244",2022,10,6.66419117647059,136,6.62678571428571,6.72461538461538,7,6.77857142857143,6.65106557377049,84,52,3,14,122,25106,15651,9455,1765,4596,20510,6.86260976380148,7.08753484697464,6.49028797884717,6.33134560906516,6.98350598346388,6.83551863627499,250
"245",2022,11,6.95874732484076,157,7.08721010869565,6.77692307692308,7.09285714285714,7.14736842105263,6.93277775362319,92,65,7,19,138,25263,15743,9520,1772,4615,20648,6.86320722242014,7.08753294924728,6.49224504621848,6.33435383747178,6.98418060671723,6.83616866330879,251
"246",2022,12,6.84414932291667,192,6.95743801652893,6.65107985915493,5.625,7.11785714285714,6.7974187195122,121,71,8,28,164,25455,15864,9591,1780,4643,20812,6.86306347397368,7.08654067196168,6.49342086435199,6.33116573033708,6.98498675425372,6.83586331107053,252
