"","year","month","avg_rating","no_ratings","avg_rating_owned","avg_rating_not_owned","avg_rating_prev_owned","avg_rating_comment","avg_rating_no_comment","no_ratings_owned","no_ratings_not_owned","no_ratings_prev_owned","no_ratings_comment","no_ratings_no_comment","cum_no_ratings","cum_no_ratings_owned","cum_no_ratings_not_owned","cum_no_ratings_prev_owned","cum_no_ratings_comment","cum_no_ratings_no_comment","cum_avg_rating","cum_avg_rating_owned","cum_avg_rating_not_owned","cum_avg_rating_prev_owned","cum_avg_rating_comment","cum_avg_rating_no_comment","month_after_release"
"1",2001,10,6.25,2,6,6.5,NA,6.25,NA,1,1,0,2,0,2,1,1,0,2,0,6.25,6,6.5,NA,6.25,NA,-10
"2",2001,11,10,1,NA,10,NA,10,NA,0,1,0,1,0,3,1,2,0,3,0,7.5,6,8.25,NA,7.5,NA,-9
"3",2001,12,6,1,NA,6,NA,NA,6,0,1,0,0,1,4,1,3,0,3,1,7.125,6,7.5,NA,7.5,6,-8
"4",2002,1,3.66666666666667,3,4.5,2,NA,4,3,2,1,0,2,1,7,3,4,0,5,2,5.64285714285714,5,6.125,NA,6.1,4.5,-7
"5",2002,2,5.66666666666667,6,6.33333333333333,5,NA,NA,5.66666666666667,3,3,0,0,6,13,6,7,0,5,8,5.65384615384615,5.66666666666667,5.64285714285714,NA,6.1,5.375,-6
"6",2002,3,6,1,6,NA,NA,NA,6,1,0,0,0,1,14,7,7,0,5,9,5.67857142857143,5.71428571428571,5.64285714285714,NA,6.1,5.44444444444444,-5
"7",2002,4,5,1,NA,5,NA,NA,5,0,1,0,0,1,15,7,8,0,5,10,5.63333333333333,5.71428571428571,5.5625,NA,6.1,5.4,-4
"8",2002,5,6,1,NA,6,NA,NA,6,0,1,0,0,1,16,7,9,0,5,11,5.65625,5.71428571428571,5.61111111111111,NA,6.1,5.45454545454545,-3
"9",2002,6,6.5,2,6.5,NA,NA,6.5,NA,2,0,0,2,0,18,9,9,0,7,11,5.75,5.88888888888889,5.61111111111111,NA,6.21428571428571,5.45454545454545,-2
"10",2002,7,7.3,2,7.1,7.5,NA,7.5,7.1,1,1,0,1,1,20,10,10,0,8,12,5.905,6.01,5.8,NA,6.375,5.59166666666667,-1
"11",2002,8,7.83333333333333,6,8.4,5,NA,6.66666666666667,9,5,1,0,3,3,26,15,11,0,11,15,6.35,6.80666666666667,5.72727272727273,NA,6.45454545454545,6.27333333333333,0
"12",2002,9,6.66666666666667,6,7,6,NA,6.5,7,4,2,0,4,2,32,19,13,0,15,17,6.409375,6.84736842105263,5.76923076923077,NA,6.46666666666667,6.35882352941176,1
"13",2002,10,6.66666666666667,3,7.5,5,5,8,6,2,1,1,1,2,35,21,14,1,16,19,6.43142857142857,6.90952380952381,5.71428571428571,5,6.5625,6.32105263157895,2
"14",2002,11,5.33333333333333,3,5.5,5,NA,6,5,2,1,0,1,2,38,23,15,1,17,21,6.34473684210526,6.78695652173913,5.66666666666667,5,6.52941176470588,6.19523809523809,3
"15",2002,12,6.8,5,6.8,NA,NA,7.33333333333333,6,5,0,0,3,2,43,28,15,1,20,23,6.39767441860465,6.78928571428571,5.66666666666667,5,6.65,6.17826086956522,4
"16",2003,1,5.94444444444444,9,6.33333333333333,5.16666666666667,3,4.75,6.28571428571429,6,3,1,2,7,52,34,18,2,22,30,6.31923076923077,6.70882352941176,5.58333333333333,4,6.47727272727273,6.20333333333333,5
"17",2003,2,6,4,6.66666666666667,4,NA,6,6,3,1,0,2,2,56,37,19,2,24,32,6.29642857142857,6.70540540540541,5.5,4,6.4375,6.190625,6
"18",2003,3,7.83333333333333,3,7.83333333333333,NA,NA,NA,7.83333333333333,3,0,0,0,3,59,40,19,2,24,35,6.37457627118644,6.79,5.5,4,6.4375,6.33142857142857,7
"19",2003,4,6.5,4,7,6.33333333333333,6,NA,6.5,1,3,2,0,4,63,41,22,4,24,39,6.38253968253968,6.79512195121951,5.61363636363636,5,6.4375,6.34871794871795,8
"20",2003,5,5.21428571428571,14,5.44444444444444,4.8,NA,4.91666666666667,7,9,5,0,12,2,77,50,27,4,36,41,6.17012987012987,6.552,5.46296296296296,5,5.93055555555556,6.38048780487805,9
"21",2003,6,5.66666666666667,12,6.78571428571429,4.1,NA,5.64285714285714,5.7,7,5,0,7,5,89,57,32,4,43,46,6.10224719101124,6.58070175438597,5.25,5,5.88372093023256,6.30652173913044,10
"22",2003,7,5.8962962962963,27,6.61333333333333,5,6,6.5,5.64210526315789,15,12,1,8,19,116,72,44,5,51,65,6.05431034482759,6.5875,5.18181818181818,5.2,5.98039215686275,6.11230769230769,11
"23",2003,8,5.33333333333333,12,6,4.4,5,5.33333333333333,5.33333333333333,7,5,1,6,6,128,79,49,6,57,71,5.98671875,6.53544303797468,5.10204081632653,5.16666666666667,5.91228070175439,6.04647887323944,12
"24",2003,9,5.23333333333333,15,5.5,4.83333333333333,6,5.72222222222222,4.5,9,6,1,9,6,143,88,55,7,66,77,5.90769230769231,6.42954545454545,5.07272727272727,5.28571428571429,5.88636363636364,5.92597402597403,13
"25",2003,10,7,7,7,7,NA,7.66666666666667,6.5,6,1,0,3,4,150,94,56,7,69,81,5.95866666666667,6.46595744680851,5.10714285714286,5.28571428571429,5.96376811594203,5.95432098765432,14
"26",2003,11,8,3,8,NA,NA,8,8,3,0,0,2,1,153,97,56,7,71,82,5.99869281045752,6.51340206185567,5.10714285714286,5.28571428571429,6.02112676056338,5.97926829268293,15
"27",2003,12,5.64285714285714,7,6.6,3.25,NA,4.66666666666667,6.375,5,2,0,3,4,160,102,58,7,74,86,5.983125,6.51764705882353,5.04310344827586,5.28571428571429,5.96621621621622,5.99767441860465,16
"28",2004,1,5.92307692307692,13,6.5,4,NA,5.71428571428571,6.16666666666667,10,3,0,7,6,173,112,61,7,81,92,5.97861271676301,6.51607142857143,4.99180327868852,5.28571428571429,5.94444444444444,6.00869565217391,17
"29",2004,2,6.65,10,7.57142857142857,4.5,NA,6.2,7.1,7,3,0,5,5,183,119,64,7,86,97,6.01530054644809,6.5781512605042,4.96875,5.28571428571429,5.9593023255814,6.06494845360825,18
"30",2004,3,4.18181818181818,11,4.875,2.33333333333333,NA,4.5,4.11111111111111,8,3,0,2,9,194,127,67,7,88,106,5.91134020618557,6.47086614173228,4.85074626865672,5.28571428571429,5.92613636363636,5.89905660377359,19
"31",2004,4,7,11,7.125,6.66666666666667,NA,7.375,6.78571428571429,8,3,0,4,7,205,135,70,7,92,113,5.96975609756098,6.50962962962963,4.92857142857143,5.28571428571429,5.98913043478261,5.95398230088496,20
"32",2004,5,6.30769230769231,13,6.7,5,6,6.5,6,10,3,1,8,5,218,145,73,8,100,118,5.98990825688073,6.52275862068965,4.93150684931507,5.375,6.03,5.95593220338983,21
"33",2004,6,5.90625,16,6.54545454545455,4.5,6.5,4.83333333333333,6.55,11,5,1,6,10,234,156,78,9,106,128,5.98418803418803,6.52435897435897,4.90384615384615,5.5,5.9622641509434,6.00234375,22
"34",2004,7,6.125,8,6.33333333333333,5.5,NA,6,6.25,6,2,0,4,4,242,162,80,9,110,132,5.98884297520661,6.51728395061728,4.91875,5.5,5.96363636363636,6.00984848484849,23
"35",2004,8,6.35,10,7.25,5,NA,6.75,6.08333333333333,6,4,0,4,6,252,168,84,9,114,138,6.0031746031746,6.54345238095238,4.92261904761905,5.5,5.99122807017544,6.01304347826087,24
"36",2004,9,6.30952380952381,21,6.625,5.3,4.33333333333333,6.1875,6.38461538461539,16,5,3,8,13,273,184,89,12,122,151,6.02673992673993,6.55054347826087,4.9438202247191,5.20833333333333,6.00409836065574,6.04503311258278,25
"37",2004,10,6.19230769230769,26,6.52380952380952,4.8,5,6,6.33333333333333,21,5,2,11,15,299,205,94,14,133,166,6.04113712374582,6.54780487804878,4.93617021276596,5.17857142857143,6.00375939849624,6.0710843373494,26
"38",2004,11,5.42307692307692,26,6.14285714285714,4.58333333333333,6.25,5,5.91666666666667,14,12,4,14,12,325,219,106,18,147,178,5.99169230769231,6.52191780821918,4.89622641509434,5.41666666666667,5.90816326530612,6.06067415730337,27
"39",2004,12,5.63333333333333,15,7,4.4375,6.5,3.5,7.05555555555556,7,8,1,6,9,340,226,114,19,153,187,5.97588235294118,6.53672566371681,4.8640350877193,5.47368421052632,5.81372549019608,6.10855614973262,28
"40",2005,1,5.82948717948718,39,6.594,4.46428571428571,5.5,5.55666666666667,6,25,14,4,15,24,379,251,128,23,168,211,5.96081794195251,6.54243027888446,4.8203125,5.47826086956522,5.79077380952381,6.09620853080569,29
"41",2005,2,5.6525,40,6.71428571428571,4.47894736842105,5.5,6.03529411764706,5.3695652173913,21,19,2,17,23,419,272,147,25,185,234,5.93138424821002,6.55569852941176,4.77619047619048,5.48,5.81324324324324,6.02478632478633,30
"42",2005,3,5.248,44,6.32226086956522,4.07142857142857,2.5,5.04145454545455,5.45454545454545,23,21,2,22,22,463,295,168,27,207,256,5.86644060475162,6.53749830508474,4.68809523809524,5.25925925925926,5.73121739130435,5.97578125,31
"43",2005,4,6.16666666666667,24,6.78125,4.9375,6.5,5.80769230769231,6.59090909090909,16,8,1,13,11,487,311,176,28,220,267,5.88123613963039,6.550038585209,4.69943181818182,5.30357142857143,5.73573636363636,6.00112359550562,32
"44",2005,5,5.60526315789474,19,6.95454545454545,3.75,NA,5.04166666666667,6.57142857142857,11,8,0,12,7,506,322,184,28,232,274,5.87087351778656,6.56385714285714,4.65815217391304,5.30357142857143,5.69983620689655,6.01569343065693,33
"45",2005,6,5.40384615384615,26,6.40625,3.8,NA,5.40625,5.4,16,10,0,16,10,532,338,194,28,248,284,5.84804887218045,6.55639644970414,4.6139175257732,5.30357142857143,5.68089516129032,5.99401408450704,34
"46",2005,7,5.95833333333333,36,6.78571428571429,4.8,1,5.60526315789474,6.35294117647059,21,15,1,19,17,568,359,209,29,267,301,5.85503873239437,6.56981058495822,4.62727272727273,5.1551724137931,5.67551310861423,6.01428571428572,35
"47",2005,8,5.34210526315789,38,6.0625,4.10714285714286,5.625,5.27272727272727,5.4375,24,14,4,22,16,606,383,223,33,289,317,5.82287458745875,6.53802088772846,4.59461883408072,5.21212121212121,5.64485121107266,5.98517350157729,36
"48",2005,9,6.19444444444444,27,6.55,5.75,6.5,5.91666666666667,6.54166666666667,15,12,2,15,12,633,398,235,35,304,329,5.83872353870458,6.53847236180904,4.6536170212766,5.28571428571429,5.65826315789474,6.00547112462006,37
"49",2005,10,5.58333333333333,30,6.67857142857143,4.625,5.66666666666667,5.25,6.25,14,16,3,20,10,663,412,251,38,324,339,5.82716742081448,6.54323300970874,4.65179282868526,5.31578947368421,5.63306172839506,6.01268436578171,38
"50",2005,11,5.859375,32,6.6304347826087,3.88888888888889,4,5.14705882352941,6.66666666666667,23,9,1,17,15,695,435,260,39,341,354,5.82865035971223,6.54784367816092,4.62538461538462,5.28205128205128,5.60883284457478,6.04039548022599,39
"51",2005,12,5.72758620689655,29,6.34666666666667,5.06428571428571,5.5,5.31818181818182,5.97777777777778,15,14,2,11,18,724,450,274,41,352,372,5.82460220994475,6.54113777777778,4.6478102189781,5.29268292682927,5.59975,6.03736559139785,40
"52",2006,1,5.77083333333333,48,5.98648648648649,5.04545454545455,6.66666666666667,5.6304347826087,5.9,37,11,3,23,25,772,487,285,44,375,397,5.82125906735751,6.49899794661191,4.66315789473684,5.38636363636364,5.601632,6.02871536523929,41
"53",2006,2,5.5,25,6.2,4.45,6.125,5.60714285714286,5.36363636363636,15,10,4,14,11,797,502,295,48,389,408,5.81118193224592,6.49006374501992,4.65593220338983,5.44791666666667,5.60183033419023,6.01078431372549,42
"54",2006,3,5.90322580645161,31,6.69444444444444,4.80769230769231,5.5,5.45,6.11904761904762,18,13,4,10,21,828,520,308,52,399,429,5.81462801932367,6.49713846153846,4.66233766233766,5.45192307692308,5.59802506265664,6.01608391608392,43
"55",2006,4,5.64705882352941,17,5.85714285714286,4.66666666666667,NA,6.28571428571429,5.2,14,3,0,7,10,845,534,311,52,406,439,5.81125680473373,6.4803595505618,4.66237942122187,5.45192307692308,5.60988177339901,5.99749430523918,44
"56",2006,5,5.69444444444444,18,5.53846153846154,6.1,5,5.9,5.61538461538461,13,5,1,5,13,863,547,316,53,411,452,5.80882039397451,6.45797440585009,4.68512658227848,5.44339622641509,5.61341119221411,5.98650442477876,45
"57",2006,6,6.11607142857143,28,6.68055555555556,5.1,5.66666666666667,5.83928571428571,6.39285714285714,18,10,3,14,14,891,565,326,56,425,466,5.8184758698092,6.46506548672566,4.6978527607362,5.45535714285714,5.62085176470588,5.99871244635193,46
"58",2006,7,5.37931034482759,29,6,4.2,6,4.5,6,19,10,2,12,17,920,584,336,58,437,483,5.80463260869565,6.44993493150685,4.68303571428572,5.47413793103448,5.59007322654462,5.99875776397516,47
"59",2006,8,5.84583333333333,24,5.79444444444444,6,NA,5.37777777777778,6.12666666666667,18,6,0,9,15,944,602,342,58,446,498,5.80568008474576,6.43033554817276,4.70614035087719,5.47413793103448,5.58578923766816,6.00261044176707,48
"60",2006,9,5.65,40,5.72916666666667,5.53125,5.33333333333333,5.5,5.74,24,16,3,15,25,984,626,358,61,461,523,5.79935162601626,6.40345367412141,4.74301675977654,5.4672131147541,5.5829978308026,5.99005736137667,49
"61",2006,10,5.51666666666667,30,6.25,4.875,4,5.26666666666667,5.76666666666667,14,16,1,15,15,1014,640,374,62,476,538,5.79098816568047,6.400096875,4.74866310160428,5.44354838709677,5.5730294117647,5.98382899628253,50
"62",2006,11,5.41372549019608,51,5.73793103448276,4.98636363636364,5.02222222222222,4.89285714285714,5.61081081081081,29,22,9,14,37,1065,669,396,71,490,575,5.7729220657277,6.37139312406577,4.76186868686869,5.39014084507042,5.55359591836735,5.95982608695652,51
"63",2006,12,5.8125,48,6.28125,4.875,6,6.13636363636364,5.71621621621622,32,16,3,11,37,1113,701,412,74,501,612,5.77462893081761,6.36727817403709,4.76626213592233,5.41486486486486,5.56639121756487,5.94509803921569,52
"64",2007,1,5.67142857142857,49,6.13,4.94736842105263,6.5,4.52,6.17941176470588,30,19,3,15,34,1162,731,431,77,516,646,5.77027710843374,6.35754035567715,4.77424593967518,5.45714285714286,5.53597286821705,5.95743034055728,53
"65",2007,2,5.71348509433962,53,6.28,4.61192833333333,4.5,5.16666666666667,6.0723346875,35,18,2,21,32,1215,766,449,79,537,678,5.76779976131687,6.35399738903394,4.76773877505568,5.43291139240506,5.52153072625698,5.96285355457227,54
"66",2007,3,5.782,50,6.43870967741935,4.71052631578947,6.26666666666667,5.5,5.90285714285714,31,19,3,15,35,1265,797,468,82,552,713,5.76836103557312,6.35729234629862,4.76541604700855,5.46341463414634,5.52094565217391,5.95990842917251,55
"67",2007,4,6.20151515151515,33,6.34464285714286,5.4,3,6.09090909090909,6.25681818181818,28,5,1,11,22,1298,825,473,83,563,735,5.77937342835131,6.35686303030303,4.77212412262157,5.43373493975904,5.53208170515098,5.96879552380952,56
"68",2007,5,5.42820512820513,39,5.9875,4.53333333333333,6,5.35625,5.47826086956522,24,15,3,16,23,1337,849,488,86,579,758,5.76912992520568,6.34642167255595,4.76478424180328,5.45348837209302,5.52722279792746,5.95391122691293,57
"69",2007,6,6.12790697674419,43,6.54838709677419,5.04166666666667,6,5.92307692307692,6.21666666666667,31,12,2,13,30,1380,880,500,88,592,788,5.78030921014493,6.35353636363636,4.77142942,5.46590909090909,5.53591554054054,5.96391460659898,58
"70",2007,7,5.98837209302326,43,6.03571428571429,5.9,6,4.71428571428571,6.23611111111111,28,15,4,7,36,1423,908,515,92,599,824,5.78659642304989,6.34373568281938,4.80430040776699,5.48913043478261,5.52631385642738,5.9758066868932,59
"71",2007,8,6.05084745762712,59,6.52093023255814,4.7875,5.5,5.60434782608696,6.33611111111111,43,16,2,23,36,1482,951,531,94,622,860,5.79711653846154,6.3517476340694,4.80379418079096,5.48936170212766,5.52919935691318,5.99088919767442,60
"72",2007,9,5.9734693877551,49,6.43783783783784,4.54166666666667,6.25,5.78571428571429,6.04857142857143,37,12,2,14,35,1531,988,543,96,636,895,5.80276075114304,6.35497165991903,4.79800130755065,5.50520833333333,5.53484591194968,5.9931449273743,61
"73",2007,10,5.59791666666667,48,5.96486486486486,4.36363636363636,4.4,6.07142857142857,5.40294117647059,37,11,5,14,34,1579,1025,554,101,650,929,5.79653369854338,6.34088975609756,4.78937673285199,5.45049504950495,5.54640307692308,5.97154435952637,62
"74",2007,11,6.07627118644068,59,6.525,5.13157894736842,6,5.42857142857143,6.43421052631579,40,19,2,21,38,1638,1065,573,103,671,967,5.80660971306471,6.34780469483568,4.8007237521815,5.46116504854369,5.54271535022355,5.98972565667011,63
"75",2007,12,5.60333333333333,60,6.0425,4.725,5,5.27142857142857,5.78205128205128,40,20,2,21,39,1698,1105,593,105,692,1006,5.79942680212014,6.33675294117647,4.79816983136594,5.45238095238095,5.53448265895954,5.98167466202783,64
"76",2008,1,5.86139240506329,79,6.431,4.87931034482759,6,4.93421052631579,6.155,50,29,5,19,60,1777,1155,622,110,711,1066,5.80218160382667,6.3408329004329,4.80195290996785,5.47727272727273,5.51844163150492,5.99143030956848,65
"77",2008,2,6.26063829787234,47,6.7890625,5.13333333333333,5.5,5.5,6.55147058823529,32,15,4,13,34,1824,1187,637,114,724,1100,5.81399490679825,6.35291659646167,4.8097562166405,5.4780701754386,5.51811049723757,6.00874064545455,66
"78",2008,3,5.9,62,6.43720930232558,4.68421052631579,4.57142857142857,4.82352941176471,6.30666666666667,43,19,7,17,45,1886,1230,656,121,741,1145,5.81682222163309,6.35586341463415,4.8061199847561,5.42561983471074,5.50217543859649,6.02044952838428,67
"79",2008,4,6.18888888888889,45,6.60294117647059,4.90909090909091,6.5,5.38333333333333,6.72592592592593,34,11,2,18,27,1931,1264,667,123,759,1172,5.82549285862248,6.36250949367089,4.80781815592204,5.44308943089431,5.49935704874835,6.03670197098976,68
"80",2008,5,5.95769230769231,52,6.74285714285714,4.34117647058823,5.33333333333333,5.27619047619048,6.41935483870968,35,17,3,21,31,1983,1299,684,126,780,1203,5.82895951084216,6.37275750577367,4.79622033625731,5.44047619047619,5.49334871794872,6.04656251870324,69
"81",2008,6,5.94358974358974,39,6.62222222222222,4.41666666666667,6.5,5.03846153846154,6.39615384615385,27,12,2,13,26,2022,1326,696,128,793,1229,5.83117047972305,6.3778371040724,4.78967630747127,5.45703125,5.48589155107188,6.05395826688365,70
"82",2008,7,5.92,57,6.30388888888889,5.26190476190476,4.65,5.10875,6.23658536585366,36,21,10,16,41,2079,1362,717,138,809,1270,5.83360592111592,6.3758825256975,4.80350726638773,5.39855072463768,5.4784326328801,6.05985410236221,71
"83",2008,8,5.63684210526316,57,6.44333333333333,4.74074074074074,4.07142857142857,5.28571428571429,5.84166666666667,30,27,14,21,36,2136,1392,744,152,830,1306,5.82835520131086,6.37733620689655,4.80122944892473,5.27631578947368,5.47355662650602,6.05383974732006,72
"84",2008,9,5.86339285714286,56,5.86212121212121,5.86521739130435,6.325,5.51136363636364,6.09117647058823,33,23,12,22,34,2192,1425,767,164,852,1340,5.82925032390511,6.3654049122807,4.83313521512386,5.35304878048781,5.47453286384976,6.05478709701493,73
"85",2008,10,5.54782608695652,46,6.12307692307692,4.8,5,4.69230769230769,5.88484848484848,26,20,8,13,33,2238,1451,787,172,865,1373,5.82346591152815,6.36106271536871,4.83229315120712,5.33662790697674,5.46277687861271,6.05070262927895,74
"86",2008,11,5.234,50,6.24074074074074,4.05217391304348,3.57,4.12142857142857,5.66666666666667,27,23,10,14,36,2288,1478,810,182,879,1409,5.8105842263986,6.35886468200271,4.81014161728395,5.23956043956044,5.44141296928327,6.04089049680625,75
"87",2008,12,5.96078431372549,51,6.421875,5.18421052631579,4.85,5.11538461538461,6.25,32,19,10,13,38,2339,1510,829,192,892,1447,5.81385921761437,6.3602,4.81871496984319,5.21927083333333,5.43666143497758,6.04638196959226,76
"88",2009,1,6.04,65,6.42564102564103,5.46153846153846,4.79166666666667,5.86470588235294,6.10208333333333,39,26,12,17,48,2404,1549,855,204,909,1495,5.81997367304493,6.36184764364106,4.83826281871345,5.19411764705882,5.44466666666666,6.04817037458194,77
"89",2009,2,5.61428571428571,70,6.12954545454545,4.74230769230769,4.61111111111111,4.99285714285714,5.76964285714286,44,26,9,14,56,2474,1593,881,213,923,1551,5.81415388439774,6.35543126177025,4.83543099886493,5.16948356807512,5.43781365113759,6.03811393294649,78
"90",2009,3,5.86492537313433,67,6.5,5.24852941176471,4.625,5.0625,6.31279069767442,33,34,16,24,43,2541,1626,915,229,947,1594,5.81549260527351,6.35836531365314,4.85078110382514,5.13144104803493,5.42830200633579,6.0455236574655,79
"91",2009,4,5.77530120481928,83,6.13125,5.28714285714286,5.55357142857143,5.20833333333333,5.93230769230769,48,35,14,18,65,2624,1674,950,243,965,1659,5.81422130716463,6.35185304659498,4.86685758947369,5.15576131687243,5.42419896373057,6.04108783001808,80
"92",2009,5,5.74225352112676,71,6.07777777777778,5.16153846153846,4.4,5.84210526315789,5.70576923076923,45,26,10,19,52,2695,1719,976,253,984,1711,5.81232530983303,6.34467830133799,4.87470769467213,5.12588932806324,5.43226829268292,6.03089696668615,81
"93",2009,6,5.47368421052632,57,5.65384615384615,5.32258064516129,5.26923076923077,5.07142857142857,5.70833333333333,26,31,13,21,36,2752,1745,1007,266,1005,1747,5.80531130450582,6.33438510028653,4.88849524329692,5.13289473684211,5.42472835820895,6.02424997710361,82
"94",2009,7,5.68548387096774,62,6.28571428571429,4.90740740740741,5.04545454545455,5.65454545454545,5.6921568627451,35,27,11,11,51,2814,1780,1034,277,1016,1798,5.80267118336887,6.33342808988764,4.88898908123791,5.12942238267148,5.42721653543307,6.01483020578421,83
"95",2009,8,5.69642857142857,56,6.5,4.94827586206897,4.92307692307692,5.80555555555556,5.64473684210526,27,29,13,18,38,2870,1807,1063,290,1034,1836,5.80059815679443,6.33591698948533,4.89060650047037,5.1201724137931,5.43380270793036,6.00717032135076,84
"96",2009,9,5.70943396226415,53,6.40666666666667,4.8,4.29,4.75882352941176,6.15833333333333,30,23,10,17,36,2923,1837,1086,300,1051,1872,5.79894516250428,6.33707240065324,4.88868757826888,5.0925,5.4228848715509,6.01007730235043,85
"97",2009,10,5.75909090909091,66,6.14736842105263,5.23214285714286,4.61111111111111,5.6,5.80588235294118,38,28,9,15,51,2989,1875,1114,309,1066,1923,5.79806514218802,6.33322773333333,4.8973202064632,5.07847896440129,5.42537711069418,6.00466183567343,86
"98",2009,11,5.99736842105263,76,6.58536585365854,5.30857142857143,5.41071428571429,5.25,6.21271186440678,41,35,14,17,59,3065,1916,1149,323,1083,1982,5.80300708319739,6.33862317327766,4.90984744125326,5.09287925696594,5.42262419205909,6.01085505045409,87
"99",2009,12,5.60548780487805,82,6.10510204081633,4.86363636363636,4.5,4.8875,5.83709677419355,49,33,10,20,62,3147,1965,1182,333,1103,2044,5.7978604099142,6.3328,4.90855728426396,5.07507507507508,5.41292112420671,6.00558449608611,88
"100",2010,1,5.60595238095238,84,6.18679245283019,4.61290322580645,4.64285714285714,4.15909090909091,6.11935483870968,53,31,14,22,62,3231,2018,1213,347,1125,2106,5.79287115753637,6.32896531219029,4.90100140972795,5.05763688760807,5.38840177777777,6.00893386039886,89
"101",2010,2,5.7952380952381,63,6.33783783783784,5.02307692307692,5.37777777777778,6.16666666666667,5.7078431372549,37,26,9,12,51,3294,2055,1239,356,1137,2157,5.79291642683667,6.32912506082725,4.90356312348668,5.06573033707865,5.39661565523307,6.00181488641632,90
"102",2010,3,6.17791044776119,67,6.37488372093023,5.825,5.25,6.21764705882353,6.1644,43,24,10,17,50,3361,2098,1263,366,1154,2207,5.80059110681345,6.33006291706387,4.92107261282661,5.0707650273224,5.40871057192374,6.00549828273675,91
"103",2010,4,5.6051724137931,58,6.15555555555556,4.70454545454545,5.28571428571429,5.125,5.78809523809524,36,22,7,16,42,3419,2134,1285,373,1170,2249,5.79727601930389,6.32711902530459,4.91736553307393,5.07479892761394,5.40483076923077,6.00143828812806,92
"104",2010,5,5.425,52,5.64838709677419,5.09523809523809,4.83333333333333,4.91,5.54761904761905,31,21,9,10,42,3471,2165,1306,382,1180,2291,5.79169885047537,6.31740046189377,4.92022565849924,5.06910994764398,5.40063728813559,5.99311859886513,93
"105",2010,6,5.79166666666667,48,6.26571428571429,4.51538461538462,4.875,5.18181818181818,5.97297297297297,35,13,4,11,37,3519,2200,1319,386,1191,2328,5.79169841148053,6.31657818181818,4.91623556482184,5.06709844559585,5.39861628883291,5.99279841494845,94
"106",2010,7,6.20526315789474,57,6.51666666666667,5.33333333333333,4.83333333333333,5.953125,6.30365853658537,42,15,6,16,41,3576,2242,1334,392,1207,2369,5.79829046700224,6.32032649420161,4.92092556971514,5.06352040816327,5.40596685998343,5.99817843393837,95
"107",2010,8,5.53617021276596,47,5.85,4.86666666666667,5.28571428571429,5.05384615384615,5.72058823529412,32,15,7,13,34,3623,2274,1349,399,1220,2403,5.79489006624344,6.31370800351803,4.92032224610823,5.06741854636592,5.40221475409836,5.99425081564711,96
"108",2010,9,5.55098039215686,51,6.10294117647059,4.44705882352941,4.86,4.9,5.82222222222222,34,17,5,15,36,3674,2308,1366,404,1235,2439,5.79150427599347,6.31060311958406,4.91443243777453,5.06485148514852,5.39611497975708,5.99171164821648,97
"109",2010,10,5.63549019607843,51,6.39689655172414,4.63181818181818,6.16666666666667,5.344375,5.76857142857143,29,22,3,16,35,3725,2337,1388,407,1251,2474,5.7893682442953,6.31167394094994,4.9099529610951,5.07297297297297,5.39545323741007,5.98855485448666,98
"110",2010,11,5.9,72,6.65853658536585,4.89677419354839,5.125,5.77777777777778,5.94074074074074,41,31,8,18,54,3797,2378,1419,415,1269,2528,5.79146608111667,6.3176543313709,4.90966505285412,5.07397590361446,5.40087628053585,5.98753350870253,99
"111",2010,12,5.32278481012658,79,5.86666666666667,4.60294117647059,4.63333333333333,4.92727272727273,5.47543859649123,45,34,15,22,57,3876,2423,1453,430,1291,2585,5.78191349587203,6.30927858027239,4.90248775636614,5.05860465116279,5.39280557707203,5.97624166731141,100
"112",2011,1,5.33510638297872,94,5.83103448275862,4.53611111111111,4.93333333333333,5.02173913043478,5.43661971830986,58,36,15,23,71,3970,2481,1489,445,1314,2656,5.77133418387909,6.29809834744055,4.893629758227,5.05438202247191,5.3863105022831,5.96181653237952,101
"113",2011,2,5.8078125,64,5.98837209302326,5.43809523809524,5.33333333333333,5.75,5.81851851851852,43,21,6,10,54,4034,2524,1510,451,1324,2710,5.77191291769955,6.29282171156894,4.90120179470199,5.05809312638581,5.38905740181269,5.95896114760148,102
"114",2011,3,5.61153846153846,65,5.95108695652174,4.78947368421053,4.6,4.59375,5.75438596491228,46,19,10,8,57,4099,2570,1529,461,1332,2767,5.76936977555501,6.28670505836576,4.89981341399608,5.04815618221258,5.38428078078078,5.95474691362487,103
"115",2011,4,6.02511111111111,45,6.39655172413793,5.351875,5,6.5,5.93763157894737,29,16,9,7,38,4144,2599,1545,470,1339,2805,5.77214688947876,6.28793074259331,4.9044949579288,5.04723404255319,5.39011351755041,5.95451504812834,104
"116",2011,5,5.76964285714286,56,5.98529411764706,5.43636363636364,5.55555555555556,5.5,5.83555555555556,34,22,9,11,45,4200,2633,1567,479,1350,2850,5.77211350238095,6.28402278769465,4.9119621633695,5.05678496868476,5.39100888888889,5.95263674035088,105
"117",2011,6,5.82818181818182,55,5.853125,5.79347826086957,5.175,4.925,6.19871794871795,32,23,10,16,39,4255,2665,1590,489,1366,2889,5.77283823971798,6.27884878048781,4.92471365408805,5.05920245398773,5.38555051244509,5.95595870889581,106
"118",2011,7,5.85714285714286,63,6.09268292682927,5.41818181818182,5.475,6.00588235294118,5.80217391304348,41,22,12,17,46,4318,2706,1612,501,1383,2935,5.77406825150533,6.2760280857354,4.93144833126551,5.06916167664671,5.39317570498915,5.95354845315162,107
"119",2011,8,5.97384615384615,65,6.38461538461539,5.35769230769231,4.66666666666667,5.11111111111111,6.1125,39,26,12,9,56,4383,2745,1638,513,1392,2991,5.77703096281086,6.27757085610201,4.93821410866911,5.05974658869396,5.39135201149425,5.95652447676363,108
"120",2011,9,6.01271186440678,59,6.32692307692308,5.4,5.59090909090909,5.9375,6.0406976744186,39,20,11,16,43,4442,2784,1658,524,1408,3034,5.78016134849167,6.27826221264368,4.94378450542823,5.07089694656488,5.39755823863636,5.95771743902439,109
"121",2011,10,5.57535211267606,71,6.15789473684211,4.90454545454545,5.4,4.875,5.74736842105263,38,33,12,14,57,4513,2822,1691,536,1422,3091,5.77693922224684,6.27664138908576,4.94301875221763,5.07826492537313,5.3924135021097,5.95383846975089,110
"122",2011,11,5.86086956521739,69,6.10652173913043,5.3695652173913,4.92857142857143,5.37857142857143,5.98363636363636,46,23,7,14,55,4582,2868,1714,543,1436,3146,5.77820312309035,6.27391283124128,4.94874253792299,5.07633517495396,5.39227855153203,5.95435941195169,111
"123",2011,12,5.61818181818182,55,6.02439024390244,4.42857142857143,4.42857142857143,5.18181818181818,5.72727272727273,41,14,7,11,44,4637,2909,1728,550,1447,3190,5.77630509165409,6.27039601237539,4.94452818865741,5.06809090909091,5.39067864547339,5.95122718181818,112
"124",2012,1,5.80361445783133,83,6.07241379310345,5.18,4.8,4.75,6.01739130434783,58,25,10,14,69,4720,2967,1753,560,1461,3259,5.77678531991525,6.26652578361982,4.94788631488877,5.06330357142857,5.38453935660506,5.95262801779687,113
"125",2012,2,5.95958904109589,73,6.19705882352941,5.40909090909091,5.45,5.06666666666667,6.19051724137931,51,22,10,15,58,4793,3018,1775,570,1476,3317,5.77956952013353,6.26535188866799,4.95360265352113,5.07008771929824,5.38130894308943,5.95678767259572,114
"126",2012,3,5.75094339622641,53,6.02424242424242,5.3,5.1,4.9,5.94883720930233,33,20,5,10,43,4846,3051,1795,575,1486,3360,5.77925644036318,6.26274401835464,4.95746223398329,5.07034782608696,5.37806998654105,5.95668592559524,115
"127",2012,4,5.86610169491525,59,6.22954545454545,4.8,5,5.06666666666667,6.01,44,15,2,9,50,4905,3095,1810,577,1495,3410,5.78030106218145,6.26227205169629,4.95615729834254,5.07010398613518,5.37619531772575,5.9574676568915,116
"128",2012,5,5.9255223880597,67,6.36186046511628,5.14375,5.78636363636364,5.694375,5.99803921568627,43,24,11,16,51,4972,3138,1834,588,1511,3461,5.78225798672566,6.26363671128107,4.9586121646674,5.08350340136054,5.37956452680344,5.95806550418954,117
"129",2012,6,5.66333333333333,60,5.93170731707317,5.08421052631579,5.1,4.98666666666667,5.88888888888889,41,19,10,15,45,5032,3179,1853,598,1526,3506,5.78083996621621,6.25935577225543,4.95990000539666,5.08377926421405,5.37570249017038,5.95717761266401,118
"130",2012,7,5.642,50,5.921875,5.14444444444444,5.5,4.9375,5.77619047619048,32,18,9,8,42,5082,3211,1871,607,1534,3548,5.77947396890988,6.25599252569293,4.96167541956174,5.08995057660626,5.37341720990873,5.95503514937993,119
"131",2012,8,5.61363636363636,66,6.19736842105263,4.82142857142857,5.78571428571429,5.07692307692308,5.74528301886792,38,28,7,13,53,5148,3249,1899,614,1547,3601,5.77734784576534,6.25530686365036,4.95960753554503,5.09788273615635,5.37092566257272,5.95194798944738,120
"132",2012,9,6.09821428571429,56,6.29142857142857,5.77619047619048,6.28571428571429,5.83333333333333,6.13,35,21,7,6,50,5204,3284,1920,621,1553,3651,5.78080067448117,6.25569183922047,4.96853891145834,5.11127214170692,5.37271216999356,5.95438639003013,121
"133",2012,10,5.82972972972973,74,6.0537037037037,5.225,4.71428571428571,5.5,5.88125,54,20,7,10,64,5278,3338,1940,628,1563,3715,5.78148668245547,6.25242420611145,4.97118284020619,5.10684713375796,5.37352655150352,5.95312643606999,122
"134",2012,11,5.77368421052632,76,6.168,5.01538461538462,5.75,5.51052631578947,5.86140350877193,50,26,14,19,57,5354,3388,1966,642,1582,3772,5.78137592641016,6.25117827626919,4.97176740081384,5.1208722741433,5.37517193426043,5.95174037910923,123
"135",2012,12,5.43939393939394,66,5.84545454545455,4.62727272727273,5.35833333333333,4.8,5.62745098039216,44,22,12,15,51,5420,3432,1988,654,1597,3823,5.7772115701107,6.24597668997669,4.96795508551308,5.12522935779817,5.36976956793989,5.94741425843578,124
"136",2013,1,5.87304347826087,115,6.14615384615385,5.2972972972973,5.28125,6.02631578947368,5.84270833333333,78,37,16,19,96,5535,3510,2025,670,1616,3919,5.77920265763324,6.24375840455841,4.9739726962963,5.1289552238806,5.37748886138614,5.94484937739219,125
"137",2013,2,5.45762711864407,59,5.72727272727273,5.11538461538461,5.18181818181818,5.3125,5.48039215686275,33,26,11,8,51,5594,3543,2051,681,1624,3970,5.77581099570969,6.23894778436354,4.9757653388591,5.12980910425844,5.37716871921182,5.93888279848866,126
"138",2013,3,8.06929049514563,1030,8.21492890995261,7.9682059375,6.45555555555556,7.48894987301587,8.32496503496503,422,608,135,315,715,6624,3965,2659,816,1939,4685,6.13243597826087,6.44925397225725,5.66000899586311,5.34914215686274,5.7202378597215,6.30303408964781,127
"139",2013,4,5.58428571428571,140,6.24871794871795,4.74838709677419,5.32857142857143,5.2125,5.733,78,62,35,40,100,6764,4043,2721,851,1979,4785,6.12109046717918,6.44538511006679,5.63923701580302,5.34829612220916,5.70997534613441,6.29112115151515,128
"140",2013,5,5.38990825688073,109,5.92537313432836,4.53571428571429,4.45454545454545,5.15909090909091,5.44827586206897,67,42,22,22,87,6873,4110,2763,873,2001,4872,6.10949453222756,6.43690802919708,5.62246251176258,5.32577319587629,5.70391864567716,6.27607034277504,129
"141",2013,6,5.44116161616162,99,6.11018518518518,4.63833333333333,4.66125,5.06145833333333,5.56266666666667,54,45,20,24,75,6972,4164,2808,893,2025,4947,6.10000443488238,6.43267098943324,5.60669121082621,5.31089025755879,5.69630430123457,6.26525464119668,130
"142",2013,7,5.63564356435644,101,6.1921875,4.67297297297297,4.10833333333333,5.37391304347826,5.71282051282051,64,37,12,23,78,7073,4228,2845,905,2048,5025,6.09337352184363,6.4290307473983,5.59454795079086,5.29494475138122,5.69268369628906,6.25667954427861,131
"143",2013,8,5.63168316831683,101,6.20338983050847,4.82857142857143,4.5775,5,5.75952380952381,59,42,20,17,84,7174,4287,2887,925,2065,5109,6.08687356007806,6.42592535572662,5.58340454450987,5.27943243243243,5.68698121549637,6.2485055216285,132
"144",2013,9,5.4335,100,5.853125,4.6875,4.91071428571429,5.29166666666667,5.45284090909091,64,36,14,12,88,7274,4351,2923,939,2077,5197,6.07789124553203,6.41749988508389,5.57237048238112,5.2739350372737,5.68469726047183,6.2350326553781,133
"145",2013,10,5.08571428571429,91,5.57407407407407,4.37297297297297,4.28947368421053,4.58928571428571,5.30634920634921,54,37,19,28,63,7365,4405,2960,958,2105,5260,6.06563216836388,6.40716049943247,5.55737801351352,5.25441022964509,5.67012646555819,6.22390964068441,134
"146",2013,11,5.60029411764706,102,6.05357142857143,5.04847826086957,4.98318181818182,5.425,5.6430487804878,56,46,22,20,82,7467,4461,3006,980,2125,5342,6.05927560198205,6.40272181125308,5.54959045908184,5.24832142857143,5.66781939294118,6.21499339385998,135
"147",2013,12,5.45046728971963,107,5.7387323943662,4.88194444444444,5.28125,4.18421052631579,5.72386363636364,71,36,16,19,88,7574,4532,3042,996,2144,5430,6.05067479799313,6.39231950573698,5.54168932281394,5.24885040160643,5.6546717397388,6.20703401657458,136
"148",2014,1,5.32804195804196,143,5.85132530120482,4.60416666666667,5.26190476190476,5.42965517241379,5.30219298245614,83,60,21,29,114,7717,4615,3102,1017,2173,5544,6.03728403783854,6.38258981581799,5.52355542230819,5.24911996066863,5.65166875747814,6.18842797799423,137
"149",2014,2,5.41893939393939,132,5.91066666666667,4.7719298245614,4.74736842105263,5.34,5.43738317757009,75,57,19,25,107,7849,4690,3159,1036,2198,5651,6.02688507070964,6.37504307036248,5.50999332700222,5.23991795366795,5.648123844404,6.17420716864272,138
"150",2014,3,5.31538461538462,91,5.95762711864407,4.13125,4.29411764705882,5.11764705882353,5.36081081081081,59,32,17,17,74,7940,4749,3191,1053,2215,5725,6.01873059445844,6.36985723310171,5.49616700720777,5.22464862298196,5.64405246501129,6.16369339912664,139
"151",2014,4,5.59066666666667,75,5.97073170731707,5.13235294117647,4.89285714285714,5.03333333333333,5.73,41,34,14,15,60,8015,4790,3225,1067,2230,5785,6.01472500561447,6.36644091858038,5.49233144806202,5.22029522024367,5.63994448878924,6.15919528262748,140
"152",2014,5,5.73563218390805,87,6.17241379310345,4.86206896551724,4.7,6.08333333333333,5.68,58,29,15,12,75,8102,4848,3254,1082,2242,5860,6.01172808195507,6.3641196369637,5.48671448063921,5.21308225508318,5.64231766726137,6.15306223720136,141
"153",2014,6,6.19090909090909,55,6.81944444444444,5,5.1,6.16666666666667,6.19767441860465,36,19,10,12,43,8157,4884,3273,1092,2254,5903,6.01293624126517,6.36747583947584,5.48388906813321,5.2120467032967,5.6451092324756,6.15338721158733,142
"154",2014,7,5.29677419354839,93,5.81612903225806,4.25806451612903,3.91176470588235,4.3695652173913,5.60142857142857,62,31,17,23,70,8250,4946,3304,1109,2277,5973,6.00486314181818,6.36056449656288,5.47238768765133,5.19211451758341,5.63222494949495,6.14691858530052,143
"155",2014,8,5.41550561797753,89,5.93298245614035,4.49375,4.80769230769231,4.70909090909091,5.5151282051282,57,32,13,11,78,8339,5003,3336,1122,2288,6051,5.99857308070512,6.35569298420948,5.46300027577938,5.18766042780749,5.62778680506993,6.13877453478764,144
"156",2014,9,5.12045454545455,66,5.59324324324324,4.51724137931035,4.9,4.86666666666667,5.19509803921569,37,29,10,15,51,8405,5040,3365,1132,2303,6102,5.99167768233194,6.35009563492064,5.45484960475483,5.18511925795053,5.62282944420321,6.13088736643723,145
"157",2014,10,5.6175,80,6,4.98,4.74166666666667,5.36153846153846,5.66716417910448,50,30,12,13,67,8485,5090,3395,1144,2316,6169,5.98814978432528,6.34665658153242,5.45065358468336,5.18046765734266,5.62136278497409,6.12585098233101,146
"158",2014,11,5.3296,100,5.65718309859155,4.52758620689655,5.15333333333333,4.81181818181818,5.47564102564103,71,29,15,22,78,8585,5161,3424,1159,2338,6247,5.9804788491555,6.33717147839566,5.44283554906542,5.1801164797239,5.6137451710864,6.11773246518328,147
"159",2014,12,5.55632183908046,87,6.268,4.59459459459459,4.1,5.45652173913043,5.5921875,50,37,20,23,64,8672,5211,3461,1179,2361,6311,5.97622358394834,6.33650777202073,5.4337673851488,5.16179389312977,5.61221355781448,6.11240290128347,148
"160",2015,1,5.47915217391304,138,5.84624137931034,4.85294117647059,4.485,5.69444444444444,5.44685833333333,87,51,20,18,120,8810,5298,3512,1199,2379,6431,5.96843744835414,6.32845696489241,5.42533283599089,5.15050458715596,5.61283573350147,6.09998409423107,149
"161",2015,2,5.54652542372881,118,5.96923076923077,4.72225,4.88947368421053,4.32857142857143,5.81020618556701,78,40,19,21,97,8928,5376,3552,1218,2400,6528,5.96286110215054,6.32324497767857,5.41741523648649,5.14643267651888,5.60159842083333,6.09567826439951,150
"162",2015,3,5.51326530612245,98,5.98181818181818,4.546875,4.66666666666667,5.96666666666667,5.43132530120482,66,32,18,15,83,9026,5442,3584,1236,2415,6611,5.95797960558387,6.31910418963616,5.40964255580357,5.13944579288026,5.60386592546584,6.08733742399032,151
"163",2015,4,5.44945652173913,92,5.92846153846154,4.2962962962963,4.33333333333333,4.87105263157895,5.6,65,27,15,19,73,9118,5507,3611,1251,2434,6684,5.95284864224611,6.31449337207191,5.40131789531986,5.12978017585931,5.59814552588332,6.08201491771394,152
"164",2015,5,5.26619718309859,71,5.63269230769231,4.26315789473684,4.57142857142857,4.44444444444444,5.38548387096774,52,19,7,9,62,9189,5559,3630,1258,2443,6746,5.94754314071172,6.30811566828566,5.39536058402204,5.126673290938,5.59389529676627,6.07561335754521,153
"165",2015,6,5.56136363636364,88,6.06603773584906,4.79714285714286,5.10434782608696,5.79166666666667,5.525,53,35,23,12,76,9277,5612,3665,1281,2455,6822,5.94387990945349,6.3058294725588,5.38964772714871,5.12627244340359,5.594862,6.06947928906479,154
"166",2015,7,5.56133333333333,75,6.30697674418605,4.559375,4.61875,5.44,5.58,43,32,16,10,65,9352,5655,3697,1297,2465,6887,5.94081201026518,6.30583819628647,5.38246116310522,5.12001156515035,5.59423375659229,6.06485954842457,155
"167",2015,8,5.22077922077922,77,5.53921568627451,4.59615384615385,3.83333333333333,4.6,5.37096774193548,51,26,12,15,62,9429,5706,3723,1309,2480,6949,5.93493200975713,6.29898615492464,5.37696989524577,5.10821619556914,5.58822024596774,6.05866854367535,156
"168",2015,9,4.94933333333333,75,5.5275,4.28857142857143,5.43,4.1,5.08,40,35,10,10,65,9504,5746,3758,1319,2490,7014,5.92715424242424,6.29361555864949,5.36683313464609,5.11065579984837,5.58224345783133,6.04959904619333,157
"169",2015,10,5.47058823529412,85,5.60714285714286,5.20689655172414,5.26470588235294,4.84285714285714,5.5943661971831,56,29,17,14,71,9589,5802,3787,1336,2504,7085,5.92310709354468,6.28698983109273,5.36560837602324,5.11261601796407,5.57810950878594,6.04503707974594,158
"170",2015,11,5.24683544303798,79,5.64489795918367,4.59666666666667,5.05333333333333,5.51,5.20869565217391,49,30,15,10,69,9668,5851,3817,1351,2514,7154,5.91758108398841,6.28161254486413,5.35956482053969,5.11195780903035,5.57783858790772,6.0369706052558,159
"171",2015,12,5.1596875,96,5.37797101449275,4.60185185185185,4.85416666666667,4.79166666666667,5.2122619047619,69,27,12,12,84,9764,5920,3844,1363,2526,7238,5.91012944694797,6.27108023648649,5.35424269510926,5.10968818782098,5.57410380443389,6.0273995178226,160
"172",2016,1,5.56681034482759,116,6.00324675324675,4.70512820512821,4.47058823529412,5.04166666666667,5.62740384615385,77,39,17,12,104,9880,5997,3883,1380,2538,7342,5.90609857489878,6.26764132066033,5.34772313159928,5.1018152173913,5.57158637115839,6.02173354807954,161
"173",2016,2,5.22125,80,5.42115384615385,4.85,5.15384615384615,5.45625,5.1625,52,28,13,16,64,9960,6049,3911,1393,2554,7406,5.90059778313253,6.26036452306166,5.34415978522117,5.1023007896626,5.57086382537196,6.01430835943829,162
"174",2016,3,5.37202380952381,84,5.72410714285714,4.66785714285714,4.8,4.85,5.45902777777778,56,28,10,12,72,10044,6105,3939,1403,2566,7478,5.89617721226603,6.25544553644554,5.33935235338919,5.10014611546686,5.56749267731878,6.00896198315057,163
"175",2016,4,5.42857142857143,56,5.90277777777778,4.575,4.10714285714286,4.5625,5.57291666666667,36,20,14,8,48,10100,6141,3959,1417,2574,7526,5.89358454653465,6.25337811431363,5.33549101288204,5.09033521524347,5.56436915695416,6.00618093409514,164
"176",2016,5,5.28988764044944,89,5.78103448275862,4.37096774193548,4.66666666666667,4.11111111111111,5.4225,58,31,15,9,80,10189,6199,3990,1432,2583,7606,5.88831130827363,6.24895870301662,5.32799722305765,5.08589734636872,5.55930554006969,6.00004177097029,165
"177",2016,6,5.45365853658537,82,5.70462962962963,4.96964285714286,4.92916666666667,5.88888888888889,5.4,54,28,12,9,73,10271,6253,4018,1444,2592,7679,5.88484119559926,6.24425795618103,5.3254999800896,5.08459487534626,5.56044992669753,5.9943375061857,166
"178",2016,7,6.05147058823529,68,6.42391304347826,5.27272727272727,5.15,6.83333333333333,5.83018867924528,46,22,10,15,53,10339,6299,4040,1454,2607,7732,5.88593712351291,6.2455699317352,5.3252126039604,5.0850447042641,5.56777376678174,5.99321232669426,167
"179",2016,8,5.55744680851064,94,6.09846153846154,4.3448275862069,5,5.26470588235294,5.62207792207792,65,29,13,17,77,10433,6364,4069,1467,2624,7809,5.88297746765072,6.24406741043369,5.31822534283608,5.08429107021131,5.56581029344512,5.98955278652836,168
"180",2016,9,5.43979591836735,98,5.94925373134328,4.33870967741935,4.80769230769231,5.15384615384615,5.48352941176471,67,31,13,13,85,10531,6431,4100,1480,2637,7894,5.8788532826892,6.24099595708288,5.31081924878049,5.08186148648648,5.56377937428896,5.98410409298201,169
"181",2016,10,5.79308510638298,94,5.95422535211268,5.29565217391304,5,5.4625,5.88243243243243,71,23,11,20,74,10625,6502,4123,1491,2657,7968,5.87809448658824,6.23786450322978,5.31073463982537,5.08125754527163,5.56301701543094,5.98315985316265,170
"182",2016,11,5.84577464788732,71,5.96517857142857,5.4,5.33333333333333,6.1875,5.80238095238095,56,15,9,8,63,10696,6558,4138,1500,2665,8031,5.87787994764398,6.23553598658128,5.31105822136298,5.08277,5.56489163602251,5.9817417146059,171
"183",2016,12,5.44949494949495,99,5.98571428571429,4.1551724137931,4.08333333333333,4.67857142857143,5.57647058823529,70,29,12,14,85,10795,6628,4167,1512,2679,8116,5.873951266327,6.23289755582378,5.30301389968803,5.07483796296296,5.56025987681971,5.97749725357319,172
"184",2017,1,5.63240740740741,108,5.93974358974359,4.83333333333333,4.95454545454545,6.1,5.58469387755102,78,30,11,10,98,10903,6706,4197,1523,2689,8214,5.87155864624415,6.22948777214435,5.29965664045747,5.07396913985555,5.56226709185571,5.97281077550523,173
"185",2017,2,5.32773195876289,97,5.69242424242424,4.55129032258064,4.30769230769231,4.86363636363636,5.38709302325581,66,31,13,11,86,11000,6772,4228,1536,2700,8300,5.86676308363636,6.22425354400473,5.29416956480606,5.06748372395833,5.55942081851852,5.96674189277108,174
"186",2017,3,5.59036144578313,83,5.7265625,5.13157894736842,4.08333333333333,5.84615384615385,5.54285714285714,64,19,6,13,70,11083,6836,4247,1542,2713,8370,5.86469312640982,6.2195940608543,5.2934421756534,5.06365434500648,5.56079476962772,5.96319685902031,175
"187",2017,4,5.59222222222222,90,5.82456140350877,5.19090909090909,4.6,5.25,5.635,57,33,15,10,80,11173,6893,4280,1557,2723,8450,5.86249833706256,6.21632743362832,5.29265161682243,5.0591875401413,5.55965340066103,5.96008966982248,176
"188",2017,5,5.6063829787234,94,5.98985507246377,4.548,4.47857142857143,5.44444444444444,5.62352941176471,69,25,14,9,85,11267,6962,4305,1571,2732,8535,5.86036157983492,6.2140828784832,5.28832727526133,5.05401336728198,5.55927386896047,5.95673786877563,177
"189",2017,6,5.67605633802817,71,5.9375,5.1304347826087,4.88888888888889,4.63636363636364,5.86666666666667,48,23,9,11,60,11338,7010,4328,1580,2743,8595,5.85920743693773,6.21218901569187,5.28748819778189,5.05307278481013,5.55557280714546,5.95610909947644,178
"190",2017,7,5.38558823529412,68,5.95681818181818,4.33833333333333,4.65142857142857,5.7,5.36063492063492,44,24,14,5,63,11406,7054,4352,1594,2748,8658,5.85638382605646,6.21059611567905,5.28225388786765,5.04954516938519,5.55583559315866,5.95177612728113,179
"191",2017,8,5.36081081081081,74,5.82708333333333,4.5,4.125,4.11111111111111,5.53384615384615,48,26,12,9,65,11480,7102,4378,1606,2757,8723,5.85318936585366,6.2080040833568,5.27760825034262,5.04263698630137,5.55111940877766,5.94866189499026,180
"192",2017,9,5.55573770491803,61,6.35277777777778,4.408,4.87,4.86363636363636,5.708,36,25,10,11,50,11541,7138,4403,1616,2768,8773,5.85161718395286,6.20873423928271,5.27267066091302,5.04156868811881,5.54838735910405,5.94729028952468,181
"193",2017,10,5.25802469135802,81,5.66,4.60967741935484,4.83684210526316,3.82,5.46056338028169,50,31,19,10,71,11622,7188,4434,1635,2778,8844,5.84748011701944,6.2049172231497,5.26803539016689,5.03918960244648,5.54216566234701,5.94338282564451,182
"194",2017,11,5.64893617021277,94,6.02941176470588,4.65384615384615,4.86842105263158,5.5,5.67948717948718,68,26,19,16,78,11716,7256,4460,1654,2794,8922,5.84588715602595,6.20327246416759,5.26445491479821,5.03722793228537,5.54192419828203,5.94107573526115,183
"195",2017,12,5.62076086956522,92,6.26825396825397,4.21413793103448,4.85,5.8,5.58584415584416,63,29,10,15,77,11808,7319,4489,1664,2809,8999,5.84413312330623,6.20383180762399,5.25766961906884,5.03610276442308,5.54330231755073,5.93803619402156,184
"196",2018,1,5.78475,116,6.11337209302326,4.8427,4.11111111111111,6.34210526315789,5.67557731958763,86,30,9,19,97,11924,7405,4519,1673,2828,9096,5.84355542770882,6.20278122889939,5.25491478645718,5.03112671846981,5.54866909830269,5.93523732519789,185
"197",2018,2,5.29384615384615,65,5.75,4.18947368421053,3.74615384615385,5.19090909090909,5.31481481481481,46,19,13,11,54,11989,7451,4538,1686,2839,9150,5.84057510384519,6.19998590793182,5.25045392684002,5.02121886120996,5.54728292004227,5.93157581530055,186
"198",2018,3,5.78333333333333,66,6.28695652173913,4.625,4.35714285714286,5.16666666666667,5.88070175438596,46,20,7,9,57,12055,7497,4558,1693,2848,9207,5.84026171049357,6.20051954114979,5.2477095041685,5.01847312463083,5.54608012991573,5.93126085695666,187
"199",2018,4,5.61527770833333,48,5.98611111111111,4.5027775,3.85777666666667,4.865,5.68348477272727,36,12,3,4,44,12103,7533,4570,1696,2852,9251,5.83936943319838,6.19949488915439,5.2457534463895,5.01642000589623,5.54512489831697,5.93008237379743,188
"200",2018,5,5.00344827586207,58,5.75151515151515,4.016,4.86,5.4,4.94901960784314,33,25,10,7,51,12161,7566,4595,1706,2859,9302,5.83538263711866,6.19754097277293,5.2390627312296,5.01550312426729,5.54476957327737,5.92470350892281,189
"201",2018,6,5.72090909090909,55,6.18648648648649,4.76388888888889,4.83888888888889,5.49285714285714,5.75416666666667,37,18,9,7,48,12216,7603,4613,1715,2866,9350,5.83486724377865,6.19748717611469,5.23720859527423,5.01457628571429,5.54464278087927,5.92382802566845,190
"202",2018,7,5.81086956521739,46,6.14545454545455,4.96153846153846,5.16666666666667,7.33333333333333,5.7046511627907,33,13,3,3,43,12262,7636,4626,1718,2869,9393,5.8347772182352,6.19726231011001,5.23643390618245,5.01484186845169,5.5465131439526,5.9228246609177,191
"203",2018,8,5.61571428571429,70,6,5.0037037037037,5.04615384615385,5.4,5.66964285714286,43,27,13,14,56,12332,7679,4653,1731,2883,9449,5.83353375364904,6.19615770282589,5.23508344079089,5.01507702484113,5.54580166840097,5.92132416552016,192
"204",2018,9,5.49740740740741,54,5.91513513513514,4.58823529411765,4.75,5,5.54816326530612,37,17,8,5,49,12386,7716,4670,1739,2888,9498,5.83206832310673,6.19481013478486,5.23272874732334,5.01385757906843,5.54485672091413,5.91939903558644,193
"205",2018,10,5.67720435483871,62,6.33299153846154,4.56521739130435,4.4,4.875,5.79604944444444,39,23,10,8,54,12448,7755,4693,1749,2896,9552,5.83129698907455,6.19550505093488,5.22945733006606,5.0103478158948,5.54300628798343,5.91870170749581,194
"206",2018,11,5.36206896551724,58,5.86486486486486,4.47619047619048,4.8,4.8,5.47916666666667,37,21,10,10,48,12506,7792,4714,1759,2906,9600,5.82912081560851,6.19393501925051,5.22610166525244,5.00915197839682,5.54044948726772,5.91650403229167,195
"207",2018,12,5.60401046875,64,6.16444452380952,4.53409090909091,5.35714285714286,5.6875,5.59208339285714,42,22,7,8,56,12570,7834,4736,1766,2914,9656,5.8279746690533,6.19377691345418,5.22288708826014,5.01053133069083,5.54085319492107,5.91462255385253,196
"208",2019,1,5.56101847222222,72,5.86654314814815,4.64444444444444,4.66666666666667,4.71111111111111,5.68243380952381,54,18,9,9,63,12642,7888,4754,1775,2923,9719,5.82645427305806,6.19153672287018,5.22069693941944,5.0087877915493,5.53829839548409,5.91311747196214,197
"209",2019,2,5.31666666666667,48,5.67272727272727,4.53333333333333,4.4,4.40909090909091,5.58648648648649,33,15,5,11,37,12690,7921,4769,1780,2934,9756,5.82452599842396,6.18937528973615,5.21853496540155,5.00707771348315,5.53406482958419,5.91187871156211,198
"210",2019,3,6.04524590163934,61,6.48145833333333,4.43461538461538,4.66666666666667,6.28125,6.00962264150943,48,13,6,8,53,12751,7969,4782,1786,2942,9809,5.82558190886989,6.19113460534572,5.21640385821832,5.00593411534155,5.53609660435078,5.91240684167601,199
"211",2019,4,5.56944444444444,54,5.81875,4.85714285714286,4.55555555555556,5.54166666666667,5.57738095238095,40,14,9,12,42,12805,8009,4796,1795,2954,9851,5.82450175087856,6.18927477462854,5.21535513969975,5.00367594986072,5.53611923155044,5.91097844990356,200
"212",2019,5,5.91296296296296,54,6.65833333333333,4.42222222222222,4.25,5.81428571428571,5.92765957446808,36,18,8,7,47,12859,8045,4814,1803,2961,9898,5.8248732343106,6.19137373151026,5.21238954092231,5.00033185246811,5.53677683552854,5.91105765912305,201
"213",2019,6,5.65416666666667,48,6.22413793103448,4.78421052631579,4.22727272727273,5,5.73023255813953,29,19,11,5,43,12907,8074,4833,1814,2966,9941,5.82423839157047,6.1914914131781,5.21070623836127,4.99564406284454,5.53587195212407,5.91027549642893,202
"214",2019,7,5.65510204081633,49,6.115,3.61111111111111,3.78571428571429,5.22222222222222,5.7525,40,9,7,9,40,12956,8114,4842,1821,2975,9981,5.82359871256561,6.19111432955386,5.20773301321768,4.99099304228446,5.53492309579832,5.90964319306683,203
"215",2019,8,5.45230769230769,65,5.80697674418605,4.75909090909091,4.55,5.25,5.48909090909091,43,22,10,10,55,13021,8157,4864,1831,2985,10036,5.82174525151678,6.18908933063626,5.20570379317434,4.98858456034954,5.53396857956449,5.90733845257074,204
"216",2019,9,5.63983050847458,59,5.8546511627907,5.0625,5,5.21875,5.70588235294118,43,16,6,8,51,13080,8200,4880,1837,2993,10087,5.82092468807339,6.18733556951219,5.20523427254098,4.98862184540011,5.53312603073839,5.90631988797462,205
"217",2019,10,5.61619047619048,63,6.02139534883721,4.745,4.90909090909091,5.67555555555556,5.59244444444444,43,20,11,18,45,13143,8243,4900,1848,3011,10132,5.81994330974663,6.18646993448987,5.20335576530612,4.9881484469697,5.53397748588509,5.90492584978286,206
"218",2019,11,5.6775555,60,5.83092191489362,5.12307692307692,4.5,5.2,5.80964531914894,47,13,2,13,47,13203,8290,4913,1850,3024,10179,5.81929623949102,6.18445416164053,5.20314334418889,4.98762071891892,5.53254173611111,5.90448590627763,207
"219",2019,12,5.70625,64,6.24285714285714,4.68181818181818,4.44444444444444,5.15,5.80925925925926,42,22,9,10,54,13267,8332,4935,1859,3034,10233,5.81875090449989,6.18474855976956,5.20081930091185,4.98499103281334,5.53128088661833,5.90398339098993,208
"220",2020,1,5.60449438202247,89,5.90746268656716,4.68181818181818,5,5.14285714285714,5.69066666666667,67,22,8,14,75,13356,8399,4957,1867,3048,10308,5.81732316936208,6.18253661150137,5.19851588662498,4.98505534547402,5.52949678805774,5.9024313193636,209
"221",2020,2,6.13988893333333,75,6.44429018518519,5.35714285714286,5.5,6.63636363636364,6.05455734375,54,21,8,11,64,13431,8453,4978,1875,3059,10372,5.8191244077135,6.1842087625695,5.19918506428285,4.98725244266667,5.53347702190258,5.90337000674894,210
"222",2020,3,5.63420282608696,46,6.15215676470588,4.16666666666667,4,6.3,5.55300804878049,34,12,3,5,41,13477,8487,4990,1878,3064,10413,5.81849322920531,6.18408035819489,5.19670205410822,4.98567536208733,5.53472787532637,5.90199049649476,211
"223",2020,4,5.58428571428571,35,5.72619047619048,5.37142857142857,5.41666666666667,4.25,5.66515151515152,21,14,6,2,33,13512,8508,5004,1884,3066,10446,5.81788656379515,6.18295016455101,5.19719089728218,4.98704794585987,5.53388982713633,5.90124229753015,212
"224",2020,5,5.90181818181818,55,6.19285714285714,4.96153846153846,4.9375,6.27142857142857,5.84791666666667,42,13,8,7,48,13567,8550,5017,1892,3073,10494,5.81822681875138,6.18299883040936,5.196580277058,4.98683844080338,5.53556986983404,5.90099838383838,213
"225",2020,6,5.41944444444444,72,5.86521739130435,4.63076923076923,4.1,5.03125,5.53035714285714,46,26,14,16,56,13639,8596,5043,1906,3089,10550,5.8161216548134,6.18129827826896,5.19366314693635,4.98032441238195,5.53295765943671,5.89903099905213,214
"226",2020,7,5.91538461538462,39,6.17,5.06666666666667,5.42,5.575,6.00322580645161,30,9,5,8,31,13678,8626,5052,1911,3097,10581,5.81640468270215,6.18125898446557,5.19343690617577,4.98147479330194,5.53306626089764,5.89933626689349,215
"227",2020,8,5.35333333333333,45,6.0037037037037,4.37777777777778,4.78,5.6,5.31538461538462,27,18,10,6,39,13723,8653,5070,1921,3103,10620,5.81488619470961,6.1807049578181,5.19054107495069,4.980425991671,5.53319568482114,5.89719181167608,216
"228",2020,9,5.53765425925926,54,6.38981472222222,3.83333333333333,4.3,5.00370333333333,5.64444444444444,36,18,5,9,45,13777,8689,5088,1926,3112,10665,5.81379956303985,6.18157133502129,5.18573963246856,4.97865956905504,5.53166437660668,5.89612536708861,217
"229",2020,10,5.50825646153846,65,5.65729166666667,5.08745117647059,4.3125,4.83333333333333,5.57689271186441,48,17,8,6,59,13842,8737,5105,1934,3118,10724,5.8123647774888,6.17869100721071,5.1854123251714,4.97590399689762,5.53032057087877,5.89436905165983,218
"230",2020,11,5.24782608695652,46,5.53225806451613,4.66,3.18,4.4,5.48333333333333,31,15,5,10,36,13888,8768,5120,1939,3128,10760,5.81049490567396,6.1764054892792,5.18387303125,4.97127299123259,5.5267070140665,5.89299383921933,219
"231",2020,12,5.67935483870968,62,6.03302325581395,4.87894736842105,4.82,6.41666666666667,5.60035714285714,43,19,10,6,56,13950,8811,5139,1949,3134,10816,5.8099120609319,6.17570574622631,5.18274565479665,4.97049683427399,5.52841082961072,5.89147870839497,220
"232",2021,1,5.43856128205128,78,5.82555559322034,4.23684210526316,4.875,4.95454545454545,5.51802656716418,59,19,8,11,67,14028,8870,5158,1957,3145,10883,5.8078472362418,6.17337667531003,5.17926132609539,4.97010645375575,5.52640366931637,5.88917959110539,221
"233",2021,2,5.78342105263158,38,5.94714285714286,5.325,6.25,5.25,5.84617647058823,28,10,5,4,34,14066,8898,5168,1962,3149,10917,5.80778124768946,6.1726647684873,5.17954332817338,4.97336816004077,5.52605256906955,5.88904566181185,222
"234",2021,3,5.56192105263158,38,6.23076923076923,4.11275,4.3706,3.91325,5.75588235294118,26,12,5,4,34,14104,8924,5180,1967,3153,10951,5.80711883366421,6.17283405535634,5.17707199227799,4.97183595831215,5.5240065144307,5.88863222445439,223
"235",2021,4,5.50545454545455,44,6.1,4.465,4.9375,5.475,5.51222222222222,28,16,8,8,36,14148,8952,5196,1975,3161,10987,5.80618066369805,6.17260624553173,5.17487931485758,4.97169687594937,5.52388248655489,5.88739887958496,224
"236",2021,5,5.61672727272727,55,5.83951219512195,4.96428571428571,5.33333333333333,5.75,5.60040816326531,41,14,6,6,49,14203,8993,5210,1981,3167,11036,5.80544702034781,6.17108763593906,5.17431342034549,4.97279219081272,5.52431087464477,5.88612463664371,225
"237",2021,6,5.55,40,5.71428571428571,5.16666666666667,4.66666666666667,5,5.59459459459459,28,12,6,3,37,14243,9021,5222,1987,3170,11073,5.80472962367479,6.16966978272919,5.17429584833397,4.97186780573729,5.52381468138801,5.88515050031608,226
"238",2021,7,5.61295228571429,35,5.8181332,5.1,5,7.33333333333333,5.4516665625,25,10,3,3,32,14278,9046,5232,1990,3173,11105,5.80425951533828,6.1686982577935,5.17415384556575,4.9719102160804,5.52552554049795,5.88390137955875,227
"239",2021,8,5.54615384615385,39,5.93181818181818,5.04705882352941,4.63,5.75,5.52285714285714,22,17,10,4,35,14317,9068,5249,2000,3177,11140,5.80355642662569,6.16812355977062,5.1737422213755,4.970200665,5.52580816493547,5.8827670394973,228
"240",2021,9,6.07433962264151,53,6.60944444444444,4.94117647058824,5.42857142857143,5,6.21148936170213,36,17,7,6,47,14370,9104,5266,2007,3183,11187,5.80455513987474,6.16986867750439,5.17299143942271,4.97179936721475,5.5248170091109,5.88414810226155,229
"241",2021,10,5.66875,40,6.12777777777778,4.71538461538462,4.5,5.6875,5.66666666666667,27,13,2,4,36,14410,9131,5279,2009,3187,11223,5.80417816516308,6.16974421640565,5.17186454252699,4.97132968143355,5.5250211923439,5.88345048739196,230
"242",2021,11,5.53727272727273,44,6.078,4.37857142857143,3.66666666666667,5.33333333333333,5.56947368421053,30,14,6,6,38,14454,9161,5293,2015,3193,11261,5.80336566763526,6.16944377688025,5.16976627999244,4.96744482878412,5.52466098966489,5.88239097948672,231
"243",2021,12,5.74441860465116,43,5.8221875,5.51818181818182,5.5,5.61666666666667,5.76513513513513,32,11,5,6,37,14497,9193,5304,2020,3199,11298,5.80319082292888,6.16823500924616,5.1704888612368,4.96876303465346,5.5248335542357,5.88200697645601,232
"244",2022,1,5.37957666666667,63,5.98635651162791,4.075,3.72222222222222,4.89615384615385,5.5052666,43,20,9,13,50,14560,9236,5324,2029,3212,11348,5.80135787706044,6.1673882384149,5.16637357625845,4.96323377525875,5.52228908468244,5.88034703471977,233
"245",2022,2,5.49313725490196,51,5.85731707317073,4,3.83333333333333,5.79166666666667,5.45333333333333,41,10,6,6,45,14611,9277,5334,2035,3218,11393,5.80028202655533,6.16601786892314,5.16418689913761,4.95990237346437,5.52279134244873,5.87866041867813,234
"246",2022,3,5.47826086956522,23,5.66666666666667,4.8,NA,5,5.52380952380952,18,5,0,2,21,14634,9295,5339,2035,3220,11414,5.79977591157578,6.16505086282948,5.16384583629893,4.95990237346437,5.52246662732919,5.87800754774838,235
"247",2022,4,5.59302325581395,43,5.81666666666667,5.07692307692308,3,5.75,5.55714285714286,30,13,5,8,35,14677,9325,5352,2040,3228,11449,5.79917017714792,6.16393005576407,5.16363470104634,4.95509869117647,5.52303052664188,5.87702665298279,236
"248",2022,5,5.675,44,5.96666666666667,4.8,4.76,6.9,5.51794871794872,33,11,5,5,39,14721,9358,5363,2045,3233,11488,5.79879904150533,6.16323442722804,5.16288885325378,4.95462167726161,5.52516008042066,5.87580763840529,237
"249",2022,6,5.54878048780488,41,6.01379310344828,4.425,3.86666666666667,4.08571428571429,5.85,29,12,3,7,34,14762,9387,5375,2048,3240,11522,5.79810463961523,6.16277274635134,5.16124147348837,4.95302799316406,5.52205016666667,5.87573148324943,238
"250",2022,7,5.59636363636364,33,6.36111111111111,4.67866666666667,2.795,5.33333333333333,5.65481481481481,18,15,4,6,27,14795,9405,5390,2052,3246,11549,5.79765465968232,6.16315234130781,5.15989850092765,4.94882131091618,5.52170133703019,5.87521500995757,239
"251",2022,8,5.56060606060606,33,6.06,4,4,6.1,5.46428571428571,25,8,1,5,28,14828,9430,5398,2053,3251,11577,5.79712710345293,6.16287887274655,5.15817949610967,4.94835914758889,5.52259075361427,5.87422114105554,240
"252",2022,9,5.62444444444444,45,5.87,5.13333333333333,4.6,5.5,5.63658536585366,30,15,5,4,41,14873,9460,5413,2058,3255,11618,5.79660463188328,6.16195008139535,5.15811064474414,4.94751279397473,5.52256299231951,5.87338252280943,241
"253",2022,10,6.02564102564103,39,6.03333333333333,6,6.5,6.21428571428571,5.984375,30,9,4,7,32,14912,9490,5422,2062,3262,11650,5.79720364069206,6.16154349525816,5.15950810033198,4.95052440834141,5.52404737584304,5.87368739484978,242
"254",2022,11,5.3304347826087,46,5.91333333333333,4.2375,4.7875,4.875,5.42631578947368,30,16,8,8,38,14958,9520,5438,2070,3270,11688,5.79576819695146,6.16076132037815,5.15679531445384,4.94989436231884,5.52245949235474,5.87223290126625,243
"255",2022,12,5.55918367346939,49,5.99714285714286,4.46428571428571,4.8,6.2,5.48636363636364,35,14,5,5,44,15007,9555,5452,2075,3275,11732,5.79499571466649,6.16016198534798,5.15501704328687,4.94953317108434,5.52349390534351,5.87078572707125,244
