"","year","month","avg_rating","no_ratings","avg_rating_owned","avg_rating_not_owned","avg_rating_prev_owned","avg_rating_comment","avg_rating_no_comment","no_ratings_owned","no_ratings_not_owned","no_ratings_prev_owned","no_ratings_comment","no_ratings_no_comment","cum_no_ratings","cum_no_ratings_owned","cum_no_ratings_not_owned","cum_no_ratings_prev_owned","cum_no_ratings_comment","cum_no_ratings_no_comment","cum_avg_rating","cum_avg_rating_owned","cum_avg_rating_not_owned","cum_avg_rating_prev_owned","cum_avg_rating_comment","cum_avg_rating_no_comment","month_after_release"
"1",2006,10,7.3,14,7.81428571428571,6.78571428571429,NA,7.2,7.375,7,7,0,6,8,14,7,7,0,6,8,7.3,7.81428571428571,6.78571428571429,NA,7.2,7.375,0
"2",2006,11,7.10227272727273,22,7.81818181818182,6.38636363636364,7,7.1875,7,11,11,1,12,10,36,18,18,1,18,18,7.17916666666667,7.81666666666667,6.54166666666667,7,7.19166666666667,7.16666666666667,1
"3",2006,12,7.10606060606061,33,8.35,6.56521739130435,6.6875,6.30357142857143,7.69736842105263,10,23,4,14,19,69,28,41,5,32,37,7.14420289855072,8.00714285714286,6.55487804878049,6.75,6.803125,7.43918918918919,2
"4",2007,1,6.8125,40,7.28947368421053,6.38095238095238,7.875,6.58333333333333,7,19,21,4,18,22,109,47,62,9,50,59,7.02247706422018,7.71702127659574,6.49596774193548,7.25,6.724,7.27542372881356,3
"5",2007,2,7.13294314285714,35,7.52631578947368,6.665813125,7.05,6.91666666666667,7.24578304347826,19,16,4,12,23,144,66,78,13,62,82,7.04932645833333,7.66212121212121,6.53080782051282,7.18846153846154,6.76129032258064,7.26710987804878,4
"6",2007,3,6.70882352941176,34,7.46923076923077,6.23809523809524,6,6.32142857142857,6.98,13,21,2,14,20,178,79,99,15,76,102,6.98428657303371,7.63037974683544,6.46871727272727,7.03,6.68026315789474,7.21081382352941,5
"7",2007,4,7.09657894736842,38,7.61904761904762,6.45117647058824,7,7.1875,7.03045454545455,21,17,2,16,22,216,100,116,17,92,124,7.00404171296296,7.628,6.46614663793103,7.02647058823529,6.76847826086957,7.17881459677419,6
"8",2007,5,7.048,25,7.27272727272727,6.87142857142857,7,6.63,7.32666666666667,11,14,2,10,15,241,111,130,19,102,139,7.00860170124481,7.59279279279279,6.50979238461538,7.02368421052631,6.75490196078431,7.19476985611511,7
"9",2007,6,7.75,28,7.94444444444444,7.4,NA,7.96428571428571,7.53571428571429,18,10,0,14,14,269,129,140,19,116,153,7.08577327137546,7.64186046511628,6.57337864285714,7.02368421052631,6.90086206896552,7.22596738562092,8
"10",2007,7,7.129,25,7.57692307692308,6.64375,9,6.90892857142857,7.40909090909091,13,12,1,14,11,294,142,152,20,130,164,7.08944901360544,7.63591549295775,6.57893427631579,7.1225,6.90173076923077,7.23825006097561,9
"11",2007,8,6.89393939393939,33,7.29411764705882,6.46875,7.5,6.60526315789474,7.28571428571429,17,16,4,19,14,327,159,168,24,149,178,7.06971868501529,7.59937106918239,6.56844053571428,7.18541666666667,6.86392617449664,7.24198320224719,10
"12",2007,9,7.3925,40,7.81904761904762,6.92105263157895,7.5,7.04666666666667,7.6,21,19,1,15,25,367,180,187,25,164,203,7.10489920980926,7.625,6.60426743315508,7.198,6.88064024390244,7.2860739408867,11
"13",2007,10,7.13333333333333,24,7.87,6.60714285714286,7.5,7.375,6.89166666666667,10,14,2,12,12,391,190,201,27,176,215,7.10664452685422,7.63789473684211,6.60446771144279,7.22037037037037,6.91434659090909,7.26406051162791,12
"14",2007,11,7.02941176470588,34,7.45,6.65555555555556,7.25,7.01764705882353,7.04117647058824,16,18,4,17,17,425,206,219,31,193,232,7.10046590588235,7.62330097087379,6.60866671232877,7.2241935483871,6.92344559585492,7.24772849137931,13
"15",2007,12,7.1328125,32,7.4375,6.828125,6.5,7.23333333333333,7.04411764705882,16,16,2,15,17,457,222,235,33,208,249,7.10273087527352,7.60990990990991,6.62360855319149,7.18030303030303,6.94579326923077,7.23382734939759,14
"16",2008,1,7.09259259259259,27,7.59230769230769,6.62857142857143,6.9,6.98,7.15882352941177,13,14,2,10,17,484,235,249,35,218,266,7.10216530991735,7.60893617021277,6.62388759036144,7.16428571428571,6.9473623853211,7.22903387218045,15
"17",2008,2,6.975,22,7.87,6.22916666666667,8,6.68333333333333,7.325,10,12,1,12,10,506,245,261,36,230,276,7.09663638339921,7.61959183673469,6.60573950191571,7.1875,6.93358695652174,7.2325109057971,16
"18",2008,3,6.71111111111111,27,7.45714285714286,6.45,NA,6.44444444444444,7.24444444444444,7,20,0,18,9,533,252,281,36,248,285,7.07710696060037,7.61507936507937,6.59465483985765,7.1875,6.89808467741936,7.23288775438596,17
"19",2008,4,7.28636363636364,22,7.75,6.73,8,7.25454545454545,7.31818181818182,12,10,1,11,11,555,264,291,37,259,296,7.08540181981982,7.62121212121212,6.59930587628866,7.20945945945946,6.91322393822394,7.23605746621622,18
"20",2008,5,6.66666666666667,30,7.38888888888889,6.35714285714286,6.33333333333333,6.67857142857143,6.65625,9,21,3,14,16,585,273,312,40,273,312,7.06392822222222,7.61355311355311,6.58300644230769,7.14375,6.90119047619048,7.20632375,19
"21",2008,6,7.27142857142857,21,7.64166666666667,6.77777777777778,7,7.55,7.01818181818182,12,9,1,10,11,606,285,321,41,283,323,7.07111882838284,7.61473684210526,6.58846732087227,7.14024390243902,6.92411660777385,7.19991643962848,20
"22",2008,7,7.25217391304348,23,7.52142857142857,6.83333333333333,6.6,7.25555555555556,7.25,14,9,5,9,14,629,299,330,46,292,337,7.0777392845787,7.61036789297659,6.59514548484848,7.08152173913043,6.93433219178082,7.20199706231454,21
"23",2008,8,6.88260869565217,23,7.41666666666667,6.3,3.5,6.95,6.83076923076923,12,11,2,10,13,652,311,341,48,302,350,7.07085584355828,7.60289389067524,6.5856246627566,6.93229166666667,6.93485099337748,7.1882086,22
"24",2008,9,6.86111111111111,18,7.2,6.4375,6,6.625,6.97916666666667,10,8,2,6,12,670,321,349,50,308,362,7.06522091044776,7.59034267912773,6.58222925501433,6.895,6.92881493506493,7.18127903314917,23
"25",2008,10,6.94736842105263,19,8.08333333333333,6.42307692307692,6.25,6.72222222222222,7.15,6,13,4,9,10,689,327,362,54,317,372,7.06197098693759,7.59938837920489,6.57651383977901,6.84722222222222,6.92294952681388,7.18043819892473,24
"26",2008,11,6.875,28,7.7,6.41666666666667,6.7,6.58333333333333,7.09375,10,18,5,12,16,717,337,380,59,329,388,7.05466947001395,7.60237388724036,6.56894213157895,6.83474576271186,6.91056231003039,7.17686342783505,25
"27",2008,12,6.78148148148148,27,7.43076923076923,6.17857142857143,6.5,6.37857142857143,7.21538461538462,13,14,4,14,13,744,350,394,63,343,401,7.04475538978495,7.596,6.55507109137056,6.81349206349206,6.88884839650146,7.17811224438903,26
"28",2009,1,6.77916666666667,24,7.07777777777778,6.6,7.33333333333333,7.0625,6.6375,9,15,3,8,16,768,359,409,66,351,417,7.0364557421875,7.58300835654596,6.55671885085575,6.83712121212121,6.89280626780627,7.15736932853717,27
"29",2009,2,6.6828125,32,7.19,6.23529411764706,7.33333333333333,6.98,6.54772727272727,15,17,3,10,22,800,374,426,69,361,439,7.0223100125,7.56724598930481,6.54389204225352,6.85869565217391,6.8952216066482,7.1268177904328,28
"30",2009,3,7.12727272727273,22,7.65384615384615,6.36666666666667,9,8,6.87058823529412,13,9,1,5,17,822,387,435,70,366,456,7.02511923357664,7.57015503875969,6.54022531034483,6.88928571428571,6.91031420765027,7.11726537280702,29
"31",2009,4,6.675,26,7.24285714285714,6.46578947368421,5.83333333333333,6.52222222222222,6.75588235294118,7,19,6,9,17,848,394,454,76,375,473,7.01438444575472,7.56434010152284,6.53711015418502,6.80592105263158,6.901,7.10427697674419,30
"32",2009,5,7.15,20,7.38888888888889,6.95454545454545,7.33333333333333,7.33333333333333,7.07142857142857,9,11,3,6,14,868,403,465,79,381,487,7.0175092281106,7.56042183622829,6.54698496774194,6.82594936708861,6.90780839895013,7.10333266940452,31
"33",2009,6,7.07391304347826,23,7.57,6.69230769230769,7.25,7.15,7.03333333333333,10,13,4,8,15,891,413,478,83,389,502,7.01896521885522,7.56065375302663,6.55093725941423,6.84638554216868,6.91278920308483,7.10124105577689,32
"34",2009,7,7.052,25,7.91111111111111,6.56875,5.5,6.83333333333333,7.12105263157895,9,16,2,6,19,916,422,494,85,395,521,7.01986682314411,7.56812796208531,6.5515141902834,6.81470588235294,6.91158227848101,7.10196355086372,33
"35",2009,8,7.15789473684211,19,7.85714285714286,6.75,7.33333333333333,7.33333333333333,7.125,7,12,3,3,16,935,429,506,88,398,537,7.0226716684492,7.57284382284382,6.55622136363636,6.83238636363636,6.91476130653266,7.1026499255121,34
"36",2009,9,6.62903225806452,31,7.39285714285714,6,5.5,6.5,6.67391304347826,14,17,2,8,23,966,443,523,90,406,560,7.01003934782609,7.56715575620767,6.53814151051625,6.80277777777778,6.90658866995074,7.08504108928571,35
"37",2009,10,7.21666666666667,24,7.0625,7.29375,7.2,7.66666666666667,7.15238095238095,8,16,2,3,21,990,451,539,92,409,581,7.01504849494949,7.55820399113082,6.5605714471243,6.81141304347826,6.91216381418093,7.08747506024096,36
"38",2009,11,6.5,28,6.91666666666667,6.1875,6.33333333333333,6.7,6.38888888888889,12,16,6,10,18,1018,463,555,98,419,599,7.00088213163065,7.54157667386609,6.54981623423423,6.78214285714286,6.90710023866348,7.06648248747913,37
"39",2009,12,6.85833333333333,18,7.15833333333333,6.70833333333333,6.8,6.83333333333333,6.87083333333333,6,12,5,6,12,1036,469,567,103,425,611,6.99840541505792,7.5366737739872,6.55317109347443,6.78300970873786,6.90605882352941,7.06263995090016,38
"40",2010,1,6.36034482758621,29,6.88,5.80357142857143,6.85714285714286,6.01333333333333,6.73214285714286,15,14,7,15,14,1065,484,581,110,440,625,6.98103099530516,7.51632231404958,6.53510845094664,6.78772727272727,6.875625,7.055236816,39
"41",2010,2,7.58823529411765,17,8.38888888888889,6.6875,6,9,7.4,9,8,1,2,15,1082,493,589,111,442,640,6.99057117375231,7.53225152129817,6.5371782852292,6.78063063063063,6.88523755656109,7.063317203125,40
"42",2010,3,6.84074074074074,27,7.42222222222222,6.55,6.5,6.54285714285714,6.945,9,18,2,7,20,1109,502,607,113,449,660,6.98692336339044,7.53027888446215,6.53755850082372,6.77566371681416,6.87989977728285,7.05973183333333,41
"43",2010,4,6.58333333333333,18,6.9,6.46153846153846,7,7.75,6.4375,5,13,2,2,16,1127,507,620,115,451,676,6.98047738243123,7.52406311637081,6.53596453225807,6.7795652173913,6.88375831485588,7.04500445266272,42
"44",2010,5,7.55555555555556,9,8.125,7.1,7.25,8,7.5,4,5,2,1,8,1136,511,625,117,452,684,6.98503345950704,7.52876712328767,6.540476816,6.78760683760684,6.88622787610619,7.0503260380117,43
"45",2010,6,7.11111111111111,9,7.5,6.8,6.33333333333333,7,7.14285714285714,4,5,3,2,7,1145,515,630,120,454,691,6.9860244628821,7.52854368932039,6.54253652380952,6.77625,6.88672907488987,7.05126340086831,44
"46",2010,7,7.06875,16,7.3125,6.825,NA,7.1,7.05454545454545,8,8,0,5,11,1161,523,638,120,459,702,6.98716452196382,7.52523900573614,6.54607838557994,6.77625,6.8890522875817,7.05131482905983,45
"47",2010,8,7.375,8,7.5,7.33333333333333,8,7.25,7.5,2,6,1,4,4,1169,525,644,121,463,706,6.98981865697177,7.52514285714286,6.55341305900621,6.78636363636364,6.89217062634989,7.05385695467422,46
"48",2010,9,7.06071428571429,14,7.31,6.92222222222222,7.8,6,7.2375,5,9,1,2,12,1183,530,653,122,465,718,6.99065765849535,7.52311320754717,6.55849618683002,6.79467213114754,6.88833333333333,7.05692619777159,47
"49",2010,10,6.5125,16,7,6.13333333333333,8.2,6.6,6.47272727272727,7,9,1,5,11,1199,537,662,123,470,729,6.9842769057548,7.51629422718808,6.55271602719033,6.80609756097561,6.88526595744681,7.04811112482853,48
"50",2010,11,6.885,26,7.67888888888889,6.46470588235294,6.25,6.78888888888889,6.93588235294118,9,17,2,9,17,1225,546,679,125,479,746,6.98216980408163,7.51897435897436,6.55051253313697,6.7972,6.88345511482255,7.04555363270778,49
"51",2010,12,6.33333333333333,18,7,6,5.66666666666667,5.8,6.53846153846154,6,12,3,5,13,1243,552,691,128,484,759,6.97277394207562,7.51333333333333,6.54095225759769,6.770703125,6.87226239669421,7.03686826086957,50
"52",2011,1,7.26470588235294,17,7.78571428571429,6.9,8,8,6.95833333333333,7,10,2,5,12,1260,559,701,130,489,771,6.97671270634921,7.51674418604651,6.54607419400856,6.78961538461538,6.88379345603272,7.03564592736706,51
"53",2011,2,6.96583333333333,12,7.418,6.64285714285714,7.25,8,6.87181818181818,5,7,2,1,11,1272,564,708,132,490,782,6.97661007075472,7.51586879432624,6.54703108757062,6.79659090909091,6.88607142857143,7.03334144501279,52
"54",2011,3,6.55333333333333,15,8.075,6,5.5,6.75,6.52307692307692,4,11,2,2,13,1287,568,719,134,492,795,6.97167677544678,7.51980633802817,6.53866204450626,6.77723880597015,6.88551829268293,7.02499749685535,53
"55",2011,4,7.2,15,7.825,6.48571428571429,7.25,7.58,7.01,8,7,2,5,10,1302,576,726,136,497,805,6.97430722734255,7.52404513888889,6.53815152892562,6.78419117647059,6.89250503018109,7.02481119254658,54
"56",2011,5,6.97619047619048,21,7.5375,6.63076923076923,6.66666666666667,6.75,7.02941176470588,8,13,3,4,17,1323,584,739,139,501,822,6.97433712018141,7.5242294520548,6.53978079837618,6.78165467625899,6.89136726546906,7.02490633819951,55
"57",2011,6,6.17692307692308,13,7.875,5.42222222222222,NA,4,6.35833333333333,4,9,0,1,12,1336,588,748,139,502,834,6.96657785179641,7.5266156462585,6.52633423796791,6.78165467625899,6.88560756972111,7.01531535971223,56
"58",2011,7,6.21153846153846,13,6.5,6.15909090909091,5.625,5.85,6.4375,2,11,4,5,8,1349,590,759,143,507,842,6.95930171237954,7.52313559322034,6.52101187088274,6.7493006993007,6.87539447731755,7.00982542755345,57
"59",2011,8,6.63333333333333,15,6.83333333333333,6.58333333333333,6.66666666666667,6.625,6.63636363636364,3,12,3,4,11,1364,593,771,146,511,853,6.95571701612903,7.51964586846543,6.52198185473411,6.74760273972603,6.87343444227006,7.00500939038687,58
"60",2011,9,6.61666666666667,6,8.1,5.875,6.75,6.675,6.5,2,4,2,4,2,1370,595,775,148,515,855,6.95423212408759,7.52159663865546,6.51864259354839,6.74763513513514,6.87189320388349,7.00382808187135,59
"61",2011,10,6.5,15,7.375,6.18181818181818,6,6.78571428571429,6.25,4,11,3,7,8,1385,599,786,151,522,863,6.94931264259928,7.52061769616027,6.51392876590331,6.73278145695364,6.87073754789272,6.99684010428737,60
"62",2011,11,6.37058823529412,17,7.32857142857143,5.7,7,7,6.10833333333333,7,10,2,5,12,1402,606,796,153,527,875,6.94229529957204,7.51839933993399,6.50370353015075,6.73627450980392,6.87196394686907,6.98465486857143,61
"63",2011,12,7.03571428571429,14,6.85714285714286,7.21428571428571,7,7.25,6.95,7,7,2,4,10,1416,613,803,155,531,885,6.94321893361582,7.51084828711256,6.50989789539228,6.73967741935484,6.87481167608286,6.98426328813559,62
"64",2012,1,7.10294117647059,17,7.9,6.77083333333333,7.375,6.75,7.29545454545455,5,12,6,6,11,1433,618,815,161,537,896,6.94511375436148,7.51399676375405,6.51373988957055,6.76335403726708,6.87341713221601,6.98808371651786,63
"65",2012,2,6.9375,8,7.66666666666667,6.5,6.5,6.5,7.2,3,5,3,3,5,1441,621,820,164,540,901,6.94507148507981,7.51473429951691,6.5136561097561,6.75853658536585,6.87134259259259,6.98925972253052,64
"66",2012,3,6.8125,8,6.9,6.66666666666667,NA,6.875,6.75,5,3,0,4,4,1449,626,823,164,544,905,6.94433955141477,7.50982428115016,6.51421386391252,6.75853658536585,6.87136948529412,6.98820222099448,65
"67",2012,4,6.94444444444444,9,7.25,6.33333333333333,6,6.16666666666667,7.33333333333333,6,3,2,3,6,1458,632,826,166,547,911,6.94434019890261,7.50735759493671,6.51355691283293,6.74939759036145,6.86750457038391,6.99047531284303,66
"68",2012,5,6.4,5,8,6,NA,5.5,6.625,1,4,0,1,4,1463,633,830,166,548,915,6.94247984278879,7.50813586097946,6.51108193975904,6.74939759036145,6.86500912408759,6.98887760655738,67
"69",2012,6,7.084375,16,7.34444444444444,6.75,7,6,7.57727272727273,9,7,1,5,11,1479,642,837,167,553,926,6.94401488167681,7.50584112149533,6.51308005973716,6.75089820359281,6.85718806509946,6.99586718142549,68
"70",2012,7,6.85142857142857,7,8,5.99,NA,9,6.49333333333333,3,4,0,1,6,1486,645,841,167,554,932,6.94357874158816,7.50813953488372,6.51059216409037,6.75089820359281,6.8610559566787,6.99263198497854,69
"71",2012,8,5.98111111111111,9,6,5.97571428571429,5.8325,6.11,5.91666666666667,2,7,4,3,6,1495,647,848,171,557,938,6.93778462207358,7.50347758887172,6.50617689858491,6.72941520467836,6.85701077199282,6.98574947761194,70
"72",2012,9,6.97,10,7.6,6.55,6.5,5.76666666666667,7.48571428571429,4,6,3,3,7,1505,651,854,174,560,945,6.93799867774086,7.50407066052227,6.50648478922717,6.72545977011494,6.85116964285714,6.98945292063492,71
"73",2012,10,5.79166666666667,12,6.75,5.3125,6,6.66666666666667,5.5,4,8,1,3,9,1517,655,862,175,563,954,6.92893079103494,7.49946564885496,6.49540372389791,6.72131428571429,6.8501865008881,6.97540147798742,72
"74",2012,11,7.27272727272727,11,7.5,7.14285714285714,7,7.33333333333333,7.25,4,7,1,3,8,1528,659,869,176,566,962,6.93140576570681,7.499468892261,6.50061911392405,6.72289772727273,6.85274734982332,6.97768504158004,73
"75",2012,12,6.57142857142857,14,7.125,5.83333333333333,NA,6.07142857142857,7.07142857142857,8,6,0,7,7,1542,667,875,176,573,969,6.92813749027237,7.49497751124438,6.49604344,6.72289772727273,6.84320244328098,6.97836223942209,74
"76",2013,1,6.34615384615385,13,7.08333333333333,5.71428571428571,6,6.5,6.31818181818182,6,7,1,2,11,1555,673,882,177,575,980,6.92327203215434,7.49130757800892,6.48983901360544,6.71881355932203,6.84200869565217,6.97095205102041,75
"77",2013,2,6.66923076923077,13,7.44,6.1875,6.33333333333333,6.7,6.64285714285714,5,8,3,6,7,1568,678,890,180,581,987,6.92116582270408,7.49092920353982,6.48712135955056,6.71238888888889,6.8405421686747,6.96862513677812,76
"78",2013,3,6.77777777777778,9,7.375,6.3,7,7,6.71428571428571,4,5,1,2,7,1577,682,895,181,583,994,6.92034750158529,7.49024926686217,6.48607598882682,6.71397790055249,6.84108919382504,6.96683401408451,77
"79",2013,4,7.34090909090909,11,7.5,7.15,8,6,7.475,6,5,1,1,10,1588,688,900,182,584,1004,6.9232607115869,7.49033430232558,6.48976445555556,6.72104395604396,6.83964897260274,6.97189542828685,78
"80",2013,5,7.38333333333333,6,8,7.26,6.9,7,7.46,1,5,2,1,5,1594,689,905,184,585,1009,6.92499247804266,7.4910740203193,6.49401990055249,6.72298913043478,6.83992307692308,6.97431418235877,79
"81",2013,6,6.86666666666667,15,7.5,6.14285714285714,NA,8.5,6.61538461538461,8,7,0,2,13,1609,697,912,184,587,1022,6.92444873213176,7.49117647058824,6.49132457236842,6.72298913043478,6.84557921635434,6.96974854207437,80
"82",2013,7,6.42,10,6.33333333333333,6.55,NA,7,6.275,6,4,0,2,8,1619,703,916,184,589,1030,6.92133292773317,7.48129445234708,6.49158079694323,6.72298913043478,6.84610356536502,6.96435243689321,81
"83",2013,8,7.55,10,7.92857142857143,6.66666666666667,8,8,7.35714285714286,7,3,1,3,7,1629,710,919,185,592,1037,6.9251921485574,7.48570422535211,6.49215235038085,6.72989189189189,6.85195101351351,6.96700386692382,82
"84",2013,9,6.54166666666667,12,7.4,5.92857142857143,NA,4.75,6.9,5,7,0,2,10,1641,715,926,185,594,1047,6.9223875746496,7.4851048951049,6.48789201943845,6.72989189189189,6.84487373737374,6.96636390639924,83
"85",2013,10,6.66666666666667,12,7.2,6.28571428571429,6.5,8.66666666666667,6,5,7,2,3,9,1653,720,933,187,597,1056,6.9205311615245,7.483125,6.48637514469453,6.72743315508021,6.85402847571189,6.95812785037879,84
"86",2013,11,7.2,20,7.64166666666667,6.5375,7.575,6.825,7.29375,12,8,4,4,16,1673,732,941,191,601,1072,6.92387209205021,7.48572404371585,6.48680978746015,6.7451832460733,6.85383527454243,6.96313713619403,85
"87",2013,12,6.98,10,7.8,5.75,NA,5.25,7.4125,6,4,0,2,8,1683,738,945,191,603,1080,6.92420559120618,7.48827913279133,6.48369101587302,6.7451832460733,6.84851575456053,6.96646575,86
"88",2014,1,6.94642857142857,14,7.46875,6.25,6.33333333333333,7,6.9375,8,6,3,2,12,1697,746,951,194,605,1092,6.92438892751915,7.48806970509383,6.48221662460568,6.73881443298969,6.84901652892562,6.96614744505495,87
"89",2014,2,6.9,10,7.25,6.375,6.5,NA,6.9,6,4,3,0,10,1707,752,955,197,605,1102,6.92424605155243,7.48617021276596,6.48176754973822,6.73517766497462,6.84901652892562,6.96554719600726,88
"90",2014,3,6.41666666666667,12,6.125,6.5625,6.66666666666667,8,6.27272727272727,4,8,3,1,11,1719,756,963,200,606,1113,6.9207027399651,7.47896825396825,6.48243822429907,6.73415,6.85091584158416,6.95869991913747,89
"91",2014,4,7.23928571428571,14,7.5,6.89166666666667,6.5,6,7.33461538461538,8,6,3,1,13,1733,764,969,203,607,1126,6.9232764050779,7.47918848167539,6.48497214654283,6.73068965517241,6.84951400329489,6.96303997335702,90
"92",2014,5,6.83333333333333,3,6.5,7,NA,NA,6.83333333333333,1,2,0,0,3,1736,765,971,203,607,1129,6.9231209735023,7.47790849673203,6.48603296601442,6.73068965517241,6.84951400329489,6.96269531443756,91
"93",2014,6,7.06428571428571,7,7.675,6.25,NA,7.8625,6,4,3,0,4,3,1743,769,974,203,611,1132,6.92368790017212,7.47893368010403,6.4853059650924,6.73068965517241,6.85614566284779,6.96014400176679,92
"94",2014,7,6.64285714285714,7,7.125,6,7,6,7.125,4,3,1,3,4,1750,773,977,204,614,1136,6.92256457714286,7.4771021992238,6.4838157727738,6.73200980392157,6.85196254071661,6.9607244806338,93
"95",2014,8,6.38888888888889,9,7.5,5.5,NA,8,5.92857142857143,4,5,0,2,7,1759,777,982,204,616,1143,6.91983400227402,7.47722007722008,6.47880652749491,6.73200980392157,6.85568993506493,6.95440333333333,94
"96",2014,9,6.9,5,7.16666666666667,6.5,NA,NA,6.9,3,2,0,0,5,1764,780,984,204,616,1148,6.91977778344671,7.47602564102564,6.47884960365854,6.73200980392157,6.85568993506493,6.95416638501742,95
"97",2014,10,7.06,10,7.25,6.93333333333333,7.83333333333333,7,7.08571428571429,4,6,3,3,7,1774,784,990,207,619,1155,6.92056821307779,7.47487244897959,6.48160405050505,6.74797101449275,6.85638933764135,6.95496364502165,96
"98",2014,11,7.2,14,7.96666666666667,6.625,NA,7.33333333333333,7.16363636363636,6,8,0,3,11,1788,790,998,207,622,1166,6.92275615771812,7.47860759493671,6.48275351703407,6.74797101449275,6.85868971061093,6.95693225557461,97
"99",2014,12,7.18333333333333,12,7.8,6.74285714285714,6.66666666666667,7.75,7.07,5,7,3,2,10,1800,795,1005,210,624,1176,6.92449333888889,7.48062893081761,6.4845651840796,6.74680952380952,6.86154647435897,6.95789371598639,98
"100",2015,1,6.36666666666667,9,6.575,6.2,6,6.3,6.45,4,5,2,5,4,1809,799,1010,212,629,1180,6.92171808181316,7.47609511889862,6.48315644554456,6.7397641509434,6.8570826709062,6.95617204237288,99
"101",2015,2,6.3,9,7,5.95,6,7.175,5.6,3,6,4,4,5,1818,802,1016,216,633,1185,6.91864026952695,7.47431421446384,6.48000788385827,6.72606481481481,6.85909162717219,6.95044979746836,100
"102",2015,3,7.66,5,7.575,8,NA,NA,7.66,4,1,0,0,5,1823,806,1017,216,633,1190,6.92067362040592,7.47481389578164,6.48150246804327,6.72606481481481,6.85909162717219,6.95343110084034,101
"103",2015,4,7.41666666666667,12,7.6,7.28571428571429,7.5,8,7.3,5,7,2,2,10,1835,811,1024,218,635,1200,6.92391717166213,7.47558569667078,6.48700000976563,6.73316513761468,6.86268503937008,6.956319175,102
"104",2015,5,6.5,5,7.5,5.83333333333333,5,5,6.875,2,3,1,1,4,1840,813,1027,219,636,1204,6.92276522282609,7.47564575645757,6.4850905647517,6.72525114155251,6.85975628930817,6.95604901162791,103
"105",2015,6,7.75,4,8.33333333333333,6,NA,10,7,3,1,0,1,3,1844,816,1028,219,637,1207,6.92455965835141,7.47879901960784,6.48461868677043,6.72525114155251,6.86468602825745,6.95615825186413,104
"106",2015,7,6.5,2,7,6,NA,NA,6.5,1,1,0,0,2,1846,817,1029,219,637,1209,6.92409968039003,7.47821297429621,6.48414772594752,6.72525114155251,6.86468602825745,6.95540364764268,105
"107",2015,8,7.21428571428571,7,7.25,7.16666666666667,7,7,7.3,4,3,2,2,5,1853,821,1032,221,639,1214,6.92519590393956,7.47710109622412,6.48613179263566,6.72773755656109,6.86510954616588,6.956822907743,106
"108",2015,9,6.44545454545455,11,7.18,5.83333333333333,NA,5.275,7.11428571428571,5,6,0,4,7,1864,826,1038,221,643,1221,6.92236481223176,7.47530266343826,6.4823583911368,6.72773755656109,6.85521772939347,6.95772564291564,107
"109",2015,10,6.96,5,6,7.2,NA,NA,6.96,1,4,0,0,5,1869,827,1042,221,643,1226,6.92246549491707,7.47351874244256,6.48511325335893,6.72773755656109,6.85521772939347,6.95773491843393,108
"110",2015,11,6.5,12,6.5,6.5,6.75,6.83333333333333,6.38888888888889,3,9,2,3,9,1881,830,1051,223,646,1235,6.91977034024455,7.47,6.48524073263559,6.72793721973094,6.85511609907121,6.95358948178138,109
"111",2015,12,7.26666666666667,6,8,6.9,7.5,7,7.32,2,4,1,1,5,1887,832,1055,224,647,1240,6.92087334923158,7.47127403846154,6.48681327962085,6.73138392857143,6.8553400309119,6.95506694354839,110
"112",2016,1,6.75,9,7.35,6,6.5,6.91666666666667,6.66666666666667,5,4,2,3,6,1896,837,1059,226,650,1246,6.92006224156118,7.47054958183991,6.48497451369216,6.72933628318584,6.85562307692308,6.95367817817014,111
"113",2016,2,6.6,5,7,6,NA,NA,6.6,3,2,0,0,5,1901,840,1061,226,650,1251,6.91922041557075,7.46886904761905,6.48406032987748,6.72933628318584,6.85562307692308,6.95226459632294,112
"114",2016,3,6.77777777777778,9,7.25,6.4,6.25,7.75,6.5,4,5,2,2,7,1910,844,1066,228,652,1258,6.91855393193717,7.4678317535545,6.48366605065666,6.72513157894737,6.85836656441718,6.94974802066773,113
"115",2016,4,7.63636363636364,11,7.625,7.66666666666667,NA,8.5,7.55,8,3,0,1,10,1921,852,1069,228,653,1268,6.92266424258199,7.46930751173709,6.48698597754911,6.72513157894737,6.86088055130168,6.95448186908517,114
"116",2016,5,7.71428571428571,7,8.33333333333333,7.25,NA,7.75,7.7,3,4,0,2,5,1928,855,1073,228,655,1273,6.92553838692946,7.47233918128655,6.48983039142591,6.72513157894737,6.86359541984733,6.95741006284368,115
"117",2016,6,6.575,10,8.5,6.09375,5.25,6.63,6.52,2,8,3,5,5,1938,857,1081,231,660,1278,6.92372962332301,7.47473745624271,6.48689917668825,6.70597402597403,6.86182575757576,6.95569875586854,116
"118",2016,7,5.33333333333333,3,NA,5.33333333333333,6,5.5,5,0,3,1,2,1,1941,857,1084,232,662,1279,6.92127151468315,7.47473745624271,6.48370665129151,6.70293103448276,6.85771148036254,6.95416967161845,117
"119",2016,8,6.5,7,7.16666666666667,6,5,6.25,6.6,3,4,1,2,5,1948,860,1088,233,664,1284,6.91975770533881,7.47366279069767,6.48192831801471,6.69562231759657,6.85588102409638,6.95279050623053,118
"120",2016,9,6.465,10,6.5,6.45625,7,7.325,6.25,2,8,3,2,8,1958,862,1096,236,666,1292,6.91743514300306,7.47140371229698,6.4817408850365,6.69949152542373,6.85728978978979,6.9484388622291,119
"121",2016,10,6.78571428571429,7,6.5,7,7,6,7.1,3,4,1,2,5,1965,865,1100,237,668,1297,6.91696590839695,7.46803468208093,6.48362546363636,6.70075949367089,6.85472305389221,6.94902313801079,120
"122",2016,11,6.54166666666667,6,6.5,6.5625,NA,NA,6.54166666666667,2,4,0,0,6,1971,867,1104,237,668,1303,6.9158234449518,7.46580161476355,6.48391124094203,6.70075949367089,6.85472305389221,6.9471473599386,121
"123",2016,12,5.91666666666667,6,7.5,5.6,NA,NA,5.91666666666667,1,5,0,0,6,1977,868,1109,237,668,1309,6.91279110268083,7.46584101382489,6.47992606853021,6.70075949367089,6.85472305389221,6.94242399541635,122
"124",2017,1,7.11111111111111,9,7.4,6.75,NA,6.66666666666667,7.33333333333333,5,4,0,3,6,1986,873,1113,237,671,1315,6.91368983383686,7.46546391752577,6.48089668463612,6.70075949367089,6.8538822652757,6.9442076121673,123
"125",2017,2,6.28571428571429,7,8,5.6,NA,NA,6.28571428571429,2,5,0,0,7,1993,875,1118,237,671,1322,6.91148419969895,7.46668571428572,6.47695707513417,6.70075949367089,6.8538822652757,6.94072088502269,124
"126",2017,3,6.66666666666667,6,6.6,7,NA,8.5,6.3,5,1,0,1,5,1999,880,1119,237,672,1327,6.91074937968984,7.46176136363636,6.4774244950849,6.70075949367089,6.85633184523809,6.93830671439337,125
"127",2017,4,6.28,11,6.77,6,7,7.54,6,4,7,3,2,9,2010,884,1126,240,674,1336,6.90729751741294,7.45863122171946,6.47445649200711,6.7045,6.85836053412463,6.93198578592814,126
"128",2017,5,7.6,5,8.5,6.25,NA,6.75,8.16666666666667,3,2,0,2,3,2015,887,1128,240,676,1339,6.90901638213399,7.46215332581736,6.47405851950355,6.7045,6.8580399408284,6.93475206123973,127
"129",2017,6,7.1,5,7,7.16666666666667,8,7,7.125,2,3,1,1,4,2020,889,1131,241,677,1343,6.90948911386139,7.46111361079865,6.47589567639257,6.7098755186722,6.85824963072378,6.93531869694713,128
"130",2017,7,7.11111111111111,9,7.33333333333333,7,6.5,6,7.66666666666667,3,6,2,3,6,2029,892,1137,243,680,1349,6.91038344504682,7.46068385650224,6.47866139841689,6.70814814814815,6.85446323529411,6.93857154188288,129
"131",2017,8,6.66666666666667,6,7.25,5.5,6,5.5,7.25,4,2,1,2,4,2035,896,1139,244,682,1353,6.90966486977887,7.45974330357143,6.47694294117647,6.70524590163934,6.85049120234604,6.93949224685883,130
"132",2017,9,7.5,4,NA,7.5,8,8,7,0,4,1,2,2,2039,896,1143,245,684,1355,6.91082295733202,7.45974330357143,6.48052319335083,6.7105306122449,6.85385233918128,6.93958155719557,131
"133",2017,10,6.72222222222222,9,8,5.7,NA,8,6.35714285714286,4,5,0,2,7,2048,900,1148,245,686,1362,6.90999414550781,7.46214444444445,6.4771237020906,6.7105306122449,6.85719387755102,6.93658811306902,132
"134",2017,11,7.36363636363636,11,7.8,7,6.5,8.5,6.71428571428571,5,6,2,4,7,2059,905,1154,247,690,1369,6.91241768334143,7.46401104972376,6.47984229636049,6.70882591093117,6.86671739130434,6.93545143170197,133
"135",2017,12,6.675,4,6,6.9,NA,6,6.9,1,3,0,1,3,2063,906,1157,247,691,1372,6.91195734852157,7.46239514348786,6.48093172860847,6.70882591093117,6.86546309696092,6.93537391399417,134
"136",2018,1,6.76923076923077,13,7.45714285714286,5.96666666666667,NA,7.52,6.3,7,6,0,5,8,2076,913,1163,247,696,1380,6.91106358863198,7.46235487404162,6.47827859845228,6.70882591093117,6.87016522988506,6.93169058695652,135
"137",2018,2,7.495,4,7,7.66,NA,NA,7.495,1,3,0,0,4,2080,914,1166,247,696,1384,6.91218654326923,7.46184901531729,6.48131904802745,6.70882591093117,6.87016522988506,6.93331864884393,136
"138",2018,3,6.5,5,6.5,6.5,NA,5,7.5,1,4,0,2,3,2085,915,1170,247,698,1387,6.91119808633094,7.46079781420765,6.48138291452992,6.70882591093117,6.86480659025788,6.93454434751262,137
"139",2018,4,6.94545454545455,11,7.07142857142857,6.725,7.4,7.46666666666667,6.75,7,4,1,3,8,2096,922,1174,248,701,1395,6.91137786736641,7.45784164859002,6.48221295570699,6.71161290322581,6.86738231098431,6.93348602867384,138
"140",2018,5,7.25,4,9,6.66666666666667,6.66666666666667,8,6.5,1,3,3,2,2,2100,923,1177,251,703,1397,6.91202286190476,7.45951245937161,6.48268310110451,6.71107569721116,6.87060455192034,6.93286543307087,139
"141",2018,6,7.23333333333333,9,7.56,6.825,NA,8.65,6.82857142857143,5,4,0,2,7,2109,928,1181,251,705,1404,6.91339403034614,7.46005387931034,6.48384251481795,6.71107569721116,6.8756524822695,6.93234544871795,140
"142",2018,7,5,1,NA,5,NA,NA,5,0,1,0,0,1,2110,928,1182,251,705,1405,6.91248720853081,7.46005387931034,6.48258714890017,6.71107569721116,6.8756524822695,6.930970113879,141
"143",2018,8,7,10,8.5,6.35714285714286,6.16666666666667,6.75,7.16666666666667,3,7,3,4,6,2120,931,1189,254,709,1411,6.91290000471698,7.46340494092374,6.48184862068966,6.70464566929134,6.87494358251058,6.93197236711552,142
"144",2018,9,6.04545454545455,11,7.25,5.35714285714286,4.5,5.66666666666667,6.1875,4,7,2,3,8,2131,935,1196,256,712,1419,6.90842234162365,7.46249197860963,6.47526589464883,6.687421875,6.86985252808989,6.92777520084567,143
"145",2018,10,6.14285714285714,7,6.75,5.9,5,6.25,6.1,2,5,1,2,5,2138,937,1201,257,714,1424,6.90591581384471,7.4609711846318,6.472870949209,6.68085603112841,6.8681162464986,6.92486868679775,144
"146",2018,11,6.34375,8,5.75,6.9375,7,6.5,6.29166666666667,4,4,1,2,6,2146,941,1205,258,716,1430,6.90382013513513,7.45369819341126,6.47441328630706,6.68209302325581,6.86708798882681,6.92221189510489,145
"147",2018,12,6.5,6,7.66666666666667,5.33333333333333,NA,8,6.2,3,3,0,1,5,2152,944,1208,258,717,1435,6.90269424256506,7.454375,6.47157947847683,6.68209302325581,6.8686680613668,6.91969547735192,146
"148",2019,1,6.625,2,NA,6.625,NA,NA,6.625,0,2,0,0,2,2154,944,1210,258,717,1437,6.90243640204271,7.454375,6.47183306611571,6.68209302325581,6.8686680613668,6.91928532359081,147
"149",2019,2,5.9125,8,7,5.75714285714286,3.93333333333333,4.45,7.375,1,7,3,4,4,2162,945,1217,261,721,1441,6.8987733626272,7.45389417989418,6.46772227608875,6.65049808429119,6.85524965325936,6.92055031922276,148
"150",2019,3,5.875,8,7,5.2,NA,7,5.71428571428571,3,5,0,1,7,2170,948,1222,261,722,1448,6.89499908294931,7.45245780590717,6.46253519639935,6.65049808429119,6.85545013850415,6.91471892955801,149
"151",2019,4,7.5,3,7.75,7,7,NA,7.5,2,1,1,0,3,2173,950,1223,262,722,1451,6.89583433502071,7.45308421052632,6.46297466067049,6.6518320610687,6.85545013850415,6.91592902136458,150
"152",2019,5,7.125,4,NA,7.125,7,7.25,7,0,4,1,2,2,2177,950,1227,263,724,1453,6.89625540192926,7.45308421052632,6.46513285248574,6.65315589353612,6.85654005524862,6.91604474191328,151
"153",2019,6,6.9,5,7.75,6.33333333333333,6.5,6,7.125,2,3,2,1,4,2182,952,1230,265,725,1457,6.89626398258478,7.45370798319328,6.46481139024391,6.652,6.85535862068965,6.91661840082361,152
"154",2019,7,7.19090909090909,11,7.44285714285714,6.75,NA,6,7.45555555555556,7,4,0,2,9,2193,959,1234,265,727,1466,6.89774191062472,7.45362877997915,6.46573582658023,6.652,6.85300550206327,6.91992701909959,153
"155",2019,8,7.14285714285714,7,9,6.4,4.5,4.5,7.58333333333333,2,5,1,1,6,2200,961,1239,266,728,1472,6.89852182272727,7.45684703433923,6.46547054882971,6.64390977443609,6.84977335164835,6.92263112092391,154
"156",2019,9,7.08,5,7.45,6.83333333333333,NA,6.95,7.16666666666667,2,3,0,2,3,2205,963,1242,266,730,1475,6.89893333786848,7.45683281412253,6.4663591062802,6.64390977443609,6.85004794520548,6.92312746440678,155
"157",2019,10,7.8,5,8.33333333333333,7,NA,7.5,8,3,2,0,2,3,2210,966,1244,266,732,1478,6.90097195022624,7.45955486542443,6.46721704983923,6.64390977443609,6.8518237704918,6.92531326792963,156
"158",2019,11,6.4375,8,7.75,6,5.5,7.5,5.8,2,6,2,3,5,2218,968,1250,268,735,1483,6.89930027502254,7.46015495867769,6.46497440800001,6.63537313432836,6.8544693877551,6.92151922454484,157
"159",2019,12,7.03,20,7.85714285714286,6.58461538461538,7,7.5,6.9125,7,13,1,4,16,2238,975,1263,269,739,1499,6.90046827971403,7.46300512820513,6.46620586698338,6.63672862453532,6.85796346414073,6.92142295530354,158
"160",2020,1,7.61111111111111,9,8,7.125,NA,8,7.5,5,4,0,2,7,2247,980,1267,269,741,1506,6.90331464619493,7.46574489795918,6.46828572217838,6.63672862453532,6.86104588394062,6.92411222443559,159
"161",2020,2,7.14411764705882,17,7.40625,6.91111111111111,7.66666666666667,7.5,7.09666666666667,8,9,3,2,15,2264,988,1276,272,743,1521,6.9051227959364,7.46526315789474,6.47140909874609,6.64808823529412,6.86276581426648,6.92581394477318,160
"162",2020,4,6.14285714285714,7,6.875,5.16666666666667,4.5,5,6.33333333333333,4,3,1,1,6,2271,992,1279,273,744,1527,6.90277323205636,7.46288306451613,6.46834871774825,6.64021978021978,6.86026209677419,6.92348592665357,162
"163",2020,5,6.45,5,7,6.3125,NA,7,6.3125,1,4,0,1,4,2276,993,1283,273,745,1531,6.90177856326889,7.462416918429,6.46786282930632,6.64021978021978,6.86044966442953,6.92188962116264,163
"164",2020,6,7.61111111111111,9,8.625,6.8,6,8.75,7.28571428571429,4,5,2,2,7,2285,997,1288,275,747,1538,6.90457243326039,7.46708124373119,6.46915218167702,6.63556363636364,6.86550870147255,6.92354552015605,164
"165",2020,7,6.66666666666667,3,6.5,7,NA,6.5,7,2,1,0,2,1,2288,999,1289,275,749,1539,6.90426049388112,7.46514514514515,6.46956401086114,6.63556363636364,6.86453271028037,6.92359519818064,165
"166",2020,8,7.54,5,8.175,5,5,8.85,6.66666666666667,4,1,1,2,3,2293,1003,1290,276,751,1542,6.90564675534235,7.46797607178465,6.46842481395349,6.62963768115942,6.86982023968042,6.92309533722438,166
"167",2020,9,7.125,4,8,6.83333333333333,7.5,7.75,6.5,1,3,1,2,2,2297,1004,1293,277,753,1544,6.90602873748368,7.46850597609562,6.4692714694509,6.6327797833935,6.87215803452855,6.92254728626943,167
"168",2020,10,7.08,5,8.7,6,7,NA,7.08,2,3,1,0,5,2302,1006,1296,278,753,1549,6.906406607298,7.47095427435388,6.46818519290124,6.63410071942446,6.87215803452855,6.9230555261459,168
"169",2020,11,7.7,5,7.625,8,NA,8.5,7.5,4,1,0,1,4,2307,1010,1297,278,754,1553,6.90812657563936,7.47156435643564,6.46936623747109,6.63410071942446,6.87431697612732,6.92454153895686,169
"170",2020,12,6.5,2,8,5,NA,NA,6.5,1,1,0,0,2,2309,1011,1298,278,754,1555,6.90777306626245,7.47208704253215,6.46823421417566,6.63410071942446,6.87431697612732,6.92399550482315,170
"171",2021,1,7.6,7,7.55,7.66666666666667,7,NA,7.6,4,3,1,0,7,2316,1015,1301,279,754,1562,6.90986528929188,7.47239408866995,6.47099770176788,6.63541218637993,6.87431697612732,6.92702497439181,171
"172",2021,2,7.2,5,7,8,8,7,7.33333333333333,4,1,1,2,3,2321,1019,1302,280,756,1565,6.91049031021112,7.47053974484789,6.47217205069125,6.64028571428571,6.87464947089947,6.92780384025559,172
"173",2021,3,6.307,10,7.44,5.82142857142857,NA,7.71,5.95625,3,7,0,2,8,2331,1022,1309,280,758,1573,6.90790133419133,7.47045009784736,6.46869213903744,6.64028571428571,6.87685356200527,6.92286268912905,173
"174",2021,4,6.32142857142857,14,8.25,6,NA,6,6.34615384615385,2,12,0,1,13,2345,1024,1321,280,759,1586,6.90440000426439,7.47197265625,6.46443452687359,6.64028571428571,6.87569828722002,6.91813556746532,174
"175",2021,5,7,3,NA,7,NA,NA,7,0,3,0,0,3,2348,1024,1324,280,759,1589,6.90452215076661,7.47197265625,6.46564804380665,6.64028571428571,6.87569828722002,6.91829012586532,175
"176",2021,6,7.3,5,NA,7.3,6.5,NA,7.3,0,5,2,0,5,2353,1024,1329,282,759,1594,6.905362520187,7.47197265625,6.46878706546276,6.63929078014184,6.87569828722002,6.91948745922208,176
"177",2021,7,6.38888888888889,9,6.5,6.35714285714286,NA,NA,6.38888888888889,2,7,0,0,9,2362,1026,1336,282,759,1603,6.90339458509738,7.47007797270955,6.46820210329342,6.63929078014184,6.87569828722002,6.9165084279476,177
"178",2021,8,6.6,5,8,6.25,NA,7,6.33333333333333,1,4,0,2,3,2367,1027,1340,282,761,1606,6.9027537008872,7.47059396299903,6.46755075373135,6.63929078014184,6.87602496714849,6.91541905977584,178
"179",2021,9,5,4,NA,5,NA,5,5,0,4,0,2,2,2371,1027,1344,282,763,1608,6.89954365668494,7.47059396299903,6.46318304315477,6.63929078014184,6.87110747051114,6.91303669776119,179
"180",2021,10,6.33333333333333,6,7,5.66666666666667,NA,NA,6.33333333333333,3,3,0,0,6,2377,1030,1347,282,763,1614,6.89811443416071,7.46922330097087,6.46140906458798,6.63929078014184,6.87110747051114,6.91088166666667,180
"181",2021,11,6.83333333333333,6,7.5,6.5,NA,6,7,2,4,0,1,5,2383,1032,1351,282,764,1619,6.89795132605959,7.46928294573643,6.46152332346411,6.63929078014184,6.86996727748691,6.91115689314392,181
"182",2021,12,6.82333333333333,6,6.33333333333333,7.31333333333333,7.5,7.5,6.688,3,3,1,1,5,2389,1035,1354,283,765,1624,6.89776392214316,7.46599033816425,6.46341064254063,6.64233215547703,6.8707908496732,6.91046983374384,182
"183",2022,1,6.75555555555556,18,7.12222222222222,6.38888888888889,6,7,6.70666666666667,9,9,1,3,15,2407,1044,1363,284,768,1639,6.89670046115496,7.46302681992337,6.46291856933236,6.64007042253521,6.87129557291666,6.90860464307505,183
"184",2022,2,6.58333333333333,6,7.25,6.25,5,5.75,7,2,4,1,2,4,2413,1046,1367,285,770,1643,6.89592126398674,7.46261950286807,6.46229554498903,6.63431578947368,6.86838311688311,6.90882715155204,184
"185",2022,3,7.22166666666667,6,8,7.066,NA,6.33,7.4,1,5,0,1,5,2419,1047,1372,285,771,1648,6.89672923108723,7.46313276026743,6.46449563411079,6.63431578947368,6.86768482490272,6.91031736043689,185
"186",2022,4,7.24166666666667,12,7.66666666666667,7.1,NA,7,7.3625,3,9,0,4,8,2431,1050,1381,285,775,1656,6.89843192513369,7.46371428571428,6.46863722664736,6.63431578947368,6.86836774193548,6.91250181763285,186
"187",2022,5,8.16666666666667,6,8.5,8,7,7.5,8.5,2,4,1,2,4,2437,1052,1385,286,777,1660,6.90155437423061,7.46568441064639,6.47305993501806,6.63559440559441,6.86999356499356,6.91632711445783,187
"188",2022,6,6.58,5,7.7,5.83333333333333,NA,7,6.475,2,3,0,1,4,2442,1054,1388,286,778,1664,6.90089599099099,7.46612903225806,6.47167724063401,6.63559440559441,6.87016066838046,6.91526623197115,188
"189",2022,7,7.25,6,7.75,7,NA,9,6.9,2,4,0,1,5,2448,1056,1392,286,779,1669,6.9017516380719,7.46666666666667,6.47319540948276,6.63559440559441,6.8728947368421,6.91522049730377,189
"190",2022,8,7.35333333333333,12,7.875,7.0925,8.65,7.72,7.28,4,8,2,2,10,2460,1060,1400,288,781,1679,6.90395447560976,7.46820754716981,6.47673429285715,6.64958333333333,6.87506402048655,6.9173930970816,190
"191",2022,9,7,4,9,5,NA,9,6.33333333333333,2,2,0,1,3,2464,1062,1402,288,782,1682,6.90411039366883,7.4710922787194,6.47462768188303,6.64958333333333,6.87778132992327,6.91635137336504,191
"192",2022,10,7.22222222222222,9,8.5,6.2,NA,6.5,7.42857142857143,4,5,0,2,7,2473,1066,1407,288,784,1689,6.90526809947433,7.4749530956848,6.47365174840086,6.64958333333333,6.87681760204081,6.91847425103612,192
"193",2022,11,7.28,5,8.4,7,NA,6.95,7.5,1,4,0,2,3,2478,1067,1411,288,786,1692,6.90602421711058,7.47582005623243,6.47514387668321,6.64958333333333,6.87700381679389,6.9195053250591,193
"194",2022,12,6.31571428571429,7,8,5.0525,NA,8,5.642,3,4,0,2,5,2485,1070,1415,288,788,1697,6.9043613722334,7.47728971962617,6.47112226855124,6.64958333333333,6.8798540609137,6.91574131408368,194
