"","year","month","avg_rating","no_ratings","avg_rating_owned","avg_rating_not_owned","avg_rating_prev_owned","avg_rating_comment","avg_rating_no_comment","no_ratings_owned","no_ratings_not_owned","no_ratings_prev_owned","no_ratings_comment","no_ratings_no_comment","cum_no_ratings","cum_no_ratings_owned","cum_no_ratings_not_owned","cum_no_ratings_prev_owned","cum_no_ratings_comment","cum_no_ratings_no_comment","cum_avg_rating","cum_avg_rating_owned","cum_avg_rating_not_owned","cum_avg_rating_prev_owned","cum_avg_rating_comment","cum_avg_rating_no_comment","month_after_release"
"1",2008,6,8.75,4,9,8,NA,9,8.66666666666667,3,1,0,1,3,4,3,1,0,1,3,8.75,9,8,NA,9,8.66666666666667,0
"2",2008,7,9.08571428571429,21,8.96666666666667,9.38333333333333,8.5,9.45454545454546,8.68,15,6,1,11,10,25,18,7,1,12,13,9.032,8.97222222222222,9.18571428571429,8.5,9.41666666666667,8.67692307692308,1
"3",2008,8,8.42727272727273,11,9.07777777777778,5.5,NA,9.07142857142857,7.3,9,2,0,7,4,36,27,9,1,19,17,8.84722222222222,9.00740740740741,8.36666666666667,8.5,9.28947368421053,8.35294117647059,2
"4",2008,9,8.77954545454545,44,9.16551724137931,8.03333333333333,8,8.63888888888889,8.87692307692308,29,15,7,18,26,80,56,24,8,37,43,8.81,9.08928571428571,8.15833333333333,8.0625,8.97297297297297,8.66976744186046,3
"5",2008,10,8.04396551724138,58,8.52560975609756,6.88235294117647,7.8,8.25833333333333,7.81428571428571,41,17,5,30,28,138,97,41,13,67,71,8.48804347826087,8.85103092783505,7.62926829268293,7.96153846153846,8.65298507462687,8.33239436619718,4
"6",2008,11,8.39117647058823,51,8.7421875,7.8,8.2,8.16052631578947,8.528125,32,19,5,19,32,189,129,60,18,86,103,8.46190476190476,8.82403100775194,7.68333333333333,8.02777777777778,8.54418604651163,8.39320388349515,5
"7",2008,12,8.33421052631579,38,8.568,7.88461538461539,7.85714285714286,8.05,8.43571428571429,25,13,7,10,28,227,154,73,25,96,131,8.44052863436123,8.78246753246753,7.71917808219178,7.98,8.49270833333333,8.40229007633588,6
"8",2009,1,7.97727272727273,55,8.66666666666667,7.15,7.64285714285714,7.2125,8.41428571428571,30,25,7,20,35,282,184,98,32,116,166,8.35017730496454,8.76358695652174,7.57397959183673,7.90625,8.27198275862069,8.40481927710843,7
"9",2009,2,8.21842105263158,57,8.62142857142857,7.57727272727273,7.94444444444444,7.8325,8.42702702702703,35,22,9,20,37,339,219,120,41,136,203,8.32802359882006,8.74086757990868,7.57458333333333,7.91463414634146,8.20735294117647,8.40886699507389,8
"10",2009,3,8.0301724137931,58,8.23837209302326,7.43333333333333,7.25,7.51388888888889,8.2625,43,15,2,18,40,397,262,135,43,154,243,8.28450881612091,8.65839694656488,7.55888888888889,7.88372093023256,8.1262987012987,8.38477366255144,9
"11",2009,4,7.75357142857143,56,8.13214285714286,7.375,7.75,8.19230769230769,7.62093023255814,28,28,4,13,43,453,290,163,47,167,286,8.21887417218543,8.60758620689655,7.52730061349693,7.87234042553191,8.1314371257485,8.26993006993007,10
"12",2009,5,7.88085106382979,47,8.29565217391304,7.48333333333333,8.17777777777778,8.25333333333333,7.70625,23,24,9,15,32,500,313,187,56,182,318,8.1871,8.58466453674121,7.5216577540107,7.92142857142857,8.14148351648352,8.21320754716981,11
"13",2009,6,7.79897959183673,49,8.325,6.80882352941176,6.5,7.38076923076923,7.95,32,17,4,13,36,549,345,204,60,195,354,8.15245901639344,8.56057971014493,7.46225490196078,7.82666666666667,8.09076923076923,8.1864406779661,12
"14",2009,7,7.6953488372093,43,8.33913043478261,6.955,6.0625,7.15384615384615,7.93,23,20,8,13,30,592,368,224,68,208,384,8.11925675675676,8.54673913043478,7.41696428571429,7.61911764705882,8.03221153846154,8.16640625,13
"15",2009,8,7.60625,48,7.80384615384615,7.37272727272727,7.82222222222222,7.34,7.67631578947368,26,22,9,10,38,640,394,246,77,218,422,8.08078125,8.49771573604061,7.4130081300813,7.64285714285714,8.00045871559633,8.12227488151659,14
"16",2009,9,7.94,65,8.41666666666667,7.53142857142857,7.63846153846154,8.055,7.88888888888889,30,35,13,20,45,705,424,281,90,238,467,8.06780141843972,8.49198113207547,7.42775800711744,7.64222222222222,8.00504201680672,8.09978586723769,15
"17",2009,10,7.482,50,8.315,6.92666666666667,7.53571428571429,6.73076923076923,7.74594594594595,20,30,14,13,37,755,444,311,104,251,504,8.02900662251656,8.48400900900901,7.37942122186495,7.62788461538462,7.9390438247012,8.07380952380952,16
"18",2009,11,7.83,50,8.47307692307692,7.13333333333333,7.1,7.89166666666667,7.81052631578947,26,24,10,12,38,805,470,335,114,263,542,8.01664596273292,8.48340425531915,7.36179104477612,7.58157894736842,7.93688212927757,8.05535055350553,17
"19",2009,12,7.85208333333333,48,8.31111111111111,7.26190476190476,7.3125,7.77272727272727,7.87567567567568,27,21,8,11,37,853,497,356,122,274,579,8.0073856975381,8.47404426559356,7.35589887640449,7.56393442622951,7.93029197080292,8.04386873920553,18
"20",2010,1,7.68536585365854,41,8.47222222222222,7.0695652173913,6.67142857142857,7.5,7.74516129032258,18,23,7,10,31,894,515,379,129,284,610,7.99261744966443,8.47398058252427,7.33852242744063,7.51550387596899,7.91514084507042,8.02868852459016,19
"21",2010,2,7.49833333333333,30,7.48,7.51666666666667,7.625,6.96428571428571,7.66086956521739,15,15,6,7,23,924,530,394,135,291,633,7.97656926406926,8.44584905660377,7.34530456852792,7.52037037037037,7.89226804123712,8.01532385466035,20
"22",2010,3,7.88139534883721,43,8.26086956521739,7.445,7.5,8.20588235294118,7.66923076923077,23,20,8,17,26,967,553,414,143,308,659,7.97233712512927,8.43815551537071,7.35012077294686,7.51923076923077,7.90957792207792,8.00166919575114,21
"23",2010,4,7.27380952380952,21,8,6.30555555555556,7.25,7.03125,7.42307692307692,12,9,3,8,13,988,565,423,146,316,672,7.95748987854251,8.42884955752212,7.32789598108747,7.51369863013699,7.8873417721519,7.99047619047619,22
"24",2010,5,7.23333333333333,30,7.65625,6.75,6.5,7.45,7.125,16,14,5,10,20,1018,581,437,151,326,692,7.93614931237721,8.40757314974183,7.30938215102975,7.48013245033113,7.8739263803681,7.96546242774566,23
"25",2010,6,7.35714285714286,28,7.84615384615385,6.93333333333333,6.28571428571429,7.30769230769231,7.4,13,15,7,13,15,1046,594,452,158,339,707,7.92065009560229,8.39528619528619,7.29690265486726,7.42721518987342,7.85221238938053,7.95346534653465,24
"26",2010,7,7.625,26,7.57142857142857,7.6875,7.54166666666667,7.2,7.72619047619048,14,12,6,5,21,1072,608,464,164,344,728,7.91347947761194,8.37631578947368,7.30700431034483,7.43140243902439,7.84273255813954,7.94690934065934,25
"27",2010,8,7.41111111111111,45,7.88095238095238,7,7.54166666666667,7.04545454545455,7.52941176470588,21,24,12,11,34,1117,629,488,176,355,762,7.89324082363474,8.35977742448331,7.29190573770492,7.43892045454545,7.81802816901409,7.92828083989501,26
"28",2010,9,6.975,24,6.77777777777778,7.09333333333333,6.79,6.2,7.52857142857143,9,15,10,10,14,1141,638,503,186,365,776,7.8739263803681,8.33746081504702,7.28598409542743,7.40403225806452,7.77369863013699,7.92106958762886,27
"29",2010,10,7.45652173913043,23,8,6.86363636363636,7.9,6.4,7.75,12,11,5,5,18,1164,650,514,191,370,794,7.86567869415807,8.33123076923077,7.27694552529183,7.41701570680628,7.75513513513514,7.91719143576826,28
"30",2010,11,7.82894736842105,38,8.36842105263158,7.28947368421053,7.5625,8.20833333333333,7.65384615384615,19,19,8,12,26,1202,669,533,199,382,820,7.86451747088186,8.33228699551569,7.27739212007505,7.42286432160804,7.76937172774869,7.90884146341463,29
"31",2010,12,7.75714285714286,42,8.42857142857143,7.08571428571429,7.36,7.69285714285714,7.77,21,21,5,7,35,1244,690,554,204,389,855,7.8608922829582,8.33521739130435,7.27012635379061,7.42132352941177,7.76799485861183,7.90315789473684,30
"32",2011,1,8.18181818181818,33,8.45,7.76923076923077,8,8.14285714285714,8.19230769230769,20,13,6,7,26,1277,710,567,210,396,881,7.86918559122944,8.33845070422535,7.281569664903,7.43785714285714,7.77462121212121,7.91169125993189,31
"33",2011,2,7.47777777777778,27,8.08333333333333,6.99333333333333,6.7375,6.2,7.76818181818182,12,15,8,5,22,1304,722,582,218,401,903,7.86108128834356,8.33421052631579,7.27414089347079,7.41215596330275,7.75498753117207,7.90819490586932,32
"34",2011,3,7.35483870967742,31,7.60714285714286,7.14705882352941,7.5,8.125,7.24074074074074,14,17,9,4,27,1335,736,599,227,405,930,7.84932584269663,8.32038043478261,7.27053422370618,7.41563876651982,7.75864197530864,7.88881720430107,33
"35",2011,4,7.03571428571429,28,7.63333333333333,6.34615384615385,6.57142857142857,7.08333333333333,7.02272727272727,15,13,7,6,22,1363,751,612,234,411,952,7.83261188554659,8.30665778961385,7.25089869281046,7.39038461538462,7.74878345498784,7.8688025210084,34
"36",2011,5,7.0037037037037,27,8.64285714285714,6.43,6.96,6.81,7.11764705882353,7,20,10,10,17,1390,758,632,244,421,969,7.81651079136691,8.30976253298153,7.22492088607595,7.37274590163934,7.72648456057007,7.85562435500516,35
"37",2011,6,7.17241379310345,29,7.8,6.5,7.14285714285714,8.33333333333333,6.8695652173913,15,14,7,6,23,1419,773,646,251,427,992,7.80334742776603,8.29987063389392,7.20921052631579,7.36633466135458,7.73501170960187,7.83276209677419,36
"38",2011,7,7.53846153846154,26,7.88235294117647,6.88888888888889,7,7.9375,7.36111111111111,17,9,6,8,18,1445,790,655,257,435,1010,7.79858131487889,8.29088607594937,7.20480916030534,7.35778210116732,7.73873563218391,7.82435643564356,37
"39",2011,8,7.28214285714286,28,7.40909090909091,7.2,7.5,6.61666666666667,7.78125,11,17,10,12,16,1473,801,672,267,447,1026,7.7887644263408,8.27877652933833,7.2046875,7.36310861423221,7.7086129753915,7.82368421052631,38
"40",2011,9,6.92708333333333,24,7.7,6.375,7.2,6.78571428571429,6.98529411764706,10,14,5,7,17,1497,811,686,272,454,1043,7.7749498997996,8.27163995067818,7.18775510204082,7.36011029411765,7.69438325991189,7.81001917545542,39
"41",2011,10,7.45,28,7.82857142857143,7.07142857142857,7.18181818181818,7.83333333333333,7.34545454545455,14,14,11,6,22,1525,825,700,283,460,1065,7.76898360655738,8.26412121212121,7.18542857142857,7.35318021201413,7.69619565217391,7.80042253521126,40
"42",2011,11,7.59666666666667,30,8.2875,6.80714285714286,7.2,7.58888888888889,7.6,16,14,5,9,21,1555,841,714,288,469,1086,7.76565916398714,8.26456599286564,7.17801120448179,7.35052083333333,7.69413646055437,7.79654696132596,41
"43",2011,12,7.38888888888889,27,8.04375,6.43636363636364,5.96,7.5,7.38,16,11,5,2,25,1582,857,725,293,471,1111,7.75922882427307,8.26044340723454,7.16675862068965,7.32679180887372,7.69331210191083,7.78717371737173,42
"44",2012,1,7.08378378378378,37,7.57894736842105,6.56111111111111,7.1,7.13571428571429,7.05217391304348,19,18,9,14,23,1619,876,743,302,485,1134,7.74379246448425,8.24566210045662,7.15208613728129,7.32003311258278,7.67721649484536,7.77226631393298,43
"45",2012,2,7.21428571428571,21,7.7,6.77272727272727,7,7.66666666666667,7.03333333333333,10,11,7,6,15,1640,886,754,309,491,1149,7.73701219512195,8.23950338600452,7.14655172413793,7.31278317152104,7.67708757637475,7.76261966927763,44
"46",2012,3,6.8,12,7.92857142857143,5.22,6.33333333333333,6.66666666666667,6.84444444444444,7,5,3,3,9,1652,893,759,312,494,1158,7.73020581113801,8.2370660694289,7.133860342556,7.30336538461539,7.67095141700405,7.75548359240069,45
"47",2012,4,6.85294117647059,17,8,5.5625,6.5,7,6.82142857142857,9,8,3,3,14,1669,902,767,315,497,1172,7.72127022168963,8.23470066518847,7.11747066492829,7.29571428571429,7.66690140845071,7.74432593856655,46
"48",2012,5,7.616,25,7.72941176470588,7.375,5,6.66666666666667,7.91578947368421,17,8,1,6,19,1694,919,775,316,503,1191,7.71971664698937,8.2253536452666,7.12012903225807,7.28844936708861,7.65497017892644,7.74706129303106,47
"49",2012,6,7.4375,16,7.3,7.66666666666667,7.875,8,7.25,10,6,8,4,12,1710,929,781,324,507,1203,7.71707602339181,8.21539289558665,7.12432778489117,7.30293209876543,7.65769230769231,7.74210307564422,48
"50",2012,7,7.296,15,8.3,6.93090909090909,6.5,6.5,7.41846153846154,4,11,4,2,13,1725,933,792,328,509,1216,7.71341449275362,8.21575562700965,7.12164141414141,7.29314024390244,7.65314341846759,7.73864309210526,49
"51",2012,8,7.07684210526316,19,7.5625,6.72363636363636,7.215,7.26833333333333,6.98846153846154,8,11,4,6,13,1744,941,803,332,515,1229,7.70647935779816,8.21020191285866,7.11618929016189,7.29219879518072,7.64866019417476,7.73070789259561,50
"52",2012,9,6.875,16,7.5,6.25,7,5.625,7.29166666666667,8,8,2,4,12,1760,949,811,334,519,1241,7.69892045454545,8.20421496311907,7.10764488286067,7.29044910179641,7.63306358381503,7.72646253021757,51
"53",2012,10,7.77647058823529,17,8.4,7.22222222222222,7.33333333333333,7.41666666666667,7.97272727272727,8,9,3,6,11,1777,957,820,337,525,1252,7.69966235227912,8.20585161964473,7.10890243902439,7.29083086053413,7.63059047619048,7.72862619808307,52
"54",2012,11,7.0075,20,7.4,6.68636363636364,7.6375,7.70833333333333,6.70714285714286,9,11,4,6,14,1797,966,831,341,531,1266,7.69195882025598,8.19834368530021,7.10330926594465,7.29489736070381,7.63146892655367,7.71733017377567,53
"55",2012,12,7.53703703703704,27,7.73333333333333,7.29166666666667,7.22727272727273,6.91666666666667,8.03333333333333,15,12,11,12,15,1824,981,843,352,543,1281,7.68966557017544,8.19123343527014,7.10599051008304,7.29278409090909,7.61567219152855,7.72103044496487,54
"56",2013,1,7.83333333333333,24,8.55,7.32142857142857,7.125,8.3,7.71052631578947,10,14,4,5,19,1848,991,857,356,548,1300,7.69153138528138,8.19485368314834,7.10950991831972,7.2908988764045,7.62191605839416,7.72087692307692,55
"57",2013,2,7,26,7.94444444444444,6.5,6.125,7,7,9,17,8,9,17,1874,1000,874,364,557,1317,7.68193703308431,8.19260000000001,7.09765446224256,7.26527472527473,7.61186714542191,7.71157175398633,56
"58",2013,3,7.58888888888889,18,7.775,7.21666666666667,7.4,7.775,7.53571428571429,12,6,2,4,14,1892,1012,880,366,561,1331,7.68105179704017,8.18764822134388,7.09846590909091,7.26601092896175,7.61303030303031,7.70972201352367,57
"59",2013,4,8.5,3,8.75,8,8,NA,8.5,2,1,1,0,3,1895,1014,881,367,561,1334,7.68234828496042,8.18875739644971,7.09948921679909,7.26801089918256,7.61303030303031,7.71149925037481,58
"60",2013,5,7.05357142857143,14,6.91666666666667,7.15625,7,6,7.475,6,8,1,4,10,1909,1020,889,368,565,1344,7.67773703509691,8.18127450980393,7.1,7.26728260869565,7.60161061946903,7.70973958333333,59
"61",2013,6,6.75238095238095,21,7.35454545454545,6.09,6.75,7.5,6.57647058823529,11,10,4,4,17,1930,1031,899,372,569,1361,7.66766839378238,8.17245392822503,7.08876529477197,7.26172043010753,7.60089630931459,7.69558412931668,60
"62",2013,7,7.485,10,7.72142857142857,6.93333333333333,8,7.5125,7.46666666666667,7,3,1,4,6,1940,1038,902,373,573,1367,7.66672680412371,8.16941233140655,7.08824833702883,7.26369973190349,7.6002792321117,7.69457937088515,61
"63",2013,8,7.69230769230769,13,7.91666666666667,7.5,7,7.33333333333333,7.8,6,7,1,3,10,1953,1044,909,374,576,1377,7.66689708141321,8.16795977011495,7.09141914191419,7.26299465240642,7.59888888888889,7.69534495279593,62
"64",2013,9,6.28125,16,7.22727272727273,4.2,2.5,4.5,6.875,11,5,2,4,12,1969,1055,914,376,580,1389,7.6556373793804,8.15815165876778,7.07560175054705,7.23765957446809,7.57751724137931,7.68825773938085,63
"65",2013,10,7.36388888888889,18,8.1,6.89545454545455,6.95,7.4,7.35,7,11,5,5,13,1987,1062,925,381,585,1402,7.6529944640161,8.15776836158193,7.07345945945946,7.2338845144357,7.576,7.6851212553495,64
"66",2013,11,7.1,19,7.94,6.16666666666667,6.66666666666667,6.4,7.28666666666667,10,9,3,4,15,2006,1072,934,384,589,1417,7.64775672981057,8.15573694029851,7.06472162740899,7.229453125,7.56801358234296,7.68090331686662,65
"67",2013,12,7.876875,16,8.203,7.33333333333333,8,7.375,8.04416666666667,10,6,1,4,12,2022,1082,940,385,593,1429,7.64956973293768,8.15617375231054,7.06643617021277,7.23145454545455,7.56671163575043,7.68395381385584,66
"68",2014,1,7.00416666666667,24,6.97,7.02857142857143,6.2,6.58,7.11578947368421,10,14,5,5,19,2046,1092,954,390,598,1448,7.64199902248289,8.14531135531136,7.06588050314465,7.21823076923077,7.55846153846154,7.67649861878453,67
"69",2014,2,7.09117647058823,17,7.7875,6.47222222222222,6.1,7.125,7.08076923076923,8,9,5,4,13,2063,1100,963,395,602,1461,7.63746000969462,8.1427090909091,7.06033229491173,7.20407594936709,7.55558139534884,7.67119780971937,68
"70",2014,3,7.715625,16,8.145,7,6.7,7.33333333333333,7.80384615384615,10,6,5,3,13,2079,1110,969,400,605,1474,7.63806156806157,8.14272972972974,7.05995872033024,7.197775,7.55447933884298,7.67236770691994,69
"71",2014,4,6.6875,16,7.5,6.05555555555556,5.1,6,6.73333333333333,7,9,5,1,15,2095,1117,978,405,606,1489,7.63080190930788,8.13870188003582,7.05071574642127,7.17187654320988,7.55191419141914,7.6629079919409,70
"72",2014,5,7.58333333333333,12,8.1,7.21428571428571,7.5,6.75,7.75,5,7,2,2,10,2107,1122,985,407,608,1499,7.63053156146179,8.13852941176471,7.05187817258883,7.17348894348894,7.54927631578948,7.66348899266177,71
"73",2014,6,6.92307692307692,13,7.625,5.8,6,7.125,6.83333333333333,8,5,1,4,9,2120,1130,990,408,612,1508,7.62619339622641,8.13489380530974,7.04555555555556,7.17061274509804,7.54650326797386,7.65853448275862,72
"74",2014,7,7.87777777777778,9,8.725,7.2,7.66666666666667,7.75,7.91428571428571,4,5,3,2,7,2129,1134,995,411,614,1515,7.62725692813527,8.13697530864198,7.04633165829146,7.17423357664234,7.5471661237785,7.65971617161716,73
"75",2014,8,6.3,15,6.375,6.21428571428571,6,6.5,6.07142857142857,8,7,3,8,7,2144,1142,1002,414,622,1522,7.61797108208955,8.12463222416813,7.04051896207585,7.16572463768116,7.53369774919614,7.65241130091984,74
"76",2014,9,7.51818181818182,11,7.84,7.25,7.33333333333333,8,7.47,5,6,3,1,10,2155,1147,1008,417,623,1532,7.61746171693735,8.12339145597211,7.04176587301587,7.16693045563549,7.53444622792938,7.65122062663185,75
"77",2014,10,6.78125,16,7.66666666666667,5.64285714285714,5.83333333333333,5.875,7.08333333333333,9,7,3,4,12,2171,1156,1015,420,627,1544,7.61129894058038,8.11983564013842,7.03211822660099,7.15740476190476,7.52385964912281,7.64680699481865,76
"78",2014,11,7.25105263157895,19,7.35,7.14111111111111,7.16666666666667,7.33333333333333,7.235625,10,9,3,3,16,2190,1166,1024,423,630,1560,7.60817351598173,8.11323327615781,7.033076171875,7.15747044917258,7.52295238095238,7.64258974358974,77
"79",2014,12,7.75454545454545,11,8.21666666666667,7.2,7.5,9,7.63,6,5,2,1,10,2201,1172,1029,425,631,1570,7.6089050431622,8.11376279863482,7.03388726919339,7.15908235294118,7.52529318541997,7.64250955414013,78
"80",2015,1,7.25,8,6.83333333333333,7.5,7.5,7.25,7.25,3,5,2,2,6,2209,1175,1034,427,633,1576,7.60760525124491,8.11049361702128,7.03614119922631,7.16067915690867,7.5244233807267,7.64101522842639,79
"81",2015,2,7.3,11,7.6,7.1875,7.25,8,7.14444444444444,3,8,4,2,9,2220,1178,1042,431,635,1585,7.60608108108108,8.1091935483871,7.03730326295585,7.16150812064965,7.52592125984252,7.63819558359621,80
"82",2015,3,7.27272727272727,11,8,6.4,6,6.33333333333333,7.625,6,5,3,3,8,2231,1184,1047,434,638,1593,7.60443747198565,8.10864020270271,7.03425978987584,7.15347926267281,7.52031347962383,7.63812931575643,81
"83",2015,4,7.46363636363636,11,8.22,6.83333333333333,7.33333333333333,7.7,7.375,5,6,3,3,8,2242,1189,1053,437,641,1601,7.60374665477252,8.10910849453323,7.03311490978158,7.15471395881007,7.52115444617785,7.63681449094316,82
"84",2015,5,7.25,12,8.14285714285714,6,7,5,7.45454545454545,7,5,1,1,11,2254,1196,1058,438,642,1612,7.60186335403727,8.10930602006689,7.02823251417769,7.15436073059361,7.51722741433022,7.63557071960298,83
"85",2015,6,6.39333333333333,12,8.10285714285714,4,NA,NA,6.39333333333333,7,5,0,0,12,2266,1203,1063,438,642,1624,7.59546337157987,8.1092684954281,7.01398871119473,7.15436073059361,7.51722741433022,7.62639162561576,84
"86",2015,7,7.46,5,7.375,7.8,NA,NA,7.46,4,1,0,0,5,2271,1207,1064,438,642,1629,7.59516512549537,8.10683512841757,7.01472744360902,7.15436073059361,7.51722741433022,7.62588090853284,85
"87",2015,8,7.5465,12,7.94285714285714,6.9916,7.31933333333333,7.50966666666667,7.58333333333333,7,5,3,6,6,2283,1214,1069,441,648,1635,7.59490932982917,8.10588962108732,7.01461927034612,7.15548299319728,7.51715740740741,7.6257247706422,86
"88",2015,9,7.375,8,8,6.75,6,7.33333333333333,7.4,4,4,2,3,5,2291,1218,1073,443,651,1640,7.5941414229594,8.10554187192119,7.01363280521901,7.15026636568849,7.51631029185868,7.62503658536585,87
"89",2015,10,7.15384615384615,13,7.35714285714286,6.91666666666667,7.25,6,7.25,7,6,2,1,12,2304,1225,1079,445,652,1652,7.59165711805555,8.10126530612245,7.01309360518999,7.15071460674157,7.51398466257669,7.62231234866828,88
"90",2015,11,7.56153846153846,13,8.04285714285714,7,6,8.5,7.39090909090909,7,6,1,2,11,2317,1232,1085,446,654,1663,7.59148813120414,8.10093344155844,7.01302119815668,7.14813452914798,7.517,7.62078171978352,89
"91",2015,12,7.76666666666667,15,8.375,7.07142857142857,6.75,7.25,7.84615384615385,8,7,4,2,13,2332,1240,1092,450,656,1676,7.59261492281303,8.10270161290323,7.0133956043956,7.14459555555556,7.51618597560976,7.62252983293556,90
"92",2016,1,7,18,7.85714285714286,6.45454545454545,7,6.28571428571429,7.45454545454545,7,11,2,7,11,2350,1247,1103,452,663,1687,7.58807574468085,8.10132317562149,7.00782230281052,7.14395575221239,7.50319457013575,7.62143449911084,91
"93",2016,2,6.71428571428571,7,7.25,6,5,6,7,4,3,2,2,5,2357,1251,1106,454,665,1692,7.58548069579974,8.09860111910472,7.00508860759494,7.13451101321586,7.49867368421053,7.61959810874704,92
"94",2016,3,7.42857142857143,7,7.33333333333333,7.5,8,8,7,3,4,2,3,4,2364,1254,1110,456,668,1696,7.58501607445008,8.09677033492823,7.00687207207207,7.13830701754386,7.5009251497006,7.61813679245283,93
"95",2016,4,7.13157894736842,19,7.5625,6.81818181818182,7,7.75,7.05882352941176,8,11,3,2,17,2383,1262,1121,459,670,1713,7.5814007553504,8.09338351822504,7.00502051739518,7.13740305010893,7.50166865671642,7.61258610624635,94
"96",2016,5,8,9,7.8,8.25,8,NA,8,5,4,2,0,9,2392,1267,1125,461,670,1722,7.58297575250836,8.09222573007104,7.00944711111111,7.1411453362256,7.50166865671642,7.61461091753774,95
"97",2016,6,7.53571428571429,14,7.72222222222222,7.2,7.5,7.8,7.38888888888889,9,5,2,5,9,2406,1276,1130,463,675,1731,7.58270074812967,8.08961598746082,7.01029026548673,7.14269546436285,7.50387851851852,7.61343731946851,96
"98",2016,7,7.64285714285714,14,8,7.375,7.16666666666667,8.2,7.49090909090909,6,8,6,3,11,2420,1282,1138,469,678,1742,7.58304876033058,8.08919656786272,7.01285413005273,7.14300213219616,7.5069587020649,7.61266360505166,97
"99",2016,8,6.96428571428571,14,7.25,6.25,7.5,8,6.79166666666667,10,4,2,2,12,2434,1292,1142,471,680,1754,7.57948972884141,8.0827012383901,7.01018213660245,7.14451804670913,7.50840882352942,7.60704675028506,98
"100",2016,9,6.81818181818182,11,7.5,5,7,8.16666666666667,6.3125,8,3,1,3,8,2445,1300,1145,472,683,1762,7.57606462167689,8.07911538461539,7.0049152838428,7.14421186440678,7.51130014641289,7.60116912599319,99
"101",2016,10,6.84615384615385,13,7.125,6.72222222222222,7.25,7,6.77777777777778,4,9,4,4,9,2458,1304,1154,476,687,1771,7.57220423108218,8.07618865030675,7.00271057192375,7.14510084033614,7.50832314410481,7.59698475437606,100
"102",2016,11,6.72222222222222,9,8,6.08333333333333,NA,NA,6.72222222222222,3,6,0,0,9,2467,1307,1160,476,687,1780,7.56910336441021,8.07601377199694,6.9979551724138,7.14510084033614,7.50832314410481,7.59256179775281,101
"103",2016,12,6.96153846153846,13,7.5,6.72222222222222,7.33333333333333,7.375,6.77777777777778,4,9,3,4,9,2480,1311,1169,479,691,1789,7.56591854838709,8.07425629290618,6.99583233532934,7.14627974947808,7.50755137481911,7.58846282839575,102
"104",2017,1,7.42857142857143,14,7.63636363636364,6.66666666666667,7,NA,7.42857142857143,11,3,2,0,14,2494,1322,1172,481,691,1803,7.56514755412991,8.07061270801815,6.99498976109215,7.14567151767152,7.50755137481911,7.58722129783694,103
"105",2017,2,7.35714285714286,7,7.625,7,NA,7.66666666666667,7.125,4,3,0,3,4,2501,1326,1175,481,694,1807,7.56456537385046,8.06926847662142,6.99500255319149,7.14567151767152,7.50823919308358,7.58619811842833,104
"106",2017,3,7.41764705882353,17,7.84444444444444,6.9375,6.5,8,7.23846153846154,9,8,2,4,13,2518,1335,1183,483,698,1820,7.56357347100874,8.06775280898877,6.99461369399831,7.14299792960663,7.51105730659026,7.58371428571428,105
"107",2017,4,7,10,7.375,5.5,5.5,5.16666666666667,7.78571428571429,8,2,2,3,7,2528,1343,1185,485,701,1827,7.56134414556962,8.06362620997766,6.99209113924051,7.13622268041237,7.5010242510699,7.58448823207444,106
"108",2017,5,7.25,8,7.8,6.33333333333333,5,8,7.14285714285714,5,3,1,1,7,2536,1348,1188,486,702,1834,7.5603619873817,8.06264836795252,6.99042760942761,7.13182716049383,7.50173504273505,7.5828026172301,107
"109",2017,6,7.5,7,7.2,8.25,NA,7,7.58333333333333,5,2,0,1,6,2543,1353,1190,486,703,1840,7.56019583169485,8.05946045824095,6.99254453781513,7.13182716049383,7.5010213371266,7.58280434782608,108
"110",2017,7,8.16666666666667,6,8.2,8,NA,8,8.2,5,1,0,1,5,2549,1358,1191,486,704,1845,7.56162338171832,8.05997790868925,6.99339042821159,7.13182716049383,7.50173011363637,7.58447696476965,109
"111",2017,8,7.01428571428571,14,7.83333333333333,6.79090909090909,5,6,7.29090909090909,3,11,2,3,11,2563,1361,1202,488,707,1856,7.55863363246196,8.0594783247612,6.991537437604,7.12309016393443,7.49535785007073,7.58273706896551,110
"112",2017,9,6.75,6,8,6.5,5.33333333333333,NA,6.75,1,5,3,0,6,2569,1362,1207,491,707,1862,7.55674503697937,8.05943465491924,6.98950124275062,7.11215478615071,7.49535785007073,7.5800537056928,111
"113",2017,10,7.42307692307692,13,7.75,7.27777777777778,7.1,7.25,7.5,4,9,5,4,9,2582,1366,1216,496,711,1871,7.55607203718048,8.05852855051245,6.99163486842106,7.11203225806452,7.49397749648383,7.57966862640299,112
"114",2017,11,7.8125,8,8.2,7.16666666666667,7,7.5,7.91666666666667,5,3,2,2,6,2590,1371,1219,498,713,1877,7.55686409266409,8.05904449307075,6.99206562756358,7.11158232931727,7.49399438990183,7.58074587107086,113
"115",2017,12,7.55,10,7.8,7.3,5,8.5,7.3125,5,5,1,2,8,2600,1376,1224,499,715,1885,7.55683769230769,8.05810319767442,6.99332352941177,7.10735070140281,7.4968083916084,7.5796074270557,114
"116",2018,1,8.22222222222222,9,8.75,7.8,7,7,8.57142857142857,4,5,1,2,7,2609,1380,1229,500,717,1892,7.55913300114986,8.06010869565218,6.99660537021969,7.107136,7.49542259414226,7.58327695560253,115
"117",2018,2,6.33333333333333,9,6.8,5.75,8,7.5,5.4,5,4,1,4,5,2618,1385,1233,501,721,1897,7.55491902215431,8.05555956678701,6.99256123276562,7.10891816367266,7.4954479889043,7.57752240379546,116
"118",2018,3,7.375,8,8,6.75,6.5,7,7.42857142857143,4,4,2,1,7,2626,1389,1237,503,722,1904,7.5543709063214,8.05539956803456,6.99177687954729,7.10649701789265,7.49476177285319,7.57697478991596,117
"119",2018,4,7.76923076923077,13,8.28571428571429,7.16666666666667,6.25,6,8.3,7,6,4,3,10,2639,1396,1243,507,725,1914,7.5554293292914,8.05655444126075,6.99262107803701,7.09973964497042,7.48857655172414,7.58075235109718,118
"120",2018,5,7.14285714285714,7,7.66666666666667,6.75,6.75,5,7.5,3,4,4,1,6,2646,1399,1247,511,726,1920,7.55433786848072,8.05571837026448,6.99184282277466,7.09700195694716,7.48514876033058,7.5805,119
"121",2018,6,6.66666666666667,12,7.66666666666667,5.66666666666667,6,8,6.54545454545455,6,6,1,1,11,2658,1405,1253,512,727,1931,7.55033032355154,8.05405693950178,6.98549720670391,7.094859375,7.48585694635489,7.57460383221129,120
"122",2018,7,7,2,7,7,NA,7,7,1,1,0,1,1,2660,1406,1254,512,728,1932,7.54991654135338,8.05330725462304,6.98550877192983,7.094859375,7.48518956043956,7.57430641821946,121
"123",2018,8,7.1,5,7.1,NA,NA,NA,7.1,5,0,0,0,5,2665,1411,1254,512,728,1937,7.54907242026266,8.04992912827782,6.98550877192983,7.094859375,7.48518956043956,7.57308208569953,122
"124",2018,9,8,7,8.5,7.33333333333333,NA,8,8,4,3,0,2,5,2672,1415,1257,512,730,1942,7.55025374251497,8.05120141342756,6.98633890214797,7.094859375,7.4866,7.57418125643666,123
"125",2018,10,7.3,8,7.6,7,7.66666666666667,8.5,6.9,4,4,3,2,6,2680,1419,1261,515,732,1948,7.54950671641791,8.04992952783651,6.98638223632038,7.09819029126214,7.48936885245902,7.57210472279261,124
"126",2018,11,6.83333333333333,6,8,5.66666666666667,5,NA,6.83333333333333,3,3,2,0,6,2686,1422,1264,517,732,1954,7.54790692479523,8.04982419127989,6.98325,7.09007350096712,7.48936885245902,7.56983623336745,125
"127",2018,12,7.5,6,8,6.5,7.33333333333333,7,7.6,4,2,3,1,5,2692,1426,1266,520,733,1959,7.54780014858841,8.04968443197756,6.98248657187994,7.09147692307692,7.48870122783084,7.56991322103114,126
"128",2019,1,7.25,12,7,7.5,8,8.33333333333333,6.88888888888889,6,6,3,3,9,2704,1432,1272,523,736,1968,7.54647855029586,8.04528631284916,6.98492767295598,7.09668833652008,7.49214402173913,7.5667987804878,127
"129",2019,2,7.43333333333333,12,8.02857142857143,6.6,4,7.06666666666667,7.55555555555556,7,5,1,3,9,2716,1439,1277,524,739,1977,7.54597864506627,8.04520500347464,6.98342051683634,7.0907786259542,7.49041677943167,7.56674759736975,128
"130",2019,3,7.5,8,8.16666666666667,7.1,7.25,9,7.28571428571429,3,5,2,1,7,2724,1442,1282,526,740,1984,7.5458436123348,8.04545769764217,6.9838751950078,7.09138403041825,7.49245675675676,7.56575604838709,129
"131",2019,4,7.50833333333333,6,7.66666666666667,7.35,7.525,7.525,7.5,3,3,2,2,4,2730,1445,1285,528,742,1988,7.54576117216117,8.04467128027682,6.9847299610895,7.09302651515152,7.49254447439353,7.56562374245473,130
"132",2019,5,7.7,5,9,7.375,6.25,5,8.375,1,4,2,1,4,2735,1446,1289,530,743,1992,7.54604314442413,8.04533195020747,6.98594103956556,7.08984528301887,7.48918977119785,7.56724899598393,131
"133",2019,6,6.625,2,7,6.25,NA,6.625,NA,1,1,0,2,0,2737,1447,1290,530,745,1992,7.5453701132627,8.04460953697305,6.98537054263566,7.08984528301887,7.48686979865772,7.56724899598393,132
"134",2019,7,7.66666666666667,3,7.66666666666667,NA,NA,NA,7.66666666666667,3,0,0,0,3,2740,1450,1290,530,745,1995,7.54550291970803,8.0438275862069,6.98537054263566,7.08984528301887,7.48686979865772,7.5673984962406,133
"135",2019,8,7.54545454545455,11,7.5,7.58333333333333,7.75,8.75,7.27777777777778,5,6,4,2,9,2751,1455,1296,534,747,2004,7.54550272628135,8.0419587628866,6.98813888888889,7.09479026217229,7.49025167336011,7.56609780439122,134
"136",2019,9,6.66666666666667,6,8,6.4,6,NA,6.66666666666667,1,5,1,0,6,2757,1456,1301,535,747,2010,7.54359013420384,8.04192994505494,6.98587855495773,7.09274392523365,7.49025167336011,7.56341293532338,135
"137",2019,10,6.92857142857143,7,7.3,6,6,6,7.08333333333333,5,2,2,1,6,2764,1461,1303,537,748,2016,7.54203256150506,8.03939082819986,6.98436531082118,7.08867411545624,7.48825935828877,7.56198412698412,136
"138",2019,11,7.125,4,8.25,6,6,7.5,7,2,2,1,1,3,2768,1463,1305,538,749,2019,7.5414299132948,8.03967874231032,6.98285670498085,7.08665055762082,7.48827503337784,7.5611490837048,137
"139",2019,12,5.96,5,6.5,5.6,6.4,NA,5.96,2,3,2,0,5,2773,1465,1308,540,749,2024,7.53857843490804,8.03757679180887,6.97968501529052,7.08410740740741,7.48827503337784,7.55719367588933,138
"140",2020,1,7.28571428571429,7,8,7.16666666666667,7,8,7.16666666666667,1,6,2,1,6,2780,1466,1314,542,750,2030,7.5379417266187,8.03755115961801,6.98053881278539,7.08379704797048,7.48895733333334,7.55603940886699,139
"141",2020,2,7.5625,8,7.7,7.33333333333333,6,8,7.41666666666667,5,3,1,2,6,2788,1471,1317,543,752,2036,7.53801219512195,8.03640380693406,6.98134244495065,7.08180110497238,7.49031648936171,7.55562868369351,140
"142",2020,3,7.6,5,7.33333333333333,8,NA,NA,7.6,3,2,0,0,5,2793,1474,1319,543,752,2041,7.53812316505549,8.03497286295794,6.98288703563306,7.08180110497238,7.49031648936171,7.55573738363547,141
"143",2020,4,7.22222222222222,9,7.2,7.25,7,8,7.125,5,4,1,1,8,2802,1479,1323,544,753,2049,7.5371084939329,8.03215010141988,6.98369463340892,7.08165073529412,7.49099335989376,7.55405563689604,142
"144",2020,5,7.66666666666667,9,8.5,6,7,7.5,7.71428571428571,6,3,1,2,7,2811,1485,1326,545,755,2056,7.53752330131626,8.0340404040404,6.98146907993967,7.08150091743119,7.49101721854305,7.55460116731517,143
"145",2020,6,6.55555555555556,9,7.66666666666667,6,7,NA,6.55555555555556,3,6,1,0,9,2820,1488,1332,546,755,2065,7.53438936170213,8.03329973118279,6.97704804804805,7.08135164835165,7.49101721854305,7.55024697336562,144
"146",2020,7,6.6,5,7,6.33333333333333,6,7,6.5,2,3,2,1,4,2825,1490,1335,548,756,2069,7.53273557522124,8.03191275167785,6.97560149812734,7.07740510948905,7.49036772486773,7.5482165297245,145
"147",2020,8,6.25,4,NA,6.25,6.5,NA,6.25,0,4,2,0,4,2829,1490,1339,550,756,2073,7.53092188052315,8.03191275167785,6.97343390589993,7.07530545454546,7.49036772486773,7.54571152918475,146
"148",2020,9,7.25,4,7,7.33333333333333,7.5,7,7.33333333333333,1,3,2,1,3,2833,1491,1342,552,757,2076,7.53052523826332,8.03122065727699,6.97423845007452,7.07684420289855,7.48971994715984,7.54540462427745,147
"149",2020,10,6.71111111111111,9,6.88,6.5,6.33333333333333,6,6.91428571428571,5,4,3,2,7,2842,1496,1346,555,759,2083,7.52793033075299,8.0273729946524,6.97282912332838,7.07282522522523,7.48579446640317,7.54328372539606,148
"150",2020,11,7.11538461538461,13,7.5625,6.4,6,7,7.13636363636364,8,5,1,2,11,2855,1504,1351,556,761,2094,7.52605183887916,8.02490026595745,6.97070910436714,7.07089568345324,7.48451773981603,7.54114613180515,149
"151",2020,12,6.66666666666667,9,7,6,8,7.66666666666667,6.16666666666667,6,3,1,3,6,2864,1510,1354,557,764,2100,7.52335125698324,8.02082781456953,6.96855834564254,7.07256373429085,7.4852329842932,7.53721904761905,150
"152",2021,1,6.78571428571429,14,7.75,6.4,6.5,5,6.92307692307692,4,10,3,1,13,2878,1514,1364,560,765,2113,7.51976302988186,8.02011228533685,6.96439002932551,7.06949642857143,7.48198431372549,7.53344060577378,151
"153",2021,2,7.20092583333333,12,7.70138875,6.2,6,7.66666666666667,7.04567888888889,8,4,2,3,9,2890,1522,1368,562,768,2122,7.5184391384083,8.01843699737188,6.96215497076023,7.06569039145908,7.48270572916667,7.53137187087653,152
"154",2021,3,7.71428571428571,7,7.83333333333333,7,NA,NA,7.71428571428571,6,1,0,0,7,2897,1528,1369,562,768,2129,7.51891236106317,8.01771015052356,6.96218261504748,7.06569039145908,7.48270572916667,7.53197327853452,153
"155",2021,4,6.91666666666667,12,7,6.83333333333333,6,7,6.9,6,6,1,2,10,2909,1534,1375,563,770,2139,7.51642801993812,8.01372953715776,6.96162036363636,7.06379751332149,7.48145194805195,7.52901875175315,154
"156",2021,5,6.72727272727273,11,7.33333333333333,6.5,7.33333333333333,8,6.6,3,8,3,1,10,2920,1537,1383,566,771,2149,7.51345517465753,8.01240150292778,6.95895010845987,7.0652261484099,7.48212451361868,7.52469572359237,155
"157",2021,6,7,6,8,6.8,7,4,7.6,1,5,2,1,5,2926,1538,1388,568,772,2154,7.51240229323308,8.01239343953186,6.95837752161383,7.06499647887324,7.47761398963731,7.52487052460538,156
"158",2021,7,7.56666666666667,6,8.1,6.5,NA,7.5,7.6,4,2,0,2,4,2932,1542,1390,568,774,2158,7.51251333901773,8.01262069390402,6.95771798561151,7.06499647887324,7.47767183462533,7.52500978220574,157
"159",2021,8,6.33333333333333,3,9,5,NA,NA,6.33333333333333,1,2,0,0,3,2935,1543,1392,568,774,2161,7.51130804429302,8.01326060272197,6.95490517241379,7.06499647887324,7.47767183462533,7.52335544192503,158
"160",2021,9,5.75,8,7,3.66666666666667,1,7,5.57142857142857,5,3,1,1,7,2943,1548,1395,569,775,2168,7.506520254842,8.00998779715762,6.94783369175627,7.05433743409491,7.47705548387097,7.51705309501845,159
"161",2021,10,7.5,5,8.33333333333333,6.25,NA,NA,7.5,3,2,0,0,5,2948,1551,1397,569,775,2173,7.50650919606513,8.01061322372662,6.94683464566929,7.05433743409491,7.47705548387097,7.51701385641969,160
"162",2021,11,7.77142857142857,7,8.08,7,7,7,8.08,5,2,2,2,5,2955,1556,1399,571,777,2178,7.50713675465313,8.01083618894601,6.94691065046462,7.05414711033275,7.47582754182755,7.51830629476584,161
"163",2021,12,5.83333333333333,6,7,5.6,4.33333333333333,NA,5.83333333333333,1,5,3,0,6,2961,1557,1404,574,777,2184,7.50374505572442,8.01018696852922,6.94211396011396,7.03992682926829,7.47582754182755,7.5136772481685,162
"164",2022,1,8,11,7.88888888888889,8.5,8,7,8.1,9,2,1,1,10,2972,1566,1406,575,778,2194,7.50558180013459,8.00948985312899,6.94433001422475,7.04159652173913,7.47521593830335,7.51634963992707,163
"165",2022,2,7.7,5,NA,7.7,8,NA,7.7,0,5,1,0,5,2977,1566,1411,576,778,2199,7.50590833389318,8.00948985312899,6.94700779588944,7.04326041666667,7.47521593830335,7.51676721691678,164
"166",2022,3,7.66666666666667,3,8,7,NA,9,7,2,1,0,1,2,2980,1568,1412,576,779,2201,7.50607017114094,8.00947774872449,6.94704532577904,7.04326041666667,7.47717329910142,7.51629764198091,165
"167",2022,4,6.2,5,6,6.5,NA,7,6,3,2,0,1,4,2985,1571,1414,576,780,2205,7.50388244891122,8.00564042647994,6.94641301272985,7.04326041666667,7.47656153846154,7.51354698866213,166
"168",2022,5,6,6,7.66666666666667,4.33333333333333,NA,6,6,3,3,0,1,5,2991,1574,1417,576,781,2210,7.50086563356737,8.0049943519695,6.94088073394495,7.04326041666667,7.47467093469911,7.51012267420814,167
"169",2022,6,6.58333333333333,6,8,5.875,NA,NA,6.58333333333333,2,4,0,0,6,2997,1576,1421,576,781,2216,7.4990287320654,8.00498801395939,6.93788036593948,7.04326041666667,7.47467093469911,7.507613316787,168
"170",2022,7,7.8125,8,8.125,7.5,7,NA,7.8125,4,4,2,0,8,3005,1580,1425,578,781,2224,7.49986326455907,8.00529184177215,6.93945824561404,7.0431107266436,7.47467093469911,7.50871003147482,169
"171",2022,8,6.86,5,7,6.825,5.5,NA,6.86,1,4,2,0,5,3010,1581,1429,580,781,2229,7.49880036877076,8.00465598355471,6.93913785864241,7.03778965517242,7.47467093469911,7.50725487213997,170
"172",2022,9,7.42857142857143,7,7.2,8,NA,NA,7.42857142857143,5,2,0,0,7,3017,1586,1431,580,781,2236,7.49863742459397,8.0021192370744,6.94062054507338,7.03778965517242,7.47467093469911,7.50700854651162,171
"173",2022,10,6.58333333333333,6,7.5,6.125,5.75,4,7.1,2,4,2,1,5,3023,1588,1435,582,782,2241,7.49682074429375,8.00148684508816,6.93834703832753,7.03336426116839,7.47022762148338,7.50610045069165,172
"174",2022,11,7.35,10,8,7.07142857142857,6.66666666666667,6.5,7.5625,3,7,3,2,8,3033,1591,1442,585,784,2249,7.49633666666667,8.00148404148334,6.93899306518724,7.03148376068376,7.46775255102041,7.50630107158737,173
"175",2022,12,7.95454545454545,11,8.1,7.83333333333333,7.5,7.25,8.11111111111111,5,6,1,2,9,3044,1596,1448,586,786,2258,7.49799248028909,8.00179267543859,6.94269889502762,7.03228327645051,7.46719847328245,7.5087117404783,174
