"","year","month","avg_rating","no_ratings","avg_rating_owned","avg_rating_not_owned","avg_rating_prev_owned","avg_rating_comment","avg_rating_no_comment","no_ratings_owned","no_ratings_not_owned","no_ratings_prev_owned","no_ratings_comment","no_ratings_no_comment","cum_no_ratings","cum_no_ratings_owned","cum_no_ratings_not_owned","cum_no_ratings_prev_owned","cum_no_ratings_comment","cum_no_ratings_no_comment","cum_avg_rating","cum_avg_rating_owned","cum_avg_rating_not_owned","cum_avg_rating_prev_owned","cum_avg_rating_comment","cum_avg_rating_no_comment","month_after_release"
"1",2001,6,4,2,NA,4,NA,NA,4,0,2,0,0,2,2,0,2,0,0,2,4,NA,4,NA,NA,4,0
"2",2001,7,8,1,8,NA,NA,NA,8,1,0,0,0,1,3,1,2,0,0,3,5.33333333333333,8,4,NA,NA,5.33333333333333,1
"3",2001,10,10,1,10,NA,NA,NA,10,1,0,0,0,1,4,2,2,0,0,4,6.5,9,4,NA,NA,6.5,4
"4",2001,11,8,1,8,NA,NA,8,NA,1,0,0,1,0,5,3,2,0,1,4,6.8,8.66666666666667,4,NA,8,6.5,5
"5",2002,1,6,1,NA,6,6,6,NA,0,1,1,1,0,6,3,3,1,2,4,6.66666666666667,8.66666666666667,4.66666666666667,6,7,6.5,7
"6",2002,2,8,1,8,NA,NA,NA,8,1,0,0,0,1,7,4,3,1,2,5,6.85714285714286,8.5,4.66666666666667,6,7,6.8,8
"7",2002,3,7.875,4,7.875,NA,NA,8.75,7,4,0,0,2,2,11,8,3,1,4,7,7.22727272727273,8.1875,4.66666666666667,6,7.875,6.85714285714286,9
"8",2002,6,6,1,6,NA,NA,NA,6,1,0,0,0,1,12,9,3,1,4,8,7.125,7.94444444444444,4.66666666666667,6,7.875,6.75,12
"9",2002,7,6.8,5,8,6,NA,8,6.5,2,3,0,1,4,17,11,6,1,5,12,7.02941176470588,7.95454545454545,5.33333333333333,6,7.9,6.66666666666667,13
"10",2002,8,8.5,2,8.5,NA,NA,NA,8.5,2,0,0,0,2,19,13,6,1,5,14,7.18421052631579,8.03846153846154,5.33333333333333,6,7.9,6.92857142857143,14
"11",2002,9,6,3,7,5.5,NA,5.5,7,1,2,0,2,1,22,14,8,1,7,15,7.02272727272727,7.96428571428571,5.375,6,7.21428571428571,6.93333333333333,15
"12",2002,10,8,2,NA,8,8,NA,8,0,2,2,0,2,24,14,10,3,7,17,7.10416666666667,7.96428571428571,5.9,7.33333333333333,7.21428571428571,7.05882352941176,16
"13",2002,11,9,1,9,NA,NA,NA,9,1,0,0,0,1,25,15,10,3,7,18,7.18,8.03333333333333,5.9,7.33333333333333,7.21428571428571,7.16666666666667,17
"14",2002,12,8.33333333333333,3,8.33333333333333,NA,NA,NA,8.33333333333333,3,0,0,0,3,28,18,10,3,7,21,7.30357142857143,8.08333333333333,5.9,7.33333333333333,7.21428571428571,7.33333333333333,18
"15",2003,1,7.66666666666667,3,9,5,NA,7.66666666666667,NA,2,1,0,3,0,31,20,11,3,10,21,7.33870967741935,8.175,5.81818181818182,7.33333333333333,7.35,7.33333333333333,19
"16",2003,2,10,1,10,NA,NA,10,NA,1,0,0,1,0,32,21,11,3,11,21,7.421875,8.26190476190476,5.81818181818182,7.33333333333333,7.59090909090909,7.33333333333333,20
"17",2003,3,7,2,8,6,6,6,8,1,1,1,1,1,34,22,12,4,12,22,7.39705882352941,8.25,5.83333333333333,7,7.45833333333333,7.36363636363636,21
"18",2003,5,6.75,4,10,5.66666666666667,7,7,6.66666666666667,1,3,1,1,3,38,23,15,5,13,25,7.32894736842105,8.32608695652174,5.8,7,7.42307692307692,7.28,23
"19",2003,6,5.5,2,8,3,NA,8,3,1,1,0,1,1,40,24,16,5,14,26,7.2375,8.3125,5.625,7,7.46428571428571,7.11538461538461,24
"20",2003,7,6.45454545454545,11,6.4,6.5,7.5,6.28571428571429,6.75,5,6,2,7,4,51,29,22,7,21,30,7.06862745098039,7.98275862068966,5.86363636363636,7.14285714285714,7.07142857142857,7.06666666666667,25
"21",2003,8,6.75,4,6,7,NA,NA,6.75,1,3,0,0,4,55,30,25,7,21,34,7.04545454545455,7.91666666666667,6,7.14285714285714,7.07142857142857,7.02941176470588,26
"22",2003,9,7.4,3,7.65,6.9,NA,NA,7.4,2,1,0,0,3,58,32,26,7,21,37,7.06379310344828,7.9,6.03461538461538,7.14285714285714,7.07142857142857,7.05945945945946,27
"23",2003,10,4,1,NA,4,NA,4,NA,0,1,0,1,0,59,32,27,7,22,37,7.01186440677966,7.9,5.95925925925926,7.14285714285714,6.93181818181818,7.05945945945946,28
"24",2003,11,7.5,2,7.5,NA,NA,NA,7.5,2,0,0,0,2,61,34,27,7,22,39,7.02786885245902,7.8764705882353,5.95925925925926,7.14285714285714,6.93181818181818,7.08205128205128,29
"25",2003,12,7.33333333333333,3,7.33333333333333,NA,6,NA,7.33333333333333,3,0,1,0,3,64,37,27,8,22,42,7.0421875,7.83243243243243,5.95925925925926,7,6.93181818181818,7.1,30
"26",2004,1,6.56,5,7,6.45,7,7,5.9,1,4,2,3,2,69,38,31,10,25,44,7.00724637681159,7.81052631578948,6.02258064516129,7,6.94,7.04545454545455,31
"27",2004,2,6.42857142857143,7,7,6,NA,6,6.6,3,4,0,2,5,76,41,35,10,27,49,6.95394736842105,7.75121951219512,6.02,7,6.87037037037037,7,32
"28",2004,3,7.27777777777778,9,7.75,6.33333333333333,7,7.5,7.25,6,3,2,1,8,85,47,38,12,28,57,6.98823529411765,7.75106382978724,6.04473684210526,7,6.89285714285714,7.03508771929825,33
"29",2004,4,6.83333333333333,3,8.5,3.5,NA,6.83333333333333,NA,2,1,0,3,0,88,49,39,12,31,57,6.98295454545455,7.78163265306123,5.97948717948718,7,6.88709677419355,7.03508771929825,34
"30",2004,5,5.91666666666667,6,6.7,2,NA,4.75,6.5,5,1,0,2,4,94,54,40,12,33,61,6.91489361702128,7.68148148148148,5.88,7,6.75757575757576,7,35
"31",2004,6,6.5,6,8,5.75,6,6,7,2,4,1,3,3,100,56,44,13,36,64,6.89,7.69285714285714,5.86818181818182,6.92307692307692,6.69444444444444,7,36
"32",2004,7,7,2,7,NA,NA,7,7,2,0,0,1,1,102,58,44,13,37,65,6.8921568627451,7.66896551724138,5.86818181818182,6.92307692307692,6.7027027027027,7,37
"33",2004,8,7.25,4,7,8,8,7.5,7,3,1,1,2,2,106,61,45,14,39,67,6.90566037735849,7.63606557377049,5.91555555555556,7,6.74358974358974,7,38
"34",2004,9,6.58333333333333,6,7.1,4,NA,6.5,6.625,5,1,0,2,4,112,66,46,14,41,71,6.88839285714286,7.59545454545455,5.87391304347826,7,6.73170731707317,6.97887323943662,39
"35",2004,10,6.91666666666667,6,8.25,4.25,NA,7.25,6.75,4,2,0,2,4,118,70,48,14,43,75,6.88983050847458,7.63285714285714,5.80625,7,6.75581395348837,6.96666666666667,40
"36",2004,11,7.25,7,7.25,NA,NA,7.25,7.25,7,0,0,5,2,125,77,48,14,48,77,6.91,7.59805194805195,5.80625,7,6.80729166666667,6.97402597402597,41
"37",2004,12,8,1,8,NA,NA,8,NA,1,0,0,1,0,126,78,48,14,49,77,6.91865079365079,7.60320512820513,5.80625,7,6.83163265306122,6.97402597402597,42
"38",2005,1,8.33333333333333,3,8.33333333333333,NA,NA,9,8,3,0,0,1,2,129,81,48,14,50,79,6.9515503875969,7.63024691358025,5.80625,7,6.875,7,43
"39",2005,2,7.5,2,7.5,NA,NA,8.5,6.5,2,0,0,1,1,131,83,48,14,51,80,6.95992366412214,7.62710843373494,5.80625,7,6.90686274509804,6.99375,44
"40",2005,3,8,1,8,NA,NA,8,NA,1,0,0,1,0,132,84,48,14,52,80,6.96780303030303,7.63154761904762,5.80625,7,6.92788461538461,6.99375,45
"41",2005,4,7.16666666666667,6,7.5,6.83333333333333,8,8,7,3,3,1,1,5,138,87,51,15,53,85,6.97644927536232,7.62701149425287,5.86666666666667,7.06666666666667,6.94811320754717,6.99411764705882,46
"42",2005,5,6.6875,8,7.3,5.66666666666667,NA,6.9,6.33333333333333,5,3,0,5,3,146,92,54,15,58,88,6.96061643835616,7.60923913043478,5.85555555555556,7.06666666666667,6.94396551724138,6.97159090909091,47
"43",2005,6,6.83333333333333,3,6.75,7,NA,NA,6.83333333333333,2,1,0,0,3,149,94,55,15,58,91,6.95805369127517,7.59095744680851,5.87636363636364,7.06666666666667,6.94396551724138,6.96703296703297,48
"44",2005,7,7.375,4,8.16666666666667,5,NA,8.25,6.5,3,1,0,2,2,153,97,56,15,60,93,6.96895424836601,7.60876288659794,5.86071428571429,7.06666666666667,6.9875,6.95698924731183,49
"45",2005,8,6.5,3,6.5,NA,NA,6.5,6.5,3,0,0,1,2,156,100,56,15,61,95,6.9599358974359,7.5755,5.86071428571429,7.06666666666667,6.97950819672131,6.94736842105263,50
"46",2005,9,8.375,4,8.375,NA,NA,8.83333333333333,7,4,0,0,3,1,160,104,56,15,64,96,6.9953125,7.60625,5.86071428571429,7.06666666666667,7.06640625,6.94791666666667,51
"47",2005,10,6.18333333333333,6,6.22,6,NA,6.275,6,5,1,0,4,2,166,109,57,15,68,98,6.96596385542169,7.54266055045872,5.86315789473684,7.06666666666667,7.01985294117647,6.92857142857143,52
"48",2005,11,7,4,7.33333333333333,6,NA,NA,7,3,1,0,0,4,170,112,58,15,68,102,6.96676470588235,7.53705357142857,5.86551724137931,7.06666666666667,7.01985294117647,6.93137254901961,53
"49",2005,12,7.6,5,7.6,NA,NA,7.75,7.5,5,0,0,2,3,175,117,58,15,70,105,6.98485714285714,7.53974358974359,5.86551724137931,7.06666666666667,7.04071428571429,6.94761904761905,54
"50",2006,1,6.7,5,7.16666666666667,6,8,4,7.375,3,2,1,1,4,180,120,60,16,71,109,6.97694444444444,7.53041666666667,5.87,7.125,6.99788732394366,6.96330275229358,55
"51",2006,2,7,1,7,NA,NA,7,NA,1,0,0,1,0,181,121,60,16,72,109,6.97707182320442,7.52603305785124,5.87,7.125,6.99791666666667,6.96330275229358,56
"52",2006,3,6.25,4,7,6,NA,6,6.5,1,3,0,2,2,185,122,63,16,74,111,6.96135135135135,7.52172131147541,5.87619047619048,7.125,6.97094594594595,6.95495495495495,57
"53",2006,4,5.5,2,NA,5.5,NA,5.5,NA,0,2,0,2,0,187,122,65,16,76,111,6.94572192513369,7.52172131147541,5.86461538461538,7.125,6.93223684210526,6.95495495495495,58
"54",2006,5,7.4,5,7,7.66666666666667,8,7.33333333333333,7.5,2,3,1,3,2,192,124,68,17,79,113,6.95755208333333,7.5133064516129,5.94411764705882,7.17647058823529,6.94746835443038,6.9646017699115,59
"55",2006,6,6.625,4,8,6.16666666666667,4.5,7,6.5,1,3,1,1,3,196,125,71,18,80,116,6.95076530612245,7.5172,5.95352112676056,7.02777777777778,6.948125,6.95258620689655,60
"56",2006,7,6.9,5,7,6.5,NA,8,6.625,4,1,0,1,4,201,129,72,18,81,120,6.94950248756219,7.50116279069768,5.96111111111111,7.02777777777778,6.96111111111111,6.94166666666667,61
"57",2006,8,6.5,8,6.75,6.25,NA,5.5,6.83333333333333,4,4,0,2,6,209,133,76,18,83,126,6.9322966507177,7.47857142857143,5.97631578947368,7.02777777777778,6.92590361445783,6.93650793650794,62
"58",2006,9,6.2,5,6.75,4,NA,5.33333333333333,7.5,4,1,0,3,2,214,137,77,18,86,128,6.91518691588785,7.45729927007299,5.95064935064935,7.02777777777778,6.8703488372093,6.9453125,63
"59",2006,10,6.4,5,7,6,NA,7.5,5.66666666666667,2,3,0,2,3,219,139,80,18,88,131,6.90342465753425,7.45071942446043,5.9525,7.02777777777778,6.88465909090909,6.91603053435114,64
"60",2006,11,6.6,5,7,6.33333333333333,NA,7,6.33333333333333,2,3,0,2,3,224,141,83,18,90,134,6.89665178571429,7.44432624113475,5.96626506024096,7.02777777777778,6.88722222222222,6.90298507462687,65
"61",2006,12,7.19444444444444,18,7.61538461538461,6.1,7,7,7.35,13,5,1,8,10,242,154,88,19,98,144,6.91880165289256,7.45876623376623,5.97386363636364,7.02631578947368,6.89642857142857,6.93402777777778,66
"62",2007,1,6.77083333333333,24,6.86666666666667,6.61111111111111,7,6.36363636363636,7.11538461538461,15,9,1,11,13,266,169,97,20,109,157,6.90545112781955,7.40621301775148,6.03298969072165,7.025,6.84266055045872,6.94904458598726,67
"63",2007,2,6.76606192307692,26,7.0625,6.291761,NA,6.82142857142857,6.7014675,16,10,0,14,12,292,185,107,20,123,169,6.89303976027397,7.37648648648649,6.05717392523364,7.025,6.84024390243902,6.93146514792899,68
"64",2007,3,6.55322580645161,31,7.83333333333333,5.74473684210526,6.825,6.31818181818182,6.6825,12,19,2,11,20,323,197,126,22,134,189,6.8604260371517,7.40431472081218,6.0100603968254,7.00681818181818,6.79738805970149,6.90511962962963,69
"65",2007,4,6.5,25,7.44444444444444,5.96875,7,6.26923076923077,6.75,9,16,1,13,12,348,206,142,23,147,201,6.83453336206897,7.40606796116505,6.00540570422535,7.00652173913044,6.75068027210884,6.89585875621891,70
"66",2007,5,5.95,20,8,5.4375,6.75,6.88888888888889,5.18181818181818,4,16,2,9,11,368,210,158,25,156,212,6.78646089673913,7.41738095238095,5.94789626582279,6.986,6.75865384615385,6.80692268867925,71
"67",2007,6,7.07142857142857,21,7.81818181818182,6.25,5.5,6.41666666666667,7.33333333333333,11,10,2,6,15,389,221,168,27,162,227,6.80184475578406,7.43733031674208,5.96587863095238,6.87592592592593,6.74598765432099,6.84170753303965,72
"68",2007,7,7.01875,16,7.31428571428571,6.78888888888889,NA,7.1,6.98181818181818,7,9,0,5,11,405,228,177,27,167,238,6.81041385185185,7.43355263157895,6.00772661016949,6.87592592592593,6.7565868263473,6.84818323529412,73
"69",2007,8,6.32222222222222,27,7.08333333333333,5.71333333333333,7,6.31818181818182,6.325,12,15,2,11,16,432,240,192,29,178,254,6.779901875,7.41604166666667,5.98472713541667,6.88448275862069,6.72949438202247,6.81522681102362,74
"70",2007,9,6.6,20,7.11111111111111,6.18181818181818,8,7,6.33333333333333,9,11,1,8,12,452,249,203,30,186,266,6.77194161504425,7.40502008032129,5.99540694581281,6.92166666666667,6.74112903225806,6.7934872556391,75
"71",2007,10,6.8375,16,7.35714285714286,6.43333333333333,NA,6.48571428571429,7.11111111111111,7,9,0,7,9,468,256,212,30,193,275,6.77418292735043,7.4037109375,6.01399816037736,6.92166666666667,6.73186528497409,6.80388221818182,76
"72",2007,11,6.83333333333333,21,7.1,6.59090909090909,6.875,6.81818181818182,6.85,10,11,4,11,10,489,266,223,34,204,285,6.77672312883436,7.39229323308271,6.04245565022422,6.91617647058824,6.73651960784314,6.80550038596491,77
"73",2007,12,6.844,25,7.27777777777778,6.6,8.5,7.2,6.67647058823529,9,16,2,8,17,514,275,239,36,212,302,6.77999535019455,7.38854545454546,6.07978079497908,7.00416666666667,6.75400943396226,6.7982371192053,78
"74",2008,1,7.25,30,7.63157894736842,6.59090909090909,6,7.21875,7.28571428571429,19,11,1,16,14,544,294,250,37,228,316,6.80591472426471,7.40425170068027,6.10227044,6.97702702702703,6.78662280701754,6.81983420886076,79
"75",2008,2,6.56,30,7,6.175,7,6.6875,6.41428571428571,14,16,1,16,14,574,308,266,38,244,330,6.79306203832753,7.38587662337662,6.10664515037594,6.97763157894737,6.78012295081967,6.80262912121212,80
"76",2008,3,7.33529411764706,17,7.4625,7.22222222222222,NA,7.6,7.225,8,9,0,5,12,591,316,275,38,249,342,6.80865923857868,7.3878164556962,6.14315494545455,6.97763157894737,6.79658634538153,6.81744915204678,81
"77",2008,4,6.83333333333333,12,7.07142857142857,6.5,7,6.83333333333333,6.83333333333333,7,5,1,6,6,603,323,280,39,255,348,6.80915026533997,7.38095975232198,6.14952717857143,6.97820512820513,6.79745098039216,6.81772301724138,82
"78",2008,5,6.16842105263158,19,6.11666666666667,6.19230769230769,7.3,6.29090909090909,6,6,13,5,11,8,622,329,293,44,266,356,6.7895781511254,7.35790273556231,6.15142529010239,7.01477272727273,6.7765037593985,6.79934721910112,83
"79",2008,6,6.94444444444444,18,7.03333333333333,6.5,6.5,7.07142857142857,6.86363636363636,15,3,1,7,11,640,344,296,45,273,367,6.793933765625,7.34375,6.15495814189189,7.00333333333333,6.78406593406593,6.80127414168937,84
"80",2008,7,6.21612903225806,31,6.52857142857143,6.125,5.6,6.03125,6.41333333333333,7,24,6,16,15,671,351,320,51,289,382,6.76723935916542,7.32749287749288,6.15271128125,6.83823529411765,6.74238754325259,6.78604086387435,85
"81",2008,8,6.67368421052632,19,7.43,5.83333333333333,5,7.05,6.5,10,9,2,6,13,690,361,329,53,295,395,6.76466320289855,7.3303324099723,6.14397449848024,6.7688679245283,6.74864406779661,6.77662686075949,86
"82",2008,9,6.60714285714286,14,7.5,6.25,6.5,6.3,6.77777777777778,4,10,3,5,9,704,365,339,56,300,404,6.76153069602273,7.33219178082192,6.14710209439528,6.75446428571429,6.74116666666667,6.7766525,87
"83",2008,10,6.2,15,7,5,4.66666666666667,5.57142857142857,6.75,9,6,3,7,8,719,374,345,59,307,412,6.74981586926286,7.32419786096257,6.12715249275362,6.64830508474576,6.71449511400651,6.77613497572816,88
"84",2008,11,6.88,25,6.85714285714286,6.90909090909091,6.5,7.2,6.8,14,11,2,5,20,744,388,356,61,312,432,6.7541903360215,7.30734536082474,6.15131351123596,6.64344262295082,6.72227564102564,6.77723983796296,89
"85",2008,12,6.52631578947368,19,7,6.30769230769231,6.83333333333333,6.71428571428571,6.41666666666667,6,13,6,7,12,763,394,369,67,319,444,6.74851587155963,7.30266497461929,6.15682279132791,6.66044776119403,6.72210031347962,6.76749461711712,90
"86",2009,1,6.96785714285714,28,7.29615384615385,6.68333333333333,6.70833333333333,6.625,7.105,13,15,6,8,20,791,407,384,73,327,464,6.75628016434892,7.302457002457,6.177389609375,6.66438356164384,6.7197247706422,6.78204226293103,91
"87",2009,2,6.26285714285714,35,7.09090909090909,5.88333333333333,6.03333333333333,5.29090909090909,6.70833333333333,11,24,6,11,24,826,418,408,79,338,488,6.73537240920097,7.29688995215311,6.16009218137255,6.61645569620253,6.67322485207101,6.77841723360656,92
"88",2009,3,6.28,25,6.49,6.14,6.5,6.1,6.38125,10,15,4,9,16,851,428,423,83,347,504,6.7219948413631,7.27803738317757,6.15937969267139,6.61084337349398,6.65835734870317,6.76580875,93
"89",2009,4,6.39411764705882,34,7.16,5.78947368421053,6.83333333333333,6.40833333333333,6.38636363636364,15,19,6,12,22,885,443,442,89,359,526,6.70939842937853,7.27404063205418,6.14347875565611,6.62584269662921,6.65,6.74993842205323,94
"90",2009,5,6.6,24,7.5,6.15,6,6.16666666666667,6.74444444444444,8,16,5,6,18,909,451,458,94,365,544,6.7065100220022,7.27804878048781,6.1437065720524,6.59255319148936,6.64205479452055,6.74975663602941,95
"91",2009,6,6.92333333333333,30,6.98461538461538,6.87647058823529,6.57142857142857,6.37272727272727,7.2421052631579,13,17,7,11,19,939,464,475,101,376,563,6.71343728434505,7.2698275862069,6.16993181052632,6.59108910891089,6.63417553191489,6.76637230905861,96
"92",2009,7,6.61304347826087,23,7.35,6.04615384615385,6.2,6.6875,6.57333333333333,10,13,5,8,15,962,474,488,106,384,578,6.71103701663202,7.27151898734177,6.16663444672131,6.57264150943396,6.63528645833333,6.76136264705882,97
"93",2009,8,6.628,25,6.9,6.44666666666667,6.3,6.34615384615385,6.93333333333333,10,15,5,13,12,987,484,503,111,397,590,6.70893374873353,7.26384297520661,6.17498530815109,6.56036036036036,6.62581863979849,6.7648603559322,98
"94",2009,9,6.90333333333333,15,7.35,6.68,7,6.7,6.97727272727273,5,10,1,4,11,1002,489,513,112,401,601,6.71184392215569,7.26472392638037,6.18482964912281,6.56428571428571,6.62655860349127,6.7687481031614,99
"95",2009,10,6.3,16,6.33333333333333,6.29230769230769,6.4,4.93333333333333,6.61538461538461,3,13,7,3,13,1018,492,526,119,404,614,6.70537093320236,7.25904471544716,6.18748595057034,6.5546218487395,6.61398514851485,6.76550099348534,100
"96",2009,11,5.97333333333333,30,6.74285714285714,5.73913043478261,5.5,6.15454545454545,5.86842105263158,7,23,8,11,19,1048,499,549,127,415,633,6.68441565839695,7.25180360721443,6.16870238615665,6.48818897637795,6.60180722891566,6.73857442338072,101
"97",2009,12,6.335,30,6.9375,6.11590909090909,7.05,6.5,6.302,8,22,3,5,25,1078,507,571,130,420,658,6.67469166048237,7.24684418145957,6.16666831873906,6.50115384615385,6.60059523809524,6.72198724924012,102
"98",2010,1,6.53,20,7.36363636363636,5.51111111111111,6.16666666666667,7.5,6.35882352941176,11,9,3,3,17,1098,518,580,133,423,675,6.67205611111111,7.24932432432432,6.15649587931035,6.49360902255639,6.60697399527187,6.7128409037037,103
"99",2010,2,6.52173913043478,23,7,6.21428571428571,6.25,6.875,6.44736842105263,9,14,4,4,19,1121,527,594,137,427,694,6.66897199821588,7.24506641366224,6.15785792929293,6.48649635036496,6.60948477751756,6.70557292507205,104
"100",2010,3,6.62777777777778,18,7.1,6.0375,5.5,6.5,6.69166666666667,10,8,2,6,12,1139,537,602,139,433,706,6.66832099209833,7.24236499068901,6.15625848837209,6.47230215827338,6.60796766743649,6.70533655807365,105
"101",2010,4,6.77692307692308,26,7.58571428571429,6.47894736842105,6.16666666666667,6.8,6.77142857142857,7,19,3,5,21,1165,544,621,142,438,727,6.67074472961373,7.24678308823529,6.16613141706924,6.46584507042254,6.6101598173516,6.70724568088033,106
"102",2010,5,6.17142857142857,14,6.675,5.97,7.05,5,6.82222222222222,4,10,4,5,9,1179,548,631,146,443,736,6.6648156149279,7.24260948905109,6.16302315372425,6.48184931506849,6.59198645598194,6.70865164402174,107
"103",2010,6,6.33333333333333,9,8,5.5,6,7,6.25,3,6,1,1,8,1188,551,637,147,444,744,6.66230438552189,7.2467332123412,6.15677803767661,6.47857142857143,6.59290540540541,6.70371990591398,108
"104",2010,7,6.82941176470588,17,6.91,6.71428571428571,7.5,6.25,7.00769230769231,10,7,2,4,13,1205,561,644,149,448,757,6.66466191701245,7.24073083778966,6.16283790372671,6.49228187919463,6.58984375,6.70894003963012,109
"105",2010,8,6.61111111111111,18,6.85714285714286,6.45454545454545,6.75,5.16666666666667,6.9,7,11,4,3,15,1223,568,655,153,451,772,6.66387376124285,7.23600352112676,6.16773680916031,6.49901960784314,6.58037694013304,6.71265234455958,110
"106",2010,9,6.23636363636364,11,7,6.16,6,5.25,6.8,1,10,3,4,7,1234,569,665,156,455,779,6.6600628930308,7.23558875219684,6.16762046616541,6.48942307692308,6.56868131868132,6.71343724005135,111
"107",2010,10,6.19642857142857,14,6.75,5.975,3,5.75,6.375,4,10,1,4,10,1248,573,675,157,459,789,6.65486186698718,7.23219895287958,6.16476682962963,6.4671974522293,6.56154684095861,6.70914779467681,112
"108",2010,11,6.754,25,7.34444444444444,6.421875,6.33333333333333,7.35,6.605,9,16,3,5,20,1273,582,691,160,464,809,6.65680880597015,7.23393470790378,6.17072013024602,6.4646875,6.57004310344828,6.70657306551298,113
"109",2010,12,6.865,20,7.52727272727273,6.05555555555556,NA,6.83333333333333,6.87857142857143,11,9,0,6,14,1293,593,700,160,470,823,6.66002908739366,7.2393760539629,6.16923944285714,6.4646875,6.57340425531915,6.70949891859052,114
"110",2011,1,6.61818181818182,33,7.20714285714286,6.18421052631579,7.1,6.2,6.69285714285714,14,19,5,5,28,1326,607,719,165,475,851,6.65898763951735,7.23863261943987,6.16963506258693,6.48393939393939,6.56947368421053,6.70895136310223,115
"111",2011,2,6.53577777777778,27,7.7666,5.81176470588235,7.5,6.85177777777778,6.37777777777778,10,17,3,9,18,1353,617,736,168,484,869,6.65652890613452,7.24718962722852,6.16136903532609,6.50208333333333,6.57472314049587,6.70209161104718,116
"112",2011,3,6.71428571428571,14,7.6,6.22222222222222,6.66666666666667,6.25,6.9,5,9,3,4,10,1367,622,745,171,488,879,6.65712041697147,7.25002572347267,6.16210417449664,6.50497076023392,6.57206147540984,6.70434312855518,117
"113",2011,4,6.26923076923077,13,6.64285714285714,5.83333333333333,6.66666666666667,6.58333333333333,6,7,6,3,6,7,1380,629,751,174,494,886,6.65346638405797,7.24326868044515,6.15947750998669,6.50775862068966,6.5721983805668,6.69877834085779,118
"114",2011,5,6.2452380952381,21,6.59,6.1375,7,5.8125,6.51153846153846,5,16,4,8,13,1401,634,767,178,502,899,6.64734733047823,7.2381167192429,6.1590190482399,6.5188202247191,6.56009163346614,6.696070756396,119
"115",2011,6,6.44736842105263,19,7.4,6.10714285714286,6.5,6.6,6.39285714285714,5,14,5,5,14,1420,639,781,183,507,913,6.64467155633803,7.23938341158059,6.15808912932138,6.51830601092896,6.56048520710059,6.69142125958379,120
"116",2011,7,6.04545454545455,11,6.83333333333333,5.75,NA,6,6.07142857142857,3,8,0,4,7,1431,642,789,183,511,920,6.64006541579315,7.23748598130841,6.15395134347275,6.51830601092896,6.55609784735812,6.68670392391304,121
"117",2011,8,5.57142857142857,14,6.28571428571429,4.85714285714286,6,4.5,6,7,7,2,4,10,1445,649,796,185,515,930,6.62971184083045,7.22722033898305,6.14254724874372,6.5127027027027,6.54012815533981,6.67932001075269,122
"118",2011,9,6.14285714285714,14,7.25,5.7,8,8,6,4,10,1,1,13,1459,653,806,186,516,943,6.62504017135024,7.22735987748851,6.13705658808933,6.52069892473118,6.54295736434109,6.66995504772004,123
"119",2011,10,6.73529411764706,17,7.35714285714286,6.3,5,6,6.89285714285714,7,10,2,3,14,1476,660,816,188,519,957,6.62631003387534,7.22873636363636,6.13905344362745,6.50452127659574,6.53981888246628,6.67321589341693,124
"120",2011,11,6.29230769230769,13,7.275,5.85555555555556,6,5.92,6.525,4,9,2,5,8,1489,664,825,190,524,965,6.62339396239087,7.22901506024096,6.13596073939394,6.49921052631579,6.53390458015267,6.67198716062176,125
"121",2011,12,6.74038461538461,26,7.33333333333333,6.42647058823529,6.1875,6.84375,6.69444444444444,9,17,8,8,18,1515,673,842,198,532,983,6.62540172277228,7.23041010401189,6.14182614014252,6.48661616161616,6.53856390977444,6.67239838250254,126
"122",2012,1,6.59615384615385,13,6.99285714285714,6.13333333333333,6.8,5.5,6.925,7,6,1,3,10,1528,680,848,199,535,993,6.62515288612565,7.22796470588235,6.1417660495283,6.48819095477387,6.53274018691589,6.67494220543807,127
"123",2012,2,6.45666666666667,15,6.75,6.38333333333333,6,5.025,6.97727272727273,3,12,1,4,11,1543,683,860,200,539,1004,6.62351497731691,7.22586530014641,6.14513675581395,6.48575,6.52155102040816,6.67825459163347,128
"124",2012,3,6.19117647058824,17,7,5.85416666666667,6.4375,5.4,6.52083333333333,5,12,4,5,12,1560,688,872,204,544,1016,6.61880359615385,7.2242238372093,6.14113258027523,6.48480392156863,6.51124264705882,6.67639528543307,129
"125",2012,4,6.2,15,6.66666666666667,6.08333333333333,NA,6.75,6,3,12,0,4,11,1575,691,884,204,548,1027,6.61481499047619,7.22180318379161,6.14034797511312,6.48480392156863,6.51298540145985,6.66915054527751,130
"126",2012,5,6.32142857142857,14,7.25,5.95,7,7,6.05,4,10,1,4,10,1589,695,894,205,552,1037,6.61223008810573,7.2219654676259,6.13821880313199,6.48731707317073,6.51651449275362,6.66317995178399,131
"127",2012,6,7.02272727272727,11,7.1875,6.58333333333333,6.875,7.33333333333333,6.90625,8,3,2,3,8,1600,703,897,207,555,1045,6.61505225625,7.22157325746799,6.13970748049053,6.49106280193237,6.52092972972973,6.66504077511962,132
"128",2012,7,6.18529411764706,17,6.55,5.98636363636364,5.23333333333333,6.7,5.97083333333333,6,11,3,5,12,1617,709,908,210,560,1057,6.61053408163265,7.21588998589563,6.1378497907489,6.47309523809524,6.52252857142857,6.65715951750236,133
"129",2012,8,6.61666666666667,12,6.46666666666667,6.66666666666667,7.5,5.68,7.28571428571429,3,9,6,5,7,1629,712,917,216,565,1064,6.61057925721301,7.21273314606742,6.14303992366412,6.50162037037037,6.51507256637168,6.6612947462406,134
"130",2012,9,6.73529411764706,17,8,6.04545454545455,5.75,5.7,7.16666666666667,6,11,4,5,12,1646,718,928,220,570,1076,6.61186732077764,7.21931197771588,6.14188320043104,6.48795454545455,6.50792280701754,6.66693086431227,135
"131",2012,10,5.58181818181818,11,6.125,5.27142857142857,4.63333333333333,4.5,5.82222222222222,4,7,3,2,9,1657,722,935,223,572,1085,6.60502933614967,7.21324930747922,6.13536642780749,6.46300448430493,6.5009020979021,6.65992406451613,136
"132",2012,11,6.32222222222222,18,7.08333333333333,5.94166666666667,6.4,6.04285714285714,6.5,6,12,5,7,11,1675,728,947,228,579,1096,6.60199021492537,7.21217857142857,6.13291194297783,6.46162280701754,6.49536442141623,6.65831898722628,137
"133",2012,12,6.29411764705882,17,7.8,5.66666666666667,5.75,6.5,6.18181818181818,5,12,4,6,11,1692,733,959,232,585,1107,6.59889693262411,7.21618826739427,6.12707779979145,6.44935344827586,6.49541196581197,6.65358411020777,138
"134",2013,1,6.64285714285714,28,7.21428571428571,6.07142857142857,6,7.16666666666667,6.58,14,14,3,3,25,1720,747,973,235,588,1132,6.59961256395349,7.21615261044177,6.12627709146968,6.4436170212766,6.49883673469388,6.65195901943463,139
"135",2013,2,7.01333333333333,15,8.04285714285714,6.1125,7,6.33333333333333,7.18333333333333,7,8,3,3,12,1735,754,981,238,591,1144,6.60318940057637,7.2238275862069,6.12616474006116,6.45063025210084,6.49799661590524,6.65753287587413,140
"136",2013,3,6.99615384615385,26,7.70833333333333,6.38571428571429,6,7.12,6.96666666666667,12,14,2,5,21,1761,766,995,240,596,1165,6.60899126064736,7.23141775456919,6.12981669346734,6.446875,6.50321476510067,6.66310524463519,141
"137",2013,4,6.82,10,7,6.8,6.625,7.05,6.66666666666667,1,9,4,4,6,1771,767,1004,244,600,1171,6.61018272727273,7.23111603650587,6.135824312749,6.44979508196721,6.50686,6.66312349274125,142
"138",2013,5,7.08125,16,8.33333333333333,6.33,6,7,7.09285714285714,6,10,5,2,14,1787,773,1014,249,602,1185,6.61440045327364,7.23967141009056,6.13773926035503,6.44076305220884,6.50849833887043,6.66820051476793,143
"139",2013,6,6.625,14,7.6,6.08333333333333,5.75,6.16666666666667,6.75,5,9,2,3,11,1801,778,1023,251,605,1196,6.61448284841754,7.24198714652956,6.13726061583578,6.43525896414343,6.50680330578512,6.66895285117057,144
"140",2013,7,6.41666666666667,18,6.5625,6.3,7.5,6.5,6.4,8,10,3,3,15,1819,786,1033,254,608,1211,6.61252534909291,7.23507124681934,6.13883602129719,6.44783464566929,6.5067697368421,6.66562147811726,145
"141",2013,8,6.59411764705882,17,7,6.46923076923077,6.75,7,6.50714285714286,4,13,4,3,14,1836,790,1046,258,611,1225,6.61235490740741,7.23388101265823,6.14294226577438,6.45251937984496,6.5091914893617,6.66381029387755,146
"142",2013,9,6.4975,20,7.475,5.84583333333333,5.48333333333333,5.65,6.86071428571429,8,12,6,6,14,1856,798,1058,264,617,1239,6.61111724676724,7.23629824561403,6.13957241020794,6.43049242424243,6.50083630470016,6.66603519774011,147
"143",2013,10,6.6,9,8.75,4.88,6.5,2.5,7.1125,4,5,2,1,8,1865,802,1063,266,618,1247,6.61106359785523,7.24384788029925,6.13364779868297,6.43101503759399,6.49436245954693,6.66889944667201,148
"144",2013,11,6.42380952380952,21,7.43333333333333,5.66666666666667,5.4,6.2,6.49375,9,12,5,5,16,1886,811,1075,271,623,1263,6.60897858430541,7.24595067817509,6.12843498604651,6.4119926199262,6.492,6.66668060965954,149
"145",2013,12,6.0625,16,7.28571428571429,5.11111111111111,5.66666666666667,5.25,6.33333333333333,7,9,3,4,12,1902,818,1084,274,627,1275,6.60438149842271,7.24629095354523,6.1199885701107,6.40383211678832,6.48407655502392,6.66354322352941,150
"146",2014,1,6.91666666666667,33,7.628125,6.24705882352941,6.65,5.96666666666667,7.27291666666667,16,17,8,9,24,1935,834,1101,282,636,1299,6.60970729198966,7.25361630695444,6.12195059945504,6.41081560283688,6.47675471698113,6.67480185527329,151
"147",2014,2,6.66666666666667,15,7.21428571428571,6.1875,6.65,7.83333333333333,6.375,7,8,2,3,12,1950,841,1109,284,639,1311,6.61014544102564,7.25328894173603,6.12242345356177,6.4125,6.48312363067293,6.67205767353165,152
"148",2014,3,7.33809523809524,21,7.60666666666667,6.66666666666667,6.625,6.625,7.50588235294118,15,6,4,4,17,1971,856,1115,288,643,1328,6.61790137493658,7.25948130841121,6.12535211659193,6.41545138888889,6.48400622083981,6.68273163403614,153
"149",2014,4,6.73333333333333,15,7.25,6.54545454545455,6.83333333333333,6.83333333333333,6.70833333333333,4,11,3,3,12,1986,860,1126,291,646,1340,6.61877321752266,7.25943720930233,6.12945613676732,6.41975945017182,6.48562848297214,6.68296090298507,154
"150",2014,5,5.86904761904762,21,7.02272727272727,4.6,6.4,6.85,5.5625,11,10,3,5,16,2007,871,1136,294,651,1356,6.6109285550573,7.25644776119403,6.11599261443662,6.41955782312925,6.48842703533026,6.66974012536873,155
"151",2014,6,6.80555555555556,18,7,6.68181818181818,7.25,6,6.85294117647059,7,11,6,1,17,2025,878,1147,300,652,1373,6.61265857283951,7.25440318906606,6.12141901482127,6.43616666666667,6.48767791411043,6.67200845593591,156
"152",2014,7,7.12352941176471,17,7.72857142857143,6.7,6,6.66666666666667,7.22142857142857,7,10,2,3,14,2042,885,1157,302,655,1387,6.61691166013712,7.25815367231638,6.1264197147796,6.43327814569537,6.48849770992366,6.67755415284787,157
"153",2014,8,6.97692307692308,13,7.3,6.775,6.7,7,6.97272727272727,5,8,5,2,11,2055,890,1165,307,657,1398,6.61918910462287,7.25838876404494,6.13087348497854,6.43762214983713,6.49005479452055,6.67987668812589,158
"154",2014,9,6.62727272727273,22,6.975,6.42857142857143,7.2,6,6.81176470588235,8,14,5,5,17,2077,898,1179,312,662,1415,6.61927472797304,7.25586414253898,6.13440849024597,6.44983974358974,6.48635347432024,6.68146120848056,159
"155",2014,10,6.7375,16,7.0625,6.4125,6.83333333333333,6.83333333333333,6.71538461538462,8,8,3,3,13,2093,906,1187,315,665,1428,6.62017850453894,7.25415673289183,6.13628273799494,6.45349206349206,6.48791879699248,6.681770035014,160
"156",2014,11,6.565,20,7.38461538461539,5.04285714285714,NA,6.46666666666667,6.60714285714286,13,7,0,6,14,2113,919,1194,315,671,1442,6.61965622811169,7.25600217627856,6.12987237018425,6.45349206349206,6.48772876304024,6.68104549930652,161
"157",2014,12,6.61578947368421,19,6.6,6.63333333333333,7.04,7.21666666666667,6.33846153846154,10,9,5,6,13,2132,929,1203,320,677,1455,6.61962176829268,7.24894079655544,6.13363891105569,6.46265625,6.49418906942393,6.67798461168385,162
"158",2015,1,6.93833333333333,30,7.14722222222222,6.625,7,7.7375,6.81538461538462,18,12,2,4,26,2162,947,1215,322,681,1481,6.62404422294172,7.24700739176346,6.1384918600823,6.46599378881988,6.5014919236417,6.68039676569885,163
"159",2015,2,6.06153846153846,13,8.5,5.61818181818182,6.5,5.33333333333333,6.28,2,11,5,3,10,2175,949,1226,327,684,1491,6.62068211954023,7.24964805057956,6.13382349918434,6.46651376146789,6.49636842105263,6.67771134138162,164
"160",2015,3,6.81590909090909,22,7.68333333333333,6.21538461538462,7.25,6,7.121875,9,13,4,6,16,2197,958,1239,331,690,1507,6.6226370550751,7.25372233820459,6.13467926553672,6.47598187311178,6.49205217391304,6.68242708029197,165
"161",2015,4,6.43,20,7.54285714285714,5.83076923076923,5.5,7.4,6.10666666666667,7,13,2,5,15,2217,965,1252,333,695,1522,6.62089923770861,7.25581968911917,6.13152365015974,6.47012012012012,6.49858417266187,6.67675270039422,166
"162",2015,5,7.04761904761905,21,7.79166666666667,6.05555555555556,5,6.25,7.36666666666667,12,9,1,6,15,2238,977,1261,334,701,1537,6.62490331099196,7.26240122824974,6.13098145122918,6.46571856287425,6.49645649072753,6.68348575797007,167
"163",2015,6,6.90384615384615,13,7.00714285714286,6.78333333333333,6.5,NA,6.90384615384615,7,6,1,0,13,2251,984,1267,335,701,1550,6.62651426477121,7.26058536585366,6.1340707261247,6.46582089552239,6.49645649072753,6.68533394193548,168
"164",2015,7,6.21052631578947,19,6.9625,5.66363636363636,4.9,7.34,5.80714285714286,8,11,5,5,14,2270,992,1278,340,706,1564,6.62303242731277,7.2581814516129,6.13002160406886,6.44279411764706,6.50243059490085,6.67747289641944,169
"165",2015,8,6.095,20,6.6,5.59,5.775,6,6.13571428571429,10,10,4,6,14,2290,1002,1288,344,712,1578,6.61842079039301,7.2516127744511,6.12582888975155,6.43502906976744,6.49819662921348,6.67266641951838,170
"166",2015,9,6.745,34,7.29166666666667,6.44681818181818,6.2075,6.64285714285714,6.77148148148148,12,22,4,7,27,2324,1014,1310,348,719,1605,6.62027263769363,7.25208678500986,6.13121954961832,6.43241379310345,6.4996050069541,6.67432872897196,171
"167",2015,10,6.62758620689655,29,7.07352941176471,5.99583333333333,6.6,5.99166666666667,6.79347826086957,17,12,5,6,23,2353,1031,1322,353,725,1628,6.62036277518062,7.2491425800194,6.12999062783661,6.43478753541076,6.49540137931035,6.67601204545454,172
"168",2015,11,6.35714285714286,21,7.5,5.65384615384615,5,7.33333333333333,6.19444444444444,8,13,2,3,18,2374,1039,1335,355,728,1646,6.61803437657961,7.25107410972089,6.12535401498127,6.42670422535211,6.4988543956044,6.67074581409477,173
"169",2015,12,6.87916666666667,24,7.00833333333333,6.75,6.92857142857143,7.2,6.71875,12,12,7,8,16,2398,1051,1347,362,736,1662,6.62064787739783,7.24830256898192,6.13091878990349,6.43640883977901,6.50647554347826,6.67120794825511,174
"170",2016,1,6.28846153846154,26,6.76923076923077,5.80769230769231,5.75,5.6,6.45238095238095,13,13,4,5,21,2424,1064,1360,366,741,1683,6.61708482260726,7.2424492481203,6.127829125,6.42890710382514,6.50035897435898,6.66847748663101,175
"171",2016,2,6.06875,16,7.23333333333333,5.37,5.35,7,6.00666666666667,6,10,2,1,15,2440,1070,1370,368,742,1698,6.61348918442623,7.24239813084112,6.12229752554744,6.42304347826087,6.50103234501348,6.66263110129564,176
"172",2016,3,6.785,20,7.08181818181818,6.42222222222222,6.125,6.725,6.8,11,9,4,4,16,2460,1081,1379,372,746,1714,6.61488358130081,7.24076410730805,6.12425497461929,6.41983870967742,6.50223324396783,6.66391342473745,177
"173",2016,4,6.58695652173913,23,6.83333333333333,6.31818181818182,6.6,7.5,6.39473684210526,12,11,5,4,19,2483,1093,1390,377,750,1733,6.61462489327426,7.23629094236047,6.12578964748201,6.42222811671088,6.50755466666667,6.6609622677438,178
"174",2016,5,6.5,20,6.6,6.4,6.125,5.25,6.63888888888889,10,10,4,2,18,2503,1103,1400,381,752,1751,6.61370899320815,7.23052221214868,6.12774829285714,6.41910761154856,6.50421010638298,6.66073535693889,179
"175",2016,6,6.18571428571429,21,6.45,5.83333333333333,6,NA,6.18571428571429,12,9,1,0,21,2524,1115,1409,382,752,1772,6.6101480229794,7.22212197309417,6.12586771469127,6.41801047120419,6.50421010638298,6.65510587471783,180
"176",2016,7,5.82352941176471,17,7.6,5.08333333333333,5.75,4.75,6.15384615384615,5,12,4,4,13,2541,1120,1421,386,756,1785,6.60488532467532,7.22380892857143,6.11706376495426,6.41108808290155,6.49492857142857,6.65145524369748,181
"177",2016,8,6.64285714285714,21,7.55555555555556,5.95833333333333,6.66666666666667,7,6.58333333333333,9,12,3,3,18,2562,1129,1433,389,759,1803,6.60519656908665,7.22645349867139,6.11573454989532,6.41305912596401,6.49692490118577,6.65077515806988,182
"178",2016,9,7.08823529411765,17,7.45,6.57142857142857,NA,9,6.96875,10,7,0,1,16,2579,1139,1440,389,760,1819,6.60838061651803,7.22841615452151,6.11794972916666,6.41305912596401,6.50021842105263,6.65357207806487,183
"179",2016,10,6.97727272727273,22,7.5,6.35,6.16666666666667,8,6.81578947368421,12,10,3,3,19,2601,1151,1450,392,763,1838,6.61150081122645,7.23124761077324,6.11955007586207,6.41117346938776,6.50611533420708,6.65524897170838,184
"180",2016,11,6.64074074074074,27,6.64666666666667,6.63333333333333,6.16666666666667,6.6,6.65,15,12,3,5,22,2628,1166,1462,395,768,1860,6.61180122146119,7.22372727272727,6.1237671751026,6.4093164556962,6.5067265625,6.65518688709677,185
"181",2016,12,6.22916666666667,12,6.54166666666667,5.91666666666667,6,7,6.15909090909091,6,6,1,1,11,2640,1172,1468,396,769,1871,6.61006197348485,7.22023549488054,6.12292071525885,6.40828282828283,6.50736801040312,6.65227023516836,186
"182",2017,1,7.18076923076923,26,7.16428571428571,7.2,6.5,6.75714285714286,7.33684210526316,14,12,2,7,19,2666,1186,1480,398,776,1890,6.61562776069017,7.21957504215851,6.13165379054054,6.40874371859296,6.50962113402062,6.65915217460317,187
"183",2017,2,6.63636363636364,22,7.5625,6.10714285714286,6.25,6.25,6.72222222222222,8,14,2,4,18,2688,1194,1494,400,780,1908,6.61579747395833,7.22187269681742,6.13142410307898,6.40795,6.50828974358974,6.65974717505241,188
"184",2017,3,6.95,24,7.20625,6.4375,7,6,7.08571428571429,16,8,2,3,21,2712,1210,1502,402,783,1929,6.61875501843658,7.22166611570248,6.13305433422104,6.41089552238806,6.50634227330779,6.6643844530845,189
"185",2017,4,5.965,24,5.81818181818182,6.08923076923077,4.8,5.25,6.108,11,13,5,4,20,2736,1221,1515,407,787,1949,6.6130203252924,7.20902211302211,6.13267829042904,6.39110565110565,6.49995679796696,6.65867501795792,190
"186",2017,5,6.9375,16,7.75,6.66666666666667,7,7.75,6.82142857142857,4,12,4,2,14,2752,1225,1527,411,789,1963,6.61490683502907,7.21078857142857,6.13687466273739,6.39703163017032,6.50312547528517,6.65983576668364,191
"187",2017,6,6.875,16,7.40909090909091,5.7,5.66666666666667,6.5,6.92857142857143,11,5,3,2,14,2768,1236,1532,414,791,1977,6.61641026372832,7.21255339805825,6.13544883159269,6.39173913043478,6.50311757269279,6.66173880121396,192
"188",2017,7,6.45411764705882,17,7.07142857142857,6.022,NA,8.5,6.18133333333333,7,10,0,2,15,2785,1243,1542,414,793,1992,6.61541960861759,7.21175864843121,6.13471310635538,6.39173913043478,6.50815384615385,6.65812129016064,193
"189",2017,8,5.88571428571429,14,5.83333333333333,5.925,NA,5,6.24,6,8,0,4,10,2799,1249,1550,414,797,2002,6.61176977849232,7.20513690952762,6.13363071612903,6.39173913043478,6.50058469259724,6.65603277222777,194
"190",2017,9,6.46,10,6.9,6.02,6.4,5.9,6.6,5,5,2,2,8,2809,1254,1555,416,799,2010,6.61122948024208,7.20392025518341,6.13326534405144,6.39177884615385,6.49908135168961,6.6558097562189,195
"191",2017,10,6.50666666666667,15,8.0625,5.94090909090909,6.3,6,6.58461538461538,4,11,2,2,13,2824,1258,1566,418,801,2023,6.61067408286119,7.20665023847376,6.1319141826309,6.39133971291866,6.49783520599251,6.6553522540781,196
"192",2017,11,6.46842105263158,19,7.01428571428571,6.15,6.5,6.7,6.425,7,12,3,3,16,2843,1265,1578,421,804,2039,6.60972339430179,7.20558577075099,6.13205171736375,6.39211401425178,6.49858955223881,6.65354468366846,197
"193",2017,12,6.55,20,7.25,6.25,6.25,8.5,6.33333333333333,6,14,4,2,18,2863,1271,1592,425,806,2057,6.60930618581907,7.20579543666404,6.13308895100502,6.39077647058823,6.50355583126551,6.65074263976665,198
"194",2018,1,6.16666666666667,15,7.2,5.65,5.16666666666667,5.1,6.7,5,10,3,5,10,2878,1276,1602,428,811,2067,6.6069991695622,7.20577272727273,6.1300734144819,6.38219626168224,6.49490258939581,6.65098094339622,199
"195",2018,2,5.16071428571429,14,7.17857142857143,3.14285714285714,4,6.75,4.72727272727273,7,7,2,3,11,2892,1283,1609,430,814,2078,6.59999779045643,7.20562431800467,6.11707744561839,6.37111627906977,6.49584275184275,6.64079769489894,200
"196",2018,3,5.66153846153846,13,7.22,4.6875,5,5,5.78181818181818,5,8,3,2,11,2905,1288,1617,433,816,2089,6.59579814457831,7.2056801242236,6.11000470624613,6.36161662817552,6.49217647058824,6.63627458592628,201
"197",2018,4,6.5,8,8.33333333333333,5.4,6,8,6,3,5,1,2,6,2913,1291,1622,434,818,2095,6.59553505320975,7.20830054221534,6.10781603575832,6.36078341013825,6.4958630806846,6.63445231980907,202
"198",2018,5,6.692,25,7.31818181818182,6.2,7.66666666666667,6.75,6.67368421052632,11,14,3,6,19,2938,1302,1636,437,824,2114,6.5963558917631,7.20922887864823,6.10860489608802,6.36974828375286,6.49771359223301,6.63480492431409,203
"199",2018,6,6.3379,10,6.9,5.7758,4,NA,6.3379,5,5,2,0,10,2948,1307,1641,439,824,2124,6.59547917571235,7.20804590665646,6.10759086532602,6.35895216400911,6.49771359223301,6.63340706685499,204
"200",2018,7,6.39166666666667,12,7.38571428571429,5,5,7.175,6,7,5,1,4,8,2960,1314,1646,440,828,2132,6.59465290878378,7.20899238964992,6.10422637302551,6.35586363636364,6.50098550724638,6.63103030487805,205
"201",2018,8,6.95454545454545,11,7.4,6.58333333333333,NA,6,7.05,5,6,0,1,10,2971,1319,1652,440,829,2142,6.59598539548973,7.20971645185747,6.10596647094431,6.35586363636364,6.50038118214717,6.63298627917834,206
"202",2018,9,6.79090909090909,11,7.175,6.57142857142857,NA,6,6.96666666666667,4,7,0,2,9,2982,1323,1659,440,831,2151,6.59670442991281,7.20961148904006,6.10793044605184,6.35586363636364,6.49917689530686,6.63438243142724,207
"203",2018,10,6.80769230769231,13,7.5625,5.6,5.66666666666667,6.66666666666667,6.85,8,5,3,3,10,2995,1331,1664,443,834,2161,6.59762023706177,7.21173253193088,6.10640421274038,6.35119638826185,6.4997793764988,6.63538019898195,208
"204",2018,11,6.34615384615385,13,6.78571428571429,5.83333333333333,NA,7,6.15,7,6,0,3,10,3008,1338,1670,443,837,2171,6.5965334474734,7.20950373692078,6.10542311976048,6.35119638826185,6.50157228195938,6.63314445416858,209
"205",2018,12,6.9,9,7.275,6.6,6,6.5,6.95,4,5,2,1,8,3017,1342,1675,445,838,2179,6.59743871726881,7.20969895678092,6.10689946865671,6.34961797752809,6.50157040572792,6.63430776044057,210
"206",2019,1,6.775,20,7,6.625,6.66666666666667,7,6.71875,8,12,3,4,16,3037,1350,1687,448,842,2195,6.59860803753704,7.2084562962963,6.11058483106105,6.35174107142857,6.50393824228029,6.63492328473804,211
"207",2019,2,6.27142857142857,14,6.76666666666667,6.13636363636364,6.5,6.33333333333333,6.25454545454545,3,11,2,3,11,3051,1353,1698,450,845,2206,6.5971067223861,7.20747671840355,6.11075183156655,6.3524,6.5033325443787,6.63302656844968,212
"208",2019,3,6.73897461538462,13,7.51185222222222,5,4.5,6.2,7.07583375,9,4,2,5,8,3064,1362,1702,452,850,2214,6.59770864229765,7.209488010279,6.10814136897767,6.34420353982301,6.50154823529412,6.63462659439927,213
"209",2019,4,6.39,10,6.5,6.3625,7,6,6.43333333333333,2,8,1,1,9,3074,1364,1710,453,851,2223,6.59703294729993,7.20844770527859,6.10933135087719,6.34565121412804,6.50095887191539,6.63381164192532,214
"210",2019,5,6.3,11,7.3,5.1,7.5,7.5,6.18,6,5,1,1,10,3085,1370,1715,454,852,2233,6.59597383468395,7.20884866423357,6.10638869387755,6.34819383259912,6.50213145539906,6.63177934617107,215
"211",2019,6,6.39230769230769,13,7.58571428571429,5,4.5,7,6.34166666666667,7,6,2,1,12,3098,1377,1721,456,853,2245,6.59511919948354,7.21076446623093,6.10253144102266,6.34008771929825,6.50271512309496,6.6302286325167,216
"212",2019,7,6.31666666666667,12,7.16666666666667,5.46666666666667,4.4,4.16666666666667,7.03333333333333,6,6,2,3,9,3110,1383,1727,458,856,2254,6.59404478456591,7.21057315256688,6.10032229878402,6.33161572052402,6.49452803738318,6.63183818988465,217
"213",2019,8,6.27777777777778,9,6.25,6.3,6.75,6,6.35714285714286,4,5,2,2,7,3119,1387,1732,460,858,2261,6.59313218339211,7.20780293439077,6.10089873556582,6.3334347826087,6.49337529137529,6.63098773993808,218
"214",2019,9,7.01875,16,7.04285714285714,7,7,7.66666666666667,6.86923076923077,7,9,2,3,13,3135,1394,1741,462,861,2274,6.59530439553429,7.20697465566714,6.10554658816772,6.33632034632035,6.49746341463415,6.63234972735268,219
"215",2019,10,5.646,20,6.5,5.28,4.884,3.8,6.26133333333333,6,14,5,5,15,3155,1400,1755,467,866,2289,6.58928661806656,7.20394476428571,6.09896103133903,6.32077087794433,6.48188914549654,6.62991842726081,220
"216",2019,11,6.72307692307692,13,6.81666666666667,6.64285714285714,NA,7.5,6.65833333333333,6,7,0,1,12,3168,1406,1762,467,867,2301,6.58983563131313,7.20229208392603,6.10112179909194,6.32077087794433,6.48306343713956,6.63006661451542,221
"217",2019,12,5.66428571428571,14,6.5625,4.46666666666667,NA,8,5.48461538461538,8,6,0,1,13,3182,1414,1768,467,868,2314,6.58576344437461,7.19867232673267,6.09557500565611,6.32077087794433,6.48481105990783,6.62363149524632,222
"218",2020,1,6.885,20,7.87,5.9,5.33333333333333,5.875,7.1375,10,10,3,4,16,3202,1424,1778,470,872,2330,6.58763250468457,7.20338670646067,6.09447503374578,6.31446808510638,6.48201376146789,6.62716020600858,223
"219",2020,2,6.5,9,7,6.25,7,6.66666666666667,6.41666666666667,3,6,1,3,6,3211,1427,1784,471,875,2336,6.58738688259109,7.20295912403644,6.09499809977578,6.31592356687898,6.48264685714286,6.62661955479452,224
"220",2020,3,7.03,10,7.6,6.46,NA,7.15,7,5,5,0,2,8,3221,1432,1789,471,877,2344,6.58876103073579,7.20434543994413,6.09601822806037,6.31592356687898,6.48416875712657,6.62789389078498,225
"221",2020,4,6.6,5,7,6,NA,5,7,3,2,0,1,4,3226,1435,1791,471,878,2348,6.58877845009299,7.2039182369338,6.09591100502512,6.31592356687898,6.48247835990888,6.628527802385,226
"222",2020,5,6.8,10,7.4,6.2,5.66666666666667,7.5,6.625,5,5,3,2,8,3236,1440,1796,474,880,2356,6.58943117428924,7.20459907638889,6.09620078507795,6.31181434599156,6.48479090909091,6.62851582342954,227
"223",2020,6,6.78181818181818,11,6.22857142857143,7.75,NA,7.1,6.75,7,4,0,1,10,3247,1447,1800,474,881,2366,6.59008293193717,7.19987744989634,6.09987589444444,6.31181434599156,6.48548921679909,6.62902928148774,228
"224",2020,7,6.05555555555556,9,7.375,5,6,6,6.07142857142857,4,5,1,2,7,3256,1451,1805,475,883,2373,6.58860542997543,7.20036021364576,6.0968291468144,6.31115789473684,6.48438958097395,6.62738444163506,229
"225",2020,8,6.28571428571429,7,6,6.33333333333333,5.5,6,6.33333333333333,1,6,2,1,6,3263,1452,1811,477,884,2379,6.58795564817652,7.19953351928374,6.09761270568746,6.30775681341719,6.48384162895928,6.62664282471626,230
"226",2020,9,6.57272727272727,11,8.75,6.08888888888889,8,6.5,6.58888888888889,2,9,1,2,9,3274,1454,1820,478,886,2388,6.58790448381185,7.20166621045392,6.09756956593406,6.31129707112971,6.48387810383747,6.6265005360134,231
"227",2020,10,6.375,8,7,6.16666666666667,7,7.5,6,2,6,1,2,6,3282,1456,1826,479,888,2394,6.58738552102376,7.20138919642857,6.09779661007667,6.31273486430063,6.48616666666667,6.62493035923141,232
"228",2020,11,6.98076923076923,13,8.07142857142857,5.70833333333333,6.41666666666667,NA,6.98076923076923,7,6,3,0,13,3295,1463,1832,482,888,2407,6.5889375660091,7.20555206425154,6.09652107532751,6.31338174273859,6.48616666666667,6.62685221437474,233
"229",2020,12,6.83672727272727,11,7.4005,5.33333333333333,6,7.23466666666667,6.6875,8,3,1,3,8,3306,1471,1835,483,891,2415,6.58976203266787,7.20661228416043,6.09527335694823,6.31273291925466,6.48868686868687,6.62705311801242,234
"230",2021,1,6.65384615384615,13,6.58333333333333,6.71428571428571,6,7.5,6.5,6,7,1,2,11,3319,1477,1842,484,893,2426,6.59001304007231,7.20408034529451,6.0976257383279,6.3120867768595,6.49095184770437,6.62647703215169,235
"231",2021,2,6.44285714285714,14,6.87142857142857,6.01428571428571,7,6.86666666666667,6.32727272727273,7,7,1,3,11,3333,1484,1849,485,896,2437,6.58939492349235,7.20251123315364,6.09731022714981,6.31350515463918,6.49220982142857,6.62512649979483,236
"232",2021,3,6.44,5,7.3,5.86666666666667,7,4,7.05,2,3,1,1,4,3338,1486,1852,486,897,2441,6.58917114439784,7.20264244279946,6.09693661447084,6.31491769547325,6.48943143812709,6.62582272839,237
"233",2021,4,7.4,5,7.5,7,NA,7,7.5,4,1,0,1,4,3343,1490,1853,486,898,2445,6.59038387077475,7.2034407181208,6.09742396654074,6.31491769547325,6.49,6.62725287525562,238
"234",2021,5,6.63636363636364,11,6.58333333333333,6.7,6.33333333333333,7.25,6.5,6,5,3,2,9,3354,1496,1858,489,900,2454,6.59053466905188,7.20095365641711,6.09904553821313,6.31503067484663,6.49168888888889,6.62678617766911,239
"235",2021,6,5.825,4,5.6,6.5,NA,5.8,5.83333333333333,3,1,0,1,3,3358,1499,1859,489,901,2457,6.58962277546158,7.19774961307538,6.0992612210866,6.31503067484663,6.49092119866815,6.62581737077737,240
"236",2021,7,6.6875,8,6.7,6.66666666666667,NA,5,6.92857142857143,5,3,0,1,7,3366,1504,1862,489,902,2464,6.58985540106952,7.19609486037234,6.10017540816326,6.31503067484663,6.48926829268293,6.62667746753246,241
"237",2021,8,6.75333333333333,15,7.2875,6.14285714285714,7,6.71428571428571,6.7875,8,7,1,7,8,3381,1512,1869,490,909,2472,6.59058068027211,7.19657848544973,6.10033526484751,6.31642857142857,6.49100110011001,6.62719792880258,242
"238",2021,9,5.2,5,6.5,4.33333333333333,3,5,5.33333333333333,2,3,1,2,3,3386,1514,1872,491,911,2475,6.58852725339634,7.19565830250991,6.0975035309829,6.30967413441955,6.48772777167947,6.6256296080808,243
"239",2021,10,6.25,10,6.78571428571429,5,7,5,6.38888888888889,7,3,1,1,9,3396,1521,1875,492,912,2484,6.5875304122497,7.19377164365549,6.09574752533333,6.31107723577236,6.48609649122807,6.62477185185185,244
"240",2021,11,6.222,10,7.244,5.2,NA,1,6.80222222222222,5,5,0,1,9,3406,1526,1880,492,913,2493,6.58645721667645,7.19393621887287,6.0933652180851,6.31107723577236,6.48008762322015,6.62541246690734,245
"241",2021,12,6.31818181818182,11,6.55555555555556,5.25,NA,6.9,6.26,9,2,0,1,10,3417,1535,1882,492,914,2503,6.58559358501609,7.1901932703583,6.09246897449521,6.31107723577236,6.48054704595186,6.6239525689173,246
"242",2022,1,6.42944444444444,18,7.3125,5.723,4,6.625,6.37357142857143,8,10,2,4,14,3435,1543,1892,494,918,2517,6.58477533624454,7.19082739468567,6.09051617864693,6.30172064777328,6.48117647058824,6.62255990464839,247
"243",2022,2,6.55555555555556,9,6.8,6.25,5,6,6.71428571428571,5,4,2,2,7,3444,1548,1896,496,920,2524,6.58469897793263,7.18956503229974,6.09085264240506,6.29647177419355,6.48013043478261,6.6228142947702,248
"244",2022,3,6.9836875,16,7.68333333333333,6.5639,6.53475,7.4,6.84491666666667,6,10,4,4,12,3460,1554,1906,500,924,2536,6.58654401156069,7.19147147361647,6.09333452780692,6.298378,6.48411255411256,6.62386525236593,249
"245",2022,4,5.875,10,5.94333333333333,5.7725,6.5,6.09,5.85111111111111,6,4,2,1,9,3470,1560,1910,502,925,2545,6.58449345244957,7.18667094230769,6.09266262303665,6.2991812749004,6.48368648648649,6.62113252652259,250
"246",2022,5,6.47916666666667,12,6.70833333333333,6.25,6.25,7,6.43181818181818,6,6,2,1,11,3482,1566,1916,504,926,2556,6.58413046524986,7.18483823116219,6.09315532881002,6.29898611111111,6.48424406047516,6.62031779342723,251
"247",2022,6,6.725,6,7.375,6.4,6.8,6.8,6.6875,2,4,2,2,4,3488,1568,1920,506,928,2560,6.58437278669725,7.18508078443877,6.09379458854166,6.30096640316206,6.48492456896552,6.620422765625,252
"248",2022,7,6.64615384615385,13,7.04444444444444,5.75,6,7,6.61666666666667,9,4,2,1,12,3501,1577,1924,508,929,2572,6.58460219365895,7.18427816740647,6.09307983887734,6.29978149606299,6.48547900968784,6.62040524105754,253
"249",2022,8,7.07777777777778,9,6,7.61666666666667,NA,NA,7.07777777777778,3,6,0,0,9,3510,1580,1930,508,929,2581,6.58586674643875,7.18202953797468,6.09781637823834,6.29978149606299,6.48547900968784,6.62200010848508,254
"250",2022,9,6.41111111111111,9,7.75,5.34,2,6.25,6.54,4,5,1,4,5,3519,1584,1935,509,933,2586,6.58541980107985,7.18346380681818,6.09585819638243,6.29133398821218,6.48446945337621,6.62184156225831,255
"251",2022,10,5.15,8,8.1,4.16666666666667,1,1,5.74285714285714,2,6,1,1,7,3527,1586,1941,510,934,2593,6.58216395803799,7.18461959016393,6.08989469860896,6.28095882352941,6.47859743040685,6.61946867720786,256
"252",2022,11,7.05882352941176,17,7.27272727272727,6.66666666666667,6,7.5,7.03125,11,6,1,1,16,3544,1597,1947,511,935,2609,6.58445041760722,7.18522646837821,6.09167211607601,6.28040900195695,6.47968983957219,6.62199397470295,257
"253",2022,12,7.1875,8,8,6.7,NA,6.5,7.41666666666667,3,5,0,2,6,3552,1600,1952,511,937,2615,6.58580863738739,7.18675416875,6.0932303329918,6.28040900195695,6.47973319103522,6.62381731548757,258
