"","year","month","avg_rating","no_ratings","avg_rating_owned","avg_rating_not_owned","avg_rating_prev_owned","avg_rating_comment","avg_rating_no_comment","no_ratings_owned","no_ratings_not_owned","no_ratings_prev_owned","no_ratings_comment","no_ratings_no_comment","cum_no_ratings","cum_no_ratings_owned","cum_no_ratings_not_owned","cum_no_ratings_prev_owned","cum_no_ratings_comment","cum_no_ratings_no_comment","cum_avg_rating","cum_avg_rating_owned","cum_avg_rating_not_owned","cum_avg_rating_prev_owned","cum_avg_rating_comment","cum_avg_rating_no_comment","month_after_release"
"1",2006,11,9.5,1,NA,9.5,NA,9.5,NA,0,1,0,1,0,1,0,1,0,1,0,9.5,NA,9.5,NA,9.5,NA,-57
"2",2007,8,7,1,NA,7,NA,7,NA,0,1,0,1,0,2,0,2,0,2,0,8.25,NA,8.25,NA,8.25,NA,-48
"3",2008,8,9,1,9,NA,NA,9,NA,1,0,0,1,0,3,1,2,0,3,0,8.5,9,8.25,NA,8.5,NA,-36
"4",2009,1,8,1,8,NA,NA,NA,8,1,0,0,0,1,4,2,2,0,3,1,8.375,8.5,8.25,NA,8.5,8,-31
"5",2011,8,8.07142857142857,7,8.07142857142857,NA,NA,7,8.25,7,0,0,1,6,11,9,2,0,4,7,8.18181818181818,8.16666666666667,8.25,NA,8.125,8.21428571428571,0
"6",2011,9,8.2765625,32,8.39090909090909,8.025,8.25,8.16764705882353,8.4,22,10,6,17,15,43,31,12,6,21,22,8.25232558139535,8.3258064516129,8.0625,8.25,8.15952380952381,8.34090909090909,1
"7",2011,10,8.17441860465116,43,8.45,7.53846153846154,8.4,7.68421052631579,8.5625,30,13,5,19,24,86,61,25,11,40,46,8.21337209302325,8.38688524590164,7.79,8.31818181818182,7.93375,8.45652173913044,2
"8",2011,11,8.03548387096774,31,8.18125,7.88,8.16666666666667,7.925,8.10526315789474,16,15,3,12,19,117,77,40,14,52,65,8.16623931623932,8.34415584415584,7.82375,8.28571428571429,7.93173076923077,8.35384615384615,3
"9",2011,12,8.01470588235294,34,8.31578947368421,7.63333333333333,8.33333333333333,8.2,7.9375,19,15,3,10,24,151,96,55,17,62,89,8.13211920529801,8.33854166666667,7.77181818181818,8.29411764705882,7.975,8.24157303370787,4
"10",2012,1,8.1578947368421,57,8.49555555555555,6.89166666666667,8,8.39411764705882,8.0575,45,12,1,17,40,208,141,67,18,79,129,8.13918269230769,8.3886524822695,7.61417910447761,8.27777777777778,8.06518987341772,8.18449612403101,5
"11",2012,2,7.81190476190476,42,8.31153846153846,7,6.64285714285714,7.75,7.83125,26,16,7,10,32,250,167,83,25,89,161,8.0842,8.37664670658683,7.49578313253012,7.82,8.02977528089888,8.11428571428571,6
"12",2012,3,7.94318181818182,22,8.265625,7.08333333333333,7.5,7.91666666666667,7.953125,16,6,1,6,16,272,183,89,26,95,177,8.07279411764706,8.36693989071038,7.46797752808989,7.80769230769231,8.02263157894737,8.09971751412429,7
"13",2012,4,7.975,20,8.4,6.7,6.5,8.58333333333333,7.71428571428571,15,5,2,6,14,292,198,94,28,101,191,8.06609589041096,8.36944444444444,7.42712765957447,7.71428571428571,8.05594059405941,8.07146596858639,8
"14",2012,5,6.78260869565217,23,7.1,6.1875,7,7,6.73684210526316,15,8,3,4,19,315,213,102,31,105,210,7.97238095238095,8.28004694835681,7.32990196078431,7.64516129032258,8.01571428571429,7.95071428571428,9
"15",2012,6,7.13235294117647,17,7.54166666666667,6.90909090909091,7,7.05,7.16666666666667,6,11,2,5,12,332,219,113,33,110,222,7.92936746987952,8.25981735159817,7.28893805309735,7.60606060606061,7.97181818181818,7.90833333333333,10
"16",2012,7,8.12913043478261,23,8.44285714285714,7.64111111111111,8,8.45714285714286,7.985625,14,9,1,7,16,355,233,122,34,117,238,7.94230985915493,8.27081545064378,7.31491803278688,7.61764705882353,8.0008547008547,7.9135294117647,11
"17",2012,8,7.93235294117647,17,8.47083333333333,6.64,7,8.9125,7.63076923076923,12,5,1,4,13,372,245,127,35,121,251,7.94185483870968,8.28061224489796,7.28834645669291,7.6,8.03099173553719,7.89888446215139,12
"18",2012,9,7.95833333333333,12,8.66666666666667,7.25,6.5,8,7.95,6,6,2,2,10,384,251,133,37,123,261,7.94236979166666,8.2898406374502,7.28661654135338,7.54054054054054,8.03048780487805,7.90084291187739,13
"19",2012,10,8,17,7.88888888888889,8.125,9.5,8,8,9,8,1,4,13,401,260,141,38,127,274,7.94481296758105,8.27596153846154,7.33418439716312,7.59210526315789,8.02952755905512,7.90554744525547,14
"20",2012,11,7.644,25,7.875,7.23333333333333,8,8.6,7.405,16,9,2,5,20,426,276,150,40,132,294,7.92715962441314,8.25271739130435,7.32813333333333,7.6125,8.05113636363637,7.87149659863945,15
"21",2012,12,7.85869565217391,23,8.25,7.5,7.78571428571429,7.875,7.85,11,12,7,8,15,449,287,162,47,140,309,7.92365256124721,8.25261324041812,7.34086419753086,7.63829787234043,8.04107142857143,7.87045307443366,16
"22",2013,1,8.2375,16,8.52727272727273,7.6,7.5,8,8.38,11,5,2,6,10,465,298,167,49,146,319,7.93445161290323,8.26275167785235,7.34862275449102,7.63265306122449,8.03938356164384,7.8864263322884,17
"23",2013,2,8.125,12,8.4375,7.5,7.5,7.875,8.25,8,4,2,4,8,477,306,171,51,150,327,7.93924528301887,8.26732026143791,7.35216374269006,7.62745098039216,8.035,7.89532110091743,18
"24",2013,3,7.66666666666667,21,8.20833333333333,6.94444444444444,7.625,7.78571428571429,7.60714285714286,12,9,4,7,14,498,318,180,55,157,341,7.92775100401606,8.26509433962264,7.33177777777778,7.62727272727273,8.02388535031847,7.88348973607038,19
"25",2013,4,8.13636363636364,11,8.5,7.5,8,8.75,7.78571428571429,7,4,2,4,7,509,325,184,57,161,348,7.93225933202358,8.27015384615385,7.33543478260869,7.64035087719298,8.04192546583851,7.88152298850575,20
"26",2013,5,7.54444444444444,9,8.95,6.42,NA,8.15,7.37142857142857,4,5,0,2,7,518,329,189,57,163,355,7.92552123552123,8.27841945288754,7.31121693121693,7.64035087719298,8.04325153374233,7.87146478873239,21
"27",2013,6,8.625,8,9,7.5,8,8,8.71428571428571,6,2,1,1,7,526,335,191,58,164,362,7.93615969581749,8.29134328358209,7.31319371727749,7.64655172413793,8.04298780487805,7.88776243093923,22
"28",2013,7,7.72222222222222,9,8.3,7,6.66666666666667,7.33333333333333,7.91666666666667,5,4,3,3,6,535,340,195,61,167,368,7.93256074766355,8.2914705882353,7.30676923076923,7.5983606557377,8.03023952095809,7.88823369565217,23
"29",2013,8,8.55555555555556,9,9.16666666666667,7.33333333333333,6.5,8.125,8.9,6,3,2,4,5,544,346,198,63,171,373,7.94286764705882,8.30664739884393,7.30717171717172,7.56349206349206,8.03245614035088,7.90179624664879,24
"30",2013,9,8.29210526315789,19,8.29705882352941,8.25,NA,8.33333333333333,8.284375,17,2,0,3,16,563,363,200,63,174,389,7.95465364120781,8.30619834710744,7.3166,7.56349206349206,8.03764367816092,7.91753213367609,25
"31",2013,10,8.19761904761905,42,8.228125,8.1,8.25,8.44615384615385,8.08620689655172,32,10,6,13,29,605,395,210,69,187,418,7.97152066115702,8.29987341772152,7.35390476190476,7.6231884057971,8.06604278074866,7.92923444976077,26
"32",2013,11,8.04310344827586,29,8.47727272727273,6.67857142857143,6.9375,7.8,8.17105263157895,22,7,4,10,19,634,417,217,73,197,437,7.97479495268139,8.30923261390888,7.3321198156682,7.58561643835616,8.05253807106599,7.93974828375286,27
"33",2013,12,7.70657894736842,38,8.43684210526316,6.97631578947368,7,7.71111111111111,7.7051724137931,19,19,8,9,29,672,436,236,81,206,466,7.95962797619048,8.31479357798166,7.30347457627119,7.52777777777778,8.0376213592233,7.92515021459227,28
"34",2014,1,8.03295454545455,44,8.40178571428571,7.3875,8.125,8.72,7.83088235294118,28,16,4,10,34,716,464,252,85,216,500,7.96413407821229,8.32004310344828,7.30880952380952,7.55588235294118,8.06921296296296,7.91874,29
"35",2014,2,8.22166666666667,30,8.72368421052632,7.35454545454545,8,8.2,8.226,19,11,1,5,25,746,483,263,86,221,525,7.97449061662198,8.33592132505176,7.31072243346008,7.56104651162791,8.07217194570136,7.93337142857143,30
"36",2014,3,8.11111111111111,36,8.39,6.71666666666667,7.075,8.43,7.98846153846154,30,6,4,10,26,782,513,269,90,231,551,7.98078005115089,8.33908382066277,7.29747211895911,7.53944444444444,8.08766233766234,7.93597096188748,31
"37",2014,4,7.86842105263158,19,8.2,6.625,8,8.14285714285714,7.70833333333333,15,4,1,7,12,801,528,273,91,238,563,7.97811485642946,8.33513257575758,7.28761904761905,7.54450549450549,8.08928571428571,7.9311190053286,32
"38",2014,5,7.89655172413793,29,8.38095238095238,6.625,8.25,8.9,7.6875,21,8,2,5,24,830,549,281,93,243,587,7.97526506024096,8.33688524590164,7.26875444839858,7.55967741935484,8.1059670781893,7.92115843270869,33
"39",2014,6,8,27,8.23529411764706,7.6,7.5,7.7625,8.1,17,10,6,8,19,857,566,291,99,251,606,7.97604434072345,8.33383392226149,7.28013745704467,7.55606060606061,8.09501992031872,7.92676567656765,34
"40",2014,7,8.19444444444444,18,8.4,7.9375,7.7,8.0625,8.3,10,8,5,8,10,875,576,299,104,259,616,7.98053714285714,8.33498263888889,7.29772575250836,7.56298076923077,8.09401544401544,7.93282467532467,35
"41",2014,8,8.40384615384615,26,8.57142857142857,7.7,7.5,8.125,8.45454545454546,21,5,2,4,22,901,597,304,106,263,638,7.9927524972253,8.34329983249582,7.30434210526316,7.56179245283019,8.09448669201521,7.95081504702194,36
"42",2014,9,8.16923076923077,26,8.24444444444444,8,8,7.66666666666667,8.32,18,8,1,6,20,927,615,312,107,269,658,7.99770226537217,8.34040650406504,7.32217948717949,7.56588785046729,8.08494423791822,7.96203647416413,37
"43",2014,10,7.9765625,32,8.81086956521739,5.84444444444444,6,7.44444444444444,8.18478260869565,23,9,3,9,23,959,638,321,110,278,681,7.9969968717414,8.35736677115988,7.2807476635514,7.52318181818182,8.06420863309352,7.96955947136564,38
"44",2014,11,8.19565217391304,23,8.28571428571429,7.25,6.75,8,8.23684210526316,21,2,2,4,19,982,659,323,112,282,700,8.00164969450102,8.35508345978756,7.28055727554179,7.509375,8.06329787234043,7.97681428571428,39
"45",2014,12,8.03939393939394,33,8.41,7.46923076923077,5.66666666666667,8.25,7.99259259259259,20,13,3,6,27,1015,679,336,115,288,727,8.00287684729064,8.35670103092784,7.28785714285714,7.46130434782609,8.0671875,7.97740027510316,40
"46",2015,1,8.24137931034483,29,8.36,7.5,7.33333333333333,8.53846153846154,8,25,4,3,13,16,1044,704,340,118,301,743,8.00950191570881,8.35681818181818,7.29035294117647,7.45805084745763,8.0875415282392,7.9778869448183,41
"47",2015,2,7.81538461538462,26,8.48235294117647,6.55555555555556,7.33333333333333,8,7.77142857142857,17,9,3,5,21,1070,721,349,121,306,764,8.00478504672897,8.35977808599168,7.27140401146132,7.45495867768595,8.08611111111111,7.97221204188481,42
"48",2015,3,7.77407407407407,27,8.37692307692308,7.21428571428571,6.83333333333333,7.83333333333333,7.74444444444444,13,14,6,9,18,1097,734,363,127,315,782,7.99910665451231,8.36008174386921,7.26920110192837,7.4255905511811,8.07888888888889,7.96696930946291,43
"49",2015,4,8.56153846153846,13,8.86666666666667,7.875,NA,9.25,8.43636363636364,9,4,0,2,11,1110,743,367,127,317,793,8.00569369369369,8.36621803499327,7.27580381471389,7.4255905511811,8.08627760252366,7.97348045397226,44
"50",2015,5,7.54411764705882,17,8.53125,6.66666666666667,8,8.25,7.32692307692308,8,9,2,4,13,1127,751,376,129,321,806,7.99873114463176,8.36797603195739,7.26122340425532,7.43449612403101,8.08831775700935,7.96305210918114,45
"51",2015,6,7.71428571428571,14,8.33333333333333,7.25,7.6,8,7.55555555555556,6,8,5,5,9,1141,757,384,134,326,815,7.99524101665206,8.36770145310436,7.26098958333333,7.44067164179104,8.08696319018405,7.95855214723926,46
"52",2015,7,7.77884615384615,26,8.31666666666667,7.04545454545455,6.33333333333333,8,7.73863636363636,15,11,3,4,22,1167,772,395,137,330,837,7.99041988003427,8.36670984455959,7.25498734177215,7.41642335766423,8.08590909090909,7.95277180406212,47
"53",2015,8,7.87619047619048,21,8.07692307692308,7.55,7,7.5,7.99375,13,8,1,5,16,1188,785,403,138,335,853,7.98840067340067,8.36191082802548,7.26084367245657,7.41340579710145,8.07716417910448,7.95354044548652,48
"54",2015,9,7.86923076923077,13,8.375,7.06,7,8.66666666666667,7.63,8,5,1,3,10,1201,793,408,139,338,863,7.98711074104912,8.36204287515763,7.25838235294118,7.41043165467626,8.08239644970415,7.94979142526072,49
"55",2015,10,8.312,25,8.625,7.75555555555556,7.825,8.08333333333333,8.38421052631579,16,9,4,6,19,1226,809,417,143,344,882,7.99373572593801,8.3672435105068,7.26911270983213,7.42202797202797,8.08241279069768,7.95914965986394,50
"56",2015,11,7.81818181818182,11,8.85714285714286,6,NA,9,7.14285714285714,7,4,0,4,7,1237,816,421,143,348,889,7.99217461600646,8.37144607843137,7.25705463182898,7.42202797202797,8.09295977011495,7.95272215973003,51
"57",2015,12,7.54347826086957,23,8.1,6.5,6,6.78571428571429,7.875,15,8,2,7,16,1260,831,429,145,355,905,7.98398412698412,8.36654632972323,7.24293706293706,7.40241379310345,8.06718309859155,7.95134806629834,52
"58",2016,1,8.18378378378378,37,8.59523809523809,7.64375,7.66666666666667,8.375,8.13103448275862,21,16,3,8,29,1297,852,445,148,363,934,7.98968388589051,8.37218309859155,7.25734831460674,7.40777027027027,8.07396694214876,7.95692719486081,53
"59",2016,2,8.14285714285714,21,8.625,7.5,7.3,8.07142857142857,8.17857142857143,12,9,5,7,14,1318,864,454,153,370,948,7.99212443095599,8.37569444444445,7.26215859030837,7.40424836601307,8.07391891891892,7.96020042194093,54
"60",2016,3,8.23333333333333,15,8.5,7.5,7,9.5,8.03846153846154,11,4,1,2,13,1333,875,458,154,372,961,7.99483870967742,8.37725714285714,7.26423580786026,7.40162337662338,8.08158602150538,7.96125910509885,55
"61",2016,4,7.91666666666667,18,8.18181818181818,7.5,NA,8,7.88461538461539,11,7,0,5,13,1351,886,465,154,377,974,7.99379718726869,8.37483069977427,7.26778494623656,7.40162337662338,8.08050397877984,7.96023613963039,56
"62",2016,5,8.28095238095238,21,8.48125,7.64,NA,9,8.245,16,5,0,1,20,1372,902,470,154,378,994,7.99819241982507,8.37671840354767,7.27174468085106,7.40162337662338,8.08293650793651,7.96596579476861,57
"63",2016,6,8.13809523809524,21,8.23333333333333,7.9,NA,8.71428571428571,7.85,15,6,0,7,14,1393,917,476,154,385,1008,8.00030150753769,8.37437295528899,7.27966386554622,7.40162337662338,8.09441558441559,7.96435515873016,58
"64",2016,7,8.00769230769231,26,8.28,7.63636363636364,8,8.55555555555556,7.71764705882353,15,11,2,9,17,1419,932,487,156,394,1025,8.00043692741367,8.37285407725322,7.28772073921971,7.40929487179487,8.10494923857868,7.96026341463414,59
"65",2016,8,8.17826086956522,23,8.145,8.4,NA,7.875,8.24210526315789,20,3,0,4,19,1442,952,490,156,398,1044,8.00327323162274,8.36806722689076,7.2945306122449,7.40929487179487,8.10263819095477,7.96539272030651,60
"66",2016,9,8.41666666666667,12,8.83333333333333,7.16666666666667,NA,9,8.22222222222222,9,3,0,3,9,1454,961,493,156,401,1053,8.00668500687758,8.37242455775234,7.29375253549696,7.40929487179487,8.10935162094763,7.96758784425451,61
"67",2016,10,8.0703125,32,8.57954545454546,6.95,6.5,7.925,8.13636363636364,22,10,4,10,22,1486,983,503,160,411,1075,8.00805518169582,8.37706002034588,7.28691848906561,7.3865625,8.10486618004866,7.97104186046511,62
"68",2016,11,8.1063829787234,47,8.64285714285714,7.31578947368421,7,8,8.13157894736842,28,19,2,9,38,1533,1011,522,162,420,1113,8.01106979778212,8.38442136498517,7.287969348659,7.38179012345679,8.10261904761905,7.97652291105121,63
"69",2016,12,8.30425531914894,47,8.52222222222222,7.59090909090909,7.66666666666667,8.66666666666667,8.21842105263158,36,11,3,9,38,1580,1047,533,165,429,1151,8.0197911392405,8.38915950334289,7.29422138836773,7.3869696969697,8.11445221445222,7.98450912250217,64
"70",2017,1,8.24533333333333,75,8.45593220338983,7.46875,6.33333333333333,8.63235294117647,8.13189655172414,59,16,3,17,58,1655,1106,549,168,446,1209,8.03001208459214,8.39272151898734,7.29930783242259,7.36815476190476,8.13419282511211,7.99157981803143,65
"71",2017,2,8.20688524590164,61,8.56511627906977,7.35111111111111,7.58333333333333,8.46153846153846,8.13791666666667,43,18,6,13,48,1716,1149,567,174,459,1257,8.03629953379953,8.39917319408181,7.30095238095238,7.37557471264368,8.14346405228758,7.99716785998409,66
"72",2017,3,8.44634146341463,41,8.59259259259259,8.16428571428571,8.1,8.66666666666667,8.384375,27,14,5,9,32,1757,1176,581,179,468,1289,8.04586795674445,8.40361394557823,7.32175559380379,7.39581005586592,8.15352564102564,8.00678044996121,67
"73",2017,4,8.06444444444444,45,8.7,6.9125,6.92,7.5625,8.17297297297297,29,16,5,8,37,1802,1205,597,184,476,1326,8.04633185349611,8.41074688796681,7.31078726968174,7.38288043478261,8.14359243697479,8.01141779788838,68
"74",2017,5,8.09903846153846,52,8.55625,7.3675,7.75,8.52142857142857,7.94342105263158,32,20,5,14,38,1854,1237,617,189,490,1364,8.04781014023732,8.4145109135004,7.31262560777958,7.39259259259259,8.15438775510204,8.00952346041055,69
"75",2017,6,8.26206896551724,29,8.3421052631579,8.11,8.83333333333333,8.9,8.12916666666667,19,10,3,5,24,1883,1256,627,192,495,1388,8.05110993096123,8.41341560509554,7.32534290271133,7.41510416666667,8.16191919191919,8.01159221902017,70
"76",2017,7,7.70909090909091,55,8.08064516129032,7.22916666666667,6.25,7.5,7.75555555555556,31,24,4,10,45,1938,1287,651,196,505,1433,8.04140350877193,8.40540015540016,7.32179723502304,7.39132653061224,8.14881188118812,8.00355198883461,71
"77",2017,8,7.93207547169811,53,8.46969696969697,7.045,6.58,7.4375,8.02,33,20,5,8,45,1991,1320,671,201,513,1478,8.03849321948769,8.40700757575758,7.31354694485842,7.37114427860696,8.13771929824562,8.00405277401894,72
"78",2017,9,8.159375,32,8.48181818181818,7.45,9,8.8,8.04074074074074,22,10,1,5,27,2023,1342,681,202,518,1505,8.04040533860603,8.40823397913562,7.31555066079295,7.37920792079208,8.14411196911197,8.00471096345515,73
"79",2017,10,7.96724137931034,58,8.55384615384615,6.76315789473684,7.74,8.79166666666667,7.75217391304348,39,19,5,12,46,2081,1381,700,207,530,1551,8.03836617011052,8.41234612599566,7.30055714285714,7.38792270531401,8.15877358490566,7.99722114764668,74
"80",2017,11,8.34431818181818,44,8.4037037037037,8.25,8.75,8.66666666666667,8.26142857142857,27,17,5,9,35,2125,1408,717,212,539,1586,8.04470117647059,8.41218039772727,7.32306834030683,7.42004716981132,8.16725417439703,8.00305170239596,75
"81",2017,12,8.26410256410256,39,8.49285714285714,7.68181818181818,NA,7.8125,8.38064516129032,28,11,0,8,31,2164,1436,728,212,547,1617,8.04865526802218,8.41375348189415,7.32848901098901,7.42004716981132,8.16206581352834,8.01029066171923,76
"82",2018,1,8.15425531914894,47,8.30172413793103,7.91666666666667,7.6,7.85714285714286,8.20625,29,18,5,7,40,2211,1465,746,217,554,1657,8.0509000452284,8.41153583617747,7.34268096514745,7.4241935483871,8.15821299638989,8.01502112251056,77
"83",2018,2,8.0953488372093,43,8.73913043478261,7.355,6.68333333333333,6.85,8.2972972972973,23,20,6,6,37,2254,1488,766,223,560,1694,8.05174800354924,8.41659946236559,7.34300261096606,7.4042600896861,8.14419642857143,8.021186540732,78
"84",2018,3,8.01547619047619,42,8.49,7.31764705882353,6.375,8.25,7.96857142857143,25,17,4,7,35,2296,1513,783,227,567,1729,8.05108449477352,8.41781229345671,7.34245210727969,7.38612334801762,8.14550264550265,8.02012145748988,79
"85",2018,4,7.7972972972973,37,8.45652173913044,6.71428571428571,8,7.95,7.74074074074074,23,14,3,10,27,2333,1536,797,230,577,1756,8.04705957993999,8.41839192708333,7.33141781681305,7.39413043478261,8.1421143847487,8.01582574031891,80
"86",2018,5,8.20475,40,8.48851851851852,7.61538461538461,7,8.5,8.16257142857143,27,13,3,5,35,2373,1563,810,233,582,1791,8.04971765697429,8.41960332693538,7.33597530864198,7.38905579399142,8.14518900343643,8.01869346733668,81
"87",2018,6,8.25641025641026,39,8.61538461538461,7.53846153846154,8,9,8.09375,26,13,3,7,32,2412,1589,823,236,589,1823,8.05305970149253,8.4228067967275,7.3391737545565,7.3968220338983,8.1553480475382,8.02001097092704,82
"88",2018,7,8.00333333333333,30,8.18823529411765,7.76153846153846,7.625,8.15555555555556,7.93809523809524,17,13,4,9,21,2442,1606,836,240,598,1844,8.05244881244881,8.42032378580324,7.34574162679426,7.400625,8.15535117056857,8.01907809110629,83
"89",2018,8,8.20609756097561,41,8.83958333333333,7.31176470588235,6.5,8.77777777777778,8.0453125,24,17,2,9,32,2483,1630,853,242,607,1876,8.0549859041482,8.42649693251534,7.34506447831184,7.39318181818182,8.16457990115321,8.01952558635395,84
"90",2018,9,8.12105263157895,38,8.2962962962963,7.69090909090909,7.52,8.58333333333333,8.034375,27,11,5,6,32,2521,1657,864,247,613,1908,8.05598175327251,8.42437537718769,7.34946759259259,7.39574898785425,8.16867862969005,8.01977463312369,85
"91",2018,10,7.79807692307692,52,8.25806451612903,7.11904761904762,7.2,7.5,7.86904761904762,31,21,5,10,42,2573,1688,885,252,623,1950,8.05076952973183,8.42132109004739,7.344,7.39186507936508,8.15794542536116,8.01652820512821,86
"92",2018,11,8.17906976744186,43,8.44545454545455,7.3,7,8.64285714285714,8.08888888888889,33,10,1,7,36,2616,1721,895,253,630,1986,8.05287844036697,8.42178384660082,7.34350837988827,7.3903162055336,8.16333333333333,8.01783987915408,87
"93",2018,12,7.80769230769231,52,8,7.61538461538461,7.78571428571429,8.77777777777778,7.6046511627907,26,26,7,9,43,2668,1747,921,260,639,2029,8.04809970014992,8.41550658271322,7.35118349619978,7.40096153846154,8.17198748043818,8.0090832922622,88
"94",2019,1,8.08509803921569,51,8.545,7.31052631578947,7.12857142857143,8.625,7.9846511627907,32,19,7,8,43,2719,1779,940,267,647,2072,8.0487936741449,8.4178358628443,7.35036170212766,7.3938202247191,8.17758887171561,8.00857625482626,89
"95",2019,2,8.13348837209302,43,8.2769696969697,7.66,8,7.94857142857143,8.16944444444444,33,10,3,7,36,2762,1812,950,270,654,2108,8.05011223750905,8.41527041942605,7.35362105263158,7.40055555555556,8.1751376146789,8.01132352941177,90
"96",2019,3,7.910625,48,8.32538461538462,7.42045454545454,7.1,7.8,7.92348837209302,26,22,5,5,43,2810,1838,972,275,659,2151,8.04772953736654,8.41399891186072,7.35513374485597,7.39509090909091,8.17229135053111,8.00956764295676,91
"97",2019,4,8.12,50,8.40714285714286,7.75454545454545,7.125,7.92,8.17,28,22,4,10,40,2860,1866,994,279,669,2191,8.048993006993,8.41389603429796,7.36397384305835,7.39121863799283,8.1685201793722,8.01249657690552,92
"98",2019,5,8.37,60,8.63255813953488,7.70588235294118,7.35714285714286,8.55,8.334,43,17,7,10,50,2920,1909,1011,286,679,2241,8.05558904109589,8.41882137244631,7.36972304648863,7.39038461538461,8.17413843888071,8.0196697902722,93
"99",2019,6,7.9,43,8.21923076923077,7.41176470588235,8.83333333333333,8.3,7.77878787878788,26,17,3,10,33,2963,1935,1028,289,689,2274,8.05333108336145,8.41613953488372,7.37041828793774,7.40536332179931,8.17596516690856,8.01617414248021,94
"100",2019,7,8.28117857142857,56,8.49380487804878,7.7,7.25,8.45714285714286,8.25604081632653,41,15,2,7,49,3019,1976,1043,291,696,2323,8.05755746936071,8.41775101214575,7.37515819750719,7.40429553264605,8.17879310344828,8.0212337494619,95
"101",2019,8,7.98085714285714,70,8.39767441860465,7.31703703703704,6.625,7.69230769230769,8.04666666666667,43,27,8,13,57,3089,2019,1070,299,709,2380,8.05581935901586,8.41732342743932,7.37369158878505,7.38344481605351,8.1698730606488,8.02184285714286,96
"102",2019,9,8.11111111111111,45,8.66666666666667,7,7.66666666666667,8.6,8.05,30,15,3,5,40,3134,2049,1085,302,714,2420,8.05661327377153,8.42097413372377,7.36852534562212,7.38625827814569,8.17288515406162,8.02230826446281,97
"103",2019,10,7.77234042553192,47,8.11,7.17647058823529,6,8.5,7.7046511627907,30,17,2,4,43,3181,2079,1102,304,718,2463,8.05241307764853,8.41648677248677,7.36556261343013,7.37713815789474,8.17470752089137,8.01676248477466,98
"104",2019,11,8.10678260869565,46,8.57185714285714,7.38333333333333,7.3,8.45,8.01144444444444,28,18,5,10,36,3227,2107,1120,309,728,2499,8.05318810040285,8.41855149501661,7.36584821428572,7.37588996763754,8.17848901098901,8.01668587434974,99
"105",2019,12,8.13466666666667,45,8.7525,7.42857142857143,7.75,8.88888888888889,7.94611111111111,24,21,4,9,36,3272,2131,1141,313,737,2535,8.0543086797066,8.42231252932895,7.36700262927257,7.38067092651757,8.18716417910448,8.01568362919132,100
"106",2020,1,8.04464285714286,56,8.475,7.47083333333333,8,8.4,7.99387755102041,32,24,6,7,49,3328,2163,1165,319,744,2584,8.05414603365384,8.42309200184928,7.36914163090129,7.3923197492163,8.18916666666667,8.01527012383901,101
"107",2020,2,7.97456140350877,57,8.20147058823529,7.63913043478261,7.42857142857143,8.33333333333333,7.93235294117647,34,23,7,6,51,3385,2197,1188,326,750,2635,8.05280590841949,8.41966226672735,7.37436868686869,7.3930981595092,8.19032,8.01366527514231,102
"108",2020,3,7.8059649122807,57,8.16971428571429,7.22727272727273,6.75,8.06,7.75191489361702,35,22,4,10,47,3442,2232,1210,330,760,2682,8.04871818710052,8.41574283154122,7.37169421487603,7.38530303030303,8.18860526315789,8.00907829977628,103
"109",2020,4,7.958,50,8.60588235294118,6.58125,7.5,8.2,7.925,34,16,4,6,44,3492,2266,1226,334,766,2726,8.04741924398625,8.41859576345984,7.36137846655791,7.38667664670659,8.18869451697128,8.00772120322817,104
"110",2020,5,8.694,50,9.03157894736842,7.625,7.5,9.04545454545454,8.59487179487179,38,12,4,11,39,3542,2304,1238,338,777,2765,8.05654658385093,8.42870572916666,7.3639337641357,7.38801775147929,8.20082368082368,8.01600289330922,105
"111",2020,6,7.95555555555556,45,8.33333333333333,7.38888888888889,7.5,8,7.94594594594595,27,18,5,8,37,3587,2331,1256,343,785,2802,8.05527962085307,8.42760102960103,7.36429140127389,7.38965014577259,8.1987770700637,8.0150778015703,106
"112",2020,7,7.65754716981132,53,8.159375,6.89285714285714,7.08333333333333,7.03333333333333,7.78522727272727,32,21,6,9,44,3640,2363,1277,349,794,2846,8.04948846153846,8.42396868387642,7.35653876272514,7.38438395415473,8.18556675062972,8.01152424455375,107
"113",2020,8,7.98660714285714,56,8.2515625,7.63333333333333,7,8.3625,7.92395833333333,32,24,1,8,48,3696,2395,1301,350,802,2894,8.04853571428571,8.42166513569937,7.36164488854727,7.38328571428571,8.18733167082294,8.01007187284035,108
"114",2020,9,7.93297872340426,47,8.275,7.57608695652174,7.33333333333333,9.3,7.7702380952381,24,23,6,5,42,3743,2419,1324,356,807,2936,8.04708469142398,8.42021000413393,7.36537009063444,7.38244382022472,8.19422552664188,8.00664100817438,109
"115",2020,10,7.7921568627451,51,8.16666666666667,7.25714285714286,7.375,8.55555555555556,7.62857142857143,30,21,4,9,42,3794,2449,1345,360,816,2978,8.04365788086452,8.4171041241323,7.36368029739777,7.38236111111111,8.19821078431372,8.00130893216924,110
"116",2020,11,7.9924,50,8.19918918918919,7.40384615384615,8.5,8,7.99208333333333,37,13,2,2,48,3844,2486,1358,362,818,3026,8.04299115504682,8.41386082059533,7.3640648011782,7.38853591160221,8.19772616136919,8.00116259087904,111
"117",2020,12,7.92105263157895,57,8.359375,7.36,6.21428571428571,8.125,7.88775510204082,32,25,7,8,49,3901,2518,1383,369,826,3075,8.04120943347859,8.41316838760921,7.36399132321041,7.36626016260163,8.19702179176755,7.99935544715447,112
"118",2021,1,7.75486111111111,72,8.1775,6.90958333333333,6.3125,8.13647058823529,7.63690909090909,48,24,4,17,55,3973,2566,1407,373,843,3130,8.03602013591744,8.40875993764614,7.35624022743426,7.35495978552279,8.19580071174377,7.99298658146964,113
"119",2021,2,7.97159090909091,44,8.57608695652174,7.30952380952381,8,8.22222222222222,7.90714285714286,23,21,4,9,35,4017,2589,1428,377,852,3165,8.03531441374159,8.41024642719196,7.35555322128852,7.36180371352785,8.19607981220657,7.9920372827804,114
"120",2021,3,7.95027327868852,61,8.3338212195122,7.164,6.6,7.26363636363636,8.1013334,41,20,3,11,50,4078,2630,1448,380,863,3215,8.03404234183423,8.40905500760456,7.35290745856354,7.35578947368421,8.18419466975666,7.99373706687402,115
"121",2021,4,7.883,50,8.42258064516129,7.00263157894737,7.5,7.1,7.97,31,19,4,5,45,4128,2661,1467,384,868,3260,8.03221285610465,8.4092125779782,7.34837082481254,7.35729166666667,8.17794930875576,7.99340940797545,116
"122",2021,5,8.16016949152542,59,8.48125,7.48421052631579,6.5,8.36538461538461,8.10217391304348,40,19,4,13,46,4187,2701,1486,388,881,3306,8.03401592309529,8.41027940392447,7.35010767160162,7.34845360824742,8.18071509648127,7.99492276769509,117
"123",2021,6,7.85862068965517,58,8.30172413793103,7.41551724137931,7.4,7.91666666666667,7.84347826086957,29,29,5,12,46,4245,2730,1515,393,893,3352,8.03161947467608,8.40912625274725,7.3513597359736,7.34910941475827,8.17716685330347,7.99284447195704,118
"124",2021,7,7.999,50,8.38,7.4275,7.25,7.85,8.01555555555556,30,20,4,5,45,4295,2760,1535,397,898,3397,8.03123973690337,8.40880966304348,7.35235179153095,7.34811083123426,8.17534521158129,7.99314532528701,119
"125",2021,8,8.40878431372549,51,8.668,7.78666666666667,7.75,8.500375,8.39174418604651,36,15,4,8,43,4346,2796,1550,401,906,3440,8.03567019558214,8.4121468776824,7.35655483870968,7.35211970074813,8.17821523178808,7.99812781104651,120
"126",2021,9,8.06159420289855,69,8.37222222222222,7.47916666666667,7.16666666666667,7.77272727272727,8.11637931034483,45,24,6,11,58,4415,2841,1574,407,917,3498,8.03607534994337,8.41151449137628,7.35842439644219,7.34938574938575,8.17335114503816,8.00008852773013,121
"127",2021,10,7.65740740740741,54,8.25,6.79545454545455,6.33333333333333,7.5,7.6734693877551,32,22,3,5,49,4469,2873,1596,410,922,3547,8.03149981427612,8.40971551340063,7.350664160401,7.34195121951219,8.16969956616052,7.99557645052156,122
"128",2021,11,7.81333333333333,60,8.13589743589744,7.21428571428571,6,7.36363636363636,7.91428571428571,39,21,5,11,49,4529,2912,1617,415,933,3596,8.02860955398542,8.40604830700549,7.34889301175015,7.32578313253012,8.1601961414791,7.9944687625139,123
"129",2021,12,7.85,62,8.42727272727273,7.19310344827586,7.2125,8,7.82777777777778,33,29,8,8,54,4591,2945,1646,423,941,3650,8.02619748856458,8.40628613582343,7.3461482381531,7.32364066193853,8.15883421891604,7.99200264931506,124
"130",2022,1,8.04938051948052,77,8.45494705882353,7.25384615384615,6.88,7.66666666666667,8.12003538461538,51,26,5,12,65,4668,2996,1672,428,953,3715,8.02657989931448,8.40711447596796,7.34471291866029,7.31845794392523,8.1526369359916,7.99424279138627,125
"131",2022,2,7.86617647058824,68,8.08666666666667,7.43478260869565,6.66666666666667,8.44,7.76724137931035,45,23,3,10,58,4736,3041,1695,431,963,3773,8.02427680954391,8.40237256494574,7.34593510324484,7.31392111368909,8.1556209761163,7.99075323880201,126
"132",2022,3,8.05344827586207,58,8.38684210526316,7.42,7.12,7.2,8.13396226415094,38,20,5,5,53,4794,3079,1715,436,968,3826,8.0246297392574,8.40218089314713,7.34679883381924,7.31169724770642,8.15068491735537,7.99273705436487,127
"133",2022,4,8.05814814814815,54,8.25575757575758,7.74761904761905,6.85714285714286,8.22222222222222,8.02533333333333,33,21,7,9,45,4848,3112,1736,443,977,3871,8.02500308787128,8.40062820372751,7.35164746543779,7.30451467268623,8.15134390992835,7.99311598295014,128
"134",2022,5,7.804,50,8.37142857142857,7.08181818181818,7,7.48571428571429,7.85581395348837,28,22,4,7,43,4898,3140,1758,447,984,3914,8.02274703348305,8.40036782484076,7.34827076222981,7.30178970917226,8.1466087398374,7.99160755493101,129
"135",2022,6,7.79480769230769,52,7.95205128205128,7.32307692307692,7.85,6.37083333333333,8.222,39,13,2,12,40,4950,3179,1771,449,996,3954,8.02035251919192,8.39486787354514,7.34808582721626,7.30423162583519,8.12521385542168,7.99393828275164,130
"136",2022,7,8.24222222222222,45,8.58275862068965,7.625,7.375,8.375,8.21351351351351,29,16,4,8,37,4995,3208,1787,453,1004,3991,8.02235134534534,8.39656638715711,7.350565193061,7.30485651214128,8.12720418326693,7.99597393385116,131
"137",2022,8,7.86363636363636,55,8.25384615384615,7.51379310344828,7.25,7.83333333333333,7.86734693877551,26,29,8,6,49,5050,3234,1816,461,1010,4040,8.02062276633663,8.39541897649969,7.3531718061674,7.30390455531453,8.12545841584158,7.99441385396039,132
"138",2022,9,7.93586956521739,46,8.22307692307692,7.5625,7.5,8.75,7.81375,26,20,4,6,40,5096,3260,1836,465,1016,4080,8.01985772566718,8.39404446932515,7.35545206971678,7.30559139784946,8.1291466535433,7.99264263970588,133
"139",2022,10,7.83489130434783,46,8.3562,7.21428571428571,7,7.800625,7.84210526315789,25,21,2,8,38,5142,3285,1857,467,1024,4118,8.01820302800466,8.39375645966514,7.35385568120625,7.30428265524625,8.126580078125,7.99125351384167,134
"140",2022,11,7.75459016393443,61,8.11297297297297,7.20208333333333,7.52,7.57142857142857,7.77833333333333,37,24,5,7,54,5203,3322,1881,472,1031,4172,8.01511242936767,8.39062913004214,7.35191919191919,7.30656779661017,8.12281086323957,7.98849759587727,135
"141",2022,12,7.46660377358491,53,8.22214285714286,6.6204,6.7525,6.24384615384615,7.864,28,25,4,13,40,5256,3350,1906,476,1044,4212,8.00958142503805,8.38922088656717,7.34232423924449,7.30191176470588,8.09941379310344,7.98731528252611,136
