"","year","month","avg_rating","no_ratings","avg_rating_owned","avg_rating_not_owned","avg_rating_prev_owned","avg_rating_comment","avg_rating_no_comment","no_ratings_owned","no_ratings_not_owned","no_ratings_prev_owned","no_ratings_comment","no_ratings_no_comment","cum_no_ratings","cum_no_ratings_owned","cum_no_ratings_not_owned","cum_no_ratings_prev_owned","cum_no_ratings_comment","cum_no_ratings_no_comment","cum_avg_rating","cum_avg_rating_owned","cum_avg_rating_not_owned","cum_avg_rating_prev_owned","cum_avg_rating_comment","cum_avg_rating_no_comment","month_after_release"
"1",2007,4,6.97368421052632,19,7.72727272727273,5.9375,7,6.75,7.07692307692308,11,8,1,6,13,19,11,8,1,6,13,6.97368421052632,7.72727272727273,5.9375,7,6.75,7.07692307692308,0
"2",2007,5,7.02222222222222,9,7.6,5,3,6.4,7.33333333333333,7,2,1,3,6,28,18,10,2,9,19,6.98928571428571,7.67777777777778,5.75,5,6.63333333333333,7.15789473684211,1
"3",2007,6,7.19230769230769,13,7.05555555555556,7.5,4,5.33333333333333,7.75,9,4,1,3,10,41,27,14,3,12,29,7.05365853658537,7.47037037037037,6.25,4.66666666666667,6.30833333333333,7.36206896551724,2
"4",2007,7,7.31666666666667,18,7.30833333333333,7.33333333333333,7.5,7.44,7.26923076923077,12,6,2,5,13,59,39,20,5,17,42,7.13389830508475,7.42051282051282,6.575,5.8,6.64117647058824,7.33333333333333,3
"5",2007,8,7.85,10,8.0625,7,7,7,8.21428571428571,8,2,1,3,7,69,47,22,6,20,49,7.23768115942029,7.52978723404255,6.61363636363636,6,6.695,7.45918367346939,4
"6",2007,9,6.97,10,6.96666666666667,7,NA,5.7,7.11111111111111,9,1,0,1,9,79,56,23,6,21,58,7.20379746835443,7.43928571428571,6.6304347826087,6,6.64761904761905,7.4051724137931,5
"7",2007,10,6.84375,16,6.89285714285714,6.5,NA,7.07142857142857,6.66666666666667,14,2,0,7,9,95,70,25,6,28,67,7.14315789473684,7.33,6.62,6,6.75357142857143,7.30597014925373,6
"8",2007,11,6.77777777777778,18,6.96153846153846,6.3,6.5,6.9,6.73076923076923,13,5,2,5,13,113,83,30,8,33,80,7.08495575221239,7.27228915662651,6.56666666666667,6.125,6.77575757575758,7.2125,7
"9",2007,12,6.73809523809524,21,7.14285714285714,5.92857142857143,6,6.5,6.79411764705882,14,7,1,4,17,134,97,37,9,37,97,7.03059701492537,7.25360824742268,6.44594594594595,6.11111111111111,6.74594594594595,7.13917525773196,8
"10",2008,1,6.75625,16,6.85384615384615,6.33333333333333,6.5,6.83333333333333,6.71,13,3,2,6,10,150,110,40,11,43,107,7.00133333333333,7.20636363636364,6.4375,6.18181818181818,6.75813953488372,7.09906542056075,9
"11",2008,2,6.5,14,7,5.83333333333333,NA,6.25,6.6,8,6,0,4,10,164,118,46,11,47,117,6.95853658536585,7.19237288135593,6.35869565217391,6.18181818181818,6.71489361702128,7.05641025641026,10
"12",2008,3,6.90476190476191,21,7.1625,6.08,NA,6.19,7.55454545454545,16,5,0,10,11,185,134,51,11,57,128,6.95243243243243,7.18880597014925,6.33137254901961,6.18181818181818,6.62280701754386,7.09921875,11
"13",2008,4,6.93333333333333,15,7,6.875,6.5,6.75,7,7,8,2,4,11,200,141,59,13,61,139,6.951,7.17943262411347,6.40508474576271,6.23076923076923,6.63114754098361,7.09136690647482,12
"14",2008,5,6.5,11,7.25,5.6,7,5.3,7.5,6,5,1,5,6,211,147,64,14,66,145,6.92748815165877,7.18231292517007,6.3421875,6.28571428571429,6.53030303030303,7.10827586206897,13
"15",2008,6,7.14285714285714,14,7.45454545454545,6,4,5.33333333333333,7.63636363636364,11,3,1,3,11,225,158,67,15,69,156,6.94088888888889,7.20126582278481,6.32686567164179,6.13333333333333,6.47826086956522,7.14551282051282,14
"16",2008,7,7.07142857142857,14,7.72222222222222,5.9,5.5,NA,7.07142857142857,9,5,1,0,14,239,167,72,16,69,170,6.94853556485356,7.22934131736527,6.29722222222222,6.09375,6.47826086956522,7.13941176470588,15
"17",2008,8,6.35882352941176,17,7.09166666666667,4.6,6,5.25,6.7,12,5,1,4,13,256,179,77,17,73,183,6.909375,7.22011173184357,6.18701298701299,6.08823529411765,6.41095890410959,7.10819672131147,16
"18",2008,9,6.36111111111111,18,6.56666666666667,5.33333333333333,5,5.33333333333333,6.56666666666667,15,3,1,3,15,274,194,80,18,76,198,6.87335766423358,7.16958762886598,6.155,6.02777777777778,6.36842105263158,7.06717171717172,17
"19",2008,10,6.09444444444444,18,7.52222222222222,4.66666666666667,5.5,5.4,6.36153846153846,9,9,2,5,13,292,203,89,20,81,211,6.82534246575342,7.18522167487685,6.00449438202247,5.975,6.30864197530864,7.02369668246445,18
"20",2008,11,6.75,12,7.25,5.75,5.5,5,6.90909090909091,8,4,2,1,11,304,211,93,22,82,222,6.82236842105263,7.18767772511848,5.99354838709677,5.93181818181818,6.29268292682927,7.01801801801802,19
"21",2008,12,7.13125,16,7.9,6.14285714285714,6.36666666666667,7.82,6.81818181818182,9,7,3,5,11,320,220,100,25,87,233,6.8378125,7.21681818181818,6.004,5.984,6.38045977011494,7.00858369098712,20
"22",2009,1,7.15384615384615,26,7.23809523809524,6.8,6.5,6.5,7.30952380952381,21,5,2,5,21,346,241,105,27,92,254,6.86156069364162,7.21867219917012,6.04190476190476,6.02222222222222,6.38695652173913,7.03346456692913,21
"23",2009,2,6.32142857142857,14,6.125,6.58333333333333,6.1,7.125,6,8,6,5,4,10,360,249,111,32,96,264,6.84055555555556,7.18353413654618,6.07117117117117,6.034375,6.41770833333333,6.99431818181818,22
"24",2009,3,6.39130434782609,23,6.77272727272727,6.04166666666667,5,6,6.47368421052632,11,12,1,4,19,383,260,123,33,100,283,6.81357702349869,7.16615384615385,6.06829268292683,6.0030303030303,6.401,6.95936395759717,23
"25",2009,4,5.95833333333333,24,7.13333333333333,4,6,4.5,6.09090909090909,15,9,2,2,22,407,275,132,35,102,305,6.76314496314496,7.16436363636364,5.92727272727273,6.00285714285714,6.36372549019608,6.89672131147541,24
"26",2009,5,6.27272727272727,22,6.42857142857143,6,4.75,4.2,6.88235294117647,14,8,4,5,17,429,289,140,39,107,322,6.73799533799534,7.12871972318339,5.93142857142857,5.87435897435897,6.26261682242991,6.89596273291925,25
"27",2009,6,6.175,20,6.25,6,5.9,5.975,6.225,14,6,1,4,16,449,303,146,40,111,338,6.71291759465479,7.08811881188119,5.93424657534247,5.875,6.25225225225225,6.86420118343195,26
"28",2009,7,6.56222222222222,18,7.1,5.89,8,6.70666666666667,6.53333333333333,10,8,1,3,15,467,313,154,41,114,353,6.70710920770878,7.08849840255591,5.93194805194805,5.92682926829268,6.26421052631579,6.85014164305949,27
"29",2009,8,6.52413793103448,29,6.87894736842105,5.85,5.3,5.07142857142857,6.98636363636364,19,10,5,7,22,496,332,164,46,121,375,6.69641129032258,7.07650602409638,5.9269512195122,5.85869565217391,6.19520661157025,6.85813333333333,28
"30",2009,9,5.204,15,6.42666666666667,4.38888888888889,4.6,4.5,5.31230769230769,6,9,5,2,13,511,338,173,51,123,388,6.65260273972603,7.06497041420118,5.84693641618497,5.73529411764706,6.16764227642276,6.80634020618557,29
"31",2009,10,6.26785714285714,28,6.64705882352941,5.68181818181818,5.4,6,6.27777777777778,17,11,5,1,27,539,355,184,56,124,415,6.6326159554731,7.04495774647887,5.8370652173913,5.70535714285714,6.16629032258064,6.77195180722891,30
"32",2009,11,6.51764705882353,17,6.94444444444444,6.0375,7.1,5.66666666666667,6.7,9,8,3,3,14,556,364,192,59,127,429,6.62910071942446,7.04247252747253,5.84541666666667,5.77627118644068,6.15448818897638,6.76960372960373,31
"33",2009,12,5.84615384615385,39,6.38636363636364,5.14705882352941,4.5,4.42857142857143,6.15625,22,17,5,7,32,595,386,209,64,134,461,6.57778151260504,7.00507772020725,5.78861244019139,5.6765625,6.06432835820896,6.72702819956616,32
"34",2010,1,5.61764705882353,17,6.1875,5.11111111111111,5.5,4,5.71875,8,9,2,1,16,612,394,218,66,135,477,6.55111111111111,6.98847715736041,5.76064220183486,5.67121212121212,6.04903703703704,6.69320754716981,33
"35",2010,2,6.26666666666667,15,6.42857142857143,6.125,5.33333333333333,5,6.35714285714286,7,8,3,1,14,627,401,226,69,136,491,6.5443062200957,6.97870324189526,5.77353982300885,5.65652173913044,6.04132352941176,6.68362525458248,34
"36",2010,3,6.55,20,7.2,5.9,5,9,6.42105263157895,10,10,2,1,19,647,411,236,71,137,510,6.54448222565688,6.98408759124087,5.77889830508475,5.63802816901409,6.0629197080292,6.6738431372549,35
"37",2010,4,6.66666666666667,21,7.14285714285714,5.71428571428571,5.5,7,6.63157894736842,14,7,2,2,19,668,425,243,73,139,529,6.54832335329341,6.98931764705882,5.77703703703704,5.63424657534247,6.07640287769784,6.67232514177694,36
"38",2010,5,6.78571428571429,14,6.36363636363636,8.33333333333333,NA,5.66666666666667,7.09090909090909,11,3,0,3,11,682,436,246,73,142,540,6.55319648093842,6.97353211009174,5.80821138211382,5.63424657534247,6.06774647887324,6.68085185185185,37
"39",2010,6,6.25,10,7.28571428571429,3.83333333333333,2,3,6.61111111111111,7,3,1,1,9,692,443,249,74,143,549,6.54881502890173,6.97846501128668,5.78441767068273,5.58513513513514,6.04629370629371,6.67970856102004,38
"40",2010,7,6.26111111111111,18,6.97692307692308,4.4,4.5,5,6.33529411764706,13,5,2,1,17,710,456,254,76,144,566,6.54152112676056,6.97842105263158,5.75716535433071,5.55657894736842,6.03902777777778,6.66936395759717,39
"41",2010,8,6.08823529411765,17,6.69230769230769,4.125,NA,6.33333333333333,6.03571428571429,13,4,0,3,14,727,469,258,76,147,580,6.53092159559835,6.97049040511727,5.73186046511628,5.55657894736842,6.04503401360544,6.65406896551724,40
"42",2010,9,6.44736842105263,19,6.9375,6.09090909090909,6,4.33333333333333,6.84375,8,11,3,3,16,746,477,269,79,150,596,6.52879356568365,6.96993710691824,5.74654275092937,5.57341772151899,6.0108,6.6591610738255,41
"43",2010,10,6.8047619047619,21,7.51666666666667,5.85555555555556,4,5.725,7.05882352941176,12,9,1,4,17,767,489,278,80,154,613,6.53634941329857,6.98335378323108,5.75007194244604,5.55375,6.00337662337662,6.67024469820555,42
"44",2010,11,6.86666666666667,15,7.42857142857143,6.375,6,7,6.85714285714286,7,8,5,1,14,782,496,286,85,155,627,6.54268542199488,6.98963709677419,5.76755244755245,5.58,6.0098064516129,6.67441786283892,43
"45",2010,12,6.43214285714286,28,7.35,5.20833333333333,6.83333333333333,5.8,6.5695652173913,16,12,3,5,23,810,512,298,88,160,650,6.53886419753086,7.0008984375,5.74503355704698,5.62272727272727,6.00325,6.67070769230769,44
"46",2011,1,6.56896551724138,29,6.76190476190476,6.0625,NA,5.25,6.91304347826087,21,8,0,6,23,839,533,306,88,166,673,6.53990464839094,6.99148217636022,5.75333333333333,5.62272727272727,5.97602409638554,6.67898959881129,45
"47",2011,2,6.48,25,7.03125,5.5,6,6,6.52173913043478,16,9,2,2,23,864,549,315,90,168,696,6.5381712962963,6.99264116575592,5.74609523809524,5.63111111111111,5.97630952380952,6.67379310344828,46
"48",2011,3,6.55,28,7.11111111111111,5.54,NA,6,6.59230769230769,18,10,0,2,26,892,567,325,90,170,722,6.53854260089686,6.99640211640212,5.73975384615385,5.63111111111111,5.97658823529412,6.67085872576177,47
"49",2011,4,6.268,25,7.08,5.05,3.66666666666667,7,6.2375,15,10,3,1,24,917,582,335,93,171,746,6.53116684841876,6.99855670103093,5.71916417910448,5.56774193548387,5.98257309941521,6.65691689008043,48
"50",2011,5,6.035,20,7.01428571428571,3.75,5,6.84,5.76666666666667,14,6,1,5,15,937,596,341,94,176,761,6.52057630736393,6.99892617449664,5.68451612903226,5.56170212765958,6.00693181818182,6.63936925098554,49
"51",2011,6,6.56818181818182,22,6.8125,5.91666666666667,5.625,NA,6.56818181818182,16,6,4,0,22,959,612,347,98,176,783,6.52166840458811,6.9940522875817,5.68853025936599,5.56428571428572,6.00693181818182,6.63736909323116,50
"52",2011,7,6.4048275862069,29,6.5352380952381,6.0625,6,7.75,6.30518518518519,21,8,2,2,27,988,633,355,100,178,810,6.51823886639676,6.97883096366509,5.69695774647887,5.573,6.02651685393258,6.6262962962963,51
"53",2011,8,6.65454545454545,22,6.99285714285714,6.0625,7,5.45,6.775,14,8,2,2,20,1010,647,363,102,180,830,6.52120792079208,6.9791344667697,5.70501377410468,5.60098039215686,6.02011111111111,6.62987951807229,52
"54",2011,9,6.86964285714286,28,7.2,6.275,4.83333333333333,6.1,6.99791666666667,18,10,3,4,24,1038,665,373,105,184,854,6.53060693641618,6.98511278195489,5.72029490616622,5.57904761904762,6.02184782608696,6.6402224824356,53
"55",2011,10,5.70588235294118,17,6.38888888888889,4.9375,6.5,NA,5.70588235294118,9,8,2,0,17,1055,674,381,107,184,871,6.51731753554502,6.97715133531157,5.70385826771653,5.59626168224299,6.02184782608696,6.62198622273249,54
"56",2011,11,6,34,6.76470588235294,5.23529411764706,6.5,5.69230769230769,6.19047619047619,17,17,4,13,21,1089,691,398,111,197,892,6.50116620752984,6.97192474674385,5.68384422110553,5.62882882882883,6.00010152284264,6.61182735426009,55
"57",2011,12,6.7472,25,6.83428571428571,6.63636363636364,6,6.25,6.84190476190476,14,11,3,4,21,1114,705,409,114,201,913,6.50668761220826,6.9691914893617,5.70946210268949,5.63859649122807,6.00507462686567,6.61711938663746,56
"58",2012,1,6.20294117647059,34,7.095,4.92857142857143,5,6.5,6.13928571428571,20,14,4,6,28,1148,725,423,118,207,941,6.49769163763066,6.97266206896552,5.68361702127659,5.61694915254237,6.01942028985507,6.60290116896918,57
"59",2012,2,6.1875,32,6.9,5.55882352941176,5.16666666666667,4.85714285714286,6.56,15,17,6,7,25,1180,740,440,124,214,966,6.48927966101695,6.97118918918919,5.67879545454545,5.59516129032258,5.98140186915888,6.60179089026915,58
"60",2012,3,6.66923076923077,26,6.6,6.85714285714286,6,6.15,6.825,19,7,1,6,20,1206,759,447,125,220,986,6.4931592039801,6.96189723320158,5.69724832214765,5.5984,5.986,6.60631845841785,59
"61",2012,4,6.55277777777778,36,6.99615384615385,5.4,5.75,7.95,6.378125,26,10,4,4,32,1242,785,457,129,224,1018,6.49488727858293,6.96303184713376,5.69074398249453,5.6031007751938,6.02107142857143,6.59914538310413,60
"62",2012,5,6.82121212121212,33,7.36363636363636,5.73636363636364,5.66666666666667,5.625,6.98620689655172,22,11,3,4,29,1275,807,468,132,228,1047,6.50333333333333,6.97395291201982,5.69181623931624,5.60454545454546,6.01412280701754,6.60986628462273,61
"63",2012,6,7.0625,32,7.45833333333333,5.875,5,6.5,7.12068965517241,24,8,1,3,29,1307,831,476,133,231,1076,6.51702371843917,6.98794223826715,5.69489495798319,5.6,6.0204329004329,6.62363382899628,62
"64",2012,7,5.85958333333333,24,6.4125,4.75375,3.5,5.15,6.0015,16,8,2,4,20,1331,847,484,135,235,1096,6.5051690458302,6.9770720188902,5.67933884297521,5.56888888888889,6.0056170212766,6.61228102189781,63
"65",2012,8,5.96,25,6.53333333333333,5.1,5,5.4,6.1,15,10,2,5,20,1356,862,494,137,240,1116,6.49511799410029,6.96935034802784,5.66761133603239,5.56058394160584,5.993,6.60310035842294,64
"66",2012,9,6.46551724137931,29,6.45909090909091,6.48571428571429,6,6.5,6.46153846153846,22,7,1,3,26,1385,884,501,138,243,1142,6.49449819494585,6.95665158371041,5.67904191616766,5.56376811594203,5.99925925925926,6.59987740805604,65
"67",2012,10,5.884,25,6.85384615384615,4.83333333333333,5.7,5,5.96086956521739,13,12,5,2,23,1410,897,513,143,245,1165,6.48367375886525,6.95516164994426,5.65925925925926,5.56853146853147,5.99110204081633,6.58726180257511,66
"68",2012,11,6.575,24,7.11818181818182,6.11538461538461,5.4,7,6.53636363636364,11,13,5,2,22,1434,908,526,148,247,1187,6.48520223152022,6.95713656387665,5.67053231939163,5.56283783783784,5.99927125506073,6.58631844987363,67
"69",2012,12,6.1675,40,6.82608695652174,5.27647058823529,6.38571428571429,5.4,6.27714285714286,23,17,7,5,35,1474,931,543,155,252,1222,6.47658073270014,6.95389903329753,5.65819521178637,5.6,5.98738095238095,6.57746317512275,68
"70",2013,1,6.78571428571429,42,6.92424242424242,6.27777777777778,6,5.66666666666667,6.97222222222222,33,9,2,6,36,1516,964,552,157,258,1258,6.48514511873351,6.95288381742739,5.66829710144927,5.60509554140128,5.97992248062016,6.588759936407,69
"71",2013,2,6.48787878787879,33,7.205,5.38461538461539,5.5,4.66666666666667,6.89259259259259,20,13,4,6,27,1549,984,565,161,264,1285,6.48520335700452,6.9580081300813,5.66176991150442,5.60248447204969,5.95007575757576,6.5951439688716,70
"72",2013,3,6.38235294117647,34,6.91304347826087,5.27272727272727,5.16666666666667,5.75,6.46666666666667,23,11,3,4,30,1583,1007,576,164,268,1315,6.48299431459255,6.95698113207547,5.65434027777778,5.59451219512195,5.94708955223881,6.59221292775665,71
"73",2013,4,6.33352941176471,34,6.535,5.85,4.5,5.2,6.52896551724138,24,10,2,5,29,1617,1031,586,166,273,1344,6.47985157699443,6.94715809893308,5.65767918088737,5.58132530120482,5.93340659340659,6.59084821428571,72
"74",2013,5,6.51153846153846,39,7.07592592592593,5.24166666666667,6.2,4.31666666666667,6.91060606060606,27,12,2,6,33,1656,1058,598,168,279,1377,6.48059782608696,6.95044423440454,5.64933110367893,5.58869047619048,5.89863799283154,6.59851125635439,73
"75",2013,6,5.984,25,6.27222222222222,5.24285714285714,6.33333333333333,6.625,5.86190476190476,18,7,3,4,21,1681,1076,605,171,283,1398,6.47321237358715,6.93909851301115,5.64462809917355,5.60175438596491,5.90890459363958,6.58744635193133,74
"76",2013,7,5.8,35,6.52631578947368,4.9375,4.9375,2.75,6.19354838709677,19,16,8,4,31,1716,1095,621,179,287,1429,6.45948135198135,6.93193607305936,5.62640901771336,5.57206703910615,5.86487804878049,6.57890132960112,75
"77",2013,8,6.68965517241379,29,7.08333333333333,6.04545454545455,5.875,5.5,6.77777777777778,18,11,4,2,27,1745,1113,632,183,289,1456,6.46330659025788,6.93438454627134,5.63370253164557,5.57868852459016,5.86235294117647,6.58258928571429,76
"78",2013,9,6.34285714285714,35,6.84615384615385,4.88888888888889,5.5,6.66666666666667,6.3125,26,9,2,3,32,1780,1139,641,185,292,1488,6.46093820224719,6.93237050043898,5.62324492979719,5.57783783783784,5.87061643835617,6.57678091397849,77
"79",2013,10,6.2,30,6.8,5,4.25,4.66666666666667,6.37037037037037,20,10,4,3,27,1810,1159,651,189,295,1515,6.45661325966851,6.93008628127696,5.6136712749616,5.54973544973545,5.85837288135593,6.57310231023102,78
"80",2013,11,6.145,30,7.075,4.75,4.75,6.60625,5.97727272727273,18,12,4,8,22,1840,1177,663,193,303,1537,6.45153260869565,6.93230246389125,5.59803921568627,5.53316062176166,5.87811881188119,6.5645738451529,79
"81",2013,12,6.63235294117647,34,6.9,5.88888888888889,5.5,6.5,6.6551724137931,25,9,6,5,29,1874,1202,672,199,308,1566,6.45481323372465,6.9316306156406,5.60193452380952,5.5321608040201,5.88821428571429,6.56625159642401,80
"82",2014,1,6.25916666666667,60,6.56777777777778,5.33333333333333,4.8,4,6.33706896551724,45,15,5,2,58,1934,1247,687,204,310,1624,6.44874353671148,6.91850040096231,5.59606986899563,5.51421568627451,5.87603225806452,6.55806650246305,81
"83",2014,2,6.28695652173913,46,7.06,5.36666666666667,5.4,6.5,6.28222222222222,25,21,8,1,45,1980,1272,708,212,311,1669,6.44498484848485,6.92128144654088,5.58926553672316,5.50990566037736,5.878038585209,6.55062911923307,82
"84",2014,3,6.27777777777778,36,6.98,4.68181818181818,4,2.33333333333333,6.63636363636364,25,11,2,3,33,2016,1297,719,214,314,1702,6.44199900793651,6.9224132613724,5.57538247566064,5.49579439252336,5.84417197452229,6.55229142185664,83
"85",2014,4,5.95833333333333,18,6.5,4.55,5.16666666666667,4,6.203125,13,5,3,2,16,2034,1310,724,217,316,1718,6.43771878072763,6.9182213740458,5.56830110497237,5.49124423963134,5.8325,6.54903958090803,84
"86",2014,5,6.55,43,6.58333333333333,6.44,6.25,6.66666666666667,6.53108108108108,33,10,6,6,37,2077,1343,734,223,322,1755,6.44004333172845,6.90999255398362,5.58017711171662,5.51165919282511,5.84804347826087,6.54866096866097,85
"87",2014,6,6.35576923076923,26,6.55882352941176,5.97222222222222,5.625,6.75,6.30434782608696,17,9,2,3,23,2103,1360,743,225,325,1778,6.43900142653352,6.90560294117647,5.58492597577389,5.51266666666667,5.85636923076923,6.5455005624297,86
"88",2014,7,5.75135135135135,37,6.24166666666667,4.84615384615385,3.5,2.83333333333333,6.00882352941176,24,13,2,3,34,2140,1384,756,227,328,1812,6.42711214953271,6.89408959537572,5.57222222222222,5.49493392070485,5.82871951219512,6.53543046357616,87
"89",2014,8,5.95714285714286,35,6.56521739130435,4.79166666666667,4,6.2,5.91666666666667,23,12,5,5,30,2175,1407,768,232,333,1842,6.41954942528736,6.88871357498223,5.56002604166667,5.46271551724138,5.83429429429429,6.52535287730727,88
"90",2014,9,6.51707317073171,41,6.77058823529412,5.28571428571429,5,7,6.49230769230769,34,7,2,2,39,2216,1441,775,234,335,1881,6.42135379061372,6.88592643997224,5.55754838709677,5.45876068376068,5.84125373134328,6.52466772993089,89
"91",2014,10,5.97241379310345,29,6.46470588235294,5.275,4.75,5.57142857142857,6.1,17,12,6,7,22,2245,1458,787,240,342,1903,6.41555456570156,6.88101508916324,5.55324015247776,5.44104166666667,5.83573099415205,6.51975827640568,90
"92",2014,11,6.0590625,32,6.27083333333333,5.42375,5.8,6,6.0675,24,8,5,4,28,2277,1482,795,245,346,1931,6.41054457619675,6.87113360323887,5.55193710691824,5.44836734693878,5.83763005780347,6.51320041429311,91
"93",2014,12,6.34827586206897,29,6.65217391304348,5.18333333333333,4.05,8.06666666666667,6.15,23,6,2,3,26,2306,1505,801,247,349,1957,6.40976149176063,6.86778737541528,5.54917602996255,5.43704453441296,5.85679083094556,6.50837506387327,92
"94",2015,1,6.20625,48,6.39310344827586,5.92105263157895,6.75,6.2,6.20697674418605,29,19,4,5,43,2354,1534,820,251,354,2000,6.40561172472388,6.85881355932203,5.55779268292683,5.45796812749004,5.8616384180791,6.501895,93
"95",2015,2,6.18,25,6.75,4.71428571428571,5,NA,6.18,18,7,3,0,25,2379,1552,827,254,354,2025,6.40324085750315,6.85755154639175,5.55065296251512,5.45255905511811,5.8616384180791,6.49792098765432,94
"96",2015,3,5.98809523809524,42,6.44827586206897,4.96153846153846,4.8,6,5.98717948717949,29,13,5,3,39,2421,1581,840,259,357,2064,6.39603882693102,6.85004427577482,5.54153571428571,5.43996138996139,5.86280112044818,6.48827034883721,95
"97",2015,4,6.22,35,6.344,5.91,5.33333333333333,5,6.29393939393939,25,10,3,2,33,2456,1606,850,262,359,2097,6.39353013029316,6.84216687422167,5.54587058823529,5.43874045801527,5.85799442896936,6.48521220791607,96
"98",2015,5,5.78947368421053,38,6.1875,5.10714285714286,4.75,5.4,5.84848484848485,24,14,10,5,33,2494,1630,864,272,364,2130,6.38432638331997,6.83252760736196,5.53876157407407,5.41341911764706,5.8517032967033,6.47534741784038,97
"99",2015,6,6.42058823529412,34,6.68461538461538,5.5625,5.175,NA,6.42058823529412,26,8,4,0,34,2528,1656,872,276,364,2164,6.38481408227848,6.83020531400966,5.53897935779817,5.40996376811594,5.8517032967033,6.47448706099815,98
"100",2015,7,5.9025,40,6.46153846153846,4.86428571428571,5.26666666666667,5.71428571428571,5.94242424242424,26,14,6,7,33,2568,1682,886,282,371,2197,6.37730140186916,6.82450653983353,5.52831828442438,5.40691489361702,5.84911051212938,6.46649522075558,99
"101",2015,8,6.17317073170732,41,6.29705882352941,5.57142857142857,6.33333333333333,5.66666666666667,6.26,34,7,3,6,35,2609,1716,893,285,377,2232,6.37409352242238,6.81405594405594,5.5286562150056,5.41666666666667,5.84620689655172,6.46325716845878,100
"102",2015,9,5.734375,32,6.02631578947368,5.30769230769231,6,6.5,5.625,19,13,1,4,28,2641,1735,906,286,381,2260,6.36634229458538,6.80542939481268,5.52548565121413,5.41870629370629,5.85307086614173,6.45287168141593,101
"103",2015,10,6.13684210526316,38,6.47142857142857,5.2,4.75,6.35714285714286,6.08709677419355,28,10,4,7,31,2679,1763,916,290,388,2291,6.36308697275103,6.80012478729438,5.52193231441048,5.40948275862069,5.86216494845361,6.44792230467045,102
"104",2015,11,6.02810810810811,37,6.73916666666667,4.71538461538462,4,6.66666666666667,5.97176470588235,24,13,4,3,34,2716,1787,929,294,391,2325,6.3585235640648,6.79930609960828,5.51064585575888,5.39030612244898,5.86833759590793,6.44095913978495,103
"105",2015,12,5.58484848484848,33,5.79545454545455,5.16363636363636,4.7,6.14285714285714,5.43461538461538,22,11,4,7,26,2749,1809,940,298,398,2351,6.3492360858494,6.78709784411277,5.50658510638298,5.38104026845638,5.87316582914573,6.4298298596342,104
"106",2016,1,6.14893617021277,47,6.75862068965517,5.16666666666667,5.25,6.5,6.125,29,18,10,3,44,2796,1838,958,308,401,2395,6.34586909871245,6.78664853101197,5.50019832985386,5.37678571428571,5.87785536159601,6.42422964509395,105
"107",2016,2,5.7969696969697,33,6.53157894736842,4.8,5.625,6.08333333333333,5.73333333333333,19,14,8,6,27,2829,1857,972,316,407,2422,6.33946624248851,6.78403877221325,5.49011316872428,5.38306962025317,5.88088452088452,6.41652766308836,106
"108",2016,3,5.73714285714286,35,6.37857142857143,5.30952380952381,5.70833333333333,4.91666666666667,5.90689655172414,14,21,12,6,29,2864,1871,993,328,413,2451,6.33210544692737,6.78100481026189,5.48629405840886,5.39496951219512,5.86687651331719,6.41049775601795,107
"109",2016,4,5.55170731707317,41,5.88571428571429,4.83230769230769,5.25,5.80333333333333,5.50857142857143,28,13,4,6,35,2905,1899,1006,332,419,2486,6.32109122203098,6.76780410742496,5.47784294234593,5.39322289156627,5.86596658711217,6.39779967819791,108
"110",2016,5,5.77551020408163,49,6.37878787878788,4.53125,4.3125,6.33333333333333,5.69767441860465,33,16,8,6,43,2954,1932,1022,340,425,2529,6.3120412999323,6.76115942028985,5.46302348336595,5.36779411764706,5.87256470588235,6.3858956109134,109
"111",2016,6,6.60745833333333,48,6.75555555555556,6.16316666666667,6.02971428571429,5.83333333333333,6.65906666666667,36,12,7,3,45,3002,1968,1034,347,428,2574,6.31676482345103,6.7610569105691,5.47114893617021,5.3811469740634,5.87228971962617,6.39067132867133,110
"112",2016,7,6.12657894736842,38,6.46130434782609,5.61333333333333,5.675,5.922,6.15757575757576,23,15,4,5,33,3040,1991,1049,351,433,2607,6.3143875,6.75759417378202,5.47318207816969,5.38449572649573,5.87286374133949,6.38772075182202,111
"113",2016,8,6.137,50,6.44868421052632,5.15,5.63333333333333,6,6.14574468085106,38,12,6,3,47,3090,2029,1061,357,436,2654,6.31151715210356,6.75180877279448,5.46952686145146,5.38867787114846,5.87373853211009,6.38343556895252,112
"114",2016,9,5.25714285714286,28,5.57142857142857,4.94285714285714,4.84,5,5.26666666666667,14,14,5,1,27,3118,2043,1075,362,437,2681,6.3020487491982,6.74372001957905,5.46266790697674,5.38109944751381,5.87173913043478,6.37218873554644,113
"115",2016,10,6.0047619047619,42,6.59259259259259,4.94666666666667,5.31428571428571,4.66666666666667,6.10769230769231,27,15,7,3,39,3160,2070,1090,369,440,2720,6.29809746835443,6.74174879227053,5.45556697247707,5.37983197831978,5.86352272727273,6.36839632352941,114
"116",2016,11,6.11111111111111,45,6.36206896551724,5.65625,5.28571428571429,5.8,6.15,29,16,7,5,40,3205,2099,1106,376,445,2760,6.295472074883,6.73650309671272,5.45847016274864,5.37807978723404,5.86280898876404,6.36523115942029,115
"117",2016,12,5.47674418604651,43,5.75,4.96666666666667,5.2,4.5,5.52439024390244,28,15,5,2,41,3248,2127,1121,381,447,2801,6.28463300492611,6.72351669017395,5.45188938447815,5.37574278215223,5.85671140939597,6.35292324169939,116
"118",2017,1,6.21951219512195,41,7.02083333333333,5.08823529411765,5.3,6.5,6.18055555555556,24,17,5,5,36,3289,2151,1138,386,452,2837,6.28382122225601,6.7268340306834,5.44645694200352,5.37476165803109,5.86382743362832,6.35073598872048,117
"119",2017,2,6.3421568627451,51,6.62738095238095,5.01111111111111,4.75,5.66666666666667,6.384375,42,9,4,3,48,3340,2193,1147,390,455,2885,6.2847119760479,6.72492932056544,5.44304097646033,5.36835384615385,5.86252747252747,6.35129566724437,118
"120",2017,3,6.34821428571429,28,6.55952380952381,5.71428571428571,6,4.33333333333333,6.59,21,7,5,3,25,3368,2214,1154,395,458,2910,6.28523990498812,6.72336043360434,5.4446863084922,5.37634936708861,5.85251091703057,6.35334639175258,119
"121",2017,4,5.81428571428571,35,6.67391304347826,4.16666666666667,3.71428571428571,4,6.04838709677419,23,12,7,4,31,3403,2237,1166,402,462,2941,6.28039612106964,6.72285203397407,5.43153344768439,5.34740796019901,5.83647186147186,6.35013192791568,120
"122",2017,5,6.15384615384615,39,6.6551724137931,4.7,7,4.7,6.36764705882353,29,10,1,5,34,3442,2266,1176,403,467,2975,6.2789622312609,6.72198587819947,5.42531292517007,5.35150868486352,5.82430406852248,6.35033210084034,121
"123",2017,6,6.20789473684211,38,6.46,5.72307692307692,4.71428571428571,4.33333333333333,6.36857142857143,25,13,7,3,35,3480,2291,1189,410,470,3010,6.27818620689655,6.7191270187691,5.4285685449958,5.34062926829268,5.81478723404255,6.35054418604651,122
"124",2017,7,6.16923076923077,39,6.35185185185185,5.75833333333333,6.5,5.66666666666667,6.21111111111111,27,12,6,3,36,3519,2318,1201,416,473,3046,6.27697868712703,6.71484900776531,5.4318634471274,5.35735096153846,5.81384778012685,6.34889625738674,123
"125",2017,8,5.79210526315789,38,6.0037037037037,5.27272727272727,5.14285714285714,5.5,5.82647058823529,27,11,7,4,34,3557,2345,1212,423,477,3080,6.27179870677537,6.70666098081023,5.43041914191419,5.35380141843972,5.81121593291405,6.34312922077922,124
"126",2017,9,5.83289473684211,38,6.07758620689655,5.04444444444444,3.2,8.16666666666667,5.63285714285714,29,9,2,3,35,3595,2374,1221,425,480,3115,6.26715938803894,6.69897641112047,5.42757411957412,5.34366588235294,5.8259375,6.33514863563403,125
"127",2017,10,5.59333333333333,42,6.225,4.33,4.66666666666667,6.5,5.548,28,14,6,2,40,3637,2402,1235,431,482,3155,6.2593780588397,6.69345129059117,5.41513198380567,5.33424129930395,5.82873443983402,6.32516893819334,126
"128",2017,11,5.99459459459459,37,6.47586206896552,4.25,4.33333333333333,5.8125,6.0448275862069,29,8,3,8,29,3674,2431,1243,434,490,3184,6.25671148611867,6.69085561497326,5.40763314561545,5.32732258064516,5.8284693877551,6.32261557788945,127
"129",2017,12,6.02777777777778,36,6.45833333333333,5.16666666666667,4.85714285714286,5,6.12121212121212,24,12,7,3,33,3710,2455,1255,441,493,3217,6.25449002695418,6.68858248472505,5.40532908366534,5.31985941043084,5.82342799188641,6.32054958035437,128
"130",2018,1,6.22452830188679,53,6.48333333333333,5.23636363636364,4.625,6.91666666666667,6.13617021276596,42,11,8,6,47,3763,2497,1266,449,499,3264,6.25406803082647,6.68513015618742,5.40386097946288,5.30747884187083,5.83657314629258,6.31789460784314,129
"131",2018,2,6.36484848484849,33,6.75,5.33777777777778,4.075,10,6.25125,24,9,4,1,32,3796,2521,1275,453,500,3296,6.255031085353,6.68574771915906,5.40339450980392,5.29659602649007,5.8449,6.31724757281553,130
"132",2018,3,5.675238,35,6.05396809523809,5.10714285714286,5.75,6,5.6447915625,21,14,6,3,32,3831,2542,1289,459,503,3328,6.2497340981467,6.68052845397325,5.40017688130334,5.30252287581699,5.84582504970179,6.31078164963942,131
"133",2018,4,5.65604925925926,27,6.20555555555556,4.55703666666667,4.33333333333333,5,5.7085332,18,9,3,2,25,3858,2560,1298,462,505,3353,6.24557922757906,6.67718880078125,5.39433076271186,5.29622943722944,5.84247524752475,6.30629127945124,132
"134",2018,5,5.89214285714286,28,6.399,4.625,5.2,7,5.80692307692308,20,8,5,2,26,3886,2580,1306,467,507,3379,6.24303259392692,6.67503229844961,5.38961816998469,5.29519914346895,5.84704142011834,6.30244884877183,133
"135",2018,6,5.78947368421053,19,5.84375,5.5,5.5,6.5,5.70588235294118,16,3,3,2,17,3905,2596,1309,470,509,3396,6.24082577720871,6.66990883281972,5.38987114591291,5.29650638297873,5.84960707269155,6.29946250294464,134
"136",2018,7,5.57692307692308,26,6.63636363636364,4.8,5.5,4,5.70833333333333,11,15,6,2,24,3931,2607,1324,476,511,3420,6.23643466293564,6.66976729190641,5.38318831570997,5.29907142857143,5.84236790606654,6.29531422807018,135
"137",2018,8,6.38108108108108,37,6.78571428571429,5.12222222222222,5.18333333333333,6.02,6.4375,28,9,6,5,32,3968,2635,1333,482,516,3452,6.23778343245968,6.67099936622391,5.38142635408852,5.29763070539419,5.84408914728682,6.29663228852839,136
"138",2018,9,5.932,25,5.79411764705882,6.225,9,3.5,6.14347826086957,17,8,1,2,23,3993,2652,1341,483,518,3475,6.23586893563736,6.66537832956259,5.3864588590604,5.30529606625259,5.83503861003861,6.29561860719424,137
"139",2018,10,6.36875,32,6.632,5.42857142857143,4,5.5,6.42666666666667,25,7,3,2,30,4025,2677,1348,486,520,3505,6.23692538136646,6.66506661561449,5.38667754451039,5.29723868312757,5.83375,6.29674027389444,138
"140",2018,11,6.125,30,6.42391304347826,5.14285714285714,4.6,5.66666666666667,6.17592592592593,23,7,5,3,27,4055,2700,1355,491,523,3532,6.23609732675709,6.66301234444444,5.38541795571956,5.29013849287169,5.83279158699809,6.2958167214043,139
"141",2018,12,6.12692307692308,26,6.315,5.5,4.33333333333333,4.8,6.44285714285714,20,6,3,5,21,4081,2720,1361,494,528,3553,6.23540177897574,6.66045343014706,5.38592309331374,5.28432793522267,5.82301136363636,6.2966858035463,140
"142",2019,1,6.59673913043478,46,6.7484375,6.25,6.15,5.95833333333333,6.6925,32,14,10,6,40,4127,2752,1375,504,534,3593,6.23942928519506,6.66147650072674,5.39472096727273,5.30150396825397,5.82453183520599,6.30109230726412,141
"143",2019,2,6.3969696969697,33,6.61724137931034,4.8,4,4.78571428571429,6.83076923076923,29,4,1,7,26,4160,2781,1379,505,541,3619,6.24067900480769,6.66101522114347,5.39299588832487,5.29892673267327,5.81109057301294,6.30489766786405,142
"144",2019,3,5.80181818181818,22,6.02222222222222,4.81,5,5.625,5.84111111111111,18,4,2,4,18,4182,2799,1383,507,545,3637,6.23837031563845,6.65690722758128,5.39130971077368,5.29774753451677,5.8097247706422,6.30260232609293,143
"145",2019,4,6.32083333333333,24,6.77368421052632,4.6,1,4.5,6.685,19,5,1,4,20,4206,2818,1388,508,549,3657,6.23884086067523,6.65769458126331,5.38845917146974,5.2892874015748,5.80018214936248,6.30469364506426,144
"146",2019,5,6.164,25,6.32105263157895,5.66666666666667,5,6.5,6.15,19,6,3,1,24,4231,2837,1394,511,550,3681,6.23839864334673,6.65544001762425,5.38965662123386,5.28758904109589,5.80145454545455,6.30368504754143,145
"147",2019,6,6.01851851851852,27,6.13636363636364,5.5,NA,NA,6.01851851851852,22,5,0,0,27,4258,2859,1399,511,550,3708,6.23700438233913,6.65144572577824,5.39005098641887,5.28758904109589,5.80145454545455,6.30160859223301,146
"148",2019,7,6.3695652173913,23,6.67857142857143,5.88888888888889,5.66666666666667,5.5,6.45238095238095,14,9,3,2,21,4281,2873,1408,514,552,3729,6.23771657556646,6.65157790810999,5.39323958096591,5.28980155642023,5.80036231884058,6.3024576722982,147
"149",2019,8,6.1375,24,6.48823529411765,5.28571428571429,4.5,7.5,6.01363636363636,17,7,4,2,22,4305,2890,1415,518,554,3751,6.23715787688734,6.65061706920415,5.39270765371025,5.2837027027027,5.80649819494585,6.30076370567848,148
"150",2019,9,6.08191209302326,43,6.38461538461539,5.61895411764706,5.71428571428571,5.5,6.11029804878049,26,17,7,2,41,4348,2916,1432,525,556,3792,6.2356225574977,6.64824531207133,5.39539354050279,5.28944380952381,5.80539568345324,6.29870434599156,149
"151",2019,10,5.75925925925926,27,6.75,3.77777777777778,5.25,7.25,5.64,18,9,2,2,25,4375,2934,1441,527,558,3817,6.23268271542857,6.64886957396046,5.38529045801527,5.28929411764706,5.81057347670251,6.29439006549646,150
"152",2019,11,6.27777777777778,27,6.52380952380952,5.41666666666667,3,5,6.32692307692308,21,6,1,1,26,4402,2955,1447,528,559,3843,6.23295930940481,6.64798082233502,5.38542055977885,5.28495833333334,5.80912343470483,6.29461016913869,151
"153",2019,12,6.19230769230769,39,6.56,5.53571428571429,5.5,5.25,6.24324324324324,25,14,7,2,37,4441,2980,1461,535,561,3880,6.23260231479396,6.64724272818792,5.38686074606434,5.28777196261682,5.80713012477718,6.29412032989691,152
"154",2020,1,6.03023155555556,45,6.5600135483871,4.85714285714286,4.85714285714286,5.75,6.0575712195122,31,14,7,4,41,4486,3011,1475,542,565,3921,6.23057229157378,6.64634465293922,5.38183291525424,5.28221033210332,5.80672566371681,6.29164685029329,153
"155",2020,2,6.0875,32,6.42916666666667,5.0625,4.5,5.83333333333333,6.11379310344828,24,8,2,3,29,4518,3035,1483,544,568,3950,6.22955894200974,6.64462726523888,5.38011028320971,5.27933455882353,5.8068661971831,6.29034108860759,154
"156",2020,3,5.88928571428571,28,6.31363636363636,4.33333333333333,4.33333333333333,5.5,5.91923076923077,22,6,3,2,26,4546,3057,1489,547,570,3976,6.22746311042675,6.6422452567877,5.37589224311618,5.27414625228519,5.80578947368421,6.28791431086519,155
"157",2020,4,6.227,30,6.68739130434783,4.71428571428571,5.1,5,6.26931034482759,23,7,5,1,29,4576,3080,1496,552,571,4005,6.2274600743007,6.64258238636364,5.37279649064171,5.27256884057971,5.80437828371278,6.28777960049938,156
"158",2020,5,5.87958333333333,24,6.075,5.48875,6.97,6.1,5.85954545454545,16,8,3,2,22,4600,3096,1504,555,573,4027,6.22564506521739,6.63964914405685,5.37341326462766,5.28174414414415,5.80541012216405,6.285440104296,157
"159",2020,6,6.51052631578947,19,7.01538461538462,5.41666666666667,4.5,7,6.48333333333333,13,6,3,1,18,4619,3109,1510,558,574,4045,6.22681690842174,6.64122024766806,5.37358513245033,5.27754121863799,5.80749128919861,6.28632071693449,158
"160",2020,7,6.4375,16,6.77272727272727,5.7,5.5,NA,6.4375,11,5,2,0,16,4635,3120,1515,560,574,4061,6.22754418554477,6.64168389423077,5.37466240924092,5.27833571428572,5.80749128919861,6.28691635065255,159
"161",2020,8,6,13,6,6,NA,7,5.81818181818182,11,2,0,2,11,4648,3131,1517,560,576,4072,6.22690776678141,6.63942949536889,5.37548684904417,5.27833571428572,5.81163194444444,6.28565012278978,160
"162",2020,9,5.954,10,6.75,4.76,4,NA,5.954,6,4,1,0,10,4658,3137,1521,561,576,4082,6.22632187634178,6.63964097864202,5.37386821170283,5.27605704099822,5.81163194444444,6.28483765311122,161
"163",2020,10,5.67647058823529,17,5.75,5.33333333333333,6,4,5.78125,14,3,1,1,16,4675,3151,1524,562,577,4098,6.2243224171123,6.63568827356395,5.37378841863517,5.27734519572954,5.80849220103986,6.2828714738897,162
"164",2020,11,5.925,28,6.05263157894737,5.65555555555556,5.5,5.66666666666667,5.99545454545455,19,9,6,6,22,4703,3170,1533,568,583,4120,6.2225403572188,6.63219361198738,5.37544262883235,5.27969718309859,5.80703259005146,6.28133672330097,163
"165",2020,12,5.4037037037037,27,5.59473684210526,4.95,4.66666666666667,4,5.516,19,8,3,2,25,4730,3189,1541,571,585,4145,6.21786623678647,6.62601246472248,5.37323397144711,5.27647635726795,5.8008547008547,6.27672069963812,164
"166",2021,1,6.26551724137931,29,6.43181818181818,5.74285714285714,5.25,NA,6.26551724137931,22,7,4,0,29,4759,3211,1548,575,585,4174,6.2181566085312,6.62468195266272,5.37490539405685,5.27629217391304,5.8008547008547,6.27664286056541,165
"167",2021,2,5.91304347826087,23,6.3125,5,5,3,6.04545454545455,16,7,3,1,22,4782,3227,1555,578,586,4196,6.216689104977,6.62313410288193,5.3732177170418,5.27485813148789,5.79607508532423,6.27543071973308,166
"168",2021,3,6.13461538461539,26,6.39130434782609,4.16666666666667,4.16666666666667,7.5,6.08,23,3,3,1,25,4808,3250,1558,581,587,4221,6.21624527870216,6.62149346153846,5.37089444801027,5.26913597246128,5.79897785349233,6.27427322909263,167
"169",2021,4,6.18421052631579,19,6.63333333333333,4.5,4,6,6.19444444444444,15,4,1,1,18,4827,3265,1562,582,588,4239,6.21611918375803,6.62154785604901,5.36866424455826,5.26695532646048,5.79931972789116,6.27393425336164,168
"170",2021,5,6.21875,16,6.08333333333333,6.625,4.5,6.5,6.17857142857143,12,4,2,2,14,4843,3277,1566,584,590,4253,6.21612787528391,6.61957697589258,5.37187327586207,5.26432876712329,5.80169491525424,6.27362033858453,169
"171",2021,6,6.28571428571429,21,6.61538461538461,5.75,6.33333333333333,NA,6.28571428571429,13,8,3,0,21,4864,3290,1574,587,590,4274,6.21642831003289,6.61956041033435,5.37379513977128,5.26979216354344,5.80169491525424,6.27367976134768,170
"172",2021,7,5.79166666666667,24,5.88235294117647,5.57142857142857,4.6,8,5.59090909090909,17,7,5,2,22,4888,3307,1581,592,592,4296,6.21434273731588,6.61577071363774,5.3746701771031,5.26413513513514,5.80912162162162,6.27018326350093,171
"173",2021,8,5.425,20,5.54166666666667,5.25,5,5.5,5.41666666666667,12,8,4,2,18,4908,3319,1589,596,594,4314,6.21112618174409,6.61188724013257,5.37404251101322,5.26236241610738,5.80808080808081,6.26662199814557,172
"174",2021,9,6,27,6.1,5.71428571428571,5,6,6,20,7,3,4,23,4935,3339,1596,599,598,4337,6.20997108409321,6.60882112908056,5.37553480576441,5.26104841402337,5.80936454849498,6.26520804703712,173
"175",2021,10,5.66666666666667,9,5.75,5,5,NA,5.66666666666667,8,1,1,0,9,4944,3347,1597,600,598,4346,6.20898205906149,6.60676837466388,5.37529965560426,5.26061333333333,5.80936454849498,6.26396854578923,174
"176",2021,11,6.1875,24,6.55,4.375,5.25,6,6.19565217391304,20,4,2,1,23,4968,3367,1601,602,599,4369,6.20887828099839,6.60643117018117,5.37280046845721,5.2605780730897,5.80968280467446,6.26360890363928,175
"177",2021,12,6.08375,24,6.35809523809524,4.16333333333333,5.5,NA,6.08375,21,3,1,0,24,4992,3388,1604,603,599,4393,6.20827670272436,6.60489189787485,5.37053837281795,5.26097512437811,5.80968280467446,6.26262629182791,176
"178",2022,1,6.46,25,6.40476190476191,6.75,6,5,6.52083333333333,21,4,1,1,24,5017,3409,1608,604,600,4417,6.20953105441499,6.60365906424171,5.37396986940298,5.26219867549669,5.80833333333333,6.2640292732624,177
"179",2022,2,6.54761904761905,21,6.63888888888889,6,NA,8,6.475,18,3,0,1,20,5038,3427,1611,604,601,4437,6.21094031361651,6.60384410563175,5.37513566108007,5.26219867549669,5.81198003327787,6.26498023439261,178
"180",2022,3,6.79278333333333,18,7.07142857142857,5.817525,4.5,5,6.89824117647059,14,4,1,1,17,5056,3441,1615,605,602,4454,6.21301174841772,6.60574651264167,5.3762313622291,5.26093884297521,5.81063122923588,6.26739726088909,179
"181",2022,4,6.03333333333333,27,6.3047619047619,5.08333333333333,5.5,8.05,5.872,21,6,2,2,25,5083,3462,1621,607,604,4479,6.2120573283494,6.60392078278452,5.37514722393584,5.26172652388798,5.81804635761589,6.26519031033713,180
"182",2022,5,6.31034482758621,29,6.52083333333333,5.3,4.5,NA,6.31034482758621,24,5,2,0,29,5112,3486,1626,609,604,4508,6.21261490610329,6.60334875215146,5.37491614391144,5.2592249589491,5.81804635761589,6.26548078970719,181
"183",2022,6,4.84375,16,5.15,4.33333333333333,4.33333333333333,4.25,4.92857142857143,10,6,3,2,14,5128,3496,1632,612,606,4522,6.20834387675507,6.59919157608696,5.37108679534314,5.25468627450981,5.81287128712871,6.26134175143742,182
"184",2022,7,6.2525,20,6.20333333333333,6.4,5,NA,6.2525,15,5,1,0,20,5148,3511,1637,613,606,4542,6.20851542346542,6.59750035602393,5.37422947464875,5.25427079934747,5.81287128712871,6.26130281814179,183
"185",2022,8,5.5,26,6.02631578947368,4.07142857142857,3.16666666666667,4.16666666666667,5.67391304347826,19,7,3,3,23,5174,3530,1644,616,609,4565,6.20495504445304,6.59442599150142,5.36868226885645,5.2441038961039,5.80476190476191,6.25834335158817,184
"186",2022,9,6.22222222222222,18,6.53333333333333,4.66666666666667,5,6,6.23529411764706,15,3,1,1,17,5192,3545,1647,617,610,4582,6.20501490755008,6.59416748942172,5.36740355191257,5.24370826580227,5.80508196721312,6.25825783500655,185
"187",2022,10,5.92727272727273,22,5.85294117647059,6.18,5.4,6.5,5.87,17,5,1,2,20,5214,3562,1652,618,612,4602,6.20384299961642,6.59062991297024,5.3698629842615,5.24396116504855,5.80735294117647,6.25657049109083,186
"188",2022,11,6.6675,24,7.026,4.875,6,2,6.8704347826087,20,4,2,1,23,5238,3582,1656,620,613,4625,6.20596743031691,6.59306079006142,5.36866766304348,5.2464,5.80114192495922,6.25962322162162,187
"189",2022,12,6,29,6.44736842105263,5.15,4.9,NA,6,19,10,5,0,29,5267,3601,1666,625,613,4654,6.20483337763433,6.59229207164677,5.36735513205282,5.2436288,5.80114192495922,6.25800545767082,188
