"","year","month","avg_rating","no_ratings","avg_rating_owned","avg_rating_not_owned","avg_rating_prev_owned","avg_rating_comment","avg_rating_no_comment","no_ratings_owned","no_ratings_not_owned","no_ratings_prev_owned","no_ratings_comment","no_ratings_no_comment","cum_no_ratings","cum_no_ratings_owned","cum_no_ratings_not_owned","cum_no_ratings_prev_owned","cum_no_ratings_comment","cum_no_ratings_no_comment","cum_avg_rating","cum_avg_rating_owned","cum_avg_rating_not_owned","cum_avg_rating_prev_owned","cum_avg_rating_comment","cum_avg_rating_no_comment","month_after_release"
"1",2001,11,9,2,9,NA,NA,9,9,2,0,0,1,1,2,2,0,0,1,1,9,9,NA,NA,9,9,0
"2",2002,1,7,2,8,6,NA,NA,7,1,1,0,0,2,4,3,1,0,1,3,8,8.66666666666667,6,NA,9,7.66666666666667,2
"3",2002,4,6.5,2,6.5,NA,NA,8,5,2,0,0,1,1,6,5,1,0,2,4,7.5,7.8,6,NA,8.5,7,5
"4",2002,5,7.5,5,8.25,7,NA,7.75,7.33333333333333,2,3,0,2,3,11,7,4,0,4,7,7.5,7.92857142857143,6.75,NA,8.125,7.14285714285714,6
"5",2002,6,8,1,8,NA,NA,NA,8,1,0,0,0,1,12,8,4,0,4,8,7.54166666666667,7.9375,6.75,NA,8.125,7.25,7
"6",2002,8,8.5,2,9,8,NA,9,8,1,1,0,1,1,14,9,5,0,5,9,7.67857142857143,8.05555555555556,7,NA,8.3,7.33333333333333,9
"7",2002,9,7.5,3,9,6.75,NA,7.5,7.5,1,2,0,1,2,17,10,7,0,6,11,7.64705882352941,8.15,6.92857142857143,NA,8.16666666666667,7.36363636363636,10
"8",2002,10,9,1,NA,9,NA,NA,9,0,1,0,0,1,18,10,8,0,6,12,7.72222222222222,8.15,7.1875,NA,8.16666666666667,7.5,11
"9",2002,11,9.5,2,NA,9.5,NA,NA,9.5,0,2,0,0,2,20,10,10,0,6,14,7.9,8.15,7.65,NA,8.16666666666667,7.78571428571429,12
"10",2003,1,6.5,2,8,5,NA,NA,6.5,1,1,0,0,2,22,11,11,0,6,16,7.77272727272727,8.13636363636364,7.40909090909091,NA,8.16666666666667,7.625,14
"11",2003,3,7,4,8,6,8,6.66666666666667,8,2,2,1,3,1,26,13,13,1,9,17,7.65384615384615,8.11538461538461,7.19230769230769,8,7.66666666666667,7.64705882352941,16
"12",2003,4,8,3,8,NA,NA,8,8,3,0,0,1,2,29,16,13,1,10,19,7.68965517241379,8.09375,7.19230769230769,8,7.7,7.68421052631579,17
"13",2003,5,6.75,6,7.16666666666667,6.33333333333333,NA,6.75,6.75,3,3,0,4,2,35,19,16,1,14,21,7.52857142857143,7.94736842105263,7.03125,8,7.42857142857143,7.59523809523809,18
"14",2003,6,8,2,9,7,NA,NA,8,1,1,0,0,2,37,20,17,1,14,23,7.55405405405405,8,7.02941176470588,8,7.42857142857143,7.6304347826087,19
"15",2003,7,7.3,10,7.75,7,NA,6.5,7.5,4,6,0,2,8,47,24,23,1,16,31,7.5,7.95833333333333,7.02173913043478,8,7.3125,7.59677419354839,20
"16",2003,8,6.6,10,6.66666666666667,6.57142857142857,7,7.25,6.4375,3,7,1,2,8,57,27,30,2,18,39,7.34210526315789,7.81481481481481,6.91666666666667,7.5,7.30555555555556,7.35897435897436,21
"17",2003,9,6,4,7.25,4.75,NA,5.5,6.16666666666667,2,2,0,1,3,61,29,32,2,19,42,7.25409836065574,7.77586206896552,6.78125,7.5,7.21052631578947,7.27380952380952,22
"18",2003,10,7.4,5,7.5,7,NA,7,8,4,1,0,3,2,66,33,33,2,22,44,7.26515151515152,7.74242424242424,6.78787878787879,7.5,7.18181818181818,7.30681818181818,23
"19",2003,11,5,1,5,NA,NA,5,NA,1,0,0,1,0,67,34,33,2,23,44,7.23134328358209,7.66176470588235,6.78787878787879,7.5,7.08695652173913,7.30681818181818,24
"20",2003,12,7.4,5,8,7,NA,7.66666666666667,7,2,3,0,3,2,72,36,36,2,26,46,7.24305555555556,7.68055555555556,6.80555555555556,7.5,7.15384615384615,7.29347826086957,25
"21",2004,1,6,2,NA,6,NA,6,6,0,2,0,1,1,74,36,38,2,27,47,7.20945945945946,7.68055555555556,6.76315789473684,7.5,7.11111111111111,7.26595744680851,26
"22",2004,2,6.75,4,8,5.5,NA,6.33333333333333,8,2,2,0,3,1,78,38,40,2,30,48,7.18589743589744,7.69736842105263,6.7,7.5,7.03333333333333,7.28125,27
"23",2004,3,7.8,7,7.76666666666667,8,NA,7,8.12,6,1,0,2,5,85,44,41,2,32,53,7.23647058823529,7.70681818181818,6.73170731707317,7.5,7.03125,7.36037735849057,28
"24",2004,4,7.3125,8,7.125,7.5,NA,8,7.08333333333333,4,4,0,2,6,93,48,45,2,34,59,7.24301075268817,7.65833333333333,6.8,7.5,7.08823529411765,7.33220338983051,29
"25",2004,5,8.14285714285714,7,8.4,7.5,NA,8,8.25,5,2,0,3,4,100,53,47,2,37,63,7.306,7.72830188679245,6.82978723404255,7.5,7.16216216216216,7.39047619047619,30
"26",2004,6,5.375,4,7.25,3.5,NA,3.5,7.25,2,2,0,2,2,104,55,49,2,39,65,7.23173076923077,7.71090909090909,6.69387755102041,7.5,6.97435897435897,7.38615384615385,31
"27",2004,7,8,1,8,NA,NA,NA,8,1,0,0,0,1,105,56,49,2,39,66,7.23904761904762,7.71607142857143,6.69387755102041,7.5,6.97435897435897,7.39545454545455,32
"28",2004,8,7.25,2,7.5,7,7,7.5,7,1,1,1,1,1,107,57,50,3,40,67,7.2392523364486,7.71228070175439,6.7,7.33333333333333,6.9875,7.38955223880597,33
"29",2004,9,7.66666666666667,3,7.75,7.5,NA,7.5,7.75,2,1,0,1,2,110,59,51,3,41,69,7.25090909090909,7.7135593220339,6.7156862745098,7.33333333333333,7,7.4,34
"30",2004,10,6.5625,8,7.1,5.66666666666667,NA,6.66666666666667,6.5,5,3,0,3,5,118,64,54,3,44,74,7.20423728813559,7.665625,6.65740740740741,7.33333333333333,6.97727272727273,7.33918918918919,35
"31",2004,11,7.33333333333333,9,8,6.5,NA,6,7.71428571428571,5,4,0,2,7,127,69,58,3,46,81,7.21338582677165,7.68985507246377,6.64655172413793,7.33333333333333,6.93478260869565,7.3716049382716,36
"32",2004,12,6.21428571428571,7,7,5.9,NA,6.125,6.33333333333333,2,5,0,4,3,134,71,63,3,50,84,7.16119402985075,7.67042253521127,6.58730158730159,7.33333333333333,6.87,7.33452380952381,37
"33",2005,1,6.875,8,7.75,6,NA,7,6.83333333333333,4,4,0,2,6,142,75,67,3,52,90,7.14507042253521,7.67466666666667,6.55223880597015,7.33333333333333,6.875,7.30111111111111,38
"34",2005,2,8.17857142857143,7,8.08333333333333,8.75,NA,8.55,7.25,6,1,0,5,2,149,81,68,3,57,92,7.19362416107383,7.70493827160494,6.58455882352941,7.33333333333333,7.0219298245614,7.3,39
"35",2005,3,7.3,9,7.75,6.4,NA,7.1,7.7,6,3,0,6,3,158,87,71,3,63,95,7.1996835443038,7.70804597701149,6.57676056338028,7.33333333333333,7.02936507936508,7.31263157894737,40
"36",2005,4,7.41666666666667,6,7.875,6.5,7,8,7.3,4,2,1,1,5,164,91,73,4,64,100,7.20762195121951,7.71538461538462,6.57465753424658,7.25,7.04453125,7.312,41
"37",2005,5,7.7,5,8.33333333333333,6.75,NA,8.33333333333333,6.75,3,2,0,3,2,169,94,75,4,67,102,7.22218934911243,7.73510638297872,6.57933333333333,7.25,7.10223880597015,7.30098039215686,42
"38",2005,6,8,4,7.66666666666667,9,NA,7.66666666666667,9,3,1,0,3,1,173,97,76,4,70,103,7.24017341040462,7.73298969072165,6.61118421052632,7.25,7.12642857142857,7.31747572815534,43
"39",2005,7,7.44444444444444,9,7.92857142857143,5.75,6,7.5,7.42857142857143,7,2,1,2,7,182,104,78,5,72,110,7.25027472527472,7.74615384615385,6.58910256410256,7,7.13680555555556,7.32454545454546,44
"40",2005,8,7.85714285714286,7,8.33333333333333,7.5,NA,7.85714285714286,NA,3,4,0,7,0,189,107,82,5,79,110,7.27275132275132,7.76261682242991,6.63353658536585,7,7.20063291139241,7.32454545454546,45
"41",2005,9,7.625,4,7.75,7.5,NA,7.5,7.75,2,2,0,2,2,193,109,84,5,81,112,7.2800518134715,7.76238532110092,6.65416666666667,7,7.20802469135803,7.33214285714286,46
"42",2005,10,7.07692307692308,13,7.91666666666667,6.35714285714286,7,6.75,7.35714285714286,6,7,1,6,7,206,115,91,6,87,119,7.26723300970874,7.7704347826087,6.63131868131868,7,7.1764367816092,7.33361344537815,47
"43",2005,11,7.85714285714286,7,7.8,8,8,7,8,5,2,2,1,6,213,120,93,8,88,125,7.28661971830986,7.77166666666667,6.66075268817204,7.25,7.17443181818182,7.3656,48
"44",2005,12,7.8125,8,7.75,8,NA,8.33333333333333,7.5,6,2,0,3,5,221,126,95,8,91,130,7.30565610859728,7.77063492063492,6.68894736842105,7.25,7.21263736263736,7.37076923076923,49
"45",2006,1,7.625,8,7.4,8,NA,7.33333333333333,7.8,5,3,0,3,5,229,131,98,8,94,135,7.31681222707424,7.75648854961832,6.72908163265306,7.25,7.21648936170213,7.38666666666667,50
"46",2006,2,6.88888888888889,9,7,6.83333333333333,NA,6.6,7.25,3,6,0,5,4,238,134,104,8,99,139,7.30063025210084,7.73955223880597,6.73509615384615,7.25,7.18535353535354,7.38273381294964,51
"47",2006,3,7.4,10,8.4,6.4,7,7,7.8,5,5,1,5,5,248,139,109,9,104,144,7.30463709677419,7.76330935251799,6.7197247706422,7.22222222222222,7.17644230769231,7.39722222222222,52
"48",2006,4,7.875,4,7.5,8.25,NA,7.83333333333333,8,2,2,0,3,1,252,141,111,9,107,145,7.31369047619048,7.75957446808511,6.7472972972973,7.22222222222222,7.19485981308411,7.40137931034483,53
"49",2006,5,8.0625,8,8.07142857142857,8,8,8.08333333333333,8,7,1,1,6,2,260,148,112,10,113,147,7.33673076923077,7.77432432432432,6.75848214285714,7.3,7.24203539823009,7.40952380952381,54
"50",2006,6,7.12058823529412,17,7.98125,6.35555555555556,NA,7.485,6.6,8,9,0,10,7,277,156,121,10,123,154,7.32346570397112,7.7849358974359,6.72851239669421,7.3,7.26178861788618,7.37272727272727,55
"51",2006,7,7.64166666666667,12,8.02222222222222,6.5,6.5,7.125,7.9,9,3,1,4,8,289,165,124,11,127,162,7.33667820069204,7.79787878787879,6.72298387096774,7.22727272727273,7.25748031496063,7.39876543209877,56
"52",2006,8,7.475,10,7.45,7.5,8.5,7.5,7.41666666666667,5,5,2,7,3,299,170,129,13,134,165,7.34130434782609,7.78764705882353,6.7531007751938,7.42307692307692,7.27014925373134,7.39909090909091,57
"53",2006,9,7.61111111111111,9,8.08333333333333,6.66666666666667,NA,7.33333333333333,7.75,6,3,0,3,6,308,176,132,13,137,171,7.34918831168831,7.79772727272727,6.75113636363636,7.42307692307692,7.27153284671533,7.41140350877193,58
"54",2006,10,7.28571428571429,7,8,6.75,9,4,7.83333333333333,3,4,1,1,6,315,179,136,14,138,177,7.34777777777778,7.80111731843575,6.75110294117647,7.53571428571429,7.24782608695652,7.42570621468927,59
"55",2006,11,7.25555555555556,9,8,6.66,7,6.75,7.4,4,5,1,2,7,324,183,141,15,140,184,7.34521604938272,7.80546448087432,6.74787234042553,7.5,7.24071428571429,7.42472826086957,60
"56",2006,12,8.12,10,8.6,7.64,8,8,8.2,5,5,1,4,6,334,188,146,16,144,190,7.36841317365269,7.82659574468085,6.77842465753425,7.53125,7.26180555555556,7.44921052631579,61
"57",2007,1,7.36666666666667,15,8.42857142857143,6.4375,8,7.71428571428571,7.0625,7,8,1,7,8,349,195,154,17,151,198,7.36833810888252,7.84820512820513,6.76071428571429,7.55882352941176,7.28278145695364,7.43358585858586,62
"58",2007,2,7.27275722222222,18,7.83333333333333,6.71218111111111,8,7.45,7.05120375,9,9,2,10,8,367,204,163,19,161,206,7.36365021798365,7.84754901960784,6.7580345398773,7.60526315789474,7.29316770186335,7.41873606796117,63
"59",2007,3,7.53571428571429,14,7.75,7.25,7.5,7.66666666666667,7.4375,8,6,2,6,8,381,212,169,21,167,214,7.36997278215223,7.8438679245283,6.77550076923077,7.59523809523809,7.30658682634731,7.41943752336449,64
"60",2007,4,7.7,8,7.5,7.9,NA,7.6,8,4,4,0,6,2,389,216,173,21,173,216,7.37675997429306,7.8375,6.80150075144509,7.59523809523809,7.31676300578035,7.42481310185185,65
"61",2007,5,6.8,13,6.75,6.80909090909091,8,6.72222222222222,6.975,2,11,1,9,4,402,218,184,22,182,220,7.35810853233831,7.82752293577982,6.80195451086957,7.61363636363636,7.28736263736264,7.41663468181818,66
"62",2007,6,7.77272727272727,11,7.6875,8,NA,7.9,7.66666666666667,8,3,0,5,6,413,226,187,22,187,226,7.3691516464891,7.82256637168142,6.82117449197861,7.61363636363636,7.30374331550802,7.42327269911505,67
"63",2007,7,7.13529411764706,17,7.27142857142857,7.04,NA,6.94444444444444,7.35,7,10,0,9,8,430,233,197,22,196,234,7.35990611627907,7.80600858369099,6.8322823857868,7.61363636363636,7.28724489795918,7.42076764957265,68
"64",2007,8,7.33333333333333,15,7.5625,7.07142857142857,9,7.85714285714286,6.875,8,7,1,7,8,445,241,204,23,203,242,7.35901040449438,7.79792531120332,6.84048838235294,7.67391304347826,7.30689655172414,7.40272574380165,69
"65",2007,9,7.78,10,7.9,7.6,NA,8.625,7.21666666666667,6,4,0,4,6,455,247,208,23,207,248,7.36826292307692,7.8004048582996,6.855094375,7.67391304347826,7.33236714975845,7.39822431451613,70
"66",2007,10,6.75769230769231,13,7.71666666666667,5.93571428571429,7.5,7.7125,6.33333333333333,6,7,1,4,9,468,253,215,24,211,257,7.35130262820513,7.79841897233202,6.82516106976744,7.66666666666667,7.33957345971564,7.36093241245136,71
"67",2007,11,7.26923076923077,13,7.3,7.25,7,7.5,7.16666666666667,5,8,1,4,9,481,258,223,25,215,266,7.34908446985447,7.78875968992248,6.84040192825112,7.64,7.34255813953488,7.3543595112782,72
"68",2007,12,6.21363636363636,11,7.625,5.40714285714286,NA,6.85,5.68333333333333,4,7,0,5,6,492,262,230,25,220,272,7.32369843495935,7.78625954198473,6.796781,7.64,7.33136363636364,7.31749863970588,73
"69",2008,1,7.54166666666667,12,8.3,7,NA,7.16666666666667,7.91666666666667,5,7,0,6,6,504,267,237,25,226,278,7.3288881547619,7.79588014981273,6.80278324894515,7.64,7.32699115044248,7.33043032374101,74
"70",2008,2,7.37,10,7.95714285714286,6,7,7.81428571428571,6.33333333333333,7,3,1,7,3,514,274,240,26,233,281,7.32968799610895,7.8,6.79274845833333,7.61538461538461,7.34163090128755,7.31978516014235,75
"71",2008,3,7.2,13,7.16,7.225,7.5,7.6375,6.5,5,8,2,8,5,527,279,248,28,241,286,7.32648886148008,7.78853046594982,6.80669205645161,7.60714285714286,7.35145228215768,7.30545325174825,76
"72",2008,4,8.5,2,9,8,NA,8,9,1,1,0,1,1,529,280,249,28,242,287,7.33092557655955,7.79285714285714,6.81148445783133,7.60714285714286,7.35413223140496,7.31135759581881,77
"73",2008,5,7.36666666666667,9,7.71666666666667,6.66666666666667,NA,7.43333333333333,7.33333333333333,6,3,0,3,6,538,286,252,28,245,293,7.33152347583643,7.79125874125874,6.80976043650794,7.60714285714286,7.35510204081633,7.3118076109215,78
"74",2008,6,6,1,NA,6,NA,NA,6,0,1,0,0,1,539,286,253,28,245,294,7.32905311688312,7.79125874125874,6.80655980237154,7.60714285714286,7.35510204081633,7.30734568027211,79
"75",2008,7,7.3,16,7.9125,6.6875,6.875,7.33333333333333,7.28,8,8,4,6,10,555,294,261,32,251,304,7.32821554954955,7.79455782312925,6.80291045977012,7.515625,7.35458167330677,7.30644615131579,80
"76",2008,8,6.9375,8,7.33333333333333,6.7,6.5,6.875,7,3,5,4,4,4,563,297,266,36,255,308,7.32266364120782,7.78989898989899,6.80097605263158,7.40277777777778,7.34705882352941,7.30246633116883,81
"77",2008,9,6.75,10,NA,6.75,8,6.75,6.75,0,10,1,4,6,573,297,276,37,259,314,7.31266951134381,7.78989898989899,6.7991290942029,7.41891891891892,7.33783783783784,7.29190964968153,82
"78",2008,10,7,16,7.66666666666667,6.14285714285714,6.33333333333333,7.4375,6.5625,9,7,3,8,8,589,306,283,40,267,322,7.30417594227504,7.78627450980392,6.78289621908127,7.3375,7.34082397003745,7.27378767080745,83
"79",2008,11,7.15,15,7.875,6.66666666666667,6.375,6.95833333333333,7.27777777777778,6,9,4,6,9,604,312,292,44,273,331,7.30034706953642,7.78798076923077,6.77931380136986,7.25,7.33241758241758,7.27389616314199,84
"80",2008,12,6.13846153846154,13,6.26666666666667,6.1,6,6.27777777777778,5.825,3,10,3,9,4,617,315,302,47,282,335,7.27586649918963,7.77349206349207,6.75681996688742,7.17021276595745,7.29875886524823,7.25659591044776,85
"81",2009,1,7.0625,16,7.9375,6.1875,6.5,7.25,6.82142857142857,8,8,5,9,7,633,323,310,52,291,342,7.27047334913112,7.77755417956657,6.74212783870968,7.10576923076923,7.29725085910653,7.24768897660819,86
"82",2009,2,7.028,25,7.58333333333333,6.85263157894737,6.85,7.45714285714286,6.86111111111111,6,19,2,7,18,658,329,329,54,298,360,7.26126083586626,7.77401215805471,6.74850951367781,7.0962962962963,7.3010067114094,7.22836008333333,87
"83",2009,3,6.86111111111111,18,8.66666666666667,6.5,7.25,7.66666666666667,6.7,3,15,4,3,15,676,332,344,58,301,375,7.25060596153846,7.78207831325301,6.73767334302326,7.10689655172414,7.3046511627907,7.20722568,88
"84",2009,4,6.984375,16,8,6.75,NA,6.95833333333333,7,3,13,0,6,10,692,335,357,58,307,385,7.24445033236994,7.78402985074627,6.73812221288516,7.10689655172414,7.29788273615635,7.2018431948052,89
"85",2009,5,7.40833333333333,18,8.16666666666667,7.02916666666667,6.5,7.15625,7.61,6,12,2,8,10,710,341,369,60,315,395,7.24860511267606,7.79076246334311,6.74758707317073,7.08666666666667,7.29428571428571,7.21217627848101,90
"86",2009,6,7.30454545454545,22,8.10909090909091,6.5,6,6.88888888888889,7.59230769230769,11,11,3,9,13,732,352,380,63,324,408,7.25028637978142,7.80071022727273,6.74042007894737,7.03492063492063,7.28302469135802,7.22428830882353,91
"87",2009,7,6.86,15,7.6,6.59090909090909,6.16666666666667,6.6,6.99,4,11,6,5,10,747,356,391,69,329,418,7.2424493038822,7.79845505617978,6.73621388746803,6.95942028985507,7.2726443768997,7.21868332535885,92
"88",2009,8,6.78214285714286,14,7.25,6.595,6.33333333333333,5.825,7.5,4,10,3,6,8,761,360,401,72,335,426,7.23398111695138,7.79236111111111,6.73269234413965,6.93333333333333,7.24671641791045,7.22396626760563,93
"89",2009,9,7.04375,16,7.58333333333333,6.72,6.9,7.5,6.83636363636364,6,10,3,5,11,777,366,411,75,340,437,7.23006387387387,7.78893442622951,6.73238352798054,6.932,7.25044117647059,7.21420967963387,94
"90",2009,10,7.13529411764706,17,8.63333333333333,6.31818181818182,6.5,7.78571428571429,6.68,6,11,2,7,10,794,372,422,77,347,447,7.22803479848866,7.80255376344086,6.72158680094787,6.92077922077922,7.26123919308357,7.20225868008949,95
"91",2009,11,6.66666666666667,18,6.3,6.80769230769231,7.33333333333333,6.3,6.80769230769231,5,13,3,5,13,812,377,435,80,352,460,7.2155906773399,7.78262599469496,6.72416006896552,6.93625,7.24758522727273,7.19110789130435,96
"92",2009,12,6.69230769230769,13,8.75,5.77777777777778,6.58333333333333,7.2,6.375,4,9,6,5,8,825,381,444,86,357,468,7.20734500606061,7.79278215223097,6.70497664414414,6.91162790697675,7.246918767507,7.17715732905983,97
"93",2010,1,7.32142857142857,14,8.14285714285714,6.5,6,6.66666666666667,7.5,7,7,2,3,11,839,388,451,88,360,479,7.20924866507747,7.79909793814433,6.70179518847007,6.89090909090909,7.24208333333333,7.1845712526096,98
"94",2010,2,6.853125,16,7.6875,6.01875,7,9,6.35769230769231,8,8,1,3,13,855,396,459,89,363,492,7.2025843625731,7.79684343434344,6.68989026143791,6.89213483146067,7.25661157024793,7.16272282520325,99
"95",2010,3,6.8,5,7.5,6.33333333333333,NA,6.5,7,2,3,0,2,3,860,398,462,89,365,495,7.20024375581395,7.79535175879397,6.68757495670996,6.89213483146067,7.25246575342466,7.16173662626263,100
"96",2010,4,7,5,9.5,5.33333333333333,NA,5,7.5,2,3,0,1,4,865,400,465,89,366,499,7.19908627745665,7.803875,6.6788379139785,6.89213483146067,7.24631147540984,7.16444815631263,101
"97",2010,5,6.45,10,6.55,6.38333333333333,7.4,6.32857142857143,6.73333333333333,4,6,2,7,3,875,404,471,91,373,502,7.19052529142857,7.79146039603961,6.67507352441614,6.9032967032967,7.22908847184987,7.16187177290837,102
"98",2010,6,6.8,5,8,6,NA,7.66666666666667,5.5,2,3,0,3,2,880,406,474,91,376,504,7.18830639772727,7.79248768472906,6.670800907173,6.9032967032967,7.23257978723404,7.15527704365079,103
"99",2010,7,6.75,4,NA,6.75,6,7,6.5,0,4,1,2,2,884,406,478,92,378,506,7.18632311085973,7.79248768472906,6.67146366108787,6.89347826086957,7.23134920634921,7.15268701581028,104
"100",2010,8,6.67142857142857,7,7,6.61666666666667,NA,NA,6.67142857142857,1,6,0,0,7,891,407,484,92,378,513,7.18227792368126,7.79054054054054,6.67078435950413,6.89347826086957,7.23134920634921,7.14612013645224,105
"101",2010,9,7.5,4,8,7,NA,7,7.66666666666667,2,2,0,1,3,895,409,486,92,379,516,7.18369791061452,7.79156479217604,6.6721391563786,6.89347826086957,7.23073878627968,7.14914656976744,106
"102",2010,10,6.82142857142857,14,8.5,6.15,6.25,7.5,6.76923076923077,4,10,2,1,13,909,413,496,94,380,529,7.17811840484048,7.79842615012107,6.66161215725807,6.87978723404255,7.23144736842105,7.13981026465028,107
"103",2010,11,7.56,25,8.13636363636364,7.10714285714286,7.33333333333333,7.92857142857143,7.41666666666667,11,14,3,7,18,934,424,510,97,387,547,7.18834007494647,7.80719339622642,6.67384241176471,6.89381443298969,7.24405684754522,7.14892071297989,108
"104",2010,12,7.022,15,7.266,6.9,7.5,6.805,7.16666666666667,5,10,3,6,9,949,429,520,100,393,556,7.18571088514225,7.80088578088578,6.67819159615385,6.912,7.23735368956743,7.1492079676259,109
"105",2011,1,6.80263157894737,19,7.60416666666667,5.42857142857143,7.75,7.59166666666667,6.43846153846154,12,7,2,6,13,968,441,527,102,399,569,7.17819176652892,7.79553287981859,6.66159322580645,6.92843137254902,7.24268170426065,7.13296947275923,110
"106",2011,2,6.876,25,7.2,6.69375,8,6.70909090909091,7.00714285714286,9,16,3,11,14,993,450,543,105,410,583,7.17058371601208,7.78362222222222,6.66254075506446,6.95904761904762,7.22836585365854,7.12994790737564,111
"107",2011,3,7.21578947368421,19,7.93,6.42222222222222,7.5,6.56,7.45,10,9,2,5,14,1012,460,552,107,415,597,7.17143244071146,7.78680434782609,6.65862251811594,6.96915887850467,7.22031325301205,7.13745331658292,112
"108",2011,4,7.40416666666667,24,7.85,6.95833333333333,7,6,7.87222222222222,12,12,3,6,18,1036,472,564,110,421,615,7.17682396718147,7.78841101694915,6.66499934397163,6.97,7.2029216152019,7.15895874796748,113
"109",2011,5,7,19,7.8,6.41818181818182,7.5,6.86,7.05,8,11,1,5,14,1055,480,575,111,426,629,7.17363945971564,7.78860416666667,6.6602776173913,6.97477477477478,7.19889671361502,7.15653359300477,114
"110",2011,6,7.63333333333333,21,8.15,6.94444444444444,7.33333333333333,7.58571428571429,7.65714285714286,12,9,3,7,14,1076,492,584,114,433,643,7.1826111802974,7.79741869918699,6.66465690068493,6.98421052631579,7.20515011547344,7.1674333281493,115
"111",2011,7,7.42857142857143,21,8.05555555555556,6.95833333333333,NA,7.5,7.39285714285714,9,12,0,7,14,1097,501,596,114,440,657,7.18731962625342,7.80205588822355,6.67056984899329,6.98421052631579,7.20984090909091,7.17223687975647,116
"112",2011,8,7.19565217391304,23,8.35,6.30769230769231,6.5,6.4375,7.6,10,13,2,8,15,1120,511,609,116,448,672,7.18749074107143,7.81277886497065,6.66282369458128,6.97586206896552,7.19604910714286,7.18178516369048,117
"113",2011,9,6.9952380952381,21,7.75,6.69333333333333,7.16666666666667,5.78,7.375,6,15,6,5,16,1141,517,624,122,453,688,7.18395234881683,7.8120502901354,6.66355709935898,6.98524590163934,7.18041942604857,7.18627853197674,118
"114",2011,10,7.615,20,8.34,6.89,6,7.9,7.52,10,10,2,5,15,1161,527,634,124,458,703,7.19137780361757,7.82206831119545,6.66712875394322,6.96935483870968,7.18827510917031,7.19339918918919,119
"115",2011,11,6.948,25,7.82222222222222,6.45625,7.1,6.75,7.01052631578947,9,16,3,6,19,1186,536,650,127,464,722,7.18624758010118,7.82207089552239,6.66193789230769,6.97244094488189,7.18260775862069,7.18858674515235,120
"116",2011,12,7.09090909090909,11,7.875,6.64285714285714,6.25,5.83333333333333,7.5625,4,7,2,3,8,1197,540,657,129,467,730,7.18537145363408,7.82246296296296,6.66173459665145,6.96124031007752,7.17394004282655,7.19268442465753,121
"117",2012,1,7.51470588235294,17,7.83333333333333,6.75,6.5,7.33333333333333,7.55357142857143,12,5,2,3,14,1214,552,662,131,470,744,7.18998322075783,7.82269927536232,6.66240125377644,6.95419847328244,7.17495744680851,7.19947530913979,122
"118",2012,2,6.89166666666667,30,7.61363636363636,6.47368421052632,7.2,6.91666666666667,6.875,11,19,5,12,18,1244,563,681,136,482,762,7.18278909163987,7.81861456483126,6.657136020558,6.96323529411765,7.16852697095436,7.19181053805774,123
"119",2012,3,7.57222222222222,18,8.2875,7,7.75,10,7.42941176470588,8,10,2,1,17,1262,571,691,138,483,779,7.18834360538827,7.82518388791594,6.66209787264834,6.97463768115942,7.17438923395445,7.19699567394095,124
"120",2012,4,7.05,15,7.75,6.4375,6.75,7.375,6.93181818181818,7,8,2,4,11,1277,578,699,140,487,790,7.1867185826155,7.82427335640138,6.6595273676681,6.97142857142857,7.17603696098563,7.19330332911392,125
"121",2012,5,6.45,10,7.5,5.75,NA,8,6.27777777777778,4,6,0,1,9,1287,582,705,140,488,799,7.18099427350427,7.82204467353952,6.65178670921986,6.97142857142857,7.17772540983607,7.18299077596996,126
"122",2012,6,7.39473684210526,19,7.58333333333333,7.225,7.2,6.45,7.73214285714286,9,10,5,5,14,1306,591,715,145,493,813,7.18410385145482,7.81840947546531,6.65980367832168,6.97931034482759,7.17034482758621,7.19244726937269,127
"123",2012,7,6.96785714285714,14,7.86,6.47222222222222,NA,6.8,7.09375,5,9,0,6,8,1320,596,724,145,499,821,7.18181032575757,7.81875838926175,6.65747186464088,6.97931034482759,7.16589178356714,7.19148554202193,128
"124",2012,8,7.47045454545455,22,8.05,6.775,8.5,7.7,7.43421052631579,12,10,1,3,19,1342,608,734,146,502,840,7.18654219821162,7.82332236842105,6.6590730653951,6.98972602739726,7.16908366533865,7.19697575,129
"125",2012,9,7.41052631578947,19,8.03,6.72222222222222,5.5,7.1875,7.57272727272727,10,9,2,8,11,1361,618,743,148,510,851,7.18966908890522,7.82666666666667,6.65983799461642,6.96959459459459,7.16937254901961,7.2018327027027,130
"126",2012,10,7.71428571428571,14,7.75,7.625,8.25,7.64285714285714,7.78571428571429,10,4,2,7,7,1375,628,747,150,517,858,7.19501064,7.82544585987261,6.66500619812584,6.98666666666667,7.1757833655706,7.20659630536131,131
"127",2012,11,6.98235294117647,17,7.33333333333333,6.5875,6.5,6.8,7.08181818181818,9,8,2,6,11,1392,637,755,152,523,869,7.19241352729885,7.81849293563579,6.66418494039735,6.98026315789474,7.17147227533461,7.20501683544304,132
"128",2012,12,7.425,16,7.97777777777778,6.71428571428571,NA,7.66666666666667,7.36923076923077,9,7,0,3,13,1408,646,762,152,526,882,7.19505655539773,7.82071207430341,6.66464518372703,6.98026315789474,7.17429657794677,7.20743722222222,133
"129",2013,1,6.2875,16,8.375,5.59166666666667,5.75,7,6.12307692307692,4,12,4,3,13,1424,650,774,156,529,895,7.18485929073034,7.82412307692308,6.64800985788114,6.94871794871795,7.17330812854442,7.19168673743017,134
"130",2013,2,7.11111111111111,18,7.57142857142857,6.81818181818182,8,7.33333333333333,7.06666666666667,7,11,4,3,15,1442,657,785,160,532,910,7.18393871705964,7.82143074581431,6.65039443312102,6.975,7.17421052631579,7.18962596703297,135
"131",2013,3,7.39285714285714,14,8,7.05555555555556,7.5,7,7.42307692307692,5,9,3,1,13,1456,662,794,163,533,923,7.18594754807692,7.82277945619336,6.6549869395466,6.98466257668712,7.17388367729831,7.19291400866739,136
"132",2013,4,6.87,15,7.5,6.555,7.5,7.75,6.73461538461538,5,10,2,2,13,1471,667,804,165,535,936,7.18272578518015,7.82035982008996,6.65374332089552,6.99090909090909,7.17603738317757,7.18654875,137
"133",2013,5,7.45,9,8.12,6.6125,6.8,8.75,7.07857142857143,5,4,1,2,7,1480,672,808,166,537,943,7.18435110135135,7.82258928571429,6.6535391460396,6.98975903614458,7.18189944134078,7.18574722163309,138
"134",2013,6,7.22058823529412,17,7.38888888888889,7.03125,7.125,7.125,7.25,9,8,4,4,13,1497,681,816,170,541,956,7.18476261189045,7.81685756240823,6.65724219362745,6.99294117647059,7.18147874306839,7.18662095188285,139
"135",2013,7,7.18,20,8.07142857142857,6.7,7.42,7.18333333333333,7.17857142857143,7,13,5,6,14,1517,688,829,175,547,970,7.18469982201714,7.81944767441861,6.65791270205066,7.00514285714286,7.18149908592322,7.18650477319588,140
"136",2013,8,7.26764705882353,17,8.32857142857143,6.525,6.5,6.83333333333333,7.50454545454545,7,10,3,6,11,1534,695,839,178,553,981,7.1856190547588,7.82457553956835,6.65632852205006,6.99662921348315,7.17772151898734,7.19007097859327,141
"137",2013,9,6.98214285714286,14,7.42857142857143,6.53571428571429,5,6.66666666666667,7.06818181818182,7,7,1,3,11,1548,702,846,179,556,992,7.18377883074935,7.82062678062678,6.65533053191489,6.9854748603352,7.17496402877698,7.18871938508065,142
"138",2013,10,7.34545454545455,11,9,6.4,5.9,9,6.725,4,7,2,3,8,1559,706,853,181,559,1000,7.18491958306607,7.82730878186969,6.65323520515827,6.97348066298342,7.18475849731664,7.18500963,143
"139",2013,11,7.45227272727273,22,7.85555555555556,7.17307692307692,7.5,8.66666666666667,7.26052631578947,9,13,2,3,19,1581,715,866,183,562,1019,7.18863986717267,7.82766433566434,6.66103883371825,6.97923497267759,7.19266903914591,7.18641769381747,144
"140",2013,12,6.90384615384615,13,7.5,6.53125,6.125,NA,6.90384615384615,5,8,4,0,13,1594,720,874,187,562,1032,7.18631720828105,7.82538888888889,6.65985083524028,6.96096256684492,7.19266903914591,7.18285816860465,145
"141",2014,1,7.52307692307692,13,7.9375,6.86,6,6.33333333333333,7.88,8,5,3,3,10,1607,728,879,190,565,1042,7.18904146235221,7.82662087912088,6.66098934015927,6.94578947368421,7.18810619469027,7.18954858925144,146
"142",2014,2,7.48666666666667,15,7.68888888888889,7.18333333333333,7.3,7.5,7.48181818181818,9,6,2,4,11,1622,737,885,192,569,1053,7.19179385326757,7.82493894165536,6.66453065536723,6.94947916666667,7.19029876977153,7.19260173789174,147
"143",2014,3,7.375,8,7.625,7.125,6,8,7.28571428571429,4,4,1,1,7,1630,741,889,193,570,1060,7.19269302453987,7.82385964912281,6.66660250843645,6.94455958549223,7.19171929824561,7.19321663207547,148
"144",2014,4,6.78571428571429,14,7.26666666666667,6.65454545454545,6.25,6.3,7.15,3,11,4,6,8,1644,744,900,197,576,1068,7.18922726885644,7.82161290322581,6.66645514444445,6.93045685279188,7.18243055555556,7.19289291198502,149
"145",2014,5,6.74166666666667,12,8,6.1125,4.5,3.5,7.39,4,8,2,2,10,1656,748,908,199,578,1078,7.18598407608695,7.82256684491979,6.66157448237886,6.90603015075377,7.16968858131488,7.19472136363637,150
"146",2014,6,7.06666666666667,3,7.5,6.85,NA,NA,7.06666666666667,1,2,0,0,3,1659,749,910,199,578,1081,7.18576831223628,7.82213618157544,6.66198860439561,6.90603015075377,7.16968858131488,7.19436598519889,151
"147",2014,7,6.53846153846154,13,6.33333333333333,6.6,6.33333333333333,7.125,6.27777777777778,3,10,3,4,9,1672,752,920,202,582,1090,7.18073542464115,7.81619680851064,6.66131481521739,6.89752475247525,7.16938144329897,7.18679782568807,152
"148",2014,8,6.5475,8,8.08,6.32857142857143,7,6.076,7.33333333333333,1,7,4,5,3,1680,753,927,206,587,1093,7.17772001785714,7.81654714475432,6.65880218985976,6.89951456310679,7.16006814310051,7.18720002744739,153
"149",2014,9,7.12,10,8.04,6.2,6.66666666666667,7,7.24,5,5,3,5,5,1690,758,932,209,592,1098,7.17737847928994,7.81802110817942,6.65634080472103,6.89617224880383,7.15871621621622,7.18744046448088,154
"150",2014,10,7.0625,8,7,7.08333333333333,7,7,7.1,2,6,2,3,5,1698,760,938,211,595,1103,7.17683723792697,7.81586842105263,6.65907210021322,6.89715639810426,7.15791596638656,7.1870440888486,155
"151",2014,11,6.45714285714286,14,6.66666666666667,6.3,6.95,6.81666666666667,6.1875,6,8,2,6,8,1712,766,946,213,601,1111,7.17095188668224,7.80686684073107,6.65603554968288,6.89765258215962,7.15450915141431,7.17984665166517,156
"152",2014,12,7.26388888888889,18,7.6875,6.925,6.7,7.625,7.16071428571429,8,10,5,4,14,1730,774,956,218,605,1125,7.17191886127167,7.8056330749354,6.65884898535565,6.89311926605505,7.15761983471074,7.17960856,157
"153",2015,1,7.27222222222222,18,7.58888888888889,6.95555555555556,7.32,7.5,7.15833333333333,9,9,5,6,12,1748,783,965,223,611,1137,7.17295173340961,7.80314176245211,6.66161619689119,6.90269058295964,7.16098199672668,7.17938401934917,158
"154",2015,2,6.47916666666667,12,8.5625,5.4375,5,6.35,6.57142857142857,4,8,2,5,7,1760,787,973,225,616,1144,7.16822138068181,7.80700127064803,6.65155152106886,6.88577777777778,7.15439935064935,7.17566401223776,159
"155",2015,3,7.33333333333333,12,8.4,6.57142857142857,6.5,7.3,7.35714285714286,5,7,2,5,7,1772,792,980,227,621,1151,7.16933952031602,7.81074494949495,6.65097921428572,6.88237885462555,7.15557165861514,7.17676770634231,160
"156",2015,4,6.92857142857143,14,7.8,6.44444444444444,6.5,6.33333333333333,7.09090909090909,5,9,2,3,11,1786,797,989,229,624,1162,7.16745220044792,7.81067754077792,6.64909972699697,6.87903930131004,7.15161858974359,7.17595493115319,161
"157",2015,5,6.54411764705882,17,7.95833333333333,5.77272727272727,6.25,6.1,6.72916666666667,6,11,6,5,12,1803,803,1000,235,629,1174,7.16157494731004,7.81178082191781,6.63945963,6.86297872340425,7.14325914149444,7.17138810051107,162
"158",2015,6,7.52727272727273,11,8.2,6.96666666666667,6.8,8.5,7.31111111111111,5,6,2,2,9,1814,808,1006,237,631,1183,7.16379251929437,7.81418316831683,6.64141116302187,6.86244725738396,7.14755942947702,7.17245108199493,163
"159",2015,7,6.625,12,7,6.35714285714286,6.66666666666667,5.75,6.8,5,7,3,2,10,1826,813,1013,240,633,1193,7.16025171412924,7.80917589175892,6.6394468213228,6.86,7.14314375987362,7.16932911148366,164
"160",2015,8,7.43636363636364,11,8.41666666666667,6.26,NA,7,7.48,6,5,0,1,10,1837,819,1018,240,634,1203,7.16190507893304,7.81362637362638,6.63758313359529,6.86,7.14291798107256,7.17191157938487,165
"161",2015,9,6.875,8,7,6.8,7,8,6.71428571428571,3,5,4,1,7,1845,822,1023,244,635,1210,7.16066104607046,7.81065693430657,6.6383769599218,6.86229508196721,7.14426771653543,7.16926415702479,166
"162",2015,10,6.82,5,8,6.525,7,NA,6.82,1,4,1,0,5,1850,823,1027,245,635,1215,7.15974034054054,7.81088699878493,6.63793537487829,6.86285714285714,7.14426771653543,7.16782685596708,167
"163",2015,11,7.05,8,8.5,6.56666666666667,7,NA,7.05,2,6,1,0,8,1858,825,1033,246,635,1223,7.15926783100107,7.81255757575758,6.63752142303969,6.86341463414634,7.14426771653543,7.16705611610793,168
"164",2015,12,7.16923076923077,13,7.78,6.7875,6.46666666666667,NA,7.16923076923077,5,8,3,0,13,1871,830,1041,249,635,1236,7.15933705505077,7.81236144578313,6.63867399615754,6.85863453815261,7.14426771653543,7.16707898867314,169
"165",2016,1,6.9,9,6.66666666666667,7.01666666666667,5,5.83333333333333,7.43333333333333,3,6,2,3,6,1880,833,1047,251,638,1242,7.15809554787234,7.80823529411765,6.64084014326648,6.84382470119522,7.13810344827586,7.16836524154589,170
"166",2016,2,6.69,10,7.225,6.33333333333333,6.75,7.16666666666667,6.48571428571429,4,6,2,3,7,1890,837,1053,253,641,1249,7.15561885185185,7.80544802867384,6.6390879677113,6.84308300395257,7.13823712948518,7.16453933546838,171
"167",2016,3,7.42857142857143,7,7.83333333333333,5,5,6.5,7.8,6,1,1,2,5,1897,843,1054,254,643,1254,7.15662605693199,7.80564650059312,6.63753285578748,6.83582677165354,7.13625194401244,7.16707307017544,172
"168",2016,4,7.5,16,8.25,7.05,6.2,10,7.33333333333333,6,10,5,1,15,1913,849,1064,259,644,1269,7.15949797699947,7.80878680800942,6.64140942669173,6.82355212355212,7.14069875776398,7.169038321513,173
"169",2016,5,7.40769230769231,13,8.3,6.85,7,6,7.525,5,8,2,1,12,1926,854,1072,261,645,1281,7.16117322429906,7.81166276346604,6.6429660727612,6.82490421455939,7.13893023255814,7.17237285714286,174
"170",2016,6,7.175,8,8.33333333333333,6.48,7,6,7.34285714285714,3,5,1,1,7,1934,857,1077,262,646,1288,7.16123041882109,7.81348891481914,6.64220949860725,6.82557251908397,7.13716718266254,7.17329940217391,175
"171",2016,7,7.46428571428571,14,7.72222222222222,7,5.5,5.5,7.61538461538461,9,5,1,1,13,1948,866,1082,263,647,1301,7.16340843429158,7.81254041570439,6.64386287430684,6.82053231939163,7.13463678516229,7.17771685626441,176
"172",2016,8,7.48214285714286,14,7.67857142857143,7.28571428571429,6,6.9375,7.7,7,7,3,4,10,1962,873,1089,266,651,1311,7.16568278797145,7.81146620847652,6.64798864095501,6.81127819548872,7.13342549923195,7.18170070938215,177
"173",2016,9,7.4,11,8.725,6.64285714285714,7,8.2,7.22222222222222,4,7,1,2,9,1973,877,1096,267,653,1320,7.16698916877851,7.81563283922463,6.64795586678832,6.81198501872659,7.1366921898928,7.18197699242424,178
"174",2016,10,7.24615384615385,13,8.14,6.6875,6,7.5,7.17,5,8,1,3,10,1986,882,1104,268,656,1330,7.16750736656596,7.8174716553288,6.64824241847826,6.8089552238806,7.13835365853659,7.18188693984962,179
"175",2016,11,7.125,12,7.42857142857143,6.7,6.75,9,6.95454545454545,7,5,2,1,11,1998,889,1109,270,657,1341,7.16725206706706,7.8144094488189,6.64847577096484,6.80851851851852,7.14118721461187,7.18002209545116,180
"176",2016,12,7.33529411764706,17,8.6875,6.13333333333333,6,7.625,7.24615384615385,8,9,3,4,13,2015,897,1118,273,661,1354,7.16866979156327,7.82219620958751,6.64432882826476,6.7996336996337,7.14411497730711,7.18065703840473,181
"177",2017,1,7.06333333333333,15,7.45714285714286,6.71875,NA,6,7.22692307692308,7,8,0,2,13,2030,904,1126,273,663,1367,7.16789144334975,7.81936946902655,6.64485757548846,6.7996336996337,7.14066365007541,7.1810970226774,182
"178",2017,2,7.258755,10,8.06965,5.36666666666667,NA,NA,7.258755,7,3,0,0,10,2040,911,1129,273,663,1377,7.16833685294117,7.82129259055982,6.64146114260408,6.7996336996337,7.14066365007541,7.18166098765432,183
"179",2017,3,7.85555555555556,9,8.28333333333333,7,7.5,NA,7.85555555555556,6,3,1,0,9,2049,917,1132,274,663,1386,7.17135538311371,7.82431575790622,6.64241133392227,6.8021897810219,7.14066365007541,7.18603692640693,184
"180",2017,4,7.36768421052632,19,7.64085714285714,7.20833333333333,6.5,7.33333333333333,7.374125,7,12,1,3,16,2068,924,1144,275,666,1402,7.17315917794971,7.82292591991342,6.64834757867133,6.80109090909091,7.14153153153153,7.18818343794579,185
"181",2017,5,6.73846153846154,13,7.6,6.2,4.5,6.65,6.77777777777778,5,8,2,4,9,2081,929,1152,277,670,1411,7.17044362325805,7.82172610333692,6.64523405381945,6.78447653429603,7.13859701492537,7.18556568391212,186
"182",2017,6,6.83333333333333,6,7.25,6.625,6,5.75,7.375,2,4,2,2,4,2087,931,1156,279,672,1415,7.16947445136559,7.82049790547798,6.64516403979239,6.77885304659498,7.13446428571429,7.18610118727915,187
"183",2017,7,7.39642857142857,14,7.74375,6.93333333333333,7,7.45,7.35625,8,6,1,6,8,2101,939,1162,280,678,1423,7.17098675868634,7.81984403620873,6.64665200516352,6.77964285714286,7.13725663716814,7.1870577512298,188
"184",2017,8,5.91,11,7.5525,4.97142857142857,3,4.975,6.44428571428571,4,7,1,4,7,2112,943,1169,281,682,1430,7.16441911931818,7.81871002120891,6.6366207271172,6.7661921708185,7.12457478005865,7.18342180419581,189
"185",2017,9,7.35714285714286,7,7.3,7.5,7,6.83333333333333,7.75,5,2,1,3,4,2119,948,1171,282,685,1434,7.16505577159037,7.81597420886076,6.63809532877883,6.76702127659574,7.12329927007299,7.18500221757323,190
"186",2017,10,7.42857142857143,7,8.25,6.33333333333333,NA,8,7.33333333333333,4,3,0,1,6,2126,952,1174,282,686,1440,7.16592341486359,7.81779784663865,6.63731655025554,6.76702127659574,7.12457725947522,7.18562026388889,191
"187",2017,11,7.53846153846154,13,7.7,7,6,7.9,7.3125,10,3,1,5,8,2139,962,1177,283,691,1448,7.16818755493221,7.81657333679834,6.63824097706033,6.7643109540636,7.13018813314038,7.18632125690608,192
"188",2017,12,8.03428571428571,7,8.15,7.745,NA,6.75,8.548,5,2,0,2,5,2146,967,1179,283,693,1453,7.17101266542404,7.81829736297828,6.64011843087362,6.7643109540636,7.12909090909091,7.19100700619408,193
"189",2018,1,6.5625,16,7.38888888888889,5.5,6.375,6.4,6.63636363636364,9,7,4,5,11,2162,976,1186,287,698,1464,7.16650933395004,7.81433765368852,6.63338923271501,6.7588850174216,7.12386819484241,7.18683960382514,194
"190",2018,2,6.41666666666667,6,7.5,5.875,NA,NA,6.41666666666667,2,4,0,0,6,2168,978,1190,287,698,1470,7.16443412361623,7.81369483640082,6.63084002521009,6.7588850174216,7.12386819484241,7.18369604081633,195
"191",2018,3,7.22222222222222,9,8,6.83333333333333,NA,6,7.375,3,6,0,1,8,2177,981,1196,287,699,1478,7.16467302710151,7.81426457696228,6.63185587792642,6.7588850174216,7.12226037195994,7.18473151556157,196
"192",2018,4,7.50769230769231,13,7.8875,6.9,7,7.25,7.55454545454545,8,5,1,2,11,2190,989,1201,288,701,1489,7.16670921461187,7.81485697674419,6.63297221482099,6.75972222222222,7.12262482168331,7.18746351914037,197
"193",2018,5,7.63,10,8.16666666666667,7.4,7.5,NA,7.63,3,7,2,0,10,2200,992,1208,290,701,1499,7.16881508181818,7.81592091733871,6.63741691225166,6.7648275862069,7.12262482168331,7.19041573048699,198
"194",2018,6,7.02,15,7.25,6.93636363636364,6.825,7.5,6.94615384615385,4,11,4,2,13,2215,996,1219,294,703,1512,7.1678073047404,7.81364814257028,6.64011454470878,6.7656462585034,7.12369843527738,7.1883155952381,199
"195",2018,7,7.03625,16,7.308,6.58333333333333,7,7.58,6.71,10,6,1,6,10,2231,1006,1225,295,709,1522,7.16686381891528,7.80862181908549,6.63983643265306,6.7664406779661,7.12755994358251,7.18517291721419,200
"196",2018,8,7.19230769230769,13,7.7,6.875,7,NA,7.19230769230769,5,8,2,0,13,2244,1011,1233,297,709,1535,7.16701122103387,7.80808461918892,6.64136223033253,6.76801346801347,7.12755994358251,7.18523334201955,201
"197",2018,9,7.07272727272727,11,7.55,6.5,6.16666666666667,8,6.98,6,5,3,1,10,2255,1017,1238,300,710,1545,7.16655129933481,7.80656199606686,6.64079130048466,6.762,7.12878873239437,7.18390497087379,202
"198",2018,10,6.96083333333333,12,8.04,6.19,5.44333333333333,4.665,7.42,5,7,3,2,10,2267,1022,1245,303,712,1555,7.16546236435818,7.80770406066536,6.6382567309237,6.74894389438944,7.12186797752809,7.18542326688103,203
"199",2018,11,7.32666666666667,12,8.13142857142857,6.2,NA,8.47333333333333,6.94444444444444,7,5,0,3,9,2279,1029,1250,303,715,1564,7.16631118034225,7.80990626822157,6.636503704,6.74894389438944,7.12753846153846,7.1840365601023,204
"200",2018,12,6.24444444444444,9,7,5.86666666666667,7.1,NA,6.24444444444444,3,6,2,0,9,2288,1032,1256,305,715,1573,7.16268495629371,7.80755188953488,6.63282613853504,6.75124590163934,7.12753846153846,7.17866063572791,205
"201",2019,1,7.20745117647059,17,7.41151545454545,6.83333333333333,NA,6.5,7.301778,11,6,0,2,15,2305,1043,1262,305,717,1588,7.16301511930586,7.80337509108341,6.6337794215531,6.75124590163934,7.1257880055788,7.17982358312343,206
"202",2019,2,7.10769230769231,13,7.875,5.88,4,6.66666666666667,7.24,8,5,1,3,10,2318,1051,1267,306,720,1598,7.16270485332183,7.80392028544244,6.63080475927388,6.74225490196078,7.123875,7.18020015644556,207
"203",2019,3,7.19333333333333,15,7.73333333333333,6.83333333333333,7.33333333333333,6.75,7.35454545454545,6,9,3,4,11,2333,1057,1276,309,724,1609,7.16290177882555,7.80351960264901,6.6322332523511,6.74799352750809,7.12180939226519,7.18139207582349,208
"204",2019,4,6.87666666666667,15,7.05,6.81363636363636,7.5,NA,6.87666666666667,4,11,2,0,15,2348,1061,1287,311,724,1624,7.16107318994889,7.80067881244109,6.63378370629371,6.75282958199357,7.12180939226519,7.17857749384237,209
"205",2019,5,7.35714285714286,7,7,7.83333333333333,NA,7,7.41666666666667,4,3,0,1,6,2355,1065,1290,311,725,1630,7.16165598726115,7.79767156807512,6.63657335658915,6.75282958199357,7.12164137931034,7.17945389570552,210
"206",2019,6,7,8,7.6,6,4,6.33333333333333,7.4,5,3,1,3,5,2363,1070,1293,312,728,1635,7.16110869657215,7.79674786915888,6.6350963882444,6.74400641025641,7.11839285714286,7.18012834862385,211
"207",2019,7,6.71428571428571,7,7,6.5,6,3,7.33333333333333,3,4,1,1,6,2370,1073,1297,313,729,1641,7.15978896624473,7.79452024231128,6.6346797455667,6.74162939297124,7.11274348422497,7.18068851310177,212
"208",2019,8,7.10909090909091,11,8.16,6.23333333333333,6.5,7.75,6.74285714285714,5,6,2,4,7,2381,1078,1303,315,733,1648,7.15955474590508,7.7962154174397,6.63283164236378,6.74009523809524,7.1162210095498,7.17882879247573,213
"209",2019,9,6.14583333333333,12,6.4375,6,5.6,7,5.975,4,8,5,2,10,2393,1082,1311,320,735,1658,7.15447131216047,7.79119243992606,6.62896996948894,6.72228125,7.11590476190476,7.17156806393245,214
"210",2019,10,7.51666666666667,6,7.58,7.2,NA,7,7.62,5,1,0,1,5,2399,1087,1312,320,736,1663,7.15537717799083,7.79022099356026,6.62940520579269,6.72228125,7.1157472826087,7.17291632591702,215
"211",2019,11,7.06190476190476,21,7.59090909090909,6.48,6.88333333333333,6.91666666666667,7.12,11,10,6,6,15,2420,1098,1322,326,742,1678,7.15456605371901,7.78822424408015,6.62827506051438,6.72524539877301,7.11413746630728,7.17244329558999,216
"212",2019,12,6.96,5,7.16666666666667,6.65,7,7,6.95,3,2,1,1,4,2425,1101,1324,327,743,1682,7.15416488659794,7.786530626703,6.62830787764351,6.72608562691131,7.11398384925976,7.17191429845422,217
"213",2020,1,7.63684210526316,19,7.85714285714286,7.50833333333333,8.16666666666667,7.625,7.64,7,12,3,4,15,2444,1108,1336,330,747,1697,7.15791728723404,7.78697673285198,6.6362122979042,6.73918181818182,7.11672021419009,7.17605176782558,218
"214",2020,2,6.68,10,7.8,5,NA,8.5,6.225,6,4,0,2,8,2454,1114,1340,330,749,1705,7.15596978402608,7.78704687612208,6.63132808208956,6.73918181818182,7.12041388518024,7.17158935483871,219
"215",2020,3,5.66666666666667,9,6.6,4.5,8,7.33333333333333,4.83333333333333,5,4,1,3,6,2463,1119,1344,331,752,1711,7.15052775071051,7.78174282394995,6.62498484375,6.74299093655589,7.12126329787234,7.16338974284044,220
"216",2020,4,5.66666666666667,6,5.66666666666667,5.66666666666667,6,6,5.5,3,3,2,2,4,2469,1122,1347,333,754,1715,7.14692176994735,7.77608754010695,6.62285050482554,6.73852852852853,7.11828912466843,7.15951011661808,221
"217",2020,5,7.07142857142857,7,7.625,6.33333333333333,5,7,7.1,4,3,1,2,5,2476,1126,1350,334,756,1720,7.14670834006462,7.77555081705151,6.62220713333334,6.73332335329341,7.11797619047619,7.15933712209302,222
"218",2020,6,7,10,7,7,NA,7,7,9,1,0,2,8,2486,1135,1351,334,758,1728,7.14611820193081,7.76940107488987,6.62248677276092,6.73332335329341,7.11766490765171,7.15859945023148,223
"219",2020,7,7.21666666666667,6,7.45,6.75,NA,7.9,6.875,4,2,0,2,4,2492,1139,1353,334,760,1732,7.14628806179775,7.76827938542581,6.6226752623799,6.73332335329341,7.11972368421053,7.15794448614319,224
"220",2020,8,6.71666666666667,6,7.25,6.45,6,6.25,6.95,2,4,1,2,4,2498,1141,1357,335,762,1736,7.14525614491593,7.7673709202454,6.62216627118644,6.73113432835821,7.11744094488189,7.15746535138249,225
"221",2020,9,6.5,3,NA,6.5,7.5,7.5,6,0,3,1,1,2,2501,1141,1360,336,763,1738,7.14448214714114,7.7673709202454,6.62189678676471,6.73342261904762,7.11794233289646,7.1561334004603,226
"222",2020,10,6.80625,16,7,6.74166666666667,6.5,7.66666666666667,6.60769230769231,4,12,2,3,13,2517,1145,1372,338,766,1751,7.14233208184346,7.76469014847161,6.6229443367347,6.73204142011834,7.12009138381201,7.15206159337521,227
"223",2020,11,6.64285714285714,7,6.25,6.8,5.5,NA,6.64285714285714,2,5,2,0,7,2524,1147,1377,340,766,1758,7.14094685023772,7.76204901482127,6.62358724037764,6.72479411764706,7.12009138381201,7.1500340443686,228
"224",2020,12,5.66666666666667,3,5.5,6,6,NA,5.66666666666667,2,1,1,0,3,2527,1149,1378,341,766,1761,7.13919661654135,7.75811159268929,6.62313470972424,6.72266862170088,7.12009138381201,7.14750701306076,229
"225",2021,1,7,5,10,6.25,7,7,7,1,4,1,1,4,2532,1150,1382,342,767,1765,7.13892174170616,7.76006106086956,6.62205472503618,6.72347953216374,7.11993481095176,7.14717271954674,230
"226",2021,2,6.98125,8,8.61666666666667,6,7,NA,6.98125,3,5,1,0,8,2540,1153,1387,343,767,1773,7.13842513779527,7.7622898699046,6.61981227829849,6.72428571428571,7.11993481095176,7.14642405527355,231
"227",2021,3,6.83333333333333,9,7.58333333333333,5.33333333333333,4,NA,6.83333333333333,6,3,1,0,9,2549,1159,1390,344,767,1782,7.13734792075323,7.76136343399482,6.61703570503597,6.71636627906977,7.11993481095176,7.14484278900112,232
"228",2021,4,6.5,5,8.25,5.33333333333333,2,2,7.625,2,3,1,1,4,2554,1161,1393,345,768,1786,7.1361001761942,7.76220518518518,6.61427109117014,6.70269565217391,7.11326822916667,7.14591816909295,233
"229",2021,5,8.16666666666667,3,9.5,7.5,NA,8.25,8,1,2,0,2,1,2557,1162,1395,345,770,1787,7.13730928822839,7.76370070567986,6.61554095340502,6.70269565217391,7.11622077922078,7.14639611080022,234
"230",2021,6,6.875,4,7,6.83333333333333,NA,5.5,7.33333333333333,1,3,0,1,3,2561,1163,1398,345,771,1790,7.1368995900039,7.76304404127257,6.61600831902719,6.70269565217391,7.11412451361868,7.14670941340782,235
"231",2021,7,6.11111111111111,9,6.66666666666667,5.83333333333333,5,5,6.25,3,6,1,1,8,2570,1166,1404,346,772,1798,7.13330733463035,7.76022317324185,6.61266355413106,6.69777456647399,7.11138601036269,7.1427196051168,236
"232",2021,8,6.39,10,6.95,5.55,NA,4.6,6.8375,6,4,0,2,8,2580,1172,1408,346,774,1806,7.13042629844961,7.75607527303754,6.60964462357955,6.69777456647399,7.10489664082687,7.14136758028793,237
"233",2021,9,6.5,4,9,5.66666666666667,NA,5,7,1,3,0,1,3,2584,1173,1411,346,775,1809,7.12945040634675,7.7571357374254,6.60763970942594,6.69777456647399,7.10218064516129,7.14113313985627,238
"234",2021,10,7.58333333333333,6,8.16666666666667,7,8.5,8,7.5,3,3,1,1,5,2590,1176,1414,347,776,1814,7.13050187258687,7.75818045918367,6.60847215700142,6.70296829971181,7.10333762886598,7.14212229878721,239
"235",2021,11,7.22857142857143,7,7.62,6.25,NA,8.6,7,5,2,0,1,6,2597,1181,1416,347,777,1820,7.13076621101271,7.75759544453853,6.60796584039548,6.70296829971181,7.10526383526383,7.14165376373626,240
"236",2021,12,7,10,7.35714285714286,6.16666666666667,NA,6.625,7.25,7,3,0,4,6,2607,1188,1419,347,781,1826,7.13026461449942,7.75523587542088,6.60703286116984,6.70296829971181,7.10280409731114,7.1420097754655,241
"237",2022,1,6.62,15,7.71428571428571,5.6625,5.65,6.5,6.63846153846154,7,8,2,2,13,2622,1195,1427,349,783,1839,7.1273454805492,7.754996,6.60173765241766,6.6969340974212,7.10126436781609,7.13845016313214,242
"238",2022,2,6.72727272727273,11,6.125,7.07142857142857,6,8,6.6,4,7,1,1,10,2633,1199,1434,350,784,1849,7.12567407899734,7.74955814845705,6.60403042538355,6.69494285714286,7.10241071428571,7.13553804759329,243
"239",2022,3,6.25,2,NA,6.25,6,NA,6.25,0,2,1,0,2,2635,1199,1436,351,784,1851,7.12500943074004,7.74955814845705,6.60353734679666,6.69296296296296,7.10241071428571,7.13458122636413,244
"240",2022,4,7,1,NA,7,NA,NA,7,0,1,0,0,1,2636,1199,1437,351,784,1852,7.12496200682853,7.74955814845705,6.60381324286709,6.69296296296296,7.10241071428571,7.13450855831534,245
"241",2022,5,6.57142857142857,7,7.66666666666667,5.75,6,7.5,6.41666666666667,3,4,2,1,6,2643,1202,1441,353,785,1858,7.12349597048808,7.74935126455907,6.601443185288,6.68903682719547,7.10291719745223,7.1321904467169,246
"242",2022,6,7.24,5,7.66666666666667,6.6,6,7,7.4,3,2,1,2,3,2648,1205,1443,354,787,1861,7.12371595543806,7.74914541078838,6.60144118503119,6.68709039548023,7.10265565438374,7.13262216550242,247
"243",2022,7,6.85714285714286,7,7.25,6.33333333333333,5,7,6.83333333333333,4,3,1,1,6,2655,1209,1446,355,788,1867,7.12301312617702,7.74749397849462,6.60088494467497,6.68233802816901,7.10252538071066,7.13166033743974,248
"244",2022,8,8.47142857142857,7,8.75,8.1,NA,8.5,8.46666666666667,4,3,0,1,6,2662,1213,1449,355,789,1873,7.12655892186326,7.75079985160758,6.60398870255349,6.68233802816901,7.10429657794677,7.13593691938067,249
"245",2022,9,7.16666666666667,6,7.5,6.5,NA,6,8.33333333333333,4,2,0,3,3,2668,1217,1451,355,792,1876,7.1266491191904,7.74997552999178,6.60384536871124,6.68233802816901,7.10011363636364,7.13785173240938,250
"246",2022,10,7.36,8,8.79333333333333,6.5,7,9.09,6.78333333333333,3,5,1,2,6,2676,1220,1456,356,794,1882,7.12734673019432,7.75254116393443,6.60348875686813,6.68323033707865,7.10512594458438,7.13672149309246,251
"247",2022,11,6.42857142857143,7,6.5,6.4,4,5.5,6.8,2,5,1,2,5,2683,1222,1461,357,796,1887,7.12552361162877,7.75049117839607,6.60279235455168,6.67571428571429,7.10109296482412,7.13582927927928,252
"248",2022,12,6.146,5,8.5,4.57666666666667,6.5,7,5.57666666666667,2,3,1,2,3,2688,1224,1464,358,798,1890,7.12370158110119,7.75171586601307,6.59864045765028,6.67522346368715,7.10083959899749,7.13335441798942,253
