"","year","month","avg_rating","no_ratings","avg_rating_owned","avg_rating_not_owned","avg_rating_prev_owned","avg_rating_comment","avg_rating_no_comment","no_ratings_owned","no_ratings_not_owned","no_ratings_prev_owned","no_ratings_comment","no_ratings_no_comment","cum_no_ratings","cum_no_ratings_owned","cum_no_ratings_not_owned","cum_no_ratings_prev_owned","cum_no_ratings_comment","cum_no_ratings_no_comment","cum_avg_rating","cum_avg_rating_owned","cum_avg_rating_not_owned","cum_avg_rating_prev_owned","cum_avg_rating_comment","cum_avg_rating_no_comment","month_after_release"
"1",2001,10,9,1,9,NA,NA,9,NA,1,0,0,1,0,1,1,0,0,1,0,9,9,NA,NA,9,NA,5
"2",2001,11,7.33333333333333,3,7.33333333333333,NA,NA,NA,7.33333333333333,3,0,0,0,3,4,4,0,0,1,3,7.75,7.75,NA,NA,9,7.33333333333333,6
"3",2002,2,8,1,8,NA,NA,NA,8,1,0,0,0,1,5,5,0,0,1,4,7.8,7.8,NA,NA,9,7.5,9
"4",2002,3,5,1,5,NA,NA,NA,5,1,0,0,0,1,6,6,0,0,1,5,7.33333333333333,7.33333333333333,NA,NA,9,7,10
"5",2002,5,6,1,6,NA,NA,NA,6,1,0,0,0,1,7,7,0,0,1,6,7.14285714285714,7.14285714285714,NA,NA,9,6.83333333333333,12
"6",2002,7,7,1,7,NA,NA,NA,7,1,0,0,0,1,8,8,0,0,1,7,7.125,7.125,NA,NA,9,6.85714285714286,14
"7",2002,9,5,1,5,NA,NA,NA,5,1,0,0,0,1,9,9,0,0,1,8,6.88888888888889,6.88888888888889,NA,NA,9,6.625,16
"8",2002,11,7,1,7,NA,NA,7,NA,1,0,0,1,0,10,10,0,0,2,8,6.9,6.9,NA,NA,8,6.625,18
"9",2002,12,6.5,2,7,6,NA,NA,6.5,1,1,0,0,2,12,11,1,0,2,10,6.83333333333333,6.90909090909091,6,NA,8,6.6,19
"10",2003,1,7,1,7,NA,NA,7,NA,1,0,0,1,0,13,12,1,0,3,10,6.84615384615385,6.91666666666667,6,NA,7.66666666666667,6.6,20
"11",2003,2,7.33333333333333,3,7.33333333333333,NA,NA,7.5,7,3,0,0,2,1,16,15,1,0,5,11,6.9375,7,6,NA,7.6,6.63636363636364,21
"12",2003,3,6,3,6,NA,NA,6,6,3,0,0,1,2,19,18,1,0,6,13,6.78947368421053,6.83333333333333,6,NA,7.33333333333333,6.53846153846154,22
"13",2003,4,5,1,5,NA,NA,NA,5,1,0,0,0,1,20,19,1,0,6,14,6.7,6.73684210526316,6,NA,7.33333333333333,6.42857142857143,23
"14",2003,5,5.8,5,5.8,NA,NA,6.25,4,5,0,0,4,1,25,24,1,0,10,15,6.52,6.54166666666667,6,NA,6.9,6.26666666666667,24
"15",2003,6,6.5,2,6.5,NA,NA,NA,6.5,2,0,0,0,2,27,26,1,0,10,17,6.51851851851852,6.53846153846154,6,NA,6.9,6.29411764705882,25
"16",2003,7,6.9,10,7.71428571428571,5,NA,7,6.83333333333333,7,3,0,4,6,37,33,4,0,14,23,6.62162162162162,6.78787878787879,5.25,NA,6.92857142857143,6.43478260869565,26
"17",2003,8,8,1,8,NA,NA,NA,8,1,0,0,0,1,38,34,4,0,14,24,6.65789473684211,6.82352941176471,5.25,NA,6.92857142857143,6.5,27
"18",2003,9,5.46666666666667,3,6.7,3,NA,NA,5.46666666666667,2,1,0,0,3,41,36,5,0,14,27,6.57073170731707,6.81666666666667,4.8,NA,6.92857142857143,6.38518518518519,28
"19",2003,10,7,1,7,NA,7,7,NA,1,0,1,1,0,42,37,5,1,15,27,6.58095238095238,6.82162162162162,4.8,7,6.93333333333333,6.38518518518519,29
"20",2003,11,8,1,NA,8,8,8,NA,0,1,1,1,0,43,37,6,2,16,27,6.61395348837209,6.82162162162162,5.33333333333333,7.5,7,6.38518518518519,30
"21",2003,12,6.5,2,6.5,NA,NA,NA,6.5,2,0,0,0,2,45,39,6,2,16,29,6.60888888888889,6.8051282051282,5.33333333333333,7.5,7,6.39310344827586,31
"22",2004,1,7,1,7,NA,NA,NA,7,1,0,0,0,1,46,40,6,2,16,30,6.61739130434783,6.81,5.33333333333333,7.5,7,6.41333333333333,32
"23",2004,2,7,4,7,NA,NA,7.5,6.83333333333333,4,0,0,1,3,50,44,6,2,17,33,6.648,6.82727272727273,5.33333333333333,7.5,7.02941176470588,6.45151515151515,33
"24",2004,3,6.8,5,8,5,5,7,6.75,3,2,1,1,4,55,47,8,3,18,37,6.66181818181818,6.90212765957447,5.25,6.66666666666667,7.02777777777778,6.48378378378378,34
"25",2004,4,7,1,7,NA,NA,NA,7,1,0,0,0,1,56,48,8,3,18,38,6.66785714285714,6.90416666666667,5.25,6.66666666666667,7.02777777777778,6.49736842105263,35
"26",2004,5,6.5,2,6.5,NA,NA,7,6,2,0,0,1,1,58,50,8,3,19,39,6.66206896551724,6.888,5.25,6.66666666666667,7.02631578947368,6.48461538461538,36
"27",2004,6,5.5,2,5.5,NA,NA,NA,5.5,2,0,0,0,2,60,52,8,3,19,41,6.62333333333333,6.83461538461538,5.25,6.66666666666667,7.02631578947368,6.43658536585366,37
"28",2004,7,7,3,7,NA,NA,NA,7,3,0,0,0,3,63,55,8,3,19,44,6.64126984126984,6.84363636363636,5.25,6.66666666666667,7.02631578947368,6.475,38
"29",2004,9,7.33333333333333,3,7.33333333333333,NA,NA,7,7.5,3,0,0,1,2,66,58,8,3,20,46,6.67272727272727,6.86896551724138,5.25,6.66666666666667,7.025,6.5195652173913,40
"30",2004,10,6.66666666666667,3,7,6,NA,7,6,2,1,0,2,1,69,60,9,3,22,47,6.67246376811594,6.87333333333333,5.33333333333333,6.66666666666667,7.02272727272727,6.50851063829787,41
"31",2004,11,7.5,2,7.5,NA,NA,8,7,2,0,0,1,1,71,62,9,3,23,48,6.69577464788732,6.89354838709677,5.33333333333333,6.66666666666667,7.06521739130435,6.51875,42
"32",2005,1,7.4,5,7.75,6,6,8.5,6.66666666666667,4,1,1,2,3,76,66,10,4,25,51,6.74210526315789,6.94545454545455,5.4,6.5,7.18,6.52745098039216,44
"33",2005,2,8.5,2,10,7,NA,8.5,NA,1,1,0,2,0,78,67,11,4,27,51,6.78717948717949,6.9910447761194,5.54545454545455,6.5,7.27777777777778,6.52745098039216,45
"34",2005,3,7.33333333333333,6,7.4,7,7,7.66666666666667,7,5,1,1,3,3,84,72,12,5,30,54,6.82619047619048,7.01944444444444,5.66666666666667,6.6,7.31666666666667,6.5537037037037,46
"35",2005,4,7,1,7,NA,NA,7,NA,1,0,0,1,0,85,73,12,5,31,54,6.82823529411765,7.01917808219178,5.66666666666667,6.6,7.30645161290323,6.5537037037037,47
"36",2005,5,6.66666666666667,6,7.2,4,NA,6,7,5,1,0,2,4,91,78,13,5,33,58,6.81758241758242,7.03076923076923,5.53846153846154,6.6,7.22727272727273,6.58448275862069,48
"37",2005,6,7.83333333333333,3,7.83333333333333,NA,NA,8,7.75,3,0,0,1,2,94,81,13,5,34,60,6.85,7.06049382716049,5.53846153846154,6.6,7.25,6.62333333333333,49
"38",2005,7,7.4,5,7.4,NA,NA,7,7.66666666666667,5,0,0,2,3,99,86,13,5,36,63,6.87777777777778,7.08023255813953,5.53846153846154,6.6,7.23611111111111,6.67301587301587,50
"39",2005,8,6.6,5,6.75,6,NA,6.6,NA,4,1,0,5,0,104,90,14,5,41,63,6.86442307692308,7.06555555555556,5.57142857142857,6.6,7.15853658536585,6.67301587301587,51
"40",2005,9,7,6,8.33333333333333,5.66666666666667,5,7.66666666666667,6.33333333333333,3,3,2,3,3,110,93,17,7,44,66,6.87181818181818,7.10645161290323,5.58823529411765,6.14285714285714,7.19318181818182,6.65757575757576,52
"41",2005,10,7.2,5,7,7.25,7,7,7.5,1,4,1,3,2,115,94,21,8,47,68,6.88608695652174,7.10531914893617,5.90476190476191,6.25,7.18085106382979,6.68235294117647,53
"42",2005,11,6.8,5,7,6,NA,6.5,8,4,1,0,4,1,120,98,22,8,51,69,6.8825,7.10102040816327,5.90909090909091,6.25,7.12745098039216,6.70144927536232,54
"43",2005,12,7.66666666666667,3,7.5,8,8,7.5,8,2,1,1,2,1,123,100,23,9,53,70,6.90162601626016,7.109,6,6.44444444444444,7.14150943396226,6.72,55
"44",2006,1,7.6,5,7.25,9,9,7.66666666666667,7.5,4,1,1,3,2,128,104,24,10,56,72,6.92890625,7.11442307692308,6.125,6.7,7.16964285714286,6.74166666666667,56
"45",2006,2,7.83333333333333,6,7.8,8,NA,8.33333333333333,7.33333333333333,5,1,0,3,3,134,109,25,10,59,75,6.96940298507463,7.14587155963303,6.2,6.7,7.22881355932203,6.76533333333333,57
"46",2006,3,6.71428571428571,7,6.71428571428571,NA,NA,6.66666666666667,6.75,7,0,0,3,4,141,116,25,10,62,79,6.95673758865248,7.1198275862069,6.2,6.7,7.20161290322581,6.76455696202532,58
"47",2006,4,6.66666666666667,3,6.5,7,7,NA,6.66666666666667,2,1,1,0,3,144,118,26,11,62,82,6.95069444444444,7.10932203389831,6.23076923076923,6.72727272727273,7.20161290322581,6.7609756097561,59
"48",2006,5,6.95,5,7,6.75,NA,6.875,7,4,1,0,2,3,149,122,27,11,64,85,6.9506711409396,7.10573770491803,6.25,6.72727272727273,7.19140625,6.76941176470588,60
"49",2006,6,7,4,6.5,7.5,NA,7.33333333333333,6,2,2,0,3,1,153,124,29,11,67,86,6.95196078431373,7.09596774193548,6.33620689655172,6.72727272727273,7.19776119402985,6.76046511627907,61
"50",2006,7,7.4,5,7,9,NA,8,7,4,1,0,2,3,158,128,30,11,69,89,6.96613924050633,7.09296875,6.425,6.72727272727273,7.22101449275362,6.7685393258427,62
"51",2006,8,6.42857142857143,7,6.66666666666667,5,5,7.5,6,6,1,1,2,5,165,134,31,12,71,94,6.94333333333333,7.07388059701493,6.37903225806452,6.58333333333333,7.22887323943662,6.72765957446809,63
"52",2006,9,7.8,5,7.8,NA,NA,7.5,8,5,0,0,2,3,170,139,31,12,73,97,6.96852941176471,7.1,6.37903225806452,6.58333333333333,7.23630136986301,6.76701030927835,64
"53",2006,10,6.5,4,7,5,NA,7,6.33333333333333,3,1,0,1,3,174,142,32,12,74,100,6.95775862068966,7.09788732394366,6.3359375,6.58333333333333,7.23310810810811,6.754,65
"54",2006,11,6.56666666666667,6,6.56666666666667,NA,NA,NA,6.56666666666667,6,0,0,0,6,180,148,32,12,74,106,6.94472222222222,7.07635135135135,6.3359375,6.58333333333333,7.23310810810811,6.7433962264151,66
"55",2006,12,6.1875,8,6.9,5,5,6.83333333333333,5.8,5,3,1,3,5,188,153,35,13,77,111,6.9125,7.07058823529412,6.22142857142857,6.46153846153846,7.21753246753247,6.7009009009009,67
"56",2007,1,6,1,NA,6,NA,NA,6,0,1,0,0,1,189,153,36,13,77,112,6.90767195767196,7.07058823529412,6.21527777777778,6.46153846153846,7.21753246753247,6.69464285714286,68
"57",2007,2,7.56311714285714,7,7.66666666666667,6.94182,NA,7.66666666666667,7.485455,6,1,0,3,4,196,159,37,13,80,116,6.93108071428572,7.09308176100629,6.23491405405405,6.46153846153846,7.234375,6.72191224137931,69
"58",2007,3,7.58333333333333,6,8.375,6,NA,7.5,7.66666666666667,4,2,0,3,3,202,163,39,13,83,119,6.95045455445545,7.12453987730061,6.22286717948718,6.46153846153846,7.24397590361446,6.74572957983193,70
"59",2007,4,8.018,5,8.018,NA,NA,8,8.0225,5,0,0,1,4,207,168,39,13,84,123,6.9762406763285,7.15113095238095,6.22286717948718,6.46153846153846,7.25297619047619,6.78725056910569,71
"60",2007,5,8,2,8,8,NA,NA,8,1,1,0,0,2,209,169,40,13,84,125,6.98603741626794,7.15615384615385,6.2672955,6.46153846153846,7.25297619047619,6.80665456,72
"61",2007,6,7.33333333333333,3,7.33333333333333,NA,NA,7.5,7,3,0,0,2,1,212,172,40,13,86,126,6.99095198113208,7.15924418604651,6.2672955,6.46153846153846,7.25872093023256,6.80818904761905,73
"62",2007,7,6.875,8,7.33333333333333,5.5,NA,6.16666666666667,7.3,6,2,0,3,5,220,178,42,13,89,131,6.98673554545455,7.16511235955056,6.23075761904762,6.46153846153846,7.22191011235955,6.82696045801527,74
"63",2007,8,6.6875,8,7.08333333333333,5.5,NA,6,6.91666666666667,6,2,0,2,6,228,184,44,13,91,137,6.97623605263158,7.16244565217391,6.19754136363636,6.46153846153846,7.19505494505495,6.83088919708029,75
"64",2007,9,7.18181818181818,11,7.5,4,4,6.75,7.42857142857143,10,1,1,4,7,239,194,45,14,95,144,6.9856979916318,7.17984536082474,6.14870711111111,6.28571428571429,7.17631578947368,6.85994319444444,76
"65",2007,10,7.5,6,7.2,9,NA,6,7.8,5,1,0,1,5,245,199,46,14,96,149,6.99829314285714,7.18035175879397,6.21069173913043,6.28571428571429,7.1640625,6.89148872483222,77
"66",2007,11,8.16666666666667,9,7.92857142857143,9,NA,7.875,8.4,7,2,0,4,5,254,206,48,14,100,154,7.03969220472441,7.20577669902913,6.32691291666667,6.28571428571429,7.1925,6.94046636363636,78
"67",2007,12,7.27272727272727,11,7.11111111111111,8,NA,6.66666666666667,8,9,2,0,6,5,265,215,50,14,106,159,7.04936535849057,7.20181395348837,6.3938364,6.28571428571429,7.1627358490566,6.97378503144654,79
"68",2008,1,7.75,8,8,6,NA,7.5,8,7,1,0,4,4,273,222,51,14,110,163,7.06989677655678,7.22698198198198,6.38611411764706,6.28571428571429,7.175,6.9989682208589,80
"69",2008,2,8.05555555555556,9,8.6875,3,NA,8.5,7.83333333333333,8,1,0,3,6,282,230,52,14,113,169,7.10135397163121,7.27778260869565,6.32099653846154,6.28571428571429,7.21017699115044,7.02859065088757,81
"70",2008,3,6.5875,8,6.34,7,NA,7.35,6.33333333333333,5,3,0,2,6,290,235,55,14,115,175,7.08717868965517,7.25782978723404,6.35803309090909,6.28571428571429,7.21260869565217,7.00475325714286,82
"71",2008,4,6.83333333333333,3,7.25,6,6,7.5,6.5,2,1,1,1,2,293,237,56,15,116,177,7.08457959044368,7.25776371308017,6.35163964285714,6.26666666666667,7.21508620689655,6.99904983050848,83
"72",2008,5,7.66666666666667,6,7.66666666666667,NA,NA,7.6,8,6,0,0,5,1,299,243,56,15,121,178,7.09626026755853,7.26786008230453,6.35163964285714,6.26666666666667,7.23099173553719,7.00467314606742,84
"73",2008,6,6.3,5,6.25,6.5,NA,NA,6.3,4,1,0,0,5,304,247,57,15,121,183,7.08316388157895,7.25137651821862,6.35424245614035,6.26666666666667,7.23099173553719,6.98541978142077,85
"74",2008,7,6.6,10,6.64285714285714,6.5,6.5,5.75,7.875,7,3,3,6,4,314,254,60,18,127,187,7.06777649681529,7.2346062992126,6.36153033333333,6.30555555555556,7.16102362204724,7.00444823529412,86
"75",2008,8,7.29166666666667,12,7.05,8.5,8,7.375,7.25,10,2,1,4,8,326,264,62,19,131,195,7.07601785276074,7.22761363636364,6.43051322580645,6.39473684210526,7.1675572519084,7.01452215384615,87
"76",2008,9,6.75,4,6.75,NA,NA,NA,6.75,4,0,0,0,4,330,268,62,19,131,199,7.07206612121212,7.22048507462687,6.43051322580645,6.39473684210526,7.1675572519084,7.00920512562814,88
"77",2008,10,6.83333333333333,6,6.8,7,NA,NA,6.83333333333333,5,1,0,0,6,336,273,63,19,131,205,7.06780303571428,7.21278388278388,6.4395526984127,6.39473684210526,7.1675572519084,7.00405765853659,89
"78",2008,11,7.5,4,7.5,NA,NA,8,7.33333333333333,4,0,0,1,3,340,277,63,19,132,208,7.07288770588235,7.21693140794224,6.4395526984127,6.39473684210526,7.17386363636364,7.00880682692308,90
"79",2008,12,6.91428571428571,7,6.91428571428571,NA,NA,7.9,6.75,7,0,0,1,6,347,284,63,19,133,214,7.06968824207493,7.20947183098592,6.4395526984127,6.39473684210526,7.17932330827068,7.00155056074766,91
"80",2009,1,8.9,10,9,8,8,8.75,9,9,1,1,4,6,357,293,64,20,137,220,7.1209574789916,7.26447098976109,6.4639346875,6.475,7.22518248175183,7.05605372727273,92
"81",2009,2,6.75,10,6.92857142857143,6.33333333333333,NA,6.5,6.8125,7,3,0,2,8,367,300,67,20,139,228,7.11084964577657,7.25663333333333,6.45808686567164,6.475,7.21474820143885,7.04750798245614,93
"82",2009,3,6.88888888888889,9,6.88888888888889,NA,NA,5,7.42857142857143,9,0,0,2,7,376,309,67,20,141,235,7.10553675531915,7.24592233009709,6.45808686567164,6.475,7.18333333333333,7.05885880851064,94
"83",2009,4,6.83333333333333,6,7,6.75,7,6.5,7,2,4,1,2,4,382,311,71,21,143,239,7.10126130890052,7.24434083601286,6.47453267605634,6.5,7.17377622377622,7.05787372384937,95
"84",2009,5,6.5625,8,6.41666666666667,7,6,7,6.5,6,2,1,1,7,390,317,73,22,144,246,7.09020979487179,7.22867507886435,6.48892904109589,6.47727272727273,7.17256944444444,7.04199926829268,96
"85",2009,6,7.66666666666667,9,7.5,8,8,7,8,6,3,1,3,6,399,323,76,23,147,252,7.10321258145363,7.23371517027864,6.54857657894737,6.54347826086957,7.16904761904762,7.06480880952381,97
"86",2009,7,7.6,5,8,7,7,8.5,7,3,2,1,2,3,404,326,78,24,149,255,7.10936094059406,7.24076687116564,6.56015153846154,6.5625,7.18691275167785,7.06404635294118,98
"87",2009,8,7.7,10,8.07142857142857,6.83333333333333,6.75,8,7.625,7,3,2,2,8,414,333,81,26,151,263,7.12362758454106,7.25822822822823,6.57026938271605,6.57692307692308,7.1976821192053,7.08110958174905,99
"88",2009,9,7.92857142857143,14,7.5625,8.41666666666667,8,8.5,7.7,8,6,1,4,10,428,341,87,27,155,273,7.14995752336449,7.26536656891496,6.69760712643678,6.62962962962963,7.23129032258064,7.10377956043956,100
"89",2009,10,7,8,7,7,NA,NA,7,7,1,0,0,8,436,348,88,27,155,281,7.14720600917431,7.26002873563218,6.70104340909091,6.62962962962963,7.23129032258064,7.10082498220641,101
"90",2009,11,6.36666666666667,12,6.93333333333333,4.66666666666667,6,7.25,5.925,9,3,1,4,8,448,357,91,28,159,289,7.12629870535714,7.25179271708683,6.63397604395604,6.60714285714286,7.23176100628931,7.06827619377163,102
"91",2009,12,7.24545454545455,11,7.37,6,6,6.66666666666667,7.4625,10,1,1,3,8,459,367,92,29,162,297,7.129154291939,7.2550136239782,6.627085,6.58620689655172,7.2212962962963,7.07889501683502,103
"92",2010,1,7.55555555555556,9,7.625,7,NA,9,7.14285714285714,8,1,0,2,7,468,375,93,29,164,304,7.13735431623932,7.26290666666667,6.63109483870968,6.58620689655172,7.24298780487805,7.08036782894737,104
"93",2010,2,7.5,10,7.85714285714286,6.66666666666667,8,8.5,7.25,7,3,1,2,8,478,382,96,30,166,312,7.1449410460251,7.27379581151832,6.63220645833333,6.63333333333333,7.25813253012048,7.08471737179487,105
"94",2010,3,7,11,7.22222222222222,6,6,7.25,6.85714285714286,9,2,1,4,7,489,391,98,31,170,319,7.14168061349693,7.27260869565217,6.61930428571429,6.61290322580645,7.25794117647059,7.07972357366771,106
"95",2010,4,5,3,5.5,4,NA,NA,5,2,1,0,0,3,492,393,99,31,170,322,7.12862158536585,7.26358778625954,6.59284666666667,6.61290322580645,7.25794117647059,7.06034726708075,107
"96",2010,5,7,8,7.33333333333333,6,NA,5.5,7.5,6,2,0,2,6,500,399,101,31,172,328,7.12656364,7.2646365914787,6.58110712871287,6.61290322580645,7.2375,7.06838969512195,108
"97",2010,6,7.99166666666667,12,8.26363636363636,5,5,8.98,7.28571428571429,11,1,1,5,7,512,410,102,32,177,335,7.1468394921875,7.29143902439024,6.56560607843137,6.5625,7.28672316384181,7.07293080597015,109
"98",2010,7,7.625,4,7.625,NA,NA,8.75,6.5,4,0,0,2,2,516,414,102,32,179,337,7.1505461627907,7.29466183574879,6.56560607843137,6.5625,7.30307262569832,7.0695306231454,110
"99",2010,8,7.90714285714286,14,8.01818181818182,7.5,5.5,8,7.8375,11,3,1,6,8,530,425,105,33,185,345,7.17053173584906,7.31338823529412,6.59230304761905,6.53030303030303,7.32567567567568,7.08733860869565,111
"100",2010,9,7.25,4,6.5,8,NA,8,6.5,2,2,0,2,2,534,427,107,33,187,347,7.17112700374532,7.30957845433255,6.61861514018692,6.53030303030303,7.33288770053476,7.08395337175793,112
"101",2010,10,7.65,8,7.33333333333333,7.84,8.33333333333333,7.8,7.4,3,5,3,5,3,542,430,112,36,192,350,7.1781952398524,7.30974418604651,6.67314125,6.68055555555556,7.34505208333333,7.08666234285714,113
"102",2010,11,6.84545454545455,11,7.1625,6,6,7,6.81111111111111,8,3,1,2,9,553,438,115,37,194,359,7.17157652802893,7.30705479452055,6.65558104347826,6.66216216216216,7.34149484536082,7.07975437325905,114
"103",2010,12,7.47,10,7.17142857142857,8.16666666666667,8,7.33333333333333,7.52857142857143,7,3,1,3,7,563,445,118,38,197,366,7.17687712255773,7.30492134831461,6.69399847457627,6.69736842105263,7.34137055837563,7.08833830601093,115
"104",2011,1,7.57142857142857,7,8.75,6,4.5,7.75,7.33333333333333,4,3,2,4,3,570,449,121,40,201,369,7.18172249122807,7.31779510022272,6.67679190082645,6.5875,7.34950248756219,7.09033013550135,116
"105",2011,2,7.5,16,7.85714285714286,7.22222222222222,6.5,7.375,7.54166666666667,7,9,2,4,12,586,456,130,42,205,381,7.19041266211604,7.32607456140351,6.71455246153846,6.58333333333333,7.35,7.10454545931758,117
"106",2011,3,7.07692307692308,13,7.6,5.33333333333333,5,5.5,7.36363636363636,10,3,1,2,11,599,466,133,43,207,392,7.18794961602671,7.33195278969957,6.68339714285714,6.54651162790698,7.33212560386473,7.11181586734694,118
"107",2011,4,7.95,6,7.95,NA,NA,NA,7.95,6,0,0,0,6,605,472,133,43,207,398,7.19550714049587,7.3398093220339,6.68339714285714,6.54651162790698,7.33212560386473,7.12445180904523,119
"108",2011,5,7.16666666666667,9,7.3125,6,NA,NA,7.16666666666667,8,1,0,0,9,614,480,134,43,207,407,7.19508439739414,7.33935416666667,6.6782971641791,6.54651162790698,7.33212560386473,7.12538530712531,120
"109",2011,6,4.66666666666667,3,5.5,3,NA,3,5.5,2,1,0,1,2,617,482,135,43,208,409,7.18279063209076,7.33172199170124,6.65105051851852,6.54651162790698,7.31129807692308,7.11743721271394,121
"110",2011,7,7.9375,8,8.07142857142857,7,7,8,7.9,7,1,1,3,5,625,489,136,44,211,414,7.192450912,7.34231083844581,6.65361632352941,6.55681818181818,7.32109004739336,7.12688845410628,122
"111",2011,8,7.21666666666667,12,7.31,6.75,6,7.5,7.12222222222222,10,2,1,3,9,637,499,138,45,214,423,7.19290709576138,7.3416633266533,6.6550131884058,6.54444444444444,7.32359813084112,7.12678917257683,123
"112",2011,9,7.2,5,7.2,NA,NA,NA,7.2,5,0,0,0,5,642,504,138,45,214,428,7.1929623364486,7.34025793650794,6.6550131884058,6.54444444444444,7.32359813084112,7.12764443925234,124
"113",2011,10,6.86111111111111,9,6.89285714285714,6.75,NA,6.25,7.16666666666667,7,2,0,3,6,651,511,140,45,217,434,7.18837453149002,7.33412915851272,6.65637014285714,6.54444444444444,7.30875576036866,7.12818391705069,125
"114",2011,11,7.425,12,8.2,7.0375,6.93333333333333,8.9,7.13,4,8,3,2,10,663,515,148,48,219,444,7.1926573453997,7.34085436893204,6.67697175675676,6.56875,7.32328767123288,7.12822481981982,126
"115",2011,12,8.07894736842105,19,8.46428571428571,7,7,8.27777777777778,7.9,14,5,3,9,10,682,529,153,51,228,454,7.21734870967742,7.37058601134215,6.68752823529412,6.59411764705882,7.3609649122807,7.14522427312775,127
"116",2012,1,8.31578947368421,19,8.55882352941176,6.25,NA,8,8.33333333333333,17,2,0,1,18,701,546,155,51,229,472,7.24712099857347,7.40758241758242,6.68188270967742,6.59411764705882,7.36375545851528,7.19053351694915,128
"117",2012,2,8.14814814814815,27,8.10869565217391,8.375,8,8,8.16666666666667,23,4,2,3,24,728,569,159,53,232,496,7.28053821428571,7.43592267135325,6.72447685534591,6.64716981132076,7.37198275862069,7.23776576612903,129
"118",2012,3,7.81818181818182,11,8.125,7,NA,7.5,7.85,8,3,0,1,10,739,577,162,53,233,506,7.28854102841678,7.44547660311958,6.72957913580247,6.64716981132076,7.3725321888412,7.249865256917,130
"119",2012,4,7.47692307692308,13,7.74444444444444,6.875,7.5,8.66666666666667,7.12,9,4,2,3,10,752,586,166,55,236,516,7.29179763297872,7.45006825938566,6.73308325301205,6.67818181818182,7.38898305084746,7.24734848837209,131
"120",2012,5,7.65384615384615,13,7.75,7.57142857142857,5.5,7,7.70833333333333,6,7,2,1,12,765,592,173,57,237,528,7.29795009150327,7.45310810810811,6.76700473988439,6.63684210526316,7.3873417721519,7.25782541666667,132
"121",2012,6,8.03846153846154,13,8.36363636363636,6.25,NA,8,8.04545454545454,11,2,0,2,11,778,603,175,57,239,539,7.31032367609254,7.46971807628524,6.76109611428571,6.63684210526316,7.39246861924686,7.27389948051948,133
"122",2012,7,8.35,10,8.3125,8.5,8.5,7.75,8.5,8,2,2,2,8,788,611,177,59,241,547,7.32351753807107,7.48075286415712,6.78074474576271,6.7,7.3954356846473,7.29183148080439,134
"123",2012,8,8.075,12,8.29,7,7,7.33333333333333,8.32222222222222,10,2,1,3,9,800,621,179,60,244,556,7.334789775,7.49378421900161,6.78319452513966,6.705,7.39467213114754,7.3085104676259,135
"124",2012,9,7.93333333333333,15,8.6,6.6,7.5,10,7.78571428571429,10,5,2,1,14,815,631,184,62,245,570,7.34580591411043,7.51131537242472,6.77821641304348,6.73064516129032,7.40530612244898,7.3202312631579,136
"125",2012,10,7.55,10,8.125,5.25,6.5,7.5,7.58333333333333,8,2,1,4,6,825,639,186,63,249,576,7.34828099393939,7.51899843505477,6.76178397849462,6.72698412698413,7.40682730923695,7.32297190972222,137
"126",2012,11,7.5,13,7.86363636363636,5.5,NA,9.5,7.13636363636364,11,2,0,2,11,838,650,188,63,251,587,7.3506346300716,7.52483076923077,6.74836074468085,6.72698412698413,7.42350597609562,7.31947499148211,138
"127",2012,12,8.2030303030303,33,8.09642857142857,8.8,8.5,8.14285714285714,8.21923076923077,28,5,2,7,26,871,678,193,65,258,613,7.38292975889782,7.54843657817109,6.80151202072539,6.78153846153846,7.44302325581395,7.35763755301794,139
"128",2013,1,7.66162790697674,43,8.08166666666667,6.69230769230769,6.75,6.9375,7.94193548387097,30,13,5,12,31,914,708,206,70,270,644,7.3960413785558,7.57103107344633,6.79462048543689,6.77928571428571,7.42055555555556,7.38576369565217,140
"129",2013,2,8.046875,32,8.18181818181818,7.75,7.5,7.5,8.22916666666667,22,10,5,8,24,946,730,216,75,278,668,7.41805689217759,7.58943835616438,6.83885101851852,6.82733333333333,7.42284172661871,7.41606559880239,141
"130",2013,3,8.15454545454545,33,8.18636363636364,8.09090909090909,8,8.00909090909091,8.22727272727273,22,11,5,11,22,979,752,227,80,289,690,7.44288234933606,7.60690159574468,6.89952343612335,6.900625,7.44515570934256,7.44193017391304,142
"131",2013,4,7.52857142857143,42,7.45185185185185,7.66666666666667,7.5,7.35714285714286,7.56285714285714,27,15,8,7,35,1021,779,242,88,296,725,7.44640726738492,7.60152759948652,6.94707363636364,6.95511363636364,7.44307432432432,7.44776802758621,143
"132",2013,5,7.96,30,8.21111111111111,7.58333333333333,7.91666666666667,8.5,7.87692307692308,18,12,6,4,26,1051,797,254,94,300,751,7.46106738344434,7.61529485570891,6.9771331496063,7.01648936170213,7.45716666666667,7.46262559254327,144
"133",2013,6,8.26315789473684,19,8.35714285714286,8,6.5,8.16666666666667,8.28125,14,5,2,3,16,1070,811,259,96,303,767,7.47531011214953,7.62810110974106,6.99687961389961,7.00572916666667,7.46419141914191,7.47970250325945,145
"134",2013,7,7.8030303030303,33,8.1,6.875,6.375,8.41666666666667,7.66666666666667,25,8,4,6,27,1103,836,267,100,309,794,7.48511497733454,7.64221291866029,6.99322779026217,6.9805,7.4826860841424,7.48606022670025,146
"135",2013,8,8.1325,40,8.27666666666667,7.7,7.5,7.63333333333333,8.27741935483871,30,10,6,9,31,1143,866,277,106,318,825,7.50777062117235,7.66419168591224,7.01874303249097,7.00990566037736,7.48694968553459,7.51579614545455,147
"136",2013,9,7.58833333333333,30,8.69117647058824,6.14615384615385,5.56666666666667,6.76666666666667,7.94047619047619,17,13,6,9,21,1173,883,290,112,327,846,7.50983104859335,7.6839637599094,6.97962696551724,6.93258928571429,7.467125382263,7.52633784869976,148
"137",2013,10,8.20588235294118,34,8.26785714285714,7.91666666666667,8.2,7.90909090909091,8.34782608695652,28,6,5,11,23,1207,911,296,117,338,869,7.52943812758906,7.70190998902305,6.99862101351351,6.98675213675214,7.48150887573965,7.5480803452244,149
"138",2013,11,7.8448275862069,58,7.98809523809524,7.46875,8,8.14545454545454,7.77446808510638,42,16,9,11,47,1265,953,312,126,349,916,7.54389867193676,7.71452256033578,7.02273019230769,7.05912698412698,7.50243553008596,7.55969631004367,150
"139",2013,12,7.52380952380952,42,7.63235294117647,7.0625,7.7,7.86428571428571,7.35357142857143,34,8,5,14,28,1307,987,320,131,363,944,7.54325311400153,7.71169199594731,7.0237244375,7.08358778625954,7.516391184573,7.55358243644068,151
"140",2014,1,7.97213114754098,61,8.32439024390244,7.25,7.25,7.5,8.076,41,20,6,11,50,1368,1028,340,137,374,994,7.56237706140351,7.73612840466926,7.03703476470588,7.09087591240876,7.51590909090909,7.57986098591549,152
"141",2014,2,7.76022727272727,44,8.11896551724138,7.06666666666667,7.28571428571429,7.8,7.75512820512821,29,15,7,5,39,1412,1057,355,144,379,1033,7.56854236543909,7.74663197729423,7.03828681690141,7.10034722222222,7.51965699208443,7.58647804453049,153
"142",2014,3,8.05346153846154,52,8.11567567567567,7.9,8,7.31818181818182,8.25073170731707,37,15,6,11,41,1464,1094,370,150,390,1074,7.5857662704918,7.75911334552102,7.07322113513513,7.13633333333333,7.51397435897436,7.61183595903166,154
"143",2014,4,7.50462962962963,54,7.875,6.44642857142857,7.75,7.375,7.52717391304348,40,14,5,8,46,1518,1134,384,155,398,1120,7.58287998682477,7.76320105820106,7.05036932291667,7.15612903225806,7.51118090452261,7.60835876785714,155
"144",2014,5,7.62321428571429,56,7.98387096774194,7.176,7.53846153846154,6.91666666666667,7.708,31,25,13,6,50,1574,1165,409,168,404,1170,7.58431500635324,7.76907296137339,7.0580484596577,7.18571428571429,7.50235148514851,7.61261694017094,156
"145",2014,6,7.77435897435897,39,7.81481481481481,7.68333333333333,7.26,8.05384615384615,7.63461538461539,27,12,5,13,26,1613,1192,421,173,417,1196,7.58890999380037,7.77010906040268,7.0758713064133,7.1878612716763,7.51954436450839,7.61309516722408,157
"146",2014,7,7.55952380952381,42,7.90909090909091,7.175,6.83333333333333,8.25,7.34375,22,20,6,10,32,1655,1214,441,179,427,1228,7.58816424169184,7.77262767710049,7.08036693877551,7.17597765363128,7.53665105386417,7.60607640065146,158
"147",2014,8,8.211125,80,8.37271186440678,7.75714285714286,7.9,8.044,8.235,59,21,10,10,70,1735,1273,462,189,437,1298,7.61688865706052,7.80043990573448,7.11112948051948,7.21428571428571,7.54826086956522,7.63999369799692,159
"148",2014,9,8.03026315789474,76,8.35357142857143,7.125,7.5,7.9,8.05,56,20,13,10,66,1811,1329,482,202,447,1364,7.63423623412479,7.82374717832957,7.11170502074689,7.23267326732673,7.55612975391499,7.65983271260997,160
"149",2014,10,7.99692307692308,65,8.25263157894737,7.63703703703704,7.375,7.44444444444444,8.08571428571429,38,27,12,9,56,1876,1367,509,214,456,1420,7.64680267590618,7.83566934893928,7.13957135559921,7.24065420560748,7.55392543859649,7.67662804225352,161
"150",2014,11,7.75689655172414,87,8.22203389830509,6.77678571428571,6.54545454545455,7.86363636363636,7.74144736842105,59,28,11,11,76,1963,1426,537,225,467,1496,7.65168202750891,7.85165497896213,7.12065515828678,7.20666666666667,7.56122055674518,7.67992100267379,162
"151",2014,12,8.23967391304348,92,8.41159420289855,7.72391304347826,7.4125,8.14583333333333,8.25375,69,23,8,12,80,2055,1495,560,233,479,1576,7.67800575182482,7.8774983277592,7.14543182142857,7.2137339055794,7.57586638830898,7.70904937817259,163
"152",2015,1,8.33239436619718,142,8.6,7.54444444444444,8.03333333333333,8.3125,8.33728070175439,106,36,15,28,114,2197,1601,596,248,507,1690,7.72030123805189,7.92533416614616,7.16953325503356,7.2633064516129,7.6165483234714,7.75142711242603,164
"153",2015,2,7.98979591836735,98,8.2015625,7.59117647058823,7.30769230769231,7.79166666666667,8.01744186046512,64,34,13,12,86,2295,1665,630,261,519,1776,7.73180907189542,7.93595195195195,7.1922886031746,7.26551724137931,7.62059730250482,7.76430845720721,165
"154",2015,3,7.59395604395604,91,8.04583333333333,6.71935483870968,7.04166666666667,7.25,7.63641975308642,60,31,12,10,81,2386,1725,661,273,529,1857,7.72655147527242,7.93977391304348,7.17010865355522,7.25567765567766,7.61359168241966,7.75873011308562,166
"155",2015,4,8.05173913043478,115,8.52042253521127,7.29545454545455,7.46666666666667,8.68666666666667,7.9565,71,44,15,15,100,2501,1796,705,288,544,1957,7.74150412634946,7.96272828507795,7.17793165957447,7.26666666666667,7.64318014705882,7.7688358814512,167
"156",2015,5,8.05013245033113,151,8.31173076923077,7.47127659574468,7.76818181818182,7.96521739130435,8.065390625,104,47,22,23,128,2652,1900,752,310,567,2085,7.75907685520362,7.98183157894737,7.19626571808511,7.30225806451613,7.65624338624338,7.78704164028777,168
"157",2015,6,7.79954545454545,132,8.05759493670886,7.41490566037736,7.45833333333333,7.66521739130435,7.82788990825688,79,53,24,23,109,2784,1979,805,334,590,2194,7.760995625,7.98485598787266,7.21066064596273,7.31347305389222,7.65659322033898,7.78907102096627,169
"158",2015,7,7.87330827067669,133,8.02584269662921,7.56477272727273,7.49814814814815,8.07777777777778,7.84130434782609,89,44,27,18,115,2917,2068,849,361,608,2309,7.76611649640041,7.98661992263056,7.22901274440518,7.32728531855956,7.6690625,7.79167250757904,170
"159",2015,8,7.78044871794872,156,8.05315315315315,7.10777777777778,7.546875,7.88157894736842,7.76642335766423,111,45,16,19,137,3073,2179,894,377,627,2446,7.7668440676863,7.99000917852226,7.22291031319911,7.33660477453581,7.6755023923445,7.79025830744072,171
"160",2015,9,7.80073529411765,136,8.11576086956522,7.14204545454545,7.03846153846154,7.38947368421053,7.86752136752137,92,44,13,19,117,3209,2271,938,390,646,2563,7.76828040511063,7.99510347864377,7.21911707889126,7.32666666666667,7.66708978328173,7.79378533749512,172
"161",2015,10,8.06235294117647,170,8.0968253968254,7.96363636363636,7.77058823529412,8.18636363636364,8.04391891891892,126,44,17,22,148,3379,2397,982,407,668,2711,7.78307541284404,8.00045056320401,7.25247639511202,7.34520884520885,7.68419161676647,7.8074407303578,173
"162",2015,11,7.91670157068063,191,8.16176470588235,7.31072727272727,7.74375,8.00863636363636,7.90473372781065,136,55,24,22,169,3570,2533,1037,431,690,2880,7.79022459943978,8.009111725227,7.25556588235294,7.36740139211137,7.69453623188406,7.8131499375,174
"163",2015,12,7.79602564102564,234,8.05469512195122,7.19,7.01923076923077,8.11540540540541,7.73604060913706,164,70,26,37,197,3804,2697,1107,457,727,3077,7.79058144584648,8.01188357434186,7.25141989159892,7.34759299781182,7.71595598349381,7.80821313617159,175
"164",2016,1,7.89247104247104,259,8.17295081967213,7.21710526315789,7.12068965517241,7.61486486486486,7.93873873873874,183,76,29,37,222,4063,2880,1183,486,764,3299,7.79707650012306,8.02211805555556,7.24921540152156,7.33405349794239,7.71106020942408,7.81699661109427,176
"165",2016,2,7.9783606557377,183,8.13528455284553,7.65666666666667,7.40952380952381,7.5,8.04037037037037,123,60,21,21,162,4246,3003,1243,507,785,3461,7.80488973622233,8.02675324675325,7.26888320193081,7.33717948717949,7.70541401273885,7.82745212944236,177
"166",2016,3,8.0043918128655,171,8.18922413793103,7.61456363636364,7.035,7.5,8.05645806451613,116,55,20,16,155,4417,3119,1298,527,801,3616,7.81261327145121,8.03279576787432,7.2835306779661,7.32571157495256,7.70131086142322,7.8372684789823,178
"167",2016,4,7.80479591836735,196,8.10597014925373,7.15387096774194,7.67090909090909,7.99821428571429,7.77255952380952,134,62,22,28,168,4613,3253,1360,549,829,3784,7.81228112291351,8.0358100215186,7.27761972058824,7.33954462659381,7.71133896260555,7.83439556553911,179
"168",2016,5,8.04785714285714,210,8.18973509933775,7.68474576271186,7.39565217391304,8.39772727272727,8.00691489361702,151,59,23,22,188,4823,3404,1419,572,851,3972,7.82253842421729,8.04263807285547,7.29454744186047,7.3418006993007,7.72908343125734,7.84256113293051,180
"169",2016,6,7.9284,175,8.155625,7.30957446808511,7.659375,7.7,7.9498125,128,47,16,15,160,4998,3532,1466,588,866,4132,7.82624506202481,8.04673272933183,7.29502920873124,7.35044217687075,7.72857967667436,7.84671413843175,181
"170",2016,7,7.71988994974874,199,8.01738461538462,7.15939275362319,6.98605833333333,7.67666666666667,7.726675,130,69,36,27,172,5197,3662,1535,624,893,4304,7.82217258418318,8.04569087930093,7.28893219543974,7.32942003205128,7.72701007838746,7.84191703531599,182
"171",2016,8,7.84561403508772,228,8.08980263157895,7.35723684210526,7.01818181818182,8.08620689655172,7.8105527638191,152,76,22,29,199,5425,3814,1611,646,922,4503,7.82315777327189,8.04744887257473,7.29215451272502,7.31882058823529,7.73830802603037,7.84053096158117,183
"172",2016,9,7.93484848484848,198,8.18473282442748,7.44626865671642,6.97826086956522,8.12142857142857,7.90411764705882,131,67,23,28,170,5623,3945,1678,669,950,4673,7.82709068468789,8.05200760456274,7.29830805721097,7.30711225710015,7.7496,7.84284419430772,184
"173",2016,10,7.92144303797468,237,8.15140506329114,7.46151898734177,7.69189189189189,7.8258064516129,7.93583495145631,158,79,37,31,206,5860,4103,1757,706,981,4879,7.83090664163823,8.05583524250549,7.30564651109846,7.32727776203966,7.75200815494393,7.84677042836647,185
"174",2016,11,7.79501858736059,269,7.98648648648649,7.37333333333333,7.32162162162162,7.86216216216216,7.78431034482759,185,84,37,37,232,6129,4288,1841,743,1018,5111,7.82933152553435,8.05284328358209,7.30873488321564,7.32699609690444,7.75601178781925,7.84393522207004,186
"175",2016,12,7.91430555555556,216,8.20394736842105,7.22640625,7.13913043478261,7.78823529411765,7.93785714285714,152,64,23,34,182,6345,4440,1905,766,1052,5293,7.83222425847124,8.05801621621622,7.30596898687664,7.32135522193211,7.75705323193916,7.8471647307765,187
"176",2017,1,7.81211356466877,317,8.0763963963964,7.19452631578947,7.475,7.68315789473684,7.82967741935484,222,95,34,38,279,6662,4662,2000,800,1090,5572,7.83126732512759,8.05889146289146,7.30067546,7.327885125,7.75447706422018,7.84628910983489,188
"177",2017,2,7.90472222222222,216,8.22743055555556,7.25930555555556,7.004,7.67272727272727,7.93103092783505,144,72,25,22,194,6878,4806,2072,825,1112,5766,7.83357413783077,8.06394132334582,7.2992378957529,7.31807042424242,7.75285971223021,7.84914029136316,189
"178",2017,3,7.71988047808765,251,8.01568047337278,7.11024390243902,7.18314285714286,7.825,7.70668161434978,169,82,35,28,223,7129,4975,2154,860,1140,5989,7.82957117688315,8.06230190954774,7.29204313834726,7.31257918604651,7.75463157894737,7.84383585239606,190
"179",2017,4,7.73361111111111,180,8.00968992248062,7.03529411764706,7.3,7.70434782608696,7.73789808917197,129,51,20,23,157,7309,5104,2205,880,1163,6146,7.8272079518402,8.06097217868339,7.28610472562358,7.31229329545454,7.75363714531384,7.84112966482265,191
"180",2017,5,7.7725,152,8.073,7.19461538461538,6.97777777777778,7.68421052631579,7.78511278195489,100,52,18,19,133,7461,5204,2257,898,1182,6279,7.8260934083903,8.06120330514989,7.2839968630926,7.30558808463252,7.75252115059222,7.83994313107183,192
"181",2017,6,7.6926618705036,139,7.96422222222222,7.19387755102041,7.40625,7.39375,7.73154471544715,90,49,16,16,123,7600,5294,2306,914,1198,6402,7.82365301578947,8.05955459010201,7.28208192541197,7.30735021881838,7.74772954924875,7.8378604998438,193
"182",2017,7,7.75270114942529,174,8.27605263157895,6.75833333333333,7.00454545454545,7.29444444444444,7.80557692307692,114,60,22,18,156,7774,5408,2366,936,1216,6558,7.82206494983278,8.06411834319527,7.26880005071851,7.30023301282051,7.7410197368421,7.83709254650808,194
"183",2017,8,7.75567567567568,185,7.99059829059829,7.35147058823529,7.53913043478261,7.81363636363636,7.7478527607362,117,68,23,22,163,7959,5525,2434,959,1238,6721,7.8205217891695,8.06256144796381,7.271109663106,7.30596256517205,7.74231017770598,7.83492827257849,195
"184",2017,9,7.84966480446927,179,8.14943925233645,7.40416666666667,7.29655172413793,7.69047619047619,7.87082278481013,107,72,29,21,158,8138,5632,2506,988,1259,6879,7.82116280658639,8.06421200284091,7.27493252992817,7.30568633603239,7.74144559173947,7.83575271405728,196
"185",2017,10,7.83558368421053,190,8.04940740740741,7.31074363636364,7.29242380952381,7.72608695652174,7.85066407185629,135,55,21,23,167,8328,5767,2561,1009,1282,7046,7.82149181316042,8.06386544130397,7.27570160874658,7.30541030723489,7.74117004680187,7.83610613397672,197
"186",2017,11,7.62428571428571,189,8.07727272727273,6.81823529411765,6.09130434782609,7.2,7.69196319018405,121,68,23,26,163,8517,5888,2629,1032,1308,7209,7.81711562991664,8.06414096467392,7.26386908330163,7.27835174418605,7.7304128440367,7.83284697184076,198
"187",2017,12,7.77869158878505,214,8.19411764705882,7.05435897435897,6.62121212121212,7.11,7.88771739130435,136,78,33,30,184,8731,6024,2707,1065,1338,7393,7.81617384262971,8.06707536520585,7.25783222016993,7.2579896713615,7.71650224215247,7.83421260922494,199
"188",2018,1,7.71774834437086,302,8.07384236453202,6.98757575757576,6.93857142857143,7.78,7.707969348659,203,99,35,41,261,9033,6227,2806,1100,1379,7654,7.81288318609543,8.06729596916654,7.24829715609408,7.24782636363636,7.718390137781,7.82990773713091,200
"189",2018,2,7.75922279792746,193,8.08661417322835,7.12924242424242,7.35178571428571,7.45625,7.80224852071006,127,66,28,24,169,9226,6354,2872,1128,1403,7823,7.81176065683937,8.06768209002204,7.24556121866295,7.25040691489362,7.71390591589451,7.82931021602966,201
"190",2018,3,7.65923976608187,171,7.88652542372881,7.15320754716981,6.83928571428571,7.15130434782609,7.73817567567568,118,53,28,23,148,9397,6472,2925,1156,1426,7971,7.80898518889007,8.06437917181706,7.2438878017094,7.24044896193772,7.7048316970547,7.82761809308744,202
"191",2018,4,7.77694444444444,180,7.93058252427184,7.57142857142857,7.09090909090909,7.24782608695652,7.85445859872612,103,77,22,23,157,9577,6575,3002,1178,1449,8128,7.80838298214472,8.06228319391635,7.25228908061292,7.23765619694398,7.69757763975155,7.82813654281496,203
"192",2018,5,7.444416625,160,7.81113468085106,6.92212121212121,6.675,6.52631578947368,7.56813234042553,94,66,20,19,141,9737,6669,3068,1198,1468,8269,7.80240222655849,8.0587432388664,7.24518638200782,7.22826293823039,7.68241825613079,7.82370304510824,204
"193",2018,6,7.61006634328358,134,8.00805258064516,6.70731707317073,6.69444444444444,7.1375,7.67414313559322,93,41,18,16,118,9871,6762,3109,1216,1484,8387,7.79979124404822,8.05804607364685,7.23809321968479,7.22036101973684,7.67654312668464,7.82159882794802,205
"194",2018,7,7.92603773584906,159,8.15218181818182,7.41836734693878,6.95238095238095,7.88190476190476,7.93275362318841,110,49,21,21,138,10030,6872,3158,1237,1505,8525,7.80179255932204,8.05955290308499,7.24089037998733,7.2158116410671,7.67940863787375,7.82339816656892,206
"195",2018,8,7.73479532163743,171,7.9890756302521,7.15288461538462,7.17727272727273,7.75,7.73255033557047,119,52,22,22,149,10201,6991,3210,1259,1527,8674,7.8006694804431,8.0583532470319,7.23946474143302,7.21513820492455,7.68042567125082,7.82183760318192,207
"196",2018,9,7.78642763157895,152,8.11037,7.16346153846154,6.875,7.37452941176471,7.8382962962963,100,52,20,17,135,10353,7091,3262,1279,1544,8809,7.80046038539554,8.05908680722042,7.23825316370325,7.20981939014856,7.67705764248705,7.82208983653082,208
"197",2018,10,7.6248275862069,203,7.88485714285714,7.04698412698413,7.028,7.91578947368421,7.59478260869565,140,63,25,19,184,10556,7231,3325,1304,1563,8993,7.79708283156499,8.05571353201494,7.23462911879699,7.20633358895706,7.67995969289827,7.81743904926054,209
"198",2018,11,7.86589680203046,197,8.12854169117647,7.28032786885246,7.10416666666667,8.07,7.82332312883436,136,61,24,34,163,10753,7367,3386,1328,1597,9156,7.79834353575746,8.05705799104113,7.23545239810986,7.20448719879518,7.68826361928616,7.81754380078637,210
"199",2018,12,7.62829470588235,187,7.93944,7.00098564516129,7.19565217391304,7.3,7.66761143712575,125,62,23,20,167,10940,7492,3448,1351,1617,9323,7.79543685100549,8.05509559797117,7.23123634860789,7.20433678756477,7.68346134817563,7.8148581089778,211
"200",2019,1,7.63949491735537,242,7.89879625,7.05081081081081,6.86486486486486,7.36033333333333,7.67899891509434,168,74,37,30,212,11182,7660,3522,1388,1647,9535,7.79206196744768,8.05166762271541,7.22744546564452,7.19528746397695,7.67757559198543,7.81183743261668,212
"201",2019,2,7.77995348837209,215,8.05821917808219,7.19115942028986,7.54,7.60714285714286,7.80582887700535,146,69,25,28,187,11397,7806,3591,1413,1675,9722,7.79183354566991,8.05179016013323,7.22674824004455,7.2013864118896,7.67639820895522,7.81172185969965,213
"202",2019,3,7.62305084745763,177,7.99863636363636,7.00641791044776,7.07433333333333,7.50764705882353,7.6353125,110,67,30,17,160,11574,7916,3658,1443,1692,9882,7.78925236910316,8.05105153991915,7.22271266539092,7.19874497574498,7.67470271867612,7.8088656061526,214
"203",2019,4,7.534,170,7.941,6.95257142857143,6.74074074074074,6.39473684210526,7.67735099337748,100,70,27,19,151,11744,8016,3728,1470,1711,10033,7.78555746934605,8.04967864146707,7.21764027092274,7.19033265306123,7.66048918760958,7.80688626731785,215
"204",2019,5,7.67952631578947,190,7.81825396825397,7.40640625,7.16086956521739,7.375,7.70752873563218,126,64,23,16,174,11934,8142,3792,1493,1727,10207,7.78386935813642,8.046097272169,7.22082619462025,7.18987876758205,7.65784423856398,7.80519250710297,216
"205",2019,6,7.69634482758621,145,7.98816091954023,7.25862068965517,7.23529411764706,7.21111111111111,7.72845588235294,87,58,17,9,136,12079,8229,3850,1510,1736,10343,7.7828186869774,8.04548474784299,7.22139556623376,7.19039006622517,7.65552822580645,7.80418349801798,217
"206",2019,7,7.76220125786164,159,8.00323529411765,7.33087719298246,7.40352941176471,7.42307692307692,7.79239726027397,102,57,17,13,146,12238,8331,3907,1527,1749,10489,7.78255081876124,8.04496746969151,7.22299281545943,7.19276293385724,7.65380045740423,7.80401944131948,218
"207",2019,8,7.68149171270718,181,7.94869565217391,7.21590909090909,7.62916666666667,7.64705882352941,7.68506097560976,115,66,24,17,164,12419,8446,3973,1551,1766,10653,7.7810779386424,8.0436566410135,7.22287513969292,7.19951579626048,7.6537355605889,7.80218810851403,219
"208",2019,9,7.85783950617284,162,8.12245454545454,7.29807692307692,7.2,7.70714285714286,7.87209459459459,110,52,20,14,148,12581,8556,4025,1571,1780,10801,7.78206636356411,8.04466970430108,7.22384669068323,7.19952196053469,7.65415561797753,7.80314599759282,220
"209",2019,10,7.5452087283237,173,7.7963025210084,6.99187240740741,7.01414136363636,7.72105263157895,7.5235137012987,119,54,22,19,154,12754,8675,4079,1593,1799,10955,7.77885353849773,8.04126270778098,7.22077569012013,7.19696177652229,7.65486214563646,7.79921506435418,221
"210",2019,11,7.46621761658031,193,7.68344827586207,7.13896103896104,6.95833333333333,7.48157894736842,7.46454022988506,116,77,24,19,174,12947,8791,4156,1617,1818,11129,7.77419309724261,8.03654123421681,7.21925987487969,7.19341998144713,7.65305115511551,7.79398248090574,222
"211",2019,12,7.53954545454545,220,7.73947368421053,7.09264705882353,7.07107142857143,7.65652173913043,7.5258883248731,152,68,28,23,197,13167,8943,4224,1645,1841,11326,7.77027250170882,8.03149211562116,7.21722160037879,7.19133745288754,7.65309451385117,7.78931935634823,223
"212",2020,1,7.49406976744186,301,7.92546153846154,6.70047169811321,6.67361111111111,7.37333333333333,7.50743542435424,195,106,36,30,271,13468,9138,4330,1681,1871,11597,7.76409957157707,8.0292294801926,7.20457137182448,7.18024991671624,7.64860876536611,7.78273226092955,224
"213",2020,2,7.58619557788945,199,8.04338461538462,6.72482492753623,6.62381185185185,6.9,7.64213543478261,130,69,27,15,184,13667,9268,4399,1708,1886,11781,7.76150917904441,8.02942803085887,7.19704636508297,7.171453764637,7.64265482502651,7.78053636788049,225
"214",2020,3,7.29043010752688,186,7.76179487179487,6.49115942028986,6.20310344827586,7.3,7.28927710843374,117,69,29,20,166,13853,9385,4468,1737,1906,11947,7.75518414422869,8.02609152797017,7.18614524619516,7.15528671848014,7.6390592864638,7.77371046706286,226
"215",2020,4,7.65233454545455,209,7.80383053333333,7.26717525423729,7.1423335,7.68463782608696,7.64834005376344,150,59,20,23,186,14062,9535,4527,1757,1929,12133,7.75365551628502,8.02259502569481,7.18720130329136,7.15513927148549,7.63960273198548,7.77178852715734,227
"216",2020,5,7.74302325581395,215,7.9218954248366,7.30161290322581,7.136,7.8,7.73586387434555,153,62,25,24,191,14277,9688,4589,1782,1953,12324,7.75349540309589,8.02100470375723,7.18874706907823,7.15487076318743,7.64157381976446,7.7712317591691,228
"217",2020,6,7.73287634408602,186,8.07094017094017,7.15963768115942,7.30384615384615,8.03571428571429,7.70822674418605,117,69,26,14,172,14463,9805,4658,1808,1967,12496,7.75323023369979,8.02160056807751,7.18831586517819,7.15701310840708,7.64437908998475,7.77036453265045,229
"218",2020,7,7.52972826086957,184,7.7681981981982,7.16712328767123,7.08260869565217,7.16666666666667,7.55505813953488,111,73,23,12,172,14647,9916,4731,1831,1979,12668,7.7504225349901,8.01876397438484,7.18798886070598,7.15607848170399,7.64148240020212,7.76744120618882,230
"219",2020,8,7.77475097701149,174,8.10090398305085,7.0875,7.38333333333333,8.45909090909091,7.67570177631579,118,56,18,22,152,14821,10034,4787,1849,2001,12820,7.750708153296,8.01972994219653,7.18681330687278,7.158290805841,7.6504715992004,7.7663535,231
"220",2020,9,7.49565476190476,168,7.92645454545455,6.67862068965517,6.86315789473684,7.44827586206897,7.50553956834532,110,58,19,29,139,14989,10144,4845,1868,2030,12959,7.74784945893655,8.01871847791798,7.18072968008256,7.15528891862955,7.64758308866995,7.76355597422641,232
"221",2020,10,7.57538586206897,203,7.89017674242424,6.99014084507042,6.65909090909091,7.1908,7.62940073033708,132,71,22,25,178,15192,10276,4916,1890,2055,13137,7.74554494931543,8.0170672995329,7.17797707485761,7.14951306878307,7.64202611678832,7.761738235518,233
"222",2020,11,7.55711934156379,243,7.80142857142857,7.07743902439024,7.11428571428571,7.40833333333333,7.57342465753425,161,82,28,24,219,15435,10437,4998,1918,2079,13356,7.74257848202138,8.01374088052123,7.17632759103641,7.1489988008342,7.63932836459836,7.75865043426176,234
"223",2020,12,7.38606495575221,226,7.55660338028169,7.09777380952381,7.17166666666667,7.26554166666667,7.40038455445545,142,84,30,24,202,15661,10579,5082,1948,2103,13558,7.73743372390014,8.00760480669251,7.17502918142463,7.14934789527721,7.63506261055635,7.75331264788317,235
"224",2021,1,7.56982590604027,298,7.83465347150259,7.08304761904762,6.58444444444444,7.35151515151515,7.59701177358491,193,105,45,33,265,15959,10772,5187,1993,2136,13823,7.73430400839652,8.00450606851096,7.17316720647773,7.13659292523834,7.63068196161049,7.75031621211025,236
"225",2021,2,7.64659814977974,227,7.80966738853503,7.28085714285714,7.21111111111111,7.30714285714286,7.69436070351759,157,70,27,28,199,16186,10929,5257,2020,2164,14022,7.73307398060052,8.00170712325007,7.17460116035762,7.13758896039604,7.62649568853974,7.74952209242619,237
"226",2021,3,7.46854166666667,192,7.93276923076923,6.49516129032258,6.63,7.78125,7.44011363636364,130,62,30,16,176,16378,11059,5319,2050,2180,14198,7.72997285688118,8.000896749254,7.16668138747885,7.13016082926829,7.6276315,7.74568663051134,238
"227",2021,4,7.3664161849711,173,7.41877358490566,7.28358208955224,7.27142857142857,6.31578947368421,7.49603896103896,106,67,21,19,154,16551,11165,5386,2071,2199,14352,7.72617276599601,7.99537009852217,7.16813559227627,7.13159328826654,7.61629680309231,7.74300785813824,239
"228",2021,5,7.50817458333333,168,7.91579576576577,6.71438596491228,6.53130434782609,7.01666666666667,7.56715553333333,111,57,23,18,150,16719,11276,5443,2094,2217,14502,7.72398222262097,7.99458677545229,7.16338385081756,7.12499985673353,7.61142835814163,7.74118894704179,240
"229",2021,6,7.27132867132867,143,7.62833333333333,6.66509433962264,6.67592592592593,7.38461538461539,7.26,90,53,27,13,130,16862,11366,5496,2121,2230,14632,7.72014344561737,7.99168665141651,7.15857865720524,7.1192832154644,7.61010613004484,7.73691375820121,241
"230",2021,7,7.32733333333333,129,7.6896282051282,6.77323529411765,6.46527777777778,7.12131578947368,7.36291818181818,78,51,18,19,110,16991,11444,5547,2139,2249,14742,7.7171611311871,7.98962788185949,7.15503574905354,7.11377966339411,7.60597673188084,7.73412312508479,242
"231",2021,8,7.52313664596273,161,7.80397196261682,6.96666666666667,6.66818181818182,7.46717391304348,7.53246376811594,107,54,22,23,138,17152,11551,5601,2161,2272,14880,7.71533988922575,7.98790810146308,7.15321965720407,7.10924326700602,7.60457159771127,7.73225289717742,243
"232",2021,9,7.42052023121387,173,7.78605769230769,6.8695652173913,6.36875,8.13181818181818,7.31688741721854,104,69,16,22,151,17325,11655,5670,2177,2294,15031,7.71239594689755,7.98610694809095,7.14976777777778,7.10380096463023,7.60962801656495,7.72808017497173,244
"233",2021,10,7.38489795918367,147,7.64627906976744,7.01639344262295,6.63888888888889,7.32142857142857,7.39157894736842,86,61,18,14,133,17472,11741,5731,2195,2308,15164,7.709640555174,7.98361779064816,7.14834815913453,7.0999884738041,7.60787983968804,7.72512879912952,245
"234",2021,11,7.55393258426966,178,7.80619469026549,7.11538461538461,6.51304347826087,7.16666666666667,7.60573248407643,113,65,23,21,157,17650,11854,5796,2218,2329,15321,7.70807024249292,7.98192647882571,7.14797848516218,7.09390202885482,7.60390153284671,7.72390530056785,246
"235",2021,12,7.48972093023256,215,7.71993333333333,6.95846153846154,6.8695652173913,7.63,7.47533333333333,150,65,23,20,195,17865,12004,5861,2241,2349,15516,7.70544247299189,7.97865265578141,7.14587669339703,7.09159959839357,7.60412374201788,7.72078132959526,247
"236",2022,1,7.40551155115512,303,7.68512195121951,6.82061224489796,6.66970588235294,7.375,7.40911439114391,205,98,34,32,271,18168,12209,5959,2275,2381,15787,7.70044032254514,7.97372401343271,7.14052748783353,7.08529437362637,7.60104438051239,7.71543124786217,248
"237",2022,2,7.35509933774834,151,7.53787878787879,7.00711538461538,6.57611111111111,7.3185,7.36068702290076,99,52,18,20,131,18319,12308,6011,2293,2401,15918,7.69759374310825,7.97021827104323,7.13937336549659,7.08129729611862,7.59869082465639,7.71251181743938,249
"238",2022,3,7.19034965034965,143,7.68847058823529,6.46034482758621,6.73076923076923,6.845,7.23385826771654,85,58,13,16,127,18462,12393,6069,2306,2417,16045,7.69366481312967,7.96828584523521,7.13288405009062,7.07932120555074,7.59370155978486,7.70872316048614,250
"239",2022,4,7.48568077464789,142,7.71157894736842,7.02907808510638,6.55294117647059,7.45238095238095,7.49146008264463,95,47,17,21,121,18604,12488,6116,2323,2438,16166,7.69207731939368,7.96633299807816,7.13208632603008,7.07546909169178,7.5924842780968,7.70709698008165,251
"240",2022,5,7.16885350318471,157,7.47825242718447,6.5787037037037,6.19090909090909,7.051875,7.18212765957447,103,54,22,16,141,18761,12591,6170,2345,2454,16307,7.68769876072704,7.96234028115321,7.12724310696921,7.0671704477612,7.58895952322738,7.70255778377384,252
"241",2022,6,7.45483741496599,147,7.70684210526316,6.99444423076923,6.47777777777778,6.35833333333333,7.55230444444444,95,52,18,12,135,18908,12686,6222,2363,2466,16442,7.68588838322404,7.96042696515844,7.12613324815172,7.062680787135,7.58297107461476,7.70132410169079,253
"242",2022,7,7.34029850746269,134,7.59148936170213,6.75,6.85714285714286,7.4,7.33798449612403,94,40,14,5,129,19042,12780,6262,2377,2471,16571,7.68345644102511,7.95771333959312,7.12373060843181,7.06147021455616,7.58260083771752,7.69849561764529,254
"243",2022,8,7.32788617886179,123,7.5275,6.89794871794872,6.83333333333333,6.72727272727273,7.386875,84,39,12,11,112,19165,12864,6301,2389,2482,16683,7.68117440907905,7.95490411069652,7.12233313283606,7.06032427794056,7.57881010072522,7.69640357729425,255
"244",2022,9,7.18766917293233,133,7.47179775280899,6.61295454545455,6.28125,6.5,7.25586776859504,89,44,16,12,121,19298,12953,6345,2405,2494,16804,7.67777321743186,7.95158468926118,7.11880079905437,7.05514124740125,7.57361935445068,7.69323142585099,256
"245",2022,10,7.33763888888889,144,7.58039603960396,6.76744186046512,6.84090909090909,7.125,7.35014705882353,101,43,22,8,136,19442,13054,6388,2427,2502,16940,7.67525396306965,7.94871276850008,7.1164356715717,7.05319929954677,7.57218492006395,7.69047702951594,257
"246",2022,11,7.28022598870056,177,7.5349593495935,6.7,6.7625,6.88571428571429,7.31411042944785,123,54,24,14,163,19619,13177,6442,2451,2516,17103,7.67169007339824,7.94485060939516,7.1129449037566,7.05035279477764,7.56836513116057,7.68689007074782,258
"247",2022,12,7.30248648648649,185,7.49703125,6.86561403508772,6.23470588235294,6.60833333333333,7.37730538922156,128,57,17,18,167,19804,13305,6499,2468,2534,17270,7.66824114067865,7.94054238857572,7.11077566856439,7.04473448136143,7.56154564719811,7.683896403011,259
