"","year","month","avg_rating","no_ratings","avg_rating_owned","avg_rating_not_owned","avg_rating_prev_owned","avg_rating_comment","avg_rating_no_comment","no_ratings_owned","no_ratings_not_owned","no_ratings_prev_owned","no_ratings_comment","no_ratings_no_comment","cum_no_ratings","cum_no_ratings_owned","cum_no_ratings_not_owned","cum_no_ratings_prev_owned","cum_no_ratings_comment","cum_no_ratings_no_comment","cum_avg_rating","cum_avg_rating_owned","cum_avg_rating_not_owned","cum_avg_rating_prev_owned","cum_avg_rating_comment","cum_avg_rating_no_comment","month_after_release"
"1",2006,12,9,1,9,NA,NA,NA,9,1,0,0,0,1,1,1,0,0,0,1,9,9,NA,NA,NA,9,-8
"2",2007,1,9,1,9,NA,NA,9,NA,1,0,0,1,0,2,2,0,0,1,1,9,9,NA,NA,9,9,-7
"3",2007,2,8.5,2,9,8,NA,8,9,1,1,0,1,1,4,3,1,0,2,2,8.75,9,8,NA,8.5,9,-6
"4",2007,3,8.33333333333333,3,8.33333333333333,NA,NA,NA,8.33333333333333,3,0,0,0,3,7,6,1,0,2,5,8.57142857142857,8.66666666666667,8,NA,8.5,8.6,-5
"5",2007,4,9,1,9,NA,NA,NA,9,1,0,0,0,1,8,7,1,0,2,6,8.625,8.71428571428571,8,NA,8.5,8.66666666666667,-4
"6",2007,5,5.25,2,NA,5.25,5,5.25,NA,0,2,1,2,0,10,7,3,1,4,6,7.95,8.71428571428571,6.16666666666667,5,6.875,8.66666666666667,-3
"7",2007,7,8,1,NA,8,NA,NA,8,0,1,0,0,1,11,7,4,1,4,7,7.95454545454545,8.71428571428571,6.625,5,6.875,8.57142857142857,-1
"8",2007,8,7,13,7.42857142857143,6.5,7,5.66666666666667,7.4,7,6,1,3,10,24,14,10,2,7,17,7.4375,8.07142857142857,6.55,6,6.35714285714286,7.88235294117647,0
"9",2007,9,7.03676470588235,34,7.44047619047619,6.38461538461539,6,6.75,7.2375,21,13,1,14,20,58,35,23,3,21,37,7.20258620689655,7.69285714285714,6.45652173913043,6,6.61904761904762,7.53378378378378,1
"10",2007,10,6.66020408163265,49,7.60961538461538,5.58695652173913,5.5,6.38055555555556,6.82258064516129,26,23,5,18,31,107,61,46,8,39,68,6.95420560747663,7.65737704918033,6.02173913043478,5.6875,6.50897435897436,7.20955882352941,2
"11",2007,11,6.42424242424242,33,7.30434782608696,4.4,5.5,5.11111111111111,6.91666666666667,23,10,2,9,24,140,84,56,10,48,92,6.82928571428571,7.56071428571429,5.73214285714286,5.65,6.246875,7.13315217391304,3
"12",2007,12,6.875,36,7.07407407407407,6.27777777777778,6.5,6.65384615384615,7,27,9,1,13,23,176,111,65,11,61,115,6.83863636363636,7.44234234234234,5.80769230769231,5.72727272727273,6.33360655737705,7.10652173913043,4
"13",2008,1,6.7906976744186,43,7.17391304347826,6.35,6,7,6.7,23,20,1,13,30,219,134,85,12,74,145,6.82922374429224,7.39626865671642,5.93529411764706,5.75,6.45067567567568,7.02241379310345,5
"14",2008,2,6.5695652173913,23,7.59166666666667,5.45454545454545,6.25,6.05,6.96923076923077,12,11,4,10,13,242,146,96,16,84,158,6.80454545454545,7.41232876712329,5.88020833333333,5.875,6.40297619047619,7.01803797468354,6
"15",2008,3,6.96,35,7.56153846153846,5.22222222222222,7,7.58333333333333,6.63478260869565,26,9,1,12,23,277,172,105,17,96,181,6.82418772563177,7.43488372093023,5.82380952380952,5.94117647058824,6.55052083333333,6.96933701657458,7
"16",2008,4,5.70434782608696,23,6.58181818181818,4.9,1,5.24166666666667,6.20909090909091,11,12,1,12,11,300,183,117,18,108,192,6.73833333333333,7.38360655737705,5.72905982905983,5.66666666666667,6.40509259259259,6.92578125,8
"17",2008,5,7.13333333333333,15,7.77777777777778,6.16666666666667,5.75,6.66666666666667,7.25,9,6,2,3,12,315,192,123,20,111,204,6.75714285714286,7.40208333333333,5.75040650406504,5.675,6.41216216216216,6.94485294117647,9
"18",2008,6,6.34583333333333,24,7.15333333333333,5,3,6.5,6.29444444444444,15,9,1,6,18,339,207,132,21,117,222,6.72802359882006,7.38405797101449,5.69924242424242,5.54761904761905,6.41666666666667,6.89211711711712,10
"19",2008,7,5.85714285714286,14,6.375,5.16666666666667,5.66666666666667,5,6,8,6,3,2,12,353,215,138,24,119,234,6.69348441926346,7.34651162790698,5.67608695652174,5.5625,6.39285714285714,6.84636752136752,11
"20",2008,8,5.88260869565217,23,6.44285714285714,5.6375,5.88571428571429,6.41666666666667,5.69411764705882,7,16,7,6,17,376,222,154,31,125,251,6.64388297872341,7.31801801801802,5.67207792207792,5.63548387096774,6.394,6.76832669322709,12
"21",2008,9,5.60526315789474,19,5.75,5.35714285714286,4.66666666666667,4.2,6.10714285714286,12,7,3,5,14,395,234,161,34,130,265,6.59392405063291,7.23760683760684,5.6583850931677,5.55,6.30961538461538,6.73339622641509,13
"22",2008,10,6.77272727272727,22,7,6.44444444444444,6.5,6.85714285714286,6.73333333333333,13,9,4,7,15,417,247,170,38,137,280,6.60335731414868,7.2251012145749,5.7,5.65,6.33759124087591,6.73339285714286,14
"23",2008,11,6.375,20,7.07142857142857,6,6,5.33333333333333,6.82142857142857,7,13,5,6,14,437,254,183,43,143,294,6.5929061784897,7.22086614173228,5.72131147540984,5.6906976744186,6.29545454545455,6.7375850340136,15
"24",2008,12,6.28529411764706,34,7.55,5.4,6.08333333333333,6.1,6.3625,14,20,6,10,24,471,268,203,49,153,318,6.57070063694268,7.23805970149254,5.68965517241379,5.73877551020408,6.28267973856209,6.70927672955975,16
"25",2009,1,6.56944444444444,36,6.625,6.5,6.72222222222222,6.77777777777778,6.5,20,16,9,9,27,507,288,219,58,162,345,6.57061143984221,7.19548611111111,5.74885844748858,5.89137931034483,6.31018518518519,6.69289855072464,17
"26",2009,2,5.75694444444444,36,6.20833333333333,5.53125,5.36111111111111,5.05555555555556,5.99074074074074,12,24,9,9,27,543,300,243,67,171,372,6.51666666666667,7.156,5.72736625514403,5.82014925373134,6.24415204678363,6.64193548387097,18
"27",2009,3,6.65909090909091,22,7.18181818181818,6.13636363636364,6.1,6.66666666666667,6.65789473684211,11,11,5,3,19,565,311,254,72,174,391,6.52221238938053,7.15691318327974,5.74507874015748,5.83958333333333,6.2514367816092,6.64271099744245,19
"28",2009,4,6.63,30,7.21470588235294,5.86538461538461,6.5625,6.6875,6.60909090909091,17,13,4,8,22,595,328,267,76,182,413,6.52764705882353,7.15990853658537,5.75093632958801,5.87763157894737,6.2706043956044,6.6409200968523,20
"29",2009,5,5.8125,16,5.35714285714286,6.16666666666667,6.66666666666667,6,5.7,7,9,3,6,10,611,335,276,79,188,423,6.50891980360066,7.12223880597015,5.76449275362319,5.90759493670886,6.26196808510638,6.61867612293144,21
"30",2009,6,6.21612903225806,31,7.27777777777778,5.78181818181818,5.65,6.71428571428571,6.07083333333333,9,22,10,7,24,642,344,298,89,195,447,6.49478193146418,7.12630813953488,5.76577181208054,5.87865168539326,6.27820512820513,6.58926174496644,22
"31",2009,7,5.84210526315789,19,6.65,4.94444444444444,4.25,4.6,6.28571428571429,10,9,4,5,14,661,354,307,93,200,461,6.47602118003026,7.11285310734463,5.74169381107492,5.80860215053764,6.23625,6.58004338394794,23
"32",2009,8,6.368,25,6.58333333333333,6.16923076923077,5.85714285714286,6.05555555555556,6.54375,12,13,7,9,16,686,366,320,100,209,477,6.47208454810496,7.09549180327869,5.7590625,5.812,6.22846889952153,6.57882599580713,24
"33",2009,9,6.15147058823529,34,6.88636363636364,5.8,5.53636363636364,5.77272727272727,6.33260869565217,11,23,11,11,23,720,377,343,111,220,500,6.45694444444444,7.0893899204244,5.76180758017493,5.78468468468469,6.20568181818182,6.5675,25
"34",2009,10,6.64090909090909,33,7.0475,6.01538461538462,6.02,6.11666666666667,6.8375,20,13,10,9,24,753,397,356,121,229,524,6.46500664010624,7.08727959697733,5.77106741573034,5.80413223140496,6.20218340611354,6.57986641221374,26
"35",2009,11,5.97121212121212,33,6.575,5.70869565217391,5.80714285714286,5.6,6.13260869565217,10,23,14,10,23,786,407,379,135,239,547,6.44427480916031,7.07469287469288,5.76728232189974,5.80444444444444,6.17698744769874,6.56106032906764,27
"36",2009,12,5.65138888888889,36,7.10357142857143,4.72727272727273,4.6,5.58333333333333,5.68541666666667,14,22,5,12,24,822,421,401,140,251,571,6.4095498783455,7.07565320665083,5.71022443890274,5.76142857142857,6.14860557768924,6.52425569176883,28
"37",2010,1,5.84848484848485,33,6.71428571428571,5.21052631578947,5.5,5.6875,5.9,14,19,10,8,25,855,435,420,150,259,596,6.3878947368421,7.06402298850575,5.68761904761905,5.744,6.13436293436293,6.49807046979866,29
"38",2010,2,6.34,25,6.55555555555556,6.21875,5.66666666666667,5.5,6.45454545454545,9,16,3,3,22,880,444,436,153,262,618,6.38653409090909,7.05371621621622,5.70711009174312,5.74248366013072,6.12709923664122,6.4965210355987,30
"39",2010,3,6.39285714285714,14,7.0625,5.5,6.33333333333333,6.7,6.22222222222222,8,6,3,5,9,894,452,442,156,267,627,6.38663310961969,7.05387168141593,5.70429864253394,5.75384615384615,6.13782771535581,6.49258373205742,31
"40",2010,4,5.812,25,6,5.57272727272727,5.75,5.66666666666667,5.85789473684211,14,11,8,6,19,919,466,453,164,273,646,6.37100108813928,7.02221030042918,5.70110375275938,5.75365853658537,6.12747252747253,6.47391640866873,32
"41",2010,5,6.5,13,6.8,6.3125,6.375,5.33333333333333,6.85,5,8,4,3,10,932,471,461,168,276,656,6.37280042918455,7.01985138004246,5.7117136659436,5.76845238095238,6.11884057971014,6.4796493902439,33
"42",2010,6,6.17857142857143,28,6.72222222222222,5.2,6.5,6.25,6.15,18,10,4,8,20,960,489,471,172,284,676,6.36713541666667,7.00889570552147,5.70084925690021,5.78546511627907,6.12253521126761,6.46989644970414,34
"43",2010,7,6.61428571428571,14,6.94444444444444,6.02,5.66666666666667,7,6.50909090909091,9,5,3,3,11,974,498,476,175,287,687,6.37068788501027,7.00773092369478,5.70420168067227,5.78342857142857,6.13170731707317,6.47052401746725,35
"44",2010,8,6.26428571428571,14,7,5.28333333333333,6.14,5.925,6.4,8,6,5,4,10,988,506,482,180,291,697,6.36918016194332,7.00760869565217,5.69896265560166,5.79333333333333,6.12886597938144,6.46951219512195,36
"45",2010,9,6.90625,16,7.44444444444444,6.21428571428571,6.875,5.33333333333333,7.26923076923077,9,7,4,3,13,1004,515,489,184,294,710,6.3777390438247,7.0152427184466,5.70633946830266,5.81684782608696,6.12074829931973,6.48415492957746,37
"46",2010,10,6.3625,20,6.57692307692308,5.96428571428571,5.625,4.875,7,13,7,4,6,14,1024,528,496,188,300,724,6.37744140625,7.00445075757576,5.70997983870968,5.81276595744681,6.09583333333333,6.49412983425414,38
"47",2010,11,6.3,20,7.33333333333333,5.45454545454545,5,7,6.17647058823529,9,11,7,3,17,1044,537,507,195,303,741,6.37595785440613,7.00996275605214,5.70443786982249,5.78358974358974,6.10478547854786,6.48684210526316,39
"48",2010,12,6.70833333333333,42,6.978,6.31176470588235,6.33333333333333,7.08333333333333,6.55833333333333,25,17,6,12,30,1086,562,524,201,315,771,6.38881215469613,7.0085409252669,5.72414122137405,5.8,6.14206349206349,6.48962386511025,40
"49",2011,1,6.875,32,7.5,5.83333333333333,6.5,7.83333333333333,6.65384615384615,20,12,6,6,26,1118,582,536,207,321,797,6.40272808586762,7.0254295532646,5.72658582089552,5.82028985507246,6.17367601246106,6.49498117942284,41
"50",2011,2,6.94444444444444,9,6.625,7.2,6.5,7,6.92857142857143,4,5,2,2,7,1127,586,541,209,323,804,6.40705412599822,7.02269624573379,5.7402033271719,5.82679425837321,6.17879256965944,6.49875621890547,42
"51",2011,3,6.3305,40,6.8328,5.49333333333333,5.28571428571429,6.40909090909091,6.30068965517241,25,15,7,11,29,1167,611,556,216,334,833,6.40443016281063,7.0149263502455,5.73354316546763,5.80925925925926,6.18637724550898,6.49186074429772,43
"52",2011,4,6.96176470588235,17,7.48333333333333,6.375,5.75,6.625,7.06538461538462,9,8,4,4,13,1184,620,564,220,338,846,6.41243243243243,7.02172580645161,5.74264184397163,5.80818181818182,6.19156804733728,6.50067375886525,44
"53",2011,5,6.66,25,7.69230769230769,5.54166666666667,6,7.5,6.58695652173913,13,12,4,2,23,1209,633,576,224,340,869,6.41755169561621,7.03549763033175,5.73845486111111,5.81160714285714,6.19926470588235,6.50295742232451,45
"54",2011,6,6.08333333333333,18,6.33333333333333,5.83333333333333,6.14285714285714,7,5.82142857142857,9,9,7,4,14,1227,642,585,231,344,883,6.41264873675632,7.02565420560748,5.73991452991453,5.82164502164502,6.20857558139535,6.49215175537939,46
"55",2011,7,6.39130434782609,23,6.57142857142857,6.11111111111111,5.92857142857143,4.91666666666667,6.91176470588235,14,9,7,6,17,1250,656,594,238,350,900,6.412256,7.01596036585366,5.74553872053872,5.82478991596639,6.18642857142857,6.50007777777778,47
"56",2011,8,5.85681818181818,22,6.14583333333333,5.51,5.15,6.43333333333333,5.640625,12,10,4,6,16,1272,668,604,242,356,916,6.40264937106918,7.00032934131736,5.74163907284768,5.81363636363636,6.19058988764045,6.48506550218341,48
"57",2011,9,6.63965517241379,29,7.32333333333333,5.90714285714286,5.5,6.6,6.65,15,14,9,6,23,1301,683,618,251,362,939,6.40793235972329,7.00742313323572,5.74538834951456,5.80239043824701,6.19737569060773,6.4891054313099,49
"58",2011,10,7.32407407407407,27,7.71666666666667,6.83333333333333,6.8,7.2,7.35227272727273,15,12,5,5,22,1328,698,630,256,367,961,6.42655873493976,7.02266475644699,5.76611111111111,5.821875,6.21103542234332,6.5088657648283,50
"59",2011,11,6.21111111111111,27,7.45,5.48235294117647,5.47,6.31428571428571,6.175,10,17,10,7,20,1355,708,647,266,374,981,6.42226568265683,7.02870056497175,5.75865533230294,5.80864661654135,6.2129679144385,6.50205912334353,51
"60",2011,12,6.02222222222222,18,6.74,5.125,5.14285714285714,5.6,6.18461538461538,10,8,7,5,13,1373,718,655,273,379,994,6.41702112163146,7.02467966573816,5.75091603053435,5.79157509157509,6.20488126649076,6.49790744466801,52
"61",2012,1,6.68571428571429,21,6.65,6.71818181818182,6.75,7,6.56,10,11,6,6,15,1394,728,666,279,385,1009,6.42106886657102,7.01953296703297,5.76689189189189,5.81218637992832,6.21727272727273,6.49883052527255,53
"62",2012,2,5.7304347826087,23,6.28666666666667,4.6875,4.3,6.4375,5.35333333333333,15,8,5,8,15,1417,743,674,284,393,1024,6.40985885673959,7.00473755047106,5.75408011869436,5.78556338028169,6.22175572519084,6.48205078125,54
"63",2012,3,7.07619047619048,21,7.19375,6.7,6.875,6.15,7.29411764705882,16,5,4,4,17,1438,759,679,288,397,1041,6.41958970792768,7.00872200263505,5.76104565537555,5.80069444444444,6.22103274559194,6.49531219980788,55
"64",2012,4,6.49,10,7.36666666666667,6.11428571428571,6.7,6,6.6125,3,7,4,2,8,1448,762,686,292,399,1049,6.42007596685083,7.0101312335958,5.7646501457726,5.81301369863014,6.21992481203007,6.49620591039085,56
"65",2012,5,6.325,20,6.92307692307692,5.21428571428571,4.75,4.9,6.8,13,7,4,5,15,1468,775,693,296,404,1064,6.41878065395095,7.00867096774194,5.75909090909091,5.79864864864865,6.20358910891089,6.50048872180451,57
"66",2012,6,5.91333333333333,15,6.09090909090909,5.425,NA,6,5.9,11,4,0,2,13,1483,786,697,296,406,1077,6.41366824005394,6.99582697201018,5.75717360114778,5.79864864864865,6.20258620689655,6.49324048282265,58
"67",2012,7,6.609375,16,6.84545454545455,6.09,4,6.16666666666667,6.875,11,5,1,6,10,1499,797,702,297,412,1087,6.41575717144763,6.99375156838143,5.75954415954416,5.79259259259259,6.20206310679612,6.4967525298988,59
"68",2012,8,6.659625,24,7.3331875,5.3125,4.83333333333333,7.5,6.58322727272727,16,8,3,2,22,1523,813,710,300,414,1109,6.41960013131976,7.00043173431734,5.75450704225352,5.783,6.20833333333333,6.49846798917944,60
"69",2012,9,6.59047619047619,21,7.12727272727273,6,6,6.5,6.6,11,10,4,2,19,1544,824,720,304,416,1128,6.42192422279793,7.002125,5.75791666666667,5.7858552631579,6.20973557692308,6.50017819148936,61
"70",2012,10,6.02777777777778,18,6.39285714285714,4.75,5.33333333333333,6.35714285714286,5.81818181818182,14,4,3,7,11,1562,838,724,307,423,1139,6.41738220230474,6.99194630071599,5.75234806629834,5.7814332247557,6.21217494089834,6.49359174714662,62
"71",2012,11,6.43181818181818,22,6.96153846153846,5.66666666666667,5.2,6.83333333333333,6.28125,13,9,5,6,16,1584,851,733,312,429,1155,6.4175827020202,6.99148178613396,5.75129604365621,5.77211538461539,6.22086247086247,6.49065021645022,63
"72",2012,12,6.22222222222222,27,7.30769230769231,5.21428571428571,5.25,6.25,6.21428571428571,13,14,10,6,21,1611,864,747,322,435,1176,6.41430850403476,6.99623958333333,5.74123159303882,5.75590062111801,6.22126436781609,6.48571513605442,64
"73",2013,1,6.79807692307692,26,6.890625,6.65,5.9,6.625,6.875,16,10,5,8,18,1637,880,757,327,443,1194,6.420403787416,6.99431931818182,5.75323645970938,5.75810397553517,6.22855530474041,6.4915837520938,65
"74",2013,2,6.335,20,6.96153846153846,5.17142857142857,6.33333333333333,5.9,6.48,13,7,3,5,15,1657,893,764,330,448,1209,6.41937296318648,6.99384210526316,5.7479057591623,5.76333333333333,6.22488839285714,6.49144003308519,66
"75",2013,3,6.7203125,32,7.34,5.6875,6.05,7,6.66851851851852,20,12,5,5,27,1689,913,776,335,453,1236,6.42507460035524,7.00142497261774,5.74697164948454,5.76761194029851,6.23344370860927,6.49530825242718,67
"76",2013,4,6.35833333333333,12,6.7,6.11428571428571,6.42,8,6.20909090909091,5,7,5,1,11,1701,918,783,340,454,1247,6.42460376249265,6.99978322440087,5.75025542784164,5.77720588235294,6.23733480176211,6.49278348035285,68
"77",2013,5,7.08333333333333,12,7.71428571428571,6.2,6,6,7.18181818181818,7,5,1,1,11,1713,925,788,341,455,1258,6.42921833041448,7.00519027027027,5.75310913705584,5.77785923753666,6.23681318681319,6.49880842607313,69
"78",2013,6,6.5,11,7.16666666666667,3.5,1,6,6.6875,9,2,1,3,8,1724,934,790,342,458,1266,6.42966995359629,7.00674625267666,5.74740506329114,5.76388888888889,6.23526200873362,6.50000078988942,70
"79",2013,7,6.49047619047619,21,6.67857142857143,6.11428571428571,5.33333333333333,5.75,6.78666666666667,14,7,3,6,15,1745,948,797,345,464,1281,6.43040171919771,7.00189978902954,5.75062735257215,5.76014492753623,6.22898706896552,6.5033575331772,71
"80",2013,8,6.5625,16,7.57142857142857,5.77777777777778,5.5,7.875,6.125,7,9,4,4,12,1761,955,806,349,468,1293,6.43160193072118,7.00607434554974,5.75093052109181,5.75716332378224,6.24305555555555,6.49984609435421,72
"81",2013,9,6.4,10,7.25,5.83333333333333,6,8.5,6.16666666666667,4,6,2,1,9,1771,959,812,351,469,1302,6.43142348955392,7.00709176225235,5.751539408867,5.75854700854701,6.24786780383795,6.49754301075269,73
"82",2013,10,6.80263157894737,19,7.51785714285714,4.8,3.33333333333333,6.4375,7.06818181818182,14,5,3,8,11,1790,973,817,354,477,1313,6.43536368715084,7.01444090441932,5.74571603427173,5.73799435028249,6.25104821802935,6.50232368621478,74
"83",2013,11,6.2037037037037,27,7,5.46428571428571,5.0625,6.2,6.20454545454545,13,14,8,5,22,1817,986,831,362,482,1335,6.43192129884425,7.01425050709939,5.74097472924188,5.72306629834254,6.25051867219917,6.49741647940075,75
"84",2013,12,6.23076923076923,13,6.2,6.25,6.28571428571429,5.8,6.5,5,8,7,5,8,1830,991,839,369,487,1343,6.43049234972677,7.01014228052472,5.7458283671037,5.73373983739837,6.2458932238193,6.49743186895011,76
"85",2014,1,6.31538461538462,26,6.79375,5.55,5.9375,6.8,6.22727272727273,16,10,8,4,22,1856,1007,849,377,491,1365,6.42887984913793,7.0067040714995,5.74352179034158,5.73806366047745,6.25040733197556,6.49307765567766,77
"86",2014,2,6.04545454545455,22,6.70833333333333,5.25,4.5,7.5,5.81578947368421,12,10,6,3,19,1878,1019,859,383,494,1384,6.42438817891374,7.00319038272816,5.73777648428405,5.71866840731071,6.257995951417,6.48377962427746,78
"87",2014,3,6.76666666666667,15,7.1875,6.28571428571429,6.5,8,6.31818181818182,8,7,6,4,11,1893,1027,866,389,498,1395,6.42710036978341,7.00462609542356,5.74220554272517,5.73071979434447,6.27198795180723,6.48247383512545,79
"88",2014,4,6.31333333333333,15,6.6,6.0625,6.1,8.35,6,7,8,5,2,13,1908,1034,874,394,500,1408,6.42620597484277,7.00188684719536,5.74513729977117,5.73540609137056,6.2803,6.47801917613636,80
"89",2014,5,6,13,6.5,5.6875,6.125,6.83333333333333,5.75,5,8,4,3,10,1921,1039,882,398,503,1418,6.42332170744404,6.99947160731473,5.74461451247166,5.7393216080402,6.28359840954274,6.4728850493653,81
"90",2014,6,6.38461538461539,13,6.6875,5.9,4.5,4.875,7.05555555555556,8,5,2,4,9,1934,1047,887,400,507,1427,6.42306153050672,6.99708787010506,5.74549041713642,5.733125,6.27248520710059,6.4765599159075,82
"91",2014,7,5.875,20,6.875,5.20833333333333,5.33333333333333,6.75,5.65625,8,12,6,4,16,1954,1055,899,406,511,1443,6.41745189355169,6.99616208530806,5.73832035595106,5.72721674876847,6.27622309197652,6.46746431046431,83
"92",2014,8,6.55294117647059,17,7.15555555555556,5.875,4.5,8.25,6.03076923076923,9,8,2,4,13,1971,1064,907,408,515,1456,6.41862049720954,6.99751033834586,5.73952590959206,5.72120098039216,6.29155339805825,6.46356524725275,84
"93",2014,9,6.75,16,7.625,5.875,7.5,6.8,6.72727272727273,8,8,2,5,11,1987,1072,915,410,520,1467,6.42128887770508,7.00219309701493,5.74071038251366,5.72987804878049,6.29644230769231,6.46554260395365,85
"94",2014,10,6.74814814814815,27,7.28,6.08333333333333,6,6.2,6.87272727272727,15,12,3,5,22,2014,1087,927,413,525,1489,6.42567080436941,7.00602667893284,5.74514563106796,5.7318401937046,6.29552380952381,6.47155876427132,86
"95",2014,11,6.69444444444444,18,6.91666666666667,6.25,7.125,7,6.60714285714286,12,6,4,4,14,2032,1099,933,417,529,1503,6.42805167322835,7.00505095541401,5.7483922829582,5.74520383693046,6.30085066162571,6.47282168995343,87
"96",2014,12,6.325,20,6.63333333333333,5.4,6,NA,6.325,15,5,3,0,20,2052,1114,938,420,529,1523,6.42704727095517,7.00004578096948,5.74653518123668,5.74702380952381,6.30085066162571,6.4708804990151,88
"97",2015,1,6.15,20,6.58333333333333,5.5,6,4.8,6.6,12,8,3,5,15,2072,1126,946,423,534,1538,6.42437306949807,6.99560479573712,5.74445031712474,5.74881796690307,6.28679775280899,6.47213979193758,89
"98",2015,2,7.06153846153846,13,7.18571428571429,6.91666666666667,6.66666666666667,7.4,7,7,6,3,2,11,2085,1133,952,426,536,1549,6.42834580335731,6.99677934686672,5.75183823529412,5.75528169014085,6.29095149253731,6.47588831504196,90
"99",2015,3,6.453125,16,6.70454545454545,5.9,6,7,6.41666666666667,11,5,2,1,15,2101,1144,957,428,537,1564,6.42853450737744,6.9939694055944,5.75261233019854,5.75642523364486,6.29227188081937,6.47532033248082,91
"100",2015,4,5.93333333333333,15,6.5,5.55555555555556,5.75,7,5.76923076923077,6,9,4,2,13,2116,1150,966,432,539,1577,6.42502410207939,6.99139217391304,5.75077639751553,5.75636574074074,6.29489795918367,6.4694996829423,92
"101",2015,5,6.75294117647059,17,7.06153846153846,5.75,5.75,6.575,6.80769230769231,13,4,4,4,13,2133,1163,970,436,543,1590,6.42763759962494,6.99217626827171,5.75077319587629,5.75630733944954,6.29696132596685,6.47226477987421,93
"102",2015,6,6.17857142857143,14,6.35714285714286,6,5.8,7.66666666666667,5.77272727272727,7,7,5,3,11,2147,1170,977,441,546,1601,6.42601350721938,6.98837692307692,5.75255885363357,5.75680272108844,6.30448717948718,6.46745846346034,94
"103",2015,7,7.14375,16,7.67,6.26666666666667,5.5,7.1,7.15,10,6,4,2,14,2163,1180,983,445,548,1615,6.43132269995377,6.99415338983051,5.75569684638861,5.75449438202247,6.3073905109489,6.47337523219814,95
"104",2015,8,6.21428571428571,14,7.11111111111111,4.6,5,7,6.15384615384615,9,5,1,1,13,2177,1189,988,446,549,1628,6.42992696371153,6.99503868797309,5.74984817813765,5.75280269058296,6.30865209471767,6.47082371007371,96
"105",2015,9,6.63888888888889,18,6.95833333333333,6,6.33333333333333,5.33333333333333,6.9,12,6,3,3,15,2195,1201,994,449,552,1643,6.43164054669704,6.99467194004996,5.75135814889336,5.75668151447661,6.30335144927536,6.47474193548387,97
"106",2015,10,6.70869565217391,23,7.35333333333333,5.5,4.66666666666667,6.26,6.83333333333333,15,8,3,5,18,2218,1216,1002,452,557,1661,6.43451352569883,6.99909621710526,5.74935129740519,5.74944690265487,6.30296229802513,6.47862793497893,98
"107",2015,11,6.95952380952381,21,7.225,6.42857142857143,6.6,7.16666666666667,6.87666666666667,14,7,5,6,15,2239,1230,1009,457,563,1676,6.43943769539973,7.00166747967479,5.75406342913776,5.75875273522976,6.31216696269982,6.48219033412888,99
"108",2015,12,6.8375,24,7.03529411764706,6.35714285714286,6.125,6.82857142857143,6.84117647058823,17,7,4,7,17,2263,1247,1016,461,570,1693,6.44365930181175,7.00212590216519,5.75821850393701,5.7619305856833,6.31850877192982,6.48579503839338,100
"109",2016,1,7.06666666666667,18,7.50909090909091,6.37142857142857,6.12,9.6,6.91764705882353,11,7,5,1,17,2281,1258,1023,466,571,1710,6.448575624726,7.00655882352941,5.76241446725318,5.76577253218884,6.32425569176883,6.49008830409357,101
"110",2016,2,6.46153846153846,13,6.8,5.33333333333333,4,NA,6.46153846153846,10,3,1,0,13,2294,1268,1026,467,571,1723,6.44864908456844,7.00492981072555,5.76115984405458,5.76199143468951,6.32425569176883,6.48987289611143,102
"111",2016,3,6.71428571428571,14,7.57142857142857,5.85714285714286,5.66666666666667,5,6.84615384615385,7,7,6,1,13,2308,1275,1033,473,572,1736,6.45026039861352,7.00804,5.76181026137464,5.7607822410148,6.32194055944056,6.49254089861751,103
"112",2016,4,6.85138095238095,21,7.49135714285714,5.57142857142857,5.33333333333333,7,6.81641176470588,14,7,3,4,17,2329,1289,1040,476,576,1753,6.45387720051524,7.0132893716059,5.76052884615385,5.75808823529412,6.32664930555555,6.49568168853394,104
"113",2016,5,6.56788235294118,17,6.125,6.96155555555556,7.109,NA,6.56788235294118,8,9,6,0,17,2346,1297,1049,482,576,1770,6.45470332480818,7.00781033153431,5.77083317445186,5.77490456431535,6.32664930555555,6.49637514124294,105
"114",2016,6,5.62583333333333,12,6.68875,3.5,2,6.96666666666667,5.17888888888889,8,4,2,3,9,2358,1305,1053,484,579,1779,6.45048515691264,7.00585440613027,5.76220702754036,5.75930578512397,6.32996545768566,6.48970994940978,106
"115",2016,7,6.86875,16,7.24166666666667,5.75,NA,5,6.99333333333333,12,4,0,1,15,2374,1317,1057,484,580,1794,6.45330412805392,7.00800303720577,5.76216083254494,5.75930578512397,6.3276724137931,6.49392084726867,107
"116",2016,8,7.07142857142857,14,7.15,6.875,4,6.25,7.4,10,4,1,4,10,2388,1327,1061,485,584,1804,6.45692797319933,7.00907309721175,5.76635626767201,5.75567835051546,6.3271404109589,6.49894345898004,108
"117",2016,9,6.46666666666667,18,6.56923076923077,6.2,6.33333333333333,5.75,6.67142857142857,13,5,3,4,14,2406,1340,1066,488,588,1818,6.45700083125519,7.00480597014925,5.76839024390244,5.75922950819672,6.32321428571429,6.50027172717272,109
"118",2016,10,6.52941176470588,17,7.2,5.57142857142857,5.33333333333333,5.33333333333333,6.78571428571429,10,7,3,3,14,2423,1350,1073,491,591,1832,6.45750887329756,7.00625185185185,5.76710531220876,5.75662729124236,6.31818950930626,6.50245305676856,110
"119",2016,11,7.02380952380952,21,7.06666666666667,6.91666666666667,7.125,9,6.925,15,6,4,1,20,2444,1365,1079,495,592,1852,6.46237479541735,7.00691575091575,5.77349768303985,5.76768484848485,6.3227195945946,6.5070161987041,111
"120",2016,12,6.17857142857143,14,6.3,5.875,7,6.5,6.125,10,4,1,2,12,2458,1375,1083,496,594,1864,6.46075834011391,7.00177454545454,5.77387257617729,5.77016935483871,6.3233164983165,6.50455686695279,112
"121",2017,1,7.2,20,7.35714285714286,6.83333333333333,6.33333333333333,8,7.05882352941176,14,6,3,3,17,2478,1389,1089,499,597,1881,6.46672477804681,7.00535637149028,5.77970982552801,5.77355511022044,6.33174204355109,6.50956618819777,113
"122",2017,2,6.66666666666667,21,7.14705882352941,4.625,6,9,6.11764705882353,17,4,1,4,17,2499,1406,1093,500,601,1898,6.46840496198479,7.00706970128023,5.77548398902104,5.774008,6.34950083194676,6.50605584826133,114
"123",2017,3,7.40909090909091,11,7.55,6,NA,7,7.5,10,1,0,2,9,2510,1416,1094,500,603,1907,6.47252749003984,7.01090395480226,5.77568921389397,5.774008,6.3516583747927,6.51074672260094,115
"124",2017,4,5.96315789473684,19,5.86363636363636,6.1,5.66,6,5.95625,11,8,5,3,16,2529,1427,1102,505,606,1923,6.46870067220245,7.00206026629292,5.77804355716879,5.77287920792079,6.34991749174918,6.50613312532501,116
"125",2017,5,7.45833333333333,12,7.95,5,8,8.5,7.25,10,2,1,2,10,2541,1437,1104,506,608,1933,6.47337426210153,7.00865692414753,5.77663405797102,5.77728063241107,6.35699013157895,6.50998137609933,117
"126",2017,6,6.61333333333333,15,6.74545454545455,6.25,4,8,6.4,11,4,1,2,13,2556,1448,1108,507,610,1946,6.47419561815336,7.00665745856354,5.77834296028881,5.77377514792899,6.36237704918033,6.50924665981501,118
"127",2017,7,6.86363636363636,11,7.71428571428571,5.375,5,7.33333333333333,6.6875,7,4,2,3,8,2567,1455,1112,509,613,1954,6.47586443319049,7.0100618556701,5.77689208633094,5.7707347740668,6.36712887438825,6.50997645854657,119
"128",2017,8,6.66,15,6.375,6.98571428571429,6.725,6.25,6.80909090909091,8,7,4,4,11,2582,1463,1119,513,617,1965,6.47693415956623,7.00658920027341,5.78445397676497,5.77817543859649,6.36636952998379,6.51165089058524,120
"129",2017,9,5.78571428571429,14,6.5,4.5,4.5,4.16666666666667,6.22727272727273,9,5,5,3,11,2596,1472,1124,518,620,1976,6.47320647149461,7.00349184782609,5.77874021352313,5.76583783783784,6.35572580645161,6.51006781376518,121
"130",2017,10,6.28571428571429,7,6.5,5,NA,NA,6.28571428571429,6,1,0,0,7,2603,1478,1125,518,620,1983,6.47270226661544,7.00144790257104,5.778048,5.76583783783784,6.35572580645161,6.50927584467978,122
"131",2017,11,6.1,12,7.03333333333333,5.16666666666667,5,3.5,6.62,6,6,4,2,10,2615,1484,1131,522,622,1993,6.47099196940726,7.00157681940701,5.77480459770115,5.759969348659,6.34654340836013,6.50983140993477,123
"132",2017,12,6.61538461538461,13,7,6,6,3,6.91666666666667,8,5,4,1,12,2628,1492,1136,526,623,2005,6.47170624048706,7.00156836461126,5.77579577464789,5.76179467680608,6.34117174959871,6.51226633416459,124
"133",2018,1,6.02666666666667,15,6.33333333333333,5.56666666666667,NA,7.5,5.8,9,6,0,2,13,2643,1501,1142,526,625,2018,6.46918047673099,6.99756162558294,5.77469702276708,5.76179467680608,6.34488,6.50767789890981,125
"134",2018,2,5.85714285714286,7,6.16666666666667,4,NA,4,6.16666666666667,6,1,0,1,6,2650,1507,1143,526,626,2024,6.4675637735849,6.99425348374253,5.77314435695538,5.76179467680608,6.34113418530351,6.50666699604743,126
"135",2018,3,6.43333333333333,15,7,5.78571428571429,6.5,6.83333333333333,6.33333333333333,8,7,3,3,12,2665,1515,1150,529,629,2036,6.46737110694184,6.99428382838284,5.77322086956522,5.76598109640832,6.34348171701113,6.50564538310413,127
"136",2018,4,6.53846153846154,13,6.5,6.57142857142857,6.5,6.5,6.55555555555556,6,7,2,4,9,2678,1521,1157,531,633,2045,6.46771620612397,6.99233399079553,5.77805012964564,5.76874576271186,6.34447077409163,6.50586503667482,128
"137",2018,5,7.5,6,8,5,NA,NA,7.5,5,1,0,0,6,2684,1526,1158,531,633,2051,6.47002384500745,6.99563564875491,5.77737823834197,5.76874576271186,6.34447077409163,6.50877328132618,129
"138",2018,6,6.5625,8,7.83333333333333,5.8,6.5,NA,6.5625,3,5,1,0,8,2692,1529,1163,532,633,2059,6.47029866270431,6.9972792674951,5.77747549441101,5.77012030075188,6.34447077409163,6.5089820301117,130
"139",2018,7,7.23846153846154,13,7.45555555555556,6.75,6.5,NA,7.23846153846154,9,4,2,0,13,2705,1538,1167,534,633,2072,6.47399038817005,6.99996098829649,5.7808089117395,5.77285393258427,6.34447077409163,6.51355888030888,131
"140",2018,8,5.05555555555556,9,NA,5.05555555555556,6,5,5.08333333333333,0,9,2,3,6,2714,1538,1176,536,636,2078,6.46928666175387,6.99996098829649,5.77525850340136,5.77370149253731,6.33812893081761,6.50942925890279,132
"141",2018,9,6.525,12,7,6.05,6.3,NA,6.525,6,6,1,0,12,2726,1544,1182,537,636,2090,6.46953191489362,6.99996113989637,5.77665313028765,5.77468156424581,6.33812893081761,6.50951866028708,133
"142",2018,10,5.96428571428571,14,6.91666666666667,5.25,4.75,2.33333333333333,6.95454545454545,6,8,4,3,11,2740,1550,1190,541,639,2101,6.4669503649635,6.99963870967742,5.77311260504202,5.76710536044362,6.31932707355242,6.51184864350309,134
"143",2018,11,6.42857142857143,7,7.75,5.9,5.625,8,6.16666666666667,2,5,4,1,6,2747,1552,1195,545,640,2107,6.46685256643611,7.00060567010309,5.77364351464435,5.7660623853211,6.321953125,6.51086568580921,135
"144",2018,12,7.0896,15,7.44533333333333,5.66666666666667,5.66666666666667,8.5,6.87261538461538,12,3,3,2,13,2762,1564,1198,548,642,2120,6.47023461259956,7.0040179028133,5.77337562604341,5.76551824817518,6.32873831775701,6.51308396226415,136
"145",2019,1,6.575,16,7.32,5.33333333333333,6,8,6.1,10,6,2,4,12,2778,1574,1204,550,646,2132,6.47083801295896,7.00602541296061,5.77118272425249,5.76637090909091,6.3390866873065,6.51075891181989,137
"146",2019,2,7,6,8.25,4.5,NA,8,6.8,4,2,0,1,5,2784,1578,1206,550,647,2137,6.47197844827586,7.00917870722433,5.76907462686567,5.76637090909091,6.34165378670788,6.51143565746373,138
"147",2019,3,6.88888888888889,9,6.8,7,5.5,8,6.75,5,4,2,1,8,2793,1583,1210,552,648,2145,6.47332187611887,7.00851800379027,5.77314380165289,5.76540579710145,6.34421296296296,6.51232540792541,139
"148",2019,4,5.83333333333333,9,7.125,4.8,5,6,5.8125,4,5,4,1,8,2802,1587,1215,556,649,2153,6.47126623840114,7.0088115942029,5.76913909465021,5.75989928057554,6.34368258859784,6.50972503483511,140
"149",2019,5,6.625,8,7,6,6,NA,6.625,5,3,1,0,8,2810,1592,1218,557,649,2161,6.47170391459075,7.00878391959799,5.76970771756979,5.76033034111311,6.34368258859784,6.5101517815826,141
"150",2019,6,6.834375,16,6.925,6.68333333333333,5.33333333333333,7.16666666666667,6.75769230769231,10,6,3,3,13,2826,1602,1224,560,652,2174,6.47375725406935,7.00826092384519,5.77418627450981,5.75804285714286,6.34746932515337,6.51163201471941,142
"151",2019,7,5.692,10,6.855,4.91666666666667,5.375,4.5,5.99,4,6,4,2,8,2836,1606,1230,564,654,2182,6.47100070521862,7.00787920298879,5.77000325203252,5.75532624113475,6.34181957186544,6.50971952337305,143
"152",2019,8,5.65,10,7.2,4.1,4.66666666666667,3.5,6.1875,5,5,3,2,8,2846,1611,1235,567,656,2190,6.46811595221363,7.00847548106766,5.76324210526316,5.74956613756614,6.33315548780488,6.50854246575343,144
"153",2019,9,6.98555555555556,18,7.63384615384615,5.3,5,7.5,6.92125,13,5,4,2,16,2864,1624,1240,571,658,2206,6.47136801675977,7.0134815270936,5.76137419354839,5.74431523642732,6.33670212765957,6.51153581142339,145
"154",2019,10,6.45833333333333,12,7.16666666666667,5.75,5,6,6.55,6,6,2,2,10,2876,1630,1246,573,660,2216,6.47131363004172,7.01404539877301,5.76131942215088,5.74171727748691,6.33568181818182,6.51170938628159,146
"155",2019,11,7.7,15,7.70833333333333,7.66666666666667,8,7.875,7.63636363636364,12,3,1,4,11,2891,1642,1249,574,664,2227,6.47768868903493,7.01911936662607,5.76589591673339,5.74565156794425,6.34495481927711,6.51726448136507,147
"156",2019,12,5.08333333333333,6,3,5.5,4.75,NA,5.08333333333333,1,5,2,0,6,2897,1643,1254,576,664,2233,6.47480082844322,7.01667315885575,5.76483572567783,5.74219444444444,6.34495481927711,6.51341155396328,148
"157",2020,1,6.38888888888889,9,6.41666666666667,6.33333333333333,6,7.5,6.25,6,3,1,1,8,2906,1649,1257,577,665,2241,6.47453475567791,7.01448999393572,5.76619252187749,5.74264124783362,6.34669172932331,6.51247121820616,149
"158",2020,2,7.11111111111111,9,8.2,5.75,6,8,7,5,4,1,1,8,2915,1654,1261,578,666,2249,6.47650017152659,7.01807376058041,5.76614115781126,5.74308650519031,6.34917417417417,6.51420542463317,150
"159",2020,3,5.75,8,5.57142857142857,7,NA,NA,5.75,7,1,0,0,8,2923,1661,1262,578,666,2257,6.47451180294218,7.01197712221553,5.76711885895404,5.74308650519031,6.34917417417417,6.51149667700487,151
"160",2020,4,6.5,11,6.64285714285714,6.25,6.5,NA,6.5,7,4,2,0,11,2934,1668,1266,580,666,2268,6.47460736196319,7.01042805755396,5.76864454976303,5.74569655172414,6.34917417417417,6.51144091710758,152
"161",2020,5,5.8,15,6.29166666666667,3.83333333333333,2,2,6.07142857142857,12,3,1,1,14,2949,1680,1269,581,667,2282,6.47117599186165,7.00529404761905,5.76406934594169,5.7392495697074,6.34265367316342,6.50874145486415,153
"162",2020,6,6.5125,8,7.25,6.26666666666667,6.8,NA,6.5125,2,6,2,0,8,2957,1682,1275,583,667,2290,6.47128779168076,7.00558501783591,5.76643450980392,5.7428885077187,6.34265367316342,6.50875458515284,154
"163",2020,7,6.3,5,7.125,3,NA,5.83333333333333,7,4,1,0,3,2,2962,1686,1276,583,670,2292,6.47099864956111,7.00586832740214,5.76426645768025,5.7428885077187,6.34037313432836,6.5091832460733,155
"164",2020,8,6.88888888888889,9,7.66666666666667,5.33333333333333,5,NA,6.88888888888889,6,3,2,0,9,2971,1692,1279,585,670,2301,6.47226455738808,7.00821158392435,5.76325566849101,5.74034871794872,6.34037313432836,6.51066840504129,156
"165",2020,9,6.91666666666667,12,7.14285714285714,6.6,6.75,6,7.1,7,5,4,2,10,2983,1699,1284,589,672,2311,6.47405229634596,7.00876633313714,5.76651401869159,5.74720543293718,6.33936011904762,6.51321852012116,157
"166",2020,10,6.97,10,7.38571428571429,6,5,7,6.96666666666667,7,3,2,1,9,2993,1706,1287,591,673,2320,6.47570932175075,7.01031301289566,5.76705827505828,5.74467681895093,6.34034175334324,6.5149775862069,158
"167",2020,11,6.5,12,6.875,5.75,3,NA,6.5,8,4,1,0,12,3005,1714,1291,592,673,2332,6.47580632279534,7.00968144690782,5.76700542215337,5.74004054054054,6.34034175334324,6.51490051457976,159
"168",2020,12,6.9,10,7.42857142857143,5.66666666666667,7.5,8,6.625,7,3,2,2,8,3015,1721,1294,594,675,2340,6.47721326699834,7.01138524113887,5.76677279752705,5.74596632996633,6.34525925925926,6.51527692307692,160
"169",2021,1,6,11,6.5,5.4,5.5,5,6.1,6,5,2,1,10,3026,1727,1299,596,676,2350,6.47547851949768,7.00960856977418,5.7653610469592,5.74514093959731,6.34326923076923,6.51350978723404,161
"170",2021,2,6.157,10,6.18142857142857,6.1,6.1,7.41666666666667,5.61714285714286,7,3,3,3,7,3036,1734,1302,599,679,2357,6.47442951251647,7.00626528258362,5.76613210445469,5.74691819699499,6.3480117820324,6.51084768773865,162
"171",2021,3,5.375,8,6,4.33333333333333,4,5.5,5.33333333333333,5,3,2,2,6,3044,1739,1305,601,681,2363,6.47154007884363,7.00337205290397,5.76283831417625,5.74110482529118,6.34552129221733,6.50785780787135,163
"172",2021,4,6.33333333333333,6,7,5,NA,8,6,4,2,0,1,5,3050,1743,1307,601,682,2368,6.47126819672131,7.00336431440046,5.76167100229534,5.74110482529118,6.34794721407625,6.50678547297297,164
"173",2021,5,5.83333333333333,6,6.16666666666667,5.5,5.75,NA,5.83333333333333,3,3,2,0,6,3056,1746,1310,603,682,2374,6.47001570680628,7.00192668957617,5.76107175572519,5.74113432835821,6.34794721407625,6.50508340353833,165
"174",2021,6,6.625,4,6.83333333333333,6,NA,6,6.83333333333333,3,1,0,1,3,3060,1749,1311,603,683,2377,6.47021830065359,7.00163750714694,5.76125400457666,5.74113432835821,6.34743777452416,6.50549768615902,166
"175",2021,7,7.3125,8,8.41666666666667,4,NA,10,6.92857142857143,6,2,0,1,7,3068,1755,1313,603,684,2384,6.4724146023468,7.00647521367521,5.75857121096725,5.74113432835821,6.35277777777778,6.50673993288591,167
"176",2021,8,6.21428571428571,7,5.75,6.83333333333333,NA,4.5,6.5,4,3,0,1,6,3075,1759,1316,603,685,2390,6.47182699186992,7.0036179647527,5.76102127659575,5.74113432835821,6.35007299270073,6.5067230125523,168
"177",2021,9,6.5,6,6,7,NA,7,6.4,3,3,0,1,5,3081,1762,1319,603,686,2395,6.47188185654008,7.00190919409762,5.76383927217589,5.74113432835821,6.35102040816327,6.50650020876827,169
"178",2021,10,5.8,5,5.66666666666667,6,5,6,5.66666666666667,3,2,1,2,3,3086,1765,1321,604,688,2398,6.47079325988334,6.99963966005666,5.76419682059046,5.73990728476821,6.35,6.5054495412844,170
"179",2021,11,5.875,8,7.66666666666667,4.8,5.33333333333333,7,5.2,3,5,3,3,5,3094,1768,1326,607,691,2403,6.46925274725275,7.00077149321267,5.76056108597285,5.7378978583196,6.35282199710564,6.50273325010404,171
"180",2021,12,6.96153846153846,13,7.22222222222222,6.375,7.5,10,6.70833333333333,9,4,1,1,12,3107,1777,1330,608,692,2415,6.47131252011587,7.00189307822172,5.76240902255639,5.74079605263158,6.35809248554913,6.50375486542443,172
"181",2022,1,5.67857142857143,14,5.6875,5.66666666666667,6,4.66666666666667,5.95454545454545,8,6,3,3,11,3121,1785,1336,611,695,2426,6.46775648830503,6.99600224089636,5.76197904191617,5.74206873977087,6.35079136690648,6.50126463314097,173
"182",2022,2,6.5,8,6.9,5.83333333333333,4.75,NA,6.5,5,3,2,0,8,3129,1790,1339,613,695,2434,6.46783892617449,6.99573407821229,5.76213890963406,5.73883197389886,6.35079136690648,6.50126047658176,174
"183",2022,3,7,5,7.5,6.66666666666667,6,7,7,2,3,1,1,4,3134,1792,1342,614,696,2438,6.46868793873644,6.996296875,5.7641609538003,5.73925732899023,6.35172413793103,6.50207875307629,175
"184",2022,4,6.57142857142857,7,6.5,6.6,6.5,NA,6.57142857142857,2,5,2,0,7,3141,1794,1347,616,696,2445,6.46891690544412,6.99574358974359,5.76726354862658,5.74172727272727,6.35172413793103,6.5022773006135,176
"185",2022,5,6,7,6,NA,NA,NA,6,7,0,0,0,7,3148,1801,1347,616,696,2452,6.46787420584498,6.99187340366463,5.76726354862658,5.74172727272727,6.35172413793103,6.50084339314845,177
"186",2022,6,6.5,2,6.5,NA,NA,NA,6.5,2,0,0,0,2,3150,1803,1347,616,696,2454,6.4678946031746,6.99132778702163,5.76726354862658,5.74172727272727,6.35172413793103,6.50084270578647,178
"187",2022,7,6.35714285714286,7,6.2,6.75,6.5,7,6.25,5,2,1,1,6,3157,1808,1349,617,697,2460,6.46764903389293,6.98913938053097,5.76872053372869,5.74295623987034,6.35265423242468,6.50023089430894,179
"188",2022,8,7.6,10,7.42857142857143,8,6,8,7.5,7,3,1,2,8,3167,1815,1352,618,699,2468,6.47122450268393,6.99083415977961,5.77367159763314,5.74337216828479,6.35736766809728,6.503471636953,180
"189",2022,9,7.26666666666667,9,6.46666666666667,7.66666666666667,7,NA,7.26666666666667,3,6,1,0,9,3176,1818,1358,619,699,2477,6.47347858942065,6.98996919691969,5.7820353460972,5.74540226171244,6.35736766809728,6.50624465078724,181
"190",2022,10,9,3,10,7,7,7,10,2,1,1,1,2,3179,1820,1359,620,700,2479,6.47586284995281,6.99327692307692,5.78293156732892,5.74742580645161,6.35828571428571,6.50906333198871,182
"191",2022,11,6.475,10,7.04166666666667,5.625,5.75,5,6.63888888888889,6,4,2,1,9,3189,1826,1363,622,701,2488,6.47586014424584,6.99343592552026,5.78246808510639,5.74743408360128,6.35634807417974,6.50953295819936,183
"192",2022,12,6.64285714285714,7,7.375,5.66666666666667,6,NA,6.64285714285714,4,3,1,0,7,3196,1830,1366,623,701,2495,6.47622590738423,6.99426994535519,5.78221376281113,5.74783948635634,6.35634807417974,6.50990701402806,184
