"","year","month","avg_rating","no_ratings","avg_rating_owned","avg_rating_not_owned","avg_rating_prev_owned","avg_rating_comment","avg_rating_no_comment","no_ratings_owned","no_ratings_not_owned","no_ratings_prev_owned","no_ratings_comment","no_ratings_no_comment","cum_no_ratings","cum_no_ratings_owned","cum_no_ratings_not_owned","cum_no_ratings_prev_owned","cum_no_ratings_comment","cum_no_ratings_no_comment","cum_avg_rating","cum_avg_rating_owned","cum_avg_rating_not_owned","cum_avg_rating_prev_owned","cum_avg_rating_comment","cum_avg_rating_no_comment","month_after_release"
"1",2006,9,8.5,2,8,9,NA,NA,8.5,1,1,0,0,2,2,1,1,0,0,2,8.5,8,9,NA,NA,8.5,-49
"2",2006,12,8,1,8,NA,NA,8,NA,1,0,0,1,0,3,2,1,0,1,2,8.33333333333333,8,9,NA,8,8.5,-46
"3",2007,4,9,1,9,NA,NA,NA,9,1,0,0,0,1,4,3,1,0,1,3,8.5,8.33333333333333,9,NA,8,8.66666666666667,-42
"4",2007,8,10,1,NA,10,NA,NA,10,0,1,0,0,1,5,3,2,0,1,4,8.8,8.33333333333333,9.5,NA,8,9,-38
"5",2007,9,9,1,NA,9,NA,NA,9,0,1,0,0,1,6,3,3,0,1,5,8.83333333333333,8.33333333333333,9.33333333333333,NA,8,9,-37
"6",2008,1,7,2,NA,7,9,7,NA,0,2,1,2,0,8,3,5,1,3,5,8.375,8.33333333333333,8.4,9,7.33333333333333,9,-33
"7",2010,10,6.6,15,6.77777777777778,6.33333333333333,NA,6,6.81818181818182,9,6,0,4,11,23,12,11,1,7,16,7.21739130434783,7.16666666666667,7.27272727272727,9,6.57142857142857,7.5,0
"8",2010,11,7.42,25,8.23076923076923,6.54166666666667,7.5,6.5,8.14285714285714,13,12,4,11,14,48,25,23,5,18,30,7.32291666666667,7.72,6.89130434782609,7.8,6.52777777777778,7.8,1
"9",2010,12,7.654,50,8.38965517241379,6.63809523809524,5.975,7.2,7.93225806451613,29,21,4,19,31,98,54,44,9,37,61,7.49183673469388,8.07962962962963,6.77045454545454,6.98888888888889,6.87297297297297,7.8672131147541,2
"10",2011,1,7.68770186335404,161,8.43145833333333,6.58923076923077,7.21875,7.49196428571429,7.79209523809524,96,65,16,56,105,259,150,109,25,93,166,7.61359073359073,8.3048,6.66238532110092,7.136,7.24569892473118,7.81969879518072,3
"11",2011,2,7.49421768707483,147,8.29324324324324,6.68424657534247,7.07142857142857,7.625,7.42680412371134,74,73,14,50,97,406,224,182,39,143,263,7.57036945812808,8.30098214285714,6.67115384615385,7.11282051282051,7.37832167832168,7.67479087452472,4
"12",2011,3,7.57548387096774,155,8.23581081081081,6.97222222222222,7.72105263157895,7.56410256410256,7.57931034482759,74,81,19,39,116,561,298,263,58,182,379,7.5717825311943,8.28479865771812,6.7638783269962,7.31206896551724,7.41813186813187,7.6455672823219,5
"13",2011,4,7.69957627118644,118,8.35298507462687,6.84117647058823,7.075,7.67777777777778,7.70604395604396,67,51,10,27,91,679,365,314,68,209,470,7.5939911634757,8.29731506849315,6.77643312101911,7.27720588235294,7.45167464114832,7.65727659574468,6
"14",2011,5,7.6811320754717,106,8.20555555555556,7.13653846153846,7.27083333333333,7.75576923076923,7.656875,54,52,12,26,80,785,419,366,80,235,550,7.60575796178344,8.2854892601432,6.8275956284153,7.27625,7.48531914893617,7.65721818181818,7
"15",2011,6,7.43586956521739,92,8.02105263157895,7.02407407407407,7.31875,7.37391304347826,7.45652173913043,38,54,16,23,69,877,457,420,96,258,619,7.58793614595211,8.2635010940919,6.85285714285714,7.28333333333333,7.47538759689922,7.6348465266559,8
"16",2011,7,7.57442748091603,131,8.39761904761905,6.81176470588235,7.11764705882353,7.41379310344828,7.62009803921569,63,68,17,29,102,1008,520,488,113,287,721,7.58618055555556,8.27975,6.84713114754098,7.25840707964602,7.4691637630662,7.6327600554785,9
"17",2011,8,7.51206666666667,150,8.26927710843374,6.57402985074627,7.26363636363636,7.69611111111111,7.45394736842105,83,67,11,36,114,1158,603,555,124,323,835,7.57658031088083,8.27830845771144,6.81416216216216,7.25887096774194,7.49445820433437,7.60834730538922,10
"18",2011,9,7.68412698412698,126,8.1695652173913,7.09649122807018,6.96666666666667,7.71481481481482,7.67575757575758,69,57,15,27,99,1284,672,612,139,350,934,7.58713395638629,8.26714285714286,6.84045751633987,7.2273381294964,7.51145714285714,7.61549250535332,11
"19",2011,10,7.44784172661871,139,7.97898550724638,6.92428571428571,6.5,7.336,7.47236842105263,69,70,13,25,114,1423,741,682,152,375,1048,7.5735277582572,8.24031039136302,6.84906158357771,7.16513157894737,7.49976,7.59992366412214,12
"20",2011,11,7.48344370860927,151,7.9625,6.88283582089552,7.42,7.45,7.4904,84,67,15,26,125,1574,825,749,167,401,1173,7.56488564167726,8.21202424242424,6.85208277703605,7.18802395209581,7.49653366583541,7.58825234441603,13
"21",2011,12,7.35,127,7.83947368421053,6.95142857142857,7.47916666666667,7.89423076923077,7.20990099009901,57,70,12,26,101,1701,882,819,179,427,1274,7.54884185773075,8.18794784580499,6.86057387057387,7.20754189944134,7.52074941451991,7.55825745682889,14
"22",2012,1,7.5452380952381,147,8.0974025974026,6.93785714285714,6.86666666666667,7.2037037037037,7.62208333333333,77,70,21,27,120,1848,959,889,200,454,1394,7.5485551948052,8.18067778936392,6.86665916760405,7.17175,7.50189427312775,7.56375179340029,15
"23",2012,2,7.58095238095238,105,7.95178571428571,7.15714285714286,7.71818181818182,8,7.52688172043011,56,49,11,12,93,1953,1015,938,211,466,1487,7.55029697900666,8.16804926108374,6.88183368869936,7.20023696682464,7.51472103004292,7.56144586415602,16
"24",2012,3,7.27786776859504,121,7.79390322580645,6.73559322033898,6.46875,7.203,7.29639175257732,62,59,16,24,97,2074,1077,997,227,490,1584,7.53440308582449,8.14651067780873,6.87317953861585,7.14867841409692,7.49945306122449,7.54521464646465,17
"25",2012,4,7.58613445378151,119,7.9875,7.05098039215686,7.80769230769231,7.42307692307692,7.63172043010753,68,51,13,26,93,2193,1145,1048,240,516,1677,7.53721021431828,8.1370672489083,6.8818320610687,7.184375,7.49560465116279,7.55001192605844,18
"26",2012,5,7.45636363636364,110,7.81785714285714,7.08148148148148,7.30625,7.18409090909091,7.52443181818182,56,54,16,22,88,2303,1201,1102,256,538,1765,7.53334867564047,8.12218318068276,6.89161524500907,7.1919921875,7.48286617100372,7.54873654390935,19
"27",2012,6,7.6203125,96,8.08392857142857,6.97125,6.82,7.70869565217391,7.59246575342466,56,40,5,23,73,2399,1257,1142,261,561,1838,7.53682867861609,8.12047891805887,6.89440455341506,7.18486590038314,7.4921247771836,7.5504733405876,20
"28",2012,7,7.58097087378641,103,8.16037735849057,6.9668,7.04545454545455,7.8952380952381,7.50048780487805,53,50,11,21,82,2502,1310,1192,272,582,1920,7.53864588329337,8.122093129771,6.89744127516778,7.17922794117647,7.50667010309278,7.54833854166667,21
"29",2012,8,7.47802197802198,91,8.25851063829787,6.64431818181818,7.47857142857143,7.07,7.63257575757576,47,44,7,25,66,2593,1357,1236,279,607,1986,7.53651831854994,8.12681798084009,6.88843042071197,7.18673835125448,7.48868533772652,7.55113796576032,22
"30",2012,9,7.46021505376344,93,7.98679245283019,6.7625,7.04166666666667,7.52272727272727,7.44084507042253,53,40,12,22,71,2686,1410,1276,291,629,2057,7.53387639612807,8.12155460992908,6.88448275862069,7.1807560137457,7.4898759936407,7.54733106465727,23
"31",2012,10,7.15381355932203,118,7.87755102040816,6.63985507246377,6.31578947368421,6.22727272727273,7.24906542056075,49,69,19,11,107,2804,1459,1345,310,640,2164,7.51788231098431,8.11335983550377,6.87193308550186,7.12774193548387,7.468175,7.5325831792976,24
"32",2012,11,7.2426724137931,116,8.05545454545454,6.50983606557377,6.75,7.33181818181818,7.2218085106383,55,61,14,22,94,2920,1514,1406,324,662,2258,7.50694931506849,8.11125627476883,6.85622332859175,7.11141975308642,7.46364350453172,7.51964570416298,25
"33",2012,12,7.3,119,7.94626865671642,6.46730769230769,6.49642857142857,6.93,7.39840425531915,67,52,14,25,94,3039,1581,1458,338,687,2352,7.49884567291872,8.10426438962682,6.84235253772291,7.08594674556213,7.44422416302766,7.51480017006803,26
"34",2013,1,7.415,140,7.79673913043478,6.68333333333333,7.03571428571429,7.55,7.38706896551724,92,48,14,24,116,3179,1673,1506,352,711,2468,7.49515319282793,8.08735325762104,6.83728419654714,7.08394886363636,7.44779465541491,7.50879659643436,27
"35",2013,2,7.29883720930233,129,8.08783783783784,6.23727272727273,5.93333333333333,6.95806451612903,7.40663265306122,74,55,18,31,98,3308,1747,1561,370,742,2566,7.48749758162031,8.08737378362908,6.81614349775785,7.02797297297297,7.42733423180593,7.50489477786438,28
"36",2013,3,7.19345977011494,87,7.93295454545455,6.43676744186047,6.81561111111111,7.12052380952381,7.21666666666667,44,43,18,21,66,3395,1791,1604,388,763,2632,7.47996259204713,8.08358012283641,6.80597319201995,7.01812113402062,7.41888990825688,7.49766717325228,29
"37",2013,4,7.267,100,7.81576923076923,6.6725,6.57692307692308,7.31095238095238,7.2553164556962,52,48,13,21,79,3495,1843,1652,401,784,2711,7.47386924177396,8.07602387411829,6.80209503631961,7.00381795511222,7.4159987244898,7.49060494282553,30
"38",2013,5,7.22686567164179,67,7.85394736842105,6.4051724137931,6.475,7.01666666666667,7.2875,38,29,10,15,52,3562,1881,1681,411,799,2763,7.46922318921954,8.0715374800638,6.79524747174301,6.99095133819951,7.40850187734668,7.48678248280854,31
"39",2013,6,7.15337078651685,89,7.57327586206897,6.36774193548387,7.18181818181818,7.04545454545455,7.18880597014925,58,31,11,22,67,3651,1939,1712,422,821,2830,7.46152369213914,8.05663331614234,6.78750642523364,6.99592654028436,7.39877344701583,7.47972791519435,32
"40",2013,7,7.48092783505155,97,7.80363636363636,7.05833333333333,7.09615384615385,7.02,7.53390804597701,55,42,13,10,87,3748,1994,1754,435,831,2917,7.46202588046958,8.04965496489469,6.79399144811859,6.99892183908046,7.39421540312876,7.48134384641755,33
"41",2013,8,7.42452830188679,106,8.19489795918367,6.76228070175439,6.9,7.34615384615385,7.43548387096774,49,57,20,13,93,3854,2043,1811,455,844,3010,7.46099455111572,8.05313852178169,6.79299337382661,6.99457362637363,7.39347511848341,7.479926910299,34
"42",2013,9,7.2178947368421,95,7.62127659574468,6.82291666666667,6.96428571428571,6.69230769230769,7.30121951219512,47,48,14,13,82,3949,2090,1859,469,857,3092,7.45514636616865,8.04342679425837,6.79376600322754,6.99366950959488,7.38283897316219,7.47518758085382,35
"43",2013,10,7.132,95,7.69268292682927,6.7062962962963,6.3125,6.5725,7.2812,41,54,8,20,75,4044,2131,1913,477,877,3167,7.44755514342236,8.03667855466917,6.791296915839,6.98224528301887,7.36435917901938,7.47059362172403,36
"44",2013,11,7.08983050847458,118,7.62678571428571,6.60483870967742,6.54038461538462,7.04074074074074,7.1043956043956,56,62,26,27,91,4162,2187,1975,503,904,3258,7.4374130225853,8.02618289894833,6.7854435443038,6.9594055666004,7.3546935840708,7.46036525475752,37
"45",2013,12,7.18888888888889,99,7.85,6.56666666666667,6.6,7.42,7.13037974683544,48,51,15,20,79,4261,2235,2026,518,924,3337,7.43163881717907,8.02239910514542,6.77993632773939,6.94899806949807,7.35610714285714,7.45255319148936,38
"46",2014,1,7.40620437956204,137,8.08269230769231,6.51186440677966,6.73076923076923,7.41304347826087,7.40482456140351,78,59,13,23,114,4398,2313,2085,531,947,3451,7.43084652114598,8.02443233895374,6.77235059952038,6.94365536723164,7.35748996832101,7.45097652854245,39
"47",2014,2,7.39484536082474,97,7.82169811320755,6.88068181818182,7.20833333333333,6.56666666666667,7.54634146341463,53,44,18,15,82,4495,2366,2129,549,962,3533,7.43006963292547,8.01989095519865,6.77458947862846,6.95233333333333,7.34515904365904,7.4531899235777,40
"48",2014,3,7.15,84,7.50227272727273,6.7625,6.81818181818182,7.21428571428571,7.13714285714286,44,40,11,14,70,4579,2410,2169,560,976,3603,7.42493186285215,8.01044066390042,6.77436652835408,6.94969821428571,7.34328176229508,7.44704968082154,41
"49",2014,4,7.1741935483871,93,7.93589743589744,6.62407407407407,6.57272727272727,6.86190476190476,7.26527777777778,39,54,11,21,72,4672,2449,2223,571,997,3675,7.41994071061644,8.00925357288689,6.77071569950517,6.94243607705779,7.33314242728185,7.44348843537415,42
"50",2014,5,7.40072463768116,69,8.15735294117647,6.66571428571429,7.14285714285714,7.671875,7.3188679245283,34,35,7,16,53,4741,2483,2258,578,1013,3728,7.41966104197427,8.01128151429722,6.76908813108946,6.94486332179931,7.33849259624877,7.44171673819743,43
"51",2014,6,7.38852459016393,61,7.78787878787879,6.91785714285714,7.09166666666667,8.5,7.31052631578947,33,28,12,4,57,4802,2516,2286,590,1017,3785,7.41926551436901,8.00835135135135,6.77091032370954,6.94784915254237,7.34306096361849,7.43974108322325,44
"52",2014,7,7.58932584269663,89,8.0625,7.12666666666667,7.02727272727273,7.56842105263158,7.595,44,45,11,19,70,4891,2560,2331,601,1036,3855,7.42236004906972,8.00928203125,6.77777820677821,6.94930282861897,7.34719401544402,7.44256031128405,45
"53",2014,8,7.24461538461538,78,7.70348837209302,6.68085714285714,6.225,6.96875,7.27614285714286,43,35,10,8,70,4969,2603,2366,611,1044,3925,7.41956993358825,8.00423050326546,6.77634446322908,6.93744844517185,7.34429406130268,7.4395923566879,46
"54",2014,9,7.43230769230769,65,7.84868421052632,6.8462962962963,7.05357142857143,7.66470588235294,7.35,38,27,14,17,48,5034,2641,2393,625,1061,3973,7.41973440603893,8.00199242711095,6.7771337233598,6.9400496,7.34942789820924,7.43850994210924,47
"55",2014,10,7.34691358024691,81,7.98191489361702,6.46911764705882,5.75,6.97058823529412,7.446875,47,34,9,17,64,5115,2688,2427,634,1078,4037,7.41858123167155,8.00164136904762,6.77281870622167,6.92315615141956,7.34345361781076,7.43864255635373,48
"56",2014,11,7.48683168316832,101,8.04938775510204,6.95673076923077,6.89333333333333,7.33571428571429,7.51114942528736,49,52,15,14,87,5216,2737,2479,649,1092,4124,7.41990279907975,8.00249616368287,6.7766764824526,6.92246687211094,7.3433543956044,7.44017216294859,49
"57",2014,12,7.54302325581395,86,8.20576923076923,6.52941176470588,7.07142857142857,7.7875,7.48714285714286,52,34,7,16,70,5302,2789,2513,656,1108,4194,7.42189984911354,8.00628612405881,6.77333107839236,6.92405640243903,7.34976805054152,7.44095612780162,50
"58",2015,1,7.13639705882353,136,7.56319444444444,6.65625,6.83333333333333,7.37916666666667,7.084375,72,64,21,24,112,5438,2861,2577,677,1132,4306,7.41475965428466,7.99513526738903,6.7704233604967,6.92124224519941,7.35039134275618,7.43168137482582,51
"59",2015,2,7.29473684210526,76,7.65,6.975,6.77272727272727,7.08333333333333,7.334375,36,40,11,12,64,5514,2897,2617,688,1144,4370,7.41310536815379,7.99084639282016,6.773550248376,6.91886773255814,7.34759003496503,7.43025629290618,52
"60",2015,3,7.53928571428571,98,8.047,7.01041666666667,7.05,7.7,7.50555555555556,50,48,20,17,81,5612,2947,2665,708,1161,4451,7.41530880256593,7.99179911774686,6.77781651031895,6.92257203389831,7.35275021533161,7.43162660076387,53
"61",2015,4,7.6,105,8.18421052631579,6.90625,7.03571428571429,7.45882352941176,7.62727272727273,57,48,14,17,88,5717,3004,2713,722,1178,4539,7.41870089207626,7.9954500665779,6.78008883155179,6.92476592797784,7.35428098471986,7.43541969596828,54
"62",2015,5,7.50164835164835,91,8.33,6.85196078431373,7.26666666666667,7.875,7.422,40,51,15,16,75,5808,3044,2764,737,1194,4614,7.42000051652893,7.99984625492773,6.78141497829233,6.93172455902307,7.36125879396985,7.43520156046814,55
"63",2015,6,7.45595238095238,84,8.06458333333333,6.64444444444444,7.5,7.95263157894737,7.31076923076923,48,36,9,19,65,5892,3092,2800,746,1213,4679,7.42051306856755,8.00085122897801,6.77965392857143,6.93858042895442,7.37052184666117,7.43347296430861,56
"64",2015,7,7.5372641509434,106,7.9719298245614,7.03163265306122,7.52857142857143,7.6,7.52443181818182,57,49,14,18,88,5998,3149,2849,760,1231,4767,7.42257635878626,8.0003277230867,6.78398771498772,6.94944868421053,7.37387733549959,7.43515208726663,57
"65",2015,8,7.38478260869565,92,7.90181818181818,6.61621621621622,6.8,7.5,7.36582278481013,55,37,11,13,79,6090,3204,2886,771,1244,4846,7.42200541871921,7.99863670411985,6.7818367983368,6.94731647211414,7.37519533762058,7.43402187371028,58
"66",2015,9,7.2927027027027,74,7.90146341463415,6.53636363636364,6.75,6.90941176470588,7.40701754385965,41,33,13,17,57,6164,3245,2919,784,1261,4903,7.42045311486048,7.99740893682589,6.77906166495375,6.94404464285714,7.36891593973037,7.43370793391801,59
"67",2015,10,7.29662921348315,89,7.93478260869565,6.61395348837209,7.07142857142857,7.76428571428571,7.20933333333333,46,43,7,14,75,6253,3291,2962,791,1275,4978,7.41869070845994,7.99653357642054,6.7766647535449,6.94517193426043,7.37325725490196,7.43032744073925,60
"68",2015,11,7.32844036697248,109,7.98727272727273,6.65740740740741,6.6275,7.88095238095238,7.19659090909091,55,54,20,21,88,6362,3346,3016,811,1296,5066,7.41714445143037,7.99638135086671,6.77452950928382,6.93733785450062,7.38148379629629,7.42626727200948,61
"69",2015,12,7.27976190476191,84,8.11304347826087,6.27105263157895,6.6875,6.45454545454545,7.4041095890411,46,38,16,11,73,6446,3392,3054,827,1307,5139,7.41535417313062,7.99796344339623,6.76826489849378,6.93250423216445,7.37368247895945,7.42595251994551,62
"70",2016,1,7.52420634920635,126,8.06111111111111,6.98730158730159,7.1875,7.95,7.4438679245283,63,63,16,20,106,6572,3455,3117,843,1327,5245,7.41744111381619,7.99911490593343,6.77269201154957,6.93734400948992,7.38236850037679,7.42631458531935,63
"71",2016,2,7.1275,80,7.68589743589744,6.59634146341463,6,6.925,7.15642857142857,39,41,14,10,70,6652,3494,3158,857,1337,5315,7.41395414912808,7.99561877504293,6.77040246991767,6.92203150525088,7.37894764397906,7.42276011288805,64
"72",2016,3,7.49574468085106,94,7.96,6.96818181818182,6.33846153846154,7.44375,7.50641025641026,50,44,13,16,78,6746,3544,3202,870,1353,5393,7.41509383338275,7.99511625282167,6.77312023735166,6.91331149425287,7.37971396895787,7.42396996106063,65
"73",2016,4,7.27444680851064,94,7.89519047619048,6.77307692307692,7.11538461538461,7.18181818181818,7.28672289156627,42,52,13,11,83,6840,3586,3254,883,1364,5476,7.41316096491228,7.99394590072504,6.77311954517517,6.91628652321631,7.37811803519061,7.42188970051132,66
"74",2016,5,7.37857142857143,105,7.93629032258065,6.57441860465116,5.76666666666667,7.87222222222222,7.2764367816092,62,43,15,18,87,6945,3648,3297,898,1382,5563,7.41263801295896,7.99296600877193,6.77052805580831,6.89708351893096,7.38455354558611,7.41961495595902,67
"75",2016,6,7.67826086956522,92,8.44915254237288,6.3,6.53076923076923,7.93333333333333,7.62857142857143,59,33,13,15,77,7037,3707,3330,911,1397,5640,7.41611070058264,8.00022659832749,6.76586516516517,6.89185620197585,7.39044595561918,7.42246773049646,68
"76",2016,7,7.46522123893805,113,7.83214285714286,6.86790697674419,7.51818181818182,7.68333333333333,7.43183673469388,70,43,11,15,98,7150,3777,3373,922,1412,5738,7.41688685314685,7.99711146412497,6.7671660243107,6.89932863340564,7.39355736543909,7.42262774485884,69
"77",2016,8,7.45677966101695,118,7.98809523809524,6.84818181818182,6.38095238095238,7.5,7.45142857142857,63,55,21,13,105,7268,3840,3428,943,1425,5843,7.41753453494772,7.99696354166667,6.76846586931155,6.88778472958643,7.39452842105263,7.42314530207086,70
"78",2016,9,7.25833333333333,102,7.82542372881356,6.48023255813953,5.80769230769231,7.02631578947368,7.31144578313253,59,43,13,19,83,7370,3899,3471,956,1444,5926,7.41533120759837,7.99436778661195,6.76489513108614,6.87309728033473,7.38968351800554,7.42158083023962,71
"79",2016,10,7.45833333333333,120,7.97540983606557,6.92372881355932,6.5,7.275,7.495,61,59,18,20,100,7490,3960,3530,974,1464,6026,7.41602016021362,7.99407575757576,6.76754985835694,6.8662022587269,7.38811680327869,7.42279920345171,72
"80",2016,11,7.6390243902439,123,8.18115942028986,6.9462962962963,7.53333333333333,7.65625,7.63644859813084,69,54,15,16,107,7613,4029,3584,989,1480,6133,7.41962314462104,7.99727972201539,6.77024302455357,6.87632052578362,7.39101554054054,7.42652665905756,73
"81",2016,12,7.22991071428571,112,7.73125,6.56145833333333,6.66666666666667,7.12727272727273,7.255,64,48,15,22,90,7725,4093,3632,1004,1502,6223,7.41687262135922,7.99311996090887,6.76748375550661,6.87318824701195,7.38715246338216,7.4240459585409,74
"82",2017,1,7.44837662337662,154,8.09722222222222,6.5359375,7.18421052631579,7.47083333333333,7.44423076923077,90,64,19,24,130,7879,4183,3696,1023,1526,6353,7.41748838685112,7.99535978962467,6.7634742965368,6.87896480938416,7.38846854521625,7.42445899575004,75
"83",2017,2,7.62766990291262,103,8.00072463768116,6.87058823529412,7.14285714285714,8.1925,7.49156626506024,69,34,7,20,83,7982,4252,3730,1030,1546,6436,7.42020057629667,7.99544684854186,6.76445067024129,6.88075825242718,7.39886998706339,7.42532442510876,76
"84",2017,3,7.55833333333333,96,8.0327868852459,6.73142857142857,6.59,7.77333333333333,7.51851851851852,61,35,10,15,81,8078,4313,3765,1040,1561,6517,7.42184216390196,7.995974959425,6.76414369189907,6.8779625,7.40246828955797,7.42648273745589,77
"85",2017,4,7.47427184466019,103,7.71940298507463,7.01805555555556,6.5,7.67857142857143,7.44213483146067,67,36,10,14,89,8181,4380,3801,1050,1575,6606,7.42250226133725,7.99174429223744,6.76654853985793,6.87436285714286,7.40492253968254,7.426693611868,78
"86",2017,5,7.57409523809524,105,8.093,6.88222222222222,6.86470588235294,7.89,7.51306818181818,60,45,17,17,88,8286,4440,3846,1067,1592,6694,7.42442324402607,7.99311261261261,6.76790197607904,6.87420899718838,7.41010238693467,7.42782910068718,79
"87",2017,6,7.45478723404255,94,7.87551020408163,6.99666666666667,7.07,7.1875,7.4796511627907,49,45,10,8,86,8380,4489,3891,1077,1600,6780,7.4247638424821,7.99182891512586,6.77054767411976,6.8760269266481,7.408989375,7.42848643067847,80
"88",2017,7,7.41386554621849,119,7.9140625,6.83181818181818,6.92222222222222,7.36666666666667,7.42227722772277,64,55,18,18,101,8499,4553,3946,1095,1618,6881,7.42461124838216,7.99073577860751,6.77140167257983,6.87678630136986,7.40851854140915,7.42839529138207,81
"89",2017,8,7.51082474226804,97,8.00943396226415,6.91022727272727,6.88928571428571,6.58461538461538,7.65416666666667,53,44,14,13,84,8596,4606,3990,1109,1631,6965,7.42558410888786,7.99095093356492,6.77293258145364,6.87694409377818,7.401951563458,7.43111816223977,82
"90",2017,9,7.13409638554217,83,7.71,6.4521052631579,6.21875,6.27777777777778,7.23824324324324,45,38,8,9,74,8679,4651,4028,1117,1640,7039,7.42279652033644,7.98823263814234,6.76990590863952,6.87223008057296,7.39578231707317,7.42909049580906,83
"91",2017,10,7.72628865979381,97,8.1225,7.08378378378378,6.77272727272727,7.87142857142857,7.68618421052632,60,37,11,21,76,8776,4711,4065,1128,1661,7115,7.42615097994531,7.98994268732753,6.77276285362854,6.87125975177305,7.40179590608067,7.43183668306395,84
"92",2017,11,7.40015267175573,131,8.02716049382716,6.3844,6.796875,7.42105263157895,7.39660714285714,81,50,16,19,112,8907,4792,4115,1144,1680,7227,7.42576860895925,7.99057178631052,6.7680439854192,6.8702194055944,7.40201369047619,7.43129071537291,85
"93",2017,12,7.29770833333333,96,7.7,6.7345,6.96153846153846,6.32923076923077,7.44939759036145,56,40,13,13,83,9003,4848,4155,1157,1693,7310,7.4244030878596,7.98721534653465,6.7677210589651,6.87124546240277,7.39377613703485,7.43149630642955,86
"94",2018,1,7.40392,125,7.87307692307692,6.62531914893617,6.98571428571429,7.77647058823529,7.34527777777778,78,47,14,17,108,9128,4926,4202,1171,1710,7418,7.42412258983348,7.98540803897686,6.76612827225131,6.87261400512383,7.39758070175439,7.43024103531949,87
"95",2018,2,7.38701923076923,104,8.09722222222222,6.62,6.42857142857143,8.35625,7.21079545454545,54,50,14,16,88,9232,4980,4252,1185,1726,7506,7.42370461438475,7.98662048192771,6.7644099247413,6.86736793248945,7.40646755504056,7.42766826538769,88
"96",2018,3,7.43350515463918,97,7.88809523809524,6.59117647058823,6.78181818181818,7.34117647058823,7.453125,63,34,11,17,80,9329,5043,4286,1196,1743,7586,7.42380651731161,7.98538964901844,6.76303569762016,6.86658110367893,7.40583075157774,7.42793672554706,89
"97",2018,4,7.39380948979592,98,7.922,6.84361104166667,7.17095214285714,7.35,7.40111107142857,50,48,14,14,84,9427,5093,4334,1210,1757,7670,7.42349467805241,7.98476732770469,6.76392808721735,6.87010275206612,7.4053858850313,7.42764293741851,90
"98",2018,5,7.1164256626506,83,7.64798441860465,6.545,6.2,6.91538461538462,7.15376185714286,43,40,10,13,70,9510,5136,4374,1220,1770,7740,7.42081468559411,7.98194768886293,6.76192600137174,6.86461010655738,7.40178700564972,7.42516597674419,91
"99",2018,6,7.33658536585366,82,7.944,6.3875,6.14,7.14545454545455,7.36619718309859,50,32,10,11,71,9592,5186,4406,1230,1781,7811,7.42009462677231,7.98158182221365,6.75920661143895,6.85871896747967,7.40020381807973,7.42462996543336,92
"100",2018,7,7.64165275,80,8.12004625,6.9240625,6.96545454545455,8.34615384615385,7.50495850746269,48,32,11,13,67,9672,5234,4438,1241,1794,7878,7.42192720016543,7.98285165265571,6.76039529743128,6.85966505237711,7.40705852842809,7.42531313531353,93
"101",2018,8,7.27382716049383,81,8.17380952380952,6.30461538461538,6.6625,6.875,7.31753424657534,42,39,8,8,73,9753,5276,4477,1249,1802,7951,7.42069720906388,7.98437178733889,6.75642491177128,6.8584021857486,7.40469644839068,7.42432359200101,94
"102",2018,9,7.2965625,64,7.99935483870968,6.63636363636364,6.83333333333333,7.33333333333333,7.28807692307692,31,33,6,12,52,9817,5307,4510,1255,1814,8003,7.41988793725171,7.98445930846052,6.75554641463415,6.85828233466135,7.4042243660419,7.42343832062977,95
"103",2018,10,7.65344827586207,87,8.1125,6.97142857142857,6.64285714285714,7.275,7.714,52,35,7,12,75,9904,5359,4545,1262,1826,8078,7.4219396082391,7.98570172606829,6.75720887348735,6.85708742472266,7.40337513691128,7.4261360336717,96
"104",2018,11,7.24954545454545,88,8.09317073170732,6.5136170212766,6.57142857142857,7.62307692307692,7.1848,41,47,7,13,75,9992,5400,4592,1269,1839,8153,7.42042132506005,7.98651769444444,6.75471566419861,6.85551168636722,7.40492822185971,7.42391596712867,97
"105",2018,12,7.32654320987654,81,7.91122448979592,6.43125,5.85714285714286,6.43846153846154,7.49632352941176,49,32,7,13,68,10073,5449,4624,1276,1852,8221,7.41966642311129,7.9858406221325,6.75247714749135,6.85003474137931,7.39814416846652,7.42451488626688,98
"106",2019,1,7.52429906542056,107,8.0741935483871,6.76666666666667,6.82222222222222,7.42857142857143,7.54767441860465,62,45,9,21,86,10180,5511,4669,1285,1873,8307,7.42076619646366,7.98683461259299,6.75261390661812,6.84983994552529,7.39848531767218,7.42578992175274,99
"107",2019,2,7.62027397260274,73,7.96260869565217,7.03703703703704,7.25,7.0625,7.68892307692308,46,27,6,8,65,10253,5557,4696,1291,1881,8372,7.42218666536624,7.98663407414072,6.75424921848382,6.85169971340046,7.39705635300372,7.42783288103201,100
"108",2019,3,7.47105263157895,95,8.15,6.83367346938776,7.153125,6.77333333333333,7.601875,46,49,16,15,80,10348,5603,4745,1307,1896,8452,7.42263528024739,7.9879752900232,6.7550694056902,6.85538969395562,7.39212183544304,7.42948022716517,101
"109",2019,4,7.60808823529412,68,8.21547619047619,6.62692307692308,6.84545454545455,7.42692307692308,7.65090909090909,42,26,11,13,55,10416,5645,4771,1318,1909,8507,7.42384599462366,7.98966794508414,6.7543710605743,6.8553067754173,7.39235882661079,7.43091182320442,102
"110",2019,5,7.44235294117647,85,8.0156862745098,6.58235294117647,5.875,7.92666666666667,7.33857142857143,51,34,8,15,70,10501,5696,4805,1326,1924,8577,7.42399579849539,7.98990090414326,6.75315386680541,6.84939240573152,7.39652442827443,7.43015819983677,103
"111",2019,6,7.54,90,8.17708333333333,6.81190476190476,6.8875,7.77,7.51125,48,42,8,10,80,10591,5744,4847,1334,1934,8657,7.4249815768105,7.99146510271588,6.75366295234165,6.84962093703148,7.39845553257497,7.43090757537253,104
"112",2019,7,7.53636363636364,66,8.25,6.2875,6.625,7.63636363636364,7.51636363636364,42,24,8,11,55,10657,5786,4871,1342,1945,8712,7.42567137843671,7.99334178188731,6.75136611168138,6.84828191505216,7.39980102827763,7.43144707070707,105
"113",2019,8,7.50119047619048,84,8.22,6.13793103448276,6.21428571428571,7.60714285714286,7.48,55,29,7,14,70,10741,5841,4900,1349,1959,8782,7.42626197560749,7.99547604006163,6.74773557755102,6.84499209043736,7.40128279734558,7.43183407879754,106
"114",2019,9,7.02717647058823,85,7.72232558139535,6.31547619047619,6.75,6.36923076923077,7.14597222222222,43,42,13,13,72,10826,5884,4942,1362,1972,8854,7.4231285682616,7.99347986913664,6.7440619850263,6.84408541116006,7.39447920892495,7.42950947368421,107
"115",2019,10,7.45333333333333,84,8.0816,6.52941176470588,6.36666666666667,7.5,7.444,50,34,15,14,70,10910,5934,4976,1377,1986,8924,7.42336112557287,7.9942223710819,6.74259532355305,6.83888477124183,7.39522306143001,7.42962313760646,108
"116",2019,11,7.16842857142857,70,8.01083333333333,6.27647058823529,6.2,7.55882352941176,7.04320754716981,36,34,5,17,53,10980,5970,5010,1382,2003,8977,7.42173587249545,7.99432253768844,6.73943200199601,6.83657332127352,7.39661158262606,7.42734174891389,109
"117",2019,12,7.09302325581395,86,7.84042553191489,6.19230769230769,6.18181818181818,7.32142857142857,7.04861111111111,47,39,11,14,72,11066,6017,5049,1393,2017,9049,7.41918126513646,7.9931204171514,6.73520584868291,6.83140296482412,7.39608973723351,7.42432831031053,110
"118",2020,1,7.30167892156863,102,7.72252403846154,6.864,7.06666666666667,6.98947368421053,7.37314759036145,52,50,9,19,83,11168,6069,5099,1402,2036,9132,7.41810808828797,7.99080191135278,6.73646878407531,6.8329132168331,7.39229518664047,7.42386313293912,111
"119",2020,2,7.37325581395349,86,7.96222222222222,6.72682926829268,6.76923076923077,7.41666666666667,7.36621621621622,45,41,13,12,74,11254,6114,5140,1415,2048,9206,7.41776533943487,7.99059156035329,6.73639189299611,6.83232814840989,7.39243798828125,7.42339975342168,112
"120",2020,3,7.37633802816901,71,7.77692307692308,6.888125,6.72222222222222,6.875,7.44,39,32,9,8,63,11325,6153,5172,1424,2056,9269,7.41750561854305,7.98923725012189,6.73733069025522,6.83163225421348,7.39042461089494,7.42351258280289,113
"121",2020,4,6.9928813559322,59,7.68,6.23214285714286,5.71428571428571,6.32142857142857,7.08326923076923,31,28,7,7,52,11384,6184,5200,1431,2063,9321,7.41530491303584,7.98768706338939,6.73461044807692,6.82616654786862,7.38679738245274,7.42161443300075,114
"122",2020,5,7.08787878787879,66,7.49473684210526,6.53571428571429,6.5,7.09,7.0875,38,28,8,10,56,11450,6222,5228,1439,2073,9377,7.41341756593887,7.98467643844423,6.73354520466718,6.82435325225851,7.38536565364206,7.41961908179588,115
"123",2020,6,7.12475,80,7.71384615384615,6.56439024390244,6.35692307692308,6.97,7.15205882352941,39,41,13,12,68,11530,6261,5269,1452,2085,9445,7.41141466869038,7.98298942660917,6.73222894856709,6.82016827134986,7.38297505995204,7.41769276124934,116
"124",2020,7,7.40185185185185,54,7.94857142857143,6.39473684210526,5.75,7.16666666666667,7.4156862745098,35,19,4,3,51,11584,6296,5288,1456,2088,9496,7.41137009064227,7.98279809402795,6.73101632564296,6.81722824862637,7.38266427203065,7.41768198504634,117
"125",2020,8,7.37077922077922,77,7.90526315789474,6.85,6.79615384615385,7.16666666666667,7.42016129032258,38,39,13,15,62,11661,6334,5327,1469,2103,9558,7.41110206071521,7.98233293337543,6.73188742819598,6.81704174948945,7.38112363290537,7.41769806758736,118
"126",2020,9,7.48161764705882,68,8.16666666666667,6.14130434782609,6.27083333333333,7.33333333333333,7.50423728813559,45,23,12,9,59,11729,6379,5350,1481,2112,9617,7.41151088157559,7.98363329675498,6.7293484728972,6.81261602295746,7.3809199810606,7.41822898305085,119
"127",2020,10,7.37881355932203,59,7.91323529411765,6.652,6.75,7.6,7.35833333333333,34,25,4,5,54,11788,6413,5375,1485,2117,9671,7.4113472285375,7.98326006549197,6.72898871255814,6.81244736026936,7.38143741143127,7.41789454348051,120
"128",2020,11,7.28095238095238,84,7.79649122807018,6.19259259259259,6.5,7.77777777777778,7.22133333333333,57,27,4,9,75,11872,6470,5402,1489,2126,9746,7.41042462348383,7.98161465224111,6.7263077249167,6.81160801208865,7.38311523988711,7.41638191360558,121
"129",2020,12,7.12865168539326,89,7.66326530612245,6.47375,6.73,7.51333333333333,7.05067567567568,49,40,15,15,74,11961,6519,5442,1504,2141,9820,7.40832799347881,7.97922178248198,6.72445136530687,6.81079410239362,7.38402755721625,7.41362608248473,122
"130",2021,1,7.12959122641509,106,7.73607532258065,6.275,6.22727272727273,7.26416666666667,7.11241138297872,62,44,22,12,94,12067,6581,5486,1526,2153,9914,7.40587948951687,7.9769310849415,6.72084657856362,6.80238160550459,7.38335949837436,7.41077010288481,123
"131",2021,2,7.36413333333333,75,7.69170212765957,6.81428571428571,6.54285714285714,7.65,7.32015384615385,47,28,7,10,65,12142,6628,5514,1533,2163,9979,7.405621627409,7.9749084897405,6.7213210609358,6.80119656229615,7.38459223300971,7.41017985770117,124
"132",2021,3,7.28285714285714,70,7.98285714285714,6.58285714285714,6.75,7.45,7.255,35,35,8,10,60,12212,6663,5549,1541,2173,10039,7.40491793318048,7.97495024313372,6.72044770769508,6.80093077871512,7.38489323515877,7.40925239565694,125
"133",2021,4,7.49153846153846,65,7.96139534883721,6.57318181818182,6.571,7.70166666666667,7.47016949152542,43,22,10,6,59,12277,6706,5571,1551,2179,10098,7.40537654150037,7.97486332687146,6.71986615149883,6.79944831076725,7.38576548875631,7.40960831847891,126
"134",2021,5,7.25716216216216,74,8.25111111111111,5.7148275862069,5.41625,7.633,7.1984375,45,29,8,10,64,12351,6751,5600,1559,2189,10162,7.40448852724476,7.97670470596949,6.7146614875,6.79235043617704,7.38689492919141,7.40827837039953,127
"135",2021,6,7.64468085106383,47,8.12,6.80588235294118,6.625,6.54,7.77619047619048,30,17,4,5,42,12398,6781,5617,1563,2194,10204,7.40539908049686,7.97733866243917,6.71493756987716,6.79192215611004,7.38496490428441,7.40979270874167,128
"136",2021,7,7.18,65,7.92857142857143,6.30666666666667,4.98571428571429,7.375,7.1672131147541,35,30,7,4,61,12463,6816,5647,1570,2198,10265,7.40422352563589,7.97708824383803,6.7127686081105,6.783869,7.38494676979072,7.40835117389187,129
"137",2021,8,7.71847457627119,59,8.08536585365854,6.88277777777778,7.028,7.81818181818182,7.695625,41,18,5,11,48,12522,6857,5665,1575,2209,10313,7.40570418463505,7.9777356672014,6.7133087961165,6.78464401904762,7.38710411951109,7.40968823814603,130
"138",2021,9,6.95740740740741,54,7.82857142857143,6.01923076923077,5.25,6.72222222222222,7.00444444444444,28,26,4,9,45,12576,6885,5691,1579,2218,10358,7.40377924618321,7.9771290442992,6.71013781936391,6.78075638378721,7.38440622182146,7.40792766943426,131
"139",2021,10,7.33983050847458,59,7.73378378378378,6.67727272727273,6.81,7.62,7.28265306122449,37,22,10,10,49,12635,6922,5713,1589,2228,10407,7.40348063316186,7.97582829673505,6.71001126028356,6.78094042164883,7.38546364452424,7.40733783030653,132
"140",2021,11,7.33620689655172,58,7.81428571428571,6.60869565217391,6.9,6.58333333333333,7.42307692307692,35,23,5,6,52,12693,6957,5736,1594,2234,10459,7.40317322933901,7.97501559149059,6.70960500871688,6.78131388331242,7.38330931065354,7.40741608184339,133
"141",2021,12,7.15642105263158,95,7.59571428571429,6.52564102564103,6.64285714285714,7.61538461538461,7.08365853658537,56,39,14,13,82,12788,7013,5775,1608,2247,10541,7.40134014701283,7.97198680593184,6.70836265454545,6.7801084141791,7.38465198041833,7.40489752395409,134
"142",2022,1,7.36838582677165,127,7.69525641025641,6.8480612244898,5.9625,7.49666666666667,7.35120535714286,78,49,8,15,112,12915,7091,5824,1616,2262,10653,7.40101608981805,7.96894281060499,6.70953800309066,6.77606084777228,7.38539478337754,7.40433303294847,135
"143",2022,2,7.11965179104478,67,7.80857142857143,6.3661459375,5.63636363636364,6.875,7.15282491525424,35,32,11,8,59,12982,7126,5856,1627,2270,10712,7.39956397088276,7.96815513191131,6.70766154371585,6.76835545789797,7.38359603524229,7.40294776605676,136
"144",2022,3,7.30819672131148,61,7.61714285714286,6.89230769230769,7.4,7.7,7.25740740740741,35,26,5,7,54,13043,7161,5882,1632,2277,10766,7.39913666104424,7.96643952939534,6.70847772866372,6.77029064338235,7.38456873078612,7.40221776611555,137
"145",2022,4,7.26363636363636,44,7.92083333333333,6.475,6.25,7.16666666666667,7.27894736842105,24,20,4,6,38,13087,7185,5902,1636,2283,10804,7.39868109345152,7.96628719137091,6.70768654693324,6.7690185391198,7.38399605781866,7.40178419751944,138
"146",2022,5,7.25205479452055,73,7.9,6.21071428571429,7.28571428571429,7.29285714285714,7.24237288135593,45,28,7,14,59,13160,7230,5930,1643,2297,10863,7.39786774088146,7.96587461549101,6.70533996627319,6.77121992087644,7.3834405746626,7.40091838994753,139
"147",2022,6,7.20740740740741,54,7.703125,6.48636363636364,5.67142857142857,7.16666666666667,7.21555555555556,32,22,7,9,45,13214,7262,5952,1650,2306,10908,7.39708941047374,7.96471680941889,6.70453057795699,6.76655413939394,7.38259453599306,7.40015369178585,140
"148",2022,7,7.20909090909091,66,7.92051282051282,6.18148148148148,6.08333333333333,7.571875,7.093,39,27,6,16,50,13280,7301,5979,1656,2322,10958,7.39615508057229,7.96448068346802,6.70216859006523,6.76407870169082,7.38389879414298,7.39875218744297,141
"149",2022,8,7.19204545454545,88,7.69705882352941,6.49594594594595,6.14285714285714,7.31875,7.16388888888889,51,37,7,16,72,13368,7352,6016,1663,2338,11030,7.39481145047876,7.96262560799783,6.70090026595745,6.76146381840048,7.38345295124038,7.39721908159565,142
"150",2022,9,7.21746031746032,63,7.6,6.846875,6.1875,6.81111111111111,7.28518518518518,31,32,8,9,54,13431,7383,6048,1671,2347,11084,7.3939795599732,7.96110300284437,6.70167261904762,6.75871593656493,7.38125820195995,7.39667326506676,143
"151",2022,10,7.38450704225352,71,7.91190476190476,6.62068965517241,6.8125,6.65,7.50491803278689,42,29,8,10,61,13502,7425,6077,1679,2357,11145,7.39392974892609,7.96082470976431,6.70128616093467,6.75897220369267,7.37815570640645,7.39726572184837,144
"152",2022,11,7.3012676056338,71,7.86926829268293,6.525,6.69,6.81461538461538,7.41034482758621,41,30,5,13,58,13573,7466,6107,1684,2370,11203,7.39344503573271,7.96032192204661,6.70042017357131,6.75876741686461,7.37506455696203,7.39733343479425,145
"153",2022,12,7.19408450704225,71,7.72177777777778,6.28076923076923,6.43,7.4,7.17848484848485,45,26,10,5,66,13644,7511,6133,1694,2375,11269,7.39240761287013,7.95889275329517,6.6986411218001,6.75682664108619,7.37511705263158,7.39605168781614,146
