"","year","month","avg_rating","no_ratings","avg_rating_owned","avg_rating_not_owned","avg_rating_prev_owned","avg_rating_comment","avg_rating_no_comment","no_ratings_owned","no_ratings_not_owned","no_ratings_prev_owned","no_ratings_comment","no_ratings_no_comment","cum_no_ratings","cum_no_ratings_owned","cum_no_ratings_not_owned","cum_no_ratings_prev_owned","cum_no_ratings_comment","cum_no_ratings_no_comment","cum_avg_rating","cum_avg_rating_owned","cum_avg_rating_not_owned","cum_avg_rating_prev_owned","cum_avg_rating_comment","cum_avg_rating_no_comment","month_after_release"
"1",2006,11,6,1,NA,6,NA,6,NA,0,1,0,1,0,1,0,1,0,1,0,6,NA,6,NA,6,NA,-4
"2",2007,1,7.5,2,NA,7.5,NA,NA,7.5,0,2,0,0,2,3,0,3,0,1,2,7,NA,7,NA,6,7.5,-2
"3",2007,3,8.125,8,8,8.33333333333333,NA,8.16666666666667,8.1,5,3,0,3,5,11,5,6,0,4,7,7.81818181818182,8,7.66666666666667,NA,7.625,7.92857142857143,0
"4",2007,4,7.63916666666667,48,8.14545454545454,7.21076923076923,8.5,7.05666666666667,7.83333333333333,22,26,2,12,36,59,27,32,2,16,43,7.67254237288136,8.11851851851852,7.29625,8.5,7.19875,7.84883720930233,1
"5",2007,5,7.42127659574468,47,7.71153846153846,7.06190476190476,8,7.07142857142857,7.56969696969697,26,21,1,14,33,106,53,53,3,30,76,7.5611320754717,7.9188679245283,7.20339622641509,8.33333333333333,7.13933333333333,7.72763157894737,2
"6",2007,6,7.6,100,8.15277777777778,6.95108695652174,6,7.375,7.71590909090909,54,46,1,34,66,206,107,99,4,64,142,7.58,8.03691588785047,7.08616161616162,7.75,7.26453125,7.72218309859155,3
"7",2007,7,7.74770642201835,109,8.19827586206897,7.23529411764706,7.125,7.42619047619048,7.94925373134328,58,51,4,42,67,315,165,150,8,106,209,7.63803174603175,8.09363636363636,7.13686666666667,7.4375,7.32858490566038,7.79497607655502,4
"8",2007,8,7.70194174757282,103,8.04609375,7.13717948717949,7.75,7.7609756097561,7.66290322580645,64,39,2,41,62,418,229,189,10,147,271,7.65377990430622,8.08034934497817,7.13693121693122,7.5,7.44918367346939,7.76476014760148,5
"9",2007,9,7.71989247311828,93,8.05603448275862,7.16285714285714,6.75,7.66111111111111,7.75701754385965,58,35,6,36,57,511,287,224,16,183,328,7.66581213307241,8.07543554006969,7.14098214285714,7.21875,7.49087431693989,7.76341463414634,6
"10",2007,10,7.59835164835165,91,8.16176470588235,6.88,6.9,7.3171875,7.75084745762712,51,40,1,32,59,602,338,264,17,215,387,7.6556146179402,8.08846153846154,7.10143939393939,7.2,7.46502325581395,7.76149870801034,7
"11",2007,11,7.68244680851064,94,7.985,7.14852941176471,7.5,7.75428571428571,7.63983050847458,60,34,3,35,59,696,398,298,20,250,446,7.65923850574713,8.07286432160804,7.10681208053691,7.245,7.50552,7.74540358744395,8
"12",2007,12,7.61989795918367,98,7.8921875,7.10735294117647,7.33333333333333,7.82638888888889,7.5,64,34,3,36,62,794,462,332,23,286,508,7.65438287153652,8.0478354978355,7.10686746987952,7.25652173913044,7.54590909090909,7.71545275590551,9
"13",2008,1,7.57849152542373,118,7.95015789473684,6.90595238095238,8.025,7.28957142857143,7.73815789473684,76,42,4,42,76,912,538,374,27,328,584,7.64456359649123,8.03403717472119,7.08430481283423,7.37037037037037,7.51308536585366,7.71840753424658,10
"14",2008,2,7.58125,80,8.034,6.82666666666667,7.66666666666667,7.55357142857143,7.59615384615385,50,30,3,28,52,992,588,404,30,356,636,7.63945766129032,8.03403401360544,7.06517326732673,7.4,7.51626966292135,7.70841194968553,11
"15",2008,3,7.65227272727273,88,8.11851851851852,6.91176470588235,7.0625,7.16666666666667,7.90344827586207,54,34,8,30,58,1080,642,438,38,386,694,7.64050185185185,8.04114018691589,7.05326484018265,7.32894736842105,7.48909844559585,7.72471181556196,12
"16",2008,4,7.50586419753086,81,7.74418604651163,7.23618421052632,7.9,7.23928571428571,7.64669811320755,43,38,5,28,53,1161,685,476,43,414,747,7.63110852713178,8.02249927007299,7.06786764705882,7.3953488372093,7.47220289855072,7.71917670682731,13
"17",2008,5,7.55857142857143,70,7.88571428571429,6.7952380952381,9.35,7.0625,7.81739130434783,49,21,2,24,46,1231,734,497,45,438,793,7.6269837530463,8.01336784741144,7.05634808853119,7.48222222222222,7.44975342465753,7.72487389659521,14
"18",2008,6,7.3295,62,7.86028125,6.76333333333333,5,7.6331052631579,7.1953488372093,32,30,1,19,43,1293,766,527,46,457,836,7.6127192575406,8.0069725848564,7.03966793168881,7.42826086956522,7.45737636761488,7.69763755980861,15
"19",2008,7,6.96678571428571,56,7.86633333333333,5.92884615384615,5.25,6.52777777777778,7.37551724137931,30,26,4,27,29,1349,796,553,50,484,865,7.58590511489993,8.00167211055276,6.98744122965642,7.254,7.40551859504132,7.68683815028902,16
"20",2008,8,7.45581395348837,86,7.89363636363636,6.67903225806452,7.16666666666667,7.33478260869565,7.5,55,31,3,23,63,1435,851,584,53,507,928,7.57810871080139,7.99468977673325,6.97107020547945,7.24905660377358,7.40230966469428,7.67415409482759,17
"21",2008,9,7.33625,72,7.81219512195122,6.70677419354839,6.83333333333333,6.82833333333333,7.50555555555556,41,31,6,18,54,1507,892,615,59,525,982,7.56655341738554,7.98630156950673,6.95774796747968,7.20677966101695,7.38263047619048,7.66488289205703,18
"22",2008,10,7.46639344262295,61,7.59324324324324,7.27083333333333,7,7.45454545454545,7.469,37,24,8,11,50,1568,929,639,67,536,1032,7.5626568877551,7.97064693218515,6.96950704225352,7.18208955223881,7.38410634328358,7.65539244186046,19
"23",2008,11,7.23222222222222,90,7.80425531914894,6.60697674418605,6.41666666666667,7.15227272727273,7.25808823529412,47,43,6,22,68,1658,976,682,73,558,1100,7.54472014475272,7.96263422131148,6.9466495601173,7.11917808219178,7.37496594982079,7.63083181818182,20
"24",2008,12,7.44041095890411,73,7.89642857142857,6.82258064516129,6.55555555555556,7.22608695652174,7.539,42,31,9,23,50,1731,1018,713,82,581,1150,7.54032120161756,7.95990275049116,6.94125525946704,7.05731707317073,7.36907228915663,7.62683913043478,21
"25",2009,1,7.34891304347826,92,7.844,6.75952380952381,6.99230769230769,7.26206896551724,7.38888888888889,50,42,13,29,63,1823,1068,755,95,610,1213,7.53066154690071,7.9544765917603,6.93114569536424,7.04842105263158,7.36398524590164,7.61448062654575,22
"26",2009,2,7.32027972027972,143,7.83125,6.90632911392405,6.99166666666667,7.46607142857143,7.28478260869565,64,79,12,28,115,1966,1132,834,107,638,1328,7.51535910478128,7.94750971731449,6.92879496402878,7.04205607476636,7.36846551724138,7.58592996987952,23
"27",2009,3,7.35269784172662,139,7.83730769230769,6.92702702702703,6.85,7.23916666666667,7.38394495412844,65,74,18,30,109,2105,1197,908,125,668,1437,7.50461805225653,7.94152548036759,6.92865088105727,7.0144,7.36265868263473,7.57060890744607,24
"28",2009,4,7.43663366336634,101,7.74893617021277,7.16481481481481,7.31818181818182,7.18125,7.48470588235294,47,54,11,16,85,2206,1244,962,136,684,1522,7.50150543970988,7.93424919614148,6.94190748440749,7.03897058823529,7.35841520467836,7.56581143232589,25
"29",2009,5,7.22355769230769,104,7.78095238095238,6.84596774193548,7.25384615384615,7.05909090909091,7.26768292682927,42,62,13,22,82,2310,1286,1024,149,706,1604,7.48899177489178,7.92924261275272,6.9360986328125,7.05771812080537,7.34908781869688,7.55057044887781,26
"30",2009,6,7.30815217391304,92,7.634375,6.95227272727273,7.75,7.48076923076923,7.27974683544304,48,44,4,13,79,2402,1334,1068,153,719,1683,7.48206536219817,7.91863268365817,6.93676498127341,7.07581699346405,7.35146870653686,7.53785799168152,27
"31",2009,7,7.45337078651685,89,8.05,6.81511627906977,7.175,7.77727272727273,7.34701492537313,46,43,10,22,67,2491,1380,1111,163,741,1750,7.48104014452027,7.9230115942029,6.93205670567057,7.0819018404908,7.36411066126856,7.53055142857143,28
"32",2009,8,7.20454545454545,77,7.62903225806452,6.91847826086957,7.20416666666667,7.63333333333333,7.1008064516129,31,46,12,15,62,2568,1411,1157,175,756,1812,7.4727496105919,7.91655279943303,6.93151685393259,7.09028571428571,7.36945238095238,7.51584713024283,29
"33",2009,9,7.3703488372093,86,8.01805555555556,6.904,6.73076923076923,6.95,7.49772727272727,36,50,13,20,66,2654,1447,1207,188,776,1878,7.46943142426526,7.91907809260539,6.93037696768849,7.06542553191489,7.35864175257732,7.51521033013845,30
"34",2009,10,7.19555555555556,90,7.75384615384615,6.76862745098039,6.96666666666667,7.05,7.22702702702703,39,51,9,16,74,2744,1486,1258,197,792,1952,7.46044861516035,7.91474158815612,6.92381955484897,7.06091370558376,7.35240656565657,7.50428534836066,31
"35",2009,11,7.33839285714286,112,7.78367346938775,6.99206349206349,7.15,7.5625,7.27727272727273,49,63,18,24,88,2856,1535,1321,215,816,2040,7.45566211484594,7.91055765472313,6.92707418622256,7.06837209302326,7.35858578431373,7.49449264705882,32
"36",2009,12,7.42244897959184,98,7.77380952380952,7.15892857142857,7.20588235294118,7.5,7.39295774647887,42,56,17,27,71,2954,1577,1377,232,843,2111,7.45456025727827,7.9069156626506,6.93650326797386,7.07844827586207,7.36311506524318,7.49107768829938,33
"37",2010,1,7.37661290322581,124,7.6425,7.12734375,6.73125,7.32121212121212,7.3967032967033,60,64,16,33,91,3078,1637,1441,248,876,2202,7.45142007797271,7.89722419059255,6.94497918112422,7.05604838709677,7.36153652968037,7.48717756584923,34
"38",2010,2,7.33135593220339,59,8.1925,6.88974358974359,8.5,7.6125,7.22674418604651,20,39,2,16,43,3137,1657,1480,250,892,2245,7.44916193815747,7.90078817139408,6.94352364864865,7.0676,7.36603811659193,7.48218930957684,35
"39",2010,3,7.28452380952381,84,7.8578125,6.93173076923077,6.6625,6.97142857142857,7.38888888888889,32,52,8,21,63,3221,1689,1532,258,913,2308,7.44486836386215,7.8999739490823,6.94312336814622,7.05503875968992,7.35696166484118,7.47964254766031,36
"40",2010,4,7.48245614035088,57,7.87857142857143,7.1,8.25,7.58,7.46170212765957,28,29,2,10,47,3278,1717,1561,260,923,2355,7.44552196461257,7.8996249271986,6.94603779628444,7.06423076923077,7.3593781148429,7.47928450106157,37
"41",2010,5,7.37767857142857,56,8.01923076923077,6.82166666666667,6.81818181818182,7.765625,7.2225,26,30,11,16,40,3334,1743,1591,271,939,2395,7.4443824235153,7.90140906483075,6.94369264613451,7.05424354243542,7.36630031948882,7.47499582463466,38
"42",2010,6,7.13,50,7.83888888888889,6.73125,6.83333333333333,8.1375,6.93809523809524,18,32,6,8,42,3384,1761,1623,277,947,2437,7.43973729314421,7.90077001703578,6.93950400492915,7.04945848375451,7.37281520591341,7.46574271645466,39
"43",2010,7,7.21834285714286,63,7.73703703703704,6.82932222222222,7.375,7.62222222222222,7.05679111111111,27,36,4,18,45,3447,1788,1659,281,965,2482,7.43569091964027,7.89829753914989,6.93711308016878,7.05409252669039,7.37746735751295,7.45832820306205,40
"44",2010,8,7.36416666666667,60,7.68939393939394,6.96666666666667,7.4,7.79166666666667,7.25729166666667,33,27,5,12,48,3507,1821,1686,286,977,2530,7.43446723695466,7.89451180669962,6.93758635824437,7.06013986013986,7.38255475946776,7.45451407114625,41
"45",2010,9,7.43909090909091,55,7.73260869565217,7.228125,7.5,7.54615384615385,7.40595238095238,23,32,1,13,42,3562,1844,1718,287,990,2572,7.43453862998316,7.89249240780911,6.9429980209546,7.0616724738676,7.38470303030303,7.45372107309487,42
"46",2010,10,7.2078431372549,51,7.7,6.915625,6.9,7.31818181818182,7.1775,19,32,10,11,40,3613,1863,1750,297,1001,2612,7.43133866592859,7.89052925389157,6.94249748571429,7.05622895622896,7.38397202797203,7.44949104134763,43
"47",2010,11,7.32884615384615,78,7.56805555555556,7.12380952380952,7.5,7.625,7.24,36,42,5,18,60,3691,1899,1792,302,1019,2672,7.42917274451368,7.88441600842549,6.94674698660714,7.0635761589404,7.38822963689892,7.44478690119761,44
"48",2010,12,7.49284090909091,88,7.97840909090909,7.00727272727273,7.45,7.26346153846154,7.58903225806452,44,44,10,26,62,3779,1943,1836,312,1045,2734,7.43065535856047,7.88654451878538,6.94819749455338,7.07596153846154,7.38512535885168,7.4480580102414,45
"49",2011,1,7.20597826086957,92,7.98333333333333,6.70625,7,7.07631578947368,7.23972602739726,36,56,11,19,73,3871,1979,1892,323,1064,2807,7.42531557737019,7.88830520464881,6.94103625792812,7.0733746130031,7.37961090225564,7.44264004275027,46
"50",2011,2,7.47925925925926,81,7.7802380952381,7.15512820512821,8.4,7.98055555555556,7.33603174603175,42,39,5,18,63,3952,2021,1931,328,1082,2870,7.42642120445344,7.88605937654626,6.94536022786121,7.09359756097561,7.38960813308688,7.44029986062718,47
"51",2011,3,7.41134328358209,67,7.73625,7.11428571428571,7.77272727272727,7.18,7.4519298245614,32,35,11,10,57,4019,2053,1966,339,1092,2927,7.42616984324459,7.88372430589381,6.94836754832147,7.11563421828908,7.38768864468865,7.44052634096344,48
"52",2011,4,7.18307692307692,65,7.87272727272727,6.471875,6.75,7.17222222222222,7.18723404255319,33,32,4,18,47,4084,2086,1998,343,1110,2974,7.42230083251714,7.88355033557047,6.94073603603604,7.11137026239067,7.3841945945946,7.43652340282448,49
"53",2011,5,7.19014084507042,71,7.75555555555556,6.60857142857143,7.08333333333333,7.65,7.09661016949153,36,35,6,12,59,4155,2122,2033,349,1122,3033,7.41833371841155,7.88137888784166,6.93501751106739,7.110888252149,7.38703743315508,7.42991117705242,50
"54",2011,6,7.39776119402985,67,7.68194444444444,7.06774193548387,7.38333333333333,7.109375,7.48823529411765,36,31,6,16,51,4222,2158,2064,355,1138,3084,7.41800724774988,7.87805189990732,6.9370109496124,7.11549295774648,7.38313356766257,7.43087568093385,51
"55",2011,7,7.53615384615385,65,7.8448275862069,7.2875,7.14285714285714,7.2125,7.60943396226415,29,36,7,12,53,4287,2187,2100,362,1150,3137,7.41979860041987,7.8776113397348,6.94301933333333,7.11602209944751,7.38135304347826,7.43389244501116,52
"56",2011,8,7.06928571428571,70,7.69166666666667,6.6025,6.625,7.21666666666667,7.03879310344828,30,40,8,12,58,4357,2217,2140,370,1162,3195,7.41416722515492,7.8750951736581,6.93665448598131,7.10540540540541,7.37965232358003,7.42672006259781,53
"57",2011,9,7.355,70,7.83055555555556,6.85147058823529,7.00555555555556,7.3025,7.376,36,34,9,20,50,4427,2253,2174,379,1182,3245,7.41323166930201,7.87438348868176,6.93532226310948,7.10303430079156,7.37834686971235,7.42593855161787,54
"58",2011,10,7.27108695652174,92,7.60477272727273,6.96520833333333,6.72727272727273,6.764,7.41194444444444,44,48,11,20,72,4519,2297,2222,390,1202,3317,7.41033781810135,7.86921898127993,6.93596786678668,7.0924358974359,7.36812479201331,7.42563479047332,55
"59",2011,11,7.42142857142857,105,8.02962962962963,6.77745098039216,7.01818181818182,7.47037037037037,7.40448717948718,54,51,11,27,78,4624,2351,2273,401,1229,3395,7.41058966262976,7.87290344534241,6.93241117465904,7.09039900249377,7.37037103336046,7.42514892488954,56
"60",2011,12,7.3044776119403,67,7.59393939393939,7.02352941176471,7.09090909090909,7,7.39230769230769,33,34,11,15,52,4691,2384,2307,412,1244,3447,7.40907409933916,7.86904194630872,6.93375405288253,7.09041262135922,7.36590514469454,7.42465349579344,57
"61",2012,1,7.31909090909091,110,7.84736842105263,6.75094339622641,6.6,7.45,7.28255813953488,57,53,15,24,86,4801,2441,2360,427,1268,3533,7.4070124140804,7.86853584596477,6.92964855932203,7.0731850117096,7.36749684542587,7.42119462213416,58
"62",2012,2,7.28870967741936,62,7.93333333333333,6.79142857142857,7,7.66666666666667,7.198,27,35,7,12,50,4863,2468,2395,434,1280,3583,7.40550413325108,7.86924473257698,6.92762864300626,7.07200460829493,7.3703015625,7.41807998883617,59
"63",2012,3,7.50149253731343,67,8,6.92258064516129,6.75,7.28333333333333,7.54909090909091,36,31,8,12,55,4930,2504,2426,442,1292,3638,7.40680864097363,7.87112460063898,6.92756413849959,7.06617647058824,7.36949380804954,7.42006063771303,60
"64",2012,4,7.64609375,64,7.85,7.38392857142857,7.66666666666667,7.62272727272727,7.65094339622642,36,28,3,11,53,4994,2540,2454,445,1303,3691,7.40987517020425,7.87082519685039,6.93277123064385,7.07022471910112,7.37163161933999,7.42337594147927,61
"65",2012,5,7.41785714285714,70,7.80857142857143,7.02714285714286,7.0375,7.18571428571429,7.44365079365079,35,35,8,7,63,5064,2575,2489,453,1310,3754,7.40998550552923,7.86997902912621,6.93409827239855,7.069646799117,7.37063816793893,7.42371619605754,62
"66",2012,6,7.57101449275362,69,8.096875,7.11621621621622,6.6125,7.90714285714286,7.48545454545455,32,37,8,14,55,5133,2607,2526,461,1324,3809,7.4121501266316,7.87276409666283,6.93676587490103,7.0617136659436,7.37631117824774,7.42460766605408,63
"67",2012,7,7.23461538461538,65,7.60526315789474,6.71296296296296,7.14285714285714,7.425,7.17244897959184,38,27,7,16,49,5198,2645,2553,468,1340,3858,7.40993008849558,7.86892098298677,6.93439898159029,7.06292735042735,7.37689253731343,7.42140502851218,64
"68",2012,8,7.44426229508197,61,7.82222222222222,7.14411764705882,7.525,7.375,7.44912280701754,27,34,4,4,57,5259,2672,2587,472,1344,3915,7.41032831336756,7.86844910179641,6.9371552377271,7.06684322033898,7.37688690476191,7.42180858237548,65
"69",2012,9,7.2640625,64,7.71,6.87058823529412,6.57142857142857,7.27647058823529,7.25957446808511,30,34,7,17,47,5323,2702,2621,479,1361,3962,7.40856971632538,7.86668985936343,6.93629172071728,7.05960334029228,7.37563262307127,7.41988404846037,66
"70",2012,10,7.4037037037037,54,7.58064516129032,7.16521739130435,7.13333333333333,7.46,7.39090909090909,31,23,6,10,44,5377,2733,2644,485,1371,4006,7.40852084805654,7.8634452982071,6.93828313161876,7.06051546391753,7.37624799416484,7.41956580129805,67
"71",2012,11,7.52674418604651,86,8.04411764705882,7.18846153846154,6.89230769230769,7.91176470588235,7.43188405797101,34,52,13,17,69,5463,2767,2696,498,1388,4075,7.41038195130881,7.86566534152512,6.94310853115727,7.05612449799197,7.38280691642651,7.4197743803681,68
"72",2012,12,7.185,90,7.91836734693878,6.30853658536585,6,7.16315789473684,7.19084507042253,49,41,12,19,71,5553,2816,2737,510,1407,4146,7.40672908337836,7.86658238636363,6.93360270369017,7.03127450980392,7.3798407960199,7.41585397973951,69
"73",2013,1,7.23098591549296,71,7.66774193548387,6.8925,7.27777777777778,7.25333333333333,7.225,31,40,9,15,56,5624,2847,2777,519,1422,4202,7.40451041963016,7.86441728134879,6.93301065898452,7.03554913294798,7.37850632911392,7.41331047120419,70
"74",2013,2,6.96724137931034,58,7.64,6.45757575757576,5.7,7.35,6.8875,25,33,5,10,48,5682,2872,2810,524,1432,4250,7.40004692009856,7.86246378830083,6.92742725978648,7.02280534351145,7.37830726256983,7.40737190588235,71
"75",2013,3,7.43764705882353,85,7.86666666666667,7.07391304347826,7.38181818181818,7.38529411764706,7.45073529411765,39,46,11,17,68,5767,2911,2856,535,1449,4318,7.40060110976244,7.86252009618688,6.92978662464986,7.03018691588785,7.37838923395445,7.40805479388606,72
"76",2013,4,7.57313432835821,67,7.90357142857143,7.33589743589744,7.8,8,7.52333333333333,28,39,10,7,60,5834,2939,2895,545,1456,4378,7.40258255056565,7.86291119428377,6.93525754749568,7.0443119266055,7.38137774725275,7.40963467336683,73
"77",2013,5,7.38333333333333,69,7.58243243243243,7.153125,7.66666666666667,6.89375,7.44754098360656,37,32,9,8,61,5903,2976,2927,554,1464,4439,7.40235754701,7.85942405913978,6.93763942603348,7.05442238267148,7.3787131147541,7.41015557558009,74
"78",2013,6,7.36543209876543,81,7.71666666666667,6.98717948717949,6.89285714285714,7.31764705882353,7.378125,42,39,14,17,64,5984,3018,2966,568,1481,4503,7.40185772058824,7.85743737574552,6.93829082939987,7.05044014084507,7.37801215395003,7.40970033311126,75
"79",2013,7,7.46287671232877,73,7.73307692307692,7.15294117647059,7.28571428571429,7.59421052631579,7.41666666666667,39,34,7,19,54,6057,3057,3000,575,1500,4557,7.40259313191349,7.85585083415113,6.94072353333333,7.05330434782609,7.38075066666667,7.40978288347597,76
"80",2013,8,7.50775862068966,58,7.92142857142857,7.12166666666667,7.14285714285714,7.63636363636364,7.47765957446808,28,30,7,11,47,6115,3085,3030,582,1511,4604,7.40359061324612,7.85644602917342,6.94251504950495,7.05438144329897,7.38261151555261,7.410475803649,77
"81",2013,9,7.02631578947368,57,7.51363636363636,6.72,6.75,6.87142857142857,7.048,22,35,8,7,50,6172,3107,3065,590,1518,4654,7.40010638366818,7.85401866752494,6.93997409461664,7.05025423728813,7.38025428194993,7.40658156424581,78
"82",2013,10,7.33707692307692,65,7.86166666666667,6.88742857142857,6.9,7.78,7.25654545454545,30,35,10,10,55,6237,3137,3100,600,1528,4709,7.39944951098285,7.85409180745935,6.93938083870968,7.04775,7.38287041884817,7.40482917816946,79
"83",2013,11,7.14848484848485,66,7.74193548387097,6.62285714285714,6.90909090909091,7.5625,7.09137931034483,31,35,11,8,58,6303,3168,3135,611,1536,4767,7.39682160875774,7.85299431818181,6.93584708133971,7.04525368248772,7.38380598958333,7.40101543947976,80
"84",2013,12,7.55958904109589,73,7.87647058823529,7.28333333333333,7.30769230769231,7.84166666666667,7.50409836065574,34,39,13,12,61,6376,3202,3174,624,1548,4828,7.39868516311167,7.8532435977514,6.94011676118463,7.05072115384615,7.38735529715762,7.40231785418393,81
"85",2014,1,7.33578947368421,95,7.72173913043478,6.9734693877551,7.17857142857143,7.11764705882353,7.38333333333333,46,49,14,17,78,6471,3248,3223,638,1565,4906,7.39776179879462,7.85138115763546,6.940623828731,7.05352664576802,7.38442555910543,7.40201602119853,82
"86",2014,2,7.27,70,7.65147058823529,6.90972222222222,7.27222222222222,7.55625,7.18518518518519,34,36,9,16,54,6541,3282,3259,647,1581,4960,7.39639452683076,7.84931017672151,6.94028247928813,7.05656877897991,7.38616445287793,7.39965536290323,83
"87",2014,3,7.47987012987013,77,7.87261904761905,7.00857142857143,7.4125,7.578125,7.45409836065574,42,35,8,16,61,6618,3324,3294,655,1597,5021,7.39736576004835,7.84960469314079,6.9410080752884,7.06091603053435,7.38808766437069,7.40031678948417,84
"88",2014,4,7.08133333333333,60,7.66944444444444,6.82928571428571,6.86071428571429,7.290625,7.00522727272727,18,42,14,16,44,6678,3342,3336,669,1613,5065,7.39452629529799,7.84863435068821,6.93960149880096,7.0567264573991,7.38712089274643,7.39688461994077,85
"89",2014,5,7.22821428571429,56,8.032,6.58,6.11111111111111,6.98076923076923,7.30302325581395,25,31,9,13,43,6734,3367,3367,678,1626,5108,7.39314324324324,7.84999584199584,6.93629064449065,7.04417404129793,7.38387207872079,7.39609447924824,86
"90",2014,6,7.48559322033898,59,7.92931034482759,7.05666666666667,6.92857142857143,7.92307692307692,7.36195652173913,29,30,7,13,46,6793,3396,3397,685,1639,5154,7.39394620933314,7.85067314487632,6.93735372387401,7.04299270072993,7.38814887126297,7.3957897943345,87
"91",2014,7,7.33837209302326,43,7.90909090909091,6.74047619047619,7.03571428571429,8.66666666666667,7.23875,22,21,7,3,40,6836,3418,3418,692,1642,5194,7.39359663545933,7.85104915155061,6.93614411936805,7.04291907514451,7.39048477466504,7.39458040046207,88
"92",2014,8,7.12604166666667,48,7.56,6.65434782608696,6.85,7.26666666666667,7.09358974358974,25,23,4,9,39,6884,3443,3441,696,1651,5233,7.3917310575247,7.84893581179204,6.9342605637896,7.04181034482759,7.38980981223501,7.39233720619148,89
"93",2014,9,7.36060606060606,66,8.03333333333333,6.8,6.86666666666667,7.26666666666667,7.38823529411765,30,36,15,15,51,6950,3473,3477,711,1666,5284,7.39143548201439,7.85052864958249,6.93287046304285,7.03811533052039,7.38870108043217,7.39229761544285,90
"94",2014,10,7.30238095238095,63,7.7203125,6.87096774193548,6.81818181818182,6.9375,7.35545454545455,32,31,11,8,55,7013,3505,3508,722,1674,5339,7.39063547697134,7.8493398002853,6.93232343215507,7.03476454293629,7.38654480286738,7.3919180745458,91
"95",2014,11,7.21144927536232,69,7.83653846153846,6.83348837209302,6.97272727272727,7.92857142857143,7.13048387096774,26,43,11,7,62,7082,3531,3551,733,1681,5401,7.38888966393674,7.84924553950722,6.93112661222191,7.03383356070941,7.38880190362879,7.38891697833735,92
"96",2014,12,7.40892857142857,56,7.53142857142857,7.2047619047619,7.11111111111111,7.11111111111111,7.46595744680851,35,21,9,9,47,7138,3566,3572,742,1690,5448,7.3890468758756,7.84612619181155,6.93273533034715,7.03477088948787,7.38732307692308,7.38958160792952,93
"97",2015,1,7.44373684210526,95,7.7921568627451,7.03988636363636,6.56366666666667,7.0547619047619,7.55412162162162,51,44,15,21,74,7233,3617,3616,757,1711,5522,7.38976518733582,7.84536521979541,6.93403915929204,7.02543593130779,7.38324137931034,7.39178659905831,94
"98",2015,2,7.37272727272727,66,7.85,6.865625,7.20555555555556,6.85882352941176,7.55102040816327,34,32,9,17,49,7299,3651,3648,766,1728,5571,7.38961112481162,7.8454083812654,6.93343903508772,7.02755221932115,7.37808217592593,7.39318714772931,95
"99",2015,3,7.77735849056604,53,8.06851851851852,7.475,7.5375,8.96428571428571,7.59673913043478,27,26,8,7,46,7352,3678,3674,774,1735,5617,7.3924063656148,7.84704622077216,6.93727152966794,7.03282299741602,7.3844818443804,7.39485412141713,96
"100",2015,4,7.13392857142857,56,7.436,6.89032258064516,7.52777777777778,7.18,7.12391304347826,25,31,9,10,46,7408,3703,3705,783,1745,5663,7.39045242980562,7.84427113151499,6.93687870445344,7.03851213282248,7.38331002865329,7.39265329330743,97
"101",2015,5,7.05125396825397,63,7.67866666666667,6.58069444444444,6.71875,7.22692307692308,7.00558,27,36,8,13,50,7471,3730,3741,791,1758,5713,7.38759210279748,7.84307238605898,6.93345110932906,7.0352781289507,7.38215358361775,7.38926563976895,98
"102",2015,6,7.50769230769231,52,7.82592592592593,7.164,7.16666666666667,7.8,7.43809523809524,27,25,6,10,42,7523,3757,3766,797,1768,5755,7.38842225176127,7.84294916156508,6.93498157195964,7.03626725219573,7.38451696832579,7.38962199826238,99
"103",2015,7,7.52307692307692,52,8.02592592592593,6.98,6.52857142857143,7.94,7.42380952380952,27,25,7,10,42,7575,3784,3791,804,1778,5797,7.38934661386139,7.84425475687103,6.93527844895806,7.03184701492537,7.38764116985377,7.3898696912196,100
"104",2015,8,7.46071428571429,70,7.88235294117647,7.0625,7.015625,7.1125,7.50564516129032,34,36,16,8,62,7645,3818,3827,820,1786,5859,7.39000007848267,7.84459402828706,6.93647520250849,7.03153048780488,7.38640873460246,7.39109482846902,101
"105",2015,9,7.45185185185185,54,7.79047619047619,7.23636363636364,7.20833333333333,7.19090909090909,7.51860465116279,21,33,12,11,43,7699,3839,3860,832,1797,5902,7.39043390050656,7.84429799426934,6.93903901554404,7.03408052884615,7.38521202003339,7.39202382243308,102
"106",2015,10,7.40246031746032,63,7.81267857142857,7.07428571428571,7.1,7.925,7.34745614035088,28,35,11,6,57,7762,3867,3895,843,1803,5959,7.39053151249678,7.84406904577191,6.94025432605905,7.03494068801898,7.38700831946755,7.39159751636181,103
"107",2015,11,7.511875,80,8.01176470588235,7.14239130434783,7.14333333333333,7.125,7.58014705882353,34,46,15,12,68,7842,3901,3941,858,1815,6027,7.39176939556236,7.84553063317098,6.94261370210606,7.03683566433566,7.38527603305785,7.39372483822797,104
"108",2015,12,7.37209677419355,62,7.9248,6.99864864864865,7.075,7.44166666666667,7.3554,25,37,16,12,50,7904,3926,3978,874,1827,6077,7.39161508097166,7.84603540499236,6.94313489190548,7.03753432494279,7.38564641488779,7.39340951127201,105
"109",2016,1,7.30367088607595,79,7.69416666666667,6.97674418604651,6.72142857142857,6.995,7.40830508474576,36,43,14,20,59,7983,3962,4021,888,1847,6136,7.39074478266316,7.8446554770318,6.94349430489928,7.03255067567568,7.3814163508392,7.39355273794003,106
"110",2016,2,7.45431034482759,58,8.05192307692308,6.96875,7.375,7.48888888888889,7.44795918367347,26,32,12,9,49,8041,3988,4053,900,1856,6185,7.39120328317374,7.84600677031093,6.94369370836417,7.03711666666667,7.3819375,7.39398376717866,107
"111",2016,3,7.29508196721311,61,7.77083333333333,6.98648648648649,6.875,7.26666666666667,7.3,24,37,8,9,52,8102,4012,4090,908,1865,6237,7.39047958528758,7.84555707876371,6.94408083129584,7.03568832599119,7.38138123324397,7.39320019240019,108
"112",2016,4,7.11,65,7.53548387096774,6.72205882352941,6.91666666666667,7,7.11532258064516,31,34,9,3,62,8167,4043,4124,917,1868,6299,7.3882472878658,7.84317956962651,6.94225038797284,7.03452017448201,7.3807687366167,7.39046508969678,109
"113",2016,5,7.40086206896552,58,7.83076923076923,7.0515625,7.11666666666667,6.68888888888889,7.53163265306122,26,32,6,9,49,8225,4069,4156,923,1877,6348,7.3883362431611,7.84310027033669,6.94309205967276,7.03505417118093,7.37745125199787,7.39155475740391,110
"114",2016,6,7.08474576271186,59,7.72096774193548,6.38035714285714,6.28125,6.32222222222222,7.222,31,28,8,9,50,8284,4100,4184,931,1886,6398,7.38617402221149,7.84217682926829,6.93932614722753,7.02857679914071,7.37241569459173,7.39022969678024,111
"115",2016,7,7.452,50,8.09565217391304,6.9037037037037,7.18,7.25555555555556,7.49512195121951,23,27,5,9,41,8334,4123,4211,936,1895,6439,7.38656894648428,7.8435908319185,6.9390977440038,7.02938568376068,7.37186068601583,7.39089759279391,112
"116",2016,8,7.42327586206897,58,7.925,7.06911764705882,7.51875,7.535,7.4,24,34,8,10,48,8392,4147,4245,944,1905,6487,7.38682264061011,7.84406197251025,6.94013912838634,7.03353283898305,7.37271706036745,7.39096494527517,113
"117",2016,9,7.18,58,7.432,6.98909090909091,7.368,7.134,7.18958333333333,25,33,5,10,48,8450,4172,4278,949,1915,6535,7.3854030295858,7.84159276126558,6.94051673679289,7.03529504741833,7.37147049608355,7.38948578423871,114
"118",2016,10,7.13548387096774,62,7.50769230769231,6.86666666666667,6.78181818181818,6.85333333333333,7.22553191489362,26,36,11,15,47,8512,4198,4314,960,1930,6582,7.38358265977444,7.83952477370176,6.93990046360686,7.032390625,7.36744352331606,7.38831504102097,115
"119",2016,11,7.41929824561404,57,7.875,7.17297297297297,6.78571428571429,7.57777777777778,7.38958333333333,20,37,7,9,48,8569,4218,4351,967,1939,6630,7.38382023573346,7.83969298245614,6.94188246380143,7.03060496380558,7.36841980402269,7.38832422322775,116
"120",2016,12,7.10377358490566,53,7.68636363636364,6.69032258064516,6.62857142857143,7.17777777777778,7.08863636363636,22,31,7,9,44,8622,4240,4382,974,1948,6674,7.38209877058687,7.83889740566037,6.9401028297581,7.02771560574949,7.36753901437371,7.38634845669763,117
"121",2017,1,7.38888888888889,63,8.02916666666667,6.99487179487179,7.27142857142857,7.8,7.35344827586207,24,39,7,5,58,8685,4264,4421,981,1953,6732,7.38214802533103,7.83996833958724,6.94058597602352,7.02945463812436,7.36864618535586,7.38606500297088,118
"122",2017,2,7.23253968253968,63,7.6825,6.95564102564103,6.825,7.22727272727273,7.23365384615385,24,39,8,11,52,8748,4288,4460,989,1964,6784,7.38107059899406,7.83908698694029,6.94071762331839,7.02780080889788,7.36785437881874,7.38489675707547,119
"123",2017,3,7.19716666666667,60,7.42454545454545,6.91925925925926,6.08333333333333,7.65,7.14685185185185,33,27,6,6,54,8808,4321,4487,995,1970,6838,7.37981784741145,7.83592108308262,6.94058850011143,7.02210552763819,7.36871370558375,7.38301690552793,120
"124",2017,4,7.38032786885246,61,7.75192307692308,7.10428571428571,7.225,7.56153846153846,7.33125,26,35,10,13,48,8869,4347,4522,1005,1983,6886,7.37982135528245,7.83541867954911,6.94185550641309,7.02412437810945,7.36997781139687,7.38265605576532,121
"125",2017,5,7.24009090909091,55,7.70681818181818,6.92893939393939,6.92958333333333,7.385,7.20788888888889,22,33,12,10,45,8924,4369,4555,1017,1993,6931,7.3789601748095,7.83477111467155,6.94176193194292,7.02300884955752,7.37005318615153,7.381521367768,122
"126",2017,6,7.49707792207792,77,7.94375,7.24183673469388,7.18571428571429,7.13333333333333,7.52781690140845,28,49,7,6,71,9001,4397,4604,1024,1999,7002,7.37997062548606,7.83546508983398,6.94495560382276,7.02412109375,7.36934267133567,7.38300479862896,123
"127",2017,7,7.06932432432432,74,7.60464285714286,6.74347826086957,6.93333333333333,6.65,7.13484375,28,46,9,10,64,9075,4425,4650,1033,2009,7066,7.37743753168044,7.83400451977401,6.94296249462366,7.02333010648596,7.36576207068193,7.38075709029154,124
"128",2017,8,7.286875,64,7.78533333333333,6.84705882352941,7.175,7.75733333333333,7.14285714285714,30,34,8,15,49,9139,4455,4684,1041,2024,7115,7.37680332640333,7.83367676767677,6.94226635354398,7.02449567723343,7.36866403162055,7.37911870695713,125
"129",2017,9,7.32358208955224,67,7.9712,6.93809523809524,7.10714285714286,6.65,7.44175438596491,25,42,14,10,57,9206,4480,4726,1055,2034,7172,7.37641598957202,7.83444419642857,6.94222928480745,7.02559241706161,7.36513077679449,7.37961650864473,126
"130",2017,10,7.399375,80,8.08676470588235,6.89130434782609,7.25454545454545,7.51666666666667,7.37867647058824,34,46,11,12,68,9286,4514,4772,1066,2046,7240,7.37661378419126,7.8363447053611,6.9417383906119,7.02795497185741,7.36601955034213,7.37960767955801,127
"131",2017,11,6.98526315789474,76,7.7296875,6.44386363636364,6.55666666666667,6.45625,7.0475,32,44,12,8,68,9362,4546,4816,1078,2054,7308,7.37343682973724,7.83559392872855,6.93718970099668,7.02270871985158,7.36247614410905,7.37651746031746,128
"132",2017,12,7.3796,75,7.76945945945946,7,7.3,7.375,7.38014925373134,37,38,5,8,67,9437,4583,4854,1083,2062,7375,7.3734858111688,7.83506000436395,6.93768141738772,7.02398891966759,7.36252473326867,7.37655045423729,129
"133",2018,1,6.97873563218391,87,7.28589743589744,6.72916666666667,6.42307692307692,6.5,7.04802631578947,39,48,13,11,76,9524,4622,4902,1096,2073,7451,7.36987984040319,7.83042622241454,6.93563965728274,7.01686131386861,7.35794790159189,7.37319951684338,130
"134",2018,2,7.32619047619048,63,7.446,7.24736842105263,7,7.9,7.21792452830189,25,38,9,10,53,9587,4647,4940,1105,2083,7504,7.36959274016898,7.82835808048203,6.9380375708502,7.01672398190045,7.36055016802688,7.37210282515992,131
"135",2018,3,7.25531325301205,83,7.55454545454545,7.05782,7.13636363636364,7.5625,7.22254666666667,33,50,11,8,75,9670,4680,4990,1116,2091,7579,7.36861185108583,7.82642735042735,6.93923779559118,7.01790322580645,7.36132281205165,7.37062285261908,132
"136",2018,4,7.55087719298246,57,7.90909090909091,7.32571428571429,7.4625,7.57142857142857,7.548,22,35,8,7,50,9727,4702,5025,1124,2098,7629,7.36967992186697,7.82681412165036,6.94192967164179,7.02106761565836,7.36202383222116,7.37178537160834,133
"137",2018,5,7.29489795918367,49,7.512,7.06875,6.95,7.2,7.31341463414634,25,24,7,8,41,9776,4727,5049,1131,2106,7670,7.36930509410802,7.8251491432198,6.94253250148544,7.02062776304155,7.36140835707502,7.37147335071708,134
"138",2018,6,7.25910714285714,56,7.87772727272727,6.85882352941176,7.98,7.4425,7.20909090909091,22,34,5,12,44,9832,4749,5083,1136,2118,7714,7.36867744100895,7.82539271425563,6.94197257525084,7.02485035211267,7.36186779981114,7.37054713507908,135
"139",2018,7,7.28270454545455,44,7.48823529411765,7.1532962962963,6.5125,7.62222222222222,7.1954,17,27,8,9,35,9876,4766,5110,1144,2127,7749,7.36829441069259,7.824190096517,6.94308915851272,7.02126748251748,7.36296944052656,7.36975604594141,136
"140",2018,8,7.41186440677966,59,7.87894736842105,7.19,7.33333333333333,7.75,7.37358490566038,19,40,12,6,53,9935,4785,5150,1156,2133,7802,7.36855315551082,7.82440752351097,6.94500691262136,7.02450692041522,7.36405813408345,7.36978205588311,137
"141",2018,9,7.08519230769231,52,7.96666666666667,6.72783783783784,6.875,7.3,7.01358974358974,15,37,12,13,39,9987,4800,5187,1168,2146,7841,7.36707776108942,7.82485208333333,6.94345779834201,7.02297089041096,7.36367008387698,7.36801040683586,138
"142",2018,10,7.28902777777778,72,7.5348275862069,7.12325581395349,6.92,6.95,7.34370967741935,29,43,10,10,62,10059,4829,5230,1178,2156,7903,7.36651909732578,7.8231103748188,6.94493606118547,7.02209677419355,7.36175139146567,7.36781976464634,139
"143",2018,11,7.29338235294118,68,7.7551724137931,6.95,6.625,7.14166666666667,7.32589285714286,29,39,8,12,56,10127,4858,5269,1186,2168,7959,7.36602800434482,7.82270481679704,6.94497354336686,7.01941821247892,7.3605332103321,7.36752476441764,140
"144",2018,12,7.3015,56,7.62413793103448,6.95496296296296,6.44444444444444,6.625,7.41425,29,27,9,8,48,10183,4887,5296,1195,2176,8007,7.36567314151036,7.82152649887456,6.94502447129909,7.01508786610879,7.35782904411764,7.3678048707381,141
"145",2019,1,7.21530864197531,81,7.75375,6.86367346938775,6.56666666666667,7.63846153846154,7.13441176470588,32,49,15,13,68,10264,4919,5345,1210,2189,8075,7.36448651597818,7.82108558650132,6.94427869036483,7.00952892561983,7.35949566011877,7.36583945510836,142
"146",2019,2,7.26507042253521,71,7.61914285714286,6.92083333333333,6.375,6.81888888888889,7.32983870967742,35,36,8,9,62,10335,4954,5381,1218,2198,8137,7.3638035413643,7.81965886152604,6.94412183608995,7.00536124794745,7.35728207461328,7.36556514686002,143
"147",2019,3,7.24876923076923,65,7.55653846153846,7.04358974358974,7.25,7.52222222222222,7.20482142857143,26,39,6,9,56,10400,4980,5420,1224,2207,8193,7.36308457692308,7.81828514056225,6.94483756457565,7.00656045751634,7.35795468962392,7.36446644696692,144
"148",2019,4,7.33475609756098,82,7.56571428571429,7.16276595744681,6.46875,7.34117647058823,7.33307692307692,35,47,8,17,65,10482,5015,5467,1232,2224,8258,7.362862965083,7.81652243270189,6.94671110298153,7.00306818181818,7.35782643884892,7.36421937515137,145
"149",2019,5,7.00701754385965,57,7.76739130434783,6.49264705882353,6.77777777777778,7.35714285714286,6.958,23,34,9,7,50,10539,5038,5501,1241,2231,8308,7.36093838125059,7.81629813418023,6.94390467187784,7.00143432715552,7.35782429403855,7.36177462686567,146
"150",2019,6,7.15949152542373,59,7.68066666666667,6.98181818181818,6.58461538461538,7.16666666666667,7.15910714285714,15,44,13,3,56,10598,5053,5545,1254,2234,8364,7.35981690885073,7.81589550761924,6.94420551848512,6.99711323763955,7.35756759176365,7.36041769488283,147
"151",2019,7,7.30642857142857,42,7.485,7.14409090909091,6.88,6.96,7.35324324324324,20,22,4,5,37,10640,5073,5567,1258,2239,8401,7.35960616541353,7.81459097181155,6.94499543739896,6.99674085850556,7.35667976775346,7.36038609689323,148
"152",2019,8,7.39898876404494,89,7.5725,7.25734693877551,7.53,6.92727272727273,7.46551282051282,40,49,10,11,78,10729,5113,5616,1268,2250,8479,7.3599328548793,7.81269704674359,6.94772072649573,7.00094637223975,7.35458044444444,7.36135317844085,149
"153",2019,9,7.26985507246377,69,7.75545454545455,7.04255319148936,6.875,7.16666666666667,7.27968253968254,22,47,8,6,63,10798,5135,5663,1276,2256,8542,7.35935725134284,7.81245180136319,6.94850778739184,7.00015673981191,7.35408067375886,7.36075083118708,150
"154",2019,10,7.10740740740741,54,7.6125,6.70333333333333,6.68,7.1875,7.09347826086957,24,30,5,8,46,10852,5159,5693,1281,2264,8588,7.35810353851824,7.81152161271564,6.94721580888811,6.99890710382514,7.35349204946996,7.35931923614346,151
"155",2019,11,7.01833333333333,60,7.4,6.79736842105263,7,6.33333333333333,7.05438596491228,22,38,5,3,57,10912,5181,5731,1286,2267,8645,7.35623530058651,7.80977417486972,6.94622222997732,6.99891135303266,7.3521420379356,7.35730868710237,152
"156",2019,12,7.18282491525424,59,7.79083333333333,6.76590485714286,6.44285714285714,7.5,7.15345685185185,24,35,7,5,54,10971,5205,5766,1293,2272,8699,7.35530273174733,7.80968683957733,6.94512769164065,6.99590100541377,7.35246742957746,7.35604325439706,153
"157",2020,1,7.16215625,96,7.58334210526316,6.88620689655172,6.29333333333333,7.23913333333333,7.1479012345679,38,58,15,15,81,11067,5243,5824,1308,2287,8780,7.3536272946598,7.80804634751097,6.94454091174451,6.98784403669725,7.35172409269786,7.35412303758542,154
"158",2020,2,7.23625,64,7.74466666666667,6.78764705882353,7.06666666666667,6.75555555555556,7.31490909090909,30,34,6,9,55,11131,5273,5858,1314,2296,8835,7.35295240948702,7.80768575763323,6.94363029532264,6.98820395738204,7.34938719512195,7.3538789213356,155
"159",2020,3,7.06896551724138,58,7.345,6.92368421052632,6.5,8.22222222222222,6.85714285714286,20,38,2,9,49,11189,5293,5896,1316,2305,8884,7.35148031727589,7.80593746457586,6.94350174185889,6.98746200607903,7.35279522776572,7.3511391569113,156
"160",2020,4,7.12058823529412,51,7.34821428571429,6.84347826086957,6.15625,6.41666666666667,7.21444444444444,28,23,8,6,45,11240,5321,5919,1324,2311,8929,7.3504326752669,7.80352884796091,6.94311307146477,6.98243957703927,7.35036477715275,7.35045024862807,157
"161",2020,5,6.940625,64,7.59423076923077,6.49342105263158,5.80909090909091,6.39444444444444,7.03,26,38,11,9,55,11304,5347,5957,1335,2320,8984,7.34811246196037,7.80251112773518,6.9402444636562,6.97277153558052,7.34665646551724,7.34848845391808,158
"162",2020,6,6.96074074074074,54,7.53,6.59848484848485,6.21428571428571,6.5,6.9976,21,33,7,4,50,11358,5368,5990,1342,2324,9034,7.34627075805599,7.80144504470939,6.93836164774624,6.96881520119225,7.34519922547332,7.34654641022803,159
"163",2020,7,7.33137254901961,51,7.58260869565217,7.125,7,6.88333333333333,7.39111111111111,23,28,5,6,45,11409,5391,6018,1347,2330,9079,7.34620416075028,7.80051140790206,6.93923002160186,6.96893095768374,7.34400987124463,7.34676729485626,160
"164",2020,8,7.57652173913043,46,7.76333333333333,7.37272727272727,6.8,7.1875,7.65842105263158,24,22,5,8,38,11455,5415,6040,1352,2338,9117,7.34712905019642,7.80034662973223,6.94080898509934,6.96830621301775,7.3434743370402,7.3480662794779,161
"165",2020,9,7.24807692307692,52,7.80434782608696,6.80689655172414,6.21666666666667,7.06666666666667,7.27173913043478,23,29,6,6,46,11507,5438,6069,1358,2344,9163,7.34668143477883,7.80036355277676,6.94016910034602,6.9649852724595,7.34276578498293,7.34768310269563,162
"166",2020,10,7.29205882352941,68,7.48428571428571,7.1575,7.1,7.66,7.26285714285714,28,40,5,5,63,11575,5466,6109,1363,2349,9226,7.34636054168466,7.79874442005123,6.94159212146014,6.96548055759354,7.34344103873989,7.34710386624756,163
"167",2020,11,6.99469696969697,66,7.58571428571429,6.55921052631579,6.09545454545455,7.02692307692308,6.98679245283019,28,38,11,13,53,11641,5494,6147,1374,2362,9279,7.34436674426595,7.79765871860211,6.93922828534244,6.95851528384279,7.34169898391194,7.34504583144736,164
"168",2020,12,7.40223880597015,67,7.90714285714286,7.03974358974359,7.1,7.78,7.3359649122807,28,39,10,10,57,11708,5522,6186,1384,2372,9336,7.34469792193372,7.79821387178558,6.93986198997737,6.95953757225433,7.34354679595278,7.34499038881748,165
"169",2021,1,7.10285714285714,70,7.69310344827586,6.68536585365854,6.65,6.95,7.12258064516129,29,41,10,8,62,11778,5551,6227,1394,2380,9398,7.34326059347936,7.79766474509097,6.93818632889032,6.95731707317073,7.34222394957983,7.34352311874867,166
"170",2021,2,6.92349206349206,63,7.69038461538462,6.38459459459459,6.095,7.00888888888889,6.90925925925926,26,37,14,9,54,11841,5577,6264,1408,2389,9452,7.34102721645131,7.79716460462614,6.93491639048531,6.94874289772727,7.34096818752616,7.34104213605586,167
"171",2021,3,7.02727272727273,55,7.72352941176471,6.71578947368421,6.1875,7.14285714285714,7.01041666666667,17,38,8,7,48,11896,5594,6302,1416,2396,9500,7.33957660305985,7.79694082946014,6.93359509203428,6.94444209039548,7.34038939899833,7.33937160736842,168
"172",2021,4,7.02045454545455,44,7.64,6.50416666666667,5.8,7.5,6.94473684210526,20,24,5,6,38,11940,5614,6326,1421,2402,9538,7.33840060887772,7.79638172426078,6.93196589788176,6.94041520056298,7.34078809325562,7.33779935730761,169
"173",2021,5,7.04489795918367,49,7.33333333333333,6.87741935483871,6.5,7.5,6.98139534883721,18,31,5,6,43,11989,5632,6357,1426,2408,9581,7.3372010401201,7.79490181107955,6.93169990089665,6.93887096774193,7.34118480066445,7.33619979855965,170
"174",2021,6,6.83333333333333,39,7.68181818181818,6.5,5.825,10,6.75,11,28,4,1,38,12028,5643,6385,1430,2409,9619,7.33556728217492,7.79468137515506,6.92980677682067,6.93575524475524,7.34228850145288,7.33388400769311,171
"175",2021,7,6.99880952380952,42,7.48571428571429,6.51190476190476,5.1,7.275,6.93382352941176,21,21,5,8,34,12070,5664,6406,1435,2417,9653,7.33439546561723,7.79353584039548,6.92843682016859,6.92935888501742,7.34206578402979,7.33247490624676,172
"176",2021,8,7.17647058823529,51,7.575,6.82222222222222,6.07142857142857,7.8,7.12340425531915,24,27,7,4,47,12121,5688,6433,1442,2421,9700,7.33373098506723,7.79261374824191,6.92799102595989,6.92519417475728,7.3428223874432,7.33146188350516,173
"177",2021,9,7.38596906976744,43,7.36035105263158,7.40625,7.33333333333333,7.7125,7.31133342857143,19,24,3,8,35,12164,5707,6457,1445,2429,9735,7.33391564781321,7.79117463991589,6.92976866501471,6.92604152249135,7.34403993412927,7.33138951617874,174
"178",2021,10,7.35609756097561,41,7.67222222222222,7.10869565217391,6.5,7.16666666666667,7.37105263157895,18,23,3,3,38,12205,5725,6480,1448,2432,9773,7.33399016304793,7.79080064104804,6.93040374537037,6.925158839779,7.34382113486842,7.33154373682595,175
"179",2021,11,6.95272727272727,55,7.60588235294118,6.66052631578947,6.27777777777778,6.25,7.0078431372549,17,38,9,4,51,12260,5742,6518,1457,2436,9824,7.33227976672104,7.79025316440265,6.92883035747162,6.92115991763898,7.3420250410509,7.32986328786645,176
"180",2021,12,7.06348484848485,66,7.39541666666667,6.87380952380952,6.21428571428571,6.81363636363636,7.11345454545455,24,42,7,11,55,12326,5766,6560,1464,2447,9879,7.33084049488885,7.78860972424558,6.92847808993902,6.91778005464481,7.33964977523498,7.32865846138273,177
"181",2022,1,7.26366666666667,96,7.61904761904762,6.98725925925926,6.65,7.21428571428571,7.26755056179775,42,54,10,7,89,12422,5808,6614,1474,2454,9968,7.33032136048945,7.78738355199725,6.92895800876928,6.91596336499321,7.33929217603912,7.32811285513644,178
"182",2022,2,7.21509433962264,53,7.15217391304348,7.26333333333333,6.91666666666667,7.5,7.20392156862745,23,30,6,2,51,12475,5831,6644,1480,2456,10019,7.32983181883767,7.78487800891785,6.93046783112583,6.91596621621621,7.3394230456026,7.32748068070666,179
"183",2022,3,7.04127272727273,55,7.39032258064516,6.59041666666667,6.66666666666667,6.92833333333333,7.05510204081633,31,24,3,6,49,12530,5862,6668,1483,2462,10068,7.32856519872306,7.7827914824292,6.92924389172165,6.91546190155091,7.33842120227457,7.32615503972984,180
"184",2022,4,7.17959183673469,49,7.29090909090909,7.08888888888889,6.88,7,7.2,22,27,5,5,44,12579,5884,6695,1488,2467,10112,7.32798489069083,7.78095235723997,6.92988771769978,6.91534274193548,7.33773530603972,7.32560610561709,181
"185",2022,5,7.01976744186047,43,7.28636363636364,6.74047619047619,7.375,7.22,6.99342105263158,22,21,4,5,38,12622,5906,6716,1492,2472,10150,7.3269348708604,7.77911000169319,6.92929545413937,6.91657506702413,7.33749716828479,7.32436245714286,182
"186",2022,6,7.26019607843137,51,7.84761904761905,6.849,6.6,7.125,7.27170212765957,21,30,9,4,47,12673,5927,6746,1501,2476,10197,7.32666629369525,7.77935273662899,6.92893837385117,6.91467688207861,7.33715387722132,7.32411973521624,183
"187",2022,7,7.03028571428571,35,7.94470588235294,6.16666666666667,6.5,7.625,6.95354838709677,17,18,2,4,31,12708,5944,6764,1503,2480,10228,7.32585001101668,7.77982565107672,6.92690985659373,6.914125083167,7.33761814516129,7.32299657215487,184
"188",2022,8,7.19066666666667,45,7.17368421052632,7.20307692307692,7.35,6.5575,7.25243902439024,19,26,2,4,41,12753,5963,6790,1505,2484,10269,7.32537300556731,7.77789429314104,6.92796734462445,6.91470431893687,7.33636191626409,7.32271486415425,185
"189",2022,9,7.22091948275862,58,7.54123444444444,6.94193548387097,5.875,7.49625,7.1768666,27,31,4,8,50,12811,5990,6821,1509,2492,10319,7.32490010693935,7.77682754590985,6.92803082685823,6.91194831013916,7.33687520064205,7.322008166489,186
"190",2022,10,7.03104166666667,48,7.7395652173913,6.3792,7.5,6.6975,7.09775,23,25,2,8,40,12859,6013,6846,1511,2500,10359,7.32380319387199,7.7766850157991,6.92602662430616,6.91272667107875,7.3348292,7.32114222125688,187
"191",2022,11,7.04444444444444,63,7.44032258064516,6.6609375,6.3,7.95,6.96637931034483,31,32,5,5,58,12922,6044,6878,1516,2505,10417,7.32244120646958,7.77495979483786,6.92479329310846,6.91070580474934,7.33605708582834,7.31916696457714,188
"192",2022,12,7.32354166666667,48,7.64227272727273,7.05384615384615,6.675,7.15916666666667,7.34702380952381,22,26,8,6,42,12970,6066,6904,1524,2511,10459,7.32244527910563,7.77447856907353,6.92527929750869,6.909468503937,7.33563440860215,7.31927882875992,189
