"","year","month","avg_rating","no_ratings","avg_rating_owned","avg_rating_not_owned","avg_rating_prev_owned","avg_rating_comment","avg_rating_no_comment","no_ratings_owned","no_ratings_not_owned","no_ratings_prev_owned","no_ratings_comment","no_ratings_no_comment","cum_no_ratings","cum_no_ratings_owned","cum_no_ratings_not_owned","cum_no_ratings_prev_owned","cum_no_ratings_comment","cum_no_ratings_no_comment","cum_avg_rating","cum_avg_rating_owned","cum_avg_rating_not_owned","cum_avg_rating_prev_owned","cum_avg_rating_comment","cum_avg_rating_no_comment","month_after_release"
"1",2006,10,9.16666666666667,6,9.2,9,9,9.25,9,5,1,1,4,2,6,5,1,1,4,2,9.16666666666667,9.2,9,9,9.25,9,0
"2",2006,11,8.11538461538461,13,8.08333333333333,8.14285714285714,10,7.83333333333333,8.35714285714286,6,7,1,6,7,19,11,8,2,10,9,8.44736842105263,8.59090909090909,8.25,9.5,8.4,8.5,1
"3",2006,12,8.5,8,8.57142857142857,8,NA,8.5,8.5,7,1,0,2,6,27,18,9,2,12,15,8.46296296296296,8.58333333333333,8.22222222222222,9.5,8.41666666666667,8.5,2
"4",2007,1,8.9774,5,8.9774,NA,NA,8.9435,9,5,0,0,2,3,32,23,9,2,14,18,8.54334375,8.669,8.22222222222222,9.5,8.49192857142857,8.58333333333333,3
"5",2007,2,8.31624333333333,6,8.66666666666667,7.96582,NA,8.25,8.349365,3,3,0,2,4,38,26,12,2,16,22,8.50748578947369,8.66873076923077,8.15812166666667,9.5,8.4616875,8.54079363636364,4
"6",2007,3,8.75,10,9.5,7,NA,8.125,9.16666666666667,7,3,0,4,6,48,33,15,2,20,28,8.55800958333333,8.84506060606061,7.92649733333333,9.5,8.39435,8.67490928571429,5
"7",2007,4,8.5,7,8.6,8.25,8,8.5,8.5,5,2,1,3,4,55,38,17,3,23,32,8.55062654545455,8.81281578947368,7.96455647058824,9,8.40813043478261,8.653045625,6
"8",2007,5,8.02,10,9.25,7.2,7,9,7.6,4,6,1,3,7,65,42,23,4,26,39,8.46899169230769,8.85445238095238,7.76510695652174,8.5,8.47642307692308,8.46403743589744,7
"9",2007,6,8.875,4,8.875,NA,NA,9,8.75,4,0,0,2,2,69,46,23,4,28,41,8.4925284057971,8.85623913043478,7.76510695652174,8.5,8.51382142857143,8.47798682926829,8
"10",2007,7,6.5,4,7.66666666666667,3,NA,5,8,3,1,0,2,2,73,49,24,4,30,43,8.38334876712329,8.7834081632653,7.56656083333333,8.5,8.27956666666667,8.45575488372093,9
"11",2007,8,7.75,4,9,7.33333333333333,NA,7.5,8,1,3,0,2,2,77,50,27,4,32,45,8.35044753246753,8.78774,7.54064666666667,8.5,8.23084375,8.43549911111111,10
"12",2007,9,9.05,8,8.91428571428571,10,NA,8.68,9.66666666666667,7,1,0,5,3,85,57,28,4,37,48,8.41628776470588,8.80328070175439,7.62848071428571,8.5,8.29154054054054,8.51244708333333,11
"13",2007,10,8.85714285714286,7,9.5,8.6,NA,6,9.33333333333333,2,5,0,1,6,92,59,33,4,38,54,8.44983108695652,8.82689830508475,7.77568060606061,8.5,8.23123684210526,8.60365666666667,12
"14",2007,11,8.5,8,9.5,7.5,8,9,8.33333333333333,4,4,1,2,6,100,63,37,5,40,60,8.4538446,8.86963492063492,7.7458772972973,8.4,8.269675,8.57662433333333,13
"15",2007,12,8.625,12,8.5,8.75,NA,8.5,8.71428571428571,6,6,0,5,7,112,69,43,5,45,67,8.47218267857143,8.83749275362319,7.88598744186047,8.4,8.29526666666666,8.59100686567164,14
"16",2008,1,8.6,10,8.75,8.5,6,7.25,9.5,4,6,1,4,6,122,73,49,6,49,73,8.48265950819672,8.83269863013699,7.96117265306123,8,8.2099387755102,8.66571863013699,15
"17",2008,2,8.625,56,9.12121212121212,7.91304347826087,8,8.41304347826087,8.77272727272727,33,23,3,23,33,178,106,72,9,72,106,8.52744078651686,8.92251886792453,7.94579805555555,8,8.27481944444444,8.69903264150943,16
"18",2008,3,8.62916666666667,72,9.14130434782609,7.72307692307692,8.4,8.19333333333333,8.94047619047619,46,26,5,30,42,250,152,98,14,102,148,8.55673784,8.9887302631579,7.8867087755102,8.14285714285714,8.25085294117647,8.76755040540541,17
"19",2008,4,8.36585365853658,41,8.58333333333333,8.05882352941176,8,8.41666666666667,8.3448275862069,24,17,2,12,29,291,176,115,16,114,177,8.52984350515464,8.93344886363636,7.91215182608696,8.125,8.26830701754386,8.69829073446328,18
"20",2008,5,8.13269230769231,52,8.66,7.04705882352941,8,7.61538461538461,8.65,35,17,1,26,26,343,211,132,17,140,203,8.4696339941691,8.88809004739337,7.80073833333333,8.11764705882353,8.14705,8.69210571428571,19
"21",2008,6,8.07142857142857,35,8.54545454545454,7.26923076923077,8.66666666666667,7.16666666666667,8.54347826086956,22,13,3,12,23,378,233,145,20,152,226,8.43276312169312,8.85573819742489,7.75308593103448,8.2,8.06965131578947,8.67697991150443,20
"22",2008,7,8.03939393939394,33,8.83157894736842,6.96428571428571,9.16666666666667,7.30714285714286,8.57894736842105,19,14,3,14,19,411,252,159,23,166,245,8.40117873479319,8.85391666666667,7.68363182389937,8.32608695652174,8.00534337349398,8.6693773877551,21
"23",2008,8,7.81210526315789,38,8.64705882352941,7.13619047619048,6.875,8.04166666666667,7.70615384615385,17,21,4,12,26,449,269,180,27,178,271,8.35132396436526,8.840843866171,7.61976366666667,8.11111111111111,8.00779213483146,8.57696479704797,22
"24",2008,9,7.7234375,32,8.46875,6.978125,7.725,7.80769230769231,7.66578947368421,16,16,4,13,19,481,285,196,31,191,290,8.30955189189189,8.81995438596491,7.567385,8.06129032258064,7.99417277486911,8.51726710344828,23
"25",2008,10,7.95689655172414,29,8.925,7.44736842105263,7,7.72727272727273,8.09722222222222,10,19,7,11,18,510,295,215,38,202,308,8.28949894117647,8.82351525423729,7.55677888372093,7.86578947368421,7.97963861386139,8.49271902597403,24
"26",2008,11,8.08125,32,9.01666666666667,6.87857142857143,10,7.75454545454545,8.25238095238095,18,14,1,11,21,542,313,229,39,213,329,8.27720380073801,8.83462300319489,7.51531641921397,7.92051282051282,7.96801408450704,8.47737829787234,25
"27",2008,12,8.33645833333333,48,9.26111111111111,7.14761904761905,6.75,7.55357142857143,8.65882352941176,27,21,6,14,34,590,340,250,45,227,363,8.28202450847458,8.86849117647059,7.48442984,7.76444444444444,7.94245374449339,8.49437316804408,26
"28",2009,1,8.55735294117647,68,8.88723404255319,7.81904761904762,7.88571428571429,8.404,8.64651162790698,47,21,7,25,43,658,387,271,52,252,406,8.31047790273556,8.87076744186047,7.51035963099631,7.78076923076923,7.98824206349206,8.51048635467981,27
"29",2009,2,8.37407407407407,108,8.86129032258065,7.71739130434783,7.86666666666667,8.67931034482759,8.2620253164557,62,46,9,29,79,766,449,317,61,281,485,8.31944446475196,8.8694587973274,7.54040208201893,7.79344262295082,8.05956227758007,8.4700153814433,28
"30",2009,3,8.52347826086956,115,8.89402985074627,8.00625,8.31333333333333,8.80909090909091,8.40853658536585,67,48,15,33,82,881,516,365,76,314,567,8.34607770715096,8.8726492248062,7.6016642739726,7.89605263157895,8.13833439490446,8.4611242680776,29
"31",2009,4,8.5688679245283,106,9.038,8.15,8.85,8.58275862068965,8.56363636363636,50,56,10,29,77,987,566,421,86,343,644,8.37000451874367,8.88725618374558,7.67460204275535,8.00697674418605,8.17590962099125,8.47338114906833,30
"32",2009,5,8.367,100,8.89245283018868,7.77446808510638,7.64285714285714,7.91935483870968,8.56811594202899,53,47,14,31,69,1087,619,468,100,374,713,8.36972811407544,8.88770113085622,7.68463132478633,7.956,8.15464438502674,8.48254903225807,31
"33",2009,6,8.45604395604396,91,8.58863636363636,8.33191489361702,8.25,8.3,8.5,44,47,8,20,71,1178,663,515,108,394,784,8.3763959762309,8.86785369532428,7.74370380582524,7.97777777777778,8.16202284263959,8.48412941326531,32
"34",2009,7,8.34711538461539,104,8.87916666666667,7.89107142857143,8.79166666666667,7.752,8.53544303797468,48,56,12,25,79,1282,711,571,120,419,863,8.37402063962558,8.86861744022503,7.75815667250438,8.05916666666667,8.1375584725537,8.4888267207416,33
"35",2009,8,8.34020618556701,97,8.81395348837209,7.96296296296296,8.08333333333333,8.65217391304348,8.24324324324324,43,54,12,23,74,1379,754,625,132,442,937,8.37164210297317,8.8655,7.775851936,8.06136363636364,8.1643371040724,8.46943165421558,34
"36",2009,9,7.79540229885057,87,8.54347826086956,6.95609756097561,7.22222222222222,8.44736842105263,7.61323529411765,46,41,9,19,68,1466,800,666,141,461,1005,8.33744506139154,8.84698375,7.72538657657658,8.00780141843972,8.1760021691974,8.41149996019901,35
"37",2009,10,8.21666666666667,114,8.97540983606557,7.34339622641509,8.33,7.944,8.29325842696629,61,53,10,25,89,1580,861,719,151,486,1094,8.32873067088608,8.85608246225319,7.69722873435327,8.02913907284768,8.16406790123457,8.40188067641682,36
"38",2009,11,8.07822580645161,124,8.62615384615385,7.47457627118644,8.19473684210526,8.04545454545454,8.09010989010989,65,59,19,33,91,1704,926,778,170,519,1185,8.31050144366197,8.83994276457883,7.68034377892031,8.04764705882353,8.15652601156069,8.37793878481013,37
"39",2009,12,8.21333333333333,135,8.7578125,7.72253521126761,8.12962962962963,8.515625,8.11941747572816,64,71,27,32,103,1839,990,849,197,551,1288,8.30336838499184,8.83463333333333,7.68387215547703,8.05888324873096,8.17738112522686,8.35726510869565,38
"40",2010,1,8.33126315789474,190,8.91536363636364,7.528125,7.86111111111111,8.19137931034483,8.35645962732919,110,80,27,29,161,2029,1100,929,224,580,1449,8.30598051256777,8.84270636363637,7.67046012917115,8.03504464285714,8.17808103448276,8.35717561076605,39
"41",2010,2,8.37958333333333,120,8.68,8.02454545454546,7.75,8.60416666666667,8.3234375,65,55,10,24,96,2149,1165,984,234,604,1545,8.31009048859935,8.83362832618026,7.69025148373984,8.02286324786325,8.19501158940397,8.35507926213592,40
"42",2010,3,8.29252336448598,107,9.06481481481481,7.50566037735849,7.35,8.47826086956522,8.24166666666667,54,53,10,23,84,2256,1219,1037,244,627,1629,8.30925729609929,8.84386956521739,7.68081722275796,7.9952868852459,8.2054019138756,8.34923109883364,41
"43",2010,4,8.19626168224299,107,8.72786885245902,7.49130434782609,7.70833333333333,7.63636363636364,8.34117647058824,61,46,12,22,85,2363,1280,1083,256,649,1714,8.30414069403301,8.83834140625,7.67276773776547,7.9818359375,8.1861124807396,8.34883165694282,42
"44",2010,5,8.59784946236559,93,8.86724137931034,8.15142857142857,8.625,8.94736842105263,8.50810810810811,58,35,8,19,74,2456,1338,1118,264,668,1788,8.31526240228013,8.83959417040359,7.68775264758497,8.00132575757576,8.20776497005988,8.35542363534676,43
"45",2010,6,8.27380952380952,84,8.59803921568627,7.77272727272727,8.45,7.47368421052632,8.50769230769231,51,33,10,19,65,2540,1389,1151,274,687,1853,8.31389151968504,8.83072498200144,7.69018893136403,8.01770072992701,8.18746288209607,8.36076495412844,44
"46",2010,7,8.2953488372093,86,8.63,7.83055555555556,7.89285714285714,8.52380952380952,8.22153846153846,50,36,14,21,65,2626,1439,1187,288,708,1918,8.31328425742574,8.82375052119528,7.69444604886268,8.01163194444444,8.19743926553672,8.35604664233577,45
"47",2010,8,8.09110169491525,118,8.48203125,7.62777777777778,8.52666666666667,8.25882352941177,8.02321428571429,64,54,15,34,84,2744,1503,1241,303,742,2002,8.30372975947522,8.8091996007984,7.6915450926672,8.03712871287129,8.20025202156334,8.34208164835165,46
"48",2010,9,8.46627906976744,86,8.77872340425532,8.08974358974359,8.5,8.66470588235294,8.41739130434783,47,39,9,17,69,2830,1550,1280,312,759,2071,8.3086694204947,8.80827548387097,7.703677703125,8.05048076923077,8.21065480895916,8.34459075808788,47
"49",2010,10,8.17584269662921,89,8.98292682926829,7.48645833333333,7.71428571428571,7.612,8.39609375,41,48,14,25,64,2919,1591,1328,326,784,2135,8.30461954779034,8.81277624135764,7.69582640060241,8.03604294478528,8.19156505102041,8.34613464168618,48
"50",2010,11,8.11727272727273,165,8.75866666666667,7.58277777777778,7.76896551724138,8.21323529411765,8.09236641221374,75,90,29,34,131,3084,1666,1418,355,818,2266,8.29459612840467,8.81034033613445,7.68865124118477,8.01422535211268,8.19246577017115,8.33146401588702,49
"51",2010,12,8.37794117647059,136,8.84,7.71785714285714,7.57142857142857,8.525,8.34642857142857,80,56,14,24,112,3220,1746,1474,369,842,2378,8.29811629192546,8.81169931271478,7.68976082767978,7.99742547425474,8.20194418052257,8.33216882253994,50
"52",2011,1,8.41785714285714,168,8.84408602150538,7.88933333333333,8.28333333333333,8.5,8.4,93,75,12,30,138,3388,1839,1549,381,872,2516,8.30405385478158,8.81333713974986,7.69942379599742,8.00643044619423,8.21219839449541,8.33588929252782,51
"53",2011,2,8.32463768115942,138,8.76710526315789,7.78225806451613,7.75,7.95454545454545,8.44095238095238,76,62,10,33,105,3526,1915,1611,391,905,2621,8.30485946114577,8.81150234986945,7.70261170701428,7.99987212276215,8.20280331491712,8.34009822968332,52
"54",2011,3,8.25597014925373,134,8.53482142857143,8.05576923076923,8.44117647058824,7.72727272727273,8.35982142857143,56,78,17,22,112,3660,1971,1689,408,927,2733,8.30306952459016,8.80364129883308,7.71892093546477,8.01825980392157,8.19151779935275,8.34090649835345,53
"55",2011,4,8.30619469026549,113,8.73859649122807,7.86607142857143,8.10526315789474,8.07878787878788,8.4,57,56,19,33,80,3773,2028,1745,427,960,2813,8.30316312218394,8.80181311637081,7.72364324355301,8.02213114754098,8.18764270833333,8.34258708140775,54
"56",2011,5,8.32385321100917,109,8.79508196721311,7.725,7.78571428571429,7.10526315789474,8.58111111111111,61,48,14,19,90,3882,2089,1793,441,979,2903,8.30374406491499,8.80161656294878,7.7236795649749,8.01462585034014,8.16663636363636,8.34998190148122,55
"57",2011,6,8.21428571428571,112,8.78085106382979,7.80461538461538,7.13636363636364,7.89444444444444,8.36578947368421,47,65,11,36,76,3994,2136,1858,452,1015,2979,8.3012354682023,8.80115964419476,7.72651101184069,7.99325221238938,8.15698226600985,8.35038518294729,56
"58",2011,7,8.30416666666667,108,8.92788461538461,7.725,7.87333333333333,8.09354838709677,8.38896103896104,52,56,15,31,77,4102,2188,1914,467,1046,3056,8.30131264261336,8.80417138939671,7.72646680250784,7.98940042826553,8.15510229445507,8.35135715314136,57
"59",2011,8,8.38198198198198,111,8.82222222222222,7.80416666666667,8.31764705882353,8.21739130434783,8.425,63,48,17,23,88,4213,2251,1962,484,1069,3144,8.30343803940185,8.80467658818303,7.7283677166157,8.00092975206612,8.15644246959775,8.35341840330788,58
"60",2011,9,8.51578947368421,95,8.90188679245283,8.02857142857143,8.31111111111111,8.732,8.43857142857143,53,42,9,25,70,4308,2304,2004,493,1094,3214,8.30812081244196,8.80691276041667,7.73465941117765,8.00659229208925,8.16959506398537,8.35527301182327,59
"61",2011,10,7.89,120,8.61909090909091,7.27307692307692,6.5625,7.68095238095238,7.93434343434343,55,65,8,21,99,4428,2359,2069,501,1115,3313,8.29678962511291,8.80253370072064,7.72015826969551,7.98353293413174,8.16039192825112,8.34269467552067,60
"62",2011,11,8.11104294478528,163,8.628,7.67045454545455,8,7.94827586206897,8.14626865671642,75,88,27,29,134,4591,2434,2157,528,1144,3447,8.29019482901328,8.79715571076417,7.7181304867872,7.984375,8.15501486013986,8.335058735132,61
"63",2011,12,8.21703703703704,135,8.96486486486486,7.30983606557377,7.36,7.64,8.34818181818182,74,61,25,25,110,4726,2508,2218,553,1169,3557,8.28810504866695,8.80210406698564,7.70690146979261,7.95614828209765,8.14400085543199,8.3354645656452,62
"64",2012,1,8.30140449438202,178,8.73586956521739,7.83662790697674,8.47368421052632,8.08333333333333,8.34560810810811,92,86,19,30,148,4904,2600,2304,572,1199,3705,8.28858777732463,8.79976038461538,7.71174368923611,7.97333916083916,8.14248290241868,8.33586975978407,63
"65",2012,2,8.12919395973154,149,8.73999875,7.42101449275362,7.38421052631579,7.58684210526316,8.20846076923077,80,69,19,19,130,5053,2680,2373,591,1218,3835,8.28388766277459,8.79797645522388,7.70329012220818,7.95439932318105,8.13381527093596,8.33155081095176,64
"66",2012,3,8.05508474576271,118,8.66229508196721,7.40526315789474,8.26923076923077,7.84090909090909,8.10416666666667,61,57,13,22,96,5171,2741,2430,604,1240,3931,8.27866647843744,8.7949569135352,7.69629936625514,7.96117549668875,8.1286185483871,8.32599780208598,65
"67",2012,4,8.28347107438016,121,8.63833333333333,7.9344262295082,8.5,8.18846153846154,8.30947368421053,60,61,20,26,95,5292,2801,2491,624,1266,4026,8.27877633408919,8.79160189218136,7.70213065435568,7.97844551282052,8.12984755134281,8.3256078887233,66
"68",2012,5,7.80963302752294,109,8.22450980392157,7.4448275862069,7.8,7.3,7.91043956043956,51,58,10,18,91,5401,2852,2549,634,1284,4117,8.26930834289946,8.78146104488078,7.69627597489211,7.9756309148265,8.11821417445483,8.31643122662132,67
"69",2012,6,8.52040816326531,98,8.86842105263158,8.03658536585366,8.40625,8.69444444444444,8.48125,57,41,16,18,80,5499,2909,2590,650,1302,4197,8.2737832987816,8.78316497078034,7.70166311196911,7.98623076923077,8.12618049155146,8.31957287586371,68
"70",2012,7,8.44010309278351,97,8.89755555555556,8.04423076923077,8.04166666666667,8.10826086956522,8.54324324324324,45,52,12,23,74,5596,2954,2642,662,1325,4271,8.27666625446748,8.78490754908598,7.70840554882665,7.98723564954683,8.12586943396227,8.32344822289861,69
"71",2012,8,8.24310344827586,116,8.79912280701754,7.70593220338983,7.7,8.08823529411765,8.26969696969697,57,59,15,17,99,5712,3011,2701,677,1342,4370,8.27598465686274,8.78517665227499,7.70835152165865,7.98087149187593,8.12539269746647,8.32223051716247,70
"72",2012,9,8.52857142857143,91,9.25909090909091,7.84468085106383,8.01785714285714,8.53947368421053,8.52569444444445,44,47,14,19,72,5803,3055,2748,691,1361,4442,8.27994560744443,8.79200225859247,7.71068320960699,7.98162083936324,8.13117340191036,8.32552844664565,71
"73",2012,10,8.23324786324786,117,8.68412698412698,7.70722222222222,8.5445,8.46818181818182,8.17884210526316,63,54,20,22,95,5920,3118,2802,711,1383,4537,8.27902269594595,8.78982261064785,7.71061650963597,7.99745428973277,8.13653434562545,8.32245698919991,72
"74",2012,11,8.13150684931507,146,8.55471698113208,7.89032258064516,8.08125,7.85263157894737,8.17322834645669,53,93,16,19,127,6066,3171,2895,727,1402,4664,8.27547219914276,8.78589306212551,7.7163894507772,7.9992984869326,8.13268687589159,8.31839351629502,73
"75",2012,12,8.24978873239437,142,8.7796,7.65671641791045,7.46607142857143,7.76041666666667,8.34932203389831,75,67,28,24,118,6208,3246,2962,755,1426,4782,8.27488472293814,8.78574765865681,7.71503965563808,7.97952317880795,8.12642145862553,8.31915670430782,74
"76",2013,1,8.07824858757062,177,8.98354430379747,7.3484693877551,7.86833333333333,7.83235294117647,8.13671328671329,79,98,30,34,143,6385,3325,3060,785,1460,4925,8.26943372905247,8.79044718796992,7.70329982352941,7.97527388535032,8.11957328767124,8.31385936243654,75
"77",2013,2,7.82761194029851,134,8.56666666666667,7.11029411764706,6.56666666666667,7.90909090909091,7.81160714285714,66,68,15,22,112,6519,3391,3128,800,1482,5037,8.26035194968553,8.78609168386907,7.69040839514067,7.9488625,8.11644871794872,8.30269155449672,76
"78",2013,3,8.14164539007092,141,8.59649230769231,7.75263157894737,8.26896551724138,8.54711111111111,8.04561403508772,65,76,29,27,114,6660,3456,3204,829,1509,5151,8.25783879279279,8.78252572337963,7.69188435081149,7.96006031363088,8.12415440689199,8.29700201125995,77
"79",2013,4,8.25474358974359,117,8.66565573770492,7.80714285714286,7.83333333333333,8.19375,8.26440594059406,61,56,12,16,101,6777,3517,3260,841,1525,5252,8.25778535635237,8.7804986920671,7.69386425153374,7.95825208085613,8.12488459016394,8.29637516374714,78
"80",2013,5,7.81869158878505,107,8.48979591836735,7.25172413793103,7.075,7.425,7.93253012048193,49,58,20,24,83,6884,3566,3318,861,1549,5335,8.25096039511912,8.77650417835109,7.68613546112116,7.93773519163763,8.11404067140091,8.29071459418931,79
"81",2013,6,8.11313131313131,99,8.66382978723404,7.61538461538461,7.33333333333333,7.28947368421053,8.30875,47,52,15,19,80,6983,3613,3370,876,1568,5415,8.24900635257053,8.77503844450595,7.68504375667656,7.92738584474886,8.10404910714286,8.29098104524469,80
"82",2013,7,8.1609375,96,8.79761904761905,7.66574074074074,7.5,8.41666666666667,8.11358024691358,42,54,13,15,81,7079,3655,3424,889,1583,5496,8.24781202994773,8.77529792065663,7.68473932827103,7.9211361079865,8.10701137081491,8.28836651382824,81
"83",2013,8,8.24260869565217,115,8.6859375,7.68627450980392,7.63636363636364,7.825,8.33052631578947,64,51,11,20,95,7194,3719,3475,900,1603,5591,8.24772885182096,8.77376012368916,7.68476185899281,7.91765555555556,8.10349282595134,8.2890828760508,82
"84",2013,9,7.92869565217391,115,8.67272727272727,6.9265306122449,8.20833333333333,7.71428571428571,7.95841584158416,66,49,12,14,101,7309,3785,3524,912,1617,5692,8.24270917498974,8.77199838837516,7.67421891600454,7.9214802631579,8.10012306740878,8.28321545326774,83
"85",2013,10,8.11050724637681,138,8.65073529411765,7.58571428571429,7.87222222222222,8.32826086956522,8.06695652173913,68,70,18,23,115,7447,3853,3594,930,1640,5807,8.24025934738821,8.76985826628601,7.67249511964385,7.92052688172043,8.10332256097561,8.27893272946444,84
"86",2013,11,8.09146341463415,164,8.64507042253521,7.66881720430108,7.688,7.93225806451613,8.12857142857143,71,93,25,31,133,7611,3924,3687,955,1671,5940,8.23705312836684,8.767600382263,7.67240234879306,7.91443979057592,8.10014901256733,8.27556605387205,85
"87",2013,12,7.9369918699187,123,8.64553571428571,7.34477611940298,7.5,7.65925925925926,8.01510416666667,56,67,22,27,96,7734,3980,3754,977,1698,6036,8.23228101370571,8.76588288944724,7.66655499733618,7.90510747185261,8.09313839811543,8.27142351888668,86
"88",2014,1,7.78798969072165,194,8.60703703703704,7.20088495575221,7.57083333333333,7.36,7.86628048780488,81,113,24,30,164,7928,4061,3867,1001,1728,6200,8.22140910191725,8.76271457769022,7.65294736488234,7.89709290709291,8.08041030092593,8.26070683225806,87
"89",2014,2,7.91611842105263,152,8.40564516129032,7.57888888888889,7.93478260869565,7.81071428571429,7.93991935483871,62,90,23,28,124,8080,4123,3957,1024,1756,6324,8.21566600990099,8.75734511278196,7.65126294162244,7.897939453125,8.07610990888383,8.25441688172043,88
"90",2014,3,7.97610294117647,136,8.41470588235294,7.5375,7.64375,7.675,8.02801724137931,68,68,16,20,116,8216,4191,4025,1040,1776,6440,8.21170050632911,8.75178570746838,7.64934098385093,7.89402884615385,8.07159290540541,8.2503388757764,89
"91",2014,4,7.93895348837209,86,8.4328947368421,7.54791666666667,8.37857142857143,7.665,8.0219696969697,38,48,14,20,66,8302,4229,4073,1054,1796,6506,8.20887513370272,8.74892028848427,7.64814570586791,7.90046489563568,8.06706514476615,8.24802218874884,90
"92",2014,5,8.09308411214953,107,8.7093023255814,7.6790625,7.9084,7.73076923076923,8.20938271604938,43,64,25,26,81,8409,4272,4137,1079,1822,6587,8.20740175526222,8.74852151217228,7.64862399323181,7.90064874884152,8.0622661909989,8.24754704114164,91
"93",2014,6,8.14960317460318,126,8.43396226415094,7.94315068493151,7.88965517241379,7.64130434782609,8.2631067961165,53,73,29,23,103,8535,4325,4210,1108,1845,6690,8.2065484897481,8.74466679768786,7.65373098812351,7.90036101083033,8.05701842818428,8.24778660089686,92
"94",2014,7,7.7838679245283,106,8.71323529411765,7.345,7.74782608695652,7.78217391304348,7.78433734939759,34,72,23,23,83,8641,4359,4282,1131,1868,6773,8.20136342552945,8.74442163340216,7.6485398085007,7.89725906277631,8.05363436830835,8.2421072434667,93
"95",2014,8,7.84,124,8.19322033898305,7.51938461538462,8.13333333333333,8.19444444444444,7.77981132075472,59,65,15,18,106,8765,4418,4347,1146,1886,6879,8.19625115345123,8.73706063829787,7.64660857142857,7.90034904013962,8.05497826086957,8.23498362552697,94
"96",2014,9,7.74503546099291,141,8.28467741935484,7.32151898734177,6.96842105263158,7.35625,7.82478632478632,62,79,19,24,117,8906,4480,4426,1165,1910,6996,8.18910749607007,8.73079997767857,7.64080602349751,7.88515021459227,8.04619842931937,8.22812355060034,95
"97",2014,10,8.01337209302326,129,8.49396551724138,7.62077464788732,7.988,8.32727272727273,7.94883177570093,58,71,25,22,107,9035,4538,4497,1190,1932,7103,8.18659837963476,8.7277730057294,7.6404897620636,7.88731092436975,8.04939906832298,8.22391628326059,96
"98",2014,11,8.37099378881988,161,8.58013513513514,8.19310344827586,8.38709677419355,8.378,8.36970588235294,74,87,31,25,136,9196,4612,4584,1221,1957,7239,8.18982670291431,8.72540414137034,7.65097784904014,7.9,8.05359683188554,8.22665525072524,97
"99",2014,12,7.82065217391304,138,8.36842105263158,7.43518518518519,7.29259259259259,6.98541666666667,7.99649122807018,57,81,27,24,114,9334,4669,4665,1248,1981,7353,8.1843685836726,8.72104602698651,7.64723096677385,7.88685897435897,8.04065572942958,8.22308681626547,98
"100",2015,1,8.33238410596027,151,8.76174603174603,8.025,7.92916666666667,8.116,8.37531746031746,63,88,24,25,126,9485,4732,4753,1272,2006,7479,8.18672497206115,8.7215878909552,7.6542252177572,7.8876572327044,8.04159471585245,8.22565147212194,99
"101",2015,2,7.95353982300885,113,8.32254901960784,7.65,7.54347826086957,7.43181818181818,8.00980392156863,51,62,23,11,102,9598,4783,4815,1295,2017,7581,8.18397961658679,8.71733303366088,7.65417081204569,7.8815444015444,8.03826921170055,8.22274731038122,100
"102",2015,3,8.21180555555556,144,8.65342465753425,7.75774647887324,7.805,7.39,8.34435483870968,73,71,20,20,124,9742,4856,4886,1315,2037,7705,8.18439092178198,8.71637230230643,7.6556759025788,7.88038022813688,8.03190427098675,8.224704394549,101
"103",2015,4,7.83473684210526,95,8.38974358974359,7.44821428571429,8.56,6.42727272727273,8.01904761904762,39,56,15,11,84,9837,4895,4942,1330,2048,7789,8.18101416692081,8.71376994892748,7.65332506272764,7.88804511278196,8.02328564453125,8.22248650147644,102
"104",2015,5,8.0443137254902,102,8.76428571428571,7.54033333333333,7.56173913043478,7.725,8.132125,42,60,23,22,80,9939,4937,5002,1353,2070,7869,8.17961126471477,8.71419969617176,7.65196970411835,7.88249815225425,8.0201154589372,8.22156784343627,103
"105",2015,6,7.85971153846154,104,8.25869565217391,7.54327586206897,8.11538461538461,8.20588235294118,7.79206896551724,46,58,13,17,87,10043,4983,5060,1366,2087,7956,8.17629855222544,8.70999476219145,7.65072380632411,7.88471449487555,8.02162865356972,8.21687121166415,104
"106",2015,7,7.85567010309278,97,8.51282051282051,7.41379310344828,7.68421052631579,7.71875,7.88271604938272,39,58,19,16,81,10140,5022,5118,1385,2103,8037,8.17323139644971,8.70846354042214,7.64803877686596,7.88196389891697,8.01932429862102,8.21350346646759,105
"107",2015,8,7.93428571428571,105,8.26,7.63818181818182,8.21153846153846,7.87666666666667,7.94388888888889,50,55,13,15,90,10245,5072,5173,1398,2118,8127,8.17078246559298,8.7040425670347,7.64793397641601,7.88502861230329,8.01831397544854,8.21051770148886,106
"108",2015,9,7.85049019607843,102,8.16136363636364,7.61465517241379,7.8775,8.30263157894737,7.74698795180723,44,58,20,19,83,10347,5116,5231,1418,2137,8210,8.1676250468735,8.69937527365129,7.64756498948576,7.88492242595204,8.02084183434722,8.205831590743,107
"109",2015,10,7.97427536231884,138,8.41071428571429,7.67621951219512,7.79310344827586,7.645,8.03008474576271,56,82,29,20,118,10485,5172,5313,1447,2157,8328,8.16508024415833,8.69624978731632,7.64800723884811,7.88308223911541,8.01735697728327,8.20334142170989,108
"110",2015,11,8.04488095238095,168,8.47121212121212,7.76901960784314,8.0109375,8.06258064516129,8.04087591240876,66,102,32,31,137,10653,5238,5415,1479,2188,8465,8.16318467661692,8.69341426116839,7.65028669621422,7.88584854631508,8.01799771480805,8.20071203307738,109
"111",2015,12,8.01756756756757,185,8.17532467532468,7.90509259259259,7.71818181818182,7.59166666666667,8.1,77,108,22,30,155,10838,5315,5523,1501,2218,8620,8.16069905517624,8.68590854186265,7.65526932102118,7.88339107261825,8.01223128944996,8.19890108584687,110
"112",2016,1,7.88140271493213,221,8.47532467532467,7.56381944444444,7.83159090909091,7.45,7.96535135135135,77,144,44,36,185,11059,5392,5667,1545,2254,8805,8.15511767429244,8.68290131676558,7.65294555496736,7.88191585760518,8.00325155279504,8.19399402157865,111
"113",2016,2,7.77810218978102,137,8.2135593220339,7.44871794871795,7.51724137931035,7.42666666666667,7.87663551401869,59,78,29,30,107,11196,5451,5745,1574,2284,8912,8.15050431939979,8.67782129884425,7.65017275195822,7.87519695044473,7.99567819614711,8.19018372531418,112
"114",2016,3,7.90954733333333,150,8.12553191489362,7.81099126213592,7.82903225806452,7.75925925925926,7.94253739837398,47,103,31,27,123,11346,5498,5848,1605,2311,9035,8.1473187431694,8.67310001818843,7.65300522571819,7.87430529595016,7.99291605365643,8.18681233646929,113
"115",2016,4,7.59099378881988,161,8.39464285714286,7.16238095238095,7.77375,7.818,7.54926470588235,56,105,40,25,136,11507,5554,5953,1645,2336,9171,8.13953493178066,8.67029238386748,7.64435151352259,7.87186018237082,7.99104409246576,8.17735791734816,114
"116",2016,5,7.92519379844961,129,7.967,7.89873417721519,8.2,7.66666666666667,8.00353535353535,50,79,26,30,99,11636,5604,6032,1671,2366,9270,8.13715868511516,8.66401746966453,7.64768311671088,7.87696588868941,7.98693110735419,8.17550155987055,115
"117",2016,6,7.87858407079646,113,8.118,7.68857142857143,8.21428571428571,7.31428571428571,7.95838383838384,50,63,14,14,99,11749,5654,6095,1685,2380,9369,8.13467175589412,8.65918887513265,7.64810575225595,7.87976854599407,7.9829743697479,8.17320732842353,116
"118",2016,7,7.75766129032258,124,8.26756756756757,7.54080459770115,8.08695652173913,8.06428571428571,7.69514563106796,37,87,23,21,103,11873,5691,6182,1708,2401,9472,8.13073430977849,8.65664275171323,7.64659569071498,7.88255854800937,7.98368554768847,8.16800881123311,117
"119",2016,8,7.65813008130081,123,8.02444444444444,7.44679487179487,8.13703703703704,8.21136363636364,7.53762376237624,45,78,27,22,101,11996,5736,6260,1735,2423,9573,8.12588850116706,8.65168303695955,7.64410615974441,7.88651873198847,7.98575278580273,8.16135792959365,118
"120",2016,9,7.51812080536913,149,8.07017543859649,7.17608695652174,7.50384615384615,7.11764705882353,7.56969696969697,57,92,26,17,132,12145,5793,6352,1761,2440,9705,8.11843214985591,8.64596131538063,7.6373275440806,7.88086882453152,7.97970450819673,8.15331060896445,119
"121",2016,10,7.43521367521368,117,8.22619047619048,6.99226666666667,7.80571428571429,6.99318181818182,7.53757894736842,42,75,21,22,95,12262,5835,6427,1782,2462,9800,8.11191310226717,8.64293982862039,7.62979999377626,7.87998316498317,7.97088911454103,8.14734178163266,120
"122",2016,11,7.72581699346405,153,8.03615384615385,7.49659090909091,7.624,7.70576923076923,7.72992125984252,65,88,25,26,127,12415,5900,6515,1807,2488,9927,8.10715493032622,8.63625489830508,7.62800069992325,7.87644161593802,7.96811856913184,8.1420015573688,121
"123",2016,12,7.73478260869565,138,8.30384615384615,7.3906976744186,8.015625,7.78,7.72222222222222,52,86,32,30,108,12553,5952,6601,1839,2518,10035,8.10306129690114,8.63335078965054,7.62490903802454,7.87886351277869,7.96587728355838,8.13748375286498,122
"124",2017,1,7.64783950617284,162,8.05205479452055,7.31629213483146,8.12619047619048,6.81,7.8007299270073,73,89,21,25,137,12715,6025,6690,1860,2543,10172,8.09726138104601,8.62630770124481,7.62080337219731,7.8816559139785,7.9545139598899,8.13294823633504,123
"125",2017,2,7.77353982300885,113,8.28829787234043,7.4069696969697,7.73809523809524,7.64705882352941,7.7959375,47,66,21,17,96,12828,6072,6756,1881,2560,10268,8.09440976457749,8.62369135375494,7.61871441089402,7.88005316321106,7.952472265625,8.12979737631477,124
"126",2017,3,7.46090909090909,143,8.154,7.08827956989247,6.77727272727273,7.55,7.45124031007752,50,93,22,14,129,12971,6122,6849,1903,2574,10397,8.08742567728009,8.61985525971905,7.61151183530442,7.86730425643721,7.95028321678322,8.12137823025873,125
"127",2017,4,7.44842105263158,95,8.04473684210526,7.05087719298246,7.54,7.44444444444444,7.44883720930233,38,57,15,9,86,13066,6160,6906,1918,2583,10483,8.08277961579672,8.6163074512987,7.60688452939473,7.86474452554745,7.94852071234998,8.11586086616427,126
"128",2017,5,7.5847,100,8.066,7.19090909090909,7.41666666666667,7.31928571428571,7.62790697674419,45,55,18,14,86,13166,6205,6961,1936,2597,10569,8.07899654109069,8.61231650282031,7.60359783939089,7.8605785123967,7.94512860993454,8.11189038319614,127
"129",2017,6,7.61666666666667,102,8.08611111111111,7.36060606060606,7.8,7.34615384615385,7.6561797752809,36,66,18,13,89,13268,6241,7027,1954,2610,10658,8.07544230177871,8.60928118891203,7.60131557705991,7.86002047082907,7.94214521072797,8.10808495590167,128
"130",2017,7,7.86530612244898,98,8.52611111111111,7.48161290322581,7.26315789473684,7.72222222222222,7.8975,36,62,19,18,80,13366,6277,7089,1973,2628,10738,8.07390157563968,8.60880418989963,7.60026866412752,7.85427268119615,7.94063888888889,8.10651606071894,129
"131",2017,8,7.53814432989691,97,8.15625,7.23384615384615,6.43333333333333,7.72727272727273,7.51395348837209,32,65,15,11,86,13463,6309,7154,1988,2639,10824,8.07004148109633,8.60650878110636,7.59693941291585,7.84355130784708,7.93974952633574,8.10180796932742,130
"132",2017,9,7.49770642201835,109,7.6969696969697,7.41118421052632,7.11458333333333,6.7,7.67696629213483,33,76,24,20,89,13572,6342,7230,2012,2659,10913,8.0654449204244,8.60177608010092,7.59498679944675,7.83485586481113,7.93042459571268,8.09834321084945,131
"133",2017,10,7.66484615384615,130,8.01276595744681,7.4678313253012,7.56913043478261,7.13933333333333,7.73339130434783,47,83,23,15,115,13702,6389,7313,2035,2674,11028,8.06164417311341,8.5974430896854,7.59354362915356,7.83185257985258,7.92598691099477,8.09453749183896,132
"134",2017,11,7.57327731092437,119,7.93684210526316,7.40271604938272,7.48636363636364,7.04736842105263,7.6732,38,81,22,19,100,13821,6427,7394,2057,2693,11128,8.05743929238115,8.59353724910534,7.59145314579389,7.82815751093826,7.91978796880803,8.09075120956147,133
"135",2017,12,7.65322580645161,124,8.4875,7.12631578947368,7.17,7.52173913043478,7.68316831683168,48,76,20,23,101,13945,6475,7470,2077,2716,11229,8.05384499533883,8.59275118146718,7.58672082463186,7.82181993259509,7.91641715758469,8.08708517766498,134
"136",2018,1,7.70142857142857,175,8.31152777777778,7.27495145631068,7.17766666666667,7.82076923076923,7.68060402684564,72,103,30,26,149,14120,6547,7573,2107,2742,11378,8.04947722804532,8.58965845425386,7.58248046480919,7.81264831514001,7.91551021152444,8.08176212515381,135
"137",2018,2,7.5037962962963,108,8.20323529411765,7.18243243243243,7.56739130434783,7.258,7.55965909090909,34,74,23,20,88,14228,6581,7647,2130,2762,11466,8.0453351461906,8.58766204224282,7.57860920099385,7.81,7.9107490948588,8.07775505494506,136
"138",2018,3,7.38568,125,7.68108108108108,7.26147727272727,7.58333333333333,7.21105263157895,7.41698113207547,37,88,18,19,106,14353,6618,7735,2148,2781,11572,8.03959022225318,8.58259351767906,7.57500123594053,7.80810055865922,7.90596871628911,8.07170233840304,137
"139",2018,4,7.3130718627451,102,8.06767666666667,6.95217391304348,7,6,7.44014333333333,33,69,12,9,93,14455,6651,7804,2160,2790,11665,8.03446363126945,8.58003867538716,7.56949443362378,7.80361111111111,7.89982043010753,8.0666671915988,138
"140",2018,5,7.16384317647059,85,8.28738107142857,6.6119298245614,7.36363636363636,7.15384615384615,7.16564819444444,28,57,11,13,72,14540,6679,7861,2171,2803,11737,8.02937403438789,8.57881178320108,7.56255114616461,7.80138185168125,7.89636068498038,8.06113993865554,139
"141",2018,6,7.0002380952381,84,7.51666666666667,6.71333333333333,7.16666666666667,6.22222222222222,7.0936,30,54,12,9,75,14624,6709,7915,2183,2812,11812,8.02346269556892,8.57406228946192,7.55675736702464,7.7978928080623,7.89100248933144,8.05499656789706,140
"142",2018,7,7.26194029850746,67,7.81481481481481,6.88875,7.14,6.57916666666667,7.41090909090909,27,40,10,12,55,14691,6736,7955,2193,2824,11867,8.01998968484106,8.57101898752969,7.55339843620364,7.79489284085728,7.88542811614731,8.0520114148479,141
"143",2018,8,7.4252808988764,89,8.03857142857143,7.02777777777778,7.375,7.42307692307692,7.42565789473684,35,54,12,13,76,14780,6771,8009,2205,2837,11943,8.01640855615697,8.56826671097327,7.54985448370583,7.79260770975057,7.88330948184703,8.04802557648832,142
"144",2018,9,7.48718309859155,71,8.28047619047619,7.154,8.08333333333333,6.75,7.55523076923077,21,50,12,6,65,14851,6792,8059,2217,2843,12008,8.01387842300181,8.56737689929329,7.54739850601811,7.79418132611638,7.88091769257827,8.04535804963358,143
"145",2018,10,7.65266666666667,75,8.17058823529412,7.22317073170732,7.75,8.38888888888889,7.55227272727273,34,41,10,9,66,14926,6826,8100,2227,2852,12074,8.01206341015677,8.56540051274539,7.54575735308642,7.79398293668613,7.88252068723703,8.04266270167302,144
"146",2018,11,7.68009708737864,103,8.16805555555556,7.41791044776119,7.51666666666667,7.32692307692308,7.73111111111111,36,67,18,13,90,15029,6862,8167,2245,2865,12164,8.00978830660722,8.56331592830079,7.54470852944778,7.79175946547884,7.87999965095986,8.04035756823414,145
"147",2018,12,7.77770833333333,96,8.13421052631579,7.54413793103448,7.50428571428571,7.89230769230769,7.75975903614458,38,58,14,13,83,15125,6900,8225,2259,2878,12247,8.00831527008264,8.56095273913044,7.54470450577507,7.78997786631253,7.8800552466991,8.0384559043031,146
"148",2019,1,7.3527619047619,105,7.99818181818182,6.8872131147541,7.34,6.70125,7.46988764044944,44,61,18,16,89,15230,6944,8286,2277,2894,12336,8.00379569665134,8.55738679435484,7.53986417571808,7.78642072902943,7.87353800967519,8.03435387970169,147
"149",2019,2,7.76733333333333,75,8.15185185185185,7.55104166666667,7.606,8.21818181818182,7.68984375,27,48,25,11,64,15305,6971,8334,2302,2905,12400,8.00263694609604,8.55581608090661,7.53992855291577,7.78446133796699,7.8748430292599,8.03257576290323,148
"150",2019,3,7.44364705882353,85,8.064,7.18516666666667,7.37941176470588,7.11666666666667,7.51371428571429,25,60,17,15,70,15390,6996,8394,2319,2920,12470,7.99954960753736,8.55405859062322,7.53739272813915,7.78149202242346,7.87094828767124,8.02966314835606,149
"151",2019,4,7.365625,64,7.96875,7.16458333333333,7.65625,7.15625,7.43541666666667,16,48,16,16,48,15454,7012,8442,2335,2936,12518,7.99692432121133,8.55272303194524,7.53527298744373,7.78063383297645,7.86705347411445,8.02738452308676,150
"152",2019,5,7.65661764705882,68,7.81190476190476,7.58723404255319,7.73333333333333,7.78,7.63534482758621,21,47,12,10,58,15522,7033,8489,2347,2946,12576,7.99543347893313,8.55051100526091,7.53556067381317,7.78039198977418,7.86675797691786,8.02557645197201,151
"153",2019,6,7.68287671232877,73,8.18409090909091,7.46666666666667,7.78095238095238,6.77272727272727,7.84435483870968,22,51,21,11,62,15595,7055,8540,2368,2957,12638,7.99397040461686,8.54936837703756,7.53514924590164,7.78039695945946,7.86268819749747,8.0246874078177,152
"154",2019,7,7.57550724637681,69,8.25272727272727,7.25851063829787,7.20833333333333,7.78875,7.54754098360656,22,47,6,8,61,15664,7077,8587,2374,2965,12699,7.99212707226762,8.54844622014978,7.53363509491091,7.77895113732098,7.86248870151771,8.02239542168675,153
"155",2019,8,7.68931969387755,98,7.925,7.51255946428571,7.98564076923077,8.11111111111111,7.64666662921348,42,56,13,9,89,15762,7119,8643,2387,2974,12788,7.99024437190712,8.54476807135834,7.53349854101585,7.78007680351906,7.86324108944183,8.01978048091962,154
"156",2019,9,7.24972222222222,72,7.41310344827586,7.13953488372093,8.1,7.42857142857143,7.23046153846154,29,43,7,7,65,15834,7148,8686,2394,2981,12853,7.98687708664898,8.54017681869055,7.53154822588073,7.78101225146199,7.86222039584033,8.01578874893021,155
"157",2019,10,7.7929347826087,92,8.26081081081081,7.47818181818182,7.92857142857143,8.35416666666667,7.70875,37,55,14,12,80,15926,7185,8741,2408,2993,12933,7.98575673678262,8.53873819067502,7.53121243450406,7.78187015365449,7.86419278316071,8.013889491224,156
"158",2019,11,7.07712765957447,94,7.84677419354839,6.6984126984127,6.82857142857143,6.9,7.108125,31,63,14,14,80,16020,7216,8804,2422,3007,13013,7.98042520536829,8.53576550720621,7.5252530542935,7.77635975639967,7.85970369138677,8.00832112426036,157
"159",2019,12,7.14666223404255,94,7.71389285714286,6.81016949152542,5.88888888888889,6.65555555555556,7.19866176470588,35,59,9,9,85,16114,7251,8863,2431,3016,13098,7.97556150179968,8.53179839332506,7.5204928229719,7.7693719991773,7.85611041114059,8.00306680714613,158
"160",2020,1,7.51746031746032,126,8.0575,7.26627906976744,7.19916666666667,7.33545454545455,7.55596153846154,40,86,24,22,104,16240,7291,8949,2455,3038,13202,7.9720072684729,8.52919628994651,7.51804982567884,7.7637976904277,7.85234002633312,7.9995446932283,159
"161",2020,2,7.48159574468085,94,8.20645161290323,7.12492063492063,8,7.8125,7.45081395348837,31,63,9,8,86,16334,7322,9012,2464,3046,13288,7.9691850153055,8.52782984840208,7.51530158566356,7.76466044237013,7.8522353906763,7.99599330523781,160
"162",2020,3,7.22968085106383,94,8.16,6.89260869565217,7.36363636363636,7,7.25104651162791,25,69,22,8,86,16428,7347,9081,2486,3054,13374,7.96495361821281,8.52657821559821,7.51057018940645,7.76111155671762,7.85000294695482,7.99120300882309,161
"163",2020,4,7.20458333333333,96,7.5151282051282,6.9921052631579,7.45833333333333,6.90357142857143,7.2559756097561,39,57,12,14,82,16524,7386,9138,2498,3068,13456,7.96053607116921,8.52123749661522,7.50733616655723,7.75965705764612,7.84568415906128,7.9867225802616,162
"164",2020,5,7.18895348837209,86,7.2304347826087,7.17380952380952,6.76923076923077,7.24,7.1858024691358,23,63,13,5,81,16610,7409,9201,2511,3073,13537,7.95654112221553,8.51723041571063,7.50505248233887,7.75452940262844,7.8446986657989,7.98193019428234,163
"165",2020,6,7.6330487804878,82,8.125,7.37796296296296,7.88272727272727,7.6,7.63613333333333,28,54,11,7,75,16692,7437,9255,2522,3080,13612,7.95495195542775,8.5157536842813,7.50431095515937,7.75508855273593,7.84414253246754,7.98002490743462,164
"166",2020,7,7.33366666666667,60,8.09263157894737,6.9819512195122,7.4,7.14285714285714,7.3588679245283,19,41,5,7,53,16752,7456,9296,2527,3087,13665,7.95272672158548,8.51467544930258,7.50200708799483,7.7543859635932,7.84255231616457,7.97761573655324,165
"167",2020,8,7.44347546511628,86,7.92205882352941,7.13055557692308,6.87606846153846,7.275,7.48198414285714,34,52,13,16,70,16838,7490,9348,2540,3103,13735,7.95012572336382,8.51198533377837,7.49994081942661,7.74989063779528,7.83962584595553,7.97508976556244,166
"168",2020,9,6.93246376811594,69,7.74428571428571,6.3780487804878,6.875,6.19230769230769,7.10428571428571,28,41,12,13,56,16907,7518,9389,2552,3116,13791,7.94597249245874,8.50912611731844,7.49504172755352,7.74577673197492,7.83275320924262,7.97155376187369,167
"169",2020,10,7.26846153846154,65,7.90227272727273,6.94418604651163,7,7.15416666666667,7.29433962264151,22,43,8,12,53,16972,7540,9432,2560,3128,13844,7.9433777356823,8.50735545755968,7.49253040500424,7.7434461796875,7.83014993606139,7.96896113334297,168
"170",2020,11,7.3848275862069,87,7.72666666666667,7.20491228070175,7.85555555555556,6.71428571428571,7.4435,30,57,9,7,80,17059,7570,9489,2569,3135,13924,7.94052915938801,8.50426157859974,7.49080269575297,7.74383893343714,7.82765837320575,7.96594210930767,169
"171",2020,12,7.54295454545455,88,7.86206896551724,7.38610169491525,6.91285714285714,7.22727272727273,7.58805194805195,29,59,14,11,77,17147,7599,9548,2583,3146,14001,7.93848876946404,8.50181078431373,7.49015571638039,7.73933496709253,7.82555912269549,7.96386386186701,170
"172",2021,1,7.60810526315789,95,8.33527777777778,7.16440677966102,7.35,7.48333333333333,7.62614457831325,36,59,10,12,83,17242,7635,9607,2593,3158,14084,7.93666842187681,8.50102555992142,7.48815517643385,7.73783348245276,7.82425870804307,7.96187361047998,171
"173",2021,2,7.08472619047619,84,7.49166666666667,6.92195,6.88888888888889,7.11538461538461,7.07911267605634,24,60,9,13,71,17326,7659,9667,2602,3171,14155,7.93253803128246,8.49786266483875,7.4846409206579,7.73489708685627,7.82135257016714,7.95744577393148,172
"174",2021,3,7.0227875,80,7.41583333333333,6.85433928571429,7.1775,5.70216666666667,7.12986486486486,24,56,12,6,74,17406,7683,9723,2614,3177,14229,7.92835671205331,8.49448264349863,7.48101067366039,7.73233826319816,7.81735033050048,7.95314181811793,173
"175",2021,4,6.92542028985507,69,7.58333333333333,6.57453333333333,6.6354,6.17222222222222,7.0384,24,45,10,9,60,17475,7707,9768,2624,3186,14289,7.92439661974249,8.49164527702089,7.47683464168714,7.72815785823171,7.81270307595732,7.94930078591924,174
"176",2021,5,7.42959161764706,68,8.12421482758621,6.91307692307692,7.85545454545455,8.4,7.30020383333333,29,39,11,8,60,17543,7736,9807,2635,3194,14349,7.92247866157442,8.49026788779731,7.47459271744672,7.72868926755218,7.81417407639324,7.94658660255071,175
"177",2021,6,6.91014492753623,69,7.62592592592593,6.45,6.57272727272727,5.75714285714286,7.04032258064516,27,42,11,7,62,17612,7763,9849,2646,3201,14411,7.91851255734726,8.48726167461033,7.47022345212712,7.72388368102797,7.80967572633552,7.94268761085283,176
"178",2021,7,7,54,7.97222222222222,6.51388888888889,7.2,7.42857142857143,6.93617021276596,18,36,5,7,47,17666,7781,9885,2651,3208,14458,7.9157049224499,8.4860702197661,7.46674059484066,7.72289559411543,7.80884413965088,7.93941562871767,177
"179",2021,8,6.98892857142857,56,7.17,6.92857142857143,7.6875,7.576,6.93137254901961,14,42,8,5,51,17722,7795,9927,2659,3213,14509,7.91277638866945,8.48370652726106,7.46446366273798,7.72278910116585,7.80848179271709,7.93587229719485,178
"180",2021,9,7.42197272727273,55,7.70588235294118,7.29496052631579,7.775,6.002125,7.53333333333333,17,38,8,4,51,17777,7812,9965,2667,3217,14560,7.91125789840805,8.4820138735279,7.46381728850978,7.72294571428572,7.80623577867579,7.93446230494506,179
"181",2021,10,7.35196078431373,51,7.83529411764706,7.11029411764706,6.93333333333333,9,7.28469387755102,17,34,3,2,49,17828,7829,9999,2670,3219,14609,7.90965793470945,8.48060957721293,7.46261518951895,7.7220585093633,7.80697747747748,7.93228291874872,180
"182",2021,11,7.46333333333333,60,8.53846153846154,7.16595744680851,7.58333333333333,8,7.39245283018868,13,47,6,7,53,17888,7842,10046,2676,3226,14662,7.90816087097495,8.48070548074471,7.46122728250049,7.72174746636771,7.80739631122133,7.93033154821989,181
"183",2021,12,7.54103302752294,109,8.53533103448276,7.1806,6.97333333333333,7.85150666666667,7.49148936170213,29,80,15,15,94,17997,7871,10126,2691,3241,14756,7.905937337334,8.48090674374285,7.45901019948647,7.71757570419918,7.80760046282012,7.92753599620494,182
"184",2022,1,7.27352941176471,102,7.75,7.03529411764706,7.65625,7.49166666666667,7.24444444444444,34,68,16,12,90,18099,7905,10194,2707,3253,14846,7.90237329465716,8.47776305882353,7.45618376299784,7.71721323236055,7.80643501383339,7.92339493196821,183
"185",2022,2,7.38136363636364,66,7.65923076923077,7.31320754716981,7.63636363636364,8.32857142857143,7.26898305084746,13,53,11,7,59,18165,7918,10247,2718,3260,14905,7.90048027855766,8.47641916898207,7.45544425490387,7.71688602649007,7.80755616564418,7.92080450587052,184
"186",2022,3,7.20688405797101,69,7.63809523809524,7.01822916666667,6.71818181818182,7,7.23024193548387,21,48,11,7,62,18234,7939,10295,2729,3267,14967,7.89785561368871,8.47420166015871,7.45340575813501,7.71286046903628,7.80582586470769,7.91794388721855,185
"187",2022,4,7.24415384615385,65,7.5548,7.05,6.85714285714286,6.75,7.31350877192982,25,40,7,8,57,18299,7964,10335,2736,3275,15024,7.89553359527843,8.47131554244098,7.45184443928398,7.71067113304094,7.80324674809161,7.9156507028754,186
"188",2022,5,6.91636363636364,55,7.80625,6.55128205128205,7.25,5.5,7.02745098039216,16,39,4,4,51,18354,7980,10374,2740,3279,15075,7.89259939304784,8.46998207769423,7.44845886639676,7.70999862043796,7.80043705397988,7.91264584809287,187
"189",2022,6,7.32463768115942,69,7.99545454545455,7.01063829787234,4.55,7.5,7.30793650793651,22,47,4,6,63,18423,8002,10421,2744,3285,15138,7.89047219562503,8.46867745313671,7.44648424143556,7.70539220845481,7.79988831050229,7.91012922182587,188
"190",2022,7,7.10095238095238,63,7.90941176470588,6.80217391304348,6.91666666666667,7.56666666666667,7.0519298245614,17,46,6,6,57,18486,8019,10467,2750,3291,15195,7.88778152439684,8.46749182940516,7.44365264927868,7.70367135272727,7.79946311151626,7.90690991510365,189
"191",2022,8,7.30829113924051,79,7.55704545454545,7.21228070175439,7.33333333333333,7.97777777777778,7.22221428571429,22,57,9,9,70,18565,8041,10524,2759,3300,15265,7.88531560786426,8.46500086805124,7.44239949448878,7.70246329104748,7.79994942424243,7.9037701382247,190
"192",2022,9,7.27661290322581,62,7.83863636363636,6.9675,7.9,7.25,7.283,22,40,7,12,50,18627,8063,10564,2766,3312,15315,7.88328953991517,8.46329182438298,7.44060131389625,7.70296320318149,7.79795685386474,7.90174346457721,191
"193",2022,10,7.62941176470588,68,7.99655172413793,7.35641025641026,7.82222222222222,8.0875,7.56833333333333,29,39,9,8,60,18695,8092,10603,2775,3320,15375,7.88236610109655,8.46161912753336,7.44029164198811,7.70334998918919,7.79865454819278,7.90044235186992,192
"194",2022,11,6.94627783333333,60,8.25435923076923,6.58446808510638,6.2375,7.25,6.89955134615385,13,47,8,8,52,18755,8105,10650,2783,3328,15427,7.87937141722207,8.46128669339913,7.43651476807511,7.69913626302551,7.79733566706731,7.89706863486096,193
"195",2022,12,7.40809523809524,84,7.92962962962963,7.16105263157895,6.825,8.6875,7.344125,27,57,8,4,80,18839,8132,10707,2791,3332,15507,7.87727007431392,8.45952147688146,7.43504831231904,7.69663067717664,7.79840429171669,7.89421602050687,194
