"","year","month","avg_rating","no_ratings","avg_rating_owned","avg_rating_not_owned","avg_rating_prev_owned","avg_rating_comment","avg_rating_no_comment","no_ratings_owned","no_ratings_not_owned","no_ratings_prev_owned","no_ratings_comment","no_ratings_no_comment","cum_no_ratings","cum_no_ratings_owned","cum_no_ratings_not_owned","cum_no_ratings_prev_owned","cum_no_ratings_comment","cum_no_ratings_no_comment","cum_avg_rating","cum_avg_rating_owned","cum_avg_rating_not_owned","cum_avg_rating_prev_owned","cum_avg_rating_comment","cum_avg_rating_no_comment","month_after_release"
"1",2002,2,7.5,1,7.5,NA,NA,7.5,NA,1,0,0,1,0,1,1,0,0,1,0,7.5,7.5,NA,NA,7.5,NA,-22
"2",2002,4,7,2,8,6,6,8,6,1,1,1,1,1,3,2,1,1,2,1,7.16666666666667,7.75,6,6,7.75,6,-20
"3",2002,6,6.5,2,6.5,NA,NA,NA,6.5,2,0,0,0,2,5,4,1,1,2,3,6.9,7.125,6,6,7.75,6.33333333333333,-18
"4",2002,7,7,1,7,NA,NA,7,NA,1,0,0,1,0,6,5,1,1,3,3,6.91666666666667,7.1,6,6,7.5,6.33333333333333,-17
"5",2002,8,6.5,2,6,7,NA,NA,6.5,1,1,0,0,2,8,6,2,1,3,5,6.8125,6.91666666666667,6.5,6,7.5,6.4,-16
"6",2002,9,8,1,8,NA,NA,NA,8,1,0,0,0,1,9,7,2,1,3,6,6.94444444444444,7.07142857142857,6.5,6,7.5,6.66666666666667,-15
"7",2002,11,6.91666666666667,6,7.5,4,NA,6.33333333333333,7.5,5,1,0,3,3,15,12,3,1,6,9,6.93333333333333,7.25,5.66666666666667,6,6.91666666666667,6.94444444444444,-13
"8",2002,12,6.75,2,6.75,NA,NA,NA,6.75,2,0,0,0,2,17,14,3,1,6,11,6.91176470588235,7.17857142857143,5.66666666666667,6,6.91666666666667,6.90909090909091,-12
"9",2003,1,6.75,4,7,6,NA,7,6.5,3,1,0,2,2,21,17,4,1,8,13,6.88095238095238,7.14705882352941,5.75,6,6.9375,6.84615384615385,-11
"10",2003,3,8,1,8,NA,NA,8,NA,1,0,0,1,0,22,18,4,1,9,13,6.93181818181818,7.19444444444444,5.75,6,7.05555555555556,6.84615384615385,-9
"11",2003,4,8.25,2,8.25,NA,NA,9,7.5,2,0,0,1,1,24,20,4,1,10,14,7.04166666666667,7.3,5.75,6,7.25,6.89285714285714,-8
"12",2003,5,8,4,8,8,NA,8.66666666666667,6,3,1,0,3,1,28,23,5,1,13,15,7.17857142857143,7.39130434782609,6.2,6,7.57692307692308,6.83333333333333,-7
"13",2003,6,7,1,NA,7,NA,7,NA,0,1,0,1,0,29,23,6,1,14,15,7.17241379310345,7.39130434782609,6.33333333333333,6,7.53571428571429,6.83333333333333,-6
"14",2003,7,6.32142857142857,14,6.8125,5.66666666666667,NA,5.78571428571429,6.85714285714286,8,6,0,7,7,43,31,12,1,21,22,6.8953488372093,7.24193548387097,6,6,6.95238095238095,6.84090909090909,-5
"15",2003,8,6.11111111111111,9,6.8,5.25,6,5,6.42857142857143,5,4,1,2,7,52,36,16,2,23,29,6.75961538461539,7.18055555555556,5.8125,6,6.78260869565217,6.74137931034483,-4
"16",2003,9,6.5,2,NA,6.5,NA,NA,6.5,0,2,0,0,2,54,36,18,2,23,31,6.75,7.18055555555556,5.88888888888889,6,6.78260869565217,6.7258064516129,-3
"17",2003,10,6.3,5,6.375,6,NA,6.25,6.33333333333333,4,1,0,2,3,59,40,19,2,25,34,6.71186440677966,7.1,5.89473684210526,6,6.74,6.69117647058824,-2
"18",2003,11,7,2,7,NA,NA,7,NA,2,0,0,2,0,61,42,19,2,27,34,6.72131147540984,7.09523809523809,5.89473684210526,6,6.75925925925926,6.69117647058824,-1
"19",2003,12,6.66666666666667,3,NA,6.66666666666667,7,7,6.5,0,3,1,1,2,64,42,22,3,28,36,6.71875,7.09523809523809,6,6.33333333333333,6.76785714285714,6.68055555555556,0
"20",2004,1,7,5,7.5,5,5,7,7,4,1,1,4,1,69,46,23,4,32,37,6.73913043478261,7.1304347826087,5.95652173913043,6,6.796875,6.68918918918919,1
"21",2004,2,6.33333333333333,6,7,5,NA,7,6.2,4,2,0,1,5,75,50,25,4,33,42,6.70666666666667,7.12,5.88,6,6.8030303030303,6.63095238095238,2
"22",2004,3,6.83333333333333,6,6.6,8,NA,6.33333333333333,7.33333333333333,5,1,0,3,3,81,55,26,4,36,45,6.71604938271605,7.07272727272727,5.96153846153846,6,6.76388888888889,6.67777777777778,3
"23",2004,4,6.33333333333333,3,NA,6.33333333333333,NA,6,6.5,0,3,0,1,2,84,55,29,4,37,47,6.70238095238095,7.07272727272727,6,6,6.74324324324324,6.67021276595745,4
"24",2004,5,6.5,6,6.6,6,NA,6.66666666666667,6.33333333333333,5,1,0,3,3,90,60,30,4,40,50,6.68888888888889,7.03333333333333,6,6,6.7375,6.65,5
"25",2004,6,6.5,2,6.5,NA,NA,NA,6.5,2,0,0,0,2,92,62,30,4,40,52,6.68478260869565,7.01612903225806,6,6,6.7375,6.64423076923077,6
"26",2004,7,6.83333333333333,6,7.2,5,NA,NA,6.83333333333333,5,1,0,0,6,98,67,31,4,40,58,6.69387755102041,7.02985074626866,5.96774193548387,6,6.7375,6.66379310344828,7
"27",2004,8,7.33333333333333,3,7.33333333333333,NA,NA,8,7,3,0,0,1,2,101,70,31,4,41,60,6.71287128712871,7.04285714285714,5.96774193548387,6,6.76829268292683,6.675,8
"28",2004,9,7.25,4,7.33333333333333,7,NA,7.33333333333333,7,3,1,0,3,1,105,73,32,4,44,61,6.73333333333333,7.05479452054795,6,6,6.80681818181818,6.68032786885246,9
"29",2004,10,6.75,4,7,6.5,7,6,7,2,2,1,1,3,109,75,34,5,45,64,6.73394495412844,7.05333333333333,6.02941176470588,6.2,6.78888888888889,6.6953125,10
"30",2004,11,6.25,6,6.7,4,NA,5.66666666666667,6.83333333333333,5,1,0,3,3,115,80,35,5,48,67,6.70869565217391,7.03125,5.97142857142857,6.2,6.71875,6.70149253731343,11
"31",2004,12,6.66666666666667,3,7,6,NA,7,6.5,2,1,0,1,2,118,82,36,5,49,69,6.70762711864407,7.03048780487805,5.97222222222222,6.2,6.72448979591837,6.69565217391304,12
"32",2005,1,6,10,6.64285714285714,4.5,NA,5.8,6.2,7,3,0,5,5,128,89,39,5,54,74,6.65234375,7,5.85897435897436,6.2,6.63888888888889,6.66216216216216,13
"33",2005,2,7.125,4,7,7.5,NA,7,7.16666666666667,3,1,0,1,3,132,92,40,5,55,77,6.66666666666667,7,5.9,6.2,6.64545454545455,6.68181818181818,14
"34",2005,3,6.75,6,7,6.5,8,7.375,5.5,3,3,1,4,2,138,95,43,6,59,79,6.67028985507246,7,5.94186046511628,6.5,6.69491525423729,6.65189873417722,15
"35",2005,4,6.4375,8,6.4,6.5,6.5,6.625,6.25,5,3,3,4,4,146,100,46,9,63,83,6.65753424657534,6.97,5.97826086956522,6.5,6.69047619047619,6.63253012048193,16
"36",2005,5,6.59090909090909,11,7.16666666666667,5.9,NA,6.6,6.58333333333333,6,5,0,5,6,157,106,51,9,68,89,6.65286624203822,6.9811320754717,5.97058823529412,6.5,6.68382352941176,6.62921348314607,17
"37",2005,6,6.92307692307692,13,7,6,NA,6.92857142857143,6.91666666666667,12,1,0,7,6,170,118,52,9,75,95,6.67352941176471,6.98305084745763,5.97115384615384,6.5,6.70666666666667,6.64736842105263,18
"38",2005,7,5.85714285714286,7,5.83333333333333,6,NA,5.25,6.66666666666667,6,1,0,4,3,177,124,53,9,79,98,6.64124293785311,6.92741935483871,5.97169811320755,6.5,6.63291139240506,6.64795918367347,19
"39",2005,8,7,16,7.25,6.25,7,7,7,12,4,1,13,3,193,136,57,10,92,101,6.67098445595855,6.95588235294118,5.99122807017544,6.55,6.68478260869565,6.65841584158416,20
"40",2005,9,6.25,14,6.8125,5.5,NA,5.5,6.375,8,6,0,2,12,207,144,63,10,94,113,6.64251207729469,6.94791666666667,5.94444444444444,6.55,6.65957446808511,6.6283185840708,21
"41",2005,10,7.20833333333333,12,7.38888888888889,6.66666666666667,NA,7.58333333333333,6.83333333333333,9,3,0,6,6,219,153,66,10,100,119,6.67351598173516,6.97385620915033,5.97727272727273,6.55,6.715,6.63865546218487,22
"42",2005,11,6.19230769230769,13,6.27777777777778,6,5,5.83333333333333,6.3,9,4,1,3,10,232,162,70,11,103,129,6.64655172413793,6.93518518518519,5.97857142857143,6.40909090909091,6.68932038834951,6.61240310077519,23
"43",2005,12,6.75,10,7.16666666666667,3,NA,7.07142857142857,6,9,1,0,7,3,242,171,71,11,110,132,6.65082644628099,6.94736842105263,5.93661971830986,6.40909090909091,6.71363636363636,6.59848484848485,24
"44",2006,1,5.8,11,6.96666666666667,4.4,NA,5.71428571428571,5.95,6,5,0,7,4,253,177,76,11,117,136,6.61383399209486,6.94802259887006,5.83552631578947,6.40909090909091,6.65384615384615,6.57941176470588,25
"45",2006,2,6.72222222222222,9,7.125,3.5,NA,6.8125,6,8,1,0,8,1,262,185,77,11,125,137,6.6175572519084,6.95567567567568,5.8051948051948,6.40909090909091,6.664,6.57518248175182,26
"46",2006,3,7.17857142857143,14,7.19230769230769,7,7,7.92857142857143,6.42857142857143,13,1,1,7,7,276,198,78,12,132,144,6.64601449275362,6.97121212121212,5.82051282051282,6.45833333333333,6.73106060606061,6.56805555555556,27
"47",2006,4,6.53846153846154,13,7.25,5.4,NA,6.2,6.75,8,5,0,5,8,289,206,83,12,137,152,6.64117647058823,6.98203883495146,5.79518072289156,6.45833333333333,6.71167883211679,6.57763157894737,28
"48",2006,5,6.35,10,6.35714285714286,6.33333333333333,NA,6.33333333333333,6.35714285714286,7,3,0,3,7,299,213,86,12,140,159,6.6314381270903,6.96150234741784,5.81395348837209,6.45833333333333,6.70357142857143,6.56792452830189,29
"49",2006,6,6.55454545454545,11,6.7625,6,NA,6.6,6.51666666666667,8,3,0,5,6,310,221,89,12,145,165,6.62870967741936,6.95429864253394,5.82022471910112,6.45833333333333,6.7,6.56606060606061,30
"50",2006,7,6.61818181818182,11,6.68571428571429,6.5,7,6.475,7,7,4,1,8,3,321,228,93,13,153,168,6.62834890965732,6.94605263157895,5.8494623655914,6.5,6.68823529411765,6.57380952380952,31
"51",2006,8,7.35714285714286,7,7.35714285714286,NA,NA,6.66666666666667,7.875,7,0,0,3,4,328,235,93,13,156,172,6.64390243902439,6.95829787234042,5.8494623655914,6.5,6.68782051282051,6.60406976744186,32
"52",2006,9,6.41666666666667,12,6.61111111111111,5.83333333333333,6.5,5.9,6.78571428571429,9,3,1,5,7,340,244,96,14,161,179,6.63588235294118,6.94549180327869,5.84895833333333,6.5,6.66335403726708,6.61117318435754,33
"53",2006,10,6.56818181818182,11,6.58333333333333,6.5,7,6.58333333333333,6.5,9,2,1,9,2,351,253,98,15,170,181,6.63376068376068,6.93260869565217,5.86224489795918,6.53333333333333,6.65911764705882,6.60994475138121,34
"54",2006,11,6.5,13,6.94444444444444,5.5,8,6.25,6.9,9,4,1,8,5,364,262,102,16,178,186,6.62898351648352,6.93301526717557,5.84803921568627,6.625,6.64073033707865,6.61774193548387,35
"55",2006,12,6.80952380952381,21,7,6.2,6,7.16666666666667,6.66666666666667,16,5,1,6,15,385,278,107,17,184,201,6.63883116883117,6.93687050359712,5.86448598130841,6.58823529411765,6.65788043478261,6.62139303482587,36
"56",2007,1,6.6,20,7.09090909090909,6,6,7.14285714285714,6.30769230769231,11,9,1,7,13,405,289,116,18,191,214,6.63691358024691,6.94273356401384,5.875,6.55555555555556,6.67565445026178,6.60233644859813,37
"57",2007,2,6.0914,13,6.4375,5.53764,NA,5.78571428571429,6.44803333333333,8,5,0,7,6,418,297,121,18,198,220,6.61994784688995,6.92912457912458,5.86105950413223,6.55555555555556,6.64419191919192,6.59812818181818,38
"58",2007,3,6.58823529411765,17,7.04545454545455,5.75,NA,6.25,6.77272727272727,11,6,0,6,11,435,308,127,18,204,231,6.61870850574713,6.93327922077922,5.8558125984252,6.55555555555556,6.63259803921569,6.60644242424242,39
"59",2007,4,7.125,8,7.14285714285714,7,7,7.2,7,7,1,1,5,3,443,315,128,19,209,234,6.62785146726862,6.93793650793651,5.8647515625,6.57894736842105,6.64617224880383,6.61148803418803,40
"60",2007,5,6.51666666666667,12,6.8,5.66666666666667,NA,6.45,6.58333333333333,9,3,0,6,6,455,324,131,19,215,240,6.62491912087912,6.9341049382716,5.86021526717557,6.57894736842105,6.6406976744186,6.61078416666667,41
"61",2007,6,7.20833333333333,12,7.35,6.5,NA,7.33333333333333,7.08333333333333,10,2,0,6,6,467,334,133,19,221,246,6.63991049250535,6.94655688622754,5.86983609022556,6.57894736842105,6.65950226244344,6.62230975609756,42
"62",2007,7,6.44117647058824,17,6.63636363636364,6.08333333333333,6.5,6.44444444444444,6.4375,11,6,1,9,8,484,345,139,20,230,254,6.63293016528926,6.93666666666667,5.87905179856115,6.575,6.65108695652174,6.61648897637795,43
"63",2007,8,6.70238095238095,21,6.92647058823529,5.75,6,6.5625,6.78846153846154,17,4,2,8,13,505,362,143,22,238,267,6.63581821782178,6.93618784530387,5.87544195804196,6.52272727272727,6.64810924369748,6.62486217228464,44
"64",2007,9,6.32105263157895,19,6.50909090909091,6.0625,5.5,6.5625,6.14545454545455,11,8,2,8,11,524,373,151,24,246,278,6.62440496183206,6.92359249329759,5.88535231788079,6.4375,6.64532520325203,6.60589280575539,45
"65",2007,10,6.82352941176471,17,7,6.57142857142857,7,6.7,7,10,7,1,10,7,541,383,158,25,256,285,6.63066210720887,6.92558746736292,5.91574810126582,6.46,6.6474609375,6.61557263157895,46
"66",2007,11,6.8,25,7.11538461538461,6.45833333333333,7.5,6.95833333333333,6.65384615384615,13,12,1,12,13,566,396,170,26,268,298,6.63814169611307,6.93181818181818,5.95404823529412,6.5,6.66138059701493,6.61724228187919,47
"67",2007,12,6.66842105263158,19,7.27,6,NA,5.92857142857143,7.1,10,9,0,7,12,585,406,179,26,275,310,6.63912512820513,6.94014778325123,5.95635865921788,6.5,6.64272727272727,6.63592967741935,48
"68",2008,1,6.49047619047619,21,7.23,5.81818181818182,7,6.5,6.48571428571429,10,11,2,7,14,606,416,190,28,282,324,6.63397392739274,6.94711538461538,5.94835894736842,6.53571428571429,6.63918439716312,6.62943888888889,49
"69",2008,2,6.61052631578947,19,6.6,6.65,NA,6.5,6.71,15,4,0,9,10,625,431,194,28,291,334,6.63326112,6.93503480278422,5.96282577319588,6.53571428571429,6.63487972508591,6.63185089820359,50
"70",2008,3,6.69333333333333,15,6.81666666666667,6.61111111111111,7,6.6,6.74,6,9,2,5,10,640,437,203,30,296,344,6.6346690625,6.93340961098398,5.99156748768473,6.56666666666667,6.63429054054054,6.63499476744186,51
"71",2008,4,6.4,10,6.57142857142857,6,NA,6.5,6.375,7,3,0,2,8,650,444,206,30,298,352,6.63105876923077,6.9277027027027,5.99169029126214,6.56666666666667,6.63338926174497,6.62908579545455,52
"72",2008,5,6.76363636363636,22,6.95,6.4375,6,6.6875,6.80714285714286,14,8,1,8,14,672,458,214,31,306,366,6.63539910714286,6.92838427947598,6.00835607476635,6.54838709677419,6.63480392156863,6.63589672131148,53
"73",2008,6,7.06666666666667,15,7.25,6.33333333333333,6,7.125,7,12,3,1,8,7,687,470,217,32,314,373,6.6448154294032,6.93659574468085,6.01284884792627,6.53125,6.64729299363057,6.64272975871314,54
"74",2008,7,6.77777777777778,18,7.27272727272727,6,5,6.71428571428571,7,11,7,2,14,4,705,481,224,34,328,377,6.64821021276596,6.94428274428274,6.01244732142857,6.44117647058824,6.65015243902439,6.64652042440318,55
"75",2008,8,6.51052631578947,19,6.92,6.05555555555556,5.6,7.25,6.31333333333333,10,9,5,4,15,724,491,233,39,332,392,6.64459696132597,6.94378818737271,6.01411244635193,6.33333333333333,6.65737951807229,6.63377091836735,56
"76",2008,9,6.32894736842105,19,6.84090909090909,5.625,5.8,6.325,6.33333333333333,11,8,5,10,9,743,502,241,44,342,401,6.63652516823688,6.94153386454183,6.00119585062241,6.27272727272727,6.64766081871345,6.62702793017456,57
"77",2008,10,6.95384615384615,26,7.18333333333333,6.4375,4,6.66363636363636,7.16666666666667,18,8,2,11,15,769,520,249,46,353,416,6.64725383615084,6.94990384615385,6.01521365461847,6.17391304347826,6.64815864022663,6.64648605769231,58
"78",2008,11,6.9,15,7.05,6.6,6.66666666666667,7,6.75,10,5,3,9,6,784,530,254,49,362,422,6.65208954081633,6.95179245283019,6.02672519685039,6.20408163265306,6.65690607734807,6.64795781990521,59
"79",2008,12,6.10416666666667,24,6.77272727272727,5.53846153846154,5.71428571428571,6.125,6.09375,11,13,7,8,16,808,541,267,56,370,438,6.6358146039604,6.94815157116451,6.00295205992509,6.14285714285714,6.64540540540541,6.62771278538813,60
"80",2009,1,6.616,25,6.9125,6.08888888888889,6.23333333333333,7.175,6.35294117647059,16,9,3,8,17,833,557,276,59,378,455,6.63521992797119,6.94712746858169,6.00575434782609,6.14745762711864,6.65661375661376,6.61744659340659,61
"81",2009,2,6.65333333333333,30,6.859375,6.41785714285714,6.25,7.105,6.4275,16,14,4,10,20,863,573,290,63,388,475,6.63584959443801,6.94467713787085,6.02564896551724,6.15396825396825,6.66817010309278,6.60944884210526,62
"82",2009,3,6.32258064516129,31,6.6,5.81818181818182,5.58333333333333,6.33333333333333,6.32,20,11,6,6,25,894,593,301,69,394,500,6.62498680089485,6.93305227655986,6.01806710963455,6.10434782608696,6.66307106598985,6.5949764,63
"83",2009,4,6.39583333333333,24,6.65384615384615,6.09090909090909,6,5.8125,6.6875,13,11,5,8,16,918,606,312,74,402,516,6.61899586056645,6.92706270627063,6.02063525641026,6.0972972972973,6.64614427860697,6.59784534883721,64
"84",2009,5,6.31818181818182,22,6.88888888888889,5.92307692307692,NA,6.66666666666667,6.1875,9,13,0,6,16,940,615,325,74,408,532,6.61195553191489,6.92650406504065,6.01673292307692,6.0972972972973,6.64644607843137,6.58550413533835,65
"85",2009,6,6.8,29,7.08333333333333,6.6,6.6,6.75,6.82631578947368,12,17,5,10,19,969,627,342,79,418,551,6.61758328173375,6.92950558213716,6.04572573099415,6.12911392405063,6.64892344497608,6.59380798548094,66
"86",2009,7,5.86111111111111,18,6,5.6875,5.66666666666667,6,5.80769230769231,10,8,3,5,13,987,637,350,82,423,564,6.6037874366768,6.9149136577708,6.03753771428571,6.11219512195122,6.64125295508274,6.57568829787234,67
"87",2009,8,6.79130434782609,23,7.14166666666667,6.40909090909091,7,8.33333333333333,6.56,12,11,1,3,20,1010,649,361,83,426,584,6.60805762376238,6.9191063174114,6.04885927977839,6.12289156626506,6.65316901408451,6.57515102739726,68
"88",2009,9,6.225,18,6.38333333333333,6.14583333333333,6.3,6.16666666666667,6.23666666666667,6,12,5,3,15,1028,655,373,88,429,599,6.60135038910506,6.91419847328244,6.05197908847185,6.13295454545455,6.6497668997669,6.56667479131886,69
"89",2009,10,6.7125,20,6.655,6.77,5.2,6.58333333333333,6.76785714285714,10,10,1,6,14,1048,665,383,89,435,613,6.6034715648855,6.9103007518797,6.07072637075718,6.12247191011236,6.64885057471264,6.57126949429037,70
"90",2009,11,6.63793103448276,29,6.96428571428571,6.33333333333333,6.75,6.4,6.6875,14,15,6,5,24,1077,679,398,95,440,637,6.60439944289694,6.91141384388807,6.08062361809045,6.1621052631579,6.64602272727273,6.57564866562009,71
"91",2009,12,6.68571428571429,21,7.33846153846154,5.625,5.6,6.675,6.69230769230769,13,8,5,8,13,1098,692,406,100,448,650,6.60595464480874,6.91943641618497,6.07164581280788,6.134,6.64654017857143,6.57798184615385,72
"92",2010,1,5.98888888888889,18,6.35714285714286,5.75454545454545,6.21666666666667,6.07142857142857,5.93636363636364,7,11,6,7,11,1116,699,417,106,455,661,6.59600197132616,6.91380543633762,6.06328105515588,6.13867924528302,6.63769230769231,6.56730438729198,73
"93",2010,2,6.60714285714286,14,7.0625,6,NA,6.83333333333333,6.54545454545455,8,6,0,3,11,1130,707,423,106,458,672,6.59614,6.91548797736916,6.06238345153664,6.13867924528302,6.63897379912664,6.56694672619048,74
"94",2010,3,6.55,10,7.33333333333333,6.21428571428571,6,7,6.35714285714286,3,7,2,3,7,1140,710,430,108,461,679,6.59573526315789,6.91725352112676,6.06485627906977,6.13611111111111,6.64132321041215,6.56478379970545,75
"95",2010,4,6.67666666666667,15,6.95555555555556,6.25833333333333,NA,8.5,6.54642857142857,9,6,0,1,14,1155,719,436,108,462,693,6.59678632034632,6.91773296244784,6.06751880733945,6.13611111111111,6.64534632034632,6.56441298701299,76
"96",2010,5,6.28958333333333,12,6.26,6.31071428571429,6.5,6.8625,5.71666666666667,5,7,2,6,6,1167,724,443,110,468,699,6.59362742073693,6.91319060773481,6.07136162528217,6.14272727272727,6.64813034188034,6.55713619456366,77
"97",2010,6,6.25,12,6.625,6.0625,6.66666666666667,6.16666666666667,6.27777777777778,4,8,3,3,9,1179,728,451,113,471,708,6.59012994062765,6.91160714285714,6.0712044345898,6.15663716814159,6.64506369426752,6.55358502824859,78
"98",2010,7,6.16428571428571,14,6.58,5.125,5.75,6.65,6.08333333333333,10,4,2,2,12,1193,738,455,115,473,720,6.58513260687343,6.90711382113821,6.06288615384615,6.1495652173913,6.6450845665962,6.5457475,79
"99",2010,8,6.69166666666667,24,6.96666666666667,6.41666666666667,6.33333333333333,6.7625,6.65625,12,12,3,8,16,1217,750,467,118,481,736,6.58723352506163,6.90806666666667,6.07197687366167,6.15423728813559,6.64703742203742,6.54814972826087,80
"100",2010,9,6,11,6.4,5.66666666666667,4,7,5.9,5,6,1,1,10,1228,755,473,119,482,746,6.58197328990228,6.90470198675497,6.0668355179704,6.13613445378151,6.64776970954357,6.53946139410188,81
"101",2010,10,7.14285714285714,7,7.6,6,6,8.5,6.91666666666667,5,2,1,1,6,1235,760,475,120,483,752,6.58515238866397,6.90927631578947,6.06655410526316,6.135,6.65160455486543,6.5424710106383,82
"102",2010,11,6.76666666666667,15,6.83333333333333,6.66666666666667,7,7.66666666666667,6.54166666666667,9,6,1,3,12,1250,769,481,121,486,764,6.58733056,6.90838751625488,6.07403991683992,6.14214876033058,6.65787037037037,6.54245837696335,83
"103",2010,12,6.52941176470588,17,7,6,6,6.75,6.46153846153846,9,8,2,4,13,1267,778,489,123,490,777,6.58655343330703,6.90944730077121,6.07282862985685,6.13983739837398,6.65862244897959,6.5411045045045,84
"104",2011,1,6.21666666666667,12,6.5,6.16,6,6,6.325,2,10,2,4,8,1279,780,499,125,494,785,6.58308303362002,6.90839743589744,6.07457555110221,6.1376,6.65328947368421,6.5389021656051,85
"105",2011,2,6.69285714285714,14,6.83333333333333,6.44,NA,6.75,6.68333333333333,9,5,0,2,12,1293,789,504,125,496,797,6.58427161639598,6.9075411913815,6.07820079365079,6.1376,6.65367943548387,6.54107678795483,86
"106",2011,3,6.25428571428571,14,6.75,5.015,2,6.39,6.2,10,4,1,4,10,1307,799,508,126,500,807,6.58073695485846,6.90556946182728,6.06982913385827,6.10476190476191,6.65157,6.53685030978934,87
"107",2011,4,6.4,9,7.24,5.35,6.4,7.35,6.12857142857143,5,4,1,2,7,1316,804,512,127,502,814,6.57950091185411,6.90764925373134,6.06420546875,6.10708661417323,6.65435258964144,6.53333931203931,88
"108",2011,5,6.32,17,7.12666666666667,5.4125,6.4,6.875,6.14923076923077,9,8,1,4,13,1333,813,520,128,506,827,6.57619144786197,6.91007380073801,6.05417923076923,6.109375,6.65609683794467,6.52730133010883,89
"109",2011,6,6.57692307692308,13,7,6.08333333333333,5,7,6.5,7,6,1,2,11,1346,820,526,129,508,838,6.5761985141159,6.91084146341463,6.05451178707224,6.10077519379845,6.65745078740158,6.52694295942721,90
"110",2011,7,6.5,12,6.77777777777778,5.66666666666667,6,6.7,6.35714285714286,9,3,1,5,7,1358,829,529,130,513,845,6.57552518409426,6.90939686369119,6.05231228733459,6.1,6.65786549707602,6.52553633136095,91
"111",2011,8,6.63,10,7.21428571428571,5.26666666666667,3.8,7.5,6.25714285714286,7,3,1,3,7,1368,836,532,131,516,852,6.57592339181287,6.91194976076555,6.04788195488722,6.0824427480916,6.66276162790698,6.52333122065728,92
"112",2011,9,6.25882352941176,17,6.83333333333333,5.94545454545455,6.38,6.77142857142857,5.9,6,11,5,7,10,1385,842,543,136,523,862,6.57203119133574,6.91138954869359,6.04580699815838,6.09338235294118,6.66421606118547,6.5161,93
"113",2011,10,6.45,10,7.5,5.75,6,6,6.5,4,6,2,1,9,1395,846,549,138,524,871,6.57115641577061,6.91417257683215,6.04257413479053,6.09202898550725,6.66294847328244,6.51593363949483,94
"114",2011,11,6.99285714285714,14,7.3875,6.46666666666667,NA,7.03333333333333,6.98181818181818,8,6,0,3,11,1409,854,555,138,527,882,6.57534648687012,6.91860655737705,6.04715891891892,6.09202898550725,6.66505692599621,6.5217439909297,95
"115",2011,12,6.8875,8,7.43333333333333,5.25,6,7.5,6.52,6,2,1,3,5,1417,860,557,139,530,887,6.57710882145378,6.92219767441861,6.04429658886894,6.09136690647482,6.66978301886793,6.52173416009019,96
"116",2012,1,6.68095238095238,21,7,6.25555555555556,6,7,6.55333333333333,12,9,3,6,15,1438,872,566,142,536,902,6.57862531293463,6.92326834862385,6.04765583038869,6.08943661971831,6.67347947761194,6.52225964523282,97
"117",2012,2,6.14583333333333,12,6.65,5.78571428571429,6,6.33333333333333,5.95833333333333,5,7,1,6,6,1450,877,573,143,542,908,6.5750435862069,6.92171037628278,6.04445584642234,6.08881118881119,6.66971402214022,6.51853325991189,98
"118",2012,3,6.47368421052632,19,6.53846153846154,6.33333333333333,7,6.5,6.47222222222222,13,6,1,1,18,1469,890,579,144,543,926,6.57373260721579,6.91611235955056,6.0474493955095,6.09513888888889,6.6694014732965,6.51763304535637,99
"119",2012,4,6.22727272727273,11,6.375,6.14285714285714,6,6,6.27777777777778,4,7,1,2,9,1480,894,586,145,545,935,6.57115756756757,6.91369127516779,6.04858907849829,6.09448275862069,6.66694495412844,6.51532427807487,100
"120",2012,5,6.31111111111111,9,6.7,5.825,6.65,6.65,6.21428571428571,5,4,2,2,7,1489,899,590,147,547,942,6.56958576225655,6.91250278086763,6.04707322033898,6.10204081632653,6.66688299817185,6.5130872611465,101
"121",2012,6,6.92,10,7,6.8,6.73333333333333,7.6,6.24,6,4,3,5,5,1499,905,594,150,552,947,6.57192341561041,6.91308287292818,6.05214343434344,6.11466666666667,6.67533514492754,6.51164540654699,102
"122",2012,7,6.48538461538462,13,6.78,6.30125,6,7.4,6.40916666666667,5,8,1,1,12,1512,910,602,151,553,959,6.57117936507937,6.91235164835165,6.05545382059801,6.11390728476821,6.67664556962026,6.51036308654849,103
"123",2012,8,6.44375,16,6.7,6.32727272727273,NA,6.75,6.34166666666667,5,11,0,4,12,1528,915,613,151,557,971,6.56984502617801,6.9111912568306,6.06033148450245,6.11390728476821,6.6771723518851,6.50827826982492,104
"124",2012,9,6.90909090909091,11,7.5,6.2,6,6.33333333333333,7.125,6,5,3,3,8,1539,921,618,154,560,979,6.57226978557505,6.91502714440825,6.06146148867314,6.11168831168831,6.67533035714286,6.51331787538304,105
"125",2012,10,6.78235294117647,17,7.02307692307692,6,NA,6.2,7.025,13,4,0,5,12,1556,934,622,154,565,991,6.57456503856041,6.91653104925054,6.06106623794212,6.11168831168831,6.67112389380531,6.51951382441978,106
"126",2012,11,6.36363636363636,11,6.85714285714286,5.5,5,5,6.5,7,4,2,1,10,1567,941,626,156,566,1001,6.57308436502872,6.91608926673751,6.05748115015974,6.0974358974359,6.66817137809188,6.51931888111888,107
"127",2012,12,5.57272727272727,11,6.33333333333333,4.66,6.3,5,5.7,6,5,1,2,9,1578,947,631,157,568,1010,6.56611102661597,6.91239704329462,6.04640760697306,6.09872611464968,6.66229753521127,6.51201801980198,108
"128",2013,1,7.07142857142857,14,7.13636363636364,6.83333333333333,7,7.25,7,11,3,1,4,10,1592,958,634,158,572,1020,6.57055477386935,6.91496868475992,6.05013123028391,6.10443037974684,6.66640734265735,6.51680215686275,109
"129",2013,2,6.61111111111111,18,7.04545454545455,5.92857142857143,6,6.5,6.63333333333333,11,7,1,3,15,1610,969,641,159,575,1035,6.57100819875776,6.91644994840041,6.04880374414977,6.10377358490566,6.66553913043479,6.51849101449275,110
"130",2013,3,6.57647058823529,17,6.82,6.475,6.88333333333333,7.05,6.51333333333333,5,12,6,2,15,1627,974,653,165,577,1050,6.57106527350953,6.91595482546201,6.05663583460949,6.13212121212121,6.66687175043328,6.51841733333333,111
"131",2013,4,6.72222222222222,9,6.1,7.5,6.5,7,6.64285714285714,5,4,2,2,7,1636,979,657,167,579,1057,6.57189682151589,6.91178753830439,6.06542343987823,6.13652694610778,6.66802245250432,6.51924143803217,112
"132",2013,5,6.375,8,6.5,6,7,6.16666666666667,6.5,6,2,1,3,5,1644,985,659,168,582,1062,6.57093868613139,6.90927918781726,6.0652248861912,6.14166666666667,6.6654381443299,6.51915084745763,113
"133",2013,6,6.52166666666667,6,7.5,6.0325,7,6.565,6.5,2,4,1,2,4,1650,987,663,169,584,1066,6.57075951515152,6.91047619047619,6.06502745098039,6.14674556213018,6.6650941780822,6.51907898686679,114
"134",2013,7,6.88,10,7.1,6,5,6,7.1,8,2,1,2,8,1660,995,665,170,586,1074,6.57262240963855,6.912,6.06483187969925,6.14,6.66282423208191,6.5234061452514,115
"135",2013,8,7,15,6.92857142857143,7.0625,6.66666666666667,6.91666666666667,7.05555555555556,7,8,3,6,9,1675,1002,673,173,592,1083,6.57644967164179,6.91211576846308,6.0766912332838,6.14913294797688,6.66539695945946,6.52782843951985,116
"136",2013,9,6,6,6.75,5.625,6.5,6.5,5.9,2,4,1,1,5,1681,1004,677,174,593,1088,6.57439214753123,6.91179282868526,6.07402245199409,6.15114942528736,6.66511804384486,6.52494319852941,117
"137",2013,10,7.26666666666667,6,7.52,6,6,8.16666666666667,6.36666666666667,5,1,1,3,3,1687,1009,678,175,596,1091,6.57685429756965,6.91480673934589,6.07391327433628,6.15028571428571,6.67267617449665,6.52450797433547,118
"138",2013,11,6.56052631578947,19,7.2375,6.06818181818182,4.75,6.1,6.68333333333333,8,11,2,4,15,1706,1017,689,177,600,1106,6.57667245017585,6.91734513274336,6.07382177068215,6.13446327683616,6.66885833333334,6.52666202531646,119
"139",2013,12,5.985,20,5.85,6.1875,5,6,5.98333333333333,12,8,2,2,18,1726,1029,697,179,602,1124,6.56981645422943,6.90489795918367,6.07512654232425,6.12178770949721,6.66663621262459,6.51796103202847,120
"140",2014,1,6.53636363636364,11,6.98333333333333,6,NA,8,6.39,6,5,0,1,10,1737,1035,702,179,603,1134,6.56960460564191,6.90535265700483,6.07459145299145,6.12178770949721,6.66884742951907,6.51683262786596,121
"141",2014,2,6.84166666666667,12,7.51666666666667,6.16666666666667,5.75,7.5,6.71,6,6,2,2,10,1749,1041,708,181,605,1144,6.57147124070898,6.90887608069164,6.07537175141243,6.11767955801105,6.67159504132232,6.51852115384615,122
"142",2014,3,6.375,8,6.675,6.075,6,5.5,6.66666666666667,4,4,1,2,6,1757,1045,712,182,607,1150,6.57057666476949,6.90798086124402,6.07536966292135,6.11703296703297,6.66773476112027,6.51929408695652,123
"143",2014,4,6.36363636363636,11,6.66666666666667,6,6,6.16666666666667,6.4375,6,5,1,3,8,1768,1051,717,183,610,1158,6.56928914027149,6.90660323501427,6.07484407252441,6.11639344262295,6.66527049180328,6.51872901554404,124
"144",2014,5,6.46428571428571,14,7.25,5.41666666666667,6.25,6.5,6.44444444444444,8,6,2,5,9,1782,1059,723,185,615,1167,6.56846419753086,6.90919735599622,6.06938201936376,6.11783783783784,6.6639268292683,6.51815612682091,125
"145",2014,6,6.12222222222222,9,6.22857142857143,5.75,6,6.72,5.375,7,2,1,5,4,1791,1066,725,186,620,1171,6.56622177554439,6.90472795497186,6.06850096551724,6.11720430107527,6.66437903225807,6.5142512382579,126
"146",2014,7,6.83333333333333,3,6.75,7,NA,7,6.75,2,1,0,1,2,1794,1068,726,186,621,1173,6.56666845039019,6.90443820224719,6.06978402203857,6.11720430107527,6.6649194847021,6.51465319693095,127
"147",2014,8,6.214,10,6.51428571428571,5.51333333333333,5,NA,6.214,7,3,1,0,10,1804,1075,729,187,621,1183,6.56471352549889,6.90189767441861,6.06749410150892,6.11122994652406,6.6649194847021,6.51211174978867,128
"148",2014,9,6.25454545454545,11,6.64285714285714,5.575,7,4,6.48,7,4,1,1,10,1815,1082,733,188,622,1193,6.56283371900826,6.90022181146026,6.0648065484311,6.11595744680851,6.66063504823152,6.51184258172674,129
"149",2014,10,6.71428571428571,7,6.66666666666667,6.75,NA,7,6.66666666666667,3,4,0,1,6,1822,1085,737,188,623,1199,6.56341558726674,6.89957603686636,6.06852537313433,6.11595744680851,6.6611797752809,6.51261734778983,130
"150",2014,11,6.47777777777778,9,6.75,6.26,4,6,6.71666666666667,4,5,1,3,6,1831,1089,742,189,626,1205,6.56299464773348,6.89902662993572,6.06981563342318,6.1047619047619,6.65801118210863,6.51363336099585,131
"151",2014,12,6.85416666666667,12,6.97222222222222,6.5,6.75,7,6.84090909090909,9,3,2,1,11,1843,1098,745,191,627,1216,6.56489050461204,6.89962659380692,6.07154791946309,6.11151832460733,6.65855661881978,6.51659391447369,132
"152",2015,1,6.82666666666667,15,7.05,6.38,NA,6.5,6.87692307692308,10,5,0,2,13,1858,1108,750,191,629,1229,6.56700387513455,6.90098375451264,6.07360426666667,6.11151832460733,6.65805246422894,6.52040537021969,133
"153",2015,2,6.5,6,6.83333333333333,6.16666666666667,6,6.5,6.5,3,3,1,1,5,1864,1111,753,192,630,1234,6.56678819742489,6.90080108010801,6.07397503320053,6.1109375,6.65780158730159,6.5203226904376,134
"154",2015,3,6.93636363636364,11,7.36,6.58333333333333,6,7.5,6.725,5,6,1,3,8,1875,1116,759,193,633,1242,6.56895637333333,6.90285842293907,6.07800158102767,6.11036269430052,6.66179304897315,6.52164106280193,135
"155",2015,4,6.5625,8,7.125,6,6.5,7,6.5,4,4,2,1,7,1883,1120,763,195,634,1249,6.56892894317578,6.90365178571429,6.07759266055046,6.11435897435897,6.66232649842272,6.52151977582066,136
"156",2015,5,6.27142857142857,14,6.83333333333333,5.85,5,6.8,6.23076923076923,6,8,2,1,13,1897,1126,771,197,635,1262,6.56673336847654,6.90327708703375,6.07523112840467,6.10304568527919,6.66254330708662,6.51852472266244,137
"157",2015,6,6.63,10,6.64285714285714,6.6,NA,NA,6.63,7,3,0,0,10,1907,1133,774,197,635,1272,6.56706512847404,6.90166813768756,6.07726511627907,6.10304568527919,6.66254330708662,6.51940110062893,138
"158",2015,7,7,4,7.33333333333333,6,NA,NA,7,3,1,0,0,4,1911,1136,775,197,635,1276,6.56797132391418,6.90280809859155,6.07716541935484,6.10304568527919,6.66254330708662,6.52090768025079,139
"159",2015,8,6.34,17,6.57777777777778,6.0725,6.41666666666667,6.70833333333333,6.13909090909091,9,8,3,6,11,1928,1145,783,200,641,1287,6.5659612033195,6.90025327510917,6.07711775223499,6.10775,6.66297191887676,6.51764428904429,140
"160",2015,9,5.875,8,6,5.75,5.5,6,5.83333333333333,4,4,2,2,6,1936,1149,787,202,643,1293,6.56310599173553,6.89711923411662,6.07545514612452,6.10173267326733,6.66090979782271,6.51446883217324,141
"161",2015,10,6.7375,8,7,6.475,7.7,6.9,6.64,4,4,1,3,5,1944,1153,791,203,646,1298,6.56382366255144,6.89747614917606,6.07747560050569,6.10960591133005,6.66202012383901,6.51495238828968,142
"162",2015,11,6.4,15,6.45,6.3,NA,7.25,6.26923076923077,10,5,0,2,13,1959,1163,796,203,648,1311,6.56256927003573,6.89362854686157,6.07887336683417,6.10960591133005,6.66383487654321,6.51251578947369,143
"163",2015,12,6.14666666666667,15,6.47,5.5,NA,6.4,6.12857142857143,10,5,0,1,14,1974,1173,801,203,649,1325,6.55940891590679,6.89001705029838,6.07525992509363,6.10960591133005,6.66342835130971,6.50845901886793,144
"164",2016,1,6.96428571428571,14,7.5,6.25,8,8,6.79166666666667,8,6,1,2,12,1988,1181,807,204,651,1337,6.56226016096579,6.89414902624894,6.07655910780669,6.11887254901961,6.66753456221199,6.51100089753179,145
"165",2016,2,6.7,10,7.5,5.5,NA,6.75,6.66666666666667,6,4,0,4,6,1998,1187,811,204,655,1343,6.56294954954955,6.89721145745577,6.07371541307028,6.11887254901961,6.66803816793893,6.51169635145198,146
"166",2016,3,6.54444444444444,9,6.75,6.38,6,6.5,6.55714285714286,4,5,2,2,7,2007,1191,816,206,657,1350,6.56286656701544,6.89671704450042,6.07559215686274,6.11771844660194,6.66752663622527,6.511932,147
"167",2016,4,5.8,8,6.66666666666667,5.28,5,8,5.48571428571429,3,5,1,1,7,2015,1194,821,207,658,1357,6.55983781637717,6.89613902847571,6.07074689403167,6.11231884057971,6.66955167173253,6.50663831982314,148
"168",2016,5,6.77857142857143,7,6.75,6.85,NA,6.85,6.75,5,2,0,2,5,2022,1199,823,207,660,1362,6.56059505440158,6.89552960800667,6.07264058323208,6.11231884057971,6.67009848484849,6.50753171806168,149
"169",2016,6,6.625,6,6.91666666666667,6.33333333333333,7,NA,6.625,3,3,1,0,6,2028,1202,826,208,660,1368,6.56078560157791,6.89558236272879,6.07358740920097,6.11658653846154,6.67009848484849,6.50804692982456,150
"170",2016,7,6.625,8,6.875,6.375,9,6.5,6.66666666666667,4,4,1,2,6,2036,1206,830,209,662,1374,6.56103791748526,6.89551409618574,6.07504,6.13038277511962,6.66958459214502,6.50873959243086,151
"171",2016,8,5.9,3,7,5.35,NA,7,5.35,1,2,0,1,2,2039,1207,832,209,663,1376,6.56006532614026,6.89560066280033,6.07329711538461,6.13038277511962,6.67008295625943,6.50705537790698,152
"172",2016,9,6.41666666666667,6,6.875,5.5,NA,7,6.3,4,2,0,1,5,2045,1211,834,209,664,1381,6.55964459657702,6.89553261767135,6.07192230215827,6.13038277511962,6.67057981927711,6.5063057204924,153
"173",2016,10,6.8,7,6.72,7,NA,NA,6.8,5,2,0,0,7,2052,1216,836,209,664,1388,6.56046452241715,6.89481085526316,6.07414258373206,6.13038277511962,6.67057981927711,6.50778688760807,154
"174",2016,11,6.33333333333333,9,7,5.5,2,NA,6.33333333333333,5,4,1,0,9,2061,1221,840,210,664,1397,6.55947268316351,6.89524160524161,6.07140857142857,6.11071428571429,6.67057981927711,6.50666299212599,155
"175",2016,12,6.93,10,6.88333333333333,7,7,7.66666666666667,6.61428571428571,6,4,2,3,7,2071,1227,844,212,667,1404,6.56126180589087,6.89518337408313,6.07580947867298,6.11910377358491,6.675059970015,6.50719957264957,156
"176",2017,1,5.975,12,6.11428571428571,5.78,5.5,NA,5.975,7,5,2,0,12,2083,1234,849,214,667,1416,6.5578843975036,6.89075364667747,6.07406737338045,6.11331775700935,6.675059970015,6.50268940677966,157
"177",2017,2,6.7,10,7.75,5.125,NA,6,6.77777777777778,6,4,0,1,9,2093,1240,853,214,668,1425,6.55856340181557,6.89491129032258,6.06961688159437,6.11331775700935,6.67404940119761,6.50442680701755,158
"178",2017,3,5.55714285714286,7,6.25,4.63333333333333,3,6.5,5.18,4,3,2,2,5,2100,1244,856,216,670,1430,6.55522533333333,6.89283762057878,6.06458317757009,6.08449074074074,6.67352985074627,6.49979594405595,159
"179",2017,4,6.47777777777778,9,6.66666666666667,6.38333333333333,NA,5.8,6.5625,3,6,0,1,8,2109,1247,862,216,671,1438,6.55489483167378,6.89229350441059,6.06680185614849,6.08449074074074,6.67222801788376,6.50014478442281,160
"180",2017,5,6.88888888888889,9,7.6,6,NA,8.5,6.42857142857143,5,4,0,2,7,2118,1252,866,216,673,1445,6.55631406987724,6.89511980830671,6.06649330254041,6.08449074074074,6.67765973254087,6.49979806228374,161
"181",2017,6,6.66666666666667,3,6,7,NA,6.5,6.75,1,2,0,1,2,2121,1253,868,216,674,1447,6.55647015558699,6.89440542697526,6.06864423963133,6.08449074074074,6.67739614243324,6.50014388389772,162
"182",2017,7,6.08333333333333,6,5.75,6.75,6.5,7,5.9,4,2,1,1,5,2127,1257,870,217,675,1452,6.55513549600376,6.89076372315036,6.07021057471264,6.08640552995392,6.67787407407408,6.49807727272727,163
"183",2017,8,6.1875,8,6.58333333333333,5,7,6.5,6.14285714285714,6,2,1,1,7,2135,1263,872,218,676,1459,6.55375793911007,6.88930324623911,6.06775596330275,6.09059633027523,6.67761094674557,6.4963729952022,164
"184",2017,9,8,3,8.5,7,NA,NA,8,2,1,0,0,3,2138,1265,873,218,676,1462,6.55578727782975,6.89184980237154,6.06882382588774,6.09059633027523,6.67761094674557,6.4994584131327,165
"185",2017,10,6.44444444444444,9,6.75,6.2,5.5,6.25,6.5,4,5,2,2,7,2147,1269,878,220,678,1469,6.55532054028877,6.89140267927502,6.0695708428246,6.08522727272727,6.67634955752213,6.49946099387339,166
"186",2017,11,7.07142857142857,14,7.375,6.66666666666667,7,8,6.91666666666667,8,6,1,2,12,2161,1277,884,221,680,1481,6.55866413697362,6.89443226311668,6.07362352941176,6.0893665158371,6.68024264705883,6.50284145847401,167
"187",2017,12,6.55,14,7.225,5.65,6,6.675,6.5,8,6,1,4,10,2175,1285,890,222,684,1491,6.55860836781609,6.89649027237354,6.07076764044944,6.08896396396396,6.6802119883041,6.50282240107311,168
"188",2018,1,6.58181818181818,11,6.71111111111111,6,6,7.25,6.2,9,2,1,4,7,2186,1294,892,223,688,1498,6.55872516010979,6.89520092735703,6.07060896860986,6.08856502242153,6.68352470930233,6.50140734312417,169
"189",2018,2,7.8125,4,7.8125,NA,NA,7.25,8,4,0,0,1,3,2190,1298,892,223,689,1501,6.56101515981735,6.89802773497689,6.07060896860986,6.08856502242153,6.68434687953556,6.50440253164557,170
"190",2018,3,5.72727272727273,11,5.85714285714286,5.5,6,NA,5.72727272727273,7,4,1,0,11,2201,1305,896,224,689,1512,6.55684834166288,6.89244444444444,6.06806160714285,6.08816964285714,6.68434687953556,6.49874880952381,171
"191",2018,4,6.2,5,7,5,5,8,5.75,3,2,1,1,4,2206,1308,898,225,690,1516,6.55603952855847,6.89269113149847,6.06568285077951,6.08333333333333,6.68625362318841,6.49677321899736,172
"192",2018,5,5.91666666666667,12,7,5.14285714285714,6,7,5.7,5,7,1,2,10,2218,1313,905,226,692,1526,6.55258034265103,6.89309977151561,6.05854497237569,6.08296460176991,6.68716040462428,6.49155190039319,173
"193",2018,7,6.08333333333333,6,6,6.1,6.25,NA,6.08333333333333,1,5,2,0,6,2224,1314,910,228,692,1532,6.55131438848921,6.8924200913242,6.05877274725275,6.0844298245614,6.68716040462428,6.48995313315927,175
"194",2018,8,6.5625,8,6.875,6.25,NA,7,6.5,4,4,0,1,7,2232,1318,914,228,693,1539,6.55135448028674,6.89236722306525,6.05960962800875,6.0844298245614,6.68761183261184,6.48999883040936,176
"195",2018,9,6.7,5,6,6.875,NA,6,6.875,1,4,0,1,4,2237,1319,918,228,694,1543,6.55168672329012,6.8916906747536,6.06316252723311,6.0844298245614,6.68662103746398,6.49099688917693,177
"196",2018,10,7,8,7.1,6.83333333333333,5,6.5,7.3,5,3,1,3,5,2245,1324,921,229,697,1548,6.55328427616926,6.89247734138973,6.06567122692725,6.07969432314411,6.68581779053085,6.49360994832042,178
"197",2018,11,6.61333333333333,9,7.38,6,NA,7,6.50285714285714,4,5,0,2,7,2254,1328,926,229,699,1555,6.55352404614019,6.89394578313253,6.06531663066954,6.07969432314411,6.68671673819743,6.4936515755627,179
"198",2018,12,7.75,4,7.66666666666667,8,8,5,8.66666666666667,3,1,1,1,3,2258,1331,927,230,700,1558,6.55564357838795,6.89568745304283,6.06740366774541,6.08804347826087,6.68430714285715,6.49783581514763,180
"199",2019,1,6.374,20,6.58333333333333,6.06,6,6.32666666666667,6.38235294117647,12,8,2,3,17,2278,1343,935,232,703,1575,6.55404881474978,6.8928965003723,6.06734032085561,6.08728448275862,6.68278093883357,6.49658933333334,181
"200",2019,2,6.70833333333333,6,6.75,6.66666666666667,NA,6.5,6.75,3,3,0,1,5,2284,1346,938,232,704,1580,6.55445411558669,6.8925780089153,6.06925714285714,6.08728448275862,6.68252130681818,6.49739126582279,182
"201",2019,3,6.75,10,6.6,6.9,5.5,7,6.72222222222222,5,5,2,1,9,2294,1351,943,234,705,1589,6.55530653879686,6.89149518874907,6.0736619300106,6.08226495726496,6.68297163120568,6.49866469477659,183
"202",2019,4,6.2,10,6.76,5.64,6,6,6.25,5,5,2,2,8,2304,1356,948,236,707,1597,6.55376440972222,6.89101032448378,6.0713746835443,6.08156779661017,6.6810396039604,6.49741903569192,184
"203",2019,5,6.8,6,8.26666666666667,5.33333333333333,NA,7.8,6.6,3,3,0,1,5,2310,1359,951,236,708,1602,6.55440398268398,6.89404709345107,6.06904647739222,6.08156779661017,6.68262005649718,6.49773920099875,185
"204",2019,6,6.6,5,6.75,6,NA,6.66666666666667,6.5,4,1,0,3,2,2315,1363,952,236,711,1604,6.55450246220302,6.89362435803375,6.06897394957983,6.08156779661017,6.68255274261604,6.49774201995013,186
"205",2019,7,7.05,8,7.42,6.43333333333333,NA,7,7.05714285714286,5,3,0,1,7,2323,1368,955,236,712,1611,6.5562088678433,6.89554824561403,6.07011853403141,6.08156779661017,6.68299859550562,6.50017268777157,187
"206",2019,8,6.98,10,6.8,7.25,7,7,6.97142857142857,6,4,1,3,7,2333,1374,959,237,715,1618,6.55802537505358,6.89513100436681,6.07503983315954,6.08544303797468,6.68432867132867,6.50221149567367,188
"207",2019,9,7.257778,5,7.32963,7.15,6.8,7,7.3222225,3,2,1,1,4,2338,1377,961,238,716,1622,6.55952185201026,6.89607762527233,6.07727700312175,6.08844537815126,6.68476955307263,6.50423371763255,189
"208",2019,10,7.3625,8,7.48333333333333,7,NA,NA,7.3625,6,2,0,0,8,2346,1383,963,238,716,1630,6.56226005541347,6.89862537237889,6.07919335410176,6.08844537815126,6.68476955307263,6.50844606748466,190
"209",2019,11,6.66666666666667,9,6.9,6.375,7,NA,6.66666666666667,5,4,1,0,9,2355,1388,967,239,716,1639,6.56265906157112,6.89863032420749,6.08041695966908,6.09225941422594,6.68476955307263,6.50931488102502,191
"210",2019,12,6.05714285714286,14,6.8,5.64444444444444,6.4,6.43333333333333,5.95454545454545,5,9,2,3,11,2369,1393,976,241,719,1650,6.55967162937948,6.89827630294329,6.07639672131147,6.0948132780083,6.68372044506259,6.50561641818182,192
"211",2020,1,6.96428571428571,14,6.85,7.25,NA,6.66666666666667,7.04545454545455,10,4,0,3,11,2383,1403,980,241,722,1661,6.56204871590432,6.89793220955096,6.08118693877551,6.0948132780083,6.68364958448754,6.5091915051174,193
"212",2020,2,6.5,10,6.625,6,6,7,6.375,8,2,1,2,8,2393,1411,982,242,724,1669,6.56178942331801,6.89638475549256,6.0810215885947,6.09442148760331,6.68452348066299,6.50854828639904,194
"213",2020,3,7.060625,6,7.27275,6,NA,NA,7.060625,5,1,0,0,6,2399,1416,983,242,724,1675,6.56303703209671,6.89771372881356,6.08093916581892,6.09442148760331,6.68452348066299,6.51052587462687,195
"214",2020,4,6.3,5,6.25,6.5,6,6,6.375,4,1,1,1,4,2404,1420,984,243,725,1679,6.56248995008319,6.89588918309859,6.0813650406504,6.0940329218107,6.68357931034483,6.51020300178678,196
"215",2020,5,7.33333333333333,6,7.6,6,NA,8,7.2,5,1,0,1,5,2410,1425,985,243,726,1684,6.56440906224066,6.89835974736842,6.08128243654822,6.0940329218107,6.68539256198347,6.51225109263658,197
"216",2020,6,6.91333333333333,6,6.91333333333333,NA,NA,NA,6.91333333333333,6,0,0,0,6,2416,1431,985,243,726,1690,6.56527559602649,6.89842252969951,6.08128243654822,6.0940329218107,6.68539256198347,6.51367505325444,198
"217",2020,7,6.46875,8,6.5,6.375,6.375,6.75,6.3,6,2,2,3,5,2424,1437,987,245,729,1695,6.56495702970297,6.89675897007655,6.0818776089159,6.09632653061224,6.68565843621399,6.51304474336283,199
"218",2020,8,6.45454545454545,11,6.71428571428571,6,6,7,6.4,7,4,2,1,10,2435,1444,991,247,730,1705,6.56445825051335,6.89587440443213,6.08154712411705,6.09554655870445,6.68608904109589,6.51238172434018,200
"219",2020,9,6.16666666666667,6,6.33333333333333,6,6.5,8,5.8,3,3,2,1,5,2441,1447,994,249,731,1710,6.56348047521507,6.89470811333794,6.08130100603621,6.09879518072289,6.68788645690835,6.51029873684211,201
"220",2020,10,6.66666666666667,6,7,6,NA,7,6.6,4,2,0,1,5,2447,1451,996,249,732,1715,6.5637334859011,6.89499837353549,6.08113775100401,6.09879518072289,6.68831284153006,6.51056025655977,202
"221",2020,11,7.16666666666667,6,7.4,6,6,NA,7.16666666666667,5,1,1,0,6,2453,1456,997,250,732,1721,6.56520825112107,6.89673258241758,6.08105636910732,6.0984,6.68831284153006,6.51284766995933,203
"222",2020,12,7.14285714285714,7,7.4,6.5,NA,6,7.33333333333333,5,2,0,1,6,2460,1461,999,250,733,1727,6.56685196747967,6.89845492128679,6.08189509509509,6.0984,6.68737380627558,6.51569822814129,204
"223",2021,1,6.5,9,6.4,6.625,7,6.66666666666667,6.41666666666667,5,4,1,3,6,2469,1466,1003,251,736,1733,6.56660827865532,6.89675487039563,6.08406101694915,6.10199203187251,6.68728940217392,6.51535536064628,205
"224",2021,2,6.95714285714286,7,7.8,5.83333333333333,5.5,9.7,6.5,4,3,2,1,6,2476,1470,1006,253,737,1739,6.56771237479806,6.89921268027211,6.08331332007952,6.09723320158103,6.69137720488467,6.51530238067855,206
"225",2021,3,6.38,10,6.47777777777778,5.5,NA,6.5,6.35,9,1,0,2,8,2486,1479,1007,253,739,1747,6.56695729686243,6.89664816768086,6.08273406156902,6.09723320158103,6.69085926928282,6.51454541499714,207
"226",2021,4,7.1,6,7.1,NA,NA,NA,7.1,6,0,0,0,6,2492,1485,1007,253,739,1753,6.56824070626003,6.89746979124579,6.08273406156902,6.09723320158103,6.69085926928282,6.51654925270964,208
"227",2021,5,5.96,5,5.7,7,NA,7,5.7,4,1,0,1,4,2497,1489,1008,253,740,1757,6.56702276331598,6.89425294828744,6.08364404761905,6.09723320158103,6.69127702702703,6.5146902902675,209
"228",2021,6,6.7625,8,7.18333333333333,5.5,6,7.5,6.51666666666667,6,2,1,2,6,2505,1495,1010,254,742,1763,6.56764704191617,6.89541313712374,6.08248831683168,6.09685039370079,6.69345687331537,6.51469701644923,210
"229",2021,7,6,2,NA,6,NA,NA,6,0,2,0,0,2,2507,1495,1012,254,742,1765,6.56719419226167,6.89541313712374,6.08232529644269,6.09685039370079,6.69345687331537,6.51411379036827,211
"230",2021,8,7.1,5,7.5,7,7,NA,7.1,1,4,1,0,5,2512,1496,1016,255,742,1770,6.56825471337579,6.89581727272727,6.08593818897638,6.10039215686274,6.69345687331537,6.51576883615819,212
"231",2021,9,4,2,NA,4,7,1,7,0,2,1,1,1,2514,1496,1018,256,743,1771,6.56621155131265,6.89581727272727,6.08184007858546,6.10390625,6.68579407806191,6.51604225861095,213
"232",2021,10,7,5,6.875,7.5,NA,6,7.25,4,1,0,1,4,2519,1500,1019,256,744,1775,6.56707258435887,6.89576176,6.08323179587831,6.10390625,6.68487231182796,6.51769624788732,214
"233",2021,11,6.4375,8,6.83333333333333,6.2,6,6.25,6.5,3,5,3,2,6,2527,1503,1024,259,746,1781,6.56666238227147,6.89563715236194,6.083801953125,6.1027027027027,6.68370643431636,6.51763663110612,215
"234",2021,12,7.44222222222222,9,6.87,7.9,NA,7,7.4975,4,5,0,1,8,2536,1507,1029,259,747,1789,6.56976965299684,6.89556910418049,6.09262701652089,6.1027027027027,6.68412985274431,6.52201835662381,216
"235",2022,1,6.58666666666667,15,6.96666666666667,6.01666666666667,7,6.55,6.61111111111111,9,6,1,6,9,2551,1516,1035,260,753,1798,6.56986900823206,6.89599118733509,6.09218666666666,6.10615384615385,6.68306108897743,6.52246431590656,217
"236",2022,2,6.36363636363636,11,6.75,5.33333333333333,NA,6.625,6.21428571428571,8,3,0,4,7,2562,1524,1038,260,757,1805,6.56898354410616,6.89522482939632,6.08999344894027,6.10615384615385,6.68275429326288,6.5212691634349,218
"237",2022,3,6.785,4,7.5,6.07,6,6.14,7,2,2,1,1,3,2566,1526,1040,261,758,1808,6.56932028059236,6.89601745740498,6.089955,6.10574712643678,6.6820382585752,6.52206351769911,219
"238",2022,4,7,7,6.625,7.5,NA,8,6.83333333333333,4,3,0,1,6,2573,1530,1043,261,759,1814,6.57049197046249,6.89530891503268,6.09401073825503,6.10574712643678,6.68377470355732,6.52309307607497,220
"239",2022,5,6.95714285714286,7,6.78333333333333,8,NA,7.35,6.8,6,1,0,2,5,2580,1536,1044,261,761,1819,6.57154102325581,6.89487151041667,6.09583639846743,6.10574712643678,6.68552562417872,6.52385422759758,221
"240",2022,6,6.27777777777778,9,6.625,6,6.5,NA,6.27777777777778,4,5,1,0,9,2589,1540,1049,262,761,1828,6.57051983005021,6.89417054545454,6.09537959961868,6.10725190839695,6.68552562417872,6.52264269146608,222
"241",2022,7,6.36111111111111,9,6.45,6.25,5,6.41666666666667,6.33333333333333,5,4,1,3,6,2598,1545,1053,263,764,1834,6.56979439568899,6.89273310032362,6.09596695156695,6.10304182509506,6.68446989528796,6.52202335877863,223
"242",2022,8,7.55,6,7.825,7,7,7.15,7.75,4,2,1,2,4,2604,1549,1055,264,766,1838,6.57205293394777,6.89514050355068,6.09768075829384,6.10643939393939,6.68568537859008,6.52469577801959,224
"243",2022,9,7.14,10,7.14,7.14,NA,6.3,7.7,5,5,0,4,6,2614,1554,1060,264,770,1844,6.57422564651874,6.89592833976834,6.10259735849056,6.10643939393939,6.68368181818182,6.52851997830803,225
"244",2022,10,6.9375,8,7.66666666666667,6.5,6.5,7.75,6.66666666666667,3,5,2,2,6,2622,1557,1065,266,772,1850,6.57533403508772,6.89741338471419,6.10446309859155,6.1093984962406,6.68644430051814,6.52896802162162,226
"245",2022,11,6.49,10,7.225,6,7,6.5,6.4875,4,6,2,2,8,2632,1561,1071,268,774,1858,6.57500981762918,6.89825281229981,6.10387787114846,6.1160447761194,6.68596253229974,6.52878947255113,227
"246",2022,12,7.03333333333333,12,7.12857142857143,6.9,NA,7.85,6.625,7,5,0,4,8,2644,1568,1076,268,778,1866,6.57708995461422,6.89928102040816,6.10757732342007,6.1160447761194,6.69194730077121,6.52920195069668,228
