"","year","month","avg_rating","no_ratings","avg_rating_owned","avg_rating_not_owned","avg_rating_prev_owned","avg_rating_comment","avg_rating_no_comment","no_ratings_owned","no_ratings_not_owned","no_ratings_prev_owned","no_ratings_comment","no_ratings_no_comment","cum_no_ratings","cum_no_ratings_owned","cum_no_ratings_not_owned","cum_no_ratings_prev_owned","cum_no_ratings_comment","cum_no_ratings_no_comment","cum_avg_rating","cum_avg_rating_owned","cum_avg_rating_not_owned","cum_avg_rating_prev_owned","cum_avg_rating_comment","cum_avg_rating_no_comment","month_after_release"
"1",2001,6,6.66666666666667,6,6,8,7,NA,6.66666666666667,4,2,1,0,6,6,4,2,1,0,6,6.66666666666667,6,8,7,NA,6.66666666666667,1
"2",2001,8,6.16666666666667,6,6.5,5.5,NA,6.33333333333333,6,4,2,0,3,3,12,8,4,1,3,9,6.41666666666667,6.25,6.75,7,6.33333333333333,6.44444444444444,3
"3",2001,9,6.66666666666667,3,7,6,NA,NA,6.66666666666667,2,1,0,0,3,15,10,5,1,3,12,6.46666666666667,6.4,6.6,7,6.33333333333333,6.5,4
"4",2001,10,7,1,7,NA,NA,NA,7,1,0,0,0,1,16,11,5,1,3,13,6.5,6.45454545454545,6.6,7,6.33333333333333,6.53846153846154,5
"5",2001,11,6.25,4,6.25,NA,NA,7,6,4,0,0,1,3,20,15,5,1,4,16,6.45,6.4,6.6,7,6.5,6.4375,6
"6",2001,12,5.5,2,7,4,NA,4,7,1,1,0,1,1,22,16,6,1,5,17,6.36363636363636,6.4375,6.16666666666667,7,6,6.47058823529412,7
"7",2002,1,8.5,2,8.5,NA,NA,NA,8.5,2,0,0,0,2,24,18,6,1,5,19,6.54166666666667,6.66666666666667,6.16666666666667,7,6,6.68421052631579,8
"8",2002,2,7,6,6.75,7.5,8,7.5,6.75,4,2,1,2,4,30,22,8,2,7,23,6.63333333333333,6.68181818181818,6.5,7.5,6.42857142857143,6.69565217391304,9
"9",2002,3,5.66666666666667,3,5.66666666666667,NA,NA,4,6.5,3,0,0,1,2,33,25,8,2,8,25,6.54545454545455,6.56,6.5,7.5,6.125,6.68,10
"10",2002,4,7.66666666666667,3,7.5,8,NA,7.5,8,2,1,0,2,1,36,27,9,2,10,26,6.63888888888889,6.62962962962963,6.66666666666667,7.5,6.4,6.73076923076923,11
"11",2002,5,7,2,7,NA,NA,7,7,2,0,0,1,1,38,29,9,2,11,27,6.65789473684211,6.6551724137931,6.66666666666667,7.5,6.45454545454545,6.74074074074074,12
"12",2002,6,4.5,4,5.5,3.5,5,NA,4.5,2,2,1,0,4,42,31,11,3,11,31,6.45238095238095,6.58064516129032,6.09090909090909,6.66666666666667,6.45454545454545,6.45161290322581,13
"13",2002,7,6.11111111111111,9,6.375,4,NA,NA,6.11111111111111,8,1,0,0,9,51,39,12,3,11,40,6.3921568627451,6.53846153846154,5.91666666666667,6.66666666666667,6.45454545454545,6.375,14
"14",2002,8,7.11111111111111,9,7.14285714285714,7,NA,7.5,7,7,2,0,2,7,60,46,14,3,13,47,6.5,6.6304347826087,6.07142857142857,6.66666666666667,6.61538461538461,6.46808510638298,15
"15",2002,9,6.3,5,5.33333333333333,7.75,7,6.25,6.33333333333333,3,2,1,2,3,65,49,16,4,15,50,6.48461538461538,6.55102040816327,6.28125,6.75,6.56666666666667,6.46,16
"16",2002,10,6.75,4,6.75,NA,NA,8,6.33333333333333,4,0,0,1,3,69,53,16,4,16,53,6.5,6.56603773584906,6.28125,6.75,6.65625,6.45283018867925,17
"17",2002,11,6.6,5,6.6,NA,NA,NA,6.6,5,0,0,0,5,74,58,16,4,16,58,6.50675675675676,6.56896551724138,6.28125,6.75,6.65625,6.46551724137931,18
"18",2002,12,5,2,4,6,NA,NA,5,1,1,0,0,2,76,59,17,4,16,60,6.46710526315789,6.52542372881356,6.26470588235294,6.75,6.65625,6.41666666666667,19
"19",2003,1,6.5,4,6.66666666666667,6,6,6,6.66666666666667,3,1,1,1,3,80,62,18,5,17,63,6.46875,6.53225806451613,6.25,6.6,6.61764705882353,6.42857142857143,20
"20",2003,2,6.14285714285714,7,6.5,5.66666666666667,7,3,6.66666666666667,4,3,2,1,6,87,66,21,7,18,69,6.44252873563218,6.53030303030303,6.16666666666667,6.71428571428571,6.41666666666667,6.44927536231884,21
"21",2003,3,7.5,4,7.5,NA,NA,8.5,6.5,4,0,0,2,2,91,70,21,7,20,71,6.48901098901099,6.58571428571429,6.16666666666667,6.71428571428571,6.625,6.45070422535211,22
"22",2003,4,6.85714285714286,7,7.2,6,5,6,7.2,5,2,1,2,5,98,75,23,8,22,76,6.51530612244898,6.62666666666667,6.15217391304348,6.5,6.56818181818182,6.5,23
"23",2003,5,7.03333333333333,15,7.3125,6.71428571428571,8,7.16666666666667,6.94444444444444,8,7,2,6,9,113,83,30,10,28,85,6.58407079646018,6.69277108433735,6.28333333333333,6.8,6.69642857142857,6.54705882352941,24
"24",2003,6,6.63636363636364,11,6.2,7,7,6.5,6.66666666666667,5,6,1,2,9,124,88,36,11,30,94,6.58870967741935,6.66477272727273,6.40277777777778,6.81818181818182,6.68333333333333,6.55851063829787,25
"25",2003,7,6.26666666666667,30,6.88095238095238,4.83333333333333,NA,5.41666666666667,6.47916666666667,21,9,0,6,24,154,109,45,11,36,118,6.52597402597403,6.70642201834862,6.08888888888889,6.81818181818182,6.47222222222222,6.54237288135593,26
"26",2003,8,6.72727272727273,22,6.88235294117647,6.2,5,7.5,6.4375,17,5,1,6,16,176,126,50,12,42,134,6.55113636363636,6.73015873015873,6.1,6.66666666666667,6.61904761904762,6.52985074626866,27
"27",2003,9,6.40666666666667,15,7.01428571428571,5.875,7,7.01666666666667,6,7,8,1,6,9,191,133,58,13,48,143,6.53979057591623,6.74511278195489,6.06896551724138,6.69230769230769,6.66875,6.4965034965035,28
"28",2003,10,7.3875,8,7,8.03333333333333,NA,7.05,7.5,5,3,0,2,6,199,138,61,13,50,149,6.57386934673367,6.75434782608696,6.1655737704918,6.69230769230769,6.684,6.53691275167785,29
"29",2003,11,6.5,2,6.5,NA,NA,6,7,2,0,0,1,1,201,140,61,13,51,150,6.57313432835821,6.75071428571429,6.1655737704918,6.69230769230769,6.67058823529412,6.54,30
"30",2003,12,6.45833333333333,12,6.72222222222222,5.66666666666667,6.5,5.66666666666667,6.72222222222222,9,3,2,3,9,213,149,64,15,54,159,6.56666666666667,6.7489932885906,6.1421875,6.66666666666667,6.61481481481482,6.55031446540881,31
"31",2004,1,6.70588235294118,17,6.77777777777778,6.625,7.5,6.66666666666667,6.72727272727273,9,8,2,6,11,230,158,72,17,60,170,6.57695652173913,6.7506329113924,6.19583333333333,6.76470588235294,6.62,6.56176470588235,32
"32",2004,2,7,15,7.15384615384615,6,NA,6.66666666666667,7.08333333333333,13,2,0,3,12,245,171,74,17,63,182,6.60285714285714,6.7812865497076,6.19054054054054,6.76470588235294,6.62222222222222,6.59615384615385,33
"33",2004,3,7.28,15,7.27272727272727,7.3,NA,7.33333333333333,7.24444444444444,11,4,0,6,9,260,182,78,17,69,191,6.64192307692308,6.81098901098901,6.2474358974359,6.76470588235294,6.68405797101449,6.62670157068063,34
"34",2004,4,6.5,10,6.5,NA,NA,7,6.28571428571429,10,0,0,3,7,270,192,78,17,72,198,6.63666666666667,6.79479166666667,6.2474358974359,6.76470588235294,6.69722222222222,6.61464646464646,35
"35",2004,5,5.94444444444444,9,6.25,5.7,NA,5.5,6.16666666666667,4,5,0,3,6,279,196,83,17,75,204,6.61433691756272,6.78367346938775,6.2144578313253,6.76470588235294,6.64933333333333,6.60147058823529,36
"36",2004,6,6.54545454545455,11,6.8,4,NA,8,6.22222222222222,10,1,0,2,9,290,206,84,17,77,213,6.61172413793103,6.78446601941747,6.18809523809524,6.76470588235294,6.68441558441558,6.58544600938967,37
"37",2004,7,6.83333333333333,12,7.28571428571429,6.2,7,7,6.75,7,5,1,4,8,302,213,89,18,81,221,6.6205298013245,6.80093896713615,6.18876404494382,6.77777777777778,6.7,6.59140271493213,38
"38",2004,8,6.61111111111111,9,6.78571428571429,6,NA,7,6.5,7,2,0,2,7,311,220,91,18,83,228,6.62025723472669,6.80045454545454,6.18461538461538,6.77777777777778,6.70722891566265,6.58859649122807,39
"39",2004,9,6.95833333333333,12,7.0625,6.75,7,7,6.9375,8,4,2,4,8,323,228,95,20,87,236,6.6328173374613,6.80964912280702,6.20842105263158,6.8,6.72068965517241,6.60042372881356,40
"40",2004,10,6.416,25,6.7125,5.88888888888889,5.66666666666667,6.49090909090909,6.35714285714286,16,9,3,11,14,348,244,104,23,98,250,6.61724137931034,6.80327868852459,6.18076923076923,6.65217391304348,6.69489795918367,6.5868,41
"41",2004,11,6.71875,16,7.25,6.1875,6.33333333333333,6.64285714285714,6.77777777777778,8,8,3,7,9,364,252,112,26,105,259,6.6217032967033,6.81746031746032,6.18125,6.61538461538461,6.69142857142857,6.59343629343629,42
"42",2004,12,6.31818181818182,22,6.65625,5.41666666666667,5,6,6.58333333333333,16,6,1,10,12,386,268,118,27,115,271,6.60440414507772,6.80783582089552,6.14237288135593,6.55555555555556,6.63130434782609,6.5929889298893,43
"43",2005,1,6.47058823529412,17,6.75,5.8,NA,6,6.66666666666667,12,5,0,5,12,403,280,123,27,120,283,6.59875930521092,6.80535714285714,6.12845528455285,6.55555555555556,6.605,6.59611307420495,44
"44",2005,2,6.75,25,7.13235294117647,5.9375,NA,6.52083333333333,6.96153846153846,17,8,0,12,13,428,297,131,27,132,296,6.60759345794392,6.82407407407407,6.11679389312977,6.55555555555556,6.59734848484849,6.61216216216216,45
"45",2005,3,6.32352941176471,17,6.86363636363636,5.33333333333333,5.33333333333333,6.16666666666667,6.40909090909091,11,6,6,6,11,445,308,137,33,138,307,6.59674157303371,6.82548701298701,6.08248175182482,6.33333333333333,6.5786231884058,6.60488599348534,46
"46",2005,4,6.2,15,6.58333333333333,4.66666666666667,6,6.25,6.18181818181818,12,3,1,4,11,460,320,140,34,142,318,6.58380434782609,6.81640625,6.05214285714286,6.32352941176471,6.5693661971831,6.59025157232704,47
"47",2005,5,6.43529411764706,17,6.7,6.05714285714286,5,6.6,6.36666666666667,10,7,1,5,12,477,330,147,35,147,330,6.57851153039832,6.81287878787879,6.05238095238095,6.28571428571429,6.57040816326531,6.58212121212121,48
"48",2005,6,6.27368421052632,19,6.26666666666667,6.28571428571429,6,6.2,6.3,12,7,1,5,14,496,342,154,36,152,344,6.56683467741935,6.7937134502924,6.06298701298701,6.27777777777778,6.55822368421053,6.57063953488372,49
"49",2005,7,7.14285714285714,7,7.875,6.16666666666667,6,6.875,7.5,4,3,1,4,3,503,346,157,37,156,347,6.57485089463221,6.80621387283237,6.06496815286624,6.27027027027027,6.56634615384615,6.57867435158501,50
"50",2005,8,6.25,16,7.07142857142857,5.61111111111111,7,6.45,5.91666666666667,7,9,1,10,6,519,353,166,38,166,353,6.56483622350674,6.8114730878187,6.04036144578313,6.28947368421053,6.55933734939759,6.56742209631728,51
"51",2005,9,6.6,13,6.9125,6.1,7,6.92857142857143,6.21666666666667,8,5,2,7,6,532,361,171,40,173,359,6.5656954887218,6.81371191135734,6.04210526315789,6.325,6.5742774566474,6.56155988857939,52
"52",2005,10,6.31578947368421,19,6.625,5.78571428571429,4.25,6.88888888888889,5.8,12,7,2,9,10,551,373,178,42,182,369,6.5570780399274,6.80764075067024,6.03202247191011,6.22619047619048,6.58983516483516,6.54092140921409,53
"53",2005,11,5.64814814814815,27,6.13333333333333,5.04166666666667,4,6.27777777777778,5.33333333333333,15,12,3,9,18,578,388,190,45,191,387,6.51461937716263,6.78157216494845,5.96947368421053,6.07777777777778,6.57513089005236,6.48475452196382,54
"54",2005,12,6.125,16,6.45,5.58333333333333,6,6.3,6.04545454545455,10,6,1,5,11,594,398,196,46,196,398,6.50412457912458,6.77324120603015,5.95765306122449,6.07608695652174,6.56811224489796,6.47261306532663,55
"55",2006,1,6.40217391304348,23,6.703125,5.71428571428571,7,6.475,6.34615384615385,16,7,1,10,13,617,414,203,47,206,411,6.50032414910859,6.77053140096618,5.94926108374384,6.09574468085106,6.56359223300971,6.46861313868613,56
"56",2006,2,6.5,8,7.4,5,NA,6.66666666666667,6.4,5,3,0,3,5,625,419,206,47,209,416,6.50032,6.77804295942721,5.93543689320388,6.09574468085106,6.56507177033493,6.46778846153846,57
"57",2006,3,6.09523809523809,21,6.21428571428571,5.85714285714286,7,6.14285714285714,6.07142857142857,14,7,1,7,14,646,433,213,48,216,430,6.48715170278638,6.75981524249423,5.93286384976526,6.11458333333333,6.55138888888889,6.45488372093023,58
"58",2006,4,6.46666666666667,15,6.875,6,6.5,6.57142857142857,6.375,8,7,2,7,8,661,441,220,50,223,438,6.48668683812405,6.76190476190476,5.935,6.13,6.55201793721973,6.45342465753425,59
"59",2006,5,6.5,9,6.5625,6,6,7.16666666666667,6.16666666666667,8,1,1,3,6,670,449,221,51,226,444,6.48686567164179,6.75835189309577,5.93529411764706,6.12745098039216,6.56017699115044,6.44954954954955,60
"60",2006,6,6.79166666666667,12,7.07142857142857,6.4,NA,7.3,6.42857142857143,7,5,0,5,7,682,456,226,51,231,451,6.49222873900293,6.76315789473684,5.94557522123894,6.12745098039216,6.57619047619048,6.44922394678492,61
"61",2006,7,5.97058823529412,17,6.5,5.375,5.5,6.16666666666667,5.92857142857143,9,8,4,3,14,699,465,234,55,234,465,6.47954220314735,6.75806451612903,5.92606837606838,6.08181818181818,6.57094017094017,6.43354838709677,62
"62",2006,8,6.14166666666667,12,6.5875,5.25,6,6.675,5.875,8,4,1,4,8,711,473,238,56,238,473,6.47383966244726,6.75517970401691,5.91470588235294,6.08035714285714,6.57268907563025,6.42410147991543,63
"63",2006,9,6.51764705882353,17,6.52307692307692,6.5,6,6.475,6.55555555555556,13,4,2,8,9,728,486,242,58,246,482,6.47486263736264,6.74897119341564,5.92438016528926,6.07758620689655,6.56951219512195,6.42655601659751,64
"64",2006,10,6.82,20,7.49090909090909,6,6,7.41666666666667,6.56428571428571,11,9,1,6,14,748,497,251,59,252,496,6.48409090909091,6.76539235412475,5.92709163346614,6.07627118644068,6.58968253968254,6.4304435483871,65
"65",2006,11,5.99,10,5.5,6.31666666666667,5.9,5.975,6,4,6,1,4,6,758,501,257,60,256,502,6.47757255936675,6.75528942115769,5.93618677042802,6.07333333333333,6.580078125,6.42529880478088,66
"66",2006,12,6.625,24,6.91176470588235,5.92857142857143,7.125,7.14285714285714,6.41176470588235,17,7,4,7,17,782,518,264,64,263,519,6.48209718670077,6.76042471042471,5.93598484848485,6.1390625,6.59505703422053,6.42485549132948,67
"67",2007,1,6.15,20,6.59090909090909,5.61111111111111,NA,5.85714285714286,6.30769230769231,11,9,0,7,13,802,529,273,64,270,532,6.47381546134663,6.75689981096408,5.92527472527473,6.1390625,6.57592592592593,6.42199248120301,68
"68",2007,2,6.14548913043478,23,7.285,5.26894230769231,5.5,5.75,6.35641666666667,10,13,2,8,15,825,539,286,66,278,547,6.46466212121212,6.76669758812616,5.89544143356643,6.11969696969697,6.55215827338129,6.42019424131627,69
"69",2007,3,5.745,20,6.44,5.05,5,5.49,6,10,10,2,10,10,845,549,296,68,288,557,6.44762869822485,6.76074681238616,5.86687922297297,6.08676470588235,6.51527777777778,6.41265035906643,70
"70",2007,4,6.65789473684211,19,6.63636363636364,6.6875,7,6.58333333333333,6.69230769230769,11,8,2,6,13,864,560,304,70,294,570,6.45225260416666,6.75830357142857,5.88847450657895,6.11285714285714,6.51666666666667,6.41902850877193,71
"71",2007,5,6.85188888888889,18,6.864625,6.75,NA,6.72233333333333,6.91666666666667,16,2,0,6,12,882,576,306,70,300,582,6.46040844671202,6.76125694444444,5.89410539215686,6.11285714285714,6.52078,6.42928908934708,72
"72",2007,6,6.71363636363636,22,6.91875,6.16666666666667,6.875,6.71428571428571,6.71333333333333,16,6,4,7,15,904,592,312,74,307,597,6.46657107300885,6.76551351351351,5.89934695512821,6.15405405405405,6.52519218241042,6.43642587939699,73
"73",2007,7,6.27037037037037,27,6.82142857142857,5.67692307692308,NA,6.29166666666667,6.25333333333333,14,13,0,12,15,931,606,325,74,319,612,6.46088104189044,6.76680528052805,5.89045,6.15405405405405,6.51640752351097,6.43193831699346,74
"74",2007,8,6.35185185185185,27,6.59375,6,6.25,6.3,6.38235294117647,16,11,2,10,17,958,622,336,76,329,629,6.45780819415449,6.7623536977492,5.89403645833333,6.15657894736842,6.50982978723404,6.43059817170111,75
"75",2007,9,6.70588235294118,17,6.68181818181818,6.75,NA,7,6.66666666666667,11,6,0,2,15,975,633,342,76,331,644,6.46213358974359,6.7609541864139,5.9090533625731,6.15657894736842,6.5127915407855,6.43609666149068,76
"76",2007,10,6.5258064516129,31,6.96111111111111,5.92307692307692,6,6.1875,6.64347826086957,18,13,5,8,23,1006,651,355,81,339,667,6.46409567594433,6.76648847926267,5.90956690140845,6.14691358024691,6.50511504424779,6.44324775112444,77
"77",2007,11,6.63793103448276,29,6.68421052631579,6.55,6.66666666666667,6.6,6.65238095238095,19,10,3,8,21,1035,670,365,84,347,688,6.46896642512077,6.7641552238806,5.92711301369863,6.16547619047619,6.50730259365994,6.44963117732558,78
"78",2007,12,6.17730769230769,26,6.59375,5.511,7.11,6.13636363636364,6.20733333333333,16,10,1,11,15,1061,686,375,85,358,703,6.46181927426955,6.76018075801749,5.91601666666667,6.17658823529412,6.49590502793296,6.44446123755334,79
"79",2008,1,6.24,25,6.52941176470588,5.625,6,6.66666666666667,6,17,8,2,9,16,1086,703,383,87,367,719,6.4567129373849,6.75460028449502,5.90993798955614,6.17252873563218,6.50009264305177,6.43457058414465,80
"80",2008,2,6.41666666666667,18,6.42307692307692,6.4,6,6.35,6.5,13,5,2,10,8,1104,716,388,89,377,727,6.45606000905797,6.74858100558659,5.91625322164949,6.16865168539326,6.49611140583555,6.43529057771664,81
"81",2008,3,6.3,21,6.175,6.7,NA,6.5375,6.15384615384615,16,5,0,8,13,1125,732,393,89,385,740,6.45314688888889,6.73604371584699,5.92622455470738,6.16865168539326,6.49697142857143,6.43034628378378,82
"82",2008,4,6.26842105263158,19,6.25,6.28181818181818,7,6.15714285714286,6.33333333333333,8,11,1,7,12,1144,740,404,90,392,752,6.45007888986014,6.73078918918919,5.93590655940594,6.17788888888889,6.49090306122449,6.42879820478723,83
"83",2008,5,6.17058823529412,17,6.24166666666667,6,6,6.33333333333333,5.9875,12,5,3,9,8,1161,752,409,93,401,760,6.44598643410853,6.72298404255319,5.93669009779951,6.17215053763441,6.48736658354115,6.42415296052632,84
"84",2008,6,6.49047619047619,21,6.89090909090909,6.05,5,6.58888888888889,6.41666666666667,11,10,1,9,12,1182,763,419,94,410,772,6.44677686125211,6.72540498034076,5.93939439140812,6.15968085106383,6.48959512195122,6.42403659326425,85
"85",2008,7,6.4,25,6.625,6.29411764705882,6.33333333333333,6.54545454545455,6.28571428571429,8,17,12,11,14,1207,771,436,106,421,786,6.445807995029,6.72436316472114,5.9532253440367,6.17933962264151,6.49105463182898,6.42157283715013,86
"86",2008,8,6.4,25,6.59090909090909,6.25,6.5,6.66666666666667,6.25,11,14,6,9,16,1232,782,450,112,430,802,6.44487844967532,6.72248593350384,5.96245833333333,6.19651785714286,6.49473023255814,6.41814993765586,87
"87",2008,9,6.01153846153846,26,6.26923076923077,5.75384615384615,6.04285714285714,5.6875,6.15555555555556,13,13,7,8,18,1258,795,463,119,438,820,6.4359222972973,6.71507421383648,5.95660097192225,6.18747899159664,6.47998630136987,6.41238567073171,88
"88",2008,10,6.28947368421053,19,6.55,6,6.33333333333333,6.16666666666667,6.34615384615385,10,9,3,6,13,1277,805,472,122,444,833,6.43374334377447,6.71302360248447,5.95742849576271,6.19106557377049,6.47575225225225,6.41135204081633,89
"89",2008,11,6.77272727272727,22,6.84615384615385,6.66666666666667,6,7.22222222222222,6.46153846153846,13,9,2,9,13,1299,818,481,124,453,846,6.43948441108545,6.71513936430318,5.97069906444907,6.18798387096774,6.49058278145696,6.41212322695035,90
"90",2008,12,6.26190476190476,21,6.75,5.96153846153846,6.625,6.95,5.63636363636364,8,13,4,10,11,1320,826,494,128,463,857,6.43665928030303,6.71547699757869,5.97045799595142,6.201640625,6.50050539956804,6.40216598599767,91
"91",2009,1,6.24,35,6.38181818181818,6,6.0625,6.16666666666667,6.295,22,13,8,15,20,1355,848,507,136,478,877,6.4315795202952,6.70682075471698,5.97121548323472,6.19345588235294,6.49002928870293,6.39972206385405,92
"92",2009,2,6.58888888888889,36,6.9375,6.31,6.7,5.8,6.89230769230769,16,20,5,10,26,1391,864,527,141,488,903,6.43565079079799,6.71109259259259,5.98407258064516,6.21141843971631,6.4758893442623,6.41390503875969,93
"93",2009,3,6.8125,48,7.06521739130435,6.58,6.2,7.05,6.75,23,25,10,10,38,1439,887,552,151,498,941,6.44822116052814,6.72027508455468,6.01106204710145,6.21066225165563,6.48741767068273,6.42747741764081,94
"94",2009,4,6.66470588235294,34,6.775,6.56666666666667,6.33333333333333,7.55714285714286,6.43333333333333,16,18,6,7,27,1473,903,570,157,505,968,6.45321809232858,6.72124473975637,6.02860745614035,6.21535031847134,6.50224554455446,6.42764075413223,95
"95",2009,5,6.02142857142857,28,6.58,5.71111111111111,6.42857142857143,5,6.43,10,18,7,8,20,1501,913,588,164,513,988,6.44516339107262,6.71969769989047,6.01888818027211,6.22445121951219,6.47881871345029,6.42768851214575,96
"96",2009,6,6.36060606060606,33,6.49565217391304,6.05,6,6.6125,6.28,23,10,5,8,25,1534,936,598,169,521,1013,6.44334436114733,6.71419230769231,6.01940844481605,6.21781065088757,6.48087140115163,6.42404368213228,97
"97",2009,7,6.44444444444444,18,6.375,6.5,6,6.4,6.46153846153846,8,10,5,5,13,1552,944,608,174,526,1026,6.44335711984536,6.71131779661017,6.02731291118421,6.21155172413793,6.48010266159696,6.42451876218324,98
"98",2009,8,6.16666666666667,21,6.85714285714286,5.82142857142857,5.66666666666667,6.25,6.14705882352941,7,14,6,4,17,1573,951,622,180,530,1043,6.4396632231405,6.71239116719243,6.0226788585209,6.19338888888889,6.47836603773585,6.41999640460211,99
"99",2009,9,5.92592592592593,27,6.625,5.63157894736842,6.61111111111111,6.35714285714286,5.775,8,19,9,7,20,1600,959,641,189,537,1063,6.43099390625,6.71166214807091,6.01108619344774,6.21328042328042,6.47678584729982,6.40786100658514,100
"100",2009,10,6.49736842105263,38,6.97142857142857,5.91176470588235,5.52222222222222,6.775,6.29545454545455,21,17,9,16,22,1638,980,658,198,553,1085,6.43253373015873,6.71722857142857,6.00852013677812,6.18186868686869,6.48541410488246,6.40558179723502,101
"101",2009,11,6.07619047619048,42,6.76,5.45454545454545,5.70833333333333,6.3125,5.93076923076923,20,22,12,16,26,1680,1000,680,210,569,1111,6.42362514880953,6.718084,5.99059742647059,6.15480952380952,6.48055184534271,6.3944700720072,102
"102",2009,12,6.60333333333333,30,6.665,6.48,6,6.7,6.56190476190476,20,10,5,9,21,1710,1020,690,215,578,1132,6.42677792397661,6.7170431372549,5.99769021739131,6.15120930232558,6.48396885813149,6.39757619257951,103
"103",2010,1,6.20571428571429,35,6.44666666666667,6.025,6,6.27272727272727,6.175,15,20,7,11,24,1745,1035,710,222,589,1156,6.42234398280802,6.71312463768116,5.99845950704225,6.14644144144144,6.48002376910017,6.39295523356401,104
"104",2010,2,6.2875,24,6.33,6.25714285714286,6.9,6.33333333333333,6.26,10,14,4,9,15,1769,1045,724,226,598,1171,6.42051455624647,6.70945837320574,6.00346167127072,6.15977876106195,6.47781605351171,6.39125213492741,105
"105",2010,3,6.375,22,6.83333333333333,6.05769230769231,6.1875,6.6,6.30882352941176,9,13,4,5,17,1791,1054,737,230,603,1188,6.41995547180346,6.71051612903226,6.00441824966079,6.16026086956522,6.47882918739635,6.3900726010101,106
"106",2010,4,6.8475,20,7.42,6.275,6.5,7.1,6.71153846153846,10,10,4,7,13,1811,1064,747,234,610,1201,6.42467711209277,6.71718421052631,6.00804049531459,6.16606837606838,6.48595737704918,6.39355224812656,107
"107",2010,5,6.815625,16,6.98,6.54166666666667,7,7.01,6.72727272727273,10,6,1,5,11,1827,1074,753,235,615,1212,6.42810084838533,6.7196312849162,6.01229249667995,6.1696170212766,6.49021788617886,6.39658106435644,108
"108",2010,6,6.83333333333333,9,7.33333333333333,6.58333333333333,7,7,6.75,3,6,2,3,6,1836,1077,759,237,618,1218,6.43008728213508,6.72134076137419,6.01680665349144,6.17662447257384,6.49269255663431,6.39832204433497,109
"109",2010,7,5.88461538461539,13,5.91666666666667,5.85714285714286,6,6,5.875,6,7,5,1,12,1849,1083,766,242,619,1230,6.42625216333153,6.71688273314866,6.0153475848564,6.17297520661157,6.49189660743134,6.39321646341463,110
"110",2010,8,6.07058823529412,17,6.03333333333333,6.1125,6.35,6.4,6.05,9,8,4,1,16,1866,1092,774,246,620,1246,6.4230119239014,6.71124908424908,6.01635174418605,6.17585365853659,6.49174838709678,6.3888091894061,111
"111",2010,9,6.17777777777778,18,6.92727272727273,5,5,7,5.76666666666667,11,7,3,6,12,1884,1103,781,249,626,1258,6.42066892250531,6.71340344514959,6.00724231754161,6.16168674698795,6.49661980830671,6.38287460254372,112
"112",2010,10,6.85714285714286,14,7.33333333333333,6.5,5.5,7.5,6.75,6,8,4,2,12,1898,1109,789,253,628,1270,6.42388843519494,6.71675743913435,6.0122385931559,6.15122529644269,6.4998152866242,6.38634350393701,113
"113",2010,11,6.32692307692308,26,6.53529411764706,5.93333333333333,7,7.53333333333333,6.1695652173913,17,9,1,3,23,1924,1126,798,254,631,1293,6.42257809251559,6.71401776198934,6.01134868421053,6.15456692913386,6.50472900158479,6.38248743232792,114
"114",2010,12,6.47727272727273,22,6.825,6.1875,6.17857142857143,7.2,6.26470588235294,10,12,7,5,17,1946,1136,810,261,636,1310,6.42319642857143,6.71499471830986,6.01395833333333,6.15521072796935,6.51019496855346,6.38095896946565,115
"115",2011,1,6.545,20,6.75,6.40833333333333,5.66666666666667,7,6.49444444444444,8,12,3,2,18,1966,1144,822,264,638,1328,6.42443552899288,6.71523951048951,6.01971563260341,6.14965909090909,6.51173040752351,6.38249717620482,116
"116",2011,2,6.16666666666667,21,7,5.83333333333333,6.66666666666667,6.2,6.15625,6,15,3,5,16,1987,1150,837,267,643,1344,6.42171124811273,6.7167252173913,6.01637544802867,6.15546816479401,6.50930637636081,6.37980375744047,117
"117",2011,3,6.25555555555556,18,6,6.41818181818182,6.5,6.4,6.2,7,11,2,5,13,2005,1157,848,269,648,1357,6.42021957605985,6.71238893690579,6.02158755896227,6.15802973977695,6.50846296296296,6.37808124539425,118
"118",2011,4,6.15384615384615,13,6.28571428571429,6,5.66666666666667,7,6,7,6,3,2,11,2018,1164,854,272,650,1368,6.41850359266601,6.70982302405498,6.02143588992974,6.15261029411765,6.50997538461539,6.37504111842105,119
"119",2011,5,6.71428571428571,14,6.5,7,7.5,7.16666666666667,6.59090909090909,8,6,1,3,11,2032,1172,860,273,653,1379,6.42054146161418,6.70839078498293,6.02826308139535,6.15754578754579,6.51299234303216,6.37676305293691,120
"120",2011,6,5.89705882352941,17,6.675,4.78571428571429,4,6.3125,5.76923076923077,10,7,1,4,13,2049,1182,867,274,657,1392,6.41619826744754,6.70810829103215,6.01823096885813,6.14967153284671,6.51177168949772,6.37108926005747,121
"121",2011,7,6.1,14,5.57142857142857,6.62857142857143,7.5,6.08,6.11111111111111,7,7,1,5,9,2063,1189,874,275,662,1401,6.41405247212797,6.70141631623213,6.0231192791762,6.15458181818182,6.50851057401813,6.36941916488223,122
"122",2011,8,6.76428571428571,14,7.17142857142857,6.35714285714286,6.5,6,6.89166666666667,7,7,2,2,12,2077,1196,881,277,664,1413,6.41641321617718,6.70416722408027,6.02577326901249,6.15707581227437,6.50697891566265,6.37385438782732,123
"123",2011,9,5.83333333333333,6,5.5,6,6.33333333333333,NA,5.83333333333333,2,4,3,0,6,2083,1198,885,280,664,1419,6.41473367738838,6.70215692821369,6.02565677966102,6.15896428571429,6.50697891566265,6.37156888653982,124
"124",2011,10,6.44285714285714,21,6.64,5.95,5.95,6.33333333333333,6.48666666666667,15,6,6,6,15,2104,1213,891,286,670,1434,6.41501437737643,6.70138829348722,6.02514730639731,6.15458041958042,6.50542388059702,6.37277283821478,125
"125",2011,11,6.26,20,6.8375,5.875,NA,7,5.94285714285714,8,12,0,6,14,2124,1221,903,286,676,1448,6.41355473163842,6.7022800982801,6.02315199335548,6.15458041958042,6.50981360946746,6.36861619475138,126
"126",2011,12,6.175,20,7.15,5.2,3.5,6.57142857142857,5.96153846153846,10,10,2,7,13,2144,1231,913,288,683,1461,6.41132940764926,6.70591714053615,6.0141360898138,6.13614583333333,6.51044509516838,6.3649940109514,127
"127",2012,1,6.11904761904762,21,6.65,5.63636363636364,6,6.9,5.875,10,11,2,5,16,2165,1241,924,290,688,1477,6.40849434180139,6.70546655922643,6.0096387987013,6.13520689655172,6.5132761627907,6.35968601895734,128
"128",2012,2,6.35789473684211,19,6.4,6.28571428571429,6.66666666666667,7,6.2375,12,7,3,3,16,2184,1253,931,293,691,1493,6.40805414377289,6.70254110135674,6.01171455424275,6.14064846416382,6.51538929088278,6.35837659075686,129
"129",2012,3,6.31176470588235,17,6.33076923076923,6.25,5,7.8,6.21875,13,4,1,1,16,2201,1266,935,294,692,1509,6.4073104270786,6.69872353870458,6.01273395721925,6.13676870748299,6.51724566473988,6.35689612326044,130
"130",2012,4,5.76,15,6.12857142857143,5.4375,5.83333333333333,6.42,5.43,7,8,3,5,10,2216,1273,943,297,697,1519,6.4029288131769,6.69558837391987,6.00785392364793,6.1337037037037,6.51654806312769,6.35079410796576,131
"131",2012,5,6.51923076923077,13,6.5,6.54166666666667,6,6.75,6.47727272727273,7,6,1,2,11,2229,1280,949,298,699,1530,6.40360711081202,6.69451875,6.0112289251844,6.13325503355705,6.51721602288984,6.35170343137255,132
"132",2012,6,6.05714285714286,14,5.97142857142857,6.14285714285714,5.25,6.2,6,7,7,2,4,10,2243,1287,956,300,703,1540,6.40144460543914,6.69058585858585,6.01219273012552,6.12736666666667,6.51541109530583,6.34941964285714,133
"133",2012,7,6.16888888888889,9,7.5,5.78857142857143,6,NA,6.16888888888889,2,7,1,0,9,2252,1289,963,301,703,1549,6.40051520870337,6.69184173778122,6.01056723779855,6.12694352159468,6.51541109530583,6.34837072304713,134
"134",2012,8,6.74444444444444,9,6.75,6.74,6.66666666666667,7.4,6.41666666666667,4,5,3,3,6,2261,1293,968,304,706,1555,6.40188423264043,6.69202165506573,6.01433496900826,6.1322697368421,6.51916997167139,6.34863424437299,135
"135",2012,9,6.06428571428571,14,6.5,5.48333333333333,5.475,6,6.09,8,6,4,4,10,2275,1301,974,308,710,1565,6.3998067032967,6.69084089162182,6.01106391170431,6.12373376623377,6.51624507042254,6.34698162939297,136
"136",2012,10,6.17,20,6.27,6.07,6.14,6.2125,6.14166666666667,10,10,5,8,12,2295,1311,984,313,718,1577,6.39780403050109,6.68763081617086,6.01166285569106,6.12399361022364,6.51286072423398,6.3454193088142,137
"137",2012,11,6.11458333333333,24,6.425,5.89285714285714,6.2,6.25,6.0875,10,14,5,4,20,2319,1321,998,318,722,1597,6.39487289780078,6.68564269492808,6.00999624248497,6.12518867924528,6.51140443213296,6.34218926111459,138
"138",2012,12,6.58823529411765,17,6.90909090909091,6,6,7,6.5625,11,6,4,1,16,2336,1332,1004,322,723,1613,6.39628007277397,6.68748798798798,6.00993650398406,6.12363354037267,6.51208022130014,6.34437461252325,139
"139",2013,1,6.47272727272727,22,6.63571428571429,6.1875,6.5,7.95,6.325,14,8,4,2,20,2358,1346,1012,326,725,1633,6.39699332061069,6.68694947994056,6.01134016798419,6.12825153374233,6.51604689655172,6.34413732394366,140
"140",2013,2,6.70277777777778,18,7.07222222222222,6.33333333333333,6.25,7.23333333333333,6.59666666666667,9,9,4,3,15,2376,1355,1021,330,728,1648,6.39930986952862,6.68950848708487,6.01417850146915,6.12972727272727,6.51900274725275,6.34643583131068,141
"141",2013,3,6.14285714285714,7,7,5,NA,7,6,4,3,0,1,6,2383,1359,1024,330,729,1654,6.39855654637012,6.69042236938925,6.01120727539062,6.12972727272727,6.51966255144033,6.34517911124546,142
"142",2013,4,6.22,10,7.16666666666667,5.81428571428571,5.06666666666667,7.66666666666667,5.6,3,7,3,3,7,2393,1362,1031,333,732,1661,6.39781038445466,6.69147136563876,6.00987027158099,6.12015015015015,6.52436338797814,6.34203868151716,143
"143",2013,5,7.2,10,7.5,6.75,7,6.75,7.3125,6,4,1,2,8,2403,1368,1035,334,734,1669,6.40114866833125,6.69501754385965,6.0127306763285,6.12278443113772,6.52497820163488,6.34669038346315,144
"144",2013,6,6.55555555555556,9,7.1,5.875,6,6.875,6.3,5,4,1,4,5,2412,1373,1039,335,738,1674,6.40172481343284,6.69649235251274,6.01220043310876,6.12241791044776,6.52687533875339,6.34655092592593,145
"145",2013,7,6.29230769230769,13,6.52857142857143,6.01666666666667,6.7,7.5,6.07272727272727,7,6,3,2,11,2425,1380,1045,338,740,1685,6.40113824742268,6.69564057971014,6.01222607655502,6.12754437869823,6.52950540540541,6.34476335311573,146
"146",2013,8,6.33333333333333,9,7,5,5,6.25,6.35714285714286,6,3,1,2,7,2434,1386,1048,339,742,1692,6.40088753081348,6.69695815295815,6.00932848282443,6.12421828908555,6.52875202156334,6.34481456855792,147
"147",2013,9,6.37777777777778,18,7.2875,5.65,4.66666666666667,6.1,6.51666666666667,8,10,3,6,12,2452,1394,1058,342,748,1704,6.40071788336052,6.70034720229555,6.00593218336484,6.11143274853801,6.5253128342246,6.34602479460094,148
"148",2013,10,6.27272727272727,11,7,6.11111111111111,5.8,6.75,6.16666666666667,2,9,5,2,9,2463,1396,1067,347,750,1713,6.40014626471782,6.70077650429799,6.00681935332709,6.10694524495677,6.525912,6.34508245767659,149
"149",2013,11,6.125,12,6.4375,5.5,6.25,8,5.95454545454545,8,4,2,1,11,2475,1404,1071,349,751,1724,6.39881222222222,6.69927635327635,6.00492647058824,6.10776504297994,6.52787483355526,6.34259063225058,150
"150",2013,12,6.84375,16,6.92857142857143,6.77777777777778,6.4,6.5,6.95833333333333,7,9,5,4,12,2491,1411,1080,354,755,1736,6.40167011240466,6.70041389085754,6.01136689814815,6.11189265536723,6.52772715231788,6.34684691820276,151
"151",2014,1,6.5,18,6.55555555555556,6.44444444444444,6.16666666666667,6.83333333333333,6.43333333333333,9,9,3,3,15,2509,1420,1089,357,758,1751,6.4023755480271,6.69949577464788,6.01494605142332,6.11235294117647,6.52893667546174,6.34758780696745,152
"152",2014,2,6.29333333333333,15,6.21111111111111,6.41666666666667,6,7,6.03636363636364,9,6,2,4,11,2524,1429,1095,359,762,1762,6.40172751584786,6.69641987403778,6.01714726027397,6.11172701949861,6.5314094488189,6.34564486379115,153
"153",2014,3,7,16,7,7,7.375,7.6,6.72727272727273,9,7,4,5,11,2540,1438,1102,363,767,1773,6.40549616141732,6.69831988873435,6.02339042649728,6.12564738292011,6.53837548891786,6.34801254935138,154
"154",2014,4,6.07272727272727,11,5.97142857142857,6.25,5.83333333333333,4,6.28,7,4,3,1,10,2551,1445,1106,366,768,1783,6.40406125049,6.69479861591695,6.02420999095841,6.12325136612022,6.5350703125,6.34763109927089,155
"155",2014,5,6.45526315789474,19,6.87727272727273,5.875,5.375,6.75,6.37666666666667,11,8,4,4,15,2570,1456,1114,370,772,1798,6.40443978599222,6.69617719780219,6.02313846499102,6.11516216216216,6.53618393782383,6.34787333147942,156
"156",2014,6,6.1,5,6.325,5.2,5.2,5.2,6.325,4,1,1,1,4,2575,1460,1115,371,773,1802,6.4038486407767,6.6951602739726,6.02240022421524,6.11269541778976,6.5344553686934,6.34782255826859,157
"157",2014,7,6.17,10,6.5,5.84,6,5.35,6.375,5,5,1,2,8,2585,1465,1120,372,775,1810,6.40294400386847,6.69449419795221,6.0215859375,6.11239247311828,6.53139870967742,6.34794267955801,158
"158",2014,8,6.2,10,5.66666666666667,6.42857142857143,6.6,6.4,6,3,7,5,5,5,2595,1468,1127,377,780,1815,6.4021619460501,6.69239373297002,6.02411379769299,6.11885941644562,6.53055641025641,6.34698415977961,159
"159",2014,9,6.31818181818182,11,6.125,6.83333333333333,7.5,7,6.16666666666667,8,3,1,2,9,2606,1476,1130,378,782,1824,6.40180746354566,6.68931842818428,6.02626216814159,6.12251322751323,6.53175703324808,6.34609443530702,160
"160",2014,10,5.92857142857143,14,6.14285714285714,5.71428571428571,3.83333333333333,5.5,6.16666666666667,7,7,3,5,9,2620,1483,1137,381,787,1833,6.39927872137404,6.68673904248145,6.02434146877748,6.10448818897638,6.52520203303685,6.34521344789962,161
"161",2014,11,6.22222222222222,9,6.4,6,6,6,6.28571428571429,5,4,1,2,7,2629,1488,1141,382,789,1840,6.39867259414226,6.6857755376344,6.02425613496932,6.10421465968586,6.52387072243346,6.3449870923913,162
"162",2014,12,5.5,5,6,4.75,2.5,NA,5.5,3,2,1,0,5,2634,1491,1143,383,789,1845,6.3969666856492,6.6843957075788,6.02202646544182,6.09480417754569,6.52387072243346,6.34269715447154,163
"163",2015,1,6.26923076923077,13,6.61111111111111,5.5,6,7.33333333333333,5.95,9,4,2,3,10,2647,1500,1147,385,792,1855,6.39633934642992,6.68395599999999,6.02020597210113,6.09431168831169,6.52693686868687,6.34058018867924,164
"164",2015,2,5.92307692307692,13,6.5,5.66666666666667,6,6,5.91666666666667,4,9,3,1,12,2660,1504,1156,388,793,1867,6.39402640977444,6.68346675531914,6.01745350346021,6.0935824742268,6.52627238335435,6.33785551687199,165
"165",2015,3,6.63846153846154,13,6.88333333333333,6.42857142857143,6.25,7,6.57272727272727,6,7,4,2,11,2673,1510,1163,392,795,1878,6.39521520763187,6.68426092715231,6.01992798796217,6.09517857142857,6.5274641509434,6.33923123003195,166
"166",2015,4,6,8,7,4.33333333333333,4,5.33333333333333,6.4,5,3,1,3,5,2681,1515,1166,393,798,1883,6.39403590078329,6.68530297029702,6.01558855060034,6.08984732824428,6.52297493734336,6.33939259160913,167
"167",2015,5,6.33333333333333,12,6.4375,6.125,NA,5.66666666666667,6.55555555555556,8,4,0,3,9,2693,1523,1170,393,801,1892,6.39376541032306,6.68400131319763,6.01596260683761,6.08984732824428,6.51976779026217,6.34042085095137,168
"168",2015,6,6.02,10,6.12,5.92,NA,6,6.02222222222222,5,5,0,1,9,2703,1528,1175,393,802,1901,6.39238263041065,6.6821557591623,6.01555425531915,6.08984732824428,6.51911970074813,6.33891438716465,169
"169",2015,7,5.95833333333333,12,5.25,6.3125,6.5,7.5,5.81818181818182,4,8,3,1,11,2715,1532,1183,396,803,1912,6.39046418047882,6.67841644908616,6.01756234150465,6.09295454545455,6.52034122042341,6.33591854079498,170
"170",2015,8,6.02727272727273,11,6.55,5.4,5,6.75,5.86666666666667,6,5,1,2,9,2726,1538,1188,397,805,1921,6.38899862435803,6.67791547464239,6.01496317340067,6.09020151133501,6.52091180124224,6.33372006767309,171
"171",2015,9,6.50555555555556,9,7.11,5.75,7,5.875,6.68571428571429,5,4,1,2,7,2735,1543,1192,398,807,1928,6.38938217550274,6.67931561892417,6.0140740352349,6.09248743718593,6.51931102850062,6.33499805497925,172
"172",2015,10,6.38888888888889,18,6.25,6.66666666666667,5.5,6.125,6.46428571428571,12,6,1,4,14,2753,1555,1198,399,811,1942,6.3893789502361,6.67600257234726,6.0173424457429,6.09100250626566,6.51736621454994,6.33593009783728,173
"173",2015,11,6.45238095238095,21,6.04545454545455,6.9,6.5,7.34,6.175,11,10,4,5,16,2774,1566,1208,403,816,1958,6.38985589401586,6.67157343550446,6.02464921357616,6.09506203473945,6.5224068627451,6.33461504085802,174
"174",2015,12,6.68181818181818,11,6.8125,6.33333333333333,6.16666666666667,5.5,6.8,8,3,3,1,10,2785,1574,1211,406,817,1968,6.39100906642729,6.67228970775095,6.02541391412056,6.09559113300493,6.52115544675643,6.33697980182927,175
"175",2016,1,5.60714285714286,14,6,5.38888888888889,5,5.5,5.625,5,9,4,2,12,2799,1579,1220,410,819,1980,6.38708833511968,6.67016086130462,6.02071823770492,6.08490243902439,6.51866178266178,6.33266477272727,176
"176",2016,2,6.1,23,6.09285714285714,6.11111111111111,5.75,5.625,6.2,14,9,2,4,19,2822,1593,1229,412,823,1999,6.3847484939759,6.66508725674827,6.02138018714402,6.08327669902913,6.51431834750911,6.33140382691345,177
"177",2016,3,5.58636363636364,22,5.97307692307692,5.02777777777778,4.75,6.4,5.34705882352941,13,9,7,5,17,2844,1606,1238,419,828,2016,6.37857252109705,6.65948567870485,6.01415690630048,6.06100238663484,6.51362801932367,6.32310329861111,178
"178",2016,4,6.38888888888889,18,6.05555555555556,6.72222222222222,6.875,6.25,6.40625,9,9,4,2,16,2862,1615,1247,423,830,2032,6.37863740391335,6.656120123839,6.01926724137931,6.06869976359338,6.51299277108434,6.32375799704724,179
"179",2016,5,6.978125,16,7.115,6.75,6,8.15,6.44545454545455,10,6,3,5,11,2878,1625,1253,426,835,2043,6.38197020500347,6.65894399999999,6.02276636073424,6.06821596244131,6.52279520958084,6.32441324033284,180
"180",2016,6,5.91071428571429,14,6.95833333333333,5.125,5.16666666666667,5.8125,5.95,6,8,6,4,10,2892,1631,1261,432,839,2053,6.37968888312586,6.66004537093807,6.01707077716098,6.05569444444444,6.51940882002384,6.3225895031661,181
"181",2016,7,6.22222222222222,18,6.36363636363636,6,7,7.2,5.84615384615385,11,7,2,5,13,2910,1642,1268,434,844,2066,6.37871486254295,6.65805968331303,6.01697653785489,6.06004608294931,6.52344075829384,6.31959160212972,182
"182",2016,8,6.02631578947368,19,6.72727272727273,5.0625,5.75,6.5,5.97058823529412,11,8,2,2,17,2929,1653,1276,436,846,2083,6.37642890064869,6.65852026618269,6.01099235893417,6.05862385321101,6.5233853427896,6.31674327892462,183
"183",2016,9,6.90833333333333,12,6.94,6.75,NA,6.625,7.05,10,2,0,4,8,2941,1663,1278,436,850,2091,6.37859920095206,6.66021286831028,6.01214886541471,6.05862385321101,6.52386352941176,6.31954866092778,184
"184",2016,10,5.78260869565217,23,6.875,4.59090909090909,6,5,5.9,12,11,3,3,20,2964,1675,1289,439,853,2111,6.37397444331984,6.66175164179104,6.00002036462374,6.05822323462415,6.5185041031653,6.31557378019895,185
"185",2016,11,6.24444444444444,27,6.54285714285714,5.92307692307692,6.4,6.72,6.13636363636364,14,13,5,5,22,2991,1689,1302,444,858,2133,6.37280516549649,6.66076613380698,5.99925211213518,6.06207207207207,6.51967832167832,6.31372538677918,186
"186",2016,12,6.85294117647059,17,7.3125,6.44444444444444,6,6.83333333333333,6.85714285714286,8,9,2,3,14,3008,1697,1311,446,861,2147,6.37551870013298,6.66383853859752,6.00230835240275,6.06179372197309,6.52077119628339,6.3172688635305,187
"187",2017,1,6.15882352941177,17,7.02222222222222,5.1875,5.33333333333333,3,6.58,9,8,3,2,15,3025,1706,1319,449,863,2162,6.37430090909091,6.66572919109026,5.99736637604246,6.05692650334076,6.51261181923523,6.31909169750231,188
"188",2017,2,6.5125,24,7.09285714285714,5.7,5,7.25,6.365,14,10,1,4,20,3049,1720,1329,450,867,2182,6.37538873401115,6.66920581395348,5.99512885628292,6.05457777777778,6.51601384083045,6.31951248854262,189
"189",2017,3,6.17333333333333,15,5.825,6.57142857142857,6.33333333333333,8,6.04285714285714,8,7,3,1,14,3064,1728,1336,453,868,2196,6.37439955939948,6.6652974537037,5.99814839071856,6.0564238410596,6.51772350230415,6.31774874772313,190
"190",2017,4,6.1875,8,6,6.75,NA,7,6.07142857142857,6,2,0,1,7,3072,1734,1338,453,869,2203,6.37391284179687,6.66299538638984,5.99927223467863,6.0564238410596,6.51827848101266,6.31696606899682,191
"191",2017,5,6.23076923076923,13,7,5.33333333333333,6,6,6.27272727272727,7,6,2,2,11,3085,1741,1344,455,871,2214,6.37330964343598,6.66435037334864,5.99629929315476,6.05617582417582,6.51708840413318,6.31674627371274,192
"192",2017,6,5.72857142857143,7,5.5,5.82,5.36666666666667,NA,5.72857142857143,2,5,3,0,7,3092,1743,1349,458,871,2221,6.37185001617076,6.66301434308663,5.99564584877687,6.05165938864629,6.51708840413318,6.31489250337686,193
"193",2017,7,6.53571428571429,14,7,6.1875,4.83333333333333,5.5,6.61538461538461,6,8,3,1,13,3106,1749,1357,461,872,2234,6.37258861880232,6.66417038307604,5.99677689756817,6.04373101952278,6.51592201834862,6.31664111459266,194
"194",2017,8,6.49444444444444,18,6.87142857142857,6.25454545454545,5.26666666666667,6.6,6.44166666666667,7,11,3,6,12,3124,1756,1368,464,878,2246,6.37329073303457,6.6649965831435,5.99884959795322,6.03870689655172,6.51649658314351,6.31730910507569,195
"195",2017,9,6.68181818181818,11,6.92857142857143,6.25,7,7.375,6.28571428571429,7,4,1,4,7,3135,1763,1372,465,882,2253,6.37437328548644,6.66604310833805,5.99958181486881,6.04077419354839,6.52039002267574,6.3172109409676,196
"196",2017,10,5.96666666666667,15,6.05555555555556,5.83333333333333,6,6,5.96153846153846,9,6,1,2,13,3150,1772,1378,466,884,2266,6.37243182539682,6.66294243792324,5.99885794629898,6.04068669527897,6.51921266968326,6.31517045454545,197
"197",2017,11,6.36111111111111,18,6.5,6.27272727272727,6.14285714285714,6.16666666666667,6.45833333333333,7,11,7,6,12,3168,1779,1389,473,890,2278,6.37236750315656,6.66230129286115,6.00102681785457,6.04219873150106,6.51683595505618,6.31592460491659,198
"198",2017,12,5.94375,16,7,5.31,4.5,5.625,6.05,6,10,5,4,12,3184,1785,1399,478,894,2290,6.37021364635678,6.66343641456582,5.9960873838456,6.02606694560669,6.51284563758389,6.31453111353712,199
"199",2018,1,6.31578947368421,19,6.55,6.05555555555556,5,6.75,6.2,10,9,3,4,15,3203,1795,1408,481,898,2305,6.36989080549485,6.66280445682451,5.99646750710227,6.01966735966736,6.51390200445434,6.31378579175705,200
"200",2018,2,6.39,10,7.19166666666667,5.1875,4,7,6.32222222222222,6,4,1,1,9,3213,1801,1412,482,899,2314,6.3699533924681,6.66456635202665,5.99417581444759,6.01547717842324,6.51444271412681,6.31381860414866,201
"201",2018,3,6.32142857142857,14,6.72222222222222,5.6,6,6.5,6.29166666666667,9,5,2,2,12,3227,1810,1417,484,901,2326,6.36974287263712,6.66485303867403,5.99278493295695,6.0154132231405,6.51441065482797,6.31370432072227,202
"202",2018,4,5.63076923076923,13,5.5,5.74285714285714,5.25,6,5.6,6,7,4,1,12,3240,1816,1424,488,902,2338,6.36677785493827,6.66100440528634,5.99155635533708,6.0091393442623,6.51384035476718,6.31004116766467,203
"203",2018,5,6.36190476190476,21,6.91,5.86363636363636,6.25,6.5,6.33888888888889,10,11,4,3,18,3261,1826,1435,492,905,2356,6.36674647347439,6.66236801752464,5.99057578397213,6.01109756097561,6.51379447513812,6.31026156621392,204
"204",2018,6,5.985,10,6.65,5.54166666666667,5,NA,5.985,4,6,3,0,10,3271,1830,1441,495,905,2366,6.36557940996637,6.66234098360655,5.98870662734212,6.0049696969697,6.51379447513812,6.30888683431953,205
"205",2018,7,5.65294117647059,17,5.96,5.21428571428571,5,6.8,5.5,10,7,1,2,15,3288,1840,1448,496,907,2381,6.36189484489051,6.65852391304347,5.98496287983426,6.0029435483871,6.51442557883131,6.30379094918102,206
"206",2018,8,6.13571428571429,14,6,6.2375,5,8.4,5.96153846153846,6,8,3,1,13,3302,1846,1456,499,908,2394,6.36093587219867,6.65638353196099,5.98635044642857,5.99691382765531,6.51650220264317,6.3019324352548,207
"207",2018,9,5.9695652173913,23,6.48461538461538,5.3,4.5,6,5.96111111111111,13,10,4,5,18,3325,1859,1466,503,913,2412,6.35822864661654,6.65518235610543,5.98166865620737,5.98500994035785,6.51367360350493,6.29938899253731,208
"208",2018,10,5.90909090909091,11,7,3,1.5,7,5.8,8,3,2,1,10,3336,1867,1469,505,914,2422,6.35674767685851,6.65665988216389,5.9755794758339,5.96724752475248,6.5142056892779,6.29732710569777,209
"209",2018,11,5.89210526315789,19,6.09583333333333,5.54285714285714,5.3,5.66,5.975,12,7,5,5,14,3355,1879,1476,510,919,2436,6.35411631892697,6.65307823310271,5.9735272696477,5.96070588235294,6.50955821545158,6.29547465106732,210
"210",2018,12,6.30555555555556,18,6.8,5.6875,3.5,6.66666666666667,6.23333333333333,10,8,2,3,15,3373,1889,1484,512,922,2451,6.353857174622,6.65385600847008,5.97198534366577,5.95109375,6.5100694143167,6.2950943492452,211
"211",2019,1,6.02777777777778,18,6.70833333333333,4.66666666666667,4.33333333333333,9,5.65625,12,6,3,2,16,3391,1901,1490,515,924,2467,6.35212629017989,6.65419989479221,5.96672902684564,5.94166990291262,6.51545887445887,6.29095105391163,212
"212",2019,2,6.05,20,7,5.41666666666667,4,NA,6.05,8,12,3,0,20,3411,1909,1502,518,924,2487,6.3503548079742,6.65564903090623,5.96233438748336,5.93042471042471,6.51545887445887,6.28901336952151,213
"213",2019,3,6.70142857142857,14,6.875,6.632,5.5,7,6.65166666666667,4,10,2,2,12,3425,1913,1512,520,926,2499,6.3517898540146,6.65610768426555,5.96676339285714,5.92876923076923,6.51650539956804,6.29075480192077,214
"214",2019,4,6.66153846153846,13,7.5,5.94285714285714,5.5,6.5,6.71,6,7,3,3,10,3438,1919,1519,523,929,2509,6.35296109656777,6.65874622199061,5.96665322580645,5.92630975143403,6.51645209903122,6.29242576723794,215
"215",2019,5,6.41666666666667,12,7,5.83333333333333,5.5,6,6.5,6,6,2,2,10,3450,1925,1525,525,931,2519,6.35318268115942,6.65980987012986,5.96612868852459,5.92468571428571,6.51534264232009,6.29324980150853,216
"216",2019,6,6.78,11,7.59666666666667,5.8,4,7,6.758,6,5,1,1,10,3461,1931,1530,526,932,2529,6.35453922276798,6.66272087001553,5.96558578431373,5.92102661596958,6.51586266094421,6.295087485172,217
"217",2019,7,6.453125,16,6.65625,6.25,3,7.5,6.30357142857143,8,8,1,2,14,3477,1939,1538,527,934,2543,6.35499288179465,6.66269417225373,5.96706518205462,5.91548387096774,6.51797002141328,6.29513419189933,218
"218",2019,8,6.37727272727273,22,6.5625,6.27142857142857,4,4.7,6.75,8,14,2,4,18,3499,1947,1552,529,938,2561,6.35513296656187,6.6622824858757,5.96981072809278,5.90824196597354,6.51021748400853,6.29833121827411,219
"219",2019,9,5.93333333333333,15,6,5.88888888888889,4.66666666666667,5,6.07692307692308,6,9,3,2,13,3514,1953,1561,532,940,2574,6.35333245589072,6.66024782386072,5.96934417040359,5.90124060150376,6.50700425531915,6.29721299533799,220
"220",2019,10,5.91428571428571,14,5.64285714285714,6.18571428571429,5.5,5,6.06666666666667,7,7,3,2,12,3528,1960,1568,535,942,2586,6.3515902069161,6.65661428571428,5.97031010841837,5.89899065420561,6.50380467091295,6.29614317478731,221
"221",2019,11,6.86666666666667,15,7,6.8,6.5,NA,6.86666666666667,5,10,3,0,15,3543,1965,1578,538,942,2601,6.35377088625458,6.65748804071246,5.97556796577947,5.90234200743494,6.50380467091295,6.29943339100346,222
"222",2019,12,6.25272727272727,22,6.29666666666667,6.2,6,5.9,6.35647058823529,12,10,3,5,17,3565,1977,1588,541,947,2618,6.35314733520336,6.65529792615073,5.97698126574307,5.90288354898336,6.5006166842661,6.29980376241406,223
"223",2020,1,6.61944444444444,18,7,6.23888888888889,6.2,8,6.53823529411765,9,9,4,1,17,3583,1986,1597,545,948,2635,6.35448513815239,6.65686002014098,5.97845726361929,5.90506422018349,6.50219831223629,6.30134203036053,224
"224",2020,2,6.17058823529412,17,6.19,6.14285714285714,6,6,6.18125,10,7,4,1,16,3600,1996,1604,549,949,2651,6.35361673611111,6.65452104208416,5.97917471945137,5.90575591985428,6.50166912539515,6.30061721991701,225
"225",2020,3,5.88384615384615,13,5.57142857142857,6.24833333333333,5,NA,5.88384615384615,7,6,2,0,13,3613,2003,1610,551,949,2664,6.35192644616662,6.65073589615576,5.98017779503105,5.90246823956443,6.50166912539515,6.29858342717718,226
"226",2020,4,5.73846153846154,13,6.17777777777778,4.75,6,NA,5.73846153846154,9,4,2,0,13,3626,2012,1614,553,949,2677,6.34972704081633,6.64862027833001,5.97712902726146,5.90282097649186,6.50166912539515,6.29586337317893,227
"227",2020,5,5.75,14,6.25,5.55,4.7,6,5.73076923076923,4,10,5,1,13,3640,2016,1624,558,950,2690,6.34742039835165,6.64782936507936,5.97449892241379,5.89204301075269,6.50114105263158,6.29313243494424,228
"228",2020,6,6.33483333333333,12,6.41666666666667,6.253,6,NA,6.33483333333333,6,6,2,0,12,3652,2022,1630,560,950,2702,6.3473790388828,6.6471434223541,5.9755240797546,5.89242857142857,6.50114105263158,6.29331763508512,229
"229",2020,7,5.86363636363636,11,6.31666666666667,5.32,4,6,5.85,6,5,1,1,10,3663,2028,1635,561,951,2712,6.34592635817636,6.64616568047337,5.97351941896024,5.88905525846702,6.50061409043113,6.29168298303835,230
"230",2020,8,5.45454545454545,11,5.92857142857143,4.625,5,4.5,5.8125,7,4,2,3,8,3674,2035,1639,563,954,2720,6.34325755307567,6.64369729729729,5.97022834045149,5.88589698046181,6.49432285115304,6.29027362132353,231
"231",2020,9,6.6875,8,7.1,6,NA,NA,6.6875,5,3,0,0,8,3682,2040,1642,563,954,2728,6.34400549972841,6.6448156862745,5.97028273447016,5.88589698046181,6.49432285115304,6.29143850806452,232
"232",2020,10,6.21428571428571,14,6.9,5.83333333333333,5.75,NA,6.21428571428571,5,9,4,0,14,3696,2045,1651,567,954,2742,6.34351413690476,6.64543960880195,5.96953619018776,5.88493827160494,6.49432285115304,6.29104458424508,233
"233",2020,11,6.06666666666667,15,6.6,5.8,5.6,6.5,6,5,10,5,2,13,3711,2050,1661,572,956,2755,6.342395109135,6.6453287804878,5.96851550270921,5.88244755244755,6.49433472803347,6.28967123411978,234
"234",2020,12,6.57333333333333,15,6.69090909090909,6.25,5.66666666666667,5,6.68571428571429,11,4,3,1,14,3726,2061,1665,575,957,2769,6.34332481213097,6.64557205240174,5.96919174174174,5.88132173913044,6.49277324973877,6.29167361863488,235
"235",2021,1,5.96363636363636,22,6.15625,5.45,5.5,NA,5.96363636363636,16,6,4,0,22,3748,2077,1671,579,957,2791,6.34109611792956,6.6418025999037,5.96732749850389,5.87868739205527,6.49277324973877,6.28908787173056,236
"236",2021,2,5.48333333333333,12,5.63333333333333,5.33333333333333,6,4,5.78,6,6,2,2,10,3760,2083,1677,581,959,2801,6.33835857712766,6.63889774363898,5.965059183065,5.87910499139415,6.48757455683003,6.28727034987504,237
"237",2021,3,6.51428571428571,14,6.60909090909091,6.16666666666667,5,6.75,6.475,11,3,1,2,12,3774,2094,1680,582,961,2813,6.33901119501855,6.638741165234,5.96541919642857,5.87759450171821,6.48812070759625,6.28807118734447,238
"238",2021,4,6.3125,16,6.3125,6.3125,6.33333333333333,6,6.33333333333333,8,8,3,1,15,3790,2102,1688,585,962,2828,6.33889927440633,6.6374995242626,5.96706412914692,5.87993162393162,6.48761330561331,6.28831126237624,239
"239",2021,5,5.07142857142857,7,5.7,3.5,4,6.5,4.83333333333333,5,2,1,1,6,3797,2107,1690,586,963,2834,6.33656261522254,6.6352747982914,5.96414452662722,5.87672354948805,6.4876261682243,6.28523085744531,240
"240",2021,6,6,5,7,5.33333333333333,5.5,NA,6,2,3,2,0,5,3802,2109,1693,588,963,2839,6.33612000263019,6.63562067330488,5.9630267277023,5.87544217687075,6.4876261682243,6.28472851356111,241
"241",2021,7,6.59285714285714,14,6.7,6.4,5.5,6,6.63846153846154,9,5,2,1,13,3816,2118,1698,590,964,2852,6.33706191037736,6.63589423984891,5.96431345700824,5.87416949152542,6.48712033195021,6.28634090112202,242
"242",2021,8,5.6625,16,5.94285714285714,5.44444444444444,5,5.5,5.68571428571429,7,9,3,2,14,3832,2125,1707,593,966,2866,6.33424536795407,6.63361129411764,5.96157249560633,5.86974704890388,6.48507660455487,6.28340692602931,243
"243",2021,9,5.80888888888889,9,6.76,5.33333333333333,NA,7,5.66,3,6,0,1,8,3841,2128,1713,593,967,2874,6.33301438427493,6.6337894736842,5.9593720081728,5.86974704890388,6.48560910031024,6.28167162491301,244
"244",2021,10,5.73772727272727,11,7.33333333333333,5.139375,4.725,5,5.8115,3,8,4,1,10,3852,2131,1721,597,968,2884,6.3313144470405,6.63477428437353,5.95556028471819,5.8620770519263,6.48407438016529,6.28004134882108,245
"245",2021,11,6.49230769230769,13,6.78571428571429,6.15,7,7.5,6.30909090909091,7,6,1,2,11,3865,2138,1727,598,970,2895,6.33185595084088,6.63526847521047,5.95623581354951,5.86397993311037,6.48616907216495,6.28015172711572,246
"246",2021,12,6.17714285714286,14,6.05333333333333,6.4,7,7,6.04,9,5,1,2,12,3879,2147,1732,599,972,2907,6.3312975638051,6.63282906380996,5.95751688799076,5.86587646076795,6.48722633744856,6.27916038871689,247
"247",2022,1,6.3,29,6.45294117647059,6.08333333333333,5.25,6.66666666666667,6.25769230769231,17,12,4,3,26,3908,2164,1744,603,975,2933,6.331065314739,6.63141589648798,5.95838259747706,5.86179104477612,6.48777846153846,6.27897008182748,248
"248",2022,2,5.86764705882353,17,6.64285714285714,5.325,5.55,5.875,5.86666666666667,7,10,5,2,15,3925,2171,1754,608,977,2948,6.32905815286624,6.63145278673422,5.95477152223489,5.85922697368421,6.48652405322416,6.27687220149254,249
"249",2022,3,5.77777777777778,9,5.75,5.8,5.5,6.33333333333333,5.5,4,5,2,3,6,3934,2175,1759,610,980,2954,6.32779696237926,6.62983172413793,5.95433158044343,5.85804918032787,6.48605510204082,6.2752942620176,250
"250",2022,4,6.13333333333333,15,6,6.33333333333333,7,7,5.91666666666667,9,6,2,3,12,3949,2184,1765,612,983,2966,6.32705830590023,6.62723626373626,5.95561997167139,5.86178104575163,6.48762360122075,6.27384330748483,251
"251",2022,5,6.05555555555556,9,6.9,5,NA,NA,6.05555555555556,5,4,0,0,9,3958,2189,1769,612,983,2975,6.32644094239515,6.62785929648241,5.95345915771622,5.86178104575163,6.48762360122075,6.27318294117647,252
"252",2022,6,6.16818181818182,11,6.07142857142857,6.3375,4,NA,6.16818181818182,7,4,1,0,11,3969,2196,1773,613,983,2986,6.32600233056185,6.62608561020036,5.95432557811619,5.85874388254486,6.48762360122075,6.27279613194909,253
"253",2022,7,6.42857142857143,7,7,5.66666666666667,4,8,6.16666666666667,4,3,1,1,6,3976,2200,1776,614,984,2992,6.32618290995976,6.62676545454545,5.95383966779279,5.85571661237785,6.48916056910569,6.27258330548128,254
"254",2022,8,6.58571428571429,14,6.3375,6.91666666666667,NA,NA,6.58571428571429,8,6,0,0,14,3990,2208,1782,614,984,3006,6.32709354636591,6.62571739130434,5.95708150953984,5.85571661237785,6.48916056910569,6.27404166666667,255
"255",2022,9,6.95454545454545,11,7.27777777777778,5.5,6.5,6,7.3125,9,2,1,3,8,4001,2217,1784,615,987,3014,6.32881860784804,6.62836445647271,5.95656908632287,5.85676422764228,6.48767375886525,6.27679802587923,256
"256",2022,10,6,10,6.6,5.4,5,7,5.88888888888889,5,5,3,1,9,4011,2222,1789,618,988,3023,6.32799881575667,6.628300630063,5.95501355505869,5.85260517799353,6.48819230769231,6.27564315249752,257
"257",2022,11,5.58181818181818,11,4.45,5.83333333333333,6,NA,5.58181818181818,2,9,1,0,11,4022,2224,1798,619,988,3034,6.32595804326206,6.6263417266187,5.95440447719688,5.85284329563812,6.48819230769231,6.27312763678312,258
"258",2022,12,6.52352941176471,17,6.59090909090909,6.4,6.5,6.6,6.5,11,6,2,4,13,4039,2235,1804,621,992,3047,6.32678961376578,6.6261673378076,5.95588650221729,5.85492753623188,6.48864314516129,6.27409558582212,259
