"","year","month","avg_rating","no_ratings","avg_rating_owned","avg_rating_not_owned","avg_rating_prev_owned","avg_rating_comment","avg_rating_no_comment","no_ratings_owned","no_ratings_not_owned","no_ratings_prev_owned","no_ratings_comment","no_ratings_no_comment","cum_no_ratings","cum_no_ratings_owned","cum_no_ratings_not_owned","cum_no_ratings_prev_owned","cum_no_ratings_comment","cum_no_ratings_no_comment","cum_avg_rating","cum_avg_rating_owned","cum_avg_rating_not_owned","cum_avg_rating_prev_owned","cum_avg_rating_comment","cum_avg_rating_no_comment","month_after_release"
"1",2001,6,7,6,7.2,6,NA,7,7,5,1,0,1,5,6,5,1,0,1,5,7,7.2,6,NA,7,7,0
"2",2001,7,7.66666666666667,3,7.66666666666667,NA,NA,8,7,3,0,0,2,1,9,8,1,0,3,6,7.22222222222222,7.375,6,NA,7.66666666666667,7,1
"3",2001,8,6.66666666666667,3,7.5,5,NA,NA,6.66666666666667,2,1,0,0,3,12,10,2,0,3,9,7.08333333333333,7.4,5.5,NA,7.66666666666667,6.88888888888889,2
"4",2001,9,8,1,8,NA,NA,NA,8,1,0,0,0,1,13,11,2,0,3,10,7.15384615384615,7.45454545454545,5.5,NA,7.66666666666667,7,3
"5",2001,10,6.5,2,6.5,NA,NA,6.5,NA,2,0,0,2,0,15,13,2,0,5,10,7.06666666666667,7.30769230769231,5.5,NA,7.2,7,4
"6",2001,11,6.33333333333333,3,6.33333333333333,NA,NA,9,5,3,0,0,1,2,18,16,2,0,6,12,6.94444444444444,7.125,5.5,NA,7.5,6.66666666666667,5
"7",2001,12,8,1,8,NA,NA,NA,8,1,0,0,0,1,19,17,2,0,6,13,7,7.17647058823529,5.5,NA,7.5,6.76923076923077,6
"8",2002,1,8.5,2,8.5,NA,NA,NA,8.5,2,0,0,0,2,21,19,2,0,6,15,7.14285714285714,7.31578947368421,5.5,NA,7.5,7,7
"9",2002,2,6.5,4,6.66666666666667,6,6,NA,6.5,3,1,1,0,4,25,22,3,1,6,19,7.04,7.22727272727273,5.66666666666667,6,7.5,6.89473684210526,8
"10",2002,3,5,4,5.66666666666667,3,NA,5,5,3,1,0,1,3,29,25,4,1,7,22,6.75862068965517,7.04,5,6,7.14285714285714,6.63636363636364,9
"11",2002,4,5,1,5,NA,NA,5,NA,1,0,0,1,0,30,26,4,1,8,22,6.7,6.96153846153846,5,6,6.875,6.63636363636364,10
"12",2002,5,2,1,NA,2,NA,NA,2,0,1,0,0,1,31,26,5,1,8,23,6.54838709677419,6.96153846153846,4.4,6,6.875,6.43478260869565,11
"13",2002,6,6,5,6,NA,NA,8,5.5,5,0,0,1,4,36,31,5,1,9,27,6.47222222222222,6.80645161290323,4.4,6,7,6.2962962962963,12
"14",2002,7,7.55,10,7.875,6.25,NA,7.625,7.5,8,2,0,4,6,46,39,7,1,13,33,6.70652173913043,7.02564102564103,4.92857142857143,6,7.19230769230769,6.51515151515152,13
"15",2002,8,7,14,7,7,6.5,7.33333333333333,6.90909090909091,11,3,2,3,11,60,50,10,3,16,44,6.775,7.02,5.55,6.33333333333333,7.21875,6.61363636363636,14
"16",2002,9,6.33333333333333,3,6,7,NA,6,6.5,2,1,0,1,2,63,52,11,3,17,46,6.75396825396825,6.98076923076923,5.68181818181818,6.33333333333333,7.14705882352941,6.60869565217391,15
"17",2002,10,6.22857142857143,7,6.22857142857143,NA,NA,6,6.53333333333333,7,0,0,4,3,70,59,11,3,21,49,6.70142857142857,6.89152542372881,5.68181818181818,6.33333333333333,6.92857142857143,6.60408163265306,16
"18",2002,11,7,3,6.5,8,NA,6.5,8,2,1,0,2,1,73,61,12,3,23,50,6.71369863013699,6.87868852459016,5.875,6.33333333333333,6.89130434782609,6.632,17
"19",2002,12,5.25,8,6.33333333333333,2,NA,4.5,5.5,6,2,0,2,6,81,67,14,3,25,56,6.56913580246914,6.82985074626866,5.32142857142857,6.33333333333333,6.7,6.51071428571429,18
"20",2003,1,5.83333333333333,6,6.25,5,NA,4,6.2,4,2,0,1,5,87,71,16,3,26,61,6.5183908045977,6.79718309859155,5.28125,6.33333333333333,6.59615384615385,6.48524590163934,19
"21",2003,2,6.8,5,6.8,NA,NA,7,6.75,5,0,0,1,4,92,76,16,3,27,65,6.53369565217391,6.79736842105263,5.28125,6.33333333333333,6.61111111111111,6.50153846153846,20
"22",2003,3,6.85714285714286,7,7.4,5.5,NA,7.5,6.6,5,2,0,2,5,99,81,18,3,29,70,6.55656565656566,6.83456790123457,5.30555555555556,6.33333333333333,6.67241379310345,6.50857142857143,21
"23",2003,4,5.8,5,6,5.5,5.5,4,6.25,3,2,2,1,4,104,84,20,5,30,74,6.52019230769231,6.80476190476191,5.325,6,6.58333333333333,6.4945945945946,22
"24",2003,5,5.66666666666667,9,6,5,7,5.75,5.6,6,3,1,4,5,113,90,23,6,34,79,6.45221238938053,6.75111111111111,5.28260869565217,6.16666666666667,6.48529411764706,6.4379746835443,23
"25",2003,6,6.875,8,7,6.5,NA,6.66666666666667,7,6,2,0,3,5,121,96,25,6,37,84,6.4801652892562,6.76666666666667,5.38,6.16666666666667,6.5,6.47142857142857,24
"26",2003,7,6.203125,32,6.39285714285714,4.875,NA,6,6.26,28,4,0,7,25,153,124,29,6,44,109,6.42222222222222,6.68225806451613,5.31034482758621,6.16666666666667,6.42045454545455,6.42293577981651,25
"27",2003,8,5.61764705882353,17,7.1875,4.22222222222222,5,5.66666666666667,5.60714285714286,8,9,2,3,14,170,132,38,8,47,123,6.34176470588235,6.71287878787879,5.05263157894737,5.875,6.37234042553191,6.33008130081301,26
"28",2003,9,6.38888888888889,9,6.875,6,5.5,6.83333333333333,6.16666666666667,4,5,2,3,6,179,136,43,10,50,129,6.34413407821229,6.71764705882353,5.16279069767442,5.8,6.4,6.32248062015504,27
"29",2003,10,7.43636363636364,11,7.85,6.33333333333333,NA,7,7.53333333333333,8,3,0,2,9,190,144,46,10,52,138,6.40736842105263,6.78055555555556,5.23913043478261,5.8,6.42307692307692,6.40144927536232,28
"30",2003,11,6.2,5,9,5.5,NA,6.5,6,1,4,0,2,3,195,145,50,10,54,141,6.40205128205128,6.79586206896552,5.26,5.8,6.42592592592593,6.39290780141844,29
"31",2003,12,6.15,10,6.1875,6,6,5.83333333333333,6.28571428571429,8,2,1,3,7,205,153,52,11,57,148,6.38975609756097,6.7640522875817,5.28846153846154,5.81818181818182,6.39473684210526,6.38783783783784,30
"32",2004,1,6.08333333333333,12,6.2,5.5,NA,6.5,6,10,2,0,2,10,217,163,54,11,59,158,6.37281105990783,6.72944785276074,5.2962962962963,5.81818181818182,6.39830508474576,6.36329113924051,31
"33",2004,2,5.85,10,6.33333333333333,5.64285714285714,6,5.83333333333333,5.85714285714286,3,7,1,3,7,227,166,61,12,62,165,6.34977973568282,6.72228915662651,5.33606557377049,5.83333333333333,6.37096774193548,6.34181818181818,32
"34",2004,3,6.07692307692308,13,6.36363636363636,4.5,NA,5.33333333333333,6.3,11,2,0,3,10,240,177,63,12,65,175,6.335,6.7,5.30952380952381,5.83333333333333,6.32307692307692,6.33942857142857,33
"35",2004,4,6.2,10,6.2,NA,NA,6.4,6,10,0,0,5,5,250,187,63,12,70,180,6.3296,6.67326203208556,5.30952380952381,5.83333333333333,6.32857142857143,6.33,34
"36",2004,5,6.66666666666667,9,7.14285714285714,5,5,7,6.25,7,2,1,5,4,259,194,65,13,75,184,6.34131274131274,6.69020618556701,5.3,5.76923076923077,6.37333333333333,6.32826086956522,35
"37",2004,6,6.3,15,6.5,5.75,4,6.08333333333333,6.44444444444444,11,4,1,6,9,274,205,69,14,81,193,6.33905109489051,6.68,5.32608695652174,5.64285714285714,6.35185185185185,6.33367875647668,36
"38",2004,7,5.68181818181818,11,6.35714285714286,4.5,NA,5.875,5.57142857142857,7,4,0,4,7,285,212,73,14,85,200,6.31368421052631,6.66933962264151,5.28082191780822,5.64285714285714,6.32941176470588,6.307,37
"39",2004,8,6.4,10,6.42857142857143,6.33333333333333,7,6.25,6.5,7,3,1,4,6,295,219,76,15,89,206,6.31661016949152,6.66164383561644,5.32236842105263,5.73333333333333,6.32584269662921,6.3126213592233,38
"40",2004,9,5.67647058823529,17,5.75,5.5,NA,5.375,6.4,12,5,0,12,5,312,231,81,15,101,211,6.28173076923077,6.61428571428571,5.33333333333333,5.73333333333333,6.21287128712871,6.31469194312796,39
"41",2004,10,6.26190476190476,21,6.7,5.16666666666667,5,5.85714285714286,6.46428571428571,15,6,1,7,14,333,246,87,16,108,225,6.28048048048048,6.61951219512195,5.32183908045977,5.6875,6.18981481481481,6.324,40
"42",2004,11,5.03181818181818,22,5.54545454545455,4.51818181818182,3.5,4.9,5.14166666666667,11,11,2,10,12,355,257,98,18,118,237,6.20309859154929,6.57354085603113,5.23163265306122,5.44444444444444,6.08050847457627,6.26413502109705,41
"43",2004,12,6.19285714285714,14,6.57,5.25,NA,6.14285714285714,6.24285714285714,10,4,0,7,7,369,267,102,18,125,244,6.20271002710027,6.57340823970037,5.23235294117647,5.44444444444444,6.084,6.26352459016393,42
"44",2005,1,6.03846153846154,26,6,6.125,7.33333333333333,5.55555555555556,6.29411764705882,18,8,3,9,17,395,285,110,21,134,261,6.19189873417721,6.53719298245614,5.29727272727273,5.71428571428571,6.04850746268657,6.26551724137931,43
"45",2005,2,5.93548387096774,31,6.41666666666667,5.26923076923077,5.25,5.375,6.28947368421053,18,13,4,12,19,426,303,123,25,146,280,6.17323943661972,6.53003300330033,5.29430894308943,5.64,5.99315068493151,6.26714285714286,44
"46",2005,3,5.925,16,6.2,5.46666666666667,5.9,6.25714285714286,5.66666666666667,10,6,2,7,9,442,313,129,27,153,289,6.16425339366516,6.51948881789137,5.30232558139535,5.65925925925926,6.00522875816993,6.24844290657439,45
"47",2005,4,6.078125,16,6.36111111111111,5.71428571428571,5.5,5.58333333333333,6.71428571428571,9,7,2,9,7,458,322,136,29,162,296,6.16124454148471,6.51506211180124,5.32352941176471,5.64827586206897,5.98179012345679,6.25945945945946,46
"48",2005,5,6.46428571428571,14,6.5,6.4,7,6.72222222222222,6,9,5,1,9,5,472,331,141,30,171,301,6.17023305084746,6.51465256797583,5.36170212765957,5.69333333333333,6.02076023391813,6.25514950166113,47
"49",2005,6,6.01333333333333,15,6.9,4.24,7.5,5.64,6.2,10,5,2,5,10,487,341,146,32,176,311,6.16540041067762,6.52595307917888,5.32328767123288,5.80625,6.00994318181818,6.25337620578778,48
"50",2005,7,5.93333333333333,15,6.85714285714286,5.125,4.5,6.5,5.72727272727273,7,8,4,4,11,502,348,154,36,180,322,6.15846613545817,6.53261494252873,5.31298701298701,5.66111111111111,6.02083333333333,6.23540372670807,49
"51",2005,8,6.65789473684211,19,6.61764705882353,7,NA,6.90909090909091,6.3125,17,2,0,11,8,521,365,156,36,191,330,6.17667946257198,6.53657534246575,5.33461538461539,5.66111111111111,6.07198952879581,6.23727272727273,50
"52",2005,9,5.53333333333333,9,5.53333333333333,NA,NA,3.75,6.04285714285714,9,0,0,2,7,530,374,156,36,193,337,6.16575471698113,6.51243315508021,5.33461538461539,5.66111111111111,6.0479274611399,6.23323442136499,51
"53",2005,10,5.90476190476191,21,6,5.66666666666667,6,6,5.81818181818182,15,6,2,10,11,551,389,162,38,203,348,6.15580762250454,6.4926735218509,5.34691358024691,5.67894736842105,6.04556650246305,6.22011494252874,52
"54",2005,11,5.81578947368421,19,6.46428571428571,4,NA,5.57692307692308,6.33333333333333,14,5,0,13,6,570,403,167,38,216,354,6.14447368421053,6.49168734491315,5.3065868263473,5.67894736842105,6.01736111111111,6.22203389830509,53
"55",2005,12,5.8,20,6.42857142857143,4.33333333333333,7,5.875,5.75,14,6,1,8,12,590,417,173,39,224,366,6.13279661016949,6.48956834532374,5.2728323699422,5.71282051282051,6.01227678571429,6.20655737704918,54
"56",2006,1,5.95652173913043,23,6.46666666666667,5,7,5.75,6.18181818181818,15,8,1,12,11,613,432,181,40,236,377,6.12618270799347,6.48877314814815,5.26077348066298,5.745,5.9989406779661,6.20583554376658,55
"57",2006,2,5.75,10,5.75,5.75,4.5,5.7,5.8,8,2,1,5,5,623,440,183,41,241,382,6.12014446227929,6.47534090909091,5.26612021857923,5.71463414634146,5.99273858921162,6.20052356020943,56
"58",2006,3,6.1875,24,6.34375,5.875,NA,5.66666666666667,6.36111111111111,16,8,0,6,18,647,456,191,41,247,400,6.1226429675425,6.47072368421053,5.29162303664921,5.71463414634146,5.98481781376518,6.20775,57
"59",2006,4,6.01333333333333,15,6.47272727272727,4.75,NA,5.44,6.3,11,4,0,5,10,662,467,195,41,252,410,6.12016616314199,6.47077087794432,5.28051282051282,5.71463414634146,5.97400793650794,6.21,58
"60",2006,5,6.59090909090909,11,7.0625,5.33333333333333,NA,6.6,6.58333333333333,8,3,0,5,6,673,475,198,41,257,416,6.1278603268945,6.48073684210526,5.28131313131313,5.71463414634146,5.98618677042802,6.21538461538462,59
"61",2006,6,6.0625,16,6.33333333333333,5.25,NA,5.66666666666667,6.15384615384615,12,4,0,3,13,689,487,202,41,260,429,6.12634252539913,6.47710472279261,5.28069306930693,5.71463414634146,5.9825,6.21351981351981,60
"62",2006,7,5.5,20,6.8,4.2,5.5,3,5.77777777777778,10,10,2,2,18,709,497,212,43,262,447,6.10867418899859,6.48360160965795,5.22971698113207,5.7046511627907,5.95973282442748,6.19597315436242,61
"63",2006,8,6.63157894736842,19,6.875,5.33333333333333,8,6.8,6.57142857142857,16,3,1,5,14,728,513,215,44,267,461,6.12232142857143,6.4958089668616,5.23116279069767,5.75681818181818,5.97546816479401,6.20737527114968,62
"64",2006,9,5.73913043478261,23,6.10526315789474,4,NA,5,5.94444444444444,19,4,0,5,18,751,532,219,44,272,479,6.11058588548602,6.48186090225564,5.20867579908676,5.75681818181818,5.95753676470588,6.19749478079332,63
"65",2006,10,6.34090909090909,22,6.78125,5.16666666666667,4.5,6,6.46875,16,6,2,6,16,773,548,225,46,278,495,6.11714100905563,6.49060218978102,5.20755555555555,5.70217391304348,5.95845323741007,6.20626262626263,64
"66",2006,11,6.34761904761905,21,6.54705882352941,5.5,6,6.64285714285714,6.2,17,4,1,7,14,794,565,229,47,285,509,6.12323677581864,6.49230088495575,5.21266375545851,5.70851063829787,5.97526315789474,6.20609037328094,65
"67",2006,12,6.20666666666667,30,6.13157894736842,6.33636363636364,5.75,6.53076923076923,5.95882352941176,19,11,4,13,17,824,584,240,51,298,526,6.12627427184466,6.48056506849315,5.26416666666667,5.71176470588235,5.9994966442953,6.19809885931559,66
"68",2007,1,5.92857142857143,42,6.2741935483871,4.95454545454545,2.5,5.26470588235294,6.38,31,11,2,17,25,866,615,251,53,315,551,6.11668591224018,6.47016260162602,5.25059760956175,5.59056603773585,5.95984126984127,6.20635208711434,67
"69",2007,2,5.83333333333333,27,6.03125,5.54545454545455,4,5.2,6.20588235294118,16,11,1,10,17,893,631,262,54,325,568,6.10811870100784,6.45903328050713,5.26297709923664,5.56111111111111,5.93646153846154,6.20633802816902,68
"70",2007,3,6.00689655172414,29,6.5,5.30833333333333,5.9,6.07142857142857,5.98636363636364,17,12,3,7,22,922,648,274,57,332,590,6.10493492407809,6.46010802469136,5.26496350364963,5.57894736842105,5.93930722891566,6.19813559322034,69
"71",2007,4,6.43157894736842,38,6.91333333333333,4.625,6,6.07142857142857,6.64166666666667,30,8,2,14,24,960,678,282,59,346,614,6.11786458333333,6.4801622418879,5.2468085106383,5.59322033898305,5.94465317919075,6.21547231270358,70
"72",2007,5,6.06896551724138,29,6.15,5.88888888888889,NA,5.9375,6.11904761904762,20,9,0,8,21,989,698,291,59,354,635,6.11643073811931,6.47070200573066,5.26666666666667,5.59322033898305,5.94449152542373,6.21228346456693,71
"73",2007,6,6.50555555555556,18,6.59166666666667,6.33333333333333,6,6.2,6.62307692307692,12,6,1,5,13,1007,710,297,60,359,648,6.1233862959285,6.47274647887324,5.28821548821549,5.6,5.94805013927577,6.22052469135803,72
"74",2007,7,6.296875,32,6.4,6.125,5.16666666666667,6.78571428571429,6.16,20,12,3,7,25,1039,730,309,63,366,673,6.12872954764196,6.47075342465753,5.32071197411003,5.57936507936508,5.96407103825137,6.21827637444279,73
"75",2007,8,6.525,20,6.64705882352941,5.83333333333333,4.5,6,6.80769230769231,17,3,1,7,13,1059,747,312,64,373,686,6.1362134088763,6.47476572958501,5.32564102564103,5.5625,5.96474530831099,6.22944606413994,74
"76",2007,9,6.625,36,6.86538461538461,6,6,6.5,6.71428571428571,26,10,4,15,21,1095,773,322,68,388,707,6.15228310502283,6.4879042690815,5.34658385093168,5.58823529411765,5.9854381443299,6.24384724186704,75
"77",2007,10,6.25,32,6.425,5.95833333333333,NA,6.03846153846154,6.39473684210526,20,12,0,13,19,1127,793,334,68,401,726,6.15505767524401,6.48631778058007,5.3685628742515,5.58823529411765,5.98715710723192,6.24779614325069,76
"78",2007,11,5.85526315789474,38,6.64285714285714,4.88235294117647,5,5.17647058823529,6.40476190476191,21,17,3,17,21,1165,814,351,71,418,747,6.14527896995708,6.49035626535627,5.34501424501424,5.56338028169014,5.95418660287081,6.25220883534137,77
"79",2007,12,5.90614035087719,57,6.44827586206897,5.34464285714286,5,5.46590909090909,6.18285714285714,29,28,1,22,35,1222,843,379,72,440,782,6.13412438625204,6.48890865954923,5.34498680738786,5.55555555555556,5.92977272727273,6.24910485933504,78
"80",2008,1,6.50769230769231,65,6.95348837209302,5.63636363636364,5,6.6,6.46666666666667,43,22,3,20,45,1287,886,401,75,460,827,6.15299145299145,6.51145598194131,5.36097256857855,5.53333333333333,5.95891304347826,6.26094316807739,79
"81",2008,2,6.52162162162162,37,6.93461538461538,5.54545454545455,6,6.31818181818182,6.60769230769231,26,11,4,11,26,1324,912,412,79,471,853,6.16329305135952,6.5235197368421,5.36589805825243,5.55696202531646,5.96730360934183,6.2715123094959,80
"82",2008,3,6.08333333333333,36,6.63157894736842,5.47058823529412,5,5.73333333333333,6.33333333333333,19,17,2,15,21,1360,931,429,81,486,874,6.16117647058823,6.52572502685285,5.37004662004662,5.54320987654321,5.96008230452675,6.27299771167048,81
"83",2008,4,5.91810344827586,29,6.59375,5.08653846153846,4.75,5.1,6.08854166666667,16,13,4,5,24,1389,947,442,85,491,898,6.15610151187905,6.52687434002112,5.36170814479638,5.50588235294118,5.95132382892057,6.26806792873051,82
"84",2008,5,6.42666666666667,30,6.98888888888889,5.58333333333333,4.83333333333333,6.16666666666667,6.53809523809524,18,12,3,9,21,1419,965,454,88,500,919,6.16182170542635,6.53549222797927,5.36756607929515,5.48295454545455,5.9552,6.27423830250272,83
"85",2008,6,6.24705882352941,34,6.84090909090909,5.15833333333333,5,5.80769230769231,6.51904761904762,22,12,6,13,21,1453,987,466,94,513,940,6.1638162422574,6.54229989868288,5.36217811158798,5.45212765957447,5.95146198830409,6.27970744680851,84
"86",2008,7,6.04342857142857,35,6.31375,5.81578947368421,5.88888888888889,6.082,6.028,16,19,9,10,25,1488,1003,485,103,523,965,6.16098454301075,6.53865403788634,5.37994845360825,5.49029126213592,5.95395793499044,6.27318652849741,85
"87",2008,8,6.03026315789474,38,6.56875,5.10714285714286,5.25,5.546875,6.38181818181818,24,14,4,16,22,1526,1027,499,107,539,987,6.15772935779816,6.53935735150925,5.37229458917836,5.48130841121495,5.94187384044527,6.27560790273556,86
"88",2008,9,6.1825,40,7.03529411764706,5.55217391304348,5.55555555555556,5.65384615384615,6.43703703703704,17,23,9,13,27,1566,1044,522,116,552,1014,6.15836206896551,6.54743295019157,5.38022030651341,5.48706896551724,5.93509057971015,6.27990631163708,87
"89",2008,10,6.56,30,6.62777777777778,6.45833333333333,5.2,6.55555555555556,6.56190476190476,18,12,5,9,21,1596,1062,534,121,561,1035,6.16591165413533,6.54879472693032,5.40444756554307,5.47520661157025,5.94504456327986,6.28562801932367,88
"90",2008,11,6.62142857142857,28,7.075,6.01666666666667,5.5,6.97,6.42777777777778,16,12,4,10,18,1624,1078,546,125,571,1053,6.17376539408867,6.55660482374768,5.41790293040293,5.476,5.96299474605955,6.2880579297246,89
"91",2008,12,5.75862068965517,29,6.2,5.28571428571429,5.5,4.61111111111111,6.275,15,14,2,9,20,1653,1093,560,127,580,1073,6.16648215366001,6.55171088746569,5.41459821428571,5.47637795275591,5.94201724137931,6.28781453867661,90
"92",2009,1,6.1,60,6.4390243902439,5.36842105263158,5.21428571428571,5.65909090909091,6.35526315789474,41,19,7,22,38,1713,1134,579,134,602,1111,6.16415353181552,6.54763668430335,5.4130829015544,5.46268656716418,5.93167774086379,6.29012151215121,91
"93",2009,2,5.85208333333333,48,6.576,5.06521739130435,4.55555555555556,6.4,5.70789473684211,25,23,9,10,38,1761,1159,602,143,612,1149,6.15564735945485,6.54824849007765,5.39979235880399,5.40559440559441,5.93933006535948,6.27086597040905,92
"94",2009,3,6.06545454545455,55,6.17272727272727,5.90454545454545,7,6.56923076923077,5.90952380952381,33,22,3,13,42,1816,1192,624,146,625,1191,6.15291574889868,6.53785234899329,5.41758814102564,5.43835616438356,5.952432,6.25812342569269,93
"95",2009,4,6.17558139534884,43,6.81739130434783,5.4375,5.8,6.35416666666667,6.10645161290323,23,20,10,12,31,1859,1215,644,156,637,1222,6.15344002151694,6.54314403292181,5.41820652173913,5.46153846153846,5.96,6.25427577741408,94
"96",2009,5,6.14102564102564,39,6.31578947368421,5.975,6.2,6.11111111111111,6.15,19,20,5,9,30,1898,1234,664,161,646,1252,6.15318493150685,6.53964343598055,5.43497740963855,5.48447204968944,5.9621052631579,6.25177715654952,95
"97",2009,6,5.96551724137931,29,6.22941176470588,5.59166666666667,6,5.91818181818182,5.99444444444444,17,12,3,11,18,1927,1251,676,164,657,1270,6.15036066424494,6.5354276578737,5.43775887573964,5.49390243902439,5.9613698630137,6.24812992125984,96
"98",2009,7,5.93382352941176,34,6.48958333333333,4.6,3.5,5,6.22115384615385,24,10,4,8,26,1961,1275,686,168,665,1296,6.14660632330443,6.53456470588235,5.42554664723032,5.44642857142857,5.9498045112782,6.2475887345679,97
"99",2009,8,6.18382352941176,34,6.55555555555556,5.765625,5.25,5.6875,6.33653846153846,18,16,8,8,26,1995,1293,702,176,673,1322,6.14724060150376,6.53485692188708,5.43329772079772,5.4375,5.94668647845468,6.24933812405446,98
"100",2009,9,6.18891891891892,37,6.44736842105263,5.91611111111111,6,5.6,6.2809375,19,18,6,5,32,2032,1312,720,182,678,1354,6.14799950787401,6.53358993902439,5.44536805555555,5.45604395604396,5.94412979351033,6.25008493353028,99
"101",2009,10,6,19,6.47,5.47777777777778,5.66,5.46666666666667,6.24615384615385,10,9,5,6,13,2051,1322,729,187,684,1367,6.14662847391516,6.53310892586989,5.44576817558299,5.46149732620321,5.93994152046784,6.2500475493782,100
"102",2009,11,6.13414634146341,41,6.93181818181818,5.21052631578947,6.25,5.63888888888889,6.52173913043478,22,19,8,18,23,2092,1344,748,195,702,1390,6.14638384321223,6.53963541666667,5.43979278074866,5.49384615384615,5.93222222222222,6.25454316546763,101
"103",2009,12,5.8448275862069,29,6.46875,5.07692307692308,4.66666666666667,5.1,6.23684210526316,16,13,3,10,19,2121,1360,761,198,712,1409,6.1422607260726,6.53880147058824,5.43359395532194,5.48131313131313,5.92053370786517,6.25430447125621,102
"104",2010,1,6.08870967741935,31,6.675,5.02272727272727,5.25,5.5,6.20192307692308,20,11,2,5,26,2152,1380,772,200,717,1435,6.14148931226766,6.54077536231884,5.4277396373057,5.479,5.91760111576011,6.25335540069686,103
"105",2010,2,6.35810810810811,37,6.70833333333333,6.02631578947368,6.4,5.75,6.52586206896552,18,19,5,8,29,2189,1398,791,205,725,1464,6.14515075376884,6.54293276108727,5.44211757269279,5.50146341463415,5.91575172413793,6.25875341530055,104
"106",2010,3,6.26315789473684,38,6.625,5.64285714285714,4.66666666666667,5.78571428571429,6.37096774193548,24,14,3,7,31,2227,1422,805,208,732,1495,6.14716434665469,6.54431786216596,5.44560869565217,5.48942307692308,5.91450819672131,6.26108026755853,105
"107",2010,4,5.95810810810811,37,6.66052631578947,5.21666666666667,6.21428571428571,5.85,6.02391304347826,19,18,7,14,23,2264,1441,823,215,746,1518,6.14407464664311,6.54585010409438,5.44060145808019,5.51302325581395,5.91329758713137,6.25748682476943,106
"108",2010,5,6.48275862068965,29,6.96428571428571,6.03333333333333,7.33333333333333,6,6.60869565217391,14,15,3,6,23,2293,1455,838,218,752,1541,6.14835804622765,6.54987628865979,5.45121121718377,5.53807339449541,5.91398936170213,6.26272874756652,107
"109",2010,6,6.14117647058824,17,6.31818181818182,5.81666666666667,5.95,7.5,5.96,11,6,2,2,15,2310,1466,844,220,754,1556,6.14830519480519,6.5481377899045,5.45380924170616,5.54181818181818,5.91819628647215,6.25981041131105,108
"110",2010,7,6.17692307692308,26,6.925,4.98,5.66666666666667,6.3,6.14,16,10,3,6,20,2336,1482,854,223,760,1576,6.14862371575342,6.55220647773279,5.44826112412178,5.54349775784753,5.92121052631579,6.25828997461929,109
"111",2010,8,6.574,25,7.25625,5.36111111111111,5,6.40909090909091,6.70357142857143,16,9,2,11,14,2361,1498,863,225,771,1590,6.15312791190173,6.55972630173565,5.44735225955967,5.53866666666667,5.92817120622568,6.2622106918239,110
"112",2010,9,6.19642857142857,28,6.55384615384615,5.88666666666667,6.5,6.24,6.18695652173913,13,15,4,5,23,2389,1511,878,229,776,1613,6.1536354123064,6.55967571144937,5.4548576309795,5.55545851528384,5.93018041237113,6.26113763174209,111
"113",2010,10,6.45,18,7.6,4.64285714285714,5,7.7,5.96923076923077,11,7,1,5,13,2407,1522,885,230,781,1626,6.15585168259244,6.56719448094612,5.44843502824859,5.55304347826087,5.94151088348271,6.25880381303813,112
"114",2010,11,6.26578947368421,38,6.71428571428571,5.71176470588235,5.42857142857143,6.03846153846154,6.384,21,17,7,13,25,2445,1543,902,237,794,1651,6.15756032719836,6.56919637070642,5.45339800443459,5.5493670886076,5.94309823677582,6.26069957601454,113
"115",2010,12,6.12959183673469,49,6.63703703703704,5.50681818181818,6.29166666666667,6.23333333333333,6.08382352941176,27,22,6,15,34,2494,1570,924,243,809,1685,6.15701082598236,6.57036305732484,5.45466991341991,5.56769547325103,5.94847960444994,6.25713056379822,114
"116",2011,1,6.32708333333333,48,6.89166666666667,5.7625,4.57142857142857,6,6.46176470588235,24,24,7,14,34,2542,1594,948,250,823,1719,6.16022226593234,6.57520075282309,5.46246308016878,5.5398,5.9493560145808,6.2611780104712,115
"117",2011,2,5.94090909090909,44,6.67826086956522,5.13333333333333,4.83333333333333,5.5,6.08787878787879,23,21,6,11,33,2586,1617,969,256,834,1752,6.15649071925754,6.57666666666667,5.4553302373581,5.5232421875,5.94342925659472,6.25791381278539,116
"118",2011,3,6.14705882352941,34,7.21875,5.19444444444444,5.7,5,6.44444444444444,16,18,5,7,27,2620,1633,987,261,841,1779,6.15636832061069,6.58295774647887,5.45057244174265,5.52662835249042,5.93557669441141,6.26074480044969,117
"119",2011,4,6.336,25,6.54375,5.96666666666667,5.9,5.73333333333333,6.52631578947368,16,9,3,6,19,2645,1649,996,264,847,1798,6.15806616257089,6.58257731958763,5.4552359437751,5.53087121212121,5.9341440377804,6.2635511679644,118
"120",2011,5,6.48333333333333,30,6.7625,6.16428571428571,6.25,5,6.64814814814815,16,14,4,3,27,2675,1665,1010,268,850,1825,6.16171401869159,6.58430630630631,5.46506435643564,5.54160447761194,5.93084705882353,6.26924109589041,119
"121",2011,6,6.25869565217391,23,6.545,6.03846153846154,5.83333333333333,6.25,6.25952380952381,10,13,3,2,21,2698,1675,1023,271,852,1846,6.16254077094144,6.58407164179105,5.47235092864125,5.54483394833948,5.93159624413145,6.26913055254605,120
"122",2011,7,5.878125,32,6.4125,5.34375,6.16666666666667,4.5,6.3375,16,16,6,8,24,2730,1691,1039,277,860,1870,6.15920695970696,6.58244825547014,5.47037054860443,5.55830324909747,5.91827906976744,6.27000802139037,121
"123",2011,8,5.925,28,6.85384615384615,5.12,4.83333333333333,6.42857142857143,5.75714285714286,13,15,3,7,21,2758,1704,1054,280,867,1891,6.15682922407542,6.58451877934273,5.46538425047438,5.55053571428572,5.92239907727797,6.2643125330513,122
"124",2011,9,5.96590909090909,22,6.16666666666667,5.890625,6.54166666666667,5,6.328125,6,16,6,6,16,2780,1710,1070,286,873,1907,6.15531834532374,6.58305263157895,5.4717429906542,5.57132867132867,5.91605956471936,6.2648479286838,123
"125",2011,10,6.36216216216216,37,6.625,5.87692307692308,5.5,6.29166666666667,6.396,24,13,2,12,25,2817,1734,1083,288,885,1932,6.15803514376997,6.58363321799308,5.47660664819945,5.57083333333333,5.92115254237288,6.2665450310559,124
"126",2011,11,5.41764705882353,34,6.21428571428571,4.86,4.5,4.60833333333333,5.85909090909091,14,20,6,12,22,2851,1748,1103,294,897,1954,6.14920554191512,6.58067505720824,5.46542611060743,5.54897959183674,5.90358974358974,6.26195752302968,125
"127",2011,12,6.19791666666667,24,7.015625,4.5625,6,6.17857142857143,6.20588235294118,16,8,1,7,17,2875,1764,1111,295,904,1971,6.14961217391304,6.5846201814059,5.45892439243924,5.55050847457627,5.90571902654867,6.2614738711314,126
"128",2012,1,6.25405405405405,37,6.675,5.75882352941176,6.18333333333333,6.71428571428571,6.14666666666667,20,17,6,7,30,2912,1784,1128,301,911,2001,6.15093921703297,6.58563340807175,5.46344414893617,5.56312292358804,5.91193194291987,6.25975262368816,127
"129",2012,2,5.81818181818182,33,6.59375,5.08823529411765,5.2,5.65714285714286,5.86153846153846,16,17,5,7,26,2945,1800,1145,306,918,2027,6.14721052631579,6.58570555555556,5.45787336244541,5.55718954248366,5.90998910675381,6.25464479526394,128
"130",2012,3,6.37903225806452,31,6.83823529411765,5.82142857142857,6,6.05555555555556,6.51136363636364,17,14,3,9,22,2976,1817,1159,309,927,2049,6.14962533602151,6.58806824435884,5.46226488352028,5.56148867313916,5.91140237324703,6.25740117130307,129
"131",2012,4,6.51481481481482,27,6.63333333333333,6.1,NA,7.2,6.35909090909091,21,6,0,5,22,3003,1838,1165,309,932,2071,6.15290875790876,6.58858541893363,5.46554935622318,5.56148867313916,5.91831545064378,6.25848140994689,130
"132",2012,5,6.60769230769231,26,6.91428571428571,6.25,5.8,7.2,6.46666666666667,14,12,5,5,21,3029,1852,1177,314,937,2092,6.15681247936613,6.59104751619871,5.4735471537808,5.56528662420382,5.92515474919957,6.26057122370937,131
"133",2012,6,6.33333333333333,21,6.6,5.66666666666667,5,6,6.36842105263158,15,6,2,2,19,3050,1867,1183,316,939,2111,6.15802786885246,6.59111944295662,5.47452662721893,5.56170886075949,5.92531416400426,6.26154192325912,132
"134",2012,7,5.78107142857143,28,6.56428571428571,4.99785714285714,6,4.8625,6.1485,14,14,3,8,20,3078,1881,1197,319,947,2131,6.1545987654321,6.5909197235513,5.46895154553049,5.56583072100313,5.91633579725449,6.2604809948381,133
"135",2012,8,6.54310344827586,29,7.26470588235294,5.52083333333333,6.5,5.77272727272727,7.01388888888889,17,12,2,11,18,3107,1898,1209,321,958,2149,6.15822497586096,6.59695468914647,5.4694665012407,5.57165109034268,5.91468684759916,6.26679153094462,134
"136",2012,9,6.47826086956522,23,6.76923076923077,6.1,6.66666666666667,6.7,6.30769230769231,13,10,3,10,13,3130,1911,1219,324,968,2162,6.1605766773163,6.59812663526949,5.47463904840033,5.58179012345679,5.92279958677686,6.2670374653099,135
"137",2012,10,5.59615384615385,26,5.96875,5,4.33333333333333,4.75,5.85,16,10,3,6,20,3156,1927,1229,327,974,2182,6.15592680608365,6.59290088220031,5.47077705451587,5.57033639143731,5.9155749486653,6.26321494042163,136
"138",2012,11,5.50869565217391,23,6.18,4.25,4.25,4.625,5.98,15,8,4,8,15,3179,1942,1237,331,982,2197,6.15124410191884,6.58971163748713,5.46288197251415,5.55438066465257,5.90506109979633,6.26128129267182,137
"139",2012,12,6.21527777777778,36,7,5.43055555555556,6.2,5.55555555555556,6.43518518518519,18,18,5,9,27,3215,1960,1255,336,991,2224,6.15196111975117,6.59347959183674,5.46241832669323,5.56398809523809,5.90188698284561,6.26339253597122,138
"140",2013,1,6.25762711864407,59,6.52857142857143,5.8625,6.11111111111111,6.39166666666667,6.22340425531915,35,24,9,12,47,3274,1995,1279,345,1003,2271,6.15386530238241,6.59234085213033,5.46992572322127,5.57826086956522,5.90774675972084,6.26256494936151,139
"141",2013,2,6.40217391304348,23,6.90384615384615,5.75,5.75,5.875,6.58823529411765,13,10,6,6,17,3297,2008,1289,351,1009,2288,6.15559751289051,6.59435756972112,5.47209852598914,5.58119658119658,5.90755203171457,6.2649847027972,140
"142",2013,3,6.17592592592593,27,6.79411764705882,5.125,1,5.28571428571429,6.4875,17,10,1,7,20,3324,2025,1299,352,1016,2308,6.15576263537906,6.59603456790124,5.46942648190916,5.56818181818182,5.90326771653543,6.26691291161178,141
"143",2013,4,5.60357142857143,28,5.94117647058824,5.08181818181818,NA,5.4,5.64782608695652,17,11,0,5,23,3352,2042,1310,352,1021,2331,6.15115005966587,6.59058276199804,5.46617175572519,5.56818181818182,5.90080313418217,6.26080437580437,142
"144",2013,5,6.54193548387097,31,6.78947368421053,6.15,6.5,5.41666666666667,6.812,19,12,2,6,25,3383,2061,1322,354,1027,2356,6.15473100798108,6.59241630276565,5.47237897125567,5.57344632768362,5.8979746835443,6.26665322580645,143
"145",2013,6,6.63809523809524,21,7.66666666666667,5.86666666666667,6.33333333333333,6.98,6.53125,9,12,3,5,16,3404,2070,1334,357,1032,2372,6.15771298472386,6.59708695652174,5.47592578710645,5.57983193277311,5.90321705426356,6.26843802698145,144
"146",2013,7,5.71785714285714,28,5.88823529411765,5.45454545454545,NA,4.25,6.11818181818182,17,11,0,6,22,3432,2087,1345,357,1038,2394,6.15412441724942,6.59131288931481,5.47575092936803,5.57983193277311,5.89366088631984,6.26705722639933,145
"147",2013,8,6.015625,32,6.5,5.39285714285714,5,6.25,5.96153846153846,18,14,1,6,26,3464,2105,1359,358,1044,2420,6.15284497690531,6.59053206650831,5.47489698307579,5.57821229050279,5.89570881226054,6.26377479338843,146
"148",2013,9,5.846875,32,6.26470588235294,5.37333333333333,4.22,5.4,6.02173913043478,17,15,5,9,23,3496,2122,1374,363,1053,2443,6.15004433638444,6.58792177191329,5.47378820960699,5.5595041322314,5.89147198480532,6.26149611133852,147
"149",2013,10,6.21212121212121,33,6.76315789473684,5.46428571428571,5,5.92857142857143,6.28846153846154,19,14,4,7,26,3529,2141,1388,367,1060,2469,6.15062482289601,6.58947687996264,5.47369236311239,5.55340599455041,5.89171698113207,6.26178007290401,148
"150",2013,11,6.02088235294118,34,6.42217391304348,5.18181818181818,4,5.7,6.07620689655172,23,11,1,5,29,3563,2164,1399,368,1065,2498,6.14938675273646,6.58769870609982,5.47139742673338,5.5491847826087,5.89081690140845,6.25962570056045,149
"151",2013,12,6.41666666666667,45,6.79310344827586,5.734375,5.75,5.95454545454545,6.56617647058824,29,16,4,11,34,3608,2193,1415,372,1076,2532,6.15272034368071,6.59041495668035,5.47437102473498,5.55134408602151,5.89146840148699,6.26374210110584,150
"152",2014,1,5.93333333333333,42,6.52,5.07058823529412,4.5,5.625,5.96578947368421,25,17,5,4,38,3650,2218,1432,377,1080,2570,6.15019589041096,6.58962128043282,5.46957751396648,5.53740053050398,5.89048148148148,6.25933657587548,151
"153",2014,2,6.2325,40,6.39375,6.125,5.8,5.83333333333333,6.26486486486487,16,24,5,3,37,3690,2234,1456,382,1083,2607,6.15108807588076,6.58821844225604,5.48038118131868,5.54083769633508,5.89032317636196,6.25941503644035,152
"154",2014,3,6.58823529411765,34,6.82692307692308,5.8125,5.5,6.875,6.55,26,8,1,4,30,3724,2260,1464,383,1087,2637,6.15507921589689,6.59096460176991,5.48219603825136,5.54073107049608,5.89394664213431,6.26272089495639,153
"155",2014,4,6.21818181818182,22,6.25384615384615,6.16666666666667,6.5,4.66666666666667,6.46315789473684,13,9,3,3,19,3746,2273,1473,386,1090,2656,6.15544981313401,6.58903651561813,5.48637813985064,5.54818652849741,5.89056880733945,6.2641547439759,154
"156",2014,5,6.21428571428571,28,6.73333333333333,5.61538461538461,5.5,6.125,6.22916666666667,15,13,3,4,24,3774,2288,1486,389,1094,2680,6.15588632750397,6.58998251748252,5.4875067294751,5.54781491002571,5.89142595978062,6.26384141791045,155
"157",2014,6,6.5,27,7.15625,5.54545454545455,5.5,6.33333333333333,6.63333333333333,16,11,3,12,15,3801,2304,1497,392,1106,2695,6.15833070244673,6.59391493055556,5.48793253173013,5.54744897959184,5.89622061482821,6.26589795918367,156
"158",2014,7,6,15,6.44444444444444,5.33333333333333,5.25,5.6,6.2,9,6,2,5,10,3816,2313,1503,394,1111,2705,6.15770833333333,6.59333333333333,5.48731536926148,5.54593908629442,5.89488748874887,6.26565434380776,157
"159",2014,8,6.45833333333333,24,6.9,6.08461538461538,6.62,6.85,6.32777777777778,11,13,5,6,18,3840,2324,1516,399,1117,2723,6.15958723958333,6.59478485370052,5.49243733509235,5.5593984962406,5.90001790510295,6.26606500183621,158
"160",2014,9,6.11571428571429,35,6.59375,5.71315789473684,5.66666666666667,5.875,6.18703703703704,16,19,3,8,27,3875,2340,1535,402,1125,2750,6.15919096774194,6.59477777777778,5.49516938110749,5.56019900497513,5.89984,6.26528909090909,159
"161",2014,10,5.68571428571429,28,6.26428571428571,5.10714285714286,5.25,5.92857142857143,5.6047619047619,14,14,4,7,21,3903,2354,1549,406,1132,2771,6.15579426082501,6.59281223449448,5.49166236281472,5.55714285714286,5.90001766784452,6.2602832912306,160
"162",2014,11,6.19642857142857,28,7.21428571428571,5.17857142857143,4.9,5.33333333333333,6.43181818181818,14,14,5,6,22,3931,2368,1563,411,1138,2793,6.15608369371661,6.59648648648649,5.48885796545105,5.54914841849148,5.89702987697715,6.26163444325098,161
"163",2014,12,6.31818181818182,22,7.08333333333333,5.4,6,7,6.21052631578947,12,10,3,3,19,3953,2380,1573,414,1141,2812,6.15698583354414,6.59894117647059,5.4882930705658,5.5524154589372,5.89992988606485,6.26128911806543,162
"164",2015,1,5.76730769230769,52,6.20967741935484,5.11428571428571,5.12857142857143,5.16666666666667,5.89302325581395,31,21,7,9,43,4005,2411,1594,421,1150,2855,6.15192634207241,6.59393612608876,5.48336574654956,5.54536817102138,5.89419130434783,6.25574255691769,163
"165",2015,2,5.48214285714286,28,6.125,5,5.125,5.625,5.45833333333333,12,16,4,4,24,4033,2423,1610,425,1154,2879,6.1472762211753,6.59161370202229,5.47856211180124,5.54141176470588,5.8932582322357,6.2490951719347,164
"166",2015,3,6.19259259259259,27,6.575,5.63636363636364,5,6.675,6.10869565217391,16,11,4,4,23,4060,2439,1621,429,1158,2902,6.1475775862069,6.59150471504715,5.47963294262801,5.53636363636364,5.8959585492228,6.24798242591316,165
"167",2015,4,6.42714285714286,14,7.05555555555556,5.296,4.75,6.66666666666667,6.36181818181818,9,5,2,3,11,4074,2448,1626,431,1161,2913,6.1485382916053,6.59321078431373,5.47906826568265,5.53271461716937,5.89795004306632,6.24841228973567,166
"168",2015,5,6.2448275862069,29,6.61764705882353,5.71666666666667,6.33333333333333,6.25,6.24285714285714,17,12,3,8,21,4103,2465,1638,434,1169,2934,6.14921886424567,6.59337931034483,5.48080891330891,5.53824884792627,5.90035928143712,6.24837252897069,167
"169",2015,6,6.13125,16,7.01428571428571,5.44444444444444,5,6.375,6.05,7,9,4,4,12,4119,2472,1647,438,1173,2946,6.14914906530711,6.59457119741101,5.4806102003643,5.53333333333333,5.9019778346121,6.24756449422946,168
"170",2015,7,6.51666666666667,18,6.84285714285714,5.375,5,5.66666666666667,6.68666666666667,14,4,1,3,15,4137,2486,1651,439,1176,2961,6.15074812666183,6.59596942880129,5.48035433070866,5.53211845102506,5.90137755102041,6.24978892266126,169
"171",2015,8,5.9695652173913,23,7.31,4.93846153846154,5.33333333333333,6.33333333333333,5.73571428571429,10,13,3,9,14,4160,2496,1664,442,1185,2975,6.14974639423077,6.59883012820513,5.47612079326923,5.53076923076923,5.9046582278481,6.24736974789916,170
"172",2015,9,5.79318181818182,22,5.905,5.7,5.125,3,5.92619047619048,10,12,4,1,21,4182,2506,1676,446,1186,2996,6.1478706360593,6.59606145251397,5.4777237470167,5.52713004484305,5.90220910623946,6.24511849132176,171
"173",2015,10,6.22222222222222,18,7,5.83333333333333,5.4,5.125,6.53571428571429,6,12,5,4,14,4200,2512,1688,451,1190,3010,6.14818928571429,6.59702627388535,5.48025177725118,5.52572062084257,5.89959663865546,6.24647009966777,172
"174",2015,11,5.52222222222222,36,6.15789473684211,4.81176470588235,4.52,5.01666666666667,5.62333333333333,19,17,5,6,30,4236,2531,1705,456,1196,3040,6.1428694523135,6.59372975108653,5.47358651026393,5.51469298245614,5.89516722408027,6.24032072368421,173
"175",2015,12,5.82413793103448,29,5.88181818181818,5.64285714285714,6,5.625,5.856,22,7,3,4,25,4265,2553,1712,459,1200,3065,6.14070222743259,6.58759498629064,5.47427862149533,5.51786492374728,5.89426666666667,6.23718597063621,174
"176",2016,1,6.11538461538461,39,6.45652173913043,5.625,5,6.375,6.08571428571429,23,16,2,4,35,4304,2576,1728,461,1204,3100,6.14047281598513,6.586424689441,5.47567418981481,5.51561822125814,5.89586378737541,6.23547580645161,175
"177",2016,2,5.97222222222222,18,6.36363636363636,5.35714285714286,4.66666666666667,6,5.96875,11,7,3,2,16,4322,2587,1735,464,1206,3116,6.13977209625174,6.58547738693468,5.47519596541787,5.51012931034483,5.89603648424544,6.23410622593068,176
"178",2016,3,6.52380952380952,21,7.33333333333333,5.91666666666667,4.5,7,6.47368421052632,9,12,2,2,19,4343,2596,1747,466,1208,3135,6.14162905825466,6.58807010785825,5.47822839152833,5.50579399141631,5.89786423841059,6.23555821371611,177
"179",2016,4,5.44375,24,5.80909090909091,5.13461538461539,5.25,5.25,5.4825,11,13,4,4,20,4367,2607,1760,470,1212,3155,6.13779367987177,6.58478327579594,5.47569034090909,5.5036170212766,5.89572607260726,6.23078446909667,178
"180",2016,5,6.24827586206897,29,6.81666666666667,5.31818181818182,4.5,6.08333333333333,6.29130434782609,18,11,4,6,23,4396,2625,1771,474,1218,3178,6.13852252047316,6.58637333333334,5.47471202710333,5.4951476793249,5.89665024630542,6.23122246696035,179
"181",2016,6,6.18181818181818,44,6.73076923076923,5.38888888888889,4.5,6.25,6.16666666666667,26,18,4,8,36,4440,2651,1789,478,1226,3214,6.13895157657658,6.58778951339118,5.47384851872554,5.48682008368201,5.898955954323,6.23049937772246,180
"182",2016,7,6.62244897959184,49,7.27586206896552,5.675,5.6,6,6.7093023255814,29,20,5,6,43,4489,2680,1809,483,1232,3257,6.14422922699933,6.59523507462687,5.47607241569928,5.4879917184265,5.89944805194805,6.23682069389008,181
"183",2016,8,6.28068181818182,44,6.664,5.77631578947368,6,6,6.36323529411765,25,19,1,10,34,4533,2705,1828,484,1242,3291,6.14555371718509,6.59587060998152,5.479193107221,5.48904958677686,5.9002576489533,6.23812670920693,182
"184",2016,9,6.25777777777778,45,6.775,5.844,5.16666666666667,7.08333333333333,6.13076923076923,20,25,6,6,39,4578,2725,1853,490,1248,3330,6.14665683704675,6.59718532110092,5.48411494873178,5.48510204081633,5.90594551282051,6.23686936936937,183
"185",2016,10,6.06071428571429,35,6.76041666666667,5.69565217391304,5.33333333333333,5.5,6.15416666666667,12,23,6,5,30,4613,2737,1876,496,1253,3360,6.14600476913072,6.59790098648155,5.48670842217484,5.48326612903226,5.90432561851556,6.23613095238095,184
"186",2016,11,6.242,50,6.62,5.864,6.3,6.66666666666667,6.21489361702128,25,25,7,3,47,4663,2762,1901,503,1256,3407,6.14703409822003,6.59810101375815,5.49167017359284,5.49463220675944,5.90614649681529,6.23583798062812,185
"187",2016,12,5.92682926829268,41,6.75,4.76470588235294,5.25,6.42857142857143,5.82352941176471,24,17,4,7,34,4704,2786,1918,507,1263,3441,6.14511479591837,6.5994095477387,5.48522679874869,5.49270216962525,5.90904196357878,6.2317640220866,186
"188",2017,1,6.02033898305085,59,6.3972972972973,5.38636363636364,6.5,6.1,6.00408163265306,37,22,4,10,49,4763,2823,1940,511,1273,3490,6.14356917908881,6.59676053843429,5.48410567010309,5.50058708414873,5.91054202670856,6.22856733524355,187
"189",2017,2,5.94594594594595,37,6.53125,5.5,4.75,5.125,6.04545454545455,16,21,4,4,33,4800,2839,1961,515,1277,3523,6.14204583333333,6.59639133497711,5.48427587965324,5.4947572815534,5.90808144087706,6.22685211467499,188
"190",2017,3,5.949375,32,6.90625,4.9925,3,5.25,5.996,16,16,2,2,30,4832,2855,1977,517,1279,3553,6.14076986754967,6.59812784588442,5.48029590288315,5.48510638297872,5.90705238467553,6.22490289895863,189
"191",2017,4,6.04347826086957,46,6.82692307692308,5.025,3.33333333333333,6.41666666666667,5.9875,26,20,3,6,40,4878,2881,1997,520,1285,3593,6.13985239852399,6.60019264144394,5.47573610415623,5.47269230769231,5.90943190661479,6.22225994990259,190
"192",2017,5,6.36875,40,6.825,5,4.66666666666667,6.625,6.32352941176471,30,10,3,6,34,4918,2911,2007,523,1291,3627,6.14171411142741,6.60250944692546,5.47336571998007,5.46806883365201,5.91275755228505,6.22320926385442,191
"193",2017,6,6.17073170731707,41,6.56521739130435,5.66666666666667,5.875,6.33333333333333,6.125,23,18,8,9,32,4959,2934,2025,531,1300,3659,6.14195402298851,6.60221710974779,5.47508395061728,5.47419962335217,5.91566923076923,6.22235036895326,192
"194",2017,7,5.98378378378378,37,6.52173913043478,5.1,4.91666666666667,6.8,5.85625,23,14,6,5,32,4996,2957,2039,537,1305,3691,6.14078262610088,6.60159113966859,5.47250858263855,5.46797020484171,5.91905747126437,6.21917637496613,193
"195",2017,8,6.53571428571429,35,6.8625,6.1,4.8,6,6.625,20,15,5,5,30,5031,2977,2054,542,1310,3721,6.14353011329755,6.60334397044004,5.47709104186952,5.46180811808118,5.91936641221374,6.222448266595,194
"196",2017,9,6.33525,40,6.65714285714286,5.58416666666667,5.2,4.6,6.58314285714286,28,12,5,5,35,5071,3005,2066,547,1315,3756,6.14504239794912,6.6038452579035,5.47771297192643,5.45941499085923,5.91434980988593,6.22580937167199,195
"197",2017,10,5.96571428571429,35,6.6625,5.03666666666667,4.5,5,6.09032258064516,20,15,2,4,31,5106,3025,2081,549,1319,3787,6.14381316098707,6.60423305785124,5.47453387794329,5.45591985428051,5.91157695223654,6.22470029046739,196
"198",2017,11,6.08913043478261,46,6.755,5.57692307692308,5.64285714285714,6.42857142857143,6.02820512820513,20,26,7,7,39,5152,3045,2107,556,1326,3826,6.14332492236025,6.60522331691297,5.47579734219269,5.45827338129496,5.91430618401207,6.22269733403032,197
"199",2017,12,6.54772727272727,44,6.76129032258065,6.03846153846154,6,7.11428571428571,6.44054054054054,31,13,3,7,37,5196,3076,2120,559,1333,3863,6.14674942263279,6.60679616384916,5.47924764150943,5.46118067978533,5.92060765191298,6.22478384675123,198
"200",2018,1,6.37037037037037,54,6.80625,5.73636363636364,5.35555555555556,6.63636363636364,6.30232558139535,32,22,9,11,43,5250,3108,2142,568,1344,3906,6.14904952380952,6.60884974259974,5.48188842203548,5.45950704225352,5.92646577380953,6.22563748079877,199
"201",2018,2,6.53589743589744,39,7.36842105263158,5.745,6.35714285714286,5.2,6.73235294117647,19,20,7,5,34,5289,3127,2162,575,1349,3940,6.15190206088107,6.61346498241126,5.484322386679,5.4704347826087,5.92377316530764,6.23001015228426,200
"202",2018,3,6.475,28,7.42307692307692,5.65333333333333,6.2,6.45,6.47916666666667,13,15,4,4,24,5317,3140,2177,579,1353,3964,6.15360353582847,6.61681687898089,5.4854869085898,5.47547495682211,5.92532889874353,6.23151866801211,201
"203",2018,4,6.49411764705882,34,6.78947368421053,6.12,6.875,3.33333333333333,6.8,19,15,4,3,31,5351,3159,2192,583,1356,3995,6.15576714632779,6.61785533396645,5.48982892335766,5.48507718696398,5.91959439528024,6.23592991239049,202
"204",2018,5,6.61538461538461,26,6.98125,6.03,5,7.5,6.54166666666667,16,10,4,2,24,5377,3175,2202,587,1358,4019,6.15798958527059,6.61968661417323,5.49228201634877,5.48177172061329,5.92192194403535,6.23775566061209,203
"205",2018,6,5.87647058823529,17,6.4875,5.33333333333333,5.5,6,5.86875,8,9,2,1,16,5394,3183,2211,589,1359,4035,6.15710233592881,6.61935438265787,5.49163500678426,5.48183361629881,5.92197939661516,6.23629244114002,204
"206",2018,7,5.724,20,7,5.49882352941176,5.75,5.3,5.86533333333333,3,17,4,5,15,5414,3186,2228,593,1364,4050,6.15550240118212,6.61971280602637,5.49168985637343,5.48364249578415,5.91969941348974,6.23491851851852,205
"207",2018,8,6.38571428571429,42,6.896,5.63529411764706,5.9,5.47142857142857,6.56857142857143,25,17,2,7,35,5456,3211,2245,595,1371,4085,6.1572745601173,6.62186390532545,5.49277728285078,5.48504201680672,5.9174106491612,6.23777723378213,206
"208",2018,9,6.22083333333333,24,6.82,5.22222222222222,4.66666666666667,6.66666666666667,6.15714285714286,15,9,3,3,21,5480,3226,2254,598,1374,4106,6.15755291970803,6.62278518288903,5.49169698314108,5.4809364548495,5.91904657933042,6.23736483195324,207
"209",2018,10,5.80666666666667,24,6.05733333333333,5.38888888888889,6,5.64,5.85052631578947,15,9,1,5,19,5504,3241,2263,599,1379,4125,6.15602289244186,6.62016815797594,5.49128811312417,5.48180300500835,5.91803480783176,6.23558303030303,208
"210",2018,11,5.80025566666667,30,6.69384466666667,4.90666666666667,5.4,4,6.1603068,15,15,5,5,25,5534,3256,2278,604,1384,4150,6.15409426635345,6.62050757678133,5.48743854258121,5.48112582781457,5.91110549132948,6.23512955903614,209
"211",2018,12,5.99394736842105,38,6.63888888888889,4.41090909090909,5.5,5.89285714285714,6.01677419354839,27,11,2,7,31,5572,3283,2289,606,1391,4181,6.15300209440057,6.62065874809626,5.48226518130187,5.48118811881188,5.91101365923796,6.23351056445826,210
"212",2019,1,6.09268292682927,41,6.375,5.69411764705882,5.2,5.5,6.12307692307692,24,17,4,2,39,5613,3307,2306,610,1393,4220,6.15256149474434,6.61887592077412,5.48382697311361,5.47934426229508,5.91042354630294,6.23248996919431,211
"213",2019,2,6.345,30,6.68333333333333,5.55555555555556,6.33333333333333,5.72,6.47,21,9,3,5,25,5643,3328,2315,613,1398,4245,6.1535845596314,6.61928265324519,5.48410583153347,5.48352365415987,5.90974248927039,6.23388873262662,212
"214",2019,3,5.95833333333333,36,6.5,5.28125,4.6,5.625,6.05357142857143,20,16,5,8,28,5679,3348,2331,618,1406,4273,6.15234683394964,6.61857009259259,5.48271342771342,5.47637540453074,5.90812233285918,6.2327071542242,213
"215",2019,4,6.01282051282051,39,6.86363636363636,4.91176470588235,5.71428571428571,5.5,6.14516129032258,22,17,7,8,31,5718,3370,2348,625,1414,4304,6.1513951853795,6.62016993175074,5.47857964224872,5.47904,5.90581329561528,6.23207659618959,214
"216",2019,5,5.82916666666667,24,6.21818181818182,5.5,5,6,5.81363636363636,11,13,2,2,22,5742,3381,2361,627,1416,4326,6.15004835771508,6.61886207335108,5.47869758576874,5.47751196172249,5.90594632768362,6.22994860610263,215
"217",2019,6,5.985,30,6.80357142857143,5.26875,5.375,5.875,6.0125,14,16,4,6,24,5772,3395,2377,631,1422,4350,6.14919051801802,6.61962376141385,5.47728439209087,5.47686212361331,5.90581575246132,6.22874888965517,216
"218",2019,7,5.59259259259259,27,5.79411764705882,5.25,6,4.6,5.81818181818182,17,10,1,5,22,5799,3412,2387,632,1427,4372,6.1465990118986,6.61551074736225,5.47633221617092,5.47768987341772,5.90124036440084,6.22668290713632,217
"219",2019,8,6.06363636363636,33,6.40952380952381,5.45833333333333,4.5,5.83333333333333,6.11481481481481,21,12,2,6,27,5832,3433,2399,634,1433,4399,6.14612957304527,6.61425070492281,5.47624218424343,5.47460567823344,5.90095603628751,6.22599628779268,218
"220",2019,9,6.54615384615385,26,6.92142857142857,6.10833333333333,5.75,6,6.61739130434783,14,12,4,3,23,5858,3447,2411,638,1436,4422,6.14790503072721,6.61549830867421,5.47938822065533,5.47633228840126,5.90116295264624,6.22803203753957,219
"221",2019,10,6.58216216216216,37,7.04521739130435,5.82142857142857,4.5,6,6.65272727272727,23,14,2,4,33,5895,3470,2425,640,1440,4455,6.15063064800678,6.6183465907781,5.48136288659793,5.47328125,5.9014375,6.23117792817059,220
"222",2019,11,6.26029411764706,34,6.49166666666667,6,5.85714285714286,6.22222222222222,6.274,18,16,7,9,25,5929,3488,2441,647,1449,4480,6.15125951593861,6.61769285263762,5.4847623924621,5.4774343122102,5.90342995169082,6.231416890625,221
"223",2019,12,6.68222222222222,27,7.33529411764706,5.572,6,4.33333333333333,6.97583333333333,17,10,1,3,24,5956,3505,2451,648,1452,4504,6.15366649932841,6.62117337232525,5.48511831905344,5.47824074074074,5.90018595041322,6.2353835857016,222
"224",2020,1,6.18478260869565,46,6.80645161290323,4.9,5,6.07142857142857,6.20512820512821,31,15,2,7,39,6002,3536,2466,650,1459,4543,6.15390497667444,6.62279770079186,5.48155920519059,5.47676923076923,5.90100753941056,6.23512385428131,223
"225",2020,2,6.19230769230769,39,6.51851851851852,5.45833333333333,5.66666666666667,6.6,6.13235294117647,27,12,3,5,34,6041,3563,2478,653,1464,4577,6.15415290018209,6.62200748526523,5.48144673123486,5.47764165390506,5.90339480874317,6.23436042604326,224
"226",2020,3,6.72752818181818,22,7.292135,6.05,6,6,6.88920111111111,12,10,2,4,18,6063,3575,2488,655,1468,4595,6.15623343064489,6.62425686433567,5.48373191318328,5.47923664122138,5.90365803814714,6.2369256343852,225
"227",2020,4,6.35227272727273,22,6.75,5,4,4,6.46428571428571,17,5,3,1,21,6085,3592,2493,658,1469,4616,6.15694220049301,6.62485197383074,5.48276173285198,5.47249240121581,5.90236215112321,6.23795998483535,226
"228",2020,5,6.54,25,6.92105263157895,5.33333333333333,5.5,8,6.34090909090909,19,6,1,3,22,6110,3611,2499,659,1472,4638,6.1585095400982,6.62641049293825,5.48240296118447,5.47253414264037,5.90663722826087,6.23844831608452,227
"229",2020,6,5.94736842105263,19,6.625,4.78571428571429,5.125,6.5,5.88235294117647,12,7,4,2,17,6129,3623,2506,663,1474,4655,6.15785499918421,6.6264058211427,5.48045690343176,5.47043740573153,5.90744233378562,6.2371478603652,228
"230",2020,7,5.87222222222222,18,6.48,5.1125,5,5.7,5.92142857142857,10,8,2,4,14,6147,3633,2514,665,1478,4669,6.1570185928095,6.62600283236994,5.47928599840891,5.46902255639098,5.90688092016238,6.23620117584065,229
"231",2020,8,6.51851851851852,27,7.17857142857143,5.80769230769231,5.42,6.5,6.52272727272727,14,13,5,5,22,6174,3647,2527,670,1483,4691,6.1585994962747,6.62812401700028,5.48097546497823,5.46865671641791,5.90888064733648,6.23754493498188,230
"232",2020,9,6,24,6.11111111111111,5.66666666666667,NA,5.33333333333333,6.09523809523809,18,6,0,3,21,6198,3665,2533,670,1486,4712,6.15798536463375,6.6255847994543,5.48141531780497,5.46865671641791,5.90771870794078,6.23691071519524,231
"233",2020,10,6.31034482758621,29,6.58333333333333,5.86363636363636,6,7.16666666666667,6.21153846153846,18,11,4,3,26,6227,3683,2544,674,1489,4738,6.15869492371928,6.62537830301385,5.48306800314465,5.47181008902078,5.91025520483546,6.23677148374842,232
"234",2020,11,6.17379310344828,29,6.41411764705882,5.83333333333333,4,4.33333333333333,6.38615384615385,17,12,2,3,26,6256,3700,2556,676,1492,4764,6.1587649120844,6.62440764594595,5.48471244131455,5.46745562130178,5.90708445040215,6.2375867527288,233
"235",2020,12,5.76351351351351,37,6.46428571428571,4.84375,4.83333333333333,4,5.8125,21,16,3,1,36,6293,3721,2572,679,1493,4800,6.15644101223582,6.62350397473798,5.48072511664074,5.46465390279824,5.90580709979906,6.23439860208333,234
"236",2021,1,6.08194444444444,36,6.59,4.92727272727273,4.1,7.16666666666667,5.98333333333333,25,11,2,3,33,6329,3746,2583,681,1496,4833,6.15601726813082,6.6232803764015,5.47836817653891,5.46064610866373,5.90833556149733,6.23268431409063,235
"237",2021,2,6.14,25,6.47222222222222,5.28571428571429,5.33333333333333,7.5,6.02173913043478,18,7,3,2,23,6354,3764,2590,684,1498,4856,6.15595424771797,6.62255799415516,5.47784749034749,5.46008771929825,5.9104606141522,6.23168519151565,236
"238",2021,3,6.26080769230769,26,6.57116666666667,5.5625,4.66666666666667,7.8905,6.125,18,8,3,2,24,6380,3782,2598,687,1500,4880,6.15638155015674,6.6223134029614,5.47810816012317,5.4566229985444,5.91310066666667,6.2311605102459,237
"239",2021,4,6.25,12,7.25,4.25,NA,NA,6.25,8,4,0,0,12,6392,3790,2602,687,1500,4892,6.15655730444305,6.62363833509235,5.47622021521906,5.4566229985444,5.91310066666667,6.23120672322159,238
"240",2021,5,5.86875,16,6.07692307692308,4.96666666666667,5,8,5.72666666666667,13,3,1,1,15,6408,3803,2605,688,1501,4907,6.15583868445693,6.62176946884039,5.47563339731286,5.45595930232559,5.914491005996,6.22966441614021,239
"241",2021,6,6.20769230769231,13,6.95714285714286,5.33333333333333,5.5,7,6.14166666666667,7,6,2,1,12,6421,3810,2611,690,1502,4919,6.15594366765301,6.62238564041995,5.47530639601685,5.45608695652174,5.91521371504661,6.22944974385038,240
"242",2021,7,6.125,20,7.2,5.05,5.5,7,6.07894736842105,10,10,2,1,19,6441,3820,2621,692,1503,4938,6.15584758422605,6.62389771989529,5.4736837085082,5.45621387283237,5.91593546240852,6.22887065411098,241
"243",2021,8,5.73478260869565,23,6.72307692307692,4.45,5.25,3.25,5.97142857142857,13,10,2,2,21,6464,3833,2631,694,1505,4959,6.15434936417079,6.62423409600835,5.46979285442797,5.45561959654179,5.9123926910299,6.22778045775358,242
"244",2021,9,6.34516129032258,31,7.06315789473684,5.20833333333333,NA,5.5,6.50769230769231,19,12,0,5,26,6495,3852,2643,694,1510,4985,6.15526009083911,6.62639908878505,5.46860575104048,5.45561959654179,5.91102715231788,6.22924037913741,243
"245",2021,10,5.34090909090909,22,5.54166666666667,5.1,5,6.33333333333333,5.18421052631579,12,10,4,3,19,6517,3864,2653,698,1513,5004,6.15251101580482,6.62303035455487,5.46721635883905,5.45300859598854,5.91186450760079,6.22527244004796,244
"246",2021,11,6.42307692307692,26,6.8,5.16666666666667,NA,5.5,6.46,20,6,0,1,25,6543,3884,2659,698,1514,5029,6.15358616689592,6.62394162976313,5.4665381722452,5.45300859598854,5.91159247027741,6.22643931000199,245
"247",2021,12,6.2093023255814,43,6.64814814814815,5.46875,5.68333333333333,6.25,6.20512820512821,27,16,6,4,39,6586,3911,2675,704,1518,5068,6.15394993774673,6.62410874200972,5.46655140186916,5.45497159090909,5.91248418972332,6.22627531373323,246
"248",2022,1,6.260066,40,6.78974620689655,4.86363636363636,3.66666666666667,5.41666666666667,6.40890117647059,29,11,3,6,34,6626,3940,2686,707,1524,5102,6.15459054180501,6.62532790101523,5.46408227848101,5.44738330975955,5.91053215223097,6.22749234221874,247
"249",2022,2,6.38095238095238,21,6.78571428571429,5.57142857142857,4.5,5.5,6.47368421052632,14,7,2,2,19,6647,3954,2693,709,1526,5121,6.1553056912893,6.62589578401619,5.46436130709246,5.44471086036672,5.90999410222805,6.22840576645187,248
"250",2022,3,6.2475,24,6.92866666666667,5.11222222222222,NA,7,6.14,15,9,0,3,21,6671,3969,2702,709,1529,5142,6.15563737520611,6.62704004283195,5.46318837897853,5.44471086036672,5.91213276651406,6.22804471606379,249
"251",2022,4,5.74259259259259,27,6.28611111111111,4.65555555555556,5.33333333333333,5,5.83541666666667,18,9,3,3,24,6698,3987,2711,712,1532,5166,6.15397236936399,6.62550086029596,5.46050719291774,5.44424157303371,5.91034660574413,6.22622066008517,250
"252",2022,5,6.42727272727273,22,7.02857142857143,5.375,5.5,10,6.25714285714286,14,8,2,1,21,6720,4001,2719,714,1533,5187,6.15486710267857,6.62691125468633,5.46025560867966,5.44439775910365,5.91301435094586,6.22634585116638,251
"253",2022,6,6.23076923076923,26,6.39473684210526,5.78571428571429,3,5,6.33333333333333,19,7,1,2,24,6746,4020,2726,715,1535,5211,6.15515963978654,6.62581391293533,5.46109134262656,5.44097902097902,5.91182475570033,6.22683859719824,252
"254",2022,7,6.34642857142857,28,6.70588235294118,5.79090909090909,2,3,6.47037037037037,17,11,1,1,27,6774,4037,2737,716,1536,5238,6.15595024062592,6.62615108496409,5.46241687979539,5.43617318435755,5.90992903645833,6.22809391561665,253
"255",2022,8,6.1156,25,6.29266666666667,5.85,4,7.76333333333333,5.89090909090909,15,10,2,3,22,6799,4052,2747,718,1539,5260,6.15580187233417,6.62491656712735,5.46382781215872,5.43217270194986,5.91354191033139,6.22668363688213,254
"256",2022,9,6.07142857142857,21,6.69230769230769,5.0625,4,7.66666666666667,5.80555555555556,13,8,1,3,18,6820,4065,2755,719,1542,5278,6.15554207184751,6.62513208610086,5.46266243194192,5.43018080667594,5.91695265888457,6.22524742895036,255
"257",2022,10,6.07478260869565,23,6.65,5.18,5.75,6.75,6.01047619047619,14,9,2,2,21,6843,4079,2764,721,1544,5299,6.15527063130206,6.62521743809758,5.46174204052098,5.43106796116505,5.9180317357513,6.22439628797887,256
"258",2022,11,6.16666666666667,27,6.67647058823529,5.3,4.5,7,6.13461538461539,17,10,2,1,26,6870,4096,2774,723,1545,5325,6.15531541921397,6.62543015869141,5.46115897620764,5.42849239280775,5.91873203883495,6.22395792112676,257
"259",2022,12,6.30933333333333,30,6.34666666666667,6.22222222222222,6,5.79666666666667,6.4375,21,9,1,6,24,6900,4117,2783,724,1551,5349,6.15598506231884,6.62400824143794,5.46362019403521,5.42928176795581,5.91825983236622,6.22491604598991,258
