"","year","month","avg_rating","no_ratings","avg_rating_owned","avg_rating_not_owned","avg_rating_prev_owned","avg_rating_comment","avg_rating_no_comment","no_ratings_owned","no_ratings_not_owned","no_ratings_prev_owned","no_ratings_comment","no_ratings_no_comment","cum_no_ratings","cum_no_ratings_owned","cum_no_ratings_not_owned","cum_no_ratings_prev_owned","cum_no_ratings_comment","cum_no_ratings_no_comment","cum_avg_rating","cum_avg_rating_owned","cum_avg_rating_not_owned","cum_avg_rating_prev_owned","cum_avg_rating_comment","cum_avg_rating_no_comment","month_after_release"
"1",2002,3,8,1,8,NA,NA,NA,8,1,0,0,0,1,1,1,0,0,0,1,8,8,NA,NA,NA,8,10
"2",2002,6,7,2,7,NA,NA,NA,7,2,0,0,0,2,3,3,0,0,0,3,7.33333333333333,7.33333333333333,NA,NA,NA,7.33333333333333,13
"3",2002,8,9,2,9,NA,NA,NA,9,2,0,0,0,2,5,5,0,0,0,5,8,8,NA,NA,NA,8,15
"4",2002,9,6,1,NA,6,NA,NA,6,0,1,0,0,1,6,5,1,0,0,6,7.66666666666667,8,6,NA,NA,7.66666666666667,16
"5",2002,10,9,1,9,NA,NA,NA,9,1,0,0,0,1,7,6,1,0,0,7,7.85714285714286,8.16666666666667,6,NA,NA,7.85714285714286,17
"6",2002,12,6.5,2,9,4,NA,NA,6.5,1,1,0,0,2,9,7,2,0,0,9,7.55555555555556,8.28571428571429,5,NA,NA,7.55555555555556,19
"7",2003,1,7,1,7,NA,NA,NA,7,1,0,0,0,1,10,8,2,0,0,10,7.5,8.125,5,NA,NA,7.5,20
"8",2003,2,6.5,3,6.5,NA,NA,8,5.75,3,0,0,1,2,13,11,2,0,1,12,7.26923076923077,7.68181818181818,5,NA,8,7.20833333333333,21
"9",2003,3,7,1,NA,7,NA,7,NA,0,1,0,1,0,14,11,3,0,2,12,7.25,7.68181818181818,5.66666666666667,NA,7.5,7.20833333333333,22
"10",2003,5,3,1,NA,3,NA,3,NA,0,1,0,1,0,15,11,4,0,3,12,6.96666666666667,7.68181818181818,5,NA,6,7.20833333333333,24
"11",2003,6,8.5,2,10,7,NA,8.5,NA,1,1,0,2,0,17,12,5,0,5,12,7.14705882352941,7.875,5.4,NA,7,7.20833333333333,25
"12",2003,7,5.6875,8,7.33333333333333,4.7,6,8,5.35714285714286,3,5,1,1,7,25,15,10,1,6,19,6.68,7.76666666666667,5.05,6,7.16666666666667,6.52631578947368,26
"13",2003,8,6.375,4,7.25,5.5,NA,6.5,6,2,2,0,3,1,29,17,12,1,9,20,6.63793103448276,7.70588235294118,5.125,6,6.94444444444444,6.5,27
"14",2003,9,4.5,2,5,4,NA,NA,4.5,1,1,0,0,2,31,18,13,1,9,22,6.5,7.55555555555556,5.03846153846154,6,6.94444444444444,6.31818181818182,28
"15",2003,10,7.5,2,9,6,NA,7.5,NA,1,1,0,2,0,33,19,14,1,11,22,6.56060606060606,7.63157894736842,5.10714285714286,6,7.04545454545455,6.31818181818182,29
"16",2003,11,5,1,NA,5,NA,NA,5,0,1,0,0,1,34,19,15,1,11,23,6.51470588235294,7.63157894736842,5.1,6,7.04545454545455,6.26086956521739,30
"17",2003,12,7.66666666666667,3,8.5,6,NA,9,7,2,1,0,1,2,37,21,16,1,12,25,6.60810810810811,7.71428571428571,5.15625,6,7.20833333333333,6.32,31
"18",2004,1,7.2,5,8,6.66666666666667,NA,7,7.33333333333333,2,3,0,2,3,42,23,19,1,14,28,6.67857142857143,7.73913043478261,5.39473684210526,6,7.17857142857143,6.42857142857143,32
"19",2004,2,6.83333333333333,6,6.83333333333333,NA,NA,6.66666666666667,7,6,0,0,3,3,48,29,19,1,17,31,6.69791666666667,7.55172413793103,5.39473684210526,6,7.08823529411765,6.48387096774194,33
"20",2004,3,7,5,6.75,8,NA,8,6.33333333333333,4,1,0,2,3,53,33,20,1,19,34,6.72641509433962,7.45454545454545,5.525,6,7.18421052631579,6.47058823529412,34
"21",2004,4,7,1,7,NA,NA,7,NA,1,0,0,1,0,54,34,20,1,20,34,6.73148148148148,7.44117647058824,5.525,6,7.175,6.47058823529412,35
"22",2004,5,8,2,9,7,NA,8,NA,1,1,0,2,0,56,35,21,1,22,34,6.77678571428571,7.48571428571429,5.59523809523809,6,7.25,6.47058823529412,36
"23",2004,6,7,2,8,6,6,7,NA,1,1,1,2,0,58,36,22,2,24,34,6.78448275862069,7.5,5.61363636363636,6,7.22916666666667,6.47058823529412,37
"24",2004,7,7,5,7,NA,NA,7.66666666666667,6,5,0,0,3,2,63,41,22,2,27,36,6.8015873015873,7.4390243902439,5.61363636363636,6,7.27777777777778,6.44444444444444,38
"25",2004,9,6,2,6,6,NA,6,6,1,1,0,1,1,65,42,23,2,28,37,6.77692307692308,7.40476190476191,5.6304347826087,6,7.23214285714286,6.43243243243243,40
"26",2004,10,8,1,8,NA,NA,8,NA,1,0,0,1,0,66,43,23,2,29,37,6.79545454545455,7.41860465116279,5.6304347826087,6,7.25862068965517,6.43243243243243,41
"27",2004,11,6.61111111111111,9,6.58333333333333,6.66666666666667,NA,6.625,6.6,6,3,0,4,5,75,49,26,2,33,42,6.77333333333333,7.31632653061224,5.75,6,7.18181818181818,6.45238095238095,42
"28",2005,1,7.28571428571429,7,7.33333333333333,7,NA,7.66666666666667,7,6,1,0,3,4,82,55,27,2,36,46,6.81707317073171,7.31818181818182,5.7962962962963,6,7.22222222222222,6.5,44
"29",2005,2,6,10,6.64285714285714,4.5,NA,5.3,6.7,7,3,0,5,5,92,62,30,2,41,51,6.72826086956522,7.24193548387097,5.66666666666667,6,6.98780487804878,6.51960784313725,45
"30",2005,3,5.71428571428571,7,6.6,3.5,2,5.66666666666667,6,5,2,1,6,1,99,67,32,3,47,52,6.65656565656566,7.19402985074627,5.53125,4.66666666666667,6.81914893617021,6.50961538461539,46
"31",2005,4,6.16666666666667,6,6,6.33333333333333,7,7,5.75,3,3,1,2,4,105,70,35,4,49,56,6.62857142857143,7.14285714285714,5.6,5.25,6.8265306122449,6.45535714285714,47
"32",2005,5,8.33333333333333,6,9,7.66666666666667,8,8.33333333333333,8.33333333333333,3,3,1,3,3,111,73,38,5,52,59,6.72072072072072,7.21917808219178,5.76315789473684,5.8,6.91346153846154,6.55084745762712,48
"33",2005,6,6.3,5,7.25,5.66666666666667,NA,5,8.25,2,3,0,3,2,116,75,41,5,55,61,6.70258620689655,7.22,5.75609756097561,5.8,6.80909090909091,6.60655737704918,49
"34",2005,7,7,5,7,7,NA,7,7,4,1,0,2,3,121,79,42,5,57,64,6.71487603305785,7.20886075949367,5.78571428571429,5.8,6.81578947368421,6.625,50
"35",2005,8,7.25,2,NA,7.25,NA,6.5,8,0,2,0,1,1,123,79,44,5,58,65,6.72357723577236,7.20886075949367,5.85227272727273,5.8,6.81034482758621,6.64615384615385,51
"36",2005,9,7.30357142857143,7,7.5,6.8125,NA,7.5,7.15625,5,2,0,3,4,130,84,46,5,61,69,6.75480769230769,7.22619047619048,5.89402173913043,5.8,6.84426229508197,6.67572463768116,52
"37",2005,10,6.625,4,8,5.25,NA,6.5,6.66666666666667,2,2,0,1,3,134,86,48,5,62,72,6.7509328358209,7.24418604651163,5.8671875,5.8,6.83870967741935,6.67534722222222,53
"38",2005,11,6.25,4,9,5.33333333333333,NA,6,6.5,1,3,0,2,2,138,87,51,5,64,74,6.73641304347826,7.26436781609195,5.83578431372549,5.8,6.8125,6.67060810810811,54
"39",2005,12,8.27272727272727,11,8.625,7.33333333333333,7,8,8.6,8,3,1,6,5,149,95,54,6,70,79,6.8498322147651,7.37894736842105,5.91898148148148,6,6.91428571428571,6.79272151898734,55
"40",2006,1,6.05714285714286,14,6.42857142857143,5.68571428571429,NA,5.75555555555556,6.6,7,7,0,9,5,163,102,61,6,79,84,6.78174846625767,7.31372549019608,5.8922131147541,6,6.78227848101266,6.78125,56
"41",2006,2,7,2,7,NA,NA,7,7,2,0,0,1,1,165,104,61,6,80,85,6.78439393939394,7.30769230769231,5.8922131147541,6,6.785,6.78382352941177,57
"42",2006,3,6.7875,8,6.54285714285714,8.5,NA,6.26666666666667,7.1,7,1,0,3,5,173,111,62,6,83,90,6.78453757225433,7.25945945945946,5.93427419354839,6,6.76626506024096,6.80138888888889,58
"43",2006,4,6.78571428571429,7,6.75,6.83333333333333,7.5,7.1,6,4,3,1,5,2,180,115,65,7,88,92,6.78458333333333,7.24173913043478,5.97576923076923,6.21428571428571,6.78522727272727,6.78396739130435,59
"44",2006,5,7.5,2,7.5,NA,NA,8,7,2,0,0,1,1,182,117,65,7,89,93,6.79244505494505,7.24615384615385,5.97576923076923,6.21428571428571,6.79887640449438,6.78629032258065,60
"45",2006,6,6.16,5,6.16,NA,NA,4.5,7.26666666666667,5,0,0,2,3,187,122,65,7,91,96,6.77553475935829,7.20163934426229,5.97576923076923,6.21428571428571,6.74835164835165,6.80130208333333,61
"46",2006,7,6.90625,16,7.4,6.08333333333333,NA,7.5,6.63636363636364,10,6,0,5,11,203,132,71,7,96,107,6.78583743842364,7.21666666666667,5.98485915492958,6.21428571428571,6.7875,6.78434579439252,62
"47",2006,8,5.66666666666667,3,5.5,6,6,NA,5.66666666666667,2,1,1,0,3,206,134,72,8,96,110,6.76953883495146,7.1910447761194,5.98506944444444,6.1875,6.7875,6.75386363636364,63
"48",2006,9,6.625,8,6.75,6.5,NA,7.2,5.66666666666667,4,4,0,5,3,214,138,76,8,101,113,6.76413551401869,7.17826086956522,6.01217105263158,6.1875,6.80792079207921,6.725,64
"49",2006,10,7.21428571428571,7,7.375,7,NA,6.83333333333333,7.5,4,3,0,3,4,221,142,79,8,104,117,6.77839366515837,7.18380281690141,6.0496835443038,6.1875,6.80865384615385,6.75149572649573,65
"50",2006,11,7.4,5,7.4,NA,NA,7.33333333333333,7.5,5,0,0,3,2,226,147,79,8,107,119,6.79214601769911,7.19115646258503,6.0496835443038,6.1875,6.82336448598131,6.7640756302521,66
"51",2006,12,6.59523809523809,21,7.15625,4.8,5,6.25,7.05555555555556,16,5,1,12,9,247,163,84,9,119,128,6.77540485829959,7.18773006134969,5.97529761904762,6.05555555555556,6.76554621848739,6.7845703125,67
"52",2007,1,6.324,25,6.84615384615385,5.75833333333333,5.5,5.87142857142857,6.5,13,12,2,7,18,272,176,96,11,126,146,6.73391544117647,7.1625,5.94817708333333,5.95454545454545,6.71587301587302,6.74948630136986,68
"53",2007,2,6.18563,11,7.33333333333333,4.808386,3,6.5,6.11577,6,5,1,2,9,283,182,101,12,128,155,6.71260399293286,7.16813186813187,5.89175178217822,5.70833333333333,6.7125,6.71268987096774,69
"54",2007,3,6.43636363636364,11,6.83333333333333,5.96,NA,6.46666666666667,6.4,6,5,0,6,5,294,188,106,12,134,160,6.70226846938775,7.15744680851064,5.89497103773585,5.70833333333333,6.70149253731343,6.7029183125,70
"55",2007,4,6.10416666666667,12,7.75,5.55555555555556,4,5.6875,6.9375,3,9,3,8,4,306,191,115,15,142,164,6.67881349673203,7.16675392670157,5.86840808695652,5.36666666666667,6.6443661971831,6.70863981707317,71
"56",2007,5,7.09090909090909,11,7.2,7,7.5,7,7.125,5,6,4,3,8,317,196,121,19,145,172,6.69311334384858,7.16760204081633,5.92452008264463,5.81578947368421,6.65172413793103,6.72800540697674,72
"57",2007,6,6.54285714285714,7,7.2,5.66666666666667,5,6.56,6.5,4,3,1,5,2,324,200,124,20,150,174,6.68986706790123,7.16825,5.91828169354839,5.775,6.64866666666667,6.72538465517241,73
"58",2007,7,5.375,8,5.5,5.25,NA,5.5,5.25,4,4,0,4,4,332,204,128,20,154,178,6.65818352409639,7.13553921568627,5.897397890625,5.775,6.61883116883117,6.69222994382022,74
"59",2007,8,5.91666666666667,12,6.8,5.28571428571429,5,5.33333333333333,6.5,5,7,2,6,6,344,209,135,22,160,184,6.63231665697674,7.12751196172249,5.86568096296296,5.70454545454545,6.570625,6.68596157608696,75
"60",2007,9,6.36363636363636,11,7.6,5.33333333333333,6,5.58333333333333,7.3,5,6,1,6,5,355,214,141,23,166,189,6.62399135211268,7.13855140186916,5.84302787234043,5.71739130434783,6.53493975903614,6.70220597883598,76
"61",2007,10,6.91666666666667,6,7.33333333333333,6.5,NA,7,6.9,3,3,0,1,5,361,217,144,23,167,194,6.62885576177285,7.14124423963134,5.85671479166667,5.71739130434783,6.5377245508982,6.7073037628866,77
"62",2007,11,6.51153846153846,13,6.33125,6.8,NA,6.83333333333333,6.23571428571429,8,5,0,6,7,374,225,149,23,173,201,6.62477788770053,7.11244444444444,5.88836865771812,5.71739130434783,6.54797687861272,6.69088024875622,78
"63",2007,12,6.325,20,6.59375,5.25,NA,6.25,6.375,16,4,0,8,12,394,241,153,23,181,213,6.60956073604061,7.07800829875519,5.87167928104575,5.71739130434783,6.53480662983425,6.67308417840376,79
"64",2008,1,6.2625,24,6.19166666666667,6.33333333333333,6.16666666666667,6.4375,6.175,12,12,3,8,16,418,253,165,26,189,229,6.58963380382775,7.03596837944664,5.90525412121212,5.76923076923077,6.53068783068783,6.6382835371179,80
"65",2008,2,6.33636363636364,11,6.83333333333333,5.74,7.25,7.25,5.24,6,5,2,6,5,429,259,170,28,195,234,6.5831396969697,7.03127413127413,5.90039370588235,5.875,6.55282051282051,6.60840568376068,81
"66",2008,3,5.41666666666667,6,6.625,3,NA,5.16666666666667,5.66666666666667,4,2,0,3,3,435,263,172,28,198,237,6.5670504137931,7.02509505703422,5.86666819767442,5.875,6.53181818181818,6.59648493670886,82
"67",2008,4,6.16666666666667,15,7.08333333333333,5.55555555555556,6,6.6,5.95,6,9,1,5,10,450,269,181,29,203,247,6.55370428888889,7.02639405204461,5.85119850828729,5.87931034482759,6.53349753694581,6.57031145748988,83
"68",2008,5,6.75,8,7,6,6,7.2,6,6,2,1,5,3,458,275,183,30,208,250,6.5571330349345,7.02581818181818,5.85282475409836,5.88333333333333,6.54951923076923,6.56346772,84
"69",2008,6,6.55555555555556,9,7.33333333333333,5,NA,7,6.2,6,3,0,4,5,467,281,186,30,212,255,6.55710263383298,7.03238434163701,5.83906951612903,5.88333333333333,6.55801886792453,6.55634090196078,85
"70",2008,7,6.93,10,7.05,6.75,9,6.78571428571429,7.26666666666667,6,4,1,7,3,477,287,190,31,219,258,6.56492018867925,7.03275261324042,5.858247,5.98387096774194,6.56529680365297,6.56460050387597,86
"71",2008,8,6.28571428571429,7,5,6.8,7,5.5,6.6,2,5,1,2,5,484,289,195,32,221,263,6.56088208677686,7.01868512110727,5.88239451282051,6.015625,6.55565610859728,6.56527349809886,87
"72",2008,9,6.9,10,6.78571428571429,7.16666666666667,NA,7,6.85714285714286,7,3,0,3,7,494,296,198,32,224,270,6.56774682186235,7.01317567567567,5.90185318181818,6.015625,6.56160714285714,6.57284048148148,88
"73",2008,10,6.475,8,7.33333333333333,5.96,8,6,6.76,3,5,1,3,5,502,299,203,33,227,275,6.56626878486056,7.01638795986622,5.90328536945813,6.07575757575758,6.55418502202643,6.57624338181818,89
"74",2008,11,6.13888888888889,18,6.7,5.4375,6,5.44444444444444,6.83333333333333,10,8,1,9,9,520,309,211,34,236,284,6.55147486538462,7.00614886731391,5.88562526066351,6.07352941176471,6.51186440677966,6.58439059859155,90
"75",2008,12,6.015,20,6.54166666666667,5.225,5.4,6,6.02727272727273,12,8,2,9,11,540,321,219,36,245,295,6.53160542592593,6.98878504672897,5.86149283105023,6.03611111111111,6.49306122448979,6.56361671186441,91
"76",2009,1,6.28260869565217,23,7.11538461538461,5.2,NA,5.5,6.55882352941176,13,10,0,6,17,563,334,229,36,251,312,6.52143326820604,6.9937125748503,5.83260668122271,6.03611111111111,6.46932270916335,6.5633555448718,92
"77",2009,2,6.67857142857143,14,6.59090909090909,7,6,6.8,6.61111111111111,11,3,1,5,9,577,345,232,37,256,321,6.52524597920277,6.98086956521739,5.84770228448276,6.03513513513514,6.47578125,6.56469448598131,93
"78",2009,3,6.29259259259259,27,6.63571428571429,5.92307692307692,7,6.54166666666667,6.09333333333333,14,13,2,12,15,604,359,245,39,268,336,6.51484591059603,6.96740947075209,5.85170175510204,6.08461538461539,6.47873134328358,6.54365157738095,94
"79",2009,4,6.0625,16,6.18181818181818,5.8,6.5,7,5.84615384615385,11,5,3,3,13,620,370,250,42,271,349,6.50317246774194,6.94405405405405,5.85066772,6.11428571428571,6.48450184501845,6.51767028653295,95
"80",2009,5,6.51428571428571,14,6.82,5.75,4,6.74285714285714,6.28571428571429,10,4,1,7,7,634,380,254,43,278,356,6.50341787066246,6.94078947368421,5.8490824015748,6.06511627906977,6.4910071942446,6.51310935393259,96
"81",2009,6,6.61538461538461,13,7.16666666666667,6.14285714285714,6,6,6.72727272727273,6,7,1,2,11,647,386,261,44,280,367,6.50566758887172,6.94430051813471,5.85696141762452,6.06363636363636,6.4875,6.51952841961853,97
"82",2009,7,5.78684210526316,19,6.83,4.62777777777778,5.25,5.39,5.92857142857143,10,9,4,5,14,666,396,270,48,285,381,6.48516055555556,6.94141414141414,5.81598862962963,5.99583333333333,6.46824561403509,6.49781346456693,98
"83",2009,8,6.38888888888889,9,7,5.16666666666667,5,6.66666666666667,5.83333333333333,6,3,1,6,3,675,402,273,49,291,384,6.48387693333333,6.94228855721393,5.80885322344322,5.97551020408163,6.47233676975945,6.49262221354167,99
"84",2009,9,6.48214285714286,14,6.95,6.22222222222222,6,6.875,6.1875,5,9,2,6,8,689,407,282,51,297,392,6.48384169811321,6.94238329238329,5.82204585106383,5.97647058823529,6.48047138047138,6.48639522959184,100
"85",2009,10,6.9125,8,7.41666666666667,5.4,NA,6.5,7.05,6,2,0,2,6,697,413,284,51,299,398,6.48876173601148,6.94927360774818,5.8190736971831,5.97647058823529,6.48060200668896,6.4948917839196,101
"86",2009,11,5.78421052631579,19,5.76666666666667,5.8,6.75,6.7,5.45714285714286,9,10,2,5,14,716,422,294,53,304,412,6.47006554469274,6.92405213270142,5.81842493197279,6.00566037735849,6.48421052631579,6.45962847087379,102
"87",2009,12,5.91923076923077,26,6.21333333333333,5.51818181818182,5,6.13636363636364,5.76,15,11,1,11,15,742,437,305,54,315,427,6.45076405660377,6.89965675057208,5.80759649180328,5.98703703703704,6.47206349206349,6.43505135831382,103
"88",2010,1,5.56521739130435,23,6.10714285714286,4.72222222222222,5,5,5.86666666666667,14,9,2,8,15,765,451,314,56,323,442,6.42413977777778,6.8750554323725,5.77648703821656,5.95178571428571,6.43560371517028,6.41576228506788,104
"89",2010,2,6.25,12,6.83333333333333,5.66666666666667,6,6.5,6,6,6,1,6,6,777,457,320,57,329,448,6.42145036036036,6.87450765864333,5.77442790625,5.95263157894737,6.43677811550152,6.41019404017857,105
"90",2010,3,6.97692307692308,13,7.18888888888889,6.5,7.9,7.3,6.83333333333333,9,4,1,4,9,790,466,324,58,333,457,6.43059105063291,6.88057939914163,5.78338558641975,5.98620689655172,6.44714714714715,6.41852719912473,106
"91",2010,4,7,6,7,7,8,6.5,7.25,1,5,1,2,4,796,467,329,59,335,461,6.43488307788945,6.88083511777302,5.80187516717325,6.02033898305085,6.44746268656716,6.42574171366595,107
"92",2010,5,5.55555555555556,9,5.4,5.75,5,6.125,5.1,5,4,1,4,5,805,472,333,60,339,466,6.42505208695652,6.86514830508474,5.80125204204204,6.00333333333333,6.44365781710914,6.41151701716738,108
"93",2010,6,6.12692307692308,13,6.50625,5.52,6,6.20833333333333,6.05714285714286,8,5,1,6,7,818,480,338,61,345,473,6.42031409535452,6.85916666666667,5.79709150887574,6.00327868852459,6.4395652173913,6.40627257928119,109
"94",2010,7,6.47,20,6.68461538461538,6.07142857142857,6,6.375,6.49375,13,7,3,4,16,838,493,345,64,349,489,6.42149991646778,6.85456389452333,5.80265776811594,6.003125,6.43882521489971,6.40913482617587,110
"95",2010,8,6.28125,16,6.25,6.3125,6.25,6.5,6.18181818181818,8,8,2,5,11,854,501,353,66,354,500,6.41887228337236,6.84491017964072,5.81421226628895,6.01060606060606,6.43968926553672,6.40413386,111
"96",2010,9,6.75,9,6.5,7.625,NA,7.41666666666667,6.41666666666667,7,2,0,3,6,863,508,355,66,357,506,6.42232552723059,6.84015748031496,5.82441388732394,6.01060606060606,6.44789915966386,6.40428247035573,112
"97",2010,10,6.13636363636364,11,6.875,5.71428571428571,6.5,5.75,6.35714285714286,4,7,2,4,7,874,512,362,68,361,513,6.41872646453089,6.8404296875,5.82228433701657,6.025,6.44016620498615,6.40363923976608,113
"98",2010,11,5.65789473684211,19,6,5.35,5.83333333333333,5.5,5.75,9,10,3,7,12,893,521,372,71,368,525,6.40253855543113,6.82591170825336,5.80958852150537,6.0169014084507,6.42228260869565,6.38869891428572,114
"99",2010,12,6.26875,16,6.88,5.25,6,6.1875,6.35,10,6,1,8,8,909,531,378,72,376,533,6.40018364136414,6.82693032015066,5.80070616402116,6.01666666666667,6.41728723404255,6.38811806754222,115
"100",2011,1,6.17678571428571,28,6.78461538461538,5.65,6,6.32142857142857,6.12857142857143,13,15,2,7,21,937,544,393,74,383,554,6.39350792956243,6.82591911764706,5.79495402035623,6.01621621621622,6.41553524804177,6.37827965703971,116
"101",2011,2,6.145,20,6.20909090909091,6.06666666666667,NA,6.2,6.13125,11,9,0,4,16,957,555,402,74,387,570,6.38831445141066,6.81369369369369,5.80103713930348,6.01621621621622,6.41330749354005,6.37134549122807,117
"102",2011,3,6.92190476190476,21,6.94866666666667,6.855,NA,7.24,6.8225,15,6,0,5,16,978,570,408,74,392,586,6.39977191206544,6.81724561403509,5.81653659313725,6.01621621621622,6.42385204081633,6.38366370307167,118
"103",2011,4,6.68172727272727,11,7.3125,4.99966666666667,NA,8.5,5.999875,8,3,0,3,8,989,578,411,74,395,594,6.40290791708797,6.82410034602076,5.81057403892944,6.01621621621622,6.43962025316456,6.37849483164983,119
"104",2011,5,6.03333333333333,6,5.5,6.3,NA,6,6.04,2,4,0,1,5,995,580,415,74,396,599,6.40067932663316,6.81953448275862,5.81529139759036,6.01621621621622,6.4385101010101,6.37566933222037,120
"105",2011,6,6.59090909090909,11,7.5,5.83333333333333,NA,7.5,6.25,5,6,0,3,8,1006,585,421,74,399,607,6.40275937375745,6.82535042735043,5.81554852731591,6.01621621621622,6.44649122807017,6.37401306425041,121
"106",2011,7,6.78125,16,7.36363636363636,5.5,NA,6.75,6.8125,11,5,0,8,8,1022,596,426,74,407,615,6.4086848630137,6.83528523489933,5.81184490610328,6.01621621621622,6.452457002457,6.37971695934959,122
"107",2011,8,5.97058823529412,17,6.61111111111111,5.25,5.66666666666667,6,5.96875,9,8,3,1,16,1039,605,434,77,408,631,6.40151677574591,6.83195041322314,5.80148831797235,6.0025974025974,6.45134803921569,6.36929624405705,123
"108",2011,9,6.86111111111111,9,6.86111111111111,NA,NA,6,6.96875,9,0,0,1,8,1048,614,434,77,409,639,6.40546367366412,6.83237785016287,5.80148831797235,6.0025974025974,6.45024449877751,6.37680114241002,124
"109",2011,10,6.30588235294118,17,6.77777777777778,5.775,6.75,5.64,6.58333333333333,9,8,2,5,12,1065,623,442,79,414,651,6.40387411267605,6.83158908507223,5.80100889140271,6.02151898734177,6.44045893719807,6.380608187404,125
"110",2011,11,6.42857142857143,14,6.75,6.1875,4,5.75,6.54166666666667,6,8,1,2,12,1079,629,450,80,416,663,6.40419455977757,6.83081081081081,5.80787984444444,5.99625,6.43713942307692,6.38352327300151,126
"111",2011,12,5.99090909090909,11,6.1,5.5,5,6.5,5.87777777777778,9,2,1,2,9,1090,638,452,81,418,672,6.40002378899082,6.82050156739812,5.80651754424778,5.98395061728395,6.43744019138756,6.37674989583333,127
"112",2012,1,5.83181818181818,22,5.7,6.11428571428571,4.3,6.3,5.69411764705882,15,7,1,5,17,1112,653,459,82,423,689,6.38878231115108,6.79476263399694,5.81121117647059,5.96341463414634,6.43581560283688,6.35990701015965,128
"113",2012,2,6.67666666666667,15,7.37777777777778,5.625,6,4.875,6.95384615384615,9,6,1,2,13,1127,662,465,83,425,702,6.39261395740905,6.80268882175226,5.8088084516129,5.96385542168675,6.42847058823529,6.37090588319088,129
"114",2012,3,7.16363636363636,11,8.07142857142857,5.575,NA,7.5,7.0375,7,4,0,3,8,1138,669,469,83,428,710,6.40006672231986,6.81596412556054,5.80681434968017,5.96385542168675,6.43598130841121,6.3784168028169,130
"115",2012,4,6.77272727272727,11,7.33333333333333,6.1,NA,7,6.72222222222222,6,5,0,2,9,1149,675,474,83,430,719,6.40363440382941,6.82056296296296,5.80990702531645,5.96385542168675,6.43860465116279,6.38272034770515,131
"116",2012,5,6.925,20,7.39285714285714,5.83333333333333,6,8.75,6.72222222222222,14,6,2,2,18,1169,689,480,85,432,737,6.41255426005132,6.8321915820029,5.81019985416667,5.96470588235294,6.44930555555555,6.39101211668928,132
"117",2012,6,5.81944444444444,18,6.5,5.275,7,5.25,5.98214285714286,8,10,1,4,14,1187,697,490,86,436,751,6.40356017691659,6.8283787661406,5.79927740816326,5.97674418604652,6.43830275229358,6.38339005326232,133
"118",2012,7,7.144,10,7.71428571428571,5.81333333333333,5,7,7.18,7,3,1,2,8,1197,704,493,87,438,759,6.4097459732665,6.8371875,5.79936294117647,5.96551724137931,6.44086757990867,6.39178646903821,134
"119",2012,8,6.94444444444444,9,7.16666666666667,6.5,NA,7.125,6.8,6,3,0,4,5,1206,710,496,87,442,764,6.41373626036484,6.83997183098591,5.80360066532258,5.96551724137931,6.44705882352941,6.39445802356021,135
"120",2012,9,6.925,10,7.375,6.25,7,7.5,6.78125,6,4,1,2,8,1216,716,500,88,444,772,6.41794073190789,6.84445530726257,5.80717186,5.97727272727273,6.4518018018018,6.39846623056995,136
"121",2012,10,5.72727272727273,11,7,4.2,4,4.66666666666667,6.125,6,5,1,3,8,1227,722,505,89,447,780,6.41174892420538,6.84574792243767,5.79125926732673,5.95505617977528,6.43982102908277,6.39566144871795,137
"122",2012,11,6.4375,16,6.18181818181818,7,7.5,8.33333333333333,6,11,5,2,3,13,1243,733,510,91,450,793,6.41208039420756,6.83578444747612,5.80310966666667,5.98901098901099,6.45244444444444,6.38917519546028,138
"123",2012,12,6.4375,16,6.85714285714286,6.11111111111111,7,5.6,6.81818181818182,7,9,3,5,11,1259,740,519,94,455,804,6.41240343923749,6.83598648648648,5.80845073217726,6.02127659574468,6.44307692307692,6.39504468905473,139
"124",2013,1,6.26923076923077,13,6.3125,6.2,6,6.5,6.25,8,5,2,1,12,1272,748,524,96,456,816,6.41094019654088,6.83038770053476,5.81218688931298,6.02083333333334,6.44320175438596,6.39291167892157,140
"125",2013,2,6.43,10,6.25,6.7,NA,NA,6.43,6,4,0,0,10,1282,754,528,96,456,826,6.41108886895475,6.82576923076923,5.81891274621212,6.02083333333334,6.44320175438596,6.39336069007264,141
"126",2013,3,5.89,10,5.92,5.86,5.5,5.33333333333333,6.12857142857143,5,5,1,3,7,1292,759,533,97,459,833,6.40705567337461,6.8198023715415,5.81929818011257,6.01546391752578,6.4359477124183,6.39113557022809,142
"127",2013,4,6.30769230769231,13,7.11111111111111,4.5,4,5,6.54545454545455,9,4,2,2,11,1305,768,537,99,461,844,6.40606584674329,6.82321614583333,5.80947100558659,5.97474747474748,6.42971800433839,6.39314683649289,143
"128",2013,5,6.40909090909091,11,5.92857142857143,7.25,7,4,6.94444444444444,7,4,1,2,9,1316,775,541,100,463,853,6.40609113221884,6.81513548387097,5.82012186691312,5.985,6.41922246220302,6.39896357561547,144
"129",2013,6,6.41666666666667,6,5.875,7.5,NA,NA,6.41666666666667,4,2,0,0,6,1322,779,543,100,463,859,6.4061391301059,6.8103080872914,5.82630926335175,5.985,6.41922246220302,6.39908722933644,145
"130",2013,7,7.07692307692308,13,7.11111111111111,7,7,8,7,9,4,3,1,12,1335,788,547,103,464,871,6.41267110861423,6.81374365482233,5.83489201096892,6.01456310679612,6.42262931034483,6.40736616532721,146
"131",2013,8,5.6875,16,6.5,5.05555555555556,NA,6,5.64285714285714,7,9,0,2,14,1351,795,556,103,466,885,6.40408284974093,6.81098113207547,5.82227685251798,6.01456310679612,6.42081545064378,6.39527223728814,147
"132",2013,9,6.46875,8,6.8125,6.125,NA,6.125,6.58333333333333,4,4,0,2,6,1359,799,560,103,468,891,6.40446352465047,6.8109887359199,5.82443916071429,6.01456310679612,6.41955128205128,6.39653864197531,148
"133",2013,10,6,13,7.2,5.25,5.6,6.75,5.66666666666667,5,8,5,4,9,1372,804,568,108,472,900,6.40063114431487,6.813407960199,5.81634846830986,5.99537037037037,6.42235169491525,6.38923992222222,149
"134",2013,11,5.82142857142857,14,6.3125,5.16666666666667,9,3.5,6.20833333333333,8,6,1,2,12,1386,812,574,109,474,912,6.39478061327561,6.80847290640394,5.80955736933798,6.02293577981652,6.41002109704641,6.38685957236842,150
"135",2013,12,6.58333333333333,18,6.95454545454545,6,7.5,6.4,6.65384615384615,11,7,2,5,13,1404,823,581,111,479,925,6.39719795584045,6.81042527339004,5.81185185886403,6.04954954954955,6.40991649269311,6.39061181621622,151
"136",2014,1,6.2675,20,6.37307692307692,6.07142857142857,6.25,6.46666666666667,6.23235294117647,13,7,4,3,17,1424,836,588,115,482,942,6.39537635533708,6.80362440191388,5.81494205782313,6.05652173913044,6.41026970954357,6.38775576433121,152
"137",2014,2,5.79411764705882,17,6.6875,5,4.25,5,6.03846153846154,8,9,4,4,13,1441,844,597,119,486,955,6.38828308813324,6.80252369668246,5.80265649916248,5.99579831932773,6.39866255144033,6.38300097382199,153
"138",2014,3,6.46875,16,7.41666666666667,5.9,5.625,6.33333333333333,6.5,6,10,4,3,13,1457,850,607,123,489,968,6.38916673301304,6.80685882352941,5.80426018121911,5.98373983739838,6.39826175869121,6.38457224173554,154
"139",2014,4,6.6375,8,6.5,7.05,NA,7,6.58571428571429,6,2,0,1,7,1465,856,609,123,490,975,6.39052281911263,6.80470794392523,5.80835128078818,5.98373983739838,6.39948979591837,6.38601633846154,155
"140",2014,5,6.91428571428571,7,6.9,7,7,7.5,6.68,6,1,1,2,5,1472,862,610,124,492,980,6.39301353940217,6.80537122969838,5.81030480327869,5.99193548387097,6.40396341463415,6.38751625510204,156
"141",2014,6,9,2,10,8,8,9,NA,1,1,1,2,0,1474,863,611,125,494,980,6.39655083446404,6.80907300115875,5.81388859247136,6.008,6.41447368421053,6.38751625510204,157
"142",2014,7,6.13636363636364,11,6,6.3,6.5,6.83333333333333,5.875,6,5,1,3,8,1485,869,616,126,497,988,6.39462352188552,6.80348676639816,5.81783430194805,6.01190476190476,6.41700201207243,6.38336632591093,158
"143",2014,8,6.324,10,6.60571428571429,5.66666666666667,NA,8.27,5.8375,7,3,0,2,8,1495,876,619,126,499,996,6.39415112374582,6.80190639269406,5.81710166397415,6.01190476190476,6.42442885771543,6.37898185742972,159
"144",2014,9,7.00909090909091,11,6.87142857142857,7.25,9,8.025,6.42857142857143,7,4,1,4,7,1506,883,623,127,503,1003,6.39864271580345,6.80245753114383,5.82630165329053,6.03543307086614,6.43715705765407,6.37932794616151,160
"145",2014,10,4.81818181818182,11,3.6,5.83333333333333,4,5,4.8,5,6,1,1,10,1517,888,629,128,504,1013,6.38718255108767,6.78442567567568,5.8263687281399,6.01953125,6.43430555555555,6.36373734452122,161
"146",2014,11,6.5,9,6,6.75,8,7.5,6.21428571428571,3,6,1,2,7,1526,891,635,129,506,1020,6.38784792267365,6.78178451178451,5.8350959527559,6.03488372093024,6.43851778656126,6.36271169607843,162
"147",2014,12,6.3,12,6.58333333333333,6.01666666666667,NA,6.05,6.35,6,6,0,2,10,1538,897,641,129,508,1030,6.38716250325097,6.78045707915273,5.8367955226209,6.03488372093024,6.43698818897638,6.3625882815534,163
"148",2015,1,6.84,10,6.675,7.5,NA,NA,6.84,8,2,0,0,10,1548,905,643,129,508,1040,6.39008781007752,6.77952486187845,5.84196878693623,6.03488372093024,6.43698818897638,6.36717877884615,164
"149",2015,2,6.59285714285714,14,7.1625,5.83333333333333,5.33333333333333,7,6.525,8,6,3,2,12,1562,913,649,132,510,1052,6.39190520486555,6.78288061336254,5.84188895223421,6.0189393939394,6.43919607843137,6.36897902091255,165
"150",2015,3,6.75,6,6.75,6.75,NA,6,6.9,4,2,0,1,5,1568,917,651,132,511,1057,6.39327546556122,6.78273718647764,5.84467884792627,6.0189393939394,6.43833659491194,6.37149094607379,166
"151",2015,4,6,5,5.66666666666667,6.5,5,6,6,3,2,1,1,4,1573,920,653,133,512,1061,6.39202538461538,6.77909782608696,5.84668595712098,6.01127819548872,6.43748046875,6.37009041470311,167
"152",2015,5,6.91666666666667,6,7.5,6.33333333333333,7,8,6.7,3,3,1,1,5,1579,923,656,134,513,1066,6.39401895503483,6.78144095341278,5.84891147865854,6.01865671641791,6.44052631578947,6.37163783302064,168
"153",2015,6,6.5,6,6.8,5,NA,5.5,7,5,1,0,2,4,1585,928,657,134,515,1070,6.39442014511041,6.78154094827586,5.84761937595129,6.01865671641791,6.43687378640777,6.37398685046729,169
"154",2015,7,6.70833333333333,12,7.4,6.21428571428571,6,7,6.68181818181818,5,7,1,1,11,1597,933,664,135,516,1081,6.39677891671885,6.78485530546624,5.85148483433735,6.01851851851852,6.43796511627907,6.37711926919519,170
"155",2015,8,5.68181818181818,11,5.78571428571429,5.5,6,5.25,5.77777777777778,7,4,2,2,9,1608,940,668,137,518,1090,6.39188801616915,6.77741489361702,5.84938013473054,6.01824817518248,6.43337837837838,6.37217057798165,171
"156",2015,9,5.8,15,5.875,5.71428571428571,5,7.33333333333333,5.41666666666667,8,7,1,3,12,1623,948,675,138,521,1102,6.38641770178681,6.76979957805907,5.84797915555555,6.01086956521739,6.43856046065259,6.36176581669691,172
"157",2015,10,7.28571428571429,7,8.25,6,5,9.5,6.91666666666667,4,3,2,1,6,1630,952,678,140,522,1108,6.39027971165644,6.77601890756302,5.84865181415929,5.99642857142857,6.44442528735632,6.36477069494585,173
"158",2015,11,5.90769230769231,13,6.32857142857143,5.41666666666667,4.5,NA,5.90769230769231,7,6,2,0,13,1643,959,684,142,522,1121,6.38646130858186,6.77275286757039,5.84486247076023,5.97535211267606,6.44442528735632,6.35947005352364,174
"159",2015,12,6,11,6,6,6,5.5,6.11111111111111,10,1,1,2,9,1654,969,685,143,524,1130,6.3838911305925,6.76477812177503,5.84508894890511,5.97552447552448,6.44082061068702,6.35749197345133,175
"160",2016,1,6.14285714285714,14,6.25,5.875,NA,6.16666666666667,6.13636363636364,10,4,0,3,11,1668,979,689,143,527,1141,6.38186806354916,6.75951991828396,5.84526259796807,5.97552447552448,6.43925996204933,6.35536014899211,176
"161",2016,2,6.31111111111111,9,6.6,5.95,6,6.5,6.25714285714286,5,4,1,2,7,1677,984,693,144,529,1148,6.38148833035182,6.7587093495935,5.84586714285714,5.97569444444445,6.43948960302457,6.3547612630662,177
"162",2016,3,5.21875,16,5.75,4.9,4,4.4,5.59090909090909,6,10,2,5,11,1693,990,703,146,534,1159,6.37049966331955,6.75259595959596,5.83241241820768,5.9486301369863,6.42039325842696,6.34751158757549,178
"163",2016,4,5.88888888888889,9,5.75,6.16666666666667,NA,4.25,6.35714285714286,6,3,0,2,7,1702,996,706,146,536,1166,6.36795295534665,6.7465562248996,5.83383276203966,5.9486301369863,6.4122947761194,6.34756940823327,179
"164",2016,5,6.57142857142857,14,6.7,6.25,NA,6.33333333333333,6.63636363636364,10,4,0,3,11,1716,1006,710,146,539,1177,6.36961301282051,6.74609343936382,5.83617736619718,5.9486301369863,6.41185528756957,6.35026841971113,180
"165",2016,6,7,4,5,7.66666666666667,NA,NA,7,1,3,0,0,4,1720,1007,713,146,539,1181,6.37107902906976,6.7443594836147,5.84387928471248,5.9486301369863,6.41185528756957,6.35246903471634,181
"166",2016,7,6.42857142857143,7,6.5,6.33333333333333,NA,NA,6.42857142857143,4,3,0,0,7,1727,1011,716,146,539,1188,6.37131206137811,6.74339268051434,5.8459300698324,5.9486301369863,6.41185528756957,6.35291744949495,182
"167",2016,8,6.2,10,7.2,5.2,6,6,6.25,5,5,1,2,8,1737,1016,721,147,541,1196,6.37032580886586,6.74563976377953,5.84145066574202,5.94897959183674,6.41033271719039,6.35222903846154,183
"168",2016,9,6.90714285714286,14,7,6.675,9,NA,6.90714285714286,10,4,1,0,14,1751,1026,725,148,541,1210,6.37461789263278,6.74811890838207,5.84604955862069,5.9695945945946,6.41033271719039,6.35864952892562,184
"169",2016,10,5.625,12,5,5.9375,6.66666666666667,6,5.5,4,8,3,3,9,1763,1030,733,151,544,1219,6.36951555870675,6.74133009708738,5.84704765347885,5.98344370860927,6.40806985294117,6.35231003281378,185
"170",2016,11,6.28571428571429,14,6.625,5.83333333333333,5.5,4,6.46153846153846,8,6,2,1,13,1777,1038,739,153,545,1232,6.36885533483399,6.74043352601156,5.84693630581867,5.97712418300654,6.40365137614679,6.35346260551948,186
"171",2016,12,5.8125,16,6.125,5.5,NA,5.66666666666667,5.84615384615385,8,8,0,3,13,1793,1046,747,153,548,1245,6.3638906469604,6.73572657743786,5.84322078982597,5.97712418300654,6.39961678832117,6.34816540562249,187
"172",2017,1,5.26315789473684,19,5.90909090909091,4.375,4.5,5.375,5.23333333333333,11,8,1,4,15,1812,1057,755,154,552,1260,6.35234874724062,6.72712393566698,5.82766348344371,5.96753246753247,6.39219202898551,6.33489359523809,188
"173",2017,2,5.51666666666667,15,5.96875,5,NA,4,5.75,8,7,0,2,13,1827,1065,762,154,554,1273,6.34548764641488,6.72142723004695,5.82006027559055,5.96753246753247,6.3835559566787,6.32892060487038,189
"174",2017,3,6,8,6.41666666666667,4.75,3.5,5.83333333333333,6.1,6,2,1,3,5,1835,1071,764,155,557,1278,6.3439814332425,6.71971988795518,5.81725907068063,5.95161290322581,6.38059245960503,6.32802498435055,190
"175",2017,4,5.66666666666667,6,5,6.33333333333333,5,5,5.8,3,3,1,1,5,1841,1074,767,156,558,1283,6.34177399782727,6.71491620111732,5.81927761408083,5.94551282051282,6.37811827956989,6.32596720966485,191
"176",2017,5,5.65833333333333,12,5.81666666666667,5.5,4,NA,5.65833333333333,6,6,2,0,12,1853,1080,773,158,558,1295,6.33734804641122,6.70992592592593,5.8167993919793,5.92088607594937,6.37811827956989,6.31978064092664,192
"177",2017,6,6.05,10,6.5,5.75,5,4,6.5625,4,6,1,2,8,1863,1084,779,159,560,1303,6.33580565217391,6.70915129151291,5.81628489088575,5.91509433962264,6.369625,6.32127085955487,193
"178",2017,7,6.33333333333333,6,6,6.66666666666667,NA,6,6.5,3,3,0,2,4,1869,1087,782,159,562,1307,6.3357977153558,6.70719411223551,5.81954722506394,5.91509433962264,6.36830960854092,6.32181785003825,194
"179",2017,8,6.75555555555556,18,6.66,6.875,7,8.25,6.32857142857143,10,8,1,4,14,1887,1097,790,160,566,1321,6.33980176470588,6.70676390154968,5.83023535443038,5.921875,6.38160777385159,6.32188942467827,195
"180",2017,9,5.2,5,5,5.33333333333333,NA,NA,5.2,2,3,0,0,5,1892,1099,793,160,566,1326,6.33678960359408,6.70365787079163,5.82835552332913,5.921875,6.38160777385159,6.31765907239819,196
"181",2017,10,6.75,8,7.16666666666667,5.5,NA,9,6.42857142857143,6,2,0,1,7,1900,1105,795,160,567,1333,6.3385294368421,6.70617194570136,5.82752947169811,5.921875,6.38622574955908,6.31824150787697,197
"182",2017,11,7.06153846153846,13,7.1,6.93333333333333,6.8,6.75,7.2,10,3,1,4,9,1913,1115,798,161,571,1342,6.34344272347098,6.70970403587444,5.83168662907268,5.92732919254659,6.38877408056042,6.32415494038748,198
"183",2017,12,6.29166666666667,12,6.71428571428571,5.7,7,6,6.31818181818182,7,5,1,1,11,1925,1122,803,162,572,1353,6.34311996363636,6.70973262032085,5.83086666251557,5.93395061728395,6.3880944055944,6.32410637841833,199
"184",2018,1,6.375,20,6.5,6.1875,7,6.75,6.33333333333333,12,8,1,2,18,1945,1134,811,163,574,1371,6.34344777892031,6.70751322751323,5.83438462392108,5.94049079754601,6.38935540069686,6.32422752005835,200
"185",2018,2,6.07142857142857,7,7,5.91666666666667,5,6,6.08333333333333,1,6,1,1,6,1952,1135,817,164,575,1377,6.34247230020492,6.70777092511013,5.83498889840881,5.93475609756098,6.38867826086956,6.32317787218591,201
"186",2018,3,6.4,5,6,6.66666666666667,NA,NA,6.4,2,3,0,0,5,1957,1137,820,164,575,1382,6.34261927950945,6.70652594547054,5.83803162195122,5.93475609756098,6.38867826086956,6.32345581041968,202
"187",2018,4,6.31666666666667,6,7,5.975,6.4,6.5,6.13333333333333,2,4,1,3,3,1963,1139,824,165,578,1385,6.34253995415181,6.7070412642669,5.83869651699029,5.93757575757576,6.38925605536332,6.32304399277978,203
"188",2018,5,5.5,6,6.33333333333333,4.66666666666667,4.5,NA,5.5,3,3,2,0,6,1969,1142,827,167,578,1391,6.33997253936008,6.70605954465849,5.83444489721886,5.92035928143713,6.38925605536332,6.31949383896477,204
"189",2018,6,5.74371428571429,7,6.8015,4.33333333333333,NA,6,5.701,4,3,0,1,6,1976,1146,830,167,579,1397,6.33786028846154,6.70639267015707,5.82901919277108,5.92035928143713,6.38858376511226,6.31683745884037,205
"190",2018,7,6.42857142857143,7,6.58,6.05,7.1,9,6,5,2,1,1,6,1983,1151,832,168,580,1403,6.33818049924357,6.70584361424848,5.82955039663462,5.92738095238095,6.39308620689655,6.31548248752673,206
"191",2018,8,6.725,4,6.63333333333333,7,7,5.9,7,3,1,1,1,3,1987,1154,833,169,581,1406,6.33895919979869,6.70565511265164,5.83095549819928,5.93372781065089,6.39223752151463,6.3169430512091,207
"192",2018,9,6.22222166666667,6,6.466666,5,NA,8,5.866666,5,1,0,1,5,1993,1159,834,169,582,1411,6.33860775715002,6.70462409836065,5.82995914868105,5.93372781065089,6.395,6.31534745570517,208
"193",2018,10,5.58333333333333,6,4.5,6.125,NA,5.5,5.625,2,4,0,2,4,1999,1161,838,169,584,1415,6.3363408004002,6.7008262962963,5.83136745823389,5.93372781065089,6.39193493150685,6.31339594346289,209
"194",2018,11,5.125,8,5.5,4.75,NA,NA,5.125,4,4,0,0,8,2007,1165,842,169,584,1423,6.33151233682112,6.69670328755365,5.82623032066508,5.93372781065089,6.39193493150685,6.30671486999297,210
"195",2018,12,6.475,8,6.7,6.25,5,5.4,6.83333333333333,4,4,2,2,6,2015,1169,846,171,586,1429,6.33208201488833,6.69671456800684,5.82823395981087,5.92280701754386,6.3885494880546,6.30892600419874,211
"196",2019,1,6.51,20,6.42352941176471,7,NA,6.66666666666667,6.44285714285714,17,3,0,6,14,2035,1186,849,171,592,1443,6.33383059459459,6.69279876053963,5.83237447585395,5.92280701754386,6.39136824324324,6.3102254054054,212
"197",2019,2,7.0125,8,7.0125,NA,NA,7.05,7,8,0,0,2,6,2043,1194,849,171,594,1449,6.33648813509544,6.69494081239531,5.83237447585395,5.92280701754386,6.39358585858586,6.31308161490683,213
"198",2019,3,5.75,4,6,5,NA,6,5.66666666666667,3,1,0,1,3,2047,1197,850,171,595,1452,6.33534209086468,6.69319910609858,5.83139521176471,5.92280701754386,6.3929243697479,6.31174604683195,214
"199",2019,4,6.5,6,6.8,5,NA,5.5,7,5,1,0,2,4,2053,1202,851,171,597,1456,6.33582331222601,6.69364336938436,5.83041824911868,5.92280701754386,6.38993299832496,6.3136368543956,215
"200",2019,5,7.01666666666667,6,7.825,5.4,NA,5,7.42,4,2,0,1,5,2059,1206,853,171,598,1461,6.33780731423021,6.6973957960199,5.82940906213365,5.92280701754386,6.38760869565217,6.31742317590691,216
"201",2019,6,5.75,6,6,4.5,NA,NA,5.75,5,1,0,0,6,2065,1211,854,171,598,1467,6.33609939951574,6.69451637489678,5.82785237704918,5.92280701754386,6.38760869565217,6.3151024267212,217
"202",2019,7,6.85,5,6.85,NA,NA,6.75,7,5,0,0,3,2,2070,1216,854,171,601,1469,6.33734070531401,6.69515569901316,5.82785237704918,5.92280701754386,6.38941763727121,6.31603489448604,218
"203",2019,8,6.725,10,6.41666666666667,7.1875,NA,NA,6.725,6,4,0,0,10,2080,1222,858,171,601,1479,6.33920445192307,6.69378832242226,5.83419106060606,5.92280701754386,6.38941763727121,6.31880004056795,219
"204",2019,9,7.23,6,7.845,6,6,NA,7.23,4,2,2,0,6,2086,1226,860,173,601,1485,6.34176666347075,6.69754431484502,5.8345766627907,5.92369942196532,6.38941763727121,6.32248165656565,220
"205",2019,10,5.15,10,6.4,3.9,4,5.33333333333333,5.07142857142857,5,5,1,3,7,2096,1231,865,174,604,1492,6.33608075381679,6.69633576766856,5.82339413872832,5.91264367816092,6.38417218543046,6.31661210455764,221
"206",2019,11,5.84,10,5.5,6.06666666666667,6.9,6.9,5.72222222222222,4,6,1,1,9,2106,1235,871,175,605,1501,6.33372519468186,6.69246099595142,5.82506995407577,5.91828571428572,6.38502479338843,6.31304814123917,222
"207",2019,12,6.22222222222222,9,6.7,5.625,7,7.5,5.85714285714286,5,4,1,2,7,2115,1240,875,176,607,1508,6.33325071394799,6.69249139516129,5.82415534857143,5.92443181818182,6.38869851729818,6.31093187002652,223
"208",2020,1,6.33055555555556,18,6.60555555555556,6.05555555555556,5.56666666666667,6.5,6.29666666666667,9,9,3,3,15,2133,1249,884,179,610,1523,6.33322796999531,6.69186495596477,5.82651123303167,5.91843575418995,6.38924590163934,6.31079137229153,224
"209",2020,2,6.9,10,7.22222222222222,4,NA,5,7.11111111111111,9,1,0,1,9,2143,1258,885,179,611,1532,6.33587272981801,6.69565924483307,5.82444737853107,5.91843575418995,6.38697217675941,6.31549298955613,225
"210",2020,3,6.04166666666667,12,6.5,5.58333333333333,NA,6.5,5.95,6,6,0,2,10,2155,1264,891,179,613,1542,6.33423445939675,6.69473048259494,5.82282371492705,5.91843575418995,6.38734094616639,6.31312273670557,226
"211",2020,4,6.72222222222222,9,7,6.375,6,NA,6.72222222222222,5,4,1,0,9,2164,1269,895,180,613,1551,6.33584808687615,6.69593327817179,5.82529154189944,5.91888888888889,6.38734094616639,6.31549662153449,227
"212",2020,5,7,6,7.2,6,NA,NA,7,5,1,0,0,6,2170,1274,896,180,613,1557,6.3376844516129,6.69791156200942,5.82548652901786,5.91888888888889,6.38734094616639,6.31813439948619,228
"213",2020,6,6.125,8,7.25,5,4,6,6.14285714285714,4,4,1,1,7,2178,1278,900,181,614,1564,6.33690324150597,6.69963953834116,5.8218177,5.90828729281768,6.38671009771987,6.31734991048593,229
"214",2020,7,6.58333333333333,6,6.58333333333333,NA,6.5,6.5,6.6,6,0,1,1,5,2184,1284,900,182,615,1569,6.33758024725274,6.69909605140187,5.8218177,5.91153846153846,6.38689430894309,6.31825064372211,230
"215",2020,8,7,3,5,8,NA,6,9,1,2,0,2,1,2187,1285,902,182,617,1570,6.33848891632373,6.69777379766537,5.82664737250554,5.91153846153846,6.38564019448946,6.31995876433121,231
"216",2020,9,6,9,6.64285714285714,3.75,NA,9,5.14285714285714,7,2,0,2,7,2196,1292,904,182,619,1577,6.33710166666666,6.69747626160991,5.8220530199115,5.91153846153846,6.3940872374798,6.31473383639822,232
"217",2020,10,6.4,11,6.91428571428571,5.5,NA,5.5,6.6,7,4,0,2,9,2207,1299,908,182,621,1586,6.33741516085183,6.69864459584296,5.82063428414097,5.91153846153846,6.3912077294686,6.31635262295082,233
"218",2020,11,6.375,8,6.8,5.66666666666667,5,8,6.14285714285714,5,3,1,1,7,2215,1304,911,183,622,1593,6.33755090744921,6.69903322852761,5.8201272557629,5.90655737704918,6.39379421221865,6.31559024482109,234
"219",2020,12,5.76571428571429,7,6.84,4.33333333333333,NA,NA,5.76571428571429,4,3,0,0,7,2222,1308,914,183,622,1600,6.33574944194419,6.69946431957187,5.81524718818381,5.90655737704918,6.39379421221865,6.3131845375,235
"220",2021,1,6.40909090909091,11,6.8125,5.33333333333333,NA,7.75,5.64285714285714,8,3,0,4,7,2233,1316,917,183,626,1607,6.33611072995969,6.70015146656535,5.81367058887677,5.90655737704918,6.40246006389776,6.31026462974486,236
"221",2021,2,6.18571428571429,7,5.46,8,8,7,5.575,5,2,1,3,4,2240,1321,919,184,629,1611,6.33564074107143,6.69545747918244,5.81842865070729,5.9179347826087,6.40531001589825,6.3084390192427,237
"222",2021,3,5.66666666666667,3,5.5,6,6,NA,5.66666666666667,2,1,1,0,3,2243,1323,920,185,629,1614,6.33474599197503,6.693650287226,5.81862601086956,5.91837837837838,6.40531001589825,6.30724613382899,238
"223",2021,4,6.87636363636364,11,7.08,6.33333333333333,5.5,7,6.864,8,3,2,1,10,2254,1331,923,187,630,1624,6.3373892014197,6.69597244928625,5.82029894907909,5.91390374331551,6.40625396825397,6.31067442118226,239
"224",2021,5,5.98333333333333,6,5.63333333333333,6.33333333333333,5,5.5,6.225,3,3,1,2,4,2260,1334,926,188,632,1628,6.33644923008849,6.69358270614693,5.8219610475162,5.90904255319149,6.40338607594936,6.31046391891892,240
"225",2021,6,5.375,8,5.8,4.66666666666667,5,5.5,5.33333333333333,5,3,2,2,6,2268,1339,929,190,634,1634,6.33305787477954,6.69024595220314,5.81823027987083,5.89947368421053,6.40053627760252,6.3068759241126,241
"226",2021,7,5.9375,8,6.375,5.5,6,6.5,5.6,4,4,1,3,5,2276,1343,933,191,637,1639,6.33166751318102,6.68930702159345,5.81686594855305,5.9,6.40100470957614,6.30471949969493,242
"227",2021,8,6.914,10,6.83,7.25,NA,NA,6.914,8,2,0,0,10,2286,1351,935,191,637,1649,6.33421489938757,6.69014014063656,5.81993147593583,5.9,6.40100470957614,6.30841434808975,243
"228",2021,9,6.75,8,7.5,5.5,7.5,7.2,6,5,3,1,5,3,2294,1356,938,192,642,1652,6.33566489102005,6.69312634955752,5.81890824093817,5.90833333333333,6.40722741433022,6.30785427360774,244
"229",2021,10,6.04545454545455,11,6.1875,5.66666666666667,6,5.33333333333333,6.3125,8,3,1,3,8,2305,1364,941,193,645,1660,6.33427993926247,6.69016079912023,5.81842287991498,5.90880829015544,6.40223255813953,6.3078766626506,245
"230",2021,11,7,5,7,7,7,NA,7,2,3,1,0,5,2310,1366,944,194,645,1665,6.33572089177489,6.69061444363104,5.82217789194915,5.91443298969072,6.40223255813953,6.30995511111111,246
"231",2021,12,6.61538461538461,13,6.625,6.6,7.5,6.5,6.63636363636364,8,5,3,2,11,2323,1374,949,197,647,1676,6.33728594920361,6.69023240902474,5.82627600632244,5.93857868020305,6.40253477588872,6.31209741050119,247
"232",2022,1,6.046222,15,6.07047571428571,6.025,5,5.33333333333333,6.22444416666667,7,8,2,3,12,2338,1381,957,199,650,1688,6.33541855859709,6.68709099203476,5.82793723092999,5.92914572864322,6.3976,6.31147428317535,248
"233",2022,2,6.61538461538461,13,6.75,6.4,NA,7,6.58333333333333,8,5,0,1,12,2351,1389,962,199,651,1700,6.33696664823479,6.68745331893448,5.83091053014553,5.92914572864322,6.39852534562212,6.31339328823529,249
"234",2022,3,6.89090909090909,11,7.0625,6.43333333333333,7.8,NA,6.89090909090909,8,3,1,0,11,2362,1397,965,200,651,1711,6.33954639712108,6.68960104509663,5.83278334715026,5.9385,6.39852534562212,6.31710613091759,250
"235",2022,4,6.7875,8,7.06,6.33333333333333,NA,NA,6.7875,5,3,0,0,8,2370,1402,968,200,651,1719,6.34105847679324,6.69092201141227,5.83433463842975,5.9385,6.39852534562212,6.31929528214078,251
"236",2022,5,5.8,10,6.16666666666667,5.25,7,7,5.66666666666667,6,4,1,1,9,2380,1408,972,201,652,1728,6.33878512184874,6.68868796875,5.8319299691358,5.94378109452736,6.39944785276073,6.31589617476851,252
"237",2022,6,6.2,10,7,5.66666666666667,4,6,6.22222222222222,4,6,2,1,9,2390,1412,978,203,653,1737,6.33820443096234,6.68956987252124,5.83091608384458,5.92463054187192,6.39883614088821,6.31541081750144,253
"238",2022,7,5.85714285714286,7,6.5,5,NA,NA,5.85714285714286,4,3,0,0,7,2397,1416,981,203,653,1744,6.33679957863996,6.68903436440678,5.82837505606524,5.92463054187192,6.39883614088821,6.31357143922018,254
"239",2022,8,5.66666666666667,9,5,6.2,4,7,5.28571428571429,4,5,1,2,7,2406,1420,986,204,655,1751,6.33429284704904,6.68427652112676,5.83025956389452,5.91519607843137,6.40067175572519,6.30946235865219,255
"240",2022,9,6.71875,8,6.70833333333333,6.75,NA,NA,6.71875,6,2,0,0,8,2414,1426,988,204,655,1759,6.33556693869097,6.68437774193548,5.83212138663968,5.91519607843137,6.40067175572519,6.31132381466742,256
"241",2022,10,6.4,5,6.66666666666667,6,6,6.5,6.33333333333333,3,2,1,2,3,2419,1429,990,205,657,1762,6.33570011988425,6.68434055983205,5.83246053535354,5.91560975609756,6.40097412480974,6.31136128830874,257
"242",2022,11,6.85833333333333,6,7.41666666666667,6.3,NA,6,7.03,3,3,0,1,5,2425,1432,993,205,658,1767,6.33699323298969,6.68587476256983,5.83387304128902,5.91560975609756,6.40036474164134,6.31339478777589,258
"243",2022,12,6.23076923076923,13,6.77777777777778,5,NA,8,5.90909090909091,9,4,0,2,11,2438,1441,997,205,660,1778,6.33642682116488,6.68644875780708,5.83052751253761,5.91560975609756,6.40521212121212,6.31089347019122,259
