"","year","month","avg_rating","no_ratings","avg_rating_owned","avg_rating_not_owned","avg_rating_prev_owned","avg_rating_comment","avg_rating_no_comment","no_ratings_owned","no_ratings_not_owned","no_ratings_prev_owned","no_ratings_comment","no_ratings_no_comment","cum_no_ratings","cum_no_ratings_owned","cum_no_ratings_not_owned","cum_no_ratings_prev_owned","cum_no_ratings_comment","cum_no_ratings_no_comment","cum_avg_rating","cum_avg_rating_owned","cum_avg_rating_not_owned","cum_avg_rating_prev_owned","cum_avg_rating_comment","cum_avg_rating_no_comment","month_after_release"
"1",2006,11,8.125,8,8.125,NA,NA,7.8,8.66666666666667,8,0,0,5,3,8,8,0,0,5,3,8.125,8.125,NA,NA,7.8,8.66666666666667,0
"2",2006,12,7.875,16,8,7.33333333333333,NA,8.25,7.75,13,3,0,4,12,24,21,3,0,9,15,7.95833333333333,8.04761904761905,7.33333333333333,NA,8,7.93333333333333,1
"3",2007,1,8.01057692307692,26,8.34642857142857,6.6,NA,8.1875,7.9,21,5,0,10,16,50,42,8,0,19,31,7.9855,8.19702380952381,6.875,NA,8.09868421052632,7.91612903225806,2
"4",2007,2,6.96933,15,7.97777777777778,5.45665833333333,NA,7.66666666666667,6.79499583333333,9,6,0,3,12,65,51,14,0,22,43,7.75099923076923,8.15833333333333,6.26713928571429,NA,8.03977272727273,7.60325465116279,3
"5",2007,3,6.75,18,6.875,6.5,NA,7.41666666666667,6.41666666666667,12,6,0,6,12,83,63,20,0,28,55,7.53391506024096,7.91388888888889,6.3369975,NA,7.90625,7.34436272727273,4
"6",2007,4,7.53333333333333,15,7.8,7,NA,6.5,7.69230769230769,10,5,0,2,13,98,73,25,0,30,68,7.53382602040816,7.89828767123288,6.469598,NA,7.8125,7.41088161764706,5
"7",2007,5,7.61363636363636,22,7.75,7.375,10,7.75,7.53571428571429,14,8,1,8,14,120,87,33,1,38,82,7.54845791666667,7.87442528735632,6.68908939393939,10,7.79934210526316,7.43219451219512,6
"8",2007,6,7.57777777777778,18,8.21,6.7875,NA,6.7625,8.23,10,8,0,8,10,138,97,41,1,46,92,7.55228224637681,7.9090206185567,6.70829146341463,10,7.61902173913044,7.5189125,7
"9",2007,7,7.56521739130435,23,7.60526315789474,7.375,NA,7.64285714285714,7.53125,19,4,0,7,16,161,116,45,1,53,108,7.5541301242236,7.85926724137931,6.76755444444444,10,7.62216981132075,7.52074027777778,8
"10",2007,8,7.38461538461539,13,8.14285714285714,6.5,8,7.6,7.25,7,6,1,5,8,174,123,51,2,58,116,7.54146522988506,7.87540650406504,6.73607745098039,9,7.62025862068966,7.50206853448276,9
"11",2007,9,7.1,15,7.72727272727273,5.375,NA,7,7.125,11,4,0,3,12,189,134,55,2,61,128,7.50642830687831,7.86324626865672,6.63709,9,7.58975409836066,7.466718359375,10
"12",2007,10,6.85,31,7.35,5.8,7,5.97857142857143,7.10416666666667,21,10,1,7,24,220,155,65,3,68,152,7.41393159090909,7.79370967741936,6.50830692307692,8.33333333333333,7.42389705882353,7.40947335526316,11
"13",2007,11,6.85277777777778,36,7.00869565217391,6.57692307692308,7,6.35714285714286,6.97241379310345,23,13,1,7,29,256,178,78,4,75,181,7.3350193359375,7.69227528089888,6.51974294871795,8,7.32433333333333,7.33944723756906,12
"14",2007,12,6.875,24,7.75,5.125,3,7.1,6.74,16,8,1,9,15,280,194,86,5,84,196,7.29558910714286,7.69703608247423,6.38999941860465,7,7.30029761904762,7.29357117346939,13
"15",2008,1,7.32777777777778,45,7.5,6.725,7.25,7.375,7.31060606060606,35,10,1,12,33,325,229,96,6,96,229,7.300046,7.66692139737991,6.4248953125,7.04166666666667,7.30963541666667,7.29602598253275,14
"16",2008,2,6.985,20,7.51818181818182,6.33333333333333,NA,6.5,7.30833333333333,11,9,0,8,12,345,240,105,6,104,241,7.28178246376811,7.66010416666667,6.41704714285714,7.04166666666667,7.24735576923077,7.2966387966805,15
"17",2008,3,7.24,25,7.78571428571429,6.54545454545455,10,6.375,7.64705882352941,14,11,1,8,17,370,254,116,7,112,258,7.27895932432432,7.66702755905512,6.42922370689655,7.46428571428571,7.18504464285714,7.31972848837209,16
"18",2008,4,6.94782608695652,23,7.2375,6.28571428571429,9,6.38888888888889,7.30714285714286,16,7,1,9,14,393,270,123,8,121,272,7.25958002544529,7.64157407407408,6.42105650406504,7.65625,7.12582644628099,7.31908069852941,17
"19",2008,5,6.88095238095238,21,7.28125,5.6,6.3,7.5,6.73529411764706,16,5,1,4,17,414,286,128,9,125,289,7.24037427536232,7.62141608391609,6.388983984375,7.50555555555556,7.1378,7.28474031141868,18
"20",2008,6,7.17916666666667,24,7.53333333333333,6.58888888888889,NA,7.07142857142857,7.22352941176471,15,9,0,7,17,438,301,137,9,132,306,7.23702043378995,7.61702657807309,6.40211642335766,7.50555555555556,7.1342803030303,7.28133970588235,19
"21",2008,7,6.98484848484848,33,7.41666666666667,5.83333333333333,6.66666666666667,6.59090909090909,7.18181818181818,24,9,3,11,22,471,325,146,12,143,328,7.21935233545648,7.60223076923077,6.36705445205479,7.29583333333333,7.09248251748252,7.27466448170732,20
"22",2008,8,6.85185185185185,27,7.53846153846154,6.21428571428571,4.83333333333333,5.85714285714286,7.2,13,14,3,7,20,498,338,160,15,150,348,7.19942761044177,7.59977810650888,6.3536871875,6.80333333333333,7.03483333333333,7.27037341954023,21
"23",2008,9,7.41666666666667,24,7.35294117647059,7.57142857142857,8,7.33333333333333,7.42857142857143,17,7,1,3,21,522,355,167,16,153,369,7.20941561302682,7.58795774647887,6.40473023952096,6.878125,7.0406862745098,7.27937655826558,22
"24",2008,10,7.72528125,32,7.83517391304348,7.44444444444444,7,8.463625,7.47916666666667,23,9,1,8,24,554,378,176,17,161,393,7.23921290613718,7.603,6.45789744318182,6.88529411764706,7.11139130434783,7.29157748091603,23
"25",2008,11,7.55833333333333,30,8.20588235294118,6.71153846153846,8,7.63636363636364,7.51315789473684,17,13,1,11,19,584,395,189,18,172,412,7.25560607876712,7.62894683544304,6.47534365079365,6.94722222222222,7.14496511627907,7.30179599514563,24
"26",2008,12,7.21875,32,7.23913043478261,7.16666666666667,NA,7.42857142857143,7.16,23,9,0,7,25,616,418,198,18,179,437,7.25369147727273,7.6074976076555,6.50676742424242,6.94722222222222,7.15605586592179,7.29368409610984,25
"27",2009,1,7.08375,40,7.51166666666667,5.8,6.33333333333333,7.66666666666667,6.91451612903226,30,10,3,9,31,656,448,208,21,188,468,7.24332919207317,7.60108035714286,6.47278822115385,6.85952380952381,7.1805,7.26856826923077,26
"28",2009,2,7.03176470588235,85,7.33720930232558,6.71904761904762,5.6,7.175,7.01688311688312,43,42,5,8,77,741,491,250,26,196,545,7.21906066126856,7.57797148676171,6.5141598,6.61730769230769,7.18027551020408,7.23300908256881,27
"29",2009,3,6.96417910447761,67,7.68965517241379,6.41052631578947,5.58333333333333,6.38888888888889,7.05344827586207,29,38,6,9,58,808,520,288,32,205,603,7.19792568069307,7.5842,6.5004859375,6.4234375,7.14553170731707,7.21573789386401,28
"30",2009,4,6.84126984126984,63,7.175,6.63589743589744,8,6.5,6.89090909090909,24,39,1,8,55,871,544,327,33,213,658,7.1721285304248,7.56614705882353,6.51663593272171,6.47121212121212,7.12128638497653,7.18858655015198,29
"31",2009,5,7.31111111111111,45,7.28,7.35,7.6,6.88888888888889,7.41666666666667,25,20,5,9,36,916,569,347,38,222,694,7.17895627729258,7.55357469244288,6.56466844380403,6.61973684210526,7.11186486486486,7.20041779538905,30
"32",2009,6,6.8625,56,7.57407407407407,6.2,6.66666666666667,6.9375,6.85,27,29,3,8,48,972,596,376,41,230,742,7.16072422839506,7.5545033557047,6.53654242021277,6.62317073170732,7.1058,7.17774925876011,31
"33",2009,7,7.24411764705882,51,8.15217391304348,6.49821428571429,7.125,7.35416666666667,7.21025641025641,23,28,4,12,39,1023,619,404,45,242,781,7.16488167155425,7.57671082390953,6.53388601485149,6.66777777777778,7.11811570247934,7.17937253521127,32
"34",2009,8,7.26354166666667,48,7.51481481481482,6.94047619047619,6,6.85714285714286,7.33292682926829,27,21,3,7,41,1071,646,425,48,249,822,7.16930340802988,7.57412383900929,6.55397635294118,6.62604166666667,7.11077911646586,7.18703156934307,33
"35",2009,9,7.01203703703704,54,7.68518518518519,6.33888888888889,5.25,6.77272727272727,7.07325581395349,27,27,4,11,43,1125,673,452,52,260,865,7.16175462222222,7.57857949479941,6.5411282079646,6.52019230769231,7.09647692307692,7.18137566473988,34
"36",2009,10,7.36875,56,7.72638888888889,6.725,6.63333333333333,6.83076923076923,7.53139534883721,36,20,3,13,43,1181,709,472,55,273,908,7.17156981371719,7.58608462623413,6.54891938559322,6.52636363636364,7.08382417582418,7.19795148678414,35
"37",2009,11,7.04565789473684,76,7.46441860465116,6.5,6.8,6.51875,7.18616666666667,43,33,5,16,60,1257,752,505,60,289,968,7.16395700079554,7.57912765957447,6.54572267326733,6.54916666666667,7.05253979238754,7.19722102272727,36
"38",2009,12,7.15205479452055,73,7.44210526315789,6.83714285714286,8,7.34285714285714,7.10677966101695,38,35,4,14,59,1330,790,540,64,303,1027,7.16330372180451,7.57253670886076,6.56461101851852,6.63984375,7.06595379537954,7.19202526777021,37
"39",2010,1,6.95066666666667,75,7.18604651162791,6.634375,6.85714285714286,6.64375,7.03389830508475,43,32,7,16,59,1405,833,572,71,319,1086,7.15195298932384,7.55258583433373,6.5685138986014,6.6612676056338,7.04477742946708,7.18343457642726,38
"40",2010,2,7.00571428571429,70,7.28809523809524,6.58214285714286,8,7.98,6.84333333333333,42,28,1,10,60,1475,875,600,72,329,1146,7.14501284745763,7.53989028571429,6.56914991666667,6.67986111111111,7.07320364741641,7.16562822862129,39
"41",2010,3,6.98727272727273,55,7.42058823529412,6.28571428571429,6.5,7.18181818181818,6.93863636363636,34,21,3,11,44,1530,909,621,75,340,1190,7.13934245098039,7.53542794279428,6.55956513687601,6.67266666666667,7.07671764705882,7.15723525210084,40
"42",2010,4,7.09186046511628,43,7.50555555555556,6.794,6.72,6.83333333333333,7.13378378378378,18,25,5,6,37,1573,927,646,80,346,1227,7.1380444691672,7.53484789644013,6.56863769349845,6.675625,7.07249710982659,7.15652807660962,41
"43",2010,5,7.05131578947368,38,7.33095238095238,6.70588235294118,8,8.1,6.89242424242424,21,17,1,5,33,1611,948,663,81,351,1260,7.13599872749845,7.53033122362869,6.57215678733032,6.69197530864197,7.0871339031339,7.14961107142857,42
"44",2010,6,7.23333333333333,45,7.34,7.1,6.66666666666667,7.1,7.27142857142857,25,20,3,10,35,1656,973,683,84,361,1295,7.13864368961353,7.52544090441932,6.58761339677892,6.69107142857143,7.08749030470914,7.15290343629344,43
"45",2010,7,6.64,40,7.02941176470588,6.35217391304348,7.75,7,6.56363636363636,17,23,4,7,33,1696,990,706,88,368,1328,7.12688322523585,7.51692323232323,6.57994327195468,6.73920454545454,7.08582608695652,7.13826050451807,44
"46",2010,8,6.82142857142857,42,7.224,6.22941176470588,6,6.5,6.89705882352941,25,17,2,8,34,1738,1015,723,90,376,1362,7.11950169735328,7.50970837438424,6.57170117565699,6.72277777777778,7.07336170212766,7.13223931718062,45
"47",2010,9,7.16969696969697,33,7.38823529411765,6.9375,5,7.25,7.144,17,16,1,8,25,1771,1032,739,91,384,1387,7.12043701298701,7.50770736434109,6.57962104194858,6.70384615384615,7.07704166666667,7.13245129776496,46
"48",2010,10,7.25222222222222,45,7.56730769230769,6.82105263157895,6.66666666666667,6.53125,7.40810810810811,26,19,3,8,37,1816,1058,758,94,392,1424,7.12370261563877,7.50917202268431,6.58567275725594,6.70265957446808,7.06590306122449,7.13961372893259,47
"49",2010,11,7.00075757575758,66,7.60526315789474,6.18035714285714,8.16666666666667,7,7.00092592592593,38,28,3,12,54,1882,1096,786,97,404,1478,7.11939104675877,7.51250364963504,6.57123403307888,6.7479381443299,7.06394554455446,7.13454665087957,48
"50",2010,12,7.12345679012346,81,7.54807692307692,6.36206896551724,6.66666666666667,6.58823529411765,7.265625,52,29,6,17,64,1963,1148,815,103,421,1542,7.11955881304126,7.5141149825784,6.56379134969325,6.74320388349514,7.04473634204276,7.13998699740597,49
"51",2011,1,7.12857142857143,77,7.46595744680851,6.6,6.16666666666667,7.02941176470588,7.15666666666667,47,30,6,17,60,2040,1195,845,109,438,1602,7.11989899509804,7.51222092050209,6.56507686390533,6.71146788990826,7.04414155251142,7.14061170411985,50
"52",2011,2,6.64980392156863,51,7.2136,6.10769230769231,7.9,5.88,6.79302325581395,25,26,2,8,43,2091,1220,871,111,446,1645,7.10843326159732,7.50610163934426,6.55142359357061,6.73288288288288,7.0232600896861,7.13152580547113,51
"53",2011,3,6.89894736842105,38,7.66631578947368,6.13157894736842,3.5,7.3,6.83818181818182,19,19,2,5,33,2129,1239,890,113,451,1678,7.10469419915453,7.5085585149314,6.54246061797753,6.67566371681416,7.02632815964523,7.12575682359952,52
"54",2011,4,7.23289473684211,38,7.6,6.33181818181818,7.75,7.85714285714286,7.09193548387097,27,11,2,7,31,2167,1266,901,115,458,1709,7.10694229349331,7.51050868878357,6.53988895671476,6.69434782608696,7.03902620087336,7.12514332943242,53
"55",2011,5,7.06914893617021,47,7.53260869565217,6.625,7.25,7.655,6.91081081081081,23,24,4,10,37,2214,1289,925,119,468,1746,7.10613999548329,7.51090302560124,6.54209724324325,6.71302521008403,7.05218803418803,7.12060134593356,54
"56",2011,6,6.312,50,7.08846153846154,5.47083333333333,5.5,6.76666666666667,6.28297872340426,26,24,4,3,47,2264,1315,949,123,471,1793,7.0886015680212,7.50255057034221,6.51500521601686,6.67357723577236,7.05036942675159,7.0986447016174,55
"57",2011,7,6.91613636363636,44,7.408,6.26894736842105,5.1,7.33333333333333,6.85026315789474,25,19,5,6,38,2308,1340,968,128,477,1831,7.08531366984402,7.50078656716418,6.51017556818182,6.612109375,7.05392872117401,7.09348986892409,56
"58",2011,8,6.93595238095238,42,7.4695652173913,6.29,4.66666666666667,6,7.06243243243243,23,19,3,5,37,2350,1363,987,131,482,1868,7.08264423404255,7.50025972120323,6.50593713272543,6.5675572519084,7.04299585062241,7.09287470556745,57
"59",2011,9,6.62571428571429,35,6.88260869565217,6.13333333333333,8,4.625,6.88387096774194,23,12,1,4,31,2385,1386,999,132,486,1899,7.07593876310273,7.4900101010101,6.50146141141141,6.57840909090909,7.02309465020576,7.08946284886783,58
"60",2011,10,7.05490196078431,51,7.30625,6.63157894736842,6.625,7.4,6.94871794871795,32,19,4,12,39,2436,1418,1018,136,498,1938,7.07549833743842,7.48586318758815,6.50388993123772,6.57977941176471,7.03217670682731,7.08663052115583,59
"61",2011,11,7.29366197183099,71,7.66739130434783,6.606,7,7.475,7.24090909090909,46,25,5,16,55,2507,1464,1043,141,514,1993,7.08167688472278,7.49156693989071,6.5063374400767,6.59468085106383,7.04596108949417,7.09088808329152,60
"62",2011,12,7.18222222222222,45,7.5,6.54666666666667,6.8125,7.52777777777778,7.09583333333333,30,15,4,9,36,2552,1494,1058,145,523,2029,7.08344982366771,7.49173627844712,6.50690921550095,6.60068965517241,7.05425239005736,7.09097582552982,61
"63",2012,1,6.83698630136986,73,7.12857142857143,6.65555555555556,6.75,7.06363636363636,6.79677419354839,28,45,8,11,62,2625,1522,1103,153,534,2091,7.07659579047619,7.48505519053877,6.51297366273799,6.60849673202614,7.0544456928839,7.0822524868484,62
"64",2012,2,7.05892857142857,56,7.28787878787879,6.7304347826087,6,7.0625,7.05833333333333,33,23,4,8,48,2681,1555,1126,157,542,2139,7.07622676240209,7.48087073954984,6.51741558614565,6.59299363057325,7.05456457564576,7.0817157316503,63
"65",2012,3,7.28070175438596,57,7.7741935483871,6.69230769230769,7.33333333333333,7.25,7.28723404255319,31,26,3,10,47,2738,1586,1152,160,552,2186,7.08048354638422,7.48660403530895,6.52136280381945,6.606875,7.05810507246377,7.08613446935041,64
"66",2012,4,6.6,45,6.79166666666667,6.38095238095238,7,7.11111111111111,6.47222222222222,24,21,2,9,36,2783,1610,1173,162,561,2222,7.07271431908013,7.47624472049689,6.51884906223359,6.61172839506173,7.05895543672014,7.07618809630963,65
"67",2012,5,7.48632653061224,49,7.77230769230769,7.16304347826087,6.25,8,7.44066666666667,26,23,4,4,45,2832,1636,1196,166,565,2267,7.0798707450565,7.48094987775061,6.53123741638796,6.60301204819277,7.06561769911505,7.08342300397001,66
"68",2012,6,6.6200002,50,7.15517275862069,5.88095238095238,5.9,6.850001,6.5625,29,21,5,10,40,2882,1665,1217,171,575,2307,7.07189242192922,7.47527568168168,6.52001639276911,6.58245614035088,7.06186784347826,7.07439096228869,67
"69",2012,7,6.75973684210526,38,7.02380952380952,6.43352941176471,6.9425,7,6.7146875,21,17,4,6,32,2920,1686,1234,175,581,2339,7.06783012328767,7.46965243772242,6.51882491896273,6.59068571428571,7.06122893287436,7.06946983753741,68
"70",2012,8,6.61136363636364,44,7.15555555555556,5.74705882352941,6.2,5.33333333333333,6.70487804878049,27,17,1,3,41,2964,1713,1251,176,584,2380,7.06105396761134,7.46470169877408,6.50833729016787,6.58846590909091,7.05235275684932,7.06318905462185,69
"71",2012,9,7.3195652173913,46,7.215625,7.55714285714286,7,7.4375,7.29473684210526,32,14,3,8,38,3010,1745,1265,179,592,2418,7.06500463787375,7.46013410315186,6.51994462450593,6.59536312849162,7.05755744932433,7.066827936311,70
"72",2012,10,7.16296296296296,54,7.55161290322581,6.63913043478261,6.28571428571429,7.17777777777778,7.16,31,23,7,9,45,3064,1776,1288,186,601,2463,7.06673105744125,7.46173086148649,6.52207294254659,6.58370967741935,7.05935775374376,7.068530227365,71
"73",2012,11,7.06186440677966,59,7.82407407407407,6.41875,6.9,6.97727272727273,7.08125,27,32,5,11,48,3123,1803,1320,191,612,2511,7.06663911623439,7.4671569661675,6.5195681439394,6.59198952879581,7.05788236928105,7.06877337714058,72
"74",2012,12,7.0865671641791,67,7.14772727272727,6.9695652173913,8,6.91,7.11754385964912,44,23,1,10,57,3190,1847,1343,192,622,2568,7.0670576677116,7.45954737953438,6.52727472077439,6.59932291666667,7.0555048392283,7.06985589953271,73
"75",2013,1,6.98765432098765,81,7.2037037037037,6.55555555555556,7.45,6.84,7.00845070422535,54,27,4,10,71,3271,1901,1370,196,632,2639,7.06509139712626,7.45227985796949,6.52783208029197,6.61668367346939,7.05209495253165,7.06820384615385,74
"76",2013,2,6.95338983050847,59,7.55,6.08333333333333,6.5,7.5,6.89150943396226,35,24,3,6,53,3330,1936,1394,199,638,2692,7.0631123003003,7.4540464927686,6.52017930416069,6.61492462311558,7.05630722570533,7.06472509286776,75
"77",2013,3,6.74262295081967,61,7.35121951219512,5.495,3.75,6,6.82363636363636,41,20,4,6,55,3391,1977,1414,203,644,2747,7.05734708345621,7.45191401618614,6.50567888967468,6.55847290640394,7.04646585403727,7.05989805242082,76
"78",2013,4,6.85948275862069,58,7.22058823529412,6.34791666666667,6.6,5.66666666666667,7.07857142857143,34,24,5,9,49,3449,2011,1438,208,653,2796,7.0540197042621,7.4480029885629,6.50304586230876,6.55947115384615,7.02744871362941,7.06022530400572,77
"79",2013,5,6.66333333333333,45,7.31923076923077,5.76578947368421,6,6.63571428571429,6.66842105263158,26,19,4,7,38,3494,2037,1457,212,660,2834,7.04898796794505,7.4463593568974,6.49343167467399,6.54891509433962,7.02329395454546,7.05497175370501,78
"80",2013,6,7.04545454545455,44,7.38,6.60526315789474,6.25,6.2,7.15384615384615,25,19,2,5,39,3538,2062,1476,214,665,2873,7.04894402487281,7.44555480601358,6.4948712398374,6.5461214953271,7.01710377443609,7.05631394013227,79
"81",2013,7,6.61428571428571,56,6.74375,6.44166666666667,6.75,6.18571428571429,6.67551020408163,32,24,4,7,49,3594,2094,1500,218,672,2922,7.04217138564274,7.43482999522445,6.49401996666667,6.5498623853211,7.00844346726191,7.04992811430527,80
"82",2013,8,7.07678571428571,56,7.425,6.45,6,7.86666666666667,6.92553191489362,36,20,6,9,47,3650,2130,1520,224,681,2969,7.04270245479452,7.43466385446009,6.49344075657895,6.53513392857143,7.01978562408223,7.04795889188279,81
"83",2013,9,6.84561403508772,57,7.11714285714286,6.41363636363636,6.16666666666667,7.12857142857143,6.806,35,22,3,7,50,3707,2165,1542,227,688,3019,7.03967196115457,7.42953072055427,6.49230217250324,6.53026431718062,7.02089245639535,7.04395162305399,82
"84",2013,10,6.76102941176471,68,7.35416666666667,6.09375,5.33333333333333,7.3125,6.6875,36,32,6,8,60,3775,2201,1574,233,696,3079,7.03465270463576,7.42829805088596,6.48419945997459,6.49944206008584,7.02424426724138,7.0370055050341,83
"85",2013,11,6.56907894736842,76,7.08783783783784,6.07692307692308,6.8,5.85,6.6780303030303,37,39,5,10,66,3851,2238,1613,238,706,3145,7.02546454427421,7.42266935210009,6.47435210787353,6.50575630252101,7.00761191218131,7.02947216216216,84
"86",2013,12,7.04307692307692,65,7.48333333333333,6.23913043478261,5.75,6.28888888888889,7.16428571428571,42,23,4,9,56,3916,2280,1636,242,715,3201,7.0257568845761,7.42378684649123,6.47104520171149,6.49326446280992,6.99856504895105,7.03183066229303,85
"87",2014,1,7.01,70,7.23260869565217,6.58333333333333,6.625,6.375,7.04848484848485,46,24,4,4,66,3986,2326,1660,246,719,3267,7.02548017059709,7.42000602321582,6.47266864457831,6.49540650406504,6.99509598052851,7.03216711049893,86
"88",2014,2,6.62142857142857,56,7.28181818181818,5.67391304347826,6.25,6.24615384615385,6.73488372093023,33,23,6,13,43,4042,2359,1683,252,732,3310,7.01988222662048,7.41807291649004,6.46175279263221,6.48956349206349,6.98179509562842,7.02830512084592,87
"89",2014,3,7.07758620689655,58,7.72857142857143,6.47,6.26666666666667,7.225,7.054,28,30,3,8,50,4100,2387,1713,255,740,3360,7.02069852682927,7.42171512777545,6.46189722708698,6.48694117647059,6.98442433783784,7.02868748511905,88
"90",2014,4,6.65,46,7,6.23333333333333,6.225,5.58,6.78048780487805,25,21,4,5,41,4146,2412,1734,259,745,3401,7.01658561505065,7.41734411691542,6.45912915224914,6.48289575289575,6.97499867114094,7.02569536900912,89
"91",2014,5,6.59090909090909,44,7.05555555555556,5.85294117647059,5.8,5.35714285714286,6.82432432432432,27,17,5,7,37,4190,2439,1751,264,752,3438,7.01211550357995,7.41333907749077,6.45324383209595,6.46996212121212,6.95993884308511,7.02352819953461,90
"92",2014,6,6.31451612903226,31,6.95526315789474,5.3,6.1,NA,6.31451612903226,19,12,1,0,31,4221,2458,1763,265,752,3469,7.00699217247098,7.40979821399512,6.44539418604651,6.46856603773585,6.95993884308511,7.0171922600173,91
"93",2014,7,6.94,45,7.33333333333333,6.35,6.7,7,6.93076923076923,27,18,5,6,39,4266,2485,1781,270,758,3508,7.006285503985,7.4089674084507,6.44443006737788,6.47285185185185,6.96025594986808,7.01623145667047,92
"94",2014,8,6.26382978723404,47,6.67096774193548,5.475,6.25,6.56666666666667,6.16,31,16,4,12,35,4313,2516,1797,274,770,3543,6.99819475075354,7.39987440779014,6.43579852531998,6.46959854014599,6.95412209090909,7.00777305955405,93
"95",2014,9,6.7906976744186,43,7.20588235294118,6.51923076923077,6.375,6.6,6.81578947368421,17,26,4,5,38,4356,2533,1823,278,775,3581,6.99614645546373,7.39857244769049,6.43698845309929,6.46823741007194,6.95183743225807,7.00573581401843,94
"96",2014,10,6.71071428571429,70,6.90108695652174,6.34583333333333,5.675,5.91666666666667,6.78515625,46,24,4,6,64,4426,2579,1847,282,781,3645,6.9916321644826,7.38969911205894,6.4358039794261,6.45698581560284,6.9438847759283,7.00186281207133,95
"97",2014,11,6.62781818181818,55,7.27857142857143,5.95296296296296,5.75,6.14444444444444,6.72239130434783,28,27,10,9,46,4481,2607,1874,292,790,3691,6.98716669493417,7.38850556578443,6.42884735859125,6.43277397260274,6.9347772278481,6.99837982931455,96
"98",2014,12,6.64918032786885,61,7.05882352941176,6.13333333333333,5.875,5.94285714285714,6.74074074074074,34,27,4,7,54,4542,2641,1901,296,797,3745,6.98262746807574,7.38426126845892,6.42465015781168,6.42523648648649,6.92606525721456,6.99466487316422,97
"99",2015,1,6.57213483146067,89,7.33631578947368,5.2109375,4.95714285714286,6.58357142857143,6.57,57,32,7,14,75,4631,2698,1933,303,811,3820,6.97473849276614,7.3832483358043,6.4045576564925,6.3913201320132,6.92015290998767,6.98632721204189,98
"100",2015,2,6.5380701754386,57,6.96142857142857,6.12931034482759,4.5,5.66666666666667,6.58648148148148,28,29,2,3,54,4688,2726,1962,305,814,3874,6.96942917235495,7.37891563096111,6.40048927115189,6.37891803278689,6.91553318181818,6.98075372999484,99
"101",2015,3,6.58303571428571,56,7.2,5.92037037037037,6.16666666666667,6.45454545454545,6.61444444444444,29,27,3,11,45,4744,2755,1989,308,825,3919,6.96486803541315,7.37703230852994,6.39397182001006,6.37685064935065,6.90938667878788,6.97654757591222,100
"102",2015,4,6.59423076923077,52,7.11290322580645,5.82857142857143,6.12857142857143,6.44545454545455,6.63414634146341,31,21,7,11,41,4796,2786,2010,315,836,3960,6.96084944954128,7.37409332735104,6.38806465174129,6.37133333333333,6.90328230861244,6.97300251262626,101
"103",2015,5,6.89375,48,7.26333333333333,6.27777777777778,5,6.58333333333333,6.93809523809524,30,18,2,6,42,4844,2816,2028,317,842,4002,6.96018454995871,7.37291335582386,6.38708577416174,6.36268138801262,6.9010023871734,6.97263616941529,102
"104",2015,6,6.3125,44,7.2,5.14473684210526,5.42857142857143,5.95,6.41911764705882,25,19,7,10,34,4888,2841,2047,324,852,4036,6.9543543289689,7.37139176698346,6.37555444553005,6.3425,6.88984038732395,6.967973228444,103
"105",2015,7,6.45348837209302,43,6.80769230769231,5.91176470588235,6.5,6,6.51315789473684,26,17,1,5,38,4931,2867,2064,325,857,4074,6.94998660717907,7.36627973840251,6.37173447189923,6.34298461538462,6.88464878646441,6.9637309646539,104
"106",2015,8,6.49642857142857,56,6.93611111111111,5.705,6.4,6.52222222222222,6.49148936170213,36,20,5,9,47,4987,2903,2084,330,866,4121,6.94489351513936,7.36094523251808,6.36533586852207,6.34384848484849,6.88088222863742,6.95834504974521,105
"107",2015,9,6.61428571428571,42,7.2625,5.75,4.25,6.625,6.61176470588235,24,18,4,8,34,5029,2927,2102,334,874,4155,6.94213242394114,7.36013802869832,6.36006657944815,6.31877245508982,6.87854005720824,6.95550901323706,106
"108",2015,10,6.41296296296296,54,7.22592592592593,5.6,6.25,7.025,6.30652173913044,27,27,4,8,46,5083,2954,2129,338,882,4201,6.93651071414519,7.35891131008801,6.35042740723344,6.31795857988166,6.87986849206349,6.94840274934539,107
"109",2015,11,6.49767441860465,86,6.82884615384615,5.99117647058824,7.23333333333333,5.27272727272727,6.67733333333333,52,34,6,11,75,5169,3006,2163,344,893,4276,6.92920951054363,7.34974185296074,6.34478037447989,6.33392441860465,6.86007167973124,6.94364825771749,108
"110",2015,12,6.4,77,6.705,6.07027027027027,5.33333333333333,4.4,6.53888888888889,40,37,6,5,72,5246,3046,2200,350,898,4348,6.92144185284026,7.34127511818779,6.34016361363637,6.31677142857143,6.84637417594655,6.93694571067157,109
"111",2016,1,6.90263157894737,95,7.24375,6.41282051282051,6.40909090909091,7.68125,6.83103448275862,56,39,11,8,87,5341,3102,2239,361,906,4435,6.92110727579105,7.33951450999355,6.34142918713712,6.31958448753463,6.85374614790287,6.93486808342728,110
"112",2016,2,6.40403225806452,62,6.99078947368421,5.475,5.41666666666667,5.8,6.52019230769231,38,24,6,10,52,5403,3140,2263,367,916,4487,6.9151737849343,7.33529427070064,6.33224036676978,6.30482288828338,6.84224236899563,6.9300623913528,111
"113",2016,3,6.24433962264151,53,6.915,5.3695652173913,6.375,6.1875,6.25444444444444,30,23,4,8,45,5456,3170,2286,371,924,4532,6.90865725073314,7.33131672239748,6.32255465879265,6.3055795148248,6.83657360389611,6.92335391659311,112
"114",2016,4,6.47058823529412,68,6.94117647058824,6,5,7.83333333333333,6.40769230769231,34,34,6,3,65,5524,3204,2320,377,927,4597,6.90326465604635,7.32717665730337,6.31782756465517,6.28480106100796,6.8397993635383,6.9160626386774,113
"115",2016,5,6.87254901960784,51,7.07692307692308,6.20833333333333,NA,6.8125,6.88372093023256,39,12,0,8,43,5575,3243,2332,377,935,4640,6.90298366995516,7.32416713228492,6.31726412950257,6.28480106100796,6.83956578609626,6.91576292025862,114
"116",2016,6,6.58695652173913,46,7.18518518518519,5.73684210526316,5.75,6.25,6.61904761904762,27,19,2,4,42,5621,3270,2351,379,939,4682,6.90039743106209,7.32301957492355,6.31257335176521,6.28197889182058,6.83705432374867,6.91310122810765,115
"117",2016,7,6.96896551724138,58,7.22222222222222,6.55454545454545,5.6,7.57142857142857,6.88627450980392,36,22,5,7,51,5679,3306,2373,384,946,4733,6.90109772142983,7.3219219630974,6.31481666666667,6.27309895833333,6.84248838266385,6.91281215930699,116
"118",2016,8,6.35833333333333,60,6.69444444444444,5.85416666666667,6,7,6.3,36,24,3,5,55,5739,3342,2397,387,951,4788,6.89542323749782,7.31516277977259,6.310204401335,6.2709819121447,6.84331651945321,6.90577275480367,117
"119",2016,9,6.44328358208955,67,6.76315789473684,6.02413793103448,5.5,5,6.55967741935484,38,29,6,5,62,5806,3380,2426,393,956,4850,6.89020564243886,7.30895680769231,6.30678481038747,6.25921119592875,6.83367574267783,6.90134844329897,118
"120",2016,10,6.53876404494382,89,6.940625,5.51,4.7,6.31666666666667,6.57337662337662,64,25,5,12,77,5895,3444,2451,398,968,4927,6.88489973876166,7.30211208188153,6.29865767033864,6.23962311557789,6.8272665392562,6.89622284351532,119
"121",2016,11,6.47638888888889,72,6.96,5.37727272727273,7.125,6.22222222222222,6.51269841269841,50,22,4,9,63,5967,3494,2473,402,977,4990,6.87997049773756,7.29721637378363,6.29046095835018,6.2484328358209,6.82169294779939,6.89138075150301,120
"122",2016,12,6.2811320754717,53,7.009375,5.17142857142857,5.03333333333333,7.41666666666667,6.13617021276596,32,21,3,6,47,6020,3526,2494,405,983,5037,6.87469833222591,7.29460408678389,6.2810384723336,6.23943209876543,6.82532452695829,6.8843339189994,121
"123",2017,1,6.61802884615385,104,6.88125,5.90357142857143,5.42857142857143,5,6.75286458333333,76,28,7,8,96,6124,3602,2522,412,991,5133,6.87033947746571,7.28588256801777,6.27684772006344,6.22565533980583,6.81058931382442,6.88187511202026,122
"124",2017,2,6.41898734177215,79,6.49183673469388,6.3,5.9,6.23333333333333,6.44285714285714,49,30,10,9,70,6203,3651,2552,422,1000,5203,6.86459115911656,7.27522569433032,6.27711988636364,6.21793838862559,6.80539401,6.87596866231021,123
"125",2017,3,6.4974358974359,78,6.85555555555556,6.00909090909091,5.71428571428571,6.45,6.50441176470588,45,33,7,10,68,6281,3696,2585,429,1010,5271,6.86003167648464,7.2701160741342,6.27369823984526,6.20972027972028,6.80187525742574,6.87117528931892,124
"126",2017,4,6.532,75,6.98837209302326,5.91875,4.08333333333333,5.81818181818182,6.6546875,43,32,6,11,64,6356,3739,2617,435,1021,5335,6.85616094398993,7.26687590532228,6.26935802445548,6.1803908045977,6.79127718903036,6.86857824742268,125
"127",2017,5,6.8448275862069,58,7.35121951219512,5.62352941176471,4,5.1,7.00943396226415,41,17,3,5,53,6414,3780,2634,438,1026,5388,6.85605845961958,7.26779074338624,6.26518980637813,6.16545662100457,6.78303509746589,6.86996379918337,126
"128",2017,6,6.98771929824561,57,6.88095238095238,7.28666666666667,7,7.25,6.96792452830189,42,15,1,4,53,6471,3822,2649,439,1030,5441,6.85721819811467,7.26353977237049,6.27097393355983,6.1673576309795,6.78484855339806,6.87091802058445,127
"129",2017,7,6.57142857142857,63,6.84883720930233,5.975,5.57142857142857,5.66666666666667,6.66666666666667,43,20,7,6,57,6534,3865,2669,446,1036,5498,6.85446265074993,7.25892600517464,6.26875606968902,6.15800448430493,6.7783725965251,6.86880046380502,128
"130",2017,8,6.25396825396825,63,6.69736842105263,5.58,4.25,6,6.28571428571429,38,25,4,7,56,6597,3903,2694,450,1043,5554,6.84872805214492,7.25345862413528,6.26236449517446,6.14104444444444,6.77314861936721,6.86292130896651,129
"131",2017,9,5.86790322580645,62,6.68,5.1065625,6.1,5.62857142857143,5.89836363636364,30,32,5,7,55,6659,3933,2726,455,1050,5609,6.83959587926115,7.24908441647597,6.24879675348496,6.14059340659341,6.76551810476191,6.85346317525406,130
"132",2017,10,6.42535211267606,71,6.64888888888889,6.03846153846154,5.35714285714286,6.8125,6.37619047619048,45,26,7,8,63,6730,3978,2752,462,1058,5672,6.83522569985141,7.2422948743087,6.24680957485465,6.12872294372294,6.76587335538752,6.8481620151622,131
"133",2017,11,6.63802083333333,96,6.93055555555556,6.26190476190476,5.31818181818182,5.8125,6.71306818181818,54,42,11,8,88,6826,4032,2794,473,1066,5760,6.83245223556988,7.23811979414682,6.2470364889048,6.10987315010571,6.75871858348968,6.84609808159722,132
"134",2017,12,6.21802631578947,76,6.59130434782609,5.64566666666667,4.76666666666667,6.5,6.18942028985507,46,30,6,7,69,6902,4078,2824,479,1073,5829,6.82568660678064,7.23082369053458,6.24064799929178,6.09304801670146,6.75703076421249,6.83832474695488,133
"135",2018,1,6.71442307692308,104,6.98441558441558,5.94444444444444,5.5,6.325,6.76521739130435,77,27,9,12,92,7006,4155,2851,488,1085,5921,6.8240349643163,7.22625728279182,6.23784284461592,6.08211065573771,6.7522525437788,6.83718881101165,134
"136",2018,2,6.34776119402985,67,6.60212765957447,5.75,5.9,7,6.21964285714286,47,20,5,11,56,7073,4202,2871,493,1096,5977,6.81952339318535,7.21927629938125,6.23444442702891,6.08026369168357,6.75473906021898,6.83140286933244,135
"137",2018,3,6.82830188679245,53,6.89705882352941,6.70526315789474,3,7.08333333333333,6.79574468085106,34,19,1,6,47,7126,4236,2890,494,1102,6024,6.81958868369352,7.2166900401322,6.23753977508651,6.07402834008097,6.75652813974592,6.83112465969456,136
"138",2018,4,6.5575,60,6.80142857142857,6.216,5.88,7.06666666666667,6.53070175438596,35,25,5,3,57,7186,4271,2915,499,1105,6081,6.81740035624826,7.21328705455397,6.23735504288165,6.07208416833667,6.75737014479638,6.82830865811544,137
"139",2018,5,6.3278431372549,51,6.58275862068966,5.99181818181818,8,6,6.35574468085106,29,22,2,4,47,7237,4300,2937,501,1109,6128,6.81395038828244,7.20903465348837,6.23551581545795,6.07978043912176,6.7546384220018,6.82468422813316,138
"140",2018,6,6.668125,64,6.81688888888889,6.31578947368421,6.75,5.60857142857143,6.79824561403509,45,19,4,7,57,7301,4345,2956,505,1116,6185,6.81267209423367,7.20497330494822,6.23603178281461,6.08508910891089,6.7474498297491,6.82444057396928,139
"141",2018,7,6.48981132075472,53,6.63846153846154,6.07571428571429,5.41666666666667,5.68333333333333,6.59276595744681,39,14,6,6,47,7354,4384,2970,511,1122,6232,6.81034524884417,7.1999336245438,6.23527607744108,6.07724070450098,6.74175936720143,6.82269334884468,140
"142",2018,8,6.68655737704918,61,7.02619047619048,5.93578947368421,5.32,8,6.61862068965517,42,19,4,3,58,7415,4426,2989,515,1125,6290,6.80932689952799,7.19828490962494,6.23337234861158,6.07135922330097,6.74511467555556,6.82081159777425,141
"143",2018,9,6.64166666666667,60,6.90697674418605,5.97058823529412,7,7.125,6.60714285714286,43,17,2,4,56,7475,4469,3006,517,1129,6346,6.80798113177258,7.19548198925934,6.23188621091151,6.07495164410058,6.74646059344553,6.81892608729909,142
"144",2018,10,6.50838709677419,62,6.82904761904762,5.835,5.25,7.35714285714286,6.26083333333333,42,20,2,14,48,7537,4511,3026,519,1143,6394,6.80551664588033,7.19207027488362,6.22926303701256,6.07177263969172,6.75394051618548,6.81473646387238,143
"145",2018,11,6.56507936507936,63,6.95526315789474,5.972,5.075,6.75555555555556,6.53333333333333,38,25,4,9,54,7600,4549,3051,523,1152,6448,6.80352354736842,7.19009211035392,6.22715501474926,6.06414913957935,6.75395313368056,6.81237979993797,144
"146",2018,12,6.55585581081081,74,6.82121204545455,6.16666666666667,6.5,6.52222222222222,6.56051276923077,44,30,4,9,65,7674,4593,3081,527,1161,6513,6.80113529971332,7.18655831482691,6.22656603375527,6.06745730550285,6.75215677002584,6.80986615691694,145
"147",2019,1,6.2982,100,6.54575757575758,5.81764705882353,4.92222222222222,7,6.26895833333333,66,34,9,4,96,7774,4659,3115,536,1165,6609,6.79466584641111,7.17748064820777,6.22210271268058,6.0482276119403,6.75300773390558,6.80200912089575,146
"148",2019,2,6.32211538461539,52,6.55454545454545,5.91842105263158,6,4.5,6.395,33,19,4,2,50,7826,4692,3134,540,1167,6659,6.79152597623307,7.17309939045183,6.22026163050415,6.04787037037037,6.74914653813196,6.79895303799369,147
"149",2019,3,6.92361859375,64,7.24685431818182,6.2125,6,5.77359833333333,7.04258620689655,44,20,1,6,58,7890,4736,3154,541,1173,6717,6.79259744993663,7.17378461359797,6.22021241280913,6.04778188539741,6.74415652173913,6.80105676343606,148
"150",2019,4,6.98,50,7.24390243902439,5.77777777777778,5.66666666666667,6.15,7.1875,41,9,3,10,40,7940,4777,3163,544,1183,6757,6.79377756675063,7.1743864203475,6.21895350932659,6.04568014705882,6.73913406593407,6.8033444250407,149
"151",2019,5,6.2975,56,6.96068965517241,5.58518518518519,6.13333333333333,5.66666666666667,6.3732,29,27,3,6,50,7996,4806,3190,547,1189,6807,6.79030188594297,7.17309694756554,6.21358932601881,6.04616087751371,6.73372211942809,6.80018485088879,150
"152",2019,6,6.41333333333333,60,6.759375,6.01785714285714,8,6,6.44285714285714,32,28,1,4,56,8056,4838,3218,548,1193,6863,6.78749427507448,7.17036046506821,6.21188624922312,6.04972627737226,6.73126202849958,6.79726916508816,151
"153",2019,7,6.56236363636364,55,7.01675,5.35066666666667,5,6.23857142857143,6.60958333333333,40,15,2,7,48,8111,4878,3233,550,1200,6911,6.78596768339292,7.16910084665847,6.20789048871018,6.04590909090909,6.728388,6.79596560266242,152
"154",2019,8,6.13666666666667,54,6.58705882352941,5.371,6.25,4.405,6.2752,34,20,4,4,50,8165,4912,3253,554,1204,6961,6.78167346968769,7.16507205415309,6.20274514294497,6.04738267148015,6.72066910299003,6.79222500790117,153
"155",2019,9,6.36492753623188,69,6.61772727272727,5.92,6.33333333333333,5.66666666666667,6.43142857142857,44,25,3,6,63,8234,4956,3278,557,1210,7024,6.77818118532912,7.16021265738499,6.20058875838926,6.04892280071813,6.7154426446281,6.78898893507973,154
"156",2019,10,6.56289333333333,75,6.74807692307692,6.14421739130435,7,5.414625,6.7,52,23,1,8,67,8309,5008,3301,558,1218,7091,6.77623792032736,7.15593329273163,6.20019598606483,6.05062724014337,6.7068986863711,6.78814811451136,155
"157",2019,11,6.40547368421053,95,6.80542372881356,5.75,5.11111111111111,5.58333333333333,6.52433734939759,59,36,9,12,83,8404,5067,3337,567,1230,7174,6.77204674916706,7.15185196960726,6.19533921186695,6.03571428571429,6.69593707317073,6.78509594089769,156
"158",2019,12,6.63010103896104,77,7.02904045454545,6.09818181818182,5.51,6.58333333333333,6.63405323943662,44,33,4,6,71,8481,5111,3370,571,1236,7245,6.77075800731046,7.15079469966738,6.1943878189911,6.03203152364273,6.69539045307443,6.78361574327122,157
"159",2020,1,6.50377049180328,122,7.05922077922078,5.55333333333333,6.07142857142857,6.55555555555556,6.49964601769912,77,45,7,9,113,8603,5188,3415,578,1245,7358,6.76697183075671,7.14943556476484,6.18594054172767,6.03250865051903,6.69437959839357,6.77925469692852,158
"160",2020,2,6.88350452380952,84,7.17298872727273,6.33448275862069,6,7.6,6.80808394736842,55,29,2,8,76,8687,5243,3444,580,1253,7434,6.76809865776448,7.14968264161739,6.18719133275261,6.03239655172414,6.70016169193934,6.77954942695723,159
"161",2020,3,6.24872544117647,68,6.61572641025641,5.7551724137931,4.8,5.84285714285714,6.29530049180328,39,29,5,7,61,8755,5282,3473,585,1260,7495,6.7640646910337,7.14574014009845,6.18358391880219,6.02186324786325,6.69539888888889,6.77560824149433,160
"162",2020,4,6.54916666666667,72,6.99142857142857,5.93,3,6,6.60830769230769,42,30,3,7,65,8827,5324,3503,588,1267,7560,6.76231181262037,7.14452280616078,6.18141220382529,6.00644557823129,6.69155690607735,6.77416981084656,161
"163",2020,5,6.63012048192771,83,6.79375,6.40571428571429,6.07777777777778,6.24285714285714,6.66578947368421,48,35,9,7,76,8910,5372,3538,597,1274,7636,6.7610804006734,7.14138857408786,6.18363113340871,6.00752093802345,6.68909152276295,6.77309111707701,162
"164",2020,6,6.66323529411765,68,7.11276595744681,5.65714285714286,4.7,6.15714285714286,6.72131147540984,47,21,4,7,61,8978,5419,3559,601,1281,7697,6.7603393149922,7.14114032478317,6.18052457150885,5.99881863560732,6.68618469945355,6.77268075483955,163
"165",2020,7,6.8156862745098,51,6.91621621621622,6.55,6,5.6,6.97777777777778,37,14,2,6,45,9029,5456,3573,603,1287,7742,6.76065194041422,7.13961499633431,6.18197227819759,5.99882255389718,6.6811209013209,6.77387287135108,164
"166",2020,8,6.84308325,80,6.89119035714286,6.73083333333333,7.5,6.95,6.82780942857143,56,24,1,10,70,9109,5512,3597,604,1297,7812,6.76137589526842,7.13709108853411,6.18563440366973,6.00130794701987,6.68319398612182,6.77435617383513,165
"167",2020,9,5.88805970149254,67,6.4125,5.11111111111111,5.4,4.57142857142857,6.04166666666667,40,27,5,7,60,9176,5552,3624,609,1304,7872,6.75499924040976,7.13187069164265,6.17762884933775,5.9963711001642,6.67185782208589,6.76877165015244,166
"168",2020,10,6.6749122368421,76,7.01262404255319,6.12758620689655,4.5,5.9,6.71796291666667,47,29,2,4,72,9252,5599,3653,611,1308,7944,6.75434137051448,7.13086969280229,6.1772315767862,5.99147299509002,6.66949740061162,6.76831114803626,167
"169",2020,11,6.52708860759494,79,6.70296296296296,6.1472,5.5,6.3,6.54916666666667,54,25,2,7,72,9331,5653,3678,613,1315,8016,6.75241735719644,7.12678213514948,6.17702744698206,5.98986949429038,6.66753049429658,6.76634278443114,168
"170",2020,12,6.32269757142857,70,7.05582512195122,5.28620689655172,5.91666666666667,6.27272727272727,6.33201406779661,41,29,6,11,59,9401,5694,3707,619,1326,8075,6.74921765663227,7.12627120477696,6.17005852441327,5.98915993537965,6.66425535444947,6.76316936099072,169
"171",2021,1,6.79729166666667,96,6.95818181818182,6.44333333333333,6.4125,6.78571428571429,6.79820224719101,66,30,8,7,89,9497,5760,3737,627,1333,8164,6.74970361061388,7.12434518055556,6.17225232807065,5.99456140350877,6.66489317329332,6.76355127266046,170
"172",2021,2,6.40804347826087,46,6.84083333333333,4.85,3.75,6.16666666666667,6.42488372093023,36,10,4,3,43,9543,5796,3747,631,1336,8207,6.74805671067798,7.12258423740511,6.16872349879904,5.98033280507132,6.66377440119761,6.76177684781285,171
"173",2021,3,6.55877192982456,57,7.1025641025641,5.38055555555556,4,7.15,6.50192307692308,39,18,1,5,52,9600,5835,3765,632,1341,8259,6.74693283229167,7.12245042673522,6.16495536520584,5.97719936708861,6.66558732289336,6.76014076643662,172
"174",2021,4,6.34,55,7.02,5.15,NA,5.03333333333333,6.5,35,20,0,6,49,9655,5870,3785,632,1347,8308,6.74461472708441,7.12183956388415,6.15959232496698,5.97719936708861,6.65831670378619,6.75860647448243,173
"175",2021,5,6.44304087719298,57,6.77215676470588,5.95652173913043,4.875,5.98333333333333,6.49712411764706,34,23,4,6,51,9712,5904,3808,636,1353,8359,6.74284478171334,7.11982580792683,6.15836579569328,5.97026729559749,6.65532342941611,6.75701111616222,174
"176",2021,6,5.98085106382979,47,6.12857142857143,5.76315789473684,4.9,6.5,5.93255813953488,28,19,5,4,43,9759,5932,3827,641,1357,8402,6.7391749687468,7.11514692683749,6.15640369741312,5.96191887675507,6.65486558585114,6.75279170673649,175
"177",2021,7,6.17698113207547,53,6.35,5.8915,6,5.16666666666667,6.2376,33,20,2,3,50,9812,5965,3847,643,1360,8452,6.73613825112108,7.11091392623638,6.15502650116974,5.96203732503888,6.65158279411765,6.74974395646001,176
"178",2021,8,6.66920111111111,63,7.07016675,5.97186956521739,6.5,5.70883333333333,6.77029245614035,40,23,4,6,57,9875,6005,3870,647,1366,8509,6.73571120911392,7.11064250457952,6.15393797157623,5.96536321483771,6.64744187408492,6.74988160653426,177
"179",2021,9,6.19807692307692,52,6.55483870967742,5.67142857142857,5,7.5,6.05957446808511,31,21,4,5,47,9927,6036,3891,651,1371,8556,6.7328949521507,7.1077879787939,6.15133383448985,5.95943164362519,6.65055113056164,6.7460895967742,178
"180",2021,10,6.19516129032258,62,6.88484848484848,5.41034482758621,6.08333333333333,6.16,6.19824561403509,33,29,6,5,57,9989,6069,3920,657,1376,8613,6.72955733206527,7.10657575218322,6.14585202806122,5.96056316590563,6.64876860465116,6.74246401834437,179
"181",2021,11,6.32439397727273,88,6.61804603448276,5.75666666666667,5.5,6.57142857142857,6.30304530864198,58,30,2,7,81,10077,6127,3950,659,1383,8694,6.72601913863253,7.10195118491921,6.14289618987342,5.95916540212443,6.64837715112075,6.73837005521049,180
"182",2021,12,6.56852685393258,89,6.86907072727273,6.08235294117647,5.575,6.6,6.56541839506173,55,34,4,8,81,10166,6182,3984,663,1391,8775,6.72464034526854,7.09987929472662,6.14237950552209,5.95684766214178,6.64809892163911,6.73677357834758,181
"183",2022,1,6.50248623853211,109,6.69784615384615,6.21388636363636,7.375,6.20588235294118,6.55729347826087,65,44,4,17,92,10275,6247,4028,667,1408,8867,6.72228367396594,7.09569614214823,6.14316061320755,5.96535232383808,6.64275965909091,6.73491137363257,182
"184",2022,2,6.57758620689655,58,6.68378378378378,6.39047619047619,7.5,6.75,6.55769230769231,37,21,3,6,52,10333,6284,4049,670,1414,8919,6.72147147488629,7.09327081476766,6.14444330698938,5.97222388059702,6.64321471004243,6.73387814216841,183
"185",2022,3,6.70461538461538,65,7.22432432432432,6.01785714285714,5.33333333333333,5.125,6.80819672131148,37,28,3,4,61,10398,6321,4077,673,1418,8980,6.72136610405847,7.09403793703528,6.14357393917096,5.96937592867757,6.63893201692525,6.73438297884187,184
"186",2022,4,6.46610169491525,59,6.75135135135135,5.98636363636364,5,6.3,6.48148148148148,37,22,1,5,54,10457,6358,4099,674,1423,9034,6.71992586305824,7.09204369298521,6.14273016589412,5.96793768545994,6.63774111033029,6.73287128071729,185
"187",2022,5,6.4775,50,7.11904761904762,6.01293103448276,6,6.875,6.4429347826087,21,29,1,4,46,10507,6379,4128,675,1427,9080,6.71877222327972,7.09213259131525,6.14181830184109,5.96798518518519,6.63840616678346,6.73140243942732,186
"188",2022,6,6.36825396825397,63,6.47435897435897,6.19583333333333,5,6.35714285714286,6.36964285714286,39,24,2,7,56,10570,6418,4152,677,1434,9136,6.71668304162725,7.08837859146151,6.14213052745665,5.96512555391433,6.63703319386332,6.72918499890543,187
"189",2022,7,6.03641509433962,53,6.975,4.60619047619048,4.365,6,6.03938775510204,32,21,2,4,49,10623,6450,4173,679,1438,9185,6.71328906617716,7.08781609302325,6.13440113826983,5.96041237113402,6.6352611961057,6.72550507893305,188
"190",2022,8,6.69166666666667,60,6.9875,6.1,7.5,6.625,6.69642857142857,40,20,4,4,56,10683,6490,4193,683,1442,9241,6.71316762613498,7.08719781201849,6.13423704984498,5.9694289897511,6.63523273231623,6.72532887674494,189
"191",2022,9,6.53157894736842,57,6.99142857142857,5.8,6.16666666666667,4.66666666666667,6.63518518518519,35,22,6,3,54,10740,6525,4215,689,1445,9295,6.71220388733706,7.08668410727969,6.132492514828,5.9711465892598,6.63114574394464,6.72480518020441,190
"192",2022,11,5.86170212765957,47,6.36,5.29545454545455,4.375,5,5.92045454545455,25,22,4,3,44,10787,6550,4237,693,1448,9339,6.70849816909242,7.08391050381679,6.12814631814963,5.96193362193363,6.62776629834254,6.72101554234929,192
"193",2022,12,6.94305555555556,72,7.12352941176471,6.5047619047619,7,7.21428571428571,6.91384615384615,51,21,4,7,65,10859,6601,4258,697,1455,9404,6.710053388894,7.08421660354492,6.13000374589009,5.96789096126256,6.63058804123711,6.72234837834964,193
